iteration,successes,reward_episode,episode_count,random_act,timestep
101,101,101,1,71,30
101,202,101,2,151,51
101,303,101,3,228,75
101,404,101,4,316,88
101,505,101,5,397,108
101,606,101,6,478,128
101,707,101,7,560,147
101,808,101,8,641,167
101,909,101,9,725,184
101,1010,101,10,800,210
101,1111,101,11,881,230
101,1212,101,12,962,250
137,1349,137,13,1076,273
101,1450,101,14,1148,302
101,1551,101,15,1233,318
117,1668,117,16,1330,338
102,1770,102,17,1412,358
101,1871,101,18,1492,379
101,1972,101,19,1580,392
101,2073,101,20,1657,416
101,2174,101,21,1739,435
101,2275,101,22,1814,461
101,2376,101,23,1894,482
101,2477,101,24,1970,507
101,2578,101,25,2052,526
105,2683,105,26,2140,543
101,2784,101,27,2218,566
101,2885,101,28,2296,589
101,2986,101,29,2378,608
101,3087,101,30,2458,629
46,3133,46,31,2496,637
101,3234,101,32,2576,658
101,3335,101,33,2662,673
36,3371,36,34,2689,682
101,3472,101,35,2761,711
101,3573,101,36,2838,735
101,3674,101,37,2914,760
53,3727,53,38,2963,764
101,3828,101,39,3045,783
57,3885,57,40,3093,792
101,3986,101,41,3174,812
101,4087,101,42,3255,832
101,4188,101,43,3335,853
101,4289,101,44,3404,885
58,4347,58,45,3453,894
101,4448,101,46,3527,921
32,4480,32,47,3558,922
101,4581,101,48,3635,946
101,4682,101,49,3715,967
32,4714,32,50,3742,972
115,4829,115,51,3834,995
101,4930,101,52,3911,1019
101,5031,101,53,3990,1041
41,5072,41,54,4030,1042
108,5180,108,55,4116,1064
101,5281,101,56,4197,1084
101,5382,101,57,4282,1100
101,5483,101,58,4367,1116
70,5553,70,59,4427,1126
137,5690,137,60,4541,1149
101,5791,101,61,4625,1166
60,5851,60,62,4674,1177
101,5952,101,63,4761,1191
101,6053,101,64,4842,1211
64,6117,64,65,4901,1216
101,6218,101,66,4978,1240
90,6308,90,67,5057,1251
101,6409,101,68,5140,1269
101,6510,101,69,5229,1281
101,6611,101,70,5307,1304
101,6712,101,71,5386,1326
101,6813,101,72,5468,1345
101,6914,101,73,5553,1361
101,7015,101,74,5635,1380
101,7116,101,75,5711,1405
106,7222,106,76,5798,1424
111,7333,111,77,5885,1448
112,7445,112,78,5973,1472
101,7546,101,79,6052,1494
101,7647,101,80,6132,1515
101,7748,101,81,6213,1535
101,7849,101,82,6289,1560
70,7919,70,83,6349,1570
98,8017,98,84,6424,1593
32,8049,32,85,6454,1595
101,8150,101,86,6531,1619
101,8251,101,87,6605,1646
101,8352,101,88,6685,1667
101,8453,101,89,6763,1690
101,8554,101,90,6842,1712
101,8655,101,91,6923,1732
101,8756,101,92,7004,1752
101,8857,101,93,7086,1771
101,8958,101,94,7167,1791
101,9059,101,95,7250,1809
101,9160,101,96,7330,1830
50,9210,50,97,7373,1837
101,9311,101,98,7452,1859
101,9412,101,99,7538,1874
101,9513,101,100,7619,1894
101,9614,101,101,7707,1907
101,9715,101,102,7782,1933
101,9816,101,103,7865,1951
101,9917,101,104,7943,1974
101,10018,101,105,8027,1991
101,10119,101,106,8111,2008
36,10155,36,107,8143,2012
101,10256,101,108,8223,2033
101,10357,101,109,8308,2049
101,10458,101,110,8386,2072
101,10559,101,111,8467,2092
101,10660,101,112,8547,2113
101,10761,101,113,8630,2131
101,10862,101,114,8711,2151
101,10963,101,115,8795,2168
32,10995,32,116,8824,2171
36,11031,36,117,8856,2175
101,11132,101,118,8944,2188
135,11267,135,119,9063,2204
101,11368,101,120,9141,2227
36,11404,36,121,9172,2232
101,11505,101,122,9251,2254
101,11606,101,123,9331,2275
32,11638,32,124,9360,2278
101,11739,101,125,9437,2302
32,11771,32,126,9465,2306
101,11872,101,127,9544,2328
101,11973,101,128,9622,2351
88,12061,88,129,9695,2366
101,12162,101,130,9769,2393
101,12263,101,131,9850,2413
106,12369,106,132,9935,2434
101,12470,101,133,10016,2454
59,12529,59,134,10068,2461
101,12630,101,135,10145,2485
101,12731,101,136,10226,2505
101,12832,101,137,10308,2524
101,12933,101,138,10391,2542
101,13034,101,139,10469,2565
101,13135,101,140,10549,2586
101,13236,101,141,10633,2603
101,13337,101,142,10711,2626
32,13369,32,143,10737,2632
101,13470,101,144,10815,2655
63,13533,63,145,10868,2665
101,13634,101,146,10946,2688
105,13739,105,147,11025,2714
120,13859,120,148,11119,2740
101,13960,101,149,11195,2765
101,14061,101,150,11278,2783
116,14177,116,151,11376,2801
101,14278,101,152,11453,2825
101,14379,101,153,11532,2847
101,14480,101,154,11615,2865
101,14581,101,155,11697,2884
101,14682,101,156,11776,2906
32,14714,32,157,11806,2908
101,14815,101,158,11885,2930
104,14919,104,159,11967,2952
101,15020,101,160,12049,2971
101,15121,101,161,12124,2997
101,15222,101,162,12208,3014
32,15254,32,163,12235,3019
101,15355,101,164,12320,3035
101,15456,101,165,12400,3056
32,15488,32,166,12428,3060
110,15598,110,167,12513,3085
101,15699,101,168,12593,3106
101,15800,101,169,12674,3126
101,15901,101,170,12757,3144
39,15940,39,171,12793,3147
101,16041,101,172,12875,3166
72,16113,72,173,12937,3176
101,16214,101,174,13017,3197
101,16315,101,175,13093,3222
101,16416,101,176,13174,3242
101,16517,101,177,13250,3267
101,16618,101,178,13329,3289
101,16719,101,179,13416,3303
103,16822,103,180,13501,3321
101,16923,101,181,13589,3334
101,17024,101,182,13659,3365
101,17125,101,183,13742,3383
101,17226,101,184,13825,3401
101,17327,101,185,13909,3418
101,17428,101,186,13986,3442
101,17529,101,187,14063,3466
49,17578,49,188,14103,3475
101,17679,101,189,14189,3490
101,17780,101,190,14264,3516
101,17881,101,191,14340,3541
101,17982,101,192,14426,3556
101,18083,101,193,14505,3578
101,18184,101,194,14591,3593
101,18285,101,195,14671,3614
79,18364,79,196,14734,3630
101,18465,101,197,14806,3659
101,18566,101,198,14891,3675
101,18667,101,199,14970,3697
108,18775,108,200,15059,3716
47,18822,47,201,15101,3721
101,18923,101,202,15181,3742
101,19024,101,203,15261,3763
101,19125,101,204,15341,3784
101,19226,101,205,15421,3805
101,19327,101,206,15504,3823
101,19428,101,207,15577,3851
101,19529,101,208,15652,3877
101,19630,101,209,15735,3895
67,19697,67,210,15792,3905
114,19811,114,211,15884,3927
50,19861,50,212,15928,3933
101,19962,101,213,16009,3953
101,20063,101,214,16090,3973
101,20164,101,215,16172,3992
101,20265,101,216,16253,4012
101,20366,101,217,16338,4028
101,20467,101,218,16416,4051
101,20568,101,219,16502,4066
101,20669,101,220,16585,4084
101,20770,101,221,16663,4107
101,20871,101,222,16740,4131
101,20972,101,223,16818,4154
61,21033,61,224,16870,4163
101,21134,101,225,16952,4182
101,21235,101,226,17029,4206
85,21320,85,227,17104,4216
110,21430,110,228,17192,4238
101,21531,101,229,17272,4259
101,21632,101,230,17351,4281
101,21733,101,231,17432,4301
101,21834,101,232,17509,4325
137,21971,137,233,17617,4354
101,22072,101,234,17700,4372
59,22131,59,235,17750,4381
101,22232,101,236,17830,4402
101,22333,101,237,17913,4420
52,22385,52,238,17957,4428
101,22486,101,239,18039,4447
118,22604,118,240,18139,4465
101,22705,101,241,18217,4488
101,22806,101,242,18298,4508
52,22858,52,243,18343,4515
101,22959,101,244,18426,4533
101,23060,101,245,18509,4551
101,23161,101,246,18592,4569
101,23262,101,247,18674,4588
101,23363,101,248,18755,4608
107,23470,107,249,18842,4628
101,23571,101,250,18924,4647
101,23672,101,251,19001,4671
101,23773,101,252,19091,4682
101,23874,101,253,19172,4702
101,23975,101,254,19256,4719
101,24076,101,255,19342,4734
101,24177,101,256,19421,4756
32,24209,32,257,19452,4757
101,24310,101,258,19533,4777
101,24411,101,259,19617,4794
101,24512,101,260,19694,4818
101,24613,101,261,19778,4835
101,24714,101,262,19861,4853
101,24815,101,263,19941,4874
101,24916,101,264,20021,4895
101,25017,101,265,20109,4908
101,25118,101,266,20189,4929
51,25169,51,267,20235,4934
101,25270,101,268,20316,4954
101,25371,101,269,20395,4976
101,25472,101,270,20481,4991
107,25579,107,271,20566,5013
101,25680,101,272,20650,5030
101,25781,101,273,20734,5047
101,25882,101,274,20814,5068
101,25983,101,275,20898,5085
111,26094,111,276,20983,5111
101,26195,101,277,21061,5134
101,26296,101,278,21140,5156
101,26397,101,279,21221,5176
56,26453,56,280,21271,5182
75,26528,75,281,21338,5190
101,26629,101,282,21419,5210
101,26730,101,283,21501,5229
101,26831,101,284,21579,5252
115,26946,115,285,21667,5279
101,27047,101,286,21753,5294
101,27148,101,287,21832,5316
32,27180,32,288,21860,5320
101,27281,101,289,21943,5338
116,27397,116,290,22037,5360
101,27498,101,291,22117,5381
101,27599,101,292,22194,5405
56,27655,56,293,22240,5415
101,27756,101,294,22322,5434
101,27857,101,295,22405,5452
101,27958,101,296,22491,5467
101,28059,101,297,22570,5489
101,28160,101,298,22650,5510
117,28277,117,299,22742,5535
107,28384,107,300,22829,5555
101,28485,101,301,22903,5582
101,28586,101,302,22982,5604
57,28643,57,303,23030,5613
101,28744,101,304,23116,5628
88,28832,88,305,23188,5644
101,28933,101,306,23257,5676
101,29034,101,307,23338,5696
75,29109,75,308,23402,5707
101,29210,101,309,23478,5732
97,29307,97,310,23553,5754
101,29408,101,311,23637,5771
101,29509,101,312,23714,5795
101,29610,101,313,23793,5817
109,29719,109,314,23882,5837
67,29786,67,315,23936,5850
104,29890,104,316,24015,5875
101,29991,101,317,24094,5897
101,30092,101,318,24182,5910
103,30195,103,319,24266,5929
101,30296,101,320,24347,5949
101,30397,101,321,24430,5967
34,30431,34,322,24458,5973
101,30532,101,323,24537,5995
101,30633,101,324,24615,6018
101,30734,101,325,24699,6035
101,30835,101,326,24779,6056
101,30936,101,327,24860,6076
101,31037,101,328,24940,6097
101,31138,101,329,25024,6114
101,31239,101,330,25102,6137
106,31345,106,331,25185,6160
112,31457,112,332,25272,6185
101,31558,101,333,25350,6208
101,31659,101,334,25439,6220
103,31762,103,335,25526,6236
101,31863,101,336,25602,6261
101,31964,101,337,25682,6282
101,32065,101,338,25757,6308
101,32166,101,339,25836,6330
101,32267,101,340,25915,6352
101,32368,101,341,25991,6377
101,32469,101,342,26072,6397
101,32570,101,343,26150,6420
101,32671,101,344,26225,6446
101,32772,101,345,26310,6462
34,32806,34,346,26341,6465
117,32923,117,347,26434,6489
101,33024,101,348,26514,6510
101,33125,101,349,26598,6527
101,33226,101,350,26677,6549
32,33258,32,351,26707,6551
101,33359,101,352,26790,6569
99,33458,99,353,26870,6588
101,33559,101,354,26949,6610
101,33660,101,355,27026,6634
32,33692,32,356,27053,6639
101,33793,101,357,27132,6661
101,33894,101,358,27215,6679
101,33995,101,359,27289,6706
101,34096,101,360,27370,6726
101,34197,101,361,27453,6744
101,34298,101,362,27535,6763
101,34399,101,363,27616,6783
60,34459,60,364,27670,6789
101,34560,101,365,27753,6807
101,34661,101,366,27834,6827
101,34762,101,367,27912,6850
109,34871,109,368,27999,6872
101,34972,101,369,28081,6891
101,35073,101,370,28161,6912
101,35174,101,371,28244,6930
101,35275,101,372,28320,6955
101,35376,101,373,28402,6974
101,35477,101,374,28485,6992
101,35578,101,375,28569,7009
101,35679,101,376,28651,7028
105,35784,105,377,28738,7046
101,35885,101,378,28818,7067
101,35986,101,379,28898,7088
104,36090,104,380,28985,7105
101,36191,101,381,29066,7125
101,36292,101,382,29145,7147
101,36393,101,383,29222,7171
101,36494,101,384,29293,7201
85,36579,85,385,29364,7215
68,36647,68,386,29423,7224
101,36748,101,387,29506,7242
101,36849,101,388,29588,7261
39,36888,39,389,29621,7267
101,36989,101,390,29704,7285
101,37090,101,391,29789,7301
101,37191,101,392,29868,7323
101,37292,101,393,29944,7348
101,37393,101,394,30027,7366
52,37445,52,395,30073,7372
101,37546,101,396,30148,7398
101,37647,101,397,30228,7419
101,37748,101,398,30303,7445
101,37849,101,399,30382,7467
101,37950,101,400,30464,7486
88,38038,88,401,30537,7501
101,38139,101,402,30616,7523
101,38240,101,403,30702,7538
101,38341,101,404,30783,7558
101,38442,101,405,30867,7575
101,38543,101,406,30948,7595
101,38644,101,407,31027,7617
102,38746,102,408,31111,7635
101,38847,101,409,31191,7656
101,38948,101,410,31268,7680
101,39049,101,411,31344,7705
101,39150,101,412,31422,7728
101,39251,101,413,31503,7748
101,39352,101,414,31585,7767
109,39461,109,415,31672,7789
101,39562,101,416,31754,7808
95,39657,95,417,31837,7820
96,39753,96,418,31919,7834
102,39855,102,419,31999,7856
101,39956,101,420,32080,7876
101,40057,101,421,32162,7895
101,40158,101,422,32241,7917
101,40259,101,423,32324,7935
105,40364,105,424,32403,7961
101,40465,101,425,32483,7982
101,40566,101,426,32560,8006
101,40667,101,427,32643,8024
101,40768,101,428,32726,8042
101,40869,101,429,32801,8068
101,40970,101,430,32875,8095
101,41071,101,431,32951,8120
101,41172,101,432,33032,8140
115,41287,115,433,33125,8162
104,41391,104,434,33208,8183
101,41492,101,435,33293,8199
101,41593,101,436,33372,8221
101,41694,101,437,33451,8243
101,41795,101,438,33534,8261
101,41896,101,439,33603,8293
101,41997,101,440,33683,8314
101,42098,101,441,33769,8329
101,42199,101,442,33851,8348
38,42237,38,443,33884,8353
101,42338,101,444,33965,8373
63,42401,63,445,34020,8381
105,42506,105,446,34107,8399
101,42607,101,447,34188,8419
101,42708,101,448,34269,8439
58,42766,58,449,34315,8451
101,42867,101,450,34399,8468
137,43004,137,451,34503,8501
109,43113,109,452,34590,8523
101,43214,101,453,34666,8548
101,43315,101,454,34747,8568
36,43351,36,455,34780,8571
101,43452,101,456,34868,8584
101,43553,101,457,34954,8599
101,43654,101,458,35031,8623
39,43693,39,459,35064,8629
112,43805,112,460,35156,8649
101,43906,101,461,35233,8673
101,44007,101,462,35313,8694
101,44108,101,463,35390,8718
101,44209,101,464,35468,8741
101,44310,101,465,35546,8764
101,44411,101,466,35637,8774
101,44512,101,467,35718,8794
101,44613,101,468,35805,8808
101,44714,101,469,35880,8834
32,44746,32,470,35908,8838
101,44847,101,471,35987,8860
101,44948,101,472,36070,8878
101,45049,101,473,36149,8900
101,45150,101,474,36232,8918
101,45251,101,475,36317,8934
101,45352,101,476,36402,8950
101,45453,101,477,36482,8971
101,45554,101,478,36565,8989
101,45655,101,479,36645,9010
101,45756,101,480,36727,9029
101,45857,101,481,36810,9047
101,45958,101,482,36893,9065
106,46064,106,483,36979,9085
105,46169,105,484,37069,9100
101,46270,101,485,37149,9121
101,46371,101,486,37226,9145
101,46472,101,487,37311,9161
101,46573,101,488,37397,9176
101,46674,101,489,37485,9189
117,46791,117,490,37579,9212
101,46892,101,491,37657,9235
101,46993,101,492,37736,9257
101,47094,101,493,37818,9276
101,47195,101,494,37903,9292
101,47296,101,495,37978,9318
101,47397,101,496,38056,9341
101,47498,101,497,38135,9363
41,47539,41,498,38169,9370
105,47644,105,499,38261,9383
96,47740,96,500,38340,9400
101,47841,101,501,38420,9421
101,47942,101,502,38500,9442
101,48043,101,503,38577,9466
101,48144,101,504,38657,9487
32,48176,32,505,38685,9491
101,48277,101,506,38773,9504
101,48378,101,507,38858,9520
101,48479,101,508,38937,9542
109,48588,109,509,39030,9558
103,48691,103,510,39119,9572
101,48792,101,511,39200,9592
107,48899,107,512,39286,9613
101,49000,101,513,39367,9633
32,49032,32,514,39393,9639
101,49133,101,515,39476,9657
101,49234,101,516,39552,9682
32,49266,32,517,39579,9687
101,49367,101,518,39658,9709
101,49468,101,519,39744,9724
51,49519,51,520,39788,9731
101,49620,101,521,39870,9750
101,49721,101,522,39954,9767
109,49830,109,523,40038,9792
104,49934,104,524,40127,9807
101,50035,101,525,40209,9826
101,50136,101,526,40284,9852
101,50237,101,527,40363,9874
106,50343,106,528,40449,9894
101,50444,101,529,40530,9914
101,50545,101,530,40615,9930
101,50646,101,531,40692,9954
101,50747,101,532,40777,9970
101,50848,101,533,40856,9992
101,50949,101,534,40935,10014
101,51050,101,535,41005,10045
101,51151,101,536,41085,10066
101,51252,101,537,41166,10086
101,51353,101,538,41247,10106
32,51385,32,539,41275,10110
113,51498,113,540,41369,10129
101,51599,101,541,41444,10155
101,51700,101,542,41533,10167
115,51815,115,543,41626,10189
101,51916,101,544,41701,10215
101,52017,101,545,41779,10238
101,52118,101,546,41859,10259
83,52201,83,547,41925,10276
101,52302,101,548,42000,10302
101,52403,101,549,42088,10315
137,52540,137,550,42201,10339
101,52641,101,551,42287,10354
101,52742,101,552,42369,10373
101,52843,101,553,42447,10396
32,52875,32,554,42476,10399
101,52976,101,555,42557,10419
101,53077,101,556,42636,10441
107,53184,107,557,42723,10461
101,53285,101,558,42801,10484
101,53386,101,559,42879,10507
101,53487,101,560,42957,10530
101,53588,101,561,43038,10550
101,53689,101,562,43117,10572
101,53790,101,563,43205,10585
101,53891,101,564,43284,10607
101,53992,101,565,43358,10634
100,54092,100,566,43444,10648
32,54124,32,567,43471,10653
60,54184,60,568,43519,10665
101,54285,101,569,43605,10680
103,54388,103,570,43683,10705
101,54489,101,571,43763,10726
48,54537,48,572,43804,10733
101,54638,101,573,43875,10763
101,54739,101,574,43955,10784
101,54840,101,575,44038,10802
32,54872,32,576,44065,10807
101,54973,101,577,44145,10828
101,55074,101,578,44226,10848
101,55175,101,579,44305,10870
101,55276,101,580,44388,10888
101,55377,101,581,44465,10912
70,55447,70,582,44527,10920
46,55493,46,583,44567,10926
101,55594,101,584,44654,10940
101,55695,101,585,44738,10957
121,55816,121,586,44831,10985
101,55917,101,587,44912,11005
101,56018,101,588,44991,11027
108,56126,108,589,45081,11045
101,56227,101,590,45156,11071
101,56328,101,591,45240,11088
101,56429,101,592,45321,11108
101,56530,101,593,45400,11130
101,56631,101,594,45482,11149
103,56734,103,595,45561,11173
108,56842,108,596,45647,11195
38,56880,38,597,45677,11203
101,56981,101,598,45757,11224
41,57022,41,599,45793,11229
101,57123,101,600,45872,11251
106,57229,106,601,45958,11271
101,57330,101,602,46038,11292
101,57431,101,603,46121,11310
107,57538,107,604,46213,11325
111,57649,111,605,46304,11345
101,57750,101,606,46380,11370
101,57851,101,607,46462,11389
101,57952,101,608,46542,11410
108,58060,108,609,46624,11436
101,58161,101,610,46708,11453
101,58262,101,611,46792,11470
101,58363,101,612,46875,11488
101,58464,101,613,46965,11499
101,58565,101,614,47043,11522
101,58666,101,615,47124,11542
55,58721,55,616,47170,11551
101,58822,101,617,47250,11572
101,58923,101,618,47330,11593
32,58955,32,619,47359,11596
101,59056,101,620,47435,11621
32,59088,32,621,47463,11625
101,59189,101,622,47541,11648
101,59290,101,623,47623,11667
101,59391,101,624,47702,11689
101,59492,101,625,47779,11713
107,59599,107,626,47868,11731
101,59700,101,627,47952,11748
102,59802,102,628,48028,11774
108,59910,108,629,48109,11801
101,60011,101,630,48186,11825
32,60043,32,631,48216,11827
101,60144,101,632,48291,11853
101,60245,101,633,48372,11873
101,60346,101,634,48452,11894
101,60447,101,635,48526,11921
101,60548,101,636,48599,11949
101,60649,101,637,48681,11968
101,60750,101,638,48763,11987
109,60859,109,639,48848,12011
101,60960,101,640,48923,12037
101,61061,101,641,49005,12056
101,61162,101,642,49089,12073
101,61263,101,643,49166,12097
101,61364,101,644,49250,12114
101,61465,101,645,49336,12129
32,61497,32,646,49363,12134
53,61550,53,647,49405,12145
64,61614,64,648,49459,12155
101,61715,101,649,49538,12177
107,61822,107,650,49621,12201
81,61903,81,651,49683,12220
41,61944,41,652,49717,12227
101,62045,101,653,49795,12250
101,62146,101,654,49878,12268
79,62225,79,655,49943,12282
51,62276,51,656,49988,12288
101,62377,101,657,50063,12314
51,62428,51,658,50106,12322
101,62529,101,659,50184,12345
102,62631,102,660,50267,12364
101,62732,101,661,50346,12386
101,62833,101,662,50431,12402
101,62934,101,663,50509,12425
101,63035,101,664,50589,12446
101,63136,101,665,50674,12462
101,63237,101,666,50756,12481
101,63338,101,667,50838,12500
101,63439,101,668,50914,12525
108,63547,108,669,51006,12541
101,63648,101,670,51084,12564
101,63749,101,671,51162,12587
32,63781,32,672,51190,12591
101,63882,101,673,51270,12612
103,63985,103,674,51360,12625
101,64086,101,675,51441,12645
101,64187,101,676,51514,12673
101,64288,101,677,51595,12693
109,64397,109,678,51684,12713
101,64498,101,679,51758,12740
101,64599,101,680,51839,12760
101,64700,101,681,51918,12782
101,64801,101,682,51991,12810
101,64902,101,683,52076,12826
101,65003,101,684,52165,12838
101,65104,101,685,52246,12858
121,65225,121,686,52342,12883
101,65326,101,687,52416,12910
101,65427,101,688,52498,12929
101,65528,101,689,52577,12951
111,65639,111,690,52663,12976
101,65740,101,691,52748,12992
101,65841,101,692,52828,13013
101,65942,101,693,52908,13034
101,66043,101,694,52993,13050
101,66144,101,695,53081,13063
67,66211,67,696,53134,13077
101,66312,101,697,53214,13098
101,66413,101,698,53294,13119
32,66445,32,699,53322,13123
101,66546,101,700,53401,13145
101,66647,101,701,53483,13164
101,66748,101,702,53563,13185
115,66863,115,703,53657,13206
101,66964,101,704,53742,13222
101,67065,101,705,53822,13243
101,67166,101,706,53899,13267
95,67261,95,707,53983,13278
101,67362,101,708,54055,13307
32,67394,32,709,54085,13309
101,67495,101,710,54166,13329
101,67596,101,711,54250,13346
101,67697,101,712,54327,13370
101,67798,101,713,54404,13394
101,67899,101,714,54483,13416
101,68000,101,715,54563,13437
32,68032,32,716,54591,13441
101,68133,101,717,54674,13459
101,68234,101,718,54754,13480
101,68335,101,719,54824,13511
32,68367,32,720,54855,13512
101,68468,101,721,54936,13532
101,68569,101,722,55012,13557
101,68670,101,723,55090,13580
101,68771,101,724,55174,13597
101,68872,101,725,55248,13624
107,68979,107,726,55335,13644
101,69080,101,727,55420,13660
101,69181,101,728,55498,13683
101,69282,101,729,55583,13699
101,69383,101,730,55659,13724
101,69484,101,731,55732,13752
58,69542,58,732,55780,13762
101,69643,101,733,55862,13781
66,69709,66,734,55920,13789
101,69810,101,735,56001,13809
101,69911,101,736,56085,13826
101,70012,101,737,56164,13848
101,70113,101,738,56246,13867
101,70214,101,739,56326,13888
101,70315,101,740,56404,13911
101,70416,101,741,56485,13931
101,70517,101,742,56557,13960
101,70618,101,743,56631,13987
101,70719,101,744,56706,14013
101,70820,101,745,56790,14030
67,70887,67,746,56848,14039
114,71001,114,747,56941,14060
49,71050,49,748,56981,14069
101,71151,101,749,57064,14087
101,71252,101,750,57145,14107
101,71353,101,751,57222,14131
101,71454,101,752,57299,14155
101,71555,101,753,57380,14175
106,71661,106,754,57471,14190
101,71762,101,755,57546,14216
57,71819,57,756,57595,14224
61,71880,61,757,57646,14234
101,71981,101,758,57718,14263
90,72071,90,759,57790,14281
101,72172,101,760,57869,14303
101,72273,101,761,57955,14318
101,72374,101,762,58038,14336
101,72475,101,763,58123,14352
102,72577,102,764,58198,14379
101,72678,101,765,58274,14404
101,72779,101,766,58353,14426
101,72880,101,767,58431,14449
101,72981,101,768,58515,14466
101,73082,101,769,58592,14490
51,73133,51,770,58639,14494
101,73234,101,771,58720,14514
108,73342,108,772,58807,14535
101,73443,101,773,58892,14551
101,73544,101,774,58973,14571
101,73645,101,775,59056,14589
101,73746,101,776,59137,14609
137,73883,137,777,59254,14629
139,74022,139,778,59364,14658
101,74123,101,779,59440,14683
101,74224,101,780,59519,14705
109,74333,109,781,59612,14721
101,74434,101,782,59689,14745
101,74535,101,783,59770,14765
101,74636,101,784,59848,14788
101,74737,101,785,59933,14804
101,74838,101,786,60012,14826
101,74939,101,787,60087,14852
101,75040,101,788,60168,14872
101,75141,101,789,60252,14889
119,75260,119,790,60354,14906
32,75292,32,791,60381,14911
101,75393,101,792,60462,14931
101,75494,101,793,60544,14950
101,75595,101,794,60625,14970
116,75711,116,795,60722,14989
101,75812,101,796,60801,15011
101,75913,101,797,60883,15030
101,76014,101,798,60964,15050
101,76115,101,799,61043,15072
101,76216,101,800,61125,15091
101,76317,101,801,61204,15113
101,76418,101,802,61285,15133
43,76461,43,803,61321,15140
101,76562,101,804,61403,15159
101,76663,101,805,61482,15181
113,76776,113,806,61574,15202
100,76876,100,807,61660,15216
101,76977,101,808,61744,15233
111,77088,111,809,61831,15257
101,77189,101,810,61905,15284
101,77290,101,811,61987,15303
101,77391,101,812,62072,15319
101,77492,101,813,62150,15342
101,77593,101,814,62236,15357
115,77708,115,815,62327,15381
58,77766,58,816,62376,15390
101,77867,101,817,62460,15407
101,77968,101,818,62542,15426
101,78069,101,819,62624,15445
101,78170,101,820,62709,15461
101,78271,101,821,62786,15485
101,78372,101,822,62875,15497
101,78473,101,823,62959,15514
101,78574,101,824,63037,15537
121,78695,121,825,63137,15558
101,78796,101,826,63222,15574
72,78868,72,827,63281,15587
101,78969,101,828,63362,15607
101,79070,101,829,63445,15625
101,79171,101,830,63522,15649
107,79278,107,831,63605,15673
101,79379,101,832,63687,15692
101,79480,101,833,63775,15705
101,79581,101,834,63858,15723
101,79682,101,835,63934,15748
116,79798,116,836,64032,15766
101,79899,101,837,64107,15792
101,80000,101,838,64181,15819
101,80101,101,839,64268,15833
101,80202,101,840,64344,15858
101,80303,101,841,64421,15882
101,80404,101,842,64502,15902
101,80505,101,843,64589,15916
87,80592,87,844,64662,15930
121,80713,121,845,64764,15949
101,80814,101,846,64843,15971
101,80915,101,847,64924,15991
60,80975,60,848,64971,16004
101,81076,101,849,65054,16022
101,81177,101,850,65132,16045
101,81278,101,851,65211,16067
101,81379,101,852,65297,16082
101,81480,101,853,65368,16112
109,81589,109,854,65459,16130
101,81690,101,855,65544,16146
101,81791,101,856,65621,16170
101,81892,101,857,65704,16188
101,81993,101,858,65789,16204
104,82097,104,859,65874,16223
115,82212,115,860,65966,16246
101,82313,101,861,66047,16266
101,82414,101,862,66127,16287
101,82515,101,863,66200,16315
101,82616,101,864,66275,16341
81,82697,81,865,66344,16353
101,82798,101,866,66423,16375
101,82899,101,867,66504,16395
101,83000,101,868,66588,16412
101,83101,101,869,66672,16429
101,83202,101,870,66747,16455
101,83303,101,871,66826,16477
101,83404,101,872,66903,16501
101,83505,101,873,66982,16523
81,83586,81,874,67048,16538
101,83687,101,875,67128,16559
101,83788,101,876,67205,16583
101,83889,101,877,67288,16601
103,83992,103,878,67374,16618
101,84093,101,879,67458,16635
101,84194,101,880,67530,16664
101,84295,101,881,67603,16692
101,84396,101,882,67682,16714
101,84497,101,883,67763,16734
101,84598,101,884,67849,16749
101,84699,101,885,67929,16770
101,84800,101,886,68006,16794
101,84901,101,887,68086,16815
97,84998,97,888,68169,16829
101,85099,101,889,68255,16844
101,85200,101,890,68338,16862
97,85297,97,891,68420,16877
101,85398,101,892,68497,16901
101,85499,101,893,68582,16917
101,85600,101,894,68663,16937
101,85701,101,895,68743,16958
101,85802,101,896,68823,16979
101,85903,101,897,68893,17010
57,85960,57,898,68939,17021
101,86061,101,899,69018,17043
101,86162,101,900,69098,17064
106,86268,106,901,69180,17088
101,86369,101,902,69260,17109
101,86470,101,903,69342,17128
32,86502,32,904,69372,17130
101,86603,101,905,69452,17151
87,86690,87,906,69521,17169
101,86791,101,907,69610,17181
32,86823,32,908,69636,17187
101,86924,101,909,69713,17211
101,87025,101,910,69790,17235
101,87126,101,911,69870,17256
107,87233,107,912,69963,17270
101,87334,101,913,70040,17294
101,87435,101,914,70123,17312
101,87536,101,915,70204,17332
101,87637,101,916,70286,17351
101,87738,101,917,70375,17363
101,87839,101,918,70447,17392
101,87940,101,919,70531,17409
101,88041,101,920,70618,17423
101,88142,101,921,70703,17439
101,88243,101,922,70783,17460
101,88344,101,923,70864,17480
137,88481,137,924,70977,17504
101,88582,101,925,71057,17525
101,88683,101,926,71140,17543
101,88784,101,927,71220,17564
101,88885,101,928,71304,17581
101,88986,101,929,71387,17599
101,89087,101,930,71471,17616
101,89188,101,931,71548,17640
79,89267,79,932,71615,17652
101,89368,101,933,71691,17677
101,89469,101,934,71767,17702
101,89570,101,935,71846,17724
101,89671,101,936,71924,17747
101,89772,101,937,72010,17762
32,89804,32,938,72038,17766
101,89905,101,939,72113,17792
101,90006,101,940,72191,17815
101,90107,101,941,72266,17841
101,90208,101,942,72345,17863
101,90309,101,943,72422,17887
101,90410,101,944,72501,17909
101,90511,101,945,72582,17929
101,90612,101,946,72654,17958
101,90713,101,947,72734,17979
101,90814,101,948,72815,17999
101,90915,101,949,72891,18024
103,91018,103,950,72970,18048
137,91155,137,951,73083,18072
101,91256,101,952,73160,18096
101,91357,101,953,73247,18110
101,91458,101,954,73320,18138
101,91559,101,955,73400,18159
48,91607,48,956,73442,18165
101,91708,101,957,73522,18186
101,91809,101,958,73603,18206
101,91910,101,959,73688,18222
101,92011,101,960,73769,18242
101,92112,101,961,73848,18264
101,92213,101,962,73923,18290
101,92314,101,963,74001,18313
101,92415,101,964,74081,18334
101,92516,101,965,74162,18354
112,92628,112,966,74251,18377
32,92660,32,967,74281,18379
101,92761,101,968,74358,18403
101,92862,101,969,74437,18425
101,92963,101,970,74524,18439
101,93064,101,971,74599,18465
101,93165,101,972,74676,18489
101,93266,101,973,74752,18514
101,93367,101,974,74835,18532
101,93468,101,975,74915,18553
113,93581,113,976,75007,18574
101,93682,101,977,75082,18600
101,93783,101,978,75157,18626
108,93891,108,979,75245,18646
101,93992,101,980,75324,18668
101,94093,101,981,75396,18697
101,94194,101,982,75484,18710
101,94295,101,983,75565,18730
51,94346,51,984,75608,18738
101,94447,101,985,75687,18760
101,94548,101,986,75760,18788
86,94634,86,987,75830,18804
101,94735,101,988,75915,18820
101,94836,101,989,75992,18844
32,94868,32,990,76019,18849
101,94969,101,991,76102,18867
101,95070,101,992,76186,18884
101,95171,101,993,76260,18911
101,95272,101,994,76334,18938
32,95304,32,995,76363,18941
101,95405,101,996,76447,18958
101,95506,101,997,76524,18982
101,95607,101,998,76604,19003
101,95708,101,999,76688,19020
94,95802,94,1000,76764,19038
101,95903,101,1001,76840,19063
101,96004,101,1002,76923,19081
101,96105,101,1003,77003,19102
51,96156,51,1004,77047,19109
101,96257,101,1005,77121,19136
101,96358,101,1006,77203,19155
101,96459,101,1007,77280,19179
101,96560,101,1008,77360,19200
101,96661,101,1009,77441,19220
105,96766,105,1010,77523,19243
88,96854,88,1011,77596,19258
101,96955,101,1012,77675,19280
101,97056,101,1013,77751,19305
109,97165,109,1014,77841,19324
101,97266,101,1015,77921,19345
53,97319,53,1016,77964,19355
101,97420,101,1017,78043,19377
101,97521,101,1018,78125,19396
101,97622,101,1019,78207,19415
101,97723,101,1020,78291,19432
101,97824,101,1021,78366,19458
101,97925,101,1022,78451,19474
101,98026,101,1023,78530,19496
101,98127,101,1024,78606,19521
101,98228,101,1025,78689,19539
101,98329,101,1026,78768,19561
101,98430,101,1027,78855,19575
101,98531,101,1028,78936,19595
80,98611,80,1029,79007,19604
101,98712,101,1030,79084,19628
101,98813,101,1031,79163,19650
101,98914,101,1032,79245,19669
104,99018,104,1033,79331,19687
84,99102,84,1034,79403,19699
115,99217,115,1035,79499,19718
101,99318,101,1036,79577,19741
101,99419,101,1037,79653,19766
101,99520,101,1038,79730,19790
101,99621,101,1039,79809,19812
104,99725,104,1040,79893,19832
101,99826,101,1041,79973,19853
101,99927,101,1042,80056,19871
