iteration,successes,successes_episode,reward_episode,episode_count,random_act,timestep
4,4,0,0.0,1,3,1
14,18,0,0.0,2,11,7
11,29,0,0.0,3,19,10
11,40,0,0.0,4,27,13
8,48,0,0.0,5,32,16
9,57,0,0.0,6,37,20
7,64,0,0.0,7,42,22
20,84,0,0.0,8,55,29
3,87,0,0.0,9,57,30
7,94,0,0.0,10,64,30
15,109,1,1.0,11,77,32
4,113,1,0.0,12,78,35
23,136,1,0.0,13,82,54
7,143,1,0.0,14,84,59
4,147,1,0.0,15,84,63
4,151,1,0.0,16,84,67
4,155,1,0.0,17,84,71
17,172,1,0.0,18,87,85
4,176,1,0.0,19,88,88
13,189,1,0.0,20,91,98
4,193,1,0.0,21,91,102
4,197,1,0.0,22,91,106
5,202,1,0.0,23,91,111
7,209,1,0.0,24,91,118
4,213,1,0.0,25,92,121
3,216,1,0.0,26,92,124
16,232,1,0.0,27,94,138
3,235,1,0.0,28,94,141
2,237,1,0.0,29,95,142
13,250,1,0.0,30,96,154
2,252,1,0.0,31,97,155
7,259,1,0.0,32,98,161
2,261,1,0.0,33,98,163
9,270,1,0.0,34,100,170
4,274,1,0.0,35,101,173
9,283,1,0.0,36,102,181
4,287,1,0.0,37,102,185
6,293,1,0.0,38,102,191
3,296,1,0.0,39,102,194
4,300,1,0.0,40,103,197
3,303,1,0.0,41,103,200
4,307,1,0.0,42,104,203
13,320,1,0.0,43,107,213
2,322,1,0.0,44,107,215
5,327,1,0.0,45,108,219
4,331,1,0.0,46,108,223
10,341,1,0.0,47,108,233
6,347,1,0.0,48,109,238
3,350,1,0.0,49,109,241
5,355,1,0.0,50,109,246
17,372,1,0.0,51,114,258
9,381,2,1.0,52,114,267
8,389,2,0.0,53,114,275
4,393,2,0.0,54,114,279
6,399,2,0.0,55,114,285
2,401,2,0.0,56,114,287
11,412,2,0.0,57,114,298
7,419,2,0.0,58,114,305
4,423,2,0.0,59,115,308
5,428,2,0.0,60,115,313
14,442,2,0.0,61,116,326
15,457,2,0.0,62,116,341
12,469,2,0.0,63,116,353
5,474,2,0.0,64,116,358
11,485,2,0.0,65,116,369
3,488,2,0.0,66,116,372
7,495,2,0.0,67,116,379
15,510,2,0.0,68,116,394
9,519,2,0.0,69,116,403
12,531,2,0.0,70,116,415
6,537,2,0.0,71,116,421
5,542,2,0.0,72,116,426
4,546,2,0.0,73,116,430
3,549,2,0.0,74,116,433
6,555,2,0.0,75,116,439
4,559,2,0.0,76,116,443
3,562,2,0.0,77,116,446
11,573,2,0.0,78,116,457
5,578,2,0.0,79,116,462
6,584,2,0.0,80,116,468
7,591,2,0.0,81,116,475
5,596,2,0.0,82,116,480
3,599,2,0.0,83,116,483
7,606,2,0.0,84,116,490
13,619,2,0.0,85,116,503
9,628,2,0.0,86,116,512
4,632,2,0.0,87,116,516
11,643,2,0.0,88,116,527
28,671,2,0.0,89,117,554
7,678,2,0.0,90,117,561
16,694,2,0.0,91,118,576
2,696,2,0.0,92,118,578
8,704,2,0.0,93,118,586
9,713,2,0.0,94,118,595
6,719,2,0.0,95,118,601
10,729,2,0.0,96,118,611
13,742,2,0.0,97,119,623
10,752,2,0.0,98,119,633
2,754,2,0.0,99,119,635
7,761,2,0.0,100,119,642
6,767,2,0.0,101,119,648
5,772,2,0.0,102,119,653
3,775,2,0.0,103,119,656
6,781,2,0.0,104,119,662
3,784,2,0.0,105,119,665
12,796,2,0.0,106,119,677
13,809,2,0.0,107,119,690
6,815,2,0.0,108,119,696
19,834,2,0.0,109,119,715
4,838,2,0.0,110,119,719
22,860,2,0.0,111,119,741
3,863,2,0.0,112,119,744
9,872,2,0.0,113,119,753
2,874,2,0.0,114,119,755
4,878,2,0.0,115,119,759
14,892,2,0.0,116,119,773
9,901,2,0.0,117,121,780
7,908,2,0.0,118,121,787
6,914,2,0.0,119,121,793
17,931,3,1.0,120,121,810
4,935,3,0.0,121,121,814
6,941,3,0.0,122,121,820
5,946,3,0.0,123,121,825
14,960,3,0.0,124,121,839
21,981,3,0.0,125,121,860
5,986,3,0.0,126,121,865
4,990,3,0.0,127,121,869
12,1002,3,0.0,128,121,881
4,1006,3,0.0,129,121,885
13,1019,4,1.0,130,121,898
9,1028,4,0.0,131,121,907
4,1032,4,0.0,132,121,911
5,1037,4,0.0,133,122,915
13,1050,4,0.0,134,122,928
9,1059,4,0.0,135,122,937
6,1065,4,0.0,136,123,942
15,1080,4,0.0,137,123,957
4,1084,4,0.0,138,123,961
6,1090,4,0.0,139,123,967
11,1101,4,0.0,140,123,978
6,1107,4,0.0,141,123,984
13,1120,4,0.0,142,123,997
11,1131,4,0.0,143,123,1008
4,1135,4,0.0,144,123,1012
4,1139,4,0.0,145,123,1016
5,1144,4,0.0,146,123,1021
6,1150,4,0.0,147,123,1027
10,1160,4,0.0,148,123,1037
4,1164,4,0.0,149,123,1041
9,1173,4,0.0,150,123,1050
7,1180,4,0.0,151,123,1057
14,1194,4,0.0,152,124,1070
5,1199,4,0.0,153,124,1075
12,1211,4,0.0,154,124,1087
14,1225,4,0.0,155,124,1101
6,1231,4,0.0,156,124,1107
11,1242,4,0.0,157,124,1118
8,1250,4,0.0,158,124,1126
7,1257,4,0.0,159,124,1133
11,1268,5,1.0,160,124,1144
5,1273,5,0.0,161,124,1149
4,1277,5,0.0,162,124,1153
6,1283,5,0.0,163,124,1159
7,1290,5,0.0,164,125,1165
7,1297,5,0.0,165,125,1172
3,1300,5,0.0,166,125,1175
14,1314,5,0.0,167,125,1189
3,1317,5,0.0,168,125,1192
20,1337,5,0.0,169,125,1212
6,1343,5,0.0,170,125,1218
7,1350,5,0.0,171,125,1225
7,1357,5,0.0,172,125,1232
14,1371,5,0.0,173,125,1246
3,1374,5,0.0,174,125,1249
9,1383,5,0.0,175,125,1258
8,1391,5,0.0,176,125,1266
6,1397,5,0.0,177,125,1272
10,1407,5,0.0,178,125,1282
12,1419,5,0.0,179,125,1294
6,1425,5,0.0,180,125,1300
2,1427,5,0.0,181,125,1302
2,1429,5,0.0,182,125,1304
2,1431,5,0.0,183,125,1306
5,1436,5,0.0,184,125,1311
7,1443,5,0.0,185,125,1318
13,1456,6,1.0,186,125,1331
3,1459,6,0.0,187,125,1334
3,1462,6,0.0,188,125,1337
3,1465,6,0.0,189,125,1340
3,1468,6,0.0,190,125,1343
8,1476,6,0.0,191,125,1351
16,1492,7,1.0,192,125,1367
3,1495,7,0.0,193,125,1370
2,1497,7,0.0,194,125,1372
22,1519,7,0.0,195,125,1394
10,1529,8,1.0,196,125,1404
4,1533,8,0.0,197,125,1408
6,1539,8,0.0,198,125,1414
13,1552,8,0.0,199,125,1427
2,1554,8,0.0,200,125,1429
13,1567,8,0.0,201,125,1442
15,1582,8,0.0,202,125,1457
4,1586,8,0.0,203,125,1461
37,1623,8,0.0,204,125,1498
2,1625,8,0.0,205,125,1500
17,1642,8,0.0,206,125,1517
21,1663,8,0.0,207,125,1538
4,1667,8,0.0,208,125,1542
2,1669,8,0.0,209,125,1544
4,1673,8,0.0,210,125,1548
25,1698,8,0.0,211,125,1573
7,1705,8,0.0,212,125,1580
3,1708,8,0.0,213,125,1583
2,1710,8,0.0,214,125,1585
2,1712,8,0.0,215,125,1587
10,1722,8,0.0,216,125,1597
2,1724,8,0.0,217,125,1599
23,1747,8,0.0,218,125,1622
3,1750,8,0.0,219,125,1625
12,1762,8,0.0,220,125,1637
5,1767,8,0.0,221,125,1642
13,1780,8,0.0,222,125,1655
4,1784,8,0.0,223,125,1659
3,1787,8,0.0,224,125,1662
3,1790,8,0.0,225,125,1665
2,1792,8,0.0,226,125,1667
5,1797,8,0.0,227,125,1672
20,1817,8,0.0,228,125,1692
10,1827,8,0.0,229,125,1702
4,1831,8,0.0,230,125,1706
10,1841,8,0.0,231,125,1716
7,1848,8,0.0,232,125,1723
3,1851,8,0.0,233,125,1726
2,1853,8,0.0,234,125,1728
11,1864,8,0.0,235,125,1739
6,1870,8,0.0,236,125,1745
10,1880,8,0.0,237,125,1755
2,1882,8,0.0,238,125,1757
22,1904,8,0.0,239,125,1779
2,1906,8,0.0,240,125,1781
8,1914,8,0.0,241,125,1789
19,1933,8,0.0,242,125,1808
8,1941,8,0.0,243,125,1816
5,1946,8,0.0,244,125,1821
14,1960,8,0.0,245,125,1835
5,1965,8,0.0,246,125,1840
12,1977,9,1.0,247,125,1852
25,2002,9,0.0,248,125,1877
8,2010,9,0.0,249,125,1885
20,2030,9,0.0,250,125,1905
5,2035,9,0.0,251,125,1910
4,2039,9,0.0,252,125,1914
4,2043,9,0.0,253,125,1918
8,2051,9,0.0,254,125,1926
7,2058,9,0.0,255,125,1933
6,2064,9,0.0,256,125,1939
11,2075,10,1.0,257,125,1950
11,2086,10,0.0,258,125,1961
2,2088,10,0.0,259,125,1963
22,2110,10,0.0,260,125,1985
7,2117,10,0.0,261,125,1992
7,2124,10,0.0,262,125,1999
3,2127,10,0.0,263,125,2002
9,2136,10,0.0,264,125,2011
7,2143,10,0.0,265,125,2018
8,2151,10,0.0,266,125,2026
8,2159,11,1.0,267,125,2034
5,2164,11,0.0,268,125,2039
3,2167,11,0.0,269,125,2042
16,2183,11,0.0,270,125,2058
2,2185,11,0.0,271,125,2060
2,2187,11,0.0,272,125,2062
8,2195,11,0.0,273,125,2070
5,2200,11,0.0,274,125,2075
9,2209,11,0.0,275,125,2084
4,2213,11,0.0,276,125,2088
3,2216,11,0.0,277,125,2091
7,2223,11,0.0,278,125,2098
9,2232,11,0.0,279,125,2107
8,2240,11,0.0,280,125,2115
4,2244,11,0.0,281,125,2119
3,2247,11,0.0,282,125,2122
8,2255,11,0.0,283,125,2130
15,2270,11,0.0,284,125,2145
8,2278,12,1.0,285,125,2153
17,2295,12,0.0,286,125,2170
3,2298,12,0.0,287,125,2173
3,2301,12,0.0,288,125,2176
4,2305,12,0.0,289,125,2180
14,2319,12,0.0,290,125,2194
8,2327,12,0.0,291,125,2202
11,2338,13,1.0,292,125,2213
10,2348,13,0.0,293,125,2223
5,2353,13,0.0,294,125,2228
8,2361,14,1.0,295,125,2236
8,2369,14,0.0,296,125,2244
21,2390,14,0.0,297,125,2265
3,2393,14,0.0,298,125,2268
4,2397,14,0.0,299,125,2272
7,2404,14,0.0,300,125,2279
3,2407,14,0.0,301,125,2282
3,2410,14,0.0,302,125,2285
3,2413,14,0.0,303,125,2288
8,2421,14,0.0,304,125,2296
5,2426,14,0.0,305,125,2301
5,2431,14,0.0,306,125,2306
14,2445,14,0.0,307,125,2320
3,2448,14,0.0,308,125,2323
18,2466,14,0.0,309,125,2341
9,2475,14,0.0,310,125,2350
2,2477,14,0.0,311,125,2352
7,2484,14,0.0,312,125,2359
17,2501,14,0.0,313,125,2376
4,2505,14,0.0,314,125,2380
7,2512,14,0.0,315,125,2387
4,2516,14,0.0,316,125,2391
3,2519,14,0.0,317,125,2394
4,2523,14,0.0,318,125,2398
9,2532,14,0.0,319,125,2407
14,2546,14,0.0,320,125,2421
3,2549,14,0.0,321,125,2424
2,2551,14,0.0,322,125,2426
6,2557,14,0.0,323,125,2432
4,2561,14,0.0,324,125,2436
3,2564,14,0.0,325,125,2439
6,2570,14,0.0,326,125,2445
4,2574,14,0.0,327,125,2449
17,2591,14,0.0,328,125,2466
3,2594,14,0.0,329,125,2469
5,2599,14,0.0,330,125,2474
15,2614,14,0.0,331,125,2489
3,2617,14,0.0,332,125,2492
5,2622,14,0.0,333,125,2497
6,2628,14,0.0,334,125,2503
19,2647,14,0.0,335,125,2522
2,2649,14,0.0,336,125,2524
6,2655,14,0.0,337,125,2530
2,2657,14,0.0,338,125,2532
3,2660,14,0.0,339,125,2535
3,2663,14,0.0,340,125,2538
10,2673,14,0.0,341,125,2548
3,2676,14,0.0,342,125,2551
6,2682,14,0.0,343,125,2557
16,2698,14,0.0,344,125,2573
6,2704,14,0.0,345,125,2579
4,2708,14,0.0,346,125,2583
3,2711,14,0.0,347,125,2586
6,2717,14,0.0,348,125,2592
16,2733,14,0.0,349,125,2608
3,2736,14,0.0,350,125,2611
3,2739,14,0.0,351,125,2614
8,2747,14,0.0,352,125,2622
3,2750,14,0.0,353,125,2625
2,2752,14,0.0,354,125,2627
6,2758,14,0.0,355,125,2633
19,2777,14,0.0,356,125,2652
7,2784,14,0.0,357,125,2659
7,2791,14,0.0,358,125,2666
7,2798,14,0.0,359,125,2673
10,2808,14,0.0,360,125,2683
8,2816,14,0.0,361,125,2691
2,2818,14,0.0,362,125,2693
6,2824,14,0.0,363,125,2699
2,2826,14,0.0,364,125,2701
4,2830,14,0.0,365,125,2705
11,2841,14,0.0,366,125,2716
4,2845,14,0.0,367,125,2720
2,2847,14,0.0,368,125,2722
6,2853,14,0.0,369,125,2728
5,2858,14,0.0,370,125,2733
10,2868,14,0.0,371,125,2743
11,2879,14,0.0,372,125,2754
15,2894,14,0.0,373,125,2769
6,2900,14,0.0,374,125,2775
4,2904,14,0.0,375,125,2779
6,2910,14,0.0,376,125,2785
5,2915,14,0.0,377,125,2790
2,2917,14,0.0,378,125,2792
3,2920,14,0.0,379,125,2795
12,2932,14,0.0,380,125,2807
3,2935,14,0.0,381,125,2810
2,2937,14,0.0,382,125,2812
6,2943,14,0.0,383,125,2818
5,2948,14,0.0,384,125,2823
5,2953,14,0.0,385,125,2828
5,2958,14,0.0,386,125,2833
7,2965,14,0.0,387,125,2840
4,2969,14,0.0,388,125,2844
6,2975,14,0.0,389,125,2850
4,2979,14,0.0,390,125,2854
18,2997,14,0.0,391,125,2872
8,3005,14,0.0,392,125,2880
12,3017,14,0.0,393,125,2892
12,3029,14,0.0,394,125,2904
2,3031,14,0.0,395,125,2906
31,3062,14,0.0,396,125,2937
3,3065,14,0.0,397,125,2940
4,3069,14,0.0,398,125,2944
4,3073,14,0.0,399,125,2948
7,3080,14,0.0,400,125,2955
9,3089,14,0.0,401,125,2964
4,3093,14,0.0,402,125,2968
12,3105,14,0.0,403,125,2980
12,3117,14,0.0,404,125,2992
8,3125,14,0.0,405,125,3000
15,3140,14,0.0,406,125,3015
6,3146,14,0.0,407,125,3021
6,3152,14,0.0,408,125,3027
5,3157,14,0.0,409,125,3032
5,3162,14,0.0,410,125,3037
8,3170,15,1.0,411,125,3045
3,3173,15,0.0,412,125,3048
13,3186,15,0.0,413,125,3061
14,3200,15,0.0,414,125,3075
7,3207,15,0.0,415,125,3082
4,3211,15,0.0,416,125,3086
2,3213,15,0.0,417,125,3088
7,3220,15,0.0,418,125,3095
10,3230,15,0.0,419,125,3105
8,3238,15,0.0,420,125,3113
2,3240,15,0.0,421,125,3115
4,3244,15,0.0,422,125,3119
12,3256,15,0.0,423,125,3131
5,3261,15,0.0,424,125,3136
6,3267,15,0.0,425,125,3142
4,3271,15,0.0,426,125,3146
3,3274,15,0.0,427,125,3149
13,3287,16,1.0,428,125,3162
4,3291,16,0.0,429,125,3166
2,3293,16,0.0,430,125,3168
2,3295,16,0.0,431,125,3170
2,3297,16,0.0,432,125,3172
2,3299,16,0.0,433,125,3174
4,3303,16,0.0,434,125,3178
10,3313,17,1.0,435,125,3188
2,3315,17,0.0,436,125,3190
5,3320,17,0.0,437,125,3195
5,3325,17,0.0,438,125,3200
5,3330,17,0.0,439,125,3205
9,3339,17,0.0,440,125,3214
7,3346,17,0.0,441,125,3221
6,3352,17,0.0,442,125,3227
5,3357,17,0.0,443,125,3232
8,3365,18,1.0,444,125,3240
6,3371,18,0.0,445,125,3246
9,3380,18,0.0,446,125,3255
7,3387,18,0.0,447,125,3262
5,3392,18,0.0,448,125,3267
4,3396,18,0.0,449,125,3271
5,3401,18,0.0,450,125,3276
6,3407,18,0.0,451,125,3282
6,3413,18,0.0,452,125,3288
8,3421,18,0.0,453,125,3296
10,3431,18,0.0,454,125,3306
6,3437,18,0.0,455,125,3312
5,3442,18,0.0,456,125,3317
2,3444,18,0.0,457,125,3319
2,3446,18,0.0,458,125,3321
6,3452,18,0.0,459,125,3327
4,3456,18,0.0,460,125,3331
4,3460,18,0.0,461,125,3335
5,3465,18,0.0,462,125,3340
4,3469,18,0.0,463,125,3344
4,3473,18,0.0,464,125,3348
2,3475,18,0.0,465,125,3350
8,3483,18,0.0,466,125,3358
4,3487,18,0.0,467,125,3362
4,3491,18,0.0,468,125,3366
5,3496,18,0.0,469,125,3371
4,3500,18,0.0,470,125,3375
5,3505,18,0.0,471,125,3380
6,3511,18,0.0,472,125,3386
12,3523,18,0.0,473,125,3398
2,3525,18,0.0,474,125,3400
2,3527,18,0.0,475,125,3402
4,3531,18,0.0,476,125,3406
5,3536,18,0.0,477,125,3411
6,3542,18,0.0,478,125,3417
2,3544,18,0.0,479,125,3419
21,3565,18,0.0,480,125,3440
5,3570,18,0.0,481,125,3445
15,3585,18,0.0,482,125,3460
19,3604,18,0.0,483,125,3479
7,3611,18,0.0,484,125,3486
7,3618,18,0.0,485,125,3493
5,3623,18,0.0,486,125,3498
3,3626,18,0.0,487,125,3501
4,3630,18,0.0,488,125,3505
4,3634,18,0.0,489,125,3509
6,3640,18,0.0,490,125,3515
7,3647,18,0.0,491,125,3522
12,3659,19,1.0,492,125,3534
8,3667,19,0.0,493,125,3542
7,3674,19,0.0,494,125,3549
8,3682,20,1.0,495,125,3557
13,3695,20,0.0,496,125,3570
17,3712,20,0.0,497,125,3587
18,3730,20,0.0,498,125,3605
6,3736,20,0.0,499,125,3611
9,3745,20,0.0,500,125,3620
11,3756,21,1.0,501,125,3631
10,3766,22,1.0,502,125,3641
37,3803,22,0.0,503,125,3678
4,3807,22,0.0,504,125,3682
4,3811,22,0.0,505,125,3686
4,3815,22,0.0,506,125,3690
2,3817,22,0.0,507,125,3692
15,3832,22,0.0,508,125,3707
8,3840,22,0.0,509,125,3715
7,3847,22,0.0,510,125,3722
5,3852,22,0.0,511,125,3727
6,3858,22,0.0,512,125,3733
5,3863,22,0.0,513,125,3738
17,3880,22,0.0,514,125,3755
7,3887,22,0.0,515,125,3762
11,3898,23,1.0,516,125,3773
6,3904,23,0.0,517,125,3779
15,3919,23,0.0,518,125,3794
4,3923,23,0.0,519,125,3798
3,3926,23,0.0,520,125,3801
8,3934,24,1.0,521,125,3809
5,3939,24,0.0,522,125,3814
11,3950,25,1.0,523,125,3825
2,3952,25,0.0,524,125,3827
19,3971,25,0.0,525,125,3846
5,3976,25,0.0,526,125,3851
3,3979,25,0.0,527,125,3854
33,4012,25,0.0,528,125,3887
5,4017,25,0.0,529,125,3892
10,4027,25,0.0,530,125,3902
5,4032,25,0.0,531,125,3907
4,4036,25,0.0,532,125,3911
9,4045,25,0.0,533,125,3920
11,4056,26,1.0,534,125,3931
2,4058,26,0.0,535,125,3933
6,4064,26,0.0,536,125,3939
7,4071,26,0.0,537,125,3946
3,4074,26,0.0,538,125,3949
15,4089,26,0.0,539,125,3964
16,4105,27,1.0,540,125,3980
5,4110,27,0.0,541,125,3985
3,4113,27,0.0,542,125,3988
3,4116,27,0.0,543,125,3991
3,4119,27,0.0,544,125,3994
8,4127,27,0.0,545,125,4002
7,4134,27,0.0,546,125,4009
3,4137,27,0.0,547,125,4012
4,4141,27,0.0,548,125,4016
2,4143,27,0.0,549,125,4018
10,4153,27,0.0,550,125,4028
4,4157,27,0.0,551,125,4032
2,4159,27,0.0,552,125,4034
7,4166,27,0.0,553,125,4041
18,4184,27,0.0,554,125,4059
2,4186,27,0.0,555,125,4061
7,4193,27,0.0,556,125,4068
30,4223,27,0.0,557,125,4098
5,4228,27,0.0,558,125,4103
4,4232,27,0.0,559,125,4107
26,4258,27,0.0,560,125,4133
14,4272,27,0.0,561,125,4147
7,4279,27,0.0,562,125,4154
6,4285,27,0.0,563,125,4160
5,4290,27,0.0,564,125,4165
5,4295,27,0.0,565,125,4170
15,4310,27,0.0,566,125,4185
4,4314,27,0.0,567,125,4189
14,4328,27,0.0,568,125,4203
11,4339,27,0.0,569,125,4214
12,4351,27,0.0,570,125,4226
8,4359,27,0.0,571,125,4234
11,4370,27,0.0,572,125,4245
7,4377,27,0.0,573,125,4252
11,4388,27,0.0,574,125,4263
17,4405,27,0.0,575,125,4280
6,4411,27,0.0,576,125,4286
4,4415,27,0.0,577,125,4290
6,4421,27,0.0,578,125,4296
11,4432,28,1.0,579,125,4307
7,4439,28,0.0,580,125,4314
8,4447,28,0.0,581,125,4322
8,4455,29,1.0,582,125,4330
14,4469,29,0.0,583,125,4344
4,4473,29,0.0,584,125,4348
14,4487,29,0.0,585,125,4362
9,4496,29,0.0,586,125,4371
19,4515,29,0.0,587,125,4390
6,4521,29,0.0,588,125,4396
2,4523,29,0.0,589,125,4398
8,4531,29,0.0,590,125,4406
4,4535,29,0.0,591,125,4410
5,4540,29,0.0,592,125,4415
14,4554,29,0.0,593,125,4429
28,4582,29,0.0,594,125,4457
6,4588,29,0.0,595,125,4463
4,4592,29,0.0,596,125,4467
6,4598,29,0.0,597,125,4473
11,4609,29,0.0,598,125,4484
15,4624,29,0.0,599,125,4499
2,4626,29,0.0,600,125,4501
5,4631,29,0.0,601,125,4506
6,4637,29,0.0,602,125,4512
5,4642,29,0.0,603,125,4517
2,4644,29,0.0,604,125,4519
6,4650,29,0.0,605,125,4525
5,4655,29,0.0,606,125,4530
4,4659,29,0.0,607,125,4534
8,4667,30,1.0,608,125,4542
4,4671,30,0.0,609,125,4546
8,4679,31,1.0,610,125,4554
8,4687,32,1.0,611,125,4562
6,4693,32,0.0,612,125,4568
5,4698,32,0.0,613,125,4573
11,4709,32,0.0,614,125,4584
13,4722,32,0.0,615,125,4597
5,4727,32,0.0,616,125,4602
2,4729,32,0.0,617,125,4604
19,4748,32,0.0,618,125,4623
8,4756,32,0.0,619,125,4631
13,4769,32,0.0,620,125,4644
9,4778,32,0.0,621,125,4653
7,4785,32,0.0,622,125,4660
5,4790,32,0.0,623,125,4665
22,4812,32,0.0,624,125,4687
4,4816,32,0.0,625,125,4691
14,4830,32,0.0,626,125,4705
3,4833,32,0.0,627,125,4708
3,4836,32,0.0,628,125,4711
6,4842,32,0.0,629,125,4717
7,4849,32,0.0,630,125,4724
5,4854,32,0.0,631,125,4729
6,4860,32,0.0,632,125,4735
2,4862,32,0.0,633,125,4737
7,4869,32,0.0,634,125,4744
7,4876,32,0.0,635,125,4751
9,4885,32,0.0,636,125,4760
11,4896,33,1.0,637,125,4771
8,4904,34,1.0,638,125,4779
12,4916,34,0.0,639,125,4791
3,4919,34,0.0,640,125,4794
5,4924,34,0.0,641,125,4799
2,4926,34,0.0,642,125,4801
4,4930,34,0.0,643,125,4805
10,4940,34,0.0,644,125,4815
4,4944,34,0.0,645,125,4819
3,4947,34,0.0,646,125,4822
6,4953,34,0.0,647,125,4828
9,4962,34,0.0,648,125,4837
3,4965,34,0.0,649,125,4840
2,4967,34,0.0,650,125,4842
11,4978,35,1.0,651,125,4853
2,4980,35,0.0,652,125,4855
2,4982,35,0.0,653,125,4857
5,4987,35,0.0,654,125,4862
2,4989,35,0.0,655,125,4864
13,5002,35,0.0,656,125,4877
6,5008,35,0.0,657,125,4883
6,5014,35,0.0,658,125,4889
5,5019,35,0.0,659,125,4894
7,5026,35,0.0,660,125,4901
5,5031,35,0.0,661,125,4906
8,5039,36,1.0,662,125,4914
2,5041,36,0.0,663,125,4916
8,5049,37,1.0,664,125,4924
4,5053,37,0.0,665,125,4928
7,5060,37,0.0,666,125,4935
2,5062,37,0.0,667,125,4937
13,5075,37,0.0,668,125,4950
7,5082,37,0.0,669,125,4957
15,5097,37,0.0,670,125,4972
4,5101,37,0.0,671,125,4976
19,5120,37,0.0,672,125,4995
11,5131,38,1.0,673,125,5006
3,5134,38,0.0,674,125,5009
11,5145,39,1.0,675,125,5020
3,5148,39,0.0,676,125,5023
12,5160,39,0.0,677,125,5035
4,5164,39,0.0,678,125,5039
5,5169,39,0.0,679,125,5044
3,5172,39,0.0,680,125,5047
14,5186,39,0.0,681,125,5061
6,5192,39,0.0,682,125,5067
5,5197,39,0.0,683,125,5072
6,5203,39,0.0,684,125,5078
2,5205,39,0.0,685,125,5080
6,5211,39,0.0,686,125,5086
19,5230,39,0.0,687,125,5105
3,5233,39,0.0,688,125,5108
5,5238,39,0.0,689,125,5113
7,5245,39,0.0,690,125,5120
10,5255,39,0.0,691,125,5130
4,5259,39,0.0,692,125,5134
4,5263,39,0.0,693,125,5138
2,5265,39,0.0,694,125,5140
7,5272,39,0.0,695,125,5147
13,5285,39,0.0,696,125,5160
17,5302,39,0.0,697,125,5177
3,5305,39,0.0,698,125,5180
7,5312,39,0.0,699,125,5187
13,5325,39,0.0,700,125,5200
6,5331,39,0.0,701,125,5206
9,5340,39,0.0,702,125,5215
17,5357,39,0.0,703,125,5232
3,5360,39,0.0,704,125,5235
4,5364,39,0.0,705,125,5239
2,5366,39,0.0,706,125,5241
4,5370,39,0.0,707,125,5245
11,5381,39,0.0,708,125,5256
5,5386,39,0.0,709,125,5261
22,5408,39,0.0,710,125,5283
6,5414,39,0.0,711,125,5289
10,5424,40,1.0,712,125,5299
4,5428,40,0.0,713,125,5303
2,5430,40,0.0,714,125,5305
11,5441,40,0.0,715,125,5316
5,5446,40,0.0,716,125,5321
9,5455,40,0.0,717,125,5330
5,5460,40,0.0,718,125,5335
21,5481,40,0.0,719,125,5356
11,5492,40,0.0,720,125,5367
26,5518,40,0.0,721,125,5393
10,5528,40,0.0,722,125,5403
11,5539,41,1.0,723,125,5414
5,5544,41,0.0,724,125,5419
5,5549,41,0.0,725,125,5424
6,5555,41,0.0,726,125,5430
4,5559,41,0.0,727,125,5434
12,5571,41,0.0,728,125,5446
3,5574,41,0.0,729,125,5449
9,5583,41,0.0,730,125,5458
8,5591,42,1.0,731,125,5466
5,5596,42,0.0,732,125,5471
5,5601,42,0.0,733,125,5476
8,5609,42,0.0,734,125,5484
4,5613,42,0.0,735,125,5488
5,5618,42,0.0,736,125,5493
15,5633,42,0.0,737,125,5508
11,5644,42,0.0,738,125,5519
7,5651,42,0.0,739,125,5526
16,5667,43,1.0,740,125,5542
9,5676,43,0.0,741,125,5551
2,5678,43,0.0,742,125,5553
6,5684,43,0.0,743,125,5559
4,5688,43,0.0,744,125,5563
13,5701,43,0.0,745,125,5576
4,5705,43,0.0,746,125,5580
6,5711,43,0.0,747,125,5586
6,5717,43,0.0,748,125,5592
4,5721,43,0.0,749,125,5596
13,5734,43,0.0,750,125,5609
3,5737,43,0.0,751,125,5612
17,5754,43,0.0,752,125,5629
18,5772,43,0.0,753,125,5647
8,5780,44,1.0,754,125,5655
9,5789,44,0.0,755,125,5664
9,5798,44,0.0,756,125,5673
19,5817,44,0.0,757,125,5692
3,5820,44,0.0,758,125,5695
3,5823,44,0.0,759,125,5698
3,5826,44,0.0,760,125,5701
6,5832,44,0.0,761,125,5707
3,5835,44,0.0,762,125,5710
4,5839,44,0.0,763,125,5714
4,5843,44,0.0,764,125,5718
11,5854,44,0.0,765,125,5729
8,5862,44,0.0,766,125,5737
3,5865,44,0.0,767,125,5740
5,5870,44,0.0,768,125,5745
18,5888,44,0.0,769,125,5763
6,5894,44,0.0,770,125,5769
6,5900,44,0.0,771,125,5775
4,5904,44,0.0,772,125,5779
5,5909,44,0.0,773,125,5784
5,5914,44,0.0,774,125,5789
6,5920,44,0.0,775,125,5795
5,5925,44,0.0,776,125,5800
8,5933,45,1.0,777,125,5808
3,5936,45,0.0,778,125,5811
11,5947,45,0.0,779,125,5822
14,5961,45,0.0,780,125,5836
6,5967,45,0.0,781,125,5842
4,5971,45,0.0,782,125,5846
7,5978,45,0.0,783,125,5853
3,5981,45,0.0,784,125,5856
2,5983,45,0.0,785,125,5858
2,5985,45,0.0,786,125,5860
5,5990,45,0.0,787,125,5865
4,5994,45,0.0,788,125,5869
5,5999,45,0.0,789,125,5874
2,6001,45,0.0,790,125,5876
5,6006,45,0.0,791,125,5881
9,6015,45,0.0,792,125,5890
6,6021,45,0.0,793,125,5896
7,6028,45,0.0,794,125,5903
4,6032,45,0.0,795,125,5907
6,6038,45,0.0,796,125,5913
9,6047,45,0.0,797,125,5922
4,6051,45,0.0,798,125,5926
9,6060,45,0.0,799,125,5935
15,6075,45,0.0,800,125,5950
4,6079,45,0.0,801,125,5954
11,6090,46,1.0,802,125,5965
5,6095,46,0.0,803,125,5970
12,6107,46,0.0,804,125,5982
4,6111,46,0.0,805,125,5986
3,6114,46,0.0,806,125,5989
5,6119,46,0.0,807,125,5994
8,6127,46,0.0,808,125,6002
6,6133,46,0.0,809,125,6008
2,6135,46,0.0,810,125,6010
2,6137,46,0.0,811,125,6012
14,6151,46,0.0,812,125,6026
4,6155,46,0.0,813,125,6030
2,6157,46,0.0,814,125,6032
5,6162,46,0.0,815,125,6037
2,6164,46,0.0,816,125,6039
4,6168,46,0.0,817,125,6043
10,6178,46,0.0,818,125,6053
8,6186,47,1.0,819,125,6061
2,6188,47,0.0,820,125,6063
2,6190,47,0.0,821,125,6065
9,6199,47,0.0,822,125,6074
19,6218,47,0.0,823,125,6093
4,6222,47,0.0,824,125,6097
2,6224,47,0.0,825,125,6099
2,6226,47,0.0,826,125,6101
2,6228,47,0.0,827,125,6103
4,6232,47,0.0,828,125,6107
5,6237,47,0.0,829,125,6112
4,6241,47,0.0,830,125,6116
5,6246,47,0.0,831,125,6121
22,6268,47,0.0,832,125,6143
8,6276,48,1.0,833,125,6151
10,6286,48,0.0,834,125,6161
3,6289,48,0.0,835,125,6164
3,6292,48,0.0,836,125,6167
11,6303,48,0.0,837,125,6178
4,6307,48,0.0,838,125,6182
4,6311,48,0.0,839,125,6186
6,6317,48,0.0,840,125,6192
20,6337,48,0.0,841,125,6212
6,6343,48,0.0,842,125,6218
3,6346,48,0.0,843,125,6221
6,6352,48,0.0,844,125,6227
4,6356,48,0.0,845,125,6231
5,6361,48,0.0,846,125,6236
8,6369,49,1.0,847,125,6244
4,6373,49,0.0,848,125,6248
8,6381,50,1.0,849,125,6256
11,6392,50,0.0,850,125,6267
2,6394,50,0.0,851,125,6269
8,6402,50,0.0,852,125,6277
8,6410,51,1.0,853,125,6285
9,6419,51,0.0,854,125,6294
4,6423,51,0.0,855,125,6298
6,6429,51,0.0,856,125,6304
6,6435,51,0.0,857,125,6310
5,6440,51,0.0,858,125,6315
6,6446,51,0.0,859,125,6321
4,6450,51,0.0,860,125,6325
3,6453,51,0.0,861,125,6328
4,6457,51,0.0,862,125,6332
17,6474,51,0.0,863,125,6349
3,6477,51,0.0,864,125,6352
2,6479,51,0.0,865,125,6354
4,6483,51,0.0,866,125,6358
2,6485,51,0.0,867,125,6360
3,6488,51,0.0,868,125,6363
5,6493,51,0.0,869,125,6368
9,6502,51,0.0,870,125,6377
4,6506,51,0.0,871,125,6381
4,6510,51,0.0,872,125,6385
16,6526,52,1.0,873,125,6401
6,6532,52,0.0,874,125,6407
4,6536,52,0.0,875,125,6411
5,6541,52,0.0,876,125,6416
17,6558,52,0.0,877,125,6433
3,6561,52,0.0,878,125,6436
5,6566,52,0.0,879,125,6441
15,6581,52,0.0,880,125,6456
13,6594,52,0.0,881,125,6469
14,6608,52,0.0,882,125,6483
7,6615,52,0.0,883,125,6490
5,6620,52,0.0,884,125,6495
5,6625,52,0.0,885,125,6500
4,6629,52,0.0,886,125,6504
12,6641,52,0.0,887,125,6516
11,6652,53,1.0,888,125,6527
5,6657,53,0.0,889,125,6532
11,6668,54,1.0,890,125,6543
5,6673,54,0.0,891,125,6548
4,6677,54,0.0,892,125,6552
4,6681,54,0.0,893,125,6556
2,6683,54,0.0,894,125,6558
4,6687,54,0.0,895,125,6562
4,6691,54,0.0,896,125,6566
11,6702,55,1.0,897,125,6577
18,6720,55,0.0,898,125,6595
11,6731,56,1.0,899,125,6606
4,6735,56,0.0,900,125,6610
7,6742,56,0.0,901,125,6617
2,6744,56,0.0,902,125,6619
3,6747,56,0.0,903,125,6622
3,6750,56,0.0,904,125,6625
2,6752,56,0.0,905,125,6627
15,6767,56,0.0,906,125,6642
13,6780,56,0.0,907,125,6655
4,6784,56,0.0,908,125,6659
3,6787,56,0.0,909,125,6662
4,6791,56,0.0,910,125,6666
6,6797,56,0.0,911,125,6672
4,6801,56,0.0,912,125,6676
10,6811,56,0.0,913,125,6686
19,6830,56,0.0,914,125,6705
4,6834,56,0.0,915,125,6709
3,6837,56,0.0,916,125,6712
11,6848,57,1.0,917,125,6723
5,6853,57,0.0,918,125,6728
8,6861,57,0.0,919,125,6736
5,6866,57,0.0,920,125,6741
5,6871,57,0.0,921,125,6746
7,6878,57,0.0,922,125,6753
2,6880,57,0.0,923,125,6755
5,6885,57,0.0,924,125,6760
4,6889,57,0.0,925,125,6764
9,6898,57,0.0,926,125,6773
8,6906,57,0.0,927,125,6781
12,6918,57,0.0,928,125,6793
7,6925,57,0.0,929,125,6800
22,6947,57,0.0,930,125,6822
8,6955,58,1.0,931,125,6830
4,6959,58,0.0,932,125,6834
15,6974,58,0.0,933,125,6849
15,6989,58,0.0,934,125,6864
11,7000,58,0.0,935,125,6875
6,7006,58,0.0,936,125,6881
4,7010,58,0.0,937,125,6885
4,7014,58,0.0,938,125,6889
3,7017,58,0.0,939,125,6892
6,7023,58,0.0,940,125,6898
8,7031,59,1.0,941,125,6906
15,7046,59,0.0,942,125,6921
3,7049,59,0.0,943,125,6924
2,7051,59,0.0,944,125,6926
17,7068,59,0.0,945,125,6943
2,7070,59,0.0,946,125,6945
7,7077,59,0.0,947,125,6952
4,7081,59,0.0,948,125,6956
8,7089,59,0.0,949,125,6964
3,7092,59,0.0,950,125,6967
4,7096,59,0.0,951,125,6971
4,7100,59,0.0,952,125,6975
13,7113,59,0.0,953,125,6988
6,7119,59,0.0,954,125,6994
4,7123,59,0.0,955,125,6998
2,7125,59,0.0,956,125,7000
3,7128,59,0.0,957,125,7003
17,7145,59,0.0,958,125,7020
13,7158,59,0.0,959,125,7033
9,7167,59,0.0,960,125,7042
3,7170,59,0.0,961,125,7045
4,7174,59,0.0,962,125,7049
13,7187,59,0.0,963,125,7062
17,7204,59,0.0,964,125,7079
4,7208,59,0.0,965,125,7083
6,7214,59,0.0,966,125,7089
4,7218,59,0.0,967,125,7093
4,7222,59,0.0,968,125,7097
15,7237,59,0.0,969,125,7112
5,7242,59,0.0,970,125,7117
8,7250,60,1.0,971,125,7125
3,7253,60,0.0,972,125,7128
20,7273,60,0.0,973,125,7148
8,7281,60,0.0,974,125,7156
7,7288,60,0.0,975,125,7163
4,7292,60,0.0,976,125,7167
20,7312,60,0.0,977,125,7187
8,7320,61,1.0,978,125,7195
6,7326,61,0.0,979,125,7201
16,7342,61,0.0,980,125,7217
8,7350,62,1.0,981,125,7225
7,7357,62,0.0,982,125,7232
11,7368,63,1.0,983,125,7243
2,7370,63,0.0,984,125,7245
6,7376,63,0.0,985,125,7251
7,7383,63,0.0,986,125,7258
2,7385,63,0.0,987,125,7260
10,7395,63,0.0,988,125,7270
2,7397,63,0.0,989,125,7272
6,7403,63,0.0,990,125,7278
4,7407,63,0.0,991,125,7282
6,7413,63,0.0,992,125,7288
8,7421,64,1.0,993,125,7296
4,7425,64,0.0,994,125,7300
15,7440,64,0.0,995,125,7315
8,7448,64,0.0,996,125,7323
5,7453,64,0.0,997,125,7328
13,7466,64,0.0,998,125,7341
2,7468,64,0.0,999,125,7343
2,7470,64,0.0,1000,125,7345
6,7476,64,0.0,1001,125,7351
10,7486,64,0.0,1002,125,7361
5,7491,64,0.0,1003,125,7366
8,7499,65,1.0,1004,125,7374
7,7506,65,0.0,1005,125,7381
7,7513,65,0.0,1006,125,7388
9,7522,65,0.0,1007,125,7397
17,7539,65,0.0,1008,125,7414
5,7544,65,0.0,1009,125,7419
5,7549,65,0.0,1010,125,7424
4,7553,65,0.0,1011,125,7428
10,7563,65,0.0,1012,125,7438
14,7577,65,0.0,1013,125,7452
3,7580,65,0.0,1014,125,7455
4,7584,65,0.0,1015,125,7459
4,7588,65,0.0,1016,125,7463
7,7595,65,0.0,1017,125,7470
20,7615,65,0.0,1018,125,7490
17,7632,65,0.0,1019,125,7507
5,7637,65,0.0,1020,125,7512
3,7640,65,0.0,1021,125,7515
2,7642,65,0.0,1022,125,7517
8,7650,65,0.0,1023,125,7525
13,7663,65,0.0,1024,125,7538
8,7671,66,1.0,1025,125,7546
2,7673,66,0.0,1026,125,7548
7,7680,66,0.0,1027,125,7555
8,7688,67,1.0,1028,125,7563
7,7695,67,0.0,1029,125,7570
3,7698,67,0.0,1030,125,7573
2,7700,67,0.0,1031,125,7575
5,7705,67,0.0,1032,125,7580
12,7717,67,0.0,1033,125,7592
8,7725,67,0.0,1034,125,7600
5,7730,67,0.0,1035,125,7605
5,7735,67,0.0,1036,125,7610
3,7738,67,0.0,1037,125,7613
7,7745,67,0.0,1038,125,7620
8,7753,68,1.0,1039,125,7628
3,7756,68,0.0,1040,125,7631
4,7760,68,0.0,1041,125,7635
5,7765,68,0.0,1042,125,7640
4,7769,68,0.0,1043,125,7644
14,7783,68,0.0,1044,125,7658
5,7788,68,0.0,1045,125,7663
16,7804,68,0.0,1046,125,7679
2,7806,68,0.0,1047,125,7681
3,7809,68,0.0,1048,125,7684
20,7829,68,0.0,1049,125,7704
4,7833,68,0.0,1050,125,7708
15,7848,68,0.0,1051,125,7723
8,7856,69,1.0,1052,125,7731
2,7858,69,0.0,1053,125,7733
8,7866,69,0.0,1054,125,7741
5,7871,69,0.0,1055,125,7746
5,7876,69,0.0,1056,125,7751
14,7890,69,0.0,1057,125,7765
2,7892,69,0.0,1058,125,7767
6,7898,69,0.0,1059,125,7773
8,7906,69,0.0,1060,125,7781
6,7912,69,0.0,1061,125,7787
9,7921,69,0.0,1062,125,7796
8,7929,70,1.0,1063,125,7804
18,7947,70,0.0,1064,125,7822
24,7971,70,0.0,1065,125,7846
2,7973,70,0.0,1066,125,7848
4,7977,70,0.0,1067,125,7852
2,7979,70,0.0,1068,125,7854
12,7991,70,0.0,1069,125,7866
7,7998,70,0.0,1070,125,7873
9,8007,70,0.0,1071,125,7882
4,8011,70,0.0,1072,125,7886
3,8014,70,0.0,1073,125,7889
7,8021,70,0.0,1074,125,7896
5,8026,70,0.0,1075,125,7901
11,8037,70,0.0,1076,125,7912
2,8039,70,0.0,1077,125,7914
8,8047,71,1.0,1078,125,7922
9,8056,71,0.0,1079,125,7931
2,8058,71,0.0,1080,125,7933
2,8060,71,0.0,1081,125,7935
8,8068,71,0.0,1082,125,7943
5,8073,71,0.0,1083,125,7948
3,8076,71,0.0,1084,125,7951
9,8085,71,0.0,1085,125,7960
8,8093,72,1.0,1086,125,7968
16,8109,72,0.0,1087,125,7984
7,8116,72,0.0,1088,125,7991
5,8121,72,0.0,1089,125,7996
8,8129,72,0.0,1090,125,8004
5,8134,72,0.0,1091,125,8009
15,8149,72,0.0,1092,125,8024
5,8154,72,0.0,1093,125,8029
3,8157,72,0.0,1094,125,8032
2,8159,72,0.0,1095,125,8034
16,8175,73,1.0,1096,125,8050
5,8180,73,0.0,1097,125,8055
2,8182,73,0.0,1098,125,8057
4,8186,73,0.0,1099,125,8061
4,8190,73,0.0,1100,125,8065
7,8197,73,0.0,1101,125,8072
8,8205,73,0.0,1102,125,8080
3,8208,73,0.0,1103,125,8083
4,8212,73,0.0,1104,125,8087
8,8220,74,1.0,1105,125,8095
3,8223,74,0.0,1106,125,8098
2,8225,74,0.0,1107,125,8100
3,8228,74,0.0,1108,125,8103
14,8242,74,0.0,1109,125,8117
5,8247,74,0.0,1110,125,8122
2,8249,74,0.0,1111,125,8124
4,8253,74,0.0,1112,125,8128
13,8266,74,0.0,1113,125,8141
12,8278,74,0.0,1114,125,8153
2,8280,74,0.0,1115,125,8155
11,8291,75,1.0,1116,125,8166
2,8293,75,0.0,1117,125,8168
6,8299,75,0.0,1118,125,8174
22,8321,75,0.0,1119,125,8196
27,8348,75,0.0,1120,125,8223
20,8368,75,0.0,1121,125,8243
6,8374,75,0.0,1122,125,8249
8,8382,76,1.0,1123,125,8257
4,8386,76,0.0,1124,125,8261
3,8389,76,0.0,1125,125,8264
9,8398,76,0.0,1126,125,8273
11,8409,76,0.0,1127,125,8284
2,8411,76,0.0,1128,125,8286
10,8421,77,1.0,1129,125,8296
5,8426,77,0.0,1130,125,8301
8,8434,78,1.0,1131,125,8309
6,8440,78,0.0,1132,125,8315
7,8447,78,0.0,1133,125,8322
3,8450,78,0.0,1134,125,8325
8,8458,79,1.0,1135,125,8333
6,8464,79,0.0,1136,125,8339
3,8467,79,0.0,1137,125,8342
2,8469,79,0.0,1138,125,8344
6,8475,79,0.0,1139,125,8350
12,8487,79,0.0,1140,125,8362
8,8495,79,0.0,1141,125,8370
19,8514,79,0.0,1142,125,8389
4,8518,79,0.0,1143,125,8393
3,8521,79,0.0,1144,125,8396
7,8528,79,0.0,1145,125,8403
8,8536,79,0.0,1146,125,8411
4,8540,79,0.0,1147,125,8415
2,8542,79,0.0,1148,125,8417
7,8549,79,0.0,1149,125,8424
3,8552,79,0.0,1150,125,8427
11,8563,80,1.0,1151,125,8438
5,8568,80,0.0,1152,125,8443
5,8573,80,0.0,1153,125,8448
3,8576,80,0.0,1154,125,8451
6,8582,80,0.0,1155,125,8457
6,8588,80,0.0,1156,125,8463
5,8593,80,0.0,1157,125,8468
3,8596,80,0.0,1158,125,8471
19,8615,80,0.0,1159,125,8490
4,8619,80,0.0,1160,125,8494
7,8626,80,0.0,1161,125,8501
6,8632,80,0.0,1162,125,8507
2,8634,80,0.0,1163,125,8509
5,8639,80,0.0,1164,125,8514
8,8647,81,1.0,1165,125,8522
7,8654,81,0.0,1166,125,8529
17,8671,81,0.0,1167,125,8546
2,8673,81,0.0,1168,125,8548
4,8677,81,0.0,1169,125,8552
11,8688,81,0.0,1170,125,8563
3,8691,81,0.0,1171,125,8566
15,8706,81,0.0,1172,125,8581
4,8710,81,0.0,1173,125,8585
9,8719,81,0.0,1174,125,8594
4,8723,81,0.0,1175,125,8598
3,8726,81,0.0,1176,125,8601
8,8734,82,1.0,1177,125,8609
2,8736,82,0.0,1178,125,8611
4,8740,82,0.0,1179,125,8615
8,8748,83,1.0,1180,125,8623
4,8752,83,0.0,1181,125,8627
4,8756,83,0.0,1182,125,8631
18,8774,83,0.0,1183,125,8649
3,8777,83,0.0,1184,125,8652
3,8780,83,0.0,1185,125,8655
8,8788,84,1.0,1186,125,8663
12,8800,84,0.0,1187,125,8675
4,8804,84,0.0,1188,125,8679
5,8809,84,0.0,1189,125,8684
3,8812,84,0.0,1190,125,8687
19,8831,84,0.0,1191,125,8706
13,8844,84,0.0,1192,125,8719
7,8851,84,0.0,1193,125,8726
2,8853,84,0.0,1194,125,8728
5,8858,84,0.0,1195,125,8733
4,8862,84,0.0,1196,125,8737
8,8870,85,1.0,1197,125,8745
7,8877,85,0.0,1198,125,8752
3,8880,85,0.0,1199,125,8755
5,8885,85,0.0,1200,125,8760
13,8898,85,0.0,1201,125,8773
4,8902,85,0.0,1202,125,8777
7,8909,85,0.0,1203,125,8784
2,8911,85,0.0,1204,125,8786
5,8916,85,0.0,1205,125,8791
2,8918,85,0.0,1206,125,8793
2,8920,85,0.0,1207,125,8795
2,8922,85,0.0,1208,125,8797
2,8924,85,0.0,1209,125,8799
7,8931,85,0.0,1210,125,8806
6,8937,85,0.0,1211,125,8812
7,8944,85,0.0,1212,125,8819
4,8948,85,0.0,1213,125,8823
3,8951,85,0.0,1214,125,8826
8,8959,85,0.0,1215,125,8834
5,8964,85,0.0,1216,125,8839
2,8966,85,0.0,1217,125,8841
6,8972,85,0.0,1218,125,8847
2,8974,85,0.0,1219,125,8849
5,8979,85,0.0,1220,125,8854
3,8982,85,0.0,1221,125,8857
7,8989,85,0.0,1222,125,8864
20,9009,85,0.0,1223,125,8884
30,9039,85,0.0,1224,125,8914
22,9061,85,0.0,1225,125,8936
4,9065,85,0.0,1226,125,8940
8,9073,86,1.0,1227,125,8948
4,9077,86,0.0,1228,125,8952
15,9092,86,0.0,1229,125,8967
6,9098,86,0.0,1230,125,8973
18,9116,86,0.0,1231,125,8991
5,9121,86,0.0,1232,125,8996
6,9127,86,0.0,1233,125,9002
10,9137,86,0.0,1234,125,9012
7,9144,86,0.0,1235,125,9019
14,9158,86,0.0,1236,125,9033
6,9164,86,0.0,1237,125,9039
7,9171,86,0.0,1238,125,9046
3,9174,86,0.0,1239,125,9049
20,9194,86,0.0,1240,125,9069
9,9203,86,0.0,1241,125,9078
6,9209,86,0.0,1242,125,9084
11,9220,86,0.0,1243,125,9095
7,9227,86,0.0,1244,125,9102
7,9234,86,0.0,1245,125,9109
7,9241,86,0.0,1246,125,9116
2,9243,86,0.0,1247,125,9118
2,9245,86,0.0,1248,125,9120
2,9247,86,0.0,1249,125,9122
3,9250,86,0.0,1250,125,9125
2,9252,86,0.0,1251,125,9127
5,9257,86,0.0,1252,125,9132
2,9259,86,0.0,1253,125,9134
18,9277,86,0.0,1254,125,9152
2,9279,86,0.0,1255,125,9154
4,9283,86,0.0,1256,125,9158
19,9302,86,0.0,1257,125,9177
5,9307,86,0.0,1258,125,9182
3,9310,86,0.0,1259,125,9185
2,9312,86,0.0,1260,125,9187
3,9315,86,0.0,1261,125,9190
15,9330,86,0.0,1262,125,9205
5,9335,86,0.0,1263,125,9210
7,9342,86,0.0,1264,125,9217
4,9346,86,0.0,1265,125,9221
19,9365,86,0.0,1266,125,9240
17,9382,86,0.0,1267,125,9257
15,9397,86,0.0,1268,125,9272
12,9409,86,0.0,1269,125,9284
4,9413,86,0.0,1270,125,9288
3,9416,86,0.0,1271,125,9291
4,9420,86,0.0,1272,125,9295
2,9422,86,0.0,1273,125,9297
5,9427,86,0.0,1274,125,9302
3,9430,86,0.0,1275,125,9305
4,9434,86,0.0,1276,125,9309
2,9436,86,0.0,1277,125,9311
8,9444,87,1.0,1278,125,9319
7,9451,87,0.0,1279,125,9326
7,9458,87,0.0,1280,125,9333
5,9463,87,0.0,1281,125,9338
4,9467,87,0.0,1282,125,9342
2,9469,87,0.0,1283,125,9344
6,9475,87,0.0,1284,125,9350
2,9477,87,0.0,1285,125,9352
7,9484,87,0.0,1286,125,9359
5,9489,87,0.0,1287,125,9364
11,9500,87,0.0,1288,125,9375
3,9503,87,0.0,1289,125,9378
10,9513,87,0.0,1290,125,9388
2,9515,87,0.0,1291,125,9390
4,9519,87,0.0,1292,125,9394
22,9541,87,0.0,1293,125,9416
2,9543,87,0.0,1294,125,9418
3,9546,87,0.0,1295,125,9421
7,9553,87,0.0,1296,125,9428
4,9557,87,0.0,1297,125,9432
19,9576,87,0.0,1298,125,9451
2,9578,87,0.0,1299,125,9453
2,9580,87,0.0,1300,125,9455
3,9583,87,0.0,1301,125,9458
25,9608,87,0.0,1302,125,9483
11,9619,87,0.0,1303,125,9494
8,9627,87,0.0,1304,125,9502
10,9637,87,0.0,1305,125,9512
5,9642,87,0.0,1306,125,9517
13,9655,87,0.0,1307,125,9530
7,9662,87,0.0,1308,125,9537
13,9675,87,0.0,1309,125,9550
4,9679,87,0.0,1310,125,9554
6,9685,87,0.0,1311,125,9560
3,9688,87,0.0,1312,125,9563
3,9691,87,0.0,1313,125,9566
9,9700,87,0.0,1314,125,9575
17,9717,87,0.0,1315,125,9592
2,9719,87,0.0,1316,125,9594
6,9725,87,0.0,1317,125,9600
8,9733,87,0.0,1318,125,9608
25,9758,87,0.0,1319,125,9633
2,9760,87,0.0,1320,125,9635
13,9773,87,0.0,1321,125,9648
3,9776,87,0.0,1322,125,9651
6,9782,87,0.0,1323,125,9657
3,9785,87,0.0,1324,125,9660
2,9787,87,0.0,1325,125,9662
2,9789,87,0.0,1326,125,9664
8,9797,87,0.0,1327,125,9672
2,9799,87,0.0,1328,125,9674
10,9809,88,1.0,1329,125,9684
15,9824,88,0.0,1330,125,9699
35,9859,88,0.0,1331,125,9734
3,9862,88,0.0,1332,125,9737
3,9865,88,0.0,1333,125,9740
3,9868,88,0.0,1334,125,9743
7,9875,88,0.0,1335,125,9750
2,9877,88,0.0,1336,125,9752
2,9879,88,0.0,1337,125,9754
9,9888,88,0.0,1338,125,9763
3,9891,88,0.0,1339,125,9766
3,9894,88,0.0,1340,125,9769
11,9905,89,1.0,1341,125,9780
8,9913,90,1.0,1342,125,9788
6,9919,90,0.0,1343,125,9794
6,9925,90,0.0,1344,125,9800
5,9930,90,0.0,1345,125,9805
7,9937,90,0.0,1346,125,9812
9,9946,90,0.0,1347,125,9821
7,9953,90,0.0,1348,125,9828
8,9961,91,1.0,1349,125,9836
8,9969,92,1.0,1350,125,9844
2,9971,92,0.0,1351,125,9846
10,9981,93,1.0,1352,125,9856
5,9986,93,0.0,1353,125,9861
2,9988,93,0.0,1354,125,9863
8,9996,94,1.0,1355,125,9871
6,10002,94,0.0,1356,125,9877
14,10016,94,0.0,1357,125,9891
3,10019,94,0.0,1358,125,9894
6,10025,94,0.0,1359,125,9900
7,10032,94,0.0,1360,125,9907
4,10036,94,0.0,1361,125,9911
2,10038,94,0.0,1362,125,9913
2,10040,94,0.0,1363,125,9915
2,10042,94,0.0,1364,125,9917
4,10046,94,0.0,1365,125,9921
4,10050,94,0.0,1366,125,9925
3,10053,94,0.0,1367,125,9928
8,10061,94,0.0,1368,125,9936
3,10064,94,0.0,1369,125,9939
7,10071,94,0.0,1370,125,9946
4,10075,94,0.0,1371,125,9950
15,10090,94,0.0,1372,125,9965
11,10101,94,0.0,1373,125,9976
7,10108,94,0.0,1374,125,9983
3,10111,94,0.0,1375,125,9986
15,10126,94,0.0,1376,125,10001
6,10132,94,0.0,1377,125,10007
5,10137,94,0.0,1378,125,10012
8,10145,94,0.0,1379,125,10020
2,10147,94,0.0,1380,125,10022
4,10151,94,0.0,1381,125,10026
3,10154,94,0.0,1382,125,10029
5,10159,94,0.0,1383,125,10034
11,10170,94,0.0,1384,125,10045
10,10180,94,0.0,1385,125,10055
22,10202,94,0.0,1386,125,10077
2,10204,94,0.0,1387,125,10079
4,10208,94,0.0,1388,125,10083
4,10212,94,0.0,1389,125,10087
18,10230,94,0.0,1390,125,10105
4,10234,94,0.0,1391,125,10109
7,10241,94,0.0,1392,125,10116
15,10256,94,0.0,1393,125,10131
3,10259,94,0.0,1394,125,10134
16,10275,95,1.0,1395,125,10150
4,10279,95,0.0,1396,125,10154
5,10284,95,0.0,1397,125,10159
4,10288,95,0.0,1398,125,10163
4,10292,95,0.0,1399,125,10167
3,10295,95,0.0,1400,125,10170
5,10300,95,0.0,1401,125,10175
11,10311,95,0.0,1402,125,10186
3,10314,95,0.0,1403,125,10189
4,10318,95,0.0,1404,125,10193
2,10320,95,0.0,1405,125,10195
6,10326,95,0.0,1406,125,10201
3,10329,95,0.0,1407,125,10204
6,10335,95,0.0,1408,125,10210
6,10341,95,0.0,1409,125,10216
2,10343,95,0.0,1410,125,10218
6,10349,95,0.0,1411,125,10224
7,10356,95,0.0,1412,125,10231
4,10360,95,0.0,1413,125,10235
2,10362,95,0.0,1414,125,10237
11,10373,95,0.0,1415,125,10248
4,10377,95,0.0,1416,125,10252
2,10379,95,0.0,1417,125,10254
14,10393,95,0.0,1418,125,10268
4,10397,95,0.0,1419,125,10272
8,10405,95,0.0,1420,125,10280
20,10425,95,0.0,1421,125,10300
3,10428,95,0.0,1422,125,10303
4,10432,95,0.0,1423,125,10307
7,10439,95,0.0,1424,125,10314
2,10441,95,0.0,1425,125,10316
4,10445,95,0.0,1426,125,10320
5,10450,95,0.0,1427,125,10325
3,10453,95,0.0,1428,125,10328
20,10473,95,0.0,1429,125,10348
6,10479,95,0.0,1430,125,10354
2,10481,95,0.0,1431,125,10356
6,10487,95,0.0,1432,125,10362
13,10500,96,1.0,1433,125,10375
7,10507,96,0.0,1434,125,10382
8,10515,96,0.0,1435,125,10390
8,10523,96,0.0,1436,125,10398
17,10540,96,0.0,1437,125,10415
20,10560,96,0.0,1438,125,10435
16,10576,96,0.0,1439,125,10451
2,10578,96,0.0,1440,125,10453
2,10580,96,0.0,1441,125,10455
3,10583,96,0.0,1442,125,10458
7,10590,96,0.0,1443,125,10465
12,10602,96,0.0,1444,125,10477
6,10608,96,0.0,1445,125,10483
2,10610,96,0.0,1446,125,10485
4,10614,96,0.0,1447,125,10489
4,10618,96,0.0,1448,125,10493
2,10620,96,0.0,1449,125,10495
6,10626,96,0.0,1450,125,10501
5,10631,96,0.0,1451,125,10506
3,10634,96,0.0,1452,125,10509
2,10636,96,0.0,1453,125,10511
2,10638,96,0.0,1454,125,10513
9,10647,96,0.0,1455,125,10522
10,10657,96,0.0,1456,125,10532
10,10667,96,0.0,1457,125,10542
5,10672,96,0.0,1458,125,10547
2,10674,96,0.0,1459,125,10549
9,10683,96,0.0,1460,125,10558
7,10690,96,0.0,1461,125,10565
8,10698,97,1.0,1462,125,10573
4,10702,97,0.0,1463,125,10577
7,10709,97,0.0,1464,125,10584
6,10715,97,0.0,1465,125,10590
11,10726,97,0.0,1466,125,10601
3,10729,97,0.0,1467,125,10604
4,10733,97,0.0,1468,125,10608
4,10737,97,0.0,1469,125,10612
3,10740,97,0.0,1470,125,10615
6,10746,97,0.0,1471,125,10621
15,10761,97,0.0,1472,125,10636
6,10767,97,0.0,1473,125,10642
5,10772,97,0.0,1474,125,10647
3,10775,97,0.0,1475,125,10650
2,10777,97,0.0,1476,125,10652
19,10796,97,0.0,1477,125,10671
8,10804,98,1.0,1478,125,10679
2,10806,98,0.0,1479,125,10681
13,10819,98,0.0,1480,125,10694
16,10835,99,1.0,1481,125,10710
8,10843,100,1.0,1482,125,10718
4,10847,100,0.0,1483,125,10722
4,10851,100,0.0,1484,125,10726
20,10871,100,0.0,1485,125,10746
14,10885,100,0.0,1486,125,10760
8,10893,101,1.0,1487,125,10768
10,10903,101,0.0,1488,125,10778
3,10906,101,0.0,1489,125,10781
11,10917,101,0.0,1490,125,10792
8,10925,102,1.0,1491,125,10800
5,10930,102,0.0,1492,125,10805
20,10950,102,0.0,1493,125,10825
3,10953,102,0.0,1494,125,10828
3,10956,102,0.0,1495,125,10831
7,10963,102,0.0,1496,125,10838
5,10968,102,0.0,1497,125,10843
6,10974,102,0.0,1498,125,10849
2,10976,102,0.0,1499,125,10851
2,10978,102,0.0,1500,125,10853
7,10985,102,0.0,1501,125,10860
8,10993,102,0.0,1502,125,10868
16,11009,103,1.0,1503,125,10884
10,11019,103,0.0,1504,125,10894
9,11028,103,0.0,1505,125,10903
14,11042,103,0.0,1506,125,10917
2,11044,103,0.0,1507,125,10919
4,11048,103,0.0,1508,125,10923
5,11053,103,0.0,1509,125,10928
4,11057,103,0.0,1510,125,10932
4,11061,103,0.0,1511,125,10936
3,11064,103,0.0,1512,125,10939
9,11073,103,0.0,1513,125,10948
4,11077,103,0.0,1514,125,10952
3,11080,103,0.0,1515,125,10955
4,11084,103,0.0,1516,125,10959
12,11096,103,0.0,1517,125,10971
3,11099,103,0.0,1518,125,10974
2,11101,103,0.0,1519,125,10976
9,11110,103,0.0,1520,125,10985
4,11114,103,0.0,1521,125,10989
7,11121,103,0.0,1522,125,10996
4,11125,103,0.0,1523,125,11000
2,11127,103,0.0,1524,125,11002
10,11137,104,1.0,1525,125,11012
6,11143,104,0.0,1526,125,11018
7,11150,104,0.0,1527,125,11025
2,11152,104,0.0,1528,125,11027
9,11161,104,0.0,1529,125,11036
12,11173,104,0.0,1530,125,11048
6,11179,104,0.0,1531,125,11054
13,11192,104,0.0,1532,125,11067
7,11199,104,0.0,1533,125,11074
11,11210,104,0.0,1534,125,11085
15,11225,104,0.0,1535,125,11100
6,11231,104,0.0,1536,125,11106
12,11243,105,1.0,1537,125,11118
8,11251,105,0.0,1538,125,11126
3,11254,105,0.0,1539,125,11129
7,11261,105,0.0,1540,125,11136
14,11275,105,0.0,1541,125,11150
8,11283,106,1.0,1542,125,11158
11,11294,106,0.0,1543,125,11169
17,11311,106,0.0,1544,125,11186
9,11320,106,0.0,1545,125,11195
2,11322,106,0.0,1546,125,11197
22,11344,106,0.0,1547,125,11219
30,11374,106,0.0,1548,125,11249
14,11388,106,0.0,1549,125,11263
3,11391,106,0.0,1550,125,11266
7,11398,106,0.0,1551,125,11273
5,11403,106,0.0,1552,125,11278
7,11410,106,0.0,1553,125,11285
8,11418,107,1.0,1554,125,11293
6,11424,107,0.0,1555,125,11299
2,11426,107,0.0,1556,125,11301
7,11433,107,0.0,1557,125,11308
5,11438,107,0.0,1558,125,11313
6,11444,107,0.0,1559,125,11319
6,11450,107,0.0,1560,125,11325
10,11460,107,0.0,1561,125,11335
17,11477,107,0.0,1562,125,11352
7,11484,107,0.0,1563,125,11359
12,11496,107,0.0,1564,125,11371
8,11504,108,1.0,1565,125,11379
2,11506,108,0.0,1566,125,11381
2,11508,108,0.0,1567,125,11383
5,11513,108,0.0,1568,125,11388
16,11529,108,0.0,1569,125,11404
4,11533,108,0.0,1570,125,11408
4,11537,108,0.0,1571,125,11412
13,11550,108,0.0,1572,125,11425
3,11553,108,0.0,1573,125,11428
15,11568,108,0.0,1574,125,11443
5,11573,108,0.0,1575,125,11448
18,11591,108,0.0,1576,125,11466
4,11595,108,0.0,1577,125,11470
2,11597,108,0.0,1578,125,11472
4,11601,108,0.0,1579,125,11476
4,11605,108,0.0,1580,125,11480
7,11612,108,0.0,1581,125,11487
13,11625,108,0.0,1582,125,11500
9,11634,108,0.0,1583,125,11509
7,11641,108,0.0,1584,125,11516
2,11643,108,0.0,1585,125,11518
7,11650,108,0.0,1586,125,11525
5,11655,108,0.0,1587,125,11530
6,11661,108,0.0,1588,125,11536
5,11666,108,0.0,1589,125,11541
4,11670,108,0.0,1590,125,11545
5,11675,108,0.0,1591,125,11550
8,11683,109,1.0,1592,125,11558
14,11697,109,0.0,1593,125,11572
14,11711,109,0.0,1594,125,11586
8,11719,109,0.0,1595,125,11594
16,11735,110,1.0,1596,125,11610
4,11739,110,0.0,1597,125,11614
2,11741,110,0.0,1598,125,11616
18,11759,110,0.0,1599,125,11634
6,11765,110,0.0,1600,125,11640
6,11771,110,0.0,1601,125,11646
19,11790,110,0.0,1602,125,11665
3,11793,110,0.0,1603,125,11668
2,11795,110,0.0,1604,125,11670
6,11801,110,0.0,1605,125,11676
5,11806,110,0.0,1606,125,11681
2,11808,110,0.0,1607,125,11683
4,11812,110,0.0,1608,125,11687
7,11819,110,0.0,1609,125,11694
17,11836,110,0.0,1610,125,11711
4,11840,110,0.0,1611,125,11715
5,11845,110,0.0,1612,125,11720
6,11851,110,0.0,1613,125,11726
3,11854,110,0.0,1614,125,11729
7,11861,110,0.0,1615,125,11736
6,11867,110,0.0,1616,125,11742
4,11871,110,0.0,1617,125,11746
6,11877,110,0.0,1618,125,11752
9,11886,110,0.0,1619,125,11761
2,11888,110,0.0,1620,125,11763
5,11893,110,0.0,1621,125,11768
5,11898,110,0.0,1622,125,11773
11,11909,110,0.0,1623,125,11784
4,11913,110,0.0,1624,125,11788
5,11918,110,0.0,1625,125,11793
18,11936,110,0.0,1626,125,11811
6,11942,110,0.0,1627,125,11817
2,11944,110,0.0,1628,125,11819
2,11946,110,0.0,1629,125,11821
6,11952,110,0.0,1630,125,11827
2,11954,110,0.0,1631,125,11829
4,11958,110,0.0,1632,125,11833
5,11963,110,0.0,1633,125,11838
7,11970,110,0.0,1634,125,11845
4,11974,110,0.0,1635,125,11849
4,11978,110,0.0,1636,125,11853
6,11984,110,0.0,1637,125,11859
4,11988,110,0.0,1638,125,11863
3,11991,110,0.0,1639,125,11866
19,12010,110,0.0,1640,125,11885
7,12017,110,0.0,1641,125,11892
6,12023,110,0.0,1642,125,11898
15,12038,110,0.0,1643,126,11912
8,12046,111,1.0,1644,126,11920
5,12051,111,0.0,1645,126,11925
7,12058,111,0.0,1646,126,11932
4,12062,111,0.0,1647,126,11936
5,12067,111,0.0,1648,126,11941
6,12073,111,0.0,1649,126,11947
2,12075,111,0.0,1650,126,11949
16,12091,112,1.0,1651,126,11965
5,12096,112,0.0,1652,126,11970
3,12099,112,0.0,1653,126,11973
6,12105,112,0.0,1654,126,11979
7,12112,112,0.0,1655,126,11986
9,12121,112,0.0,1656,126,11995
6,12127,112,0.0,1657,126,12001
3,12130,112,0.0,1658,126,12004
3,12133,112,0.0,1659,126,12007
4,12137,112,0.0,1660,126,12011
14,12151,112,0.0,1661,126,12025
3,12154,112,0.0,1662,126,12028
8,12162,113,1.0,1663,126,12036
5,12167,113,0.0,1664,126,12041
7,12174,113,0.0,1665,126,12048
8,12182,113,0.0,1666,126,12056
4,12186,113,0.0,1667,126,12060
20,12206,113,0.0,1668,126,12080
6,12212,113,0.0,1669,126,12086
7,12219,113,0.0,1670,126,12093
17,12236,113,0.0,1671,126,12110
5,12241,113,0.0,1672,126,12115
8,12249,113,0.0,1673,126,12123
17,12266,113,0.0,1674,126,12140
4,12270,113,0.0,1675,126,12144
11,12281,113,0.0,1676,126,12155
5,12286,113,0.0,1677,126,12160
14,12300,113,0.0,1678,126,12174
8,12308,114,1.0,1679,126,12182
7,12315,114,0.0,1680,126,12189
2,12317,114,0.0,1681,126,12191
2,12319,114,0.0,1682,126,12193
2,12321,114,0.0,1683,126,12195
9,12330,114,0.0,1684,126,12204
3,12333,114,0.0,1685,126,12207
19,12352,114,0.0,1686,126,12226
15,12367,114,0.0,1687,126,12241
4,12371,114,0.0,1688,126,12245
8,12379,114,0.0,1689,126,12253
6,12385,114,0.0,1690,126,12259
15,12400,114,0.0,1691,126,12274
8,12408,114,0.0,1692,126,12282
12,12420,114,0.0,1693,126,12294
19,12439,114,0.0,1694,126,12313
6,12445,114,0.0,1695,126,12319
4,12449,114,0.0,1696,126,12323
16,12465,115,1.0,1697,126,12339
2,12467,115,0.0,1698,126,12341
14,12481,115,0.0,1699,126,12355
7,12488,115,0.0,1700,126,12362
3,12491,115,0.0,1701,126,12365
2,12493,115,0.0,1702,126,12367
15,12508,115,0.0,1703,126,12382
8,12516,115,0.0,1704,126,12390
7,12523,115,0.0,1705,126,12397
19,12542,115,0.0,1706,126,12416
9,12551,115,0.0,1707,126,12425
6,12557,115,0.0,1708,126,12431
17,12574,115,0.0,1709,126,12448
8,12582,116,1.0,1710,126,12456
11,12593,116,0.0,1711,126,12467
5,12598,116,0.0,1712,126,12472
8,12606,116,0.0,1713,126,12480
12,12618,116,0.0,1714,126,12492
8,12626,116,0.0,1715,126,12500
2,12628,116,0.0,1716,126,12502
7,12635,116,0.0,1717,126,12509
13,12648,116,0.0,1718,126,12522
5,12653,116,0.0,1719,126,12527
24,12677,116,0.0,1720,126,12551
2,12679,116,0.0,1721,126,12553
6,12685,116,0.0,1722,126,12559
3,12688,116,0.0,1723,126,12562
8,12696,116,0.0,1724,126,12570
4,12700,116,0.0,1725,126,12574
3,12703,116,0.0,1726,126,12577
2,12705,116,0.0,1727,126,12579
9,12714,116,0.0,1728,126,12588
5,12719,116,0.0,1729,126,12593
5,12724,116,0.0,1730,126,12598
4,12728,116,0.0,1731,126,12602
39,12767,116,0.0,1732,126,12641
3,12770,116,0.0,1733,126,12644
4,12774,116,0.0,1734,126,12648
5,12779,116,0.0,1735,126,12653
6,12785,116,0.0,1736,126,12659
6,12791,116,0.0,1737,126,12665
2,12793,116,0.0,1738,126,12667
2,12795,116,0.0,1739,126,12669
8,12803,117,1.0,1740,126,12677
9,12812,117,0.0,1741,126,12686
5,12817,117,0.0,1742,126,12691
2,12819,117,0.0,1743,126,12693
4,12823,117,0.0,1744,126,12697
9,12832,117,0.0,1745,126,12706
2,12834,117,0.0,1746,126,12708
17,12851,117,0.0,1747,126,12725
7,12858,117,0.0,1748,126,12732
5,12863,117,0.0,1749,126,12737
3,12866,117,0.0,1750,126,12740
5,12871,117,0.0,1751,126,12745
5,12876,117,0.0,1752,126,12750
2,12878,117,0.0,1753,126,12752
15,12893,117,0.0,1754,126,12767
2,12895,117,0.0,1755,126,12769
5,12900,117,0.0,1756,126,12774
14,12914,117,0.0,1757,126,12788
25,12939,117,0.0,1758,126,12813
9,12948,117,0.0,1759,126,12822
6,12954,117,0.0,1760,126,12828
6,12960,117,0.0,1761,126,12834
3,12963,117,0.0,1762,126,12837
15,12978,117,0.0,1763,126,12852
17,12995,117,0.0,1764,126,12869
9,13004,117,0.0,1765,126,12878
3,13007,117,0.0,1766,126,12881
5,13012,117,0.0,1767,126,12886
2,13014,117,0.0,1768,126,12888
5,13019,117,0.0,1769,126,12893
5,13024,117,0.0,1770,126,12898
13,13037,117,0.0,1771,126,12911
7,13044,117,0.0,1772,126,12918
8,13052,118,1.0,1773,126,12926
7,13059,118,0.0,1774,126,12933
5,13064,118,0.0,1775,126,12938
11,13075,119,1.0,1776,126,12949
3,13078,119,0.0,1777,126,12952
3,13081,119,0.0,1778,126,12955
6,13087,119,0.0,1779,126,12961
9,13096,119,0.0,1780,126,12970
9,13105,119,0.0,1781,126,12979
8,13113,119,0.0,1782,126,12987
7,13120,119,0.0,1783,126,12994
9,13129,119,0.0,1784,126,13003
6,13135,119,0.0,1785,126,13009
4,13139,119,0.0,1786,126,13013
4,13143,119,0.0,1787,126,13017
5,13148,119,0.0,1788,126,13022
13,13161,119,0.0,1789,126,13035
7,13168,119,0.0,1790,126,13042
2,13170,119,0.0,1791,126,13044
8,13178,120,1.0,1792,126,13052
12,13190,120,0.0,1793,126,13064
9,13199,120,0.0,1794,126,13073
8,13207,120,0.0,1795,126,13081
7,13214,120,0.0,1796,126,13088
16,13230,120,0.0,1797,126,13104
2,13232,120,0.0,1798,126,13106
5,13237,120,0.0,1799,126,13111
5,13242,120,0.0,1800,126,13116
6,13248,120,0.0,1801,126,13122
9,13257,120,0.0,1802,126,13131
8,13265,120,0.0,1803,126,13139
16,13281,120,0.0,1804,126,13155
5,13286,120,0.0,1805,126,13160
5,13291,120,0.0,1806,126,13165
12,13303,120,0.0,1807,126,13177
9,13312,120,0.0,1808,126,13186
13,13325,120,0.0,1809,126,13199
7,13332,120,0.0,1810,126,13206
2,13334,120,0.0,1811,126,13208
10,13344,120,0.0,1812,126,13218
15,13359,120,0.0,1813,126,13233
4,13363,120,0.0,1814,126,13237
9,13372,120,0.0,1815,126,13246
15,13387,120,0.0,1816,126,13261
5,13392,120,0.0,1817,126,13266
7,13399,120,0.0,1818,126,13273
14,13413,120,0.0,1819,126,13287
2,13415,120,0.0,1820,126,13289
17,13432,120,0.0,1821,126,13306
11,13443,120,0.0,1822,126,13317
7,13450,120,0.0,1823,126,13324
25,13475,120,0.0,1824,126,13349
2,13477,120,0.0,1825,126,13351
3,13480,120,0.0,1826,126,13354
7,13487,120,0.0,1827,126,13361
8,13495,120,0.0,1828,126,13369
6,13501,120,0.0,1829,126,13375
3,13504,120,0.0,1830,126,13378
8,13512,121,1.0,1831,126,13386
2,13514,121,0.0,1832,126,13388
6,13520,121,0.0,1833,126,13394
9,13529,121,0.0,1834,126,13403
2,13531,121,0.0,1835,126,13405
9,13540,121,0.0,1836,126,13414
7,13547,121,0.0,1837,126,13421
9,13556,121,0.0,1838,126,13430
14,13570,121,0.0,1839,126,13444
7,13577,121,0.0,1840,126,13451
12,13589,121,0.0,1841,126,13463
6,13595,121,0.0,1842,126,13469
5,13600,121,0.0,1843,126,13474
2,13602,121,0.0,1844,126,13476
4,13606,121,0.0,1845,126,13480
5,13611,121,0.0,1846,126,13485
3,13614,121,0.0,1847,126,13488
5,13619,121,0.0,1848,126,13493
2,13621,121,0.0,1849,126,13495
4,13625,121,0.0,1850,126,13499
5,13630,121,0.0,1851,126,13504
5,13635,121,0.0,1852,126,13509
7,13642,121,0.0,1853,126,13516
9,13651,121,0.0,1854,126,13525
6,13657,121,0.0,1855,126,13531
2,13659,121,0.0,1856,126,13533
14,13673,121,0.0,1857,126,13547
14,13687,121,0.0,1858,126,13561
8,13695,122,1.0,1859,126,13569
22,13717,122,0.0,1860,126,13591
2,13719,122,0.0,1861,126,13593
6,13725,122,0.0,1862,126,13599
26,13751,122,0.0,1863,126,13625
6,13757,122,0.0,1864,126,13631
6,13763,122,0.0,1865,126,13637
3,13766,122,0.0,1866,126,13640
10,13776,122,0.0,1867,126,13650
2,13778,122,0.0,1868,126,13652
2,13780,122,0.0,1869,126,13654
6,13786,122,0.0,1870,126,13660
5,13791,122,0.0,1871,126,13665
2,13793,122,0.0,1872,126,13667
3,13796,122,0.0,1873,126,13670
3,13799,122,0.0,1874,126,13673
9,13808,122,0.0,1875,126,13682
12,13820,122,0.0,1876,126,13694
10,13830,123,1.0,1877,126,13704
19,13849,123,0.0,1878,126,13723
2,13851,123,0.0,1879,126,13725
17,13868,123,0.0,1880,126,13742
2,13870,123,0.0,1881,126,13744
7,13877,123,0.0,1882,126,13751
5,13882,123,0.0,1883,126,13756
7,13889,123,0.0,1884,126,13763
7,13896,123,0.0,1885,126,13770
6,13902,123,0.0,1886,126,13776
26,13928,123,0.0,1887,126,13802
7,13935,123,0.0,1888,126,13809
8,13943,123,0.0,1889,126,13817
29,13972,123,0.0,1890,126,13846
16,13988,123,0.0,1891,126,13862
7,13995,123,0.0,1892,126,13869
19,14014,123,0.0,1893,126,13888
3,14017,123,0.0,1894,126,13891
12,14029,123,0.0,1895,126,13903
25,14054,123,0.0,1896,126,13928
4,14058,123,0.0,1897,126,13932
6,14064,123,0.0,1898,126,13938
9,14073,123,0.0,1899,126,13947
5,14078,123,0.0,1900,126,13952
5,14083,123,0.0,1901,126,13957
15,14098,123,0.0,1902,126,13972
6,14104,123,0.0,1903,126,13978
7,14111,123,0.0,1904,126,13985
4,14115,123,0.0,1905,126,13989
3,14118,123,0.0,1906,126,13992
12,14130,123,0.0,1907,126,14004
5,14135,123,0.0,1908,126,14009
5,14140,123,0.0,1909,126,14014
11,14151,123,0.0,1910,126,14025
12,14163,123,0.0,1911,126,14037
4,14167,123,0.0,1912,126,14041
7,14174,123,0.0,1913,126,14048
3,14177,123,0.0,1914,126,14051
9,14186,123,0.0,1915,126,14060
3,14189,123,0.0,1916,126,14063
13,14202,123,0.0,1917,126,14076
9,14211,123,0.0,1918,126,14085
2,14213,123,0.0,1919,126,14087
2,14215,123,0.0,1920,126,14089
2,14217,123,0.0,1921,126,14091
7,14224,123,0.0,1922,126,14098
13,14237,123,0.0,1923,126,14111
2,14239,123,0.0,1924,126,14113
3,14242,123,0.0,1925,126,14116
22,14264,123,0.0,1926,126,14138
6,14270,123,0.0,1927,126,14144
4,14274,123,0.0,1928,126,14148
7,14281,123,0.0,1929,126,14155
8,14289,123,0.0,1930,126,14163
9,14298,123,0.0,1931,126,14172
9,14307,123,0.0,1932,126,14181
4,14311,123,0.0,1933,126,14185
20,14331,123,0.0,1934,126,14205
11,14342,123,0.0,1935,126,14216
5,14347,123,0.0,1936,126,14221
6,14353,123,0.0,1937,126,14227
10,14363,123,0.0,1938,126,14237
2,14365,123,0.0,1939,126,14239
8,14373,124,1.0,1940,126,14247
4,14377,124,0.0,1941,126,14251
11,14388,124,0.0,1942,126,14262
11,14399,124,0.0,1943,126,14273
8,14407,124,0.0,1944,126,14281
3,14410,124,0.0,1945,126,14284
6,14416,124,0.0,1946,126,14290
9,14425,124,0.0,1947,126,14299
6,14431,124,0.0,1948,126,14305
2,14433,124,0.0,1949,126,14307
2,14435,124,0.0,1950,126,14309
4,14439,124,0.0,1951,126,14313
15,14454,124,0.0,1952,126,14328
3,14457,124,0.0,1953,126,14331
8,14465,124,0.0,1954,126,14339
5,14470,124,0.0,1955,126,14344
9,14479,124,0.0,1956,126,14353
2,14481,124,0.0,1957,126,14355
9,14490,124,0.0,1958,126,14364
5,14495,124,0.0,1959,126,14369
15,14510,124,0.0,1960,126,14384
8,14518,125,1.0,1961,126,14392
4,14522,125,0.0,1962,126,14396
5,14527,125,0.0,1963,126,14401
14,14541,125,0.0,1964,126,14415
4,14545,125,0.0,1965,126,14419
5,14550,125,0.0,1966,126,14424
5,14555,125,0.0,1967,126,14429
4,14559,125,0.0,1968,126,14433
7,14566,125,0.0,1969,126,14440
7,14573,125,0.0,1970,126,14447
7,14580,125,0.0,1971,126,14454
25,14605,125,0.0,1972,126,14479
11,14616,126,1.0,1973,126,14490
5,14621,126,0.0,1974,126,14495
2,14623,126,0.0,1975,126,14497
7,14630,126,0.0,1976,126,14504
4,14634,126,0.0,1977,126,14508
8,14642,126,0.0,1978,126,14516
2,14644,126,0.0,1979,126,14518
6,14650,126,0.0,1980,126,14524
16,14666,126,0.0,1981,126,14540
3,14669,126,0.0,1982,126,14543
2,14671,126,0.0,1983,126,14545
14,14685,126,0.0,1984,126,14559
4,14689,126,0.0,1985,126,14563
4,14693,126,0.0,1986,126,14567
4,14697,126,0.0,1987,126,14571
3,14700,126,0.0,1988,126,14574
11,14711,127,1.0,1989,126,14585
3,14714,127,0.0,1990,126,14588
3,14717,127,0.0,1991,126,14591
7,14724,127,0.0,1992,126,14598
3,14727,127,0.0,1993,126,14601
19,14746,127,0.0,1994,126,14620
36,14782,127,0.0,1995,126,14656
6,14788,127,0.0,1996,126,14662
7,14795,127,0.0,1997,126,14669
3,14798,127,0.0,1998,126,14672
3,14801,127,0.0,1999,126,14675
7,14808,127,0.0,2000,126,14682
16,14824,127,0.0,2001,126,14698
6,14830,127,0.0,2002,126,14704
6,14836,127,0.0,2003,126,14710
2,14838,127,0.0,2004,126,14712
7,14845,127,0.0,2005,126,14719
17,14862,127,0.0,2006,126,14736
2,14864,127,0.0,2007,126,14738
7,14871,127,0.0,2008,126,14745
6,14877,127,0.0,2009,126,14751
2,14879,127,0.0,2010,126,14753
9,14888,127,0.0,2011,126,14762
19,14907,127,0.0,2012,126,14781
5,14912,127,0.0,2013,126,14786
6,14918,127,0.0,2014,126,14792
6,14924,127,0.0,2015,126,14798
6,14930,127,0.0,2016,126,14804
12,14942,127,0.0,2017,126,14816
4,14946,127,0.0,2018,126,14820
7,14953,127,0.0,2019,126,14827
9,14962,127,0.0,2020,126,14836
3,14965,127,0.0,2021,126,14839
7,14972,127,0.0,2022,126,14846
5,14977,127,0.0,2023,126,14851
3,14980,127,0.0,2024,126,14854
14,14994,127,0.0,2025,126,14868
9,15003,127,0.0,2026,126,14877
6,15009,127,0.0,2027,126,14883
2,15011,127,0.0,2028,126,14885
2,15013,127,0.0,2029,126,14887
3,15016,127,0.0,2030,126,14890
5,15021,127,0.0,2031,126,14895
9,15030,127,0.0,2032,126,14904
8,15038,127,0.0,2033,126,14912
8,15046,127,0.0,2034,126,14920
2,15048,127,0.0,2035,126,14922
7,15055,127,0.0,2036,126,14929
13,15068,127,0.0,2037,126,14942
12,15080,127,0.0,2038,126,14954
14,15094,127,0.0,2039,126,14968
8,15102,127,0.0,2040,126,14976
8,15110,128,1.0,2041,126,14984
3,15113,128,0.0,2042,126,14987
16,15129,128,0.0,2043,126,15003
7,15136,128,0.0,2044,126,15010
13,15149,128,0.0,2045,126,15023
6,15155,128,0.0,2046,126,15029
3,15158,128,0.0,2047,126,15032
2,15160,128,0.0,2048,126,15034
6,15166,128,0.0,2049,126,15040
27,15193,128,0.0,2050,126,15067
11,15204,128,0.0,2051,126,15078
8,15212,129,1.0,2052,126,15086
7,15219,129,0.0,2053,126,15093
2,15221,129,0.0,2054,126,15095
8,15229,129,0.0,2055,126,15103
2,15231,129,0.0,2056,126,15105
11,15242,130,1.0,2057,126,15116
3,15245,130,0.0,2058,126,15119
6,15251,130,0.0,2059,126,15125
16,15267,130,0.0,2060,126,15141
4,15271,130,0.0,2061,126,15145
7,15278,130,0.0,2062,126,15152
2,15280,130,0.0,2063,126,15154
9,15289,130,0.0,2064,126,15163
14,15303,130,0.0,2065,126,15177
2,15305,130,0.0,2066,126,15179
5,15310,130,0.0,2067,126,15184
4,15314,130,0.0,2068,126,15188
3,15317,130,0.0,2069,126,15191
2,15319,130,0.0,2070,126,15193
2,15321,130,0.0,2071,126,15195
7,15328,130,0.0,2072,126,15202
5,15333,130,0.0,2073,126,15207
2,15335,130,0.0,2074,126,15209
4,15339,130,0.0,2075,126,15213
15,15354,130,0.0,2076,126,15228
7,15361,130,0.0,2077,126,15235
13,15374,130,0.0,2078,126,15248
10,15384,130,0.0,2079,126,15258
13,15397,130,0.0,2080,126,15271
8,15405,130,0.0,2081,126,15279
3,15408,130,0.0,2082,126,15282
10,15418,130,0.0,2083,126,15292
7,15425,130,0.0,2084,126,15299
7,15432,130,0.0,2085,126,15306
3,15435,130,0.0,2086,126,15309
2,15437,130,0.0,2087,126,15311
6,15443,130,0.0,2088,126,15317
4,15447,130,0.0,2089,126,15321
5,15452,130,0.0,2090,126,15326
8,15460,131,1.0,2091,126,15334
6,15466,131,0.0,2092,126,15340
16,15482,132,1.0,2093,126,15356
9,15491,132,0.0,2094,126,15365
6,15497,132,0.0,2095,126,15371
7,15504,132,0.0,2096,126,15378
7,15511,132,0.0,2097,126,15385
2,15513,132,0.0,2098,126,15387
8,15521,132,0.0,2099,126,15395
12,15533,132,0.0,2100,126,15407
16,15549,133,1.0,2101,126,15423
6,15555,133,0.0,2102,126,15429
5,15560,133,0.0,2103,126,15434
3,15563,133,0.0,2104,126,15437
5,15568,133,0.0,2105,126,15442
4,15572,133,0.0,2106,126,15446
11,15583,133,0.0,2107,126,15457
2,15585,133,0.0,2108,126,15459
8,15593,133,0.0,2109,126,15467
4,15597,133,0.0,2110,126,15471
14,15611,133,0.0,2111,126,15485
12,15623,133,0.0,2112,126,15497
3,15626,133,0.0,2113,126,15500
11,15637,133,0.0,2114,126,15511
3,15640,133,0.0,2115,126,15514
3,15643,133,0.0,2116,126,15517
15,15658,133,0.0,2117,126,15532
3,15661,133,0.0,2118,126,15535
6,15667,133,0.0,2119,126,15541
5,15672,133,0.0,2120,126,15546
14,15686,133,0.0,2121,126,15560
5,15691,133,0.0,2122,126,15565
2,15693,133,0.0,2123,126,15567
4,15697,133,0.0,2124,126,15571
2,15699,133,0.0,2125,126,15573
9,15708,133,0.0,2126,126,15582
2,15710,133,0.0,2127,126,15584
6,15716,133,0.0,2128,126,15590
3,15719,133,0.0,2129,126,15593
3,15722,133,0.0,2130,126,15596
8,15730,133,0.0,2131,126,15604
12,15742,133,0.0,2132,126,15616
6,15748,133,0.0,2133,126,15622
12,15760,133,0.0,2134,126,15634
7,15767,133,0.0,2135,126,15641
2,15769,133,0.0,2136,126,15643
5,15774,133,0.0,2137,126,15648
3,15777,133,0.0,2138,126,15651
9,15786,133,0.0,2139,126,15660
2,15788,133,0.0,2140,126,15662
5,15793,133,0.0,2141,126,15667
6,15799,133,0.0,2142,126,15673
2,15801,133,0.0,2143,126,15675
4,15805,133,0.0,2144,126,15679
4,15809,133,0.0,2145,126,15683
10,15819,133,0.0,2146,126,15693
7,15826,133,0.0,2147,126,15700
8,15834,134,1.0,2148,126,15708
11,15845,134,0.0,2149,126,15719
3,15848,134,0.0,2150,126,15722
7,15855,134,0.0,2151,126,15729
6,15861,134,0.0,2152,126,15735
4,15865,134,0.0,2153,126,15739
6,15871,134,0.0,2154,126,15745
5,15876,134,0.0,2155,126,15750
2,15878,134,0.0,2156,126,15752
2,15880,134,0.0,2157,126,15754
11,15891,135,1.0,2158,126,15765
9,15900,135,0.0,2159,126,15774
6,15906,135,0.0,2160,126,15780
3,15909,135,0.0,2161,126,15783
5,15914,135,0.0,2162,126,15788
10,15924,135,0.0,2163,126,15798
5,15929,135,0.0,2164,126,15803
2,15931,135,0.0,2165,126,15805
6,15937,135,0.0,2166,126,15811
17,15954,135,0.0,2167,126,15828
4,15958,135,0.0,2168,126,15832
6,15964,135,0.0,2169,126,15838
3,15967,135,0.0,2170,126,15841
3,15970,135,0.0,2171,126,15844
16,15986,135,0.0,2172,126,15860
6,15992,135,0.0,2173,126,15866
3,15995,135,0.0,2174,126,15869
7,16002,135,0.0,2175,126,15876
15,16017,135,0.0,2176,126,15891
5,16022,135,0.0,2177,126,15896
2,16024,135,0.0,2178,126,15898
9,16033,135,0.0,2179,126,15907
8,16041,136,1.0,2180,126,15915
4,16045,136,0.0,2181,126,15919
3,16048,136,0.0,2182,126,15922
5,16053,136,0.0,2183,126,15927
8,16061,137,1.0,2184,126,15935
2,16063,137,0.0,2185,126,15937
16,16079,137,0.0,2186,126,15953
2,16081,137,0.0,2187,126,15955
8,16089,138,1.0,2188,126,15963
11,16100,138,0.0,2189,126,15974
5,16105,138,0.0,2190,126,15979
4,16109,138,0.0,2191,126,15983
12,16121,138,0.0,2192,126,15995
20,16141,138,0.0,2193,126,16015
6,16147,138,0.0,2194,126,16021
5,16152,138,0.0,2195,126,16026
12,16164,138,0.0,2196,126,16038
4,16168,138,0.0,2197,126,16042
9,16177,138,0.0,2198,126,16051
3,16180,138,0.0,2199,126,16054
3,16183,138,0.0,2200,126,16057
3,16186,138,0.0,2201,126,16060
5,16191,138,0.0,2202,126,16065
2,16193,138,0.0,2203,126,16067
2,16195,138,0.0,2204,126,16069
7,16202,138,0.0,2205,126,16076
5,16207,138,0.0,2206,126,16081
5,16212,138,0.0,2207,126,16086
4,16216,138,0.0,2208,126,16090
17,16233,138,0.0,2209,126,16107
7,16240,138,0.0,2210,126,16114
2,16242,138,0.0,2211,126,16116
10,16252,138,0.0,2212,126,16126
13,16265,138,0.0,2213,126,16139
3,16268,138,0.0,2214,126,16142
7,16275,138,0.0,2215,126,16149
14,16289,138,0.0,2216,126,16163
2,16291,138,0.0,2217,126,16165
3,16294,138,0.0,2218,126,16168
6,16300,138,0.0,2219,126,16174
2,16302,138,0.0,2220,126,16176
12,16314,138,0.0,2221,126,16188
7,16321,138,0.0,2222,126,16195
2,16323,138,0.0,2223,126,16197
9,16332,138,0.0,2224,126,16206
9,16341,138,0.0,2225,126,16215
10,16351,138,0.0,2226,126,16225
5,16356,138,0.0,2227,126,16230
6,16362,138,0.0,2228,126,16236
13,16375,138,0.0,2229,126,16249
4,16379,138,0.0,2230,126,16253
3,16382,138,0.0,2231,126,16256
3,16385,138,0.0,2232,126,16259
6,16391,138,0.0,2233,126,16265
5,16396,138,0.0,2234,126,16270
6,16402,138,0.0,2235,126,16276
5,16407,138,0.0,2236,126,16281
3,16410,138,0.0,2237,126,16284
6,16416,138,0.0,2238,126,16290
5,16421,138,0.0,2239,126,16295
12,16433,139,1.0,2240,126,16307
15,16448,139,0.0,2241,126,16322
7,16455,139,0.0,2242,126,16329
5,16460,139,0.0,2243,126,16334
6,16466,139,0.0,2244,126,16340
15,16481,139,0.0,2245,126,16355
16,16497,140,1.0,2246,126,16371
3,16500,140,0.0,2247,126,16374
2,16502,140,0.0,2248,126,16376
9,16511,140,0.0,2249,126,16385
7,16518,140,0.0,2250,126,16392
6,16524,140,0.0,2251,126,16398
24,16548,141,1.0,2252,126,16422
11,16559,142,1.0,2253,126,16433
4,16563,142,0.0,2254,126,16437
6,16569,142,0.0,2255,126,16443
9,16578,142,0.0,2256,126,16452
14,16592,142,0.0,2257,126,16466
10,16602,142,0.0,2258,126,16476
11,16613,143,1.0,2259,126,16487
7,16620,143,0.0,2260,126,16494
7,16627,143,0.0,2261,126,16501
8,16635,143,0.0,2262,126,16509
9,16644,143,0.0,2263,126,16518
11,16655,143,0.0,2264,126,16529
3,16658,143,0.0,2265,126,16532
3,16661,143,0.0,2266,126,16535
4,16665,143,0.0,2267,126,16539
3,16668,143,0.0,2268,126,16542
8,16676,144,1.0,2269,126,16550
8,16684,144,0.0,2270,126,16558
22,16706,144,0.0,2271,126,16580
5,16711,144,0.0,2272,126,16585
2,16713,144,0.0,2273,126,16587
6,16719,144,0.0,2274,126,16593
6,16725,144,0.0,2275,126,16599
8,16733,144,0.0,2276,126,16607
2,16735,144,0.0,2277,126,16609
2,16737,144,0.0,2278,126,16611
6,16743,144,0.0,2279,126,16617
9,16752,144,0.0,2280,126,16626
9,16761,144,0.0,2281,126,16635
4,16765,144,0.0,2282,126,16639
15,16780,144,0.0,2283,126,16654
13,16793,144,0.0,2284,126,16667
8,16801,144,0.0,2285,126,16675
10,16811,145,1.0,2286,126,16685
10,16821,146,1.0,2287,126,16695
7,16828,146,0.0,2288,126,16702
12,16840,146,0.0,2289,126,16714
7,16847,146,0.0,2290,126,16721
9,16856,146,0.0,2291,126,16730
2,16858,146,0.0,2292,126,16732
2,16860,146,0.0,2293,126,16734
9,16869,146,0.0,2294,126,16743
4,16873,146,0.0,2295,126,16747
28,16901,146,0.0,2296,126,16775
7,16908,146,0.0,2297,126,16782
2,16910,146,0.0,2298,126,16784
4,16914,146,0.0,2299,126,16788
7,16921,146,0.0,2300,126,16795
8,16929,147,1.0,2301,126,16803
4,16933,147,0.0,2302,126,16807
12,16945,147,0.0,2303,126,16819
9,16954,147,0.0,2304,126,16828
7,16961,147,0.0,2305,126,16835
16,16977,148,1.0,2306,126,16851
5,16982,148,0.0,2307,126,16856
3,16985,148,0.0,2308,126,16859
12,16997,148,0.0,2309,126,16871
3,17000,148,0.0,2310,126,16874
2,17002,148,0.0,2311,126,16876
14,17016,148,0.0,2312,126,16890
8,17024,148,0.0,2313,126,16898
4,17028,148,0.0,2314,126,16902
19,17047,148,0.0,2315,126,16921
5,17052,148,0.0,2316,126,16926
22,17074,148,0.0,2317,126,16948
4,17078,148,0.0,2318,126,16952
4,17082,148,0.0,2319,126,16956
6,17088,148,0.0,2320,126,16962
4,17092,148,0.0,2321,126,16966
16,17108,149,1.0,2322,126,16982
3,17111,149,0.0,2323,126,16985
6,17117,149,0.0,2324,126,16991
2,17119,149,0.0,2325,126,16993
5,17124,149,0.0,2326,126,16998
17,17141,149,0.0,2327,126,17015
3,17144,149,0.0,2328,126,17018
4,17148,149,0.0,2329,126,17022
7,17155,149,0.0,2330,126,17029
3,17158,149,0.0,2331,126,17032
5,17163,149,0.0,2332,126,17037
6,17169,149,0.0,2333,126,17043
2,17171,149,0.0,2334,126,17045
14,17185,149,0.0,2335,126,17059
11,17196,149,0.0,2336,126,17070
16,17212,150,1.0,2337,126,17086
3,17215,150,0.0,2338,126,17089
2,17217,150,0.0,2339,126,17091
6,17223,150,0.0,2340,126,17097
6,17229,150,0.0,2341,126,17103
9,17238,150,0.0,2342,126,17112
3,17241,150,0.0,2343,126,17115
4,17245,150,0.0,2344,126,17119
4,17249,150,0.0,2345,126,17123
16,17265,150,0.0,2346,126,17139
7,17272,150,0.0,2347,126,17146
4,17276,150,0.0,2348,126,17150
6,17282,150,0.0,2349,126,17156
4,17286,150,0.0,2350,126,17160
29,17315,150,0.0,2351,126,17189
18,17333,150,0.0,2352,126,17207
2,17335,150,0.0,2353,126,17209
7,17342,150,0.0,2354,126,17216
5,17347,150,0.0,2355,126,17221
6,17353,150,0.0,2356,126,17227
4,17357,150,0.0,2357,126,17231
8,17365,151,1.0,2358,126,17239
10,17375,151,0.0,2359,126,17249
2,17377,151,0.0,2360,126,17251
22,17399,151,0.0,2361,126,17273
6,17405,151,0.0,2362,126,17279
11,17416,152,1.0,2363,126,17290
2,17418,152,0.0,2364,126,17292
7,17425,152,0.0,2365,126,17299
6,17431,152,0.0,2366,126,17305
19,17450,152,0.0,2367,126,17324
2,17452,152,0.0,2368,126,17326
6,17458,152,0.0,2369,126,17332
3,17461,152,0.0,2370,126,17335
18,17479,152,0.0,2371,126,17353
2,17481,152,0.0,2372,126,17355
2,17483,152,0.0,2373,126,17357
2,17485,152,0.0,2374,126,17359
8,17493,152,0.0,2375,126,17367
5,17498,152,0.0,2376,126,17372
8,17506,152,0.0,2377,126,17380
2,17508,152,0.0,2378,126,17382
8,17516,152,0.0,2379,126,17390
4,17520,152,0.0,2380,126,17394
17,17537,152,0.0,2381,126,17411
19,17556,152,0.0,2382,126,17430
7,17563,152,0.0,2383,126,17437
11,17574,152,0.0,2384,126,17448
7,17581,152,0.0,2385,126,17455
8,17589,152,0.0,2386,126,17463
3,17592,152,0.0,2387,126,17466
20,17612,152,0.0,2388,126,17486
2,17614,152,0.0,2389,126,17488
8,17622,153,1.0,2390,126,17496
6,17628,153,0.0,2391,126,17502
8,17636,153,0.0,2392,126,17510
4,17640,153,0.0,2393,126,17514
3,17643,153,0.0,2394,126,17517
7,17650,153,0.0,2395,126,17524
7,17657,153,0.0,2396,126,17531
6,17663,153,0.0,2397,126,17537
3,17666,153,0.0,2398,126,17540
16,17682,153,0.0,2399,126,17556
2,17684,153,0.0,2400,126,17558
9,17693,153,0.0,2401,126,17567
4,17697,153,0.0,2402,126,17571
3,17700,153,0.0,2403,126,17574
6,17706,153,0.0,2404,126,17580
20,17726,153,0.0,2405,126,17600
4,17730,153,0.0,2406,126,17604
6,17736,153,0.0,2407,126,17610
7,17743,153,0.0,2408,126,17617
15,17758,153,0.0,2409,126,17632
2,17760,153,0.0,2410,126,17634
5,17765,153,0.0,2411,126,17639
9,17774,153,0.0,2412,126,17648
6,17780,153,0.0,2413,126,17654
10,17790,153,0.0,2414,126,17664
13,17803,153,0.0,2415,126,17677
10,17813,153,0.0,2416,126,17687
3,17816,153,0.0,2417,126,17690
2,17818,153,0.0,2418,126,17692
3,17821,153,0.0,2419,126,17695
7,17828,153,0.0,2420,126,17702
2,17830,153,0.0,2421,126,17704
9,17839,153,0.0,2422,126,17713
6,17845,153,0.0,2423,126,17719
3,17848,153,0.0,2424,126,17722
19,17867,153,0.0,2425,126,17741
9,17876,153,0.0,2426,126,17750
6,17882,153,0.0,2427,126,17756
3,17885,153,0.0,2428,126,17759
6,17891,153,0.0,2429,126,17765
7,17898,153,0.0,2430,126,17772
6,17904,153,0.0,2431,126,17778
18,17922,153,0.0,2432,126,17796
8,17930,154,1.0,2433,126,17804
4,17934,154,0.0,2434,126,17808
8,17942,154,0.0,2435,126,17816
9,17951,154,0.0,2436,126,17825
6,17957,154,0.0,2437,126,17831
2,17959,154,0.0,2438,126,17833
2,17961,154,0.0,2439,126,17835
6,17967,154,0.0,2440,126,17841
14,17981,154,0.0,2441,126,17855
4,17985,154,0.0,2442,126,17859
8,17993,154,0.0,2443,126,17867
9,18002,154,0.0,2444,126,17876
5,18007,154,0.0,2445,126,17881
10,18017,154,0.0,2446,126,17891
2,18019,154,0.0,2447,126,17893
3,18022,154,0.0,2448,126,17896
2,18024,154,0.0,2449,126,17898
16,18040,155,1.0,2450,126,17914
6,18046,155,0.0,2451,126,17920
6,18052,155,0.0,2452,126,17926
20,18072,155,0.0,2453,126,17946
9,18081,155,0.0,2454,126,17955
3,18084,155,0.0,2455,126,17958
4,18088,155,0.0,2456,126,17962
4,18092,155,0.0,2457,126,17966
3,18095,155,0.0,2458,126,17969
2,18097,155,0.0,2459,126,17971
4,18101,155,0.0,2460,126,17975
17,18118,155,0.0,2461,126,17992
24,18142,155,0.0,2462,126,18016
3,18145,155,0.0,2463,126,18019
2,18147,155,0.0,2464,126,18021
15,18162,155,0.0,2465,126,18036
3,18165,155,0.0,2466,126,18039
10,18175,155,0.0,2467,126,18049
4,18179,155,0.0,2468,126,18053
9,18188,155,0.0,2469,126,18062
2,18190,155,0.0,2470,126,18064
9,18199,155,0.0,2471,126,18073
7,18206,155,0.0,2472,126,18080
4,18210,155,0.0,2473,126,18084
10,18220,155,0.0,2474,126,18094
14,18234,155,0.0,2475,126,18108
2,18236,155,0.0,2476,126,18110
20,18256,155,0.0,2477,126,18130
2,18258,155,0.0,2478,126,18132
6,18264,155,0.0,2479,126,18138
8,18272,155,0.0,2480,126,18146
5,18277,155,0.0,2481,126,18151
5,18282,155,0.0,2482,126,18156
31,18313,155,0.0,2483,126,18187
7,18320,155,0.0,2484,126,18194
8,18328,156,1.0,2485,126,18202
16,18344,156,0.0,2486,126,18218
5,18349,156,0.0,2487,126,18223
5,18354,156,0.0,2488,126,18228
20,18374,156,0.0,2489,126,18248
4,18378,156,0.0,2490,126,18252
19,18397,156,0.0,2491,126,18271
6,18403,156,0.0,2492,126,18277
8,18411,156,0.0,2493,126,18285
7,18418,156,0.0,2494,126,18292
11,18429,156,0.0,2495,126,18303
6,18435,156,0.0,2496,126,18309
7,18442,156,0.0,2497,126,18316
6,18448,156,0.0,2498,126,18322
4,18452,156,0.0,2499,126,18326
8,18460,156,0.0,2500,126,18334
9,18469,156,0.0,2501,126,18343
5,18474,156,0.0,2502,126,18348
8,18482,156,0.0,2503,126,18356
6,18488,156,0.0,2504,126,18362
4,18492,156,0.0,2505,126,18366
4,18496,156,0.0,2506,126,18370
8,18504,156,0.0,2507,126,18378
6,18510,156,0.0,2508,126,18384
11,18521,157,1.0,2509,126,18395
8,18529,158,1.0,2510,126,18403
6,18535,158,0.0,2511,126,18409
2,18537,158,0.0,2512,126,18411
4,18541,158,0.0,2513,126,18415
6,18547,158,0.0,2514,126,18421
5,18552,158,0.0,2515,126,18426
4,18556,158,0.0,2516,126,18430
6,18562,158,0.0,2517,126,18436
9,18571,158,0.0,2518,126,18445
18,18589,158,0.0,2519,126,18463
4,18593,158,0.0,2520,126,18467
8,18601,159,1.0,2521,126,18475
8,18609,159,0.0,2522,126,18483
16,18625,160,1.0,2523,126,18499
14,18639,160,0.0,2524,126,18513
6,18645,160,0.0,2525,126,18519
6,18651,160,0.0,2526,126,18525
4,18655,160,0.0,2527,126,18529
3,18658,160,0.0,2528,126,18532
12,18670,160,0.0,2529,126,18544
2,18672,160,0.0,2530,126,18546
3,18675,160,0.0,2531,126,18549
6,18681,160,0.0,2532,126,18555
7,18688,160,0.0,2533,126,18562
4,18692,160,0.0,2534,126,18566
7,18699,160,0.0,2535,126,18573
5,18704,160,0.0,2536,126,18578
7,18711,160,0.0,2537,126,18585
3,18714,160,0.0,2538,126,18588
16,18730,160,0.0,2539,126,18604
3,18733,160,0.0,2540,126,18607
2,18735,160,0.0,2541,126,18609
4,18739,160,0.0,2542,126,18613
8,18747,160,0.0,2543,126,18621
6,18753,160,0.0,2544,126,18627
8,18761,161,1.0,2545,126,18635
6,18767,161,0.0,2546,126,18641
8,18775,162,1.0,2547,126,18649
6,18781,162,0.0,2548,126,18655
5,18786,162,0.0,2549,126,18660
2,18788,162,0.0,2550,126,18662
5,18793,162,0.0,2551,126,18667
7,18800,162,0.0,2552,126,18674
13,18813,162,0.0,2553,126,18687
20,18833,162,0.0,2554,126,18707
7,18840,162,0.0,2555,126,18714
9,18849,162,0.0,2556,126,18723
2,18851,162,0.0,2557,126,18725
7,18858,162,0.0,2558,126,18732
7,18865,162,0.0,2559,126,18739
6,18871,162,0.0,2560,126,18745
4,18875,162,0.0,2561,126,18749
2,18877,162,0.0,2562,126,18751
7,18884,162,0.0,2563,126,18758
5,18889,162,0.0,2564,126,18763
9,18898,162,0.0,2565,126,18772
2,18900,162,0.0,2566,126,18774
5,18905,162,0.0,2567,126,18779
2,18907,162,0.0,2568,126,18781
8,18915,162,0.0,2569,126,18789
8,18923,162,0.0,2570,126,18797
14,18937,162,0.0,2571,126,18811
9,18946,162,0.0,2572,126,18820
13,18959,162,0.0,2573,126,18833
3,18962,162,0.0,2574,126,18836
7,18969,162,0.0,2575,126,18843
3,18972,162,0.0,2576,126,18846
5,18977,162,0.0,2577,126,18851
9,18986,162,0.0,2578,126,18860
2,18988,162,0.0,2579,126,18862
8,18996,162,0.0,2580,126,18870
2,18998,162,0.0,2581,126,18872
2,19000,162,0.0,2582,126,18874
2,19002,162,0.0,2583,126,18876
2,19004,162,0.0,2584,126,18878
19,19023,162,0.0,2585,126,18897
20,19043,162,0.0,2586,126,18917
20,19063,162,0.0,2587,126,18937
17,19080,162,0.0,2588,126,18954
6,19086,162,0.0,2589,126,18960
4,19090,162,0.0,2590,126,18964
4,19094,162,0.0,2591,126,18968
11,19105,162,0.0,2592,126,18979
2,19107,162,0.0,2593,126,18981
9,19116,162,0.0,2594,126,18990
14,19130,162,0.0,2595,126,19004
19,19149,162,0.0,2596,126,19023
3,19152,162,0.0,2597,126,19026
3,19155,162,0.0,2598,126,19029
3,19158,162,0.0,2599,126,19032
20,19178,162,0.0,2600,126,19052
2,19180,162,0.0,2601,126,19054
7,19187,162,0.0,2602,126,19061
7,19194,162,0.0,2603,126,19068
6,19200,162,0.0,2604,126,19074
4,19204,162,0.0,2605,126,19078
6,19210,162,0.0,2606,126,19084
7,19217,162,0.0,2607,126,19091
2,19219,162,0.0,2608,126,19093
6,19225,162,0.0,2609,126,19099
4,19229,162,0.0,2610,126,19103
3,19232,162,0.0,2611,126,19106
3,19235,162,0.0,2612,126,19109
5,19240,162,0.0,2613,126,19114
2,19242,162,0.0,2614,126,19116
7,19249,162,0.0,2615,126,19123
10,19259,162,0.0,2616,126,19133
2,19261,162,0.0,2617,126,19135
7,19268,162,0.0,2618,126,19142
2,19270,162,0.0,2619,126,19144
14,19284,162,0.0,2620,126,19158
2,19286,162,0.0,2621,126,19160
5,19291,162,0.0,2622,126,19165
7,19298,162,0.0,2623,126,19172
8,19306,162,0.0,2624,126,19180
5,19311,162,0.0,2625,126,19185
12,19323,162,0.0,2626,126,19197
8,19331,162,0.0,2627,126,19205
3,19334,162,0.0,2628,126,19208
6,19340,162,0.0,2629,126,19214
6,19346,162,0.0,2630,126,19220
14,19360,162,0.0,2631,126,19234
4,19364,162,0.0,2632,126,19238
21,19385,162,0.0,2633,126,19259
9,19394,162,0.0,2634,126,19268
17,19411,162,0.0,2635,126,19285
6,19417,162,0.0,2636,126,19291
15,19432,162,0.0,2637,126,19306
17,19449,162,0.0,2638,126,19323
2,19451,162,0.0,2639,126,19325
11,19462,162,0.0,2640,126,19336
6,19468,162,0.0,2641,126,19342
7,19475,162,0.0,2642,126,19349
7,19482,162,0.0,2643,126,19356
5,19487,162,0.0,2644,126,19361
5,19492,162,0.0,2645,126,19366
12,19504,162,0.0,2646,126,19378
18,19522,162,0.0,2647,126,19396
7,19529,162,0.0,2648,126,19403
7,19536,162,0.0,2649,126,19410
6,19542,162,0.0,2650,126,19416
2,19544,162,0.0,2651,126,19418
11,19555,162,0.0,2652,126,19429
23,19578,162,0.0,2653,126,19452
9,19587,162,0.0,2654,126,19461
4,19591,162,0.0,2655,126,19465
10,19601,162,0.0,2656,126,19475
4,19605,162,0.0,2657,126,19479
2,19607,162,0.0,2658,126,19481
3,19610,162,0.0,2659,126,19484
7,19617,162,0.0,2660,126,19491
4,19621,162,0.0,2661,126,19495
18,19639,162,0.0,2662,126,19513
8,19647,162,0.0,2663,126,19521
5,19652,162,0.0,2664,126,19526
7,19659,162,0.0,2665,126,19533
7,19666,162,0.0,2666,126,19540
10,19676,162,0.0,2667,126,19550
9,19685,162,0.0,2668,126,19559
5,19690,162,0.0,2669,126,19564
2,19692,162,0.0,2670,126,19566
2,19694,162,0.0,2671,126,19568
6,19700,162,0.0,2672,126,19574
3,19703,162,0.0,2673,126,19577
6,19709,162,0.0,2674,126,19583
20,19729,162,0.0,2675,126,19603
3,19732,162,0.0,2676,126,19606
6,19738,162,0.0,2677,126,19612
6,19744,162,0.0,2678,126,19618
3,19747,162,0.0,2679,126,19621
2,19749,162,0.0,2680,126,19623
12,19761,162,0.0,2681,126,19635
7,19768,162,0.0,2682,126,19642
4,19772,162,0.0,2683,126,19646
5,19777,162,0.0,2684,126,19651
8,19785,163,1.0,2685,126,19659
4,19789,163,0.0,2686,126,19663
2,19791,163,0.0,2687,126,19665
11,19802,163,0.0,2688,126,19676
2,19804,163,0.0,2689,126,19678
6,19810,163,0.0,2690,126,19684
11,19821,163,0.0,2691,126,19695
4,19825,163,0.0,2692,126,19699
6,19831,163,0.0,2693,126,19705
5,19836,163,0.0,2694,126,19710
19,19855,163,0.0,2695,126,19729
4,19859,163,0.0,2696,126,19733
7,19866,163,0.0,2697,126,19740
8,19874,164,1.0,2698,126,19748
6,19880,164,0.0,2699,126,19754
17,19897,164,0.0,2700,126,19771
11,19908,164,0.0,2701,126,19782
4,19912,164,0.0,2702,126,19786
4,19916,164,0.0,2703,126,19790
4,19920,164,0.0,2704,126,19794
9,19929,164,0.0,2705,126,19803
4,19933,164,0.0,2706,126,19807
5,19938,164,0.0,2707,126,19812
12,19950,164,0.0,2708,126,19824
7,19957,164,0.0,2709,126,19831
14,19971,164,0.0,2710,126,19845
4,19975,164,0.0,2711,126,19849
4,19979,164,0.0,2712,126,19853
3,19982,164,0.0,2713,126,19856
8,19990,164,0.0,2714,126,19864
9,19999,164,0.0,2715,126,19873
6,20005,164,0.0,2716,126,19879
4,20009,164,0.0,2717,126,19883
2,20011,164,0.0,2718,126,19885
9,20020,164,0.0,2719,126,19894
2,20022,164,0.0,2720,126,19896
5,20027,164,0.0,2721,126,19901
3,20030,164,0.0,2722,126,19904
6,20036,164,0.0,2723,126,19910
2,20038,164,0.0,2724,126,19912
3,20041,164,0.0,2725,126,19915
5,20046,164,0.0,2726,126,19920
5,20051,164,0.0,2727,126,19925
8,20059,164,0.0,2728,126,19933
11,20070,164,0.0,2729,126,19944
7,20077,164,0.0,2730,126,19951
3,20080,164,0.0,2731,126,19954
5,20085,164,0.0,2732,126,19959
5,20090,164,0.0,2733,126,19964
10,20100,164,0.0,2734,126,19974
11,20111,165,1.0,2735,126,19985
2,20113,165,0.0,2736,126,19987
10,20123,165,0.0,2737,126,19997
20,20143,165,0.0,2738,126,20017
11,20154,165,0.0,2739,126,20028
11,20165,166,1.0,2740,126,20039
7,20172,166,0.0,2741,126,20046
7,20179,166,0.0,2742,126,20053
5,20184,166,0.0,2743,126,20058
8,20192,167,1.0,2744,126,20066
3,20195,167,0.0,2745,126,20069
2,20197,167,0.0,2746,126,20071
8,20205,167,0.0,2747,126,20079
10,20215,167,0.0,2748,126,20089
5,20220,167,0.0,2749,126,20094
9,20229,167,0.0,2750,126,20103
10,20239,167,0.0,2751,126,20113
6,20245,167,0.0,2752,126,20119
11,20256,168,1.0,2753,126,20130
4,20260,168,0.0,2754,126,20134
11,20271,168,0.0,2755,126,20145
4,20275,168,0.0,2756,126,20149
23,20298,168,0.0,2757,126,20172
8,20306,169,1.0,2758,126,20180
21,20327,169,0.0,2759,126,20201
2,20329,169,0.0,2760,126,20203
7,20336,169,0.0,2761,126,20210
6,20342,169,0.0,2762,126,20216
3,20345,169,0.0,2763,126,20219
16,20361,169,0.0,2764,126,20235
6,20367,169,0.0,2765,126,20241
3,20370,169,0.0,2766,126,20244
5,20375,169,0.0,2767,126,20249
5,20380,169,0.0,2768,126,20254
5,20385,169,0.0,2769,126,20259
7,20392,169,0.0,2770,126,20266
16,20408,169,0.0,2771,126,20282
5,20413,169,0.0,2772,126,20287
19,20432,169,0.0,2773,126,20306
8,20440,169,0.0,2774,126,20314
9,20449,169,0.0,2775,126,20323
4,20453,169,0.0,2776,126,20327
5,20458,169,0.0,2777,126,20332
6,20464,169,0.0,2778,126,20338
8,20472,170,1.0,2779,126,20346
20,20492,170,0.0,2780,126,20366
6,20498,170,0.0,2781,126,20372
2,20500,170,0.0,2782,126,20374
5,20505,170,0.0,2783,126,20379
5,20510,170,0.0,2784,126,20384
6,20516,170,0.0,2785,126,20390
10,20526,170,0.0,2786,126,20400
2,20528,170,0.0,2787,126,20402
2,20530,170,0.0,2788,126,20404
6,20536,170,0.0,2789,126,20410
4,20540,170,0.0,2790,126,20414
3,20543,170,0.0,2791,126,20417
5,20548,170,0.0,2792,126,20422
14,20562,170,0.0,2793,126,20436
2,20564,170,0.0,2794,126,20438
16,20580,170,0.0,2795,126,20454
10,20590,170,0.0,2796,126,20464
6,20596,170,0.0,2797,126,20470
9,20605,170,0.0,2798,126,20479
37,20642,170,0.0,2799,126,20516
16,20658,171,1.0,2800,126,20532
10,20668,171,0.0,2801,126,20542
13,20681,171,0.0,2802,126,20555
7,20688,171,0.0,2803,126,20562
18,20706,171,0.0,2804,126,20580
2,20708,171,0.0,2805,126,20582
8,20716,171,0.0,2806,126,20590
10,20726,171,0.0,2807,126,20600
10,20736,171,0.0,2808,126,20610
7,20743,171,0.0,2809,126,20617
2,20745,171,0.0,2810,126,20619
3,20748,171,0.0,2811,126,20622
5,20753,171,0.0,2812,126,20627
30,20783,171,0.0,2813,126,20657
2,20785,171,0.0,2814,126,20659
3,20788,171,0.0,2815,126,20662
6,20794,171,0.0,2816,126,20668
3,20797,171,0.0,2817,126,20671
10,20807,171,0.0,2818,126,20681
7,20814,171,0.0,2819,126,20688
2,20816,171,0.0,2820,126,20690
7,20823,171,0.0,2821,126,20697
15,20838,171,0.0,2822,126,20712
11,20849,171,0.0,2823,126,20723
8,20857,171,0.0,2824,126,20731
14,20871,171,0.0,2825,126,20745
6,20877,171,0.0,2826,126,20751
9,20886,171,0.0,2827,126,20760
4,20890,171,0.0,2828,126,20764
8,20898,172,1.0,2829,126,20772
6,20904,172,0.0,2830,126,20778
3,20907,172,0.0,2831,126,20781
5,20912,172,0.0,2832,126,20786
10,20922,172,0.0,2833,126,20796
4,20926,172,0.0,2834,126,20800
3,20929,172,0.0,2835,126,20803
9,20938,172,0.0,2836,126,20812
6,20944,172,0.0,2837,126,20818
15,20959,172,0.0,2838,126,20833
5,20964,172,0.0,2839,126,20838
3,20967,172,0.0,2840,126,20841
3,20970,172,0.0,2841,126,20844
2,20972,172,0.0,2842,126,20846
9,20981,172,0.0,2843,126,20855
6,20987,172,0.0,2844,126,20861
4,20991,172,0.0,2845,126,20865
4,20995,172,0.0,2846,126,20869
8,21003,172,0.0,2847,126,20877
11,21014,172,0.0,2848,126,20888
3,21017,172,0.0,2849,126,20891
10,21027,172,0.0,2850,126,20901
5,21032,172,0.0,2851,126,20906
3,21035,172,0.0,2852,126,20909
5,21040,172,0.0,2853,126,20914
4,21044,172,0.0,2854,126,20918
8,21052,172,0.0,2855,126,20926
5,21057,172,0.0,2856,126,20931
3,21060,172,0.0,2857,126,20934
2,21062,172,0.0,2858,126,20936
2,21064,172,0.0,2859,126,20938
6,21070,172,0.0,2860,126,20944
4,21074,172,0.0,2861,126,20948
2,21076,172,0.0,2862,126,20950
9,21085,172,0.0,2863,126,20959
7,21092,172,0.0,2864,126,20966
2,21094,172,0.0,2865,126,20968
2,21096,172,0.0,2866,126,20970
11,21107,172,0.0,2867,126,20981
11,21118,172,0.0,2868,126,20992
2,21120,172,0.0,2869,126,20994
3,21123,172,0.0,2870,126,20997
8,21131,172,0.0,2871,126,21005
5,21136,172,0.0,2872,126,21010
10,21146,172,0.0,2873,126,21020
8,21154,172,0.0,2874,126,21028
6,21160,172,0.0,2875,126,21034
16,21176,173,1.0,2876,126,21050
2,21178,173,0.0,2877,126,21052
7,21185,173,0.0,2878,126,21059
3,21188,173,0.0,2879,126,21062
8,21196,174,1.0,2880,126,21070
11,21207,174,0.0,2881,126,21081
8,21215,175,1.0,2882,126,21089
10,21225,176,1.0,2883,126,21099
8,21233,177,1.0,2884,126,21107
4,21237,177,0.0,2885,126,21111
11,21248,177,0.0,2886,126,21122
3,21251,177,0.0,2887,126,21125
5,21256,177,0.0,2888,126,21130
7,21263,177,0.0,2889,126,21137
2,21265,177,0.0,2890,126,21139
10,21275,177,0.0,2891,126,21149
7,21282,177,0.0,2892,126,21156
2,21284,177,0.0,2893,126,21158
17,21301,177,0.0,2894,126,21175
6,21307,177,0.0,2895,126,21181
2,21309,177,0.0,2896,126,21183
5,21314,177,0.0,2897,126,21188
2,21316,177,0.0,2898,126,21190
7,21323,177,0.0,2899,126,21197
8,21331,178,1.0,2900,126,21205
6,21337,178,0.0,2901,126,21211
20,21357,178,0.0,2902,126,21231
18,21375,178,0.0,2903,126,21249
13,21388,178,0.0,2904,126,21262
5,21393,178,0.0,2905,126,21267
6,21399,178,0.0,2906,126,21273
5,21404,178,0.0,2907,126,21278
2,21406,178,0.0,2908,126,21280
9,21415,178,0.0,2909,126,21289
4,21419,178,0.0,2910,126,21293
3,21422,178,0.0,2911,126,21296
3,21425,178,0.0,2912,126,21299
22,21447,178,0.0,2913,126,21321
3,21450,178,0.0,2914,126,21324
22,21472,178,0.0,2915,126,21346
17,21489,178,0.0,2916,126,21363
2,21491,178,0.0,2917,126,21365
6,21497,178,0.0,2918,126,21371
8,21505,178,0.0,2919,126,21379
4,21509,178,0.0,2920,126,21383
4,21513,178,0.0,2921,126,21387
5,21518,178,0.0,2922,126,21392
11,21529,178,0.0,2923,126,21403
3,21532,178,0.0,2924,126,21406
2,21534,178,0.0,2925,126,21408
25,21559,178,0.0,2926,126,21433
6,21565,178,0.0,2927,126,21439
5,21570,178,0.0,2928,126,21444
10,21580,179,1.0,2929,126,21454
4,21584,179,0.0,2930,126,21458
3,21587,179,0.0,2931,126,21461
3,21590,179,0.0,2932,126,21464
24,21614,180,1.0,2933,126,21488
19,21633,180,0.0,2934,126,21507
4,21637,180,0.0,2935,126,21511
3,21640,180,0.0,2936,126,21514
4,21644,180,0.0,2937,126,21518
8,21652,180,0.0,2938,126,21526
3,21655,180,0.0,2939,126,21529
10,21665,180,0.0,2940,126,21539
11,21676,181,1.0,2941,126,21550
6,21682,181,0.0,2942,126,21556
3,21685,181,0.0,2943,126,21559
12,21697,181,0.0,2944,126,21571
2,21699,181,0.0,2945,126,21573
14,21713,181,0.0,2946,126,21587
14,21727,181,0.0,2947,126,21601
7,21734,181,0.0,2948,126,21608
30,21764,181,0.0,2949,126,21638
7,21771,181,0.0,2950,126,21645
2,21773,181,0.0,2951,126,21647
2,21775,181,0.0,2952,126,21649
11,21786,181,0.0,2953,126,21660
7,21793,181,0.0,2954,126,21667
6,21799,181,0.0,2955,126,21673
3,21802,181,0.0,2956,126,21676
5,21807,181,0.0,2957,126,21681
17,21824,181,0.0,2958,126,21698
2,21826,181,0.0,2959,126,21700
5,21831,181,0.0,2960,126,21705
20,21851,181,0.0,2961,126,21725
6,21857,181,0.0,2962,126,21731
4,21861,181,0.0,2963,126,21735
7,21868,181,0.0,2964,126,21742
5,21873,181,0.0,2965,126,21747
2,21875,181,0.0,2966,126,21749
4,21879,181,0.0,2967,126,21753
6,21885,181,0.0,2968,126,21759
6,21891,181,0.0,2969,126,21765
2,21893,181,0.0,2970,126,21767
15,21908,181,0.0,2971,126,21782
5,21913,181,0.0,2972,126,21787
4,21917,181,0.0,2973,126,21791
8,21925,181,0.0,2974,126,21799
2,21927,181,0.0,2975,126,21801
3,21930,181,0.0,2976,126,21804
4,21934,181,0.0,2977,126,21808
9,21943,181,0.0,2978,126,21817
9,21952,181,0.0,2979,126,21826
4,21956,181,0.0,2980,126,21830
4,21960,181,0.0,2981,126,21834
18,21978,181,0.0,2982,126,21852
11,21989,181,0.0,2983,126,21863
5,21994,181,0.0,2984,126,21868
11,22005,181,0.0,2985,126,21879
9,22014,181,0.0,2986,126,21888
6,22020,181,0.0,2987,126,21894
7,22027,181,0.0,2988,126,21901
4,22031,181,0.0,2989,126,21905
8,22039,181,0.0,2990,126,21913
2,22041,181,0.0,2991,126,21915
3,22044,181,0.0,2992,126,21918
10,22054,181,0.0,2993,126,21928
25,22079,181,0.0,2994,126,21953
5,22084,181,0.0,2995,126,21958
10,22094,182,1.0,2996,126,21968
3,22097,182,0.0,2997,126,21971
3,22100,182,0.0,2998,126,21974
3,22103,182,0.0,2999,126,21977
7,22110,182,0.0,3000,126,21984
3,22113,182,0.0,3001,126,21987
2,22115,182,0.0,3002,126,21989
6,22121,182,0.0,3003,126,21995
8,22129,182,0.0,3004,126,22003
7,22136,182,0.0,3005,126,22010
7,22143,182,0.0,3006,126,22017
5,22148,182,0.0,3007,126,22022
4,22152,182,0.0,3008,126,22026
7,22159,182,0.0,3009,126,22033
5,22164,182,0.0,3010,126,22038
3,22167,182,0.0,3011,126,22041
20,22187,182,0.0,3012,126,22061
14,22201,182,0.0,3013,126,22075
5,22206,182,0.0,3014,126,22080
13,22219,182,0.0,3015,126,22093
11,22230,182,0.0,3016,126,22104
7,22237,182,0.0,3017,126,22111
6,22243,182,0.0,3018,126,22117
6,22249,182,0.0,3019,126,22123
5,22254,182,0.0,3020,126,22128
2,22256,182,0.0,3021,126,22130
5,22261,182,0.0,3022,126,22135
8,22269,182,0.0,3023,126,22143
6,22275,182,0.0,3024,126,22149
5,22280,182,0.0,3025,126,22154
2,22282,182,0.0,3026,126,22156
3,22285,182,0.0,3027,126,22159
8,22293,183,1.0,3028,126,22167
6,22299,183,0.0,3029,126,22173
7,22306,183,0.0,3030,126,22180
6,22312,183,0.0,3031,126,22186
10,22322,183,0.0,3032,126,22196
5,22327,183,0.0,3033,126,22201
6,22333,183,0.0,3034,126,22207
2,22335,183,0.0,3035,126,22209
2,22337,183,0.0,3036,126,22211
5,22342,183,0.0,3037,126,22216
4,22346,183,0.0,3038,126,22220
10,22356,183,0.0,3039,126,22230
22,22378,183,0.0,3040,126,22252
2,22380,183,0.0,3041,126,22254
7,22387,183,0.0,3042,126,22261
7,22394,183,0.0,3043,126,22268
7,22401,183,0.0,3044,126,22275
9,22410,183,0.0,3045,126,22284
11,22421,183,0.0,3046,126,22295
8,22429,183,0.0,3047,126,22303
4,22433,183,0.0,3048,126,22307
16,22449,183,0.0,3049,126,22323
3,22452,183,0.0,3050,126,22326
7,22459,183,0.0,3051,126,22333
5,22464,183,0.0,3052,126,22338
10,22474,183,0.0,3053,126,22348
5,22479,183,0.0,3054,126,22353
7,22486,183,0.0,3055,126,22360
3,22489,183,0.0,3056,126,22363
8,22497,183,0.0,3057,126,22371
7,22504,183,0.0,3058,126,22378
18,22522,183,0.0,3059,126,22396
8,22530,184,1.0,3060,126,22404
6,22536,184,0.0,3061,126,22410
3,22539,184,0.0,3062,126,22413
7,22546,184,0.0,3063,126,22420
8,22554,185,1.0,3064,126,22428
8,22562,186,1.0,3065,126,22436
2,22564,186,0.0,3066,126,22438
8,22572,186,0.0,3067,126,22446
3,22575,186,0.0,3068,126,22449
22,22597,186,0.0,3069,126,22471
3,22600,186,0.0,3070,126,22474
11,22611,187,1.0,3071,126,22485
13,22624,187,0.0,3072,126,22498
2,22626,187,0.0,3073,126,22500
9,22635,187,0.0,3074,126,22509
3,22638,187,0.0,3075,126,22512
9,22647,187,0.0,3076,126,22521
18,22665,187,0.0,3077,126,22539
6,22671,187,0.0,3078,126,22545
12,22683,187,0.0,3079,126,22557
11,22694,187,0.0,3080,126,22568
8,22702,187,0.0,3081,126,22576
8,22710,188,1.0,3082,126,22584
5,22715,188,0.0,3083,126,22589
5,22720,188,0.0,3084,126,22594
11,22731,188,0.0,3085,126,22605
2,22733,188,0.0,3086,126,22607
22,22755,188,0.0,3087,126,22629
11,22766,188,0.0,3088,126,22640
17,22783,188,0.0,3089,126,22657
6,22789,188,0.0,3090,126,22663
8,22797,188,0.0,3091,126,22671
4,22801,188,0.0,3092,126,22675
7,22808,188,0.0,3093,126,22682
7,22815,188,0.0,3094,126,22689
8,22823,189,1.0,3095,126,22697
5,22828,189,0.0,3096,126,22702
4,22832,189,0.0,3097,126,22706
3,22835,189,0.0,3098,126,22709
9,22844,189,0.0,3099,126,22718
18,22862,189,0.0,3100,126,22736
20,22882,189,0.0,3101,126,22756
7,22889,189,0.0,3102,126,22763
5,22894,189,0.0,3103,126,22768
3,22897,189,0.0,3104,126,22771
2,22899,189,0.0,3105,126,22773
2,22901,189,0.0,3106,126,22775
6,22907,189,0.0,3107,126,22781
23,22930,189,0.0,3108,126,22804
3,22933,189,0.0,3109,126,22807
6,22939,189,0.0,3110,126,22813
5,22944,189,0.0,3111,126,22818
2,22946,189,0.0,3112,126,22820
13,22959,189,0.0,3113,126,22833
3,22962,189,0.0,3114,126,22836
3,22965,189,0.0,3115,126,22839
11,22976,189,0.0,3116,126,22850
10,22986,189,0.0,3117,126,22860
2,22988,189,0.0,3118,126,22862
2,22990,189,0.0,3119,126,22864
6,22996,189,0.0,3120,126,22870
18,23014,189,0.0,3121,126,22888
13,23027,189,0.0,3122,126,22901
10,23037,189,0.0,3123,126,22911
4,23041,189,0.0,3124,126,22915
4,23045,189,0.0,3125,126,22919
11,23056,189,0.0,3126,126,22930
5,23061,189,0.0,3127,126,22935
2,23063,189,0.0,3128,126,22937
14,23077,189,0.0,3129,126,22951
2,23079,189,0.0,3130,126,22953
6,23085,189,0.0,3131,126,22959
6,23091,189,0.0,3132,126,22965
12,23103,189,0.0,3133,126,22977
10,23113,189,0.0,3134,126,22987
5,23118,189,0.0,3135,126,22992
8,23126,190,1.0,3136,126,23000
14,23140,190,0.0,3137,126,23014
11,23151,190,0.0,3138,126,23025
25,23176,190,0.0,3139,126,23050
6,23182,190,0.0,3140,126,23056
15,23197,190,0.0,3141,126,23071
7,23204,190,0.0,3142,126,23078
4,23208,190,0.0,3143,126,23082
14,23222,190,0.0,3144,126,23096
2,23224,190,0.0,3145,126,23098
8,23232,191,1.0,3146,126,23106
22,23254,191,0.0,3147,126,23128
3,23257,191,0.0,3148,126,23131
3,23260,191,0.0,3149,126,23134
22,23282,191,0.0,3150,126,23156
2,23284,191,0.0,3151,126,23158
10,23294,191,0.0,3152,126,23168
17,23311,191,0.0,3153,126,23185
9,23320,191,0.0,3154,126,23194
9,23329,191,0.0,3155,126,23203
4,23333,191,0.0,3156,126,23207
5,23338,191,0.0,3157,126,23212
3,23341,191,0.0,3158,126,23215
4,23345,191,0.0,3159,126,23219
7,23352,191,0.0,3160,126,23226
6,23358,191,0.0,3161,126,23232
16,23374,192,1.0,3162,126,23248
16,23390,193,1.0,3163,126,23264
9,23399,193,0.0,3164,126,23273
8,23407,194,1.0,3165,126,23281
11,23418,195,1.0,3166,126,23292
13,23431,195,0.0,3167,126,23305
2,23433,195,0.0,3168,126,23307
8,23441,196,1.0,3169,126,23315
3,23444,196,0.0,3170,126,23318
7,23451,196,0.0,3171,126,23325
2,23453,196,0.0,3172,126,23327
17,23470,196,0.0,3173,126,23344
6,23476,196,0.0,3174,126,23350
8,23484,197,1.0,3175,126,23358
2,23486,197,0.0,3176,126,23360
26,23512,197,0.0,3177,126,23386
8,23520,197,0.0,3178,126,23394
7,23527,197,0.0,3179,126,23401
8,23535,197,0.0,3180,126,23409
2,23537,197,0.0,3181,126,23411
3,23540,197,0.0,3182,126,23414
7,23547,197,0.0,3183,126,23421
8,23555,198,1.0,3184,126,23429
18,23573,198,0.0,3185,126,23447
7,23580,198,0.0,3186,126,23454
11,23591,198,0.0,3187,126,23465
9,23600,198,0.0,3188,126,23474
3,23603,198,0.0,3189,126,23477
6,23609,198,0.0,3190,126,23483
7,23616,198,0.0,3191,126,23490
8,23624,198,0.0,3192,126,23498
16,23640,198,0.0,3193,126,23514
6,23646,198,0.0,3194,126,23520
3,23649,198,0.0,3195,126,23523
5,23654,198,0.0,3196,126,23528
5,23659,198,0.0,3197,126,23533
3,23662,198,0.0,3198,126,23536
15,23677,198,0.0,3199,126,23551
3,23680,198,0.0,3200,126,23554
2,23682,198,0.0,3201,126,23556
12,23694,198,0.0,3202,126,23568
7,23701,198,0.0,3203,126,23575
11,23712,198,0.0,3204,126,23586
4,23716,198,0.0,3205,126,23590
7,23723,198,0.0,3206,126,23597
2,23725,198,0.0,3207,126,23599
15,23740,198,0.0,3208,126,23614
2,23742,198,0.0,3209,126,23616
4,23746,198,0.0,3210,126,23620
9,23755,198,0.0,3211,126,23629
3,23758,198,0.0,3212,126,23632
11,23769,198,0.0,3213,126,23643
7,23776,198,0.0,3214,126,23650
2,23778,198,0.0,3215,126,23652
8,23786,198,0.0,3216,126,23660
7,23793,198,0.0,3217,126,23667
7,23800,198,0.0,3218,126,23674
2,23802,198,0.0,3219,126,23676
5,23807,198,0.0,3220,126,23681
8,23815,198,0.0,3221,126,23689
2,23817,198,0.0,3222,126,23691
2,23819,198,0.0,3223,126,23693
2,23821,198,0.0,3224,126,23695
5,23826,198,0.0,3225,126,23700
9,23835,198,0.0,3226,126,23709
6,23841,198,0.0,3227,126,23715
9,23850,198,0.0,3228,126,23724
6,23856,198,0.0,3229,126,23730
10,23866,198,0.0,3230,126,23740
16,23882,199,1.0,3231,126,23756
14,23896,199,0.0,3232,126,23770
16,23912,200,1.0,3233,126,23786
2,23914,200,0.0,3234,126,23788
6,23920,200,0.0,3235,126,23794
4,23924,200,0.0,3236,126,23798
11,23935,201,1.0,3237,126,23809
5,23940,201,0.0,3238,126,23814
3,23943,201,0.0,3239,126,23817
2,23945,201,0.0,3240,126,23819
5,23950,201,0.0,3241,126,23824
5,23955,201,0.0,3242,126,23829
2,23957,201,0.0,3243,126,23831
8,23965,201,0.0,3244,126,23839
2,23967,201,0.0,3245,126,23841
7,23974,201,0.0,3246,126,23848
5,23979,201,0.0,3247,126,23853
5,23984,201,0.0,3248,126,23858
2,23986,201,0.0,3249,126,23860
3,23989,201,0.0,3250,126,23863
3,23992,201,0.0,3251,126,23866
6,23998,201,0.0,3252,126,23872
9,24007,201,0.0,3253,126,23881
17,24024,201,0.0,3254,126,23898
22,24046,201,0.0,3255,126,23920
9,24055,201,0.0,3256,126,23929
8,24063,202,1.0,3257,126,23937
20,24083,202,0.0,3258,126,23957
11,24094,202,0.0,3259,126,23968
8,24102,203,1.0,3260,126,23976
5,24107,203,0.0,3261,126,23981
4,24111,203,0.0,3262,126,23985
3,24114,203,0.0,3263,126,23988
14,24128,203,0.0,3264,126,24002
7,24135,203,0.0,3265,126,24009
5,24140,203,0.0,3266,126,24014
8,24148,203,0.0,3267,126,24022
5,24153,203,0.0,3268,126,24027
22,24175,203,0.0,3269,126,24049
5,24180,203,0.0,3270,126,24054
15,24195,203,0.0,3271,126,24069
6,24201,203,0.0,3272,126,24075
9,24210,203,0.0,3273,126,24084
3,24213,203,0.0,3274,126,24087
7,24220,203,0.0,3275,126,24094
3,24223,203,0.0,3276,126,24097
7,24230,203,0.0,3277,126,24104
4,24234,203,0.0,3278,126,24108
5,24239,203,0.0,3279,126,24113
7,24246,203,0.0,3280,126,24120
4,24250,203,0.0,3281,126,24124
3,24253,203,0.0,3282,126,24127
5,24258,203,0.0,3283,126,24132
8,24266,204,1.0,3284,126,24140
15,24281,204,0.0,3285,126,24155
15,24296,204,0.0,3286,126,24170
9,24305,204,0.0,3287,126,24179
5,24310,204,0.0,3288,126,24184
2,24312,204,0.0,3289,126,24186
3,24315,204,0.0,3290,126,24189
7,24322,204,0.0,3291,126,24196
2,24324,204,0.0,3292,126,24198
12,24336,204,0.0,3293,126,24210
9,24345,204,0.0,3294,126,24219
3,24348,204,0.0,3295,126,24222
11,24359,204,0.0,3296,126,24233
13,24372,204,0.0,3297,126,24246
8,24380,204,0.0,3298,126,24254
5,24385,204,0.0,3299,126,24259
9,24394,204,0.0,3300,126,24268
3,24397,204,0.0,3301,126,24271
16,24413,205,1.0,3302,126,24287
4,24417,205,0.0,3303,126,24291
10,24427,205,0.0,3304,126,24301
19,24446,205,0.0,3305,126,24320
2,24448,205,0.0,3306,126,24322
8,24456,206,1.0,3307,126,24330
8,24464,207,1.0,3308,126,24338
6,24470,207,0.0,3309,126,24344
9,24479,207,0.0,3310,126,24353
2,24481,207,0.0,3311,126,24355
3,24484,207,0.0,3312,126,24358
3,24487,207,0.0,3313,126,24361
11,24498,207,0.0,3314,126,24372
6,24504,207,0.0,3315,126,24378
20,24524,207,0.0,3316,126,24398
20,24544,207,0.0,3317,126,24418
4,24548,207,0.0,3318,126,24422
10,24558,207,0.0,3319,126,24432
5,24563,207,0.0,3320,126,24437
9,24572,207,0.0,3321,126,24446
3,24575,207,0.0,3322,126,24449
8,24583,207,0.0,3323,126,24457
5,24588,207,0.0,3324,126,24462
7,24595,207,0.0,3325,126,24469
4,24599,207,0.0,3326,126,24473
6,24605,207,0.0,3327,126,24479
4,24609,207,0.0,3328,126,24483
4,24613,207,0.0,3329,126,24487
6,24619,207,0.0,3330,126,24493
7,24626,207,0.0,3331,126,24500
3,24629,207,0.0,3332,126,24503
7,24636,207,0.0,3333,126,24510
5,24641,207,0.0,3334,126,24515
3,24644,207,0.0,3335,126,24518
6,24650,207,0.0,3336,126,24524
4,24654,207,0.0,3337,126,24528
16,24670,208,1.0,3338,126,24544
7,24677,208,0.0,3339,126,24551
6,24683,208,0.0,3340,126,24557
8,24691,209,1.0,3341,126,24565
28,24719,209,0.0,3342,126,24593
2,24721,209,0.0,3343,126,24595
3,24724,209,0.0,3344,126,24598
11,24735,209,0.0,3345,126,24609
6,24741,209,0.0,3346,126,24615
10,24751,209,0.0,3347,126,24625
7,24758,209,0.0,3348,126,24632
4,24762,209,0.0,3349,126,24636
4,24766,209,0.0,3350,126,24640
16,24782,210,1.0,3351,126,24656
15,24797,210,0.0,3352,126,24671
2,24799,210,0.0,3353,126,24673
2,24801,210,0.0,3354,126,24675
5,24806,210,0.0,3355,126,24680
8,24814,210,0.0,3356,126,24688
10,24824,210,0.0,3357,126,24698
3,24827,210,0.0,3358,126,24701
2,24829,210,0.0,3359,126,24703
2,24831,210,0.0,3360,126,24705
6,24837,210,0.0,3361,126,24711
9,24846,210,0.0,3362,126,24720
5,24851,210,0.0,3363,126,24725
9,24860,210,0.0,3364,126,24734
3,24863,210,0.0,3365,126,24737
9,24872,210,0.0,3366,126,24746
4,24876,210,0.0,3367,126,24750
4,24880,210,0.0,3368,126,24754
2,24882,210,0.0,3369,126,24756
5,24887,210,0.0,3370,126,24761
11,24898,210,0.0,3371,126,24772
7,24905,210,0.0,3372,126,24779
3,24908,210,0.0,3373,126,24782
3,24911,210,0.0,3374,126,24785
2,24913,210,0.0,3375,126,24787
8,24921,211,1.0,3376,126,24795
18,24939,211,0.0,3377,126,24813
9,24948,211,0.0,3378,126,24822
5,24953,211,0.0,3379,126,24827
7,24960,211,0.0,3380,126,24834
3,24963,211,0.0,3381,126,24837
2,24965,211,0.0,3382,126,24839
5,24970,211,0.0,3383,126,24844
9,24979,211,0.0,3384,126,24853
19,24998,211,0.0,3385,126,24872
4,25002,211,0.0,3386,126,24876
3,25005,211,0.0,3387,126,24879
10,25015,211,0.0,3388,126,24889
4,25019,211,0.0,3389,126,24893
6,25025,211,0.0,3390,126,24899
2,25027,211,0.0,3391,126,24901
5,25032,211,0.0,3392,126,24906
6,25038,211,0.0,3393,126,24912
3,25041,211,0.0,3394,126,24915
8,25049,211,0.0,3395,126,24923
16,25065,211,0.0,3396,126,24939
5,25070,211,0.0,3397,126,24944
3,25073,211,0.0,3398,126,24947
17,25090,211,0.0,3399,126,24964
2,25092,211,0.0,3400,126,24966
14,25106,211,0.0,3401,126,24980
10,25116,212,1.0,3402,126,24990
11,25127,212,0.0,3403,126,25001
4,25131,212,0.0,3404,126,25005
7,25138,212,0.0,3405,126,25012
12,25150,212,0.0,3406,126,25024
2,25152,212,0.0,3407,126,25026
7,25159,212,0.0,3408,126,25033
2,25161,212,0.0,3409,126,25035
8,25169,213,1.0,3410,126,25043
2,25171,213,0.0,3411,126,25045
11,25182,213,0.0,3412,126,25056
2,25184,213,0.0,3413,126,25058
13,25197,213,0.0,3414,126,25071
8,25205,213,0.0,3415,126,25079
17,25222,213,0.0,3416,126,25096
11,25233,214,1.0,3417,126,25107
5,25238,214,0.0,3418,126,25112
5,25243,214,0.0,3419,126,25117
6,25249,214,0.0,3420,126,25123
4,25253,214,0.0,3421,126,25127
2,25255,214,0.0,3422,126,25129
16,25271,215,1.0,3423,126,25145
11,25282,216,1.0,3424,126,25156
25,25307,216,0.0,3425,126,25181
6,25313,216,0.0,3426,126,25187
3,25316,216,0.0,3427,126,25190
16,25332,217,1.0,3428,126,25206
2,25334,217,0.0,3429,126,25208
2,25336,217,0.0,3430,126,25210
3,25339,217,0.0,3431,126,25213
8,25347,218,1.0,3432,126,25221
3,25350,218,0.0,3433,126,25224
6,25356,218,0.0,3434,126,25230
8,25364,218,0.0,3435,126,25238
4,25368,218,0.0,3436,126,25242
6,25374,218,0.0,3437,126,25248
13,25387,218,0.0,3438,126,25261
6,25393,218,0.0,3439,126,25267
6,25399,218,0.0,3440,126,25273
22,25421,218,0.0,3441,126,25295
2,25423,218,0.0,3442,126,25297
5,25428,218,0.0,3443,126,25302
2,25430,218,0.0,3444,126,25304
8,25438,218,0.0,3445,126,25312
21,25459,218,0.0,3446,126,25333
7,25466,218,0.0,3447,126,25340
9,25475,218,0.0,3448,126,25349
4,25479,218,0.0,3449,126,25353
22,25501,218,0.0,3450,126,25375
2,25503,218,0.0,3451,126,25377
10,25513,218,0.0,3452,126,25387
14,25527,218,0.0,3453,126,25401
14,25541,218,0.0,3454,126,25415
3,25544,218,0.0,3455,126,25418
6,25550,218,0.0,3456,126,25424
2,25552,218,0.0,3457,126,25426
2,25554,218,0.0,3458,126,25428
10,25564,218,0.0,3459,126,25438
7,25571,218,0.0,3460,126,25445
15,25586,218,0.0,3461,126,25460
8,25594,218,0.0,3462,126,25468
20,25614,218,0.0,3463,126,25488
6,25620,218,0.0,3464,126,25494
6,25626,218,0.0,3465,126,25500
2,25628,218,0.0,3466,126,25502
3,25631,218,0.0,3467,126,25505
18,25649,218,0.0,3468,126,25523
13,25662,218,0.0,3469,126,25536
9,25671,218,0.0,3470,127,25544
9,25680,218,0.0,3471,127,25553
6,25686,218,0.0,3472,127,25559
26,25712,218,0.0,3473,127,25585
5,25717,218,0.0,3474,127,25590
18,25735,218,0.0,3475,127,25608
8,25743,218,0.0,3476,127,25616
11,25754,218,0.0,3477,127,25627
20,25774,218,0.0,3478,127,25647
2,25776,218,0.0,3479,127,25649
15,25791,218,0.0,3480,127,25664
7,25798,218,0.0,3481,127,25671
7,25805,218,0.0,3482,127,25678
6,25811,218,0.0,3483,127,25684
4,25815,218,0.0,3484,127,25688
2,25817,218,0.0,3485,127,25690
5,25822,218,0.0,3486,127,25695
2,25824,218,0.0,3487,127,25697
8,25832,218,0.0,3488,127,25705
3,25835,218,0.0,3489,127,25708
20,25855,218,0.0,3490,127,25728
10,25865,218,0.0,3491,127,25738
4,25869,218,0.0,3492,127,25742
5,25874,218,0.0,3493,127,25747
6,25880,218,0.0,3494,127,25753
4,25884,218,0.0,3495,127,25757
2,25886,218,0.0,3496,127,25759
13,25899,218,0.0,3497,127,25772
10,25909,218,0.0,3498,127,25782
8,25917,218,0.0,3499,127,25790
7,25924,218,0.0,3500,127,25797
4,25928,218,0.0,3501,127,25801
18,25946,218,0.0,3502,127,25819
12,25958,218,0.0,3503,127,25831
32,25990,218,0.0,3504,127,25863
16,26006,219,1.0,3505,127,25879
8,26014,220,1.0,3506,127,25887
3,26017,220,0.0,3507,127,25890
9,26026,220,0.0,3508,127,25899
7,26033,220,0.0,3509,127,25906
9,26042,220,0.0,3510,127,25915
4,26046,220,0.0,3511,127,25919
3,26049,220,0.0,3512,127,25922
4,26053,220,0.0,3513,127,25926
8,26061,220,0.0,3514,127,25934
2,26063,220,0.0,3515,127,25936
6,26069,220,0.0,3516,127,25942
4,26073,220,0.0,3517,127,25946
7,26080,220,0.0,3518,127,25953
6,26086,220,0.0,3519,127,25959
2,26088,220,0.0,3520,127,25961
4,26092,220,0.0,3521,127,25965
10,26102,220,0.0,3522,127,25975
5,26107,220,0.0,3523,127,25980
7,26114,220,0.0,3524,127,25987
5,26119,220,0.0,3525,127,25992
16,26135,221,1.0,3526,127,26008
9,26144,221,0.0,3527,127,26017
7,26151,221,0.0,3528,127,26024
7,26158,221,0.0,3529,127,26031
3,26161,221,0.0,3530,127,26034
9,26170,221,0.0,3531,127,26043
7,26177,221,0.0,3532,127,26050
27,26204,221,0.0,3533,127,26077
15,26219,221,0.0,3534,127,26092
2,26221,221,0.0,3535,127,26094
5,26226,221,0.0,3536,127,26099
13,26239,221,0.0,3537,127,26112
14,26253,221,0.0,3538,127,26126
8,26261,222,1.0,3539,127,26134
21,26282,222,0.0,3540,127,26155
5,26287,222,0.0,3541,127,26160
2,26289,222,0.0,3542,127,26162
9,26298,222,0.0,3543,127,26171
15,26313,222,0.0,3544,127,26186
2,26315,222,0.0,3545,127,26188
9,26324,222,0.0,3546,127,26197
8,26332,222,0.0,3547,127,26205
7,26339,222,0.0,3548,127,26212
5,26344,222,0.0,3549,127,26217
16,26360,223,1.0,3550,127,26233
5,26365,223,0.0,3551,127,26238
5,26370,223,0.0,3552,127,26243
6,26376,223,0.0,3553,127,26249
9,26385,223,0.0,3554,127,26258
6,26391,223,0.0,3555,127,26264
3,26394,223,0.0,3556,127,26267
2,26396,223,0.0,3557,127,26269
7,26403,223,0.0,3558,127,26276
18,26421,223,0.0,3559,127,26294
10,26431,223,0.0,3560,127,26304
7,26438,223,0.0,3561,127,26311
8,26446,223,0.0,3562,127,26319
7,26453,223,0.0,3563,127,26326
4,26457,223,0.0,3564,127,26330
8,26465,223,0.0,3565,127,26338
2,26467,223,0.0,3566,127,26340
2,26469,223,0.0,3567,127,26342
8,26477,224,1.0,3568,127,26350
15,26492,224,0.0,3569,127,26365
20,26512,224,0.0,3570,127,26385
12,26524,224,0.0,3571,127,26397
2,26526,224,0.0,3572,127,26399
8,26534,225,1.0,3573,127,26407
9,26543,225,0.0,3574,127,26416
4,26547,225,0.0,3575,127,26420
9,26556,225,0.0,3576,127,26429
5,26561,225,0.0,3577,127,26434
5,26566,225,0.0,3578,127,26439
3,26569,225,0.0,3579,127,26442
2,26571,225,0.0,3580,127,26444
4,26575,225,0.0,3581,127,26448
7,26582,225,0.0,3582,127,26455
7,26589,225,0.0,3583,127,26462
2,26591,225,0.0,3584,127,26464
20,26611,225,0.0,3585,127,26484
2,26613,225,0.0,3586,127,26486
8,26621,225,0.0,3587,127,26494
6,26627,225,0.0,3588,127,26500
4,26631,225,0.0,3589,127,26504
9,26640,225,0.0,3590,127,26513
6,26646,225,0.0,3591,127,26519
8,26654,226,1.0,3592,127,26527
7,26661,226,0.0,3593,127,26534
3,26664,226,0.0,3594,127,26537
7,26671,226,0.0,3595,127,26544
17,26688,226,0.0,3596,127,26561
7,26695,226,0.0,3597,127,26568
5,26700,226,0.0,3598,127,26573
7,26707,226,0.0,3599,127,26580
6,26713,226,0.0,3600,127,26586
12,26725,226,0.0,3601,127,26598
2,26727,226,0.0,3602,127,26600
17,26744,226,0.0,3603,127,26617
7,26751,226,0.0,3604,127,26624
2,26753,226,0.0,3605,127,26626
6,26759,226,0.0,3606,127,26632
2,26761,226,0.0,3607,127,26634
8,26769,226,0.0,3608,127,26642
20,26789,226,0.0,3609,127,26662
6,26795,226,0.0,3610,127,26668
3,26798,226,0.0,3611,127,26671
7,26805,226,0.0,3612,127,26678
2,26807,226,0.0,3613,127,26680
3,26810,226,0.0,3614,127,26683
4,26814,226,0.0,3615,127,26687
5,26819,226,0.0,3616,127,26692
11,26830,226,0.0,3617,127,26703
9,26839,226,0.0,3618,127,26712
15,26854,226,0.0,3619,127,26727
19,26873,226,0.0,3620,127,26746
15,26888,226,0.0,3621,127,26761
9,26897,226,0.0,3622,127,26770
7,26904,226,0.0,3623,127,26777
10,26914,227,1.0,3624,127,26787
10,26924,227,0.0,3625,127,26797
3,26927,227,0.0,3626,127,26800
15,26942,227,0.0,3627,127,26815
2,26944,227,0.0,3628,127,26817
16,26960,227,0.0,3629,127,26833
20,26980,227,0.0,3630,127,26853
3,26983,227,0.0,3631,127,26856
8,26991,228,1.0,3632,127,26864
3,26994,228,0.0,3633,127,26867
3,26997,228,0.0,3634,127,26870
2,26999,228,0.0,3635,127,26872
20,27019,228,0.0,3636,127,26892
4,27023,228,0.0,3637,127,26896
5,27028,228,0.0,3638,127,26901
6,27034,228,0.0,3639,127,26907
7,27041,228,0.0,3640,127,26914
2,27043,228,0.0,3641,127,26916
9,27052,228,0.0,3642,127,26925
20,27072,228,0.0,3643,127,26945
3,27075,228,0.0,3644,127,26948
7,27082,228,0.0,3645,127,26955
8,27090,229,1.0,3646,127,26963
20,27110,229,0.0,3647,127,26983
6,27116,229,0.0,3648,127,26989
6,27122,229,0.0,3649,127,26995
10,27132,230,1.0,3650,127,27005
12,27144,230,0.0,3651,127,27017
12,27156,230,0.0,3652,127,27029
4,27160,230,0.0,3653,127,27033
18,27178,230,0.0,3654,127,27051
26,27204,230,0.0,3655,127,27077
2,27206,230,0.0,3656,127,27079
9,27215,230,0.0,3657,127,27088
4,27219,230,0.0,3658,127,27092
14,27233,230,0.0,3659,127,27106
6,27239,230,0.0,3660,127,27112
7,27246,230,0.0,3661,127,27119
5,27251,230,0.0,3662,127,27124
8,27259,231,1.0,3663,127,27132
3,27262,231,0.0,3664,127,27135
32,27294,231,0.0,3665,127,27167
6,27300,231,0.0,3666,127,27173
4,27304,231,0.0,3667,127,27177
19,27323,231,0.0,3668,127,27196
3,27326,231,0.0,3669,127,27199
2,27328,231,0.0,3670,127,27201
14,27342,231,0.0,3671,127,27215
7,27349,231,0.0,3672,127,27222
5,27354,231,0.0,3673,127,27227
14,27368,231,0.0,3674,127,27241
6,27374,231,0.0,3675,127,27247
4,27378,231,0.0,3676,127,27251
4,27382,231,0.0,3677,127,27255
6,27388,231,0.0,3678,127,27261
6,27394,231,0.0,3679,127,27267
2,27396,231,0.0,3680,127,27269
2,27398,231,0.0,3681,127,27271
20,27418,231,0.0,3682,127,27291
3,27421,231,0.0,3683,127,27294
2,27423,231,0.0,3684,127,27296
8,27431,232,1.0,3685,127,27304
20,27451,232,0.0,3686,127,27324
3,27454,232,0.0,3687,127,27327
9,27463,232,0.0,3688,127,27336
7,27470,232,0.0,3689,127,27343
4,27474,232,0.0,3690,127,27347
8,27482,232,0.0,3691,127,27355
13,27495,232,0.0,3692,127,27368
3,27498,232,0.0,3693,127,27371
8,27506,233,1.0,3694,127,27379
17,27523,233,0.0,3695,127,27396
12,27535,233,0.0,3696,127,27408
8,27543,234,1.0,3697,127,27416
2,27545,234,0.0,3698,127,27418
4,27549,234,0.0,3699,127,27422
15,27564,234,0.0,3700,127,27437
10,27574,235,1.0,3701,127,27447
20,27594,235,0.0,3702,127,27467
6,27600,235,0.0,3703,127,27473
6,27606,235,0.0,3704,127,27479
6,27612,235,0.0,3705,127,27485
8,27620,235,0.0,3706,127,27493
11,27631,235,0.0,3707,127,27504
11,27642,236,1.0,3708,127,27515
7,27649,236,0.0,3709,127,27522
2,27651,236,0.0,3710,127,27524
6,27657,236,0.0,3711,127,27530
5,27662,236,0.0,3712,127,27535
8,27670,236,0.0,3713,127,27543
8,27678,237,1.0,3714,127,27551
3,27681,237,0.0,3715,127,27554
2,27683,237,0.0,3716,127,27556
3,27686,237,0.0,3717,127,27559
3,27689,237,0.0,3718,127,27562
6,27695,237,0.0,3719,127,27568
3,27698,237,0.0,3720,127,27571
5,27703,237,0.0,3721,127,27576
4,27707,237,0.0,3722,127,27580
6,27713,237,0.0,3723,127,27586
14,27727,237,0.0,3724,127,27600
2,27729,237,0.0,3725,127,27602
3,27732,237,0.0,3726,127,27605
13,27745,237,0.0,3727,127,27618
6,27751,237,0.0,3728,127,27624
16,27767,238,1.0,3729,127,27640
3,27770,238,0.0,3730,127,27643
6,27776,238,0.0,3731,127,27649
3,27779,238,0.0,3732,127,27652
16,27795,238,0.0,3733,127,27668
5,27800,238,0.0,3734,127,27673
7,27807,238,0.0,3735,127,27680
9,27816,238,0.0,3736,127,27689
21,27837,238,0.0,3737,127,27710
2,27839,238,0.0,3738,127,27712
7,27846,238,0.0,3739,127,27719
7,27853,238,0.0,3740,127,27726
5,27858,238,0.0,3741,127,27731
2,27860,238,0.0,3742,127,27733
10,27870,238,0.0,3743,127,27743
6,27876,238,0.0,3744,127,27749
8,27884,238,0.0,3745,127,27757
3,27887,238,0.0,3746,127,27760
4,27891,238,0.0,3747,127,27764
7,27898,238,0.0,3748,127,27771
4,27902,238,0.0,3749,127,27775
7,27909,238,0.0,3750,127,27782
10,27919,238,0.0,3751,127,27792
10,27929,238,0.0,3752,127,27802
4,27933,238,0.0,3753,127,27806
10,27943,238,0.0,3754,127,27816
6,27949,238,0.0,3755,127,27822
14,27963,238,0.0,3756,127,27836
3,27966,238,0.0,3757,127,27839
8,27974,239,1.0,3758,127,27847
16,27990,240,1.0,3759,127,27863
3,27993,240,0.0,3760,127,27866
3,27996,240,0.0,3761,127,27869
8,28004,240,0.0,3762,127,27877
9,28013,240,0.0,3763,127,27886
8,28021,241,1.0,3764,127,27894
12,28033,241,0.0,3765,127,27906
17,28050,241,0.0,3766,127,27923
15,28065,241,0.0,3767,127,27938
2,28067,241,0.0,3768,127,27940
5,28072,241,0.0,3769,127,27945
3,28075,241,0.0,3770,127,27948
4,28079,241,0.0,3771,127,27952
3,28082,241,0.0,3772,127,27955
2,28084,241,0.0,3773,127,27957
5,28089,241,0.0,3774,127,27962
2,28091,241,0.0,3775,127,27964
8,28099,241,0.0,3776,127,27972
9,28108,241,0.0,3777,127,27981
5,28113,241,0.0,3778,127,27986
6,28119,241,0.0,3779,127,27992
7,28126,241,0.0,3780,127,27999
10,28136,242,1.0,3781,127,28009
6,28142,242,0.0,3782,127,28015
8,28150,242,0.0,3783,127,28023
5,28155,242,0.0,3784,127,28028
3,28158,242,0.0,3785,127,28031
2,28160,242,0.0,3786,127,28033
10,28170,243,1.0,3787,127,28043
9,28179,243,0.0,3788,127,28052
3,28182,243,0.0,3789,127,28055
18,28200,243,0.0,3790,127,28073
3,28203,243,0.0,3791,127,28076
7,28210,243,0.0,3792,127,28083
11,28221,243,0.0,3793,127,28094
16,28237,244,1.0,3794,127,28110
5,28242,244,0.0,3795,127,28115
3,28245,244,0.0,3796,127,28118
6,28251,244,0.0,3797,127,28124
22,28273,244,0.0,3798,127,28146
9,28282,244,0.0,3799,127,28155
3,28285,244,0.0,3800,127,28158
5,28290,244,0.0,3801,127,28163
3,28293,244,0.0,3802,127,28166
3,28296,244,0.0,3803,127,28169
8,28304,245,1.0,3804,127,28177
2,28306,245,0.0,3805,127,28179
3,28309,245,0.0,3806,127,28182
2,28311,245,0.0,3807,127,28184
7,28318,245,0.0,3808,127,28191
3,28321,245,0.0,3809,127,28194
9,28330,245,0.0,3810,127,28203
34,28364,245,0.0,3811,127,28237
2,28366,245,0.0,3812,127,28239
6,28372,245,0.0,3813,127,28245
8,28380,245,0.0,3814,127,28253
8,28388,246,1.0,3815,127,28261
2,28390,246,0.0,3816,127,28263
16,28406,247,1.0,3817,127,28279
7,28413,247,0.0,3818,127,28286
3,28416,247,0.0,3819,127,28289
8,28424,247,0.0,3820,127,28297
2,28426,247,0.0,3821,127,28299
6,28432,247,0.0,3822,127,28305
14,28446,247,0.0,3823,127,28319
6,28452,247,0.0,3824,127,28325
2,28454,247,0.0,3825,127,28327
10,28464,247,0.0,3826,127,28337
3,28467,247,0.0,3827,127,28340
2,28469,247,0.0,3828,127,28342
6,28475,247,0.0,3829,127,28348
14,28489,247,0.0,3830,127,28362
19,28508,247,0.0,3831,127,28381
2,28510,247,0.0,3832,127,28383
17,28527,247,0.0,3833,127,28400
4,28531,247,0.0,3834,127,28404
10,28541,247,0.0,3835,127,28414
4,28545,247,0.0,3836,127,28418
15,28560,247,0.0,3837,127,28433
7,28567,247,0.0,3838,127,28440
25,28592,247,0.0,3839,127,28465
10,28602,247,0.0,3840,127,28475
9,28611,247,0.0,3841,127,28484
5,28616,247,0.0,3842,127,28489
8,28624,248,1.0,3843,127,28497
15,28639,248,0.0,3844,127,28512
3,28642,248,0.0,3845,127,28515
3,28645,248,0.0,3846,127,28518
14,28659,248,0.0,3847,127,28532
20,28679,248,0.0,3848,127,28552
17,28696,248,0.0,3849,127,28569
7,28703,248,0.0,3850,127,28576
2,28705,248,0.0,3851,127,28578
6,28711,248,0.0,3852,127,28584
9,28720,248,0.0,3853,127,28593
15,28735,248,0.0,3854,127,28608
14,28749,248,0.0,3855,127,28622
13,28762,248,0.0,3856,127,28635
8,28770,249,1.0,3857,127,28643
9,28779,249,0.0,3858,127,28652
6,28785,249,0.0,3859,127,28658
9,28794,249,0.0,3860,127,28667
6,28800,249,0.0,3861,127,28673
20,28820,249,0.0,3862,127,28693
8,28828,250,1.0,3863,127,28701
10,28838,250,0.0,3864,127,28711
20,28858,250,0.0,3865,127,28731
4,28862,250,0.0,3866,127,28735
18,28880,250,0.0,3867,127,28753
3,28883,250,0.0,3868,127,28756
9,28892,250,0.0,3869,127,28765
2,28894,250,0.0,3870,127,28767
9,28903,250,0.0,3871,127,28776
5,28908,250,0.0,3872,127,28781
3,28911,250,0.0,3873,127,28784
6,28917,250,0.0,3874,127,28790
5,28922,250,0.0,3875,127,28795
5,28927,250,0.0,3876,127,28800
5,28932,250,0.0,3877,127,28805
3,28935,250,0.0,3878,127,28808
7,28942,250,0.0,3879,127,28815
15,28957,250,0.0,3880,127,28830
16,28973,251,1.0,3881,127,28846
6,28979,251,0.0,3882,127,28852
7,28986,251,0.0,3883,127,28859
3,28989,251,0.0,3884,127,28862
20,29009,251,0.0,3885,127,28882
7,29016,251,0.0,3886,127,28889
27,29043,251,0.0,3887,127,28916
9,29052,251,0.0,3888,127,28925
22,29074,251,0.0,3889,127,28947
5,29079,251,0.0,3890,127,28952
5,29084,251,0.0,3891,127,28957
2,29086,251,0.0,3892,127,28959
8,29094,252,1.0,3893,127,28967
4,29098,252,0.0,3894,127,28971
3,29101,252,0.0,3895,127,28974
2,29103,252,0.0,3896,127,28976
5,29108,252,0.0,3897,127,28981
10,29118,252,0.0,3898,127,28991
2,29120,252,0.0,3899,127,28993
12,29132,252,0.0,3900,127,29005
2,29134,252,0.0,3901,127,29007
2,29136,252,0.0,3902,127,29009
3,29139,252,0.0,3903,127,29012
6,29145,252,0.0,3904,127,29018
3,29148,252,0.0,3905,127,29021
21,29169,252,0.0,3906,127,29042
8,29177,252,0.0,3907,127,29050
14,29191,252,0.0,3908,127,29064
9,29200,252,0.0,3909,127,29073
6,29206,252,0.0,3910,127,29079
12,29218,252,0.0,3911,127,29091
15,29233,252,0.0,3912,127,29106
9,29242,252,0.0,3913,127,29115
3,29245,252,0.0,3914,127,29118
16,29261,253,1.0,3915,127,29134
5,29266,253,0.0,3916,127,29139
8,29274,254,1.0,3917,127,29147
15,29289,254,0.0,3918,127,29162
6,29295,254,0.0,3919,127,29168
20,29315,254,0.0,3920,127,29188
2,29317,254,0.0,3921,127,29190
18,29335,254,0.0,3922,127,29208
3,29338,254,0.0,3923,127,29211
15,29353,254,0.0,3924,127,29226
20,29373,254,0.0,3925,127,29246
17,29390,254,0.0,3926,127,29263
7,29397,254,0.0,3927,127,29270
5,29402,254,0.0,3928,127,29275
4,29406,254,0.0,3929,127,29279
8,29414,255,1.0,3930,127,29287
3,29417,255,0.0,3931,127,29290
10,29427,256,1.0,3932,127,29300
20,29447,256,0.0,3933,127,29320
8,29455,257,1.0,3934,127,29328
5,29460,257,0.0,3935,127,29333
8,29468,258,1.0,3936,127,29341
13,29481,258,0.0,3937,127,29354
4,29485,258,0.0,3938,127,29358
2,29487,258,0.0,3939,127,29360
4,29491,258,0.0,3940,127,29364
9,29500,258,0.0,3941,127,29373
4,29504,258,0.0,3942,127,29377
13,29517,258,0.0,3943,127,29390
2,29519,258,0.0,3944,127,29392
15,29534,258,0.0,3945,127,29407
7,29541,258,0.0,3946,127,29414
2,29543,258,0.0,3947,127,29416
6,29549,258,0.0,3948,127,29422
5,29554,258,0.0,3949,127,29427
6,29560,258,0.0,3950,127,29433
16,29576,258,0.0,3951,127,29449
15,29591,258,0.0,3952,127,29464
3,29594,258,0.0,3953,127,29467
4,29598,258,0.0,3954,127,29471
3,29601,258,0.0,3955,127,29474
6,29607,258,0.0,3956,127,29480
5,29612,258,0.0,3957,127,29485
3,29615,258,0.0,3958,127,29488
2,29617,258,0.0,3959,127,29490
2,29619,258,0.0,3960,127,29492
18,29637,258,0.0,3961,127,29510
11,29648,258,0.0,3962,127,29521
9,29657,258,0.0,3963,127,29530
2,29659,258,0.0,3964,127,29532
6,29665,258,0.0,3965,127,29538
5,29670,258,0.0,3966,127,29543
31,29701,259,1.0,3967,127,29574
3,29704,259,0.0,3968,127,29577
9,29713,259,0.0,3969,127,29586
3,29716,259,0.0,3970,127,29589
4,29720,259,0.0,3971,127,29593
2,29722,259,0.0,3972,127,29595
4,29726,259,0.0,3973,127,29599
8,29734,259,0.0,3974,127,29607
8,29742,260,1.0,3975,127,29615
7,29749,260,0.0,3976,127,29622
16,29765,261,1.0,3977,127,29638
2,29767,261,0.0,3978,127,29640
3,29770,261,0.0,3979,127,29643
5,29775,261,0.0,3980,127,29648
8,29783,262,1.0,3981,127,29656
8,29791,262,0.0,3982,127,29664
3,29794,262,0.0,3983,127,29667
2,29796,262,0.0,3984,127,29669
20,29816,262,0.0,3985,127,29689
5,29821,262,0.0,3986,127,29694
5,29826,262,0.0,3987,127,29699
8,29834,262,0.0,3988,127,29707
3,29837,262,0.0,3989,127,29710
6,29843,262,0.0,3990,127,29716
9,29852,262,0.0,3991,127,29725
4,29856,262,0.0,3992,127,29729
11,29867,262,0.0,3993,127,29740
5,29872,262,0.0,3994,127,29745
4,29876,262,0.0,3995,127,29749
39,29915,262,0.0,3996,127,29788
12,29927,262,0.0,3997,127,29800
10,29937,262,0.0,3998,127,29810
4,29941,262,0.0,3999,127,29814
2,29943,262,0.0,4000,127,29816
6,29949,262,0.0,4001,127,29822
12,29961,262,0.0,4002,127,29834
3,29964,262,0.0,4003,127,29837
4,29968,262,0.0,4004,127,29841
5,29973,262,0.0,4005,127,29846
26,29999,262,0.0,4006,127,29872
10,30009,262,0.0,4007,127,29882
8,30017,263,1.0,4008,127,29890
34,30051,263,0.0,4009,127,29924
6,30057,263,0.0,4010,127,29930
9,30066,263,0.0,4011,127,29939
6,30072,263,0.0,4012,127,29945
11,30083,263,0.0,4013,127,29956
9,30092,263,0.0,4014,127,29965
5,30097,263,0.0,4015,127,29970
8,30105,263,0.0,4016,127,29978
4,30109,263,0.0,4017,127,29982
3,30112,263,0.0,4018,127,29985
6,30118,263,0.0,4019,127,29991
3,30121,263,0.0,4020,127,29994
3,30124,263,0.0,4021,127,29997
6,30130,263,0.0,4022,127,30003
9,30139,263,0.0,4023,127,30012
6,30145,263,0.0,4024,127,30018
8,30153,264,1.0,4025,127,30026
9,30162,264,0.0,4026,127,30035
5,30167,264,0.0,4027,127,30040
10,30177,264,0.0,4028,127,30050
6,30183,264,0.0,4029,127,30056
2,30185,264,0.0,4030,127,30058
18,30203,264,0.0,4031,127,30076
21,30224,264,0.0,4032,127,30097
2,30226,264,0.0,4033,127,30099
6,30232,264,0.0,4034,127,30105
5,30237,264,0.0,4035,127,30110
8,30245,265,1.0,4036,127,30118
5,30250,265,0.0,4037,127,30123
16,30266,266,1.0,4038,127,30139
9,30275,266,0.0,4039,127,30148
6,30281,266,0.0,4040,127,30154
15,30296,266,0.0,4041,127,30169
14,30310,266,0.0,4042,127,30183
7,30317,266,0.0,4043,127,30190
8,30325,267,1.0,4044,127,30198
7,30332,267,0.0,4045,127,30205
4,30336,267,0.0,4046,127,30209
5,30341,267,0.0,4047,127,30214
2,30343,267,0.0,4048,127,30216
21,30364,267,0.0,4049,127,30237
9,30373,267,0.0,4050,127,30246
3,30376,267,0.0,4051,127,30249
9,30385,267,0.0,4052,127,30258
3,30388,267,0.0,4053,127,30261
5,30393,267,0.0,4054,127,30266
10,30403,267,0.0,4055,127,30276
15,30418,267,0.0,4056,127,30291
28,30446,267,0.0,4057,127,30319
7,30453,267,0.0,4058,127,30326
3,30456,267,0.0,4059,127,30329
16,30472,268,1.0,4060,127,30345
8,30480,268,0.0,4061,127,30353
13,30493,268,0.0,4062,127,30366
6,30499,268,0.0,4063,127,30372
5,30504,268,0.0,4064,127,30377
4,30508,268,0.0,4065,127,30381
5,30513,268,0.0,4066,127,30386
3,30516,268,0.0,4067,127,30389
22,30538,268,0.0,4068,127,30411
8,30546,269,1.0,4069,127,30419
8,30554,269,0.0,4070,127,30427
12,30566,269,0.0,4071,127,30439
5,30571,269,0.0,4072,127,30444
5,30576,269,0.0,4073,127,30449
6,30582,269,0.0,4074,127,30455
3,30585,269,0.0,4075,127,30458
2,30587,269,0.0,4076,127,30460
10,30597,269,0.0,4077,127,30470
5,30602,269,0.0,4078,127,30475
8,30610,270,1.0,4079,127,30483
8,30618,271,1.0,4080,127,30491
14,30632,271,0.0,4081,127,30505
2,30634,271,0.0,4082,127,30507
5,30639,271,0.0,4083,127,30512
7,30646,271,0.0,4084,127,30519
7,30653,271,0.0,4085,127,30526
2,30655,271,0.0,4086,127,30528
2,30657,271,0.0,4087,127,30530
6,30663,271,0.0,4088,127,30536
4,30667,271,0.0,4089,127,30540
5,30672,271,0.0,4090,127,30545
8,30680,272,1.0,4091,127,30553
6,30686,272,0.0,4092,127,30559
4,30690,272,0.0,4093,127,30563
3,30693,272,0.0,4094,127,30566
3,30696,272,0.0,4095,127,30569
21,30717,272,0.0,4096,127,30590
6,30723,272,0.0,4097,127,30596
5,30728,272,0.0,4098,127,30601
5,30733,272,0.0,4099,127,30606
2,30735,272,0.0,4100,127,30608
7,30742,272,0.0,4101,127,30615
8,30750,272,0.0,4102,127,30623
7,30757,272,0.0,4103,127,30630
4,30761,272,0.0,4104,127,30634
5,30766,272,0.0,4105,127,30639
20,30786,272,0.0,4106,127,30659
7,30793,272,0.0,4107,127,30666
4,30797,272,0.0,4108,127,30670
4,30801,272,0.0,4109,127,30674
5,30806,272,0.0,4110,127,30679
10,30816,272,0.0,4111,127,30689
8,30824,272,0.0,4112,127,30697
15,30839,272,0.0,4113,127,30712
6,30845,272,0.0,4114,127,30718
9,30854,272,0.0,4115,127,30727
3,30857,272,0.0,4116,127,30730
4,30861,272,0.0,4117,127,30734
14,30875,272,0.0,4118,127,30748
7,30882,272,0.0,4119,127,30755
5,30887,272,0.0,4120,127,30760
8,30895,273,1.0,4121,127,30768
3,30898,273,0.0,4122,127,30771
9,30907,273,0.0,4123,127,30780
15,30922,273,0.0,4124,127,30795
4,30926,273,0.0,4125,127,30799
4,30930,273,0.0,4126,127,30803
4,30934,273,0.0,4127,127,30807
6,30940,273,0.0,4128,127,30813
19,30959,273,0.0,4129,127,30832
9,30968,273,0.0,4130,127,30841
5,30973,273,0.0,4131,127,30846
5,30978,273,0.0,4132,127,30851
5,30983,273,0.0,4133,127,30856
2,30985,273,0.0,4134,127,30858
4,30989,273,0.0,4135,127,30862
16,31005,274,1.0,4136,127,30878
3,31008,274,0.0,4137,127,30881
15,31023,274,0.0,4138,127,30896
3,31026,274,0.0,4139,127,30899
10,31036,274,0.0,4140,127,30909
3,31039,274,0.0,4141,127,30912
7,31046,274,0.0,4142,127,30919
4,31050,274,0.0,4143,127,30923
2,31052,274,0.0,4144,127,30925
8,31060,274,0.0,4145,127,30933
11,31071,275,1.0,4146,127,30944
3,31074,275,0.0,4147,127,30947
12,31086,275,0.0,4148,127,30959
5,31091,275,0.0,4149,127,30964
4,31095,275,0.0,4150,127,30968
13,31108,276,1.0,4151,127,30981
2,31110,276,0.0,4152,127,30983
12,31122,276,0.0,4153,127,30995
3,31125,276,0.0,4154,127,30998
20,31145,276,0.0,4155,127,31018
10,31155,276,0.0,4156,127,31028
5,31160,276,0.0,4157,127,31033
6,31166,276,0.0,4158,127,31039
6,31172,276,0.0,4159,127,31045
11,31183,276,0.0,4160,127,31056
4,31187,276,0.0,4161,127,31060
2,31189,276,0.0,4162,127,31062
7,31196,276,0.0,4163,127,31069
5,31201,276,0.0,4164,127,31074
4,31205,276,0.0,4165,127,31078
13,31218,276,0.0,4166,127,31091
15,31233,276,0.0,4167,127,31106
5,31238,276,0.0,4168,127,31111
20,31258,276,0.0,4169,127,31131
5,31263,276,0.0,4170,127,31136
2,31265,276,0.0,4171,127,31138
3,31268,276,0.0,4172,127,31141
10,31278,276,0.0,4173,127,31151
14,31292,276,0.0,4174,127,31165
2,31294,276,0.0,4175,127,31167
9,31303,276,0.0,4176,127,31176
20,31323,276,0.0,4177,127,31196
7,31330,276,0.0,4178,127,31203
7,31337,276,0.0,4179,127,31210
3,31340,276,0.0,4180,127,31213
15,31355,276,0.0,4181,127,31228
10,31365,276,0.0,4182,127,31238
21,31386,276,0.0,4183,127,31259
7,31393,276,0.0,4184,127,31266
5,31398,276,0.0,4185,127,31271
2,31400,276,0.0,4186,127,31273
2,31402,276,0.0,4187,127,31275
3,31405,276,0.0,4188,127,31278
18,31423,276,0.0,4189,127,31296
8,31431,277,1.0,4190,127,31304
3,31434,277,0.0,4191,127,31307
7,31441,277,0.0,4192,127,31314
5,31446,277,0.0,4193,127,31319
20,31466,277,0.0,4194,127,31339
2,31468,277,0.0,4195,127,31341
2,31470,277,0.0,4196,127,31343
12,31482,278,1.0,4197,127,31355
12,31494,278,0.0,4198,127,31367
5,31499,278,0.0,4199,127,31372
6,31505,278,0.0,4200,127,31378
9,31514,278,0.0,4201,127,31387
6,31520,278,0.0,4202,127,31393
2,31522,278,0.0,4203,127,31395
24,31546,278,0.0,4204,127,31419
17,31563,278,0.0,4205,127,31436
2,31565,278,0.0,4206,127,31438
19,31584,278,0.0,4207,127,31457
8,31592,279,1.0,4208,127,31465
13,31605,279,0.0,4209,127,31478
9,31614,279,0.0,4210,127,31487
14,31628,279,0.0,4211,127,31501
6,31634,279,0.0,4212,127,31507
17,31651,279,0.0,4213,127,31524
4,31655,279,0.0,4214,127,31528
9,31664,279,0.0,4215,127,31537
5,31669,279,0.0,4216,127,31542
7,31676,279,0.0,4217,127,31549
3,31679,279,0.0,4218,127,31552
15,31694,279,0.0,4219,127,31567
8,31702,279,0.0,4220,127,31575
4,31706,279,0.0,4221,127,31579
6,31712,279,0.0,4222,127,31585
8,31720,280,1.0,4223,127,31593
10,31730,280,0.0,4224,127,31603
4,31734,280,0.0,4225,127,31607
11,31745,280,0.0,4226,127,31618
2,31747,280,0.0,4227,127,31620
3,31750,280,0.0,4228,127,31623
6,31756,280,0.0,4229,127,31629
11,31767,280,0.0,4230,127,31640
8,31775,280,0.0,4231,127,31648
3,31778,280,0.0,4232,127,31651
6,31784,280,0.0,4233,127,31657
7,31791,280,0.0,4234,127,31664
20,31811,280,0.0,4235,127,31684
3,31814,280,0.0,4236,127,31687
4,31818,280,0.0,4237,127,31691
10,31828,280,0.0,4238,127,31701
16,31844,281,1.0,4239,127,31717
18,31862,281,0.0,4240,127,31735
4,31866,281,0.0,4241,127,31739
6,31872,281,0.0,4242,127,31745
7,31879,281,0.0,4243,127,31752
20,31899,281,0.0,4244,127,31772
5,31904,281,0.0,4245,127,31777
2,31906,281,0.0,4246,127,31779
5,31911,281,0.0,4247,127,31784
8,31919,281,0.0,4248,127,31792
8,31927,281,0.0,4249,127,31800
3,31930,281,0.0,4250,127,31803
5,31935,281,0.0,4251,127,31808
2,31937,281,0.0,4252,127,31810
5,31942,281,0.0,4253,127,31815
9,31951,281,0.0,4254,127,31824
4,31955,281,0.0,4255,127,31828
6,31961,281,0.0,4256,127,31834
2,31963,281,0.0,4257,127,31836
5,31968,281,0.0,4258,127,31841
2,31970,281,0.0,4259,127,31843
2,31972,281,0.0,4260,127,31845
10,31982,281,0.0,4261,127,31855
14,31996,281,0.0,4262,127,31869
3,31999,281,0.0,4263,127,31872
9,32008,281,0.0,4264,127,31881
6,32014,281,0.0,4265,127,31887
2,32016,281,0.0,4266,127,31889
3,32019,281,0.0,4267,127,31892
13,32032,281,0.0,4268,127,31905
13,32045,281,0.0,4269,127,31918
17,32062,281,0.0,4270,127,31935
2,32064,281,0.0,4271,127,31937
14,32078,281,0.0,4272,127,31951
9,32087,281,0.0,4273,127,31960
4,32091,281,0.0,4274,127,31964
6,32097,281,0.0,4275,127,31970
4,32101,281,0.0,4276,127,31974
3,32104,281,0.0,4277,127,31977
4,32108,281,0.0,4278,127,31981
7,32115,281,0.0,4279,127,31988
11,32126,281,0.0,4280,127,31999
3,32129,281,0.0,4281,127,32002
2,32131,281,0.0,4282,127,32004
13,32144,282,1.0,4283,127,32017
16,32160,282,0.0,4284,127,32033
3,32163,282,0.0,4285,127,32036
14,32177,282,0.0,4286,127,32050
16,32193,283,1.0,4287,127,32066
6,32199,283,0.0,4288,127,32072
5,32204,283,0.0,4289,127,32077
11,32215,283,0.0,4290,127,32088
7,32222,283,0.0,4291,127,32095
4,32226,283,0.0,4292,127,32099
4,32230,283,0.0,4293,127,32103
8,32238,284,1.0,4294,127,32111
7,32245,284,0.0,4295,127,32118
6,32251,284,0.0,4296,127,32124
5,32256,284,0.0,4297,127,32129
6,32262,284,0.0,4298,127,32135
5,32267,284,0.0,4299,127,32140
6,32273,284,0.0,4300,127,32146
7,32280,284,0.0,4301,127,32153
9,32289,284,0.0,4302,127,32162
4,32293,284,0.0,4303,127,32166
13,32306,284,0.0,4304,127,32179
7,32313,284,0.0,4305,127,32186
9,32322,284,0.0,4306,127,32195
3,32325,284,0.0,4307,127,32198
19,32344,284,0.0,4308,127,32217
3,32347,284,0.0,4309,127,32220
8,32355,285,1.0,4310,127,32228
6,32361,285,0.0,4311,127,32234
5,32366,285,0.0,4312,127,32239
2,32368,285,0.0,4313,127,32241
2,32370,285,0.0,4314,127,32243
4,32374,285,0.0,4315,127,32247
2,32376,285,0.0,4316,127,32249
4,32380,285,0.0,4317,127,32253
16,32396,286,1.0,4318,127,32269
6,32402,286,0.0,4319,127,32275
6,32408,286,0.0,4320,127,32281
12,32420,286,0.0,4321,127,32293
3,32423,286,0.0,4322,127,32296
9,32432,286,0.0,4323,127,32305
5,32437,286,0.0,4324,127,32310
7,32444,286,0.0,4325,127,32317
3,32447,286,0.0,4326,127,32320
8,32455,286,0.0,4327,127,32328
3,32458,286,0.0,4328,127,32331
7,32465,286,0.0,4329,127,32338
4,32469,286,0.0,4330,127,32342
4,32473,286,0.0,4331,127,32346
2,32475,286,0.0,4332,127,32348
3,32478,286,0.0,4333,127,32351
9,32487,286,0.0,4334,127,32360
4,32491,286,0.0,4335,127,32364
6,32497,286,0.0,4336,127,32370
3,32500,286,0.0,4337,127,32373
9,32509,286,0.0,4338,127,32382
8,32517,286,0.0,4339,127,32390
2,32519,286,0.0,4340,127,32392
3,32522,286,0.0,4341,127,32395
9,32531,286,0.0,4342,127,32404
2,32533,286,0.0,4343,127,32406
2,32535,286,0.0,4344,127,32408
9,32544,286,0.0,4345,127,32417
10,32554,286,0.0,4346,127,32427
4,32558,286,0.0,4347,127,32431
14,32572,286,0.0,4348,127,32445
4,32576,286,0.0,4349,127,32449
2,32578,286,0.0,4350,127,32451
5,32583,286,0.0,4351,127,32456
6,32589,286,0.0,4352,127,32462
7,32596,286,0.0,4353,127,32469
2,32598,286,0.0,4354,127,32471
4,32602,286,0.0,4355,127,32475
16,32618,286,0.0,4356,127,32491
3,32621,286,0.0,4357,127,32494
7,32628,286,0.0,4358,127,32501
22,32650,286,0.0,4359,127,32523
5,32655,286,0.0,4360,127,32528
4,32659,286,0.0,4361,127,32532
3,32662,286,0.0,4362,127,32535
7,32669,286,0.0,4363,127,32542
3,32672,286,0.0,4364,127,32545
16,32688,286,0.0,4365,127,32561
9,32697,286,0.0,4366,127,32570
6,32703,286,0.0,4367,127,32576
2,32705,286,0.0,4368,127,32578
18,32723,286,0.0,4369,127,32596
3,32726,286,0.0,4370,127,32599
5,32731,286,0.0,4371,127,32604
4,32735,286,0.0,4372,127,32608
4,32739,286,0.0,4373,127,32612
10,32749,286,0.0,4374,127,32622
5,32754,286,0.0,4375,127,32627
9,32763,286,0.0,4376,127,32636
3,32766,286,0.0,4377,127,32639
5,32771,286,0.0,4378,127,32644
6,32777,286,0.0,4379,127,32650
6,32783,286,0.0,4380,127,32656
6,32789,286,0.0,4381,127,32662
10,32799,286,0.0,4382,127,32672
3,32802,286,0.0,4383,127,32675
5,32807,286,0.0,4384,127,32680
3,32810,286,0.0,4385,127,32683
4,32814,286,0.0,4386,127,32687
10,32824,286,0.0,4387,127,32697
6,32830,286,0.0,4388,127,32703
5,32835,286,0.0,4389,127,32708
15,32850,286,0.0,4390,127,32723
5,32855,286,0.0,4391,127,32728
9,32864,286,0.0,4392,127,32737
6,32870,286,0.0,4393,127,32743
16,32886,287,1.0,4394,127,32759
2,32888,287,0.0,4395,127,32761
4,32892,287,0.0,4396,127,32765
10,32902,287,0.0,4397,127,32775
3,32905,287,0.0,4398,127,32778
6,32911,287,0.0,4399,127,32784
6,32917,287,0.0,4400,127,32790
6,32923,287,0.0,4401,127,32796
7,32930,287,0.0,4402,127,32803
7,32937,287,0.0,4403,127,32810
13,32950,287,0.0,4404,127,32823
11,32961,287,0.0,4405,127,32834
2,32963,287,0.0,4406,127,32836
4,32967,287,0.0,4407,127,32840
26,32993,287,0.0,4408,127,32866
2,32995,287,0.0,4409,127,32868
7,33002,287,0.0,4410,127,32875
2,33004,287,0.0,4411,127,32877
3,33007,287,0.0,4412,127,32880
16,33023,288,1.0,4413,127,32896
6,33029,288,0.0,4414,127,32902
8,33037,288,0.0,4415,127,32910
7,33044,288,0.0,4416,127,32917
2,33046,288,0.0,4417,127,32919
15,33061,288,0.0,4418,127,32934
13,33074,288,0.0,4419,127,32947
5,33079,288,0.0,4420,127,32952
7,33086,288,0.0,4421,127,32959
2,33088,288,0.0,4422,127,32961
2,33090,288,0.0,4423,127,32963
2,33092,288,0.0,4424,127,32965
5,33097,288,0.0,4425,127,32970
3,33100,288,0.0,4426,127,32973
17,33117,288,0.0,4427,127,32990
2,33119,288,0.0,4428,127,32992
9,33128,288,0.0,4429,127,33001
3,33131,288,0.0,4430,127,33004
3,33134,288,0.0,4431,127,33007
5,33139,288,0.0,4432,127,33012
6,33145,288,0.0,4433,127,33018
5,33150,288,0.0,4434,127,33023
3,33153,288,0.0,4435,127,33026
7,33160,288,0.0,4436,127,33033
3,33163,288,0.0,4437,127,33036
6,33169,288,0.0,4438,127,33042
7,33176,288,0.0,4439,127,33049
9,33185,288,0.0,4440,127,33058
17,33202,288,0.0,4441,127,33075
14,33216,288,0.0,4442,127,33089
6,33222,288,0.0,4443,127,33095
6,33228,288,0.0,4444,127,33101
6,33234,288,0.0,4445,127,33107
20,33254,288,0.0,4446,127,33127
10,33264,288,0.0,4447,127,33137
19,33283,288,0.0,4448,127,33156
15,33298,288,0.0,4449,127,33171
7,33305,288,0.0,4450,127,33178
5,33310,288,0.0,4451,127,33183
3,33313,288,0.0,4452,127,33186
17,33330,288,0.0,4453,127,33203
5,33335,288,0.0,4454,127,33208
6,33341,288,0.0,4455,127,33214
5,33346,288,0.0,4456,127,33219
5,33351,288,0.0,4457,127,33224
2,33353,288,0.0,4458,127,33226
4,33357,288,0.0,4459,127,33230
4,33361,288,0.0,4460,127,33234
5,33366,288,0.0,4461,127,33239
13,33379,288,0.0,4462,127,33252
6,33385,288,0.0,4463,127,33258
11,33396,288,0.0,4464,127,33269
11,33407,288,0.0,4465,127,33280
20,33427,288,0.0,4466,127,33300
6,33433,288,0.0,4467,127,33306
4,33437,288,0.0,4468,127,33310
16,33453,289,1.0,4469,127,33326
4,33457,289,0.0,4470,127,33330
13,33470,289,0.0,4471,127,33343
3,33473,289,0.0,4472,127,33346
12,33485,289,0.0,4473,127,33358
10,33495,289,0.0,4474,127,33368
5,33500,289,0.0,4475,127,33373
8,33508,289,0.0,4476,127,33381
6,33514,289,0.0,4477,127,33387
4,33518,289,0.0,4478,127,33391
3,33521,289,0.0,4479,127,33394
14,33535,289,0.0,4480,127,33408
2,33537,289,0.0,4481,127,33410
2,33539,289,0.0,4482,127,33412
11,33550,289,0.0,4483,127,33423
6,33556,289,0.0,4484,127,33429
6,33562,289,0.0,4485,127,33435
5,33567,289,0.0,4486,127,33440
2,33569,289,0.0,4487,127,33442
7,33576,289,0.0,4488,127,33449
16,33592,290,1.0,4489,127,33465
6,33598,290,0.0,4490,127,33471
11,33609,290,0.0,4491,127,33482
4,33613,290,0.0,4492,127,33486
3,33616,290,0.0,4493,127,33489
8,33624,290,0.0,4494,127,33497
2,33626,290,0.0,4495,127,33499
9,33635,290,0.0,4496,127,33508
8,33643,291,1.0,4497,127,33516
9,33652,291,0.0,4498,127,33525
4,33656,291,0.0,4499,127,33529
10,33666,292,1.0,4500,127,33539
2,33668,292,0.0,4501,127,33541
2,33670,292,0.0,4502,127,33543
5,33675,292,0.0,4503,127,33548
6,33681,292,0.0,4504,127,33554
5,33686,292,0.0,4505,127,33559
15,33701,292,0.0,4506,127,33574
2,33703,292,0.0,4507,127,33576
4,33707,292,0.0,4508,127,33580
11,33718,292,0.0,4509,127,33591
5,33723,292,0.0,4510,127,33596
4,33727,292,0.0,4511,127,33600
2,33729,292,0.0,4512,127,33602
4,33733,292,0.0,4513,127,33606
4,33737,292,0.0,4514,127,33610
10,33747,292,0.0,4515,127,33620
5,33752,292,0.0,4516,127,33625
20,33772,292,0.0,4517,127,33645
13,33785,292,0.0,4518,127,33658
15,33800,292,0.0,4519,127,33673
5,33805,292,0.0,4520,127,33678
5,33810,292,0.0,4521,127,33683
3,33813,292,0.0,4522,127,33686
8,33821,293,1.0,4523,127,33694
5,33826,293,0.0,4524,127,33699
14,33840,293,0.0,4525,127,33713
4,33844,293,0.0,4526,127,33717
9,33853,293,0.0,4527,127,33726
4,33857,293,0.0,4528,127,33730
5,33862,293,0.0,4529,127,33735
3,33865,293,0.0,4530,127,33738
2,33867,293,0.0,4531,127,33740
6,33873,293,0.0,4532,127,33746
7,33880,293,0.0,4533,127,33753
15,33895,293,0.0,4534,127,33768
8,33903,293,0.0,4535,127,33776
9,33912,293,0.0,4536,127,33785
3,33915,293,0.0,4537,127,33788
27,33942,293,0.0,4538,127,33815
7,33949,293,0.0,4539,127,33822
5,33954,293,0.0,4540,127,33827
26,33980,293,0.0,4541,127,33853
5,33985,293,0.0,4542,127,33858
3,33988,293,0.0,4543,127,33861
2,33990,293,0.0,4544,127,33863
3,33993,293,0.0,4545,127,33866
8,34001,293,0.0,4546,127,33874
7,34008,293,0.0,4547,127,33881
11,34019,293,0.0,4548,127,33892
2,34021,293,0.0,4549,127,33894
4,34025,293,0.0,4550,127,33898
5,34030,293,0.0,4551,127,33903
3,34033,293,0.0,4552,127,33906
21,34054,293,0.0,4553,127,33927
4,34058,293,0.0,4554,127,33931
20,34078,293,0.0,4555,127,33951
23,34101,293,0.0,4556,127,33974
6,34107,293,0.0,4557,127,33980
7,34114,293,0.0,4558,127,33987
14,34128,293,0.0,4559,127,34001
10,34138,293,0.0,4560,127,34011
9,34147,293,0.0,4561,127,34020
7,34154,293,0.0,4562,127,34027
5,34159,293,0.0,4563,127,34032
11,34170,293,0.0,4564,127,34043
2,34172,293,0.0,4565,127,34045
8,34180,293,0.0,4566,127,34053
13,34193,293,0.0,4567,127,34066
14,34207,293,0.0,4568,127,34080
7,34214,293,0.0,4569,127,34087
5,34219,293,0.0,4570,127,34092
15,34234,293,0.0,4571,127,34107
5,34239,293,0.0,4572,127,34112
7,34246,293,0.0,4573,127,34119
9,34255,293,0.0,4574,127,34128
20,34275,293,0.0,4575,127,34148
16,34291,294,1.0,4576,127,34164
20,34311,294,0.0,4577,127,34184
9,34320,294,0.0,4578,127,34193
15,34335,294,0.0,4579,127,34208
5,34340,294,0.0,4580,127,34213
5,34345,294,0.0,4581,127,34218
3,34348,294,0.0,4582,127,34221
11,34359,294,0.0,4583,127,34232
9,34368,294,0.0,4584,127,34241
4,34372,294,0.0,4585,127,34245
11,34383,294,0.0,4586,127,34256
9,34392,294,0.0,4587,127,34265
7,34399,294,0.0,4588,127,34272
13,34412,294,0.0,4589,127,34285
15,34427,294,0.0,4590,127,34300
3,34430,294,0.0,4591,127,34303
5,34435,294,0.0,4592,127,34308
5,34440,294,0.0,4593,127,34313
2,34442,294,0.0,4594,127,34315
4,34446,294,0.0,4595,127,34319
20,34466,294,0.0,4596,127,34339
18,34484,294,0.0,4597,127,34357
5,34489,294,0.0,4598,127,34362
4,34493,294,0.0,4599,127,34366
11,34504,294,0.0,4600,127,34377
5,34509,294,0.0,4601,127,34382
37,34546,294,0.0,4602,127,34419
3,34549,294,0.0,4603,127,34422
6,34555,294,0.0,4604,127,34428
8,34563,295,1.0,4605,127,34436
20,34583,295,0.0,4606,127,34456
2,34585,295,0.0,4607,127,34458
6,34591,295,0.0,4608,127,34464
17,34608,295,0.0,4609,127,34481
7,34615,295,0.0,4610,127,34488
16,34631,295,0.0,4611,127,34504
13,34644,295,0.0,4612,127,34517
13,34657,295,0.0,4613,127,34530
16,34673,295,0.0,4614,127,34546
2,34675,295,0.0,4615,127,34548
4,34679,295,0.0,4616,127,34552
19,34698,295,0.0,4617,127,34571
2,34700,295,0.0,4618,127,34573
4,34704,295,0.0,4619,127,34577
17,34721,295,0.0,4620,127,34594
2,34723,295,0.0,4621,127,34596
16,34739,296,1.0,4622,127,34612
3,34742,296,0.0,4623,127,34615
3,34745,296,0.0,4624,127,34618
5,34750,296,0.0,4625,127,34623
3,34753,296,0.0,4626,127,34626
2,34755,296,0.0,4627,127,34628
2,34757,296,0.0,4628,127,34630
7,34764,296,0.0,4629,127,34637
4,34768,296,0.0,4630,127,34641
10,34778,297,1.0,4631,127,34651
5,34783,297,0.0,4632,127,34656
3,34786,297,0.0,4633,127,34659
2,34788,297,0.0,4634,127,34661
5,34793,297,0.0,4635,127,34666
7,34800,297,0.0,4636,127,34673
7,34807,297,0.0,4637,127,34680
7,34814,297,0.0,4638,127,34687
6,34820,297,0.0,4639,127,34693
2,34822,297,0.0,4640,127,34695
7,34829,297,0.0,4641,127,34702
2,34831,297,0.0,4642,127,34704
8,34839,297,0.0,4643,127,34712
5,34844,297,0.0,4644,127,34717
4,34848,297,0.0,4645,127,34721
2,34850,297,0.0,4646,127,34723
11,34861,297,0.0,4647,127,34734
6,34867,297,0.0,4648,127,34740
20,34887,297,0.0,4649,127,34760
4,34891,297,0.0,4650,127,34764
7,34898,297,0.0,4651,127,34771
2,34900,297,0.0,4652,127,34773
20,34920,297,0.0,4653,127,34793
17,34937,297,0.0,4654,127,34810
7,34944,297,0.0,4655,127,34817
7,34951,297,0.0,4656,127,34824
6,34957,297,0.0,4657,127,34830
11,34968,297,0.0,4658,127,34841
4,34972,297,0.0,4659,127,34845
6,34978,297,0.0,4660,127,34851
3,34981,297,0.0,4661,127,34854
4,34985,297,0.0,4662,127,34858
8,34993,297,0.0,4663,127,34866
7,35000,297,0.0,4664,127,34873
15,35015,297,0.0,4665,127,34888
4,35019,297,0.0,4666,127,34892
4,35023,297,0.0,4667,127,34896
6,35029,297,0.0,4668,127,34902
4,35033,297,0.0,4669,127,34906
4,35037,297,0.0,4670,127,34910
3,35040,297,0.0,4671,127,34913
9,35049,297,0.0,4672,127,34922
10,35059,297,0.0,4673,127,34932
3,35062,297,0.0,4674,127,34935
2,35064,297,0.0,4675,127,34937
7,35071,297,0.0,4676,127,34944
9,35080,297,0.0,4677,127,34953
4,35084,297,0.0,4678,127,34957
5,35089,297,0.0,4679,127,34962
7,35096,297,0.0,4680,127,34969
3,35099,297,0.0,4681,127,34972
9,35108,297,0.0,4682,127,34981
15,35123,297,0.0,4683,127,34996
21,35144,297,0.0,4684,127,35017
3,35147,297,0.0,4685,127,35020
10,35157,297,0.0,4686,127,35030
9,35166,297,0.0,4687,127,35039
4,35170,297,0.0,4688,127,35043
8,35178,297,0.0,4689,127,35051
5,35183,297,0.0,4690,127,35056
17,35200,297,0.0,4691,127,35073
10,35210,297,0.0,4692,127,35083
12,35222,298,1.0,4693,127,35095
3,35225,298,0.0,4694,127,35098
9,35234,298,0.0,4695,127,35107
2,35236,298,0.0,4696,127,35109
8,35244,298,0.0,4697,127,35117
5,35249,298,0.0,4698,127,35122
8,35257,298,0.0,4699,127,35130
5,35262,298,0.0,4700,127,35135
11,35273,298,0.0,4701,127,35146
2,35275,298,0.0,4702,127,35148
24,35299,298,0.0,4703,127,35172
2,35301,298,0.0,4704,127,35174
5,35306,298,0.0,4705,127,35179
3,35309,298,0.0,4706,127,35182
7,35316,298,0.0,4707,127,35189
10,35326,298,0.0,4708,127,35199
15,35341,298,0.0,4709,127,35214
5,35346,298,0.0,4710,127,35219
4,35350,298,0.0,4711,127,35223
14,35364,298,0.0,4712,127,35237
18,35382,298,0.0,4713,127,35255
19,35401,298,0.0,4714,127,35274
29,35430,298,0.0,4715,127,35303
7,35437,298,0.0,4716,127,35310
4,35441,298,0.0,4717,127,35314
6,35447,298,0.0,4718,127,35320
15,35462,298,0.0,4719,127,35335
8,35470,298,0.0,4720,127,35343
5,35475,298,0.0,4721,127,35348
6,35481,298,0.0,4722,127,35354
4,35485,298,0.0,4723,127,35358
4,35489,298,0.0,4724,127,35362
2,35491,298,0.0,4725,127,35364
3,35494,298,0.0,4726,127,35367
5,35499,298,0.0,4727,127,35372
9,35508,298,0.0,4728,127,35381
7,35515,298,0.0,4729,127,35388
16,35531,298,0.0,4730,127,35404
4,35535,298,0.0,4731,127,35408
8,35543,298,0.0,4732,127,35416
7,35550,298,0.0,4733,127,35423
2,35552,298,0.0,4734,127,35425
13,35565,298,0.0,4735,127,35438
2,35567,298,0.0,4736,127,35440
12,35579,298,0.0,4737,127,35452
4,35583,298,0.0,4738,127,35456
3,35586,298,0.0,4739,127,35459
7,35593,298,0.0,4740,127,35466
5,35598,298,0.0,4741,127,35471
6,35604,298,0.0,4742,127,35477
5,35609,298,0.0,4743,127,35482
2,35611,298,0.0,4744,127,35484
10,35621,298,0.0,4745,127,35494
15,35636,298,0.0,4746,127,35509
4,35640,298,0.0,4747,127,35513
6,35646,298,0.0,4748,127,35519
12,35658,299,1.0,4749,127,35531
2,35660,299,0.0,4750,127,35533
6,35666,299,0.0,4751,127,35539
3,35669,299,0.0,4752,127,35542
5,35674,299,0.0,4753,127,35547
16,35690,299,0.0,4754,127,35563
12,35702,300,1.0,4755,127,35575
9,35711,300,0.0,4756,127,35584
4,35715,300,0.0,4757,127,35588
6,35721,300,0.0,4758,127,35594
20,35741,300,0.0,4759,127,35614
9,35750,300,0.0,4760,127,35623
4,35754,300,0.0,4761,127,35627
8,35762,301,1.0,4762,127,35635
8,35770,301,0.0,4763,127,35643
5,35775,301,0.0,4764,127,35648
9,35784,301,0.0,4765,127,35657
4,35788,301,0.0,4766,127,35661
16,35804,302,1.0,4767,127,35677
7,35811,302,0.0,4768,127,35684
20,35831,302,0.0,4769,127,35704
9,35840,302,0.0,4770,127,35713
16,35856,302,0.0,4771,127,35729
15,35871,302,0.0,4772,127,35744
3,35874,302,0.0,4773,127,35747
8,35882,302,0.0,4774,127,35755
4,35886,302,0.0,4775,127,35759
7,35893,302,0.0,4776,127,35766
5,35898,302,0.0,4777,127,35771
4,35902,302,0.0,4778,127,35775
6,35908,302,0.0,4779,127,35781
6,35914,302,0.0,4780,127,35787
20,35934,302,0.0,4781,127,35807
6,35940,302,0.0,4782,127,35813
6,35946,302,0.0,4783,127,35819
12,35958,302,0.0,4784,127,35831
10,35968,302,0.0,4785,127,35841
7,35975,302,0.0,4786,127,35848
7,35982,302,0.0,4787,127,35855
4,35986,302,0.0,4788,127,35859
3,35989,302,0.0,4789,127,35862
10,35999,303,1.0,4790,127,35872
9,36008,303,0.0,4791,127,35881
5,36013,303,0.0,4792,127,35886
7,36020,303,0.0,4793,127,35893
2,36022,303,0.0,4794,127,35895
11,36033,303,0.0,4795,127,35906
6,36039,303,0.0,4796,127,35912
7,36046,303,0.0,4797,127,35919
13,36059,303,0.0,4798,127,35932
3,36062,303,0.0,4799,127,35935
7,36069,303,0.0,4800,127,35942
6,36075,303,0.0,4801,127,35948
3,36078,303,0.0,4802,127,35951
8,36086,304,1.0,4803,127,35959
2,36088,304,0.0,4804,127,35961
7,36095,304,0.0,4805,127,35968
6,36101,304,0.0,4806,127,35974
7,36108,304,0.0,4807,127,35981
2,36110,304,0.0,4808,127,35983
10,36120,305,1.0,4809,127,35993
9,36129,305,0.0,4810,127,36002
3,36132,305,0.0,4811,127,36005
27,36159,305,0.0,4812,127,36032
4,36163,305,0.0,4813,127,36036
13,36176,305,0.0,4814,127,36049
6,36182,305,0.0,4815,127,36055
15,36197,305,0.0,4816,127,36070
7,36204,305,0.0,4817,127,36077
6,36210,305,0.0,4818,127,36083
2,36212,305,0.0,4819,127,36085
9,36221,305,0.0,4820,127,36094
4,36225,305,0.0,4821,127,36098
20,36245,305,0.0,4822,127,36118
6,36251,305,0.0,4823,127,36124
9,36260,305,0.0,4824,127,36133
10,36270,305,0.0,4825,127,36143
8,36278,306,1.0,4826,127,36151
7,36285,306,0.0,4827,127,36158
24,36309,306,0.0,4828,127,36182
5,36314,306,0.0,4829,127,36187
6,36320,306,0.0,4830,127,36193
2,36322,306,0.0,4831,127,36195
3,36325,306,0.0,4832,127,36198
3,36328,306,0.0,4833,127,36201
10,36338,306,0.0,4834,127,36211
2,36340,306,0.0,4835,127,36213
7,36347,306,0.0,4836,127,36220
5,36352,306,0.0,4837,127,36225
5,36357,306,0.0,4838,127,36230
34,36391,306,0.0,4839,127,36264
8,36399,306,0.0,4840,127,36272
4,36403,306,0.0,4841,127,36276
3,36406,306,0.0,4842,127,36279
4,36410,306,0.0,4843,127,36283
12,36422,306,0.0,4844,127,36295
9,36431,306,0.0,4845,127,36304
14,36445,306,0.0,4846,127,36318
5,36450,306,0.0,4847,127,36323
3,36453,306,0.0,4848,127,36326
6,36459,306,0.0,4849,127,36332
18,36477,306,0.0,4850,127,36350
9,36486,306,0.0,4851,127,36359
4,36490,306,0.0,4852,127,36363
3,36493,306,0.0,4853,127,36366
6,36499,306,0.0,4854,127,36372
20,36519,306,0.0,4855,127,36392
5,36524,306,0.0,4856,127,36397
4,36528,306,0.0,4857,127,36401
2,36530,306,0.0,4858,127,36403
15,36545,306,0.0,4859,127,36418
12,36557,306,0.0,4860,127,36430
5,36562,306,0.0,4861,127,36435
9,36571,306,0.0,4862,127,36444
6,36577,306,0.0,4863,127,36450
15,36592,306,0.0,4864,127,36465
2,36594,306,0.0,4865,127,36467
5,36599,306,0.0,4866,127,36472
4,36603,306,0.0,4867,127,36476
15,36618,306,0.0,4868,127,36491
8,36626,306,0.0,4869,127,36499
6,36632,306,0.0,4870,127,36505
6,36638,306,0.0,4871,127,36511
4,36642,306,0.0,4872,127,36515
9,36651,306,0.0,4873,127,36524
8,36659,307,1.0,4874,127,36532
3,36662,307,0.0,4875,127,36535
3,36665,307,0.0,4876,127,36538
4,36669,307,0.0,4877,127,36542
4,36673,307,0.0,4878,127,36546
17,36690,307,0.0,4879,127,36563
24,36714,307,0.0,4880,127,36587
20,36734,307,0.0,4881,127,36607
4,36738,307,0.0,4882,127,36611
6,36744,307,0.0,4883,127,36617
9,36753,307,0.0,4884,127,36626
11,36764,307,0.0,4885,127,36637
2,36766,307,0.0,4886,127,36639
4,36770,307,0.0,4887,127,36643
2,36772,307,0.0,4888,127,36645
9,36781,307,0.0,4889,127,36654
4,36785,307,0.0,4890,127,36658
6,36791,307,0.0,4891,127,36664
2,36793,307,0.0,4892,127,36666
17,36810,307,0.0,4893,127,36683
5,36815,307,0.0,4894,127,36688
9,36824,307,0.0,4895,127,36697
3,36827,307,0.0,4896,127,36700
51,36878,307,0.0,4897,127,36751
9,36887,307,0.0,4898,127,36760
4,36891,307,0.0,4899,127,36764
13,36904,307,0.0,4900,127,36777
7,36911,307,0.0,4901,127,36784
3,36914,307,0.0,4902,127,36787
8,36922,307,0.0,4903,127,36795
4,36926,307,0.0,4904,127,36799
4,36930,307,0.0,4905,127,36803
7,36937,307,0.0,4906,127,36810
3,36940,307,0.0,4907,127,36813
7,36947,307,0.0,4908,127,36820
4,36951,307,0.0,4909,127,36824
7,36958,307,0.0,4910,127,36831
3,36961,307,0.0,4911,127,36834
2,36963,307,0.0,4912,127,36836
6,36969,307,0.0,4913,127,36842
8,36977,308,1.0,4914,127,36850
8,36985,309,1.0,4915,127,36858
5,36990,309,0.0,4916,127,36863
4,36994,309,0.0,4917,127,36867
6,37000,309,0.0,4918,127,36873
20,37020,309,0.0,4919,127,36893
8,37028,310,1.0,4920,127,36901
14,37042,310,0.0,4921,127,36915
6,37048,310,0.0,4922,127,36921
5,37053,310,0.0,4923,127,36926
3,37056,310,0.0,4924,127,36929
4,37060,310,0.0,4925,127,36933
2,37062,310,0.0,4926,127,36935
5,37067,310,0.0,4927,127,36940
7,37074,310,0.0,4928,127,36947
5,37079,310,0.0,4929,127,36952
9,37088,310,0.0,4930,127,36961
4,37092,310,0.0,4931,127,36965
2,37094,310,0.0,4932,127,36967
4,37098,310,0.0,4933,127,36971
2,37100,310,0.0,4934,127,36973
12,37112,310,0.0,4935,127,36985
14,37126,310,0.0,4936,127,36999
6,37132,310,0.0,4937,127,37005
5,37137,310,0.0,4938,127,37010
2,37139,310,0.0,4939,127,37012
10,37149,310,0.0,4940,127,37022
18,37167,310,0.0,4941,127,37040
4,37171,310,0.0,4942,127,37044
19,37190,310,0.0,4943,127,37063
10,37200,310,0.0,4944,127,37073
7,37207,310,0.0,4945,127,37080
5,37212,310,0.0,4946,127,37085
11,37223,310,0.0,4947,127,37096
4,37227,310,0.0,4948,127,37100
9,37236,310,0.0,4949,127,37109
4,37240,310,0.0,4950,127,37113
8,37248,310,0.0,4951,127,37121
5,37253,310,0.0,4952,127,37126
5,37258,310,0.0,4953,127,37131
13,37271,310,0.0,4954,127,37144
20,37291,310,0.0,4955,127,37164
27,37318,310,0.0,4956,127,37191
2,37320,310,0.0,4957,127,37193
4,37324,310,0.0,4958,127,37197
7,37331,310,0.0,4959,127,37204
4,37335,310,0.0,4960,127,37208
11,37346,310,0.0,4961,127,37219
13,37359,311,1.0,4962,127,37232
4,37363,311,0.0,4963,127,37236
12,37375,311,0.0,4964,127,37248
20,37395,311,0.0,4965,127,37268
7,37402,311,0.0,4966,127,37275
14,37416,311,0.0,4967,127,37289
5,37421,311,0.0,4968,128,37293
3,37424,311,0.0,4969,128,37296
6,37430,311,0.0,4970,128,37302
6,37436,311,0.0,4971,128,37308
4,37440,311,0.0,4972,128,37312
10,37450,311,0.0,4973,128,37322
8,37458,312,1.0,4974,128,37330
16,37474,312,0.0,4975,128,37346
4,37478,312,0.0,4976,128,37350
7,37485,312,0.0,4977,128,37357
2,37487,312,0.0,4978,128,37359
4,37491,312,0.0,4979,128,37363
2,37493,312,0.0,4980,128,37365
10,37503,312,0.0,4981,128,37375
2,37505,312,0.0,4982,128,37377
17,37522,312,0.0,4983,128,37394
7,37529,312,0.0,4984,128,37401
6,37535,312,0.0,4985,128,37407
4,37539,312,0.0,4986,128,37411
3,37542,312,0.0,4987,128,37414
9,37551,312,0.0,4988,128,37423
20,37571,312,0.0,4989,128,37443
2,37573,312,0.0,4990,128,37445
35,37608,312,0.0,4991,128,37480
20,37628,312,0.0,4992,128,37500
4,37632,312,0.0,4993,128,37504
6,37638,312,0.0,4994,128,37510
5,37643,312,0.0,4995,128,37515
4,37647,312,0.0,4996,128,37519
17,37664,312,0.0,4997,128,37536
2,37666,312,0.0,4998,128,37538
2,37668,312,0.0,4999,128,37540
2,37670,312,0.0,5000,128,37542
6,37676,312,0.0,5001,128,37548
4,37680,312,0.0,5002,128,37552
9,37689,312,0.0,5003,128,37561
2,37691,312,0.0,5004,128,37563
5,37696,312,0.0,5005,128,37568
36,37732,312,0.0,5006,128,37604
15,37747,312,0.0,5007,128,37619
2,37749,312,0.0,5008,128,37621
5,37754,312,0.0,5009,128,37626
6,37760,312,0.0,5010,128,37632
3,37763,312,0.0,5011,128,37635
11,37774,312,0.0,5012,128,37646
5,37779,312,0.0,5013,128,37651
5,37784,312,0.0,5014,128,37656
6,37790,312,0.0,5015,128,37662
20,37810,312,0.0,5016,128,37682
9,37819,312,0.0,5017,128,37691
15,37834,312,0.0,5018,128,37706
11,37845,312,0.0,5019,128,37717
5,37850,312,0.0,5020,128,37722
8,37858,312,0.0,5021,128,37730
6,37864,312,0.0,5022,128,37736
5,37869,312,0.0,5023,128,37741
8,37877,312,0.0,5024,128,37749
3,37880,312,0.0,5025,128,37752
16,37896,312,0.0,5026,128,37768
9,37905,312,0.0,5027,128,37777
2,37907,312,0.0,5028,128,37779
13,37920,313,1.0,5029,128,37792
2,37922,313,0.0,5030,128,37794
5,37927,313,0.0,5031,128,37799
4,37931,313,0.0,5032,128,37803
5,37936,313,0.0,5033,128,37808
4,37940,313,0.0,5034,128,37812
4,37944,313,0.0,5035,128,37816
2,37946,313,0.0,5036,128,37818
6,37952,313,0.0,5037,128,37824
5,37957,313,0.0,5038,128,37829
3,37960,313,0.0,5039,128,37832
10,37970,313,0.0,5040,128,37842
8,37978,314,1.0,5041,128,37850
18,37996,314,0.0,5042,128,37868
9,38005,314,0.0,5043,128,37877
9,38014,314,0.0,5044,128,37886
4,38018,314,0.0,5045,128,37890
8,38026,314,0.0,5046,128,37898
3,38029,314,0.0,5047,128,37901
5,38034,314,0.0,5048,128,37906
2,38036,314,0.0,5049,128,37908
13,38049,315,1.0,5050,128,37921
15,38064,315,0.0,5051,128,37936
6,38070,315,0.0,5052,128,37942
12,38082,316,1.0,5053,128,37954
8,38090,316,0.0,5054,128,37962
20,38110,316,0.0,5055,128,37982
11,38121,316,0.0,5056,128,37993
2,38123,316,0.0,5057,128,37995
34,38157,316,0.0,5058,128,38029
7,38164,316,0.0,5059,128,38036
8,38172,317,1.0,5060,128,38044
6,38178,317,0.0,5061,128,38050
3,38181,317,0.0,5062,128,38053
14,38195,317,0.0,5063,128,38067
34,38229,317,0.0,5064,128,38101
11,38240,317,0.0,5065,128,38112
10,38250,318,1.0,5066,128,38122
2,38252,318,0.0,5067,128,38124
7,38259,318,0.0,5068,128,38131
15,38274,318,0.0,5069,128,38146
2,38276,318,0.0,5070,128,38148
7,38283,318,0.0,5071,128,38155
9,38292,318,0.0,5072,128,38164
2,38294,318,0.0,5073,128,38166
4,38298,318,0.0,5074,128,38170
8,38306,318,0.0,5075,128,38178
6,38312,318,0.0,5076,128,38184
3,38315,318,0.0,5077,128,38187
4,38319,318,0.0,5078,128,38191
7,38326,318,0.0,5079,128,38198
24,38350,318,0.0,5080,128,38222
5,38355,318,0.0,5081,128,38227
2,38357,318,0.0,5082,128,38229
8,38365,319,1.0,5083,128,38237
2,38367,319,0.0,5084,128,38239
9,38376,319,0.0,5085,128,38248
3,38379,319,0.0,5086,128,38251
8,38387,319,0.0,5087,128,38259
2,38389,319,0.0,5088,128,38261
6,38395,319,0.0,5089,128,38267
4,38399,319,0.0,5090,128,38271
4,38403,319,0.0,5091,128,38275
13,38416,319,0.0,5092,128,38288
5,38421,319,0.0,5093,128,38293
7,38428,319,0.0,5094,128,38300
3,38431,319,0.0,5095,128,38303
13,38444,319,0.0,5096,128,38316
12,38456,319,0.0,5097,128,38328
10,38466,319,0.0,5098,128,38338
2,38468,319,0.0,5099,128,38340
4,38472,319,0.0,5100,128,38344
10,38482,319,0.0,5101,128,38354
9,38491,319,0.0,5102,128,38363
3,38494,319,0.0,5103,128,38366
3,38497,319,0.0,5104,128,38369
10,38507,319,0.0,5105,128,38379
5,38512,319,0.0,5106,128,38384
23,38535,319,0.0,5107,128,38407
35,38570,319,0.0,5108,128,38442
3,38573,319,0.0,5109,128,38445
9,38582,319,0.0,5110,128,38454
8,38590,320,1.0,5111,128,38462
2,38592,320,0.0,5112,128,38464
10,38602,320,0.0,5113,128,38474
5,38607,320,0.0,5114,128,38479
17,38624,320,0.0,5115,128,38496
10,38634,320,0.0,5116,128,38506
8,38642,320,0.0,5117,128,38514
27,38669,320,0.0,5118,128,38541
6,38675,320,0.0,5119,128,38547
3,38678,320,0.0,5120,128,38550
10,38688,320,0.0,5121,128,38560
8,38696,321,1.0,5122,128,38568
7,38703,321,0.0,5123,128,38575
4,38707,321,0.0,5124,128,38579
2,38709,321,0.0,5125,128,38581
16,38725,321,0.0,5126,128,38597
4,38729,321,0.0,5127,128,38601
2,38731,321,0.0,5128,128,38603
9,38740,321,0.0,5129,128,38612
7,38747,321,0.0,5130,128,38619
27,38774,321,0.0,5131,128,38646
2,38776,321,0.0,5132,128,38648
8,38784,322,1.0,5133,128,38656
8,38792,323,1.0,5134,128,38664
3,38795,323,0.0,5135,128,38667
10,38805,324,1.0,5136,128,38677
8,38813,325,1.0,5137,128,38685
3,38816,325,0.0,5138,128,38688
12,38828,325,0.0,5139,128,38700
8,38836,326,1.0,5140,128,38708
5,38841,326,0.0,5141,128,38713
3,38844,326,0.0,5142,128,38716
3,38847,326,0.0,5143,128,38719
4,38851,326,0.0,5144,128,38723
2,38853,326,0.0,5145,128,38725
4,38857,326,0.0,5146,128,38729
10,38867,327,1.0,5147,128,38739
3,38870,327,0.0,5148,128,38742
5,38875,327,0.0,5149,128,38747
10,38885,327,0.0,5150,128,38757
10,38895,327,0.0,5151,128,38767
4,38899,327,0.0,5152,128,38771
8,38907,327,0.0,5153,128,38779
18,38925,327,0.0,5154,128,38797
5,38930,327,0.0,5155,128,38802
9,38939,327,0.0,5156,128,38811
9,38948,327,0.0,5157,128,38820
2,38950,327,0.0,5158,128,38822
18,38968,327,0.0,5159,128,38840
4,38972,327,0.0,5160,128,38844
10,38982,328,1.0,5161,128,38854
19,39001,328,0.0,5162,128,38873
8,39009,328,0.0,5163,128,38881
9,39018,328,0.0,5164,128,38890
6,39024,328,0.0,5165,128,38896
14,39038,328,0.0,5166,128,38910
2,39040,328,0.0,5167,128,38912
2,39042,328,0.0,5168,128,38914
6,39048,328,0.0,5169,128,38920
3,39051,328,0.0,5170,128,38923
3,39054,328,0.0,5171,128,38926
2,39056,328,0.0,5172,128,38928
2,39058,328,0.0,5173,128,38930
7,39065,328,0.0,5174,128,38937
7,39072,328,0.0,5175,128,38944
20,39092,328,0.0,5176,128,38964
9,39101,328,0.0,5177,128,38973
9,39110,328,0.0,5178,128,38982
4,39114,328,0.0,5179,128,38986
11,39125,328,0.0,5180,128,38997
13,39138,328,0.0,5181,128,39010
2,39140,328,0.0,5182,128,39012
5,39145,328,0.0,5183,128,39017
9,39154,328,0.0,5184,128,39026
5,39159,328,0.0,5185,128,39031
3,39162,328,0.0,5186,128,39034
7,39169,328,0.0,5187,128,39041
6,39175,328,0.0,5188,128,39047
3,39178,328,0.0,5189,128,39050
2,39180,328,0.0,5190,128,39052
8,39188,328,0.0,5191,128,39060
15,39203,328,0.0,5192,128,39075
3,39206,328,0.0,5193,128,39078
9,39215,328,0.0,5194,128,39087
22,39237,328,0.0,5195,128,39109
3,39240,328,0.0,5196,128,39112
15,39255,328,0.0,5197,128,39127
2,39257,328,0.0,5198,128,39129
2,39259,328,0.0,5199,128,39131
7,39266,328,0.0,5200,128,39138
10,39276,329,1.0,5201,128,39148
8,39284,330,1.0,5202,128,39156
17,39301,330,0.0,5203,128,39173
3,39304,330,0.0,5204,128,39176
7,39311,330,0.0,5205,128,39183
7,39318,330,0.0,5206,128,39190
5,39323,330,0.0,5207,128,39195
8,39331,330,0.0,5208,128,39203
11,39342,330,0.0,5209,128,39214
13,39355,330,0.0,5210,128,39227
5,39360,330,0.0,5211,128,39232
4,39364,330,0.0,5212,128,39236
8,39372,331,1.0,5213,128,39244
8,39380,331,0.0,5214,128,39252
9,39389,331,0.0,5215,128,39261
3,39392,331,0.0,5216,128,39264
4,39396,331,0.0,5217,128,39268
3,39399,331,0.0,5218,128,39271
4,39403,331,0.0,5219,128,39275
13,39416,331,0.0,5220,128,39288
3,39419,331,0.0,5221,128,39291
20,39439,331,0.0,5222,128,39311
5,39444,331,0.0,5223,128,39316
4,39448,331,0.0,5224,128,39320
2,39450,331,0.0,5225,128,39322
5,39455,331,0.0,5226,128,39327
12,39467,331,0.0,5227,128,39339
12,39479,331,0.0,5228,128,39351
20,39499,331,0.0,5229,128,39371
2,39501,331,0.0,5230,128,39373
4,39505,331,0.0,5231,128,39377
2,39507,331,0.0,5232,128,39379
6,39513,331,0.0,5233,128,39385
4,39517,331,0.0,5234,128,39389
6,39523,331,0.0,5235,128,39395
10,39533,331,0.0,5236,128,39405
2,39535,331,0.0,5237,128,39407
16,39551,331,0.0,5238,128,39423
5,39556,331,0.0,5239,128,39428
5,39561,331,0.0,5240,128,39433
3,39564,331,0.0,5241,128,39436
20,39584,331,0.0,5242,128,39456
9,39593,331,0.0,5243,128,39465
4,39597,331,0.0,5244,128,39469
7,39604,331,0.0,5245,128,39476
3,39607,331,0.0,5246,128,39479
4,39611,331,0.0,5247,128,39483
8,39619,331,0.0,5248,128,39491
4,39623,331,0.0,5249,128,39495
2,39625,331,0.0,5250,128,39497
4,39629,331,0.0,5251,128,39501
5,39634,331,0.0,5252,128,39506
6,39640,331,0.0,5253,128,39512
9,39649,331,0.0,5254,128,39521
13,39662,331,0.0,5255,128,39534
16,39678,331,0.0,5256,128,39550
3,39681,331,0.0,5257,128,39553
2,39683,331,0.0,5258,128,39555
5,39688,331,0.0,5259,128,39560
5,39693,331,0.0,5260,128,39565
3,39696,331,0.0,5261,128,39568
5,39701,331,0.0,5262,128,39573
2,39703,331,0.0,5263,128,39575
6,39709,331,0.0,5264,128,39581
4,39713,331,0.0,5265,128,39585
2,39715,331,0.0,5266,128,39587
2,39717,331,0.0,5267,128,39589
14,39731,331,0.0,5268,128,39603
3,39734,331,0.0,5269,128,39606
2,39736,331,0.0,5270,128,39608
5,39741,331,0.0,5271,128,39613
14,39755,331,0.0,5272,128,39627
3,39758,331,0.0,5273,128,39630
13,39771,331,0.0,5274,128,39643
12,39783,331,0.0,5275,128,39655
2,39785,331,0.0,5276,128,39657
5,39790,331,0.0,5277,128,39662
13,39803,331,0.0,5278,128,39675
9,39812,331,0.0,5279,128,39684
5,39817,331,0.0,5280,128,39689
4,39821,331,0.0,5281,128,39693
9,39830,331,0.0,5282,128,39702
3,39833,331,0.0,5283,128,39705
9,39842,331,0.0,5284,128,39714
4,39846,331,0.0,5285,128,39718
5,39851,331,0.0,5286,128,39723
2,39853,331,0.0,5287,128,39725
3,39856,331,0.0,5288,128,39728
7,39863,331,0.0,5289,128,39735
3,39866,331,0.0,5290,128,39738
17,39883,331,0.0,5291,128,39755
11,39894,331,0.0,5292,128,39766
17,39911,331,0.0,5293,128,39783
2,39913,331,0.0,5294,128,39785
9,39922,331,0.0,5295,128,39794
5,39927,331,0.0,5296,128,39799
5,39932,331,0.0,5297,128,39804
2,39934,331,0.0,5298,128,39806
7,39941,331,0.0,5299,128,39813
2,39943,331,0.0,5300,128,39815
3,39946,331,0.0,5301,128,39818
6,39952,331,0.0,5302,128,39824
7,39959,331,0.0,5303,128,39831
6,39965,331,0.0,5304,128,39837
4,39969,331,0.0,5305,128,39841
6,39975,331,0.0,5306,128,39847
8,39983,331,0.0,5307,128,39855
3,39986,331,0.0,5308,128,39858
2,39988,331,0.0,5309,128,39860
3,39991,331,0.0,5310,128,39863
3,39994,331,0.0,5311,128,39866
8,40002,332,1.0,5312,128,39874
4,40006,332,0.0,5313,128,39878
6,40012,332,0.0,5314,128,39884
5,40017,332,0.0,5315,128,39889
2,40019,332,0.0,5316,128,39891
6,40025,332,0.0,5317,128,39897
2,40027,332,0.0,5318,128,39899
14,40041,332,0.0,5319,128,39913
8,40049,332,0.0,5320,128,39921
6,40055,332,0.0,5321,128,39927
15,40070,332,0.0,5322,128,39942
3,40073,332,0.0,5323,128,39945
12,40085,332,0.0,5324,128,39957
5,40090,332,0.0,5325,128,39962
7,40097,332,0.0,5326,128,39969
8,40105,332,0.0,5327,128,39977
6,40111,332,0.0,5328,128,39983
11,40122,332,0.0,5329,128,39994
5,40127,332,0.0,5330,128,39999
4,40131,332,0.0,5331,128,40003
4,40135,332,0.0,5332,128,40007
8,40143,332,0.0,5333,128,40015
8,40151,332,0.0,5334,128,40023
8,40159,332,0.0,5335,128,40031
2,40161,332,0.0,5336,128,40033
18,40179,332,0.0,5337,128,40051
10,40189,332,0.0,5338,128,40061
8,40197,333,1.0,5339,128,40069
5,40202,333,0.0,5340,128,40074
2,40204,333,0.0,5341,128,40076
3,40207,333,0.0,5342,128,40079
14,40221,333,0.0,5343,128,40093
14,40235,333,0.0,5344,128,40107
2,40237,333,0.0,5345,128,40109
13,40250,333,0.0,5346,128,40122
2,40252,333,0.0,5347,128,40124
6,40258,333,0.0,5348,128,40130
10,40268,333,0.0,5349,128,40140
13,40281,333,0.0,5350,128,40153
22,40303,333,0.0,5351,128,40175
3,40306,333,0.0,5352,128,40178
3,40309,333,0.0,5353,128,40181
2,40311,333,0.0,5354,128,40183
2,40313,333,0.0,5355,128,40185
6,40319,333,0.0,5356,128,40191
3,40322,333,0.0,5357,128,40194
9,40331,333,0.0,5358,128,40203
18,40349,333,0.0,5359,128,40221
4,40353,333,0.0,5360,128,40225
15,40368,333,0.0,5361,128,40240
6,40374,333,0.0,5362,128,40246
2,40376,333,0.0,5363,128,40248
6,40382,333,0.0,5364,128,40254
6,40388,333,0.0,5365,128,40260
3,40391,333,0.0,5366,128,40263
5,40396,333,0.0,5367,128,40268
7,40403,333,0.0,5368,128,40275
8,40411,334,1.0,5369,128,40283
3,40414,334,0.0,5370,128,40286
3,40417,334,0.0,5371,128,40289
2,40419,334,0.0,5372,128,40291
2,40421,334,0.0,5373,128,40293
8,40429,335,1.0,5374,128,40301
21,40450,335,0.0,5375,128,40322
19,40469,335,0.0,5376,128,40341
14,40483,335,0.0,5377,128,40355
6,40489,335,0.0,5378,128,40361
3,40492,335,0.0,5379,128,40364
9,40501,335,0.0,5380,128,40373
7,40508,335,0.0,5381,128,40380
3,40511,335,0.0,5382,128,40383
2,40513,335,0.0,5383,128,40385
2,40515,335,0.0,5384,128,40387
8,40523,336,1.0,5385,128,40395
20,40543,336,0.0,5386,128,40415
10,40553,337,1.0,5387,128,40425
8,40561,338,1.0,5388,128,40433
7,40568,338,0.0,5389,128,40440
4,40572,338,0.0,5390,128,40444
8,40580,338,0.0,5391,128,40452
5,40585,338,0.0,5392,128,40457
11,40596,338,0.0,5393,128,40468
12,40608,338,0.0,5394,128,40480
2,40610,338,0.0,5395,128,40482
3,40613,338,0.0,5396,128,40485
8,40621,338,0.0,5397,128,40493
5,40626,338,0.0,5398,128,40498
10,40636,338,0.0,5399,128,40508
5,40641,338,0.0,5400,128,40513
9,40650,338,0.0,5401,128,40522
5,40655,338,0.0,5402,128,40527
3,40658,338,0.0,5403,128,40530
6,40664,338,0.0,5404,128,40536
9,40673,338,0.0,5405,128,40545
3,40676,338,0.0,5406,128,40548
3,40679,338,0.0,5407,128,40551
8,40687,338,0.0,5408,128,40559
8,40695,338,0.0,5409,128,40567
11,40706,338,0.0,5410,128,40578
2,40708,338,0.0,5411,128,40580
13,40721,338,0.0,5412,128,40593
4,40725,338,0.0,5413,128,40597
5,40730,338,0.0,5414,128,40602
10,40740,338,0.0,5415,128,40612
4,40744,338,0.0,5416,128,40616
4,40748,338,0.0,5417,128,40620
12,40760,338,0.0,5418,128,40632
4,40764,338,0.0,5419,128,40636
7,40771,338,0.0,5420,128,40643
3,40774,338,0.0,5421,128,40646
6,40780,338,0.0,5422,128,40652
5,40785,338,0.0,5423,128,40657
2,40787,338,0.0,5424,128,40659
7,40794,338,0.0,5425,128,40666
12,40806,338,0.0,5426,128,40678
8,40814,339,1.0,5427,128,40686
14,40828,339,0.0,5428,128,40700
2,40830,339,0.0,5429,128,40702
9,40839,339,0.0,5430,128,40711
8,40847,340,1.0,5431,128,40719
20,40867,340,0.0,5432,128,40739
6,40873,340,0.0,5433,128,40745
3,40876,340,0.0,5434,128,40748
3,40879,340,0.0,5435,128,40751
5,40884,340,0.0,5436,128,40756
2,40886,340,0.0,5437,128,40758
11,40897,340,0.0,5438,128,40769
14,40911,340,0.0,5439,128,40783
2,40913,340,0.0,5440,128,40785
10,40923,340,0.0,5441,128,40795
5,40928,340,0.0,5442,128,40800
5,40933,340,0.0,5443,128,40805
8,40941,340,0.0,5444,128,40813
2,40943,340,0.0,5445,128,40815
5,40948,340,0.0,5446,128,40820
12,40960,340,0.0,5447,128,40832
2,40962,340,0.0,5448,128,40834
8,40970,340,0.0,5449,128,40842
11,40981,340,0.0,5450,128,40853
4,40985,340,0.0,5451,128,40857
2,40987,340,0.0,5452,128,40859
9,40996,340,0.0,5453,128,40868
8,41004,341,1.0,5454,128,40876
7,41011,341,0.0,5455,128,40883
6,41017,341,0.0,5456,128,40889
10,41027,341,0.0,5457,128,40899
4,41031,341,0.0,5458,128,40903
5,41036,341,0.0,5459,128,40908
5,41041,341,0.0,5460,128,40913
8,41049,342,1.0,5461,128,40921
2,41051,342,0.0,5462,128,40923
8,41059,342,0.0,5463,128,40931
9,41068,342,0.0,5464,128,40940
16,41084,343,1.0,5465,128,40956
2,41086,343,0.0,5466,128,40958
4,41090,343,0.0,5467,128,40962
3,41093,343,0.0,5468,128,40965
3,41096,343,0.0,5469,128,40968
8,41104,343,0.0,5470,128,40976
2,41106,343,0.0,5471,128,40978
8,41114,343,0.0,5472,128,40986
8,41122,343,0.0,5473,128,40994
5,41127,343,0.0,5474,128,40999
9,41136,343,0.0,5475,128,41008
5,41141,343,0.0,5476,128,41013
7,41148,343,0.0,5477,128,41020
6,41154,343,0.0,5478,128,41026
7,41161,343,0.0,5479,128,41033
10,41171,343,0.0,5480,128,41043
3,41174,343,0.0,5481,128,41046
2,41176,343,0.0,5482,128,41048
9,41185,343,0.0,5483,128,41057
5,41190,343,0.0,5484,128,41062
5,41195,343,0.0,5485,128,41067
10,41205,343,0.0,5486,128,41077
7,41212,343,0.0,5487,128,41084
2,41214,343,0.0,5488,128,41086
10,41224,343,0.0,5489,128,41096
5,41229,343,0.0,5490,128,41101
10,41239,344,1.0,5491,128,41111
4,41243,344,0.0,5492,128,41115
7,41250,344,0.0,5493,128,41122
6,41256,344,0.0,5494,128,41128
12,41268,344,0.0,5495,128,41140
15,41283,344,0.0,5496,128,41155
22,41305,344,0.0,5497,128,41177
19,41324,344,0.0,5498,128,41196
9,41333,344,0.0,5499,128,41205
16,41349,345,1.0,5500,128,41221
4,41353,345,0.0,5501,128,41225
4,41357,345,0.0,5502,128,41229
9,41366,345,0.0,5503,128,41238
10,41376,345,0.0,5504,128,41248
7,41383,345,0.0,5505,128,41255
8,41391,345,0.0,5506,128,41263
8,41399,345,0.0,5507,128,41271
15,41414,345,0.0,5508,128,41286
10,41424,346,1.0,5509,128,41296
10,41434,347,1.0,5510,128,41306
3,41437,347,0.0,5511,128,41309
4,41441,347,0.0,5512,128,41313
2,41443,347,0.0,5513,128,41315
3,41446,347,0.0,5514,128,41318
3,41449,347,0.0,5515,128,41321
2,41451,347,0.0,5516,128,41323
11,41462,347,0.0,5517,128,41334
7,41469,347,0.0,5518,128,41341
3,41472,347,0.0,5519,128,41344
5,41477,347,0.0,5520,128,41349
11,41488,348,1.0,5521,128,41360
13,41501,348,0.0,5522,128,41373
5,41506,348,0.0,5523,128,41378
12,41518,348,0.0,5524,128,41390
6,41524,348,0.0,5525,128,41396
8,41532,348,0.0,5526,128,41404
10,41542,348,0.0,5527,128,41414
2,41544,348,0.0,5528,128,41416
7,41551,348,0.0,5529,128,41423
9,41560,348,0.0,5530,128,41432
13,41573,348,0.0,5531,128,41445
2,41575,348,0.0,5532,128,41447
3,41578,348,0.0,5533,128,41450
7,41585,348,0.0,5534,128,41457
8,41593,349,1.0,5535,128,41465
7,41600,349,0.0,5536,128,41472
6,41606,349,0.0,5537,128,41478
2,41608,349,0.0,5538,128,41480
7,41615,349,0.0,5539,128,41487
2,41617,349,0.0,5540,128,41489
10,41627,349,0.0,5541,128,41499
11,41638,349,0.0,5542,128,41510
10,41648,349,0.0,5543,128,41520
6,41654,349,0.0,5544,128,41526
2,41656,349,0.0,5545,128,41528
4,41660,349,0.0,5546,128,41532
10,41670,349,0.0,5547,128,41542
15,41685,349,0.0,5548,128,41557
7,41692,349,0.0,5549,128,41564
4,41696,349,0.0,5550,128,41568
10,41706,349,0.0,5551,128,41578
4,41710,349,0.0,5552,128,41582
5,41715,349,0.0,5553,128,41587
2,41717,349,0.0,5554,128,41589
6,41723,349,0.0,5555,128,41595
5,41728,349,0.0,5556,128,41600
2,41730,349,0.0,5557,128,41602
9,41739,349,0.0,5558,128,41611
20,41759,349,0.0,5559,128,41631
3,41762,349,0.0,5560,128,41634
4,41766,349,0.0,5561,128,41638
2,41768,349,0.0,5562,128,41640
3,41771,349,0.0,5563,128,41643
8,41779,349,0.0,5564,128,41651
13,41792,349,0.0,5565,128,41664
7,41799,349,0.0,5566,128,41671
7,41806,349,0.0,5567,128,41678
5,41811,349,0.0,5568,128,41683
13,41824,350,1.0,5569,128,41696
10,41834,350,0.0,5570,128,41706
2,41836,350,0.0,5571,128,41708
13,41849,350,0.0,5572,128,41721
12,41861,350,0.0,5573,128,41733
2,41863,350,0.0,5574,128,41735
8,41871,350,0.0,5575,128,41743
20,41891,350,0.0,5576,128,41763
2,41893,350,0.0,5577,128,41765
5,41898,350,0.0,5578,128,41770
6,41904,350,0.0,5579,128,41776
10,41914,351,1.0,5580,128,41786
6,41920,351,0.0,5581,128,41792
7,41927,351,0.0,5582,128,41799
7,41934,351,0.0,5583,128,41806
5,41939,351,0.0,5584,128,41811
4,41943,351,0.0,5585,128,41815
2,41945,351,0.0,5586,128,41817
10,41955,351,0.0,5587,128,41827
8,41963,351,0.0,5588,128,41835
19,41982,351,0.0,5589,128,41854
2,41984,351,0.0,5590,128,41856
5,41989,351,0.0,5591,128,41861
2,41991,351,0.0,5592,128,41863
11,42002,351,0.0,5593,128,41874
6,42008,351,0.0,5594,128,41880
3,42011,351,0.0,5595,128,41883
8,42019,352,1.0,5596,128,41891
4,42023,352,0.0,5597,128,41895
6,42029,352,0.0,5598,128,41901
4,42033,352,0.0,5599,128,41905
8,42041,353,1.0,5600,128,41913
15,42056,353,0.0,5601,128,41928
10,42066,353,0.0,5602,128,41938
8,42074,354,1.0,5603,128,41946
2,42076,354,0.0,5604,128,41948
8,42084,354,0.0,5605,128,41956
8,42092,355,1.0,5606,128,41964
9,42101,355,0.0,5607,128,41973
2,42103,355,0.0,5608,128,41975
12,42115,355,0.0,5609,128,41987
12,42127,355,0.0,5610,128,41999
12,42139,355,0.0,5611,128,42011
11,42150,355,0.0,5612,128,42022
7,42157,355,0.0,5613,128,42029
2,42159,355,0.0,5614,128,42031
7,42166,355,0.0,5615,128,42038
5,42171,355,0.0,5616,128,42043
4,42175,355,0.0,5617,128,42047
3,42178,355,0.0,5618,128,42050
11,42189,356,1.0,5619,128,42061
14,42203,356,0.0,5620,128,42075
2,42205,356,0.0,5621,128,42077
3,42208,356,0.0,5622,128,42080
10,42218,356,0.0,5623,128,42090
5,42223,356,0.0,5624,128,42095
2,42225,356,0.0,5625,128,42097
2,42227,356,0.0,5626,128,42099
20,42247,356,0.0,5627,128,42119
8,42255,357,1.0,5628,128,42127
2,42257,357,0.0,5629,128,42129
20,42277,357,0.0,5630,128,42149
8,42285,357,0.0,5631,128,42157
22,42307,357,0.0,5632,128,42179
20,42327,357,0.0,5633,128,42199
8,42335,358,1.0,5634,128,42207
2,42337,358,0.0,5635,128,42209
3,42340,358,0.0,5636,128,42212
9,42349,358,0.0,5637,128,42221
7,42356,358,0.0,5638,128,42228
4,42360,358,0.0,5639,128,42232
9,42369,358,0.0,5640,128,42241
13,42382,358,0.0,5641,128,42254
3,42385,358,0.0,5642,128,42257
8,42393,358,0.0,5643,128,42265
2,42395,358,0.0,5644,128,42267
4,42399,358,0.0,5645,128,42271
20,42419,358,0.0,5646,128,42291
4,42423,358,0.0,5647,128,42295
12,42435,359,1.0,5648,128,42307
4,42439,359,0.0,5649,128,42311
8,42447,359,0.0,5650,128,42319
14,42461,359,0.0,5651,128,42333
5,42466,359,0.0,5652,128,42338
4,42470,359,0.0,5653,128,42342
12,42482,360,1.0,5654,128,42354
8,42490,360,0.0,5655,128,42362
12,42502,360,0.0,5656,128,42374
4,42506,360,0.0,5657,128,42378
7,42513,360,0.0,5658,128,42385
4,42517,360,0.0,5659,128,42389
6,42523,360,0.0,5660,128,42395
2,42525,360,0.0,5661,128,42397
2,42527,360,0.0,5662,128,42399
5,42532,360,0.0,5663,128,42404
9,42541,360,0.0,5664,128,42413
6,42547,360,0.0,5665,128,42419
2,42549,360,0.0,5666,128,42421
2,42551,360,0.0,5667,128,42423
6,42557,360,0.0,5668,128,42429
8,42565,360,0.0,5669,128,42437
5,42570,360,0.0,5670,128,42442
2,42572,360,0.0,5671,128,42444
6,42578,360,0.0,5672,128,42450
2,42580,360,0.0,5673,128,42452
34,42614,360,0.0,5674,128,42486
12,42626,360,0.0,5675,128,42498
5,42631,360,0.0,5676,128,42503
9,42640,360,0.0,5677,128,42512
4,42644,360,0.0,5678,128,42516
7,42651,360,0.0,5679,128,42523
8,42659,361,1.0,5680,128,42531
9,42668,361,0.0,5681,128,42540
3,42671,361,0.0,5682,128,42543
8,42679,361,0.0,5683,128,42551
20,42699,361,0.0,5684,128,42571
22,42721,361,0.0,5685,128,42593
7,42728,361,0.0,5686,128,42600
10,42738,362,1.0,5687,128,42610
8,42746,363,1.0,5688,128,42618
7,42753,363,0.0,5689,128,42625
3,42756,363,0.0,5690,128,42628
4,42760,363,0.0,5691,128,42632
8,42768,364,1.0,5692,128,42640
4,42772,364,0.0,5693,128,42644
2,42774,364,0.0,5694,128,42646
6,42780,364,0.0,5695,128,42652
8,42788,364,0.0,5696,128,42660
3,42791,364,0.0,5697,128,42663
2,42793,364,0.0,5698,128,42665
8,42801,364,0.0,5699,128,42673
5,42806,364,0.0,5700,128,42678
20,42826,364,0.0,5701,128,42698
10,42836,365,1.0,5702,128,42708
20,42856,365,0.0,5703,128,42728
7,42863,365,0.0,5704,128,42735
5,42868,365,0.0,5705,128,42740
11,42879,365,0.0,5706,128,42751
8,42887,366,1.0,5707,128,42759
19,42906,366,0.0,5708,128,42778
5,42911,366,0.0,5709,128,42783
5,42916,366,0.0,5710,128,42788
5,42921,366,0.0,5711,128,42793
9,42930,366,0.0,5712,128,42802
15,42945,366,0.0,5713,128,42817
20,42965,366,0.0,5714,128,42837
4,42969,366,0.0,5715,128,42841
2,42971,366,0.0,5716,128,42843
6,42977,366,0.0,5717,128,42849
2,42979,366,0.0,5718,128,42851
3,42982,366,0.0,5719,128,42854
3,42985,366,0.0,5720,128,42857
4,42989,366,0.0,5721,128,42861
11,43000,366,0.0,5722,128,42872
4,43004,366,0.0,5723,128,42876
13,43017,366,0.0,5724,128,42889
20,43037,366,0.0,5725,128,42909
8,43045,366,0.0,5726,128,42917
10,43055,366,0.0,5727,128,42927
10,43065,366,0.0,5728,128,42937
3,43068,366,0.0,5729,128,42940
6,43074,366,0.0,5730,128,42946
9,43083,366,0.0,5731,128,42955
9,43092,366,0.0,5732,128,42964
3,43095,366,0.0,5733,128,42967
15,43110,366,0.0,5734,128,42982
5,43115,366,0.0,5735,128,42987
9,43124,366,0.0,5736,128,42996
6,43130,366,0.0,5737,128,43002
4,43134,366,0.0,5738,128,43006
2,43136,366,0.0,5739,128,43008
9,43145,366,0.0,5740,128,43017
14,43159,366,0.0,5741,128,43031
4,43163,366,0.0,5742,128,43035
5,43168,366,0.0,5743,128,43040
2,43170,366,0.0,5744,128,43042
6,43176,366,0.0,5745,128,43048
9,43185,366,0.0,5746,128,43057
8,43193,366,0.0,5747,128,43065
8,43201,366,0.0,5748,128,43073
5,43206,366,0.0,5749,128,43078
3,43209,366,0.0,5750,128,43081
31,43240,367,1.0,5751,128,43112
6,43246,367,0.0,5752,128,43118
8,43254,367,0.0,5753,128,43126
9,43263,367,0.0,5754,128,43135
4,43267,367,0.0,5755,128,43139
5,43272,367,0.0,5756,128,43144
19,43291,367,0.0,5757,128,43163
18,43309,367,0.0,5758,128,43181
14,43323,367,0.0,5759,128,43195
8,43331,367,0.0,5760,128,43203
7,43338,367,0.0,5761,128,43210
4,43342,367,0.0,5762,128,43214
31,43373,368,1.0,5763,128,43245
5,43378,368,0.0,5764,128,43250
11,43389,368,0.0,5765,128,43261
6,43395,368,0.0,5766,128,43267
3,43398,368,0.0,5767,128,43270
9,43407,368,0.0,5768,128,43279
7,43414,368,0.0,5769,128,43286
13,43427,368,0.0,5770,128,43299
3,43430,368,0.0,5771,128,43302
8,43438,369,1.0,5772,128,43310
2,43440,369,0.0,5773,128,43312
4,43444,369,0.0,5774,128,43316
5,43449,369,0.0,5775,128,43321
8,43457,370,1.0,5776,128,43329
4,43461,370,0.0,5777,128,43333
16,43477,371,1.0,5778,128,43349
8,43485,371,0.0,5779,128,43357
8,43493,371,0.0,5780,128,43365
5,43498,371,0.0,5781,128,43370
7,43505,371,0.0,5782,128,43377
6,43511,371,0.0,5783,128,43383
6,43517,371,0.0,5784,128,43389
5,43522,371,0.0,5785,128,43394
4,43526,371,0.0,5786,128,43398
5,43531,371,0.0,5787,128,43403
8,43539,372,1.0,5788,128,43411
10,43549,372,0.0,5789,128,43421
20,43569,372,0.0,5790,128,43441
16,43585,372,0.0,5791,128,43457
11,43596,372,0.0,5792,128,43468
2,43598,372,0.0,5793,128,43470
4,43602,372,0.0,5794,128,43474
9,43611,372,0.0,5795,128,43483
7,43618,372,0.0,5796,128,43490
4,43622,372,0.0,5797,128,43494
2,43624,372,0.0,5798,128,43496
20,43644,372,0.0,5799,128,43516
3,43647,372,0.0,5800,128,43519
13,43660,372,0.0,5801,128,43532
2,43662,372,0.0,5802,128,43534
6,43668,372,0.0,5803,128,43540
10,43678,373,1.0,5804,128,43550
11,43689,373,0.0,5805,128,43561
15,43704,373,0.0,5806,128,43576
15,43719,373,0.0,5807,128,43591
3,43722,373,0.0,5808,128,43594
9,43731,373,0.0,5809,128,43603
22,43753,373,0.0,5810,128,43625
20,43773,373,0.0,5811,128,43645
6,43779,373,0.0,5812,128,43651
13,43792,373,0.0,5813,128,43664
11,43803,373,0.0,5814,128,43675
5,43808,373,0.0,5815,128,43680
16,43824,374,1.0,5816,128,43696
13,43837,374,0.0,5817,128,43709
20,43857,374,0.0,5818,128,43729
5,43862,374,0.0,5819,128,43734
2,43864,374,0.0,5820,128,43736
11,43875,374,0.0,5821,128,43747
6,43881,374,0.0,5822,128,43753
11,43892,374,0.0,5823,128,43764
4,43896,374,0.0,5824,128,43768
12,43908,374,0.0,5825,128,43780
2,43910,374,0.0,5826,128,43782
7,43917,374,0.0,5827,128,43789
2,43919,374,0.0,5828,128,43791
7,43926,374,0.0,5829,128,43798
6,43932,374,0.0,5830,128,43804
4,43936,374,0.0,5831,128,43808
6,43942,374,0.0,5832,128,43814
7,43949,374,0.0,5833,128,43821
8,43957,374,0.0,5834,128,43829
3,43960,374,0.0,5835,128,43832
17,43977,374,0.0,5836,128,43849
16,43993,374,0.0,5837,128,43865
2,43995,374,0.0,5838,128,43867
2,43997,374,0.0,5839,128,43869
4,44001,374,0.0,5840,128,43873
4,44005,374,0.0,5841,128,43877
5,44010,374,0.0,5842,128,43882
4,44014,374,0.0,5843,128,43886
3,44017,374,0.0,5844,128,43889
9,44026,374,0.0,5845,128,43898
11,44037,374,0.0,5846,128,43909
15,44052,374,0.0,5847,128,43924
6,44058,374,0.0,5848,128,43930
4,44062,374,0.0,5849,128,43934
2,44064,374,0.0,5850,128,43936
15,44079,374,0.0,5851,128,43951
12,44091,374,0.0,5852,128,43963
14,44105,374,0.0,5853,128,43977
8,44113,375,1.0,5854,128,43985
15,44128,375,0.0,5855,128,44000
3,44131,375,0.0,5856,128,44003
2,44133,375,0.0,5857,128,44005
6,44139,375,0.0,5858,128,44011
2,44141,375,0.0,5859,128,44013
3,44144,375,0.0,5860,128,44016
2,44146,375,0.0,5861,128,44018
5,44151,375,0.0,5862,128,44023
5,44156,375,0.0,5863,128,44028
8,44164,376,1.0,5864,128,44036
8,44172,377,1.0,5865,128,44044
2,44174,377,0.0,5866,128,44046
15,44189,377,0.0,5867,128,44061
15,44204,377,0.0,5868,128,44076
5,44209,377,0.0,5869,128,44081
2,44211,377,0.0,5870,128,44083
4,44215,377,0.0,5871,128,44087
5,44220,377,0.0,5872,128,44092
4,44224,377,0.0,5873,128,44096
2,44226,377,0.0,5874,128,44098
2,44228,377,0.0,5875,128,44100
20,44248,377,0.0,5876,128,44120
10,44258,377,0.0,5877,128,44130
4,44262,377,0.0,5878,128,44134
20,44282,377,0.0,5879,128,44154
17,44299,377,0.0,5880,128,44171
21,44320,377,0.0,5881,128,44192
2,44322,377,0.0,5882,128,44194
4,44326,377,0.0,5883,128,44198
8,44334,377,0.0,5884,128,44206
8,44342,378,1.0,5885,128,44214
4,44346,378,0.0,5886,128,44218
16,44362,378,0.0,5887,128,44234
8,44370,379,1.0,5888,128,44242
5,44375,379,0.0,5889,128,44247
7,44382,379,0.0,5890,128,44254
7,44389,379,0.0,5891,128,44261
4,44393,379,0.0,5892,128,44265
4,44397,379,0.0,5893,128,44269
3,44400,379,0.0,5894,128,44272
5,44405,379,0.0,5895,128,44277
2,44407,379,0.0,5896,128,44279
5,44412,379,0.0,5897,128,44284
8,44420,380,1.0,5898,128,44292
7,44427,380,0.0,5899,128,44299
7,44434,380,0.0,5900,128,44306
2,44436,380,0.0,5901,128,44308
15,44451,380,0.0,5902,128,44323
8,44459,380,0.0,5903,128,44331
16,44475,381,1.0,5904,128,44347
5,44480,381,0.0,5905,128,44352
4,44484,381,0.0,5906,128,44356
8,44492,382,1.0,5907,128,44364
18,44510,382,0.0,5908,128,44382
5,44515,382,0.0,5909,128,44387
9,44524,382,0.0,5910,128,44396
6,44530,382,0.0,5911,128,44402
5,44535,382,0.0,5912,128,44407
5,44540,382,0.0,5913,128,44412
3,44543,382,0.0,5914,128,44415
7,44550,382,0.0,5915,128,44422
8,44558,382,0.0,5916,128,44430
4,44562,382,0.0,5917,128,44434
15,44577,382,0.0,5918,128,44449
4,44581,382,0.0,5919,128,44453
10,44591,382,0.0,5920,128,44463
2,44593,382,0.0,5921,128,44465
5,44598,382,0.0,5922,128,44470
10,44608,382,0.0,5923,128,44480
2,44610,382,0.0,5924,128,44482
6,44616,382,0.0,5925,128,44488
4,44620,382,0.0,5926,128,44492
17,44637,382,0.0,5927,128,44509
11,44648,382,0.0,5928,128,44520
21,44669,382,0.0,5929,128,44541
7,44676,382,0.0,5930,128,44548
3,44679,382,0.0,5931,128,44551
12,44691,382,0.0,5932,128,44563
8,44699,382,0.0,5933,128,44571
3,44702,382,0.0,5934,128,44574
18,44720,382,0.0,5935,128,44592
5,44725,382,0.0,5936,128,44597
5,44730,382,0.0,5937,128,44602
6,44736,382,0.0,5938,128,44608
5,44741,382,0.0,5939,128,44613
20,44761,382,0.0,5940,128,44633
9,44770,382,0.0,5941,128,44642
7,44777,382,0.0,5942,128,44649
12,44789,382,0.0,5943,128,44661
3,44792,382,0.0,5944,128,44664
20,44812,382,0.0,5945,128,44684
8,44820,382,0.0,5946,128,44692
24,44844,382,0.0,5947,128,44716
6,44850,382,0.0,5948,128,44722
7,44857,382,0.0,5949,128,44729
8,44865,383,1.0,5950,128,44737
30,44895,383,0.0,5951,128,44767
5,44900,383,0.0,5952,128,44772
6,44906,383,0.0,5953,128,44778
17,44923,383,0.0,5954,128,44795
10,44933,383,0.0,5955,128,44805
3,44936,383,0.0,5956,128,44808
4,44940,383,0.0,5957,128,44812
3,44943,383,0.0,5958,128,44815
4,44947,383,0.0,5959,128,44819
10,44957,384,1.0,5960,128,44829
7,44964,384,0.0,5961,128,44836
18,44982,384,0.0,5962,128,44854
5,44987,384,0.0,5963,128,44859
12,44999,384,0.0,5964,128,44871
16,45015,384,0.0,5965,128,44887
4,45019,384,0.0,5966,128,44891
7,45026,384,0.0,5967,128,44898
7,45033,384,0.0,5968,128,44905
9,45042,384,0.0,5969,128,44914
5,45047,384,0.0,5970,128,44919
5,45052,384,0.0,5971,128,44924
8,45060,384,0.0,5972,128,44932
5,45065,384,0.0,5973,128,44937
2,45067,384,0.0,5974,128,44939
9,45076,384,0.0,5975,128,44948
24,45100,384,0.0,5976,128,44972
14,45114,384,0.0,5977,128,44986
5,45119,384,0.0,5978,128,44991
3,45122,384,0.0,5979,128,44994
10,45132,384,0.0,5980,128,45004
10,45142,385,1.0,5981,128,45014
4,45146,385,0.0,5982,128,45018
6,45152,385,0.0,5983,128,45024
9,45161,385,0.0,5984,128,45033
28,45189,385,0.0,5985,128,45061
7,45196,385,0.0,5986,128,45068
4,45200,385,0.0,5987,128,45072
13,45213,385,0.0,5988,128,45085
4,45217,385,0.0,5989,128,45089
12,45229,385,0.0,5990,128,45101
5,45234,385,0.0,5991,128,45106
4,45238,385,0.0,5992,128,45110
4,45242,385,0.0,5993,128,45114
6,45248,385,0.0,5994,128,45120
2,45250,385,0.0,5995,128,45122
5,45255,385,0.0,5996,128,45127
4,45259,385,0.0,5997,128,45131
26,45285,385,0.0,5998,128,45157
10,45295,385,0.0,5999,128,45167
3,45298,385,0.0,6000,128,45170
4,45302,385,0.0,6001,128,45174
3,45305,385,0.0,6002,128,45177
20,45325,385,0.0,6003,128,45197
5,45330,385,0.0,6004,128,45202
3,45333,385,0.0,6005,128,45205
10,45343,386,1.0,6006,128,45215
5,45348,386,0.0,6007,128,45220
6,45354,386,0.0,6008,128,45226
4,45358,386,0.0,6009,128,45230
6,45364,386,0.0,6010,128,45236
20,45384,386,0.0,6011,128,45256
8,45392,386,0.0,6012,128,45264
2,45394,386,0.0,6013,128,45266
8,45402,387,1.0,6014,128,45274
5,45407,387,0.0,6015,128,45279
15,45422,387,0.0,6016,128,45294
8,45430,388,1.0,6017,128,45302
12,45442,388,0.0,6018,128,45314
4,45446,388,0.0,6019,128,45318
16,45462,389,1.0,6020,128,45334
12,45474,389,0.0,6021,128,45346
7,45481,389,0.0,6022,128,45353
8,45489,389,0.0,6023,128,45361
20,45509,389,0.0,6024,128,45381
23,45532,389,0.0,6025,128,45404
20,45552,389,0.0,6026,128,45424
9,45561,389,0.0,6027,128,45433
7,45568,389,0.0,6028,128,45440
8,45576,389,0.0,6029,128,45448
7,45583,389,0.0,6030,128,45455
4,45587,389,0.0,6031,128,45459
2,45589,389,0.0,6032,128,45461
7,45596,389,0.0,6033,128,45468
13,45609,389,0.0,6034,128,45481
9,45618,389,0.0,6035,128,45490
2,45620,389,0.0,6036,128,45492
9,45629,389,0.0,6037,128,45501
6,45635,389,0.0,6038,128,45507
4,45639,389,0.0,6039,128,45511
12,45651,389,0.0,6040,128,45523
4,45655,389,0.0,6041,128,45527
5,45660,389,0.0,6042,128,45532
10,45670,389,0.0,6043,128,45542
5,45675,389,0.0,6044,128,45547
20,45695,389,0.0,6045,128,45567
6,45701,389,0.0,6046,128,45573
8,45709,390,1.0,6047,128,45581
15,45724,390,0.0,6048,128,45596
5,45729,390,0.0,6049,128,45601
5,45734,390,0.0,6050,128,45606
5,45739,390,0.0,6051,128,45611
8,45747,390,0.0,6052,128,45619
8,45755,391,1.0,6053,128,45627
2,45757,391,0.0,6054,128,45629
14,45771,391,0.0,6055,128,45643
5,45776,391,0.0,6056,128,45648
4,45780,391,0.0,6057,128,45652
15,45795,391,0.0,6058,128,45667
5,45800,391,0.0,6059,128,45672
8,45808,392,1.0,6060,128,45680
10,45818,392,0.0,6061,128,45690
15,45833,392,0.0,6062,128,45705
16,45849,392,0.0,6063,128,45721
6,45855,392,0.0,6064,128,45727
20,45875,392,0.0,6065,128,45747
7,45882,392,0.0,6066,128,45754
11,45893,392,0.0,6067,128,45765
5,45898,392,0.0,6068,128,45770
6,45904,392,0.0,6069,128,45776
3,45907,392,0.0,6070,128,45779
6,45913,392,0.0,6071,128,45785
7,45920,392,0.0,6072,128,45792
3,45923,392,0.0,6073,128,45795
2,45925,392,0.0,6074,128,45797
20,45945,392,0.0,6075,128,45817
17,45962,392,0.0,6076,128,45834
8,45970,392,0.0,6077,128,45842
5,45975,392,0.0,6078,128,45847
4,45979,392,0.0,6079,128,45851
2,45981,392,0.0,6080,128,45853
5,45986,392,0.0,6081,128,45858
2,45988,392,0.0,6082,128,45860
3,45991,392,0.0,6083,128,45863
4,45995,392,0.0,6084,128,45867
5,46000,392,0.0,6085,128,45872
5,46005,392,0.0,6086,128,45877
11,46016,392,0.0,6087,128,45888
19,46035,392,0.0,6088,128,45907
7,46042,392,0.0,6089,128,45914
10,46052,392,0.0,6090,128,45924
18,46070,392,0.0,6091,128,45942
3,46073,392,0.0,6092,128,45945
3,46076,392,0.0,6093,128,45948
6,46082,392,0.0,6094,128,45954
20,46102,392,0.0,6095,128,45974
14,46116,392,0.0,6096,128,45988
20,46136,392,0.0,6097,128,46008
6,46142,392,0.0,6098,128,46014
8,46150,393,1.0,6099,128,46022
3,46153,393,0.0,6100,128,46025
6,46159,393,0.0,6101,128,46031
5,46164,393,0.0,6102,128,46036
3,46167,393,0.0,6103,128,46039
10,46177,394,1.0,6104,128,46049
4,46181,394,0.0,6105,128,46053
5,46186,394,0.0,6106,128,46058
16,46202,394,0.0,6107,128,46074
2,46204,394,0.0,6108,128,46076
5,46209,394,0.0,6109,128,46081
3,46212,394,0.0,6110,128,46084
2,46214,394,0.0,6111,128,46086
7,46221,394,0.0,6112,128,46093
7,46228,394,0.0,6113,128,46100
19,46247,394,0.0,6114,128,46119
2,46249,394,0.0,6115,128,46121
3,46252,394,0.0,6116,128,46124
4,46256,394,0.0,6117,128,46128
4,46260,394,0.0,6118,128,46132
7,46267,394,0.0,6119,128,46139
15,46282,394,0.0,6120,128,46154
10,46292,395,1.0,6121,128,46164
4,46296,395,0.0,6122,128,46168
20,46316,395,0.0,6123,128,46188
9,46325,395,0.0,6124,128,46197
4,46329,395,0.0,6125,128,46201
5,46334,395,0.0,6126,128,46206
7,46341,395,0.0,6127,128,46213
2,46343,395,0.0,6128,128,46215
9,46352,395,0.0,6129,128,46224
5,46357,395,0.0,6130,128,46229
2,46359,395,0.0,6131,128,46231
5,46364,395,0.0,6132,128,46236
13,46377,395,0.0,6133,128,46249
6,46383,395,0.0,6134,128,46255
6,46389,395,0.0,6135,128,46261
7,46396,395,0.0,6136,128,46268
8,46404,395,0.0,6137,128,46276
3,46407,395,0.0,6138,128,46279
5,46412,395,0.0,6139,128,46284
7,46419,395,0.0,6140,128,46291
7,46426,395,0.0,6141,128,46298
8,46434,395,0.0,6142,128,46306
4,46438,395,0.0,6143,128,46310
4,46442,395,0.0,6144,128,46314
3,46445,395,0.0,6145,128,46317
7,46452,395,0.0,6146,128,46324
8,46460,395,0.0,6147,128,46332
9,46469,395,0.0,6148,128,46341
9,46478,395,0.0,6149,128,46350
2,46480,395,0.0,6150,128,46352
12,46492,395,0.0,6151,128,46364
30,46522,395,0.0,6152,128,46394
23,46545,396,1.0,6153,128,46417
17,46562,396,0.0,6154,128,46434
2,46564,396,0.0,6155,128,46436
15,46579,396,0.0,6156,128,46451
4,46583,396,0.0,6157,128,46455
8,46591,397,1.0,6158,128,46463
3,46594,397,0.0,6159,128,46466
4,46598,397,0.0,6160,128,46470
3,46601,397,0.0,6161,128,46473
9,46610,397,0.0,6162,128,46482
5,46615,397,0.0,6163,128,46487
3,46618,397,0.0,6164,128,46490
3,46621,397,0.0,6165,128,46493
2,46623,397,0.0,6166,128,46495
13,46636,398,1.0,6167,128,46508
2,46638,398,0.0,6168,128,46510
2,46640,398,0.0,6169,128,46512
3,46643,398,0.0,6170,128,46515
8,46651,399,1.0,6171,128,46523
8,46659,399,0.0,6172,128,46531
2,46661,399,0.0,6173,128,46533
2,46663,399,0.0,6174,128,46535
2,46665,399,0.0,6175,128,46537
8,46673,400,1.0,6176,128,46545
4,46677,400,0.0,6177,128,46549
4,46681,400,0.0,6178,128,46553
12,46693,400,0.0,6179,128,46565
2,46695,400,0.0,6180,128,46567
5,46700,400,0.0,6181,128,46572
16,46716,400,0.0,6182,128,46588
3,46719,400,0.0,6183,128,46591
7,46726,400,0.0,6184,128,46598
3,46729,400,0.0,6185,128,46601
2,46731,400,0.0,6186,128,46603
3,46734,400,0.0,6187,128,46606
2,46736,400,0.0,6188,128,46608
4,46740,400,0.0,6189,128,46612
4,46744,400,0.0,6190,128,46616
9,46753,400,0.0,6191,128,46625
5,46758,400,0.0,6192,128,46630
11,46769,400,0.0,6193,128,46641
7,46776,400,0.0,6194,128,46648
2,46778,400,0.0,6195,128,46650
13,46791,400,0.0,6196,128,46663
9,46800,400,0.0,6197,128,46672
5,46805,400,0.0,6198,128,46677
4,46809,400,0.0,6199,128,46681
16,46825,400,0.0,6200,128,46697
5,46830,400,0.0,6201,128,46702
8,46838,401,1.0,6202,128,46710
6,46844,401,0.0,6203,128,46716
17,46861,401,0.0,6204,128,46733
4,46865,401,0.0,6205,128,46737
7,46872,401,0.0,6206,128,46744
5,46877,401,0.0,6207,128,46749
2,46879,401,0.0,6208,128,46751
8,46887,402,1.0,6209,128,46759
4,46891,402,0.0,6210,128,46763
2,46893,402,0.0,6211,128,46765
5,46898,402,0.0,6212,128,46770
6,46904,402,0.0,6213,128,46776
12,46916,402,0.0,6214,128,46788
8,46924,402,0.0,6215,128,46796
4,46928,402,0.0,6216,128,46800
6,46934,402,0.0,6217,128,46806
13,46947,402,0.0,6218,128,46819
15,46962,402,0.0,6219,128,46834
5,46967,402,0.0,6220,128,46839
3,46970,402,0.0,6221,128,46842
6,46976,402,0.0,6222,128,46848
6,46982,402,0.0,6223,128,46854
5,46987,402,0.0,6224,128,46859
6,46993,402,0.0,6225,128,46865
2,46995,402,0.0,6226,128,46867
10,47005,402,0.0,6227,128,46877
6,47011,402,0.0,6228,128,46883
13,47024,402,0.0,6229,128,46896
6,47030,402,0.0,6230,128,46902
8,47038,402,0.0,6231,128,46910
5,47043,402,0.0,6232,128,46915
8,47051,402,0.0,6233,128,46923
8,47059,403,1.0,6234,128,46931
15,47074,403,0.0,6235,128,46946
7,47081,403,0.0,6236,128,46953
2,47083,403,0.0,6237,128,46955
5,47088,403,0.0,6238,128,46960
5,47093,403,0.0,6239,128,46965
9,47102,403,0.0,6240,128,46974
10,47112,403,0.0,6241,128,46984
4,47116,403,0.0,6242,128,46988
2,47118,403,0.0,6243,128,46990
8,47126,403,0.0,6244,128,46998
3,47129,403,0.0,6245,128,47001
6,47135,403,0.0,6246,128,47007
6,47141,403,0.0,6247,128,47013
5,47146,403,0.0,6248,128,47018
2,47148,403,0.0,6249,128,47020
4,47152,403,0.0,6250,128,47024
3,47155,403,0.0,6251,128,47027
6,47161,403,0.0,6252,128,47033
16,47177,403,0.0,6253,128,47049
3,47180,403,0.0,6254,128,47052
11,47191,403,0.0,6255,128,47063
4,47195,403,0.0,6256,128,47067
10,47205,403,0.0,6257,128,47077
4,47209,403,0.0,6258,128,47081
2,47211,403,0.0,6259,128,47083
16,47227,404,1.0,6260,128,47099
9,47236,404,0.0,6261,128,47108
2,47238,404,0.0,6262,128,47110
4,47242,404,0.0,6263,128,47114
13,47255,404,0.0,6264,128,47127
2,47257,404,0.0,6265,128,47129
10,47267,405,1.0,6266,128,47139
11,47278,405,0.0,6267,128,47150
17,47295,405,0.0,6268,128,47167
6,47301,405,0.0,6269,128,47173
7,47308,405,0.0,6270,128,47180
3,47311,405,0.0,6271,128,47183
3,47314,405,0.0,6272,128,47186
14,47328,405,0.0,6273,128,47200
9,47337,405,0.0,6274,128,47209
4,47341,405,0.0,6275,128,47213
2,47343,405,0.0,6276,128,47215
9,47352,405,0.0,6277,128,47224
6,47358,405,0.0,6278,128,47230
2,47360,405,0.0,6279,128,47232
4,47364,405,0.0,6280,128,47236
2,47366,405,0.0,6281,128,47238
4,47370,405,0.0,6282,128,47242
2,47372,405,0.0,6283,128,47244
3,47375,405,0.0,6284,128,47247
4,47379,405,0.0,6285,128,47251
3,47382,405,0.0,6286,128,47254
8,47390,406,1.0,6287,128,47262
5,47395,406,0.0,6288,128,47267
8,47403,407,1.0,6289,128,47275
14,47417,407,0.0,6290,128,47289
6,47423,407,0.0,6291,128,47295
3,47426,407,0.0,6292,128,47298
16,47442,408,1.0,6293,128,47314
8,47450,408,0.0,6294,128,47322
6,47456,408,0.0,6295,128,47328
20,47476,408,0.0,6296,128,47348
5,47481,408,0.0,6297,128,47353
4,47485,408,0.0,6298,128,47357
5,47490,408,0.0,6299,128,47362
9,47499,408,0.0,6300,128,47371
6,47505,408,0.0,6301,128,47377
6,47511,408,0.0,6302,128,47383
4,47515,408,0.0,6303,128,47387
15,47530,408,0.0,6304,128,47402
8,47538,408,0.0,6305,128,47410
3,47541,408,0.0,6306,128,47413
4,47545,408,0.0,6307,128,47417
3,47548,408,0.0,6308,128,47420
2,47550,408,0.0,6309,128,47422
15,47565,408,0.0,6310,128,47437
6,47571,408,0.0,6311,128,47443
6,47577,408,0.0,6312,128,47449
4,47581,408,0.0,6313,128,47453
14,47595,408,0.0,6314,128,47467
4,47599,408,0.0,6315,128,47471
7,47606,408,0.0,6316,128,47478
7,47613,408,0.0,6317,128,47485
5,47618,408,0.0,6318,128,47490
3,47621,408,0.0,6319,128,47493
4,47625,408,0.0,6320,128,47497
5,47630,408,0.0,6321,128,47502
9,47639,408,0.0,6322,128,47511
8,47647,409,1.0,6323,128,47519
8,47655,410,1.0,6324,128,47527
6,47661,410,0.0,6325,128,47533
4,47665,410,0.0,6326,128,47537
7,47672,410,0.0,6327,128,47544
4,47676,410,0.0,6328,128,47548
10,47686,410,0.0,6329,128,47558
4,47690,410,0.0,6330,128,47562
8,47698,410,0.0,6331,128,47570
9,47707,410,0.0,6332,128,47579
4,47711,410,0.0,6333,128,47583
2,47713,410,0.0,6334,128,47585
7,47720,410,0.0,6335,128,47592
2,47722,410,0.0,6336,128,47594
8,47730,411,1.0,6337,128,47602
5,47735,411,0.0,6338,128,47607
5,47740,411,0.0,6339,128,47612
4,47744,411,0.0,6340,128,47616
8,47752,411,0.0,6341,128,47624
7,47759,411,0.0,6342,128,47631
4,47763,411,0.0,6343,128,47635
3,47766,411,0.0,6344,128,47638
2,47768,411,0.0,6345,128,47640
6,47774,411,0.0,6346,128,47646
3,47777,411,0.0,6347,128,47649
8,47785,411,0.0,6348,128,47657
9,47794,411,0.0,6349,128,47666
9,47803,411,0.0,6350,128,47675
2,47805,411,0.0,6351,128,47677
3,47808,411,0.0,6352,128,47680
6,47814,411,0.0,6353,128,47686
2,47816,411,0.0,6354,128,47688
5,47821,411,0.0,6355,128,47693
3,47824,411,0.0,6356,128,47696
11,47835,411,0.0,6357,128,47707
5,47840,411,0.0,6358,128,47712
31,47871,412,1.0,6359,128,47743
5,47876,412,0.0,6360,128,47748
5,47881,412,0.0,6361,128,47753
4,47885,412,0.0,6362,128,47757
4,47889,412,0.0,6363,128,47761
3,47892,412,0.0,6364,128,47764
2,47894,412,0.0,6365,128,47766
9,47903,412,0.0,6366,128,47775
6,47909,412,0.0,6367,128,47781
2,47911,412,0.0,6368,128,47783
4,47915,412,0.0,6369,128,47787
3,47918,412,0.0,6370,128,47790
4,47922,412,0.0,6371,128,47794
5,47927,412,0.0,6372,128,47799
2,47929,412,0.0,6373,128,47801
8,47937,412,0.0,6374,128,47809
13,47950,412,0.0,6375,128,47822
6,47956,412,0.0,6376,128,47828
6,47962,412,0.0,6377,128,47834
4,47966,412,0.0,6378,128,47838
2,47968,412,0.0,6379,128,47840
5,47973,412,0.0,6380,128,47845
6,47979,412,0.0,6381,128,47851
4,47983,412,0.0,6382,128,47855
2,47985,412,0.0,6383,128,47857
4,47989,412,0.0,6384,128,47861
17,48006,412,0.0,6385,128,47878
4,48010,412,0.0,6386,128,47882
5,48015,412,0.0,6387,128,47887
4,48019,412,0.0,6388,128,47891
7,48026,412,0.0,6389,128,47898
16,48042,413,1.0,6390,128,47914
9,48051,413,0.0,6391,128,47923
4,48055,413,0.0,6392,128,47927
8,48063,414,1.0,6393,128,47935
5,48068,414,0.0,6394,128,47940
9,48077,414,0.0,6395,128,47949
16,48093,414,0.0,6396,128,47965
2,48095,414,0.0,6397,128,47967
8,48103,414,0.0,6398,128,47975
18,48121,414,0.0,6399,128,47993
15,48136,414,0.0,6400,128,48008
7,48143,414,0.0,6401,128,48015
3,48146,414,0.0,6402,128,48018
4,48150,414,0.0,6403,128,48022
4,48154,414,0.0,6404,128,48026
8,48162,414,0.0,6405,128,48034
6,48168,414,0.0,6406,128,48040
5,48173,414,0.0,6407,128,48045
6,48179,414,0.0,6408,128,48051
9,48188,414,0.0,6409,128,48060
13,48201,414,0.0,6410,128,48073
4,48205,414,0.0,6411,128,48077
5,48210,414,0.0,6412,128,48082
8,48218,414,0.0,6413,128,48090
7,48225,414,0.0,6414,128,48097
7,48232,414,0.0,6415,128,48104
15,48247,414,0.0,6416,128,48119
5,48252,414,0.0,6417,128,48124
34,48286,414,0.0,6418,128,48158
3,48289,414,0.0,6419,128,48161
26,48315,414,0.0,6420,128,48187
12,48327,414,0.0,6421,128,48199
5,48332,414,0.0,6422,128,48204
22,48354,414,0.0,6423,128,48226
7,48361,414,0.0,6424,128,48233
5,48366,414,0.0,6425,128,48238
3,48369,414,0.0,6426,128,48241
5,48374,414,0.0,6427,128,48246
8,48382,415,1.0,6428,128,48254
2,48384,415,0.0,6429,128,48256
7,48391,415,0.0,6430,128,48263
4,48395,415,0.0,6431,128,48267
6,48401,415,0.0,6432,128,48273
5,48406,415,0.0,6433,128,48278
5,48411,415,0.0,6434,128,48283
9,48420,415,0.0,6435,128,48292
11,48431,415,0.0,6436,128,48303
8,48439,415,0.0,6437,128,48311
10,48449,416,1.0,6438,128,48321
2,48451,416,0.0,6439,128,48323
8,48459,416,0.0,6440,128,48331
15,48474,416,0.0,6441,128,48346
5,48479,416,0.0,6442,128,48351
4,48483,416,0.0,6443,128,48355
6,48489,416,0.0,6444,128,48361
7,48496,416,0.0,6445,128,48368
4,48500,416,0.0,6446,128,48372
20,48520,416,0.0,6447,128,48392
4,48524,416,0.0,6448,128,48396
18,48542,416,0.0,6449,128,48414
2,48544,416,0.0,6450,128,48416
6,48550,416,0.0,6451,128,48422
3,48553,416,0.0,6452,128,48425
8,48561,417,1.0,6453,128,48433
13,48574,417,0.0,6454,128,48446
6,48580,417,0.0,6455,128,48452
19,48599,417,0.0,6456,128,48471
3,48602,417,0.0,6457,128,48474
11,48613,417,0.0,6458,128,48485
2,48615,417,0.0,6459,128,48487
5,48620,417,0.0,6460,128,48492
5,48625,417,0.0,6461,128,48497
4,48629,417,0.0,6462,128,48501
4,48633,417,0.0,6463,128,48505
11,48644,417,0.0,6464,128,48516
5,48649,417,0.0,6465,128,48521
6,48655,417,0.0,6466,128,48527
4,48659,417,0.0,6467,128,48531
3,48662,417,0.0,6468,128,48534
6,48668,417,0.0,6469,128,48540
2,48670,417,0.0,6470,128,48542
14,48684,417,0.0,6471,128,48556
2,48686,417,0.0,6472,128,48558
4,48690,417,0.0,6473,128,48562
5,48695,417,0.0,6474,128,48567
20,48715,417,0.0,6475,128,48587
3,48718,417,0.0,6476,128,48590
12,48730,418,1.0,6477,128,48602
8,48738,418,0.0,6478,128,48610
4,48742,418,0.0,6479,128,48614
5,48747,418,0.0,6480,128,48619
2,48749,418,0.0,6481,128,48621
6,48755,418,0.0,6482,128,48627
4,48759,418,0.0,6483,128,48631
2,48761,418,0.0,6484,128,48633
2,48763,418,0.0,6485,128,48635
8,48771,419,1.0,6486,128,48643
4,48775,419,0.0,6487,128,48647
4,48779,419,0.0,6488,128,48651
11,48790,419,0.0,6489,128,48662
4,48794,419,0.0,6490,128,48666
2,48796,419,0.0,6491,128,48668
4,48800,419,0.0,6492,128,48672
17,48817,419,0.0,6493,128,48689
17,48834,419,0.0,6494,128,48706
8,48842,420,1.0,6495,128,48714
9,48851,420,0.0,6496,128,48723
5,48856,420,0.0,6497,128,48728
7,48863,420,0.0,6498,128,48735
9,48872,420,0.0,6499,128,48744
20,48892,420,0.0,6500,128,48764
4,48896,420,0.0,6501,128,48768
2,48898,420,0.0,6502,128,48770
3,48901,420,0.0,6503,128,48773
4,48905,420,0.0,6504,128,48777
5,48910,420,0.0,6505,128,48782
4,48914,420,0.0,6506,128,48786
12,48926,420,0.0,6507,128,48798
7,48933,420,0.0,6508,128,48805
5,48938,420,0.0,6509,128,48810
3,48941,420,0.0,6510,128,48813
2,48943,420,0.0,6511,128,48815
6,48949,420,0.0,6512,128,48821
3,48952,420,0.0,6513,128,48824
13,48965,420,0.0,6514,128,48837
4,48969,420,0.0,6515,128,48841
6,48975,420,0.0,6516,128,48847
5,48980,420,0.0,6517,128,48852
7,48987,420,0.0,6518,128,48859
5,48992,420,0.0,6519,128,48864
2,48994,420,0.0,6520,128,48866
3,48997,420,0.0,6521,128,48869
17,49014,420,0.0,6522,128,48886
2,49016,420,0.0,6523,128,48888
7,49023,420,0.0,6524,128,48895
18,49041,420,0.0,6525,128,48913
14,49055,420,0.0,6526,128,48927
10,49065,420,0.0,6527,128,48937
17,49082,420,0.0,6528,128,48954
2,49084,420,0.0,6529,128,48956
5,49089,420,0.0,6530,128,48961
3,49092,420,0.0,6531,128,48964
7,49099,420,0.0,6532,128,48971
4,49103,420,0.0,6533,128,48975
7,49110,420,0.0,6534,128,48982
4,49114,420,0.0,6535,128,48986
7,49121,420,0.0,6536,128,48993
5,49126,420,0.0,6537,128,48998
5,49131,420,0.0,6538,128,49003
15,49146,420,0.0,6539,128,49018
2,49148,420,0.0,6540,128,49020
4,49152,420,0.0,6541,128,49024
4,49156,420,0.0,6542,128,49028
18,49174,420,0.0,6543,128,49046
10,49184,421,1.0,6544,128,49056
12,49196,421,0.0,6545,128,49068
2,49198,421,0.0,6546,128,49070
5,49203,421,0.0,6547,128,49075
6,49209,421,0.0,6548,128,49081
2,49211,421,0.0,6549,128,49083
6,49217,421,0.0,6550,128,49089
4,49221,421,0.0,6551,128,49093
2,49223,421,0.0,6552,128,49095
17,49240,421,0.0,6553,128,49112
6,49246,421,0.0,6554,128,49118
4,49250,421,0.0,6555,128,49122
2,49252,421,0.0,6556,128,49124
6,49258,421,0.0,6557,128,49130
3,49261,421,0.0,6558,128,49133
26,49287,421,0.0,6559,128,49159
12,49299,421,0.0,6560,128,49171
11,49310,421,0.0,6561,128,49182
3,49313,421,0.0,6562,128,49185
5,49318,421,0.0,6563,128,49190
2,49320,421,0.0,6564,128,49192
4,49324,421,0.0,6565,128,49196
4,49328,421,0.0,6566,128,49200
2,49330,421,0.0,6567,128,49202
4,49334,421,0.0,6568,128,49206
13,49347,421,0.0,6569,128,49219
4,49351,421,0.0,6570,128,49223
3,49354,421,0.0,6571,128,49226
4,49358,421,0.0,6572,128,49230
6,49364,421,0.0,6573,128,49236
8,49372,421,0.0,6574,128,49244
3,49375,421,0.0,6575,128,49247
5,49380,421,0.0,6576,128,49252
11,49391,421,0.0,6577,128,49263
5,49396,421,0.0,6578,128,49268
4,49400,421,0.0,6579,128,49272
6,49406,421,0.0,6580,128,49278
2,49408,421,0.0,6581,128,49280
6,49414,421,0.0,6582,128,49286
20,49434,421,0.0,6583,128,49306
17,49451,421,0.0,6584,128,49323
6,49457,421,0.0,6585,128,49329
4,49461,421,0.0,6586,128,49333
5,49466,421,0.0,6587,128,49338
5,49471,421,0.0,6588,128,49343
7,49478,421,0.0,6589,128,49350
8,49486,422,1.0,6590,128,49358
5,49491,422,0.0,6591,128,49363
4,49495,422,0.0,6592,128,49367
4,49499,422,0.0,6593,128,49371
4,49503,422,0.0,6594,128,49375
8,49511,423,1.0,6595,128,49383
5,49516,423,0.0,6596,128,49388
8,49524,423,0.0,6597,128,49396
6,49530,423,0.0,6598,128,49402
3,49533,423,0.0,6599,128,49405
6,49539,423,0.0,6600,128,49411
10,49549,423,0.0,6601,128,49421
3,49552,423,0.0,6602,128,49424
7,49559,423,0.0,6603,128,49431
2,49561,423,0.0,6604,128,49433
2,49563,423,0.0,6605,128,49435
3,49566,423,0.0,6606,128,49438
4,49570,423,0.0,6607,128,49442
6,49576,423,0.0,6608,128,49448
2,49578,423,0.0,6609,128,49450
18,49596,423,0.0,6610,128,49468
6,49602,423,0.0,6611,128,49474
20,49622,423,0.0,6612,128,49494
8,49630,424,1.0,6613,128,49502
4,49634,424,0.0,6614,128,49506
12,49646,424,0.0,6615,128,49518
4,49650,424,0.0,6616,128,49522
2,49652,424,0.0,6617,128,49524
2,49654,424,0.0,6618,128,49526
9,49663,424,0.0,6619,128,49535
9,49672,424,0.0,6620,128,49544
15,49687,424,0.0,6621,128,49559
3,49690,424,0.0,6622,128,49562
20,49710,424,0.0,6623,128,49582
4,49714,424,0.0,6624,128,49586
24,49738,424,0.0,6625,128,49610
2,49740,424,0.0,6626,128,49612
8,49748,424,0.0,6627,128,49620
8,49756,424,0.0,6628,128,49628
3,49759,424,0.0,6629,128,49631
4,49763,424,0.0,6630,128,49635
3,49766,424,0.0,6631,128,49638
4,49770,424,0.0,6632,128,49642
5,49775,424,0.0,6633,128,49647
15,49790,424,0.0,6634,128,49662
6,49796,424,0.0,6635,128,49668
31,49827,425,1.0,6636,128,49699
5,49832,425,0.0,6637,128,49704
5,49837,425,0.0,6638,128,49709
6,49843,425,0.0,6639,128,49715
8,49851,425,0.0,6640,128,49723
2,49853,425,0.0,6641,128,49725
9,49862,425,0.0,6642,128,49734
3,49865,425,0.0,6643,128,49737
9,49874,425,0.0,6644,128,49746
4,49878,425,0.0,6645,128,49750
3,49881,425,0.0,6646,128,49753
6,49887,425,0.0,6647,128,49759
4,49891,425,0.0,6648,128,49763
6,49897,425,0.0,6649,128,49769
8,49905,425,0.0,6650,128,49777
3,49908,425,0.0,6651,128,49780
11,49919,425,0.0,6652,128,49791
5,49924,425,0.0,6653,128,49796
5,49929,425,0.0,6654,128,49801
3,49932,425,0.0,6655,128,49804
9,49941,425,0.0,6656,128,49813
6,49947,425,0.0,6657,128,49819
11,49958,425,0.0,6658,128,49830
3,49961,425,0.0,6659,128,49833
4,49965,425,0.0,6660,128,49837
5,49970,425,0.0,6661,128,49842
4,49974,425,0.0,6662,128,49846
2,49976,425,0.0,6663,128,49848
6,49982,425,0.0,6664,128,49854
16,49998,425,0.0,6665,128,49870
8,50006,425,0.0,6666,128,49878
4,50010,425,0.0,6667,128,49882
21,50031,425,0.0,6668,128,49903
8,50039,426,1.0,6669,128,49911
7,50046,426,0.0,6670,128,49918
10,50056,426,0.0,6671,128,49928
9,50065,426,0.0,6672,128,49937
2,50067,426,0.0,6673,128,49939
8,50075,426,0.0,6674,128,49947
6,50081,426,0.0,6675,128,49953
18,50099,426,0.0,6676,128,49971
2,50101,426,0.0,6677,128,49973
2,50103,426,0.0,6678,128,49975
10,50113,426,0.0,6679,128,49985
20,50133,426,0.0,6680,128,50005
3,50136,426,0.0,6681,128,50008
3,50139,426,0.0,6682,128,50011
9,50148,426,0.0,6683,128,50020
3,50151,426,0.0,6684,128,50023
15,50166,426,0.0,6685,128,50038
12,50178,427,1.0,6686,128,50050
4,50182,427,0.0,6687,128,50054
8,50190,427,0.0,6688,128,50062
2,50192,427,0.0,6689,128,50064
6,50198,427,0.0,6690,128,50070
13,50211,427,0.0,6691,128,50083
7,50218,427,0.0,6692,128,50090
2,50220,427,0.0,6693,128,50092
14,50234,427,0.0,6694,128,50106
7,50241,427,0.0,6695,128,50113
13,50254,427,0.0,6696,128,50126
7,50261,427,0.0,6697,128,50133
11,50272,427,0.0,6698,128,50144
15,50287,427,0.0,6699,128,50159
7,50294,427,0.0,6700,128,50166
3,50297,427,0.0,6701,128,50169
18,50315,427,0.0,6702,128,50187
2,50317,427,0.0,6703,128,50189
2,50319,427,0.0,6704,128,50191
4,50323,427,0.0,6705,128,50195
3,50326,427,0.0,6706,128,50198
3,50329,427,0.0,6707,128,50201
11,50340,427,0.0,6708,128,50212
6,50346,427,0.0,6709,128,50218
6,50352,427,0.0,6710,128,50224
5,50357,427,0.0,6711,128,50229
6,50363,427,0.0,6712,128,50235
3,50366,427,0.0,6713,128,50238
3,50369,427,0.0,6714,128,50241
8,50377,427,0.0,6715,128,50249
5,50382,427,0.0,6716,128,50254
9,50391,427,0.0,6717,128,50263
7,50398,427,0.0,6718,128,50270
5,50403,427,0.0,6719,128,50275
26,50429,427,0.0,6720,128,50301
16,50445,428,1.0,6721,128,50317
6,50451,428,0.0,6722,128,50323
5,50456,428,0.0,6723,128,50328
2,50458,428,0.0,6724,128,50330
2,50460,428,0.0,6725,128,50332
13,50473,428,0.0,6726,128,50345
11,50484,428,0.0,6727,128,50356
4,50488,428,0.0,6728,128,50360
10,50498,428,0.0,6729,128,50370
13,50511,428,0.0,6730,128,50383
10,50521,428,0.0,6731,128,50393
3,50524,428,0.0,6732,128,50396
10,50534,428,0.0,6733,128,50406
12,50546,428,0.0,6734,128,50418
4,50550,428,0.0,6735,128,50422
8,50558,429,1.0,6736,128,50430
8,50566,429,0.0,6737,128,50438
8,50574,430,1.0,6738,128,50446
5,50579,430,0.0,6739,128,50451
9,50588,430,0.0,6740,128,50460
37,50625,430,0.0,6741,128,50497
37,50662,430,0.0,6742,128,50534
2,50664,430,0.0,6743,128,50536
20,50684,430,0.0,6744,128,50556
2,50686,430,0.0,6745,128,50558
12,50698,430,0.0,6746,128,50570
10,50708,430,0.0,6747,128,50580
4,50712,430,0.0,6748,128,50584
2,50714,430,0.0,6749,128,50586
8,50722,431,1.0,6750,128,50594
7,50729,431,0.0,6751,128,50601
5,50734,431,0.0,6752,128,50606
17,50751,431,0.0,6753,128,50623
8,50759,431,0.0,6754,128,50631
4,50763,431,0.0,6755,128,50635
13,50776,431,0.0,6756,128,50648
3,50779,431,0.0,6757,128,50651
5,50784,431,0.0,6758,128,50656
2,50786,431,0.0,6759,128,50658
3,50789,431,0.0,6760,128,50661
2,50791,431,0.0,6761,128,50663
6,50797,431,0.0,6762,128,50669
12,50809,431,0.0,6763,128,50681
3,50812,431,0.0,6764,128,50684
8,50820,431,0.0,6765,128,50692
12,50832,431,0.0,6766,128,50704
4,50836,431,0.0,6767,128,50708
5,50841,431,0.0,6768,128,50713
14,50855,431,0.0,6769,128,50727
4,50859,431,0.0,6770,128,50731
3,50862,431,0.0,6771,128,50734
14,50876,431,0.0,6772,128,50748
5,50881,431,0.0,6773,128,50753
34,50915,431,0.0,6774,128,50787
5,50920,431,0.0,6775,128,50792
4,50924,431,0.0,6776,128,50796
3,50927,431,0.0,6777,128,50799
4,50931,431,0.0,6778,128,50803
5,50936,431,0.0,6779,128,50808
7,50943,431,0.0,6780,128,50815
9,50952,431,0.0,6781,128,50824
8,50960,432,1.0,6782,128,50832
10,50970,432,0.0,6783,128,50842
14,50984,432,0.0,6784,128,50856
5,50989,432,0.0,6785,128,50861
3,50992,432,0.0,6786,128,50864
6,50998,432,0.0,6787,128,50870
15,51013,432,0.0,6788,128,50885
8,51021,433,1.0,6789,128,50893
8,51029,434,1.0,6790,128,50901
6,51035,434,0.0,6791,128,50907
3,51038,434,0.0,6792,128,50910
4,51042,434,0.0,6793,128,50914
7,51049,434,0.0,6794,128,50921
7,51056,434,0.0,6795,128,50928
16,51072,434,0.0,6796,128,50944
2,51074,434,0.0,6797,128,50946
29,51103,434,0.0,6798,128,50975
5,51108,434,0.0,6799,128,50980
7,51115,434,0.0,6800,128,50987
2,51117,434,0.0,6801,128,50989
4,51121,434,0.0,6802,128,50993
6,51127,434,0.0,6803,128,50999
3,51130,434,0.0,6804,128,51002
8,51138,434,0.0,6805,128,51010
3,51141,434,0.0,6806,128,51013
2,51143,434,0.0,6807,128,51015
9,51152,434,0.0,6808,128,51024
4,51156,434,0.0,6809,128,51028
5,51161,434,0.0,6810,128,51033
11,51172,434,0.0,6811,128,51044
8,51180,434,0.0,6812,128,51052
4,51184,434,0.0,6813,128,51056
10,51194,434,0.0,6814,128,51066
3,51197,434,0.0,6815,128,51069
5,51202,434,0.0,6816,128,51074
19,51221,434,0.0,6817,128,51093
3,51224,434,0.0,6818,128,51096
8,51232,434,0.0,6819,128,51104
4,51236,434,0.0,6820,128,51108
2,51238,434,0.0,6821,128,51110
4,51242,434,0.0,6822,128,51114
6,51248,434,0.0,6823,128,51120
3,51251,434,0.0,6824,128,51123
11,51262,434,0.0,6825,128,51134
3,51265,434,0.0,6826,128,51137
4,51269,434,0.0,6827,128,51141
7,51276,434,0.0,6828,128,51148
4,51280,434,0.0,6829,128,51152
4,51284,434,0.0,6830,128,51156
5,51289,434,0.0,6831,128,51161
4,51293,434,0.0,6832,128,51165
4,51297,434,0.0,6833,128,51169
7,51304,434,0.0,6834,128,51176
6,51310,434,0.0,6835,128,51182
4,51314,434,0.0,6836,128,51186
4,51318,434,0.0,6837,128,51190
13,51331,434,0.0,6838,128,51203
4,51335,434,0.0,6839,128,51207
5,51340,434,0.0,6840,128,51212
2,51342,434,0.0,6841,128,51214
14,51356,434,0.0,6842,128,51228
5,51361,434,0.0,6843,128,51233
14,51375,434,0.0,6844,128,51247
2,51377,434,0.0,6845,128,51249
3,51380,434,0.0,6846,128,51252
12,51392,434,0.0,6847,128,51264
6,51398,434,0.0,6848,128,51270
4,51402,434,0.0,6849,128,51274
6,51408,434,0.0,6850,128,51280
13,51421,434,0.0,6851,128,51293
3,51424,434,0.0,6852,128,51296
5,51429,434,0.0,6853,128,51301
16,51445,434,0.0,6854,128,51317
20,51465,434,0.0,6855,128,51337
2,51467,434,0.0,6856,128,51339
10,51477,434,0.0,6857,128,51349
2,51479,434,0.0,6858,128,51351
6,51485,434,0.0,6859,128,51357
5,51490,434,0.0,6860,128,51362
2,51492,434,0.0,6861,128,51364
2,51494,434,0.0,6862,128,51366
4,51498,434,0.0,6863,128,51370
11,51509,434,0.0,6864,128,51381
7,51516,434,0.0,6865,128,51388
2,51518,434,0.0,6866,128,51390
3,51521,434,0.0,6867,128,51393
7,51528,434,0.0,6868,128,51400
6,51534,434,0.0,6869,128,51406
2,51536,434,0.0,6870,128,51408
9,51545,434,0.0,6871,128,51417
12,51557,434,0.0,6872,128,51429
5,51562,434,0.0,6873,128,51434
3,51565,434,0.0,6874,128,51437
4,51569,434,0.0,6875,128,51441
5,51574,434,0.0,6876,128,51446
9,51583,434,0.0,6877,128,51455
8,51591,434,0.0,6878,128,51463
7,51598,434,0.0,6879,128,51470
20,51618,434,0.0,6880,128,51490
4,51622,434,0.0,6881,128,51494
4,51626,434,0.0,6882,128,51498
6,51632,434,0.0,6883,128,51504
13,51645,434,0.0,6884,128,51517
9,51654,434,0.0,6885,128,51526
7,51661,434,0.0,6886,128,51533
3,51664,434,0.0,6887,128,51536
6,51670,434,0.0,6888,128,51542
21,51691,434,0.0,6889,128,51563
11,51702,434,0.0,6890,128,51574
16,51718,435,1.0,6891,128,51590
12,51730,435,0.0,6892,128,51602
4,51734,435,0.0,6893,128,51606
9,51743,435,0.0,6894,128,51615
8,51751,435,0.0,6895,128,51623
4,51755,435,0.0,6896,128,51627
6,51761,435,0.0,6897,128,51633
3,51764,435,0.0,6898,128,51636
8,51772,436,1.0,6899,128,51644
5,51777,436,0.0,6900,128,51649
5,51782,436,0.0,6901,128,51654
4,51786,436,0.0,6902,128,51658
5,51791,436,0.0,6903,128,51663
2,51793,436,0.0,6904,128,51665
21,51814,436,0.0,6905,128,51686
17,51831,436,0.0,6906,128,51703
8,51839,436,0.0,6907,128,51711
4,51843,436,0.0,6908,128,51715
7,51850,436,0.0,6909,128,51722
14,51864,436,0.0,6910,128,51736
31,51895,437,1.0,6911,128,51767
2,51897,437,0.0,6912,128,51769
15,51912,437,0.0,6913,128,51784
2,51914,437,0.0,6914,128,51786
5,51919,437,0.0,6915,128,51791
9,51928,437,0.0,6916,128,51800
2,51930,437,0.0,6917,128,51802
7,51937,437,0.0,6918,128,51809
6,51943,437,0.0,6919,128,51815
10,51953,437,0.0,6920,128,51825
26,51979,437,0.0,6921,128,51851
5,51984,437,0.0,6922,128,51856
2,51986,437,0.0,6923,128,51858
6,51992,437,0.0,6924,128,51864
3,51995,437,0.0,6925,128,51867
7,52002,437,0.0,6926,128,51874
16,52018,437,0.0,6927,128,51890
19,52037,437,0.0,6928,128,51909
11,52048,437,0.0,6929,128,51920
16,52064,437,0.0,6930,128,51936
2,52066,437,0.0,6931,128,51938
4,52070,437,0.0,6932,128,51942
5,52075,437,0.0,6933,128,51947
17,52092,437,0.0,6934,128,51964
2,52094,437,0.0,6935,128,51966
2,52096,437,0.0,6936,128,51968
22,52118,437,0.0,6937,128,51990
2,52120,437,0.0,6938,128,51992
20,52140,437,0.0,6939,128,52012
16,52156,438,1.0,6940,128,52028
11,52167,438,0.0,6941,128,52039
3,52170,438,0.0,6942,128,52042
20,52190,438,0.0,6943,128,52062
2,52192,438,0.0,6944,128,52064
3,52195,438,0.0,6945,128,52067
6,52201,438,0.0,6946,128,52073
4,52205,438,0.0,6947,128,52077
7,52212,438,0.0,6948,128,52084
4,52216,438,0.0,6949,128,52088
7,52223,438,0.0,6950,128,52095
2,52225,438,0.0,6951,128,52097
7,52232,438,0.0,6952,128,52104
6,52238,438,0.0,6953,128,52110
3,52241,438,0.0,6954,128,52113
4,52245,438,0.0,6955,128,52117
2,52247,438,0.0,6956,128,52119
4,52251,438,0.0,6957,128,52123
4,52255,438,0.0,6958,128,52127
9,52264,438,0.0,6959,128,52136
2,52266,438,0.0,6960,128,52138
4,52270,438,0.0,6961,128,52142
8,52278,439,1.0,6962,128,52150
4,52282,439,0.0,6963,128,52154
5,52287,439,0.0,6964,128,52159
4,52291,439,0.0,6965,128,52163
6,52297,439,0.0,6966,128,52169
2,52299,439,0.0,6967,128,52171
2,52301,439,0.0,6968,128,52173
3,52304,439,0.0,6969,128,52176
7,52311,439,0.0,6970,128,52183
4,52315,439,0.0,6971,128,52187
4,52319,439,0.0,6972,128,52191
4,52323,439,0.0,6973,128,52195
6,52329,439,0.0,6974,128,52201
3,52332,439,0.0,6975,128,52204
17,52349,439,0.0,6976,128,52221
11,52360,439,0.0,6977,128,52232
7,52367,439,0.0,6978,128,52239
20,52387,439,0.0,6979,128,52259
5,52392,439,0.0,6980,128,52264
4,52396,439,0.0,6981,128,52268
16,52412,439,0.0,6982,128,52284
7,52419,439,0.0,6983,128,52291
4,52423,439,0.0,6984,128,52295
3,52426,439,0.0,6985,128,52298
8,52434,439,0.0,6986,128,52306
4,52438,439,0.0,6987,128,52310
20,52458,439,0.0,6988,128,52330
6,52464,439,0.0,6989,128,52336
6,52470,439,0.0,6990,128,52342
10,52480,439,0.0,6991,128,52352
7,52487,439,0.0,6992,128,52359
4,52491,439,0.0,6993,128,52363
6,52497,439,0.0,6994,128,52369
15,52512,439,0.0,6995,128,52384
5,52517,439,0.0,6996,128,52389
6,52523,439,0.0,6997,128,52395
12,52535,439,0.0,6998,128,52407
4,52539,439,0.0,6999,128,52411
3,52542,439,0.0,7000,128,52414
3,52545,439,0.0,7001,128,52417
11,52556,439,0.0,7002,128,52428
12,52568,439,0.0,7003,128,52440
5,52573,439,0.0,7004,128,52445
3,52576,439,0.0,7005,128,52448
16,52592,439,0.0,7006,128,52464
20,52612,439,0.0,7007,128,52484
16,52628,439,0.0,7008,128,52500
27,52655,439,0.0,7009,128,52527
15,52670,439,0.0,7010,128,52542
4,52674,439,0.0,7011,128,52546
2,52676,439,0.0,7012,128,52548
2,52678,439,0.0,7013,128,52550
4,52682,439,0.0,7014,128,52554
2,52684,439,0.0,7015,128,52556
7,52691,439,0.0,7016,128,52563
13,52704,439,0.0,7017,128,52576
18,52722,439,0.0,7018,128,52594
9,52731,439,0.0,7019,128,52603
5,52736,439,0.0,7020,128,52608
3,52739,439,0.0,7021,128,52611
3,52742,439,0.0,7022,128,52614
6,52748,439,0.0,7023,128,52620
2,52750,439,0.0,7024,128,52622
7,52757,439,0.0,7025,128,52629
2,52759,439,0.0,7026,128,52631
4,52763,439,0.0,7027,128,52635
8,52771,440,1.0,7028,128,52643
13,52784,440,0.0,7029,128,52656
2,52786,440,0.0,7030,128,52658
20,52806,440,0.0,7031,128,52678
34,52840,440,0.0,7032,128,52712
2,52842,440,0.0,7033,128,52714
4,52846,440,0.0,7034,128,52718
5,52851,440,0.0,7035,128,52723
12,52863,441,1.0,7036,128,52735
6,52869,441,0.0,7037,128,52741
3,52872,441,0.0,7038,128,52744
5,52877,441,0.0,7039,128,52749
6,52883,441,0.0,7040,128,52755
6,52889,441,0.0,7041,128,52761
4,52893,441,0.0,7042,128,52765
3,52896,441,0.0,7043,128,52768
2,52898,441,0.0,7044,128,52770
20,52918,441,0.0,7045,128,52790
6,52924,441,0.0,7046,128,52796
2,52926,441,0.0,7047,128,52798
9,52935,441,0.0,7048,128,52807
4,52939,441,0.0,7049,128,52811
4,52943,441,0.0,7050,128,52815
5,52948,441,0.0,7051,128,52820
20,52968,441,0.0,7052,128,52840
14,52982,441,0.0,7053,128,52854
4,52986,441,0.0,7054,128,52858
13,52999,441,0.0,7055,128,52871
4,53003,441,0.0,7056,128,52875
14,53017,441,0.0,7057,128,52889
4,53021,441,0.0,7058,128,52893
13,53034,441,0.0,7059,128,52906
6,53040,441,0.0,7060,128,52912
7,53047,441,0.0,7061,128,52919
3,53050,441,0.0,7062,128,52922
3,53053,441,0.0,7063,128,52925
14,53067,441,0.0,7064,128,52939
2,53069,441,0.0,7065,128,52941
4,53073,441,0.0,7066,128,52945
7,53080,441,0.0,7067,128,52952
23,53103,441,0.0,7068,128,52975
5,53108,441,0.0,7069,128,52980
9,53117,441,0.0,7070,128,52989
20,53137,441,0.0,7071,128,53009
6,53143,441,0.0,7072,128,53015
2,53145,441,0.0,7073,128,53017
4,53149,441,0.0,7074,128,53021
14,53163,441,0.0,7075,128,53035
5,53168,441,0.0,7076,128,53040
4,53172,441,0.0,7077,128,53044
11,53183,441,0.0,7078,128,53055
8,53191,441,0.0,7079,128,53063
6,53197,441,0.0,7080,128,53069
6,53203,441,0.0,7081,128,53075
6,53209,441,0.0,7082,128,53081
8,53217,442,1.0,7083,128,53089
2,53219,442,0.0,7084,128,53091
4,53223,442,0.0,7085,128,53095
5,53228,442,0.0,7086,128,53100
22,53250,442,0.0,7087,128,53122
5,53255,442,0.0,7088,128,53127
13,53268,442,0.0,7089,128,53140
2,53270,442,0.0,7090,128,53142
5,53275,442,0.0,7091,128,53147
15,53290,442,0.0,7092,128,53162
16,53306,442,0.0,7093,128,53178
5,53311,442,0.0,7094,128,53183
6,53317,442,0.0,7095,128,53189
5,53322,442,0.0,7096,128,53194
11,53333,442,0.0,7097,128,53205
6,53339,442,0.0,7098,128,53211
4,53343,442,0.0,7099,128,53215
14,53357,442,0.0,7100,128,53229
14,53371,442,0.0,7101,128,53243
5,53376,442,0.0,7102,128,53248
7,53383,442,0.0,7103,128,53255
3,53386,442,0.0,7104,128,53258
7,53393,442,0.0,7105,128,53265
2,53395,442,0.0,7106,128,53267
20,53415,442,0.0,7107,128,53287
15,53430,442,0.0,7108,128,53302
17,53447,442,0.0,7109,128,53319
7,53454,442,0.0,7110,128,53326
14,53468,442,0.0,7111,128,53340
4,53472,442,0.0,7112,128,53344
9,53481,442,0.0,7113,128,53353
19,53500,442,0.0,7114,128,53372
6,53506,442,0.0,7115,128,53378
5,53511,442,0.0,7116,128,53383
5,53516,442,0.0,7117,128,53388
5,53521,442,0.0,7118,128,53393
4,53525,442,0.0,7119,128,53397
5,53530,442,0.0,7120,128,53402
2,53532,442,0.0,7121,128,53404
8,53540,442,0.0,7122,128,53412
5,53545,442,0.0,7123,128,53417
9,53554,442,0.0,7124,128,53426
4,53558,442,0.0,7125,128,53430
9,53567,442,0.0,7126,128,53439
2,53569,442,0.0,7127,128,53441
2,53571,442,0.0,7128,128,53443
7,53578,442,0.0,7129,128,53450
5,53583,442,0.0,7130,128,53455
41,53624,442,0.0,7131,128,53496
20,53644,442,0.0,7132,128,53516
13,53657,442,0.0,7133,128,53529
2,53659,442,0.0,7134,128,53531
2,53661,442,0.0,7135,128,53533
4,53665,442,0.0,7136,128,53537
6,53671,442,0.0,7137,128,53543
12,53683,442,0.0,7138,128,53555
15,53698,442,0.0,7139,128,53570
8,53706,443,1.0,7140,128,53578
6,53712,443,0.0,7141,128,53584
8,53720,444,1.0,7142,128,53592
4,53724,444,0.0,7143,128,53596
2,53726,444,0.0,7144,128,53598
20,53746,444,0.0,7145,128,53618
4,53750,444,0.0,7146,128,53622
4,53754,444,0.0,7147,128,53626
28,53782,444,0.0,7148,128,53654
5,53787,444,0.0,7149,128,53659
4,53791,444,0.0,7150,128,53663
4,53795,444,0.0,7151,128,53667
11,53806,444,0.0,7152,128,53678
3,53809,444,0.0,7153,128,53681
7,53816,444,0.0,7154,128,53688
8,53824,445,1.0,7155,128,53696
6,53830,445,0.0,7156,128,53702
7,53837,445,0.0,7157,128,53709
6,53843,445,0.0,7158,128,53715
31,53874,446,1.0,7159,128,53746
10,53884,446,0.0,7160,128,53756
9,53893,446,0.0,7161,128,53765
5,53898,446,0.0,7162,128,53770
11,53909,446,0.0,7163,128,53781
4,53913,446,0.0,7164,128,53785
9,53922,446,0.0,7165,128,53794
9,53931,446,0.0,7166,128,53803
4,53935,446,0.0,7167,128,53807
6,53941,446,0.0,7168,128,53813
3,53944,446,0.0,7169,128,53816
4,53948,446,0.0,7170,128,53820
7,53955,446,0.0,7171,128,53827
16,53971,446,0.0,7172,128,53843
4,53975,446,0.0,7173,128,53847
8,53983,446,0.0,7174,128,53855
8,53991,447,1.0,7175,128,53863
5,53996,447,0.0,7176,128,53868
5,54001,447,0.0,7177,128,53873
3,54004,447,0.0,7178,128,53876
9,54013,447,0.0,7179,128,53885
8,54021,448,1.0,7180,128,53893
3,54024,448,0.0,7181,128,53896
4,54028,448,0.0,7182,128,53900
3,54031,448,0.0,7183,128,53903
6,54037,448,0.0,7184,128,53909
7,54044,448,0.0,7185,128,53916
2,54046,448,0.0,7186,128,53918
2,54048,448,0.0,7187,128,53920
2,54050,448,0.0,7188,128,53922
6,54056,448,0.0,7189,128,53928
8,54064,448,0.0,7190,128,53936
20,54084,448,0.0,7191,128,53956
34,54118,448,0.0,7192,128,53990
2,54120,448,0.0,7193,128,53992
8,54128,449,1.0,7194,128,54000
5,54133,449,0.0,7195,128,54005
7,54140,449,0.0,7196,128,54012
5,54145,449,0.0,7197,128,54017
2,54147,449,0.0,7198,128,54019
12,54159,449,0.0,7199,128,54031
7,54166,449,0.0,7200,128,54038
11,54177,449,0.0,7201,128,54049
10,54187,449,0.0,7202,128,54059
8,54195,450,1.0,7203,128,54067
5,54200,450,0.0,7204,128,54072
2,54202,450,0.0,7205,128,54074
3,54205,450,0.0,7206,128,54077
4,54209,450,0.0,7207,128,54081
3,54212,450,0.0,7208,128,54084
2,54214,450,0.0,7209,128,54086
5,54219,450,0.0,7210,128,54091
4,54223,450,0.0,7211,128,54095
13,54236,450,0.0,7212,128,54108
3,54239,450,0.0,7213,128,54111
4,54243,450,0.0,7214,128,54115
7,54250,450,0.0,7215,128,54122
6,54256,450,0.0,7216,128,54128
3,54259,450,0.0,7217,128,54131
11,54270,450,0.0,7218,128,54142
3,54273,450,0.0,7219,128,54145
5,54278,450,0.0,7220,128,54150
4,54282,450,0.0,7221,128,54154
2,54284,450,0.0,7222,128,54156
5,54289,450,0.0,7223,128,54161
20,54309,450,0.0,7224,128,54181
11,54320,450,0.0,7225,128,54192
5,54325,450,0.0,7226,128,54197
3,54328,450,0.0,7227,128,54200
6,54334,450,0.0,7228,128,54206
7,54341,450,0.0,7229,128,54213
3,54344,450,0.0,7230,128,54216
4,54348,450,0.0,7231,128,54220
6,54354,450,0.0,7232,128,54226
6,54360,450,0.0,7233,128,54232
4,54364,450,0.0,7234,128,54236
5,54369,450,0.0,7235,128,54241
4,54373,450,0.0,7236,128,54245
7,54380,450,0.0,7237,128,54252
7,54387,450,0.0,7238,128,54259
3,54390,450,0.0,7239,128,54262
10,54400,451,1.0,7240,128,54272
22,54422,451,0.0,7241,128,54294
8,54430,452,1.0,7242,128,54302
9,54439,452,0.0,7243,128,54311
5,54444,452,0.0,7244,128,54316
3,54447,452,0.0,7245,128,54319
13,54460,452,0.0,7246,128,54332
6,54466,452,0.0,7247,128,54338
4,54470,452,0.0,7248,128,54342
6,54476,452,0.0,7249,128,54348
4,54480,452,0.0,7250,128,54352
6,54486,452,0.0,7251,128,54358
2,54488,452,0.0,7252,128,54360
7,54495,452,0.0,7253,128,54367
5,54500,452,0.0,7254,128,54372
15,54515,452,0.0,7255,128,54387
2,54517,452,0.0,7256,128,54389
11,54528,452,0.0,7257,128,54400
10,54538,452,0.0,7258,128,54410
5,54543,452,0.0,7259,128,54415
14,54557,452,0.0,7260,128,54429
10,54567,452,0.0,7261,128,54439
6,54573,452,0.0,7262,128,54445
5,54578,452,0.0,7263,128,54450
6,54584,452,0.0,7264,128,54456
3,54587,452,0.0,7265,128,54459
3,54590,452,0.0,7266,128,54462
12,54602,452,0.0,7267,128,54474
10,54612,452,0.0,7268,128,54484
6,54618,452,0.0,7269,128,54490
11,54629,452,0.0,7270,128,54501
10,54639,453,1.0,7271,128,54511
11,54650,453,0.0,7272,128,54522
4,54654,453,0.0,7273,128,54526
6,54660,453,0.0,7274,128,54532
4,54664,453,0.0,7275,128,54536
5,54669,453,0.0,7276,128,54541
4,54673,453,0.0,7277,128,54545
10,54683,453,0.0,7278,128,54555
22,54705,453,0.0,7279,128,54577
14,54719,453,0.0,7280,128,54591
7,54726,453,0.0,7281,128,54598
10,54736,453,0.0,7282,128,54608
10,54746,453,0.0,7283,128,54618
4,54750,453,0.0,7284,128,54622
8,54758,453,0.0,7285,128,54630
13,54771,453,0.0,7286,128,54643
2,54773,453,0.0,7287,128,54645
2,54775,453,0.0,7288,128,54647
2,54777,453,0.0,7289,128,54649
20,54797,453,0.0,7290,128,54669
11,54808,453,0.0,7291,128,54680
8,54816,454,1.0,7292,128,54688
5,54821,454,0.0,7293,128,54693
2,54823,454,0.0,7294,128,54695
4,54827,454,0.0,7295,128,54699
6,54833,454,0.0,7296,128,54705
4,54837,454,0.0,7297,128,54709
5,54842,454,0.0,7298,128,54714
10,54852,454,0.0,7299,128,54724
7,54859,454,0.0,7300,128,54731
5,54864,454,0.0,7301,128,54736
8,54872,454,0.0,7302,128,54744
6,54878,454,0.0,7303,128,54750
3,54881,454,0.0,7304,128,54753
2,54883,454,0.0,7305,128,54755
3,54886,454,0.0,7306,128,54758
2,54888,454,0.0,7307,128,54760
6,54894,454,0.0,7308,128,54766
4,54898,454,0.0,7309,128,54770
4,54902,454,0.0,7310,128,54774
4,54906,454,0.0,7311,128,54778
20,54926,454,0.0,7312,128,54798
4,54930,454,0.0,7313,128,54802
7,54937,454,0.0,7314,128,54809
4,54941,454,0.0,7315,128,54813
3,54944,454,0.0,7316,128,54816
6,54950,454,0.0,7317,128,54822
18,54968,454,0.0,7318,128,54840
5,54973,454,0.0,7319,128,54845
14,54987,454,0.0,7320,128,54859
20,55007,454,0.0,7321,128,54879
8,55015,454,0.0,7322,128,54887
5,55020,454,0.0,7323,128,54892
5,55025,454,0.0,7324,128,54897
12,55037,454,0.0,7325,128,54909
4,55041,454,0.0,7326,128,54913
2,55043,454,0.0,7327,128,54915
8,55051,455,1.0,7328,128,54923
20,55071,455,0.0,7329,128,54943
6,55077,455,0.0,7330,128,54949
5,55082,455,0.0,7331,128,54954
5,55087,455,0.0,7332,128,54959
8,55095,455,0.0,7333,128,54967
4,55099,455,0.0,7334,128,54971
8,55107,455,0.0,7335,128,54979
3,55110,455,0.0,7336,128,54982
7,55117,455,0.0,7337,128,54989
15,55132,455,0.0,7338,128,55004
6,55138,455,0.0,7339,128,55010
5,55143,455,0.0,7340,128,55015
18,55161,455,0.0,7341,128,55033
20,55181,455,0.0,7342,128,55053
7,55188,455,0.0,7343,128,55060
5,55193,455,0.0,7344,128,55065
5,55198,455,0.0,7345,128,55070
8,55206,455,0.0,7346,128,55078
8,55214,456,1.0,7347,128,55086
11,55225,457,1.0,7348,128,55097
4,55229,457,0.0,7349,128,55101
5,55234,457,0.0,7350,128,55106
10,55244,457,0.0,7351,128,55116
2,55246,457,0.0,7352,128,55118
2,55248,457,0.0,7353,128,55120
3,55251,457,0.0,7354,128,55123
21,55272,457,0.0,7355,128,55144
15,55287,457,0.0,7356,128,55159
8,55295,458,1.0,7357,128,55167
2,55297,458,0.0,7358,128,55169
6,55303,458,0.0,7359,128,55175
2,55305,458,0.0,7360,128,55177
9,55314,458,0.0,7361,128,55186
4,55318,458,0.0,7362,128,55190
14,55332,458,0.0,7363,128,55204
20,55352,458,0.0,7364,128,55224
20,55372,458,0.0,7365,128,55244
8,55380,458,0.0,7366,128,55252
6,55386,458,0.0,7367,128,55258
15,55401,458,0.0,7368,128,55273
5,55406,458,0.0,7369,128,55278
8,55414,459,1.0,7370,128,55286
14,55428,459,0.0,7371,128,55300
6,55434,459,0.0,7372,128,55306
5,55439,459,0.0,7373,128,55311
3,55442,459,0.0,7374,128,55314
6,55448,459,0.0,7375,128,55320
8,55456,459,0.0,7376,128,55328
4,55460,459,0.0,7377,128,55332
8,55468,459,0.0,7378,128,55340
17,55485,459,0.0,7379,128,55357
6,55491,459,0.0,7380,128,55363
16,55507,460,1.0,7381,128,55379
3,55510,460,0.0,7382,128,55382
4,55514,460,0.0,7383,128,55386
16,55530,460,0.0,7384,128,55402
3,55533,460,0.0,7385,128,55405
5,55538,460,0.0,7386,128,55410
2,55540,460,0.0,7387,128,55412
2,55542,460,0.0,7388,128,55414
4,55546,460,0.0,7389,128,55418
4,55550,460,0.0,7390,128,55422
5,55555,460,0.0,7391,128,55427
7,55562,460,0.0,7392,128,55434
16,55578,460,0.0,7393,128,55450
13,55591,460,0.0,7394,128,55463
2,55593,460,0.0,7395,128,55465
6,55599,460,0.0,7396,128,55471
2,55601,460,0.0,7397,128,55473
5,55606,460,0.0,7398,128,55478
5,55611,460,0.0,7399,128,55483
6,55617,460,0.0,7400,128,55489
5,55622,460,0.0,7401,128,55494
2,55624,460,0.0,7402,128,55496
4,55628,460,0.0,7403,128,55500
8,55636,461,1.0,7404,128,55508
33,55669,461,0.0,7405,128,55541
9,55678,461,0.0,7406,128,55550
4,55682,461,0.0,7407,128,55554
8,55690,461,0.0,7408,128,55562
4,55694,461,0.0,7409,128,55566
15,55709,461,0.0,7410,128,55581
8,55717,461,0.0,7411,128,55589
7,55724,461,0.0,7412,128,55596
4,55728,461,0.0,7413,128,55600
8,55736,461,0.0,7414,128,55608
5,55741,461,0.0,7415,128,55613
4,55745,461,0.0,7416,128,55617
6,55751,461,0.0,7417,128,55623
4,55755,461,0.0,7418,128,55627
7,55762,461,0.0,7419,128,55634
2,55764,461,0.0,7420,128,55636
5,55769,461,0.0,7421,128,55641
4,55773,461,0.0,7422,128,55645
3,55776,461,0.0,7423,128,55648
2,55778,461,0.0,7424,128,55650
2,55780,461,0.0,7425,128,55652
5,55785,461,0.0,7426,128,55657
8,55793,462,1.0,7427,128,55665
13,55806,462,0.0,7428,128,55678
7,55813,462,0.0,7429,128,55685
5,55818,462,0.0,7430,128,55690
2,55820,462,0.0,7431,128,55692
5,55825,462,0.0,7432,128,55697
6,55831,462,0.0,7433,128,55703
9,55840,462,0.0,7434,128,55712
14,55854,462,0.0,7435,128,55726
5,55859,462,0.0,7436,128,55731
3,55862,462,0.0,7437,128,55734
17,55879,462,0.0,7438,128,55751
9,55888,462,0.0,7439,128,55760
6,55894,462,0.0,7440,128,55766
10,55904,462,0.0,7441,128,55776
3,55907,462,0.0,7442,128,55779
15,55922,462,0.0,7443,128,55794
11,55933,462,0.0,7444,128,55805
5,55938,462,0.0,7445,128,55810
3,55941,462,0.0,7446,128,55813
3,55944,462,0.0,7447,128,55816
10,55954,462,0.0,7448,128,55826
9,55963,462,0.0,7449,128,55835
9,55972,462,0.0,7450,128,55844
2,55974,462,0.0,7451,128,55846
6,55980,462,0.0,7452,128,55852
5,55985,462,0.0,7453,128,55857
4,55989,462,0.0,7454,128,55861
4,55993,462,0.0,7455,128,55865
20,56013,462,0.0,7456,128,55885
20,56033,462,0.0,7457,128,55905
3,56036,462,0.0,7458,128,55908
3,56039,462,0.0,7459,128,55911
2,56041,462,0.0,7460,128,55913
6,56047,462,0.0,7461,128,55919
2,56049,462,0.0,7462,128,55921
7,56056,462,0.0,7463,128,55928
7,56063,462,0.0,7464,128,55935
2,56065,462,0.0,7465,128,55937
3,56068,462,0.0,7466,128,55940
8,56076,463,1.0,7467,128,55948
3,56079,463,0.0,7468,128,55951
2,56081,463,0.0,7469,128,55953
8,56089,464,1.0,7470,128,55961
5,56094,464,0.0,7471,128,55966
4,56098,464,0.0,7472,128,55970
20,56118,464,0.0,7473,128,55990
5,56123,464,0.0,7474,128,55995
6,56129,464,0.0,7475,128,56001
4,56133,464,0.0,7476,128,56005
9,56142,464,0.0,7477,128,56014
6,56148,464,0.0,7478,128,56020
4,56152,464,0.0,7479,128,56024
5,56157,464,0.0,7480,128,56029
8,56165,464,0.0,7481,128,56037
2,56167,464,0.0,7482,128,56039
3,56170,464,0.0,7483,128,56042
6,56176,464,0.0,7484,128,56048
5,56181,464,0.0,7485,128,56053
6,56187,464,0.0,7486,128,56059
4,56191,464,0.0,7487,128,56063
7,56198,464,0.0,7488,128,56070
15,56213,464,0.0,7489,128,56085
15,56228,464,0.0,7490,128,56100
20,56248,464,0.0,7491,128,56120
8,56256,464,0.0,7492,128,56128
4,56260,464,0.0,7493,128,56132
22,56282,464,0.0,7494,128,56154
3,56285,464,0.0,7495,128,56157
9,56294,464,0.0,7496,128,56166
4,56298,464,0.0,7497,128,56170
4,56302,464,0.0,7498,128,56174
4,56306,464,0.0,7499,128,56178
2,56308,464,0.0,7500,128,56180
6,56314,464,0.0,7501,128,56186
6,56320,464,0.0,7502,128,56192
7,56327,464,0.0,7503,128,56199
20,56347,464,0.0,7504,128,56219
5,56352,464,0.0,7505,128,56224
9,56361,464,0.0,7506,128,56233
4,56365,464,0.0,7507,128,56237
22,56387,464,0.0,7508,128,56259
13,56400,464,0.0,7509,128,56272
2,56402,464,0.0,7510,128,56274
5,56407,464,0.0,7511,128,56279
8,56415,465,1.0,7512,128,56287
17,56432,465,0.0,7513,128,56304
4,56436,465,0.0,7514,128,56308
9,56445,465,0.0,7515,128,56317
32,56477,465,0.0,7516,128,56349
5,56482,465,0.0,7517,128,56354
2,56484,465,0.0,7518,128,56356
4,56488,465,0.0,7519,128,56360
5,56493,465,0.0,7520,128,56365
12,56505,465,0.0,7521,128,56377
17,56522,465,0.0,7522,128,56394
7,56529,465,0.0,7523,128,56401
10,56539,465,0.0,7524,128,56411
29,56568,465,0.0,7525,128,56440
5,56573,465,0.0,7526,128,56445
2,56575,465,0.0,7527,128,56447
2,56577,465,0.0,7528,128,56449
2,56579,465,0.0,7529,128,56451
5,56584,465,0.0,7530,128,56456
5,56589,465,0.0,7531,128,56461
2,56591,465,0.0,7532,128,56463
8,56599,465,0.0,7533,128,56471
2,56601,465,0.0,7534,128,56473
5,56606,465,0.0,7535,128,56478
4,56610,465,0.0,7536,128,56482
12,56622,465,0.0,7537,128,56494
8,56630,465,0.0,7538,128,56502
19,56649,465,0.0,7539,128,56521
4,56653,465,0.0,7540,128,56525
4,56657,465,0.0,7541,128,56529
9,56666,465,0.0,7542,128,56538
2,56668,465,0.0,7543,128,56540
4,56672,465,0.0,7544,128,56544
5,56677,465,0.0,7545,128,56549
2,56679,465,0.0,7546,128,56551
5,56684,465,0.0,7547,128,56556
7,56691,465,0.0,7548,128,56563
4,56695,465,0.0,7549,128,56567
5,56700,465,0.0,7550,128,56572
5,56705,465,0.0,7551,128,56577
17,56722,465,0.0,7552,128,56594
4,56726,465,0.0,7553,128,56598
11,56737,465,0.0,7554,128,56609
4,56741,465,0.0,7555,128,56613
2,56743,465,0.0,7556,128,56615
5,56748,465,0.0,7557,128,56620
23,56771,466,1.0,7558,128,56643
4,56775,466,0.0,7559,128,56647
4,56779,466,0.0,7560,128,56651
8,56787,466,0.0,7561,128,56659
7,56794,466,0.0,7562,128,56666
3,56797,466,0.0,7563,128,56669
26,56823,466,0.0,7564,128,56695
7,56830,466,0.0,7565,128,56702
4,56834,466,0.0,7566,128,56706
5,56839,466,0.0,7567,128,56711
4,56843,466,0.0,7568,128,56715
8,56851,467,1.0,7569,128,56723
20,56871,467,0.0,7570,128,56743
14,56885,467,0.0,7571,128,56757
6,56891,467,0.0,7572,128,56763
2,56893,467,0.0,7573,128,56765
8,56901,467,0.0,7574,128,56773
6,56907,467,0.0,7575,128,56779
6,56913,467,0.0,7576,128,56785
4,56917,467,0.0,7577,128,56789
11,56928,467,0.0,7578,128,56800
2,56930,467,0.0,7579,128,56802
2,56932,467,0.0,7580,128,56804
10,56942,467,0.0,7581,128,56814
6,56948,467,0.0,7582,128,56820
5,56953,467,0.0,7583,128,56825
3,56956,467,0.0,7584,128,56828
4,56960,467,0.0,7585,128,56832
5,56965,467,0.0,7586,128,56837
13,56978,467,0.0,7587,128,56850
24,57002,467,0.0,7588,128,56874
9,57011,467,0.0,7589,128,56883
3,57014,467,0.0,7590,128,56886
2,57016,467,0.0,7591,128,56888
12,57028,467,0.0,7592,128,56900
5,57033,467,0.0,7593,128,56905
5,57038,467,0.0,7594,128,56910
8,57046,467,0.0,7595,128,56918
4,57050,467,0.0,7596,128,56922
5,57055,467,0.0,7597,128,56927
13,57068,467,0.0,7598,128,56940
3,57071,467,0.0,7599,128,56943
19,57090,467,0.0,7600,128,56962
2,57092,467,0.0,7601,128,56964
3,57095,467,0.0,7602,128,56967
7,57102,467,0.0,7603,128,56974
5,57107,467,0.0,7604,128,56979
4,57111,467,0.0,7605,128,56983
8,57119,467,0.0,7606,128,56991
5,57124,467,0.0,7607,128,56996
2,57126,467,0.0,7608,128,56998
4,57130,467,0.0,7609,128,57002
5,57135,467,0.0,7610,128,57007
7,57142,467,0.0,7611,128,57014
7,57149,467,0.0,7612,128,57021
2,57151,467,0.0,7613,128,57023
2,57153,467,0.0,7614,128,57025
2,57155,467,0.0,7615,128,57027
12,57167,467,0.0,7616,128,57039
2,57169,467,0.0,7617,128,57041
6,57175,467,0.0,7618,128,57047
7,57182,467,0.0,7619,128,57054
6,57188,467,0.0,7620,128,57060
6,57194,467,0.0,7621,128,57066
9,57203,467,0.0,7622,128,57075
5,57208,467,0.0,7623,128,57080
5,57213,467,0.0,7624,128,57085
3,57216,467,0.0,7625,128,57088
6,57222,467,0.0,7626,128,57094
4,57226,467,0.0,7627,128,57098
2,57228,467,0.0,7628,128,57100
4,57232,467,0.0,7629,128,57104
6,57238,467,0.0,7630,128,57110
4,57242,467,0.0,7631,128,57114
2,57244,467,0.0,7632,128,57116
5,57249,467,0.0,7633,128,57121
7,57256,467,0.0,7634,128,57128
6,57262,467,0.0,7635,128,57134
6,57268,467,0.0,7636,128,57140
4,57272,467,0.0,7637,128,57144
3,57275,467,0.0,7638,128,57147
4,57279,467,0.0,7639,128,57151
3,57282,467,0.0,7640,128,57154
9,57291,467,0.0,7641,128,57163
7,57298,467,0.0,7642,128,57170
7,57305,467,0.0,7643,128,57177
7,57312,467,0.0,7644,128,57184
5,57317,467,0.0,7645,128,57189
2,57319,467,0.0,7646,128,57191
5,57324,467,0.0,7647,128,57196
4,57328,467,0.0,7648,128,57200
6,57334,467,0.0,7649,128,57206
7,57341,467,0.0,7650,128,57213
4,57345,467,0.0,7651,128,57217
5,57350,467,0.0,7652,128,57222
15,57365,467,0.0,7653,128,57237
4,57369,467,0.0,7654,128,57241
4,57373,467,0.0,7655,128,57245
4,57377,467,0.0,7656,128,57249
3,57380,467,0.0,7657,128,57252
4,57384,467,0.0,7658,128,57256
2,57386,467,0.0,7659,128,57258
9,57395,467,0.0,7660,128,57267
7,57402,467,0.0,7661,128,57274
6,57408,467,0.0,7662,128,57280
3,57411,467,0.0,7663,128,57283
9,57420,467,0.0,7664,128,57292
16,57436,468,1.0,7665,128,57308
17,57453,468,0.0,7666,128,57325
7,57460,468,0.0,7667,128,57332
4,57464,468,0.0,7668,128,57336
3,57467,468,0.0,7669,128,57339
3,57470,468,0.0,7670,128,57342
9,57479,468,0.0,7671,128,57351
12,57491,469,1.0,7672,128,57363
3,57494,469,0.0,7673,128,57366
4,57498,469,0.0,7674,128,57370
3,57501,469,0.0,7675,128,57373
4,57505,469,0.0,7676,128,57377
4,57509,469,0.0,7677,128,57381
8,57517,470,1.0,7678,128,57389
6,57523,470,0.0,7679,128,57395
5,57528,470,0.0,7680,128,57400
4,57532,470,0.0,7681,128,57404
5,57537,470,0.0,7682,128,57409
15,57552,470,0.0,7683,128,57424
6,57558,470,0.0,7684,128,57430
8,57566,471,1.0,7685,128,57438
2,57568,471,0.0,7686,128,57440
3,57571,471,0.0,7687,128,57443
5,57576,471,0.0,7688,128,57448
8,57584,472,1.0,7689,128,57456
6,57590,472,0.0,7690,128,57462
19,57609,472,0.0,7691,128,57481
4,57613,472,0.0,7692,128,57485
5,57618,472,0.0,7693,128,57490
4,57622,472,0.0,7694,128,57494
5,57627,472,0.0,7695,128,57499
4,57631,472,0.0,7696,128,57503
3,57634,472,0.0,7697,128,57506
5,57639,472,0.0,7698,128,57511
8,57647,473,1.0,7699,128,57519
6,57653,473,0.0,7700,128,57525
13,57666,473,0.0,7701,128,57538
31,57697,474,1.0,7702,128,57569
7,57704,474,0.0,7703,128,57576
6,57710,474,0.0,7704,128,57582
20,57730,474,0.0,7705,128,57602
4,57734,474,0.0,7706,128,57606
7,57741,474,0.0,7707,128,57613
5,57746,474,0.0,7708,128,57618
9,57755,474,0.0,7709,128,57627
15,57770,474,0.0,7710,128,57642
9,57779,474,0.0,7711,128,57651
4,57783,474,0.0,7712,128,57655
4,57787,474,0.0,7713,128,57659
6,57793,474,0.0,7714,128,57665
13,57806,474,0.0,7715,128,57678
2,57808,474,0.0,7716,128,57680
9,57817,474,0.0,7717,128,57689
7,57824,474,0.0,7718,128,57696
7,57831,474,0.0,7719,128,57703
3,57834,474,0.0,7720,128,57706
3,57837,474,0.0,7721,128,57709
3,57840,474,0.0,7722,128,57712
7,57847,474,0.0,7723,128,57719
20,57867,474,0.0,7724,128,57739
6,57873,474,0.0,7725,128,57745
2,57875,474,0.0,7726,128,57747
4,57879,474,0.0,7727,128,57751
9,57888,474,0.0,7728,128,57760
2,57890,474,0.0,7729,128,57762
8,57898,474,0.0,7730,128,57770
2,57900,474,0.0,7731,128,57772
3,57903,474,0.0,7732,128,57775
5,57908,474,0.0,7733,128,57780
7,57915,474,0.0,7734,128,57787
2,57917,474,0.0,7735,128,57789
13,57930,474,0.0,7736,128,57802
17,57947,474,0.0,7737,128,57819
18,57965,474,0.0,7738,128,57837
6,57971,474,0.0,7739,128,57843
5,57976,474,0.0,7740,128,57848
2,57978,474,0.0,7741,128,57850
7,57985,474,0.0,7742,128,57857
4,57989,474,0.0,7743,128,57861
2,57991,474,0.0,7744,128,57863
2,57993,474,0.0,7745,128,57865
4,57997,474,0.0,7746,128,57869
6,58003,474,0.0,7747,128,57875
3,58006,474,0.0,7748,128,57878
7,58013,474,0.0,7749,128,57885
7,58020,474,0.0,7750,128,57892
25,58045,474,0.0,7751,128,57917
2,58047,474,0.0,7752,128,57919
5,58052,474,0.0,7753,128,57924
7,58059,474,0.0,7754,128,57931
10,58069,474,0.0,7755,128,57941
6,58075,474,0.0,7756,128,57947
6,58081,474,0.0,7757,128,57953
7,58088,474,0.0,7758,128,57960
3,58091,474,0.0,7759,128,57963
4,58095,474,0.0,7760,128,57967
4,58099,474,0.0,7761,128,57971
6,58105,474,0.0,7762,128,57977
3,58108,474,0.0,7763,128,57980
9,58117,474,0.0,7764,128,57989
9,58126,474,0.0,7765,128,57998
4,58130,474,0.0,7766,128,58002
8,58138,474,0.0,7767,128,58010
18,58156,474,0.0,7768,128,58028
4,58160,474,0.0,7769,128,58032
4,58164,474,0.0,7770,128,58036
3,58167,474,0.0,7771,128,58039
11,58178,474,0.0,7772,128,58050
4,58182,474,0.0,7773,128,58054
4,58186,474,0.0,7774,128,58058
5,58191,474,0.0,7775,128,58063
3,58194,474,0.0,7776,128,58066
2,58196,474,0.0,7777,128,58068
9,58205,474,0.0,7778,128,58077
5,58210,474,0.0,7779,128,58082
16,58226,474,0.0,7780,128,58098
2,58228,474,0.0,7781,128,58100
9,58237,474,0.0,7782,128,58109
5,58242,474,0.0,7783,128,58114
9,58251,474,0.0,7784,128,58123
2,58253,474,0.0,7785,128,58125
24,58277,474,0.0,7786,128,58149
9,58286,474,0.0,7787,128,58158
7,58293,474,0.0,7788,128,58165
7,58300,474,0.0,7789,128,58172
4,58304,474,0.0,7790,128,58176
9,58313,474,0.0,7791,128,58185
7,58320,474,0.0,7792,128,58192
7,58327,474,0.0,7793,128,58199
4,58331,474,0.0,7794,128,58203
3,58334,474,0.0,7795,128,58206
2,58336,474,0.0,7796,128,58208
5,58341,474,0.0,7797,128,58213
2,58343,474,0.0,7798,128,58215
5,58348,474,0.0,7799,128,58220
4,58352,474,0.0,7800,128,58224
7,58359,474,0.0,7801,128,58231
3,58362,474,0.0,7802,128,58234
5,58367,474,0.0,7803,128,58239
13,58380,474,0.0,7804,128,58252
2,58382,474,0.0,7805,128,58254
4,58386,474,0.0,7806,128,58258
8,58394,475,1.0,7807,128,58266
4,58398,475,0.0,7808,128,58270
4,58402,475,0.0,7809,128,58274
9,58411,475,0.0,7810,128,58283
16,58427,475,0.0,7811,128,58299
4,58431,475,0.0,7812,128,58303
2,58433,475,0.0,7813,128,58305
7,58440,475,0.0,7814,128,58312
2,58442,475,0.0,7815,128,58314
4,58446,475,0.0,7816,128,58318
2,58448,475,0.0,7817,128,58320
4,58452,475,0.0,7818,128,58324
8,58460,475,0.0,7819,128,58332
11,58471,475,0.0,7820,128,58343
9,58480,475,0.0,7821,128,58352
5,58485,475,0.0,7822,128,58357
4,58489,475,0.0,7823,128,58361
14,58503,475,0.0,7824,128,58375
15,58518,475,0.0,7825,128,58390
2,58520,475,0.0,7826,128,58392
6,58526,475,0.0,7827,128,58398
16,58542,475,0.0,7828,128,58414
5,58547,475,0.0,7829,128,58419
9,58556,475,0.0,7830,128,58428
7,58563,475,0.0,7831,128,58435
3,58566,475,0.0,7832,128,58438
2,58568,475,0.0,7833,128,58440
13,58581,475,0.0,7834,128,58453
31,58612,476,1.0,7835,128,58484
7,58619,476,0.0,7836,128,58491
4,58623,476,0.0,7837,128,58495
29,58652,476,0.0,7838,128,58524
20,58672,476,0.0,7839,128,58544
4,58676,476,0.0,7840,128,58548
4,58680,476,0.0,7841,128,58552
4,58684,476,0.0,7842,128,58556
4,58688,476,0.0,7843,128,58560
2,58690,476,0.0,7844,128,58562
6,58696,476,0.0,7845,128,58568
2,58698,476,0.0,7846,128,58570
7,58705,476,0.0,7847,128,58577
8,58713,476,0.0,7848,128,58585
9,58722,476,0.0,7849,128,58594
2,58724,476,0.0,7850,128,58596
13,58737,476,0.0,7851,128,58609
15,58752,476,0.0,7852,128,58624
4,58756,476,0.0,7853,128,58628
9,58765,476,0.0,7854,128,58637
5,58770,476,0.0,7855,128,58642
15,58785,476,0.0,7856,128,58657
4,58789,476,0.0,7857,128,58661
15,58804,476,0.0,7858,128,58676
3,58807,476,0.0,7859,128,58679
4,58811,476,0.0,7860,128,58683
5,58816,476,0.0,7861,128,58688
2,58818,476,0.0,7862,128,58690
7,58825,476,0.0,7863,128,58697
6,58831,476,0.0,7864,128,58703
4,58835,476,0.0,7865,128,58707
5,58840,476,0.0,7866,128,58712
7,58847,476,0.0,7867,128,58719
14,58861,476,0.0,7868,128,58733
15,58876,476,0.0,7869,128,58748
9,58885,476,0.0,7870,128,58757
18,58903,476,0.0,7871,128,58775
9,58912,476,0.0,7872,128,58784
2,58914,476,0.0,7873,128,58786
15,58929,476,0.0,7874,128,58801
4,58933,476,0.0,7875,128,58805
15,58948,476,0.0,7876,128,58820
7,58955,476,0.0,7877,128,58827
12,58967,476,0.0,7878,128,58839
2,58969,476,0.0,7879,128,58841
6,58975,476,0.0,7880,128,58847
4,58979,476,0.0,7881,128,58851
6,58985,476,0.0,7882,128,58857
3,58988,476,0.0,7883,128,58860
15,59003,476,0.0,7884,128,58875
4,59007,476,0.0,7885,128,58879
4,59011,476,0.0,7886,128,58883
2,59013,476,0.0,7887,128,58885
4,59017,476,0.0,7888,128,58889
5,59022,476,0.0,7889,128,58894
4,59026,476,0.0,7890,128,58898
8,59034,476,0.0,7891,128,58906
15,59049,476,0.0,7892,128,58921
3,59052,476,0.0,7893,128,58924
2,59054,476,0.0,7894,128,58926
5,59059,476,0.0,7895,128,58931
8,59067,476,0.0,7896,128,58939
16,59083,477,1.0,7897,128,58955
9,59092,477,0.0,7898,128,58964
4,59096,477,0.0,7899,128,58968
7,59103,477,0.0,7900,128,58975
2,59105,477,0.0,7901,128,58977
4,59109,477,0.0,7902,128,58981
15,59124,477,0.0,7903,128,58996
6,59130,477,0.0,7904,128,59002
4,59134,477,0.0,7905,128,59006
8,59142,477,0.0,7906,128,59014
5,59147,477,0.0,7907,128,59019
2,59149,477,0.0,7908,128,59021
9,59158,477,0.0,7909,128,59030
14,59172,477,0.0,7910,128,59044
20,59192,477,0.0,7911,128,59064
4,59196,477,0.0,7912,128,59068
31,59227,478,1.0,7913,128,59099
6,59233,478,0.0,7914,128,59105
14,59247,478,0.0,7915,128,59119
5,59252,478,0.0,7916,128,59124
5,59257,478,0.0,7917,128,59129
4,59261,478,0.0,7918,128,59133
4,59265,478,0.0,7919,128,59137
4,59269,478,0.0,7920,128,59141
6,59275,478,0.0,7921,128,59147
4,59279,478,0.0,7922,128,59151
3,59282,478,0.0,7923,128,59154
6,59288,478,0.0,7924,128,59160
17,59305,478,0.0,7925,128,59177
5,59310,478,0.0,7926,128,59182
4,59314,478,0.0,7927,128,59186
4,59318,478,0.0,7928,128,59190
6,59324,478,0.0,7929,128,59196
3,59327,478,0.0,7930,128,59199
4,59331,478,0.0,7931,128,59203
2,59333,478,0.0,7932,128,59205
4,59337,478,0.0,7933,128,59209
5,59342,478,0.0,7934,128,59214
7,59349,478,0.0,7935,128,59221
2,59351,478,0.0,7936,128,59223
8,59359,478,0.0,7937,128,59231
7,59366,478,0.0,7938,128,59238
7,59373,478,0.0,7939,128,59245
13,59386,478,0.0,7940,128,59258
4,59390,478,0.0,7941,128,59262
7,59397,478,0.0,7942,128,59269
16,59413,478,0.0,7943,128,59285
4,59417,478,0.0,7944,128,59289
4,59421,478,0.0,7945,128,59293
4,59425,478,0.0,7946,128,59297
18,59443,478,0.0,7947,128,59315
5,59448,478,0.0,7948,128,59320
10,59458,478,0.0,7949,128,59330
6,59464,478,0.0,7950,128,59336
8,59472,478,0.0,7951,128,59344
5,59477,478,0.0,7952,128,59349
7,59484,478,0.0,7953,128,59356
4,59488,478,0.0,7954,128,59360
6,59494,478,0.0,7955,128,59366
4,59498,478,0.0,7956,128,59370
4,59502,478,0.0,7957,128,59374
15,59517,478,0.0,7958,128,59389
5,59522,478,0.0,7959,128,59394
2,59524,478,0.0,7960,128,59396
8,59532,478,0.0,7961,128,59404
15,59547,478,0.0,7962,128,59419
5,59552,478,0.0,7963,128,59424
3,59555,478,0.0,7964,128,59427
4,59559,478,0.0,7965,128,59431
12,59571,478,0.0,7966,128,59443
5,59576,478,0.0,7967,128,59448
2,59578,478,0.0,7968,128,59450
4,59582,478,0.0,7969,128,59454
6,59588,478,0.0,7970,128,59460
3,59591,478,0.0,7971,128,59463
17,59608,478,0.0,7972,128,59480
5,59613,478,0.0,7973,128,59485
8,59621,479,1.0,7974,128,59493
4,59625,479,0.0,7975,128,59497
4,59629,479,0.0,7976,128,59501
3,59632,479,0.0,7977,128,59504
2,59634,479,0.0,7978,128,59506
7,59641,479,0.0,7979,128,59513
3,59644,479,0.0,7980,128,59516
7,59651,479,0.0,7981,128,59523
20,59671,479,0.0,7982,128,59543
7,59678,479,0.0,7983,128,59550
4,59682,479,0.0,7984,128,59554
4,59686,479,0.0,7985,128,59558
6,59692,479,0.0,7986,128,59564
16,59708,479,0.0,7987,128,59580
10,59718,479,0.0,7988,128,59590
28,59746,479,0.0,7989,128,59618
10,59756,479,0.0,7990,128,59628
2,59758,479,0.0,7991,128,59630
4,59762,479,0.0,7992,128,59634
3,59765,479,0.0,7993,128,59637
9,59774,479,0.0,7994,128,59646
6,59780,479,0.0,7995,128,59652
2,59782,479,0.0,7996,128,59654
5,59787,479,0.0,7997,128,59659
3,59790,479,0.0,7998,128,59662
6,59796,479,0.0,7999,128,59668
2,59798,479,0.0,8000,128,59670
28,59826,479,0.0,8001,128,59698
4,59830,479,0.0,8002,128,59702
3,59833,479,0.0,8003,128,59705
4,59837,479,0.0,8004,128,59709
8,59845,480,1.0,8005,128,59717
3,59848,480,0.0,8006,128,59720
9,59857,480,0.0,8007,128,59729
20,59877,480,0.0,8008,128,59749
9,59886,480,0.0,8009,128,59758
4,59890,480,0.0,8010,128,59762
2,59892,480,0.0,8011,128,59764
15,59907,480,0.0,8012,128,59779
6,59913,480,0.0,8013,128,59785
20,59933,480,0.0,8014,128,59805
3,59936,480,0.0,8015,128,59808
20,59956,480,0.0,8016,128,59828
9,59965,480,0.0,8017,128,59837
2,59967,480,0.0,8018,128,59839
7,59974,480,0.0,8019,128,59846
8,59982,480,0.0,8020,128,59854
4,59986,480,0.0,8021,128,59858
4,59990,480,0.0,8022,128,59862
2,59992,480,0.0,8023,128,59864
31,60023,481,1.0,8024,128,59895
9,60032,481,0.0,8025,128,59904
8,60040,482,1.0,8026,128,59912
4,60044,482,0.0,8027,128,59916
6,60050,482,0.0,8028,128,59922
5,60055,482,0.0,8029,128,59927
3,60058,482,0.0,8030,128,59930
5,60063,482,0.0,8031,128,59935
4,60067,482,0.0,8032,128,59939
4,60071,482,0.0,8033,128,59943
6,60077,482,0.0,8034,128,59949
7,60084,482,0.0,8035,128,59956
11,60095,482,0.0,8036,128,59967
7,60102,482,0.0,8037,128,59974
6,60108,482,0.0,8038,128,59980
5,60113,482,0.0,8039,128,59985
5,60118,482,0.0,8040,128,59990
2,60120,482,0.0,8041,128,59992
5,60125,482,0.0,8042,128,59997
5,60130,482,0.0,8043,128,60002
8,60138,482,0.0,8044,128,60010
5,60143,482,0.0,8045,128,60015
5,60148,482,0.0,8046,128,60020
8,60156,482,0.0,8047,128,60028
9,60165,482,0.0,8048,128,60037
6,60171,482,0.0,8049,128,60043
4,60175,482,0.0,8050,128,60047
2,60177,482,0.0,8051,128,60049
3,60180,482,0.0,8052,128,60052
2,60182,482,0.0,8053,128,60054
14,60196,482,0.0,8054,128,60068
4,60200,482,0.0,8055,128,60072
10,60210,482,0.0,8056,128,60082
7,60217,482,0.0,8057,128,60089
4,60221,482,0.0,8058,128,60093
5,60226,482,0.0,8059,128,60098
2,60228,482,0.0,8060,128,60100
4,60232,482,0.0,8061,128,60104
5,60237,482,0.0,8062,128,60109
4,60241,482,0.0,8063,128,60113
22,60263,482,0.0,8064,128,60135
6,60269,482,0.0,8065,128,60141
7,60276,482,0.0,8066,128,60148
4,60280,482,0.0,8067,128,60152
4,60284,482,0.0,8068,128,60156
2,60286,482,0.0,8069,128,60158
8,60294,482,0.0,8070,128,60166
13,60307,482,0.0,8071,128,60179
4,60311,482,0.0,8072,128,60183
20,60331,482,0.0,8073,128,60203
31,60362,483,1.0,8074,128,60234
3,60365,483,0.0,8075,128,60237
4,60369,483,0.0,8076,128,60241
4,60373,483,0.0,8077,128,60245
3,60376,483,0.0,8078,128,60248
3,60379,483,0.0,8079,128,60251
6,60385,483,0.0,8080,128,60257
7,60392,483,0.0,8081,128,60264
11,60403,483,0.0,8082,128,60275
5,60408,483,0.0,8083,128,60280
9,60417,483,0.0,8084,128,60289
5,60422,483,0.0,8085,128,60294
2,60424,483,0.0,8086,128,60296
10,60434,483,0.0,8087,128,60306
4,60438,483,0.0,8088,128,60310
8,60446,483,0.0,8089,128,60318
4,60450,483,0.0,8090,128,60322
4,60454,483,0.0,8091,128,60326
3,60457,483,0.0,8092,128,60329
3,60460,483,0.0,8093,128,60332
4,60464,483,0.0,8094,128,60336
4,60468,483,0.0,8095,128,60340
12,60480,483,0.0,8096,128,60352
5,60485,483,0.0,8097,128,60357
3,60488,483,0.0,8098,128,60360
3,60491,483,0.0,8099,128,60363
15,60506,483,0.0,8100,128,60378
4,60510,483,0.0,8101,128,60382
3,60513,483,0.0,8102,128,60385
9,60522,483,0.0,8103,128,60394
18,60540,483,0.0,8104,128,60412
6,60546,483,0.0,8105,128,60418
9,60555,483,0.0,8106,128,60427
7,60562,483,0.0,8107,128,60434
17,60579,483,0.0,8108,128,60451
3,60582,483,0.0,8109,128,60454
8,60590,483,0.0,8110,128,60462
20,60610,483,0.0,8111,128,60482
7,60617,483,0.0,8112,128,60489
2,60619,483,0.0,8113,128,60491
8,60627,484,1.0,8114,128,60499
9,60636,484,0.0,8115,128,60508
6,60642,484,0.0,8116,128,60514
14,60656,484,0.0,8117,128,60528
7,60663,484,0.0,8118,128,60535
3,60666,484,0.0,8119,128,60538
35,60701,484,0.0,8120,128,60573
20,60721,484,0.0,8121,128,60593
4,60725,484,0.0,8122,128,60597
13,60738,485,1.0,8123,128,60610
5,60743,485,0.0,8124,128,60615
2,60745,485,0.0,8125,128,60617
4,60749,485,0.0,8126,128,60621
17,60766,485,0.0,8127,128,60638
5,60771,485,0.0,8128,128,60643
4,60775,485,0.0,8129,128,60647
13,60788,486,1.0,8130,128,60660
13,60801,486,0.0,8131,128,60673
9,60810,486,0.0,8132,128,60682
20,60830,486,0.0,8133,128,60702
5,60835,486,0.0,8134,128,60707
11,60846,486,0.0,8135,128,60718
4,60850,486,0.0,8136,128,60722
9,60859,486,0.0,8137,128,60731
4,60863,486,0.0,8138,128,60735
8,60871,486,0.0,8139,128,60743
7,60878,486,0.0,8140,128,60750
8,60886,486,0.0,8141,128,60758
20,60906,486,0.0,8142,128,60778
9,60915,486,0.0,8143,128,60787
4,60919,486,0.0,8144,128,60791
6,60925,486,0.0,8145,128,60797
2,60927,486,0.0,8146,128,60799
4,60931,486,0.0,8147,128,60803
2,60933,486,0.0,8148,128,60805
9,60942,486,0.0,8149,128,60814
24,60966,486,0.0,8150,128,60838
7,60973,486,0.0,8151,128,60845
9,60982,486,0.0,8152,128,60854
4,60986,486,0.0,8153,128,60858
8,60994,487,1.0,8154,128,60866
4,60998,487,0.0,8155,128,60870
14,61012,487,0.0,8156,128,60884
16,61028,488,1.0,8157,128,60900
2,61030,488,0.0,8158,128,60902
4,61034,488,0.0,8159,128,60906
9,61043,488,0.0,8160,128,60915
3,61046,488,0.0,8161,128,60918
2,61048,488,0.0,8162,128,60920
8,61056,488,0.0,8163,128,60928
3,61059,488,0.0,8164,128,60931
9,61068,488,0.0,8165,128,60940
5,61073,488,0.0,8166,128,60945
4,61077,488,0.0,8167,128,60949
11,61088,488,0.0,8168,128,60960
2,61090,488,0.0,8169,128,60962
3,61093,488,0.0,8170,128,60965
15,61108,488,0.0,8171,128,60980
2,61110,488,0.0,8172,128,60982
3,61113,488,0.0,8173,128,60985
4,61117,488,0.0,8174,128,60989
12,61129,488,0.0,8175,128,61001
2,61131,488,0.0,8176,128,61003
20,61151,488,0.0,8177,128,61023
3,61154,488,0.0,8178,128,61026
4,61158,488,0.0,8179,128,61030
2,61160,488,0.0,8180,128,61032
9,61169,488,0.0,8181,128,61041
6,61175,488,0.0,8182,128,61047
9,61184,488,0.0,8183,128,61056
5,61189,488,0.0,8184,128,61061
15,61204,488,0.0,8185,128,61076
2,61206,488,0.0,8186,128,61078
4,61210,488,0.0,8187,128,61082
5,61215,488,0.0,8188,128,61087
4,61219,488,0.0,8189,128,61091
4,61223,488,0.0,8190,128,61095
5,61228,488,0.0,8191,128,61100
4,61232,488,0.0,8192,128,61104
11,61243,488,0.0,8193,128,61115
8,61251,488,0.0,8194,128,61123
4,61255,488,0.0,8195,128,61127
5,61260,488,0.0,8196,128,61132
3,61263,488,0.0,8197,128,61135
2,61265,488,0.0,8198,128,61137
12,61277,488,0.0,8199,128,61149
2,61279,488,0.0,8200,128,61151
19,61298,488,0.0,8201,128,61170
9,61307,488,0.0,8202,128,61179
5,61312,488,0.0,8203,128,61184
5,61317,488,0.0,8204,128,61189
5,61322,488,0.0,8205,128,61194
3,61325,488,0.0,8206,128,61197
6,61331,488,0.0,8207,128,61203
17,61348,488,0.0,8208,128,61220
4,61352,488,0.0,8209,128,61224
2,61354,488,0.0,8210,128,61226
9,61363,488,0.0,8211,128,61235
5,61368,488,0.0,8212,128,61240
12,61380,488,0.0,8213,128,61252
6,61386,488,0.0,8214,128,61258
4,61390,488,0.0,8215,128,61262
3,61393,488,0.0,8216,128,61265
5,61398,488,0.0,8217,128,61270
3,61401,488,0.0,8218,128,61273
4,61405,488,0.0,8219,128,61277
20,61425,488,0.0,8220,128,61297
4,61429,488,0.0,8221,128,61301
14,61443,488,0.0,8222,128,61315
3,61446,488,0.0,8223,128,61318
17,61463,488,0.0,8224,128,61335
31,61494,489,1.0,8225,128,61366
10,61504,490,1.0,8226,128,61376
19,61523,490,0.0,8227,128,61395
3,61526,490,0.0,8228,128,61398
3,61529,490,0.0,8229,128,61401
9,61538,490,0.0,8230,128,61410
3,61541,490,0.0,8231,128,61413
11,61552,490,0.0,8232,128,61424
4,61556,490,0.0,8233,128,61428
3,61559,490,0.0,8234,128,61431
14,61573,490,0.0,8235,128,61445
4,61577,490,0.0,8236,128,61449
6,61583,490,0.0,8237,128,61455
8,61591,491,1.0,8238,128,61463
2,61593,491,0.0,8239,128,61465
9,61602,491,0.0,8240,128,61474
4,61606,491,0.0,8241,128,61478
4,61610,491,0.0,8242,128,61482
15,61625,491,0.0,8243,128,61497
8,61633,491,0.0,8244,128,61505
4,61637,491,0.0,8245,128,61509
3,61640,491,0.0,8246,128,61512
6,61646,491,0.0,8247,128,61518
8,61654,491,0.0,8248,128,61526
5,61659,491,0.0,8249,128,61531
6,61665,491,0.0,8250,128,61537
2,61667,491,0.0,8251,128,61539
2,61669,491,0.0,8252,128,61541
3,61672,491,0.0,8253,128,61544
9,61681,491,0.0,8254,128,61553
16,61697,492,1.0,8255,128,61569
17,61714,492,0.0,8256,128,61586
18,61732,492,0.0,8257,128,61604
4,61736,492,0.0,8258,128,61608
3,61739,492,0.0,8259,128,61611
7,61746,492,0.0,8260,128,61618
6,61752,492,0.0,8261,128,61624
7,61759,492,0.0,8262,128,61631
7,61766,492,0.0,8263,128,61638
4,61770,492,0.0,8264,128,61642
15,61785,492,0.0,8265,128,61657
16,61801,492,0.0,8266,128,61673
3,61804,492,0.0,8267,128,61676
4,61808,492,0.0,8268,128,61680
2,61810,492,0.0,8269,128,61682
17,61827,492,0.0,8270,128,61699
4,61831,492,0.0,8271,128,61703
10,61841,492,0.0,8272,128,61713
9,61850,492,0.0,8273,128,61722
9,61859,492,0.0,8274,128,61731
4,61863,492,0.0,8275,128,61735
2,61865,492,0.0,8276,128,61737
4,61869,492,0.0,8277,128,61741
2,61871,492,0.0,8278,128,61743
6,61877,492,0.0,8279,128,61749
2,61879,492,0.0,8280,128,61751
4,61883,492,0.0,8281,128,61755
17,61900,492,0.0,8282,128,61772
6,61906,492,0.0,8283,128,61778
11,61917,492,0.0,8284,128,61789
4,61921,492,0.0,8285,128,61793
4,61925,492,0.0,8286,128,61797
4,61929,492,0.0,8287,128,61801
6,61935,492,0.0,8288,128,61807
2,61937,492,0.0,8289,128,61809
8,61945,493,1.0,8290,128,61817
2,61947,493,0.0,8291,128,61819
6,61953,493,0.0,8292,128,61825
3,61956,493,0.0,8293,128,61828
4,61960,493,0.0,8294,128,61832
2,61962,493,0.0,8295,128,61834
7,61969,493,0.0,8296,128,61841
4,61973,493,0.0,8297,128,61845
17,61990,493,0.0,8298,128,61862
2,61992,493,0.0,8299,128,61864
2,61994,493,0.0,8300,128,61866
3,61997,493,0.0,8301,128,61869
10,62007,493,0.0,8302,128,61879
2,62009,493,0.0,8303,128,61881
2,62011,493,0.0,8304,128,61883
6,62017,493,0.0,8305,128,61889
4,62021,493,0.0,8306,128,61893
10,62031,493,0.0,8307,128,61903
5,62036,493,0.0,8308,128,61908
15,62051,493,0.0,8309,128,61923
17,62068,493,0.0,8310,128,61940
3,62071,493,0.0,8311,128,61943
5,62076,493,0.0,8312,128,61948
2,62078,493,0.0,8313,128,61950
3,62081,493,0.0,8314,128,61953
3,62084,493,0.0,8315,128,61956
10,62094,493,0.0,8316,128,61966
13,62107,493,0.0,8317,128,61979
6,62113,493,0.0,8318,128,61985
5,62118,493,0.0,8319,128,61990
3,62121,493,0.0,8320,128,61993
2,62123,493,0.0,8321,128,61995
5,62128,493,0.0,8322,128,62000
8,62136,494,1.0,8323,128,62008
16,62152,494,0.0,8324,128,62024
24,62176,494,0.0,8325,128,62048
4,62180,494,0.0,8326,128,62052
7,62187,494,0.0,8327,128,62059
4,62191,494,0.0,8328,128,62063
5,62196,494,0.0,8329,128,62068
9,62205,494,0.0,8330,128,62077
2,62207,494,0.0,8331,128,62079
2,62209,494,0.0,8332,128,62081
2,62211,494,0.0,8333,128,62083
7,62218,494,0.0,8334,128,62090
4,62222,494,0.0,8335,128,62094
3,62225,494,0.0,8336,128,62097
4,62229,494,0.0,8337,128,62101
5,62234,494,0.0,8338,128,62106
4,62238,494,0.0,8339,128,62110
8,62246,495,1.0,8340,128,62118
6,62252,495,0.0,8341,128,62124
2,62254,495,0.0,8342,128,62126
5,62259,495,0.0,8343,128,62131
2,62261,495,0.0,8344,128,62133
5,62266,495,0.0,8345,128,62138
21,62287,495,0.0,8346,128,62159
8,62295,496,1.0,8347,128,62167
6,62301,496,0.0,8348,128,62173
4,62305,496,0.0,8349,128,62177
6,62311,496,0.0,8350,128,62183
6,62317,496,0.0,8351,128,62189
4,62321,496,0.0,8352,128,62193
4,62325,496,0.0,8353,128,62197
2,62327,496,0.0,8354,128,62199
7,62334,496,0.0,8355,128,62206
6,62340,496,0.0,8356,128,62212
12,62352,496,0.0,8357,128,62224
4,62356,496,0.0,8358,128,62228
7,62363,496,0.0,8359,128,62235
20,62383,496,0.0,8360,128,62255
8,62391,496,0.0,8361,128,62263
2,62393,496,0.0,8362,128,62265
3,62396,496,0.0,8363,128,62268
12,62408,497,1.0,8364,128,62280
8,62416,497,0.0,8365,128,62288
9,62425,497,0.0,8366,128,62297
7,62432,497,0.0,8367,128,62304
4,62436,497,0.0,8368,128,62308
20,62456,497,0.0,8369,128,62328
7,62463,497,0.0,8370,128,62335
5,62468,497,0.0,8371,128,62340
4,62472,497,0.0,8372,128,62344
6,62478,497,0.0,8373,128,62350
7,62485,497,0.0,8374,128,62357
3,62488,497,0.0,8375,128,62360
19,62507,497,0.0,8376,128,62379
22,62529,497,0.0,8377,128,62401
3,62532,497,0.0,8378,128,62404
10,62542,497,0.0,8379,128,62414
11,62553,497,0.0,8380,128,62425
2,62555,497,0.0,8381,128,62427
7,62562,497,0.0,8382,128,62434
2,62564,497,0.0,8383,128,62436
17,62581,497,0.0,8384,128,62453
16,62597,497,0.0,8385,128,62469
7,62604,497,0.0,8386,128,62476
20,62624,497,0.0,8387,128,62496
3,62627,497,0.0,8388,128,62499
5,62632,497,0.0,8389,128,62504
8,62640,497,0.0,8390,128,62512
7,62647,497,0.0,8391,128,62519
2,62649,497,0.0,8392,128,62521
18,62667,497,0.0,8393,128,62539
9,62676,497,0.0,8394,128,62548
17,62693,497,0.0,8395,128,62565
20,62713,497,0.0,8396,128,62585
4,62717,497,0.0,8397,128,62589
11,62728,497,0.0,8398,128,62600
10,62738,497,0.0,8399,128,62610
6,62744,497,0.0,8400,128,62616
2,62746,497,0.0,8401,128,62618
11,62757,497,0.0,8402,128,62629
4,62761,497,0.0,8403,128,62633
4,62765,497,0.0,8404,128,62637
5,62770,497,0.0,8405,128,62642
5,62775,497,0.0,8406,128,62647
23,62798,497,0.0,8407,128,62670
31,62829,498,1.0,8408,128,62701
14,62843,498,0.0,8409,128,62715
2,62845,498,0.0,8410,128,62717
20,62865,498,0.0,8411,128,62737
2,62867,498,0.0,8412,128,62739
9,62876,498,0.0,8413,128,62748
15,62891,498,0.0,8414,128,62763
2,62893,498,0.0,8415,128,62765
6,62899,498,0.0,8416,128,62771
5,62904,498,0.0,8417,128,62776
7,62911,498,0.0,8418,128,62783
4,62915,498,0.0,8419,128,62787
9,62924,498,0.0,8420,128,62796
17,62941,498,0.0,8421,128,62813
13,62954,498,0.0,8422,128,62826
18,62972,498,0.0,8423,128,62844
8,62980,498,0.0,8424,128,62852
13,62993,498,0.0,8425,128,62865
13,63006,499,1.0,8426,128,62878
4,63010,499,0.0,8427,128,62882
7,63017,499,0.0,8428,128,62889
4,63021,499,0.0,8429,128,62893
2,63023,499,0.0,8430,128,62895
7,63030,499,0.0,8431,128,62902
8,63038,500,1.0,8432,128,62910
7,63045,500,0.0,8433,128,62917
23,63068,500,0.0,8434,128,62940
6,63074,500,0.0,8435,128,62946
2,63076,500,0.0,8436,128,62948
7,63083,500,0.0,8437,128,62955
6,63089,500,0.0,8438,128,62961
5,63094,500,0.0,8439,128,62966
10,63104,500,0.0,8440,128,62976
7,63111,500,0.0,8441,128,62983
4,63115,500,0.0,8442,128,62987
3,63118,500,0.0,8443,128,62990
4,63122,500,0.0,8444,128,62994
4,63126,500,0.0,8445,128,62998
7,63133,500,0.0,8446,128,63005
15,63148,500,0.0,8447,128,63020
2,63150,500,0.0,8448,128,63022
8,63158,501,1.0,8449,128,63030
6,63164,501,0.0,8450,128,63036
5,63169,501,0.0,8451,128,63041
8,63177,502,1.0,8452,128,63049
4,63181,502,0.0,8453,128,63053
4,63185,502,0.0,8454,128,63057
10,63195,502,0.0,8455,128,63067
16,63211,503,1.0,8456,128,63083
6,63217,503,0.0,8457,128,63089
5,63222,503,0.0,8458,128,63094
6,63228,503,0.0,8459,128,63100
5,63233,503,0.0,8460,128,63105
7,63240,503,0.0,8461,128,63112
12,63252,503,0.0,8462,128,63124
5,63257,503,0.0,8463,128,63129
8,63265,503,0.0,8464,128,63137
5,63270,503,0.0,8465,128,63142
6,63276,503,0.0,8466,128,63148
5,63281,503,0.0,8467,128,63153
3,63284,503,0.0,8468,128,63156
13,63297,503,0.0,8469,128,63169
3,63300,503,0.0,8470,128,63172
6,63306,503,0.0,8471,128,63178
12,63318,503,0.0,8472,128,63190
4,63322,503,0.0,8473,128,63194
4,63326,503,0.0,8474,128,63198
3,63329,503,0.0,8475,128,63201
17,63346,503,0.0,8476,128,63218
12,63358,503,0.0,8477,128,63230
8,63366,503,0.0,8478,128,63238
20,63386,503,0.0,8479,128,63258
4,63390,503,0.0,8480,128,63262
3,63393,503,0.0,8481,128,63265
13,63406,503,0.0,8482,128,63278
14,63420,503,0.0,8483,128,63292
3,63423,503,0.0,8484,128,63295
12,63435,503,0.0,8485,128,63307
31,63466,504,1.0,8486,128,63338
4,63470,504,0.0,8487,128,63342
4,63474,504,0.0,8488,128,63346
7,63481,504,0.0,8489,128,63353
7,63488,504,0.0,8490,128,63360
5,63493,504,0.0,8491,128,63365
6,63499,504,0.0,8492,128,63371
9,63508,504,0.0,8493,128,63380
20,63528,504,0.0,8494,128,63400
7,63535,504,0.0,8495,128,63407
9,63544,504,0.0,8496,128,63416
4,63548,504,0.0,8497,128,63420
14,63562,504,0.0,8498,128,63434
11,63573,504,0.0,8499,128,63445
18,63591,504,0.0,8500,128,63463
20,63611,504,0.0,8501,128,63483
9,63620,504,0.0,8502,128,63492
8,63628,504,0.0,8503,128,63500
8,63636,504,0.0,8504,128,63508
6,63642,504,0.0,8505,128,63514
4,63646,504,0.0,8506,128,63518
2,63648,504,0.0,8507,128,63520
6,63654,504,0.0,8508,128,63526
8,63662,505,1.0,8509,128,63534
6,63668,505,0.0,8510,128,63540
2,63670,505,0.0,8511,128,63542
4,63674,505,0.0,8512,128,63546
6,63680,505,0.0,8513,128,63552
15,63695,505,0.0,8514,128,63567
7,63702,505,0.0,8515,128,63574
20,63722,505,0.0,8516,128,63594
4,63726,505,0.0,8517,128,63598
5,63731,505,0.0,8518,128,63603
6,63737,505,0.0,8519,128,63609
5,63742,505,0.0,8520,128,63614
5,63747,505,0.0,8521,128,63619
4,63751,505,0.0,8522,128,63623
16,63767,505,0.0,8523,128,63639
6,63773,505,0.0,8524,128,63645
5,63778,505,0.0,8525,128,63650
3,63781,505,0.0,8526,128,63653
3,63784,505,0.0,8527,128,63656
15,63799,505,0.0,8528,128,63671
3,63802,505,0.0,8529,128,63674
2,63804,505,0.0,8530,128,63676
3,63807,505,0.0,8531,128,63679
17,63824,505,0.0,8532,128,63696
5,63829,505,0.0,8533,128,63701
7,63836,505,0.0,8534,128,63708
4,63840,505,0.0,8535,128,63712
15,63855,505,0.0,8536,128,63727
5,63860,505,0.0,8537,128,63732
6,63866,505,0.0,8538,128,63738
7,63873,505,0.0,8539,128,63745
2,63875,505,0.0,8540,128,63747
7,63882,505,0.0,8541,128,63754
3,63885,505,0.0,8542,128,63757
13,63898,505,0.0,8543,128,63770
4,63902,505,0.0,8544,128,63774
8,63910,506,1.0,8545,128,63782
8,63918,506,0.0,8546,128,63790
9,63927,506,0.0,8547,128,63799
4,63931,506,0.0,8548,128,63803
4,63935,506,0.0,8549,128,63807
8,63943,506,0.0,8550,128,63815
5,63948,506,0.0,8551,128,63820
7,63955,506,0.0,8552,128,63827
5,63960,506,0.0,8553,128,63832
12,63972,506,0.0,8554,128,63844
24,63996,506,0.0,8555,128,63868
5,64001,506,0.0,8556,128,63873
10,64011,506,0.0,8557,128,63883
11,64022,506,0.0,8558,128,63894
17,64039,506,0.0,8559,128,63911
6,64045,506,0.0,8560,128,63917
13,64058,507,1.0,8561,128,63930
5,64063,507,0.0,8562,128,63935
5,64068,507,0.0,8563,128,63940
3,64071,507,0.0,8564,128,63943
5,64076,507,0.0,8565,128,63948
6,64082,507,0.0,8566,128,63954
8,64090,507,0.0,8567,128,63962
11,64101,507,0.0,8568,128,63973
6,64107,507,0.0,8569,128,63979
4,64111,507,0.0,8570,128,63983
5,64116,507,0.0,8571,128,63988
8,64124,507,0.0,8572,128,63996
5,64129,507,0.0,8573,128,64001
5,64134,507,0.0,8574,128,64006
5,64139,507,0.0,8575,128,64011
7,64146,507,0.0,8576,128,64018
4,64150,507,0.0,8577,128,64022
4,64154,507,0.0,8578,128,64026
12,64166,507,0.0,8579,128,64038
5,64171,507,0.0,8580,128,64043
16,64187,507,0.0,8581,128,64059
3,64190,507,0.0,8582,128,64062
10,64200,507,0.0,8583,128,64072
2,64202,507,0.0,8584,128,64074
15,64217,507,0.0,8585,128,64089
2,64219,507,0.0,8586,128,64091
6,64225,507,0.0,8587,128,64097
8,64233,508,1.0,8588,128,64105
4,64237,508,0.0,8589,128,64109
3,64240,508,0.0,8590,128,64112
17,64257,508,0.0,8591,128,64129
4,64261,508,0.0,8592,128,64133
2,64263,508,0.0,8593,128,64135
11,64274,508,0.0,8594,128,64146
2,64276,508,0.0,8595,128,64148
13,64289,508,0.0,8596,128,64161
7,64296,508,0.0,8597,128,64168
2,64298,508,0.0,8598,128,64170
5,64303,508,0.0,8599,128,64175
14,64317,508,0.0,8600,128,64189
3,64320,508,0.0,8601,128,64192
9,64329,508,0.0,8602,128,64201
6,64335,508,0.0,8603,128,64207
5,64340,508,0.0,8604,128,64212
19,64359,508,0.0,8605,128,64231
12,64371,508,0.0,8606,128,64243
5,64376,508,0.0,8607,128,64248
7,64383,508,0.0,8608,128,64255
17,64400,508,0.0,8609,128,64272
18,64418,508,0.0,8610,128,64290
14,64432,508,0.0,8611,128,64304
3,64435,508,0.0,8612,128,64307
8,64443,509,1.0,8613,128,64315
8,64451,510,1.0,8614,128,64323
4,64455,510,0.0,8615,128,64327
5,64460,510,0.0,8616,128,64332
6,64466,510,0.0,8617,128,64338
15,64481,510,0.0,8618,128,64353
4,64485,510,0.0,8619,128,64357
11,64496,511,1.0,8620,128,64368
5,64501,511,0.0,8621,128,64373
2,64503,511,0.0,8622,128,64375
17,64520,511,0.0,8623,128,64392
8,64528,511,0.0,8624,128,64400
9,64537,511,0.0,8625,128,64409
2,64539,511,0.0,8626,128,64411
7,64546,511,0.0,8627,128,64418
3,64549,511,0.0,8628,128,64421
8,64557,511,0.0,8629,128,64429
8,64565,511,0.0,8630,128,64437
9,64574,511,0.0,8631,128,64446
8,64582,511,0.0,8632,128,64454
2,64584,511,0.0,8633,128,64456
4,64588,511,0.0,8634,128,64460
2,64590,511,0.0,8635,128,64462
9,64599,511,0.0,8636,128,64471
2,64601,511,0.0,8637,128,64473
2,64603,511,0.0,8638,128,64475
9,64612,511,0.0,8639,128,64484
29,64641,511,0.0,8640,128,64513
17,64658,511,0.0,8641,128,64530
3,64661,511,0.0,8642,128,64533
20,64681,511,0.0,8643,128,64553
20,64701,511,0.0,8644,128,64573
2,64703,511,0.0,8645,128,64575
4,64707,511,0.0,8646,128,64579
15,64722,511,0.0,8647,128,64594
7,64729,511,0.0,8648,128,64601
6,64735,511,0.0,8649,128,64607
4,64739,511,0.0,8650,128,64611
2,64741,511,0.0,8651,128,64613
4,64745,511,0.0,8652,128,64617
7,64752,511,0.0,8653,128,64624
4,64756,511,0.0,8654,128,64628
3,64759,511,0.0,8655,128,64631
5,64764,511,0.0,8656,128,64636
4,64768,511,0.0,8657,128,64640
5,64773,511,0.0,8658,128,64645
6,64779,511,0.0,8659,128,64651
4,64783,511,0.0,8660,128,64655
3,64786,511,0.0,8661,128,64658
4,64790,511,0.0,8662,128,64662
3,64793,511,0.0,8663,128,64665
3,64796,511,0.0,8664,128,64668
3,64799,511,0.0,8665,128,64671
5,64804,511,0.0,8666,128,64676
5,64809,511,0.0,8667,128,64681
6,64815,511,0.0,8668,128,64687
4,64819,511,0.0,8669,128,64691
6,64825,511,0.0,8670,128,64697
20,64845,511,0.0,8671,128,64717
7,64852,511,0.0,8672,128,64724
6,64858,511,0.0,8673,128,64730
9,64867,511,0.0,8674,128,64739
11,64878,511,0.0,8675,128,64750
20,64898,511,0.0,8676,128,64770
6,64904,511,0.0,8677,128,64776
16,64920,511,0.0,8678,128,64792
10,64930,511,0.0,8679,128,64802
3,64933,511,0.0,8680,128,64805
4,64937,511,0.0,8681,128,64809
4,64941,511,0.0,8682,128,64813
6,64947,511,0.0,8683,128,64819
7,64954,511,0.0,8684,128,64826
39,64993,511,0.0,8685,128,64865
6,64999,511,0.0,8686,128,64871
6,65005,511,0.0,8687,128,64877
3,65008,511,0.0,8688,128,64880
4,65012,511,0.0,8689,128,64884
4,65016,511,0.0,8690,128,64888
9,65025,511,0.0,8691,128,64897
2,65027,511,0.0,8692,128,64899
3,65030,511,0.0,8693,128,64902
9,65039,511,0.0,8694,128,64911
4,65043,511,0.0,8695,128,64915
2,65045,511,0.0,8696,128,64917
5,65050,511,0.0,8697,128,64922
13,65063,511,0.0,8698,128,64935
38,65101,511,0.0,8699,128,64973
4,65105,511,0.0,8700,128,64977
2,65107,511,0.0,8701,128,64979
8,65115,511,0.0,8702,128,64987
3,65118,511,0.0,8703,128,64990
2,65120,511,0.0,8704,128,64992
2,65122,511,0.0,8705,128,64994
5,65127,511,0.0,8706,128,64999
20,65147,511,0.0,8707,128,65019
5,65152,511,0.0,8708,128,65024
5,65157,511,0.0,8709,128,65029
5,65162,511,0.0,8710,128,65034
2,65164,511,0.0,8711,128,65036
7,65171,511,0.0,8712,128,65043
8,65179,512,1.0,8713,128,65051
8,65187,513,1.0,8714,128,65059
3,65190,513,0.0,8715,128,65062
3,65193,513,0.0,8716,128,65065
4,65197,513,0.0,8717,128,65069
8,65205,513,0.0,8718,128,65077
5,65210,513,0.0,8719,128,65082
2,65212,513,0.0,8720,128,65084
6,65218,513,0.0,8721,128,65090
9,65227,513,0.0,8722,128,65099
9,65236,513,0.0,8723,128,65108
8,65244,514,1.0,8724,128,65116
6,65250,514,0.0,8725,128,65122
3,65253,514,0.0,8726,128,65125
9,65262,514,0.0,8727,128,65134
8,65270,515,1.0,8728,128,65142
4,65274,515,0.0,8729,128,65146
6,65280,515,0.0,8730,128,65152
12,65292,515,0.0,8731,128,65164
7,65299,515,0.0,8732,128,65171
7,65306,515,0.0,8733,128,65178
7,65313,515,0.0,8734,128,65185
13,65326,515,0.0,8735,128,65198
4,65330,515,0.0,8736,128,65202
12,65342,515,0.0,8737,128,65214
3,65345,515,0.0,8738,128,65217
12,65357,515,0.0,8739,128,65229
15,65372,515,0.0,8740,128,65244
11,65383,515,0.0,8741,128,65255
8,65391,515,0.0,8742,128,65263
8,65399,516,1.0,8743,128,65271
6,65405,516,0.0,8744,128,65277
4,65409,516,0.0,8745,128,65281
4,65413,516,0.0,8746,128,65285
3,65416,516,0.0,8747,128,65288
4,65420,516,0.0,8748,128,65292
17,65437,516,0.0,8749,128,65309
12,65449,516,0.0,8750,128,65321
4,65453,516,0.0,8751,128,65325
10,65463,516,0.0,8752,128,65335
3,65466,516,0.0,8753,128,65338
3,65469,516,0.0,8754,128,65341
5,65474,516,0.0,8755,128,65346
2,65476,516,0.0,8756,128,65348
10,65486,516,0.0,8757,128,65358
7,65493,516,0.0,8758,128,65365
9,65502,516,0.0,8759,128,65374
4,65506,516,0.0,8760,128,65378
11,65517,516,0.0,8761,128,65389
8,65525,516,0.0,8762,128,65397
6,65531,516,0.0,8763,128,65403
6,65537,516,0.0,8764,128,65409
4,65541,516,0.0,8765,128,65413
2,65543,516,0.0,8766,128,65415
9,65552,516,0.0,8767,128,65424
15,65567,516,0.0,8768,128,65439
5,65572,516,0.0,8769,128,65444
20,65592,516,0.0,8770,128,65464
18,65610,516,0.0,8771,128,65482
3,65613,516,0.0,8772,128,65485
3,65616,516,0.0,8773,128,65488
3,65619,516,0.0,8774,128,65491
11,65630,516,0.0,8775,128,65502
13,65643,516,0.0,8776,128,65515
3,65646,516,0.0,8777,128,65518
4,65650,516,0.0,8778,128,65522
7,65657,516,0.0,8779,128,65529
7,65664,516,0.0,8780,128,65536
3,65667,516,0.0,8781,128,65539
13,65680,516,0.0,8782,128,65552
9,65689,516,0.0,8783,128,65561
3,65692,516,0.0,8784,128,65564
4,65696,516,0.0,8785,128,65568
6,65702,516,0.0,8786,128,65574
4,65706,516,0.0,8787,128,65578
19,65725,516,0.0,8788,128,65597
20,65745,516,0.0,8789,128,65617
3,65748,516,0.0,8790,128,65620
8,65756,516,0.0,8791,128,65628
5,65761,516,0.0,8792,128,65633
2,65763,516,0.0,8793,128,65635
10,65773,516,0.0,8794,128,65645
4,65777,516,0.0,8795,128,65649
8,65785,517,1.0,8796,128,65657
9,65794,517,0.0,8797,128,65666
6,65800,517,0.0,8798,128,65672
4,65804,517,0.0,8799,128,65676
24,65828,517,0.0,8800,128,65700
4,65832,517,0.0,8801,128,65704
16,65848,518,1.0,8802,128,65720
5,65853,518,0.0,8803,128,65725
2,65855,518,0.0,8804,128,65727
9,65864,518,0.0,8805,128,65736
6,65870,518,0.0,8806,128,65742
6,65876,518,0.0,8807,128,65748
6,65882,518,0.0,8808,128,65754
20,65902,518,0.0,8809,128,65774
3,65905,518,0.0,8810,128,65777
3,65908,518,0.0,8811,128,65780
4,65912,518,0.0,8812,128,65784
7,65919,518,0.0,8813,128,65791
5,65924,518,0.0,8814,128,65796
4,65928,518,0.0,8815,128,65800
16,65944,518,0.0,8816,128,65816
9,65953,518,0.0,8817,128,65825
3,65956,518,0.0,8818,128,65828
4,65960,518,0.0,8819,128,65832
9,65969,518,0.0,8820,128,65841
3,65972,518,0.0,8821,128,65844
5,65977,518,0.0,8822,128,65849
25,66002,518,0.0,8823,128,65874
4,66006,518,0.0,8824,128,65878
4,66010,518,0.0,8825,128,65882
6,66016,518,0.0,8826,128,65888
14,66030,518,0.0,8827,128,65902
2,66032,518,0.0,8828,128,65904
5,66037,518,0.0,8829,128,65909
3,66040,518,0.0,8830,128,65912
5,66045,518,0.0,8831,128,65917
3,66048,518,0.0,8832,128,65920
2,66050,518,0.0,8833,128,65922
4,66054,518,0.0,8834,128,65926
14,66068,518,0.0,8835,128,65940
9,66077,518,0.0,8836,128,65949
2,66079,518,0.0,8837,128,65951
16,66095,518,0.0,8838,128,65967
3,66098,518,0.0,8839,128,65970
6,66104,518,0.0,8840,128,65976
14,66118,518,0.0,8841,128,65990
9,66127,518,0.0,8842,128,65999
17,66144,518,0.0,8843,128,66016
7,66151,518,0.0,8844,128,66023
5,66156,518,0.0,8845,128,66028
22,66178,518,0.0,8846,128,66050
2,66180,518,0.0,8847,128,66052
3,66183,518,0.0,8848,128,66055
2,66185,518,0.0,8849,128,66057
6,66191,518,0.0,8850,128,66063
7,66198,518,0.0,8851,128,66070
7,66205,518,0.0,8852,128,66077
4,66209,518,0.0,8853,128,66081
4,66213,518,0.0,8854,128,66085
2,66215,518,0.0,8855,128,66087
19,66234,518,0.0,8856,128,66106
5,66239,518,0.0,8857,128,66111
7,66246,518,0.0,8858,128,66118
7,66253,518,0.0,8859,128,66125
8,66261,518,0.0,8860,128,66133
4,66265,518,0.0,8861,128,66137
5,66270,518,0.0,8862,128,66142
8,66278,518,0.0,8863,128,66150
7,66285,518,0.0,8864,128,66157
5,66290,518,0.0,8865,128,66162
7,66297,518,0.0,8866,128,66169
8,66305,519,1.0,8867,128,66177
16,66321,520,1.0,8868,128,66193
3,66324,520,0.0,8869,128,66196
4,66328,520,0.0,8870,128,66200
13,66341,520,0.0,8871,128,66213
7,66348,520,0.0,8872,128,66220
7,66355,520,0.0,8873,128,66227
2,66357,520,0.0,8874,128,66229
4,66361,520,0.0,8875,128,66233
2,66363,520,0.0,8876,128,66235
5,66368,520,0.0,8877,128,66240
4,66372,520,0.0,8878,128,66244
3,66375,520,0.0,8879,128,66247
7,66382,520,0.0,8880,128,66254
20,66402,520,0.0,8881,128,66274
6,66408,520,0.0,8882,128,66280
2,66410,520,0.0,8883,128,66282
6,66416,520,0.0,8884,128,66288
2,66418,520,0.0,8885,128,66290
5,66423,520,0.0,8886,128,66295
5,66428,520,0.0,8887,128,66300
6,66434,520,0.0,8888,128,66306
5,66439,520,0.0,8889,128,66311
4,66443,520,0.0,8890,128,66315
16,66459,521,1.0,8891,128,66331
3,66462,521,0.0,8892,128,66334
9,66471,521,0.0,8893,128,66343
8,66479,521,0.0,8894,128,66351
5,66484,521,0.0,8895,128,66356
5,66489,521,0.0,8896,128,66361
9,66498,521,0.0,8897,128,66370
18,66516,521,0.0,8898,128,66388
11,66527,521,0.0,8899,128,66399
13,66540,521,0.0,8900,128,66412
6,66546,521,0.0,8901,128,66418
11,66557,521,0.0,8902,128,66429
3,66560,521,0.0,8903,128,66432
15,66575,521,0.0,8904,128,66447
35,66610,521,0.0,8905,128,66482
11,66621,521,0.0,8906,128,66493
2,66623,521,0.0,8907,128,66495
6,66629,521,0.0,8908,128,66501
7,66636,521,0.0,8909,128,66508
6,66642,521,0.0,8910,128,66514
4,66646,521,0.0,8911,128,66518
6,66652,521,0.0,8912,128,66524
7,66659,521,0.0,8913,128,66531
10,66669,521,0.0,8914,128,66541
4,66673,521,0.0,8915,128,66545
4,66677,521,0.0,8916,128,66549
2,66679,521,0.0,8917,128,66551
2,66681,521,0.0,8918,128,66553
3,66684,521,0.0,8919,128,66556
6,66690,521,0.0,8920,128,66562
2,66692,521,0.0,8921,128,66564
4,66696,521,0.0,8922,128,66568
5,66701,521,0.0,8923,128,66573
6,66707,521,0.0,8924,128,66579
7,66714,521,0.0,8925,128,66586
6,66720,521,0.0,8926,128,66592
14,66734,521,0.0,8927,128,66606
10,66744,521,0.0,8928,128,66616
4,66748,521,0.0,8929,128,66620
8,66756,521,0.0,8930,128,66628
9,66765,521,0.0,8931,128,66637
4,66769,521,0.0,8932,128,66641
2,66771,521,0.0,8933,128,66643
13,66784,521,0.0,8934,128,66656
4,66788,521,0.0,8935,128,66660
31,66819,522,1.0,8936,128,66691
3,66822,522,0.0,8937,128,66694
7,66829,522,0.0,8938,128,66701
5,66834,522,0.0,8939,128,66706
14,66848,522,0.0,8940,128,66720
5,66853,522,0.0,8941,128,66725
4,66857,522,0.0,8942,128,66729
8,66865,522,0.0,8943,128,66737
20,66885,522,0.0,8944,128,66757
3,66888,522,0.0,8945,128,66760
9,66897,522,0.0,8946,128,66769
4,66901,522,0.0,8947,128,66773
2,66903,522,0.0,8948,128,66775
14,66917,522,0.0,8949,128,66789
4,66921,522,0.0,8950,128,66793
8,66929,523,1.0,8951,128,66801
5,66934,523,0.0,8952,128,66806
4,66938,523,0.0,8953,128,66810
20,66958,523,0.0,8954,128,66830
4,66962,523,0.0,8955,128,66834
3,66965,523,0.0,8956,128,66837
5,66970,523,0.0,8957,128,66842
8,66978,523,0.0,8958,128,66850
18,66996,523,0.0,8959,128,66868
4,67000,523,0.0,8960,128,66872
9,67009,523,0.0,8961,128,66881
9,67018,523,0.0,8962,128,66890
7,67025,523,0.0,8963,128,66897
7,67032,523,0.0,8964,128,66904
2,67034,523,0.0,8965,128,66906
8,67042,523,0.0,8966,128,66914
2,67044,523,0.0,8967,128,66916
12,67056,523,0.0,8968,128,66928
14,67070,523,0.0,8969,128,66942
18,67088,523,0.0,8970,128,66960
3,67091,523,0.0,8971,128,66963
10,67101,523,0.0,8972,128,66973
28,67129,523,0.0,8973,128,67001
3,67132,523,0.0,8974,128,67004
6,67138,523,0.0,8975,128,67010
2,67140,523,0.0,8976,128,67012
15,67155,523,0.0,8977,128,67027
4,67159,523,0.0,8978,128,67031
9,67168,523,0.0,8979,128,67040
16,67184,524,1.0,8980,128,67056
17,67201,524,0.0,8981,128,67073
4,67205,524,0.0,8982,128,67077
5,67210,524,0.0,8983,128,67082
2,67212,524,0.0,8984,128,67084
3,67215,524,0.0,8985,128,67087
4,67219,524,0.0,8986,128,67091
5,67224,524,0.0,8987,128,67096
9,67233,524,0.0,8988,128,67105
5,67238,524,0.0,8989,128,67110
4,67242,524,0.0,8990,128,67114
9,67251,524,0.0,8991,128,67123
6,67257,524,0.0,8992,128,67129
6,67263,524,0.0,8993,128,67135
7,67270,524,0.0,8994,128,67142
3,67273,524,0.0,8995,128,67145
7,67280,524,0.0,8996,128,67152
6,67286,524,0.0,8997,128,67158
6,67292,524,0.0,8998,128,67164
3,67295,524,0.0,8999,128,67167
5,67300,524,0.0,9000,128,67172
2,67302,524,0.0,9001,128,67174
6,67308,524,0.0,9002,128,67180
4,67312,524,0.0,9003,128,67184
5,67317,524,0.0,9004,128,67189
9,67326,524,0.0,9005,128,67198
8,67334,524,0.0,9006,128,67206
9,67343,524,0.0,9007,128,67215
2,67345,524,0.0,9008,128,67217
3,67348,524,0.0,9009,128,67220
20,67368,524,0.0,9010,128,67240
15,67383,524,0.0,9011,128,67255
4,67387,524,0.0,9012,128,67259
6,67393,524,0.0,9013,128,67265
5,67398,524,0.0,9014,128,67270
8,67406,525,1.0,9015,128,67278
4,67410,525,0.0,9016,128,67282
2,67412,525,0.0,9017,128,67284
13,67425,525,0.0,9018,128,67297
15,67440,525,0.0,9019,128,67312
6,67446,525,0.0,9020,128,67318
4,67450,525,0.0,9021,128,67322
3,67453,525,0.0,9022,128,67325
2,67455,525,0.0,9023,128,67327
5,67460,525,0.0,9024,128,67332
4,67464,525,0.0,9025,128,67336
3,67467,525,0.0,9026,128,67339
4,67471,525,0.0,9027,128,67343
3,67474,525,0.0,9028,128,67346
3,67477,525,0.0,9029,128,67349
5,67482,525,0.0,9030,128,67354
4,67486,525,0.0,9031,128,67358
12,67498,525,0.0,9032,128,67370
7,67505,525,0.0,9033,128,67377
20,67525,525,0.0,9034,128,67397
10,67535,525,0.0,9035,128,67407
9,67544,525,0.0,9036,128,67416
3,67547,525,0.0,9037,128,67419
5,67552,525,0.0,9038,128,67424
4,67556,525,0.0,9039,128,67428
3,67559,525,0.0,9040,128,67431
2,67561,525,0.0,9041,128,67433
14,67575,525,0.0,9042,128,67447
7,67582,525,0.0,9043,128,67454
22,67604,525,0.0,9044,128,67476
5,67609,525,0.0,9045,128,67481
6,67615,525,0.0,9046,128,67487
9,67624,525,0.0,9047,128,67496
6,67630,525,0.0,9048,128,67502
6,67636,525,0.0,9049,128,67508
2,67638,525,0.0,9050,128,67510
12,67650,525,0.0,9051,128,67522
6,67656,525,0.0,9052,128,67528
19,67675,525,0.0,9053,128,67547
27,67702,525,0.0,9054,128,67574
5,67707,525,0.0,9055,128,67579
4,67711,525,0.0,9056,128,67583
14,67725,525,0.0,9057,128,67597
2,67727,525,0.0,9058,128,67599
13,67740,525,0.0,9059,128,67612
13,67753,525,0.0,9060,128,67625
18,67771,525,0.0,9061,128,67643
9,67780,525,0.0,9062,128,67652
5,67785,525,0.0,9063,128,67657
4,67789,525,0.0,9064,128,67661
8,67797,525,0.0,9065,128,67669
6,67803,525,0.0,9066,128,67675
5,67808,525,0.0,9067,128,67680
14,67822,525,0.0,9068,128,67694
5,67827,525,0.0,9069,128,67699
7,67834,525,0.0,9070,128,67706
4,67838,525,0.0,9071,128,67710
4,67842,525,0.0,9072,128,67714
7,67849,525,0.0,9073,128,67721
18,67867,525,0.0,9074,128,67739
3,67870,525,0.0,9075,128,67742
4,67874,525,0.0,9076,128,67746
8,67882,526,1.0,9077,128,67754
3,67885,526,0.0,9078,128,67757
7,67892,526,0.0,9079,128,67764
7,67899,526,0.0,9080,128,67771
4,67903,526,0.0,9081,128,67775
2,67905,526,0.0,9082,128,67777
6,67911,526,0.0,9083,128,67783
3,67914,526,0.0,9084,128,67786
8,67922,527,1.0,9085,128,67794
7,67929,527,0.0,9086,128,67801
6,67935,527,0.0,9087,128,67807
5,67940,527,0.0,9088,128,67812
6,67946,527,0.0,9089,128,67818
7,67953,527,0.0,9090,128,67825
4,67957,527,0.0,9091,128,67829
5,67962,527,0.0,9092,128,67834
5,67967,527,0.0,9093,128,67839
14,67981,527,0.0,9094,128,67853
7,67988,527,0.0,9095,128,67860
8,67996,527,0.0,9096,128,67868
6,68002,527,0.0,9097,128,67874
14,68016,527,0.0,9098,128,67888
16,68032,527,0.0,9099,128,67904
6,68038,527,0.0,9100,128,67910
9,68047,527,0.0,9101,128,67919
4,68051,527,0.0,9102,128,67923
5,68056,527,0.0,9103,128,67928
6,68062,527,0.0,9104,128,67934
2,68064,527,0.0,9105,128,67936
2,68066,527,0.0,9106,128,67938
2,68068,527,0.0,9107,128,67940
5,68073,527,0.0,9108,128,67945
5,68078,527,0.0,9109,128,67950
3,68081,527,0.0,9110,128,67953
22,68103,527,0.0,9111,128,67975
6,68109,527,0.0,9112,128,67981
19,68128,527,0.0,9113,128,68000
4,68132,527,0.0,9114,128,68004
3,68135,527,0.0,9115,128,68007
3,68138,527,0.0,9116,128,68010
2,68140,527,0.0,9117,128,68012
20,68160,527,0.0,9118,128,68032
8,68168,527,0.0,9119,128,68040
5,68173,527,0.0,9120,128,68045
18,68191,527,0.0,9121,128,68063
10,68201,527,0.0,9122,128,68073
3,68204,527,0.0,9123,128,68076
3,68207,527,0.0,9124,128,68079
6,68213,527,0.0,9125,128,68085
7,68220,527,0.0,9126,128,68092
5,68225,527,0.0,9127,128,68097
6,68231,527,0.0,9128,128,68103
3,68234,527,0.0,9129,128,68106
6,68240,527,0.0,9130,128,68112
8,68248,528,1.0,9131,128,68120
4,68252,528,0.0,9132,128,68124
15,68267,528,0.0,9133,128,68139
9,68276,528,0.0,9134,128,68148
11,68287,528,0.0,9135,128,68159
12,68299,528,0.0,9136,128,68171
5,68304,528,0.0,9137,128,68176
20,68324,528,0.0,9138,128,68196
4,68328,528,0.0,9139,128,68200
10,68338,528,0.0,9140,128,68210
5,68343,528,0.0,9141,128,68215
42,68385,528,0.0,9142,128,68257
6,68391,528,0.0,9143,128,68263
4,68395,528,0.0,9144,128,68267
4,68399,528,0.0,9145,128,68271
6,68405,528,0.0,9146,128,68277
20,68425,528,0.0,9147,128,68297
5,68430,528,0.0,9148,128,68302
9,68439,528,0.0,9149,128,68311
20,68459,528,0.0,9150,128,68331
9,68468,528,0.0,9151,128,68340
11,68479,528,0.0,9152,128,68351
3,68482,528,0.0,9153,128,68354
11,68493,528,0.0,9154,128,68365
3,68496,528,0.0,9155,128,68368
5,68501,528,0.0,9156,128,68373
15,68516,528,0.0,9157,128,68388
3,68519,528,0.0,9158,128,68391
4,68523,528,0.0,9159,128,68395
4,68527,528,0.0,9160,128,68399
27,68554,528,0.0,9161,128,68426
3,68557,528,0.0,9162,128,68429
2,68559,528,0.0,9163,128,68431
5,68564,528,0.0,9164,128,68436
2,68566,528,0.0,9165,128,68438
5,68571,528,0.0,9166,128,68443
8,68579,529,1.0,9167,128,68451
2,68581,529,0.0,9168,128,68453
3,68584,529,0.0,9169,128,68456
5,68589,529,0.0,9170,128,68461
7,68596,529,0.0,9171,128,68468
3,68599,529,0.0,9172,128,68471
9,68608,529,0.0,9173,128,68480
15,68623,529,0.0,9174,128,68495
5,68628,529,0.0,9175,128,68500
4,68632,529,0.0,9176,128,68504
9,68641,529,0.0,9177,128,68513
8,68649,530,1.0,9178,128,68521
2,68651,530,0.0,9179,128,68523
15,68666,530,0.0,9180,128,68538
14,68680,530,0.0,9181,128,68552
4,68684,530,0.0,9182,128,68556
4,68688,530,0.0,9183,128,68560
4,68692,530,0.0,9184,128,68564
8,68700,531,1.0,9185,128,68572
2,68702,531,0.0,9186,128,68574
3,68705,531,0.0,9187,128,68577
19,68724,531,0.0,9188,128,68596
7,68731,531,0.0,9189,128,68603
4,68735,531,0.0,9190,128,68607
17,68752,531,0.0,9191,128,68624
10,68762,531,0.0,9192,128,68634
2,68764,531,0.0,9193,128,68636
4,68768,531,0.0,9194,128,68640
4,68772,531,0.0,9195,128,68644
7,68779,531,0.0,9196,128,68651
2,68781,531,0.0,9197,128,68653
7,68788,531,0.0,9198,128,68660
5,68793,531,0.0,9199,128,68665
20,68813,531,0.0,9200,128,68685
5,68818,531,0.0,9201,128,68690
9,68827,531,0.0,9202,128,68699
7,68834,531,0.0,9203,128,68706
5,68839,531,0.0,9204,128,68711
14,68853,531,0.0,9205,128,68725
4,68857,531,0.0,9206,128,68729
11,68868,531,0.0,9207,128,68740
6,68874,531,0.0,9208,128,68746
6,68880,531,0.0,9209,128,68752
4,68884,531,0.0,9210,128,68756
5,68889,531,0.0,9211,128,68761
12,68901,531,0.0,9212,128,68773
2,68903,531,0.0,9213,128,68775
6,68909,531,0.0,9214,128,68781
7,68916,531,0.0,9215,128,68788
5,68921,531,0.0,9216,128,68793
5,68926,531,0.0,9217,128,68798
26,68952,531,0.0,9218,128,68824
2,68954,531,0.0,9219,128,68826
3,68957,531,0.0,9220,128,68829
3,68960,531,0.0,9221,128,68832
4,68964,531,0.0,9222,128,68836
20,68984,531,0.0,9223,128,68856
6,68990,531,0.0,9224,128,68862
13,69003,532,1.0,9225,128,68875
13,69016,532,0.0,9226,128,68888
6,69022,532,0.0,9227,128,68894
2,69024,532,0.0,9228,128,68896
27,69051,532,0.0,9229,128,68923
2,69053,532,0.0,9230,128,68925
4,69057,532,0.0,9231,128,68929
17,69074,532,0.0,9232,128,68946
13,69087,533,1.0,9233,128,68959
9,69096,533,0.0,9234,128,68968
5,69101,533,0.0,9235,128,68973
2,69103,533,0.0,9236,128,68975
4,69107,533,0.0,9237,128,68979
2,69109,533,0.0,9238,128,68981
4,69113,533,0.0,9239,128,68985
7,69120,533,0.0,9240,128,68992
4,69124,533,0.0,9241,128,68996
2,69126,533,0.0,9242,128,68998
6,69132,533,0.0,9243,128,69004
4,69136,533,0.0,9244,128,69008
3,69139,533,0.0,9245,128,69011
20,69159,533,0.0,9246,128,69031
8,69167,533,0.0,9247,128,69039
6,69173,533,0.0,9248,128,69045
15,69188,533,0.0,9249,128,69060
8,69196,533,0.0,9250,128,69068
8,69204,534,1.0,9251,128,69076
5,69209,534,0.0,9252,128,69081
20,69229,534,0.0,9253,128,69101
10,69239,534,0.0,9254,128,69111
15,69254,534,0.0,9255,128,69126
2,69256,534,0.0,9256,128,69128
4,69260,534,0.0,9257,128,69132
8,69268,534,0.0,9258,128,69140
5,69273,534,0.0,9259,128,69145
4,69277,534,0.0,9260,128,69149
6,69283,534,0.0,9261,128,69155
2,69285,534,0.0,9262,128,69157
8,69293,534,0.0,9263,128,69165
4,69297,534,0.0,9264,128,69169
10,69307,535,1.0,9265,128,69179
3,69310,535,0.0,9266,128,69182
3,69313,535,0.0,9267,128,69185
10,69323,535,0.0,9268,128,69195
4,69327,535,0.0,9269,128,69199
5,69332,535,0.0,9270,128,69204
3,69335,535,0.0,9271,128,69207
3,69338,535,0.0,9272,128,69210
4,69342,535,0.0,9273,128,69214
6,69348,535,0.0,9274,128,69220
9,69357,535,0.0,9275,128,69229
5,69362,535,0.0,9276,128,69234
5,69367,535,0.0,9277,128,69239
5,69372,535,0.0,9278,128,69244
4,69376,535,0.0,9279,128,69248
2,69378,535,0.0,9280,128,69250
4,69382,535,0.0,9281,128,69254
5,69387,535,0.0,9282,128,69259
5,69392,535,0.0,9283,128,69264
9,69401,535,0.0,9284,128,69273
12,69413,535,0.0,9285,128,69285
5,69418,535,0.0,9286,128,69290
3,69421,535,0.0,9287,128,69293
4,69425,535,0.0,9288,128,69297
4,69429,535,0.0,9289,128,69301
5,69434,535,0.0,9290,128,69306
2,69436,535,0.0,9291,128,69308
4,69440,535,0.0,9292,128,69312
13,69453,535,0.0,9293,128,69325
8,69461,535,0.0,9294,128,69333
6,69467,535,0.0,9295,128,69339
16,69483,535,0.0,9296,128,69355
6,69489,535,0.0,9297,128,69361
15,69504,535,0.0,9298,128,69376
16,69520,536,1.0,9299,128,69392
6,69526,536,0.0,9300,128,69398
7,69533,536,0.0,9301,128,69405
8,69541,537,1.0,9302,128,69413
4,69545,537,0.0,9303,128,69417
4,69549,537,0.0,9304,128,69421
3,69552,537,0.0,9305,128,69424
5,69557,537,0.0,9306,128,69429
4,69561,537,0.0,9307,128,69433
7,69568,537,0.0,9308,128,69440
3,69571,537,0.0,9309,128,69443
2,69573,537,0.0,9310,128,69445
4,69577,537,0.0,9311,128,69449
2,69579,537,0.0,9312,128,69451
3,69582,537,0.0,9313,128,69454
3,69585,537,0.0,9314,128,69457
10,69595,537,0.0,9315,128,69467
5,69600,537,0.0,9316,128,69472
4,69604,537,0.0,9317,128,69476
16,69620,537,0.0,9318,128,69492
14,69634,537,0.0,9319,128,69506
5,69639,537,0.0,9320,128,69511
3,69642,537,0.0,9321,128,69514
8,69650,537,0.0,9322,128,69522
2,69652,537,0.0,9323,128,69524
7,69659,537,0.0,9324,128,69531
2,69661,537,0.0,9325,128,69533
2,69663,537,0.0,9326,128,69535
5,69668,537,0.0,9327,128,69540
6,69674,537,0.0,9328,128,69546
2,69676,537,0.0,9329,128,69548
9,69685,537,0.0,9330,128,69557
8,69693,538,1.0,9331,128,69565
3,69696,538,0.0,9332,128,69568
4,69700,538,0.0,9333,128,69572
4,69704,538,0.0,9334,128,69576
2,69706,538,0.0,9335,128,69578
4,69710,538,0.0,9336,128,69582
6,69716,538,0.0,9337,128,69588
6,69722,538,0.0,9338,128,69594
2,69724,538,0.0,9339,128,69596
7,69731,538,0.0,9340,128,69603
5,69736,538,0.0,9341,128,69608
9,69745,538,0.0,9342,128,69617
3,69748,538,0.0,9343,128,69620
20,69768,538,0.0,9344,128,69640
13,69781,538,0.0,9345,128,69653
6,69787,538,0.0,9346,128,69659
8,69795,538,0.0,9347,128,69667
3,69798,538,0.0,9348,128,69670
3,69801,538,0.0,9349,128,69673
7,69808,538,0.0,9350,128,69680
2,69810,538,0.0,9351,128,69682
2,69812,538,0.0,9352,128,69684
4,69816,538,0.0,9353,128,69688
4,69820,538,0.0,9354,128,69692
29,69849,538,0.0,9355,128,69721
20,69869,538,0.0,9356,128,69741
6,69875,538,0.0,9357,128,69747
2,69877,538,0.0,9358,128,69749
18,69895,538,0.0,9359,128,69767
2,69897,538,0.0,9360,128,69769
11,69908,538,0.0,9361,128,69780
5,69913,538,0.0,9362,128,69785
3,69916,538,0.0,9363,128,69788
2,69918,538,0.0,9364,128,69790
9,69927,538,0.0,9365,128,69799
5,69932,538,0.0,9366,128,69804
2,69934,538,0.0,9367,128,69806
31,69965,538,0.0,9368,128,69837
2,69967,538,0.0,9369,128,69839
23,69990,538,0.0,9370,128,69862
5,69995,538,0.0,9371,128,69867
6,70001,538,0.0,9372,128,69873
16,70017,539,1.0,9373,128,69889
6,70023,539,0.0,9374,128,69895
3,70026,539,0.0,9375,128,69898
4,70030,539,0.0,9376,128,69902
7,70037,539,0.0,9377,128,69909
4,70041,539,0.0,9378,128,69913
3,70044,539,0.0,9379,128,69916
7,70051,539,0.0,9380,128,69923
18,70069,539,0.0,9381,128,69941
4,70073,539,0.0,9382,128,69945
8,70081,540,1.0,9383,128,69953
5,70086,540,0.0,9384,128,69958
4,70090,540,0.0,9385,128,69962
3,70093,540,0.0,9386,128,69965
4,70097,540,0.0,9387,128,69969
6,70103,540,0.0,9388,128,69975
2,70105,540,0.0,9389,128,69977
2,70107,540,0.0,9390,128,69979
5,70112,540,0.0,9391,128,69984
2,70114,540,0.0,9392,128,69986
7,70121,540,0.0,9393,128,69993
11,70132,540,0.0,9394,128,70004
3,70135,540,0.0,9395,128,70007
9,70144,540,0.0,9396,128,70016
9,70153,540,0.0,9397,128,70025
8,70161,541,1.0,9398,128,70033
3,70164,541,0.0,9399,128,70036
4,70168,541,0.0,9400,128,70040
11,70179,541,0.0,9401,128,70051
2,70181,541,0.0,9402,128,70053
9,70190,541,0.0,9403,128,70062
2,70192,541,0.0,9404,128,70064
2,70194,541,0.0,9405,128,70066
16,70210,542,1.0,9406,128,70082
2,70212,542,0.0,9407,128,70084
10,70222,542,0.0,9408,128,70094
2,70224,542,0.0,9409,128,70096
4,70228,542,0.0,9410,128,70100
7,70235,542,0.0,9411,128,70107
11,70246,542,0.0,9412,128,70118
8,70254,542,0.0,9413,128,70126
9,70263,542,0.0,9414,128,70135
20,70283,542,0.0,9415,128,70155
4,70287,542,0.0,9416,128,70159
6,70293,542,0.0,9417,128,70165
15,70308,542,0.0,9418,128,70180
4,70312,542,0.0,9419,128,70184
10,70322,542,0.0,9420,128,70194
4,70326,542,0.0,9421,128,70198
8,70334,542,0.0,9422,128,70206
15,70349,542,0.0,9423,128,70221
2,70351,542,0.0,9424,128,70223
31,70382,543,1.0,9425,128,70254
5,70387,543,0.0,9426,128,70259
6,70393,543,0.0,9427,128,70265
8,70401,544,1.0,9428,128,70273
2,70403,544,0.0,9429,128,70275
9,70412,544,0.0,9430,128,70284
18,70430,544,0.0,9431,128,70302
9,70439,544,0.0,9432,128,70311
6,70445,544,0.0,9433,128,70317
6,70451,544,0.0,9434,128,70323
5,70456,544,0.0,9435,128,70328
8,70464,545,1.0,9436,128,70336
6,70470,545,0.0,9437,128,70342
4,70474,545,0.0,9438,128,70346
9,70483,545,0.0,9439,128,70355
15,70498,545,0.0,9440,128,70370
12,70510,545,0.0,9441,128,70382
4,70514,545,0.0,9442,128,70386
7,70521,545,0.0,9443,128,70393
5,70526,545,0.0,9444,128,70398
4,70530,545,0.0,9445,128,70402
18,70548,545,0.0,9446,128,70420
4,70552,545,0.0,9447,128,70424
3,70555,545,0.0,9448,128,70427
11,70566,545,0.0,9449,128,70438
5,70571,545,0.0,9450,128,70443
13,70584,545,0.0,9451,128,70456
6,70590,545,0.0,9452,128,70462
3,70593,545,0.0,9453,128,70465
4,70597,545,0.0,9454,128,70469
3,70600,545,0.0,9455,128,70472
2,70602,545,0.0,9456,128,70474
4,70606,545,0.0,9457,128,70478
5,70611,545,0.0,9458,128,70483
8,70619,546,1.0,9459,128,70491
5,70624,546,0.0,9460,128,70496
7,70631,546,0.0,9461,128,70503
3,70634,546,0.0,9462,128,70506
4,70638,546,0.0,9463,128,70510
5,70643,546,0.0,9464,128,70515
2,70645,546,0.0,9465,128,70517
11,70656,546,0.0,9466,128,70528
28,70684,546,0.0,9467,128,70556
9,70693,546,0.0,9468,128,70565
3,70696,546,0.0,9469,128,70568
5,70701,546,0.0,9470,128,70573
4,70705,546,0.0,9471,128,70577
7,70712,546,0.0,9472,128,70584
5,70717,546,0.0,9473,128,70589
7,70724,546,0.0,9474,128,70596
2,70726,546,0.0,9475,128,70598
3,70729,546,0.0,9476,128,70601
17,70746,546,0.0,9477,128,70618
6,70752,546,0.0,9478,128,70624
5,70757,546,0.0,9479,128,70629
17,70774,546,0.0,9480,128,70646
7,70781,546,0.0,9481,128,70653
15,70796,546,0.0,9482,128,70668
6,70802,546,0.0,9483,128,70674
2,70804,546,0.0,9484,128,70676
4,70808,546,0.0,9485,128,70680
2,70810,546,0.0,9486,128,70682
4,70814,546,0.0,9487,128,70686
8,70822,547,1.0,9488,128,70694
4,70826,547,0.0,9489,128,70698
3,70829,547,0.0,9490,128,70701
11,70840,547,0.0,9491,128,70712
4,70844,547,0.0,9492,128,70716
3,70847,547,0.0,9493,128,70719
2,70849,547,0.0,9494,128,70721
9,70858,547,0.0,9495,128,70730
5,70863,547,0.0,9496,128,70735
6,70869,547,0.0,9497,128,70741
17,70886,547,0.0,9498,128,70758
5,70891,547,0.0,9499,128,70763
7,70898,547,0.0,9500,128,70770
13,70911,547,0.0,9501,128,70783
3,70914,547,0.0,9502,128,70786
22,70936,547,0.0,9503,128,70808
3,70939,547,0.0,9504,128,70811
2,70941,547,0.0,9505,128,70813
4,70945,547,0.0,9506,128,70817
4,70949,547,0.0,9507,128,70821
16,70965,547,0.0,9508,128,70837
6,70971,547,0.0,9509,128,70843
4,70975,547,0.0,9510,128,70847
5,70980,547,0.0,9511,128,70852
9,70989,547,0.0,9512,128,70861
2,70991,547,0.0,9513,128,70863
12,71003,547,0.0,9514,128,70875
2,71005,547,0.0,9515,128,70877
3,71008,547,0.0,9516,128,70880
2,71010,547,0.0,9517,128,70882
22,71032,547,0.0,9518,128,70904
9,71041,547,0.0,9519,128,70913
2,71043,547,0.0,9520,128,70915
14,71057,547,0.0,9521,128,70929
8,71065,547,0.0,9522,128,70937
2,71067,547,0.0,9523,128,70939
2,71069,547,0.0,9524,128,70941
2,71071,547,0.0,9525,128,70943
15,71086,547,0.0,9526,128,70958
15,71101,547,0.0,9527,128,70973
3,71104,547,0.0,9528,128,70976
2,71106,547,0.0,9529,128,70978
7,71113,547,0.0,9530,128,70985
4,71117,547,0.0,9531,128,70989
9,71126,547,0.0,9532,128,70998
3,71129,547,0.0,9533,128,71001
5,71134,547,0.0,9534,128,71006
6,71140,547,0.0,9535,128,71012
4,71144,547,0.0,9536,128,71016
15,71159,547,0.0,9537,128,71031
16,71175,548,1.0,9538,128,71047
5,71180,548,0.0,9539,128,71052
4,71184,548,0.0,9540,128,71056
9,71193,548,0.0,9541,128,71065
7,71200,548,0.0,9542,128,71072
7,71207,548,0.0,9543,128,71079
2,71209,548,0.0,9544,128,71081
5,71214,548,0.0,9545,128,71086
4,71218,548,0.0,9546,128,71090
5,71223,548,0.0,9547,128,71095
18,71241,548,0.0,9548,128,71113
7,71248,548,0.0,9549,128,71120
17,71265,548,0.0,9550,128,71137
10,71275,548,0.0,9551,128,71147
2,71277,548,0.0,9552,128,71149
4,71281,548,0.0,9553,128,71153
4,71285,548,0.0,9554,128,71157
5,71290,548,0.0,9555,128,71162
15,71305,548,0.0,9556,128,71177
4,71309,548,0.0,9557,128,71181
6,71315,548,0.0,9558,128,71187
10,71325,548,0.0,9559,128,71197
6,71331,548,0.0,9560,128,71203
4,71335,548,0.0,9561,128,71207
13,71348,548,0.0,9562,128,71220
4,71352,548,0.0,9563,128,71224
19,71371,548,0.0,9564,128,71243
3,71374,548,0.0,9565,128,71246
5,71379,548,0.0,9566,128,71251
16,71395,548,0.0,9567,128,71267
8,71403,549,1.0,9568,128,71275
15,71418,549,0.0,9569,128,71290
6,71424,549,0.0,9570,128,71296
5,71429,549,0.0,9571,128,71301
29,71458,549,0.0,9572,128,71330
17,71475,549,0.0,9573,128,71347
5,71480,549,0.0,9574,128,71352
2,71482,549,0.0,9575,128,71354
4,71486,549,0.0,9576,128,71358
15,71501,549,0.0,9577,128,71373
5,71506,549,0.0,9578,128,71378
9,71515,549,0.0,9579,128,71387
19,71534,549,0.0,9580,128,71406
11,71545,549,0.0,9581,128,71417
7,71552,549,0.0,9582,128,71424
9,71561,549,0.0,9583,128,71433
3,71564,549,0.0,9584,128,71436
2,71566,549,0.0,9585,128,71438
7,71573,549,0.0,9586,128,71445
22,71595,549,0.0,9587,128,71467
14,71609,549,0.0,9588,128,71481
4,71613,549,0.0,9589,128,71485
9,71622,549,0.0,9590,128,71494
7,71629,549,0.0,9591,128,71501
2,71631,549,0.0,9592,128,71503
2,71633,549,0.0,9593,128,71505
5,71638,549,0.0,9594,128,71510
6,71644,549,0.0,9595,128,71516
6,71650,549,0.0,9596,128,71522
4,71654,549,0.0,9597,128,71526
5,71659,549,0.0,9598,128,71531
2,71661,549,0.0,9599,128,71533
2,71663,549,0.0,9600,128,71535
20,71683,549,0.0,9601,128,71555
6,71689,549,0.0,9602,128,71561
2,71691,549,0.0,9603,128,71563
11,71702,549,0.0,9604,128,71574
20,71722,549,0.0,9605,128,71594
15,71737,549,0.0,9606,128,71609
5,71742,549,0.0,9607,128,71614
15,71757,549,0.0,9608,128,71629
7,71764,549,0.0,9609,128,71636
3,71767,549,0.0,9610,128,71639
4,71771,549,0.0,9611,128,71643
3,71774,549,0.0,9612,128,71646
3,71777,549,0.0,9613,128,71649
3,71780,549,0.0,9614,128,71652
3,71783,549,0.0,9615,128,71655
8,71791,550,1.0,9616,128,71663
8,71799,551,1.0,9617,128,71671
3,71802,551,0.0,9618,128,71674
28,71830,551,0.0,9619,128,71702
2,71832,551,0.0,9620,128,71704
5,71837,551,0.0,9621,128,71709
7,71844,551,0.0,9622,128,71716
25,71869,551,0.0,9623,128,71741
20,71889,551,0.0,9624,128,71761
5,71894,551,0.0,9625,128,71766
20,71914,551,0.0,9626,128,71786
6,71920,551,0.0,9627,128,71792
4,71924,551,0.0,9628,128,71796
2,71926,551,0.0,9629,128,71798
4,71930,551,0.0,9630,128,71802
8,71938,551,0.0,9631,128,71810
5,71943,551,0.0,9632,128,71815
4,71947,551,0.0,9633,128,71819
13,71960,551,0.0,9634,128,71832
12,71972,551,0.0,9635,128,71844
7,71979,551,0.0,9636,128,71851
5,71984,551,0.0,9637,128,71856
11,71995,551,0.0,9638,128,71867
14,72009,551,0.0,9639,128,71881
5,72014,551,0.0,9640,128,71886
9,72023,551,0.0,9641,128,71895
6,72029,551,0.0,9642,128,71901
2,72031,551,0.0,9643,128,71903
19,72050,551,0.0,9644,128,71922
5,72055,551,0.0,9645,128,71927
14,72069,551,0.0,9646,128,71941
2,72071,551,0.0,9647,128,71943
10,72081,551,0.0,9648,128,71953
2,72083,551,0.0,9649,128,71955
4,72087,551,0.0,9650,128,71959
3,72090,551,0.0,9651,128,71962
2,72092,551,0.0,9652,128,71964
27,72119,551,0.0,9653,128,71991
18,72137,551,0.0,9654,128,72009
5,72142,551,0.0,9655,128,72014
15,72157,551,0.0,9656,128,72029
4,72161,551,0.0,9657,128,72033
2,72163,551,0.0,9658,128,72035
3,72166,551,0.0,9659,128,72038
5,72171,551,0.0,9660,128,72043
3,72174,551,0.0,9661,128,72046
6,72180,551,0.0,9662,128,72052
2,72182,551,0.0,9663,128,72054
12,72194,551,0.0,9664,128,72066
14,72208,551,0.0,9665,128,72080
4,72212,551,0.0,9666,128,72084
20,72232,551,0.0,9667,128,72104
6,72238,551,0.0,9668,128,72110
4,72242,551,0.0,9669,128,72114
6,72248,551,0.0,9670,128,72120
4,72252,551,0.0,9671,128,72124
4,72256,551,0.0,9672,128,72128
9,72265,551,0.0,9673,128,72137
6,72271,551,0.0,9674,128,72143
2,72273,551,0.0,9675,128,72145
13,72286,551,0.0,9676,128,72158
4,72290,551,0.0,9677,128,72162
22,72312,551,0.0,9678,128,72184
6,72318,551,0.0,9679,128,72190
5,72323,551,0.0,9680,128,72195
7,72330,551,0.0,9681,128,72202
9,72339,551,0.0,9682,128,72211
5,72344,551,0.0,9683,128,72216
8,72352,551,0.0,9684,128,72224
5,72357,551,0.0,9685,128,72229
20,72377,551,0.0,9686,128,72249
6,72383,551,0.0,9687,128,72255
4,72387,551,0.0,9688,128,72259
12,72399,551,0.0,9689,128,72271
10,72409,551,0.0,9690,128,72281
8,72417,552,1.0,9691,128,72289
16,72433,552,0.0,9692,128,72305
6,72439,552,0.0,9693,128,72311
12,72451,552,0.0,9694,128,72323
2,72453,552,0.0,9695,128,72325
3,72456,552,0.0,9696,128,72328
7,72463,552,0.0,9697,128,72335
2,72465,552,0.0,9698,128,72337
2,72467,552,0.0,9699,128,72339
20,72487,552,0.0,9700,128,72359
7,72494,552,0.0,9701,128,72366
6,72500,552,0.0,9702,128,72372
4,72504,552,0.0,9703,128,72376
3,72507,552,0.0,9704,128,72379
7,72514,552,0.0,9705,128,72386
5,72519,552,0.0,9706,128,72391
20,72539,552,0.0,9707,128,72411
8,72547,552,0.0,9708,128,72419
8,72555,552,0.0,9709,128,72427
14,72569,552,0.0,9710,128,72441
9,72578,552,0.0,9711,128,72450
31,72609,553,1.0,9712,128,72481
3,72612,553,0.0,9713,128,72484
4,72616,553,0.0,9714,128,72488
6,72622,553,0.0,9715,128,72494
22,72644,553,0.0,9716,128,72516
7,72651,553,0.0,9717,128,72523
2,72653,553,0.0,9718,128,72525
14,72667,553,0.0,9719,128,72539
7,72674,553,0.0,9720,128,72546
7,72681,553,0.0,9721,128,72553
14,72695,553,0.0,9722,128,72567
3,72698,553,0.0,9723,128,72570
7,72705,553,0.0,9724,128,72577
9,72714,553,0.0,9725,128,72586
2,72716,553,0.0,9726,128,72588
15,72731,553,0.0,9727,128,72603
11,72742,553,0.0,9728,128,72614
4,72746,553,0.0,9729,128,72618
2,72748,553,0.0,9730,128,72620
7,72755,553,0.0,9731,128,72627
4,72759,553,0.0,9732,128,72631
4,72763,553,0.0,9733,128,72635
16,72779,554,1.0,9734,128,72651
10,72789,554,0.0,9735,128,72661
11,72800,554,0.0,9736,128,72672
9,72809,554,0.0,9737,128,72681
3,72812,554,0.0,9738,128,72684
3,72815,554,0.0,9739,128,72687
5,72820,554,0.0,9740,128,72692
9,72829,554,0.0,9741,128,72701
20,72849,554,0.0,9742,128,72721
4,72853,554,0.0,9743,128,72725
6,72859,554,0.0,9744,128,72731
5,72864,554,0.0,9745,128,72736
5,72869,554,0.0,9746,128,72741
20,72889,554,0.0,9747,128,72761
2,72891,554,0.0,9748,128,72763
3,72894,554,0.0,9749,128,72766
9,72903,554,0.0,9750,128,72775
5,72908,554,0.0,9751,128,72780
6,72914,554,0.0,9752,128,72786
6,72920,554,0.0,9753,128,72792
15,72935,554,0.0,9754,128,72807
4,72939,554,0.0,9755,128,72811
6,72945,554,0.0,9756,128,72817
9,72954,554,0.0,9757,128,72826
14,72968,554,0.0,9758,128,72840
17,72985,554,0.0,9759,128,72857
5,72990,554,0.0,9760,128,72862
6,72996,554,0.0,9761,128,72868
6,73002,554,0.0,9762,128,72874
2,73004,554,0.0,9763,128,72876
22,73026,554,0.0,9764,128,72898
8,73034,555,1.0,9765,128,72906
2,73036,555,0.0,9766,128,72908
13,73049,555,0.0,9767,128,72921
10,73059,555,0.0,9768,128,72931
2,73061,555,0.0,9769,128,72933
4,73065,555,0.0,9770,128,72937
4,73069,555,0.0,9771,128,72941
3,73072,555,0.0,9772,128,72944
18,73090,555,0.0,9773,128,72962
6,73096,555,0.0,9774,128,72968
4,73100,555,0.0,9775,128,72972
4,73104,555,0.0,9776,128,72976
5,73109,555,0.0,9777,128,72981
2,73111,555,0.0,9778,128,72983
3,73114,555,0.0,9779,128,72986
14,73128,555,0.0,9780,128,73000
5,73133,555,0.0,9781,128,73005
8,73141,555,0.0,9782,128,73013
3,73144,555,0.0,9783,128,73016
4,73148,555,0.0,9784,128,73020
8,73156,555,0.0,9785,128,73028
2,73158,555,0.0,9786,128,73030
3,73161,555,0.0,9787,128,73033
2,73163,555,0.0,9788,128,73035
2,73165,555,0.0,9789,128,73037
3,73168,555,0.0,9790,128,73040
14,73182,555,0.0,9791,128,73054
14,73196,555,0.0,9792,128,73068
2,73198,555,0.0,9793,128,73070
5,73203,555,0.0,9794,128,73075
16,73219,556,1.0,9795,128,73091
4,73223,556,0.0,9796,128,73095
5,73228,556,0.0,9797,128,73100
4,73232,556,0.0,9798,128,73104
6,73238,556,0.0,9799,128,73110
10,73248,556,0.0,9800,128,73120
2,73250,556,0.0,9801,128,73122
10,73260,556,0.0,9802,128,73132
5,73265,556,0.0,9803,128,73137
4,73269,556,0.0,9804,128,73141
3,73272,556,0.0,9805,128,73144
20,73292,556,0.0,9806,128,73164
6,73298,556,0.0,9807,128,73170
6,73304,556,0.0,9808,128,73176
4,73308,556,0.0,9809,128,73180
2,73310,556,0.0,9810,128,73182
9,73319,556,0.0,9811,128,73191
3,73322,556,0.0,9812,128,73194
5,73327,556,0.0,9813,128,73199
20,73347,556,0.0,9814,128,73219
12,73359,556,0.0,9815,128,73231
5,73364,556,0.0,9816,128,73236
28,73392,556,0.0,9817,128,73264
5,73397,556,0.0,9818,128,73269
4,73401,556,0.0,9819,128,73273
6,73407,556,0.0,9820,128,73279
4,73411,556,0.0,9821,128,73283
5,73416,556,0.0,9822,128,73288
20,73436,556,0.0,9823,128,73308
20,73456,556,0.0,9824,128,73328
16,73472,556,0.0,9825,128,73344
3,73475,556,0.0,9826,128,73347
19,73494,556,0.0,9827,128,73366
8,73502,557,1.0,9828,128,73374
15,73517,557,0.0,9829,128,73389
4,73521,557,0.0,9830,128,73393
2,73523,557,0.0,9831,128,73395
4,73527,557,0.0,9832,128,73399
9,73536,557,0.0,9833,128,73408
6,73542,557,0.0,9834,128,73414
16,73558,558,1.0,9835,128,73430
5,73563,558,0.0,9836,128,73435
4,73567,558,0.0,9837,128,73439
8,73575,558,0.0,9838,128,73447
5,73580,558,0.0,9839,128,73452
2,73582,558,0.0,9840,128,73454
16,73598,558,0.0,9841,128,73470
4,73602,558,0.0,9842,128,73474
4,73606,558,0.0,9843,128,73478
10,73616,559,1.0,9844,128,73488
10,73626,559,0.0,9845,128,73498
4,73630,559,0.0,9846,128,73502
5,73635,559,0.0,9847,128,73507
19,73654,559,0.0,9848,128,73526
5,73659,559,0.0,9849,128,73531
7,73666,559,0.0,9850,128,73538
31,73697,560,1.0,9851,128,73569
2,73699,560,0.0,9852,128,73571
15,73714,560,0.0,9853,128,73586
15,73729,560,0.0,9854,128,73601
5,73734,560,0.0,9855,128,73606
5,73739,560,0.0,9856,128,73611
8,73747,561,1.0,9857,128,73619
35,73782,561,0.0,9858,128,73654
7,73789,561,0.0,9859,128,73661
2,73791,561,0.0,9860,128,73663
14,73805,561,0.0,9861,128,73677
4,73809,561,0.0,9862,128,73681
10,73819,561,0.0,9863,128,73691
2,73821,561,0.0,9864,128,73693
5,73826,561,0.0,9865,128,73698
19,73845,561,0.0,9866,128,73717
2,73847,561,0.0,9867,128,73719
5,73852,561,0.0,9868,128,73724
4,73856,561,0.0,9869,128,73728
2,73858,561,0.0,9870,128,73730
5,73863,561,0.0,9871,128,73735
5,73868,561,0.0,9872,128,73740
20,73888,561,0.0,9873,128,73760
16,73904,562,1.0,9874,128,73776
5,73909,562,0.0,9875,128,73781
4,73913,562,0.0,9876,128,73785
4,73917,562,0.0,9877,128,73789
9,73926,562,0.0,9878,128,73798
16,73942,562,0.0,9879,128,73814
9,73951,562,0.0,9880,128,73823
7,73958,562,0.0,9881,128,73830
9,73967,562,0.0,9882,128,73839
17,73984,562,0.0,9883,128,73856
5,73989,562,0.0,9884,128,73861
6,73995,562,0.0,9885,128,73867
11,74006,562,0.0,9886,128,73878
8,74014,562,0.0,9887,128,73886
5,74019,562,0.0,9888,128,73891
2,74021,562,0.0,9889,128,73893
4,74025,562,0.0,9890,128,73897
10,74035,562,0.0,9891,128,73907
16,74051,562,0.0,9892,128,73923
3,74054,562,0.0,9893,128,73926
5,74059,562,0.0,9894,128,73931
3,74062,562,0.0,9895,128,73934
9,74071,562,0.0,9896,128,73943
7,74078,562,0.0,9897,128,73950
2,74080,562,0.0,9898,128,73952
3,74083,562,0.0,9899,128,73955
3,74086,562,0.0,9900,128,73958
13,74099,562,0.0,9901,128,73971
6,74105,562,0.0,9902,128,73977
5,74110,562,0.0,9903,128,73982
8,74118,562,0.0,9904,128,73990
6,74124,562,0.0,9905,128,73996
13,74137,562,0.0,9906,128,74009
5,74142,562,0.0,9907,128,74014
31,74173,563,1.0,9908,128,74045
3,74176,563,0.0,9909,128,74048
3,74179,563,0.0,9910,128,74051
6,74185,563,0.0,9911,128,74057
2,74187,563,0.0,9912,128,74059
14,74201,563,0.0,9913,128,74073
7,74208,563,0.0,9914,128,74080
4,74212,563,0.0,9915,128,74084
20,74232,563,0.0,9916,128,74104
4,74236,563,0.0,9917,128,74108
4,74240,563,0.0,9918,128,74112
6,74246,563,0.0,9919,128,74118
25,74271,563,0.0,9920,128,74143
12,74283,563,0.0,9921,128,74155
9,74292,563,0.0,9922,129,74163
4,74296,563,0.0,9923,129,74167
9,74305,563,0.0,9924,129,74176
15,74320,563,0.0,9925,129,74191
7,74327,563,0.0,9926,129,74198
4,74331,563,0.0,9927,129,74202
10,74341,563,0.0,9928,129,74212
4,74345,563,0.0,9929,129,74216
13,74358,563,0.0,9930,129,74229
10,74368,563,0.0,9931,129,74239
14,74382,563,0.0,9932,129,74253
7,74389,563,0.0,9933,129,74260
8,74397,564,1.0,9934,129,74268
9,74406,564,0.0,9935,129,74277
6,74412,564,0.0,9936,129,74283
10,74422,564,0.0,9937,129,74293
3,74425,564,0.0,9938,129,74296
3,74428,564,0.0,9939,129,74299
11,74439,564,0.0,9940,129,74310
20,74459,564,0.0,9941,129,74330
6,74465,564,0.0,9942,129,74336
14,74479,564,0.0,9943,129,74350
8,74487,565,1.0,9944,129,74358
4,74491,565,0.0,9945,129,74362
6,74497,565,0.0,9946,129,74368
5,74502,565,0.0,9947,129,74373
2,74504,565,0.0,9948,129,74375
7,74511,565,0.0,9949,129,74382
16,74527,565,0.0,9950,129,74398
5,74532,565,0.0,9951,129,74403
7,74539,565,0.0,9952,129,74410
14,74553,565,0.0,9953,129,74424
4,74557,565,0.0,9954,129,74428
5,74562,565,0.0,9955,129,74433
5,74567,565,0.0,9956,129,74438
9,74576,565,0.0,9957,129,74447
15,74591,565,0.0,9958,129,74462
16,74607,565,0.0,9959,129,74478
7,74614,565,0.0,9960,129,74485
3,74617,565,0.0,9961,129,74488
2,74619,565,0.0,9962,129,74490
7,74626,565,0.0,9963,129,74497
2,74628,565,0.0,9964,129,74499
7,74635,565,0.0,9965,129,74506
10,74645,565,0.0,9966,129,74516
4,74649,565,0.0,9967,129,74520
20,74669,565,0.0,9968,129,74540
4,74673,565,0.0,9969,129,74544
12,74685,565,0.0,9970,129,74556
17,74702,565,0.0,9971,129,74573
37,74739,565,0.0,9972,129,74610
5,74744,565,0.0,9973,129,74615
4,74748,565,0.0,9974,129,74619
3,74751,565,0.0,9975,129,74622
9,74760,565,0.0,9976,129,74631
2,74762,565,0.0,9977,129,74633
5,74767,565,0.0,9978,129,74638
13,74780,565,0.0,9979,129,74651
2,74782,565,0.0,9980,129,74653
2,74784,565,0.0,9981,129,74655
16,74800,565,0.0,9982,129,74671
2,74802,565,0.0,9983,129,74673
14,74816,565,0.0,9984,129,74687
2,74818,565,0.0,9985,129,74689
5,74823,565,0.0,9986,129,74694
4,74827,565,0.0,9987,129,74698
5,74832,565,0.0,9988,129,74703
3,74835,565,0.0,9989,129,74706
6,74841,565,0.0,9990,129,74712
2,74843,565,0.0,9991,129,74714
7,74850,565,0.0,9992,129,74721
14,74864,565,0.0,9993,129,74735
5,74869,565,0.0,9994,129,74740
7,74876,565,0.0,9995,129,74747
2,74878,565,0.0,9996,129,74749
15,74893,565,0.0,9997,129,74764
3,74896,565,0.0,9998,129,74767
2,74898,565,0.0,9999,129,74769
9,74907,565,0.0,10000,129,74778
31,74938,566,1.0,10001,129,74809
4,74942,566,0.0,10002,129,74813
6,74948,566,0.0,10003,129,74819
4,74952,566,0.0,10004,129,74823
7,74959,566,0.0,10005,129,74830
2,74961,566,0.0,10006,129,74832
2,74963,566,0.0,10007,129,74834
16,74979,566,0.0,10008,129,74850
2,74981,566,0.0,10009,129,74852
3,74984,566,0.0,10010,129,74855
3,74987,566,0.0,10011,129,74858
8,74995,566,0.0,10012,129,74866
9,75004,566,0.0,10013,129,74875
3,75007,566,0.0,10014,129,74878
6,75013,566,0.0,10015,129,74884
10,75023,566,0.0,10016,129,74894
9,75032,566,0.0,10017,129,74903
4,75036,566,0.0,10018,129,74907
5,75041,566,0.0,10019,129,74912
2,75043,566,0.0,10020,129,74914
13,75056,566,0.0,10021,129,74927
20,75076,566,0.0,10022,129,74947
5,75081,566,0.0,10023,129,74952
5,75086,566,0.0,10024,129,74957
2,75088,566,0.0,10025,129,74959
13,75101,566,0.0,10026,129,74972
2,75103,566,0.0,10027,129,74974
6,75109,566,0.0,10028,129,74980
5,75114,566,0.0,10029,129,74985
13,75127,566,0.0,10030,129,74998
5,75132,566,0.0,10031,129,75003
5,75137,566,0.0,10032,129,75008
4,75141,566,0.0,10033,129,75012
14,75155,566,0.0,10034,129,75026
3,75158,566,0.0,10035,129,75029
17,75175,566,0.0,10036,129,75046
7,75182,566,0.0,10037,129,75053
3,75185,566,0.0,10038,129,75056
6,75191,566,0.0,10039,129,75062
5,75196,566,0.0,10040,129,75067
7,75203,566,0.0,10041,129,75074
20,75223,566,0.0,10042,129,75094
5,75228,566,0.0,10043,129,75099
5,75233,566,0.0,10044,129,75104
3,75236,566,0.0,10045,129,75107
16,75252,566,0.0,10046,129,75123
2,75254,566,0.0,10047,129,75125
15,75269,566,0.0,10048,129,75140
15,75284,566,0.0,10049,129,75155
4,75288,566,0.0,10050,129,75159
6,75294,566,0.0,10051,129,75165
5,75299,566,0.0,10052,129,75170
2,75301,566,0.0,10053,129,75172
7,75308,566,0.0,10054,129,75179
13,75321,566,0.0,10055,129,75192
3,75324,566,0.0,10056,129,75195
4,75328,566,0.0,10057,129,75199
4,75332,566,0.0,10058,129,75203
5,75337,566,0.0,10059,129,75208
26,75363,566,0.0,10060,129,75234
17,75380,566,0.0,10061,129,75251
2,75382,566,0.0,10062,129,75253
2,75384,566,0.0,10063,129,75255
3,75387,566,0.0,10064,129,75258
4,75391,566,0.0,10065,129,75262
9,75400,566,0.0,10066,129,75271
3,75403,566,0.0,10067,129,75274
9,75412,566,0.0,10068,129,75283
2,75414,566,0.0,10069,129,75285
4,75418,566,0.0,10070,129,75289
5,75423,566,0.0,10071,129,75294
24,75447,566,0.0,10072,129,75318
5,75452,566,0.0,10073,129,75323
6,75458,566,0.0,10074,129,75329
6,75464,566,0.0,10075,129,75335
12,75476,566,0.0,10076,129,75347
4,75480,566,0.0,10077,129,75351
4,75484,566,0.0,10078,129,75355
5,75489,566,0.0,10079,129,75360
3,75492,566,0.0,10080,129,75363
3,75495,566,0.0,10081,129,75366
7,75502,566,0.0,10082,129,75373
4,75506,566,0.0,10083,129,75377
3,75509,566,0.0,10084,129,75380
6,75515,566,0.0,10085,129,75386
6,75521,566,0.0,10086,129,75392
5,75526,566,0.0,10087,129,75397
7,75533,566,0.0,10088,129,75404
15,75548,566,0.0,10089,129,75419
34,75582,566,0.0,10090,129,75453
6,75588,566,0.0,10091,129,75459
3,75591,566,0.0,10092,129,75462
2,75593,566,0.0,10093,129,75464
4,75597,566,0.0,10094,129,75468
2,75599,566,0.0,10095,129,75470
14,75613,566,0.0,10096,129,75484
7,75620,566,0.0,10097,129,75491
6,75626,566,0.0,10098,129,75497
9,75635,566,0.0,10099,129,75506
2,75637,566,0.0,10100,129,75508
20,75657,566,0.0,10101,129,75528
20,75677,566,0.0,10102,129,75548
5,75682,566,0.0,10103,129,75553
2,75684,566,0.0,10104,129,75555
8,75692,566,0.0,10105,129,75563
4,75696,566,0.0,10106,129,75567
5,75701,566,0.0,10107,129,75572
3,75704,566,0.0,10108,129,75575
31,75735,567,1.0,10109,129,75606
12,75747,567,0.0,10110,129,75618
5,75752,567,0.0,10111,129,75623
4,75756,567,0.0,10112,129,75627
3,75759,567,0.0,10113,129,75630
4,75763,567,0.0,10114,129,75634
5,75768,567,0.0,10115,129,75639
20,75788,567,0.0,10116,129,75659
4,75792,567,0.0,10117,129,75663
9,75801,567,0.0,10118,129,75672
11,75812,567,0.0,10119,129,75683
5,75817,567,0.0,10120,129,75688
9,75826,567,0.0,10121,129,75697
11,75837,567,0.0,10122,129,75708
7,75844,567,0.0,10123,129,75715
2,75846,567,0.0,10124,129,75717
5,75851,567,0.0,10125,129,75722
5,75856,567,0.0,10126,129,75727
5,75861,567,0.0,10127,129,75732
15,75876,567,0.0,10128,129,75747
9,75885,567,0.0,10129,129,75756
14,75899,567,0.0,10130,129,75770
2,75901,567,0.0,10131,129,75772
3,75904,567,0.0,10132,129,75775
19,75923,567,0.0,10133,129,75794
4,75927,567,0.0,10134,129,75798
3,75930,567,0.0,10135,129,75801
4,75934,567,0.0,10136,129,75805
11,75945,567,0.0,10137,129,75816
5,75950,567,0.0,10138,129,75821
15,75965,567,0.0,10139,129,75836
3,75968,567,0.0,10140,129,75839
31,75999,568,1.0,10141,129,75870
4,76003,568,0.0,10142,129,75874
2,76005,568,0.0,10143,129,75876
20,76025,568,0.0,10144,129,75896
4,76029,568,0.0,10145,129,75900
3,76032,568,0.0,10146,129,75903
5,76037,568,0.0,10147,129,75908
2,76039,568,0.0,10148,129,75910
5,76044,568,0.0,10149,129,75915
4,76048,568,0.0,10150,129,75919
31,76079,569,1.0,10151,129,75950
4,76083,569,0.0,10152,129,75954
3,76086,569,0.0,10153,129,75957
5,76091,569,0.0,10154,129,75962
4,76095,569,0.0,10155,129,75966
15,76110,569,0.0,10156,129,75981
3,76113,569,0.0,10157,129,75984
3,76116,569,0.0,10158,129,75987
5,76121,569,0.0,10159,129,75992
3,76124,569,0.0,10160,129,75995
8,76132,570,1.0,10161,129,76003
18,76150,570,0.0,10162,129,76021
11,76161,570,0.0,10163,129,76032
4,76165,570,0.0,10164,129,76036
7,76172,570,0.0,10165,129,76043
4,76176,570,0.0,10166,129,76047
6,76182,570,0.0,10167,129,76053
4,76186,570,0.0,10168,129,76057
3,76189,570,0.0,10169,129,76060
10,76199,570,0.0,10170,129,76070
5,76204,570,0.0,10171,129,76075
2,76206,570,0.0,10172,129,76077
3,76209,570,0.0,10173,129,76080
8,76217,571,1.0,10174,129,76088
8,76225,571,0.0,10175,129,76096
5,76230,571,0.0,10176,129,76101
10,76240,571,0.0,10177,129,76111
5,76245,571,0.0,10178,129,76116
8,76253,572,1.0,10179,129,76124
11,76264,572,0.0,10180,129,76135
5,76269,572,0.0,10181,129,76140
6,76275,572,0.0,10182,129,76146
4,76279,572,0.0,10183,129,76150
4,76283,572,0.0,10184,129,76154
4,76287,572,0.0,10185,129,76158
17,76304,572,0.0,10186,129,76175
7,76311,572,0.0,10187,129,76182
9,76320,572,0.0,10188,129,76191
18,76338,572,0.0,10189,129,76209
17,76355,572,0.0,10190,129,76226
13,76368,572,0.0,10191,129,76239
15,76383,572,0.0,10192,129,76254
9,76392,572,0.0,10193,129,76263
5,76397,572,0.0,10194,129,76268
2,76399,572,0.0,10195,129,76270
20,76419,572,0.0,10196,129,76290
5,76424,572,0.0,10197,129,76295
3,76427,572,0.0,10198,129,76298
9,76436,572,0.0,10199,129,76307
5,76441,572,0.0,10200,129,76312
3,76444,572,0.0,10201,129,76315
9,76453,572,0.0,10202,129,76324
5,76458,572,0.0,10203,129,76329
7,76465,572,0.0,10204,129,76336
12,76477,572,0.0,10205,129,76348
4,76481,572,0.0,10206,129,76352
4,76485,572,0.0,10207,129,76356
9,76494,572,0.0,10208,129,76365
6,76500,572,0.0,10209,129,76371
3,76503,572,0.0,10210,129,76374
10,76513,572,0.0,10211,129,76384
20,76533,572,0.0,10212,129,76404
3,76536,572,0.0,10213,129,76407
11,76547,572,0.0,10214,129,76418
11,76558,572,0.0,10215,129,76429
6,76564,572,0.0,10216,129,76435
8,76572,572,0.0,10217,129,76443
19,76591,572,0.0,10218,129,76462
7,76598,572,0.0,10219,129,76469
2,76600,572,0.0,10220,129,76471
8,76608,573,1.0,10221,129,76479
6,76614,573,0.0,10222,129,76485
2,76616,573,0.0,10223,129,76487
3,76619,573,0.0,10224,129,76490
7,76626,573,0.0,10225,129,76497
2,76628,573,0.0,10226,129,76499
2,76630,573,0.0,10227,129,76501
2,76632,573,0.0,10228,129,76503
6,76638,573,0.0,10229,129,76509
4,76642,573,0.0,10230,129,76513
2,76644,573,0.0,10231,129,76515
3,76647,573,0.0,10232,129,76518
2,76649,573,0.0,10233,129,76520
6,76655,573,0.0,10234,129,76526
12,76667,573,0.0,10235,129,76538
6,76673,573,0.0,10236,129,76544
7,76680,573,0.0,10237,129,76551
2,76682,573,0.0,10238,129,76553
2,76684,573,0.0,10239,129,76555
11,76695,573,0.0,10240,129,76566
7,76702,573,0.0,10241,129,76573
3,76705,573,0.0,10242,129,76576
2,76707,573,0.0,10243,129,76578
9,76716,573,0.0,10244,129,76587
7,76723,573,0.0,10245,129,76594
19,76742,573,0.0,10246,129,76613
5,76747,573,0.0,10247,129,76618
4,76751,573,0.0,10248,129,76622
23,76774,574,1.0,10249,129,76645
16,76790,575,1.0,10250,129,76661
12,76802,575,0.0,10251,129,76673
4,76806,575,0.0,10252,129,76677
14,76820,575,0.0,10253,129,76691
8,76828,575,0.0,10254,129,76699
3,76831,575,0.0,10255,129,76702
6,76837,575,0.0,10256,129,76708
10,76847,576,1.0,10257,129,76718
6,76853,576,0.0,10258,129,76724
5,76858,576,0.0,10259,129,76729
8,76866,576,0.0,10260,129,76737
6,76872,576,0.0,10261,129,76743
6,76878,576,0.0,10262,129,76749
6,76884,576,0.0,10263,129,76755
2,76886,576,0.0,10264,129,76757
2,76888,576,0.0,10265,129,76759
2,76890,576,0.0,10266,129,76761
14,76904,576,0.0,10267,129,76775
5,76909,576,0.0,10268,129,76780
4,76913,576,0.0,10269,129,76784
15,76928,576,0.0,10270,129,76799
7,76935,576,0.0,10271,129,76806
2,76937,576,0.0,10272,129,76808
14,76951,576,0.0,10273,129,76822
5,76956,576,0.0,10274,129,76827
9,76965,576,0.0,10275,129,76836
4,76969,576,0.0,10276,129,76840
20,76989,576,0.0,10277,129,76860
9,76998,576,0.0,10278,129,76869
4,77002,576,0.0,10279,129,76873
4,77006,576,0.0,10280,129,76877
15,77021,576,0.0,10281,129,76892
11,77032,576,0.0,10282,129,76903
7,77039,576,0.0,10283,129,76910
4,77043,576,0.0,10284,129,76914
3,77046,576,0.0,10285,129,76917
10,77056,576,0.0,10286,129,76927
2,77058,576,0.0,10287,129,76929
2,77060,576,0.0,10288,129,76931
3,77063,576,0.0,10289,129,76934
5,77068,576,0.0,10290,129,76939
7,77075,576,0.0,10291,129,76946
2,77077,576,0.0,10292,129,76948
2,77079,576,0.0,10293,129,76950
5,77084,576,0.0,10294,129,76955
2,77086,576,0.0,10295,129,76957
4,77090,576,0.0,10296,129,76961
4,77094,576,0.0,10297,129,76965
9,77103,576,0.0,10298,129,76974
4,77107,576,0.0,10299,129,76978
4,77111,576,0.0,10300,129,76982
3,77114,576,0.0,10301,129,76985
4,77118,576,0.0,10302,129,76989
6,77124,576,0.0,10303,129,76995
2,77126,576,0.0,10304,129,76997
2,77128,576,0.0,10305,129,76999
11,77139,576,0.0,10306,129,77010
22,77161,576,0.0,10307,129,77032
5,77166,576,0.0,10308,129,77037
8,77174,577,1.0,10309,129,77045
5,77179,577,0.0,10310,129,77050
4,77183,577,0.0,10311,129,77054
5,77188,577,0.0,10312,129,77059
16,77204,578,1.0,10313,129,77075
3,77207,578,0.0,10314,129,77078
5,77212,578,0.0,10315,129,77083
3,77215,578,0.0,10316,129,77086
3,77218,578,0.0,10317,129,77089
10,77228,578,0.0,10318,129,77099
2,77230,578,0.0,10319,129,77101
11,77241,578,0.0,10320,129,77112
13,77254,578,0.0,10321,129,77125
16,77270,578,0.0,10322,129,77141
3,77273,578,0.0,10323,129,77144
5,77278,578,0.0,10324,129,77149
7,77285,578,0.0,10325,129,77156
10,77295,579,1.0,10326,129,77166
13,77308,579,0.0,10327,129,77179
8,77316,580,1.0,10328,129,77187
16,77332,581,1.0,10329,129,77203
2,77334,581,0.0,10330,129,77205
6,77340,581,0.0,10331,129,77211
6,77346,581,0.0,10332,129,77217
14,77360,581,0.0,10333,129,77231
6,77366,581,0.0,10334,129,77237
2,77368,581,0.0,10335,129,77239
4,77372,581,0.0,10336,129,77243
20,77392,581,0.0,10337,129,77263
3,77395,581,0.0,10338,129,77266
29,77424,581,0.0,10339,129,77295
23,77447,582,1.0,10340,129,77318
7,77454,582,0.0,10341,129,77325
5,77459,582,0.0,10342,129,77330
6,77465,582,0.0,10343,129,77336
3,77468,582,0.0,10344,129,77339
8,77476,582,0.0,10345,129,77347
4,77480,582,0.0,10346,129,77351
6,77486,582,0.0,10347,129,77357
20,77506,582,0.0,10348,129,77377
5,77511,582,0.0,10349,129,77382
12,77523,582,0.0,10350,129,77394
4,77527,582,0.0,10351,129,77398
8,77535,583,1.0,10352,129,77406
4,77539,583,0.0,10353,129,77410
10,77549,583,0.0,10354,129,77420
2,77551,583,0.0,10355,129,77422
5,77556,583,0.0,10356,129,77427
3,77559,583,0.0,10357,129,77430
2,77561,583,0.0,10358,129,77432
5,77566,583,0.0,10359,129,77437
7,77573,583,0.0,10360,129,77444
3,77576,583,0.0,10361,129,77447
7,77583,583,0.0,10362,129,77454
4,77587,583,0.0,10363,129,77458
11,77598,584,1.0,10364,129,77469
3,77601,584,0.0,10365,129,77472
4,77605,584,0.0,10366,129,77476
11,77616,584,0.0,10367,129,77487
6,77622,584,0.0,10368,129,77493
10,77632,584,0.0,10369,129,77503
6,77638,584,0.0,10370,129,77509
3,77641,584,0.0,10371,129,77512
6,77647,584,0.0,10372,129,77518
16,77663,584,0.0,10373,129,77534
2,77665,584,0.0,10374,129,77536
4,77669,584,0.0,10375,129,77540
31,77700,585,1.0,10376,129,77571
8,77708,585,0.0,10377,129,77579
8,77716,586,1.0,10378,129,77587
9,77725,586,0.0,10379,129,77596
2,77727,586,0.0,10380,129,77598
2,77729,586,0.0,10381,129,77600
4,77733,586,0.0,10382,129,77604
20,77753,586,0.0,10383,129,77624
2,77755,586,0.0,10384,129,77626
6,77761,586,0.0,10385,129,77632
21,77782,586,0.0,10386,129,77653
5,77787,586,0.0,10387,129,77658
2,77789,586,0.0,10388,129,77660
8,77797,586,0.0,10389,129,77668
15,77812,586,0.0,10390,129,77683
8,77820,586,0.0,10391,129,77691
10,77830,586,0.0,10392,129,77701
9,77839,586,0.0,10393,129,77710
6,77845,586,0.0,10394,129,77716
4,77849,586,0.0,10395,129,77720
8,77857,587,1.0,10396,129,77728
2,77859,587,0.0,10397,129,77730
2,77861,587,0.0,10398,129,77732
3,77864,587,0.0,10399,129,77735
2,77866,587,0.0,10400,129,77737
5,77871,587,0.0,10401,129,77742
22,77893,587,0.0,10402,129,77764
10,77903,587,0.0,10403,129,77774
31,77934,588,1.0,10404,129,77805
6,77940,588,0.0,10405,129,77811
19,77959,588,0.0,10406,129,77830
14,77973,588,0.0,10407,129,77844
2,77975,588,0.0,10408,129,77846
3,77978,588,0.0,10409,129,77849
5,77983,588,0.0,10410,129,77854
3,77986,588,0.0,10411,129,77857
8,77994,589,1.0,10412,129,77865
20,78014,589,0.0,10413,129,77885
8,78022,589,0.0,10414,129,77893
5,78027,589,0.0,10415,129,77898
5,78032,589,0.0,10416,129,77903
4,78036,589,0.0,10417,129,77907
17,78053,589,0.0,10418,129,77924
2,78055,589,0.0,10419,129,77926
10,78065,589,0.0,10420,129,77936
5,78070,589,0.0,10421,129,77941
2,78072,589,0.0,10422,129,77943
16,78088,589,0.0,10423,129,77959
4,78092,589,0.0,10424,129,77963
5,78097,589,0.0,10425,129,77968
4,78101,589,0.0,10426,129,77972
2,78103,589,0.0,10427,129,77974
18,78121,589,0.0,10428,129,77992
3,78124,589,0.0,10429,129,77995
7,78131,589,0.0,10430,129,78002
4,78135,589,0.0,10431,129,78006
9,78144,589,0.0,10432,129,78015
2,78146,589,0.0,10433,129,78017
18,78164,589,0.0,10434,129,78035
2,78166,589,0.0,10435,129,78037
17,78183,589,0.0,10436,129,78054
7,78190,589,0.0,10437,129,78061
4,78194,589,0.0,10438,129,78065
4,78198,589,0.0,10439,129,78069
3,78201,589,0.0,10440,129,78072
9,78210,589,0.0,10441,129,78081
7,78217,589,0.0,10442,129,78088
4,78221,589,0.0,10443,129,78092
4,78225,589,0.0,10444,129,78096
2,78227,589,0.0,10445,129,78098
5,78232,589,0.0,10446,129,78103
5,78237,589,0.0,10447,129,78108
7,78244,589,0.0,10448,129,78115
8,78252,590,1.0,10449,129,78123
5,78257,590,0.0,10450,129,78128
7,78264,590,0.0,10451,129,78135
12,78276,590,0.0,10452,129,78147
4,78280,590,0.0,10453,129,78151
7,78287,590,0.0,10454,129,78158
4,78291,590,0.0,10455,129,78162
2,78293,590,0.0,10456,129,78164
13,78306,590,0.0,10457,129,78177
3,78309,590,0.0,10458,129,78180
13,78322,590,0.0,10459,129,78193
7,78329,590,0.0,10460,129,78200
20,78349,590,0.0,10461,129,78220
4,78353,590,0.0,10462,129,78224
8,78361,591,1.0,10463,129,78232
4,78365,591,0.0,10464,129,78236
4,78369,591,0.0,10465,129,78240
5,78374,591,0.0,10466,129,78245
27,78401,591,0.0,10467,129,78272
7,78408,591,0.0,10468,129,78279
3,78411,591,0.0,10469,129,78282
4,78415,591,0.0,10470,129,78286
2,78417,591,0.0,10471,129,78288
2,78419,591,0.0,10472,129,78290
9,78428,591,0.0,10473,129,78299
7,78435,591,0.0,10474,129,78306
6,78441,591,0.0,10475,129,78312
4,78445,591,0.0,10476,129,78316
10,78455,591,0.0,10477,129,78326
3,78458,591,0.0,10478,129,78329
9,78467,591,0.0,10479,129,78338
20,78487,591,0.0,10480,129,78358
2,78489,591,0.0,10481,129,78360
4,78493,591,0.0,10482,129,78364
5,78498,591,0.0,10483,129,78369
5,78503,591,0.0,10484,129,78374
4,78507,591,0.0,10485,129,78378
8,78515,591,0.0,10486,129,78386
9,78524,591,0.0,10487,129,78395
6,78530,591,0.0,10488,129,78401
2,78532,591,0.0,10489,129,78403
15,78547,591,0.0,10490,129,78418
16,78563,592,1.0,10491,129,78434
5,78568,592,0.0,10492,129,78439
7,78575,592,0.0,10493,129,78446
13,78588,592,0.0,10494,129,78459
3,78591,592,0.0,10495,129,78462
4,78595,592,0.0,10496,129,78466
32,78627,592,0.0,10497,129,78498
15,78642,592,0.0,10498,129,78513
9,78651,592,0.0,10499,129,78522
8,78659,592,0.0,10500,129,78530
4,78663,592,0.0,10501,129,78534
12,78675,592,0.0,10502,129,78546
14,78689,592,0.0,10503,129,78560
7,78696,592,0.0,10504,129,78567
3,78699,592,0.0,10505,129,78570
3,78702,592,0.0,10506,129,78573
2,78704,592,0.0,10507,129,78575
2,78706,592,0.0,10508,129,78577
2,78708,592,0.0,10509,129,78579
2,78710,592,0.0,10510,129,78581
3,78713,592,0.0,10511,129,78584
4,78717,592,0.0,10512,129,78588
9,78726,592,0.0,10513,129,78597
2,78728,592,0.0,10514,129,78599
5,78733,592,0.0,10515,129,78604
9,78742,592,0.0,10516,129,78613
4,78746,592,0.0,10517,129,78617
10,78756,592,0.0,10518,129,78627
21,78777,592,0.0,10519,129,78648
8,78785,593,1.0,10520,129,78656
12,78797,593,0.0,10521,129,78668
15,78812,593,0.0,10522,129,78683
4,78816,593,0.0,10523,129,78687
2,78818,593,0.0,10524,129,78689
2,78820,593,0.0,10525,129,78691
14,78834,593,0.0,10526,129,78705
4,78838,593,0.0,10527,129,78709
15,78853,593,0.0,10528,129,78724
17,78870,593,0.0,10529,129,78741
4,78874,593,0.0,10530,129,78745
5,78879,593,0.0,10531,129,78750
8,78887,593,0.0,10532,129,78758
5,78892,593,0.0,10533,129,78763
2,78894,593,0.0,10534,129,78765
2,78896,593,0.0,10535,129,78767
18,78914,593,0.0,10536,129,78785
12,78926,593,0.0,10537,129,78797
19,78945,593,0.0,10538,129,78816
14,78959,593,0.0,10539,129,78830
2,78961,593,0.0,10540,129,78832
8,78969,594,1.0,10541,129,78840
6,78975,594,0.0,10542,129,78846
2,78977,594,0.0,10543,129,78848
2,78979,594,0.0,10544,129,78850
4,78983,594,0.0,10545,129,78854
7,78990,594,0.0,10546,129,78861
5,78995,594,0.0,10547,129,78866
2,78997,594,0.0,10548,129,78868
4,79001,594,0.0,10549,129,78872
3,79004,594,0.0,10550,129,78875
13,79017,594,0.0,10551,129,78888
13,79030,594,0.0,10552,129,78901
4,79034,594,0.0,10553,129,78905
21,79055,594,0.0,10554,129,78926
2,79057,594,0.0,10555,129,78928
3,79060,594,0.0,10556,129,78931
5,79065,594,0.0,10557,129,78936
22,79087,594,0.0,10558,129,78958
2,79089,594,0.0,10559,129,78960
4,79093,594,0.0,10560,129,78964
5,79098,594,0.0,10561,129,78969
2,79100,594,0.0,10562,129,78971
8,79108,594,0.0,10563,129,78979
2,79110,594,0.0,10564,129,78981
7,79117,594,0.0,10565,129,78988
3,79120,594,0.0,10566,129,78991
10,79130,594,0.0,10567,129,79001
8,79138,594,0.0,10568,129,79009
6,79144,594,0.0,10569,129,79015
2,79146,594,0.0,10570,129,79017
11,79157,594,0.0,10571,129,79028
4,79161,594,0.0,10572,129,79032
2,79163,594,0.0,10573,130,79033
7,79170,594,0.0,10574,130,79040
20,79190,594,0.0,10575,130,79060
8,79198,594,0.0,10576,130,79068
5,79203,594,0.0,10577,130,79073
13,79216,594,0.0,10578,130,79086
6,79222,594,0.0,10579,130,79092
2,79224,594,0.0,10580,130,79094
15,79239,594,0.0,10581,130,79109
8,79247,594,0.0,10582,130,79117
4,79251,594,0.0,10583,130,79121
4,79255,594,0.0,10584,130,79125
7,79262,594,0.0,10585,130,79132
14,79276,594,0.0,10586,130,79146
2,79278,594,0.0,10587,130,79148
5,79283,594,0.0,10588,130,79153
3,79286,594,0.0,10589,130,79156
16,79302,595,1.0,10590,130,79172
6,79308,595,0.0,10591,130,79178
2,79310,595,0.0,10592,130,79180
5,79315,595,0.0,10593,130,79185
6,79321,595,0.0,10594,130,79191
8,79329,595,0.0,10595,130,79199
4,79333,595,0.0,10596,130,79203
3,79336,595,0.0,10597,130,79206
3,79339,595,0.0,10598,130,79209
2,79341,595,0.0,10599,130,79211
3,79344,595,0.0,10600,130,79214
12,79356,596,1.0,10601,130,79226
2,79358,596,0.0,10602,130,79228
16,79374,597,1.0,10603,130,79244
15,79389,597,0.0,10604,130,79259
11,79400,598,1.0,10605,130,79270
10,79410,598,0.0,10606,130,79280
17,79427,598,0.0,10607,131,79296
10,79437,598,0.0,10608,131,79306
8,79445,598,0.0,10609,131,79314
6,79451,598,0.0,10610,131,79320
15,79466,598,0.0,10611,131,79335
5,79471,598,0.0,10612,131,79340
8,79479,598,0.0,10613,131,79348
13,79492,598,0.0,10614,131,79361
11,79503,598,0.0,10615,131,79372
10,79513,598,0.0,10616,131,79382
11,79524,598,0.0,10617,131,79393
8,79532,599,1.0,10618,131,79401
4,79536,599,0.0,10619,131,79405
2,79538,599,0.0,10620,131,79407
4,79542,599,0.0,10621,131,79411
7,79549,599,0.0,10622,131,79418
5,79554,599,0.0,10623,131,79423
12,79566,599,0.0,10624,131,79435
6,79572,599,0.0,10625,131,79441
4,79576,599,0.0,10626,131,79445
7,79583,599,0.0,10627,131,79452
3,79586,599,0.0,10628,131,79455
3,79589,599,0.0,10629,131,79458
5,79594,599,0.0,10630,131,79463
6,79600,599,0.0,10631,131,79469
7,79607,599,0.0,10632,131,79476
8,79615,599,0.0,10633,131,79484
7,79622,599,0.0,10634,131,79491
18,79640,599,0.0,10635,131,79509
3,79643,599,0.0,10636,131,79512
2,79645,599,0.0,10637,131,79514
16,79661,599,0.0,10638,131,79530
4,79665,599,0.0,10639,131,79534
4,79669,599,0.0,10640,131,79538
7,79676,599,0.0,10641,131,79545
2,79678,599,0.0,10642,131,79547
20,79698,599,0.0,10643,131,79567
2,79700,599,0.0,10644,131,79569
5,79705,599,0.0,10645,131,79574
2,79707,599,0.0,10646,131,79576
3,79710,599,0.0,10647,131,79579
7,79717,599,0.0,10648,131,79586
22,79739,599,0.0,10649,131,79608
7,79746,599,0.0,10650,131,79615
2,79748,599,0.0,10651,131,79617
6,79754,599,0.0,10652,131,79623
5,79759,599,0.0,10653,131,79628
17,79776,599,0.0,10654,131,79645
8,79784,599,0.0,10655,131,79653
4,79788,599,0.0,10656,131,79657
2,79790,599,0.0,10657,131,79659
4,79794,599,0.0,10658,131,79663
8,79802,600,1.0,10659,131,79671
2,79804,600,0.0,10660,131,79673
2,79806,600,0.0,10661,131,79675
19,79825,600,0.0,10662,131,79694
2,79827,600,0.0,10663,131,79696
20,79847,600,0.0,10664,131,79716
3,79850,600,0.0,10665,131,79719
2,79852,600,0.0,10666,131,79721
16,79868,600,0.0,10667,131,79737
3,79871,600,0.0,10668,131,79740
3,79874,600,0.0,10669,131,79743
6,79880,600,0.0,10670,131,79749
7,79887,600,0.0,10671,131,79756
5,79892,600,0.0,10672,131,79761
8,79900,601,1.0,10673,131,79769
8,79908,602,1.0,10674,131,79777
7,79915,602,0.0,10675,131,79784
8,79923,602,0.0,10676,131,79792
4,79927,602,0.0,10677,131,79796
3,79930,602,0.0,10678,131,79799
14,79944,602,0.0,10679,131,79813
18,79962,602,0.0,10680,131,79831
12,79974,602,0.0,10681,131,79843
3,79977,602,0.0,10682,131,79846
11,79988,602,0.0,10683,131,79857
8,79996,603,1.0,10684,131,79865
4,80000,603,0.0,10685,131,79869
11,80011,603,0.0,10686,131,79880
30,80041,603,0.0,10687,131,79910
8,80049,604,1.0,10688,131,79918
10,80059,604,0.0,10689,131,79928
4,80063,604,0.0,10690,131,79932
2,80065,604,0.0,10691,131,79934
15,80080,604,0.0,10692,131,79949
13,80093,604,0.0,10693,131,79962
11,80104,604,0.0,10694,131,79973
3,80107,604,0.0,10695,131,79976
4,80111,604,0.0,10696,131,79980
4,80115,604,0.0,10697,131,79984
4,80119,604,0.0,10698,131,79988
14,80133,604,0.0,10699,131,80002
5,80138,604,0.0,10700,131,80007
6,80144,604,0.0,10701,131,80013
12,80156,604,0.0,10702,131,80025
8,80164,605,1.0,10703,131,80033
7,80171,605,0.0,10704,131,80040
5,80176,605,0.0,10705,131,80045
4,80180,605,0.0,10706,131,80049
4,80184,605,0.0,10707,131,80053
11,80195,605,0.0,10708,131,80064
26,80221,605,0.0,10709,131,80090
2,80223,605,0.0,10710,131,80092
10,80233,606,1.0,10711,131,80102
6,80239,606,0.0,10712,131,80108
8,80247,606,0.0,10713,131,80116
31,80278,607,1.0,10714,131,80147
4,80282,607,0.0,10715,131,80151
15,80297,607,0.0,10716,131,80166
5,80302,607,0.0,10717,131,80171
6,80308,607,0.0,10718,131,80177
4,80312,607,0.0,10719,131,80181
3,80315,607,0.0,10720,131,80184
12,80327,607,0.0,10721,131,80196
25,80352,607,0.0,10722,131,80221
15,80367,607,0.0,10723,131,80236
6,80373,607,0.0,10724,131,80242
2,80375,607,0.0,10725,131,80244
7,80382,607,0.0,10726,131,80251
2,80384,607,0.0,10727,131,80253
2,80386,607,0.0,10728,131,80255
3,80389,607,0.0,10729,131,80258
5,80394,607,0.0,10730,131,80263
5,80399,607,0.0,10731,131,80268
13,80412,607,0.0,10732,131,80281
15,80427,607,0.0,10733,131,80296
14,80441,607,0.0,10734,131,80310
8,80449,607,0.0,10735,131,80318
17,80466,607,0.0,10736,131,80335
2,80468,607,0.0,10737,131,80337
7,80475,607,0.0,10738,131,80344
16,80491,608,1.0,10739,131,80360
2,80493,608,0.0,10740,131,80362
2,80495,608,0.0,10741,131,80364
19,80514,608,0.0,10742,131,80383
13,80527,608,0.0,10743,131,80396
6,80533,608,0.0,10744,131,80402
7,80540,608,0.0,10745,131,80409
14,80554,608,0.0,10746,131,80423
4,80558,608,0.0,10747,131,80427
10,80568,608,0.0,10748,131,80437
8,80576,608,0.0,10749,131,80445
3,80579,608,0.0,10750,131,80448
20,80599,608,0.0,10751,131,80468
10,80609,609,1.0,10752,131,80478
15,80624,609,0.0,10753,131,80493
10,80634,609,0.0,10754,131,80503
20,80654,609,0.0,10755,131,80523
20,80674,609,0.0,10756,131,80543
20,80694,609,0.0,10757,131,80563
13,80707,609,0.0,10758,131,80576
2,80709,609,0.0,10759,131,80578
6,80715,609,0.0,10760,131,80584
10,80725,609,0.0,10761,131,80594
4,80729,609,0.0,10762,131,80598
7,80736,609,0.0,10763,131,80605
3,80739,609,0.0,10764,131,80608
3,80742,609,0.0,10765,131,80611
4,80746,609,0.0,10766,131,80615
10,80756,609,0.0,10767,131,80625
12,80768,609,0.0,10768,131,80637
6,80774,609,0.0,10769,131,80643
4,80778,609,0.0,10770,131,80647
3,80781,609,0.0,10771,131,80650
3,80784,609,0.0,10772,131,80653
10,80794,609,0.0,10773,131,80663
2,80796,609,0.0,10774,131,80665
4,80800,609,0.0,10775,131,80669
2,80802,609,0.0,10776,131,80671
2,80804,609,0.0,10777,131,80673
20,80824,609,0.0,10778,131,80693
2,80826,609,0.0,10779,131,80695
6,80832,609,0.0,10780,131,80701
17,80849,609,0.0,10781,131,80718
3,80852,609,0.0,10782,131,80721
3,80855,609,0.0,10783,131,80724
2,80857,609,0.0,10784,131,80726
8,80865,609,0.0,10785,131,80734
5,80870,609,0.0,10786,131,80739
7,80877,609,0.0,10787,131,80746
20,80897,609,0.0,10788,131,80766
18,80915,609,0.0,10789,131,80784
5,80920,609,0.0,10790,131,80789
27,80947,609,0.0,10791,131,80816
2,80949,609,0.0,10792,131,80818
3,80952,609,0.0,10793,131,80821
9,80961,609,0.0,10794,131,80830
5,80966,609,0.0,10795,131,80835
11,80977,609,0.0,10796,131,80846
5,80982,609,0.0,10797,131,80851
5,80987,609,0.0,10798,131,80856
8,80995,609,0.0,10799,131,80864
9,81004,609,0.0,10800,131,80873
10,81014,609,0.0,10801,131,80883
15,81029,609,0.0,10802,131,80898
2,81031,609,0.0,10803,131,80900
13,81044,609,0.0,10804,131,80913
7,81051,609,0.0,10805,131,80920
4,81055,609,0.0,10806,131,80924
20,81075,609,0.0,10807,131,80944
2,81077,609,0.0,10808,131,80946
9,81086,609,0.0,10809,131,80955
6,81092,609,0.0,10810,131,80961
5,81097,609,0.0,10811,131,80966
13,81110,609,0.0,10812,131,80979
3,81113,609,0.0,10813,131,80982
16,81129,609,0.0,10814,131,80998
9,81138,609,0.0,10815,131,81007
6,81144,609,0.0,10816,131,81013
4,81148,609,0.0,10817,131,81017
8,81156,609,0.0,10818,131,81025
4,81160,609,0.0,10819,131,81029
7,81167,609,0.0,10820,131,81036
4,81171,609,0.0,10821,131,81040
2,81173,609,0.0,10822,131,81042
14,81187,609,0.0,10823,131,81056
9,81196,609,0.0,10824,131,81065
14,81210,609,0.0,10825,131,81079
15,81225,609,0.0,10826,131,81094
21,81246,609,0.0,10827,131,81115
9,81255,609,0.0,10828,131,81124
9,81264,609,0.0,10829,131,81133
16,81280,610,1.0,10830,131,81149
9,81289,610,0.0,10831,131,81158
6,81295,610,0.0,10832,131,81164
27,81322,610,0.0,10833,131,81191
15,81337,610,0.0,10834,131,81206
12,81349,610,0.0,10835,131,81218
6,81355,610,0.0,10836,131,81224
8,81363,611,1.0,10837,131,81232
2,81365,611,0.0,10838,131,81234
4,81369,611,0.0,10839,131,81238
5,81374,611,0.0,10840,131,81243
11,81385,611,0.0,10841,131,81254
3,81388,611,0.0,10842,131,81257
9,81397,611,0.0,10843,131,81266
7,81404,611,0.0,10844,131,81273
4,81408,611,0.0,10845,131,81277
4,81412,611,0.0,10846,131,81281
2,81414,611,0.0,10847,131,81283
3,81417,611,0.0,10848,131,81286
31,81448,612,1.0,10849,131,81317
16,81464,613,1.0,10850,131,81333
2,81466,613,0.0,10851,131,81335
4,81470,613,0.0,10852,131,81339
3,81473,613,0.0,10853,131,81342
19,81492,613,0.0,10854,131,81361
2,81494,613,0.0,10855,131,81363
4,81498,613,0.0,10856,131,81367
4,81502,613,0.0,10857,131,81371
16,81518,613,0.0,10858,131,81387
3,81521,613,0.0,10859,131,81390
15,81536,613,0.0,10860,131,81405
20,81556,613,0.0,10861,131,81425
8,81564,613,0.0,10862,131,81433
2,81566,613,0.0,10863,131,81435
14,81580,613,0.0,10864,131,81449
15,81595,613,0.0,10865,131,81464
5,81600,613,0.0,10866,131,81469
2,81602,613,0.0,10867,131,81471
12,81614,614,1.0,10868,131,81483
27,81641,614,0.0,10869,131,81510
7,81648,614,0.0,10870,131,81517
4,81652,614,0.0,10871,131,81521
3,81655,614,0.0,10872,131,81524
6,81661,614,0.0,10873,131,81530
4,81665,614,0.0,10874,131,81534
9,81674,614,0.0,10875,131,81543
2,81676,614,0.0,10876,131,81545
7,81683,614,0.0,10877,131,81552
3,81686,614,0.0,10878,131,81555
5,81691,614,0.0,10879,131,81560
5,81696,614,0.0,10880,131,81565
8,81704,614,0.0,10881,131,81573
6,81710,614,0.0,10882,131,81579
5,81715,614,0.0,10883,131,81584
20,81735,614,0.0,10884,131,81604
6,81741,614,0.0,10885,131,81610
11,81752,614,0.0,10886,131,81621
4,81756,614,0.0,10887,131,81625
4,81760,614,0.0,10888,131,81629
2,81762,614,0.0,10889,131,81631
4,81766,614,0.0,10890,131,81635
17,81783,614,0.0,10891,131,81652
4,81787,614,0.0,10892,131,81656
4,81791,614,0.0,10893,131,81660
7,81798,614,0.0,10894,131,81667
5,81803,614,0.0,10895,131,81672
2,81805,614,0.0,10896,131,81674
3,81808,614,0.0,10897,131,81677
26,81834,614,0.0,10898,131,81703
2,81836,614,0.0,10899,131,81705
6,81842,614,0.0,10900,131,81711
2,81844,614,0.0,10901,131,81713
4,81848,614,0.0,10902,131,81717
4,81852,614,0.0,10903,131,81721
5,81857,614,0.0,10904,131,81726
12,81869,614,0.0,10905,131,81738
9,81878,614,0.0,10906,131,81747
8,81886,614,0.0,10907,131,81755
4,81890,614,0.0,10908,131,81759
5,81895,614,0.0,10909,131,81764
2,81897,614,0.0,10910,131,81766
12,81909,614,0.0,10911,131,81778
3,81912,614,0.0,10912,131,81781
8,81920,614,0.0,10913,131,81789
5,81925,614,0.0,10914,131,81794
4,81929,614,0.0,10915,131,81798
9,81938,614,0.0,10916,131,81807
8,81946,615,1.0,10917,131,81815
7,81953,615,0.0,10918,131,81822
8,81961,616,1.0,10919,131,81830
3,81964,616,0.0,10920,131,81833
6,81970,616,0.0,10921,131,81839
6,81976,616,0.0,10922,131,81845
31,82007,617,1.0,10923,131,81876
20,82027,617,0.0,10924,131,81896
24,82051,617,0.0,10925,131,81920
6,82057,617,0.0,10926,131,81926
3,82060,617,0.0,10927,131,81929
13,82073,617,0.0,10928,131,81942
26,82099,617,0.0,10929,131,81968
31,82130,618,1.0,10930,131,81999
5,82135,618,0.0,10931,131,82004
2,82137,618,0.0,10932,131,82006
3,82140,618,0.0,10933,131,82009
5,82145,618,0.0,10934,131,82014
20,82165,618,0.0,10935,131,82034
3,82168,618,0.0,10936,131,82037
4,82172,618,0.0,10937,131,82041
13,82185,618,0.0,10938,131,82054
3,82188,618,0.0,10939,131,82057
20,82208,618,0.0,10940,131,82077
2,82210,618,0.0,10941,131,82079
2,82212,618,0.0,10942,131,82081
4,82216,618,0.0,10943,131,82085
8,82224,619,1.0,10944,131,82093
4,82228,619,0.0,10945,131,82097
8,82236,620,1.0,10946,131,82105
2,82238,620,0.0,10947,131,82107
7,82245,620,0.0,10948,131,82114
4,82249,620,0.0,10949,131,82118
3,82252,620,0.0,10950,131,82121
4,82256,620,0.0,10951,131,82125
10,82266,620,0.0,10952,131,82135
3,82269,620,0.0,10953,131,82138
3,82272,620,0.0,10954,131,82141
2,82274,620,0.0,10955,131,82143
6,82280,620,0.0,10956,131,82149
29,82309,620,0.0,10957,131,82178
2,82311,620,0.0,10958,131,82180
4,82315,620,0.0,10959,131,82184
8,82323,621,1.0,10960,131,82192
6,82329,621,0.0,10961,131,82198
7,82336,621,0.0,10962,131,82205
7,82343,621,0.0,10963,131,82212
4,82347,621,0.0,10964,131,82216
5,82352,621,0.0,10965,131,82221
31,82383,622,1.0,10966,131,82252
8,82391,623,1.0,10967,131,82260
3,82394,623,0.0,10968,131,82263
5,82399,623,0.0,10969,131,82268
2,82401,623,0.0,10970,131,82270
11,82412,623,0.0,10971,131,82281
18,82430,623,0.0,10972,131,82299
28,82458,623,0.0,10973,131,82327
8,82466,623,0.0,10974,131,82335
20,82486,623,0.0,10975,131,82355
2,82488,623,0.0,10976,131,82357
4,82492,623,0.0,10977,131,82361
3,82495,623,0.0,10978,131,82364
17,82512,623,0.0,10979,131,82381
28,82540,623,0.0,10980,131,82409
7,82547,623,0.0,10981,131,82416
4,82551,623,0.0,10982,131,82420
2,82553,623,0.0,10983,131,82422
6,82559,623,0.0,10984,131,82428
8,82567,623,0.0,10985,131,82436
20,82587,623,0.0,10986,131,82456
11,82598,623,0.0,10987,131,82467
5,82603,623,0.0,10988,131,82472
8,82611,623,0.0,10989,131,82480
5,82616,623,0.0,10990,131,82485
6,82622,623,0.0,10991,131,82491
11,82633,623,0.0,10992,131,82502
4,82637,623,0.0,10993,131,82506
4,82641,623,0.0,10994,131,82510
9,82650,623,0.0,10995,131,82519
19,82669,623,0.0,10996,131,82538
7,82676,623,0.0,10997,131,82545
4,82680,623,0.0,10998,131,82549
5,82685,623,0.0,10999,131,82554
9,82694,623,0.0,11000,131,82563
7,82701,623,0.0,11001,131,82570
9,82710,623,0.0,11002,131,82579
4,82714,623,0.0,11003,131,82583
19,82733,623,0.0,11004,131,82602
32,82765,623,0.0,11005,131,82634
11,82776,623,0.0,11006,131,82645
4,82780,623,0.0,11007,131,82649
5,82785,623,0.0,11008,131,82654
16,82801,624,1.0,11009,131,82670
4,82805,624,0.0,11010,131,82674
4,82809,624,0.0,11011,131,82678
3,82812,624,0.0,11012,131,82681
4,82816,624,0.0,11013,131,82685
17,82833,624,0.0,11014,131,82702
8,82841,625,1.0,11015,131,82710
14,82855,625,0.0,11016,131,82724
20,82875,625,0.0,11017,131,82744
7,82882,625,0.0,11018,131,82751
7,82889,625,0.0,11019,131,82758
20,82909,625,0.0,11020,131,82778
3,82912,625,0.0,11021,131,82781
3,82915,625,0.0,11022,131,82784
4,82919,625,0.0,11023,131,82788
19,82938,625,0.0,11024,131,82807
14,82952,625,0.0,11025,131,82821
4,82956,625,0.0,11026,131,82825
2,82958,625,0.0,11027,131,82827
3,82961,625,0.0,11028,131,82830
2,82963,625,0.0,11029,131,82832
6,82969,625,0.0,11030,131,82838
3,82972,625,0.0,11031,131,82841
6,82978,625,0.0,11032,131,82847
3,82981,625,0.0,11033,131,82850
8,82989,626,1.0,11034,131,82858
3,82992,626,0.0,11035,131,82861
7,82999,626,0.0,11036,131,82868
16,83015,627,1.0,11037,131,82884
6,83021,627,0.0,11038,131,82890
6,83027,627,0.0,11039,131,82896
8,83035,628,1.0,11040,131,82904
4,83039,628,0.0,11041,131,82908
6,83045,628,0.0,11042,131,82914
10,83055,628,0.0,11043,131,82924
16,83071,629,1.0,11044,131,82940
5,83076,629,0.0,11045,131,82945
9,83085,629,0.0,11046,131,82954
12,83097,630,1.0,11047,131,82966
6,83103,630,0.0,11048,131,82972
4,83107,630,0.0,11049,131,82976
4,83111,630,0.0,11050,131,82980
4,83115,630,0.0,11051,131,82984
6,83121,630,0.0,11052,131,82990
3,83124,630,0.0,11053,131,82993
6,83130,630,0.0,11054,131,82999
3,83133,630,0.0,11055,131,83002
7,83140,630,0.0,11056,131,83009
3,83143,630,0.0,11057,131,83012
11,83154,630,0.0,11058,131,83023
20,83174,630,0.0,11059,131,83043
4,83178,630,0.0,11060,131,83047
4,83182,630,0.0,11061,131,83051
3,83185,630,0.0,11062,131,83054
7,83192,630,0.0,11063,131,83061
5,83197,630,0.0,11064,131,83066
8,83205,631,1.0,11065,131,83074
9,83214,631,0.0,11066,131,83083
10,83224,631,0.0,11067,131,83093
2,83226,631,0.0,11068,131,83095
6,83232,631,0.0,11069,131,83101
3,83235,631,0.0,11070,131,83104
7,83242,631,0.0,11071,131,83111
19,83261,631,0.0,11072,131,83130
12,83273,631,0.0,11073,131,83142
4,83277,631,0.0,11074,131,83146
2,83279,631,0.0,11075,131,83148
18,83297,631,0.0,11076,131,83166
5,83302,631,0.0,11077,131,83171
4,83306,631,0.0,11078,131,83175
3,83309,631,0.0,11079,131,83178
6,83315,631,0.0,11080,131,83184
2,83317,631,0.0,11081,131,83186
3,83320,631,0.0,11082,131,83189
3,83323,631,0.0,11083,131,83192
20,83343,631,0.0,11084,131,83212
17,83360,631,0.0,11085,131,83229
6,83366,631,0.0,11086,131,83235
18,83384,631,0.0,11087,131,83253
5,83389,631,0.0,11088,131,83258
6,83395,631,0.0,11089,131,83264
8,83403,632,1.0,11090,131,83272
4,83407,632,0.0,11091,131,83276
14,83421,632,0.0,11092,131,83290
4,83425,632,0.0,11093,131,83294
2,83427,632,0.0,11094,131,83296
2,83429,632,0.0,11095,131,83298
14,83443,632,0.0,11096,131,83312
5,83448,632,0.0,11097,131,83317
2,83450,632,0.0,11098,131,83319
4,83454,632,0.0,11099,131,83323
26,83480,632,0.0,11100,131,83349
12,83492,632,0.0,11101,131,83361
6,83498,632,0.0,11102,131,83367
10,83508,632,0.0,11103,131,83377
6,83514,632,0.0,11104,131,83383
9,83523,632,0.0,11105,131,83392
5,83528,632,0.0,11106,131,83397
6,83534,632,0.0,11107,131,83403
9,83543,632,0.0,11108,131,83412
3,83546,632,0.0,11109,131,83415
7,83553,632,0.0,11110,131,83422
2,83555,632,0.0,11111,131,83424
19,83574,632,0.0,11112,131,83443
15,83589,632,0.0,11113,131,83458
4,83593,632,0.0,11114,131,83462
16,83609,633,1.0,11115,131,83478
16,83625,633,0.0,11116,131,83494
15,83640,633,0.0,11117,131,83509
7,83647,633,0.0,11118,131,83516
7,83654,633,0.0,11119,131,83523
6,83660,633,0.0,11120,131,83529
5,83665,633,0.0,11121,131,83534
9,83674,633,0.0,11122,131,83543
5,83679,633,0.0,11123,131,83548
4,83683,633,0.0,11124,131,83552
8,83691,633,0.0,11125,131,83560
8,83699,634,1.0,11126,131,83568
5,83704,634,0.0,11127,131,83573
5,83709,634,0.0,11128,131,83578
4,83713,634,0.0,11129,131,83582
4,83717,634,0.0,11130,131,83586
3,83720,634,0.0,11131,131,83589
5,83725,634,0.0,11132,131,83594
22,83747,634,0.0,11133,131,83616
3,83750,634,0.0,11134,131,83619
6,83756,634,0.0,11135,131,83625
13,83769,634,0.0,11136,131,83638
12,83781,634,0.0,11137,131,83650
7,83788,634,0.0,11138,131,83657
15,83803,634,0.0,11139,131,83672
9,83812,634,0.0,11140,131,83681
5,83817,634,0.0,11141,131,83686
10,83827,635,1.0,11142,131,83696
16,83843,636,1.0,11143,131,83712
4,83847,636,0.0,11144,131,83716
3,83850,636,0.0,11145,131,83719
3,83853,636,0.0,11146,131,83722
20,83873,636,0.0,11147,131,83742
9,83882,636,0.0,11148,131,83751
9,83891,636,0.0,11149,131,83760
2,83893,636,0.0,11150,131,83762
3,83896,636,0.0,11151,131,83765
13,83909,636,0.0,11152,131,83778
5,83914,636,0.0,11153,131,83783
5,83919,636,0.0,11154,131,83788
4,83923,636,0.0,11155,131,83792
9,83932,636,0.0,11156,131,83801
9,83941,636,0.0,11157,131,83810
3,83944,636,0.0,11158,131,83813
2,83946,636,0.0,11159,131,83815
3,83949,636,0.0,11160,131,83818
20,83969,636,0.0,11161,131,83838
9,83978,636,0.0,11162,131,83847
3,83981,636,0.0,11163,131,83850
11,83992,636,0.0,11164,131,83861
2,83994,636,0.0,11165,131,83863
11,84005,636,0.0,11166,131,83874
3,84008,636,0.0,11167,131,83877
17,84025,636,0.0,11168,131,83894
3,84028,636,0.0,11169,131,83897
2,84030,636,0.0,11170,131,83899
8,84038,637,1.0,11171,131,83907
4,84042,637,0.0,11172,131,83911
4,84046,637,0.0,11173,131,83915
5,84051,637,0.0,11174,131,83920
15,84066,637,0.0,11175,131,83935
15,84081,637,0.0,11176,131,83950
2,84083,637,0.0,11177,131,83952
7,84090,637,0.0,11178,131,83959
20,84110,637,0.0,11179,131,83979
2,84112,637,0.0,11180,131,83981
2,84114,637,0.0,11181,131,83983
5,84119,637,0.0,11182,131,83988
5,84124,637,0.0,11183,131,83993
3,84127,637,0.0,11184,131,83996
4,84131,637,0.0,11185,131,84000
21,84152,637,0.0,11186,131,84021
4,84156,637,0.0,11187,131,84025
3,84159,637,0.0,11188,131,84028
10,84169,638,1.0,11189,131,84038
5,84174,638,0.0,11190,131,84043
4,84178,638,0.0,11191,131,84047
6,84184,638,0.0,11192,131,84053
9,84193,638,0.0,11193,131,84062
7,84200,638,0.0,11194,131,84069
5,84205,638,0.0,11195,131,84074
15,84220,638,0.0,11196,131,84089
4,84224,638,0.0,11197,131,84093
5,84229,638,0.0,11198,131,84098
17,84246,638,0.0,11199,131,84115
6,84252,638,0.0,11200,131,84121
4,84256,638,0.0,11201,131,84125
15,84271,638,0.0,11202,131,84140
9,84280,638,0.0,11203,131,84149
7,84287,638,0.0,11204,131,84156
2,84289,638,0.0,11205,131,84158
18,84307,638,0.0,11206,131,84176
6,84313,638,0.0,11207,131,84182
13,84326,638,0.0,11208,131,84195
5,84331,638,0.0,11209,131,84200
2,84333,638,0.0,11210,131,84202
5,84338,638,0.0,11211,131,84207
4,84342,638,0.0,11212,131,84211
5,84347,638,0.0,11213,131,84216
5,84352,638,0.0,11214,131,84221
6,84358,638,0.0,11215,131,84227
11,84369,638,0.0,11216,131,84238
20,84389,638,0.0,11217,131,84258
5,84394,638,0.0,11218,131,84263
7,84401,638,0.0,11219,131,84270
16,84417,638,0.0,11220,131,84286
16,84433,639,1.0,11221,131,84302
2,84435,639,0.0,11222,131,84304
8,84443,640,1.0,11223,131,84312
26,84469,640,0.0,11224,131,84338
6,84475,640,0.0,11225,131,84344
4,84479,640,0.0,11226,131,84348
5,84484,640,0.0,11227,131,84353
20,84504,640,0.0,11228,131,84373
4,84508,640,0.0,11229,131,84377
9,84517,640,0.0,11230,131,84386
2,84519,640,0.0,11231,131,84388
6,84525,640,0.0,11232,131,84394
8,84533,640,0.0,11233,131,84402
5,84538,640,0.0,11234,131,84407
5,84543,640,0.0,11235,131,84412
4,84547,640,0.0,11236,131,84416
4,84551,640,0.0,11237,131,84420
7,84558,640,0.0,11238,131,84427
6,84564,640,0.0,11239,131,84433
6,84570,640,0.0,11240,131,84439
8,84578,640,0.0,11241,131,84447
5,84583,640,0.0,11242,131,84452
5,84588,640,0.0,11243,131,84457
2,84590,640,0.0,11244,131,84459
10,84600,640,0.0,11245,131,84469
8,84608,640,0.0,11246,131,84477
17,84625,640,0.0,11247,131,84494
3,84628,640,0.0,11248,131,84497
10,84638,640,0.0,11249,131,84507
6,84644,640,0.0,11250,131,84513
6,84650,640,0.0,11251,131,84519
9,84659,640,0.0,11252,131,84528
2,84661,640,0.0,11253,131,84530
5,84666,640,0.0,11254,131,84535
16,84682,640,0.0,11255,131,84551
8,84690,641,1.0,11256,131,84559
4,84694,641,0.0,11257,131,84563
5,84699,641,0.0,11258,131,84568
6,84705,641,0.0,11259,131,84574
7,84712,641,0.0,11260,131,84581
9,84721,641,0.0,11261,131,84590
4,84725,641,0.0,11262,131,84594
8,84733,642,1.0,11263,131,84602
3,84736,642,0.0,11264,131,84605
9,84745,642,0.0,11265,131,84614
20,84765,642,0.0,11266,131,84634
5,84770,642,0.0,11267,131,84639
2,84772,642,0.0,11268,131,84641
12,84784,642,0.0,11269,131,84653
10,84794,642,0.0,11270,131,84663
9,84803,642,0.0,11271,131,84672
7,84810,642,0.0,11272,131,84679
3,84813,642,0.0,11273,131,84682
3,84816,642,0.0,11274,131,84685
8,84824,642,0.0,11275,131,84693
2,84826,642,0.0,11276,131,84695
4,84830,642,0.0,11277,131,84699
5,84835,642,0.0,11278,131,84704
7,84842,642,0.0,11279,131,84711
9,84851,642,0.0,11280,131,84720
9,84860,642,0.0,11281,131,84729
17,84877,642,0.0,11282,131,84746
11,84888,642,0.0,11283,131,84757
5,84893,642,0.0,11284,131,84762
13,84906,642,0.0,11285,131,84775
13,84919,642,0.0,11286,131,84788
9,84928,642,0.0,11287,131,84797
5,84933,642,0.0,11288,131,84802
2,84935,642,0.0,11289,131,84804
2,84937,642,0.0,11290,131,84806
9,84946,642,0.0,11291,131,84815
10,84956,642,0.0,11292,131,84825
12,84968,642,0.0,11293,131,84837
7,84975,642,0.0,11294,131,84844
9,84984,642,0.0,11295,131,84853
20,85004,642,0.0,11296,131,84873
9,85013,642,0.0,11297,131,84882
2,85015,642,0.0,11298,131,84884
13,85028,642,0.0,11299,131,84897
7,85035,642,0.0,11300,131,84904
8,85043,643,1.0,11301,131,84912
2,85045,643,0.0,11302,131,84914
8,85053,643,0.0,11303,131,84922
9,85062,643,0.0,11304,131,84931
9,85071,643,0.0,11305,131,84940
20,85091,643,0.0,11306,131,84960
7,85098,643,0.0,11307,131,84967
7,85105,643,0.0,11308,131,84974
8,85113,644,1.0,11309,131,84982
4,85117,644,0.0,11310,131,84986
6,85123,644,0.0,11311,131,84992
7,85130,644,0.0,11312,131,84999
4,85134,644,0.0,11313,131,85003
2,85136,644,0.0,11314,131,85005
4,85140,644,0.0,11315,131,85009
9,85149,644,0.0,11316,131,85018
6,85155,644,0.0,11317,131,85024
3,85158,644,0.0,11318,131,85027
9,85167,644,0.0,11319,131,85036
25,85192,644,0.0,11320,131,85061
4,85196,644,0.0,11321,131,85065
15,85211,644,0.0,11322,131,85080
3,85214,644,0.0,11323,131,85083
8,85222,644,0.0,11324,131,85091
7,85229,644,0.0,11325,131,85098
2,85231,644,0.0,11326,131,85100
5,85236,644,0.0,11327,131,85105
17,85253,644,0.0,11328,131,85122
3,85256,644,0.0,11329,131,85125
6,85262,644,0.0,11330,131,85131
19,85281,644,0.0,11331,131,85150
8,85289,644,0.0,11332,131,85158
3,85292,644,0.0,11333,131,85161
4,85296,644,0.0,11334,131,85165
3,85299,644,0.0,11335,131,85168
3,85302,644,0.0,11336,131,85171
9,85311,644,0.0,11337,131,85180
2,85313,644,0.0,11338,131,85182
4,85317,644,0.0,11339,131,85186
2,85319,644,0.0,11340,131,85188
6,85325,644,0.0,11341,131,85194
5,85330,644,0.0,11342,131,85199
20,85350,644,0.0,11343,131,85219
5,85355,644,0.0,11344,131,85224
17,85372,644,0.0,11345,131,85241
3,85375,644,0.0,11346,131,85244
16,85391,645,1.0,11347,131,85260
25,85416,646,1.0,11348,131,85285
11,85427,646,0.0,11349,131,85296
14,85441,646,0.0,11350,131,85310
16,85457,646,0.0,11351,131,85326
5,85462,646,0.0,11352,131,85331
2,85464,646,0.0,11353,131,85333
4,85468,646,0.0,11354,131,85337
4,85472,646,0.0,11355,131,85341
2,85474,646,0.0,11356,131,85343
11,85485,647,1.0,11357,131,85354
6,85491,647,0.0,11358,131,85360
5,85496,647,0.0,11359,131,85365
9,85505,647,0.0,11360,131,85374
4,85509,647,0.0,11361,131,85378
3,85512,647,0.0,11362,131,85381
11,85523,647,0.0,11363,131,85392
2,85525,647,0.0,11364,131,85394
9,85534,647,0.0,11365,131,85403
18,85552,647,0.0,11366,131,85421
17,85569,647,0.0,11367,131,85438
17,85586,647,0.0,11368,131,85455
7,85593,647,0.0,11369,131,85462
7,85600,647,0.0,11370,131,85469
4,85604,647,0.0,11371,131,85473
9,85613,647,0.0,11372,131,85482
5,85618,647,0.0,11373,131,85487
4,85622,647,0.0,11374,131,85491
14,85636,647,0.0,11375,131,85505
2,85638,647,0.0,11376,131,85507
4,85642,647,0.0,11377,131,85511
4,85646,647,0.0,11378,131,85515
6,85652,647,0.0,11379,131,85521
6,85658,647,0.0,11380,131,85527
9,85667,647,0.0,11381,131,85536
7,85674,647,0.0,11382,131,85543
12,85686,648,1.0,11383,131,85555
5,85691,648,0.0,11384,131,85560
5,85696,648,0.0,11385,131,85565
22,85718,648,0.0,11386,131,85587
5,85723,648,0.0,11387,131,85592
4,85727,648,0.0,11388,131,85596
4,85731,648,0.0,11389,131,85600
5,85736,648,0.0,11390,131,85605
8,85744,648,0.0,11391,131,85613
7,85751,648,0.0,11392,131,85620
5,85756,648,0.0,11393,131,85625
17,85773,648,0.0,11394,131,85642
31,85804,649,1.0,11395,131,85673
3,85807,649,0.0,11396,131,85676
20,85827,649,0.0,11397,131,85696
11,85838,649,0.0,11398,131,85707
4,85842,649,0.0,11399,131,85711
4,85846,649,0.0,11400,131,85715
9,85855,649,0.0,11401,131,85724
7,85862,649,0.0,11402,131,85731
2,85864,649,0.0,11403,131,85733
20,85884,649,0.0,11404,131,85753
17,85901,649,0.0,11405,131,85770
4,85905,649,0.0,11406,131,85774
2,85907,649,0.0,11407,131,85776
4,85911,649,0.0,11408,131,85780
4,85915,649,0.0,11409,131,85784
5,85920,649,0.0,11410,131,85789
10,85930,649,0.0,11411,131,85799
4,85934,649,0.0,11412,131,85803
11,85945,649,0.0,11413,131,85814
23,85968,649,0.0,11414,131,85837
8,85976,650,1.0,11415,131,85845
16,85992,650,0.0,11416,131,85861
3,85995,650,0.0,11417,131,85864
2,85997,650,0.0,11418,131,85866
14,86011,650,0.0,11419,131,85880
4,86015,650,0.0,11420,131,85884
2,86017,650,0.0,11421,131,85886
5,86022,650,0.0,11422,131,85891
3,86025,650,0.0,11423,131,85894
7,86032,650,0.0,11424,131,85901
4,86036,650,0.0,11425,131,85905
6,86042,650,0.0,11426,131,85911
3,86045,650,0.0,11427,131,85914
14,86059,650,0.0,11428,131,85928
20,86079,650,0.0,11429,131,85948
6,86085,650,0.0,11430,131,85954
3,86088,650,0.0,11431,131,85957
12,86100,650,0.0,11432,131,85969
7,86107,650,0.0,11433,131,85976
20,86127,650,0.0,11434,131,85996
15,86142,650,0.0,11435,131,86011
5,86147,650,0.0,11436,131,86016
3,86150,650,0.0,11437,131,86019
4,86154,650,0.0,11438,131,86023
3,86157,650,0.0,11439,131,86026
2,86159,650,0.0,11440,131,86028
5,86164,650,0.0,11441,131,86033
9,86173,650,0.0,11442,131,86042
2,86175,650,0.0,11443,131,86044
2,86177,650,0.0,11444,131,86046
7,86184,650,0.0,11445,131,86053
5,86189,650,0.0,11446,131,86058
5,86194,650,0.0,11447,131,86063
7,86201,650,0.0,11448,131,86070
6,86207,650,0.0,11449,131,86076
4,86211,650,0.0,11450,131,86080
26,86237,650,0.0,11451,131,86106
9,86246,650,0.0,11452,131,86115
2,86248,650,0.0,11453,131,86117
5,86253,650,0.0,11454,131,86122
8,86261,650,0.0,11455,131,86130
20,86281,650,0.0,11456,131,86150
7,86288,650,0.0,11457,131,86157
3,86291,650,0.0,11458,131,86160
9,86300,650,0.0,11459,131,86169
16,86316,651,1.0,11460,131,86185
16,86332,652,1.0,11461,131,86201
2,86334,652,0.0,11462,131,86203
6,86340,652,0.0,11463,131,86209
5,86345,652,0.0,11464,131,86214
5,86350,652,0.0,11465,131,86219
4,86354,652,0.0,11466,131,86223
2,86356,652,0.0,11467,131,86225
7,86363,652,0.0,11468,131,86232
18,86381,652,0.0,11469,131,86250
14,86395,652,0.0,11470,131,86264
4,86399,652,0.0,11471,131,86268
2,86401,652,0.0,11472,131,86270
9,86410,652,0.0,11473,131,86279
5,86415,652,0.0,11474,131,86284
4,86419,652,0.0,11475,131,86288
2,86421,652,0.0,11476,131,86290
14,86435,652,0.0,11477,131,86304
3,86438,652,0.0,11478,131,86307
2,86440,652,0.0,11479,131,86309
9,86449,652,0.0,11480,131,86318
3,86452,652,0.0,11481,131,86321
5,86457,652,0.0,11482,131,86326
7,86464,652,0.0,11483,131,86333
9,86473,652,0.0,11484,131,86342
7,86480,652,0.0,11485,131,86349
4,86484,652,0.0,11486,131,86353
2,86486,652,0.0,11487,131,86355
20,86506,652,0.0,11488,131,86375
5,86511,652,0.0,11489,131,86380
2,86513,652,0.0,11490,131,86382
8,86521,652,0.0,11491,131,86390
14,86535,652,0.0,11492,131,86404
20,86555,652,0.0,11493,131,86424
5,86560,652,0.0,11494,131,86429
20,86580,652,0.0,11495,131,86449
4,86584,652,0.0,11496,131,86453
31,86615,653,1.0,11497,131,86484
14,86629,653,0.0,11498,131,86498
9,86638,653,0.0,11499,131,86507
4,86642,653,0.0,11500,131,86511
4,86646,653,0.0,11501,131,86515
4,86650,653,0.0,11502,131,86519
2,86652,653,0.0,11503,131,86521
4,86656,653,0.0,11504,131,86525
2,86658,653,0.0,11505,131,86527
2,86660,653,0.0,11506,131,86529
2,86662,653,0.0,11507,131,86531
26,86688,653,0.0,11508,131,86557
4,86692,653,0.0,11509,131,86561
4,86696,653,0.0,11510,131,86565
7,86703,653,0.0,11511,131,86572
4,86707,653,0.0,11512,131,86576
2,86709,653,0.0,11513,131,86578
2,86711,653,0.0,11514,131,86580
7,86718,653,0.0,11515,131,86587
3,86721,653,0.0,11516,131,86590
2,86723,653,0.0,11517,131,86592
2,86725,653,0.0,11518,131,86594
6,86731,653,0.0,11519,131,86600
5,86736,653,0.0,11520,131,86605
5,86741,653,0.0,11521,131,86610
20,86761,653,0.0,11522,131,86630
2,86763,653,0.0,11523,131,86632
2,86765,653,0.0,11524,131,86634
2,86767,653,0.0,11525,131,86636
16,86783,653,0.0,11526,131,86652
6,86789,653,0.0,11527,131,86658
6,86795,653,0.0,11528,131,86664
2,86797,653,0.0,11529,131,86666
20,86817,653,0.0,11530,131,86686
17,86834,653,0.0,11531,131,86703
16,86850,654,1.0,11532,131,86719
4,86854,654,0.0,11533,131,86723
8,86862,655,1.0,11534,131,86731
9,86871,655,0.0,11535,131,86740
6,86877,655,0.0,11536,131,86746
3,86880,655,0.0,11537,131,86749
2,86882,655,0.0,11538,131,86751
11,86893,655,0.0,11539,131,86762
20,86913,655,0.0,11540,131,86782
10,86923,655,0.0,11541,131,86792
5,86928,655,0.0,11542,131,86797
13,86941,655,0.0,11543,131,86810
7,86948,655,0.0,11544,131,86817
5,86953,655,0.0,11545,131,86822
4,86957,655,0.0,11546,131,86826
5,86962,655,0.0,11547,131,86831
9,86971,655,0.0,11548,131,86840
4,86975,655,0.0,11549,131,86844
6,86981,655,0.0,11550,131,86850
3,86984,655,0.0,11551,131,86853
27,87011,655,0.0,11552,131,86880
2,87013,655,0.0,11553,131,86882
8,87021,656,1.0,11554,131,86890
7,87028,656,0.0,11555,131,86897
7,87035,656,0.0,11556,131,86904
29,87064,656,0.0,11557,131,86933
11,87075,656,0.0,11558,131,86944
4,87079,656,0.0,11559,131,86948
18,87097,656,0.0,11560,131,86966
12,87109,656,0.0,11561,131,86978
17,87126,656,0.0,11562,131,86995
8,87134,656,0.0,11563,131,87003
9,87143,656,0.0,11564,131,87012
4,87147,656,0.0,11565,131,87016
6,87153,656,0.0,11566,131,87022
6,87159,656,0.0,11567,131,87028
9,87168,656,0.0,11568,131,87037
6,87174,656,0.0,11569,131,87043
3,87177,656,0.0,11570,131,87046
16,87193,656,0.0,11571,131,87062
8,87201,656,0.0,11572,131,87070
3,87204,656,0.0,11573,131,87073
5,87209,656,0.0,11574,131,87078
4,87213,656,0.0,11575,131,87082
15,87228,656,0.0,11576,131,87097
5,87233,656,0.0,11577,131,87102
9,87242,656,0.0,11578,131,87111
9,87251,656,0.0,11579,131,87120
3,87254,656,0.0,11580,131,87123
10,87264,656,0.0,11581,131,87133
7,87271,656,0.0,11582,131,87140
13,87284,656,0.0,11583,131,87153
10,87294,657,1.0,11584,131,87163
7,87301,657,0.0,11585,131,87170
4,87305,657,0.0,11586,131,87174
2,87307,657,0.0,11587,131,87176
7,87314,657,0.0,11588,131,87183
4,87318,657,0.0,11589,131,87187
7,87325,657,0.0,11590,131,87194
16,87341,658,1.0,11591,131,87210
3,87344,658,0.0,11592,131,87213
13,87357,658,0.0,11593,131,87226
9,87366,658,0.0,11594,131,87235
7,87373,658,0.0,11595,131,87242
5,87378,658,0.0,11596,131,87247
4,87382,658,0.0,11597,131,87251
19,87401,658,0.0,11598,131,87270
16,87417,658,0.0,11599,131,87286
11,87428,658,0.0,11600,131,87297
7,87435,658,0.0,11601,131,87304
20,87455,658,0.0,11602,131,87324
10,87465,659,1.0,11603,131,87334
4,87469,659,0.0,11604,131,87338
3,87472,659,0.0,11605,131,87341
3,87475,659,0.0,11606,131,87344
7,87482,659,0.0,11607,131,87351
8,87490,659,0.0,11608,131,87359
8,87498,659,0.0,11609,131,87367
10,87508,659,0.0,11610,131,87377
2,87510,659,0.0,11611,131,87379
18,87528,659,0.0,11612,131,87397
4,87532,659,0.0,11613,131,87401
4,87536,659,0.0,11614,131,87405
9,87545,659,0.0,11615,131,87414
6,87551,659,0.0,11616,131,87420
9,87560,659,0.0,11617,131,87429
6,87566,659,0.0,11618,131,87435
2,87568,659,0.0,11619,131,87437
30,87598,659,0.0,11620,131,87467
5,87603,659,0.0,11621,131,87472
2,87605,659,0.0,11622,131,87474
4,87609,659,0.0,11623,131,87478
8,87617,659,0.0,11624,131,87486
3,87620,659,0.0,11625,131,87489
13,87633,659,0.0,11626,131,87502
17,87650,659,0.0,11627,131,87519
5,87655,659,0.0,11628,131,87524
8,87663,659,0.0,11629,131,87532
7,87670,659,0.0,11630,131,87539
12,87682,659,0.0,11631,131,87551
4,87686,659,0.0,11632,131,87555
6,87692,659,0.0,11633,131,87561
4,87696,659,0.0,11634,131,87565
8,87704,660,1.0,11635,131,87573
9,87713,660,0.0,11636,131,87582
4,87717,660,0.0,11637,131,87586
6,87723,660,0.0,11638,131,87592
31,87754,661,1.0,11639,131,87623
6,87760,661,0.0,11640,131,87629
5,87765,661,0.0,11641,131,87634
12,87777,661,0.0,11642,131,87646
8,87785,661,0.0,11643,131,87654
10,87795,661,0.0,11644,131,87664
8,87803,662,1.0,11645,131,87672
4,87807,662,0.0,11646,131,87676
5,87812,662,0.0,11647,131,87681
3,87815,662,0.0,11648,131,87684
5,87820,662,0.0,11649,131,87689
8,87828,662,0.0,11650,131,87697
12,87840,662,0.0,11651,131,87709
15,87855,662,0.0,11652,131,87724
4,87859,662,0.0,11653,131,87728
5,87864,662,0.0,11654,131,87733
19,87883,662,0.0,11655,131,87752
2,87885,662,0.0,11656,131,87754
4,87889,662,0.0,11657,131,87758
4,87893,662,0.0,11658,131,87762
8,87901,662,0.0,11659,131,87770
6,87907,662,0.0,11660,131,87776
4,87911,662,0.0,11661,131,87780
8,87919,662,0.0,11662,131,87788
4,87923,662,0.0,11663,131,87792
2,87925,662,0.0,11664,131,87794
2,87927,662,0.0,11665,131,87796
15,87942,662,0.0,11666,131,87811
3,87945,662,0.0,11667,131,87814
8,87953,662,0.0,11668,131,87822
4,87957,662,0.0,11669,131,87826
6,87963,662,0.0,11670,131,87832
4,87967,662,0.0,11671,131,87836
4,87971,662,0.0,11672,131,87840
7,87978,662,0.0,11673,131,87847
2,87980,662,0.0,11674,131,87849
3,87983,662,0.0,11675,131,87852
4,87987,662,0.0,11676,131,87856
2,87989,662,0.0,11677,131,87858
5,87994,662,0.0,11678,131,87863
6,88000,662,0.0,11679,131,87869
3,88003,662,0.0,11680,131,87872
11,88014,662,0.0,11681,131,87883
9,88023,662,0.0,11682,131,87892
6,88029,662,0.0,11683,131,87898
9,88038,662,0.0,11684,131,87907
5,88043,662,0.0,11685,131,87912
5,88048,662,0.0,11686,131,87917
3,88051,662,0.0,11687,131,87920
14,88065,662,0.0,11688,131,87934
5,88070,662,0.0,11689,131,87939
3,88073,662,0.0,11690,131,87942
2,88075,662,0.0,11691,131,87944
14,88089,662,0.0,11692,131,87958
2,88091,662,0.0,11693,131,87960
16,88107,662,0.0,11694,131,87976
5,88112,662,0.0,11695,131,87981
2,88114,662,0.0,11696,131,87983
7,88121,662,0.0,11697,131,87990
5,88126,662,0.0,11698,131,87995
6,88132,662,0.0,11699,131,88001
4,88136,662,0.0,11700,131,88005
16,88152,662,0.0,11701,131,88021
9,88161,662,0.0,11702,131,88030
2,88163,662,0.0,11703,131,88032
10,88173,662,0.0,11704,131,88042
7,88180,662,0.0,11705,131,88049
12,88192,662,0.0,11706,131,88061
4,88196,662,0.0,11707,131,88065
10,88206,663,1.0,11708,131,88075
2,88208,663,0.0,11709,131,88077
7,88215,663,0.0,11710,131,88084
4,88219,663,0.0,11711,131,88088
8,88227,663,0.0,11712,131,88096
13,88240,663,0.0,11713,131,88109
4,88244,663,0.0,11714,131,88113
4,88248,663,0.0,11715,131,88117
5,88253,663,0.0,11716,131,88122
2,88255,663,0.0,11717,131,88124
5,88260,663,0.0,11718,131,88129
4,88264,663,0.0,11719,131,88133
2,88266,663,0.0,11720,131,88135
8,88274,664,1.0,11721,131,88143
6,88280,664,0.0,11722,131,88149
5,88285,664,0.0,11723,131,88154
7,88292,664,0.0,11724,131,88161
5,88297,664,0.0,11725,131,88166
9,88306,664,0.0,11726,131,88175
8,88314,665,1.0,11727,131,88183
18,88332,665,0.0,11728,131,88201
6,88338,665,0.0,11729,131,88207
8,88346,666,1.0,11730,131,88215
11,88357,666,0.0,11731,131,88226
6,88363,666,0.0,11732,131,88232
2,88365,666,0.0,11733,131,88234
4,88369,666,0.0,11734,131,88238
13,88382,666,0.0,11735,131,88251
18,88400,666,0.0,11736,131,88269
4,88404,666,0.0,11737,131,88273
5,88409,666,0.0,11738,131,88278
18,88427,666,0.0,11739,131,88296
2,88429,666,0.0,11740,131,88298
8,88437,666,0.0,11741,131,88306
3,88440,666,0.0,11742,131,88309
7,88447,666,0.0,11743,131,88316
3,88450,666,0.0,11744,131,88319
3,88453,666,0.0,11745,131,88322
8,88461,666,0.0,11746,131,88330
4,88465,666,0.0,11747,131,88334
18,88483,666,0.0,11748,131,88352
9,88492,666,0.0,11749,131,88361
4,88496,666,0.0,11750,131,88365
6,88502,666,0.0,11751,131,88371
2,88504,666,0.0,11752,131,88373
5,88509,666,0.0,11753,131,88378
2,88511,666,0.0,11754,131,88380
3,88514,666,0.0,11755,131,88383
22,88536,666,0.0,11756,131,88405
4,88540,666,0.0,11757,131,88409
7,88547,666,0.0,11758,131,88416
14,88561,666,0.0,11759,131,88430
10,88571,667,1.0,11760,131,88440
2,88573,667,0.0,11761,131,88442
12,88585,667,0.0,11762,131,88454
2,88587,667,0.0,11763,131,88456
2,88589,667,0.0,11764,131,88458
2,88591,667,0.0,11765,131,88460
3,88594,667,0.0,11766,131,88463
20,88614,667,0.0,11767,131,88483
18,88632,667,0.0,11768,131,88501
2,88634,667,0.0,11769,131,88503
6,88640,667,0.0,11770,131,88509
10,88650,667,0.0,11771,131,88519
6,88656,667,0.0,11772,131,88525
7,88663,667,0.0,11773,131,88532
4,88667,667,0.0,11774,131,88536
3,88670,667,0.0,11775,131,88539
5,88675,667,0.0,11776,131,88544
17,88692,667,0.0,11777,131,88561
6,88698,667,0.0,11778,131,88567
16,88714,667,0.0,11779,131,88583
4,88718,667,0.0,11780,131,88587
10,88728,667,0.0,11781,131,88597
9,88737,667,0.0,11782,131,88606
7,88744,667,0.0,11783,131,88613
7,88751,667,0.0,11784,131,88620
6,88757,667,0.0,11785,131,88626
9,88766,667,0.0,11786,131,88635
2,88768,667,0.0,11787,131,88637
2,88770,667,0.0,11788,131,88639
6,88776,667,0.0,11789,131,88645
5,88781,667,0.0,11790,131,88650
12,88793,667,0.0,11791,131,88662
2,88795,667,0.0,11792,131,88664
5,88800,667,0.0,11793,131,88669
9,88809,667,0.0,11794,131,88678
7,88816,667,0.0,11795,131,88685
9,88825,667,0.0,11796,131,88694
4,88829,667,0.0,11797,131,88698
3,88832,667,0.0,11798,131,88701
9,88841,667,0.0,11799,131,88710
3,88844,667,0.0,11800,131,88713
13,88857,667,0.0,11801,131,88726
4,88861,667,0.0,11802,131,88730
7,88868,667,0.0,11803,131,88737
2,88870,667,0.0,11804,131,88739
15,88885,667,0.0,11805,131,88754
4,88889,667,0.0,11806,131,88758
8,88897,668,1.0,11807,131,88766
3,88900,668,0.0,11808,131,88769
2,88902,668,0.0,11809,131,88771
14,88916,668,0.0,11810,131,88785
4,88920,668,0.0,11811,131,88789
14,88934,668,0.0,11812,131,88803
3,88937,668,0.0,11813,131,88806
14,88951,668,0.0,11814,131,88820
5,88956,668,0.0,11815,131,88825
4,88960,668,0.0,11816,131,88829
5,88965,668,0.0,11817,131,88834
6,88971,668,0.0,11818,131,88840
2,88973,668,0.0,11819,131,88842
5,88978,668,0.0,11820,131,88847
8,88986,668,0.0,11821,131,88855
5,88991,668,0.0,11822,131,88860
2,88993,668,0.0,11823,131,88862
9,89002,668,0.0,11824,131,88871
6,89008,668,0.0,11825,131,88877
3,89011,668,0.0,11826,131,88880
3,89014,668,0.0,11827,131,88883
2,89016,668,0.0,11828,131,88885
20,89036,668,0.0,11829,131,88905
9,89045,668,0.0,11830,131,88914
19,89064,668,0.0,11831,131,88933
2,89066,668,0.0,11832,131,88935
4,89070,668,0.0,11833,131,88939
7,89077,668,0.0,11834,131,88946
4,89081,668,0.0,11835,131,88950
7,89088,668,0.0,11836,131,88957
3,89091,668,0.0,11837,131,88960
4,89095,668,0.0,11838,131,88964
2,89097,668,0.0,11839,131,88966
5,89102,668,0.0,11840,131,88971
3,89105,668,0.0,11841,131,88974
3,89108,668,0.0,11842,131,88977
4,89112,668,0.0,11843,131,88981
13,89125,668,0.0,11844,131,88994
2,89127,668,0.0,11845,131,88996
5,89132,668,0.0,11846,131,89001
2,89134,668,0.0,11847,131,89003
10,89144,668,0.0,11848,131,89013
10,89154,668,0.0,11849,131,89023
9,89163,668,0.0,11850,131,89032
20,89183,668,0.0,11851,131,89052
3,89186,668,0.0,11852,131,89055
4,89190,668,0.0,11853,131,89059
2,89192,668,0.0,11854,131,89061
10,89202,668,0.0,11855,131,89071
5,89207,668,0.0,11856,131,89076
3,89210,668,0.0,11857,131,89079
8,89218,668,0.0,11858,131,89087
10,89228,668,0.0,11859,131,89097
20,89248,668,0.0,11860,131,89117
15,89263,668,0.0,11861,131,89132
4,89267,668,0.0,11862,131,89136
18,89285,668,0.0,11863,131,89154
5,89290,668,0.0,11864,131,89159
15,89305,668,0.0,11865,131,89174
4,89309,668,0.0,11866,131,89178
4,89313,668,0.0,11867,131,89182
4,89317,668,0.0,11868,131,89186
4,89321,668,0.0,11869,131,89190
11,89332,668,0.0,11870,131,89201
20,89352,668,0.0,11871,131,89221
7,89359,668,0.0,11872,131,89228
6,89365,668,0.0,11873,131,89234
9,89374,668,0.0,11874,131,89243
3,89377,668,0.0,11875,131,89246
4,89381,668,0.0,11876,131,89250
9,89390,668,0.0,11877,131,89259
7,89397,668,0.0,11878,131,89266
6,89403,668,0.0,11879,131,89272
2,89405,668,0.0,11880,131,89274
3,89408,668,0.0,11881,131,89277
14,89422,668,0.0,11882,131,89291
6,89428,668,0.0,11883,131,89297
9,89437,668,0.0,11884,131,89306
8,89445,669,1.0,11885,131,89314
8,89453,670,1.0,11886,131,89322
6,89459,670,0.0,11887,131,89328
3,89462,670,0.0,11888,131,89331
8,89470,670,0.0,11889,131,89339
9,89479,670,0.0,11890,131,89348
7,89486,670,0.0,11891,131,89355
19,89505,670,0.0,11892,131,89374
3,89508,670,0.0,11893,131,89377
2,89510,670,0.0,11894,131,89379
2,89512,670,0.0,11895,131,89381
3,89515,670,0.0,11896,131,89384
3,89518,670,0.0,11897,131,89387
2,89520,670,0.0,11898,131,89389
7,89527,670,0.0,11899,131,89396
5,89532,670,0.0,11900,131,89401
25,89557,670,0.0,11901,131,89426
4,89561,670,0.0,11902,131,89430
4,89565,670,0.0,11903,131,89434
6,89571,670,0.0,11904,131,89440
4,89575,670,0.0,11905,131,89444
6,89581,670,0.0,11906,131,89450
3,89584,670,0.0,11907,131,89453
3,89587,670,0.0,11908,131,89456
16,89603,671,1.0,11909,131,89472
14,89617,671,0.0,11910,131,89486
6,89623,671,0.0,11911,131,89492
6,89629,671,0.0,11912,131,89498
3,89632,671,0.0,11913,131,89501
7,89639,671,0.0,11914,131,89508
8,89647,671,0.0,11915,131,89516
10,89657,671,0.0,11916,131,89526
5,89662,671,0.0,11917,131,89531
5,89667,671,0.0,11918,131,89536
6,89673,671,0.0,11919,131,89542
5,89678,671,0.0,11920,131,89547
7,89685,671,0.0,11921,131,89554
5,89690,671,0.0,11922,131,89559
14,89704,671,0.0,11923,131,89573
5,89709,671,0.0,11924,131,89578
4,89713,671,0.0,11925,131,89582
4,89717,671,0.0,11926,131,89586
6,89723,671,0.0,11927,131,89592
7,89730,671,0.0,11928,131,89599
3,89733,671,0.0,11929,131,89602
4,89737,671,0.0,11930,131,89606
7,89744,671,0.0,11931,131,89613
7,89751,671,0.0,11932,131,89620
12,89763,671,0.0,11933,131,89632
4,89767,671,0.0,11934,131,89636
5,89772,671,0.0,11935,131,89641
6,89778,671,0.0,11936,131,89647
4,89782,671,0.0,11937,131,89651
5,89787,671,0.0,11938,131,89656
4,89791,671,0.0,11939,131,89660
2,89793,671,0.0,11940,131,89662
11,89804,671,0.0,11941,131,89673
6,89810,671,0.0,11942,131,89679
3,89813,671,0.0,11943,131,89682
3,89816,671,0.0,11944,131,89685
10,89826,671,0.0,11945,131,89695
4,89830,671,0.0,11946,131,89699
15,89845,671,0.0,11947,131,89714
5,89850,671,0.0,11948,131,89719
4,89854,671,0.0,11949,131,89723
15,89869,671,0.0,11950,131,89738
2,89871,671,0.0,11951,131,89740
23,89894,671,0.0,11952,131,89763
6,89900,671,0.0,11953,131,89769
3,89903,671,0.0,11954,131,89772
4,89907,671,0.0,11955,131,89776
4,89911,671,0.0,11956,131,89780
4,89915,671,0.0,11957,131,89784
6,89921,671,0.0,11958,131,89790
16,89937,672,1.0,11959,131,89806
14,89951,672,0.0,11960,131,89820
4,89955,672,0.0,11961,131,89824
5,89960,672,0.0,11962,131,89829
7,89967,672,0.0,11963,131,89836
7,89974,672,0.0,11964,131,89843
2,89976,672,0.0,11965,131,89845
7,89983,672,0.0,11966,131,89852
3,89986,672,0.0,11967,131,89855
2,89988,672,0.0,11968,131,89857
4,89992,672,0.0,11969,131,89861
7,89999,672,0.0,11970,131,89868
22,90021,672,0.0,11971,131,89890
15,90036,672,0.0,11972,131,89905
12,90048,672,0.0,11973,131,89917
7,90055,672,0.0,11974,131,89924
4,90059,672,0.0,11975,131,89928
3,90062,672,0.0,11976,131,89931
16,90078,673,1.0,11977,131,89947
4,90082,673,0.0,11978,131,89951
2,90084,673,0.0,11979,131,89953
5,90089,673,0.0,11980,131,89958
5,90094,673,0.0,11981,131,89963
2,90096,673,0.0,11982,131,89965
5,90101,673,0.0,11983,131,89970
4,90105,673,0.0,11984,131,89974
2,90107,673,0.0,11985,131,89976
6,90113,673,0.0,11986,131,89982
5,90118,673,0.0,11987,131,89987
20,90138,673,0.0,11988,131,90007
8,90146,674,1.0,11989,131,90015
5,90151,674,0.0,11990,131,90020
19,90170,674,0.0,11991,131,90039
6,90176,674,0.0,11992,131,90045
13,90189,674,0.0,11993,131,90058
2,90191,674,0.0,11994,131,90060
8,90199,674,0.0,11995,131,90068
7,90206,674,0.0,11996,131,90075
2,90208,674,0.0,11997,131,90077
4,90212,674,0.0,11998,131,90081
6,90218,674,0.0,11999,131,90087
27,90245,674,0.0,12000,131,90114
10,90255,674,0.0,12001,131,90124
2,90257,674,0.0,12002,131,90126
16,90273,675,1.0,12003,131,90142
2,90275,675,0.0,12004,131,90144
16,90291,676,1.0,12005,131,90160
3,90294,676,0.0,12006,131,90163
3,90297,676,0.0,12007,131,90166
4,90301,676,0.0,12008,131,90170
14,90315,676,0.0,12009,131,90184
8,90323,676,0.0,12010,131,90192
5,90328,676,0.0,12011,131,90197
7,90335,676,0.0,12012,131,90204
16,90351,677,1.0,12013,131,90220
8,90359,677,0.0,12014,131,90228
5,90364,677,0.0,12015,131,90233
5,90369,677,0.0,12016,131,90238
9,90378,677,0.0,12017,131,90247
5,90383,677,0.0,12018,131,90252
5,90388,677,0.0,12019,131,90257
13,90401,678,1.0,12020,131,90270
8,90409,679,1.0,12021,131,90278
3,90412,679,0.0,12022,131,90281
7,90419,679,0.0,12023,131,90288
12,90431,679,0.0,12024,131,90300
16,90447,679,0.0,12025,131,90316
20,90467,679,0.0,12026,131,90336
5,90472,679,0.0,12027,131,90341
3,90475,679,0.0,12028,131,90344
16,90491,679,0.0,12029,131,90360
11,90502,679,0.0,12030,131,90371
3,90505,679,0.0,12031,131,90374
8,90513,680,1.0,12032,131,90382
8,90521,681,1.0,12033,131,90390
11,90532,681,0.0,12034,131,90401
10,90542,681,0.0,12035,131,90411
16,90558,681,0.0,12036,131,90427
8,90566,681,0.0,12037,131,90435
10,90576,681,0.0,12038,131,90445
6,90582,681,0.0,12039,131,90451
3,90585,681,0.0,12040,131,90454
9,90594,681,0.0,12041,131,90463
5,90599,681,0.0,12042,131,90468
6,90605,681,0.0,12043,131,90474
4,90609,681,0.0,12044,131,90478
4,90613,681,0.0,12045,131,90482
9,90622,681,0.0,12046,131,90491
20,90642,681,0.0,12047,131,90511
6,90648,681,0.0,12048,131,90517
2,90650,681,0.0,12049,131,90519
2,90652,681,0.0,12050,131,90521
3,90655,681,0.0,12051,131,90524
33,90688,681,0.0,12052,131,90557
5,90693,681,0.0,12053,131,90562
7,90700,681,0.0,12054,131,90569
3,90703,681,0.0,12055,131,90572
14,90717,681,0.0,12056,131,90586
2,90719,681,0.0,12057,131,90588
6,90725,681,0.0,12058,131,90594
4,90729,681,0.0,12059,131,90598
4,90733,681,0.0,12060,131,90602
4,90737,681,0.0,12061,131,90606
4,90741,681,0.0,12062,131,90610
7,90748,681,0.0,12063,131,90617
3,90751,681,0.0,12064,131,90620
6,90757,681,0.0,12065,131,90626
2,90759,681,0.0,12066,131,90628
5,90764,681,0.0,12067,131,90633
20,90784,681,0.0,12068,131,90653
6,90790,681,0.0,12069,131,90659
6,90796,681,0.0,12070,131,90665
12,90808,681,0.0,12071,131,90677
2,90810,681,0.0,12072,131,90679
4,90814,681,0.0,12073,131,90683
4,90818,681,0.0,12074,131,90687
5,90823,681,0.0,12075,131,90692
10,90833,681,0.0,12076,131,90702
4,90837,681,0.0,12077,131,90706
20,90857,681,0.0,12078,131,90726
11,90868,681,0.0,12079,131,90737
6,90874,681,0.0,12080,131,90743
4,90878,681,0.0,12081,131,90747
4,90882,681,0.0,12082,131,90751
6,90888,681,0.0,12083,131,90757
2,90890,681,0.0,12084,131,90759
4,90894,681,0.0,12085,131,90763
20,90914,681,0.0,12086,131,90783
16,90930,681,0.0,12087,131,90799
3,90933,681,0.0,12088,131,90802
5,90938,681,0.0,12089,131,90807
5,90943,681,0.0,12090,131,90812
20,90963,681,0.0,12091,131,90832
7,90970,681,0.0,12092,131,90839
2,90972,681,0.0,12093,131,90841
4,90976,681,0.0,12094,131,90845
4,90980,681,0.0,12095,131,90849
2,90982,681,0.0,12096,131,90851
3,90985,681,0.0,12097,131,90854
3,90988,681,0.0,12098,131,90857
7,90995,681,0.0,12099,131,90864
2,90997,681,0.0,12100,131,90866
6,91003,681,0.0,12101,131,90872
3,91006,681,0.0,12102,131,90875
5,91011,681,0.0,12103,131,90880
4,91015,681,0.0,12104,131,90884
15,91030,681,0.0,12105,131,90899
9,91039,681,0.0,12106,131,90908
4,91043,681,0.0,12107,131,90912
6,91049,681,0.0,12108,131,90918
9,91058,681,0.0,12109,131,90927
2,91060,681,0.0,12110,131,90929
21,91081,681,0.0,12111,131,90950
4,91085,681,0.0,12112,131,90954
7,91092,681,0.0,12113,131,90961
10,91102,681,0.0,12114,131,90971
7,91109,681,0.0,12115,131,90978
5,91114,681,0.0,12116,131,90983
2,91116,681,0.0,12117,131,90985
14,91130,681,0.0,12118,131,90999
4,91134,681,0.0,12119,131,91003
15,91149,681,0.0,12120,131,91018
7,91156,681,0.0,12121,131,91025
10,91166,681,0.0,12122,131,91035
2,91168,681,0.0,12123,131,91037
2,91170,681,0.0,12124,131,91039
13,91183,681,0.0,12125,131,91052
8,91191,681,0.0,12126,131,91060
10,91201,681,0.0,12127,131,91070
8,91209,681,0.0,12128,131,91078
5,91214,681,0.0,12129,131,91083
7,91221,681,0.0,12130,131,91090
3,91224,681,0.0,12131,131,91093
2,91226,681,0.0,12132,131,91095
5,91231,681,0.0,12133,131,91100
9,91240,681,0.0,12134,131,91109
20,91260,681,0.0,12135,131,91129
2,91262,681,0.0,12136,131,91131
3,91265,681,0.0,12137,131,91134
3,91268,681,0.0,12138,131,91137
2,91270,681,0.0,12139,131,91139
3,91273,681,0.0,12140,131,91142
6,91279,681,0.0,12141,131,91148
7,91286,681,0.0,12142,131,91155
8,91294,681,0.0,12143,131,91163
4,91298,681,0.0,12144,131,91167
3,91301,681,0.0,12145,131,91170
11,91312,681,0.0,12146,131,91181
3,91315,681,0.0,12147,131,91184
6,91321,681,0.0,12148,131,91190
4,91325,681,0.0,12149,131,91194
5,91330,681,0.0,12150,131,91199
3,91333,681,0.0,12151,131,91202
9,91342,681,0.0,12152,131,91211
2,91344,681,0.0,12153,131,91213
3,91347,681,0.0,12154,131,91216
8,91355,681,0.0,12155,131,91224
2,91357,681,0.0,12156,131,91226
5,91362,681,0.0,12157,131,91231
11,91373,681,0.0,12158,131,91242
3,91376,681,0.0,12159,131,91245
10,91386,681,0.0,12160,131,91255
7,91393,681,0.0,12161,131,91262
4,91397,681,0.0,12162,131,91266
4,91401,681,0.0,12163,131,91270
5,91406,681,0.0,12164,131,91275
2,91408,681,0.0,12165,131,91277
3,91411,681,0.0,12166,131,91280
4,91415,681,0.0,12167,131,91284
16,91431,682,1.0,12168,131,91300
7,91438,682,0.0,12169,131,91307
16,91454,682,0.0,12170,131,91323
11,91465,682,0.0,12171,131,91334
7,91472,682,0.0,12172,131,91341
16,91488,683,1.0,12173,131,91357
6,91494,683,0.0,12174,131,91363
3,91497,683,0.0,12175,131,91366
6,91503,683,0.0,12176,131,91372
10,91513,683,0.0,12177,131,91382
14,91527,683,0.0,12178,131,91396
8,91535,683,0.0,12179,131,91404
2,91537,683,0.0,12180,131,91406
5,91542,683,0.0,12181,131,91411
4,91546,683,0.0,12182,131,91415
8,91554,683,0.0,12183,131,91423
9,91563,683,0.0,12184,131,91432
4,91567,683,0.0,12185,131,91436
16,91583,684,1.0,12186,131,91452
6,91589,684,0.0,12187,131,91458
5,91594,684,0.0,12188,131,91463
11,91605,684,0.0,12189,131,91474
5,91610,684,0.0,12190,131,91479
4,91614,684,0.0,12191,131,91483
6,91620,684,0.0,12192,131,91489
6,91626,684,0.0,12193,131,91495
8,91634,684,0.0,12194,131,91503
5,91639,684,0.0,12195,131,91508
3,91642,684,0.0,12196,131,91511
9,91651,684,0.0,12197,131,91520
9,91660,684,0.0,12198,131,91529
11,91671,684,0.0,12199,131,91540
2,91673,684,0.0,12200,131,91542
7,91680,684,0.0,12201,131,91549
2,91682,684,0.0,12202,131,91551
6,91688,684,0.0,12203,131,91557
7,91695,684,0.0,12204,131,91564
4,91699,684,0.0,12205,131,91568
9,91708,684,0.0,12206,131,91577
8,91716,684,0.0,12207,131,91585
18,91734,684,0.0,12208,131,91603
4,91738,684,0.0,12209,131,91607
7,91745,684,0.0,12210,131,91614
6,91751,684,0.0,12211,131,91620
19,91770,684,0.0,12212,131,91639
4,91774,684,0.0,12213,131,91643
2,91776,684,0.0,12214,131,91645
16,91792,685,1.0,12215,131,91661
3,91795,685,0.0,12216,131,91664
2,91797,685,0.0,12217,131,91666
8,91805,686,1.0,12218,131,91674
14,91819,686,0.0,12219,131,91688
20,91839,686,0.0,12220,131,91708
12,91851,686,0.0,12221,131,91720
4,91855,686,0.0,12222,131,91724
5,91860,686,0.0,12223,131,91729
22,91882,686,0.0,12224,131,91751
5,91887,686,0.0,12225,131,91756
2,91889,686,0.0,12226,131,91758
4,91893,686,0.0,12227,131,91762
9,91902,686,0.0,12228,131,91771
15,91917,686,0.0,12229,131,91786
18,91935,686,0.0,12230,131,91804
20,91955,686,0.0,12231,131,91824
8,91963,687,1.0,12232,131,91832
7,91970,687,0.0,12233,131,91839
13,91983,687,0.0,12234,131,91852
10,91993,687,0.0,12235,131,91862
8,92001,688,1.0,12236,131,91870
4,92005,688,0.0,12237,131,91874
7,92012,688,0.0,12238,131,91881
2,92014,688,0.0,12239,131,91883
4,92018,688,0.0,12240,131,91887
17,92035,688,0.0,12241,131,91904
8,92043,688,0.0,12242,131,91912
3,92046,688,0.0,12243,131,91915
6,92052,688,0.0,12244,131,91921
3,92055,688,0.0,12245,131,91924
5,92060,688,0.0,12246,131,91929
2,92062,688,0.0,12247,131,91931
20,92082,688,0.0,12248,131,91951
2,92084,688,0.0,12249,131,91953
8,92092,689,1.0,12250,131,91961
11,92103,689,0.0,12251,131,91972
2,92105,689,0.0,12252,131,91974
5,92110,689,0.0,12253,131,91979
6,92116,689,0.0,12254,131,91985
16,92132,689,0.0,12255,131,92001
14,92146,689,0.0,12256,131,92015
4,92150,689,0.0,12257,131,92019
5,92155,689,0.0,12258,131,92024
5,92160,689,0.0,12259,131,92029
8,92168,689,0.0,12260,131,92037
9,92177,689,0.0,12261,131,92046
3,92180,689,0.0,12262,131,92049
8,92188,689,0.0,12263,131,92057
10,92198,689,0.0,12264,131,92067
2,92200,689,0.0,12265,131,92069
3,92203,689,0.0,12266,131,92072
8,92211,689,0.0,12267,131,92080
9,92220,689,0.0,12268,131,92089
3,92223,689,0.0,12269,131,92092
10,92233,689,0.0,12270,131,92102
4,92237,689,0.0,12271,131,92106
7,92244,689,0.0,12272,131,92113
2,92246,689,0.0,12273,131,92115
5,92251,689,0.0,12274,131,92120
3,92254,689,0.0,12275,131,92123
7,92261,689,0.0,12276,131,92130
3,92264,689,0.0,12277,131,92133
4,92268,689,0.0,12278,131,92137
5,92273,689,0.0,12279,131,92142
5,92278,689,0.0,12280,131,92147
20,92298,689,0.0,12281,131,92167
20,92318,689,0.0,12282,131,92187
6,92324,689,0.0,12283,131,92193
3,92327,689,0.0,12284,131,92196
2,92329,689,0.0,12285,131,92198
16,92345,689,0.0,12286,131,92214
3,92348,689,0.0,12287,131,92217
20,92368,689,0.0,12288,131,92237
5,92373,689,0.0,12289,131,92242
9,92382,689,0.0,12290,131,92251
5,92387,689,0.0,12291,131,92256
3,92390,689,0.0,12292,131,92259
14,92404,689,0.0,12293,131,92273
4,92408,689,0.0,12294,131,92277
14,92422,689,0.0,12295,131,92291
13,92435,690,1.0,12296,131,92304
2,92437,690,0.0,12297,131,92306
2,92439,690,0.0,12298,131,92308
4,92443,690,0.0,12299,131,92312
4,92447,690,0.0,12300,131,92316
9,92456,690,0.0,12301,131,92325
2,92458,690,0.0,12302,131,92327
3,92461,690,0.0,12303,131,92330
13,92474,690,0.0,12304,131,92343
7,92481,690,0.0,12305,131,92350
2,92483,690,0.0,12306,131,92352
9,92492,690,0.0,12307,131,92361
2,92494,690,0.0,12308,131,92363
3,92497,690,0.0,12309,131,92366
7,92504,690,0.0,12310,131,92373
3,92507,690,0.0,12311,131,92376
7,92514,690,0.0,12312,131,92383
8,92522,690,0.0,12313,131,92391
2,92524,690,0.0,12314,131,92393
17,92541,690,0.0,12315,131,92410
21,92562,690,0.0,12316,131,92431
10,92572,690,0.0,12317,131,92441
16,92588,691,1.0,12318,131,92457
2,92590,691,0.0,12319,131,92459
6,92596,691,0.0,12320,131,92465
8,92604,691,0.0,12321,131,92473
5,92609,691,0.0,12322,131,92478
2,92611,691,0.0,12323,131,92480
20,92631,691,0.0,12324,131,92500
20,92651,691,0.0,12325,131,92520
11,92662,691,0.0,12326,131,92531
14,92676,691,0.0,12327,131,92545
2,92678,691,0.0,12328,131,92547
31,92709,692,1.0,12329,131,92578
4,92713,692,0.0,12330,131,92582
2,92715,692,0.0,12331,131,92584
5,92720,692,0.0,12332,131,92589
10,92730,692,0.0,12333,131,92599
2,92732,692,0.0,12334,131,92601
9,92741,692,0.0,12335,131,92610
7,92748,692,0.0,12336,131,92617
2,92750,692,0.0,12337,131,92619
4,92754,692,0.0,12338,131,92623
3,92757,692,0.0,12339,131,92626
5,92762,692,0.0,12340,131,92631
15,92777,692,0.0,12341,131,92646
4,92781,692,0.0,12342,131,92650
23,92804,692,0.0,12343,131,92673
4,92808,692,0.0,12344,131,92677
20,92828,692,0.0,12345,131,92697
9,92837,692,0.0,12346,131,92706
6,92843,692,0.0,12347,131,92712
3,92846,692,0.0,12348,131,92715
5,92851,692,0.0,12349,131,92720
16,92867,693,1.0,12350,131,92736
5,92872,693,0.0,12351,131,92741
3,92875,693,0.0,12352,131,92744
7,92882,693,0.0,12353,131,92751
11,92893,693,0.0,12354,131,92762
7,92900,693,0.0,12355,131,92769
13,92913,693,0.0,12356,131,92782
7,92920,693,0.0,12357,131,92789
2,92922,693,0.0,12358,131,92791
5,92927,693,0.0,12359,131,92796
7,92934,693,0.0,12360,131,92803
9,92943,693,0.0,12361,131,92812
8,92951,693,0.0,12362,131,92820
2,92953,693,0.0,12363,131,92822
6,92959,693,0.0,12364,131,92828
3,92962,693,0.0,12365,131,92831
6,92968,693,0.0,12366,131,92837
6,92974,693,0.0,12367,131,92843
23,92997,693,0.0,12368,131,92866
14,93011,693,0.0,12369,131,92880
9,93020,693,0.0,12370,131,92889
5,93025,693,0.0,12371,131,92894
2,93027,693,0.0,12372,131,92896
2,93029,693,0.0,12373,131,92898
2,93031,693,0.0,12374,131,92900
9,93040,693,0.0,12375,131,92909
4,93044,693,0.0,12376,131,92913
4,93048,693,0.0,12377,131,92917
9,93057,693,0.0,12378,131,92926
10,93067,693,0.0,12379,131,92936
9,93076,693,0.0,12380,131,92945
4,93080,693,0.0,12381,131,92949
21,93101,693,0.0,12382,131,92970
4,93105,693,0.0,12383,131,92974
7,93112,693,0.0,12384,131,92981
4,93116,693,0.0,12385,131,92985
8,93124,693,0.0,12386,131,92993
9,93133,693,0.0,12387,131,93002
5,93138,693,0.0,12388,131,93007
3,93141,693,0.0,12389,131,93010
20,93161,693,0.0,12390,131,93030
6,93167,693,0.0,12391,131,93036
4,93171,693,0.0,12392,131,93040
9,93180,693,0.0,12393,131,93049
12,93192,694,1.0,12394,131,93061
4,93196,694,0.0,12395,131,93065
2,93198,694,0.0,12396,131,93067
22,93220,694,0.0,12397,131,93089
3,93223,694,0.0,12398,131,93092
4,93227,694,0.0,12399,131,93096
4,93231,694,0.0,12400,131,93100
7,93238,694,0.0,12401,131,93107
15,93253,694,0.0,12402,131,93122
6,93259,694,0.0,12403,131,93128
2,93261,694,0.0,12404,131,93130
5,93266,694,0.0,12405,131,93135
2,93268,694,0.0,12406,131,93137
13,93281,694,0.0,12407,131,93150
2,93283,694,0.0,12408,131,93152
2,93285,694,0.0,12409,131,93154
4,93289,694,0.0,12410,131,93158
6,93295,694,0.0,12411,131,93164
4,93299,694,0.0,12412,131,93168
8,93307,695,1.0,12413,131,93176
8,93315,695,0.0,12414,131,93184
11,93326,695,0.0,12415,131,93195
4,93330,695,0.0,12416,131,93199
4,93334,695,0.0,12417,131,93203
5,93339,695,0.0,12418,131,93208
4,93343,695,0.0,12419,131,93212
3,93346,695,0.0,12420,131,93215
3,93349,695,0.0,12421,131,93218
6,93355,695,0.0,12422,131,93224
16,93371,695,0.0,12423,131,93240
4,93375,695,0.0,12424,131,93244
6,93381,695,0.0,12425,131,93250
4,93385,695,0.0,12426,131,93254
5,93390,695,0.0,12427,131,93259
3,93393,695,0.0,12428,131,93262
20,93413,695,0.0,12429,131,93282
6,93419,695,0.0,12430,131,93288
9,93428,695,0.0,12431,131,93297
4,93432,695,0.0,12432,131,93301
4,93436,695,0.0,12433,131,93305
16,93452,695,0.0,12434,131,93321
2,93454,695,0.0,12435,131,93323
4,93458,695,0.0,12436,131,93327
6,93464,695,0.0,12437,131,93333
2,93466,695,0.0,12438,131,93335
4,93470,695,0.0,12439,131,93339
5,93475,695,0.0,12440,131,93344
9,93484,695,0.0,12441,131,93353
10,93494,695,0.0,12442,131,93363
2,93496,695,0.0,12443,131,93365
14,93510,695,0.0,12444,131,93379
4,93514,695,0.0,12445,131,93383
4,93518,695,0.0,12446,131,93387
3,93521,695,0.0,12447,131,93390
16,93537,696,1.0,12448,131,93406
10,93547,697,1.0,12449,131,93416
4,93551,697,0.0,12450,131,93420
2,93553,697,0.0,12451,131,93422
2,93555,697,0.0,12452,131,93424
2,93557,697,0.0,12453,131,93426
15,93572,697,0.0,12454,131,93441
3,93575,697,0.0,12455,131,93444
4,93579,697,0.0,12456,131,93448
7,93586,697,0.0,12457,131,93455
2,93588,697,0.0,12458,131,93457
3,93591,697,0.0,12459,131,93460
17,93608,697,0.0,12460,131,93477
4,93612,697,0.0,12461,131,93481
7,93619,697,0.0,12462,131,93488
13,93632,697,0.0,12463,131,93501
4,93636,697,0.0,12464,131,93505
5,93641,697,0.0,12465,131,93510
3,93644,697,0.0,12466,131,93513
3,93647,697,0.0,12467,131,93516
13,93660,697,0.0,12468,131,93529
4,93664,697,0.0,12469,131,93533
2,93666,697,0.0,12470,131,93535
3,93669,697,0.0,12471,131,93538
18,93687,697,0.0,12472,131,93556
20,93707,697,0.0,12473,131,93576
13,93720,697,0.0,12474,131,93589
3,93723,697,0.0,12475,131,93592
5,93728,697,0.0,12476,131,93597
4,93732,697,0.0,12477,131,93601
4,93736,697,0.0,12478,131,93605
5,93741,697,0.0,12479,131,93610
6,93747,697,0.0,12480,131,93616
14,93761,697,0.0,12481,131,93630
3,93764,697,0.0,12482,131,93633
2,93766,697,0.0,12483,131,93635
8,93774,697,0.0,12484,131,93643
14,93788,697,0.0,12485,131,93657
9,93797,697,0.0,12486,131,93666
13,93810,697,0.0,12487,131,93679
2,93812,697,0.0,12488,131,93681
6,93818,697,0.0,12489,131,93687
4,93822,697,0.0,12490,131,93691
7,93829,697,0.0,12491,131,93698
2,93831,697,0.0,12492,131,93700
5,93836,697,0.0,12493,131,93705
2,93838,697,0.0,12494,131,93707
5,93843,697,0.0,12495,131,93712
2,93845,697,0.0,12496,131,93714
2,93847,697,0.0,12497,131,93716
2,93849,697,0.0,12498,131,93718
12,93861,697,0.0,12499,131,93730
2,93863,697,0.0,12500,131,93732
2,93865,697,0.0,12501,131,93734
15,93880,697,0.0,12502,131,93749
8,93888,698,1.0,12503,131,93757
2,93890,698,0.0,12504,131,93759
9,93899,698,0.0,12505,131,93768
9,93908,698,0.0,12506,131,93777
17,93925,698,0.0,12507,131,93794
4,93929,698,0.0,12508,131,93798
2,93931,698,0.0,12509,131,93800
10,93941,698,0.0,12510,131,93810
14,93955,698,0.0,12511,131,93824
4,93959,698,0.0,12512,131,93828
2,93961,698,0.0,12513,131,93830
13,93974,698,0.0,12514,131,93843
4,93978,698,0.0,12515,131,93847
2,93980,698,0.0,12516,131,93849
2,93982,698,0.0,12517,131,93851
3,93985,698,0.0,12518,131,93854
20,94005,698,0.0,12519,131,93874
2,94007,698,0.0,12520,131,93876
2,94009,698,0.0,12521,131,93878
2,94011,698,0.0,12522,131,93880
5,94016,698,0.0,12523,131,93885
4,94020,698,0.0,12524,131,93889
3,94023,698,0.0,12525,131,93892
6,94029,698,0.0,12526,131,93898
4,94033,698,0.0,12527,131,93902
8,94041,699,1.0,12528,131,93910
5,94046,699,0.0,12529,131,93915
20,94066,699,0.0,12530,131,93935
6,94072,699,0.0,12531,131,93941
15,94087,699,0.0,12532,131,93956
2,94089,699,0.0,12533,131,93958
7,94096,699,0.0,12534,131,93965
2,94098,699,0.0,12535,131,93967
12,94110,699,0.0,12536,131,93979
4,94114,699,0.0,12537,131,93983
2,94116,699,0.0,12538,131,93985
13,94129,699,0.0,12539,131,93998
6,94135,699,0.0,12540,131,94004
12,94147,699,0.0,12541,131,94016
16,94163,700,1.0,12542,131,94032
16,94179,700,0.0,12543,131,94048
3,94182,700,0.0,12544,131,94051
2,94184,700,0.0,12545,131,94053
9,94193,700,0.0,12546,131,94062
7,94200,700,0.0,12547,131,94069
4,94204,700,0.0,12548,131,94073
14,94218,700,0.0,12549,131,94087
3,94221,700,0.0,12550,131,94090
10,94231,700,0.0,12551,131,94100
2,94233,700,0.0,12552,131,94102
6,94239,700,0.0,12553,131,94108
6,94245,700,0.0,12554,131,94114
21,94266,700,0.0,12555,131,94135
19,94285,700,0.0,12556,131,94154
8,94293,701,1.0,12557,131,94162
9,94302,701,0.0,12558,131,94171
9,94311,701,0.0,12559,131,94180
9,94320,701,0.0,12560,131,94189
3,94323,701,0.0,12561,131,94192
2,94325,701,0.0,12562,131,94194
5,94330,701,0.0,12563,131,94199
5,94335,701,0.0,12564,131,94204
2,94337,701,0.0,12565,131,94206
7,94344,701,0.0,12566,131,94213
8,94352,701,0.0,12567,131,94221
8,94360,701,0.0,12568,131,94229
5,94365,701,0.0,12569,131,94234
8,94373,702,1.0,12570,131,94242
7,94380,702,0.0,12571,131,94249
6,94386,702,0.0,12572,131,94255
2,94388,702,0.0,12573,131,94257
12,94400,702,0.0,12574,131,94269
6,94406,702,0.0,12575,131,94275
8,94414,703,1.0,12576,131,94283
4,94418,703,0.0,12577,131,94287
5,94423,703,0.0,12578,131,94292
5,94428,703,0.0,12579,131,94297
18,94446,703,0.0,12580,131,94315
4,94450,703,0.0,12581,131,94319
11,94461,703,0.0,12582,131,94330
3,94464,703,0.0,12583,131,94333
6,94470,703,0.0,12584,131,94339
3,94473,703,0.0,12585,131,94342
6,94479,703,0.0,12586,131,94348
4,94483,703,0.0,12587,131,94352
8,94491,704,1.0,12588,131,94360
4,94495,704,0.0,12589,131,94364
3,94498,704,0.0,12590,131,94367
4,94502,704,0.0,12591,131,94371
16,94518,704,0.0,12592,131,94387
8,94526,704,0.0,12593,131,94395
16,94542,704,0.0,12594,131,94411
16,94558,705,1.0,12595,131,94427
5,94563,705,0.0,12596,131,94432
18,94581,705,0.0,12597,131,94450
9,94590,705,0.0,12598,131,94459
5,94595,705,0.0,12599,131,94464
4,94599,705,0.0,12600,131,94468
5,94604,705,0.0,12601,131,94473
16,94620,705,0.0,12602,131,94489
4,94624,705,0.0,12603,131,94493
2,94626,705,0.0,12604,131,94495
2,94628,705,0.0,12605,131,94497
2,94630,705,0.0,12606,131,94499
13,94643,705,0.0,12607,131,94512
8,94651,705,0.0,12608,131,94520
20,94671,705,0.0,12609,131,94540
3,94674,705,0.0,12610,131,94543
6,94680,705,0.0,12611,131,94549
5,94685,705,0.0,12612,131,94554
31,94716,706,1.0,12613,131,94585
4,94720,706,0.0,12614,131,94589
5,94725,706,0.0,12615,131,94594
13,94738,706,0.0,12616,131,94607
4,94742,706,0.0,12617,131,94611
12,94754,706,0.0,12618,131,94623
23,94777,707,1.0,12619,131,94646
16,94793,707,0.0,12620,131,94662
5,94798,707,0.0,12621,131,94667
7,94805,707,0.0,12622,131,94674
7,94812,707,0.0,12623,131,94681
8,94820,708,1.0,12624,131,94689
4,94824,708,0.0,12625,131,94693
3,94827,708,0.0,12626,131,94696
5,94832,708,0.0,12627,131,94701
20,94852,708,0.0,12628,131,94721
5,94857,708,0.0,12629,131,94726
3,94860,708,0.0,12630,131,94729
4,94864,708,0.0,12631,131,94733
6,94870,708,0.0,12632,131,94739
10,94880,708,0.0,12633,131,94749
14,94894,708,0.0,12634,131,94763
3,94897,708,0.0,12635,131,94766
2,94899,708,0.0,12636,131,94768
3,94902,708,0.0,12637,131,94771
2,94904,708,0.0,12638,131,94773
5,94909,708,0.0,12639,131,94778
8,94917,708,0.0,12640,131,94786
15,94932,708,0.0,12641,131,94801
8,94940,708,0.0,12642,131,94809
3,94943,708,0.0,12643,131,94812
4,94947,708,0.0,12644,131,94816
3,94950,708,0.0,12645,131,94819
16,94966,709,1.0,12646,131,94835
2,94968,709,0.0,12647,131,94837
4,94972,709,0.0,12648,131,94841
4,94976,709,0.0,12649,131,94845
7,94983,709,0.0,12650,131,94852
7,94990,709,0.0,12651,131,94859
2,94992,709,0.0,12652,131,94861
2,94994,709,0.0,12653,131,94863
2,94996,709,0.0,12654,131,94865
18,95014,709,0.0,12655,131,94883
13,95027,709,0.0,12656,131,94896
6,95033,709,0.0,12657,131,94902
7,95040,709,0.0,12658,131,94909
2,95042,709,0.0,12659,131,94911
8,95050,709,0.0,12660,131,94919
9,95059,709,0.0,12661,131,94928
20,95079,709,0.0,12662,131,94948
20,95099,709,0.0,12663,131,94968
3,95102,709,0.0,12664,131,94971
3,95105,709,0.0,12665,131,94974
6,95111,709,0.0,12666,131,94980
2,95113,709,0.0,12667,131,94982
24,95137,709,0.0,12668,131,95006
3,95140,709,0.0,12669,131,95009
7,95147,709,0.0,12670,131,95016
3,95150,709,0.0,12671,131,95019
3,95153,709,0.0,12672,131,95022
11,95164,709,0.0,12673,131,95033
11,95175,709,0.0,12674,131,95044
6,95181,709,0.0,12675,131,95050
9,95190,709,0.0,12676,131,95059
5,95195,709,0.0,12677,131,95064
5,95200,709,0.0,12678,131,95069
9,95209,709,0.0,12679,131,95078
10,95219,709,0.0,12680,131,95088
20,95239,709,0.0,12681,131,95108
10,95249,709,0.0,12682,131,95118
4,95253,709,0.0,12683,131,95122
6,95259,709,0.0,12684,131,95128
8,95267,710,1.0,12685,131,95136
2,95269,710,0.0,12686,131,95138
9,95278,710,0.0,12687,131,95147
6,95284,710,0.0,12688,131,95153
14,95298,710,0.0,12689,131,95167
6,95304,710,0.0,12690,131,95173
4,95308,710,0.0,12691,131,95177
3,95311,710,0.0,12692,131,95180
5,95316,710,0.0,12693,131,95185
11,95327,710,0.0,12694,131,95196
8,95335,711,1.0,12695,131,95204
5,95340,711,0.0,12696,131,95209
13,95353,711,0.0,12697,131,95222
31,95384,711,0.0,12698,131,95253
28,95412,711,0.0,12699,131,95281
24,95436,711,0.0,12700,131,95305
7,95443,711,0.0,12701,131,95312
15,95458,711,0.0,12702,131,95327
9,95467,711,0.0,12703,131,95336
7,95474,711,0.0,12704,131,95343
4,95478,711,0.0,12705,131,95347
13,95491,711,0.0,12706,131,95360
20,95511,711,0.0,12707,131,95380
7,95518,711,0.0,12708,131,95387
20,95538,711,0.0,12709,131,95407
6,95544,711,0.0,12710,131,95413
5,95549,711,0.0,12711,131,95418
2,95551,711,0.0,12712,131,95420
11,95562,711,0.0,12713,131,95431
2,95564,711,0.0,12714,131,95433
10,95574,711,0.0,12715,131,95443
5,95579,711,0.0,12716,131,95448
5,95584,711,0.0,12717,131,95453
2,95586,711,0.0,12718,131,95455
3,95589,711,0.0,12719,131,95458
8,95597,711,0.0,12720,131,95466
4,95601,711,0.0,12721,131,95470
8,95609,712,1.0,12722,131,95478
9,95618,712,0.0,12723,131,95487
4,95622,712,0.0,12724,131,95491
4,95626,712,0.0,12725,131,95495
6,95632,712,0.0,12726,131,95501
5,95637,712,0.0,12727,131,95506
7,95644,712,0.0,12728,131,95513
9,95653,712,0.0,12729,131,95522
15,95668,712,0.0,12730,131,95537
3,95671,712,0.0,12731,131,95540
2,95673,712,0.0,12732,131,95542
5,95678,712,0.0,12733,131,95547
2,95680,712,0.0,12734,131,95549
6,95686,712,0.0,12735,131,95555
2,95688,712,0.0,12736,131,95557
17,95705,712,0.0,12737,132,95573
9,95714,712,0.0,12738,132,95582
9,95723,712,0.0,12739,132,95591
10,95733,712,0.0,12740,132,95601
5,95738,712,0.0,12741,132,95606
12,95750,712,0.0,12742,132,95618
9,95759,712,0.0,12743,132,95627
3,95762,712,0.0,12744,132,95630
5,95767,712,0.0,12745,132,95635
2,95769,712,0.0,12746,132,95637
17,95786,712,0.0,12747,132,95654
3,95789,712,0.0,12748,132,95657
3,95792,712,0.0,12749,132,95660
13,95805,712,0.0,12750,132,95673
12,95817,712,0.0,12751,132,95685
2,95819,712,0.0,12752,132,95687
3,95822,712,0.0,12753,132,95690
2,95824,712,0.0,12754,132,95692
2,95826,712,0.0,12755,132,95694
15,95841,712,0.0,12756,132,95709
4,95845,712,0.0,12757,132,95713
9,95854,712,0.0,12758,132,95722
4,95858,712,0.0,12759,132,95726
20,95878,712,0.0,12760,132,95746
5,95883,712,0.0,12761,132,95751
5,95888,712,0.0,12762,132,95756
4,95892,712,0.0,12763,132,95760
6,95898,712,0.0,12764,132,95766
5,95903,712,0.0,12765,132,95771
7,95910,712,0.0,12766,132,95778
6,95916,712,0.0,12767,132,95784
7,95923,712,0.0,12768,132,95791
2,95925,712,0.0,12769,132,95793
2,95927,712,0.0,12770,132,95795
26,95953,712,0.0,12771,132,95821
11,95964,712,0.0,12772,132,95832
6,95970,712,0.0,12773,132,95838
7,95977,712,0.0,12774,132,95845
4,95981,712,0.0,12775,132,95849
3,95984,712,0.0,12776,132,95852
14,95998,712,0.0,12777,132,95866
14,96012,712,0.0,12778,132,95880
17,96029,712,0.0,12779,132,95897
9,96038,712,0.0,12780,132,95906
9,96047,712,0.0,12781,132,95915
9,96056,712,0.0,12782,132,95924
9,96065,712,0.0,12783,132,95933
3,96068,712,0.0,12784,132,95936
19,96087,712,0.0,12785,132,95955
6,96093,712,0.0,12786,132,95961
5,96098,712,0.0,12787,132,95966
6,96104,712,0.0,12788,132,95972
5,96109,712,0.0,12789,132,95977
6,96115,712,0.0,12790,132,95983
6,96121,712,0.0,12791,132,95989
7,96128,712,0.0,12792,132,95996
5,96133,712,0.0,12793,132,96001
2,96135,712,0.0,12794,132,96003
10,96145,712,0.0,12795,132,96013
15,96160,712,0.0,12796,132,96028
11,96171,712,0.0,12797,132,96039
7,96178,712,0.0,12798,132,96046
2,96180,712,0.0,12799,132,96048
8,96188,712,0.0,12800,132,96056
15,96203,712,0.0,12801,132,96071
2,96205,712,0.0,12802,132,96073
3,96208,712,0.0,12803,132,96076
5,96213,712,0.0,12804,132,96081
5,96218,712,0.0,12805,132,96086
2,96220,712,0.0,12806,132,96088
3,96223,712,0.0,12807,132,96091
16,96239,712,0.0,12808,132,96107
3,96242,712,0.0,12809,132,96110
11,96253,712,0.0,12810,132,96121
2,96255,712,0.0,12811,132,96123
4,96259,712,0.0,12812,132,96127
5,96264,712,0.0,12813,132,96132
14,96278,712,0.0,12814,132,96146
6,96284,712,0.0,12815,132,96152
4,96288,712,0.0,12816,132,96156
3,96291,712,0.0,12817,132,96159
8,96299,712,0.0,12818,132,96167
2,96301,712,0.0,12819,132,96169
8,96309,712,0.0,12820,132,96177
3,96312,712,0.0,12821,132,96180
5,96317,712,0.0,12822,132,96185
16,96333,712,0.0,12823,132,96201
5,96338,712,0.0,12824,132,96206
5,96343,712,0.0,12825,132,96211
5,96348,712,0.0,12826,132,96216
3,96351,712,0.0,12827,132,96219
5,96356,712,0.0,12828,132,96224
6,96362,712,0.0,12829,132,96230
2,96364,712,0.0,12830,132,96232
20,96384,712,0.0,12831,132,96252
2,96386,712,0.0,12832,132,96254
17,96403,712,0.0,12833,132,96271
8,96411,713,1.0,12834,132,96279
7,96418,713,0.0,12835,132,96286
3,96421,713,0.0,12836,132,96289
9,96430,713,0.0,12837,132,96298
10,96440,713,0.0,12838,132,96308
10,96450,713,0.0,12839,132,96318
23,96473,714,1.0,12840,132,96341
6,96479,714,0.0,12841,132,96347
2,96481,714,0.0,12842,132,96349
2,96483,714,0.0,12843,132,96351
6,96489,714,0.0,12844,132,96357
16,96505,714,0.0,12845,132,96373
3,96508,714,0.0,12846,132,96376
5,96513,714,0.0,12847,133,96380
4,96517,714,0.0,12848,133,96384
4,96521,714,0.0,12849,133,96388
4,96525,714,0.0,12850,133,96392
3,96528,714,0.0,12851,133,96395
6,96534,714,0.0,12852,133,96401
6,96540,714,0.0,12853,133,96407
3,96543,714,0.0,12854,133,96410
5,96548,714,0.0,12855,133,96415
6,96554,714,0.0,12856,133,96421
9,96563,714,0.0,12857,133,96430
9,96572,714,0.0,12858,133,96439
14,96586,714,0.0,12859,133,96453
3,96589,714,0.0,12860,133,96456
6,96595,714,0.0,12861,133,96462
6,96601,714,0.0,12862,133,96468
4,96605,714,0.0,12863,133,96472
9,96614,714,0.0,12864,133,96481
5,96619,714,0.0,12865,133,96486
16,96635,715,1.0,12866,133,96502
4,96639,715,0.0,12867,133,96506
5,96644,715,0.0,12868,133,96511
4,96648,715,0.0,12869,133,96515
20,96668,715,0.0,12870,133,96535
6,96674,715,0.0,12871,133,96541
4,96678,715,0.0,12872,133,96545
9,96687,715,0.0,12873,133,96554
5,96692,715,0.0,12874,133,96559
5,96697,715,0.0,12875,133,96564
3,96700,715,0.0,12876,133,96567
16,96716,716,1.0,12877,133,96583
5,96721,716,0.0,12878,133,96588
4,96725,716,0.0,12879,133,96592
2,96727,716,0.0,12880,133,96594
4,96731,716,0.0,12881,133,96598
9,96740,716,0.0,12882,133,96607
6,96746,716,0.0,12883,133,96613
15,96761,716,0.0,12884,133,96628
5,96766,716,0.0,12885,133,96633
3,96769,716,0.0,12886,133,96636
6,96775,716,0.0,12887,133,96642
4,96779,716,0.0,12888,133,96646
5,96784,716,0.0,12889,133,96651
4,96788,716,0.0,12890,133,96655
4,96792,716,0.0,12891,133,96659
2,96794,716,0.0,12892,133,96661
4,96798,716,0.0,12893,133,96665
20,96818,716,0.0,12894,133,96685
3,96821,716,0.0,12895,133,96688
4,96825,716,0.0,12896,133,96692
9,96834,716,0.0,12897,133,96701
8,96842,716,0.0,12898,133,96709
3,96845,716,0.0,12899,133,96712
4,96849,716,0.0,12900,133,96716
7,96856,716,0.0,12901,133,96723
8,96864,716,0.0,12902,133,96731
9,96873,716,0.0,12903,133,96740
4,96877,716,0.0,12904,133,96744
7,96884,716,0.0,12905,133,96751
8,96892,717,1.0,12906,133,96759
18,96910,717,0.0,12907,133,96777
8,96918,717,0.0,12908,133,96785
20,96938,717,0.0,12909,133,96805
7,96945,717,0.0,12910,133,96812
8,96953,717,0.0,12911,133,96820
20,96973,717,0.0,12912,133,96840
26,96999,717,0.0,12913,133,96866
8,97007,718,1.0,12914,133,96874
4,97011,718,0.0,12915,133,96878
4,97015,718,0.0,12916,133,96882
17,97032,718,0.0,12917,133,96899
20,97052,718,0.0,12918,133,96919
4,97056,718,0.0,12919,133,96923
3,97059,718,0.0,12920,133,96926
4,97063,718,0.0,12921,133,96930
6,97069,718,0.0,12922,133,96936
5,97074,718,0.0,12923,133,96941
16,97090,718,0.0,12924,133,96957
4,97094,718,0.0,12925,133,96961
9,97103,718,0.0,12926,133,96970
4,97107,718,0.0,12927,133,96974
5,97112,718,0.0,12928,133,96979
4,97116,718,0.0,12929,133,96983
5,97121,718,0.0,12930,133,96988
11,97132,718,0.0,12931,133,96999
5,97137,718,0.0,12932,133,97004
16,97153,719,1.0,12933,133,97020
20,97173,719,0.0,12934,133,97040
16,97189,719,0.0,12935,133,97056
6,97195,719,0.0,12936,133,97062
7,97202,719,0.0,12937,133,97069
13,97215,719,0.0,12938,133,97082
17,97232,719,0.0,12939,133,97099
6,97238,719,0.0,12940,133,97105
4,97242,719,0.0,12941,133,97109
2,97244,719,0.0,12942,133,97111
8,97252,720,1.0,12943,133,97119
12,97264,720,0.0,12944,133,97131
7,97271,720,0.0,12945,133,97138
7,97278,720,0.0,12946,133,97145
6,97284,720,0.0,12947,133,97151
18,97302,720,0.0,12948,133,97169
12,97314,720,0.0,12949,133,97181
6,97320,720,0.0,12950,133,97187
5,97325,720,0.0,12951,133,97192
2,97327,720,0.0,12952,133,97194
19,97346,720,0.0,12953,133,97213
5,97351,720,0.0,12954,133,97218
5,97356,720,0.0,12955,133,97223
7,97363,720,0.0,12956,133,97230
16,97379,721,1.0,12957,133,97246
4,97383,721,0.0,12958,133,97250
15,97398,721,0.0,12959,133,97265
8,97406,721,0.0,12960,133,97273
3,97409,721,0.0,12961,133,97276
3,97412,721,0.0,12962,133,97279
24,97436,721,0.0,12963,133,97303
5,97441,721,0.0,12964,133,97308
4,97445,721,0.0,12965,133,97312
7,97452,721,0.0,12966,133,97319
9,97461,721,0.0,12967,133,97328
6,97467,721,0.0,12968,134,97333
7,97474,721,0.0,12969,134,97340
4,97478,721,0.0,12970,134,97344
2,97480,721,0.0,12971,134,97346
18,97498,721,0.0,12972,134,97364
4,97502,721,0.0,12973,134,97368
4,97506,721,0.0,12974,134,97372
3,97509,721,0.0,12975,134,97375
3,97512,721,0.0,12976,134,97378
4,97516,721,0.0,12977,134,97382
10,97526,721,0.0,12978,134,97392
9,97535,721,0.0,12979,134,97401
6,97541,721,0.0,12980,134,97407
7,97548,721,0.0,12981,134,97414
9,97557,721,0.0,12982,134,97423
6,97563,721,0.0,12983,134,97429
9,97572,721,0.0,12984,134,97438
17,97589,721,0.0,12985,134,97455
7,97596,721,0.0,12986,134,97462
9,97605,721,0.0,12987,134,97471
6,97611,721,0.0,12988,134,97477
5,97616,721,0.0,12989,134,97482
4,97620,721,0.0,12990,134,97486
7,97627,721,0.0,12991,134,97493
4,97631,721,0.0,12992,134,97497
5,97636,721,0.0,12993,134,97502
3,97639,721,0.0,12994,134,97505
9,97648,721,0.0,12995,134,97514
2,97650,721,0.0,12996,134,97516
4,97654,721,0.0,12997,134,97520
16,97670,722,1.0,12998,134,97536
16,97686,723,1.0,12999,134,97552
20,97706,723,0.0,13000,134,97572
7,97713,723,0.0,13001,134,97579
5,97718,723,0.0,13002,134,97584
3,97721,723,0.0,13003,134,97587
20,97741,723,0.0,13004,134,97607
11,97752,723,0.0,13005,134,97618
14,97766,723,0.0,13006,134,97632
4,97770,723,0.0,13007,134,97636
3,97773,723,0.0,13008,134,97639
4,97777,723,0.0,13009,134,97643
5,97782,723,0.0,13010,134,97648
5,97787,723,0.0,13011,134,97653
3,97790,723,0.0,13012,134,97656
2,97792,723,0.0,13013,134,97658
4,97796,723,0.0,13014,134,97662
7,97803,723,0.0,13015,135,97668
15,97818,723,0.0,13016,135,97683
4,97822,723,0.0,13017,135,97687
4,97826,723,0.0,13018,135,97691
7,97833,723,0.0,13019,135,97698
4,97837,723,0.0,13020,135,97702
5,97842,723,0.0,13021,135,97707
5,97847,723,0.0,13022,135,97712
11,97858,723,0.0,13023,135,97723
4,97862,723,0.0,13024,135,97727
7,97869,723,0.0,13025,135,97734
8,97877,724,1.0,13026,135,97742
20,97897,724,0.0,13027,135,97762
5,97902,724,0.0,13028,135,97767
27,97929,724,0.0,13029,135,97794
7,97936,724,0.0,13030,135,97801
18,97954,724,0.0,13031,135,97819
2,97956,724,0.0,13032,135,97821
6,97962,724,0.0,13033,135,97827
6,97968,724,0.0,13034,135,97833
24,97992,724,0.0,13035,135,97857
12,98004,725,1.0,13036,135,97869
7,98011,725,0.0,13037,135,97876
6,98017,725,0.0,13038,135,97882
20,98037,725,0.0,13039,135,97902
27,98064,725,0.0,13040,135,97929
33,98097,725,0.0,13041,135,97962
7,98104,725,0.0,13042,135,97969
2,98106,725,0.0,13043,135,97971
2,98108,725,0.0,13044,135,97973
7,98115,725,0.0,13045,135,97980
17,98132,725,0.0,13046,135,97997
3,98135,725,0.0,13047,135,98000
13,98148,725,0.0,13048,135,98013
5,98153,725,0.0,13049,135,98018
6,98159,725,0.0,13050,135,98024
7,98166,725,0.0,13051,135,98031
6,98172,725,0.0,13052,135,98037
7,98179,725,0.0,13053,135,98044
5,98184,725,0.0,13054,135,98049
20,98204,725,0.0,13055,135,98069
3,98207,725,0.0,13056,135,98072
4,98211,725,0.0,13057,135,98076
5,98216,725,0.0,13058,135,98081
6,98222,725,0.0,13059,135,98087
10,98232,725,0.0,13060,135,98097
4,98236,725,0.0,13061,135,98101
9,98245,725,0.0,13062,135,98110
5,98250,725,0.0,13063,135,98115
4,98254,725,0.0,13064,135,98119
20,98274,725,0.0,13065,135,98139
5,98279,725,0.0,13066,135,98144
5,98284,725,0.0,13067,135,98149
2,98286,725,0.0,13068,135,98151
2,98288,725,0.0,13069,135,98153
2,98290,725,0.0,13070,135,98155
16,98306,725,0.0,13071,135,98171
5,98311,725,0.0,13072,135,98176
8,98319,726,1.0,13073,135,98184
25,98344,726,0.0,13074,135,98209
5,98349,726,0.0,13075,135,98214
3,98352,726,0.0,13076,135,98217
11,98363,726,0.0,13077,135,98228
6,98369,726,0.0,13078,135,98234
4,98373,726,0.0,13079,135,98238
17,98390,726,0.0,13080,135,98255
7,98397,726,0.0,13081,135,98262
26,98423,726,0.0,13082,135,98288
7,98430,726,0.0,13083,135,98295
2,98432,726,0.0,13084,135,98297
9,98441,726,0.0,13085,135,98306
13,98454,726,0.0,13086,135,98319
27,98481,726,0.0,13087,135,98346
2,98483,726,0.0,13088,135,98348
11,98494,726,0.0,13089,135,98359
7,98501,726,0.0,13090,135,98366
9,98510,726,0.0,13091,135,98375
6,98516,726,0.0,13092,135,98381
4,98520,726,0.0,13093,135,98385
9,98529,726,0.0,13094,135,98394
2,98531,726,0.0,13095,135,98396
5,98536,726,0.0,13096,135,98401
2,98538,726,0.0,13097,135,98403
16,98554,727,1.0,13098,135,98419
4,98558,727,0.0,13099,135,98423
5,98563,727,0.0,13100,135,98428
8,98571,727,0.0,13101,135,98436
5,98576,727,0.0,13102,135,98441
2,98578,727,0.0,13103,135,98443
7,98585,727,0.0,13104,135,98450
7,98592,727,0.0,13105,135,98457
9,98601,727,0.0,13106,135,98466
4,98605,727,0.0,13107,135,98470
2,98607,727,0.0,13108,135,98472
3,98610,727,0.0,13109,135,98475
5,98615,727,0.0,13110,135,98480
4,98619,727,0.0,13111,135,98484
9,98628,727,0.0,13112,135,98493
7,98635,727,0.0,13113,135,98500
15,98650,727,0.0,13114,135,98515
5,98655,727,0.0,13115,135,98520
5,98660,727,0.0,13116,135,98525
16,98676,728,1.0,13117,135,98541
7,98683,728,0.0,13118,135,98548
4,98687,728,0.0,13119,135,98552
35,98722,728,0.0,13120,135,98587
8,98730,728,0.0,13121,135,98595
2,98732,728,0.0,13122,135,98597
20,98752,728,0.0,13123,135,98617
6,98758,728,0.0,13124,135,98623
9,98767,728,0.0,13125,135,98632
13,98780,728,0.0,13126,135,98645
5,98785,728,0.0,13127,135,98650
3,98788,728,0.0,13128,135,98653
5,98793,728,0.0,13129,135,98658
6,98799,728,0.0,13130,135,98664
20,98819,728,0.0,13131,135,98684
6,98825,728,0.0,13132,135,98690
2,98827,728,0.0,13133,135,98692
9,98836,728,0.0,13134,135,98701
9,98845,728,0.0,13135,135,98710
3,98848,728,0.0,13136,135,98713
5,98853,728,0.0,13137,135,98718
16,98869,728,0.0,13138,135,98734
16,98885,728,0.0,13139,135,98750
9,98894,728,0.0,13140,135,98759
2,98896,728,0.0,13141,135,98761
13,98909,728,0.0,13142,135,98774
10,98919,728,0.0,13143,135,98784
16,98935,729,1.0,13144,135,98800
3,98938,729,0.0,13145,135,98803
5,98943,729,0.0,13146,136,98807
6,98949,729,0.0,13147,136,98813
2,98951,729,0.0,13148,136,98815
11,98962,729,0.0,13149,136,98826
8,98970,729,0.0,13150,136,98834
3,98973,729,0.0,13151,136,98837
17,98990,729,0.0,13152,136,98854
11,99001,729,0.0,13153,136,98865
7,99008,729,0.0,13154,136,98872
27,99035,729,0.0,13155,136,98899
5,99040,729,0.0,13156,136,98904
3,99043,729,0.0,13157,136,98907
14,99057,729,0.0,13158,136,98921
5,99062,729,0.0,13159,136,98926
14,99076,729,0.0,13160,136,98940
2,99078,729,0.0,13161,136,98942
4,99082,729,0.0,13162,136,98946
4,99086,729,0.0,13163,136,98950
7,99093,729,0.0,13164,136,98957
10,99103,729,0.0,13165,136,98967
7,99110,729,0.0,13166,136,98974
4,99114,729,0.0,13167,136,98978
5,99119,729,0.0,13168,136,98983
9,99128,729,0.0,13169,136,98992
27,99155,729,0.0,13170,136,99019
3,99158,729,0.0,13171,136,99022
8,99166,729,0.0,13172,136,99030
9,99175,729,0.0,13173,136,99039
9,99184,729,0.0,13174,136,99048
12,99196,729,0.0,13175,136,99060
2,99198,729,0.0,13176,136,99062
2,99200,729,0.0,13177,136,99064
10,99210,729,0.0,13178,136,99074
2,99212,729,0.0,13179,136,99076
6,99218,729,0.0,13180,136,99082
10,99228,729,0.0,13181,136,99092
13,99241,729,0.0,13182,136,99105
2,99243,729,0.0,13183,136,99107
8,99251,729,0.0,13184,136,99115
15,99266,729,0.0,13185,136,99130
7,99273,729,0.0,13186,136,99137
5,99278,729,0.0,13187,136,99142
4,99282,729,0.0,13188,136,99146
7,99289,729,0.0,13189,136,99153
3,99292,729,0.0,13190,136,99156
9,99301,729,0.0,13191,136,99165
5,99306,729,0.0,13192,136,99170
4,99310,729,0.0,13193,136,99174
2,99312,729,0.0,13194,136,99176
4,99316,729,0.0,13195,136,99180
6,99322,729,0.0,13196,136,99186
31,99353,729,0.0,13197,136,99217
4,99357,729,0.0,13198,136,99221
13,99370,729,0.0,13199,136,99234
4,99374,729,0.0,13200,136,99238
7,99381,729,0.0,13201,136,99245
10,99391,729,0.0,13202,137,99254
4,99395,729,0.0,13203,137,99258
16,99411,730,1.0,13204,137,99274
2,99413,730,0.0,13205,137,99276
2,99415,730,0.0,13206,137,99278
7,99422,730,0.0,13207,137,99285
4,99426,730,0.0,13208,137,99289
5,99431,730,0.0,13209,137,99294
9,99440,730,0.0,13210,137,99303
7,99447,730,0.0,13211,137,99310
7,99454,730,0.0,13212,137,99317
6,99460,730,0.0,13213,137,99323
9,99469,730,0.0,13214,137,99332
20,99489,730,0.0,13215,137,99352
5,99494,730,0.0,13216,137,99357
5,99499,730,0.0,13217,137,99362
17,99516,730,0.0,13218,137,99379
10,99526,730,0.0,13219,137,99389
10,99536,730,0.0,13220,137,99399
4,99540,730,0.0,13221,137,99403
8,99548,730,0.0,13222,137,99411
7,99555,730,0.0,13223,137,99418
3,99558,730,0.0,13224,137,99421
7,99565,730,0.0,13225,137,99428
2,99567,730,0.0,13226,137,99430
2,99569,730,0.0,13227,137,99432
3,99572,730,0.0,13228,137,99435
2,99574,730,0.0,13229,137,99437
2,99576,730,0.0,13230,137,99439
6,99582,730,0.0,13231,137,99445
22,99604,730,0.0,13232,137,99467
7,99611,730,0.0,13233,137,99474
2,99613,730,0.0,13234,137,99476
3,99616,730,0.0,13235,137,99479
3,99619,730,0.0,13236,137,99482
4,99623,730,0.0,13237,137,99486
4,99627,730,0.0,13238,137,99490
6,99633,730,0.0,13239,137,99496
5,99638,730,0.0,13240,137,99501
9,99647,730,0.0,13241,137,99510
6,99653,730,0.0,13242,137,99516
16,99669,730,0.0,13243,137,99532
20,99689,730,0.0,13244,137,99552
7,99696,730,0.0,13245,137,99559
18,99714,730,0.0,13246,137,99577
13,99727,730,0.0,13247,137,99590
2,99729,730,0.0,13248,137,99592
14,99743,730,0.0,13249,137,99606
6,99749,730,0.0,13250,137,99612
5,99754,730,0.0,13251,137,99617
7,99761,730,0.0,13252,137,99624
3,99764,730,0.0,13253,137,99627
6,99770,730,0.0,13254,137,99633
8,99778,730,0.0,13255,137,99641
2,99780,730,0.0,13256,137,99643
6,99786,730,0.0,13257,137,99649
22,99808,730,0.0,13258,137,99671
19,99827,730,0.0,13259,137,99690
10,99837,730,0.0,13260,137,99700
8,99845,730,0.0,13261,137,99708
17,99862,730,0.0,13262,137,99725
5,99867,730,0.0,13263,137,99730
5,99872,730,0.0,13264,137,99735
3,99875,730,0.0,13265,137,99738
7,99882,730,0.0,13266,137,99745
6,99888,730,0.0,13267,137,99751
7,99895,730,0.0,13268,137,99758
6,99901,730,0.0,13269,137,99764
2,99903,730,0.0,13270,137,99766
17,99920,730,0.0,13271,137,99783
16,99936,730,0.0,13272,137,99799
2,99938,730,0.0,13273,137,99801
2,99940,730,0.0,13274,137,99803
12,99952,730,0.0,13275,137,99815
3,99955,730,0.0,13276,137,99818
7,99962,730,0.0,13277,137,99825
7,99969,730,0.0,13278,137,99832
2,99971,730,0.0,13279,137,99834
15,99986,730,0.0,13280,137,99849
