iteration,successes,successes_episode,reward_episode,episode_count,random_act,timestep,epsilon
5,5,0,0.0,1,5,0,1.0
2,7,0,0.0,2,7,0,0.9901493354116764
8,15,1,1.0,3,15,0,0.9803966865736877
11,26,1,0.0,4,26,0,0.970741078213023
5,31,1,0.0,5,31,0,0.9611815447608
2,33,1,0.0,6,32,1,0.9517171302557069
7,40,1,0.0,7,39,1,0.9423468882484062
11,51,1,0.0,8,48,3,0.9330698817068888
5,56,1,0.0,9,53,3,0.9238851829227694
12,68,1,0.0,10,65,3,0.9147918734185159
15,83,1,0.0,11,79,4,0.9057890438555999
7,90,1,0.0,12,86,4,0.896875793943563
8,98,1,0.0,13,94,4,0.888051232349986
9,107,1,0.0,14,103,4,0.8793144766113556
3,110,1,0.0,15,106,4,0.8706646530448178
19,129,1,0.0,16,122,7,0.8621008966608072
8,137,2,1.0,17,130,7,0.8536223510765493
14,151,2,0.0,18,138,13,0.8452281684304199
12,163,2,0.0,19,148,15,0.8369175092971592
6,169,2,0.0,20,152,17,0.8286895426039287
2,171,2,0.0,21,154,17,0.820543445547202
5,176,2,0.0,22,159,17,0.8124784035104852
5,181,2,0.0,23,163,18,0.8044936099828537
13,194,2,0.0,24,169,25,0.7965882664783007
9,203,2,0.0,25,174,29,0.7887615824558879
4,207,2,0.0,26,178,29,0.7810127752406908
5,212,2,0.0,27,183,29,0.7733410699455306
10,222,2,0.0,28,189,33,0.7657456993934846
18,240,2,0.0,29,203,37,0.7582259040411682
15,255,2,0.0,30,217,38,0.7507809319027796
13,268,2,0.0,31,227,41,0.7434100384749007
16,284,3,1.0,32,236,48,0.7361124866620463
9,293,3,0.0,33,243,50,0.7288875467029541
3,296,3,0.0,34,245,51,0.7217344960976069
22,318,3,0.0,35,264,54,0.7146526195349836
26,344,3,0.0,36,286,58,0.7076412088215263
13,357,3,0.0,37,295,62,0.7006995628103208
16,373,3,0.0,38,308,65,0.6938269873309811
7,380,3,0.0,39,312,68,0.6870227951202322
8,388,3,0.0,40,316,72,0.680286305753183
2,390,3,0.0,41,317,73,0.6736168455752829
10,400,3,0.0,42,323,77,0.6670137476349562
5,405,3,0.0,43,326,79,0.6604763516169062
4,409,3,0.0,44,329,80,0.6540040037760834
2,411,3,0.0,45,331,80,0.64759605687231
2,413,3,0.0,46,333,80,0.6412518701055556
11,424,3,0.0,47,339,85,0.6349708090518567
15,439,3,0.0,48,348,91,0.6287522455998737
6,445,3,0.0,49,352,93,0.6225955578880794
2,447,3,0.0,50,352,95,0.616500130242572
3,450,3,0.0,51,354,96,0.6104653531155071
3,453,3,0.0,52,355,98,0.6044906230241432
11,464,3,0.0,53,363,101,0.5985753424904925
12,476,3,0.0,54,370,106,0.5927189199815717
2,478,3,0.0,55,372,106,0.5869207698502498
2,480,3,0.0,56,373,107,0.5811803122766818
9,489,3,0.0,57,378,111,0.5754969732103268
7,496,3,0.0,58,383,113,0.5698701843125418
25,521,3,0.0,59,398,123,0.564299382899748
10,531,3,0.0,60,402,129,0.558784011887162
16,547,3,0.0,61,410,137,0.5533235197330862
15,562,3,0.0,62,418,144,0.5479173603837548
14,576,3,0.0,63,425,151,0.5425649932187278
5,581,3,0.0,64,428,153,0.5372658829968282
11,592,3,0.0,65,433,159,0.5320194998026181
24,616,3,0.0,66,447,169,0.5268253189934059
9,625,3,0.0,67,454,171,0.5216828211467822
25,650,3,0.0,68,468,182,0.516591492008677
4,654,3,0.0,69,469,185,0.5115508224419336
11,665,3,0.0,70,473,192,0.5065603083753949
8,673,3,0.0,71,475,198,0.5016194507534953
20,693,4,1.0,72,485,208,0.49672775548635545
12,705,4,0.0,73,490,215,0.491884733400372
4,709,4,0.0,74,493,216,0.48708990018930043
8,717,4,0.0,75,495,222,0.48234277636582407
23,740,4,0.0,76,507,233,0.47764288721360454
7,747,4,0.0,77,509,238,0.47298976273981014
7,754,4,0.0,78,513,241,0.4683829376281158
33,787,4,0.0,79,529,258,0.4638219511921713
9,796,4,0.0,80,536,260,0.4593063473295323
11,807,4,0.0,81,542,265,0.45483567447604933
11,818,4,0.0,82,544,274,0.4504094855607117
9,827,4,0.0,83,548,279,0.44602733796093924
8,835,4,0.0,84,553,282,0.4416887934583202
3,838,4,0.0,85,554,284,0.43739341819478894
10,848,4,0.0,86,557,291,0.43314078262923944
12,860,4,0.0,87,563,297,0.4289304614945713
5,865,4,0.0,88,565,300,0.42476203375516264
9,874,4,0.0,89,570,304,0.42063508256476556
5,879,4,0.0,90,572,307,0.41654919522482203
3,882,4,0.0,91,574,308,0.4125039631431931
14,896,4,0.0,92,576,320,0.40849898179329963
7,903,4,0.0,93,580,323,0.404533850673669
11,914,4,0.0,94,586,328,0.40060817326788506
5,919,4,0.0,95,588,331,0.3967215570049359
6,925,4,0.0,96,590,335,0.3928736132199562
5,930,4,0.0,97,591,339,0.38906395711536096
2,932,4,0.0,98,592,340,0.38529220772236483
2,934,4,0.0,99,592,342,0.3815579878628856
18,952,4,0.0,100,601,351,0.37786092411182526
4,956,4,0.0,101,604,352,0.3742006467597279
22,978,4,0.0,102,605,373,0.3705767897758081
4,982,4,0.0,103,607,375,0.3669889907713475
5,987,4,0.0,104,609,378,0.36343689096345594
3,990,4,0.0,105,612,378,0.35992013513919235
9,999,5,1.0,106,617,382,0.35643837162004377
11,1010,5,0.0,107,621,389,0.3529912522267568
2,1012,5,0.0,108,622,390,0.34957843224451957
8,1020,5,0.0,109,626,394,0.34619957038848975
13,1033,5,0.0,110,630,403,0.34285432876966604
12,1045,5,0.0,111,633,412,0.3395423728610988
6,1051,5,0.0,112,636,415,0.3362633714644372
9,1060,5,0.0,113,638,422,0.33301699667680906
13,1073,6,1.0,114,644,429,0.3298029238580304
16,1089,6,0.0,115,650,439,0.3266208315981408
8,1097,6,0.0,116,651,446,0.32347040168526264
22,1119,6,0.0,117,658,461,0.3203513190737793
10,1129,6,0.0,118,661,468,0.3172632718528302
12,1141,6,0.0,119,665,476,0.31420595121511996
12,1153,6,0.0,120,671,482,0.311179051426037
5,1158,6,0.0,121,672,486,0.3081822697930801
3,1161,6,0.0,122,675,486,0.3052153066355885
9,1170,6,0.0,123,678,492,0.30227786525477407
5,1175,6,0.0,124,679,496,0.29936965190405085
9,1184,6,0.0,125,684,500,0.29649037575966014
13,1197,6,0.0,126,686,511,0.29363974889158817
3,1200,6,0.0,127,688,512,0.2908174862347727
3,1203,6,0.0,128,689,514,0.28802330556059597
5,1208,6,0.0,129,690,518,0.2852569274486622
7,1215,6,0.0,130,692,523,0.2825180752588548
5,1220,6,0.0,131,694,526,0.27980647510367246
39,1259,6,0.0,132,703,556,0.2771218558208399
6,1265,6,0.0,133,705,560,0.27446394894619186
9,1274,6,0.0,134,711,563,0.27183248868682575
6,1280,6,0.0,135,712,568,0.26922721189452276
10,1290,6,0.0,136,713,577,0.2666478580394326
6,1296,6,0.0,137,715,581,0.26409416918402034
7,1303,6,0.0,138,717,586,0.26156588995727226
14,1317,6,0.0,139,720,597,0.2590627675291589
18,1335,6,0.0,140,723,612,0.2565845515853515
10,1345,6,0.0,141,725,620,0.2541309943021904
13,1358,6,0.0,142,726,632,0.25170185032190273
3,1361,6,0.0,143,727,634,0.24929687672806608
9,1370,6,0.0,144,731,639,0.246915833021317
3,1373,6,0.0,145,733,640,0.24455848109530054
14,1387,6,0.0,146,734,653,0.2422245852128597
13,1400,7,1.0,147,735,665,0.23991391198246126
8,1408,7,0.0,148,736,672,0.2376262303348566
9,1417,7,0.0,149,737,680,0.2353613114999746
9,1426,7,0.0,150,738,688,0.23311892898404435
25,1451,7,0.0,151,743,708,0.23089885854694553
11,1462,7,0.0,152,745,717,0.22870087817978443
12,1474,7,0.0,153,746,728,0.22652476808269262
8,1482,7,0.0,154,748,734,0.22437031064284702
4,1486,7,0.0,155,749,737,0.22223729041270818
4,1490,7,0.0,156,750,740,0.22012549408847562
8,1498,8,1.0,157,752,746,0.21803471048875708
14,1512,8,0.0,158,755,757,0.21596473053345028
13,1525,8,0.0,159,759,766,0.21391534722283462
21,1546,8,0.0,160,763,783,0.2118863556168713
2,1548,8,0.0,161,764,784,0.20987755281470882
19,1567,8,0.0,162,765,802,0.20788873793439305
11,1578,8,0.0,163,766,812,0.2059197120927785
9,1587,8,0.0,164,768,819,0.20397027838564025
9,1596,8,0.0,165,769,827,0.20204024186798297
2,1598,8,0.0,166,769,829,0.20012940953454655
13,1611,8,0.0,167,770,841,0.1982375903005053
17,1628,8,0.0,168,773,855,0.19636459498235934
10,1638,8,0.0,169,773,865,0.19451023627901587
3,1641,8,0.0,170,774,867,0.19267432875305937
6,1647,8,0.0,171,776,871,0.19085668881220733
15,1662,8,0.0,172,780,882,0.1890571346909509
6,1668,8,0.0,173,781,887,0.1872754864323783
25,1693,8,0.0,174,787,906,0.18551156587017906
14,1707,8,0.0,175,793,914,0.1837651966108269
5,1712,8,0.0,176,793,919,0.1820362040159407
10,1722,8,0.0,177,793,929,0.18032441518482004
24,1746,8,0.0,178,798,948,0.17862965893715535
13,1759,8,0.0,179,802,957,0.17695176579590954
6,1765,8,0.0,180,804,961,0.1752905679703703
6,1771,8,0.0,181,805,966,0.17364589933937066
2,1773,8,0.0,182,805,968,0.172017595434677
11,1784,8,0.0,183,807,977,0.17040549342454195
7,1791,8,0.0,184,808,983,0.16880943209742102
22,1813,8,0.0,185,813,1000,0.16722925184585147
7,1820,8,0.0,186,813,1007,0.16566479465049133
8,1828,8,0.0,187,813,1015,0.16411590406431734
5,1833,8,0.0,188,815,1018,0.1625824251969801
17,1850,9,1.0,189,819,1031,0.16106420469931504
4,1854,9,0.0,190,820,1034,0.15956109074800714
10,1864,9,0.0,191,821,1043,0.1580729330304087
14,1878,9,0.0,192,823,1055,0.15659958272950783
9,1887,9,0.0,193,823,1064,0.15514089250904667
10,1897,10,1.0,194,825,1072,0.1536967164987875
10,1907,11,1.0,195,826,1081,0.1522669102799259
16,1923,12,1.0,196,828,1095,0.15085133087064845
10,1933,13,1.0,197,831,1102,0.14944983671183457
7,1940,13,0.0,198,831,1109,0.14806228765290044
3,1943,13,0.0,199,832,1111,0.1466885449377839
6,1949,14,1.0,200,832,1117,0.14532847119106862
10,1959,15,1.0,201,833,1126,0.1439819304042466
10,1969,16,1.0,202,834,1135,0.14264878792211688
2,1971,16,0.0,203,836,1135,0.1413289104293205
6,1977,17,1.0,204,836,1141,0.14002216593700811
6,1983,18,1.0,205,836,1147,0.13872842376964165
6,1989,19,1.0,206,836,1153,0.1374475545519262
33,2022,19,0.0,207,842,1180,0.13617943019587256
3,2025,19,0.0,208,843,1182,0.13492392388798838
16,2041,20,1.0,209,847,1194,0.13368091007659658
12,2053,20,0.0,210,849,1204,0.1324502644592803
9,2062,20,0.0,211,851,1211,0.13123186397045208
6,2068,21,1.0,212,851,1217,0.13002558676904785
6,2074,22,1.0,213,851,1223,0.12883131222634217
6,2080,23,1.0,214,852,1228,0.12764892091388555
9,2089,23,0.0,215,855,1234,0.1264782945915614
7,2096,23,0.0,216,857,1239,0.125319316195762
6,2102,24,1.0,217,857,1245,0.12417186982768189
6,2108,25,1.0,218,857,1251,0.12303584074172813
6,2114,26,1.0,219,857,1257,0.12191111533404535
9,2123,26,0.0,220,858,1265,0.12079758113115559
2,2125,26,0.0,221,858,1267,0.11969512677871053
39,2164,26,0.0,222,861,1303,0.11860364203035628
2,2166,26,0.0,223,861,1305,0.11752301773670837
2,2168,26,0.0,224,862,1306,0.116453145834437
18,2186,26,0.0,225,866,1320,0.11539391933546027
6,2192,26,0.0,226,869,1323,0.11434523231624569
3,2195,26,0.0,227,869,1326,0.11330697990721733
6,2201,27,1.0,228,869,1332,0.1122790582822692
17,2218,28,1.0,229,871,1347,0.11126136464838206
11,2229,28,0.0,230,871,1358,0.11025379723534455
3,2232,28,0.0,231,871,1361,0.10925625528557566
8,2240,28,0.0,232,872,1368,0.1082686390440492
14,2254,28,0.0,233,873,1381,0.10729084974831793
10,2264,28,0.0,234,875,1389,0.10632278961863742
12,2276,28,0.0,235,877,1399,0.10536436184818809
6,2282,29,1.0,236,879,1403,0.10441547059339411
6,2288,30,1.0,237,879,1409,0.10347602096433932
6,2294,31,1.0,238,879,1415,0.10254591901527788
6,2300,32,1.0,239,879,1421,0.10162507173523985
14,2314,32,0.0,240,880,1434,0.10071338703872978
18,2332,32,0.0,241,881,1451,0.09981077375651838
28,2360,32,0.0,242,881,1479,0.09891714162652515
30,2390,32,0.0,243,884,1506,0.09803240128479247
10,2400,32,0.0,244,886,1514,0.09715646425654882
18,2418,32,0.0,245,886,1532,0.09628924294736148
15,2433,32,0.0,246,888,1545,0.09543065063437678
14,2447,32,0.0,247,889,1558,0.09458060145764802
9,2456,32,0.0,248,890,1566,0.09373901041154904
7,2463,32,0.0,249,891,1572,0.092905793336274
7,2470,32,0.0,250,891,1579,0.09208086690942092
9,2479,32,0.0,251,893,1586,0.0912641486376598
12,2491,32,0.0,252,894,1597,0.09045555684848275
14,2505,32,0.0,253,895,1610,0.08965501068203711
24,2529,32,0.0,254,897,1632,0.08886243008303903
25,2554,32,0.0,255,900,1654,0.08807773579276819
2,2556,32,0.0,256,900,1656,0.08730084934114159
10,2566,32,0.0,257,901,1665,0.08653169303886674
6,2572,32,0.0,258,901,1671,0.0857701899696724
9,2581,32,0.0,259,903,1678,0.08501626398261702
5,2586,32,0.0,260,903,1683,0.0842698396844737
7,2593,32,0.0,261,905,1688,0.08353084243219053
9,2602,32,0.0,262,906,1696,0.08279919832542652
11,2613,32,0.0,263,908,1705,0.08207483419916123
4,2617,32,0.0,264,909,1708,0.08135767761637844
10,2627,32,0.0,265,912,1715,0.08064765686082219
6,2633,32,0.0,266,912,1721,0.0799447009298253
9,2642,32,0.0,267,914,1728,0.0792487395272088
9,2651,32,0.0,268,914,1737,0.07855970305625253
6,2657,32,0.0,269,914,1743,0.07787752261273513
2,2659,32,0.0,270,914,1745,0.07720212997804382
17,2676,32,0.0,271,916,1760,0.07653345761235225
9,2685,32,0.0,272,917,1768,0.07587143864786668
17,2702,32,0.0,273,918,1784,0.07521600688213892
33,2735,32,0.0,274,920,1815,0.07456709677144624
10,2745,32,0.0,275,920,1825,0.07392464342423678
8,2753,32,0.0,276,920,1833,0.0732885825946405
20,2773,32,0.0,277,921,1852,0.07265885067604429
7,2780,32,0.0,278,922,1858,0.07203538469473161
6,2786,32,0.0,279,922,1864,0.0714181223035847
4,2790,32,0.0,280,922,1868,0.07080700177585013
13,2803,32,0.0,281,923,1880,0.07020196199896576
9,2812,32,0.0,282,923,1889,0.06960294246844981
2,2814,32,0.0,283,923,1891,0.06900988328184997
6,2820,32,0.0,284,923,1897,0.06842272513275337
2,2822,32,0.0,285,923,1899,0.06784140930485581
9,2831,32,0.0,286,924,1907,0.06726587766609007
11,2842,32,0.0,287,925,1917,0.06669607266281269
6,2848,32,0.0,288,926,1922,0.06613193731404843
5,2853,32,0.0,289,927,1926,0.06557341520579238
7,2860,33,1.0,290,927,1933,0.06502045048536823
9,2869,33,0.0,291,929,1940,0.06447298785584316
5,2874,33,0.0,292,929,1945,0.06393097257049796
4,2878,33,0.0,293,930,1948,0.06339435042735246
8,2886,33,0.0,294,930,1956,0.06286306776374512
8,2894,34,1.0,295,930,1964,0.06233707145096687
8,2902,35,1.0,296,930,1972,0.06181630888894806
8,2910,36,1.0,297,930,1980,0.061300728000998575
4,2914,36,0.0,298,931,1983,0.06079027722859992
8,2922,37,1.0,299,931,1991,0.060284905526249516
9,2931,37,0.0,300,935,1996,0.05978456235635595
44,2975,37,0.0,301,942,2033,0.05928919768418531
24,2999,37,0.0,302,944,2055,0.05879876197285753
13,3012,37,0.0,303,944,2068,0.058313206178392835
8,3020,38,1.0,304,944,2076,0.05783248174480709
8,3028,39,1.0,305,944,2084,0.057356540599256385
16,3044,39,0.0,306,945,2099,0.0568853351472295
9,3053,39,0.0,307,946,2107,0.0564188182677886
13,3066,39,0.0,308,946,2120,0.05595694330885694
13,3079,39,0.0,309,946,2133,0.05549966408255377
5,3084,39,0.0,310,946,2138,0.05504693486057535
12,3096,39,0.0,311,947,2149,0.05459871036962222
6,3102,40,1.0,312,947,2155,0.05415494578687179
4,3106,40,0.0,313,948,2158,0.05371559673549593
6,3112,41,1.0,314,948,2164,0.053280619280223436
6,3118,42,1.0,315,948,2170,0.05284996992294624
6,3124,43,1.0,316,948,2176,0.05242360559836979
6,3130,44,1.0,317,948,2182,0.05200148366970627
6,3136,45,1.0,318,948,2188,0.051583561924411096
6,3142,46,1.0,319,948,2194,0.05116979856996143
10,3152,46,0.0,320,950,2202,0.050760152229677065
13,3165,46,0.0,321,951,2214,0.05035458193858255
10,3175,46,0.0,322,954,2221,0.049953047139310834
6,3181,47,1.0,323,954,2227,0.04955550767804736
6,3187,48,1.0,324,954,2233,0.04916192380051474
6,3193,49,1.0,325,954,2239,0.0487722561479972
6,3199,50,1.0,326,954,2245,0.04838646575340479
6,3205,51,1.0,327,955,2250,0.04800451403737654
6,3211,52,1.0,328,955,2256,0.04762636280442257
13,3224,53,1.0,329,956,2268,0.04725197423910444
13,3237,53,0.0,330,958,2279,0.04688131090225365
14,3251,54,1.0,331,958,2293,0.046514335727227595
12,3263,55,1.0,332,959,2304,0.046151012016203
6,3269,56,1.0,333,959,2310,0.04579130343650595
6,3275,57,1.0,334,959,2316,0.04543517401697875
6,3281,58,1.0,335,960,2321,0.04508258814438266
6,3287,59,1.0,336,960,2327,0.04473351055983658
6,3293,60,1.0,337,960,2333,0.044387906355291176
6,3299,61,1.0,338,961,2338,0.04404574097003798
6,3305,62,1.0,339,961,2344,0.04370698018725335
6,3311,63,1.0,340,961,2350,0.043371590130576676
6,3317,64,1.0,341,961,2356,0.04303953726072282
9,3326,64,0.0,342,963,2363,0.042710788372128064
6,3332,65,1.0,343,963,2369,0.042385310589629625
6,3338,66,1.0,344,963,2375,0.04206307136517797
6,3344,67,1.0,345,964,2380,0.04174403847458216
6,3350,68,1.0,346,964,2386,0.04142818001428726
6,3356,69,1.0,347,964,2392,0.04111546439818403
6,3362,70,1.0,348,964,2398,0.04080586035445025
6,3368,71,1.0,349,964,2404,0.040499336922423565
6,3374,72,1.0,350,964,2410,0.040195863449505306
6,3380,73,1.0,351,964,2416,0.039895409588095315
15,3395,73,0.0,352,965,2430,0.039597945292557044
3,3398,73,0.0,353,966,2432,0.03930344081621308
6,3404,73,0.0,354,967,2437,0.03901186670837034
6,3410,74,1.0,355,967,2443,0.03872319381137508
10,3420,74,0.0,356,968,2452,0.03843739325769703
6,3426,75,1.0,357,968,2458,0.03815443646704266
6,3432,76,1.0,358,968,2464,0.03787429514349709
6,3438,77,1.0,359,968,2470,0.03759694127269454
6,3444,78,1.0,360,968,2476,0.037322347119016795
6,3450,79,1.0,361,968,2482,0.03705048522281963
6,3456,80,1.0,362,968,2488,0.03678132839768691
6,3462,81,1.0,363,968,2494,0.036514849727711796
6,3468,82,1.0,364,968,2500,0.03625102256480524
6,3474,83,1.0,365,968,2506,0.03598982052603108
6,3480,84,1.0,366,968,2512,0.0357312174909678
6,3486,85,1.0,367,968,2518,0.03547518759909634
6,3492,86,1.0,368,968,2524,0.035221705247214206
6,3498,87,1.0,369,968,2530,0.03497074508687494
6,3504,88,1.0,370,968,2536,0.034722282021853394
10,3514,88,0.0,371,970,2544,0.034476291205635994
6,3520,89,1.0,372,972,2548,0.034232748038936146
6,3526,90,1.0,373,972,2554,0.0339916281672342
4,3530,90,0.0,374,973,2557,0.03375290747834208
6,3536,91,1.0,375,973,2563,0.033516562099991945
6,3542,92,1.0,376,973,2569,0.03328256839744902
6,3548,93,1.0,377,973,2575,0.03305090297114803
6,3554,94,1.0,378,973,2581,0.03282154265435332
6,3560,95,1.0,379,973,2587,0.03259446451084204
6,3566,96,1.0,380,973,2593,0.03236964583261064
6,3572,97,1.0,381,973,2599,0.03214706413760394
6,3578,98,1.0,382,973,2605,0.03192669716746694
6,3584,99,1.0,383,974,2610,0.031708522885318995
6,3590,100,1.0,384,974,2616,0.031492519473550085
6,3596,101,1.0,385,974,2622,0.031278665331639026
6,3602,102,1.0,386,974,2628,0.031066939073993396
6,3608,103,1.0,387,974,2634,0.030857319527811018
6,3614,104,1.0,388,974,2640,0.030649785730962574
6,3620,105,1.0,389,974,2646,0.030444316929895437
6,3626,106,1.0,390,974,2652,0.030240892577558277
2,3628,106,0.0,391,975,2653,0.030039492331346347
5,3633,106,0.0,392,976,2657,0.029840096051067175
6,3639,107,1.0,393,976,2663,0.029642683796926583
6,3645,108,1.0,394,976,2669,0.02944723582753464
6,3651,109,1.0,395,976,2675,0.029253732597931535
6,3657,110,1.0,396,976,2681,0.029062154757633053
6,3663,111,1.0,397,976,2687,0.02887248314869552
6,3669,112,1.0,398,976,2693,0.028684698803799973
6,3675,113,1.0,399,976,2699,0.02849878294435545
4,3679,113,0.0,400,977,2702,0.02831471697862105
6,3685,114,1.0,401,977,2708,0.028132482499846838
6,3691,115,1.0,402,977,2714,0.027952061284433068
4,3695,115,0.0,403,979,2716,0.02777343529010782
6,3701,116,1.0,404,979,2722,0.027596586654122846
6,3707,117,1.0,405,979,2728,0.027421497691467157
6,3713,118,1.0,406,979,2734,0.02724815089309858
6,3719,119,1.0,407,979,2740,0.0270765289241928
6,3725,120,1.0,408,979,2746,0.026906614622409945
6,3731,121,1.0,409,979,2752,0.026738390996178224
6,3737,122,1.0,410,979,2758,0.026571841222994823
4,3741,122,0.0,411,980,2761,0.026406948647743643
6,3747,123,1.0,412,980,2767,0.026243696781029717
6,3753,124,1.0,413,980,2773,0.026082069297530375
6,3759,125,1.0,414,980,2779,0.02592205003436255
6,3765,126,1.0,415,980,2785,0.025763622989466578
6,3771,127,1.0,416,980,2791,0.025606772320005942
6,3777,128,1.0,417,981,2796,0.025451482340783003
6,3783,129,1.0,418,981,2802,0.02529773752267042
6,3789,130,1.0,419,981,2808,0.025145522491058264
6,3795,131,1.0,420,981,2814,0.02499482202431651
6,3801,132,1.0,421,981,2820,0.024845621052272927
6,3807,133,1.0,422,981,2826,0.024697904654705963
6,3813,134,1.0,423,981,2832,0.024551658059852766
6,3819,134,0.0,424,983,2836,0.024406866642931964
6,3825,135,1.0,425,983,2842,0.024263515924681227
6,3831,136,1.0,426,983,2848,0.024121591569909263
6,3837,137,1.0,427,983,2854,0.023981079386062323
6,3843,138,1.0,428,983,2860,0.023841965321804916
5,3848,138,0.0,429,984,2864,0.023704235465614704
6,3854,139,1.0,430,985,2869,0.023567876044391298
6,3860,140,1.0,431,985,2875,0.023432873422078924
6,3866,141,1.0,432,985,2881,0.02329921409830285
6,3872,142,1.0,433,985,2887,0.02316688470701933
6,3878,143,1.0,434,985,2893,0.023035872015178954
6,3884,144,1.0,435,985,2899,0.022906162921403357
6,3890,145,1.0,436,985,2905,0.022777744454675064
6,3896,146,1.0,437,985,2911,0.0226506037730404
6,3902,147,1.0,438,985,2917,0.02252472816232525
6,3908,148,1.0,439,985,2923,0.022400105034863643
4,3912,148,0.0,440,986,2926,0.02227672192823897
6,3918,149,1.0,441,986,2932,0.02215456650403775
6,3924,150,1.0,442,986,2938,0.022033626546615788
6,3930,151,1.0,443,986,2944,0.021913889961876536
6,3936,152,1.0,444,986,2950,0.02179534477606175
6,3942,153,1.0,445,986,2956,0.02167797913455405
6,3948,154,1.0,446,986,2962,0.021561781300691488
6,3954,155,1.0,447,986,2968,0.02144673965459385
6,3960,156,1.0,448,986,2974,0.021332842692000656
6,3966,157,1.0,449,986,2980,0.021220079023120713
6,3972,158,1.0,450,986,2986,0.02110843737149319
6,3978,159,1.0,451,987,2991,0.02099790657285988
6,3984,160,1.0,452,987,2997,0.020888475574048812
6,3990,161,1.0,453,987,3003,0.020780133431868894
2,3992,161,0.0,454,988,3004,0.020672869312015653
6,3998,162,1.0,455,988,3010,0.020566672487987697
6,4004,163,1.0,456,988,3016,0.02046153234001413
6,4010,164,1.0,457,988,3022,0.02035743835399253
15,4025,164,0.0,458,989,3036,0.020254380120437558
22,4047,164,0.0,459,989,3058,0.02015234733343998
5,4052,164,0.0,460,989,3063,0.020051329789636065
10,4062,164,0.0,461,989,3073,0.01995131738718724
9,4071,164,0.0,462,990,3081,0.019852300124769934
27,4098,164,0.0,463,991,3107,0.019754268100575387
6,4104,164,0.0,464,992,3112,0.019657211511319474
10,4114,164,0.0,465,992,3122,0.0195611206512624
3,4117,164,0.0,466,993,3124,0.01946598591123807
9,4126,164,0.0,467,993,3133,0.01937179777769322
12,4138,165,1.0,468,994,3144,0.019278546831735997
15,4153,165,0.0,469,994,3159,0.019186223748194096
28,4181,165,0.0,470,996,3185,0.01909481929468222
10,4191,166,1.0,471,997,3194,0.019004324330678855
13,4204,166,0.0,472,997,3207,0.018914729806612192
5,4209,166,0.0,473,997,3212,0.01882602676295516
6,4215,167,1.0,474,997,3218,0.018738206329329453
6,4221,168,1.0,475,997,3224,0.018651259723618557
14,4235,168,0.0,476,997,3238,0.01856517825108943
6,4241,169,1.0,477,997,3244,0.018479953303523082
6,4247,170,1.0,478,997,3250,0.018395576358353725
14,4261,170,0.0,479,998,3263,0.018312038977816556
6,4267,171,1.0,480,998,3269,0.018229332808103887
6,4273,172,1.0,481,998,3275,0.01814744957852983
6,4279,173,1.0,482,998,3281,0.01806638110070318
6,4285,174,1.0,483,998,3287,0.01798611926770862
6,4291,175,1.0,484,998,3293,0.017906656053295947
6,4297,176,1.0,485,998,3299,0.017827983511077505
6,4303,177,1.0,486,998,3305,0.01775009377373351
6,4309,178,1.0,487,998,3311,0.017672979052225327
6,4315,179,1.0,488,998,3317,0.017596631635016534
6,4321,180,1.0,489,998,3323,0.01752104388730179
6,4327,181,1.0,490,998,3329,0.017446208250243338
6,4333,182,1.0,491,998,3335,0.017372117240215094
6,4339,183,1.0,492,998,3341,0.01729876344805433
6,4345,184,1.0,493,998,3347,0.0172261395383207
6,4351,185,1.0,494,998,3353,0.017154238248562697
6,4357,186,1.0,495,998,3359,0.017083052388591435
6,4363,187,1.0,496,998,3365,0.017012574839761596
9,4372,188,1.0,497,999,3373,0.01694279855425957
12,4384,189,1.0,498,999,3385,0.016873716554398652
6,4390,190,1.0,499,999,3391,0.016805321931921288
6,4396,191,1.0,500,999,3397,0.01673760784730824
10,4406,191,0.0,501,1000,3406,0.016670567529094613
6,4412,192,1.0,502,1000,3412,0.01660419427319272
6,4418,193,1.0,503,1000,3418,0.016538481442221656
6,4424,194,1.0,504,1000,3424,0.016473422464843575
6,4430,195,1.0,505,1000,3430,0.01640901083510651
6,4436,196,1.0,506,1000,3436,0.01634524011179382
6,4442,197,1.0,507,1000,3442,0.016282103917780018
6,4448,198,1.0,508,1000,3448,0.01621959593939311
6,4454,199,1.0,509,1000,3454,0.016157709925783147
6,4460,200,1.0,510,1000,3460,0.016096439688297208
6,4466,201,1.0,511,1001,3465,0.016035779099860478
6,4472,202,1.0,512,1001,3471,0.01597572209436357
6,4478,203,1.0,513,1001,3477,0.015916262666055885
6,4484,204,1.0,514,1001,3483,0.015857394868945038
6,4490,205,1.0,515,1001,3489,0.015799112816202266
6,4496,206,1.0,516,1001,3495,0.01574141067957372
14,4510,206,0.0,517,1003,3507,0.01568428268879766
6,4516,207,1.0,518,1003,3513,0.0156277231310274
6,4522,208,1.0,519,1003,3519,0.015571726350260025
6,4528,209,1.0,520,1004,3524,0.015516286746770792
6,4534,210,1.0,521,1004,3530,0.015461398776553163
6,4540,211,1.0,522,1004,3536,0.015407056950764372
6,4546,212,1.0,523,1004,3542,0.01535325583517655
6,4552,213,1.0,524,1004,3548,0.015299990049633304
6,4558,214,1.0,525,1004,3554,0.015247254267511699
6,4564,215,1.0,526,1004,3560,0.015195043215189571
6,4570,216,1.0,527,1004,3566,0.015143351671518179
6,4576,217,1.0,528,1004,3572,0.015092174467300075
6,4582,218,1.0,529,1004,3578,0.015041506484772198
6,4588,219,1.0,530,1004,3584,0.01499134265709407
6,4594,220,1.0,531,1004,3590,0.014941677967841115
6,4600,221,1.0,532,1004,3596,0.01489250745050302
6,4606,222,1.0,533,1004,3602,0.014843826187987082
6,4612,223,1.0,534,1004,3608,0.014795629312126479
6,4618,224,1.0,535,1004,3614,0.014747912003193458
6,4624,225,1.0,536,1004,3620,0.014700669489417359
2,4626,225,0.0,537,1005,3621,0.014653897046507443
6,4632,226,1.0,538,1005,3627,0.01460758999718044
6,4638,227,1.0,539,1005,3633,0.014561743710692824
6,4644,228,1.0,540,1005,3639,0.014516353602377746
6,4650,229,1.0,541,1005,3645,0.01447141513318654
6,4656,230,1.0,542,1005,3651,0.014426923809234849
6,4662,231,1.0,543,1005,3657,0.014382875181353196
6,4668,232,1.0,544,1005,3663,0.01433926484464209
6,4674,233,1.0,545,1005,3669,0.014296088438031505
6,4680,234,1.0,546,1005,3675,0.014253341643844817
6,4686,235,1.0,547,1005,3681,0.014211020187366974
6,4692,236,1.0,548,1005,3687,0.014169119836417065
6,4698,237,1.0,549,1005,3693,0.01412763640092507
6,4704,238,1.0,550,1005,3699,0.014086565732512882
6,4710,239,1.0,551,1005,3705,0.014045903724079427
6,4716,240,1.0,552,1005,3711,0.014005646309389977
6,4722,241,1.0,553,1005,3717,0.013965789462669513
6,4728,242,1.0,554,1005,3723,0.013926329198200155
6,4734,243,1.0,555,1005,3729,0.013887261569922569
6,4740,244,1.0,556,1005,3735,0.01384858267104137
6,4746,245,1.0,557,1005,3741,0.013810288633634434
6,4752,246,1.0,558,1005,3747,0.013772375628266116
6,4758,247,1.0,559,1005,3753,0.013734839863604284
6,4764,248,1.0,560,1005,3759,0.013697677586041186
6,4770,249,1.0,561,1005,3765,0.0136608850793181
6,4776,250,1.0,562,1005,3771,0.013624458664153696
6,4782,251,1.0,563,1005,3777,0.013588394697876097
6,4788,252,1.0,564,1005,3783,0.013552689574058628
6,4794,253,1.0,565,1005,3789,0.013517339722159148
6,4800,254,1.0,566,1005,3795,0.013482341607163007
6,4806,255,1.0,567,1005,3801,0.013447691729229546
6,4812,256,1.0,568,1005,3807,0.013413386623342096
6,4818,257,1.0,569,1005,3813,0.013379422858961477
6,4824,258,1.0,570,1005,3819,0.013345797039682946
6,4830,259,1.0,571,1005,3825,0.01331250580289656
6,4836,260,1.0,572,1005,3831,0.013279545819450893
6,4842,261,1.0,573,1005,3837,0.013246913793320138
6,4848,262,1.0,574,1005,3843,0.01321460646127448
6,4854,263,1.0,575,1005,3849,0.013182620592553802
6,4860,264,1.0,576,1005,3855,0.01315095298854457
6,4866,265,1.0,577,1006,3860,0.013119600482459998
6,4872,266,1.0,578,1006,3866,0.013088559939023343
6,4878,267,1.0,579,1006,3872,0.013057828254154401
6,4884,268,1.0,580,1006,3878,0.013027402354659073
6,4890,269,1.0,581,1006,3884,0.012997279197922058
6,4896,270,1.0,582,1006,3890,0.012967455771602571
6,4902,271,1.0,583,1006,3896,0.012937929093333135
6,4908,272,1.0,584,1006,3902,0.012908696210421315
6,4914,273,1.0,585,1006,3908,0.012879754199554458
6,4920,274,1.0,586,1006,3914,0.012851100166507357
6,4926,275,1.0,587,1006,3920,0.012822731245852837
6,4932,276,1.0,588,1006,3926,0.012794644600675184
6,4938,277,1.0,589,1006,3932,0.012766837422286476
6,4944,278,1.0,590,1006,3938,0.012739306929945703
6,4950,279,1.0,591,1006,3944,0.012712050370580685
6,4956,280,1.0,592,1006,3950,0.012685065018512777
6,4962,281,1.0,593,1006,3956,0.012658348175184284
6,4968,282,1.0,594,1006,3962,0.012631897168888604
6,4974,283,1.0,595,1006,3968,0.012605709354503067
6,4980,284,1.0,596,1006,3974,0.012579782113224414
6,4986,285,1.0,597,1006,3980,0.012554112852306908
6,4992,286,1.0,598,1006,3986,0.012528699004803068
6,4998,287,1.0,599,1006,3992,0.012503538029306963
6,5004,288,1.0,600,1006,3998,0.012478627409700078
6,5010,289,1.0,601,1006,4004,0.012453964654899695
6,5016,290,1.0,602,1006,4010,0.012429547298609778
6,5022,291,1.0,603,1006,4016,0.01240537289907435
6,5028,292,1.0,604,1006,4022,0.012381439038833314
6,5034,293,1.0,605,1006,4028,0.012357743324480702
6,5040,294,1.0,606,1006,4034,0.01233428338642533
6,5046,295,1.0,607,1006,4040,0.012311056878653841
6,5052,296,1.0,608,1006,4046,0.012288061478496108
6,5058,297,1.0,609,1006,4052,0.012265294886392948
6,5064,298,1.0,610,1006,4058,0.01224275482566618
6,5070,299,1.0,611,1006,4064,0.012220439042290943
6,5076,300,1.0,612,1006,4070,0.012198345304670311
6,5082,301,1.0,613,1006,4076,0.012176471403412107
6,5088,302,1.0,614,1006,4082,0.012154815151107974
6,5094,303,1.0,615,1006,4088,0.012133374382114637
12,5106,304,1.0,616,1007,4099,0.012112146952337331
6,5112,305,1.0,617,1007,4105,0.012091130739015387
6,5118,306,1.0,618,1007,4111,0.012070323640509958
6,5124,307,1.0,619,1007,4117,0.012049723576093858
6,5130,308,1.0,620,1007,4123,0.012029328485743472
6,5136,309,1.0,621,1008,4128,0.012009136329932777
6,5142,310,1.0,622,1008,4134,0.01198914508942936
6,5148,311,1.0,623,1008,4140,0.011969352765092513
6,5154,312,1.0,624,1008,4146,0.011949757377673304
6,5160,313,1.0,625,1008,4152,0.01193035696761667
6,5166,314,1.0,626,1008,4158,0.011911149594865432
6,5172,315,1.0,627,1008,4164,0.011892133338666311
6,5178,316,1.0,628,1008,4170,0.01187330629737784
6,5184,317,1.0,629,1009,4175,0.011854666588280199
6,5190,318,1.0,630,1009,4181,0.011836212347386948
6,5196,319,1.0,631,1009,4187,0.011817941729258619
6,5202,320,1.0,632,1009,4193,0.011799852906818169
6,5208,321,1.0,633,1009,4199,0.011781944071168286
6,5214,322,1.0,634,1009,4205,0.011764213431410478
10,5224,322,0.0,635,1010,4214,0.011746659214465993
6,5230,323,1.0,636,1010,4220,0.011729279664898506
6,5236,324,1.0,637,1010,4226,0.011712073044738584
6,5242,325,1.0,638,1010,4232,0.011695037633309868
6,5248,326,1.0,639,1010,4238,0.011678171727057018
6,5254,327,1.0,640,1010,4244,0.011661473639375353
6,5260,328,1.0,641,1010,4250,0.011644941700442194
6,5266,329,1.0,642,1010,4256,0.011628574257049868
6,5272,330,1.0,643,1010,4262,0.011612369672440398
6,5278,331,1.0,644,1010,4268,0.011596326326141817
6,5284,332,1.0,645,1010,4274,0.011580442613806126
6,5290,333,1.0,646,1010,4280,0.011564716947048855
6,5296,334,1.0,647,1010,4286,0.011549147753290225
6,5302,335,1.0,648,1010,4292,0.011533733475597885
6,5308,336,1.0,649,1010,4298,0.011518472572531219
6,5314,337,1.0,650,1010,4304,0.011503363517987204
6,5320,338,1.0,651,1010,4310,0.011488404801047796
6,5326,339,1.0,652,1010,4316,0.011473594925828836
6,5332,340,1.0,653,1011,4321,0.011458932411330456
6,5338,341,1.0,654,1011,4327,0.01144441579128899
2,5340,341,0.0,655,1012,4328,0.011430043614030338
6,5346,342,1.0,656,1012,4334,0.011415814442324796
6,5352,343,1.0,657,1012,4340,0.011401726853243335
12,5364,344,1.0,658,1013,4351,0.011387779438015309
6,5370,345,1.0,659,1013,4357,0.011373970801887569
6,5376,346,1.0,660,1013,4363,0.011360299563985
6,5382,347,1.0,661,1013,4369,0.011346764357172414
6,5388,348,1.0,662,1013,4375,0.011333363827917855
6,5394,349,1.0,663,1013,4381,0.011320096636157226
6,5400,350,1.0,664,1013,4387,0.011306961455160297
6,5406,351,1.0,665,1014,4392,0.011293956971398022
6,5412,352,1.0,666,1014,4398,0.01128108188441119
6,5418,353,1.0,667,1014,4404,0.01126833490668037
6,5424,354,1.0,668,1014,4410,0.011255714763497167
6,5430,355,1.0,669,1014,4416,0.011243220192836747
6,5436,356,1.0,670,1014,4422,0.011230849945231628
6,5442,357,1.0,671,1014,4428,0.011218602783646746
6,5448,358,1.0,672,1014,4434,0.011206477483355735
6,5454,359,1.0,673,1014,4440,0.01119447283181846
6,5460,360,1.0,674,1014,4446,0.011182587628559764
6,5466,361,1.0,675,1014,4452,0.011170820685049418
15,5481,361,0.0,676,1015,4466,0.011159170824583262
6,5487,362,1.0,677,1015,4472,0.011147636882165546
6,5493,363,1.0,678,1015,4478,0.011136217704392411
6,5499,364,1.0,679,1015,4484,0.011124912149336568
6,5505,365,1.0,680,1015,4490,0.01111371908643309
6,5511,366,1.0,681,1015,4496,0.011102637396366355
6,5517,367,1.0,682,1015,4502,0.011091665970958125
6,5523,368,1.0,683,1015,4508,0.011080803713056716
6,5529,369,1.0,684,1015,4514,0.011070049536427285
6,5535,370,1.0,685,1015,4520,0.011059402365643208
6,5541,371,1.0,686,1015,4526,0.011048861135978534
6,5547,372,1.0,687,1015,4532,0.011038424793301511
6,5553,373,1.0,688,1015,4538,0.011028092293969175
6,5559,374,1.0,689,1015,4544,0.011017862604722983
6,5565,375,1.0,690,1015,4550,0.011007734702585483
6,5571,376,1.0,691,1015,4556,0.010997707574758025
6,5577,377,1.0,692,1015,4562,0.010987780218519469
6,5583,378,1.0,693,1015,4568,0.010977951641125918
6,5589,379,1.0,694,1015,4574,0.010968220859711442
6,5595,380,1.0,695,1015,4580,0.010958586901189789
10,5605,380,0.0,696,1016,4589,0.01094904880215708
10,5615,380,0.0,697,1016,4599,0.010939605608795464
8,5623,380,0.0,698,1016,4607,0.010930256376777735
9,5632,381,1.0,699,1016,4616,0.010921000171172899
13,5645,382,1.0,700,1016,4629,0.010911836066352685
13,5658,383,1.0,701,1016,4642,0.010902763145898971
13,5671,384,1.0,702,1016,4655,0.010893780502512152
13,5684,385,1.0,703,1016,4668,0.010884887237920403
13,5697,386,1.0,704,1016,4681,0.010876082462789857
13,5710,387,1.0,705,1016,4694,0.010867365296635659
13,5723,388,1.0,706,1016,4707,0.010858734867733933
13,5736,389,1.0,707,1016,4720,0.010850190313034594
13,5749,390,1.0,708,1016,4733,0.010841730778075053
8,5757,390,0.0,709,1017,4740,0.010833355416894765
28,5785,390,0.0,710,1018,4767,0.01082506339195063
5,5790,390,0.0,711,1018,4772,0.010816853874033245
12,5802,391,1.0,712,1019,4783,0.010808726042183978
4,5806,391,0.0,713,1019,4787,0.01080067908361287
15,5821,391,0.0,714,1019,4802,0.01079271219361736
28,5849,391,0.0,715,1019,4830,0.010784824575501804
7,5856,391,0.0,716,1019,4837,0.010777015440497823
13,5869,391,0.0,717,1019,4850,0.010769284007685407
13,5882,391,0.0,718,1019,4863,0.01076162950391483
42,5924,391,0.0,719,1020,4904,0.01075405116372934
13,5937,391,0.0,720,1020,4917,0.010746548229288598
18,5955,391,0.0,721,1021,4934,0.010739119950292912
17,5972,391,0.0,722,1021,4951,0.010731765583908192
18,5990,392,1.0,723,1021,4969,0.010724484394691668
18,6008,393,1.0,724,1021,4987,0.010717275654518353
22,6030,393,0.0,725,1022,5008,0.010710138642508221
22,6052,393,0.0,726,1022,5030,0.010703072644954124
22,6074,393,0.0,727,1022,5052,0.010696076955250418
16,6090,393,0.0,728,1022,5068,0.010689150873822304
18,6108,394,1.0,729,1022,5086,0.010682293708055865
18,6126,395,1.0,730,1022,5104,0.010675504772228813
18,6144,396,1.0,731,1022,5122,0.010668783387441906
18,6162,397,1.0,732,1022,5140,0.010662128881551065
18,6180,398,1.0,733,1022,5158,0.010655540589100154
18,6198,399,1.0,734,1022,5176,0.010649017851254439
18,6216,400,1.0,735,1022,5194,0.0106425600157347
18,6234,401,1.0,736,1022,5212,0.010636166436752002
18,6252,402,1.0,737,1022,5230,0.01062983647494312
18,6270,403,1.0,738,1022,5248,0.010623569497306598
18,6288,404,1.0,739,1022,5266,0.01061736487713945
5,6293,404,0.0,740,1023,5270,0.010611221993974488
12,6305,404,0.0,741,1023,5282,0.010605140233518277
18,6323,404,0.0,742,1023,5300,0.010599118987589702
14,6337,404,0.0,743,1023,5314,0.010593157654059155
13,6350,404,0.0,744,1023,5327,0.010587255636788313
15,6365,404,0.0,745,1023,5342,0.01058141234557053
16,6381,404,0.0,746,1023,5358,0.01057562719607182
13,6394,404,0.0,747,1023,5371,0.010569899609772403
7,6401,404,0.0,748,1023,5378,0.010564229013908884
18,6419,404,0.0,749,1024,5395,0.010558614841416947
41,6460,404,0.0,750,1024,5436,0.010553056530874667
22,6482,404,0.0,751,1025,5457,0.010547553526446355
22,6504,404,0.0,752,1025,5479,0.010542105277826985
19,6523,404,0.0,753,1025,5498,0.010536711240187152
13,6536,404,0.0,754,1026,5510,0.0105313708741186
13,6549,404,0.0,755,1026,5523,0.01052608364558027
13,6562,404,0.0,756,1027,5535,0.010520849025844903
19,6581,404,0.0,757,1027,5554,0.010515666491446161
26,6607,404,0.0,758,1028,5579,0.01051053552412629
14,6621,404,0.0,759,1028,5593,0.010505455610784278
14,6635,404,0.0,760,1028,5607,0.010500426243424558
14,6649,405,1.0,761,1028,5621,0.010495446919106205
9,6658,405,0.0,762,1028,5630,0.010490517139892635
14,6672,406,1.0,763,1028,5644,0.010485636412801822
14,6686,407,1.0,764,1028,5658,0.010480804249756986
14,6700,408,1.0,765,1028,5672,0.010476020167537797
14,6714,409,1.0,766,1029,5685,0.010471283687732046
14,6728,410,1.0,767,1029,5699,0.010466594336687809
14,6742,411,1.0,768,1029,5713,0.010461951645466068
14,6756,412,1.0,769,1029,5727,0.010457355149793835
14,6770,413,1.0,770,1029,5741,0.010452804390017712
14,6784,414,1.0,771,1029,5755,0.010448298911057929
14,6798,415,1.0,772,1029,5769,0.010443838262362837
14,6812,416,1.0,773,1029,5783,0.010439421997863846
12,6824,416,0.0,774,1030,5794,0.010435049675930827
14,6838,417,1.0,775,1030,5808,0.010430720859327945
14,6852,418,1.0,776,1030,5822,0.01042643511516993
14,6866,419,1.0,777,1030,5836,0.010422192014878798
14,6880,420,1.0,778,1030,5850,0.01041799113414098
14,6894,421,1.0,779,1030,5864,0.010413832052864903
14,6908,422,1.0,780,1030,5878,0.010409714355138974
14,6922,423,1.0,781,1030,5892,0.010405637629189989
14,6936,424,1.0,782,1030,5906,0.010401601467341955
14,6950,425,1.0,783,1030,5920,0.010397605465975325
14,6964,426,1.0,784,1030,5934,0.01039364922548663
14,6978,427,1.0,785,1030,5948,0.010389732350248527
14,6992,428,1.0,786,1030,5962,0.010385854448570228
9,7001,428,0.0,787,1032,5969,0.01038201513265833
14,7015,429,1.0,788,1032,5983,0.010378214018578047
9,7024,429,0.0,789,1032,5992,0.0103744507262148
14,7038,430,1.0,790,1032,6006,0.010370724879236218
9,7047,430,0.0,791,1032,6015,0.010367036105054498
14,7061,431,1.0,792,1032,6029,0.010363384034789147
9,7070,431,0.0,793,1032,6038,0.010359768303230097
14,7084,432,1.0,794,1032,6052,0.010356188548801179
14,7098,433,1.0,795,1032,6066,0.010352644413523964
14,7112,434,1.0,796,1032,6080,0.010349135542981974
14,7126,435,1.0,797,1032,6094,0.010345661586285228
14,7140,436,1.0,798,1032,6108,0.010342222196035164
14,7154,437,1.0,799,1032,6122,0.01033881702828989
13,7167,438,1.0,800,1033,6134,0.010335445742529792
14,7181,439,1.0,801,1033,6148,0.010332108001623487
14,7195,440,1.0,802,1033,6162,0.010328803471794101
9,7204,440,0.0,803,1034,6170,0.0103255318225859
14,7218,441,1.0,804,1034,6184,0.010322292726831234
9,7227,441,0.0,805,1034,6193,0.01031908586061783
14,7241,442,1.0,806,1034,6207,0.010315910903256391
9,7250,442,0.0,807,1034,6216,0.01031276753724854
14,7264,443,1.0,808,1034,6230,0.010309655448255054
14,7278,444,1.0,809,1034,6244,0.01030657432506444
14,7292,445,1.0,810,1034,6258,0.010303523859561813
13,7305,446,1.0,811,1035,6270,0.01030050374669808
14,7319,447,1.0,812,1035,6284,0.010297513684459435
14,7333,448,1.0,813,1036,6297,0.010294553373837166
14,7347,449,1.0,814,1036,6311,0.010291622518797741
14,7361,450,1.0,815,1036,6325,0.010288720826253218
14,7375,451,1.0,816,1036,6339,0.010285848006031922
14,7389,452,1.0,817,1036,6353,0.010283003770849435
14,7403,453,1.0,818,1036,6367,0.010280187836279871
8,7411,453,0.0,819,1037,6374,0.010277399920727424
14,7425,454,1.0,820,1037,6388,0.01027463974539822
14,7439,455,1.0,821,1037,6402,0.010271907034272422
14,7453,456,1.0,822,1037,6416,0.01026920151407664
14,7467,457,1.0,823,1037,6430,0.010266522914256601
12,7479,457,0.0,824,1038,6441,0.010263870966950093
14,7493,458,1.0,825,1038,6455,0.01026124540696017
13,7506,459,1.0,826,1038,6468,0.010258645971728651
14,7520,460,1.0,827,1038,6482,0.010256072401309843
14,7534,461,1.0,828,1038,6496,0.01025352443834456
14,7548,462,1.0,829,1038,6510,0.010251001828034383
14,7562,463,1.0,830,1038,6524,0.010248504318116178
15,7577,464,1.0,831,1039,6538,0.010246031658836873
14,7591,465,1.0,832,1039,6552,0.010243583602928479
14,7605,466,1.0,833,1039,6566,0.010241159905583363
14,7619,467,1.0,834,1039,6580,0.010238760324429774
14,7633,468,1.0,835,1039,6594,0.010236384619507594
12,7645,468,0.0,836,1040,6605,0.010234032553244354
14,7659,469,1.0,837,1040,6619,0.010231703890431466
14,7673,470,1.0,838,1040,6633,0.01022939839820071
14,7687,471,1.0,839,1040,6647,0.010227115846000938
14,7701,472,1.0,840,1040,6661,0.01022485600557503
14,7715,473,1.0,841,1040,6675,0.01022261865093706
14,7729,474,1.0,842,1040,6689,0.010220403558349701
14,7743,475,1.0,843,1040,6703,0.010218210506301846
14,7757,476,1.0,844,1040,6717,0.010216039275486465
14,7771,477,1.0,845,1040,6731,0.010213889648778665
14,7785,478,1.0,846,1040,6745,0.010211761411213984
14,7799,479,1.0,847,1040,6759,0.010209654349966894
14,7813,480,1.0,848,1040,6773,0.010207568254329514
14,7827,481,1.0,849,1040,6787,0.01020550291569054
14,7841,482,1.0,850,1040,6801,0.010203458127514388
14,7855,483,1.0,851,1040,6815,0.010201433685320538
14,7869,484,1.0,852,1040,6829,0.010199429386663081
14,7883,485,1.0,853,1040,6843,0.010197445031110482
14,7897,486,1.0,854,1040,6857,0.010195480420225531
14,7911,487,1.0,855,1040,6871,0.010193535357545505
14,7925,488,1.0,856,1040,6885,0.010191609648562514
14,7939,489,1.0,857,1040,6899,0.010189703100704052
14,7953,490,1.0,858,1040,6913,0.01018781552331375
14,7967,491,1.0,859,1040,6927,0.01018594672763229
14,7981,492,1.0,860,1040,6941,0.010184096526778551
14,7995,493,1.0,861,1040,6955,0.010182264735730903
14,8009,494,1.0,862,1040,6969,0.010180451171308717
14,8023,495,1.0,863,1040,6983,0.010178655652154037
14,8037,496,1.0,864,1040,6997,0.010176877998713455
14,8051,497,1.0,865,1040,7011,0.01017511803322014
14,8065,498,1.0,866,1040,7025,0.010173375579676082
14,8079,499,1.0,867,1040,7039,0.01017165046383447
14,8093,500,1.0,868,1040,7053,0.010169942513182286
14,8107,501,1.0,869,1040,7067,0.010168251556923037
14,8121,502,1.0,870,1040,7081,0.010166577425959692
14,8135,503,1.0,871,1040,7095,0.010164919952877757
14,8149,504,1.0,872,1040,7109,0.010163278971928544
14,8163,505,1.0,873,1040,7123,0.01016165431901259
14,8177,506,1.0,874,1040,7137,0.01016004583166325
14,8191,507,1.0,875,1040,7151,0.010158453349030448
14,8205,508,1.0,876,1040,7165,0.010156876711864594
6,8211,508,0.0,877,1041,7170,0.010155315762500658
14,8225,509,1.0,878,1041,7184,0.0101537703448424
14,8239,510,1.0,879,1042,7197,0.010152240304346772
14,8253,511,1.0,880,1042,7211,0.010150725488008444
14,8267,512,1.0,881,1042,7225,0.010149225744344521
14,8281,513,1.0,882,1042,7239,0.01014774092337939
14,8295,514,1.0,883,1042,7253,0.010146270876629714
14,8309,515,1.0,884,1042,7267,0.010144815457089593
14,8323,516,1.0,885,1042,7281,0.010143374519215861
14,8337,517,1.0,886,1043,7294,0.01014194791891353
14,8351,518,1.0,887,1043,7308,0.01014053551352138
14,8365,519,1.0,888,1044,7321,0.010139137161797698
13,8378,519,0.0,889,1045,7333,0.010137752723906142
14,8392,520,1.0,890,1045,7347,0.01013638206140177
12,8404,520,0.0,891,1046,7358,0.010135025037217192
14,8418,521,1.0,892,1046,7372,0.010133681515648855
14,8432,522,1.0,893,1046,7386,0.010132351362343486
14,8446,523,1.0,894,1046,7400,0.010131034444284644
14,8460,524,1.0,895,1046,7414,0.010129730629779427
14,8474,525,1.0,896,1046,7428,0.010128439788445296
14,8488,526,1.0,897,1046,7442,0.010127161791197044
14,8502,527,1.0,898,1046,7456,0.01012589651023388
14,8516,528,1.0,899,1046,7470,0.010124643819026653
14,8530,529,1.0,900,1046,7484,0.0101234035923052
14,8544,530,1.0,901,1047,7497,0.010122175706045813
14,8558,531,1.0,902,1047,7511,0.010120960037458845
14,8572,532,1.0,903,1047,7525,0.010119756464976423
14,8586,533,1.0,904,1047,7539,0.010118564868240294
14,8600,534,1.0,905,1047,7553,0.010117385128089795
14,8614,535,1.0,906,1047,7567,0.010116217126549927
14,8628,536,1.0,907,1047,7581,0.010115060746819561
14,8642,537,1.0,908,1047,7595,0.010113915873259762
14,8656,538,1.0,909,1047,7609,0.010112782391382219
14,8670,539,1.0,910,1047,7623,0.010111660187837799
14,8684,540,1.0,911,1047,7637,0.010110549150405214
14,8698,541,1.0,912,1047,7651,0.010109449167979795
14,8712,542,1.0,913,1047,7665,0.010108360130562379
10,8722,543,1.0,914,1048,7674,0.010107281929248322
15,8737,543,0.0,915,1048,7689,0.010106214456216591
15,8752,544,1.0,916,1050,7702,0.010105157604718994
14,8766,545,1.0,917,1050,7716,0.010104111269069502
14,8780,546,1.0,918,1050,7730,0.010103075344633675
14,8794,547,1.0,919,1051,7743,0.010102049727818207
14,8808,548,1.0,920,1052,7756,0.010101034316060565
14,8822,549,1.0,921,1052,7770,0.010100029007818723
14,8836,550,1.0,922,1052,7784,0.01009903370256102
14,8850,551,1.0,923,1052,7798,0.010098048300756102
14,8864,552,1.0,924,1052,7812,0.010097072703862968
14,8878,553,1.0,925,1052,7826,0.010096106814321115
14,8892,554,1.0,926,1052,7840,0.01009515053554078
14,8906,555,1.0,927,1052,7854,0.010094203771893295
14,8920,556,1.0,928,1052,7868,0.010093266428701501
14,8934,557,1.0,929,1052,7882,0.0100923384122303
14,8948,558,1.0,930,1052,7896,0.01009141962967727
14,8962,559,1.0,931,1052,7910,0.010090509989163391
14,8976,560,1.0,932,1052,7924,0.010089609399723856
14,8990,561,1.0,933,1052,7938,0.010088717771298966
14,9004,562,1.0,934,1052,7952,0.010087835014725138
14,9018,563,1.0,935,1052,7966,0.010086961041725979
14,9032,564,1.0,936,1052,7980,0.01008609576490346
14,9046,565,1.0,937,1052,7994,0.010085239097729176
14,9060,566,1.0,938,1052,8008,0.0100843909545357
14,9074,567,1.0,939,1052,8022,0.010083551250508005
11,9085,567,0.0,940,1053,8032,0.010082719901674985
13,9098,568,1.0,941,1053,8045,0.010081896824901066
13,9111,569,1.0,942,1053,8058,0.010081081937877885
13,9124,570,1.0,943,1053,8071,0.01008027515911606
13,9137,571,1.0,944,1053,8084,0.010079476407937044
13,9150,572,1.0,945,1053,8097,0.010078685604465051
13,9163,573,1.0,946,1053,8110,0.010077902669619077
13,9176,574,1.0,947,1053,8123,0.010077127525104984
13,9189,575,1.0,948,1053,8136,0.010076360093407673
13,9202,576,1.0,949,1053,8149,0.010075600297783338
13,9215,577,1.0,950,1053,8162,0.010074848062251781
13,9228,578,1.0,951,1053,8175,0.010074103311588823
13,9241,579,1.0,952,1053,8188,0.010073365971318778
13,9254,580,1.0,953,1053,8201,0.010072635967707003
10,9264,580,0.0,954,1054,8210,0.010071913227752527
2,9266,580,0.0,955,1055,8211,0.010071197679180756
13,9279,581,1.0,956,1055,8224,0.010070489250436234
12,9291,581,0.0,957,1055,8236,0.010069787870675497
14,9305,582,1.0,958,1055,8250,0.010069093469759984
14,9319,583,1.0,959,1055,8264,0.010068405978249026
14,9333,584,1.0,960,1055,8278,0.010067725327392897
14,9347,585,1.0,961,1055,8292,0.010067051449125945
14,9361,586,1.0,962,1055,8306,0.010066384276059784
14,9375,587,1.0,963,1055,8320,0.010065723741476547
14,9389,588,1.0,964,1055,8334,0.01006506977932223
12,9401,588,0.0,965,1056,8345,0.010064422324200068
14,9415,589,1.0,966,1056,8359,0.010063781311364012
14,9429,590,1.0,967,1056,8373,0.010063146676712244
14,9443,591,1.0,968,1056,8387,0.01006251835678077
14,9457,592,1.0,969,1056,8401,0.010061896288737071
14,9471,593,1.0,970,1056,8415,0.01006128041037383
14,9485,594,1.0,971,1056,8429,0.01006067066010269
14,9499,595,1.0,972,1056,8443,0.01006006697694812
14,9513,596,1.0,973,1056,8457,0.010059469300541302
14,9527,597,1.0,974,1056,8471,0.010058877571114096
14,9541,598,1.0,975,1056,8485,0.010058291729493065
14,9555,599,1.0,976,1056,8499,0.01005771171709356
14,9569,600,1.0,977,1056,8513,0.010057137475913858
14,9583,601,1.0,978,1056,8527,0.010056568948529363
14,9597,602,1.0,979,1056,8541,0.010056006078086861
14,9611,603,1.0,980,1056,8555,0.01005544880829884
14,9625,604,1.0,981,1056,8569,0.010054897083437856
14,9639,605,1.0,982,1056,8583,0.010054350848330963
14,9653,606,1.0,983,1056,8597,0.010053810048354195
14,9667,607,1.0,984,1056,8611,0.010053274629427107
9,9676,607,0.0,985,1057,8619,0.010052744538007355
14,9690,608,1.0,986,1057,8633,0.01005221972108536
9,9699,608,0.0,987,1057,8642,0.010051700126178988
14,9713,609,1.0,988,1057,8656,0.010051185701328317
9,9722,609,0.0,989,1057,8665,0.010050676395090436
14,9736,610,1.0,990,1057,8679,0.010050172156534292
9,9745,610,0.0,991,1057,8688,0.010049672935235614
14,9759,611,1.0,992,1057,8702,0.010049178681271852
14,9773,612,1.0,993,1057,8716,0.010048689345217202
14,9787,613,1.0,994,1057,8730,0.010048204878137646
14,9801,614,1.0,995,1057,8744,0.010047725231586075
14,9815,615,1.0,996,1057,8758,0.010047250357597435
14,9829,616,1.0,997,1057,8772,0.010046780208683928
14,9843,617,1.0,998,1057,8786,0.010046314737830275
14,9857,618,1.0,999,1057,8800,0.010045853898488999
14,9871,619,1.0,1000,1057,8814,0.010045397644575786
14,9885,620,1.0,1001,1057,8828,0.010044945930464861
13,9898,620,0.0,1002,1058,8840,0.010044498710984437
14,9912,621,1.0,1003,1058,8854,0.010044055941412194
14,9926,622,1.0,1004,1058,8868,0.010043617577470805
14,9940,623,1.0,1005,1058,8882,0.010043183575323512
9,9949,623,0.0,1006,1059,8890,0.010042753891569738
13,9962,624,1.0,1007,1060,8902,0.01004232848324075
14,9976,625,1.0,1008,1060,8916,0.010041907307795358
14,9990,626,1.0,1009,1060,8930,0.01004149032311567
14,10004,627,1.0,1010,1060,8944,0.010041077487502869
14,10018,628,1.0,1011,1060,8958,0.010040668759673048
14,10032,629,1.0,1012,1060,8972,0.010040264098753086
14,10046,630,1.0,1013,1060,8986,0.010039863464276553
14,10060,631,1.0,1014,1060,9000,0.010039466816179668
13,10073,632,1.0,1015,1061,9012,0.010039074114797288
14,10087,633,1.0,1016,1061,9026,0.01003868532085895
12,10099,633,0.0,1017,1062,9037,0.010038300395484938
12,10111,633,0.0,1018,1062,9049,0.01003791930018239
12,10123,633,0.0,1019,1062,9061,0.01003754199684146
10,10133,634,1.0,1020,1062,9071,0.0100371684477315
12,10145,635,1.0,1021,1062,9083,0.010036798615497286
10,10155,636,1.0,1022,1062,9093,0.010036432463155286
10,10165,637,1.0,1023,1062,9103,0.010036069954089965
10,10175,638,1.0,1024,1062,9113,0.01003571105205011
9,10184,638,0.0,1025,1063,9121,0.01003535572114522
14,10198,638,0.0,1026,1063,9135,0.010035003925841906
13,10211,638,0.0,1027,1063,9148,0.010034655630960348
19,10230,638,0.0,1028,1063,9167,0.010034310801670764
9,10239,638,0.0,1029,1063,9176,0.010033969403489941
9,10248,638,0.0,1030,1063,9185,0.010033631402277775
7,10255,638,0.0,1031,1063,9192,0.010033296764233863
28,10283,638,0.0,1032,1063,9220,0.01003296545589412
9,10292,638,0.0,1033,1063,9229,0.01003263744412744
11,10303,638,0.0,1034,1063,9240,0.010032312696132369
24,10327,639,1.0,1035,1063,9264,0.01003199117943384
22,10349,640,1.0,1036,1064,9285,0.010031672861879913
22,10371,640,0.0,1037,1065,9306,0.010031357711638567
22,10393,641,1.0,1038,1065,9328,0.010031045697194518
22,10415,642,1.0,1039,1065,9350,0.01003073678734606
20,10435,642,0.0,1040,1066,9369,0.01003043095120195
22,10457,643,1.0,1041,1066,9391,0.01003012815817832
22,10479,644,1.0,1042,1066,9413,0.010029828377995615
22,10501,645,1.0,1043,1066,9435,0.010029531580675564
22,10523,646,1.0,1044,1066,9457,0.010029237736538193
22,10545,647,1.0,1045,1066,9479,0.01002894681619884
22,10567,648,1.0,1046,1066,9501,0.010028658790565229
21,10588,648,0.0,1047,1067,9521,0.010028373630834558
22,10610,649,1.0,1048,1067,9543,0.010028091308490614
22,10632,650,1.0,1049,1067,9565,0.010027811795300929
22,10654,651,1.0,1050,1067,9587,0.01002753506331395
22,10676,652,1.0,1051,1067,9609,0.01002726108485625
14,10690,652,0.0,1052,1068,9622,0.010026989832529752
6,10696,652,0.0,1053,1068,9628,0.010026721279208999
22,10718,653,1.0,1054,1068,9650,0.010026455398038434
22,10740,654,1.0,1055,1068,9672,0.01002619216242972
22,10762,655,1.0,1056,1068,9694,0.010025931546059077
15,10777,655,0.0,1057,1069,9708,0.010025673522864646
22,10799,656,1.0,1058,1069,9730,0.0100254180670439
22,10821,657,1.0,1059,1069,9752,0.010025165153051038
22,10843,658,1.0,1060,1069,9774,0.010024914755594453
22,10865,659,1.0,1061,1069,9796,0.01002466684963419
22,10887,660,1.0,1062,1069,9818,0.010024421410379444
20,10907,660,0.0,1063,1070,9837,0.01002417841328609
22,10929,661,1.0,1064,1070,9859,0.010023937834054211
22,10951,662,1.0,1065,1070,9881,0.010023699648625687
22,10973,663,1.0,1066,1070,9903,0.010023463833181775
22,10995,664,1.0,1067,1070,9925,0.010023230364140734
22,11017,665,1.0,1068,1070,9947,0.010022999218155467
22,11039,666,1.0,1069,1070,9969,0.01002277037211118
22,11061,667,1.0,1070,1070,9991,0.01002254380312308
22,11083,668,1.0,1071,1071,10012,0.01002231948853408
22,11105,669,1.0,1072,1071,10034,0.010022097405912533
22,11127,670,1.0,1073,1071,10056,0.010021877533049992
14,11141,670,0.0,1074,1072,10069,0.010021659847958985
22,11163,671,1.0,1075,1074,10089,0.010021444328870826
22,11185,672,1.0,1076,1074,10111,0.010021230954233424
22,11207,673,1.0,1077,1074,10133,0.010021019702709136
22,11229,674,1.0,1078,1074,10155,0.010020810553172638
16,11245,674,0.0,1079,1075,10170,0.010020603484708799
22,11267,675,1.0,1080,1075,10192,0.0100203984766106
22,11289,676,1.0,1081,1075,10214,0.01002019550837706
22,11311,677,1.0,1082,1075,10236,0.010019994559711188
22,11333,678,1.0,1083,1075,10258,0.01001979561051795
22,11355,679,1.0,1084,1075,10280,0.01001959864090226
22,11377,680,1.0,1085,1075,10302,0.010019403631166992
22,11399,681,1.0,1086,1075,10324,0.01001921056181101
22,11421,682,1.0,1087,1075,10346,0.01001901941352722
22,11443,683,1.0,1088,1075,10368,0.01001883016720063
22,11465,684,1.0,1089,1075,10390,0.010018642803906453
22,11487,685,1.0,1090,1075,10412,0.010018457304908203
22,11509,686,1.0,1091,1075,10434,0.010018273651655822
27,11536,686,0.0,1092,1077,10459,0.010018091825783837
21,11557,686,0.0,1093,1077,10480,0.010017911809109508
27,11584,687,1.0,1094,1077,10507,0.010017733583631014
25,11609,688,1.0,1095,1077,10532,0.010017557131525663
17,11626,688,0.0,1096,1077,10549,0.010017382435148095
21,11647,688,0.0,1097,1077,10570,0.010017209477028527
21,11668,688,0.0,1098,1077,10591,0.010017038239871004
9,11677,688,0.0,1099,1078,10599,0.010016868706551666
27,11704,689,1.0,1100,1078,10626,0.01001670086011704
25,11729,690,1.0,1101,1078,10651,0.010016534683782344
21,11750,690,0.0,1102,1078,10672,0.010016370160929804
21,11771,690,0.0,1103,1078,10693,0.010016207275107
21,11792,690,0.0,1104,1078,10714,0.010016046010025212
40,11832,690,0.0,1105,1080,10752,0.0100158863495578
29,11861,690,0.0,1106,1080,10781,0.01001572827773858
29,11890,690,0.0,1107,1080,10810,0.010015571778760241
49,11939,690,0.0,1108,1081,10858,0.010015416836972756
13,11952,690,0.0,1109,1081,10871,0.010015263436881815
5,11957,690,0.0,1110,1081,10876,0.010015111563147282
10,11967,690,0.0,1111,1081,10886,0.010014961200581656
28,11995,691,1.0,1112,1081,10914,0.010014812334148557
10,12005,691,0.0,1113,1081,10924,0.010014664948961216
13,12018,691,0.0,1114,1081,10937,0.010014519030280992
5,12023,691,0.0,1115,1081,10942,0.010014374563515895
7,12030,691,0.0,1116,1081,10949,0.01001423153421913
14,12044,691,0.0,1117,1082,10962,0.010014089928087644
34,12078,691,0.0,1118,1082,10996,0.01001394973096071
21,12099,691,0.0,1119,1082,11017,0.010013810928818496
21,12120,691,0.0,1120,1082,11038,0.010013673507780674
25,12145,692,1.0,1121,1082,11063,0.010013537454105024
21,12166,692,0.0,1122,1082,11084,0.010013402754186067
21,12187,692,0.0,1123,1082,11105,0.010013269394553695
21,12208,692,0.0,1124,1082,11126,0.010013137361871838
21,12229,692,0.0,1125,1084,11145,0.010013006642937116
23,12252,692,0.0,1126,1084,11168,0.010012877224677526
22,12274,693,1.0,1127,1084,11190,0.010012749094151136
22,12296,694,1.0,1128,1084,11212,0.010012622238544785
22,12318,695,1.0,1129,1084,11234,0.010012496645172807
22,12340,696,1.0,1130,1085,11255,0.01001237230147576
22,12362,697,1.0,1131,1085,11277,0.01001224919501917
22,12384,698,1.0,1132,1086,11298,0.01001212731349229
22,12406,699,1.0,1133,1086,11320,0.010012006644706866
22,12428,700,1.0,1134,1086,11342,0.010011887176595919
22,12450,701,1.0,1135,1086,11364,0.010011768897212536
22,12472,702,1.0,1136,1086,11386,0.010011651794728682
22,12494,703,1.0,1137,1086,11408,0.010011535857434011
22,12516,704,1.0,1138,1086,11430,0.010011421073734697
20,12536,704,0.0,1139,1087,11449,0.010011307432152275
22,12558,705,1.0,1140,1087,11471,0.01001119492132249
22,12580,706,1.0,1141,1087,11493,0.010011083529994165
22,12602,707,1.0,1142,1087,11515,0.010010973247028078
22,12624,708,1.0,1143,1087,11537,0.010010864061395836
27,12651,708,0.0,1144,1088,11563,0.01001075596217879
22,12673,709,1.0,1145,1088,11585,0.010010648938566923
27,12700,709,0.0,1146,1089,11611,0.010010542979857786
22,12722,710,1.0,1147,1089,11633,0.010010438075455421
22,12744,711,1.0,1148,1089,11655,0.010010334214869302
22,12766,712,1.0,1149,1089,11677,0.010010231387713281
22,12788,713,1.0,1150,1090,11698,0.010010129583704556
22,12810,714,1.0,1151,1090,11720,0.010010028792662645
22,12832,715,1.0,1152,1090,11742,0.010009929004508356
22,12854,716,1.0,1153,1090,11764,0.010009830209262792
22,12876,717,1.0,1154,1090,11786,0.010009732397046348
6,12882,717,0.0,1155,1091,11791,0.010009635558077717
2,12884,717,0.0,1156,1091,11793,0.010009539682672925
10,12894,717,0.0,1157,1092,11802,0.010009444761244348
17,12911,717,0.0,1158,1092,11819,0.010009350784299768
6,12917,717,0.0,1159,1092,11825,0.01000925774244141
9,12926,717,0.0,1160,1092,11834,0.01000916562636501
2,12928,717,0.0,1161,1092,11836,0.010009074426858885
2,12930,717,0.0,1162,1092,11838,0.010008984134803008
2,12932,717,0.0,1163,1092,11840,0.010008894741168098
2,12934,717,0.0,1164,1092,11842,0.010008806237014717
6,12940,717,0.0,1165,1092,11848,0.010008718613492376
2,12942,717,0.0,1166,1092,11850,0.010008631861838651
2,12944,717,0.0,1167,1092,11852,0.010008545973378302
2,12946,717,0.0,1168,1092,11854,0.010008460939522413
2,12948,717,0.0,1169,1092,11856,0.010008376751767528
2,12950,717,0.0,1170,1092,11858,0.010008293401694799
22,12972,718,1.0,1171,1092,11880,0.01000821088096915
22,12994,719,1.0,1172,1092,11902,0.010008129181338442
42,13036,719,0.0,1173,1092,11944,0.01000804829463264
17,13053,719,0.0,1174,1092,11961,0.01000796821276301
17,13070,719,0.0,1175,1092,11978,0.010007888927721297
17,13087,719,0.0,1176,1092,11995,0.010007810431578928
2,13089,719,0.0,1177,1093,11996,0.010007732716486228
18,13107,720,1.0,1178,1093,12014,0.01000765577467162
18,13125,721,1.0,1179,1093,12032,0.010007579598440857
14,13139,721,0.0,1180,1094,12045,0.010007504180176256
13,13152,721,0.0,1181,1094,12058,0.010007429512335927
15,13167,721,0.0,1182,1094,12073,0.010007355587453021
5,13172,721,0.0,1183,1094,12078,0.010007282398134991
5,13177,721,0.0,1184,1094,12083,0.010007209937062844
5,13182,721,0.0,1185,1094,12088,0.01000713819699041
5,13187,721,0.0,1186,1094,12093,0.010007067170743624
6,13193,721,0.0,1187,1094,12099,0.010006996851219802
18,13211,721,0.0,1188,1094,12117,0.010006927231386933
2,13213,721,0.0,1189,1094,12119,0.010006858304282974
2,13215,721,0.0,1190,1094,12121,0.01000679006301516
13,13228,721,0.0,1191,1094,12134,0.010006722500759306
9,13237,721,0.0,1192,1094,12143,0.010006655610759129
9,13246,721,0.0,1193,1094,12152,0.010006589386325575
9,13255,721,0.0,1194,1094,12161,0.010006523820836145
9,13264,721,0.0,1195,1094,12170,0.010006458907734234
6,13270,721,0.0,1196,1094,12176,0.010006394640528481
16,13286,721,0.0,1197,1095,12191,0.010006331012792108
9,13295,721,0.0,1198,1095,12200,0.01000626801816229
5,13300,721,0.0,1199,1095,12205,0.010006205650339512
6,13306,721,0.0,1200,1095,12211,0.010006143903086939
6,13312,721,0.0,1201,1095,12217,0.010006082770229794
2,13314,721,0.0,1202,1095,12219,0.010006022245654743
13,13327,721,0.0,1203,1095,12232,0.010005962323309275
3,13330,721,0.0,1204,1095,12235,0.010005902997201107
3,13333,721,0.0,1205,1095,12238,0.010005844261397577
3,13336,721,0.0,1206,1095,12241,0.010005786110025058
3,13339,721,0.0,1207,1095,12244,0.010005728537268364
13,13352,721,0.0,1208,1095,12257,0.010005671537370168
6,13358,722,1.0,1209,1095,12263,0.010005615104630439
6,13364,723,1.0,1210,1095,12269,0.01000555923340585
6,13370,724,1.0,1211,1095,12275,0.010005503918109233
6,13376,725,1.0,1212,1095,12281,0.010005449153209016
6,13382,726,1.0,1213,1095,12287,0.01000539493322866
6,13388,727,1.0,1214,1095,12293,0.010005341252746124
6,13394,728,1.0,1215,1095,12299,0.010005288106393312
6,13400,729,1.0,1216,1095,12305,0.010005235488855546
6,13406,730,1.0,1217,1095,12311,0.010005183394871029
6,13412,731,1.0,1218,1095,12317,0.010005131819230318
6,13418,732,1.0,1219,1095,12323,0.010005080756775806
6,13424,733,1.0,1220,1095,12329,0.010005030202401208
6,13430,734,1.0,1221,1095,12335,0.01000498015105104
15,13445,734,0.0,1222,1096,12349,0.010004930597720129
6,13451,735,1.0,1223,1096,12355,0.010004881537453098
6,13457,736,1.0,1224,1096,12361,0.01000483296534388
6,13463,737,1.0,1225,1096,12367,0.010004784876535224
6,13469,738,1.0,1226,1096,12373,0.010004737266218209
6,13475,739,1.0,1227,1096,12379,0.010004690129631762
6,13481,740,1.0,1228,1096,12385,0.010004643462062188
6,13487,741,1.0,1229,1096,12391,0.01000459725884269
6,13493,742,1.0,1230,1096,12397,0.010004551515352907
6,13499,743,1.0,1231,1096,12403,0.010004506227018452
6,13505,744,1.0,1232,1096,12409,0.010004461389310455
6,13511,745,1.0,1233,1096,12415,0.010004416997745106
6,13517,746,1.0,1234,1096,12421,0.010004373047883213
6,13523,747,1.0,1235,1096,12427,0.010004329535329752
6,13529,748,1.0,1236,1096,12433,0.010004286455733433
6,13535,749,1.0,1237,1096,12439,0.010004243804786258
6,13541,750,1.0,1238,1096,12445,0.010004201578223099
6,13547,751,1.0,1239,1096,12451,0.010004159771821263
6,13553,752,1.0,1240,1096,12457,0.010004118381400076
6,13559,753,1.0,1241,1096,12463,0.010004077402820461
6,13565,754,1.0,1242,1096,12469,0.010004036831984526
6,13571,755,1.0,1243,1096,12475,0.010003996664835153
6,13577,756,1.0,1244,1096,12481,0.010003956897355594
6,13583,757,1.0,1245,1096,12487,0.010003917525569068
6,13589,758,1.0,1246,1096,12493,0.010003878545538364
6,13595,759,1.0,1247,1096,12499,0.010003839953365446
6,13601,760,1.0,1248,1096,12505,0.010003801745191065
6,13607,761,1.0,1249,1096,12511,0.01000376391719437
6,13613,762,1.0,1250,1096,12517,0.010003726465592533
6,13619,763,1.0,1251,1096,12523,0.010003689386640358
6,13625,764,1.0,1252,1096,12529,0.010003652676629922
6,13631,765,1.0,1253,1096,12535,0.010003616331890194
6,13637,766,1.0,1254,1096,12541,0.01000358034878667
6,13643,767,1.0,1255,1096,12547,0.010003544723721006
6,13649,768,1.0,1256,1096,12553,0.010003509453130669
6,13655,769,1.0,1257,1096,12559,0.01000347453348857
6,13661,770,1.0,1258,1096,12565,0.010003439961302714
6,13667,771,1.0,1259,1096,12571,0.010003405733115854
6,13673,772,1.0,1260,1096,12577,0.010003371845505146
6,13679,773,1.0,1261,1096,12583,0.010003338295081798
6,13685,774,1.0,1262,1096,12589,0.01000330507849074
6,13691,775,1.0,1263,1096,12595,0.010003272192410284
6,13697,776,1.0,1264,1096,12601,0.010003239633551798
6,13703,777,1.0,1265,1097,12606,0.010003207398659366
10,13713,777,0.0,1266,1098,12615,0.010003175484509472
13,13726,777,0.0,1267,1099,12627,0.010003143887910676
13,13739,777,0.0,1268,1100,12639,0.010003112605703291
13,13752,777,0.0,1269,1100,12652,0.01000308163475907
13,13765,777,0.0,1270,1100,12665,0.010003050971980893
13,13778,777,0.0,1271,1100,12678,0.010003020614302456
14,13792,777,0.0,1272,1100,12692,0.010002990558687967
14,13806,777,0.0,1273,1100,12706,0.010002960802131838
14,13820,777,0.0,1274,1100,12720,0.010002931341658392
14,13834,777,0.0,1275,1101,12733,0.010002902174321553
7,13841,777,0.0,1276,1101,12740,0.010002873297204564
9,13850,777,0.0,1277,1101,12749,0.01000284470741969
15,13865,777,0.0,1278,1101,12764,0.01000281640210793
6,13871,778,1.0,1279,1101,12770,0.010002788378438727
6,13877,779,1.0,1280,1101,12776,0.010002760633609692
6,13883,780,1.0,1281,1101,12782,0.010002733164846317
6,13889,781,1.0,1282,1101,12788,0.010002705969401705
6,13895,782,1.0,1283,1101,12794,0.010002679044556288
6,13901,783,1.0,1284,1101,12800,0.01000265238761756
6,13907,784,1.0,1285,1101,12806,0.010002625995919804
6,13913,785,1.0,1286,1101,12812,0.010002599866823827
6,13919,786,1.0,1287,1101,12818,0.0100025739977167
6,13925,787,1.0,1288,1101,12824,0.01000254838601149
6,13931,788,1.0,1289,1101,12830,0.010002523029147005
6,13937,789,1.0,1290,1101,12836,0.010002497924587536
6,13943,790,1.0,1291,1101,12842,0.010002473069822607
6,13949,791,1.0,1292,1101,12848,0.010002448462366724
6,13955,792,1.0,1293,1101,12854,0.010002424099759115
6,13961,793,1.0,1294,1101,12860,0.010002399979563504
6,13967,794,1.0,1295,1101,12866,0.010002376099367848
6,13973,795,1.0,1296,1101,12872,0.01000235245678411
6,13979,796,1.0,1297,1101,12878,0.01000232904944801
6,13985,797,1.0,1298,1101,12884,0.010002305875018797
6,13991,798,1.0,1299,1101,12890,0.010002282931179005
20,14011,798,0.0,1300,1104,12907,0.010002260215634235
6,14017,799,1.0,1301,1104,12913,0.010002237726112912
6,14023,800,1.0,1302,1104,12919,0.010002215460366065
6,14029,801,1.0,1303,1104,12925,0.0100021934161671
6,14035,802,1.0,1304,1104,12931,0.01000217159131158
6,14041,803,1.0,1305,1104,12937,0.010002149983617
6,14047,804,1.0,1306,1104,12943,0.010002128590922576
6,14053,805,1.0,1307,1104,12949,0.010002107411089015
6,14059,806,1.0,1308,1104,12955,0.01000208644199832
6,14065,807,1.0,1309,1104,12961,0.010002065681553565
6,14071,808,1.0,1310,1104,12967,0.010002045127678686
6,14077,809,1.0,1311,1104,12973,0.010002024778318278
6,14083,810,1.0,1312,1104,12979,0.01000200463143739
6,14089,811,1.0,1313,1104,12985,0.010001984685021318
6,14095,812,1.0,1314,1104,12991,0.010001964937075399
6,14101,813,1.0,1315,1104,12997,0.010001945385624827
6,14107,814,1.0,1316,1104,13003,0.010001926028714438
6,14113,815,1.0,1317,1104,13009,0.010001906864408525
6,14119,816,1.0,1318,1104,13015,0.010001887890790642
6,14125,817,1.0,1319,1104,13021,0.010001869105963412
6,14131,818,1.0,1320,1104,13027,0.010001850508048336
6,14137,819,1.0,1321,1105,13032,0.010001832095185606
6,14143,820,1.0,1322,1105,13038,0.010001813865533922
6,14149,821,1.0,1323,1105,13044,0.010001795817270303
6,14155,822,1.0,1324,1106,13049,0.010001777948589908
6,14161,823,1.0,1325,1106,13055,0.010001760257705852
6,14167,824,1.0,1326,1106,13061,0.010001742742849035
6,14173,825,1.0,1327,1106,13067,0.010001725402267955
6,14179,826,1.0,1328,1106,13073,0.010001708234228539
6,14185,827,1.0,1329,1106,13079,0.01000169123701397
6,14191,828,1.0,1330,1106,13085,0.010001674408924511
6,14197,829,1.0,1331,1106,13091,0.01000165774827734
6,14203,830,1.0,1332,1106,13097,0.010001641253406378
6,14209,831,1.0,1333,1106,13103,0.010001624922662126
6,14215,832,1.0,1334,1106,13109,0.010001608754411492
6,14221,833,1.0,1335,1106,13115,0.010001592747037642
6,14227,834,1.0,1336,1106,13121,0.010001576898939822
6,14233,835,1.0,1337,1106,13127,0.010001561208533209
6,14239,836,1.0,1338,1106,13133,0.010001545674248751
9,14248,836,0.0,1339,1107,13141,0.010001530294533007
6,14254,837,1.0,1340,1107,13147,0.01000151506784799
6,14260,838,1.0,1341,1107,13153,0.010001499992671022
6,14266,839,1.0,1342,1107,13159,0.01000148506749457
14,14280,839,0.0,1343,1109,13171,0.010001470290826106
6,14286,840,1.0,1344,1109,13177,0.01000145566118795
6,14292,841,1.0,1345,1109,13183,0.010001441177117125
6,14298,842,1.0,1346,1109,13189,0.010001426837165211
6,14304,843,1.0,1347,1109,13195,0.010001412639898205
14,14318,843,0.0,1348,1110,13208,0.010001398583896365
6,14324,844,1.0,1349,1110,13214,0.01000138466775408
6,14330,845,1.0,1350,1110,13220,0.010001370890079726
6,14336,846,1.0,1351,1110,13226,0.01000135724949552
6,14342,847,1.0,1352,1110,13232,0.010001343744637396
6,14348,848,1.0,1353,1110,13238,0.010001330374154856
6,14354,849,1.0,1354,1110,13244,0.010001317136710838
6,14360,850,1.0,1355,1110,13250,0.010001304030981591
6,14366,851,1.0,1356,1110,13256,0.010001291055656527
6,14372,852,1.0,1357,1110,13262,0.010001278209438106
6,14378,853,1.0,1358,1110,13268,0.010001265491041694
6,14384,854,1.0,1359,1110,13274,0.01000125289919544
6,14390,855,1.0,1360,1110,13280,0.01000124043264015
6,14396,856,1.0,1361,1110,13286,0.010001228090129157
6,14402,857,1.0,1362,1110,13292,0.0100012158704282
6,14408,858,1.0,1363,1110,13298,0.0100012037723153
5,14413,858,0.0,1364,1111,13302,0.010001191794580635
6,14419,859,1.0,1365,1111,13308,0.010001179936026422
6,14425,860,1.0,1366,1111,13314,0.010001168195466793
6,14431,861,1.0,1367,1111,13320,0.010001156571727685
6,14437,862,1.0,1368,1111,13326,0.010001145063646714
6,14443,863,1.0,1369,1111,13332,0.010001133670073062
6,14449,864,1.0,1370,1112,13337,0.01000112238986736
6,14455,865,1.0,1371,1112,13343,0.010001111221901582
6,14461,866,1.0,1372,1112,13349,0.01000110016505892
6,14467,867,1.0,1373,1112,13355,0.01000108921823368
13,14480,868,1.0,1374,1113,13367,0.010001078380331171
13,14493,868,0.0,1375,1113,13380,0.010001067650267596
6,14499,869,1.0,1376,1114,13385,0.010001057026969934
6,14505,870,1.0,1377,1114,13391,0.010001046509375852
6,14511,871,1.0,1378,1114,13397,0.01000103609643358
6,14517,872,1.0,1379,1114,13403,0.010001025787101813
6,14523,873,1.0,1380,1114,13409,0.010001015580349612
6,14529,874,1.0,1381,1114,13415,0.010001005475156293
6,14535,875,1.0,1382,1114,13421,0.010000995470511326
6,14541,876,1.0,1383,1114,13427,0.01000098556541424
6,14547,877,1.0,1384,1114,13433,0.010000975758874518
6,14553,878,1.0,1385,1114,13439,0.010000966049911497
6,14559,879,1.0,1386,1114,13445,0.01000095643755427
6,14565,880,1.0,1387,1114,13451,0.010000946920841596
6,14571,881,1.0,1388,1114,13457,0.010000937498821796
6,14577,882,1.0,1389,1114,13463,0.01000092817055266
6,14583,883,1.0,1390,1114,13469,0.010000918935101352
6,14589,884,1.0,1391,1114,13475,0.010000909791544318
6,14595,885,1.0,1392,1114,13481,0.0100009007389672
6,14601,886,1.0,1393,1114,13487,0.010000891776464727
6,14607,887,1.0,1394,1114,13493,0.010000882903140645
6,14613,888,1.0,1395,1114,13499,0.010000874118107612
6,14619,889,1.0,1396,1114,13505,0.010000865420487118
6,14625,890,1.0,1397,1114,13511,0.010000856809409394
6,14631,891,1.0,1398,1114,13517,0.010000848284013326
6,14637,892,1.0,1399,1114,13523,0.010000839843446366
6,14643,893,1.0,1400,1114,13529,0.01000083148686445
6,14649,894,1.0,1401,1114,13535,0.010000823213431913
6,14655,895,1.0,1402,1114,13541,0.010000815022321405
6,14661,896,1.0,1403,1114,13547,0.01000080691271381
6,14667,897,1.0,1404,1114,13553,0.010000798883798156
9,14676,897,0.0,1405,1115,13561,0.01000079093477155
14,14690,897,0.0,1406,1115,13575,0.01000078306483908
10,14700,897,0.0,1407,1115,13585,0.010000775273213745
6,14706,897,0.0,1408,1115,13591,0.010000767559116379
24,14730,897,0.0,1409,1115,13615,0.010000759921775564
30,14760,897,0.0,1410,1115,13645,0.01000075236042756
22,14782,897,0.0,1411,1115,13667,0.010000744874316224
30,14812,897,0.0,1412,1116,13696,0.010000737462692942
15,14827,897,0.0,1413,1117,13710,0.010000730124816544
22,14849,897,0.0,1414,1117,13732,0.010000722859953235
11,14860,897,0.0,1415,1117,13743,0.010000715667376524
39,14899,898,1.0,1416,1118,13781,0.010000708546367148
15,14914,898,0.0,1417,1118,13796,0.010000701496212999
10,14924,898,0.0,1418,1119,13805,0.010000694516209054
6,14930,898,0.0,1419,1119,13811,0.01000068760565731
6,14936,898,0.0,1420,1119,13817,0.010000680763866706
6,14942,898,0.0,1421,1119,13823,0.010000673990153053
6,14948,898,0.0,1422,1119,13829,0.01000066728383898
6,14954,898,0.0,1423,1119,13835,0.010000660644253844
6,14960,898,0.0,1424,1119,13841,0.010000654070733687
6,14966,898,0.0,1425,1120,13846,0.010000647562621147
6,14972,898,0.0,1426,1120,13852,0.01000064111926541
6,14978,898,0.0,1427,1120,13858,0.010000634740022132
66,15044,898,0.0,1428,1121,13923,0.010000628424253385
5,15049,898,0.0,1429,1121,13928,0.010000622171327588
7,15056,898,0.0,1430,1122,13934,0.010000615980619442
2,15058,898,0.0,1431,1122,13936,0.01000060985150987
10,15068,898,0.0,1432,1122,13946,0.010000603783385959
13,15081,898,0.0,1433,1122,13959,0.01000059777564089
13,15094,898,0.0,1434,1122,13972,0.010000591827673882
3,15097,898,0.0,1435,1122,13975,0.010000585938890135
2,15099,898,0.0,1436,1122,13977,0.010000580108700766
15,15114,898,0.0,1437,1122,13992,0.010000574336522749
9,15123,898,0.0,1438,1122,14001,0.010000568621778864
3,15126,898,0.0,1439,1122,14004,0.010000562963897631
9,15135,898,0.0,1440,1122,14013,0.010000557362313256
9,15144,898,0.0,1441,1122,14022,0.010000551816465577
4,15148,898,0.0,1442,1122,14026,0.010000546325800004
5,15153,898,0.0,1443,1122,14031,0.010000540889767467
2,15155,898,0.0,1444,1122,14033,0.010000535507824357
2,15157,898,0.0,1445,1122,14035,0.010000530179432476
13,15170,898,0.0,1446,1123,14047,0.01000052490405898
14,15184,898,0.0,1447,1123,14061,0.010000519681176328
8,15192,898,0.0,1448,1123,14069,0.010000514510262227
9,15201,898,0.0,1449,1123,14078,0.01000050939079958
68,15269,898,0.0,1450,1124,14145,0.010000504322276437
13,15282,898,0.0,1451,1124,14158,0.010000499304185942
13,15295,898,0.0,1452,1124,14171,0.010000494336026282
9,15304,898,0.0,1453,1125,14179,0.010000489417300638
8,15312,898,0.0,1454,1126,14186,0.01000048454751713
13,15325,898,0.0,1455,1126,14199,0.010000479726188779
13,15338,898,0.0,1456,1127,14211,0.010000474952833445
8,15346,898,0.0,1457,1127,14219,0.010000470226973791
8,15354,898,0.0,1458,1127,14227,0.010000465548137227
9,15363,898,0.0,1459,1127,14236,0.010000460915855863
13,15376,898,0.0,1460,1127,14249,0.010000456329666469
14,15390,898,0.0,1461,1127,14263,0.010000451789110423
14,15404,898,0.0,1462,1127,14277,0.010000447293733663
12,15416,898,0.0,1463,1127,14289,0.01000044284308665
10,15426,898,0.0,1464,1127,14299,0.010000438436724315
8,15434,898,0.0,1465,1127,14307,0.010000434074206019
7,15441,898,0.0,1466,1127,14314,0.010000429755095503
43,15484,898,0.0,1467,1127,14357,0.010000425478960856
38,15522,898,0.0,1468,1128,14394,0.01000042124537446
30,15552,898,0.0,1469,1128,14424,0.010000417053912952
6,15558,898,0.0,1470,1129,14429,0.010000412904157182
24,15582,898,0.0,1471,1129,14453,0.010000408795692172
14,15596,898,0.0,1472,1129,14467,0.010000404728107072
10,15606,899,1.0,1473,1129,14477,0.010000400700995121
12,15618,900,1.0,1474,1129,14489,0.010000396713953601
12,15630,901,1.0,1475,1129,14501,0.010000392766583809
12,15642,902,1.0,1476,1129,14513,0.010000388858491003
12,15654,903,1.0,1477,1129,14525,0.010000384989284369
12,15666,904,1.0,1478,1129,14537,0.010000381158576986
3,15669,904,0.0,1479,1130,14539,0.010000377365985776
12,15681,905,1.0,1480,1130,14551,0.01000037361113148
12,15693,906,1.0,1481,1130,14563,0.01000036989363861
12,15705,907,1.0,1482,1130,14575,0.010000366213135409
13,15718,907,0.0,1483,1131,14587,0.010000362569253829
13,15731,907,0.0,1484,1132,14599,0.010000358961629477
9,15740,907,0.0,1485,1132,14608,0.010000355389901586
9,15749,907,0.0,1486,1134,14615,0.01000035185371298
11,15760,908,1.0,1487,1134,14626,0.010000348352710041
7,15767,909,1.0,1488,1134,14633,0.010000344886542662
7,15774,910,1.0,1489,1134,14640,0.010000341454864224
7,15781,911,1.0,1490,1134,14647,0.010000338057331559
7,15788,912,1.0,1491,1134,14654,0.010000334693604907
7,15795,913,1.0,1492,1134,14661,0.010000331363347895
7,15802,914,1.0,1493,1134,14668,0.010000328066227493
7,15809,915,1.0,1494,1134,14675,0.01000032480191399
7,15816,916,1.0,1495,1134,14682,0.010000321570080946
8,15824,917,1.0,1496,1135,14689,0.01000031837040518
7,15831,918,1.0,1497,1135,14696,0.010000315202566718
7,15838,919,1.0,1498,1135,14703,0.010000312066248776
7,15845,920,1.0,1499,1135,14710,0.010000308961137721
7,15852,921,1.0,1500,1135,14717,0.010000305886923036
7,15859,922,1.0,1501,1135,14724,0.010000302843297297
7,15866,923,1.0,1502,1135,14731,0.010000299829956141
7,15873,924,1.0,1503,1135,14738,0.01000029684659823
7,15880,925,1.0,1504,1135,14745,0.010000293892925227
7,15887,926,1.0,1505,1135,14752,0.01000029096864176
7,15894,927,1.0,1506,1135,14759,0.010000288073455401
7,15901,928,1.0,1507,1135,14766,0.010000285207076628
7,15908,929,1.0,1508,1135,14773,0.010000282369218799
7,15915,930,1.0,1509,1135,14780,0.010000279559598129
7,15922,931,1.0,1510,1135,14787,0.01000027677793365
7,15929,932,1.0,1511,1135,14794,0.010000274023947195
7,15936,933,1.0,1512,1135,14801,0.010000271297363365
7,15943,934,1.0,1513,1135,14808,0.010000268597909496
7,15950,935,1.0,1514,1135,14815,0.010000265925315641
7,15957,936,1.0,1515,1135,14822,0.01000026327931454
7,15964,937,1.0,1516,1135,14829,0.01000026065964159
7,15971,938,1.0,1517,1135,14836,0.010000258066034821
7,15978,939,1.0,1518,1135,14843,0.010000255498234871
7,15985,940,1.0,1519,1135,14850,0.010000252955984957
7,15992,941,1.0,1520,1135,14857,0.010000250439030854
7,15999,942,1.0,1521,1135,14864,0.010000247947120861
13,16012,942,0.0,1522,1136,14876,0.010000245480005786
7,16019,943,1.0,1523,1136,14883,0.010000243037438917
7,16026,944,1.0,1524,1136,14890,0.010000240619175996
13,16039,944,0.0,1525,1137,14902,0.010000238224975191
7,16046,945,1.0,1526,1137,14909,0.010000235854597084
7,16053,946,1.0,1527,1137,14916,0.01000023350780463
7,16060,947,1.0,1528,1137,14923,0.010000231184363153
7,16067,948,1.0,1529,1137,14930,0.010000228884040306
7,16074,949,1.0,1530,1137,14937,0.010000226606606053
7,16081,950,1.0,1531,1137,14944,0.010000224351832648
13,16094,950,0.0,1532,1138,14956,0.010000222119494615
7,16101,951,1.0,1533,1138,14963,0.010000219909368717
7,16108,952,1.0,1534,1138,14970,0.010000217721233938
7,16115,953,1.0,1535,1138,14977,0.010000215554871463
7,16122,954,1.0,1536,1138,14984,0.010000213410064657
7,16129,955,1.0,1537,1138,14991,0.010000211286599033
7,16136,956,1.0,1538,1138,14998,0.010000209184262247
7,16143,957,1.0,1539,1138,15005,0.01000020710284406
7,16150,958,1.0,1540,1138,15012,0.01000020504213633
7,16157,959,1.0,1541,1138,15019,0.010000203001932986
7,16164,960,1.0,1542,1138,15026,0.010000200982030003
7,16171,961,1.0,1543,1138,15033,0.010000198982225391
7,16178,962,1.0,1544,1138,15040,0.010000197002319168
10,16188,962,0.0,1545,1139,15049,0.01000019504211334
7,16195,963,1.0,1546,1139,15056,0.010000193101411887
7,16202,964,1.0,1547,1139,15063,0.010000191180020735
7,16209,965,1.0,1548,1139,15070,0.010000189277747745
7,16216,966,1.0,1549,1140,15076,0.010000187394402687
7,16223,967,1.0,1550,1140,15083,0.010000185529797227
7,16230,968,1.0,1551,1140,15090,0.010000183683744899
7,16237,969,1.0,1552,1140,15097,0.010000181856061099
7,16244,970,1.0,1553,1140,15104,0.010000180046563058
7,16251,971,1.0,1554,1140,15111,0.010000178255069823
7,16258,972,1.0,1555,1140,15118,0.010000176481402244
7,16265,973,1.0,1556,1140,15125,0.01000017472538295
7,16272,974,1.0,1557,1140,15132,0.010000172986836342
7,16279,975,1.0,1558,1140,15139,0.010000171265588562
7,16286,976,1.0,1559,1140,15146,0.010000169561467482
7,16293,977,1.0,1560,1140,15153,0.01000016787430269
7,16300,978,1.0,1561,1140,15160,0.01000016620392547
7,16307,979,1.0,1562,1140,15167,0.01000016455016878
7,16314,980,1.0,1563,1140,15174,0.010000162912867244
7,16321,981,1.0,1564,1140,15181,0.010000161291857131
7,16328,982,1.0,1565,1140,15188,0.010000159686976337
7,16335,983,1.0,1566,1140,15195,0.010000158098064375
7,16342,984,1.0,1567,1140,15202,0.01000015652496235
7,16349,985,1.0,1568,1140,15209,0.010000154967512952
7,16356,986,1.0,1569,1140,15216,0.010000153425560435
7,16363,987,1.0,1570,1140,15223,0.010000151898950602
7,16370,988,1.0,1571,1140,15230,0.01000015038753079
7,16377,989,1.0,1572,1140,15237,0.010000148891149856
7,16384,990,1.0,1573,1140,15244,0.010000147409658162
7,16391,991,1.0,1574,1140,15251,0.010000145942907556
7,16398,992,1.0,1575,1140,15258,0.010000144490751362
7,16405,993,1.0,1576,1140,15265,0.010000143053044365
7,16412,994,1.0,1577,1140,15272,0.010000141629642792
7,16419,995,1.0,1578,1140,15279,0.010000140220404298
7,16426,996,1.0,1579,1140,15286,0.010000138825187965
7,16433,997,1.0,1580,1140,15293,0.010000137443854265
7,16440,998,1.0,1581,1141,15299,0.010000136076265065
10,16450,998,0.0,1582,1141,15309,0.010000134722283604
7,16457,999,1.0,1583,1141,15316,0.010000133381774485
7,16464,1000,1.0,1584,1141,15323,0.010000132054603653
7,16471,1001,1.0,1585,1141,15330,0.010000130740638394
7,16478,1002,1.0,1586,1141,15337,0.010000129439747306
7,16485,1003,1.0,1587,1141,15344,0.0100001281518003
7,16492,1004,1.0,1588,1141,15351,0.010000126876668581
7,16499,1005,1.0,1589,1141,15358,0.010000125614224637
7,16506,1006,1.0,1590,1141,15365,0.010000124364342217
7,16513,1007,1.0,1591,1141,15372,0.010000123126896337
7,16520,1008,1.0,1592,1141,15379,0.010000121901763248
7,16527,1009,1.0,1593,1141,15386,0.010000120688820438
7,16534,1010,1.0,1594,1141,15393,0.01000011948794661
7,16541,1011,1.0,1595,1141,15400,0.010000118299021676
7,16548,1012,1.0,1596,1141,15407,0.010000117121926742
7,16555,1013,1.0,1597,1141,15414,0.010000115956544101
7,16562,1014,1.0,1598,1141,15421,0.010000114802757209
7,16569,1015,1.0,1599,1141,15428,0.010000113660450689
7,16576,1016,1.0,1600,1141,15435,0.010000112529510307
7,16583,1017,1.0,1601,1141,15442,0.010000111409822971
7,16590,1018,1.0,1602,1141,15449,0.010000110301276711
7,16597,1019,1.0,1603,1141,15456,0.010000109203760672
7,16604,1020,1.0,1604,1141,15463,0.010000108117165098
7,16611,1021,1.0,1605,1141,15470,0.01000010704138133
7,16618,1022,1.0,1606,1141,15477,0.01000010597630179
9,16627,1022,0.0,1607,1142,15485,0.010000104921819969
22,16649,1022,0.0,1608,1142,15507,0.010000103877830416
22,16671,1022,0.0,1609,1142,15529,0.010000102844228734
22,16693,1022,0.0,1610,1142,15551,0.01000010182091156
9,16702,1022,0.0,1611,1142,15560,0.010000100807776562
22,16724,1022,0.0,1612,1142,15582,0.010000099804722426
9,16733,1022,0.0,1613,1142,15591,0.010000098811648846
22,16755,1022,0.0,1614,1142,15613,0.010000097828456511
15,16770,1022,0.0,1615,1142,15628,0.010000096855047106
9,16779,1022,0.0,1616,1142,15637,0.010000095891323285
26,16805,1022,0.0,1617,1142,15663,0.010000094937188675
3,16808,1022,0.0,1618,1143,15665,0.010000093992547865
22,16830,1022,0.0,1619,1143,15687,0.010000093057306387
9,16839,1022,0.0,1620,1143,15696,0.010000092131370718
19,16858,1022,0.0,1621,1143,15715,0.010000091214648262
7,16865,1023,1.0,1622,1143,15722,0.010000090307047347
7,16872,1024,1.0,1623,1143,15729,0.010000089408477212
9,16881,1024,0.0,1624,1143,15738,0.010000088518848
9,16890,1024,0.0,1625,1144,15746,0.010000087638070747
7,16897,1025,1.0,1626,1144,15753,0.010000086766057372
7,16904,1026,1.0,1627,1144,15760,0.010000085902720677
7,16911,1027,1.0,1628,1144,15767,0.010000085047974325
7,16918,1028,1.0,1629,1144,15774,0.010000084201732842
43,16961,1029,1.0,1630,1145,15816,0.0100000833639116
23,16984,1029,0.0,1631,1145,15839,0.010000082534426821
19,17003,1029,0.0,1632,1145,15858,0.010000081713195552
9,17012,1029,0.0,1633,1145,15867,0.010000080900135672
11,17023,1029,0.0,1634,1146,15877,0.010000080095165871
5,17028,1029,0.0,1635,1147,15881,0.010000079298205657
7,17035,1030,1.0,1636,1147,15888,0.010000078509175326
7,17042,1031,1.0,1637,1147,15895,0.010000077727995979
7,17049,1032,1.0,1638,1147,15902,0.010000076954589498
7,17056,1033,1.0,1639,1147,15909,0.010000076188878538
7,17063,1034,1.0,1640,1147,15916,0.01000007543078653
7,17070,1035,1.0,1641,1147,15923,0.010000074680237664
7,17077,1036,1.0,1642,1147,15930,0.010000073937156883
7,17084,1037,1.0,1643,1147,15937,0.01000007320146988
7,17091,1038,1.0,1644,1147,15944,0.010000072473103085
7,17098,1039,1.0,1645,1147,15951,0.01000007175198366
7,17105,1040,1.0,1646,1147,15958,0.010000071038039494
7,17112,1041,1.0,1647,1147,15965,0.010000070331199191
7,17119,1042,1.0,1648,1147,15972,0.010000069631392067
7,17126,1043,1.0,1649,1147,15979,0.01000006893854814
7,17133,1044,1.0,1650,1147,15986,0.010000068252598124
7,17140,1045,1.0,1651,1147,15993,0.010000067573473426
7,17147,1046,1.0,1652,1147,16000,0.01000006690110613
7,17154,1047,1.0,1653,1147,16007,0.010000066235429003
7,17161,1048,1.0,1654,1147,16014,0.010000065576375472
7,17168,1049,1.0,1655,1147,16021,0.010000064923879634
7,17175,1050,1.0,1656,1147,16028,0.010000064277876239
7,17182,1051,1.0,1657,1147,16035,0.010000063638300683
7,17189,1052,1.0,1658,1147,16042,0.010000063005089013
7,17196,1053,1.0,1659,1147,16049,0.010000062378177901
7,17203,1054,1.0,1660,1148,16055,0.01000006175750466
7,17210,1055,1.0,1661,1148,16062,0.010000061143007222
7,17217,1056,1.0,1662,1148,16069,0.010000060534624135
7,17224,1057,1.0,1663,1148,16076,0.010000059932294561
7,17231,1058,1.0,1664,1148,16083,0.010000059335958267
7,17238,1059,1.0,1665,1148,16090,0.010000058745555618
7,17245,1060,1.0,1666,1148,16097,0.010000058161027572
7,17252,1061,1.0,1667,1148,16104,0.010000057582315678
7,17259,1062,1.0,1668,1148,16111,0.010000057009362065
7,17266,1063,1.0,1669,1148,16118,0.010000056442109434
7,17273,1064,1.0,1670,1148,16125,0.010000055880501062
7,17280,1065,1.0,1671,1148,16132,0.010000055324480787
7,17287,1066,1.0,1672,1148,16139,0.010000054773993005
7,17294,1067,1.0,1673,1148,16146,0.010000054228982667
7,17301,1068,1.0,1674,1148,16153,0.010000053689395275
7,17308,1069,1.0,1675,1148,16160,0.010000053155176866
7,17315,1070,1.0,1676,1148,16167,0.01000005262627402
7,17322,1071,1.0,1677,1148,16174,0.010000052102633843
7,17329,1072,1.0,1678,1148,16181,0.010000051584203975
7,17336,1073,1.0,1679,1148,16188,0.010000051070932568
7,17343,1074,1.0,1680,1148,16195,0.010000050562768299
7,17350,1075,1.0,1681,1148,16202,0.01000005005966035
7,17357,1076,1.0,1682,1148,16209,0.010000049561558406
7,17364,1077,1.0,1683,1148,16216,0.01000004906841266
7,17371,1078,1.0,1684,1148,16223,0.010000048580173797
7,17378,1079,1.0,1685,1148,16230,0.010000048096792991
7,17385,1080,1.0,1686,1148,16237,0.010000047618221904
7,17392,1081,1.0,1687,1148,16244,0.01000004714441268
7,17399,1082,1.0,1688,1148,16251,0.010000046675317936
7,17406,1083,1.0,1689,1148,16258,0.010000046210890762
7,17413,1084,1.0,1690,1148,16265,0.010000045751084716
7,17420,1085,1.0,1691,1148,16272,0.010000045295853818
7,17427,1085,0.0,1692,1149,16278,0.010000044845152541
7,17434,1086,1.0,1693,1149,16285,0.010000044398935818
7,17441,1087,1.0,1694,1149,16292,0.010000043957159026
7,17448,1088,1.0,1695,1149,16299,0.010000043519777985
7,17455,1089,1.0,1696,1149,16306,0.010000043086748959
7,17462,1090,1.0,1697,1149,16313,0.010000042658028644
7,17469,1091,1.0,1698,1149,16320,0.010000042233574168
7,17476,1092,1.0,1699,1149,16327,0.010000041813343083
7,17483,1093,1.0,1700,1149,16334,0.010000041397293368
7,17490,1094,1.0,1701,1150,16340,0.010000040985383415
7,17497,1095,1.0,1702,1150,16347,0.010000040577572037
7,17504,1096,1.0,1703,1150,16354,0.01000004017381845
7,17511,1097,1.0,1704,1150,16361,0.010000039774082276
7,17518,1098,1.0,1705,1150,16368,0.010000039378323547
7,17525,1099,1.0,1706,1150,16375,0.01000003898650268
5,17530,1099,0.0,1707,1151,16379,0.010000038598580497
7,17537,1100,1.0,1708,1151,16386,0.010000038214518205
7,17544,1101,1.0,1709,1151,16393,0.010000037834277395
7,17551,1102,1.0,1710,1151,16400,0.010000037457820044
7,17558,1103,1.0,1711,1152,16406,0.010000037085108507
7,17565,1104,1.0,1712,1152,16413,0.010000036716105512
7,17572,1105,1.0,1713,1152,16420,0.010000036350774158
7,17579,1106,1.0,1714,1152,16427,0.010000035989077912
7,17586,1107,1.0,1715,1152,16434,0.010000035630980604
7,17593,1108,1.0,1716,1152,16441,0.010000035276446424
7,17600,1109,1.0,1717,1152,16448,0.010000034925439917
7,17607,1110,1.0,1718,1152,16455,0.010000034577925983
7,17614,1111,1.0,1719,1152,16462,0.010000034233869871
7,17621,1112,1.0,1720,1152,16469,0.010000033893237174
7,17628,1113,1.0,1721,1152,16476,0.01000003355599383
7,17635,1114,1.0,1722,1152,16483,0.010000033222106111
7,17642,1115,1.0,1723,1152,16490,0.010000032891540634
7,17649,1116,1.0,1724,1152,16497,0.010000032564264336
7,17656,1117,1.0,1725,1152,16504,0.010000032240244492
7,17663,1118,1.0,1726,1152,16511,0.010000031919448699
7,17670,1119,1.0,1727,1152,16518,0.010000031601844877
7,17677,1120,1.0,1728,1152,16525,0.010000031287401267
7,17684,1121,1.0,1729,1152,16532,0.010000030976086424
7,17691,1122,1.0,1730,1152,16539,0.010000030667869213
7,17698,1123,1.0,1731,1152,16546,0.010000030362718817
7,17705,1124,1.0,1732,1152,16553,0.010000030060604716
7,17712,1124,0.0,1733,1153,16559,0.010000029761496701
7,17719,1125,1.0,1734,1153,16566,0.010000029465364862
7,17726,1126,1.0,1735,1153,16573,0.010000029172179582
7,17733,1127,1.0,1736,1153,16580,0.010000028881911547
7,17740,1128,1.0,1737,1153,16587,0.010000028594531725
7,17747,1129,1.0,1738,1153,16594,0.01000002831001138
7,17754,1130,1.0,1739,1153,16601,0.01000002802832206
7,17761,1131,1.0,1740,1153,16608,0.010000027749435597
6,17767,1131,0.0,1741,1154,16613,0.010000027473324099
7,17774,1132,1.0,1742,1154,16620,0.010000027199959956
7,17781,1133,1.0,1743,1154,16627,0.010000026929315833
7,17788,1134,1.0,1744,1154,16634,0.010000026661364663
27,17815,1134,0.0,1745,1155,16660,0.010000026396079652
11,17826,1134,0.0,1746,1155,16671,0.010000026133434271
11,17837,1134,0.0,1747,1155,16682,0.010000025873402256
12,17849,1134,0.0,1748,1155,16694,0.010000025615957602
29,17878,1134,0.0,1749,1155,16723,0.010000025361074565
7,17885,1134,0.0,1750,1155,16730,0.010000025108727656
7,17892,1135,1.0,1751,1155,16737,0.010000024858891642
7,17899,1136,1.0,1752,1155,16744,0.010000024611541538
7,17906,1137,1.0,1753,1155,16751,0.010000024366652607
7,17913,1138,1.0,1754,1155,16758,0.010000024124200363
7,17920,1139,1.0,1755,1155,16765,0.01000002388416056
7,17927,1140,1.0,1756,1155,16772,0.01000002364650919
7,17934,1141,1.0,1757,1155,16779,0.010000023411222492
7,17941,1142,1.0,1758,1155,16786,0.010000023178276937
7,17948,1143,1.0,1759,1155,16793,0.010000022947649227
7,17955,1144,1.0,1760,1155,16800,0.010000022719316303
7,17962,1145,1.0,1761,1155,16807,0.010000022493255328
7,17969,1146,1.0,1762,1155,16814,0.010000022269443699
7,17976,1147,1.0,1763,1155,16821,0.010000022047859032
7,17983,1148,1.0,1764,1155,16828,0.010000021828479169
7,17990,1149,1.0,1765,1155,16835,0.010000021611282172
7,17997,1150,1.0,1766,1155,16842,0.010000021396246322
7,18004,1151,1.0,1767,1155,16849,0.010000021183350114
7,18011,1152,1.0,1768,1155,16856,0.010000020972572257
7,18018,1153,1.0,1769,1155,16863,0.010000020763891677
7,18025,1154,1.0,1770,1155,16870,0.010000020557287503
7,18032,1155,1.0,1771,1155,16877,0.010000020352739074
7,18039,1156,1.0,1772,1155,16884,0.010000020150225938
7,18046,1157,1.0,1773,1155,16891,0.010000019949727839
7,18053,1158,1.0,1774,1155,16898,0.01000001975122473
7,18060,1159,1.0,1775,1155,16905,0.010000019554696761
7,18067,1160,1.0,1776,1155,16912,0.010000019360124277
7,18074,1161,1.0,1777,1155,16919,0.010000019167487823
7,18081,1162,1.0,1778,1155,16926,0.010000018976768131
7,18088,1163,1.0,1779,1155,16933,0.010000018787946133
7,18095,1164,1.0,1780,1155,16940,0.010000018601002946
7,18102,1165,1.0,1781,1155,16947,0.010000018415919874
7,18109,1166,1.0,1782,1155,16954,0.01000001823267841
7,18116,1167,1.0,1783,1155,16961,0.010000018051260228
7,18123,1168,1.0,1784,1155,16968,0.010000017871647188
7,18130,1169,1.0,1785,1155,16975,0.010000017693821328
7,18137,1170,1.0,1786,1155,16982,0.010000017517764864
14,18151,1170,0.0,1787,1156,16995,0.01000001734346019
7,18158,1171,1.0,1788,1156,17002,0.010000017170889879
7,18165,1172,1.0,1789,1156,17009,0.01000001700003667
7,18172,1173,1.0,1790,1156,17016,0.010000016830883479
7,18179,1174,1.0,1791,1156,17023,0.01000001666341339
7,18186,1175,1.0,1792,1156,17030,0.010000016497609657
7,18193,1176,1.0,1793,1156,17037,0.010000016333455698
7,18200,1177,1.0,1794,1156,17044,0.010000016170935098
7,18207,1178,1.0,1795,1156,17051,0.010000016010031604
7,18214,1179,1.0,1796,1156,17058,0.010000015850729129
7,18221,1180,1.0,1797,1156,17065,0.01000001569301174
7,18228,1181,1.0,1798,1156,17072,0.010000015536863664
7,18235,1182,1.0,1799,1156,17079,0.010000015382269287
7,18242,1183,1.0,1800,1156,17086,0.01000001522921315
7,18249,1184,1.0,1801,1156,17093,0.010000015077679947
7,18256,1185,1.0,1802,1156,17100,0.010000014927654526
7,18263,1186,1.0,1803,1156,17107,0.010000014779121881
7,18270,1187,1.0,1804,1156,17114,0.01000001463206716
7,18277,1188,1.0,1805,1156,17121,0.01000001448647566
7,18284,1189,1.0,1806,1156,17128,0.01000001434233282
7,18291,1190,1.0,1807,1156,17135,0.010000014199624223
14,18305,1190,0.0,1808,1157,17148,0.010000014058335602
7,18312,1191,1.0,1809,1157,17155,0.010000013918452825
7,18319,1192,1.0,1810,1157,17162,0.010000013779961906
7,18326,1193,1.0,1811,1157,17169,0.010000013642848993
7,18333,1194,1.0,1812,1157,17176,0.010000013507100378
7,18340,1195,1.0,1813,1157,17183,0.010000013372702484
7,18347,1196,1.0,1814,1157,17190,0.010000013239641871
14,18361,1196,0.0,1815,1158,17203,0.010000013107905234
7,18368,1197,1.0,1816,1158,17210,0.010000012977479397
7,18375,1198,1.0,1817,1158,17217,0.010000012848351319
7,18382,1199,1.0,1818,1158,17224,0.010000012720508088
7,18389,1200,1.0,1819,1158,17231,0.010000012593936918
7,18396,1201,1.0,1820,1158,17238,0.010000012468625152
7,18403,1202,1.0,1821,1158,17245,0.010000012344560258
7,18410,1203,1.0,1822,1159,17251,0.010000012221729832
7,18417,1204,1.0,1823,1159,17258,0.010000012100121587
7,18424,1205,1.0,1824,1159,17265,0.010000011979723366
7,18431,1206,1.0,1825,1159,17272,0.010000011860523126
7,18438,1207,1.0,1826,1159,17279,0.01000001174250895
7,18445,1208,1.0,1827,1159,17286,0.010000011625669034
7,18452,1209,1.0,1828,1159,17293,0.010000011509991694
7,18459,1210,1.0,1829,1159,17300,0.010000011395465363
7,18466,1211,1.0,1830,1159,17307,0.010000011282078588
7,18473,1212,1.0,1831,1159,17314,0.010000011169820031
7,18480,1213,1.0,1832,1159,17321,0.010000011058678464
7,18487,1214,1.0,1833,1159,17328,0.010000010948642776
9,18496,1214,0.0,1834,1160,17336,0.01000001083970196
7,18503,1215,1.0,1835,1160,17343,0.010000010731845123
7,18510,1216,1.0,1836,1160,17350,0.01000001062506148
7,18517,1217,1.0,1837,1160,17357,0.010000010519340352
7,18524,1218,1.0,1838,1160,17364,0.010000010414671166
7,18531,1219,1.0,1839,1160,17371,0.010000010311043457
7,18538,1220,1.0,1840,1160,17378,0.01000001020844686
7,18545,1221,1.0,1841,1160,17385,0.010000010106871116
7,18552,1222,1.0,1842,1160,17392,0.010000010006306069
7,18559,1223,1.0,1843,1160,17399,0.01000000990674166
7,18566,1224,1.0,1844,1160,17406,0.010000009808167933
7,18573,1225,1.0,1845,1160,17413,0.010000009710575032
7,18580,1226,1.0,1846,1160,17420,0.010000009613953196
7,18587,1227,1.0,1847,1160,17427,0.010000009518292764
7,18594,1228,1.0,1848,1160,17434,0.010000009423584168
7,18601,1229,1.0,1849,1160,17441,0.01000000932981794
7,18608,1230,1.0,1850,1160,17448,0.010000009236984698
7,18615,1231,1.0,1851,1160,17455,0.010000009145075166
7,18622,1232,1.0,1852,1160,17462,0.010000009054080147
7,18629,1233,1.0,1853,1160,17469,0.010000008963990545
7,18636,1234,1.0,1854,1160,17476,0.010000008874797349
7,18643,1235,1.0,1855,1160,17483,0.010000008786491639
7,18650,1236,1.0,1856,1160,17490,0.010000008699064587
7,18657,1237,1.0,1857,1160,17497,0.010000008612507449
7,18664,1238,1.0,1858,1160,17504,0.010000008526811568
7,18671,1239,1.0,1859,1160,17511,0.010000008441968375
7,18678,1240,1.0,1860,1160,17518,0.010000008357969386
7,18685,1241,1.0,1861,1160,17525,0.0100000082748062
6,18691,1241,0.0,1862,1161,17530,0.010000008192470503
7,18698,1242,1.0,1863,1161,17537,0.01000000811095406
7,18705,1243,1.0,1864,1161,17544,0.010000008030248718
7,18712,1244,1.0,1865,1161,17551,0.01000000795034641
7,18719,1245,1.0,1866,1161,17558,0.01000000787123914
7,18726,1246,1.0,1867,1161,17565,0.010000007792919001
7,18733,1247,1.0,1868,1161,17572,0.010000007715378163
7,18740,1248,1.0,1869,1161,17579,0.010000007638608867
7,18747,1249,1.0,1870,1161,17586,0.01000000756260344
7,18754,1250,1.0,1871,1161,17593,0.010000007487354277
7,18761,1251,1.0,1872,1161,17600,0.010000007412853857
7,18768,1252,1.0,1873,1161,17607,0.01000000733909473
7,18775,1253,1.0,1874,1161,17614,0.010000007266069517
7,18782,1254,1.0,1875,1161,17621,0.010000007193770916
7,18789,1255,1.0,1876,1161,17628,0.0100000071221917
7,18796,1256,1.0,1877,1161,17635,0.010000007051324708
7,18803,1257,1.0,1878,1161,17642,0.010000006981162856
7,18810,1258,1.0,1879,1161,17649,0.010000006911699125
7,18817,1259,1.0,1880,1161,17656,0.01000000684292657
7,18824,1260,1.0,1881,1161,17663,0.010000006774838312
7,18831,1261,1.0,1882,1161,17670,0.010000006707427544
7,18838,1262,1.0,1883,1161,17677,0.010000006640687526
7,18845,1263,1.0,1884,1161,17684,0.010000006574611581
7,18852,1264,1.0,1885,1161,17691,0.010000006509193103
7,18859,1265,1.0,1886,1161,17698,0.010000006444425549
7,18866,1266,1.0,1887,1161,17705,0.010000006380302443
7,18873,1267,1.0,1888,1161,17712,0.010000006316817373
7,18880,1268,1.0,1889,1161,17719,0.010000006253963991
7,18887,1269,1.0,1890,1161,17726,0.01000000619173601
7,18894,1270,1.0,1891,1161,17733,0.010000006130127206
7,18901,1271,1.0,1892,1161,17740,0.010000006069131422
7,18908,1272,1.0,1893,1161,17747,0.010000006008742554
7,18915,1273,1.0,1894,1161,17754,0.010000005948954567
7,18922,1274,1.0,1895,1161,17761,0.01000000588976148
7,18929,1275,1.0,1896,1161,17768,0.010000005831157375
7,18936,1276,1.0,1897,1161,17775,0.01000000577313639
7,18943,1277,1.0,1898,1161,17782,0.010000005715692721
7,18950,1278,1.0,1899,1161,17789,0.01000000565882063
7,18957,1279,1.0,1900,1161,17796,0.010000005602514423
7,18964,1280,1.0,1901,1161,17803,0.010000005546768474
7,18971,1281,1.0,1902,1161,17810,0.010000005491577205
7,18978,1282,1.0,1903,1161,17817,0.010000005436935099
7,18985,1283,1.0,1904,1161,17824,0.01000000538283669
7,18992,1284,1.0,1905,1161,17831,0.01000000532927657
7,18999,1285,1.0,1906,1161,17838,0.010000005276249382
6,19005,1285,0.0,1907,1162,17843,0.010000005223749824
7,19012,1286,1.0,1908,1162,17850,0.010000005171772646
7,19019,1287,1.0,1909,1162,17857,0.010000005120312648
7,19026,1288,1.0,1910,1162,17864,0.010000005069364685
7,19033,1289,1.0,1911,1162,17871,0.010000005018923664
7,19040,1290,1.0,1912,1162,17878,0.010000004968984538
7,19047,1291,1.0,1913,1162,17885,0.010000004919542317
7,19054,1292,1.0,1914,1162,17892,0.010000004870592053
7,19061,1293,1.0,1915,1162,17899,0.010000004822128853
7,19068,1294,1.0,1916,1162,17906,0.010000004774147869
7,19075,1295,1.0,1917,1162,17913,0.010000004726644304
7,19082,1296,1.0,1918,1162,17920,0.010000004679613407
7,19089,1297,1.0,1919,1162,17927,0.010000004633050475
7,19096,1298,1.0,1920,1162,17934,0.010000004586950852
7,19103,1299,1.0,1921,1162,17941,0.010000004541309929
7,19110,1300,1.0,1922,1162,17948,0.01000000449612314
7,19117,1301,1.0,1923,1162,17955,0.010000004451385968
7,19124,1302,1.0,1924,1162,17962,0.010000004407093938
7,19131,1303,1.0,1925,1162,17969,0.01000000436324262
7,19138,1304,1.0,1926,1162,17976,0.010000004319827631
7,19145,1305,1.0,1927,1162,17983,0.010000004276844627
7,19152,1306,1.0,1928,1162,17990,0.010000004234289312
7,19159,1307,1.0,1929,1162,17997,0.01000000419215743
7,19166,1308,1.0,1930,1162,18004,0.010000004150444766
7,19173,1309,1.0,1931,1162,18011,0.010000004109147151
7,19180,1310,1.0,1932,1162,18018,0.010000004068260454
7,19187,1311,1.0,1933,1162,18025,0.010000004027780587
7,19194,1312,1.0,1934,1162,18032,0.0100000039877035
7,19201,1313,1.0,1935,1162,18039,0.010000003948025186
7,19208,1313,0.0,1936,1163,18045,0.01000000390874168
7,19215,1314,1.0,1937,1163,18052,0.01000000386984905
8,19223,1315,1.0,1938,1164,18059,0.01000000383134341
7,19230,1316,1.0,1939,1164,18066,0.010000003793220904
7,19237,1317,1.0,1940,1164,18073,0.010000003755477726
7,19244,1318,1.0,1941,1164,18080,0.010000003718110098
7,19251,1319,1.0,1942,1164,18087,0.010000003681114285
7,19258,1320,1.0,1943,1164,18094,0.010000003644486586
7,19265,1321,1.0,1944,1164,18101,0.010000003608223338
7,19272,1322,1.0,1945,1164,18108,0.010000003572320917
7,19279,1323,1.0,1946,1164,18115,0.010000003536775728
7,19286,1324,1.0,1947,1164,18122,0.010000003501584222
14,19300,1324,0.0,1948,1165,18135,0.010000003466742877
9,19309,1324,0.0,1949,1165,18144,0.01000000343224821
7,19316,1324,0.0,1950,1165,18151,0.01000000339809677
7,19323,1325,1.0,1951,1165,18158,0.010000003364285142
14,19337,1325,0.0,1952,1165,18172,0.010000003330809946
14,19351,1325,0.0,1953,1165,18186,0.010000003297667832
7,19358,1325,0.0,1954,1165,18193,0.010000003264855489
9,19367,1325,0.0,1955,1165,18202,0.010000003232369634
6,19373,1325,0.0,1956,1165,18208,0.01000000320020702
7,19380,1325,0.0,1957,1165,18215,0.010000003168364427
13,19393,1325,0.0,1958,1165,18228,0.010000003136838674
9,19402,1325,0.0,1959,1165,18237,0.010000003105626609
19,19421,1325,0.0,1960,1165,18256,0.010000003074725107
19,19440,1325,0.0,1961,1165,18275,0.010000003044131081
16,19456,1325,0.0,1962,1165,18291,0.01000000301384147
9,19465,1325,0.0,1963,1165,18300,0.010000002983853246
18,19483,1325,0.0,1964,1165,18318,0.01000000295416341
2,19485,1325,0.0,1965,1165,18320,0.010000002924768993
9,19494,1325,0.0,1966,1165,18329,0.010000002895667057
25,19519,1325,0.0,1967,1165,18354,0.010000002866854688
10,19529,1325,0.0,1968,1165,18364,0.010000002838329006
23,19552,1325,0.0,1969,1165,18387,0.010000002810087161
18,19570,1325,0.0,1970,1165,18405,0.010000002782126326
10,19580,1325,0.0,1971,1166,18414,0.010000002754443708
2,19582,1325,0.0,1972,1166,18416,0.010000002727036534
4,19586,1325,0.0,1973,1166,18420,0.010000002699902068
7,19593,1325,0.0,1974,1166,18427,0.010000002673037594
19,19612,1325,0.0,1975,1167,18445,0.010000002646440425
19,19631,1325,0.0,1976,1168,18463,0.010000002620107903
19,19650,1325,0.0,1977,1169,18481,0.010000002594037393
9,19659,1325,0.0,1978,1169,18490,0.01000000256822629
9,19668,1325,0.0,1979,1169,18499,0.010000002542672012
7,19675,1326,1.0,1980,1169,18506,0.010000002517372002
7,19682,1327,1.0,1981,1169,18513,0.010000002492323733
7,19689,1328,1.0,1982,1169,18520,0.010000002467524697
7,19696,1329,1.0,1983,1169,18527,0.010000002442972417
7,19703,1330,1.0,1984,1169,18534,0.010000002418664434
7,19710,1331,1.0,1985,1169,18541,0.010000002394598322
7,19717,1332,1.0,1986,1169,18548,0.01000000237077167
7,19724,1333,1.0,1987,1169,18555,0.010000002347182098
7,19731,1334,1.0,1988,1169,18562,0.010000002323827245
7,19738,1335,1.0,1989,1169,18569,0.010000002300704778
7,19745,1336,1.0,1990,1169,18576,0.010000002277812383
7,19752,1337,1.0,1991,1169,18583,0.010000002255147772
7,19759,1338,1.0,1992,1169,18590,0.010000002232708676
7,19766,1339,1.0,1993,1169,18597,0.010000002210492853
7,19773,1340,1.0,1994,1169,18604,0.010000002188498083
7,19780,1341,1.0,1995,1169,18611,0.010000002166722161
7,19787,1342,1.0,1996,1169,18618,0.010000002145162916
7,19794,1343,1.0,1997,1169,18625,0.01000000212381819
7,19801,1344,1.0,1998,1169,18632,0.010000002102685845
7,19808,1345,1.0,1999,1169,18639,0.01000000208176377
7,19815,1346,1.0,2000,1169,18646,0.010000002061049876
7,19822,1347,1.0,2001,1169,18653,0.010000002040542086
7,19829,1348,1.0,2002,1169,18660,0.010000002020238354
7,19836,1349,1.0,2003,1169,18667,0.010000002000136647
7,19843,1350,1.0,2004,1169,18674,0.010000001980234954
7,19850,1351,1.0,2005,1169,18681,0.010000001960531286
7,19857,1352,1.0,2006,1169,18688,0.010000001941023675
7,19864,1353,1.0,2007,1169,18695,0.010000001921710166
7,19871,1354,1.0,2008,1169,18702,0.010000001902588831
7,19878,1355,1.0,2009,1169,18709,0.010000001883657756
7,19885,1356,1.0,2010,1169,18716,0.010000001864915047
7,19892,1357,1.0,2011,1169,18723,0.010000001846358833
7,19899,1358,1.0,2012,1169,18730,0.010000001827987255
7,19906,1359,1.0,2013,1169,18737,0.010000001809798478
7,19913,1360,1.0,2014,1169,18744,0.010000001791790683
7,19920,1361,1.0,2015,1169,18751,0.010000001773962068
7,19927,1362,1.0,2016,1169,18758,0.01000000175631085
7,19934,1363,1.0,2017,1169,18765,0.010000001738835265
7,19941,1364,1.0,2018,1169,18772,0.010000001721533565
7,19948,1365,1.0,2019,1169,18779,0.01000000170440402
7,19955,1366,1.0,2020,1169,18786,0.010000001687444917
7,19962,1367,1.0,2021,1169,18793,0.01000000167065456
7,19969,1368,1.0,2022,1169,18800,0.010000001654031268
7,19976,1369,1.0,2023,1169,18807,0.010000001637573383
7,19983,1370,1.0,2024,1169,18814,0.010000001621279255
7,19990,1371,1.0,2025,1169,18821,0.010000001605147257
7,19997,1372,1.0,2026,1169,18828,0.010000001589175776
7,20004,1373,1.0,2027,1169,18835,0.010000001573363212
7,20011,1374,1.0,2028,1169,18842,0.010000001557707985
7,20018,1375,1.0,2029,1169,18849,0.010000001542208533
7,20025,1376,1.0,2030,1169,18856,0.010000001526863301
7,20032,1377,1.0,2031,1169,18863,0.010000001511670758
7,20039,1378,1.0,2032,1169,18870,0.010000001496629383
7,20046,1379,1.0,2033,1169,18877,0.010000001481737672
7,20053,1380,1.0,2034,1169,18884,0.010000001466994136
7,20060,1381,1.0,2035,1169,18891,0.0100000014523973
7,20067,1382,1.0,2036,1169,18898,0.010000001437945705
7,20074,1383,1.0,2037,1169,18905,0.010000001423637906
7,20081,1384,1.0,2038,1169,18912,0.010000001409472473
7,20088,1385,1.0,2039,1169,18919,0.010000001395447987
7,20095,1386,1.0,2040,1169,18926,0.010000001381563048
7,20102,1387,1.0,2041,1169,18933,0.010000001367816265
7,20109,1388,1.0,2042,1169,18940,0.010000001354206266
7,20116,1389,1.0,2043,1169,18947,0.010000001340731689
7,20123,1390,1.0,2044,1169,18954,0.010000001327391185
7,20130,1391,1.0,2045,1169,18961,0.010000001314183422
14,20144,1391,0.0,2046,1170,18974,0.010000001301107078
25,20169,1391,0.0,2047,1171,18998,0.010000001288160847
8,20177,1392,1.0,2048,1171,19006,0.010000001275343432
7,20184,1393,1.0,2049,1171,19013,0.010000001262653553
7,20191,1394,1.0,2050,1171,19020,0.010000001250089941
7,20198,1395,1.0,2051,1171,19027,0.010000001237651338
7,20205,1396,1.0,2052,1171,19034,0.010000001225336501
7,20212,1397,1.0,2053,1171,19041,0.0100000012131442
7,20219,1398,1.0,2054,1171,19048,0.010000001201073213
7,20226,1399,1.0,2055,1171,19055,0.010000001189122336
7,20233,1400,1.0,2056,1171,19062,0.01000000117729037
7,20240,1401,1.0,2057,1171,19069,0.010000001165576136
7,20247,1402,1.0,2058,1171,19076,0.010000001153978458
7,20254,1403,1.0,2059,1172,19082,0.010000001142496181
7,20261,1404,1.0,2060,1172,19089,0.010000001131128155
7,20268,1405,1.0,2061,1172,19096,0.010000001119873241
7,20275,1406,1.0,2062,1172,19103,0.010000001108730316
7,20282,1407,1.0,2063,1172,19110,0.010000001097698266
7,20289,1408,1.0,2064,1172,19117,0.010000001086775985
6,20295,1408,0.0,2065,1173,19122,0.010000001075962384
7,20302,1409,1.0,2066,1173,19129,0.010000001065256378
7,20309,1410,1.0,2067,1173,19136,0.0100000010546569
7,20316,1411,1.0,2068,1173,19143,0.010000001044162888
7,20323,1412,1.0,2069,1173,19150,0.010000001033773295
7,20330,1413,1.0,2070,1173,19157,0.010000001023487078
7,20337,1414,1.0,2071,1173,19164,0.010000001013303212
7,20344,1415,1.0,2072,1173,19171,0.010000001003220677
7,20351,1416,1.0,2073,1173,19178,0.010000000993238464
7,20358,1417,1.0,2074,1173,19185,0.010000000983355576
7,20365,1418,1.0,2075,1173,19192,0.010000000973571024
7,20372,1419,1.0,2076,1173,19199,0.01000000096388383
7,20379,1420,1.0,2077,1173,19206,0.010000000954293027
7,20386,1421,1.0,2078,1173,19213,0.010000000944797652
25,20411,1421,0.0,2079,1174,19237,0.010000000935396759
7,20418,1422,1.0,2080,1174,19244,0.010000000926089405
7,20425,1423,1.0,2081,1174,19251,0.010000000916874661
7,20432,1424,1.0,2082,1174,19258,0.010000000907751607
7,20439,1425,1.0,2083,1174,19265,0.010000000898719327
7,20446,1426,1.0,2084,1174,19272,0.01000000088977692
7,20453,1427,1.0,2085,1174,19279,0.010000000880923492
7,20460,1428,1.0,2086,1174,19286,0.010000000872158157
7,20467,1429,1.0,2087,1174,19293,0.010000000863480038
7,20474,1430,1.0,2088,1174,19300,0.010000000854888268
7,20481,1431,1.0,2089,1174,19307,0.010000000846381987
7,20488,1432,1.0,2090,1174,19314,0.010000000837960347
7,20495,1433,1.0,2091,1174,19321,0.010000000829622501
7,20502,1434,1.0,2092,1174,19328,0.01000000082136762
7,20509,1435,1.0,2093,1174,19335,0.010000000813194876
7,20516,1436,1.0,2094,1174,19342,0.010000000805103451
7,20523,1437,1.0,2095,1174,19349,0.010000000797092538
7,20530,1438,1.0,2096,1174,19356,0.010000000789161335
7,20537,1439,1.0,2097,1174,19363,0.010000000781309049
7,20544,1440,1.0,2098,1174,19370,0.010000000773534894
5,20549,1440,0.0,2099,1175,19374,0.010000000765838093
7,20556,1441,1.0,2100,1175,19381,0.010000000758217876
7,20563,1442,1.0,2101,1175,19388,0.010000000750673482
7,20570,1443,1.0,2102,1175,19395,0.010000000743204156
7,20577,1444,1.0,2103,1175,19402,0.010000000735809152
7,20584,1445,1.0,2104,1175,19409,0.010000000728487729
7,20591,1446,1.0,2105,1175,19416,0.010000000721239154
9,20600,1446,0.0,2106,1176,19424,0.010000000714062705
7,20607,1447,1.0,2107,1176,19431,0.010000000706957663
9,20616,1447,0.0,2108,1177,19439,0.010000000699923316
7,20623,1448,1.0,2109,1177,19446,0.010000000692958963
7,20630,1449,1.0,2110,1177,19453,0.010000000686063906
7,20637,1450,1.0,2111,1177,19460,0.010000000679237456
7,20644,1451,1.0,2112,1177,19467,0.01000000067247893
7,20651,1452,1.0,2113,1177,19474,0.010000000665787653
7,20658,1453,1.0,2114,1177,19481,0.010000000659162955
7,20665,1454,1.0,2115,1177,19488,0.010000000652604174
7,20672,1455,1.0,2116,1177,19495,0.010000000646110655
7,20679,1456,1.0,2117,1177,19502,0.010000000639681745
7,20686,1457,1.0,2118,1177,19509,0.010000000633316805
7,20693,1458,1.0,2119,1177,19516,0.010000000627015199
7,20700,1459,1.0,2120,1177,19523,0.010000000620776293
7,20707,1460,1.0,2121,1177,19530,0.010000000614599465
7,20714,1461,1.0,2122,1177,19537,0.010000000608484098
7,20721,1462,1.0,2123,1177,19544,0.01000000060242958
7,20728,1463,1.0,2124,1177,19551,0.010000000596435306
7,20735,1464,1.0,2125,1177,19558,0.010000000590500676
7,20742,1465,1.0,2126,1177,19565,0.010000000584625097
7,20749,1466,1.0,2127,1177,19572,0.01000000057880798
7,20756,1467,1.0,2128,1177,19579,0.010000000573048744
7,20763,1468,1.0,2129,1177,19586,0.010000000567346814
7,20770,1469,1.0,2130,1177,19593,0.010000000561701618
7,20777,1470,1.0,2131,1177,19600,0.010000000556112594
7,20784,1471,1.0,2132,1177,19607,0.010000000550579181
7,20791,1472,1.0,2133,1177,19614,0.010000000545100826
7,20798,1473,1.0,2134,1177,19621,0.010000000539676982
7,20805,1474,1.0,2135,1177,19628,0.010000000534307107
7,20812,1475,1.0,2136,1177,19635,0.010000000528990662
7,20819,1476,1.0,2137,1177,19642,0.010000000523727117
7,20826,1477,1.0,2138,1177,19649,0.010000000518515946
7,20833,1478,1.0,2139,1177,19656,0.010000000513356627
7,20840,1479,1.0,2140,1177,19663,0.010000000508248641
7,20847,1480,1.0,2141,1177,19670,0.010000000503191483
7,20854,1481,1.0,2142,1177,19677,0.010000000498184645
7,20861,1482,1.0,2143,1177,19684,0.010000000493227624
7,20868,1483,1.0,2144,1177,19691,0.010000000488319928
7,20875,1484,1.0,2145,1177,19698,0.010000000483461063
7,20882,1485,1.0,2146,1177,19705,0.010000000478650545
7,20889,1486,1.0,2147,1177,19712,0.010000000473887893
7,20896,1487,1.0,2148,1177,19719,0.01000000046917263
7,20903,1488,1.0,2149,1177,19726,0.010000000464504284
7,20910,1489,1.0,2150,1177,19733,0.01000000045988239
7,20917,1490,1.0,2151,1177,19740,0.010000000455306482
7,20924,1491,1.0,2152,1177,19747,0.010000000450776108
7,20931,1492,1.0,2153,1177,19754,0.01000000044629081
7,20938,1493,1.0,2154,1177,19761,0.010000000441850142
7,20945,1494,1.0,2155,1177,19768,0.01000000043745366
7,20952,1495,1.0,2156,1177,19775,0.010000000433100923
7,20959,1496,1.0,2157,1177,19782,0.010000000428791497
7,20966,1497,1.0,2158,1177,19789,0.01000000042452495
7,20973,1498,1.0,2159,1177,19796,0.010000000420300857
25,20998,1498,0.0,2160,1178,19820,0.010000000416118794
7,21005,1499,1.0,2161,1178,19827,0.010000000411978342
7,21012,1500,1.0,2162,1178,19834,0.01000000040787909
7,21019,1501,1.0,2163,1178,19841,0.010000000403820625
7,21026,1502,1.0,2164,1178,19848,0.010000000399802542
7,21033,1503,1.0,2165,1178,19855,0.010000000395824441
7,21040,1504,1.0,2166,1178,19862,0.010000000391885921
7,21047,1505,1.0,2167,1178,19869,0.010000000387986591
7,21054,1506,1.0,2168,1178,19876,0.010000000384126061
7,21061,1507,1.0,2169,1178,19883,0.010000000380303941
7,21068,1508,1.0,2170,1178,19890,0.010000000376519855
7,21075,1509,1.0,2171,1178,19897,0.01000000037277342
7,21082,1510,1.0,2172,1178,19904,0.010000000369064262
7,21089,1511,1.0,2173,1178,19911,0.010000000365392012
7,21096,1512,1.0,2174,1178,19918,0.0100000003617563
7,21103,1513,1.0,2175,1178,19925,0.010000000358156765
7,21110,1514,1.0,2176,1178,19932,0.010000000354593046
7,21117,1515,1.0,2177,1178,19939,0.010000000351064785
7,21124,1516,1.0,2178,1178,19946,0.010000000347571633
7,21131,1517,1.0,2179,1178,19953,0.010000000344113236
7,21138,1518,1.0,2180,1178,19960,0.010000000340689253
7,21145,1519,1.0,2181,1178,19967,0.010000000337299338
7,21152,1520,1.0,2182,1178,19974,0.010000000333943155
7,21159,1521,1.0,2183,1178,19981,0.010000000330620365
7,21166,1522,1.0,2184,1178,19988,0.010000000327330637
7,21173,1523,1.0,2185,1178,19995,0.010000000324073641
7,21180,1524,1.0,2186,1178,20002,0.010000000320849056
7,21187,1525,1.0,2187,1178,20009,0.010000000317656554
7,21194,1526,1.0,2188,1178,20016,0.010000000314495818
7,21201,1527,1.0,2189,1178,20023,0.010000000311366533
7,21208,1528,1.0,2190,1178,20030,0.010000000308268385
7,21215,1529,1.0,2191,1178,20037,0.010000000305201063
7,21222,1530,1.0,2192,1178,20044,0.01000000030216426
7,21229,1531,1.0,2193,1178,20051,0.010000000299157676
7,21236,1532,1.0,2194,1178,20058,0.010000000296181009
7,21243,1533,1.0,2195,1178,20065,0.010000000293233958
7,21250,1534,1.0,2196,1178,20072,0.010000000290316231
7,21257,1535,1.0,2197,1178,20079,0.010000000287427537
7,21264,1536,1.0,2198,1178,20086,0.010000000284567585
7,21271,1537,1.0,2199,1178,20093,0.01000000028173609
7,21278,1538,1.0,2200,1178,20100,0.01000000027893277
7,21285,1539,1.0,2201,1178,20107,0.010000000276157342
7,21292,1540,1.0,2202,1178,20114,0.01000000027340953
7,21299,1541,1.0,2203,1178,20121,0.01000000027068906
7,21306,1542,1.0,2204,1178,20128,0.010000000267995659
7,21313,1543,1.0,2205,1178,20135,0.010000000265329058
7,21320,1544,1.0,2206,1178,20142,0.010000000262688989
7,21327,1545,1.0,2207,1178,20149,0.010000000260075189
7,21334,1546,1.0,2208,1178,20156,0.010000000257487398
7,21341,1547,1.0,2209,1178,20163,0.010000000254925355
7,21348,1548,1.0,2210,1178,20170,0.010000000252388806
7,21355,1549,1.0,2211,1178,20177,0.010000000249877496
7,21362,1550,1.0,2212,1178,20184,0.010000000247391174
7,21369,1551,1.0,2213,1178,20191,0.01000000024492959
7,21376,1552,1.0,2214,1178,20198,0.0100000002424925
7,21383,1553,1.0,2215,1178,20205,0.01000000024007966
7,21390,1554,1.0,2216,1178,20212,0.010000000237690827
14,21404,1554,0.0,2217,1179,20225,0.010000000235325763
7,21411,1555,1.0,2218,1179,20232,0.010000000232984233
7,21418,1556,1.0,2219,1180,20238,0.010000000230666
7,21425,1557,1.0,2220,1180,20245,0.010000000228370836
7,21432,1558,1.0,2221,1180,20252,0.010000000226098508
7,21439,1559,1.0,2222,1180,20259,0.01000000022384879
7,21446,1560,1.0,2223,1180,20266,0.010000000221621458
7,21453,1561,1.0,2224,1180,20273,0.010000000219416287
7,21460,1562,1.0,2225,1180,20280,0.010000000217233058
7,21467,1563,1.0,2226,1180,20287,0.010000000215071555
7,21474,1564,1.0,2227,1180,20294,0.010000000212931556
7,21481,1565,1.0,2228,1180,20301,0.010000000210812852
7,21488,1566,1.0,2229,1180,20308,0.01000000020871523
7,21495,1567,1.0,2230,1180,20315,0.010000000206638477
7,21502,1568,1.0,2231,1180,20322,0.010000000204582391
7,21509,1569,1.0,2232,1180,20329,0.01000000020254676
8,21517,1570,1.0,2233,1181,20336,0.010000000200531387
7,21524,1571,1.0,2234,1181,20343,0.010000000198536066
7,21531,1572,1.0,2235,1181,20350,0.0100000001965606
5,21536,1572,0.0,2236,1182,20354,0.010000000194604789
7,21543,1573,1.0,2237,1182,20361,0.010000000192668439
7,21550,1574,1.0,2238,1182,20368,0.010000000190751356
7,21557,1575,1.0,2239,1182,20375,0.010000000188853348
7,21564,1576,1.0,2240,1182,20382,0.010000000186974226
7,21571,1577,1.0,2241,1182,20389,0.010000000185113801
7,21578,1578,1.0,2242,1182,20396,0.01000000018327189
7,21585,1579,1.0,2243,1182,20403,0.010000000181448303
7,21592,1580,1.0,2244,1182,20410,0.010000000179642862
7,21599,1581,1.0,2245,1182,20417,0.010000000177855385
7,21606,1582,1.0,2246,1182,20424,0.010000000176085695
7,21613,1583,1.0,2247,1182,20431,0.010000000174333614
7,21620,1584,1.0,2248,1182,20438,0.010000000172598965
7,21627,1585,1.0,2249,1182,20445,0.010000000170881576
7,21634,1586,1.0,2250,1182,20452,0.010000000169181277
7,21641,1587,1.0,2251,1182,20459,0.010000000167497894
7,21648,1588,1.0,2252,1182,20466,0.010000000165831262
7,21655,1589,1.0,2253,1182,20473,0.010000000164181214
7,21662,1590,1.0,2254,1182,20480,0.010000000162547583
7,21669,1591,1.0,2255,1182,20487,0.010000000160930209
7,21676,1592,1.0,2256,1182,20494,0.010000000159328925
7,21683,1593,1.0,2257,1182,20501,0.010000000157743577
7,21690,1594,1.0,2258,1182,20508,0.010000000156174001
7,21697,1595,1.0,2259,1182,20515,0.010000000154620044
7,21704,1596,1.0,2260,1182,20522,0.01000000015308155
7,21711,1597,1.0,2261,1182,20529,0.010000000151558363
7,21718,1598,1.0,2262,1182,20536,0.010000000150050332
7,21725,1599,1.0,2263,1182,20543,0.010000000148557306
7,21732,1600,1.0,2264,1182,20550,0.010000000147079136
7,21739,1601,1.0,2265,1182,20557,0.010000000145615674
7,21746,1602,1.0,2266,1182,20564,0.010000000144166774
7,21753,1603,1.0,2267,1182,20571,0.01000000014273229
7,21760,1604,1.0,2268,1182,20578,0.01000000014131208
7,21767,1605,1.0,2269,1182,20585,0.010000000139906002
7,21774,1606,1.0,2270,1182,20592,0.010000000138513914
7,21781,1607,1.0,2271,1182,20599,0.010000000137135678
7,21788,1608,1.0,2272,1182,20606,0.010000000135771155
7,21795,1609,1.0,2273,1182,20613,0.01000000013442021
7,21802,1610,1.0,2274,1182,20620,0.010000000133082705
7,21809,1611,1.0,2275,1182,20627,0.01000000013175851
7,21816,1612,1.0,2276,1182,20634,0.010000000130447492
7,21823,1613,1.0,2277,1182,20641,0.010000000129149518
7,21830,1614,1.0,2278,1182,20648,0.010000000127864459
7,21837,1615,1.0,2279,1182,20655,0.010000000126592185
7,21844,1616,1.0,2280,1182,20662,0.010000000125332573
7,21851,1617,1.0,2281,1182,20669,0.010000000124085492
7,21858,1618,1.0,2282,1182,20676,0.010000000122850822
7,21865,1619,1.0,2283,1182,20683,0.010000000121628435
7,21872,1620,1.0,2284,1182,20690,0.010000000120418212
7,21879,1621,1.0,2285,1182,20697,0.01000000011922003
7,21886,1622,1.0,2286,1182,20704,0.010000000118033772
7,21893,1623,1.0,2287,1182,20711,0.010000000116859316
7,21900,1624,1.0,2288,1182,20718,0.010000000115696546
5,21905,1624,0.0,2289,1183,20722,0.010000000114545346
7,21912,1625,1.0,2290,1183,20729,0.010000000113405601
7,21919,1626,1.0,2291,1183,20736,0.010000000112277196
7,21926,1627,1.0,2292,1183,20743,0.010000000111160019
7,21933,1628,1.0,2293,1183,20750,0.01000000011005396
7,21940,1629,1.0,2294,1183,20757,0.010000000108958905
7,21947,1630,1.0,2295,1183,20764,0.010000000107874744
7,21954,1631,1.0,2296,1183,20771,0.010000000106801374
7,21961,1632,1.0,2297,1183,20778,0.010000000105738682
7,21968,1633,1.0,2298,1183,20785,0.010000000104686563
7,21975,1634,1.0,2299,1183,20792,0.010000000103644916
7,21982,1635,1.0,2300,1183,20799,0.010000000102613631
7,21989,1636,1.0,2301,1183,20806,0.010000000101592608
7,21996,1637,1.0,2302,1183,20813,0.010000000100581745
7,22003,1638,1.0,2303,1183,20820,0.010000000099580941
7,22010,1639,1.0,2304,1183,20827,0.010000000098590093
7,22017,1640,1.0,2305,1183,20834,0.010000000097609105
7,22024,1641,1.0,2306,1183,20841,0.010000000096637878
7,22031,1642,1.0,2307,1183,20848,0.010000000095676316
7,22038,1643,1.0,2308,1183,20855,0.01000000009472432
7,22045,1644,1.0,2309,1183,20862,0.010000000093781799
7,22052,1645,1.0,2310,1183,20869,0.010000000092848653
7,22059,1646,1.0,2311,1183,20876,0.010000000091924794
7,22066,1647,1.0,2312,1183,20883,0.010000000091010127
7,22073,1648,1.0,2313,1183,20890,0.010000000090104561
7,22080,1649,1.0,2314,1183,20897,0.010000000089208006
7,22087,1650,1.0,2315,1183,20904,0.01000000008832037
7,22094,1651,1.0,2316,1183,20911,0.010000000087441568
7,22101,1652,1.0,2317,1183,20918,0.01000000008657151
7,22108,1653,1.0,2318,1183,20925,0.01000000008571011
7,22115,1654,1.0,2319,1183,20932,0.01000000008485728
7,22122,1655,1.0,2320,1183,20939,0.010000000084012936
7,22129,1656,1.0,2321,1183,20946,0.010000000083176993
7,22136,1657,1.0,2322,1183,20953,0.010000000082349369
7,22143,1658,1.0,2323,1183,20960,0.010000000081529977
7,22150,1659,1.0,2324,1183,20967,0.010000000080718741
7,22157,1660,1.0,2325,1183,20974,0.010000000079915576
7,22164,1661,1.0,2326,1183,20981,0.010000000079120403
7,22171,1662,1.0,2327,1183,20988,0.010000000078333142
7,22178,1662,0.0,2328,1184,20994,0.010000000077553714
7,22185,1663,1.0,2329,1184,21001,0.010000000076782041
7,22192,1664,1.0,2330,1184,21008,0.010000000076018048
7,22199,1665,1.0,2331,1184,21015,0.010000000075261655
7,22206,1666,1.0,2332,1184,21022,0.01000000007451279
7,22213,1667,1.0,2333,1184,21029,0.010000000073771375
7,22220,1668,1.0,2334,1184,21036,0.010000000073037337
7,22227,1669,1.0,2335,1184,21043,0.010000000072310604
7,22234,1670,1.0,2336,1184,21050,0.010000000071591101
7,22241,1671,1.0,2337,1185,21056,0.010000000070878758
7,22248,1672,1.0,2338,1185,21063,0.010000000070173503
7,22255,1673,1.0,2339,1186,21069,0.010000000069475264
7,22262,1674,1.0,2340,1186,21076,0.010000000068783974
7,22269,1675,1.0,2341,1186,21083,0.010000000068099563
7,22276,1676,1.0,2342,1186,21090,0.01000000006742196
7,22283,1677,1.0,2343,1186,21097,0.0100000000667511
7,22290,1678,1.0,2344,1186,21104,0.010000000066086916
7,22297,1679,1.0,2345,1186,21111,0.01000000006542934
7,22304,1680,1.0,2346,1186,21118,0.010000000064778308
7,22311,1681,1.0,2347,1186,21125,0.010000000064133752
7,22318,1682,1.0,2348,1186,21132,0.01000000006349561
7,22325,1683,1.0,2349,1186,21139,0.010000000062863819
7,22332,1684,1.0,2350,1186,21146,0.010000000062238314
7,22339,1685,1.0,2351,1186,21153,0.010000000061619031
7,22346,1686,1.0,2352,1186,21160,0.010000000061005912
7,22353,1687,1.0,2353,1186,21167,0.010000000060398893
7,22360,1688,1.0,2354,1186,21174,0.010000000059797915
7,22367,1689,1.0,2355,1186,21181,0.010000000059202915
7,22374,1690,1.0,2356,1186,21188,0.010000000058613836
7,22381,1691,1.0,2357,1186,21195,0.010000000058030619
7,22388,1692,1.0,2358,1186,21202,0.010000000057453204
7,22395,1693,1.0,2359,1186,21209,0.010000000056881536
7,22402,1694,1.0,2360,1186,21216,0.010000000056315555
7,22409,1695,1.0,2361,1186,21223,0.010000000055755206
7,22416,1696,1.0,2362,1186,21230,0.010000000055200433
7,22423,1697,1.0,2363,1186,21237,0.01000000005465118
7,22430,1698,1.0,2364,1186,21244,0.01000000005410739
7,22437,1699,1.0,2365,1186,21251,0.010000000053569012
7,22444,1700,1.0,2366,1186,21258,0.010000000053035992
7,22451,1701,1.0,2367,1186,21265,0.010000000052508276
7,22458,1702,1.0,2368,1186,21272,0.01000000005198581
7,22465,1703,1.0,2369,1186,21279,0.010000000051468541
7,22472,1704,1.0,2370,1186,21286,0.010000000050956422
7,22479,1705,1.0,2371,1186,21293,0.010000000050449397
7,22486,1706,1.0,2372,1186,21300,0.010000000049947416
7,22493,1707,1.0,2373,1186,21307,0.010000000049450432
7,22500,1708,1.0,2374,1186,21314,0.010000000048958391
7,22507,1709,1.0,2375,1186,21321,0.010000000048471248
7,22514,1710,1.0,2376,1186,21328,0.01000000004798895
7,22521,1711,1.0,2377,1186,21335,0.010000000047511452
7,22528,1712,1.0,2378,1186,21342,0.010000000047038705
7,22535,1713,1.0,2379,1186,21349,0.010000000046570662
7,22542,1714,1.0,2380,1186,21356,0.010000000046107276
7,22549,1715,1.0,2381,1186,21363,0.010000000045648503
7,22556,1716,1.0,2382,1186,21370,0.010000000045194291
7,22563,1717,1.0,2383,1186,21377,0.0100000000447446
7,22570,1718,1.0,2384,1186,21384,0.010000000044299384
7,22577,1719,1.0,2385,1186,21391,0.010000000043858598
7,22584,1720,1.0,2386,1186,21398,0.010000000043422198
7,22591,1721,1.0,2387,1186,21405,0.01000000004299014
36,22627,1721,0.0,2388,1187,21440,0.010000000042562381
23,22650,1721,0.0,2389,1187,21463,0.010000000042138878
9,22659,1721,0.0,2390,1187,21472,0.01000000004171959
9,22668,1721,0.0,2391,1187,21481,0.010000000041304472
9,22677,1721,0.0,2392,1187,21490,0.010000000040893487
25,22702,1721,0.0,2393,1187,21515,0.010000000040486588
28,22730,1721,0.0,2394,1187,21543,0.01000000004008374
18,22748,1721,0.0,2395,1187,21561,0.010000000039684901
11,22759,1721,0.0,2396,1187,21572,0.01000000003929003
13,22772,1721,0.0,2397,1187,21585,0.010000000038899087
13,22785,1721,0.0,2398,1187,21598,0.010000000038512034
11,22796,1721,0.0,2399,1187,21609,0.010000000038128834
13,22809,1721,0.0,2400,1187,21622,0.010000000037749446
37,22846,1721,0.0,2401,1188,21658,0.010000000037373832
15,22861,1721,0.0,2402,1188,21673,0.010000000037001956
42,22903,1721,0.0,2403,1189,21714,0.010000000036633781
14,22917,1721,0.0,2404,1189,21728,0.010000000036269269
9,22926,1721,0.0,2405,1189,21737,0.010000000035908384
7,22933,1721,0.0,2406,1190,21743,0.010000000035551088
23,22956,1721,0.0,2407,1191,21765,0.01000000003519735
19,22975,1721,0.0,2408,1191,21784,0.01000000003484713
19,22994,1721,0.0,2409,1191,21803,0.010000000034500396
18,23012,1721,0.0,2410,1191,21821,0.010000000034157111
19,23031,1721,0.0,2411,1191,21840,0.010000000033817243
17,23048,1721,0.0,2412,1191,21857,0.010000000033480755
4,23052,1721,0.0,2413,1191,21861,0.010000000033147615
13,23065,1721,0.0,2414,1191,21874,0.010000000032817792
8,23073,1721,0.0,2415,1191,21882,0.01000000003249125
17,23090,1721,0.0,2416,1192,21898,0.010000000032167956
15,23105,1721,0.0,2417,1192,21913,0.010000000031847879
17,23122,1721,0.0,2418,1192,21930,0.010000000031530988
17,23139,1721,0.0,2419,1192,21947,0.01000000003121725
17,23156,1721,0.0,2420,1193,21963,0.010000000030906632
19,23175,1721,0.0,2421,1193,21982,0.010000000030599105
19,23194,1721,0.0,2422,1193,22001,0.01000000003029464
19,23213,1721,0.0,2423,1194,22019,0.010000000029993203
5,23218,1721,0.0,2424,1194,22024,0.010000000029694766
22,23240,1721,0.0,2425,1194,22046,0.010000000029399297
8,23248,1721,0.0,2426,1194,22054,0.01000000002910677
16,23264,1721,0.0,2427,1195,22069,0.010000000028817152
19,23283,1721,0.0,2428,1196,22087,0.010000000028530418
9,23292,1721,0.0,2429,1196,22096,0.010000000028246536
11,23303,1721,0.0,2430,1196,22107,0.010000000027965477
8,23311,1722,1.0,2431,1196,22115,0.010000000027687216
7,23318,1723,1.0,2432,1196,22122,0.010000000027411724
7,23325,1724,1.0,2433,1196,22129,0.010000000027138972
7,23332,1725,1.0,2434,1196,22136,0.010000000026868934
7,23339,1726,1.0,2435,1196,22143,0.010000000026601584
7,23346,1727,1.0,2436,1196,22150,0.010000000026336895
7,23353,1728,1.0,2437,1196,22157,0.010000000026074839
7,23360,1729,1.0,2438,1196,22164,0.010000000025815388
7,23367,1730,1.0,2439,1196,22171,0.01000000002555852
7,23374,1731,1.0,2440,1196,22178,0.01000000002530421
7,23381,1732,1.0,2441,1196,22185,0.010000000025052429
7,23388,1733,1.0,2442,1196,22192,0.010000000024803153
7,23395,1734,1.0,2443,1196,22199,0.010000000024556357
7,23402,1735,1.0,2444,1196,22206,0.010000000024312018
7,23409,1736,1.0,2445,1196,22213,0.010000000024070109
7,23416,1737,1.0,2446,1196,22220,0.010000000023830608
22,23438,1737,0.0,2447,1197,22241,0.010000000023593488
7,23445,1738,1.0,2448,1197,22248,0.01000000002335873
7,23452,1739,1.0,2449,1197,22255,0.010000000023126307
7,23459,1740,1.0,2450,1197,22262,0.010000000022896196
7,23466,1741,1.0,2451,1197,22269,0.010000000022668374
7,23473,1742,1.0,2452,1197,22276,0.01000000002244282
7,23480,1743,1.0,2453,1197,22283,0.010000000022219511
7,23487,1744,1.0,2454,1197,22290,0.010000000021998424
28,23515,1744,0.0,2455,1199,22316,0.010000000021779535
7,23522,1745,1.0,2456,1199,22323,0.010000000021562825
7,23529,1746,1.0,2457,1199,22330,0.010000000021348272
7,23536,1747,1.0,2458,1199,22337,0.010000000021135854
7,23543,1748,1.0,2459,1199,22344,0.010000000020925548
7,23550,1749,1.0,2460,1199,22351,0.010000000020717334
7,23557,1750,1.0,2461,1199,22358,0.010000000020511194
7,23564,1751,1.0,2462,1199,22365,0.010000000020307105
7,23571,1752,1.0,2463,1199,22372,0.010000000020105045
7,23578,1753,1.0,2464,1199,22379,0.010000000019904996
7,23585,1754,1.0,2465,1199,22386,0.01000000001970694
7,23592,1755,1.0,2466,1200,22392,0.010000000019510851
7,23599,1756,1.0,2467,1200,22399,0.010000000019316715
7,23606,1757,1.0,2468,1200,22406,0.010000000019124511
7,23613,1758,1.0,2469,1200,22413,0.010000000018934219
7,23620,1759,1.0,2470,1200,22420,0.01000000001874582
7,23627,1760,1.0,2471,1200,22427,0.010000000018559297
7,23634,1761,1.0,2472,1200,22434,0.010000000018374628
7,23641,1762,1.0,2473,1200,22441,0.010000000018191797
7,23648,1763,1.0,2474,1200,22448,0.010000000018010786
7,23655,1764,1.0,2475,1200,22455,0.010000000017831575
7,23662,1765,1.0,2476,1200,22462,0.01000000001765415
7,23669,1766,1.0,2477,1200,22469,0.010000000017478486
7,23676,1767,1.0,2478,1200,22476,0.010000000017304573
7,23683,1768,1.0,2479,1200,22483,0.01000000001713239
7,23690,1769,1.0,2480,1200,22490,0.01000000001696192
7,23697,1770,1.0,2481,1200,22497,0.010000000016793145
7,23704,1771,1.0,2482,1200,22504,0.010000000016626051
7,23711,1772,1.0,2483,1200,22511,0.01000000001646062
7,23718,1773,1.0,2484,1200,22518,0.010000000016296832
15,23733,1773,0.0,2485,1201,22532,0.010000000016134677
13,23746,1773,0.0,2486,1201,22545,0.010000000015974134
9,23755,1773,0.0,2487,1201,22554,0.010000000015815188
15,23770,1773,0.0,2488,1201,22569,0.010000000015657824
13,23783,1773,0.0,2489,1201,22582,0.010000000015502027
7,23790,1774,1.0,2490,1201,22589,0.010000000015347779
5,23795,1774,0.0,2491,1202,22593,0.010000000015195066
7,23802,1775,1.0,2492,1202,22600,0.010000000015043873
7,23809,1776,1.0,2493,1202,22607,0.010000000014894183
7,23816,1777,1.0,2494,1202,22614,0.010000000014745984
7,23823,1778,1.0,2495,1202,22621,0.01000000001459926
7,23830,1779,1.0,2496,1202,22628,0.010000000014453994
7,23837,1780,1.0,2497,1202,22635,0.010000000014310175
7,23844,1781,1.0,2498,1202,22642,0.010000000014167785
7,23851,1782,1.0,2499,1202,22649,0.010000000014026815
7,23858,1783,1.0,2500,1202,22656,0.010000000013887246
7,23865,1784,1.0,2501,1202,22663,0.010000000013749065
7,23872,1785,1.0,2502,1202,22670,0.010000000013612259
9,23881,1785,0.0,2503,1204,22677,0.010000000013476815
8,23889,1786,1.0,2504,1205,22684,0.010000000013342718
7,23896,1787,1.0,2505,1205,22691,0.010000000013209956
7,23903,1788,1.0,2506,1205,22698,0.010000000013078514
7,23910,1789,1.0,2507,1205,22705,0.010000000012948382
7,23917,1790,1.0,2508,1205,22712,0.010000000012819543
7,23924,1791,1.0,2509,1205,22719,0.010000000012691987
7,23931,1792,1.0,2510,1205,22726,0.010000000012565699
7,23938,1793,1.0,2511,1205,22733,0.010000000012440668
7,23945,1794,1.0,2512,1205,22740,0.010000000012316882
7,23952,1795,1.0,2513,1205,22747,0.010000000012194326
7,23959,1796,1.0,2514,1205,22754,0.01000000001207299
7,23966,1797,1.0,2515,1205,22761,0.010000000011952863
7,23973,1798,1.0,2516,1205,22768,0.01000000001183393
7,23980,1799,1.0,2517,1205,22775,0.01000000001171618
7,23987,1800,1.0,2518,1206,22781,0.010000000011599602
10,23997,1800,0.0,2519,1206,22791,0.010000000011484184
10,24007,1800,0.0,2520,1207,22800,0.010000000011369914
7,24014,1801,1.0,2521,1207,22807,0.010000000011256782
7,24021,1802,1.0,2522,1207,22814,0.010000000011144775
7,24028,1803,1.0,2523,1207,22821,0.010000000011033882
7,24035,1804,1.0,2524,1207,22828,0.010000000010924093
7,24042,1805,1.0,2525,1207,22835,0.010000000010815397
7,24049,1806,1.0,2526,1207,22842,0.010000000010707782
7,24056,1807,1.0,2527,1207,22849,0.010000000010601239
7,24063,1808,1.0,2528,1207,22856,0.010000000010495754
7,24070,1809,1.0,2529,1207,22863,0.01000000001039132
7,24077,1810,1.0,2530,1207,22870,0.010000000010287923
7,24084,1811,1.0,2531,1207,22877,0.010000000010185557
7,24091,1812,1.0,2532,1207,22884,0.01000000001008421
7,24098,1813,1.0,2533,1207,22891,0.01000000000998387
7,24105,1814,1.0,2534,1207,22898,0.01000000000988453
7,24112,1815,1.0,2535,1207,22905,0.010000000009786176
7,24119,1816,1.0,2536,1207,22912,0.010000000009688802
7,24126,1817,1.0,2537,1207,22919,0.010000000009592397
7,24133,1818,1.0,2538,1208,22925,0.01000000000949695
9,24142,1818,0.0,2539,1209,22933,0.010000000009402455
7,24149,1819,1.0,2540,1209,22940,0.0100000000093089
7,24156,1820,1.0,2541,1209,22947,0.010000000009216274
7,24163,1821,1.0,2542,1209,22954,0.010000000009124571
7,24170,1822,1.0,2543,1209,22961,0.01000000000903378
7,24177,1823,1.0,2544,1209,22968,0.010000000008943891
7,24184,1824,1.0,2545,1209,22975,0.010000000008854898
7,24191,1825,1.0,2546,1209,22982,0.010000000008766791
7,24198,1826,1.0,2547,1209,22989,0.010000000008679559
7,24205,1827,1.0,2548,1209,22996,0.010000000008593196
7,24212,1828,1.0,2549,1209,23003,0.010000000008507693
7,24219,1829,1.0,2550,1209,23010,0.01000000000842304
7,24226,1830,1.0,2551,1209,23017,0.010000000008339229
7,24233,1831,1.0,2552,1209,23024,0.010000000008256252
7,24240,1832,1.0,2553,1209,23031,0.010000000008174102
7,24247,1833,1.0,2554,1209,23038,0.010000000008092768
7,24254,1834,1.0,2555,1209,23045,0.010000000008012244
7,24261,1835,1.0,2556,1209,23052,0.010000000007932521
7,24268,1836,1.0,2557,1209,23059,0.010000000007853591
7,24275,1837,1.0,2558,1209,23066,0.010000000007775445
7,24282,1838,1.0,2559,1209,23073,0.010000000007698078
6,24288,1838,0.0,2560,1210,23078,0.010000000007621482
7,24295,1839,1.0,2561,1210,23085,0.010000000007545647
7,24302,1840,1.0,2562,1210,23092,0.010000000007470566
7,24309,1841,1.0,2563,1210,23099,0.010000000007396233
7,24316,1842,1.0,2564,1210,23106,0.01000000000732264
7,24323,1843,1.0,2565,1210,23113,0.010000000007249777
7,24330,1844,1.0,2566,1210,23120,0.01000000000717764
7,24337,1845,1.0,2567,1210,23127,0.010000000007106222
7,24344,1846,1.0,2568,1210,23134,0.010000000007035515
7,24351,1847,1.0,2569,1210,23141,0.01000000000696551
7,24358,1848,1.0,2570,1210,23148,0.010000000006896203
7,24365,1849,1.0,2571,1210,23155,0.010000000006827584
7,24372,1850,1.0,2572,1210,23162,0.010000000006759649
16,24388,1850,0.0,2573,1211,23177,0.010000000006692388
7,24395,1851,1.0,2574,1211,23184,0.010000000006625797
7,24402,1852,1.0,2575,1211,23191,0.010000000006559871
7,24409,1853,1.0,2576,1211,23198,0.010000000006494598
7,24416,1854,1.0,2577,1211,23205,0.010000000006429977
7,24423,1855,1.0,2578,1211,23212,0.010000000006365996
7,24430,1856,1.0,2579,1211,23219,0.010000000006302655
7,24437,1857,1.0,2580,1211,23226,0.010000000006239941
7,24444,1858,1.0,2581,1212,23232,0.010000000006177854
7,24451,1859,1.0,2582,1212,23239,0.010000000006116382
7,24458,1860,1.0,2583,1212,23246,0.010000000006055523
7,24465,1861,1.0,2584,1212,23253,0.01000000000599527
13,24478,1861,0.0,2585,1214,23264,0.010000000005935617
13,24491,1861,0.0,2586,1214,23277,0.010000000005876556
2,24493,1861,0.0,2587,1214,23279,0.010000000005818082
9,24502,1861,0.0,2588,1214,23288,0.010000000005760193
7,24509,1862,1.0,2589,1214,23295,0.010000000005702878
7,24516,1863,1.0,2590,1214,23302,0.010000000005646133
7,24523,1864,1.0,2591,1214,23309,0.010000000005589952
7,24530,1865,1.0,2592,1214,23316,0.010000000005534332
7,24537,1866,1.0,2593,1214,23323,0.010000000005479265
7,24544,1867,1.0,2594,1214,23330,0.010000000005424744
7,24551,1868,1.0,2595,1214,23337,0.010000000005370768
7,24558,1869,1.0,2596,1214,23344,0.010000000005317327
7,24565,1870,1.0,2597,1214,23351,0.01000000000526442
7,24572,1871,1.0,2598,1214,23358,0.010000000005212038
7,24579,1872,1.0,2599,1214,23365,0.010000000005160176
7,24586,1873,1.0,2600,1214,23372,0.010000000005108832
13,24599,1873,0.0,2601,1215,23384,0.010000000005057998
7,24606,1874,1.0,2602,1215,23391,0.01000000000500767
7,24613,1875,1.0,2603,1215,23398,0.010000000004957843
7,24620,1876,1.0,2604,1215,23405,0.010000000004908511
7,24627,1877,1.0,2605,1215,23412,0.010000000004859672
7,24634,1878,1.0,2606,1215,23419,0.010000000004811316
7,24641,1879,1.0,2607,1215,23426,0.010000000004763443
7,24648,1880,1.0,2608,1215,23433,0.010000000004716047
7,24655,1881,1.0,2609,1215,23440,0.010000000004669121
7,24662,1882,1.0,2610,1215,23447,0.010000000004622662
7,24669,1883,1.0,2611,1215,23454,0.010000000004576666
7,24676,1884,1.0,2612,1215,23461,0.010000000004531127
7,24683,1885,1.0,2613,1215,23468,0.010000000004486042
7,24690,1886,1.0,2614,1215,23475,0.010000000004441406
7,24697,1887,1.0,2615,1215,23482,0.010000000004397212
7,24704,1888,1.0,2616,1215,23489,0.010000000004353459
7,24711,1889,1.0,2617,1215,23496,0.010000000004310143
7,24718,1890,1.0,2618,1215,23503,0.010000000004267255
7,24725,1891,1.0,2619,1215,23510,0.010000000004224796
7,24732,1892,1.0,2620,1215,23517,0.010000000004182759
7,24739,1893,1.0,2621,1215,23524,0.010000000004141139
7,24746,1894,1.0,2622,1215,23531,0.010000000004099934
7,24753,1895,1.0,2623,1215,23538,0.010000000004059139
22,24775,1895,0.0,2624,1216,23559,0.010000000004018749
7,24782,1896,1.0,2625,1216,23566,0.010000000003978762
7,24789,1897,1.0,2626,1216,23573,0.010000000003939174
7,24796,1898,1.0,2627,1216,23580,0.010000000003899978
7,24803,1899,1.0,2628,1216,23587,0.010000000003861172
7,24810,1900,1.0,2629,1216,23594,0.010000000003822753
7,24817,1901,1.0,2630,1216,23601,0.010000000003784716
7,24824,1902,1.0,2631,1216,23608,0.010000000003747057
7,24831,1903,1.0,2632,1216,23615,0.010000000003709774
22,24853,1903,0.0,2633,1217,23636,0.01000000000367286
7,24860,1904,1.0,2634,1217,23643,0.010000000003636315
7,24867,1905,1.0,2635,1217,23650,0.010000000003600133
7,24874,1906,1.0,2636,1217,23657,0.01000000000356431
7,24881,1907,1.0,2637,1217,23664,0.010000000003528846
7,24888,1908,1.0,2638,1217,23671,0.010000000003493733
7,24895,1909,1.0,2639,1217,23678,0.01000000000345897
7,24902,1910,1.0,2640,1217,23685,0.010000000003424553
7,24909,1911,1.0,2641,1217,23692,0.010000000003390477
7,24916,1912,1.0,2642,1217,23699,0.010000000003356742
7,24923,1913,1.0,2643,1217,23706,0.010000000003323342
7,24930,1914,1.0,2644,1217,23713,0.010000000003290275
7,24937,1915,1.0,2645,1217,23720,0.010000000003257535
7,24944,1916,1.0,2646,1217,23727,0.010000000003225122
7,24951,1917,1.0,2647,1217,23734,0.010000000003193031
7,24958,1918,1.0,2648,1217,23741,0.01000000000316126
7,24965,1919,1.0,2649,1217,23748,0.010000000003129806
7,24972,1920,1.0,2650,1217,23755,0.010000000003098664
7,24979,1921,1.0,2651,1217,23762,0.010000000003067831
7,24986,1922,1.0,2652,1217,23769,0.010000000003037305
7,24993,1923,1.0,2653,1217,23776,0.010000000003007084
7,25000,1924,1.0,2654,1217,23783,0.010000000002977164
7,25007,1925,1.0,2655,1217,23790,0.01000000000294754
7,25014,1926,1.0,2656,1217,23797,0.010000000002918211
7,25021,1927,1.0,2657,1217,23804,0.010000000002889175
7,25028,1928,1.0,2658,1217,23811,0.010000000002860427
7,25035,1929,1.0,2659,1217,23818,0.010000000002831966
7,25042,1930,1.0,2660,1217,23825,0.010000000002803787
7,25049,1931,1.0,2661,1217,23832,0.010000000002775889
7,25056,1932,1.0,2662,1217,23839,0.010000000002748267
7,25063,1933,1.0,2663,1217,23846,0.010000000002720923
7,25070,1934,1.0,2664,1217,23853,0.010000000002693849
25,25095,1934,0.0,2665,1219,23876,0.010000000002667044
7,25102,1935,1.0,2666,1219,23883,0.010000000002640506
7,25109,1936,1.0,2667,1219,23890,0.010000000002614234
13,25122,1936,0.0,2668,1220,23902,0.010000000002588222
7,25129,1937,1.0,2669,1220,23909,0.010000000002562468
7,25136,1938,1.0,2670,1220,23916,0.01000000000253697
7,25143,1939,1.0,2671,1220,23923,0.010000000002511727
7,25150,1940,1.0,2672,1220,23930,0.010000000002486735
7,25157,1941,1.0,2673,1220,23937,0.010000000002461993
7,25164,1942,1.0,2674,1220,23944,0.010000000002437495
7,25171,1943,1.0,2675,1220,23951,0.010000000002413242
13,25184,1943,0.0,2676,1221,23963,0.01000000000238923
7,25191,1944,1.0,2677,1221,23970,0.010000000002365455
7,25198,1945,1.0,2678,1221,23977,0.01000000000234192
7,25205,1946,1.0,2679,1221,23984,0.010000000002318618
7,25212,1947,1.0,2680,1221,23991,0.010000000002295546
7,25219,1948,1.0,2681,1221,23998,0.010000000002272705
7,25226,1949,1.0,2682,1221,24005,0.010000000002250091
7,25233,1950,1.0,2683,1221,24012,0.010000000002227703
4,25237,1950,0.0,2684,1222,24015,0.010000000002205536
3,25240,1950,0.0,2685,1222,24018,0.010000000002183592
7,25247,1951,1.0,2686,1222,24025,0.010000000002161865
7,25254,1952,1.0,2687,1222,24032,0.010000000002140354
7,25261,1953,1.0,2688,1222,24039,0.010000000002119057
7,25268,1954,1.0,2689,1222,24046,0.010000000002097971
7,25275,1955,1.0,2690,1222,24053,0.010000000002077096
7,25282,1956,1.0,2691,1222,24060,0.010000000002056428
7,25289,1957,1.0,2692,1222,24067,0.010000000002035967
7,25296,1958,1.0,2693,1222,24074,0.010000000002015709
7,25303,1959,1.0,2694,1222,24081,0.010000000001995652
7,25310,1960,1.0,2695,1222,24088,0.010000000001975795
7,25317,1961,1.0,2696,1222,24095,0.010000000001956135
7,25324,1962,1.0,2697,1222,24102,0.010000000001936672
7,25331,1963,1.0,2698,1222,24109,0.010000000001917402
7,25338,1964,1.0,2699,1222,24116,0.010000000001898324
7,25345,1965,1.0,2700,1222,24123,0.010000000001879434
7,25352,1966,1.0,2701,1222,24130,0.010000000001860734
7,25359,1967,1.0,2702,1222,24137,0.01000000000184222
7,25366,1968,1.0,2703,1222,24144,0.010000000001823888
7,25373,1969,1.0,2704,1222,24151,0.010000000001805742
7,25380,1970,1.0,2705,1222,24158,0.010000000001787773
7,25387,1971,1.0,2706,1222,24165,0.010000000001769985
7,25394,1972,1.0,2707,1222,24172,0.010000000001752373
7,25401,1973,1.0,2708,1222,24179,0.010000000001734937
7,25408,1974,1.0,2709,1222,24186,0.010000000001717673
7,25415,1975,1.0,2710,1222,24193,0.010000000001700583
7,25422,1976,1.0,2711,1222,24200,0.010000000001683662
7,25429,1977,1.0,2712,1222,24207,0.010000000001666908
7,25436,1978,1.0,2713,1222,24214,0.010000000001650322
7,25443,1979,1.0,2714,1222,24221,0.010000000001633902
7,25450,1980,1.0,2715,1222,24228,0.010000000001617644
7,25457,1981,1.0,2716,1222,24235,0.010000000001601549
7,25464,1982,1.0,2717,1222,24242,0.010000000001585612
7,25471,1983,1.0,2718,1222,24249,0.010000000001569836
7,25478,1984,1.0,2719,1222,24256,0.010000000001554215
7,25485,1985,1.0,2720,1222,24263,0.01000000000153875
7,25492,1986,1.0,2721,1222,24270,0.01000000000152344
7,25499,1987,1.0,2722,1222,24277,0.010000000001508282
7,25506,1988,1.0,2723,1222,24284,0.010000000001493274
7,25513,1989,1.0,2724,1222,24291,0.010000000001478415
7,25520,1990,1.0,2725,1222,24298,0.010000000001463704
7,25527,1991,1.0,2726,1222,24305,0.010000000001449141
7,25534,1992,1.0,2727,1222,24312,0.010000000001434722
7,25541,1993,1.0,2728,1222,24319,0.010000000001420446
7,25548,1994,1.0,2729,1222,24326,0.010000000001406313
7,25555,1995,1.0,2730,1222,24333,0.010000000001392319
7,25562,1996,1.0,2731,1222,24340,0.010000000001378465
7,25569,1997,1.0,2732,1222,24347,0.010000000001364749
7,25576,1998,1.0,2733,1222,24354,0.01000000000135117
7,25583,1999,1.0,2734,1222,24361,0.010000000001337725
7,25590,2000,1.0,2735,1222,24368,0.010000000001324415
7,25597,2001,1.0,2736,1222,24375,0.010000000001311238
7,25604,2002,1.0,2737,1222,24382,0.01000000000129819
7,25611,2003,1.0,2738,1222,24389,0.010000000001285272
7,25618,2004,1.0,2739,1223,24395,0.010000000001272484
7,25625,2005,1.0,2740,1223,24402,0.010000000001259822
7,25632,2006,1.0,2741,1223,24409,0.010000000001247287
7,25639,2007,1.0,2742,1223,24416,0.010000000001234877
7,25646,2008,1.0,2743,1223,24423,0.01000000000122259
7,25653,2009,1.0,2744,1223,24430,0.010000000001210424
7,25660,2010,1.0,2745,1223,24437,0.01000000000119838
7,25667,2011,1.0,2746,1223,24444,0.010000000001186456
7,25674,2012,1.0,2747,1223,24451,0.01000000000117465
7,25681,2013,1.0,2748,1223,24458,0.010000000001162962
7,25688,2014,1.0,2749,1223,24465,0.010000000001151392
7,25695,2015,1.0,2750,1223,24472,0.010000000001139934
7,25702,2016,1.0,2751,1223,24479,0.010000000001128592
7,25709,2017,1.0,2752,1223,24486,0.010000000001117362
7,25716,2018,1.0,2753,1223,24493,0.010000000001106244
7,25723,2019,1.0,2754,1223,24500,0.010000000001095237
7,25730,2020,1.0,2755,1223,24507,0.01000000000108434
7,25737,2021,1.0,2756,1223,24514,0.01000000000107355
7,25744,2022,1.0,2757,1223,24521,0.010000000001062869
7,25751,2023,1.0,2758,1223,24528,0.010000000001052292
7,25758,2024,1.0,2759,1223,24535,0.010000000001041821
22,25780,2024,0.0,2760,1224,24556,0.010000000001031456
7,25787,2025,1.0,2761,1224,24563,0.010000000001021192
7,25794,2026,1.0,2762,1224,24570,0.010000000001011032
7,25801,2027,1.0,2763,1224,24577,0.010000000001000972
4,25805,2027,0.0,2764,1225,24580,0.010000000000991011
3,25808,2027,0.0,2765,1225,24583,0.010000000000981151
7,25815,2028,1.0,2766,1225,24590,0.010000000000971388
7,25822,2029,1.0,2767,1225,24597,0.010000000000961722
7,25829,2030,1.0,2768,1225,24604,0.010000000000952153
7,25836,2031,1.0,2769,1225,24611,0.01000000000094268
7,25843,2032,1.0,2770,1225,24618,0.010000000000933299
7,25850,2033,1.0,2771,1225,24625,0.010000000000924013
7,25857,2034,1.0,2772,1225,24632,0.010000000000914819
7,25864,2035,1.0,2773,1225,24639,0.010000000000905717
7,25871,2036,1.0,2774,1225,24646,0.010000000000896705
7,25878,2037,1.0,2775,1225,24653,0.010000000000887781
7,25885,2038,1.0,2776,1225,24660,0.010000000000878948
13,25898,2038,0.0,2777,1227,24671,0.010000000000870203
7,25905,2039,1.0,2778,1227,24678,0.010000000000861544
7,25912,2040,1.0,2779,1227,24685,0.010000000000852972
7,25919,2041,1.0,2780,1227,24692,0.010000000000844484
7,25926,2042,1.0,2781,1227,24699,0.010000000000836081
7,25933,2043,1.0,2782,1227,24706,0.010000000000827762
7,25940,2044,1.0,2783,1227,24713,0.010000000000819527
7,25947,2045,1.0,2784,1227,24720,0.010000000000811372
7,25954,2046,1.0,2785,1227,24727,0.010000000000803299
7,25961,2047,1.0,2786,1227,24734,0.010000000000795305
7,25968,2048,1.0,2787,1227,24741,0.010000000000787393
7,25975,2049,1.0,2788,1227,24748,0.010000000000779557
7,25982,2050,1.0,2789,1227,24755,0.010000000000771801
7,25989,2051,1.0,2790,1227,24762,0.010000000000764122
7,25996,2052,1.0,2791,1227,24769,0.010000000000756518
7,26003,2053,1.0,2792,1227,24776,0.010000000000748991
7,26010,2054,1.0,2793,1227,24783,0.010000000000741537
7,26017,2055,1.0,2794,1227,24790,0.01000000000073416
7,26024,2056,1.0,2795,1227,24797,0.010000000000726855
7,26031,2057,1.0,2796,1227,24804,0.010000000000719622
7,26038,2058,1.0,2797,1227,24811,0.010000000000712462
7,26045,2059,1.0,2798,1227,24818,0.010000000000705373
7,26052,2060,1.0,2799,1227,24825,0.010000000000698355
7,26059,2061,1.0,2800,1227,24832,0.010000000000691405
7,26066,2062,1.0,2801,1227,24839,0.010000000000684526
7,26073,2063,1.0,2802,1227,24846,0.010000000000677715
7,26080,2064,1.0,2803,1227,24853,0.010000000000670972
7,26087,2065,1.0,2804,1227,24860,0.010000000000664295
7,26094,2066,1.0,2805,1227,24867,0.010000000000657686
7,26101,2067,1.0,2806,1227,24874,0.01000000000065114
7,26108,2068,1.0,2807,1227,24881,0.010000000000644662
7,26115,2069,1.0,2808,1227,24888,0.010000000000638248
7,26122,2070,1.0,2809,1227,24895,0.010000000000631898
7,26129,2071,1.0,2810,1227,24902,0.01000000000062561
7,26136,2072,1.0,2811,1227,24909,0.010000000000619385
7,26143,2073,1.0,2812,1227,24916,0.010000000000613221
7,26150,2074,1.0,2813,1227,24923,0.01000000000060712
7,26157,2075,1.0,2814,1227,24930,0.010000000000601078
4,26161,2075,0.0,2815,1228,24933,0.010000000000595099
3,26164,2075,0.0,2816,1228,24936,0.010000000000589176
7,26171,2076,1.0,2817,1228,24943,0.010000000000583315
7,26178,2077,1.0,2818,1228,24950,0.01000000000057751
7,26185,2078,1.0,2819,1228,24957,0.010000000000571763
7,26192,2079,1.0,2820,1228,24964,0.010000000000566075
7,26199,2080,1.0,2821,1228,24971,0.010000000000560443
5,26204,2080,0.0,2822,1229,24975,0.010000000000554865
7,26211,2081,1.0,2823,1229,24982,0.010000000000549345
7,26218,2082,1.0,2824,1229,24989,0.01000000000054388
7,26225,2083,1.0,2825,1229,24996,0.010000000000538467
7,26232,2084,1.0,2826,1229,25003,0.010000000000533108
7,26239,2085,1.0,2827,1229,25010,0.010000000000527805
7,26246,2086,1.0,2828,1229,25017,0.010000000000522553
7,26253,2087,1.0,2829,1229,25024,0.010000000000517354
7,26260,2088,1.0,2830,1229,25031,0.010000000000512205
7,26267,2089,1.0,2831,1229,25038,0.010000000000507108
7,26274,2090,1.0,2832,1229,25045,0.010000000000502064
7,26281,2091,1.0,2833,1229,25052,0.010000000000497068
7,26288,2092,1.0,2834,1229,25059,0.010000000000492122
7,26295,2093,1.0,2835,1229,25066,0.010000000000487225
7,26302,2094,1.0,2836,1229,25073,0.010000000000482376
7,26309,2095,1.0,2837,1229,25080,0.010000000000477578
7,26316,2096,1.0,2838,1229,25087,0.010000000000472825
7,26323,2097,1.0,2839,1229,25094,0.01000000000046812
7,26330,2098,1.0,2840,1229,25101,0.010000000000463463
7,26337,2099,1.0,2841,1229,25108,0.010000000000458852
7,26344,2100,1.0,2842,1229,25115,0.010000000000454286
7,26351,2101,1.0,2843,1229,25122,0.010000000000449765
7,26358,2102,1.0,2844,1229,25129,0.01000000000044529
7,26365,2103,1.0,2845,1229,25136,0.01000000000044086
22,26387,2103,0.0,2846,1231,25156,0.010000000000436472
7,26394,2104,1.0,2847,1231,25163,0.01000000000043213
7,26401,2105,1.0,2848,1231,25170,0.01000000000042783
7,26408,2106,1.0,2849,1231,25177,0.010000000000423573
7,26415,2107,1.0,2850,1231,25184,0.01000000000041936
7,26422,2108,1.0,2851,1231,25191,0.010000000000415185
7,26429,2109,1.0,2852,1231,25198,0.010000000000411055
7,26436,2110,1.0,2853,1231,25205,0.010000000000406965
7,26443,2111,1.0,2854,1231,25212,0.010000000000402916
7,26450,2112,1.0,2855,1231,25219,0.010000000000398907
7,26457,2113,1.0,2856,1231,25226,0.010000000000394938
20,26477,2113,0.0,2857,1232,25245,0.010000000000391007
26,26503,2113,0.0,2858,1232,25271,0.010000000000387118
3,26506,2113,0.0,2859,1232,25274,0.010000000000383265
13,26519,2113,0.0,2860,1232,25287,0.010000000000379452
13,26532,2113,0.0,2861,1232,25300,0.010000000000375675
10,26542,2113,0.0,2862,1233,25309,0.010000000000371937
8,26550,2113,0.0,2863,1233,25317,0.010000000000368237
4,26554,2113,0.0,2864,1233,25321,0.010000000000364573
18,26572,2113,0.0,2865,1233,25339,0.010000000000360946
8,26580,2113,0.0,2866,1233,25347,0.010000000000357353
8,26588,2113,0.0,2867,1233,25355,0.010000000000353799
29,26617,2113,0.0,2868,1233,25384,0.010000000000350277
15,26632,2113,0.0,2869,1233,25399,0.010000000000346792
11,26643,2113,0.0,2870,1233,25410,0.010000000000343342
20,26663,2113,0.0,2871,1233,25430,0.010000000000339926
7,26670,2113,0.0,2872,1233,25437,0.010000000000336544
12,26682,2113,0.0,2873,1233,25449,0.010000000000333194
4,26686,2113,0.0,2874,1233,25453,0.010000000000329879
6,26692,2113,0.0,2875,1233,25459,0.010000000000326597
8,26700,2113,0.0,2876,1233,25467,0.010000000000323347
24,26724,2113,0.0,2877,1233,25491,0.01000000000032013
11,26735,2113,0.0,2878,1233,25502,0.010000000000316945
13,26748,2113,0.0,2879,1233,25515,0.010000000000313791
8,26756,2113,0.0,2880,1233,25523,0.010000000000310668
15,26771,2113,0.0,2881,1233,25538,0.010000000000307577
12,26783,2113,0.0,2882,1233,25550,0.010000000000304517
3,26786,2113,0.0,2883,1233,25553,0.010000000000301486
20,26806,2113,0.0,2884,1233,25573,0.010000000000298487
20,26826,2113,0.0,2885,1233,25593,0.010000000000295517
20,26846,2113,0.0,2886,1235,25611,0.010000000000292577
12,26858,2114,1.0,2887,1235,25623,0.010000000000289666
12,26870,2115,1.0,2888,1235,25635,0.010000000000286783
20,26890,2115,0.0,2889,1235,25655,0.01000000000028393
17,26907,2115,0.0,2890,1235,25672,0.010000000000281105
25,26932,2115,0.0,2891,1235,25697,0.010000000000278307
12,26944,2115,0.0,2892,1235,25709,0.010000000000275538
12,26956,2115,0.0,2893,1235,25721,0.010000000000272796
20,26976,2115,0.0,2894,1235,25741,0.010000000000270083
22,26998,2115,0.0,2895,1235,25763,0.010000000000267396
4,27002,2115,0.0,2896,1235,25767,0.010000000000264735
4,27006,2115,0.0,2897,1235,25771,0.0100000000002621
4,27010,2115,0.0,2898,1235,25775,0.010000000000259492
4,27014,2115,0.0,2899,1235,25779,0.010000000000256911
4,27018,2115,0.0,2900,1235,25783,0.010000000000254354
22,27040,2115,0.0,2901,1235,25805,0.010000000000251823
24,27064,2115,0.0,2902,1235,25829,0.010000000000249318
22,27086,2115,0.0,2903,1235,25851,0.010000000000246837
38,27124,2115,0.0,2904,1235,25889,0.010000000000244381
12,27136,2115,0.0,2905,1236,25900,0.010000000000241949
11,27147,2115,0.0,2906,1236,25911,0.010000000000239541
26,27173,2115,0.0,2907,1236,25937,0.010000000000237158
22,27195,2115,0.0,2908,1236,25959,0.010000000000234799
10,27205,2115,0.0,2909,1236,25969,0.010000000000232462
9,27214,2115,0.0,2910,1236,25978,0.01000000000023015
13,27227,2115,0.0,2911,1237,25990,0.01000000000022786
24,27251,2115,0.0,2912,1237,26014,0.010000000000225592
4,27255,2115,0.0,2913,1237,26018,0.010000000000223348
16,27271,2115,0.0,2914,1237,26034,0.010000000000221125
24,27295,2115,0.0,2915,1237,26058,0.010000000000218924
6,27301,2115,0.0,2916,1237,26064,0.010000000000216747
6,27307,2115,0.0,2917,1237,26070,0.010000000000214589
13,27320,2115,0.0,2918,1237,26083,0.010000000000212454
8,27328,2115,0.0,2919,1237,26091,0.01000000000021034
8,27336,2115,0.0,2920,1237,26099,0.010000000000208247
13,27349,2115,0.0,2921,1237,26112,0.010000000000206176
13,27362,2115,0.0,2922,1237,26125,0.010000000000204123
13,27375,2115,0.0,2923,1237,26138,0.010000000000202092
10,27385,2115,0.0,2924,1237,26148,0.010000000000200081
8,27393,2115,0.0,2925,1237,26156,0.010000000000198092
8,27401,2115,0.0,2926,1237,26164,0.01000000000019612
10,27411,2115,0.0,2927,1237,26174,0.010000000000194168
8,27419,2115,0.0,2928,1237,26182,0.010000000000192237
13,27432,2115,0.0,2929,1237,26195,0.010000000000190324
7,27439,2115,0.0,2930,1237,26202,0.01000000000018843
8,27447,2115,0.0,2931,1237,26210,0.010000000000186556
8,27455,2115,0.0,2932,1237,26218,0.0100000000001847
6,27461,2115,0.0,2933,1237,26224,0.010000000000182861
13,27474,2115,0.0,2934,1237,26237,0.010000000000181041
7,27481,2115,0.0,2935,1237,26244,0.01000000000017924
8,27489,2115,0.0,2936,1237,26252,0.010000000000177457
16,27505,2115,0.0,2937,1237,26268,0.010000000000175691
8,27513,2115,0.0,2938,1237,26276,0.010000000000173943
4,27517,2115,0.0,2939,1237,26280,0.010000000000172211
10,27527,2115,0.0,2940,1237,26290,0.0100000000001705
5,27532,2115,0.0,2941,1237,26295,0.010000000000168803
14,27546,2115,0.0,2942,1237,26309,0.010000000000167122
10,27556,2115,0.0,2943,1237,26319,0.01000000000016546
14,27570,2115,0.0,2944,1237,26333,0.010000000000163814
4,27574,2115,0.0,2945,1237,26337,0.010000000000162183
4,27578,2115,0.0,2946,1237,26341,0.01000000000016057
2,27580,2115,0.0,2947,1237,26343,0.010000000000158972
20,27600,2115,0.0,2948,1237,26363,0.01000000000015739
14,27614,2115,0.0,2949,1237,26377,0.010000000000155823
15,27629,2115,0.0,2950,1237,26392,0.010000000000154274
16,27645,2115,0.0,2951,1238,26407,0.01000000000015274
5,27650,2115,0.0,2952,1238,26412,0.01000000000015122
19,27669,2115,0.0,2953,1238,26431,0.010000000000149714
10,27679,2115,0.0,2954,1239,26440,0.010000000000148224
11,27690,2115,0.0,2955,1239,26451,0.01000000000014675
10,27700,2115,0.0,2956,1240,26460,0.01000000000014529
5,27705,2115,0.0,2957,1241,26464,0.010000000000143843
10,27715,2115,0.0,2958,1241,26474,0.010000000000142412
5,27720,2115,0.0,2959,1241,26479,0.010000000000140995
9,27729,2115,0.0,2960,1241,26488,0.010000000000139592
9,27738,2115,0.0,2961,1241,26497,0.010000000000138204
16,27754,2115,0.0,2962,1242,26512,0.010000000000136828
7,27761,2115,0.0,2963,1242,26519,0.010000000000135466
12,27773,2115,0.0,2964,1242,26531,0.010000000000134119
7,27780,2115,0.0,2965,1242,26538,0.010000000000132785
7,27787,2115,0.0,2966,1242,26545,0.010000000000131463
4,27791,2115,0.0,2967,1242,26549,0.010000000000130155
10,27801,2115,0.0,2968,1242,26559,0.01000000000012886
5,27806,2115,0.0,2969,1242,26564,0.010000000000127579
5,27811,2115,0.0,2970,1242,26569,0.010000000000126309
5,27816,2115,0.0,2971,1242,26574,0.010000000000125051
5,27821,2115,0.0,2972,1242,26579,0.010000000000123807
5,27826,2115,0.0,2973,1242,26584,0.010000000000122576
5,27831,2115,0.0,2974,1242,26589,0.010000000000121356
13,27844,2115,0.0,2975,1242,26602,0.010000000000120149
25,27869,2115,0.0,2976,1243,26626,0.010000000000118954
5,27874,2115,0.0,2977,1243,26631,0.010000000000117769
16,27890,2115,0.0,2978,1243,26647,0.010000000000116598
10,27900,2115,0.0,2979,1244,26656,0.010000000000115437
10,27910,2115,0.0,2980,1244,26666,0.010000000000114289
12,27922,2115,0.0,2981,1244,26678,0.010000000000113151
10,27932,2115,0.0,2982,1244,26688,0.010000000000112025
4,27936,2115,0.0,2983,1244,26692,0.010000000000110911
2,27938,2115,0.0,2984,1244,26694,0.010000000000109808
14,27952,2115,0.0,2985,1244,26708,0.010000000000108715
4,27956,2115,0.0,2986,1244,26712,0.010000000000107633
37,27993,2115,0.0,2987,1244,26749,0.010000000000106563
10,28003,2115,0.0,2988,1244,26759,0.010000000000105503
13,28016,2115,0.0,2989,1244,26772,0.010000000000104451
2,28018,2115,0.0,2990,1244,26774,0.010000000000103412
14,28032,2115,0.0,2991,1244,26788,0.010000000000102384
10,28042,2115,0.0,2992,1244,26798,0.010000000000101365
6,28048,2115,0.0,2993,1244,26804,0.010000000000100356
3,28051,2115,0.0,2994,1244,26807,0.010000000000099358
6,28057,2115,0.0,2995,1244,26813,0.01000000000009837
4,28061,2115,0.0,2996,1244,26817,0.010000000000097391
6,28067,2115,0.0,2997,1244,26823,0.010000000000096421
6,28073,2115,0.0,2998,1244,26829,0.010000000000095462
6,28079,2115,0.0,2999,1244,26835,0.010000000000094511
6,28085,2115,0.0,3000,1244,26841,0.010000000000093571
11,28096,2115,0.0,3001,1244,26852,0.010000000000092641
12,28108,2115,0.0,3002,1244,26864,0.010000000000091719
9,28117,2115,0.0,3003,1244,26873,0.010000000000090806
13,28130,2115,0.0,3004,1244,26886,0.010000000000089902
9,28139,2115,0.0,3005,1244,26895,0.010000000000089009
3,28142,2115,0.0,3006,1244,26898,0.010000000000088122
10,28152,2115,0.0,3007,1244,26908,0.010000000000087246
7,28159,2115,0.0,3008,1244,26915,0.010000000000086377
14,28173,2115,0.0,3009,1244,26929,0.010000000000085519
2,28175,2115,0.0,3010,1244,26931,0.010000000000084667
2,28177,2115,0.0,3011,1244,26933,0.010000000000083826
7,28184,2115,0.0,3012,1244,26940,0.010000000000082991
7,28191,2115,0.0,3013,1244,26947,0.010000000000082165
7,28198,2115,0.0,3014,1244,26954,0.010000000000081347
7,28205,2115,0.0,3015,1244,26961,0.010000000000080538
10,28215,2116,1.0,3016,1244,26971,0.010000000000079737
10,28225,2117,1.0,3017,1244,26981,0.010000000000078944
10,28235,2118,1.0,3018,1244,26991,0.010000000000078158
10,28245,2119,1.0,3019,1244,27001,0.01000000000007738
10,28255,2120,1.0,3020,1244,27011,0.01000000000007661
10,28265,2121,1.0,3021,1244,27021,0.010000000000075848
10,28275,2122,1.0,3022,1244,27031,0.010000000000075093
10,28285,2123,1.0,3023,1244,27041,0.010000000000074345
10,28295,2124,1.0,3024,1244,27051,0.010000000000073606
10,28305,2125,1.0,3025,1244,27061,0.010000000000072874
10,28315,2126,1.0,3026,1244,27071,0.010000000000072149
10,28325,2127,1.0,3027,1244,27081,0.010000000000071431
11,28336,2127,0.0,3028,1245,27091,0.01000000000007072
10,28346,2128,1.0,3029,1245,27101,0.010000000000070017
10,28356,2129,1.0,3030,1245,27111,0.01000000000006932
10,28366,2130,1.0,3031,1245,27121,0.01000000000006863
10,28376,2131,1.0,3032,1245,27131,0.010000000000067948
10,28386,2132,1.0,3033,1245,27141,0.010000000000067271
10,28396,2133,1.0,3034,1245,27151,0.010000000000066601
10,28406,2134,1.0,3035,1245,27161,0.010000000000065939
10,28416,2135,1.0,3036,1245,27171,0.010000000000065283
10,28426,2136,1.0,3037,1245,27181,0.010000000000064633
10,28436,2137,1.0,3038,1245,27191,0.01000000000006399
10,28446,2138,1.0,3039,1245,27201,0.010000000000063354
10,28456,2139,1.0,3040,1245,27211,0.010000000000062723
10,28466,2140,1.0,3041,1245,27221,0.010000000000062098
10,28476,2141,1.0,3042,1245,27231,0.01000000000006148
10,28486,2142,1.0,3043,1245,27241,0.01000000000006087
10,28496,2143,1.0,3044,1245,27251,0.010000000000060265
10,28506,2144,1.0,3045,1245,27261,0.010000000000059664
10,28516,2145,1.0,3046,1245,27271,0.010000000000059071
9,28525,2145,0.0,3047,1246,27279,0.010000000000058483
10,28535,2146,1.0,3048,1246,27289,0.0100000000000579
10,28545,2147,1.0,3049,1246,27299,0.010000000000057324
10,28555,2148,1.0,3050,1246,27309,0.010000000000056753
10,28565,2149,1.0,3051,1246,27319,0.01000000000005619
10,28575,2150,1.0,3052,1246,27329,0.010000000000055631
10,28585,2151,1.0,3053,1246,27339,0.010000000000055078
10,28595,2152,1.0,3054,1246,27349,0.01000000000005453
10,28605,2153,1.0,3055,1246,27359,0.010000000000053987
10,28615,2154,1.0,3056,1246,27369,0.010000000000053449
10,28625,2155,1.0,3057,1246,27379,0.010000000000052918
10,28635,2156,1.0,3058,1246,27389,0.01000000000005239
10,28645,2157,1.0,3059,1246,27399,0.01000000000005187
10,28655,2158,1.0,3060,1246,27409,0.010000000000051353
10,28665,2159,1.0,3061,1246,27419,0.010000000000050843
10,28675,2160,1.0,3062,1246,27429,0.010000000000050337
10,28685,2161,1.0,3063,1246,27439,0.010000000000049835
10,28695,2162,1.0,3064,1246,27449,0.01000000000004934
10,28705,2163,1.0,3065,1246,27459,0.010000000000048848
6,28711,2163,0.0,3066,1247,27464,0.010000000000048363
10,28721,2164,1.0,3067,1247,27474,0.010000000000047882
10,28731,2165,1.0,3068,1247,27484,0.010000000000047405
10,28741,2166,1.0,3069,1247,27494,0.010000000000046933
10,28751,2167,1.0,3070,1247,27504,0.010000000000046467
10,28761,2168,1.0,3071,1247,27514,0.010000000000046003
10,28771,2169,1.0,3072,1247,27524,0.010000000000045547
10,28781,2170,1.0,3073,1247,27534,0.010000000000045093
7,28788,2170,0.0,3074,1248,27540,0.010000000000044645
9,28797,2170,0.0,3075,1248,27549,0.010000000000044201
9,28806,2170,0.0,3076,1248,27558,0.01000000000004376
5,28811,2170,0.0,3077,1249,27562,0.010000000000043325
7,28818,2170,0.0,3078,1250,27568,0.010000000000042895
7,28825,2170,0.0,3079,1250,27575,0.010000000000042468
8,28833,2170,0.0,3080,1250,27583,0.010000000000042045
9,28842,2170,0.0,3081,1250,27592,0.010000000000041627
6,28848,2171,1.0,3082,1250,27598,0.010000000000041212
6,28854,2172,1.0,3083,1250,27604,0.010000000000040803
6,28860,2173,1.0,3084,1250,27610,0.010000000000040397
9,28869,2173,0.0,3085,1250,27619,0.010000000000039994
6,28875,2174,1.0,3086,1250,27625,0.010000000000039595
13,28888,2174,0.0,3087,1250,27638,0.010000000000039201
13,28901,2174,0.0,3088,1250,27651,0.010000000000038813
13,28914,2174,0.0,3089,1250,27664,0.010000000000038426
13,28927,2174,0.0,3090,1250,27677,0.010000000000038043
13,28940,2174,0.0,3091,1250,27690,0.010000000000037665
13,28953,2174,0.0,3092,1250,27703,0.01000000000003729
13,28966,2174,0.0,3093,1250,27716,0.010000000000036919
14,28980,2174,0.0,3094,1251,27729,0.010000000000036553
6,28986,2175,1.0,3095,1251,27735,0.010000000000036188
6,28992,2176,1.0,3096,1251,27741,0.010000000000035827
6,28998,2177,1.0,3097,1251,27747,0.010000000000035472
13,29011,2177,0.0,3098,1251,27760,0.010000000000035118
13,29024,2177,0.0,3099,1251,27773,0.01000000000003477
22,29046,2177,0.0,3100,1252,27794,0.010000000000034424
9,29055,2177,0.0,3101,1253,27802,0.01000000000003408
13,29068,2177,0.0,3102,1253,27815,0.010000000000033742
22,29090,2177,0.0,3103,1253,27837,0.010000000000033406
22,29112,2177,0.0,3104,1253,27859,0.010000000000033073
22,29134,2177,0.0,3105,1254,27880,0.010000000000032745
22,29156,2177,0.0,3106,1254,27902,0.010000000000032419
22,29178,2177,0.0,3107,1255,27923,0.010000000000032096
9,29187,2177,0.0,3108,1256,27931,0.010000000000031777
13,29200,2177,0.0,3109,1256,27944,0.010000000000031461
6,29206,2178,1.0,3110,1256,27950,0.010000000000031147
6,29212,2179,1.0,3111,1256,27956,0.010000000000030838
6,29218,2180,1.0,3112,1256,27962,0.010000000000030531
6,29224,2181,1.0,3113,1256,27968,0.010000000000030228
6,29230,2182,1.0,3114,1256,27974,0.010000000000029926
6,29236,2183,1.0,3115,1256,27980,0.010000000000029628
6,29242,2184,1.0,3116,1256,27986,0.010000000000029334
6,29248,2185,1.0,3117,1256,27992,0.010000000000029041
6,29254,2186,1.0,3118,1256,27998,0.010000000000028753
6,29260,2187,1.0,3119,1256,28004,0.010000000000028467
6,29266,2188,1.0,3120,1256,28010,0.010000000000028184
6,29272,2189,1.0,3121,1256,28016,0.010000000000027903
6,29278,2190,1.0,3122,1256,28022,0.010000000000027626
6,29284,2191,1.0,3123,1256,28028,0.01000000000002735
13,29297,2191,0.0,3124,1257,28040,0.010000000000027078
6,29303,2192,1.0,3125,1257,28046,0.010000000000026809
6,29309,2193,1.0,3126,1257,28052,0.010000000000026541
6,29315,2194,1.0,3127,1257,28058,0.010000000000026278
6,29321,2195,1.0,3128,1257,28064,0.010000000000026016
6,29327,2196,1.0,3129,1257,28070,0.010000000000025757
6,29333,2197,1.0,3130,1257,28076,0.0100000000000255
6,29339,2198,1.0,3131,1257,28082,0.010000000000025247
6,29345,2199,1.0,3132,1257,28088,0.010000000000024996
6,29351,2200,1.0,3133,1257,28094,0.010000000000024748
6,29357,2201,1.0,3134,1257,28100,0.010000000000024501
6,29363,2202,1.0,3135,1257,28106,0.010000000000024257
6,29369,2203,1.0,3136,1257,28112,0.010000000000024016
6,29375,2204,1.0,3137,1257,28118,0.010000000000023778
6,29381,2205,1.0,3138,1257,28124,0.01000000000002354
6,29387,2206,1.0,3139,1257,28130,0.010000000000023306
6,29393,2207,1.0,3140,1257,28136,0.010000000000023075
13,29406,2207,0.0,3141,1258,28148,0.010000000000022845
13,29419,2207,0.0,3142,1259,28160,0.010000000000022618
6,29425,2208,1.0,3143,1259,28166,0.010000000000022392
6,29431,2209,1.0,3144,1259,28172,0.01000000000002217
6,29437,2210,1.0,3145,1259,28178,0.01000000000002195
6,29443,2211,1.0,3146,1259,28184,0.010000000000021731
6,29449,2212,1.0,3147,1259,28190,0.010000000000021514
6,29455,2213,1.0,3148,1259,28196,0.010000000000021301
6,29461,2214,1.0,3149,1259,28202,0.01000000000002109
6,29467,2215,1.0,3150,1259,28208,0.01000000000002088
6,29473,2216,1.0,3151,1259,28214,0.010000000000020671
6,29479,2217,1.0,3152,1259,28220,0.010000000000020465
6,29485,2218,1.0,3153,1259,28226,0.010000000000020262
6,29491,2219,1.0,3154,1259,28232,0.01000000000002006
6,29497,2220,1.0,3155,1259,28238,0.010000000000019861
9,29506,2220,0.0,3156,1260,28246,0.010000000000019663
6,29512,2221,1.0,3157,1260,28252,0.010000000000019467
6,29518,2222,1.0,3158,1260,28258,0.010000000000019273
6,29524,2223,1.0,3159,1260,28264,0.010000000000019082
6,29530,2224,1.0,3160,1260,28270,0.010000000000018891
6,29536,2225,1.0,3161,1260,28276,0.010000000000018704
6,29542,2226,1.0,3162,1260,28282,0.010000000000018518
6,29548,2227,1.0,3163,1260,28288,0.010000000000018335
6,29554,2228,1.0,3164,1260,28294,0.01000000000001815
6,29560,2229,1.0,3165,1260,28300,0.01000000000001797
6,29566,2230,1.0,3166,1260,28306,0.010000000000017792
9,29575,2230,0.0,3167,1261,28314,0.010000000000017615
6,29581,2231,1.0,3168,1261,28320,0.01000000000001744
6,29587,2232,1.0,3169,1261,28326,0.010000000000017266
6,29593,2233,1.0,3170,1261,28332,0.010000000000017094
6,29599,2234,1.0,3171,1261,28338,0.010000000000016924
6,29605,2235,1.0,3172,1261,28344,0.010000000000016756
6,29611,2236,1.0,3173,1261,28350,0.01000000000001659
6,29617,2237,1.0,3174,1261,28356,0.010000000000016425
6,29623,2238,1.0,3175,1261,28362,0.01000000000001626
6,29629,2239,1.0,3176,1261,28368,0.010000000000016098
6,29635,2240,1.0,3177,1261,28374,0.010000000000015939
6,29641,2241,1.0,3178,1261,28380,0.01000000000001578
6,29647,2242,1.0,3179,1261,28386,0.010000000000015623
6,29653,2243,1.0,3180,1261,28392,0.010000000000015467
6,29659,2244,1.0,3181,1261,28398,0.010000000000015314
6,29665,2245,1.0,3182,1261,28404,0.010000000000015162
6,29671,2246,1.0,3183,1261,28410,0.01000000000001501
6,29677,2247,1.0,3184,1261,28416,0.010000000000014862
6,29683,2248,1.0,3185,1261,28422,0.010000000000014712
6,29689,2249,1.0,3186,1261,28428,0.010000000000014567
6,29695,2250,1.0,3187,1261,28434,0.010000000000014421
6,29701,2251,1.0,3188,1261,28440,0.010000000000014279
6,29707,2252,1.0,3189,1261,28446,0.010000000000014136
6,29713,2253,1.0,3190,1261,28452,0.010000000000013996
6,29719,2254,1.0,3191,1261,28458,0.010000000000013857
6,29725,2255,1.0,3192,1261,28464,0.010000000000013718
6,29731,2256,1.0,3193,1261,28470,0.010000000000013581
6,29737,2257,1.0,3194,1261,28476,0.010000000000013446
6,29743,2258,1.0,3195,1261,28482,0.010000000000013312
6,29749,2259,1.0,3196,1261,28488,0.01000000000001318
6,29755,2260,1.0,3197,1261,28494,0.010000000000013049
6,29761,2261,1.0,3198,1261,28500,0.010000000000012919
6,29767,2262,1.0,3199,1261,28506,0.01000000000001279
6,29773,2263,1.0,3200,1262,28511,0.010000000000012664
6,29779,2264,1.0,3201,1262,28517,0.010000000000012537
6,29785,2265,1.0,3202,1262,28523,0.010000000000012412
6,29791,2266,1.0,3203,1262,28529,0.010000000000012289
6,29797,2267,1.0,3204,1262,28535,0.010000000000012168
6,29803,2268,1.0,3205,1262,28541,0.010000000000012046
6,29809,2269,1.0,3206,1262,28547,0.010000000000011926
6,29815,2270,1.0,3207,1262,28553,0.010000000000011808
6,29821,2271,1.0,3208,1262,28559,0.01000000000001169
6,29827,2272,1.0,3209,1262,28565,0.010000000000011574
6,29833,2273,1.0,3210,1262,28571,0.010000000000011458
6,29839,2274,1.0,3211,1262,28577,0.010000000000011345
6,29845,2275,1.0,3212,1262,28583,0.010000000000011233
6,29851,2276,1.0,3213,1263,28588,0.01000000000001112
6,29857,2277,1.0,3214,1263,28594,0.010000000000011009
6,29863,2278,1.0,3215,1263,28600,0.0100000000000109
6,29869,2279,1.0,3216,1263,28606,0.010000000000010792
6,29875,2280,1.0,3217,1263,28612,0.010000000000010684
6,29881,2281,1.0,3218,1263,28618,0.010000000000010577
6,29887,2282,1.0,3219,1263,28624,0.010000000000010473
6,29893,2283,1.0,3220,1264,28629,0.010000000000010369
6,29899,2284,1.0,3221,1264,28635,0.010000000000010265
6,29905,2285,1.0,3222,1264,28641,0.010000000000010162
6,29911,2286,1.0,3223,1264,28647,0.010000000000010062
6,29917,2287,1.0,3224,1264,28653,0.010000000000009961
6,29923,2288,1.0,3225,1264,28659,0.010000000000009862
6,29929,2289,1.0,3226,1264,28665,0.010000000000009765
6,29935,2290,1.0,3227,1264,28671,0.010000000000009668
6,29941,2291,1.0,3228,1264,28677,0.01000000000000957
6,29947,2292,1.0,3229,1264,28683,0.010000000000009475
6,29953,2293,1.0,3230,1264,28689,0.010000000000009382
13,29966,2293,0.0,3231,1265,28701,0.010000000000009288
6,29972,2294,1.0,3232,1265,28707,0.010000000000009196
6,29978,2295,1.0,3233,1265,28713,0.010000000000009104
6,29984,2296,1.0,3234,1265,28719,0.010000000000009014
6,29990,2297,1.0,3235,1265,28725,0.010000000000008924
6,29996,2298,1.0,3236,1265,28731,0.010000000000008835
6,30002,2299,1.0,3237,1265,28737,0.010000000000008747
6,30008,2300,1.0,3238,1265,28743,0.01000000000000866
6,30014,2301,1.0,3239,1265,28749,0.010000000000008575
6,30020,2302,1.0,3240,1265,28755,0.010000000000008488
6,30026,2303,1.0,3241,1265,28761,0.010000000000008405
6,30032,2304,1.0,3242,1265,28767,0.01000000000000832
6,30038,2305,1.0,3243,1265,28773,0.010000000000008238
6,30044,2306,1.0,3244,1265,28779,0.010000000000008155
6,30050,2307,1.0,3245,1265,28785,0.010000000000008075
6,30056,2308,1.0,3246,1265,28791,0.010000000000007994
6,30062,2309,1.0,3247,1265,28797,0.010000000000007916
6,30068,2310,1.0,3248,1265,28803,0.010000000000007836
6,30074,2311,1.0,3249,1265,28809,0.010000000000007758
6,30080,2312,1.0,3250,1265,28815,0.010000000000007682
6,30086,2313,1.0,3251,1265,28821,0.010000000000007605
6,30092,2314,1.0,3252,1265,28827,0.010000000000007529
6,30098,2315,1.0,3253,1265,28833,0.010000000000007454
6,30104,2316,1.0,3254,1265,28839,0.01000000000000738
13,30117,2316,0.0,3255,1266,28851,0.010000000000007307
9,30126,2316,0.0,3256,1266,28860,0.010000000000007234
13,30139,2316,0.0,3257,1267,28872,0.010000000000007161
2,30141,2316,0.0,3258,1267,28874,0.01000000000000709
9,30150,2316,0.0,3259,1267,28883,0.01000000000000702
9,30159,2316,0.0,3260,1267,28892,0.01000000000000695
6,30165,2317,1.0,3261,1267,28898,0.01000000000000688
6,30171,2318,1.0,3262,1267,28904,0.010000000000006812
6,30177,2319,1.0,3263,1267,28910,0.010000000000006745
6,30183,2320,1.0,3264,1267,28916,0.010000000000006677
6,30189,2321,1.0,3265,1267,28922,0.010000000000006611
6,30195,2322,1.0,3266,1267,28928,0.010000000000006545
6,30201,2323,1.0,3267,1267,28934,0.01000000000000648
6,30207,2324,1.0,3268,1267,28940,0.010000000000006415
6,30213,2325,1.0,3269,1267,28946,0.010000000000006353
6,30219,2326,1.0,3270,1267,28952,0.010000000000006289
6,30225,2327,1.0,3271,1267,28958,0.010000000000006226
6,30231,2328,1.0,3272,1267,28964,0.010000000000006164
13,30244,2328,0.0,3273,1268,28976,0.010000000000006103
18,30262,2328,0.0,3274,1268,28994,0.010000000000006042
6,30268,2329,1.0,3275,1268,29000,0.010000000000005982
6,30274,2330,1.0,3276,1268,29006,0.010000000000005923
14,30288,2330,0.0,3277,1270,29018,0.010000000000005864
2,30290,2330,0.0,3278,1270,29020,0.010000000000005805
6,30296,2331,1.0,3279,1270,29026,0.010000000000005747
6,30302,2332,1.0,3280,1270,29032,0.01000000000000569
6,30308,2333,1.0,3281,1270,29038,0.010000000000005633
6,30314,2334,1.0,3282,1270,29044,0.010000000000005577
6,30320,2335,1.0,3283,1270,29050,0.010000000000005522
9,30329,2335,0.0,3284,1271,29058,0.010000000000005466
6,30335,2336,1.0,3285,1271,29064,0.010000000000005413
6,30341,2337,1.0,3286,1271,29070,0.010000000000005359
6,30347,2338,1.0,3287,1271,29076,0.010000000000005305
6,30353,2339,1.0,3288,1271,29082,0.010000000000005253
6,30359,2340,1.0,3289,1271,29088,0.010000000000005201
6,30365,2341,1.0,3290,1271,29094,0.010000000000005149
6,30371,2342,1.0,3291,1271,29100,0.010000000000005097
6,30377,2343,1.0,3292,1271,29106,0.010000000000005047
6,30383,2344,1.0,3293,1271,29112,0.010000000000004996
6,30389,2345,1.0,3294,1271,29118,0.010000000000004948
6,30395,2346,1.0,3295,1271,29124,0.010000000000004897
6,30401,2347,1.0,3296,1271,29130,0.010000000000004849
6,30407,2348,1.0,3297,1271,29136,0.0100000000000048
6,30413,2349,1.0,3298,1271,29142,0.010000000000004753
6,30419,2350,1.0,3299,1271,29148,0.010000000000004707
6,30425,2351,1.0,3300,1271,29154,0.01000000000000466
6,30431,2352,1.0,3301,1271,29160,0.010000000000004613
6,30437,2353,1.0,3302,1271,29166,0.010000000000004566
6,30443,2354,1.0,3303,1271,29172,0.010000000000004521
6,30449,2355,1.0,3304,1271,29178,0.010000000000004476
6,30455,2356,1.0,3305,1271,29184,0.010000000000004432
6,30461,2357,1.0,3306,1271,29190,0.010000000000004387
6,30467,2358,1.0,3307,1271,29196,0.010000000000004344
6,30473,2359,1.0,3308,1271,29202,0.0100000000000043
6,30479,2360,1.0,3309,1271,29208,0.010000000000004257
6,30485,2361,1.0,3310,1271,29214,0.010000000000004216
6,30491,2362,1.0,3311,1271,29220,0.010000000000004174
6,30497,2363,1.0,3312,1271,29226,0.010000000000004132
6,30503,2364,1.0,3313,1271,29232,0.01000000000000409
6,30509,2365,1.0,3314,1271,29238,0.01000000000000405
6,30515,2366,1.0,3315,1271,29244,0.01000000000000401
6,30521,2367,1.0,3316,1271,29250,0.01000000000000397
6,30527,2368,1.0,3317,1271,29256,0.010000000000003931
6,30533,2369,1.0,3318,1271,29262,0.010000000000003891
6,30539,2370,1.0,3319,1271,29268,0.010000000000003853
6,30545,2371,1.0,3320,1271,29274,0.010000000000003815
6,30551,2372,1.0,3321,1271,29280,0.010000000000003777
6,30557,2373,1.0,3322,1271,29286,0.010000000000003739
6,30563,2374,1.0,3323,1271,29292,0.010000000000003702
6,30569,2375,1.0,3324,1271,29298,0.010000000000003666
6,30575,2376,1.0,3325,1271,29304,0.010000000000003628
6,30581,2377,1.0,3326,1271,29310,0.010000000000003593
6,30587,2378,1.0,3327,1271,29316,0.010000000000003556
6,30593,2379,1.0,3328,1271,29322,0.010000000000003522
6,30599,2380,1.0,3329,1271,29328,0.010000000000003485
6,30605,2381,1.0,3330,1271,29334,0.01000000000000345
9,30614,2381,0.0,3331,1272,29342,0.010000000000003418
14,30628,2381,0.0,3332,1272,29356,0.010000000000003383
14,30642,2381,0.0,3333,1272,29370,0.01000000000000335
13,30655,2381,0.0,3334,1272,29383,0.010000000000003315
6,30661,2381,0.0,3335,1272,29389,0.010000000000003282
2,30663,2381,0.0,3336,1272,29391,0.010000000000003251
2,30665,2381,0.0,3337,1272,29393,0.010000000000003218
11,30676,2381,0.0,3338,1273,29403,0.010000000000003187
2,30678,2381,0.0,3339,1273,29405,0.010000000000003154
2,30680,2381,0.0,3340,1273,29407,0.010000000000003123
2,30682,2381,0.0,3341,1273,29409,0.010000000000003091
6,30688,2382,1.0,3342,1273,29415,0.010000000000003062
6,30694,2383,1.0,3343,1273,29421,0.01000000000000303
6,30700,2384,1.0,3344,1273,29427,0.010000000000003001
6,30706,2385,1.0,3345,1273,29433,0.01000000000000297
6,30712,2386,1.0,3346,1273,29439,0.01000000000000294
6,30718,2387,1.0,3347,1273,29445,0.010000000000002911
6,30724,2388,1.0,3348,1273,29451,0.010000000000002883
6,30730,2389,1.0,3349,1273,29457,0.010000000000002854
6,30736,2390,1.0,3350,1273,29463,0.010000000000002826
6,30742,2391,1.0,3351,1273,29469,0.010000000000002798
6,30748,2392,1.0,3352,1273,29475,0.01000000000000277
6,30754,2393,1.0,3353,1273,29481,0.010000000000002743
6,30760,2394,1.0,3354,1273,29487,0.010000000000002715
6,30766,2395,1.0,3355,1273,29493,0.010000000000002687
6,30772,2396,1.0,3356,1273,29499,0.010000000000002661
6,30778,2397,1.0,3357,1273,29505,0.010000000000002635
6,30784,2398,1.0,3358,1273,29511,0.01000000000000261
6,30790,2399,1.0,3359,1273,29517,0.010000000000002583
6,30796,2400,1.0,3360,1273,29523,0.010000000000002557
6,30802,2401,1.0,3361,1273,29529,0.010000000000002531
6,30808,2402,1.0,3362,1273,29535,0.010000000000002507
6,30814,2403,1.0,3363,1273,29541,0.01000000000000248
6,30820,2404,1.0,3364,1273,29547,0.010000000000002457
6,30826,2405,1.0,3365,1273,29553,0.010000000000002432
6,30832,2406,1.0,3366,1273,29559,0.010000000000002408
6,30838,2407,1.0,3367,1273,29565,0.010000000000002384
6,30844,2408,1.0,3368,1273,29571,0.010000000000002361
6,30850,2409,1.0,3369,1273,29577,0.010000000000002337
6,30856,2410,1.0,3370,1273,29583,0.010000000000002314
6,30862,2411,1.0,3371,1273,29589,0.01000000000000229
6,30868,2412,1.0,3372,1273,29595,0.010000000000002267
6,30874,2413,1.0,3373,1273,29601,0.010000000000002245
6,30880,2414,1.0,3374,1273,29607,0.010000000000002222
6,30886,2415,1.0,3375,1273,29613,0.010000000000002202
6,30892,2416,1.0,3376,1273,29619,0.010000000000002179
6,30898,2417,1.0,3377,1273,29625,0.010000000000002156
6,30904,2418,1.0,3378,1273,29631,0.010000000000002136
6,30910,2419,1.0,3379,1273,29637,0.010000000000002115
6,30916,2420,1.0,3380,1273,29643,0.010000000000002094
6,30922,2421,1.0,3381,1273,29649,0.010000000000002073
6,30928,2422,1.0,3382,1273,29655,0.010000000000002052
13,30941,2423,1.0,3383,1274,29667,0.010000000000002032
13,30954,2423,0.0,3384,1274,29680,0.01000000000000201
9,30963,2423,0.0,3385,1274,29689,0.010000000000001992
15,30978,2423,0.0,3386,1274,29704,0.01000000000000197
16,30994,2424,1.0,3387,1275,29719,0.010000000000001952
6,31000,2425,1.0,3388,1275,29725,0.010000000000001933
6,31006,2426,1.0,3389,1275,29731,0.010000000000001914
6,31012,2427,1.0,3390,1275,29737,0.010000000000001895
6,31018,2428,1.0,3391,1275,29743,0.010000000000001875
6,31024,2429,1.0,3392,1275,29749,0.010000000000001856
6,31030,2430,1.0,3393,1275,29755,0.010000000000001839
5,31035,2430,0.0,3394,1276,29759,0.01000000000000182
6,31041,2431,1.0,3395,1276,29765,0.010000000000001803
6,31047,2432,1.0,3396,1276,29771,0.010000000000001784
6,31053,2433,1.0,3397,1276,29777,0.010000000000001766
6,31059,2434,1.0,3398,1276,29783,0.010000000000001749
6,31065,2435,1.0,3399,1276,29789,0.010000000000001731
6,31071,2436,1.0,3400,1276,29795,0.010000000000001714
6,31077,2437,1.0,3401,1276,29801,0.010000000000001697
6,31083,2438,1.0,3402,1276,29807,0.01000000000000168
6,31089,2439,1.0,3403,1276,29813,0.010000000000001664
6,31095,2440,1.0,3404,1276,29819,0.010000000000001646
6,31101,2441,1.0,3405,1276,29825,0.01000000000000163
6,31107,2442,1.0,3406,1276,29831,0.010000000000001614
6,31113,2443,1.0,3407,1276,29837,0.010000000000001598
6,31119,2444,1.0,3408,1276,29843,0.010000000000001582
6,31125,2445,1.0,3409,1276,29849,0.010000000000001567
6,31131,2446,1.0,3410,1276,29855,0.010000000000001551
6,31137,2447,1.0,3411,1276,29861,0.010000000000001535
6,31143,2448,1.0,3412,1276,29867,0.01000000000000152
6,31149,2449,1.0,3413,1276,29873,0.010000000000001506
6,31155,2450,1.0,3414,1276,29879,0.01000000000000149
6,31161,2451,1.0,3415,1276,29885,0.010000000000001475
6,31167,2452,1.0,3416,1276,29891,0.01000000000000146
6,31173,2453,1.0,3417,1276,29897,0.010000000000001445
6,31179,2454,1.0,3418,1276,29903,0.010000000000001431
6,31185,2455,1.0,3419,1276,29909,0.010000000000001417
6,31191,2456,1.0,3420,1276,29915,0.010000000000001404
6,31197,2457,1.0,3421,1276,29921,0.01000000000000139
6,31203,2458,1.0,3422,1276,29927,0.010000000000001376
6,31209,2459,1.0,3423,1276,29933,0.010000000000001362
6,31215,2460,1.0,3424,1276,29939,0.010000000000001348
6,31221,2461,1.0,3425,1276,29945,0.010000000000001334
6,31227,2462,1.0,3426,1276,29951,0.010000000000001322
6,31233,2463,1.0,3427,1276,29957,0.010000000000001308
6,31239,2464,1.0,3428,1276,29963,0.010000000000001296
6,31245,2465,1.0,3429,1276,29969,0.010000000000001282
6,31251,2466,1.0,3430,1276,29975,0.01000000000000127
6,31257,2467,1.0,3431,1276,29981,0.010000000000001258
6,31263,2468,1.0,3432,1276,29987,0.010000000000001244
6,31269,2469,1.0,3433,1276,29993,0.010000000000001232
6,31275,2470,1.0,3434,1276,29999,0.01000000000000122
6,31281,2471,1.0,3435,1276,30005,0.010000000000001208
6,31287,2472,1.0,3436,1276,30011,0.010000000000001195
6,31293,2473,1.0,3437,1276,30017,0.010000000000001183
6,31299,2474,1.0,3438,1276,30023,0.010000000000001173
6,31305,2475,1.0,3439,1276,30029,0.01000000000000116
6,31311,2476,1.0,3440,1276,30035,0.010000000000001149
6,31317,2477,1.0,3441,1276,30041,0.010000000000001138
6,31323,2478,1.0,3442,1276,30047,0.010000000000001126
6,31329,2479,1.0,3443,1276,30053,0.010000000000001116
6,31335,2480,1.0,3444,1276,30059,0.010000000000001103
6,31341,2481,1.0,3445,1276,30065,0.010000000000001093
6,31347,2482,1.0,3446,1276,30071,0.010000000000001083
6,31353,2483,1.0,3447,1276,30077,0.01000000000000107
6,31359,2484,1.0,3448,1276,30083,0.01000000000000106
6,31365,2485,1.0,3449,1276,30089,0.01000000000000105
6,31371,2486,1.0,3450,1276,30095,0.01000000000000104
6,31377,2487,1.0,3451,1276,30101,0.010000000000001029
6,31383,2488,1.0,3452,1276,30107,0.010000000000001018
6,31389,2489,1.0,3453,1276,30113,0.01000000000000101
6,31395,2490,1.0,3454,1276,30119,0.010000000000001
6,31401,2491,1.0,3455,1276,30125,0.010000000000000989
6,31407,2492,1.0,3456,1276,30131,0.010000000000000979
6,31413,2493,1.0,3457,1276,30137,0.01000000000000097
6,31419,2494,1.0,3458,1276,30143,0.01000000000000096
6,31425,2495,1.0,3459,1276,30149,0.01000000000000095
6,31431,2496,1.0,3460,1276,30155,0.01000000000000094
6,31437,2497,1.0,3461,1276,30161,0.010000000000000932
6,31443,2498,1.0,3462,1276,30167,0.010000000000000921
6,31449,2499,1.0,3463,1277,30172,0.010000000000000913
6,31455,2500,1.0,3464,1277,30178,0.010000000000000904
9,31464,2500,0.0,3465,1278,30186,0.010000000000000895
14,31478,2500,0.0,3466,1278,30200,0.010000000000000887
14,31492,2500,0.0,3467,1278,30214,0.010000000000000878
13,31505,2500,0.0,3468,1278,30227,0.01000000000000087
13,31518,2500,0.0,3469,1279,30239,0.01000000000000086
48,31566,2500,0.0,3470,1279,30287,0.010000000000000852
22,31588,2500,0.0,3471,1279,30309,0.010000000000000843
22,31610,2500,0.0,3472,1279,30331,0.010000000000000835
24,31634,2500,0.0,3473,1279,30355,0.010000000000000826
28,31662,2500,0.0,3474,1279,30383,0.010000000000000817
58,31720,2500,0.0,3475,1279,30441,0.01000000000000081
25,31745,2500,0.0,3476,1279,30466,0.010000000000000802
18,31763,2500,0.0,3477,1279,30484,0.010000000000000793
2,31765,2500,0.0,3478,1279,30486,0.010000000000000786
2,31767,2500,0.0,3479,1279,30488,0.010000000000000777
27,31794,2501,1.0,3480,1279,30515,0.01000000000000077
2,31796,2501,0.0,3481,1279,30517,0.010000000000000762
2,31798,2501,0.0,3482,1279,30519,0.010000000000000755
2,31800,2501,0.0,3483,1279,30521,0.010000000000000748
13,31813,2502,1.0,3484,1279,30534,0.010000000000000741
6,31819,2502,0.0,3485,1279,30540,0.010000000000000732
6,31825,2502,0.0,3486,1279,30546,0.010000000000000725
6,31831,2502,0.0,3487,1279,30552,0.010000000000000718
6,31837,2502,0.0,3488,1279,30558,0.010000000000000711
6,31843,2502,0.0,3489,1279,30564,0.010000000000000705
9,31852,2502,0.0,3490,1280,30572,0.010000000000000698
9,31861,2502,0.0,3491,1280,30581,0.01000000000000069
6,31867,2502,0.0,3492,1280,30587,0.010000000000000684
13,31880,2502,0.0,3493,1280,30600,0.010000000000000677
14,31894,2502,0.0,3494,1280,30614,0.01000000000000067
11,31905,2502,0.0,3495,1280,30625,0.010000000000000663
14,31919,2502,0.0,3496,1280,30639,0.010000000000000656
9,31928,2502,0.0,3497,1281,30647,0.01000000000000065
14,31942,2502,0.0,3498,1281,30661,0.010000000000000644
25,31967,2502,0.0,3499,1281,30686,0.010000000000000637
17,31984,2502,0.0,3500,1281,30703,0.01000000000000063
18,32002,2502,0.0,3501,1281,30721,0.010000000000000625
23,32025,2502,0.0,3502,1281,30744,0.010000000000000618
10,32035,2503,1.0,3503,1281,30754,0.010000000000000613
6,32041,2504,1.0,3504,1281,30760,0.010000000000000606
6,32047,2505,1.0,3505,1281,30766,0.0100000000000006
6,32053,2506,1.0,3506,1281,30772,0.010000000000000593
6,32059,2507,1.0,3507,1281,30778,0.010000000000000588
6,32065,2508,1.0,3508,1281,30784,0.010000000000000583
6,32071,2509,1.0,3509,1281,30790,0.010000000000000576
6,32077,2510,1.0,3510,1281,30796,0.010000000000000571
6,32083,2511,1.0,3511,1281,30802,0.010000000000000566
6,32089,2512,1.0,3512,1281,30808,0.010000000000000559
12,32101,2512,0.0,3513,1283,30818,0.010000000000000554
6,32107,2513,1.0,3514,1283,30824,0.010000000000000548
6,32113,2514,1.0,3515,1283,30830,0.010000000000000543
6,32119,2515,1.0,3516,1283,30836,0.010000000000000538
9,32128,2515,0.0,3517,1284,30844,0.010000000000000533
14,32142,2515,0.0,3518,1285,30857,0.010000000000000528
22,32164,2515,0.0,3519,1287,30877,0.010000000000000522
22,32186,2515,0.0,3520,1287,30899,0.010000000000000517
28,32214,2515,0.0,3521,1287,30927,0.010000000000000512
48,32262,2515,0.0,3522,1287,30975,0.010000000000000507
22,32284,2515,0.0,3523,1287,30997,0.010000000000000502
15,32299,2515,0.0,3524,1287,31012,0.010000000000000496
22,32321,2515,0.0,3525,1287,31034,0.010000000000000491
22,32343,2515,0.0,3526,1287,31056,0.010000000000000486
14,32357,2515,0.0,3527,1287,31070,0.01000000000000048
27,32384,2515,0.0,3528,1288,31096,0.010000000000000477
19,32403,2515,0.0,3529,1289,31114,0.010000000000000472
16,32419,2516,1.0,3530,1289,31130,0.010000000000000467
6,32425,2517,1.0,3531,1289,31136,0.010000000000000463
6,32431,2518,1.0,3532,1289,31142,0.010000000000000458
6,32437,2519,1.0,3533,1289,31148,0.010000000000000453
6,32443,2520,1.0,3534,1289,31154,0.01000000000000045
6,32449,2521,1.0,3535,1289,31160,0.010000000000000444
6,32455,2522,1.0,3536,1289,31166,0.01000000000000044
6,32461,2523,1.0,3537,1289,31172,0.010000000000000436
6,32467,2524,1.0,3538,1289,31178,0.010000000000000432
6,32473,2525,1.0,3539,1289,31184,0.010000000000000427
6,32479,2526,1.0,3540,1289,31190,0.010000000000000423
6,32485,2527,1.0,3541,1289,31196,0.010000000000000418
6,32491,2528,1.0,3542,1289,31202,0.010000000000000415
6,32497,2529,1.0,3543,1289,31208,0.01000000000000041
6,32503,2530,1.0,3544,1289,31214,0.010000000000000406
6,32509,2531,1.0,3545,1289,31220,0.010000000000000403
6,32515,2532,1.0,3546,1289,31226,0.010000000000000397
6,32521,2533,1.0,3547,1289,31232,0.010000000000000394
6,32527,2534,1.0,3548,1289,31238,0.01000000000000039
6,32533,2535,1.0,3549,1289,31244,0.010000000000000387
13,32546,2535,0.0,3550,1290,31256,0.010000000000000382
6,32552,2536,1.0,3551,1290,31262,0.010000000000000378
6,32558,2537,1.0,3552,1290,31268,0.010000000000000375
6,32564,2538,1.0,3553,1290,31274,0.010000000000000371
6,32570,2539,1.0,3554,1290,31280,0.010000000000000368
6,32576,2540,1.0,3555,1290,31286,0.010000000000000365
6,32582,2541,1.0,3556,1290,31292,0.010000000000000361
6,32588,2542,1.0,3557,1290,31298,0.010000000000000358
6,32594,2543,1.0,3558,1290,31304,0.010000000000000352
6,32600,2544,1.0,3559,1290,31310,0.010000000000000349
6,32606,2545,1.0,3560,1290,31316,0.010000000000000345
6,32612,2546,1.0,3561,1290,31322,0.010000000000000342
6,32618,2547,1.0,3562,1290,31328,0.01000000000000034
6,32624,2548,1.0,3563,1290,31334,0.010000000000000337
6,32630,2549,1.0,3564,1290,31340,0.010000000000000333
6,32636,2550,1.0,3565,1290,31346,0.01000000000000033
6,32642,2551,1.0,3566,1290,31352,0.010000000000000326
6,32648,2552,1.0,3567,1290,31358,0.010000000000000323
8,32656,2552,0.0,3568,1291,31365,0.01000000000000032
6,32662,2553,1.0,3569,1291,31371,0.010000000000000316
8,32670,2553,0.0,3570,1292,31378,0.010000000000000312
6,32676,2554,1.0,3571,1292,31384,0.01000000000000031
6,32682,2555,1.0,3572,1292,31390,0.010000000000000307
6,32688,2556,1.0,3573,1292,31396,0.010000000000000304
6,32694,2557,1.0,3574,1292,31402,0.0100000000000003
6,32700,2558,1.0,3575,1292,31408,0.010000000000000299
6,32706,2559,1.0,3576,1292,31414,0.010000000000000295
6,32712,2560,1.0,3577,1292,31420,0.010000000000000292
6,32718,2561,1.0,3578,1292,31426,0.01000000000000029
6,32724,2562,1.0,3579,1292,31432,0.010000000000000286
6,32730,2563,1.0,3580,1292,31438,0.010000000000000283
6,32736,2564,1.0,3581,1292,31444,0.010000000000000281
6,32742,2565,1.0,3582,1292,31450,0.010000000000000278
6,32748,2566,1.0,3583,1292,31456,0.010000000000000274
6,32754,2567,1.0,3584,1292,31462,0.010000000000000273
6,32760,2568,1.0,3585,1292,31468,0.010000000000000269
6,32766,2569,1.0,3586,1292,31474,0.010000000000000267
6,32772,2570,1.0,3587,1292,31480,0.010000000000000264
6,32778,2571,1.0,3588,1292,31486,0.010000000000000262
6,32784,2572,1.0,3589,1292,31492,0.010000000000000259
6,32790,2573,1.0,3590,1292,31498,0.010000000000000257
6,32796,2574,1.0,3591,1292,31504,0.010000000000000253
6,32802,2575,1.0,3592,1292,31510,0.010000000000000252
6,32808,2576,1.0,3593,1292,31516,0.010000000000000248
6,32814,2577,1.0,3594,1292,31522,0.010000000000000247
6,32820,2578,1.0,3595,1292,31528,0.010000000000000245
6,32826,2579,1.0,3596,1292,31534,0.010000000000000241
6,32832,2580,1.0,3597,1292,31540,0.01000000000000024
6,32838,2581,1.0,3598,1292,31546,0.010000000000000236
6,32844,2582,1.0,3599,1292,31552,0.010000000000000234
6,32850,2583,1.0,3600,1292,31558,0.010000000000000233
6,32856,2584,1.0,3601,1292,31564,0.01000000000000023
6,32862,2585,1.0,3602,1292,31570,0.010000000000000227
6,32868,2586,1.0,3603,1292,31576,0.010000000000000226
6,32874,2587,1.0,3604,1292,31582,0.010000000000000222
6,32880,2588,1.0,3605,1292,31588,0.01000000000000022
6,32886,2589,1.0,3606,1292,31594,0.010000000000000219
6,32892,2590,1.0,3607,1292,31600,0.010000000000000217
6,32898,2591,1.0,3608,1292,31606,0.010000000000000214
6,32904,2592,1.0,3609,1292,31612,0.010000000000000212
6,32910,2593,1.0,3610,1292,31618,0.01000000000000021
6,32916,2594,1.0,3611,1292,31624,0.010000000000000208
6,32922,2595,1.0,3612,1292,31630,0.010000000000000207
6,32928,2596,1.0,3613,1292,31636,0.010000000000000203
6,32934,2597,1.0,3614,1292,31642,0.010000000000000201
6,32940,2598,1.0,3615,1292,31648,0.0100000000000002
6,32946,2599,1.0,3616,1292,31654,0.010000000000000198
6,32952,2600,1.0,3617,1292,31660,0.010000000000000196
6,32958,2601,1.0,3618,1292,31666,0.010000000000000194
6,32964,2602,1.0,3619,1292,31672,0.010000000000000193
6,32970,2603,1.0,3620,1292,31678,0.01000000000000019
6,32976,2604,1.0,3621,1292,31684,0.010000000000000188
6,32982,2605,1.0,3622,1292,31690,0.010000000000000186
6,32988,2606,1.0,3623,1292,31696,0.010000000000000184
6,32994,2607,1.0,3624,1292,31702,0.010000000000000182
6,33000,2608,1.0,3625,1292,31708,0.01000000000000018
6,33006,2609,1.0,3626,1292,31714,0.010000000000000179
6,33012,2610,1.0,3627,1292,31720,0.010000000000000177
6,33018,2611,1.0,3628,1292,31726,0.010000000000000175
6,33024,2612,1.0,3629,1292,31732,0.010000000000000174
8,33032,2612,0.0,3630,1293,31739,0.010000000000000172
2,33034,2612,0.0,3631,1294,31740,0.01000000000000017
6,33040,2613,1.0,3632,1294,31746,0.010000000000000168
6,33046,2614,1.0,3633,1294,31752,0.010000000000000167
6,33052,2615,1.0,3634,1294,31758,0.010000000000000165
6,33058,2616,1.0,3635,1294,31764,0.010000000000000163
6,33064,2617,1.0,3636,1294,31770,0.010000000000000162
6,33070,2618,1.0,3637,1294,31776,0.01000000000000016
6,33076,2619,1.0,3638,1294,31782,0.010000000000000158
6,33082,2620,1.0,3639,1294,31788,0.010000000000000158
6,33088,2621,1.0,3640,1294,31794,0.010000000000000156
6,33094,2622,1.0,3641,1294,31800,0.010000000000000155
6,33100,2623,1.0,3642,1294,31806,0.010000000000000153
6,33106,2624,1.0,3643,1294,31812,0.010000000000000151
6,33112,2625,1.0,3644,1294,31818,0.01000000000000015
6,33118,2626,1.0,3645,1294,31824,0.010000000000000148
6,33124,2627,1.0,3646,1294,31830,0.010000000000000146
6,33130,2628,1.0,3647,1294,31836,0.010000000000000146
6,33136,2629,1.0,3648,1294,31842,0.010000000000000144
6,33142,2630,1.0,3649,1294,31848,0.010000000000000142
6,33148,2631,1.0,3650,1294,31854,0.01000000000000014
6,33154,2632,1.0,3651,1294,31860,0.010000000000000139
6,33160,2633,1.0,3652,1294,31866,0.010000000000000137
6,33166,2634,1.0,3653,1294,31872,0.010000000000000137
6,33172,2635,1.0,3654,1294,31878,0.010000000000000136
6,33178,2636,1.0,3655,1294,31884,0.010000000000000134
6,33184,2637,1.0,3656,1294,31890,0.010000000000000132
6,33190,2638,1.0,3657,1294,31896,0.010000000000000132
6,33196,2639,1.0,3658,1294,31902,0.01000000000000013
6,33202,2640,1.0,3659,1294,31908,0.010000000000000129
6,33208,2641,1.0,3660,1294,31914,0.010000000000000127
6,33214,2642,1.0,3661,1294,31920,0.010000000000000127
6,33220,2643,1.0,3662,1294,31926,0.010000000000000125
6,33226,2644,1.0,3663,1294,31932,0.010000000000000123
6,33232,2645,1.0,3664,1294,31938,0.010000000000000123
5,33237,2645,0.0,3665,1295,31942,0.010000000000000122
6,33243,2646,1.0,3666,1295,31948,0.01000000000000012
9,33252,2646,0.0,3667,1297,31955,0.010000000000000118
6,33258,2647,1.0,3668,1297,31961,0.010000000000000118
6,33264,2648,1.0,3669,1297,31967,0.010000000000000116
6,33270,2649,1.0,3670,1297,31973,0.010000000000000115
6,33276,2650,1.0,3671,1297,31979,0.010000000000000115
6,33282,2651,1.0,3672,1297,31985,0.010000000000000113
6,33288,2652,1.0,3673,1297,31991,0.010000000000000111
6,33294,2653,1.0,3674,1297,31997,0.010000000000000111
6,33300,2654,1.0,3675,1297,32003,0.01000000000000011
6,33306,2655,1.0,3676,1297,32009,0.01000000000000011
6,33312,2656,1.0,3677,1297,32015,0.010000000000000108
6,33318,2657,1.0,3678,1297,32021,0.010000000000000106
6,33324,2658,1.0,3679,1297,32027,0.010000000000000106
6,33330,2659,1.0,3680,1297,32033,0.010000000000000104
6,33336,2660,1.0,3681,1297,32039,0.010000000000000103
6,33342,2661,1.0,3682,1297,32045,0.010000000000000103
6,33348,2662,1.0,3683,1297,32051,0.0100000000000001
6,33354,2663,1.0,3684,1297,32057,0.0100000000000001
6,33360,2664,1.0,3685,1297,32063,0.010000000000000099
6,33366,2665,1.0,3686,1297,32069,0.010000000000000099
6,33372,2666,1.0,3687,1297,32075,0.010000000000000097
6,33378,2667,1.0,3688,1297,32081,0.010000000000000096
6,33384,2668,1.0,3689,1297,32087,0.010000000000000096
6,33390,2669,1.0,3690,1297,32093,0.010000000000000094
6,33396,2670,1.0,3691,1297,32099,0.010000000000000094
6,33402,2671,1.0,3692,1297,32105,0.010000000000000092
6,33408,2672,1.0,3693,1297,32111,0.010000000000000092
6,33414,2673,1.0,3694,1297,32117,0.01000000000000009
6,33420,2674,1.0,3695,1297,32123,0.01000000000000009
6,33426,2675,1.0,3696,1297,32129,0.010000000000000089
6,33432,2676,1.0,3697,1297,32135,0.010000000000000089
6,33438,2677,1.0,3698,1297,32141,0.010000000000000087
6,33444,2678,1.0,3699,1297,32147,0.010000000000000087
6,33450,2679,1.0,3700,1297,32153,0.010000000000000085
6,33456,2680,1.0,3701,1297,32159,0.010000000000000085
6,33462,2681,1.0,3702,1297,32165,0.010000000000000083
6,33468,2682,1.0,3703,1297,32171,0.010000000000000083
6,33474,2683,1.0,3704,1297,32177,0.010000000000000082
6,33480,2684,1.0,3705,1297,32183,0.010000000000000082
6,33486,2685,1.0,3706,1297,32189,0.01000000000000008
6,33492,2686,1.0,3707,1297,32195,0.01000000000000008
6,33498,2687,1.0,3708,1297,32201,0.010000000000000078
6,33504,2688,1.0,3709,1297,32207,0.010000000000000078
6,33510,2689,1.0,3710,1297,32213,0.010000000000000078
6,33516,2690,1.0,3711,1297,32219,0.010000000000000077
6,33522,2691,1.0,3712,1297,32225,0.010000000000000077
6,33528,2692,1.0,3713,1297,32231,0.010000000000000075
6,33534,2693,1.0,3714,1297,32237,0.010000000000000075
6,33540,2694,1.0,3715,1297,32243,0.010000000000000073
6,33546,2695,1.0,3716,1297,32249,0.010000000000000073
6,33552,2696,1.0,3717,1297,32255,0.010000000000000071
6,33558,2697,1.0,3718,1297,32261,0.010000000000000071
6,33564,2698,1.0,3719,1297,32267,0.010000000000000071
6,33570,2699,1.0,3720,1297,32273,0.01000000000000007
16,33586,2700,1.0,3721,1298,32288,0.01000000000000007
6,33592,2701,1.0,3722,1298,32294,0.010000000000000068
6,33598,2702,1.0,3723,1298,32300,0.010000000000000068
6,33604,2703,1.0,3724,1298,32306,0.010000000000000068
6,33610,2704,1.0,3725,1298,32312,0.010000000000000066
6,33616,2705,1.0,3726,1298,32318,0.010000000000000066
6,33622,2706,1.0,3727,1298,32324,0.010000000000000066
6,33628,2707,1.0,3728,1298,32330,0.010000000000000064
9,33637,2707,0.0,3729,1299,32338,0.010000000000000064
18,33655,2707,0.0,3730,1299,32356,0.010000000000000063
9,33664,2707,0.0,3731,1299,32365,0.010000000000000063
8,33672,2707,0.0,3732,1300,32372,0.010000000000000063
10,33682,2707,0.0,3733,1300,32382,0.010000000000000061
15,33697,2707,0.0,3734,1300,32397,0.010000000000000061
22,33719,2707,0.0,3735,1300,32419,0.010000000000000061
6,33725,2708,1.0,3736,1300,32425,0.01000000000000006
6,33731,2709,1.0,3737,1301,32430,0.01000000000000006
6,33737,2710,1.0,3738,1301,32436,0.01000000000000006
6,33743,2711,1.0,3739,1301,32442,0.010000000000000057
6,33749,2712,1.0,3740,1301,32448,0.010000000000000057
6,33755,2713,1.0,3741,1301,32454,0.010000000000000057
6,33761,2714,1.0,3742,1301,32460,0.010000000000000056
16,33777,2715,1.0,3743,1302,32475,0.010000000000000056
6,33783,2716,1.0,3744,1302,32481,0.010000000000000056
6,33789,2717,1.0,3745,1302,32487,0.010000000000000054
6,33795,2718,1.0,3746,1302,32493,0.010000000000000054
6,33801,2719,1.0,3747,1302,32499,0.010000000000000054
6,33807,2720,1.0,3748,1302,32505,0.010000000000000052
6,33813,2721,1.0,3749,1302,32511,0.010000000000000052
6,33819,2722,1.0,3750,1302,32517,0.010000000000000052
6,33825,2723,1.0,3751,1302,32523,0.010000000000000052
6,33831,2724,1.0,3752,1302,32529,0.01000000000000005
6,33837,2725,1.0,3753,1302,32535,0.01000000000000005
6,33843,2726,1.0,3754,1302,32541,0.01000000000000005
6,33849,2727,1.0,3755,1302,32547,0.010000000000000049
6,33855,2728,1.0,3756,1302,32553,0.010000000000000049
6,33861,2729,1.0,3757,1302,32559,0.010000000000000049
6,33867,2730,1.0,3758,1302,32565,0.010000000000000049
6,33873,2731,1.0,3759,1302,32571,0.010000000000000047
6,33879,2732,1.0,3760,1302,32577,0.010000000000000047
6,33885,2733,1.0,3761,1302,32583,0.010000000000000047
6,33891,2734,1.0,3762,1302,32589,0.010000000000000045
6,33897,2735,1.0,3763,1302,32595,0.010000000000000045
6,33903,2736,1.0,3764,1302,32601,0.010000000000000045
6,33909,2737,1.0,3765,1302,32607,0.010000000000000045
6,33915,2738,1.0,3766,1302,32613,0.010000000000000044
6,33921,2739,1.0,3767,1302,32619,0.010000000000000044
6,33927,2740,1.0,3768,1302,32625,0.010000000000000044
6,33933,2741,1.0,3769,1302,32631,0.010000000000000044
8,33941,2741,0.0,3770,1303,32638,0.010000000000000042
6,33947,2742,1.0,3771,1303,32644,0.010000000000000042
6,33953,2743,1.0,3772,1303,32650,0.010000000000000042
6,33959,2744,1.0,3773,1303,32656,0.010000000000000042
6,33965,2745,1.0,3774,1303,32662,0.01000000000000004
6,33971,2746,1.0,3775,1303,32668,0.01000000000000004
6,33977,2747,1.0,3776,1303,32674,0.01000000000000004
6,33983,2748,1.0,3777,1303,32680,0.01000000000000004
6,33989,2749,1.0,3778,1303,32686,0.01000000000000004
6,33995,2750,1.0,3779,1303,32692,0.010000000000000038
6,34001,2751,1.0,3780,1303,32698,0.010000000000000038
6,34007,2752,1.0,3781,1303,32704,0.010000000000000038
6,34013,2753,1.0,3782,1303,32710,0.010000000000000038
6,34019,2754,1.0,3783,1303,32716,0.010000000000000037
6,34025,2755,1.0,3784,1303,32722,0.010000000000000037
6,34031,2756,1.0,3785,1303,32728,0.010000000000000037
6,34037,2757,1.0,3786,1303,32734,0.010000000000000037
6,34043,2758,1.0,3787,1303,32740,0.010000000000000037
6,34049,2759,1.0,3788,1304,32745,0.010000000000000035
6,34055,2760,1.0,3789,1304,32751,0.010000000000000035
6,34061,2761,1.0,3790,1304,32757,0.010000000000000035
6,34067,2762,1.0,3791,1304,32763,0.010000000000000035
6,34073,2763,1.0,3792,1304,32769,0.010000000000000035
6,34079,2764,1.0,3793,1304,32775,0.010000000000000033
6,34085,2765,1.0,3794,1304,32781,0.010000000000000033
6,34091,2766,1.0,3795,1304,32787,0.010000000000000033
6,34097,2767,1.0,3796,1304,32793,0.010000000000000033
6,34103,2768,1.0,3797,1304,32799,0.010000000000000033
6,34109,2769,1.0,3798,1304,32805,0.010000000000000031
6,34115,2770,1.0,3799,1304,32811,0.010000000000000031
6,34121,2771,1.0,3800,1304,32817,0.010000000000000031
6,34127,2772,1.0,3801,1304,32823,0.010000000000000031
6,34133,2773,1.0,3802,1304,32829,0.010000000000000031
6,34139,2774,1.0,3803,1304,32835,0.010000000000000031
6,34145,2775,1.0,3804,1304,32841,0.01000000000000003
8,34153,2775,0.0,3805,1305,32848,0.01000000000000003
6,34159,2776,1.0,3806,1305,32854,0.01000000000000003
6,34165,2777,1.0,3807,1305,32860,0.01000000000000003
6,34171,2778,1.0,3808,1305,32866,0.01000000000000003
6,34177,2779,1.0,3809,1305,32872,0.01000000000000003
6,34183,2780,1.0,3810,1305,32878,0.010000000000000028
6,34189,2781,1.0,3811,1305,32884,0.010000000000000028
6,34195,2782,1.0,3812,1305,32890,0.010000000000000028
6,34201,2783,1.0,3813,1305,32896,0.010000000000000028
6,34207,2784,1.0,3814,1305,32902,0.010000000000000028
6,34213,2785,1.0,3815,1305,32908,0.010000000000000028
6,34219,2786,1.0,3816,1305,32914,0.010000000000000026
6,34225,2787,1.0,3817,1305,32920,0.010000000000000026
6,34231,2788,1.0,3818,1305,32926,0.010000000000000026
6,34237,2789,1.0,3819,1305,32932,0.010000000000000026
6,34243,2790,1.0,3820,1305,32938,0.010000000000000026
6,34249,2791,1.0,3821,1305,32944,0.010000000000000026
6,34255,2792,1.0,3822,1305,32950,0.010000000000000026
6,34261,2793,1.0,3823,1305,32956,0.010000000000000024
6,34267,2794,1.0,3824,1305,32962,0.010000000000000024
3,34270,2794,0.0,3825,1306,32964,0.010000000000000024
6,34276,2795,1.0,3826,1306,32970,0.010000000000000024
16,34292,2796,1.0,3827,1307,32985,0.010000000000000024
6,34298,2797,1.0,3828,1308,32990,0.010000000000000024
6,34304,2798,1.0,3829,1308,32996,0.010000000000000024
6,34310,2799,1.0,3830,1308,33002,0.010000000000000023
6,34316,2800,1.0,3831,1308,33008,0.010000000000000023
6,34322,2801,1.0,3832,1308,33014,0.010000000000000023
6,34328,2802,1.0,3833,1308,33020,0.010000000000000023
6,34334,2803,1.0,3834,1308,33026,0.010000000000000023
6,34340,2804,1.0,3835,1308,33032,0.010000000000000023
6,34346,2805,1.0,3836,1308,33038,0.010000000000000023
6,34352,2806,1.0,3837,1308,33044,0.010000000000000021
6,34358,2807,1.0,3838,1308,33050,0.010000000000000021
6,34364,2808,1.0,3839,1308,33056,0.010000000000000021
6,34370,2809,1.0,3840,1308,33062,0.010000000000000021
6,34376,2810,1.0,3841,1308,33068,0.010000000000000021
6,34382,2811,1.0,3842,1308,33074,0.010000000000000021
6,34388,2812,1.0,3843,1308,33080,0.010000000000000021
6,34394,2813,1.0,3844,1308,33086,0.010000000000000021
6,34400,2814,1.0,3845,1308,33092,0.010000000000000021
6,34406,2815,1.0,3846,1308,33098,0.01000000000000002
6,34412,2816,1.0,3847,1308,33104,0.01000000000000002
6,34418,2817,1.0,3848,1308,33110,0.01000000000000002
6,34424,2818,1.0,3849,1308,33116,0.01000000000000002
6,34430,2819,1.0,3850,1308,33122,0.01000000000000002
6,34436,2820,1.0,3851,1308,33128,0.01000000000000002
6,34442,2821,1.0,3852,1308,33134,0.01000000000000002
6,34448,2822,1.0,3853,1308,33140,0.01000000000000002
6,34454,2823,1.0,3854,1308,33146,0.01000000000000002
6,34460,2824,1.0,3855,1308,33152,0.010000000000000018
6,34466,2825,1.0,3856,1308,33158,0.010000000000000018
6,34472,2826,1.0,3857,1308,33164,0.010000000000000018
6,34478,2827,1.0,3858,1308,33170,0.010000000000000018
6,34484,2828,1.0,3859,1309,33175,0.010000000000000018
6,34490,2829,1.0,3860,1309,33181,0.010000000000000018
6,34496,2830,1.0,3861,1309,33187,0.010000000000000018
6,34502,2831,1.0,3862,1309,33193,0.010000000000000018
16,34518,2832,1.0,3863,1310,33208,0.010000000000000018
6,34524,2833,1.0,3864,1310,33214,0.010000000000000018
6,34530,2834,1.0,3865,1310,33220,0.010000000000000016
6,34536,2835,1.0,3866,1310,33226,0.010000000000000016
6,34542,2836,1.0,3867,1310,33232,0.010000000000000016
6,34548,2837,1.0,3868,1310,33238,0.010000000000000016
6,34554,2838,1.0,3869,1310,33244,0.010000000000000016
6,34560,2839,1.0,3870,1310,33250,0.010000000000000016
6,34566,2840,1.0,3871,1310,33256,0.010000000000000016
6,34572,2841,1.0,3872,1310,33262,0.010000000000000016
6,34578,2842,1.0,3873,1310,33268,0.010000000000000016
6,34584,2843,1.0,3874,1310,33274,0.010000000000000016
6,34590,2844,1.0,3875,1310,33280,0.010000000000000016
6,34596,2845,1.0,3876,1310,33286,0.010000000000000014
6,34602,2846,1.0,3877,1310,33292,0.010000000000000014
6,34608,2847,1.0,3878,1310,33298,0.010000000000000014
6,34614,2848,1.0,3879,1310,33304,0.010000000000000014
6,34620,2849,1.0,3880,1310,33310,0.010000000000000014
6,34626,2850,1.0,3881,1310,33316,0.010000000000000014
6,34632,2851,1.0,3882,1310,33322,0.010000000000000014
6,34638,2852,1.0,3883,1310,33328,0.010000000000000014
6,34644,2853,1.0,3884,1310,33334,0.010000000000000014
6,34650,2854,1.0,3885,1310,33340,0.010000000000000014
6,34656,2855,1.0,3886,1310,33346,0.010000000000000014
6,34662,2856,1.0,3887,1310,33352,0.010000000000000014
6,34668,2857,1.0,3888,1310,33358,0.010000000000000014
6,34674,2858,1.0,3889,1310,33364,0.010000000000000012
6,34680,2859,1.0,3890,1310,33370,0.010000000000000012
14,34694,2859,0.0,3891,1311,33383,0.010000000000000012
6,34700,2860,1.0,3892,1311,33389,0.010000000000000012
6,34706,2861,1.0,3893,1311,33395,0.010000000000000012
6,34712,2862,1.0,3894,1311,33401,0.010000000000000012
6,34718,2863,1.0,3895,1311,33407,0.010000000000000012
6,34724,2864,1.0,3896,1311,33413,0.010000000000000012
6,34730,2865,1.0,3897,1311,33419,0.010000000000000012
6,34736,2866,1.0,3898,1311,33425,0.010000000000000012
6,34742,2867,1.0,3899,1311,33431,0.010000000000000012
6,34748,2868,1.0,3900,1311,33437,0.010000000000000012
6,34754,2869,1.0,3901,1311,33443,0.010000000000000012
6,34760,2870,1.0,3902,1311,33449,0.010000000000000012
6,34766,2871,1.0,3903,1311,33455,0.01000000000000001
6,34772,2872,1.0,3904,1311,33461,0.01000000000000001
6,34778,2873,1.0,3905,1311,33467,0.01000000000000001
6,34784,2874,1.0,3906,1311,33473,0.01000000000000001
6,34790,2875,1.0,3907,1311,33479,0.01000000000000001
6,34796,2876,1.0,3908,1311,33485,0.01000000000000001
6,34802,2877,1.0,3909,1311,33491,0.01000000000000001
6,34808,2878,1.0,3910,1311,33497,0.01000000000000001
6,34814,2879,1.0,3911,1311,33503,0.01000000000000001
6,34820,2880,1.0,3912,1311,33509,0.01000000000000001
6,34826,2881,1.0,3913,1311,33515,0.01000000000000001
6,34832,2882,1.0,3914,1311,33521,0.01000000000000001
6,34838,2883,1.0,3915,1311,33527,0.01000000000000001
6,34844,2884,1.0,3916,1311,33533,0.01000000000000001
6,34850,2885,1.0,3917,1311,33539,0.01000000000000001
6,34856,2886,1.0,3918,1311,33545,0.01000000000000001
6,34862,2887,1.0,3919,1311,33551,0.01000000000000001
6,34868,2888,1.0,3920,1311,33557,0.010000000000000009
6,34874,2889,1.0,3921,1311,33563,0.010000000000000009
6,34880,2890,1.0,3922,1311,33569,0.010000000000000009
6,34886,2891,1.0,3923,1311,33575,0.010000000000000009
6,34892,2892,1.0,3924,1311,33581,0.010000000000000009
14,34906,2892,0.0,3925,1312,33594,0.010000000000000009
6,34912,2893,1.0,3926,1312,33600,0.010000000000000009
6,34918,2894,1.0,3927,1312,33606,0.010000000000000009
6,34924,2895,1.0,3928,1312,33612,0.010000000000000009
6,34930,2896,1.0,3929,1312,33618,0.010000000000000009
6,34936,2897,1.0,3930,1312,33624,0.010000000000000009
6,34942,2898,1.0,3931,1312,33630,0.010000000000000009
6,34948,2899,1.0,3932,1312,33636,0.010000000000000009
6,34954,2900,1.0,3933,1312,33642,0.010000000000000009
6,34960,2901,1.0,3934,1312,33648,0.010000000000000009
6,34966,2902,1.0,3935,1312,33654,0.010000000000000009
6,34972,2903,1.0,3936,1312,33660,0.010000000000000009
6,34978,2904,1.0,3937,1312,33666,0.010000000000000009
6,34984,2905,1.0,3938,1312,33672,0.010000000000000009
6,34990,2906,1.0,3939,1312,33678,0.010000000000000009
6,34996,2907,1.0,3940,1312,33684,0.010000000000000007
3,34999,2907,0.0,3941,1313,33686,0.010000000000000007
6,35005,2908,1.0,3942,1313,33692,0.010000000000000007
6,35011,2909,1.0,3943,1313,33698,0.010000000000000007
6,35017,2910,1.0,3944,1313,33704,0.010000000000000007
6,35023,2911,1.0,3945,1313,33710,0.010000000000000007
6,35029,2912,1.0,3946,1313,33716,0.010000000000000007
6,35035,2913,1.0,3947,1313,33722,0.010000000000000007
6,35041,2914,1.0,3948,1313,33728,0.010000000000000007
6,35047,2915,1.0,3949,1313,33734,0.010000000000000007
6,35053,2916,1.0,3950,1313,33740,0.010000000000000007
6,35059,2917,1.0,3951,1313,33746,0.010000000000000007
6,35065,2918,1.0,3952,1313,33752,0.010000000000000007
6,35071,2919,1.0,3953,1313,33758,0.010000000000000007
6,35077,2920,1.0,3954,1313,33764,0.010000000000000007
6,35083,2921,1.0,3955,1313,33770,0.010000000000000007
6,35089,2922,1.0,3956,1313,33776,0.010000000000000007
6,35095,2923,1.0,3957,1313,33782,0.010000000000000007
2,35097,2923,0.0,3958,1314,33783,0.010000000000000007
6,35103,2924,1.0,3959,1314,33789,0.010000000000000007
6,35109,2925,1.0,3960,1314,33795,0.010000000000000007
6,35115,2926,1.0,3961,1314,33801,0.010000000000000007
6,35121,2927,1.0,3962,1314,33807,0.010000000000000007
6,35127,2928,1.0,3963,1314,33813,0.010000000000000007
6,35133,2929,1.0,3964,1314,33819,0.010000000000000007
6,35139,2930,1.0,3965,1315,33824,0.010000000000000005
6,35145,2931,1.0,3966,1315,33830,0.010000000000000005
6,35151,2932,1.0,3967,1315,33836,0.010000000000000005
6,35157,2933,1.0,3968,1315,33842,0.010000000000000005
6,35163,2934,1.0,3969,1315,33848,0.010000000000000005
6,35169,2935,1.0,3970,1315,33854,0.010000000000000005
6,35175,2936,1.0,3971,1315,33860,0.010000000000000005
6,35181,2937,1.0,3972,1315,33866,0.010000000000000005
6,35187,2938,1.0,3973,1315,33872,0.010000000000000005
6,35193,2939,1.0,3974,1315,33878,0.010000000000000005
6,35199,2940,1.0,3975,1315,33884,0.010000000000000005
6,35205,2941,1.0,3976,1315,33890,0.010000000000000005
6,35211,2942,1.0,3977,1315,33896,0.010000000000000005
6,35217,2943,1.0,3978,1315,33902,0.010000000000000005
6,35223,2944,1.0,3979,1315,33908,0.010000000000000005
6,35229,2945,1.0,3980,1315,33914,0.010000000000000005
6,35235,2946,1.0,3981,1315,33920,0.010000000000000005
6,35241,2947,1.0,3982,1315,33926,0.010000000000000005
6,35247,2948,1.0,3983,1315,33932,0.010000000000000005
6,35253,2949,1.0,3984,1315,33938,0.010000000000000005
6,35259,2950,1.0,3985,1315,33944,0.010000000000000005
6,35265,2951,1.0,3986,1315,33950,0.010000000000000005
6,35271,2952,1.0,3987,1315,33956,0.010000000000000005
6,35277,2953,1.0,3988,1315,33962,0.010000000000000005
6,35283,2954,1.0,3989,1316,33967,0.010000000000000005
6,35289,2955,1.0,3990,1316,33973,0.010000000000000005
6,35295,2956,1.0,3991,1316,33979,0.010000000000000005
6,35301,2957,1.0,3992,1316,33985,0.010000000000000005
6,35307,2958,1.0,3993,1316,33991,0.010000000000000005
10,35317,2958,0.0,3994,1317,34000,0.010000000000000005
6,35323,2959,1.0,3995,1317,34006,0.010000000000000005
6,35329,2960,1.0,3996,1317,34012,0.010000000000000005
6,35335,2961,1.0,3997,1317,34018,0.010000000000000005
6,35341,2962,1.0,3998,1317,34024,0.010000000000000004
6,35347,2963,1.0,3999,1317,34030,0.010000000000000004
6,35353,2964,1.0,4000,1317,34036,0.010000000000000004
6,35359,2965,1.0,4001,1317,34042,0.010000000000000004
6,35365,2966,1.0,4002,1317,34048,0.010000000000000004
6,35371,2967,1.0,4003,1318,34053,0.010000000000000004
6,35377,2968,1.0,4004,1318,34059,0.010000000000000004
6,35383,2969,1.0,4005,1318,34065,0.010000000000000004
6,35389,2970,1.0,4006,1318,34071,0.010000000000000004
6,35395,2971,1.0,4007,1318,34077,0.010000000000000004
6,35401,2972,1.0,4008,1318,34083,0.010000000000000004
6,35407,2973,1.0,4009,1318,34089,0.010000000000000004
6,35413,2974,1.0,4010,1318,34095,0.010000000000000004
6,35419,2975,1.0,4011,1318,34101,0.010000000000000004
6,35425,2976,1.0,4012,1318,34107,0.010000000000000004
6,35431,2977,1.0,4013,1318,34113,0.010000000000000004
6,35437,2978,1.0,4014,1318,34119,0.010000000000000004
6,35443,2979,1.0,4015,1318,34125,0.010000000000000004
6,35449,2980,1.0,4016,1318,34131,0.010000000000000004
6,35455,2981,1.0,4017,1318,34137,0.010000000000000004
6,35461,2982,1.0,4018,1318,34143,0.010000000000000004
6,35467,2983,1.0,4019,1318,34149,0.010000000000000004
6,35473,2984,1.0,4020,1318,34155,0.010000000000000004
6,35479,2985,1.0,4021,1318,34161,0.010000000000000004
6,35485,2986,1.0,4022,1318,34167,0.010000000000000004
6,35491,2987,1.0,4023,1318,34173,0.010000000000000004
6,35497,2988,1.0,4024,1318,34179,0.010000000000000004
6,35503,2989,1.0,4025,1318,34185,0.010000000000000004
6,35509,2990,1.0,4026,1318,34191,0.010000000000000004
6,35515,2991,1.0,4027,1318,34197,0.010000000000000004
6,35521,2992,1.0,4028,1318,34203,0.010000000000000004
6,35527,2993,1.0,4029,1318,34209,0.010000000000000004
6,35533,2994,1.0,4030,1318,34215,0.010000000000000004
6,35539,2995,1.0,4031,1318,34221,0.010000000000000004
6,35545,2996,1.0,4032,1318,34227,0.010000000000000004
6,35551,2997,1.0,4033,1318,34233,0.010000000000000004
6,35557,2998,1.0,4034,1318,34239,0.010000000000000004
6,35563,2999,1.0,4035,1318,34245,0.010000000000000004
6,35569,3000,1.0,4036,1318,34251,0.010000000000000004
6,35575,3001,1.0,4037,1318,34257,0.010000000000000004
6,35581,3002,1.0,4038,1318,34263,0.010000000000000004
6,35587,3003,1.0,4039,1318,34269,0.010000000000000004
6,35593,3004,1.0,4040,1318,34275,0.010000000000000004
6,35599,3005,1.0,4041,1318,34281,0.010000000000000004
6,35605,3006,1.0,4042,1318,34287,0.010000000000000004
6,35611,3007,1.0,4043,1318,34293,0.010000000000000004
6,35617,3008,1.0,4044,1318,34299,0.010000000000000004
6,35623,3009,1.0,4045,1318,34305,0.010000000000000004
6,35629,3010,1.0,4046,1318,34311,0.010000000000000004
6,35635,3011,1.0,4047,1318,34317,0.010000000000000004
6,35641,3012,1.0,4048,1318,34323,0.010000000000000004
6,35647,3013,1.0,4049,1318,34329,0.010000000000000004
6,35653,3014,1.0,4050,1318,34335,0.010000000000000002
6,35659,3015,1.0,4051,1318,34341,0.010000000000000002
6,35665,3016,1.0,4052,1318,34347,0.010000000000000002
6,35671,3017,1.0,4053,1318,34353,0.010000000000000002
6,35677,3018,1.0,4054,1318,34359,0.010000000000000002
6,35683,3019,1.0,4055,1318,34365,0.010000000000000002
6,35689,3020,1.0,4056,1318,34371,0.010000000000000002
6,35695,3021,1.0,4057,1318,34377,0.010000000000000002
6,35701,3022,1.0,4058,1318,34383,0.010000000000000002
6,35707,3023,1.0,4059,1318,34389,0.010000000000000002
6,35713,3024,1.0,4060,1318,34395,0.010000000000000002
6,35719,3025,1.0,4061,1318,34401,0.010000000000000002
6,35725,3026,1.0,4062,1318,34407,0.010000000000000002
6,35731,3027,1.0,4063,1318,34413,0.010000000000000002
6,35737,3028,1.0,4064,1318,34419,0.010000000000000002
6,35743,3029,1.0,4065,1318,34425,0.010000000000000002
4,35747,3029,0.0,4066,1319,34428,0.010000000000000002
7,35754,3029,0.0,4067,1321,34433,0.010000000000000002
6,35760,3030,1.0,4068,1321,34439,0.010000000000000002
6,35766,3031,1.0,4069,1321,34445,0.010000000000000002
6,35772,3032,1.0,4070,1321,34451,0.010000000000000002
6,35778,3033,1.0,4071,1321,34457,0.010000000000000002
6,35784,3034,1.0,4072,1321,34463,0.010000000000000002
6,35790,3035,1.0,4073,1321,34469,0.010000000000000002
6,35796,3036,1.0,4074,1321,34475,0.010000000000000002
6,35802,3037,1.0,4075,1321,34481,0.010000000000000002
6,35808,3038,1.0,4076,1321,34487,0.010000000000000002
6,35814,3039,1.0,4077,1321,34493,0.010000000000000002
6,35820,3040,1.0,4078,1321,34499,0.010000000000000002
6,35826,3041,1.0,4079,1321,34505,0.010000000000000002
16,35842,3042,1.0,4080,1322,34520,0.010000000000000002
6,35848,3043,1.0,4081,1322,34526,0.010000000000000002
6,35854,3044,1.0,4082,1322,34532,0.010000000000000002
6,35860,3045,1.0,4083,1322,34538,0.010000000000000002
6,35866,3046,1.0,4084,1322,34544,0.010000000000000002
6,35872,3047,1.0,4085,1322,34550,0.010000000000000002
6,35878,3048,1.0,4086,1322,34556,0.010000000000000002
6,35884,3049,1.0,4087,1322,34562,0.010000000000000002
6,35890,3050,1.0,4088,1322,34568,0.010000000000000002
6,35896,3051,1.0,4089,1322,34574,0.010000000000000002
6,35902,3052,1.0,4090,1322,34580,0.010000000000000002
6,35908,3053,1.0,4091,1322,34586,0.010000000000000002
6,35914,3054,1.0,4092,1322,34592,0.010000000000000002
6,35920,3055,1.0,4093,1322,34598,0.010000000000000002
6,35926,3056,1.0,4094,1322,34604,0.010000000000000002
6,35932,3057,1.0,4095,1322,34610,0.010000000000000002
6,35938,3058,1.0,4096,1322,34616,0.010000000000000002
6,35944,3059,1.0,4097,1322,34622,0.010000000000000002
6,35950,3060,1.0,4098,1322,34628,0.010000000000000002
6,35956,3061,1.0,4099,1322,34634,0.010000000000000002
6,35962,3062,1.0,4100,1322,34640,0.010000000000000002
6,35968,3063,1.0,4101,1322,34646,0.010000000000000002
9,35977,3063,0.0,4102,1323,34654,0.010000000000000002
6,35983,3064,1.0,4103,1323,34660,0.010000000000000002
6,35989,3065,1.0,4104,1323,34666,0.010000000000000002
6,35995,3066,1.0,4105,1323,34672,0.010000000000000002
6,36001,3067,1.0,4106,1323,34678,0.010000000000000002
6,36007,3068,1.0,4107,1323,34684,0.010000000000000002
6,36013,3069,1.0,4108,1323,34690,0.010000000000000002
6,36019,3070,1.0,4109,1323,34696,0.010000000000000002
6,36025,3071,1.0,4110,1323,34702,0.010000000000000002
6,36031,3072,1.0,4111,1323,34708,0.010000000000000002
6,36037,3073,1.0,4112,1323,34714,0.010000000000000002
6,36043,3074,1.0,4113,1323,34720,0.010000000000000002
6,36049,3075,1.0,4114,1323,34726,0.010000000000000002
6,36055,3076,1.0,4115,1323,34732,0.010000000000000002
6,36061,3077,1.0,4116,1323,34738,0.010000000000000002
6,36067,3078,1.0,4117,1323,34744,0.010000000000000002
6,36073,3079,1.0,4118,1323,34750,0.010000000000000002
6,36079,3080,1.0,4119,1323,34756,0.010000000000000002
6,36085,3081,1.0,4120,1323,34762,0.010000000000000002
6,36091,3082,1.0,4121,1323,34768,0.010000000000000002
6,36097,3083,1.0,4122,1323,34774,0.010000000000000002
6,36103,3084,1.0,4123,1323,34780,0.010000000000000002
6,36109,3085,1.0,4124,1323,34786,0.010000000000000002
6,36115,3086,1.0,4125,1323,34792,0.010000000000000002
6,36121,3087,1.0,4126,1323,34798,0.010000000000000002
6,36127,3088,1.0,4127,1323,34804,0.010000000000000002
9,36136,3088,0.0,4128,1324,34812,0.010000000000000002
10,36146,3088,0.0,4129,1324,34822,0.010000000000000002
9,36155,3088,0.0,4130,1324,34831,0.010000000000000002
28,36183,3088,0.0,4131,1325,34858,0.010000000000000002
14,36197,3088,0.0,4132,1325,34872,0.010000000000000002
33,36230,3088,0.0,4133,1326,34904,0.010000000000000002
13,36243,3088,0.0,4134,1327,34916,0.010000000000000002
13,36256,3088,0.0,4135,1327,34929,0.010000000000000002
22,36278,3088,0.0,4136,1327,34951,0.010000000000000002
22,36300,3088,0.0,4137,1327,34973,0.010000000000000002
22,36322,3088,0.0,4138,1327,34995,0.010000000000000002
35,36357,3088,0.0,4139,1327,35030,0.010000000000000002
15,36372,3088,0.0,4140,1327,35045,0.010000000000000002
22,36394,3088,0.0,4141,1328,35066,0.010000000000000002
45,36439,3089,1.0,4142,1328,35111,0.010000000000000002
20,36459,3089,0.0,4143,1328,35131,0.010000000000000002
22,36481,3089,0.0,4144,1328,35153,0.010000000000000002
22,36503,3089,0.0,4145,1328,35175,0.010000000000000002
14,36517,3089,0.0,4146,1329,35188,0.010000000000000002
22,36539,3089,0.0,4147,1330,35209,0.010000000000000002
24,36563,3089,0.0,4148,1330,35233,0.010000000000000002
24,36587,3089,0.0,4149,1330,35257,0.010000000000000002
27,36614,3089,0.0,4150,1333,35281,0.010000000000000002
23,36637,3090,1.0,4151,1333,35304,0.010000000000000002
25,36662,3090,0.0,4152,1333,35329,0.010000000000000002
25,36687,3090,0.0,4153,1333,35354,0.010000000000000002
27,36714,3090,0.0,4154,1333,35381,0.010000000000000002
13,36727,3090,0.0,4155,1334,35393,0.010000000000000002
20,36747,3090,0.0,4156,1335,35412,0.010000000000000002
22,36769,3090,0.0,4157,1335,35434,0.010000000000000002
27,36796,3090,0.0,4158,1335,35461,0.010000000000000002
11,36807,3090,0.0,4159,1335,35472,0.01
13,36820,3090,0.0,4160,1335,35485,0.01
23,36843,3090,0.0,4161,1336,35507,0.01
13,36856,3090,0.0,4162,1336,35520,0.01
66,36922,3090,0.0,4163,1336,35586,0.01
3,36925,3090,0.0,4164,1336,35589,0.01
10,36935,3090,0.0,4165,1336,35599,0.01
18,36953,3090,0.0,4166,1336,35617,0.01
7,36960,3090,0.0,4167,1336,35624,0.01
8,36968,3090,0.0,4168,1336,35632,0.01
4,36972,3090,0.0,4169,1336,35636,0.01
22,36994,3090,0.0,4170,1336,35658,0.01
13,37007,3090,0.0,4171,1336,35671,0.01
13,37020,3090,0.0,4172,1336,35684,0.01
13,37033,3090,0.0,4173,1336,35697,0.01
13,37046,3090,0.0,4174,1336,35710,0.01
9,37055,3090,0.0,4175,1336,35719,0.01
13,37068,3090,0.0,4176,1336,35732,0.01
7,37075,3090,0.0,4177,1336,35739,0.01
9,37084,3090,0.0,4178,1336,35748,0.01
13,37097,3090,0.0,4179,1336,35761,0.01
13,37110,3090,0.0,4180,1337,35773,0.01
7,37117,3090,0.0,4181,1337,35780,0.01
10,37127,3090,0.0,4182,1338,35789,0.01
3,37130,3090,0.0,4183,1338,35792,0.01
18,37148,3090,0.0,4184,1338,35810,0.01
9,37157,3090,0.0,4185,1339,35818,0.01
9,37166,3090,0.0,4186,1339,35827,0.01
9,37175,3090,0.0,4187,1339,35836,0.01
9,37184,3090,0.0,4188,1339,35845,0.01
9,37193,3090,0.0,4189,1339,35854,0.01
3,37196,3090,0.0,4190,1339,35857,0.01
14,37210,3090,0.0,4191,1339,35871,0.01
24,37234,3090,0.0,4192,1339,35895,0.01
22,37256,3090,0.0,4193,1339,35917,0.01
22,37278,3090,0.0,4194,1339,35939,0.01
18,37296,3090,0.0,4195,1339,35957,0.01
6,37302,3090,0.0,4196,1340,35962,0.01
6,37308,3091,1.0,4197,1340,35968,0.01
8,37316,3091,0.0,4198,1341,35975,0.01
6,37322,3092,1.0,4199,1341,35981,0.01
6,37328,3093,1.0,4200,1341,35987,0.01
6,37334,3094,1.0,4201,1341,35993,0.01
6,37340,3095,1.0,4202,1341,35999,0.01
6,37346,3096,1.0,4203,1341,36005,0.01
6,37352,3097,1.0,4204,1341,36011,0.01
6,37358,3098,1.0,4205,1342,36016,0.01
6,37364,3099,1.0,4206,1342,36022,0.01
6,37370,3100,1.0,4207,1342,36028,0.01
6,37376,3101,1.0,4208,1342,36034,0.01
13,37389,3102,1.0,4209,1343,36046,0.01
14,37403,3103,1.0,4210,1343,36060,0.01
14,37417,3104,1.0,4211,1344,36073,0.01
13,37430,3104,0.0,4212,1345,36085,0.01
14,37444,3104,0.0,4213,1345,36099,0.01
13,37457,3104,0.0,4214,1345,36112,0.01
14,37471,3104,0.0,4215,1345,36126,0.01
13,37484,3104,0.0,4216,1345,36139,0.01
14,37498,3104,0.0,4217,1345,36153,0.01
13,37511,3104,0.0,4218,1345,36166,0.01
14,37525,3104,0.0,4219,1346,36179,0.01
3,37528,3104,0.0,4220,1346,36182,0.01
2,37530,3104,0.0,4221,1346,36184,0.01
10,37540,3104,0.0,4222,1346,36194,0.01
24,37564,3104,0.0,4223,1346,36218,0.01
15,37579,3104,0.0,4224,1346,36233,0.01
15,37594,3104,0.0,4225,1346,36248,0.01
15,37609,3104,0.0,4226,1346,36263,0.01
18,37627,3104,0.0,4227,1346,36281,0.01
24,37651,3104,0.0,4228,1346,36305,0.01
15,37666,3104,0.0,4229,1346,36320,0.01
15,37681,3104,0.0,4230,1346,36335,0.01
15,37696,3104,0.0,4231,1346,36350,0.01
15,37711,3104,0.0,4232,1346,36365,0.01
18,37729,3105,1.0,4233,1346,36383,0.01
16,37745,3105,0.0,4234,1346,36399,0.01
41,37786,3105,0.0,4235,1347,36439,0.01
41,37827,3105,0.0,4236,1347,36480,0.01
30,37857,3106,1.0,4237,1347,36510,0.01
41,37898,3106,0.0,4238,1347,36551,0.01
32,37930,3107,1.0,4239,1348,36582,0.01
21,37951,3107,0.0,4240,1348,36603,0.01
38,37989,3107,0.0,4241,1348,36641,0.01
21,38010,3107,0.0,4242,1348,36662,0.01
22,38032,3107,0.0,4243,1349,36683,0.01
21,38053,3107,0.0,4244,1349,36704,0.01
22,38075,3107,0.0,4245,1350,36725,0.01
21,38096,3107,0.0,4246,1350,36746,0.01
16,38112,3107,0.0,4247,1350,36762,0.01
22,38134,3107,0.0,4248,1350,36784,0.01
18,38152,3107,0.0,4249,1350,36802,0.01
13,38165,3107,0.0,4250,1350,36815,0.01
20,38185,3107,0.0,4251,1350,36835,0.01
21,38206,3107,0.0,4252,1350,36856,0.01
20,38226,3108,1.0,4253,1350,36876,0.01
20,38246,3109,1.0,4254,1350,36896,0.01
20,38266,3110,1.0,4255,1350,36916,0.01
20,38286,3111,1.0,4256,1350,36936,0.01
20,38306,3112,1.0,4257,1350,36956,0.01
20,38326,3113,1.0,4258,1350,36976,0.01
20,38346,3114,1.0,4259,1350,36996,0.01
20,38366,3115,1.0,4260,1351,37015,0.01
20,38386,3116,1.0,4261,1352,37034,0.01
20,38406,3117,1.0,4262,1352,37054,0.01
13,38419,3117,0.0,4263,1353,37066,0.01
14,38433,3117,0.0,4264,1353,37080,0.01
20,38453,3118,1.0,4265,1353,37100,0.01
10,38463,3118,0.0,4266,1353,37110,0.01
9,38472,3118,0.0,4267,1353,37119,0.01
10,38482,3118,0.0,4268,1353,37129,0.01
9,38491,3118,0.0,4269,1353,37138,0.01
9,38500,3118,0.0,4270,1353,37147,0.01
6,38506,3118,0.0,4271,1354,37152,0.01
9,38515,3118,0.0,4272,1354,37161,0.01
9,38524,3118,0.0,4273,1354,37170,0.01
20,38544,3119,1.0,4274,1354,37190,0.01
5,38549,3119,0.0,4275,1354,37195,0.01
5,38554,3119,0.0,4276,1354,37200,0.01
5,38559,3119,0.0,4277,1354,37205,0.01
21,38580,3119,0.0,4278,1355,37225,0.01
14,38594,3119,0.0,4279,1355,37239,0.01
13,38607,3119,0.0,4280,1355,37252,0.01
15,38622,3119,0.0,4281,1355,37267,0.01
5,38627,3119,0.0,4282,1355,37272,0.01
9,38636,3119,0.0,4283,1355,37281,0.01
18,38654,3119,0.0,4284,1356,37298,0.01
9,38663,3119,0.0,4285,1356,37307,0.01
2,38665,3119,0.0,4286,1356,37309,0.01
21,38686,3119,0.0,4287,1356,37330,0.01
21,38707,3119,0.0,4288,1356,37351,0.01
21,38728,3119,0.0,4289,1356,37372,0.01
27,38755,3119,0.0,4290,1356,37399,0.01
2,38757,3119,0.0,4291,1356,37401,0.01
16,38773,3120,1.0,4292,1357,37416,0.01
20,38793,3121,1.0,4293,1357,37436,0.01
10,38803,3121,0.0,4294,1357,37446,0.01
21,38824,3121,0.0,4295,1357,37467,0.01
21,38845,3121,0.0,4296,1357,37488,0.01
21,38866,3121,0.0,4297,1357,37509,0.01
38,38904,3121,0.0,4298,1358,37546,0.01
2,38906,3121,0.0,4299,1358,37548,0.01
2,38908,3121,0.0,4300,1358,37550,0.01
17,38925,3121,0.0,4301,1358,37567,0.01
21,38946,3121,0.0,4302,1358,37588,0.01
21,38967,3121,0.0,4303,1358,37609,0.01
22,38989,3121,0.0,4304,1359,37630,0.01
16,39005,3121,0.0,4305,1359,37646,0.01
5,39010,3121,0.0,4306,1359,37651,0.01
6,39016,3122,1.0,4307,1359,37657,0.01
2,39018,3122,0.0,4308,1359,37659,0.01
13,39031,3122,0.0,4309,1359,37672,0.01
15,39046,3122,0.0,4310,1359,37687,0.01
6,39052,3122,0.0,4311,1359,37693,0.01
13,39065,3122,0.0,4312,1359,37706,0.01
16,39081,3123,1.0,4313,1359,37722,0.01
9,39090,3123,0.0,4314,1359,37731,0.01
9,39099,3123,0.0,4315,1359,37740,0.01
9,39108,3123,0.0,4316,1359,37749,0.01
2,39110,3123,0.0,4317,1359,37751,0.01
6,39116,3124,1.0,4318,1359,37757,0.01
6,39122,3125,1.0,4319,1359,37763,0.01
6,39128,3126,1.0,4320,1359,37769,0.01
6,39134,3127,1.0,4321,1359,37775,0.01
6,39140,3128,1.0,4322,1359,37781,0.01
6,39146,3129,1.0,4323,1359,37787,0.01
6,39152,3130,1.0,4324,1359,37793,0.01
6,39158,3131,1.0,4325,1359,37799,0.01
6,39164,3132,1.0,4326,1359,37805,0.01
6,39170,3133,1.0,4327,1359,37811,0.01
6,39176,3134,1.0,4328,1359,37817,0.01
6,39182,3135,1.0,4329,1359,37823,0.01
8,39190,3135,0.0,4330,1360,37830,0.01
6,39196,3136,1.0,4331,1360,37836,0.01
6,39202,3137,1.0,4332,1360,37842,0.01
6,39208,3138,1.0,4333,1360,37848,0.01
6,39214,3139,1.0,4334,1360,37854,0.01
6,39220,3140,1.0,4335,1360,37860,0.01
6,39226,3141,1.0,4336,1360,37866,0.01
6,39232,3142,1.0,4337,1360,37872,0.01
6,39238,3143,1.0,4338,1360,37878,0.01
6,39244,3144,1.0,4339,1360,37884,0.01
6,39250,3145,1.0,4340,1360,37890,0.01
6,39256,3146,1.0,4341,1361,37895,0.01
6,39262,3147,1.0,4342,1361,37901,0.01
6,39268,3148,1.0,4343,1361,37907,0.01
6,39274,3149,1.0,4344,1361,37913,0.01
6,39280,3150,1.0,4345,1361,37919,0.01
6,39286,3151,1.0,4346,1361,37925,0.01
6,39292,3152,1.0,4347,1361,37931,0.01
6,39298,3153,1.0,4348,1361,37937,0.01
6,39304,3154,1.0,4349,1361,37943,0.01
6,39310,3155,1.0,4350,1361,37949,0.01
6,39316,3156,1.0,4351,1361,37955,0.01
6,39322,3157,1.0,4352,1361,37961,0.01
6,39328,3158,1.0,4353,1361,37967,0.01
6,39334,3159,1.0,4354,1361,37973,0.01
6,39340,3160,1.0,4355,1361,37979,0.01
6,39346,3161,1.0,4356,1361,37985,0.01
6,39352,3162,1.0,4357,1361,37991,0.01
6,39358,3163,1.0,4358,1361,37997,0.01
6,39364,3164,1.0,4359,1361,38003,0.01
16,39380,3165,1.0,4360,1362,38018,0.01
6,39386,3166,1.0,4361,1362,38024,0.01
6,39392,3167,1.0,4362,1362,38030,0.01
6,39398,3168,1.0,4363,1362,38036,0.01
6,39404,3169,1.0,4364,1362,38042,0.01
6,39410,3170,1.0,4365,1362,38048,0.01
6,39416,3171,1.0,4366,1362,38054,0.01
6,39422,3172,1.0,4367,1362,38060,0.01
6,39428,3173,1.0,4368,1362,38066,0.01
6,39434,3174,1.0,4369,1362,38072,0.01
6,39440,3175,1.0,4370,1362,38078,0.01
6,39446,3176,1.0,4371,1362,38084,0.01
6,39452,3177,1.0,4372,1362,38090,0.01
6,39458,3178,1.0,4373,1362,38096,0.01
6,39464,3179,1.0,4374,1362,38102,0.01
6,39470,3180,1.0,4375,1362,38108,0.01
6,39476,3181,1.0,4376,1362,38114,0.01
6,39482,3182,1.0,4377,1362,38120,0.01
6,39488,3183,1.0,4378,1362,38126,0.01
6,39494,3184,1.0,4379,1362,38132,0.01
6,39500,3185,1.0,4380,1362,38138,0.01
6,39506,3186,1.0,4381,1362,38144,0.01
6,39512,3187,1.0,4382,1362,38150,0.01
6,39518,3188,1.0,4383,1362,38156,0.01
6,39524,3189,1.0,4384,1362,38162,0.01
6,39530,3190,1.0,4385,1362,38168,0.01
6,39536,3191,1.0,4386,1362,38174,0.01
6,39542,3192,1.0,4387,1363,38179,0.01
6,39548,3193,1.0,4388,1363,38185,0.01
6,39554,3194,1.0,4389,1363,38191,0.01
6,39560,3195,1.0,4390,1363,38197,0.01
6,39566,3196,1.0,4391,1363,38203,0.01
6,39572,3197,1.0,4392,1363,38209,0.01
6,39578,3198,1.0,4393,1363,38215,0.01
6,39584,3199,1.0,4394,1363,38221,0.01
6,39590,3200,1.0,4395,1363,38227,0.01
6,39596,3201,1.0,4396,1363,38233,0.01
6,39602,3202,1.0,4397,1363,38239,0.01
6,39608,3203,1.0,4398,1363,38245,0.01
6,39614,3204,1.0,4399,1363,38251,0.01
6,39620,3205,1.0,4400,1363,38257,0.01
6,39626,3206,1.0,4401,1363,38263,0.01
6,39632,3207,1.0,4402,1363,38269,0.01
6,39638,3208,1.0,4403,1363,38275,0.01
6,39644,3209,1.0,4404,1363,38281,0.01
6,39650,3210,1.0,4405,1363,38287,0.01
6,39656,3211,1.0,4406,1363,38293,0.01
6,39662,3212,1.0,4407,1363,38299,0.01
6,39668,3213,1.0,4408,1363,38305,0.01
6,39674,3214,1.0,4409,1363,38311,0.01
6,39680,3215,1.0,4410,1363,38317,0.01
6,39686,3216,1.0,4411,1363,38323,0.01
6,39692,3217,1.0,4412,1363,38329,0.01
6,39698,3218,1.0,4413,1363,38335,0.01
6,39704,3219,1.0,4414,1363,38341,0.01
6,39710,3220,1.0,4415,1363,38347,0.01
6,39716,3221,1.0,4416,1363,38353,0.01
6,39722,3222,1.0,4417,1363,38359,0.01
6,39728,3223,1.0,4418,1363,38365,0.01
6,39734,3224,1.0,4419,1363,38371,0.01
6,39740,3225,1.0,4420,1363,38377,0.01
6,39746,3226,1.0,4421,1363,38383,0.01
6,39752,3227,1.0,4422,1363,38389,0.01
6,39758,3228,1.0,4423,1363,38395,0.01
6,39764,3229,1.0,4424,1363,38401,0.01
16,39780,3230,1.0,4425,1364,38416,0.01
6,39786,3231,1.0,4426,1364,38422,0.01
6,39792,3232,1.0,4427,1364,38428,0.01
6,39798,3233,1.0,4428,1364,38434,0.01
6,39804,3234,1.0,4429,1364,38440,0.01
6,39810,3235,1.0,4430,1364,38446,0.01
6,39816,3236,1.0,4431,1364,38452,0.01
6,39822,3237,1.0,4432,1364,38458,0.01
6,39828,3238,1.0,4433,1364,38464,0.01
6,39834,3239,1.0,4434,1364,38470,0.01
6,39840,3240,1.0,4435,1364,38476,0.01
6,39846,3241,1.0,4436,1364,38482,0.01
6,39852,3242,1.0,4437,1364,38488,0.01
6,39858,3243,1.0,4438,1364,38494,0.01
6,39864,3244,1.0,4439,1364,38500,0.01
6,39870,3245,1.0,4440,1364,38506,0.01
6,39876,3246,1.0,4441,1364,38512,0.01
6,39882,3247,1.0,4442,1364,38518,0.01
16,39898,3248,1.0,4443,1365,38533,0.01
6,39904,3249,1.0,4444,1365,38539,0.01
6,39910,3250,1.0,4445,1365,38545,0.01
6,39916,3251,1.0,4446,1365,38551,0.01
6,39922,3252,1.0,4447,1365,38557,0.01
6,39928,3253,1.0,4448,1365,38563,0.01
6,39934,3254,1.0,4449,1365,38569,0.01
6,39940,3255,1.0,4450,1365,38575,0.01
6,39946,3256,1.0,4451,1365,38581,0.01
6,39952,3257,1.0,4452,1365,38587,0.01
6,39958,3258,1.0,4453,1365,38593,0.01
6,39964,3259,1.0,4454,1365,38599,0.01
6,39970,3260,1.0,4455,1365,38605,0.01
6,39976,3261,1.0,4456,1365,38611,0.01
6,39982,3262,1.0,4457,1365,38617,0.01
6,39988,3263,1.0,4458,1365,38623,0.01
6,39994,3264,1.0,4459,1365,38629,0.01
6,40000,3265,1.0,4460,1365,38635,0.01
6,40006,3266,1.0,4461,1366,38640,0.01
6,40012,3267,1.0,4462,1366,38646,0.01
6,40018,3268,1.0,4463,1366,38652,0.01
6,40024,3269,1.0,4464,1366,38658,0.01
6,40030,3270,1.0,4465,1366,38664,0.01
6,40036,3271,1.0,4466,1366,38670,0.01
6,40042,3272,1.0,4467,1366,38676,0.01
6,40048,3273,1.0,4468,1366,38682,0.01
6,40054,3274,1.0,4469,1366,38688,0.01
6,40060,3275,1.0,4470,1366,38694,0.01
6,40066,3276,1.0,4471,1366,38700,0.01
6,40072,3277,1.0,4472,1366,38706,0.01
6,40078,3278,1.0,4473,1366,38712,0.01
6,40084,3279,1.0,4474,1366,38718,0.01
6,40090,3280,1.0,4475,1366,38724,0.01
6,40096,3281,1.0,4476,1366,38730,0.01
6,40102,3282,1.0,4477,1366,38736,0.01
6,40108,3283,1.0,4478,1366,38742,0.01
6,40114,3284,1.0,4479,1366,38748,0.01
6,40120,3285,1.0,4480,1366,38754,0.01
6,40126,3286,1.0,4481,1366,38760,0.01
6,40132,3287,1.0,4482,1366,38766,0.01
6,40138,3288,1.0,4483,1366,38772,0.01
6,40144,3289,1.0,4484,1366,38778,0.01
6,40150,3290,1.0,4485,1366,38784,0.01
6,40156,3291,1.0,4486,1366,38790,0.01
6,40162,3292,1.0,4487,1366,38796,0.01
6,40168,3293,1.0,4488,1366,38802,0.01
6,40174,3294,1.0,4489,1366,38808,0.01
6,40180,3295,1.0,4490,1366,38814,0.01
6,40186,3296,1.0,4491,1366,38820,0.01
6,40192,3297,1.0,4492,1366,38826,0.01
6,40198,3298,1.0,4493,1366,38832,0.01
6,40204,3299,1.0,4494,1366,38838,0.01
6,40210,3300,1.0,4495,1366,38844,0.01
6,40216,3301,1.0,4496,1366,38850,0.01
6,40222,3302,1.0,4497,1366,38856,0.01
6,40228,3303,1.0,4498,1366,38862,0.01
6,40234,3304,1.0,4499,1366,38868,0.01
6,40240,3305,1.0,4500,1366,38874,0.01
6,40246,3306,1.0,4501,1366,38880,0.01
6,40252,3307,1.0,4502,1366,38886,0.01
6,40258,3308,1.0,4503,1366,38892,0.01
6,40264,3309,1.0,4504,1366,38898,0.01
6,40270,3310,1.0,4505,1366,38904,0.01
6,40276,3311,1.0,4506,1366,38910,0.01
6,40282,3312,1.0,4507,1366,38916,0.01
6,40288,3313,1.0,4508,1366,38922,0.01
6,40294,3314,1.0,4509,1366,38928,0.01
6,40300,3315,1.0,4510,1366,38934,0.01
6,40306,3316,1.0,4511,1366,38940,0.01
6,40312,3317,1.0,4512,1366,38946,0.01
6,40318,3318,1.0,4513,1366,38952,0.01
6,40324,3319,1.0,4514,1366,38958,0.01
6,40330,3320,1.0,4515,1366,38964,0.01
6,40336,3321,1.0,4516,1366,38970,0.01
6,40342,3322,1.0,4517,1366,38976,0.01
6,40348,3323,1.0,4518,1366,38982,0.01
6,40354,3324,1.0,4519,1366,38988,0.01
6,40360,3325,1.0,4520,1366,38994,0.01
6,40366,3326,1.0,4521,1366,39000,0.01
6,40372,3327,1.0,4522,1366,39006,0.01
6,40378,3328,1.0,4523,1366,39012,0.01
6,40384,3329,1.0,4524,1366,39018,0.01
6,40390,3330,1.0,4525,1366,39024,0.01
6,40396,3331,1.0,4526,1366,39030,0.01
6,40402,3332,1.0,4527,1366,39036,0.01
6,40408,3333,1.0,4528,1366,39042,0.01
6,40414,3334,1.0,4529,1366,39048,0.01
6,40420,3335,1.0,4530,1366,39054,0.01
6,40426,3336,1.0,4531,1366,39060,0.01
6,40432,3337,1.0,4532,1366,39066,0.01
6,40438,3338,1.0,4533,1366,39072,0.01
6,40444,3339,1.0,4534,1366,39078,0.01
13,40457,3340,1.0,4535,1367,39090,0.01
14,40471,3341,1.0,4536,1367,39104,0.01
14,40485,3342,1.0,4537,1367,39118,0.01
10,40495,3342,0.0,4538,1367,39128,0.01
9,40504,3342,0.0,4539,1367,39137,0.01
27,40531,3342,0.0,4540,1369,39162,0.01
25,40556,3342,0.0,4541,1369,39187,0.01
5,40561,3342,0.0,4542,1369,39192,0.01
9,40570,3342,0.0,4543,1369,39201,0.01
10,40580,3342,0.0,4544,1369,39211,0.01
6,40586,3342,0.0,4545,1369,39217,0.01
6,40592,3342,0.0,4546,1369,39223,0.01
6,40598,3343,1.0,4547,1369,39229,0.01
6,40604,3344,1.0,4548,1369,39235,0.01
6,40610,3345,1.0,4549,1369,39241,0.01
6,40616,3346,1.0,4550,1369,39247,0.01
6,40622,3347,1.0,4551,1369,39253,0.01
6,40628,3348,1.0,4552,1369,39259,0.01
6,40634,3349,1.0,4553,1369,39265,0.01
6,40640,3350,1.0,4554,1369,39271,0.01
6,40646,3351,1.0,4555,1369,39277,0.01
6,40652,3352,1.0,4556,1369,39283,0.01
6,40658,3353,1.0,4557,1369,39289,0.01
6,40664,3354,1.0,4558,1369,39295,0.01
6,40670,3355,1.0,4559,1369,39301,0.01
6,40676,3356,1.0,4560,1369,39307,0.01
6,40682,3357,1.0,4561,1369,39313,0.01
6,40688,3358,1.0,4562,1369,39319,0.01
6,40694,3359,1.0,4563,1369,39325,0.01
6,40700,3360,1.0,4564,1369,39331,0.01
6,40706,3361,1.0,4565,1369,39337,0.01
6,40712,3362,1.0,4566,1369,39343,0.01
6,40718,3363,1.0,4567,1369,39349,0.01
6,40724,3364,1.0,4568,1369,39355,0.01
6,40730,3365,1.0,4569,1369,39361,0.01
6,40736,3366,1.0,4570,1369,39367,0.01
6,40742,3367,1.0,4571,1369,39373,0.01
6,40748,3368,1.0,4572,1369,39379,0.01
6,40754,3369,1.0,4573,1369,39385,0.01
6,40760,3370,1.0,4574,1369,39391,0.01
6,40766,3371,1.0,4575,1369,39397,0.01
6,40772,3372,1.0,4576,1369,39403,0.01
6,40778,3373,1.0,4577,1369,39409,0.01
6,40784,3374,1.0,4578,1369,39415,0.01
9,40793,3374,0.0,4579,1370,39423,0.01
6,40799,3375,1.0,4580,1370,39429,0.01
6,40805,3376,1.0,4581,1370,39435,0.01
6,40811,3377,1.0,4582,1370,39441,0.01
6,40817,3378,1.0,4583,1370,39447,0.01
6,40823,3379,1.0,4584,1370,39453,0.01
6,40829,3380,1.0,4585,1370,39459,0.01
6,40835,3381,1.0,4586,1370,39465,0.01
6,40841,3382,1.0,4587,1370,39471,0.01
6,40847,3383,1.0,4588,1370,39477,0.01
6,40853,3384,1.0,4589,1370,39483,0.01
6,40859,3385,1.0,4590,1370,39489,0.01
6,40865,3386,1.0,4591,1370,39495,0.01
6,40871,3387,1.0,4592,1370,39501,0.01
6,40877,3388,1.0,4593,1370,39507,0.01
6,40883,3389,1.0,4594,1370,39513,0.01
6,40889,3390,1.0,4595,1370,39519,0.01
6,40895,3391,1.0,4596,1370,39525,0.01
6,40901,3392,1.0,4597,1370,39531,0.01
6,40907,3393,1.0,4598,1370,39537,0.01
6,40913,3394,1.0,4599,1370,39543,0.01
6,40919,3395,1.0,4600,1370,39549,0.01
6,40925,3396,1.0,4601,1370,39555,0.01
6,40931,3397,1.0,4602,1370,39561,0.01
6,40937,3398,1.0,4603,1370,39567,0.01
6,40943,3399,1.0,4604,1370,39573,0.01
6,40949,3400,1.0,4605,1370,39579,0.01
6,40955,3401,1.0,4606,1370,39585,0.01
6,40961,3402,1.0,4607,1370,39591,0.01
6,40967,3403,1.0,4608,1370,39597,0.01
6,40973,3404,1.0,4609,1370,39603,0.01
6,40979,3405,1.0,4610,1370,39609,0.01
6,40985,3406,1.0,4611,1370,39615,0.01
6,40991,3407,1.0,4612,1370,39621,0.01
6,40997,3408,1.0,4613,1370,39627,0.01
6,41003,3409,1.0,4614,1370,39633,0.01
6,41009,3410,1.0,4615,1370,39639,0.01
6,41015,3411,1.0,4616,1370,39645,0.01
6,41021,3412,1.0,4617,1370,39651,0.01
6,41027,3413,1.0,4618,1370,39657,0.01
6,41033,3414,1.0,4619,1370,39663,0.01
6,41039,3415,1.0,4620,1370,39669,0.01
8,41047,3415,0.0,4621,1371,39676,0.01
6,41053,3416,1.0,4622,1371,39682,0.01
6,41059,3417,1.0,4623,1371,39688,0.01
6,41065,3418,1.0,4624,1371,39694,0.01
6,41071,3419,1.0,4625,1371,39700,0.01
6,41077,3420,1.0,4626,1371,39706,0.01
6,41083,3421,1.0,4627,1371,39712,0.01
6,41089,3422,1.0,4628,1371,39718,0.01
16,41105,3423,1.0,4629,1372,39733,0.01
6,41111,3424,1.0,4630,1372,39739,0.01
6,41117,3425,1.0,4631,1372,39745,0.01
6,41123,3426,1.0,4632,1372,39751,0.01
6,41129,3427,1.0,4633,1372,39757,0.01
6,41135,3428,1.0,4634,1372,39763,0.01
6,41141,3429,1.0,4635,1372,39769,0.01
6,41147,3430,1.0,4636,1372,39775,0.01
6,41153,3431,1.0,4637,1372,39781,0.01
6,41159,3432,1.0,4638,1372,39787,0.01
6,41165,3433,1.0,4639,1372,39793,0.01
6,41171,3434,1.0,4640,1372,39799,0.01
6,41177,3435,1.0,4641,1372,39805,0.01
6,41183,3436,1.0,4642,1372,39811,0.01
6,41189,3437,1.0,4643,1373,39816,0.01
6,41195,3438,1.0,4644,1373,39822,0.01
6,41201,3439,1.0,4645,1373,39828,0.01
6,41207,3440,1.0,4646,1373,39834,0.01
6,41213,3441,1.0,4647,1373,39840,0.01
6,41219,3442,1.0,4648,1373,39846,0.01
6,41225,3443,1.0,4649,1373,39852,0.01
6,41231,3444,1.0,4650,1373,39858,0.01
6,41237,3445,1.0,4651,1373,39864,0.01
6,41243,3446,1.0,4652,1373,39870,0.01
6,41249,3447,1.0,4653,1373,39876,0.01
6,41255,3448,1.0,4654,1373,39882,0.01
6,41261,3449,1.0,4655,1373,39888,0.01
6,41267,3450,1.0,4656,1373,39894,0.01
6,41273,3451,1.0,4657,1373,39900,0.01
6,41279,3452,1.0,4658,1373,39906,0.01
6,41285,3453,1.0,4659,1373,39912,0.01
6,41291,3454,1.0,4660,1373,39918,0.01
6,41297,3455,1.0,4661,1373,39924,0.01
6,41303,3456,1.0,4662,1373,39930,0.01
6,41309,3457,1.0,4663,1373,39936,0.01
6,41315,3458,1.0,4664,1373,39942,0.01
6,41321,3459,1.0,4665,1373,39948,0.01
6,41327,3460,1.0,4666,1373,39954,0.01
6,41333,3461,1.0,4667,1373,39960,0.01
6,41339,3462,1.0,4668,1373,39966,0.01
6,41345,3463,1.0,4669,1373,39972,0.01
6,41351,3464,1.0,4670,1373,39978,0.01
6,41357,3465,1.0,4671,1373,39984,0.01
6,41363,3466,1.0,4672,1373,39990,0.01
6,41369,3467,1.0,4673,1373,39996,0.01
6,41375,3468,1.0,4674,1374,40001,0.01
6,41381,3469,1.0,4675,1374,40007,0.01
6,41387,3470,1.0,4676,1374,40013,0.01
6,41393,3471,1.0,4677,1374,40019,0.01
6,41399,3472,1.0,4678,1374,40025,0.01
6,41405,3473,1.0,4679,1374,40031,0.01
6,41411,3474,1.0,4680,1374,40037,0.01
6,41417,3475,1.0,4681,1374,40043,0.01
6,41423,3476,1.0,4682,1374,40049,0.01
6,41429,3477,1.0,4683,1374,40055,0.01
6,41435,3478,1.0,4684,1374,40061,0.01
6,41441,3479,1.0,4685,1375,40066,0.01
6,41447,3480,1.0,4686,1375,40072,0.01
6,41453,3481,1.0,4687,1375,40078,0.01
6,41459,3482,1.0,4688,1375,40084,0.01
6,41465,3483,1.0,4689,1375,40090,0.01
6,41471,3484,1.0,4690,1375,40096,0.01
6,41477,3485,1.0,4691,1375,40102,0.01
6,41483,3486,1.0,4692,1375,40108,0.01
6,41489,3487,1.0,4693,1375,40114,0.01
6,41495,3488,1.0,4694,1375,40120,0.01
6,41501,3489,1.0,4695,1375,40126,0.01
6,41507,3490,1.0,4696,1375,40132,0.01
6,41513,3491,1.0,4697,1375,40138,0.01
6,41519,3492,1.0,4698,1375,40144,0.01
6,41525,3493,1.0,4699,1375,40150,0.01
6,41531,3494,1.0,4700,1375,40156,0.01
6,41537,3495,1.0,4701,1375,40162,0.01
6,41543,3496,1.0,4702,1375,40168,0.01
6,41549,3497,1.0,4703,1375,40174,0.01
6,41555,3498,1.0,4704,1375,40180,0.01
6,41561,3499,1.0,4705,1375,40186,0.01
6,41567,3500,1.0,4706,1375,40192,0.01
6,41573,3501,1.0,4707,1375,40198,0.01
6,41579,3502,1.0,4708,1375,40204,0.01
6,41585,3503,1.0,4709,1375,40210,0.01
6,41591,3504,1.0,4710,1375,40216,0.01
6,41597,3505,1.0,4711,1375,40222,0.01
6,41603,3506,1.0,4712,1375,40228,0.01
6,41609,3507,1.0,4713,1375,40234,0.01
6,41615,3508,1.0,4714,1375,40240,0.01
6,41621,3509,1.0,4715,1375,40246,0.01
6,41627,3510,1.0,4716,1375,40252,0.01
6,41633,3511,1.0,4717,1375,40258,0.01
8,41641,3511,0.0,4718,1376,40265,0.01
4,41645,3511,0.0,4719,1377,40268,0.01
6,41651,3512,1.0,4720,1377,40274,0.01
6,41657,3513,1.0,4721,1377,40280,0.01
6,41663,3514,1.0,4722,1377,40286,0.01
6,41669,3515,1.0,4723,1377,40292,0.01
6,41675,3516,1.0,4724,1377,40298,0.01
6,41681,3517,1.0,4725,1377,40304,0.01
9,41690,3517,0.0,4726,1378,40312,0.01
6,41696,3518,1.0,4727,1378,40318,0.01
6,41702,3519,1.0,4728,1378,40324,0.01
6,41708,3520,1.0,4729,1378,40330,0.01
6,41714,3521,1.0,4730,1378,40336,0.01
6,41720,3522,1.0,4731,1378,40342,0.01
6,41726,3523,1.0,4732,1378,40348,0.01
6,41732,3524,1.0,4733,1378,40354,0.01
6,41738,3525,1.0,4734,1378,40360,0.01
6,41744,3526,1.0,4735,1378,40366,0.01
6,41750,3527,1.0,4736,1378,40372,0.01
6,41756,3528,1.0,4737,1378,40378,0.01
6,41762,3529,1.0,4738,1378,40384,0.01
6,41768,3530,1.0,4739,1378,40390,0.01
6,41774,3531,1.0,4740,1378,40396,0.01
6,41780,3532,1.0,4741,1378,40402,0.01
6,41786,3533,1.0,4742,1378,40408,0.01
6,41792,3534,1.0,4743,1378,40414,0.01
6,41798,3535,1.0,4744,1379,40419,0.01
6,41804,3536,1.0,4745,1380,40424,0.01
6,41810,3537,1.0,4746,1380,40430,0.01
6,41816,3538,1.0,4747,1380,40436,0.01
6,41822,3539,1.0,4748,1380,40442,0.01
6,41828,3540,1.0,4749,1380,40448,0.01
6,41834,3541,1.0,4750,1380,40454,0.01
6,41840,3542,1.0,4751,1380,40460,0.01
6,41846,3543,1.0,4752,1380,40466,0.01
6,41852,3544,1.0,4753,1380,40472,0.01
6,41858,3545,1.0,4754,1380,40478,0.01
6,41864,3546,1.0,4755,1380,40484,0.01
6,41870,3547,1.0,4756,1380,40490,0.01
6,41876,3548,1.0,4757,1380,40496,0.01
6,41882,3549,1.0,4758,1380,40502,0.01
6,41888,3550,1.0,4759,1380,40508,0.01
6,41894,3551,1.0,4760,1380,40514,0.01
6,41900,3552,1.0,4761,1380,40520,0.01
6,41906,3553,1.0,4762,1381,40525,0.01
8,41914,3553,0.0,4763,1382,40532,0.01
6,41920,3554,1.0,4764,1382,40538,0.01
6,41926,3555,1.0,4765,1382,40544,0.01
6,41932,3556,1.0,4766,1382,40550,0.01
6,41938,3557,1.0,4767,1382,40556,0.01
6,41944,3558,1.0,4768,1382,40562,0.01
6,41950,3559,1.0,4769,1382,40568,0.01
6,41956,3560,1.0,4770,1382,40574,0.01
6,41962,3561,1.0,4771,1382,40580,0.01
6,41968,3562,1.0,4772,1382,40586,0.01
6,41974,3563,1.0,4773,1382,40592,0.01
6,41980,3564,1.0,4774,1382,40598,0.01
6,41986,3565,1.0,4775,1382,40604,0.01
6,41992,3566,1.0,4776,1382,40610,0.01
6,41998,3567,1.0,4777,1382,40616,0.01
6,42004,3568,1.0,4778,1382,40622,0.01
6,42010,3569,1.0,4779,1382,40628,0.01
6,42016,3570,1.0,4780,1382,40634,0.01
6,42022,3571,1.0,4781,1382,40640,0.01
6,42028,3572,1.0,4782,1382,40646,0.01
6,42034,3573,1.0,4783,1382,40652,0.01
6,42040,3574,1.0,4784,1382,40658,0.01
6,42046,3575,1.0,4785,1382,40664,0.01
6,42052,3576,1.0,4786,1382,40670,0.01
9,42061,3576,0.0,4787,1383,40678,0.01
14,42075,3576,0.0,4788,1383,40692,0.01
25,42100,3576,0.0,4789,1383,40717,0.01
27,42127,3576,0.0,4790,1385,40742,0.01
20,42147,3576,0.0,4791,1385,40762,0.01
22,42169,3576,0.0,4792,1385,40784,0.01
41,42210,3576,0.0,4793,1385,40825,0.01
20,42230,3576,0.0,4794,1385,40845,0.01
25,42255,3576,0.0,4795,1385,40870,0.01
36,42291,3576,0.0,4796,1385,40906,0.01
24,42315,3576,0.0,4797,1385,40930,0.01
22,42337,3576,0.0,4798,1385,40952,0.01
33,42370,3577,1.0,4799,1386,40984,0.01
36,42406,3577,0.0,4800,1386,41020,0.01
25,42431,3577,0.0,4801,1386,41045,0.01
35,42466,3577,0.0,4802,1387,41079,0.01
8,42474,3577,0.0,4803,1387,41087,0.01
16,42490,3577,0.0,4804,1387,41103,0.01
15,42505,3577,0.0,4805,1387,41118,0.01
17,42522,3577,0.0,4806,1387,41135,0.01
20,42542,3578,1.0,4807,1387,41155,0.01
18,42560,3578,0.0,4808,1387,41173,0.01
20,42580,3578,0.0,4809,1387,41193,0.01
20,42600,3578,0.0,4810,1387,41213,0.01
20,42620,3578,0.0,4811,1387,41233,0.01
20,42640,3578,0.0,4812,1387,41253,0.01
22,42662,3578,0.0,4813,1387,41275,0.01
20,42682,3578,0.0,4814,1387,41295,0.01
20,42702,3579,1.0,4815,1388,41314,0.01
18,42720,3579,0.0,4816,1388,41332,0.01
20,42740,3579,0.0,4817,1388,41352,0.01
20,42760,3579,0.0,4818,1388,41372,0.01
20,42780,3579,0.0,4819,1388,41392,0.01
20,42800,3579,0.0,4820,1388,41412,0.01
20,42820,3579,0.0,4821,1388,41432,0.01
22,42842,3579,0.0,4822,1388,41454,0.01
20,42862,3579,0.0,4823,1388,41474,0.01
19,42881,3579,0.0,4824,1388,41493,0.01
20,42901,3579,0.0,4825,1388,41513,0.01
20,42921,3579,0.0,4826,1388,41533,0.01
17,42938,3579,0.0,4827,1389,41549,0.01
20,42958,3579,0.0,4828,1389,41569,0.01
20,42978,3579,0.0,4829,1389,41589,0.01
20,42998,3579,0.0,4830,1389,41609,0.01
20,43018,3579,0.0,4831,1389,41629,0.01
20,43038,3579,0.0,4832,1389,41649,0.01
13,43051,3579,0.0,4833,1389,41662,0.01
15,43066,3579,0.0,4834,1389,41677,0.01
16,43082,3579,0.0,4835,1389,41693,0.01
13,43095,3579,0.0,4836,1389,41706,0.01
8,43103,3579,0.0,4837,1389,41714,0.01
13,43116,3579,0.0,4838,1389,41727,0.01
35,43151,3579,0.0,4839,1389,41762,0.01
13,43164,3579,0.0,4840,1389,41775,0.01
13,43177,3579,0.0,4841,1389,41788,0.01
13,43190,3579,0.0,4842,1389,41801,0.01
8,43198,3579,0.0,4843,1389,41809,0.01
7,43205,3579,0.0,4844,1389,41816,0.01
8,43213,3579,0.0,4845,1389,41824,0.01
8,43221,3579,0.0,4846,1389,41832,0.01
9,43230,3579,0.0,4847,1389,41841,0.01
7,43237,3579,0.0,4848,1389,41848,0.01
8,43245,3579,0.0,4849,1390,41855,0.01
17,43262,3579,0.0,4850,1390,41872,0.01
8,43270,3579,0.0,4851,1390,41880,0.01
15,43285,3579,0.0,4852,1390,41895,0.01
5,43290,3579,0.0,4853,1390,41900,0.01
9,43299,3579,0.0,4854,1390,41909,0.01
13,43312,3579,0.0,4855,1390,41922,0.01
36,43348,3579,0.0,4856,1390,41958,0.01
13,43361,3579,0.0,4857,1390,41971,0.01
13,43374,3579,0.0,4858,1390,41984,0.01
35,43409,3579,0.0,4859,1390,42019,0.01
6,43415,3579,0.0,4860,1391,42024,0.01
12,43427,3579,0.0,4861,1391,42036,0.01
13,43440,3579,0.0,4862,1391,42049,0.01
33,43473,3580,1.0,4863,1391,42082,0.01
10,43483,3580,0.0,4864,1391,42092,0.01
10,43493,3580,0.0,4865,1391,42102,0.01
13,43506,3580,0.0,4866,1391,42115,0.01
13,43519,3580,0.0,4867,1391,42128,0.01
15,43534,3580,0.0,4868,1391,42143,0.01
28,43562,3580,0.0,4869,1392,42170,0.01
17,43579,3581,1.0,4870,1392,42187,0.01
17,43596,3582,1.0,4871,1393,42203,0.01
17,43613,3583,1.0,4872,1393,42220,0.01
17,43630,3584,1.0,4873,1393,42237,0.01
17,43647,3585,1.0,4874,1393,42254,0.01
28,43675,3585,0.0,4875,1394,42281,0.01
17,43692,3586,1.0,4876,1394,42298,0.01
17,43709,3587,1.0,4877,1395,42314,0.01
15,43724,3587,0.0,4878,1396,42328,0.01
27,43751,3587,0.0,4879,1397,42354,0.01
17,43768,3588,1.0,4880,1398,42370,0.01
17,43785,3589,1.0,4881,1399,42386,0.01
15,43800,3589,0.0,4882,1400,42400,0.01
17,43817,3590,1.0,4883,1400,42417,0.01
17,43834,3591,1.0,4884,1400,42434,0.01
17,43851,3592,1.0,4885,1400,42451,0.01
17,43868,3593,1.0,4886,1400,42468,0.01
17,43885,3594,1.0,4887,1400,42485,0.01
17,43902,3595,1.0,4888,1400,42502,0.01
17,43919,3596,1.0,4889,1400,42519,0.01
17,43936,3597,1.0,4890,1400,42536,0.01
17,43953,3598,1.0,4891,1400,42553,0.01
10,43963,3598,0.0,4892,1401,42562,0.01
7,43970,3598,0.0,4893,1401,42569,0.01
3,43973,3598,0.0,4894,1401,42572,0.01
11,43984,3598,0.0,4895,1401,42583,0.01
14,43998,3598,0.0,4896,1401,42597,0.01
14,44012,3598,0.0,4897,1401,42611,0.01
2,44014,3598,0.0,4898,1402,42612,0.01
3,44017,3598,0.0,4899,1402,42615,0.01
17,44034,3599,1.0,4900,1402,42632,0.01
17,44051,3600,1.0,4901,1402,42649,0.01
17,44068,3601,1.0,4902,1402,42666,0.01
17,44085,3602,1.0,4903,1402,42683,0.01
17,44102,3603,1.0,4904,1402,42700,0.01
17,44119,3604,1.0,4905,1402,42717,0.01
17,44136,3605,1.0,4906,1402,42734,0.01
17,44153,3606,1.0,4907,1402,42751,0.01
17,44170,3607,1.0,4908,1402,42768,0.01
17,44187,3608,1.0,4909,1402,42785,0.01
17,44204,3609,1.0,4910,1402,42802,0.01
17,44221,3610,1.0,4911,1403,42818,0.01
17,44238,3611,1.0,4912,1403,42835,0.01
16,44254,3611,0.0,4913,1404,42850,0.01
17,44271,3612,1.0,4914,1404,42867,0.01
17,44288,3613,1.0,4915,1404,42884,0.01
17,44305,3614,1.0,4916,1404,42901,0.01
17,44322,3615,1.0,4917,1404,42918,0.01
17,44339,3616,1.0,4918,1404,42935,0.01
17,44356,3617,1.0,4919,1404,42952,0.01
17,44373,3618,1.0,4920,1404,42969,0.01
17,44390,3619,1.0,4921,1404,42986,0.01
17,44407,3620,1.0,4922,1404,43003,0.01
17,44424,3621,1.0,4923,1404,43020,0.01
17,44441,3622,1.0,4924,1405,43036,0.01
17,44458,3623,1.0,4925,1405,43053,0.01
17,44475,3624,1.0,4926,1405,43070,0.01
17,44492,3625,1.0,4927,1405,43087,0.01
17,44509,3626,1.0,4928,1405,43104,0.01
17,44526,3627,1.0,4929,1405,43121,0.01
17,44543,3628,1.0,4930,1405,43138,0.01
17,44560,3629,1.0,4931,1405,43155,0.01
17,44577,3630,1.0,4932,1405,43172,0.01
17,44594,3631,1.0,4933,1405,43189,0.01
17,44611,3632,1.0,4934,1406,43205,0.01
17,44628,3633,1.0,4935,1406,43222,0.01
17,44645,3634,1.0,4936,1406,43239,0.01
17,44662,3635,1.0,4937,1406,43256,0.01
17,44679,3636,1.0,4938,1406,43273,0.01
17,44696,3637,1.0,4939,1406,43290,0.01
17,44713,3638,1.0,4940,1406,43307,0.01
17,44730,3639,1.0,4941,1406,43324,0.01
17,44747,3640,1.0,4942,1406,43341,0.01
10,44757,3640,0.0,4943,1407,43350,0.01
2,44759,3640,0.0,4944,1407,43352,0.01
6,44765,3640,0.0,4945,1407,43358,0.01
10,44775,3640,0.0,4946,1407,43368,0.01
17,44792,3641,1.0,4947,1407,43385,0.01
10,44802,3641,0.0,4948,1407,43395,0.01
2,44804,3641,0.0,4949,1407,43397,0.01
2,44806,3641,0.0,4950,1407,43399,0.01
2,44808,3641,0.0,4951,1407,43401,0.01
6,44814,3641,0.0,4952,1407,43407,0.01
17,44831,3642,1.0,4953,1407,43424,0.01
6,44837,3642,0.0,4954,1407,43430,0.01
17,44854,3643,1.0,4955,1408,43446,0.01
17,44871,3644,1.0,4956,1408,43463,0.01
17,44888,3645,1.0,4957,1408,43480,0.01
17,44905,3646,1.0,4958,1408,43497,0.01
17,44922,3647,1.0,4959,1408,43514,0.01
17,44939,3648,1.0,4960,1408,43531,0.01
17,44956,3649,1.0,4961,1408,43548,0.01
17,44973,3650,1.0,4962,1408,43565,0.01
17,44990,3651,1.0,4963,1408,43582,0.01
17,45007,3652,1.0,4964,1408,43599,0.01
17,45024,3653,1.0,4965,1408,43616,0.01
17,45041,3654,1.0,4966,1408,43633,0.01
10,45051,3654,0.0,4967,1409,43642,0.01
5,45056,3654,0.0,4968,1409,43647,0.01
6,45062,3654,0.0,4969,1409,43653,0.01
17,45079,3655,1.0,4970,1409,43670,0.01
6,45085,3655,0.0,4971,1409,43676,0.01
10,45095,3655,0.0,4972,1409,43686,0.01
2,45097,3655,0.0,4973,1409,43688,0.01
2,45099,3655,0.0,4974,1409,43690,0.01
17,45116,3656,1.0,4975,1409,43707,0.01
5,45121,3656,0.0,4976,1409,43712,0.01
17,45138,3657,1.0,4977,1409,43729,0.01
10,45148,3657,0.0,4978,1410,43738,0.01
2,45150,3657,0.0,4979,1410,43740,0.01
2,45152,3657,0.0,4980,1410,43742,0.01
10,45162,3657,0.0,4981,1410,43752,0.01
10,45172,3657,0.0,4982,1410,43762,0.01
2,45174,3657,0.0,4983,1410,43764,0.01
2,45176,3657,0.0,4984,1410,43766,0.01
10,45186,3657,0.0,4985,1410,43776,0.01
17,45203,3658,1.0,4986,1410,43793,0.01
17,45220,3659,1.0,4987,1410,43810,0.01
17,45237,3660,1.0,4988,1410,43827,0.01
14,45251,3660,0.0,4989,1411,43840,0.01
17,45268,3661,1.0,4990,1411,43857,0.01
17,45285,3662,1.0,4991,1411,43874,0.01
17,45302,3663,1.0,4992,1411,43891,0.01
17,45319,3664,1.0,4993,1411,43908,0.01
17,45336,3665,1.0,4994,1411,43925,0.01
17,45353,3666,1.0,4995,1411,43942,0.01
17,45370,3667,1.0,4996,1411,43959,0.01
17,45387,3668,1.0,4997,1411,43976,0.01
17,45404,3669,1.0,4998,1412,43992,0.01
17,45421,3670,1.0,4999,1412,44009,0.01
17,45438,3671,1.0,5000,1412,44026,0.01
17,45455,3672,1.0,5001,1412,44043,0.01
17,45472,3673,1.0,5002,1412,44060,0.01
17,45489,3674,1.0,5003,1412,44077,0.01
16,45505,3674,0.0,5004,1413,44092,0.01
17,45522,3675,1.0,5005,1413,44109,0.01
17,45539,3676,1.0,5006,1413,44126,0.01
16,45555,3676,0.0,5007,1414,44141,0.01
17,45572,3677,1.0,5008,1414,44158,0.01
17,45589,3678,1.0,5009,1414,44175,0.01
17,45606,3679,1.0,5010,1414,44192,0.01
17,45623,3680,1.0,5011,1414,44209,0.01
17,45640,3681,1.0,5012,1414,44226,0.01
17,45657,3682,1.0,5013,1414,44243,0.01
17,45674,3683,1.0,5014,1414,44260,0.01
17,45691,3684,1.0,5015,1415,44276,0.01
17,45708,3685,1.0,5016,1415,44293,0.01
17,45725,3686,1.0,5017,1415,44310,0.01
17,45742,3687,1.0,5018,1415,44327,0.01
17,45759,3688,1.0,5019,1415,44344,0.01
17,45776,3689,1.0,5020,1415,44361,0.01
17,45793,3690,1.0,5021,1415,44378,0.01
17,45810,3691,1.0,5022,1415,44395,0.01
17,45827,3692,1.0,5023,1417,44410,0.01
17,45844,3693,1.0,5024,1417,44427,0.01
17,45861,3694,1.0,5025,1417,44444,0.01
17,45878,3695,1.0,5026,1417,44461,0.01
17,45895,3696,1.0,5027,1417,44478,0.01
17,45912,3697,1.0,5028,1417,44495,0.01
17,45929,3698,1.0,5029,1417,44512,0.01
17,45946,3699,1.0,5030,1417,44529,0.01
17,45963,3700,1.0,5031,1417,44546,0.01
17,45980,3701,1.0,5032,1417,44563,0.01
17,45997,3702,1.0,5033,1417,44580,0.01
17,46014,3703,1.0,5034,1417,44597,0.01
17,46031,3704,1.0,5035,1417,44614,0.01
17,46048,3705,1.0,5036,1417,44631,0.01
17,46065,3706,1.0,5037,1417,44648,0.01
17,46082,3707,1.0,5038,1417,44665,0.01
17,46099,3708,1.0,5039,1417,44682,0.01
17,46116,3709,1.0,5040,1417,44699,0.01
17,46133,3710,1.0,5041,1418,44715,0.01
17,46150,3711,1.0,5042,1418,44732,0.01
10,46160,3711,0.0,5043,1419,44741,0.01
15,46175,3711,0.0,5044,1421,44754,0.01
9,46184,3711,0.0,5045,1421,44763,0.01
13,46197,3711,0.0,5046,1421,44776,0.01
14,46211,3711,0.0,5047,1421,44790,0.01
10,46221,3711,0.0,5048,1422,44799,0.01
9,46230,3711,0.0,5049,1422,44808,0.01
10,46240,3711,0.0,5050,1422,44818,0.01
25,46265,3711,0.0,5051,1422,44843,0.01
15,46280,3711,0.0,5052,1422,44858,0.01
14,46294,3711,0.0,5053,1422,44872,0.01
7,46301,3711,0.0,5054,1422,44879,0.01
10,46311,3711,0.0,5055,1422,44889,0.01
13,46324,3711,0.0,5056,1422,44902,0.01
8,46332,3711,0.0,5057,1422,44910,0.01
13,46345,3711,0.0,5058,1422,44923,0.01
14,46359,3711,0.0,5059,1422,44937,0.01
14,46373,3711,0.0,5060,1422,44951,0.01
13,46386,3711,0.0,5061,1423,44963,0.01
9,46395,3711,0.0,5062,1423,44972,0.01
9,46404,3711,0.0,5063,1423,44981,0.01
16,46420,3711,0.0,5064,1423,44997,0.01
7,46427,3711,0.0,5065,1423,45004,0.01
7,46434,3711,0.0,5066,1423,45011,0.01
15,46449,3711,0.0,5067,1423,45026,0.01
14,46463,3711,0.0,5068,1423,45040,0.01
13,46476,3711,0.0,5069,1423,45053,0.01
18,46494,3711,0.0,5070,1423,45071,0.01
13,46507,3711,0.0,5071,1423,45084,0.01
13,46520,3711,0.0,5072,1423,45097,0.01
91,46611,3711,0.0,5073,1423,45188,0.01
13,46624,3711,0.0,5074,1423,45201,0.01
8,46632,3711,0.0,5075,1423,45209,0.01
12,46644,3712,1.0,5076,1424,45220,0.01
10,46654,3712,0.0,5077,1424,45230,0.01
10,46664,3712,0.0,5078,1424,45240,0.01
10,46674,3712,0.0,5079,1424,45250,0.01
10,46684,3712,0.0,5080,1424,45260,0.01
10,46694,3713,1.0,5081,1424,45270,0.01
10,46704,3713,0.0,5082,1424,45280,0.01
10,46714,3713,0.0,5083,1424,45290,0.01
10,46724,3713,0.0,5084,1424,45300,0.01
10,46734,3713,0.0,5085,1424,45310,0.01
9,46743,3714,1.0,5086,1424,45319,0.01
13,46756,3715,1.0,5087,1424,45332,0.01
13,46769,3716,1.0,5088,1424,45345,0.01
13,46782,3717,1.0,5089,1425,45357,0.01
13,46795,3718,1.0,5090,1426,45369,0.01
19,46814,3718,0.0,5091,1426,45388,0.01
13,46827,3719,1.0,5092,1426,45401,0.01
13,46840,3720,1.0,5093,1426,45414,0.01
13,46853,3721,1.0,5094,1426,45427,0.01
13,46866,3722,1.0,5095,1426,45440,0.01
13,46879,3723,1.0,5096,1426,45453,0.01
13,46892,3724,1.0,5097,1426,45466,0.01
13,46905,3725,1.0,5098,1426,45479,0.01
83,46988,3725,0.0,5099,1427,45561,0.01
13,47001,3725,0.0,5100,1427,45574,0.01
15,47016,3725,0.0,5101,1427,45589,0.01
15,47031,3725,0.0,5102,1427,45604,0.01
15,47046,3725,0.0,5103,1427,45619,0.01
15,47061,3725,0.0,5104,1427,45634,0.01
16,47077,3725,0.0,5105,1427,45650,0.01
16,47093,3725,0.0,5106,1427,45666,0.01
20,47113,3725,0.0,5107,1428,45685,0.01
16,47129,3725,0.0,5108,1428,45701,0.01
18,47147,3726,1.0,5109,1428,45719,0.01
9,47156,3726,0.0,5110,1428,45728,0.01
9,47165,3726,0.0,5111,1428,45737,0.01
9,47174,3726,0.0,5112,1429,45745,0.01
28,47202,3726,0.0,5113,1429,45773,0.01
32,47234,3726,0.0,5114,1430,45804,0.01
41,47275,3727,1.0,5115,1430,45845,0.01
28,47303,3727,0.0,5116,1431,45872,0.01
28,47331,3727,0.0,5117,1432,45899,0.01
9,47340,3727,0.0,5118,1432,45908,0.01
28,47368,3727,0.0,5119,1432,45936,0.01
28,47396,3727,0.0,5120,1432,45964,0.01
29,47425,3727,0.0,5121,1432,45993,0.01
40,47465,3727,0.0,5122,1433,46032,0.01
13,47478,3728,1.0,5123,1433,46045,0.01
29,47507,3728,0.0,5124,1433,46074,0.01
40,47547,3728,0.0,5125,1434,46113,0.01
13,47560,3729,1.0,5126,1434,46126,0.01
6,47566,3729,0.0,5127,1435,46131,0.01
13,47579,3730,1.0,5128,1435,46144,0.01
13,47592,3731,1.0,5129,1435,46157,0.01
13,47605,3732,1.0,5130,1435,46170,0.01
13,47618,3733,1.0,5131,1435,46183,0.01
13,47631,3734,1.0,5132,1435,46196,0.01
13,47644,3735,1.0,5133,1435,46209,0.01
13,47657,3736,1.0,5134,1435,46222,0.01
13,47670,3737,1.0,5135,1435,46235,0.01
13,47683,3738,1.0,5136,1435,46248,0.01
13,47696,3739,1.0,5137,1435,46261,0.01
13,47709,3740,1.0,5138,1435,46274,0.01
13,47722,3741,1.0,5139,1435,46287,0.01
13,47735,3742,1.0,5140,1435,46300,0.01
29,47764,3742,0.0,5141,1436,46328,0.01
13,47777,3743,1.0,5142,1436,46341,0.01
13,47790,3744,1.0,5143,1436,46354,0.01
13,47803,3745,1.0,5144,1436,46367,0.01
13,47816,3746,1.0,5145,1436,46380,0.01
13,47829,3747,1.0,5146,1436,46393,0.01
13,47842,3748,1.0,5147,1436,46406,0.01
13,47855,3749,1.0,5148,1436,46419,0.01
13,47868,3750,1.0,5149,1436,46432,0.01
13,47881,3751,1.0,5150,1436,46445,0.01
13,47894,3752,1.0,5151,1436,46458,0.01
13,47907,3753,1.0,5152,1436,46471,0.01
13,47920,3754,1.0,5153,1436,46484,0.01
16,47936,3754,0.0,5154,1437,46499,0.01
13,47949,3755,1.0,5155,1437,46512,0.01
13,47962,3756,1.0,5156,1437,46525,0.01
13,47975,3757,1.0,5157,1437,46538,0.01
13,47988,3758,1.0,5158,1437,46551,0.01
13,48001,3759,1.0,5159,1437,46564,0.01
29,48030,3759,0.0,5160,1438,46592,0.01
13,48043,3760,1.0,5161,1438,46605,0.01
13,48056,3761,1.0,5162,1438,46618,0.01
13,48069,3762,1.0,5163,1438,46631,0.01
14,48083,3762,0.0,5164,1439,46644,0.01
29,48112,3762,0.0,5165,1440,46672,0.01
55,48167,3763,1.0,5166,1440,46727,0.01
27,48194,3763,0.0,5167,1442,46752,0.01
14,48208,3763,0.0,5168,1442,46766,0.01
45,48253,3763,0.0,5169,1442,46811,0.01
14,48267,3764,1.0,5170,1442,46825,0.01
14,48281,3765,1.0,5171,1442,46839,0.01
14,48295,3766,1.0,5172,1442,46853,0.01
14,48309,3767,1.0,5173,1442,46867,0.01
14,48323,3768,1.0,5174,1442,46881,0.01
14,48337,3769,1.0,5175,1442,46895,0.01
14,48351,3770,1.0,5176,1442,46909,0.01
14,48365,3771,1.0,5177,1442,46923,0.01
14,48379,3772,1.0,5178,1442,46937,0.01
14,48393,3773,1.0,5179,1442,46951,0.01
14,48407,3774,1.0,5180,1442,46965,0.01
14,48421,3775,1.0,5181,1442,46979,0.01
14,48435,3776,1.0,5182,1442,46993,0.01
14,48449,3777,1.0,5183,1442,47007,0.01
14,48463,3778,1.0,5184,1442,47021,0.01
14,48477,3779,1.0,5185,1442,47035,0.01
14,48491,3780,1.0,5186,1442,47049,0.01
14,48505,3781,1.0,5187,1442,47063,0.01
14,48519,3782,1.0,5188,1442,47077,0.01
14,48533,3783,1.0,5189,1442,47091,0.01
14,48547,3784,1.0,5190,1442,47105,0.01
10,48557,3784,0.0,5191,1443,47114,0.01
14,48571,3785,1.0,5192,1443,47128,0.01
14,48585,3786,1.0,5193,1443,47142,0.01
14,48599,3787,1.0,5194,1443,47156,0.01
14,48613,3788,1.0,5195,1443,47170,0.01
14,48627,3789,1.0,5196,1443,47184,0.01
14,48641,3790,1.0,5197,1443,47198,0.01
14,48655,3790,0.0,5198,1444,47211,0.01
14,48669,3791,1.0,5199,1444,47225,0.01
14,48683,3792,1.0,5200,1444,47239,0.01
14,48697,3793,1.0,5201,1444,47253,0.01
14,48711,3794,1.0,5202,1445,47266,0.01
14,48725,3795,1.0,5203,1445,47280,0.01
10,48735,3795,0.0,5204,1446,47289,0.01
14,48749,3796,1.0,5205,1446,47303,0.01
14,48763,3797,1.0,5206,1446,47317,0.01
14,48777,3798,1.0,5207,1446,47331,0.01
14,48791,3799,1.0,5208,1446,47345,0.01
14,48805,3800,1.0,5209,1446,47359,0.01
14,48819,3801,1.0,5210,1446,47373,0.01
14,48833,3802,1.0,5211,1446,47387,0.01
14,48847,3803,1.0,5212,1446,47401,0.01
14,48861,3804,1.0,5213,1446,47415,0.01
14,48875,3805,1.0,5214,1446,47429,0.01
14,48889,3806,1.0,5215,1446,47443,0.01
14,48903,3807,1.0,5216,1447,47456,0.01
14,48917,3808,1.0,5217,1447,47470,0.01
14,48931,3809,1.0,5218,1447,47484,0.01
14,48945,3810,1.0,5219,1448,47497,0.01
14,48959,3811,1.0,5220,1448,47511,0.01
14,48973,3812,1.0,5221,1448,47525,0.01
14,48987,3813,1.0,5222,1448,47539,0.01
14,49001,3814,1.0,5223,1448,47553,0.01
71,49072,3815,1.0,5224,1449,47623,0.01
14,49086,3816,1.0,5225,1449,47637,0.01
14,49100,3817,1.0,5226,1449,47651,0.01
14,49114,3818,1.0,5227,1449,47665,0.01
14,49128,3819,1.0,5228,1450,47678,0.01
14,49142,3820,1.0,5229,1450,47692,0.01
14,49156,3821,1.0,5230,1450,47706,0.01
12,49168,3821,0.0,5231,1451,47717,0.01
14,49182,3822,1.0,5232,1451,47731,0.01
14,49196,3823,1.0,5233,1451,47745,0.01
14,49210,3824,1.0,5234,1451,47759,0.01
14,49224,3825,1.0,5235,1451,47773,0.01
14,49238,3826,1.0,5236,1451,47787,0.01
14,49252,3827,1.0,5237,1451,47801,0.01
14,49266,3828,1.0,5238,1451,47815,0.01
14,49280,3829,1.0,5239,1451,47829,0.01
14,49294,3830,1.0,5240,1451,47843,0.01
14,49308,3831,1.0,5241,1451,47857,0.01
14,49322,3832,1.0,5242,1451,47871,0.01
38,49360,3832,0.0,5243,1453,47907,0.01
14,49374,3833,1.0,5244,1453,47921,0.01
14,49388,3834,1.0,5245,1453,47935,0.01
14,49402,3835,1.0,5246,1453,47949,0.01
14,49416,3836,1.0,5247,1453,47963,0.01
14,49430,3837,1.0,5248,1453,47977,0.01
14,49444,3838,1.0,5249,1453,47991,0.01
14,49458,3839,1.0,5250,1453,48005,0.01
14,49472,3840,1.0,5251,1453,48019,0.01
14,49486,3841,1.0,5252,1453,48033,0.01
14,49500,3842,1.0,5253,1453,48047,0.01
14,49514,3843,1.0,5254,1453,48061,0.01
14,49528,3844,1.0,5255,1454,48074,0.01
14,49542,3845,1.0,5256,1454,48088,0.01
14,49556,3846,1.0,5257,1454,48102,0.01
14,49570,3847,1.0,5258,1454,48116,0.01
14,49584,3848,1.0,5259,1454,48130,0.01
14,49598,3849,1.0,5260,1454,48144,0.01
14,49612,3850,1.0,5261,1454,48158,0.01
14,49626,3851,1.0,5262,1454,48172,0.01
14,49640,3852,1.0,5263,1454,48186,0.01
14,49654,3853,1.0,5264,1454,48200,0.01
14,49668,3854,1.0,5265,1454,48214,0.01
26,49694,3854,0.0,5266,1455,48239,0.01
15,49709,3854,0.0,5267,1456,48253,0.01
15,49724,3854,0.0,5268,1456,48268,0.01
15,49739,3854,0.0,5269,1456,48283,0.01
15,49754,3855,1.0,5270,1456,48298,0.01
15,49769,3856,1.0,5271,1456,48313,0.01
15,49784,3857,1.0,5272,1456,48328,0.01
17,49801,3857,0.0,5273,1456,48345,0.01
25,49826,3857,0.0,5274,1456,48370,0.01
10,49836,3857,0.0,5275,1456,48380,0.01
37,49873,3857,0.0,5276,1457,48416,0.01
42,49915,3857,0.0,5277,1458,48457,0.01
17,49932,3857,0.0,5278,1458,48474,0.01
19,49951,3857,0.0,5279,1458,48493,0.01
26,49977,3857,0.0,5280,1458,48519,0.01
19,49996,3857,0.0,5281,1459,48537,0.01
19,50015,3857,0.0,5282,1459,48556,0.01
85,50100,3858,1.0,5283,1461,48639,0.01
78,50178,3859,1.0,5284,1462,48716,0.01
78,50256,3860,1.0,5285,1463,48793,0.01
79,50335,3860,0.0,5286,1463,48872,0.01
34,50369,3860,0.0,5287,1463,48906,0.01
27,50396,3860,0.0,5288,1463,48933,0.01
2,50398,3860,0.0,5289,1463,48935,0.01
78,50476,3861,1.0,5290,1464,49012,0.01
52,50528,3861,0.0,5291,1464,49064,0.01
14,50542,3861,0.0,5292,1464,49078,0.01
14,50556,3862,1.0,5293,1464,49092,0.01
14,50570,3863,1.0,5294,1464,49106,0.01
14,50584,3864,1.0,5295,1464,49120,0.01
14,50598,3865,1.0,5296,1464,49134,0.01
66,50664,3865,0.0,5297,1466,49198,0.01
14,50678,3866,1.0,5298,1466,49212,0.01
14,50692,3866,0.0,5299,1466,49226,0.01
14,50706,3866,0.0,5300,1466,49240,0.01
14,50720,3866,0.0,5301,1466,49254,0.01
14,50734,3866,0.0,5302,1466,49268,0.01
14,50748,3866,0.0,5303,1466,49282,0.01
14,50762,3866,0.0,5304,1466,49296,0.01
13,50775,3867,1.0,5305,1466,49309,0.01
13,50788,3868,1.0,5306,1466,49322,0.01
13,50801,3869,1.0,5307,1466,49335,0.01
13,50814,3870,1.0,5308,1467,49347,0.01
13,50827,3871,1.0,5309,1467,49360,0.01
13,50840,3872,1.0,5310,1467,49373,0.01
13,50853,3873,1.0,5311,1467,49386,0.01
15,50868,3873,0.0,5312,1468,49400,0.01
13,50881,3874,1.0,5313,1468,49413,0.01
13,50894,3875,1.0,5314,1468,49426,0.01
13,50907,3876,1.0,5315,1469,49438,0.01
13,50920,3877,1.0,5316,1469,49451,0.01
13,50933,3878,1.0,5317,1469,49464,0.01
13,50946,3879,1.0,5318,1469,49477,0.01
13,50959,3880,1.0,5319,1469,49490,0.01
13,50972,3881,1.0,5320,1469,49503,0.01
13,50985,3882,1.0,5321,1469,49516,0.01
13,50998,3883,1.0,5322,1469,49529,0.01
10,51008,3883,0.0,5323,1470,49538,0.01
13,51021,3884,1.0,5324,1470,49551,0.01
13,51034,3885,1.0,5325,1470,49564,0.01
13,51047,3886,1.0,5326,1470,49577,0.01
13,51060,3887,1.0,5327,1470,49590,0.01
13,51073,3888,1.0,5328,1470,49603,0.01
13,51086,3889,1.0,5329,1470,49616,0.01
13,51099,3890,1.0,5330,1470,49629,0.01
13,51112,3891,1.0,5331,1470,49642,0.01
13,51125,3892,1.0,5332,1470,49655,0.01
13,51138,3893,1.0,5333,1470,49668,0.01
13,51151,3894,1.0,5334,1470,49681,0.01
13,51164,3895,1.0,5335,1470,49694,0.01
13,51177,3896,1.0,5336,1470,49707,0.01
13,51190,3897,1.0,5337,1470,49720,0.01
13,51203,3898,1.0,5338,1470,49733,0.01
13,51216,3899,1.0,5339,1470,49746,0.01
13,51229,3900,1.0,5340,1471,49758,0.01
29,51258,3900,0.0,5341,1472,49786,0.01
13,51271,3901,1.0,5342,1472,49799,0.01
3,51274,3901,0.0,5343,1472,49802,0.01
13,51287,3902,1.0,5344,1472,49815,0.01
13,51300,3903,1.0,5345,1472,49828,0.01
13,51313,3904,1.0,5346,1472,49841,0.01
13,51326,3905,1.0,5347,1472,49854,0.01
13,51339,3906,1.0,5348,1472,49867,0.01
13,51352,3907,1.0,5349,1472,49880,0.01
13,51365,3908,1.0,5350,1472,49893,0.01
13,51378,3909,1.0,5351,1472,49906,0.01
13,51391,3910,1.0,5352,1472,49919,0.01
13,51404,3911,1.0,5353,1472,49932,0.01
13,51417,3912,1.0,5354,1472,49945,0.01
13,51430,3913,1.0,5355,1472,49958,0.01
13,51443,3914,1.0,5356,1472,49971,0.01
13,51456,3915,1.0,5357,1472,49984,0.01
29,51485,3915,0.0,5358,1473,50012,0.01
13,51498,3916,1.0,5359,1473,50025,0.01
13,51511,3917,1.0,5360,1473,50038,0.01
17,51528,3917,0.0,5361,1474,50054,0.01
15,51543,3917,0.0,5362,1474,50069,0.01
13,51556,3918,1.0,5363,1474,50082,0.01
29,51585,3918,0.0,5364,1475,50110,0.01
4,51589,3918,0.0,5365,1475,50114,0.01
15,51604,3918,0.0,5366,1475,50129,0.01
19,51623,3918,0.0,5367,1476,50147,0.01
13,51636,3919,1.0,5368,1476,50160,0.01
13,51649,3920,1.0,5369,1476,50173,0.01
13,51662,3921,1.0,5370,1476,50186,0.01
13,51675,3922,1.0,5371,1476,50199,0.01
13,51688,3923,1.0,5372,1476,50212,0.01
11,51699,3923,0.0,5373,1477,50222,0.01
8,51707,3923,0.0,5374,1477,50230,0.01
4,51711,3923,0.0,5375,1477,50234,0.01
4,51715,3923,0.0,5376,1477,50238,0.01
4,51719,3923,0.0,5377,1477,50242,0.01
4,51723,3923,0.0,5378,1477,50246,0.01
15,51738,3923,0.0,5379,1477,50261,0.01
4,51742,3923,0.0,5380,1477,50265,0.01
7,51749,3923,0.0,5381,1477,50272,0.01
7,51756,3923,0.0,5382,1477,50279,0.01
13,51769,3923,0.0,5383,1477,50292,0.01
9,51778,3923,0.0,5384,1477,50301,0.01
6,51784,3923,0.0,5385,1477,50307,0.01
22,51806,3924,1.0,5386,1477,50329,0.01
3,51809,3924,0.0,5387,1477,50332,0.01
6,51815,3924,0.0,5388,1477,50338,0.01
6,51821,3924,0.0,5389,1477,50344,0.01
13,51834,3925,1.0,5390,1477,50357,0.01
13,51847,3926,1.0,5391,1477,50370,0.01
13,51860,3927,1.0,5392,1477,50383,0.01
13,51873,3928,1.0,5393,1477,50396,0.01
13,51886,3929,1.0,5394,1477,50409,0.01
13,51899,3930,1.0,5395,1477,50422,0.01
13,51912,3931,1.0,5396,1477,50435,0.01
13,51925,3932,1.0,5397,1477,50448,0.01
13,51938,3933,1.0,5398,1477,50461,0.01
13,51951,3934,1.0,5399,1477,50474,0.01
13,51964,3935,1.0,5400,1477,50487,0.01
13,51977,3936,1.0,5401,1477,50500,0.01
13,51990,3937,1.0,5402,1477,50513,0.01
13,52003,3938,1.0,5403,1477,50526,0.01
13,52016,3939,1.0,5404,1477,50539,0.01
13,52029,3940,1.0,5405,1478,50551,0.01
13,52042,3941,1.0,5406,1478,50564,0.01
13,52055,3942,1.0,5407,1478,50577,0.01
13,52068,3943,1.0,5408,1478,50590,0.01
13,52081,3944,1.0,5409,1478,50603,0.01
13,52094,3945,1.0,5410,1478,50616,0.01
13,52107,3946,1.0,5411,1478,50629,0.01
13,52120,3947,1.0,5412,1478,50642,0.01
13,52133,3948,1.0,5413,1478,50655,0.01
13,52146,3949,1.0,5414,1478,50668,0.01
13,52159,3950,1.0,5415,1478,50681,0.01
13,52172,3951,1.0,5416,1478,50694,0.01
13,52185,3952,1.0,5417,1478,50707,0.01
13,52198,3953,1.0,5418,1478,50720,0.01
13,52211,3954,1.0,5419,1478,50733,0.01
13,52224,3955,1.0,5420,1478,50746,0.01
14,52238,3955,0.0,5421,1479,50759,0.01
9,52247,3956,1.0,5422,1479,50768,0.01
8,52255,3956,0.0,5423,1479,50776,0.01
11,52266,3956,0.0,5424,1479,50787,0.01
14,52280,3956,0.0,5425,1479,50801,0.01
6,52286,3956,0.0,5426,1479,50807,0.01
9,52295,3957,1.0,5427,1479,50816,0.01
13,52308,3958,1.0,5428,1479,50829,0.01
13,52321,3959,1.0,5429,1479,50842,0.01
13,52334,3960,1.0,5430,1479,50855,0.01
13,52347,3961,1.0,5431,1479,50868,0.01
13,52360,3962,1.0,5432,1479,50881,0.01
13,52373,3963,1.0,5433,1479,50894,0.01
13,52386,3964,1.0,5434,1479,50907,0.01
13,52399,3965,1.0,5435,1479,50920,0.01
13,52412,3966,1.0,5436,1479,50933,0.01
13,52425,3967,1.0,5437,1479,50946,0.01
13,52438,3968,1.0,5438,1479,50959,0.01
13,52451,3969,1.0,5439,1479,50972,0.01
13,52464,3970,1.0,5440,1479,50985,0.01
13,52477,3971,1.0,5441,1479,50998,0.01
13,52490,3972,1.0,5442,1479,51011,0.01
13,52503,3973,1.0,5443,1479,51024,0.01
13,52516,3974,1.0,5444,1479,51037,0.01
13,52529,3975,1.0,5445,1479,51050,0.01
13,52542,3976,1.0,5446,1479,51063,0.01
13,52555,3977,1.0,5447,1479,51076,0.01
13,52568,3978,1.0,5448,1479,51089,0.01
13,52581,3979,1.0,5449,1479,51102,0.01
13,52594,3980,1.0,5450,1479,51115,0.01
13,52607,3981,1.0,5451,1479,51128,0.01
13,52620,3982,1.0,5452,1479,51141,0.01
13,52633,3983,1.0,5453,1479,51154,0.01
13,52646,3984,1.0,5454,1479,51167,0.01
13,52659,3985,1.0,5455,1479,51180,0.01
13,52672,3986,1.0,5456,1479,51193,0.01
13,52685,3987,1.0,5457,1479,51206,0.01
13,52698,3988,1.0,5458,1479,51219,0.01
13,52711,3989,1.0,5459,1479,51232,0.01
13,52724,3990,1.0,5460,1480,51244,0.01
13,52737,3991,1.0,5461,1480,51257,0.01
13,52750,3992,1.0,5462,1480,51270,0.01
13,52763,3993,1.0,5463,1480,51283,0.01
13,52776,3994,1.0,5464,1480,51296,0.01
13,52789,3995,1.0,5465,1480,51309,0.01
13,52802,3996,1.0,5466,1480,51322,0.01
13,52815,3997,1.0,5467,1480,51335,0.01
13,52828,3998,1.0,5468,1480,51348,0.01
13,52841,3999,1.0,5469,1480,51361,0.01
13,52854,4000,1.0,5470,1480,51374,0.01
13,52867,4001,1.0,5471,1480,51387,0.01
13,52880,4002,1.0,5472,1480,51400,0.01
13,52893,4003,1.0,5473,1480,51413,0.01
13,52906,4004,1.0,5474,1480,51426,0.01
13,52919,4005,1.0,5475,1480,51439,0.01
13,52932,4006,1.0,5476,1480,51452,0.01
4,52936,4006,0.0,5477,1481,51455,0.01
3,52939,4006,0.0,5478,1481,51458,0.01
13,52952,4007,1.0,5479,1481,51471,0.01
13,52965,4008,1.0,5480,1481,51484,0.01
13,52978,4009,1.0,5481,1481,51497,0.01
13,52991,4010,1.0,5482,1481,51510,0.01
13,53004,4011,1.0,5483,1481,51523,0.01
13,53017,4012,1.0,5484,1482,51535,0.01
13,53030,4013,1.0,5485,1482,51548,0.01
13,53043,4014,1.0,5486,1482,51561,0.01
13,53056,4015,1.0,5487,1482,51574,0.01
13,53069,4016,1.0,5488,1482,51587,0.01
13,53082,4017,1.0,5489,1482,51600,0.01
13,53095,4018,1.0,5490,1482,51613,0.01
13,53108,4019,1.0,5491,1482,51626,0.01
13,53121,4020,1.0,5492,1482,51639,0.01
13,53134,4021,1.0,5493,1482,51652,0.01
13,53147,4022,1.0,5494,1482,51665,0.01
13,53160,4023,1.0,5495,1482,51678,0.01
13,53173,4024,1.0,5496,1482,51691,0.01
13,53186,4025,1.0,5497,1482,51704,0.01
13,53199,4026,1.0,5498,1482,51717,0.01
13,53212,4027,1.0,5499,1482,51730,0.01
13,53225,4028,1.0,5500,1482,51743,0.01
13,53238,4029,1.0,5501,1482,51756,0.01
13,53251,4030,1.0,5502,1483,51768,0.01
13,53264,4031,1.0,5503,1483,51781,0.01
13,53277,4032,1.0,5504,1483,51794,0.01
13,53290,4033,1.0,5505,1483,51807,0.01
13,53303,4034,1.0,5506,1483,51820,0.01
13,53316,4035,1.0,5507,1483,51833,0.01
13,53329,4036,1.0,5508,1483,51846,0.01
13,53342,4037,1.0,5509,1483,51859,0.01
13,53355,4038,1.0,5510,1483,51872,0.01
13,53368,4039,1.0,5511,1483,51885,0.01
13,53381,4040,1.0,5512,1483,51898,0.01
13,53394,4041,1.0,5513,1483,51911,0.01
13,53407,4042,1.0,5514,1483,51924,0.01
13,53420,4043,1.0,5515,1483,51937,0.01
13,53433,4044,1.0,5516,1483,51950,0.01
13,53446,4045,1.0,5517,1483,51963,0.01
13,53459,4046,1.0,5518,1483,51976,0.01
13,53472,4047,1.0,5519,1483,51989,0.01
14,53486,4048,1.0,5520,1485,52001,0.01
13,53499,4049,1.0,5521,1485,52014,0.01
13,53512,4050,1.0,5522,1485,52027,0.01
13,53525,4051,1.0,5523,1485,52040,0.01
13,53538,4052,1.0,5524,1485,52053,0.01
13,53551,4053,1.0,5525,1485,52066,0.01
13,53564,4054,1.0,5526,1485,52079,0.01
13,53577,4055,1.0,5527,1485,52092,0.01
13,53590,4056,1.0,5528,1485,52105,0.01
15,53605,4056,0.0,5529,1486,52119,0.01
27,53632,4056,0.0,5530,1486,52146,0.01
14,53646,4057,1.0,5531,1486,52160,0.01
13,53659,4058,1.0,5532,1486,52173,0.01
13,53672,4059,1.0,5533,1486,52186,0.01
3,53675,4059,0.0,5534,1486,52189,0.01
13,53688,4060,1.0,5535,1486,52202,0.01
13,53701,4061,1.0,5536,1486,52215,0.01
13,53714,4062,1.0,5537,1486,52228,0.01
13,53727,4063,1.0,5538,1486,52241,0.01
13,53740,4064,1.0,5539,1486,52254,0.01
13,53753,4065,1.0,5540,1486,52267,0.01
14,53767,4065,0.0,5541,1487,52280,0.01
14,53781,4065,0.0,5542,1487,52294,0.01
14,53795,4065,0.0,5543,1487,52308,0.01
14,53809,4065,0.0,5544,1487,52322,0.01
12,53821,4065,0.0,5545,1487,52334,0.01
14,53835,4065,0.0,5546,1487,52348,0.01
6,53841,4065,0.0,5547,1487,52354,0.01
24,53865,4065,0.0,5548,1488,52377,0.01
11,53876,4065,0.0,5549,1488,52388,0.01
15,53891,4065,0.0,5550,1489,52402,0.01
14,53905,4065,0.0,5551,1489,52416,0.01
3,53908,4065,0.0,5552,1489,52419,0.01
9,53917,4065,0.0,5553,1489,52428,0.01
9,53926,4065,0.0,5554,1489,52437,0.01
3,53929,4065,0.0,5555,1489,52440,0.01
9,53938,4065,0.0,5556,1489,52449,0.01
8,53946,4065,0.0,5557,1489,52457,0.01
13,53959,4065,0.0,5558,1489,52470,0.01
9,53968,4065,0.0,5559,1489,52479,0.01
22,53990,4066,1.0,5560,1489,52501,0.01
29,54019,4066,0.0,5561,1490,52529,0.01
6,54025,4066,0.0,5562,1490,52535,0.01
14,54039,4067,1.0,5563,1490,52549,0.01
8,54047,4067,0.0,5564,1490,52557,0.01
8,54055,4067,0.0,5565,1490,52565,0.01
2,54057,4067,0.0,5566,1491,52566,0.01
8,54065,4067,0.0,5567,1491,52574,0.01
14,54079,4068,1.0,5568,1492,52587,0.01
8,54087,4068,0.0,5569,1492,52595,0.01
8,54095,4068,0.0,5570,1492,52603,0.01
8,54103,4068,0.0,5571,1492,52611,0.01
14,54117,4069,1.0,5572,1492,52625,0.01
8,54125,4069,0.0,5573,1492,52633,0.01
8,54133,4069,0.0,5574,1492,52641,0.01
8,54141,4069,0.0,5575,1492,52649,0.01
8,54149,4069,0.0,5576,1492,52657,0.01
13,54162,4070,1.0,5577,1492,52670,0.01
14,54176,4071,1.0,5578,1492,52684,0.01
14,54190,4072,1.0,5579,1492,52698,0.01
14,54204,4073,1.0,5580,1492,52712,0.01
14,54218,4074,1.0,5581,1492,52726,0.01
14,54232,4075,1.0,5582,1492,52740,0.01
14,54246,4076,1.0,5583,1492,52754,0.01
14,54260,4077,1.0,5584,1492,52768,0.01
14,54274,4078,1.0,5585,1492,52782,0.01
14,54288,4079,1.0,5586,1492,52796,0.01
14,54302,4080,1.0,5587,1492,52810,0.01
14,54316,4081,1.0,5588,1492,52824,0.01
14,54330,4082,1.0,5589,1492,52838,0.01
14,54344,4083,1.0,5590,1493,52851,0.01
14,54358,4084,1.0,5591,1493,52865,0.01
14,54372,4084,0.0,5592,1494,52878,0.01
14,54386,4084,0.0,5593,1494,52892,0.01
13,54399,4085,1.0,5594,1494,52905,0.01
6,54405,4085,0.0,5595,1494,52911,0.01
6,54411,4085,0.0,5596,1494,52917,0.01
6,54417,4085,0.0,5597,1494,52923,0.01
14,54431,4086,1.0,5598,1494,52937,0.01
14,54445,4087,1.0,5599,1494,52951,0.01
14,54459,4088,1.0,5600,1494,52965,0.01
22,54481,4088,0.0,5601,1495,52986,0.01
14,54495,4089,1.0,5602,1495,53000,0.01
9,54504,4089,0.0,5603,1496,53008,0.01
14,54518,4090,1.0,5604,1496,53022,0.01
14,54532,4091,1.0,5605,1496,53036,0.01
14,54546,4092,1.0,5606,1496,53050,0.01
14,54560,4093,1.0,5607,1496,53064,0.01
14,54574,4094,1.0,5608,1496,53078,0.01
14,54588,4095,1.0,5609,1496,53092,0.01
14,54602,4096,1.0,5610,1496,53106,0.01
14,54616,4097,1.0,5611,1496,53120,0.01
14,54630,4098,1.0,5612,1496,53134,0.01
14,54644,4099,1.0,5613,1496,53148,0.01
14,54658,4100,1.0,5614,1496,53162,0.01
14,54672,4101,1.0,5615,1496,53176,0.01
14,54686,4102,1.0,5616,1496,53190,0.01
14,54700,4103,1.0,5617,1496,53204,0.01
14,54714,4104,1.0,5618,1496,53218,0.01
2,54716,4104,0.0,5619,1497,53219,0.01
14,54730,4105,1.0,5620,1497,53233,0.01
14,54744,4106,1.0,5621,1497,53247,0.01
14,54758,4107,1.0,5622,1497,53261,0.01
14,54772,4108,1.0,5623,1497,53275,0.01
14,54786,4109,1.0,5624,1497,53289,0.01
14,54800,4110,1.0,5625,1497,53303,0.01
14,54814,4111,1.0,5626,1497,53317,0.01
14,54828,4112,1.0,5627,1497,53331,0.01
14,54842,4113,1.0,5628,1497,53345,0.01
14,54856,4114,1.0,5629,1497,53359,0.01
9,54865,4114,0.0,5630,1498,53367,0.01
14,54879,4115,1.0,5631,1499,53380,0.01
14,54893,4116,1.0,5632,1499,53394,0.01
14,54907,4117,1.0,5633,1500,53407,0.01
14,54921,4118,1.0,5634,1500,53421,0.01
13,54934,4119,1.0,5635,1501,53433,0.01
14,54948,4120,1.0,5636,1501,53447,0.01
14,54962,4121,1.0,5637,1501,53461,0.01
14,54976,4122,1.0,5638,1501,53475,0.01
14,54990,4123,1.0,5639,1501,53489,0.01
14,55004,4124,1.0,5640,1501,53503,0.01
25,55029,4124,0.0,5641,1502,53527,0.01
22,55051,4124,0.0,5642,1502,53549,0.01
6,55057,4124,0.0,5643,1502,53555,0.01
14,55071,4125,1.0,5644,1502,53569,0.01
14,55085,4126,1.0,5645,1502,53583,0.01
14,55099,4127,1.0,5646,1502,53597,0.01
14,55113,4128,1.0,5647,1502,53611,0.01
14,55127,4129,1.0,5648,1502,53625,0.01
14,55141,4130,1.0,5649,1502,53639,0.01
14,55155,4131,1.0,5650,1502,53653,0.01
14,55169,4132,1.0,5651,1502,53667,0.01
14,55183,4133,1.0,5652,1502,53681,0.01
14,55197,4134,1.0,5653,1502,53695,0.01
14,55211,4135,1.0,5654,1502,53709,0.01
14,55225,4136,1.0,5655,1502,53723,0.01
14,55239,4137,1.0,5656,1502,53737,0.01
14,55253,4138,1.0,5657,1502,53751,0.01
14,55267,4139,1.0,5658,1502,53765,0.01
14,55281,4140,1.0,5659,1502,53779,0.01
14,55295,4141,1.0,5660,1502,53793,0.01
14,55309,4142,1.0,5661,1502,53807,0.01
9,55318,4143,1.0,5662,1503,53815,0.01
9,55327,4144,1.0,5663,1503,53824,0.01
9,55336,4145,1.0,5664,1503,53833,0.01
9,55345,4146,1.0,5665,1503,53842,0.01
9,55354,4147,1.0,5666,1503,53851,0.01
9,55363,4148,1.0,5667,1503,53860,0.01
9,55372,4149,1.0,5668,1503,53869,0.01
9,55381,4150,1.0,5669,1503,53878,0.01
9,55390,4151,1.0,5670,1503,53887,0.01
9,55399,4152,1.0,5671,1503,53896,0.01
9,55408,4153,1.0,5672,1503,53905,0.01
9,55417,4154,1.0,5673,1503,53914,0.01
9,55426,4155,1.0,5674,1503,53923,0.01
9,55435,4156,1.0,5675,1503,53932,0.01
9,55444,4157,1.0,5676,1503,53941,0.01
9,55453,4158,1.0,5677,1503,53950,0.01
9,55462,4159,1.0,5678,1503,53959,0.01
9,55471,4160,1.0,5679,1504,53967,0.01
9,55480,4161,1.0,5680,1504,53976,0.01
9,55489,4162,1.0,5681,1504,53985,0.01
9,55498,4163,1.0,5682,1504,53994,0.01
9,55507,4164,1.0,5683,1504,54003,0.01
13,55520,4164,0.0,5684,1505,54015,0.01
9,55529,4165,1.0,5685,1505,54024,0.01
9,55538,4166,1.0,5686,1505,54033,0.01
9,55547,4167,1.0,5687,1505,54042,0.01
9,55556,4168,1.0,5688,1505,54051,0.01
9,55565,4169,1.0,5689,1505,54060,0.01
9,55574,4170,1.0,5690,1505,54069,0.01
9,55583,4171,1.0,5691,1505,54078,0.01
9,55592,4172,1.0,5692,1505,54087,0.01
9,55601,4172,0.0,5693,1506,54095,0.01
9,55610,4173,1.0,5694,1506,54104,0.01
9,55619,4174,1.0,5695,1506,54113,0.01
9,55628,4175,1.0,5696,1506,54122,0.01
9,55637,4176,1.0,5697,1506,54131,0.01
9,55646,4177,1.0,5698,1506,54140,0.01
7,55653,4177,0.0,5699,1507,54146,0.01
9,55662,4178,1.0,5700,1507,54155,0.01
9,55671,4179,1.0,5701,1507,54164,0.01
9,55680,4180,1.0,5702,1507,54173,0.01
9,55689,4181,1.0,5703,1507,54182,0.01
9,55698,4182,1.0,5704,1507,54191,0.01
9,55707,4183,1.0,5705,1507,54200,0.01
9,55716,4184,1.0,5706,1507,54209,0.01
9,55725,4185,1.0,5707,1507,54218,0.01
5,55730,4185,0.0,5708,1508,54222,0.01
9,55739,4186,1.0,5709,1508,54231,0.01
9,55748,4187,1.0,5710,1508,54240,0.01
9,55757,4188,1.0,5711,1508,54249,0.01
9,55766,4189,1.0,5712,1508,54258,0.01
9,55775,4190,1.0,5713,1508,54267,0.01
9,55784,4191,1.0,5714,1508,54276,0.01
9,55793,4192,1.0,5715,1508,54285,0.01
9,55802,4193,1.0,5716,1508,54294,0.01
9,55811,4194,1.0,5717,1508,54303,0.01
9,55820,4195,1.0,5718,1508,54312,0.01
9,55829,4196,1.0,5719,1508,54321,0.01
9,55838,4197,1.0,5720,1508,54330,0.01
9,55847,4198,1.0,5721,1508,54339,0.01
9,55856,4199,1.0,5722,1508,54348,0.01
9,55865,4200,1.0,5723,1508,54357,0.01
9,55874,4201,1.0,5724,1508,54366,0.01
9,55883,4202,1.0,5725,1508,54375,0.01
9,55892,4203,1.0,5726,1508,54384,0.01
9,55901,4204,1.0,5727,1508,54393,0.01
9,55910,4205,1.0,5728,1508,54402,0.01
9,55919,4206,1.0,5729,1508,54411,0.01
9,55928,4207,1.0,5730,1508,54420,0.01
9,55937,4208,1.0,5731,1508,54429,0.01
22,55959,4208,0.0,5732,1509,54450,0.01
9,55968,4209,1.0,5733,1509,54459,0.01
9,55977,4210,1.0,5734,1509,54468,0.01
9,55986,4211,1.0,5735,1509,54477,0.01
9,55995,4212,1.0,5736,1509,54486,0.01
9,56004,4213,1.0,5737,1509,54495,0.01
9,56013,4214,1.0,5738,1509,54504,0.01
9,56022,4215,1.0,5739,1509,54513,0.01
9,56031,4216,1.0,5740,1509,54522,0.01
9,56040,4217,1.0,5741,1509,54531,0.01
9,56049,4218,1.0,5742,1509,54540,0.01
9,56058,4219,1.0,5743,1509,54549,0.01
9,56067,4220,1.0,5744,1509,54558,0.01
9,56076,4221,1.0,5745,1509,54567,0.01
9,56085,4222,1.0,5746,1509,54576,0.01
9,56094,4223,1.0,5747,1509,54585,0.01
9,56103,4224,1.0,5748,1509,54594,0.01
9,56112,4225,1.0,5749,1509,54603,0.01
9,56121,4226,1.0,5750,1509,54612,0.01
9,56130,4227,1.0,5751,1509,54621,0.01
9,56139,4228,1.0,5752,1509,54630,0.01
9,56148,4229,1.0,5753,1509,54639,0.01
9,56157,4230,1.0,5754,1509,54648,0.01
9,56166,4231,1.0,5755,1509,54657,0.01
9,56175,4232,1.0,5756,1509,54666,0.01
9,56184,4233,1.0,5757,1509,54675,0.01
9,56193,4234,1.0,5758,1509,54684,0.01
9,56202,4235,1.0,5759,1509,54693,0.01
9,56211,4236,1.0,5760,1509,54702,0.01
9,56220,4237,1.0,5761,1509,54711,0.01
9,56229,4238,1.0,5762,1509,54720,0.01
9,56238,4239,1.0,5763,1509,54729,0.01
9,56247,4240,1.0,5764,1509,54738,0.01
9,56256,4241,1.0,5765,1509,54747,0.01
9,56265,4242,1.0,5766,1509,54756,0.01
9,56274,4243,1.0,5767,1509,54765,0.01
9,56283,4244,1.0,5768,1509,54774,0.01
9,56292,4245,1.0,5769,1509,54783,0.01
9,56301,4246,1.0,5770,1509,54792,0.01
9,56310,4247,1.0,5771,1509,54801,0.01
9,56319,4248,1.0,5772,1509,54810,0.01
9,56328,4249,1.0,5773,1509,54819,0.01
9,56337,4250,1.0,5774,1509,54828,0.01
9,56346,4251,1.0,5775,1509,54837,0.01
9,56355,4252,1.0,5776,1509,54846,0.01
22,56377,4252,0.0,5777,1510,54867,0.01
9,56386,4253,1.0,5778,1510,54876,0.01
9,56395,4254,1.0,5779,1510,54885,0.01
9,56404,4255,1.0,5780,1510,54894,0.01
9,56413,4256,1.0,5781,1510,54903,0.01
9,56422,4257,1.0,5782,1510,54912,0.01
9,56431,4258,1.0,5783,1510,54921,0.01
9,56440,4259,1.0,5784,1510,54930,0.01
9,56449,4260,1.0,5785,1510,54939,0.01
9,56458,4261,1.0,5786,1510,54948,0.01
9,56467,4262,1.0,5787,1510,54957,0.01
9,56476,4263,1.0,5788,1510,54966,0.01
9,56485,4264,1.0,5789,1510,54975,0.01
9,56494,4265,1.0,5790,1510,54984,0.01
9,56503,4266,1.0,5791,1510,54993,0.01
9,56512,4267,1.0,5792,1510,55002,0.01
9,56521,4268,1.0,5793,1510,55011,0.01
9,56530,4269,1.0,5794,1510,55020,0.01
9,56539,4270,1.0,5795,1510,55029,0.01
9,56548,4271,1.0,5796,1510,55038,0.01
9,56557,4272,1.0,5797,1510,55047,0.01
9,56566,4273,1.0,5798,1510,55056,0.01
9,56575,4274,1.0,5799,1510,55065,0.01
9,56584,4275,1.0,5800,1510,55074,0.01
9,56593,4276,1.0,5801,1510,55083,0.01
9,56602,4277,1.0,5802,1510,55092,0.01
9,56611,4278,1.0,5803,1510,55101,0.01
9,56620,4279,1.0,5804,1510,55110,0.01
9,56629,4280,1.0,5805,1510,55119,0.01
9,56638,4281,1.0,5806,1510,55128,0.01
9,56647,4282,1.0,5807,1510,55137,0.01
9,56656,4283,1.0,5808,1510,55146,0.01
9,56665,4284,1.0,5809,1510,55155,0.01
9,56674,4285,1.0,5810,1510,55164,0.01
9,56683,4286,1.0,5811,1510,55173,0.01
9,56692,4287,1.0,5812,1510,55182,0.01
9,56701,4288,1.0,5813,1510,55191,0.01
15,56716,4288,0.0,5814,1512,55204,0.01
9,56725,4289,1.0,5815,1512,55213,0.01
9,56734,4290,1.0,5816,1512,55222,0.01
9,56743,4291,1.0,5817,1512,55231,0.01
13,56756,4291,0.0,5818,1513,55243,0.01
9,56765,4292,1.0,5819,1513,55252,0.01
9,56774,4293,1.0,5820,1513,55261,0.01
9,56783,4294,1.0,5821,1513,55270,0.01
9,56792,4295,1.0,5822,1513,55279,0.01
9,56801,4296,1.0,5823,1513,55288,0.01
9,56810,4297,1.0,5824,1513,55297,0.01
9,56819,4298,1.0,5825,1513,55306,0.01
9,56828,4299,1.0,5826,1513,55315,0.01
9,56837,4300,1.0,5827,1513,55324,0.01
9,56846,4301,1.0,5828,1513,55333,0.01
9,56855,4302,1.0,5829,1513,55342,0.01
9,56864,4303,1.0,5830,1513,55351,0.01
9,56873,4304,1.0,5831,1513,55360,0.01
9,56882,4305,1.0,5832,1513,55369,0.01
9,56891,4306,1.0,5833,1513,55378,0.01
9,56900,4307,1.0,5834,1513,55387,0.01
9,56909,4308,1.0,5835,1513,55396,0.01
9,56918,4309,1.0,5836,1513,55405,0.01
9,56927,4310,1.0,5837,1513,55414,0.01
9,56936,4311,1.0,5838,1513,55423,0.01
9,56945,4312,1.0,5839,1513,55432,0.01
9,56954,4313,1.0,5840,1513,55441,0.01
9,56963,4314,1.0,5841,1513,55450,0.01
9,56972,4315,1.0,5842,1513,55459,0.01
9,56981,4316,1.0,5843,1513,55468,0.01
9,56990,4317,1.0,5844,1513,55477,0.01
9,56999,4318,1.0,5845,1513,55486,0.01
9,57008,4319,1.0,5846,1513,55495,0.01
9,57017,4320,1.0,5847,1513,55504,0.01
9,57026,4321,1.0,5848,1513,55513,0.01
21,57047,4321,0.0,5849,1514,55533,0.01
22,57069,4321,0.0,5850,1514,55555,0.01
25,57094,4321,0.0,5851,1514,55580,0.01
16,57110,4321,0.0,5852,1514,55596,0.01
8,57118,4321,0.0,5853,1514,55604,0.01
9,57127,4321,0.0,5854,1514,55613,0.01
7,57134,4321,0.0,5855,1514,55620,0.01
8,57142,4321,0.0,5856,1514,55628,0.01
7,57149,4321,0.0,5857,1514,55635,0.01
8,57157,4321,0.0,5858,1514,55643,0.01
9,57166,4321,0.0,5859,1514,55652,0.01
14,57180,4321,0.0,5860,1514,55666,0.01
7,57187,4321,0.0,5861,1514,55673,0.01
22,57209,4322,1.0,5862,1515,55694,0.01
22,57231,4323,1.0,5863,1515,55716,0.01
22,57253,4324,1.0,5864,1516,55737,0.01
22,57275,4325,1.0,5865,1516,55759,0.01
22,57297,4326,1.0,5866,1516,55781,0.01
22,57319,4327,1.0,5867,1516,55803,0.01
22,57341,4328,1.0,5868,1517,55824,0.01
22,57363,4329,1.0,5869,1517,55846,0.01
22,57385,4330,1.0,5870,1517,55868,0.01
20,57405,4330,0.0,5871,1518,55887,0.01
22,57427,4331,1.0,5872,1518,55909,0.01
22,57449,4332,1.0,5873,1518,55931,0.01
22,57471,4333,1.0,5874,1519,55952,0.01
22,57493,4334,1.0,5875,1519,55974,0.01
22,57515,4335,1.0,5876,1519,55996,0.01
22,57537,4336,1.0,5877,1519,56018,0.01
22,57559,4337,1.0,5878,1520,56039,0.01
22,57581,4338,1.0,5879,1520,56061,0.01
22,57603,4339,1.0,5880,1520,56083,0.01
22,57625,4340,1.0,5881,1520,56105,0.01
22,57647,4341,1.0,5882,1520,56127,0.01
22,57669,4342,1.0,5883,1520,56149,0.01
22,57691,4343,1.0,5884,1520,56171,0.01
22,57713,4344,1.0,5885,1520,56193,0.01
22,57735,4345,1.0,5886,1520,56215,0.01
22,57757,4346,1.0,5887,1520,56237,0.01
22,57779,4347,1.0,5888,1520,56259,0.01
22,57801,4348,1.0,5889,1520,56281,0.01
22,57823,4349,1.0,5890,1521,56302,0.01
6,57829,4349,0.0,5891,1521,56308,0.01
9,57838,4349,0.0,5892,1521,56317,0.01
22,57860,4350,1.0,5893,1521,56339,0.01
22,57882,4351,1.0,5894,1521,56361,0.01
22,57904,4352,1.0,5895,1522,56382,0.01
22,57926,4353,1.0,5896,1522,56404,0.01
22,57948,4354,1.0,5897,1522,56426,0.01
22,57970,4355,1.0,5898,1522,56448,0.01
14,57984,4355,0.0,5899,1523,56461,0.01
22,58006,4356,1.0,5900,1523,56483,0.01
22,58028,4357,1.0,5901,1523,56505,0.01
19,58047,4357,0.0,5902,1524,56523,0.01
27,58074,4357,0.0,5903,1524,56550,0.01
22,58096,4358,1.0,5904,1524,56572,0.01
22,58118,4359,1.0,5905,1524,56594,0.01
22,58140,4360,1.0,5906,1524,56616,0.01
22,58162,4361,1.0,5907,1524,56638,0.01
22,58184,4362,1.0,5908,1525,56659,0.01
22,58206,4363,1.0,5909,1525,56681,0.01
22,58228,4364,1.0,5910,1525,56703,0.01
22,58250,4365,1.0,5911,1526,56724,0.01
22,58272,4366,1.0,5912,1526,56746,0.01
22,58294,4367,1.0,5913,1526,56768,0.01
22,58316,4368,1.0,5914,1526,56790,0.01
22,58338,4369,1.0,5915,1526,56812,0.01
22,58360,4370,1.0,5916,1527,56833,0.01
14,58374,4370,0.0,5917,1528,56846,0.01
22,58396,4370,0.0,5918,1530,56866,0.01
9,58405,4370,0.0,5919,1531,56874,0.01
11,58416,4370,0.0,5920,1531,56885,0.01
22,58438,4371,1.0,5921,1531,56907,0.01
6,58444,4371,0.0,5922,1531,56913,0.01
6,58450,4371,0.0,5923,1531,56919,0.01
6,58456,4371,0.0,5924,1531,56925,0.01
6,58462,4371,0.0,5925,1531,56931,0.01
22,58484,4371,0.0,5926,1532,56952,0.01
57,58541,4371,0.0,5927,1532,57009,0.01
14,58555,4371,0.0,5928,1532,57023,0.01
22,58577,4371,0.0,5929,1532,57045,0.01
22,58599,4371,0.0,5930,1532,57067,0.01
13,58612,4371,0.0,5931,1533,57079,0.01
15,58627,4371,0.0,5932,1533,57094,0.01
23,58650,4371,0.0,5933,1535,57115,0.01
7,58657,4371,0.0,5934,1535,57122,0.01
18,58675,4371,0.0,5935,1535,57140,0.01
11,58686,4371,0.0,5936,1535,57151,0.01
7,58693,4371,0.0,5937,1535,57158,0.01
15,58708,4371,0.0,5938,1536,57172,0.01
22,58730,4372,1.0,5939,1536,57194,0.01
2,58732,4372,0.0,5940,1536,57196,0.01
13,58745,4372,0.0,5941,1536,57209,0.01
2,58747,4372,0.0,5942,1536,57211,0.01
3,58750,4372,0.0,5943,1536,57214,0.01
13,58763,4372,0.0,5944,1536,57227,0.01
22,58785,4372,0.0,5945,1536,57249,0.01
6,58791,4372,0.0,5946,1536,57255,0.01
7,58798,4372,0.0,5947,1536,57262,0.01
22,58820,4373,1.0,5948,1536,57284,0.01
22,58842,4373,0.0,5949,1537,57305,0.01
14,58856,4374,1.0,5950,1537,57319,0.01
14,58870,4375,1.0,5951,1538,57332,0.01
14,58884,4376,1.0,5952,1538,57346,0.01
14,58898,4377,1.0,5953,1538,57360,0.01
14,58912,4378,1.0,5954,1538,57374,0.01
14,58926,4379,1.0,5955,1538,57388,0.01
14,58940,4380,1.0,5956,1538,57402,0.01
14,58954,4381,1.0,5957,1538,57416,0.01
14,58968,4382,1.0,5958,1538,57430,0.01
14,58982,4383,1.0,5959,1538,57444,0.01
14,58996,4384,1.0,5960,1538,57458,0.01
14,59010,4385,1.0,5961,1538,57472,0.01
14,59024,4386,1.0,5962,1538,57486,0.01
14,59038,4387,1.0,5963,1538,57500,0.01
14,59052,4388,1.0,5964,1538,57514,0.01
14,59066,4389,1.0,5965,1538,57528,0.01
14,59080,4390,1.0,5966,1538,57542,0.01
14,59094,4391,1.0,5967,1538,57556,0.01
14,59108,4392,1.0,5968,1540,57568,0.01
14,59122,4393,1.0,5969,1540,57582,0.01
14,59136,4394,1.0,5970,1540,57596,0.01
14,59150,4395,1.0,5971,1541,57609,0.01
14,59164,4396,1.0,5972,1541,57623,0.01
14,59178,4397,1.0,5973,1541,57637,0.01
14,59192,4398,1.0,5974,1541,57651,0.01
38,59230,4398,0.0,5975,1542,57688,0.01
14,59244,4399,1.0,5976,1543,57701,0.01
14,59258,4400,1.0,5977,1543,57715,0.01
14,59272,4401,1.0,5978,1543,57729,0.01
14,59286,4402,1.0,5979,1543,57743,0.01
14,59300,4403,1.0,5980,1543,57757,0.01
14,59314,4404,1.0,5981,1543,57771,0.01
14,59328,4405,1.0,5982,1543,57785,0.01
14,59342,4406,1.0,5983,1543,57799,0.01
14,59356,4407,1.0,5984,1543,57813,0.01
14,59370,4408,1.0,5985,1543,57827,0.01
14,59384,4409,1.0,5986,1543,57841,0.01
14,59398,4410,1.0,5987,1543,57855,0.01
14,59412,4411,1.0,5988,1543,57869,0.01
14,59426,4412,1.0,5989,1543,57883,0.01
14,59440,4413,1.0,5990,1543,57897,0.01
13,59453,4414,1.0,5991,1544,57909,0.01
14,59467,4414,0.0,5992,1544,57923,0.01
14,59481,4414,0.0,5993,1544,57937,0.01
14,59495,4414,0.0,5994,1544,57951,0.01
14,59509,4414,0.0,5995,1544,57965,0.01
13,59522,4415,1.0,5996,1544,57978,0.01
13,59535,4416,1.0,5997,1544,57991,0.01
13,59548,4417,1.0,5998,1544,58004,0.01
13,59561,4418,1.0,5999,1544,58017,0.01
29,59590,4418,0.0,6000,1545,58045,0.01
13,59603,4419,1.0,6001,1545,58058,0.01
13,59616,4420,1.0,6002,1545,58071,0.01
13,59629,4421,1.0,6003,1545,58084,0.01
13,59642,4422,1.0,6004,1545,58097,0.01
13,59655,4423,1.0,6005,1545,58110,0.01
13,59668,4424,1.0,6006,1545,58123,0.01
13,59681,4425,1.0,6007,1545,58136,0.01
13,59694,4426,1.0,6008,1545,58149,0.01
14,59708,4426,0.0,6009,1546,58162,0.01
13,59721,4427,1.0,6010,1546,58175,0.01
13,59734,4428,1.0,6011,1546,58188,0.01
13,59747,4429,1.0,6012,1546,58201,0.01
13,59760,4430,1.0,6013,1546,58214,0.01
14,59774,4430,0.0,6014,1547,58227,0.01
13,59787,4431,1.0,6015,1547,58240,0.01
13,59800,4432,1.0,6016,1547,58253,0.01
13,59813,4433,1.0,6017,1547,58266,0.01
13,59826,4434,1.0,6018,1547,58279,0.01
17,59843,4434,0.0,6019,1549,58294,0.01
13,59856,4435,1.0,6020,1549,58307,0.01
10,59866,4435,0.0,6021,1549,58317,0.01
13,59879,4436,1.0,6022,1549,58330,0.01
13,59892,4437,1.0,6023,1549,58343,0.01
13,59905,4438,1.0,6024,1549,58356,0.01
13,59918,4439,1.0,6025,1549,58369,0.01
13,59931,4440,1.0,6026,1549,58382,0.01
13,59944,4441,1.0,6027,1549,58395,0.01
13,59957,4442,1.0,6028,1549,58408,0.01
13,59970,4443,1.0,6029,1549,58421,0.01
13,59983,4444,1.0,6030,1549,58434,0.01
13,59996,4445,1.0,6031,1549,58447,0.01
13,60009,4446,1.0,6032,1549,58460,0.01
13,60022,4447,1.0,6033,1549,58473,0.01
13,60035,4448,1.0,6034,1549,58486,0.01
29,60064,4448,0.0,6035,1550,58514,0.01
13,60077,4449,1.0,6036,1550,58527,0.01
13,60090,4450,1.0,6037,1550,58540,0.01
13,60103,4451,1.0,6038,1550,58553,0.01
13,60116,4452,1.0,6039,1550,58566,0.01
13,60129,4453,1.0,6040,1550,58579,0.01
13,60142,4454,1.0,6041,1550,58592,0.01
13,60155,4455,1.0,6042,1550,58605,0.01
13,60168,4456,1.0,6043,1550,58618,0.01
13,60181,4457,1.0,6044,1550,58631,0.01
13,60194,4458,1.0,6045,1550,58644,0.01
13,60207,4459,1.0,6046,1551,58656,0.01
25,60232,4459,0.0,6047,1552,58680,0.01
13,60245,4460,1.0,6048,1552,58693,0.01
13,60258,4461,1.0,6049,1552,58706,0.01
13,60271,4462,1.0,6050,1552,58719,0.01
13,60284,4463,1.0,6051,1552,58732,0.01
13,60297,4464,1.0,6052,1552,58745,0.01
13,60310,4465,1.0,6053,1552,58758,0.01
13,60323,4466,1.0,6054,1552,58771,0.01
22,60345,4467,1.0,6055,1553,58792,0.01
22,60367,4468,1.0,6056,1553,58814,0.01
22,60389,4469,1.0,6057,1553,58836,0.01
19,60408,4469,0.0,6058,1553,58855,0.01
22,60430,4470,1.0,6059,1553,58877,0.01
22,60452,4471,1.0,6060,1553,58899,0.01
13,60465,4471,0.0,6061,1553,58912,0.01
16,60481,4471,0.0,6062,1553,58928,0.01
22,60503,4472,1.0,6063,1553,58950,0.01
5,60508,4472,0.0,6064,1553,58955,0.01
5,60513,4472,0.0,6065,1553,58960,0.01
30,60543,4472,0.0,6066,1553,58990,0.01
5,60548,4472,0.0,6067,1553,58995,0.01
6,60554,4472,0.0,6068,1553,59001,0.01
22,60576,4473,1.0,6069,1553,59023,0.01
22,60598,4474,1.0,6070,1554,59044,0.01
36,60634,4474,0.0,6071,1555,59079,0.01
27,60661,4474,0.0,6072,1555,59106,0.01
22,60683,4475,1.0,6073,1555,59128,0.01
13,60696,4475,0.0,6074,1556,59140,0.01
22,60718,4476,1.0,6075,1556,59162,0.01
9,60727,4476,0.0,6076,1556,59171,0.01
22,60749,4477,1.0,6077,1556,59193,0.01
22,60771,4478,1.0,6078,1556,59215,0.01
22,60793,4479,1.0,6079,1556,59237,0.01
22,60815,4480,1.0,6080,1556,59259,0.01
22,60837,4481,1.0,6081,1556,59281,0.01
22,60859,4482,1.0,6082,1556,59303,0.01
22,60881,4483,1.0,6083,1556,59325,0.01
22,60903,4484,1.0,6084,1556,59347,0.01
22,60925,4485,1.0,6085,1556,59369,0.01
22,60947,4486,1.0,6086,1556,59391,0.01
22,60969,4487,1.0,6087,1556,59413,0.01
22,60991,4488,1.0,6088,1556,59435,0.01
22,61013,4489,1.0,6089,1556,59457,0.01
22,61035,4490,1.0,6090,1556,59479,0.01
22,61057,4491,1.0,6091,1556,59501,0.01
22,61079,4492,1.0,6092,1556,59523,0.01
22,61101,4493,1.0,6093,1556,59545,0.01
22,61123,4494,1.0,6094,1556,59567,0.01
7,61130,4494,0.0,6095,1557,59573,0.01
22,61152,4495,1.0,6096,1557,59595,0.01
22,61174,4496,1.0,6097,1557,59617,0.01
22,61196,4497,1.0,6098,1557,59639,0.01
22,61218,4498,1.0,6099,1557,59661,0.01
22,61240,4499,1.0,6100,1557,59683,0.01
11,61251,4499,0.0,6101,1558,59693,0.01
11,61262,4499,0.0,6102,1558,59704,0.01
10,61272,4499,0.0,6103,1558,59714,0.01
7,61279,4499,0.0,6104,1558,59721,0.01
9,61288,4499,0.0,6105,1558,59730,0.01
7,61295,4499,0.0,6106,1558,59737,0.01
22,61317,4500,1.0,6107,1558,59759,0.01
6,61323,4500,0.0,6108,1558,59765,0.01
27,61350,4500,0.0,6109,1558,59792,0.01
5,61355,4500,0.0,6110,1558,59797,0.01
8,61363,4500,0.0,6111,1558,59805,0.01
9,61372,4500,0.0,6112,1558,59814,0.01
11,61383,4500,0.0,6113,1558,59825,0.01
22,61405,4500,0.0,6114,1558,59847,0.01
7,61412,4500,0.0,6115,1558,59854,0.01
24,61436,4501,1.0,6116,1558,59878,0.01
2,61438,4501,0.0,6117,1558,59880,0.01
7,61445,4501,0.0,6118,1558,59887,0.01
7,61452,4501,0.0,6119,1558,59894,0.01
7,61459,4501,0.0,6120,1558,59901,0.01
22,61481,4502,1.0,6121,1558,59923,0.01
6,61487,4502,0.0,6122,1558,59929,0.01
22,61509,4503,1.0,6123,1558,59951,0.01
22,61531,4504,1.0,6124,1558,59973,0.01
22,61553,4505,1.0,6125,1558,59995,0.01
22,61575,4506,1.0,6126,1558,60017,0.01
22,61597,4507,1.0,6127,1558,60039,0.01
22,61619,4508,1.0,6128,1558,60061,0.01
22,61641,4509,1.0,6129,1558,60083,0.01
22,61663,4510,1.0,6130,1558,60105,0.01
22,61685,4511,1.0,6131,1558,60127,0.01
22,61707,4512,1.0,6132,1558,60149,0.01
30,61737,4512,0.0,6133,1559,60178,0.01
22,61759,4513,1.0,6134,1559,60200,0.01
14,61773,4513,0.0,6135,1560,60213,0.01
24,61797,4514,1.0,6136,1560,60237,0.01
9,61806,4515,1.0,6137,1560,60246,0.01
9,61815,4516,1.0,6138,1560,60255,0.01
9,61824,4517,1.0,6139,1560,60264,0.01
9,61833,4518,1.0,6140,1560,60273,0.01
9,61842,4519,1.0,6141,1560,60282,0.01
9,61851,4520,1.0,6142,1560,60291,0.01
9,61860,4521,1.0,6143,1560,60300,0.01
9,61869,4522,1.0,6144,1560,60309,0.01
9,61878,4523,1.0,6145,1561,60317,0.01
9,61887,4524,1.0,6146,1561,60326,0.01
9,61896,4525,1.0,6147,1561,60335,0.01
9,61905,4526,1.0,6148,1561,60344,0.01
9,61914,4527,1.0,6149,1561,60353,0.01
9,61923,4528,1.0,6150,1561,60362,0.01
9,61932,4529,1.0,6151,1561,60371,0.01
9,61941,4530,1.0,6152,1561,60380,0.01
9,61950,4531,1.0,6153,1561,60389,0.01
9,61959,4532,1.0,6154,1561,60398,0.01
9,61968,4533,1.0,6155,1561,60407,0.01
9,61977,4534,1.0,6156,1561,60416,0.01
9,61986,4535,1.0,6157,1561,60425,0.01
9,61995,4536,1.0,6158,1561,60434,0.01
9,62004,4537,1.0,6159,1561,60443,0.01
9,62013,4538,1.0,6160,1561,60452,0.01
9,62022,4539,1.0,6161,1561,60461,0.01
9,62031,4540,1.0,6162,1561,60470,0.01
9,62040,4541,1.0,6163,1561,60479,0.01
9,62049,4542,1.0,6164,1561,60488,0.01
9,62058,4543,1.0,6165,1561,60497,0.01
9,62067,4544,1.0,6166,1561,60506,0.01
9,62076,4545,1.0,6167,1561,60515,0.01
14,62090,4545,0.0,6168,1562,60528,0.01
9,62099,4545,0.0,6169,1562,60537,0.01
9,62108,4545,0.0,6170,1563,60545,0.01
10,62118,4545,0.0,6171,1563,60555,0.01
24,62142,4545,0.0,6172,1563,60579,0.01
8,62150,4546,1.0,6173,1563,60587,0.01
11,62161,4547,1.0,6174,1563,60598,0.01
7,62168,4548,1.0,6175,1563,60605,0.01
7,62175,4549,1.0,6176,1563,60612,0.01
25,62200,4549,0.0,6177,1564,60636,0.01
22,62222,4549,0.0,6178,1564,60658,0.01
22,62244,4549,0.0,6179,1565,60679,0.01
29,62273,4550,1.0,6180,1566,60707,0.01
15,62288,4550,0.0,6181,1566,60722,0.01
29,62317,4551,1.0,6182,1566,60751,0.01
15,62332,4551,0.0,6183,1566,60766,0.01
15,62347,4551,0.0,6184,1566,60781,0.01
29,62376,4552,1.0,6185,1566,60810,0.01
24,62400,4552,0.0,6186,1566,60834,0.01
26,62426,4553,1.0,6187,1566,60860,0.01
29,62455,4554,1.0,6188,1566,60889,0.01
29,62484,4555,1.0,6189,1566,60918,0.01
29,62513,4556,1.0,6190,1567,60946,0.01
9,62522,4556,0.0,6191,1568,60954,0.01
9,62531,4556,0.0,6192,1568,60963,0.01
49,62580,4556,0.0,6193,1569,61011,0.01
9,62589,4556,0.0,6194,1569,61020,0.01
9,62598,4556,0.0,6195,1569,61029,0.01
7,62605,4557,1.0,6196,1569,61036,0.01
7,62612,4558,1.0,6197,1569,61043,0.01
7,62619,4559,1.0,6198,1569,61050,0.01
7,62626,4560,1.0,6199,1569,61057,0.01
7,62633,4561,1.0,6200,1569,61064,0.01
7,62640,4562,1.0,6201,1569,61071,0.01
7,62647,4563,1.0,6202,1569,61078,0.01
7,62654,4564,1.0,6203,1569,61085,0.01
7,62661,4565,1.0,6204,1569,61092,0.01
7,62668,4566,1.0,6205,1569,61099,0.01
7,62675,4567,1.0,6206,1569,61106,0.01
7,62682,4568,1.0,6207,1569,61113,0.01
7,62689,4569,1.0,6208,1569,61120,0.01
7,62696,4570,1.0,6209,1569,61127,0.01
7,62703,4571,1.0,6210,1569,61134,0.01
7,62710,4572,1.0,6211,1569,61141,0.01
7,62717,4573,1.0,6212,1569,61148,0.01
7,62724,4574,1.0,6213,1569,61155,0.01
7,62731,4575,1.0,6214,1569,61162,0.01
7,62738,4576,1.0,6215,1569,61169,0.01
7,62745,4577,1.0,6216,1569,61176,0.01
7,62752,4578,1.0,6217,1569,61183,0.01
33,62785,4578,0.0,6218,1570,61215,0.01
7,62792,4579,1.0,6219,1570,61222,0.01
7,62799,4580,1.0,6220,1570,61229,0.01
7,62806,4581,1.0,6221,1570,61236,0.01
7,62813,4582,1.0,6222,1570,61243,0.01
7,62820,4583,1.0,6223,1570,61250,0.01
7,62827,4584,1.0,6224,1570,61257,0.01
7,62834,4585,1.0,6225,1570,61264,0.01
7,62841,4586,1.0,6226,1570,61271,0.01
7,62848,4587,1.0,6227,1570,61278,0.01
7,62855,4588,1.0,6228,1570,61285,0.01
7,62862,4589,1.0,6229,1570,61292,0.01
7,62869,4590,1.0,6230,1571,61298,0.01
20,62889,4590,0.0,6231,1572,61317,0.01
7,62896,4591,1.0,6232,1572,61324,0.01
7,62903,4592,1.0,6233,1572,61331,0.01
3,62906,4592,0.0,6234,1573,61333,0.01
7,62913,4593,1.0,6235,1573,61340,0.01
7,62920,4594,1.0,6236,1573,61347,0.01
7,62927,4595,1.0,6237,1573,61354,0.01
7,62934,4596,1.0,6238,1573,61361,0.01
7,62941,4597,1.0,6239,1573,61368,0.01
7,62948,4598,1.0,6240,1573,61375,0.01
7,62955,4599,1.0,6241,1573,61382,0.01
7,62962,4600,1.0,6242,1573,61389,0.01
7,62969,4601,1.0,6243,1573,61396,0.01
14,62983,4601,0.0,6244,1574,61409,0.01
7,62990,4602,1.0,6245,1574,61416,0.01
7,62997,4603,1.0,6246,1574,61423,0.01
7,63004,4604,1.0,6247,1574,61430,0.01
7,63011,4605,1.0,6248,1574,61437,0.01
7,63018,4606,1.0,6249,1574,61444,0.01
7,63025,4607,1.0,6250,1574,61451,0.01
7,63032,4608,1.0,6251,1574,61458,0.01
7,63039,4609,1.0,6252,1574,61465,0.01
7,63046,4610,1.0,6253,1574,61472,0.01
7,63053,4611,1.0,6254,1574,61479,0.01
7,63060,4612,1.0,6255,1574,61486,0.01
7,63067,4613,1.0,6256,1574,61493,0.01
7,63074,4614,1.0,6257,1574,61500,0.01
7,63081,4615,1.0,6258,1574,61507,0.01
7,63088,4616,1.0,6259,1574,61514,0.01
7,63095,4617,1.0,6260,1574,61521,0.01
7,63102,4618,1.0,6261,1574,61528,0.01
7,63109,4619,1.0,6262,1574,61535,0.01
7,63116,4620,1.0,6263,1574,61542,0.01
7,63123,4621,1.0,6264,1574,61549,0.01
7,63130,4622,1.0,6265,1574,61556,0.01
7,63137,4623,1.0,6266,1574,61563,0.01
7,63144,4624,1.0,6267,1574,61570,0.01
7,63151,4625,1.0,6268,1574,61577,0.01
7,63158,4626,1.0,6269,1574,61584,0.01
9,63167,4626,0.0,6270,1575,61592,0.01
7,63174,4627,1.0,6271,1575,61599,0.01
7,63181,4628,1.0,6272,1575,61606,0.01
7,63188,4629,1.0,6273,1575,61613,0.01
7,63195,4630,1.0,6274,1575,61620,0.01
7,63202,4631,1.0,6275,1575,61627,0.01
7,63209,4632,1.0,6276,1575,61634,0.01
7,63216,4633,1.0,6277,1575,61641,0.01
7,63223,4634,1.0,6278,1575,61648,0.01
7,63230,4635,1.0,6279,1575,61655,0.01
7,63237,4636,1.0,6280,1575,61662,0.01
7,63244,4637,1.0,6281,1575,61669,0.01
7,63251,4638,1.0,6282,1575,61676,0.01
7,63258,4639,1.0,6283,1575,61683,0.01
7,63265,4640,1.0,6284,1575,61690,0.01
7,63272,4641,1.0,6285,1575,61697,0.01
7,63279,4642,1.0,6286,1575,61704,0.01
7,63286,4643,1.0,6287,1575,61711,0.01
7,63293,4644,1.0,6288,1575,61718,0.01
7,63300,4645,1.0,6289,1575,61725,0.01
7,63307,4646,1.0,6290,1575,61732,0.01
7,63314,4647,1.0,6291,1575,61739,0.01
7,63321,4648,1.0,6292,1575,61746,0.01
7,63328,4649,1.0,6293,1575,61753,0.01
7,63335,4650,1.0,6294,1575,61760,0.01
7,63342,4651,1.0,6295,1575,61767,0.01
7,63349,4652,1.0,6296,1575,61774,0.01
7,63356,4653,1.0,6297,1575,61781,0.01
7,63363,4654,1.0,6298,1575,61788,0.01
7,63370,4655,1.0,6299,1575,61795,0.01
7,63377,4656,1.0,6300,1575,61802,0.01
7,63384,4657,1.0,6301,1575,61809,0.01
7,63391,4658,1.0,6302,1575,61816,0.01
7,63398,4659,1.0,6303,1575,61823,0.01
7,63405,4660,1.0,6304,1575,61830,0.01
7,63412,4661,1.0,6305,1575,61837,0.01
7,63419,4662,1.0,6306,1575,61844,0.01
7,63426,4663,1.0,6307,1575,61851,0.01
7,63433,4664,1.0,6308,1575,61858,0.01
7,63440,4665,1.0,6309,1575,61865,0.01
7,63447,4666,1.0,6310,1575,61872,0.01
7,63454,4667,1.0,6311,1575,61879,0.01
7,63461,4668,1.0,6312,1575,61886,0.01
7,63468,4669,1.0,6313,1575,61893,0.01
7,63475,4670,1.0,6314,1575,61900,0.01
7,63482,4671,1.0,6315,1575,61907,0.01
7,63489,4672,1.0,6316,1575,61914,0.01
7,63496,4673,1.0,6317,1575,61921,0.01
7,63503,4674,1.0,6318,1575,61928,0.01
7,63510,4675,1.0,6319,1575,61935,0.01
7,63517,4676,1.0,6320,1575,61942,0.01
7,63524,4677,1.0,6321,1575,61949,0.01
7,63531,4678,1.0,6322,1575,61956,0.01
7,63538,4679,1.0,6323,1575,61963,0.01
7,63545,4680,1.0,6324,1575,61970,0.01
7,63552,4681,1.0,6325,1575,61977,0.01
7,63559,4682,1.0,6326,1575,61984,0.01
7,63566,4683,1.0,6327,1575,61991,0.01
7,63573,4684,1.0,6328,1575,61998,0.01
7,63580,4685,1.0,6329,1575,62005,0.01
7,63587,4686,1.0,6330,1575,62012,0.01
28,63615,4686,0.0,6331,1576,62039,0.01
25,63640,4686,0.0,6332,1576,62064,0.01
7,63647,4687,1.0,6333,1576,62071,0.01
7,63654,4688,1.0,6334,1576,62078,0.01
7,63661,4689,1.0,6335,1576,62085,0.01
7,63668,4690,1.0,6336,1576,62092,0.01
7,63675,4691,1.0,6337,1576,62099,0.01
7,63682,4692,1.0,6338,1576,62106,0.01
7,63689,4693,1.0,6339,1576,62113,0.01
7,63696,4694,1.0,6340,1576,62120,0.01
7,63703,4695,1.0,6341,1576,62127,0.01
7,63710,4696,1.0,6342,1576,62134,0.01
7,63717,4697,1.0,6343,1576,62141,0.01
7,63724,4698,1.0,6344,1576,62148,0.01
7,63731,4699,1.0,6345,1576,62155,0.01
7,63738,4700,1.0,6346,1576,62162,0.01
7,63745,4701,1.0,6347,1576,62169,0.01
7,63752,4702,1.0,6348,1576,62176,0.01
7,63759,4703,1.0,6349,1576,62183,0.01
7,63766,4704,1.0,6350,1576,62190,0.01
7,63773,4705,1.0,6351,1576,62197,0.01
7,63780,4706,1.0,6352,1576,62204,0.01
7,63787,4707,1.0,6353,1576,62211,0.01
7,63794,4708,1.0,6354,1576,62218,0.01
7,63801,4709,1.0,6355,1576,62225,0.01
7,63808,4710,1.0,6356,1576,62232,0.01
7,63815,4711,1.0,6357,1576,62239,0.01
7,63822,4712,1.0,6358,1577,62245,0.01
7,63829,4713,1.0,6359,1577,62252,0.01
7,63836,4714,1.0,6360,1577,62259,0.01
7,63843,4715,1.0,6361,1577,62266,0.01
7,63850,4716,1.0,6362,1577,62273,0.01
7,63857,4717,1.0,6363,1577,62280,0.01
7,63864,4718,1.0,6364,1577,62287,0.01
7,63871,4719,1.0,6365,1577,62294,0.01
7,63878,4720,1.0,6366,1577,62301,0.01
7,63885,4721,1.0,6367,1577,62308,0.01
7,63892,4722,1.0,6368,1577,62315,0.01
7,63899,4723,1.0,6369,1577,62322,0.01
7,63906,4724,1.0,6370,1577,62329,0.01
5,63911,4724,0.0,6371,1579,62332,0.01
7,63918,4725,1.0,6372,1579,62339,0.01
7,63925,4726,1.0,6373,1579,62346,0.01
22,63947,4726,0.0,6374,1581,62366,0.01
7,63954,4727,1.0,6375,1581,62373,0.01
26,63980,4728,1.0,6376,1582,62398,0.01
22,64002,4728,0.0,6377,1582,62420,0.01
7,64009,4729,1.0,6378,1582,62427,0.01
7,64016,4730,1.0,6379,1582,62434,0.01
7,64023,4731,1.0,6380,1582,62441,0.01
7,64030,4732,1.0,6381,1582,62448,0.01
7,64037,4733,1.0,6382,1583,62454,0.01
7,64044,4734,1.0,6383,1583,62461,0.01
7,64051,4735,1.0,6384,1583,62468,0.01
7,64058,4736,1.0,6385,1583,62475,0.01
5,64063,4736,0.0,6386,1584,62479,0.01
7,64070,4737,1.0,6387,1584,62486,0.01
7,64077,4738,1.0,6388,1584,62493,0.01
7,64084,4739,1.0,6389,1584,62500,0.01
7,64091,4740,1.0,6390,1584,62507,0.01
7,64098,4741,1.0,6391,1584,62514,0.01
7,64105,4742,1.0,6392,1584,62521,0.01
7,64112,4743,1.0,6393,1584,62528,0.01
7,64119,4744,1.0,6394,1584,62535,0.01
26,64145,4745,1.0,6395,1585,62560,0.01
26,64171,4746,1.0,6396,1585,62586,0.01
24,64195,4746,0.0,6397,1585,62610,0.01
27,64222,4746,0.0,6398,1585,62637,0.01
7,64229,4747,1.0,6399,1585,62644,0.01
13,64242,4747,0.0,6400,1585,62657,0.01
7,64249,4748,1.0,6401,1585,62664,0.01
7,64256,4749,1.0,6402,1585,62671,0.01
7,64263,4750,1.0,6403,1585,62678,0.01
7,64270,4751,1.0,6404,1585,62685,0.01
7,64277,4752,1.0,6405,1585,62692,0.01
7,64284,4753,1.0,6406,1585,62699,0.01
7,64291,4754,1.0,6407,1585,62706,0.01
7,64298,4755,1.0,6408,1585,62713,0.01
7,64305,4756,1.0,6409,1585,62720,0.01
7,64312,4757,1.0,6410,1586,62726,0.01
7,64319,4758,1.0,6411,1586,62733,0.01
7,64326,4759,1.0,6412,1586,62740,0.01
7,64333,4760,1.0,6413,1586,62747,0.01
7,64340,4761,1.0,6414,1586,62754,0.01
7,64347,4762,1.0,6415,1586,62761,0.01
7,64354,4763,1.0,6416,1586,62768,0.01
7,64361,4764,1.0,6417,1586,62775,0.01
7,64368,4765,1.0,6418,1586,62782,0.01
7,64375,4766,1.0,6419,1586,62789,0.01
7,64382,4767,1.0,6420,1586,62796,0.01
7,64389,4768,1.0,6421,1586,62803,0.01
7,64396,4769,1.0,6422,1586,62810,0.01
7,64403,4770,1.0,6423,1586,62817,0.01
7,64410,4771,1.0,6424,1586,62824,0.01
7,64417,4772,1.0,6425,1586,62831,0.01
7,64424,4773,1.0,6426,1586,62838,0.01
7,64431,4774,1.0,6427,1586,62845,0.01
7,64438,4775,1.0,6428,1586,62852,0.01
7,64445,4776,1.0,6429,1586,62859,0.01
7,64452,4777,1.0,6430,1586,62866,0.01
7,64459,4778,1.0,6431,1586,62873,0.01
7,64466,4779,1.0,6432,1586,62880,0.01
7,64473,4780,1.0,6433,1586,62887,0.01
7,64480,4781,1.0,6434,1586,62894,0.01
7,64487,4782,1.0,6435,1586,62901,0.01
7,64494,4783,1.0,6436,1586,62908,0.01
7,64501,4784,1.0,6437,1586,62915,0.01
7,64508,4785,1.0,6438,1587,62921,0.01
7,64515,4786,1.0,6439,1588,62927,0.01
7,64522,4787,1.0,6440,1588,62934,0.01
9,64531,4787,0.0,6441,1589,62942,0.01
7,64538,4788,1.0,6442,1589,62949,0.01
7,64545,4789,1.0,6443,1589,62956,0.01
7,64552,4790,1.0,6444,1589,62963,0.01
7,64559,4791,1.0,6445,1589,62970,0.01
7,64566,4792,1.0,6446,1589,62977,0.01
7,64573,4793,1.0,6447,1589,62984,0.01
7,64580,4794,1.0,6448,1589,62991,0.01
7,64587,4795,1.0,6449,1589,62998,0.01
30,64617,4795,0.0,6450,1590,63027,0.01
18,64635,4795,0.0,6451,1590,63045,0.01
25,64660,4795,0.0,6452,1590,63070,0.01
13,64673,4795,0.0,6453,1590,63083,0.01
24,64697,4795,0.0,6454,1591,63106,0.01
26,64723,4796,1.0,6455,1591,63132,0.01
27,64750,4796,0.0,6456,1591,63159,0.01
24,64774,4796,0.0,6457,1591,63183,0.01
11,64785,4797,1.0,6458,1591,63194,0.01
7,64792,4798,1.0,6459,1591,63201,0.01
7,64799,4799,1.0,6460,1591,63208,0.01
7,64806,4800,1.0,6461,1591,63215,0.01
7,64813,4801,1.0,6462,1591,63222,0.01
7,64820,4802,1.0,6463,1591,63229,0.01
7,64827,4803,1.0,6464,1591,63236,0.01
7,64834,4804,1.0,6465,1591,63243,0.01
7,64841,4805,1.0,6466,1591,63250,0.01
7,64848,4806,1.0,6467,1591,63257,0.01
7,64855,4807,1.0,6468,1591,63264,0.01
7,64862,4808,1.0,6469,1591,63271,0.01
7,64869,4809,1.0,6470,1591,63278,0.01
7,64876,4810,1.0,6471,1591,63285,0.01
7,64883,4811,1.0,6472,1591,63292,0.01
7,64890,4812,1.0,6473,1591,63299,0.01
7,64897,4813,1.0,6474,1591,63306,0.01
7,64904,4814,1.0,6475,1591,63313,0.01
7,64911,4815,1.0,6476,1591,63320,0.01
7,64918,4816,1.0,6477,1591,63327,0.01
7,64925,4817,1.0,6478,1591,63334,0.01
7,64932,4818,1.0,6479,1591,63341,0.01
7,64939,4819,1.0,6480,1591,63348,0.01
7,64946,4820,1.0,6481,1591,63355,0.01
7,64953,4821,1.0,6482,1591,63362,0.01
7,64960,4822,1.0,6483,1591,63369,0.01
7,64967,4823,1.0,6484,1591,63376,0.01
7,64974,4824,1.0,6485,1591,63383,0.01
7,64981,4825,1.0,6486,1591,63390,0.01
7,64988,4826,1.0,6487,1591,63397,0.01
7,64995,4827,1.0,6488,1591,63404,0.01
7,65002,4828,1.0,6489,1591,63411,0.01
7,65009,4829,1.0,6490,1591,63418,0.01
7,65016,4830,1.0,6491,1591,63425,0.01
7,65023,4831,1.0,6492,1591,63432,0.01
7,65030,4832,1.0,6493,1591,63439,0.01
7,65037,4833,1.0,6494,1591,63446,0.01
7,65044,4834,1.0,6495,1591,63453,0.01
7,65051,4835,1.0,6496,1591,63460,0.01
7,65058,4836,1.0,6497,1591,63467,0.01
7,65065,4837,1.0,6498,1591,63474,0.01
7,65072,4838,1.0,6499,1591,63481,0.01
7,65079,4839,1.0,6500,1591,63488,0.01
7,65086,4840,1.0,6501,1591,63495,0.01
7,65093,4841,1.0,6502,1591,63502,0.01
7,65100,4842,1.0,6503,1591,63509,0.01
7,65107,4843,1.0,6504,1591,63516,0.01
7,65114,4844,1.0,6505,1591,63523,0.01
7,65121,4845,1.0,6506,1591,63530,0.01
7,65128,4846,1.0,6507,1591,63537,0.01
7,65135,4847,1.0,6508,1591,63544,0.01
7,65142,4848,1.0,6509,1591,63551,0.01
7,65149,4849,1.0,6510,1591,63558,0.01
7,65156,4850,1.0,6511,1591,63565,0.01
7,65163,4851,1.0,6512,1591,63572,0.01
7,65170,4852,1.0,6513,1591,63579,0.01
7,65177,4853,1.0,6514,1591,63586,0.01
7,65184,4854,1.0,6515,1591,63593,0.01
7,65191,4855,1.0,6516,1591,63600,0.01
7,65198,4856,1.0,6517,1591,63607,0.01
7,65205,4857,1.0,6518,1591,63614,0.01
3,65208,4857,0.0,6519,1592,63616,0.01
7,65215,4858,1.0,6520,1592,63623,0.01
7,65222,4859,1.0,6521,1592,63630,0.01
25,65247,4859,0.0,6522,1593,63654,0.01
7,65254,4860,1.0,6523,1593,63661,0.01
7,65261,4861,1.0,6524,1593,63668,0.01
7,65268,4862,1.0,6525,1593,63675,0.01
25,65293,4862,0.0,6526,1594,63699,0.01
7,65300,4863,1.0,6527,1594,63706,0.01
7,65307,4864,1.0,6528,1594,63713,0.01
7,65314,4865,1.0,6529,1594,63720,0.01
7,65321,4866,1.0,6530,1594,63727,0.01
7,65328,4867,1.0,6531,1594,63734,0.01
7,65335,4868,1.0,6532,1594,63741,0.01
7,65342,4869,1.0,6533,1594,63748,0.01
7,65349,4870,1.0,6534,1594,63755,0.01
7,65356,4871,1.0,6535,1594,63762,0.01
7,65363,4872,1.0,6536,1594,63769,0.01
7,65370,4873,1.0,6537,1594,63776,0.01
7,65377,4874,1.0,6538,1594,63783,0.01
7,65384,4875,1.0,6539,1594,63790,0.01
7,65391,4876,1.0,6540,1594,63797,0.01
7,65398,4877,1.0,6541,1594,63804,0.01
7,65405,4878,1.0,6542,1594,63811,0.01
7,65412,4879,1.0,6543,1594,63818,0.01
11,65423,4880,1.0,6544,1595,63828,0.01
3,65426,4880,0.0,6545,1596,63830,0.01
7,65433,4881,1.0,6546,1596,63837,0.01
7,65440,4882,1.0,6547,1596,63844,0.01
7,65447,4883,1.0,6548,1596,63851,0.01
25,65472,4883,0.0,6549,1597,63875,0.01
15,65487,4883,0.0,6550,1597,63890,0.01
16,65503,4883,0.0,6551,1597,63906,0.01
15,65518,4883,0.0,6552,1597,63921,0.01
13,65531,4883,0.0,6553,1597,63934,0.01
21,65552,4883,0.0,6554,1597,63955,0.01
33,65585,4883,0.0,6555,1597,63988,0.01
23,65608,4884,1.0,6556,1597,64011,0.01
28,65636,4884,0.0,6557,1597,64039,0.01
22,65658,4884,0.0,6558,1597,64061,0.01
40,65698,4884,0.0,6559,1597,64101,0.01
29,65727,4885,1.0,6560,1599,64128,0.01
21,65748,4885,0.0,6561,1599,64149,0.01
21,65769,4885,0.0,6562,1599,64170,0.01
21,65790,4885,0.0,6563,1599,64191,0.01
7,65797,4886,1.0,6564,1599,64198,0.01
7,65804,4887,1.0,6565,1600,64204,0.01
7,65811,4888,1.0,6566,1600,64211,0.01
7,65818,4889,1.0,6567,1600,64218,0.01
7,65825,4890,1.0,6568,1600,64225,0.01
7,65832,4891,1.0,6569,1600,64232,0.01
7,65839,4892,1.0,6570,1600,64239,0.01
7,65846,4893,1.0,6571,1600,64246,0.01
7,65853,4894,1.0,6572,1600,64253,0.01
7,65860,4895,1.0,6573,1600,64260,0.01
7,65867,4896,1.0,6574,1600,64267,0.01
7,65874,4897,1.0,6575,1600,64274,0.01
7,65881,4898,1.0,6576,1600,64281,0.01
7,65888,4899,1.0,6577,1600,64288,0.01
7,65895,4900,1.0,6578,1600,64295,0.01
7,65902,4901,1.0,6579,1600,64302,0.01
7,65909,4902,1.0,6580,1600,64309,0.01
7,65916,4903,1.0,6581,1600,64316,0.01
7,65923,4904,1.0,6582,1600,64323,0.01
7,65930,4905,1.0,6583,1600,64330,0.01
7,65937,4906,1.0,6584,1600,64337,0.01
7,65944,4907,1.0,6585,1600,64344,0.01
7,65951,4908,1.0,6586,1600,64351,0.01
7,65958,4909,1.0,6587,1600,64358,0.01
7,65965,4910,1.0,6588,1600,64365,0.01
7,65972,4911,1.0,6589,1600,64372,0.01
7,65979,4912,1.0,6590,1600,64379,0.01
7,65986,4913,1.0,6591,1600,64386,0.01
7,65993,4914,1.0,6592,1600,64393,0.01
7,66000,4915,1.0,6593,1600,64400,0.01
7,66007,4916,1.0,6594,1600,64407,0.01
7,66014,4917,1.0,6595,1600,64414,0.01
7,66021,4918,1.0,6596,1600,64421,0.01
7,66028,4919,1.0,6597,1600,64428,0.01
7,66035,4920,1.0,6598,1600,64435,0.01
7,66042,4921,1.0,6599,1600,64442,0.01
7,66049,4922,1.0,6600,1600,64449,0.01
7,66056,4923,1.0,6601,1600,64456,0.01
7,66063,4924,1.0,6602,1600,64463,0.01
7,66070,4925,1.0,6603,1600,64470,0.01
7,66077,4926,1.0,6604,1600,64477,0.01
7,66084,4927,1.0,6605,1600,64484,0.01
7,66091,4928,1.0,6606,1600,64491,0.01
7,66098,4929,1.0,6607,1600,64498,0.01
7,66105,4930,1.0,6608,1600,64505,0.01
7,66112,4931,1.0,6609,1600,64512,0.01
7,66119,4932,1.0,6610,1601,64518,0.01
7,66126,4933,1.0,6611,1601,64525,0.01
7,66133,4934,1.0,6612,1601,64532,0.01
7,66140,4935,1.0,6613,1601,64539,0.01
7,66147,4936,1.0,6614,1601,64546,0.01
7,66154,4937,1.0,6615,1601,64553,0.01
7,66161,4938,1.0,6616,1601,64560,0.01
7,66168,4939,1.0,6617,1602,64566,0.01
7,66175,4940,1.0,6618,1602,64573,0.01
7,66182,4941,1.0,6619,1602,64580,0.01
8,66190,4941,0.0,6620,1603,64587,0.01
7,66197,4942,1.0,6621,1603,64594,0.01
7,66204,4943,1.0,6622,1603,64601,0.01
7,66211,4944,1.0,6623,1603,64608,0.01
7,66218,4945,1.0,6624,1603,64615,0.01
7,66225,4946,1.0,6625,1603,64622,0.01
7,66232,4947,1.0,6626,1603,64629,0.01
7,66239,4948,1.0,6627,1603,64636,0.01
8,66247,4948,0.0,6628,1604,64643,0.01
7,66254,4949,1.0,6629,1604,64650,0.01
7,66261,4950,1.0,6630,1604,64657,0.01
7,66268,4951,1.0,6631,1604,64664,0.01
7,66275,4952,1.0,6632,1604,64671,0.01
7,66282,4953,1.0,6633,1604,64678,0.01
7,66289,4954,1.0,6634,1604,64685,0.01
7,66296,4955,1.0,6635,1604,64692,0.01
7,66303,4956,1.0,6636,1604,64699,0.01
7,66310,4957,1.0,6637,1604,64706,0.01
7,66317,4958,1.0,6638,1604,64713,0.01
7,66324,4959,1.0,6639,1604,64720,0.01
7,66331,4960,1.0,6640,1604,64727,0.01
7,66338,4961,1.0,6641,1604,64734,0.01
7,66345,4962,1.0,6642,1604,64741,0.01
7,66352,4963,1.0,6643,1604,64748,0.01
7,66359,4964,1.0,6644,1604,64755,0.01
7,66366,4965,1.0,6645,1604,64762,0.01
7,66373,4966,1.0,6646,1604,64769,0.01
7,66380,4967,1.0,6647,1604,64776,0.01
7,66387,4968,1.0,6648,1604,64783,0.01
7,66394,4969,1.0,6649,1604,64790,0.01
7,66401,4970,1.0,6650,1604,64797,0.01
6,66407,4970,0.0,6651,1605,64802,0.01
7,66414,4971,1.0,6652,1605,64809,0.01
7,66421,4972,1.0,6653,1605,64816,0.01
7,66428,4973,1.0,6654,1605,64823,0.01
7,66435,4974,1.0,6655,1605,64830,0.01
7,66442,4975,1.0,6656,1605,64837,0.01
7,66449,4976,1.0,6657,1605,64844,0.01
7,66456,4977,1.0,6658,1605,64851,0.01
7,66463,4978,1.0,6659,1605,64858,0.01
7,66470,4979,1.0,6660,1605,64865,0.01
7,66477,4980,1.0,6661,1605,64872,0.01
7,66484,4981,1.0,6662,1605,64879,0.01
7,66491,4982,1.0,6663,1605,64886,0.01
25,66516,4982,0.0,6664,1606,64910,0.01
7,66523,4983,1.0,6665,1606,64917,0.01
7,66530,4984,1.0,6666,1606,64924,0.01
7,66537,4985,1.0,6667,1606,64931,0.01
7,66544,4986,1.0,6668,1606,64938,0.01
7,66551,4987,1.0,6669,1606,64945,0.01
7,66558,4988,1.0,6670,1606,64952,0.01
7,66565,4989,1.0,6671,1606,64959,0.01
7,66572,4990,1.0,6672,1606,64966,0.01
7,66579,4991,1.0,6673,1606,64973,0.01
7,66586,4992,1.0,6674,1606,64980,0.01
7,66593,4993,1.0,6675,1606,64987,0.01
7,66600,4994,1.0,6676,1606,64994,0.01
7,66607,4995,1.0,6677,1606,65001,0.01
7,66614,4996,1.0,6678,1606,65008,0.01
7,66621,4997,1.0,6679,1606,65015,0.01
25,66646,4997,0.0,6680,1607,65039,0.01
7,66653,4998,1.0,6681,1607,65046,0.01
7,66660,4999,1.0,6682,1607,65053,0.01
7,66667,5000,1.0,6683,1607,65060,0.01
7,66674,5001,1.0,6684,1607,65067,0.01
7,66681,5002,1.0,6685,1607,65074,0.01
7,66688,5003,1.0,6686,1607,65081,0.01
7,66695,5004,1.0,6687,1607,65088,0.01
7,66702,5005,1.0,6688,1608,65094,0.01
18,66720,5005,0.0,6689,1609,65111,0.01
7,66727,5006,1.0,6690,1609,65118,0.01
7,66734,5007,1.0,6691,1609,65125,0.01
7,66741,5008,1.0,6692,1609,65132,0.01
7,66748,5009,1.0,6693,1609,65139,0.01
7,66755,5010,1.0,6694,1609,65146,0.01
7,66762,5011,1.0,6695,1609,65153,0.01
7,66769,5012,1.0,6696,1609,65160,0.01
7,66776,5013,1.0,6697,1609,65167,0.01
7,66783,5014,1.0,6698,1609,65174,0.01
7,66790,5015,1.0,6699,1609,65181,0.01
7,66797,5016,1.0,6700,1609,65188,0.01
7,66804,5017,1.0,6701,1609,65195,0.01
7,66811,5018,1.0,6702,1609,65202,0.01
7,66818,5019,1.0,6703,1609,65209,0.01
7,66825,5020,1.0,6704,1609,65216,0.01
9,66834,5020,0.0,6705,1610,65224,0.01
7,66841,5021,1.0,6706,1610,65231,0.01
7,66848,5022,1.0,6707,1610,65238,0.01
7,66855,5023,1.0,6708,1610,65245,0.01
17,66872,5023,0.0,6709,1612,65260,0.01
7,66879,5024,1.0,6710,1612,65267,0.01
7,66886,5025,1.0,6711,1612,65274,0.01
7,66893,5026,1.0,6712,1613,65280,0.01
7,66900,5027,1.0,6713,1613,65287,0.01
7,66907,5028,1.0,6714,1613,65294,0.01
7,66914,5029,1.0,6715,1613,65301,0.01
7,66921,5030,1.0,6716,1613,65308,0.01
7,66928,5031,1.0,6717,1613,65315,0.01
7,66935,5032,1.0,6718,1613,65322,0.01
8,66943,5033,1.0,6719,1614,65329,0.01
7,66950,5034,1.0,6720,1614,65336,0.01
7,66957,5035,1.0,6721,1614,65343,0.01
7,66964,5036,1.0,6722,1614,65350,0.01
7,66971,5037,1.0,6723,1614,65357,0.01
7,66978,5038,1.0,6724,1614,65364,0.01
7,66985,5039,1.0,6725,1614,65371,0.01
7,66992,5040,1.0,6726,1614,65378,0.01
7,66999,5041,1.0,6727,1614,65385,0.01
7,67006,5042,1.0,6728,1614,65392,0.01
7,67013,5043,1.0,6729,1614,65399,0.01
7,67020,5044,1.0,6730,1614,65406,0.01
7,67027,5045,1.0,6731,1614,65413,0.01
7,67034,5046,1.0,6732,1614,65420,0.01
7,67041,5047,1.0,6733,1614,65427,0.01
7,67048,5048,1.0,6734,1614,65434,0.01
7,67055,5049,1.0,6735,1614,65441,0.01
7,67062,5050,1.0,6736,1614,65448,0.01
7,67069,5051,1.0,6737,1614,65455,0.01
7,67076,5052,1.0,6738,1614,65462,0.01
7,67083,5053,1.0,6739,1614,65469,0.01
7,67090,5054,1.0,6740,1614,65476,0.01
7,67097,5055,1.0,6741,1614,65483,0.01
7,67104,5056,1.0,6742,1614,65490,0.01
7,67111,5057,1.0,6743,1614,65497,0.01
7,67118,5058,1.0,6744,1614,65504,0.01
7,67125,5059,1.0,6745,1614,65511,0.01
7,67132,5060,1.0,6746,1614,65518,0.01
25,67157,5060,0.0,6747,1615,65542,0.01
7,67164,5061,1.0,6748,1615,65549,0.01
7,67171,5062,1.0,6749,1615,65556,0.01
7,67178,5063,1.0,6750,1616,65562,0.01
7,67185,5064,1.0,6751,1616,65569,0.01
7,67192,5065,1.0,6752,1616,65576,0.01
7,67199,5066,1.0,6753,1616,65583,0.01
7,67206,5067,1.0,6754,1616,65590,0.01
7,67213,5068,1.0,6755,1616,65597,0.01
7,67220,5069,1.0,6756,1616,65604,0.01
7,67227,5070,1.0,6757,1616,65611,0.01
7,67234,5071,1.0,6758,1616,65618,0.01
7,67241,5072,1.0,6759,1616,65625,0.01
7,67248,5073,1.0,6760,1616,65632,0.01
7,67255,5074,1.0,6761,1616,65639,0.01
7,67262,5075,1.0,6762,1616,65646,0.01
7,67269,5076,1.0,6763,1616,65653,0.01
7,67276,5077,1.0,6764,1616,65660,0.01
7,67283,5078,1.0,6765,1616,65667,0.01
7,67290,5079,1.0,6766,1616,65674,0.01
7,67297,5080,1.0,6767,1616,65681,0.01
7,67304,5081,1.0,6768,1616,65688,0.01
7,67311,5082,1.0,6769,1616,65695,0.01
7,67318,5083,1.0,6770,1616,65702,0.01
7,67325,5084,1.0,6771,1616,65709,0.01
7,67332,5085,1.0,6772,1616,65716,0.01
25,67357,5085,0.0,6773,1617,65740,0.01
7,67364,5086,1.0,6774,1617,65747,0.01
7,67371,5087,1.0,6775,1617,65754,0.01
7,67378,5088,1.0,6776,1617,65761,0.01
7,67385,5089,1.0,6777,1617,65768,0.01
7,67392,5090,1.0,6778,1617,65775,0.01
7,67399,5091,1.0,6779,1617,65782,0.01
7,67406,5092,1.0,6780,1617,65789,0.01
7,67413,5093,1.0,6781,1617,65796,0.01
7,67420,5094,1.0,6782,1617,65803,0.01
7,67427,5095,1.0,6783,1617,65810,0.01
7,67434,5096,1.0,6784,1617,65817,0.01
7,67441,5097,1.0,6785,1617,65824,0.01
7,67448,5098,1.0,6786,1617,65831,0.01
7,67455,5099,1.0,6787,1617,65838,0.01
7,67462,5100,1.0,6788,1617,65845,0.01
7,67469,5101,1.0,6789,1617,65852,0.01
7,67476,5102,1.0,6790,1617,65859,0.01
7,67483,5103,1.0,6791,1617,65866,0.01
7,67490,5104,1.0,6792,1617,65873,0.01
7,67497,5105,1.0,6793,1617,65880,0.01
7,67504,5106,1.0,6794,1617,65887,0.01
7,67511,5107,1.0,6795,1617,65894,0.01
7,67518,5108,1.0,6796,1617,65901,0.01
7,67525,5109,1.0,6797,1617,65908,0.01
7,67532,5110,1.0,6798,1617,65915,0.01
7,67539,5111,1.0,6799,1617,65922,0.01
7,67546,5112,1.0,6800,1617,65929,0.01
7,67553,5113,1.0,6801,1617,65936,0.01
7,67560,5114,1.0,6802,1617,65943,0.01
7,67567,5115,1.0,6803,1617,65950,0.01
7,67574,5116,1.0,6804,1617,65957,0.01
7,67581,5117,1.0,6805,1617,65964,0.01
7,67588,5118,1.0,6806,1617,65971,0.01
7,67595,5119,1.0,6807,1617,65978,0.01
7,67602,5120,1.0,6808,1617,65985,0.01
7,67609,5121,1.0,6809,1617,65992,0.01
7,67616,5122,1.0,6810,1617,65999,0.01
7,67623,5123,1.0,6811,1617,66006,0.01
7,67630,5124,1.0,6812,1617,66013,0.01
7,67637,5125,1.0,6813,1617,66020,0.01
7,67644,5126,1.0,6814,1617,66027,0.01
30,67674,5126,0.0,6815,1619,66055,0.01
10,67684,5126,0.0,6816,1619,66065,0.01
34,67718,5127,1.0,6817,1620,66098,0.01
9,67727,5127,0.0,6818,1620,66107,0.01
22,67749,5127,0.0,6819,1620,66129,0.01
28,67777,5127,0.0,6820,1620,66157,0.01
24,67801,5127,0.0,6821,1620,66181,0.01
5,67806,5127,0.0,6822,1620,66186,0.01
15,67821,5127,0.0,6823,1620,66201,0.01
7,67828,5128,1.0,6824,1620,66208,0.01
7,67835,5129,1.0,6825,1620,66215,0.01
9,67844,5129,0.0,6826,1621,66223,0.01
7,67851,5130,1.0,6827,1621,66230,0.01
7,67858,5131,1.0,6828,1621,66237,0.01
7,67865,5132,1.0,6829,1621,66244,0.01
7,67872,5133,1.0,6830,1621,66251,0.01
7,67879,5134,1.0,6831,1621,66258,0.01
7,67886,5135,1.0,6832,1621,66265,0.01
7,67893,5136,1.0,6833,1621,66272,0.01
7,67900,5137,1.0,6834,1621,66279,0.01
2,67902,5137,0.0,6835,1622,66280,0.01
7,67909,5138,1.0,6836,1622,66287,0.01
7,67916,5139,1.0,6837,1622,66294,0.01
7,67923,5140,1.0,6838,1622,66301,0.01
7,67930,5141,1.0,6839,1622,66308,0.01
7,67937,5142,1.0,6840,1622,66315,0.01
7,67944,5143,1.0,6841,1622,66322,0.01
7,67951,5144,1.0,6842,1622,66329,0.01
7,67958,5145,1.0,6843,1622,66336,0.01
7,67965,5146,1.0,6844,1622,66343,0.01
7,67972,5147,1.0,6845,1622,66350,0.01
7,67979,5148,1.0,6846,1622,66357,0.01
7,67986,5149,1.0,6847,1622,66364,0.01
7,67993,5150,1.0,6848,1622,66371,0.01
7,68000,5151,1.0,6849,1622,66378,0.01
7,68007,5152,1.0,6850,1622,66385,0.01
7,68014,5153,1.0,6851,1622,66392,0.01
7,68021,5154,1.0,6852,1622,66399,0.01
7,68028,5155,1.0,6853,1622,66406,0.01
7,68035,5156,1.0,6854,1622,66413,0.01
7,68042,5157,1.0,6855,1622,66420,0.01
7,68049,5158,1.0,6856,1622,66427,0.01
7,68056,5159,1.0,6857,1622,66434,0.01
7,68063,5160,1.0,6858,1622,66441,0.01
2,68065,5160,0.0,6859,1623,66442,0.01
7,68072,5161,1.0,6860,1623,66449,0.01
7,68079,5162,1.0,6861,1623,66456,0.01
7,68086,5163,1.0,6862,1623,66463,0.01
7,68093,5164,1.0,6863,1623,66470,0.01
7,68100,5165,1.0,6864,1623,66477,0.01
7,68107,5166,1.0,6865,1623,66484,0.01
7,68114,5167,1.0,6866,1623,66491,0.01
7,68121,5168,1.0,6867,1623,66498,0.01
7,68128,5169,1.0,6868,1623,66505,0.01
7,68135,5170,1.0,6869,1623,66512,0.01
7,68142,5171,1.0,6870,1623,66519,0.01
7,68149,5172,1.0,6871,1623,66526,0.01
7,68156,5173,1.0,6872,1623,66533,0.01
7,68163,5174,1.0,6873,1623,66540,0.01
7,68170,5175,1.0,6874,1623,66547,0.01
7,68177,5176,1.0,6875,1623,66554,0.01
7,68184,5177,1.0,6876,1623,66561,0.01
7,68191,5178,1.0,6877,1623,66568,0.01
7,68198,5179,1.0,6878,1623,66575,0.01
25,68223,5179,0.0,6879,1624,66599,0.01
7,68230,5180,1.0,6880,1624,66606,0.01
7,68237,5181,1.0,6881,1624,66613,0.01
7,68244,5182,1.0,6882,1624,66620,0.01
7,68251,5183,1.0,6883,1624,66627,0.01
7,68258,5184,1.0,6884,1624,66634,0.01
7,68265,5185,1.0,6885,1624,66641,0.01
7,68272,5186,1.0,6886,1624,66648,0.01
7,68279,5187,1.0,6887,1624,66655,0.01
28,68307,5187,0.0,6888,1625,66682,0.01
15,68322,5187,0.0,6889,1625,66697,0.01
15,68337,5187,0.0,6890,1625,66712,0.01
15,68352,5187,0.0,6891,1625,66727,0.01
13,68365,5187,0.0,6892,1625,66740,0.01
15,68380,5187,0.0,6893,1627,66753,0.01
15,68395,5187,0.0,6894,1627,66768,0.01
57,68452,5188,1.0,6895,1627,66825,0.01
28,68480,5188,0.0,6896,1627,66853,0.01
13,68493,5188,0.0,6897,1627,66866,0.01
34,68527,5189,1.0,6898,1627,66900,0.01
15,68542,5189,0.0,6899,1627,66915,0.01
15,68557,5189,0.0,6900,1627,66930,0.01
9,68566,5189,0.0,6901,1627,66939,0.01
25,68591,5189,0.0,6902,1627,66964,0.01
24,68615,5189,0.0,6903,1627,66988,0.01
26,68641,5189,0.0,6904,1628,67013,0.01
29,68670,5190,1.0,6905,1629,67041,0.01
5,68675,5190,0.0,6906,1630,67045,0.01
16,68691,5190,0.0,6907,1630,67061,0.01
95,68786,5190,0.0,6908,1631,67155,0.01
29,68815,5191,1.0,6909,1631,67184,0.01
2,68817,5191,0.0,6910,1631,67186,0.01
10,68827,5191,0.0,6911,1632,67195,0.01
45,68872,5191,0.0,6912,1635,67237,0.01
10,68882,5191,0.0,6913,1635,67247,0.01
10,68892,5191,0.0,6914,1635,67257,0.01
38,68930,5191,0.0,6915,1635,67295,0.01
28,68958,5191,0.0,6916,1635,67323,0.01
22,68980,5191,0.0,6917,1635,67345,0.01
34,69014,5191,0.0,6918,1635,67379,0.01
7,69021,5191,0.0,6919,1635,67386,0.01
29,69050,5192,1.0,6920,1637,67413,0.01
19,69069,5193,1.0,6921,1638,67431,0.01
19,69088,5194,1.0,6922,1638,67450,0.01
33,69121,5194,0.0,6923,1638,67483,0.01
15,69136,5194,0.0,6924,1638,67498,0.01
26,69162,5195,1.0,6925,1638,67524,0.01
26,69188,5196,1.0,6926,1638,67550,0.01
26,69214,5197,1.0,6927,1638,67576,0.01
26,69240,5198,1.0,6928,1638,67602,0.01
8,69248,5198,0.0,6929,1639,67609,0.01
2,69250,5198,0.0,6930,1639,67611,0.01
10,69260,5198,0.0,6931,1639,67621,0.01
24,69284,5198,0.0,6932,1639,67645,0.01
2,69286,5198,0.0,6933,1639,67647,0.01
2,69288,5198,0.0,6934,1639,67649,0.01
24,69312,5198,0.0,6935,1639,67673,0.01
2,69314,5198,0.0,6936,1639,67675,0.01
2,69316,5198,0.0,6937,1639,67677,0.01
12,69328,5198,0.0,6938,1640,67688,0.01
18,69346,5198,0.0,6939,1640,67706,0.01
7,69353,5198,0.0,6940,1640,67713,0.01
7,69360,5198,0.0,6941,1640,67720,0.01
7,69367,5198,0.0,6942,1640,67727,0.01
10,69377,5198,0.0,6943,1640,67737,0.01
10,69387,5198,0.0,6944,1640,67747,0.01
10,69397,5198,0.0,6945,1640,67757,0.01
10,69407,5198,0.0,6946,1640,67767,0.01
10,69417,5198,0.0,6947,1640,67777,0.01
9,69426,5198,0.0,6948,1640,67786,0.01
8,69434,5198,0.0,6949,1640,67794,0.01
15,69449,5198,0.0,6950,1640,67809,0.01
9,69458,5198,0.0,6951,1640,67818,0.01
9,69467,5198,0.0,6952,1640,67827,0.01
4,69471,5198,0.0,6953,1640,67831,0.01
5,69476,5198,0.0,6954,1640,67836,0.01
14,69490,5198,0.0,6955,1640,67850,0.01
2,69492,5198,0.0,6956,1640,67852,0.01
54,69546,5198,0.0,6957,1641,67905,0.01
12,69558,5198,0.0,6958,1641,67917,0.01
9,69567,5198,0.0,6959,1641,67926,0.01
6,69573,5198,0.0,6960,1641,67932,0.01
21,69594,5198,0.0,6961,1641,67953,0.01
9,69603,5198,0.0,6962,1641,67962,0.01
9,69612,5198,0.0,6963,1641,67971,0.01
5,69617,5198,0.0,6964,1641,67976,0.01
17,69634,5198,0.0,6965,1641,67993,0.01
13,69647,5198,0.0,6966,1642,68005,0.01
5,69652,5198,0.0,6967,1642,68010,0.01
8,69660,5198,0.0,6968,1642,68018,0.01
9,69669,5198,0.0,6969,1642,68027,0.01
29,69698,5199,1.0,6970,1642,68056,0.01
26,69724,5200,1.0,6971,1642,68082,0.01
9,69733,5200,0.0,6972,1642,68091,0.01
6,69739,5200,0.0,6973,1643,68096,0.01
9,69748,5200,0.0,6974,1643,68105,0.01
19,69767,5201,1.0,6975,1643,68124,0.01
19,69786,5202,1.0,6976,1643,68143,0.01
19,69805,5203,1.0,6977,1643,68162,0.01
19,69824,5204,1.0,6978,1643,68181,0.01
19,69843,5205,1.0,6979,1643,68200,0.01
19,69862,5206,1.0,6980,1643,68219,0.01
19,69881,5207,1.0,6981,1643,68238,0.01
19,69900,5208,1.0,6982,1643,68257,0.01
19,69919,5209,1.0,6983,1643,68276,0.01
19,69938,5210,1.0,6984,1643,68295,0.01
19,69957,5211,1.0,6985,1643,68314,0.01
19,69976,5212,1.0,6986,1643,68333,0.01
19,69995,5213,1.0,6987,1643,68352,0.01
19,70014,5214,1.0,6988,1643,68371,0.01
19,70033,5215,1.0,6989,1643,68390,0.01
5,70038,5215,0.0,6990,1644,68394,0.01
19,70057,5216,1.0,6991,1644,68413,0.01
19,70076,5217,1.0,6992,1644,68432,0.01
19,70095,5218,1.0,6993,1644,68451,0.01
19,70114,5219,1.0,6994,1644,68470,0.01
19,70133,5220,1.0,6995,1644,68489,0.01
19,70152,5221,1.0,6996,1644,68508,0.01
6,70158,5221,0.0,6997,1645,68513,0.01
19,70177,5222,1.0,6998,1645,68532,0.01
19,70196,5223,1.0,6999,1645,68551,0.01
19,70215,5224,1.0,7000,1645,68570,0.01
19,70234,5225,1.0,7001,1645,68589,0.01
12,70246,5225,0.0,7002,1646,68600,0.01
5,70251,5225,0.0,7003,1646,68605,0.01
5,70256,5225,0.0,7004,1646,68610,0.01
5,70261,5225,0.0,7005,1646,68615,0.01
17,70278,5225,0.0,7006,1646,68632,0.01
5,70283,5225,0.0,7007,1646,68637,0.01
17,70300,5225,0.0,7008,1646,68654,0.01
5,70305,5225,0.0,7009,1646,68659,0.01
9,70314,5225,0.0,7010,1646,68668,0.01
22,70336,5225,0.0,7011,1646,68690,0.01
11,70347,5225,0.0,7012,1647,68700,0.01
22,70369,5225,0.0,7013,1648,68721,0.01
8,70377,5225,0.0,7014,1648,68729,0.01
37,70414,5225,0.0,7015,1648,68766,0.01
8,70422,5225,0.0,7016,1648,68774,0.01
8,70430,5225,0.0,7017,1648,68782,0.01
7,70437,5225,0.0,7018,1648,68789,0.01
7,70444,5225,0.0,7019,1648,68796,0.01
7,70451,5226,1.0,7020,1648,68803,0.01
24,70475,5226,0.0,7021,1648,68827,0.01
7,70482,5227,1.0,7022,1648,68834,0.01
7,70489,5228,1.0,7023,1648,68841,0.01
7,70496,5229,1.0,7024,1648,68848,0.01
7,70503,5230,1.0,7025,1648,68855,0.01
7,70510,5231,1.0,7026,1648,68862,0.01
7,70517,5232,1.0,7027,1649,68868,0.01
7,70524,5233,1.0,7028,1649,68875,0.01
7,70531,5234,1.0,7029,1649,68882,0.01
7,70538,5235,1.0,7030,1649,68889,0.01
7,70545,5236,1.0,7031,1650,68895,0.01
7,70552,5237,1.0,7032,1650,68902,0.01
7,70559,5238,1.0,7033,1650,68909,0.01
7,70566,5239,1.0,7034,1650,68916,0.01
7,70573,5240,1.0,7035,1650,68923,0.01
7,70580,5241,1.0,7036,1650,68930,0.01
7,70587,5242,1.0,7037,1650,68937,0.01
7,70594,5243,1.0,7038,1650,68944,0.01
7,70601,5244,1.0,7039,1650,68951,0.01
7,70608,5245,1.0,7040,1650,68958,0.01
7,70615,5246,1.0,7041,1650,68965,0.01
7,70622,5247,1.0,7042,1650,68972,0.01
7,70629,5248,1.0,7043,1650,68979,0.01
7,70636,5249,1.0,7044,1651,68985,0.01
7,70643,5250,1.0,7045,1651,68992,0.01
7,70650,5251,1.0,7046,1651,68999,0.01
7,70657,5252,1.0,7047,1651,69006,0.01
7,70664,5253,1.0,7048,1651,69013,0.01
7,70671,5254,1.0,7049,1652,69019,0.01
7,70678,5255,1.0,7050,1652,69026,0.01
7,70685,5256,1.0,7051,1652,69033,0.01
7,70692,5257,1.0,7052,1652,69040,0.01
7,70699,5258,1.0,7053,1653,69046,0.01
7,70706,5259,1.0,7054,1653,69053,0.01
22,70728,5259,0.0,7055,1654,69074,0.01
31,70759,5259,0.0,7056,1654,69105,0.01
31,70790,5259,0.0,7057,1654,69136,0.01
31,70821,5259,0.0,7058,1654,69167,0.01
26,70847,5260,1.0,7059,1654,69193,0.01
23,70870,5260,0.0,7060,1654,69216,0.01
7,70877,5261,1.0,7061,1654,69223,0.01
7,70884,5262,1.0,7062,1654,69230,0.01
9,70893,5262,0.0,7063,1654,69239,0.01
23,70916,5262,0.0,7064,1655,69261,0.01
7,70923,5263,1.0,7065,1655,69268,0.01
7,70930,5264,1.0,7066,1655,69275,0.01
7,70937,5265,1.0,7067,1655,69282,0.01
7,70944,5266,1.0,7068,1655,69289,0.01
7,70951,5267,1.0,7069,1655,69296,0.01
7,70958,5268,1.0,7070,1655,69303,0.01
7,70965,5269,1.0,7071,1655,69310,0.01
7,70972,5270,1.0,7072,1655,69317,0.01
7,70979,5271,1.0,7073,1655,69324,0.01
7,70986,5272,1.0,7074,1655,69331,0.01
7,70993,5273,1.0,7075,1655,69338,0.01
7,71000,5274,1.0,7076,1655,69345,0.01
7,71007,5275,1.0,7077,1655,69352,0.01
7,71014,5276,1.0,7078,1655,69359,0.01
7,71021,5277,1.0,7079,1655,69366,0.01
7,71028,5278,1.0,7080,1655,69373,0.01
7,71035,5279,1.0,7081,1655,69380,0.01
7,71042,5280,1.0,7082,1655,69387,0.01
7,71049,5281,1.0,7083,1655,69394,0.01
23,71072,5281,0.0,7084,1656,69416,0.01
7,71079,5282,1.0,7085,1656,69423,0.01
7,71086,5283,1.0,7086,1656,69430,0.01
7,71093,5284,1.0,7087,1656,69437,0.01
7,71100,5285,1.0,7088,1656,69444,0.01
7,71107,5286,1.0,7089,1656,69451,0.01
7,71114,5287,1.0,7090,1656,69458,0.01
2,71116,5287,0.0,7091,1657,69459,0.01
7,71123,5288,1.0,7092,1657,69466,0.01
7,71130,5289,1.0,7093,1657,69473,0.01
7,71137,5290,1.0,7094,1657,69480,0.01
7,71144,5291,1.0,7095,1657,69487,0.01
7,71151,5292,1.0,7096,1657,69494,0.01
7,71158,5293,1.0,7097,1657,69501,0.01
5,71163,5293,0.0,7098,1658,69505,0.01
7,71170,5294,1.0,7099,1658,69512,0.01
7,71177,5295,1.0,7100,1658,69519,0.01
7,71184,5296,1.0,7101,1658,69526,0.01
7,71191,5297,1.0,7102,1658,69533,0.01
7,71198,5298,1.0,7103,1658,69540,0.01
23,71221,5298,0.0,7104,1659,69562,0.01
7,71228,5299,1.0,7105,1660,69568,0.01
7,71235,5300,1.0,7106,1660,69575,0.01
7,71242,5301,1.0,7107,1660,69582,0.01
7,71249,5302,1.0,7108,1660,69589,0.01
7,71256,5303,1.0,7109,1660,69596,0.01
7,71263,5304,1.0,7110,1660,69603,0.01
7,71270,5305,1.0,7111,1660,69610,0.01
7,71277,5306,1.0,7112,1660,69617,0.01
7,71284,5307,1.0,7113,1660,69624,0.01
7,71291,5308,1.0,7114,1660,69631,0.01
7,71298,5309,1.0,7115,1660,69638,0.01
7,71305,5310,1.0,7116,1660,69645,0.01
7,71312,5311,1.0,7117,1660,69652,0.01
5,71317,5311,0.0,7118,1661,69656,0.01
7,71324,5312,1.0,7119,1661,69663,0.01
7,71331,5313,1.0,7120,1661,69670,0.01
7,71338,5314,1.0,7121,1661,69677,0.01
7,71345,5315,1.0,7122,1661,69684,0.01
7,71352,5316,1.0,7123,1661,69691,0.01
3,71355,5316,0.0,7124,1662,69693,0.01
7,71362,5317,1.0,7125,1662,69700,0.01
7,71369,5318,1.0,7126,1662,69707,0.01
7,71376,5319,1.0,7127,1662,69714,0.01
7,71383,5320,1.0,7128,1662,69721,0.01
7,71390,5321,1.0,7129,1662,69728,0.01
7,71397,5322,1.0,7130,1662,69735,0.01
7,71404,5323,1.0,7131,1662,69742,0.01
7,71411,5324,1.0,7132,1662,69749,0.01
7,71418,5325,1.0,7133,1662,69756,0.01
7,71425,5326,1.0,7134,1662,69763,0.01
7,71432,5327,1.0,7135,1662,69770,0.01
7,71439,5328,1.0,7136,1662,69777,0.01
7,71446,5329,1.0,7137,1662,69784,0.01
7,71453,5330,1.0,7138,1662,69791,0.01
7,71460,5331,1.0,7139,1662,69798,0.01
7,71467,5332,1.0,7140,1662,69805,0.01
7,71474,5333,1.0,7141,1662,69812,0.01
7,71481,5334,1.0,7142,1662,69819,0.01
7,71488,5335,1.0,7143,1662,69826,0.01
7,71495,5336,1.0,7144,1662,69833,0.01
7,71502,5337,1.0,7145,1662,69840,0.01
7,71509,5338,1.0,7146,1662,69847,0.01
7,71516,5339,1.0,7147,1662,69854,0.01
7,71523,5340,1.0,7148,1662,69861,0.01
7,71530,5341,1.0,7149,1662,69868,0.01
7,71537,5342,1.0,7150,1662,69875,0.01
23,71560,5342,0.0,7151,1663,69897,0.01
7,71567,5343,1.0,7152,1663,69904,0.01
7,71574,5344,1.0,7153,1663,69911,0.01
7,71581,5345,1.0,7154,1663,69918,0.01
7,71588,5346,1.0,7155,1663,69925,0.01
7,71595,5347,1.0,7156,1663,69932,0.01
7,71602,5348,1.0,7157,1663,69939,0.01
7,71609,5349,1.0,7158,1663,69946,0.01
7,71616,5350,1.0,7159,1663,69953,0.01
7,71623,5351,1.0,7160,1663,69960,0.01
7,71630,5352,1.0,7161,1663,69967,0.01
7,71637,5353,1.0,7162,1663,69974,0.01
7,71644,5354,1.0,7163,1663,69981,0.01
7,71651,5355,1.0,7164,1663,69988,0.01
7,71658,5356,1.0,7165,1663,69995,0.01
7,71665,5357,1.0,7166,1663,70002,0.01
7,71672,5358,1.0,7167,1663,70009,0.01
7,71679,5359,1.0,7168,1663,70016,0.01
7,71686,5360,1.0,7169,1663,70023,0.01
7,71693,5361,1.0,7170,1663,70030,0.01
4,71697,5361,0.0,7171,1664,70033,0.01
3,71700,5361,0.0,7172,1664,70036,0.01
7,71707,5362,1.0,7173,1664,70043,0.01
7,71714,5363,1.0,7174,1664,70050,0.01
7,71721,5364,1.0,7175,1664,70057,0.01
7,71728,5365,1.0,7176,1664,70064,0.01
7,71735,5366,1.0,7177,1664,70071,0.01
4,71739,5366,0.0,7178,1665,70074,0.01
3,71742,5366,0.0,7179,1665,70077,0.01
7,71749,5367,1.0,7180,1665,70084,0.01
7,71756,5368,1.0,7181,1665,70091,0.01
7,71763,5369,1.0,7182,1665,70098,0.01
7,71770,5370,1.0,7183,1665,70105,0.01
7,71777,5371,1.0,7184,1665,70112,0.01
7,71784,5372,1.0,7185,1665,70119,0.01
7,71791,5373,1.0,7186,1665,70126,0.01
7,71798,5374,1.0,7187,1665,70133,0.01
7,71805,5374,0.0,7188,1666,70139,0.01
7,71812,5375,1.0,7189,1666,70146,0.01
7,71819,5376,1.0,7190,1666,70153,0.01
7,71826,5377,1.0,7191,1666,70160,0.01
7,71833,5378,1.0,7192,1666,70167,0.01
7,71840,5379,1.0,7193,1666,70174,0.01
7,71847,5380,1.0,7194,1666,70181,0.01
7,71854,5381,1.0,7195,1666,70188,0.01
7,71861,5382,1.0,7196,1666,70195,0.01
23,71884,5382,0.0,7197,1667,70217,0.01
7,71891,5383,1.0,7198,1667,70224,0.01
7,71898,5384,1.0,7199,1667,70231,0.01
7,71905,5385,1.0,7200,1667,70238,0.01
7,71912,5386,1.0,7201,1667,70245,0.01
7,71919,5387,1.0,7202,1667,70252,0.01
7,71926,5388,1.0,7203,1667,70259,0.01
7,71933,5389,1.0,7204,1668,70265,0.01
7,71940,5390,1.0,7205,1668,70272,0.01
7,71947,5391,1.0,7206,1668,70279,0.01
7,71954,5392,1.0,7207,1668,70286,0.01
7,71961,5393,1.0,7208,1668,70293,0.01
7,71968,5394,1.0,7209,1668,70300,0.01
7,71975,5395,1.0,7210,1668,70307,0.01
6,71981,5395,0.0,7211,1669,70312,0.01
7,71988,5396,1.0,7212,1669,70319,0.01
7,71995,5397,1.0,7213,1669,70326,0.01
25,72020,5397,0.0,7214,1670,70350,0.01
7,72027,5398,1.0,7215,1670,70357,0.01
7,72034,5399,1.0,7216,1670,70364,0.01
7,72041,5400,1.0,7217,1670,70371,0.01
7,72048,5401,1.0,7218,1670,70378,0.01
7,72055,5402,1.0,7219,1670,70385,0.01
7,72062,5403,1.0,7220,1670,70392,0.01
7,72069,5404,1.0,7221,1670,70399,0.01
7,72076,5405,1.0,7222,1670,70406,0.01
7,72083,5406,1.0,7223,1670,70413,0.01
7,72090,5407,1.0,7224,1670,70420,0.01
7,72097,5408,1.0,7225,1670,70427,0.01
7,72104,5409,1.0,7226,1671,70433,0.01
7,72111,5410,1.0,7227,1671,70440,0.01
7,72118,5411,1.0,7228,1671,70447,0.01
7,72125,5412,1.0,7229,1671,70454,0.01
7,72132,5413,1.0,7230,1671,70461,0.01
7,72139,5414,1.0,7231,1671,70468,0.01
7,72146,5415,1.0,7232,1671,70475,0.01
7,72153,5416,1.0,7233,1671,70482,0.01
7,72160,5417,1.0,7234,1671,70489,0.01
7,72167,5418,1.0,7235,1671,70496,0.01
7,72174,5419,1.0,7236,1671,70503,0.01
7,72181,5420,1.0,7237,1672,70509,0.01
7,72188,5421,1.0,7238,1672,70516,0.01
7,72195,5422,1.0,7239,1672,70523,0.01
7,72202,5423,1.0,7240,1672,70530,0.01
7,72209,5424,1.0,7241,1672,70537,0.01
7,72216,5425,1.0,7242,1672,70544,0.01
7,72223,5426,1.0,7243,1672,70551,0.01
7,72230,5427,1.0,7244,1672,70558,0.01
7,72237,5428,1.0,7245,1672,70565,0.01
7,72244,5429,1.0,7246,1672,70572,0.01
7,72251,5430,1.0,7247,1672,70579,0.01
7,72258,5431,1.0,7248,1672,70586,0.01
7,72265,5432,1.0,7249,1672,70593,0.01
7,72272,5433,1.0,7250,1672,70600,0.01
7,72279,5434,1.0,7251,1672,70607,0.01
7,72286,5435,1.0,7252,1672,70614,0.01
7,72293,5436,1.0,7253,1672,70621,0.01
7,72300,5437,1.0,7254,1672,70628,0.01
7,72307,5438,1.0,7255,1672,70635,0.01
7,72314,5439,1.0,7256,1672,70642,0.01
7,72321,5440,1.0,7257,1672,70649,0.01
7,72328,5441,1.0,7258,1672,70656,0.01
7,72335,5442,1.0,7259,1672,70663,0.01
7,72342,5443,1.0,7260,1672,70670,0.01
7,72349,5444,1.0,7261,1672,70677,0.01
7,72356,5445,1.0,7262,1672,70684,0.01
7,72363,5446,1.0,7263,1672,70691,0.01
7,72370,5447,1.0,7264,1672,70698,0.01
7,72377,5448,1.0,7265,1672,70705,0.01
7,72384,5449,1.0,7266,1672,70712,0.01
7,72391,5450,1.0,7267,1672,70719,0.01
7,72398,5451,1.0,7268,1672,70726,0.01
7,72405,5452,1.0,7269,1672,70733,0.01
7,72412,5453,1.0,7270,1672,70740,0.01
7,72419,5454,1.0,7271,1672,70747,0.01
7,72426,5455,1.0,7272,1672,70754,0.01
7,72433,5456,1.0,7273,1672,70761,0.01
7,72440,5457,1.0,7274,1672,70768,0.01
7,72447,5458,1.0,7275,1672,70775,0.01
7,72454,5459,1.0,7276,1672,70782,0.01
7,72461,5460,1.0,7277,1672,70789,0.01
7,72468,5461,1.0,7278,1672,70796,0.01
7,72475,5462,1.0,7279,1672,70803,0.01
7,72482,5463,1.0,7280,1672,70810,0.01
7,72489,5464,1.0,7281,1672,70817,0.01
7,72496,5465,1.0,7282,1672,70824,0.01
7,72503,5466,1.0,7283,1672,70831,0.01
7,72510,5467,1.0,7284,1672,70838,0.01
7,72517,5468,1.0,7285,1672,70845,0.01
7,72524,5469,1.0,7286,1672,70852,0.01
7,72531,5470,1.0,7287,1672,70859,0.01
7,72538,5471,1.0,7288,1672,70866,0.01
7,72545,5472,1.0,7289,1672,70873,0.01
7,72552,5473,1.0,7290,1672,70880,0.01
7,72559,5474,1.0,7291,1672,70887,0.01
7,72566,5475,1.0,7292,1672,70894,0.01
7,72573,5476,1.0,7293,1672,70901,0.01
7,72580,5477,1.0,7294,1672,70908,0.01
7,72587,5478,1.0,7295,1672,70915,0.01
7,72594,5479,1.0,7296,1672,70922,0.01
7,72601,5480,1.0,7297,1672,70929,0.01
7,72608,5481,1.0,7298,1672,70936,0.01
4,72612,5481,0.0,7299,1673,70939,0.01
3,72615,5481,0.0,7300,1673,70942,0.01
7,72622,5482,1.0,7301,1673,70949,0.01
7,72629,5483,1.0,7302,1673,70956,0.01
7,72636,5484,1.0,7303,1673,70963,0.01
7,72643,5485,1.0,7304,1673,70970,0.01
7,72650,5486,1.0,7305,1673,70977,0.01
7,72657,5487,1.0,7306,1673,70984,0.01
7,72664,5488,1.0,7307,1673,70991,0.01
7,72671,5489,1.0,7308,1673,70998,0.01
7,72678,5490,1.0,7309,1673,71005,0.01
7,72685,5491,1.0,7310,1673,71012,0.01
8,72693,5492,1.0,7311,1674,71019,0.01
7,72700,5493,1.0,7312,1674,71026,0.01
7,72707,5494,1.0,7313,1674,71033,0.01
7,72714,5495,1.0,7314,1674,71040,0.01
7,72721,5496,1.0,7315,1674,71047,0.01
7,72728,5497,1.0,7316,1674,71054,0.01
7,72735,5498,1.0,7317,1674,71061,0.01
7,72742,5499,1.0,7318,1674,71068,0.01
7,72749,5500,1.0,7319,1674,71075,0.01
7,72756,5501,1.0,7320,1674,71082,0.01
7,72763,5502,1.0,7321,1674,71089,0.01
7,72770,5503,1.0,7322,1674,71096,0.01
7,72777,5504,1.0,7323,1674,71103,0.01
7,72784,5505,1.0,7324,1674,71110,0.01
5,72789,5505,0.0,7325,1675,71114,0.01
7,72796,5506,1.0,7326,1675,71121,0.01
7,72803,5507,1.0,7327,1675,71128,0.01
7,72810,5508,1.0,7328,1675,71135,0.01
7,72817,5509,1.0,7329,1675,71142,0.01
7,72824,5510,1.0,7330,1675,71149,0.01
7,72831,5511,1.0,7331,1675,71156,0.01
7,72838,5512,1.0,7332,1675,71163,0.01
7,72845,5513,1.0,7333,1675,71170,0.01
7,72852,5514,1.0,7334,1675,71177,0.01
7,72859,5515,1.0,7335,1675,71184,0.01
7,72866,5516,1.0,7336,1675,71191,0.01
7,72873,5517,1.0,7337,1675,71198,0.01
7,72880,5518,1.0,7338,1675,71205,0.01
7,72887,5519,1.0,7339,1675,71212,0.01
7,72894,5520,1.0,7340,1675,71219,0.01
7,72901,5521,1.0,7341,1675,71226,0.01
7,72908,5522,1.0,7342,1675,71233,0.01
7,72915,5523,1.0,7343,1675,71240,0.01
7,72922,5524,1.0,7344,1675,71247,0.01
7,72929,5525,1.0,7345,1675,71254,0.01
7,72936,5526,1.0,7346,1675,71261,0.01
5,72941,5526,0.0,7347,1676,71265,0.01
7,72948,5527,1.0,7348,1676,71272,0.01
7,72955,5528,1.0,7349,1677,71278,0.01
7,72962,5529,1.0,7350,1677,71285,0.01
7,72969,5530,1.0,7351,1677,71292,0.01
7,72976,5531,1.0,7352,1677,71299,0.01
7,72983,5532,1.0,7353,1677,71306,0.01
7,72990,5533,1.0,7354,1677,71313,0.01
7,72997,5534,1.0,7355,1677,71320,0.01
7,73004,5535,1.0,7356,1677,71327,0.01
7,73011,5536,1.0,7357,1677,71334,0.01
25,73036,5536,0.0,7358,1678,71358,0.01
7,73043,5537,1.0,7359,1678,71365,0.01
7,73050,5538,1.0,7360,1678,71372,0.01
7,73057,5539,1.0,7361,1678,71379,0.01
7,73064,5540,1.0,7362,1678,71386,0.01
7,73071,5541,1.0,7363,1678,71393,0.01
7,73078,5542,1.0,7364,1678,71400,0.01
7,73085,5543,1.0,7365,1678,71407,0.01
7,73092,5544,1.0,7366,1678,71414,0.01
7,73099,5545,1.0,7367,1678,71421,0.01
7,73106,5546,1.0,7368,1678,71428,0.01
7,73113,5547,1.0,7369,1678,71435,0.01
7,73120,5548,1.0,7370,1678,71442,0.01
7,73127,5549,1.0,7371,1678,71449,0.01
7,73134,5550,1.0,7372,1678,71456,0.01
7,73141,5551,1.0,7373,1678,71463,0.01
7,73148,5552,1.0,7374,1678,71470,0.01
7,73155,5553,1.0,7375,1678,71477,0.01
7,73162,5554,1.0,7376,1678,71484,0.01
7,73169,5555,1.0,7377,1678,71491,0.01
7,73176,5556,1.0,7378,1678,71498,0.01
7,73183,5557,1.0,7379,1678,71505,0.01
7,73190,5558,1.0,7380,1678,71512,0.01
7,73197,5559,1.0,7381,1678,71519,0.01
7,73204,5560,1.0,7382,1678,71526,0.01
7,73211,5561,1.0,7383,1678,71533,0.01
9,73220,5561,0.0,7384,1679,71541,0.01
7,73227,5562,1.0,7385,1679,71548,0.01
7,73234,5563,1.0,7386,1679,71555,0.01
7,73241,5564,1.0,7387,1679,71562,0.01
7,73248,5565,1.0,7388,1679,71569,0.01
7,73255,5566,1.0,7389,1679,71576,0.01
7,73262,5567,1.0,7390,1679,71583,0.01
7,73269,5568,1.0,7391,1679,71590,0.01
7,73276,5569,1.0,7392,1679,71597,0.01
7,73283,5570,1.0,7393,1679,71604,0.01
7,73290,5571,1.0,7394,1679,71611,0.01
7,73297,5572,1.0,7395,1679,71618,0.01
7,73304,5573,1.0,7396,1679,71625,0.01
7,73311,5574,1.0,7397,1679,71632,0.01
7,73318,5575,1.0,7398,1679,71639,0.01
7,73325,5576,1.0,7399,1679,71646,0.01
7,73332,5577,1.0,7400,1679,71653,0.01
7,73339,5578,1.0,7401,1679,71660,0.01
7,73346,5579,1.0,7402,1679,71667,0.01
7,73353,5580,1.0,7403,1679,71674,0.01
7,73360,5581,1.0,7404,1679,71681,0.01
7,73367,5582,1.0,7405,1679,71688,0.01
7,73374,5583,1.0,7406,1679,71695,0.01
25,73399,5583,0.0,7407,1681,71718,0.01
11,73410,5583,0.0,7408,1682,71728,0.01
7,73417,5584,1.0,7409,1682,71735,0.01
7,73424,5585,1.0,7410,1682,71742,0.01
7,73431,5586,1.0,7411,1682,71749,0.01
7,73438,5587,1.0,7412,1682,71756,0.01
7,73445,5588,1.0,7413,1682,71763,0.01
7,73452,5589,1.0,7414,1682,71770,0.01
7,73459,5590,1.0,7415,1682,71777,0.01
7,73466,5591,1.0,7416,1682,71784,0.01
7,73473,5592,1.0,7417,1682,71791,0.01
7,73480,5593,1.0,7418,1682,71798,0.01
7,73487,5594,1.0,7419,1682,71805,0.01
7,73494,5595,1.0,7420,1682,71812,0.01
7,73501,5596,1.0,7421,1682,71819,0.01
7,73508,5597,1.0,7422,1682,71826,0.01
7,73515,5598,1.0,7423,1682,71833,0.01
7,73522,5599,1.0,7424,1682,71840,0.01
7,73529,5600,1.0,7425,1682,71847,0.01
7,73536,5601,1.0,7426,1682,71854,0.01
7,73543,5602,1.0,7427,1682,71861,0.01
7,73550,5603,1.0,7428,1682,71868,0.01
7,73557,5604,1.0,7429,1682,71875,0.01
7,73564,5605,1.0,7430,1682,71882,0.01
7,73571,5605,0.0,7431,1683,71888,0.01
7,73578,5606,1.0,7432,1683,71895,0.01
7,73585,5607,1.0,7433,1683,71902,0.01
7,73592,5608,1.0,7434,1683,71909,0.01
7,73599,5609,1.0,7435,1683,71916,0.01
7,73606,5610,1.0,7436,1683,71923,0.01
7,73613,5611,1.0,7437,1683,71930,0.01
7,73620,5612,1.0,7438,1683,71937,0.01
7,73627,5613,1.0,7439,1683,71944,0.01
7,73634,5614,1.0,7440,1683,71951,0.01
7,73641,5615,1.0,7441,1683,71958,0.01
7,73648,5616,1.0,7442,1683,71965,0.01
7,73655,5617,1.0,7443,1683,71972,0.01
7,73662,5618,1.0,7444,1683,71979,0.01
7,73669,5619,1.0,7445,1683,71986,0.01
7,73676,5620,1.0,7446,1683,71993,0.01
7,73683,5621,1.0,7447,1683,72000,0.01
7,73690,5622,1.0,7448,1683,72007,0.01
7,73697,5623,1.0,7449,1683,72014,0.01
7,73704,5624,1.0,7450,1683,72021,0.01
7,73711,5625,1.0,7451,1683,72028,0.01
7,73718,5626,1.0,7452,1683,72035,0.01
7,73725,5627,1.0,7453,1683,72042,0.01
7,73732,5628,1.0,7454,1683,72049,0.01
25,73757,5628,0.0,7455,1684,72073,0.01
7,73764,5628,0.0,7456,1684,72080,0.01
7,73771,5629,1.0,7457,1684,72087,0.01
28,73799,5629,0.0,7458,1684,72115,0.01
3,73802,5629,0.0,7459,1684,72118,0.01
7,73809,5630,1.0,7460,1684,72125,0.01
7,73816,5631,1.0,7461,1684,72132,0.01
7,73823,5632,1.0,7462,1684,72139,0.01
7,73830,5633,1.0,7463,1684,72146,0.01
7,73837,5634,1.0,7464,1684,72153,0.01
7,73844,5635,1.0,7465,1684,72160,0.01
7,73851,5636,1.0,7466,1684,72167,0.01
7,73858,5637,1.0,7467,1684,72174,0.01
7,73865,5638,1.0,7468,1684,72181,0.01
7,73872,5639,1.0,7469,1684,72188,0.01
7,73879,5640,1.0,7470,1684,72195,0.01
7,73886,5641,1.0,7471,1684,72202,0.01
7,73893,5642,1.0,7472,1684,72209,0.01
7,73900,5643,1.0,7473,1684,72216,0.01
7,73907,5644,1.0,7474,1684,72223,0.01
7,73914,5645,1.0,7475,1684,72230,0.01
7,73921,5646,1.0,7476,1684,72237,0.01
7,73928,5647,1.0,7477,1684,72244,0.01
7,73935,5648,1.0,7478,1684,72251,0.01
5,73940,5648,0.0,7479,1685,72255,0.01
7,73947,5649,1.0,7480,1685,72262,0.01
7,73954,5650,1.0,7481,1686,72268,0.01
7,73961,5651,1.0,7482,1686,72275,0.01
7,73968,5652,1.0,7483,1686,72282,0.01
7,73975,5653,1.0,7484,1686,72289,0.01
7,73982,5654,1.0,7485,1686,72296,0.01
25,74007,5654,0.0,7486,1688,72319,0.01
7,74014,5655,1.0,7487,1688,72326,0.01
7,74021,5656,1.0,7488,1688,72333,0.01
7,74028,5657,1.0,7489,1688,72340,0.01
7,74035,5658,1.0,7490,1688,72347,0.01
7,74042,5659,1.0,7491,1688,72354,0.01
7,74049,5660,1.0,7492,1688,72361,0.01
7,74056,5661,1.0,7493,1688,72368,0.01
5,74061,5661,0.0,7494,1689,72372,0.01
7,74068,5662,1.0,7495,1689,72379,0.01
25,74093,5662,0.0,7496,1690,72403,0.01
25,74118,5662,0.0,7497,1690,72428,0.01
15,74133,5662,0.0,7498,1691,72442,0.01
7,74140,5663,1.0,7499,1691,72449,0.01
7,74147,5664,1.0,7500,1691,72456,0.01
7,74154,5665,1.0,7501,1691,72463,0.01
7,74161,5666,1.0,7502,1691,72470,0.01
7,74168,5667,1.0,7503,1691,72477,0.01
7,74175,5668,1.0,7504,1691,72484,0.01
7,74182,5669,1.0,7505,1691,72491,0.01
7,74189,5670,1.0,7506,1691,72498,0.01
7,74196,5671,1.0,7507,1691,72505,0.01
7,74203,5672,1.0,7508,1691,72512,0.01
7,74210,5673,1.0,7509,1691,72519,0.01
7,74217,5674,1.0,7510,1691,72526,0.01
7,74224,5675,1.0,7511,1691,72533,0.01
7,74231,5676,1.0,7512,1692,72539,0.01
7,74238,5677,1.0,7513,1692,72546,0.01
7,74245,5678,1.0,7514,1692,72553,0.01
7,74252,5679,1.0,7515,1692,72560,0.01
7,74259,5680,1.0,7516,1692,72567,0.01
7,74266,5681,1.0,7517,1692,72574,0.01
7,74273,5682,1.0,7518,1692,72581,0.01
7,74280,5683,1.0,7519,1692,72588,0.01
7,74287,5684,1.0,7520,1692,72595,0.01
7,74294,5685,1.0,7521,1692,72602,0.01
7,74301,5686,1.0,7522,1692,72609,0.01
7,74308,5687,1.0,7523,1692,72616,0.01
7,74315,5688,1.0,7524,1693,72622,0.01
7,74322,5689,1.0,7525,1693,72629,0.01
7,74329,5690,1.0,7526,1693,72636,0.01
7,74336,5691,1.0,7527,1693,72643,0.01
7,74343,5692,1.0,7528,1693,72650,0.01
7,74350,5693,1.0,7529,1693,72657,0.01
7,74357,5694,1.0,7530,1693,72664,0.01
7,74364,5695,1.0,7531,1693,72671,0.01
7,74371,5696,1.0,7532,1693,72678,0.01
7,74378,5697,1.0,7533,1693,72685,0.01
7,74385,5698,1.0,7534,1693,72692,0.01
7,74392,5699,1.0,7535,1693,72699,0.01
7,74399,5700,1.0,7536,1693,72706,0.01
7,74406,5701,1.0,7537,1693,72713,0.01
7,74413,5702,1.0,7538,1693,72720,0.01
7,74420,5703,1.0,7539,1693,72727,0.01
7,74427,5704,1.0,7540,1693,72734,0.01
7,74434,5705,1.0,7541,1693,72741,0.01
7,74441,5706,1.0,7542,1693,72748,0.01
7,74448,5707,1.0,7543,1693,72755,0.01
7,74455,5708,1.0,7544,1693,72762,0.01
7,74462,5709,1.0,7545,1693,72769,0.01
7,74469,5710,1.0,7546,1693,72776,0.01
7,74476,5711,1.0,7547,1693,72783,0.01
7,74483,5712,1.0,7548,1693,72790,0.01
7,74490,5713,1.0,7549,1693,72797,0.01
7,74497,5714,1.0,7550,1693,72804,0.01
7,74504,5715,1.0,7551,1693,72811,0.01
7,74511,5716,1.0,7552,1693,72818,0.01
7,74518,5717,1.0,7553,1693,72825,0.01
7,74525,5718,1.0,7554,1693,72832,0.01
7,74532,5719,1.0,7555,1693,72839,0.01
7,74539,5720,1.0,7556,1693,72846,0.01
7,74546,5721,1.0,7557,1693,72853,0.01
7,74553,5722,1.0,7558,1693,72860,0.01
26,74579,5722,0.0,7559,1694,72885,0.01
25,74604,5722,0.0,7560,1694,72910,0.01
9,74613,5722,0.0,7561,1694,72919,0.01
7,74620,5723,1.0,7562,1694,72926,0.01
7,74627,5724,1.0,7563,1694,72933,0.01
7,74634,5725,1.0,7564,1694,72940,0.01
7,74641,5726,1.0,7565,1694,72947,0.01
28,74669,5726,0.0,7566,1695,72974,0.01
21,74690,5726,0.0,7567,1695,72995,0.01
25,74715,5726,0.0,7568,1695,73020,0.01
15,74730,5726,0.0,7569,1696,73034,0.01
2,74732,5726,0.0,7570,1696,73036,0.01
25,74757,5726,0.0,7571,1696,73061,0.01
25,74782,5726,0.0,7572,1696,73086,0.01
11,74793,5726,0.0,7573,1696,73097,0.01
25,74818,5726,0.0,7574,1696,73122,0.01
9,74827,5726,0.0,7575,1696,73131,0.01
7,74834,5726,0.0,7576,1696,73138,0.01
7,74841,5726,0.0,7577,1696,73145,0.01
25,74866,5726,0.0,7578,1696,73170,0.01
26,74892,5726,0.0,7579,1696,73196,0.01
6,74898,5726,0.0,7580,1696,73202,0.01
9,74907,5726,0.0,7581,1696,73211,0.01
25,74932,5726,0.0,7582,1696,73236,0.01
9,74941,5726,0.0,7583,1697,73244,0.01
25,74966,5726,0.0,7584,1697,73269,0.01
7,74973,5726,0.0,7585,1697,73276,0.01
7,74980,5726,0.0,7586,1697,73283,0.01
11,74991,5726,0.0,7587,1697,73294,0.01
13,75004,5726,0.0,7588,1697,73307,0.01
11,75015,5726,0.0,7589,1697,73318,0.01
25,75040,5726,0.0,7590,1697,73343,0.01
3,75043,5726,0.0,7591,1697,73346,0.01
13,75056,5726,0.0,7592,1697,73359,0.01
26,75082,5726,0.0,7593,1698,73384,0.01
7,75089,5726,0.0,7594,1698,73391,0.01
11,75100,5726,0.0,7595,1698,73402,0.01
18,75118,5726,0.0,7596,1699,73419,0.01
14,75132,5726,0.0,7597,1699,73433,0.01
26,75158,5727,1.0,7598,1699,73459,0.01
13,75171,5727,0.0,7599,1699,73472,0.01
23,75194,5727,0.0,7600,1700,73494,0.01
11,75205,5727,0.0,7601,1700,73505,0.01
13,75218,5727,0.0,7602,1700,73518,0.01
13,75231,5727,0.0,7603,1700,73531,0.01
25,75256,5727,0.0,7604,1702,73554,0.01
26,75282,5727,0.0,7605,1702,73580,0.01
3,75285,5727,0.0,7606,1702,73583,0.01
25,75310,5727,0.0,7607,1703,73607,0.01
25,75335,5727,0.0,7608,1704,73631,0.01
25,75360,5727,0.0,7609,1704,73656,0.01
11,75371,5727,0.0,7610,1705,73666,0.01
11,75382,5727,0.0,7611,1705,73677,0.01
27,75409,5727,0.0,7612,1705,73704,0.01
8,75417,5727,0.0,7613,1705,73712,0.01
11,75428,5727,0.0,7614,1705,73723,0.01
15,75443,5727,0.0,7615,1705,73738,0.01
15,75458,5727,0.0,7616,1705,73753,0.01
35,75493,5727,0.0,7617,1705,73788,0.01
4,75497,5727,0.0,7618,1705,73792,0.01
4,75501,5727,0.0,7619,1705,73796,0.01
4,75505,5727,0.0,7620,1705,73800,0.01
4,75509,5727,0.0,7621,1705,73804,0.01
4,75513,5727,0.0,7622,1705,73808,0.01
11,75524,5727,0.0,7623,1706,73818,0.01
3,75527,5727,0.0,7624,1707,73820,0.01
6,75533,5727,0.0,7625,1707,73826,0.01
4,75537,5727,0.0,7626,1707,73830,0.01
13,75550,5727,0.0,7627,1708,73842,0.01
18,75568,5727,0.0,7628,1708,73860,0.01
9,75577,5727,0.0,7629,1708,73869,0.01
7,75584,5727,0.0,7630,1708,73876,0.01
7,75591,5727,0.0,7631,1708,73883,0.01
9,75600,5727,0.0,7632,1709,73891,0.01
7,75607,5727,0.0,7633,1709,73898,0.01
7,75614,5727,0.0,7634,1709,73905,0.01
7,75621,5727,0.0,7635,1709,73912,0.01
12,75633,5727,0.0,7636,1709,73924,0.01
7,75640,5727,0.0,7637,1709,73931,0.01
9,75649,5727,0.0,7638,1709,73940,0.01
9,75658,5727,0.0,7639,1709,73949,0.01
7,75665,5728,1.0,7640,1709,73956,0.01
7,75672,5729,1.0,7641,1709,73963,0.01
7,75679,5730,1.0,7642,1709,73970,0.01
7,75686,5731,1.0,7643,1709,73977,0.01
7,75693,5732,1.0,7644,1709,73984,0.01
7,75700,5733,1.0,7645,1709,73991,0.01
9,75709,5733,0.0,7646,1710,73999,0.01
7,75716,5734,1.0,7647,1710,74006,0.01
7,75723,5735,1.0,7648,1710,74013,0.01
7,75730,5736,1.0,7649,1710,74020,0.01
7,75737,5737,1.0,7650,1710,74027,0.01
7,75744,5738,1.0,7651,1710,74034,0.01
7,75751,5739,1.0,7652,1710,74041,0.01
7,75758,5740,1.0,7653,1710,74048,0.01
7,75765,5741,1.0,7654,1710,74055,0.01
7,75772,5742,1.0,7655,1710,74062,0.01
7,75779,5743,1.0,7656,1710,74069,0.01
7,75786,5744,1.0,7657,1710,74076,0.01
7,75793,5745,1.0,7658,1710,74083,0.01
7,75800,5746,1.0,7659,1710,74090,0.01
7,75807,5747,1.0,7660,1710,74097,0.01
7,75814,5748,1.0,7661,1710,74104,0.01
7,75821,5749,1.0,7662,1710,74111,0.01
7,75828,5750,1.0,7663,1710,74118,0.01
7,75835,5751,1.0,7664,1710,74125,0.01
7,75842,5752,1.0,7665,1710,74132,0.01
7,75849,5753,1.0,7666,1710,74139,0.01
7,75856,5754,1.0,7667,1710,74146,0.01
7,75863,5755,1.0,7668,1710,74153,0.01
7,75870,5756,1.0,7669,1710,74160,0.01
6,75876,5756,0.0,7670,1711,74165,0.01
7,75883,5757,1.0,7671,1711,74172,0.01
7,75890,5758,1.0,7672,1711,74179,0.01
7,75897,5759,1.0,7673,1712,74185,0.01
7,75904,5760,1.0,7674,1713,74191,0.01
7,75911,5761,1.0,7675,1713,74198,0.01
7,75918,5762,1.0,7676,1713,74205,0.01
7,75925,5763,1.0,7677,1713,74212,0.01
7,75932,5764,1.0,7678,1713,74219,0.01
7,75939,5765,1.0,7679,1713,74226,0.01
7,75946,5766,1.0,7680,1713,74233,0.01
7,75953,5767,1.0,7681,1713,74240,0.01
7,75960,5768,1.0,7682,1713,74247,0.01
7,75967,5769,1.0,7683,1713,74254,0.01
7,75974,5770,1.0,7684,1713,74261,0.01
7,75981,5771,1.0,7685,1713,74268,0.01
7,75988,5772,1.0,7686,1713,74275,0.01
7,75995,5773,1.0,7687,1713,74282,0.01
7,76002,5774,1.0,7688,1713,74289,0.01
7,76009,5775,1.0,7689,1713,74296,0.01
7,76016,5776,1.0,7690,1713,74303,0.01
7,76023,5777,1.0,7691,1713,74310,0.01
7,76030,5778,1.0,7692,1713,74317,0.01
7,76037,5779,1.0,7693,1713,74324,0.01
7,76044,5780,1.0,7694,1713,74331,0.01
7,76051,5781,1.0,7695,1713,74338,0.01
7,76058,5782,1.0,7696,1713,74345,0.01
7,76065,5783,1.0,7697,1713,74352,0.01
7,76072,5784,1.0,7698,1713,74359,0.01
7,76079,5785,1.0,7699,1713,74366,0.01
7,76086,5786,1.0,7700,1713,74373,0.01
7,76093,5787,1.0,7701,1713,74380,0.01
7,76100,5788,1.0,7702,1713,74387,0.01
7,76107,5789,1.0,7703,1713,74394,0.01
7,76114,5790,1.0,7704,1713,74401,0.01
7,76121,5791,1.0,7705,1713,74408,0.01
7,76128,5792,1.0,7706,1713,74415,0.01
7,76135,5793,1.0,7707,1713,74422,0.01
7,76142,5794,1.0,7708,1713,74429,0.01
7,76149,5795,1.0,7709,1713,74436,0.01
7,76156,5796,1.0,7710,1714,74442,0.01
7,76163,5797,1.0,7711,1714,74449,0.01
7,76170,5798,1.0,7712,1714,74456,0.01
7,76177,5799,1.0,7713,1714,74463,0.01
7,76184,5800,1.0,7714,1714,74470,0.01
7,76191,5801,1.0,7715,1714,74477,0.01
7,76198,5802,1.0,7716,1714,74484,0.01
7,76205,5803,1.0,7717,1714,74491,0.01
7,76212,5804,1.0,7718,1714,74498,0.01
7,76219,5805,1.0,7719,1714,74505,0.01
7,76226,5806,1.0,7720,1714,74512,0.01
7,76233,5807,1.0,7721,1714,74519,0.01
7,76240,5808,1.0,7722,1714,74526,0.01
7,76247,5809,1.0,7723,1714,74533,0.01
7,76254,5810,1.0,7724,1714,74540,0.01
7,76261,5811,1.0,7725,1714,74547,0.01
7,76268,5812,1.0,7726,1714,74554,0.01
7,76275,5813,1.0,7727,1714,74561,0.01
7,76282,5814,1.0,7728,1714,74568,0.01
7,76289,5815,1.0,7729,1715,74574,0.01
24,76313,5815,0.0,7730,1715,74598,0.01
20,76333,5815,0.0,7731,1715,74618,0.01
7,76340,5816,1.0,7732,1715,74625,0.01
7,76347,5817,1.0,7733,1715,74632,0.01
7,76354,5818,1.0,7734,1715,74639,0.01
7,76361,5819,1.0,7735,1715,74646,0.01
7,76368,5820,1.0,7736,1715,74653,0.01
7,76375,5821,1.0,7737,1715,74660,0.01
7,76382,5822,1.0,7738,1715,74667,0.01
7,76389,5823,1.0,7739,1716,74673,0.01
9,76398,5823,0.0,7740,1718,74680,0.01
7,76405,5824,1.0,7741,1718,74687,0.01
7,76412,5825,1.0,7742,1718,74694,0.01
7,76419,5826,1.0,7743,1718,74701,0.01
7,76426,5827,1.0,7744,1718,74708,0.01
7,76433,5828,1.0,7745,1718,74715,0.01
7,76440,5829,1.0,7746,1718,74722,0.01
7,76447,5830,1.0,7747,1718,74729,0.01
7,76454,5831,1.0,7748,1718,74736,0.01
7,76461,5832,1.0,7749,1718,74743,0.01
7,76468,5833,1.0,7750,1718,74750,0.01
7,76475,5834,1.0,7751,1718,74757,0.01
7,76482,5835,1.0,7752,1718,74764,0.01
7,76489,5836,1.0,7753,1718,74771,0.01
7,76496,5837,1.0,7754,1718,74778,0.01
7,76503,5838,1.0,7755,1718,74785,0.01
7,76510,5839,1.0,7756,1718,74792,0.01
18,76528,5839,0.0,7757,1719,74809,0.01
7,76535,5840,1.0,7758,1719,74816,0.01
7,76542,5841,1.0,7759,1719,74823,0.01
7,76549,5842,1.0,7760,1719,74830,0.01
7,76556,5843,1.0,7761,1719,74837,0.01
7,76563,5844,1.0,7762,1719,74844,0.01
7,76570,5845,1.0,7763,1719,74851,0.01
7,76577,5846,1.0,7764,1719,74858,0.01
7,76584,5847,1.0,7765,1719,74865,0.01
7,76591,5848,1.0,7766,1719,74872,0.01
7,76598,5849,1.0,7767,1719,74879,0.01
7,76605,5850,1.0,7768,1719,74886,0.01
7,76612,5851,1.0,7769,1719,74893,0.01
7,76619,5852,1.0,7770,1719,74900,0.01
7,76626,5853,1.0,7771,1719,74907,0.01
7,76633,5854,1.0,7772,1719,74914,0.01
7,76640,5855,1.0,7773,1719,74921,0.01
7,76647,5856,1.0,7774,1719,74928,0.01
7,76654,5857,1.0,7775,1719,74935,0.01
9,76663,5857,0.0,7776,1720,74943,0.01
7,76670,5858,1.0,7777,1720,74950,0.01
7,76677,5859,1.0,7778,1720,74957,0.01
7,76684,5860,1.0,7779,1720,74964,0.01
7,76691,5861,1.0,7780,1720,74971,0.01
7,76698,5862,1.0,7781,1720,74978,0.01
7,76705,5863,1.0,7782,1720,74985,0.01
7,76712,5864,1.0,7783,1720,74992,0.01
7,76719,5865,1.0,7784,1720,74999,0.01
7,76726,5866,1.0,7785,1720,75006,0.01
7,76733,5867,1.0,7786,1720,75013,0.01
7,76740,5868,1.0,7787,1720,75020,0.01
7,76747,5869,1.0,7788,1721,75026,0.01
7,76754,5870,1.0,7789,1721,75033,0.01
7,76761,5871,1.0,7790,1721,75040,0.01
7,76768,5872,1.0,7791,1721,75047,0.01
7,76775,5873,1.0,7792,1721,75054,0.01
7,76782,5874,1.0,7793,1721,75061,0.01
7,76789,5875,1.0,7794,1721,75068,0.01
7,76796,5876,1.0,7795,1721,75075,0.01
7,76803,5877,1.0,7796,1721,75082,0.01
7,76810,5878,1.0,7797,1721,75089,0.01
7,76817,5879,1.0,7798,1721,75096,0.01
7,76824,5880,1.0,7799,1721,75103,0.01
7,76831,5881,1.0,7800,1721,75110,0.01
7,76838,5882,1.0,7801,1721,75117,0.01
7,76845,5883,1.0,7802,1721,75124,0.01
7,76852,5884,1.0,7803,1721,75131,0.01
7,76859,5885,1.0,7804,1721,75138,0.01
7,76866,5886,1.0,7805,1721,75145,0.01
8,76874,5887,1.0,7806,1722,75152,0.01
7,76881,5888,1.0,7807,1722,75159,0.01
7,76888,5889,1.0,7808,1723,75165,0.01
7,76895,5890,1.0,7809,1723,75172,0.01
9,76904,5890,0.0,7810,1724,75180,0.01
6,76910,5890,0.0,7811,1725,75185,0.01
6,76916,5890,0.0,7812,1725,75191,0.01
8,76924,5890,0.0,7813,1725,75199,0.01
10,76934,5890,0.0,7814,1725,75209,0.01
6,76940,5890,0.0,7815,1725,75215,0.01
12,76952,5890,0.0,7816,1725,75227,0.01
25,76977,5890,0.0,7817,1725,75252,0.01
30,77007,5890,0.0,7818,1725,75282,0.01
25,77032,5890,0.0,7819,1725,75307,0.01
6,77038,5890,0.0,7820,1725,75313,0.01
25,77063,5890,0.0,7821,1726,75337,0.01
7,77070,5890,0.0,7822,1727,75343,0.01
6,77076,5890,0.0,7823,1727,75349,0.01
9,77085,5890,0.0,7824,1727,75358,0.01
16,77101,5890,0.0,7825,1728,75373,0.01
28,77129,5890,0.0,7826,1729,75400,0.01
9,77138,5890,0.0,7827,1729,75409,0.01
7,77145,5891,1.0,7828,1729,75416,0.01
7,77152,5892,1.0,7829,1729,75423,0.01
7,77159,5893,1.0,7830,1729,75430,0.01
7,77166,5894,1.0,7831,1729,75437,0.01
7,77173,5895,1.0,7832,1729,75444,0.01
7,77180,5896,1.0,7833,1729,75451,0.01
7,77187,5897,1.0,7834,1729,75458,0.01
7,77194,5898,1.0,7835,1729,75465,0.01
7,77201,5899,1.0,7836,1729,75472,0.01
7,77208,5900,1.0,7837,1729,75479,0.01
7,77215,5901,1.0,7838,1729,75486,0.01
7,77222,5902,1.0,7839,1729,75493,0.01
7,77229,5903,1.0,7840,1729,75500,0.01
7,77236,5904,1.0,7841,1729,75507,0.01
7,77243,5905,1.0,7842,1729,75514,0.01
7,77250,5906,1.0,7843,1729,75521,0.01
7,77257,5907,1.0,7844,1729,75528,0.01
7,77264,5908,1.0,7845,1729,75535,0.01
7,77271,5909,1.0,7846,1729,75542,0.01
7,77278,5910,1.0,7847,1729,75549,0.01
7,77285,5911,1.0,7848,1729,75556,0.01
7,77292,5912,1.0,7849,1729,75563,0.01
3,77295,5912,0.0,7850,1730,75565,0.01
7,77302,5913,1.0,7851,1730,75572,0.01
7,77309,5914,1.0,7852,1730,75579,0.01
7,77316,5915,1.0,7853,1730,75586,0.01
7,77323,5916,1.0,7854,1730,75593,0.01
7,77330,5917,1.0,7855,1731,75599,0.01
7,77337,5918,1.0,7856,1731,75606,0.01
7,77344,5919,1.0,7857,1731,75613,0.01
7,77351,5920,1.0,7858,1731,75620,0.01
7,77358,5921,1.0,7859,1731,75627,0.01
7,77365,5922,1.0,7860,1731,75634,0.01
7,77372,5923,1.0,7861,1731,75641,0.01
7,77379,5924,1.0,7862,1731,75648,0.01
7,77386,5925,1.0,7863,1731,75655,0.01
7,77393,5926,1.0,7864,1731,75662,0.01
7,77400,5927,1.0,7865,1731,75669,0.01
7,77407,5928,1.0,7866,1731,75676,0.01
7,77414,5929,1.0,7867,1731,75683,0.01
5,77419,5929,0.0,7868,1732,75687,0.01
5,77424,5929,0.0,7869,1733,75691,0.01
7,77431,5930,1.0,7870,1733,75698,0.01
7,77438,5931,1.0,7871,1733,75705,0.01
7,77445,5932,1.0,7872,1733,75712,0.01
7,77452,5933,1.0,7873,1733,75719,0.01
7,77459,5934,1.0,7874,1733,75726,0.01
7,77466,5935,1.0,7875,1733,75733,0.01
7,77473,5936,1.0,7876,1733,75740,0.01
7,77480,5937,1.0,7877,1733,75747,0.01
6,77486,5937,0.0,7878,1734,75752,0.01
9,77495,5937,0.0,7879,1734,75761,0.01
7,77502,5938,1.0,7880,1734,75768,0.01
7,77509,5939,1.0,7881,1734,75775,0.01
7,77516,5940,1.0,7882,1734,75782,0.01
7,77523,5941,1.0,7883,1734,75789,0.01
7,77530,5942,1.0,7884,1734,75796,0.01
7,77537,5943,1.0,7885,1734,75803,0.01
7,77544,5944,1.0,7886,1734,75810,0.01
7,77551,5945,1.0,7887,1734,75817,0.01
7,77558,5946,1.0,7888,1734,75824,0.01
7,77565,5947,1.0,7889,1734,75831,0.01
7,77572,5948,1.0,7890,1734,75838,0.01
7,77579,5949,1.0,7891,1734,75845,0.01
7,77586,5950,1.0,7892,1734,75852,0.01
7,77593,5951,1.0,7893,1734,75859,0.01
7,77600,5952,1.0,7894,1734,75866,0.01
7,77607,5953,1.0,7895,1734,75873,0.01
5,77612,5953,0.0,7896,1735,75877,0.01
7,77619,5954,1.0,7897,1735,75884,0.01
7,77626,5955,1.0,7898,1735,75891,0.01
7,77633,5956,1.0,7899,1735,75898,0.01
7,77640,5957,1.0,7900,1735,75905,0.01
7,77647,5958,1.0,7901,1735,75912,0.01
7,77654,5959,1.0,7902,1735,75919,0.01
7,77661,5960,1.0,7903,1735,75926,0.01
7,77668,5961,1.0,7904,1735,75933,0.01
7,77675,5962,1.0,7905,1735,75940,0.01
7,77682,5963,1.0,7906,1735,75947,0.01
7,77689,5964,1.0,7907,1735,75954,0.01
7,77696,5965,1.0,7908,1735,75961,0.01
7,77703,5966,1.0,7909,1735,75968,0.01
7,77710,5967,1.0,7910,1735,75975,0.01
7,77717,5968,1.0,7911,1735,75982,0.01
7,77724,5969,1.0,7912,1735,75989,0.01
11,77735,5969,0.0,7913,1736,75999,0.01
7,77742,5970,1.0,7914,1736,76006,0.01
7,77749,5971,1.0,7915,1736,76013,0.01
7,77756,5972,1.0,7916,1736,76020,0.01
7,77763,5973,1.0,7917,1736,76027,0.01
7,77770,5974,1.0,7918,1736,76034,0.01
7,77777,5975,1.0,7919,1736,76041,0.01
7,77784,5976,1.0,7920,1736,76048,0.01
7,77791,5977,1.0,7921,1736,76055,0.01
7,77798,5978,1.0,7922,1736,76062,0.01
7,77805,5979,1.0,7923,1736,76069,0.01
7,77812,5980,1.0,7924,1736,76076,0.01
7,77819,5981,1.0,7925,1736,76083,0.01
7,77826,5982,1.0,7926,1736,76090,0.01
7,77833,5983,1.0,7927,1736,76097,0.01
7,77840,5984,1.0,7928,1736,76104,0.01
5,77845,5984,0.0,7929,1737,76108,0.01
7,77852,5985,1.0,7930,1737,76115,0.01
7,77859,5986,1.0,7931,1737,76122,0.01
7,77866,5987,1.0,7932,1737,76129,0.01
7,77873,5988,1.0,7933,1737,76136,0.01
7,77880,5989,1.0,7934,1737,76143,0.01
7,77887,5990,1.0,7935,1737,76150,0.01
7,77894,5991,1.0,7936,1737,76157,0.01
7,77901,5992,1.0,7937,1737,76164,0.01
7,77908,5993,1.0,7938,1737,76171,0.01
7,77915,5994,1.0,7939,1737,76178,0.01
7,77922,5995,1.0,7940,1737,76185,0.01
7,77929,5996,1.0,7941,1737,76192,0.01
7,77936,5997,1.0,7942,1737,76199,0.01
7,77943,5998,1.0,7943,1737,76206,0.01
7,77950,5999,1.0,7944,1737,76213,0.01
7,77957,6000,1.0,7945,1737,76220,0.01
7,77964,6001,1.0,7946,1738,76226,0.01
7,77971,6002,1.0,7947,1738,76233,0.01
7,77978,6003,1.0,7948,1738,76240,0.01
7,77985,6004,1.0,7949,1738,76247,0.01
7,77992,6005,1.0,7950,1738,76254,0.01
7,77999,6006,1.0,7951,1738,76261,0.01
7,78006,6007,1.0,7952,1738,76268,0.01
7,78013,6008,1.0,7953,1738,76275,0.01
7,78020,6009,1.0,7954,1738,76282,0.01
7,78027,6010,1.0,7955,1738,76289,0.01
7,78034,6011,1.0,7956,1738,76296,0.01
7,78041,6012,1.0,7957,1738,76303,0.01
7,78048,6013,1.0,7958,1738,76310,0.01
7,78055,6014,1.0,7959,1738,76317,0.01
7,78062,6015,1.0,7960,1738,76324,0.01
7,78069,6016,1.0,7961,1738,76331,0.01
7,78076,6017,1.0,7962,1738,76338,0.01
7,78083,6018,1.0,7963,1738,76345,0.01
7,78090,6019,1.0,7964,1738,76352,0.01
7,78097,6020,1.0,7965,1738,76359,0.01
7,78104,6021,1.0,7966,1738,76366,0.01
7,78111,6022,1.0,7967,1738,76373,0.01
7,78118,6023,1.0,7968,1738,76380,0.01
7,78125,6024,1.0,7969,1738,76387,0.01
7,78132,6025,1.0,7970,1738,76394,0.01
7,78139,6026,1.0,7971,1738,76401,0.01
7,78146,6027,1.0,7972,1738,76408,0.01
7,78153,6028,1.0,7973,1738,76415,0.01
7,78160,6029,1.0,7974,1738,76422,0.01
7,78167,6030,1.0,7975,1738,76429,0.01
7,78174,6031,1.0,7976,1738,76436,0.01
3,78177,6031,0.0,7977,1739,76438,0.01
7,78184,6032,1.0,7978,1739,76445,0.01
7,78191,6033,1.0,7979,1739,76452,0.01
7,78198,6034,1.0,7980,1739,76459,0.01
7,78205,6035,1.0,7981,1739,76466,0.01
7,78212,6036,1.0,7982,1739,76473,0.01
7,78219,6037,1.0,7983,1739,76480,0.01
7,78226,6038,1.0,7984,1739,76487,0.01
7,78233,6039,1.0,7985,1739,76494,0.01
7,78240,6040,1.0,7986,1739,76501,0.01
7,78247,6041,1.0,7987,1739,76508,0.01
7,78254,6042,1.0,7988,1740,76514,0.01
25,78279,6042,0.0,7989,1740,76539,0.01
25,78304,6042,0.0,7990,1740,76564,0.01
7,78311,6043,1.0,7991,1740,76571,0.01
7,78318,6044,1.0,7992,1740,76578,0.01
7,78325,6045,1.0,7993,1740,76585,0.01
7,78332,6046,1.0,7994,1740,76592,0.01
7,78339,6047,1.0,7995,1740,76599,0.01
7,78346,6048,1.0,7996,1740,76606,0.01
7,78353,6049,1.0,7997,1740,76613,0.01
7,78360,6050,1.0,7998,1740,76620,0.01
7,78367,6051,1.0,7999,1740,76627,0.01
7,78374,6052,1.0,8000,1740,76634,0.01
7,78381,6053,1.0,8001,1740,76641,0.01
7,78388,6054,1.0,8002,1740,76648,0.01
7,78395,6055,1.0,8003,1740,76655,0.01
7,78402,6056,1.0,8004,1740,76662,0.01
7,78409,6057,1.0,8005,1740,76669,0.01
7,78416,6058,1.0,8006,1740,76676,0.01
7,78423,6059,1.0,8007,1740,76683,0.01
6,78429,6059,0.0,8008,1741,76688,0.01
9,78438,6059,0.0,8009,1741,76697,0.01
7,78445,6060,1.0,8010,1741,76704,0.01
7,78452,6061,1.0,8011,1741,76711,0.01
7,78459,6062,1.0,8012,1741,76718,0.01
7,78466,6063,1.0,8013,1741,76725,0.01
7,78473,6064,1.0,8014,1741,76732,0.01
7,78480,6065,1.0,8015,1741,76739,0.01
4,78484,6065,0.0,8016,1742,76742,0.01
3,78487,6065,0.0,8017,1742,76745,0.01
7,78494,6066,1.0,8018,1742,76752,0.01
7,78501,6067,1.0,8019,1742,76759,0.01
7,78508,6068,1.0,8020,1742,76766,0.01
7,78515,6069,1.0,8021,1742,76773,0.01
7,78522,6070,1.0,8022,1742,76780,0.01
7,78529,6071,1.0,8023,1742,76787,0.01
7,78536,6072,1.0,8024,1742,76794,0.01
7,78543,6073,1.0,8025,1742,76801,0.01
7,78550,6074,1.0,8026,1742,76808,0.01
7,78557,6075,1.0,8027,1742,76815,0.01
7,78564,6076,1.0,8028,1743,76821,0.01
7,78571,6077,1.0,8029,1743,76828,0.01
7,78578,6078,1.0,8030,1743,76835,0.01
7,78585,6079,1.0,8031,1743,76842,0.01
16,78601,6079,0.0,8032,1744,76857,0.01
7,78608,6080,1.0,8033,1744,76864,0.01
7,78615,6081,1.0,8034,1744,76871,0.01
7,78622,6082,1.0,8035,1744,76878,0.01
7,78629,6083,1.0,8036,1744,76885,0.01
9,78638,6083,0.0,8037,1745,76893,0.01
7,78645,6084,1.0,8038,1745,76900,0.01
7,78652,6085,1.0,8039,1745,76907,0.01
7,78659,6086,1.0,8040,1745,76914,0.01
7,78666,6087,1.0,8041,1745,76921,0.01
7,78673,6088,1.0,8042,1745,76928,0.01
7,78680,6089,1.0,8043,1745,76935,0.01
7,78687,6090,1.0,8044,1745,76942,0.01
7,78694,6091,1.0,8045,1745,76949,0.01
7,78701,6092,1.0,8046,1745,76956,0.01
7,78708,6093,1.0,8047,1745,76963,0.01
7,78715,6094,1.0,8048,1745,76970,0.01
7,78722,6095,1.0,8049,1745,76977,0.01
7,78729,6096,1.0,8050,1745,76984,0.01
7,78736,6097,1.0,8051,1745,76991,0.01
16,78752,6097,0.0,8052,1746,77006,0.01
7,78759,6098,1.0,8053,1746,77013,0.01
7,78766,6099,1.0,8054,1746,77020,0.01
7,78773,6100,1.0,8055,1746,77027,0.01
7,78780,6101,1.0,8056,1746,77034,0.01
7,78787,6102,1.0,8057,1746,77041,0.01
7,78794,6103,1.0,8058,1746,77048,0.01
7,78801,6104,1.0,8059,1746,77055,0.01
7,78808,6105,1.0,8060,1746,77062,0.01
7,78815,6106,1.0,8061,1746,77069,0.01
7,78822,6107,1.0,8062,1746,77076,0.01
7,78829,6108,1.0,8063,1746,77083,0.01
7,78836,6109,1.0,8064,1746,77090,0.01
28,78864,6109,0.0,8065,1747,77117,0.01
25,78889,6109,0.0,8066,1748,77141,0.01
4,78893,6109,0.0,8067,1748,77145,0.01
4,78897,6109,0.0,8068,1748,77149,0.01
4,78901,6109,0.0,8069,1748,77153,0.01
25,78926,6109,0.0,8070,1748,77178,0.01
4,78930,6109,0.0,8071,1748,77182,0.01
2,78932,6109,0.0,8072,1749,77183,0.01
25,78957,6109,0.0,8073,1749,77208,0.01
28,78985,6109,0.0,8074,1749,77236,0.01
14,78999,6109,0.0,8075,1749,77250,0.01
25,79024,6109,0.0,8076,1749,77275,0.01
9,79033,6109,0.0,8077,1749,77284,0.01
4,79037,6109,0.0,8078,1749,77288,0.01
4,79041,6109,0.0,8079,1749,77292,0.01
9,79050,6109,0.0,8080,1749,77301,0.01
9,79059,6109,0.0,8081,1749,77310,0.01
11,79070,6109,0.0,8082,1749,77321,0.01
13,79083,6109,0.0,8083,1749,77334,0.01
25,79108,6109,0.0,8084,1750,77358,0.01
11,79119,6109,0.0,8085,1750,77369,0.01
18,79137,6109,0.0,8086,1750,77387,0.01
9,79146,6109,0.0,8087,1750,77396,0.01
13,79159,6109,0.0,8088,1750,77409,0.01
4,79163,6109,0.0,8089,1750,77413,0.01
4,79167,6109,0.0,8090,1750,77417,0.01
4,79171,6109,0.0,8091,1750,77421,0.01
4,79175,6109,0.0,8092,1750,77425,0.01
8,79183,6109,0.0,8093,1750,77433,0.01
7,79190,6110,1.0,8094,1750,77440,0.01
4,79194,6110,0.0,8095,1750,77444,0.01
4,79198,6110,0.0,8096,1750,77448,0.01
4,79202,6110,0.0,8097,1750,77452,0.01
4,79206,6110,0.0,8098,1750,77456,0.01
7,79213,6110,0.0,8099,1750,77463,0.01
8,79221,6110,0.0,8100,1750,77471,0.01
6,79227,6110,0.0,8101,1750,77477,0.01
8,79235,6110,0.0,8102,1750,77485,0.01
25,79260,6110,0.0,8103,1750,77510,0.01
25,79285,6110,0.0,8104,1750,77535,0.01
4,79289,6110,0.0,8105,1750,77539,0.01
4,79293,6110,0.0,8106,1750,77543,0.01
4,79297,6110,0.0,8107,1750,77547,0.01
4,79301,6110,0.0,8108,1750,77551,0.01
4,79305,6110,0.0,8109,1750,77555,0.01
7,79312,6111,1.0,8110,1750,77562,0.01
12,79324,6111,0.0,8111,1750,77574,0.01
14,79338,6111,0.0,8112,1751,77587,0.01
13,79351,6111,0.0,8113,1751,77600,0.01
13,79364,6111,0.0,8114,1752,77612,0.01
13,79377,6111,0.0,8115,1753,77624,0.01
13,79390,6111,0.0,8116,1753,77637,0.01
25,79415,6111,0.0,8117,1753,77662,0.01
25,79440,6111,0.0,8118,1753,77687,0.01
14,79454,6111,0.0,8119,1754,77700,0.01
25,79479,6111,0.0,8120,1754,77725,0.01
25,79504,6111,0.0,8121,1754,77750,0.01
25,79529,6111,0.0,8122,1754,77775,0.01
25,79554,6111,0.0,8123,1754,77800,0.01
25,79579,6111,0.0,8124,1754,77825,0.01
11,79590,6111,0.0,8125,1755,77835,0.01
12,79602,6111,0.0,8126,1755,77847,0.01
13,79615,6111,0.0,8127,1755,77860,0.01
11,79626,6111,0.0,8128,1755,77871,0.01
16,79642,6111,0.0,8129,1755,77887,0.01
5,79647,6111,0.0,8130,1755,77892,0.01
6,79653,6111,0.0,8131,1755,77898,0.01
8,79661,6111,0.0,8132,1755,77906,0.01
25,79686,6111,0.0,8133,1755,77931,0.01
10,79696,6111,0.0,8134,1755,77941,0.01
24,79720,6112,1.0,8135,1755,77965,0.01
9,79729,6112,0.0,8136,1755,77974,0.01
9,79738,6113,1.0,8137,1755,77983,0.01
9,79747,6114,1.0,8138,1755,77992,0.01
9,79756,6115,1.0,8139,1755,78001,0.01
11,79767,6115,0.0,8140,1756,78011,0.01
9,79776,6116,1.0,8141,1756,78020,0.01
9,79785,6117,1.0,8142,1756,78029,0.01
9,79794,6118,1.0,8143,1756,78038,0.01
9,79803,6119,1.0,8144,1756,78047,0.01
9,79812,6120,1.0,8145,1757,78055,0.01
9,79821,6121,1.0,8146,1757,78064,0.01
9,79830,6122,1.0,8147,1757,78073,0.01
9,79839,6123,1.0,8148,1757,78082,0.01
9,79848,6124,1.0,8149,1757,78091,0.01
9,79857,6125,1.0,8150,1757,78100,0.01
9,79866,6126,1.0,8151,1757,78109,0.01
16,79882,6126,0.0,8152,1758,78124,0.01
9,79891,6127,1.0,8153,1758,78133,0.01
9,79900,6128,1.0,8154,1758,78142,0.01
9,79909,6129,1.0,8155,1758,78151,0.01
9,79918,6130,1.0,8156,1758,78160,0.01
9,79927,6131,1.0,8157,1758,78169,0.01
9,79936,6132,1.0,8158,1758,78178,0.01
9,79945,6133,1.0,8159,1758,78187,0.01
9,79954,6134,1.0,8160,1758,78196,0.01
9,79963,6134,0.0,8161,1759,78204,0.01
9,79972,6135,1.0,8162,1759,78213,0.01
9,79981,6136,1.0,8163,1759,78222,0.01
9,79990,6137,1.0,8164,1759,78231,0.01
9,79999,6138,1.0,8165,1759,78240,0.01
9,80008,6139,1.0,8166,1759,78249,0.01
9,80017,6140,1.0,8167,1759,78258,0.01
9,80026,6141,1.0,8168,1759,78267,0.01
9,80035,6142,1.0,8169,1759,78276,0.01
9,80044,6143,1.0,8170,1759,78285,0.01
9,80053,6144,1.0,8171,1759,78294,0.01
9,80062,6145,1.0,8172,1759,78303,0.01
9,80071,6146,1.0,8173,1759,78312,0.01
9,80080,6147,1.0,8174,1759,78321,0.01
9,80089,6148,1.0,8175,1759,78330,0.01
9,80098,6149,1.0,8176,1759,78339,0.01
9,80107,6150,1.0,8177,1759,78348,0.01
9,80116,6151,1.0,8178,1759,78357,0.01
9,80125,6152,1.0,8179,1759,78366,0.01
9,80134,6153,1.0,8180,1759,78375,0.01
9,80143,6154,1.0,8181,1759,78384,0.01
9,80152,6155,1.0,8182,1759,78393,0.01
9,80161,6156,1.0,8183,1759,78402,0.01
9,80170,6157,1.0,8184,1759,78411,0.01
9,80179,6158,1.0,8185,1759,78420,0.01
9,80188,6159,1.0,8186,1759,78429,0.01
9,80197,6160,1.0,8187,1759,78438,0.01
9,80206,6161,1.0,8188,1759,78447,0.01
9,80215,6162,1.0,8189,1759,78456,0.01
9,80224,6163,1.0,8190,1759,78465,0.01
9,80233,6164,1.0,8191,1759,78474,0.01
9,80242,6165,1.0,8192,1759,78483,0.01
9,80251,6166,1.0,8193,1759,78492,0.01
9,80260,6167,1.0,8194,1760,78500,0.01
9,80269,6168,1.0,8195,1760,78509,0.01
5,80274,6168,0.0,8196,1761,78513,0.01
9,80283,6169,1.0,8197,1761,78522,0.01
9,80292,6170,1.0,8198,1761,78531,0.01
9,80301,6171,1.0,8199,1761,78540,0.01
9,80310,6172,1.0,8200,1761,78549,0.01
9,80319,6173,1.0,8201,1761,78558,0.01
9,80328,6174,1.0,8202,1761,78567,0.01
9,80337,6175,1.0,8203,1761,78576,0.01
9,80346,6176,1.0,8204,1761,78585,0.01
9,80355,6177,1.0,8205,1761,78594,0.01
9,80364,6178,1.0,8206,1761,78603,0.01
9,80373,6179,1.0,8207,1761,78612,0.01
9,80382,6180,1.0,8208,1761,78621,0.01
7,80389,6180,0.0,8209,1762,78627,0.01
9,80398,6181,1.0,8210,1762,78636,0.01
9,80407,6182,1.0,8211,1762,78645,0.01
9,80416,6183,1.0,8212,1762,78654,0.01
9,80425,6184,1.0,8213,1762,78663,0.01
9,80434,6185,1.0,8214,1762,78672,0.01
9,80443,6186,1.0,8215,1762,78681,0.01
9,80452,6187,1.0,8216,1762,78690,0.01
9,80461,6188,1.0,8217,1762,78699,0.01
9,80470,6189,1.0,8218,1762,78708,0.01
9,80479,6190,1.0,8219,1762,78717,0.01
9,80488,6191,1.0,8220,1762,78726,0.01
9,80497,6192,1.0,8221,1762,78735,0.01
9,80506,6193,1.0,8222,1762,78744,0.01
9,80515,6194,1.0,8223,1762,78753,0.01
16,80531,6194,0.0,8224,1763,78768,0.01
9,80540,6195,1.0,8225,1763,78777,0.01
9,80549,6196,1.0,8226,1763,78786,0.01
6,80555,6196,0.0,8227,1764,78791,0.01
9,80564,6197,1.0,8228,1764,78800,0.01
6,80570,6197,0.0,8229,1764,78806,0.01
9,80579,6198,1.0,8230,1764,78815,0.01
9,80588,6199,1.0,8231,1764,78824,0.01
9,80597,6200,1.0,8232,1764,78833,0.01
9,80606,6201,1.0,8233,1764,78842,0.01
9,80615,6202,1.0,8234,1764,78851,0.01
9,80624,6203,1.0,8235,1764,78860,0.01
9,80633,6204,1.0,8236,1764,78869,0.01
9,80642,6205,1.0,8237,1764,78878,0.01
9,80651,6206,1.0,8238,1764,78887,0.01
9,80660,6207,1.0,8239,1764,78896,0.01
9,80669,6208,1.0,8240,1764,78905,0.01
9,80678,6209,1.0,8241,1764,78914,0.01
9,80687,6210,1.0,8242,1764,78923,0.01
9,80696,6211,1.0,8243,1764,78932,0.01
9,80705,6212,1.0,8244,1764,78941,0.01
9,80714,6213,1.0,8245,1764,78950,0.01
9,80723,6214,1.0,8246,1764,78959,0.01
9,80732,6215,1.0,8247,1764,78968,0.01
9,80741,6216,1.0,8248,1764,78977,0.01
9,80750,6216,0.0,8249,1765,78985,0.01
16,80766,6216,0.0,8250,1766,79000,0.01
9,80775,6216,0.0,8251,1766,79009,0.01
14,80789,6216,0.0,8252,1766,79023,0.01
14,80803,6216,0.0,8253,1766,79037,0.01
14,80817,6216,0.0,8254,1767,79050,0.01
9,80826,6216,0.0,8255,1767,79059,0.01
11,80837,6216,0.0,8256,1767,79070,0.01
2,80839,6216,0.0,8257,1767,79072,0.01
16,80855,6216,0.0,8258,1767,79088,0.01
16,80871,6216,0.0,8259,1767,79104,0.01
10,80881,6216,0.0,8260,1767,79114,0.01
7,80888,6216,0.0,8261,1767,79121,0.01
24,80912,6217,1.0,8262,1768,79144,0.01
17,80929,6217,0.0,8263,1768,79161,0.01
6,80935,6217,0.0,8264,1768,79167,0.01
9,80944,6217,0.0,8265,1768,79176,0.01
9,80953,6217,0.0,8266,1768,79185,0.01
9,80962,6218,1.0,8267,1768,79194,0.01
9,80971,6219,1.0,8268,1768,79203,0.01
9,80980,6220,1.0,8269,1768,79212,0.01
9,80989,6221,1.0,8270,1768,79221,0.01
9,80998,6222,1.0,8271,1768,79230,0.01
9,81007,6223,1.0,8272,1768,79239,0.01
9,81016,6224,1.0,8273,1768,79248,0.01
9,81025,6225,1.0,8274,1769,79256,0.01
9,81034,6226,1.0,8275,1769,79265,0.01
9,81043,6227,1.0,8276,1769,79274,0.01
6,81049,6227,0.0,8277,1770,79279,0.01
9,81058,6227,0.0,8278,1771,79287,0.01
6,81064,6227,0.0,8279,1771,79293,0.01
6,81070,6227,0.0,8280,1771,79299,0.01
13,81083,6227,0.0,8281,1771,79312,0.01
6,81089,6227,0.0,8282,1771,79318,0.01
24,81113,6228,1.0,8283,1771,79342,0.01
28,81141,6228,0.0,8284,1771,79370,0.01
24,81165,6229,1.0,8285,1771,79394,0.01
24,81189,6230,1.0,8286,1771,79418,0.01
24,81213,6231,1.0,8287,1771,79442,0.01
24,81237,6232,1.0,8288,1772,79465,0.01
24,81261,6233,1.0,8289,1772,79489,0.01
24,81285,6234,1.0,8290,1772,79513,0.01
24,81309,6235,1.0,8291,1772,79537,0.01
24,81333,6236,1.0,8292,1772,79561,0.01
24,81357,6237,1.0,8293,1772,79585,0.01
24,81381,6238,1.0,8294,1772,79609,0.01
24,81405,6239,1.0,8295,1772,79633,0.01
24,81429,6240,1.0,8296,1772,79657,0.01
24,81453,6241,1.0,8297,1772,79681,0.01
24,81477,6242,1.0,8298,1772,79705,0.01
28,81505,6242,0.0,8299,1774,79731,0.01
17,81522,6242,0.0,8300,1774,79748,0.01
24,81546,6243,1.0,8301,1774,79772,0.01
24,81570,6244,1.0,8302,1774,79796,0.01
24,81594,6245,1.0,8303,1774,79820,0.01
24,81618,6246,1.0,8304,1774,79844,0.01
24,81642,6247,1.0,8305,1774,79868,0.01
24,81666,6248,1.0,8306,1774,79892,0.01
15,81681,6248,0.0,8307,1775,79906,0.01
15,81696,6248,0.0,8308,1775,79921,0.01
13,81709,6248,0.0,8309,1776,79933,0.01
15,81724,6248,0.0,8310,1776,79948,0.01
15,81739,6248,0.0,8311,1776,79963,0.01
28,81767,6248,0.0,8312,1777,79990,0.01
10,81777,6248,0.0,8313,1777,80000,0.01
9,81786,6249,1.0,8314,1777,80009,0.01
9,81795,6250,1.0,8315,1777,80018,0.01
9,81804,6251,1.0,8316,1777,80027,0.01
9,81813,6252,1.0,8317,1777,80036,0.01
9,81822,6253,1.0,8318,1777,80045,0.01
9,81831,6254,1.0,8319,1777,80054,0.01
9,81840,6255,1.0,8320,1777,80063,0.01
9,81849,6256,1.0,8321,1777,80072,0.01
9,81858,6257,1.0,8322,1777,80081,0.01
5,81863,6257,0.0,8323,1778,80085,0.01
9,81872,6258,1.0,8324,1778,80094,0.01
9,81881,6259,1.0,8325,1778,80103,0.01
9,81890,6260,1.0,8326,1778,80112,0.01
9,81899,6261,1.0,8327,1778,80121,0.01
9,81908,6262,1.0,8328,1778,80130,0.01
9,81917,6263,1.0,8329,1778,80139,0.01
9,81926,6264,1.0,8330,1778,80148,0.01
11,81937,6264,0.0,8331,1779,80158,0.01
9,81946,6265,1.0,8332,1779,80167,0.01
9,81955,6266,1.0,8333,1779,80176,0.01
9,81964,6267,1.0,8334,1779,80185,0.01
9,81973,6268,1.0,8335,1779,80194,0.01
9,81982,6269,1.0,8336,1779,80203,0.01
15,81997,6269,0.0,8337,1780,80217,0.01
19,82016,6269,0.0,8338,1780,80236,0.01
16,82032,6269,0.0,8339,1780,80252,0.01
9,82041,6269,0.0,8340,1780,80261,0.01
9,82050,6270,1.0,8341,1780,80270,0.01
9,82059,6271,1.0,8342,1780,80279,0.01
9,82068,6272,1.0,8343,1780,80288,0.01
9,82077,6273,1.0,8344,1780,80297,0.01
9,82086,6274,1.0,8345,1780,80306,0.01
9,82095,6275,1.0,8346,1780,80315,0.01
9,82104,6276,1.0,8347,1780,80324,0.01
9,82113,6277,1.0,8348,1780,80333,0.01
9,82122,6278,1.0,8349,1780,80342,0.01
9,82131,6279,1.0,8350,1780,80351,0.01
9,82140,6280,1.0,8351,1780,80360,0.01
6,82146,6280,0.0,8352,1781,80365,0.01
9,82155,6281,1.0,8353,1781,80374,0.01
9,82164,6282,1.0,8354,1781,80383,0.01
9,82173,6283,1.0,8355,1781,80392,0.01
9,82182,6284,1.0,8356,1781,80401,0.01
9,82191,6285,1.0,8357,1781,80410,0.01
9,82200,6286,1.0,8358,1781,80419,0.01
9,82209,6287,1.0,8359,1781,80428,0.01
9,82218,6288,1.0,8360,1781,80437,0.01
9,82227,6289,1.0,8361,1782,80445,0.01
11,82238,6289,0.0,8362,1783,80455,0.01
9,82247,6290,1.0,8363,1783,80464,0.01
9,82256,6291,1.0,8364,1783,80473,0.01
9,82265,6292,1.0,8365,1783,80482,0.01
9,82274,6293,1.0,8366,1783,80491,0.01
9,82283,6294,1.0,8367,1783,80500,0.01
10,82293,6294,0.0,8368,1784,80509,0.01
9,82302,6295,1.0,8369,1784,80518,0.01
9,82311,6296,1.0,8370,1784,80527,0.01
9,82320,6297,1.0,8371,1784,80536,0.01
9,82329,6298,1.0,8372,1784,80545,0.01
9,82338,6299,1.0,8373,1784,80554,0.01
5,82343,6299,0.0,8374,1785,80558,0.01
9,82352,6299,0.0,8375,1786,80566,0.01
9,82361,6299,0.0,8376,1786,80575,0.01
9,82370,6299,0.0,8377,1786,80584,0.01
9,82379,6299,0.0,8378,1786,80593,0.01
9,82388,6299,0.0,8379,1786,80602,0.01
8,82396,6300,1.0,8380,1786,80610,0.01
6,82402,6300,0.0,8381,1787,80615,0.01
13,82415,6300,0.0,8382,1787,80628,0.01
16,82431,6300,0.0,8383,1788,80643,0.01
25,82456,6300,0.0,8384,1788,80668,0.01
9,82465,6300,0.0,8385,1788,80677,0.01
5,82470,6300,0.0,8386,1789,80681,0.01
7,82477,6301,1.0,8387,1789,80688,0.01
6,82483,6301,0.0,8388,1789,80694,0.01
26,82509,6301,0.0,8389,1789,80720,0.01
10,82519,6301,0.0,8390,1789,80730,0.01
16,82535,6301,0.0,8391,1789,80746,0.01
28,82563,6301,0.0,8392,1789,80774,0.01
13,82576,6301,0.0,8393,1789,80787,0.01
16,82592,6301,0.0,8394,1789,80803,0.01
10,82602,6301,0.0,8395,1789,80813,0.01
6,82608,6301,0.0,8396,1789,80819,0.01
7,82615,6302,1.0,8397,1789,80826,0.01
7,82622,6303,1.0,8398,1789,80833,0.01
7,82629,6304,1.0,8399,1789,80840,0.01
7,82636,6305,1.0,8400,1789,80847,0.01
7,82643,6306,1.0,8401,1789,80854,0.01
7,82650,6307,1.0,8402,1789,80861,0.01
7,82657,6308,1.0,8403,1789,80868,0.01
7,82664,6309,1.0,8404,1789,80875,0.01
7,82671,6310,1.0,8405,1789,80882,0.01
7,82678,6311,1.0,8406,1789,80889,0.01
7,82685,6312,1.0,8407,1789,80896,0.01
7,82692,6313,1.0,8408,1789,80903,0.01
7,82699,6314,1.0,8409,1789,80910,0.01
7,82706,6315,1.0,8410,1789,80917,0.01
7,82713,6316,1.0,8411,1789,80924,0.01
7,82720,6317,1.0,8412,1789,80931,0.01
7,82727,6318,1.0,8413,1789,80938,0.01
7,82734,6319,1.0,8414,1789,80945,0.01
7,82741,6320,1.0,8415,1789,80952,0.01
7,82748,6321,1.0,8416,1789,80959,0.01
7,82755,6322,1.0,8417,1789,80966,0.01
7,82762,6323,1.0,8418,1789,80973,0.01
7,82769,6324,1.0,8419,1789,80980,0.01
7,82776,6325,1.0,8420,1789,80987,0.01
7,82783,6326,1.0,8421,1789,80994,0.01
7,82790,6327,1.0,8422,1790,81000,0.01
7,82797,6328,1.0,8423,1790,81007,0.01
7,82804,6329,1.0,8424,1790,81014,0.01
11,82815,6329,0.0,8425,1791,81024,0.01
7,82822,6330,1.0,8426,1791,81031,0.01
7,82829,6331,1.0,8427,1791,81038,0.01
7,82836,6332,1.0,8428,1791,81045,0.01
7,82843,6333,1.0,8429,1791,81052,0.01
7,82850,6334,1.0,8430,1791,81059,0.01
7,82857,6335,1.0,8431,1791,81066,0.01
7,82864,6336,1.0,8432,1791,81073,0.01
7,82871,6337,1.0,8433,1791,81080,0.01
7,82878,6338,1.0,8434,1791,81087,0.01
7,82885,6339,1.0,8435,1791,81094,0.01
7,82892,6340,1.0,8436,1791,81101,0.01
7,82899,6341,1.0,8437,1791,81108,0.01
7,82906,6342,1.0,8438,1791,81115,0.01
7,82913,6343,1.0,8439,1791,81122,0.01
7,82920,6344,1.0,8440,1792,81128,0.01
7,82927,6345,1.0,8441,1792,81135,0.01
24,82951,6345,0.0,8442,1793,81158,0.01
7,82958,6346,1.0,8443,1793,81165,0.01
7,82965,6347,1.0,8444,1793,81172,0.01
8,82973,6348,1.0,8445,1794,81179,0.01
7,82980,6349,1.0,8446,1794,81186,0.01
7,82987,6350,1.0,8447,1794,81193,0.01
7,82994,6351,1.0,8448,1794,81200,0.01
7,83001,6352,1.0,8449,1794,81207,0.01
7,83008,6353,1.0,8450,1794,81214,0.01
7,83015,6354,1.0,8451,1794,81221,0.01
7,83022,6355,1.0,8452,1794,81228,0.01
7,83029,6356,1.0,8453,1794,81235,0.01
7,83036,6357,1.0,8454,1794,81242,0.01
7,83043,6358,1.0,8455,1794,81249,0.01
7,83050,6359,1.0,8456,1794,81256,0.01
7,83057,6360,1.0,8457,1794,81263,0.01
7,83064,6361,1.0,8458,1794,81270,0.01
7,83071,6362,1.0,8459,1794,81277,0.01
7,83078,6363,1.0,8460,1794,81284,0.01
7,83085,6364,1.0,8461,1794,81291,0.01
7,83092,6365,1.0,8462,1794,81298,0.01
7,83099,6366,1.0,8463,1794,81305,0.01
7,83106,6367,1.0,8464,1794,81312,0.01
7,83113,6368,1.0,8465,1794,81319,0.01
7,83120,6369,1.0,8466,1794,81326,0.01
5,83125,6369,0.0,8467,1795,81330,0.01
7,83132,6370,1.0,8468,1795,81337,0.01
7,83139,6371,1.0,8469,1795,81344,0.01
7,83146,6372,1.0,8470,1795,81351,0.01
7,83153,6373,1.0,8471,1795,81358,0.01
7,83160,6374,1.0,8472,1795,81365,0.01
7,83167,6375,1.0,8473,1795,81372,0.01
7,83174,6376,1.0,8474,1795,81379,0.01
7,83181,6377,1.0,8475,1795,81386,0.01
7,83188,6378,1.0,8476,1795,81393,0.01
7,83195,6379,1.0,8477,1795,81400,0.01
7,83202,6380,1.0,8478,1795,81407,0.01
7,83209,6381,1.0,8479,1795,81414,0.01
7,83216,6382,1.0,8480,1795,81421,0.01
7,83223,6383,1.0,8481,1795,81428,0.01
7,83230,6384,1.0,8482,1795,81435,0.01
7,83237,6385,1.0,8483,1795,81442,0.01
3,83240,6385,0.0,8484,1796,81444,0.01
7,83247,6386,1.0,8485,1796,81451,0.01
7,83254,6387,1.0,8486,1796,81458,0.01
7,83261,6388,1.0,8487,1796,81465,0.01
7,83268,6389,1.0,8488,1796,81472,0.01
7,83275,6390,1.0,8489,1796,81479,0.01
7,83282,6391,1.0,8490,1796,81486,0.01
7,83289,6392,1.0,8491,1796,81493,0.01
7,83296,6393,1.0,8492,1796,81500,0.01
7,83303,6394,1.0,8493,1796,81507,0.01
7,83310,6395,1.0,8494,1796,81514,0.01
7,83317,6396,1.0,8495,1796,81521,0.01
7,83324,6397,1.0,8496,1796,81528,0.01
7,83331,6398,1.0,8497,1796,81535,0.01
7,83338,6399,1.0,8498,1796,81542,0.01
7,83345,6400,1.0,8499,1796,81549,0.01
7,83352,6401,1.0,8500,1796,81556,0.01
7,83359,6402,1.0,8501,1796,81563,0.01
7,83366,6403,1.0,8502,1796,81570,0.01
11,83377,6403,0.0,8503,1797,81580,0.01
7,83384,6404,1.0,8504,1797,81587,0.01
7,83391,6405,1.0,8505,1797,81594,0.01
7,83398,6406,1.0,8506,1797,81601,0.01
7,83405,6407,1.0,8507,1797,81608,0.01
25,83430,6407,0.0,8508,1798,81632,0.01
24,83454,6407,0.0,8509,1799,81655,0.01
7,83461,6408,1.0,8510,1799,81662,0.01
7,83468,6409,1.0,8511,1799,81669,0.01
7,83475,6410,1.0,8512,1799,81676,0.01
7,83482,6411,1.0,8513,1799,81683,0.01
6,83488,6411,0.0,8514,1800,81688,0.01
7,83495,6412,1.0,8515,1800,81695,0.01
7,83502,6413,1.0,8516,1800,81702,0.01
7,83509,6414,1.0,8517,1800,81709,0.01
7,83516,6415,1.0,8518,1800,81716,0.01
7,83523,6416,1.0,8519,1800,81723,0.01
7,83530,6417,1.0,8520,1800,81730,0.01
7,83537,6418,1.0,8521,1800,81737,0.01
7,83544,6419,1.0,8522,1800,81744,0.01
7,83551,6420,1.0,8523,1800,81751,0.01
7,83558,6421,1.0,8524,1800,81758,0.01
7,83565,6422,1.0,8525,1801,81764,0.01
7,83572,6423,1.0,8526,1801,81771,0.01
7,83579,6424,1.0,8527,1801,81778,0.01
7,83586,6425,1.0,8528,1801,81785,0.01
7,83593,6426,1.0,8529,1801,81792,0.01
7,83600,6427,1.0,8530,1801,81799,0.01
7,83607,6428,1.0,8531,1801,81806,0.01
7,83614,6429,1.0,8532,1801,81813,0.01
7,83621,6430,1.0,8533,1801,81820,0.01
7,83628,6431,1.0,8534,1801,81827,0.01
7,83635,6432,1.0,8535,1801,81834,0.01
7,83642,6433,1.0,8536,1801,81841,0.01
7,83649,6434,1.0,8537,1801,81848,0.01
7,83656,6435,1.0,8538,1802,81854,0.01
7,83663,6436,1.0,8539,1802,81861,0.01
7,83670,6437,1.0,8540,1802,81868,0.01
7,83677,6438,1.0,8541,1802,81875,0.01
7,83684,6439,1.0,8542,1802,81882,0.01
7,83691,6440,1.0,8543,1802,81889,0.01
7,83698,6441,1.0,8544,1802,81896,0.01
7,83705,6442,1.0,8545,1802,81903,0.01
7,83712,6443,1.0,8546,1802,81910,0.01
7,83719,6444,1.0,8547,1802,81917,0.01
7,83726,6445,1.0,8548,1802,81924,0.01
7,83733,6446,1.0,8549,1802,81931,0.01
7,83740,6447,1.0,8550,1802,81938,0.01
7,83747,6448,1.0,8551,1802,81945,0.01
7,83754,6449,1.0,8552,1802,81952,0.01
7,83761,6450,1.0,8553,1802,81959,0.01
7,83768,6451,1.0,8554,1802,81966,0.01
7,83775,6452,1.0,8555,1802,81973,0.01
16,83791,6452,0.0,8556,1803,81988,0.01
7,83798,6453,1.0,8557,1803,81995,0.01
7,83805,6454,1.0,8558,1803,82002,0.01
7,83812,6455,1.0,8559,1803,82009,0.01
7,83819,6456,1.0,8560,1803,82016,0.01
7,83826,6457,1.0,8561,1803,82023,0.01
7,83833,6458,1.0,8562,1803,82030,0.01
7,83840,6459,1.0,8563,1803,82037,0.01
7,83847,6460,1.0,8564,1803,82044,0.01
7,83854,6461,1.0,8565,1803,82051,0.01
7,83861,6462,1.0,8566,1803,82058,0.01
7,83868,6463,1.0,8567,1803,82065,0.01
7,83875,6464,1.0,8568,1803,82072,0.01
7,83882,6465,1.0,8569,1803,82079,0.01
7,83889,6466,1.0,8570,1803,82086,0.01
7,83896,6467,1.0,8571,1803,82093,0.01
7,83903,6468,1.0,8572,1803,82100,0.01
7,83910,6469,1.0,8573,1803,82107,0.01
7,83917,6470,1.0,8574,1803,82114,0.01
7,83924,6471,1.0,8575,1803,82121,0.01
7,83931,6472,1.0,8576,1803,82128,0.01
7,83938,6473,1.0,8577,1803,82135,0.01
11,83949,6473,0.0,8578,1804,82145,0.01
7,83956,6474,1.0,8579,1804,82152,0.01
7,83963,6475,1.0,8580,1804,82159,0.01
7,83970,6476,1.0,8581,1804,82166,0.01
7,83977,6477,1.0,8582,1804,82173,0.01
7,83984,6478,1.0,8583,1804,82180,0.01
7,83991,6479,1.0,8584,1804,82187,0.01
7,83998,6480,1.0,8585,1804,82194,0.01
7,84005,6481,1.0,8586,1804,82201,0.01
7,84012,6482,1.0,8587,1804,82208,0.01
7,84019,6483,1.0,8588,1804,82215,0.01
7,84026,6484,1.0,8589,1804,82222,0.01
7,84033,6485,1.0,8590,1804,82229,0.01
7,84040,6486,1.0,8591,1804,82236,0.01
7,84047,6487,1.0,8592,1804,82243,0.01
7,84054,6488,1.0,8593,1804,82250,0.01
7,84061,6489,1.0,8594,1804,82257,0.01
7,84068,6490,1.0,8595,1804,82264,0.01
7,84075,6491,1.0,8596,1804,82271,0.01
7,84082,6492,1.0,8597,1804,82278,0.01
7,84089,6493,1.0,8598,1805,82284,0.01
7,84096,6494,1.0,8599,1805,82291,0.01
7,84103,6495,1.0,8600,1805,82298,0.01
7,84110,6496,1.0,8601,1805,82305,0.01
7,84117,6497,1.0,8602,1805,82312,0.01
7,84124,6498,1.0,8603,1805,82319,0.01
7,84131,6499,1.0,8604,1805,82326,0.01
7,84138,6500,1.0,8605,1805,82333,0.01
7,84145,6501,1.0,8606,1805,82340,0.01
7,84152,6502,1.0,8607,1805,82347,0.01
7,84159,6503,1.0,8608,1805,82354,0.01
7,84166,6504,1.0,8609,1805,82361,0.01
7,84173,6505,1.0,8610,1805,82368,0.01
7,84180,6506,1.0,8611,1805,82375,0.01
7,84187,6507,1.0,8612,1805,82382,0.01
7,84194,6508,1.0,8613,1805,82389,0.01
7,84201,6509,1.0,8614,1805,82396,0.01
7,84208,6510,1.0,8615,1805,82403,0.01
7,84215,6511,1.0,8616,1805,82410,0.01
7,84222,6512,1.0,8617,1805,82417,0.01
7,84229,6513,1.0,8618,1805,82424,0.01
7,84236,6514,1.0,8619,1805,82431,0.01
4,84240,6514,0.0,8620,1806,82434,0.01
3,84243,6514,0.0,8621,1806,82437,0.01
7,84250,6515,1.0,8622,1806,82444,0.01
7,84257,6516,1.0,8623,1806,82451,0.01
5,84262,6516,0.0,8624,1807,82455,0.01
7,84269,6517,1.0,8625,1807,82462,0.01
7,84276,6518,1.0,8626,1807,82469,0.01
7,84283,6519,1.0,8627,1807,82476,0.01
7,84290,6520,1.0,8628,1807,82483,0.01
7,84297,6521,1.0,8629,1807,82490,0.01
7,84304,6522,1.0,8630,1807,82497,0.01
7,84311,6523,1.0,8631,1807,82504,0.01
7,84318,6524,1.0,8632,1807,82511,0.01
7,84325,6525,1.0,8633,1807,82518,0.01
7,84332,6526,1.0,8634,1807,82525,0.01
7,84339,6527,1.0,8635,1807,82532,0.01
7,84346,6528,1.0,8636,1807,82539,0.01
7,84353,6529,1.0,8637,1807,82546,0.01
7,84360,6530,1.0,8638,1807,82553,0.01
7,84367,6531,1.0,8639,1807,82560,0.01
7,84374,6532,1.0,8640,1807,82567,0.01
7,84381,6533,1.0,8641,1807,82574,0.01
7,84388,6534,1.0,8642,1807,82581,0.01
7,84395,6535,1.0,8643,1807,82588,0.01
7,84402,6536,1.0,8644,1807,82595,0.01
7,84409,6537,1.0,8645,1807,82602,0.01
7,84416,6538,1.0,8646,1807,82609,0.01
7,84423,6539,1.0,8647,1807,82616,0.01
7,84430,6540,1.0,8648,1808,82622,0.01
7,84437,6541,1.0,8649,1808,82629,0.01
7,84444,6542,1.0,8650,1808,82636,0.01
16,84460,6542,0.0,8651,1809,82651,0.01
7,84467,6543,1.0,8652,1809,82658,0.01
7,84474,6544,1.0,8653,1809,82665,0.01
7,84481,6545,1.0,8654,1809,82672,0.01
7,84488,6546,1.0,8655,1809,82679,0.01
7,84495,6547,1.0,8656,1809,82686,0.01
7,84502,6548,1.0,8657,1809,82693,0.01
7,84509,6549,1.0,8658,1809,82700,0.01
7,84516,6550,1.0,8659,1809,82707,0.01
7,84523,6551,1.0,8660,1809,82714,0.01
7,84530,6552,1.0,8661,1809,82721,0.01
7,84537,6553,1.0,8662,1809,82728,0.01
7,84544,6554,1.0,8663,1809,82735,0.01
11,84555,6554,0.0,8664,1811,82744,0.01
20,84575,6554,0.0,8665,1811,82764,0.01
4,84579,6554,0.0,8666,1811,82768,0.01
4,84583,6554,0.0,8667,1811,82772,0.01
4,84587,6554,0.0,8668,1811,82776,0.01
4,84591,6554,0.0,8669,1811,82780,0.01
4,84595,6554,0.0,8670,1811,82784,0.01
17,84612,6554,0.0,8671,1811,82801,0.01
15,84627,6554,0.0,8672,1811,82816,0.01
3,84630,6554,0.0,8673,1811,82819,0.01
10,84640,6554,0.0,8674,1811,82829,0.01
9,84649,6554,0.0,8675,1811,82838,0.01
25,84674,6554,0.0,8676,1812,82862,0.01
3,84677,6554,0.0,8677,1812,82865,0.01
18,84695,6554,0.0,8678,1812,82883,0.01
12,84707,6554,0.0,8679,1813,82894,0.01
8,84715,6554,0.0,8680,1813,82902,0.01
18,84733,6554,0.0,8681,1813,82920,0.01
5,84738,6554,0.0,8682,1813,82925,0.01
37,84775,6554,0.0,8683,1813,82962,0.01
15,84790,6554,0.0,8684,1813,82977,0.01
15,84805,6554,0.0,8685,1813,82992,0.01
15,84820,6554,0.0,8686,1813,83007,0.01
15,84835,6554,0.0,8687,1813,83022,0.01
19,84854,6554,0.0,8688,1813,83041,0.01
19,84873,6554,0.0,8689,1814,83059,0.01
17,84890,6555,1.0,8690,1815,83075,0.01
16,84906,6556,1.0,8691,1815,83091,0.01
16,84922,6557,1.0,8692,1815,83107,0.01
16,84938,6558,1.0,8693,1815,83123,0.01
17,84955,6559,1.0,8694,1815,83140,0.01
16,84971,6560,1.0,8695,1815,83156,0.01
16,84987,6561,1.0,8696,1815,83172,0.01
16,85003,6562,1.0,8697,1815,83188,0.01
16,85019,6563,1.0,8698,1815,83204,0.01
16,85035,6564,1.0,8699,1815,83220,0.01
16,85051,6565,1.0,8700,1815,83236,0.01
16,85067,6566,1.0,8701,1815,83252,0.01
16,85083,6567,1.0,8702,1815,83268,0.01
16,85099,6568,1.0,8703,1815,83284,0.01
16,85115,6569,1.0,8704,1815,83300,0.01
16,85131,6570,1.0,8705,1816,83315,0.01
16,85147,6571,1.0,8706,1816,83331,0.01
16,85163,6572,1.0,8707,1816,83347,0.01
16,85179,6573,1.0,8708,1816,83363,0.01
16,85195,6574,1.0,8709,1816,83379,0.01
16,85211,6575,1.0,8710,1816,83395,0.01
16,85227,6576,1.0,8711,1816,83411,0.01
16,85243,6577,1.0,8712,1816,83427,0.01
16,85259,6578,1.0,8713,1816,83443,0.01
16,85275,6579,1.0,8714,1816,83459,0.01
16,85291,6580,1.0,8715,1817,83474,0.01
16,85307,6581,1.0,8716,1817,83490,0.01
16,85323,6582,1.0,8717,1817,83506,0.01
16,85339,6583,1.0,8718,1817,83522,0.01
16,85355,6584,1.0,8719,1817,83538,0.01
16,85371,6585,1.0,8720,1817,83554,0.01
16,85387,6586,1.0,8721,1817,83570,0.01
3,85390,6586,0.0,8722,1818,83572,0.01
6,85396,6586,0.0,8723,1819,83577,0.01
16,85412,6587,1.0,8724,1819,83593,0.01
16,85428,6588,1.0,8725,1819,83609,0.01
16,85444,6589,1.0,8726,1819,83625,0.01
16,85460,6590,1.0,8727,1819,83641,0.01
16,85476,6591,1.0,8728,1819,83657,0.01
16,85492,6592,1.0,8729,1819,83673,0.01
16,85508,6593,1.0,8730,1819,83689,0.01
16,85524,6594,1.0,8731,1819,83705,0.01
16,85540,6595,1.0,8732,1820,83720,0.01
16,85556,6596,1.0,8733,1820,83736,0.01
16,85572,6597,1.0,8734,1820,83752,0.01
10,85582,6597,0.0,8735,1821,83761,0.01
16,85598,6598,1.0,8736,1821,83777,0.01
16,85614,6599,1.0,8737,1821,83793,0.01
16,85630,6600,1.0,8738,1821,83809,0.01
16,85646,6601,1.0,8739,1821,83825,0.01
16,85662,6602,1.0,8740,1821,83841,0.01
16,85678,6603,1.0,8741,1821,83857,0.01
16,85694,6604,1.0,8742,1822,83872,0.01
10,85704,6604,0.0,8743,1822,83882,0.01
16,85720,6605,1.0,8744,1822,83898,0.01
16,85736,6606,1.0,8745,1822,83914,0.01
16,85752,6607,1.0,8746,1822,83930,0.01
16,85768,6608,1.0,8747,1822,83946,0.01
16,85784,6609,1.0,8748,1823,83961,0.01
12,85796,6609,0.0,8749,1824,83972,0.01
16,85812,6610,1.0,8750,1824,83988,0.01
16,85828,6611,1.0,8751,1824,84004,0.01
16,85844,6612,1.0,8752,1824,84020,0.01
16,85860,6613,1.0,8753,1824,84036,0.01
16,85876,6614,1.0,8754,1824,84052,0.01
16,85892,6615,1.0,8755,1825,84067,0.01
16,85908,6616,1.0,8756,1825,84083,0.01
16,85924,6617,1.0,8757,1825,84099,0.01
16,85940,6618,1.0,8758,1825,84115,0.01
16,85956,6619,1.0,8759,1825,84131,0.01
16,85972,6620,1.0,8760,1825,84147,0.01
16,85988,6621,1.0,8761,1825,84163,0.01
16,86004,6622,1.0,8762,1825,84179,0.01
16,86020,6623,1.0,8763,1825,84195,0.01
16,86036,6624,1.0,8764,1825,84211,0.01
26,86062,6624,0.0,8765,1827,84235,0.01
22,86084,6624,0.0,8766,1827,84257,0.01
2,86086,6624,0.0,8767,1828,84258,0.01
10,86096,6624,0.0,8768,1829,84267,0.01
31,86127,6624,0.0,8769,1830,84297,0.01
26,86153,6624,0.0,8770,1830,84323,0.01
16,86169,6624,0.0,8771,1830,84339,0.01
16,86185,6625,1.0,8772,1830,84355,0.01
16,86201,6626,1.0,8773,1830,84371,0.01
16,86217,6627,1.0,8774,1830,84387,0.01
28,86245,6627,0.0,8775,1830,84415,0.01
16,86261,6628,1.0,8776,1830,84431,0.01
16,86277,6629,1.0,8777,1830,84447,0.01
16,86293,6630,1.0,8778,1830,84463,0.01
16,86309,6631,1.0,8779,1830,84479,0.01
16,86325,6632,1.0,8780,1830,84495,0.01
16,86341,6633,1.0,8781,1830,84511,0.01
16,86357,6634,1.0,8782,1830,84527,0.01
16,86373,6635,1.0,8783,1830,84543,0.01
16,86389,6636,1.0,8784,1830,84559,0.01
16,86405,6637,1.0,8785,1830,84575,0.01
25,86430,6637,0.0,8786,1832,84598,0.01
16,86446,6638,1.0,8787,1832,84614,0.01
16,86462,6639,1.0,8788,1832,84630,0.01
30,86492,6639,0.0,8789,1833,84659,0.01
2,86494,6639,0.0,8790,1833,84661,0.01
5,86499,6639,0.0,8791,1833,84666,0.01
20,86519,6639,0.0,8792,1833,84686,0.01
2,86521,6639,0.0,8793,1833,84688,0.01
5,86526,6639,0.0,8794,1833,84693,0.01
26,86552,6639,0.0,8795,1833,84719,0.01
6,86558,6639,0.0,8796,1833,84725,0.01
13,86571,6639,0.0,8797,1833,84738,0.01
20,86591,6639,0.0,8798,1833,84758,0.01
2,86593,6639,0.0,8799,1833,84760,0.01
9,86602,6639,0.0,8800,1833,84769,0.01
4,86606,6639,0.0,8801,1833,84773,0.01
9,86615,6639,0.0,8802,1833,84782,0.01
8,86623,6639,0.0,8803,1833,84790,0.01
3,86626,6639,0.0,8804,1833,84793,0.01
3,86629,6639,0.0,8805,1833,84796,0.01
3,86632,6639,0.0,8806,1833,84799,0.01
3,86635,6639,0.0,8807,1833,84802,0.01
3,86638,6639,0.0,8808,1833,84805,0.01
7,86645,6639,0.0,8809,1833,84812,0.01
9,86654,6639,0.0,8810,1834,84820,0.01
9,86663,6639,0.0,8811,1834,84829,0.01
8,86671,6639,0.0,8812,1834,84837,0.01
9,86680,6639,0.0,8813,1834,84846,0.01
8,86688,6639,0.0,8814,1834,84854,0.01
9,86697,6639,0.0,8815,1834,84863,0.01
9,86706,6639,0.0,8816,1834,84872,0.01
21,86727,6639,0.0,8817,1834,84893,0.01
5,86732,6639,0.0,8818,1834,84898,0.01
12,86744,6640,1.0,8819,1834,84910,0.01
12,86756,6641,1.0,8820,1834,84922,0.01
12,86768,6642,1.0,8821,1834,84934,0.01
16,86784,6642,0.0,8822,1834,84950,0.01
10,86794,6642,0.0,8823,1834,84960,0.01
16,86810,6642,0.0,8824,1834,84976,0.01
12,86822,6643,1.0,8825,1834,84988,0.01
12,86834,6644,1.0,8826,1834,85000,0.01
12,86846,6645,1.0,8827,1834,85012,0.01
6,86852,6645,0.0,8828,1835,85017,0.01
12,86864,6646,1.0,8829,1836,85028,0.01
12,86876,6647,1.0,8830,1836,85040,0.01
12,86888,6648,1.0,8831,1836,85052,0.01
12,86900,6649,1.0,8832,1836,85064,0.01
12,86912,6650,1.0,8833,1836,85076,0.01
12,86924,6651,1.0,8834,1836,85088,0.01
12,86936,6652,1.0,8835,1836,85100,0.01
12,86948,6653,1.0,8836,1836,85112,0.01
12,86960,6654,1.0,8837,1836,85124,0.01
12,86972,6655,1.0,8838,1836,85136,0.01
12,86984,6656,1.0,8839,1836,85148,0.01
12,86996,6657,1.0,8840,1836,85160,0.01
12,87008,6658,1.0,8841,1836,85172,0.01
12,87020,6659,1.0,8842,1836,85184,0.01
12,87032,6660,1.0,8843,1836,85196,0.01
33,87065,6661,1.0,8844,1837,85228,0.01
12,87077,6662,1.0,8845,1837,85240,0.01
12,87089,6663,1.0,8846,1837,85252,0.01
12,87101,6664,1.0,8847,1837,85264,0.01
12,87113,6665,1.0,8848,1837,85276,0.01
12,87125,6666,1.0,8849,1837,85288,0.01
12,87137,6667,1.0,8850,1837,85300,0.01
12,87149,6668,1.0,8851,1837,85312,0.01
12,87161,6669,1.0,8852,1838,85323,0.01
12,87173,6670,1.0,8853,1838,85335,0.01
12,87185,6671,1.0,8854,1838,85347,0.01
14,87199,6671,0.0,8855,1839,85360,0.01
15,87214,6672,1.0,8856,1839,85375,0.01
8,87222,6672,0.0,8857,1839,85383,0.01
8,87230,6672,0.0,8858,1839,85391,0.01
8,87238,6672,0.0,8859,1839,85399,0.01
8,87246,6673,1.0,8860,1839,85407,0.01
7,87253,6674,1.0,8861,1839,85414,0.01
7,87260,6675,1.0,8862,1839,85421,0.01
7,87267,6676,1.0,8863,1839,85428,0.01
7,87274,6677,1.0,8864,1839,85435,0.01
7,87281,6678,1.0,8865,1839,85442,0.01
7,87288,6679,1.0,8866,1839,85449,0.01
7,87295,6680,1.0,8867,1839,85456,0.01
7,87302,6681,1.0,8868,1839,85463,0.01
7,87309,6682,1.0,8869,1839,85470,0.01
7,87316,6683,1.0,8870,1839,85477,0.01
7,87323,6684,1.0,8871,1840,85483,0.01
7,87330,6685,1.0,8872,1840,85490,0.01
7,87337,6686,1.0,8873,1840,85497,0.01
7,87344,6687,1.0,8874,1840,85504,0.01
7,87351,6688,1.0,8875,1840,85511,0.01
13,87364,6688,0.0,8876,1842,85522,0.01
7,87371,6689,1.0,8877,1842,85529,0.01
32,87403,6689,0.0,8878,1843,85560,0.01
7,87410,6690,1.0,8879,1843,85567,0.01
7,87417,6691,1.0,8880,1843,85574,0.01
7,87424,6692,1.0,8881,1843,85581,0.01
7,87431,6693,1.0,8882,1843,85588,0.01
7,87438,6694,1.0,8883,1843,85595,0.01
7,87445,6695,1.0,8884,1843,85602,0.01
7,87452,6696,1.0,8885,1843,85609,0.01
7,87459,6697,1.0,8886,1843,85616,0.01
7,87466,6698,1.0,8887,1843,85623,0.01
7,87473,6699,1.0,8888,1843,85630,0.01
7,87480,6700,1.0,8889,1843,85637,0.01
7,87487,6701,1.0,8890,1843,85644,0.01
7,87494,6702,1.0,8891,1843,85651,0.01
7,87501,6703,1.0,8892,1843,85658,0.01
7,87508,6704,1.0,8893,1843,85665,0.01
7,87515,6705,1.0,8894,1843,85672,0.01
7,87522,6706,1.0,8895,1843,85679,0.01
7,87529,6707,1.0,8896,1843,85686,0.01
7,87536,6708,1.0,8897,1843,85693,0.01
7,87543,6709,1.0,8898,1843,85700,0.01
7,87550,6710,1.0,8899,1843,85707,0.01
7,87557,6711,1.0,8900,1843,85714,0.01
7,87564,6712,1.0,8901,1843,85721,0.01
7,87571,6713,1.0,8902,1843,85728,0.01
7,87578,6714,1.0,8903,1843,85735,0.01
20,87598,6714,0.0,8904,1844,85754,0.01
7,87605,6715,1.0,8905,1844,85761,0.01
7,87612,6716,1.0,8906,1844,85768,0.01
7,87619,6717,1.0,8907,1844,85775,0.01
7,87626,6718,1.0,8908,1844,85782,0.01
7,87633,6718,0.0,8909,1845,85788,0.01
7,87640,6719,1.0,8910,1845,85795,0.01
20,87660,6719,0.0,8911,1846,85814,0.01
7,87667,6720,1.0,8912,1846,85821,0.01
7,87674,6721,1.0,8913,1846,85828,0.01
7,87681,6722,1.0,8914,1846,85835,0.01
7,87688,6723,1.0,8915,1846,85842,0.01
7,87695,6724,1.0,8916,1846,85849,0.01
7,87702,6725,1.0,8917,1846,85856,0.01
7,87709,6726,1.0,8918,1846,85863,0.01
7,87716,6727,1.0,8919,1846,85870,0.01
7,87723,6728,1.0,8920,1846,85877,0.01
7,87730,6729,1.0,8921,1846,85884,0.01
7,87737,6730,1.0,8922,1846,85891,0.01
7,87744,6731,1.0,8923,1846,85898,0.01
7,87751,6732,1.0,8924,1846,85905,0.01
7,87758,6733,1.0,8925,1846,85912,0.01
7,87765,6734,1.0,8926,1846,85919,0.01
7,87772,6735,1.0,8927,1846,85926,0.01
7,87779,6736,1.0,8928,1846,85933,0.01
7,87786,6737,1.0,8929,1846,85940,0.01
7,87793,6738,1.0,8930,1846,85947,0.01
7,87800,6739,1.0,8931,1846,85954,0.01
7,87807,6740,1.0,8932,1846,85961,0.01
7,87814,6741,1.0,8933,1846,85968,0.01
7,87821,6742,1.0,8934,1846,85975,0.01
7,87828,6743,1.0,8935,1846,85982,0.01
7,87835,6744,1.0,8936,1846,85989,0.01
2,87837,6744,0.0,8937,1847,85990,0.01
7,87844,6745,1.0,8938,1847,85997,0.01
7,87851,6746,1.0,8939,1847,86004,0.01
7,87858,6747,1.0,8940,1847,86011,0.01
4,87862,6747,0.0,8941,1848,86014,0.01
3,87865,6747,0.0,8942,1848,86017,0.01
7,87872,6748,1.0,8943,1848,86024,0.01
7,87879,6749,1.0,8944,1848,86031,0.01
7,87886,6750,1.0,8945,1848,86038,0.01
7,87893,6751,1.0,8946,1848,86045,0.01
7,87900,6752,1.0,8947,1848,86052,0.01
7,87907,6753,1.0,8948,1848,86059,0.01
7,87914,6754,1.0,8949,1848,86066,0.01
7,87921,6755,1.0,8950,1848,86073,0.01
7,87928,6756,1.0,8951,1848,86080,0.01
7,87935,6757,1.0,8952,1848,86087,0.01
7,87942,6758,1.0,8953,1848,86094,0.01
7,87949,6759,1.0,8954,1848,86101,0.01
32,87981,6759,0.0,8955,1849,86132,0.01
7,87988,6760,1.0,8956,1849,86139,0.01
7,87995,6761,1.0,8957,1849,86146,0.01
7,88002,6762,1.0,8958,1849,86153,0.01
7,88009,6763,1.0,8959,1849,86160,0.01
7,88016,6764,1.0,8960,1849,86167,0.01
7,88023,6765,1.0,8961,1849,86174,0.01
7,88030,6766,1.0,8962,1849,86181,0.01
7,88037,6767,1.0,8963,1849,86188,0.01
7,88044,6768,1.0,8964,1849,86195,0.01
7,88051,6769,1.0,8965,1849,86202,0.01
7,88058,6770,1.0,8966,1849,86209,0.01
7,88065,6771,1.0,8967,1849,86216,0.01
7,88072,6772,1.0,8968,1849,86223,0.01
7,88079,6773,1.0,8969,1849,86230,0.01
8,88087,6773,0.0,8970,1850,86237,0.01
7,88094,6774,1.0,8971,1850,86244,0.01
7,88101,6775,1.0,8972,1850,86251,0.01
7,88108,6776,1.0,8973,1850,86258,0.01
7,88115,6777,1.0,8974,1850,86265,0.01
7,88122,6778,1.0,8975,1850,86272,0.01
7,88129,6779,1.0,8976,1850,86279,0.01
7,88136,6780,1.0,8977,1850,86286,0.01
7,88143,6781,1.0,8978,1850,86293,0.01
7,88150,6782,1.0,8979,1850,86300,0.01
7,88157,6783,1.0,8980,1850,86307,0.01
7,88164,6784,1.0,8981,1850,86314,0.01
7,88171,6785,1.0,8982,1850,86321,0.01
7,88178,6786,1.0,8983,1850,86328,0.01
7,88185,6787,1.0,8984,1850,86335,0.01
7,88192,6788,1.0,8985,1850,86342,0.01
7,88199,6789,1.0,8986,1850,86349,0.01
7,88206,6790,1.0,8987,1850,86356,0.01
7,88213,6791,1.0,8988,1850,86363,0.01
7,88220,6792,1.0,8989,1850,86370,0.01
7,88227,6793,1.0,8990,1850,86377,0.01
7,88234,6794,1.0,8991,1850,86384,0.01
7,88241,6795,1.0,8992,1850,86391,0.01
7,88248,6796,1.0,8993,1850,86398,0.01
7,88255,6797,1.0,8994,1850,86405,0.01
7,88262,6798,1.0,8995,1850,86412,0.01
7,88269,6799,1.0,8996,1850,86419,0.01
7,88276,6800,1.0,8997,1850,86426,0.01
7,88283,6801,1.0,8998,1850,86433,0.01
7,88290,6802,1.0,8999,1850,86440,0.01
7,88297,6803,1.0,9000,1850,86447,0.01
7,88304,6804,1.0,9001,1850,86454,0.01
7,88311,6805,1.0,9002,1850,86461,0.01
7,88318,6806,1.0,9003,1850,86468,0.01
7,88325,6807,1.0,9004,1850,86475,0.01
7,88332,6808,1.0,9005,1850,86482,0.01
7,88339,6809,1.0,9006,1850,86489,0.01
7,88346,6810,1.0,9007,1850,86496,0.01
7,88353,6811,1.0,9008,1850,86503,0.01
7,88360,6812,1.0,9009,1850,86510,0.01
7,88367,6813,1.0,9010,1850,86517,0.01
7,88374,6814,1.0,9011,1850,86524,0.01
7,88381,6815,1.0,9012,1850,86531,0.01
7,88388,6816,1.0,9013,1850,86538,0.01
7,88395,6817,1.0,9014,1850,86545,0.01
7,88402,6818,1.0,9015,1850,86552,0.01
7,88409,6819,1.0,9016,1850,86559,0.01
7,88416,6820,1.0,9017,1850,86566,0.01
7,88423,6821,1.0,9018,1850,86573,0.01
7,88430,6822,1.0,9019,1850,86580,0.01
7,88437,6823,1.0,9020,1850,86587,0.01
7,88444,6824,1.0,9021,1850,86594,0.01
7,88451,6825,1.0,9022,1850,86601,0.01
7,88458,6826,1.0,9023,1850,86608,0.01
7,88465,6827,1.0,9024,1850,86615,0.01
7,88472,6828,1.0,9025,1850,86622,0.01
7,88479,6829,1.0,9026,1850,86629,0.01
7,88486,6830,1.0,9027,1850,86636,0.01
7,88493,6831,1.0,9028,1850,86643,0.01
7,88500,6832,1.0,9029,1850,86650,0.01
7,88507,6833,1.0,9030,1850,86657,0.01
7,88514,6834,1.0,9031,1850,86664,0.01
7,88521,6835,1.0,9032,1850,86671,0.01
7,88528,6836,1.0,9033,1850,86678,0.01
7,88535,6837,1.0,9034,1850,86685,0.01
7,88542,6838,1.0,9035,1850,86692,0.01
7,88549,6839,1.0,9036,1850,86699,0.01
7,88556,6840,1.0,9037,1850,86706,0.01
7,88563,6841,1.0,9038,1850,86713,0.01
7,88570,6842,1.0,9039,1850,86720,0.01
7,88577,6843,1.0,9040,1850,86727,0.01
7,88584,6844,1.0,9041,1850,86734,0.01
7,88591,6845,1.0,9042,1850,86741,0.01
7,88598,6846,1.0,9043,1850,86748,0.01
7,88605,6847,1.0,9044,1850,86755,0.01
7,88612,6848,1.0,9045,1850,86762,0.01
7,88619,6849,1.0,9046,1850,86769,0.01
7,88626,6850,1.0,9047,1850,86776,0.01
7,88633,6851,1.0,9048,1850,86783,0.01
7,88640,6852,1.0,9049,1850,86790,0.01
7,88647,6853,1.0,9050,1850,86797,0.01
7,88654,6854,1.0,9051,1850,86804,0.01
7,88661,6855,1.0,9052,1850,86811,0.01
7,88668,6856,1.0,9053,1850,86818,0.01
7,88675,6857,1.0,9054,1850,86825,0.01
7,88682,6858,1.0,9055,1850,86832,0.01
6,88688,6858,0.0,9056,1851,86837,0.01
7,88695,6859,1.0,9057,1851,86844,0.01
7,88702,6860,1.0,9058,1851,86851,0.01
6,88708,6860,0.0,9059,1852,86856,0.01
7,88715,6861,1.0,9060,1852,86863,0.01
7,88722,6862,1.0,9061,1852,86870,0.01
7,88729,6863,1.0,9062,1852,86877,0.01
7,88736,6864,1.0,9063,1852,86884,0.01
7,88743,6865,1.0,9064,1852,86891,0.01
7,88750,6866,1.0,9065,1852,86898,0.01
7,88757,6867,1.0,9066,1852,86905,0.01
7,88764,6868,1.0,9067,1852,86912,0.01
7,88771,6869,1.0,9068,1852,86919,0.01
7,88778,6870,1.0,9069,1852,86926,0.01
7,88785,6871,1.0,9070,1852,86933,0.01
7,88792,6872,1.0,9071,1852,86940,0.01
20,88812,6872,0.0,9072,1853,86959,0.01
7,88819,6873,1.0,9073,1853,86966,0.01
7,88826,6874,1.0,9074,1853,86973,0.01
7,88833,6875,1.0,9075,1853,86980,0.01
32,88865,6875,0.0,9076,1854,87011,0.01
7,88872,6876,1.0,9077,1855,87017,0.01
7,88879,6877,1.0,9078,1855,87024,0.01
7,88886,6878,1.0,9079,1855,87031,0.01
7,88893,6879,1.0,9080,1855,87038,0.01
8,88901,6880,1.0,9081,1856,87045,0.01
7,88908,6881,1.0,9082,1856,87052,0.01
32,88940,6881,0.0,9083,1857,87083,0.01
7,88947,6882,1.0,9084,1857,87090,0.01
7,88954,6883,1.0,9085,1857,87097,0.01
7,88961,6884,1.0,9086,1857,87104,0.01
7,88968,6885,1.0,9087,1857,87111,0.01
7,88975,6886,1.0,9088,1857,87118,0.01
3,88978,6886,0.0,9089,1858,87120,0.01
7,88985,6887,1.0,9090,1858,87127,0.01
7,88992,6888,1.0,9091,1858,87134,0.01
7,88999,6889,1.0,9092,1858,87141,0.01
7,89006,6890,1.0,9093,1858,87148,0.01
7,89013,6891,1.0,9094,1858,87155,0.01
7,89020,6892,1.0,9095,1858,87162,0.01
7,89027,6893,1.0,9096,1858,87169,0.01
7,89034,6894,1.0,9097,1858,87176,0.01
7,89041,6895,1.0,9098,1858,87183,0.01
7,89048,6896,1.0,9099,1858,87190,0.01
7,89055,6897,1.0,9100,1858,87197,0.01
7,89062,6898,1.0,9101,1858,87204,0.01
7,89069,6899,1.0,9102,1858,87211,0.01
7,89076,6900,1.0,9103,1858,87218,0.01
7,89083,6901,1.0,9104,1858,87225,0.01
7,89090,6902,1.0,9105,1858,87232,0.01
7,89097,6903,1.0,9106,1858,87239,0.01
8,89105,6904,1.0,9107,1859,87246,0.01
7,89112,6905,1.0,9108,1859,87253,0.01
7,89119,6906,1.0,9109,1859,87260,0.01
7,89126,6907,1.0,9110,1859,87267,0.01
7,89133,6908,1.0,9111,1859,87274,0.01
7,89140,6909,1.0,9112,1859,87281,0.01
7,89147,6910,1.0,9113,1859,87288,0.01
7,89154,6911,1.0,9114,1859,87295,0.01
7,89161,6912,1.0,9115,1859,87302,0.01
7,89168,6913,1.0,9116,1859,87309,0.01
7,89175,6914,1.0,9117,1859,87316,0.01
7,89182,6915,1.0,9118,1859,87323,0.01
7,89189,6916,1.0,9119,1859,87330,0.01
7,89196,6917,1.0,9120,1859,87337,0.01
7,89203,6918,1.0,9121,1859,87344,0.01
7,89210,6919,1.0,9122,1859,87351,0.01
7,89217,6920,1.0,9123,1859,87358,0.01
7,89224,6921,1.0,9124,1859,87365,0.01
7,89231,6922,1.0,9125,1859,87372,0.01
7,89238,6923,1.0,9126,1859,87379,0.01
7,89245,6924,1.0,9127,1859,87386,0.01
7,89252,6925,1.0,9128,1859,87393,0.01
7,89259,6926,1.0,9129,1859,87400,0.01
7,89266,6927,1.0,9130,1859,87407,0.01
7,89273,6928,1.0,9131,1859,87414,0.01
7,89280,6929,1.0,9132,1859,87421,0.01
7,89287,6930,1.0,9133,1860,87427,0.01
9,89296,6930,0.0,9134,1861,87435,0.01
31,89327,6930,0.0,9135,1861,87466,0.01
9,89336,6930,0.0,9136,1862,87474,0.01
12,89348,6930,0.0,9137,1863,87485,0.01
31,89379,6930,0.0,9138,1863,87516,0.01
5,89384,6930,0.0,9139,1864,87520,0.01
24,89408,6930,0.0,9140,1864,87544,0.01
20,89428,6930,0.0,9141,1864,87564,0.01
24,89452,6930,0.0,9142,1864,87588,0.01
17,89469,6931,1.0,9143,1864,87605,0.01
20,89489,6931,0.0,9144,1864,87625,0.01
10,89499,6931,0.0,9145,1864,87635,0.01
8,89507,6931,0.0,9146,1864,87643,0.01
20,89527,6931,0.0,9147,1865,87662,0.01
20,89547,6931,0.0,9148,1865,87682,0.01
4,89551,6931,0.0,9149,1865,87686,0.01
17,89568,6932,1.0,9150,1865,87703,0.01
20,89588,6932,0.0,9151,1865,87723,0.01
21,89609,6932,0.0,9152,1865,87744,0.01
2,89611,6932,0.0,9153,1865,87746,0.01
30,89641,6932,0.0,9154,1865,87776,0.01
16,89657,6933,1.0,9155,1865,87792,0.01
3,89660,6933,0.0,9156,1866,87794,0.01
22,89682,6933,0.0,9157,1866,87816,0.01
16,89698,6934,1.0,9158,1866,87832,0.01
17,89715,6935,1.0,9159,1866,87849,0.01
20,89735,6935,0.0,9160,1866,87869,0.01
20,89755,6935,0.0,9161,1866,87889,0.01
22,89777,6935,0.0,9162,1866,87911,0.01
22,89799,6935,0.0,9163,1866,87933,0.01
12,89811,6936,1.0,9164,1866,87945,0.01
12,89823,6937,1.0,9165,1866,87957,0.01
12,89835,6938,1.0,9166,1866,87969,0.01
12,89847,6939,1.0,9167,1866,87981,0.01
12,89859,6940,1.0,9168,1866,87993,0.01
12,89871,6941,1.0,9169,1866,88005,0.01
12,89883,6942,1.0,9170,1866,88017,0.01
12,89895,6943,1.0,9171,1866,88029,0.01
12,89907,6944,1.0,9172,1866,88041,0.01
12,89919,6945,1.0,9173,1866,88053,0.01
12,89931,6946,1.0,9174,1866,88065,0.01
12,89943,6947,1.0,9175,1866,88077,0.01
12,89955,6948,1.0,9176,1866,88089,0.01
12,89967,6949,1.0,9177,1866,88101,0.01
12,89979,6950,1.0,9178,1866,88113,0.01
12,89991,6951,1.0,9179,1866,88125,0.01
12,90003,6952,1.0,9180,1866,88137,0.01
12,90015,6953,1.0,9181,1866,88149,0.01
12,90027,6954,1.0,9182,1866,88161,0.01
12,90039,6955,1.0,9183,1866,88173,0.01
12,90051,6956,1.0,9184,1866,88185,0.01
12,90063,6957,1.0,9185,1866,88197,0.01
12,90075,6958,1.0,9186,1866,88209,0.01
12,90087,6959,1.0,9187,1866,88221,0.01
12,90099,6960,1.0,9188,1866,88233,0.01
12,90111,6961,1.0,9189,1866,88245,0.01
12,90123,6962,1.0,9190,1866,88257,0.01
12,90135,6963,1.0,9191,1866,88269,0.01
12,90147,6964,1.0,9192,1866,88281,0.01
12,90159,6965,1.0,9193,1866,88293,0.01
12,90171,6966,1.0,9194,1866,88305,0.01
12,90183,6967,1.0,9195,1866,88317,0.01
12,90195,6968,1.0,9196,1866,88329,0.01
5,90200,6968,0.0,9197,1867,88333,0.01
12,90212,6969,1.0,9198,1867,88345,0.01
12,90224,6970,1.0,9199,1867,88357,0.01
12,90236,6971,1.0,9200,1867,88369,0.01
12,90248,6972,1.0,9201,1867,88381,0.01
12,90260,6973,1.0,9202,1867,88393,0.01
12,90272,6974,1.0,9203,1867,88405,0.01
12,90284,6975,1.0,9204,1867,88417,0.01
12,90296,6976,1.0,9205,1867,88429,0.01
12,90308,6977,1.0,9206,1867,88441,0.01
12,90320,6978,1.0,9207,1867,88453,0.01
12,90332,6979,1.0,9208,1868,88464,0.01
12,90344,6980,1.0,9209,1868,88476,0.01
12,90356,6981,1.0,9210,1868,88488,0.01
12,90368,6982,1.0,9211,1868,88500,0.01
12,90380,6983,1.0,9212,1868,88512,0.01
12,90392,6984,1.0,9213,1869,88523,0.01
12,90404,6985,1.0,9214,1869,88535,0.01
12,90416,6986,1.0,9215,1869,88547,0.01
3,90419,6986,0.0,9216,1870,88549,0.01
12,90431,6987,1.0,9217,1870,88561,0.01
12,90443,6988,1.0,9218,1870,88573,0.01
12,90455,6989,1.0,9219,1870,88585,0.01
12,90467,6990,1.0,9220,1870,88597,0.01
12,90479,6991,1.0,9221,1870,88609,0.01
12,90491,6992,1.0,9222,1870,88621,0.01
12,90503,6993,1.0,9223,1870,88633,0.01
12,90515,6994,1.0,9224,1870,88645,0.01
25,90540,6994,0.0,9225,1871,88669,0.01
12,90552,6995,1.0,9226,1871,88681,0.01
12,90564,6996,1.0,9227,1871,88693,0.01
12,90576,6997,1.0,9228,1871,88705,0.01
12,90588,6998,1.0,9229,1871,88717,0.01
12,90600,6999,1.0,9230,1871,88729,0.01
12,90612,7000,1.0,9231,1871,88741,0.01
12,90624,7001,1.0,9232,1871,88753,0.01
12,90636,7002,1.0,9233,1871,88765,0.01
12,90648,7003,1.0,9234,1871,88777,0.01
12,90660,7004,1.0,9235,1871,88789,0.01
12,90672,7005,1.0,9236,1871,88801,0.01
12,90684,7006,1.0,9237,1871,88813,0.01
12,90696,7007,1.0,9238,1871,88825,0.01
12,90708,7008,1.0,9239,1871,88837,0.01
12,90720,7009,1.0,9240,1871,88849,0.01
12,90732,7010,1.0,9241,1871,88861,0.01
12,90744,7011,1.0,9242,1871,88873,0.01
12,90756,7012,1.0,9243,1871,88885,0.01
12,90768,7013,1.0,9244,1871,88897,0.01
25,90793,7013,0.0,9245,1872,88921,0.01
12,90805,7014,1.0,9246,1872,88933,0.01
25,90830,7014,0.0,9247,1872,88958,0.01
12,90842,7015,1.0,9248,1872,88970,0.01
12,90854,7016,1.0,9249,1872,88982,0.01
12,90866,7017,1.0,9250,1872,88994,0.01
6,90872,7017,0.0,9251,1873,88999,0.01
12,90884,7018,1.0,9252,1873,89011,0.01
12,90896,7019,1.0,9253,1874,89022,0.01
12,90908,7020,1.0,9254,1874,89034,0.01
14,90922,7020,0.0,9255,1875,89047,0.01
12,90934,7021,1.0,9256,1875,89059,0.01
9,90943,7021,0.0,9257,1876,89067,0.01
15,90958,7021,0.0,9258,1877,89081,0.01
9,90967,7021,0.0,9259,1877,89090,0.01
10,90977,7022,1.0,9260,1877,89100,0.01
22,90999,7022,0.0,9261,1877,89122,0.01
22,91021,7022,0.0,9262,1877,89144,0.01
24,91045,7022,0.0,9263,1878,89167,0.01
12,91057,7023,1.0,9264,1878,89179,0.01
12,91069,7024,1.0,9265,1878,89191,0.01
12,91081,7025,1.0,9266,1878,89203,0.01
12,91093,7026,1.0,9267,1878,89215,0.01
12,91105,7027,1.0,9268,1878,89227,0.01
12,91117,7028,1.0,9269,1878,89239,0.01
12,91129,7029,1.0,9270,1878,89251,0.01
12,91141,7030,1.0,9271,1878,89263,0.01
12,91153,7031,1.0,9272,1878,89275,0.01
12,91165,7032,1.0,9273,1878,89287,0.01
12,91177,7033,1.0,9274,1879,89298,0.01
12,91189,7034,1.0,9275,1879,89310,0.01
12,91201,7035,1.0,9276,1879,89322,0.01
12,91213,7036,1.0,9277,1879,89334,0.01
12,91225,7037,1.0,9278,1879,89346,0.01
12,91237,7038,1.0,9279,1879,89358,0.01
12,91249,7039,1.0,9280,1879,89370,0.01
12,91261,7040,1.0,9281,1879,89382,0.01
12,91273,7041,1.0,9282,1879,89394,0.01
12,91285,7042,1.0,9283,1879,89406,0.01
12,91297,7043,1.0,9284,1879,89418,0.01
12,91309,7044,1.0,9285,1879,89430,0.01
12,91321,7045,1.0,9286,1879,89442,0.01
12,91333,7046,1.0,9287,1879,89454,0.01
12,91345,7047,1.0,9288,1880,89465,0.01
12,91357,7048,1.0,9289,1880,89477,0.01
12,91369,7049,1.0,9290,1880,89489,0.01
12,91381,7050,1.0,9291,1880,89501,0.01
12,91393,7051,1.0,9292,1880,89513,0.01
8,91401,7052,1.0,9293,1881,89520,0.01
7,91408,7053,1.0,9294,1881,89527,0.01
7,91415,7054,1.0,9295,1881,89534,0.01
7,91422,7055,1.0,9296,1881,89541,0.01
7,91429,7056,1.0,9297,1881,89548,0.01
7,91436,7057,1.0,9298,1881,89555,0.01
7,91443,7058,1.0,9299,1881,89562,0.01
7,91450,7059,1.0,9300,1881,89569,0.01
7,91457,7060,1.0,9301,1881,89576,0.01
7,91464,7061,1.0,9302,1881,89583,0.01
7,91471,7062,1.0,9303,1881,89590,0.01
7,91478,7063,1.0,9304,1881,89597,0.01
7,91485,7064,1.0,9305,1881,89604,0.01
7,91492,7065,1.0,9306,1881,89611,0.01
7,91499,7066,1.0,9307,1881,89618,0.01
7,91506,7067,1.0,9308,1881,89625,0.01
5,91511,7067,0.0,9309,1882,89629,0.01
7,91518,7068,1.0,9310,1882,89636,0.01
8,91526,7069,1.0,9311,1883,89643,0.01
7,91533,7070,1.0,9312,1883,89650,0.01
7,91540,7071,1.0,9313,1883,89657,0.01
7,91547,7072,1.0,9314,1883,89664,0.01
7,91554,7073,1.0,9315,1883,89671,0.01
7,91561,7074,1.0,9316,1883,89678,0.01
7,91568,7075,1.0,9317,1883,89685,0.01
7,91575,7076,1.0,9318,1883,89692,0.01
7,91582,7077,1.0,9319,1883,89699,0.01
7,91589,7078,1.0,9320,1883,89706,0.01
7,91596,7078,0.0,9321,1884,89712,0.01
7,91603,7079,1.0,9322,1884,89719,0.01
7,91610,7080,1.0,9323,1884,89726,0.01
7,91617,7081,1.0,9324,1884,89733,0.01
7,91624,7082,1.0,9325,1884,89740,0.01
7,91631,7083,1.0,9326,1884,89747,0.01
7,91638,7084,1.0,9327,1884,89754,0.01
7,91645,7085,1.0,9328,1884,89761,0.01
7,91652,7086,1.0,9329,1884,89768,0.01
7,91659,7087,1.0,9330,1884,89775,0.01
7,91666,7088,1.0,9331,1884,89782,0.01
7,91673,7089,1.0,9332,1884,89789,0.01
7,91680,7090,1.0,9333,1884,89796,0.01
7,91687,7091,1.0,9334,1884,89803,0.01
7,91694,7092,1.0,9335,1884,89810,0.01
7,91701,7093,1.0,9336,1884,89817,0.01
7,91708,7094,1.0,9337,1884,89824,0.01
7,91715,7095,1.0,9338,1884,89831,0.01
7,91722,7096,1.0,9339,1885,89837,0.01
7,91729,7097,1.0,9340,1885,89844,0.01
7,91736,7098,1.0,9341,1885,89851,0.01
7,91743,7099,1.0,9342,1885,89858,0.01
7,91750,7100,1.0,9343,1885,89865,0.01
7,91757,7101,1.0,9344,1885,89872,0.01
7,91764,7102,1.0,9345,1885,89879,0.01
7,91771,7103,1.0,9346,1885,89886,0.01
7,91778,7104,1.0,9347,1885,89893,0.01
7,91785,7105,1.0,9348,1885,89900,0.01
7,91792,7106,1.0,9349,1885,89907,0.01
7,91799,7107,1.0,9350,1885,89914,0.01
7,91806,7108,1.0,9351,1885,89921,0.01
7,91813,7109,1.0,9352,1885,89928,0.01
7,91820,7110,1.0,9353,1885,89935,0.01
7,91827,7111,1.0,9354,1885,89942,0.01
7,91834,7112,1.0,9355,1885,89949,0.01
7,91841,7113,1.0,9356,1885,89956,0.01
7,91848,7114,1.0,9357,1885,89963,0.01
7,91855,7115,1.0,9358,1885,89970,0.01
7,91862,7116,1.0,9359,1885,89977,0.01
7,91869,7117,1.0,9360,1885,89984,0.01
2,91871,7117,0.0,9361,1886,89985,0.01
7,91878,7118,1.0,9362,1886,89992,0.01
7,91885,7119,1.0,9363,1886,89999,0.01
7,91892,7120,1.0,9364,1886,90006,0.01
7,91899,7121,1.0,9365,1886,90013,0.01
7,91906,7122,1.0,9366,1886,90020,0.01
7,91913,7123,1.0,9367,1886,90027,0.01
7,91920,7124,1.0,9368,1886,90034,0.01
7,91927,7125,1.0,9369,1886,90041,0.01
7,91934,7126,1.0,9370,1886,90048,0.01
7,91941,7127,1.0,9371,1886,90055,0.01
7,91948,7128,1.0,9372,1886,90062,0.01
7,91955,7129,1.0,9373,1886,90069,0.01
7,91962,7130,1.0,9374,1886,90076,0.01
7,91969,7131,1.0,9375,1886,90083,0.01
7,91976,7132,1.0,9376,1886,90090,0.01
7,91983,7133,1.0,9377,1886,90097,0.01
7,91990,7134,1.0,9378,1886,90104,0.01
7,91997,7135,1.0,9379,1886,90111,0.01
7,92004,7136,1.0,9380,1886,90118,0.01
5,92009,7136,0.0,9381,1887,90122,0.01
5,92014,7136,0.0,9382,1888,90126,0.01
7,92021,7137,1.0,9383,1888,90133,0.01
11,92032,7138,1.0,9384,1889,90143,0.01
7,92039,7139,1.0,9385,1889,90150,0.01
7,92046,7140,1.0,9386,1889,90157,0.01
7,92053,7141,1.0,9387,1889,90164,0.01
7,92060,7142,1.0,9388,1889,90171,0.01
7,92067,7143,1.0,9389,1889,90178,0.01
7,92074,7144,1.0,9390,1889,90185,0.01
7,92081,7145,1.0,9391,1889,90192,0.01
7,92088,7146,1.0,9392,1889,90199,0.01
7,92095,7147,1.0,9393,1889,90206,0.01
7,92102,7148,1.0,9394,1889,90213,0.01
7,92109,7149,1.0,9395,1889,90220,0.01
7,92116,7150,1.0,9396,1889,90227,0.01
7,92123,7151,1.0,9397,1889,90234,0.01
7,92130,7152,1.0,9398,1889,90241,0.01
31,92161,7152,0.0,9399,1890,90271,0.01
7,92168,7153,1.0,9400,1890,90278,0.01
7,92175,7154,1.0,9401,1890,90285,0.01
7,92182,7155,1.0,9402,1890,90292,0.01
7,92189,7156,1.0,9403,1890,90299,0.01
7,92196,7157,1.0,9404,1890,90306,0.01
7,92203,7158,1.0,9405,1890,90313,0.01
7,92210,7159,1.0,9406,1890,90320,0.01
7,92217,7160,1.0,9407,1890,90327,0.01
7,92224,7161,1.0,9408,1890,90334,0.01
7,92231,7162,1.0,9409,1890,90341,0.01
7,92238,7163,1.0,9410,1890,90348,0.01
7,92245,7164,1.0,9411,1890,90355,0.01
7,92252,7165,1.0,9412,1890,90362,0.01
7,92259,7166,1.0,9413,1890,90369,0.01
7,92266,7167,1.0,9414,1890,90376,0.01
7,92273,7168,1.0,9415,1890,90383,0.01
7,92280,7169,1.0,9416,1890,90390,0.01
7,92287,7170,1.0,9417,1890,90397,0.01
7,92294,7171,1.0,9418,1890,90404,0.01
7,92301,7172,1.0,9419,1890,90411,0.01
7,92308,7173,1.0,9420,1890,90418,0.01
7,92315,7174,1.0,9421,1890,90425,0.01
7,92322,7175,1.0,9422,1890,90432,0.01
7,92329,7176,1.0,9423,1890,90439,0.01
7,92336,7177,1.0,9424,1890,90446,0.01
7,92343,7178,1.0,9425,1890,90453,0.01
7,92350,7179,1.0,9426,1890,90460,0.01
7,92357,7180,1.0,9427,1890,90467,0.01
7,92364,7181,1.0,9428,1890,90474,0.01
7,92371,7182,1.0,9429,1890,90481,0.01
7,92378,7183,1.0,9430,1890,90488,0.01
7,92385,7184,1.0,9431,1890,90495,0.01
7,92392,7185,1.0,9432,1890,90502,0.01
7,92399,7186,1.0,9433,1890,90509,0.01
7,92406,7187,1.0,9434,1890,90516,0.01
7,92413,7188,1.0,9435,1890,90523,0.01
3,92416,7188,0.0,9436,1891,90525,0.01
7,92423,7189,1.0,9437,1891,90532,0.01
7,92430,7190,1.0,9438,1891,90539,0.01
7,92437,7191,1.0,9439,1891,90546,0.01
7,92444,7192,1.0,9440,1891,90553,0.01
7,92451,7193,1.0,9441,1891,90560,0.01
7,92458,7194,1.0,9442,1891,90567,0.01
7,92465,7195,1.0,9443,1891,90574,0.01
7,92472,7196,1.0,9444,1891,90581,0.01
7,92479,7197,1.0,9445,1891,90588,0.01
7,92486,7198,1.0,9446,1891,90595,0.01
7,92493,7199,1.0,9447,1891,90602,0.01
7,92500,7200,1.0,9448,1891,90609,0.01
7,92507,7201,1.0,9449,1891,90616,0.01
7,92514,7202,1.0,9450,1891,90623,0.01
7,92521,7203,1.0,9451,1891,90630,0.01
7,92528,7204,1.0,9452,1891,90637,0.01
7,92535,7205,1.0,9453,1891,90644,0.01
7,92542,7206,1.0,9454,1891,90651,0.01
7,92549,7207,1.0,9455,1891,90658,0.01
7,92556,7208,1.0,9456,1891,90665,0.01
7,92563,7209,1.0,9457,1891,90672,0.01
7,92570,7210,1.0,9458,1891,90679,0.01
7,92577,7211,1.0,9459,1891,90686,0.01
7,92584,7212,1.0,9460,1891,90693,0.01
7,92591,7213,1.0,9461,1891,90700,0.01
7,92598,7214,1.0,9462,1891,90707,0.01
7,92605,7215,1.0,9463,1891,90714,0.01
7,92612,7216,1.0,9464,1891,90721,0.01
7,92619,7217,1.0,9465,1891,90728,0.01
7,92626,7217,0.0,9466,1892,90734,0.01
7,92633,7218,1.0,9467,1892,90741,0.01
7,92640,7219,1.0,9468,1892,90748,0.01
7,92647,7220,1.0,9469,1892,90755,0.01
7,92654,7221,1.0,9470,1892,90762,0.01
7,92661,7222,1.0,9471,1892,90769,0.01
7,92668,7223,1.0,9472,1892,90776,0.01
7,92675,7224,1.0,9473,1892,90783,0.01
7,92682,7225,1.0,9474,1892,90790,0.01
7,92689,7226,1.0,9475,1892,90797,0.01
7,92696,7227,1.0,9476,1892,90804,0.01
7,92703,7228,1.0,9477,1892,90811,0.01
7,92710,7229,1.0,9478,1892,90818,0.01
7,92717,7230,1.0,9479,1892,90825,0.01
7,92724,7231,1.0,9480,1892,90832,0.01
7,92731,7232,1.0,9481,1892,90839,0.01
7,92738,7233,1.0,9482,1892,90846,0.01
7,92745,7234,1.0,9483,1892,90853,0.01
7,92752,7235,1.0,9484,1892,90860,0.01
7,92759,7236,1.0,9485,1892,90867,0.01
7,92766,7237,1.0,9486,1892,90874,0.01
7,92773,7238,1.0,9487,1892,90881,0.01
7,92780,7239,1.0,9488,1892,90888,0.01
7,92787,7240,1.0,9489,1892,90895,0.01
7,92794,7241,1.0,9490,1892,90902,0.01
7,92801,7242,1.0,9491,1892,90909,0.01
17,92818,7243,1.0,9492,1893,90925,0.01
12,92830,7244,1.0,9493,1893,90937,0.01
15,92845,7244,0.0,9494,1893,90952,0.01
7,92852,7244,0.0,9495,1893,90959,0.01
7,92859,7244,0.0,9496,1893,90966,0.01
8,92867,7245,1.0,9497,1893,90974,0.01
7,92874,7246,1.0,9498,1893,90981,0.01
18,92892,7246,0.0,9499,1894,90998,0.01
7,92899,7247,1.0,9500,1894,91005,0.01
27,92926,7247,0.0,9501,1896,91030,0.01
7,92933,7248,1.0,9502,1896,91037,0.01
7,92940,7249,1.0,9503,1896,91044,0.01
7,92947,7250,1.0,9504,1896,91051,0.01
7,92954,7251,1.0,9505,1896,91058,0.01
7,92961,7252,1.0,9506,1896,91065,0.01
18,92979,7252,0.0,9507,1897,91082,0.01
7,92986,7253,1.0,9508,1897,91089,0.01
7,92993,7254,1.0,9509,1897,91096,0.01
4,92997,7254,0.0,9510,1898,91099,0.01
7,93004,7255,1.0,9511,1898,91106,0.01
3,93007,7255,0.0,9512,1898,91109,0.01
7,93014,7256,1.0,9513,1898,91116,0.01
7,93021,7257,1.0,9514,1898,91123,0.01
7,93028,7258,1.0,9515,1898,91130,0.01
7,93035,7259,1.0,9516,1898,91137,0.01
7,93042,7260,1.0,9517,1898,91144,0.01
7,93049,7261,1.0,9518,1898,91151,0.01
7,93056,7262,1.0,9519,1898,91158,0.01
7,93063,7263,1.0,9520,1898,91165,0.01
7,93070,7264,1.0,9521,1898,91172,0.01
7,93077,7265,1.0,9522,1898,91179,0.01
7,93084,7266,1.0,9523,1898,91186,0.01
7,93091,7267,1.0,9524,1898,91193,0.01
7,93098,7268,1.0,9525,1898,91200,0.01
7,93105,7269,1.0,9526,1898,91207,0.01
7,93112,7270,1.0,9527,1898,91214,0.01
7,93119,7271,1.0,9528,1898,91221,0.01
7,93126,7272,1.0,9529,1898,91228,0.01
7,93133,7273,1.0,9530,1898,91235,0.01
7,93140,7274,1.0,9531,1898,91242,0.01
7,93147,7275,1.0,9532,1898,91249,0.01
7,93154,7276,1.0,9533,1898,91256,0.01
9,93163,7276,0.0,9534,1899,91264,0.01
6,93169,7276,0.0,9535,1900,91269,0.01
38,93207,7276,0.0,9536,1901,91306,0.01
19,93226,7276,0.0,9537,1901,91325,0.01
20,93246,7276,0.0,9538,1901,91345,0.01
34,93280,7277,1.0,9539,1901,91379,0.01
25,93305,7277,0.0,9540,1901,91404,0.01
4,93309,7277,0.0,9541,1901,91408,0.01
4,93313,7277,0.0,9542,1901,91412,0.01
4,93317,7277,0.0,9543,1901,91416,0.01
4,93321,7277,0.0,9544,1901,91420,0.01
4,93325,7277,0.0,9545,1901,91424,0.01
4,93329,7277,0.0,9546,1901,91428,0.01
4,93333,7277,0.0,9547,1901,91432,0.01
4,93337,7277,0.0,9548,1901,91436,0.01
23,93360,7277,0.0,9549,1901,91459,0.01
20,93380,7277,0.0,9550,1902,91478,0.01
15,93395,7277,0.0,9551,1902,91493,0.01
10,93405,7277,0.0,9552,1902,91503,0.01
11,93416,7277,0.0,9553,1903,91513,0.01
18,93434,7277,0.0,9554,1904,91530,0.01
6,93440,7277,0.0,9555,1904,91536,0.01
10,93450,7277,0.0,9556,1904,91546,0.01
9,93459,7277,0.0,9557,1904,91555,0.01
21,93480,7278,1.0,9558,1904,91576,0.01
21,93501,7279,1.0,9559,1904,91597,0.01
21,93522,7280,1.0,9560,1904,91618,0.01
20,93542,7280,0.0,9561,1905,91637,0.01
21,93563,7281,1.0,9562,1905,91658,0.01
21,93584,7282,1.0,9563,1905,91679,0.01
21,93605,7283,1.0,9564,1905,91700,0.01
16,93621,7283,0.0,9565,1906,91715,0.01
21,93642,7284,1.0,9566,1906,91736,0.01
21,93663,7285,1.0,9567,1906,91757,0.01
21,93684,7286,1.0,9568,1906,91778,0.01
21,93705,7287,1.0,9569,1907,91798,0.01
21,93726,7288,1.0,9570,1907,91819,0.01
21,93747,7289,1.0,9571,1907,91840,0.01
21,93768,7290,1.0,9572,1907,91861,0.01
21,93789,7291,1.0,9573,1907,91882,0.01
21,93810,7292,1.0,9574,1907,91903,0.01
21,93831,7293,1.0,9575,1907,91924,0.01
21,93852,7294,1.0,9576,1907,91945,0.01
21,93873,7295,1.0,9577,1907,91966,0.01
21,93894,7296,1.0,9578,1907,91987,0.01
21,93915,7297,1.0,9579,1907,92008,0.01
21,93936,7298,1.0,9580,1907,92029,0.01
20,93956,7298,0.0,9581,1908,92048,0.01
21,93977,7299,1.0,9582,1908,92069,0.01
21,93998,7300,1.0,9583,1908,92090,0.01
21,94019,7301,1.0,9584,1908,92111,0.01
21,94040,7302,1.0,9585,1908,92132,0.01
21,94061,7303,1.0,9586,1908,92153,0.01
21,94082,7304,1.0,9587,1908,92174,0.01
21,94103,7305,1.0,9588,1908,92195,0.01
21,94124,7306,1.0,9589,1908,92216,0.01
21,94145,7307,1.0,9590,1908,92237,0.01
3,94148,7307,0.0,9591,1909,92239,0.01
21,94169,7308,1.0,9592,1909,92260,0.01
21,94190,7309,1.0,9593,1909,92281,0.01
16,94206,7309,0.0,9594,1910,92296,0.01
21,94227,7310,1.0,9595,1910,92317,0.01
21,94248,7311,1.0,9596,1910,92338,0.01
21,94269,7312,1.0,9597,1911,92358,0.01
18,94287,7312,0.0,9598,1912,92375,0.01
21,94308,7313,1.0,9599,1912,92396,0.01
21,94329,7314,1.0,9600,1912,92417,0.01
21,94350,7315,1.0,9601,1912,92438,0.01
21,94371,7316,1.0,9602,1912,92459,0.01
21,94392,7317,1.0,9603,1912,92480,0.01
21,94413,7318,1.0,9604,1912,92501,0.01
21,94434,7319,1.0,9605,1912,92522,0.01
21,94455,7320,1.0,9606,1913,92542,0.01
11,94466,7320,0.0,9607,1913,92553,0.01
21,94487,7321,1.0,9608,1914,92573,0.01
21,94508,7322,1.0,9609,1914,92594,0.01
21,94529,7323,1.0,9610,1914,92615,0.01
20,94549,7323,0.0,9611,1915,92634,0.01
13,94562,7323,0.0,9612,1915,92647,0.01
13,94575,7323,0.0,9613,1915,92660,0.01
13,94588,7323,0.0,9614,1915,92673,0.01
20,94608,7323,0.0,9615,1915,92693,0.01
19,94627,7323,0.0,9616,1915,92712,0.01
21,94648,7324,1.0,9617,1915,92733,0.01
21,94669,7325,1.0,9618,1915,92754,0.01
21,94690,7326,1.0,9619,1916,92774,0.01
2,94692,7326,0.0,9620,1917,92775,0.01
21,94713,7327,1.0,9621,1917,92796,0.01
21,94734,7328,1.0,9622,1917,92817,0.01
21,94755,7329,1.0,9623,1917,92838,0.01
21,94776,7330,1.0,9624,1917,92859,0.01
21,94797,7331,1.0,9625,1917,92880,0.01
21,94818,7332,1.0,9626,1917,92901,0.01
21,94839,7333,1.0,9627,1917,92922,0.01
20,94859,7333,0.0,9628,1918,92941,0.01
21,94880,7334,1.0,9629,1918,92962,0.01
21,94901,7335,1.0,9630,1918,92983,0.01
21,94922,7336,1.0,9631,1918,93004,0.01
21,94943,7337,1.0,9632,1918,93025,0.01
21,94964,7338,1.0,9633,1918,93046,0.01
21,94985,7339,1.0,9634,1918,93067,0.01
21,95006,7340,1.0,9635,1918,93088,0.01
21,95027,7341,1.0,9636,1918,93109,0.01
21,95048,7342,1.0,9637,1918,93130,0.01
16,95064,7342,0.0,9638,1920,93144,0.01
21,95085,7343,1.0,9639,1920,93165,0.01
16,95101,7343,0.0,9640,1920,93181,0.01
21,95122,7344,1.0,9641,1920,93202,0.01
21,95143,7345,1.0,9642,1920,93223,0.01
21,95164,7345,0.0,9643,1921,93243,0.01
3,95167,7345,0.0,9644,1922,93245,0.01
21,95188,7345,0.0,9645,1922,93266,0.01
26,95214,7345,0.0,9646,1923,93291,0.01
19,95233,7345,0.0,9647,1923,93310,0.01
22,95255,7345,0.0,9648,1923,93332,0.01
18,95273,7345,0.0,9649,1923,93350,0.01
20,95293,7345,0.0,9650,1923,93370,0.01
20,95313,7345,0.0,9651,1923,93390,0.01
12,95325,7345,0.0,9652,1924,93401,0.01
8,95333,7345,0.0,9653,1924,93409,0.01
18,95351,7345,0.0,9654,1925,93426,0.01
21,95372,7345,0.0,9655,1925,93447,0.01
27,95399,7345,0.0,9656,1925,93474,0.01
18,95417,7346,1.0,9657,1926,93491,0.01
7,95424,7346,0.0,9658,1926,93498,0.01
13,95437,7346,0.0,9659,1927,93510,0.01
26,95463,7346,0.0,9660,1927,93536,0.01
20,95483,7346,0.0,9661,1927,93556,0.01
18,95501,7346,0.0,9662,1927,93574,0.01
27,95528,7346,0.0,9663,1927,93601,0.01
8,95536,7346,0.0,9664,1927,93609,0.01
13,95549,7346,0.0,9665,1927,93622,0.01
27,95576,7346,0.0,9666,1927,93649,0.01
18,95594,7347,1.0,9667,1928,93666,0.01
13,95607,7347,0.0,9668,1928,93679,0.01
13,95620,7347,0.0,9669,1928,93692,0.01
13,95633,7347,0.0,9670,1928,93705,0.01
27,95660,7347,0.0,9671,1929,93731,0.01
15,95675,7347,0.0,9672,1929,93746,0.01
13,95688,7347,0.0,9673,1929,93759,0.01
14,95702,7347,0.0,9674,1931,93771,0.01
3,95705,7347,0.0,9675,1931,93774,0.01
8,95713,7347,0.0,9676,1931,93782,0.01
13,95726,7347,0.0,9677,1931,93795,0.01
12,95738,7347,0.0,9678,1931,93807,0.01
18,95756,7348,1.0,9679,1931,93825,0.01
14,95770,7349,1.0,9680,1932,93838,0.01
14,95784,7350,1.0,9681,1932,93852,0.01
14,95798,7351,1.0,9682,1932,93866,0.01
14,95812,7352,1.0,9683,1932,93880,0.01
14,95826,7353,1.0,9684,1932,93894,0.01
14,95840,7354,1.0,9685,1933,93907,0.01
8,95848,7354,0.0,9686,1934,93914,0.01
13,95861,7355,1.0,9687,1934,93927,0.01
14,95875,7356,1.0,9688,1934,93941,0.01
14,95889,7357,1.0,9689,1934,93955,0.01
14,95903,7358,1.0,9690,1934,93969,0.01
14,95917,7359,1.0,9691,1934,93983,0.01
14,95931,7360,1.0,9692,1935,93996,0.01
8,95939,7360,0.0,9693,1935,94004,0.01
8,95947,7360,0.0,9694,1935,94012,0.01
8,95955,7360,0.0,9695,1935,94020,0.01
14,95969,7361,1.0,9696,1935,94034,0.01
14,95983,7361,0.0,9697,1936,94047,0.01
12,95995,7361,0.0,9698,1936,94059,0.01
22,96017,7361,0.0,9699,1936,94081,0.01
9,96026,7361,0.0,9700,1936,94090,0.01
8,96034,7361,0.0,9701,1936,94098,0.01
14,96048,7362,1.0,9702,1936,94112,0.01
9,96057,7362,0.0,9703,1936,94121,0.01
12,96069,7362,0.0,9704,1936,94133,0.01
39,96108,7362,0.0,9705,1936,94172,0.01
8,96116,7362,0.0,9706,1936,94180,0.01
14,96130,7363,1.0,9707,1936,94194,0.01
13,96143,7364,1.0,9708,1936,94207,0.01
9,96152,7365,1.0,9709,1936,94216,0.01
9,96161,7365,0.0,9710,1937,94224,0.01
9,96170,7366,1.0,9711,1937,94233,0.01
13,96183,7366,0.0,9712,1938,94245,0.01
9,96192,7367,1.0,9713,1938,94254,0.01
9,96201,7368,1.0,9714,1938,94263,0.01
9,96210,7369,1.0,9715,1938,94272,0.01
9,96219,7370,1.0,9716,1939,94280,0.01
9,96228,7371,1.0,9717,1939,94289,0.01
9,96237,7372,1.0,9718,1939,94298,0.01
9,96246,7373,1.0,9719,1939,94307,0.01
9,96255,7374,1.0,9720,1939,94316,0.01
9,96264,7375,1.0,9721,1939,94325,0.01
9,96273,7376,1.0,9722,1939,94334,0.01
9,96282,7377,1.0,9723,1939,94343,0.01
9,96291,7378,1.0,9724,1939,94352,0.01
9,96300,7379,1.0,9725,1939,94361,0.01
9,96309,7380,1.0,9726,1939,94370,0.01
9,96318,7381,1.0,9727,1939,94379,0.01
9,96327,7382,1.0,9728,1939,94388,0.01
9,96336,7383,1.0,9729,1939,94397,0.01
9,96345,7384,1.0,9730,1939,94406,0.01
9,96354,7385,1.0,9731,1939,94415,0.01
9,96363,7386,1.0,9732,1939,94424,0.01
9,96372,7387,1.0,9733,1939,94433,0.01
9,96381,7388,1.0,9734,1939,94442,0.01
9,96390,7389,1.0,9735,1939,94451,0.01
9,96399,7390,1.0,9736,1939,94460,0.01
9,96408,7391,1.0,9737,1939,94469,0.01
9,96417,7392,1.0,9738,1939,94478,0.01
9,96426,7393,1.0,9739,1939,94487,0.01
9,96435,7394,1.0,9740,1939,94496,0.01
9,96444,7395,1.0,9741,1939,94505,0.01
9,96453,7396,1.0,9742,1939,94514,0.01
9,96462,7396,0.0,9743,1941,94521,0.01
9,96471,7397,1.0,9744,1941,94530,0.01
9,96480,7398,1.0,9745,1941,94539,0.01
9,96489,7398,0.0,9746,1942,94547,0.01
14,96503,7399,1.0,9747,1942,94561,0.01
9,96512,7400,1.0,9748,1942,94570,0.01
9,96521,7401,1.0,9749,1942,94579,0.01
9,96530,7402,1.0,9750,1942,94588,0.01
6,96536,7402,0.0,9751,1943,94593,0.01
9,96545,7403,1.0,9752,1943,94602,0.01
9,96554,7404,1.0,9753,1943,94611,0.01
9,96563,7405,1.0,9754,1944,94619,0.01
9,96572,7406,1.0,9755,1944,94628,0.01
9,96581,7407,1.0,9756,1944,94637,0.01
9,96590,7408,1.0,9757,1944,94646,0.01
9,96599,7409,1.0,9758,1944,94655,0.01
9,96608,7410,1.0,9759,1944,94664,0.01
9,96617,7411,1.0,9760,1944,94673,0.01
9,96626,7412,1.0,9761,1944,94682,0.01
9,96635,7413,1.0,9762,1944,94691,0.01
9,96644,7414,1.0,9763,1944,94700,0.01
9,96653,7415,1.0,9764,1945,94708,0.01
13,96666,7415,0.0,9765,1946,94720,0.01
9,96675,7416,1.0,9766,1946,94729,0.01
9,96684,7417,1.0,9767,1946,94738,0.01
9,96693,7418,1.0,9768,1946,94747,0.01
9,96702,7419,1.0,9769,1946,94756,0.01
9,96711,7420,1.0,9770,1946,94765,0.01
9,96720,7421,1.0,9771,1946,94774,0.01
9,96729,7422,1.0,9772,1946,94783,0.01
9,96738,7423,1.0,9773,1946,94792,0.01
15,96753,7423,0.0,9774,1946,94807,0.01
14,96767,7424,1.0,9775,1946,94821,0.01
13,96780,7424,0.0,9776,1946,94834,0.01
9,96789,7425,1.0,9777,1946,94843,0.01
9,96798,7426,1.0,9778,1946,94852,0.01
9,96807,7427,1.0,9779,1946,94861,0.01
9,96816,7428,1.0,9780,1946,94870,0.01
9,96825,7429,1.0,9781,1946,94879,0.01
9,96834,7430,1.0,9782,1946,94888,0.01
9,96843,7431,1.0,9783,1946,94897,0.01
9,96852,7432,1.0,9784,1946,94906,0.01
9,96861,7433,1.0,9785,1946,94915,0.01
9,96870,7434,1.0,9786,1946,94924,0.01
9,96879,7435,1.0,9787,1946,94933,0.01
9,96888,7436,1.0,9788,1946,94942,0.01
9,96897,7437,1.0,9789,1946,94951,0.01
9,96906,7438,1.0,9790,1946,94960,0.01
9,96915,7439,1.0,9791,1946,94969,0.01
9,96924,7440,1.0,9792,1946,94978,0.01
8,96932,7440,0.0,9793,1948,94984,0.01
9,96941,7441,1.0,9794,1948,94993,0.01
9,96950,7442,1.0,9795,1948,95002,0.01
9,96959,7443,1.0,9796,1948,95011,0.01
9,96968,7444,1.0,9797,1948,95020,0.01
9,96977,7445,1.0,9798,1948,95029,0.01
6,96983,7445,0.0,9799,1949,95034,0.01
9,96992,7446,1.0,9800,1949,95043,0.01
9,97001,7447,1.0,9801,1949,95052,0.01
9,97010,7448,1.0,9802,1949,95061,0.01
8,97018,7448,0.0,9803,1950,95068,0.01
9,97027,7449,1.0,9804,1950,95077,0.01
9,97036,7450,1.0,9805,1950,95086,0.01
9,97045,7451,1.0,9806,1950,95095,0.01
9,97054,7452,1.0,9807,1950,95104,0.01
9,97063,7453,1.0,9808,1950,95113,0.01
9,97072,7454,1.0,9809,1950,95122,0.01
9,97081,7455,1.0,9810,1950,95131,0.01
9,97090,7456,1.0,9811,1950,95140,0.01
9,97099,7457,1.0,9812,1950,95149,0.01
9,97108,7458,1.0,9813,1950,95158,0.01
9,97117,7458,0.0,9814,1951,95166,0.01
9,97126,7459,1.0,9815,1951,95175,0.01
9,97135,7460,1.0,9816,1951,95184,0.01
9,97144,7461,1.0,9817,1951,95193,0.01
9,97153,7462,1.0,9818,1951,95202,0.01
9,97162,7463,1.0,9819,1951,95211,0.01
9,97171,7464,1.0,9820,1951,95220,0.01
36,97207,7465,1.0,9821,1952,95255,0.01
6,97213,7465,0.0,9822,1952,95261,0.01
13,97226,7465,0.0,9823,1952,95274,0.01
22,97248,7465,0.0,9824,1953,95295,0.01
2,97250,7465,0.0,9825,1953,95297,0.01
14,97264,7466,1.0,9826,1953,95311,0.01
14,97278,7467,1.0,9827,1953,95325,0.01
9,97287,7468,1.0,9828,1953,95334,0.01
9,97296,7469,1.0,9829,1953,95343,0.01
9,97305,7470,1.0,9830,1953,95352,0.01
9,97314,7471,1.0,9831,1953,95361,0.01
9,97323,7472,1.0,9832,1953,95370,0.01
9,97332,7473,1.0,9833,1953,95379,0.01
9,97341,7474,1.0,9834,1953,95388,0.01
9,97350,7475,1.0,9835,1953,95397,0.01
9,97359,7476,1.0,9836,1953,95406,0.01
9,97368,7477,1.0,9837,1953,95415,0.01
9,97377,7478,1.0,9838,1953,95424,0.01
22,97399,7478,0.0,9839,1955,95444,0.01
9,97408,7479,1.0,9840,1955,95453,0.01
9,97417,7480,1.0,9841,1955,95462,0.01
9,97426,7481,1.0,9842,1955,95471,0.01
9,97435,7482,1.0,9843,1955,95480,0.01
9,97444,7483,1.0,9844,1955,95489,0.01
9,97453,7484,1.0,9845,1955,95498,0.01
9,97462,7485,1.0,9846,1955,95507,0.01
9,97471,7486,1.0,9847,1955,95516,0.01
9,97480,7487,1.0,9848,1955,95525,0.01
9,97489,7488,1.0,9849,1955,95534,0.01
9,97498,7489,1.0,9850,1955,95543,0.01
9,97507,7490,1.0,9851,1955,95552,0.01
9,97516,7491,1.0,9852,1955,95561,0.01
9,97525,7492,1.0,9853,1955,95570,0.01
9,97534,7493,1.0,9854,1956,95578,0.01
9,97543,7494,1.0,9855,1956,95587,0.01
9,97552,7495,1.0,9856,1956,95596,0.01
9,97561,7496,1.0,9857,1956,95605,0.01
9,97570,7497,1.0,9858,1956,95614,0.01
9,97579,7498,1.0,9859,1956,95623,0.01
9,97588,7499,1.0,9860,1956,95632,0.01
9,97597,7500,1.0,9861,1956,95641,0.01
9,97606,7501,1.0,9862,1956,95650,0.01
9,97615,7502,1.0,9863,1956,95659,0.01
9,97624,7503,1.0,9864,1956,95668,0.01
9,97633,7504,1.0,9865,1956,95677,0.01
9,97642,7505,1.0,9866,1956,95686,0.01
9,97651,7506,1.0,9867,1956,95695,0.01
9,97660,7507,1.0,9868,1956,95704,0.01
9,97669,7508,1.0,9869,1956,95713,0.01
9,97678,7509,1.0,9870,1956,95722,0.01
9,97687,7510,1.0,9871,1956,95731,0.01
9,97696,7511,1.0,9872,1956,95740,0.01
9,97705,7512,1.0,9873,1956,95749,0.01
9,97714,7513,1.0,9874,1956,95758,0.01
9,97723,7513,0.0,9875,1957,95766,0.01
9,97732,7514,1.0,9876,1957,95775,0.01
9,97741,7515,1.0,9877,1957,95784,0.01
9,97750,7516,1.0,9878,1957,95793,0.01
9,97759,7517,1.0,9879,1957,95802,0.01
27,97786,7517,0.0,9880,1958,95828,0.01
9,97795,7518,1.0,9881,1958,95837,0.01
9,97804,7519,1.0,9882,1958,95846,0.01
8,97812,7519,0.0,9883,1959,95853,0.01
9,97821,7520,1.0,9884,1959,95862,0.01
6,97827,7520,0.0,9885,1960,95867,0.01
9,97836,7521,1.0,9886,1960,95876,0.01
9,97845,7522,1.0,9887,1960,95885,0.01
9,97854,7523,1.0,9888,1960,95894,0.01
9,97863,7524,1.0,9889,1960,95903,0.01
9,97872,7525,1.0,9890,1960,95912,0.01
9,97881,7526,1.0,9891,1960,95921,0.01
9,97890,7527,1.0,9892,1960,95930,0.01
9,97899,7528,1.0,9893,1960,95939,0.01
9,97908,7529,1.0,9894,1960,95948,0.01
9,97917,7530,1.0,9895,1960,95957,0.01
13,97930,7530,0.0,9896,1961,95969,0.01
9,97939,7531,1.0,9897,1961,95978,0.01
9,97948,7532,1.0,9898,1961,95987,0.01
9,97957,7533,1.0,9899,1961,95996,0.01
9,97966,7534,1.0,9900,1961,96005,0.01
9,97975,7535,1.0,9901,1961,96014,0.01
9,97984,7536,1.0,9902,1961,96023,0.01
9,97993,7537,1.0,9903,1961,96032,0.01
9,98002,7538,1.0,9904,1961,96041,0.01
9,98011,7539,1.0,9905,1961,96050,0.01
9,98020,7540,1.0,9906,1961,96059,0.01
9,98029,7541,1.0,9907,1961,96068,0.01
9,98038,7542,1.0,9908,1961,96077,0.01
9,98047,7543,1.0,9909,1961,96086,0.01
9,98056,7544,1.0,9910,1961,96095,0.01
9,98065,7545,1.0,9911,1961,96104,0.01
9,98074,7546,1.0,9912,1961,96113,0.01
9,98083,7547,1.0,9913,1961,96122,0.01
9,98092,7548,1.0,9914,1961,96131,0.01
9,98101,7549,1.0,9915,1961,96140,0.01
9,98110,7550,1.0,9916,1961,96149,0.01
9,98119,7551,1.0,9917,1961,96158,0.01
9,98128,7552,1.0,9918,1961,96167,0.01
9,98137,7553,1.0,9919,1961,96176,0.01
9,98146,7554,1.0,9920,1961,96185,0.01
9,98155,7555,1.0,9921,1961,96194,0.01
9,98164,7556,1.0,9922,1961,96203,0.01
9,98173,7557,1.0,9923,1961,96212,0.01
9,98182,7558,1.0,9924,1961,96221,0.01
9,98191,7559,1.0,9925,1961,96230,0.01
9,98200,7560,1.0,9926,1961,96239,0.01
6,98206,7560,0.0,9927,1962,96244,0.01
9,98215,7561,1.0,9928,1962,96253,0.01
9,98224,7562,1.0,9929,1962,96262,0.01
9,98233,7563,1.0,9930,1962,96271,0.01
9,98242,7564,1.0,9931,1962,96280,0.01
9,98251,7565,1.0,9932,1962,96289,0.01
9,98260,7566,1.0,9933,1962,96298,0.01
9,98269,7567,1.0,9934,1962,96307,0.01
9,98278,7568,1.0,9935,1962,96316,0.01
9,98287,7569,1.0,9936,1962,96325,0.01
9,98296,7570,1.0,9937,1962,96334,0.01
9,98305,7571,1.0,9938,1962,96343,0.01
9,98314,7572,1.0,9939,1962,96352,0.01
9,98323,7573,1.0,9940,1962,96361,0.01
9,98332,7574,1.0,9941,1962,96370,0.01
9,98341,7575,1.0,9942,1962,96379,0.01
9,98350,7576,1.0,9943,1962,96388,0.01
9,98359,7577,1.0,9944,1962,96397,0.01
9,98368,7578,1.0,9945,1962,96406,0.01
9,98377,7579,1.0,9946,1962,96415,0.01
9,98386,7580,1.0,9947,1963,96423,0.01
9,98395,7581,1.0,9948,1963,96432,0.01
9,98404,7582,1.0,9949,1963,96441,0.01
9,98413,7583,1.0,9950,1963,96450,0.01
9,98422,7584,1.0,9951,1963,96459,0.01
9,98431,7585,1.0,9952,1963,96468,0.01
7,98438,7585,0.0,9953,1964,96474,0.01
9,98447,7586,1.0,9954,1964,96483,0.01
9,98456,7587,1.0,9955,1964,96492,0.01
9,98465,7588,1.0,9956,1964,96501,0.01
9,98474,7589,1.0,9957,1964,96510,0.01
9,98483,7590,1.0,9958,1964,96519,0.01
9,98492,7591,1.0,9959,1964,96528,0.01
5,98497,7591,0.0,9960,1965,96532,0.01
9,98506,7592,1.0,9961,1965,96541,0.01
9,98515,7593,1.0,9962,1965,96550,0.01
9,98524,7594,1.0,9963,1965,96559,0.01
9,98533,7595,1.0,9964,1965,96568,0.01
9,98542,7596,1.0,9965,1965,96577,0.01
9,98551,7597,1.0,9966,1965,96586,0.01
9,98560,7598,1.0,9967,1965,96595,0.01
13,98573,7598,0.0,9968,1966,96607,0.01
9,98582,7599,1.0,9969,1966,96616,0.01
9,98591,7600,1.0,9970,1966,96625,0.01
9,98600,7601,1.0,9971,1966,96634,0.01
9,98609,7602,1.0,9972,1966,96643,0.01
9,98618,7603,1.0,9973,1966,96652,0.01
9,98627,7604,1.0,9974,1966,96661,0.01
9,98636,7605,1.0,9975,1967,96669,0.01
9,98645,7606,1.0,9976,1967,96678,0.01
9,98654,7607,1.0,9977,1967,96687,0.01
8,98662,7607,0.0,9978,1968,96694,0.01
9,98671,7608,1.0,9979,1968,96703,0.01
9,98680,7609,1.0,9980,1968,96712,0.01
9,98689,7610,1.0,9981,1968,96721,0.01
9,98698,7611,1.0,9982,1968,96730,0.01
9,98707,7612,1.0,9983,1968,96739,0.01
9,98716,7613,1.0,9984,1968,96748,0.01
9,98725,7614,1.0,9985,1968,96757,0.01
9,98734,7615,1.0,9986,1968,96766,0.01
9,98743,7616,1.0,9987,1968,96775,0.01
9,98752,7617,1.0,9988,1968,96784,0.01
9,98761,7618,1.0,9989,1968,96793,0.01
9,98770,7619,1.0,9990,1968,96802,0.01
9,98779,7620,1.0,9991,1968,96811,0.01
9,98788,7621,1.0,9992,1968,96820,0.01
9,98797,7622,1.0,9993,1968,96829,0.01
9,98806,7623,1.0,9994,1968,96838,0.01
9,98815,7624,1.0,9995,1968,96847,0.01
9,98824,7625,1.0,9996,1968,96856,0.01
9,98833,7626,1.0,9997,1968,96865,0.01
9,98842,7627,1.0,9998,1968,96874,0.01
9,98851,7628,1.0,9999,1968,96883,0.01
9,98860,7629,1.0,10000,1968,96892,0.01
9,98869,7630,1.0,10001,1968,96901,0.01
2,98871,7630,0.0,10002,1969,96902,0.01
13,98884,7630,0.0,10003,1970,96914,0.01
9,98893,7631,1.0,10004,1970,96923,0.01
9,98902,7632,1.0,10005,1970,96932,0.01
9,98911,7633,1.0,10006,1970,96941,0.01
7,98918,7633,0.0,10007,1971,96947,0.01
9,98927,7633,0.0,10008,1971,96956,0.01
9,98936,7634,1.0,10009,1971,96965,0.01
14,98950,7635,1.0,10010,1971,96979,0.01
4,98954,7635,0.0,10011,1972,96982,0.01
22,98976,7635,0.0,10012,1973,97003,0.01
8,98984,7635,0.0,10013,1974,97010,0.01
22,99006,7635,0.0,10014,1974,97032,0.01
13,99019,7635,0.0,10015,1974,97045,0.01
25,99044,7635,0.0,10016,1974,97070,0.01
17,99061,7635,0.0,10017,1974,97087,0.01
8,99069,7635,0.0,10018,1974,97095,0.01
18,99087,7635,0.0,10019,1974,97113,0.01
26,99113,7635,0.0,10020,1974,97139,0.01
15,99128,7635,0.0,10021,1974,97154,0.01
13,99141,7636,1.0,10022,1974,97167,0.01
13,99154,7636,0.0,10023,1974,97180,0.01
19,99173,7636,0.0,10024,1974,97199,0.01
14,99187,7637,1.0,10025,1975,97212,0.01
14,99201,7638,1.0,10026,1975,97226,0.01
14,99215,7639,1.0,10027,1975,97240,0.01
14,99229,7640,1.0,10028,1975,97254,0.01
14,99243,7641,1.0,10029,1975,97268,0.01
14,99257,7642,1.0,10030,1975,97282,0.01
14,99271,7643,1.0,10031,1975,97296,0.01
14,99285,7644,1.0,10032,1975,97310,0.01
14,99299,7645,1.0,10033,1975,97324,0.01
14,99313,7646,1.0,10034,1975,97338,0.01
14,99327,7647,1.0,10035,1975,97352,0.01
14,99341,7648,1.0,10036,1975,97366,0.01
14,99355,7649,1.0,10037,1975,97380,0.01
14,99369,7650,1.0,10038,1976,97393,0.01
14,99383,7651,1.0,10039,1976,97407,0.01
14,99397,7652,1.0,10040,1976,97421,0.01
14,99411,7653,1.0,10041,1976,97435,0.01
14,99425,7654,1.0,10042,1976,97449,0.01
14,99439,7655,1.0,10043,1976,97463,0.01
14,99453,7655,0.0,10044,1977,97476,0.01
14,99467,7656,1.0,10045,1977,97490,0.01
14,99481,7657,1.0,10046,1977,97504,0.01
14,99495,7658,1.0,10047,1977,97518,0.01
14,99509,7659,1.0,10048,1977,97532,0.01
14,99523,7660,1.0,10049,1977,97546,0.01
31,99554,7660,0.0,10050,1978,97576,0.01
14,99568,7661,1.0,10051,1978,97590,0.01
14,99582,7662,1.0,10052,1978,97604,0.01
14,99596,7663,1.0,10053,1979,97617,0.01
14,99610,7663,0.0,10054,1980,97630,0.01
14,99624,7664,1.0,10055,1980,97644,0.01
14,99638,7665,1.0,10056,1980,97658,0.01
14,99652,7666,1.0,10057,1980,97672,0.01
14,99666,7667,1.0,10058,1980,97686,0.01
14,99680,7668,1.0,10059,1980,97700,0.01
14,99694,7669,1.0,10060,1980,97714,0.01
54,99748,7670,1.0,10061,1982,97766,0.01
14,99762,7670,0.0,10062,1982,97780,0.01
14,99776,7670,0.0,10063,1983,97793,0.01
14,99790,7670,0.0,10064,1983,97807,0.01
13,99803,7670,0.0,10065,1983,97820,0.01
14,99817,7670,0.0,10066,1983,97834,0.01
23,99840,7670,0.0,10067,1984,97856,0.01
10,99850,7670,0.0,10068,1984,97866,0.01
10,99860,7670,0.0,10069,1984,97876,0.01
13,99873,7670,0.0,10070,1984,97889,0.01
10,99883,7670,0.0,10071,1984,97899,0.01
9,99892,7670,0.0,10072,1984,97908,0.01
9,99901,7670,0.0,10073,1984,97917,0.01
9,99910,7670,0.0,10074,1984,97926,0.01
13,99923,7670,0.0,10075,1984,97939,0.01
6,99929,7670,0.0,10076,1984,97945,0.01
21,99950,7670,0.0,10077,1984,97966,0.01
14,99964,7670,0.0,10078,1984,97980,0.01
9,99973,7670,0.0,10079,1984,97989,0.01
22,99995,7670,0.0,10080,1984,98011,0.01
