iteration,successes,successes_episode,reward_episode,episode_count,random_act,timestep,epsilon
11,11,0,0.0,1,11,0,1.0
2,13,0,0.0,2,13,0,0.9901493354116764
8,21,0,0.0,3,21,0,0.9803966865736877
2,23,0,0.0,4,23,0,0.970741078213023
16,39,0,0.0,5,39,0,0.9611815447608
8,47,0,0.0,6,46,1,0.9517171302557069
31,78,0,0.0,7,77,1,0.9423468882484062
9,87,0,0.0,8,86,1,0.9330698817068888
4,91,0,0.0,9,90,1,0.9238851829227694
3,94,0,0.0,10,93,1,0.9147918734185159
6,100,0,0.0,11,98,2,0.9057890438555999
5,105,0,0.0,12,102,3,0.896875793943563
14,119,0,0.0,13,115,4,0.888051232349986
7,126,0,0.0,14,121,5,0.8793144766113556
4,130,0,0.0,15,124,6,0.8706646530448178
36,166,0,0.0,16,156,10,0.8621008966608072
3,169,0,0.0,17,159,10,0.8536223510765493
3,172,0,0.0,18,162,10,0.8452281684304199
19,191,0,0.0,19,179,12,0.8369175092971592
5,196,0,0.0,20,182,14,0.8286895426039287
5,201,0,0.0,21,186,15,0.820543445547202
14,215,0,0.0,22,199,16,0.8124784035104852
4,219,0,0.0,23,202,17,0.8044936099828537
9,228,0,0.0,24,209,19,0.7965882664783007
9,237,0,0.0,25,217,20,0.7887615824558879
14,251,0,0.0,26,226,25,0.7810127752406908
9,260,0,0.0,27,233,27,0.7733410699455306
9,269,0,0.0,28,239,30,0.7657456993934846
4,273,0,0.0,29,242,31,0.7582259040411682
5,278,0,0.0,30,247,31,0.7507809319027796
15,293,0,0.0,31,257,36,0.7434100384749007
12,305,0,0.0,32,266,39,0.7361124866620463
8,313,0,0.0,33,272,41,0.7288875467029541
9,322,0,0.0,34,279,43,0.7217344960976069
12,334,0,0.0,35,289,45,0.7146526195349836
4,338,0,0.0,36,292,46,0.7076412088215263
3,341,0,0.0,37,295,46,0.7006995628103208
8,349,0,0.0,38,299,50,0.6938269873309811
16,365,0,0.0,39,310,55,0.6870227951202322
3,368,0,0.0,40,313,55,0.680286305753183
4,372,0,0.0,41,316,56,0.6736168455752829
6,378,0,0.0,42,318,60,0.6670137476349562
7,385,0,0.0,43,324,61,0.6604763516169062
4,389,0,0.0,44,327,62,0.6540040037760834
3,392,0,0.0,45,330,62,0.64759605687231
7,399,0,0.0,46,333,66,0.6412518701055556
3,402,0,0.0,47,335,67,0.6349708090518567
5,407,0,0.0,48,338,69,0.6287522455998737
9,416,0,0.0,49,344,72,0.6225955578880794
3,419,0,0.0,50,346,73,0.616500130242572
6,425,0,0.0,51,349,76,0.6104653531155071
13,438,0,0.0,52,358,80,0.6044906230241432
12,450,0,0.0,53,363,87,0.5985753424904925
11,461,0,0.0,54,370,91,0.5927189199815717
14,475,0,0.0,55,378,97,0.5869207698502498
2,477,0,0.0,56,380,97,0.5811803122766818
4,481,0,0.0,57,384,97,0.5754969732103268
4,485,0,0.0,58,386,99,0.5698701843125418
6,491,0,0.0,59,388,103,0.564299382899748
5,496,0,0.0,60,391,105,0.558784011887162
12,508,0,0.0,61,396,112,0.5533235197330862
8,516,0,0.0,62,402,114,0.5479173603837548
4,520,0,0.0,63,405,115,0.5425649932187278
6,526,0,0.0,64,409,117,0.5372658829968282
6,532,0,0.0,65,413,119,0.5320194998026181
6,538,0,0.0,66,416,122,0.5268253189934059
7,545,0,0.0,67,420,125,0.5216828211467822
5,550,0,0.0,68,421,129,0.516591492008677
15,565,0,0.0,69,427,138,0.5115508224419336
6,571,0,0.0,70,429,142,0.5065603083753949
8,579,0,0.0,71,432,147,0.5016194507534953
7,586,0,0.0,72,436,150,0.49672775548635545
27,613,0,0.0,73,449,164,0.491884733400372
16,629,0,0.0,74,460,169,0.48708990018930043
2,631,0,0.0,75,462,169,0.48234277636582407
17,648,0,0.0,76,472,176,0.47764288721360454
41,689,0,0.0,77,491,198,0.47298976273981014
36,725,0,0.0,78,508,217,0.4683829376281158
10,735,0,0.0,79,511,224,0.4638219511921713
7,742,0,0.0,80,516,226,0.4593063473295323
5,747,0,0.0,81,518,229,0.45483567447604933
10,757,0,0.0,82,523,234,0.4504094855607117
6,763,0,0.0,83,524,239,0.44602733796093924
8,771,0,0.0,84,526,245,0.4416887934583202
14,785,0,0.0,85,530,255,0.43739341819478894
8,793,0,0.0,86,533,260,0.43314078262923944
9,802,0,0.0,87,539,263,0.4289304614945713
7,809,0,0.0,88,542,267,0.42476203375516264
10,819,0,0.0,89,546,273,0.42063508256476556
14,833,0,0.0,90,551,282,0.41654919522482203
8,841,0,0.0,91,555,286,0.4125039631431931
18,859,0,0.0,92,564,295,0.40849898179329963
5,864,0,0.0,93,567,297,0.404533850673669
15,879,0,0.0,94,568,311,0.40060817326788506
14,893,0,0.0,95,576,317,0.3967215570049359
4,897,0,0.0,96,578,319,0.3928736132199562
14,911,0,0.0,97,584,327,0.38906395711536096
15,926,0,0.0,98,588,338,0.38529220772236483
4,930,0,0.0,99,590,340,0.3815579878628856
15,945,0,0.0,100,592,353,0.37786092411182526
5,950,0,0.0,101,594,356,0.3742006467597279
15,965,0,0.0,102,601,364,0.3705767897758081
5,970,0,0.0,103,604,366,0.3669889907713475
11,981,0,0.0,104,609,372,0.36343689096345594
6,987,0,0.0,105,611,376,0.35992013513919235
8,995,0,0.0,106,615,380,0.35643837162004377
9,1004,0,0.0,107,617,387,0.3529912522267568
6,1010,0,0.0,108,618,392,0.34957843224451957
6,1016,0,0.0,109,620,396,0.34619957038848975
8,1024,0,0.0,110,623,401,0.34285432876966604
10,1034,0,0.0,111,627,407,0.3395423728610988
9,1043,0,0.0,112,631,412,0.3362633714644372
14,1057,0,0.0,113,635,422,0.33301699667680906
33,1090,0,0.0,114,644,446,0.3298029238580304
20,1110,0,0.0,115,653,457,0.3266208315981408
5,1115,0,0.0,116,656,459,0.32347040168526264
2,1117,0,0.0,117,658,459,0.3203513190737793
15,1132,0,0.0,118,665,467,0.3172632718528302
6,1138,0,0.0,119,667,471,0.31420595121511996
15,1153,0,0.0,120,673,480,0.311179051426037
7,1160,0,0.0,121,676,484,0.3081822697930801
7,1167,0,0.0,122,678,489,0.3052153066355885
9,1176,0,0.0,123,680,496,0.30227786525477407
6,1182,0,0.0,124,682,500,0.29936965190405085
15,1197,0,0.0,125,684,513,0.29649037575966014
14,1211,0,0.0,126,685,526,0.29363974889158817
6,1217,0,0.0,127,686,531,0.2908174862347727
25,1242,0,0.0,128,692,550,0.28802330556059597
5,1247,0,0.0,129,694,553,0.2852569274486622
15,1262,0,0.0,130,696,566,0.2825180752588548
15,1277,0,0.0,131,701,576,0.27980647510367246
6,1283,0,0.0,132,703,580,0.2771218558208399
7,1290,0,0.0,133,707,583,0.27446394894619186
15,1305,0,0.0,134,710,595,0.27183248868682575
12,1317,0,0.0,135,712,605,0.26922721189452276
9,1326,0,0.0,136,714,612,0.2666478580394326
4,1330,0,0.0,137,715,615,0.26409416918402034
15,1345,0,0.0,138,718,627,0.26156588995727226
6,1351,0,0.0,139,719,632,0.2590627675291589
6,1357,0,0.0,140,721,636,0.2565845515853515
27,1384,0,0.0,141,725,659,0.2541309943021904
7,1391,0,0.0,142,726,665,0.25170185032190273
6,1397,0,0.0,143,729,668,0.24929687672806608
15,1412,0,0.0,144,733,679,0.246915833021317
15,1427,0,0.0,145,735,692,0.24455848109530054
8,1435,0,0.0,146,739,696,0.2422245852128597
6,1441,0,0.0,147,740,701,0.23991391198246126
6,1447,0,0.0,148,742,705,0.2376262303348566
6,1453,0,0.0,149,745,708,0.2353613114999746
8,1461,0,0.0,150,747,714,0.23311892898404435
7,1468,0,0.0,151,749,719,0.23089885854694553
4,1472,0,0.0,152,751,721,0.22870087817978443
12,1484,0,0.0,153,755,729,0.22652476808269262
15,1499,0,0.0,154,758,741,0.22437031064284702
12,1511,0,0.0,155,760,751,0.22223729041270818
15,1526,0,0.0,156,767,759,0.22012549408847562
52,1578,0,0.0,157,775,803,0.21803471048875708
2,1580,0,0.0,158,777,803,0.21596473053345028
12,1592,0,0.0,159,778,814,0.21391534722283462
45,1637,0,0.0,160,786,851,0.2118863556168713
19,1656,0,0.0,161,794,862,0.20987755281470882
34,1690,0,0.0,162,800,890,0.20788873793439305
15,1705,0,0.0,163,802,903,0.2059197120927785
9,1714,0,0.0,164,805,909,0.20397027838564025
11,1725,0,0.0,165,808,917,0.20204024186798297
15,1740,0,0.0,166,812,928,0.20012940953454655
34,1774,0,0.0,167,817,957,0.1982375903005053
11,1785,0,0.0,168,821,964,0.19636459498235934
15,1800,0,0.0,169,822,978,0.19451023627901587
15,1815,0,0.0,170,825,990,0.19267432875305937
4,1819,0,0.0,171,827,992,0.19085668881220733
12,1831,0,0.0,172,830,1001,0.1890571346909509
7,1838,0,0.0,173,831,1007,0.1872754864323783
4,1842,0,0.0,174,832,1010,0.18551156587017906
27,1869,0,0.0,175,834,1035,0.1837651966108269
15,1884,0,0.0,176,834,1050,0.1820362040159407
11,1895,0,0.0,177,839,1056,0.18032441518482004
38,1933,0,0.0,178,845,1088,0.17862965893715535
11,1944,0,0.0,179,848,1096,0.17695176579590954
4,1948,0,0.0,180,850,1098,0.1752905679703703
15,1963,0,0.0,181,852,1111,0.17364589933937066
4,1967,0,0.0,182,853,1114,0.172017595434677
19,1986,0,0.0,183,860,1126,0.17040549342454195
36,2022,0,0.0,184,864,1158,0.16880943209742102
15,2037,0,0.0,185,866,1171,0.16722925184585147
13,2050,0,0.0,186,870,1180,0.16566479465049133
4,2054,0,0.0,187,872,1182,0.16411590406431734
12,2066,0,0.0,188,875,1191,0.1625824251969801
10,2076,0,0.0,189,876,1200,0.16106420469931504
38,2114,0,0.0,190,882,1232,0.15956109074800714
15,2129,0,0.0,191,885,1244,0.1580729330304087
15,2144,0,0.0,192,886,1258,0.15659958272950783
14,2158,0,0.0,193,888,1270,0.15514089250904667
6,2164,0,0.0,194,889,1275,0.1536967164987875
15,2179,0,0.0,195,890,1289,0.1522669102799259
17,2196,0,0.0,196,893,1303,0.15085133087064845
12,2208,0,0.0,197,895,1313,0.14944983671183457
15,2223,0,0.0,198,895,1328,0.14806228765290044
8,2231,0,0.0,199,896,1335,0.1466885449377839
15,2246,0,0.0,200,897,1349,0.14532847119106862
2,2248,0,0.0,201,899,1349,0.1439819304042466
15,2263,0,0.0,202,899,1364,0.14264878792211688
10,2273,0,0.0,203,900,1373,0.1413289104293205
15,2288,0,0.0,204,900,1388,0.14002216593700811
15,2303,0,0.0,205,901,1402,0.13872842376964165
15,2318,0,0.0,206,902,1416,0.1374475545519262
6,2324,0,0.0,207,904,1420,0.13617943019587256
15,2339,0,0.0,208,907,1432,0.13492392388798838
18,2357,0,0.0,209,909,1448,0.13368091007659658
8,2365,0,0.0,210,910,1455,0.1324502644592803
19,2384,0,0.0,211,915,1469,0.13123186397045208
11,2395,0,0.0,212,917,1478,0.13002558676904785
15,2410,0,0.0,213,919,1491,0.12883131222634217
15,2425,0,0.0,214,920,1505,0.12764892091388555
6,2431,0,0.0,215,921,1510,0.1264782945915614
15,2446,0,0.0,216,922,1524,0.125319316195762
15,2461,0,0.0,217,924,1537,0.12417186982768189
14,2475,0,0.0,218,926,1549,0.12303584074172813
37,2512,0,0.0,219,931,1581,0.12191111533404535
15,2527,0,0.0,220,933,1594,0.12079758113115559
11,2538,0,0.0,221,936,1602,0.11969512677871053
6,2544,0,0.0,222,937,1607,0.11860364203035628
16,2560,0,0.0,223,938,1622,0.11752301773670837
6,2566,0,0.0,224,939,1627,0.116453145834437
14,2580,0,0.0,225,940,1640,0.11539391933546027
15,2595,0,0.0,226,941,1654,0.11434523231624569
11,2606,0,0.0,227,943,1663,0.11330697990721733
12,2618,0,0.0,228,944,1674,0.1122790582822692
15,2633,0,0.0,229,944,1689,0.11126136464838206
16,2649,0,0.0,230,947,1702,0.11025379723534455
15,2664,0,0.0,231,947,1717,0.10925625528557566
12,2676,0,0.0,232,948,1728,0.1082686390440492
15,2691,0,0.0,233,948,1743,0.10729084974831793
14,2705,0,0.0,234,951,1754,0.10632278961863742
7,2712,0,0.0,235,953,1759,0.10536436184818809
44,2756,0,0.0,236,959,1797,0.10441547059339411
10,2766,0,0.0,237,960,1806,0.10347602096433932
15,2781,0,0.0,238,961,1820,0.10254591901527788
44,2825,0,0.0,239,965,1860,0.10162507173523985
15,2840,0,0.0,240,966,1874,0.10071338703872978
15,2855,0,0.0,241,968,1887,0.09981077375651838
10,2865,0,0.0,242,970,1895,0.09891714162652515
8,2873,0,0.0,243,971,1902,0.09803240128479247
6,2879,0,0.0,244,973,1906,0.09715646425654882
8,2887,0,0.0,245,974,1913,0.09628924294736148
10,2897,0,0.0,246,975,1922,0.09543065063437678
15,2912,0,0.0,247,977,1935,0.09458060145764802
15,2927,0,0.0,248,978,1949,0.09373901041154904
10,2937,0,0.0,249,982,1955,0.092905793336274
4,2941,0,0.0,250,984,1957,0.09208086690942092
15,2956,0,0.0,251,985,1971,0.0912641486376598
44,3000,0,0.0,252,986,2014,0.09045555684848275
6,3006,0,0.0,253,987,2019,0.08965501068203711
15,3021,0,0.0,254,989,2032,0.08886243008303903
7,3028,0,0.0,255,990,2038,0.08807773579276819
15,3043,0,0.0,256,992,2051,0.08730084934114159
4,3047,0,0.0,257,994,2053,0.08653169303886674
50,3097,0,0.0,258,999,2098,0.0857701899696724
15,3112,0,0.0,259,1000,2112,0.08501626398261702
15,3127,0,0.0,260,1001,2126,0.0842698396844737
15,3142,0,0.0,261,1002,2140,0.08353084243219053
6,3148,0,0.0,262,1003,2145,0.08279919832542652
6,3154,0,0.0,263,1004,2150,0.08207483419916123
15,3169,0,0.0,264,1005,2164,0.08135767761637844
15,3184,0,0.0,265,1005,2179,0.08064765686082219
15,3199,0,0.0,266,1008,2191,0.0799447009298253
4,3203,0,0.0,267,1009,2194,0.0792487395272088
15,3218,0,0.0,268,1009,2209,0.07855970305625253
15,3233,0,0.0,269,1011,2222,0.07787752261273513
14,3247,0,0.0,270,1013,2234,0.07720212997804382
15,3262,0,0.0,271,1014,2248,0.07653345761235225
15,3277,0,0.0,272,1015,2262,0.07587143864786668
15,3292,0,0.0,273,1016,2276,0.07521600688213892
15,3307,0,0.0,274,1016,2291,0.07456709677144624
15,3322,0,0.0,275,1016,2306,0.07392464342423678
15,3337,0,0.0,276,1016,2321,0.0732885825946405
15,3352,0,0.0,277,1016,2336,0.07265885067604429
15,3367,0,0.0,278,1017,2350,0.07203538469473161
15,3382,0,0.0,279,1017,2365,0.0714181223035847
6,3388,0,0.0,280,1018,2370,0.07080700177585013
15,3403,0,0.0,281,1018,2385,0.07020196199896576
15,3418,0,0.0,282,1018,2400,0.06960294246844981
8,3426,0,0.0,283,1019,2407,0.06900988328184997
14,3440,0,0.0,284,1021,2419,0.06842272513275337
15,3455,0,0.0,285,1022,2433,0.06784140930485581
44,3499,0,0.0,286,1023,2476,0.06726587766609007
15,3514,0,0.0,287,1023,2491,0.06669607266281269
22,3536,0,0.0,288,1027,2509,0.06613193731404843
15,3551,0,0.0,289,1029,2522,0.06557341520579238
26,3577,0,0.0,290,1031,2546,0.06502045048536823
9,3586,0,0.0,291,1032,2554,0.06447298785584316
15,3601,0,0.0,292,1032,2569,0.06393097257049796
6,3607,0,0.0,293,1033,2574,0.06339435042735246
15,3622,0,0.0,294,1033,2589,0.06286306776374512
5,3627,0,0.0,295,1034,2593,0.06233707145096687
4,3631,0,0.0,296,1035,2596,0.06181630888894806
15,3646,0,0.0,297,1035,2611,0.061300728000998575
15,3661,0,0.0,298,1035,2626,0.06079027722859992
15,3676,0,0.0,299,1036,2640,0.060284905526249516
15,3691,0,0.0,300,1038,2653,0.05978456235635595
15,3706,0,0.0,301,1038,2668,0.05928919768418531
15,3721,0,0.0,302,1038,2683,0.05879876197285753
14,3735,0,0.0,303,1039,2696,0.058313206178392835
6,3741,0,0.0,304,1040,2701,0.05783248174480709
15,3756,0,0.0,305,1041,2715,0.057356540599256385
15,3771,0,0.0,306,1041,2730,0.0568853351472295
15,3786,0,0.0,307,1041,2745,0.0564188182677886
10,3796,0,0.0,308,1042,2754,0.05595694330885694
15,3811,0,0.0,309,1042,2769,0.05549966408255377
12,3823,0,0.0,310,1043,2780,0.05504693486057535
14,3837,0,0.0,311,1044,2793,0.05459871036962222
15,3852,0,0.0,312,1044,2808,0.05415494578687179
7,3859,0,0.0,313,1045,2814,0.05371559673549593
15,3874,0,0.0,314,1045,2829,0.053280619280223436
15,3889,0,0.0,315,1046,2843,0.05284996992294624
6,3895,0,0.0,316,1047,2848,0.05242360559836979
14,3909,0,0.0,317,1048,2861,0.05200148366970627
44,3953,0,0.0,318,1050,2903,0.051583561924411096
15,3968,0,0.0,319,1050,2918,0.05116979856996143
15,3983,0,0.0,320,1050,2933,0.050760152229677065
14,3997,0,0.0,321,1051,2946,0.05035458193858255
15,4012,0,0.0,322,1051,2961,0.049953047139310834
14,4026,0,0.0,323,1052,2974,0.04955550767804736
9,4035,0,0.0,324,1055,2980,0.04916192380051474
15,4050,0,0.0,325,1055,2995,0.0487722561479972
15,4065,0,0.0,326,1055,3010,0.04838646575340479
15,4080,0,0.0,327,1055,3025,0.04800451403737654
5,4085,0,0.0,328,1056,3029,0.04762636280442257
15,4100,0,0.0,329,1056,3044,0.04725197423910444
15,4115,0,0.0,330,1056,3059,0.04688131090225365
15,4130,0,0.0,331,1056,3074,0.046514335727227595
15,4145,0,0.0,332,1056,3089,0.046151012016203
13,4158,0,0.0,333,1057,3101,0.04579130343650595
6,4164,0,0.0,334,1058,3106,0.04543517401697875
15,4179,0,0.0,335,1058,3121,0.04508258814438266
15,4194,0,0.0,336,1058,3136,0.04473351055983658
15,4209,0,0.0,337,1058,3151,0.044387906355291176
44,4253,0,0.0,338,1060,3193,0.04404574097003798
10,4263,0,0.0,339,1062,3201,0.04370698018725335
15,4278,0,0.0,340,1063,3215,0.043371590130576676
15,4293,0,0.0,341,1065,3228,0.04303953726072282
15,4308,0,0.0,342,1066,3242,0.042710788372128064
15,4323,0,0.0,343,1066,3257,0.042385310589629625
15,4338,0,0.0,344,1066,3272,0.04206307136517797
15,4353,0,0.0,345,1066,3287,0.04174403847458216
15,4368,0,0.0,346,1066,3302,0.04142818001428726
15,4383,0,0.0,347,1067,3316,0.04111546439818403
15,4398,0,0.0,348,1067,3331,0.04080586035445025
15,4413,0,0.0,349,1067,3346,0.040499336922423565
15,4428,0,0.0,350,1067,3361,0.040195863449505306
15,4443,0,0.0,351,1067,3376,0.039895409588095315
15,4458,0,0.0,352,1067,3391,0.039597945292557044
15,4473,0,0.0,353,1068,3405,0.03930344081621308
14,4487,0,0.0,354,1069,3418,0.03901186670837034
15,4502,0,0.0,355,1069,3433,0.03872319381137508
15,4517,0,0.0,356,1070,3447,0.03843739325769703
14,4531,0,0.0,357,1071,3460,0.03815443646704266
15,4546,0,0.0,358,1071,3475,0.03787429514349709
15,4561,0,0.0,359,1072,3489,0.03759694127269454
15,4576,0,0.0,360,1072,3504,0.037322347119016795
15,4591,0,0.0,361,1073,3518,0.03705048522281963
6,4597,0,0.0,362,1074,3523,0.03678132839768691
15,4612,0,0.0,363,1074,3538,0.036514849727711796
44,4656,0,0.0,364,1076,3580,0.03625102256480524
15,4671,0,0.0,365,1077,3594,0.03598982052603108
4,4675,0,0.0,366,1078,3597,0.0357312174909678
44,4719,0,0.0,367,1080,3639,0.03547518759909634
15,4734,0,0.0,368,1080,3654,0.035221705247214206
15,4749,0,0.0,369,1080,3669,0.03497074508687494
15,4764,0,0.0,370,1080,3684,0.034722282021853394
15,4779,0,0.0,371,1080,3699,0.034476291205635994
15,4794,0,0.0,372,1080,3714,0.034232748038936146
14,4808,0,0.0,373,1081,3727,0.0339916281672342
15,4823,0,0.0,374,1081,3742,0.03375290747834208
13,4836,0,0.0,375,1082,3754,0.033516562099991945
15,4851,0,0.0,376,1083,3768,0.03328256839744902
15,4866,0,0.0,377,1083,3783,0.03305090297114803
15,4881,0,0.0,378,1084,3797,0.03282154265435332
15,4896,0,0.0,379,1085,3811,0.03259446451084204
15,4911,0,0.0,380,1085,3826,0.03236964583261064
8,4919,0,0.0,381,1086,3833,0.03214706413760394
15,4934,0,0.0,382,1086,3848,0.03192669716746694
11,4945,0,0.0,383,1087,3858,0.031708522885318995
15,4960,0,0.0,384,1088,3872,0.031492519473550085
15,4975,0,0.0,385,1089,3886,0.031278665331639026
14,4989,0,0.0,386,1091,3898,0.031066939073993396
15,5004,0,0.0,387,1092,3912,0.030857319527811018
15,5019,0,0.0,388,1093,3926,0.030649785730962574
15,5034,0,0.0,389,1093,3941,0.030444316929895437
15,5049,0,0.0,390,1093,3956,0.030240892577558277
15,5064,0,0.0,391,1093,3971,0.030039492331346347
10,5074,0,0.0,392,1094,3980,0.029840096051067175
44,5118,0,0.0,393,1095,4023,0.029642683796926583
15,5133,0,0.0,394,1095,4038,0.02944723582753464
15,5148,0,0.0,395,1096,4052,0.029253732597931535
7,5155,0,0.0,396,1097,4058,0.029062154757633053
15,5170,0,0.0,397,1098,4072,0.02887248314869552
15,5185,0,0.0,398,1100,4085,0.028684698803799973
15,5200,0,0.0,399,1101,4099,0.02849878294435545
15,5215,0,0.0,400,1101,4114,0.02831471697862105
15,5230,0,0.0,401,1101,4129,0.028132482499846838
15,5245,0,0.0,402,1103,4142,0.027952061284433068
15,5260,0,0.0,403,1104,4156,0.02777343529010782
15,5275,0,0.0,404,1104,4171,0.027596586654122846
15,5290,0,0.0,405,1104,4186,0.027421497691467157
15,5305,0,0.0,406,1104,4201,0.02724815089309858
15,5320,0,0.0,407,1104,4216,0.0270765289241928
15,5335,0,0.0,408,1104,4231,0.026906614622409945
15,5350,0,0.0,409,1104,4246,0.026738390996178224
15,5365,0,0.0,410,1104,4261,0.026571841222994823
6,5371,0,0.0,411,1105,4266,0.026406948647743643
15,5386,0,0.0,412,1106,4280,0.026243696781029717
14,5400,0,0.0,413,1107,4293,0.026082069297530375
15,5415,0,0.0,414,1107,4308,0.02592205003436255
15,5430,0,0.0,415,1107,4323,0.025763622989466578
8,5438,0,0.0,416,1108,4330,0.025606772320005942
15,5453,0,0.0,417,1108,4345,0.025451482340783003
15,5468,0,0.0,418,1108,4360,0.02529773752267042
15,5483,0,0.0,419,1109,4374,0.025145522491058264
15,5498,0,0.0,420,1110,4388,0.02499482202431651
15,5513,0,0.0,421,1110,4403,0.024845621052272927
15,5528,0,0.0,422,1110,4418,0.024697904654705963
15,5543,0,0.0,423,1110,4433,0.024551658059852766
15,5558,0,0.0,424,1110,4448,0.024406866642931964
15,5573,0,0.0,425,1110,4463,0.024263515924681227
15,5588,0,0.0,426,1110,4478,0.024121591569909263
15,5603,0,0.0,427,1110,4493,0.023981079386062323
15,5618,0,0.0,428,1111,4507,0.023841965321804916
15,5633,0,0.0,429,1111,4522,0.023704235465614704
15,5648,0,0.0,430,1111,4537,0.023567876044391298
15,5663,0,0.0,431,1112,4551,0.023432873422078924
15,5678,0,0.0,432,1112,4566,0.02329921409830285
15,5693,0,0.0,433,1112,4581,0.02316688470701933
45,5738,0,0.0,434,1114,4624,0.023035872015178954
15,5753,0,0.0,435,1114,4639,0.022906162921403357
15,5768,0,0.0,436,1114,4654,0.022777744454675064
15,5783,0,0.0,437,1114,4669,0.0226506037730404
15,5798,0,0.0,438,1114,4684,0.02252472816232525
44,5842,0,0.0,439,1115,4727,0.022400105034863643
15,5857,0,0.0,440,1115,4742,0.02227672192823897
15,5872,0,0.0,441,1115,4757,0.02215456650403775
15,5887,0,0.0,442,1116,4771,0.022033626546615788
15,5902,0,0.0,443,1116,4786,0.021913889961876536
15,5917,0,0.0,444,1116,4801,0.02179534477606175
15,5932,0,0.0,445,1116,4816,0.02167797913455405
15,5947,0,0.0,446,1116,4831,0.021561781300691488
15,5962,0,0.0,447,1116,4846,0.02144673965459385
15,5977,0,0.0,448,1116,4861,0.021332842692000656
15,5992,0,0.0,449,1116,4876,0.021220079023120713
15,6007,0,0.0,450,1116,4891,0.02110843737149319
15,6022,0,0.0,451,1116,4906,0.02099790657285988
15,6037,0,0.0,452,1117,4920,0.020888475574048812
15,6052,0,0.0,453,1117,4935,0.020780133431868894
15,6067,0,0.0,454,1117,4950,0.020672869312015653
15,6082,0,0.0,455,1117,4965,0.020566672487987697
15,6097,0,0.0,456,1117,4980,0.02046153234001413
15,6112,0,0.0,457,1117,4995,0.02035743835399253
15,6127,0,0.0,458,1117,5010,0.020254380120437558
15,6142,0,0.0,459,1117,5025,0.02015234733343998
15,6157,0,0.0,460,1117,5040,0.020051329789636065
15,6172,0,0.0,461,1117,5055,0.01995131738718724
15,6187,0,0.0,462,1117,5070,0.019852300124769934
15,6202,0,0.0,463,1117,5085,0.019754268100575387
15,6217,0,0.0,464,1117,5100,0.019657211511319474
15,6232,0,0.0,465,1117,5115,0.0195611206512624
15,6247,0,0.0,466,1117,5130,0.01946598591123807
5,6252,0,0.0,467,1118,5134,0.01937179777769322
15,6267,0,0.0,468,1118,5149,0.019278546831735997
15,6282,0,0.0,469,1118,5164,0.019186223748194096
15,6297,0,0.0,470,1118,5179,0.01909481929468222
15,6312,0,0.0,471,1118,5194,0.019004324330678855
15,6327,0,0.0,472,1119,5208,0.018914729806612192
15,6342,0,0.0,473,1119,5223,0.01882602676295516
15,6357,0,0.0,474,1119,5238,0.018738206329329453
15,6372,0,0.0,475,1119,5253,0.018651259723618557
15,6387,0,0.0,476,1119,5268,0.01856517825108943
15,6402,0,0.0,477,1120,5282,0.018479953303523082
7,6409,0,0.0,478,1121,5288,0.018395576358353725
15,6424,0,0.0,479,1121,5303,0.018312038977816556
15,6439,0,0.0,480,1121,5318,0.018229332808103887
15,6454,0,0.0,481,1121,5333,0.01814744957852983
15,6469,0,0.0,482,1122,5347,0.01806638110070318
15,6484,0,0.0,483,1122,5362,0.01798611926770862
15,6499,0,0.0,484,1122,5377,0.017906656053295947
14,6513,0,0.0,485,1123,5390,0.017827983511077505
15,6528,0,0.0,486,1123,5405,0.01775009377373351
15,6543,0,0.0,487,1123,5420,0.017672979052225327
15,6558,0,0.0,488,1123,5435,0.017596631635016534
15,6573,0,0.0,489,1123,5450,0.01752104388730179
15,6588,0,0.0,490,1123,5465,0.017446208250243338
15,6603,0,0.0,491,1123,5480,0.017372117240215094
15,6618,0,0.0,492,1123,5495,0.01729876344805433
15,6633,0,0.0,493,1123,5510,0.0172261395383207
15,6648,0,0.0,494,1123,5525,0.017154238248562697
15,6663,0,0.0,495,1123,5540,0.017083052388591435
15,6678,0,0.0,496,1123,5555,0.017012574839761596
15,6693,0,0.0,497,1123,5570,0.01694279855425957
15,6708,0,0.0,498,1123,5585,0.016873716554398652
15,6723,0,0.0,499,1124,5599,0.016805321931921288
15,6738,0,0.0,500,1125,5613,0.01673760784730824
15,6753,0,0.0,501,1125,5628,0.016670567529094613
15,6768,0,0.0,502,1125,5643,0.01660419427319272
15,6783,0,0.0,503,1125,5658,0.016538481442221656
15,6798,0,0.0,504,1125,5673,0.016473422464843575
15,6813,0,0.0,505,1125,5688,0.01640901083510651
15,6828,0,0.0,506,1125,5703,0.01634524011179382
15,6843,0,0.0,507,1125,5718,0.016282103917780018
15,6858,0,0.0,508,1125,5733,0.01621959593939311
15,6873,0,0.0,509,1125,5748,0.016157709925783147
15,6888,0,0.0,510,1125,5763,0.016096439688297208
15,6903,0,0.0,511,1126,5777,0.016035779099860478
15,6918,0,0.0,512,1126,5792,0.01597572209436357
15,6933,0,0.0,513,1127,5806,0.015916262666055885
15,6948,0,0.0,514,1128,5820,0.015857394868945038
15,6963,0,0.0,515,1128,5835,0.015799112816202266
15,6978,0,0.0,516,1128,5850,0.01574141067957372
15,6993,0,0.0,517,1128,5865,0.01568428268879766
15,7008,0,0.0,518,1128,5880,0.0156277231310274
15,7023,0,0.0,519,1128,5895,0.015571726350260025
15,7038,0,0.0,520,1128,5910,0.015516286746770792
15,7053,0,0.0,521,1129,5924,0.015461398776553163
15,7068,0,0.0,522,1130,5938,0.015407056950764372
15,7083,0,0.0,523,1130,5953,0.01535325583517655
15,7098,0,0.0,524,1130,5968,0.015299990049633304
15,7113,0,0.0,525,1130,5983,0.015247254267511699
15,7128,0,0.0,526,1130,5998,0.015195043215189571
15,7143,0,0.0,527,1130,6013,0.015143351671518179
15,7158,0,0.0,528,1130,6028,0.015092174467300075
15,7173,0,0.0,529,1131,6042,0.015041506484772198
15,7188,0,0.0,530,1131,6057,0.01499134265709407
15,7203,0,0.0,531,1131,6072,0.014941677967841115
15,7218,0,0.0,532,1131,6087,0.01489250745050302
15,7233,0,0.0,533,1131,6102,0.014843826187987082
15,7248,0,0.0,534,1131,6117,0.014795629312126479
15,7263,0,0.0,535,1131,6132,0.014747912003193458
15,7278,0,0.0,536,1131,6147,0.014700669489417359
15,7293,0,0.0,537,1131,6162,0.014653897046507443
15,7308,0,0.0,538,1131,6177,0.01460758999718044
15,7323,0,0.0,539,1131,6192,0.014561743710692824
15,7338,0,0.0,540,1131,6207,0.014516353602377746
15,7353,0,0.0,541,1131,6222,0.01447141513318654
15,7368,0,0.0,542,1132,6236,0.014426923809234849
15,7383,0,0.0,543,1132,6251,0.014382875181353196
15,7398,0,0.0,544,1132,6266,0.01433926484464209
15,7413,0,0.0,545,1132,6281,0.014296088438031505
9,7422,0,0.0,546,1133,6289,0.014253341643844817
15,7437,0,0.0,547,1133,6304,0.014211020187366974
15,7452,0,0.0,548,1133,6319,0.014169119836417065
15,7467,0,0.0,549,1134,6333,0.01412763640092507
15,7482,0,0.0,550,1134,6348,0.014086565732512882
15,7497,0,0.0,551,1134,6363,0.014045903724079427
15,7512,0,0.0,552,1134,6378,0.014005646309389977
15,7527,0,0.0,553,1134,6393,0.013965789462669513
15,7542,0,0.0,554,1134,6408,0.013926329198200155
15,7557,0,0.0,555,1134,6423,0.013887261569922569
15,7572,0,0.0,556,1134,6438,0.01384858267104137
15,7587,0,0.0,557,1134,6453,0.013810288633634434
15,7602,0,0.0,558,1134,6468,0.013772375628266116
41,7643,0,0.0,559,1136,6507,0.013734839863604284
6,7649,0,0.0,560,1137,6512,0.013697677586041186
15,7664,0,0.0,561,1137,6527,0.0136608850793181
8,7672,0,0.0,562,1138,6534,0.013624458664153696
15,7687,0,0.0,563,1138,6549,0.013588394697876097
15,7702,0,0.0,564,1139,6563,0.013552689574058628
15,7717,0,0.0,565,1139,6578,0.013517339722159148
15,7732,0,0.0,566,1140,6592,0.013482341607163007
15,7747,0,0.0,567,1142,6605,0.013447691729229546
15,7762,0,0.0,568,1142,6620,0.013413386623342096
15,7777,0,0.0,569,1142,6635,0.013379422858961477
15,7792,0,0.0,570,1142,6650,0.013345797039682946
15,7807,0,0.0,571,1142,6665,0.01331250580289656
15,7822,0,0.0,572,1142,6680,0.013279545819450893
15,7837,0,0.0,573,1142,6695,0.013246913793320138
6,7843,0,0.0,574,1143,6700,0.01321460646127448
15,7858,0,0.0,575,1143,6715,0.013182620592553802
15,7873,0,0.0,576,1143,6730,0.01315095298854457
15,7888,0,0.0,577,1143,6745,0.013119600482459998
15,7903,0,0.0,578,1143,6760,0.013088559939023343
15,7918,0,0.0,579,1143,6775,0.013057828254154401
15,7933,0,0.0,580,1143,6790,0.013027402354659073
15,7948,0,0.0,581,1143,6805,0.012997279197922058
15,7963,0,0.0,582,1143,6820,0.012967455771602571
15,7978,0,0.0,583,1143,6835,0.012937929093333135
15,7993,0,0.0,584,1143,6850,0.012908696210421315
15,8008,0,0.0,585,1143,6865,0.012879754199554458
15,8023,0,0.0,586,1144,6879,0.012851100166507357
15,8038,0,0.0,587,1144,6894,0.012822731245852837
15,8053,0,0.0,588,1144,6909,0.012794644600675184
15,8068,0,0.0,589,1144,6924,0.012766837422286476
15,8083,0,0.0,590,1144,6939,0.012739306929945703
15,8098,0,0.0,591,1144,6954,0.012712050370580685
15,8113,0,0.0,592,1144,6969,0.012685065018512777
15,8128,0,0.0,593,1144,6984,0.012658348175184284
7,8135,0,0.0,594,1145,6990,0.012631897168888604
15,8150,0,0.0,595,1145,7005,0.012605709354503067
15,8165,0,0.0,596,1145,7020,0.012579782113224414
15,8180,0,0.0,597,1145,7035,0.012554112852306908
15,8195,0,0.0,598,1145,7050,0.012528699004803068
15,8210,0,0.0,599,1145,7065,0.012503538029306963
10,8220,0,0.0,600,1146,7074,0.012478627409700078
15,8235,0,0.0,601,1146,7089,0.012453964654899695
15,8250,0,0.0,602,1146,7104,0.012429547298609778
15,8265,0,0.0,603,1146,7119,0.01240537289907435
15,8280,0,0.0,604,1146,7134,0.012381439038833314
15,8295,0,0.0,605,1146,7149,0.012357743324480702
14,8309,0,0.0,606,1147,7162,0.01233428338642533
15,8324,0,0.0,607,1147,7177,0.012311056878653841
14,8338,0,0.0,608,1148,7190,0.012288061478496108
15,8353,0,0.0,609,1148,7205,0.012265294886392948
15,8368,0,0.0,610,1148,7220,0.01224275482566618
15,8383,0,0.0,611,1148,7235,0.012220439042290943
15,8398,0,0.0,612,1148,7250,0.012198345304670311
15,8413,0,0.0,613,1148,7265,0.012176471403412107
15,8428,0,0.0,614,1148,7280,0.012154815151107974
15,8443,0,0.0,615,1148,7295,0.012133374382114637
15,8458,0,0.0,616,1148,7310,0.012112146952337331
15,8473,0,0.0,617,1148,7325,0.012091130739015387
15,8488,0,0.0,618,1148,7340,0.012070323640509958
15,8503,0,0.0,619,1148,7355,0.012049723576093858
15,8518,0,0.0,620,1148,7370,0.012029328485743472
15,8533,0,0.0,621,1148,7385,0.012009136329932777
15,8548,0,0.0,622,1148,7400,0.01198914508942936
14,8562,0,0.0,623,1149,7413,0.011969352765092513
15,8577,0,0.0,624,1149,7428,0.011949757377673304
15,8592,0,0.0,625,1149,7443,0.01193035696761667
15,8607,0,0.0,626,1149,7458,0.011911149594865432
15,8622,0,0.0,627,1149,7473,0.011892133338666311
15,8637,0,0.0,628,1149,7488,0.01187330629737784
15,8652,0,0.0,629,1149,7503,0.011854666588280199
15,8667,0,0.0,630,1149,7518,0.011836212347386948
15,8682,0,0.0,631,1149,7533,0.011817941729258619
13,8695,0,0.0,632,1150,7545,0.011799852906818169
15,8710,0,0.0,633,1150,7560,0.011781944071168286
15,8725,0,0.0,634,1150,7575,0.011764213431410478
15,8740,0,0.0,635,1150,7590,0.011746659214465993
15,8755,0,0.0,636,1150,7605,0.011729279664898506
15,8770,0,0.0,637,1150,7620,0.011712073044738584
9,8779,0,0.0,638,1151,7628,0.011695037633309868
15,8794,0,0.0,639,1151,7643,0.011678171727057018
15,8809,0,0.0,640,1151,7658,0.011661473639375353
15,8824,0,0.0,641,1151,7673,0.011644941700442194
15,8839,0,0.0,642,1151,7688,0.011628574257049868
15,8854,0,0.0,643,1151,7703,0.011612369672440398
15,8869,0,0.0,644,1151,7718,0.011596326326141817
15,8884,0,0.0,645,1151,7733,0.011580442613806126
15,8899,0,0.0,646,1151,7748,0.011564716947048855
15,8914,0,0.0,647,1151,7763,0.011549147753290225
15,8929,0,0.0,648,1151,7778,0.011533733475597885
15,8944,0,0.0,649,1151,7793,0.011518472572531219
15,8959,0,0.0,650,1151,7808,0.011503363517987204
15,8974,0,0.0,651,1151,7823,0.011488404801047796
15,8989,0,0.0,652,1152,7837,0.011473594925828836
15,9004,0,0.0,653,1152,7852,0.011458932411330456
15,9019,0,0.0,654,1152,7867,0.01144441579128899
15,9034,0,0.0,655,1152,7882,0.011430043614030338
15,9049,0,0.0,656,1152,7897,0.011415814442324796
15,9064,0,0.0,657,1152,7912,0.011401726853243335
15,9079,0,0.0,658,1152,7927,0.011387779438015309
15,9094,0,0.0,659,1152,7942,0.011373970801887569
15,9109,0,0.0,660,1152,7957,0.011360299563985
15,9124,0,0.0,661,1152,7972,0.011346764357172414
15,9139,0,0.0,662,1152,7987,0.011333363827917855
15,9154,0,0.0,663,1152,8002,0.011320096636157226
44,9198,0,0.0,664,1153,8045,0.011306961455160297
15,9213,0,0.0,665,1153,8060,0.011293956971398022
15,9228,0,0.0,666,1153,8075,0.01128108188441119
15,9243,0,0.0,667,1153,8090,0.01126833490668037
15,9258,0,0.0,668,1153,8105,0.011255714763497167
15,9273,0,0.0,669,1153,8120,0.011243220192836747
42,9315,0,0.0,670,1156,8159,0.011230849945231628
15,9330,0,0.0,671,1156,8174,0.011218602783646746
15,9345,0,0.0,672,1156,8189,0.011206477483355735
44,9389,0,0.0,673,1157,8232,0.01119447283181846
15,9404,0,0.0,674,1157,8247,0.011182587628559764
15,9419,0,0.0,675,1157,8262,0.011170820685049418
15,9434,0,0.0,676,1157,8277,0.011159170824583262
15,9449,0,0.0,677,1157,8292,0.011147636882165546
15,9464,0,0.0,678,1157,8307,0.011136217704392411
15,9479,0,0.0,679,1157,8322,0.011124912149336568
15,9494,0,0.0,680,1157,8337,0.01111371908643309
15,9509,0,0.0,681,1157,8352,0.011102637396366355
15,9524,0,0.0,682,1157,8367,0.011091665970958125
15,9539,0,0.0,683,1157,8382,0.011080803713056716
15,9554,0,0.0,684,1157,8397,0.011070049536427285
15,9569,0,0.0,685,1157,8412,0.011059402365643208
15,9584,0,0.0,686,1157,8427,0.011048861135978534
15,9599,0,0.0,687,1158,8441,0.011038424793301511
9,9608,0,0.0,688,1159,8449,0.011028092293969175
15,9623,0,0.0,689,1159,8464,0.011017862604722983
15,9638,0,0.0,690,1159,8479,0.011007734702585483
15,9653,0,0.0,691,1159,8494,0.010997707574758025
15,9668,0,0.0,692,1159,8509,0.010987780218519469
15,9683,0,0.0,693,1159,8524,0.010977951641125918
15,9698,0,0.0,694,1159,8539,0.010968220859711442
15,9713,0,0.0,695,1159,8554,0.010958586901189789
15,9728,0,0.0,696,1159,8569,0.01094904880215708
15,9743,0,0.0,697,1159,8584,0.010939605608795464
15,9758,0,0.0,698,1159,8599,0.010930256376777735
15,9773,0,0.0,699,1159,8614,0.010921000171172899
15,9788,0,0.0,700,1159,8629,0.010911836066352685
15,9803,0,0.0,701,1159,8644,0.010902763145898971
15,9818,0,0.0,702,1159,8659,0.010893780502512152
15,9833,0,0.0,703,1159,8674,0.010884887237920403
15,9848,0,0.0,704,1159,8689,0.010876082462789857
15,9863,0,0.0,705,1159,8704,0.010867365296635659
15,9878,0,0.0,706,1159,8719,0.010858734867733933
15,9893,0,0.0,707,1159,8734,0.010850190313034594
15,9908,0,0.0,708,1160,8748,0.010841730778075053
15,9923,0,0.0,709,1160,8763,0.010833355416894765
15,9938,0,0.0,710,1160,8778,0.01082506339195063
15,9953,0,0.0,711,1160,8793,0.010816853874033245
15,9968,0,0.0,712,1160,8808,0.010808726042183978
13,9981,0,0.0,713,1161,8820,0.01080067908361287
14,9995,0,0.0,714,1162,8833,0.01079271219361736
15,10010,0,0.0,715,1162,8848,0.010784824575501804
15,10025,0,0.0,716,1162,8863,0.010777015440497823
15,10040,0,0.0,717,1162,8878,0.010769284007685407
15,10055,0,0.0,718,1162,8893,0.01076162950391483
15,10070,0,0.0,719,1162,8908,0.01075405116372934
15,10085,0,0.0,720,1162,8923,0.010746548229288598
15,10100,0,0.0,721,1162,8938,0.010739119950292912
15,10115,0,0.0,722,1163,8952,0.010731765583908192
15,10130,0,0.0,723,1163,8967,0.010724484394691668
15,10145,0,0.0,724,1163,8982,0.010717275654518353
15,10160,0,0.0,725,1163,8997,0.010710138642508221
15,10175,0,0.0,726,1163,9012,0.010703072644954124
15,10190,0,0.0,727,1163,9027,0.010696076955250418
15,10205,0,0.0,728,1163,9042,0.010689150873822304
15,10220,0,0.0,729,1163,9057,0.010682293708055865
15,10235,0,0.0,730,1163,9072,0.010675504772228813
15,10250,0,0.0,731,1164,9086,0.010668783387441906
15,10265,0,0.0,732,1164,9101,0.010662128881551065
15,10280,0,0.0,733,1164,9116,0.010655540589100154
15,10295,0,0.0,734,1164,9131,0.010649017851254439
15,10310,0,0.0,735,1164,9146,0.0106425600157347
15,10325,0,0.0,736,1164,9161,0.010636166436752002
15,10340,0,0.0,737,1164,9176,0.01062983647494312
15,10355,0,0.0,738,1164,9191,0.010623569497306598
15,10370,0,0.0,739,1164,9206,0.01061736487713945
15,10385,0,0.0,740,1164,9221,0.010611221993974488
15,10400,0,0.0,741,1164,9236,0.010605140233518277
15,10415,0,0.0,742,1164,9251,0.010599118987589702
15,10430,0,0.0,743,1164,9266,0.010593157654059155
15,10445,0,0.0,744,1164,9281,0.010587255636788313
15,10460,0,0.0,745,1164,9296,0.01058141234557053
15,10475,0,0.0,746,1164,9311,0.01057562719607182
15,10490,0,0.0,747,1164,9326,0.010569899609772403
15,10505,0,0.0,748,1164,9341,0.010564229013908884
15,10520,0,0.0,749,1164,9356,0.010558614841416947
15,10535,0,0.0,750,1164,9371,0.010553056530874667
15,10550,0,0.0,751,1165,9385,0.010547553526446355
15,10565,0,0.0,752,1165,9400,0.010542105277826985
15,10580,0,0.0,753,1165,9415,0.010536711240187152
15,10595,0,0.0,754,1165,9430,0.0105313708741186
15,10610,0,0.0,755,1165,9445,0.01052608364558027
15,10625,0,0.0,756,1165,9460,0.010520849025844903
15,10640,0,0.0,757,1165,9475,0.010515666491446161
15,10655,0,0.0,758,1165,9490,0.01051053552412629
15,10670,0,0.0,759,1165,9505,0.010505455610784278
15,10685,0,0.0,760,1165,9520,0.010500426243424558
15,10700,0,0.0,761,1165,9535,0.010495446919106205
15,10715,0,0.0,762,1165,9550,0.010490517139892635
15,10730,0,0.0,763,1165,9565,0.010485636412801822
15,10745,0,0.0,764,1165,9580,0.010480804249756986
15,10760,0,0.0,765,1165,9595,0.010476020167537797
15,10775,0,0.0,766,1165,9610,0.010471283687732046
15,10790,0,0.0,767,1165,9625,0.010466594336687809
13,10803,0,0.0,768,1166,9637,0.010461951645466068
15,10818,0,0.0,769,1166,9652,0.010457355149793835
15,10833,0,0.0,770,1166,9667,0.010452804390017712
15,10848,0,0.0,771,1166,9682,0.010448298911057929
15,10863,0,0.0,772,1166,9697,0.010443838262362837
15,10878,0,0.0,773,1166,9712,0.010439421997863846
15,10893,0,0.0,774,1167,9726,0.010435049675930827
15,10908,0,0.0,775,1167,9741,0.010430720859327945
15,10923,0,0.0,776,1167,9756,0.01042643511516993
15,10938,0,0.0,777,1167,9771,0.010422192014878798
15,10953,0,0.0,778,1168,9785,0.01041799113414098
15,10968,0,0.0,779,1168,9800,0.010413832052864903
15,10983,0,0.0,780,1168,9815,0.010409714355138974
15,10998,0,0.0,781,1168,9830,0.010405637629189989
15,11013,0,0.0,782,1168,9845,0.010401601467341955
15,11028,0,0.0,783,1168,9860,0.010397605465975325
15,11043,0,0.0,784,1168,9875,0.01039364922548663
15,11058,0,0.0,785,1169,9889,0.010389732350248527
15,11073,0,0.0,786,1169,9904,0.010385854448570228
15,11088,0,0.0,787,1169,9919,0.01038201513265833
15,11103,0,0.0,788,1169,9934,0.010378214018578047
15,11118,0,0.0,789,1169,9949,0.0103744507262148
15,11133,0,0.0,790,1169,9964,0.010370724879236218
15,11148,0,0.0,791,1169,9979,0.010367036105054498
9,11157,0,0.0,792,1170,9987,0.010363384034789147
13,11170,0,0.0,793,1171,9999,0.010359768303230097
15,11185,0,0.0,794,1171,10014,0.010356188548801179
15,11200,0,0.0,795,1171,10029,0.010352644413523964
15,11215,0,0.0,796,1171,10044,0.010349135542981974
15,11230,0,0.0,797,1171,10059,0.010345661586285228
15,11245,0,0.0,798,1171,10074,0.010342222196035164
12,11257,0,0.0,799,1172,10085,0.01033881702828989
15,11272,0,0.0,800,1172,10100,0.010335445742529792
14,11286,0,0.0,801,1173,10113,0.010332108001623487
15,11301,0,0.0,802,1173,10128,0.010328803471794101
15,11316,0,0.0,803,1173,10143,0.0103255318225859
15,11331,0,0.0,804,1173,10158,0.010322292726831234
15,11346,0,0.0,805,1173,10173,0.01031908586061783
15,11361,0,0.0,806,1173,10188,0.010315910903256391
15,11376,0,0.0,807,1173,10203,0.01031276753724854
15,11391,0,0.0,808,1173,10218,0.010309655448255054
15,11406,0,0.0,809,1173,10233,0.01030657432506444
15,11421,0,0.0,810,1173,10248,0.010303523859561813
15,11436,0,0.0,811,1174,10262,0.01030050374669808
15,11451,0,0.0,812,1174,10277,0.010297513684459435
15,11466,0,0.0,813,1174,10292,0.010294553373837166
15,11481,0,0.0,814,1174,10307,0.010291622518797741
15,11496,0,0.0,815,1174,10322,0.010288720826253218
15,11511,0,0.0,816,1174,10337,0.010285848006031922
15,11526,0,0.0,817,1174,10352,0.010283003770849435
15,11541,0,0.0,818,1174,10367,0.010280187836279871
15,11556,0,0.0,819,1174,10382,0.010277399920727424
15,11571,0,0.0,820,1174,10397,0.01027463974539822
15,11586,0,0.0,821,1174,10412,0.010271907034272422
15,11601,0,0.0,822,1174,10427,0.01026920151407664
15,11616,0,0.0,823,1174,10442,0.010266522914256601
15,11631,0,0.0,824,1174,10457,0.010263870966950093
15,11646,0,0.0,825,1174,10472,0.01026124540696017
15,11661,0,0.0,826,1174,10487,0.010258645971728651
15,11676,0,0.0,827,1174,10502,0.010256072401309843
15,11691,0,0.0,828,1174,10517,0.01025352443834456
15,11706,0,0.0,829,1174,10532,0.010251001828034383
15,11721,0,0.0,830,1174,10547,0.010248504318116178
15,11736,0,0.0,831,1175,10561,0.010246031658836873
15,11751,0,0.0,832,1175,10576,0.010243583602928479
15,11766,0,0.0,833,1175,10591,0.010241159905583363
15,11781,0,0.0,834,1175,10606,0.010238760324429774
15,11796,0,0.0,835,1175,10621,0.010236384619507594
15,11811,0,0.0,836,1175,10636,0.010234032553244354
15,11826,0,0.0,837,1175,10651,0.010231703890431466
15,11841,0,0.0,838,1175,10666,0.01022939839820071
15,11856,0,0.0,839,1175,10681,0.010227115846000938
15,11871,0,0.0,840,1175,10696,0.01022485600557503
15,11886,0,0.0,841,1175,10711,0.01022261865093706
15,11901,0,0.0,842,1175,10726,0.010220403558349701
14,11915,0,0.0,843,1176,10739,0.010218210506301846
15,11930,0,0.0,844,1176,10754,0.010216039275486465
15,11945,0,0.0,845,1176,10769,0.010213889648778665
15,11960,0,0.0,846,1176,10784,0.010211761411213984
15,11975,0,0.0,847,1177,10798,0.010209654349966894
15,11990,0,0.0,848,1177,10813,0.010207568254329514
15,12005,0,0.0,849,1177,10828,0.01020550291569054
15,12020,0,0.0,850,1177,10843,0.010203458127514388
15,12035,0,0.0,851,1177,10858,0.010201433685320538
15,12050,0,0.0,852,1177,10873,0.010199429386663081
15,12065,0,0.0,853,1177,10888,0.010197445031110482
15,12080,0,0.0,854,1177,10903,0.010195480420225531
10,12090,0,0.0,855,1178,10912,0.010193535357545505
15,12105,0,0.0,856,1178,10927,0.010191609648562514
15,12120,0,0.0,857,1178,10942,0.010189703100704052
15,12135,0,0.0,858,1178,10957,0.01018781552331375
15,12150,0,0.0,859,1178,10972,0.01018594672763229
15,12165,0,0.0,860,1178,10987,0.010184096526778551
15,12180,0,0.0,861,1179,11001,0.010182264735730903
15,12195,0,0.0,862,1180,11015,0.010180451171308717
15,12210,0,0.0,863,1180,11030,0.010178655652154037
15,12225,0,0.0,864,1180,11045,0.010176877998713455
15,12240,0,0.0,865,1180,11060,0.01017511803322014
15,12255,0,0.0,866,1180,11075,0.010173375579676082
5,12260,0,0.0,867,1181,11079,0.01017165046383447
15,12275,0,0.0,868,1181,11094,0.010169942513182286
15,12290,0,0.0,869,1181,11109,0.010168251556923037
15,12305,0,0.0,870,1181,11124,0.010166577425959692
15,12320,0,0.0,871,1181,11139,0.010164919952877757
15,12335,0,0.0,872,1181,11154,0.010163278971928544
15,12350,0,0.0,873,1181,11169,0.01016165431901259
15,12365,0,0.0,874,1181,11184,0.01016004583166325
15,12380,0,0.0,875,1181,11199,0.010158453349030448
15,12395,0,0.0,876,1181,11214,0.010156876711864594
15,12410,0,0.0,877,1181,11229,0.010155315762500658
15,12425,0,0.0,878,1181,11244,0.0101537703448424
6,12431,0,0.0,879,1182,11249,0.010152240304346772
15,12446,0,0.0,880,1183,11263,0.010150725488008444
15,12461,0,0.0,881,1183,11278,0.010149225744344521
15,12476,0,0.0,882,1183,11293,0.01014774092337939
8,12484,0,0.0,883,1184,11300,0.010146270876629714
15,12499,0,0.0,884,1184,11315,0.010144815457089593
6,12505,0,0.0,885,1185,11320,0.010143374519215861
15,12520,0,0.0,886,1185,11335,0.01014194791891353
15,12535,0,0.0,887,1185,11350,0.01014053551352138
15,12550,0,0.0,888,1185,11365,0.010139137161797698
15,12565,0,0.0,889,1185,11380,0.010137752723906142
6,12571,0,0.0,890,1186,11385,0.01013638206140177
15,12586,0,0.0,891,1186,11400,0.010135025037217192
15,12601,0,0.0,892,1186,11415,0.010133681515648855
15,12616,0,0.0,893,1186,11430,0.010132351362343486
15,12631,0,0.0,894,1186,11445,0.010131034444284644
15,12646,0,0.0,895,1186,11460,0.010129730629779427
16,12662,0,0.0,896,1187,11475,0.010128439788445296
15,12677,0,0.0,897,1187,11490,0.010127161791197044
14,12691,0,0.0,898,1189,11502,0.01012589651023388
15,12706,0,0.0,899,1189,11517,0.010124643819026653
44,12750,0,0.0,900,1190,11560,0.0101234035923052
15,12765,0,0.0,901,1190,11575,0.010122175706045813
15,12780,0,0.0,902,1190,11590,0.010120960037458845
15,12795,0,0.0,903,1190,11605,0.010119756464976423
15,12810,0,0.0,904,1191,11619,0.010118564868240294
15,12825,0,0.0,905,1191,11634,0.010117385128089795
15,12840,0,0.0,906,1191,11649,0.010116217126549927
15,12855,0,0.0,907,1191,11664,0.010115060746819561
15,12870,0,0.0,908,1191,11679,0.010113915873259762
15,12885,0,0.0,909,1191,11694,0.010112782391382219
15,12900,0,0.0,910,1191,11709,0.010111660187837799
15,12915,0,0.0,911,1191,11724,0.010110549150405214
15,12930,0,0.0,912,1191,11739,0.010109449167979795
15,12945,0,0.0,913,1191,11754,0.010108360130562379
15,12960,0,0.0,914,1191,11769,0.010107281929248322
8,12968,0,0.0,915,1192,11776,0.010106214456216591
15,12983,0,0.0,916,1192,11791,0.010105157604718994
15,12998,0,0.0,917,1192,11806,0.010104111269069502
15,13013,0,0.0,918,1192,11821,0.010103075344633675
15,13028,0,0.0,919,1192,11836,0.010102049727818207
15,13043,0,0.0,920,1192,11851,0.010101034316060565
15,13058,0,0.0,921,1192,11866,0.010100029007818723
15,13073,0,0.0,922,1192,11881,0.01009903370256102
15,13088,0,0.0,923,1192,11896,0.010098048300756102
8,13096,0,0.0,924,1193,11903,0.010097072703862968
15,13111,0,0.0,925,1193,11918,0.010096106814321115
15,13126,0,0.0,926,1193,11933,0.01009515053554078
15,13141,0,0.0,927,1193,11948,0.010094203771893295
15,13156,0,0.0,928,1193,11963,0.010093266428701501
15,13171,0,0.0,929,1193,11978,0.0100923384122303
15,13186,0,0.0,930,1194,11992,0.01009141962967727
15,13201,0,0.0,931,1194,12007,0.010090509989163391
15,13216,0,0.0,932,1194,12022,0.010089609399723856
10,13226,0,0.0,933,1195,12031,0.010088717771298966
15,13241,0,0.0,934,1195,12046,0.010087835014725138
15,13256,0,0.0,935,1195,12061,0.010086961041725979
15,13271,0,0.0,936,1195,12076,0.01008609576490346
15,13286,0,0.0,937,1195,12091,0.010085239097729176
15,13301,0,0.0,938,1195,12106,0.0100843909545357
15,13316,0,0.0,939,1195,12121,0.010083551250508005
14,13330,0,0.0,940,1196,12134,0.010082719901674985
15,13345,0,0.0,941,1196,12149,0.010081896824901066
15,13360,0,0.0,942,1196,12164,0.010081081937877885
15,13375,0,0.0,943,1196,12179,0.01008027515911606
15,13390,0,0.0,944,1196,12194,0.010079476407937044
15,13405,0,0.0,945,1196,12209,0.010078685604465051
15,13420,0,0.0,946,1196,12224,0.010077902669619077
15,13435,0,0.0,947,1196,12239,0.010077127525104984
15,13450,0,0.0,948,1197,12253,0.010076360093407673
15,13465,0,0.0,949,1198,12267,0.010075600297783338
15,13480,0,0.0,950,1198,12282,0.010074848062251781
15,13495,0,0.0,951,1198,12297,0.010074103311588823
10,13505,0,0.0,952,1199,12306,0.010073365971318778
15,13520,0,0.0,953,1199,12321,0.010072635967707003
15,13535,0,0.0,954,1199,12336,0.010071913227752527
15,13550,0,0.0,955,1199,12351,0.010071197679180756
15,13565,0,0.0,956,1199,12366,0.010070489250436234
15,13580,0,0.0,957,1199,12381,0.010069787870675497
15,13595,0,0.0,958,1199,12396,0.010069093469759984
15,13610,0,0.0,959,1199,12411,0.010068405978249026
15,13625,0,0.0,960,1199,12426,0.010067725327392897
15,13640,0,0.0,961,1199,12441,0.010067051449125945
15,13655,0,0.0,962,1199,12456,0.010066384276059784
15,13670,0,0.0,963,1199,12471,0.010065723741476547
15,13685,0,0.0,964,1200,12485,0.01006506977932223
15,13700,0,0.0,965,1200,12500,0.010064422324200068
15,13715,0,0.0,966,1200,12515,0.010063781311364012
15,13730,0,0.0,967,1200,12530,0.010063146676712244
15,13745,0,0.0,968,1200,12545,0.01006251835678077
15,13760,0,0.0,969,1200,12560,0.010061896288737071
15,13775,0,0.0,970,1200,12575,0.01006128041037383
15,13790,0,0.0,971,1200,12590,0.01006067066010269
15,13805,0,0.0,972,1200,12605,0.01006006697694812
15,13820,0,0.0,973,1200,12620,0.010059469300541302
15,13835,0,0.0,974,1200,12635,0.010058877571114096
15,13850,0,0.0,975,1200,12650,0.010058291729493065
15,13865,0,0.0,976,1200,12665,0.01005771171709356
15,13880,0,0.0,977,1200,12680,0.010057137475913858
15,13895,0,0.0,978,1200,12695,0.010056568948529363
15,13910,0,0.0,979,1200,12710,0.010056006078086861
15,13925,0,0.0,980,1200,12725,0.01005544880829884
15,13940,0,0.0,981,1200,12740,0.010054897083437856
10,13950,0,0.0,982,1201,12749,0.010054350848330963
15,13965,0,0.0,983,1201,12764,0.010053810048354195
15,13980,0,0.0,984,1201,12779,0.010053274629427107
10,13990,0,0.0,985,1202,12788,0.010052744538007355
15,14005,0,0.0,986,1202,12803,0.01005221972108536
15,14020,0,0.0,987,1202,12818,0.010051700126178988
15,14035,0,0.0,988,1202,12833,0.010051185701328317
44,14079,0,0.0,989,1203,12876,0.010050676395090436
12,14091,0,0.0,990,1204,12887,0.010050172156534292
15,14106,0,0.0,991,1205,12901,0.010049672935235614
15,14121,0,0.0,992,1205,12916,0.010049178681271852
15,14136,0,0.0,993,1205,12931,0.010048689345217202
15,14151,0,0.0,994,1205,12946,0.010048204878137646
15,14166,0,0.0,995,1205,12961,0.010047725231586075
15,14181,0,0.0,996,1205,12976,0.010047250357597435
10,14191,0,0.0,997,1206,12985,0.010046780208683928
15,14206,0,0.0,998,1206,13000,0.010046314737830275
15,14221,0,0.0,999,1206,13015,0.010045853898488999
15,14236,0,0.0,1000,1206,13030,0.010045397644575786
15,14251,0,0.0,1001,1206,13045,0.010044945930464861
15,14266,0,0.0,1002,1206,13060,0.010044498710984437
15,14281,0,0.0,1003,1206,13075,0.010044055941412194
15,14296,0,0.0,1004,1206,13090,0.010043617577470805
15,14311,0,0.0,1005,1206,13105,0.010043183575323512
15,14326,0,0.0,1006,1206,13120,0.010042753891569738
15,14341,0,0.0,1007,1206,13135,0.01004232848324075
15,14356,0,0.0,1008,1206,13150,0.010041907307795358
15,14371,0,0.0,1009,1206,13165,0.01004149032311567
15,14386,0,0.0,1010,1207,13179,0.010041077487502869
15,14401,0,0.0,1011,1207,13194,0.010040668759673048
15,14416,0,0.0,1012,1207,13209,0.010040264098753086
10,14426,0,0.0,1013,1208,13218,0.010039863464276553
15,14441,0,0.0,1014,1208,13233,0.010039466816179668
15,14456,0,0.0,1015,1208,13248,0.010039074114797288
15,14471,0,0.0,1016,1208,13263,0.01003868532085895
15,14486,0,0.0,1017,1208,13278,0.010038300395484938
15,14501,0,0.0,1018,1208,13293,0.01003791930018239
15,14516,0,0.0,1019,1208,13308,0.01003754199684146
15,14531,0,0.0,1020,1208,13323,0.0100371684477315
15,14546,0,0.0,1021,1208,13338,0.010036798615497286
15,14561,0,0.0,1022,1208,13353,0.010036432463155286
15,14576,0,0.0,1023,1208,13368,0.010036069954089965
15,14591,0,0.0,1024,1208,13383,0.01003571105205011
15,14606,0,0.0,1025,1208,13398,0.01003535572114522
15,14621,0,0.0,1026,1208,13413,0.010035003925841906
15,14636,0,0.0,1027,1209,13427,0.010034655630960348
15,14651,0,0.0,1028,1209,13442,0.010034310801670764
15,14666,0,0.0,1029,1209,13457,0.010033969403489941
6,14672,0,0.0,1030,1210,13462,0.010033631402277775
15,14687,0,0.0,1031,1210,13477,0.010033296764233863
15,14702,0,0.0,1032,1210,13492,0.01003296545589412
15,14717,0,0.0,1033,1210,13507,0.01003263744412744
15,14732,0,0.0,1034,1210,13522,0.010032312696132369
15,14747,0,0.0,1035,1210,13537,0.01003199117943384
15,14762,0,0.0,1036,1210,13552,0.010031672861879913
15,14777,0,0.0,1037,1210,13567,0.010031357711638567
15,14792,0,0.0,1038,1210,13582,0.010031045697194518
15,14807,0,0.0,1039,1210,13597,0.01003073678734606
15,14822,0,0.0,1040,1210,13612,0.01003043095120195
15,14837,0,0.0,1041,1210,13627,0.01003012815817832
7,14844,0,0.0,1042,1211,13633,0.010029828377995615
15,14859,0,0.0,1043,1211,13648,0.010029531580675564
15,14874,0,0.0,1044,1211,13663,0.010029237736538193
8,14882,0,0.0,1045,1212,13670,0.01002894681619884
15,14897,0,0.0,1046,1212,13685,0.010028658790565229
15,14912,0,0.0,1047,1212,13700,0.010028373630834558
15,14927,0,0.0,1048,1212,13715,0.010028091308490614
15,14942,0,0.0,1049,1212,13730,0.010027811795300929
15,14957,0,0.0,1050,1212,13745,0.01002753506331395
15,14972,0,0.0,1051,1213,13759,0.01002726108485625
15,14987,0,0.0,1052,1213,13774,0.010026989832529752
15,15002,0,0.0,1053,1213,13789,0.010026721279208999
15,15017,0,0.0,1054,1213,13804,0.010026455398038434
15,15032,0,0.0,1055,1213,13819,0.01002619216242972
15,15047,0,0.0,1056,1213,13834,0.010025931546059077
15,15062,0,0.0,1057,1213,13849,0.010025673522864646
15,15077,0,0.0,1058,1213,13864,0.0100254180670439
15,15092,0,0.0,1059,1213,13879,0.010025165153051038
15,15107,0,0.0,1060,1213,13894,0.010024914755594453
15,15122,0,0.0,1061,1213,13909,0.01002466684963419
15,15137,0,0.0,1062,1213,13924,0.010024421410379444
15,15152,0,0.0,1063,1213,13939,0.01002417841328609
15,15167,0,0.0,1064,1213,13954,0.010023937834054211
15,15182,0,0.0,1065,1213,13969,0.010023699648625687
15,15197,0,0.0,1066,1213,13984,0.010023463833181775
15,15212,0,0.0,1067,1213,13999,0.010023230364140734
15,15227,0,0.0,1068,1213,14014,0.010022999218155467
15,15242,0,0.0,1069,1214,14028,0.01002277037211118
15,15257,0,0.0,1070,1214,14043,0.01002254380312308
15,15272,0,0.0,1071,1214,14058,0.01002231948853408
15,15287,0,0.0,1072,1214,14073,0.010022097405912533
15,15302,0,0.0,1073,1214,14088,0.010021877533049992
15,15317,0,0.0,1074,1214,14103,0.010021659847958985
15,15332,0,0.0,1075,1214,14118,0.010021444328870826
15,15347,0,0.0,1076,1214,14133,0.010021230954233424
15,15362,0,0.0,1077,1214,14148,0.010021019702709136
15,15377,0,0.0,1078,1215,14162,0.010020810553172638
15,15392,0,0.0,1079,1215,14177,0.010020603484708799
15,15407,0,0.0,1080,1215,14192,0.0100203984766106
15,15422,0,0.0,1081,1215,14207,0.01002019550837706
15,15437,0,0.0,1082,1215,14222,0.010019994559711188
15,15452,0,0.0,1083,1215,14237,0.01001979561051795
15,15467,0,0.0,1084,1215,14252,0.01001959864090226
15,15482,0,0.0,1085,1215,14267,0.010019403631166992
10,15492,0,0.0,1086,1216,14276,0.01001921056181101
15,15507,0,0.0,1087,1216,14291,0.01001901941352722
15,15522,0,0.0,1088,1216,14306,0.01001883016720063
15,15537,0,0.0,1089,1216,14321,0.010018642803906453
15,15552,0,0.0,1090,1216,14336,0.010018457304908203
15,15567,0,0.0,1091,1216,14351,0.010018273651655822
15,15582,0,0.0,1092,1216,14366,0.010018091825783837
15,15597,0,0.0,1093,1216,14381,0.010017911809109508
15,15612,0,0.0,1094,1216,14396,0.010017733583631014
15,15627,0,0.0,1095,1217,14410,0.010017557131525663
15,15642,0,0.0,1096,1217,14425,0.010017382435148095
15,15657,0,0.0,1097,1217,14440,0.010017209477028527
15,15672,0,0.0,1098,1217,14455,0.010017038239871004
15,15687,0,0.0,1099,1217,14470,0.010016868706551666
15,15702,0,0.0,1100,1217,14485,0.01001670086011704
15,15717,0,0.0,1101,1217,14500,0.010016534683782344
15,15732,0,0.0,1102,1217,14515,0.010016370160929804
15,15747,0,0.0,1103,1217,14530,0.010016207275107
15,15762,0,0.0,1104,1217,14545,0.010016046010025212
15,15777,0,0.0,1105,1217,14560,0.0100158863495578
15,15792,0,0.0,1106,1217,14575,0.01001572827773858
15,15807,0,0.0,1107,1217,14590,0.010015571778760241
15,15822,0,0.0,1108,1217,14605,0.010015416836972756
15,15837,0,0.0,1109,1217,14620,0.010015263436881815
15,15852,0,0.0,1110,1217,14635,0.010015111563147282
15,15867,0,0.0,1111,1217,14650,0.010014961200581656
10,15877,0,0.0,1112,1218,14659,0.010014812334148557
15,15892,0,0.0,1113,1219,14673,0.010014664948961216
15,15907,0,0.0,1114,1219,14688,0.010014519030280992
15,15922,0,0.0,1115,1219,14703,0.010014374563515895
15,15937,0,0.0,1116,1219,14718,0.01001423153421913
15,15952,0,0.0,1117,1219,14733,0.010014089928087644
15,15967,0,0.0,1118,1219,14748,0.01001394973096071
15,15982,0,0.0,1119,1219,14763,0.010013810928818496
15,15997,0,0.0,1120,1219,14778,0.010013673507780674
15,16012,0,0.0,1121,1220,14792,0.010013537454105024
15,16027,0,0.0,1122,1220,14807,0.010013402754186067
15,16042,0,0.0,1123,1221,14821,0.010013269394553695
15,16057,0,0.0,1124,1221,14836,0.010013137361871838
15,16072,0,0.0,1125,1221,14851,0.010013006642937116
15,16087,0,0.0,1126,1221,14866,0.010012877224677526
15,16102,0,0.0,1127,1221,14881,0.010012749094151136
15,16117,0,0.0,1128,1221,14896,0.010012622238544785
14,16131,0,0.0,1129,1222,14909,0.010012496645172807
15,16146,0,0.0,1130,1222,14924,0.01001237230147576
15,16161,0,0.0,1131,1222,14939,0.01001224919501917
15,16176,0,0.0,1132,1222,14954,0.01001212731349229
15,16191,0,0.0,1133,1222,14969,0.010012006644706866
15,16206,0,0.0,1134,1222,14984,0.010011887176595919
15,16221,0,0.0,1135,1223,14998,0.010011768897212536
15,16236,0,0.0,1136,1223,15013,0.010011651794728682
15,16251,0,0.0,1137,1223,15028,0.010011535857434011
15,16266,0,0.0,1138,1223,15043,0.010011421073734697
15,16281,0,0.0,1139,1223,15058,0.010011307432152275
6,16287,0,0.0,1140,1224,15063,0.01001119492132249
15,16302,0,0.0,1141,1224,15078,0.010011083529994165
15,16317,0,0.0,1142,1224,15093,0.010010973247028078
15,16332,0,0.0,1143,1224,15108,0.010010864061395836
15,16347,0,0.0,1144,1224,15123,0.01001075596217879
15,16362,0,0.0,1145,1225,15137,0.010010648938566923
15,16377,0,0.0,1146,1225,15152,0.010010542979857786
15,16392,0,0.0,1147,1225,15167,0.010010438075455421
15,16407,0,0.0,1148,1225,15182,0.010010334214869302
14,16421,0,0.0,1149,1226,15195,0.010010231387713281
15,16436,0,0.0,1150,1226,15210,0.010010129583704556
15,16451,0,0.0,1151,1227,15224,0.010010028792662645
15,16466,0,0.0,1152,1227,15239,0.010009929004508356
15,16481,0,0.0,1153,1227,15254,0.010009830209262792
15,16496,0,0.0,1154,1227,15269,0.010009732397046348
15,16511,0,0.0,1155,1227,15284,0.010009635558077717
15,16526,0,0.0,1156,1227,15299,0.010009539682672925
15,16541,0,0.0,1157,1227,15314,0.010009444761244348
6,16547,0,0.0,1158,1228,15319,0.010009350784299768
15,16562,0,0.0,1159,1228,15334,0.01000925774244141
15,16577,0,0.0,1160,1228,15349,0.01000916562636501
15,16592,0,0.0,1161,1228,15364,0.010009074426858885
15,16607,0,0.0,1162,1228,15379,0.010008984134803008
15,16622,0,0.0,1163,1228,15394,0.010008894741168098
15,16637,0,0.0,1164,1228,15409,0.010008806237014717
15,16652,0,0.0,1165,1228,15424,0.010008718613492376
15,16667,0,0.0,1166,1228,15439,0.010008631861838651
15,16682,0,0.0,1167,1228,15454,0.010008545973378302
15,16697,0,0.0,1168,1228,15469,0.010008460939522413
15,16712,0,0.0,1169,1228,15484,0.010008376751767528
15,16727,0,0.0,1170,1228,15499,0.010008293401694799
15,16742,0,0.0,1171,1228,15514,0.01000821088096915
15,16757,0,0.0,1172,1228,15529,0.010008129181338442
15,16772,0,0.0,1173,1229,15543,0.01000804829463264
15,16787,0,0.0,1174,1229,15558,0.01000796821276301
15,16802,0,0.0,1175,1230,15572,0.010007888927721297
6,16808,0,0.0,1176,1231,15577,0.010007810431578928
15,16823,0,0.0,1177,1231,15592,0.010007732716486228
15,16838,0,0.0,1178,1231,15607,0.01000765577467162
15,16853,0,0.0,1179,1231,15622,0.010007579598440857
15,16868,0,0.0,1180,1231,15637,0.010007504180176256
15,16883,0,0.0,1181,1231,15652,0.010007429512335927
15,16898,0,0.0,1182,1231,15667,0.010007355587453021
15,16913,0,0.0,1183,1231,15682,0.010007282398134991
15,16928,0,0.0,1184,1231,15697,0.010007209937062844
15,16943,0,0.0,1185,1231,15712,0.01000713819699041
15,16958,0,0.0,1186,1231,15727,0.010007067170743624
15,16973,0,0.0,1187,1232,15741,0.010006996851219802
15,16988,0,0.0,1188,1232,15756,0.010006927231386933
15,17003,0,0.0,1189,1232,15771,0.010006858304282974
15,17018,0,0.0,1190,1232,15786,0.01000679006301516
15,17033,0,0.0,1191,1232,15801,0.010006722500759306
15,17048,0,0.0,1192,1232,15816,0.010006655610759129
15,17063,0,0.0,1193,1232,15831,0.010006589386325575
15,17078,0,0.0,1194,1232,15846,0.010006523820836145
15,17093,0,0.0,1195,1232,15861,0.010006458907734234
15,17108,0,0.0,1196,1232,15876,0.010006394640528481
15,17123,0,0.0,1197,1232,15891,0.010006331012792108
15,17138,0,0.0,1198,1232,15906,0.01000626801816229
15,17153,0,0.0,1199,1232,15921,0.010006205650339512
15,17168,0,0.0,1200,1232,15936,0.010006143903086939
13,17181,0,0.0,1201,1233,15948,0.010006082770229794
6,17187,0,0.0,1202,1234,15953,0.010006022245654743
15,17202,0,0.0,1203,1234,15968,0.010005962323309275
15,17217,0,0.0,1204,1234,15983,0.010005902997201107
15,17232,0,0.0,1205,1234,15998,0.010005844261397577
15,17247,0,0.0,1206,1234,16013,0.010005786110025058
15,17262,0,0.0,1207,1234,16028,0.010005728537268364
15,17277,0,0.0,1208,1234,16043,0.010005671537370168
15,17292,0,0.0,1209,1234,16058,0.010005615104630439
15,17307,0,0.0,1210,1234,16073,0.01000555923340585
15,17322,0,0.0,1211,1234,16088,0.010005503918109233
15,17337,0,0.0,1212,1234,16103,0.010005449153209016
15,17352,0,0.0,1213,1234,16118,0.01000539493322866
15,17367,0,0.0,1214,1234,16133,0.010005341252746124
15,17382,0,0.0,1215,1234,16148,0.010005288106393312
44,17426,0,0.0,1216,1235,16191,0.010005235488855546
15,17441,0,0.0,1217,1235,16206,0.010005183394871029
15,17456,0,0.0,1218,1235,16221,0.010005131819230318
44,17500,0,0.0,1219,1236,16264,0.010005080756775806
15,17515,0,0.0,1220,1236,16279,0.010005030202401208
15,17530,0,0.0,1221,1236,16294,0.01000498015105104
15,17545,0,0.0,1222,1236,16309,0.010004930597720129
15,17560,0,0.0,1223,1236,16324,0.010004881537453098
15,17575,0,0.0,1224,1236,16339,0.01000483296534388
15,17590,0,0.0,1225,1236,16354,0.010004784876535224
15,17605,0,0.0,1226,1236,16369,0.010004737266218209
15,17620,0,0.0,1227,1236,16384,0.010004690129631762
10,17630,0,0.0,1228,1237,16393,0.010004643462062188
15,17645,0,0.0,1229,1237,16408,0.01000459725884269
15,17660,0,0.0,1230,1237,16423,0.010004551515352907
15,17675,0,0.0,1231,1237,16438,0.010004506227018452
15,17690,0,0.0,1232,1238,16452,0.010004461389310455
15,17705,0,0.0,1233,1238,16467,0.010004416997745106
15,17720,0,0.0,1234,1238,16482,0.010004373047883213
15,17735,0,0.0,1235,1238,16497,0.010004329535329752
15,17750,0,0.0,1236,1238,16512,0.010004286455733433
15,17765,0,0.0,1237,1238,16527,0.010004243804786258
15,17780,0,0.0,1238,1238,16542,0.010004201578223099
15,17795,0,0.0,1239,1238,16557,0.010004159771821263
15,17810,0,0.0,1240,1239,16571,0.010004118381400076
15,17825,0,0.0,1241,1240,16585,0.010004077402820461
15,17840,0,0.0,1242,1240,16600,0.010004036831984526
15,17855,0,0.0,1243,1240,16615,0.010003996664835153
15,17870,0,0.0,1244,1240,16630,0.010003956897355594
15,17885,0,0.0,1245,1240,16645,0.010003917525569068
15,17900,0,0.0,1246,1240,16660,0.010003878545538364
15,17915,0,0.0,1247,1240,16675,0.010003839953365446
8,17923,0,0.0,1248,1241,16682,0.010003801745191065
15,17938,0,0.0,1249,1242,16696,0.01000376391719437
15,17953,0,0.0,1250,1242,16711,0.010003726465592533
15,17968,0,0.0,1251,1242,16726,0.010003689386640358
15,17983,0,0.0,1252,1242,16741,0.010003652676629922
15,17998,0,0.0,1253,1242,16756,0.010003616331890194
15,18013,0,0.0,1254,1242,16771,0.01000358034878667
15,18028,0,0.0,1255,1242,16786,0.010003544723721006
15,18043,0,0.0,1256,1242,16801,0.010003509453130669
15,18058,0,0.0,1257,1243,16815,0.01000347453348857
15,18073,0,0.0,1258,1243,16830,0.010003439961302714
15,18088,0,0.0,1259,1244,16844,0.010003405733115854
15,18103,0,0.0,1260,1244,16859,0.010003371845505146
15,18118,0,0.0,1261,1244,16874,0.010003338295081798
15,18133,0,0.0,1262,1244,16889,0.01000330507849074
15,18148,0,0.0,1263,1244,16904,0.010003272192410284
15,18163,0,0.0,1264,1244,16919,0.010003239633551798
15,18178,0,0.0,1265,1244,16934,0.010003207398659366
15,18193,0,0.0,1266,1244,16949,0.010003175484509472
15,18208,0,0.0,1267,1244,16964,0.010003143887910676
15,18223,0,0.0,1268,1244,16979,0.010003112605703291
15,18238,0,0.0,1269,1244,16994,0.01000308163475907
15,18253,0,0.0,1270,1244,17009,0.010003050971980893
15,18268,0,0.0,1271,1244,17024,0.010003020614302456
15,18283,0,0.0,1272,1244,17039,0.010002990558687967
15,18298,0,0.0,1273,1244,17054,0.010002960802131838
8,18306,0,0.0,1274,1245,17061,0.010002931341658392
15,18321,0,0.0,1275,1245,17076,0.010002902174321553
15,18336,0,0.0,1276,1246,17090,0.010002873297204564
14,18350,0,0.0,1277,1247,17103,0.01000284470741969
15,18365,0,0.0,1278,1247,17118,0.01000281640210793
15,18380,0,0.0,1279,1247,17133,0.010002788378438727
15,18395,0,0.0,1280,1247,17148,0.010002760633609692
15,18410,0,0.0,1281,1247,17163,0.010002733164846317
15,18425,0,0.0,1282,1247,17178,0.010002705969401705
15,18440,0,0.0,1283,1249,17191,0.010002679044556288
15,18455,0,0.0,1284,1250,17205,0.01000265238761756
15,18470,0,0.0,1285,1250,17220,0.010002625995919804
15,18485,0,0.0,1286,1250,17235,0.010002599866823827
15,18500,0,0.0,1287,1250,17250,0.0100025739977167
15,18515,0,0.0,1288,1250,17265,0.01000254838601149
15,18530,0,0.0,1289,1250,17280,0.010002523029147005
15,18545,0,0.0,1290,1250,17295,0.010002497924587536
15,18560,0,0.0,1291,1250,17310,0.010002473069822607
15,18575,0,0.0,1292,1251,17324,0.010002448462366724
15,18590,0,0.0,1293,1251,17339,0.010002424099759115
15,18605,0,0.0,1294,1251,17354,0.010002399979563504
15,18620,0,0.0,1295,1251,17369,0.010002376099367848
15,18635,0,0.0,1296,1251,17384,0.01000235245678411
15,18650,0,0.0,1297,1251,17399,0.01000232904944801
15,18665,0,0.0,1298,1251,17414,0.010002305875018797
15,18680,0,0.0,1299,1251,17429,0.010002282931179005
15,18695,0,0.0,1300,1251,17444,0.010002260215634235
15,18710,0,0.0,1301,1251,17459,0.010002237726112912
15,18725,0,0.0,1302,1251,17474,0.010002215460366065
13,18738,0,0.0,1303,1252,17486,0.0100021934161671
15,18753,0,0.0,1304,1252,17501,0.01000217159131158
15,18768,0,0.0,1305,1252,17516,0.010002149983617
15,18783,0,0.0,1306,1252,17531,0.010002128590922576
15,18798,0,0.0,1307,1252,17546,0.010002107411089015
7,18805,0,0.0,1308,1253,17552,0.01000208644199832
15,18820,0,0.0,1309,1253,17567,0.010002065681553565
15,18835,0,0.0,1310,1253,17582,0.010002045127678686
15,18850,0,0.0,1311,1253,17597,0.010002024778318278
15,18865,0,0.0,1312,1253,17612,0.01000200463143739
15,18880,0,0.0,1313,1253,17627,0.010001984685021318
15,18895,0,0.0,1314,1253,17642,0.010001964937075399
15,18910,0,0.0,1315,1253,17657,0.010001945385624827
15,18925,0,0.0,1316,1253,17672,0.010001926028714438
15,18940,0,0.0,1317,1253,17687,0.010001906864408525
44,18984,0,0.0,1318,1254,17730,0.010001887890790642
15,18999,0,0.0,1319,1254,17745,0.010001869105963412
15,19014,0,0.0,1320,1254,17760,0.010001850508048336
15,19029,0,0.0,1321,1254,17775,0.010001832095185606
15,19044,0,0.0,1322,1254,17790,0.010001813865533922
15,19059,0,0.0,1323,1254,17805,0.010001795817270303
15,19074,0,0.0,1324,1254,17820,0.010001777948589908
15,19089,0,0.0,1325,1254,17835,0.010001760257705852
15,19104,0,0.0,1326,1254,17850,0.010001742742849035
15,19119,0,0.0,1327,1254,17865,0.010001725402267955
15,19134,0,0.0,1328,1254,17880,0.010001708234228539
15,19149,0,0.0,1329,1254,17895,0.01000169123701397
15,19164,0,0.0,1330,1254,17910,0.010001674408924511
15,19179,0,0.0,1331,1254,17925,0.01000165774827734
15,19194,0,0.0,1332,1255,17939,0.010001641253406378
15,19209,0,0.0,1333,1255,17954,0.010001624922662126
15,19224,0,0.0,1334,1255,17969,0.010001608754411492
15,19239,0,0.0,1335,1255,17984,0.010001592747037642
15,19254,0,0.0,1336,1255,17999,0.010001576898939822
15,19269,0,0.0,1337,1255,18014,0.010001561208533209
15,19284,0,0.0,1338,1255,18029,0.010001545674248751
15,19299,0,0.0,1339,1255,18044,0.010001530294533007
15,19314,0,0.0,1340,1255,18059,0.01000151506784799
15,19329,0,0.0,1341,1255,18074,0.010001499992671022
15,19344,0,0.0,1342,1255,18089,0.01000148506749457
15,19359,0,0.0,1343,1255,18104,0.010001470290826106
15,19374,0,0.0,1344,1256,18118,0.01000145566118795
15,19389,0,0.0,1345,1256,18133,0.010001441177117125
15,19404,0,0.0,1346,1257,18147,0.010001426837165211
15,19419,0,0.0,1347,1257,18162,0.010001412639898205
15,19434,0,0.0,1348,1257,18177,0.010001398583896365
15,19449,0,0.0,1349,1257,18192,0.01000138466775408
15,19464,0,0.0,1350,1257,18207,0.010001370890079726
15,19479,0,0.0,1351,1257,18222,0.01000135724949552
15,19494,0,0.0,1352,1257,18237,0.010001343744637396
15,19509,0,0.0,1353,1257,18252,0.010001330374154856
15,19524,0,0.0,1354,1257,18267,0.010001317136710838
15,19539,0,0.0,1355,1257,18282,0.010001304030981591
15,19554,0,0.0,1356,1257,18297,0.010001291055656527
15,19569,0,0.0,1357,1257,18312,0.010001278209438106
15,19584,0,0.0,1358,1257,18327,0.010001265491041694
15,19599,0,0.0,1359,1257,18342,0.01000125289919544
15,19614,0,0.0,1360,1257,18357,0.01000124043264015
11,19625,0,0.0,1361,1258,18367,0.010001228090129157
15,19640,0,0.0,1362,1258,18382,0.0100012158704282
15,19655,0,0.0,1363,1258,18397,0.0100012037723153
15,19670,0,0.0,1364,1258,18412,0.010001191794580635
15,19685,0,0.0,1365,1258,18427,0.010001179936026422
15,19700,0,0.0,1366,1258,18442,0.010001168195466793
15,19715,0,0.0,1367,1258,18457,0.010001156571727685
15,19730,0,0.0,1368,1258,18472,0.010001145063646714
15,19745,0,0.0,1369,1258,18487,0.010001133670073062
15,19760,0,0.0,1370,1258,18502,0.01000112238986736
15,19775,0,0.0,1371,1259,18516,0.010001111221901582
15,19790,0,0.0,1372,1259,18531,0.01000110016505892
15,19805,0,0.0,1373,1259,18546,0.01000108921823368
15,19820,0,0.0,1374,1259,18561,0.010001078380331171
15,19835,0,0.0,1375,1259,18576,0.010001067650267596
15,19850,0,0.0,1376,1259,18591,0.010001057026969934
15,19865,0,0.0,1377,1259,18606,0.010001046509375852
15,19880,0,0.0,1378,1259,18621,0.01000103609643358
15,19895,0,0.0,1379,1259,18636,0.010001025787101813
15,19910,0,0.0,1380,1259,18651,0.010001015580349612
15,19925,0,0.0,1381,1259,18666,0.010001005475156293
15,19940,0,0.0,1382,1259,18681,0.010000995470511326
15,19955,0,0.0,1383,1259,18696,0.01000098556541424
15,19970,0,0.0,1384,1259,18711,0.010000975758874518
15,19985,0,0.0,1385,1259,18726,0.010000966049911497
15,20000,0,0.0,1386,1259,18741,0.01000095643755427
15,20015,0,0.0,1387,1259,18756,0.010000946920841596
15,20030,0,0.0,1388,1259,18771,0.010000937498821796
15,20045,0,0.0,1389,1259,18786,0.01000092817055266
15,20060,0,0.0,1390,1259,18801,0.010000918935101352
15,20075,0,0.0,1391,1259,18816,0.010000909791544318
15,20090,0,0.0,1392,1259,18831,0.0100009007389672
15,20105,0,0.0,1393,1259,18846,0.010000891776464727
15,20120,0,0.0,1394,1259,18861,0.010000882903140645
15,20135,0,0.0,1395,1259,18876,0.010000874118107612
44,20179,0,0.0,1396,1260,18919,0.010000865420487118
15,20194,0,0.0,1397,1260,18934,0.010000856809409394
15,20209,0,0.0,1398,1260,18949,0.010000848284013326
15,20224,0,0.0,1399,1260,18964,0.010000839843446366
15,20239,0,0.0,1400,1260,18979,0.01000083148686445
15,20254,0,0.0,1401,1260,18994,0.010000823213431913
10,20264,0,0.0,1402,1261,19003,0.010000815022321405
15,20279,0,0.0,1403,1261,19018,0.01000080691271381
15,20294,0,0.0,1404,1261,19033,0.010000798883798156
15,20309,0,0.0,1405,1261,19048,0.01000079093477155
15,20324,0,0.0,1406,1261,19063,0.01000078306483908
15,20339,0,0.0,1407,1262,19077,0.010000775273213745
15,20354,0,0.0,1408,1262,19092,0.010000767559116379
15,20369,0,0.0,1409,1262,19107,0.010000759921775564
15,20384,0,0.0,1410,1262,19122,0.01000075236042756
15,20399,0,0.0,1411,1262,19137,0.010000744874316224
15,20414,0,0.0,1412,1262,19152,0.010000737462692942
15,20429,0,0.0,1413,1262,19167,0.010000730124816544
15,20444,0,0.0,1414,1262,19182,0.010000722859953235
15,20459,0,0.0,1415,1262,19197,0.010000715667376524
15,20474,0,0.0,1416,1262,19212,0.010000708546367148
15,20489,0,0.0,1417,1262,19227,0.010000701496212999
15,20504,0,0.0,1418,1262,19242,0.010000694516209054
15,20519,0,0.0,1419,1262,19257,0.01000068760565731
15,20534,0,0.0,1420,1262,19272,0.010000680763866706
15,20549,0,0.0,1421,1262,19287,0.010000673990153053
15,20564,0,0.0,1422,1262,19302,0.01000066728383898
15,20579,0,0.0,1423,1262,19317,0.010000660644253844
15,20594,0,0.0,1424,1262,19332,0.010000654070733687
15,20609,0,0.0,1425,1262,19347,0.010000647562621147
15,20624,0,0.0,1426,1262,19362,0.01000064111926541
15,20639,0,0.0,1427,1262,19377,0.010000634740022132
15,20654,0,0.0,1428,1262,19392,0.010000628424253385
11,20665,0,0.0,1429,1263,19402,0.010000622171327588
15,20680,0,0.0,1430,1263,19417,0.010000615980619442
15,20695,0,0.0,1431,1264,19431,0.01000060985150987
15,20710,0,0.0,1432,1264,19446,0.010000603783385959
15,20725,0,0.0,1433,1264,19461,0.01000059777564089
15,20740,0,0.0,1434,1264,19476,0.010000591827673882
15,20755,0,0.0,1435,1264,19491,0.010000585938890135
15,20770,0,0.0,1436,1264,19506,0.010000580108700766
15,20785,0,0.0,1437,1264,19521,0.010000574336522749
15,20800,0,0.0,1438,1264,19536,0.010000568621778864
15,20815,0,0.0,1439,1264,19551,0.010000562963897631
15,20830,0,0.0,1440,1264,19566,0.010000557362313256
15,20845,0,0.0,1441,1264,19581,0.010000551816465577
15,20860,0,0.0,1442,1264,19596,0.010000546325800004
15,20875,0,0.0,1443,1264,19611,0.010000540889767467
10,20885,0,0.0,1444,1265,19620,0.010000535507824357
15,20900,0,0.0,1445,1265,19635,0.010000530179432476
15,20915,0,0.0,1446,1265,19650,0.01000052490405898
15,20930,0,0.0,1447,1265,19665,0.010000519681176328
15,20945,0,0.0,1448,1265,19680,0.010000514510262227
15,20960,0,0.0,1449,1265,19695,0.01000050939079958
15,20975,0,0.0,1450,1265,19710,0.010000504322276437
44,21019,0,0.0,1451,1267,19752,0.010000499304185942
15,21034,0,0.0,1452,1267,19767,0.010000494336026282
15,21049,0,0.0,1453,1267,19782,0.010000489417300638
15,21064,0,0.0,1454,1267,19797,0.01000048454751713
15,21079,0,0.0,1455,1267,19812,0.010000479726188779
15,21094,0,0.0,1456,1267,19827,0.010000474952833445
15,21109,0,0.0,1457,1267,19842,0.010000470226973791
15,21124,0,0.0,1458,1267,19857,0.010000465548137227
15,21139,0,0.0,1459,1267,19872,0.010000460915855863
15,21154,0,0.0,1460,1267,19887,0.010000456329666469
15,21169,0,0.0,1461,1267,19902,0.010000451789110423
15,21184,0,0.0,1462,1268,19916,0.010000447293733663
15,21199,0,0.0,1463,1268,19931,0.01000044284308665
15,21214,0,0.0,1464,1268,19946,0.010000438436724315
15,21229,0,0.0,1465,1268,19961,0.010000434074206019
15,21244,0,0.0,1466,1268,19976,0.010000429755095503
15,21259,0,0.0,1467,1268,19991,0.010000425478960856
15,21274,0,0.0,1468,1268,20006,0.01000042124537446
15,21289,0,0.0,1469,1268,20021,0.010000417053912952
15,21304,0,0.0,1470,1269,20035,0.010000412904157182
15,21319,0,0.0,1471,1269,20050,0.010000408795692172
15,21334,0,0.0,1472,1269,20065,0.010000404728107072
44,21378,0,0.0,1473,1270,20108,0.010000400700995121
44,21422,0,0.0,1474,1271,20151,0.010000396713953601
15,21437,0,0.0,1475,1271,20166,0.010000392766583809
15,21452,0,0.0,1476,1271,20181,0.010000388858491003
15,21467,0,0.0,1477,1271,20196,0.010000384989284369
15,21482,0,0.0,1478,1271,20211,0.010000381158576986
15,21497,0,0.0,1479,1271,20226,0.010000377365985776
15,21512,0,0.0,1480,1271,20241,0.01000037361113148
15,21527,0,0.0,1481,1271,20256,0.01000036989363861
15,21542,0,0.0,1482,1271,20271,0.010000366213135409
15,21557,0,0.0,1483,1271,20286,0.010000362569253829
15,21572,0,0.0,1484,1272,20300,0.010000358961629477
15,21587,0,0.0,1485,1273,20314,0.010000355389901586
15,21602,0,0.0,1486,1273,20329,0.01000035185371298
15,21617,0,0.0,1487,1273,20344,0.010000348352710041
15,21632,0,0.0,1488,1273,20359,0.010000344886542662
15,21647,0,0.0,1489,1273,20374,0.010000341454864224
15,21662,0,0.0,1490,1273,20389,0.010000338057331559
6,21668,0,0.0,1491,1274,20394,0.010000334693604907
15,21683,0,0.0,1492,1274,20409,0.010000331363347895
15,21698,0,0.0,1493,1274,20424,0.010000328066227493
15,21713,0,0.0,1494,1274,20439,0.01000032480191399
15,21728,0,0.0,1495,1274,20454,0.010000321570080946
12,21740,0,0.0,1496,1275,20465,0.01000031837040518
15,21755,0,0.0,1497,1275,20480,0.010000315202566718
15,21770,0,0.0,1498,1276,20494,0.010000312066248776
15,21785,0,0.0,1499,1276,20509,0.010000308961137721
15,21800,0,0.0,1500,1276,20524,0.010000305886923036
15,21815,0,0.0,1501,1277,20538,0.010000302843297297
15,21830,0,0.0,1502,1277,20553,0.010000299829956141
15,21845,0,0.0,1503,1277,20568,0.01000029684659823
15,21860,0,0.0,1504,1277,20583,0.010000293892925227
15,21875,0,0.0,1505,1277,20598,0.01000029096864176
15,21890,0,0.0,1506,1277,20613,0.010000288073455401
15,21905,0,0.0,1507,1277,20628,0.010000285207076628
15,21920,0,0.0,1508,1278,20642,0.010000282369218799
15,21935,0,0.0,1509,1278,20657,0.010000279559598129
15,21950,0,0.0,1510,1278,20672,0.01000027677793365
15,21965,0,0.0,1511,1278,20687,0.010000274023947195
15,21980,0,0.0,1512,1278,20702,0.010000271297363365
15,21995,0,0.0,1513,1278,20717,0.010000268597909496
15,22010,0,0.0,1514,1278,20732,0.010000265925315641
15,22025,0,0.0,1515,1278,20747,0.01000026327931454
15,22040,0,0.0,1516,1278,20762,0.01000026065964159
15,22055,0,0.0,1517,1278,20777,0.010000258066034821
15,22070,0,0.0,1518,1278,20792,0.010000255498234871
15,22085,0,0.0,1519,1278,20807,0.010000252955984957
15,22100,0,0.0,1520,1278,20822,0.010000250439030854
15,22115,0,0.0,1521,1278,20837,0.010000247947120861
15,22130,0,0.0,1522,1278,20852,0.010000245480005786
15,22145,0,0.0,1523,1278,20867,0.010000243037438917
44,22189,0,0.0,1524,1279,20910,0.010000240619175996
15,22204,0,0.0,1525,1279,20925,0.010000238224975191
15,22219,0,0.0,1526,1279,20940,0.010000235854597084
15,22234,0,0.0,1527,1279,20955,0.01000023350780463
15,22249,0,0.0,1528,1279,20970,0.010000231184363153
15,22264,0,0.0,1529,1279,20985,0.010000228884040306
15,22279,0,0.0,1530,1279,21000,0.010000226606606053
15,22294,0,0.0,1531,1279,21015,0.010000224351832648
15,22309,0,0.0,1532,1279,21030,0.010000222119494615
14,22323,0,0.0,1533,1280,21043,0.010000219909368717
15,22338,0,0.0,1534,1280,21058,0.010000217721233938
15,22353,0,0.0,1535,1280,21073,0.010000215554871463
15,22368,0,0.0,1536,1280,21088,0.010000213410064657
15,22383,0,0.0,1537,1280,21103,0.010000211286599033
15,22398,0,0.0,1538,1280,21118,0.010000209184262247
15,22413,0,0.0,1539,1280,21133,0.01000020710284406
15,22428,0,0.0,1540,1280,21148,0.01000020504213633
15,22443,0,0.0,1541,1280,21163,0.010000203001932986
15,22458,0,0.0,1542,1280,21178,0.010000200982030003
15,22473,0,0.0,1543,1280,21193,0.010000198982225391
15,22488,0,0.0,1544,1280,21208,0.010000197002319168
15,22503,0,0.0,1545,1280,21223,0.01000019504211334
15,22518,0,0.0,1546,1280,21238,0.010000193101411887
15,22533,0,0.0,1547,1280,21253,0.010000191180020735
15,22548,0,0.0,1548,1280,21268,0.010000189277747745
15,22563,0,0.0,1549,1281,21282,0.010000187394402687
6,22569,0,0.0,1550,1282,21287,0.010000185529797227
15,22584,0,0.0,1551,1282,21302,0.010000183683744899
15,22599,0,0.0,1552,1282,21317,0.010000181856061099
15,22614,0,0.0,1553,1282,21332,0.010000180046563058
15,22629,0,0.0,1554,1282,21347,0.010000178255069823
15,22644,0,0.0,1555,1282,21362,0.010000176481402244
15,22659,0,0.0,1556,1282,21377,0.01000017472538295
15,22674,0,0.0,1557,1282,21392,0.010000172986836342
15,22689,0,0.0,1558,1282,21407,0.010000171265588562
15,22704,0,0.0,1559,1282,21422,0.010000169561467482
15,22719,0,0.0,1560,1282,21437,0.01000016787430269
15,22734,0,0.0,1561,1282,21452,0.01000016620392547
15,22749,0,0.0,1562,1282,21467,0.01000016455016878
15,22764,0,0.0,1563,1282,21482,0.010000162912867244
15,22779,0,0.0,1564,1282,21497,0.010000161291857131
15,22794,0,0.0,1565,1282,21512,0.010000159686976337
15,22809,0,0.0,1566,1282,21527,0.010000158098064375
15,22824,0,0.0,1567,1282,21542,0.01000015652496235
15,22839,0,0.0,1568,1282,21557,0.010000154967512952
15,22854,0,0.0,1569,1282,21572,0.010000153425560435
13,22867,0,0.0,1570,1283,21584,0.010000151898950602
15,22882,0,0.0,1571,1283,21599,0.01000015038753079
15,22897,0,0.0,1572,1283,21614,0.010000148891149856
15,22912,0,0.0,1573,1283,21629,0.010000147409658162
15,22927,0,0.0,1574,1283,21644,0.010000145942907556
15,22942,0,0.0,1575,1283,21659,0.010000144490751362
15,22957,0,0.0,1576,1283,21674,0.010000143053044365
15,22972,0,0.0,1577,1283,21689,0.010000141629642792
6,22978,0,0.0,1578,1284,21694,0.010000140220404298
15,22993,0,0.0,1579,1284,21709,0.010000138825187965
15,23008,0,0.0,1580,1284,21724,0.010000137443854265
15,23023,0,0.0,1581,1284,21739,0.010000136076265065
15,23038,0,0.0,1582,1284,21754,0.010000134722283604
15,23053,0,0.0,1583,1284,21769,0.010000133381774485
15,23068,0,0.0,1584,1284,21784,0.010000132054603653
15,23083,0,0.0,1585,1284,21799,0.010000130740638394
15,23098,0,0.0,1586,1284,21814,0.010000129439747306
15,23113,0,0.0,1587,1284,21829,0.0100001281518003
15,23128,0,0.0,1588,1284,21844,0.010000126876668581
15,23143,0,0.0,1589,1284,21859,0.010000125614224637
15,23158,0,0.0,1590,1285,21873,0.010000124364342217
15,23173,0,0.0,1591,1285,21888,0.010000123126896337
15,23188,0,0.0,1592,1286,21902,0.010000121901763248
15,23203,0,0.0,1593,1286,21917,0.010000120688820438
15,23218,0,0.0,1594,1286,21932,0.01000011948794661
10,23228,0,0.0,1595,1287,21941,0.010000118299021676
15,23243,0,0.0,1596,1287,21956,0.010000117121926742
15,23258,0,0.0,1597,1287,21971,0.010000115956544101
15,23273,0,0.0,1598,1287,21986,0.010000114802757209
15,23288,0,0.0,1599,1287,22001,0.010000113660450689
15,23303,0,0.0,1600,1288,22015,0.010000112529510307
15,23318,0,0.0,1601,1288,22030,0.010000111409822971
15,23333,0,0.0,1602,1288,22045,0.010000110301276711
15,23348,0,0.0,1603,1288,22060,0.010000109203760672
15,23363,0,0.0,1604,1288,22075,0.010000108117165098
15,23378,0,0.0,1605,1288,22090,0.01000010704138133
15,23393,0,0.0,1606,1288,22105,0.01000010597630179
15,23408,0,0.0,1607,1288,22120,0.010000104921819969
15,23423,0,0.0,1608,1288,22135,0.010000103877830416
15,23438,0,0.0,1609,1288,22150,0.010000102844228734
15,23453,0,0.0,1610,1288,22165,0.01000010182091156
15,23468,0,0.0,1611,1288,22180,0.010000100807776562
15,23483,0,0.0,1612,1288,22195,0.010000099804722426
15,23498,0,0.0,1613,1288,22210,0.010000098811648846
15,23513,0,0.0,1614,1288,22225,0.010000097828456511
15,23528,0,0.0,1615,1288,22240,0.010000096855047106
15,23543,0,0.0,1616,1288,22255,0.010000095891323285
15,23558,0,0.0,1617,1288,22270,0.010000094937188675
15,23573,0,0.0,1618,1289,22284,0.010000093992547865
15,23588,0,0.0,1619,1289,22299,0.010000093057306387
15,23603,0,0.0,1620,1289,22314,0.010000092131370718
15,23618,0,0.0,1621,1289,22329,0.010000091214648262
15,23633,0,0.0,1622,1289,22344,0.010000090307047347
15,23648,0,0.0,1623,1290,22358,0.010000089408477212
15,23663,0,0.0,1624,1290,22373,0.010000088518848
15,23678,0,0.0,1625,1290,22388,0.010000087638070747
44,23722,0,0.0,1626,1291,22431,0.010000086766057372
15,23737,0,0.0,1627,1292,22445,0.010000085902720677
15,23752,0,0.0,1628,1292,22460,0.010000085047974325
15,23767,0,0.0,1629,1292,22475,0.010000084201732842
15,23782,0,0.0,1630,1292,22490,0.0100000833639116
15,23797,0,0.0,1631,1292,22505,0.010000082534426821
15,23812,0,0.0,1632,1292,22520,0.010000081713195552
15,23827,0,0.0,1633,1292,22535,0.010000080900135672
15,23842,0,0.0,1634,1292,22550,0.010000080095165871
14,23856,0,0.0,1635,1295,22561,0.010000079298205657
15,23871,0,0.0,1636,1295,22576,0.010000078509175326
15,23886,0,0.0,1637,1295,22591,0.010000077727995979
15,23901,0,0.0,1638,1295,22606,0.010000076954589498
15,23916,0,0.0,1639,1296,22620,0.010000076188878538
15,23931,0,0.0,1640,1296,22635,0.01000007543078653
15,23946,0,0.0,1641,1296,22650,0.010000074680237664
15,23961,0,0.0,1642,1296,22665,0.010000073937156883
15,23976,0,0.0,1643,1296,22680,0.01000007320146988
15,23991,0,0.0,1644,1296,22695,0.010000072473103085
15,24006,0,0.0,1645,1296,22710,0.01000007175198366
15,24021,0,0.0,1646,1296,22725,0.010000071038039494
15,24036,0,0.0,1647,1296,22740,0.010000070331199191
15,24051,0,0.0,1648,1296,22755,0.010000069631392067
15,24066,0,0.0,1649,1296,22770,0.01000006893854814
15,24081,0,0.0,1650,1296,22785,0.010000068252598124
10,24091,0,0.0,1651,1297,22794,0.010000067573473426
15,24106,0,0.0,1652,1297,22809,0.01000006690110613
15,24121,0,0.0,1653,1297,22824,0.010000066235429003
15,24136,0,0.0,1654,1297,22839,0.010000065576375472
15,24151,0,0.0,1655,1297,22854,0.010000064923879634
15,24166,0,0.0,1656,1297,22869,0.010000064277876239
15,24181,0,0.0,1657,1298,22883,0.010000063638300683
15,24196,0,0.0,1658,1298,22898,0.010000063005089013
15,24211,0,0.0,1659,1298,22913,0.010000062378177901
15,24226,0,0.0,1660,1298,22928,0.01000006175750466
15,24241,0,0.0,1661,1299,22942,0.010000061143007222
15,24256,0,0.0,1662,1299,22957,0.010000060534624135
15,24271,0,0.0,1663,1299,22972,0.010000059932294561
15,24286,0,0.0,1664,1299,22987,0.010000059335958267
15,24301,0,0.0,1665,1299,23002,0.010000058745555618
15,24316,0,0.0,1666,1299,23017,0.010000058161027572
15,24331,0,0.0,1667,1300,23031,0.010000057582315678
15,24346,0,0.0,1668,1300,23046,0.010000057009362065
15,24361,0,0.0,1669,1300,23061,0.010000056442109434
15,24376,0,0.0,1670,1300,23076,0.010000055880501062
15,24391,0,0.0,1671,1300,23091,0.010000055324480787
15,24406,0,0.0,1672,1300,23106,0.010000054773993005
15,24421,0,0.0,1673,1300,23121,0.010000054228982667
14,24435,0,0.0,1674,1301,23134,0.010000053689395275
15,24450,0,0.0,1675,1301,23149,0.010000053155176866
15,24465,0,0.0,1676,1301,23164,0.01000005262627402
15,24480,0,0.0,1677,1301,23179,0.010000052102633843
15,24495,0,0.0,1678,1301,23194,0.010000051584203975
15,24510,0,0.0,1679,1301,23209,0.010000051070932568
15,24525,0,0.0,1680,1302,23223,0.010000050562768299
15,24540,0,0.0,1681,1302,23238,0.01000005005966035
15,24555,0,0.0,1682,1302,23253,0.010000049561558406
15,24570,0,0.0,1683,1302,23268,0.01000004906841266
15,24585,0,0.0,1684,1302,23283,0.010000048580173797
15,24600,0,0.0,1685,1303,23297,0.010000048096792991
15,24615,0,0.0,1686,1303,23312,0.010000047618221904
10,24625,0,0.0,1687,1304,23321,0.01000004714441268
15,24640,0,0.0,1688,1304,23336,0.010000046675317936
15,24655,0,0.0,1689,1304,23351,0.010000046210890762
15,24670,0,0.0,1690,1304,23366,0.010000045751084716
15,24685,0,0.0,1691,1304,23381,0.010000045295853818
15,24700,0,0.0,1692,1305,23395,0.010000044845152541
15,24715,0,0.0,1693,1305,23410,0.010000044398935818
15,24730,0,0.0,1694,1305,23425,0.010000043957159026
8,24738,0,0.0,1695,1306,23432,0.010000043519777985
15,24753,0,0.0,1696,1306,23447,0.010000043086748959
15,24768,0,0.0,1697,1306,23462,0.010000042658028644
15,24783,0,0.0,1698,1306,23477,0.010000042233574168
15,24798,0,0.0,1699,1306,23492,0.010000041813343083
15,24813,0,0.0,1700,1306,23507,0.010000041397293368
15,24828,0,0.0,1701,1306,23522,0.010000040985383415
15,24843,0,0.0,1702,1306,23537,0.010000040577572037
15,24858,0,0.0,1703,1306,23552,0.01000004017381845
15,24873,0,0.0,1704,1306,23567,0.010000039774082276
15,24888,0,0.0,1705,1306,23582,0.010000039378323547
15,24903,0,0.0,1706,1306,23597,0.01000003898650268
15,24918,0,0.0,1707,1306,23612,0.010000038598580497
15,24933,0,0.0,1708,1306,23627,0.010000038214518205
15,24948,0,0.0,1709,1306,23642,0.010000037834277395
15,24963,0,0.0,1710,1306,23657,0.010000037457820044
15,24978,0,0.0,1711,1306,23672,0.010000037085108507
15,24993,0,0.0,1712,1306,23687,0.010000036716105512
15,25008,0,0.0,1713,1306,23702,0.010000036350774158
15,25023,0,0.0,1714,1306,23717,0.010000035989077912
15,25038,0,0.0,1715,1306,23732,0.010000035630980604
15,25053,0,0.0,1716,1306,23747,0.010000035276446424
15,25068,0,0.0,1717,1306,23762,0.010000034925439917
15,25083,0,0.0,1718,1306,23777,0.010000034577925983
15,25098,0,0.0,1719,1306,23792,0.010000034233869871
15,25113,0,0.0,1720,1306,23807,0.010000033893237174
15,25128,0,0.0,1721,1306,23822,0.01000003355599383
15,25143,0,0.0,1722,1307,23836,0.010000033222106111
15,25158,0,0.0,1723,1307,23851,0.010000032891540634
15,25173,0,0.0,1724,1307,23866,0.010000032564264336
10,25183,0,0.0,1725,1308,23875,0.010000032240244492
15,25198,0,0.0,1726,1308,23890,0.010000031919448699
15,25213,0,0.0,1727,1310,23903,0.010000031601844877
15,25228,0,0.0,1728,1310,23918,0.010000031287401267
15,25243,0,0.0,1729,1310,23933,0.010000030976086424
15,25258,0,0.0,1730,1310,23948,0.010000030667869213
15,25273,0,0.0,1731,1311,23962,0.010000030362718817
15,25288,0,0.0,1732,1311,23977,0.010000030060604716
15,25303,0,0.0,1733,1311,23992,0.010000029761496701
15,25318,0,0.0,1734,1311,24007,0.010000029465364862
4,25322,0,0.0,1735,1312,24010,0.010000029172179582
15,25337,0,0.0,1736,1312,24025,0.010000028881911547
15,25352,0,0.0,1737,1312,24040,0.010000028594531725
15,25367,0,0.0,1738,1312,24055,0.01000002831001138
15,25382,0,0.0,1739,1312,24070,0.01000002802832206
15,25397,0,0.0,1740,1312,24085,0.010000027749435597
15,25412,0,0.0,1741,1312,24100,0.010000027473324099
15,25427,0,0.0,1742,1312,24115,0.010000027199959956
15,25442,0,0.0,1743,1312,24130,0.010000026929315833
15,25457,0,0.0,1744,1312,24145,0.010000026661364663
15,25472,0,0.0,1745,1313,24159,0.010000026396079652
15,25487,0,0.0,1746,1314,24173,0.010000026133434271
15,25502,0,0.0,1747,1314,24188,0.010000025873402256
15,25517,0,0.0,1748,1314,24203,0.010000025615957602
15,25532,0,0.0,1749,1314,24218,0.010000025361074565
15,25547,0,0.0,1750,1314,24233,0.010000025108727656
15,25562,0,0.0,1751,1314,24248,0.010000024858891642
15,25577,0,0.0,1752,1315,24262,0.010000024611541538
15,25592,0,0.0,1753,1315,24277,0.010000024366652607
15,25607,0,0.0,1754,1315,24292,0.010000024124200363
15,25622,0,0.0,1755,1315,24307,0.01000002388416056
15,25637,0,0.0,1756,1315,24322,0.01000002364650919
6,25643,0,0.0,1757,1316,24327,0.010000023411222492
13,25656,0,0.0,1758,1317,24339,0.010000023178276937
15,25671,0,0.0,1759,1317,24354,0.010000022947649227
15,25686,0,0.0,1760,1317,24369,0.010000022719316303
15,25701,0,0.0,1761,1317,24384,0.010000022493255328
14,25715,0,0.0,1762,1318,24397,0.010000022269443699
15,25730,0,0.0,1763,1318,24412,0.010000022047859032
15,25745,0,0.0,1764,1318,24427,0.010000021828479169
15,25760,0,0.0,1765,1318,24442,0.010000021611282172
15,25775,0,0.0,1766,1319,24456,0.010000021396246322
15,25790,0,0.0,1767,1319,24471,0.010000021183350114
15,25805,0,0.0,1768,1319,24486,0.010000020972572257
15,25820,0,0.0,1769,1319,24501,0.010000020763891677
15,25835,0,0.0,1770,1319,24516,0.010000020557287503
15,25850,0,0.0,1771,1319,24531,0.010000020352739074
15,25865,0,0.0,1772,1319,24546,0.010000020150225938
15,25880,0,0.0,1773,1319,24561,0.010000019949727839
15,25895,0,0.0,1774,1320,24575,0.01000001975122473
15,25910,0,0.0,1775,1320,24590,0.010000019554696761
15,25925,0,0.0,1776,1320,24605,0.010000019360124277
15,25940,0,0.0,1777,1320,24620,0.010000019167487823
15,25955,0,0.0,1778,1320,24635,0.010000018976768131
12,25967,0,0.0,1779,1321,24646,0.010000018787946133
15,25982,0,0.0,1780,1321,24661,0.010000018601002946
15,25997,0,0.0,1781,1321,24676,0.010000018415919874
15,26012,0,0.0,1782,1321,24691,0.01000001823267841
15,26027,0,0.0,1783,1321,24706,0.010000018051260228
15,26042,0,0.0,1784,1321,24721,0.010000017871647188
15,26057,0,0.0,1785,1321,24736,0.010000017693821328
15,26072,0,0.0,1786,1321,24751,0.010000017517764864
15,26087,0,0.0,1787,1321,24766,0.01000001734346019
15,26102,0,0.0,1788,1321,24781,0.010000017170889879
12,26114,0,0.0,1789,1322,24792,0.01000001700003667
15,26129,0,0.0,1790,1322,24807,0.010000016830883479
15,26144,0,0.0,1791,1322,24822,0.01000001666341339
15,26159,0,0.0,1792,1322,24837,0.010000016497609657
15,26174,0,0.0,1793,1322,24852,0.010000016333455698
15,26189,0,0.0,1794,1322,24867,0.010000016170935098
15,26204,0,0.0,1795,1322,24882,0.010000016010031604
15,26219,0,0.0,1796,1322,24897,0.010000015850729129
15,26234,0,0.0,1797,1322,24912,0.01000001569301174
15,26249,0,0.0,1798,1323,24926,0.010000015536863664
15,26264,0,0.0,1799,1323,24941,0.010000015382269287
16,26280,0,0.0,1800,1324,24956,0.01000001522921315
15,26295,0,0.0,1801,1324,24971,0.010000015077679947
15,26310,0,0.0,1802,1324,24986,0.010000014927654526
15,26325,0,0.0,1803,1324,25001,0.010000014779121881
15,26340,0,0.0,1804,1324,25016,0.01000001463206716
15,26355,0,0.0,1805,1324,25031,0.01000001448647566
15,26370,0,0.0,1806,1324,25046,0.01000001434233282
15,26385,0,0.0,1807,1324,25061,0.010000014199624223
15,26400,0,0.0,1808,1324,25076,0.010000014058335602
15,26415,0,0.0,1809,1325,25090,0.010000013918452825
15,26430,0,0.0,1810,1325,25105,0.010000013779961906
15,26445,0,0.0,1811,1325,25120,0.010000013642848993
15,26460,0,0.0,1812,1325,25135,0.010000013507100378
15,26475,0,0.0,1813,1325,25150,0.010000013372702484
15,26490,0,0.0,1814,1325,25165,0.010000013239641871
15,26505,0,0.0,1815,1325,25180,0.010000013107905234
15,26520,0,0.0,1816,1325,25195,0.010000012977479397
15,26535,0,0.0,1817,1325,25210,0.010000012848351319
44,26579,0,0.0,1818,1326,25253,0.010000012720508088
15,26594,0,0.0,1819,1326,25268,0.010000012593936918
15,26609,0,0.0,1820,1326,25283,0.010000012468625152
15,26624,0,0.0,1821,1326,25298,0.010000012344560258
15,26639,0,0.0,1822,1326,25313,0.010000012221729832
15,26654,0,0.0,1823,1326,25328,0.010000012100121587
15,26669,0,0.0,1824,1327,25342,0.010000011979723366
15,26684,0,0.0,1825,1327,25357,0.010000011860523126
15,26699,0,0.0,1826,1327,25372,0.01000001174250895
15,26714,0,0.0,1827,1327,25387,0.010000011625669034
15,26729,0,0.0,1828,1327,25402,0.010000011509991694
15,26744,0,0.0,1829,1327,25417,0.010000011395465363
13,26757,0,0.0,1830,1328,25429,0.010000011282078588
15,26772,0,0.0,1831,1328,25444,0.010000011169820031
15,26787,0,0.0,1832,1328,25459,0.010000011058678464
15,26802,0,0.0,1833,1328,25474,0.010000010948642776
15,26817,0,0.0,1834,1328,25489,0.01000001083970196
15,26832,0,0.0,1835,1328,25504,0.010000010731845123
15,26847,0,0.0,1836,1328,25519,0.01000001062506148
15,26862,0,0.0,1837,1328,25534,0.010000010519340352
15,26877,0,0.0,1838,1328,25549,0.010000010414671166
15,26892,0,0.0,1839,1328,25564,0.010000010311043457
15,26907,0,0.0,1840,1328,25579,0.01000001020844686
15,26922,0,0.0,1841,1328,25594,0.010000010106871116
15,26937,0,0.0,1842,1328,25609,0.010000010006306069
15,26952,0,0.0,1843,1328,25624,0.01000000990674166
15,26967,0,0.0,1844,1328,25639,0.010000009808167933
15,26982,0,0.0,1845,1329,25653,0.010000009710575032
15,26997,0,0.0,1846,1329,25668,0.010000009613953196
15,27012,0,0.0,1847,1329,25683,0.010000009518292764
15,27027,0,0.0,1848,1329,25698,0.010000009423584168
15,27042,0,0.0,1849,1329,25713,0.01000000932981794
15,27057,0,0.0,1850,1329,25728,0.010000009236984698
15,27072,0,0.0,1851,1329,25743,0.010000009145075166
15,27087,0,0.0,1852,1330,25757,0.010000009054080147
15,27102,0,0.0,1853,1330,25772,0.010000008963990545
15,27117,0,0.0,1854,1330,25787,0.010000008874797349
15,27132,0,0.0,1855,1330,25802,0.010000008786491639
15,27147,0,0.0,1856,1330,25817,0.010000008699064587
15,27162,0,0.0,1857,1330,25832,0.010000008612507449
15,27177,0,0.0,1858,1330,25847,0.010000008526811568
15,27192,0,0.0,1859,1330,25862,0.010000008441968375
15,27207,0,0.0,1860,1330,25877,0.010000008357969386
15,27222,0,0.0,1861,1330,25892,0.0100000082748062
15,27237,0,0.0,1862,1330,25907,0.010000008192470503
13,27250,0,0.0,1863,1331,25919,0.01000000811095406
6,27256,0,0.0,1864,1332,25924,0.010000008030248718
15,27271,0,0.0,1865,1332,25939,0.01000000795034641
15,27286,0,0.0,1866,1332,25954,0.01000000787123914
15,27301,0,0.0,1867,1333,25968,0.010000007792919001
10,27311,0,0.0,1868,1334,25977,0.010000007715378163
15,27326,0,0.0,1869,1334,25992,0.010000007638608867
15,27341,0,0.0,1870,1334,26007,0.01000000756260344
15,27356,0,0.0,1871,1334,26022,0.010000007487354277
15,27371,0,0.0,1872,1334,26037,0.010000007412853857
15,27386,0,0.0,1873,1334,26052,0.01000000733909473
15,27401,0,0.0,1874,1334,26067,0.010000007266069517
15,27416,0,0.0,1875,1334,26082,0.010000007193770916
15,27431,0,0.0,1876,1334,26097,0.0100000071221917
15,27446,0,0.0,1877,1334,26112,0.010000007051324708
15,27461,0,0.0,1878,1334,26127,0.010000006981162856
10,27471,0,0.0,1879,1335,26136,0.010000006911699125
15,27486,0,0.0,1880,1335,26151,0.01000000684292657
15,27501,0,0.0,1881,1336,26165,0.010000006774838312
15,27516,0,0.0,1882,1336,26180,0.010000006707427544
15,27531,0,0.0,1883,1336,26195,0.010000006640687526
15,27546,0,0.0,1884,1336,26210,0.010000006574611581
15,27561,0,0.0,1885,1336,26225,0.010000006509193103
15,27576,0,0.0,1886,1336,26240,0.010000006444425549
15,27591,0,0.0,1887,1336,26255,0.010000006380302443
15,27606,0,0.0,1888,1336,26270,0.010000006316817373
15,27621,0,0.0,1889,1336,26285,0.010000006253963991
15,27636,0,0.0,1890,1336,26300,0.01000000619173601
15,27651,0,0.0,1891,1337,26314,0.010000006130127206
15,27666,0,0.0,1892,1337,26329,0.010000006069131422
15,27681,0,0.0,1893,1337,26344,0.010000006008742554
15,27696,0,0.0,1894,1337,26359,0.010000005948954567
15,27711,0,0.0,1895,1337,26374,0.01000000588976148
15,27726,0,0.0,1896,1337,26389,0.010000005831157375
15,27741,0,0.0,1897,1337,26404,0.01000000577313639
15,27756,0,0.0,1898,1337,26419,0.010000005715692721
15,27771,0,0.0,1899,1337,26434,0.01000000565882063
15,27786,0,0.0,1900,1337,26449,0.010000005602514423
15,27801,0,0.0,1901,1337,26464,0.010000005546768474
15,27816,0,0.0,1902,1337,26479,0.010000005491577205
15,27831,0,0.0,1903,1337,26494,0.010000005436935099
15,27846,0,0.0,1904,1337,26509,0.01000000538283669
15,27861,0,0.0,1905,1337,26524,0.01000000532927657
15,27876,0,0.0,1906,1337,26539,0.010000005276249382
15,27891,0,0.0,1907,1337,26554,0.010000005223749824
15,27906,0,0.0,1908,1337,26569,0.010000005171772646
15,27921,0,0.0,1909,1337,26584,0.010000005120312648
9,27930,0,0.0,1910,1338,26592,0.010000005069364685
6,27936,0,0.0,1911,1339,26597,0.010000005018923664
15,27951,0,0.0,1912,1339,26612,0.010000004968984538
15,27966,0,0.0,1913,1339,26627,0.010000004919542317
15,27981,0,0.0,1914,1339,26642,0.010000004870592053
15,27996,0,0.0,1915,1339,26657,0.010000004822128853
15,28011,0,0.0,1916,1339,26672,0.010000004774147869
6,28017,0,0.0,1917,1340,26677,0.010000004726644304
15,28032,0,0.0,1918,1340,26692,0.010000004679613407
15,28047,0,0.0,1919,1340,26707,0.010000004633050475
15,28062,0,0.0,1920,1340,26722,0.010000004586950852
15,28077,0,0.0,1921,1340,26737,0.010000004541309929
15,28092,0,0.0,1922,1340,26752,0.01000000449612314
15,28107,0,0.0,1923,1340,26767,0.010000004451385968
15,28122,0,0.0,1924,1340,26782,0.010000004407093938
15,28137,0,0.0,1925,1340,26797,0.01000000436324262
15,28152,0,0.0,1926,1340,26812,0.010000004319827631
15,28167,0,0.0,1927,1340,26827,0.010000004276844627
15,28182,0,0.0,1928,1340,26842,0.010000004234289312
15,28197,0,0.0,1929,1340,26857,0.01000000419215743
15,28212,0,0.0,1930,1340,26872,0.010000004150444766
15,28227,0,0.0,1931,1340,26887,0.010000004109147151
15,28242,0,0.0,1932,1341,26901,0.010000004068260454
15,28257,0,0.0,1933,1341,26916,0.010000004027780587
15,28272,0,0.0,1934,1341,26931,0.0100000039877035
15,28287,0,0.0,1935,1341,26946,0.010000003948025186
15,28302,0,0.0,1936,1341,26961,0.01000000390874168
15,28317,0,0.0,1937,1341,26976,0.01000000386984905
15,28332,0,0.0,1938,1341,26991,0.01000000383134341
15,28347,0,0.0,1939,1341,27006,0.010000003793220904
15,28362,0,0.0,1940,1341,27021,0.010000003755477726
15,28377,0,0.0,1941,1341,27036,0.010000003718110098
15,28392,0,0.0,1942,1341,27051,0.010000003681114285
15,28407,0,0.0,1943,1341,27066,0.010000003644486586
15,28422,0,0.0,1944,1341,27081,0.010000003608223338
15,28437,0,0.0,1945,1341,27096,0.010000003572320917
10,28447,0,0.0,1946,1342,27105,0.010000003536775728
15,28462,0,0.0,1947,1342,27120,0.010000003501584222
15,28477,0,0.0,1948,1342,27135,0.010000003466742877
15,28492,0,0.0,1949,1343,27149,0.01000000343224821
15,28507,0,0.0,1950,1343,27164,0.01000000339809677
15,28522,0,0.0,1951,1343,27179,0.010000003364285142
15,28537,0,0.0,1952,1343,27194,0.010000003330809946
15,28552,0,0.0,1953,1343,27209,0.010000003297667832
15,28567,0,0.0,1954,1343,27224,0.010000003264855489
15,28582,0,0.0,1955,1344,27238,0.010000003232369634
15,28597,0,0.0,1956,1344,27253,0.01000000320020702
15,28612,0,0.0,1957,1344,27268,0.010000003168364427
15,28627,0,0.0,1958,1344,27283,0.010000003136838674
15,28642,0,0.0,1959,1345,27297,0.010000003105626609
15,28657,0,0.0,1960,1345,27312,0.010000003074725107
15,28672,0,0.0,1961,1345,27327,0.010000003044131081
15,28687,0,0.0,1962,1345,27342,0.01000000301384147
15,28702,0,0.0,1963,1345,27357,0.010000002983853246
15,28717,0,0.0,1964,1345,27372,0.01000000295416341
15,28732,0,0.0,1965,1345,27387,0.010000002924768993
15,28747,0,0.0,1966,1345,27402,0.010000002895667057
15,28762,0,0.0,1967,1345,27417,0.010000002866854688
15,28777,0,0.0,1968,1345,27432,0.010000002838329006
15,28792,0,0.0,1969,1345,27447,0.010000002810087161
15,28807,0,0.0,1970,1346,27461,0.010000002782126326
15,28822,0,0.0,1971,1347,27475,0.010000002754443708
11,28833,0,0.0,1972,1348,27485,0.010000002727036534
15,28848,0,0.0,1973,1348,27500,0.010000002699902068
15,28863,0,0.0,1974,1348,27515,0.010000002673037594
15,28878,0,0.0,1975,1348,27530,0.010000002646440425
15,28893,0,0.0,1976,1348,27545,0.010000002620107903
15,28908,0,0.0,1977,1348,27560,0.010000002594037393
15,28923,0,0.0,1978,1348,27575,0.01000000256822629
15,28938,0,0.0,1979,1349,27589,0.010000002542672012
15,28953,0,0.0,1980,1349,27604,0.010000002517372002
15,28968,0,0.0,1981,1349,27619,0.010000002492323733
15,28983,0,0.0,1982,1349,27634,0.010000002467524697
15,28998,0,0.0,1983,1349,27649,0.010000002442972417
15,29013,0,0.0,1984,1349,27664,0.010000002418664434
15,29028,0,0.0,1985,1349,27679,0.010000002394598322
15,29043,0,0.0,1986,1350,27693,0.01000000237077167
15,29058,0,0.0,1987,1350,27708,0.010000002347182098
15,29073,0,0.0,1988,1350,27723,0.010000002323827245
15,29088,0,0.0,1989,1350,27738,0.010000002300704778
15,29103,0,0.0,1990,1350,27753,0.010000002277812383
15,29118,0,0.0,1991,1350,27768,0.010000002255147772
15,29133,0,0.0,1992,1350,27783,0.010000002232708676
15,29148,0,0.0,1993,1350,27798,0.010000002210492853
15,29163,0,0.0,1994,1350,27813,0.010000002188498083
15,29178,0,0.0,1995,1350,27828,0.010000002166722161
15,29193,0,0.0,1996,1350,27843,0.010000002145162916
15,29208,0,0.0,1997,1350,27858,0.01000000212381819
15,29223,0,0.0,1998,1350,27873,0.010000002102685845
15,29238,0,0.0,1999,1350,27888,0.01000000208176377
6,29244,0,0.0,2000,1351,27893,0.010000002061049876
15,29259,0,0.0,2001,1351,27908,0.010000002040542086
15,29274,0,0.0,2002,1351,27923,0.010000002020238354
15,29289,0,0.0,2003,1351,27938,0.010000002000136647
15,29304,0,0.0,2004,1351,27953,0.010000001980234954
15,29319,0,0.0,2005,1351,27968,0.010000001960531286
15,29334,0,0.0,2006,1351,27983,0.010000001941023675
15,29349,0,0.0,2007,1351,27998,0.010000001921710166
15,29364,0,0.0,2008,1351,28013,0.010000001902588831
15,29379,0,0.0,2009,1351,28028,0.010000001883657756
15,29394,0,0.0,2010,1351,28043,0.010000001864915047
15,29409,0,0.0,2011,1351,28058,0.010000001846358833
15,29424,0,0.0,2012,1351,28073,0.010000001827987255
15,29439,0,0.0,2013,1351,28088,0.010000001809798478
15,29454,0,0.0,2014,1351,28103,0.010000001791790683
15,29469,0,0.0,2015,1351,28118,0.010000001773962068
15,29484,0,0.0,2016,1351,28133,0.01000000175631085
15,29499,0,0.0,2017,1351,28148,0.010000001738835265
15,29514,0,0.0,2018,1351,28163,0.010000001721533565
15,29529,0,0.0,2019,1351,28178,0.01000000170440402
15,29544,0,0.0,2020,1351,28193,0.010000001687444917
44,29588,0,0.0,2021,1353,28235,0.01000000167065456
15,29603,0,0.0,2022,1354,28249,0.010000001654031268
15,29618,0,0.0,2023,1354,28264,0.010000001637573383
15,29633,0,0.0,2024,1354,28279,0.010000001621279255
15,29648,0,0.0,2025,1354,28294,0.010000001605147257
15,29663,0,0.0,2026,1354,28309,0.010000001589175776
15,29678,0,0.0,2027,1354,28324,0.010000001573363212
15,29693,0,0.0,2028,1354,28339,0.010000001557707985
15,29708,0,0.0,2029,1354,28354,0.010000001542208533
15,29723,0,0.0,2030,1354,28369,0.010000001526863301
15,29738,0,0.0,2031,1354,28384,0.010000001511670758
15,29753,0,0.0,2032,1354,28399,0.010000001496629383
15,29768,0,0.0,2033,1354,28414,0.010000001481737672
15,29783,0,0.0,2034,1354,28429,0.010000001466994136
15,29798,0,0.0,2035,1354,28444,0.0100000014523973
15,29813,0,0.0,2036,1354,28459,0.010000001437945705
15,29828,0,0.0,2037,1354,28474,0.010000001423637906
9,29837,0,0.0,2038,1355,28482,0.010000001409472473
15,29852,0,0.0,2039,1355,28497,0.010000001395447987
44,29896,0,0.0,2040,1357,28539,0.010000001381563048
15,29911,0,0.0,2041,1357,28554,0.010000001367816265
15,29926,0,0.0,2042,1357,28569,0.010000001354206266
15,29941,0,0.0,2043,1357,28584,0.010000001340731689
15,29956,0,0.0,2044,1357,28599,0.010000001327391185
15,29971,0,0.0,2045,1357,28614,0.010000001314183422
15,29986,0,0.0,2046,1357,28629,0.010000001301107078
15,30001,0,0.0,2047,1357,28644,0.010000001288160847
15,30016,0,0.0,2048,1357,28659,0.010000001275343432
15,30031,0,0.0,2049,1357,28674,0.010000001262653553
15,30046,0,0.0,2050,1357,28689,0.010000001250089941
15,30061,0,0.0,2051,1357,28704,0.010000001237651338
15,30076,0,0.0,2052,1357,28719,0.010000001225336501
15,30091,0,0.0,2053,1357,28734,0.0100000012131442
15,30106,0,0.0,2054,1358,28748,0.010000001201073213
15,30121,0,0.0,2055,1358,28763,0.010000001189122336
15,30136,0,0.0,2056,1358,28778,0.01000000117729037
15,30151,0,0.0,2057,1358,28793,0.010000001165576136
15,30166,0,0.0,2058,1358,28808,0.010000001153978458
8,30174,0,0.0,2059,1359,28815,0.010000001142496181
15,30189,0,0.0,2060,1359,28830,0.010000001131128155
15,30204,0,0.0,2061,1359,28845,0.010000001119873241
15,30219,0,0.0,2062,1359,28860,0.010000001108730316
15,30234,0,0.0,2063,1359,28875,0.010000001097698266
15,30249,0,0.0,2064,1359,28890,0.010000001086775985
15,30264,0,0.0,2065,1360,28904,0.010000001075962384
15,30279,0,0.0,2066,1360,28919,0.010000001065256378
15,30294,0,0.0,2067,1360,28934,0.0100000010546569
15,30309,0,0.0,2068,1362,28947,0.010000001044162888
15,30324,0,0.0,2069,1362,28962,0.010000001033773295
15,30339,0,0.0,2070,1362,28977,0.010000001023487078
15,30354,0,0.0,2071,1362,28992,0.010000001013303212
15,30369,0,0.0,2072,1362,29007,0.010000001003220677
15,30384,0,0.0,2073,1362,29022,0.010000000993238464
15,30399,0,0.0,2074,1362,29037,0.010000000983355576
15,30414,0,0.0,2075,1362,29052,0.010000000973571024
15,30429,0,0.0,2076,1362,29067,0.01000000096388383
15,30444,0,0.0,2077,1362,29082,0.010000000954293027
15,30459,0,0.0,2078,1362,29097,0.010000000944797652
15,30474,0,0.0,2079,1362,29112,0.010000000935396759
15,30489,0,0.0,2080,1362,29127,0.010000000926089405
15,30504,0,0.0,2081,1362,29142,0.010000000916874661
15,30519,0,0.0,2082,1362,29157,0.010000000907751607
15,30534,0,0.0,2083,1362,29172,0.010000000898719327
15,30549,0,0.0,2084,1362,29187,0.01000000088977692
15,30564,0,0.0,2085,1362,29202,0.010000000880923492
15,30579,0,0.0,2086,1363,29216,0.010000000872158157
15,30594,0,0.0,2087,1363,29231,0.010000000863480038
15,30609,0,0.0,2088,1363,29246,0.010000000854888268
15,30624,0,0.0,2089,1363,29261,0.010000000846381987
15,30639,0,0.0,2090,1363,29276,0.010000000837960347
15,30654,0,0.0,2091,1363,29291,0.010000000829622501
15,30669,0,0.0,2092,1363,29306,0.01000000082136762
15,30684,0,0.0,2093,1363,29321,0.010000000813194876
15,30699,0,0.0,2094,1364,29335,0.010000000805103451
15,30714,0,0.0,2095,1364,29350,0.010000000797092538
15,30729,0,0.0,2096,1364,29365,0.010000000789161335
15,30744,0,0.0,2097,1364,29380,0.010000000781309049
15,30759,0,0.0,2098,1364,29395,0.010000000773534894
15,30774,0,0.0,2099,1364,29410,0.010000000765838093
15,30789,0,0.0,2100,1364,29425,0.010000000758217876
15,30804,0,0.0,2101,1364,29440,0.010000000750673482
15,30819,0,0.0,2102,1364,29455,0.010000000743204156
15,30834,0,0.0,2103,1364,29470,0.010000000735809152
15,30849,0,0.0,2104,1365,29484,0.010000000728487729
15,30864,0,0.0,2105,1365,29499,0.010000000721239154
15,30879,0,0.0,2106,1366,29513,0.010000000714062705
15,30894,0,0.0,2107,1366,29528,0.010000000706957663
15,30909,0,0.0,2108,1366,29543,0.010000000699923316
15,30924,0,0.0,2109,1366,29558,0.010000000692958963
15,30939,0,0.0,2110,1366,29573,0.010000000686063906
15,30954,0,0.0,2111,1366,29588,0.010000000679237456
15,30969,0,0.0,2112,1366,29603,0.01000000067247893
15,30984,0,0.0,2113,1366,29618,0.010000000665787653
15,30999,0,0.0,2114,1366,29633,0.010000000659162955
15,31014,0,0.0,2115,1366,29648,0.010000000652604174
15,31029,0,0.0,2116,1366,29663,0.010000000646110655
15,31044,0,0.0,2117,1366,29678,0.010000000639681745
15,31059,0,0.0,2118,1366,29693,0.010000000633316805
15,31074,0,0.0,2119,1366,29708,0.010000000627015199
15,31089,0,0.0,2120,1366,29723,0.010000000620776293
15,31104,0,0.0,2121,1366,29738,0.010000000614599465
15,31119,0,0.0,2122,1366,29753,0.010000000608484098
15,31134,0,0.0,2123,1366,29768,0.01000000060242958
15,31149,0,0.0,2124,1366,29783,0.010000000596435306
15,31164,0,0.0,2125,1366,29798,0.010000000590500676
15,31179,0,0.0,2126,1367,29812,0.010000000584625097
15,31194,0,0.0,2127,1367,29827,0.01000000057880798
15,31209,0,0.0,2128,1367,29842,0.010000000573048744
15,31224,0,0.0,2129,1367,29857,0.010000000567346814
15,31239,0,0.0,2130,1367,29872,0.010000000561701618
15,31254,0,0.0,2131,1367,29887,0.010000000556112594
15,31269,0,0.0,2132,1367,29902,0.010000000550579181
15,31284,0,0.0,2133,1367,29917,0.010000000545100826
15,31299,0,0.0,2134,1367,29932,0.010000000539676982
15,31314,0,0.0,2135,1367,29947,0.010000000534307107
15,31329,0,0.0,2136,1367,29962,0.010000000528990662
14,31343,0,0.0,2137,1368,29975,0.010000000523727117
15,31358,0,0.0,2138,1368,29990,0.010000000518515946
15,31373,0,0.0,2139,1368,30005,0.010000000513356627
15,31388,0,0.0,2140,1368,30020,0.010000000508248641
15,31403,0,0.0,2141,1368,30035,0.010000000503191483
15,31418,0,0.0,2142,1368,30050,0.010000000498184645
15,31433,0,0.0,2143,1368,30065,0.010000000493227624
15,31448,0,0.0,2144,1368,30080,0.010000000488319928
15,31463,0,0.0,2145,1368,30095,0.010000000483461063
15,31478,0,0.0,2146,1368,30110,0.010000000478650545
15,31493,0,0.0,2147,1368,30125,0.010000000473887893
15,31508,0,0.0,2148,1368,30140,0.01000000046917263
15,31523,0,0.0,2149,1368,30155,0.010000000464504284
15,31538,0,0.0,2150,1368,30170,0.01000000045988239
15,31553,0,0.0,2151,1368,30185,0.010000000455306482
15,31568,0,0.0,2152,1368,30200,0.010000000450776108
14,31582,0,0.0,2153,1369,30213,0.01000000044629081
15,31597,0,0.0,2154,1369,30228,0.010000000441850142
15,31612,0,0.0,2155,1369,30243,0.01000000043745366
15,31627,0,0.0,2156,1369,30258,0.010000000433100923
15,31642,0,0.0,2157,1369,30273,0.010000000428791497
15,31657,0,0.0,2158,1369,30288,0.01000000042452495
15,31672,0,0.0,2159,1369,30303,0.010000000420300857
15,31687,0,0.0,2160,1369,30318,0.010000000416118794
15,31702,0,0.0,2161,1369,30333,0.010000000411978342
15,31717,0,0.0,2162,1369,30348,0.01000000040787909
15,31732,0,0.0,2163,1369,30363,0.010000000403820625
7,31739,0,0.0,2164,1370,30369,0.010000000399802542
15,31754,0,0.0,2165,1370,30384,0.010000000395824441
15,31769,0,0.0,2166,1370,30399,0.010000000391885921
44,31813,0,0.0,2167,1372,30441,0.010000000387986591
15,31828,0,0.0,2168,1372,30456,0.010000000384126061
15,31843,0,0.0,2169,1372,30471,0.010000000380303941
15,31858,0,0.0,2170,1372,30486,0.010000000376519855
15,31873,0,0.0,2171,1372,30501,0.01000000037277342
15,31888,0,0.0,2172,1372,30516,0.010000000369064262
15,31903,0,0.0,2173,1372,30531,0.010000000365392012
10,31913,0,0.0,2174,1373,30540,0.0100000003617563
15,31928,0,0.0,2175,1373,30555,0.010000000358156765
15,31943,0,0.0,2176,1373,30570,0.010000000354593046
16,31959,0,0.0,2177,1374,30585,0.010000000351064785
15,31974,0,0.0,2178,1374,30600,0.010000000347571633
15,31989,0,0.0,2179,1374,30615,0.010000000344113236
15,32004,0,0.0,2180,1374,30630,0.010000000340689253
15,32019,0,0.0,2181,1374,30645,0.010000000337299338
15,32034,0,0.0,2182,1374,30660,0.010000000333943155
15,32049,0,0.0,2183,1374,30675,0.010000000330620365
15,32064,0,0.0,2184,1374,30690,0.010000000327330637
15,32079,0,0.0,2185,1374,30705,0.010000000324073641
15,32094,0,0.0,2186,1374,30720,0.010000000320849056
15,32109,0,0.0,2187,1374,30735,0.010000000317656554
15,32124,0,0.0,2188,1374,30750,0.010000000314495818
15,32139,0,0.0,2189,1374,30765,0.010000000311366533
15,32154,0,0.0,2190,1374,30780,0.010000000308268385
15,32169,0,0.0,2191,1374,30795,0.010000000305201063
15,32184,0,0.0,2192,1374,30810,0.01000000030216426
15,32199,0,0.0,2193,1374,30825,0.010000000299157676
15,32214,0,0.0,2194,1374,30840,0.010000000296181009
15,32229,0,0.0,2195,1374,30855,0.010000000293233958
15,32244,0,0.0,2196,1374,30870,0.010000000290316231
15,32259,0,0.0,2197,1374,30885,0.010000000287427537
15,32274,0,0.0,2198,1374,30900,0.010000000284567585
4,32278,0,0.0,2199,1375,30903,0.01000000028173609
15,32293,0,0.0,2200,1375,30918,0.01000000027893277
15,32308,0,0.0,2201,1375,30933,0.010000000276157342
15,32323,0,0.0,2202,1375,30948,0.01000000027340953
15,32338,0,0.0,2203,1375,30963,0.01000000027068906
15,32353,0,0.0,2204,1375,30978,0.010000000267995659
15,32368,0,0.0,2205,1375,30993,0.010000000265329058
15,32383,0,0.0,2206,1375,31008,0.010000000262688989
15,32398,0,0.0,2207,1375,31023,0.010000000260075189
15,32413,0,0.0,2208,1375,31038,0.010000000257487398
15,32428,0,0.0,2209,1375,31053,0.010000000254925355
15,32443,0,0.0,2210,1375,31068,0.010000000252388806
15,32458,0,0.0,2211,1375,31083,0.010000000249877496
15,32473,0,0.0,2212,1375,31098,0.010000000247391174
15,32488,0,0.0,2213,1375,31113,0.01000000024492959
15,32503,0,0.0,2214,1375,31128,0.0100000002424925
15,32518,0,0.0,2215,1375,31143,0.01000000024007966
15,32533,0,0.0,2216,1375,31158,0.010000000237690827
15,32548,0,0.0,2217,1375,31173,0.010000000235325763
15,32563,0,0.0,2218,1375,31188,0.010000000232984233
8,32571,0,0.0,2219,1376,31195,0.010000000230666
15,32586,0,0.0,2220,1376,31210,0.010000000228370836
15,32601,0,0.0,2221,1377,31224,0.010000000226098508
15,32616,0,0.0,2222,1377,31239,0.01000000022384879
15,32631,0,0.0,2223,1377,31254,0.010000000221621458
15,32646,0,0.0,2224,1377,31269,0.010000000219416287
15,32661,0,0.0,2225,1377,31284,0.010000000217233058
15,32676,0,0.0,2226,1377,31299,0.010000000215071555
15,32691,0,0.0,2227,1377,31314,0.010000000212931556
15,32706,0,0.0,2228,1378,31328,0.010000000210812852
15,32721,0,0.0,2229,1378,31343,0.01000000020871523
15,32736,0,0.0,2230,1379,31357,0.010000000206638477
15,32751,0,0.0,2231,1380,31371,0.010000000204582391
15,32766,0,0.0,2232,1380,31386,0.01000000020254676
15,32781,0,0.0,2233,1380,31401,0.010000000200531387
15,32796,0,0.0,2234,1380,31416,0.010000000198536066
15,32811,0,0.0,2235,1380,31431,0.0100000001965606
8,32819,0,0.0,2236,1381,31438,0.010000000194604789
15,32834,0,0.0,2237,1381,31453,0.010000000192668439
15,32849,0,0.0,2238,1381,31468,0.010000000190751356
15,32864,0,0.0,2239,1381,31483,0.010000000188853348
15,32879,0,0.0,2240,1381,31498,0.010000000186974226
15,32894,0,0.0,2241,1382,31512,0.010000000185113801
15,32909,0,0.0,2242,1382,31527,0.01000000018327189
15,32924,0,0.0,2243,1382,31542,0.010000000181448303
15,32939,0,0.0,2244,1382,31557,0.010000000179642862
15,32954,0,0.0,2245,1382,31572,0.010000000177855385
15,32969,0,0.0,2246,1382,31587,0.010000000176085695
15,32984,0,0.0,2247,1382,31602,0.010000000174333614
15,32999,0,0.0,2248,1383,31616,0.010000000172598965
15,33014,0,0.0,2249,1383,31631,0.010000000170881576
15,33029,0,0.0,2250,1383,31646,0.010000000169181277
10,33039,0,0.0,2251,1384,31655,0.010000000167497894
15,33054,0,0.0,2252,1384,31670,0.010000000165831262
15,33069,0,0.0,2253,1384,31685,0.010000000164181214
15,33084,0,0.0,2254,1384,31700,0.010000000162547583
15,33099,0,0.0,2255,1384,31715,0.010000000160930209
15,33114,0,0.0,2256,1384,31730,0.010000000159328925
15,33129,0,0.0,2257,1384,31745,0.010000000157743577
15,33144,0,0.0,2258,1384,31760,0.010000000156174001
15,33159,0,0.0,2259,1384,31775,0.010000000154620044
15,33174,0,0.0,2260,1384,31790,0.01000000015308155
15,33189,0,0.0,2261,1384,31805,0.010000000151558363
15,33204,0,0.0,2262,1384,31820,0.010000000150050332
15,33219,0,0.0,2263,1385,31834,0.010000000148557306
15,33234,0,0.0,2264,1385,31849,0.010000000147079136
11,33245,0,0.0,2265,1386,31859,0.010000000145615674
15,33260,0,0.0,2266,1386,31874,0.010000000144166774
15,33275,0,0.0,2267,1386,31889,0.01000000014273229
15,33290,0,0.0,2268,1386,31904,0.01000000014131208
15,33305,0,0.0,2269,1386,31919,0.010000000139906002
15,33320,0,0.0,2270,1386,31934,0.010000000138513914
15,33335,0,0.0,2271,1386,31949,0.010000000137135678
15,33350,0,0.0,2272,1386,31964,0.010000000135771155
15,33365,0,0.0,2273,1386,31979,0.01000000013442021
15,33380,0,0.0,2274,1386,31994,0.010000000133082705
15,33395,0,0.0,2275,1386,32009,0.01000000013175851
15,33410,0,0.0,2276,1386,32024,0.010000000130447492
15,33425,0,0.0,2277,1386,32039,0.010000000129149518
15,33440,0,0.0,2278,1386,32054,0.010000000127864459
15,33455,0,0.0,2279,1386,32069,0.010000000126592185
15,33470,0,0.0,2280,1386,32084,0.010000000125332573
15,33485,0,0.0,2281,1386,32099,0.010000000124085492
15,33500,0,0.0,2282,1386,32114,0.010000000122850822
15,33515,0,0.0,2283,1386,32129,0.010000000121628435
15,33530,0,0.0,2284,1386,32144,0.010000000120418212
15,33545,0,0.0,2285,1386,32159,0.01000000011922003
15,33560,0,0.0,2286,1386,32174,0.010000000118033772
10,33570,0,0.0,2287,1387,32183,0.010000000116859316
15,33585,0,0.0,2288,1387,32198,0.010000000115696546
15,33600,0,0.0,2289,1387,32213,0.010000000114545346
15,33615,0,0.0,2290,1387,32228,0.010000000113405601
15,33630,0,0.0,2291,1389,32241,0.010000000112277196
15,33645,0,0.0,2292,1389,32256,0.010000000111160019
15,33660,0,0.0,2293,1389,32271,0.01000000011005396
15,33675,0,0.0,2294,1389,32286,0.010000000108958905
15,33690,0,0.0,2295,1389,32301,0.010000000107874744
15,33705,0,0.0,2296,1389,32316,0.010000000106801374
15,33720,0,0.0,2297,1389,32331,0.010000000105738682
15,33735,0,0.0,2298,1389,32346,0.010000000104686563
15,33750,0,0.0,2299,1389,32361,0.010000000103644916
15,33765,0,0.0,2300,1389,32376,0.010000000102613631
15,33780,0,0.0,2301,1389,32391,0.010000000101592608
15,33795,0,0.0,2302,1389,32406,0.010000000100581745
11,33806,0,0.0,2303,1390,32416,0.010000000099580941
15,33821,0,0.0,2304,1390,32431,0.010000000098590093
15,33836,0,0.0,2305,1390,32446,0.010000000097609105
15,33851,0,0.0,2306,1390,32461,0.010000000096637878
15,33866,0,0.0,2307,1390,32476,0.010000000095676316
15,33881,0,0.0,2308,1390,32491,0.01000000009472432
15,33896,0,0.0,2309,1390,32506,0.010000000093781799
15,33911,0,0.0,2310,1390,32521,0.010000000092848653
15,33926,0,0.0,2311,1390,32536,0.010000000091924794
15,33941,0,0.0,2312,1390,32551,0.010000000091010127
15,33956,0,0.0,2313,1390,32566,0.010000000090104561
15,33971,0,0.0,2314,1390,32581,0.010000000089208006
15,33986,0,0.0,2315,1390,32596,0.01000000008832037
15,34001,0,0.0,2316,1390,32611,0.010000000087441568
15,34016,0,0.0,2317,1390,32626,0.01000000008657151
15,34031,0,0.0,2318,1390,32641,0.01000000008571011
14,34045,0,0.0,2319,1391,32654,0.01000000008485728
15,34060,0,0.0,2320,1391,32669,0.010000000084012936
15,34075,0,0.0,2321,1391,32684,0.010000000083176993
15,34090,0,0.0,2322,1391,32699,0.010000000082349369
15,34105,0,0.0,2323,1391,32714,0.010000000081529977
15,34120,0,0.0,2324,1391,32729,0.010000000080718741
15,34135,0,0.0,2325,1391,32744,0.010000000079915576
15,34150,0,0.0,2326,1391,32759,0.010000000079120403
15,34165,0,0.0,2327,1391,32774,0.010000000078333142
15,34180,0,0.0,2328,1391,32789,0.010000000077553714
15,34195,0,0.0,2329,1391,32804,0.010000000076782041
15,34210,0,0.0,2330,1391,32819,0.010000000076018048
15,34225,0,0.0,2331,1391,32834,0.010000000075261655
15,34240,0,0.0,2332,1391,32849,0.01000000007451279
15,34255,0,0.0,2333,1391,32864,0.010000000073771375
15,34270,0,0.0,2334,1391,32879,0.010000000073037337
15,34285,0,0.0,2335,1391,32894,0.010000000072310604
15,34300,0,0.0,2336,1391,32909,0.010000000071591101
15,34315,0,0.0,2337,1391,32924,0.010000000070878758
15,34330,0,0.0,2338,1391,32939,0.010000000070173503
15,34345,0,0.0,2339,1391,32954,0.010000000069475264
8,34353,0,0.0,2340,1392,32961,0.010000000068783974
15,34368,0,0.0,2341,1392,32976,0.010000000068099563
15,34383,0,0.0,2342,1392,32991,0.01000000006742196
6,34389,0,0.0,2343,1393,32996,0.0100000000667511
15,34404,0,0.0,2344,1393,33011,0.010000000066086916
15,34419,0,0.0,2345,1393,33026,0.01000000006542934
6,34425,0,0.0,2346,1394,33031,0.010000000064778308
44,34469,0,0.0,2347,1395,33074,0.010000000064133752
10,34479,0,0.0,2348,1396,33083,0.01000000006349561
15,34494,0,0.0,2349,1396,33098,0.010000000062863819
15,34509,0,0.0,2350,1396,33113,0.010000000062238314
15,34524,0,0.0,2351,1396,33128,0.010000000061619031
15,34539,0,0.0,2352,1396,33143,0.010000000061005912
15,34554,0,0.0,2353,1396,33158,0.010000000060398893
15,34569,0,0.0,2354,1396,33173,0.010000000059797915
15,34584,0,0.0,2355,1396,33188,0.010000000059202915
15,34599,0,0.0,2356,1396,33203,0.010000000058613836
15,34614,0,0.0,2357,1396,33218,0.010000000058030619
15,34629,0,0.0,2358,1396,33233,0.010000000057453204
15,34644,0,0.0,2359,1396,33248,0.010000000056881536
15,34659,0,0.0,2360,1396,33263,0.010000000056315555
15,34674,0,0.0,2361,1396,33278,0.010000000055755206
15,34689,0,0.0,2362,1396,33293,0.010000000055200433
15,34704,0,0.0,2363,1396,33308,0.01000000005465118
15,34719,0,0.0,2364,1397,33322,0.01000000005410739
15,34734,0,0.0,2365,1397,33337,0.010000000053569012
15,34749,0,0.0,2366,1397,33352,0.010000000053035992
15,34764,0,0.0,2367,1397,33367,0.010000000052508276
15,34779,0,0.0,2368,1397,33382,0.01000000005198581
15,34794,0,0.0,2369,1397,33397,0.010000000051468541
15,34809,0,0.0,2370,1397,33412,0.010000000050956422
15,34824,0,0.0,2371,1397,33427,0.010000000050449397
15,34839,0,0.0,2372,1397,33442,0.010000000049947416
6,34845,0,0.0,2373,1398,33447,0.010000000049450432
15,34860,0,0.0,2374,1398,33462,0.010000000048958391
15,34875,0,0.0,2375,1398,33477,0.010000000048471248
15,34890,0,0.0,2376,1398,33492,0.01000000004798895
15,34905,0,0.0,2377,1399,33506,0.010000000047511452
15,34920,0,0.0,2378,1399,33521,0.010000000047038705
15,34935,0,0.0,2379,1399,33536,0.010000000046570662
15,34950,0,0.0,2380,1399,33551,0.010000000046107276
15,34965,0,0.0,2381,1399,33566,0.010000000045648503
15,34980,0,0.0,2382,1399,33581,0.010000000045194291
15,34995,0,0.0,2383,1399,33596,0.0100000000447446
15,35010,0,0.0,2384,1399,33611,0.010000000044299384
15,35025,0,0.0,2385,1399,33626,0.010000000043858598
14,35039,0,0.0,2386,1400,33639,0.010000000043422198
15,35054,0,0.0,2387,1400,33654,0.01000000004299014
15,35069,0,0.0,2388,1400,33669,0.010000000042562381
15,35084,0,0.0,2389,1400,33684,0.010000000042138878
15,35099,0,0.0,2390,1400,33699,0.01000000004171959
15,35114,0,0.0,2391,1400,33714,0.010000000041304472
15,35129,0,0.0,2392,1400,33729,0.010000000040893487
15,35144,0,0.0,2393,1400,33744,0.010000000040486588
15,35159,0,0.0,2394,1400,33759,0.01000000004008374
15,35174,0,0.0,2395,1400,33774,0.010000000039684901
15,35189,0,0.0,2396,1400,33789,0.01000000003929003
15,35204,0,0.0,2397,1400,33804,0.010000000038899087
15,35219,0,0.0,2398,1400,33819,0.010000000038512034
15,35234,0,0.0,2399,1400,33834,0.010000000038128834
15,35249,0,0.0,2400,1400,33849,0.010000000037749446
15,35264,0,0.0,2401,1400,33864,0.010000000037373832
15,35279,0,0.0,2402,1400,33879,0.010000000037001956
14,35293,0,0.0,2403,1401,33892,0.010000000036633781
15,35308,0,0.0,2404,1401,33907,0.010000000036269269
15,35323,0,0.0,2405,1402,33921,0.010000000035908384
15,35338,0,0.0,2406,1402,33936,0.010000000035551088
15,35353,0,0.0,2407,1402,33951,0.01000000003519735
15,35368,0,0.0,2408,1402,33966,0.01000000003484713
15,35383,0,0.0,2409,1402,33981,0.010000000034500396
15,35398,0,0.0,2410,1402,33996,0.010000000034157111
15,35413,0,0.0,2411,1403,34010,0.010000000033817243
15,35428,0,0.0,2412,1403,34025,0.010000000033480755
15,35443,0,0.0,2413,1403,34040,0.010000000033147615
15,35458,0,0.0,2414,1403,34055,0.010000000032817792
15,35473,0,0.0,2415,1403,34070,0.01000000003249125
15,35488,0,0.0,2416,1403,34085,0.010000000032167956
15,35503,0,0.0,2417,1403,34100,0.010000000031847879
13,35516,0,0.0,2418,1404,34112,0.010000000031530988
8,35524,0,0.0,2419,1405,34119,0.01000000003121725
15,35539,0,0.0,2420,1405,34134,0.010000000030906632
15,35554,0,0.0,2421,1405,34149,0.010000000030599105
15,35569,0,0.0,2422,1405,34164,0.01000000003029464
15,35584,0,0.0,2423,1405,34179,0.010000000029993203
15,35599,0,0.0,2424,1405,34194,0.010000000029694766
15,35614,0,0.0,2425,1405,34209,0.010000000029399297
15,35629,0,0.0,2426,1406,34223,0.01000000002910677
15,35644,0,0.0,2427,1406,34238,0.010000000028817152
15,35659,0,0.0,2428,1406,34253,0.010000000028530418
15,35674,0,0.0,2429,1406,34268,0.010000000028246536
15,35689,0,0.0,2430,1406,34283,0.010000000027965477
15,35704,0,0.0,2431,1406,34298,0.010000000027687216
15,35719,0,0.0,2432,1406,34313,0.010000000027411724
15,35734,0,0.0,2433,1406,34328,0.010000000027138972
15,35749,0,0.0,2434,1406,34343,0.010000000026868934
5,35754,0,0.0,2435,1407,34347,0.010000000026601584
15,35769,0,0.0,2436,1407,34362,0.010000000026336895
15,35784,0,0.0,2437,1407,34377,0.010000000026074839
15,35799,0,0.0,2438,1407,34392,0.010000000025815388
6,35805,0,0.0,2439,1408,34397,0.01000000002555852
14,35819,0,0.0,2440,1409,34410,0.01000000002530421
15,35834,0,0.0,2441,1409,34425,0.010000000025052429
15,35849,0,0.0,2442,1409,34440,0.010000000024803153
15,35864,0,0.0,2443,1409,34455,0.010000000024556357
15,35879,0,0.0,2444,1409,34470,0.010000000024312018
15,35894,0,0.0,2445,1409,34485,0.010000000024070109
15,35909,0,0.0,2446,1409,34500,0.010000000023830608
15,35924,0,0.0,2447,1409,34515,0.010000000023593488
15,35939,0,0.0,2448,1409,34530,0.01000000002335873
15,35954,0,0.0,2449,1409,34545,0.010000000023126307
15,35969,0,0.0,2450,1409,34560,0.010000000022896196
15,35984,0,0.0,2451,1409,34575,0.010000000022668374
15,35999,0,0.0,2452,1409,34590,0.01000000002244282
6,36005,0,0.0,2453,1410,34595,0.010000000022219511
15,36020,0,0.0,2454,1410,34610,0.010000000021998424
15,36035,0,0.0,2455,1411,34624,0.010000000021779535
15,36050,0,0.0,2456,1411,34639,0.010000000021562825
15,36065,0,0.0,2457,1411,34654,0.010000000021348272
15,36080,0,0.0,2458,1411,34669,0.010000000021135854
15,36095,0,0.0,2459,1412,34683,0.010000000020925548
15,36110,0,0.0,2460,1413,34697,0.010000000020717334
15,36125,0,0.0,2461,1413,34712,0.010000000020511194
15,36140,0,0.0,2462,1413,34727,0.010000000020307105
15,36155,0,0.0,2463,1413,34742,0.010000000020105045
15,36170,0,0.0,2464,1413,34757,0.010000000019904996
14,36184,0,0.0,2465,1414,34770,0.01000000001970694
15,36199,0,0.0,2466,1414,34785,0.010000000019510851
15,36214,0,0.0,2467,1414,34800,0.010000000019316715
15,36229,0,0.0,2468,1414,34815,0.010000000019124511
15,36244,0,0.0,2469,1415,34829,0.010000000018934219
15,36259,0,0.0,2470,1415,34844,0.01000000001874582
15,36274,0,0.0,2471,1415,34859,0.010000000018559297
15,36289,0,0.0,2472,1416,34873,0.010000000018374628
13,36302,0,0.0,2473,1418,34884,0.010000000018191797
15,36317,0,0.0,2474,1418,34899,0.010000000018010786
15,36332,0,0.0,2475,1418,34914,0.010000000017831575
15,36347,0,0.0,2476,1418,34929,0.01000000001765415
15,36362,0,0.0,2477,1418,34944,0.010000000017478486
15,36377,0,0.0,2478,1418,34959,0.010000000017304573
15,36392,0,0.0,2479,1418,34974,0.01000000001713239
15,36407,0,0.0,2480,1418,34989,0.01000000001696192
15,36422,0,0.0,2481,1418,35004,0.010000000016793145
15,36437,0,0.0,2482,1418,35019,0.010000000016626051
14,36451,0,0.0,2483,1419,35032,0.01000000001646062
15,36466,0,0.0,2484,1419,35047,0.010000000016296832
15,36481,0,0.0,2485,1419,35062,0.010000000016134677
15,36496,0,0.0,2486,1419,35077,0.010000000015974134
15,36511,0,0.0,2487,1420,35091,0.010000000015815188
15,36526,0,0.0,2488,1420,35106,0.010000000015657824
15,36541,0,0.0,2489,1420,35121,0.010000000015502027
15,36556,0,0.0,2490,1420,35136,0.010000000015347779
15,36571,0,0.0,2491,1420,35151,0.010000000015195066
15,36586,0,0.0,2492,1420,35166,0.010000000015043873
15,36601,0,0.0,2493,1420,35181,0.010000000014894183
44,36645,0,0.0,2494,1421,35224,0.010000000014745984
15,36660,0,0.0,2495,1422,35238,0.01000000001459926
15,36675,0,0.0,2496,1422,35253,0.010000000014453994
15,36690,0,0.0,2497,1422,35268,0.010000000014310175
15,36705,0,0.0,2498,1422,35283,0.010000000014167785
15,36720,0,0.0,2499,1422,35298,0.010000000014026815
15,36735,0,0.0,2500,1422,35313,0.010000000013887246
15,36750,0,0.0,2501,1422,35328,0.010000000013749065
15,36765,0,0.0,2502,1422,35343,0.010000000013612259
15,36780,0,0.0,2503,1422,35358,0.010000000013476815
15,36795,0,0.0,2504,1422,35373,0.010000000013342718
15,36810,0,0.0,2505,1422,35388,0.010000000013209956
15,36825,0,0.0,2506,1422,35403,0.010000000013078514
15,36840,0,0.0,2507,1423,35417,0.010000000012948382
15,36855,0,0.0,2508,1424,35431,0.010000000012819543
15,36870,0,0.0,2509,1424,35446,0.010000000012691987
15,36885,0,0.0,2510,1424,35461,0.010000000012565699
15,36900,0,0.0,2511,1424,35476,0.010000000012440668
9,36909,0,0.0,2512,1425,35484,0.010000000012316882
15,36924,0,0.0,2513,1425,35499,0.010000000012194326
15,36939,0,0.0,2514,1425,35514,0.01000000001207299
15,36954,0,0.0,2515,1425,35529,0.010000000011952863
15,36969,0,0.0,2516,1425,35544,0.01000000001183393
15,36984,0,0.0,2517,1425,35559,0.01000000001171618
7,36991,0,0.0,2518,1426,35565,0.010000000011599602
15,37006,0,0.0,2519,1426,35580,0.010000000011484184
15,37021,0,0.0,2520,1426,35595,0.010000000011369914
15,37036,0,0.0,2521,1426,35610,0.010000000011256782
9,37045,0,0.0,2522,1427,35618,0.010000000011144775
15,37060,0,0.0,2523,1427,35633,0.010000000011033882
15,37075,0,0.0,2524,1427,35648,0.010000000010924093
15,37090,0,0.0,2525,1427,35663,0.010000000010815397
15,37105,0,0.0,2526,1427,35678,0.010000000010707782
15,37120,0,0.0,2527,1427,35693,0.010000000010601239
15,37135,0,0.0,2528,1428,35707,0.010000000010495754
15,37150,0,0.0,2529,1428,35722,0.01000000001039132
15,37165,0,0.0,2530,1428,35737,0.010000000010287923
15,37180,0,0.0,2531,1428,35752,0.010000000010185557
15,37195,0,0.0,2532,1428,35767,0.01000000001008421
15,37210,0,0.0,2533,1428,35782,0.01000000000998387
15,37225,0,0.0,2534,1428,35797,0.01000000000988453
15,37240,0,0.0,2535,1428,35812,0.010000000009786176
15,37255,0,0.0,2536,1428,35827,0.010000000009688802
15,37270,0,0.0,2537,1428,35842,0.010000000009592397
15,37285,0,0.0,2538,1428,35857,0.01000000000949695
14,37299,0,0.0,2539,1429,35870,0.010000000009402455
14,37313,0,0.0,2540,1430,35883,0.0100000000093089
44,37357,0,0.0,2541,1431,35926,0.010000000009216274
15,37372,0,0.0,2542,1431,35941,0.010000000009124571
15,37387,0,0.0,2543,1431,35956,0.01000000000903378
15,37402,0,0.0,2544,1431,35971,0.010000000008943891
15,37417,0,0.0,2545,1431,35986,0.010000000008854898
15,37432,0,0.0,2546,1431,36001,0.010000000008766791
15,37447,0,0.0,2547,1431,36016,0.010000000008679559
15,37462,0,0.0,2548,1431,36031,0.010000000008593196
44,37506,0,0.0,2549,1432,36074,0.010000000008507693
15,37521,0,0.0,2550,1432,36089,0.01000000000842304
8,37529,0,0.0,2551,1433,36096,0.010000000008339229
15,37544,0,0.0,2552,1433,36111,0.010000000008256252
15,37559,0,0.0,2553,1433,36126,0.010000000008174102
15,37574,0,0.0,2554,1433,36141,0.010000000008092768
15,37589,0,0.0,2555,1433,36156,0.010000000008012244
15,37604,0,0.0,2556,1433,36171,0.010000000007932521
15,37619,0,0.0,2557,1433,36186,0.010000000007853591
15,37634,0,0.0,2558,1433,36201,0.010000000007775445
15,37649,0,0.0,2559,1433,36216,0.010000000007698078
15,37664,0,0.0,2560,1433,36231,0.010000000007621482
15,37679,0,0.0,2561,1433,36246,0.010000000007545647
15,37694,0,0.0,2562,1433,36261,0.010000000007470566
15,37709,0,0.0,2563,1433,36276,0.010000000007396233
15,37724,0,0.0,2564,1433,36291,0.01000000000732264
15,37739,0,0.0,2565,1433,36306,0.010000000007249777
15,37754,0,0.0,2566,1433,36321,0.01000000000717764
15,37769,0,0.0,2567,1433,36336,0.010000000007106222
15,37784,0,0.0,2568,1433,36351,0.010000000007035515
15,37799,0,0.0,2569,1433,36366,0.01000000000696551
15,37814,0,0.0,2570,1433,36381,0.010000000006896203
15,37829,0,0.0,2571,1433,36396,0.010000000006827584
15,37844,0,0.0,2572,1433,36411,0.010000000006759649
15,37859,0,0.0,2573,1434,36425,0.010000000006692388
15,37874,0,0.0,2574,1434,36440,0.010000000006625797
15,37889,0,0.0,2575,1434,36455,0.010000000006559871
15,37904,0,0.0,2576,1434,36470,0.010000000006494598
15,37919,0,0.0,2577,1435,36484,0.010000000006429977
15,37934,0,0.0,2578,1435,36499,0.010000000006365996
15,37949,0,0.0,2579,1436,36513,0.010000000006302655
15,37964,0,0.0,2580,1437,36527,0.010000000006239941
15,37979,0,0.0,2581,1437,36542,0.010000000006177854
15,37994,0,0.0,2582,1437,36557,0.010000000006116382
15,38009,0,0.0,2583,1437,36572,0.010000000006055523
15,38024,0,0.0,2584,1437,36587,0.01000000000599527
15,38039,0,0.0,2585,1437,36602,0.010000000005935617
15,38054,0,0.0,2586,1437,36617,0.010000000005876556
15,38069,0,0.0,2587,1437,36632,0.010000000005818082
15,38084,0,0.0,2588,1437,36647,0.010000000005760193
15,38099,0,0.0,2589,1437,36662,0.010000000005702878
15,38114,0,0.0,2590,1437,36677,0.010000000005646133
15,38129,0,0.0,2591,1437,36692,0.010000000005589952
15,38144,0,0.0,2592,1437,36707,0.010000000005534332
15,38159,0,0.0,2593,1437,36722,0.010000000005479265
15,38174,0,0.0,2594,1437,36737,0.010000000005424744
15,38189,0,0.0,2595,1437,36752,0.010000000005370768
15,38204,0,0.0,2596,1437,36767,0.010000000005317327
15,38219,0,0.0,2597,1438,36781,0.01000000000526442
15,38234,0,0.0,2598,1438,36796,0.010000000005212038
15,38249,0,0.0,2599,1438,36811,0.010000000005160176
15,38264,0,0.0,2600,1438,36826,0.010000000005108832
15,38279,0,0.0,2601,1438,36841,0.010000000005057998
15,38294,0,0.0,2602,1438,36856,0.01000000000500767
15,38309,0,0.0,2603,1439,36870,0.010000000004957843
15,38324,0,0.0,2604,1439,36885,0.010000000004908511
15,38339,0,0.0,2605,1440,36899,0.010000000004859672
15,38354,0,0.0,2606,1441,36913,0.010000000004811316
15,38369,0,0.0,2607,1441,36928,0.010000000004763443
15,38384,0,0.0,2608,1441,36943,0.010000000004716047
15,38399,0,0.0,2609,1441,36958,0.010000000004669121
15,38414,0,0.0,2610,1441,36973,0.010000000004622662
15,38429,0,0.0,2611,1441,36988,0.010000000004576666
15,38444,0,0.0,2612,1441,37003,0.010000000004531127
15,38459,0,0.0,2613,1441,37018,0.010000000004486042
15,38474,0,0.0,2614,1441,37033,0.010000000004441406
15,38489,0,0.0,2615,1441,37048,0.010000000004397212
15,38504,0,0.0,2616,1441,37063,0.010000000004353459
15,38519,0,0.0,2617,1441,37078,0.010000000004310143
6,38525,0,0.0,2618,1442,37083,0.010000000004267255
15,38540,0,0.0,2619,1442,37098,0.010000000004224796
15,38555,0,0.0,2620,1442,37113,0.010000000004182759
13,38568,0,0.0,2621,1443,37125,0.010000000004141139
13,38581,0,0.0,2622,1444,37137,0.010000000004099934
15,38596,0,0.0,2623,1444,37152,0.010000000004059139
15,38611,0,0.0,2624,1444,37167,0.010000000004018749
15,38626,0,0.0,2625,1444,37182,0.010000000003978762
15,38641,0,0.0,2626,1444,37197,0.010000000003939174
15,38656,0,0.0,2627,1445,37211,0.010000000003899978
15,38671,0,0.0,2628,1445,37226,0.010000000003861172
15,38686,0,0.0,2629,1445,37241,0.010000000003822753
15,38701,0,0.0,2630,1445,37256,0.010000000003784716
15,38716,0,0.0,2631,1445,37271,0.010000000003747057
15,38731,0,0.0,2632,1445,37286,0.010000000003709774
15,38746,0,0.0,2633,1445,37301,0.01000000000367286
15,38761,0,0.0,2634,1445,37316,0.010000000003636315
15,38776,0,0.0,2635,1445,37331,0.010000000003600133
15,38791,0,0.0,2636,1445,37346,0.01000000000356431
15,38806,0,0.0,2637,1445,37361,0.010000000003528846
15,38821,0,0.0,2638,1445,37376,0.010000000003493733
15,38836,0,0.0,2639,1446,37390,0.01000000000345897
15,38851,0,0.0,2640,1447,37404,0.010000000003424553
15,38866,0,0.0,2641,1448,37418,0.010000000003390477
15,38881,0,0.0,2642,1448,37433,0.010000000003356742
15,38896,0,0.0,2643,1448,37448,0.010000000003323342
15,38911,0,0.0,2644,1448,37463,0.010000000003290275
15,38926,0,0.0,2645,1448,37478,0.010000000003257535
8,38934,0,0.0,2646,1449,37485,0.010000000003225122
15,38949,0,0.0,2647,1449,37500,0.010000000003193031
15,38964,0,0.0,2648,1449,37515,0.01000000000316126
15,38979,0,0.0,2649,1449,37530,0.010000000003129806
15,38994,0,0.0,2650,1449,37545,0.010000000003098664
15,39009,0,0.0,2651,1449,37560,0.010000000003067831
15,39024,0,0.0,2652,1449,37575,0.010000000003037305
8,39032,0,0.0,2653,1450,37582,0.010000000003007084
15,39047,0,0.0,2654,1450,37597,0.010000000002977164
15,39062,0,0.0,2655,1450,37612,0.01000000000294754
15,39077,0,0.0,2656,1450,37627,0.010000000002918211
15,39092,0,0.0,2657,1450,37642,0.010000000002889175
15,39107,0,0.0,2658,1450,37657,0.010000000002860427
15,39122,0,0.0,2659,1450,37672,0.010000000002831966
15,39137,0,0.0,2660,1450,37687,0.010000000002803787
15,39152,0,0.0,2661,1450,37702,0.010000000002775889
15,39167,0,0.0,2662,1450,37717,0.010000000002748267
15,39182,0,0.0,2663,1450,37732,0.010000000002720923
15,39197,0,0.0,2664,1450,37747,0.010000000002693849
15,39212,0,0.0,2665,1450,37762,0.010000000002667044
15,39227,0,0.0,2666,1450,37777,0.010000000002640506
15,39242,0,0.0,2667,1450,37792,0.010000000002614234
14,39256,0,0.0,2668,1451,37805,0.010000000002588222
4,39260,0,0.0,2669,1452,37808,0.010000000002562468
15,39275,0,0.0,2670,1452,37823,0.01000000000253697
15,39290,0,0.0,2671,1452,37838,0.010000000002511727
15,39305,0,0.0,2672,1452,37853,0.010000000002486735
15,39320,0,0.0,2673,1452,37868,0.010000000002461993
6,39326,0,0.0,2674,1453,37873,0.010000000002437495
15,39341,0,0.0,2675,1453,37888,0.010000000002413242
15,39356,0,0.0,2676,1453,37903,0.01000000000238923
15,39371,0,0.0,2677,1453,37918,0.010000000002365455
15,39386,0,0.0,2678,1453,37933,0.01000000000234192
15,39401,0,0.0,2679,1453,37948,0.010000000002318618
15,39416,0,0.0,2680,1453,37963,0.010000000002295546
15,39431,0,0.0,2681,1453,37978,0.010000000002272705
15,39446,0,0.0,2682,1453,37993,0.010000000002250091
15,39461,0,0.0,2683,1453,38008,0.010000000002227703
15,39476,0,0.0,2684,1453,38023,0.010000000002205536
15,39491,0,0.0,2685,1453,38038,0.010000000002183592
15,39506,0,0.0,2686,1453,38053,0.010000000002161865
15,39521,0,0.0,2687,1453,38068,0.010000000002140354
15,39536,0,0.0,2688,1453,38083,0.010000000002119057
15,39551,0,0.0,2689,1453,38098,0.010000000002097971
15,39566,0,0.0,2690,1453,38113,0.010000000002077096
15,39581,0,0.0,2691,1453,38128,0.010000000002056428
15,39596,0,0.0,2692,1453,38143,0.010000000002035967
15,39611,0,0.0,2693,1453,38158,0.010000000002015709
15,39626,0,0.0,2694,1454,38172,0.010000000001995652
15,39641,0,0.0,2695,1454,38187,0.010000000001975795
15,39656,0,0.0,2696,1454,38202,0.010000000001956135
15,39671,0,0.0,2697,1454,38217,0.010000000001936672
8,39679,0,0.0,2698,1455,38224,0.010000000001917402
15,39694,0,0.0,2699,1455,38239,0.010000000001898324
15,39709,0,0.0,2700,1455,38254,0.010000000001879434
15,39724,0,0.0,2701,1455,38269,0.010000000001860734
15,39739,0,0.0,2702,1455,38284,0.01000000000184222
15,39754,0,0.0,2703,1455,38299,0.010000000001823888
15,39769,0,0.0,2704,1455,38314,0.010000000001805742
15,39784,0,0.0,2705,1455,38329,0.010000000001787773
15,39799,0,0.0,2706,1455,38344,0.010000000001769985
6,39805,0,0.0,2707,1456,38349,0.010000000001752373
15,39820,0,0.0,2708,1456,38364,0.010000000001734937
15,39835,0,0.0,2709,1456,38379,0.010000000001717673
15,39850,0,0.0,2710,1457,38393,0.010000000001700583
15,39865,0,0.0,2711,1457,38408,0.010000000001683662
4,39869,0,0.0,2712,1458,38411,0.010000000001666908
15,39884,0,0.0,2713,1458,38426,0.010000000001650322
15,39899,0,0.0,2714,1458,38441,0.010000000001633902
15,39914,0,0.0,2715,1460,38454,0.010000000001617644
15,39929,0,0.0,2716,1460,38469,0.010000000001601549
15,39944,0,0.0,2717,1460,38484,0.010000000001585612
15,39959,0,0.0,2718,1460,38499,0.010000000001569836
15,39974,0,0.0,2719,1460,38514,0.010000000001554215
15,39989,0,0.0,2720,1461,38528,0.01000000000153875
15,40004,0,0.0,2721,1461,38543,0.01000000000152344
15,40019,0,0.0,2722,1461,38558,0.010000000001508282
15,40034,0,0.0,2723,1461,38573,0.010000000001493274
15,40049,0,0.0,2724,1461,38588,0.010000000001478415
15,40064,0,0.0,2725,1461,38603,0.010000000001463704
15,40079,0,0.0,2726,1461,38618,0.010000000001449141
15,40094,0,0.0,2727,1461,38633,0.010000000001434722
15,40109,0,0.0,2728,1461,38648,0.010000000001420446
15,40124,0,0.0,2729,1461,38663,0.010000000001406313
15,40139,0,0.0,2730,1461,38678,0.010000000001392319
15,40154,0,0.0,2731,1462,38692,0.010000000001378465
15,40169,0,0.0,2732,1462,38707,0.010000000001364749
15,40184,0,0.0,2733,1462,38722,0.01000000000135117
15,40199,0,0.0,2734,1462,38737,0.010000000001337725
15,40214,0,0.0,2735,1462,38752,0.010000000001324415
15,40229,0,0.0,2736,1462,38767,0.010000000001311238
15,40244,0,0.0,2737,1462,38782,0.01000000000129819
15,40259,0,0.0,2738,1462,38797,0.010000000001285272
15,40274,0,0.0,2739,1462,38812,0.010000000001272484
15,40289,0,0.0,2740,1462,38827,0.010000000001259822
15,40304,0,0.0,2741,1462,38842,0.010000000001247287
15,40319,0,0.0,2742,1462,38857,0.010000000001234877
15,40334,0,0.0,2743,1463,38871,0.01000000000122259
15,40349,0,0.0,2744,1463,38886,0.010000000001210424
15,40364,0,0.0,2745,1463,38901,0.01000000000119838
15,40379,0,0.0,2746,1463,38916,0.010000000001186456
15,40394,0,0.0,2747,1463,38931,0.01000000000117465
15,40409,0,0.0,2748,1463,38946,0.010000000001162962
15,40424,0,0.0,2749,1463,38961,0.010000000001151392
15,40439,0,0.0,2750,1464,38975,0.010000000001139934
15,40454,0,0.0,2751,1464,38990,0.010000000001128592
15,40469,0,0.0,2752,1464,39005,0.010000000001117362
11,40480,0,0.0,2753,1465,39015,0.010000000001106244
15,40495,0,0.0,2754,1465,39030,0.010000000001095237
15,40510,0,0.0,2755,1465,39045,0.01000000000108434
15,40525,0,0.0,2756,1465,39060,0.01000000000107355
15,40540,0,0.0,2757,1465,39075,0.010000000001062869
15,40555,0,0.0,2758,1465,39090,0.010000000001052292
15,40570,0,0.0,2759,1465,39105,0.010000000001041821
15,40585,0,0.0,2760,1465,39120,0.010000000001031456
11,40596,0,0.0,2761,1466,39130,0.010000000001021192
15,40611,0,0.0,2762,1466,39145,0.010000000001011032
6,40617,0,0.0,2763,1467,39150,0.010000000001000972
15,40632,0,0.0,2764,1467,39165,0.010000000000991011
15,40647,0,0.0,2765,1467,39180,0.010000000000981151
15,40662,0,0.0,2766,1467,39195,0.010000000000971388
15,40677,0,0.0,2767,1467,39210,0.010000000000961722
15,40692,0,0.0,2768,1467,39225,0.010000000000952153
15,40707,0,0.0,2769,1467,39240,0.01000000000094268
6,40713,0,0.0,2770,1468,39245,0.010000000000933299
15,40728,0,0.0,2771,1468,39260,0.010000000000924013
15,40743,0,0.0,2772,1468,39275,0.010000000000914819
15,40758,0,0.0,2773,1468,39290,0.010000000000905717
15,40773,0,0.0,2774,1468,39305,0.010000000000896705
15,40788,0,0.0,2775,1468,39320,0.010000000000887781
15,40803,0,0.0,2776,1468,39335,0.010000000000878948
15,40818,0,0.0,2777,1468,39350,0.010000000000870203
15,40833,0,0.0,2778,1468,39365,0.010000000000861544
15,40848,0,0.0,2779,1468,39380,0.010000000000852972
15,40863,0,0.0,2780,1469,39394,0.010000000000844484
15,40878,0,0.0,2781,1469,39409,0.010000000000836081
15,40893,0,0.0,2782,1469,39424,0.010000000000827762
15,40908,0,0.0,2783,1469,39439,0.010000000000819527
15,40923,0,0.0,2784,1469,39454,0.010000000000811372
15,40938,0,0.0,2785,1469,39469,0.010000000000803299
15,40953,0,0.0,2786,1469,39484,0.010000000000795305
10,40963,0,0.0,2787,1470,39493,0.010000000000787393
15,40978,0,0.0,2788,1470,39508,0.010000000000779557
15,40993,0,0.0,2789,1470,39523,0.010000000000771801
15,41008,0,0.0,2790,1470,39538,0.010000000000764122
15,41023,0,0.0,2791,1470,39553,0.010000000000756518
15,41038,0,0.0,2792,1470,39568,0.010000000000748991
15,41053,0,0.0,2793,1471,39582,0.010000000000741537
15,41068,0,0.0,2794,1471,39597,0.01000000000073416
15,41083,0,0.0,2795,1471,39612,0.010000000000726855
44,41127,0,0.0,2796,1472,39655,0.010000000000719622
15,41142,0,0.0,2797,1472,39670,0.010000000000712462
15,41157,0,0.0,2798,1472,39685,0.010000000000705373
15,41172,0,0.0,2799,1472,39700,0.010000000000698355
15,41187,0,0.0,2800,1472,39715,0.010000000000691405
15,41202,0,0.0,2801,1472,39730,0.010000000000684526
15,41217,0,0.0,2802,1472,39745,0.010000000000677715
15,41232,0,0.0,2803,1472,39760,0.010000000000670972
15,41247,0,0.0,2804,1472,39775,0.010000000000664295
15,41262,0,0.0,2805,1472,39790,0.010000000000657686
15,41277,0,0.0,2806,1472,39805,0.01000000000065114
15,41292,0,0.0,2807,1473,39819,0.010000000000644662
15,41307,0,0.0,2808,1473,39834,0.010000000000638248
15,41322,0,0.0,2809,1473,39849,0.010000000000631898
15,41337,0,0.0,2810,1473,39864,0.01000000000062561
15,41352,0,0.0,2811,1473,39879,0.010000000000619385
15,41367,0,0.0,2812,1473,39894,0.010000000000613221
15,41382,0,0.0,2813,1473,39909,0.01000000000060712
15,41397,0,0.0,2814,1473,39924,0.010000000000601078
15,41412,0,0.0,2815,1473,39939,0.010000000000595099
15,41427,0,0.0,2816,1474,39953,0.010000000000589176
14,41441,0,0.0,2817,1475,39966,0.010000000000583315
15,41456,0,0.0,2818,1475,39981,0.01000000000057751
15,41471,0,0.0,2819,1475,39996,0.010000000000571763
15,41486,0,0.0,2820,1475,40011,0.010000000000566075
15,41501,0,0.0,2821,1475,40026,0.010000000000560443
15,41516,0,0.0,2822,1475,40041,0.010000000000554865
15,41531,0,0.0,2823,1475,40056,0.010000000000549345
15,41546,0,0.0,2824,1475,40071,0.01000000000054388
15,41561,0,0.0,2825,1476,40085,0.010000000000538467
15,41576,0,0.0,2826,1476,40100,0.010000000000533108
15,41591,0,0.0,2827,1476,40115,0.010000000000527805
15,41606,0,0.0,2828,1476,40130,0.010000000000522553
15,41621,0,0.0,2829,1476,40145,0.010000000000517354
15,41636,0,0.0,2830,1477,40159,0.010000000000512205
14,41650,0,0.0,2831,1478,40172,0.010000000000507108
15,41665,0,0.0,2832,1478,40187,0.010000000000502064
15,41680,0,0.0,2833,1478,40202,0.010000000000497068
15,41695,0,0.0,2834,1478,40217,0.010000000000492122
15,41710,0,0.0,2835,1478,40232,0.010000000000487225
15,41725,0,0.0,2836,1478,40247,0.010000000000482376
15,41740,0,0.0,2837,1478,40262,0.010000000000477578
15,41755,0,0.0,2838,1479,40276,0.010000000000472825
15,41770,0,0.0,2839,1479,40291,0.01000000000046812
15,41785,0,0.0,2840,1479,40306,0.010000000000463463
15,41800,0,0.0,2841,1479,40321,0.010000000000458852
15,41815,0,0.0,2842,1479,40336,0.010000000000454286
15,41830,0,0.0,2843,1479,40351,0.010000000000449765
15,41845,0,0.0,2844,1479,40366,0.01000000000044529
15,41860,0,0.0,2845,1479,40381,0.01000000000044086
15,41875,0,0.0,2846,1479,40396,0.010000000000436472
15,41890,0,0.0,2847,1479,40411,0.01000000000043213
15,41905,0,0.0,2848,1479,40426,0.01000000000042783
15,41920,0,0.0,2849,1479,40441,0.010000000000423573
15,41935,0,0.0,2850,1479,40456,0.01000000000041936
15,41950,0,0.0,2851,1479,40471,0.010000000000415185
15,41965,0,0.0,2852,1479,40486,0.010000000000411055
15,41980,0,0.0,2853,1479,40501,0.010000000000406965
15,41995,0,0.0,2854,1479,40516,0.010000000000402916
15,42010,0,0.0,2855,1479,40531,0.010000000000398907
15,42025,0,0.0,2856,1479,40546,0.010000000000394938
15,42040,0,0.0,2857,1479,40561,0.010000000000391007
15,42055,0,0.0,2858,1479,40576,0.010000000000387118
15,42070,0,0.0,2859,1479,40591,0.010000000000383265
15,42085,0,0.0,2860,1479,40606,0.010000000000379452
10,42095,0,0.0,2861,1480,40615,0.010000000000375675
15,42110,0,0.0,2862,1480,40630,0.010000000000371937
15,42125,0,0.0,2863,1480,40645,0.010000000000368237
8,42133,0,0.0,2864,1481,40652,0.010000000000364573
15,42148,0,0.0,2865,1481,40667,0.010000000000360946
15,42163,0,0.0,2866,1481,40682,0.010000000000357353
15,42178,0,0.0,2867,1481,40697,0.010000000000353799
15,42193,0,0.0,2868,1481,40712,0.010000000000350277
15,42208,0,0.0,2869,1481,40727,0.010000000000346792
15,42223,0,0.0,2870,1481,40742,0.010000000000343342
15,42238,0,0.0,2871,1481,40757,0.010000000000339926
15,42253,0,0.0,2872,1481,40772,0.010000000000336544
15,42268,0,0.0,2873,1481,40787,0.010000000000333194
15,42283,0,0.0,2874,1481,40802,0.010000000000329879
15,42298,0,0.0,2875,1481,40817,0.010000000000326597
15,42313,0,0.0,2876,1481,40832,0.010000000000323347
15,42328,0,0.0,2877,1481,40847,0.01000000000032013
15,42343,0,0.0,2878,1481,40862,0.010000000000316945
6,42349,0,0.0,2879,1482,40867,0.010000000000313791
15,42364,0,0.0,2880,1482,40882,0.010000000000310668
15,42379,0,0.0,2881,1482,40897,0.010000000000307577
15,42394,0,0.0,2882,1482,40912,0.010000000000304517
15,42409,0,0.0,2883,1482,40927,0.010000000000301486
15,42424,0,0.0,2884,1482,40942,0.010000000000298487
15,42439,0,0.0,2885,1482,40957,0.010000000000295517
15,42454,0,0.0,2886,1482,40972,0.010000000000292577
15,42469,0,0.0,2887,1482,40987,0.010000000000289666
15,42484,0,0.0,2888,1482,41002,0.010000000000286783
15,42499,0,0.0,2889,1482,41017,0.01000000000028393
15,42514,0,0.0,2890,1482,41032,0.010000000000281105
15,42529,0,0.0,2891,1482,41047,0.010000000000278307
15,42544,0,0.0,2892,1482,41062,0.010000000000275538
15,42559,0,0.0,2893,1482,41077,0.010000000000272796
15,42574,0,0.0,2894,1482,41092,0.010000000000270083
15,42589,0,0.0,2895,1482,41107,0.010000000000267396
15,42604,0,0.0,2896,1482,41122,0.010000000000264735
15,42619,0,0.0,2897,1482,41137,0.0100000000002621
15,42634,0,0.0,2898,1482,41152,0.010000000000259492
15,42649,0,0.0,2899,1482,41167,0.010000000000256911
15,42664,0,0.0,2900,1482,41182,0.010000000000254354
15,42679,0,0.0,2901,1482,41197,0.010000000000251823
6,42685,0,0.0,2902,1483,41202,0.010000000000249318
15,42700,0,0.0,2903,1483,41217,0.010000000000246837
15,42715,0,0.0,2904,1483,41232,0.010000000000244381
15,42730,0,0.0,2905,1483,41247,0.010000000000241949
15,42745,0,0.0,2906,1483,41262,0.010000000000239541
7,42752,0,0.0,2907,1484,41268,0.010000000000237158
15,42767,0,0.0,2908,1484,41283,0.010000000000234799
15,42782,0,0.0,2909,1485,41297,0.010000000000232462
15,42797,0,0.0,2910,1485,41312,0.01000000000023015
15,42812,0,0.0,2911,1485,41327,0.01000000000022786
15,42827,0,0.0,2912,1485,41342,0.010000000000225592
15,42842,0,0.0,2913,1485,41357,0.010000000000223348
15,42857,0,0.0,2914,1485,41372,0.010000000000221125
15,42872,0,0.0,2915,1485,41387,0.010000000000218924
15,42887,0,0.0,2916,1485,41402,0.010000000000216747
15,42902,0,0.0,2917,1485,41417,0.010000000000214589
15,42917,0,0.0,2918,1485,41432,0.010000000000212454
15,42932,0,0.0,2919,1485,41447,0.01000000000021034
8,42940,0,0.0,2920,1486,41454,0.010000000000208247
15,42955,0,0.0,2921,1486,41469,0.010000000000206176
15,42970,0,0.0,2922,1486,41484,0.010000000000204123
15,42985,0,0.0,2923,1486,41499,0.010000000000202092
15,43000,0,0.0,2924,1486,41514,0.010000000000200081
15,43015,0,0.0,2925,1486,41529,0.010000000000198092
15,43030,0,0.0,2926,1486,41544,0.01000000000019612
15,43045,0,0.0,2927,1486,41559,0.010000000000194168
15,43060,0,0.0,2928,1486,41574,0.010000000000192237
15,43075,0,0.0,2929,1486,41589,0.010000000000190324
15,43090,0,0.0,2930,1486,41604,0.01000000000018843
14,43104,0,0.0,2931,1487,41617,0.010000000000186556
15,43119,0,0.0,2932,1487,41632,0.0100000000001847
15,43134,0,0.0,2933,1487,41647,0.010000000000182861
15,43149,0,0.0,2934,1487,41662,0.010000000000181041
15,43164,0,0.0,2935,1487,41677,0.01000000000017924
15,43179,0,0.0,2936,1487,41692,0.010000000000177457
15,43194,0,0.0,2937,1488,41706,0.010000000000175691
15,43209,0,0.0,2938,1488,41721,0.010000000000173943
15,43224,0,0.0,2939,1488,41736,0.010000000000172211
15,43239,0,0.0,2940,1488,41751,0.0100000000001705
15,43254,0,0.0,2941,1488,41766,0.010000000000168803
15,43269,0,0.0,2942,1488,41781,0.010000000000167122
15,43284,0,0.0,2943,1489,41795,0.01000000000016546
15,43299,0,0.0,2944,1489,41810,0.010000000000163814
15,43314,0,0.0,2945,1489,41825,0.010000000000162183
15,43329,0,0.0,2946,1489,41840,0.01000000000016057
15,43344,0,0.0,2947,1489,41855,0.010000000000158972
15,43359,0,0.0,2948,1489,41870,0.01000000000015739
15,43374,0,0.0,2949,1489,41885,0.010000000000155823
7,43381,0,0.0,2950,1490,41891,0.010000000000154274
15,43396,0,0.0,2951,1490,41906,0.01000000000015274
15,43411,0,0.0,2952,1491,41920,0.01000000000015122
15,43426,0,0.0,2953,1491,41935,0.010000000000149714
15,43441,0,0.0,2954,1491,41950,0.010000000000148224
15,43456,0,0.0,2955,1491,41965,0.01000000000014675
15,43471,0,0.0,2956,1491,41980,0.01000000000014529
15,43486,0,0.0,2957,1491,41995,0.010000000000143843
15,43501,0,0.0,2958,1491,42010,0.010000000000142412
15,43516,0,0.0,2959,1491,42025,0.010000000000140995
15,43531,0,0.0,2960,1491,42040,0.010000000000139592
15,43546,0,0.0,2961,1491,42055,0.010000000000138204
15,43561,0,0.0,2962,1491,42070,0.010000000000136828
15,43576,0,0.0,2963,1491,42085,0.010000000000135466
15,43591,0,0.0,2964,1492,42099,0.010000000000134119
15,43606,0,0.0,2965,1492,42114,0.010000000000132785
15,43621,0,0.0,2966,1492,42129,0.010000000000131463
15,43636,0,0.0,2967,1492,42144,0.010000000000130155
15,43651,0,0.0,2968,1492,42159,0.01000000000012886
15,43666,0,0.0,2969,1492,42174,0.010000000000127579
14,43680,0,0.0,2970,1493,42187,0.010000000000126309
15,43695,0,0.0,2971,1493,42202,0.010000000000125051
15,43710,0,0.0,2972,1493,42217,0.010000000000123807
15,43725,0,0.0,2973,1493,42232,0.010000000000122576
15,43740,0,0.0,2974,1493,42247,0.010000000000121356
15,43755,0,0.0,2975,1493,42262,0.010000000000120149
15,43770,0,0.0,2976,1493,42277,0.010000000000118954
15,43785,0,0.0,2977,1493,42292,0.010000000000117769
15,43800,0,0.0,2978,1493,42307,0.010000000000116598
15,43815,0,0.0,2979,1493,42322,0.010000000000115437
15,43830,0,0.0,2980,1493,42337,0.010000000000114289
15,43845,0,0.0,2981,1493,42352,0.010000000000113151
15,43860,0,0.0,2982,1493,42367,0.010000000000112025
15,43875,0,0.0,2983,1493,42382,0.010000000000110911
15,43890,0,0.0,2984,1493,42397,0.010000000000109808
15,43905,0,0.0,2985,1493,42412,0.010000000000108715
15,43920,0,0.0,2986,1493,42427,0.010000000000107633
15,43935,0,0.0,2987,1493,42442,0.010000000000106563
15,43950,0,0.0,2988,1493,42457,0.010000000000105503
15,43965,0,0.0,2989,1493,42472,0.010000000000104451
15,43980,0,0.0,2990,1493,42487,0.010000000000103412
15,43995,0,0.0,2991,1493,42502,0.010000000000102384
15,44010,0,0.0,2992,1493,42517,0.010000000000101365
15,44025,0,0.0,2993,1493,42532,0.010000000000100356
15,44040,0,0.0,2994,1493,42547,0.010000000000099358
15,44055,0,0.0,2995,1493,42562,0.01000000000009837
15,44070,0,0.0,2996,1493,42577,0.010000000000097391
15,44085,0,0.0,2997,1493,42592,0.010000000000096421
15,44100,0,0.0,2998,1493,42607,0.010000000000095462
15,44115,0,0.0,2999,1493,42622,0.010000000000094511
15,44130,0,0.0,3000,1493,42637,0.010000000000093571
15,44145,0,0.0,3001,1493,42652,0.010000000000092641
15,44160,0,0.0,3002,1493,42667,0.010000000000091719
15,44175,0,0.0,3003,1494,42681,0.010000000000090806
15,44190,0,0.0,3004,1494,42696,0.010000000000089902
15,44205,0,0.0,3005,1494,42711,0.010000000000089009
15,44220,0,0.0,3006,1494,42726,0.010000000000088122
15,44235,0,0.0,3007,1495,42740,0.010000000000087246
15,44250,0,0.0,3008,1495,42755,0.010000000000086377
15,44265,0,0.0,3009,1495,42770,0.010000000000085519
15,44280,0,0.0,3010,1495,42785,0.010000000000084667
15,44295,0,0.0,3011,1495,42800,0.010000000000083826
15,44310,0,0.0,3012,1495,42815,0.010000000000082991
15,44325,0,0.0,3013,1495,42830,0.010000000000082165
15,44340,0,0.0,3014,1495,42845,0.010000000000081347
15,44355,0,0.0,3015,1495,42860,0.010000000000080538
15,44370,0,0.0,3016,1495,42875,0.010000000000079737
15,44385,0,0.0,3017,1495,42890,0.010000000000078944
15,44400,0,0.0,3018,1496,42904,0.010000000000078158
15,44415,0,0.0,3019,1496,42919,0.01000000000007738
15,44430,0,0.0,3020,1496,42934,0.01000000000007661
15,44445,0,0.0,3021,1496,42949,0.010000000000075848
15,44460,0,0.0,3022,1497,42963,0.010000000000075093
15,44475,0,0.0,3023,1497,42978,0.010000000000074345
15,44490,0,0.0,3024,1497,42993,0.010000000000073606
15,44505,0,0.0,3025,1497,43008,0.010000000000072874
15,44520,0,0.0,3026,1497,43023,0.010000000000072149
15,44535,0,0.0,3027,1498,43037,0.010000000000071431
15,44550,0,0.0,3028,1498,43052,0.01000000000007072
15,44565,0,0.0,3029,1498,43067,0.010000000000070017
15,44580,0,0.0,3030,1498,43082,0.01000000000006932
15,44595,0,0.0,3031,1498,43097,0.01000000000006863
15,44610,0,0.0,3032,1498,43112,0.010000000000067948
15,44625,0,0.0,3033,1498,43127,0.010000000000067271
15,44640,0,0.0,3034,1498,43142,0.010000000000066601
15,44655,0,0.0,3035,1498,43157,0.010000000000065939
15,44670,0,0.0,3036,1498,43172,0.010000000000065283
14,44684,0,0.0,3037,1499,43185,0.010000000000064633
15,44699,0,0.0,3038,1499,43200,0.01000000000006399
15,44714,0,0.0,3039,1499,43215,0.010000000000063354
15,44729,0,0.0,3040,1499,43230,0.010000000000062723
15,44744,0,0.0,3041,1499,43245,0.010000000000062098
15,44759,0,0.0,3042,1499,43260,0.01000000000006148
15,44774,0,0.0,3043,1499,43275,0.01000000000006087
15,44789,0,0.0,3044,1499,43290,0.010000000000060265
15,44804,0,0.0,3045,1500,43304,0.010000000000059664
8,44812,0,0.0,3046,1502,43310,0.010000000000059071
15,44827,0,0.0,3047,1502,43325,0.010000000000058483
15,44842,0,0.0,3048,1502,43340,0.0100000000000579
15,44857,0,0.0,3049,1502,43355,0.010000000000057324
15,44872,0,0.0,3050,1502,43370,0.010000000000056753
15,44887,0,0.0,3051,1502,43385,0.01000000000005619
4,44891,0,0.0,3052,1503,43388,0.010000000000055631
15,44906,0,0.0,3053,1503,43403,0.010000000000055078
15,44921,0,0.0,3054,1503,43418,0.01000000000005453
15,44936,0,0.0,3055,1503,43433,0.010000000000053987
15,44951,0,0.0,3056,1503,43448,0.010000000000053449
15,44966,0,0.0,3057,1503,43463,0.010000000000052918
15,44981,0,0.0,3058,1503,43478,0.01000000000005239
15,44996,0,0.0,3059,1503,43493,0.01000000000005187
15,45011,0,0.0,3060,1503,43508,0.010000000000051353
15,45026,0,0.0,3061,1503,43523,0.010000000000050843
13,45039,0,0.0,3062,1504,43535,0.010000000000050337
15,45054,0,0.0,3063,1504,43550,0.010000000000049835
15,45069,0,0.0,3064,1504,43565,0.01000000000004934
15,45084,0,0.0,3065,1504,43580,0.010000000000048848
15,45099,0,0.0,3066,1504,43595,0.010000000000048363
15,45114,0,0.0,3067,1504,43610,0.010000000000047882
15,45129,0,0.0,3068,1504,43625,0.010000000000047405
15,45144,0,0.0,3069,1505,43639,0.010000000000046933
15,45159,0,0.0,3070,1505,43654,0.010000000000046467
15,45174,0,0.0,3071,1505,43669,0.010000000000046003
15,45189,0,0.0,3072,1506,43683,0.010000000000045547
15,45204,0,0.0,3073,1506,43698,0.010000000000045093
15,45219,0,0.0,3074,1506,43713,0.010000000000044645
15,45234,0,0.0,3075,1506,43728,0.010000000000044201
15,45249,0,0.0,3076,1507,43742,0.01000000000004376
15,45264,0,0.0,3077,1508,43756,0.010000000000043325
15,45279,0,0.0,3078,1508,43771,0.010000000000042895
15,45294,0,0.0,3079,1508,43786,0.010000000000042468
15,45309,0,0.0,3080,1508,43801,0.010000000000042045
15,45324,0,0.0,3081,1508,43816,0.010000000000041627
15,45339,0,0.0,3082,1508,43831,0.010000000000041212
15,45354,0,0.0,3083,1508,43846,0.010000000000040803
15,45369,0,0.0,3084,1508,43861,0.010000000000040397
15,45384,0,0.0,3085,1508,43876,0.010000000000039994
15,45399,0,0.0,3086,1508,43891,0.010000000000039595
44,45443,0,0.0,3087,1509,43934,0.010000000000039201
15,45458,0,0.0,3088,1509,43949,0.010000000000038813
15,45473,0,0.0,3089,1509,43964,0.010000000000038426
15,45488,0,0.0,3090,1509,43979,0.010000000000038043
15,45503,0,0.0,3091,1509,43994,0.010000000000037665
15,45518,0,0.0,3092,1509,44009,0.01000000000003729
15,45533,0,0.0,3093,1509,44024,0.010000000000036919
15,45548,0,0.0,3094,1510,44038,0.010000000000036553
44,45592,0,0.0,3095,1511,44081,0.010000000000036188
15,45607,0,0.0,3096,1511,44096,0.010000000000035827
15,45622,0,0.0,3097,1511,44111,0.010000000000035472
14,45636,0,0.0,3098,1512,44124,0.010000000000035118
15,45651,0,0.0,3099,1512,44139,0.01000000000003477
15,45666,0,0.0,3100,1512,44154,0.010000000000034424
15,45681,0,0.0,3101,1512,44169,0.01000000000003408
15,45696,0,0.0,3102,1512,44184,0.010000000000033742
15,45711,0,0.0,3103,1513,44198,0.010000000000033406
15,45726,0,0.0,3104,1513,44213,0.010000000000033073
15,45741,0,0.0,3105,1513,44228,0.010000000000032745
15,45756,0,0.0,3106,1514,44242,0.010000000000032419
15,45771,0,0.0,3107,1514,44257,0.010000000000032096
15,45786,0,0.0,3108,1514,44272,0.010000000000031777
15,45801,0,0.0,3109,1515,44286,0.010000000000031461
15,45816,0,0.0,3110,1516,44300,0.010000000000031147
15,45831,0,0.0,3111,1516,44315,0.010000000000030838
15,45846,0,0.0,3112,1516,44330,0.010000000000030531
15,45861,0,0.0,3113,1516,44345,0.010000000000030228
15,45876,0,0.0,3114,1516,44360,0.010000000000029926
15,45891,0,0.0,3115,1516,44375,0.010000000000029628
15,45906,0,0.0,3116,1516,44390,0.010000000000029334
15,45921,0,0.0,3117,1516,44405,0.010000000000029041
15,45936,0,0.0,3118,1516,44420,0.010000000000028753
15,45951,0,0.0,3119,1517,44434,0.010000000000028467
15,45966,0,0.0,3120,1518,44448,0.010000000000028184
15,45981,0,0.0,3121,1518,44463,0.010000000000027903
15,45996,0,0.0,3122,1518,44478,0.010000000000027626
15,46011,0,0.0,3123,1518,44493,0.01000000000002735
15,46026,0,0.0,3124,1518,44508,0.010000000000027078
14,46040,0,0.0,3125,1519,44521,0.010000000000026809
15,46055,0,0.0,3126,1519,44536,0.010000000000026541
15,46070,0,0.0,3127,1519,44551,0.010000000000026278
15,46085,0,0.0,3128,1519,44566,0.010000000000026016
15,46100,0,0.0,3129,1519,44581,0.010000000000025757
15,46115,0,0.0,3130,1519,44596,0.0100000000000255
15,46130,0,0.0,3131,1519,44611,0.010000000000025247
15,46145,0,0.0,3132,1519,44626,0.010000000000024996
15,46160,0,0.0,3133,1519,44641,0.010000000000024748
15,46175,0,0.0,3134,1519,44656,0.010000000000024501
6,46181,0,0.0,3135,1520,44661,0.010000000000024257
15,46196,0,0.0,3136,1520,44676,0.010000000000024016
15,46211,0,0.0,3137,1520,44691,0.010000000000023778
15,46226,0,0.0,3138,1521,44705,0.01000000000002354
15,46241,0,0.0,3139,1521,44720,0.010000000000023306
15,46256,0,0.0,3140,1521,44735,0.010000000000023075
15,46271,0,0.0,3141,1521,44750,0.010000000000022845
15,46286,0,0.0,3142,1522,44764,0.010000000000022618
8,46294,0,0.0,3143,1523,44771,0.010000000000022392
15,46309,0,0.0,3144,1523,44786,0.01000000000002217
15,46324,0,0.0,3145,1523,44801,0.01000000000002195
15,46339,0,0.0,3146,1523,44816,0.010000000000021731
15,46354,0,0.0,3147,1523,44831,0.010000000000021514
15,46369,0,0.0,3148,1523,44846,0.010000000000021301
15,46384,0,0.0,3149,1523,44861,0.01000000000002109
15,46399,0,0.0,3150,1523,44876,0.01000000000002088
15,46414,0,0.0,3151,1523,44891,0.010000000000020671
15,46429,0,0.0,3152,1523,44906,0.010000000000020465
15,46444,0,0.0,3153,1523,44921,0.010000000000020262
15,46459,0,0.0,3154,1523,44936,0.01000000000002006
14,46473,0,0.0,3155,1525,44948,0.010000000000019861
15,46488,0,0.0,3156,1525,44963,0.010000000000019663
15,46503,0,0.0,3157,1525,44978,0.010000000000019467
15,46518,0,0.0,3158,1525,44993,0.010000000000019273
15,46533,0,0.0,3159,1525,45008,0.010000000000019082
15,46548,0,0.0,3160,1525,45023,0.010000000000018891
15,46563,0,0.0,3161,1525,45038,0.010000000000018704
15,46578,0,0.0,3162,1525,45053,0.010000000000018518
15,46593,0,0.0,3163,1525,45068,0.010000000000018335
15,46608,0,0.0,3164,1525,45083,0.01000000000001815
15,46623,0,0.0,3165,1525,45098,0.01000000000001797
15,46638,0,0.0,3166,1525,45113,0.010000000000017792
15,46653,0,0.0,3167,1526,45127,0.010000000000017615
15,46668,0,0.0,3168,1527,45141,0.01000000000001744
15,46683,0,0.0,3169,1527,45156,0.010000000000017266
15,46698,0,0.0,3170,1527,45171,0.010000000000017094
15,46713,0,0.0,3171,1527,45186,0.010000000000016924
15,46728,0,0.0,3172,1527,45201,0.010000000000016756
15,46743,0,0.0,3173,1527,45216,0.01000000000001659
15,46758,0,0.0,3174,1527,45231,0.010000000000016425
15,46773,0,0.0,3175,1527,45246,0.01000000000001626
15,46788,0,0.0,3176,1528,45260,0.010000000000016098
15,46803,0,0.0,3177,1528,45275,0.010000000000015939
15,46818,0,0.0,3178,1528,45290,0.01000000000001578
15,46833,0,0.0,3179,1528,45305,0.010000000000015623
15,46848,0,0.0,3180,1528,45320,0.010000000000015467
15,46863,0,0.0,3181,1528,45335,0.010000000000015314
15,46878,0,0.0,3182,1529,45349,0.010000000000015162
15,46893,0,0.0,3183,1529,45364,0.01000000000001501
15,46908,0,0.0,3184,1529,45379,0.010000000000014862
15,46923,0,0.0,3185,1529,45394,0.010000000000014712
15,46938,0,0.0,3186,1529,45409,0.010000000000014567
15,46953,0,0.0,3187,1529,45424,0.010000000000014421
15,46968,0,0.0,3188,1529,45439,0.010000000000014279
15,46983,0,0.0,3189,1529,45454,0.010000000000014136
15,46998,0,0.0,3190,1529,45469,0.010000000000013996
15,47013,0,0.0,3191,1531,45482,0.010000000000013857
15,47028,0,0.0,3192,1531,45497,0.010000000000013718
15,47043,0,0.0,3193,1532,45511,0.010000000000013581
15,47058,0,0.0,3194,1533,45525,0.010000000000013446
15,47073,0,0.0,3195,1534,45539,0.010000000000013312
15,47088,0,0.0,3196,1534,45554,0.01000000000001318
10,47098,0,0.0,3197,1535,45563,0.010000000000013049
15,47113,0,0.0,3198,1535,45578,0.010000000000012919
15,47128,0,0.0,3199,1535,45593,0.01000000000001279
15,47143,0,0.0,3200,1535,45608,0.010000000000012664
15,47158,0,0.0,3201,1536,45622,0.010000000000012537
15,47173,0,0.0,3202,1536,45637,0.010000000000012412
15,47188,0,0.0,3203,1536,45652,0.010000000000012289
15,47203,0,0.0,3204,1537,45666,0.010000000000012168
15,47218,0,0.0,3205,1537,45681,0.010000000000012046
15,47233,0,0.0,3206,1537,45696,0.010000000000011926
15,47248,0,0.0,3207,1537,45711,0.010000000000011808
15,47263,0,0.0,3208,1537,45726,0.01000000000001169
15,47278,0,0.0,3209,1537,45741,0.010000000000011574
15,47293,0,0.0,3210,1537,45756,0.010000000000011458
15,47308,0,0.0,3211,1537,45771,0.010000000000011345
15,47323,0,0.0,3212,1539,45784,0.010000000000011233
15,47338,0,0.0,3213,1539,45799,0.01000000000001112
15,47353,0,0.0,3214,1540,45813,0.010000000000011009
15,47368,0,0.0,3215,1540,45828,0.0100000000000109
15,47383,0,0.0,3216,1541,45842,0.010000000000010792
15,47398,0,0.0,3217,1541,45857,0.010000000000010684
15,47413,0,0.0,3218,1541,45872,0.010000000000010577
15,47428,0,0.0,3219,1541,45887,0.010000000000010473
15,47443,0,0.0,3220,1541,45902,0.010000000000010369
15,47458,0,0.0,3221,1541,45917,0.010000000000010265
15,47473,0,0.0,3222,1541,45932,0.010000000000010162
15,47488,0,0.0,3223,1541,45947,0.010000000000010062
15,47503,0,0.0,3224,1541,45962,0.010000000000009961
15,47518,0,0.0,3225,1541,45977,0.010000000000009862
15,47533,0,0.0,3226,1541,45992,0.010000000000009765
15,47548,0,0.0,3227,1541,46007,0.010000000000009668
15,47563,0,0.0,3228,1541,46022,0.01000000000000957
15,47578,0,0.0,3229,1541,46037,0.010000000000009475
15,47593,0,0.0,3230,1541,46052,0.010000000000009382
15,47608,0,0.0,3231,1541,46067,0.010000000000009288
15,47623,0,0.0,3232,1542,46081,0.010000000000009196
15,47638,0,0.0,3233,1542,46096,0.010000000000009104
15,47653,0,0.0,3234,1542,46111,0.010000000000009014
15,47668,0,0.0,3235,1542,46126,0.010000000000008924
15,47683,0,0.0,3236,1542,46141,0.010000000000008835
15,47698,0,0.0,3237,1542,46156,0.010000000000008747
15,47713,0,0.0,3238,1542,46171,0.01000000000000866
15,47728,0,0.0,3239,1542,46186,0.010000000000008575
15,47743,0,0.0,3240,1542,46201,0.010000000000008488
15,47758,0,0.0,3241,1542,46216,0.010000000000008405
15,47773,0,0.0,3242,1542,46231,0.01000000000000832
15,47788,0,0.0,3243,1542,46246,0.010000000000008238
15,47803,0,0.0,3244,1542,46261,0.010000000000008155
27,47830,0,0.0,3245,1544,46286,0.010000000000008075
15,47845,0,0.0,3246,1544,46301,0.010000000000007994
15,47860,0,0.0,3247,1544,46316,0.010000000000007916
15,47875,0,0.0,3248,1544,46331,0.010000000000007836
15,47890,0,0.0,3249,1545,46345,0.010000000000007758
15,47905,0,0.0,3250,1545,46360,0.010000000000007682
15,47920,0,0.0,3251,1545,46375,0.010000000000007605
15,47935,0,0.0,3252,1545,46390,0.010000000000007529
15,47950,0,0.0,3253,1545,46405,0.010000000000007454
15,47965,0,0.0,3254,1545,46420,0.01000000000000738
15,47980,0,0.0,3255,1545,46435,0.010000000000007307
15,47995,0,0.0,3256,1545,46450,0.010000000000007234
5,48000,0,0.0,3257,1546,46454,0.010000000000007161
15,48015,0,0.0,3258,1546,46469,0.01000000000000709
15,48030,0,0.0,3259,1546,46484,0.01000000000000702
15,48045,0,0.0,3260,1546,46499,0.01000000000000695
15,48060,0,0.0,3261,1546,46514,0.01000000000000688
15,48075,0,0.0,3262,1546,46529,0.010000000000006812
15,48090,0,0.0,3263,1546,46544,0.010000000000006745
15,48105,0,0.0,3264,1546,46559,0.010000000000006677
15,48120,0,0.0,3265,1546,46574,0.010000000000006611
15,48135,0,0.0,3266,1546,46589,0.010000000000006545
15,48150,0,0.0,3267,1546,46604,0.01000000000000648
15,48165,0,0.0,3268,1546,46619,0.010000000000006415
15,48180,0,0.0,3269,1546,46634,0.010000000000006353
15,48195,0,0.0,3270,1546,46649,0.010000000000006289
15,48210,0,0.0,3271,1546,46664,0.010000000000006226
15,48225,0,0.0,3272,1546,46679,0.010000000000006164
15,48240,0,0.0,3273,1546,46694,0.010000000000006103
15,48255,0,0.0,3274,1546,46709,0.010000000000006042
15,48270,0,0.0,3275,1546,46724,0.010000000000005982
15,48285,0,0.0,3276,1546,46739,0.010000000000005923
15,48300,0,0.0,3277,1546,46754,0.010000000000005864
15,48315,0,0.0,3278,1546,46769,0.010000000000005805
15,48330,0,0.0,3279,1546,46784,0.010000000000005747
15,48345,0,0.0,3280,1546,46799,0.01000000000000569
15,48360,0,0.0,3281,1546,46814,0.010000000000005633
15,48375,0,0.0,3282,1547,46828,0.010000000000005577
15,48390,0,0.0,3283,1548,46842,0.010000000000005522
15,48405,0,0.0,3284,1548,46857,0.010000000000005466
15,48420,0,0.0,3285,1548,46872,0.010000000000005413
15,48435,0,0.0,3286,1548,46887,0.010000000000005359
6,48441,0,0.0,3287,1549,46892,0.010000000000005305
44,48485,0,0.0,3288,1550,46935,0.010000000000005253
15,48500,0,0.0,3289,1550,46950,0.010000000000005201
15,48515,0,0.0,3290,1550,46965,0.010000000000005149
15,48530,0,0.0,3291,1550,46980,0.010000000000005097
15,48545,0,0.0,3292,1550,46995,0.010000000000005047
15,48560,0,0.0,3293,1550,47010,0.010000000000004996
15,48575,0,0.0,3294,1550,47025,0.010000000000004948
15,48590,0,0.0,3295,1550,47040,0.010000000000004897
15,48605,0,0.0,3296,1550,47055,0.010000000000004849
15,48620,0,0.0,3297,1550,47070,0.0100000000000048
15,48635,0,0.0,3298,1550,47085,0.010000000000004753
15,48650,0,0.0,3299,1550,47100,0.010000000000004707
15,48665,0,0.0,3300,1550,47115,0.01000000000000466
15,48680,0,0.0,3301,1550,47130,0.010000000000004613
15,48695,0,0.0,3302,1550,47145,0.010000000000004566
16,48711,0,0.0,3303,1551,47160,0.010000000000004521
15,48726,0,0.0,3304,1551,47175,0.010000000000004476
15,48741,0,0.0,3305,1551,47190,0.010000000000004432
15,48756,0,0.0,3306,1551,47205,0.010000000000004387
15,48771,0,0.0,3307,1551,47220,0.010000000000004344
15,48786,0,0.0,3308,1552,47234,0.0100000000000043
15,48801,0,0.0,3309,1552,47249,0.010000000000004257
15,48816,0,0.0,3310,1552,47264,0.010000000000004216
15,48831,0,0.0,3311,1553,47278,0.010000000000004174
15,48846,0,0.0,3312,1554,47292,0.010000000000004132
15,48861,0,0.0,3313,1555,47306,0.01000000000000409
15,48876,0,0.0,3314,1555,47321,0.01000000000000405
15,48891,0,0.0,3315,1555,47336,0.01000000000000401
15,48906,0,0.0,3316,1555,47351,0.01000000000000397
15,48921,0,0.0,3317,1555,47366,0.010000000000003931
15,48936,0,0.0,3318,1555,47381,0.010000000000003891
15,48951,0,0.0,3319,1555,47396,0.010000000000003853
15,48966,0,0.0,3320,1555,47411,0.010000000000003815
15,48981,0,0.0,3321,1555,47426,0.010000000000003777
15,48996,0,0.0,3322,1556,47440,0.010000000000003739
15,49011,0,0.0,3323,1556,47455,0.010000000000003702
15,49026,0,0.0,3324,1556,47470,0.010000000000003666
15,49041,0,0.0,3325,1556,47485,0.010000000000003628
15,49056,0,0.0,3326,1556,47500,0.010000000000003593
15,49071,0,0.0,3327,1556,47515,0.010000000000003556
15,49086,0,0.0,3328,1556,47530,0.010000000000003522
15,49101,0,0.0,3329,1556,47545,0.010000000000003485
15,49116,0,0.0,3330,1556,47560,0.01000000000000345
15,49131,0,0.0,3331,1556,47575,0.010000000000003418
15,49146,0,0.0,3332,1556,47590,0.010000000000003383
15,49161,0,0.0,3333,1556,47605,0.01000000000000335
15,49176,0,0.0,3334,1556,47620,0.010000000000003315
15,49191,0,0.0,3335,1556,47635,0.010000000000003282
15,49206,0,0.0,3336,1556,47650,0.010000000000003251
15,49221,0,0.0,3337,1557,47664,0.010000000000003218
15,49236,0,0.0,3338,1557,47679,0.010000000000003187
15,49251,0,0.0,3339,1558,47693,0.010000000000003154
15,49266,0,0.0,3340,1558,47708,0.010000000000003123
15,49281,0,0.0,3341,1559,47722,0.010000000000003091
15,49296,0,0.0,3342,1559,47737,0.010000000000003062
15,49311,0,0.0,3343,1559,47752,0.01000000000000303
15,49326,0,0.0,3344,1559,47767,0.010000000000003001
15,49341,0,0.0,3345,1559,47782,0.01000000000000297
15,49356,0,0.0,3346,1559,47797,0.01000000000000294
15,49371,0,0.0,3347,1559,47812,0.010000000000002911
15,49386,0,0.0,3348,1559,47827,0.010000000000002883
15,49401,0,0.0,3349,1560,47841,0.010000000000002854
14,49415,0,0.0,3350,1561,47854,0.010000000000002826
15,49430,0,0.0,3351,1562,47868,0.010000000000002798
15,49445,0,0.0,3352,1562,47883,0.01000000000000277
15,49460,0,0.0,3353,1562,47898,0.010000000000002743
43,49503,0,0.0,3354,1564,47939,0.010000000000002715
15,49518,0,0.0,3355,1564,47954,0.010000000000002687
15,49533,0,0.0,3356,1564,47969,0.010000000000002661
15,49548,0,0.0,3357,1564,47984,0.010000000000002635
15,49563,0,0.0,3358,1564,47999,0.01000000000000261
15,49578,0,0.0,3359,1564,48014,0.010000000000002583
15,49593,0,0.0,3360,1564,48029,0.010000000000002557
15,49608,0,0.0,3361,1564,48044,0.010000000000002531
15,49623,0,0.0,3362,1564,48059,0.010000000000002507
15,49638,0,0.0,3363,1564,48074,0.01000000000000248
15,49653,0,0.0,3364,1564,48089,0.010000000000002457
15,49668,0,0.0,3365,1564,48104,0.010000000000002432
15,49683,0,0.0,3366,1564,48119,0.010000000000002408
44,49727,0,0.0,3367,1565,48162,0.010000000000002384
15,49742,0,0.0,3368,1565,48177,0.010000000000002361
15,49757,0,0.0,3369,1565,48192,0.010000000000002337
15,49772,0,0.0,3370,1565,48207,0.010000000000002314
15,49787,0,0.0,3371,1565,48222,0.01000000000000229
15,49802,0,0.0,3372,1565,48237,0.010000000000002267
13,49815,0,0.0,3373,1566,48249,0.010000000000002245
15,49830,0,0.0,3374,1566,48264,0.010000000000002222
15,49845,0,0.0,3375,1566,48279,0.010000000000002202
15,49860,0,0.0,3376,1566,48294,0.010000000000002179
15,49875,0,0.0,3377,1566,48309,0.010000000000002156
13,49888,0,0.0,3378,1567,48321,0.010000000000002136
9,49897,0,0.0,3379,1568,48329,0.010000000000002115
15,49912,0,0.0,3380,1568,48344,0.010000000000002094
15,49927,0,0.0,3381,1568,48359,0.010000000000002073
15,49942,0,0.0,3382,1568,48374,0.010000000000002052
15,49957,0,0.0,3383,1568,48389,0.010000000000002032
15,49972,0,0.0,3384,1568,48404,0.01000000000000201
15,49987,0,0.0,3385,1568,48419,0.010000000000001992
15,50002,0,0.0,3386,1568,48434,0.01000000000000197
15,50017,0,0.0,3387,1568,48449,0.010000000000001952
15,50032,0,0.0,3388,1568,48464,0.010000000000001933
15,50047,0,0.0,3389,1568,48479,0.010000000000001914
13,50060,0,0.0,3390,1569,48491,0.010000000000001895
15,50075,0,0.0,3391,1569,48506,0.010000000000001875
15,50090,0,0.0,3392,1569,48521,0.010000000000001856
15,50105,0,0.0,3393,1569,48536,0.010000000000001839
15,50120,0,0.0,3394,1569,48551,0.01000000000000182
15,50135,0,0.0,3395,1569,48566,0.010000000000001803
15,50150,0,0.0,3396,1570,48580,0.010000000000001784
15,50165,0,0.0,3397,1570,48595,0.010000000000001766
15,50180,0,0.0,3398,1570,48610,0.010000000000001749
15,50195,0,0.0,3399,1570,48625,0.010000000000001731
15,50210,0,0.0,3400,1570,48640,0.010000000000001714
15,50225,0,0.0,3401,1571,48654,0.010000000000001697
15,50240,0,0.0,3402,1571,48669,0.01000000000000168
15,50255,0,0.0,3403,1571,48684,0.010000000000001664
15,50270,0,0.0,3404,1571,48699,0.010000000000001646
15,50285,0,0.0,3405,1571,48714,0.01000000000000163
15,50300,0,0.0,3406,1571,48729,0.010000000000001614
15,50315,0,0.0,3407,1571,48744,0.010000000000001598
15,50330,0,0.0,3408,1571,48759,0.010000000000001582
15,50345,0,0.0,3409,1571,48774,0.010000000000001567
15,50360,0,0.0,3410,1571,48789,0.010000000000001551
10,50370,0,0.0,3411,1572,48798,0.010000000000001535
15,50385,0,0.0,3412,1572,48813,0.01000000000000152
15,50400,0,0.0,3413,1572,48828,0.010000000000001506
12,50412,0,0.0,3414,1574,48838,0.01000000000000149
15,50427,0,0.0,3415,1575,48852,0.010000000000001475
15,50442,0,0.0,3416,1575,48867,0.01000000000000146
15,50457,0,0.0,3417,1575,48882,0.010000000000001445
15,50472,0,0.0,3418,1575,48897,0.010000000000001431
15,50487,0,0.0,3419,1575,48912,0.010000000000001417
15,50502,0,0.0,3420,1575,48927,0.010000000000001404
15,50517,0,0.0,3421,1575,48942,0.01000000000000139
15,50532,0,0.0,3422,1576,48956,0.010000000000001376
15,50547,0,0.0,3423,1576,48971,0.010000000000001362
15,50562,0,0.0,3424,1576,48986,0.010000000000001348
15,50577,0,0.0,3425,1576,49001,0.010000000000001334
15,50592,0,0.0,3426,1576,49016,0.010000000000001322
15,50607,0,0.0,3427,1576,49031,0.010000000000001308
15,50622,0,0.0,3428,1576,49046,0.010000000000001296
15,50637,0,0.0,3429,1577,49060,0.010000000000001282
15,50652,0,0.0,3430,1577,49075,0.01000000000000127
15,50667,0,0.0,3431,1578,49089,0.010000000000001258
15,50682,0,0.0,3432,1579,49103,0.010000000000001244
15,50697,0,0.0,3433,1579,49118,0.010000000000001232
15,50712,0,0.0,3434,1579,49133,0.01000000000000122
15,50727,0,0.0,3435,1579,49148,0.010000000000001208
15,50742,0,0.0,3436,1579,49163,0.010000000000001195
44,50786,0,0.0,3437,1580,49206,0.010000000000001183
15,50801,0,0.0,3438,1581,49220,0.010000000000001173
15,50816,0,0.0,3439,1581,49235,0.01000000000000116
15,50831,0,0.0,3440,1581,49250,0.010000000000001149
15,50846,0,0.0,3441,1581,49265,0.010000000000001138
15,50861,0,0.0,3442,1581,49280,0.010000000000001126
15,50876,0,0.0,3443,1582,49294,0.010000000000001116
15,50891,0,0.0,3444,1582,49309,0.010000000000001103
15,50906,0,0.0,3445,1582,49324,0.010000000000001093
15,50921,0,0.0,3446,1582,49339,0.010000000000001083
15,50936,0,0.0,3447,1582,49354,0.01000000000000107
15,50951,0,0.0,3448,1582,49369,0.01000000000000106
15,50966,0,0.0,3449,1582,49384,0.01000000000000105
15,50981,0,0.0,3450,1582,49399,0.01000000000000104
13,50994,0,0.0,3451,1583,49411,0.010000000000001029
15,51009,0,0.0,3452,1583,49426,0.010000000000001018
15,51024,0,0.0,3453,1583,49441,0.01000000000000101
15,51039,0,0.0,3454,1583,49456,0.010000000000001
15,51054,0,0.0,3455,1583,49471,0.010000000000000989
15,51069,0,0.0,3456,1584,49485,0.010000000000000979
15,51084,0,0.0,3457,1584,49500,0.01000000000000097
15,51099,0,0.0,3458,1584,49515,0.01000000000000096
15,51114,0,0.0,3459,1584,49530,0.01000000000000095
15,51129,0,0.0,3460,1584,49545,0.01000000000000094
14,51143,0,0.0,3461,1586,49557,0.010000000000000932
15,51158,0,0.0,3462,1586,49572,0.010000000000000921
15,51173,0,0.0,3463,1586,49587,0.010000000000000913
15,51188,0,0.0,3464,1586,49602,0.010000000000000904
15,51203,0,0.0,3465,1586,49617,0.010000000000000895
15,51218,0,0.0,3466,1586,49632,0.010000000000000887
15,51233,0,0.0,3467,1586,49647,0.010000000000000878
15,51248,0,0.0,3468,1587,49661,0.01000000000000087
15,51263,0,0.0,3469,1587,49676,0.01000000000000086
15,51278,0,0.0,3470,1587,49691,0.010000000000000852
15,51293,0,0.0,3471,1587,49706,0.010000000000000843
15,51308,0,0.0,3472,1587,49721,0.010000000000000835
14,51322,0,0.0,3473,1588,49734,0.010000000000000826
15,51337,0,0.0,3474,1588,49749,0.010000000000000817
15,51352,0,0.0,3475,1588,49764,0.01000000000000081
15,51367,0,0.0,3476,1588,49779,0.010000000000000802
15,51382,0,0.0,3477,1588,49794,0.010000000000000793
15,51397,0,0.0,3478,1588,49809,0.010000000000000786
15,51412,0,0.0,3479,1589,49823,0.010000000000000777
15,51427,0,0.0,3480,1589,49838,0.01000000000000077
15,51442,0,0.0,3481,1590,49852,0.010000000000000762
15,51457,0,0.0,3482,1590,49867,0.010000000000000755
15,51472,0,0.0,3483,1590,49882,0.010000000000000748
15,51487,0,0.0,3484,1590,49897,0.010000000000000741
15,51502,0,0.0,3485,1590,49912,0.010000000000000732
15,51517,0,0.0,3486,1591,49926,0.010000000000000725
15,51532,0,0.0,3487,1591,49941,0.010000000000000718
15,51547,0,0.0,3488,1591,49956,0.010000000000000711
15,51562,0,0.0,3489,1592,49970,0.010000000000000705
15,51577,0,0.0,3490,1592,49985,0.010000000000000698
15,51592,0,0.0,3491,1592,50000,0.01000000000000069
15,51607,0,0.0,3492,1592,50015,0.010000000000000684
15,51622,0,0.0,3493,1592,50030,0.010000000000000677
15,51637,0,0.0,3494,1592,50045,0.01000000000000067
15,51652,0,0.0,3495,1592,50060,0.010000000000000663
15,51667,0,0.0,3496,1592,50075,0.010000000000000656
15,51682,0,0.0,3497,1592,50090,0.01000000000000065
15,51697,0,0.0,3498,1592,50105,0.010000000000000644
15,51712,0,0.0,3499,1592,50120,0.010000000000000637
15,51727,0,0.0,3500,1592,50135,0.01000000000000063
15,51742,0,0.0,3501,1592,50150,0.010000000000000625
15,51757,0,0.0,3502,1593,50164,0.010000000000000618
15,51772,0,0.0,3503,1593,50179,0.010000000000000613
15,51787,0,0.0,3504,1594,50193,0.010000000000000606
15,51802,0,0.0,3505,1594,50208,0.0100000000000006
15,51817,0,0.0,3506,1594,50223,0.010000000000000593
15,51832,0,0.0,3507,1594,50238,0.010000000000000588
15,51847,0,0.0,3508,1594,50253,0.010000000000000583
15,51862,0,0.0,3509,1594,50268,0.010000000000000576
15,51877,0,0.0,3510,1594,50283,0.010000000000000571
15,51892,0,0.0,3511,1594,50298,0.010000000000000566
15,51907,0,0.0,3512,1594,50313,0.010000000000000559
15,51922,0,0.0,3513,1594,50328,0.010000000000000554
15,51937,0,0.0,3514,1594,50343,0.010000000000000548
7,51944,0,0.0,3515,1595,50349,0.010000000000000543
15,51959,0,0.0,3516,1595,50364,0.010000000000000538
15,51974,0,0.0,3517,1595,50379,0.010000000000000533
15,51989,0,0.0,3518,1595,50394,0.010000000000000528
15,52004,0,0.0,3519,1595,50409,0.010000000000000522
15,52019,0,0.0,3520,1595,50424,0.010000000000000517
15,52034,0,0.0,3521,1595,50439,0.010000000000000512
15,52049,0,0.0,3522,1595,50454,0.010000000000000507
15,52064,0,0.0,3523,1596,50468,0.010000000000000502
15,52079,0,0.0,3524,1596,50483,0.010000000000000496
15,52094,0,0.0,3525,1596,50498,0.010000000000000491
15,52109,0,0.0,3526,1596,50513,0.010000000000000486
15,52124,0,0.0,3527,1596,50528,0.01000000000000048
15,52139,0,0.0,3528,1596,50543,0.010000000000000477
15,52154,0,0.0,3529,1596,50558,0.010000000000000472
15,52169,0,0.0,3530,1597,50572,0.010000000000000467
15,52184,0,0.0,3531,1597,50587,0.010000000000000463
15,52199,0,0.0,3532,1597,50602,0.010000000000000458
15,52214,0,0.0,3533,1597,50617,0.010000000000000453
15,52229,0,0.0,3534,1597,50632,0.01000000000000045
15,52244,0,0.0,3535,1597,50647,0.010000000000000444
15,52259,0,0.0,3536,1597,50662,0.01000000000000044
15,52274,0,0.0,3537,1597,50677,0.010000000000000436
15,52289,0,0.0,3538,1597,50692,0.010000000000000432
15,52304,0,0.0,3539,1597,50707,0.010000000000000427
15,52319,0,0.0,3540,1597,50722,0.010000000000000423
15,52334,0,0.0,3541,1597,50737,0.010000000000000418
15,52349,0,0.0,3542,1597,50752,0.010000000000000415
15,52364,0,0.0,3543,1597,50767,0.01000000000000041
15,52379,0,0.0,3544,1597,50782,0.010000000000000406
15,52394,0,0.0,3545,1597,50797,0.010000000000000403
15,52409,0,0.0,3546,1597,50812,0.010000000000000397
8,52417,0,0.0,3547,1598,50819,0.010000000000000394
15,52432,0,0.0,3548,1598,50834,0.01000000000000039
15,52447,0,0.0,3549,1599,50848,0.010000000000000387
15,52462,0,0.0,3550,1599,50863,0.010000000000000382
15,52477,0,0.0,3551,1599,50878,0.010000000000000378
15,52492,0,0.0,3552,1599,50893,0.010000000000000375
15,52507,0,0.0,3553,1599,50908,0.010000000000000371
15,52522,0,0.0,3554,1599,50923,0.010000000000000368
15,52537,0,0.0,3555,1599,50938,0.010000000000000365
15,52552,0,0.0,3556,1599,50953,0.010000000000000361
15,52567,0,0.0,3557,1599,50968,0.010000000000000358
15,52582,0,0.0,3558,1599,50983,0.010000000000000352
15,52597,0,0.0,3559,1599,50998,0.010000000000000349
15,52612,0,0.0,3560,1599,51013,0.010000000000000345
15,52627,0,0.0,3561,1599,51028,0.010000000000000342
15,52642,0,0.0,3562,1599,51043,0.01000000000000034
15,52657,0,0.0,3563,1599,51058,0.010000000000000337
15,52672,0,0.0,3564,1599,51073,0.010000000000000333
44,52716,0,0.0,3565,1600,51116,0.01000000000000033
15,52731,0,0.0,3566,1601,51130,0.010000000000000326
15,52746,0,0.0,3567,1601,51145,0.010000000000000323
15,52761,0,0.0,3568,1601,51160,0.01000000000000032
15,52776,0,0.0,3569,1601,51175,0.010000000000000316
15,52791,0,0.0,3570,1601,51190,0.010000000000000312
15,52806,0,0.0,3571,1601,51205,0.01000000000000031
15,52821,0,0.0,3572,1601,51220,0.010000000000000307
15,52836,0,0.0,3573,1601,51235,0.010000000000000304
15,52851,0,0.0,3574,1601,51250,0.0100000000000003
15,52866,0,0.0,3575,1601,51265,0.010000000000000299
15,52881,0,0.0,3576,1601,51280,0.010000000000000295
15,52896,0,0.0,3577,1601,51295,0.010000000000000292
15,52911,0,0.0,3578,1601,51310,0.01000000000000029
15,52926,0,0.0,3579,1601,51325,0.010000000000000286
15,52941,0,0.0,3580,1601,51340,0.010000000000000283
15,52956,0,0.0,3581,1601,51355,0.010000000000000281
15,52971,0,0.0,3582,1601,51370,0.010000000000000278
15,52986,0,0.0,3583,1601,51385,0.010000000000000274
15,53001,0,0.0,3584,1601,51400,0.010000000000000273
15,53016,0,0.0,3585,1601,51415,0.010000000000000269
15,53031,0,0.0,3586,1601,51430,0.010000000000000267
15,53046,0,0.0,3587,1601,51445,0.010000000000000264
15,53061,0,0.0,3588,1601,51460,0.010000000000000262
15,53076,0,0.0,3589,1601,51475,0.010000000000000259
15,53091,0,0.0,3590,1601,51490,0.010000000000000257
15,53106,0,0.0,3591,1601,51505,0.010000000000000253
15,53121,0,0.0,3592,1601,51520,0.010000000000000252
15,53136,0,0.0,3593,1601,51535,0.010000000000000248
15,53151,0,0.0,3594,1601,51550,0.010000000000000247
15,53166,0,0.0,3595,1601,51565,0.010000000000000245
6,53172,0,0.0,3596,1602,51570,0.010000000000000241
15,53187,0,0.0,3597,1602,51585,0.01000000000000024
15,53202,0,0.0,3598,1603,51599,0.010000000000000236
15,53217,0,0.0,3599,1603,51614,0.010000000000000234
15,53232,0,0.0,3600,1603,51629,0.010000000000000233
15,53247,0,0.0,3601,1603,51644,0.01000000000000023
15,53262,0,0.0,3602,1603,51659,0.010000000000000227
15,53277,0,0.0,3603,1603,51674,0.010000000000000226
15,53292,0,0.0,3604,1603,51689,0.010000000000000222
15,53307,0,0.0,3605,1603,51704,0.01000000000000022
15,53322,0,0.0,3606,1603,51719,0.010000000000000219
15,53337,0,0.0,3607,1603,51734,0.010000000000000217
15,53352,0,0.0,3608,1603,51749,0.010000000000000214
15,53367,0,0.0,3609,1603,51764,0.010000000000000212
15,53382,0,0.0,3610,1603,51779,0.01000000000000021
15,53397,0,0.0,3611,1603,51794,0.010000000000000208
15,53412,0,0.0,3612,1603,51809,0.010000000000000207
15,53427,0,0.0,3613,1603,51824,0.010000000000000203
15,53442,0,0.0,3614,1603,51839,0.010000000000000201
15,53457,0,0.0,3615,1603,51854,0.0100000000000002
15,53472,0,0.0,3616,1604,51868,0.010000000000000198
7,53479,0,0.0,3617,1605,51874,0.010000000000000196
15,53494,0,0.0,3618,1605,51889,0.010000000000000194
15,53509,0,0.0,3619,1605,51904,0.010000000000000193
15,53524,0,0.0,3620,1605,51919,0.01000000000000019
15,53539,0,0.0,3621,1605,51934,0.010000000000000188
15,53554,0,0.0,3622,1605,51949,0.010000000000000186
15,53569,0,0.0,3623,1605,51964,0.010000000000000184
15,53584,0,0.0,3624,1605,51979,0.010000000000000182
15,53599,0,0.0,3625,1605,51994,0.01000000000000018
6,53605,0,0.0,3626,1606,51999,0.010000000000000179
15,53620,0,0.0,3627,1606,52014,0.010000000000000177
15,53635,0,0.0,3628,1607,52028,0.010000000000000175
15,53650,0,0.0,3629,1607,52043,0.010000000000000174
15,53665,0,0.0,3630,1607,52058,0.010000000000000172
15,53680,0,0.0,3631,1607,52073,0.01000000000000017
15,53695,0,0.0,3632,1607,52088,0.010000000000000168
15,53710,0,0.0,3633,1608,52102,0.010000000000000167
15,53725,0,0.0,3634,1608,52117,0.010000000000000165
15,53740,0,0.0,3635,1608,52132,0.010000000000000163
15,53755,0,0.0,3636,1608,52147,0.010000000000000162
15,53770,0,0.0,3637,1608,52162,0.01000000000000016
15,53785,0,0.0,3638,1608,52177,0.010000000000000158
15,53800,0,0.0,3639,1608,52192,0.010000000000000158
15,53815,0,0.0,3640,1609,52206,0.010000000000000156
15,53830,0,0.0,3641,1609,52221,0.010000000000000155
15,53845,0,0.0,3642,1609,52236,0.010000000000000153
15,53860,0,0.0,3643,1609,52251,0.010000000000000151
15,53875,0,0.0,3644,1609,52266,0.01000000000000015
15,53890,0,0.0,3645,1609,52281,0.010000000000000148
15,53905,0,0.0,3646,1609,52296,0.010000000000000146
15,53920,0,0.0,3647,1609,52311,0.010000000000000146
15,53935,0,0.0,3648,1609,52326,0.010000000000000144
15,53950,0,0.0,3649,1609,52341,0.010000000000000142
15,53965,0,0.0,3650,1609,52356,0.01000000000000014
15,53980,0,0.0,3651,1609,52371,0.010000000000000139
15,53995,0,0.0,3652,1609,52386,0.010000000000000137
15,54010,0,0.0,3653,1609,52401,0.010000000000000137
15,54025,0,0.0,3654,1609,52416,0.010000000000000136
15,54040,0,0.0,3655,1609,52431,0.010000000000000134
15,54055,0,0.0,3656,1609,52446,0.010000000000000132
15,54070,0,0.0,3657,1609,52461,0.010000000000000132
15,54085,0,0.0,3658,1609,52476,0.01000000000000013
15,54100,0,0.0,3659,1609,52491,0.010000000000000129
15,54115,0,0.0,3660,1609,52506,0.010000000000000127
15,54130,0,0.0,3661,1609,52521,0.010000000000000127
13,54143,0,0.0,3662,1610,52533,0.010000000000000125
14,54157,0,0.0,3663,1611,52546,0.010000000000000123
15,54172,0,0.0,3664,1611,52561,0.010000000000000123
15,54187,0,0.0,3665,1611,52576,0.010000000000000122
15,54202,0,0.0,3666,1611,52591,0.01000000000000012
15,54217,0,0.0,3667,1611,52606,0.010000000000000118
15,54232,0,0.0,3668,1611,52621,0.010000000000000118
15,54247,0,0.0,3669,1611,52636,0.010000000000000116
15,54262,0,0.0,3670,1611,52651,0.010000000000000115
15,54277,0,0.0,3671,1611,52666,0.010000000000000115
15,54292,0,0.0,3672,1611,52681,0.010000000000000113
15,54307,0,0.0,3673,1611,52696,0.010000000000000111
15,54322,0,0.0,3674,1612,52710,0.010000000000000111
15,54337,0,0.0,3675,1612,52725,0.01000000000000011
15,54352,0,0.0,3676,1612,52740,0.01000000000000011
15,54367,0,0.0,3677,1612,52755,0.010000000000000108
15,54382,0,0.0,3678,1612,52770,0.010000000000000106
15,54397,0,0.0,3679,1613,52784,0.010000000000000106
15,54412,0,0.0,3680,1613,52799,0.010000000000000104
44,54456,0,0.0,3681,1614,52842,0.010000000000000103
7,54463,0,0.0,3682,1615,52848,0.010000000000000103
4,54467,0,0.0,3683,1616,52851,0.0100000000000001
15,54482,0,0.0,3684,1616,52866,0.0100000000000001
15,54497,0,0.0,3685,1616,52881,0.010000000000000099
15,54512,0,0.0,3686,1616,52896,0.010000000000000099
15,54527,0,0.0,3687,1616,52911,0.010000000000000097
15,54542,0,0.0,3688,1616,52926,0.010000000000000096
15,54557,0,0.0,3689,1616,52941,0.010000000000000096
15,54572,0,0.0,3690,1616,52956,0.010000000000000094
15,54587,0,0.0,3691,1616,52971,0.010000000000000094
15,54602,0,0.0,3692,1616,52986,0.010000000000000092
15,54617,0,0.0,3693,1616,53001,0.010000000000000092
15,54632,0,0.0,3694,1616,53016,0.01000000000000009
14,54646,0,0.0,3695,1617,53029,0.01000000000000009
15,54661,0,0.0,3696,1617,53044,0.010000000000000089
15,54676,0,0.0,3697,1617,53059,0.010000000000000089
15,54691,0,0.0,3698,1617,53074,0.010000000000000087
15,54706,0,0.0,3699,1617,53089,0.010000000000000087
15,54721,0,0.0,3700,1617,53104,0.010000000000000085
15,54736,0,0.0,3701,1617,53119,0.010000000000000085
15,54751,0,0.0,3702,1617,53134,0.010000000000000083
15,54766,0,0.0,3703,1617,53149,0.010000000000000083
15,54781,0,0.0,3704,1617,53164,0.010000000000000082
15,54796,0,0.0,3705,1617,53179,0.010000000000000082
15,54811,0,0.0,3706,1618,53193,0.01000000000000008
15,54826,0,0.0,3707,1619,53207,0.01000000000000008
15,54841,0,0.0,3708,1619,53222,0.010000000000000078
15,54856,0,0.0,3709,1619,53237,0.010000000000000078
15,54871,0,0.0,3710,1619,53252,0.010000000000000078
15,54886,0,0.0,3711,1619,53267,0.010000000000000077
15,54901,0,0.0,3712,1619,53282,0.010000000000000077
15,54916,0,0.0,3713,1619,53297,0.010000000000000075
15,54931,0,0.0,3714,1619,53312,0.010000000000000075
15,54946,0,0.0,3715,1619,53327,0.010000000000000073
15,54961,0,0.0,3716,1619,53342,0.010000000000000073
15,54976,0,0.0,3717,1619,53357,0.010000000000000071
15,54991,0,0.0,3718,1619,53372,0.010000000000000071
15,55006,0,0.0,3719,1619,53387,0.010000000000000071
15,55021,0,0.0,3720,1619,53402,0.01000000000000007
15,55036,0,0.0,3721,1619,53417,0.01000000000000007
15,55051,0,0.0,3722,1619,53432,0.010000000000000068
15,55066,0,0.0,3723,1619,53447,0.010000000000000068
15,55081,0,0.0,3724,1619,53462,0.010000000000000068
15,55096,0,0.0,3725,1619,53477,0.010000000000000066
15,55111,0,0.0,3726,1619,53492,0.010000000000000066
15,55126,0,0.0,3727,1619,53507,0.010000000000000066
15,55141,0,0.0,3728,1619,53522,0.010000000000000064
15,55156,0,0.0,3729,1619,53537,0.010000000000000064
15,55171,0,0.0,3730,1619,53552,0.010000000000000063
15,55186,0,0.0,3731,1619,53567,0.010000000000000063
14,55200,0,0.0,3732,1620,53580,0.010000000000000063
15,55215,0,0.0,3733,1620,53595,0.010000000000000061
4,55219,0,0.0,3734,1621,53598,0.010000000000000061
15,55234,0,0.0,3735,1622,53612,0.010000000000000061
15,55249,0,0.0,3736,1622,53627,0.01000000000000006
15,55264,0,0.0,3737,1622,53642,0.01000000000000006
15,55279,0,0.0,3738,1623,53656,0.01000000000000006
15,55294,0,0.0,3739,1623,53671,0.010000000000000057
15,55309,0,0.0,3740,1623,53686,0.010000000000000057
15,55324,0,0.0,3741,1623,53701,0.010000000000000057
15,55339,0,0.0,3742,1624,53715,0.010000000000000056
15,55354,0,0.0,3743,1624,53730,0.010000000000000056
15,55369,0,0.0,3744,1624,53745,0.010000000000000056
15,55384,0,0.0,3745,1624,53760,0.010000000000000054
14,55398,0,0.0,3746,1625,53773,0.010000000000000054
15,55413,0,0.0,3747,1625,53788,0.010000000000000054
15,55428,0,0.0,3748,1625,53803,0.010000000000000052
15,55443,0,0.0,3749,1625,53818,0.010000000000000052
15,55458,0,0.0,3750,1625,53833,0.010000000000000052
15,55473,0,0.0,3751,1625,53848,0.010000000000000052
15,55488,0,0.0,3752,1625,53863,0.01000000000000005
44,55532,0,0.0,3753,1627,53905,0.01000000000000005
15,55547,0,0.0,3754,1627,53920,0.01000000000000005
15,55562,0,0.0,3755,1627,53935,0.010000000000000049
15,55577,0,0.0,3756,1627,53950,0.010000000000000049
15,55592,0,0.0,3757,1627,53965,0.010000000000000049
15,55607,0,0.0,3758,1627,53980,0.010000000000000049
15,55622,0,0.0,3759,1627,53995,0.010000000000000047
15,55637,0,0.0,3760,1627,54010,0.010000000000000047
15,55652,0,0.0,3761,1627,54025,0.010000000000000047
15,55667,0,0.0,3762,1627,54040,0.010000000000000045
15,55682,0,0.0,3763,1627,54055,0.010000000000000045
15,55697,0,0.0,3764,1627,54070,0.010000000000000045
15,55712,0,0.0,3765,1627,54085,0.010000000000000045
15,55727,0,0.0,3766,1627,54100,0.010000000000000044
15,55742,0,0.0,3767,1627,54115,0.010000000000000044
15,55757,0,0.0,3768,1628,54129,0.010000000000000044
15,55772,0,0.0,3769,1628,54144,0.010000000000000044
15,55787,0,0.0,3770,1628,54159,0.010000000000000042
15,55802,0,0.0,3771,1628,54174,0.010000000000000042
15,55817,0,0.0,3772,1628,54189,0.010000000000000042
15,55832,0,0.0,3773,1628,54204,0.010000000000000042
15,55847,0,0.0,3774,1628,54219,0.01000000000000004
15,55862,0,0.0,3775,1628,54234,0.01000000000000004
15,55877,0,0.0,3776,1628,54249,0.01000000000000004
15,55892,0,0.0,3777,1628,54264,0.01000000000000004
15,55907,0,0.0,3778,1628,54279,0.01000000000000004
15,55922,0,0.0,3779,1628,54294,0.010000000000000038
15,55937,0,0.0,3780,1628,54309,0.010000000000000038
15,55952,0,0.0,3781,1628,54324,0.010000000000000038
15,55967,0,0.0,3782,1628,54339,0.010000000000000038
15,55982,0,0.0,3783,1628,54354,0.010000000000000037
15,55997,0,0.0,3784,1628,54369,0.010000000000000037
15,56012,0,0.0,3785,1628,54384,0.010000000000000037
15,56027,0,0.0,3786,1628,54399,0.010000000000000037
15,56042,0,0.0,3787,1628,54414,0.010000000000000037
15,56057,0,0.0,3788,1628,54429,0.010000000000000035
15,56072,0,0.0,3789,1628,54444,0.010000000000000035
15,56087,0,0.0,3790,1628,54459,0.010000000000000035
15,56102,0,0.0,3791,1628,54474,0.010000000000000035
15,56117,0,0.0,3792,1628,54489,0.010000000000000035
15,56132,0,0.0,3793,1628,54504,0.010000000000000033
15,56147,0,0.0,3794,1628,54519,0.010000000000000033
15,56162,0,0.0,3795,1628,54534,0.010000000000000033
15,56177,0,0.0,3796,1628,54549,0.010000000000000033
15,56192,0,0.0,3797,1628,54564,0.010000000000000033
15,56207,0,0.0,3798,1628,54579,0.010000000000000031
15,56222,0,0.0,3799,1628,54594,0.010000000000000031
15,56237,0,0.0,3800,1628,54609,0.010000000000000031
15,56252,0,0.0,3801,1628,54624,0.010000000000000031
15,56267,0,0.0,3802,1628,54639,0.010000000000000031
15,56282,0,0.0,3803,1628,54654,0.010000000000000031
15,56297,0,0.0,3804,1628,54669,0.01000000000000003
15,56312,0,0.0,3805,1628,54684,0.01000000000000003
15,56327,0,0.0,3806,1628,54699,0.01000000000000003
15,56342,0,0.0,3807,1628,54714,0.01000000000000003
15,56357,0,0.0,3808,1628,54729,0.01000000000000003
15,56372,0,0.0,3809,1628,54744,0.01000000000000003
15,56387,0,0.0,3810,1628,54759,0.010000000000000028
15,56402,0,0.0,3811,1628,54774,0.010000000000000028
15,56417,0,0.0,3812,1628,54789,0.010000000000000028
15,56432,0,0.0,3813,1628,54804,0.010000000000000028
15,56447,0,0.0,3814,1628,54819,0.010000000000000028
15,56462,0,0.0,3815,1628,54834,0.010000000000000028
15,56477,0,0.0,3816,1628,54849,0.010000000000000026
15,56492,0,0.0,3817,1628,54864,0.010000000000000026
15,56507,0,0.0,3818,1628,54879,0.010000000000000026
15,56522,0,0.0,3819,1628,54894,0.010000000000000026
15,56537,0,0.0,3820,1628,54909,0.010000000000000026
15,56552,0,0.0,3821,1628,54924,0.010000000000000026
15,56567,0,0.0,3822,1628,54939,0.010000000000000026
8,56575,0,0.0,3823,1629,54946,0.010000000000000024
15,56590,0,0.0,3824,1629,54961,0.010000000000000024
15,56605,0,0.0,3825,1629,54976,0.010000000000000024
15,56620,0,0.0,3826,1629,54991,0.010000000000000024
15,56635,0,0.0,3827,1629,55006,0.010000000000000024
15,56650,0,0.0,3828,1629,55021,0.010000000000000024
15,56665,0,0.0,3829,1629,55036,0.010000000000000024
15,56680,0,0.0,3830,1629,55051,0.010000000000000023
15,56695,0,0.0,3831,1629,55066,0.010000000000000023
15,56710,0,0.0,3832,1629,55081,0.010000000000000023
44,56754,0,0.0,3833,1630,55124,0.010000000000000023
15,56769,0,0.0,3834,1631,55138,0.010000000000000023
15,56784,0,0.0,3835,1631,55153,0.010000000000000023
15,56799,0,0.0,3836,1631,55168,0.010000000000000023
15,56814,0,0.0,3837,1631,55183,0.010000000000000021
15,56829,0,0.0,3838,1631,55198,0.010000000000000021
15,56844,0,0.0,3839,1631,55213,0.010000000000000021
11,56855,0,0.0,3840,1632,55223,0.010000000000000021
15,56870,0,0.0,3841,1632,55238,0.010000000000000021
15,56885,0,0.0,3842,1632,55253,0.010000000000000021
15,56900,0,0.0,3843,1632,55268,0.010000000000000021
15,56915,0,0.0,3844,1632,55283,0.010000000000000021
15,56930,0,0.0,3845,1632,55298,0.010000000000000021
15,56945,0,0.0,3846,1632,55313,0.01000000000000002
15,56960,0,0.0,3847,1632,55328,0.01000000000000002
15,56975,0,0.0,3848,1632,55343,0.01000000000000002
15,56990,0,0.0,3849,1632,55358,0.01000000000000002
15,57005,0,0.0,3850,1632,55373,0.01000000000000002
15,57020,0,0.0,3851,1632,55388,0.01000000000000002
15,57035,0,0.0,3852,1632,55403,0.01000000000000002
15,57050,0,0.0,3853,1632,55418,0.01000000000000002
15,57065,0,0.0,3854,1632,55433,0.01000000000000002
15,57080,0,0.0,3855,1632,55448,0.010000000000000018
15,57095,0,0.0,3856,1632,55463,0.010000000000000018
15,57110,0,0.0,3857,1632,55478,0.010000000000000018
15,57125,0,0.0,3858,1632,55493,0.010000000000000018
15,57140,0,0.0,3859,1632,55508,0.010000000000000018
13,57153,0,0.0,3860,1633,55520,0.010000000000000018
15,57168,0,0.0,3861,1633,55535,0.010000000000000018
15,57183,0,0.0,3862,1633,55550,0.010000000000000018
15,57198,0,0.0,3863,1634,55564,0.010000000000000018
15,57213,0,0.0,3864,1634,55579,0.010000000000000018
15,57228,0,0.0,3865,1634,55594,0.010000000000000016
15,57243,0,0.0,3866,1635,55608,0.010000000000000016
15,57258,0,0.0,3867,1635,55623,0.010000000000000016
15,57273,0,0.0,3868,1635,55638,0.010000000000000016
15,57288,0,0.0,3869,1635,55653,0.010000000000000016
15,57303,0,0.0,3870,1635,55668,0.010000000000000016
15,57318,0,0.0,3871,1635,55683,0.010000000000000016
15,57333,0,0.0,3872,1635,55698,0.010000000000000016
15,57348,0,0.0,3873,1635,55713,0.010000000000000016
15,57363,0,0.0,3874,1635,55728,0.010000000000000016
15,57378,0,0.0,3875,1635,55743,0.010000000000000016
15,57393,0,0.0,3876,1635,55758,0.010000000000000014
15,57408,0,0.0,3877,1635,55773,0.010000000000000014
15,57423,0,0.0,3878,1635,55788,0.010000000000000014
15,57438,0,0.0,3879,1635,55803,0.010000000000000014
15,57453,0,0.0,3880,1636,55817,0.010000000000000014
15,57468,0,0.0,3881,1636,55832,0.010000000000000014
15,57483,0,0.0,3882,1636,55847,0.010000000000000014
15,57498,0,0.0,3883,1636,55862,0.010000000000000014
4,57502,0,0.0,3884,1637,55865,0.010000000000000014
15,57517,0,0.0,3885,1637,55880,0.010000000000000014
15,57532,0,0.0,3886,1637,55895,0.010000000000000014
15,57547,0,0.0,3887,1637,55910,0.010000000000000014
15,57562,0,0.0,3888,1637,55925,0.010000000000000014
15,57577,0,0.0,3889,1637,55940,0.010000000000000012
15,57592,0,0.0,3890,1637,55955,0.010000000000000012
15,57607,0,0.0,3891,1637,55970,0.010000000000000012
15,57622,0,0.0,3892,1637,55985,0.010000000000000012
15,57637,0,0.0,3893,1637,56000,0.010000000000000012
15,57652,0,0.0,3894,1637,56015,0.010000000000000012
15,57667,0,0.0,3895,1637,56030,0.010000000000000012
15,57682,0,0.0,3896,1637,56045,0.010000000000000012
14,57696,0,0.0,3897,1638,56058,0.010000000000000012
44,57740,0,0.0,3898,1639,56101,0.010000000000000012
15,57755,0,0.0,3899,1639,56116,0.010000000000000012
15,57770,0,0.0,3900,1639,56131,0.010000000000000012
15,57785,0,0.0,3901,1639,56146,0.010000000000000012
44,57829,0,0.0,3902,1641,56188,0.010000000000000012
15,57844,0,0.0,3903,1641,56203,0.01000000000000001
15,57859,0,0.0,3904,1641,56218,0.01000000000000001
15,57874,0,0.0,3905,1641,56233,0.01000000000000001
15,57889,0,0.0,3906,1641,56248,0.01000000000000001
15,57904,0,0.0,3907,1641,56263,0.01000000000000001
15,57919,0,0.0,3908,1641,56278,0.01000000000000001
15,57934,0,0.0,3909,1642,56292,0.01000000000000001
10,57944,0,0.0,3910,1643,56301,0.01000000000000001
15,57959,0,0.0,3911,1643,56316,0.01000000000000001
15,57974,0,0.0,3912,1644,56330,0.01000000000000001
15,57989,0,0.0,3913,1644,56345,0.01000000000000001
15,58004,0,0.0,3914,1644,56360,0.01000000000000001
15,58019,0,0.0,3915,1644,56375,0.01000000000000001
15,58034,0,0.0,3916,1644,56390,0.01000000000000001
15,58049,0,0.0,3917,1644,56405,0.01000000000000001
15,58064,0,0.0,3918,1644,56420,0.01000000000000001
15,58079,0,0.0,3919,1644,56435,0.01000000000000001
15,58094,0,0.0,3920,1644,56450,0.010000000000000009
15,58109,0,0.0,3921,1644,56465,0.010000000000000009
15,58124,0,0.0,3922,1644,56480,0.010000000000000009
15,58139,0,0.0,3923,1644,56495,0.010000000000000009
15,58154,0,0.0,3924,1644,56510,0.010000000000000009
7,58161,0,0.0,3925,1645,56516,0.010000000000000009
15,58176,0,0.0,3926,1645,56531,0.010000000000000009
15,58191,0,0.0,3927,1645,56546,0.010000000000000009
15,58206,0,0.0,3928,1645,56561,0.010000000000000009
15,58221,0,0.0,3929,1645,56576,0.010000000000000009
15,58236,0,0.0,3930,1645,56591,0.010000000000000009
15,58251,0,0.0,3931,1645,56606,0.010000000000000009
15,58266,0,0.0,3932,1645,56621,0.010000000000000009
15,58281,0,0.0,3933,1645,56636,0.010000000000000009
15,58296,0,0.0,3934,1645,56651,0.010000000000000009
15,58311,0,0.0,3935,1645,56666,0.010000000000000009
12,58323,0,0.0,3936,1647,56676,0.010000000000000009
15,58338,0,0.0,3937,1647,56691,0.010000000000000009
15,58353,0,0.0,3938,1647,56706,0.010000000000000009
15,58368,0,0.0,3939,1647,56721,0.010000000000000009
15,58383,0,0.0,3940,1647,56736,0.010000000000000007
15,58398,0,0.0,3941,1647,56751,0.010000000000000007
8,58406,0,0.0,3942,1648,56758,0.010000000000000007
15,58421,0,0.0,3943,1648,56773,0.010000000000000007
15,58436,0,0.0,3944,1648,56788,0.010000000000000007
15,58451,0,0.0,3945,1648,56803,0.010000000000000007
15,58466,0,0.0,3946,1648,56818,0.010000000000000007
15,58481,0,0.0,3947,1648,56833,0.010000000000000007
15,58496,0,0.0,3948,1648,56848,0.010000000000000007
15,58511,0,0.0,3949,1648,56863,0.010000000000000007
15,58526,0,0.0,3950,1648,56878,0.010000000000000007
15,58541,0,0.0,3951,1648,56893,0.010000000000000007
15,58556,0,0.0,3952,1648,56908,0.010000000000000007
15,58571,0,0.0,3953,1648,56923,0.010000000000000007
15,58586,0,0.0,3954,1649,56937,0.010000000000000007
15,58601,0,0.0,3955,1649,56952,0.010000000000000007
15,58616,0,0.0,3956,1649,56967,0.010000000000000007
15,58631,0,0.0,3957,1649,56982,0.010000000000000007
6,58637,0,0.0,3958,1651,56986,0.010000000000000007
15,58652,0,0.0,3959,1652,57000,0.010000000000000007
15,58667,0,0.0,3960,1652,57015,0.010000000000000007
15,58682,0,0.0,3961,1652,57030,0.010000000000000007
15,58697,0,0.0,3962,1652,57045,0.010000000000000007
15,58712,0,0.0,3963,1652,57060,0.010000000000000007
15,58727,0,0.0,3964,1653,57074,0.010000000000000007
15,58742,0,0.0,3965,1653,57089,0.010000000000000005
15,58757,0,0.0,3966,1653,57104,0.010000000000000005
15,58772,0,0.0,3967,1653,57119,0.010000000000000005
15,58787,0,0.0,3968,1653,57134,0.010000000000000005
15,58802,0,0.0,3969,1653,57149,0.010000000000000005
15,58817,0,0.0,3970,1653,57164,0.010000000000000005
15,58832,0,0.0,3971,1653,57179,0.010000000000000005
15,58847,0,0.0,3972,1653,57194,0.010000000000000005
15,58862,0,0.0,3973,1653,57209,0.010000000000000005
15,58877,0,0.0,3974,1653,57224,0.010000000000000005
15,58892,0,0.0,3975,1653,57239,0.010000000000000005
15,58907,0,0.0,3976,1653,57254,0.010000000000000005
15,58922,0,0.0,3977,1653,57269,0.010000000000000005
15,58937,0,0.0,3978,1653,57284,0.010000000000000005
15,58952,0,0.0,3979,1653,57299,0.010000000000000005
15,58967,0,0.0,3980,1653,57314,0.010000000000000005
15,58982,0,0.0,3981,1653,57329,0.010000000000000005
15,58997,0,0.0,3982,1653,57344,0.010000000000000005
15,59012,0,0.0,3983,1653,57359,0.010000000000000005
15,59027,0,0.0,3984,1653,57374,0.010000000000000005
15,59042,0,0.0,3985,1653,57389,0.010000000000000005
15,59057,0,0.0,3986,1653,57404,0.010000000000000005
15,59072,0,0.0,3987,1653,57419,0.010000000000000005
15,59087,0,0.0,3988,1653,57434,0.010000000000000005
14,59101,0,0.0,3989,1654,57447,0.010000000000000005
15,59116,0,0.0,3990,1654,57462,0.010000000000000005
15,59131,0,0.0,3991,1654,57477,0.010000000000000005
15,59146,0,0.0,3992,1654,57492,0.010000000000000005
15,59161,0,0.0,3993,1654,57507,0.010000000000000005
15,59176,0,0.0,3994,1655,57521,0.010000000000000005
15,59191,0,0.0,3995,1655,57536,0.010000000000000005
14,59205,0,0.0,3996,1656,57549,0.010000000000000005
8,59213,0,0.0,3997,1658,57555,0.010000000000000005
15,59228,0,0.0,3998,1658,57570,0.010000000000000004
15,59243,0,0.0,3999,1658,57585,0.010000000000000004
15,59258,0,0.0,4000,1658,57600,0.010000000000000004
15,59273,0,0.0,4001,1658,57615,0.010000000000000004
15,59288,0,0.0,4002,1658,57630,0.010000000000000004
15,59303,0,0.0,4003,1658,57645,0.010000000000000004
15,59318,0,0.0,4004,1658,57660,0.010000000000000004
15,59333,0,0.0,4005,1658,57675,0.010000000000000004
15,59348,0,0.0,4006,1658,57690,0.010000000000000004
15,59363,0,0.0,4007,1658,57705,0.010000000000000004
15,59378,0,0.0,4008,1658,57720,0.010000000000000004
15,59393,0,0.0,4009,1658,57735,0.010000000000000004
15,59408,0,0.0,4010,1658,57750,0.010000000000000004
15,59423,0,0.0,4011,1658,57765,0.010000000000000004
15,59438,0,0.0,4012,1658,57780,0.010000000000000004
15,59453,0,0.0,4013,1659,57794,0.010000000000000004
15,59468,0,0.0,4014,1659,57809,0.010000000000000004
15,59483,0,0.0,4015,1659,57824,0.010000000000000004
15,59498,0,0.0,4016,1659,57839,0.010000000000000004
15,59513,0,0.0,4017,1659,57854,0.010000000000000004
15,59528,0,0.0,4018,1659,57869,0.010000000000000004
15,59543,0,0.0,4019,1659,57884,0.010000000000000004
15,59558,0,0.0,4020,1659,57899,0.010000000000000004
6,59564,0,0.0,4021,1660,57904,0.010000000000000004
15,59579,0,0.0,4022,1660,57919,0.010000000000000004
15,59594,0,0.0,4023,1660,57934,0.010000000000000004
15,59609,0,0.0,4024,1660,57949,0.010000000000000004
15,59624,0,0.0,4025,1661,57963,0.010000000000000004
15,59639,0,0.0,4026,1661,57978,0.010000000000000004
15,59654,0,0.0,4027,1661,57993,0.010000000000000004
15,59669,0,0.0,4028,1661,58008,0.010000000000000004
44,59713,0,0.0,4029,1662,58051,0.010000000000000004
15,59728,0,0.0,4030,1662,58066,0.010000000000000004
15,59743,0,0.0,4031,1662,58081,0.010000000000000004
15,59758,0,0.0,4032,1663,58095,0.010000000000000004
15,59773,0,0.0,4033,1663,58110,0.010000000000000004
15,59788,0,0.0,4034,1663,58125,0.010000000000000004
15,59803,0,0.0,4035,1663,58140,0.010000000000000004
15,59818,0,0.0,4036,1663,58155,0.010000000000000004
15,59833,0,0.0,4037,1663,58170,0.010000000000000004
15,59848,0,0.0,4038,1663,58185,0.010000000000000004
15,59863,0,0.0,4039,1663,58200,0.010000000000000004
15,59878,0,0.0,4040,1664,58214,0.010000000000000004
15,59893,0,0.0,4041,1664,58229,0.010000000000000004
15,59908,0,0.0,4042,1664,58244,0.010000000000000004
15,59923,0,0.0,4043,1664,58259,0.010000000000000004
15,59938,0,0.0,4044,1664,58274,0.010000000000000004
15,59953,0,0.0,4045,1664,58289,0.010000000000000004
15,59968,0,0.0,4046,1664,58304,0.010000000000000004
11,59979,0,0.0,4047,1665,58314,0.010000000000000004
15,59994,0,0.0,4048,1665,58329,0.010000000000000004
15,60009,0,0.0,4049,1665,58344,0.010000000000000004
15,60024,0,0.0,4050,1665,58359,0.010000000000000002
15,60039,0,0.0,4051,1665,58374,0.010000000000000002
15,60054,0,0.0,4052,1665,58389,0.010000000000000002
15,60069,0,0.0,4053,1665,58404,0.010000000000000002
15,60084,0,0.0,4054,1665,58419,0.010000000000000002
15,60099,0,0.0,4055,1665,58434,0.010000000000000002
15,60114,0,0.0,4056,1665,58449,0.010000000000000002
15,60129,0,0.0,4057,1665,58464,0.010000000000000002
15,60144,0,0.0,4058,1666,58478,0.010000000000000002
15,60159,0,0.0,4059,1666,58493,0.010000000000000002
15,60174,0,0.0,4060,1666,58508,0.010000000000000002
15,60189,0,0.0,4061,1666,58523,0.010000000000000002
15,60204,0,0.0,4062,1666,58538,0.010000000000000002
15,60219,0,0.0,4063,1666,58553,0.010000000000000002
15,60234,0,0.0,4064,1666,58568,0.010000000000000002
15,60249,0,0.0,4065,1666,58583,0.010000000000000002
15,60264,0,0.0,4066,1666,58598,0.010000000000000002
15,60279,0,0.0,4067,1666,58613,0.010000000000000002
15,60294,0,0.0,4068,1666,58628,0.010000000000000002
5,60299,0,0.0,4069,1667,58632,0.010000000000000002
15,60314,0,0.0,4070,1667,58647,0.010000000000000002
15,60329,0,0.0,4071,1667,58662,0.010000000000000002
15,60344,0,0.0,4072,1667,58677,0.010000000000000002
15,60359,0,0.0,4073,1667,58692,0.010000000000000002
15,60374,0,0.0,4074,1667,58707,0.010000000000000002
15,60389,0,0.0,4075,1667,58722,0.010000000000000002
15,60404,0,0.0,4076,1667,58737,0.010000000000000002
15,60419,0,0.0,4077,1667,58752,0.010000000000000002
15,60434,0,0.0,4078,1667,58767,0.010000000000000002
15,60449,0,0.0,4079,1667,58782,0.010000000000000002
15,60464,0,0.0,4080,1667,58797,0.010000000000000002
14,60478,0,0.0,4081,1668,58810,0.010000000000000002
15,60493,0,0.0,4082,1668,58825,0.010000000000000002
15,60508,0,0.0,4083,1668,58840,0.010000000000000002
15,60523,0,0.0,4084,1668,58855,0.010000000000000002
15,60538,0,0.0,4085,1668,58870,0.010000000000000002
15,60553,0,0.0,4086,1668,58885,0.010000000000000002
15,60568,0,0.0,4087,1668,58900,0.010000000000000002
15,60583,0,0.0,4088,1668,58915,0.010000000000000002
15,60598,0,0.0,4089,1668,58930,0.010000000000000002
15,60613,0,0.0,4090,1668,58945,0.010000000000000002
15,60628,0,0.0,4091,1668,58960,0.010000000000000002
15,60643,0,0.0,4092,1668,58975,0.010000000000000002
44,60687,0,0.0,4093,1669,59018,0.010000000000000002
15,60702,0,0.0,4094,1669,59033,0.010000000000000002
15,60717,0,0.0,4095,1669,59048,0.010000000000000002
15,60732,0,0.0,4096,1669,59063,0.010000000000000002
15,60747,0,0.0,4097,1669,59078,0.010000000000000002
15,60762,0,0.0,4098,1669,59093,0.010000000000000002
15,60777,0,0.0,4099,1671,59106,0.010000000000000002
15,60792,0,0.0,4100,1671,59121,0.010000000000000002
15,60807,0,0.0,4101,1671,59136,0.010000000000000002
15,60822,0,0.0,4102,1671,59151,0.010000000000000002
15,60837,0,0.0,4103,1671,59166,0.010000000000000002
7,60844,0,0.0,4104,1672,59172,0.010000000000000002
15,60859,0,0.0,4105,1672,59187,0.010000000000000002
15,60874,0,0.0,4106,1672,59202,0.010000000000000002
15,60889,0,0.0,4107,1672,59217,0.010000000000000002
15,60904,0,0.0,4108,1672,59232,0.010000000000000002
16,60920,0,0.0,4109,1673,59247,0.010000000000000002
15,60935,0,0.0,4110,1673,59262,0.010000000000000002
15,60950,0,0.0,4111,1673,59277,0.010000000000000002
15,60965,0,0.0,4112,1673,59292,0.010000000000000002
15,60980,0,0.0,4113,1673,59307,0.010000000000000002
15,60995,0,0.0,4114,1673,59322,0.010000000000000002
15,61010,0,0.0,4115,1673,59337,0.010000000000000002
15,61025,0,0.0,4116,1673,59352,0.010000000000000002
15,61040,0,0.0,4117,1673,59367,0.010000000000000002
7,61047,0,0.0,4118,1674,59373,0.010000000000000002
15,61062,0,0.0,4119,1674,59388,0.010000000000000002
15,61077,0,0.0,4120,1674,59403,0.010000000000000002
15,61092,0,0.0,4121,1674,59418,0.010000000000000002
15,61107,0,0.0,4122,1674,59433,0.010000000000000002
15,61122,0,0.0,4123,1674,59448,0.010000000000000002
15,61137,0,0.0,4124,1674,59463,0.010000000000000002
15,61152,0,0.0,4125,1674,59478,0.010000000000000002
44,61196,0,0.0,4126,1675,59521,0.010000000000000002
15,61211,0,0.0,4127,1675,59536,0.010000000000000002
15,61226,0,0.0,4128,1676,59550,0.010000000000000002
15,61241,0,0.0,4129,1676,59565,0.010000000000000002
15,61256,0,0.0,4130,1676,59580,0.010000000000000002
15,61271,0,0.0,4131,1676,59595,0.010000000000000002
15,61286,0,0.0,4132,1676,59610,0.010000000000000002
15,61301,0,0.0,4133,1676,59625,0.010000000000000002
10,61311,0,0.0,4134,1677,59634,0.010000000000000002
15,61326,0,0.0,4135,1677,59649,0.010000000000000002
15,61341,0,0.0,4136,1677,59664,0.010000000000000002
15,61356,0,0.0,4137,1677,59679,0.010000000000000002
15,61371,0,0.0,4138,1677,59694,0.010000000000000002
15,61386,0,0.0,4139,1677,59709,0.010000000000000002
15,61401,0,0.0,4140,1677,59724,0.010000000000000002
15,61416,0,0.0,4141,1677,59739,0.010000000000000002
15,61431,0,0.0,4142,1677,59754,0.010000000000000002
15,61446,0,0.0,4143,1677,59769,0.010000000000000002
15,61461,0,0.0,4144,1677,59784,0.010000000000000002
15,61476,0,0.0,4145,1677,59799,0.010000000000000002
15,61491,0,0.0,4146,1677,59814,0.010000000000000002
15,61506,0,0.0,4147,1677,59829,0.010000000000000002
15,61521,0,0.0,4148,1678,59843,0.010000000000000002
15,61536,0,0.0,4149,1678,59858,0.010000000000000002
15,61551,0,0.0,4150,1678,59873,0.010000000000000002
15,61566,0,0.0,4151,1678,59888,0.010000000000000002
15,61581,0,0.0,4152,1678,59903,0.010000000000000002
44,61625,0,0.0,4153,1680,59945,0.010000000000000002
15,61640,0,0.0,4154,1680,59960,0.010000000000000002
15,61655,0,0.0,4155,1680,59975,0.010000000000000002
15,61670,0,0.0,4156,1680,59990,0.010000000000000002
15,61685,0,0.0,4157,1680,60005,0.010000000000000002
15,61700,0,0.0,4158,1680,60020,0.010000000000000002
15,61715,0,0.0,4159,1680,60035,0.01
15,61730,0,0.0,4160,1680,60050,0.01
15,61745,0,0.0,4161,1680,60065,0.01
15,61760,0,0.0,4162,1680,60080,0.01
15,61775,0,0.0,4163,1680,60095,0.01
15,61790,0,0.0,4164,1680,60110,0.01
15,61805,0,0.0,4165,1680,60125,0.01
15,61820,0,0.0,4166,1680,60140,0.01
15,61835,0,0.0,4167,1680,60155,0.01
15,61850,0,0.0,4168,1680,60170,0.01
15,61865,0,0.0,4169,1680,60185,0.01
15,61880,0,0.0,4170,1680,60200,0.01
15,61895,0,0.0,4171,1680,60215,0.01
15,61910,0,0.0,4172,1680,60230,0.01
15,61925,0,0.0,4173,1680,60245,0.01
15,61940,0,0.0,4174,1680,60260,0.01
15,61955,0,0.0,4175,1680,60275,0.01
15,61970,0,0.0,4176,1680,60290,0.01
44,62014,0,0.0,4177,1681,60333,0.01
10,62024,0,0.0,4178,1682,60342,0.01
15,62039,0,0.0,4179,1682,60357,0.01
15,62054,0,0.0,4180,1682,60372,0.01
15,62069,0,0.0,4181,1682,60387,0.01
15,62084,0,0.0,4182,1682,60402,0.01
15,62099,0,0.0,4183,1682,60417,0.01
15,62114,0,0.0,4184,1682,60432,0.01
15,62129,0,0.0,4185,1682,60447,0.01
15,62144,0,0.0,4186,1682,60462,0.01
15,62159,0,0.0,4187,1682,60477,0.01
15,62174,0,0.0,4188,1683,60491,0.01
15,62189,0,0.0,4189,1683,60506,0.01
15,62204,0,0.0,4190,1683,60521,0.01
9,62213,0,0.0,4191,1684,60529,0.01
15,62228,0,0.0,4192,1684,60544,0.01
15,62243,0,0.0,4193,1684,60559,0.01
14,62257,0,0.0,4194,1685,60572,0.01
4,62261,0,0.0,4195,1686,60575,0.01
15,62276,0,0.0,4196,1686,60590,0.01
15,62291,0,0.0,4197,1686,60605,0.01
15,62306,0,0.0,4198,1686,60620,0.01
15,62321,0,0.0,4199,1686,60635,0.01
6,62327,0,0.0,4200,1687,60640,0.01
15,62342,0,0.0,4201,1687,60655,0.01
15,62357,0,0.0,4202,1687,60670,0.01
15,62372,0,0.0,4203,1687,60685,0.01
15,62387,0,0.0,4204,1688,60699,0.01
15,62402,0,0.0,4205,1688,60714,0.01
15,62417,0,0.0,4206,1688,60729,0.01
15,62432,0,0.0,4207,1688,60744,0.01
15,62447,0,0.0,4208,1688,60759,0.01
15,62462,0,0.0,4209,1688,60774,0.01
15,62477,0,0.0,4210,1688,60789,0.01
15,62492,0,0.0,4211,1688,60804,0.01
15,62507,0,0.0,4212,1688,60819,0.01
15,62522,0,0.0,4213,1688,60834,0.01
15,62537,0,0.0,4214,1688,60849,0.01
15,62552,0,0.0,4215,1688,60864,0.01
15,62567,0,0.0,4216,1688,60879,0.01
15,62582,0,0.0,4217,1689,60893,0.01
15,62597,0,0.0,4218,1689,60908,0.01
14,62611,0,0.0,4219,1690,60921,0.01
15,62626,0,0.0,4220,1690,60936,0.01
15,62641,0,0.0,4221,1691,60950,0.01
15,62656,0,0.0,4222,1691,60965,0.01
15,62671,0,0.0,4223,1691,60980,0.01
15,62686,0,0.0,4224,1691,60995,0.01
44,62730,0,0.0,4225,1692,61038,0.01
15,62745,0,0.0,4226,1692,61053,0.01
15,62760,0,0.0,4227,1692,61068,0.01
10,62770,0,0.0,4228,1693,61077,0.01
15,62785,0,0.0,4229,1693,61092,0.01
15,62800,0,0.0,4230,1694,61106,0.01
15,62815,0,0.0,4231,1694,61121,0.01
15,62830,0,0.0,4232,1694,61136,0.01
15,62845,0,0.0,4233,1694,61151,0.01
8,62853,0,0.0,4234,1695,61158,0.01
15,62868,0,0.0,4235,1695,61173,0.01
15,62883,0,0.0,4236,1695,61188,0.01
44,62927,0,0.0,4237,1696,61231,0.01
15,62942,0,0.0,4238,1697,61245,0.01
15,62957,0,0.0,4239,1697,61260,0.01
15,62972,0,0.0,4240,1697,61275,0.01
15,62987,0,0.0,4241,1697,61290,0.01
15,63002,0,0.0,4242,1697,61305,0.01
15,63017,0,0.0,4243,1697,61320,0.01
9,63026,0,0.0,4244,1698,61328,0.01
15,63041,0,0.0,4245,1698,61343,0.01
15,63056,0,0.0,4246,1699,61357,0.01
15,63071,0,0.0,4247,1699,61372,0.01
15,63086,0,0.0,4248,1699,61387,0.01
15,63101,0,0.0,4249,1700,61401,0.01
15,63116,0,0.0,4250,1700,61416,0.01
15,63131,0,0.0,4251,1700,61431,0.01
15,63146,0,0.0,4252,1700,61446,0.01
15,63161,0,0.0,4253,1700,61461,0.01
15,63176,0,0.0,4254,1700,61476,0.01
15,63191,0,0.0,4255,1700,61491,0.01
6,63197,0,0.0,4256,1701,61496,0.01
15,63212,0,0.0,4257,1701,61511,0.01
15,63227,0,0.0,4258,1701,61526,0.01
15,63242,0,0.0,4259,1701,61541,0.01
9,63251,0,0.0,4260,1702,61549,0.01
15,63266,0,0.0,4261,1702,61564,0.01
15,63281,0,0.0,4262,1702,61579,0.01
15,63296,0,0.0,4263,1702,61594,0.01
15,63311,0,0.0,4264,1702,61609,0.01
15,63326,0,0.0,4265,1702,61624,0.01
15,63341,0,0.0,4266,1702,61639,0.01
15,63356,0,0.0,4267,1702,61654,0.01
14,63370,0,0.0,4268,1703,61667,0.01
15,63385,0,0.0,4269,1703,61682,0.01
15,63400,0,0.0,4270,1703,61697,0.01
15,63415,0,0.0,4271,1703,61712,0.01
15,63430,0,0.0,4272,1703,61727,0.01
44,63474,0,0.0,4273,1704,61770,0.01
15,63489,0,0.0,4274,1704,61785,0.01
15,63504,0,0.0,4275,1704,61800,0.01
15,63519,0,0.0,4276,1704,61815,0.01
15,63534,0,0.0,4277,1704,61830,0.01
15,63549,0,0.0,4278,1704,61845,0.01
15,63564,0,0.0,4279,1704,61860,0.01
15,63579,0,0.0,4280,1705,61874,0.01
15,63594,0,0.0,4281,1705,61889,0.01
15,63609,0,0.0,4282,1705,61904,0.01
15,63624,0,0.0,4283,1705,61919,0.01
15,63639,0,0.0,4284,1705,61934,0.01
15,63654,0,0.0,4285,1705,61949,0.01
15,63669,0,0.0,4286,1705,61964,0.01
15,63684,0,0.0,4287,1706,61978,0.01
15,63699,0,0.0,4288,1706,61993,0.01
44,63743,0,0.0,4289,1708,62035,0.01
15,63758,0,0.0,4290,1708,62050,0.01
15,63773,0,0.0,4291,1708,62065,0.01
15,63788,0,0.0,4292,1708,62080,0.01
15,63803,0,0.0,4293,1708,62095,0.01
15,63818,0,0.0,4294,1708,62110,0.01
15,63833,0,0.0,4295,1708,62125,0.01
15,63848,0,0.0,4296,1708,62140,0.01
15,63863,0,0.0,4297,1708,62155,0.01
6,63869,0,0.0,4298,1709,62160,0.01
15,63884,0,0.0,4299,1709,62175,0.01
15,63899,0,0.0,4300,1709,62190,0.01
15,63914,0,0.0,4301,1709,62205,0.01
15,63929,0,0.0,4302,1709,62220,0.01
15,63944,0,0.0,4303,1709,62235,0.01
15,63959,0,0.0,4304,1709,62250,0.01
15,63974,0,0.0,4305,1709,62265,0.01
15,63989,0,0.0,4306,1709,62280,0.01
15,64004,0,0.0,4307,1710,62294,0.01
15,64019,0,0.0,4308,1710,62309,0.01
15,64034,0,0.0,4309,1710,62324,0.01
15,64049,0,0.0,4310,1710,62339,0.01
15,64064,0,0.0,4311,1710,62354,0.01
15,64079,0,0.0,4312,1711,62368,0.01
15,64094,0,0.0,4313,1711,62383,0.01
15,64109,0,0.0,4314,1711,62398,0.01
15,64124,0,0.0,4315,1711,62413,0.01
15,64139,0,0.0,4316,1711,62428,0.01
15,64154,0,0.0,4317,1711,62443,0.01
6,64160,0,0.0,4318,1712,62448,0.01
15,64175,0,0.0,4319,1712,62463,0.01
15,64190,0,0.0,4320,1712,62478,0.01
15,64205,0,0.0,4321,1712,62493,0.01
15,64220,0,0.0,4322,1713,62507,0.01
15,64235,0,0.0,4323,1713,62522,0.01
15,64250,0,0.0,4324,1713,62537,0.01
15,64265,0,0.0,4325,1713,62552,0.01
15,64280,0,0.0,4326,1713,62567,0.01
15,64295,0,0.0,4327,1713,62582,0.01
15,64310,0,0.0,4328,1713,62597,0.01
15,64325,0,0.0,4329,1713,62612,0.01
15,64340,0,0.0,4330,1713,62627,0.01
15,64355,0,0.0,4331,1713,62642,0.01
15,64370,0,0.0,4332,1713,62657,0.01
15,64385,0,0.0,4333,1713,62672,0.01
15,64400,0,0.0,4334,1713,62687,0.01
15,64415,0,0.0,4335,1713,62702,0.01
15,64430,0,0.0,4336,1713,62717,0.01
15,64445,0,0.0,4337,1713,62732,0.01
15,64460,0,0.0,4338,1713,62747,0.01
15,64475,0,0.0,4339,1713,62762,0.01
15,64490,0,0.0,4340,1713,62777,0.01
15,64505,0,0.0,4341,1713,62792,0.01
15,64520,0,0.0,4342,1714,62806,0.01
15,64535,0,0.0,4343,1714,62821,0.01
15,64550,0,0.0,4344,1714,62836,0.01
15,64565,0,0.0,4345,1714,62851,0.01
15,64580,0,0.0,4346,1714,62866,0.01
15,64595,0,0.0,4347,1714,62881,0.01
15,64610,0,0.0,4348,1714,62896,0.01
15,64625,0,0.0,4349,1715,62910,0.01
6,64631,0,0.0,4350,1716,62915,0.01
13,64644,0,0.0,4351,1717,62927,0.01
15,64659,0,0.0,4352,1717,62942,0.01
15,64674,0,0.0,4353,1717,62957,0.01
15,64689,0,0.0,4354,1717,62972,0.01
15,64704,0,0.0,4355,1717,62987,0.01
15,64719,0,0.0,4356,1718,63001,0.01
15,64734,0,0.0,4357,1718,63016,0.01
15,64749,0,0.0,4358,1718,63031,0.01
15,64764,0,0.0,4359,1718,63046,0.01
15,64779,0,0.0,4360,1718,63061,0.01
15,64794,0,0.0,4361,1718,63076,0.01
15,64809,0,0.0,4362,1718,63091,0.01
15,64824,0,0.0,4363,1718,63106,0.01
15,64839,0,0.0,4364,1718,63121,0.01
15,64854,0,0.0,4365,1718,63136,0.01
15,64869,0,0.0,4366,1718,63151,0.01
16,64885,0,0.0,4367,1719,63166,0.01
15,64900,0,0.0,4368,1719,63181,0.01
15,64915,0,0.0,4369,1719,63196,0.01
15,64930,0,0.0,4370,1719,63211,0.01
15,64945,0,0.0,4371,1719,63226,0.01
15,64960,0,0.0,4372,1719,63241,0.01
15,64975,0,0.0,4373,1719,63256,0.01
15,64990,0,0.0,4374,1720,63270,0.01
15,65005,0,0.0,4375,1720,63285,0.01
15,65020,0,0.0,4376,1721,63299,0.01
15,65035,0,0.0,4377,1721,63314,0.01
15,65050,0,0.0,4378,1721,63329,0.01
7,65057,0,0.0,4379,1722,63335,0.01
10,65067,0,0.0,4380,1723,63344,0.01
15,65082,0,0.0,4381,1724,63358,0.01
15,65097,0,0.0,4382,1724,63373,0.01
15,65112,0,0.0,4383,1724,63388,0.01
15,65127,0,0.0,4384,1724,63403,0.01
15,65142,0,0.0,4385,1724,63418,0.01
11,65153,0,0.0,4386,1726,63427,0.01
15,65168,0,0.0,4387,1726,63442,0.01
44,65212,0,0.0,4388,1727,63485,0.01
15,65227,0,0.0,4389,1727,63500,0.01
15,65242,0,0.0,4390,1727,63515,0.01
15,65257,0,0.0,4391,1727,63530,0.01
15,65272,0,0.0,4392,1727,63545,0.01
15,65287,0,0.0,4393,1727,63560,0.01
15,65302,0,0.0,4394,1728,63574,0.01
15,65317,0,0.0,4395,1728,63589,0.01
15,65332,0,0.0,4396,1728,63604,0.01
15,65347,0,0.0,4397,1728,63619,0.01
15,65362,0,0.0,4398,1728,63634,0.01
15,65377,0,0.0,4399,1728,63649,0.01
15,65392,0,0.0,4400,1728,63664,0.01
15,65407,0,0.0,4401,1728,63679,0.01
15,65422,0,0.0,4402,1728,63694,0.01
15,65437,0,0.0,4403,1728,63709,0.01
15,65452,0,0.0,4404,1728,63724,0.01
15,65467,0,0.0,4405,1728,63739,0.01
15,65482,0,0.0,4406,1728,63754,0.01
15,65497,0,0.0,4407,1728,63769,0.01
15,65512,0,0.0,4408,1728,63784,0.01
15,65527,0,0.0,4409,1728,63799,0.01
15,65542,0,0.0,4410,1729,63813,0.01
15,65557,0,0.0,4411,1729,63828,0.01
15,65572,0,0.0,4412,1729,63843,0.01
15,65587,0,0.0,4413,1730,63857,0.01
15,65602,0,0.0,4414,1731,63871,0.01
15,65617,0,0.0,4415,1731,63886,0.01
15,65632,0,0.0,4416,1731,63901,0.01
15,65647,0,0.0,4417,1731,63916,0.01
15,65662,0,0.0,4418,1731,63931,0.01
15,65677,0,0.0,4419,1731,63946,0.01
15,65692,0,0.0,4420,1731,63961,0.01
15,65707,0,0.0,4421,1731,63976,0.01
15,65722,0,0.0,4422,1731,63991,0.01
15,65737,0,0.0,4423,1731,64006,0.01
15,65752,0,0.0,4424,1731,64021,0.01
13,65765,0,0.0,4425,1732,64033,0.01
15,65780,0,0.0,4426,1732,64048,0.01
15,65795,0,0.0,4427,1732,64063,0.01
15,65810,0,0.0,4428,1732,64078,0.01
15,65825,0,0.0,4429,1732,64093,0.01
15,65840,0,0.0,4430,1732,64108,0.01
15,65855,0,0.0,4431,1733,64122,0.01
15,65870,0,0.0,4432,1733,64137,0.01
15,65885,0,0.0,4433,1733,64152,0.01
15,65900,0,0.0,4434,1733,64167,0.01
15,65915,0,0.0,4435,1733,64182,0.01
15,65930,0,0.0,4436,1734,64196,0.01
15,65945,0,0.0,4437,1734,64211,0.01
15,65960,0,0.0,4438,1734,64226,0.01
44,66004,0,0.0,4439,1736,64268,0.01
15,66019,0,0.0,4440,1736,64283,0.01
15,66034,0,0.0,4441,1736,64298,0.01
15,66049,0,0.0,4442,1736,64313,0.01
15,66064,0,0.0,4443,1736,64328,0.01
15,66079,0,0.0,4444,1736,64343,0.01
15,66094,0,0.0,4445,1736,64358,0.01
15,66109,0,0.0,4446,1736,64373,0.01
15,66124,0,0.0,4447,1736,64388,0.01
15,66139,0,0.0,4448,1737,64402,0.01
15,66154,0,0.0,4449,1737,64417,0.01
15,66169,0,0.0,4450,1737,64432,0.01
15,66184,0,0.0,4451,1737,64447,0.01
15,66199,0,0.0,4452,1737,64462,0.01
15,66214,0,0.0,4453,1737,64477,0.01
15,66229,0,0.0,4454,1737,64492,0.01
15,66244,0,0.0,4455,1737,64507,0.01
15,66259,0,0.0,4456,1737,64522,0.01
15,66274,0,0.0,4457,1737,64537,0.01
15,66289,0,0.0,4458,1737,64552,0.01
15,66304,0,0.0,4459,1737,64567,0.01
15,66319,0,0.0,4460,1737,64582,0.01
15,66334,0,0.0,4461,1737,64597,0.01
15,66349,0,0.0,4462,1737,64612,0.01
15,66364,0,0.0,4463,1737,64627,0.01
15,66379,0,0.0,4464,1737,64642,0.01
15,66394,0,0.0,4465,1737,64657,0.01
15,66409,0,0.0,4466,1737,64672,0.01
15,66424,0,0.0,4467,1737,64687,0.01
15,66439,0,0.0,4468,1737,64702,0.01
44,66483,0,0.0,4469,1738,64745,0.01
15,66498,0,0.0,4470,1738,64760,0.01
14,66512,0,0.0,4471,1739,64773,0.01
15,66527,0,0.0,4472,1739,64788,0.01
15,66542,0,0.0,4473,1739,64803,0.01
15,66557,0,0.0,4474,1739,64818,0.01
15,66572,0,0.0,4475,1739,64833,0.01
15,66587,0,0.0,4476,1739,64848,0.01
15,66602,0,0.0,4477,1739,64863,0.01
15,66617,0,0.0,4478,1739,64878,0.01
15,66632,0,0.0,4479,1739,64893,0.01
15,66647,0,0.0,4480,1739,64908,0.01
13,66660,0,0.0,4481,1741,64919,0.01
15,66675,0,0.0,4482,1741,64934,0.01
15,66690,0,0.0,4483,1742,64948,0.01
15,66705,0,0.0,4484,1742,64963,0.01
15,66720,0,0.0,4485,1742,64978,0.01
15,66735,0,0.0,4486,1742,64993,0.01
15,66750,0,0.0,4487,1742,65008,0.01
15,66765,0,0.0,4488,1742,65023,0.01
15,66780,0,0.0,4489,1742,65038,0.01
15,66795,0,0.0,4490,1742,65053,0.01
15,66810,0,0.0,4491,1742,65068,0.01
15,66825,0,0.0,4492,1742,65083,0.01
15,66840,0,0.0,4493,1743,65097,0.01
15,66855,0,0.0,4494,1743,65112,0.01
15,66870,0,0.0,4495,1743,65127,0.01
15,66885,0,0.0,4496,1743,65142,0.01
15,66900,0,0.0,4497,1743,65157,0.01
15,66915,0,0.0,4498,1743,65172,0.01
15,66930,0,0.0,4499,1743,65187,0.01
15,66945,0,0.0,4500,1743,65202,0.01
15,66960,0,0.0,4501,1743,65217,0.01
15,66975,0,0.0,4502,1743,65232,0.01
15,66990,0,0.0,4503,1743,65247,0.01
15,67005,0,0.0,4504,1743,65262,0.01
15,67020,0,0.0,4505,1743,65277,0.01
15,67035,0,0.0,4506,1743,65292,0.01
11,67046,0,0.0,4507,1744,65302,0.01
15,67061,0,0.0,4508,1744,65317,0.01
15,67076,0,0.0,4509,1744,65332,0.01
15,67091,0,0.0,4510,1744,65347,0.01
15,67106,0,0.0,4511,1744,65362,0.01
15,67121,0,0.0,4512,1744,65377,0.01
15,67136,0,0.0,4513,1744,65392,0.01
15,67151,0,0.0,4514,1744,65407,0.01
15,67166,0,0.0,4515,1744,65422,0.01
15,67181,0,0.0,4516,1744,65437,0.01
15,67196,0,0.0,4517,1744,65452,0.01
15,67211,0,0.0,4518,1744,65467,0.01
15,67226,0,0.0,4519,1744,65482,0.01
15,67241,0,0.0,4520,1745,65496,0.01
15,67256,0,0.0,4521,1746,65510,0.01
15,67271,0,0.0,4522,1746,65525,0.01
15,67286,0,0.0,4523,1746,65540,0.01
15,67301,0,0.0,4524,1746,65555,0.01
15,67316,0,0.0,4525,1746,65570,0.01
15,67331,0,0.0,4526,1746,65585,0.01
15,67346,0,0.0,4527,1746,65600,0.01
15,67361,0,0.0,4528,1746,65615,0.01
15,67376,0,0.0,4529,1746,65630,0.01
15,67391,0,0.0,4530,1746,65645,0.01
15,67406,0,0.0,4531,1746,65660,0.01
15,67421,0,0.0,4532,1746,65675,0.01
15,67436,0,0.0,4533,1746,65690,0.01
15,67451,0,0.0,4534,1746,65705,0.01
15,67466,0,0.0,4535,1746,65720,0.01
11,67477,0,0.0,4536,1747,65730,0.01
14,67491,0,0.0,4537,1748,65743,0.01
45,67536,0,0.0,4538,1750,65786,0.01
15,67551,0,0.0,4539,1750,65801,0.01
15,67566,0,0.0,4540,1750,65816,0.01
15,67581,0,0.0,4541,1750,65831,0.01
15,67596,0,0.0,4542,1750,65846,0.01
15,67611,0,0.0,4543,1750,65861,0.01
15,67626,0,0.0,4544,1750,65876,0.01
15,67641,0,0.0,4545,1750,65891,0.01
15,67656,0,0.0,4546,1750,65906,0.01
15,67671,0,0.0,4547,1750,65921,0.01
15,67686,0,0.0,4548,1750,65936,0.01
15,67701,0,0.0,4549,1750,65951,0.01
11,67712,0,0.0,4550,1751,65961,0.01
15,67727,0,0.0,4551,1751,65976,0.01
15,67742,0,0.0,4552,1751,65991,0.01
15,67757,0,0.0,4553,1751,66006,0.01
15,67772,0,0.0,4554,1751,66021,0.01
15,67787,0,0.0,4555,1751,66036,0.01
15,67802,0,0.0,4556,1751,66051,0.01
15,67817,0,0.0,4557,1751,66066,0.01
15,67832,0,0.0,4558,1751,66081,0.01
15,67847,0,0.0,4559,1751,66096,0.01
15,67862,0,0.0,4560,1751,66111,0.01
15,67877,0,0.0,4561,1751,66126,0.01
15,67892,0,0.0,4562,1751,66141,0.01
15,67907,0,0.0,4563,1751,66156,0.01
15,67922,0,0.0,4564,1751,66171,0.01
15,67937,0,0.0,4565,1751,66186,0.01
15,67952,0,0.0,4566,1751,66201,0.01
15,67967,0,0.0,4567,1751,66216,0.01
15,67982,0,0.0,4568,1751,66231,0.01
15,67997,0,0.0,4569,1751,66246,0.01
15,68012,0,0.0,4570,1751,66261,0.01
15,68027,0,0.0,4571,1752,66275,0.01
15,68042,0,0.0,4572,1752,66290,0.01
15,68057,0,0.0,4573,1752,66305,0.01
15,68072,0,0.0,4574,1752,66320,0.01
15,68087,0,0.0,4575,1752,66335,0.01
15,68102,0,0.0,4576,1752,66350,0.01
15,68117,0,0.0,4577,1752,66365,0.01
15,68132,0,0.0,4578,1752,66380,0.01
15,68147,0,0.0,4579,1752,66395,0.01
15,68162,0,0.0,4580,1752,66410,0.01
15,68177,0,0.0,4581,1752,66425,0.01
15,68192,0,0.0,4582,1752,66440,0.01
15,68207,0,0.0,4583,1752,66455,0.01
15,68222,0,0.0,4584,1752,66470,0.01
15,68237,0,0.0,4585,1752,66485,0.01
15,68252,0,0.0,4586,1752,66500,0.01
15,68267,0,0.0,4587,1752,66515,0.01
15,68282,0,0.0,4588,1752,66530,0.01
15,68297,0,0.0,4589,1752,66545,0.01
15,68312,0,0.0,4590,1752,66560,0.01
13,68325,0,0.0,4591,1753,66572,0.01
15,68340,0,0.0,4592,1753,66587,0.01
15,68355,0,0.0,4593,1753,66602,0.01
15,68370,0,0.0,4594,1753,66617,0.01
15,68385,0,0.0,4595,1754,66631,0.01
15,68400,0,0.0,4596,1754,66646,0.01
15,68415,0,0.0,4597,1754,66661,0.01
15,68430,0,0.0,4598,1754,66676,0.01
15,68445,0,0.0,4599,1754,66691,0.01
15,68460,0,0.0,4600,1754,66706,0.01
15,68475,0,0.0,4601,1754,66721,0.01
15,68490,0,0.0,4602,1754,66736,0.01
15,68505,0,0.0,4603,1754,66751,0.01
15,68520,0,0.0,4604,1754,66766,0.01
15,68535,0,0.0,4605,1754,66781,0.01
15,68550,0,0.0,4606,1754,66796,0.01
15,68565,0,0.0,4607,1754,66811,0.01
15,68580,0,0.0,4608,1754,66826,0.01
15,68595,0,0.0,4609,1754,66841,0.01
15,68610,0,0.0,4610,1754,66856,0.01
15,68625,0,0.0,4611,1754,66871,0.01
15,68640,0,0.0,4612,1754,66886,0.01
15,68655,0,0.0,4613,1754,66901,0.01
6,68661,0,0.0,4614,1755,66906,0.01
15,68676,0,0.0,4615,1755,66921,0.01
15,68691,0,0.0,4616,1756,66935,0.01
15,68706,0,0.0,4617,1757,66949,0.01
15,68721,0,0.0,4618,1757,66964,0.01
15,68736,0,0.0,4619,1757,66979,0.01
15,68751,0,0.0,4620,1757,66994,0.01
15,68766,0,0.0,4621,1757,67009,0.01
15,68781,0,0.0,4622,1757,67024,0.01
15,68796,0,0.0,4623,1757,67039,0.01
13,68809,0,0.0,4624,1758,67051,0.01
15,68824,0,0.0,4625,1758,67066,0.01
44,68868,0,0.0,4626,1759,67109,0.01
15,68883,0,0.0,4627,1759,67124,0.01
15,68898,0,0.0,4628,1759,67139,0.01
15,68913,0,0.0,4629,1759,67154,0.01
15,68928,0,0.0,4630,1759,67169,0.01
15,68943,0,0.0,4631,1759,67184,0.01
13,68956,0,0.0,4632,1760,67196,0.01
15,68971,0,0.0,4633,1760,67211,0.01
15,68986,0,0.0,4634,1760,67226,0.01
15,69001,0,0.0,4635,1760,67241,0.01
44,69045,0,0.0,4636,1761,67284,0.01
15,69060,0,0.0,4637,1761,67299,0.01
15,69075,0,0.0,4638,1761,67314,0.01
15,69090,0,0.0,4639,1761,67329,0.01
15,69105,0,0.0,4640,1761,67344,0.01
15,69120,0,0.0,4641,1761,67359,0.01
15,69135,0,0.0,4642,1762,67373,0.01
15,69150,0,0.0,4643,1762,67388,0.01
15,69165,0,0.0,4644,1762,67403,0.01
15,69180,0,0.0,4645,1762,67418,0.01
15,69195,0,0.0,4646,1762,67433,0.01
15,69210,0,0.0,4647,1762,67448,0.01
15,69225,0,0.0,4648,1762,67463,0.01
9,69234,0,0.0,4649,1763,67471,0.01
15,69249,0,0.0,4650,1763,67486,0.01
15,69264,0,0.0,4651,1763,67501,0.01
14,69278,0,0.0,4652,1764,67514,0.01
15,69293,0,0.0,4653,1764,67529,0.01
15,69308,0,0.0,4654,1764,67544,0.01
27,69335,0,0.0,4655,1766,67569,0.01
15,69350,0,0.0,4656,1766,67584,0.01
15,69365,0,0.0,4657,1766,67599,0.01
15,69380,0,0.0,4658,1766,67614,0.01
6,69386,0,0.0,4659,1767,67619,0.01
15,69401,0,0.0,4660,1767,67634,0.01
15,69416,0,0.0,4661,1767,67649,0.01
15,69431,0,0.0,4662,1767,67664,0.01
15,69446,0,0.0,4663,1768,67678,0.01
6,69452,0,0.0,4664,1769,67683,0.01
15,69467,0,0.0,4665,1769,67698,0.01
15,69482,0,0.0,4666,1769,67713,0.01
15,69497,0,0.0,4667,1769,67728,0.01
15,69512,0,0.0,4668,1769,67743,0.01
12,69524,0,0.0,4669,1770,67754,0.01
15,69539,0,0.0,4670,1770,67769,0.01
15,69554,0,0.0,4671,1770,67784,0.01
15,69569,0,0.0,4672,1770,67799,0.01
15,69584,0,0.0,4673,1770,67814,0.01
15,69599,0,0.0,4674,1770,67829,0.01
15,69614,0,0.0,4675,1770,67844,0.01
15,69629,0,0.0,4676,1770,67859,0.01
15,69644,0,0.0,4677,1770,67874,0.01
14,69658,0,0.0,4678,1771,67887,0.01
15,69673,0,0.0,4679,1771,67902,0.01
15,69688,0,0.0,4680,1771,67917,0.01
15,69703,0,0.0,4681,1771,67932,0.01
15,69718,0,0.0,4682,1771,67947,0.01
15,69733,0,0.0,4683,1771,67962,0.01
15,69748,0,0.0,4684,1771,67977,0.01
15,69763,0,0.0,4685,1771,67992,0.01
15,69778,0,0.0,4686,1771,68007,0.01
15,69793,0,0.0,4687,1771,68022,0.01
16,69809,0,0.0,4688,1772,68037,0.01
15,69824,0,0.0,4689,1772,68052,0.01
15,69839,0,0.0,4690,1772,68067,0.01
15,69854,0,0.0,4691,1772,68082,0.01
15,69869,0,0.0,4692,1772,68097,0.01
14,69883,0,0.0,4693,1773,68110,0.01
15,69898,0,0.0,4694,1773,68125,0.01
15,69913,0,0.0,4695,1775,68138,0.01
15,69928,0,0.0,4696,1775,68153,0.01
15,69943,0,0.0,4697,1775,68168,0.01
15,69958,0,0.0,4698,1775,68183,0.01
15,69973,0,0.0,4699,1775,68198,0.01
15,69988,0,0.0,4700,1775,68213,0.01
15,70003,0,0.0,4701,1775,68228,0.01
15,70018,0,0.0,4702,1775,68243,0.01
15,70033,0,0.0,4703,1775,68258,0.01
15,70048,0,0.0,4704,1775,68273,0.01
44,70092,0,0.0,4705,1776,68316,0.01
15,70107,0,0.0,4706,1776,68331,0.01
15,70122,0,0.0,4707,1776,68346,0.01
15,70137,0,0.0,4708,1776,68361,0.01
15,70152,0,0.0,4709,1776,68376,0.01
15,70167,0,0.0,4710,1776,68391,0.01
15,70182,0,0.0,4711,1776,68406,0.01
15,70197,0,0.0,4712,1776,68421,0.01
15,70212,0,0.0,4713,1776,68436,0.01
15,70227,0,0.0,4714,1776,68451,0.01
15,70242,0,0.0,4715,1776,68466,0.01
15,70257,0,0.0,4716,1776,68481,0.01
15,70272,0,0.0,4717,1776,68496,0.01
15,70287,0,0.0,4718,1776,68511,0.01
5,70292,0,0.0,4719,1777,68515,0.01
15,70307,0,0.0,4720,1777,68530,0.01
15,70322,0,0.0,4721,1777,68545,0.01
15,70337,0,0.0,4722,1777,68560,0.01
15,70352,0,0.0,4723,1777,68575,0.01
15,70367,0,0.0,4724,1778,68589,0.01
15,70382,0,0.0,4725,1778,68604,0.01
15,70397,0,0.0,4726,1778,68619,0.01
15,70412,0,0.0,4727,1778,68634,0.01
15,70427,0,0.0,4728,1778,68649,0.01
15,70442,0,0.0,4729,1778,68664,0.01
15,70457,0,0.0,4730,1778,68679,0.01
15,70472,0,0.0,4731,1778,68694,0.01
15,70487,0,0.0,4732,1778,68709,0.01
15,70502,0,0.0,4733,1778,68724,0.01
15,70517,0,0.0,4734,1778,68739,0.01
15,70532,0,0.0,4735,1778,68754,0.01
44,70576,0,0.0,4736,1779,68797,0.01
15,70591,0,0.0,4737,1779,68812,0.01
15,70606,0,0.0,4738,1779,68827,0.01
15,70621,0,0.0,4739,1779,68842,0.01
15,70636,0,0.0,4740,1779,68857,0.01
15,70651,0,0.0,4741,1779,68872,0.01
15,70666,0,0.0,4742,1780,68886,0.01
15,70681,0,0.0,4743,1780,68901,0.01
15,70696,0,0.0,4744,1780,68916,0.01
15,70711,0,0.0,4745,1780,68931,0.01
15,70726,0,0.0,4746,1780,68946,0.01
15,70741,0,0.0,4747,1780,68961,0.01
15,70756,0,0.0,4748,1780,68976,0.01
15,70771,0,0.0,4749,1780,68991,0.01
15,70786,0,0.0,4750,1780,69006,0.01
15,70801,0,0.0,4751,1780,69021,0.01
15,70816,0,0.0,4752,1781,69035,0.01
15,70831,0,0.0,4753,1781,69050,0.01
15,70846,0,0.0,4754,1781,69065,0.01
15,70861,0,0.0,4755,1781,69080,0.01
15,70876,0,0.0,4756,1781,69095,0.01
15,70891,0,0.0,4757,1781,69110,0.01
15,70906,0,0.0,4758,1781,69125,0.01
15,70921,0,0.0,4759,1781,69140,0.01
14,70935,0,0.0,4760,1782,69153,0.01
15,70950,0,0.0,4761,1783,69167,0.01
15,70965,0,0.0,4762,1784,69181,0.01
15,70980,0,0.0,4763,1784,69196,0.01
15,70995,0,0.0,4764,1784,69211,0.01
15,71010,0,0.0,4765,1784,69226,0.01
15,71025,0,0.0,4766,1784,69241,0.01
15,71040,0,0.0,4767,1784,69256,0.01
15,71055,0,0.0,4768,1784,69271,0.01
15,71070,0,0.0,4769,1785,69285,0.01
15,71085,0,0.0,4770,1785,69300,0.01
15,71100,0,0.0,4771,1785,69315,0.01
15,71115,0,0.0,4772,1785,69330,0.01
15,71130,0,0.0,4773,1785,69345,0.01
15,71145,0,0.0,4774,1785,69360,0.01
15,71160,0,0.0,4775,1785,69375,0.01
15,71175,0,0.0,4776,1785,69390,0.01
15,71190,0,0.0,4777,1785,69405,0.01
15,71205,0,0.0,4778,1786,69419,0.01
15,71220,0,0.0,4779,1786,69434,0.01
11,71231,0,0.0,4780,1787,69444,0.01
15,71246,0,0.0,4781,1788,69458,0.01
15,71261,0,0.0,4782,1788,69473,0.01
15,71276,0,0.0,4783,1788,69488,0.01
13,71289,0,0.0,4784,1789,69500,0.01
15,71304,0,0.0,4785,1789,69515,0.01
15,71319,0,0.0,4786,1789,69530,0.01
15,71334,0,0.0,4787,1789,69545,0.01
15,71349,0,0.0,4788,1790,69559,0.01
15,71364,0,0.0,4789,1790,69574,0.01
15,71379,0,0.0,4790,1790,69589,0.01
15,71394,0,0.0,4791,1790,69604,0.01
15,71409,0,0.0,4792,1790,69619,0.01
15,71424,0,0.0,4793,1790,69634,0.01
15,71439,0,0.0,4794,1790,69649,0.01
15,71454,0,0.0,4795,1790,69664,0.01
15,71469,0,0.0,4796,1790,69679,0.01
15,71484,0,0.0,4797,1790,69694,0.01
15,71499,0,0.0,4798,1790,69709,0.01
15,71514,0,0.0,4799,1790,69724,0.01
15,71529,0,0.0,4800,1790,69739,0.01
15,71544,0,0.0,4801,1790,69754,0.01
15,71559,0,0.0,4802,1790,69769,0.01
15,71574,0,0.0,4803,1790,69784,0.01
15,71589,0,0.0,4804,1790,69799,0.01
15,71604,0,0.0,4805,1790,69814,0.01
15,71619,0,0.0,4806,1790,69829,0.01
15,71634,0,0.0,4807,1790,69844,0.01
15,71649,0,0.0,4808,1790,69859,0.01
15,71664,0,0.0,4809,1790,69874,0.01
15,71679,0,0.0,4810,1790,69889,0.01
15,71694,0,0.0,4811,1790,69904,0.01
15,71709,0,0.0,4812,1790,69919,0.01
15,71724,0,0.0,4813,1790,69934,0.01
15,71739,0,0.0,4814,1790,69949,0.01
15,71754,0,0.0,4815,1790,69964,0.01
15,71769,0,0.0,4816,1790,69979,0.01
12,71781,0,0.0,4817,1791,69990,0.01
15,71796,0,0.0,4818,1791,70005,0.01
5,71801,0,0.0,4819,1792,70009,0.01
15,71816,0,0.0,4820,1792,70024,0.01
15,71831,0,0.0,4821,1792,70039,0.01
15,71846,0,0.0,4822,1792,70054,0.01
15,71861,0,0.0,4823,1792,70069,0.01
15,71876,0,0.0,4824,1792,70084,0.01
15,71891,0,0.0,4825,1792,70099,0.01
15,71906,0,0.0,4826,1792,70114,0.01
15,71921,0,0.0,4827,1793,70128,0.01
15,71936,0,0.0,4828,1793,70143,0.01
15,71951,0,0.0,4829,1794,70157,0.01
15,71966,0,0.0,4830,1794,70172,0.01
15,71981,0,0.0,4831,1794,70187,0.01
15,71996,0,0.0,4832,1795,70201,0.01
15,72011,0,0.0,4833,1795,70216,0.01
15,72026,0,0.0,4834,1795,70231,0.01
6,72032,0,0.0,4835,1796,70236,0.01
15,72047,0,0.0,4836,1796,70251,0.01
15,72062,0,0.0,4837,1796,70266,0.01
15,72077,0,0.0,4838,1796,70281,0.01
15,72092,0,0.0,4839,1796,70296,0.01
15,72107,0,0.0,4840,1796,70311,0.01
15,72122,0,0.0,4841,1796,70326,0.01
6,72128,0,0.0,4842,1797,70331,0.01
8,72136,0,0.0,4843,1798,70338,0.01
15,72151,0,0.0,4844,1798,70353,0.01
15,72166,0,0.0,4845,1798,70368,0.01
15,72181,0,0.0,4846,1798,70383,0.01
15,72196,0,0.0,4847,1798,70398,0.01
15,72211,0,0.0,4848,1798,70413,0.01
15,72226,0,0.0,4849,1798,70428,0.01
15,72241,0,0.0,4850,1798,70443,0.01
15,72256,0,0.0,4851,1798,70458,0.01
15,72271,0,0.0,4852,1799,70472,0.01
15,72286,0,0.0,4853,1800,70486,0.01
15,72301,0,0.0,4854,1800,70501,0.01
15,72316,0,0.0,4855,1800,70516,0.01
15,72331,0,0.0,4856,1800,70531,0.01
15,72346,0,0.0,4857,1800,70546,0.01
15,72361,0,0.0,4858,1800,70561,0.01
15,72376,0,0.0,4859,1800,70576,0.01
15,72391,0,0.0,4860,1800,70591,0.01
15,72406,0,0.0,4861,1800,70606,0.01
15,72421,0,0.0,4862,1801,70620,0.01
15,72436,0,0.0,4863,1801,70635,0.01
15,72451,0,0.0,4864,1801,70650,0.01
15,72466,0,0.0,4865,1801,70665,0.01
44,72510,0,0.0,4866,1802,70708,0.01
15,72525,0,0.0,4867,1802,70723,0.01
15,72540,0,0.0,4868,1802,70738,0.01
15,72555,0,0.0,4869,1802,70753,0.01
15,72570,0,0.0,4870,1802,70768,0.01
15,72585,0,0.0,4871,1802,70783,0.01
15,72600,0,0.0,4872,1803,70797,0.01
15,72615,0,0.0,4873,1803,70812,0.01
14,72629,0,0.0,4874,1804,70825,0.01
15,72644,0,0.0,4875,1804,70840,0.01
15,72659,0,0.0,4876,1804,70855,0.01
15,72674,0,0.0,4877,1804,70870,0.01
15,72689,0,0.0,4878,1805,70884,0.01
15,72704,0,0.0,4879,1805,70899,0.01
15,72719,0,0.0,4880,1805,70914,0.01
15,72734,0,0.0,4881,1805,70929,0.01
15,72749,0,0.0,4882,1805,70944,0.01
15,72764,0,0.0,4883,1805,70959,0.01
15,72779,0,0.0,4884,1805,70974,0.01
15,72794,0,0.0,4885,1805,70989,0.01
15,72809,0,0.0,4886,1805,71004,0.01
15,72824,0,0.0,4887,1805,71019,0.01
15,72839,0,0.0,4888,1806,71033,0.01
15,72854,0,0.0,4889,1806,71048,0.01
12,72866,0,0.0,4890,1807,71059,0.01
15,72881,0,0.0,4891,1807,71074,0.01
15,72896,0,0.0,4892,1808,71088,0.01
44,72940,0,0.0,4893,1809,71131,0.01
15,72955,0,0.0,4894,1809,71146,0.01
15,72970,0,0.0,4895,1809,71161,0.01
15,72985,0,0.0,4896,1809,71176,0.01
15,73000,0,0.0,4897,1809,71191,0.01
15,73015,0,0.0,4898,1809,71206,0.01
15,73030,0,0.0,4899,1810,71220,0.01
15,73045,0,0.0,4900,1810,71235,0.01
15,73060,0,0.0,4901,1810,71250,0.01
15,73075,0,0.0,4902,1810,71265,0.01
15,73090,0,0.0,4903,1810,71280,0.01
4,73094,0,0.0,4904,1812,71282,0.01
15,73109,0,0.0,4905,1812,71297,0.01
15,73124,0,0.0,4906,1812,71312,0.01
15,73139,0,0.0,4907,1812,71327,0.01
15,73154,0,0.0,4908,1812,71342,0.01
15,73169,0,0.0,4909,1812,71357,0.01
15,73184,0,0.0,4910,1812,71372,0.01
15,73199,0,0.0,4911,1812,71387,0.01
15,73214,0,0.0,4912,1812,71402,0.01
15,73229,0,0.0,4913,1813,71416,0.01
15,73244,0,0.0,4914,1813,71431,0.01
15,73259,0,0.0,4915,1813,71446,0.01
15,73274,0,0.0,4916,1814,71460,0.01
15,73289,0,0.0,4917,1814,71475,0.01
15,73304,0,0.0,4918,1814,71490,0.01
15,73319,0,0.0,4919,1814,71505,0.01
15,73334,0,0.0,4920,1814,71520,0.01
15,73349,0,0.0,4921,1814,71535,0.01
15,73364,0,0.0,4922,1815,71549,0.01
15,73379,0,0.0,4923,1815,71564,0.01
44,73423,0,0.0,4924,1816,71607,0.01
15,73438,0,0.0,4925,1816,71622,0.01
15,73453,0,0.0,4926,1816,71637,0.01
15,73468,0,0.0,4927,1816,71652,0.01
15,73483,0,0.0,4928,1816,71667,0.01
15,73498,0,0.0,4929,1817,71681,0.01
15,73513,0,0.0,4930,1817,71696,0.01
15,73528,0,0.0,4931,1817,71711,0.01
15,73543,0,0.0,4932,1818,71725,0.01
15,73558,0,0.0,4933,1818,71740,0.01
15,73573,0,0.0,4934,1818,71755,0.01
15,73588,0,0.0,4935,1818,71770,0.01
15,73603,0,0.0,4936,1818,71785,0.01
15,73618,0,0.0,4937,1819,71799,0.01
15,73633,0,0.0,4938,1819,71814,0.01
15,73648,0,0.0,4939,1819,71829,0.01
15,73663,0,0.0,4940,1819,71844,0.01
15,73678,0,0.0,4941,1819,71859,0.01
15,73693,0,0.0,4942,1819,71874,0.01
15,73708,0,0.0,4943,1819,71889,0.01
15,73723,0,0.0,4944,1819,71904,0.01
15,73738,0,0.0,4945,1819,71919,0.01
15,73753,0,0.0,4946,1820,71933,0.01
15,73768,0,0.0,4947,1820,71948,0.01
15,73783,0,0.0,4948,1820,71963,0.01
6,73789,0,0.0,4949,1821,71968,0.01
15,73804,0,0.0,4950,1821,71983,0.01
15,73819,0,0.0,4951,1821,71998,0.01
15,73834,0,0.0,4952,1821,72013,0.01
15,73849,0,0.0,4953,1821,72028,0.01
15,73864,0,0.0,4954,1821,72043,0.01
15,73879,0,0.0,4955,1821,72058,0.01
15,73894,0,0.0,4956,1821,72073,0.01
15,73909,0,0.0,4957,1821,72088,0.01
15,73924,0,0.0,4958,1821,72103,0.01
15,73939,0,0.0,4959,1821,72118,0.01
15,73954,0,0.0,4960,1821,72133,0.01
15,73969,0,0.0,4961,1821,72148,0.01
15,73984,0,0.0,4962,1821,72163,0.01
15,73999,0,0.0,4963,1821,72178,0.01
14,74013,0,0.0,4964,1822,72191,0.01
15,74028,0,0.0,4965,1822,72206,0.01
15,74043,0,0.0,4966,1823,72220,0.01
15,74058,0,0.0,4967,1823,72235,0.01
15,74073,0,0.0,4968,1823,72250,0.01
15,74088,0,0.0,4969,1823,72265,0.01
15,74103,0,0.0,4970,1823,72280,0.01
15,74118,0,0.0,4971,1823,72295,0.01
15,74133,0,0.0,4972,1823,72310,0.01
15,74148,0,0.0,4973,1823,72325,0.01
15,74163,0,0.0,4974,1823,72340,0.01
15,74178,0,0.0,4975,1823,72355,0.01
15,74193,0,0.0,4976,1823,72370,0.01
15,74208,0,0.0,4977,1823,72385,0.01
15,74223,0,0.0,4978,1823,72400,0.01
15,74238,0,0.0,4979,1823,72415,0.01
15,74253,0,0.0,4980,1823,72430,0.01
15,74268,0,0.0,4981,1824,72444,0.01
15,74283,0,0.0,4982,1824,72459,0.01
15,74298,0,0.0,4983,1824,72474,0.01
15,74313,0,0.0,4984,1825,72488,0.01
15,74328,0,0.0,4985,1825,72503,0.01
15,74343,0,0.0,4986,1825,72518,0.01
15,74358,0,0.0,4987,1825,72533,0.01
15,74373,0,0.0,4988,1825,72548,0.01
15,74388,0,0.0,4989,1825,72563,0.01
15,74403,0,0.0,4990,1825,72578,0.01
15,74418,0,0.0,4991,1825,72593,0.01
15,74433,0,0.0,4992,1825,72608,0.01
15,74448,0,0.0,4993,1825,72623,0.01
15,74463,0,0.0,4994,1825,72638,0.01
15,74478,0,0.0,4995,1825,72653,0.01
15,74493,0,0.0,4996,1825,72668,0.01
15,74508,0,0.0,4997,1825,72683,0.01
15,74523,0,0.0,4998,1825,72698,0.01
15,74538,0,0.0,4999,1825,72713,0.01
15,74553,0,0.0,5000,1825,72728,0.01
15,74568,0,0.0,5001,1825,72743,0.01
16,74584,0,0.0,5002,1826,72758,0.01
15,74599,0,0.0,5003,1826,72773,0.01
15,74614,0,0.0,5004,1826,72788,0.01
15,74629,0,0.0,5005,1827,72802,0.01
15,74644,0,0.0,5006,1827,72817,0.01
15,74659,0,0.0,5007,1827,72832,0.01
15,74674,0,0.0,5008,1827,72847,0.01
15,74689,0,0.0,5009,1827,72862,0.01
15,74704,0,0.0,5010,1827,72877,0.01
15,74719,0,0.0,5011,1827,72892,0.01
6,74725,0,0.0,5012,1828,72897,0.01
15,74740,0,0.0,5013,1828,72912,0.01
8,74748,0,0.0,5014,1829,72919,0.01
15,74763,0,0.0,5015,1829,72934,0.01
15,74778,0,0.0,5016,1829,72949,0.01
15,74793,0,0.0,5017,1830,72963,0.01
15,74808,0,0.0,5018,1830,72978,0.01
15,74823,0,0.0,5019,1830,72993,0.01
15,74838,0,0.0,5020,1830,73008,0.01
15,74853,0,0.0,5021,1830,73023,0.01
15,74868,0,0.0,5022,1830,73038,0.01
15,74883,0,0.0,5023,1830,73053,0.01
15,74898,0,0.0,5024,1830,73068,0.01
15,74913,0,0.0,5025,1830,73083,0.01
15,74928,0,0.0,5026,1830,73098,0.01
15,74943,0,0.0,5027,1830,73113,0.01
15,74958,0,0.0,5028,1830,73128,0.01
15,74973,0,0.0,5029,1830,73143,0.01
15,74988,0,0.0,5030,1830,73158,0.01
15,75003,0,0.0,5031,1831,73172,0.01
15,75018,0,0.0,5032,1831,73187,0.01
15,75033,0,0.0,5033,1831,73202,0.01
15,75048,0,0.0,5034,1831,73217,0.01
15,75063,0,0.0,5035,1831,73232,0.01
15,75078,0,0.0,5036,1831,73247,0.01
15,75093,0,0.0,5037,1831,73262,0.01
14,75107,0,0.0,5038,1833,73274,0.01
15,75122,0,0.0,5039,1833,73289,0.01
15,75137,0,0.0,5040,1833,73304,0.01
15,75152,0,0.0,5041,1833,73319,0.01
15,75167,0,0.0,5042,1833,73334,0.01
15,75182,0,0.0,5043,1833,73349,0.01
15,75197,0,0.0,5044,1833,73364,0.01
15,75212,0,0.0,5045,1833,73379,0.01
15,75227,0,0.0,5046,1833,73394,0.01
15,75242,0,0.0,5047,1833,73409,0.01
15,75257,0,0.0,5048,1833,73424,0.01
15,75272,0,0.0,5049,1833,73439,0.01
15,75287,0,0.0,5050,1833,73454,0.01
15,75302,0,0.0,5051,1833,73469,0.01
15,75317,0,0.0,5052,1834,73483,0.01
8,75325,0,0.0,5053,1835,73490,0.01
15,75340,0,0.0,5054,1835,73505,0.01
15,75355,0,0.0,5055,1835,73520,0.01
15,75370,0,0.0,5056,1835,73535,0.01
15,75385,0,0.0,5057,1835,73550,0.01
15,75400,0,0.0,5058,1835,73565,0.01
15,75415,0,0.0,5059,1835,73580,0.01
15,75430,0,0.0,5060,1835,73595,0.01
15,75445,0,0.0,5061,1836,73609,0.01
15,75460,0,0.0,5062,1836,73624,0.01
15,75475,0,0.0,5063,1837,73638,0.01
15,75490,0,0.0,5064,1838,73652,0.01
15,75505,0,0.0,5065,1839,73666,0.01
15,75520,0,0.0,5066,1839,73681,0.01
15,75535,0,0.0,5067,1839,73696,0.01
15,75550,0,0.0,5068,1839,73711,0.01
6,75556,0,0.0,5069,1840,73716,0.01
15,75571,0,0.0,5070,1841,73730,0.01
15,75586,0,0.0,5071,1841,73745,0.01
15,75601,0,0.0,5072,1841,73760,0.01
15,75616,0,0.0,5073,1841,73775,0.01
15,75631,0,0.0,5074,1841,73790,0.01
15,75646,0,0.0,5075,1841,73805,0.01
44,75690,0,0.0,5076,1842,73848,0.01
15,75705,0,0.0,5077,1842,73863,0.01
15,75720,0,0.0,5078,1842,73878,0.01
15,75735,0,0.0,5079,1842,73893,0.01
15,75750,0,0.0,5080,1843,73907,0.01
15,75765,0,0.0,5081,1843,73922,0.01
15,75780,0,0.0,5082,1843,73937,0.01
15,75795,0,0.0,5083,1843,73952,0.01
15,75810,0,0.0,5084,1843,73967,0.01
15,75825,0,0.0,5085,1843,73982,0.01
15,75840,0,0.0,5086,1843,73997,0.01
15,75855,0,0.0,5087,1843,74012,0.01
15,75870,0,0.0,5088,1843,74027,0.01
15,75885,0,0.0,5089,1843,74042,0.01
15,75900,0,0.0,5090,1843,74057,0.01
14,75914,0,0.0,5091,1844,74070,0.01
15,75929,0,0.0,5092,1844,74085,0.01
44,75973,0,0.0,5093,1845,74128,0.01
15,75988,0,0.0,5094,1845,74143,0.01
15,76003,0,0.0,5095,1846,74157,0.01
15,76018,0,0.0,5096,1846,74172,0.01
42,76060,0,0.0,5097,1848,74212,0.01
15,76075,0,0.0,5098,1848,74227,0.01
15,76090,0,0.0,5099,1848,74242,0.01
15,76105,0,0.0,5100,1848,74257,0.01
15,76120,0,0.0,5101,1848,74272,0.01
15,76135,0,0.0,5102,1848,74287,0.01
15,76150,0,0.0,5103,1848,74302,0.01
15,76165,0,0.0,5104,1848,74317,0.01
15,76180,0,0.0,5105,1848,74332,0.01
15,76195,0,0.0,5106,1848,74347,0.01
14,76209,0,0.0,5107,1849,74360,0.01
15,76224,0,0.0,5108,1849,74375,0.01
15,76239,0,0.0,5109,1849,74390,0.01
5,76244,0,0.0,5110,1850,74394,0.01
15,76259,0,0.0,5111,1850,74409,0.01
36,76295,0,0.0,5112,1852,74443,0.01
15,76310,0,0.0,5113,1852,74458,0.01
15,76325,0,0.0,5114,1852,74473,0.01
15,76340,0,0.0,5115,1852,74488,0.01
10,76350,0,0.0,5116,1853,74497,0.01
15,76365,0,0.0,5117,1853,74512,0.01
15,76380,0,0.0,5118,1853,74527,0.01
15,76395,0,0.0,5119,1853,74542,0.01
15,76410,0,0.0,5120,1853,74557,0.01
15,76425,0,0.0,5121,1853,74572,0.01
15,76440,0,0.0,5122,1853,74587,0.01
14,76454,0,0.0,5123,1854,74600,0.01
15,76469,0,0.0,5124,1855,74614,0.01
15,76484,0,0.0,5125,1855,74629,0.01
15,76499,0,0.0,5126,1855,74644,0.01
15,76514,0,0.0,5127,1855,74659,0.01
15,76529,0,0.0,5128,1855,74674,0.01
15,76544,0,0.0,5129,1855,74689,0.01
16,76560,0,0.0,5130,1856,74704,0.01
15,76575,0,0.0,5131,1856,74719,0.01
15,76590,0,0.0,5132,1856,74734,0.01
15,76605,0,0.0,5133,1856,74749,0.01
15,76620,0,0.0,5134,1856,74764,0.01
15,76635,0,0.0,5135,1856,74779,0.01
15,76650,0,0.0,5136,1856,74794,0.01
15,76665,0,0.0,5137,1856,74809,0.01
15,76680,0,0.0,5138,1856,74824,0.01
15,76695,0,0.0,5139,1857,74838,0.01
15,76710,0,0.0,5140,1858,74852,0.01
15,76725,0,0.0,5141,1859,74866,0.01
15,76740,0,0.0,5142,1859,74881,0.01
15,76755,0,0.0,5143,1859,74896,0.01
15,76770,0,0.0,5144,1859,74911,0.01
15,76785,0,0.0,5145,1859,74926,0.01
15,76800,0,0.0,5146,1860,74940,0.01
15,76815,0,0.0,5147,1860,74955,0.01
15,76830,0,0.0,5148,1860,74970,0.01
15,76845,0,0.0,5149,1860,74985,0.01
15,76860,0,0.0,5150,1860,75000,0.01
15,76875,0,0.0,5151,1860,75015,0.01
15,76890,0,0.0,5152,1860,75030,0.01
15,76905,0,0.0,5153,1860,75045,0.01
15,76920,0,0.0,5154,1860,75060,0.01
16,76936,0,0.0,5155,1861,75075,0.01
15,76951,0,0.0,5156,1861,75090,0.01
10,76961,0,0.0,5157,1862,75099,0.01
15,76976,0,0.0,5158,1862,75114,0.01
15,76991,0,0.0,5159,1862,75129,0.01
15,77006,0,0.0,5160,1863,75143,0.01
15,77021,0,0.0,5161,1863,75158,0.01
15,77036,0,0.0,5162,1863,75173,0.01
15,77051,0,0.0,5163,1863,75188,0.01
15,77066,0,0.0,5164,1863,75203,0.01
15,77081,0,0.0,5165,1863,75218,0.01
15,77096,0,0.0,5166,1864,75232,0.01
15,77111,0,0.0,5167,1864,75247,0.01
15,77126,0,0.0,5168,1864,75262,0.01
15,77141,0,0.0,5169,1864,75277,0.01
15,77156,0,0.0,5170,1864,75292,0.01
15,77171,0,0.0,5171,1864,75307,0.01
15,77186,0,0.0,5172,1864,75322,0.01
15,77201,0,0.0,5173,1864,75337,0.01
15,77216,0,0.0,5174,1864,75352,0.01
4,77220,0,0.0,5175,1865,75355,0.01
15,77235,0,0.0,5176,1865,75370,0.01
15,77250,0,0.0,5177,1865,75385,0.01
15,77265,0,0.0,5178,1865,75400,0.01
15,77280,0,0.0,5179,1865,75415,0.01
15,77295,0,0.0,5180,1865,75430,0.01
15,77310,0,0.0,5181,1865,75445,0.01
15,77325,0,0.0,5182,1865,75460,0.01
15,77340,0,0.0,5183,1865,75475,0.01
15,77355,0,0.0,5184,1865,75490,0.01
15,77370,0,0.0,5185,1865,75505,0.01
15,77385,0,0.0,5186,1865,75520,0.01
15,77400,0,0.0,5187,1865,75535,0.01
15,77415,0,0.0,5188,1865,75550,0.01
15,77430,0,0.0,5189,1865,75565,0.01
44,77474,0,0.0,5190,1866,75608,0.01
15,77489,0,0.0,5191,1866,75623,0.01
15,77504,0,0.0,5192,1866,75638,0.01
15,77519,0,0.0,5193,1866,75653,0.01
15,77534,0,0.0,5194,1866,75668,0.01
15,77549,0,0.0,5195,1866,75683,0.01
15,77564,0,0.0,5196,1866,75698,0.01
15,77579,0,0.0,5197,1867,75712,0.01
15,77594,0,0.0,5198,1867,75727,0.01
15,77609,0,0.0,5199,1867,75742,0.01
15,77624,0,0.0,5200,1867,75757,0.01
15,77639,0,0.0,5201,1868,75771,0.01
15,77654,0,0.0,5202,1869,75785,0.01
15,77669,0,0.0,5203,1869,75800,0.01
15,77684,0,0.0,5204,1869,75815,0.01
15,77699,0,0.0,5205,1869,75830,0.01
15,77714,0,0.0,5206,1869,75845,0.01
15,77729,0,0.0,5207,1869,75860,0.01
15,77744,0,0.0,5208,1869,75875,0.01
15,77759,0,0.0,5209,1869,75890,0.01
15,77774,0,0.0,5210,1869,75905,0.01
15,77789,0,0.0,5211,1869,75920,0.01
15,77804,0,0.0,5212,1869,75935,0.01
15,77819,0,0.0,5213,1869,75950,0.01
15,77834,0,0.0,5214,1869,75965,0.01
15,77849,0,0.0,5215,1869,75980,0.01
15,77864,0,0.0,5216,1869,75995,0.01
15,77879,0,0.0,5217,1869,76010,0.01
15,77894,0,0.0,5218,1869,76025,0.01
15,77909,0,0.0,5219,1869,76040,0.01
15,77924,0,0.0,5220,1869,76055,0.01
15,77939,0,0.0,5221,1869,76070,0.01
15,77954,0,0.0,5222,1869,76085,0.01
7,77961,0,0.0,5223,1870,76091,0.01
15,77976,0,0.0,5224,1870,76106,0.01
15,77991,0,0.0,5225,1870,76121,0.01
15,78006,0,0.0,5226,1870,76136,0.01
15,78021,0,0.0,5227,1870,76151,0.01
15,78036,0,0.0,5228,1870,76166,0.01
15,78051,0,0.0,5229,1870,76181,0.01
15,78066,0,0.0,5230,1870,76196,0.01
15,78081,0,0.0,5231,1870,76211,0.01
15,78096,0,0.0,5232,1870,76226,0.01
15,78111,0,0.0,5233,1870,76241,0.01
15,78126,0,0.0,5234,1870,76256,0.01
15,78141,0,0.0,5235,1870,76271,0.01
6,78147,0,0.0,5236,1871,76276,0.01
44,78191,0,0.0,5237,1872,76319,0.01
15,78206,0,0.0,5238,1872,76334,0.01
15,78221,0,0.0,5239,1872,76349,0.01
15,78236,0,0.0,5240,1872,76364,0.01
15,78251,0,0.0,5241,1872,76379,0.01
15,78266,0,0.0,5242,1872,76394,0.01
15,78281,0,0.0,5243,1873,76408,0.01
15,78296,0,0.0,5244,1873,76423,0.01
14,78310,0,0.0,5245,1874,76436,0.01
9,78319,0,0.0,5246,1875,76444,0.01
15,78334,0,0.0,5247,1875,76459,0.01
15,78349,0,0.0,5248,1875,76474,0.01
15,78364,0,0.0,5249,1875,76489,0.01
15,78379,0,0.0,5250,1875,76504,0.01
15,78394,0,0.0,5251,1875,76519,0.01
14,78408,0,0.0,5252,1876,76532,0.01
15,78423,0,0.0,5253,1876,76547,0.01
15,78438,0,0.0,5254,1876,76562,0.01
44,78482,0,0.0,5255,1877,76605,0.01
15,78497,0,0.0,5256,1877,76620,0.01
15,78512,0,0.0,5257,1877,76635,0.01
15,78527,0,0.0,5258,1877,76650,0.01
15,78542,0,0.0,5259,1877,76665,0.01
15,78557,0,0.0,5260,1877,76680,0.01
15,78572,0,0.0,5261,1877,76695,0.01
15,78587,0,0.0,5262,1877,76710,0.01
15,78602,0,0.0,5263,1877,76725,0.01
15,78617,0,0.0,5264,1877,76740,0.01
15,78632,0,0.0,5265,1877,76755,0.01
15,78647,0,0.0,5266,1877,76770,0.01
15,78662,0,0.0,5267,1877,76785,0.01
15,78677,0,0.0,5268,1877,76800,0.01
15,78692,0,0.0,5269,1877,76815,0.01
15,78707,0,0.0,5270,1877,76830,0.01
6,78713,0,0.0,5271,1878,76835,0.01
15,78728,0,0.0,5272,1878,76850,0.01
15,78743,0,0.0,5273,1878,76865,0.01
15,78758,0,0.0,5274,1878,76880,0.01
15,78773,0,0.0,5275,1878,76895,0.01
15,78788,0,0.0,5276,1878,76910,0.01
15,78803,0,0.0,5277,1878,76925,0.01
15,78818,0,0.0,5278,1878,76940,0.01
10,78828,0,0.0,5279,1879,76949,0.01
15,78843,0,0.0,5280,1879,76964,0.01
15,78858,0,0.0,5281,1879,76979,0.01
15,78873,0,0.0,5282,1879,76994,0.01
15,78888,0,0.0,5283,1879,77009,0.01
15,78903,0,0.0,5284,1879,77024,0.01
14,78917,0,0.0,5285,1880,77037,0.01
15,78932,0,0.0,5286,1880,77052,0.01
15,78947,0,0.0,5287,1880,77067,0.01
15,78962,0,0.0,5288,1880,77082,0.01
15,78977,0,0.0,5289,1880,77097,0.01
15,78992,0,0.0,5290,1880,77112,0.01
15,79007,0,0.0,5291,1880,77127,0.01
15,79022,0,0.0,5292,1880,77142,0.01
15,79037,0,0.0,5293,1880,77157,0.01
15,79052,0,0.0,5294,1880,77172,0.01
15,79067,0,0.0,5295,1880,77187,0.01
15,79082,0,0.0,5296,1880,77202,0.01
15,79097,0,0.0,5297,1880,77217,0.01
15,79112,0,0.0,5298,1880,77232,0.01
15,79127,0,0.0,5299,1881,77246,0.01
15,79142,0,0.0,5300,1881,77261,0.01
15,79157,0,0.0,5301,1881,77276,0.01
15,79172,0,0.0,5302,1881,77291,0.01
15,79187,0,0.0,5303,1881,77306,0.01
15,79202,0,0.0,5304,1881,77321,0.01
15,79217,0,0.0,5305,1881,77336,0.01
15,79232,0,0.0,5306,1881,77351,0.01
15,79247,0,0.0,5307,1881,77366,0.01
15,79262,0,0.0,5308,1881,77381,0.01
15,79277,0,0.0,5309,1882,77395,0.01
15,79292,0,0.0,5310,1882,77410,0.01
15,79307,0,0.0,5311,1882,77425,0.01
15,79322,0,0.0,5312,1882,77440,0.01
15,79337,0,0.0,5313,1882,77455,0.01
15,79352,0,0.0,5314,1882,77470,0.01
15,79367,0,0.0,5315,1882,77485,0.01
15,79382,0,0.0,5316,1882,77500,0.01
15,79397,0,0.0,5317,1882,77515,0.01
15,79412,0,0.0,5318,1882,77530,0.01
15,79427,0,0.0,5319,1882,77545,0.01
15,79442,0,0.0,5320,1882,77560,0.01
15,79457,0,0.0,5321,1882,77575,0.01
15,79472,0,0.0,5322,1882,77590,0.01
15,79487,0,0.0,5323,1882,77605,0.01
15,79502,0,0.0,5324,1882,77620,0.01
15,79517,0,0.0,5325,1882,77635,0.01
15,79532,0,0.0,5326,1882,77650,0.01
15,79547,0,0.0,5327,1882,77665,0.01
15,79562,0,0.0,5328,1882,77680,0.01
15,79577,0,0.0,5329,1882,77695,0.01
15,79592,0,0.0,5330,1882,77710,0.01
6,79598,0,0.0,5331,1883,77715,0.01
15,79613,0,0.0,5332,1884,77729,0.01
15,79628,0,0.0,5333,1884,77744,0.01
15,79643,0,0.0,5334,1884,77759,0.01
15,79658,0,0.0,5335,1884,77774,0.01
44,79702,0,0.0,5336,1885,77817,0.01
15,79717,0,0.0,5337,1885,77832,0.01
15,79732,0,0.0,5338,1885,77847,0.01
15,79747,0,0.0,5339,1885,77862,0.01
15,79762,0,0.0,5340,1885,77877,0.01
15,79777,0,0.0,5341,1885,77892,0.01
15,79792,0,0.0,5342,1885,77907,0.01
15,79807,0,0.0,5343,1885,77922,0.01
15,79822,0,0.0,5344,1885,77937,0.01
15,79837,0,0.0,5345,1885,77952,0.01
17,79854,0,0.0,5346,1887,77967,0.01
15,79869,0,0.0,5347,1887,77982,0.01
15,79884,0,0.0,5348,1887,77997,0.01
15,79899,0,0.0,5349,1887,78012,0.01
15,79914,0,0.0,5350,1887,78027,0.01
15,79929,0,0.0,5351,1887,78042,0.01
15,79944,0,0.0,5352,1887,78057,0.01
15,79959,0,0.0,5353,1887,78072,0.01
15,79974,0,0.0,5354,1887,78087,0.01
15,79989,0,0.0,5355,1887,78102,0.01
15,80004,0,0.0,5356,1887,78117,0.01
15,80019,0,0.0,5357,1887,78132,0.01
15,80034,0,0.0,5358,1887,78147,0.01
15,80049,0,0.0,5359,1887,78162,0.01
15,80064,0,0.0,5360,1887,78177,0.01
15,80079,0,0.0,5361,1887,78192,0.01
15,80094,0,0.0,5362,1887,78207,0.01
15,80109,0,0.0,5363,1887,78222,0.01
15,80124,0,0.0,5364,1888,78236,0.01
15,80139,0,0.0,5365,1888,78251,0.01
15,80154,0,0.0,5366,1888,78266,0.01
44,80198,0,0.0,5367,1889,78309,0.01
11,80209,0,0.0,5368,1890,78319,0.01
15,80224,0,0.0,5369,1890,78334,0.01
15,80239,0,0.0,5370,1890,78349,0.01
6,80245,0,0.0,5371,1892,78353,0.01
15,80260,0,0.0,5372,1892,78368,0.01
13,80273,0,0.0,5373,1893,78380,0.01
15,80288,0,0.0,5374,1893,78395,0.01
15,80303,0,0.0,5375,1893,78410,0.01
15,80318,0,0.0,5376,1893,78425,0.01
44,80362,0,0.0,5377,1894,78468,0.01
15,80377,0,0.0,5378,1894,78483,0.01
15,80392,0,0.0,5379,1894,78498,0.01
15,80407,0,0.0,5380,1894,78513,0.01
15,80422,0,0.0,5381,1894,78528,0.01
15,80437,0,0.0,5382,1894,78543,0.01
15,80452,0,0.0,5383,1894,78558,0.01
15,80467,0,0.0,5384,1894,78573,0.01
15,80482,0,0.0,5385,1894,78588,0.01
15,80497,0,0.0,5386,1894,78603,0.01
15,80512,0,0.0,5387,1894,78618,0.01
15,80527,0,0.0,5388,1894,78633,0.01
15,80542,0,0.0,5389,1894,78648,0.01
15,80557,0,0.0,5390,1894,78663,0.01
15,80572,0,0.0,5391,1894,78678,0.01
15,80587,0,0.0,5392,1894,78693,0.01
15,80602,0,0.0,5393,1894,78708,0.01
15,80617,0,0.0,5394,1894,78723,0.01
15,80632,0,0.0,5395,1894,78738,0.01
15,80647,0,0.0,5396,1894,78753,0.01
15,80662,0,0.0,5397,1894,78768,0.01
15,80677,0,0.0,5398,1894,78783,0.01
15,80692,0,0.0,5399,1894,78798,0.01
15,80707,0,0.0,5400,1895,78812,0.01
15,80722,0,0.0,5401,1895,78827,0.01
15,80737,0,0.0,5402,1895,78842,0.01
15,80752,0,0.0,5403,1895,78857,0.01
15,80767,0,0.0,5404,1895,78872,0.01
15,80782,0,0.0,5405,1896,78886,0.01
15,80797,0,0.0,5406,1896,78901,0.01
15,80812,0,0.0,5407,1896,78916,0.01
15,80827,0,0.0,5408,1896,78931,0.01
15,80842,0,0.0,5409,1897,78945,0.01
15,80857,0,0.0,5410,1897,78960,0.01
15,80872,0,0.0,5411,1897,78975,0.01
15,80887,0,0.0,5412,1897,78990,0.01
15,80902,0,0.0,5413,1897,79005,0.01
15,80917,0,0.0,5414,1897,79020,0.01
15,80932,0,0.0,5415,1897,79035,0.01
15,80947,0,0.0,5416,1897,79050,0.01
15,80962,0,0.0,5417,1897,79065,0.01
4,80966,0,0.0,5418,1898,79068,0.01
15,80981,0,0.0,5419,1898,79083,0.01
15,80996,0,0.0,5420,1899,79097,0.01
15,81011,0,0.0,5421,1899,79112,0.01
15,81026,0,0.0,5422,1899,79127,0.01
15,81041,0,0.0,5423,1899,79142,0.01
15,81056,0,0.0,5424,1899,79157,0.01
15,81071,0,0.0,5425,1901,79170,0.01
15,81086,0,0.0,5426,1902,79184,0.01
15,81101,0,0.0,5427,1902,79199,0.01
44,81145,0,0.0,5428,1903,79242,0.01
15,81160,0,0.0,5429,1903,79257,0.01
15,81175,0,0.0,5430,1903,79272,0.01
15,81190,0,0.0,5431,1904,79286,0.01
15,81205,0,0.0,5432,1904,79301,0.01
15,81220,0,0.0,5433,1904,79316,0.01
15,81235,0,0.0,5434,1904,79331,0.01
14,81249,0,0.0,5435,1905,79344,0.01
15,81264,0,0.0,5436,1905,79359,0.01
15,81279,0,0.0,5437,1905,79374,0.01
15,81294,0,0.0,5438,1905,79389,0.01
15,81309,0,0.0,5439,1905,79404,0.01
15,81324,0,0.0,5440,1905,79419,0.01
44,81368,0,0.0,5441,1906,79462,0.01
15,81383,0,0.0,5442,1906,79477,0.01
15,81398,0,0.0,5443,1907,79491,0.01
15,81413,0,0.0,5444,1907,79506,0.01
15,81428,0,0.0,5445,1907,79521,0.01
15,81443,0,0.0,5446,1907,79536,0.01
15,81458,0,0.0,5447,1907,79551,0.01
5,81463,0,0.0,5448,1908,79555,0.01
15,81478,0,0.0,5449,1908,79570,0.01
15,81493,0,0.0,5450,1908,79585,0.01
15,81508,0,0.0,5451,1908,79600,0.01
15,81523,0,0.0,5452,1908,79615,0.01
15,81538,0,0.0,5453,1908,79630,0.01
15,81553,0,0.0,5454,1908,79645,0.01
15,81568,0,0.0,5455,1908,79660,0.01
15,81583,0,0.0,5456,1908,79675,0.01
15,81598,0,0.0,5457,1908,79690,0.01
15,81613,0,0.0,5458,1908,79705,0.01
15,81628,0,0.0,5459,1909,79719,0.01
15,81643,0,0.0,5460,1909,79734,0.01
15,81658,0,0.0,5461,1909,79749,0.01
15,81673,0,0.0,5462,1909,79764,0.01
15,81688,0,0.0,5463,1909,79779,0.01
15,81703,0,0.0,5464,1909,79794,0.01
15,81718,0,0.0,5465,1909,79809,0.01
4,81722,0,0.0,5466,1910,79812,0.01
15,81737,0,0.0,5467,1910,79827,0.01
15,81752,0,0.0,5468,1910,79842,0.01
15,81767,0,0.0,5469,1910,79857,0.01
15,81782,0,0.0,5470,1910,79872,0.01
6,81788,0,0.0,5471,1911,79877,0.01
15,81803,0,0.0,5472,1911,79892,0.01
15,81818,0,0.0,5473,1911,79907,0.01
15,81833,0,0.0,5474,1911,79922,0.01
14,81847,0,0.0,5475,1913,79934,0.01
44,81891,0,0.0,5476,1914,79977,0.01
15,81906,0,0.0,5477,1914,79992,0.01
15,81921,0,0.0,5478,1914,80007,0.01
15,81936,0,0.0,5479,1915,80021,0.01
15,81951,0,0.0,5480,1915,80036,0.01
15,81966,0,0.0,5481,1915,80051,0.01
15,81981,0,0.0,5482,1915,80066,0.01
15,81996,0,0.0,5483,1915,80081,0.01
15,82011,0,0.0,5484,1915,80096,0.01
15,82026,0,0.0,5485,1915,80111,0.01
15,82041,0,0.0,5486,1915,80126,0.01
15,82056,0,0.0,5487,1915,80141,0.01
15,82071,0,0.0,5488,1915,80156,0.01
15,82086,0,0.0,5489,1916,80170,0.01
15,82101,0,0.0,5490,1916,80185,0.01
15,82116,0,0.0,5491,1916,80200,0.01
15,82131,0,0.0,5492,1916,80215,0.01
15,82146,0,0.0,5493,1916,80230,0.01
15,82161,0,0.0,5494,1917,80244,0.01
15,82176,0,0.0,5495,1917,80259,0.01
15,82191,0,0.0,5496,1917,80274,0.01
44,82235,0,0.0,5497,1918,80317,0.01
13,82248,0,0.0,5498,1919,80329,0.01
15,82263,0,0.0,5499,1919,80344,0.01
15,82278,0,0.0,5500,1919,80359,0.01
15,82293,0,0.0,5501,1919,80374,0.01
14,82307,0,0.0,5502,1920,80387,0.01
15,82322,0,0.0,5503,1920,80402,0.01
15,82337,0,0.0,5504,1920,80417,0.01
15,82352,0,0.0,5505,1920,80432,0.01
15,82367,0,0.0,5506,1920,80447,0.01
15,82382,0,0.0,5507,1920,80462,0.01
15,82397,0,0.0,5508,1920,80477,0.01
7,82404,0,0.0,5509,1921,80483,0.01
15,82419,0,0.0,5510,1921,80498,0.01
15,82434,0,0.0,5511,1921,80513,0.01
15,82449,0,0.0,5512,1921,80528,0.01
15,82464,0,0.0,5513,1921,80543,0.01
15,82479,0,0.0,5514,1921,80558,0.01
15,82494,0,0.0,5515,1921,80573,0.01
15,82509,0,0.0,5516,1921,80588,0.01
15,82524,0,0.0,5517,1921,80603,0.01
15,82539,0,0.0,5518,1922,80617,0.01
13,82552,0,0.0,5519,1923,80629,0.01
15,82567,0,0.0,5520,1923,80644,0.01
15,82582,0,0.0,5521,1924,80658,0.01
15,82597,0,0.0,5522,1924,80673,0.01
15,82612,0,0.0,5523,1924,80688,0.01
15,82627,0,0.0,5524,1924,80703,0.01
15,82642,0,0.0,5525,1924,80718,0.01
15,82657,0,0.0,5526,1924,80733,0.01
15,82672,0,0.0,5527,1924,80748,0.01
36,82708,0,0.0,5528,1926,80782,0.01
15,82723,0,0.0,5529,1926,80797,0.01
15,82738,0,0.0,5530,1926,80812,0.01
15,82753,0,0.0,5531,1926,80827,0.01
15,82768,0,0.0,5532,1927,80841,0.01
15,82783,0,0.0,5533,1927,80856,0.01
15,82798,0,0.0,5534,1927,80871,0.01
15,82813,0,0.0,5535,1927,80886,0.01
15,82828,0,0.0,5536,1927,80901,0.01
15,82843,0,0.0,5537,1927,80916,0.01
15,82858,0,0.0,5538,1927,80931,0.01
15,82873,0,0.0,5539,1927,80946,0.01
15,82888,0,0.0,5540,1927,80961,0.01
15,82903,0,0.0,5541,1927,80976,0.01
15,82918,0,0.0,5542,1927,80991,0.01
15,82933,0,0.0,5543,1928,81005,0.01
15,82948,0,0.0,5544,1928,81020,0.01
15,82963,0,0.0,5545,1928,81035,0.01
15,82978,0,0.0,5546,1928,81050,0.01
44,83022,0,0.0,5547,1929,81093,0.01
6,83028,0,0.0,5548,1930,81098,0.01
13,83041,0,0.0,5549,1931,81110,0.01
15,83056,0,0.0,5550,1931,81125,0.01
15,83071,0,0.0,5551,1931,81140,0.01
15,83086,0,0.0,5552,1931,81155,0.01
15,83101,0,0.0,5553,1931,81170,0.01
15,83116,0,0.0,5554,1931,81185,0.01
15,83131,0,0.0,5555,1931,81200,0.01
15,83146,0,0.0,5556,1931,81215,0.01
15,83161,0,0.0,5557,1931,81230,0.01
15,83176,0,0.0,5558,1931,81245,0.01
15,83191,0,0.0,5559,1931,81260,0.01
15,83206,0,0.0,5560,1931,81275,0.01
15,83221,0,0.0,5561,1931,81290,0.01
14,83235,0,0.0,5562,1932,81303,0.01
15,83250,0,0.0,5563,1932,81318,0.01
15,83265,0,0.0,5564,1932,81333,0.01
15,83280,0,0.0,5565,1932,81348,0.01
15,83295,0,0.0,5566,1932,81363,0.01
15,83310,0,0.0,5567,1932,81378,0.01
15,83325,0,0.0,5568,1932,81393,0.01
15,83340,0,0.0,5569,1932,81408,0.01
15,83355,0,0.0,5570,1932,81423,0.01
15,83370,0,0.0,5571,1932,81438,0.01
15,83385,0,0.0,5572,1932,81453,0.01
10,83395,0,0.0,5573,1933,81462,0.01
15,83410,0,0.0,5574,1933,81477,0.01
15,83425,0,0.0,5575,1933,81492,0.01
15,83440,0,0.0,5576,1933,81507,0.01
15,83455,0,0.0,5577,1933,81522,0.01
15,83470,0,0.0,5578,1933,81537,0.01
15,83485,0,0.0,5579,1933,81552,0.01
15,83500,0,0.0,5580,1934,81566,0.01
15,83515,0,0.0,5581,1934,81581,0.01
15,83530,0,0.0,5582,1934,81596,0.01
15,83545,0,0.0,5583,1934,81611,0.01
15,83560,0,0.0,5584,1934,81626,0.01
15,83575,0,0.0,5585,1934,81641,0.01
15,83590,0,0.0,5586,1934,81656,0.01
47,83637,0,0.0,5587,1936,81701,0.01
15,83652,0,0.0,5588,1936,81716,0.01
15,83667,0,0.0,5589,1938,81729,0.01
15,83682,0,0.0,5590,1938,81744,0.01
15,83697,0,0.0,5591,1938,81759,0.01
15,83712,0,0.0,5592,1938,81774,0.01
15,83727,0,0.0,5593,1938,81789,0.01
15,83742,0,0.0,5594,1938,81804,0.01
15,83757,0,0.0,5595,1938,81819,0.01
15,83772,0,0.0,5596,1938,81834,0.01
15,83787,0,0.0,5597,1938,81849,0.01
15,83802,0,0.0,5598,1938,81864,0.01
15,83817,0,0.0,5599,1938,81879,0.01
15,83832,0,0.0,5600,1938,81894,0.01
15,83847,0,0.0,5601,1938,81909,0.01
14,83861,0,0.0,5602,1940,81921,0.01
15,83876,0,0.0,5603,1940,81936,0.01
15,83891,0,0.0,5604,1940,81951,0.01
15,83906,0,0.0,5605,1940,81966,0.01
44,83950,0,0.0,5606,1941,82009,0.01
15,83965,0,0.0,5607,1941,82024,0.01
15,83980,0,0.0,5608,1941,82039,0.01
6,83986,0,0.0,5609,1942,82044,0.01
15,84001,0,0.0,5610,1943,82058,0.01
15,84016,0,0.0,5611,1943,82073,0.01
15,84031,0,0.0,5612,1943,82088,0.01
15,84046,0,0.0,5613,1943,82103,0.01
15,84061,0,0.0,5614,1943,82118,0.01
15,84076,0,0.0,5615,1943,82133,0.01
15,84091,0,0.0,5616,1943,82148,0.01
15,84106,0,0.0,5617,1943,82163,0.01
15,84121,0,0.0,5618,1943,82178,0.01
15,84136,0,0.0,5619,1943,82193,0.01
15,84151,0,0.0,5620,1943,82208,0.01
15,84166,0,0.0,5621,1943,82223,0.01
15,84181,0,0.0,5622,1944,82237,0.01
15,84196,0,0.0,5623,1944,82252,0.01
15,84211,0,0.0,5624,1945,82266,0.01
15,84226,0,0.0,5625,1945,82281,0.01
15,84241,0,0.0,5626,1945,82296,0.01
15,84256,0,0.0,5627,1945,82311,0.01
15,84271,0,0.0,5628,1945,82326,0.01
15,84286,0,0.0,5629,1945,82341,0.01
15,84301,0,0.0,5630,1945,82356,0.01
15,84316,0,0.0,5631,1945,82371,0.01
15,84331,0,0.0,5632,1946,82385,0.01
15,84346,0,0.0,5633,1946,82400,0.01
15,84361,0,0.0,5634,1946,82415,0.01
15,84376,0,0.0,5635,1946,82430,0.01
15,84391,0,0.0,5636,1946,82445,0.01
15,84406,0,0.0,5637,1946,82460,0.01
15,84421,0,0.0,5638,1946,82475,0.01
15,84436,0,0.0,5639,1946,82490,0.01
5,84441,0,0.0,5640,1947,82494,0.01
15,84456,0,0.0,5641,1947,82509,0.01
15,84471,0,0.0,5642,1947,82524,0.01
15,84486,0,0.0,5643,1947,82539,0.01
15,84501,0,0.0,5644,1947,82554,0.01
15,84516,0,0.0,5645,1947,82569,0.01
15,84531,0,0.0,5646,1947,82584,0.01
15,84546,0,0.0,5647,1947,82599,0.01
15,84561,0,0.0,5648,1947,82614,0.01
15,84576,0,0.0,5649,1947,82629,0.01
15,84591,0,0.0,5650,1947,82644,0.01
15,84606,0,0.0,5651,1948,82658,0.01
15,84621,0,0.0,5652,1948,82673,0.01
15,84636,0,0.0,5653,1948,82688,0.01
15,84651,0,0.0,5654,1948,82703,0.01
15,84666,0,0.0,5655,1948,82718,0.01
15,84681,0,0.0,5656,1948,82733,0.01
15,84696,0,0.0,5657,1948,82748,0.01
15,84711,0,0.0,5658,1948,82763,0.01
15,84726,0,0.0,5659,1948,82778,0.01
15,84741,0,0.0,5660,1948,82793,0.01
4,84745,0,0.0,5661,1949,82796,0.01
15,84760,0,0.0,5662,1949,82811,0.01
15,84775,0,0.0,5663,1949,82826,0.01
15,84790,0,0.0,5664,1949,82841,0.01
15,84805,0,0.0,5665,1949,82856,0.01
15,84820,0,0.0,5666,1949,82871,0.01
15,84835,0,0.0,5667,1949,82886,0.01
15,84850,0,0.0,5668,1949,82901,0.01
44,84894,0,0.0,5669,1950,82944,0.01
15,84909,0,0.0,5670,1950,82959,0.01
15,84924,0,0.0,5671,1951,82973,0.01
15,84939,0,0.0,5672,1951,82988,0.01
15,84954,0,0.0,5673,1951,83003,0.01
15,84969,0,0.0,5674,1951,83018,0.01
15,84984,0,0.0,5675,1951,83033,0.01
15,84999,0,0.0,5676,1951,83048,0.01
15,85014,0,0.0,5677,1951,83063,0.01
15,85029,0,0.0,5678,1951,83078,0.01
15,85044,0,0.0,5679,1951,83093,0.01
15,85059,0,0.0,5680,1951,83108,0.01
15,85074,0,0.0,5681,1951,83123,0.01
15,85089,0,0.0,5682,1951,83138,0.01
15,85104,0,0.0,5683,1951,83153,0.01
15,85119,0,0.0,5684,1951,83168,0.01
16,85135,0,0.0,5685,1952,83183,0.01
15,85150,0,0.0,5686,1952,83198,0.01
15,85165,0,0.0,5687,1952,83213,0.01
15,85180,0,0.0,5688,1952,83228,0.01
15,85195,0,0.0,5689,1952,83243,0.01
15,85210,0,0.0,5690,1953,83257,0.01
15,85225,0,0.0,5691,1953,83272,0.01
15,85240,0,0.0,5692,1953,83287,0.01
15,85255,0,0.0,5693,1953,83302,0.01
15,85270,0,0.0,5694,1953,83317,0.01
15,85285,0,0.0,5695,1953,83332,0.01
15,85300,0,0.0,5696,1953,83347,0.01
15,85315,0,0.0,5697,1953,83362,0.01
15,85330,0,0.0,5698,1954,83376,0.01
15,85345,0,0.0,5699,1954,83391,0.01
15,85360,0,0.0,5700,1954,83406,0.01
15,85375,0,0.0,5701,1954,83421,0.01
15,85390,0,0.0,5702,1954,83436,0.01
15,85405,0,0.0,5703,1954,83451,0.01
15,85420,0,0.0,5704,1954,83466,0.01
15,85435,0,0.0,5705,1954,83481,0.01
15,85450,0,0.0,5706,1954,83496,0.01
15,85465,0,0.0,5707,1954,83511,0.01
7,85472,0,0.0,5708,1955,83517,0.01
15,85487,0,0.0,5709,1955,83532,0.01
15,85502,0,0.0,5710,1955,83547,0.01
15,85517,0,0.0,5711,1955,83562,0.01
15,85532,0,0.0,5712,1956,83576,0.01
15,85547,0,0.0,5713,1956,83591,0.01
15,85562,0,0.0,5714,1957,83605,0.01
15,85577,0,0.0,5715,1957,83620,0.01
15,85592,0,0.0,5716,1957,83635,0.01
15,85607,0,0.0,5717,1957,83650,0.01
6,85613,0,0.0,5718,1959,83654,0.01
15,85628,0,0.0,5719,1959,83669,0.01
15,85643,0,0.0,5720,1959,83684,0.01
15,85658,0,0.0,5721,1959,83699,0.01
15,85673,0,0.0,5722,1959,83714,0.01
15,85688,0,0.0,5723,1959,83729,0.01
15,85703,0,0.0,5724,1959,83744,0.01
4,85707,0,0.0,5725,1960,83747,0.01
15,85722,0,0.0,5726,1960,83762,0.01
15,85737,0,0.0,5727,1960,83777,0.01
15,85752,0,0.0,5728,1960,83792,0.01
15,85767,0,0.0,5729,1960,83807,0.01
15,85782,0,0.0,5730,1960,83822,0.01
15,85797,0,0.0,5731,1960,83837,0.01
12,85809,0,0.0,5732,1961,83848,0.01
15,85824,0,0.0,5733,1961,83863,0.01
15,85839,0,0.0,5734,1961,83878,0.01
15,85854,0,0.0,5735,1961,83893,0.01
15,85869,0,0.0,5736,1961,83908,0.01
15,85884,0,0.0,5737,1961,83923,0.01
15,85899,0,0.0,5738,1961,83938,0.01
15,85914,0,0.0,5739,1961,83953,0.01
15,85929,0,0.0,5740,1961,83968,0.01
15,85944,0,0.0,5741,1962,83982,0.01
15,85959,0,0.0,5742,1962,83997,0.01
12,85971,0,0.0,5743,1963,84008,0.01
15,85986,0,0.0,5744,1963,84023,0.01
15,86001,0,0.0,5745,1963,84038,0.01
15,86016,0,0.0,5746,1963,84053,0.01
15,86031,0,0.0,5747,1963,84068,0.01
15,86046,0,0.0,5748,1963,84083,0.01
15,86061,0,0.0,5749,1963,84098,0.01
15,86076,0,0.0,5750,1963,84113,0.01
15,86091,0,0.0,5751,1963,84128,0.01
15,86106,0,0.0,5752,1963,84143,0.01
15,86121,0,0.0,5753,1963,84158,0.01
15,86136,0,0.0,5754,1963,84173,0.01
15,86151,0,0.0,5755,1963,84188,0.01
15,86166,0,0.0,5756,1963,84203,0.01
15,86181,0,0.0,5757,1963,84218,0.01
10,86191,0,0.0,5758,1964,84227,0.01
15,86206,0,0.0,5759,1964,84242,0.01
8,86214,0,0.0,5760,1965,84249,0.01
15,86229,0,0.0,5761,1965,84264,0.01
15,86244,0,0.0,5762,1965,84279,0.01
6,86250,0,0.0,5763,1966,84284,0.01
15,86265,0,0.0,5764,1966,84299,0.01
15,86280,0,0.0,5765,1966,84314,0.01
15,86295,0,0.0,5766,1966,84329,0.01
15,86310,0,0.0,5767,1966,84344,0.01
15,86325,0,0.0,5768,1966,84359,0.01
15,86340,0,0.0,5769,1966,84374,0.01
15,86355,0,0.0,5770,1967,84388,0.01
15,86370,0,0.0,5771,1967,84403,0.01
15,86385,0,0.0,5772,1967,84418,0.01
15,86400,0,0.0,5773,1967,84433,0.01
15,86415,0,0.0,5774,1967,84448,0.01
15,86430,0,0.0,5775,1967,84463,0.01
15,86445,0,0.0,5776,1967,84478,0.01
15,86460,0,0.0,5777,1967,84493,0.01
15,86475,0,0.0,5778,1967,84508,0.01
15,86490,0,0.0,5779,1967,84523,0.01
15,86505,0,0.0,5780,1967,84538,0.01
6,86511,0,0.0,5781,1968,84543,0.01
14,86525,0,0.0,5782,1969,84556,0.01
15,86540,0,0.0,5783,1969,84571,0.01
15,86555,0,0.0,5784,1969,84586,0.01
15,86570,0,0.0,5785,1969,84601,0.01
15,86585,0,0.0,5786,1969,84616,0.01
15,86600,0,0.0,5787,1969,84631,0.01
15,86615,0,0.0,5788,1969,84646,0.01
15,86630,0,0.0,5789,1970,84660,0.01
45,86675,0,0.0,5790,1972,84703,0.01
15,86690,0,0.0,5791,1972,84718,0.01
15,86705,0,0.0,5792,1972,84733,0.01
15,86720,0,0.0,5793,1972,84748,0.01
15,86735,0,0.0,5794,1972,84763,0.01
15,86750,0,0.0,5795,1972,84778,0.01
15,86765,0,0.0,5796,1973,84792,0.01
15,86780,0,0.0,5797,1974,84806,0.01
15,86795,0,0.0,5798,1974,84821,0.01
15,86810,0,0.0,5799,1974,84836,0.01
15,86825,0,0.0,5800,1975,84850,0.01
15,86840,0,0.0,5801,1976,84864,0.01
15,86855,0,0.0,5802,1976,84879,0.01
15,86870,0,0.0,5803,1976,84894,0.01
15,86885,0,0.0,5804,1976,84909,0.01
15,86900,0,0.0,5805,1976,84924,0.01
15,86915,0,0.0,5806,1976,84939,0.01
5,86920,0,0.0,5807,1977,84943,0.01
15,86935,0,0.0,5808,1977,84958,0.01
15,86950,0,0.0,5809,1977,84973,0.01
15,86965,0,0.0,5810,1977,84988,0.01
15,86980,0,0.0,5811,1977,85003,0.01
15,86995,0,0.0,5812,1978,85017,0.01
15,87010,0,0.0,5813,1980,85030,0.01
15,87025,0,0.0,5814,1980,85045,0.01
15,87040,0,0.0,5815,1980,85060,0.01
15,87055,0,0.0,5816,1980,85075,0.01
15,87070,0,0.0,5817,1980,85090,0.01
15,87085,0,0.0,5818,1980,85105,0.01
15,87100,0,0.0,5819,1980,85120,0.01
15,87115,0,0.0,5820,1980,85135,0.01
15,87130,0,0.0,5821,1980,85150,0.01
15,87145,0,0.0,5822,1980,85165,0.01
15,87160,0,0.0,5823,1980,85180,0.01
15,87175,0,0.0,5824,1980,85195,0.01
15,87190,0,0.0,5825,1980,85210,0.01
15,87205,0,0.0,5826,1980,85225,0.01
15,87220,0,0.0,5827,1980,85240,0.01
15,87235,0,0.0,5828,1980,85255,0.01
15,87250,0,0.0,5829,1980,85270,0.01
15,87265,0,0.0,5830,1980,85285,0.01
15,87280,0,0.0,5831,1980,85300,0.01
15,87295,0,0.0,5832,1980,85315,0.01
15,87310,0,0.0,5833,1980,85330,0.01
15,87325,0,0.0,5834,1980,85345,0.01
10,87335,0,0.0,5835,1981,85354,0.01
15,87350,0,0.0,5836,1981,85369,0.01
15,87365,0,0.0,5837,1981,85384,0.01
15,87380,0,0.0,5838,1981,85399,0.01
15,87395,0,0.0,5839,1981,85414,0.01
15,87410,0,0.0,5840,1981,85429,0.01
15,87425,0,0.0,5841,1981,85444,0.01
15,87440,0,0.0,5842,1981,85459,0.01
15,87455,0,0.0,5843,1981,85474,0.01
15,87470,0,0.0,5844,1981,85489,0.01
15,87485,0,0.0,5845,1981,85504,0.01
15,87500,0,0.0,5846,1981,85519,0.01
15,87515,0,0.0,5847,1981,85534,0.01
15,87530,0,0.0,5848,1981,85549,0.01
15,87545,0,0.0,5849,1981,85564,0.01
15,87560,0,0.0,5850,1981,85579,0.01
15,87575,0,0.0,5851,1981,85594,0.01
15,87590,0,0.0,5852,1981,85609,0.01
15,87605,0,0.0,5853,1981,85624,0.01
15,87620,0,0.0,5854,1981,85639,0.01
15,87635,0,0.0,5855,1981,85654,0.01
15,87650,0,0.0,5856,1981,85669,0.01
15,87665,0,0.0,5857,1981,85684,0.01
15,87680,0,0.0,5858,1981,85699,0.01
15,87695,0,0.0,5859,1982,85713,0.01
15,87710,0,0.0,5860,1982,85728,0.01
15,87725,0,0.0,5861,1982,85743,0.01
15,87740,0,0.0,5862,1982,85758,0.01
15,87755,0,0.0,5863,1982,85773,0.01
15,87770,0,0.0,5864,1982,85788,0.01
15,87785,0,0.0,5865,1982,85803,0.01
15,87800,0,0.0,5866,1982,85818,0.01
15,87815,0,0.0,5867,1982,85833,0.01
15,87830,0,0.0,5868,1982,85848,0.01
15,87845,0,0.0,5869,1982,85863,0.01
15,87860,0,0.0,5870,1982,85878,0.01
15,87875,0,0.0,5871,1982,85893,0.01
15,87890,0,0.0,5872,1982,85908,0.01
15,87905,0,0.0,5873,1982,85923,0.01
15,87920,0,0.0,5874,1982,85938,0.01
15,87935,0,0.0,5875,1982,85953,0.01
15,87950,0,0.0,5876,1982,85968,0.01
15,87965,0,0.0,5877,1982,85983,0.01
15,87980,0,0.0,5878,1982,85998,0.01
15,87995,0,0.0,5879,1982,86013,0.01
15,88010,0,0.0,5880,1982,86028,0.01
15,88025,0,0.0,5881,1982,86043,0.01
15,88040,0,0.0,5882,1982,86058,0.01
15,88055,0,0.0,5883,1982,86073,0.01
15,88070,0,0.0,5884,1982,86088,0.01
15,88085,0,0.0,5885,1982,86103,0.01
15,88100,0,0.0,5886,1982,86118,0.01
15,88115,0,0.0,5887,1982,86133,0.01
15,88130,0,0.0,5888,1982,86148,0.01
44,88174,0,0.0,5889,1983,86191,0.01
13,88187,0,0.0,5890,1984,86203,0.01
15,88202,0,0.0,5891,1985,86217,0.01
15,88217,0,0.0,5892,1985,86232,0.01
15,88232,0,0.0,5893,1985,86247,0.01
15,88247,0,0.0,5894,1986,86261,0.01
15,88262,0,0.0,5895,1986,86276,0.01
15,88277,0,0.0,5896,1987,86290,0.01
15,88292,0,0.0,5897,1987,86305,0.01
15,88307,0,0.0,5898,1987,86320,0.01
15,88322,0,0.0,5899,1987,86335,0.01
15,88337,0,0.0,5900,1987,86350,0.01
15,88352,0,0.0,5901,1987,86365,0.01
15,88367,0,0.0,5902,1987,86380,0.01
15,88382,0,0.0,5903,1987,86395,0.01
5,88387,0,0.0,5904,1988,86399,0.01
15,88402,0,0.0,5905,1988,86414,0.01
15,88417,0,0.0,5906,1988,86429,0.01
15,88432,0,0.0,5907,1988,86444,0.01
15,88447,0,0.0,5908,1988,86459,0.01
15,88462,0,0.0,5909,1989,86473,0.01
15,88477,0,0.0,5910,1989,86488,0.01
15,88492,0,0.0,5911,1989,86503,0.01
15,88507,0,0.0,5912,1989,86518,0.01
15,88522,0,0.0,5913,1989,86533,0.01
15,88537,0,0.0,5914,1989,86548,0.01
15,88552,0,0.0,5915,1989,86563,0.01
15,88567,0,0.0,5916,1989,86578,0.01
15,88582,0,0.0,5917,1989,86593,0.01
15,88597,0,0.0,5918,1989,86608,0.01
14,88611,0,0.0,5919,1990,86621,0.01
15,88626,0,0.0,5920,1990,86636,0.01
15,88641,0,0.0,5921,1990,86651,0.01
15,88656,0,0.0,5922,1990,86666,0.01
15,88671,0,0.0,5923,1991,86680,0.01
15,88686,0,0.0,5924,1991,86695,0.01
15,88701,0,0.0,5925,1991,86710,0.01
15,88716,0,0.0,5926,1991,86725,0.01
15,88731,0,0.0,5927,1991,86740,0.01
15,88746,0,0.0,5928,1991,86755,0.01
15,88761,0,0.0,5929,1991,86770,0.01
15,88776,0,0.0,5930,1991,86785,0.01
15,88791,0,0.0,5931,1991,86800,0.01
15,88806,0,0.0,5932,1991,86815,0.01
15,88821,0,0.0,5933,1991,86830,0.01
15,88836,0,0.0,5934,1991,86845,0.01
15,88851,0,0.0,5935,1991,86860,0.01
15,88866,0,0.0,5936,1991,86875,0.01
15,88881,0,0.0,5937,1991,86890,0.01
15,88896,0,0.0,5938,1991,86905,0.01
15,88911,0,0.0,5939,1991,86920,0.01
6,88917,0,0.0,5940,1992,86925,0.01
15,88932,0,0.0,5941,1992,86940,0.01
15,88947,0,0.0,5942,1992,86955,0.01
14,88961,0,0.0,5943,1993,86968,0.01
15,88976,0,0.0,5944,1993,86983,0.01
15,88991,0,0.0,5945,1993,86998,0.01
15,89006,0,0.0,5946,1993,87013,0.01
15,89021,0,0.0,5947,1993,87028,0.01
15,89036,0,0.0,5948,1993,87043,0.01
15,89051,0,0.0,5949,1993,87058,0.01
15,89066,0,0.0,5950,1993,87073,0.01
15,89081,0,0.0,5951,1993,87088,0.01
15,89096,0,0.0,5952,1993,87103,0.01
15,89111,0,0.0,5953,1993,87118,0.01
15,89126,0,0.0,5954,1993,87133,0.01
15,89141,0,0.0,5955,1993,87148,0.01
15,89156,0,0.0,5956,1993,87163,0.01
15,89171,0,0.0,5957,1993,87178,0.01
15,89186,0,0.0,5958,1993,87193,0.01
15,89201,0,0.0,5959,1993,87208,0.01
15,89216,0,0.0,5960,1993,87223,0.01
15,89231,0,0.0,5961,1993,87238,0.01
15,89246,0,0.0,5962,1993,87253,0.01
15,89261,0,0.0,5963,1993,87268,0.01
15,89276,0,0.0,5964,1994,87282,0.01
15,89291,0,0.0,5965,1994,87297,0.01
15,89306,0,0.0,5966,1994,87312,0.01
15,89321,0,0.0,5967,1994,87327,0.01
15,89336,0,0.0,5968,1994,87342,0.01
15,89351,0,0.0,5969,1994,87357,0.01
15,89366,0,0.0,5970,1994,87372,0.01
15,89381,0,0.0,5971,1994,87387,0.01
15,89396,0,0.0,5972,1994,87402,0.01
15,89411,0,0.0,5973,1994,87417,0.01
15,89426,0,0.0,5974,1994,87432,0.01
15,89441,0,0.0,5975,1994,87447,0.01
15,89456,0,0.0,5976,1994,87462,0.01
15,89471,0,0.0,5977,1994,87477,0.01
15,89486,0,0.0,5978,1994,87492,0.01
15,89501,0,0.0,5979,1995,87506,0.01
15,89516,0,0.0,5980,1995,87521,0.01
15,89531,0,0.0,5981,1995,87536,0.01
15,89546,0,0.0,5982,1995,87551,0.01
15,89561,0,0.0,5983,1995,87566,0.01
15,89576,0,0.0,5984,1995,87581,0.01
15,89591,0,0.0,5985,1995,87596,0.01
10,89601,0,0.0,5986,1996,87605,0.01
15,89616,0,0.0,5987,1996,87620,0.01
15,89631,0,0.0,5988,1996,87635,0.01
15,89646,0,0.0,5989,1996,87650,0.01
15,89661,0,0.0,5990,1996,87665,0.01
15,89676,0,0.0,5991,1996,87680,0.01
15,89691,0,0.0,5992,1996,87695,0.01
15,89706,0,0.0,5993,1996,87710,0.01
15,89721,0,0.0,5994,1996,87725,0.01
15,89736,0,0.0,5995,1996,87740,0.01
15,89751,0,0.0,5996,1996,87755,0.01
15,89766,0,0.0,5997,1996,87770,0.01
15,89781,0,0.0,5998,1996,87785,0.01
15,89796,0,0.0,5999,1996,87800,0.01
15,89811,0,0.0,6000,1996,87815,0.01
15,89826,0,0.0,6001,1996,87830,0.01
15,89841,0,0.0,6002,1996,87845,0.01
15,89856,0,0.0,6003,1996,87860,0.01
15,89871,0,0.0,6004,1996,87875,0.01
15,89886,0,0.0,6005,1996,87890,0.01
15,89901,0,0.0,6006,1996,87905,0.01
15,89916,0,0.0,6007,1996,87920,0.01
15,89931,0,0.0,6008,1996,87935,0.01
15,89946,0,0.0,6009,1996,87950,0.01
10,89956,0,0.0,6010,1997,87959,0.01
15,89971,0,0.0,6011,1997,87974,0.01
15,89986,0,0.0,6012,1997,87989,0.01
15,90001,0,0.0,6013,1997,88004,0.01
15,90016,0,0.0,6014,1997,88019,0.01
15,90031,0,0.0,6015,1997,88034,0.01
15,90046,0,0.0,6016,1997,88049,0.01
15,90061,0,0.0,6017,1997,88064,0.01
15,90076,0,0.0,6018,1997,88079,0.01
15,90091,0,0.0,6019,1997,88094,0.01
15,90106,0,0.0,6020,1997,88109,0.01
15,90121,0,0.0,6021,1997,88124,0.01
15,90136,0,0.0,6022,1997,88139,0.01
15,90151,0,0.0,6023,1997,88154,0.01
15,90166,0,0.0,6024,1997,88169,0.01
16,90182,0,0.0,6025,1998,88184,0.01
15,90197,0,0.0,6026,1998,88199,0.01
15,90212,0,0.0,6027,1998,88214,0.01
15,90227,0,0.0,6028,1998,88229,0.01
15,90242,0,0.0,6029,1998,88244,0.01
11,90253,0,0.0,6030,1999,88254,0.01
15,90268,0,0.0,6031,1999,88269,0.01
15,90283,0,0.0,6032,2000,88283,0.01
15,90298,0,0.0,6033,2000,88298,0.01
15,90313,0,0.0,6034,2000,88313,0.01
15,90328,0,0.0,6035,2001,88327,0.01
15,90343,0,0.0,6036,2001,88342,0.01
15,90358,0,0.0,6037,2001,88357,0.01
15,90373,0,0.0,6038,2001,88372,0.01
10,90383,0,0.0,6039,2002,88381,0.01
15,90398,0,0.0,6040,2002,88396,0.01
15,90413,0,0.0,6041,2002,88411,0.01
15,90428,0,0.0,6042,2002,88426,0.01
15,90443,0,0.0,6043,2002,88441,0.01
15,90458,0,0.0,6044,2002,88456,0.01
15,90473,0,0.0,6045,2002,88471,0.01
15,90488,0,0.0,6046,2002,88486,0.01
15,90503,0,0.0,6047,2002,88501,0.01
15,90518,0,0.0,6048,2002,88516,0.01
10,90528,0,0.0,6049,2003,88525,0.01
15,90543,0,0.0,6050,2003,88540,0.01
15,90558,0,0.0,6051,2003,88555,0.01
15,90573,0,0.0,6052,2003,88570,0.01
6,90579,0,0.0,6053,2004,88575,0.01
15,90594,0,0.0,6054,2004,88590,0.01
15,90609,0,0.0,6055,2004,88605,0.01
15,90624,0,0.0,6056,2004,88620,0.01
15,90639,0,0.0,6057,2005,88634,0.01
15,90654,0,0.0,6058,2005,88649,0.01
15,90669,0,0.0,6059,2005,88664,0.01
15,90684,0,0.0,6060,2005,88679,0.01
15,90699,0,0.0,6061,2005,88694,0.01
15,90714,0,0.0,6062,2005,88709,0.01
15,90729,0,0.0,6063,2005,88724,0.01
15,90744,0,0.0,6064,2006,88738,0.01
15,90759,0,0.0,6065,2006,88753,0.01
15,90774,0,0.0,6066,2006,88768,0.01
15,90789,0,0.0,6067,2006,88783,0.01
15,90804,0,0.0,6068,2006,88798,0.01
14,90818,0,0.0,6069,2007,88811,0.01
15,90833,0,0.0,6070,2008,88825,0.01
15,90848,0,0.0,6071,2008,88840,0.01
15,90863,0,0.0,6072,2008,88855,0.01
15,90878,0,0.0,6073,2008,88870,0.01
7,90885,0,0.0,6074,2009,88876,0.01
15,90900,0,0.0,6075,2010,88890,0.01
4,90904,0,0.0,6076,2011,88893,0.01
15,90919,0,0.0,6077,2011,88908,0.01
15,90934,0,0.0,6078,2012,88922,0.01
15,90949,0,0.0,6079,2012,88937,0.01
15,90964,0,0.0,6080,2012,88952,0.01
15,90979,0,0.0,6081,2013,88966,0.01
15,90994,0,0.0,6082,2013,88981,0.01
15,91009,0,0.0,6083,2013,88996,0.01
15,91024,0,0.0,6084,2013,89011,0.01
15,91039,0,0.0,6085,2013,89026,0.01
15,91054,0,0.0,6086,2013,89041,0.01
15,91069,0,0.0,6087,2013,89056,0.01
8,91077,0,0.0,6088,2014,89063,0.01
15,91092,0,0.0,6089,2014,89078,0.01
15,91107,0,0.0,6090,2014,89093,0.01
15,91122,0,0.0,6091,2015,89107,0.01
15,91137,0,0.0,6092,2015,89122,0.01
15,91152,0,0.0,6093,2015,89137,0.01
15,91167,0,0.0,6094,2015,89152,0.01
4,91171,0,0.0,6095,2016,89155,0.01
15,91186,0,0.0,6096,2016,89170,0.01
15,91201,0,0.0,6097,2016,89185,0.01
15,91216,0,0.0,6098,2016,89200,0.01
15,91231,0,0.0,6099,2016,89215,0.01
15,91246,0,0.0,6100,2016,89230,0.01
15,91261,0,0.0,6101,2016,89245,0.01
15,91276,0,0.0,6102,2017,89259,0.01
15,91291,0,0.0,6103,2017,89274,0.01
15,91306,0,0.0,6104,2017,89289,0.01
15,91321,0,0.0,6105,2017,89304,0.01
15,91336,0,0.0,6106,2017,89319,0.01
15,91351,0,0.0,6107,2017,89334,0.01
15,91366,0,0.0,6108,2017,89349,0.01
15,91381,0,0.0,6109,2017,89364,0.01
15,91396,0,0.0,6110,2017,89379,0.01
15,91411,0,0.0,6111,2017,89394,0.01
15,91426,0,0.0,6112,2017,89409,0.01
15,91441,0,0.0,6113,2017,89424,0.01
15,91456,0,0.0,6114,2017,89439,0.01
15,91471,0,0.0,6115,2017,89454,0.01
15,91486,0,0.0,6116,2017,89469,0.01
10,91496,0,0.0,6117,2018,89478,0.01
15,91511,0,0.0,6118,2018,89493,0.01
15,91526,0,0.0,6119,2018,89508,0.01
15,91541,0,0.0,6120,2018,89523,0.01
15,91556,0,0.0,6121,2018,89538,0.01
15,91571,0,0.0,6122,2018,89553,0.01
15,91586,0,0.0,6123,2018,89568,0.01
15,91601,0,0.0,6124,2018,89583,0.01
15,91616,0,0.0,6125,2018,89598,0.01
15,91631,0,0.0,6126,2018,89613,0.01
15,91646,0,0.0,6127,2018,89628,0.01
15,91661,0,0.0,6128,2018,89643,0.01
15,91676,0,0.0,6129,2018,89658,0.01
15,91691,0,0.0,6130,2018,89673,0.01
15,91706,0,0.0,6131,2018,89688,0.01
15,91721,0,0.0,6132,2018,89703,0.01
15,91736,0,0.0,6133,2018,89718,0.01
15,91751,0,0.0,6134,2018,89733,0.01
15,91766,0,0.0,6135,2018,89748,0.01
15,91781,0,0.0,6136,2018,89763,0.01
15,91796,0,0.0,6137,2018,89778,0.01
15,91811,0,0.0,6138,2018,89793,0.01
15,91826,0,0.0,6139,2018,89808,0.01
15,91841,0,0.0,6140,2018,89823,0.01
15,91856,0,0.0,6141,2018,89838,0.01
15,91871,0,0.0,6142,2019,89852,0.01
16,91887,0,0.0,6143,2020,89867,0.01
15,91902,0,0.0,6144,2020,89882,0.01
15,91917,0,0.0,6145,2020,89897,0.01
15,91932,0,0.0,6146,2020,89912,0.01
15,91947,0,0.0,6147,2020,89927,0.01
15,91962,0,0.0,6148,2020,89942,0.01
15,91977,0,0.0,6149,2020,89957,0.01
10,91987,0,0.0,6150,2021,89966,0.01
15,92002,0,0.0,6151,2021,89981,0.01
15,92017,0,0.0,6152,2021,89996,0.01
15,92032,0,0.0,6153,2021,90011,0.01
15,92047,0,0.0,6154,2021,90026,0.01
15,92062,0,0.0,6155,2021,90041,0.01
15,92077,0,0.0,6156,2021,90056,0.01
15,92092,0,0.0,6157,2021,90071,0.01
15,92107,0,0.0,6158,2022,90085,0.01
15,92122,0,0.0,6159,2022,90100,0.01
15,92137,0,0.0,6160,2022,90115,0.01
15,92152,0,0.0,6161,2022,90130,0.01
15,92167,0,0.0,6162,2022,90145,0.01
15,92182,0,0.0,6163,2023,90159,0.01
15,92197,0,0.0,6164,2023,90174,0.01
15,92212,0,0.0,6165,2023,90189,0.01
15,92227,0,0.0,6166,2023,90204,0.01
15,92242,0,0.0,6167,2023,90219,0.01
15,92257,0,0.0,6168,2023,90234,0.01
44,92301,0,0.0,6169,2024,90277,0.01
15,92316,0,0.0,6170,2024,90292,0.01
15,92331,0,0.0,6171,2024,90307,0.01
15,92346,0,0.0,6172,2024,90322,0.01
15,92361,0,0.0,6173,2024,90337,0.01
15,92376,0,0.0,6174,2024,90352,0.01
15,92391,0,0.0,6175,2024,90367,0.01
15,92406,0,0.0,6176,2024,90382,0.01
15,92421,0,0.0,6177,2024,90397,0.01
15,92436,0,0.0,6178,2025,90411,0.01
15,92451,0,0.0,6179,2025,90426,0.01
15,92466,0,0.0,6180,2025,90441,0.01
15,92481,0,0.0,6181,2025,90456,0.01
15,92496,0,0.0,6182,2025,90471,0.01
15,92511,0,0.0,6183,2025,90486,0.01
15,92526,0,0.0,6184,2025,90501,0.01
6,92532,0,0.0,6185,2026,90506,0.01
15,92547,0,0.0,6186,2026,90521,0.01
15,92562,0,0.0,6187,2026,90536,0.01
8,92570,0,0.0,6188,2027,90543,0.01
15,92585,0,0.0,6189,2027,90558,0.01
15,92600,0,0.0,6190,2027,90573,0.01
15,92615,0,0.0,6191,2027,90588,0.01
15,92630,0,0.0,6192,2028,90602,0.01
16,92646,0,0.0,6193,2029,90617,0.01
15,92661,0,0.0,6194,2029,90632,0.01
15,92676,0,0.0,6195,2029,90647,0.01
15,92691,0,0.0,6196,2029,90662,0.01
15,92706,0,0.0,6197,2029,90677,0.01
6,92712,0,0.0,6198,2030,90682,0.01
15,92727,0,0.0,6199,2030,90697,0.01
15,92742,0,0.0,6200,2030,90712,0.01
15,92757,0,0.0,6201,2030,90727,0.01
15,92772,0,0.0,6202,2030,90742,0.01
15,92787,0,0.0,6203,2030,90757,0.01
15,92802,0,0.0,6204,2030,90772,0.01
15,92817,0,0.0,6205,2030,90787,0.01
15,92832,0,0.0,6206,2030,90802,0.01
15,92847,0,0.0,6207,2031,90816,0.01
15,92862,0,0.0,6208,2031,90831,0.01
15,92877,0,0.0,6209,2031,90846,0.01
15,92892,0,0.0,6210,2031,90861,0.01
15,92907,0,0.0,6211,2031,90876,0.01
15,92922,0,0.0,6212,2031,90891,0.01
15,92937,0,0.0,6213,2031,90906,0.01
15,92952,0,0.0,6214,2031,90921,0.01
15,92967,0,0.0,6215,2031,90936,0.01
15,92982,0,0.0,6216,2031,90951,0.01
15,92997,0,0.0,6217,2031,90966,0.01
15,93012,0,0.0,6218,2031,90981,0.01
15,93027,0,0.0,6219,2031,90996,0.01
15,93042,0,0.0,6220,2031,91011,0.01
15,93057,0,0.0,6221,2031,91026,0.01
15,93072,0,0.0,6222,2031,91041,0.01
15,93087,0,0.0,6223,2031,91056,0.01
15,93102,0,0.0,6224,2031,91071,0.01
15,93117,0,0.0,6225,2031,91086,0.01
15,93132,0,0.0,6226,2031,91101,0.01
15,93147,0,0.0,6227,2031,91116,0.01
15,93162,0,0.0,6228,2031,91131,0.01
15,93177,0,0.0,6229,2031,91146,0.01
15,93192,0,0.0,6230,2031,91161,0.01
15,93207,0,0.0,6231,2031,91176,0.01
15,93222,0,0.0,6232,2031,91191,0.01
15,93237,0,0.0,6233,2031,91206,0.01
15,93252,0,0.0,6234,2031,91221,0.01
15,93267,0,0.0,6235,2031,91236,0.01
15,93282,0,0.0,6236,2031,91251,0.01
53,93335,0,0.0,6237,2035,91300,0.01
15,93350,0,0.0,6238,2035,91315,0.01
15,93365,0,0.0,6239,2035,91330,0.01
15,93380,0,0.0,6240,2035,91345,0.01
15,93395,0,0.0,6241,2035,91360,0.01
15,93410,0,0.0,6242,2035,91375,0.01
15,93425,0,0.0,6243,2035,91390,0.01
15,93440,0,0.0,6244,2036,91404,0.01
15,93455,0,0.0,6245,2036,91419,0.01
15,93470,0,0.0,6246,2036,91434,0.01
15,93485,0,0.0,6247,2036,91449,0.01
15,93500,0,0.0,6248,2036,91464,0.01
15,93515,0,0.0,6249,2036,91479,0.01
15,93530,0,0.0,6250,2036,91494,0.01
15,93545,0,0.0,6251,2036,91509,0.01
15,93560,0,0.0,6252,2036,91524,0.01
15,93575,0,0.0,6253,2036,91539,0.01
15,93590,0,0.0,6254,2036,91554,0.01
15,93605,0,0.0,6255,2036,91569,0.01
15,93620,0,0.0,6256,2036,91584,0.01
15,93635,0,0.0,6257,2036,91599,0.01
15,93650,0,0.0,6258,2037,91613,0.01
15,93665,0,0.0,6259,2037,91628,0.01
15,93680,0,0.0,6260,2037,91643,0.01
15,93695,0,0.0,6261,2037,91658,0.01
15,93710,0,0.0,6262,2037,91673,0.01
15,93725,0,0.0,6263,2037,91688,0.01
15,93740,0,0.0,6264,2037,91703,0.01
15,93755,0,0.0,6265,2037,91718,0.01
15,93770,0,0.0,6266,2037,91733,0.01
15,93785,0,0.0,6267,2037,91748,0.01
15,93800,0,0.0,6268,2037,91763,0.01
15,93815,0,0.0,6269,2037,91778,0.01
15,93830,0,0.0,6270,2037,91793,0.01
15,93845,0,0.0,6271,2037,91808,0.01
15,93860,0,0.0,6272,2037,91823,0.01
15,93875,0,0.0,6273,2037,91838,0.01
15,93890,0,0.0,6274,2037,91853,0.01
15,93905,0,0.0,6275,2037,91868,0.01
15,93920,0,0.0,6276,2037,91883,0.01
15,93935,0,0.0,6277,2037,91898,0.01
15,93950,0,0.0,6278,2037,91913,0.01
15,93965,0,0.0,6279,2037,91928,0.01
15,93980,0,0.0,6280,2038,91942,0.01
15,93995,0,0.0,6281,2039,91956,0.01
15,94010,0,0.0,6282,2039,91971,0.01
15,94025,0,0.0,6283,2039,91986,0.01
15,94040,0,0.0,6284,2039,92001,0.01
15,94055,0,0.0,6285,2040,92015,0.01
15,94070,0,0.0,6286,2041,92029,0.01
15,94085,0,0.0,6287,2041,92044,0.01
15,94100,0,0.0,6288,2041,92059,0.01
15,94115,0,0.0,6289,2041,92074,0.01
15,94130,0,0.0,6290,2041,92089,0.01
15,94145,0,0.0,6291,2041,92104,0.01
15,94160,0,0.0,6292,2041,92119,0.01
15,94175,0,0.0,6293,2041,92134,0.01
15,94190,0,0.0,6294,2041,92149,0.01
15,94205,0,0.0,6295,2041,92164,0.01
15,94220,0,0.0,6296,2042,92178,0.01
15,94235,0,0.0,6297,2042,92193,0.01
15,94250,0,0.0,6298,2042,92208,0.01
15,94265,0,0.0,6299,2042,92223,0.01
15,94280,0,0.0,6300,2042,92238,0.01
15,94295,0,0.0,6301,2042,92253,0.01
15,94310,0,0.0,6302,2042,92268,0.01
15,94325,0,0.0,6303,2042,92283,0.01
15,94340,0,0.0,6304,2042,92298,0.01
15,94355,0,0.0,6305,2042,92313,0.01
15,94370,0,0.0,6306,2042,92328,0.01
15,94385,0,0.0,6307,2042,92343,0.01
15,94400,0,0.0,6308,2042,92358,0.01
15,94415,0,0.0,6309,2042,92373,0.01
15,94430,0,0.0,6310,2042,92388,0.01
15,94445,0,0.0,6311,2042,92403,0.01
14,94459,0,0.0,6312,2043,92416,0.01
15,94474,0,0.0,6313,2043,92431,0.01
12,94486,0,0.0,6314,2045,92441,0.01
15,94501,0,0.0,6315,2045,92456,0.01
15,94516,0,0.0,6316,2045,92471,0.01
15,94531,0,0.0,6317,2045,92486,0.01
15,94546,0,0.0,6318,2045,92501,0.01
15,94561,0,0.0,6319,2045,92516,0.01
15,94576,0,0.0,6320,2045,92531,0.01
15,94591,0,0.0,6321,2045,92546,0.01
15,94606,0,0.0,6322,2045,92561,0.01
15,94621,0,0.0,6323,2045,92576,0.01
15,94636,0,0.0,6324,2045,92591,0.01
15,94651,0,0.0,6325,2045,92606,0.01
15,94666,0,0.0,6326,2045,92621,0.01
15,94681,0,0.0,6327,2045,92636,0.01
15,94696,0,0.0,6328,2045,92651,0.01
15,94711,0,0.0,6329,2045,92666,0.01
15,94726,0,0.0,6330,2045,92681,0.01
15,94741,0,0.0,6331,2045,92696,0.01
15,94756,0,0.0,6332,2045,92711,0.01
15,94771,0,0.0,6333,2045,92726,0.01
15,94786,0,0.0,6334,2046,92740,0.01
15,94801,0,0.0,6335,2046,92755,0.01
15,94816,0,0.0,6336,2046,92770,0.01
15,94831,0,0.0,6337,2046,92785,0.01
15,94846,0,0.0,6338,2046,92800,0.01
15,94861,0,0.0,6339,2046,92815,0.01
15,94876,0,0.0,6340,2046,92830,0.01
15,94891,0,0.0,6341,2046,92845,0.01
10,94901,0,0.0,6342,2047,92854,0.01
15,94916,0,0.0,6343,2047,92869,0.01
15,94931,0,0.0,6344,2047,92884,0.01
15,94946,0,0.0,6345,2047,92899,0.01
13,94959,0,0.0,6346,2048,92911,0.01
15,94974,0,0.0,6347,2049,92925,0.01
10,94984,0,0.0,6348,2050,92934,0.01
15,94999,0,0.0,6349,2050,92949,0.01
15,95014,0,0.0,6350,2050,92964,0.01
15,95029,0,0.0,6351,2050,92979,0.01
15,95044,0,0.0,6352,2050,92994,0.01
15,95059,0,0.0,6353,2050,93009,0.01
15,95074,0,0.0,6354,2050,93024,0.01
15,95089,0,0.0,6355,2050,93039,0.01
15,95104,0,0.0,6356,2051,93053,0.01
15,95119,0,0.0,6357,2051,93068,0.01
15,95134,0,0.0,6358,2051,93083,0.01
15,95149,0,0.0,6359,2051,93098,0.01
15,95164,0,0.0,6360,2051,93113,0.01
40,95204,0,0.0,6361,2053,93151,0.01
15,95219,0,0.0,6362,2053,93166,0.01
15,95234,0,0.0,6363,2053,93181,0.01
15,95249,0,0.0,6364,2053,93196,0.01
15,95264,0,0.0,6365,2053,93211,0.01
6,95270,0,0.0,6366,2054,93216,0.01
15,95285,0,0.0,6367,2054,93231,0.01
15,95300,0,0.0,6368,2054,93246,0.01
15,95315,0,0.0,6369,2054,93261,0.01
15,95330,0,0.0,6370,2054,93276,0.01
15,95345,0,0.0,6371,2054,93291,0.01
36,95381,0,0.0,6372,2056,93325,0.01
15,95396,0,0.0,6373,2056,93340,0.01
15,95411,0,0.0,6374,2056,93355,0.01
15,95426,0,0.0,6375,2056,93370,0.01
15,95441,0,0.0,6376,2056,93385,0.01
15,95456,0,0.0,6377,2056,93400,0.01
15,95471,0,0.0,6378,2056,93415,0.01
15,95486,0,0.0,6379,2056,93430,0.01
15,95501,0,0.0,6380,2056,93445,0.01
15,95516,0,0.0,6381,2057,93459,0.01
15,95531,0,0.0,6382,2057,93474,0.01
15,95546,0,0.0,6383,2057,93489,0.01
15,95561,0,0.0,6384,2057,93504,0.01
15,95576,0,0.0,6385,2057,93519,0.01
15,95591,0,0.0,6386,2057,93534,0.01
15,95606,0,0.0,6387,2057,93549,0.01
15,95621,0,0.0,6388,2057,93564,0.01
15,95636,0,0.0,6389,2057,93579,0.01
15,95651,0,0.0,6390,2057,93594,0.01
15,95666,0,0.0,6391,2057,93609,0.01
15,95681,0,0.0,6392,2057,93624,0.01
15,95696,0,0.0,6393,2057,93639,0.01
15,95711,0,0.0,6394,2059,93652,0.01
15,95726,0,0.0,6395,2059,93667,0.01
8,95734,0,0.0,6396,2060,93674,0.01
16,95750,0,0.0,6397,2061,93689,0.01
15,95765,0,0.0,6398,2061,93704,0.01
15,95780,0,0.0,6399,2061,93719,0.01
15,95795,0,0.0,6400,2061,93734,0.01
15,95810,0,0.0,6401,2061,93749,0.01
14,95824,0,0.0,6402,2062,93762,0.01
15,95839,0,0.0,6403,2062,93777,0.01
15,95854,0,0.0,6404,2062,93792,0.01
15,95869,0,0.0,6405,2062,93807,0.01
44,95913,0,0.0,6406,2064,93849,0.01
15,95928,0,0.0,6407,2064,93864,0.01
15,95943,0,0.0,6408,2064,93879,0.01
14,95957,0,0.0,6409,2065,93892,0.01
15,95972,0,0.0,6410,2066,93906,0.01
15,95987,0,0.0,6411,2066,93921,0.01
15,96002,0,0.0,6412,2066,93936,0.01
15,96017,0,0.0,6413,2066,93951,0.01
15,96032,0,0.0,6414,2067,93965,0.01
15,96047,0,0.0,6415,2067,93980,0.01
15,96062,0,0.0,6416,2068,93994,0.01
15,96077,0,0.0,6417,2068,94009,0.01
15,96092,0,0.0,6418,2068,94024,0.01
15,96107,0,0.0,6419,2068,94039,0.01
15,96122,0,0.0,6420,2068,94054,0.01
15,96137,0,0.0,6421,2068,94069,0.01
15,96152,0,0.0,6422,2068,94084,0.01
15,96167,0,0.0,6423,2068,94099,0.01
15,96182,0,0.0,6424,2068,94114,0.01
15,96197,0,0.0,6425,2068,94129,0.01
15,96212,0,0.0,6426,2068,94144,0.01
15,96227,0,0.0,6427,2068,94159,0.01
15,96242,0,0.0,6428,2068,94174,0.01
15,96257,0,0.0,6429,2068,94189,0.01
15,96272,0,0.0,6430,2068,94204,0.01
15,96287,0,0.0,6431,2069,94218,0.01
15,96302,0,0.0,6432,2069,94233,0.01
15,96317,0,0.0,6433,2069,94248,0.01
15,96332,0,0.0,6434,2069,94263,0.01
14,96346,0,0.0,6435,2071,94275,0.01
15,96361,0,0.0,6436,2071,94290,0.01
15,96376,0,0.0,6437,2071,94305,0.01
15,96391,0,0.0,6438,2071,94320,0.01
15,96406,0,0.0,6439,2071,94335,0.01
15,96421,0,0.0,6440,2071,94350,0.01
15,96436,0,0.0,6441,2071,94365,0.01
15,96451,0,0.0,6442,2071,94380,0.01
15,96466,0,0.0,6443,2071,94395,0.01
15,96481,0,0.0,6444,2071,94410,0.01
15,96496,0,0.0,6445,2071,94425,0.01
15,96511,0,0.0,6446,2071,94440,0.01
15,96526,0,0.0,6447,2071,94455,0.01
15,96541,0,0.0,6448,2071,94470,0.01
15,96556,0,0.0,6449,2071,94485,0.01
15,96571,0,0.0,6450,2071,94500,0.01
15,96586,0,0.0,6451,2071,94515,0.01
6,96592,0,0.0,6452,2072,94520,0.01
15,96607,0,0.0,6453,2072,94535,0.01
15,96622,0,0.0,6454,2072,94550,0.01
15,96637,0,0.0,6455,2072,94565,0.01
15,96652,0,0.0,6456,2072,94580,0.01
15,96667,0,0.0,6457,2072,94595,0.01
15,96682,0,0.0,6458,2072,94610,0.01
15,96697,0,0.0,6459,2072,94625,0.01
15,96712,0,0.0,6460,2072,94640,0.01
15,96727,0,0.0,6461,2072,94655,0.01
15,96742,0,0.0,6462,2072,94670,0.01
15,96757,0,0.0,6463,2072,94685,0.01
15,96772,0,0.0,6464,2072,94700,0.01
15,96787,0,0.0,6465,2072,94715,0.01
15,96802,0,0.0,6466,2072,94730,0.01
15,96817,0,0.0,6467,2072,94745,0.01
15,96832,0,0.0,6468,2072,94760,0.01
15,96847,0,0.0,6469,2072,94775,0.01
15,96862,0,0.0,6470,2072,94790,0.01
15,96877,0,0.0,6471,2072,94805,0.01
15,96892,0,0.0,6472,2072,94820,0.01
15,96907,0,0.0,6473,2072,94835,0.01
15,96922,0,0.0,6474,2072,94850,0.01
14,96936,0,0.0,6475,2073,94863,0.01
15,96951,0,0.0,6476,2073,94878,0.01
6,96957,0,0.0,6477,2074,94883,0.01
15,96972,0,0.0,6478,2074,94898,0.01
15,96987,0,0.0,6479,2074,94913,0.01
15,97002,0,0.0,6480,2074,94928,0.01
15,97017,0,0.0,6481,2074,94943,0.01
15,97032,0,0.0,6482,2074,94958,0.01
15,97047,0,0.0,6483,2074,94973,0.01
15,97062,0,0.0,6484,2074,94988,0.01
15,97077,0,0.0,6485,2074,95003,0.01
15,97092,0,0.0,6486,2074,95018,0.01
8,97100,0,0.0,6487,2075,95025,0.01
15,97115,0,0.0,6488,2075,95040,0.01
15,97130,0,0.0,6489,2075,95055,0.01
15,97145,0,0.0,6490,2075,95070,0.01
15,97160,0,0.0,6491,2075,95085,0.01
15,97175,0,0.0,6492,2075,95100,0.01
44,97219,0,0.0,6493,2076,95143,0.01
15,97234,0,0.0,6494,2076,95158,0.01
15,97249,0,0.0,6495,2076,95173,0.01
15,97264,0,0.0,6496,2076,95188,0.01
15,97279,0,0.0,6497,2076,95203,0.01
15,97294,0,0.0,6498,2076,95218,0.01
15,97309,0,0.0,6499,2076,95233,0.01
15,97324,0,0.0,6500,2076,95248,0.01
15,97339,0,0.0,6501,2076,95263,0.01
15,97354,0,0.0,6502,2076,95278,0.01
15,97369,0,0.0,6503,2076,95293,0.01
15,97384,0,0.0,6504,2076,95308,0.01
15,97399,0,0.0,6505,2076,95323,0.01
15,97414,0,0.0,6506,2076,95338,0.01
15,97429,0,0.0,6507,2076,95353,0.01
15,97444,0,0.0,6508,2076,95368,0.01
15,97459,0,0.0,6509,2076,95383,0.01
15,97474,0,0.0,6510,2076,95398,0.01
15,97489,0,0.0,6511,2076,95413,0.01
15,97504,0,0.0,6512,2076,95428,0.01
15,97519,0,0.0,6513,2076,95443,0.01
15,97534,0,0.0,6514,2076,95458,0.01
15,97549,0,0.0,6515,2076,95473,0.01
15,97564,0,0.0,6516,2076,95488,0.01
15,97579,0,0.0,6517,2076,95503,0.01
15,97594,0,0.0,6518,2076,95518,0.01
15,97609,0,0.0,6519,2076,95533,0.01
15,97624,0,0.0,6520,2076,95548,0.01
36,97660,0,0.0,6521,2078,95582,0.01
15,97675,0,0.0,6522,2078,95597,0.01
15,97690,0,0.0,6523,2078,95612,0.01
15,97705,0,0.0,6524,2078,95627,0.01
15,97720,0,0.0,6525,2078,95642,0.01
15,97735,0,0.0,6526,2078,95657,0.01
15,97750,0,0.0,6527,2078,95672,0.01
15,97765,0,0.0,6528,2078,95687,0.01
15,97780,0,0.0,6529,2078,95702,0.01
15,97795,0,0.0,6530,2079,95716,0.01
15,97810,0,0.0,6531,2079,95731,0.01
15,97825,0,0.0,6532,2079,95746,0.01
15,97840,0,0.0,6533,2079,95761,0.01
15,97855,0,0.0,6534,2079,95776,0.01
15,97870,0,0.0,6535,2080,95790,0.01
15,97885,0,0.0,6536,2081,95804,0.01
15,97900,0,0.0,6537,2081,95819,0.01
15,97915,0,0.0,6538,2081,95834,0.01
15,97930,0,0.0,6539,2081,95849,0.01
15,97945,0,0.0,6540,2081,95864,0.01
15,97960,0,0.0,6541,2081,95879,0.01
15,97975,0,0.0,6542,2081,95894,0.01
15,97990,0,0.0,6543,2081,95909,0.01
15,98005,0,0.0,6544,2081,95924,0.01
15,98020,0,0.0,6545,2082,95938,0.01
15,98035,0,0.0,6546,2082,95953,0.01
15,98050,0,0.0,6547,2082,95968,0.01
15,98065,0,0.0,6548,2082,95983,0.01
15,98080,0,0.0,6549,2082,95998,0.01
15,98095,0,0.0,6550,2082,96013,0.01
15,98110,0,0.0,6551,2082,96028,0.01
15,98125,0,0.0,6552,2082,96043,0.01
15,98140,0,0.0,6553,2082,96058,0.01
15,98155,0,0.0,6554,2082,96073,0.01
15,98170,0,0.0,6555,2082,96088,0.01
15,98185,0,0.0,6556,2082,96103,0.01
15,98200,0,0.0,6557,2082,96118,0.01
15,98215,0,0.0,6558,2082,96133,0.01
15,98230,0,0.0,6559,2083,96147,0.01
15,98245,0,0.0,6560,2083,96162,0.01
15,98260,0,0.0,6561,2083,96177,0.01
15,98275,0,0.0,6562,2083,96192,0.01
15,98290,0,0.0,6563,2083,96207,0.01
15,98305,0,0.0,6564,2083,96222,0.01
15,98320,0,0.0,6565,2084,96236,0.01
15,98335,0,0.0,6566,2084,96251,0.01
15,98350,0,0.0,6567,2084,96266,0.01
15,98365,0,0.0,6568,2084,96281,0.01
15,98380,0,0.0,6569,2084,96296,0.01
15,98395,0,0.0,6570,2084,96311,0.01
15,98410,0,0.0,6571,2084,96326,0.01
15,98425,0,0.0,6572,2084,96341,0.01
10,98435,0,0.0,6573,2085,96350,0.01
15,98450,0,0.0,6574,2085,96365,0.01
15,98465,0,0.0,6575,2085,96380,0.01
15,98480,0,0.0,6576,2086,96394,0.01
43,98523,0,0.0,6577,2089,96434,0.01
15,98538,0,0.0,6578,2089,96449,0.01
15,98553,0,0.0,6579,2089,96464,0.01
15,98568,0,0.0,6580,2089,96479,0.01
6,98574,0,0.0,6581,2090,96484,0.01
15,98589,0,0.0,6582,2090,96499,0.01
15,98604,0,0.0,6583,2090,96514,0.01
15,98619,0,0.0,6584,2090,96529,0.01
15,98634,0,0.0,6585,2090,96544,0.01
44,98678,0,0.0,6586,2091,96587,0.01
15,98693,0,0.0,6587,2091,96602,0.01
15,98708,0,0.0,6588,2092,96616,0.01
15,98723,0,0.0,6589,2092,96631,0.01
15,98738,0,0.0,6590,2092,96646,0.01
15,98753,0,0.0,6591,2092,96661,0.01
15,98768,0,0.0,6592,2092,96676,0.01
15,98783,0,0.0,6593,2092,96691,0.01
15,98798,0,0.0,6594,2092,96706,0.01
15,98813,0,0.0,6595,2092,96721,0.01
15,98828,0,0.0,6596,2092,96736,0.01
15,98843,0,0.0,6597,2092,96751,0.01
15,98858,0,0.0,6598,2092,96766,0.01
15,98873,0,0.0,6599,2092,96781,0.01
15,98888,0,0.0,6600,2092,96796,0.01
15,98903,0,0.0,6601,2092,96811,0.01
15,98918,0,0.0,6602,2092,96826,0.01
15,98933,0,0.0,6603,2092,96841,0.01
15,98948,0,0.0,6604,2092,96856,0.01
15,98963,0,0.0,6605,2092,96871,0.01
15,98978,0,0.0,6606,2092,96886,0.01
15,98993,0,0.0,6607,2092,96901,0.01
9,99002,0,0.0,6608,2093,96909,0.01
15,99017,0,0.0,6609,2093,96924,0.01
15,99032,0,0.0,6610,2093,96939,0.01
6,99038,0,0.0,6611,2094,96944,0.01
15,99053,0,0.0,6612,2094,96959,0.01
15,99068,0,0.0,6613,2094,96974,0.01
15,99083,0,0.0,6614,2094,96989,0.01
15,99098,0,0.0,6615,2094,97004,0.01
15,99113,0,0.0,6616,2094,97019,0.01
15,99128,0,0.0,6617,2094,97034,0.01
15,99143,0,0.0,6618,2094,97049,0.01
15,99158,0,0.0,6619,2095,97063,0.01
15,99173,0,0.0,6620,2095,97078,0.01
15,99188,0,0.0,6621,2095,97093,0.01
15,99203,0,0.0,6622,2095,97108,0.01
15,99218,0,0.0,6623,2095,97123,0.01
15,99233,0,0.0,6624,2095,97138,0.01
15,99248,0,0.0,6625,2095,97153,0.01
15,99263,0,0.0,6626,2097,97166,0.01
15,99278,0,0.0,6627,2097,97181,0.01
15,99293,0,0.0,6628,2097,97196,0.01
15,99308,0,0.0,6629,2097,97211,0.01
15,99323,0,0.0,6630,2097,97226,0.01
44,99367,0,0.0,6631,2099,97268,0.01
15,99382,0,0.0,6632,2099,97283,0.01
15,99397,0,0.0,6633,2099,97298,0.01
15,99412,0,0.0,6634,2099,97313,0.01
15,99427,0,0.0,6635,2099,97328,0.01
15,99442,0,0.0,6636,2099,97343,0.01
15,99457,0,0.0,6637,2099,97358,0.01
15,99472,0,0.0,6638,2099,97373,0.01
44,99516,0,0.0,6639,2100,97416,0.01
15,99531,0,0.0,6640,2100,97431,0.01
15,99546,0,0.0,6641,2100,97446,0.01
15,99561,0,0.0,6642,2100,97461,0.01
15,99576,0,0.0,6643,2100,97476,0.01
44,99620,0,0.0,6644,2101,97519,0.01
15,99635,0,0.0,6645,2101,97534,0.01
15,99650,0,0.0,6646,2101,97549,0.01
15,99665,0,0.0,6647,2101,97564,0.01
15,99680,0,0.0,6648,2101,97579,0.01
15,99695,0,0.0,6649,2101,97594,0.01
15,99710,0,0.0,6650,2101,97609,0.01
15,99725,0,0.0,6651,2102,97623,0.01
15,99740,0,0.0,6652,2102,97638,0.01
10,99750,0,0.0,6653,2103,97647,0.01
15,99765,0,0.0,6654,2103,97662,0.01
15,99780,0,0.0,6655,2103,97677,0.01
15,99795,0,0.0,6656,2103,97692,0.01
15,99810,0,0.0,6657,2103,97707,0.01
15,99825,0,0.0,6658,2104,97721,0.01
15,99840,0,0.0,6659,2104,97736,0.01
15,99855,0,0.0,6660,2104,97751,0.01
15,99870,0,0.0,6661,2104,97766,0.01
15,99885,0,0.0,6662,2104,97781,0.01
15,99900,0,0.0,6663,2105,97795,0.01
15,99915,0,0.0,6664,2105,97810,0.01
15,99930,0,0.0,6665,2105,97825,0.01
15,99945,0,0.0,6666,2106,97839,0.01
15,99960,0,0.0,6667,2106,97854,0.01
15,99975,0,0.0,6668,2106,97869,0.01
14,99989,0,0.0,6669,2107,97882,0.01
