iteration,successes,successes_episode,reward_episode,episode_count,random_act,timestep,epsilon
4,4,0,0.0,1,4,0,1.0
6,10,0,0.0,2,10,0,0.9901493354116764
3,13,0,0.0,3,13,0,0.9803966865736877
6,19,0,0.0,4,19,0,0.970741078213023
9,28,1,1.0,5,28,0,0.9611815447608
4,32,1,0.0,6,32,0,0.9517171302557069
11,43,1,0.0,7,42,1,0.9423468882484062
13,56,1,0.0,8,54,2,0.9330698817068888
18,74,1,0.0,9,71,3,0.9238851829227694
13,87,1,0.0,10,83,4,0.9147918734185159
4,91,1,0.0,11,87,4,0.9057890438555999
2,93,1,0.0,12,89,4,0.896875793943563
16,109,1,0.0,13,99,10,0.888051232349986
16,125,1,0.0,14,111,14,0.8793144766113556
18,143,1,0.0,15,124,19,0.8706646530448178
4,147,1,0.0,16,128,19,0.8621008966608072
2,149,1,0.0,17,129,20,0.8536223510765493
5,154,1,0.0,18,133,21,0.8452281684304199
19,173,1,0.0,19,148,25,0.8369175092971592
2,175,1,0.0,20,149,26,0.8286895426039287
20,195,2,1.0,21,167,28,0.820543445547202
12,207,2,0.0,22,178,29,0.8124784035104852
3,210,2,0.0,23,181,29,0.8044936099828537
8,218,2,0.0,24,189,29,0.7965882664783007
8,226,2,0.0,25,197,29,0.7887615824558879
2,228,2,0.0,26,198,30,0.7810127752406908
7,235,2,0.0,27,204,31,0.7733410699455306
2,237,2,0.0,28,205,32,0.7657456993934846
4,241,2,0.0,29,207,34,0.7582259040411682
13,254,2,0.0,30,219,35,0.7507809319027796
5,259,2,0.0,31,222,37,0.7434100384749007
10,269,2,0.0,32,229,40,0.7361124866620463
10,279,2,0.0,33,235,44,0.7288875467029541
17,296,2,0.0,34,247,49,0.7217344960976069
3,299,2,0.0,35,250,49,0.7146526195349836
2,301,2,0.0,36,251,50,0.7076412088215263
2,303,2,0.0,37,252,51,0.7006995628103208
5,308,2,0.0,38,256,52,0.6938269873309811
2,310,2,0.0,39,257,53,0.6870227951202322
3,313,2,0.0,40,259,54,0.680286305753183
5,318,2,0.0,41,262,56,0.6736168455752829
2,320,2,0.0,42,263,57,0.6670137476349562
31,351,2,0.0,43,280,71,0.6604763516169062
7,358,2,0.0,44,286,72,0.6540040037760834
6,364,2,0.0,45,290,74,0.64759605687231
22,386,2,0.0,46,306,80,0.6412518701055556
3,389,2,0.0,47,308,81,0.6349708090518567
10,399,2,0.0,48,316,83,0.6287522455998737
19,418,2,0.0,49,329,89,0.6225955578880794
5,423,2,0.0,50,333,90,0.616500130242572
2,425,2,0.0,51,334,91,0.6104653531155071
2,427,2,0.0,52,336,91,0.6044906230241432
2,429,2,0.0,53,338,91,0.5985753424904925
20,449,2,0.0,54,350,99,0.5927189199815717
7,456,2,0.0,55,355,101,0.5869207698502498
2,458,2,0.0,56,356,102,0.5811803122766818
4,462,2,0.0,57,358,104,0.5754969732103268
4,466,2,0.0,58,361,105,0.5698701843125418
7,473,2,0.0,59,366,107,0.564299382899748
9,482,2,0.0,60,372,110,0.558784011887162
9,491,3,1.0,61,374,117,0.5533235197330862
13,504,3,0.0,62,382,122,0.5479173603837548
2,506,3,0.0,63,384,122,0.5425649932187278
2,508,3,0.0,64,385,123,0.5372658829968282
8,516,3,0.0,65,390,126,0.5320194998026181
9,525,3,0.0,66,392,133,0.5268253189934059
10,535,3,0.0,67,397,138,0.5216828211467822
5,540,3,0.0,68,399,141,0.516591492008677
5,545,3,0.0,69,403,142,0.5115508224419336
6,551,3,0.0,70,407,144,0.5065603083753949
8,559,3,0.0,71,410,149,0.5016194507534953
16,575,3,0.0,72,417,158,0.49672775548635545
10,585,3,0.0,73,422,163,0.491884733400372
10,595,3,0.0,74,428,167,0.48708990018930043
8,603,3,0.0,75,433,170,0.48234277636582407
5,608,3,0.0,76,435,173,0.47764288721360454
2,610,3,0.0,77,437,173,0.47298976273981014
3,613,3,0.0,78,439,174,0.4683829376281158
2,615,3,0.0,79,441,174,0.4638219511921713
6,621,4,1.0,80,444,177,0.4593063473295323
4,625,4,0.0,81,445,180,0.45483567447604933
16,641,4,0.0,82,453,188,0.4504094855607117
9,650,4,0.0,83,459,191,0.44602733796093924
13,663,4,0.0,84,463,200,0.4416887934583202
4,667,4,0.0,85,463,204,0.43739341819478894
6,673,4,0.0,86,465,208,0.43314078262923944
2,675,4,0.0,87,466,209,0.4289304614945713
2,677,4,0.0,88,467,210,0.42476203375516264
24,701,4,0.0,89,475,226,0.42063508256476556
16,717,4,0.0,90,484,233,0.41654919522482203
9,726,4,0.0,91,490,236,0.4125039631431931
21,747,4,0.0,92,502,245,0.40849898179329963
14,761,4,0.0,93,507,254,0.404533850673669
10,771,4,0.0,94,509,262,0.40060817326788506
6,777,4,0.0,95,511,266,0.3967215570049359
4,781,4,0.0,96,513,268,0.3928736132199562
14,795,4,0.0,97,518,277,0.38906395711536096
9,804,4,0.0,98,521,283,0.38529220772236483
13,817,4,0.0,99,527,290,0.3815579878628856
15,832,4,0.0,100,535,297,0.37786092411182526
13,845,4,0.0,101,540,305,0.3742006467597279
4,849,4,0.0,102,541,308,0.3705767897758081
6,855,4,0.0,103,542,313,0.3669889907713475
2,857,4,0.0,104,542,315,0.36343689096345594
3,860,4,0.0,105,543,317,0.35992013513919235
8,868,4,0.0,106,546,322,0.35643837162004377
15,883,4,0.0,107,549,334,0.3529912522267568
4,887,4,0.0,108,550,337,0.34957843224451957
7,894,4,0.0,109,553,341,0.34619957038848975
14,908,4,0.0,110,559,349,0.34285432876966604
19,927,4,0.0,111,567,360,0.3395423728610988
16,943,4,0.0,112,571,372,0.3362633714644372
10,953,4,0.0,113,572,381,0.33301699667680906
15,968,4,0.0,114,574,394,0.3298029238580304
3,971,4,0.0,115,577,394,0.3266208315981408
3,974,4,0.0,116,579,395,0.32347040168526264
2,976,4,0.0,117,580,396,0.3203513190737793
10,986,4,0.0,118,580,406,0.3172632718528302
8,994,4,0.0,119,585,409,0.31420595121511996
16,1010,4,0.0,120,591,419,0.311179051426037
3,1013,4,0.0,121,593,420,0.3081822697930801
6,1019,4,0.0,122,595,424,0.3052153066355885
7,1026,4,0.0,123,598,428,0.30227786525477407
26,1052,4,0.0,124,606,446,0.29936965190405085
26,1078,4,0.0,125,611,467,0.29649037575966014
9,1087,5,1.0,126,611,476,0.29363974889158817
16,1103,5,0.0,127,617,486,0.2908174862347727
3,1106,5,0.0,128,617,489,0.28802330556059597
5,1111,5,0.0,129,618,493,0.2852569274486622
25,1136,5,0.0,130,623,513,0.2825180752588548
2,1138,5,0.0,131,624,514,0.27980647510367246
2,1140,5,0.0,132,624,516,0.2771218558208399
16,1156,5,0.0,133,629,527,0.27446394894619186
13,1169,5,0.0,134,632,537,0.27183248868682575
20,1189,5,0.0,135,637,552,0.26922721189452276
22,1211,5,0.0,136,643,568,0.2666478580394326
4,1215,5,0.0,137,643,572,0.26409416918402034
2,1217,5,0.0,138,643,574,0.26156588995727226
11,1228,5,0.0,139,646,582,0.2590627675291589
5,1233,5,0.0,140,647,586,0.2565845515853515
9,1242,6,1.0,141,647,595,0.2541309943021904
36,1278,6,0.0,142,658,620,0.25170185032190273
8,1286,6,0.0,143,661,625,0.24929687672806608
6,1292,6,0.0,144,664,628,0.246915833021317
9,1301,6,0.0,145,668,633,0.24455848109530054
9,1310,7,1.0,146,672,638,0.2422245852128597
9,1319,8,1.0,147,672,647,0.23991391198246126
14,1333,8,0.0,148,676,657,0.2376262303348566
3,1336,8,0.0,149,677,659,0.2353613114999746
9,1345,9,1.0,150,677,668,0.23311892898404435
3,1348,9,0.0,151,678,670,0.23089885854694553
9,1357,10,1.0,152,678,679,0.22870087817978443
29,1386,10,0.0,153,682,704,0.22652476808269262
7,1393,10,0.0,154,683,710,0.22437031064284702
15,1408,11,1.0,155,685,723,0.22223729041270818
12,1420,11,0.0,156,688,732,0.22012549408847562
8,1428,11,0.0,157,690,738,0.21803471048875708
8,1436,11,0.0,158,692,744,0.21596473053345028
20,1456,11,0.0,159,698,758,0.21391534722283462
26,1482,11,0.0,160,706,776,0.2118863556168713
5,1487,11,0.0,161,707,780,0.20987755281470882
18,1505,12,1.0,162,710,795,0.20788873793439305
3,1508,12,0.0,163,712,796,0.2059197120927785
2,1510,12,0.0,164,714,796,0.20397027838564025
10,1520,12,0.0,165,714,806,0.20204024186798297
6,1526,12,0.0,166,715,811,0.20012940953454655
9,1535,12,0.0,167,719,816,0.1982375903005053
11,1546,12,0.0,168,721,825,0.19636459498235934
3,1549,12,0.0,169,721,828,0.19451023627901587
5,1554,12,0.0,170,722,832,0.19267432875305937
2,1556,12,0.0,171,722,834,0.19085668881220733
15,1571,13,1.0,172,727,844,0.1890571346909509
8,1579,13,0.0,173,728,851,0.1872754864323783
13,1592,14,1.0,174,729,863,0.18551156587017906
9,1601,14,0.0,175,732,869,0.1837651966108269
8,1609,14,0.0,176,732,877,0.1820362040159407
9,1618,15,1.0,177,733,885,0.18032441518482004
8,1626,15,0.0,178,734,892,0.17862965893715535
3,1629,15,0.0,179,735,894,0.17695176579590954
9,1638,16,1.0,180,736,902,0.1752905679703703
25,1663,16,0.0,181,743,920,0.17364589933937066
4,1667,16,0.0,182,744,923,0.172017595434677
7,1674,16,0.0,183,745,929,0.17040549342454195
2,1676,16,0.0,184,746,930,0.16880943209742102
3,1679,16,0.0,185,746,933,0.16722925184585147
14,1693,17,1.0,186,747,946,0.16566479465049133
9,1702,18,1.0,187,747,955,0.16411590406431734
15,1717,19,1.0,188,749,968,0.1625824251969801
7,1724,19,0.0,189,751,973,0.16106420469931504
14,1738,20,1.0,190,754,984,0.15956109074800714
9,1747,21,1.0,191,754,993,0.1580729330304087
10,1757,21,0.0,192,756,1001,0.15659958272950783
11,1768,21,0.0,193,759,1009,0.15514089250904667
9,1777,22,1.0,194,759,1018,0.1536967164987875
9,1786,23,1.0,195,761,1025,0.1522669102799259
4,1790,23,0.0,196,762,1028,0.15085133087064845
9,1799,23,0.0,197,765,1034,0.14944983671183457
15,1814,23,0.0,198,765,1049,0.14806228765290044
4,1818,23,0.0,199,766,1052,0.1466885449377839
8,1826,23,0.0,200,767,1059,0.14532847119106862
11,1837,23,0.0,201,769,1068,0.1439819304042466
9,1846,24,1.0,202,771,1075,0.14264878792211688
7,1853,24,0.0,203,772,1081,0.1413289104293205
8,1861,24,0.0,204,774,1087,0.14002216593700811
4,1865,24,0.0,205,775,1090,0.13872842376964165
9,1874,24,0.0,206,776,1098,0.1374475545519262
9,1883,24,0.0,207,776,1107,0.13617943019587256
15,1898,25,1.0,208,776,1122,0.13492392388798838
14,1912,25,0.0,209,776,1136,0.13368091007659658
11,1923,25,0.0,210,776,1147,0.1324502644592803
14,1937,25,0.0,211,778,1159,0.13123186397045208
13,1950,25,0.0,212,782,1168,0.13002558676904785
20,1970,25,0.0,213,785,1185,0.12883131222634217
9,1979,25,0.0,214,786,1193,0.12764892091388555
13,1992,25,0.0,215,788,1204,0.1264782945915614
11,2003,25,0.0,216,790,1213,0.125319316195762
9,2012,26,1.0,217,791,1221,0.12417186982768189
13,2025,26,0.0,218,792,1233,0.12303584074172813
8,2033,26,0.0,219,793,1240,0.12191111533404535
6,2039,26,0.0,220,793,1246,0.12079758113115559
9,2048,27,1.0,221,793,1255,0.11969512677871053
9,2057,27,0.0,222,794,1263,0.11860364203035628
9,2066,27,0.0,223,795,1271,0.11752301773670837
25,2091,27,0.0,224,799,1292,0.116453145834437
7,2098,27,0.0,225,801,1297,0.11539391933546027
9,2107,28,1.0,226,804,1303,0.11434523231624569
9,2116,29,1.0,227,805,1311,0.11330697990721733
9,2125,29,0.0,228,807,1318,0.1122790582822692
9,2134,30,1.0,229,807,1327,0.11126136464838206
13,2147,30,0.0,230,809,1338,0.11025379723534455
10,2157,30,0.0,231,811,1346,0.10925625528557566
4,2161,30,0.0,232,812,1349,0.1082686390440492
4,2165,30,0.0,233,813,1352,0.10729084974831793
13,2178,30,0.0,234,814,1364,0.10632278961863742
9,2187,30,0.0,235,815,1372,0.10536436184818809
35,2222,30,0.0,236,819,1403,0.10441547059339411
7,2229,30,0.0,237,819,1410,0.10347602096433932
15,2244,30,0.0,238,822,1422,0.10254591901527788
12,2256,30,0.0,239,823,1433,0.10162507173523985
8,2264,30,0.0,240,825,1439,0.10071338703872978
2,2266,30,0.0,241,826,1440,0.09981077375651838
7,2273,31,1.0,242,827,1446,0.09891714162652515
10,2283,31,0.0,243,828,1455,0.09803240128479247
6,2289,31,0.0,244,828,1461,0.09715646425654882
14,2303,31,0.0,245,829,1474,0.09628924294736148
4,2307,31,0.0,246,829,1478,0.09543065063437678
48,2355,31,0.0,247,833,1522,0.09458060145764802
13,2368,31,0.0,248,835,1533,0.09373901041154904
9,2377,31,0.0,249,835,1542,0.092905793336274
7,2384,31,0.0,250,836,1548,0.09208086690942092
9,2393,31,0.0,251,836,1557,0.0912641486376598
8,2401,31,0.0,252,836,1565,0.09045555684848275
8,2409,31,0.0,253,837,1572,0.08965501068203711
15,2424,31,0.0,254,841,1583,0.08886243008303903
11,2435,31,0.0,255,842,1593,0.08807773579276819
25,2460,31,0.0,256,843,1617,0.08730084934114159
11,2471,31,0.0,257,846,1625,0.08653169303886674
12,2483,31,0.0,258,847,1636,0.0857701899696724
5,2488,31,0.0,259,847,1641,0.08501626398261702
9,2497,31,0.0,260,848,1649,0.0842698396844737
10,2507,31,0.0,261,850,1657,0.08353084243219053
13,2520,31,0.0,262,851,1669,0.08279919832542652
32,2552,31,0.0,263,851,1701,0.08207483419916123
7,2559,31,0.0,264,853,1706,0.08135767761637844
15,2574,31,0.0,265,854,1720,0.08064765686082219
31,2605,31,0.0,266,856,1749,0.0799447009298253
8,2613,31,0.0,267,858,1755,0.0792487395272088
4,2617,31,0.0,268,858,1759,0.07855970305625253
10,2627,32,1.0,269,858,1769,0.07787752261273513
7,2634,32,0.0,270,859,1775,0.07720212997804382
7,2641,32,0.0,271,860,1781,0.07653345761235225
23,2664,33,1.0,272,862,1802,0.07587143864786668
11,2675,33,0.0,273,863,1812,0.07521600688213892
22,2697,33,0.0,274,863,1834,0.07456709677144624
13,2710,33,0.0,275,863,1847,0.07392464342423678
11,2721,33,0.0,276,864,1857,0.0732885825946405
28,2749,33,0.0,277,867,1882,0.07265885067604429
47,2796,33,0.0,278,874,1922,0.07203538469473161
22,2818,33,0.0,279,876,1942,0.0714181223035847
18,2836,33,0.0,280,876,1960,0.07080700177585013
8,2844,33,0.0,281,877,1967,0.07020196199896576
13,2857,33,0.0,282,878,1979,0.06960294246844981
13,2870,33,0.0,283,879,1991,0.06900988328184997
16,2886,33,0.0,284,879,2007,0.06842272513275337
8,2894,33,0.0,285,879,2015,0.06784140930485581
3,2897,33,0.0,286,879,2018,0.06726587766609007
6,2903,34,1.0,287,880,2023,0.06669607266281269
6,2909,35,1.0,288,880,2029,0.06613193731404843
6,2915,36,1.0,289,880,2035,0.06557341520579238
5,2920,36,0.0,290,881,2039,0.06502045048536823
23,2943,37,1.0,291,883,2060,0.06447298785584316
6,2949,38,1.0,292,883,2066,0.06393097257049796
6,2955,39,1.0,293,883,2072,0.06339435042735246
2,2957,39,0.0,294,884,2073,0.06286306776374512
6,2963,40,1.0,295,884,2079,0.06233707145096687
6,2969,41,1.0,296,884,2085,0.06181630888894806
6,2975,42,1.0,297,884,2091,0.061300728000998575
25,3000,42,0.0,298,885,2115,0.06079027722859992
6,3006,43,1.0,299,885,2121,0.060284905526249516
6,3012,44,1.0,300,885,2127,0.05978456235635595
6,3018,45,1.0,301,885,2133,0.05928919768418531
6,3024,46,1.0,302,885,2139,0.05879876197285753
9,3033,46,0.0,303,887,2146,0.058313206178392835
8,3041,46,0.0,304,888,2153,0.05783248174480709
9,3050,47,1.0,305,888,2162,0.057356540599256385
9,3059,48,1.0,306,888,2171,0.0568853351472295
9,3068,49,1.0,307,888,2180,0.0564188182677886
9,3077,50,1.0,308,888,2189,0.05595694330885694
9,3086,51,1.0,309,888,2198,0.05549966408255377
9,3095,52,1.0,310,888,2207,0.05504693486057535
5,3100,52,0.0,311,889,2211,0.05459871036962222
3,3103,52,0.0,312,891,2212,0.05415494578687179
3,3106,52,0.0,313,892,2214,0.05371559673549593
9,3115,53,1.0,314,893,2222,0.053280619280223436
9,3124,54,1.0,315,893,2231,0.05284996992294624
9,3133,55,1.0,316,893,2240,0.05242360559836979
9,3142,56,1.0,317,893,2249,0.05200148366970627
9,3151,57,1.0,318,893,2258,0.051583561924411096
9,3160,58,1.0,319,894,2266,0.05116979856996143
9,3169,59,1.0,320,894,2275,0.050760152229677065
25,3194,59,0.0,321,898,2296,0.05035458193858255
8,3202,59,0.0,322,899,2303,0.049953047139310834
24,3226,59,0.0,323,899,2327,0.04955550767804736
26,3252,60,1.0,324,901,2351,0.04916192380051474
7,3259,60,0.0,325,902,2357,0.0487722561479972
26,3285,61,1.0,326,903,2382,0.04838646575340479
19,3304,61,0.0,327,904,2400,0.04800451403737654
3,3307,61,0.0,328,904,2403,0.04762636280442257
20,3327,61,0.0,329,905,2422,0.04725197423910444
42,3369,61,0.0,330,907,2462,0.04688131090225365
26,3395,61,0.0,331,911,2484,0.046514335727227595
14,3409,61,0.0,332,911,2498,0.046151012016203
11,3420,61,0.0,333,911,2509,0.04579130343650595
14,3434,61,0.0,334,911,2523,0.04543517401697875
10,3444,61,0.0,335,911,2533,0.04508258814438266
19,3463,61,0.0,336,912,2551,0.04473351055983658
21,3484,61,0.0,337,912,2572,0.044387906355291176
5,3489,61,0.0,338,912,2577,0.04404574097003798
20,3509,61,0.0,339,914,2595,0.04370698018725335
14,3523,61,0.0,340,914,2609,0.043371590130576676
14,3537,61,0.0,341,914,2623,0.04303953726072282
14,3551,61,0.0,342,914,2637,0.042710788372128064
14,3565,62,1.0,343,915,2650,0.042385310589629625
14,3579,62,0.0,344,915,2664,0.04206307136517797
14,3593,62,0.0,345,915,2678,0.04174403847458216
9,3602,62,0.0,346,915,2687,0.04142818001428726
14,3616,62,0.0,347,915,2701,0.04111546439818403
6,3622,62,0.0,348,915,2707,0.04080586035445025
14,3636,62,0.0,349,917,2719,0.040499336922423565
15,3651,62,0.0,350,920,2731,0.040195863449505306
22,3673,62,0.0,351,920,2753,0.039895409588095315
6,3679,62,0.0,352,920,2759,0.039597945292557044
15,3694,62,0.0,353,922,2772,0.03930344081621308
14,3708,63,1.0,354,923,2785,0.03901186670837034
9,3717,64,1.0,355,923,2794,0.03872319381137508
9,3726,65,1.0,356,923,2803,0.03843739325769703
9,3735,66,1.0,357,923,2812,0.03815443646704266
9,3744,67,1.0,358,923,2821,0.03787429514349709
28,3772,67,0.0,359,925,2847,0.03759694127269454
59,3831,67,0.0,360,926,2905,0.037322347119016795
61,3892,68,1.0,361,926,2966,0.03705048522281963
9,3901,69,1.0,362,926,2975,0.03678132839768691
9,3910,70,1.0,363,926,2984,0.036514849727711796
9,3919,71,1.0,364,926,2993,0.03625102256480524
9,3928,72,1.0,365,926,3002,0.03598982052603108
9,3937,73,1.0,366,926,3011,0.0357312174909678
9,3946,74,1.0,367,926,3020,0.03547518759909634
9,3955,75,1.0,368,926,3029,0.035221705247214206
10,3965,75,0.0,369,928,3037,0.03497074508687494
9,3974,76,1.0,370,928,3046,0.034722282021853394
9,3983,77,1.0,371,929,3054,0.034476291205635994
9,3992,78,1.0,372,929,3063,0.034232748038936146
19,4011,78,0.0,373,931,3080,0.0339916281672342
6,4017,78,0.0,374,933,3084,0.03375290747834208
9,4026,79,1.0,375,933,3093,0.033516562099991945
20,4046,79,0.0,376,934,3112,0.03328256839744902
9,4055,79,0.0,377,937,3118,0.03305090297114803
9,4064,80,1.0,378,937,3127,0.03282154265435332
14,4078,81,1.0,379,939,3139,0.03259446451084204
13,4091,81,0.0,380,942,3149,0.03236964583261064
9,4100,82,1.0,381,942,3158,0.03214706413760394
9,4109,83,1.0,382,942,3167,0.03192669716746694
18,4127,83,0.0,383,944,3183,0.031708522885318995
9,4136,84,1.0,384,944,3192,0.031492519473550085
7,4143,84,0.0,385,945,3198,0.031278665331639026
9,4152,85,1.0,386,945,3207,0.031066939073993396
9,4161,86,1.0,387,945,3216,0.030857319527811018
6,4167,86,0.0,388,946,3221,0.030649785730962574
9,4176,86,0.0,389,948,3228,0.030444316929895437
9,4185,87,1.0,390,948,3237,0.030240892577558277
9,4194,88,1.0,391,949,3245,0.030039492331346347
9,4203,89,1.0,392,949,3254,0.029840096051067175
9,4212,90,1.0,393,949,3263,0.029642683796926583
9,4221,91,1.0,394,949,3272,0.02944723582753464
9,4230,92,1.0,395,949,3281,0.029253732597931535
9,4239,93,1.0,396,949,3290,0.029062154757633053
9,4248,94,1.0,397,950,3298,0.02887248314869552
9,4257,95,1.0,398,950,3307,0.028684698803799973
9,4266,96,1.0,399,950,3316,0.02849878294435545
36,4302,96,0.0,400,952,3350,0.02831471697862105
48,4350,96,0.0,401,953,3397,0.028132482499846838
19,4369,96,0.0,402,955,3414,0.027952061284433068
29,4398,96,0.0,403,956,3442,0.02777343529010782
14,4412,97,1.0,404,957,3455,0.027596586654122846
29,4441,97,0.0,405,959,3482,0.027421497691467157
26,4467,97,0.0,406,959,3508,0.02724815089309858
9,4476,98,1.0,407,959,3517,0.0270765289241928
88,4564,99,1.0,408,962,3602,0.026906614622409945
25,4589,99,0.0,409,963,3626,0.026738390996178224
6,4595,99,0.0,410,964,3631,0.026571841222994823
9,4604,99,0.0,411,964,3640,0.026406948647743643
50,4654,99,0.0,412,966,3688,0.026243696781029717
18,4672,99,0.0,413,967,3705,0.026082069297530375
9,4681,100,1.0,414,967,3714,0.02592205003436255
9,4690,101,1.0,415,967,3723,0.025763622989466578
9,4699,102,1.0,416,967,3732,0.025606772320005942
9,4708,103,1.0,417,967,3741,0.025451482340783003
9,4717,104,1.0,418,967,3750,0.02529773752267042
9,4726,105,1.0,419,967,3759,0.025145522491058264
36,4762,105,0.0,420,968,3794,0.02499482202431651
13,4775,105,0.0,421,970,3805,0.024845621052272927
9,4784,106,1.0,422,970,3814,0.024697904654705963
9,4793,107,1.0,423,970,3823,0.024551658059852766
9,4802,108,1.0,424,970,3832,0.024406866642931964
76,4878,108,0.0,425,977,3901,0.024263515924681227
9,4887,109,1.0,426,977,3910,0.024121591569909263
33,4920,109,0.0,427,979,3941,0.023981079386062323
32,4952,109,0.0,428,980,3972,0.023841965321804916
9,4961,110,1.0,429,980,3981,0.023704235465614704
9,4970,111,1.0,430,980,3990,0.023567876044391298
9,4979,112,1.0,431,980,3999,0.023432873422078924
9,4988,113,1.0,432,980,4008,0.02329921409830285
9,4997,114,1.0,433,980,4017,0.02316688470701933
9,5006,115,1.0,434,980,4026,0.023035872015178954
9,5015,116,1.0,435,980,4035,0.022906162921403357
9,5024,117,1.0,436,980,4044,0.022777744454675064
4,5028,117,0.0,437,981,4047,0.0226506037730404
9,5037,118,1.0,438,981,4056,0.02252472816232525
9,5046,119,1.0,439,981,4065,0.022400105034863643
9,5055,120,1.0,440,981,4074,0.02227672192823897
9,5064,121,1.0,441,981,4083,0.02215456650403775
14,5078,122,1.0,442,982,4096,0.022033626546615788
9,5087,123,1.0,443,983,4104,0.021913889961876536
14,5101,124,1.0,444,984,4117,0.02179534477606175
7,5108,124,0.0,445,985,4123,0.02167797913455405
9,5117,125,1.0,446,985,4132,0.021561781300691488
9,5126,126,1.0,447,985,4141,0.02144673965459385
9,5135,127,1.0,448,985,4150,0.021332842692000656
9,5144,128,1.0,449,986,4158,0.021220079023120713
13,5157,128,0.0,450,988,4169,0.02110843737149319
9,5166,129,1.0,451,989,4177,0.02099790657285988
13,5179,129,0.0,452,989,4190,0.020888475574048812
36,5215,129,0.0,453,990,4225,0.020780133431868894
9,5224,130,1.0,454,990,4234,0.020672869312015653
9,5233,131,1.0,455,990,4243,0.020566672487987697
36,5269,131,0.0,456,990,4279,0.02046153234001413
36,5305,131,0.0,457,991,4314,0.02035743835399253
18,5323,131,0.0,458,992,4331,0.020254380120437558
18,5341,131,0.0,459,992,4349,0.02015234733343998
9,5350,132,1.0,460,992,4358,0.020051329789636065
9,5359,133,1.0,461,992,4367,0.01995131738718724
20,5379,133,0.0,462,993,4386,0.019852300124769934
15,5394,133,0.0,463,993,4401,0.019754268100575387
47,5441,133,0.0,464,993,4448,0.019657211511319474
9,5450,133,0.0,465,994,4456,0.0195611206512624
9,5459,134,1.0,466,994,4465,0.01946598591123807
9,5468,135,1.0,467,994,4474,0.01937179777769322
9,5477,136,1.0,468,994,4483,0.019278546831735997
9,5486,137,1.0,469,994,4492,0.019186223748194096
9,5495,138,1.0,470,994,4501,0.01909481929468222
9,5504,139,1.0,471,994,4510,0.019004324330678855
9,5513,140,1.0,472,994,4519,0.018914729806612192
9,5522,141,1.0,473,994,4528,0.01882602676295516
9,5531,142,1.0,474,994,4537,0.018738206329329453
9,5540,143,1.0,475,994,4546,0.018651259723618557
9,5549,144,1.0,476,994,4555,0.01856517825108943
9,5558,145,1.0,477,994,4564,0.018479953303523082
9,5567,146,1.0,478,994,4573,0.018395576358353725
9,5576,147,1.0,479,994,4582,0.018312038977816556
9,5585,148,1.0,480,994,4591,0.018229332808103887
9,5594,149,1.0,481,994,4600,0.01814744957852983
9,5603,150,1.0,482,994,4609,0.01806638110070318
9,5612,151,1.0,483,994,4618,0.01798611926770862
9,5621,152,1.0,484,994,4627,0.017906656053295947
9,5630,153,1.0,485,994,4636,0.017827983511077505
28,5658,153,0.0,486,998,4660,0.01775009377373351
9,5667,154,1.0,487,998,4669,0.017672979052225327
9,5676,155,1.0,488,998,4678,0.017596631635016534
9,5685,156,1.0,489,998,4687,0.01752104388730179
9,5694,157,1.0,490,998,4696,0.017446208250243338
9,5703,158,1.0,491,998,4705,0.017372117240215094
9,5712,159,1.0,492,998,4714,0.01729876344805433
9,5721,160,1.0,493,998,4723,0.0172261395383207
9,5730,161,1.0,494,998,4732,0.017154238248562697
9,5739,162,1.0,495,998,4741,0.017083052388591435
9,5748,163,1.0,496,998,4750,0.017012574839761596
9,5757,164,1.0,497,998,4759,0.01694279855425957
4,5761,164,0.0,498,999,4762,0.016873716554398652
47,5808,164,0.0,499,1000,4808,0.016805321931921288
9,5817,165,1.0,500,1000,4817,0.01673760784730824
9,5826,166,1.0,501,1000,4826,0.016670567529094613
9,5835,167,1.0,502,1000,4835,0.01660419427319272
9,5844,168,1.0,503,1000,4844,0.016538481442221656
8,5852,168,0.0,504,1001,4851,0.016473422464843575
9,5861,169,1.0,505,1001,4860,0.01640901083510651
9,5870,170,1.0,506,1001,4869,0.01634524011179382
36,5906,170,0.0,507,1002,4904,0.016282103917780018
36,5942,170,0.0,508,1002,4940,0.01621959593939311
9,5951,171,1.0,509,1002,4949,0.016157709925783147
9,5960,172,1.0,510,1002,4958,0.016096439688297208
7,5967,172,0.0,511,1003,4964,0.016035779099860478
14,5981,173,1.0,512,1004,4977,0.01597572209436357
9,5990,174,1.0,513,1004,4986,0.015916262666055885
9,5999,175,1.0,514,1004,4995,0.015857394868945038
9,6008,176,1.0,515,1004,5004,0.015799112816202266
9,6017,177,1.0,516,1004,5013,0.01574141067957372
18,6035,177,0.0,517,1005,5030,0.01568428268879766
9,6044,177,0.0,518,1005,5039,0.0156277231310274
13,6057,177,0.0,519,1005,5052,0.015571726350260025
7,6064,177,0.0,520,1006,5058,0.015516286746770792
9,6073,178,1.0,521,1006,5067,0.015461398776553163
9,6082,179,1.0,522,1006,5076,0.015407056950764372
9,6091,180,1.0,523,1006,5085,0.01535325583517655
9,6100,181,1.0,524,1006,5094,0.015299990049633304
9,6109,182,1.0,525,1006,5103,0.015247254267511699
9,6118,183,1.0,526,1006,5112,0.015195043215189571
9,6127,184,1.0,527,1006,5121,0.015143351671518179
9,6136,185,1.0,528,1006,5130,0.015092174467300075
9,6145,186,1.0,529,1006,5139,0.015041506484772198
9,6154,187,1.0,530,1006,5148,0.01499134265709407
9,6163,188,1.0,531,1006,5157,0.014941677967841115
9,6172,189,1.0,532,1006,5166,0.01489250745050302
9,6181,190,1.0,533,1006,5175,0.014843826187987082
9,6190,191,1.0,534,1006,5184,0.014795629312126479
2,6192,191,0.0,535,1008,5184,0.014747912003193458
9,6201,192,1.0,536,1008,5193,0.014700669489417359
9,6210,193,1.0,537,1008,5202,0.014653897046507443
9,6219,194,1.0,538,1008,5211,0.01460758999718044
9,6228,195,1.0,539,1008,5220,0.014561743710692824
9,6237,196,1.0,540,1008,5229,0.014516353602377746
9,6246,197,1.0,541,1008,5238,0.01447141513318654
9,6255,198,1.0,542,1008,5247,0.014426923809234849
9,6264,199,1.0,543,1008,5256,0.014382875181353196
9,6273,200,1.0,544,1008,5265,0.01433926484464209
9,6282,201,1.0,545,1008,5274,0.014296088438031505
9,6291,202,1.0,546,1008,5283,0.014253341643844817
9,6300,203,1.0,547,1008,5292,0.014211020187366974
9,6309,204,1.0,548,1008,5301,0.014169119836417065
9,6318,205,1.0,549,1008,5310,0.01412763640092507
9,6327,206,1.0,550,1008,5319,0.014086565732512882
9,6336,207,1.0,551,1008,5328,0.014045903724079427
9,6345,208,1.0,552,1008,5337,0.014005646309389977
9,6354,209,1.0,553,1008,5346,0.013965789462669513
9,6363,210,1.0,554,1008,5355,0.013926329198200155
9,6372,211,1.0,555,1008,5364,0.013887261569922569
9,6381,212,1.0,556,1008,5373,0.01384858267104137
9,6390,213,1.0,557,1008,5382,0.013810288633634434
9,6399,214,1.0,558,1008,5391,0.013772375628266116
9,6408,215,1.0,559,1008,5400,0.013734839863604284
9,6417,216,1.0,560,1008,5409,0.013697677586041186
9,6426,217,1.0,561,1008,5418,0.0136608850793181
9,6435,218,1.0,562,1008,5427,0.013624458664153696
9,6444,219,1.0,563,1008,5436,0.013588394697876097
9,6453,220,1.0,564,1008,5445,0.013552689574058628
9,6462,221,1.0,565,1008,5454,0.013517339722159148
9,6471,222,1.0,566,1008,5463,0.013482341607163007
9,6480,223,1.0,567,1008,5472,0.013447691729229546
9,6489,224,1.0,568,1008,5481,0.013413386623342096
9,6498,225,1.0,569,1008,5490,0.013379422858961477
9,6507,226,1.0,570,1008,5499,0.013345797039682946
9,6516,227,1.0,571,1008,5508,0.01331250580289656
9,6525,228,1.0,572,1008,5517,0.013279545819450893
9,6534,229,1.0,573,1008,5526,0.013246913793320138
9,6543,230,1.0,574,1008,5535,0.01321460646127448
9,6552,231,1.0,575,1008,5544,0.013182620592553802
9,6561,232,1.0,576,1008,5553,0.01315095298854457
9,6570,233,1.0,577,1008,5562,0.013119600482459998
9,6579,234,1.0,578,1008,5571,0.013088559939023343
9,6588,235,1.0,579,1008,5580,0.013057828254154401
9,6597,236,1.0,580,1008,5589,0.013027402354659073
9,6606,237,1.0,581,1008,5598,0.012997279197922058
9,6615,238,1.0,582,1008,5607,0.012967455771602571
9,6624,239,1.0,583,1008,5616,0.012937929093333135
34,6658,239,0.0,584,1010,5648,0.012908696210421315
9,6667,240,1.0,585,1010,5657,0.012879754199554458
9,6676,241,1.0,586,1010,5666,0.012851100166507357
9,6685,242,1.0,587,1010,5675,0.012822731245852837
9,6694,243,1.0,588,1010,5684,0.012794644600675184
9,6703,244,1.0,589,1010,5693,0.012766837422286476
9,6712,245,1.0,590,1010,5702,0.012739306929945703
9,6721,246,1.0,591,1010,5711,0.012712050370580685
9,6730,247,1.0,592,1010,5720,0.012685065018512777
9,6739,248,1.0,593,1010,5729,0.012658348175184284
9,6748,249,1.0,594,1010,5738,0.012631897168888604
9,6757,250,1.0,595,1010,5747,0.012605709354503067
9,6766,251,1.0,596,1010,5756,0.012579782113224414
9,6775,252,1.0,597,1010,5765,0.012554112852306908
9,6784,253,1.0,598,1010,5774,0.012528699004803068
9,6793,253,0.0,599,1011,5782,0.012503538029306963
9,6802,254,1.0,600,1011,5791,0.012478627409700078
9,6811,255,1.0,601,1011,5800,0.012453964654899695
9,6820,256,1.0,602,1011,5809,0.012429547298609778
9,6829,257,1.0,603,1011,5818,0.01240537289907435
9,6838,258,1.0,604,1011,5827,0.012381439038833314
9,6847,259,1.0,605,1011,5836,0.012357743324480702
9,6856,260,1.0,606,1011,5845,0.01233428338642533
9,6865,261,1.0,607,1011,5854,0.012311056878653841
9,6874,262,1.0,608,1011,5863,0.012288061478496108
9,6883,263,1.0,609,1011,5872,0.012265294886392948
9,6892,264,1.0,610,1011,5881,0.01224275482566618
9,6901,265,1.0,611,1011,5890,0.012220439042290943
9,6910,266,1.0,612,1011,5899,0.012198345304670311
9,6919,267,1.0,613,1011,5908,0.012176471403412107
9,6928,268,1.0,614,1011,5917,0.012154815151107974
9,6937,269,1.0,615,1011,5926,0.012133374382114637
9,6946,270,1.0,616,1011,5935,0.012112146952337331
9,6955,271,1.0,617,1011,5944,0.012091130739015387
9,6964,272,1.0,618,1011,5953,0.012070323640509958
9,6973,273,1.0,619,1011,5962,0.012049723576093858
9,6982,274,1.0,620,1011,5971,0.012029328485743472
9,6991,275,1.0,621,1011,5980,0.012009136329932777
9,7000,276,1.0,622,1011,5989,0.01198914508942936
9,7009,277,1.0,623,1011,5998,0.011969352765092513
9,7018,278,1.0,624,1011,6007,0.011949757377673304
9,7027,279,1.0,625,1011,6016,0.01193035696761667
9,7036,280,1.0,626,1011,6025,0.011911149594865432
9,7045,281,1.0,627,1011,6034,0.011892133338666311
9,7054,282,1.0,628,1011,6043,0.01187330629737784
9,7063,283,1.0,629,1011,6052,0.011854666588280199
9,7072,284,1.0,630,1011,6061,0.011836212347386948
9,7081,285,1.0,631,1011,6070,0.011817941729258619
9,7090,286,1.0,632,1011,6079,0.011799852906818169
9,7099,287,1.0,633,1011,6088,0.011781944071168286
9,7108,288,1.0,634,1011,6097,0.011764213431410478
9,7117,289,1.0,635,1011,6106,0.011746659214465993
9,7126,290,1.0,636,1011,6115,0.011729279664898506
9,7135,291,1.0,637,1012,6123,0.011712073044738584
9,7144,292,1.0,638,1012,6132,0.011695037633309868
9,7153,293,1.0,639,1012,6141,0.011678171727057018
9,7162,294,1.0,640,1012,6150,0.011661473639375353
9,7171,295,1.0,641,1012,6159,0.011644941700442194
9,7180,296,1.0,642,1012,6168,0.011628574257049868
9,7189,297,1.0,643,1012,6177,0.011612369672440398
9,7198,298,1.0,644,1012,6186,0.011596326326141817
9,7207,299,1.0,645,1012,6195,0.011580442613806126
9,7216,300,1.0,646,1012,6204,0.011564716947048855
9,7225,301,1.0,647,1012,6213,0.011549147753290225
9,7234,302,1.0,648,1012,6222,0.011533733475597885
9,7243,303,1.0,649,1012,6231,0.011518472572531219
9,7252,304,1.0,650,1012,6240,0.011503363517987204
9,7261,305,1.0,651,1012,6249,0.011488404801047796
9,7270,306,1.0,652,1012,6258,0.011473594925828836
9,7279,307,1.0,653,1012,6267,0.011458932411330456
9,7288,308,1.0,654,1012,6276,0.01144441579128899
9,7297,309,1.0,655,1012,6285,0.011430043614030338
9,7306,310,1.0,656,1012,6294,0.011415814442324796
9,7315,311,1.0,657,1012,6303,0.011401726853243335
9,7324,312,1.0,658,1012,6312,0.011387779438015309
9,7333,313,1.0,659,1012,6321,0.011373970801887569
9,7342,314,1.0,660,1013,6329,0.011360299563985
9,7351,315,1.0,661,1013,6338,0.011346764357172414
9,7360,316,1.0,662,1013,6347,0.011333363827917855
9,7369,317,1.0,663,1013,6356,0.011320096636157226
9,7378,318,1.0,664,1014,6364,0.011306961455160297
9,7387,319,1.0,665,1014,6373,0.011293956971398022
16,7403,319,0.0,666,1015,6388,0.01128108188441119
15,7418,319,0.0,667,1015,6403,0.01126833490668037
9,7427,320,1.0,668,1015,6412,0.011255714763497167
14,7441,320,0.0,669,1015,6426,0.011243220192836747
9,7450,321,1.0,670,1015,6435,0.011230849945231628
71,7521,321,0.0,671,1016,6505,0.011218602783646746
26,7547,321,0.0,672,1016,6531,0.011206477483355735
14,7561,321,0.0,673,1016,6545,0.01119447283181846
15,7576,321,0.0,674,1016,6560,0.011182587628559764
29,7605,322,1.0,675,1016,6589,0.011170820685049418
9,7614,322,0.0,676,1016,6598,0.011159170824583262
44,7658,322,0.0,677,1017,6641,0.011147636882165546
41,7699,322,0.0,678,1017,6682,0.011136217704392411
26,7725,322,0.0,679,1017,6708,0.011124912149336568
3,7728,322,0.0,680,1017,6711,0.01111371908643309
28,7756,322,0.0,681,1017,6739,0.011102637396366355
9,7765,322,0.0,682,1018,6747,0.011091665970958125
14,7779,322,0.0,683,1018,6761,0.011080803713056716
14,7793,322,0.0,684,1018,6775,0.011070049536427285
18,7811,322,0.0,685,1018,6793,0.011059402365643208
11,7822,322,0.0,686,1018,6804,0.011048861135978534
7,7829,322,0.0,687,1018,6811,0.011038424793301511
14,7843,322,0.0,688,1018,6825,0.011028092293969175
13,7856,322,0.0,689,1018,6838,0.011017862604722983
14,7870,322,0.0,690,1018,6852,0.011007734702585483
9,7879,322,0.0,691,1018,6861,0.010997707574758025
9,7888,322,0.0,692,1018,6870,0.010987780218519469
11,7899,322,0.0,693,1018,6881,0.010977951641125918
9,7908,322,0.0,694,1018,6890,0.010968220859711442
16,7924,322,0.0,695,1018,6906,0.010958586901189789
6,7930,323,1.0,696,1018,6912,0.01094904880215708
6,7936,324,1.0,697,1018,6918,0.010939605608795464
6,7942,325,1.0,698,1018,6924,0.010930256376777735
6,7948,326,1.0,699,1018,6930,0.010921000171172899
6,7954,327,1.0,700,1018,6936,0.010911836066352685
6,7960,328,1.0,701,1018,6942,0.010902763145898971
6,7966,329,1.0,702,1018,6948,0.010893780502512152
6,7972,330,1.0,703,1018,6954,0.010884887237920403
6,7978,331,1.0,704,1018,6960,0.010876082462789857
6,7984,332,1.0,705,1018,6966,0.010867365296635659
6,7990,333,1.0,706,1018,6972,0.010858734867733933
10,8000,333,0.0,707,1019,6981,0.010850190313034594
6,8006,334,1.0,708,1019,6987,0.010841730778075053
6,8012,335,1.0,709,1019,6993,0.010833355416894765
6,8018,336,1.0,710,1019,6999,0.01082506339195063
6,8024,337,1.0,711,1019,7005,0.010816853874033245
6,8030,338,1.0,712,1019,7011,0.010808726042183978
6,8036,339,1.0,713,1019,7017,0.01080067908361287
6,8042,340,1.0,714,1019,7023,0.01079271219361736
6,8048,341,1.0,715,1019,7029,0.010784824575501804
6,8054,342,1.0,716,1019,7035,0.010777015440497823
6,8060,343,1.0,717,1019,7041,0.010769284007685407
6,8066,344,1.0,718,1019,7047,0.01076162950391483
6,8072,345,1.0,719,1019,7053,0.01075405116372934
6,8078,346,1.0,720,1019,7059,0.010746548229288598
6,8084,347,1.0,721,1019,7065,0.010739119950292912
6,8090,348,1.0,722,1019,7071,0.010731765583908192
6,8096,349,1.0,723,1019,7077,0.010724484394691668
6,8102,350,1.0,724,1019,7083,0.010717275654518353
6,8108,351,1.0,725,1019,7089,0.010710138642508221
6,8114,352,1.0,726,1019,7095,0.010703072644954124
6,8120,353,1.0,727,1019,7101,0.010696076955250418
6,8126,354,1.0,728,1019,7107,0.010689150873822304
6,8132,355,1.0,729,1019,7113,0.010682293708055865
6,8138,356,1.0,730,1019,7119,0.010675504772228813
6,8144,357,1.0,731,1019,7125,0.010668783387441906
6,8150,358,1.0,732,1019,7131,0.010662128881551065
6,8156,359,1.0,733,1019,7137,0.010655540589100154
6,8162,360,1.0,734,1019,7143,0.010649017851254439
6,8168,361,1.0,735,1019,7149,0.0106425600157347
6,8174,362,1.0,736,1019,7155,0.010636166436752002
6,8180,363,1.0,737,1019,7161,0.01062983647494312
6,8186,364,1.0,738,1019,7167,0.010623569497306598
6,8192,365,1.0,739,1019,7173,0.01061736487713945
6,8198,366,1.0,740,1019,7179,0.010611221993974488
6,8204,367,1.0,741,1019,7185,0.010605140233518277
6,8210,368,1.0,742,1019,7191,0.010599118987589702
6,8216,369,1.0,743,1019,7197,0.010593157654059155
6,8222,370,1.0,744,1019,7203,0.010587255636788313
6,8228,371,1.0,745,1019,7209,0.01058141234557053
6,8234,372,1.0,746,1019,7215,0.01057562719607182
6,8240,373,1.0,747,1019,7221,0.010569899609772403
6,8246,374,1.0,748,1019,7227,0.010564229013908884
6,8252,375,1.0,749,1019,7233,0.010558614841416947
6,8258,376,1.0,750,1019,7239,0.010553056530874667
6,8264,377,1.0,751,1019,7245,0.010547553526446355
6,8270,378,1.0,752,1019,7251,0.010542105277826985
6,8276,379,1.0,753,1019,7257,0.010536711240187152
6,8282,380,1.0,754,1019,7263,0.0105313708741186
6,8288,381,1.0,755,1019,7269,0.01052608364558027
6,8294,382,1.0,756,1019,7275,0.010520849025844903
6,8300,383,1.0,757,1019,7281,0.010515666491446161
6,8306,384,1.0,758,1019,7287,0.01051053552412629
6,8312,385,1.0,759,1019,7293,0.010505455610784278
6,8318,386,1.0,760,1019,7299,0.010500426243424558
6,8324,387,1.0,761,1019,7305,0.010495446919106205
6,8330,388,1.0,762,1019,7311,0.010490517139892635
6,8336,389,1.0,763,1019,7317,0.010485636412801822
6,8342,390,1.0,764,1019,7323,0.010480804249756986
6,8348,391,1.0,765,1019,7329,0.010476020167537797
6,8354,392,1.0,766,1019,7335,0.010471283687732046
6,8360,393,1.0,767,1019,7341,0.010466594336687809
6,8366,394,1.0,768,1019,7347,0.010461951645466068
6,8372,395,1.0,769,1019,7353,0.010457355149793835
6,8378,396,1.0,770,1019,7359,0.010452804390017712
6,8384,397,1.0,771,1019,7365,0.010448298911057929
6,8390,398,1.0,772,1019,7371,0.010443838262362837
6,8396,399,1.0,773,1019,7377,0.010439421997863846
6,8402,400,1.0,774,1019,7383,0.010435049675930827
6,8408,401,1.0,775,1019,7389,0.010430720859327945
6,8414,402,1.0,776,1019,7395,0.01042643511516993
2,8416,402,0.0,777,1020,7396,0.010422192014878798
6,8422,403,1.0,778,1020,7402,0.01041799113414098
6,8428,404,1.0,779,1020,7408,0.010413832052864903
6,8434,405,1.0,780,1020,7414,0.010409714355138974
6,8440,406,1.0,781,1020,7420,0.010405637629189989
6,8446,407,1.0,782,1020,7426,0.010401601467341955
6,8452,408,1.0,783,1020,7432,0.010397605465975325
6,8458,409,1.0,784,1020,7438,0.01039364922548663
6,8464,410,1.0,785,1020,7444,0.010389732350248527
6,8470,411,1.0,786,1020,7450,0.010385854448570228
6,8476,412,1.0,787,1020,7456,0.01038201513265833
6,8482,413,1.0,788,1020,7462,0.010378214018578047
6,8488,414,1.0,789,1020,7468,0.0103744507262148
6,8494,415,1.0,790,1020,7474,0.010370724879236218
6,8500,416,1.0,791,1020,7480,0.010367036105054498
6,8506,417,1.0,792,1020,7486,0.010363384034789147
6,8512,418,1.0,793,1020,7492,0.010359768303230097
6,8518,419,1.0,794,1020,7498,0.010356188548801179
6,8524,420,1.0,795,1020,7504,0.010352644413523964
6,8530,421,1.0,796,1020,7510,0.010349135542981974
6,8536,422,1.0,797,1020,7516,0.010345661586285228
6,8542,423,1.0,798,1020,7522,0.010342222196035164
6,8548,424,1.0,799,1020,7528,0.01033881702828989
6,8554,425,1.0,800,1020,7534,0.010335445742529792
6,8560,426,1.0,801,1020,7540,0.010332108001623487
6,8566,427,1.0,802,1020,7546,0.010328803471794101
6,8572,428,1.0,803,1020,7552,0.0103255318225859
6,8578,429,1.0,804,1020,7558,0.010322292726831234
6,8584,430,1.0,805,1020,7564,0.01031908586061783
6,8590,431,1.0,806,1020,7570,0.010315910903256391
6,8596,432,1.0,807,1020,7576,0.01031276753724854
6,8602,433,1.0,808,1020,7582,0.010309655448255054
6,8608,434,1.0,809,1020,7588,0.01030657432506444
6,8614,435,1.0,810,1020,7594,0.010303523859561813
6,8620,436,1.0,811,1020,7600,0.01030050374669808
6,8626,437,1.0,812,1020,7606,0.010297513684459435
6,8632,438,1.0,813,1020,7612,0.010294553373837166
6,8638,439,1.0,814,1020,7618,0.010291622518797741
6,8644,440,1.0,815,1020,7624,0.010288720826253218
6,8650,441,1.0,816,1020,7630,0.010285848006031922
6,8656,442,1.0,817,1020,7636,0.010283003770849435
6,8662,443,1.0,818,1020,7642,0.010280187836279871
6,8668,444,1.0,819,1020,7648,0.010277399920727424
6,8674,445,1.0,820,1020,7654,0.01027463974539822
6,8680,446,1.0,821,1020,7660,0.010271907034272422
6,8686,447,1.0,822,1020,7666,0.01026920151407664
6,8692,448,1.0,823,1020,7672,0.010266522914256601
6,8698,449,1.0,824,1021,7677,0.010263870966950093
6,8704,450,1.0,825,1021,7683,0.01026124540696017
6,8710,451,1.0,826,1021,7689,0.010258645971728651
6,8716,452,1.0,827,1021,7695,0.010256072401309843
23,8739,452,0.0,828,1022,7717,0.01025352443834456
6,8745,453,1.0,829,1022,7723,0.010251001828034383
2,8747,453,0.0,830,1023,7724,0.010248504318116178
6,8753,454,1.0,831,1023,7730,0.010246031658836873
6,8759,455,1.0,832,1023,7736,0.010243583602928479
6,8765,456,1.0,833,1023,7742,0.010241159905583363
6,8771,457,1.0,834,1023,7748,0.010238760324429774
6,8777,458,1.0,835,1023,7754,0.010236384619507594
6,8783,459,1.0,836,1023,7760,0.010234032553244354
6,8789,460,1.0,837,1023,7766,0.010231703890431466
6,8795,461,1.0,838,1023,7772,0.01022939839820071
5,8800,461,0.0,839,1024,7776,0.010227115846000938
6,8806,462,1.0,840,1024,7782,0.01022485600557503
6,8812,463,1.0,841,1024,7788,0.01022261865093706
6,8818,464,1.0,842,1024,7794,0.010220403558349701
6,8824,465,1.0,843,1024,7800,0.010218210506301846
6,8830,466,1.0,844,1024,7806,0.010216039275486465
4,8834,466,0.0,845,1025,7809,0.010213889648778665
6,8840,467,1.0,846,1025,7815,0.010211761411213984
6,8846,468,1.0,847,1025,7821,0.010209654349966894
6,8852,469,1.0,848,1025,7827,0.010207568254329514
6,8858,470,1.0,849,1025,7833,0.01020550291569054
6,8864,471,1.0,850,1025,7839,0.010203458127514388
6,8870,472,1.0,851,1025,7845,0.010201433685320538
6,8876,473,1.0,852,1025,7851,0.010199429386663081
6,8882,474,1.0,853,1025,7857,0.010197445031110482
6,8888,475,1.0,854,1025,7863,0.010195480420225531
6,8894,476,1.0,855,1025,7869,0.010193535357545505
6,8900,477,1.0,856,1025,7875,0.010191609648562514
6,8906,478,1.0,857,1025,7881,0.010189703100704052
6,8912,479,1.0,858,1025,7887,0.01018781552331375
6,8918,480,1.0,859,1025,7893,0.01018594672763229
6,8924,481,1.0,860,1025,7899,0.010184096526778551
6,8930,482,1.0,861,1025,7905,0.010182264735730903
6,8936,483,1.0,862,1025,7911,0.010180451171308717
6,8942,484,1.0,863,1025,7917,0.010178655652154037
6,8948,485,1.0,864,1025,7923,0.010176877998713455
6,8954,486,1.0,865,1025,7929,0.01017511803322014
6,8960,487,1.0,866,1025,7935,0.010173375579676082
6,8966,488,1.0,867,1025,7941,0.01017165046383447
6,8972,489,1.0,868,1025,7947,0.010169942513182286
6,8978,490,1.0,869,1025,7953,0.010168251556923037
6,8984,491,1.0,870,1025,7959,0.010166577425959692
6,8990,492,1.0,871,1025,7965,0.010164919952877757
6,8996,493,1.0,872,1025,7971,0.010163278971928544
6,9002,494,1.0,873,1025,7977,0.01016165431901259
6,9008,495,1.0,874,1025,7983,0.01016004583166325
6,9014,496,1.0,875,1025,7989,0.010158453349030448
6,9020,497,1.0,876,1025,7995,0.010156876711864594
6,9026,498,1.0,877,1025,8001,0.010155315762500658
6,9032,499,1.0,878,1025,8007,0.0101537703448424
6,9038,500,1.0,879,1025,8013,0.010152240304346772
6,9044,501,1.0,880,1025,8019,0.010150725488008444
6,9050,502,1.0,881,1025,8025,0.010149225744344521
6,9056,503,1.0,882,1025,8031,0.01014774092337939
6,9062,504,1.0,883,1025,8037,0.010146270876629714
6,9068,505,1.0,884,1025,8043,0.010144815457089593
6,9074,506,1.0,885,1025,8049,0.010143374519215861
6,9080,507,1.0,886,1025,8055,0.01014194791891353
6,9086,508,1.0,887,1025,8061,0.01014053551352138
6,9092,509,1.0,888,1025,8067,0.010139137161797698
6,9098,510,1.0,889,1025,8073,0.010137752723906142
6,9104,511,1.0,890,1025,8079,0.01013638206140177
6,9110,512,1.0,891,1025,8085,0.010135025037217192
6,9116,513,1.0,892,1025,8091,0.010133681515648855
6,9122,514,1.0,893,1025,8097,0.010132351362343486
6,9128,515,1.0,894,1025,8103,0.010131034444284644
6,9134,516,1.0,895,1025,8109,0.010129730629779427
6,9140,517,1.0,896,1025,8115,0.010128439788445296
6,9146,518,1.0,897,1025,8121,0.010127161791197044
6,9152,519,1.0,898,1025,8127,0.01012589651023388
6,9158,520,1.0,899,1025,8133,0.010124643819026653
6,9164,521,1.0,900,1025,8139,0.0101234035923052
6,9170,522,1.0,901,1025,8145,0.010122175706045813
6,9176,523,1.0,902,1025,8151,0.010120960037458845
6,9182,524,1.0,903,1025,8157,0.010119756464976423
6,9188,525,1.0,904,1025,8163,0.010118564868240294
6,9194,526,1.0,905,1025,8169,0.010117385128089795
6,9200,527,1.0,906,1025,8175,0.010116217126549927
6,9206,528,1.0,907,1025,8181,0.010115060746819561
6,9212,529,1.0,908,1025,8187,0.010113915873259762
6,9218,530,1.0,909,1025,8193,0.010112782391382219
6,9224,531,1.0,910,1025,8199,0.010111660187837799
6,9230,532,1.0,911,1025,8205,0.010110549150405214
6,9236,533,1.0,912,1025,8211,0.010109449167979795
6,9242,534,1.0,913,1025,8217,0.010108360130562379
6,9248,535,1.0,914,1025,8223,0.010107281929248322
6,9254,536,1.0,915,1025,8229,0.010106214456216591
6,9260,537,1.0,916,1025,8235,0.010105157604718994
6,9266,538,1.0,917,1025,8241,0.010104111269069502
6,9272,539,1.0,918,1025,8247,0.010103075344633675
6,9278,540,1.0,919,1025,8253,0.010102049727818207
6,9284,541,1.0,920,1025,8259,0.010101034316060565
6,9290,542,1.0,921,1025,8265,0.010100029007818723
6,9296,543,1.0,922,1025,8271,0.01009903370256102
6,9302,544,1.0,923,1025,8277,0.010098048300756102
6,9308,545,1.0,924,1025,8283,0.010097072703862968
6,9314,546,1.0,925,1025,8289,0.010096106814321115
6,9320,547,1.0,926,1025,8295,0.01009515053554078
6,9326,548,1.0,927,1025,8301,0.010094203771893295
6,9332,549,1.0,928,1025,8307,0.010093266428701501
6,9338,550,1.0,929,1025,8313,0.0100923384122303
6,9344,551,1.0,930,1025,8319,0.01009141962967727
6,9350,552,1.0,931,1025,8325,0.010090509989163391
6,9356,553,1.0,932,1025,8331,0.010089609399723856
6,9362,554,1.0,933,1025,8337,0.010088717771298966
6,9368,555,1.0,934,1025,8343,0.010087835014725138
6,9374,556,1.0,935,1025,8349,0.010086961041725979
6,9380,557,1.0,936,1025,8355,0.01008609576490346
6,9386,558,1.0,937,1025,8361,0.010085239097729176
6,9392,559,1.0,938,1025,8367,0.0100843909545357
6,9398,560,1.0,939,1025,8373,0.010083551250508005
6,9404,561,1.0,940,1025,8379,0.010082719901674985
6,9410,562,1.0,941,1025,8385,0.010081896824901066
6,9416,563,1.0,942,1025,8391,0.010081081937877885
6,9422,564,1.0,943,1026,8396,0.01008027515911606
6,9428,565,1.0,944,1026,8402,0.010079476407937044
6,9434,566,1.0,945,1026,8408,0.010078685604465051
6,9440,567,1.0,946,1026,8414,0.010077902669619077
6,9446,568,1.0,947,1026,8420,0.010077127525104984
6,9452,569,1.0,948,1026,8426,0.010076360093407673
6,9458,570,1.0,949,1026,8432,0.010075600297783338
6,9464,571,1.0,950,1026,8438,0.010074848062251781
6,9470,572,1.0,951,1026,8444,0.010074103311588823
6,9476,573,1.0,952,1026,8450,0.010073365971318778
6,9482,574,1.0,953,1026,8456,0.010072635967707003
10,9492,574,0.0,954,1027,8465,0.010071913227752527
6,9498,575,1.0,955,1027,8471,0.010071197679180756
6,9504,576,1.0,956,1028,8476,0.010070489250436234
6,9510,577,1.0,957,1028,8482,0.010069787870675497
6,9516,578,1.0,958,1028,8488,0.010069093469759984
6,9522,579,1.0,959,1028,8494,0.010068405978249026
6,9528,580,1.0,960,1028,8500,0.010067725327392897
6,9534,581,1.0,961,1028,8506,0.010067051449125945
6,9540,582,1.0,962,1028,8512,0.010066384276059784
6,9546,583,1.0,963,1028,8518,0.010065723741476547
6,9552,584,1.0,964,1028,8524,0.01006506977932223
6,9558,585,1.0,965,1028,8530,0.010064422324200068
6,9564,586,1.0,966,1028,8536,0.010063781311364012
6,9570,587,1.0,967,1028,8542,0.010063146676712244
4,9574,587,0.0,968,1029,8545,0.01006251835678077
6,9580,588,1.0,969,1029,8551,0.010061896288737071
7,9587,588,0.0,970,1030,8557,0.01006128041037383
6,9593,589,1.0,971,1031,8562,0.01006067066010269
6,9599,590,1.0,972,1031,8568,0.01006006697694812
6,9605,591,1.0,973,1031,8574,0.010059469300541302
6,9611,592,1.0,974,1031,8580,0.010058877571114096
6,9617,593,1.0,975,1031,8586,0.010058291729493065
6,9623,594,1.0,976,1031,8592,0.01005771171709356
6,9629,595,1.0,977,1031,8598,0.010057137475913858
6,9635,596,1.0,978,1031,8604,0.010056568948529363
6,9641,597,1.0,979,1031,8610,0.010056006078086861
6,9647,598,1.0,980,1031,8616,0.01005544880829884
6,9653,599,1.0,981,1031,8622,0.010054897083437856
6,9659,600,1.0,982,1031,8628,0.010054350848330963
6,9665,601,1.0,983,1031,8634,0.010053810048354195
18,9683,601,0.0,984,1032,8651,0.010053274629427107
6,9689,602,1.0,985,1032,8657,0.010052744538007355
6,9695,603,1.0,986,1032,8663,0.01005221972108536
6,9701,604,1.0,987,1032,8669,0.010051700126178988
6,9707,605,1.0,988,1032,8675,0.010051185701328317
6,9713,606,1.0,989,1032,8681,0.010050676395090436
6,9719,607,1.0,990,1032,8687,0.010050172156534292
6,9725,608,1.0,991,1032,8693,0.010049672935235614
6,9731,609,1.0,992,1032,8699,0.010049178681271852
6,9737,610,1.0,993,1032,8705,0.010048689345217202
6,9743,611,1.0,994,1032,8711,0.010048204878137646
6,9749,612,1.0,995,1032,8717,0.010047725231586075
6,9755,613,1.0,996,1032,8723,0.010047250357597435
6,9761,614,1.0,997,1032,8729,0.010046780208683928
6,9767,615,1.0,998,1032,8735,0.010046314737830275
6,9773,616,1.0,999,1032,8741,0.010045853898488999
6,9779,617,1.0,1000,1032,8747,0.010045397644575786
6,9785,618,1.0,1001,1032,8753,0.010044945930464861
6,9791,619,1.0,1002,1032,8759,0.010044498710984437
6,9797,620,1.0,1003,1032,8765,0.010044055941412194
6,9803,621,1.0,1004,1032,8771,0.010043617577470805
6,9809,622,1.0,1005,1032,8777,0.010043183575323512
6,9815,623,1.0,1006,1032,8783,0.010042753891569738
6,9821,624,1.0,1007,1032,8789,0.01004232848324075
6,9827,625,1.0,1008,1032,8795,0.010041907307795358
6,9833,626,1.0,1009,1032,8801,0.01004149032311567
6,9839,627,1.0,1010,1032,8807,0.010041077487502869
6,9845,628,1.0,1011,1032,8813,0.010040668759673048
6,9851,629,1.0,1012,1032,8819,0.010040264098753086
6,9857,630,1.0,1013,1032,8825,0.010039863464276553
6,9863,631,1.0,1014,1032,8831,0.010039466816179668
6,9869,632,1.0,1015,1032,8837,0.010039074114797288
6,9875,633,1.0,1016,1032,8843,0.01003868532085895
6,9881,634,1.0,1017,1032,8849,0.010038300395484938
6,9887,635,1.0,1018,1032,8855,0.01003791930018239
6,9893,636,1.0,1019,1032,8861,0.01003754199684146
6,9899,637,1.0,1020,1032,8867,0.0100371684477315
6,9905,638,1.0,1021,1032,8873,0.010036798615497286
6,9911,639,1.0,1022,1032,8879,0.010036432463155286
6,9917,640,1.0,1023,1032,8885,0.010036069954089965
6,9923,641,1.0,1024,1032,8891,0.01003571105205011
6,9929,642,1.0,1025,1032,8897,0.01003535572114522
6,9935,643,1.0,1026,1032,8903,0.010035003925841906
6,9941,644,1.0,1027,1032,8909,0.010034655630960348
25,9966,644,0.0,1028,1033,8933,0.010034310801670764
6,9972,645,1.0,1029,1033,8939,0.010033969403489941
6,9978,646,1.0,1030,1033,8945,0.010033631402277775
6,9984,647,1.0,1031,1033,8951,0.010033296764233863
6,9990,648,1.0,1032,1033,8957,0.01003296545589412
6,9996,649,1.0,1033,1033,8963,0.01003263744412744
6,10002,650,1.0,1034,1033,8969,0.010032312696132369
6,10008,651,1.0,1035,1033,8975,0.01003199117943384
6,10014,652,1.0,1036,1033,8981,0.010031672861879913
6,10020,653,1.0,1037,1033,8987,0.010031357711638567
6,10026,654,1.0,1038,1033,8993,0.010031045697194518
6,10032,655,1.0,1039,1033,8999,0.01003073678734606
6,10038,656,1.0,1040,1033,9005,0.01003043095120195
6,10044,657,1.0,1041,1033,9011,0.01003012815817832
6,10050,658,1.0,1042,1033,9017,0.010029828377995615
6,10056,659,1.0,1043,1033,9023,0.010029531580675564
6,10062,660,1.0,1044,1033,9029,0.010029237736538193
6,10068,661,1.0,1045,1033,9035,0.01002894681619884
6,10074,662,1.0,1046,1033,9041,0.010028658790565229
6,10080,663,1.0,1047,1033,9047,0.010028373630834558
18,10098,663,0.0,1048,1034,9064,0.010028091308490614
6,10104,664,1.0,1049,1034,9070,0.010027811795300929
6,10110,665,1.0,1050,1034,9076,0.01002753506331395
6,10116,666,1.0,1051,1034,9082,0.01002726108485625
6,10122,667,1.0,1052,1034,9088,0.010026989832529752
6,10128,668,1.0,1053,1034,9094,0.010026721279208999
6,10134,669,1.0,1054,1034,9100,0.010026455398038434
6,10140,670,1.0,1055,1034,9106,0.01002619216242972
6,10146,671,1.0,1056,1034,9112,0.010025931546059077
6,10152,672,1.0,1057,1034,9118,0.010025673522864646
6,10158,673,1.0,1058,1034,9124,0.0100254180670439
6,10164,674,1.0,1059,1034,9130,0.010025165153051038
4,10168,674,0.0,1060,1035,9133,0.010024914755594453
6,10174,675,1.0,1061,1035,9139,0.01002466684963419
6,10180,676,1.0,1062,1035,9145,0.010024421410379444
6,10186,677,1.0,1063,1035,9151,0.01002417841328609
6,10192,678,1.0,1064,1035,9157,0.010023937834054211
6,10198,679,1.0,1065,1035,9163,0.010023699648625687
6,10204,680,1.0,1066,1035,9169,0.010023463833181775
6,10210,681,1.0,1067,1035,9175,0.010023230364140734
6,10216,682,1.0,1068,1035,9181,0.010022999218155467
6,10222,683,1.0,1069,1035,9187,0.01002277037211118
6,10228,684,1.0,1070,1035,9193,0.01002254380312308
4,10232,684,0.0,1071,1036,9196,0.01002231948853408
6,10238,685,1.0,1072,1036,9202,0.010022097405912533
6,10244,686,1.0,1073,1036,9208,0.010021877533049992
6,10250,687,1.0,1074,1036,9214,0.010021659847958985
6,10256,688,1.0,1075,1036,9220,0.010021444328870826
6,10262,689,1.0,1076,1036,9226,0.010021230954233424
6,10268,690,1.0,1077,1036,9232,0.010021019702709136
6,10274,691,1.0,1078,1036,9238,0.010020810553172638
6,10280,692,1.0,1079,1036,9244,0.010020603484708799
6,10286,693,1.0,1080,1036,9250,0.0100203984766106
6,10292,694,1.0,1081,1036,9256,0.01002019550837706
6,10298,695,1.0,1082,1036,9262,0.010019994559711188
6,10304,696,1.0,1083,1036,9268,0.01001979561051795
6,10310,697,1.0,1084,1036,9274,0.01001959864090226
6,10316,698,1.0,1085,1036,9280,0.010019403631166992
6,10322,699,1.0,1086,1036,9286,0.01001921056181101
6,10328,700,1.0,1087,1036,9292,0.01001901941352722
6,10334,701,1.0,1088,1036,9298,0.01001883016720063
6,10340,702,1.0,1089,1036,9304,0.010018642803906453
6,10346,703,1.0,1090,1036,9310,0.010018457304908203
6,10352,704,1.0,1091,1036,9316,0.010018273651655822
6,10358,705,1.0,1092,1036,9322,0.010018091825783837
6,10364,706,1.0,1093,1036,9328,0.010017911809109508
6,10370,707,1.0,1094,1036,9334,0.010017733583631014
6,10376,708,1.0,1095,1036,9340,0.010017557131525663
6,10382,709,1.0,1096,1036,9346,0.010017382435148095
6,10388,710,1.0,1097,1036,9352,0.010017209477028527
6,10394,711,1.0,1098,1036,9358,0.010017038239871004
6,10400,712,1.0,1099,1036,9364,0.010016868706551666
6,10406,713,1.0,1100,1036,9370,0.01001670086011704
6,10412,714,1.0,1101,1036,9376,0.010016534683782344
6,10418,715,1.0,1102,1036,9382,0.010016370160929804
6,10424,716,1.0,1103,1036,9388,0.010016207275107
6,10430,717,1.0,1104,1036,9394,0.010016046010025212
6,10436,718,1.0,1105,1036,9400,0.0100158863495578
6,10442,719,1.0,1106,1036,9406,0.01001572827773858
6,10448,720,1.0,1107,1036,9412,0.010015571778760241
6,10454,721,1.0,1108,1036,9418,0.010015416836972756
6,10460,722,1.0,1109,1036,9424,0.010015263436881815
6,10466,723,1.0,1110,1036,9430,0.010015111563147282
6,10472,724,1.0,1111,1036,9436,0.010014961200581656
6,10478,725,1.0,1112,1036,9442,0.010014812334148557
6,10484,726,1.0,1113,1036,9448,0.010014664948961216
6,10490,727,1.0,1114,1036,9454,0.010014519030280992
6,10496,728,1.0,1115,1036,9460,0.010014374563515895
6,10502,729,1.0,1116,1036,9466,0.01001423153421913
6,10508,730,1.0,1117,1036,9472,0.010014089928087644
6,10514,731,1.0,1118,1036,9478,0.01001394973096071
6,10520,732,1.0,1119,1036,9484,0.010013810928818496
6,10526,733,1.0,1120,1037,9489,0.010013673507780674
6,10532,734,1.0,1121,1037,9495,0.010013537454105024
6,10538,735,1.0,1122,1037,9501,0.010013402754186067
6,10544,736,1.0,1123,1037,9507,0.010013269394553695
6,10550,737,1.0,1124,1037,9513,0.010013137361871838
6,10556,738,1.0,1125,1037,9519,0.010013006642937116
6,10562,739,1.0,1126,1037,9525,0.010012877224677526
6,10568,740,1.0,1127,1037,9531,0.010012749094151136
6,10574,741,1.0,1128,1037,9537,0.010012622238544785
6,10580,742,1.0,1129,1037,9543,0.010012496645172807
6,10586,743,1.0,1130,1037,9549,0.01001237230147576
10,10596,743,0.0,1131,1038,9558,0.01001224919501917
10,10606,743,0.0,1132,1039,9567,0.01001212731349229
6,10612,744,1.0,1133,1039,9573,0.010012006644706866
6,10618,745,1.0,1134,1039,9579,0.010011887176595919
6,10624,746,1.0,1135,1039,9585,0.010011768897212536
6,10630,747,1.0,1136,1039,9591,0.010011651794728682
15,10645,747,0.0,1137,1041,9604,0.010011535857434011
16,10661,747,0.0,1138,1041,9620,0.010011421073734697
6,10667,748,1.0,1139,1041,9626,0.010011307432152275
6,10673,749,1.0,1140,1041,9632,0.01001119492132249
6,10679,750,1.0,1141,1041,9638,0.010011083529994165
6,10685,751,1.0,1142,1041,9644,0.010010973247028078
6,10691,752,1.0,1143,1041,9650,0.010010864061395836
6,10697,753,1.0,1144,1041,9656,0.01001075596217879
6,10703,754,1.0,1145,1041,9662,0.010010648938566923
6,10709,755,1.0,1146,1041,9668,0.010010542979857786
6,10715,756,1.0,1147,1041,9674,0.010010438075455421
6,10721,757,1.0,1148,1041,9680,0.010010334214869302
6,10727,758,1.0,1149,1041,9686,0.010010231387713281
6,10733,759,1.0,1150,1041,9692,0.010010129583704556
6,10739,760,1.0,1151,1041,9698,0.010010028792662645
6,10745,761,1.0,1152,1041,9704,0.010009929004508356
6,10751,762,1.0,1153,1041,9710,0.010009830209262792
10,10761,763,1.0,1154,1042,9719,0.010009732397046348
6,10767,764,1.0,1155,1042,9725,0.010009635558077717
6,10773,765,1.0,1156,1042,9731,0.010009539682672925
6,10779,766,1.0,1157,1042,9737,0.010009444761244348
25,10804,766,0.0,1158,1043,9761,0.010009350784299768
8,10812,766,0.0,1159,1043,9769,0.01000925774244141
6,10818,767,1.0,1160,1043,9775,0.01000916562636501
48,10866,767,0.0,1161,1043,9823,0.010009074426858885
9,10875,767,0.0,1162,1043,9832,0.010008984134803008
25,10900,767,0.0,1163,1044,9856,0.010008894741168098
6,10906,767,0.0,1164,1044,9862,0.010008806237014717
59,10965,767,0.0,1165,1044,9921,0.010008718613492376
6,10971,767,0.0,1166,1044,9927,0.010008631861838651
8,10979,767,0.0,1167,1045,9934,0.010008545973378302
5,10984,767,0.0,1168,1045,9939,0.010008460939522413
46,11030,767,0.0,1169,1045,9985,0.010008376751767528
14,11044,767,0.0,1170,1045,9999,0.010008293401694799
9,11053,767,0.0,1171,1045,10008,0.01000821088096915
14,11067,767,0.0,1172,1046,10021,0.010008129181338442
36,11103,767,0.0,1173,1046,10057,0.01000804829463264
14,11117,767,0.0,1174,1046,10071,0.01000796821276301
5,11122,767,0.0,1175,1046,10076,0.010007888927721297
51,11173,767,0.0,1176,1047,10126,0.010007810431578928
11,11184,767,0.0,1177,1047,10137,0.010007732716486228
3,11187,767,0.0,1178,1047,10140,0.01000765577467162
9,11196,767,0.0,1179,1047,10149,0.010007579598440857
20,11216,767,0.0,1180,1047,10169,0.010007504180176256
14,11230,767,0.0,1181,1048,10182,0.010007429512335927
22,11252,767,0.0,1182,1048,10204,0.010007355587453021
14,11266,768,1.0,1183,1048,10218,0.010007282398134991
9,11275,769,1.0,1184,1048,10227,0.010007209937062844
9,11284,770,1.0,1185,1048,10236,0.01000713819699041
4,11288,770,0.0,1186,1049,10239,0.010007067170743624
9,11297,771,1.0,1187,1049,10248,0.010006996851219802
9,11306,772,1.0,1188,1049,10257,0.010006927231386933
9,11315,773,1.0,1189,1049,10266,0.010006858304282974
9,11324,774,1.0,1190,1049,10275,0.01000679006301516
9,11333,775,1.0,1191,1049,10284,0.010006722500759306
9,11342,776,1.0,1192,1049,10293,0.010006655610759129
9,11351,777,1.0,1193,1049,10302,0.010006589386325575
9,11360,778,1.0,1194,1049,10311,0.010006523820836145
43,11403,778,0.0,1195,1051,10352,0.010006458907734234
47,11450,778,0.0,1196,1051,10399,0.010006394640528481
9,11459,779,1.0,1197,1051,10408,0.010006331012792108
9,11468,780,1.0,1198,1051,10417,0.01000626801816229
9,11477,781,1.0,1199,1051,10426,0.010006205650339512
9,11486,782,1.0,1200,1051,10435,0.010006143903086939
9,11495,783,1.0,1201,1051,10444,0.010006082770229794
9,11504,784,1.0,1202,1051,10453,0.010006022245654743
9,11513,785,1.0,1203,1051,10462,0.010005962323309275
9,11522,786,1.0,1204,1051,10471,0.010005902997201107
9,11531,787,1.0,1205,1051,10480,0.010005844261397577
9,11540,788,1.0,1206,1051,10489,0.010005786110025058
100,11640,788,0.0,1207,1052,10588,0.010005728537268364
38,11678,788,0.0,1208,1053,10625,0.010005671537370168
32,11710,788,0.0,1209,1054,10656,0.010005615104630439
16,11726,788,0.0,1210,1055,10671,0.01000555923340585
9,11735,789,1.0,1211,1056,10679,0.010005503918109233
14,11749,789,0.0,1212,1056,10693,0.010005449153209016
9,11758,789,0.0,1213,1058,10700,0.01000539493322866
2,11760,789,0.0,1214,1058,10702,0.010005341252746124
8,11768,789,0.0,1215,1058,10710,0.010005288106393312
14,11782,789,0.0,1216,1058,10724,0.010005235488855546
5,11787,789,0.0,1217,1058,10729,0.010005183394871029
9,11796,790,1.0,1218,1058,10738,0.010005131819230318
9,11805,791,1.0,1219,1058,10747,0.010005080756775806
42,11847,791,0.0,1220,1058,10789,0.010005030202401208
42,11889,791,0.0,1221,1058,10831,0.01000498015105104
42,11931,791,0.0,1222,1058,10873,0.010004930597720129
44,11975,791,0.0,1223,1058,10917,0.010004881537453098
9,11984,792,1.0,1224,1058,10926,0.01000483296534388
18,12002,792,0.0,1225,1058,10944,0.010004784876535224
15,12017,792,0.0,1226,1058,10959,0.010004737266218209
24,12041,792,0.0,1227,1058,10983,0.010004690129631762
22,12063,792,0.0,1228,1058,11005,0.010004643462062188
27,12090,792,0.0,1229,1058,11032,0.01000459725884269
9,12099,792,0.0,1230,1058,11041,0.010004551515352907
16,12115,792,0.0,1231,1058,11057,0.010004506227018452
7,12122,792,0.0,1232,1058,11064,0.010004461389310455
47,12169,792,0.0,1233,1059,11110,0.010004416997745106
3,12172,792,0.0,1234,1059,11113,0.010004373047883213
3,12175,792,0.0,1235,1059,11116,0.010004329535329752
3,12178,792,0.0,1236,1059,11119,0.010004286455733433
3,12181,792,0.0,1237,1059,11122,0.010004243804786258
9,12190,793,1.0,1238,1059,11131,0.010004201578223099
36,12226,793,0.0,1239,1059,11167,0.010004159771821263
36,12262,793,0.0,1240,1059,11203,0.010004118381400076
64,12326,793,0.0,1241,1062,11264,0.010004077402820461
89,12415,793,0.0,1242,1062,11353,0.010004036831984526
17,12432,793,0.0,1243,1063,11369,0.010003996664835153
16,12448,793,0.0,1244,1063,11385,0.010003956897355594
12,12460,793,0.0,1245,1063,11397,0.010003917525569068
9,12469,794,1.0,1246,1063,11406,0.010003878545538364
14,12483,794,0.0,1247,1063,11420,0.010003839953365446
26,12509,794,0.0,1248,1063,11446,0.010003801745191065
26,12535,794,0.0,1249,1063,11472,0.01000376391719437
9,12544,795,1.0,1250,1063,11481,0.010003726465592533
9,12553,796,1.0,1251,1063,11490,0.010003689386640358
9,12562,797,1.0,1252,1063,11499,0.010003652676629922
9,12571,798,1.0,1253,1063,11508,0.010003616331890194
9,12580,799,1.0,1254,1063,11517,0.01000358034878667
9,12589,800,1.0,1255,1064,11525,0.010003544723721006
9,12598,801,1.0,1256,1064,11534,0.010003509453130669
9,12607,802,1.0,1257,1064,11543,0.01000347453348857
9,12616,803,1.0,1258,1064,11552,0.010003439961302714
9,12625,804,1.0,1259,1064,11561,0.010003405733115854
9,12634,805,1.0,1260,1064,11570,0.010003371845505146
9,12643,806,1.0,1261,1064,11579,0.010003338295081798
9,12652,807,1.0,1262,1064,11588,0.01000330507849074
9,12661,808,1.0,1263,1064,11597,0.010003272192410284
9,12670,809,1.0,1264,1064,11606,0.010003239633551798
9,12679,810,1.0,1265,1064,11615,0.010003207398659366
9,12688,811,1.0,1266,1064,11624,0.010003175484509472
9,12697,812,1.0,1267,1064,11633,0.010003143887910676
9,12706,813,1.0,1268,1064,11642,0.010003112605703291
14,12720,813,0.0,1269,1065,11655,0.01000308163475907
9,12729,814,1.0,1270,1065,11664,0.010003050971980893
9,12738,815,1.0,1271,1065,11673,0.010003020614302456
9,12747,816,1.0,1272,1065,11682,0.010002990558687967
9,12756,817,1.0,1273,1065,11691,0.010002960802131838
9,12765,818,1.0,1274,1065,11700,0.010002931341658392
9,12774,819,1.0,1275,1065,11709,0.010002902174321553
9,12783,820,1.0,1276,1065,11718,0.010002873297204564
9,12792,821,1.0,1277,1065,11727,0.01000284470741969
9,12801,822,1.0,1278,1065,11736,0.01000281640210793
9,12810,823,1.0,1279,1065,11745,0.010002788378438727
9,12819,824,1.0,1280,1065,11754,0.010002760633609692
9,12828,825,1.0,1281,1065,11763,0.010002733164846317
9,12837,826,1.0,1282,1065,11772,0.010002705969401705
9,12846,827,1.0,1283,1065,11781,0.010002679044556288
9,12855,828,1.0,1284,1065,11790,0.01000265238761756
9,12864,829,1.0,1285,1065,11799,0.010002625995919804
9,12873,830,1.0,1286,1065,11808,0.010002599866823827
9,12882,831,1.0,1287,1065,11817,0.0100025739977167
9,12891,832,1.0,1288,1065,11826,0.01000254838601149
9,12900,833,1.0,1289,1065,11835,0.010002523029147005
9,12909,834,1.0,1290,1065,11844,0.010002497924587536
9,12918,835,1.0,1291,1065,11853,0.010002473069822607
9,12927,836,1.0,1292,1065,11862,0.010002448462366724
9,12936,837,1.0,1293,1065,11871,0.010002424099759115
9,12945,838,1.0,1294,1065,11880,0.010002399979563504
9,12954,839,1.0,1295,1065,11889,0.010002376099367848
9,12963,840,1.0,1296,1065,11898,0.01000235245678411
9,12972,841,1.0,1297,1066,11906,0.01000232904944801
9,12981,842,1.0,1298,1066,11915,0.010002305875018797
9,12990,843,1.0,1299,1066,11924,0.010002282931179005
9,12999,844,1.0,1300,1066,11933,0.010002260215634235
9,13008,845,1.0,1301,1066,11942,0.010002237726112912
9,13017,846,1.0,1302,1066,11951,0.010002215460366065
9,13026,847,1.0,1303,1066,11960,0.0100021934161671
9,13035,848,1.0,1304,1066,11969,0.01000217159131158
9,13044,849,1.0,1305,1066,11978,0.010002149983617
9,13053,850,1.0,1306,1066,11987,0.010002128590922576
9,13062,851,1.0,1307,1066,11996,0.010002107411089015
9,13071,852,1.0,1308,1066,12005,0.01000208644199832
9,13080,853,1.0,1309,1066,12014,0.010002065681553565
4,13084,853,0.0,1310,1067,12017,0.010002045127678686
9,13093,854,1.0,1311,1067,12026,0.010002024778318278
9,13102,855,1.0,1312,1067,12035,0.01000200463143739
9,13111,856,1.0,1313,1067,12044,0.010001984685021318
9,13120,857,1.0,1314,1067,12053,0.010001964937075399
9,13129,858,1.0,1315,1067,12062,0.010001945385624827
9,13138,859,1.0,1316,1067,12071,0.010001926028714438
9,13147,860,1.0,1317,1067,12080,0.010001906864408525
9,13156,861,1.0,1318,1067,12089,0.010001887890790642
9,13165,862,1.0,1319,1067,12098,0.010001869105963412
9,13174,863,1.0,1320,1067,12107,0.010001850508048336
9,13183,864,1.0,1321,1067,12116,0.010001832095185606
9,13192,865,1.0,1322,1067,12125,0.010001813865533922
9,13201,866,1.0,1323,1067,12134,0.010001795817270303
9,13210,867,1.0,1324,1067,12143,0.010001777948589908
9,13219,868,1.0,1325,1067,12152,0.010001760257705852
9,13228,869,1.0,1326,1067,12161,0.010001742742849035
9,13237,870,1.0,1327,1067,12170,0.010001725402267955
9,13246,871,1.0,1328,1067,12179,0.010001708234228539
9,13255,872,1.0,1329,1067,12188,0.01000169123701397
9,13264,873,1.0,1330,1067,12197,0.010001674408924511
9,13273,874,1.0,1331,1067,12206,0.01000165774827734
9,13282,875,1.0,1332,1067,12215,0.010001641253406378
9,13291,876,1.0,1333,1067,12224,0.010001624922662126
9,13300,877,1.0,1334,1067,12233,0.010001608754411492
9,13309,878,1.0,1335,1067,12242,0.010001592747037642
9,13318,879,1.0,1336,1067,12251,0.010001576898939822
9,13327,880,1.0,1337,1067,12260,0.010001561208533209
9,13336,881,1.0,1338,1067,12269,0.010001545674248751
9,13345,882,1.0,1339,1067,12278,0.010001530294533007
14,13359,882,0.0,1340,1068,12291,0.01000151506784799
9,13368,882,0.0,1341,1068,12300,0.010001499992671022
9,13377,883,1.0,1342,1068,12309,0.01000148506749457
14,13391,883,0.0,1343,1068,12323,0.010001470290826106
14,13405,883,0.0,1344,1068,12337,0.01000145566118795
14,13419,883,0.0,1345,1068,12351,0.010001441177117125
14,13433,883,0.0,1346,1068,12365,0.010001426837165211
9,13442,884,1.0,1347,1068,12374,0.010001412639898205
14,13456,884,0.0,1348,1068,12388,0.010001398583896365
14,13470,884,0.0,1349,1068,12402,0.01000138466775408
14,13484,884,0.0,1350,1068,12416,0.010001370890079726
9,13493,884,0.0,1351,1068,12425,0.01000135724949552
9,13502,885,1.0,1352,1068,12434,0.010001343744637396
14,13516,885,0.0,1353,1068,12448,0.010001330374154856
14,13530,885,0.0,1354,1068,12462,0.010001317136710838
14,13544,885,0.0,1355,1068,12476,0.010001304030981591
9,13553,885,0.0,1356,1069,12484,0.010001291055656527
2,13555,885,0.0,1357,1069,12486,0.010001278209438106
14,13569,885,0.0,1358,1070,12499,0.010001265491041694
9,13578,886,1.0,1359,1070,12508,0.01000125289919544
47,13625,886,0.0,1360,1070,12555,0.01000124043264015
47,13672,886,0.0,1361,1070,12602,0.010001228090129157
47,13719,886,0.0,1362,1070,12649,0.0100012158704282
47,13766,886,0.0,1363,1070,12696,0.0100012037723153
34,13800,886,0.0,1364,1071,12729,0.010001191794580635
48,13848,886,0.0,1365,1071,12777,0.010001179936026422
7,13855,886,0.0,1366,1071,12784,0.010001168195466793
26,13881,886,0.0,1367,1072,12809,0.010001156571727685
14,13895,886,0.0,1368,1072,12823,0.010001145063646714
4,13899,886,0.0,1369,1072,12827,0.010001133670073062
19,13918,886,0.0,1370,1072,12846,0.01000112238986736
5,13923,886,0.0,1371,1072,12851,0.010001111221901582
2,13925,886,0.0,1372,1072,12853,0.01000110016505892
2,13927,886,0.0,1373,1072,12855,0.01000108921823368
9,13936,887,1.0,1374,1072,12864,0.010001078380331171
47,13983,887,0.0,1375,1072,12911,0.010001067650267596
9,13992,888,1.0,1376,1072,12920,0.010001057026969934
9,14001,889,1.0,1377,1072,12929,0.010001046509375852
9,14010,890,1.0,1378,1072,12938,0.01000103609643358
9,14019,891,1.0,1379,1072,12947,0.010001025787101813
9,14028,892,1.0,1380,1072,12956,0.010001015580349612
9,14037,893,1.0,1381,1072,12965,0.010001005475156293
9,14046,894,1.0,1382,1072,12974,0.010000995470511326
9,14055,895,1.0,1383,1072,12983,0.01000098556541424
9,14064,896,1.0,1384,1072,12992,0.010000975758874518
9,14073,897,1.0,1385,1072,13001,0.010000966049911497
9,14082,898,1.0,1386,1072,13010,0.01000095643755427
9,14091,899,1.0,1387,1072,13019,0.010000946920841596
9,14100,900,1.0,1388,1072,13028,0.010000937498821796
9,14109,901,1.0,1389,1072,13037,0.01000092817055266
9,14118,902,1.0,1390,1072,13046,0.010000918935101352
9,14127,903,1.0,1391,1072,13055,0.010000909791544318
9,14136,904,1.0,1392,1072,13064,0.0100009007389672
9,14145,905,1.0,1393,1072,13073,0.010000891776464727
9,14154,906,1.0,1394,1072,13082,0.010000882903140645
9,14163,907,1.0,1395,1072,13091,0.010000874118107612
9,14172,908,1.0,1396,1072,13100,0.010000865420487118
9,14181,909,1.0,1397,1073,13108,0.010000856809409394
9,14190,910,1.0,1398,1073,13117,0.010000848284013326
9,14199,911,1.0,1399,1073,13126,0.010000839843446366
9,14208,912,1.0,1400,1073,13135,0.01000083148686445
9,14217,913,1.0,1401,1073,13144,0.010000823213431913
9,14226,914,1.0,1402,1073,13153,0.010000815022321405
9,14235,915,1.0,1403,1073,13162,0.01000080691271381
9,14244,916,1.0,1404,1073,13171,0.010000798883798156
9,14253,917,1.0,1405,1073,13180,0.01000079093477155
9,14262,918,1.0,1406,1073,13189,0.01000078306483908
9,14271,919,1.0,1407,1073,13198,0.010000775273213745
9,14280,920,1.0,1408,1073,13207,0.010000767559116379
9,14289,921,1.0,1409,1073,13216,0.010000759921775564
9,14298,922,1.0,1410,1073,13225,0.01000075236042756
9,14307,923,1.0,1411,1073,13234,0.010000744874316224
9,14316,924,1.0,1412,1073,13243,0.010000737462692942
9,14325,925,1.0,1413,1073,13252,0.010000730124816544
9,14334,926,1.0,1414,1073,13261,0.010000722859953235
9,14343,927,1.0,1415,1073,13270,0.010000715667376524
9,14352,928,1.0,1416,1073,13279,0.010000708546367148
9,14361,929,1.0,1417,1073,13288,0.010000701496212999
9,14370,930,1.0,1418,1073,13297,0.010000694516209054
9,14379,931,1.0,1419,1073,13306,0.01000068760565731
9,14388,932,1.0,1420,1073,13315,0.010000680763866706
9,14397,933,1.0,1421,1073,13324,0.010000673990153053
9,14406,934,1.0,1422,1073,13333,0.01000066728383898
9,14415,935,1.0,1423,1073,13342,0.010000660644253844
9,14424,936,1.0,1424,1073,13351,0.010000654070733687
9,14433,937,1.0,1425,1073,13360,0.010000647562621147
9,14442,938,1.0,1426,1073,13369,0.01000064111926541
9,14451,939,1.0,1427,1073,13378,0.010000634740022132
9,14460,940,1.0,1428,1073,13387,0.010000628424253385
9,14469,941,1.0,1429,1073,13396,0.010000622171327588
9,14478,942,1.0,1430,1073,13405,0.010000615980619442
9,14487,943,1.0,1431,1073,13414,0.01000060985150987
9,14496,944,1.0,1432,1073,13423,0.010000603783385959
9,14505,945,1.0,1433,1073,13432,0.01000059777564089
9,14514,946,1.0,1434,1073,13441,0.010000591827673882
9,14523,947,1.0,1435,1073,13450,0.010000585938890135
9,14532,948,1.0,1436,1073,13459,0.010000580108700766
9,14541,949,1.0,1437,1073,13468,0.010000574336522749
9,14550,950,1.0,1438,1073,13477,0.010000568621778864
9,14559,951,1.0,1439,1073,13486,0.010000562963897631
9,14568,952,1.0,1440,1073,13495,0.010000557362313256
14,14582,953,1.0,1441,1074,13508,0.010000551816465577
9,14591,954,1.0,1442,1074,13517,0.010000546325800004
9,14600,955,1.0,1443,1074,13526,0.010000540889767467
9,14609,956,1.0,1444,1074,13535,0.010000535507824357
9,14618,957,1.0,1445,1074,13544,0.010000530179432476
9,14627,958,1.0,1446,1074,13553,0.01000052490405898
9,14636,959,1.0,1447,1074,13562,0.010000519681176328
9,14645,960,1.0,1448,1074,13571,0.010000514510262227
9,14654,961,1.0,1449,1074,13580,0.01000050939079958
9,14663,962,1.0,1450,1075,13588,0.010000504322276437
9,14672,963,1.0,1451,1076,13596,0.010000499304185942
9,14681,964,1.0,1452,1077,13604,0.010000494336026282
9,14690,965,1.0,1453,1077,13613,0.010000489417300638
9,14699,966,1.0,1454,1077,13622,0.01000048454751713
4,14703,966,0.0,1455,1078,13625,0.010000479726188779
9,14712,967,1.0,1456,1078,13634,0.010000474952833445
6,14718,967,0.0,1457,1080,13638,0.010000470226973791
9,14727,968,1.0,1458,1080,13647,0.010000465548137227
9,14736,969,1.0,1459,1080,13656,0.010000460915855863
9,14745,970,1.0,1460,1080,13665,0.010000456329666469
9,14754,971,1.0,1461,1080,13674,0.010000451789110423
9,14763,972,1.0,1462,1080,13683,0.010000447293733663
9,14772,973,1.0,1463,1080,13692,0.01000044284308665
9,14781,974,1.0,1464,1080,13701,0.010000438436724315
9,14790,975,1.0,1465,1080,13710,0.010000434074206019
9,14799,976,1.0,1466,1080,13719,0.010000429755095503
9,14808,977,1.0,1467,1080,13728,0.010000425478960856
9,14817,978,1.0,1468,1080,13737,0.01000042124537446
9,14826,979,1.0,1469,1080,13746,0.010000417053912952
9,14835,980,1.0,1470,1080,13755,0.010000412904157182
9,14844,981,1.0,1471,1080,13764,0.010000408795692172
9,14853,982,1.0,1472,1080,13773,0.010000404728107072
9,14862,983,1.0,1473,1080,13782,0.010000400700995121
14,14876,983,0.0,1474,1082,13794,0.010000396713953601
9,14885,984,1.0,1475,1082,13803,0.010000392766583809
9,14894,985,1.0,1476,1083,13811,0.010000388858491003
9,14903,986,1.0,1477,1083,13820,0.010000384989284369
9,14912,987,1.0,1478,1083,13829,0.010000381158576986
9,14921,988,1.0,1479,1083,13838,0.010000377365985776
9,14930,989,1.0,1480,1083,13847,0.01000037361113148
9,14939,990,1.0,1481,1083,13856,0.01000036989363861
9,14948,991,1.0,1482,1083,13865,0.010000366213135409
9,14957,992,1.0,1483,1083,13874,0.010000362569253829
9,14966,993,1.0,1484,1083,13883,0.010000358961629477
9,14975,994,1.0,1485,1084,13891,0.010000355389901586
9,14984,995,1.0,1486,1084,13900,0.01000035185371298
9,14993,996,1.0,1487,1084,13909,0.010000348352710041
9,15002,997,1.0,1488,1084,13918,0.010000344886542662
9,15011,998,1.0,1489,1084,13927,0.010000341454864224
9,15020,999,1.0,1490,1084,13936,0.010000338057331559
9,15029,1000,1.0,1491,1084,13945,0.010000334693604907
9,15038,1001,1.0,1492,1084,13954,0.010000331363347895
6,15044,1001,0.0,1493,1085,13959,0.010000328066227493
9,15053,1002,1.0,1494,1085,13968,0.01000032480191399
9,15062,1003,1.0,1495,1085,13977,0.010000321570080946
9,15071,1004,1.0,1496,1085,13986,0.01000031837040518
9,15080,1005,1.0,1497,1085,13995,0.010000315202566718
9,15089,1006,1.0,1498,1085,14004,0.010000312066248776
9,15098,1007,1.0,1499,1085,14013,0.010000308961137721
9,15107,1008,1.0,1500,1085,14022,0.010000305886923036
9,15116,1009,1.0,1501,1085,14031,0.010000302843297297
9,15125,1010,1.0,1502,1085,14040,0.010000299829956141
9,15134,1011,1.0,1503,1085,14049,0.01000029684659823
9,15143,1012,1.0,1504,1085,14058,0.010000293892925227
9,15152,1013,1.0,1505,1085,14067,0.01000029096864176
9,15161,1014,1.0,1506,1085,14076,0.010000288073455401
9,15170,1015,1.0,1507,1085,14085,0.010000285207076628
9,15179,1016,1.0,1508,1085,14094,0.010000282369218799
9,15188,1017,1.0,1509,1085,14103,0.010000279559598129
9,15197,1018,1.0,1510,1085,14112,0.01000027677793365
9,15206,1019,1.0,1511,1085,14121,0.010000274023947195
9,15215,1020,1.0,1512,1085,14130,0.010000271297363365
9,15224,1021,1.0,1513,1085,14139,0.010000268597909496
9,15233,1022,1.0,1514,1087,14146,0.010000265925315641
8,15241,1022,0.0,1515,1088,14153,0.01000026327931454
9,15250,1023,1.0,1516,1088,14162,0.01000026065964159
9,15259,1024,1.0,1517,1088,14171,0.010000258066034821
9,15268,1025,1.0,1518,1088,14180,0.010000255498234871
9,15277,1026,1.0,1519,1088,14189,0.010000252955984957
9,15286,1027,1.0,1520,1088,14198,0.010000250439030854
9,15295,1028,1.0,1521,1088,14207,0.010000247947120861
9,15304,1029,1.0,1522,1088,14216,0.010000245480005786
9,15313,1030,1.0,1523,1088,14225,0.010000243037438917
9,15322,1031,1.0,1524,1088,14234,0.010000240619175996
9,15331,1032,1.0,1525,1088,14243,0.010000238224975191
9,15340,1032,0.0,1526,1090,14250,0.010000235854597084
14,15354,1032,0.0,1527,1090,14264,0.01000023350780463
9,15363,1033,1.0,1528,1091,14272,0.010000231184363153
9,15372,1034,1.0,1529,1091,14281,0.010000228884040306
9,15381,1035,1.0,1530,1091,14290,0.010000226606606053
9,15390,1036,1.0,1531,1091,14299,0.010000224351832648
9,15399,1037,1.0,1532,1091,14308,0.010000222119494615
9,15408,1038,1.0,1533,1091,14317,0.010000219909368717
9,15417,1039,1.0,1534,1092,14325,0.010000217721233938
9,15426,1040,1.0,1535,1092,14334,0.010000215554871463
9,15435,1041,1.0,1536,1092,14343,0.010000213410064657
9,15444,1042,1.0,1537,1092,14352,0.010000211286599033
9,15453,1043,1.0,1538,1092,14361,0.010000209184262247
9,15462,1044,1.0,1539,1092,14370,0.01000020710284406
9,15471,1045,1.0,1540,1092,14379,0.01000020504213633
9,15480,1046,1.0,1541,1092,14388,0.010000203001932986
9,15489,1047,1.0,1542,1092,14397,0.010000200982030003
9,15498,1048,1.0,1543,1092,14406,0.010000198982225391
9,15507,1049,1.0,1544,1092,14415,0.010000197002319168
9,15516,1050,1.0,1545,1092,14424,0.01000019504211334
9,15525,1051,1.0,1546,1092,14433,0.010000193101411887
9,15534,1052,1.0,1547,1092,14442,0.010000191180020735
9,15543,1053,1.0,1548,1093,14450,0.010000189277747745
9,15552,1054,1.0,1549,1093,14459,0.010000187394402687
9,15561,1055,1.0,1550,1093,14468,0.010000185529797227
9,15570,1056,1.0,1551,1093,14477,0.010000183683744899
9,15579,1057,1.0,1552,1093,14486,0.010000181856061099
9,15588,1058,1.0,1553,1093,14495,0.010000180046563058
9,15597,1059,1.0,1554,1093,14504,0.010000178255069823
9,15606,1060,1.0,1555,1093,14513,0.010000176481402244
9,15615,1061,1.0,1556,1093,14522,0.01000017472538295
9,15624,1062,1.0,1557,1093,14531,0.010000172986836342
9,15633,1063,1.0,1558,1093,14540,0.010000171265588562
14,15647,1064,1.0,1559,1094,14553,0.010000169561467482
9,15656,1065,1.0,1560,1094,14562,0.01000016787430269
9,15665,1066,1.0,1561,1094,14571,0.01000016620392547
9,15674,1067,1.0,1562,1094,14580,0.01000016455016878
18,15692,1067,0.0,1563,1095,14597,0.010000162912867244
9,15701,1068,1.0,1564,1095,14606,0.010000161291857131
9,15710,1069,1.0,1565,1096,14614,0.010000159686976337
9,15719,1070,1.0,1566,1096,14623,0.010000158098064375
9,15728,1071,1.0,1567,1096,14632,0.01000015652496235
9,15737,1072,1.0,1568,1096,14641,0.010000154967512952
9,15746,1073,1.0,1569,1096,14650,0.010000153425560435
45,15791,1073,0.0,1570,1101,14690,0.010000151898950602
11,15802,1073,0.0,1571,1101,14701,0.01000015038753079
33,15835,1073,0.0,1572,1101,14734,0.010000148891149856
7,15842,1073,0.0,1573,1101,14741,0.010000147409658162
47,15889,1073,0.0,1574,1102,14787,0.010000145942907556
4,15893,1073,0.0,1575,1102,14791,0.010000144490751362
4,15897,1073,0.0,1576,1102,14795,0.010000143053044365
4,15901,1073,0.0,1577,1102,14799,0.010000141629642792
17,15918,1073,0.0,1578,1103,14815,0.010000140220404298
14,15932,1073,0.0,1579,1104,14828,0.010000138825187965
14,15946,1073,0.0,1580,1104,14842,0.010000137443854265
17,15963,1073,0.0,1581,1105,14858,0.010000136076265065
17,15980,1073,0.0,1582,1105,14875,0.010000134722283604
9,15989,1073,0.0,1583,1105,14884,0.010000133381774485
9,15998,1074,1.0,1584,1105,14893,0.010000132054603653
9,16007,1075,1.0,1585,1105,14902,0.010000130740638394
9,16016,1076,1.0,1586,1105,14911,0.010000129439747306
9,16025,1077,1.0,1587,1105,14920,0.0100001281518003
9,16034,1078,1.0,1588,1105,14929,0.010000126876668581
9,16043,1079,1.0,1589,1105,14938,0.010000125614224637
9,16052,1080,1.0,1590,1105,14947,0.010000124364342217
9,16061,1081,1.0,1591,1105,14956,0.010000123126896337
9,16070,1082,1.0,1592,1105,14965,0.010000121901763248
9,16079,1083,1.0,1593,1105,14974,0.010000120688820438
9,16088,1084,1.0,1594,1105,14983,0.01000011948794661
9,16097,1085,1.0,1595,1105,14992,0.010000118299021676
9,16106,1086,1.0,1596,1105,15001,0.010000117121926742
9,16115,1087,1.0,1597,1105,15010,0.010000115956544101
9,16124,1088,1.0,1598,1105,15019,0.010000114802757209
9,16133,1089,1.0,1599,1105,15028,0.010000113660450689
9,16142,1090,1.0,1600,1105,15037,0.010000112529510307
9,16151,1091,1.0,1601,1105,15046,0.010000111409822971
9,16160,1092,1.0,1602,1105,15055,0.010000110301276711
9,16169,1093,1.0,1603,1105,15064,0.010000109203760672
9,16178,1094,1.0,1604,1105,15073,0.010000108117165098
9,16187,1095,1.0,1605,1105,15082,0.01000010704138133
9,16196,1096,1.0,1606,1105,15091,0.01000010597630179
9,16205,1097,1.0,1607,1105,15100,0.010000104921819969
9,16214,1098,1.0,1608,1105,15109,0.010000103877830416
9,16223,1099,1.0,1609,1105,15118,0.010000102844228734
27,16250,1099,0.0,1610,1107,15143,0.01000010182091156
14,16264,1099,0.0,1611,1107,15157,0.010000100807776562
25,16289,1099,0.0,1612,1107,15182,0.010000099804722426
8,16297,1099,0.0,1613,1107,15190,0.010000098811648846
8,16305,1099,0.0,1614,1107,15198,0.010000097828456511
11,16316,1099,0.0,1615,1107,15209,0.010000096855047106
7,16323,1099,0.0,1616,1107,15216,0.010000095891323285
9,16332,1099,0.0,1617,1107,15225,0.010000094937188675
27,16359,1100,1.0,1618,1107,15252,0.010000093992547865
27,16386,1101,1.0,1619,1108,15278,0.010000093057306387
18,16404,1101,0.0,1620,1108,15296,0.010000092131370718
11,16415,1101,0.0,1621,1108,15307,0.010000091214648262
4,16419,1101,0.0,1622,1108,15311,0.010000090307047347
4,16423,1101,0.0,1623,1108,15315,0.010000089408477212
8,16431,1101,0.0,1624,1108,15323,0.010000088518848
8,16439,1101,0.0,1625,1108,15331,0.010000087638070747
8,16447,1101,0.0,1626,1108,15339,0.010000086766057372
7,16454,1101,0.0,1627,1108,15346,0.010000085902720677
14,16468,1101,0.0,1628,1108,15360,0.010000085047974325
8,16476,1102,1.0,1629,1108,15368,0.010000084201732842
8,16484,1103,1.0,1630,1108,15376,0.0100000833639116
8,16492,1104,1.0,1631,1108,15384,0.010000082534426821
8,16500,1105,1.0,1632,1108,15392,0.010000081713195552
8,16508,1106,1.0,1633,1108,15400,0.010000080900135672
8,16516,1107,1.0,1634,1108,15408,0.010000080095165871
8,16524,1108,1.0,1635,1108,15416,0.010000079298205657
8,16532,1109,1.0,1636,1108,15424,0.010000078509175326
8,16540,1110,1.0,1637,1108,15432,0.010000077727995979
8,16548,1111,1.0,1638,1108,15440,0.010000076954589498
8,16556,1112,1.0,1639,1108,15448,0.010000076188878538
11,16567,1112,0.0,1640,1109,15458,0.01000007543078653
8,16575,1113,1.0,1641,1109,15466,0.010000074680237664
8,16583,1114,1.0,1642,1109,15474,0.010000073937156883
8,16591,1115,1.0,1643,1109,15482,0.01000007320146988
8,16599,1116,1.0,1644,1109,15490,0.010000072473103085
8,16607,1117,1.0,1645,1109,15498,0.01000007175198366
8,16615,1118,1.0,1646,1109,15506,0.010000071038039494
8,16623,1119,1.0,1647,1109,15514,0.010000070331199191
8,16631,1120,1.0,1648,1109,15522,0.010000069631392067
8,16639,1121,1.0,1649,1109,15530,0.01000006893854814
8,16647,1122,1.0,1650,1110,15537,0.010000068252598124
8,16655,1123,1.0,1651,1110,15545,0.010000067573473426
8,16663,1124,1.0,1652,1110,15553,0.01000006690110613
8,16671,1125,1.0,1653,1110,15561,0.010000066235429003
8,16679,1126,1.0,1654,1110,15569,0.010000065576375472
8,16687,1127,1.0,1655,1110,15577,0.010000064923879634
8,16695,1128,1.0,1656,1110,15585,0.010000064277876239
8,16703,1129,1.0,1657,1110,15593,0.010000063638300683
8,16711,1130,1.0,1658,1110,15601,0.010000063005089013
8,16719,1131,1.0,1659,1110,15609,0.010000062378177901
8,16727,1132,1.0,1660,1110,15617,0.01000006175750466
8,16735,1133,1.0,1661,1110,15625,0.010000061143007222
8,16743,1134,1.0,1662,1110,15633,0.010000060534624135
8,16751,1135,1.0,1663,1110,15641,0.010000059932294561
8,16759,1136,1.0,1664,1110,15649,0.010000059335958267
8,16767,1137,1.0,1665,1110,15657,0.010000058745555618
8,16775,1138,1.0,1666,1110,15665,0.010000058161027572
8,16783,1139,1.0,1667,1110,15673,0.010000057582315678
8,16791,1140,1.0,1668,1110,15681,0.010000057009362065
8,16799,1141,1.0,1669,1110,15689,0.010000056442109434
8,16807,1142,1.0,1670,1110,15697,0.010000055880501062
8,16815,1143,1.0,1671,1110,15705,0.010000055324480787
7,16822,1144,1.0,1672,1111,15711,0.010000054773993005
8,16830,1145,1.0,1673,1111,15719,0.010000054228982667
29,16859,1145,0.0,1674,1111,15748,0.010000053689395275
14,16873,1145,0.0,1675,1111,15762,0.010000053155176866
8,16881,1146,1.0,1676,1111,15770,0.01000005262627402
8,16889,1147,1.0,1677,1111,15778,0.010000052102633843
8,16897,1148,1.0,1678,1111,15786,0.010000051584203975
8,16905,1149,1.0,1679,1111,15794,0.010000051070932568
8,16913,1150,1.0,1680,1111,15802,0.010000050562768299
8,16921,1151,1.0,1681,1111,15810,0.01000005005966035
8,16929,1152,1.0,1682,1111,15818,0.010000049561558406
8,16937,1153,1.0,1683,1111,15826,0.01000004906841266
8,16945,1154,1.0,1684,1111,15834,0.010000048580173797
8,16953,1155,1.0,1685,1111,15842,0.010000048096792991
8,16961,1156,1.0,1686,1111,15850,0.010000047618221904
8,16969,1157,1.0,1687,1111,15858,0.01000004714441268
8,16977,1158,1.0,1688,1111,15866,0.010000046675317936
8,16985,1159,1.0,1689,1111,15874,0.010000046210890762
8,16993,1160,1.0,1690,1111,15882,0.010000045751084716
8,17001,1161,1.0,1691,1111,15890,0.010000045295853818
8,17009,1162,1.0,1692,1111,15898,0.010000044845152541
8,17017,1163,1.0,1693,1111,15906,0.010000044398935818
8,17025,1164,1.0,1694,1112,15913,0.010000043957159026
8,17033,1165,1.0,1695,1112,15921,0.010000043519777985
8,17041,1166,1.0,1696,1112,15929,0.010000043086748959
8,17049,1167,1.0,1697,1112,15937,0.010000042658028644
8,17057,1168,1.0,1698,1112,15945,0.010000042233574168
8,17065,1169,1.0,1699,1112,15953,0.010000041813343083
8,17073,1170,1.0,1700,1112,15961,0.010000041397293368
8,17081,1171,1.0,1701,1112,15969,0.010000040985383415
8,17089,1172,1.0,1702,1112,15977,0.010000040577572037
8,17097,1173,1.0,1703,1112,15985,0.01000004017381845
8,17105,1174,1.0,1704,1112,15993,0.010000039774082276
8,17113,1175,1.0,1705,1112,16001,0.010000039378323547
8,17121,1176,1.0,1706,1112,16009,0.01000003898650268
8,17129,1177,1.0,1707,1112,16017,0.010000038598580497
8,17137,1178,1.0,1708,1112,16025,0.010000038214518205
8,17145,1179,1.0,1709,1112,16033,0.010000037834277395
8,17153,1180,1.0,1710,1112,16041,0.010000037457820044
11,17164,1180,0.0,1711,1113,16051,0.010000037085108507
7,17171,1181,1.0,1712,1113,16058,0.010000036716105512
13,17184,1181,0.0,1713,1113,16071,0.010000036350774158
9,17193,1181,0.0,1714,1113,16080,0.010000035989077912
8,17201,1182,1.0,1715,1113,16088,0.010000035630980604
8,17209,1183,1.0,1716,1113,16096,0.010000035276446424
8,17217,1184,1.0,1717,1113,16104,0.010000034925439917
8,17225,1185,1.0,1718,1113,16112,0.010000034577925983
8,17233,1186,1.0,1719,1113,16120,0.010000034233869871
8,17241,1187,1.0,1720,1113,16128,0.010000033893237174
8,17249,1188,1.0,1721,1113,16136,0.01000003355599383
8,17257,1189,1.0,1722,1113,16144,0.010000033222106111
8,17265,1190,1.0,1723,1113,16152,0.010000032891540634
8,17273,1191,1.0,1724,1113,16160,0.010000032564264336
8,17281,1192,1.0,1725,1113,16168,0.010000032240244492
12,17293,1192,0.0,1726,1114,16179,0.010000031919448699
8,17301,1193,1.0,1727,1114,16187,0.010000031601844877
8,17309,1194,1.0,1728,1114,16195,0.010000031287401267
8,17317,1195,1.0,1729,1114,16203,0.010000030976086424
25,17342,1195,0.0,1730,1115,16227,0.010000030667869213
8,17350,1196,1.0,1731,1116,16234,0.010000030362718817
8,17358,1197,1.0,1732,1116,16242,0.010000030060604716
8,17366,1198,1.0,1733,1116,16250,0.010000029761496701
8,17374,1199,1.0,1734,1116,16258,0.010000029465364862
8,17382,1200,1.0,1735,1116,16266,0.010000029172179582
8,17390,1201,1.0,1736,1116,16274,0.010000028881911547
6,17396,1201,0.0,1737,1118,16278,0.010000028594531725
8,17404,1202,1.0,1738,1118,16286,0.01000002831001138
8,17412,1203,1.0,1739,1118,16294,0.01000002802832206
8,17420,1204,1.0,1740,1118,16302,0.010000027749435597
8,17428,1205,1.0,1741,1118,16310,0.010000027473324099
8,17436,1206,1.0,1742,1118,16318,0.010000027199959956
8,17444,1207,1.0,1743,1118,16326,0.010000026929315833
8,17452,1208,1.0,1744,1118,16334,0.010000026661364663
8,17460,1209,1.0,1745,1118,16342,0.010000026396079652
8,17468,1210,1.0,1746,1118,16350,0.010000026133434271
8,17476,1211,1.0,1747,1118,16358,0.010000025873402256
8,17484,1212,1.0,1748,1118,16366,0.010000025615957602
8,17492,1213,1.0,1749,1118,16374,0.010000025361074565
8,17500,1214,1.0,1750,1118,16382,0.010000025108727656
8,17508,1215,1.0,1751,1118,16390,0.010000024858891642
8,17516,1216,1.0,1752,1118,16398,0.010000024611541538
8,17524,1217,1.0,1753,1118,16406,0.010000024366652607
8,17532,1218,1.0,1754,1118,16414,0.010000024124200363
8,17540,1219,1.0,1755,1118,16422,0.01000002388416056
8,17548,1220,1.0,1756,1118,16430,0.01000002364650919
8,17556,1221,1.0,1757,1118,16438,0.010000023411222492
8,17564,1222,1.0,1758,1118,16446,0.010000023178276937
8,17572,1223,1.0,1759,1119,16453,0.010000022947649227
8,17580,1224,1.0,1760,1119,16461,0.010000022719316303
8,17588,1225,1.0,1761,1119,16469,0.010000022493255328
8,17596,1226,1.0,1762,1119,16477,0.010000022269443699
8,17604,1227,1.0,1763,1119,16485,0.010000022047859032
8,17612,1228,1.0,1764,1119,16493,0.010000021828479169
8,17620,1229,1.0,1765,1119,16501,0.010000021611282172
8,17628,1230,1.0,1766,1119,16509,0.010000021396246322
8,17636,1231,1.0,1767,1119,16517,0.010000021183350114
8,17644,1232,1.0,1768,1120,16524,0.010000020972572257
8,17652,1233,1.0,1769,1120,16532,0.010000020763891677
8,17660,1234,1.0,1770,1120,16540,0.010000020557287503
8,17668,1235,1.0,1771,1120,16548,0.010000020352739074
8,17676,1236,1.0,1772,1120,16556,0.010000020150225938
8,17684,1237,1.0,1773,1120,16564,0.010000019949727839
8,17692,1238,1.0,1774,1120,16572,0.01000001975122473
8,17700,1239,1.0,1775,1120,16580,0.010000019554696761
8,17708,1240,1.0,1776,1120,16588,0.010000019360124277
7,17715,1240,0.0,1777,1121,16594,0.010000019167487823
11,17726,1240,0.0,1778,1122,16604,0.010000018976768131
8,17734,1241,1.0,1779,1122,16612,0.010000018787946133
8,17742,1242,1.0,1780,1122,16620,0.010000018601002946
8,17750,1243,1.0,1781,1122,16628,0.010000018415919874
8,17758,1244,1.0,1782,1122,16636,0.01000001823267841
8,17766,1245,1.0,1783,1122,16644,0.010000018051260228
8,17774,1246,1.0,1784,1122,16652,0.010000017871647188
3,17777,1246,0.0,1785,1123,16654,0.010000017693821328
8,17785,1247,1.0,1786,1123,16662,0.010000017517764864
8,17793,1248,1.0,1787,1123,16670,0.01000001734346019
8,17801,1249,1.0,1788,1123,16678,0.010000017170889879
8,17809,1250,1.0,1789,1123,16686,0.01000001700003667
8,17817,1251,1.0,1790,1124,16693,0.010000016830883479
25,17842,1251,0.0,1791,1125,16717,0.01000001666341339
8,17850,1252,1.0,1792,1125,16725,0.010000016497609657
8,17858,1253,1.0,1793,1125,16733,0.010000016333455698
8,17866,1254,1.0,1794,1125,16741,0.010000016170935098
8,17874,1255,1.0,1795,1125,16749,0.010000016010031604
8,17882,1256,1.0,1796,1125,16757,0.010000015850729129
8,17890,1257,1.0,1797,1125,16765,0.01000001569301174
8,17898,1258,1.0,1798,1125,16773,0.010000015536863664
8,17906,1258,0.0,1799,1126,16780,0.010000015382269287
8,17914,1259,1.0,1800,1126,16788,0.01000001522921315
8,17922,1260,1.0,1801,1126,16796,0.010000015077679947
8,17930,1261,1.0,1802,1126,16804,0.010000014927654526
8,17938,1262,1.0,1803,1126,16812,0.010000014779121881
8,17946,1263,1.0,1804,1126,16820,0.01000001463206716
8,17954,1264,1.0,1805,1127,16827,0.01000001448647566
8,17962,1265,1.0,1806,1127,16835,0.01000001434233282
8,17970,1266,1.0,1807,1127,16843,0.010000014199624223
8,17978,1267,1.0,1808,1127,16851,0.010000014058335602
8,17986,1268,1.0,1809,1127,16859,0.010000013918452825
8,17994,1269,1.0,1810,1127,16867,0.010000013779961906
8,18002,1270,1.0,1811,1127,16875,0.010000013642848993
8,18010,1271,1.0,1812,1127,16883,0.010000013507100378
8,18018,1272,1.0,1813,1127,16891,0.010000013372702484
8,18026,1273,1.0,1814,1127,16899,0.010000013239641871
8,18034,1274,1.0,1815,1127,16907,0.010000013107905234
8,18042,1275,1.0,1816,1127,16915,0.010000012977479397
8,18050,1276,1.0,1817,1127,16923,0.010000012848351319
8,18058,1277,1.0,1818,1127,16931,0.010000012720508088
8,18066,1278,1.0,1819,1128,16938,0.010000012593936918
8,18074,1279,1.0,1820,1128,16946,0.010000012468625152
8,18082,1280,1.0,1821,1128,16954,0.010000012344560258
8,18090,1281,1.0,1822,1128,16962,0.010000012221729832
8,18098,1282,1.0,1823,1128,16970,0.010000012100121587
8,18106,1283,1.0,1824,1128,16978,0.010000011979723366
8,18114,1284,1.0,1825,1128,16986,0.010000011860523126
25,18139,1284,0.0,1826,1129,17010,0.01000001174250895
14,18153,1284,0.0,1827,1129,17024,0.010000011625669034
32,18185,1284,0.0,1828,1129,17056,0.010000011509991694
10,18195,1284,0.0,1829,1129,17066,0.010000011395465363
42,18237,1284,0.0,1830,1129,17108,0.010000011282078588
8,18245,1285,1.0,1831,1129,17116,0.010000011169820031
28,18273,1285,0.0,1832,1129,17144,0.010000011058678464
8,18281,1286,1.0,1833,1129,17152,0.010000010948642776
8,18289,1287,1.0,1834,1129,17160,0.01000001083970196
8,18297,1288,1.0,1835,1129,17168,0.010000010731845123
8,18305,1289,1.0,1836,1129,17176,0.01000001062506148
8,18313,1290,1.0,1837,1129,17184,0.010000010519340352
8,18321,1291,1.0,1838,1129,17192,0.010000010414671166
8,18329,1292,1.0,1839,1130,17199,0.010000010311043457
8,18337,1293,1.0,1840,1130,17207,0.01000001020844686
8,18345,1294,1.0,1841,1130,17215,0.010000010106871116
8,18353,1295,1.0,1842,1130,17223,0.010000010006306069
8,18361,1296,1.0,1843,1130,17231,0.01000000990674166
8,18369,1297,1.0,1844,1130,17239,0.010000009808167933
8,18377,1298,1.0,1845,1130,17247,0.010000009710575032
8,18385,1299,1.0,1846,1130,17255,0.010000009613953196
8,18393,1300,1.0,1847,1130,17263,0.010000009518292764
8,18401,1301,1.0,1848,1130,17271,0.010000009423584168
8,18409,1302,1.0,1849,1130,17279,0.01000000932981794
8,18417,1303,1.0,1850,1130,17287,0.010000009236984698
8,18425,1304,1.0,1851,1130,17295,0.010000009145075166
8,18433,1305,1.0,1852,1130,17303,0.010000009054080147
8,18441,1306,1.0,1853,1130,17311,0.010000008963990545
8,18449,1307,1.0,1854,1130,17319,0.010000008874797349
8,18457,1308,1.0,1855,1130,17327,0.010000008786491639
8,18465,1309,1.0,1856,1130,17335,0.010000008699064587
8,18473,1310,1.0,1857,1130,17343,0.010000008612507449
8,18481,1311,1.0,1858,1130,17351,0.010000008526811568
8,18489,1312,1.0,1859,1130,17359,0.010000008441968375
8,18497,1313,1.0,1860,1130,17367,0.010000008357969386
8,18505,1314,1.0,1861,1130,17375,0.0100000082748062
8,18513,1315,1.0,1862,1130,17383,0.010000008192470503
8,18521,1316,1.0,1863,1130,17391,0.01000000811095406
8,18529,1317,1.0,1864,1130,17399,0.010000008030248718
8,18537,1318,1.0,1865,1130,17407,0.01000000795034641
8,18545,1319,1.0,1866,1131,17414,0.01000000787123914
8,18553,1320,1.0,1867,1131,17422,0.010000007792919001
8,18561,1321,1.0,1868,1131,17430,0.010000007715378163
8,18569,1322,1.0,1869,1131,17438,0.010000007638608867
8,18577,1323,1.0,1870,1131,17446,0.01000000756260344
8,18585,1324,1.0,1871,1131,17454,0.010000007487354277
8,18593,1325,1.0,1872,1131,17462,0.010000007412853857
8,18601,1326,1.0,1873,1131,17470,0.01000000733909473
8,18609,1327,1.0,1874,1131,17478,0.010000007266069517
8,18617,1328,1.0,1875,1131,17486,0.010000007193770916
8,18625,1329,1.0,1876,1131,17494,0.0100000071221917
8,18633,1330,1.0,1877,1131,17502,0.010000007051324708
8,18641,1331,1.0,1878,1131,17510,0.010000006981162856
8,18649,1332,1.0,1879,1131,17518,0.010000006911699125
8,18657,1333,1.0,1880,1131,17526,0.01000000684292657
8,18665,1334,1.0,1881,1131,17534,0.010000006774838312
8,18673,1335,1.0,1882,1131,17542,0.010000006707427544
8,18681,1336,1.0,1883,1131,17550,0.010000006640687526
8,18689,1337,1.0,1884,1131,17558,0.010000006574611581
8,18697,1338,1.0,1885,1131,17566,0.010000006509193103
8,18705,1339,1.0,1886,1131,17574,0.010000006444425549
8,18713,1340,1.0,1887,1131,17582,0.010000006380302443
8,18721,1341,1.0,1888,1131,17590,0.010000006316817373
8,18729,1342,1.0,1889,1131,17598,0.010000006253963991
8,18737,1343,1.0,1890,1132,17605,0.01000000619173601
8,18745,1344,1.0,1891,1132,17613,0.010000006130127206
8,18753,1345,1.0,1892,1132,17621,0.010000006069131422
8,18761,1346,1.0,1893,1132,17629,0.010000006008742554
8,18769,1347,1.0,1894,1132,17637,0.010000005948954567
8,18777,1348,1.0,1895,1132,17645,0.01000000588976148
8,18785,1349,1.0,1896,1132,17653,0.010000005831157375
8,18793,1350,1.0,1897,1132,17661,0.01000000577313639
8,18801,1351,1.0,1898,1132,17669,0.010000005715692721
14,18815,1351,0.0,1899,1133,17682,0.01000000565882063
14,18829,1351,0.0,1900,1134,17695,0.010000005602514423
17,18846,1351,0.0,1901,1135,17711,0.010000005546768474
8,18854,1352,1.0,1902,1135,17719,0.010000005491577205
8,18862,1353,1.0,1903,1135,17727,0.010000005436935099
8,18870,1354,1.0,1904,1136,17734,0.01000000538283669
8,18878,1355,1.0,1905,1136,17742,0.01000000532927657
8,18886,1356,1.0,1906,1136,17750,0.010000005276249382
4,18890,1356,0.0,1907,1137,17753,0.010000005223749824
6,18896,1357,1.0,1908,1138,17758,0.010000005171772646
10,18906,1357,0.0,1909,1138,17768,0.010000005120312648
6,18912,1358,1.0,1910,1138,17774,0.010000005069364685
6,18918,1359,1.0,1911,1138,17780,0.010000005018923664
25,18943,1359,0.0,1912,1139,17804,0.010000004968984538
6,18949,1360,1.0,1913,1139,17810,0.010000004919542317
6,18955,1361,1.0,1914,1139,17816,0.010000004870592053
6,18961,1362,1.0,1915,1139,17822,0.010000004822128853
6,18967,1363,1.0,1916,1139,17828,0.010000004774147869
6,18973,1364,1.0,1917,1139,17834,0.010000004726644304
6,18979,1365,1.0,1918,1139,17840,0.010000004679613407
6,18985,1366,1.0,1919,1139,17846,0.010000004633050475
6,18991,1367,1.0,1920,1139,17852,0.010000004586950852
6,18997,1368,1.0,1921,1139,17858,0.010000004541309929
6,19003,1369,1.0,1922,1139,17864,0.01000000449612314
6,19009,1370,1.0,1923,1139,17870,0.010000004451385968
6,19015,1371,1.0,1924,1139,17876,0.010000004407093938
6,19021,1372,1.0,1925,1139,17882,0.01000000436324262
6,19027,1373,1.0,1926,1139,17888,0.010000004319827631
6,19033,1374,1.0,1927,1139,17894,0.010000004276844627
6,19039,1375,1.0,1928,1139,17900,0.010000004234289312
6,19045,1376,1.0,1929,1139,17906,0.01000000419215743
6,19051,1377,1.0,1930,1139,17912,0.010000004150444766
6,19057,1378,1.0,1931,1139,17918,0.010000004109147151
6,19063,1379,1.0,1932,1139,17924,0.010000004068260454
6,19069,1380,1.0,1933,1139,17930,0.010000004027780587
6,19075,1381,1.0,1934,1139,17936,0.0100000039877035
6,19081,1382,1.0,1935,1139,17942,0.010000003948025186
6,19087,1383,1.0,1936,1139,17948,0.01000000390874168
6,19093,1384,1.0,1937,1139,17954,0.01000000386984905
6,19099,1385,1.0,1938,1139,17960,0.01000000383134341
6,19105,1386,1.0,1939,1139,17966,0.010000003793220904
6,19111,1387,1.0,1940,1139,17972,0.010000003755477726
6,19117,1388,1.0,1941,1139,17978,0.010000003718110098
6,19123,1389,1.0,1942,1139,17984,0.010000003681114285
6,19129,1390,1.0,1943,1139,17990,0.010000003644486586
6,19135,1391,1.0,1944,1139,17996,0.010000003608223338
6,19141,1392,1.0,1945,1139,18002,0.010000003572320917
6,19147,1393,1.0,1946,1139,18008,0.010000003536775728
6,19153,1394,1.0,1947,1139,18014,0.010000003501584222
6,19159,1395,1.0,1948,1139,18020,0.010000003466742877
6,19165,1396,1.0,1949,1139,18026,0.01000000343224821
6,19171,1397,1.0,1950,1139,18032,0.01000000339809677
6,19177,1398,1.0,1951,1139,18038,0.010000003364285142
6,19183,1399,1.0,1952,1139,18044,0.010000003330809946
6,19189,1400,1.0,1953,1139,18050,0.010000003297667832
6,19195,1401,1.0,1954,1139,18056,0.010000003264855489
6,19201,1402,1.0,1955,1139,18062,0.010000003232369634
6,19207,1403,1.0,1956,1140,18067,0.01000000320020702
6,19213,1404,1.0,1957,1140,18073,0.010000003168364427
6,19219,1405,1.0,1958,1140,18079,0.010000003136838674
6,19225,1406,1.0,1959,1140,18085,0.010000003105626609
6,19231,1407,1.0,1960,1140,18091,0.010000003074725107
6,19237,1408,1.0,1961,1140,18097,0.010000003044131081
6,19243,1409,1.0,1962,1140,18103,0.01000000301384147
6,19249,1410,1.0,1963,1140,18109,0.010000002983853246
6,19255,1411,1.0,1964,1140,18115,0.01000000295416341
6,19261,1412,1.0,1965,1140,18121,0.010000002924768993
6,19267,1413,1.0,1966,1140,18127,0.010000002895667057
6,19273,1414,1.0,1967,1140,18133,0.010000002866854688
6,19279,1415,1.0,1968,1140,18139,0.010000002838329006
6,19285,1416,1.0,1969,1140,18145,0.010000002810087161
6,19291,1417,1.0,1970,1140,18151,0.010000002782126326
6,19297,1418,1.0,1971,1140,18157,0.010000002754443708
6,19303,1419,1.0,1972,1140,18163,0.010000002727036534
6,19309,1420,1.0,1973,1140,18169,0.010000002699902068
6,19315,1421,1.0,1974,1140,18175,0.010000002673037594
6,19321,1422,1.0,1975,1140,18181,0.010000002646440425
6,19327,1423,1.0,1976,1140,18187,0.010000002620107903
6,19333,1424,1.0,1977,1140,18193,0.010000002594037393
6,19339,1425,1.0,1978,1140,18199,0.01000000256822629
6,19345,1426,1.0,1979,1140,18205,0.010000002542672012
6,19351,1427,1.0,1980,1140,18211,0.010000002517372002
6,19357,1428,1.0,1981,1140,18217,0.010000002492323733
6,19363,1429,1.0,1982,1140,18223,0.010000002467524697
6,19369,1430,1.0,1983,1140,18229,0.010000002442972417
6,19375,1431,1.0,1984,1140,18235,0.010000002418664434
6,19381,1432,1.0,1985,1140,18241,0.010000002394598322
6,19387,1433,1.0,1986,1140,18247,0.01000000237077167
6,19393,1434,1.0,1987,1140,18253,0.010000002347182098
6,19399,1435,1.0,1988,1140,18259,0.010000002323827245
6,19405,1436,1.0,1989,1140,18265,0.010000002300704778
6,19411,1437,1.0,1990,1140,18271,0.010000002277812383
6,19417,1438,1.0,1991,1140,18277,0.010000002255147772
6,19423,1439,1.0,1992,1140,18283,0.010000002232708676
6,19429,1440,1.0,1993,1140,18289,0.010000002210492853
6,19435,1441,1.0,1994,1140,18295,0.010000002188498083
6,19441,1442,1.0,1995,1140,18301,0.010000002166722161
6,19447,1443,1.0,1996,1140,18307,0.010000002145162916
6,19453,1444,1.0,1997,1140,18313,0.01000000212381819
6,19459,1445,1.0,1998,1140,18319,0.010000002102685845
6,19465,1446,1.0,1999,1140,18325,0.01000000208176377
6,19471,1447,1.0,2000,1140,18331,0.010000002061049876
6,19477,1448,1.0,2001,1140,18337,0.010000002040542086
6,19483,1449,1.0,2002,1140,18343,0.010000002020238354
6,19489,1450,1.0,2003,1140,18349,0.010000002000136647
6,19495,1451,1.0,2004,1140,18355,0.010000001980234954
6,19501,1452,1.0,2005,1140,18361,0.010000001960531286
10,19511,1452,0.0,2006,1141,18370,0.010000001941023675
6,19517,1453,1.0,2007,1141,18376,0.010000001921710166
6,19523,1454,1.0,2008,1141,18382,0.010000001902588831
6,19529,1455,1.0,2009,1141,18388,0.010000001883657756
6,19535,1456,1.0,2010,1141,18394,0.010000001864915047
6,19541,1457,1.0,2011,1141,18400,0.010000001846358833
6,19547,1458,1.0,2012,1141,18406,0.010000001827987255
6,19553,1459,1.0,2013,1141,18412,0.010000001809798478
6,19559,1460,1.0,2014,1141,18418,0.010000001791790683
6,19565,1461,1.0,2015,1141,18424,0.010000001773962068
6,19571,1462,1.0,2016,1141,18430,0.01000000175631085
6,19577,1463,1.0,2017,1141,18436,0.010000001738835265
6,19583,1464,1.0,2018,1141,18442,0.010000001721533565
6,19589,1465,1.0,2019,1141,18448,0.01000000170440402
6,19595,1466,1.0,2020,1141,18454,0.010000001687444917
6,19601,1467,1.0,2021,1141,18460,0.01000000167065456
6,19607,1468,1.0,2022,1141,18466,0.010000001654031268
6,19613,1469,1.0,2023,1141,18472,0.010000001637573383
6,19619,1470,1.0,2024,1141,18478,0.010000001621279255
6,19625,1471,1.0,2025,1141,18484,0.010000001605147257
6,19631,1472,1.0,2026,1141,18490,0.010000001589175776
6,19637,1473,1.0,2027,1141,18496,0.010000001573363212
6,19643,1474,1.0,2028,1141,18502,0.010000001557707985
6,19649,1475,1.0,2029,1141,18508,0.010000001542208533
6,19655,1476,1.0,2030,1141,18514,0.010000001526863301
6,19661,1477,1.0,2031,1141,18520,0.010000001511670758
6,19667,1478,1.0,2032,1141,18526,0.010000001496629383
6,19673,1479,1.0,2033,1141,18532,0.010000001481737672
6,19679,1480,1.0,2034,1141,18538,0.010000001466994136
6,19685,1481,1.0,2035,1141,18544,0.0100000014523973
6,19691,1482,1.0,2036,1141,18550,0.010000001437945705
6,19697,1483,1.0,2037,1141,18556,0.010000001423637906
6,19703,1484,1.0,2038,1142,18561,0.010000001409472473
6,19709,1485,1.0,2039,1142,18567,0.010000001395447987
6,19715,1486,1.0,2040,1142,18573,0.010000001381563048
6,19721,1487,1.0,2041,1142,18579,0.010000001367816265
6,19727,1488,1.0,2042,1142,18585,0.010000001354206266
6,19733,1489,1.0,2043,1142,18591,0.010000001340731689
6,19739,1490,1.0,2044,1142,18597,0.010000001327391185
6,19745,1491,1.0,2045,1142,18603,0.010000001314183422
6,19751,1492,1.0,2046,1142,18609,0.010000001301107078
6,19757,1493,1.0,2047,1142,18615,0.010000001288160847
6,19763,1494,1.0,2048,1142,18621,0.010000001275343432
6,19769,1495,1.0,2049,1142,18627,0.010000001262653553
6,19775,1496,1.0,2050,1143,18632,0.010000001250089941
6,19781,1497,1.0,2051,1143,18638,0.010000001237651338
6,19787,1498,1.0,2052,1143,18644,0.010000001225336501
6,19793,1499,1.0,2053,1143,18650,0.0100000012131442
6,19799,1500,1.0,2054,1143,18656,0.010000001201073213
6,19805,1501,1.0,2055,1143,18662,0.010000001189122336
6,19811,1502,1.0,2056,1143,18668,0.01000000117729037
6,19817,1503,1.0,2057,1143,18674,0.010000001165576136
6,19823,1504,1.0,2058,1143,18680,0.010000001153978458
6,19829,1505,1.0,2059,1143,18686,0.010000001142496181
6,19835,1506,1.0,2060,1143,18692,0.010000001131128155
6,19841,1507,1.0,2061,1143,18698,0.010000001119873241
6,19847,1508,1.0,2062,1143,18704,0.010000001108730316
6,19853,1509,1.0,2063,1143,18710,0.010000001097698266
6,19859,1510,1.0,2064,1143,18716,0.010000001086775985
6,19865,1511,1.0,2065,1143,18722,0.010000001075962384
6,19871,1512,1.0,2066,1143,18728,0.010000001065256378
6,19877,1513,1.0,2067,1143,18734,0.0100000010546569
6,19883,1514,1.0,2068,1143,18740,0.010000001044162888
6,19889,1515,1.0,2069,1143,18746,0.010000001033773295
6,19895,1516,1.0,2070,1143,18752,0.010000001023487078
6,19901,1517,1.0,2071,1143,18758,0.010000001013303212
6,19907,1518,1.0,2072,1143,18764,0.010000001003220677
6,19913,1519,1.0,2073,1143,18770,0.010000000993238464
6,19919,1520,1.0,2074,1143,18776,0.010000000983355576
6,19925,1521,1.0,2075,1143,18782,0.010000000973571024
6,19931,1522,1.0,2076,1143,18788,0.01000000096388383
6,19937,1523,1.0,2077,1143,18794,0.010000000954293027
6,19943,1524,1.0,2078,1143,18800,0.010000000944797652
6,19949,1525,1.0,2079,1143,18806,0.010000000935396759
6,19955,1526,1.0,2080,1143,18812,0.010000000926089405
6,19961,1527,1.0,2081,1143,18818,0.010000000916874661
6,19967,1528,1.0,2082,1143,18824,0.010000000907751607
6,19973,1529,1.0,2083,1143,18830,0.010000000898719327
2,19975,1529,0.0,2084,1144,18831,0.01000000088977692
6,19981,1530,1.0,2085,1144,18837,0.010000000880923492
6,19987,1531,1.0,2086,1144,18843,0.010000000872158157
6,19993,1532,1.0,2087,1144,18849,0.010000000863480038
6,19999,1533,1.0,2088,1144,18855,0.010000000854888268
14,20013,1533,0.0,2089,1146,18867,0.010000000846381987
36,20049,1533,0.0,2090,1147,18902,0.010000000837960347
28,20077,1533,0.0,2091,1147,18930,0.010000000829622501
29,20106,1533,0.0,2092,1148,18958,0.01000000082136762
6,20112,1534,1.0,2093,1148,18964,0.010000000813194876
6,20118,1535,1.0,2094,1148,18970,0.010000000805103451
6,20124,1536,1.0,2095,1148,18976,0.010000000797092538
25,20149,1536,0.0,2096,1149,19000,0.010000000789161335
6,20155,1537,1.0,2097,1149,19006,0.010000000781309049
6,20161,1538,1.0,2098,1150,19011,0.010000000773534894
6,20167,1539,1.0,2099,1150,19017,0.010000000765838093
6,20173,1540,1.0,2100,1150,19023,0.010000000758217876
6,20179,1541,1.0,2101,1150,19029,0.010000000750673482
6,20185,1542,1.0,2102,1150,19035,0.010000000743204156
6,20191,1543,1.0,2103,1150,19041,0.010000000735809152
6,20197,1544,1.0,2104,1150,19047,0.010000000728487729
6,20203,1545,1.0,2105,1150,19053,0.010000000721239154
6,20209,1546,1.0,2106,1150,19059,0.010000000714062705
6,20215,1547,1.0,2107,1150,19065,0.010000000706957663
6,20221,1548,1.0,2108,1150,19071,0.010000000699923316
6,20227,1549,1.0,2109,1150,19077,0.010000000692958963
6,20233,1550,1.0,2110,1150,19083,0.010000000686063906
6,20239,1551,1.0,2111,1151,19088,0.010000000679237456
6,20245,1552,1.0,2112,1151,19094,0.01000000067247893
6,20251,1553,1.0,2113,1151,19100,0.010000000665787653
6,20257,1554,1.0,2114,1151,19106,0.010000000659162955
6,20263,1555,1.0,2115,1151,19112,0.010000000652604174
6,20269,1556,1.0,2116,1151,19118,0.010000000646110655
6,20275,1557,1.0,2117,1151,19124,0.010000000639681745
6,20281,1558,1.0,2118,1151,19130,0.010000000633316805
6,20287,1559,1.0,2119,1151,19136,0.010000000627015199
6,20293,1560,1.0,2120,1151,19142,0.010000000620776293
6,20299,1561,1.0,2121,1151,19148,0.010000000614599465
6,20305,1562,1.0,2122,1151,19154,0.010000000608484098
6,20311,1563,1.0,2123,1151,19160,0.01000000060242958
6,20317,1564,1.0,2124,1151,19166,0.010000000596435306
6,20323,1565,1.0,2125,1151,19172,0.010000000590500676
6,20329,1566,1.0,2126,1151,19178,0.010000000584625097
6,20335,1567,1.0,2127,1151,19184,0.01000000057880798
6,20341,1568,1.0,2128,1151,19190,0.010000000573048744
6,20347,1569,1.0,2129,1151,19196,0.010000000567346814
6,20353,1570,1.0,2130,1151,19202,0.010000000561701618
6,20359,1571,1.0,2131,1151,19208,0.010000000556112594
6,20365,1572,1.0,2132,1151,19214,0.010000000550579181
6,20371,1573,1.0,2133,1151,19220,0.010000000545100826
6,20377,1574,1.0,2134,1151,19226,0.010000000539676982
6,20383,1575,1.0,2135,1151,19232,0.010000000534307107
6,20389,1576,1.0,2136,1151,19238,0.010000000528990662
6,20395,1577,1.0,2137,1151,19244,0.010000000523727117
6,20401,1578,1.0,2138,1151,19250,0.010000000518515946
6,20407,1579,1.0,2139,1151,19256,0.010000000513356627
6,20413,1580,1.0,2140,1151,19262,0.010000000508248641
6,20419,1581,1.0,2141,1151,19268,0.010000000503191483
6,20425,1582,1.0,2142,1151,19274,0.010000000498184645
6,20431,1583,1.0,2143,1151,19280,0.010000000493227624
6,20437,1584,1.0,2144,1151,19286,0.010000000488319928
6,20443,1585,1.0,2145,1151,19292,0.010000000483461063
6,20449,1586,1.0,2146,1151,19298,0.010000000478650545
6,20455,1587,1.0,2147,1151,19304,0.010000000473887893
6,20461,1588,1.0,2148,1151,19310,0.01000000046917263
6,20467,1589,1.0,2149,1151,19316,0.010000000464504284
6,20473,1590,1.0,2150,1151,19322,0.01000000045988239
6,20479,1591,1.0,2151,1151,19328,0.010000000455306482
6,20485,1592,1.0,2152,1151,19334,0.010000000450776108
6,20491,1593,1.0,2153,1151,19340,0.01000000044629081
6,20497,1594,1.0,2154,1151,19346,0.010000000441850142
6,20503,1595,1.0,2155,1151,19352,0.01000000043745366
6,20509,1596,1.0,2156,1151,19358,0.010000000433100923
6,20515,1597,1.0,2157,1151,19364,0.010000000428791497
6,20521,1598,1.0,2158,1151,19370,0.01000000042452495
6,20527,1599,1.0,2159,1151,19376,0.010000000420300857
6,20533,1600,1.0,2160,1151,19382,0.010000000416118794
6,20539,1601,1.0,2161,1151,19388,0.010000000411978342
6,20545,1602,1.0,2162,1151,19394,0.01000000040787909
6,20551,1603,1.0,2163,1151,19400,0.010000000403820625
6,20557,1604,1.0,2164,1152,19405,0.010000000399802542
6,20563,1605,1.0,2165,1152,19411,0.010000000395824441
6,20569,1606,1.0,2166,1152,19417,0.010000000391885921
6,20575,1607,1.0,2167,1152,19423,0.010000000387986591
6,20581,1608,1.0,2168,1152,19429,0.010000000384126061
6,20587,1609,1.0,2169,1152,19435,0.010000000380303941
6,20593,1610,1.0,2170,1152,19441,0.010000000376519855
6,20599,1611,1.0,2171,1152,19447,0.01000000037277342
6,20605,1612,1.0,2172,1152,19453,0.010000000369064262
6,20611,1613,1.0,2173,1152,19459,0.010000000365392012
6,20617,1614,1.0,2174,1152,19465,0.0100000003617563
6,20623,1615,1.0,2175,1152,19471,0.010000000358156765
6,20629,1616,1.0,2176,1152,19477,0.010000000354593046
25,20654,1616,0.0,2177,1153,19501,0.010000000351064785
6,20660,1617,1.0,2178,1153,19507,0.010000000347571633
6,20666,1618,1.0,2179,1153,19513,0.010000000344113236
6,20672,1619,1.0,2180,1153,19519,0.010000000340689253
6,20678,1620,1.0,2181,1153,19525,0.010000000337299338
6,20684,1621,1.0,2182,1153,19531,0.010000000333943155
6,20690,1622,1.0,2183,1153,19537,0.010000000330620365
6,20696,1623,1.0,2184,1153,19543,0.010000000327330637
6,20702,1624,1.0,2185,1153,19549,0.010000000324073641
6,20708,1625,1.0,2186,1153,19555,0.010000000320849056
6,20714,1626,1.0,2187,1153,19561,0.010000000317656554
6,20720,1627,1.0,2188,1153,19567,0.010000000314495818
6,20726,1628,1.0,2189,1153,19573,0.010000000311366533
6,20732,1629,1.0,2190,1153,19579,0.010000000308268385
6,20738,1630,1.0,2191,1153,19585,0.010000000305201063
19,20757,1630,0.0,2192,1155,19602,0.01000000030216426
6,20763,1631,1.0,2193,1155,19608,0.010000000299157676
36,20799,1631,0.0,2194,1155,19644,0.010000000296181009
6,20805,1632,1.0,2195,1155,19650,0.010000000293233958
6,20811,1633,1.0,2196,1155,19656,0.010000000290316231
6,20817,1634,1.0,2197,1155,19662,0.010000000287427537
6,20823,1635,1.0,2198,1155,19668,0.010000000284567585
6,20829,1636,1.0,2199,1155,19674,0.01000000028173609
6,20835,1637,1.0,2200,1155,19680,0.01000000027893277
6,20841,1638,1.0,2201,1155,19686,0.010000000276157342
6,20847,1639,1.0,2202,1155,19692,0.01000000027340953
6,20853,1640,1.0,2203,1155,19698,0.01000000027068906
6,20859,1641,1.0,2204,1155,19704,0.010000000267995659
6,20865,1642,1.0,2205,1155,19710,0.010000000265329058
6,20871,1643,1.0,2206,1155,19716,0.010000000262688989
6,20877,1644,1.0,2207,1155,19722,0.010000000260075189
6,20883,1645,1.0,2208,1155,19728,0.010000000257487398
6,20889,1646,1.0,2209,1155,19734,0.010000000254925355
6,20895,1647,1.0,2210,1155,19740,0.010000000252388806
6,20901,1648,1.0,2211,1155,19746,0.010000000249877496
6,20907,1649,1.0,2212,1155,19752,0.010000000247391174
25,20932,1649,0.0,2213,1156,19776,0.01000000024492959
25,20957,1649,0.0,2214,1156,19801,0.0100000002424925
6,20963,1650,1.0,2215,1156,19807,0.01000000024007966
6,20969,1651,1.0,2216,1156,19813,0.010000000237690827
6,20975,1652,1.0,2217,1156,19819,0.010000000235325763
6,20981,1653,1.0,2218,1156,19825,0.010000000232984233
6,20987,1654,1.0,2219,1156,19831,0.010000000230666
6,20993,1655,1.0,2220,1156,19837,0.010000000228370836
6,20999,1656,1.0,2221,1156,19843,0.010000000226098508
6,21005,1657,1.0,2222,1156,19849,0.01000000022384879
6,21011,1658,1.0,2223,1156,19855,0.010000000221621458
6,21017,1659,1.0,2224,1156,19861,0.010000000219416287
6,21023,1660,1.0,2225,1156,19867,0.010000000217233058
6,21029,1661,1.0,2226,1156,19873,0.010000000215071555
6,21035,1662,1.0,2227,1156,19879,0.010000000212931556
6,21041,1663,1.0,2228,1156,19885,0.010000000210812852
6,21047,1664,1.0,2229,1156,19891,0.01000000020871523
6,21053,1665,1.0,2230,1156,19897,0.010000000206638477
10,21063,1666,1.0,2231,1157,19906,0.010000000204582391
6,21069,1667,1.0,2232,1157,19912,0.01000000020254676
6,21075,1668,1.0,2233,1157,19918,0.010000000200531387
6,21081,1669,1.0,2234,1157,19924,0.010000000198536066
6,21087,1670,1.0,2235,1157,19930,0.0100000001965606
6,21093,1671,1.0,2236,1157,19936,0.010000000194604789
6,21099,1672,1.0,2237,1157,19942,0.010000000192668439
6,21105,1673,1.0,2238,1157,19948,0.010000000190751356
6,21111,1674,1.0,2239,1157,19954,0.010000000188853348
6,21117,1675,1.0,2240,1157,19960,0.010000000186974226
6,21123,1676,1.0,2241,1157,19966,0.010000000185113801
6,21129,1677,1.0,2242,1157,19972,0.01000000018327189
6,21135,1678,1.0,2243,1157,19978,0.010000000181448303
6,21141,1679,1.0,2244,1157,19984,0.010000000179642862
6,21147,1680,1.0,2245,1157,19990,0.010000000177855385
6,21153,1681,1.0,2246,1157,19996,0.010000000176085695
6,21159,1682,1.0,2247,1157,20002,0.010000000174333614
6,21165,1683,1.0,2248,1157,20008,0.010000000172598965
6,21171,1684,1.0,2249,1157,20014,0.010000000170881576
6,21177,1685,1.0,2250,1157,20020,0.010000000169181277
6,21183,1686,1.0,2251,1157,20026,0.010000000167497894
6,21189,1687,1.0,2252,1157,20032,0.010000000165831262
6,21195,1688,1.0,2253,1157,20038,0.010000000164181214
6,21201,1689,1.0,2254,1157,20044,0.010000000162547583
6,21207,1690,1.0,2255,1157,20050,0.010000000160930209
6,21213,1691,1.0,2256,1157,20056,0.010000000159328925
6,21219,1692,1.0,2257,1157,20062,0.010000000157743577
6,21225,1693,1.0,2258,1157,20068,0.010000000156174001
6,21231,1694,1.0,2259,1157,20074,0.010000000154620044
6,21237,1695,1.0,2260,1157,20080,0.01000000015308155
6,21243,1696,1.0,2261,1157,20086,0.010000000151558363
6,21249,1697,1.0,2262,1157,20092,0.010000000150050332
6,21255,1698,1.0,2263,1157,20098,0.010000000148557306
6,21261,1699,1.0,2264,1157,20104,0.010000000147079136
6,21267,1700,1.0,2265,1157,20110,0.010000000145615674
6,21273,1701,1.0,2266,1157,20116,0.010000000144166774
6,21279,1702,1.0,2267,1157,20122,0.01000000014273229
6,21285,1703,1.0,2268,1157,20128,0.01000000014131208
6,21291,1704,1.0,2269,1157,20134,0.010000000139906002
6,21297,1705,1.0,2270,1157,20140,0.010000000138513914
6,21303,1706,1.0,2271,1157,20146,0.010000000137135678
6,21309,1707,1.0,2272,1157,20152,0.010000000135771155
6,21315,1708,1.0,2273,1157,20158,0.01000000013442021
6,21321,1709,1.0,2274,1157,20164,0.010000000133082705
6,21327,1710,1.0,2275,1157,20170,0.01000000013175851
6,21333,1711,1.0,2276,1157,20176,0.010000000130447492
6,21339,1712,1.0,2277,1157,20182,0.010000000129149518
6,21345,1713,1.0,2278,1157,20188,0.010000000127864459
6,21351,1714,1.0,2279,1157,20194,0.010000000126592185
6,21357,1715,1.0,2280,1157,20200,0.010000000125332573
9,21366,1715,0.0,2281,1158,20208,0.010000000124085492
9,21375,1715,0.0,2282,1158,20217,0.010000000122850822
14,21389,1715,0.0,2283,1158,20231,0.010000000121628435
6,21395,1716,1.0,2284,1158,20237,0.010000000120418212
8,21403,1716,0.0,2285,1158,20245,0.01000000011922003
6,21409,1717,1.0,2286,1158,20251,0.010000000118033772
6,21415,1718,1.0,2287,1158,20257,0.010000000116859316
6,21421,1719,1.0,2288,1158,20263,0.010000000115696546
6,21427,1720,1.0,2289,1158,20269,0.010000000114545346
6,21433,1721,1.0,2290,1158,20275,0.010000000113405601
6,21439,1722,1.0,2291,1158,20281,0.010000000112277196
6,21445,1723,1.0,2292,1158,20287,0.010000000111160019
6,21451,1724,1.0,2293,1158,20293,0.01000000011005396
6,21457,1725,1.0,2294,1158,20299,0.010000000108958905
6,21463,1726,1.0,2295,1158,20305,0.010000000107874744
6,21469,1727,1.0,2296,1158,20311,0.010000000106801374
6,21475,1728,1.0,2297,1158,20317,0.010000000105738682
6,21481,1729,1.0,2298,1158,20323,0.010000000104686563
6,21487,1730,1.0,2299,1158,20329,0.010000000103644916
6,21493,1731,1.0,2300,1158,20335,0.010000000102613631
6,21499,1732,1.0,2301,1159,20340,0.010000000101592608
6,21505,1733,1.0,2302,1159,20346,0.010000000100581745
10,21515,1734,1.0,2303,1160,20355,0.010000000099580941
6,21521,1735,1.0,2304,1160,20361,0.010000000098590093
6,21527,1736,1.0,2305,1160,20367,0.010000000097609105
6,21533,1737,1.0,2306,1161,20372,0.010000000096637878
6,21539,1738,1.0,2307,1161,20378,0.010000000095676316
3,21542,1738,0.0,2308,1162,20380,0.01000000009472432
6,21548,1739,1.0,2309,1162,20386,0.010000000093781799
6,21554,1740,1.0,2310,1162,20392,0.010000000092848653
6,21560,1741,1.0,2311,1162,20398,0.010000000091924794
6,21566,1742,1.0,2312,1162,20404,0.010000000091010127
6,21572,1743,1.0,2313,1162,20410,0.010000000090104561
6,21578,1744,1.0,2314,1162,20416,0.010000000089208006
6,21584,1745,1.0,2315,1162,20422,0.01000000008832037
6,21590,1746,1.0,2316,1162,20428,0.010000000087441568
6,21596,1747,1.0,2317,1162,20434,0.01000000008657151
6,21602,1748,1.0,2318,1162,20440,0.01000000008571011
6,21608,1749,1.0,2319,1162,20446,0.01000000008485728
6,21614,1750,1.0,2320,1162,20452,0.010000000084012936
6,21620,1751,1.0,2321,1162,20458,0.010000000083176993
6,21626,1752,1.0,2322,1162,20464,0.010000000082349369
6,21632,1753,1.0,2323,1162,20470,0.010000000081529977
6,21638,1754,1.0,2324,1162,20476,0.010000000080718741
6,21644,1755,1.0,2325,1162,20482,0.010000000079915576
6,21650,1756,1.0,2326,1162,20488,0.010000000079120403
6,21656,1757,1.0,2327,1162,20494,0.010000000078333142
6,21662,1758,1.0,2328,1162,20500,0.010000000077553714
6,21668,1759,1.0,2329,1162,20506,0.010000000076782041
6,21674,1760,1.0,2330,1162,20512,0.010000000076018048
6,21680,1761,1.0,2331,1162,20518,0.010000000075261655
6,21686,1762,1.0,2332,1162,20524,0.01000000007451279
6,21692,1763,1.0,2333,1162,20530,0.010000000073771375
6,21698,1764,1.0,2334,1162,20536,0.010000000073037337
6,21704,1765,1.0,2335,1162,20542,0.010000000072310604
6,21710,1766,1.0,2336,1162,20548,0.010000000071591101
6,21716,1767,1.0,2337,1162,20554,0.010000000070878758
6,21722,1768,1.0,2338,1162,20560,0.010000000070173503
6,21728,1769,1.0,2339,1162,20566,0.010000000069475264
6,21734,1770,1.0,2340,1162,20572,0.010000000068783974
6,21740,1771,1.0,2341,1162,20578,0.010000000068099563
6,21746,1772,1.0,2342,1162,20584,0.01000000006742196
6,21752,1773,1.0,2343,1162,20590,0.0100000000667511
10,21762,1773,0.0,2344,1163,20599,0.010000000066086916
6,21768,1774,1.0,2345,1163,20605,0.01000000006542934
6,21774,1775,1.0,2346,1163,20611,0.010000000064778308
6,21780,1776,1.0,2347,1163,20617,0.010000000064133752
6,21786,1777,1.0,2348,1163,20623,0.01000000006349561
6,21792,1778,1.0,2349,1163,20629,0.010000000062863819
6,21798,1779,1.0,2350,1163,20635,0.010000000062238314
6,21804,1780,1.0,2351,1163,20641,0.010000000061619031
2,21806,1780,0.0,2352,1164,20642,0.010000000061005912
6,21812,1781,1.0,2353,1164,20648,0.010000000060398893
9,21821,1781,0.0,2354,1165,20656,0.010000000059797915
9,21830,1781,0.0,2355,1165,20665,0.010000000059202915
13,21843,1781,0.0,2356,1166,20677,0.010000000058613836
14,21857,1781,0.0,2357,1168,20689,0.010000000058030619
88,21945,1781,0.0,2358,1168,20777,0.010000000057453204
8,21953,1781,0.0,2359,1168,20785,0.010000000056881536
8,21961,1781,0.0,2360,1168,20793,0.010000000056315555
33,21994,1781,0.0,2361,1168,20826,0.010000000055755206
7,22001,1781,0.0,2362,1168,20833,0.010000000055200433
3,22004,1781,0.0,2363,1168,20836,0.01000000005465118
27,22031,1781,0.0,2364,1168,20863,0.01000000005410739
11,22042,1781,0.0,2365,1170,20872,0.010000000053569012
11,22053,1781,0.0,2366,1170,20883,0.010000000053035992
8,22061,1781,0.0,2367,1170,20891,0.010000000052508276
10,22071,1781,0.0,2368,1170,20901,0.01000000005198581
18,22089,1782,1.0,2369,1170,20919,0.010000000051468541
9,22098,1783,1.0,2370,1170,20928,0.010000000050956422
9,22107,1784,1.0,2371,1170,20937,0.010000000050449397
9,22116,1785,1.0,2372,1170,20946,0.010000000049947416
9,22125,1786,1.0,2373,1170,20955,0.010000000049450432
3,22128,1786,0.0,2374,1171,20957,0.010000000048958391
9,22137,1787,1.0,2375,1171,20966,0.010000000048471248
9,22146,1788,1.0,2376,1171,20975,0.01000000004798895
9,22155,1789,1.0,2377,1171,20984,0.010000000047511452
9,22164,1790,1.0,2378,1171,20993,0.010000000047038705
9,22173,1791,1.0,2379,1171,21002,0.010000000046570662
9,22182,1792,1.0,2380,1171,21011,0.010000000046107276
9,22191,1793,1.0,2381,1171,21020,0.010000000045648503
9,22200,1794,1.0,2382,1171,21029,0.010000000045194291
9,22209,1795,1.0,2383,1171,21038,0.0100000000447446
9,22218,1796,1.0,2384,1171,21047,0.010000000044299384
9,22227,1797,1.0,2385,1171,21056,0.010000000043858598
9,22236,1798,1.0,2386,1171,21065,0.010000000043422198
9,22245,1799,1.0,2387,1171,21074,0.01000000004299014
9,22254,1800,1.0,2388,1171,21083,0.010000000042562381
9,22263,1801,1.0,2389,1171,21092,0.010000000042138878
9,22272,1802,1.0,2390,1171,21101,0.01000000004171959
9,22281,1803,1.0,2391,1171,21110,0.010000000041304472
9,22290,1804,1.0,2392,1171,21119,0.010000000040893487
9,22299,1805,1.0,2393,1171,21128,0.010000000040486588
9,22308,1806,1.0,2394,1171,21137,0.01000000004008374
9,22317,1807,1.0,2395,1171,21146,0.010000000039684901
9,22326,1808,1.0,2396,1171,21155,0.01000000003929003
9,22335,1809,1.0,2397,1171,21164,0.010000000038899087
9,22344,1810,1.0,2398,1171,21173,0.010000000038512034
9,22353,1811,1.0,2399,1171,21182,0.010000000038128834
9,22362,1812,1.0,2400,1171,21191,0.010000000037749446
9,22371,1813,1.0,2401,1171,21200,0.010000000037373832
9,22380,1814,1.0,2402,1171,21209,0.010000000037001956
9,22389,1815,1.0,2403,1171,21218,0.010000000036633781
9,22398,1816,1.0,2404,1171,21227,0.010000000036269269
9,22407,1817,1.0,2405,1171,21236,0.010000000035908384
9,22416,1818,1.0,2406,1171,21245,0.010000000035551088
9,22425,1819,1.0,2407,1171,21254,0.01000000003519735
9,22434,1820,1.0,2408,1171,21263,0.01000000003484713
9,22443,1821,1.0,2409,1171,21272,0.010000000034500396
9,22452,1822,1.0,2410,1171,21281,0.010000000034157111
9,22461,1823,1.0,2411,1171,21290,0.010000000033817243
9,22470,1824,1.0,2412,1171,21299,0.010000000033480755
9,22479,1825,1.0,2413,1171,21308,0.010000000033147615
9,22488,1826,1.0,2414,1171,21317,0.010000000032817792
2,22490,1826,0.0,2415,1172,21318,0.01000000003249125
9,22499,1827,1.0,2416,1172,21327,0.010000000032167956
9,22508,1828,1.0,2417,1172,21336,0.010000000031847879
9,22517,1829,1.0,2418,1172,21345,0.010000000031530988
9,22526,1830,1.0,2419,1173,21353,0.01000000003121725
9,22535,1831,1.0,2420,1173,21362,0.010000000030906632
9,22544,1832,1.0,2421,1173,21371,0.010000000030599105
9,22553,1833,1.0,2422,1173,21380,0.01000000003029464
8,22561,1833,0.0,2423,1174,21387,0.010000000029993203
9,22570,1834,1.0,2424,1174,21396,0.010000000029694766
9,22579,1835,1.0,2425,1174,21405,0.010000000029399297
9,22588,1836,1.0,2426,1174,21414,0.01000000002910677
9,22597,1837,1.0,2427,1174,21423,0.010000000028817152
9,22606,1838,1.0,2428,1174,21432,0.010000000028530418
3,22609,1838,0.0,2429,1175,21434,0.010000000028246536
9,22618,1839,1.0,2430,1175,21443,0.010000000027965477
9,22627,1840,1.0,2431,1175,21452,0.010000000027687216
9,22636,1841,1.0,2432,1175,21461,0.010000000027411724
9,22645,1842,1.0,2433,1175,21470,0.010000000027138972
9,22654,1843,1.0,2434,1175,21479,0.010000000026868934
9,22663,1844,1.0,2435,1175,21488,0.010000000026601584
9,22672,1845,1.0,2436,1175,21497,0.010000000026336895
9,22681,1846,1.0,2437,1175,21506,0.010000000026074839
9,22690,1847,1.0,2438,1175,21515,0.010000000025815388
9,22699,1848,1.0,2439,1175,21524,0.01000000002555852
9,22708,1849,1.0,2440,1175,21533,0.01000000002530421
9,22717,1850,1.0,2441,1175,21542,0.010000000025052429
9,22726,1851,1.0,2442,1175,21551,0.010000000024803153
9,22735,1852,1.0,2443,1175,21560,0.010000000024556357
9,22744,1853,1.0,2444,1175,21569,0.010000000024312018
9,22753,1854,1.0,2445,1175,21578,0.010000000024070109
9,22762,1855,1.0,2446,1175,21587,0.010000000023830608
9,22771,1856,1.0,2447,1175,21596,0.010000000023593488
9,22780,1857,1.0,2448,1175,21605,0.01000000002335873
9,22789,1858,1.0,2449,1175,21614,0.010000000023126307
9,22798,1859,1.0,2450,1175,21623,0.010000000022896196
9,22807,1860,1.0,2451,1175,21632,0.010000000022668374
9,22816,1861,1.0,2452,1175,21641,0.01000000002244282
9,22825,1862,1.0,2453,1175,21650,0.010000000022219511
9,22834,1863,1.0,2454,1175,21659,0.010000000021998424
9,22843,1864,1.0,2455,1175,21668,0.010000000021779535
9,22852,1865,1.0,2456,1175,21677,0.010000000021562825
9,22861,1866,1.0,2457,1175,21686,0.010000000021348272
9,22870,1867,1.0,2458,1176,21694,0.010000000021135854
9,22879,1868,1.0,2459,1176,21703,0.010000000020925548
9,22888,1869,1.0,2460,1176,21712,0.010000000020717334
9,22897,1870,1.0,2461,1176,21721,0.010000000020511194
9,22906,1871,1.0,2462,1176,21730,0.010000000020307105
9,22915,1872,1.0,2463,1176,21739,0.010000000020105045
9,22924,1873,1.0,2464,1176,21748,0.010000000019904996
14,22938,1873,0.0,2465,1177,21761,0.01000000001970694
10,22948,1873,0.0,2466,1178,21770,0.010000000019510851
13,22961,1873,0.0,2467,1178,21783,0.010000000019316715
9,22970,1874,1.0,2468,1178,21792,0.010000000019124511
9,22979,1875,1.0,2469,1178,21801,0.010000000018934219
9,22988,1876,1.0,2470,1178,21810,0.01000000001874582
9,22997,1877,1.0,2471,1178,21819,0.010000000018559297
9,23006,1878,1.0,2472,1178,21828,0.010000000018374628
9,23015,1879,1.0,2473,1178,21837,0.010000000018191797
9,23024,1880,1.0,2474,1178,21846,0.010000000018010786
9,23033,1881,1.0,2475,1178,21855,0.010000000017831575
9,23042,1882,1.0,2476,1179,21863,0.01000000001765415
9,23051,1883,1.0,2477,1179,21872,0.010000000017478486
8,23059,1883,0.0,2478,1180,21879,0.010000000017304573
9,23068,1884,1.0,2479,1180,21888,0.01000000001713239
9,23077,1885,1.0,2480,1180,21897,0.01000000001696192
9,23086,1886,1.0,2481,1180,21906,0.010000000016793145
9,23095,1887,1.0,2482,1180,21915,0.010000000016626051
9,23104,1888,1.0,2483,1180,21924,0.01000000001646062
9,23113,1889,1.0,2484,1180,21933,0.010000000016296832
14,23127,1889,0.0,2485,1181,21946,0.010000000016134677
12,23139,1889,0.0,2486,1181,21958,0.010000000015974134
24,23163,1889,0.0,2487,1182,21981,0.010000000015815188
9,23172,1890,1.0,2488,1182,21990,0.010000000015657824
9,23181,1891,1.0,2489,1182,21999,0.010000000015502027
9,23190,1892,1.0,2490,1182,22008,0.010000000015347779
9,23199,1893,1.0,2491,1182,22017,0.010000000015195066
9,23208,1894,1.0,2492,1182,22026,0.010000000015043873
9,23217,1895,1.0,2493,1182,22035,0.010000000014894183
9,23226,1896,1.0,2494,1182,22044,0.010000000014745984
9,23235,1897,1.0,2495,1182,22053,0.01000000001459926
9,23244,1898,1.0,2496,1182,22062,0.010000000014453994
9,23253,1899,1.0,2497,1182,22071,0.010000000014310175
9,23262,1900,1.0,2498,1182,22080,0.010000000014167785
9,23271,1901,1.0,2499,1182,22089,0.010000000014026815
9,23280,1902,1.0,2500,1182,22098,0.010000000013887246
9,23289,1903,1.0,2501,1182,22107,0.010000000013749065
9,23298,1903,0.0,2502,1183,22115,0.010000000013612259
9,23307,1904,1.0,2503,1183,22124,0.010000000013476815
9,23316,1905,1.0,2504,1183,22133,0.010000000013342718
9,23325,1906,1.0,2505,1183,22142,0.010000000013209956
9,23334,1907,1.0,2506,1183,22151,0.010000000013078514
14,23348,1907,0.0,2507,1184,22164,0.010000000012948382
9,23357,1908,1.0,2508,1184,22173,0.010000000012819543
39,23396,1908,0.0,2509,1185,22211,0.010000000012691987
9,23405,1909,1.0,2510,1185,22220,0.010000000012565699
9,23414,1910,1.0,2511,1185,22229,0.010000000012440668
9,23423,1911,1.0,2512,1185,22238,0.010000000012316882
9,23432,1912,1.0,2513,1185,22247,0.010000000012194326
9,23441,1913,1.0,2514,1185,22256,0.01000000001207299
9,23450,1914,1.0,2515,1185,22265,0.010000000011952863
18,23468,1914,0.0,2516,1186,22282,0.01000000001183393
9,23477,1915,1.0,2517,1186,22291,0.01000000001171618
9,23486,1915,0.0,2518,1188,22298,0.010000000011599602
9,23495,1916,1.0,2519,1189,22306,0.010000000011484184
9,23504,1917,1.0,2520,1189,22315,0.010000000011369914
9,23513,1918,1.0,2521,1189,22324,0.010000000011256782
9,23522,1919,1.0,2522,1189,22333,0.010000000011144775
9,23531,1920,1.0,2523,1189,22342,0.010000000011033882
9,23540,1921,1.0,2524,1189,22351,0.010000000010924093
9,23549,1922,1.0,2525,1189,22360,0.010000000010815397
9,23558,1923,1.0,2526,1189,22369,0.010000000010707782
9,23567,1924,1.0,2527,1189,22378,0.010000000010601239
9,23576,1925,1.0,2528,1189,22387,0.010000000010495754
9,23585,1926,1.0,2529,1189,22396,0.01000000001039132
9,23594,1927,1.0,2530,1189,22405,0.010000000010287923
9,23603,1928,1.0,2531,1189,22414,0.010000000010185557
9,23612,1929,1.0,2532,1189,22423,0.01000000001008421
9,23621,1930,1.0,2533,1189,22432,0.01000000000998387
9,23630,1931,1.0,2534,1189,22441,0.01000000000988453
9,23639,1932,1.0,2535,1190,22449,0.010000000009786176
9,23648,1933,1.0,2536,1190,22458,0.010000000009688802
9,23657,1934,1.0,2537,1190,22467,0.010000000009592397
9,23666,1935,1.0,2538,1190,22476,0.01000000000949695
9,23675,1936,1.0,2539,1190,22485,0.010000000009402455
9,23684,1937,1.0,2540,1190,22494,0.0100000000093089
9,23693,1938,1.0,2541,1190,22503,0.010000000009216274
9,23702,1939,1.0,2542,1190,22512,0.010000000009124571
9,23711,1940,1.0,2543,1190,22521,0.01000000000903378
9,23720,1941,1.0,2544,1190,22530,0.010000000008943891
9,23729,1942,1.0,2545,1190,22539,0.010000000008854898
9,23738,1943,1.0,2546,1190,22548,0.010000000008766791
9,23747,1944,1.0,2547,1190,22557,0.010000000008679559
9,23756,1945,1.0,2548,1190,22566,0.010000000008593196
9,23765,1946,1.0,2549,1190,22575,0.010000000008507693
9,23774,1947,1.0,2550,1190,22584,0.01000000000842304
9,23783,1948,1.0,2551,1190,22593,0.010000000008339229
9,23792,1949,1.0,2552,1190,22602,0.010000000008256252
9,23801,1950,1.0,2553,1190,22611,0.010000000008174102
9,23810,1951,1.0,2554,1190,22620,0.010000000008092768
9,23819,1952,1.0,2555,1190,22629,0.010000000008012244
9,23828,1953,1.0,2556,1190,22638,0.010000000007932521
9,23837,1954,1.0,2557,1190,22647,0.010000000007853591
9,23846,1955,1.0,2558,1190,22656,0.010000000007775445
9,23855,1956,1.0,2559,1190,22665,0.010000000007698078
9,23864,1957,1.0,2560,1190,22674,0.010000000007621482
9,23873,1958,1.0,2561,1190,22683,0.010000000007545647
9,23882,1959,1.0,2562,1190,22692,0.010000000007470566
9,23891,1960,1.0,2563,1190,22701,0.010000000007396233
9,23900,1961,1.0,2564,1190,22710,0.01000000000732264
9,23909,1962,1.0,2565,1190,22719,0.010000000007249777
9,23918,1963,1.0,2566,1190,22728,0.01000000000717764
9,23927,1964,1.0,2567,1190,22737,0.010000000007106222
9,23936,1965,1.0,2568,1190,22746,0.010000000007035515
9,23945,1966,1.0,2569,1190,22755,0.01000000000696551
9,23954,1967,1.0,2570,1190,22764,0.010000000006896203
9,23963,1968,1.0,2571,1190,22773,0.010000000006827584
9,23972,1969,1.0,2572,1190,22782,0.010000000006759649
9,23981,1970,1.0,2573,1190,22791,0.010000000006692388
9,23990,1971,1.0,2574,1190,22800,0.010000000006625797
9,23999,1972,1.0,2575,1190,22809,0.010000000006559871
9,24008,1973,1.0,2576,1190,22818,0.010000000006494598
9,24017,1974,1.0,2577,1190,22827,0.010000000006429977
9,24026,1975,1.0,2578,1190,22836,0.010000000006365996
9,24035,1976,1.0,2579,1190,22845,0.010000000006302655
9,24044,1977,1.0,2580,1190,22854,0.010000000006239941
9,24053,1978,1.0,2581,1190,22863,0.010000000006177854
9,24062,1979,1.0,2582,1190,22872,0.010000000006116382
9,24071,1980,1.0,2583,1190,22881,0.010000000006055523
9,24080,1981,1.0,2584,1190,22890,0.01000000000599527
9,24089,1982,1.0,2585,1190,22899,0.010000000005935617
9,24098,1983,1.0,2586,1190,22908,0.010000000005876556
9,24107,1984,1.0,2587,1190,22917,0.010000000005818082
14,24121,1985,1.0,2588,1191,22930,0.010000000005760193
9,24130,1986,1.0,2589,1191,22939,0.010000000005702878
9,24139,1987,1.0,2590,1191,22948,0.010000000005646133
9,24148,1988,1.0,2591,1191,22957,0.010000000005589952
9,24157,1989,1.0,2592,1191,22966,0.010000000005534332
9,24166,1990,1.0,2593,1191,22975,0.010000000005479265
9,24175,1991,1.0,2594,1191,22984,0.010000000005424744
9,24184,1992,1.0,2595,1192,22992,0.010000000005370768
9,24193,1993,1.0,2596,1192,23001,0.010000000005317327
9,24202,1994,1.0,2597,1192,23010,0.01000000000526442
11,24213,1994,0.0,2598,1193,23020,0.010000000005212038
9,24222,1995,1.0,2599,1193,23029,0.010000000005160176
9,24231,1996,1.0,2600,1193,23038,0.010000000005108832
9,24240,1997,1.0,2601,1193,23047,0.010000000005057998
9,24249,1998,1.0,2602,1193,23056,0.01000000000500767
9,24258,1999,1.0,2603,1193,23065,0.010000000004957843
9,24267,2000,1.0,2604,1193,23074,0.010000000004908511
9,24276,2001,1.0,2605,1193,23083,0.010000000004859672
9,24285,2002,1.0,2606,1193,23092,0.010000000004811316
18,24303,2002,0.0,2607,1194,23109,0.010000000004763443
9,24312,2003,1.0,2608,1194,23118,0.010000000004716047
12,24324,2003,0.0,2609,1195,23129,0.010000000004669121
14,24338,2003,0.0,2610,1195,23143,0.010000000004622662
42,24380,2003,0.0,2611,1197,23183,0.010000000004576666
14,24394,2003,0.0,2612,1197,23197,0.010000000004531127
6,24400,2004,1.0,2613,1197,23203,0.010000000004486042
14,24414,2004,0.0,2614,1198,23216,0.010000000004441406
8,24422,2004,0.0,2615,1198,23224,0.010000000004397212
10,24432,2004,0.0,2616,1198,23234,0.010000000004353459
8,24440,2004,0.0,2617,1198,23242,0.010000000004310143
13,24453,2004,0.0,2618,1198,23255,0.010000000004267255
9,24462,2004,0.0,2619,1198,23264,0.010000000004224796
16,24478,2004,0.0,2620,1199,23279,0.010000000004182759
8,24486,2004,0.0,2621,1200,23286,0.010000000004141139
21,24507,2004,0.0,2622,1201,23306,0.010000000004099934
6,24513,2004,0.0,2623,1201,23312,0.010000000004059139
8,24521,2004,0.0,2624,1201,23320,0.010000000004018749
8,24529,2004,0.0,2625,1201,23328,0.010000000003978762
8,24537,2004,0.0,2626,1201,23336,0.010000000003939174
8,24545,2004,0.0,2627,1201,23344,0.010000000003899978
8,24553,2004,0.0,2628,1201,23352,0.010000000003861172
9,24562,2004,0.0,2629,1201,23361,0.010000000003822753
8,24570,2004,0.0,2630,1201,23369,0.010000000003784716
6,24576,2005,1.0,2631,1201,23375,0.010000000003747057
6,24582,2006,1.0,2632,1201,23381,0.010000000003709774
6,24588,2007,1.0,2633,1201,23387,0.01000000000367286
6,24594,2008,1.0,2634,1201,23393,0.010000000003636315
6,24600,2009,1.0,2635,1201,23399,0.010000000003600133
6,24606,2010,1.0,2636,1201,23405,0.01000000000356431
6,24612,2011,1.0,2637,1201,23411,0.010000000003528846
6,24618,2012,1.0,2638,1201,23417,0.010000000003493733
6,24624,2013,1.0,2639,1201,23423,0.01000000000345897
6,24630,2014,1.0,2640,1201,23429,0.010000000003424553
6,24636,2015,1.0,2641,1201,23435,0.010000000003390477
6,24642,2016,1.0,2642,1201,23441,0.010000000003356742
6,24648,2017,1.0,2643,1201,23447,0.010000000003323342
6,24654,2018,1.0,2644,1201,23453,0.010000000003290275
6,24660,2019,1.0,2645,1201,23459,0.010000000003257535
6,24666,2020,1.0,2646,1201,23465,0.010000000003225122
6,24672,2021,1.0,2647,1201,23471,0.010000000003193031
6,24678,2022,1.0,2648,1201,23477,0.01000000000316126
6,24684,2023,1.0,2649,1202,23482,0.010000000003129806
6,24690,2024,1.0,2650,1202,23488,0.010000000003098664
6,24696,2025,1.0,2651,1202,23494,0.010000000003067831
6,24702,2026,1.0,2652,1202,23500,0.010000000003037305
6,24708,2027,1.0,2653,1202,23506,0.010000000003007084
10,24718,2028,1.0,2654,1203,23515,0.010000000002977164
6,24724,2029,1.0,2655,1203,23521,0.01000000000294754
6,24730,2030,1.0,2656,1203,23527,0.010000000002918211
6,24736,2031,1.0,2657,1203,23533,0.010000000002889175
6,24742,2032,1.0,2658,1203,23539,0.010000000002860427
6,24748,2033,1.0,2659,1203,23545,0.010000000002831966
6,24754,2034,1.0,2660,1203,23551,0.010000000002803787
6,24760,2035,1.0,2661,1203,23557,0.010000000002775889
6,24766,2036,1.0,2662,1203,23563,0.010000000002748267
6,24772,2037,1.0,2663,1203,23569,0.010000000002720923
6,24778,2038,1.0,2664,1203,23575,0.010000000002693849
6,24784,2039,1.0,2665,1203,23581,0.010000000002667044
6,24790,2040,1.0,2666,1203,23587,0.010000000002640506
6,24796,2041,1.0,2667,1203,23593,0.010000000002614234
6,24802,2042,1.0,2668,1203,23599,0.010000000002588222
6,24808,2043,1.0,2669,1203,23605,0.010000000002562468
6,24814,2044,1.0,2670,1203,23611,0.01000000000253697
6,24820,2045,1.0,2671,1203,23617,0.010000000002511727
6,24826,2046,1.0,2672,1203,23623,0.010000000002486735
6,24832,2047,1.0,2673,1203,23629,0.010000000002461993
6,24838,2048,1.0,2674,1203,23635,0.010000000002437495
6,24844,2049,1.0,2675,1203,23641,0.010000000002413242
6,24850,2050,1.0,2676,1203,23647,0.01000000000238923
6,24856,2051,1.0,2677,1203,23653,0.010000000002365455
6,24862,2052,1.0,2678,1203,23659,0.01000000000234192
6,24868,2053,1.0,2679,1203,23665,0.010000000002318618
6,24874,2054,1.0,2680,1203,23671,0.010000000002295546
6,24880,2055,1.0,2681,1203,23677,0.010000000002272705
6,24886,2056,1.0,2682,1203,23683,0.010000000002250091
6,24892,2057,1.0,2683,1203,23689,0.010000000002227703
6,24898,2058,1.0,2684,1203,23695,0.010000000002205536
6,24904,2059,1.0,2685,1203,23701,0.010000000002183592
6,24910,2060,1.0,2686,1203,23707,0.010000000002161865
6,24916,2061,1.0,2687,1203,23713,0.010000000002140354
25,24941,2061,0.0,2688,1204,23737,0.010000000002119057
6,24947,2062,1.0,2689,1204,23743,0.010000000002097971
6,24953,2063,1.0,2690,1204,23749,0.010000000002077096
6,24959,2064,1.0,2691,1204,23755,0.010000000002056428
6,24965,2065,1.0,2692,1204,23761,0.010000000002035967
6,24971,2066,1.0,2693,1204,23767,0.010000000002015709
6,24977,2067,1.0,2694,1204,23773,0.010000000001995652
6,24983,2068,1.0,2695,1204,23779,0.010000000001975795
6,24989,2069,1.0,2696,1204,23785,0.010000000001956135
6,24995,2070,1.0,2697,1204,23791,0.010000000001936672
6,25001,2071,1.0,2698,1204,23797,0.010000000001917402
6,25007,2072,1.0,2699,1204,23803,0.010000000001898324
6,25013,2073,1.0,2700,1204,23809,0.010000000001879434
6,25019,2074,1.0,2701,1204,23815,0.010000000001860734
6,25025,2075,1.0,2702,1204,23821,0.01000000000184222
6,25031,2076,1.0,2703,1204,23827,0.010000000001823888
6,25037,2076,0.0,2704,1206,23831,0.010000000001805742
6,25043,2077,1.0,2705,1206,23837,0.010000000001787773
6,25049,2078,1.0,2706,1206,23843,0.010000000001769985
6,25055,2079,1.0,2707,1206,23849,0.010000000001752373
6,25061,2080,1.0,2708,1206,23855,0.010000000001734937
6,25067,2081,1.0,2709,1206,23861,0.010000000001717673
6,25073,2082,1.0,2710,1206,23867,0.010000000001700583
6,25079,2083,1.0,2711,1206,23873,0.010000000001683662
6,25085,2084,1.0,2712,1206,23879,0.010000000001666908
3,25088,2084,0.0,2713,1207,23881,0.010000000001650322
12,25100,2084,0.0,2714,1208,23892,0.010000000001633902
25,25125,2084,0.0,2715,1208,23917,0.010000000001617644
6,25131,2085,1.0,2716,1208,23923,0.010000000001601549
6,25137,2086,1.0,2717,1208,23929,0.010000000001585612
6,25143,2087,1.0,2718,1208,23935,0.010000000001569836
6,25149,2088,1.0,2719,1208,23941,0.010000000001554215
25,25174,2088,0.0,2720,1209,23965,0.01000000000153875
6,25180,2089,1.0,2721,1209,23971,0.01000000000152344
6,25186,2090,1.0,2722,1209,23977,0.010000000001508282
6,25192,2091,1.0,2723,1209,23983,0.010000000001493274
6,25198,2092,1.0,2724,1209,23989,0.010000000001478415
6,25204,2093,1.0,2725,1209,23995,0.010000000001463704
6,25210,2094,1.0,2726,1209,24001,0.010000000001449141
6,25216,2095,1.0,2727,1209,24007,0.010000000001434722
6,25222,2096,1.0,2728,1209,24013,0.010000000001420446
6,25228,2097,1.0,2729,1209,24019,0.010000000001406313
6,25234,2098,1.0,2730,1209,24025,0.010000000001392319
6,25240,2099,1.0,2731,1209,24031,0.010000000001378465
6,25246,2100,1.0,2732,1209,24037,0.010000000001364749
6,25252,2101,1.0,2733,1209,24043,0.01000000000135117
6,25258,2102,1.0,2734,1209,24049,0.010000000001337725
6,25264,2103,1.0,2735,1209,24055,0.010000000001324415
6,25270,2104,1.0,2736,1209,24061,0.010000000001311238
6,25276,2105,1.0,2737,1209,24067,0.01000000000129819
6,25282,2106,1.0,2738,1209,24073,0.010000000001285272
6,25288,2107,1.0,2739,1209,24079,0.010000000001272484
6,25294,2108,1.0,2740,1209,24085,0.010000000001259822
6,25300,2109,1.0,2741,1209,24091,0.010000000001247287
6,25306,2110,1.0,2742,1209,24097,0.010000000001234877
6,25312,2111,1.0,2743,1209,24103,0.01000000000122259
6,25318,2112,1.0,2744,1209,24109,0.010000000001210424
6,25324,2113,1.0,2745,1209,24115,0.01000000000119838
6,25330,2114,1.0,2746,1209,24121,0.010000000001186456
6,25336,2115,1.0,2747,1209,24127,0.01000000000117465
6,25342,2116,1.0,2748,1209,24133,0.010000000001162962
6,25348,2117,1.0,2749,1209,24139,0.010000000001151392
6,25354,2118,1.0,2750,1209,24145,0.010000000001139934
6,25360,2119,1.0,2751,1209,24151,0.010000000001128592
6,25366,2120,1.0,2752,1209,24157,0.010000000001117362
6,25372,2121,1.0,2753,1209,24163,0.010000000001106244
6,25378,2122,1.0,2754,1209,24169,0.010000000001095237
6,25384,2123,1.0,2755,1209,24175,0.01000000000108434
6,25390,2124,1.0,2756,1209,24181,0.01000000000107355
6,25396,2125,1.0,2757,1209,24187,0.010000000001062869
6,25402,2126,1.0,2758,1209,24193,0.010000000001052292
6,25408,2127,1.0,2759,1209,24199,0.010000000001041821
6,25414,2128,1.0,2760,1209,24205,0.010000000001031456
6,25420,2129,1.0,2761,1209,24211,0.010000000001021192
6,25426,2130,1.0,2762,1209,24217,0.010000000001011032
6,25432,2131,1.0,2763,1209,24223,0.010000000001000972
6,25438,2132,1.0,2764,1209,24229,0.010000000000991011
6,25444,2133,1.0,2765,1209,24235,0.010000000000981151
6,25450,2134,1.0,2766,1209,24241,0.010000000000971388
9,25459,2134,0.0,2767,1210,24249,0.010000000000961722
9,25468,2134,0.0,2768,1210,24258,0.010000000000952153
14,25482,2134,0.0,2769,1210,24272,0.01000000000094268
11,25493,2135,1.0,2770,1210,24283,0.010000000000933299
6,25499,2136,1.0,2771,1210,24289,0.010000000000924013
6,25505,2137,1.0,2772,1210,24295,0.010000000000914819
6,25511,2138,1.0,2773,1210,24301,0.010000000000905717
6,25517,2139,1.0,2774,1210,24307,0.010000000000896705
6,25523,2140,1.0,2775,1210,24313,0.010000000000887781
6,25529,2141,1.0,2776,1210,24319,0.010000000000878948
6,25535,2142,1.0,2777,1210,24325,0.010000000000870203
6,25541,2143,1.0,2778,1210,24331,0.010000000000861544
6,25547,2144,1.0,2779,1210,24337,0.010000000000852972
6,25553,2145,1.0,2780,1210,24343,0.010000000000844484
6,25559,2146,1.0,2781,1210,24349,0.010000000000836081
6,25565,2147,1.0,2782,1210,24355,0.010000000000827762
6,25571,2148,1.0,2783,1210,24361,0.010000000000819527
6,25577,2149,1.0,2784,1210,24367,0.010000000000811372
6,25583,2150,1.0,2785,1210,24373,0.010000000000803299
6,25589,2151,1.0,2786,1210,24379,0.010000000000795305
6,25595,2152,1.0,2787,1210,24385,0.010000000000787393
25,25620,2152,0.0,2788,1212,24408,0.010000000000779557
6,25626,2153,1.0,2789,1212,24414,0.010000000000771801
6,25632,2154,1.0,2790,1212,24420,0.010000000000764122
6,25638,2155,1.0,2791,1212,24426,0.010000000000756518
6,25644,2156,1.0,2792,1212,24432,0.010000000000748991
6,25650,2157,1.0,2793,1212,24438,0.010000000000741537
6,25656,2158,1.0,2794,1212,24444,0.01000000000073416
6,25662,2159,1.0,2795,1212,24450,0.010000000000726855
6,25668,2160,1.0,2796,1212,24456,0.010000000000719622
6,25674,2161,1.0,2797,1212,24462,0.010000000000712462
9,25683,2161,0.0,2798,1213,24470,0.010000000000705373
9,25692,2161,0.0,2799,1213,24479,0.010000000000698355
13,25705,2161,0.0,2800,1213,24492,0.010000000000691405
13,25718,2161,0.0,2801,1213,24505,0.010000000000684526
8,25726,2161,0.0,2802,1213,24513,0.010000000000677715
25,25751,2161,0.0,2803,1213,24538,0.010000000000670972
25,25776,2161,0.0,2804,1213,24563,0.010000000000664295
5,25781,2161,0.0,2805,1213,24568,0.010000000000657686
14,25795,2161,0.0,2806,1213,24582,0.01000000000065114
7,25802,2161,0.0,2807,1213,24589,0.010000000000644662
14,25816,2161,0.0,2808,1213,24603,0.010000000000638248
14,25830,2162,1.0,2809,1213,24617,0.010000000000631898
9,25839,2162,0.0,2810,1214,24625,0.01000000000062561
14,25853,2162,0.0,2811,1214,24639,0.010000000000619385
11,25864,2162,0.0,2812,1215,24649,0.010000000000613221
8,25872,2162,0.0,2813,1215,24657,0.01000000000060712
25,25897,2162,0.0,2814,1217,24680,0.010000000000601078
9,25906,2162,0.0,2815,1217,24689,0.010000000000595099
8,25914,2162,0.0,2816,1217,24697,0.010000000000589176
9,25923,2163,1.0,2817,1217,24706,0.010000000000583315
9,25932,2164,1.0,2818,1217,24715,0.01000000000057751
9,25941,2165,1.0,2819,1217,24724,0.010000000000571763
9,25950,2166,1.0,2820,1217,24733,0.010000000000566075
9,25959,2167,1.0,2821,1217,24742,0.010000000000560443
9,25968,2168,1.0,2822,1217,24751,0.010000000000554865
9,25977,2169,1.0,2823,1217,24760,0.010000000000549345
9,25986,2170,1.0,2824,1217,24769,0.01000000000054388
9,25995,2171,1.0,2825,1217,24778,0.010000000000538467
9,26004,2172,1.0,2826,1217,24787,0.010000000000533108
9,26013,2173,1.0,2827,1217,24796,0.010000000000527805
9,26022,2174,1.0,2828,1217,24805,0.010000000000522553
9,26031,2175,1.0,2829,1217,24814,0.010000000000517354
9,26040,2176,1.0,2830,1217,24823,0.010000000000512205
23,26063,2176,0.0,2831,1218,24845,0.010000000000507108
7,26070,2176,0.0,2832,1219,24851,0.010000000000502064
9,26079,2177,1.0,2833,1219,24860,0.010000000000497068
7,26086,2177,0.0,2834,1219,24867,0.010000000000492122
9,26095,2178,1.0,2835,1219,24876,0.010000000000487225
9,26104,2179,1.0,2836,1219,24885,0.010000000000482376
9,26113,2180,1.0,2837,1219,24894,0.010000000000477578
9,26122,2181,1.0,2838,1219,24903,0.010000000000472825
9,26131,2182,1.0,2839,1219,24912,0.01000000000046812
9,26140,2183,1.0,2840,1219,24921,0.010000000000463463
9,26149,2184,1.0,2841,1219,24930,0.010000000000458852
9,26158,2185,1.0,2842,1219,24939,0.010000000000454286
9,26167,2186,1.0,2843,1219,24948,0.010000000000449765
9,26176,2187,1.0,2844,1219,24957,0.01000000000044529
9,26185,2188,1.0,2845,1219,24966,0.01000000000044086
7,26192,2188,0.0,2846,1220,24972,0.010000000000436472
9,26201,2189,1.0,2847,1220,24981,0.01000000000043213
9,26210,2190,1.0,2848,1220,24990,0.01000000000042783
9,26219,2191,1.0,2849,1220,24999,0.010000000000423573
6,26225,2191,0.0,2850,1222,25003,0.01000000000041936
9,26234,2192,1.0,2851,1222,25012,0.010000000000415185
9,26243,2193,1.0,2852,1222,25021,0.010000000000411055
9,26252,2194,1.0,2853,1222,25030,0.010000000000406965
9,26261,2195,1.0,2854,1222,25039,0.010000000000402916
9,26270,2196,1.0,2855,1222,25048,0.010000000000398907
9,26279,2197,1.0,2856,1222,25057,0.010000000000394938
9,26288,2198,1.0,2857,1222,25066,0.010000000000391007
9,26297,2199,1.0,2858,1222,25075,0.010000000000387118
9,26306,2200,1.0,2859,1222,25084,0.010000000000383265
9,26315,2201,1.0,2860,1222,25093,0.010000000000379452
9,26324,2202,1.0,2861,1222,25102,0.010000000000375675
9,26333,2203,1.0,2862,1222,25111,0.010000000000371937
9,26342,2204,1.0,2863,1222,25120,0.010000000000368237
9,26351,2205,1.0,2864,1222,25129,0.010000000000364573
9,26360,2206,1.0,2865,1222,25138,0.010000000000360946
9,26369,2207,1.0,2866,1222,25147,0.010000000000357353
9,26378,2208,1.0,2867,1222,25156,0.010000000000353799
9,26387,2209,1.0,2868,1223,25164,0.010000000000350277
10,26397,2209,0.0,2869,1224,25173,0.010000000000346792
31,26428,2209,0.0,2870,1224,25204,0.010000000000343342
9,26437,2210,1.0,2871,1224,25213,0.010000000000339926
9,26446,2211,1.0,2872,1224,25222,0.010000000000336544
9,26455,2212,1.0,2873,1224,25231,0.010000000000333194
9,26464,2213,1.0,2874,1224,25240,0.010000000000329879
9,26473,2214,1.0,2875,1224,25249,0.010000000000326597
9,26482,2215,1.0,2876,1224,25258,0.010000000000323347
9,26491,2216,1.0,2877,1224,25267,0.01000000000032013
9,26500,2217,1.0,2878,1224,25276,0.010000000000316945
10,26510,2217,0.0,2879,1225,25285,0.010000000000313791
9,26519,2218,1.0,2880,1225,25294,0.010000000000310668
14,26533,2218,0.0,2881,1226,25307,0.010000000000307577
9,26542,2219,1.0,2882,1226,25316,0.010000000000304517
64,26606,2219,0.0,2883,1227,25379,0.010000000000301486
9,26615,2220,1.0,2884,1227,25388,0.010000000000298487
9,26624,2221,1.0,2885,1227,25397,0.010000000000295517
50,26674,2222,1.0,2886,1228,25446,0.010000000000292577
9,26683,2223,1.0,2887,1228,25455,0.010000000000289666
9,26692,2224,1.0,2888,1228,25464,0.010000000000286783
9,26701,2225,1.0,2889,1228,25473,0.01000000000028393
9,26710,2226,1.0,2890,1228,25482,0.010000000000281105
9,26719,2227,1.0,2891,1228,25491,0.010000000000278307
9,26728,2228,1.0,2892,1228,25500,0.010000000000275538
9,26737,2229,1.0,2893,1228,25509,0.010000000000272796
9,26746,2230,1.0,2894,1228,25518,0.010000000000270083
9,26755,2231,1.0,2895,1228,25527,0.010000000000267396
9,26764,2232,1.0,2896,1228,25536,0.010000000000264735
9,26773,2233,1.0,2897,1228,25545,0.0100000000002621
9,26782,2234,1.0,2898,1228,25554,0.010000000000259492
9,26791,2235,1.0,2899,1228,25563,0.010000000000256911
9,26800,2236,1.0,2900,1228,25572,0.010000000000254354
9,26809,2237,1.0,2901,1228,25581,0.010000000000251823
9,26818,2238,1.0,2902,1228,25590,0.010000000000249318
9,26827,2239,1.0,2903,1228,25599,0.010000000000246837
9,26836,2240,1.0,2904,1228,25608,0.010000000000244381
10,26846,2240,0.0,2905,1229,25617,0.010000000000241949
9,26855,2241,1.0,2906,1229,25626,0.010000000000239541
9,26864,2242,1.0,2907,1229,25635,0.010000000000237158
9,26873,2243,1.0,2908,1229,25644,0.010000000000234799
9,26882,2244,1.0,2909,1229,25653,0.010000000000232462
9,26891,2245,1.0,2910,1230,25661,0.01000000000023015
9,26900,2246,1.0,2911,1230,25670,0.01000000000022786
9,26909,2247,1.0,2912,1230,25679,0.010000000000225592
9,26918,2248,1.0,2913,1230,25688,0.010000000000223348
9,26927,2249,1.0,2914,1230,25697,0.010000000000221125
9,26936,2250,1.0,2915,1231,25705,0.010000000000218924
9,26945,2251,1.0,2916,1231,25714,0.010000000000216747
9,26954,2252,1.0,2917,1231,25723,0.010000000000214589
9,26963,2253,1.0,2918,1231,25732,0.010000000000212454
9,26972,2254,1.0,2919,1231,25741,0.01000000000021034
9,26981,2255,1.0,2920,1231,25750,0.010000000000208247
9,26990,2256,1.0,2921,1231,25759,0.010000000000206176
9,26999,2257,1.0,2922,1231,25768,0.010000000000204123
9,27008,2258,1.0,2923,1231,25777,0.010000000000202092
9,27017,2259,1.0,2924,1231,25786,0.010000000000200081
9,27026,2260,1.0,2925,1231,25795,0.010000000000198092
9,27035,2261,1.0,2926,1231,25804,0.01000000000019612
9,27044,2262,1.0,2927,1231,25813,0.010000000000194168
9,27053,2263,1.0,2928,1231,25822,0.010000000000192237
9,27062,2264,1.0,2929,1231,25831,0.010000000000190324
9,27071,2265,1.0,2930,1231,25840,0.01000000000018843
9,27080,2266,1.0,2931,1231,25849,0.010000000000186556
9,27089,2267,1.0,2932,1231,25858,0.0100000000001847
9,27098,2268,1.0,2933,1231,25867,0.010000000000182861
9,27107,2269,1.0,2934,1231,25876,0.010000000000181041
9,27116,2270,1.0,2935,1231,25885,0.01000000000017924
9,27125,2271,1.0,2936,1231,25894,0.010000000000177457
9,27134,2272,1.0,2937,1231,25903,0.010000000000175691
9,27143,2273,1.0,2938,1232,25911,0.010000000000173943
25,27168,2273,0.0,2939,1234,25934,0.010000000000172211
3,27171,2273,0.0,2940,1234,25937,0.0100000000001705
20,27191,2273,0.0,2941,1234,25957,0.010000000000168803
28,27219,2273,0.0,2942,1234,25985,0.010000000000167122
50,27269,2274,1.0,2943,1235,26034,0.01000000000016546
60,27329,2274,0.0,2944,1236,26093,0.010000000000163814
4,27333,2274,0.0,2945,1236,26097,0.010000000000162183
15,27348,2274,0.0,2946,1237,26111,0.01000000000016057
15,27363,2274,0.0,2947,1237,26126,0.010000000000158972
11,27374,2274,0.0,2948,1237,26137,0.01000000000015739
14,27388,2274,0.0,2949,1239,26149,0.010000000000155823
9,27397,2275,1.0,2950,1239,26158,0.010000000000154274
9,27406,2276,1.0,2951,1239,26167,0.01000000000015274
9,27415,2277,1.0,2952,1239,26176,0.01000000000015122
9,27424,2278,1.0,2953,1239,26185,0.010000000000149714
13,27437,2278,0.0,2954,1240,26197,0.010000000000148224
9,27446,2279,1.0,2955,1240,26206,0.01000000000014675
9,27455,2280,1.0,2956,1240,26215,0.01000000000014529
9,27464,2281,1.0,2957,1240,26224,0.010000000000143843
9,27473,2282,1.0,2958,1240,26233,0.010000000000142412
9,27482,2283,1.0,2959,1240,26242,0.010000000000140995
9,27491,2283,0.0,2960,1241,26250,0.010000000000139592
9,27500,2284,1.0,2961,1241,26259,0.010000000000138204
9,27509,2285,1.0,2962,1241,26268,0.010000000000136828
9,27518,2286,1.0,2963,1241,26277,0.010000000000135466
9,27527,2287,1.0,2964,1241,26286,0.010000000000134119
9,27536,2288,1.0,2965,1241,26295,0.010000000000132785
9,27545,2289,1.0,2966,1241,26304,0.010000000000131463
10,27555,2289,0.0,2967,1242,26313,0.010000000000130155
9,27564,2290,1.0,2968,1242,26322,0.01000000000012886
29,27593,2290,0.0,2969,1243,26350,0.010000000000127579
9,27602,2290,0.0,2970,1243,26359,0.010000000000126309
9,27611,2291,1.0,2971,1243,26368,0.010000000000125051
14,27625,2291,0.0,2972,1244,26381,0.010000000000123807
9,27634,2291,0.0,2973,1244,26390,0.010000000000122576
26,27660,2291,0.0,2974,1244,26416,0.010000000000121356
25,27685,2291,0.0,2975,1244,26441,0.010000000000120149
29,27714,2291,0.0,2976,1244,26470,0.010000000000118954
9,27723,2291,0.0,2977,1244,26479,0.010000000000117769
26,27749,2291,0.0,2978,1244,26505,0.010000000000116598
14,27763,2291,0.0,2979,1244,26519,0.010000000000115437
10,27773,2291,0.0,2980,1244,26529,0.010000000000114289
13,27786,2291,0.0,2981,1244,26542,0.010000000000113151
10,27796,2291,0.0,2982,1244,26552,0.010000000000112025
9,27805,2292,1.0,2983,1244,26561,0.010000000000110911
9,27814,2293,1.0,2984,1244,26570,0.010000000000109808
9,27823,2294,1.0,2985,1244,26579,0.010000000000108715
9,27832,2295,1.0,2986,1244,26588,0.010000000000107633
9,27841,2296,1.0,2987,1244,26597,0.010000000000106563
9,27850,2297,1.0,2988,1244,26606,0.010000000000105503
9,27859,2298,1.0,2989,1244,26615,0.010000000000104451
9,27868,2299,1.0,2990,1244,26624,0.010000000000103412
9,27877,2300,1.0,2991,1244,26633,0.010000000000102384
9,27886,2301,1.0,2992,1244,26642,0.010000000000101365
9,27895,2302,1.0,2993,1244,26651,0.010000000000100356
9,27904,2303,1.0,2994,1244,26660,0.010000000000099358
9,27913,2304,1.0,2995,1244,26669,0.01000000000009837
9,27922,2305,1.0,2996,1244,26678,0.010000000000097391
9,27931,2306,1.0,2997,1244,26687,0.010000000000096421
9,27940,2307,1.0,2998,1244,26696,0.010000000000095462
9,27949,2308,1.0,2999,1244,26705,0.010000000000094511
14,27963,2308,0.0,3000,1245,26718,0.010000000000093571
9,27972,2309,1.0,3001,1245,26727,0.010000000000092641
14,27986,2309,0.0,3002,1246,26740,0.010000000000091719
14,28000,2309,0.0,3003,1247,26753,0.010000000000090806
14,28014,2309,0.0,3004,1247,26767,0.010000000000089902
14,28028,2309,0.0,3005,1247,26781,0.010000000000089009
28,28056,2310,1.0,3006,1247,26809,0.010000000000088122
14,28070,2310,0.0,3007,1247,26823,0.010000000000087246
15,28085,2310,0.0,3008,1247,26838,0.010000000000086377
14,28099,2310,0.0,3009,1248,26851,0.010000000000085519
10,28109,2310,0.0,3010,1249,26860,0.010000000000084667
13,28122,2310,0.0,3011,1249,26873,0.010000000000083826
9,28131,2310,0.0,3012,1249,26882,0.010000000000082991
14,28145,2310,0.0,3013,1249,26896,0.010000000000082165
7,28152,2310,0.0,3014,1249,26903,0.010000000000081347
9,28161,2311,1.0,3015,1249,26912,0.010000000000080538
14,28175,2311,0.0,3016,1249,26926,0.010000000000079737
14,28189,2311,0.0,3017,1249,26940,0.010000000000078944
14,28203,2311,0.0,3018,1249,26954,0.010000000000078158
5,28208,2311,0.0,3019,1250,26958,0.01000000000007738
14,28222,2311,0.0,3020,1250,26972,0.01000000000007661
13,28235,2311,0.0,3021,1250,26985,0.010000000000075848
9,28244,2312,1.0,3022,1251,26993,0.010000000000075093
9,28253,2313,1.0,3023,1251,27002,0.010000000000074345
9,28262,2314,1.0,3024,1251,27011,0.010000000000073606
9,28271,2315,1.0,3025,1251,27020,0.010000000000072874
9,28280,2316,1.0,3026,1251,27029,0.010000000000072149
18,28298,2316,0.0,3027,1252,27046,0.010000000000071431
9,28307,2317,1.0,3028,1252,27055,0.01000000000007072
9,28316,2318,1.0,3029,1252,27064,0.010000000000070017
9,28325,2319,1.0,3030,1252,27073,0.01000000000006932
9,28334,2320,1.0,3031,1252,27082,0.01000000000006863
9,28343,2321,1.0,3032,1252,27091,0.010000000000067948
9,28352,2322,1.0,3033,1252,27100,0.010000000000067271
9,28361,2323,1.0,3034,1252,27109,0.010000000000066601
9,28370,2324,1.0,3035,1252,27118,0.010000000000065939
9,28379,2325,1.0,3036,1252,27127,0.010000000000065283
9,28388,2326,1.0,3037,1252,27136,0.010000000000064633
9,28397,2327,1.0,3038,1252,27145,0.01000000000006399
9,28406,2327,0.0,3039,1253,27153,0.010000000000063354
9,28415,2328,1.0,3040,1253,27162,0.010000000000062723
9,28424,2329,1.0,3041,1253,27171,0.010000000000062098
9,28433,2330,1.0,3042,1253,27180,0.01000000000006148
9,28442,2331,1.0,3043,1253,27189,0.01000000000006087
9,28451,2332,1.0,3044,1253,27198,0.010000000000060265
9,28460,2333,1.0,3045,1253,27207,0.010000000000059664
9,28469,2334,1.0,3046,1253,27216,0.010000000000059071
9,28478,2335,1.0,3047,1253,27225,0.010000000000058483
25,28503,2335,0.0,3048,1254,27249,0.0100000000000579
5,28508,2335,0.0,3049,1255,27253,0.010000000000057324
11,28519,2335,0.0,3050,1255,27264,0.010000000000056753
9,28528,2335,0.0,3051,1255,27273,0.01000000000005619
30,28558,2335,0.0,3052,1255,27303,0.010000000000055631
9,28567,2336,1.0,3053,1255,27312,0.010000000000055078
9,28576,2337,1.0,3054,1255,27321,0.01000000000005453
9,28585,2338,1.0,3055,1255,27330,0.010000000000053987
9,28594,2339,1.0,3056,1255,27339,0.010000000000053449
9,28603,2340,1.0,3057,1255,27348,0.010000000000052918
9,28612,2341,1.0,3058,1255,27357,0.01000000000005239
9,28621,2342,1.0,3059,1255,27366,0.01000000000005187
9,28630,2343,1.0,3060,1256,27374,0.010000000000051353
9,28639,2344,1.0,3061,1256,27383,0.010000000000050843
9,28648,2345,1.0,3062,1256,27392,0.010000000000050337
9,28657,2346,1.0,3063,1256,27401,0.010000000000049835
9,28666,2347,1.0,3064,1256,27410,0.01000000000004934
9,28675,2348,1.0,3065,1256,27419,0.010000000000048848
9,28684,2349,1.0,3066,1256,27428,0.010000000000048363
9,28693,2350,1.0,3067,1256,27437,0.010000000000047882
9,28702,2351,1.0,3068,1256,27446,0.010000000000047405
9,28711,2352,1.0,3069,1256,27455,0.010000000000046933
9,28720,2353,1.0,3070,1256,27464,0.010000000000046467
9,28729,2354,1.0,3071,1256,27473,0.010000000000046003
9,28738,2355,1.0,3072,1256,27482,0.010000000000045547
9,28747,2356,1.0,3073,1256,27491,0.010000000000045093
9,28756,2357,1.0,3074,1256,27500,0.010000000000044645
9,28765,2358,1.0,3075,1256,27509,0.010000000000044201
9,28774,2359,1.0,3076,1256,27518,0.01000000000004376
9,28783,2360,1.0,3077,1256,27527,0.010000000000043325
9,28792,2361,1.0,3078,1256,27536,0.010000000000042895
9,28801,2362,1.0,3079,1256,27545,0.010000000000042468
9,28810,2363,1.0,3080,1257,27553,0.010000000000042045
9,28819,2364,1.0,3081,1257,27562,0.010000000000041627
9,28828,2365,1.0,3082,1257,27571,0.010000000000041212
9,28837,2366,1.0,3083,1257,27580,0.010000000000040803
9,28846,2367,1.0,3084,1257,27589,0.010000000000040397
9,28855,2368,1.0,3085,1258,27597,0.010000000000039994
9,28864,2369,1.0,3086,1258,27606,0.010000000000039595
9,28873,2370,1.0,3087,1258,27615,0.010000000000039201
9,28882,2371,1.0,3088,1258,27624,0.010000000000038813
9,28891,2372,1.0,3089,1258,27633,0.010000000000038426
9,28900,2373,1.0,3090,1258,27642,0.010000000000038043
9,28909,2374,1.0,3091,1258,27651,0.010000000000037665
9,28918,2375,1.0,3092,1258,27660,0.01000000000003729
23,28941,2375,0.0,3093,1260,27681,0.010000000000036919
9,28950,2376,1.0,3094,1260,27690,0.010000000000036553
9,28959,2377,1.0,3095,1260,27699,0.010000000000036188
9,28968,2378,1.0,3096,1260,27708,0.010000000000035827
9,28977,2379,1.0,3097,1260,27717,0.010000000000035472
9,28986,2380,1.0,3098,1260,27726,0.010000000000035118
9,28995,2381,1.0,3099,1260,27735,0.01000000000003477
9,29004,2382,1.0,3100,1260,27744,0.010000000000034424
9,29013,2383,1.0,3101,1260,27753,0.01000000000003408
9,29022,2384,1.0,3102,1260,27762,0.010000000000033742
9,29031,2385,1.0,3103,1260,27771,0.010000000000033406
9,29040,2386,1.0,3104,1260,27780,0.010000000000033073
9,29049,2387,1.0,3105,1260,27789,0.010000000000032745
9,29058,2388,1.0,3106,1260,27798,0.010000000000032419
9,29067,2389,1.0,3107,1260,27807,0.010000000000032096
9,29076,2390,1.0,3108,1260,27816,0.010000000000031777
9,29085,2391,1.0,3109,1260,27825,0.010000000000031461
9,29094,2392,1.0,3110,1260,27834,0.010000000000031147
9,29103,2393,1.0,3111,1260,27843,0.010000000000030838
9,29112,2394,1.0,3112,1260,27852,0.010000000000030531
9,29121,2395,1.0,3113,1260,27861,0.010000000000030228
9,29130,2396,1.0,3114,1260,27870,0.010000000000029926
9,29139,2397,1.0,3115,1260,27879,0.010000000000029628
9,29148,2398,1.0,3116,1260,27888,0.010000000000029334
9,29157,2399,1.0,3117,1260,27897,0.010000000000029041
9,29166,2400,1.0,3118,1260,27906,0.010000000000028753
9,29175,2401,1.0,3119,1260,27915,0.010000000000028467
9,29184,2402,1.0,3120,1260,27924,0.010000000000028184
9,29193,2403,1.0,3121,1261,27932,0.010000000000027903
9,29202,2404,1.0,3122,1261,27941,0.010000000000027626
9,29211,2405,1.0,3123,1261,27950,0.01000000000002735
9,29220,2406,1.0,3124,1261,27959,0.010000000000027078
3,29223,2406,0.0,3125,1262,27961,0.010000000000026809
9,29232,2407,1.0,3126,1262,27970,0.010000000000026541
9,29241,2408,1.0,3127,1262,27979,0.010000000000026278
9,29250,2409,1.0,3128,1262,27988,0.010000000000026016
9,29259,2410,1.0,3129,1262,27997,0.010000000000025757
9,29268,2411,1.0,3130,1262,28006,0.0100000000000255
9,29277,2412,1.0,3131,1262,28015,0.010000000000025247
9,29286,2413,1.0,3132,1262,28024,0.010000000000024996
9,29295,2414,1.0,3133,1262,28033,0.010000000000024748
9,29304,2415,1.0,3134,1262,28042,0.010000000000024501
9,29313,2416,1.0,3135,1262,28051,0.010000000000024257
9,29322,2417,1.0,3136,1262,28060,0.010000000000024016
9,29331,2418,1.0,3137,1262,28069,0.010000000000023778
9,29340,2419,1.0,3138,1262,28078,0.01000000000002354
9,29349,2420,1.0,3139,1262,28087,0.010000000000023306
13,29362,2420,0.0,3140,1263,28099,0.010000000000023075
9,29371,2421,1.0,3141,1263,28108,0.010000000000022845
5,29376,2421,0.0,3142,1264,28112,0.010000000000022618
9,29385,2422,1.0,3143,1264,28121,0.010000000000022392
9,29394,2423,1.0,3144,1264,28130,0.01000000000002217
9,29403,2424,1.0,3145,1264,28139,0.01000000000002195
9,29412,2425,1.0,3146,1264,28148,0.010000000000021731
9,29421,2426,1.0,3147,1265,28156,0.010000000000021514
25,29446,2426,0.0,3148,1266,28180,0.010000000000021301
9,29455,2427,1.0,3149,1266,28189,0.01000000000002109
9,29464,2428,1.0,3150,1266,28198,0.01000000000002088
9,29473,2429,1.0,3151,1266,28207,0.010000000000020671
9,29482,2430,1.0,3152,1266,28216,0.010000000000020465
9,29491,2431,1.0,3153,1266,28225,0.010000000000020262
9,29500,2432,1.0,3154,1266,28234,0.01000000000002006
9,29509,2433,1.0,3155,1266,28243,0.010000000000019861
9,29518,2434,1.0,3156,1266,28252,0.010000000000019663
9,29527,2435,1.0,3157,1266,28261,0.010000000000019467
10,29537,2435,0.0,3158,1267,28270,0.010000000000019273
9,29546,2436,1.0,3159,1267,28279,0.010000000000019082
9,29555,2437,1.0,3160,1267,28288,0.010000000000018891
9,29564,2438,1.0,3161,1268,28296,0.010000000000018704
9,29573,2439,1.0,3162,1268,28305,0.010000000000018518
9,29582,2440,1.0,3163,1268,28314,0.010000000000018335
9,29591,2441,1.0,3164,1268,28323,0.01000000000001815
9,29600,2442,1.0,3165,1268,28332,0.01000000000001797
9,29609,2443,1.0,3166,1268,28341,0.010000000000017792
9,29618,2444,1.0,3167,1268,28350,0.010000000000017615
9,29627,2445,1.0,3168,1268,28359,0.01000000000001744
9,29636,2446,1.0,3169,1268,28368,0.010000000000017266
9,29645,2447,1.0,3170,1268,28377,0.010000000000017094
9,29654,2448,1.0,3171,1268,28386,0.010000000000016924
9,29663,2449,1.0,3172,1268,28395,0.010000000000016756
9,29672,2449,0.0,3173,1269,28403,0.01000000000001659
9,29681,2450,1.0,3174,1269,28412,0.010000000000016425
9,29690,2451,1.0,3175,1269,28421,0.01000000000001626
9,29699,2452,1.0,3176,1269,28430,0.010000000000016098
9,29708,2453,1.0,3177,1269,28439,0.010000000000015939
9,29717,2454,1.0,3178,1269,28448,0.01000000000001578
9,29726,2455,1.0,3179,1269,28457,0.010000000000015623
9,29735,2456,1.0,3180,1269,28466,0.010000000000015467
9,29744,2457,1.0,3181,1269,28475,0.010000000000015314
9,29753,2458,1.0,3182,1269,28484,0.010000000000015162
9,29762,2459,1.0,3183,1269,28493,0.01000000000001501
9,29771,2460,1.0,3184,1269,28502,0.010000000000014862
9,29780,2461,1.0,3185,1269,28511,0.010000000000014712
9,29789,2462,1.0,3186,1269,28520,0.010000000000014567
9,29798,2463,1.0,3187,1269,28529,0.010000000000014421
5,29803,2463,0.0,3188,1270,28533,0.010000000000014279
9,29812,2464,1.0,3189,1270,28542,0.010000000000014136
9,29821,2465,1.0,3190,1270,28551,0.010000000000013996
9,29830,2466,1.0,3191,1270,28560,0.010000000000013857
9,29839,2467,1.0,3192,1270,28569,0.010000000000013718
9,29848,2468,1.0,3193,1270,28578,0.010000000000013581
14,29862,2468,0.0,3194,1271,28591,0.010000000000013446
9,29871,2469,1.0,3195,1271,28600,0.010000000000013312
9,29880,2470,1.0,3196,1271,28609,0.01000000000001318
9,29889,2471,1.0,3197,1271,28618,0.010000000000013049
9,29898,2472,1.0,3198,1271,28627,0.010000000000012919
9,29907,2473,1.0,3199,1271,28636,0.01000000000001279
9,29916,2474,1.0,3200,1271,28645,0.010000000000012664
9,29925,2475,1.0,3201,1271,28654,0.010000000000012537
9,29934,2476,1.0,3202,1271,28663,0.010000000000012412
9,29943,2477,1.0,3203,1271,28672,0.010000000000012289
9,29952,2478,1.0,3204,1271,28681,0.010000000000012168
9,29961,2479,1.0,3205,1271,28690,0.010000000000012046
9,29970,2480,1.0,3206,1271,28699,0.010000000000011926
9,29979,2481,1.0,3207,1271,28708,0.010000000000011808
9,29988,2482,1.0,3208,1271,28717,0.01000000000001169
9,29997,2483,1.0,3209,1271,28726,0.010000000000011574
9,30006,2484,1.0,3210,1271,28735,0.010000000000011458
9,30015,2485,1.0,3211,1271,28744,0.010000000000011345
9,30024,2486,1.0,3212,1271,28753,0.010000000000011233
9,30033,2487,1.0,3213,1271,28762,0.01000000000001112
9,30042,2488,1.0,3214,1271,28771,0.010000000000011009
9,30051,2489,1.0,3215,1271,28780,0.0100000000000109
9,30060,2490,1.0,3216,1271,28789,0.010000000000010792
9,30069,2491,1.0,3217,1271,28798,0.010000000000010684
9,30078,2492,1.0,3218,1271,28807,0.010000000000010577
9,30087,2493,1.0,3219,1271,28816,0.010000000000010473
9,30096,2494,1.0,3220,1271,28825,0.010000000000010369
9,30105,2495,1.0,3221,1271,28834,0.010000000000010265
9,30114,2496,1.0,3222,1271,28843,0.010000000000010162
9,30123,2497,1.0,3223,1271,28852,0.010000000000010062
9,30132,2498,1.0,3224,1271,28861,0.010000000000009961
9,30141,2499,1.0,3225,1271,28870,0.010000000000009862
9,30150,2500,1.0,3226,1271,28879,0.010000000000009765
9,30159,2501,1.0,3227,1271,28888,0.010000000000009668
9,30168,2502,1.0,3228,1271,28897,0.01000000000000957
9,30177,2503,1.0,3229,1271,28906,0.010000000000009475
9,30186,2504,1.0,3230,1271,28915,0.010000000000009382
9,30195,2505,1.0,3231,1271,28924,0.010000000000009288
9,30204,2506,1.0,3232,1271,28933,0.010000000000009196
9,30213,2507,1.0,3233,1271,28942,0.010000000000009104
9,30222,2508,1.0,3234,1271,28951,0.010000000000009014
9,30231,2509,1.0,3235,1271,28960,0.010000000000008924
9,30240,2510,1.0,3236,1271,28969,0.010000000000008835
9,30249,2511,1.0,3237,1271,28978,0.010000000000008747
9,30258,2512,1.0,3238,1271,28987,0.01000000000000866
10,30268,2512,0.0,3239,1272,28996,0.010000000000008575
9,30277,2513,1.0,3240,1272,29005,0.010000000000008488
9,30286,2514,1.0,3241,1272,29014,0.010000000000008405
9,30295,2515,1.0,3242,1272,29023,0.01000000000000832
9,30304,2516,1.0,3243,1273,29031,0.010000000000008238
9,30313,2517,1.0,3244,1273,29040,0.010000000000008155
9,30322,2518,1.0,3245,1274,29048,0.010000000000008075
9,30331,2519,1.0,3246,1274,29057,0.010000000000007994
14,30345,2519,0.0,3247,1275,29070,0.010000000000007916
9,30354,2520,1.0,3248,1275,29079,0.010000000000007836
9,30363,2521,1.0,3249,1275,29088,0.010000000000007758
9,30372,2522,1.0,3250,1275,29097,0.010000000000007682
9,30381,2523,1.0,3251,1275,29106,0.010000000000007605
9,30390,2524,1.0,3252,1275,29115,0.010000000000007529
9,30399,2525,1.0,3253,1275,29124,0.010000000000007454
9,30408,2526,1.0,3254,1275,29133,0.01000000000000738
9,30417,2527,1.0,3255,1275,29142,0.010000000000007307
7,30424,2528,1.0,3256,1276,29148,0.010000000000007234
14,30438,2528,0.0,3257,1276,29162,0.010000000000007161
11,30449,2528,0.0,3258,1276,29173,0.01000000000000709
14,30463,2528,0.0,3259,1276,29187,0.01000000000000702
14,30477,2528,0.0,3260,1276,29201,0.01000000000000695
13,30490,2528,0.0,3261,1276,29214,0.01000000000000688
14,30504,2528,0.0,3262,1276,29228,0.010000000000006812
14,30518,2528,0.0,3263,1276,29242,0.010000000000006745
14,30532,2528,0.0,3264,1276,29256,0.010000000000006677
9,30541,2528,0.0,3265,1277,29264,0.010000000000006611
14,30555,2528,0.0,3266,1277,29278,0.010000000000006545
11,30566,2528,0.0,3267,1278,29288,0.01000000000000648
12,30578,2528,0.0,3268,1278,29300,0.010000000000006415
7,30585,2528,0.0,3269,1278,29307,0.010000000000006353
14,30599,2528,0.0,3270,1278,29321,0.010000000000006289
10,30609,2528,0.0,3271,1278,29331,0.010000000000006226
48,30657,2528,0.0,3272,1278,29379,0.010000000000006164
18,30675,2528,0.0,3273,1278,29397,0.010000000000006103
14,30689,2528,0.0,3274,1278,29411,0.010000000000006042
13,30702,2528,0.0,3275,1278,29424,0.010000000000005982
11,30713,2528,0.0,3276,1278,29435,0.010000000000005923
9,30722,2528,0.0,3277,1278,29444,0.010000000000005864
8,30730,2528,0.0,3278,1278,29452,0.010000000000005805
9,30739,2528,0.0,3279,1278,29461,0.010000000000005747
9,30748,2528,0.0,3280,1278,29470,0.01000000000000569
9,30757,2529,1.0,3281,1278,29479,0.010000000000005633
7,30764,2529,0.0,3282,1278,29486,0.010000000000005577
9,30773,2530,1.0,3283,1278,29495,0.010000000000005522
9,30782,2531,1.0,3284,1278,29504,0.010000000000005466
9,30791,2532,1.0,3285,1278,29513,0.010000000000005413
9,30800,2533,1.0,3286,1278,29522,0.010000000000005359
9,30809,2534,1.0,3287,1278,29531,0.010000000000005305
9,30818,2535,1.0,3288,1278,29540,0.010000000000005253
9,30827,2536,1.0,3289,1278,29549,0.010000000000005201
9,30836,2537,1.0,3290,1278,29558,0.010000000000005149
9,30845,2538,1.0,3291,1278,29567,0.010000000000005097
9,30854,2539,1.0,3292,1278,29576,0.010000000000005047
9,30863,2540,1.0,3293,1278,29585,0.010000000000004996
9,30872,2541,1.0,3294,1278,29594,0.010000000000004948
9,30881,2542,1.0,3295,1278,29603,0.010000000000004897
9,30890,2543,1.0,3296,1278,29612,0.010000000000004849
9,30899,2544,1.0,3297,1278,29621,0.0100000000000048
9,30908,2545,1.0,3298,1278,29630,0.010000000000004753
9,30917,2546,1.0,3299,1278,29639,0.010000000000004707
9,30926,2547,1.0,3300,1279,29647,0.01000000000000466
9,30935,2548,1.0,3301,1279,29656,0.010000000000004613
9,30944,2549,1.0,3302,1279,29665,0.010000000000004566
9,30953,2550,1.0,3303,1279,29674,0.010000000000004521
9,30962,2551,1.0,3304,1279,29683,0.010000000000004476
9,30971,2552,1.0,3305,1279,29692,0.010000000000004432
9,30980,2553,1.0,3306,1279,29701,0.010000000000004387
9,30989,2554,1.0,3307,1279,29710,0.010000000000004344
9,30998,2555,1.0,3308,1279,29719,0.0100000000000043
9,31007,2556,1.0,3309,1279,29728,0.010000000000004257
9,31016,2557,1.0,3310,1279,29737,0.010000000000004216
9,31025,2558,1.0,3311,1279,29746,0.010000000000004174
9,31034,2559,1.0,3312,1279,29755,0.010000000000004132
25,31059,2559,0.0,3313,1280,29779,0.01000000000000409
9,31068,2560,1.0,3314,1280,29788,0.01000000000000405
9,31077,2561,1.0,3315,1280,29797,0.01000000000000401
9,31086,2562,1.0,3316,1280,29806,0.01000000000000397
9,31095,2563,1.0,3317,1280,29815,0.010000000000003931
9,31104,2564,1.0,3318,1280,29824,0.010000000000003891
9,31113,2565,1.0,3319,1280,29833,0.010000000000003853
9,31122,2566,1.0,3320,1280,29842,0.010000000000003815
9,31131,2567,1.0,3321,1280,29851,0.010000000000003777
9,31140,2568,1.0,3322,1280,29860,0.010000000000003739
9,31149,2569,1.0,3323,1280,29869,0.010000000000003702
9,31158,2570,1.0,3324,1280,29878,0.010000000000003666
9,31167,2571,1.0,3325,1280,29887,0.010000000000003628
9,31176,2572,1.0,3326,1280,29896,0.010000000000003593
9,31185,2573,1.0,3327,1280,29905,0.010000000000003556
9,31194,2574,1.0,3328,1280,29914,0.010000000000003522
9,31203,2575,1.0,3329,1280,29923,0.010000000000003485
9,31212,2576,1.0,3330,1280,29932,0.01000000000000345
9,31221,2577,1.0,3331,1280,29941,0.010000000000003418
9,31230,2578,1.0,3332,1280,29950,0.010000000000003383
9,31239,2579,1.0,3333,1280,29959,0.01000000000000335
9,31248,2580,1.0,3334,1280,29968,0.010000000000003315
9,31257,2581,1.0,3335,1280,29977,0.010000000000003282
9,31266,2582,1.0,3336,1280,29986,0.010000000000003251
9,31275,2583,1.0,3337,1280,29995,0.010000000000003218
9,31284,2584,1.0,3338,1280,30004,0.010000000000003187
9,31293,2585,1.0,3339,1280,30013,0.010000000000003154
9,31302,2586,1.0,3340,1280,30022,0.010000000000003123
9,31311,2587,1.0,3341,1280,30031,0.010000000000003091
9,31320,2588,1.0,3342,1280,30040,0.010000000000003062
9,31329,2589,1.0,3343,1280,30049,0.01000000000000303
9,31338,2590,1.0,3344,1280,30058,0.010000000000003001
9,31347,2591,1.0,3345,1280,30067,0.01000000000000297
9,31356,2592,1.0,3346,1280,30076,0.01000000000000294
9,31365,2593,1.0,3347,1280,30085,0.010000000000002911
9,31374,2594,1.0,3348,1280,30094,0.010000000000002883
9,31383,2595,1.0,3349,1280,30103,0.010000000000002854
9,31392,2596,1.0,3350,1280,30112,0.010000000000002826
9,31401,2597,1.0,3351,1280,30121,0.010000000000002798
9,31410,2598,1.0,3352,1280,30130,0.01000000000000277
9,31419,2599,1.0,3353,1280,30139,0.010000000000002743
9,31428,2600,1.0,3354,1280,30148,0.010000000000002715
9,31437,2601,1.0,3355,1280,30157,0.010000000000002687
9,31446,2602,1.0,3356,1280,30166,0.010000000000002661
9,31455,2603,1.0,3357,1280,30175,0.010000000000002635
9,31464,2604,1.0,3358,1280,30184,0.01000000000000261
9,31473,2605,1.0,3359,1280,30193,0.010000000000002583
9,31482,2606,1.0,3360,1280,30202,0.010000000000002557
9,31491,2607,1.0,3361,1280,30211,0.010000000000002531
9,31500,2608,1.0,3362,1280,30220,0.010000000000002507
9,31509,2609,1.0,3363,1280,30229,0.01000000000000248
9,31518,2610,1.0,3364,1280,30238,0.010000000000002457
9,31527,2611,1.0,3365,1280,30247,0.010000000000002432
9,31536,2612,1.0,3366,1280,30256,0.010000000000002408
9,31545,2613,1.0,3367,1280,30265,0.010000000000002384
9,31554,2614,1.0,3368,1280,30274,0.010000000000002361
9,31563,2615,1.0,3369,1280,30283,0.010000000000002337
9,31572,2616,1.0,3370,1280,30292,0.010000000000002314
9,31581,2617,1.0,3371,1280,30301,0.01000000000000229
9,31590,2618,1.0,3372,1280,30310,0.010000000000002267
9,31599,2619,1.0,3373,1280,30319,0.010000000000002245
9,31608,2620,1.0,3374,1280,30328,0.010000000000002222
9,31617,2621,1.0,3375,1280,30337,0.010000000000002202
9,31626,2622,1.0,3376,1280,30346,0.010000000000002179
9,31635,2623,1.0,3377,1280,30355,0.010000000000002156
9,31644,2624,1.0,3378,1280,30364,0.010000000000002136
9,31653,2625,1.0,3379,1280,30373,0.010000000000002115
9,31662,2626,1.0,3380,1280,30382,0.010000000000002094
9,31671,2627,1.0,3381,1280,30391,0.010000000000002073
9,31680,2628,1.0,3382,1280,30400,0.010000000000002052
9,31689,2629,1.0,3383,1280,30409,0.010000000000002032
9,31698,2630,1.0,3384,1280,30418,0.01000000000000201
9,31707,2631,1.0,3385,1280,30427,0.010000000000001992
9,31716,2632,1.0,3386,1280,30436,0.01000000000000197
9,31725,2633,1.0,3387,1280,30445,0.010000000000001952
9,31734,2634,1.0,3388,1280,30454,0.010000000000001933
9,31743,2635,1.0,3389,1280,30463,0.010000000000001914
9,31752,2636,1.0,3390,1280,30472,0.010000000000001895
9,31761,2637,1.0,3391,1280,30481,0.010000000000001875
9,31770,2638,1.0,3392,1280,30490,0.010000000000001856
9,31779,2639,1.0,3393,1280,30499,0.010000000000001839
9,31788,2640,1.0,3394,1280,30508,0.01000000000000182
9,31797,2641,1.0,3395,1280,30517,0.010000000000001803
9,31806,2642,1.0,3396,1280,30526,0.010000000000001784
9,31815,2643,1.0,3397,1280,30535,0.010000000000001766
9,31824,2644,1.0,3398,1280,30544,0.010000000000001749
9,31833,2645,1.0,3399,1280,30553,0.010000000000001731
9,31842,2646,1.0,3400,1280,30562,0.010000000000001714
9,31851,2647,1.0,3401,1280,30571,0.010000000000001697
9,31860,2648,1.0,3402,1280,30580,0.01000000000000168
9,31869,2649,1.0,3403,1280,30589,0.010000000000001664
9,31878,2650,1.0,3404,1280,30598,0.010000000000001646
14,31892,2650,0.0,3405,1281,30611,0.01000000000000163
9,31901,2651,1.0,3406,1281,30620,0.010000000000001614
9,31910,2652,1.0,3407,1281,30629,0.010000000000001598
9,31919,2653,1.0,3408,1281,30638,0.010000000000001582
9,31928,2654,1.0,3409,1281,30647,0.010000000000001567
9,31937,2655,1.0,3410,1281,30656,0.010000000000001551
9,31946,2656,1.0,3411,1281,30665,0.010000000000001535
9,31955,2657,1.0,3412,1281,30674,0.01000000000000152
9,31964,2658,1.0,3413,1282,30682,0.010000000000001506
9,31973,2659,1.0,3414,1282,30691,0.01000000000000149
9,31982,2660,1.0,3415,1282,30700,0.010000000000001475
9,31991,2661,1.0,3416,1283,30708,0.01000000000000146
9,32000,2662,1.0,3417,1283,30717,0.010000000000001445
9,32009,2663,1.0,3418,1283,30726,0.010000000000001431
9,32018,2664,1.0,3419,1283,30735,0.010000000000001417
9,32027,2665,1.0,3420,1283,30744,0.010000000000001404
9,32036,2666,1.0,3421,1283,30753,0.01000000000000139
9,32045,2667,1.0,3422,1283,30762,0.010000000000001376
9,32054,2668,1.0,3423,1283,30771,0.010000000000001362
9,32063,2669,1.0,3424,1283,30780,0.010000000000001348
9,32072,2670,1.0,3425,1283,30789,0.010000000000001334
9,32081,2671,1.0,3426,1283,30798,0.010000000000001322
9,32090,2672,1.0,3427,1283,30807,0.010000000000001308
9,32099,2673,1.0,3428,1283,30816,0.010000000000001296
9,32108,2674,1.0,3429,1283,30825,0.010000000000001282
9,32117,2675,1.0,3430,1283,30834,0.01000000000000127
9,32126,2676,1.0,3431,1283,30843,0.010000000000001258
9,32135,2677,1.0,3432,1283,30852,0.010000000000001244
9,32144,2678,1.0,3433,1283,30861,0.010000000000001232
9,32153,2679,1.0,3434,1283,30870,0.01000000000000122
9,32162,2680,1.0,3435,1283,30879,0.010000000000001208
9,32171,2681,1.0,3436,1283,30888,0.010000000000001195
9,32180,2682,1.0,3437,1283,30897,0.010000000000001183
9,32189,2683,1.0,3438,1283,30906,0.010000000000001173
9,32198,2684,1.0,3439,1283,30915,0.01000000000000116
9,32207,2685,1.0,3440,1283,30924,0.010000000000001149
9,32216,2686,1.0,3441,1283,30933,0.010000000000001138
9,32225,2687,1.0,3442,1283,30942,0.010000000000001126
9,32234,2688,1.0,3443,1283,30951,0.010000000000001116
9,32243,2689,1.0,3444,1283,30960,0.010000000000001103
9,32252,2690,1.0,3445,1283,30969,0.010000000000001093
9,32261,2691,1.0,3446,1283,30978,0.010000000000001083
9,32270,2692,1.0,3447,1283,30987,0.01000000000000107
9,32279,2693,1.0,3448,1283,30996,0.01000000000000106
9,32288,2694,1.0,3449,1283,31005,0.01000000000000105
9,32297,2695,1.0,3450,1283,31014,0.01000000000000104
9,32306,2696,1.0,3451,1283,31023,0.010000000000001029
9,32315,2697,1.0,3452,1283,31032,0.010000000000001018
9,32324,2698,1.0,3453,1283,31041,0.01000000000000101
9,32333,2699,1.0,3454,1283,31050,0.010000000000001
9,32342,2700,1.0,3455,1283,31059,0.010000000000000989
9,32351,2701,1.0,3456,1283,31068,0.010000000000000979
9,32360,2702,1.0,3457,1283,31077,0.01000000000000097
9,32369,2703,1.0,3458,1283,31086,0.01000000000000096
9,32378,2704,1.0,3459,1283,31095,0.01000000000000095
9,32387,2705,1.0,3460,1283,31104,0.01000000000000094
9,32396,2706,1.0,3461,1283,31113,0.010000000000000932
9,32405,2707,1.0,3462,1283,31122,0.010000000000000921
9,32414,2708,1.0,3463,1283,31131,0.010000000000000913
9,32423,2709,1.0,3464,1283,31140,0.010000000000000904
9,32432,2710,1.0,3465,1283,31149,0.010000000000000895
9,32441,2711,1.0,3466,1283,31158,0.010000000000000887
14,32455,2711,0.0,3467,1284,31171,0.010000000000000878
47,32502,2711,0.0,3468,1285,31217,0.01000000000000087
9,32511,2712,1.0,3469,1285,31226,0.01000000000000086
9,32520,2713,1.0,3470,1285,31235,0.010000000000000852
9,32529,2714,1.0,3471,1285,31244,0.010000000000000843
9,32538,2715,1.0,3472,1285,31253,0.010000000000000835
9,32547,2716,1.0,3473,1285,31262,0.010000000000000826
9,32556,2717,1.0,3474,1285,31271,0.010000000000000817
9,32565,2718,1.0,3475,1285,31280,0.01000000000000081
9,32574,2719,1.0,3476,1285,31289,0.010000000000000802
9,32583,2720,1.0,3477,1285,31298,0.010000000000000793
9,32592,2721,1.0,3478,1285,31307,0.010000000000000786
9,32601,2722,1.0,3479,1285,31316,0.010000000000000777
9,32610,2723,1.0,3480,1285,31325,0.01000000000000077
9,32619,2724,1.0,3481,1285,31334,0.010000000000000762
9,32628,2725,1.0,3482,1285,31343,0.010000000000000755
9,32637,2726,1.0,3483,1285,31352,0.010000000000000748
9,32646,2727,1.0,3484,1285,31361,0.010000000000000741
9,32655,2728,1.0,3485,1285,31370,0.010000000000000732
42,32697,2728,0.0,3486,1287,31410,0.010000000000000725
9,32706,2729,1.0,3487,1287,31419,0.010000000000000718
9,32715,2730,1.0,3488,1287,31428,0.010000000000000711
9,32724,2731,1.0,3489,1287,31437,0.010000000000000705
9,32733,2732,1.0,3490,1287,31446,0.010000000000000698
9,32742,2733,1.0,3491,1287,31455,0.01000000000000069
9,32751,2734,1.0,3492,1287,31464,0.010000000000000684
9,32760,2735,1.0,3493,1287,31473,0.010000000000000677
9,32769,2736,1.0,3494,1287,31482,0.01000000000000067
9,32778,2737,1.0,3495,1287,31491,0.010000000000000663
9,32787,2738,1.0,3496,1287,31500,0.010000000000000656
18,32805,2738,0.0,3497,1288,31517,0.01000000000000065
9,32814,2739,1.0,3498,1288,31526,0.010000000000000644
9,32823,2740,1.0,3499,1288,31535,0.010000000000000637
9,32832,2741,1.0,3500,1288,31544,0.01000000000000063
9,32841,2742,1.0,3501,1288,31553,0.010000000000000625
9,32850,2743,1.0,3502,1288,31562,0.010000000000000618
9,32859,2744,1.0,3503,1288,31571,0.010000000000000613
47,32906,2744,0.0,3504,1289,31617,0.010000000000000606
11,32917,2744,0.0,3505,1289,31628,0.0100000000000006
3,32920,2744,0.0,3506,1289,31631,0.010000000000000593
9,32929,2745,1.0,3507,1289,31640,0.010000000000000588
9,32938,2746,1.0,3508,1289,31649,0.010000000000000583
9,32947,2747,1.0,3509,1289,31658,0.010000000000000576
9,32956,2748,1.0,3510,1289,31667,0.010000000000000571
9,32965,2749,1.0,3511,1290,31675,0.010000000000000566
9,32974,2750,1.0,3512,1290,31684,0.010000000000000559
9,32983,2751,1.0,3513,1290,31693,0.010000000000000554
9,32992,2752,1.0,3514,1290,31702,0.010000000000000548
9,33001,2753,1.0,3515,1290,31711,0.010000000000000543
9,33010,2754,1.0,3516,1290,31720,0.010000000000000538
9,33019,2755,1.0,3517,1290,31729,0.010000000000000533
9,33028,2756,1.0,3518,1290,31738,0.010000000000000528
9,33037,2757,1.0,3519,1290,31747,0.010000000000000522
9,33046,2758,1.0,3520,1290,31756,0.010000000000000517
9,33055,2759,1.0,3521,1290,31765,0.010000000000000512
9,33064,2760,1.0,3522,1290,31774,0.010000000000000507
9,33073,2761,1.0,3523,1290,31783,0.010000000000000502
9,33082,2762,1.0,3524,1290,31792,0.010000000000000496
9,33091,2763,1.0,3525,1290,31801,0.010000000000000491
9,33100,2764,1.0,3526,1290,31810,0.010000000000000486
9,33109,2765,1.0,3527,1290,31819,0.01000000000000048
9,33118,2766,1.0,3528,1290,31828,0.010000000000000477
9,33127,2767,1.0,3529,1290,31837,0.010000000000000472
9,33136,2768,1.0,3530,1290,31846,0.010000000000000467
9,33145,2769,1.0,3531,1290,31855,0.010000000000000463
9,33154,2770,1.0,3532,1290,31864,0.010000000000000458
9,33163,2771,1.0,3533,1290,31873,0.010000000000000453
9,33172,2772,1.0,3534,1290,31882,0.01000000000000045
9,33181,2773,1.0,3535,1290,31891,0.010000000000000444
9,33190,2774,1.0,3536,1290,31900,0.01000000000000044
9,33199,2775,1.0,3537,1290,31909,0.010000000000000436
9,33208,2776,1.0,3538,1290,31918,0.010000000000000432
9,33217,2777,1.0,3539,1290,31927,0.010000000000000427
9,33226,2778,1.0,3540,1290,31936,0.010000000000000423
9,33235,2779,1.0,3541,1290,31945,0.010000000000000418
9,33244,2780,1.0,3542,1290,31954,0.010000000000000415
9,33253,2781,1.0,3543,1290,31963,0.01000000000000041
9,33262,2782,1.0,3544,1290,31972,0.010000000000000406
9,33271,2783,1.0,3545,1290,31981,0.010000000000000403
9,33280,2784,1.0,3546,1290,31990,0.010000000000000397
9,33289,2785,1.0,3547,1290,31999,0.010000000000000394
9,33298,2786,1.0,3548,1290,32008,0.01000000000000039
9,33307,2787,1.0,3549,1290,32017,0.010000000000000387
9,33316,2788,1.0,3550,1290,32026,0.010000000000000382
9,33325,2789,1.0,3551,1290,32035,0.010000000000000378
9,33334,2790,1.0,3552,1290,32044,0.010000000000000375
9,33343,2791,1.0,3553,1290,32053,0.010000000000000371
9,33352,2792,1.0,3554,1290,32062,0.010000000000000368
9,33361,2793,1.0,3555,1290,32071,0.010000000000000365
9,33370,2794,1.0,3556,1290,32080,0.010000000000000361
9,33379,2795,1.0,3557,1290,32089,0.010000000000000358
9,33388,2796,1.0,3558,1290,32098,0.010000000000000352
9,33397,2797,1.0,3559,1290,32107,0.010000000000000349
42,33439,2797,0.0,3560,1291,32148,0.010000000000000345
9,33448,2798,1.0,3561,1291,32157,0.010000000000000342
9,33457,2799,1.0,3562,1291,32166,0.01000000000000034
9,33466,2800,1.0,3563,1291,32175,0.010000000000000337
9,33475,2801,1.0,3564,1291,32184,0.010000000000000333
9,33484,2802,1.0,3565,1291,32193,0.01000000000000033
9,33493,2803,1.0,3566,1291,32202,0.010000000000000326
9,33502,2804,1.0,3567,1291,32211,0.010000000000000323
9,33511,2805,1.0,3568,1291,32220,0.01000000000000032
9,33520,2806,1.0,3569,1291,32229,0.010000000000000316
9,33529,2807,1.0,3570,1291,32238,0.010000000000000312
9,33538,2808,1.0,3571,1291,32247,0.01000000000000031
4,33542,2808,0.0,3572,1292,32250,0.010000000000000307
9,33551,2809,1.0,3573,1293,32258,0.010000000000000304
9,33560,2810,1.0,3574,1293,32267,0.0100000000000003
9,33569,2811,1.0,3575,1293,32276,0.010000000000000299
9,33578,2812,1.0,3576,1293,32285,0.010000000000000295
9,33587,2813,1.0,3577,1293,32294,0.010000000000000292
9,33596,2814,1.0,3578,1293,32303,0.01000000000000029
9,33605,2815,1.0,3579,1293,32312,0.010000000000000286
9,33614,2816,1.0,3580,1293,32321,0.010000000000000283
9,33623,2817,1.0,3581,1293,32330,0.010000000000000281
9,33632,2818,1.0,3582,1293,32339,0.010000000000000278
9,33641,2819,1.0,3583,1293,32348,0.010000000000000274
9,33650,2820,1.0,3584,1293,32357,0.010000000000000273
9,33659,2821,1.0,3585,1293,32366,0.010000000000000269
9,33668,2822,1.0,3586,1293,32375,0.010000000000000267
9,33677,2823,1.0,3587,1293,32384,0.010000000000000264
9,33686,2824,1.0,3588,1293,32393,0.010000000000000262
9,33695,2825,1.0,3589,1293,32402,0.010000000000000259
9,33704,2826,1.0,3590,1293,32411,0.010000000000000257
9,33713,2827,1.0,3591,1293,32420,0.010000000000000253
9,33722,2828,1.0,3592,1293,32429,0.010000000000000252
9,33731,2829,1.0,3593,1294,32437,0.010000000000000248
9,33740,2830,1.0,3594,1294,32446,0.010000000000000247
9,33749,2831,1.0,3595,1294,32455,0.010000000000000245
9,33758,2832,1.0,3596,1294,32464,0.010000000000000241
9,33767,2833,1.0,3597,1294,32473,0.01000000000000024
9,33776,2834,1.0,3598,1294,32482,0.010000000000000236
9,33785,2835,1.0,3599,1294,32491,0.010000000000000234
9,33794,2836,1.0,3600,1294,32500,0.010000000000000233
9,33803,2837,1.0,3601,1294,32509,0.01000000000000023
9,33812,2838,1.0,3602,1294,32518,0.010000000000000227
9,33821,2839,1.0,3603,1294,32527,0.010000000000000226
9,33830,2840,1.0,3604,1294,32536,0.010000000000000222
9,33839,2841,1.0,3605,1294,32545,0.01000000000000022
9,33848,2842,1.0,3606,1294,32554,0.010000000000000219
9,33857,2843,1.0,3607,1294,32563,0.010000000000000217
9,33866,2844,1.0,3608,1294,32572,0.010000000000000214
9,33875,2845,1.0,3609,1294,32581,0.010000000000000212
9,33884,2846,1.0,3610,1294,32590,0.01000000000000021
9,33893,2847,1.0,3611,1294,32599,0.010000000000000208
9,33902,2848,1.0,3612,1294,32608,0.010000000000000207
46,33948,2848,0.0,3613,1296,32652,0.010000000000000203
9,33957,2849,1.0,3614,1296,32661,0.010000000000000201
9,33966,2850,1.0,3615,1296,32670,0.0100000000000002
9,33975,2851,1.0,3616,1296,32679,0.010000000000000198
9,33984,2852,1.0,3617,1296,32688,0.010000000000000196
9,33993,2853,1.0,3618,1296,32697,0.010000000000000194
9,34002,2854,1.0,3619,1296,32706,0.010000000000000193
9,34011,2855,1.0,3620,1296,32715,0.01000000000000019
9,34020,2856,1.0,3621,1296,32724,0.010000000000000188
9,34029,2857,1.0,3622,1296,32733,0.010000000000000186
9,34038,2858,1.0,3623,1296,32742,0.010000000000000184
6,34044,2858,0.0,3624,1297,32747,0.010000000000000182
9,34053,2859,1.0,3625,1297,32756,0.01000000000000018
9,34062,2860,1.0,3626,1297,32765,0.010000000000000179
9,34071,2861,1.0,3627,1297,32774,0.010000000000000177
9,34080,2862,1.0,3628,1297,32783,0.010000000000000175
9,34089,2863,1.0,3629,1297,32792,0.010000000000000174
9,34098,2864,1.0,3630,1297,32801,0.010000000000000172
9,34107,2865,1.0,3631,1297,32810,0.01000000000000017
9,34116,2866,1.0,3632,1297,32819,0.010000000000000168
9,34125,2867,1.0,3633,1297,32828,0.010000000000000167
9,34134,2868,1.0,3634,1297,32837,0.010000000000000165
18,34152,2868,0.0,3635,1298,32854,0.010000000000000163
9,34161,2869,1.0,3636,1298,32863,0.010000000000000162
9,34170,2870,1.0,3637,1298,32872,0.01000000000000016
9,34179,2871,1.0,3638,1298,32881,0.010000000000000158
9,34188,2872,1.0,3639,1298,32890,0.010000000000000158
29,34217,2872,0.0,3640,1300,32917,0.010000000000000156
9,34226,2873,1.0,3641,1300,32926,0.010000000000000155
9,34235,2874,1.0,3642,1300,32935,0.010000000000000153
9,34244,2875,1.0,3643,1300,32944,0.010000000000000151
9,34253,2876,1.0,3644,1300,32953,0.01000000000000015
9,34262,2877,1.0,3645,1300,32962,0.010000000000000148
9,34271,2878,1.0,3646,1300,32971,0.010000000000000146
9,34280,2879,1.0,3647,1300,32980,0.010000000000000146
9,34289,2880,1.0,3648,1300,32989,0.010000000000000144
9,34298,2881,1.0,3649,1300,32998,0.010000000000000142
9,34307,2882,1.0,3650,1300,33007,0.01000000000000014
9,34316,2883,1.0,3651,1300,33016,0.010000000000000139
9,34325,2884,1.0,3652,1300,33025,0.010000000000000137
9,34334,2885,1.0,3653,1300,33034,0.010000000000000137
9,34343,2886,1.0,3654,1300,33043,0.010000000000000136
9,34352,2887,1.0,3655,1300,33052,0.010000000000000134
9,34361,2888,1.0,3656,1300,33061,0.010000000000000132
9,34370,2889,1.0,3657,1300,33070,0.010000000000000132
9,34379,2890,1.0,3658,1300,33079,0.01000000000000013
9,34388,2891,1.0,3659,1300,33088,0.010000000000000129
9,34397,2892,1.0,3660,1300,33097,0.010000000000000127
9,34406,2893,1.0,3661,1300,33106,0.010000000000000127
9,34415,2894,1.0,3662,1300,33115,0.010000000000000125
14,34429,2895,1.0,3663,1302,33127,0.010000000000000123
9,34438,2896,1.0,3664,1302,33136,0.010000000000000123
7,34445,2896,0.0,3665,1303,33142,0.010000000000000122
9,34454,2897,1.0,3666,1303,33151,0.01000000000000012
9,34463,2898,1.0,3667,1303,33160,0.010000000000000118
9,34472,2899,1.0,3668,1303,33169,0.010000000000000118
9,34481,2900,1.0,3669,1303,33178,0.010000000000000116
9,34490,2901,1.0,3670,1303,33187,0.010000000000000115
9,34499,2902,1.0,3671,1303,33196,0.010000000000000115
9,34508,2903,1.0,3672,1303,33205,0.010000000000000113
9,34517,2904,1.0,3673,1303,33214,0.010000000000000111
47,34564,2904,0.0,3674,1304,33260,0.010000000000000111
15,34579,2905,1.0,3675,1304,33275,0.01000000000000011
15,34594,2905,0.0,3676,1305,33289,0.01000000000000011
2,34596,2905,0.0,3677,1305,33291,0.010000000000000108
14,34610,2905,0.0,3678,1305,33305,0.010000000000000106
5,34615,2905,0.0,3679,1305,33310,0.010000000000000106
26,34641,2905,0.0,3680,1305,33336,0.010000000000000104
9,34650,2906,1.0,3681,1305,33345,0.010000000000000103
9,34659,2907,1.0,3682,1305,33354,0.010000000000000103
38,34697,2907,0.0,3683,1306,33391,0.0100000000000001
5,34702,2907,0.0,3684,1306,33396,0.0100000000000001
9,34711,2908,1.0,3685,1306,33405,0.010000000000000099
29,34740,2908,0.0,3686,1306,33434,0.010000000000000099
9,34749,2909,1.0,3687,1306,33443,0.010000000000000097
25,34774,2909,0.0,3688,1308,33466,0.010000000000000096
26,34800,2909,0.0,3689,1308,33492,0.010000000000000096
14,34814,2909,0.0,3690,1308,33506,0.010000000000000094
8,34822,2909,0.0,3691,1309,33513,0.010000000000000094
22,34844,2909,0.0,3692,1309,33535,0.010000000000000092
9,34853,2910,1.0,3693,1309,33544,0.010000000000000092
97,34950,2911,1.0,3694,1310,33640,0.01000000000000009
53,35003,2912,1.0,3695,1310,33693,0.01000000000000009
2,35005,2912,0.0,3696,1310,33695,0.010000000000000089
2,35007,2912,0.0,3697,1310,33697,0.010000000000000089
13,35020,2912,0.0,3698,1310,33710,0.010000000000000087
13,35033,2912,0.0,3699,1310,33723,0.010000000000000087
8,35041,2912,0.0,3700,1310,33731,0.010000000000000085
91,35132,2912,0.0,3701,1313,33819,0.010000000000000085
16,35148,2912,0.0,3702,1313,33835,0.010000000000000083
9,35157,2912,0.0,3703,1313,33844,0.010000000000000083
40,35197,2912,0.0,3704,1313,33884,0.010000000000000082
9,35206,2913,1.0,3705,1313,33893,0.010000000000000082
16,35222,2913,0.0,3706,1313,33909,0.01000000000000008
15,35237,2913,0.0,3707,1313,33924,0.01000000000000008
9,35246,2913,0.0,3708,1313,33933,0.010000000000000078
60,35306,2913,0.0,3709,1314,33992,0.010000000000000078
8,35314,2913,0.0,3710,1314,34000,0.010000000000000078
8,35322,2913,0.0,3711,1314,34008,0.010000000000000077
8,35330,2913,0.0,3712,1314,34016,0.010000000000000077
8,35338,2913,0.0,3713,1314,34024,0.010000000000000075
8,35346,2913,0.0,3714,1314,34032,0.010000000000000075
2,35348,2913,0.0,3715,1314,34034,0.010000000000000073
11,35359,2913,0.0,3716,1314,34045,0.010000000000000073
13,35372,2913,0.0,3717,1314,34058,0.010000000000000071
12,35384,2913,0.0,3718,1314,34070,0.010000000000000071
14,35398,2913,0.0,3719,1315,34083,0.010000000000000071
11,35409,2913,0.0,3720,1315,34094,0.01000000000000007
17,35426,2913,0.0,3721,1316,34110,0.01000000000000007
22,35448,2913,0.0,3722,1316,34132,0.010000000000000068
14,35462,2913,0.0,3723,1316,34146,0.010000000000000068
15,35477,2913,0.0,3724,1316,34161,0.010000000000000068
7,35484,2913,0.0,3725,1316,34168,0.010000000000000066
14,35498,2914,1.0,3726,1316,34182,0.010000000000000066
13,35511,2914,0.0,3727,1316,34195,0.010000000000000066
13,35524,2914,0.0,3728,1316,34208,0.010000000000000064
13,35537,2914,0.0,3729,1316,34221,0.010000000000000064
9,35546,2914,0.0,3730,1316,34230,0.010000000000000063
9,35555,2914,0.0,3731,1316,34239,0.010000000000000063
25,35580,2914,0.0,3732,1317,34263,0.010000000000000063
9,35589,2914,0.0,3733,1317,34272,0.010000000000000061
15,35604,2914,0.0,3734,1317,34287,0.010000000000000061
6,35610,2914,0.0,3735,1317,34293,0.010000000000000061
2,35612,2914,0.0,3736,1317,34295,0.01000000000000006
9,35621,2914,0.0,3737,1317,34304,0.01000000000000006
9,35630,2915,1.0,3738,1317,34313,0.01000000000000006
9,35639,2916,1.0,3739,1317,34322,0.010000000000000057
9,35648,2917,1.0,3740,1317,34331,0.010000000000000057
9,35657,2918,1.0,3741,1317,34340,0.010000000000000057
9,35666,2919,1.0,3742,1317,34349,0.010000000000000056
9,35675,2920,1.0,3743,1317,34358,0.010000000000000056
9,35684,2921,1.0,3744,1317,34367,0.010000000000000056
9,35693,2922,1.0,3745,1317,34376,0.010000000000000054
9,35702,2923,1.0,3746,1317,34385,0.010000000000000054
9,35711,2924,1.0,3747,1317,34394,0.010000000000000054
9,35720,2925,1.0,3748,1317,34403,0.010000000000000052
9,35729,2926,1.0,3749,1317,34412,0.010000000000000052
9,35738,2927,1.0,3750,1317,34421,0.010000000000000052
9,35747,2928,1.0,3751,1317,34430,0.010000000000000052
9,35756,2929,1.0,3752,1317,34439,0.01000000000000005
9,35765,2930,1.0,3753,1317,34448,0.01000000000000005
5,35770,2930,0.0,3754,1318,34452,0.01000000000000005
9,35779,2931,1.0,3755,1318,34461,0.010000000000000049
9,35788,2932,1.0,3756,1318,34470,0.010000000000000049
9,35797,2933,1.0,3757,1318,34479,0.010000000000000049
9,35806,2934,1.0,3758,1318,34488,0.010000000000000049
9,35815,2935,1.0,3759,1318,34497,0.010000000000000047
9,35824,2936,1.0,3760,1318,34506,0.010000000000000047
9,35833,2937,1.0,3761,1318,34515,0.010000000000000047
9,35842,2938,1.0,3762,1318,34524,0.010000000000000045
9,35851,2939,1.0,3763,1318,34533,0.010000000000000045
9,35860,2940,1.0,3764,1318,34542,0.010000000000000045
9,35869,2941,1.0,3765,1318,34551,0.010000000000000045
9,35878,2942,1.0,3766,1319,34559,0.010000000000000044
9,35887,2943,1.0,3767,1319,34568,0.010000000000000044
9,35896,2944,1.0,3768,1319,34577,0.010000000000000044
9,35905,2945,1.0,3769,1319,34586,0.010000000000000044
9,35914,2946,1.0,3770,1319,34595,0.010000000000000042
9,35923,2947,1.0,3771,1319,34604,0.010000000000000042
9,35932,2948,1.0,3772,1319,34613,0.010000000000000042
7,35939,2948,0.0,3773,1320,34619,0.010000000000000042
9,35948,2949,1.0,3774,1320,34628,0.01000000000000004
9,35957,2950,1.0,3775,1320,34637,0.01000000000000004
9,35966,2951,1.0,3776,1320,34646,0.01000000000000004
9,35975,2952,1.0,3777,1320,34655,0.01000000000000004
9,35984,2953,1.0,3778,1320,34664,0.01000000000000004
9,35993,2954,1.0,3779,1320,34673,0.010000000000000038
9,36002,2955,1.0,3780,1320,34682,0.010000000000000038
9,36011,2956,1.0,3781,1320,34691,0.010000000000000038
9,36020,2957,1.0,3782,1320,34700,0.010000000000000038
11,36031,2957,0.0,3783,1321,34710,0.010000000000000037
9,36040,2958,1.0,3784,1322,34718,0.010000000000000037
14,36054,2958,0.0,3785,1323,34731,0.010000000000000037
9,36063,2959,1.0,3786,1323,34740,0.010000000000000037
9,36072,2960,1.0,3787,1324,34748,0.010000000000000037
9,36081,2961,1.0,3788,1324,34757,0.010000000000000035
9,36090,2962,1.0,3789,1324,34766,0.010000000000000035
9,36099,2963,1.0,3790,1324,34775,0.010000000000000035
9,36108,2964,1.0,3791,1325,34783,0.010000000000000035
9,36117,2965,1.0,3792,1325,34792,0.010000000000000035
9,36126,2966,1.0,3793,1325,34801,0.010000000000000033
9,36135,2967,1.0,3794,1325,34810,0.010000000000000033
9,36144,2968,1.0,3795,1325,34819,0.010000000000000033
9,36153,2969,1.0,3796,1325,34828,0.010000000000000033
9,36162,2970,1.0,3797,1325,34837,0.010000000000000033
9,36171,2971,1.0,3798,1325,34846,0.010000000000000031
9,36180,2972,1.0,3799,1325,34855,0.010000000000000031
9,36189,2973,1.0,3800,1325,34864,0.010000000000000031
9,36198,2974,1.0,3801,1325,34873,0.010000000000000031
9,36207,2975,1.0,3802,1325,34882,0.010000000000000031
9,36216,2976,1.0,3803,1325,34891,0.010000000000000031
9,36225,2977,1.0,3804,1325,34900,0.01000000000000003
9,36234,2978,1.0,3805,1325,34909,0.01000000000000003
9,36243,2979,1.0,3806,1325,34918,0.01000000000000003
9,36252,2980,1.0,3807,1325,34927,0.01000000000000003
9,36261,2981,1.0,3808,1325,34936,0.01000000000000003
9,36270,2982,1.0,3809,1325,34945,0.01000000000000003
9,36279,2983,1.0,3810,1325,34954,0.010000000000000028
5,36284,2983,0.0,3811,1326,34958,0.010000000000000028
9,36293,2984,1.0,3812,1326,34967,0.010000000000000028
9,36302,2985,1.0,3813,1326,34976,0.010000000000000028
57,36359,2985,0.0,3814,1329,35030,0.010000000000000028
15,36374,2986,1.0,3815,1329,35045,0.010000000000000028
18,36392,2987,1.0,3816,1329,35063,0.010000000000000026
42,36434,2987,0.0,3817,1329,35105,0.010000000000000026
13,36447,2987,0.0,3818,1329,35118,0.010000000000000026
15,36462,2988,1.0,3819,1329,35133,0.010000000000000026
9,36471,2989,1.0,3820,1329,35142,0.010000000000000026
9,36480,2990,1.0,3821,1329,35151,0.010000000000000026
9,36489,2991,1.0,3822,1329,35160,0.010000000000000026
9,36498,2992,1.0,3823,1329,35169,0.010000000000000024
9,36507,2993,1.0,3824,1329,35178,0.010000000000000024
9,36516,2994,1.0,3825,1329,35187,0.010000000000000024
9,36525,2995,1.0,3826,1329,35196,0.010000000000000024
9,36534,2996,1.0,3827,1329,35205,0.010000000000000024
9,36543,2997,1.0,3828,1329,35214,0.010000000000000024
9,36552,2998,1.0,3829,1329,35223,0.010000000000000024
9,36561,2999,1.0,3830,1329,35232,0.010000000000000023
9,36570,3000,1.0,3831,1329,35241,0.010000000000000023
9,36579,3001,1.0,3832,1329,35250,0.010000000000000023
9,36588,3002,1.0,3833,1329,35259,0.010000000000000023
9,36597,3003,1.0,3834,1329,35268,0.010000000000000023
9,36606,3004,1.0,3835,1329,35277,0.010000000000000023
9,36615,3005,1.0,3836,1329,35286,0.010000000000000023
9,36624,3006,1.0,3837,1329,35295,0.010000000000000021
9,36633,3007,1.0,3838,1329,35304,0.010000000000000021
9,36642,3008,1.0,3839,1329,35313,0.010000000000000021
9,36651,3009,1.0,3840,1329,35322,0.010000000000000021
9,36660,3010,1.0,3841,1329,35331,0.010000000000000021
9,36669,3011,1.0,3842,1329,35340,0.010000000000000021
9,36678,3012,1.0,3843,1329,35349,0.010000000000000021
9,36687,3013,1.0,3844,1329,35358,0.010000000000000021
9,36696,3014,1.0,3845,1329,35367,0.010000000000000021
9,36705,3015,1.0,3846,1329,35376,0.01000000000000002
9,36714,3016,1.0,3847,1329,35385,0.01000000000000002
9,36723,3017,1.0,3848,1329,35394,0.01000000000000002
9,36732,3018,1.0,3849,1329,35403,0.01000000000000002
9,36741,3019,1.0,3850,1329,35412,0.01000000000000002
9,36750,3020,1.0,3851,1329,35421,0.01000000000000002
9,36759,3021,1.0,3852,1329,35430,0.01000000000000002
9,36768,3022,1.0,3853,1329,35439,0.01000000000000002
9,36777,3023,1.0,3854,1329,35448,0.01000000000000002
9,36786,3024,1.0,3855,1329,35457,0.010000000000000018
9,36795,3025,1.0,3856,1329,35466,0.010000000000000018
9,36804,3026,1.0,3857,1329,35475,0.010000000000000018
9,36813,3027,1.0,3858,1329,35484,0.010000000000000018
9,36822,3028,1.0,3859,1329,35493,0.010000000000000018
9,36831,3029,1.0,3860,1329,35502,0.010000000000000018
9,36840,3030,1.0,3861,1329,35511,0.010000000000000018
9,36849,3031,1.0,3862,1329,35520,0.010000000000000018
4,36853,3031,0.0,3863,1330,35523,0.010000000000000018
9,36862,3032,1.0,3864,1330,35532,0.010000000000000018
9,36871,3033,1.0,3865,1330,35541,0.010000000000000016
9,36880,3034,1.0,3866,1330,35550,0.010000000000000016
9,36889,3035,1.0,3867,1330,35559,0.010000000000000016
9,36898,3036,1.0,3868,1330,35568,0.010000000000000016
9,36907,3037,1.0,3869,1330,35577,0.010000000000000016
9,36916,3038,1.0,3870,1330,35586,0.010000000000000016
9,36925,3039,1.0,3871,1330,35595,0.010000000000000016
9,36934,3040,1.0,3872,1330,35604,0.010000000000000016
9,36943,3041,1.0,3873,1330,35613,0.010000000000000016
9,36952,3042,1.0,3874,1330,35622,0.010000000000000016
9,36961,3043,1.0,3875,1330,35631,0.010000000000000016
9,36970,3044,1.0,3876,1330,35640,0.010000000000000014
9,36979,3045,1.0,3877,1330,35649,0.010000000000000014
9,36988,3046,1.0,3878,1330,35658,0.010000000000000014
9,36997,3047,1.0,3879,1330,35667,0.010000000000000014
9,37006,3048,1.0,3880,1330,35676,0.010000000000000014
9,37015,3049,1.0,3881,1330,35685,0.010000000000000014
9,37024,3050,1.0,3882,1330,35694,0.010000000000000014
9,37033,3051,1.0,3883,1330,35703,0.010000000000000014
9,37042,3052,1.0,3884,1330,35712,0.010000000000000014
9,37051,3053,1.0,3885,1330,35721,0.010000000000000014
9,37060,3054,1.0,3886,1330,35730,0.010000000000000014
9,37069,3055,1.0,3887,1331,35738,0.010000000000000014
9,37078,3056,1.0,3888,1331,35747,0.010000000000000014
9,37087,3057,1.0,3889,1331,35756,0.010000000000000012
9,37096,3058,1.0,3890,1331,35765,0.010000000000000012
9,37105,3059,1.0,3891,1331,35774,0.010000000000000012
9,37114,3060,1.0,3892,1331,35783,0.010000000000000012
9,37123,3061,1.0,3893,1331,35792,0.010000000000000012
9,37132,3062,1.0,3894,1331,35801,0.010000000000000012
9,37141,3063,1.0,3895,1331,35810,0.010000000000000012
9,37150,3064,1.0,3896,1331,35819,0.010000000000000012
9,37159,3065,1.0,3897,1331,35828,0.010000000000000012
9,37168,3066,1.0,3898,1331,35837,0.010000000000000012
9,37177,3067,1.0,3899,1331,35846,0.010000000000000012
9,37186,3068,1.0,3900,1331,35855,0.010000000000000012
9,37195,3069,1.0,3901,1331,35864,0.010000000000000012
9,37204,3070,1.0,3902,1331,35873,0.010000000000000012
9,37213,3071,1.0,3903,1331,35882,0.01000000000000001
9,37222,3072,1.0,3904,1331,35891,0.01000000000000001
9,37231,3073,1.0,3905,1331,35900,0.01000000000000001
25,37256,3074,1.0,3906,1332,35924,0.01000000000000001
8,37264,3074,0.0,3907,1332,35932,0.01000000000000001
9,37273,3075,1.0,3908,1332,35941,0.01000000000000001
9,37282,3076,1.0,3909,1332,35950,0.01000000000000001
9,37291,3077,1.0,3910,1332,35959,0.01000000000000001
9,37300,3078,1.0,3911,1332,35968,0.01000000000000001
9,37309,3079,1.0,3912,1332,35977,0.01000000000000001
9,37318,3080,1.0,3913,1332,35986,0.01000000000000001
9,37327,3081,1.0,3914,1332,35995,0.01000000000000001
9,37336,3082,1.0,3915,1332,36004,0.01000000000000001
9,37345,3083,1.0,3916,1332,36013,0.01000000000000001
100,37445,3083,0.0,3917,1333,36112,0.01000000000000001
13,37458,3083,0.0,3918,1333,36125,0.01000000000000001
25,37483,3083,0.0,3919,1333,36150,0.01000000000000001
86,37569,3083,0.0,3920,1334,36235,0.010000000000000009
8,37577,3083,0.0,3921,1334,36243,0.010000000000000009
9,37586,3084,1.0,3922,1334,36252,0.010000000000000009
9,37595,3085,1.0,3923,1334,36261,0.010000000000000009
9,37604,3086,1.0,3924,1334,36270,0.010000000000000009
9,37613,3087,1.0,3925,1334,36279,0.010000000000000009
9,37622,3088,1.0,3926,1334,36288,0.010000000000000009
9,37631,3089,1.0,3927,1334,36297,0.010000000000000009
9,37640,3090,1.0,3928,1334,36306,0.010000000000000009
9,37649,3091,1.0,3929,1334,36315,0.010000000000000009
9,37658,3092,1.0,3930,1334,36324,0.010000000000000009
9,37667,3093,1.0,3931,1334,36333,0.010000000000000009
9,37676,3094,1.0,3932,1334,36342,0.010000000000000009
9,37685,3095,1.0,3933,1334,36351,0.010000000000000009
9,37694,3096,1.0,3934,1334,36360,0.010000000000000009
9,37703,3097,1.0,3935,1334,36369,0.010000000000000009
9,37712,3098,1.0,3936,1334,36378,0.010000000000000009
9,37721,3099,1.0,3937,1334,36387,0.010000000000000009
9,37730,3100,1.0,3938,1334,36396,0.010000000000000009
9,37739,3101,1.0,3939,1334,36405,0.010000000000000009
9,37748,3102,1.0,3940,1334,36414,0.010000000000000007
9,37757,3103,1.0,3941,1334,36423,0.010000000000000007
9,37766,3104,1.0,3942,1334,36432,0.010000000000000007
46,37812,3104,0.0,3943,1336,36476,0.010000000000000007
9,37821,3105,1.0,3944,1336,36485,0.010000000000000007
9,37830,3106,1.0,3945,1336,36494,0.010000000000000007
9,37839,3107,1.0,3946,1336,36503,0.010000000000000007
9,37848,3108,1.0,3947,1336,36512,0.010000000000000007
9,37857,3109,1.0,3948,1336,36521,0.010000000000000007
9,37866,3110,1.0,3949,1336,36530,0.010000000000000007
9,37875,3111,1.0,3950,1336,36539,0.010000000000000007
9,37884,3112,1.0,3951,1336,36548,0.010000000000000007
9,37893,3113,1.0,3952,1336,36557,0.010000000000000007
9,37902,3114,1.0,3953,1336,36566,0.010000000000000007
9,37911,3115,1.0,3954,1336,36575,0.010000000000000007
9,37920,3116,1.0,3955,1336,36584,0.010000000000000007
9,37929,3117,1.0,3956,1336,36593,0.010000000000000007
9,37938,3118,1.0,3957,1336,36602,0.010000000000000007
12,37950,3118,0.0,3958,1337,36613,0.010000000000000007
9,37959,3119,1.0,3959,1337,36622,0.010000000000000007
9,37968,3120,1.0,3960,1337,36631,0.010000000000000007
9,37977,3121,1.0,3961,1337,36640,0.010000000000000007
9,37986,3122,1.0,3962,1337,36649,0.010000000000000007
9,37995,3123,1.0,3963,1337,36658,0.010000000000000007
9,38004,3124,1.0,3964,1337,36667,0.010000000000000007
9,38013,3125,1.0,3965,1337,36676,0.010000000000000005
9,38022,3126,1.0,3966,1337,36685,0.010000000000000005
9,38031,3127,1.0,3967,1337,36694,0.010000000000000005
9,38040,3128,1.0,3968,1337,36703,0.010000000000000005
9,38049,3129,1.0,3969,1337,36712,0.010000000000000005
9,38058,3130,1.0,3970,1337,36721,0.010000000000000005
9,38067,3131,1.0,3971,1338,36729,0.010000000000000005
9,38076,3132,1.0,3972,1338,36738,0.010000000000000005
9,38085,3133,1.0,3973,1338,36747,0.010000000000000005
9,38094,3134,1.0,3974,1338,36756,0.010000000000000005
9,38103,3135,1.0,3975,1338,36765,0.010000000000000005
9,38112,3136,1.0,3976,1338,36774,0.010000000000000005
9,38121,3137,1.0,3977,1338,36783,0.010000000000000005
9,38130,3138,1.0,3978,1338,36792,0.010000000000000005
9,38139,3139,1.0,3979,1338,36801,0.010000000000000005
9,38148,3140,1.0,3980,1338,36810,0.010000000000000005
9,38157,3141,1.0,3981,1338,36819,0.010000000000000005
9,38166,3142,1.0,3982,1338,36828,0.010000000000000005
9,38175,3143,1.0,3983,1338,36837,0.010000000000000005
9,38184,3144,1.0,3984,1338,36846,0.010000000000000005
9,38193,3145,1.0,3985,1338,36855,0.010000000000000005
9,38202,3146,1.0,3986,1338,36864,0.010000000000000005
9,38211,3147,1.0,3987,1338,36873,0.010000000000000005
9,38220,3148,1.0,3988,1338,36882,0.010000000000000005
15,38235,3149,1.0,3989,1339,36896,0.010000000000000005
9,38244,3150,1.0,3990,1339,36905,0.010000000000000005
9,38253,3151,1.0,3991,1339,36914,0.010000000000000005
9,38262,3152,1.0,3992,1339,36923,0.010000000000000005
9,38271,3153,1.0,3993,1339,36932,0.010000000000000005
9,38280,3154,1.0,3994,1339,36941,0.010000000000000005
9,38289,3155,1.0,3995,1339,36950,0.010000000000000005
9,38298,3156,1.0,3996,1339,36959,0.010000000000000005
9,38307,3157,1.0,3997,1339,36968,0.010000000000000005
9,38316,3158,1.0,3998,1339,36977,0.010000000000000004
9,38325,3159,1.0,3999,1339,36986,0.010000000000000004
9,38334,3160,1.0,4000,1339,36995,0.010000000000000004
9,38343,3161,1.0,4001,1339,37004,0.010000000000000004
9,38352,3162,1.0,4002,1339,37013,0.010000000000000004
9,38361,3163,1.0,4003,1339,37022,0.010000000000000004
9,38370,3164,1.0,4004,1339,37031,0.010000000000000004
9,38379,3165,1.0,4005,1339,37040,0.010000000000000004
9,38388,3166,1.0,4006,1339,37049,0.010000000000000004
14,38402,3167,1.0,4007,1340,37062,0.010000000000000004
100,38502,3167,0.0,4008,1341,37161,0.010000000000000004
9,38511,3168,1.0,4009,1341,37170,0.010000000000000004
9,38520,3169,1.0,4010,1341,37179,0.010000000000000004
9,38529,3170,1.0,4011,1341,37188,0.010000000000000004
9,38538,3171,1.0,4012,1341,37197,0.010000000000000004
9,38547,3172,1.0,4013,1341,37206,0.010000000000000004
9,38556,3173,1.0,4014,1342,37214,0.010000000000000004
9,38565,3174,1.0,4015,1342,37223,0.010000000000000004
9,38574,3175,1.0,4016,1342,37232,0.010000000000000004
56,38630,3176,1.0,4017,1343,37287,0.010000000000000004
15,38645,3177,1.0,4018,1343,37302,0.010000000000000004
9,38654,3178,1.0,4019,1343,37311,0.010000000000000004
9,38663,3179,1.0,4020,1343,37320,0.010000000000000004
9,38672,3180,1.0,4021,1343,37329,0.010000000000000004
9,38681,3181,1.0,4022,1343,37338,0.010000000000000004
9,38690,3182,1.0,4023,1343,37347,0.010000000000000004
9,38699,3183,1.0,4024,1343,37356,0.010000000000000004
9,38708,3184,1.0,4025,1343,37365,0.010000000000000004
9,38717,3185,1.0,4026,1343,37374,0.010000000000000004
9,38726,3186,1.0,4027,1343,37383,0.010000000000000004
9,38735,3187,1.0,4028,1343,37392,0.010000000000000004
9,38744,3188,1.0,4029,1343,37401,0.010000000000000004
9,38753,3189,1.0,4030,1343,37410,0.010000000000000004
9,38762,3190,1.0,4031,1343,37419,0.010000000000000004
9,38771,3191,1.0,4032,1344,37427,0.010000000000000004
9,38780,3192,1.0,4033,1344,37436,0.010000000000000004
9,38789,3193,1.0,4034,1344,37445,0.010000000000000004
9,38798,3194,1.0,4035,1344,37454,0.010000000000000004
9,38807,3195,1.0,4036,1344,37463,0.010000000000000004
9,38816,3196,1.0,4037,1344,37472,0.010000000000000004
51,38867,3196,0.0,4038,1346,37521,0.010000000000000004
8,38875,3196,0.0,4039,1346,37529,0.010000000000000004
9,38884,3197,1.0,4040,1346,37538,0.010000000000000004
9,38893,3198,1.0,4041,1346,37547,0.010000000000000004
9,38902,3199,1.0,4042,1346,37556,0.010000000000000004
9,38911,3200,1.0,4043,1346,37565,0.010000000000000004
9,38920,3201,1.0,4044,1346,37574,0.010000000000000004
9,38929,3202,1.0,4045,1346,37583,0.010000000000000004
9,38938,3203,1.0,4046,1346,37592,0.010000000000000004
9,38947,3204,1.0,4047,1346,37601,0.010000000000000004
9,38956,3205,1.0,4048,1346,37610,0.010000000000000004
9,38965,3206,1.0,4049,1346,37619,0.010000000000000004
9,38974,3207,1.0,4050,1346,37628,0.010000000000000002
9,38983,3208,1.0,4051,1346,37637,0.010000000000000002
9,38992,3209,1.0,4052,1346,37646,0.010000000000000002
9,39001,3210,1.0,4053,1346,37655,0.010000000000000002
5,39006,3210,0.0,4054,1347,37659,0.010000000000000002
9,39015,3211,1.0,4055,1347,37668,0.010000000000000002
9,39024,3212,1.0,4056,1347,37677,0.010000000000000002
10,39034,3212,0.0,4057,1348,37686,0.010000000000000002
9,39043,3213,1.0,4058,1348,37695,0.010000000000000002
9,39052,3214,1.0,4059,1348,37704,0.010000000000000002
9,39061,3215,1.0,4060,1348,37713,0.010000000000000002
9,39070,3216,1.0,4061,1348,37722,0.010000000000000002
9,39079,3217,1.0,4062,1348,37731,0.010000000000000002
9,39088,3218,1.0,4063,1348,37740,0.010000000000000002
9,39097,3219,1.0,4064,1348,37749,0.010000000000000002
9,39106,3220,1.0,4065,1348,37758,0.010000000000000002
9,39115,3221,1.0,4066,1348,37767,0.010000000000000002
9,39124,3222,1.0,4067,1348,37776,0.010000000000000002
9,39133,3223,1.0,4068,1348,37785,0.010000000000000002
9,39142,3224,1.0,4069,1348,37794,0.010000000000000002
9,39151,3225,1.0,4070,1348,37803,0.010000000000000002
9,39160,3226,1.0,4071,1348,37812,0.010000000000000002
9,39169,3227,1.0,4072,1348,37821,0.010000000000000002
9,39178,3228,1.0,4073,1348,37830,0.010000000000000002
9,39187,3229,1.0,4074,1348,37839,0.010000000000000002
9,39196,3230,1.0,4075,1348,37848,0.010000000000000002
9,39205,3231,1.0,4076,1348,37857,0.010000000000000002
9,39214,3232,1.0,4077,1348,37866,0.010000000000000002
9,39223,3233,1.0,4078,1348,37875,0.010000000000000002
9,39232,3234,1.0,4079,1348,37884,0.010000000000000002
9,39241,3235,1.0,4080,1348,37893,0.010000000000000002
9,39250,3236,1.0,4081,1349,37901,0.010000000000000002
9,39259,3237,1.0,4082,1349,37910,0.010000000000000002
9,39268,3238,1.0,4083,1349,37919,0.010000000000000002
9,39277,3239,1.0,4084,1349,37928,0.010000000000000002
9,39286,3240,1.0,4085,1349,37937,0.010000000000000002
9,39295,3241,1.0,4086,1349,37946,0.010000000000000002
9,39304,3242,1.0,4087,1349,37955,0.010000000000000002
9,39313,3243,1.0,4088,1349,37964,0.010000000000000002
9,39322,3244,1.0,4089,1349,37973,0.010000000000000002
9,39331,3245,1.0,4090,1349,37982,0.010000000000000002
9,39340,3246,1.0,4091,1349,37991,0.010000000000000002
9,39349,3247,1.0,4092,1349,38000,0.010000000000000002
9,39358,3248,1.0,4093,1349,38009,0.010000000000000002
9,39367,3249,1.0,4094,1349,38018,0.010000000000000002
9,39376,3250,1.0,4095,1349,38027,0.010000000000000002
9,39385,3251,1.0,4096,1349,38036,0.010000000000000002
9,39394,3252,1.0,4097,1349,38045,0.010000000000000002
9,39403,3253,1.0,4098,1349,38054,0.010000000000000002
9,39412,3254,1.0,4099,1349,38063,0.010000000000000002
9,39421,3255,1.0,4100,1349,38072,0.010000000000000002
9,39430,3256,1.0,4101,1349,38081,0.010000000000000002
9,39439,3257,1.0,4102,1349,38090,0.010000000000000002
9,39448,3258,1.0,4103,1349,38099,0.010000000000000002
9,39457,3259,1.0,4104,1349,38108,0.010000000000000002
9,39466,3260,1.0,4105,1349,38117,0.010000000000000002
9,39475,3261,1.0,4106,1349,38126,0.010000000000000002
9,39484,3262,1.0,4107,1349,38135,0.010000000000000002
9,39493,3263,1.0,4108,1349,38144,0.010000000000000002
9,39502,3264,1.0,4109,1349,38153,0.010000000000000002
9,39511,3265,1.0,4110,1349,38162,0.010000000000000002
9,39520,3266,1.0,4111,1349,38171,0.010000000000000002
9,39529,3267,1.0,4112,1349,38180,0.010000000000000002
9,39538,3268,1.0,4113,1349,38189,0.010000000000000002
9,39547,3269,1.0,4114,1349,38198,0.010000000000000002
9,39556,3270,1.0,4115,1349,38207,0.010000000000000002
9,39565,3271,1.0,4116,1349,38216,0.010000000000000002
9,39574,3272,1.0,4117,1349,38225,0.010000000000000002
9,39583,3273,1.0,4118,1349,38234,0.010000000000000002
9,39592,3274,1.0,4119,1349,38243,0.010000000000000002
9,39601,3275,1.0,4120,1349,38252,0.010000000000000002
9,39610,3276,1.0,4121,1349,38261,0.010000000000000002
9,39619,3277,1.0,4122,1349,38270,0.010000000000000002
9,39628,3278,1.0,4123,1349,38279,0.010000000000000002
9,39637,3279,1.0,4124,1349,38288,0.010000000000000002
9,39646,3280,1.0,4125,1349,38297,0.010000000000000002
9,39655,3281,1.0,4126,1350,38305,0.010000000000000002
9,39664,3282,1.0,4127,1350,38314,0.010000000000000002
9,39673,3283,1.0,4128,1350,38323,0.010000000000000002
9,39682,3284,1.0,4129,1350,38332,0.010000000000000002
9,39691,3285,1.0,4130,1350,38341,0.010000000000000002
9,39700,3286,1.0,4131,1350,38350,0.010000000000000002
9,39709,3287,1.0,4132,1350,38359,0.010000000000000002
9,39718,3288,1.0,4133,1350,38368,0.010000000000000002
9,39727,3289,1.0,4134,1350,38377,0.010000000000000002
9,39736,3290,1.0,4135,1350,38386,0.010000000000000002
9,39745,3291,1.0,4136,1350,38395,0.010000000000000002
9,39754,3292,1.0,4137,1350,38404,0.010000000000000002
9,39763,3293,1.0,4138,1350,38413,0.010000000000000002
31,39794,3293,0.0,4139,1351,38443,0.010000000000000002
9,39803,3294,1.0,4140,1351,38452,0.010000000000000002
9,39812,3295,1.0,4141,1351,38461,0.010000000000000002
7,39819,3295,0.0,4142,1352,38467,0.010000000000000002
9,39828,3296,1.0,4143,1352,38476,0.010000000000000002
9,39837,3297,1.0,4144,1353,38484,0.010000000000000002
9,39846,3298,1.0,4145,1353,38493,0.010000000000000002
9,39855,3299,1.0,4146,1353,38502,0.010000000000000002
9,39864,3300,1.0,4147,1353,38511,0.010000000000000002
9,39873,3301,1.0,4148,1353,38520,0.010000000000000002
9,39882,3302,1.0,4149,1353,38529,0.010000000000000002
9,39891,3303,1.0,4150,1353,38538,0.010000000000000002
9,39900,3304,1.0,4151,1353,38547,0.010000000000000002
9,39909,3305,1.0,4152,1353,38556,0.010000000000000002
9,39918,3306,1.0,4153,1353,38565,0.010000000000000002
9,39927,3307,1.0,4154,1353,38574,0.010000000000000002
9,39936,3308,1.0,4155,1354,38582,0.010000000000000002
9,39945,3309,1.0,4156,1354,38591,0.010000000000000002
9,39954,3310,1.0,4157,1354,38600,0.010000000000000002
9,39963,3311,1.0,4158,1354,38609,0.010000000000000002
9,39972,3312,1.0,4159,1354,38618,0.01
9,39981,3313,1.0,4160,1354,38627,0.01
9,39990,3314,1.0,4161,1354,38636,0.01
9,39999,3315,1.0,4162,1354,38645,0.01
9,40008,3316,1.0,4163,1354,38654,0.01
9,40017,3317,1.0,4164,1354,38663,0.01
9,40026,3318,1.0,4165,1354,38672,0.01
9,40035,3319,1.0,4166,1354,38681,0.01
9,40044,3320,1.0,4167,1354,38690,0.01
9,40053,3321,1.0,4168,1354,38699,0.01
9,40062,3322,1.0,4169,1354,38708,0.01
9,40071,3323,1.0,4170,1355,38716,0.01
9,40080,3324,1.0,4171,1355,38725,0.01
9,40089,3325,1.0,4172,1355,38734,0.01
9,40098,3326,1.0,4173,1355,38743,0.01
9,40107,3327,1.0,4174,1355,38752,0.01
9,40116,3328,1.0,4175,1355,38761,0.01
9,40125,3329,1.0,4176,1355,38770,0.01
9,40134,3330,1.0,4177,1355,38779,0.01
9,40143,3331,1.0,4178,1355,38788,0.01
9,40152,3332,1.0,4179,1355,38797,0.01
9,40161,3333,1.0,4180,1355,38806,0.01
9,40170,3334,1.0,4181,1355,38815,0.01
9,40179,3335,1.0,4182,1355,38824,0.01
9,40188,3336,1.0,4183,1355,38833,0.01
9,40197,3337,1.0,4184,1356,38841,0.01
9,40206,3338,1.0,4185,1356,38850,0.01
9,40215,3339,1.0,4186,1356,38859,0.01
9,40224,3340,1.0,4187,1356,38868,0.01
9,40233,3341,1.0,4188,1356,38877,0.01
9,40242,3342,1.0,4189,1356,38886,0.01
9,40251,3343,1.0,4190,1356,38895,0.01
9,40260,3344,1.0,4191,1356,38904,0.01
9,40269,3345,1.0,4192,1356,38913,0.01
9,40278,3346,1.0,4193,1356,38922,0.01
9,40287,3347,1.0,4194,1356,38931,0.01
9,40296,3348,1.0,4195,1356,38940,0.01
9,40305,3349,1.0,4196,1356,38949,0.01
9,40314,3350,1.0,4197,1356,38958,0.01
9,40323,3351,1.0,4198,1356,38967,0.01
9,40332,3352,1.0,4199,1357,38975,0.01
18,40350,3352,0.0,4200,1358,38992,0.01
9,40359,3353,1.0,4201,1358,39001,0.01
9,40368,3354,1.0,4202,1358,39010,0.01
9,40377,3355,1.0,4203,1358,39019,0.01
9,40386,3356,1.0,4204,1358,39028,0.01
9,40395,3357,1.0,4205,1358,39037,0.01
9,40404,3358,1.0,4206,1358,39046,0.01
9,40413,3359,1.0,4207,1358,39055,0.01
9,40422,3360,1.0,4208,1358,39064,0.01
9,40431,3361,1.0,4209,1358,39073,0.01
9,40440,3362,1.0,4210,1358,39082,0.01
9,40449,3363,1.0,4211,1358,39091,0.01
9,40458,3364,1.0,4212,1358,39100,0.01
9,40467,3365,1.0,4213,1358,39109,0.01
9,40476,3366,1.0,4214,1358,39118,0.01
9,40485,3367,1.0,4215,1358,39127,0.01
9,40494,3368,1.0,4216,1358,39136,0.01
9,40503,3369,1.0,4217,1358,39145,0.01
10,40513,3369,0.0,4218,1359,39154,0.01
9,40522,3370,1.0,4219,1359,39163,0.01
31,40553,3370,0.0,4220,1360,39193,0.01
9,40562,3371,1.0,4221,1360,39202,0.01
9,40571,3372,1.0,4222,1360,39211,0.01
9,40580,3373,1.0,4223,1360,39220,0.01
9,40589,3374,1.0,4224,1360,39229,0.01
9,40598,3375,1.0,4225,1360,39238,0.01
9,40607,3376,1.0,4226,1360,39247,0.01
9,40616,3377,1.0,4227,1360,39256,0.01
9,40625,3378,1.0,4228,1360,39265,0.01
9,40634,3379,1.0,4229,1360,39274,0.01
9,40643,3380,1.0,4230,1360,39283,0.01
9,40652,3381,1.0,4231,1360,39292,0.01
9,40661,3382,1.0,4232,1360,39301,0.01
9,40670,3383,1.0,4233,1360,39310,0.01
9,40679,3384,1.0,4234,1360,39319,0.01
9,40688,3385,1.0,4235,1360,39328,0.01
9,40697,3386,1.0,4236,1360,39337,0.01
9,40706,3387,1.0,4237,1361,39345,0.01
9,40715,3388,1.0,4238,1361,39354,0.01
9,40724,3389,1.0,4239,1361,39363,0.01
9,40733,3390,1.0,4240,1361,39372,0.01
9,40742,3391,1.0,4241,1361,39381,0.01
9,40751,3392,1.0,4242,1361,39390,0.01
9,40760,3393,1.0,4243,1361,39399,0.01
9,40769,3394,1.0,4244,1361,39408,0.01
13,40782,3395,1.0,4245,1363,39419,0.01
9,40791,3395,0.0,4246,1363,39428,0.01
9,40800,3396,1.0,4247,1363,39437,0.01
9,40809,3397,1.0,4248,1363,39446,0.01
9,40818,3398,1.0,4249,1363,39455,0.01
9,40827,3399,1.0,4250,1363,39464,0.01
9,40836,3400,1.0,4251,1363,39473,0.01
9,40845,3401,1.0,4252,1363,39482,0.01
9,40854,3402,1.0,4253,1363,39491,0.01
9,40863,3403,1.0,4254,1363,39500,0.01
9,40872,3404,1.0,4255,1363,39509,0.01
9,40881,3405,1.0,4256,1363,39518,0.01
9,40890,3406,1.0,4257,1363,39527,0.01
9,40899,3407,1.0,4258,1363,39536,0.01
9,40908,3408,1.0,4259,1363,39545,0.01
9,40917,3409,1.0,4260,1363,39554,0.01
9,40926,3410,1.0,4261,1363,39563,0.01
9,40935,3411,1.0,4262,1363,39572,0.01
9,40944,3412,1.0,4263,1363,39581,0.01
9,40953,3413,1.0,4264,1363,39590,0.01
9,40962,3414,1.0,4265,1363,39599,0.01
9,40971,3415,1.0,4266,1363,39608,0.01
9,40980,3416,1.0,4267,1363,39617,0.01
9,40989,3417,1.0,4268,1363,39626,0.01
9,40998,3418,1.0,4269,1363,39635,0.01
9,41007,3419,1.0,4270,1363,39644,0.01
9,41016,3420,1.0,4271,1363,39653,0.01
9,41025,3421,1.0,4272,1363,39662,0.01
9,41034,3422,1.0,4273,1363,39671,0.01
9,41043,3423,1.0,4274,1363,39680,0.01
9,41052,3424,1.0,4275,1363,39689,0.01
9,41061,3425,1.0,4276,1363,39698,0.01
9,41070,3426,1.0,4277,1363,39707,0.01
9,41079,3427,1.0,4278,1363,39716,0.01
9,41088,3428,1.0,4279,1363,39725,0.01
9,41097,3429,1.0,4280,1363,39734,0.01
9,41106,3430,1.0,4281,1363,39743,0.01
9,41115,3431,1.0,4282,1363,39752,0.01
9,41124,3432,1.0,4283,1363,39761,0.01
9,41133,3433,1.0,4284,1363,39770,0.01
9,41142,3434,1.0,4285,1363,39779,0.01
9,41151,3435,1.0,4286,1363,39788,0.01
9,41160,3436,1.0,4287,1363,39797,0.01
9,41169,3437,1.0,4288,1363,39806,0.01
9,41178,3438,1.0,4289,1363,39815,0.01
9,41187,3439,1.0,4290,1363,39824,0.01
9,41196,3440,1.0,4291,1363,39833,0.01
9,41205,3441,1.0,4292,1363,39842,0.01
10,41215,3441,0.0,4293,1364,39851,0.01
14,41229,3442,1.0,4294,1365,39864,0.01
9,41238,3443,1.0,4295,1365,39873,0.01
9,41247,3444,1.0,4296,1365,39882,0.01
9,41256,3445,1.0,4297,1365,39891,0.01
9,41265,3446,1.0,4298,1365,39900,0.01
9,41274,3447,1.0,4299,1365,39909,0.01
9,41283,3448,1.0,4300,1365,39918,0.01
9,41292,3449,1.0,4301,1365,39927,0.01
9,41301,3450,1.0,4302,1365,39936,0.01
9,41310,3451,1.0,4303,1365,39945,0.01
25,41335,3452,1.0,4304,1366,39969,0.01
8,41343,3452,0.0,4305,1366,39977,0.01
9,41352,3453,1.0,4306,1366,39986,0.01
39,41391,3453,0.0,4307,1368,40023,0.01
18,41409,3453,0.0,4308,1368,40041,0.01
17,41426,3453,0.0,4309,1368,40058,0.01
37,41463,3453,0.0,4310,1369,40094,0.01
13,41476,3453,0.0,4311,1369,40107,0.01
28,41504,3453,0.0,4312,1369,40135,0.01
13,41517,3453,0.0,4313,1369,40148,0.01
37,41554,3453,0.0,4314,1369,40185,0.01
11,41565,3453,0.0,4315,1369,40196,0.01
14,41579,3453,0.0,4316,1369,40210,0.01
18,41597,3454,1.0,4317,1369,40228,0.01
18,41615,3455,1.0,4318,1369,40246,0.01
16,41631,3455,0.0,4319,1369,40262,0.01
18,41649,3456,1.0,4320,1369,40280,0.01
18,41667,3457,1.0,4321,1369,40298,0.01
18,41685,3458,1.0,4322,1369,40316,0.01
18,41703,3459,1.0,4323,1369,40334,0.01
18,41721,3460,1.0,4324,1369,40352,0.01
18,41739,3461,1.0,4325,1369,40370,0.01
18,41757,3462,1.0,4326,1369,40388,0.01
18,41775,3463,1.0,4327,1369,40406,0.01
18,41793,3464,1.0,4328,1369,40424,0.01
18,41811,3465,1.0,4329,1369,40442,0.01
18,41829,3466,1.0,4330,1369,40460,0.01
18,41847,3467,1.0,4331,1369,40478,0.01
18,41865,3468,1.0,4332,1369,40496,0.01
18,41883,3469,1.0,4333,1369,40514,0.01
18,41901,3470,1.0,4334,1369,40532,0.01
18,41919,3471,1.0,4335,1369,40550,0.01
18,41937,3472,1.0,4336,1369,40568,0.01
18,41955,3473,1.0,4337,1370,40585,0.01
18,41973,3474,1.0,4338,1370,40603,0.01
18,41991,3475,1.0,4339,1370,40621,0.01
18,42009,3476,1.0,4340,1370,40639,0.01
18,42027,3477,1.0,4341,1370,40657,0.01
18,42045,3478,1.0,4342,1370,40675,0.01
18,42063,3479,1.0,4343,1370,40693,0.01
18,42081,3480,1.0,4344,1370,40711,0.01
18,42099,3481,1.0,4345,1370,40729,0.01
18,42117,3482,1.0,4346,1370,40747,0.01
18,42135,3483,1.0,4347,1371,40764,0.01
21,42156,3483,0.0,4348,1372,40784,0.01
14,42170,3483,0.0,4349,1372,40798,0.01
14,42184,3483,0.0,4350,1373,40811,0.01
14,42198,3483,0.0,4351,1373,40825,0.01
11,42209,3483,0.0,4352,1373,40836,0.01
13,42222,3483,0.0,4353,1373,40849,0.01
28,42250,3484,1.0,4354,1373,40877,0.01
10,42260,3484,0.0,4355,1374,40886,0.01
18,42278,3485,1.0,4356,1374,40904,0.01
18,42296,3486,1.0,4357,1374,40922,0.01
18,42314,3487,1.0,4358,1374,40940,0.01
18,42332,3488,1.0,4359,1374,40958,0.01
18,42350,3489,1.0,4360,1375,40975,0.01
18,42368,3490,1.0,4361,1375,40993,0.01
18,42386,3491,1.0,4362,1375,41011,0.01
13,42399,3491,0.0,4363,1376,41023,0.01
14,42413,3492,1.0,4364,1376,41037,0.01
17,42430,3492,0.0,4365,1377,41053,0.01
14,42444,3492,0.0,4366,1377,41067,0.01
17,42461,3492,0.0,4367,1377,41084,0.01
17,42478,3492,0.0,4368,1379,41099,0.01
14,42492,3493,1.0,4369,1379,41113,0.01
14,42506,3494,1.0,4370,1379,41127,0.01
14,42520,3495,1.0,4371,1379,41141,0.01
14,42534,3496,1.0,4372,1380,41154,0.01
14,42548,3497,1.0,4373,1380,41168,0.01
14,42562,3498,1.0,4374,1380,41182,0.01
14,42576,3499,1.0,4375,1380,41196,0.01
14,42590,3500,1.0,4376,1380,41210,0.01
14,42604,3501,1.0,4377,1380,41224,0.01
14,42618,3502,1.0,4378,1380,41238,0.01
14,42632,3503,1.0,4379,1380,41252,0.01
14,42646,3504,1.0,4380,1380,41266,0.01
14,42660,3505,1.0,4381,1380,41280,0.01
14,42674,3506,1.0,4382,1380,41294,0.01
14,42688,3507,1.0,4383,1380,41308,0.01
14,42702,3508,1.0,4384,1380,41322,0.01
14,42716,3509,1.0,4385,1380,41336,0.01
14,42730,3510,1.0,4386,1380,41350,0.01
14,42744,3511,1.0,4387,1380,41364,0.01
7,42751,3511,0.0,4388,1381,41370,0.01
7,42758,3511,0.0,4389,1381,41377,0.01
7,42765,3511,0.0,4390,1381,41384,0.01
7,42772,3511,0.0,4391,1382,41390,0.01
16,42788,3511,0.0,4392,1382,41406,0.01
5,42793,3511,0.0,4393,1382,41411,0.01
5,42798,3511,0.0,4394,1382,41416,0.01
39,42837,3511,0.0,4395,1382,41455,0.01
14,42851,3512,1.0,4396,1382,41469,0.01
14,42865,3513,1.0,4397,1383,41482,0.01
14,42879,3514,1.0,4398,1383,41496,0.01
14,42893,3515,1.0,4399,1383,41510,0.01
14,42907,3516,1.0,4400,1383,41524,0.01
14,42921,3517,1.0,4401,1383,41538,0.01
14,42935,3518,1.0,4402,1383,41552,0.01
14,42949,3519,1.0,4403,1383,41566,0.01
14,42963,3520,1.0,4404,1383,41580,0.01
14,42977,3521,1.0,4405,1383,41594,0.01
14,42991,3522,1.0,4406,1383,41608,0.01
14,43005,3523,1.0,4407,1383,41622,0.01
14,43019,3524,1.0,4408,1383,41636,0.01
14,43033,3525,1.0,4409,1383,41650,0.01
14,43047,3526,1.0,4410,1383,41664,0.01
14,43061,3527,1.0,4411,1383,41678,0.01
14,43075,3528,1.0,4412,1383,41692,0.01
14,43089,3529,1.0,4413,1383,41706,0.01
14,43103,3530,1.0,4414,1383,41720,0.01
14,43117,3531,1.0,4415,1383,41734,0.01
14,43131,3532,1.0,4416,1383,41748,0.01
14,43145,3533,1.0,4417,1383,41762,0.01
14,43159,3534,1.0,4418,1383,41776,0.01
14,43173,3535,1.0,4419,1383,41790,0.01
14,43187,3536,1.0,4420,1383,41804,0.01
14,43201,3537,1.0,4421,1383,41818,0.01
14,43215,3538,1.0,4422,1383,41832,0.01
14,43229,3539,1.0,4423,1383,41846,0.01
14,43243,3540,1.0,4424,1383,41860,0.01
14,43257,3541,1.0,4425,1383,41874,0.01
14,43271,3542,1.0,4426,1383,41888,0.01
14,43285,3543,1.0,4427,1383,41902,0.01
14,43299,3544,1.0,4428,1383,41916,0.01
14,43313,3545,1.0,4429,1383,41930,0.01
14,43327,3546,1.0,4430,1384,41943,0.01
14,43341,3547,1.0,4431,1384,41957,0.01
14,43355,3548,1.0,4432,1384,41971,0.01
14,43369,3549,1.0,4433,1384,41985,0.01
14,43383,3550,1.0,4434,1384,41999,0.01
10,43393,3550,0.0,4435,1385,42008,0.01
14,43407,3551,1.0,4436,1385,42022,0.01
14,43421,3552,1.0,4437,1385,42036,0.01
14,43435,3553,1.0,4438,1385,42050,0.01
14,43449,3554,1.0,4439,1385,42064,0.01
14,43463,3555,1.0,4440,1385,42078,0.01
14,43477,3556,1.0,4441,1385,42092,0.01
14,43491,3557,1.0,4442,1385,42106,0.01
14,43505,3558,1.0,4443,1385,42120,0.01
14,43519,3559,1.0,4444,1385,42134,0.01
14,43533,3560,1.0,4445,1385,42148,0.01
14,43547,3561,1.0,4446,1385,42162,0.01
14,43561,3562,1.0,4447,1385,42176,0.01
14,43575,3563,1.0,4448,1385,42190,0.01
14,43589,3564,1.0,4449,1385,42204,0.01
14,43603,3565,1.0,4450,1385,42218,0.01
14,43617,3566,1.0,4451,1385,42232,0.01
14,43631,3567,1.0,4452,1385,42246,0.01
14,43645,3568,1.0,4453,1385,42260,0.01
14,43659,3569,1.0,4454,1385,42274,0.01
14,43673,3570,1.0,4455,1385,42288,0.01
14,43687,3571,1.0,4456,1385,42302,0.01
14,43701,3572,1.0,4457,1385,42316,0.01
14,43715,3573,1.0,4458,1385,42330,0.01
14,43729,3574,1.0,4459,1385,42344,0.01
14,43743,3575,1.0,4460,1386,42357,0.01
14,43757,3576,1.0,4461,1386,42371,0.01
14,43771,3577,1.0,4462,1386,42385,0.01
15,43786,3578,1.0,4463,1387,42399,0.01
14,43800,3579,1.0,4464,1387,42413,0.01
14,43814,3580,1.0,4465,1387,42427,0.01
14,43828,3581,1.0,4466,1387,42441,0.01
14,43842,3582,1.0,4467,1387,42455,0.01
14,43856,3583,1.0,4468,1387,42469,0.01
14,43870,3584,1.0,4469,1387,42483,0.01
14,43884,3585,1.0,4470,1387,42497,0.01
14,43898,3586,1.0,4471,1387,42511,0.01
13,43911,3586,0.0,4472,1388,42523,0.01
14,43925,3587,1.0,4473,1388,42537,0.01
14,43939,3588,1.0,4474,1388,42551,0.01
14,43953,3589,1.0,4475,1388,42565,0.01
14,43967,3590,1.0,4476,1388,42579,0.01
20,43987,3590,0.0,4477,1389,42598,0.01
14,44001,3591,1.0,4478,1389,42612,0.01
14,44015,3592,1.0,4479,1389,42626,0.01
14,44029,3593,1.0,4480,1389,42640,0.01
14,44043,3594,1.0,4481,1389,42654,0.01
14,44057,3595,1.0,4482,1389,42668,0.01
14,44071,3596,1.0,4483,1389,42682,0.01
8,44079,3596,0.0,4484,1390,42689,0.01
14,44093,3597,1.0,4485,1390,42703,0.01
9,44102,3597,0.0,4486,1391,42711,0.01
9,44111,3597,0.0,4487,1391,42720,0.01
9,44120,3598,1.0,4488,1391,42729,0.01
15,44135,3598,0.0,4489,1391,42744,0.01
3,44138,3598,0.0,4490,1392,42746,0.01
15,44153,3598,0.0,4491,1392,42761,0.01
3,44156,3598,0.0,4492,1392,42764,0.01
13,44169,3598,0.0,4493,1392,42777,0.01
14,44183,3599,1.0,4494,1392,42791,0.01
14,44197,3600,1.0,4495,1392,42805,0.01
14,44211,3601,1.0,4496,1392,42819,0.01
3,44214,3601,0.0,4497,1392,42822,0.01
3,44217,3601,0.0,4498,1392,42825,0.01
3,44220,3601,0.0,4499,1392,42828,0.01
3,44223,3601,0.0,4500,1392,42831,0.01
3,44226,3601,0.0,4501,1392,42834,0.01
8,44234,3601,0.0,4502,1392,42842,0.01
8,44242,3601,0.0,4503,1392,42850,0.01
8,44250,3601,0.0,4504,1392,42858,0.01
9,44259,3602,1.0,4505,1392,42867,0.01
9,44268,3603,1.0,4506,1392,42876,0.01
9,44277,3604,1.0,4507,1392,42885,0.01
9,44286,3605,1.0,4508,1392,42894,0.01
9,44295,3606,1.0,4509,1392,42903,0.01
9,44304,3607,1.0,4510,1392,42912,0.01
9,44313,3608,1.0,4511,1392,42921,0.01
9,44322,3609,1.0,4512,1392,42930,0.01
9,44331,3610,1.0,4513,1392,42939,0.01
9,44340,3611,1.0,4514,1392,42948,0.01
9,44349,3612,1.0,4515,1392,42957,0.01
9,44358,3613,1.0,4516,1392,42966,0.01
9,44367,3614,1.0,4517,1392,42975,0.01
9,44376,3615,1.0,4518,1392,42984,0.01
9,44385,3616,1.0,4519,1392,42993,0.01
9,44394,3617,1.0,4520,1393,43001,0.01
9,44403,3618,1.0,4521,1393,43010,0.01
9,44412,3619,1.0,4522,1393,43019,0.01
9,44421,3620,1.0,4523,1393,43028,0.01
9,44430,3621,1.0,4524,1393,43037,0.01
9,44439,3622,1.0,4525,1393,43046,0.01
9,44448,3623,1.0,4526,1393,43055,0.01
9,44457,3624,1.0,4527,1393,43064,0.01
9,44466,3625,1.0,4528,1393,43073,0.01
9,44475,3626,1.0,4529,1393,43082,0.01
9,44484,3627,1.0,4530,1393,43091,0.01
9,44493,3628,1.0,4531,1393,43100,0.01
9,44502,3629,1.0,4532,1393,43109,0.01
9,44511,3630,1.0,4533,1393,43118,0.01
9,44520,3631,1.0,4534,1393,43127,0.01
9,44529,3632,1.0,4535,1393,43136,0.01
9,44538,3633,1.0,4536,1393,43145,0.01
9,44547,3634,1.0,4537,1393,43154,0.01
9,44556,3635,1.0,4538,1393,43163,0.01
9,44565,3636,1.0,4539,1393,43172,0.01
9,44574,3637,1.0,4540,1393,43181,0.01
9,44583,3638,1.0,4541,1393,43190,0.01
9,44592,3639,1.0,4542,1393,43199,0.01
9,44601,3640,1.0,4543,1393,43208,0.01
9,44610,3641,1.0,4544,1393,43217,0.01
9,44619,3642,1.0,4545,1394,43225,0.01
84,44703,3642,0.0,4546,1395,43308,0.01
9,44712,3643,1.0,4547,1395,43317,0.01
9,44721,3644,1.0,4548,1395,43326,0.01
7,44728,3644,0.0,4549,1396,43332,0.01
9,44737,3645,1.0,4550,1396,43341,0.01
9,44746,3646,1.0,4551,1396,43350,0.01
9,44755,3647,1.0,4552,1396,43359,0.01
9,44764,3648,1.0,4553,1396,43368,0.01
9,44773,3649,1.0,4554,1396,43377,0.01
9,44782,3650,1.0,4555,1396,43386,0.01
9,44791,3651,1.0,4556,1396,43395,0.01
9,44800,3652,1.0,4557,1396,43404,0.01
9,44809,3653,1.0,4558,1396,43413,0.01
9,44818,3654,1.0,4559,1396,43422,0.01
9,44827,3655,1.0,4560,1396,43431,0.01
4,44831,3655,0.0,4561,1397,43434,0.01
9,44840,3656,1.0,4562,1397,43443,0.01
9,44849,3657,1.0,4563,1397,43452,0.01
17,44866,3657,0.0,4564,1399,43467,0.01
15,44881,3657,0.0,4565,1399,43482,0.01
42,44923,3657,0.0,4566,1399,43524,0.01
14,44937,3657,0.0,4567,1400,43537,0.01
8,44945,3657,0.0,4568,1400,43545,0.01
17,44962,3657,0.0,4569,1400,43562,0.01
38,45000,3657,0.0,4570,1402,43598,0.01
17,45017,3657,0.0,4571,1402,43615,0.01
13,45030,3657,0.0,4572,1402,43628,0.01
60,45090,3657,0.0,4573,1402,43688,0.01
15,45105,3657,0.0,4574,1402,43703,0.01
18,45123,3658,1.0,4575,1402,43721,0.01
9,45132,3659,1.0,4576,1402,43730,0.01
9,45141,3660,1.0,4577,1402,43739,0.01
9,45150,3661,1.0,4578,1402,43748,0.01
9,45159,3662,1.0,4579,1402,43757,0.01
9,45168,3663,1.0,4580,1403,43765,0.01
9,45177,3664,1.0,4581,1403,43774,0.01
9,45186,3665,1.0,4582,1403,43783,0.01
9,45195,3666,1.0,4583,1404,43791,0.01
9,45204,3667,1.0,4584,1404,43800,0.01
9,45213,3668,1.0,4585,1404,43809,0.01
9,45222,3669,1.0,4586,1404,43818,0.01
9,45231,3670,1.0,4587,1404,43827,0.01
9,45240,3671,1.0,4588,1404,43836,0.01
9,45249,3672,1.0,4589,1404,43845,0.01
9,45258,3673,1.0,4590,1404,43854,0.01
9,45267,3674,1.0,4591,1404,43863,0.01
9,45276,3675,1.0,4592,1404,43872,0.01
9,45285,3676,1.0,4593,1404,43881,0.01
9,45294,3677,1.0,4594,1404,43890,0.01
9,45303,3678,1.0,4595,1404,43899,0.01
9,45312,3679,1.0,4596,1404,43908,0.01
9,45321,3680,1.0,4597,1404,43917,0.01
9,45330,3681,1.0,4598,1404,43926,0.01
9,45339,3682,1.0,4599,1404,43935,0.01
9,45348,3683,1.0,4600,1404,43944,0.01
9,45357,3684,1.0,4601,1404,43953,0.01
9,45366,3685,1.0,4602,1404,43962,0.01
9,45375,3686,1.0,4603,1404,43971,0.01
9,45384,3687,1.0,4604,1404,43980,0.01
9,45393,3688,1.0,4605,1404,43989,0.01
19,45412,3688,0.0,4606,1405,44007,0.01
9,45421,3689,1.0,4607,1405,44016,0.01
9,45430,3690,1.0,4608,1405,44025,0.01
9,45439,3691,1.0,4609,1405,44034,0.01
9,45448,3692,1.0,4610,1406,44042,0.01
9,45457,3693,1.0,4611,1406,44051,0.01
16,45473,3693,0.0,4612,1407,44066,0.01
31,45504,3693,0.0,4613,1408,44096,0.01
7,45511,3694,1.0,4614,1408,44103,0.01
8,45519,3694,0.0,4615,1408,44111,0.01
8,45527,3694,0.0,4616,1408,44119,0.01
13,45540,3694,0.0,4617,1410,44130,0.01
14,45554,3694,0.0,4618,1410,44144,0.01
5,45559,3694,0.0,4619,1410,44149,0.01
15,45574,3695,1.0,4620,1410,44164,0.01
9,45583,3696,1.0,4621,1410,44173,0.01
9,45592,3697,1.0,4622,1410,44182,0.01
9,45601,3698,1.0,4623,1410,44191,0.01
9,45610,3699,1.0,4624,1410,44200,0.01
9,45619,3700,1.0,4625,1410,44209,0.01
9,45628,3701,1.0,4626,1410,44218,0.01
9,45637,3702,1.0,4627,1410,44227,0.01
9,45646,3703,1.0,4628,1410,44236,0.01
9,45655,3704,1.0,4629,1410,44245,0.01
9,45664,3705,1.0,4630,1410,44254,0.01
9,45673,3706,1.0,4631,1410,44263,0.01
9,45682,3707,1.0,4632,1410,44272,0.01
9,45691,3708,1.0,4633,1410,44281,0.01
9,45700,3709,1.0,4634,1410,44290,0.01
9,45709,3710,1.0,4635,1411,44298,0.01
9,45718,3711,1.0,4636,1411,44307,0.01
9,45727,3712,1.0,4637,1411,44316,0.01
9,45736,3713,1.0,4638,1411,44325,0.01
9,45745,3714,1.0,4639,1411,44334,0.01
9,45754,3715,1.0,4640,1411,44343,0.01
8,45762,3715,0.0,4641,1412,44350,0.01
9,45771,3716,1.0,4642,1412,44359,0.01
9,45780,3717,1.0,4643,1412,44368,0.01
9,45789,3718,1.0,4644,1412,44377,0.01
9,45798,3719,1.0,4645,1412,44386,0.01
9,45807,3720,1.0,4646,1412,44395,0.01
9,45816,3721,1.0,4647,1412,44404,0.01
9,45825,3722,1.0,4648,1412,44413,0.01
9,45834,3723,1.0,4649,1412,44422,0.01
9,45843,3724,1.0,4650,1412,44431,0.01
9,45852,3725,1.0,4651,1412,44440,0.01
9,45861,3726,1.0,4652,1412,44449,0.01
9,45870,3727,1.0,4653,1412,44458,0.01
9,45879,3728,1.0,4654,1412,44467,0.01
9,45888,3729,1.0,4655,1412,44476,0.01
9,45897,3730,1.0,4656,1412,44485,0.01
9,45906,3731,1.0,4657,1412,44494,0.01
9,45915,3732,1.0,4658,1412,44503,0.01
8,45923,3732,0.0,4659,1413,44510,0.01
9,45932,3733,1.0,4660,1413,44519,0.01
9,45941,3734,1.0,4661,1413,44528,0.01
9,45950,3735,1.0,4662,1413,44537,0.01
9,45959,3736,1.0,4663,1413,44546,0.01
9,45968,3737,1.0,4664,1413,44555,0.01
9,45977,3738,1.0,4665,1413,44564,0.01
9,45986,3739,1.0,4666,1413,44573,0.01
9,45995,3740,1.0,4667,1414,44581,0.01
9,46004,3741,1.0,4668,1414,44590,0.01
9,46013,3742,1.0,4669,1414,44599,0.01
9,46022,3743,1.0,4670,1414,44608,0.01
9,46031,3744,1.0,4671,1414,44617,0.01
9,46040,3745,1.0,4672,1414,44626,0.01
9,46049,3746,1.0,4673,1414,44635,0.01
9,46058,3747,1.0,4674,1414,44644,0.01
9,46067,3748,1.0,4675,1414,44653,0.01
9,46076,3749,1.0,4676,1414,44662,0.01
9,46085,3750,1.0,4677,1414,44671,0.01
9,46094,3751,1.0,4678,1414,44680,0.01
9,46103,3752,1.0,4679,1414,44689,0.01
9,46112,3753,1.0,4680,1414,44698,0.01
9,46121,3754,1.0,4681,1414,44707,0.01
9,46130,3755,1.0,4682,1414,44716,0.01
9,46139,3756,1.0,4683,1414,44725,0.01
9,46148,3757,1.0,4684,1414,44734,0.01
9,46157,3758,1.0,4685,1414,44743,0.01
13,46170,3758,0.0,4686,1415,44755,0.01
9,46179,3759,1.0,4687,1415,44764,0.01
9,46188,3760,1.0,4688,1415,44773,0.01
9,46197,3761,1.0,4689,1415,44782,0.01
9,46206,3762,1.0,4690,1415,44791,0.01
9,46215,3763,1.0,4691,1415,44800,0.01
9,46224,3764,1.0,4692,1416,44808,0.01
9,46233,3765,1.0,4693,1416,44817,0.01
9,46242,3766,1.0,4694,1416,44826,0.01
9,46251,3767,1.0,4695,1416,44835,0.01
9,46260,3768,1.0,4696,1416,44844,0.01
9,46269,3769,1.0,4697,1416,44853,0.01
9,46278,3770,1.0,4698,1416,44862,0.01
9,46287,3771,1.0,4699,1416,44871,0.01
9,46296,3772,1.0,4700,1416,44880,0.01
9,46305,3773,1.0,4701,1416,44889,0.01
9,46314,3774,1.0,4702,1416,44898,0.01
9,46323,3775,1.0,4703,1416,44907,0.01
9,46332,3776,1.0,4704,1416,44916,0.01
9,46341,3777,1.0,4705,1416,44925,0.01
9,46350,3778,1.0,4706,1416,44934,0.01
9,46359,3779,1.0,4707,1416,44943,0.01
9,46368,3780,1.0,4708,1416,44952,0.01
9,46377,3781,1.0,4709,1416,44961,0.01
9,46386,3782,1.0,4710,1416,44970,0.01
14,46400,3783,1.0,4711,1418,44982,0.01
5,46405,3783,0.0,4712,1418,44987,0.01
9,46414,3784,1.0,4713,1418,44996,0.01
9,46423,3785,1.0,4714,1418,45005,0.01
9,46432,3786,1.0,4715,1418,45014,0.01
9,46441,3787,1.0,4716,1418,45023,0.01
9,46450,3788,1.0,4717,1418,45032,0.01
9,46459,3789,1.0,4718,1418,45041,0.01
9,46468,3790,1.0,4719,1418,45050,0.01
9,46477,3791,1.0,4720,1418,45059,0.01
9,46486,3792,1.0,4721,1418,45068,0.01
9,46495,3793,1.0,4722,1418,45077,0.01
9,46504,3794,1.0,4723,1418,45086,0.01
9,46513,3795,1.0,4724,1418,45095,0.01
9,46522,3796,1.0,4725,1418,45104,0.01
9,46531,3797,1.0,4726,1418,45113,0.01
9,46540,3798,1.0,4727,1418,45122,0.01
9,46549,3799,1.0,4728,1418,45131,0.01
9,46558,3800,1.0,4729,1418,45140,0.01
9,46567,3801,1.0,4730,1418,45149,0.01
9,46576,3802,1.0,4731,1418,45158,0.01
9,46585,3803,1.0,4732,1419,45166,0.01
9,46594,3804,1.0,4733,1419,45175,0.01
9,46603,3805,1.0,4734,1419,45184,0.01
9,46612,3806,1.0,4735,1419,45193,0.01
9,46621,3807,1.0,4736,1419,45202,0.01
9,46630,3808,1.0,4737,1419,45211,0.01
9,46639,3809,1.0,4738,1419,45220,0.01
9,46648,3810,1.0,4739,1419,45229,0.01
9,46657,3811,1.0,4740,1419,45238,0.01
9,46666,3812,1.0,4741,1419,45247,0.01
9,46675,3813,1.0,4742,1419,45256,0.01
9,46684,3814,1.0,4743,1419,45265,0.01
9,46693,3815,1.0,4744,1419,45274,0.01
9,46702,3816,1.0,4745,1419,45283,0.01
9,46711,3817,1.0,4746,1419,45292,0.01
5,46716,3817,0.0,4747,1420,45296,0.01
9,46725,3818,1.0,4748,1420,45305,0.01
9,46734,3819,1.0,4749,1420,45314,0.01
9,46743,3820,1.0,4750,1420,45323,0.01
9,46752,3821,1.0,4751,1420,45332,0.01
9,46761,3822,1.0,4752,1420,45341,0.01
9,46770,3823,1.0,4753,1420,45350,0.01
9,46779,3824,1.0,4754,1420,45359,0.01
9,46788,3825,1.0,4755,1421,45367,0.01
17,46805,3825,0.0,4756,1422,45383,0.01
15,46820,3825,0.0,4757,1422,45398,0.01
14,46834,3825,0.0,4758,1422,45412,0.01
14,46848,3826,1.0,4759,1422,45426,0.01
15,46863,3827,1.0,4760,1423,45440,0.01
14,46877,3828,1.0,4761,1423,45454,0.01
14,46891,3829,1.0,4762,1423,45468,0.01
11,46902,3829,0.0,4763,1424,45478,0.01
3,46905,3829,0.0,4764,1424,45481,0.01
14,46919,3830,1.0,4765,1424,45495,0.01
14,46933,3831,1.0,4766,1424,45509,0.01
14,46947,3832,1.0,4767,1424,45523,0.01
14,46961,3833,1.0,4768,1424,45537,0.01
14,46975,3834,1.0,4769,1424,45551,0.01
14,46989,3835,1.0,4770,1424,45565,0.01
14,47003,3836,1.0,4771,1424,45579,0.01
14,47017,3837,1.0,4772,1424,45593,0.01
14,47031,3838,1.0,4773,1424,45607,0.01
14,47045,3839,1.0,4774,1424,45621,0.01
14,47059,3840,1.0,4775,1424,45635,0.01
14,47073,3841,1.0,4776,1424,45649,0.01
14,47087,3842,1.0,4777,1424,45663,0.01
14,47101,3843,1.0,4778,1424,45677,0.01
14,47115,3844,1.0,4779,1424,45691,0.01
14,47129,3845,1.0,4780,1424,45705,0.01
14,47143,3846,1.0,4781,1424,45719,0.01
14,47157,3847,1.0,4782,1424,45733,0.01
14,47171,3848,1.0,4783,1424,45747,0.01
14,47185,3849,1.0,4784,1424,45761,0.01
14,47199,3850,1.0,4785,1424,45775,0.01
14,47213,3851,1.0,4786,1424,45789,0.01
14,47227,3852,1.0,4787,1424,45803,0.01
14,47241,3853,1.0,4788,1424,45817,0.01
14,47255,3854,1.0,4789,1424,45831,0.01
14,47269,3855,1.0,4790,1424,45845,0.01
14,47283,3856,1.0,4791,1424,45859,0.01
14,47297,3857,1.0,4792,1424,45873,0.01
14,47311,3858,1.0,4793,1424,45887,0.01
14,47325,3859,1.0,4794,1424,45901,0.01
14,47339,3860,1.0,4795,1424,45915,0.01
14,47353,3861,1.0,4796,1424,45929,0.01
14,47367,3862,1.0,4797,1424,45943,0.01
14,47381,3863,1.0,4798,1424,45957,0.01
14,47395,3864,1.0,4799,1424,45971,0.01
14,47409,3865,1.0,4800,1424,45985,0.01
14,47423,3866,1.0,4801,1424,45999,0.01
14,47437,3867,1.0,4802,1425,46012,0.01
14,47451,3868,1.0,4803,1425,46026,0.01
14,47465,3869,1.0,4804,1425,46040,0.01
14,47479,3870,1.0,4805,1425,46054,0.01
14,47493,3871,1.0,4806,1425,46068,0.01
14,47507,3872,1.0,4807,1425,46082,0.01
14,47521,3873,1.0,4808,1425,46096,0.01
14,47535,3874,1.0,4809,1425,46110,0.01
14,47549,3875,1.0,4810,1425,46124,0.01
14,47563,3876,1.0,4811,1425,46138,0.01
14,47577,3877,1.0,4812,1425,46152,0.01
14,47591,3878,1.0,4813,1425,46166,0.01
14,47605,3879,1.0,4814,1425,46180,0.01
14,47619,3880,1.0,4815,1425,46194,0.01
14,47633,3881,1.0,4816,1425,46208,0.01
14,47647,3882,1.0,4817,1425,46222,0.01
14,47661,3883,1.0,4818,1425,46236,0.01
42,47703,3883,0.0,4819,1426,46277,0.01
6,47709,3883,0.0,4820,1426,46283,0.01
14,47723,3884,1.0,4821,1427,46296,0.01
14,47737,3885,1.0,4822,1428,46309,0.01
14,47751,3886,1.0,4823,1428,46323,0.01
14,47765,3887,1.0,4824,1428,46337,0.01
14,47779,3888,1.0,4825,1428,46351,0.01
14,47793,3889,1.0,4826,1428,46365,0.01
14,47807,3890,1.0,4827,1428,46379,0.01
14,47821,3891,1.0,4828,1428,46393,0.01
14,47835,3892,1.0,4829,1428,46407,0.01
14,47849,3893,1.0,4830,1428,46421,0.01
14,47863,3894,1.0,4831,1428,46435,0.01
14,47877,3895,1.0,4832,1428,46449,0.01
14,47891,3896,1.0,4833,1428,46463,0.01
14,47905,3897,1.0,4834,1428,46477,0.01
14,47919,3898,1.0,4835,1428,46491,0.01
14,47933,3899,1.0,4836,1429,46504,0.01
25,47958,3900,1.0,4837,1430,46528,0.01
2,47960,3900,0.0,4838,1430,46530,0.01
8,47968,3900,0.0,4839,1430,46538,0.01
8,47976,3900,0.0,4840,1430,46546,0.01
17,47993,3900,0.0,4841,1430,46563,0.01
5,47998,3900,0.0,4842,1430,46568,0.01
5,48003,3900,0.0,4843,1430,46573,0.01
5,48008,3900,0.0,4844,1430,46578,0.01
12,48020,3900,0.0,4845,1430,46590,0.01
14,48034,3900,0.0,4846,1430,46604,0.01
6,48040,3901,1.0,4847,1431,46609,0.01
6,48046,3902,1.0,4848,1431,46615,0.01
6,48052,3903,1.0,4849,1431,46621,0.01
6,48058,3904,1.0,4850,1431,46627,0.01
6,48064,3905,1.0,4851,1431,46633,0.01
6,48070,3906,1.0,4852,1431,46639,0.01
6,48076,3907,1.0,4853,1431,46645,0.01
6,48082,3908,1.0,4854,1431,46651,0.01
6,48088,3909,1.0,4855,1431,46657,0.01
6,48094,3910,1.0,4856,1431,46663,0.01
6,48100,3911,1.0,4857,1431,46669,0.01
6,48106,3912,1.0,4858,1431,46675,0.01
6,48112,3913,1.0,4859,1431,46681,0.01
6,48118,3914,1.0,4860,1431,46687,0.01
6,48124,3915,1.0,4861,1431,46693,0.01
6,48130,3916,1.0,4862,1431,46699,0.01
6,48136,3917,1.0,4863,1431,46705,0.01
6,48142,3918,1.0,4864,1431,46711,0.01
6,48148,3919,1.0,4865,1431,46717,0.01
6,48154,3920,1.0,4866,1431,46723,0.01
6,48160,3921,1.0,4867,1431,46729,0.01
6,48166,3922,1.0,4868,1431,46735,0.01
6,48172,3923,1.0,4869,1431,46741,0.01
6,48178,3924,1.0,4870,1431,46747,0.01
6,48184,3925,1.0,4871,1431,46753,0.01
6,48190,3926,1.0,4872,1431,46759,0.01
6,48196,3927,1.0,4873,1431,46765,0.01
6,48202,3928,1.0,4874,1431,46771,0.01
6,48208,3929,1.0,4875,1431,46777,0.01
6,48214,3930,1.0,4876,1431,46783,0.01
6,48220,3931,1.0,4877,1431,46789,0.01
6,48226,3932,1.0,4878,1431,46795,0.01
6,48232,3933,1.0,4879,1431,46801,0.01
6,48238,3934,1.0,4880,1431,46807,0.01
6,48244,3935,1.0,4881,1431,46813,0.01
6,48250,3936,1.0,4882,1431,46819,0.01
2,48252,3936,0.0,4883,1432,46820,0.01
6,48258,3937,1.0,4884,1432,46826,0.01
6,48264,3938,1.0,4885,1432,46832,0.01
6,48270,3939,1.0,4886,1432,46838,0.01
6,48276,3940,1.0,4887,1432,46844,0.01
6,48282,3941,1.0,4888,1432,46850,0.01
6,48288,3942,1.0,4889,1432,46856,0.01
6,48294,3943,1.0,4890,1432,46862,0.01
6,48300,3944,1.0,4891,1432,46868,0.01
6,48306,3945,1.0,4892,1432,46874,0.01
6,48312,3946,1.0,4893,1432,46880,0.01
6,48318,3947,1.0,4894,1432,46886,0.01
6,48324,3948,1.0,4895,1432,46892,0.01
6,48330,3949,1.0,4896,1432,46898,0.01
6,48336,3950,1.0,4897,1432,46904,0.01
6,48342,3951,1.0,4898,1432,46910,0.01
6,48348,3952,1.0,4899,1432,46916,0.01
6,48354,3953,1.0,4900,1432,46922,0.01
6,48360,3954,1.0,4901,1432,46928,0.01
6,48366,3955,1.0,4902,1432,46934,0.01
6,48372,3956,1.0,4903,1432,46940,0.01
6,48378,3957,1.0,4904,1433,46945,0.01
6,48384,3958,1.0,4905,1433,46951,0.01
6,48390,3959,1.0,4906,1433,46957,0.01
6,48396,3960,1.0,4907,1433,46963,0.01
6,48402,3961,1.0,4908,1433,46969,0.01
6,48408,3962,1.0,4909,1433,46975,0.01
6,48414,3963,1.0,4910,1433,46981,0.01
6,48420,3964,1.0,4911,1433,46987,0.01
6,48426,3965,1.0,4912,1433,46993,0.01
6,48432,3966,1.0,4913,1433,46999,0.01
6,48438,3967,1.0,4914,1433,47005,0.01
6,48444,3968,1.0,4915,1433,47011,0.01
6,48450,3969,1.0,4916,1433,47017,0.01
6,48456,3970,1.0,4917,1433,47023,0.01
6,48462,3971,1.0,4918,1433,47029,0.01
6,48468,3972,1.0,4919,1433,47035,0.01
6,48474,3973,1.0,4920,1433,47041,0.01
6,48480,3974,1.0,4921,1433,47047,0.01
6,48486,3975,1.0,4922,1433,47053,0.01
6,48492,3976,1.0,4923,1433,47059,0.01
4,48496,3976,0.0,4924,1434,47062,0.01
6,48502,3977,1.0,4925,1434,47068,0.01
6,48508,3978,1.0,4926,1434,47074,0.01
6,48514,3979,1.0,4927,1434,47080,0.01
6,48520,3980,1.0,4928,1434,47086,0.01
6,48526,3981,1.0,4929,1434,47092,0.01
14,48540,3981,0.0,4930,1435,47105,0.01
14,48554,3981,0.0,4931,1435,47119,0.01
6,48560,3982,1.0,4932,1435,47125,0.01
6,48566,3983,1.0,4933,1435,47131,0.01
25,48591,3983,0.0,4934,1437,47154,0.01
6,48597,3984,1.0,4935,1437,47160,0.01
6,48603,3985,1.0,4936,1437,47166,0.01
6,48609,3986,1.0,4937,1437,47172,0.01
6,48615,3987,1.0,4938,1437,47178,0.01
6,48621,3988,1.0,4939,1437,47184,0.01
6,48627,3989,1.0,4940,1437,47190,0.01
6,48633,3990,1.0,4941,1437,47196,0.01
6,48639,3991,1.0,4942,1437,47202,0.01
6,48645,3992,1.0,4943,1437,47208,0.01
6,48651,3993,1.0,4944,1437,47214,0.01
6,48657,3994,1.0,4945,1437,47220,0.01
6,48663,3995,1.0,4946,1437,47226,0.01
6,48669,3996,1.0,4947,1437,47232,0.01
6,48675,3997,1.0,4948,1437,47238,0.01
6,48681,3998,1.0,4949,1437,47244,0.01
6,48687,3999,1.0,4950,1437,47250,0.01
6,48693,4000,1.0,4951,1437,47256,0.01
6,48699,4001,1.0,4952,1437,47262,0.01
6,48705,4002,1.0,4953,1437,47268,0.01
6,48711,4003,1.0,4954,1437,47274,0.01
6,48717,4004,1.0,4955,1437,47280,0.01
6,48723,4005,1.0,4956,1437,47286,0.01
6,48729,4006,1.0,4957,1437,47292,0.01
6,48735,4007,1.0,4958,1437,47298,0.01
6,48741,4008,1.0,4959,1437,47304,0.01
6,48747,4009,1.0,4960,1437,47310,0.01
6,48753,4010,1.0,4961,1437,47316,0.01
6,48759,4011,1.0,4962,1437,47322,0.01
6,48765,4012,1.0,4963,1437,47328,0.01
6,48771,4013,1.0,4964,1437,47334,0.01
6,48777,4014,1.0,4965,1437,47340,0.01
6,48783,4015,1.0,4966,1437,47346,0.01
6,48789,4016,1.0,4967,1438,47351,0.01
6,48795,4017,1.0,4968,1438,47357,0.01
6,48801,4018,1.0,4969,1438,47363,0.01
6,48807,4019,1.0,4970,1438,47369,0.01
6,48813,4020,1.0,4971,1438,47375,0.01
6,48819,4021,1.0,4972,1438,47381,0.01
6,48825,4022,1.0,4973,1438,47387,0.01
6,48831,4023,1.0,4974,1438,47393,0.01
6,48837,4024,1.0,4975,1438,47399,0.01
6,48843,4025,1.0,4976,1438,47405,0.01
6,48849,4026,1.0,4977,1438,47411,0.01
6,48855,4027,1.0,4978,1438,47417,0.01
6,48861,4028,1.0,4979,1438,47423,0.01
6,48867,4029,1.0,4980,1438,47429,0.01
6,48873,4030,1.0,4981,1438,47435,0.01
6,48879,4031,1.0,4982,1438,47441,0.01
6,48885,4032,1.0,4983,1438,47447,0.01
6,48891,4033,1.0,4984,1438,47453,0.01
6,48897,4034,1.0,4985,1438,47459,0.01
6,48903,4035,1.0,4986,1438,47465,0.01
19,48922,4035,0.0,4987,1439,47483,0.01
6,48928,4036,1.0,4988,1439,47489,0.01
6,48934,4037,1.0,4989,1439,47495,0.01
6,48940,4038,1.0,4990,1439,47501,0.01
6,48946,4039,1.0,4991,1439,47507,0.01
6,48952,4040,1.0,4992,1439,47513,0.01
6,48958,4041,1.0,4993,1439,47519,0.01
6,48964,4042,1.0,4994,1440,47524,0.01
6,48970,4043,1.0,4995,1440,47530,0.01
6,48976,4044,1.0,4996,1440,47536,0.01
6,48982,4045,1.0,4997,1440,47542,0.01
6,48988,4046,1.0,4998,1440,47548,0.01
6,48994,4047,1.0,4999,1440,47554,0.01
6,49000,4048,1.0,5000,1440,47560,0.01
6,49006,4049,1.0,5001,1440,47566,0.01
6,49012,4050,1.0,5002,1440,47572,0.01
6,49018,4051,1.0,5003,1440,47578,0.01
6,49024,4052,1.0,5004,1440,47584,0.01
6,49030,4053,1.0,5005,1440,47590,0.01
6,49036,4054,1.0,5006,1440,47596,0.01
6,49042,4055,1.0,5007,1440,47602,0.01
6,49048,4056,1.0,5008,1440,47608,0.01
6,49054,4057,1.0,5009,1440,47614,0.01
6,49060,4058,1.0,5010,1440,47620,0.01
6,49066,4059,1.0,5011,1440,47626,0.01
6,49072,4060,1.0,5012,1440,47632,0.01
6,49078,4061,1.0,5013,1440,47638,0.01
6,49084,4062,1.0,5014,1440,47644,0.01
6,49090,4063,1.0,5015,1440,47650,0.01
6,49096,4064,1.0,5016,1440,47656,0.01
6,49102,4065,1.0,5017,1440,47662,0.01
6,49108,4066,1.0,5018,1440,47668,0.01
6,49114,4067,1.0,5019,1440,47674,0.01
6,49120,4068,1.0,5020,1440,47680,0.01
6,49126,4069,1.0,5021,1440,47686,0.01
6,49132,4070,1.0,5022,1440,47692,0.01
6,49138,4071,1.0,5023,1440,47698,0.01
6,49144,4072,1.0,5024,1440,47704,0.01
6,49150,4073,1.0,5025,1440,47710,0.01
6,49156,4074,1.0,5026,1440,47716,0.01
6,49162,4075,1.0,5027,1440,47722,0.01
6,49168,4076,1.0,5028,1440,47728,0.01
6,49174,4077,1.0,5029,1440,47734,0.01
6,49180,4078,1.0,5030,1440,47740,0.01
6,49186,4079,1.0,5031,1440,47746,0.01
6,49192,4080,1.0,5032,1440,47752,0.01
6,49198,4081,1.0,5033,1440,47758,0.01
6,49204,4082,1.0,5034,1440,47764,0.01
6,49210,4083,1.0,5035,1440,47770,0.01
6,49216,4084,1.0,5036,1440,47776,0.01
6,49222,4085,1.0,5037,1440,47782,0.01
6,49228,4086,1.0,5038,1440,47788,0.01
6,49234,4087,1.0,5039,1440,47794,0.01
6,49240,4088,1.0,5040,1440,47800,0.01
6,49246,4089,1.0,5041,1440,47806,0.01
6,49252,4090,1.0,5042,1440,47812,0.01
6,49258,4091,1.0,5043,1440,47818,0.01
6,49264,4092,1.0,5044,1440,47824,0.01
6,49270,4093,1.0,5045,1440,47830,0.01
6,49276,4094,1.0,5046,1440,47836,0.01
6,49282,4095,1.0,5047,1440,47842,0.01
6,49288,4096,1.0,5048,1440,47848,0.01
6,49294,4097,1.0,5049,1440,47854,0.01
6,49300,4098,1.0,5050,1440,47860,0.01
6,49306,4099,1.0,5051,1440,47866,0.01
6,49312,4100,1.0,5052,1440,47872,0.01
6,49318,4101,1.0,5053,1440,47878,0.01
6,49324,4102,1.0,5054,1440,47884,0.01
6,49330,4103,1.0,5055,1441,47889,0.01
6,49336,4104,1.0,5056,1441,47895,0.01
6,49342,4105,1.0,5057,1441,47901,0.01
19,49361,4105,0.0,5058,1442,47919,0.01
6,49367,4106,1.0,5059,1442,47925,0.01
6,49373,4107,1.0,5060,1442,47931,0.01
6,49379,4108,1.0,5061,1442,47937,0.01
6,49385,4109,1.0,5062,1442,47943,0.01
6,49391,4110,1.0,5063,1443,47948,0.01
6,49397,4111,1.0,5064,1443,47954,0.01
6,49403,4112,1.0,5065,1443,47960,0.01
6,49409,4113,1.0,5066,1443,47966,0.01
6,49415,4114,1.0,5067,1443,47972,0.01
6,49421,4115,1.0,5068,1443,47978,0.01
6,49427,4116,1.0,5069,1443,47984,0.01
6,49433,4117,1.0,5070,1443,47990,0.01
6,49439,4118,1.0,5071,1443,47996,0.01
6,49445,4119,1.0,5072,1443,48002,0.01
6,49451,4120,1.0,5073,1443,48008,0.01
6,49457,4121,1.0,5074,1443,48014,0.01
6,49463,4122,1.0,5075,1443,48020,0.01
6,49469,4123,1.0,5076,1443,48026,0.01
6,49475,4124,1.0,5077,1443,48032,0.01
6,49481,4125,1.0,5078,1443,48038,0.01
6,49487,4126,1.0,5079,1443,48044,0.01
6,49493,4127,1.0,5080,1443,48050,0.01
6,49499,4128,1.0,5081,1443,48056,0.01
6,49505,4129,1.0,5082,1443,48062,0.01
6,49511,4130,1.0,5083,1443,48068,0.01
6,49517,4131,1.0,5084,1443,48074,0.01
6,49523,4132,1.0,5085,1443,48080,0.01
6,49529,4133,1.0,5086,1443,48086,0.01
6,49535,4134,1.0,5087,1443,48092,0.01
6,49541,4135,1.0,5088,1443,48098,0.01
6,49547,4136,1.0,5089,1443,48104,0.01
6,49553,4137,1.0,5090,1443,48110,0.01
6,49559,4138,1.0,5091,1443,48116,0.01
6,49565,4139,1.0,5092,1443,48122,0.01
6,49571,4140,1.0,5093,1443,48128,0.01
6,49577,4141,1.0,5094,1443,48134,0.01
6,49583,4142,1.0,5095,1443,48140,0.01
6,49589,4143,1.0,5096,1443,48146,0.01
6,49595,4144,1.0,5097,1443,48152,0.01
6,49601,4145,1.0,5098,1444,48157,0.01
6,49607,4146,1.0,5099,1444,48163,0.01
6,49613,4147,1.0,5100,1444,48169,0.01
6,49619,4148,1.0,5101,1444,48175,0.01
6,49625,4149,1.0,5102,1444,48181,0.01
6,49631,4150,1.0,5103,1444,48187,0.01
6,49637,4151,1.0,5104,1444,48193,0.01
6,49643,4152,1.0,5105,1444,48199,0.01
6,49649,4153,1.0,5106,1444,48205,0.01
6,49655,4154,1.0,5107,1444,48211,0.01
6,49661,4155,1.0,5108,1444,48217,0.01
6,49667,4156,1.0,5109,1444,48223,0.01
6,49673,4157,1.0,5110,1444,48229,0.01
6,49679,4158,1.0,5111,1444,48235,0.01
6,49685,4159,1.0,5112,1444,48241,0.01
4,49689,4159,0.0,5113,1445,48244,0.01
6,49695,4160,1.0,5114,1445,48250,0.01
6,49701,4161,1.0,5115,1445,48256,0.01
6,49707,4162,1.0,5116,1445,48262,0.01
6,49713,4163,1.0,5117,1445,48268,0.01
6,49719,4164,1.0,5118,1445,48274,0.01
6,49725,4165,1.0,5119,1445,48280,0.01
6,49731,4166,1.0,5120,1446,48285,0.01
6,49737,4167,1.0,5121,1446,48291,0.01
6,49743,4168,1.0,5122,1446,48297,0.01
6,49749,4169,1.0,5123,1446,48303,0.01
6,49755,4170,1.0,5124,1446,48309,0.01
6,49761,4171,1.0,5125,1446,48315,0.01
6,49767,4172,1.0,5126,1446,48321,0.01
6,49773,4173,1.0,5127,1446,48327,0.01
6,49779,4174,1.0,5128,1446,48333,0.01
6,49785,4175,1.0,5129,1446,48339,0.01
6,49791,4176,1.0,5130,1446,48345,0.01
6,49797,4177,1.0,5131,1446,48351,0.01
6,49803,4178,1.0,5132,1446,48357,0.01
6,49809,4179,1.0,5133,1446,48363,0.01
6,49815,4180,1.0,5134,1446,48369,0.01
6,49821,4181,1.0,5135,1446,48375,0.01
6,49827,4182,1.0,5136,1446,48381,0.01
6,49833,4183,1.0,5137,1446,48387,0.01
6,49839,4184,1.0,5138,1446,48393,0.01
6,49845,4185,1.0,5139,1446,48399,0.01
6,49851,4186,1.0,5140,1446,48405,0.01
6,49857,4187,1.0,5141,1446,48411,0.01
6,49863,4188,1.0,5142,1446,48417,0.01
6,49869,4189,1.0,5143,1446,48423,0.01
6,49875,4190,1.0,5144,1446,48429,0.01
6,49881,4191,1.0,5145,1446,48435,0.01
6,49887,4192,1.0,5146,1446,48441,0.01
6,49893,4193,1.0,5147,1446,48447,0.01
6,49899,4194,1.0,5148,1446,48453,0.01
6,49905,4195,1.0,5149,1446,48459,0.01
6,49911,4196,1.0,5150,1446,48465,0.01
6,49917,4197,1.0,5151,1446,48471,0.01
6,49923,4198,1.0,5152,1446,48477,0.01
6,49929,4199,1.0,5153,1446,48483,0.01
6,49935,4200,1.0,5154,1446,48489,0.01
6,49941,4201,1.0,5155,1446,48495,0.01
6,49947,4202,1.0,5156,1446,48501,0.01
6,49953,4203,1.0,5157,1446,48507,0.01
6,49959,4204,1.0,5158,1446,48513,0.01
6,49965,4205,1.0,5159,1446,48519,0.01
6,49971,4206,1.0,5160,1446,48525,0.01
6,49977,4207,1.0,5161,1446,48531,0.01
6,49983,4208,1.0,5162,1446,48537,0.01
6,49989,4209,1.0,5163,1446,48543,0.01
6,49995,4210,1.0,5164,1446,48549,0.01
10,50005,4211,1.0,5165,1447,48558,0.01
6,50011,4212,1.0,5166,1447,48564,0.01
6,50017,4213,1.0,5167,1447,48570,0.01
6,50023,4214,1.0,5168,1447,48576,0.01
6,50029,4215,1.0,5169,1447,48582,0.01
6,50035,4216,1.0,5170,1447,48588,0.01
6,50041,4217,1.0,5171,1447,48594,0.01
6,50047,4218,1.0,5172,1447,48600,0.01
6,50053,4219,1.0,5173,1447,48606,0.01
6,50059,4220,1.0,5174,1447,48612,0.01
6,50065,4221,1.0,5175,1447,48618,0.01
6,50071,4222,1.0,5176,1447,48624,0.01
6,50077,4223,1.0,5177,1447,48630,0.01
6,50083,4224,1.0,5178,1447,48636,0.01
6,50089,4225,1.0,5179,1447,48642,0.01
6,50095,4226,1.0,5180,1447,48648,0.01
6,50101,4227,1.0,5181,1447,48654,0.01
6,50107,4228,1.0,5182,1447,48660,0.01
6,50113,4229,1.0,5183,1447,48666,0.01
6,50119,4230,1.0,5184,1447,48672,0.01
6,50125,4231,1.0,5185,1447,48678,0.01
6,50131,4232,1.0,5186,1447,48684,0.01
6,50137,4233,1.0,5187,1447,48690,0.01
6,50143,4234,1.0,5188,1447,48696,0.01
6,50149,4235,1.0,5189,1447,48702,0.01
6,50155,4236,1.0,5190,1447,48708,0.01
6,50161,4237,1.0,5191,1447,48714,0.01
6,50167,4238,1.0,5192,1447,48720,0.01
6,50173,4239,1.0,5193,1447,48726,0.01
6,50179,4240,1.0,5194,1447,48732,0.01
6,50185,4241,1.0,5195,1447,48738,0.01
6,50191,4242,1.0,5196,1447,48744,0.01
6,50197,4243,1.0,5197,1447,48750,0.01
6,50203,4244,1.0,5198,1447,48756,0.01
6,50209,4245,1.0,5199,1447,48762,0.01
6,50215,4246,1.0,5200,1447,48768,0.01
6,50221,4247,1.0,5201,1447,48774,0.01
6,50227,4248,1.0,5202,1447,48780,0.01
6,50233,4249,1.0,5203,1447,48786,0.01
6,50239,4250,1.0,5204,1447,48792,0.01
6,50245,4251,1.0,5205,1447,48798,0.01
6,50251,4252,1.0,5206,1447,48804,0.01
6,50257,4253,1.0,5207,1447,48810,0.01
6,50263,4254,1.0,5208,1447,48816,0.01
6,50269,4255,1.0,5209,1447,48822,0.01
6,50275,4256,1.0,5210,1447,48828,0.01
6,50281,4257,1.0,5211,1447,48834,0.01
6,50287,4258,1.0,5212,1447,48840,0.01
6,50293,4259,1.0,5213,1447,48846,0.01
6,50299,4260,1.0,5214,1447,48852,0.01
9,50308,4260,0.0,5215,1448,48860,0.01
9,50317,4260,0.0,5216,1448,48869,0.01
9,50326,4261,1.0,5217,1448,48878,0.01
19,50345,4261,0.0,5218,1449,48896,0.01
14,50359,4261,0.0,5219,1449,48910,0.01
25,50384,4261,0.0,5220,1450,48934,0.01
25,50409,4261,0.0,5221,1450,48959,0.01
9,50418,4261,0.0,5222,1450,48968,0.01
42,50460,4261,0.0,5223,1450,49010,0.01
24,50484,4261,0.0,5224,1450,49034,0.01
25,50509,4261,0.0,5225,1450,49059,0.01
14,50523,4261,0.0,5226,1451,49072,0.01
3,50526,4261,0.0,5227,1451,49075,0.01
25,50551,4261,0.0,5228,1451,49100,0.01
8,50559,4261,0.0,5229,1451,49108,0.01
8,50567,4261,0.0,5230,1451,49116,0.01
13,50580,4261,0.0,5231,1451,49129,0.01
26,50606,4262,1.0,5232,1451,49155,0.01
5,50611,4262,0.0,5233,1451,49160,0.01
16,50627,4262,0.0,5234,1451,49176,0.01
5,50632,4262,0.0,5235,1451,49181,0.01
5,50637,4262,0.0,5236,1451,49186,0.01
7,50644,4262,0.0,5237,1451,49193,0.01
26,50670,4263,1.0,5238,1451,49219,0.01
19,50689,4263,0.0,5239,1451,49238,0.01
22,50711,4263,0.0,5240,1451,49260,0.01
4,50715,4263,0.0,5241,1451,49264,0.01
19,50734,4263,0.0,5242,1451,49283,0.01
13,50747,4263,0.0,5243,1451,49296,0.01
19,50766,4263,0.0,5244,1451,49315,0.01
41,50807,4263,0.0,5245,1451,49356,0.01
14,50821,4264,1.0,5246,1453,49368,0.01
9,50830,4264,0.0,5247,1453,49377,0.01
7,50837,4264,0.0,5248,1453,49384,0.01
9,50846,4264,0.0,5249,1453,49393,0.01
7,50853,4264,0.0,5250,1453,49400,0.01
34,50887,4264,0.0,5251,1454,49433,0.01
13,50900,4264,0.0,5252,1454,49446,0.01
9,50909,4264,0.0,5253,1454,49455,0.01
7,50916,4264,0.0,5254,1454,49462,0.01
25,50941,4265,1.0,5255,1454,49487,0.01
13,50954,4266,1.0,5256,1454,49500,0.01
13,50967,4267,1.0,5257,1454,49513,0.01
13,50980,4268,1.0,5258,1454,49526,0.01
13,50993,4269,1.0,5259,1454,49539,0.01
13,51006,4270,1.0,5260,1454,49552,0.01
13,51019,4271,1.0,5261,1454,49565,0.01
13,51032,4272,1.0,5262,1454,49578,0.01
13,51045,4273,1.0,5263,1454,49591,0.01
13,51058,4274,1.0,5264,1454,49604,0.01
13,51071,4275,1.0,5265,1454,49617,0.01
13,51084,4276,1.0,5266,1454,49630,0.01
13,51097,4277,1.0,5267,1454,49643,0.01
13,51110,4278,1.0,5268,1454,49656,0.01
13,51123,4279,1.0,5269,1454,49669,0.01
13,51136,4280,1.0,5270,1454,49682,0.01
7,51143,4280,0.0,5271,1455,49688,0.01
43,51186,4280,0.0,5272,1455,49731,0.01
7,51193,4280,0.0,5273,1455,49738,0.01
43,51236,4280,0.0,5274,1456,49780,0.01
7,51243,4280,0.0,5275,1456,49787,0.01
42,51285,4280,0.0,5276,1456,49829,0.01
36,51321,4280,0.0,5277,1456,49865,0.01
9,51330,4280,0.0,5278,1456,49874,0.01
9,51339,4280,0.0,5279,1456,49883,0.01
9,51348,4280,0.0,5280,1456,49892,0.01
9,51357,4280,0.0,5281,1457,49900,0.01
12,51369,4280,0.0,5282,1458,49911,0.01
9,51378,4280,0.0,5283,1458,49920,0.01
28,51406,4280,0.0,5284,1458,49948,0.01
25,51431,4280,0.0,5285,1458,49973,0.01
22,51453,4280,0.0,5286,1459,49994,0.01
19,51472,4280,0.0,5287,1459,50013,0.01
14,51486,4280,0.0,5288,1459,50027,0.01
5,51491,4280,0.0,5289,1459,50032,0.01
3,51494,4280,0.0,5290,1459,50035,0.01
4,51498,4280,0.0,5291,1459,50039,0.01
23,51521,4280,0.0,5292,1459,50062,0.01
8,51529,4280,0.0,5293,1459,50070,0.01
8,51537,4280,0.0,5294,1459,50078,0.01
8,51545,4280,0.0,5295,1459,50086,0.01
14,51559,4280,0.0,5296,1459,50100,0.01
6,51565,4280,0.0,5297,1459,50106,0.01
7,51572,4280,0.0,5298,1459,50113,0.01
14,51586,4280,0.0,5299,1460,50126,0.01
25,51611,4281,1.0,5300,1460,50151,0.01
7,51618,4281,0.0,5301,1460,50158,0.01
9,51627,4282,1.0,5302,1460,50167,0.01
9,51636,4283,1.0,5303,1460,50176,0.01
9,51645,4284,1.0,5304,1460,50185,0.01
9,51654,4285,1.0,5305,1460,50194,0.01
9,51663,4286,1.0,5306,1460,50203,0.01
9,51672,4287,1.0,5307,1460,50212,0.01
9,51681,4288,1.0,5308,1460,50221,0.01
9,51690,4289,1.0,5309,1461,50229,0.01
9,51699,4290,1.0,5310,1461,50238,0.01
9,51708,4291,1.0,5311,1461,50247,0.01
9,51717,4292,1.0,5312,1461,50256,0.01
9,51726,4293,1.0,5313,1461,50265,0.01
9,51735,4294,1.0,5314,1461,50274,0.01
2,51737,4294,0.0,5315,1462,50275,0.01
9,51746,4295,1.0,5316,1462,50284,0.01
9,51755,4296,1.0,5317,1462,50293,0.01
9,51764,4297,1.0,5318,1462,50302,0.01
9,51773,4298,1.0,5319,1462,50311,0.01
9,51782,4299,1.0,5320,1462,50320,0.01
9,51791,4300,1.0,5321,1462,50329,0.01
9,51800,4301,1.0,5322,1462,50338,0.01
9,51809,4302,1.0,5323,1462,50347,0.01
9,51818,4303,1.0,5324,1462,50356,0.01
9,51827,4304,1.0,5325,1462,50365,0.01
9,51836,4305,1.0,5326,1462,50374,0.01
9,51845,4306,1.0,5327,1462,50383,0.01
9,51854,4307,1.0,5328,1462,50392,0.01
9,51863,4308,1.0,5329,1462,50401,0.01
9,51872,4309,1.0,5330,1462,50410,0.01
9,51881,4310,1.0,5331,1462,50419,0.01
9,51890,4311,1.0,5332,1462,50428,0.01
9,51899,4312,1.0,5333,1462,50437,0.01
9,51908,4313,1.0,5334,1462,50446,0.01
9,51917,4314,1.0,5335,1462,50455,0.01
9,51926,4315,1.0,5336,1462,50464,0.01
9,51935,4316,1.0,5337,1462,50473,0.01
9,51944,4317,1.0,5338,1462,50482,0.01
9,51953,4318,1.0,5339,1462,50491,0.01
9,51962,4319,1.0,5340,1462,50500,0.01
9,51971,4320,1.0,5341,1462,50509,0.01
9,51980,4321,1.0,5342,1462,50518,0.01
9,51989,4322,1.0,5343,1462,50527,0.01
9,51998,4323,1.0,5344,1462,50536,0.01
9,52007,4324,1.0,5345,1462,50545,0.01
9,52016,4325,1.0,5346,1462,50554,0.01
9,52025,4326,1.0,5347,1462,50563,0.01
9,52034,4327,1.0,5348,1462,50572,0.01
9,52043,4328,1.0,5349,1462,50581,0.01
9,52052,4329,1.0,5350,1462,50590,0.01
9,52061,4330,1.0,5351,1462,50599,0.01
9,52070,4331,1.0,5352,1462,50608,0.01
9,52079,4332,1.0,5353,1462,50617,0.01
9,52088,4333,1.0,5354,1462,50626,0.01
25,52113,4333,0.0,5355,1463,50650,0.01
9,52122,4334,1.0,5356,1463,50659,0.01
9,52131,4335,1.0,5357,1463,50668,0.01
9,52140,4336,1.0,5358,1463,50677,0.01
9,52149,4337,1.0,5359,1463,50686,0.01
9,52158,4338,1.0,5360,1463,50695,0.01
9,52167,4339,1.0,5361,1463,50704,0.01
9,52176,4340,1.0,5362,1463,50713,0.01
9,52185,4341,1.0,5363,1463,50722,0.01
9,52194,4342,1.0,5364,1463,50731,0.01
9,52203,4343,1.0,5365,1463,50740,0.01
9,52212,4344,1.0,5366,1463,50749,0.01
9,52221,4345,1.0,5367,1463,50758,0.01
9,52230,4346,1.0,5368,1463,50767,0.01
9,52239,4347,1.0,5369,1463,50776,0.01
9,52248,4348,1.0,5370,1463,50785,0.01
9,52257,4349,1.0,5371,1463,50794,0.01
9,52266,4350,1.0,5372,1463,50803,0.01
9,52275,4351,1.0,5373,1463,50812,0.01
9,52284,4352,1.0,5374,1463,50821,0.01
9,52293,4353,1.0,5375,1463,50830,0.01
9,52302,4354,1.0,5376,1463,50839,0.01
9,52311,4355,1.0,5377,1463,50848,0.01
9,52320,4356,1.0,5378,1463,50857,0.01
9,52329,4357,1.0,5379,1463,50866,0.01
9,52338,4358,1.0,5380,1463,50875,0.01
9,52347,4359,1.0,5381,1463,50884,0.01
9,52356,4360,1.0,5382,1463,50893,0.01
9,52365,4361,1.0,5383,1463,50902,0.01
9,52374,4362,1.0,5384,1463,50911,0.01
9,52383,4363,1.0,5385,1463,50920,0.01
9,52392,4363,0.0,5386,1464,50928,0.01
9,52401,4363,0.0,5387,1465,50936,0.01
9,52410,4363,0.0,5388,1465,50945,0.01
13,52423,4363,0.0,5389,1465,50958,0.01
25,52448,4363,0.0,5390,1465,50983,0.01
25,52473,4363,0.0,5391,1465,51008,0.01
9,52482,4364,1.0,5392,1465,51017,0.01
9,52491,4365,1.0,5393,1465,51026,0.01
9,52500,4366,1.0,5394,1465,51035,0.01
9,52509,4367,1.0,5395,1465,51044,0.01
9,52518,4368,1.0,5396,1465,51053,0.01
9,52527,4369,1.0,5397,1465,51062,0.01
9,52536,4370,1.0,5398,1465,51071,0.01
13,52549,4370,0.0,5399,1466,51083,0.01
14,52563,4371,1.0,5400,1467,51096,0.01
9,52572,4372,1.0,5401,1467,51105,0.01
9,52581,4373,1.0,5402,1467,51114,0.01
9,52590,4374,1.0,5403,1467,51123,0.01
9,52599,4375,1.0,5404,1467,51132,0.01
9,52608,4376,1.0,5405,1467,51141,0.01
9,52617,4377,1.0,5406,1467,51150,0.01
9,52626,4378,1.0,5407,1467,51159,0.01
9,52635,4379,1.0,5408,1467,51168,0.01
9,52644,4380,1.0,5409,1467,51177,0.01
8,52652,4380,0.0,5410,1468,51184,0.01
9,52661,4381,1.0,5411,1468,51193,0.01
9,52670,4382,1.0,5412,1468,51202,0.01
9,52679,4383,1.0,5413,1468,51211,0.01
9,52688,4384,1.0,5414,1468,51220,0.01
9,52697,4385,1.0,5415,1468,51229,0.01
9,52706,4386,1.0,5416,1468,51238,0.01
9,52715,4387,1.0,5417,1469,51246,0.01
9,52724,4388,1.0,5418,1469,51255,0.01
9,52733,4389,1.0,5419,1470,51263,0.01
9,52742,4390,1.0,5420,1470,51272,0.01
9,52751,4391,1.0,5421,1470,51281,0.01
9,52760,4392,1.0,5422,1470,51290,0.01
9,52769,4393,1.0,5423,1470,51299,0.01
9,52778,4394,1.0,5424,1470,51308,0.01
9,52787,4395,1.0,5425,1470,51317,0.01
9,52796,4396,1.0,5426,1470,51326,0.01
9,52805,4397,1.0,5427,1470,51335,0.01
9,52814,4398,1.0,5428,1470,51344,0.01
9,52823,4399,1.0,5429,1470,51353,0.01
9,52832,4400,1.0,5430,1470,51362,0.01
9,52841,4401,1.0,5431,1470,51371,0.01
9,52850,4402,1.0,5432,1470,51380,0.01
25,52875,4402,0.0,5433,1471,51404,0.01
9,52884,4403,1.0,5434,1471,51413,0.01
9,52893,4404,1.0,5435,1471,51422,0.01
9,52902,4405,1.0,5436,1471,51431,0.01
9,52911,4406,1.0,5437,1471,51440,0.01
9,52920,4406,0.0,5438,1472,51448,0.01
9,52929,4407,1.0,5439,1472,51457,0.01
9,52938,4408,1.0,5440,1472,51466,0.01
9,52947,4409,1.0,5441,1472,51475,0.01
9,52956,4410,1.0,5442,1472,51484,0.01
9,52965,4411,1.0,5443,1472,51493,0.01
9,52974,4412,1.0,5444,1472,51502,0.01
9,52983,4413,1.0,5445,1472,51511,0.01
9,52992,4414,1.0,5446,1472,51520,0.01
9,53001,4415,1.0,5447,1472,51529,0.01
9,53010,4416,1.0,5448,1472,51538,0.01
9,53019,4417,1.0,5449,1472,51547,0.01
9,53028,4418,1.0,5450,1472,51556,0.01
9,53037,4419,1.0,5451,1472,51565,0.01
9,53046,4420,1.0,5452,1472,51574,0.01
9,53055,4421,1.0,5453,1472,51583,0.01
9,53064,4422,1.0,5454,1472,51592,0.01
9,53073,4423,1.0,5455,1472,51601,0.01
9,53082,4424,1.0,5456,1472,51610,0.01
9,53091,4425,1.0,5457,1472,51619,0.01
9,53100,4426,1.0,5458,1472,51628,0.01
9,53109,4427,1.0,5459,1472,51637,0.01
9,53118,4428,1.0,5460,1472,51646,0.01
9,53127,4429,1.0,5461,1472,51655,0.01
9,53136,4430,1.0,5462,1472,51664,0.01
9,53145,4431,1.0,5463,1472,51673,0.01
9,53154,4432,1.0,5464,1472,51682,0.01
9,53163,4433,1.0,5465,1472,51691,0.01
6,53169,4434,1.0,5466,1473,51696,0.01
9,53178,4434,0.0,5467,1473,51705,0.01
9,53187,4435,1.0,5468,1473,51714,0.01
9,53196,4436,1.0,5469,1473,51723,0.01
9,53205,4437,1.0,5470,1473,51732,0.01
9,53214,4438,1.0,5471,1473,51741,0.01
9,53223,4439,1.0,5472,1473,51750,0.01
9,53232,4440,1.0,5473,1473,51759,0.01
9,53241,4441,1.0,5474,1473,51768,0.01
9,53250,4442,1.0,5475,1473,51777,0.01
9,53259,4443,1.0,5476,1473,51786,0.01
9,53268,4444,1.0,5477,1473,51795,0.01
9,53277,4445,1.0,5478,1473,51804,0.01
9,53286,4446,1.0,5479,1473,51813,0.01
9,53295,4447,1.0,5480,1473,51822,0.01
9,53304,4448,1.0,5481,1473,51831,0.01
9,53313,4449,1.0,5482,1473,51840,0.01
9,53322,4450,1.0,5483,1473,51849,0.01
9,53331,4451,1.0,5484,1473,51858,0.01
25,53356,4451,0.0,5485,1474,51882,0.01
28,53384,4451,0.0,5486,1474,51910,0.01
9,53393,4452,1.0,5487,1474,51919,0.01
9,53402,4453,1.0,5488,1474,51928,0.01
9,53411,4454,1.0,5489,1474,51937,0.01
3,53414,4454,0.0,5490,1475,51939,0.01
9,53423,4455,1.0,5491,1475,51948,0.01
9,53432,4456,1.0,5492,1475,51957,0.01
14,53446,4456,0.0,5493,1476,51970,0.01
10,53456,4457,1.0,5494,1477,51979,0.01
6,53462,4458,1.0,5495,1477,51985,0.01
6,53468,4459,1.0,5496,1477,51991,0.01
32,53500,4459,0.0,5497,1479,52021,0.01
28,53528,4459,0.0,5498,1479,52049,0.01
6,53534,4460,1.0,5499,1479,52055,0.01
6,53540,4461,1.0,5500,1479,52061,0.01
6,53546,4462,1.0,5501,1479,52067,0.01
6,53552,4463,1.0,5502,1479,52073,0.01
6,53558,4464,1.0,5503,1480,52078,0.01
6,53564,4465,1.0,5504,1480,52084,0.01
6,53570,4466,1.0,5505,1480,52090,0.01
6,53576,4467,1.0,5506,1480,52096,0.01
6,53582,4468,1.0,5507,1480,52102,0.01
6,53588,4469,1.0,5508,1480,52108,0.01
6,53594,4470,1.0,5509,1480,52114,0.01
6,53600,4471,1.0,5510,1480,52120,0.01
6,53606,4472,1.0,5511,1481,52125,0.01
6,53612,4473,1.0,5512,1481,52131,0.01
6,53618,4474,1.0,5513,1481,52137,0.01
6,53624,4475,1.0,5514,1481,52143,0.01
6,53630,4476,1.0,5515,1481,52149,0.01
6,53636,4477,1.0,5516,1481,52155,0.01
6,53642,4478,1.0,5517,1481,52161,0.01
6,53648,4479,1.0,5518,1481,52167,0.01
6,53654,4480,1.0,5519,1481,52173,0.01
6,53660,4481,1.0,5520,1481,52179,0.01
6,53666,4482,1.0,5521,1481,52185,0.01
6,53672,4483,1.0,5522,1481,52191,0.01
6,53678,4484,1.0,5523,1481,52197,0.01
6,53684,4485,1.0,5524,1481,52203,0.01
6,53690,4486,1.0,5525,1481,52209,0.01
6,53696,4487,1.0,5526,1481,52215,0.01
6,53702,4488,1.0,5527,1481,52221,0.01
6,53708,4489,1.0,5528,1481,52227,0.01
6,53714,4490,1.0,5529,1481,52233,0.01
6,53720,4491,1.0,5530,1481,52239,0.01
6,53726,4492,1.0,5531,1481,52245,0.01
6,53732,4493,1.0,5532,1481,52251,0.01
6,53738,4494,1.0,5533,1481,52257,0.01
6,53744,4495,1.0,5534,1481,52263,0.01
6,53750,4496,1.0,5535,1481,52269,0.01
6,53756,4497,1.0,5536,1481,52275,0.01
6,53762,4498,1.0,5537,1481,52281,0.01
6,53768,4499,1.0,5538,1481,52287,0.01
6,53774,4500,1.0,5539,1481,52293,0.01
6,53780,4501,1.0,5540,1481,52299,0.01
6,53786,4502,1.0,5541,1481,52305,0.01
6,53792,4503,1.0,5542,1481,52311,0.01
25,53817,4503,0.0,5543,1483,52334,0.01
6,53823,4504,1.0,5544,1483,52340,0.01
6,53829,4505,1.0,5545,1483,52346,0.01
6,53835,4506,1.0,5546,1483,52352,0.01
6,53841,4507,1.0,5547,1483,52358,0.01
6,53847,4508,1.0,5548,1483,52364,0.01
6,53853,4509,1.0,5549,1483,52370,0.01
6,53859,4510,1.0,5550,1483,52376,0.01
6,53865,4511,1.0,5551,1483,52382,0.01
6,53871,4512,1.0,5552,1483,52388,0.01
6,53877,4513,1.0,5553,1483,52394,0.01
6,53883,4514,1.0,5554,1483,52400,0.01
6,53889,4515,1.0,5555,1483,52406,0.01
6,53895,4516,1.0,5556,1483,52412,0.01
6,53901,4517,1.0,5557,1483,52418,0.01
6,53907,4518,1.0,5558,1483,52424,0.01
6,53913,4519,1.0,5559,1483,52430,0.01
6,53919,4520,1.0,5560,1483,52436,0.01
6,53925,4521,1.0,5561,1483,52442,0.01
6,53931,4522,1.0,5562,1483,52448,0.01
6,53937,4523,1.0,5563,1483,52454,0.01
6,53943,4524,1.0,5564,1483,52460,0.01
6,53949,4525,1.0,5565,1483,52466,0.01
6,53955,4526,1.0,5566,1483,52472,0.01
6,53961,4527,1.0,5567,1483,52478,0.01
6,53967,4528,1.0,5568,1483,52484,0.01
6,53973,4529,1.0,5569,1483,52490,0.01
6,53979,4530,1.0,5570,1483,52496,0.01
6,53985,4531,1.0,5571,1483,52502,0.01
6,53991,4532,1.0,5572,1483,52508,0.01
6,53997,4533,1.0,5573,1483,52514,0.01
6,54003,4534,1.0,5574,1483,52520,0.01
6,54009,4535,1.0,5575,1483,52526,0.01
6,54015,4536,1.0,5576,1483,52532,0.01
6,54021,4537,1.0,5577,1483,52538,0.01
6,54027,4538,1.0,5578,1483,52544,0.01
6,54033,4539,1.0,5579,1483,52550,0.01
4,54037,4539,0.0,5580,1484,52553,0.01
6,54043,4540,1.0,5581,1484,52559,0.01
6,54049,4541,1.0,5582,1484,52565,0.01
6,54055,4542,1.0,5583,1484,52571,0.01
6,54061,4543,1.0,5584,1484,52577,0.01
6,54067,4544,1.0,5585,1484,52583,0.01
6,54073,4545,1.0,5586,1484,52589,0.01
6,54079,4546,1.0,5587,1484,52595,0.01
6,54085,4547,1.0,5588,1484,52601,0.01
25,54110,4547,0.0,5589,1485,52625,0.01
6,54116,4548,1.0,5590,1485,52631,0.01
6,54122,4549,1.0,5591,1485,52637,0.01
6,54128,4550,1.0,5592,1485,52643,0.01
6,54134,4551,1.0,5593,1485,52649,0.01
6,54140,4552,1.0,5594,1485,52655,0.01
6,54146,4553,1.0,5595,1485,52661,0.01
6,54152,4554,1.0,5596,1485,52667,0.01
6,54158,4555,1.0,5597,1485,52673,0.01
6,54164,4556,1.0,5598,1485,52679,0.01
6,54170,4557,1.0,5599,1485,52685,0.01
6,54176,4558,1.0,5600,1485,52691,0.01
6,54182,4559,1.0,5601,1485,52697,0.01
6,54188,4560,1.0,5602,1485,52703,0.01
6,54194,4561,1.0,5603,1486,52708,0.01
6,54200,4562,1.0,5604,1486,52714,0.01
6,54206,4563,1.0,5605,1486,52720,0.01
6,54212,4564,1.0,5606,1486,52726,0.01
6,54218,4565,1.0,5607,1486,52732,0.01
6,54224,4566,1.0,5608,1486,52738,0.01
6,54230,4567,1.0,5609,1486,52744,0.01
6,54236,4568,1.0,5610,1486,52750,0.01
6,54242,4569,1.0,5611,1486,52756,0.01
36,54278,4569,0.0,5612,1488,52790,0.01
6,54284,4570,1.0,5613,1488,52796,0.01
6,54290,4571,1.0,5614,1488,52802,0.01
6,54296,4572,1.0,5615,1488,52808,0.01
6,54302,4573,1.0,5616,1488,52814,0.01
6,54308,4574,1.0,5617,1488,52820,0.01
6,54314,4575,1.0,5618,1488,52826,0.01
6,54320,4576,1.0,5619,1488,52832,0.01
6,54326,4577,1.0,5620,1488,52838,0.01
6,54332,4578,1.0,5621,1488,52844,0.01
6,54338,4579,1.0,5622,1488,52850,0.01
6,54344,4580,1.0,5623,1488,52856,0.01
6,54350,4581,1.0,5624,1488,52862,0.01
6,54356,4582,1.0,5625,1488,52868,0.01
6,54362,4583,1.0,5626,1488,52874,0.01
6,54368,4584,1.0,5627,1488,52880,0.01
6,54374,4585,1.0,5628,1488,52886,0.01
6,54380,4586,1.0,5629,1488,52892,0.01
6,54386,4587,1.0,5630,1488,52898,0.01
6,54392,4588,1.0,5631,1488,52904,0.01
6,54398,4589,1.0,5632,1488,52910,0.01
6,54404,4590,1.0,5633,1488,52916,0.01
6,54410,4591,1.0,5634,1488,52922,0.01
6,54416,4592,1.0,5635,1488,52928,0.01
6,54422,4593,1.0,5636,1488,52934,0.01
6,54428,4594,1.0,5637,1489,52939,0.01
6,54434,4595,1.0,5638,1489,52945,0.01
6,54440,4596,1.0,5639,1489,52951,0.01
6,54446,4597,1.0,5640,1489,52957,0.01
6,54452,4598,1.0,5641,1489,52963,0.01
6,54458,4599,1.0,5642,1489,52969,0.01
9,54467,4599,0.0,5643,1491,52976,0.01
6,54473,4600,1.0,5644,1491,52982,0.01
6,54479,4601,1.0,5645,1491,52988,0.01
6,54485,4602,1.0,5646,1491,52994,0.01
6,54491,4603,1.0,5647,1491,53000,0.01
6,54497,4604,1.0,5648,1491,53006,0.01
6,54503,4605,1.0,5649,1491,53012,0.01
6,54509,4606,1.0,5650,1491,53018,0.01
6,54515,4607,1.0,5651,1491,53024,0.01
6,54521,4608,1.0,5652,1491,53030,0.01
6,54527,4609,1.0,5653,1491,53036,0.01
6,54533,4610,1.0,5654,1491,53042,0.01
6,54539,4611,1.0,5655,1491,53048,0.01
6,54545,4612,1.0,5656,1491,53054,0.01
6,54551,4613,1.0,5657,1491,53060,0.01
6,54557,4614,1.0,5658,1491,53066,0.01
6,54563,4615,1.0,5659,1491,53072,0.01
6,54569,4616,1.0,5660,1491,53078,0.01
6,54575,4617,1.0,5661,1491,53084,0.01
6,54581,4618,1.0,5662,1491,53090,0.01
6,54587,4619,1.0,5663,1491,53096,0.01
6,54593,4620,1.0,5664,1491,53102,0.01
6,54599,4621,1.0,5665,1491,53108,0.01
6,54605,4622,1.0,5666,1491,53114,0.01
6,54611,4623,1.0,5667,1491,53120,0.01
6,54617,4624,1.0,5668,1491,53126,0.01
6,54623,4625,1.0,5669,1491,53132,0.01
6,54629,4626,1.0,5670,1491,53138,0.01
6,54635,4627,1.0,5671,1491,53144,0.01
6,54641,4628,1.0,5672,1491,53150,0.01
6,54647,4629,1.0,5673,1491,53156,0.01
6,54653,4630,1.0,5674,1491,53162,0.01
6,54659,4631,1.0,5675,1491,53168,0.01
6,54665,4632,1.0,5676,1491,53174,0.01
6,54671,4633,1.0,5677,1491,53180,0.01
6,54677,4634,1.0,5678,1491,53186,0.01
6,54683,4635,1.0,5679,1491,53192,0.01
6,54689,4636,1.0,5680,1491,53198,0.01
6,54695,4637,1.0,5681,1491,53204,0.01
6,54701,4638,1.0,5682,1491,53210,0.01
6,54707,4639,1.0,5683,1491,53216,0.01
6,54713,4640,1.0,5684,1491,53222,0.01
6,54719,4641,1.0,5685,1491,53228,0.01
6,54725,4642,1.0,5686,1491,53234,0.01
6,54731,4643,1.0,5687,1491,53240,0.01
6,54737,4644,1.0,5688,1491,53246,0.01
6,54743,4645,1.0,5689,1491,53252,0.01
6,54749,4646,1.0,5690,1491,53258,0.01
6,54755,4647,1.0,5691,1491,53264,0.01
6,54761,4648,1.0,5692,1491,53270,0.01
6,54767,4649,1.0,5693,1491,53276,0.01
6,54773,4650,1.0,5694,1491,53282,0.01
6,54779,4651,1.0,5695,1491,53288,0.01
6,54785,4652,1.0,5696,1491,53294,0.01
6,54791,4653,1.0,5697,1491,53300,0.01
6,54797,4654,1.0,5698,1491,53306,0.01
6,54803,4655,1.0,5699,1491,53312,0.01
6,54809,4656,1.0,5700,1491,53318,0.01
6,54815,4657,1.0,5701,1491,53324,0.01
6,54821,4658,1.0,5702,1491,53330,0.01
6,54827,4659,1.0,5703,1491,53336,0.01
6,54833,4660,1.0,5704,1491,53342,0.01
6,54839,4661,1.0,5705,1491,53348,0.01
6,54845,4662,1.0,5706,1491,53354,0.01
6,54851,4663,1.0,5707,1491,53360,0.01
6,54857,4664,1.0,5708,1491,53366,0.01
6,54863,4665,1.0,5709,1491,53372,0.01
6,54869,4666,1.0,5710,1491,53378,0.01
6,54875,4667,1.0,5711,1491,53384,0.01
6,54881,4668,1.0,5712,1491,53390,0.01
6,54887,4669,1.0,5713,1491,53396,0.01
6,54893,4670,1.0,5714,1491,53402,0.01
6,54899,4671,1.0,5715,1491,53408,0.01
6,54905,4672,1.0,5716,1491,53414,0.01
6,54911,4673,1.0,5717,1491,53420,0.01
6,54917,4674,1.0,5718,1491,53426,0.01
6,54923,4675,1.0,5719,1491,53432,0.01
6,54929,4676,1.0,5720,1491,53438,0.01
6,54935,4677,1.0,5721,1491,53444,0.01
6,54941,4678,1.0,5722,1491,53450,0.01
6,54947,4679,1.0,5723,1491,53456,0.01
6,54953,4680,1.0,5724,1491,53462,0.01
6,54959,4681,1.0,5725,1491,53468,0.01
6,54965,4682,1.0,5726,1491,53474,0.01
6,54971,4683,1.0,5727,1491,53480,0.01
6,54977,4684,1.0,5728,1491,53486,0.01
6,54983,4685,1.0,5729,1491,53492,0.01
6,54989,4686,1.0,5730,1491,53498,0.01
6,54995,4687,1.0,5731,1491,53504,0.01
46,55041,4688,1.0,5732,1492,53549,0.01
3,55044,4688,0.0,5733,1492,53552,0.01
6,55050,4689,1.0,5734,1492,53558,0.01
6,55056,4690,1.0,5735,1493,53563,0.01
6,55062,4691,1.0,5736,1493,53569,0.01
25,55087,4691,0.0,5737,1494,53593,0.01
6,55093,4692,1.0,5738,1494,53599,0.01
6,55099,4693,1.0,5739,1494,53605,0.01
6,55105,4694,1.0,5740,1494,53611,0.01
6,55111,4695,1.0,5741,1494,53617,0.01
6,55117,4696,1.0,5742,1494,53623,0.01
6,55123,4697,1.0,5743,1494,53629,0.01
6,55129,4698,1.0,5744,1494,53635,0.01
6,55135,4699,1.0,5745,1495,53640,0.01
6,55141,4700,1.0,5746,1495,53646,0.01
6,55147,4701,1.0,5747,1495,53652,0.01
6,55153,4702,1.0,5748,1495,53658,0.01
6,55159,4703,1.0,5749,1495,53664,0.01
6,55165,4704,1.0,5750,1495,53670,0.01
6,55171,4705,1.0,5751,1495,53676,0.01
6,55177,4706,1.0,5752,1495,53682,0.01
6,55183,4707,1.0,5753,1495,53688,0.01
6,55189,4708,1.0,5754,1495,53694,0.01
6,55195,4709,1.0,5755,1495,53700,0.01
10,55205,4710,1.0,5756,1496,53709,0.01
6,55211,4711,1.0,5757,1496,53715,0.01
6,55217,4712,1.0,5758,1496,53721,0.01
6,55223,4713,1.0,5759,1496,53727,0.01
6,55229,4714,1.0,5760,1496,53733,0.01
6,55235,4715,1.0,5761,1496,53739,0.01
6,55241,4716,1.0,5762,1496,53745,0.01
6,55247,4717,1.0,5763,1496,53751,0.01
6,55253,4718,1.0,5764,1496,53757,0.01
6,55259,4719,1.0,5765,1496,53763,0.01
6,55265,4720,1.0,5766,1496,53769,0.01
6,55271,4721,1.0,5767,1496,53775,0.01
6,55277,4722,1.0,5768,1496,53781,0.01
6,55283,4723,1.0,5769,1496,53787,0.01
6,55289,4724,1.0,5770,1496,53793,0.01
6,55295,4725,1.0,5771,1496,53799,0.01
6,55301,4726,1.0,5772,1496,53805,0.01
6,55307,4727,1.0,5773,1496,53811,0.01
6,55313,4728,1.0,5774,1496,53817,0.01
6,55319,4729,1.0,5775,1496,53823,0.01
6,55325,4730,1.0,5776,1496,53829,0.01
6,55331,4731,1.0,5777,1496,53835,0.01
6,55337,4732,1.0,5778,1496,53841,0.01
6,55343,4733,1.0,5779,1496,53847,0.01
6,55349,4734,1.0,5780,1496,53853,0.01
6,55355,4735,1.0,5781,1496,53859,0.01
6,55361,4736,1.0,5782,1496,53865,0.01
6,55367,4737,1.0,5783,1496,53871,0.01
10,55377,4738,1.0,5784,1497,53880,0.01
6,55383,4739,1.0,5785,1497,53886,0.01
6,55389,4740,1.0,5786,1497,53892,0.01
6,55395,4741,1.0,5787,1497,53898,0.01
6,55401,4742,1.0,5788,1497,53904,0.01
6,55407,4743,1.0,5789,1497,53910,0.01
6,55413,4744,1.0,5790,1497,53916,0.01
6,55419,4745,1.0,5791,1497,53922,0.01
6,55425,4746,1.0,5792,1497,53928,0.01
6,55431,4747,1.0,5793,1497,53934,0.01
6,55437,4748,1.0,5794,1497,53940,0.01
6,55443,4749,1.0,5795,1497,53946,0.01
6,55449,4750,1.0,5796,1497,53952,0.01
6,55455,4751,1.0,5797,1497,53958,0.01
6,55461,4752,1.0,5798,1497,53964,0.01
6,55467,4753,1.0,5799,1497,53970,0.01
6,55473,4754,1.0,5800,1497,53976,0.01
6,55479,4755,1.0,5801,1497,53982,0.01
6,55485,4756,1.0,5802,1497,53988,0.01
6,55491,4757,1.0,5803,1497,53994,0.01
6,55497,4758,1.0,5804,1497,54000,0.01
6,55503,4759,1.0,5805,1497,54006,0.01
6,55509,4760,1.0,5806,1497,54012,0.01
6,55515,4761,1.0,5807,1497,54018,0.01
6,55521,4762,1.0,5808,1497,54024,0.01
6,55527,4763,1.0,5809,1497,54030,0.01
6,55533,4764,1.0,5810,1497,54036,0.01
6,55539,4765,1.0,5811,1497,54042,0.01
6,55545,4766,1.0,5812,1497,54048,0.01
6,55551,4767,1.0,5813,1497,54054,0.01
6,55557,4768,1.0,5814,1497,54060,0.01
6,55563,4769,1.0,5815,1497,54066,0.01
6,55569,4770,1.0,5816,1497,54072,0.01
6,55575,4771,1.0,5817,1497,54078,0.01
6,55581,4772,1.0,5818,1497,54084,0.01
6,55587,4773,1.0,5819,1497,54090,0.01
6,55593,4774,1.0,5820,1497,54096,0.01
4,55597,4774,0.0,5821,1498,54099,0.01
6,55603,4775,1.0,5822,1498,54105,0.01
6,55609,4776,1.0,5823,1498,54111,0.01
6,55615,4777,1.0,5824,1498,54117,0.01
6,55621,4778,1.0,5825,1498,54123,0.01
6,55627,4779,1.0,5826,1498,54129,0.01
6,55633,4780,1.0,5827,1498,54135,0.01
6,55639,4781,1.0,5828,1498,54141,0.01
6,55645,4782,1.0,5829,1498,54147,0.01
6,55651,4783,1.0,5830,1498,54153,0.01
6,55657,4784,1.0,5831,1498,54159,0.01
6,55663,4785,1.0,5832,1498,54165,0.01
6,55669,4786,1.0,5833,1498,54171,0.01
6,55675,4787,1.0,5834,1498,54177,0.01
6,55681,4788,1.0,5835,1498,54183,0.01
6,55687,4789,1.0,5836,1498,54189,0.01
6,55693,4790,1.0,5837,1498,54195,0.01
6,55699,4791,1.0,5838,1498,54201,0.01
6,55705,4792,1.0,5839,1498,54207,0.01
6,55711,4793,1.0,5840,1498,54213,0.01
6,55717,4794,1.0,5841,1498,54219,0.01
6,55723,4795,1.0,5842,1498,54225,0.01
6,55729,4796,1.0,5843,1498,54231,0.01
6,55735,4797,1.0,5844,1498,54237,0.01
6,55741,4798,1.0,5845,1498,54243,0.01
6,55747,4799,1.0,5846,1498,54249,0.01
6,55753,4800,1.0,5847,1498,54255,0.01
6,55759,4801,1.0,5848,1498,54261,0.01
6,55765,4802,1.0,5849,1498,54267,0.01
6,55771,4803,1.0,5850,1498,54273,0.01
6,55777,4804,1.0,5851,1498,54279,0.01
6,55783,4805,1.0,5852,1498,54285,0.01
6,55789,4806,1.0,5853,1498,54291,0.01
6,55795,4807,1.0,5854,1498,54297,0.01
6,55801,4808,1.0,5855,1498,54303,0.01
6,55807,4809,1.0,5856,1498,54309,0.01
6,55813,4810,1.0,5857,1498,54315,0.01
6,55819,4811,1.0,5858,1498,54321,0.01
6,55825,4812,1.0,5859,1498,54327,0.01
6,55831,4813,1.0,5860,1498,54333,0.01
6,55837,4814,1.0,5861,1498,54339,0.01
6,55843,4815,1.0,5862,1499,54344,0.01
6,55849,4816,1.0,5863,1499,54350,0.01
6,55855,4817,1.0,5864,1499,54356,0.01
6,55861,4818,1.0,5865,1499,54362,0.01
6,55867,4819,1.0,5866,1499,54368,0.01
6,55873,4820,1.0,5867,1499,54374,0.01
6,55879,4821,1.0,5868,1499,54380,0.01
6,55885,4822,1.0,5869,1499,54386,0.01
6,55891,4823,1.0,5870,1499,54392,0.01
6,55897,4824,1.0,5871,1499,54398,0.01
6,55903,4825,1.0,5872,1499,54404,0.01
6,55909,4826,1.0,5873,1499,54410,0.01
6,55915,4827,1.0,5874,1499,54416,0.01
9,55924,4827,0.0,5875,1500,54424,0.01
9,55933,4827,0.0,5876,1500,54433,0.01
31,55964,4827,0.0,5877,1500,54464,0.01
25,55989,4827,0.0,5878,1500,54489,0.01
14,56003,4827,0.0,5879,1500,54503,0.01
11,56014,4828,1.0,5880,1501,54513,0.01
6,56020,4829,1.0,5881,1501,54519,0.01
6,56026,4830,1.0,5882,1501,54525,0.01
6,56032,4831,1.0,5883,1501,54531,0.01
6,56038,4832,1.0,5884,1501,54537,0.01
6,56044,4833,1.0,5885,1501,54543,0.01
6,56050,4834,1.0,5886,1501,54549,0.01
6,56056,4835,1.0,5887,1501,54555,0.01
6,56062,4836,1.0,5888,1501,54561,0.01
6,56068,4837,1.0,5889,1501,54567,0.01
6,56074,4838,1.0,5890,1501,54573,0.01
6,56080,4839,1.0,5891,1501,54579,0.01
6,56086,4840,1.0,5892,1501,54585,0.01
6,56092,4841,1.0,5893,1501,54591,0.01
6,56098,4842,1.0,5894,1501,54597,0.01
6,56104,4843,1.0,5895,1501,54603,0.01
6,56110,4844,1.0,5896,1501,54609,0.01
6,56116,4845,1.0,5897,1501,54615,0.01
6,56122,4846,1.0,5898,1501,54621,0.01
6,56128,4847,1.0,5899,1501,54627,0.01
6,56134,4848,1.0,5900,1501,54633,0.01
6,56140,4849,1.0,5901,1501,54639,0.01
6,56146,4850,1.0,5902,1501,54645,0.01
6,56152,4851,1.0,5903,1501,54651,0.01
6,56158,4852,1.0,5904,1501,54657,0.01
6,56164,4853,1.0,5905,1501,54663,0.01
6,56170,4854,1.0,5906,1501,54669,0.01
6,56176,4855,1.0,5907,1501,54675,0.01
6,56182,4856,1.0,5908,1501,54681,0.01
6,56188,4857,1.0,5909,1501,54687,0.01
6,56194,4858,1.0,5910,1501,54693,0.01
6,56200,4859,1.0,5911,1501,54699,0.01
6,56206,4860,1.0,5912,1501,54705,0.01
6,56212,4861,1.0,5913,1501,54711,0.01
6,56218,4862,1.0,5914,1501,54717,0.01
6,56224,4863,1.0,5915,1501,54723,0.01
6,56230,4864,1.0,5916,1501,54729,0.01
6,56236,4865,1.0,5917,1501,54735,0.01
6,56242,4866,1.0,5918,1501,54741,0.01
6,56248,4867,1.0,5919,1501,54747,0.01
6,56254,4868,1.0,5920,1501,54753,0.01
6,56260,4869,1.0,5921,1501,54759,0.01
6,56266,4870,1.0,5922,1501,54765,0.01
6,56272,4871,1.0,5923,1501,54771,0.01
6,56278,4872,1.0,5924,1501,54777,0.01
6,56284,4873,1.0,5925,1501,54783,0.01
6,56290,4874,1.0,5926,1501,54789,0.01
6,56296,4875,1.0,5927,1501,54795,0.01
6,56302,4876,1.0,5928,1501,54801,0.01
6,56308,4877,1.0,5929,1501,54807,0.01
18,56326,4877,0.0,5930,1502,54824,0.01
6,56332,4878,1.0,5931,1503,54829,0.01
6,56338,4879,1.0,5932,1503,54835,0.01
6,56344,4880,1.0,5933,1503,54841,0.01
6,56350,4881,1.0,5934,1503,54847,0.01
6,56356,4882,1.0,5935,1503,54853,0.01
6,56362,4883,1.0,5936,1503,54859,0.01
6,56368,4884,1.0,5937,1503,54865,0.01
6,56374,4885,1.0,5938,1503,54871,0.01
6,56380,4886,1.0,5939,1503,54877,0.01
6,56386,4887,1.0,5940,1503,54883,0.01
6,56392,4888,1.0,5941,1503,54889,0.01
6,56398,4889,1.0,5942,1503,54895,0.01
6,56404,4890,1.0,5943,1503,54901,0.01
6,56410,4891,1.0,5944,1503,54907,0.01
6,56416,4892,1.0,5945,1503,54913,0.01
6,56422,4893,1.0,5946,1503,54919,0.01
6,56428,4894,1.0,5947,1503,54925,0.01
6,56434,4895,1.0,5948,1504,54930,0.01
6,56440,4896,1.0,5949,1504,54936,0.01
6,56446,4897,1.0,5950,1504,54942,0.01
6,56452,4898,1.0,5951,1504,54948,0.01
6,56458,4899,1.0,5952,1504,54954,0.01
6,56464,4900,1.0,5953,1504,54960,0.01
6,56470,4901,1.0,5954,1504,54966,0.01
6,56476,4902,1.0,5955,1504,54972,0.01
25,56501,4902,0.0,5956,1505,54996,0.01
6,56507,4903,1.0,5957,1505,55002,0.01
6,56513,4904,1.0,5958,1505,55008,0.01
6,56519,4905,1.0,5959,1505,55014,0.01
6,56525,4906,1.0,5960,1505,55020,0.01
6,56531,4907,1.0,5961,1505,55026,0.01
6,56537,4908,1.0,5962,1505,55032,0.01
6,56543,4909,1.0,5963,1505,55038,0.01
6,56549,4910,1.0,5964,1505,55044,0.01
6,56555,4911,1.0,5965,1505,55050,0.01
6,56561,4912,1.0,5966,1505,55056,0.01
6,56567,4913,1.0,5967,1506,55061,0.01
6,56573,4914,1.0,5968,1506,55067,0.01
6,56579,4915,1.0,5969,1506,55073,0.01
6,56585,4916,1.0,5970,1506,55079,0.01
6,56591,4917,1.0,5971,1506,55085,0.01
6,56597,4918,1.0,5972,1506,55091,0.01
6,56603,4919,1.0,5973,1506,55097,0.01
6,56609,4920,1.0,5974,1506,55103,0.01
6,56615,4921,1.0,5975,1506,55109,0.01
6,56621,4922,1.0,5976,1506,55115,0.01
6,56627,4923,1.0,5977,1506,55121,0.01
6,56633,4924,1.0,5978,1506,55127,0.01
6,56639,4925,1.0,5979,1506,55133,0.01
6,56645,4926,1.0,5980,1506,55139,0.01
6,56651,4927,1.0,5981,1506,55145,0.01
6,56657,4928,1.0,5982,1506,55151,0.01
6,56663,4929,1.0,5983,1506,55157,0.01
6,56669,4930,1.0,5984,1506,55163,0.01
6,56675,4931,1.0,5985,1506,55169,0.01
6,56681,4932,1.0,5986,1506,55175,0.01
6,56687,4933,1.0,5987,1506,55181,0.01
6,56693,4934,1.0,5988,1506,55187,0.01
6,56699,4935,1.0,5989,1506,55193,0.01
6,56705,4936,1.0,5990,1506,55199,0.01
6,56711,4937,1.0,5991,1506,55205,0.01
6,56717,4938,1.0,5992,1506,55211,0.01
6,56723,4939,1.0,5993,1506,55217,0.01
6,56729,4940,1.0,5994,1506,55223,0.01
6,56735,4941,1.0,5995,1506,55229,0.01
6,56741,4942,1.0,5996,1506,55235,0.01
6,56747,4943,1.0,5997,1506,55241,0.01
6,56753,4944,1.0,5998,1506,55247,0.01
6,56759,4945,1.0,5999,1506,55253,0.01
6,56765,4946,1.0,6000,1506,55259,0.01
6,56771,4947,1.0,6001,1506,55265,0.01
6,56777,4948,1.0,6002,1506,55271,0.01
6,56783,4949,1.0,6003,1506,55277,0.01
6,56789,4950,1.0,6004,1506,55283,0.01
6,56795,4951,1.0,6005,1506,55289,0.01
6,56801,4952,1.0,6006,1506,55295,0.01
6,56807,4953,1.0,6007,1506,55301,0.01
6,56813,4954,1.0,6008,1506,55307,0.01
6,56819,4955,1.0,6009,1506,55313,0.01
6,56825,4956,1.0,6010,1506,55319,0.01
6,56831,4957,1.0,6011,1506,55325,0.01
6,56837,4958,1.0,6012,1506,55331,0.01
6,56843,4959,1.0,6013,1506,55337,0.01
6,56849,4960,1.0,6014,1506,55343,0.01
6,56855,4961,1.0,6015,1506,55349,0.01
6,56861,4962,1.0,6016,1506,55355,0.01
6,56867,4963,1.0,6017,1506,55361,0.01
6,56873,4964,1.0,6018,1506,55367,0.01
6,56879,4965,1.0,6019,1506,55373,0.01
6,56885,4966,1.0,6020,1506,55379,0.01
6,56891,4967,1.0,6021,1506,55385,0.01
6,56897,4968,1.0,6022,1506,55391,0.01
6,56903,4969,1.0,6023,1506,55397,0.01
6,56909,4970,1.0,6024,1506,55403,0.01
6,56915,4971,1.0,6025,1506,55409,0.01
6,56921,4972,1.0,6026,1506,55415,0.01
6,56927,4973,1.0,6027,1506,55421,0.01
6,56933,4974,1.0,6028,1506,55427,0.01
6,56939,4975,1.0,6029,1506,55433,0.01
6,56945,4976,1.0,6030,1506,55439,0.01
6,56951,4977,1.0,6031,1506,55445,0.01
6,56957,4978,1.0,6032,1506,55451,0.01
6,56963,4979,1.0,6033,1506,55457,0.01
6,56969,4980,1.0,6034,1506,55463,0.01
6,56975,4981,1.0,6035,1506,55469,0.01
6,56981,4982,1.0,6036,1506,55475,0.01
6,56987,4983,1.0,6037,1506,55481,0.01
6,56993,4984,1.0,6038,1506,55487,0.01
6,56999,4985,1.0,6039,1506,55493,0.01
6,57005,4986,1.0,6040,1507,55498,0.01
6,57011,4987,1.0,6041,1507,55504,0.01
6,57017,4988,1.0,6042,1507,55510,0.01
6,57023,4989,1.0,6043,1507,55516,0.01
6,57029,4990,1.0,6044,1507,55522,0.01
6,57035,4991,1.0,6045,1507,55528,0.01
6,57041,4992,1.0,6046,1507,55534,0.01
6,57047,4993,1.0,6047,1507,55540,0.01
6,57053,4994,1.0,6048,1507,55546,0.01
6,57059,4995,1.0,6049,1507,55552,0.01
6,57065,4996,1.0,6050,1507,55558,0.01
25,57090,4996,0.0,6051,1508,55582,0.01
15,57105,4996,0.0,6052,1508,55597,0.01
25,57130,4996,0.0,6053,1509,55621,0.01
19,57149,4996,0.0,6054,1509,55640,0.01
19,57168,4996,0.0,6055,1509,55659,0.01
40,57208,4996,0.0,6056,1509,55699,0.01
10,57218,4997,1.0,6057,1509,55709,0.01
3,57221,4997,0.0,6058,1510,55711,0.01
6,57227,4998,1.0,6059,1510,55717,0.01
6,57233,4999,1.0,6060,1510,55723,0.01
6,57239,5000,1.0,6061,1510,55729,0.01
6,57245,5001,1.0,6062,1510,55735,0.01
6,57251,5002,1.0,6063,1510,55741,0.01
6,57257,5003,1.0,6064,1510,55747,0.01
6,57263,5004,1.0,6065,1510,55753,0.01
6,57269,5005,1.0,6066,1510,55759,0.01
6,57275,5006,1.0,6067,1510,55765,0.01
6,57281,5007,1.0,6068,1510,55771,0.01
6,57287,5008,1.0,6069,1510,55777,0.01
6,57293,5009,1.0,6070,1510,55783,0.01
6,57299,5010,1.0,6071,1510,55789,0.01
6,57305,5011,1.0,6072,1510,55795,0.01
6,57311,5012,1.0,6073,1510,55801,0.01
6,57317,5013,1.0,6074,1510,55807,0.01
6,57323,5014,1.0,6075,1510,55813,0.01
6,57329,5015,1.0,6076,1510,55819,0.01
6,57335,5016,1.0,6077,1510,55825,0.01
6,57341,5017,1.0,6078,1510,55831,0.01
6,57347,5018,1.0,6079,1510,55837,0.01
6,57353,5019,1.0,6080,1510,55843,0.01
6,57359,5020,1.0,6081,1510,55849,0.01
6,57365,5021,1.0,6082,1510,55855,0.01
6,57371,5022,1.0,6083,1510,55861,0.01
6,57377,5023,1.0,6084,1510,55867,0.01
6,57383,5024,1.0,6085,1510,55873,0.01
6,57389,5025,1.0,6086,1510,55879,0.01
6,57395,5026,1.0,6087,1510,55885,0.01
6,57401,5027,1.0,6088,1510,55891,0.01
6,57407,5028,1.0,6089,1510,55897,0.01
6,57413,5029,1.0,6090,1510,55903,0.01
6,57419,5030,1.0,6091,1510,55909,0.01
6,57425,5031,1.0,6092,1510,55915,0.01
6,57431,5032,1.0,6093,1510,55921,0.01
6,57437,5033,1.0,6094,1510,55927,0.01
6,57443,5034,1.0,6095,1510,55933,0.01
6,57449,5035,1.0,6096,1510,55939,0.01
6,57455,5036,1.0,6097,1510,55945,0.01
6,57461,5037,1.0,6098,1511,55950,0.01
6,57467,5038,1.0,6099,1511,55956,0.01
6,57473,5039,1.0,6100,1511,55962,0.01
6,57479,5040,1.0,6101,1511,55968,0.01
6,57485,5041,1.0,6102,1511,55974,0.01
6,57491,5042,1.0,6103,1511,55980,0.01
6,57497,5043,1.0,6104,1511,55986,0.01
6,57503,5044,1.0,6105,1511,55992,0.01
6,57509,5045,1.0,6106,1511,55998,0.01
25,57534,5045,0.0,6107,1512,56022,0.01
25,57559,5045,0.0,6108,1513,56046,0.01
20,57579,5046,1.0,6109,1513,56066,0.01
22,57601,5046,0.0,6110,1514,56087,0.01
47,57648,5046,0.0,6111,1514,56134,0.01
9,57657,5046,0.0,6112,1514,56143,0.01
14,57671,5046,0.0,6113,1514,56157,0.01
36,57707,5046,0.0,6114,1514,56193,0.01
18,57725,5046,0.0,6115,1514,56211,0.01
26,57751,5046,0.0,6116,1515,56236,0.01
18,57769,5046,0.0,6117,1515,56254,0.01
9,57778,5046,0.0,6118,1515,56263,0.01
7,57785,5046,0.0,6119,1515,56270,0.01
6,57791,5046,0.0,6120,1516,56275,0.01
14,57805,5047,1.0,6121,1517,56288,0.01
14,57819,5047,0.0,6122,1517,56302,0.01
26,57845,5048,1.0,6123,1518,56327,0.01
14,57859,5048,0.0,6124,1518,56341,0.01
9,57868,5048,0.0,6125,1519,56349,0.01
14,57882,5048,0.0,6126,1519,56363,0.01
14,57896,5048,0.0,6127,1519,56377,0.01
9,57905,5048,0.0,6128,1519,56386,0.01
22,57927,5048,0.0,6129,1519,56408,0.01
9,57936,5048,0.0,6130,1519,56417,0.01
34,57970,5048,0.0,6131,1519,56451,0.01
26,57996,5048,0.0,6132,1519,56477,0.01
13,58009,5049,1.0,6133,1519,56490,0.01
14,58023,5049,0.0,6134,1519,56504,0.01
9,58032,5049,0.0,6135,1519,56513,0.01
9,58041,5049,0.0,6136,1519,56522,0.01
9,58050,5049,0.0,6137,1519,56531,0.01
9,58059,5049,0.0,6138,1519,56540,0.01
42,58101,5049,0.0,6139,1519,56582,0.01
6,58107,5049,0.0,6140,1519,56588,0.01
9,58116,5050,1.0,6141,1519,56597,0.01
9,58125,5051,1.0,6142,1519,56606,0.01
9,58134,5052,1.0,6143,1519,56615,0.01
9,58143,5053,1.0,6144,1519,56624,0.01
9,58152,5054,1.0,6145,1519,56633,0.01
9,58161,5055,1.0,6146,1519,56642,0.01
9,58170,5056,1.0,6147,1520,56650,0.01
9,58179,5057,1.0,6148,1520,56659,0.01
25,58204,5057,0.0,6149,1522,56682,0.01
16,58220,5057,0.0,6150,1523,56697,0.01
9,58229,5058,1.0,6151,1523,56706,0.01
9,58238,5059,1.0,6152,1523,56715,0.01
9,58247,5060,1.0,6153,1523,56724,0.01
9,58256,5061,1.0,6154,1523,56733,0.01
9,58265,5062,1.0,6155,1523,56742,0.01
9,58274,5062,0.0,6156,1524,56750,0.01
9,58283,5063,1.0,6157,1524,56759,0.01
9,58292,5064,1.0,6158,1524,56768,0.01
9,58301,5065,1.0,6159,1524,56777,0.01
9,58310,5066,1.0,6160,1524,56786,0.01
9,58319,5067,1.0,6161,1524,56795,0.01
9,58328,5068,1.0,6162,1524,56804,0.01
9,58337,5069,1.0,6163,1524,56813,0.01
9,58346,5070,1.0,6164,1524,56822,0.01
9,58355,5071,1.0,6165,1524,56831,0.01
9,58364,5072,1.0,6166,1524,56840,0.01
9,58373,5073,1.0,6167,1524,56849,0.01
9,58382,5074,1.0,6168,1524,56858,0.01
9,58391,5075,1.0,6169,1524,56867,0.01
9,58400,5076,1.0,6170,1524,56876,0.01
9,58409,5077,1.0,6171,1524,56885,0.01
9,58418,5078,1.0,6172,1524,56894,0.01
9,58427,5079,1.0,6173,1524,56903,0.01
9,58436,5080,1.0,6174,1524,56912,0.01
9,58445,5081,1.0,6175,1524,56921,0.01
9,58454,5082,1.0,6176,1524,56930,0.01
14,58468,5082,0.0,6177,1525,56943,0.01
8,58476,5082,0.0,6178,1525,56951,0.01
9,58485,5083,1.0,6179,1525,56960,0.01
9,58494,5084,1.0,6180,1525,56969,0.01
9,58503,5085,1.0,6181,1525,56978,0.01
25,58528,5085,0.0,6182,1527,57001,0.01
9,58537,5086,1.0,6183,1527,57010,0.01
9,58546,5087,1.0,6184,1527,57019,0.01
9,58555,5088,1.0,6185,1527,57028,0.01
9,58564,5089,1.0,6186,1527,57037,0.01
9,58573,5090,1.0,6187,1527,57046,0.01
9,58582,5091,1.0,6188,1527,57055,0.01
9,58591,5092,1.0,6189,1527,57064,0.01
9,58600,5093,1.0,6190,1527,57073,0.01
9,58609,5094,1.0,6191,1527,57082,0.01
9,58618,5095,1.0,6192,1527,57091,0.01
9,58627,5096,1.0,6193,1527,57100,0.01
9,58636,5097,1.0,6194,1527,57109,0.01
9,58645,5098,1.0,6195,1527,57118,0.01
9,58654,5099,1.0,6196,1527,57127,0.01
9,58663,5100,1.0,6197,1527,57136,0.01
9,58672,5101,1.0,6198,1527,57145,0.01
9,58681,5102,1.0,6199,1527,57154,0.01
9,58690,5103,1.0,6200,1527,57163,0.01
9,58699,5104,1.0,6201,1527,57172,0.01
10,58709,5104,0.0,6202,1528,57181,0.01
9,58718,5105,1.0,6203,1528,57190,0.01
9,58727,5106,1.0,6204,1528,57199,0.01
9,58736,5107,1.0,6205,1528,57208,0.01
9,58745,5108,1.0,6206,1528,57217,0.01
9,58754,5109,1.0,6207,1528,57226,0.01
9,58763,5110,1.0,6208,1528,57235,0.01
9,58772,5111,1.0,6209,1528,57244,0.01
9,58781,5112,1.0,6210,1528,57253,0.01
9,58790,5113,1.0,6211,1528,57262,0.01
14,58804,5114,1.0,6212,1529,57275,0.01
9,58813,5115,1.0,6213,1529,57284,0.01
9,58822,5116,1.0,6214,1529,57293,0.01
9,58831,5117,1.0,6215,1529,57302,0.01
9,58840,5118,1.0,6216,1529,57311,0.01
9,58849,5119,1.0,6217,1529,57320,0.01
9,58858,5120,1.0,6218,1529,57329,0.01
9,58867,5121,1.0,6219,1529,57338,0.01
9,58876,5122,1.0,6220,1529,57347,0.01
9,58885,5123,1.0,6221,1529,57356,0.01
9,58894,5124,1.0,6222,1529,57365,0.01
9,58903,5125,1.0,6223,1529,57374,0.01
9,58912,5126,1.0,6224,1529,57383,0.01
9,58921,5127,1.0,6225,1529,57392,0.01
9,58930,5128,1.0,6226,1529,57401,0.01
9,58939,5129,1.0,6227,1529,57410,0.01
9,58948,5130,1.0,6228,1530,57418,0.01
9,58957,5131,1.0,6229,1530,57427,0.01
9,58966,5132,1.0,6230,1530,57436,0.01
9,58975,5133,1.0,6231,1530,57445,0.01
9,58984,5134,1.0,6232,1530,57454,0.01
9,58993,5135,1.0,6233,1530,57463,0.01
9,59002,5136,1.0,6234,1530,57472,0.01
9,59011,5137,1.0,6235,1530,57481,0.01
9,59020,5138,1.0,6236,1530,57490,0.01
9,59029,5139,1.0,6237,1530,57499,0.01
9,59038,5140,1.0,6238,1530,57508,0.01
9,59047,5141,1.0,6239,1530,57517,0.01
9,59056,5142,1.0,6240,1530,57526,0.01
9,59065,5143,1.0,6241,1530,57535,0.01
9,59074,5144,1.0,6242,1530,57544,0.01
9,59083,5145,1.0,6243,1530,57553,0.01
9,59092,5146,1.0,6244,1530,57562,0.01
9,59101,5147,1.0,6245,1530,57571,0.01
9,59110,5148,1.0,6246,1530,57580,0.01
9,59119,5149,1.0,6247,1530,57589,0.01
9,59128,5150,1.0,6248,1530,57598,0.01
9,59137,5151,1.0,6249,1530,57607,0.01
9,59146,5152,1.0,6250,1530,57616,0.01
9,59155,5153,1.0,6251,1530,57625,0.01
9,59164,5154,1.0,6252,1530,57634,0.01
9,59173,5155,1.0,6253,1530,57643,0.01
9,59182,5156,1.0,6254,1530,57652,0.01
9,59191,5157,1.0,6255,1530,57661,0.01
9,59200,5158,1.0,6256,1530,57670,0.01
9,59209,5159,1.0,6257,1530,57679,0.01
9,59218,5160,1.0,6258,1530,57688,0.01
9,59227,5161,1.0,6259,1530,57697,0.01
9,59236,5162,1.0,6260,1530,57706,0.01
9,59245,5163,1.0,6261,1531,57714,0.01
9,59254,5164,1.0,6262,1531,57723,0.01
9,59263,5165,1.0,6263,1531,57732,0.01
25,59288,5165,0.0,6264,1532,57756,0.01
9,59297,5166,1.0,6265,1532,57765,0.01
9,59306,5167,1.0,6266,1532,57774,0.01
9,59315,5168,1.0,6267,1532,57783,0.01
9,59324,5169,1.0,6268,1532,57792,0.01
9,59333,5170,1.0,6269,1532,57801,0.01
9,59342,5171,1.0,6270,1532,57810,0.01
9,59351,5172,1.0,6271,1532,57819,0.01
9,59360,5173,1.0,6272,1532,57828,0.01
14,59374,5173,0.0,6273,1533,57841,0.01
9,59383,5174,1.0,6274,1533,57850,0.01
9,59392,5175,1.0,6275,1533,57859,0.01
9,59401,5176,1.0,6276,1533,57868,0.01
9,59410,5177,1.0,6277,1533,57877,0.01
9,59419,5178,1.0,6278,1534,57885,0.01
9,59428,5179,1.0,6279,1535,57893,0.01
9,59437,5180,1.0,6280,1535,57902,0.01
9,59446,5181,1.0,6281,1535,57911,0.01
14,59460,5182,1.0,6282,1536,57924,0.01
9,59469,5183,1.0,6283,1536,57933,0.01
9,59478,5184,1.0,6284,1536,57942,0.01
9,59487,5185,1.0,6285,1536,57951,0.01
9,59496,5186,1.0,6286,1536,57960,0.01
9,59505,5187,1.0,6287,1536,57969,0.01
9,59514,5188,1.0,6288,1536,57978,0.01
9,59523,5189,1.0,6289,1536,57987,0.01
9,59532,5190,1.0,6290,1536,57996,0.01
9,59541,5191,1.0,6291,1536,58005,0.01
9,59550,5192,1.0,6292,1536,58014,0.01
9,59559,5193,1.0,6293,1536,58023,0.01
9,59568,5194,1.0,6294,1536,58032,0.01
9,59577,5195,1.0,6295,1536,58041,0.01
9,59586,5196,1.0,6296,1536,58050,0.01
9,59595,5197,1.0,6297,1536,58059,0.01
25,59620,5197,0.0,6298,1537,58083,0.01
9,59629,5198,1.0,6299,1537,58092,0.01
9,59638,5199,1.0,6300,1537,58101,0.01
6,59644,5199,0.0,6301,1539,58105,0.01
9,59653,5200,1.0,6302,1539,58114,0.01
9,59662,5201,1.0,6303,1539,58123,0.01
9,59671,5202,1.0,6304,1539,58132,0.01
9,59680,5203,1.0,6305,1539,58141,0.01
35,59715,5203,0.0,6306,1540,58175,0.01
14,59729,5203,0.0,6307,1540,58189,0.01
14,59743,5203,0.0,6308,1540,58203,0.01
7,59750,5203,0.0,6309,1540,58210,0.01
14,59764,5203,0.0,6310,1542,58222,0.01
14,59778,5203,0.0,6311,1542,58236,0.01
11,59789,5203,0.0,6312,1542,58247,0.01
5,59794,5203,0.0,6313,1542,58252,0.01
5,59799,5203,0.0,6314,1542,58257,0.01
14,59813,5203,0.0,6315,1542,58271,0.01
7,59820,5203,0.0,6316,1542,58278,0.01
6,59826,5203,0.0,6317,1542,58284,0.01
14,59840,5203,0.0,6318,1542,58298,0.01
34,59874,5203,0.0,6319,1542,58332,0.01
5,59879,5203,0.0,6320,1542,58337,0.01
12,59891,5203,0.0,6321,1542,58349,0.01
18,59909,5203,0.0,6322,1542,58367,0.01
14,59923,5203,0.0,6323,1542,58381,0.01
13,59936,5203,0.0,6324,1542,58394,0.01
23,59959,5204,1.0,6325,1542,58417,0.01
44,60003,5204,0.0,6326,1542,58461,0.01
12,60015,5204,0.0,6327,1543,58472,0.01
16,60031,5205,1.0,6328,1543,58488,0.01
16,60047,5206,1.0,6329,1543,58504,0.01
16,60063,5207,1.0,6330,1543,58520,0.01
2,60065,5207,0.0,6331,1544,58521,0.01
16,60081,5208,1.0,6332,1545,58536,0.01
16,60097,5209,1.0,6333,1545,58552,0.01
16,60113,5210,1.0,6334,1545,58568,0.01
16,60129,5211,1.0,6335,1545,58584,0.01
16,60145,5212,1.0,6336,1545,58600,0.01
16,60161,5213,1.0,6337,1545,58616,0.01
10,60171,5213,0.0,6338,1546,58625,0.01
16,60187,5214,1.0,6339,1547,58640,0.01
16,60203,5215,1.0,6340,1547,58656,0.01
16,60219,5216,1.0,6341,1548,58671,0.01
9,60228,5216,0.0,6342,1548,58680,0.01
19,60247,5217,1.0,6343,1550,58697,0.01
43,60290,5217,0.0,6344,1552,58738,0.01
47,60337,5217,0.0,6345,1552,58785,0.01
15,60352,5218,1.0,6346,1552,58800,0.01
36,60388,5218,0.0,6347,1553,58835,0.01
29,60417,5219,1.0,6348,1553,58864,0.01
9,60426,5220,1.0,6349,1553,58873,0.01
9,60435,5221,1.0,6350,1553,58882,0.01
9,60444,5222,1.0,6351,1553,58891,0.01
9,60453,5223,1.0,6352,1553,58900,0.01
9,60462,5224,1.0,6353,1553,58909,0.01
9,60471,5225,1.0,6354,1553,58918,0.01
9,60480,5226,1.0,6355,1553,58927,0.01
9,60489,5227,1.0,6356,1553,58936,0.01
9,60498,5228,1.0,6357,1553,58945,0.01
9,60507,5229,1.0,6358,1553,58954,0.01
9,60516,5230,1.0,6359,1554,58962,0.01
9,60525,5231,1.0,6360,1554,58971,0.01
9,60534,5232,1.0,6361,1554,58980,0.01
9,60543,5233,1.0,6362,1554,58989,0.01
9,60552,5234,1.0,6363,1554,58998,0.01
9,60561,5235,1.0,6364,1554,59007,0.01
9,60570,5236,1.0,6365,1554,59016,0.01
9,60579,5237,1.0,6366,1554,59025,0.01
9,60588,5238,1.0,6367,1554,59034,0.01
9,60597,5239,1.0,6368,1554,59043,0.01
9,60606,5240,1.0,6369,1554,59052,0.01
9,60615,5241,1.0,6370,1554,59061,0.01
9,60624,5242,1.0,6371,1554,59070,0.01
9,60633,5243,1.0,6372,1554,59079,0.01
9,60642,5244,1.0,6373,1554,59088,0.01
9,60651,5245,1.0,6374,1554,59097,0.01
9,60660,5246,1.0,6375,1554,59106,0.01
9,60669,5247,1.0,6376,1554,59115,0.01
9,60678,5248,1.0,6377,1554,59124,0.01
9,60687,5249,1.0,6378,1554,59133,0.01
9,60696,5250,1.0,6379,1554,59142,0.01
9,60705,5251,1.0,6380,1554,59151,0.01
9,60714,5252,1.0,6381,1554,59160,0.01
9,60723,5253,1.0,6382,1554,59169,0.01
9,60732,5254,1.0,6383,1555,59177,0.01
9,60741,5255,1.0,6384,1555,59186,0.01
9,60750,5256,1.0,6385,1555,59195,0.01
9,60759,5257,1.0,6386,1555,59204,0.01
9,60768,5258,1.0,6387,1555,59213,0.01
9,60777,5259,1.0,6388,1555,59222,0.01
9,60786,5260,1.0,6389,1555,59231,0.01
9,60795,5261,1.0,6390,1555,59240,0.01
14,60809,5262,1.0,6391,1556,59253,0.01
9,60818,5263,1.0,6392,1556,59262,0.01
9,60827,5264,1.0,6393,1556,59271,0.01
9,60836,5265,1.0,6394,1556,59280,0.01
9,60845,5266,1.0,6395,1556,59289,0.01
9,60854,5266,0.0,6396,1557,59297,0.01
9,60863,5267,1.0,6397,1557,59306,0.01
9,60872,5268,1.0,6398,1557,59315,0.01
9,60881,5269,1.0,6399,1557,59324,0.01
9,60890,5270,1.0,6400,1557,59333,0.01
9,60899,5271,1.0,6401,1557,59342,0.01
9,60908,5272,1.0,6402,1557,59351,0.01
9,60917,5273,1.0,6403,1557,59360,0.01
9,60926,5274,1.0,6404,1557,59369,0.01
18,60944,5275,1.0,6405,1559,59385,0.01
14,60958,5275,0.0,6406,1560,59398,0.01
9,60967,5276,1.0,6407,1561,59406,0.01
9,60976,5277,1.0,6408,1561,59415,0.01
9,60985,5278,1.0,6409,1561,59424,0.01
9,60994,5279,1.0,6410,1561,59433,0.01
9,61003,5280,1.0,6411,1561,59442,0.01
9,61012,5281,1.0,6412,1561,59451,0.01
9,61021,5282,1.0,6413,1561,59460,0.01
9,61030,5283,1.0,6414,1561,59469,0.01
9,61039,5284,1.0,6415,1561,59478,0.01
9,61048,5285,1.0,6416,1561,59487,0.01
9,61057,5286,1.0,6417,1561,59496,0.01
9,61066,5287,1.0,6418,1561,59505,0.01
9,61075,5288,1.0,6419,1561,59514,0.01
9,61084,5289,1.0,6420,1561,59523,0.01
9,61093,5290,1.0,6421,1561,59532,0.01
9,61102,5291,1.0,6422,1562,59540,0.01
9,61111,5292,1.0,6423,1562,59549,0.01
9,61120,5293,1.0,6424,1562,59558,0.01
14,61134,5294,1.0,6425,1563,59571,0.01
14,61148,5295,1.0,6426,1563,59585,0.01
15,61163,5296,1.0,6427,1563,59600,0.01
14,61177,5297,1.0,6428,1563,59614,0.01
13,61190,5297,0.0,6429,1564,59626,0.01
9,61199,5297,0.0,6430,1564,59635,0.01
6,61205,5297,0.0,6431,1564,59641,0.01
9,61214,5297,0.0,6432,1564,59650,0.01
14,61228,5298,1.0,6433,1564,59664,0.01
13,61241,5298,0.0,6434,1564,59677,0.01
14,61255,5298,0.0,6435,1564,59691,0.01
13,61268,5298,0.0,6436,1564,59704,0.01
14,61282,5299,1.0,6437,1564,59718,0.01
9,61291,5300,1.0,6438,1564,59727,0.01
14,61305,5300,0.0,6439,1564,59741,0.01
9,61314,5300,0.0,6440,1564,59750,0.01
9,61323,5300,0.0,6441,1565,59758,0.01
14,61337,5300,0.0,6442,1565,59772,0.01
14,61351,5300,0.0,6443,1565,59786,0.01
14,61365,5300,0.0,6444,1565,59800,0.01
9,61374,5301,1.0,6445,1565,59809,0.01
9,61383,5302,1.0,6446,1565,59818,0.01
9,61392,5303,1.0,6447,1565,59827,0.01
9,61401,5304,1.0,6448,1565,59836,0.01
9,61410,5305,1.0,6449,1565,59845,0.01
9,61419,5306,1.0,6450,1565,59854,0.01
9,61428,5307,1.0,6451,1565,59863,0.01
9,61437,5308,1.0,6452,1565,59872,0.01
9,61446,5309,1.0,6453,1565,59881,0.01
9,61455,5310,1.0,6454,1565,59890,0.01
14,61469,5311,1.0,6455,1566,59903,0.01
9,61478,5312,1.0,6456,1566,59912,0.01
9,61487,5313,1.0,6457,1566,59921,0.01
9,61496,5314,1.0,6458,1566,59930,0.01
9,61505,5315,1.0,6459,1566,59939,0.01
6,61511,5315,0.0,6460,1567,59944,0.01
9,61520,5316,1.0,6461,1567,59953,0.01
9,61529,5317,1.0,6462,1567,59962,0.01
9,61538,5318,1.0,6463,1567,59971,0.01
9,61547,5319,1.0,6464,1567,59980,0.01
9,61556,5320,1.0,6465,1567,59989,0.01
6,61562,5320,0.0,6466,1568,59994,0.01
9,61571,5321,1.0,6467,1568,60003,0.01
9,61580,5322,1.0,6468,1568,60012,0.01
9,61589,5323,1.0,6469,1569,60020,0.01
9,61598,5324,1.0,6470,1569,60029,0.01
9,61607,5325,1.0,6471,1569,60038,0.01
9,61616,5326,1.0,6472,1569,60047,0.01
9,61625,5327,1.0,6473,1569,60056,0.01
9,61634,5328,1.0,6474,1570,60064,0.01
9,61643,5329,1.0,6475,1570,60073,0.01
9,61652,5330,1.0,6476,1570,60082,0.01
9,61661,5331,1.0,6477,1570,60091,0.01
9,61670,5332,1.0,6478,1571,60099,0.01
9,61679,5333,1.0,6479,1571,60108,0.01
9,61688,5334,1.0,6480,1571,60117,0.01
9,61697,5335,1.0,6481,1571,60126,0.01
9,61706,5336,1.0,6482,1571,60135,0.01
9,61715,5337,1.0,6483,1571,60144,0.01
9,61724,5338,1.0,6484,1571,60153,0.01
9,61733,5339,1.0,6485,1571,60162,0.01
9,61742,5340,1.0,6486,1571,60171,0.01
9,61751,5341,1.0,6487,1571,60180,0.01
9,61760,5342,1.0,6488,1571,60189,0.01
9,61769,5343,1.0,6489,1571,60198,0.01
9,61778,5344,1.0,6490,1571,60207,0.01
9,61787,5345,1.0,6491,1571,60216,0.01
9,61796,5346,1.0,6492,1571,60225,0.01
7,61803,5346,0.0,6493,1572,60231,0.01
4,61807,5346,0.0,6494,1573,60234,0.01
9,61816,5347,1.0,6495,1573,60243,0.01
9,61825,5348,1.0,6496,1573,60252,0.01
9,61834,5349,1.0,6497,1573,60261,0.01
9,61843,5350,1.0,6498,1573,60270,0.01
7,61850,5350,0.0,6499,1574,60276,0.01
9,61859,5351,1.0,6500,1574,60285,0.01
14,61873,5352,1.0,6501,1575,60298,0.01
9,61882,5353,1.0,6502,1575,60307,0.01
9,61891,5354,1.0,6503,1575,60316,0.01
9,61900,5355,1.0,6504,1575,60325,0.01
9,61909,5356,1.0,6505,1575,60334,0.01
9,61918,5357,1.0,6506,1575,60343,0.01
8,61926,5357,0.0,6507,1576,60350,0.01
9,61935,5358,1.0,6508,1576,60359,0.01
9,61944,5359,1.0,6509,1577,60367,0.01
9,61953,5360,1.0,6510,1577,60376,0.01
9,61962,5361,1.0,6511,1577,60385,0.01
9,61971,5362,1.0,6512,1577,60394,0.01
9,61980,5363,1.0,6513,1577,60403,0.01
9,61989,5364,1.0,6514,1577,60412,0.01
9,61998,5365,1.0,6515,1577,60421,0.01
9,62007,5366,1.0,6516,1577,60430,0.01
9,62016,5367,1.0,6517,1577,60439,0.01
9,62025,5368,1.0,6518,1577,60448,0.01
9,62034,5369,1.0,6519,1577,60457,0.01
9,62043,5370,1.0,6520,1577,60466,0.01
9,62052,5371,1.0,6521,1577,60475,0.01
9,62061,5372,1.0,6522,1577,60484,0.01
9,62070,5373,1.0,6523,1577,60493,0.01
9,62079,5374,1.0,6524,1577,60502,0.01
9,62088,5375,1.0,6525,1577,60511,0.01
44,62132,5375,0.0,6526,1579,60553,0.01
9,62141,5376,1.0,6527,1579,60562,0.01
9,62150,5377,1.0,6528,1579,60571,0.01
9,62159,5378,1.0,6529,1579,60580,0.01
9,62168,5378,0.0,6530,1580,60588,0.01
9,62177,5379,1.0,6531,1580,60597,0.01
9,62186,5380,1.0,6532,1580,60606,0.01
9,62195,5381,1.0,6533,1580,60615,0.01
9,62204,5382,1.0,6534,1580,60624,0.01
9,62213,5383,1.0,6535,1580,60633,0.01
9,62222,5384,1.0,6536,1580,60642,0.01
9,62231,5385,1.0,6537,1580,60651,0.01
9,62240,5386,1.0,6538,1580,60660,0.01
9,62249,5387,1.0,6539,1580,60669,0.01
9,62258,5388,1.0,6540,1580,60678,0.01
9,62267,5389,1.0,6541,1580,60687,0.01
9,62276,5390,1.0,6542,1580,60696,0.01
7,62283,5390,0.0,6543,1581,60702,0.01
9,62292,5391,1.0,6544,1581,60711,0.01
9,62301,5392,1.0,6545,1581,60720,0.01
13,62314,5392,0.0,6546,1582,60732,0.01
14,62328,5393,1.0,6547,1583,60745,0.01
14,62342,5394,1.0,6548,1583,60759,0.01
14,62356,5395,1.0,6549,1583,60773,0.01
9,62365,5396,1.0,6550,1583,60782,0.01
9,62374,5397,1.0,6551,1583,60791,0.01
9,62383,5398,1.0,6552,1583,60800,0.01
9,62392,5399,1.0,6553,1583,60809,0.01
9,62401,5400,1.0,6554,1583,60818,0.01
9,62410,5400,0.0,6555,1584,60826,0.01
9,62419,5401,1.0,6556,1584,60835,0.01
9,62428,5402,1.0,6557,1584,60844,0.01
9,62437,5403,1.0,6558,1584,60853,0.01
9,62446,5404,1.0,6559,1584,60862,0.01
9,62455,5405,1.0,6560,1584,60871,0.01
9,62464,5406,1.0,6561,1584,60880,0.01
9,62473,5407,1.0,6562,1584,60889,0.01
9,62482,5408,1.0,6563,1584,60898,0.01
9,62491,5409,1.0,6564,1584,60907,0.01
9,62500,5410,1.0,6565,1584,60916,0.01
9,62509,5411,1.0,6566,1584,60925,0.01
9,62518,5412,1.0,6567,1584,60934,0.01
9,62527,5413,1.0,6568,1584,60943,0.01
9,62536,5414,1.0,6569,1584,60952,0.01
9,62545,5415,1.0,6570,1584,60961,0.01
9,62554,5416,1.0,6571,1584,60970,0.01
9,62563,5417,1.0,6572,1584,60979,0.01
9,62572,5418,1.0,6573,1584,60988,0.01
9,62581,5419,1.0,6574,1584,60997,0.01
9,62590,5420,1.0,6575,1584,61006,0.01
9,62599,5421,1.0,6576,1584,61015,0.01
9,62608,5422,1.0,6577,1584,61024,0.01
9,62617,5423,1.0,6578,1584,61033,0.01
9,62626,5424,1.0,6579,1584,61042,0.01
9,62635,5425,1.0,6580,1584,61051,0.01
9,62644,5426,1.0,6581,1584,61060,0.01
20,62664,5426,0.0,6582,1587,61077,0.01
18,62682,5427,1.0,6583,1587,61095,0.01
9,62691,5428,1.0,6584,1588,61103,0.01
9,62700,5429,1.0,6585,1588,61112,0.01
9,62709,5430,1.0,6586,1588,61121,0.01
9,62718,5431,1.0,6587,1588,61130,0.01
9,62727,5432,1.0,6588,1588,61139,0.01
9,62736,5433,1.0,6589,1588,61148,0.01
9,62745,5434,1.0,6590,1588,61157,0.01
9,62754,5435,1.0,6591,1588,61166,0.01
9,62763,5436,1.0,6592,1588,61175,0.01
9,62772,5437,1.0,6593,1588,61184,0.01
9,62781,5438,1.0,6594,1588,61193,0.01
9,62790,5439,1.0,6595,1588,61202,0.01
9,62799,5440,1.0,6596,1588,61211,0.01
9,62808,5441,1.0,6597,1588,61220,0.01
9,62817,5442,1.0,6598,1588,61229,0.01
9,62826,5443,1.0,6599,1588,61238,0.01
9,62835,5444,1.0,6600,1588,61247,0.01
9,62844,5445,1.0,6601,1588,61256,0.01
9,62853,5446,1.0,6602,1588,61265,0.01
9,62862,5447,1.0,6603,1588,61274,0.01
9,62871,5448,1.0,6604,1588,61283,0.01
9,62880,5449,1.0,6605,1588,61292,0.01
14,62894,5450,1.0,6606,1589,61305,0.01
9,62903,5451,1.0,6607,1589,61314,0.01
9,62912,5452,1.0,6608,1589,61323,0.01
9,62921,5453,1.0,6609,1589,61332,0.01
9,62930,5454,1.0,6610,1589,61341,0.01
9,62939,5455,1.0,6611,1589,61350,0.01
9,62948,5456,1.0,6612,1589,61359,0.01
9,62957,5457,1.0,6613,1589,61368,0.01
9,62966,5458,1.0,6614,1589,61377,0.01
9,62975,5459,1.0,6615,1589,61386,0.01
9,62984,5460,1.0,6616,1589,61395,0.01
9,62993,5461,1.0,6617,1589,61404,0.01
14,63007,5461,0.0,6618,1590,61417,0.01
9,63016,5462,1.0,6619,1591,61425,0.01
9,63025,5463,1.0,6620,1591,61434,0.01
9,63034,5464,1.0,6621,1591,61443,0.01
9,63043,5465,1.0,6622,1591,61452,0.01
9,63052,5466,1.0,6623,1591,61461,0.01
9,63061,5467,1.0,6624,1591,61470,0.01
9,63070,5468,1.0,6625,1591,61479,0.01
9,63079,5469,1.0,6626,1591,61488,0.01
9,63088,5470,1.0,6627,1591,61497,0.01
9,63097,5471,1.0,6628,1591,61506,0.01
9,63106,5472,1.0,6629,1591,61515,0.01
9,63115,5473,1.0,6630,1591,61524,0.01
9,63124,5474,1.0,6631,1591,61533,0.01
9,63133,5475,1.0,6632,1591,61542,0.01
9,63142,5476,1.0,6633,1591,61551,0.01
9,63151,5477,1.0,6634,1591,61560,0.01
9,63160,5478,1.0,6635,1591,61569,0.01
8,63168,5478,0.0,6636,1592,61576,0.01
9,63177,5479,1.0,6637,1592,61585,0.01
9,63186,5480,1.0,6638,1592,61594,0.01
9,63195,5481,1.0,6639,1592,61603,0.01
9,63204,5482,1.0,6640,1592,61612,0.01
9,63213,5483,1.0,6641,1592,61621,0.01
9,63222,5484,1.0,6642,1592,61630,0.01
9,63231,5485,1.0,6643,1592,61639,0.01
9,63240,5486,1.0,6644,1592,61648,0.01
9,63249,5487,1.0,6645,1593,61656,0.01
9,63258,5488,1.0,6646,1593,61665,0.01
9,63267,5489,1.0,6647,1593,61674,0.01
9,63276,5490,1.0,6648,1593,61683,0.01
9,63285,5491,1.0,6649,1593,61692,0.01
14,63299,5492,1.0,6650,1595,61704,0.01
14,63313,5493,1.0,6651,1595,61718,0.01
14,63327,5493,0.0,6652,1595,61732,0.01
12,63339,5493,0.0,6653,1596,61743,0.01
14,63353,5494,1.0,6654,1596,61757,0.01
10,63363,5494,0.0,6655,1597,61766,0.01
14,63377,5494,0.0,6656,1597,61780,0.01
24,63401,5494,0.0,6657,1597,61804,0.01
14,63415,5494,0.0,6658,1597,61818,0.01
5,63420,5494,0.0,6659,1597,61823,0.01
11,63431,5494,0.0,6660,1597,61834,0.01
14,63445,5495,1.0,6661,1597,61848,0.01
9,63454,5496,1.0,6662,1597,61857,0.01
9,63463,5497,1.0,6663,1597,61866,0.01
9,63472,5498,1.0,6664,1597,61875,0.01
9,63481,5499,1.0,6665,1597,61884,0.01
9,63490,5500,1.0,6666,1597,61893,0.01
9,63499,5501,1.0,6667,1597,61902,0.01
9,63508,5502,1.0,6668,1597,61911,0.01
9,63517,5503,1.0,6669,1597,61920,0.01
9,63526,5504,1.0,6670,1597,61929,0.01
9,63535,5505,1.0,6671,1597,61938,0.01
9,63544,5506,1.0,6672,1597,61947,0.01
18,63562,5507,1.0,6673,1598,61964,0.01
9,63571,5508,1.0,6674,1598,61973,0.01
9,63580,5509,1.0,6675,1598,61982,0.01
9,63589,5510,1.0,6676,1598,61991,0.01
9,63598,5511,1.0,6677,1598,62000,0.01
9,63607,5512,1.0,6678,1598,62009,0.01
9,63616,5513,1.0,6679,1598,62018,0.01
9,63625,5514,1.0,6680,1599,62026,0.01
9,63634,5515,1.0,6681,1599,62035,0.01
9,63643,5516,1.0,6682,1599,62044,0.01
9,63652,5517,1.0,6683,1599,62053,0.01
9,63661,5518,1.0,6684,1599,62062,0.01
9,63670,5519,1.0,6685,1599,62071,0.01
9,63679,5520,1.0,6686,1599,62080,0.01
9,63688,5521,1.0,6687,1599,62089,0.01
9,63697,5522,1.0,6688,1599,62098,0.01
9,63706,5523,1.0,6689,1599,62107,0.01
9,63715,5524,1.0,6690,1599,62116,0.01
9,63724,5525,1.0,6691,1599,62125,0.01
9,63733,5526,1.0,6692,1599,62134,0.01
9,63742,5527,1.0,6693,1599,62143,0.01
9,63751,5528,1.0,6694,1599,62152,0.01
9,63760,5529,1.0,6695,1599,62161,0.01
9,63769,5530,1.0,6696,1599,62170,0.01
9,63778,5531,1.0,6697,1599,62179,0.01
9,63787,5532,1.0,6698,1599,62188,0.01
9,63796,5533,1.0,6699,1599,62197,0.01
9,63805,5534,1.0,6700,1599,62206,0.01
9,63814,5535,1.0,6701,1599,62215,0.01
18,63832,5536,1.0,6702,1600,62232,0.01
7,63839,5536,0.0,6703,1600,62239,0.01
18,63857,5537,1.0,6704,1600,62257,0.01
18,63875,5538,1.0,6705,1600,62275,0.01
9,63884,5539,1.0,6706,1600,62284,0.01
25,63909,5539,0.0,6707,1601,62308,0.01
7,63916,5539,0.0,6708,1601,62315,0.01
18,63934,5540,1.0,6709,1601,62333,0.01
25,63959,5540,0.0,6710,1601,62358,0.01
19,63978,5540,0.0,6711,1601,62377,0.01
5,63983,5540,0.0,6712,1601,62382,0.01
59,64042,5540,0.0,6713,1601,62441,0.01
13,64055,5540,0.0,6714,1603,62452,0.01
26,64081,5541,1.0,6715,1603,62478,0.01
9,64090,5542,1.0,6716,1603,62487,0.01
18,64108,5543,1.0,6717,1604,62504,0.01
5,64113,5543,0.0,6718,1604,62509,0.01
18,64131,5544,1.0,6719,1604,62527,0.01
18,64149,5545,1.0,6720,1604,62545,0.01
18,64167,5546,1.0,6721,1605,62562,0.01
18,64185,5547,1.0,6722,1605,62580,0.01
18,64203,5548,1.0,6723,1605,62598,0.01
18,64221,5549,1.0,6724,1605,62616,0.01
18,64239,5550,1.0,6725,1605,62634,0.01
13,64252,5550,0.0,6726,1606,62646,0.01
15,64267,5551,1.0,6727,1607,62660,0.01
9,64276,5552,1.0,6728,1607,62669,0.01
18,64294,5553,1.0,6729,1607,62687,0.01
9,64303,5554,1.0,6730,1607,62696,0.01
9,64312,5555,1.0,6731,1607,62705,0.01
9,64321,5556,1.0,6732,1608,62713,0.01
9,64330,5557,1.0,6733,1608,62722,0.01
9,64339,5558,1.0,6734,1608,62731,0.01
9,64348,5559,1.0,6735,1608,62740,0.01
9,64357,5560,1.0,6736,1608,62749,0.01
9,64366,5561,1.0,6737,1608,62758,0.01
9,64375,5562,1.0,6738,1608,62767,0.01
18,64393,5563,1.0,6739,1610,62783,0.01
9,64402,5564,1.0,6740,1610,62792,0.01
9,64411,5565,1.0,6741,1611,62800,0.01
9,64420,5566,1.0,6742,1611,62809,0.01
9,64429,5567,1.0,6743,1611,62818,0.01
9,64438,5568,1.0,6744,1611,62827,0.01
9,64447,5569,1.0,6745,1611,62836,0.01
9,64456,5570,1.0,6746,1611,62845,0.01
4,64460,5570,0.0,6747,1612,62848,0.01
9,64469,5571,1.0,6748,1612,62857,0.01
9,64478,5572,1.0,6749,1612,62866,0.01
9,64487,5573,1.0,6750,1612,62875,0.01
9,64496,5574,1.0,6751,1612,62884,0.01
9,64505,5575,1.0,6752,1612,62893,0.01
9,64514,5576,1.0,6753,1612,62902,0.01
9,64523,5577,1.0,6754,1612,62911,0.01
9,64532,5578,1.0,6755,1612,62920,0.01
18,64550,5579,1.0,6756,1614,62936,0.01
9,64559,5580,1.0,6757,1614,62945,0.01
18,64577,5581,1.0,6758,1614,62963,0.01
18,64595,5582,1.0,6759,1614,62981,0.01
9,64604,5583,1.0,6760,1614,62990,0.01
18,64622,5584,1.0,6761,1614,63008,0.01
18,64640,5585,1.0,6762,1614,63026,0.01
13,64653,5585,0.0,6763,1615,63038,0.01
18,64671,5586,1.0,6764,1615,63056,0.01
18,64689,5587,1.0,6765,1615,63074,0.01
18,64707,5588,1.0,6766,1615,63092,0.01
18,64725,5589,1.0,6767,1615,63110,0.01
18,64743,5590,1.0,6768,1615,63128,0.01
18,64761,5591,1.0,6769,1615,63146,0.01
13,64774,5591,0.0,6770,1616,63158,0.01
18,64792,5592,1.0,6771,1616,63176,0.01
18,64810,5593,1.0,6772,1616,63194,0.01
18,64828,5594,1.0,6773,1616,63212,0.01
18,64846,5595,1.0,6774,1616,63230,0.01
26,64872,5596,1.0,6775,1617,63255,0.01
9,64881,5597,1.0,6776,1619,63262,0.01
14,64895,5597,0.0,6777,1619,63276,0.01
9,64904,5598,1.0,6778,1619,63285,0.01
9,64913,5599,1.0,6779,1619,63294,0.01
9,64922,5600,1.0,6780,1619,63303,0.01
9,64931,5601,1.0,6781,1619,63312,0.01
26,64957,5602,1.0,6782,1620,63337,0.01
9,64966,5603,1.0,6783,1620,63346,0.01
9,64975,5604,1.0,6784,1620,63355,0.01
9,64984,5605,1.0,6785,1620,63364,0.01
9,64993,5606,1.0,6786,1620,63373,0.01
9,65002,5607,1.0,6787,1620,63382,0.01
9,65011,5608,1.0,6788,1620,63391,0.01
9,65020,5609,1.0,6789,1620,63400,0.01
9,65029,5610,1.0,6790,1620,63409,0.01
9,65038,5611,1.0,6791,1620,63418,0.01
14,65052,5612,1.0,6792,1621,63431,0.01
9,65061,5613,1.0,6793,1621,63440,0.01
9,65070,5614,1.0,6794,1621,63449,0.01
9,65079,5615,1.0,6795,1621,63458,0.01
9,65088,5616,1.0,6796,1621,63467,0.01
9,65097,5617,1.0,6797,1621,63476,0.01
9,65106,5618,1.0,6798,1621,63485,0.01
9,65115,5619,1.0,6799,1621,63494,0.01
9,65124,5620,1.0,6800,1621,63503,0.01
9,65133,5621,1.0,6801,1621,63512,0.01
9,65142,5622,1.0,6802,1621,63521,0.01
9,65151,5623,1.0,6803,1621,63530,0.01
14,65165,5623,0.0,6804,1622,63543,0.01
14,65179,5624,1.0,6805,1622,63557,0.01
14,65193,5625,1.0,6806,1623,63570,0.01
9,65202,5626,1.0,6807,1623,63579,0.01
9,65211,5627,1.0,6808,1623,63588,0.01
9,65220,5628,1.0,6809,1623,63597,0.01
9,65229,5629,1.0,6810,1623,63606,0.01
9,65238,5630,1.0,6811,1623,63615,0.01
9,65247,5631,1.0,6812,1623,63624,0.01
9,65256,5632,1.0,6813,1623,63633,0.01
9,65265,5633,1.0,6814,1623,63642,0.01
9,65274,5634,1.0,6815,1623,63651,0.01
9,65283,5635,1.0,6816,1623,63660,0.01
9,65292,5636,1.0,6817,1623,63669,0.01
9,65301,5637,1.0,6818,1623,63678,0.01
9,65310,5638,1.0,6819,1623,63687,0.01
9,65319,5639,1.0,6820,1623,63696,0.01
9,65328,5640,1.0,6821,1623,63705,0.01
9,65337,5641,1.0,6822,1623,63714,0.01
9,65346,5642,1.0,6823,1623,63723,0.01
9,65355,5643,1.0,6824,1623,63732,0.01
9,65364,5644,1.0,6825,1623,63741,0.01
9,65373,5645,1.0,6826,1623,63750,0.01
9,65382,5646,1.0,6827,1623,63759,0.01
9,65391,5647,1.0,6828,1623,63768,0.01
9,65400,5648,1.0,6829,1623,63777,0.01
9,65409,5649,1.0,6830,1623,63786,0.01
9,65418,5650,1.0,6831,1623,63795,0.01
9,65427,5651,1.0,6832,1623,63804,0.01
9,65436,5652,1.0,6833,1623,63813,0.01
9,65445,5653,1.0,6834,1623,63822,0.01
9,65454,5654,1.0,6835,1623,63831,0.01
9,65463,5655,1.0,6836,1623,63840,0.01
9,65472,5656,1.0,6837,1623,63849,0.01
9,65481,5657,1.0,6838,1623,63858,0.01
9,65490,5658,1.0,6839,1623,63867,0.01
9,65499,5659,1.0,6840,1623,63876,0.01
9,65508,5660,1.0,6841,1623,63885,0.01
9,65517,5660,0.0,6842,1624,63893,0.01
3,65520,5660,0.0,6843,1624,63896,0.01
18,65538,5661,1.0,6844,1624,63914,0.01
18,65556,5662,1.0,6845,1624,63932,0.01
13,65569,5662,0.0,6846,1625,63944,0.01
18,65587,5663,1.0,6847,1625,63962,0.01
13,65600,5663,0.0,6848,1625,63975,0.01
9,65609,5663,0.0,6849,1625,63984,0.01
4,65613,5663,0.0,6850,1625,63988,0.01
13,65626,5663,0.0,6851,1625,64001,0.01
13,65639,5663,0.0,6852,1625,64014,0.01
9,65648,5664,1.0,6853,1625,64023,0.01
9,65657,5665,1.0,6854,1625,64032,0.01
9,65666,5666,1.0,6855,1625,64041,0.01
9,65675,5667,1.0,6856,1625,64050,0.01
9,65684,5668,1.0,6857,1625,64059,0.01
9,65693,5669,1.0,6858,1625,64068,0.01
9,65702,5670,1.0,6859,1626,64076,0.01
9,65711,5671,1.0,6860,1627,64084,0.01
9,65720,5672,1.0,6861,1627,64093,0.01
9,65729,5673,1.0,6862,1627,64102,0.01
9,65738,5674,1.0,6863,1627,64111,0.01
9,65747,5675,1.0,6864,1627,64120,0.01
9,65756,5676,1.0,6865,1627,64129,0.01
9,65765,5677,1.0,6866,1627,64138,0.01
9,65774,5678,1.0,6867,1627,64147,0.01
9,65783,5679,1.0,6868,1627,64156,0.01
9,65792,5680,1.0,6869,1627,64165,0.01
9,65801,5681,1.0,6870,1627,64174,0.01
9,65810,5682,1.0,6871,1627,64183,0.01
9,65819,5683,1.0,6872,1627,64192,0.01
9,65828,5684,1.0,6873,1627,64201,0.01
9,65837,5685,1.0,6874,1627,64210,0.01
9,65846,5686,1.0,6875,1627,64219,0.01
9,65855,5687,1.0,6876,1627,64228,0.01
9,65864,5688,1.0,6877,1627,64237,0.01
9,65873,5689,1.0,6878,1627,64246,0.01
9,65882,5689,0.0,6879,1628,64254,0.01
9,65891,5690,1.0,6880,1628,64263,0.01
9,65900,5691,1.0,6881,1628,64272,0.01
9,65909,5692,1.0,6882,1628,64281,0.01
9,65918,5693,1.0,6883,1628,64290,0.01
9,65927,5694,1.0,6884,1628,64299,0.01
9,65936,5695,1.0,6885,1628,64308,0.01
9,65945,5696,1.0,6886,1628,64317,0.01
9,65954,5697,1.0,6887,1629,64325,0.01
9,65963,5698,1.0,6888,1629,64334,0.01
9,65972,5699,1.0,6889,1629,64343,0.01
9,65981,5700,1.0,6890,1629,64352,0.01
9,65990,5701,1.0,6891,1629,64361,0.01
9,65999,5702,1.0,6892,1629,64370,0.01
9,66008,5703,1.0,6893,1629,64379,0.01
9,66017,5704,1.0,6894,1629,64388,0.01
9,66026,5705,1.0,6895,1629,64397,0.01
9,66035,5706,1.0,6896,1629,64406,0.01
9,66044,5707,1.0,6897,1629,64415,0.01
9,66053,5708,1.0,6898,1629,64424,0.01
9,66062,5709,1.0,6899,1629,64433,0.01
9,66071,5710,1.0,6900,1629,64442,0.01
9,66080,5711,1.0,6901,1629,64451,0.01
9,66089,5712,1.0,6902,1629,64460,0.01
9,66098,5713,1.0,6903,1629,64469,0.01
9,66107,5714,1.0,6904,1629,64478,0.01
9,66116,5715,1.0,6905,1629,64487,0.01
9,66125,5716,1.0,6906,1629,64496,0.01
9,66134,5717,1.0,6907,1629,64505,0.01
9,66143,5718,1.0,6908,1629,64514,0.01
9,66152,5719,1.0,6909,1629,64523,0.01
9,66161,5720,1.0,6910,1629,64532,0.01
9,66170,5721,1.0,6911,1629,64541,0.01
9,66179,5722,1.0,6912,1629,64550,0.01
9,66188,5723,1.0,6913,1629,64559,0.01
9,66197,5724,1.0,6914,1629,64568,0.01
9,66206,5725,1.0,6915,1629,64577,0.01
9,66215,5726,1.0,6916,1629,64586,0.01
9,66224,5727,1.0,6917,1629,64595,0.01
9,66233,5728,1.0,6918,1629,64604,0.01
9,66242,5729,1.0,6919,1630,64612,0.01
9,66251,5730,1.0,6920,1630,64621,0.01
9,66260,5731,1.0,6921,1630,64630,0.01
9,66269,5732,1.0,6922,1630,64639,0.01
9,66278,5733,1.0,6923,1630,64648,0.01
9,66287,5734,1.0,6924,1630,64657,0.01
9,66296,5735,1.0,6925,1630,64666,0.01
9,66305,5736,1.0,6926,1630,64675,0.01
9,66314,5737,1.0,6927,1630,64684,0.01
9,66323,5738,1.0,6928,1630,64693,0.01
9,66332,5739,1.0,6929,1630,64702,0.01
9,66341,5740,1.0,6930,1630,64711,0.01
9,66350,5741,1.0,6931,1630,64720,0.01
13,66363,5741,0.0,6932,1631,64732,0.01
7,66370,5741,0.0,6933,1631,64739,0.01
9,66379,5742,1.0,6934,1631,64748,0.01
9,66388,5743,1.0,6935,1631,64757,0.01
9,66397,5744,1.0,6936,1631,64766,0.01
9,66406,5745,1.0,6937,1631,64775,0.01
9,66415,5746,1.0,6938,1631,64784,0.01
9,66424,5747,1.0,6939,1631,64793,0.01
9,66433,5748,1.0,6940,1631,64802,0.01
9,66442,5749,1.0,6941,1631,64811,0.01
9,66451,5750,1.0,6942,1631,64820,0.01
9,66460,5751,1.0,6943,1631,64829,0.01
9,66469,5752,1.0,6944,1631,64838,0.01
9,66478,5753,1.0,6945,1631,64847,0.01
9,66487,5754,1.0,6946,1631,64856,0.01
9,66496,5755,1.0,6947,1631,64865,0.01
6,66502,5755,0.0,6948,1632,64870,0.01
9,66511,5756,1.0,6949,1632,64879,0.01
9,66520,5757,1.0,6950,1632,64888,0.01
9,66529,5758,1.0,6951,1632,64897,0.01
9,66538,5759,1.0,6952,1632,64906,0.01
9,66547,5760,1.0,6953,1632,64915,0.01
9,66556,5761,1.0,6954,1632,64924,0.01
9,66565,5762,1.0,6955,1632,64933,0.01
9,66574,5763,1.0,6956,1632,64942,0.01
9,66583,5764,1.0,6957,1632,64951,0.01
9,66592,5765,1.0,6958,1632,64960,0.01
9,66601,5766,1.0,6959,1632,64969,0.01
9,66610,5767,1.0,6960,1632,64978,0.01
9,66619,5768,1.0,6961,1632,64987,0.01
9,66628,5769,1.0,6962,1632,64996,0.01
9,66637,5770,1.0,6963,1632,65005,0.01
9,66646,5771,1.0,6964,1632,65014,0.01
9,66655,5772,1.0,6965,1632,65023,0.01
9,66664,5773,1.0,6966,1633,65031,0.01
9,66673,5774,1.0,6967,1633,65040,0.01
9,66682,5775,1.0,6968,1633,65049,0.01
9,66691,5776,1.0,6969,1633,65058,0.01
9,66700,5777,1.0,6970,1633,65067,0.01
9,66709,5778,1.0,6971,1633,65076,0.01
9,66718,5779,1.0,6972,1633,65085,0.01
9,66727,5780,1.0,6973,1633,65094,0.01
9,66736,5781,1.0,6974,1633,65103,0.01
9,66745,5782,1.0,6975,1633,65112,0.01
9,66754,5783,1.0,6976,1633,65121,0.01
9,66763,5784,1.0,6977,1633,65130,0.01
9,66772,5785,1.0,6978,1633,65139,0.01
9,66781,5786,1.0,6979,1633,65148,0.01
14,66795,5787,1.0,6980,1634,65161,0.01
4,66799,5787,0.0,6981,1635,65164,0.01
9,66808,5788,1.0,6982,1635,65173,0.01
9,66817,5789,1.0,6983,1635,65182,0.01
9,66826,5790,1.0,6984,1635,65191,0.01
9,66835,5791,1.0,6985,1635,65200,0.01
4,66839,5791,0.0,6986,1636,65203,0.01
9,66848,5792,1.0,6987,1636,65212,0.01
9,66857,5793,1.0,6988,1636,65221,0.01
9,66866,5794,1.0,6989,1636,65230,0.01
9,66875,5795,1.0,6990,1636,65239,0.01
9,66884,5796,1.0,6991,1636,65248,0.01
9,66893,5797,1.0,6992,1637,65256,0.01
9,66902,5797,0.0,6993,1637,65265,0.01
9,66911,5798,1.0,6994,1637,65274,0.01
15,66926,5798,0.0,6995,1637,65289,0.01
9,66935,5798,0.0,6996,1637,65298,0.01
2,66937,5798,0.0,6997,1637,65300,0.01
9,66946,5799,1.0,6998,1637,65309,0.01
14,66960,5799,0.0,6999,1637,65323,0.01
14,66974,5799,0.0,7000,1637,65337,0.01
14,66988,5799,0.0,7001,1637,65351,0.01
15,67003,5800,1.0,7002,1637,65366,0.01
4,67007,5800,0.0,7003,1637,65370,0.01
9,67016,5800,0.0,7004,1637,65379,0.01
14,67030,5800,0.0,7005,1637,65393,0.01
14,67044,5800,0.0,7006,1637,65407,0.01
14,67058,5800,0.0,7007,1637,65421,0.01
26,67084,5801,1.0,7008,1637,65447,0.01
9,67093,5801,0.0,7009,1637,65456,0.01
27,67120,5801,0.0,7010,1638,65482,0.01
5,67125,5801,0.0,7011,1638,65487,0.01
5,67130,5801,0.0,7012,1638,65492,0.01
14,67144,5802,1.0,7013,1638,65506,0.01
14,67158,5802,0.0,7014,1639,65519,0.01
25,67183,5802,0.0,7015,1639,65544,0.01
14,67197,5802,0.0,7016,1640,65557,0.01
9,67206,5803,1.0,7017,1640,65566,0.01
9,67215,5804,1.0,7018,1640,65575,0.01
9,67224,5805,1.0,7019,1641,65583,0.01
9,67233,5806,1.0,7020,1641,65592,0.01
9,67242,5807,1.0,7021,1641,65601,0.01
9,67251,5808,1.0,7022,1641,65610,0.01
9,67260,5809,1.0,7023,1641,65619,0.01
9,67269,5810,1.0,7024,1641,65628,0.01
9,67278,5811,1.0,7025,1641,65637,0.01
9,67287,5812,1.0,7026,1641,65646,0.01
9,67296,5813,1.0,7027,1641,65655,0.01
18,67314,5814,1.0,7028,1642,65672,0.01
9,67323,5815,1.0,7029,1642,65681,0.01
9,67332,5816,1.0,7030,1642,65690,0.01
9,67341,5817,1.0,7031,1642,65699,0.01
9,67350,5818,1.0,7032,1642,65708,0.01
9,67359,5819,1.0,7033,1642,65717,0.01
9,67368,5820,1.0,7034,1642,65726,0.01
9,67377,5821,1.0,7035,1642,65735,0.01
9,67386,5822,1.0,7036,1642,65744,0.01
9,67395,5823,1.0,7037,1642,65753,0.01
9,67404,5824,1.0,7038,1642,65762,0.01
9,67413,5825,1.0,7039,1642,65771,0.01
9,67422,5826,1.0,7040,1642,65780,0.01
9,67431,5827,1.0,7041,1642,65789,0.01
9,67440,5828,1.0,7042,1642,65798,0.01
9,67449,5829,1.0,7043,1642,65807,0.01
9,67458,5830,1.0,7044,1642,65816,0.01
9,67467,5831,1.0,7045,1642,65825,0.01
9,67476,5832,1.0,7046,1642,65834,0.01
9,67485,5833,1.0,7047,1642,65843,0.01
9,67494,5834,1.0,7048,1642,65852,0.01
9,67503,5835,1.0,7049,1642,65861,0.01
9,67512,5836,1.0,7050,1642,65870,0.01
9,67521,5837,1.0,7051,1642,65879,0.01
9,67530,5838,1.0,7052,1642,65888,0.01
9,67539,5839,1.0,7053,1642,65897,0.01
9,67548,5840,1.0,7054,1642,65906,0.01
14,67562,5841,1.0,7055,1643,65919,0.01
9,67571,5842,1.0,7056,1643,65928,0.01
9,67580,5843,1.0,7057,1643,65937,0.01
9,67589,5844,1.0,7058,1643,65946,0.01
9,67598,5845,1.0,7059,1643,65955,0.01
9,67607,5846,1.0,7060,1643,65964,0.01
9,67616,5847,1.0,7061,1643,65973,0.01
9,67625,5848,1.0,7062,1643,65982,0.01
9,67634,5849,1.0,7063,1643,65991,0.01
9,67643,5850,1.0,7064,1643,66000,0.01
9,67652,5851,1.0,7065,1643,66009,0.01
9,67661,5852,1.0,7066,1643,66018,0.01
9,67670,5853,1.0,7067,1643,66027,0.01
9,67679,5854,1.0,7068,1643,66036,0.01
9,67688,5855,1.0,7069,1643,66045,0.01
9,67697,5856,1.0,7070,1643,66054,0.01
9,67706,5857,1.0,7071,1644,66062,0.01
9,67715,5858,1.0,7072,1644,66071,0.01
9,67724,5859,1.0,7073,1644,66080,0.01
9,67733,5860,1.0,7074,1644,66089,0.01
9,67742,5861,1.0,7075,1644,66098,0.01
9,67751,5862,1.0,7076,1644,66107,0.01
9,67760,5863,1.0,7077,1644,66116,0.01
9,67769,5864,1.0,7078,1644,66125,0.01
9,67778,5865,1.0,7079,1644,66134,0.01
9,67787,5866,1.0,7080,1644,66143,0.01
9,67796,5867,1.0,7081,1644,66152,0.01
9,67805,5868,1.0,7082,1644,66161,0.01
14,67819,5868,0.0,7083,1645,66174,0.01
9,67828,5869,1.0,7084,1645,66183,0.01
9,67837,5870,1.0,7085,1645,66192,0.01
14,67851,5871,1.0,7086,1647,66204,0.01
9,67860,5872,1.0,7087,1647,66213,0.01
9,67869,5873,1.0,7088,1647,66222,0.01
9,67878,5874,1.0,7089,1647,66231,0.01
9,67887,5875,1.0,7090,1647,66240,0.01
9,67896,5876,1.0,7091,1647,66249,0.01
9,67905,5877,1.0,7092,1647,66258,0.01
9,67914,5878,1.0,7093,1647,66267,0.01
9,67923,5879,1.0,7094,1647,66276,0.01
9,67932,5880,1.0,7095,1647,66285,0.01
9,67941,5881,1.0,7096,1647,66294,0.01
9,67950,5882,1.0,7097,1647,66303,0.01
9,67959,5883,1.0,7098,1647,66312,0.01
9,67968,5884,1.0,7099,1647,66321,0.01
9,67977,5885,1.0,7100,1647,66330,0.01
9,67986,5886,1.0,7101,1647,66339,0.01
9,67995,5887,1.0,7102,1647,66348,0.01
9,68004,5888,1.0,7103,1647,66357,0.01
9,68013,5889,1.0,7104,1647,66366,0.01
14,68027,5890,1.0,7105,1648,66379,0.01
14,68041,5891,1.0,7106,1648,66393,0.01
14,68055,5891,0.0,7107,1648,66407,0.01
14,68069,5892,1.0,7108,1648,66421,0.01
13,68082,5893,1.0,7109,1648,66434,0.01
13,68095,5894,1.0,7110,1648,66447,0.01
13,68108,5895,1.0,7111,1648,66460,0.01
13,68121,5896,1.0,7112,1648,66473,0.01
13,68134,5897,1.0,7113,1648,66486,0.01
15,68149,5898,1.0,7114,1649,66500,0.01
13,68162,5898,0.0,7115,1649,66513,0.01
8,68170,5898,0.0,7116,1649,66521,0.01
9,68179,5899,1.0,7117,1649,66530,0.01
9,68188,5900,1.0,7118,1649,66539,0.01
9,68197,5901,1.0,7119,1649,66548,0.01
9,68206,5902,1.0,7120,1649,66557,0.01
9,68215,5903,1.0,7121,1649,66566,0.01
9,68224,5904,1.0,7122,1650,66574,0.01
9,68233,5905,1.0,7123,1650,66583,0.01
9,68242,5906,1.0,7124,1650,66592,0.01
9,68251,5907,1.0,7125,1650,66601,0.01
9,68260,5908,1.0,7126,1650,66610,0.01
9,68269,5909,1.0,7127,1650,66619,0.01
9,68278,5910,1.0,7128,1650,66628,0.01
9,68287,5911,1.0,7129,1650,66637,0.01
9,68296,5912,1.0,7130,1650,66646,0.01
9,68305,5913,1.0,7131,1650,66655,0.01
9,68314,5914,1.0,7132,1650,66664,0.01
9,68323,5915,1.0,7133,1650,66673,0.01
9,68332,5916,1.0,7134,1650,66682,0.01
9,68341,5917,1.0,7135,1650,66691,0.01
9,68350,5918,1.0,7136,1650,66700,0.01
9,68359,5919,1.0,7137,1650,66709,0.01
9,68368,5920,1.0,7138,1650,66718,0.01
9,68377,5921,1.0,7139,1650,66727,0.01
9,68386,5922,1.0,7140,1650,66736,0.01
9,68395,5923,1.0,7141,1650,66745,0.01
9,68404,5924,1.0,7142,1650,66754,0.01
9,68413,5925,1.0,7143,1650,66763,0.01
9,68422,5926,1.0,7144,1650,66772,0.01
9,68431,5927,1.0,7145,1650,66781,0.01
9,68440,5928,1.0,7146,1650,66790,0.01
9,68449,5929,1.0,7147,1650,66799,0.01
9,68458,5930,1.0,7148,1650,66808,0.01
9,68467,5931,1.0,7149,1650,66817,0.01
9,68476,5932,1.0,7150,1650,66826,0.01
9,68485,5933,1.0,7151,1650,66835,0.01
9,68494,5934,1.0,7152,1650,66844,0.01
9,68503,5935,1.0,7153,1650,66853,0.01
9,68512,5936,1.0,7154,1650,66862,0.01
9,68521,5937,1.0,7155,1650,66871,0.01
9,68530,5938,1.0,7156,1650,66880,0.01
9,68539,5939,1.0,7157,1650,66889,0.01
9,68548,5940,1.0,7158,1650,66898,0.01
9,68557,5941,1.0,7159,1650,66907,0.01
9,68566,5942,1.0,7160,1650,66916,0.01
9,68575,5943,1.0,7161,1650,66925,0.01
9,68584,5944,1.0,7162,1650,66934,0.01
9,68593,5945,1.0,7163,1650,66943,0.01
7,68600,5945,0.0,7164,1651,66949,0.01
9,68609,5946,1.0,7165,1651,66958,0.01
9,68618,5947,1.0,7166,1651,66967,0.01
9,68627,5948,1.0,7167,1651,66976,0.01
9,68636,5949,1.0,7168,1651,66985,0.01
18,68654,5950,1.0,7169,1652,67002,0.01
14,68668,5950,0.0,7170,1652,67016,0.01
9,68677,5951,1.0,7171,1652,67025,0.01
15,68692,5951,0.0,7172,1652,67040,0.01
9,68701,5952,1.0,7173,1652,67049,0.01
42,68743,5953,1.0,7174,1652,67091,0.01
9,68752,5953,0.0,7175,1652,67100,0.01
25,68777,5953,0.0,7176,1652,67125,0.01
25,68802,5953,0.0,7177,1652,67150,0.01
13,68815,5953,0.0,7178,1652,67163,0.01
13,68828,5953,0.0,7179,1652,67176,0.01
18,68846,5954,1.0,7180,1652,67194,0.01
18,68864,5955,1.0,7181,1652,67212,0.01
18,68882,5956,1.0,7182,1652,67230,0.01
18,68900,5957,1.0,7183,1652,67248,0.01
13,68913,5957,0.0,7184,1653,67260,0.01
14,68927,5958,1.0,7185,1653,67274,0.01
14,68941,5959,1.0,7186,1653,67288,0.01
14,68955,5960,1.0,7187,1654,67301,0.01
14,68969,5961,1.0,7188,1654,67315,0.01
9,68978,5961,0.0,7189,1655,67323,0.01
14,68992,5961,0.0,7190,1655,67337,0.01
14,69006,5962,1.0,7191,1655,67351,0.01
14,69020,5963,1.0,7192,1655,67365,0.01
14,69034,5964,1.0,7193,1655,67379,0.01
14,69048,5965,1.0,7194,1655,67393,0.01
25,69073,5965,0.0,7195,1656,67417,0.01
14,69087,5966,1.0,7196,1656,67431,0.01
14,69101,5967,1.0,7197,1656,67445,0.01
14,69115,5968,1.0,7198,1656,67459,0.01
14,69129,5969,1.0,7199,1656,67473,0.01
14,69143,5970,1.0,7200,1656,67487,0.01
14,69157,5971,1.0,7201,1656,67501,0.01
14,69171,5972,1.0,7202,1656,67515,0.01
14,69185,5973,1.0,7203,1656,67529,0.01
14,69199,5974,1.0,7204,1656,67543,0.01
14,69213,5975,1.0,7205,1656,67557,0.01
14,69227,5976,1.0,7206,1656,67571,0.01
14,69241,5977,1.0,7207,1656,67585,0.01
14,69255,5978,1.0,7208,1656,67599,0.01
14,69269,5979,1.0,7209,1656,67613,0.01
13,69282,5979,0.0,7210,1657,67625,0.01
14,69296,5980,1.0,7211,1657,67639,0.01
14,69310,5981,1.0,7212,1658,67652,0.01
4,69314,5981,0.0,7213,1659,67655,0.01
14,69328,5982,1.0,7214,1659,67669,0.01
14,69342,5983,1.0,7215,1659,67683,0.01
14,69356,5984,1.0,7216,1659,67697,0.01
14,69370,5985,1.0,7217,1659,67711,0.01
14,69384,5986,1.0,7218,1659,67725,0.01
14,69398,5987,1.0,7219,1659,67739,0.01
14,69412,5988,1.0,7220,1659,67753,0.01
14,69426,5989,1.0,7221,1659,67767,0.01
14,69440,5990,1.0,7222,1659,67781,0.01
14,69454,5991,1.0,7223,1659,67795,0.01
14,69468,5992,1.0,7224,1659,67809,0.01
14,69482,5993,1.0,7225,1659,67823,0.01
14,69496,5994,1.0,7226,1659,67837,0.01
14,69510,5995,1.0,7227,1659,67851,0.01
14,69524,5996,1.0,7228,1659,67865,0.01
14,69538,5997,1.0,7229,1659,67879,0.01
14,69552,5998,1.0,7230,1659,67893,0.01
14,69566,5999,1.0,7231,1659,67907,0.01
14,69580,6000,1.0,7232,1659,67921,0.01
14,69594,6001,1.0,7233,1659,67935,0.01
14,69608,6002,1.0,7234,1659,67949,0.01
14,69622,6003,1.0,7235,1659,67963,0.01
14,69636,6004,1.0,7236,1659,67977,0.01
14,69650,6005,1.0,7237,1659,67991,0.01
14,69664,6006,1.0,7238,1659,68005,0.01
14,69678,6007,1.0,7239,1659,68019,0.01
14,69692,6008,1.0,7240,1659,68033,0.01
14,69706,6009,1.0,7241,1659,68047,0.01
14,69720,6010,1.0,7242,1659,68061,0.01
14,69734,6011,1.0,7243,1659,68075,0.01
14,69748,6012,1.0,7244,1659,68089,0.01
7,69755,6012,0.0,7245,1660,68095,0.01
14,69769,6013,1.0,7246,1660,68109,0.01
14,69783,6014,1.0,7247,1660,68123,0.01
14,69797,6015,1.0,7248,1660,68137,0.01
14,69811,6016,1.0,7249,1660,68151,0.01
14,69825,6017,1.0,7250,1661,68164,0.01
14,69839,6017,0.0,7251,1661,68178,0.01
14,69853,6018,1.0,7252,1661,68192,0.01
14,69867,6019,1.0,7253,1661,68206,0.01
14,69881,6020,1.0,7254,1661,68220,0.01
14,69895,6021,1.0,7255,1661,68234,0.01
14,69909,6022,1.0,7256,1661,68248,0.01
14,69923,6023,1.0,7257,1661,68262,0.01
14,69937,6024,1.0,7258,1661,68276,0.01
14,69951,6024,0.0,7259,1662,68289,0.01
13,69964,6024,0.0,7260,1663,68301,0.01
14,69978,6025,1.0,7261,1663,68315,0.01
14,69992,6026,1.0,7262,1663,68329,0.01
14,70006,6027,1.0,7263,1663,68343,0.01
14,70020,6028,1.0,7264,1663,68357,0.01
14,70034,6029,1.0,7265,1663,68371,0.01
14,70048,6030,1.0,7266,1664,68384,0.01
14,70062,6031,1.0,7267,1664,68398,0.01
13,70075,6031,0.0,7268,1664,68411,0.01
14,70089,6032,1.0,7269,1664,68425,0.01
14,70103,6032,0.0,7270,1664,68439,0.01
22,70125,6032,0.0,7271,1664,68461,0.01
5,70130,6032,0.0,7272,1664,68466,0.01
5,70135,6032,0.0,7273,1664,68471,0.01
9,70144,6033,1.0,7274,1664,68480,0.01
9,70153,6034,1.0,7275,1664,68489,0.01
9,70162,6035,1.0,7276,1664,68498,0.01
9,70171,6036,1.0,7277,1664,68507,0.01
9,70180,6037,1.0,7278,1664,68516,0.01
9,70189,6038,1.0,7279,1664,68525,0.01
9,70198,6039,1.0,7280,1664,68534,0.01
9,70207,6040,1.0,7281,1664,68543,0.01
9,70216,6041,1.0,7282,1664,68552,0.01
9,70225,6042,1.0,7283,1664,68561,0.01
9,70234,6043,1.0,7284,1664,68570,0.01
9,70243,6044,1.0,7285,1664,68579,0.01
9,70252,6045,1.0,7286,1664,68588,0.01
9,70261,6046,1.0,7287,1664,68597,0.01
9,70270,6047,1.0,7288,1664,68606,0.01
9,70279,6048,1.0,7289,1664,68615,0.01
9,70288,6049,1.0,7290,1664,68624,0.01
9,70297,6049,0.0,7291,1665,68632,0.01
3,70300,6049,0.0,7292,1665,68635,0.01
2,70302,6049,0.0,7293,1665,68637,0.01
14,70316,6049,0.0,7294,1665,68651,0.01
14,70330,6049,0.0,7295,1665,68665,0.01
12,70342,6049,0.0,7296,1665,68677,0.01
47,70389,6049,0.0,7297,1666,68723,0.01
2,70391,6049,0.0,7298,1666,68725,0.01
6,70397,6050,1.0,7299,1666,68731,0.01
6,70403,6051,1.0,7300,1666,68737,0.01
6,70409,6052,1.0,7301,1666,68743,0.01
6,70415,6053,1.0,7302,1666,68749,0.01
6,70421,6054,1.0,7303,1667,68754,0.01
6,70427,6055,1.0,7304,1667,68760,0.01
6,70433,6056,1.0,7305,1667,68766,0.01
6,70439,6057,1.0,7306,1667,68772,0.01
6,70445,6058,1.0,7307,1667,68778,0.01
6,70451,6059,1.0,7308,1667,68784,0.01
6,70457,6060,1.0,7309,1667,68790,0.01
6,70463,6061,1.0,7310,1667,68796,0.01
6,70469,6062,1.0,7311,1667,68802,0.01
6,70475,6063,1.0,7312,1667,68808,0.01
6,70481,6064,1.0,7313,1667,68814,0.01
6,70487,6065,1.0,7314,1667,68820,0.01
6,70493,6066,1.0,7315,1668,68825,0.01
6,70499,6067,1.0,7316,1668,68831,0.01
6,70505,6068,1.0,7317,1668,68837,0.01
6,70511,6069,1.0,7318,1668,68843,0.01
6,70517,6070,1.0,7319,1668,68849,0.01
6,70523,6071,1.0,7320,1668,68855,0.01
6,70529,6072,1.0,7321,1668,68861,0.01
6,70535,6073,1.0,7322,1668,68867,0.01
6,70541,6074,1.0,7323,1668,68873,0.01
6,70547,6075,1.0,7324,1668,68879,0.01
6,70553,6076,1.0,7325,1668,68885,0.01
6,70559,6077,1.0,7326,1668,68891,0.01
6,70565,6078,1.0,7327,1668,68897,0.01
6,70571,6079,1.0,7328,1668,68903,0.01
6,70577,6080,1.0,7329,1668,68909,0.01
6,70583,6081,1.0,7330,1668,68915,0.01
6,70589,6082,1.0,7331,1668,68921,0.01
6,70595,6083,1.0,7332,1668,68927,0.01
6,70601,6084,1.0,7333,1668,68933,0.01
6,70607,6085,1.0,7334,1668,68939,0.01
6,70613,6086,1.0,7335,1668,68945,0.01
6,70619,6087,1.0,7336,1668,68951,0.01
6,70625,6088,1.0,7337,1668,68957,0.01
6,70631,6089,1.0,7338,1668,68963,0.01
6,70637,6090,1.0,7339,1668,68969,0.01
6,70643,6091,1.0,7340,1668,68975,0.01
6,70649,6092,1.0,7341,1668,68981,0.01
6,70655,6093,1.0,7342,1668,68987,0.01
6,70661,6094,1.0,7343,1668,68993,0.01
6,70667,6095,1.0,7344,1668,68999,0.01
6,70673,6096,1.0,7345,1668,69005,0.01
6,70679,6097,1.0,7346,1668,69011,0.01
6,70685,6098,1.0,7347,1668,69017,0.01
6,70691,6099,1.0,7348,1668,69023,0.01
6,70697,6100,1.0,7349,1668,69029,0.01
6,70703,6101,1.0,7350,1668,69035,0.01
6,70709,6102,1.0,7351,1668,69041,0.01
6,70715,6103,1.0,7352,1668,69047,0.01
6,70721,6104,1.0,7353,1668,69053,0.01
6,70727,6105,1.0,7354,1668,69059,0.01
6,70733,6106,1.0,7355,1668,69065,0.01
6,70739,6107,1.0,7356,1668,69071,0.01
46,70785,6108,1.0,7357,1670,69115,0.01
5,70790,6108,0.0,7358,1670,69120,0.01
6,70796,6109,1.0,7359,1670,69126,0.01
6,70802,6110,1.0,7360,1670,69132,0.01
6,70808,6111,1.0,7361,1670,69138,0.01
6,70814,6112,1.0,7362,1670,69144,0.01
6,70820,6113,1.0,7363,1670,69150,0.01
6,70826,6114,1.0,7364,1670,69156,0.01
6,70832,6115,1.0,7365,1670,69162,0.01
6,70838,6116,1.0,7366,1670,69168,0.01
6,70844,6117,1.0,7367,1670,69174,0.01
6,70850,6118,1.0,7368,1670,69180,0.01
6,70856,6119,1.0,7369,1670,69186,0.01
6,70862,6120,1.0,7370,1670,69192,0.01
6,70868,6121,1.0,7371,1670,69198,0.01
6,70874,6122,1.0,7372,1670,69204,0.01
6,70880,6123,1.0,7373,1670,69210,0.01
6,70886,6124,1.0,7374,1670,69216,0.01
6,70892,6125,1.0,7375,1670,69222,0.01
6,70898,6126,1.0,7376,1670,69228,0.01
6,70904,6127,1.0,7377,1670,69234,0.01
6,70910,6128,1.0,7378,1670,69240,0.01
6,70916,6129,1.0,7379,1670,69246,0.01
6,70922,6130,1.0,7380,1670,69252,0.01
6,70928,6131,1.0,7381,1670,69258,0.01
6,70934,6132,1.0,7382,1670,69264,0.01
6,70940,6133,1.0,7383,1670,69270,0.01
6,70946,6134,1.0,7384,1670,69276,0.01
6,70952,6135,1.0,7385,1670,69282,0.01
6,70958,6136,1.0,7386,1670,69288,0.01
6,70964,6137,1.0,7387,1670,69294,0.01
6,70970,6138,1.0,7388,1670,69300,0.01
6,70976,6139,1.0,7389,1670,69306,0.01
6,70982,6140,1.0,7390,1670,69312,0.01
6,70988,6141,1.0,7391,1670,69318,0.01
6,70994,6142,1.0,7392,1671,69323,0.01
6,71000,6143,1.0,7393,1671,69329,0.01
6,71006,6144,1.0,7394,1671,69335,0.01
6,71012,6145,1.0,7395,1671,69341,0.01
6,71018,6146,1.0,7396,1671,69347,0.01
6,71024,6147,1.0,7397,1671,69353,0.01
6,71030,6148,1.0,7398,1671,69359,0.01
6,71036,6149,1.0,7399,1671,69365,0.01
6,71042,6150,1.0,7400,1671,69371,0.01
6,71048,6151,1.0,7401,1671,69377,0.01
6,71054,6152,1.0,7402,1671,69383,0.01
6,71060,6153,1.0,7403,1671,69389,0.01
6,71066,6154,1.0,7404,1671,69395,0.01
6,71072,6155,1.0,7405,1671,69401,0.01
6,71078,6156,1.0,7406,1671,69407,0.01
6,71084,6157,1.0,7407,1671,69413,0.01
6,71090,6158,1.0,7408,1671,69419,0.01
6,71096,6159,1.0,7409,1671,69425,0.01
6,71102,6160,1.0,7410,1671,69431,0.01
6,71108,6161,1.0,7411,1671,69437,0.01
6,71114,6162,1.0,7412,1671,69443,0.01
6,71120,6163,1.0,7413,1671,69449,0.01
6,71126,6164,1.0,7414,1671,69455,0.01
6,71132,6165,1.0,7415,1671,69461,0.01
6,71138,6166,1.0,7416,1671,69467,0.01
6,71144,6167,1.0,7417,1671,69473,0.01
6,71150,6168,1.0,7418,1671,69479,0.01
6,71156,6169,1.0,7419,1671,69485,0.01
6,71162,6170,1.0,7420,1671,69491,0.01
6,71168,6171,1.0,7421,1671,69497,0.01
6,71174,6172,1.0,7422,1671,69503,0.01
6,71180,6173,1.0,7423,1672,69508,0.01
6,71186,6174,1.0,7424,1672,69514,0.01
6,71192,6175,1.0,7425,1672,69520,0.01
6,71198,6176,1.0,7426,1672,69526,0.01
6,71204,6177,1.0,7427,1672,69532,0.01
6,71210,6178,1.0,7428,1672,69538,0.01
6,71216,6179,1.0,7429,1672,69544,0.01
6,71222,6180,1.0,7430,1672,69550,0.01
6,71228,6181,1.0,7431,1672,69556,0.01
6,71234,6182,1.0,7432,1672,69562,0.01
6,71240,6183,1.0,7433,1672,69568,0.01
6,71246,6184,1.0,7434,1672,69574,0.01
6,71252,6185,1.0,7435,1672,69580,0.01
6,71258,6186,1.0,7436,1672,69586,0.01
6,71264,6187,1.0,7437,1672,69592,0.01
6,71270,6188,1.0,7438,1672,69598,0.01
6,71276,6189,1.0,7439,1672,69604,0.01
6,71282,6190,1.0,7440,1672,69610,0.01
6,71288,6191,1.0,7441,1672,69616,0.01
4,71292,6191,0.0,7442,1673,69619,0.01
6,71298,6192,1.0,7443,1673,69625,0.01
6,71304,6193,1.0,7444,1673,69631,0.01
6,71310,6194,1.0,7445,1673,69637,0.01
6,71316,6195,1.0,7446,1673,69643,0.01
6,71322,6196,1.0,7447,1673,69649,0.01
6,71328,6197,1.0,7448,1673,69655,0.01
6,71334,6198,1.0,7449,1673,69661,0.01
6,71340,6199,1.0,7450,1673,69667,0.01
6,71346,6200,1.0,7451,1673,69673,0.01
2,71348,6200,0.0,7452,1674,69674,0.01
6,71354,6201,1.0,7453,1674,69680,0.01
6,71360,6202,1.0,7454,1674,69686,0.01
6,71366,6203,1.0,7455,1674,69692,0.01
6,71372,6204,1.0,7456,1674,69698,0.01
6,71378,6205,1.0,7457,1674,69704,0.01
6,71384,6206,1.0,7458,1674,69710,0.01
6,71390,6207,1.0,7459,1674,69716,0.01
6,71396,6208,1.0,7460,1674,69722,0.01
6,71402,6209,1.0,7461,1674,69728,0.01
6,71408,6210,1.0,7462,1674,69734,0.01
6,71414,6211,1.0,7463,1674,69740,0.01
6,71420,6212,1.0,7464,1674,69746,0.01
6,71426,6213,1.0,7465,1674,69752,0.01
6,71432,6214,1.0,7466,1674,69758,0.01
6,71438,6215,1.0,7467,1674,69764,0.01
6,71444,6216,1.0,7468,1674,69770,0.01
6,71450,6217,1.0,7469,1674,69776,0.01
6,71456,6218,1.0,7470,1674,69782,0.01
6,71462,6219,1.0,7471,1674,69788,0.01
6,71468,6220,1.0,7472,1674,69794,0.01
6,71474,6221,1.0,7473,1674,69800,0.01
6,71480,6222,1.0,7474,1674,69806,0.01
6,71486,6223,1.0,7475,1674,69812,0.01
6,71492,6224,1.0,7476,1674,69818,0.01
6,71498,6225,1.0,7477,1674,69824,0.01
6,71504,6226,1.0,7478,1675,69829,0.01
6,71510,6227,1.0,7479,1675,69835,0.01
6,71516,6228,1.0,7480,1675,69841,0.01
6,71522,6229,1.0,7481,1675,69847,0.01
6,71528,6230,1.0,7482,1675,69853,0.01
6,71534,6231,1.0,7483,1675,69859,0.01
6,71540,6232,1.0,7484,1675,69865,0.01
6,71546,6233,1.0,7485,1675,69871,0.01
6,71552,6234,1.0,7486,1675,69877,0.01
6,71558,6235,1.0,7487,1675,69883,0.01
6,71564,6236,1.0,7488,1675,69889,0.01
6,71570,6237,1.0,7489,1675,69895,0.01
6,71576,6238,1.0,7490,1675,69901,0.01
6,71582,6239,1.0,7491,1675,69907,0.01
6,71588,6240,1.0,7492,1675,69913,0.01
6,71594,6241,1.0,7493,1675,69919,0.01
6,71600,6242,1.0,7494,1675,69925,0.01
6,71606,6243,1.0,7495,1675,69931,0.01
6,71612,6244,1.0,7496,1675,69937,0.01
6,71618,6245,1.0,7497,1675,69943,0.01
6,71624,6246,1.0,7498,1675,69949,0.01
6,71630,6247,1.0,7499,1675,69955,0.01
6,71636,6248,1.0,7500,1675,69961,0.01
6,71642,6249,1.0,7501,1675,69967,0.01
6,71648,6250,1.0,7502,1675,69973,0.01
6,71654,6251,1.0,7503,1675,69979,0.01
6,71660,6252,1.0,7504,1676,69984,0.01
6,71666,6253,1.0,7505,1676,69990,0.01
6,71672,6254,1.0,7506,1676,69996,0.01
6,71678,6255,1.0,7507,1676,70002,0.01
6,71684,6256,1.0,7508,1676,70008,0.01
6,71690,6257,1.0,7509,1676,70014,0.01
6,71696,6258,1.0,7510,1676,70020,0.01
6,71702,6259,1.0,7511,1677,70025,0.01
6,71708,6260,1.0,7512,1677,70031,0.01
6,71714,6261,1.0,7513,1677,70037,0.01
6,71720,6262,1.0,7514,1677,70043,0.01
6,71726,6263,1.0,7515,1677,70049,0.01
4,71730,6263,0.0,7516,1678,70052,0.01
6,71736,6264,1.0,7517,1678,70058,0.01
6,71742,6265,1.0,7518,1678,70064,0.01
6,71748,6266,1.0,7519,1678,70070,0.01
6,71754,6267,1.0,7520,1678,70076,0.01
6,71760,6268,1.0,7521,1678,70082,0.01
6,71766,6269,1.0,7522,1678,70088,0.01
6,71772,6270,1.0,7523,1678,70094,0.01
6,71778,6271,1.0,7524,1678,70100,0.01
6,71784,6272,1.0,7525,1678,70106,0.01
6,71790,6273,1.0,7526,1678,70112,0.01
6,71796,6274,1.0,7527,1678,70118,0.01
6,71802,6275,1.0,7528,1678,70124,0.01
6,71808,6276,1.0,7529,1678,70130,0.01
6,71814,6277,1.0,7530,1678,70136,0.01
6,71820,6278,1.0,7531,1678,70142,0.01
6,71826,6279,1.0,7532,1678,70148,0.01
6,71832,6280,1.0,7533,1678,70154,0.01
6,71838,6281,1.0,7534,1678,70160,0.01
6,71844,6282,1.0,7535,1678,70166,0.01
6,71850,6283,1.0,7536,1678,70172,0.01
6,71856,6284,1.0,7537,1678,70178,0.01
6,71862,6285,1.0,7538,1678,70184,0.01
6,71868,6286,1.0,7539,1678,70190,0.01
6,71874,6287,1.0,7540,1678,70196,0.01
42,71916,6287,0.0,7541,1680,70236,0.01
14,71930,6287,0.0,7542,1680,70250,0.01
13,71943,6287,0.0,7543,1680,70263,0.01
11,71954,6287,0.0,7544,1680,70274,0.01
14,71968,6287,0.0,7545,1680,70288,0.01
5,71973,6287,0.0,7546,1680,70293,0.01
12,71985,6287,0.0,7547,1681,70304,0.01
13,71998,6287,0.0,7548,1681,70317,0.01
14,72012,6287,0.0,7549,1681,70331,0.01
14,72026,6287,0.0,7550,1681,70345,0.01
18,72044,6287,0.0,7551,1681,70363,0.01
7,72051,6287,0.0,7552,1681,70370,0.01
13,72064,6287,0.0,7553,1681,70383,0.01
10,72074,6287,0.0,7554,1681,70393,0.01
21,72095,6287,0.0,7555,1681,70414,0.01
9,72104,6287,0.0,7556,1682,70422,0.01
8,72112,6287,0.0,7557,1682,70430,0.01
31,72143,6288,1.0,7558,1683,70460,0.01
6,72149,6288,0.0,7559,1683,70466,0.01
5,72154,6288,0.0,7560,1683,70471,0.01
7,72161,6288,0.0,7561,1683,70478,0.01
14,72175,6288,0.0,7562,1683,70492,0.01
14,72189,6288,0.0,7563,1684,70505,0.01
3,72192,6288,0.0,7564,1684,70508,0.01
2,72194,6288,0.0,7565,1684,70510,0.01
25,72219,6288,0.0,7566,1685,70534,0.01
7,72226,6288,0.0,7567,1685,70541,0.01
15,72241,6288,0.0,7568,1685,70556,0.01
16,72257,6288,0.0,7569,1685,70572,0.01
7,72264,6288,0.0,7570,1685,70579,0.01
10,72274,6289,1.0,7571,1685,70589,0.01
6,72280,6290,1.0,7572,1685,70595,0.01
6,72286,6291,1.0,7573,1685,70601,0.01
6,72292,6292,1.0,7574,1685,70607,0.01
6,72298,6293,1.0,7575,1685,70613,0.01
6,72304,6294,1.0,7576,1685,70619,0.01
6,72310,6295,1.0,7577,1685,70625,0.01
6,72316,6296,1.0,7578,1685,70631,0.01
6,72322,6297,1.0,7579,1685,70637,0.01
6,72328,6298,1.0,7580,1685,70643,0.01
6,72334,6299,1.0,7581,1685,70649,0.01
6,72340,6300,1.0,7582,1685,70655,0.01
6,72346,6301,1.0,7583,1685,70661,0.01
6,72352,6302,1.0,7584,1685,70667,0.01
6,72358,6303,1.0,7585,1685,70673,0.01
6,72364,6304,1.0,7586,1685,70679,0.01
6,72370,6305,1.0,7587,1685,70685,0.01
6,72376,6306,1.0,7588,1685,70691,0.01
6,72382,6307,1.0,7589,1685,70697,0.01
6,72388,6308,1.0,7590,1685,70703,0.01
6,72394,6309,1.0,7591,1685,70709,0.01
6,72400,6310,1.0,7592,1685,70715,0.01
6,72406,6311,1.0,7593,1685,70721,0.01
6,72412,6312,1.0,7594,1685,70727,0.01
6,72418,6313,1.0,7595,1685,70733,0.01
6,72424,6314,1.0,7596,1685,70739,0.01
6,72430,6315,1.0,7597,1685,70745,0.01
6,72436,6316,1.0,7598,1685,70751,0.01
6,72442,6317,1.0,7599,1685,70757,0.01
6,72448,6318,1.0,7600,1685,70763,0.01
6,72454,6319,1.0,7601,1685,70769,0.01
6,72460,6320,1.0,7602,1685,70775,0.01
6,72466,6321,1.0,7603,1685,70781,0.01
6,72472,6322,1.0,7604,1685,70787,0.01
6,72478,6323,1.0,7605,1685,70793,0.01
6,72484,6324,1.0,7606,1685,70799,0.01
6,72490,6325,1.0,7607,1685,70805,0.01
6,72496,6326,1.0,7608,1685,70811,0.01
6,72502,6327,1.0,7609,1685,70817,0.01
6,72508,6328,1.0,7610,1685,70823,0.01
6,72514,6329,1.0,7611,1685,70829,0.01
6,72520,6330,1.0,7612,1685,70835,0.01
6,72526,6331,1.0,7613,1685,70841,0.01
6,72532,6332,1.0,7614,1685,70847,0.01
6,72538,6333,1.0,7615,1685,70853,0.01
6,72544,6334,1.0,7616,1685,70859,0.01
6,72550,6335,1.0,7617,1685,70865,0.01
6,72556,6336,1.0,7618,1685,70871,0.01
6,72562,6337,1.0,7619,1685,70877,0.01
6,72568,6338,1.0,7620,1685,70883,0.01
6,72574,6339,1.0,7621,1685,70889,0.01
6,72580,6340,1.0,7622,1685,70895,0.01
6,72586,6341,1.0,7623,1685,70901,0.01
6,72592,6342,1.0,7624,1685,70907,0.01
6,72598,6343,1.0,7625,1685,70913,0.01
6,72604,6344,1.0,7626,1685,70919,0.01
6,72610,6345,1.0,7627,1685,70925,0.01
6,72616,6346,1.0,7628,1685,70931,0.01
6,72622,6347,1.0,7629,1685,70937,0.01
6,72628,6348,1.0,7630,1685,70943,0.01
6,72634,6349,1.0,7631,1685,70949,0.01
6,72640,6350,1.0,7632,1685,70955,0.01
6,72646,6351,1.0,7633,1685,70961,0.01
6,72652,6352,1.0,7634,1685,70967,0.01
6,72658,6353,1.0,7635,1685,70973,0.01
6,72664,6354,1.0,7636,1685,70979,0.01
6,72670,6355,1.0,7637,1685,70985,0.01
6,72676,6356,1.0,7638,1685,70991,0.01
6,72682,6357,1.0,7639,1685,70997,0.01
6,72688,6358,1.0,7640,1685,71003,0.01
6,72694,6359,1.0,7641,1685,71009,0.01
6,72700,6360,1.0,7642,1685,71015,0.01
6,72706,6361,1.0,7643,1685,71021,0.01
6,72712,6362,1.0,7644,1685,71027,0.01
6,72718,6363,1.0,7645,1685,71033,0.01
6,72724,6364,1.0,7646,1685,71039,0.01
6,72730,6365,1.0,7647,1685,71045,0.01
6,72736,6366,1.0,7648,1685,71051,0.01
6,72742,6367,1.0,7649,1685,71057,0.01
6,72748,6368,1.0,7650,1685,71063,0.01
6,72754,6369,1.0,7651,1685,71069,0.01
6,72760,6370,1.0,7652,1685,71075,0.01
6,72766,6371,1.0,7653,1685,71081,0.01
6,72772,6372,1.0,7654,1685,71087,0.01
6,72778,6373,1.0,7655,1685,71093,0.01
6,72784,6374,1.0,7656,1685,71099,0.01
6,72790,6375,1.0,7657,1685,71105,0.01
6,72796,6376,1.0,7658,1685,71111,0.01
6,72802,6377,1.0,7659,1685,71117,0.01
4,72806,6377,0.0,7660,1686,71120,0.01
6,72812,6378,1.0,7661,1686,71126,0.01
6,72818,6379,1.0,7662,1686,71132,0.01
6,72824,6380,1.0,7663,1686,71138,0.01
6,72830,6381,1.0,7664,1686,71144,0.01
6,72836,6382,1.0,7665,1687,71149,0.01
6,72842,6383,1.0,7666,1687,71155,0.01
6,72848,6384,1.0,7667,1688,71160,0.01
6,72854,6385,1.0,7668,1688,71166,0.01
6,72860,6386,1.0,7669,1688,71172,0.01
6,72866,6387,1.0,7670,1688,71178,0.01
6,72872,6388,1.0,7671,1688,71184,0.01
6,72878,6389,1.0,7672,1688,71190,0.01
6,72884,6390,1.0,7673,1688,71196,0.01
6,72890,6391,1.0,7674,1688,71202,0.01
6,72896,6392,1.0,7675,1688,71208,0.01
6,72902,6393,1.0,7676,1688,71214,0.01
6,72908,6394,1.0,7677,1688,71220,0.01
6,72914,6395,1.0,7678,1689,71225,0.01
6,72920,6396,1.0,7679,1689,71231,0.01
6,72926,6397,1.0,7680,1689,71237,0.01
6,72932,6398,1.0,7681,1689,71243,0.01
6,72938,6399,1.0,7682,1689,71249,0.01
6,72944,6400,1.0,7683,1689,71255,0.01
6,72950,6401,1.0,7684,1689,71261,0.01
6,72956,6402,1.0,7685,1689,71267,0.01
6,72962,6403,1.0,7686,1689,71273,0.01
10,72972,6404,1.0,7687,1690,71282,0.01
6,72978,6405,1.0,7688,1690,71288,0.01
6,72984,6406,1.0,7689,1690,71294,0.01
6,72990,6407,1.0,7690,1690,71300,0.01
6,72996,6408,1.0,7691,1690,71306,0.01
6,73002,6409,1.0,7692,1690,71312,0.01
6,73008,6410,1.0,7693,1690,71318,0.01
6,73014,6411,1.0,7694,1690,71324,0.01
6,73020,6412,1.0,7695,1690,71330,0.01
6,73026,6413,1.0,7696,1690,71336,0.01
6,73032,6414,1.0,7697,1690,71342,0.01
6,73038,6415,1.0,7698,1690,71348,0.01
13,73051,6415,0.0,7699,1691,71360,0.01
6,73057,6416,1.0,7700,1691,71366,0.01
6,73063,6417,1.0,7701,1691,71372,0.01
6,73069,6418,1.0,7702,1691,71378,0.01
6,73075,6419,1.0,7703,1691,71384,0.01
6,73081,6420,1.0,7704,1691,71390,0.01
6,73087,6421,1.0,7705,1691,71396,0.01
6,73093,6422,1.0,7706,1691,71402,0.01
6,73099,6423,1.0,7707,1691,71408,0.01
6,73105,6424,1.0,7708,1691,71414,0.01
6,73111,6425,1.0,7709,1691,71420,0.01
6,73117,6426,1.0,7710,1691,71426,0.01
6,73123,6427,1.0,7711,1691,71432,0.01
10,73133,6428,1.0,7712,1692,71441,0.01
6,73139,6429,1.0,7713,1692,71447,0.01
6,73145,6430,1.0,7714,1692,71453,0.01
6,73151,6431,1.0,7715,1692,71459,0.01
6,73157,6432,1.0,7716,1692,71465,0.01
6,73163,6433,1.0,7717,1692,71471,0.01
6,73169,6434,1.0,7718,1692,71477,0.01
6,73175,6435,1.0,7719,1692,71483,0.01
6,73181,6436,1.0,7720,1692,71489,0.01
6,73187,6437,1.0,7721,1692,71495,0.01
6,73193,6438,1.0,7722,1692,71501,0.01
6,73199,6439,1.0,7723,1692,71507,0.01
6,73205,6440,1.0,7724,1692,71513,0.01
6,73211,6441,1.0,7725,1692,71519,0.01
6,73217,6442,1.0,7726,1692,71525,0.01
6,73223,6443,1.0,7727,1692,71531,0.01
6,73229,6444,1.0,7728,1692,71537,0.01
6,73235,6445,1.0,7729,1692,71543,0.01
6,73241,6446,1.0,7730,1692,71549,0.01
6,73247,6447,1.0,7731,1692,71555,0.01
6,73253,6448,1.0,7732,1692,71561,0.01
6,73259,6449,1.0,7733,1692,71567,0.01
6,73265,6450,1.0,7734,1692,71573,0.01
6,73271,6451,1.0,7735,1692,71579,0.01
6,73277,6452,1.0,7736,1692,71585,0.01
6,73283,6453,1.0,7737,1692,71591,0.01
6,73289,6454,1.0,7738,1692,71597,0.01
6,73295,6455,1.0,7739,1692,71603,0.01
6,73301,6456,1.0,7740,1692,71609,0.01
6,73307,6457,1.0,7741,1692,71615,0.01
6,73313,6458,1.0,7742,1692,71621,0.01
6,73319,6459,1.0,7743,1692,71627,0.01
6,73325,6460,1.0,7744,1692,71633,0.01
6,73331,6461,1.0,7745,1692,71639,0.01
6,73337,6462,1.0,7746,1692,71645,0.01
6,73343,6463,1.0,7747,1692,71651,0.01
6,73349,6464,1.0,7748,1692,71657,0.01
6,73355,6465,1.0,7749,1692,71663,0.01
6,73361,6466,1.0,7750,1692,71669,0.01
6,73367,6467,1.0,7751,1692,71675,0.01
6,73373,6468,1.0,7752,1692,71681,0.01
6,73379,6469,1.0,7753,1692,71687,0.01
6,73385,6470,1.0,7754,1692,71693,0.01
6,73391,6471,1.0,7755,1692,71699,0.01
6,73397,6472,1.0,7756,1692,71705,0.01
6,73403,6473,1.0,7757,1692,71711,0.01
6,73409,6474,1.0,7758,1692,71717,0.01
6,73415,6475,1.0,7759,1692,71723,0.01
6,73421,6476,1.0,7760,1692,71729,0.01
6,73427,6477,1.0,7761,1692,71735,0.01
6,73433,6478,1.0,7762,1692,71741,0.01
6,73439,6479,1.0,7763,1692,71747,0.01
6,73445,6480,1.0,7764,1692,71753,0.01
6,73451,6481,1.0,7765,1692,71759,0.01
6,73457,6482,1.0,7766,1692,71765,0.01
6,73463,6483,1.0,7767,1692,71771,0.01
6,73469,6484,1.0,7768,1692,71777,0.01
6,73475,6485,1.0,7769,1692,71783,0.01
6,73481,6486,1.0,7770,1692,71789,0.01
6,73487,6487,1.0,7771,1692,71795,0.01
6,73493,6488,1.0,7772,1692,71801,0.01
6,73499,6489,1.0,7773,1692,71807,0.01
6,73505,6490,1.0,7774,1692,71813,0.01
6,73511,6491,1.0,7775,1692,71819,0.01
6,73517,6492,1.0,7776,1692,71825,0.01
6,73523,6493,1.0,7777,1692,71831,0.01
6,73529,6494,1.0,7778,1692,71837,0.01
6,73535,6495,1.0,7779,1692,71843,0.01
6,73541,6496,1.0,7780,1692,71849,0.01
6,73547,6497,1.0,7781,1692,71855,0.01
6,73553,6498,1.0,7782,1692,71861,0.01
6,73559,6499,1.0,7783,1692,71867,0.01
6,73565,6500,1.0,7784,1692,71873,0.01
14,73579,6500,0.0,7785,1693,71886,0.01
21,73600,6500,0.0,7786,1693,71907,0.01
36,73636,6500,0.0,7787,1693,71943,0.01
22,73658,6500,0.0,7788,1694,71964,0.01
9,73667,6500,0.0,7789,1694,71973,0.01
9,73676,6500,0.0,7790,1694,71982,0.01
42,73718,6500,0.0,7791,1694,72024,0.01
6,73724,6501,1.0,7792,1694,72030,0.01
36,73760,6501,0.0,7793,1694,72066,0.01
37,73797,6501,0.0,7794,1694,72103,0.01
6,73803,6502,1.0,7795,1694,72109,0.01
6,73809,6503,1.0,7796,1694,72115,0.01
6,73815,6504,1.0,7797,1695,72120,0.01
6,73821,6505,1.0,7798,1695,72126,0.01
6,73827,6506,1.0,7799,1695,72132,0.01
6,73833,6507,1.0,7800,1695,72138,0.01
6,73839,6508,1.0,7801,1695,72144,0.01
6,73845,6509,1.0,7802,1695,72150,0.01
6,73851,6510,1.0,7803,1695,72156,0.01
6,73857,6511,1.0,7804,1696,72161,0.01
6,73863,6512,1.0,7805,1696,72167,0.01
6,73869,6513,1.0,7806,1696,72173,0.01
6,73875,6514,1.0,7807,1696,72179,0.01
6,73881,6515,1.0,7808,1696,72185,0.01
6,73887,6516,1.0,7809,1696,72191,0.01
6,73893,6517,1.0,7810,1696,72197,0.01
6,73899,6518,1.0,7811,1696,72203,0.01
6,73905,6519,1.0,7812,1696,72209,0.01
6,73911,6520,1.0,7813,1696,72215,0.01
6,73917,6521,1.0,7814,1696,72221,0.01
6,73923,6522,1.0,7815,1696,72227,0.01
6,73929,6523,1.0,7816,1697,72232,0.01
6,73935,6524,1.0,7817,1697,72238,0.01
6,73941,6525,1.0,7818,1697,72244,0.01
6,73947,6526,1.0,7819,1697,72250,0.01
6,73953,6527,1.0,7820,1697,72256,0.01
6,73959,6528,1.0,7821,1697,72262,0.01
6,73965,6529,1.0,7822,1697,72268,0.01
6,73971,6530,1.0,7823,1697,72274,0.01
6,73977,6531,1.0,7824,1697,72280,0.01
6,73983,6532,1.0,7825,1697,72286,0.01
6,73989,6533,1.0,7826,1697,72292,0.01
6,73995,6534,1.0,7827,1697,72298,0.01
6,74001,6535,1.0,7828,1697,72304,0.01
6,74007,6536,1.0,7829,1697,72310,0.01
6,74013,6537,1.0,7830,1697,72316,0.01
6,74019,6538,1.0,7831,1697,72322,0.01
6,74025,6539,1.0,7832,1697,72328,0.01
6,74031,6540,1.0,7833,1697,72334,0.01
6,74037,6541,1.0,7834,1697,72340,0.01
6,74043,6542,1.0,7835,1697,72346,0.01
6,74049,6543,1.0,7836,1697,72352,0.01
6,74055,6544,1.0,7837,1697,72358,0.01
6,74061,6545,1.0,7838,1697,72364,0.01
6,74067,6546,1.0,7839,1697,72370,0.01
6,74073,6547,1.0,7840,1697,72376,0.01
6,74079,6548,1.0,7841,1697,72382,0.01
6,74085,6549,1.0,7842,1697,72388,0.01
6,74091,6550,1.0,7843,1697,72394,0.01
6,74097,6551,1.0,7844,1697,72400,0.01
6,74103,6552,1.0,7845,1697,72406,0.01
6,74109,6553,1.0,7846,1697,72412,0.01
6,74115,6554,1.0,7847,1697,72418,0.01
6,74121,6555,1.0,7848,1697,72424,0.01
6,74127,6556,1.0,7849,1697,72430,0.01
6,74133,6557,1.0,7850,1697,72436,0.01
6,74139,6558,1.0,7851,1697,72442,0.01
6,74145,6559,1.0,7852,1697,72448,0.01
6,74151,6560,1.0,7853,1697,72454,0.01
6,74157,6561,1.0,7854,1697,72460,0.01
6,74163,6562,1.0,7855,1697,72466,0.01
6,74169,6563,1.0,7856,1697,72472,0.01
6,74175,6564,1.0,7857,1697,72478,0.01
6,74181,6565,1.0,7858,1697,72484,0.01
6,74187,6566,1.0,7859,1697,72490,0.01
6,74193,6567,1.0,7860,1697,72496,0.01
6,74199,6568,1.0,7861,1697,72502,0.01
6,74205,6569,1.0,7862,1697,72508,0.01
6,74211,6570,1.0,7863,1697,72514,0.01
6,74217,6571,1.0,7864,1697,72520,0.01
6,74223,6572,1.0,7865,1697,72526,0.01
6,74229,6573,1.0,7866,1698,72531,0.01
6,74235,6574,1.0,7867,1698,72537,0.01
6,74241,6575,1.0,7868,1698,72543,0.01
6,74247,6576,1.0,7869,1698,72549,0.01
6,74253,6577,1.0,7870,1698,72555,0.01
6,74259,6578,1.0,7871,1698,72561,0.01
6,74265,6579,1.0,7872,1698,72567,0.01
6,74271,6580,1.0,7873,1698,72573,0.01
6,74277,6581,1.0,7874,1698,72579,0.01
6,74283,6582,1.0,7875,1698,72585,0.01
6,74289,6583,1.0,7876,1698,72591,0.01
6,74295,6584,1.0,7877,1698,72597,0.01
6,74301,6585,1.0,7878,1698,72603,0.01
6,74307,6586,1.0,7879,1698,72609,0.01
6,74313,6587,1.0,7880,1698,72615,0.01
6,74319,6588,1.0,7881,1698,72621,0.01
6,74325,6589,1.0,7882,1698,72627,0.01
6,74331,6590,1.0,7883,1698,72633,0.01
6,74337,6591,1.0,7884,1698,72639,0.01
6,74343,6592,1.0,7885,1698,72645,0.01
6,74349,6593,1.0,7886,1698,72651,0.01
6,74355,6594,1.0,7887,1698,72657,0.01
6,74361,6595,1.0,7888,1698,72663,0.01
6,74367,6596,1.0,7889,1698,72669,0.01
6,74373,6597,1.0,7890,1698,72675,0.01
6,74379,6598,1.0,7891,1698,72681,0.01
6,74385,6599,1.0,7892,1698,72687,0.01
6,74391,6600,1.0,7893,1698,72693,0.01
6,74397,6601,1.0,7894,1698,72699,0.01
42,74439,6601,0.0,7895,1699,72740,0.01
6,74445,6602,1.0,7896,1699,72746,0.01
6,74451,6603,1.0,7897,1699,72752,0.01
14,74465,6603,0.0,7898,1699,72766,0.01
6,74471,6604,1.0,7899,1699,72772,0.01
6,74477,6605,1.0,7900,1699,72778,0.01
6,74483,6606,1.0,7901,1699,72784,0.01
6,74489,6607,1.0,7902,1699,72790,0.01
6,74495,6608,1.0,7903,1699,72796,0.01
6,74501,6609,1.0,7904,1699,72802,0.01
6,74507,6610,1.0,7905,1699,72808,0.01
6,74513,6611,1.0,7906,1699,72814,0.01
6,74519,6612,1.0,7907,1699,72820,0.01
6,74525,6613,1.0,7908,1699,72826,0.01
6,74531,6614,1.0,7909,1699,72832,0.01
6,74537,6615,1.0,7910,1699,72838,0.01
6,74543,6616,1.0,7911,1699,72844,0.01
6,74549,6617,1.0,7912,1699,72850,0.01
6,74555,6618,1.0,7913,1699,72856,0.01
6,74561,6619,1.0,7914,1699,72862,0.01
6,74567,6620,1.0,7915,1699,72868,0.01
6,74573,6621,1.0,7916,1699,72874,0.01
6,74579,6622,1.0,7917,1699,72880,0.01
6,74585,6623,1.0,7918,1699,72886,0.01
6,74591,6624,1.0,7919,1699,72892,0.01
6,74597,6625,1.0,7920,1699,72898,0.01
6,74603,6626,1.0,7921,1699,72904,0.01
45,74648,6626,0.0,7922,1701,72947,0.01
49,74697,6627,1.0,7923,1701,72996,0.01
16,74713,6627,0.0,7924,1701,73012,0.01
49,74762,6628,1.0,7925,1702,73060,0.01
16,74778,6629,1.0,7926,1702,73076,0.01
16,74794,6629,0.0,7927,1702,73092,0.01
14,74808,6629,0.0,7928,1702,73106,0.01
44,74852,6629,0.0,7929,1703,73149,0.01
14,74866,6629,0.0,7930,1703,73163,0.01
16,74882,6630,1.0,7931,1703,73179,0.01
16,74898,6631,1.0,7932,1703,73195,0.01
14,74912,6631,0.0,7933,1703,73209,0.01
16,74928,6632,1.0,7934,1703,73225,0.01
16,74944,6633,1.0,7935,1703,73241,0.01
16,74960,6634,1.0,7936,1703,73257,0.01
16,74976,6635,1.0,7937,1703,73273,0.01
16,74992,6636,1.0,7938,1703,73289,0.01
16,75008,6637,1.0,7939,1703,73305,0.01
16,75024,6638,1.0,7940,1703,73321,0.01
16,75040,6639,1.0,7941,1703,73337,0.01
16,75056,6640,1.0,7942,1703,73353,0.01
16,75072,6641,1.0,7943,1703,73369,0.01
14,75086,6641,0.0,7944,1704,73382,0.01
16,75102,6642,1.0,7945,1704,73398,0.01
13,75115,6642,0.0,7946,1704,73411,0.01
17,75132,6643,1.0,7947,1704,73428,0.01
16,75148,6644,1.0,7948,1704,73444,0.01
16,75164,6645,1.0,7949,1704,73460,0.01
16,75180,6646,1.0,7950,1704,73476,0.01
16,75196,6647,1.0,7951,1704,73492,0.01
16,75212,6648,1.0,7952,1704,73508,0.01
16,75228,6649,1.0,7953,1704,73524,0.01
16,75244,6650,1.0,7954,1704,73540,0.01
16,75260,6651,1.0,7955,1704,73556,0.01
16,75276,6652,1.0,7956,1704,73572,0.01
18,75294,6653,1.0,7957,1705,73589,0.01
9,75303,6654,1.0,7958,1705,73598,0.01
9,75312,6655,1.0,7959,1705,73607,0.01
9,75321,6655,0.0,7960,1706,73615,0.01
9,75330,6656,1.0,7961,1706,73624,0.01
9,75339,6657,1.0,7962,1706,73633,0.01
9,75348,6658,1.0,7963,1706,73642,0.01
9,75357,6659,1.0,7964,1706,73651,0.01
9,75366,6660,1.0,7965,1706,73660,0.01
9,75375,6661,1.0,7966,1706,73669,0.01
9,75384,6662,1.0,7967,1706,73678,0.01
9,75393,6663,1.0,7968,1706,73687,0.01
9,75402,6664,1.0,7969,1706,73696,0.01
28,75430,6664,0.0,7970,1707,73723,0.01
9,75439,6665,1.0,7971,1707,73732,0.01
9,75448,6666,1.0,7972,1707,73741,0.01
9,75457,6667,1.0,7973,1707,73750,0.01
9,75466,6668,1.0,7974,1707,73759,0.01
9,75475,6669,1.0,7975,1707,73768,0.01
9,75484,6670,1.0,7976,1707,73777,0.01
9,75493,6671,1.0,7977,1707,73786,0.01
9,75502,6672,1.0,7978,1707,73795,0.01
9,75511,6673,1.0,7979,1707,73804,0.01
9,75520,6674,1.0,7980,1707,73813,0.01
9,75529,6675,1.0,7981,1707,73822,0.01
9,75538,6676,1.0,7982,1707,73831,0.01
9,75547,6677,1.0,7983,1707,73840,0.01
9,75556,6678,1.0,7984,1707,73849,0.01
9,75565,6679,1.0,7985,1707,73858,0.01
9,75574,6680,1.0,7986,1707,73867,0.01
9,75583,6681,1.0,7987,1707,73876,0.01
9,75592,6682,1.0,7988,1707,73885,0.01
9,75601,6683,1.0,7989,1707,73894,0.01
9,75610,6684,1.0,7990,1707,73903,0.01
9,75619,6685,1.0,7991,1707,73912,0.01
9,75628,6686,1.0,7992,1707,73921,0.01
9,75637,6687,1.0,7993,1707,73930,0.01
9,75646,6688,1.0,7994,1707,73939,0.01
9,75655,6689,1.0,7995,1707,73948,0.01
9,75664,6690,1.0,7996,1707,73957,0.01
9,75673,6691,1.0,7997,1707,73966,0.01
9,75682,6692,1.0,7998,1707,73975,0.01
9,75691,6693,1.0,7999,1707,73984,0.01
9,75700,6694,1.0,8000,1707,73993,0.01
9,75709,6695,1.0,8001,1707,74002,0.01
9,75718,6696,1.0,8002,1707,74011,0.01
9,75727,6697,1.0,8003,1707,74020,0.01
9,75736,6698,1.0,8004,1707,74029,0.01
9,75745,6699,1.0,8005,1707,74038,0.01
9,75754,6700,1.0,8006,1707,74047,0.01
9,75763,6701,1.0,8007,1707,74056,0.01
9,75772,6702,1.0,8008,1707,74065,0.01
9,75781,6703,1.0,8009,1707,74074,0.01
9,75790,6704,1.0,8010,1707,74083,0.01
9,75799,6705,1.0,8011,1707,74092,0.01
9,75808,6706,1.0,8012,1707,74101,0.01
9,75817,6707,1.0,8013,1707,74110,0.01
9,75826,6708,1.0,8014,1707,74119,0.01
9,75835,6709,1.0,8015,1707,74128,0.01
9,75844,6710,1.0,8016,1707,74137,0.01
9,75853,6711,1.0,8017,1707,74146,0.01
9,75862,6712,1.0,8018,1707,74155,0.01
9,75871,6713,1.0,8019,1707,74164,0.01
9,75880,6714,1.0,8020,1707,74173,0.01
9,75889,6715,1.0,8021,1707,74182,0.01
9,75898,6716,1.0,8022,1707,74191,0.01
9,75907,6717,1.0,8023,1707,74200,0.01
9,75916,6718,1.0,8024,1707,74209,0.01
9,75925,6719,1.0,8025,1707,74218,0.01
9,75934,6720,1.0,8026,1707,74227,0.01
47,75981,6720,0.0,8027,1708,74273,0.01
15,75996,6721,1.0,8028,1708,74288,0.01
14,76010,6721,0.0,8029,1708,74302,0.01
14,76024,6721,0.0,8030,1708,74316,0.01
14,76038,6721,0.0,8031,1708,74330,0.01
14,76052,6721,0.0,8032,1708,74344,0.01
21,76073,6721,0.0,8033,1708,74365,0.01
3,76076,6721,0.0,8034,1708,74368,0.01
8,76084,6721,0.0,8035,1708,74376,0.01
14,76098,6722,1.0,8036,1709,74389,0.01
16,76114,6722,0.0,8037,1710,74404,0.01
9,76123,6723,1.0,8038,1710,74413,0.01
9,76132,6724,1.0,8039,1710,74422,0.01
9,76141,6725,1.0,8040,1710,74431,0.01
9,76150,6726,1.0,8041,1710,74440,0.01
9,76159,6727,1.0,8042,1710,74449,0.01
9,76168,6728,1.0,8043,1710,74458,0.01
9,76177,6729,1.0,8044,1710,74467,0.01
9,76186,6730,1.0,8045,1710,74476,0.01
9,76195,6731,1.0,8046,1710,74485,0.01
9,76204,6732,1.0,8047,1710,74494,0.01
9,76213,6733,1.0,8048,1710,74503,0.01
9,76222,6734,1.0,8049,1710,74512,0.01
9,76231,6735,1.0,8050,1710,74521,0.01
9,76240,6736,1.0,8051,1710,74530,0.01
9,76249,6737,1.0,8052,1710,74539,0.01
9,76258,6738,1.0,8053,1710,74548,0.01
9,76267,6739,1.0,8054,1710,74557,0.01
9,76276,6740,1.0,8055,1710,74566,0.01
9,76285,6741,1.0,8056,1710,74575,0.01
9,76294,6742,1.0,8057,1710,74584,0.01
9,76303,6743,1.0,8058,1710,74593,0.01
9,76312,6744,1.0,8059,1710,74602,0.01
9,76321,6745,1.0,8060,1710,74611,0.01
9,76330,6746,1.0,8061,1710,74620,0.01
28,76358,6746,0.0,8062,1711,74647,0.01
9,76367,6747,1.0,8063,1711,74656,0.01
9,76376,6748,1.0,8064,1711,74665,0.01
9,76385,6749,1.0,8065,1711,74674,0.01
9,76394,6750,1.0,8066,1711,74683,0.01
9,76403,6750,0.0,8067,1712,74691,0.01
9,76412,6751,1.0,8068,1712,74700,0.01
9,76421,6752,1.0,8069,1712,74709,0.01
9,76430,6753,1.0,8070,1712,74718,0.01
9,76439,6754,1.0,8071,1712,74727,0.01
9,76448,6755,1.0,8072,1712,74736,0.01
9,76457,6756,1.0,8073,1712,74745,0.01
9,76466,6757,1.0,8074,1712,74754,0.01
9,76475,6758,1.0,8075,1712,74763,0.01
47,76522,6758,0.0,8076,1713,74809,0.01
14,76536,6758,0.0,8077,1713,74823,0.01
36,76572,6759,1.0,8078,1713,74859,0.01
14,76586,6759,0.0,8079,1713,74873,0.01
14,76600,6759,0.0,8080,1713,74887,0.01
14,76614,6759,0.0,8081,1713,74901,0.01
14,76628,6759,0.0,8082,1713,74915,0.01
15,76643,6759,0.0,8083,1713,74930,0.01
8,76651,6759,0.0,8084,1713,74938,0.01
9,76660,6760,1.0,8085,1713,74947,0.01
9,76669,6761,1.0,8086,1713,74956,0.01
9,76678,6762,1.0,8087,1713,74965,0.01
9,76687,6763,1.0,8088,1713,74974,0.01
9,76696,6764,1.0,8089,1713,74983,0.01
9,76705,6765,1.0,8090,1713,74992,0.01
9,76714,6766,1.0,8091,1713,75001,0.01
9,76723,6767,1.0,8092,1713,75010,0.01
9,76732,6768,1.0,8093,1713,75019,0.01
9,76741,6769,1.0,8094,1713,75028,0.01
9,76750,6770,1.0,8095,1713,75037,0.01
9,76759,6771,1.0,8096,1713,75046,0.01
9,76768,6772,1.0,8097,1713,75055,0.01
9,76777,6773,1.0,8098,1713,75064,0.01
9,76786,6774,1.0,8099,1713,75073,0.01
9,76795,6775,1.0,8100,1713,75082,0.01
9,76804,6776,1.0,8101,1713,75091,0.01
9,76813,6777,1.0,8102,1713,75100,0.01
9,76822,6778,1.0,8103,1713,75109,0.01
9,76831,6779,1.0,8104,1713,75118,0.01
9,76840,6780,1.0,8105,1713,75127,0.01
9,76849,6781,1.0,8106,1713,75136,0.01
9,76858,6782,1.0,8107,1713,75145,0.01
9,76867,6783,1.0,8108,1713,75154,0.01
9,76876,6784,1.0,8109,1713,75163,0.01
9,76885,6785,1.0,8110,1713,75172,0.01
9,76894,6786,1.0,8111,1713,75181,0.01
9,76903,6787,1.0,8112,1713,75190,0.01
9,76912,6788,1.0,8113,1713,75199,0.01
9,76921,6789,1.0,8114,1713,75208,0.01
9,76930,6790,1.0,8115,1713,75217,0.01
9,76939,6791,1.0,8116,1713,75226,0.01
9,76948,6792,1.0,8117,1713,75235,0.01
9,76957,6793,1.0,8118,1713,75244,0.01
9,76966,6794,1.0,8119,1713,75253,0.01
9,76975,6795,1.0,8120,1713,75262,0.01
9,76984,6796,1.0,8121,1713,75271,0.01
9,76993,6797,1.0,8122,1713,75280,0.01
9,77002,6798,1.0,8123,1713,75289,0.01
9,77011,6799,1.0,8124,1713,75298,0.01
9,77020,6800,1.0,8125,1713,75307,0.01
9,77029,6801,1.0,8126,1713,75316,0.01
9,77038,6802,1.0,8127,1713,75325,0.01
9,77047,6803,1.0,8128,1713,75334,0.01
9,77056,6804,1.0,8129,1713,75343,0.01
9,77065,6805,1.0,8130,1713,75352,0.01
9,77074,6806,1.0,8131,1713,75361,0.01
9,77083,6807,1.0,8132,1713,75370,0.01
9,77092,6808,1.0,8133,1713,75379,0.01
9,77101,6809,1.0,8134,1713,75388,0.01
9,77110,6810,1.0,8135,1713,75397,0.01
9,77119,6811,1.0,8136,1713,75406,0.01
9,77128,6812,1.0,8137,1713,75415,0.01
9,77137,6813,1.0,8138,1713,75424,0.01
9,77146,6814,1.0,8139,1713,75433,0.01
9,77155,6815,1.0,8140,1713,75442,0.01
9,77164,6816,1.0,8141,1713,75451,0.01
9,77173,6817,1.0,8142,1713,75460,0.01
9,77182,6818,1.0,8143,1713,75469,0.01
9,77191,6819,1.0,8144,1713,75478,0.01
9,77200,6820,1.0,8145,1713,75487,0.01
9,77209,6821,1.0,8146,1713,75496,0.01
9,77218,6822,1.0,8147,1713,75505,0.01
9,77227,6823,1.0,8148,1713,75514,0.01
9,77236,6824,1.0,8149,1713,75523,0.01
9,77245,6825,1.0,8150,1713,75532,0.01
9,77254,6826,1.0,8151,1713,75541,0.01
9,77263,6827,1.0,8152,1713,75550,0.01
9,77272,6828,1.0,8153,1713,75559,0.01
9,77281,6829,1.0,8154,1713,75568,0.01
9,77290,6830,1.0,8155,1713,75577,0.01
9,77299,6831,1.0,8156,1713,75586,0.01
9,77308,6832,1.0,8157,1714,75594,0.01
9,77317,6833,1.0,8158,1714,75603,0.01
9,77326,6834,1.0,8159,1714,75612,0.01
9,77335,6835,1.0,8160,1714,75621,0.01
9,77344,6836,1.0,8161,1714,75630,0.01
9,77353,6837,1.0,8162,1714,75639,0.01
9,77362,6838,1.0,8163,1714,75648,0.01
9,77371,6839,1.0,8164,1714,75657,0.01
9,77380,6840,1.0,8165,1714,75666,0.01
9,77389,6841,1.0,8166,1714,75675,0.01
9,77398,6842,1.0,8167,1714,75684,0.01
9,77407,6843,1.0,8168,1714,75693,0.01
9,77416,6844,1.0,8169,1714,75702,0.01
9,77425,6845,1.0,8170,1714,75711,0.01
9,77434,6846,1.0,8171,1714,75720,0.01
9,77443,6847,1.0,8172,1714,75729,0.01
9,77452,6848,1.0,8173,1714,75738,0.01
9,77461,6849,1.0,8174,1714,75747,0.01
9,77470,6850,1.0,8175,1714,75756,0.01
9,77479,6851,1.0,8176,1714,75765,0.01
9,77488,6852,1.0,8177,1714,75774,0.01
9,77497,6853,1.0,8178,1714,75783,0.01
9,77506,6854,1.0,8179,1714,75792,0.01
8,77514,6854,0.0,8180,1715,75799,0.01
7,77521,6855,1.0,8181,1715,75806,0.01
25,77546,6855,0.0,8182,1716,75830,0.01
25,77571,6855,0.0,8183,1716,75855,0.01
7,77578,6856,1.0,8184,1716,75862,0.01
25,77603,6856,0.0,8185,1716,75887,0.01
25,77628,6856,0.0,8186,1716,75912,0.01
14,77642,6857,1.0,8187,1716,75926,0.01
9,77651,6858,1.0,8188,1716,75935,0.01
9,77660,6859,1.0,8189,1716,75944,0.01
9,77669,6860,1.0,8190,1716,75953,0.01
14,77683,6860,0.0,8191,1717,75966,0.01
8,77691,6860,0.0,8192,1718,75973,0.01
14,77705,6860,0.0,8193,1718,75987,0.01
14,77719,6860,0.0,8194,1718,76001,0.01
14,77733,6861,1.0,8195,1718,76015,0.01
10,77743,6861,0.0,8196,1719,76024,0.01
60,77803,6861,0.0,8197,1719,76084,0.01
14,77817,6861,0.0,8198,1719,76098,0.01
13,77830,6861,0.0,8199,1719,76111,0.01
37,77867,6861,0.0,8200,1720,76147,0.01
25,77892,6861,0.0,8201,1720,76172,0.01
16,77908,6861,0.0,8202,1720,76188,0.01
14,77922,6861,0.0,8203,1720,76202,0.01
13,77935,6861,0.0,8204,1720,76215,0.01
14,77949,6861,0.0,8205,1720,76229,0.01
18,77967,6861,0.0,8206,1720,76247,0.01
14,77981,6861,0.0,8207,1720,76261,0.01
14,77995,6861,0.0,8208,1720,76275,0.01
23,78018,6861,0.0,8209,1720,76298,0.01
14,78032,6861,0.0,8210,1720,76312,0.01
4,78036,6861,0.0,8211,1720,76316,0.01
8,78044,6861,0.0,8212,1720,76324,0.01
6,78050,6861,0.0,8213,1720,76330,0.01
14,78064,6861,0.0,8214,1720,76344,0.01
18,78082,6861,0.0,8215,1720,76362,0.01
14,78096,6861,0.0,8216,1720,76376,0.01
45,78141,6861,0.0,8217,1720,76421,0.01
24,78165,6861,0.0,8218,1720,76445,0.01
11,78176,6861,0.0,8219,1720,76456,0.01
13,78189,6861,0.0,8220,1720,76469,0.01
8,78197,6861,0.0,8221,1720,76477,0.01
13,78210,6861,0.0,8222,1720,76490,0.01
3,78213,6861,0.0,8223,1720,76493,0.01
3,78216,6861,0.0,8224,1720,76496,0.01
17,78233,6861,0.0,8225,1721,76512,0.01
13,78246,6861,0.0,8226,1721,76525,0.01
13,78259,6861,0.0,8227,1721,76538,0.01
25,78284,6861,0.0,8228,1721,76563,0.01
8,78292,6862,1.0,8229,1721,76571,0.01
25,78317,6862,0.0,8230,1721,76596,0.01
18,78335,6862,0.0,8231,1721,76614,0.01
7,78342,6863,1.0,8232,1721,76621,0.01
25,78367,6863,0.0,8233,1721,76646,0.01
25,78392,6863,0.0,8234,1721,76671,0.01
25,78417,6863,0.0,8235,1722,76695,0.01
25,78442,6863,0.0,8236,1722,76720,0.01
45,78487,6863,0.0,8237,1723,76764,0.01
8,78495,6864,1.0,8238,1723,76772,0.01
25,78520,6864,0.0,8239,1723,76797,0.01
2,78522,6864,0.0,8240,1723,76799,0.01
5,78527,6864,0.0,8241,1724,76803,0.01
25,78552,6864,0.0,8242,1724,76828,0.01
14,78566,6864,0.0,8243,1724,76842,0.01
10,78576,6864,0.0,8244,1726,76850,0.01
25,78601,6864,0.0,8245,1726,76875,0.01
25,78626,6864,0.0,8246,1726,76900,0.01
13,78639,6864,0.0,8247,1726,76913,0.01
25,78664,6864,0.0,8248,1726,76938,0.01
14,78678,6864,0.0,8249,1726,76952,0.01
25,78703,6864,0.0,8250,1726,76977,0.01
6,78709,6865,1.0,8251,1726,76983,0.01
6,78715,6866,1.0,8252,1726,76989,0.01
6,78721,6867,1.0,8253,1726,76995,0.01
6,78727,6868,1.0,8254,1726,77001,0.01
6,78733,6869,1.0,8255,1726,77007,0.01
47,78780,6869,0.0,8256,1727,77053,0.01
6,78786,6870,1.0,8257,1727,77059,0.01
6,78792,6871,1.0,8258,1727,77065,0.01
6,78798,6872,1.0,8259,1727,77071,0.01
6,78804,6873,1.0,8260,1727,77077,0.01
6,78810,6874,1.0,8261,1727,77083,0.01
6,78816,6875,1.0,8262,1727,77089,0.01
6,78822,6876,1.0,8263,1727,77095,0.01
6,78828,6877,1.0,8264,1727,77101,0.01
6,78834,6878,1.0,8265,1727,77107,0.01
6,78840,6879,1.0,8266,1727,77113,0.01
6,78846,6880,1.0,8267,1727,77119,0.01
6,78852,6881,1.0,8268,1728,77124,0.01
6,78858,6882,1.0,8269,1728,77130,0.01
6,78864,6883,1.0,8270,1728,77136,0.01
6,78870,6884,1.0,8271,1728,77142,0.01
6,78876,6885,1.0,8272,1728,77148,0.01
6,78882,6886,1.0,8273,1728,77154,0.01
6,78888,6887,1.0,8274,1728,77160,0.01
6,78894,6888,1.0,8275,1728,77166,0.01
6,78900,6889,1.0,8276,1728,77172,0.01
6,78906,6890,1.0,8277,1728,77178,0.01
6,78912,6891,1.0,8278,1728,77184,0.01
6,78918,6892,1.0,8279,1728,77190,0.01
6,78924,6893,1.0,8280,1728,77196,0.01
6,78930,6894,1.0,8281,1728,77202,0.01
6,78936,6895,1.0,8282,1728,77208,0.01
6,78942,6896,1.0,8283,1728,77214,0.01
6,78948,6897,1.0,8284,1728,77220,0.01
6,78954,6898,1.0,8285,1728,77226,0.01
6,78960,6899,1.0,8286,1728,77232,0.01
6,78966,6900,1.0,8287,1728,77238,0.01
6,78972,6901,1.0,8288,1728,77244,0.01
6,78978,6902,1.0,8289,1728,77250,0.01
6,78984,6903,1.0,8290,1728,77256,0.01
6,78990,6904,1.0,8291,1728,77262,0.01
6,78996,6905,1.0,8292,1728,77268,0.01
2,78998,6905,0.0,8293,1729,77269,0.01
6,79004,6906,1.0,8294,1729,77275,0.01
6,79010,6907,1.0,8295,1729,77281,0.01
6,79016,6908,1.0,8296,1729,77287,0.01
6,79022,6909,1.0,8297,1729,77293,0.01
6,79028,6910,1.0,8298,1729,77299,0.01
6,79034,6911,1.0,8299,1729,77305,0.01
6,79040,6912,1.0,8300,1729,77311,0.01
6,79046,6913,1.0,8301,1729,77317,0.01
6,79052,6914,1.0,8302,1729,77323,0.01
6,79058,6915,1.0,8303,1729,77329,0.01
6,79064,6916,1.0,8304,1729,77335,0.01
6,79070,6917,1.0,8305,1729,77341,0.01
6,79076,6918,1.0,8306,1729,77347,0.01
6,79082,6919,1.0,8307,1729,77353,0.01
6,79088,6920,1.0,8308,1729,77359,0.01
6,79094,6921,1.0,8309,1729,77365,0.01
6,79100,6922,1.0,8310,1729,77371,0.01
6,79106,6923,1.0,8311,1729,77377,0.01
6,79112,6924,1.0,8312,1729,77383,0.01
6,79118,6925,1.0,8313,1729,77389,0.01
6,79124,6926,1.0,8314,1729,77395,0.01
6,79130,6927,1.0,8315,1729,77401,0.01
6,79136,6928,1.0,8316,1729,77407,0.01
6,79142,6929,1.0,8317,1729,77413,0.01
6,79148,6930,1.0,8318,1729,77419,0.01
6,79154,6931,1.0,8319,1729,77425,0.01
6,79160,6932,1.0,8320,1729,77431,0.01
6,79166,6933,1.0,8321,1729,77437,0.01
6,79172,6934,1.0,8322,1729,77443,0.01
6,79178,6935,1.0,8323,1729,77449,0.01
6,79184,6936,1.0,8324,1729,77455,0.01
6,79190,6937,1.0,8325,1729,77461,0.01
6,79196,6938,1.0,8326,1729,77467,0.01
6,79202,6939,1.0,8327,1729,77473,0.01
6,79208,6940,1.0,8328,1729,77479,0.01
6,79214,6941,1.0,8329,1729,77485,0.01
6,79220,6942,1.0,8330,1729,77491,0.01
6,79226,6943,1.0,8331,1729,77497,0.01
6,79232,6944,1.0,8332,1729,77503,0.01
6,79238,6945,1.0,8333,1729,77509,0.01
6,79244,6946,1.0,8334,1729,77515,0.01
6,79250,6947,1.0,8335,1729,77521,0.01
6,79256,6948,1.0,8336,1729,77527,0.01
6,79262,6949,1.0,8337,1729,77533,0.01
9,79271,6949,0.0,8338,1731,77540,0.01
6,79277,6950,1.0,8339,1731,77546,0.01
6,79283,6951,1.0,8340,1731,77552,0.01
6,79289,6952,1.0,8341,1731,77558,0.01
6,79295,6953,1.0,8342,1731,77564,0.01
6,79301,6954,1.0,8343,1731,77570,0.01
6,79307,6955,1.0,8344,1731,77576,0.01
6,79313,6956,1.0,8345,1731,77582,0.01
6,79319,6957,1.0,8346,1731,77588,0.01
6,79325,6958,1.0,8347,1731,77594,0.01
10,79335,6959,1.0,8348,1732,77603,0.01
6,79341,6960,1.0,8349,1732,77609,0.01
6,79347,6961,1.0,8350,1732,77615,0.01
6,79353,6962,1.0,8351,1732,77621,0.01
6,79359,6963,1.0,8352,1732,77627,0.01
6,79365,6964,1.0,8353,1733,77632,0.01
6,79371,6965,1.0,8354,1733,77638,0.01
6,79377,6966,1.0,8355,1733,77644,0.01
6,79383,6967,1.0,8356,1733,77650,0.01
6,79389,6968,1.0,8357,1733,77656,0.01
6,79395,6969,1.0,8358,1733,77662,0.01
6,79401,6970,1.0,8359,1733,77668,0.01
6,79407,6971,1.0,8360,1733,77674,0.01
6,79413,6972,1.0,8361,1733,77680,0.01
6,79419,6973,1.0,8362,1733,77686,0.01
6,79425,6974,1.0,8363,1733,77692,0.01
6,79431,6975,1.0,8364,1733,77698,0.01
6,79437,6976,1.0,8365,1733,77704,0.01
6,79443,6977,1.0,8366,1733,77710,0.01
6,79449,6978,1.0,8367,1733,77716,0.01
6,79455,6979,1.0,8368,1733,77722,0.01
6,79461,6980,1.0,8369,1733,77728,0.01
25,79486,6980,0.0,8370,1734,77752,0.01
10,79496,6981,1.0,8371,1734,77762,0.01
6,79502,6982,1.0,8372,1734,77768,0.01
6,79508,6983,1.0,8373,1734,77774,0.01
10,79518,6984,1.0,8374,1735,77783,0.01
6,79524,6985,1.0,8375,1735,77789,0.01
9,79533,6985,0.0,8376,1736,77797,0.01
9,79542,6985,0.0,8377,1736,77806,0.01
26,79568,6985,0.0,8378,1737,77831,0.01
8,79576,6985,0.0,8379,1737,77839,0.01
8,79584,6985,0.0,8380,1737,77847,0.01
24,79608,6985,0.0,8381,1739,77869,0.01
45,79653,6985,0.0,8382,1740,77913,0.01
2,79655,6985,0.0,8383,1740,77915,0.01
2,79657,6985,0.0,8384,1740,77917,0.01
24,79681,6985,0.0,8385,1740,77941,0.01
6,79687,6986,1.0,8386,1740,77947,0.01
6,79693,6987,1.0,8387,1741,77952,0.01
6,79699,6988,1.0,8388,1741,77958,0.01
10,79709,6989,1.0,8389,1742,77967,0.01
6,79715,6990,1.0,8390,1742,77973,0.01
6,79721,6991,1.0,8391,1742,77979,0.01
6,79727,6992,1.0,8392,1742,77985,0.01
6,79733,6993,1.0,8393,1742,77991,0.01
6,79739,6994,1.0,8394,1742,77997,0.01
6,79745,6995,1.0,8395,1742,78003,0.01
6,79751,6996,1.0,8396,1742,78009,0.01
6,79757,6997,1.0,8397,1742,78015,0.01
6,79763,6998,1.0,8398,1742,78021,0.01
6,79769,6999,1.0,8399,1743,78026,0.01
6,79775,7000,1.0,8400,1743,78032,0.01
6,79781,7001,1.0,8401,1743,78038,0.01
6,79787,7002,1.0,8402,1744,78043,0.01
6,79793,7003,1.0,8403,1744,78049,0.01
6,79799,7004,1.0,8404,1744,78055,0.01
6,79805,7005,1.0,8405,1744,78061,0.01
6,79811,7006,1.0,8406,1744,78067,0.01
6,79817,7007,1.0,8407,1744,78073,0.01
2,79819,7007,0.0,8408,1745,78074,0.01
6,79825,7008,1.0,8409,1745,78080,0.01
6,79831,7009,1.0,8410,1745,78086,0.01
6,79837,7010,1.0,8411,1745,78092,0.01
6,79843,7011,1.0,8412,1745,78098,0.01
6,79849,7012,1.0,8413,1745,78104,0.01
6,79855,7013,1.0,8414,1745,78110,0.01
6,79861,7014,1.0,8415,1745,78116,0.01
6,79867,7015,1.0,8416,1745,78122,0.01
10,79877,7016,1.0,8417,1746,78131,0.01
6,79883,7017,1.0,8418,1746,78137,0.01
6,79889,7018,1.0,8419,1746,78143,0.01
6,79895,7019,1.0,8420,1746,78149,0.01
6,79901,7020,1.0,8421,1746,78155,0.01
6,79907,7021,1.0,8422,1746,78161,0.01
6,79913,7022,1.0,8423,1746,78167,0.01
6,79919,7023,1.0,8424,1746,78173,0.01
6,79925,7024,1.0,8425,1746,78179,0.01
6,79931,7025,1.0,8426,1746,78185,0.01
6,79937,7026,1.0,8427,1746,78191,0.01
6,79943,7027,1.0,8428,1746,78197,0.01
6,79949,7028,1.0,8429,1746,78203,0.01
6,79955,7029,1.0,8430,1746,78209,0.01
6,79961,7030,1.0,8431,1746,78215,0.01
6,79967,7031,1.0,8432,1746,78221,0.01
6,79973,7032,1.0,8433,1746,78227,0.01
6,79979,7033,1.0,8434,1746,78233,0.01
6,79985,7034,1.0,8435,1746,78239,0.01
6,79991,7035,1.0,8436,1746,78245,0.01
6,79997,7036,1.0,8437,1746,78251,0.01
6,80003,7037,1.0,8438,1746,78257,0.01
6,80009,7038,1.0,8439,1746,78263,0.01
6,80015,7039,1.0,8440,1746,78269,0.01
6,80021,7040,1.0,8441,1746,78275,0.01
6,80027,7041,1.0,8442,1746,78281,0.01
6,80033,7042,1.0,8443,1746,78287,0.01
6,80039,7043,1.0,8444,1746,78293,0.01
6,80045,7044,1.0,8445,1746,78299,0.01
6,80051,7045,1.0,8446,1746,78305,0.01
25,80076,7045,0.0,8447,1747,78329,0.01
10,80086,7046,1.0,8448,1747,78339,0.01
47,80133,7046,0.0,8449,1747,78386,0.01
54,80187,7047,1.0,8450,1748,78439,0.01
53,80240,7047,0.0,8451,1748,78492,0.01
59,80299,7047,0.0,8452,1748,78551,0.01
30,80329,7048,1.0,8453,1748,78581,0.01
7,80336,7048,0.0,8454,1748,78588,0.01
24,80360,7048,0.0,8455,1748,78612,0.01
9,80369,7049,1.0,8456,1748,78621,0.01
41,80410,7049,0.0,8457,1748,78662,0.01
16,80426,7049,0.0,8458,1748,78678,0.01
25,80451,7049,0.0,8459,1749,78702,0.01
25,80476,7049,0.0,8460,1749,78727,0.01
34,80510,7049,0.0,8461,1749,78761,0.01
41,80551,7049,0.0,8462,1749,78802,0.01
36,80587,7049,0.0,8463,1749,78838,0.01
25,80612,7049,0.0,8464,1749,78863,0.01
42,80654,7050,1.0,8465,1750,78904,0.01
5,80659,7050,0.0,8466,1750,78909,0.01
7,80666,7050,0.0,8467,1750,78916,0.01
9,80675,7051,1.0,8468,1750,78925,0.01
13,80688,7051,0.0,8469,1750,78938,0.01
14,80702,7051,0.0,8470,1750,78952,0.01
14,80716,7051,0.0,8471,1750,78966,0.01
14,80730,7051,0.0,8472,1750,78980,0.01
14,80744,7051,0.0,8473,1750,78994,0.01
14,80758,7051,0.0,8474,1750,79008,0.01
14,80772,7051,0.0,8475,1750,79022,0.01
14,80786,7051,0.0,8476,1750,79036,0.01
15,80801,7051,0.0,8477,1750,79051,0.01
25,80826,7051,0.0,8478,1751,79075,0.01
18,80844,7051,0.0,8479,1751,79093,0.01
9,80853,7052,1.0,8480,1751,79102,0.01
9,80862,7053,1.0,8481,1751,79111,0.01
9,80871,7054,1.0,8482,1751,79120,0.01
9,80880,7055,1.0,8483,1751,79129,0.01
9,80889,7056,1.0,8484,1751,79138,0.01
25,80914,7056,0.0,8485,1752,79162,0.01
9,80923,7057,1.0,8486,1752,79171,0.01
9,80932,7058,1.0,8487,1752,79180,0.01
19,80951,7058,0.0,8488,1754,79197,0.01
18,80969,7058,0.0,8489,1754,79215,0.01
9,80978,7059,1.0,8490,1754,79224,0.01
9,80987,7060,1.0,8491,1754,79233,0.01
9,80996,7061,1.0,8492,1754,79242,0.01
9,81005,7062,1.0,8493,1754,79251,0.01
9,81014,7063,1.0,8494,1754,79260,0.01
9,81023,7064,1.0,8495,1754,79269,0.01
9,81032,7065,1.0,8496,1754,79278,0.01
9,81041,7066,1.0,8497,1754,79287,0.01
9,81050,7067,1.0,8498,1754,79296,0.01
9,81059,7068,1.0,8499,1754,79305,0.01
9,81068,7069,1.0,8500,1754,79314,0.01
9,81077,7070,1.0,8501,1754,79323,0.01
9,81086,7071,1.0,8502,1754,79332,0.01
9,81095,7071,0.0,8503,1755,79340,0.01
9,81104,7072,1.0,8504,1755,79349,0.01
9,81113,7073,1.0,8505,1755,79358,0.01
9,81122,7074,1.0,8506,1755,79367,0.01
9,81131,7075,1.0,8507,1755,79376,0.01
9,81140,7076,1.0,8508,1755,79385,0.01
9,81149,7077,1.0,8509,1755,79394,0.01
9,81158,7078,1.0,8510,1755,79403,0.01
9,81167,7079,1.0,8511,1755,79412,0.01
9,81176,7080,1.0,8512,1755,79421,0.01
9,81185,7081,1.0,8513,1755,79430,0.01
9,81194,7082,1.0,8514,1755,79439,0.01
9,81203,7083,1.0,8515,1755,79448,0.01
9,81212,7084,1.0,8516,1755,79457,0.01
18,81230,7084,0.0,8517,1756,79474,0.01
28,81258,7084,0.0,8518,1758,79500,0.01
9,81267,7085,1.0,8519,1758,79509,0.01
9,81276,7086,1.0,8520,1758,79518,0.01
9,81285,7087,1.0,8521,1758,79527,0.01
9,81294,7088,1.0,8522,1758,79536,0.01
9,81303,7089,1.0,8523,1758,79545,0.01
9,81312,7090,1.0,8524,1758,79554,0.01
9,81321,7091,1.0,8525,1758,79563,0.01
9,81330,7092,1.0,8526,1758,79572,0.01
9,81339,7093,1.0,8527,1758,79581,0.01
9,81348,7094,1.0,8528,1758,79590,0.01
9,81357,7095,1.0,8529,1758,79599,0.01
9,81366,7096,1.0,8530,1758,79608,0.01
9,81375,7097,1.0,8531,1758,79617,0.01
9,81384,7098,1.0,8532,1758,79626,0.01
14,81398,7098,0.0,8533,1759,79639,0.01
9,81407,7099,1.0,8534,1759,79648,0.01
9,81416,7100,1.0,8535,1759,79657,0.01
9,81425,7101,1.0,8536,1759,79666,0.01
9,81434,7102,1.0,8537,1759,79675,0.01
9,81443,7103,1.0,8538,1759,79684,0.01
9,81452,7104,1.0,8539,1759,79693,0.01
9,81461,7105,1.0,8540,1759,79702,0.01
9,81470,7106,1.0,8541,1760,79710,0.01
7,81477,7107,1.0,8542,1761,79716,0.01
3,81480,7107,0.0,8543,1762,79718,0.01
25,81505,7107,0.0,8544,1762,79743,0.01
9,81514,7108,1.0,8545,1762,79752,0.01
9,81523,7109,1.0,8546,1762,79761,0.01
9,81532,7110,1.0,8547,1762,79770,0.01
9,81541,7111,1.0,8548,1762,79779,0.01
9,81550,7112,1.0,8549,1762,79788,0.01
9,81559,7113,1.0,8550,1762,79797,0.01
9,81568,7114,1.0,8551,1762,79806,0.01
9,81577,7115,1.0,8552,1762,79815,0.01
9,81586,7116,1.0,8553,1762,79824,0.01
9,81595,7117,1.0,8554,1762,79833,0.01
9,81604,7118,1.0,8555,1762,79842,0.01
9,81613,7119,1.0,8556,1762,79851,0.01
9,81622,7120,1.0,8557,1762,79860,0.01
4,81626,7120,0.0,8558,1763,79863,0.01
9,81635,7121,1.0,8559,1764,79871,0.01
9,81644,7122,1.0,8560,1764,79880,0.01
9,81653,7123,1.0,8561,1764,79889,0.01
9,81662,7124,1.0,8562,1764,79898,0.01
9,81671,7125,1.0,8563,1764,79907,0.01
9,81680,7126,1.0,8564,1764,79916,0.01
9,81689,7127,1.0,8565,1764,79925,0.01
9,81698,7128,1.0,8566,1764,79934,0.01
9,81707,7129,1.0,8567,1764,79943,0.01
9,81716,7130,1.0,8568,1764,79952,0.01
9,81725,7131,1.0,8569,1764,79961,0.01
25,81750,7131,0.0,8570,1765,79985,0.01
23,81773,7131,0.0,8571,1765,80008,0.01
14,81787,7131,0.0,8572,1765,80022,0.01
8,81795,7132,1.0,8573,1765,80030,0.01
26,81821,7132,0.0,8574,1765,80056,0.01
18,81839,7132,0.0,8575,1765,80074,0.01
13,81852,7132,0.0,8576,1765,80087,0.01
10,81862,7132,0.0,8577,1767,80095,0.01
9,81871,7132,0.0,8578,1767,80104,0.01
18,81889,7132,0.0,8579,1769,80120,0.01
3,81892,7132,0.0,8580,1769,80123,0.01
15,81907,7132,0.0,8581,1769,80138,0.01
15,81922,7133,1.0,8582,1769,80153,0.01
15,81937,7133,0.0,8583,1769,80168,0.01
14,81951,7134,1.0,8584,1769,80182,0.01
9,81960,7134,0.0,8585,1770,80190,0.01
9,81969,7135,1.0,8586,1770,80199,0.01
9,81978,7136,1.0,8587,1770,80208,0.01
9,81987,7137,1.0,8588,1770,80217,0.01
9,81996,7138,1.0,8589,1770,80226,0.01
9,82005,7139,1.0,8590,1770,80235,0.01
2,82007,7139,0.0,8591,1771,80236,0.01
9,82016,7140,1.0,8592,1771,80245,0.01
9,82025,7141,1.0,8593,1771,80254,0.01
9,82034,7142,1.0,8594,1771,80263,0.01
9,82043,7143,1.0,8595,1771,80272,0.01
9,82052,7144,1.0,8596,1771,80281,0.01
9,82061,7145,1.0,8597,1771,80290,0.01
9,82070,7146,1.0,8598,1771,80299,0.01
9,82079,7147,1.0,8599,1771,80308,0.01
9,82088,7148,1.0,8600,1771,80317,0.01
9,82097,7149,1.0,8601,1771,80326,0.01
9,82106,7150,1.0,8602,1771,80335,0.01
9,82115,7151,1.0,8603,1771,80344,0.01
9,82124,7152,1.0,8604,1771,80353,0.01
9,82133,7153,1.0,8605,1771,80362,0.01
9,82142,7154,1.0,8606,1771,80371,0.01
9,82151,7155,1.0,8607,1771,80380,0.01
9,82160,7156,1.0,8608,1771,80389,0.01
9,82169,7157,1.0,8609,1771,80398,0.01
9,82178,7158,1.0,8610,1771,80407,0.01
9,82187,7159,1.0,8611,1771,80416,0.01
9,82196,7160,1.0,8612,1771,80425,0.01
9,82205,7161,1.0,8613,1771,80434,0.01
4,82209,7161,0.0,8614,1772,80437,0.01
9,82218,7162,1.0,8615,1772,80446,0.01
9,82227,7163,1.0,8616,1772,80455,0.01
9,82236,7164,1.0,8617,1772,80464,0.01
9,82245,7165,1.0,8618,1772,80473,0.01
9,82254,7166,1.0,8619,1772,80482,0.01
9,82263,7167,1.0,8620,1772,80491,0.01
9,82272,7168,1.0,8621,1772,80500,0.01
9,82281,7169,1.0,8622,1772,80509,0.01
9,82290,7170,1.0,8623,1772,80518,0.01
9,82299,7171,1.0,8624,1772,80527,0.01
9,82308,7172,1.0,8625,1772,80536,0.01
10,82318,7172,0.0,8626,1773,80545,0.01
9,82327,7173,1.0,8627,1773,80554,0.01
9,82336,7174,1.0,8628,1773,80563,0.01
9,82345,7175,1.0,8629,1773,80572,0.01
9,82354,7176,1.0,8630,1773,80581,0.01
9,82363,7177,1.0,8631,1773,80590,0.01
9,82372,7178,1.0,8632,1773,80599,0.01
9,82381,7179,1.0,8633,1773,80608,0.01
9,82390,7180,1.0,8634,1773,80617,0.01
9,82399,7181,1.0,8635,1773,80626,0.01
9,82408,7182,1.0,8636,1773,80635,0.01
9,82417,7183,1.0,8637,1773,80644,0.01
9,82426,7184,1.0,8638,1773,80653,0.01
9,82435,7185,1.0,8639,1773,80662,0.01
9,82444,7186,1.0,8640,1773,80671,0.01
9,82453,7187,1.0,8641,1773,80680,0.01
9,82462,7188,1.0,8642,1773,80689,0.01
9,82471,7189,1.0,8643,1773,80698,0.01
9,82480,7190,1.0,8644,1773,80707,0.01
94,82574,7190,0.0,8645,1775,80799,0.01
9,82583,7191,1.0,8646,1775,80808,0.01
9,82592,7192,1.0,8647,1775,80817,0.01
9,82601,7193,1.0,8648,1775,80826,0.01
9,82610,7194,1.0,8649,1775,80835,0.01
9,82619,7195,1.0,8650,1775,80844,0.01
9,82628,7196,1.0,8651,1775,80853,0.01
9,82637,7197,1.0,8652,1775,80862,0.01
9,82646,7198,1.0,8653,1775,80871,0.01
9,82655,7199,1.0,8654,1775,80880,0.01
9,82664,7200,1.0,8655,1775,80889,0.01
9,82673,7201,1.0,8656,1775,80898,0.01
9,82682,7202,1.0,8657,1775,80907,0.01
9,82691,7203,1.0,8658,1775,80916,0.01
9,82700,7204,1.0,8659,1775,80925,0.01
9,82709,7205,1.0,8660,1775,80934,0.01
9,82718,7206,1.0,8661,1775,80943,0.01
9,82727,7207,1.0,8662,1775,80952,0.01
9,82736,7208,1.0,8663,1775,80961,0.01
9,82745,7209,1.0,8664,1775,80970,0.01
9,82754,7210,1.0,8665,1775,80979,0.01
9,82763,7211,1.0,8666,1775,80988,0.01
9,82772,7212,1.0,8667,1775,80997,0.01
9,82781,7213,1.0,8668,1775,81006,0.01
9,82790,7214,1.0,8669,1775,81015,0.01
9,82799,7215,1.0,8670,1775,81024,0.01
9,82808,7216,1.0,8671,1775,81033,0.01
9,82817,7217,1.0,8672,1775,81042,0.01
9,82826,7218,1.0,8673,1775,81051,0.01
9,82835,7219,1.0,8674,1775,81060,0.01
9,82844,7220,1.0,8675,1775,81069,0.01
9,82853,7221,1.0,8676,1775,81078,0.01
9,82862,7222,1.0,8677,1775,81087,0.01
9,82871,7223,1.0,8678,1775,81096,0.01
9,82880,7224,1.0,8679,1775,81105,0.01
9,82889,7225,1.0,8680,1775,81114,0.01
9,82898,7226,1.0,8681,1775,81123,0.01
9,82907,7227,1.0,8682,1775,81132,0.01
9,82916,7228,1.0,8683,1775,81141,0.01
9,82925,7229,1.0,8684,1775,81150,0.01
9,82934,7230,1.0,8685,1775,81159,0.01
9,82943,7231,1.0,8686,1775,81168,0.01
9,82952,7232,1.0,8687,1775,81177,0.01
9,82961,7233,1.0,8688,1776,81185,0.01
9,82970,7234,1.0,8689,1776,81194,0.01
9,82979,7235,1.0,8690,1776,81203,0.01
9,82988,7236,1.0,8691,1776,81212,0.01
9,82997,7237,1.0,8692,1776,81221,0.01
9,83006,7238,1.0,8693,1776,81230,0.01
9,83015,7239,1.0,8694,1776,81239,0.01
9,83024,7240,1.0,8695,1776,81248,0.01
9,83033,7241,1.0,8696,1776,81257,0.01
9,83042,7242,1.0,8697,1776,81266,0.01
9,83051,7243,1.0,8698,1776,81275,0.01
9,83060,7244,1.0,8699,1776,81284,0.01
9,83069,7245,1.0,8700,1776,81293,0.01
9,83078,7246,1.0,8701,1776,81302,0.01
9,83087,7247,1.0,8702,1776,81311,0.01
9,83096,7248,1.0,8703,1776,81320,0.01
6,83102,7248,0.0,8704,1777,81325,0.01
9,83111,7249,1.0,8705,1777,81334,0.01
9,83120,7250,1.0,8706,1777,81343,0.01
9,83129,7251,1.0,8707,1777,81352,0.01
9,83138,7252,1.0,8708,1777,81361,0.01
9,83147,7253,1.0,8709,1777,81370,0.01
9,83156,7254,1.0,8710,1777,81379,0.01
9,83165,7255,1.0,8711,1777,81388,0.01
4,83169,7255,0.0,8712,1778,81391,0.01
9,83178,7256,1.0,8713,1778,81400,0.01
9,83187,7257,1.0,8714,1778,81409,0.01
9,83196,7258,1.0,8715,1778,81418,0.01
9,83205,7259,1.0,8716,1778,81427,0.01
9,83214,7260,1.0,8717,1778,81436,0.01
9,83223,7261,1.0,8718,1778,81445,0.01
9,83232,7262,1.0,8719,1778,81454,0.01
9,83241,7263,1.0,8720,1778,81463,0.01
9,83250,7264,1.0,8721,1778,81472,0.01
9,83259,7265,1.0,8722,1778,81481,0.01
9,83268,7266,1.0,8723,1778,81490,0.01
9,83277,7267,1.0,8724,1778,81499,0.01
9,83286,7268,1.0,8725,1778,81508,0.01
9,83295,7269,1.0,8726,1778,81517,0.01
9,83304,7270,1.0,8727,1778,81526,0.01
9,83313,7271,1.0,8728,1778,81535,0.01
9,83322,7272,1.0,8729,1778,81544,0.01
9,83331,7273,1.0,8730,1779,81552,0.01
9,83340,7274,1.0,8731,1779,81561,0.01
9,83349,7275,1.0,8732,1779,81570,0.01
9,83358,7276,1.0,8733,1779,81579,0.01
9,83367,7277,1.0,8734,1779,81588,0.01
9,83376,7278,1.0,8735,1779,81597,0.01
9,83385,7279,1.0,8736,1780,81605,0.01
9,83394,7280,1.0,8737,1780,81614,0.01
9,83403,7281,1.0,8738,1780,81623,0.01
9,83412,7282,1.0,8739,1780,81632,0.01
9,83421,7283,1.0,8740,1780,81641,0.01
9,83430,7284,1.0,8741,1780,81650,0.01
9,83439,7285,1.0,8742,1781,81658,0.01
26,83465,7286,1.0,8743,1782,81683,0.01
44,83509,7286,0.0,8744,1782,81727,0.01
39,83548,7286,0.0,8745,1782,81766,0.01
22,83570,7286,0.0,8746,1784,81786,0.01
26,83596,7287,1.0,8747,1785,81811,0.01
26,83622,7288,1.0,8748,1785,81837,0.01
41,83663,7288,0.0,8749,1786,81877,0.01
8,83671,7288,0.0,8750,1786,81885,0.01
28,83699,7288,0.0,8751,1786,81913,0.01
20,83719,7288,0.0,8752,1786,81933,0.01
7,83726,7288,0.0,8753,1786,81940,0.01
52,83778,7288,0.0,8754,1787,81991,0.01
9,83787,7289,1.0,8755,1787,82000,0.01
42,83829,7289,0.0,8756,1787,82042,0.01
42,83871,7289,0.0,8757,1788,82083,0.01
9,83880,7289,0.0,8758,1788,82092,0.01
14,83894,7290,1.0,8759,1788,82106,0.01
14,83908,7291,1.0,8760,1788,82120,0.01
14,83922,7292,1.0,8761,1788,82134,0.01
14,83936,7293,1.0,8762,1788,82148,0.01
13,83949,7293,0.0,8763,1789,82160,0.01
10,83959,7293,0.0,8764,1790,82169,0.01
14,83973,7294,1.0,8765,1790,82183,0.01
14,83987,7295,1.0,8766,1790,82197,0.01
14,84001,7296,1.0,8767,1790,82211,0.01
14,84015,7297,1.0,8768,1790,82225,0.01
14,84029,7298,1.0,8769,1790,82239,0.01
14,84043,7299,1.0,8770,1790,82253,0.01
14,84057,7300,1.0,8771,1790,82267,0.01
14,84071,7301,1.0,8772,1790,82281,0.01
14,84085,7302,1.0,8773,1790,82295,0.01
14,84099,7303,1.0,8774,1790,82309,0.01
14,84113,7304,1.0,8775,1790,82323,0.01
14,84127,7305,1.0,8776,1790,82337,0.01
14,84141,7306,1.0,8777,1790,82351,0.01
14,84155,7307,1.0,8778,1790,82365,0.01
18,84173,7308,1.0,8779,1791,82382,0.01
14,84187,7309,1.0,8780,1791,82396,0.01
14,84201,7310,1.0,8781,1791,82410,0.01
14,84215,7311,1.0,8782,1791,82424,0.01
14,84229,7312,1.0,8783,1791,82438,0.01
12,84241,7312,0.0,8784,1792,82449,0.01
13,84254,7312,0.0,8785,1792,82462,0.01
14,84268,7313,1.0,8786,1792,82476,0.01
14,84282,7314,1.0,8787,1792,82490,0.01
14,84296,7315,1.0,8788,1793,82503,0.01
14,84310,7316,1.0,8789,1793,82517,0.01
14,84324,7317,1.0,8790,1794,82530,0.01
14,84338,7318,1.0,8791,1794,82544,0.01
14,84352,7319,1.0,8792,1794,82558,0.01
18,84370,7319,0.0,8793,1796,82574,0.01
13,84383,7319,0.0,8794,1796,82587,0.01
13,84396,7319,0.0,8795,1796,82600,0.01
24,84420,7319,0.0,8796,1799,82621,0.01
3,84423,7319,0.0,8797,1800,82623,0.01
3,84426,7319,0.0,8798,1801,82625,0.01
22,84448,7319,0.0,8799,1802,82646,0.01
9,84457,7319,0.0,8800,1803,82654,0.01
13,84470,7319,0.0,8801,1803,82667,0.01
18,84488,7319,0.0,8802,1803,82685,0.01
42,84530,7319,0.0,8803,1803,82727,0.01
10,84540,7319,0.0,8804,1803,82737,0.01
20,84560,7319,0.0,8805,1803,82757,0.01
47,84607,7319,0.0,8806,1804,82803,0.01
25,84632,7320,1.0,8807,1805,82827,0.01
25,84657,7321,1.0,8808,1805,82852,0.01
14,84671,7321,0.0,8809,1806,82865,0.01
20,84691,7321,0.0,8810,1806,82885,0.01
26,84717,7321,0.0,8811,1806,82911,0.01
43,84760,7321,0.0,8812,1806,82954,0.01
26,84786,7321,0.0,8813,1806,82980,0.01
7,84793,7321,0.0,8814,1806,82987,0.01
25,84818,7321,0.0,8815,1806,83012,0.01
14,84832,7321,0.0,8816,1806,83026,0.01
14,84846,7321,0.0,8817,1807,83039,0.01
14,84860,7321,0.0,8818,1807,83053,0.01
7,84867,7321,0.0,8819,1807,83060,0.01
7,84874,7321,0.0,8820,1807,83067,0.01
7,84881,7321,0.0,8821,1807,83074,0.01
14,84895,7321,0.0,8822,1807,83088,0.01
14,84909,7322,1.0,8823,1807,83102,0.01
7,84916,7322,0.0,8824,1807,83109,0.01
7,84923,7322,0.0,8825,1807,83116,0.01
7,84930,7322,0.0,8826,1807,83123,0.01
7,84937,7322,0.0,8827,1807,83130,0.01
7,84944,7322,0.0,8828,1807,83137,0.01
9,84953,7323,1.0,8829,1807,83146,0.01
9,84962,7324,1.0,8830,1807,83155,0.01
9,84971,7325,1.0,8831,1807,83164,0.01
9,84980,7326,1.0,8832,1807,83173,0.01
9,84989,7327,1.0,8833,1807,83182,0.01
9,84998,7328,1.0,8834,1808,83190,0.01
9,85007,7329,1.0,8835,1808,83199,0.01
9,85016,7330,1.0,8836,1808,83208,0.01
9,85025,7331,1.0,8837,1808,83217,0.01
9,85034,7332,1.0,8838,1808,83226,0.01
9,85043,7333,1.0,8839,1808,83235,0.01
9,85052,7334,1.0,8840,1808,83244,0.01
9,85061,7335,1.0,8841,1808,83253,0.01
9,85070,7336,1.0,8842,1808,83262,0.01
9,85079,7337,1.0,8843,1808,83271,0.01
9,85088,7338,1.0,8844,1808,83280,0.01
9,85097,7339,1.0,8845,1808,83289,0.01
9,85106,7340,1.0,8846,1808,83298,0.01
9,85115,7341,1.0,8847,1808,83307,0.01
9,85124,7342,1.0,8848,1808,83316,0.01
9,85133,7343,1.0,8849,1808,83325,0.01
9,85142,7344,1.0,8850,1808,83334,0.01
9,85151,7345,1.0,8851,1808,83343,0.01
9,85160,7346,1.0,8852,1808,83352,0.01
9,85169,7347,1.0,8853,1808,83361,0.01
9,85178,7348,1.0,8854,1808,83370,0.01
9,85187,7349,1.0,8855,1808,83379,0.01
9,85196,7350,1.0,8856,1808,83388,0.01
9,85205,7351,1.0,8857,1808,83397,0.01
9,85214,7352,1.0,8858,1808,83406,0.01
9,85223,7353,1.0,8859,1808,83415,0.01
9,85232,7354,1.0,8860,1808,83424,0.01
14,85246,7354,0.0,8861,1809,83437,0.01
7,85253,7354,0.0,8862,1809,83444,0.01
9,85262,7355,1.0,8863,1809,83453,0.01
9,85271,7356,1.0,8864,1809,83462,0.01
32,85303,7357,1.0,8865,1810,83493,0.01
29,85332,7358,1.0,8866,1810,83522,0.01
9,85341,7359,1.0,8867,1810,83531,0.01
9,85350,7360,1.0,8868,1810,83540,0.01
9,85359,7361,1.0,8869,1810,83549,0.01
9,85368,7362,1.0,8870,1810,83558,0.01
9,85377,7363,1.0,8871,1810,83567,0.01
9,85386,7364,1.0,8872,1810,83576,0.01
9,85395,7365,1.0,8873,1810,83585,0.01
9,85404,7366,1.0,8874,1810,83594,0.01
9,85413,7367,1.0,8875,1810,83603,0.01
9,85422,7368,1.0,8876,1810,83612,0.01
14,85436,7368,0.0,8877,1811,83625,0.01
9,85445,7369,1.0,8878,1811,83634,0.01
9,85454,7370,1.0,8879,1811,83643,0.01
9,85463,7371,1.0,8880,1811,83652,0.01
9,85472,7372,1.0,8881,1811,83661,0.01
9,85481,7373,1.0,8882,1811,83670,0.01
9,85490,7374,1.0,8883,1811,83679,0.01
9,85499,7375,1.0,8884,1811,83688,0.01
9,85508,7376,1.0,8885,1811,83697,0.01
9,85517,7377,1.0,8886,1811,83706,0.01
9,85526,7378,1.0,8887,1811,83715,0.01
9,85535,7379,1.0,8888,1811,83724,0.01
9,85544,7380,1.0,8889,1811,83733,0.01
9,85553,7381,1.0,8890,1811,83742,0.01
9,85562,7382,1.0,8891,1811,83751,0.01
9,85571,7383,1.0,8892,1811,83760,0.01
9,85580,7384,1.0,8893,1811,83769,0.01
9,85589,7385,1.0,8894,1812,83777,0.01
9,85598,7386,1.0,8895,1812,83786,0.01
9,85607,7387,1.0,8896,1812,83795,0.01
9,85616,7388,1.0,8897,1812,83804,0.01
9,85625,7389,1.0,8898,1812,83813,0.01
9,85634,7390,1.0,8899,1812,83822,0.01
9,85643,7391,1.0,8900,1812,83831,0.01
9,85652,7392,1.0,8901,1812,83840,0.01
9,85661,7393,1.0,8902,1812,83849,0.01
9,85670,7394,1.0,8903,1812,83858,0.01
9,85679,7395,1.0,8904,1812,83867,0.01
14,85693,7395,0.0,8905,1813,83880,0.01
9,85702,7396,1.0,8906,1814,83888,0.01
9,85711,7397,1.0,8907,1814,83897,0.01
9,85720,7398,1.0,8908,1814,83906,0.01
9,85729,7399,1.0,8909,1814,83915,0.01
9,85738,7400,1.0,8910,1814,83924,0.01
14,85752,7400,0.0,8911,1815,83937,0.01
9,85761,7401,1.0,8912,1815,83946,0.01
9,85770,7402,1.0,8913,1815,83955,0.01
9,85779,7403,1.0,8914,1815,83964,0.01
9,85788,7404,1.0,8915,1815,83973,0.01
9,85797,7405,1.0,8916,1815,83982,0.01
14,85811,7406,1.0,8917,1816,83995,0.01
9,85820,7407,1.0,8918,1816,84004,0.01
9,85829,7408,1.0,8919,1816,84013,0.01
9,85838,7409,1.0,8920,1816,84022,0.01
9,85847,7410,1.0,8921,1816,84031,0.01
9,85856,7411,1.0,8922,1816,84040,0.01
9,85865,7412,1.0,8923,1816,84049,0.01
9,85874,7413,1.0,8924,1816,84058,0.01
9,85883,7414,1.0,8925,1816,84067,0.01
9,85892,7415,1.0,8926,1816,84076,0.01
9,85901,7416,1.0,8927,1816,84085,0.01
9,85910,7417,1.0,8928,1816,84094,0.01
9,85919,7418,1.0,8929,1816,84103,0.01
9,85928,7419,1.0,8930,1816,84112,0.01
9,85937,7420,1.0,8931,1816,84121,0.01
9,85946,7421,1.0,8932,1816,84130,0.01
9,85955,7422,1.0,8933,1816,84139,0.01
9,85964,7423,1.0,8934,1816,84148,0.01
9,85973,7424,1.0,8935,1816,84157,0.01
9,85982,7425,1.0,8936,1816,84166,0.01
9,85991,7426,1.0,8937,1816,84175,0.01
9,86000,7427,1.0,8938,1816,84184,0.01
9,86009,7428,1.0,8939,1816,84193,0.01
9,86018,7429,1.0,8940,1816,84202,0.01
5,86023,7429,0.0,8941,1817,84206,0.01
9,86032,7430,1.0,8942,1817,84215,0.01
9,86041,7431,1.0,8943,1817,84224,0.01
9,86050,7432,1.0,8944,1817,84233,0.01
9,86059,7433,1.0,8945,1817,84242,0.01
9,86068,7434,1.0,8946,1817,84251,0.01
9,86077,7435,1.0,8947,1817,84260,0.01
9,86086,7436,1.0,8948,1817,84269,0.01
9,86095,7437,1.0,8949,1818,84277,0.01
9,86104,7438,1.0,8950,1818,84286,0.01
9,86113,7439,1.0,8951,1818,84295,0.01
9,86122,7440,1.0,8952,1818,84304,0.01
9,86131,7441,1.0,8953,1818,84313,0.01
9,86140,7442,1.0,8954,1818,84322,0.01
9,86149,7443,1.0,8955,1818,84331,0.01
9,86158,7444,1.0,8956,1818,84340,0.01
9,86167,7445,1.0,8957,1818,84349,0.01
9,86176,7446,1.0,8958,1818,84358,0.01
9,86185,7447,1.0,8959,1818,84367,0.01
9,86194,7448,1.0,8960,1818,84376,0.01
9,86203,7449,1.0,8961,1818,84385,0.01
9,86212,7450,1.0,8962,1818,84394,0.01
9,86221,7451,1.0,8963,1818,84403,0.01
9,86230,7452,1.0,8964,1818,84412,0.01
9,86239,7453,1.0,8965,1818,84421,0.01
9,86248,7454,1.0,8966,1818,84430,0.01
9,86257,7455,1.0,8967,1818,84439,0.01
9,86266,7456,1.0,8968,1818,84448,0.01
9,86275,7457,1.0,8969,1818,84457,0.01
9,86284,7458,1.0,8970,1818,84466,0.01
9,86293,7459,1.0,8971,1818,84475,0.01
9,86302,7460,1.0,8972,1818,84484,0.01
9,86311,7461,1.0,8973,1818,84493,0.01
9,86320,7462,1.0,8974,1818,84502,0.01
9,86329,7463,1.0,8975,1818,84511,0.01
9,86338,7464,1.0,8976,1818,84520,0.01
9,86347,7465,1.0,8977,1818,84529,0.01
9,86356,7466,1.0,8978,1818,84538,0.01
9,86365,7467,1.0,8979,1818,84547,0.01
9,86374,7468,1.0,8980,1818,84556,0.01
9,86383,7469,1.0,8981,1818,84565,0.01
9,86392,7470,1.0,8982,1818,84574,0.01
9,86401,7471,1.0,8983,1818,84583,0.01
9,86410,7472,1.0,8984,1818,84592,0.01
9,86419,7473,1.0,8985,1818,84601,0.01
9,86428,7474,1.0,8986,1818,84610,0.01
9,86437,7475,1.0,8987,1818,84619,0.01
9,86446,7476,1.0,8988,1818,84628,0.01
9,86455,7477,1.0,8989,1818,84637,0.01
9,86464,7478,1.0,8990,1818,84646,0.01
9,86473,7479,1.0,8991,1818,84655,0.01
9,86482,7480,1.0,8992,1818,84664,0.01
9,86491,7481,1.0,8993,1818,84673,0.01
9,86500,7482,1.0,8994,1818,84682,0.01
9,86509,7483,1.0,8995,1818,84691,0.01
9,86518,7484,1.0,8996,1818,84700,0.01
9,86527,7485,1.0,8997,1818,84709,0.01
9,86536,7486,1.0,8998,1818,84718,0.01
9,86545,7487,1.0,8999,1818,84727,0.01
9,86554,7488,1.0,9000,1818,84736,0.01
9,86563,7489,1.0,9001,1818,84745,0.01
9,86572,7490,1.0,9002,1819,84753,0.01
9,86581,7491,1.0,9003,1820,84761,0.01
9,86590,7492,1.0,9004,1821,84769,0.01
9,86599,7493,1.0,9005,1821,84778,0.01
9,86608,7494,1.0,9006,1821,84787,0.01
9,86617,7495,1.0,9007,1821,84796,0.01
9,86626,7496,1.0,9008,1821,84805,0.01
9,86635,7497,1.0,9009,1821,84814,0.01
9,86644,7498,1.0,9010,1821,84823,0.01
9,86653,7499,1.0,9011,1821,84832,0.01
9,86662,7500,1.0,9012,1821,84841,0.01
9,86671,7501,1.0,9013,1821,84850,0.01
9,86680,7502,1.0,9014,1821,84859,0.01
9,86689,7503,1.0,9015,1821,84868,0.01
9,86698,7504,1.0,9016,1821,84877,0.01
9,86707,7505,1.0,9017,1821,84886,0.01
14,86721,7505,0.0,9018,1822,84899,0.01
14,86735,7505,0.0,9019,1822,84913,0.01
9,86744,7506,1.0,9020,1822,84922,0.01
14,86758,7506,0.0,9021,1823,84935,0.01
9,86767,7507,1.0,9022,1823,84944,0.01
9,86776,7508,1.0,9023,1823,84953,0.01
9,86785,7509,1.0,9024,1823,84962,0.01
9,86794,7510,1.0,9025,1823,84971,0.01
9,86803,7511,1.0,9026,1823,84980,0.01
9,86812,7512,1.0,9027,1823,84989,0.01
9,86821,7513,1.0,9028,1823,84998,0.01
9,86830,7514,1.0,9029,1824,85006,0.01
9,86839,7515,1.0,9030,1824,85015,0.01
9,86848,7516,1.0,9031,1824,85024,0.01
9,86857,7517,1.0,9032,1824,85033,0.01
9,86866,7518,1.0,9033,1824,85042,0.01
9,86875,7519,1.0,9034,1824,85051,0.01
9,86884,7520,1.0,9035,1824,85060,0.01
9,86893,7521,1.0,9036,1824,85069,0.01
9,86902,7522,1.0,9037,1824,85078,0.01
9,86911,7523,1.0,9038,1824,85087,0.01
9,86920,7524,1.0,9039,1824,85096,0.01
9,86929,7525,1.0,9040,1824,85105,0.01
9,86938,7526,1.0,9041,1824,85114,0.01
9,86947,7527,1.0,9042,1824,85123,0.01
9,86956,7528,1.0,9043,1824,85132,0.01
9,86965,7529,1.0,9044,1824,85141,0.01
9,86974,7530,1.0,9045,1824,85150,0.01
9,86983,7531,1.0,9046,1824,85159,0.01
9,86992,7532,1.0,9047,1824,85168,0.01
9,87001,7533,1.0,9048,1824,85177,0.01
8,87009,7533,0.0,9049,1825,85184,0.01
9,87018,7534,1.0,9050,1825,85193,0.01
9,87027,7535,1.0,9051,1825,85202,0.01
9,87036,7536,1.0,9052,1825,85211,0.01
9,87045,7537,1.0,9053,1825,85220,0.01
9,87054,7538,1.0,9054,1825,85229,0.01
9,87063,7539,1.0,9055,1825,85238,0.01
9,87072,7540,1.0,9056,1825,85247,0.01
9,87081,7541,1.0,9057,1825,85256,0.01
9,87090,7542,1.0,9058,1825,85265,0.01
9,87099,7543,1.0,9059,1825,85274,0.01
9,87108,7544,1.0,9060,1826,85282,0.01
9,87117,7545,1.0,9061,1826,85291,0.01
9,87126,7546,1.0,9062,1826,85300,0.01
9,87135,7547,1.0,9063,1826,85309,0.01
9,87144,7548,1.0,9064,1826,85318,0.01
9,87153,7549,1.0,9065,1826,85327,0.01
9,87162,7550,1.0,9066,1827,85335,0.01
9,87171,7551,1.0,9067,1827,85344,0.01
9,87180,7552,1.0,9068,1827,85353,0.01
9,87189,7553,1.0,9069,1827,85362,0.01
9,87198,7554,1.0,9070,1827,85371,0.01
9,87207,7555,1.0,9071,1827,85380,0.01
9,87216,7556,1.0,9072,1827,85389,0.01
9,87225,7557,1.0,9073,1827,85398,0.01
9,87234,7558,1.0,9074,1827,85407,0.01
9,87243,7559,1.0,9075,1827,85416,0.01
9,87252,7560,1.0,9076,1827,85425,0.01
9,87261,7561,1.0,9077,1827,85434,0.01
9,87270,7562,1.0,9078,1827,85443,0.01
9,87279,7563,1.0,9079,1827,85452,0.01
9,87288,7564,1.0,9080,1827,85461,0.01
9,87297,7565,1.0,9081,1827,85470,0.01
9,87306,7566,1.0,9082,1827,85479,0.01
9,87315,7567,1.0,9083,1827,85488,0.01
9,87324,7568,1.0,9084,1827,85497,0.01
9,87333,7569,1.0,9085,1827,85506,0.01
9,87342,7570,1.0,9086,1827,85515,0.01
9,87351,7571,1.0,9087,1827,85524,0.01
9,87360,7572,1.0,9088,1827,85533,0.01
9,87369,7573,1.0,9089,1827,85542,0.01
9,87378,7574,1.0,9090,1827,85551,0.01
9,87387,7575,1.0,9091,1827,85560,0.01
9,87396,7576,1.0,9092,1827,85569,0.01
9,87405,7577,1.0,9093,1827,85578,0.01
9,87414,7578,1.0,9094,1827,85587,0.01
9,87423,7579,1.0,9095,1827,85596,0.01
9,87432,7580,1.0,9096,1827,85605,0.01
14,87446,7580,0.0,9097,1829,85617,0.01
9,87455,7581,1.0,9098,1829,85626,0.01
9,87464,7582,1.0,9099,1829,85635,0.01
42,87506,7582,0.0,9100,1829,85677,0.01
14,87520,7582,0.0,9101,1830,85690,0.01
11,87531,7582,0.0,9102,1830,85701,0.01
9,87540,7583,1.0,9103,1830,85710,0.01
27,87567,7583,0.0,9104,1830,85737,0.01
9,87576,7583,0.0,9105,1830,85746,0.01
19,87595,7583,0.0,9106,1830,85765,0.01
25,87620,7583,0.0,9107,1830,85790,0.01
42,87662,7583,0.0,9108,1830,85832,0.01
6,87668,7583,0.0,9109,1830,85838,0.01
13,87681,7583,0.0,9110,1830,85851,0.01
42,87723,7583,0.0,9111,1830,85893,0.01
5,87728,7583,0.0,9112,1830,85898,0.01
44,87772,7583,0.0,9113,1831,85941,0.01
6,87778,7583,0.0,9114,1831,85947,0.01
14,87792,7583,0.0,9115,1831,85961,0.01
9,87801,7584,1.0,9116,1831,85970,0.01
23,87824,7584,0.0,9117,1831,85993,0.01
8,87832,7584,0.0,9118,1832,86000,0.01
23,87855,7584,0.0,9119,1832,86023,0.01
10,87865,7584,0.0,9120,1832,86033,0.01
2,87867,7584,0.0,9121,1833,86034,0.01
3,87870,7584,0.0,9122,1833,86037,0.01
9,87879,7585,1.0,9123,1833,86046,0.01
9,87888,7586,1.0,9124,1833,86055,0.01
9,87897,7587,1.0,9125,1833,86064,0.01
9,87906,7588,1.0,9126,1833,86073,0.01
9,87915,7589,1.0,9127,1833,86082,0.01
9,87924,7590,1.0,9128,1833,86091,0.01
9,87933,7591,1.0,9129,1833,86100,0.01
9,87942,7592,1.0,9130,1833,86109,0.01
9,87951,7593,1.0,9131,1833,86118,0.01
9,87960,7594,1.0,9132,1833,86127,0.01
9,87969,7595,1.0,9133,1833,86136,0.01
9,87978,7596,1.0,9134,1833,86145,0.01
9,87987,7597,1.0,9135,1833,86154,0.01
93,88080,7597,0.0,9136,1834,86246,0.01
14,88094,7597,0.0,9137,1834,86260,0.01
11,88105,7597,0.0,9138,1834,86271,0.01
7,88112,7597,0.0,9139,1834,86278,0.01
14,88126,7597,0.0,9140,1834,86292,0.01
13,88139,7597,0.0,9141,1835,86304,0.01
23,88162,7597,0.0,9142,1835,86327,0.01
6,88168,7598,1.0,9143,1835,86333,0.01
6,88174,7599,1.0,9144,1835,86339,0.01
6,88180,7600,1.0,9145,1835,86345,0.01
6,88186,7601,1.0,9146,1835,86351,0.01
6,88192,7602,1.0,9147,1835,86357,0.01
9,88201,7602,0.0,9148,1836,86365,0.01
23,88224,7602,0.0,9149,1836,86388,0.01
9,88233,7602,0.0,9150,1836,86397,0.01
25,88258,7602,0.0,9151,1837,86421,0.01
47,88305,7602,0.0,9152,1837,86468,0.01
14,88319,7603,1.0,9153,1837,86482,0.01
9,88328,7604,1.0,9154,1837,86491,0.01
9,88337,7605,1.0,9155,1837,86500,0.01
9,88346,7606,1.0,9156,1837,86509,0.01
9,88355,7607,1.0,9157,1837,86518,0.01
7,88362,7607,0.0,9158,1838,86524,0.01
9,88371,7608,1.0,9159,1838,86533,0.01
9,88380,7609,1.0,9160,1838,86542,0.01
9,88389,7610,1.0,9161,1838,86551,0.01
9,88398,7611,1.0,9162,1838,86560,0.01
9,88407,7612,1.0,9163,1838,86569,0.01
9,88416,7613,1.0,9164,1838,86578,0.01
9,88425,7614,1.0,9165,1838,86587,0.01
9,88434,7615,1.0,9166,1838,86596,0.01
9,88443,7616,1.0,9167,1838,86605,0.01
9,88452,7617,1.0,9168,1838,86614,0.01
9,88461,7618,1.0,9169,1838,86623,0.01
9,88470,7619,1.0,9170,1838,86632,0.01
9,88479,7620,1.0,9171,1838,86641,0.01
9,88488,7621,1.0,9172,1838,86650,0.01
9,88497,7622,1.0,9173,1838,86659,0.01
9,88506,7623,1.0,9174,1838,86668,0.01
9,88515,7624,1.0,9175,1838,86677,0.01
9,88524,7625,1.0,9176,1838,86686,0.01
9,88533,7626,1.0,9177,1838,86695,0.01
9,88542,7627,1.0,9178,1838,86704,0.01
9,88551,7628,1.0,9179,1838,86713,0.01
9,88560,7629,1.0,9180,1838,86722,0.01
9,88569,7630,1.0,9181,1839,86730,0.01
9,88578,7631,1.0,9182,1839,86739,0.01
9,88587,7632,1.0,9183,1839,86748,0.01
9,88596,7633,1.0,9184,1839,86757,0.01
9,88605,7634,1.0,9185,1839,86766,0.01
9,88614,7635,1.0,9186,1839,86775,0.01
9,88623,7636,1.0,9187,1839,86784,0.01
9,88632,7637,1.0,9188,1839,86793,0.01
9,88641,7638,1.0,9189,1839,86802,0.01
13,88654,7638,0.0,9190,1840,86814,0.01
9,88663,7639,1.0,9191,1840,86823,0.01
9,88672,7640,1.0,9192,1840,86832,0.01
9,88681,7641,1.0,9193,1840,86841,0.01
9,88690,7642,1.0,9194,1840,86850,0.01
9,88699,7643,1.0,9195,1840,86859,0.01
9,88708,7644,1.0,9196,1840,86868,0.01
9,88717,7645,1.0,9197,1840,86877,0.01
9,88726,7646,1.0,9198,1840,86886,0.01
9,88735,7647,1.0,9199,1840,86895,0.01
9,88744,7648,1.0,9200,1840,86904,0.01
9,88753,7649,1.0,9201,1840,86913,0.01
9,88762,7650,1.0,9202,1840,86922,0.01
9,88771,7651,1.0,9203,1840,86931,0.01
9,88780,7652,1.0,9204,1840,86940,0.01
9,88789,7653,1.0,9205,1840,86949,0.01
9,88798,7654,1.0,9206,1840,86958,0.01
9,88807,7655,1.0,9207,1840,86967,0.01
9,88816,7656,1.0,9208,1840,86976,0.01
14,88830,7657,1.0,9209,1841,86989,0.01
9,88839,7658,1.0,9210,1841,86998,0.01
9,88848,7659,1.0,9211,1841,87007,0.01
9,88857,7660,1.0,9212,1841,87016,0.01
9,88866,7661,1.0,9213,1841,87025,0.01
9,88875,7662,1.0,9214,1842,87033,0.01
9,88884,7663,1.0,9215,1842,87042,0.01
9,88893,7664,1.0,9216,1842,87051,0.01
9,88902,7665,1.0,9217,1842,87060,0.01
9,88911,7666,1.0,9218,1842,87069,0.01
9,88920,7667,1.0,9219,1842,87078,0.01
9,88929,7668,1.0,9220,1842,87087,0.01
9,88938,7669,1.0,9221,1842,87096,0.01
9,88947,7670,1.0,9222,1842,87105,0.01
9,88956,7671,1.0,9223,1842,87114,0.01
9,88965,7672,1.0,9224,1842,87123,0.01
9,88974,7673,1.0,9225,1842,87132,0.01
9,88983,7674,1.0,9226,1842,87141,0.01
9,88992,7675,1.0,9227,1842,87150,0.01
9,89001,7676,1.0,9228,1842,87159,0.01
9,89010,7677,1.0,9229,1842,87168,0.01
9,89019,7678,1.0,9230,1842,87177,0.01
9,89028,7679,1.0,9231,1842,87186,0.01
9,89037,7680,1.0,9232,1842,87195,0.01
9,89046,7681,1.0,9233,1842,87204,0.01
9,89055,7682,1.0,9234,1842,87213,0.01
9,89064,7683,1.0,9235,1842,87222,0.01
9,89073,7684,1.0,9236,1842,87231,0.01
9,89082,7685,1.0,9237,1842,87240,0.01
6,89088,7685,0.0,9238,1843,87245,0.01
9,89097,7686,1.0,9239,1843,87254,0.01
9,89106,7687,1.0,9240,1843,87263,0.01
9,89115,7688,1.0,9241,1843,87272,0.01
9,89124,7689,1.0,9242,1843,87281,0.01
9,89133,7690,1.0,9243,1843,87290,0.01
9,89142,7691,1.0,9244,1843,87299,0.01
9,89151,7692,1.0,9245,1843,87308,0.01
9,89160,7693,1.0,9246,1843,87317,0.01
18,89178,7693,0.0,9247,1844,87334,0.01
9,89187,7694,1.0,9248,1844,87343,0.01
9,89196,7695,1.0,9249,1844,87352,0.01
9,89205,7696,1.0,9250,1844,87361,0.01
4,89209,7696,0.0,9251,1845,87364,0.01
9,89218,7697,1.0,9252,1845,87373,0.01
9,89227,7698,1.0,9253,1845,87382,0.01
9,89236,7699,1.0,9254,1845,87391,0.01
9,89245,7700,1.0,9255,1845,87400,0.01
9,89254,7701,1.0,9256,1845,87409,0.01
9,89263,7702,1.0,9257,1845,87418,0.01
9,89272,7703,1.0,9258,1846,87426,0.01
9,89281,7704,1.0,9259,1846,87435,0.01
9,89290,7705,1.0,9260,1846,87444,0.01
9,89299,7706,1.0,9261,1846,87453,0.01
9,89308,7707,1.0,9262,1846,87462,0.01
9,89317,7708,1.0,9263,1846,87471,0.01
9,89326,7709,1.0,9264,1846,87480,0.01
9,89335,7710,1.0,9265,1846,87489,0.01
3,89338,7710,0.0,9266,1847,87491,0.01
9,89347,7711,1.0,9267,1847,87500,0.01
9,89356,7712,1.0,9268,1847,87509,0.01
9,89365,7713,1.0,9269,1847,87518,0.01
9,89374,7714,1.0,9270,1847,87527,0.01
9,89383,7715,1.0,9271,1847,87536,0.01
9,89392,7716,1.0,9272,1847,87545,0.01
14,89406,7717,1.0,9273,1848,87558,0.01
9,89415,7718,1.0,9274,1848,87567,0.01
9,89424,7719,1.0,9275,1848,87576,0.01
50,89474,7719,0.0,9276,1849,87625,0.01
9,89483,7720,1.0,9277,1849,87634,0.01
9,89492,7721,1.0,9278,1849,87643,0.01
9,89501,7722,1.0,9279,1849,87652,0.01
9,89510,7723,1.0,9280,1849,87661,0.01
9,89519,7724,1.0,9281,1849,87670,0.01
9,89528,7725,1.0,9282,1849,87679,0.01
9,89537,7726,1.0,9283,1849,87688,0.01
9,89546,7727,1.0,9284,1849,87697,0.01
9,89555,7728,1.0,9285,1849,87706,0.01
9,89564,7729,1.0,9286,1849,87715,0.01
9,89573,7730,1.0,9287,1849,87724,0.01
9,89582,7731,1.0,9288,1849,87733,0.01
9,89591,7732,1.0,9289,1849,87742,0.01
9,89600,7733,1.0,9290,1849,87751,0.01
9,89609,7734,1.0,9291,1849,87760,0.01
9,89618,7735,1.0,9292,1849,87769,0.01
9,89627,7736,1.0,9293,1849,87778,0.01
9,89636,7737,1.0,9294,1849,87787,0.01
9,89645,7738,1.0,9295,1849,87796,0.01
9,89654,7739,1.0,9296,1849,87805,0.01
9,89663,7740,1.0,9297,1849,87814,0.01
70,89733,7740,0.0,9298,1851,87882,0.01
9,89742,7741,1.0,9299,1851,87891,0.01
9,89751,7742,1.0,9300,1851,87900,0.01
9,89760,7743,1.0,9301,1851,87909,0.01
9,89769,7744,1.0,9302,1851,87918,0.01
9,89778,7745,1.0,9303,1851,87927,0.01
9,89787,7746,1.0,9304,1851,87936,0.01
9,89796,7747,1.0,9305,1851,87945,0.01
9,89805,7748,1.0,9306,1851,87954,0.01
9,89814,7749,1.0,9307,1851,87963,0.01
9,89823,7750,1.0,9308,1851,87972,0.01
9,89832,7751,1.0,9309,1851,87981,0.01
9,89841,7752,1.0,9310,1851,87990,0.01
9,89850,7753,1.0,9311,1851,87999,0.01
9,89859,7754,1.0,9312,1851,88008,0.01
9,89868,7755,1.0,9313,1851,88017,0.01
9,89877,7756,1.0,9314,1851,88026,0.01
9,89886,7757,1.0,9315,1851,88035,0.01
9,89895,7758,1.0,9316,1851,88044,0.01
9,89904,7759,1.0,9317,1851,88053,0.01
9,89913,7760,1.0,9318,1851,88062,0.01
9,89922,7761,1.0,9319,1851,88071,0.01
9,89931,7762,1.0,9320,1851,88080,0.01
9,89940,7763,1.0,9321,1851,88089,0.01
9,89949,7764,1.0,9322,1851,88098,0.01
9,89958,7765,1.0,9323,1851,88107,0.01
9,89967,7766,1.0,9324,1851,88116,0.01
9,89976,7767,1.0,9325,1851,88125,0.01
9,89985,7768,1.0,9326,1851,88134,0.01
9,89994,7769,1.0,9327,1851,88143,0.01
9,90003,7770,1.0,9328,1851,88152,0.01
9,90012,7771,1.0,9329,1851,88161,0.01
9,90021,7772,1.0,9330,1852,88169,0.01
9,90030,7773,1.0,9331,1852,88178,0.01
9,90039,7774,1.0,9332,1853,88186,0.01
9,90048,7775,1.0,9333,1853,88195,0.01
9,90057,7776,1.0,9334,1853,88204,0.01
9,90066,7777,1.0,9335,1853,88213,0.01
9,90075,7778,1.0,9336,1853,88222,0.01
9,90084,7779,1.0,9337,1853,88231,0.01
9,90093,7780,1.0,9338,1853,88240,0.01
44,90137,7780,0.0,9339,1854,88283,0.01
7,90144,7780,0.0,9340,1854,88290,0.01
9,90153,7781,1.0,9341,1854,88299,0.01
9,90162,7782,1.0,9342,1854,88308,0.01
9,90171,7783,1.0,9343,1854,88317,0.01
9,90180,7784,1.0,9344,1854,88326,0.01
9,90189,7785,1.0,9345,1854,88335,0.01
9,90198,7786,1.0,9346,1854,88344,0.01
9,90207,7787,1.0,9347,1855,88352,0.01
9,90216,7788,1.0,9348,1855,88361,0.01
9,90225,7789,1.0,9349,1855,88370,0.01
6,90231,7789,0.0,9350,1856,88375,0.01
9,90240,7790,1.0,9351,1856,88384,0.01
9,90249,7791,1.0,9352,1856,88393,0.01
9,90258,7792,1.0,9353,1856,88402,0.01
9,90267,7793,1.0,9354,1856,88411,0.01
9,90276,7794,1.0,9355,1856,88420,0.01
9,90285,7795,1.0,9356,1856,88429,0.01
9,90294,7796,1.0,9357,1856,88438,0.01
9,90303,7797,1.0,9358,1856,88447,0.01
9,90312,7798,1.0,9359,1856,88456,0.01
9,90321,7799,1.0,9360,1856,88465,0.01
9,90330,7800,1.0,9361,1856,88474,0.01
6,90336,7800,0.0,9362,1857,88479,0.01
9,90345,7801,1.0,9363,1857,88488,0.01
9,90354,7802,1.0,9364,1857,88497,0.01
9,90363,7803,1.0,9365,1857,88506,0.01
9,90372,7804,1.0,9366,1857,88515,0.01
9,90381,7805,1.0,9367,1857,88524,0.01
9,90390,7806,1.0,9368,1857,88533,0.01
14,90404,7807,1.0,9369,1858,88546,0.01
11,90415,7807,0.0,9370,1858,88557,0.01
9,90424,7808,1.0,9371,1858,88566,0.01
9,90433,7809,1.0,9372,1858,88575,0.01
9,90442,7810,1.0,9373,1858,88584,0.01
9,90451,7811,1.0,9374,1858,88593,0.01
9,90460,7812,1.0,9375,1859,88601,0.01
47,90507,7812,0.0,9376,1859,88648,0.01
9,90516,7813,1.0,9377,1859,88657,0.01
9,90525,7814,1.0,9378,1859,88666,0.01
9,90534,7815,1.0,9379,1859,88675,0.01
9,90543,7816,1.0,9380,1859,88684,0.01
9,90552,7817,1.0,9381,1859,88693,0.01
9,90561,7818,1.0,9382,1859,88702,0.01
9,90570,7819,1.0,9383,1859,88711,0.01
9,90579,7820,1.0,9384,1859,88720,0.01
9,90588,7821,1.0,9385,1859,88729,0.01
9,90597,7822,1.0,9386,1859,88738,0.01
9,90606,7823,1.0,9387,1859,88747,0.01
9,90615,7824,1.0,9388,1859,88756,0.01
9,90624,7825,1.0,9389,1859,88765,0.01
9,90633,7826,1.0,9390,1859,88774,0.01
9,90642,7827,1.0,9391,1859,88783,0.01
9,90651,7828,1.0,9392,1859,88792,0.01
9,90660,7829,1.0,9393,1859,88801,0.01
9,90669,7830,1.0,9394,1859,88810,0.01
9,90678,7831,1.0,9395,1859,88819,0.01
9,90687,7832,1.0,9396,1859,88828,0.01
9,90696,7833,1.0,9397,1859,88837,0.01
9,90705,7834,1.0,9398,1859,88846,0.01
14,90719,7835,1.0,9399,1860,88859,0.01
9,90728,7836,1.0,9400,1860,88868,0.01
9,90737,7837,1.0,9401,1860,88877,0.01
9,90746,7838,1.0,9402,1860,88886,0.01
9,90755,7839,1.0,9403,1860,88895,0.01
9,90764,7840,1.0,9404,1860,88904,0.01
9,90773,7841,1.0,9405,1860,88913,0.01
9,90782,7842,1.0,9406,1860,88922,0.01
9,90791,7843,1.0,9407,1860,88931,0.01
9,90800,7844,1.0,9408,1860,88940,0.01
9,90809,7845,1.0,9409,1860,88949,0.01
2,90811,7845,0.0,9410,1861,88950,0.01
14,90825,7845,0.0,9411,1862,88963,0.01
9,90834,7846,1.0,9412,1862,88972,0.01
9,90843,7847,1.0,9413,1862,88981,0.01
9,90852,7848,1.0,9414,1862,88990,0.01
9,90861,7849,1.0,9415,1862,88999,0.01
9,90870,7850,1.0,9416,1862,89008,0.01
9,90879,7851,1.0,9417,1862,89017,0.01
9,90888,7852,1.0,9418,1862,89026,0.01
9,90897,7853,1.0,9419,1862,89035,0.01
9,90906,7854,1.0,9420,1862,89044,0.01
9,90915,7855,1.0,9421,1862,89053,0.01
9,90924,7856,1.0,9422,1862,89062,0.01
9,90933,7857,1.0,9423,1862,89071,0.01
9,90942,7858,1.0,9424,1862,89080,0.01
9,90951,7859,1.0,9425,1862,89089,0.01
9,90960,7860,1.0,9426,1862,89098,0.01
9,90969,7861,1.0,9427,1862,89107,0.01
9,90978,7862,1.0,9428,1862,89116,0.01
9,90987,7863,1.0,9429,1862,89125,0.01
9,90996,7864,1.0,9430,1862,89134,0.01
9,91005,7865,1.0,9431,1862,89143,0.01
9,91014,7866,1.0,9432,1862,89152,0.01
9,91023,7867,1.0,9433,1862,89161,0.01
9,91032,7868,1.0,9434,1862,89170,0.01
9,91041,7869,1.0,9435,1862,89179,0.01
9,91050,7870,1.0,9436,1862,89188,0.01
9,91059,7871,1.0,9437,1862,89197,0.01
9,91068,7872,1.0,9438,1862,89206,0.01
2,91070,7872,0.0,9439,1863,89207,0.01
9,91079,7873,1.0,9440,1863,89216,0.01
9,91088,7874,1.0,9441,1863,89225,0.01
7,91095,7874,0.0,9442,1864,89231,0.01
47,91142,7874,0.0,9443,1865,89277,0.01
3,91145,7874,0.0,9444,1865,89280,0.01
9,91154,7875,1.0,9445,1865,89289,0.01
9,91163,7876,1.0,9446,1865,89298,0.01
9,91172,7877,1.0,9447,1865,89307,0.01
9,91181,7878,1.0,9448,1865,89316,0.01
6,91187,7878,0.0,9449,1866,89321,0.01
9,91196,7879,1.0,9450,1866,89330,0.01
9,91205,7880,1.0,9451,1866,89339,0.01
9,91214,7881,1.0,9452,1866,89348,0.01
9,91223,7882,1.0,9453,1866,89357,0.01
9,91232,7883,1.0,9454,1866,89366,0.01
9,91241,7884,1.0,9455,1866,89375,0.01
9,91250,7885,1.0,9456,1866,89384,0.01
9,91259,7886,1.0,9457,1866,89393,0.01
9,91268,7887,1.0,9458,1866,89402,0.01
9,91277,7888,1.0,9459,1867,89410,0.01
9,91286,7889,1.0,9460,1867,89419,0.01
9,91295,7890,1.0,9461,1867,89428,0.01
9,91304,7891,1.0,9462,1868,89436,0.01
9,91313,7892,1.0,9463,1868,89445,0.01
9,91322,7893,1.0,9464,1868,89454,0.01
9,91331,7894,1.0,9465,1868,89463,0.01
9,91340,7895,1.0,9466,1868,89472,0.01
9,91349,7896,1.0,9467,1868,89481,0.01
9,91358,7897,1.0,9468,1868,89490,0.01
9,91367,7898,1.0,9469,1869,89498,0.01
9,91376,7899,1.0,9470,1869,89507,0.01
9,91385,7900,1.0,9471,1869,89516,0.01
9,91394,7901,1.0,9472,1869,89525,0.01
9,91403,7902,1.0,9473,1869,89534,0.01
14,91417,7903,1.0,9474,1870,89547,0.01
9,91426,7904,1.0,9475,1870,89556,0.01
9,91435,7905,1.0,9476,1870,89565,0.01
9,91444,7906,1.0,9477,1870,89574,0.01
9,91453,7907,1.0,9478,1870,89583,0.01
9,91462,7908,1.0,9479,1870,89592,0.01
9,91471,7909,1.0,9480,1870,89601,0.01
9,91480,7910,1.0,9481,1870,89610,0.01
9,91489,7911,1.0,9482,1870,89619,0.01
9,91498,7912,1.0,9483,1870,89628,0.01
9,91507,7913,1.0,9484,1870,89637,0.01
9,91516,7914,1.0,9485,1870,89646,0.01
9,91525,7915,1.0,9486,1871,89654,0.01
9,91534,7916,1.0,9487,1871,89663,0.01
9,91543,7917,1.0,9488,1871,89672,0.01
9,91552,7918,1.0,9489,1871,89681,0.01
9,91561,7919,1.0,9490,1871,89690,0.01
9,91570,7920,1.0,9491,1871,89699,0.01
9,91579,7921,1.0,9492,1871,89708,0.01
9,91588,7922,1.0,9493,1871,89717,0.01
9,91597,7923,1.0,9494,1871,89726,0.01
9,91606,7924,1.0,9495,1871,89735,0.01
9,91615,7925,1.0,9496,1871,89744,0.01
9,91624,7926,1.0,9497,1871,89753,0.01
9,91633,7927,1.0,9498,1871,89762,0.01
9,91642,7928,1.0,9499,1871,89771,0.01
9,91651,7929,1.0,9500,1871,89780,0.01
9,91660,7930,1.0,9501,1871,89789,0.01
9,91669,7931,1.0,9502,1871,89798,0.01
9,91678,7932,1.0,9503,1871,89807,0.01
8,91686,7932,0.0,9504,1872,89814,0.01
9,91695,7933,1.0,9505,1872,89823,0.01
9,91704,7934,1.0,9506,1872,89832,0.01
9,91713,7935,1.0,9507,1872,89841,0.01
9,91722,7936,1.0,9508,1872,89850,0.01
9,91731,7937,1.0,9509,1872,89859,0.01
9,91740,7938,1.0,9510,1873,89867,0.01
9,91749,7939,1.0,9511,1873,89876,0.01
9,91758,7940,1.0,9512,1873,89885,0.01
9,91767,7941,1.0,9513,1873,89894,0.01
9,91776,7942,1.0,9514,1873,89903,0.01
9,91785,7943,1.0,9515,1873,89912,0.01
9,91794,7944,1.0,9516,1873,89921,0.01
9,91803,7945,1.0,9517,1873,89930,0.01
2,91805,7945,0.0,9518,1874,89931,0.01
9,91814,7946,1.0,9519,1874,89940,0.01
9,91823,7947,1.0,9520,1874,89949,0.01
9,91832,7948,1.0,9521,1874,89958,0.01
3,91835,7948,0.0,9522,1875,89960,0.01
9,91844,7949,1.0,9523,1875,89969,0.01
9,91853,7950,1.0,9524,1875,89978,0.01
9,91862,7951,1.0,9525,1875,89987,0.01
9,91871,7952,1.0,9526,1875,89996,0.01
9,91880,7953,1.0,9527,1875,90005,0.01
9,91889,7954,1.0,9528,1875,90014,0.01
9,91898,7955,1.0,9529,1875,90023,0.01
9,91907,7956,1.0,9530,1875,90032,0.01
9,91916,7957,1.0,9531,1875,90041,0.01
9,91925,7958,1.0,9532,1875,90050,0.01
9,91934,7959,1.0,9533,1875,90059,0.01
9,91943,7960,1.0,9534,1875,90068,0.01
6,91949,7960,0.0,9535,1876,90073,0.01
9,91958,7961,1.0,9536,1876,90082,0.01
9,91967,7962,1.0,9537,1876,90091,0.01
9,91976,7963,1.0,9538,1876,90100,0.01
9,91985,7964,1.0,9539,1876,90109,0.01
9,91994,7965,1.0,9540,1876,90118,0.01
9,92003,7966,1.0,9541,1876,90127,0.01
9,92012,7967,1.0,9542,1876,90136,0.01
9,92021,7968,1.0,9543,1876,90145,0.01
9,92030,7969,1.0,9544,1876,90154,0.01
9,92039,7970,1.0,9545,1877,90162,0.01
26,92065,7971,1.0,9546,1877,90188,0.01
44,92109,7971,0.0,9547,1877,90232,0.01
14,92123,7972,1.0,9548,1878,90245,0.01
9,92132,7973,1.0,9549,1878,90254,0.01
9,92141,7974,1.0,9550,1878,90263,0.01
9,92150,7975,1.0,9551,1878,90272,0.01
9,92159,7976,1.0,9552,1878,90281,0.01
9,92168,7977,1.0,9553,1878,90290,0.01
9,92177,7978,1.0,9554,1878,90299,0.01
9,92186,7979,1.0,9555,1878,90308,0.01
9,92195,7980,1.0,9556,1878,90317,0.01
9,92204,7981,1.0,9557,1878,90326,0.01
9,92213,7982,1.0,9558,1878,90335,0.01
9,92222,7983,1.0,9559,1878,90344,0.01
9,92231,7984,1.0,9560,1878,90353,0.01
9,92240,7985,1.0,9561,1878,90362,0.01
9,92249,7986,1.0,9562,1878,90371,0.01
9,92258,7987,1.0,9563,1879,90379,0.01
9,92267,7988,1.0,9564,1879,90388,0.01
9,92276,7989,1.0,9565,1879,90397,0.01
9,92285,7990,1.0,9566,1879,90406,0.01
9,92294,7991,1.0,9567,1879,90415,0.01
9,92303,7992,1.0,9568,1879,90424,0.01
9,92312,7993,1.0,9569,1879,90433,0.01
9,92321,7994,1.0,9570,1879,90442,0.01
9,92330,7995,1.0,9571,1879,90451,0.01
25,92355,7996,1.0,9572,1880,90475,0.01
8,92363,7996,0.0,9573,1880,90483,0.01
9,92372,7997,1.0,9574,1880,90492,0.01
9,92381,7998,1.0,9575,1880,90501,0.01
9,92390,7999,1.0,9576,1880,90510,0.01
9,92399,8000,1.0,9577,1880,90519,0.01
9,92408,8001,1.0,9578,1880,90528,0.01
9,92417,8002,1.0,9579,1880,90537,0.01
9,92426,8003,1.0,9580,1880,90546,0.01
9,92435,8004,1.0,9581,1880,90555,0.01
9,92444,8005,1.0,9582,1880,90564,0.01
9,92453,8006,1.0,9583,1880,90573,0.01
9,92462,8007,1.0,9584,1881,90581,0.01
47,92509,8007,0.0,9585,1881,90628,0.01
9,92518,8008,1.0,9586,1881,90637,0.01
9,92527,8009,1.0,9587,1881,90646,0.01
9,92536,8010,1.0,9588,1881,90655,0.01
9,92545,8011,1.0,9589,1881,90664,0.01
9,92554,8012,1.0,9590,1881,90673,0.01
9,92563,8013,1.0,9591,1881,90682,0.01
9,92572,8014,1.0,9592,1881,90691,0.01
9,92581,8015,1.0,9593,1881,90700,0.01
9,92590,8016,1.0,9594,1881,90709,0.01
9,92599,8017,1.0,9595,1881,90718,0.01
9,92608,8018,1.0,9596,1881,90727,0.01
9,92617,8019,1.0,9597,1881,90736,0.01
9,92626,8020,1.0,9598,1881,90745,0.01
9,92635,8021,1.0,9599,1881,90754,0.01
9,92644,8022,1.0,9600,1881,90763,0.01
9,92653,8023,1.0,9601,1881,90772,0.01
9,92662,8024,1.0,9602,1881,90781,0.01
9,92671,8025,1.0,9603,1881,90790,0.01
9,92680,8026,1.0,9604,1881,90799,0.01
9,92689,8027,1.0,9605,1881,90808,0.01
9,92698,8028,1.0,9606,1881,90817,0.01
9,92707,8029,1.0,9607,1881,90826,0.01
9,92716,8030,1.0,9608,1881,90835,0.01
9,92725,8031,1.0,9609,1881,90844,0.01
9,92734,8032,1.0,9610,1881,90853,0.01
9,92743,8033,1.0,9611,1881,90862,0.01
9,92752,8034,1.0,9612,1881,90871,0.01
9,92761,8035,1.0,9613,1881,90880,0.01
9,92770,8036,1.0,9614,1881,90889,0.01
9,92779,8037,1.0,9615,1881,90898,0.01
9,92788,8038,1.0,9616,1881,90907,0.01
9,92797,8039,1.0,9617,1881,90916,0.01
9,92806,8040,1.0,9618,1881,90925,0.01
9,92815,8041,1.0,9619,1881,90934,0.01
9,92824,8042,1.0,9620,1881,90943,0.01
9,92833,8043,1.0,9621,1882,90951,0.01
9,92842,8044,1.0,9622,1882,90960,0.01
9,92851,8045,1.0,9623,1882,90969,0.01
9,92860,8046,1.0,9624,1883,90977,0.01
9,92869,8047,1.0,9625,1883,90986,0.01
9,92878,8048,1.0,9626,1883,90995,0.01
9,92887,8049,1.0,9627,1883,91004,0.01
9,92896,8050,1.0,9628,1883,91013,0.01
23,92919,8050,0.0,9629,1884,91035,0.01
28,92947,8050,0.0,9630,1885,91062,0.01
7,92954,8050,0.0,9631,1885,91069,0.01
11,92965,8051,1.0,9632,1885,91080,0.01
25,92990,8051,0.0,9633,1886,91104,0.01
28,93018,8051,0.0,9634,1887,91131,0.01
6,93024,8052,1.0,9635,1887,91137,0.01
6,93030,8053,1.0,9636,1887,91143,0.01
6,93036,8054,1.0,9637,1887,91149,0.01
6,93042,8055,1.0,9638,1887,91155,0.01
6,93048,8056,1.0,9639,1887,91161,0.01
6,93054,8057,1.0,9640,1887,91167,0.01
6,93060,8058,1.0,9641,1887,91173,0.01
6,93066,8059,1.0,9642,1887,91179,0.01
6,93072,8060,1.0,9643,1887,91185,0.01
6,93078,8061,1.0,9644,1887,91191,0.01
6,93084,8062,1.0,9645,1887,91197,0.01
6,93090,8063,1.0,9646,1887,91203,0.01
6,93096,8064,1.0,9647,1887,91209,0.01
6,93102,8065,1.0,9648,1887,91215,0.01
6,93108,8066,1.0,9649,1887,91221,0.01
6,93114,8067,1.0,9650,1887,91227,0.01
6,93120,8068,1.0,9651,1887,91233,0.01
6,93126,8069,1.0,9652,1887,91239,0.01
6,93132,8070,1.0,9653,1887,91245,0.01
6,93138,8071,1.0,9654,1887,91251,0.01
6,93144,8072,1.0,9655,1887,91257,0.01
6,93150,8073,1.0,9656,1888,91262,0.01
6,93156,8074,1.0,9657,1888,91268,0.01
6,93162,8075,1.0,9658,1888,91274,0.01
6,93168,8076,1.0,9659,1889,91279,0.01
6,93174,8077,1.0,9660,1889,91285,0.01
10,93184,8078,1.0,9661,1890,91294,0.01
6,93190,8079,1.0,9662,1890,91300,0.01
6,93196,8080,1.0,9663,1890,91306,0.01
6,93202,8081,1.0,9664,1890,91312,0.01
6,93208,8082,1.0,9665,1890,91318,0.01
6,93214,8083,1.0,9666,1890,91324,0.01
6,93220,8084,1.0,9667,1890,91330,0.01
6,93226,8085,1.0,9668,1890,91336,0.01
6,93232,8086,1.0,9669,1890,91342,0.01
6,93238,8087,1.0,9670,1890,91348,0.01
6,93244,8088,1.0,9671,1890,91354,0.01
6,93250,8089,1.0,9672,1890,91360,0.01
6,93256,8090,1.0,9673,1890,91366,0.01
6,93262,8091,1.0,9674,1890,91372,0.01
6,93268,8092,1.0,9675,1890,91378,0.01
6,93274,8093,1.0,9676,1890,91384,0.01
6,93280,8094,1.0,9677,1890,91390,0.01
6,93286,8095,1.0,9678,1890,91396,0.01
6,93292,8096,1.0,9679,1890,91402,0.01
6,93298,8097,1.0,9680,1890,91408,0.01
6,93304,8098,1.0,9681,1890,91414,0.01
6,93310,8099,1.0,9682,1890,91420,0.01
6,93316,8100,1.0,9683,1890,91426,0.01
6,93322,8101,1.0,9684,1890,91432,0.01
6,93328,8102,1.0,9685,1890,91438,0.01
6,93334,8103,1.0,9686,1890,91444,0.01
6,93340,8104,1.0,9687,1890,91450,0.01
10,93350,8104,0.0,9688,1891,91459,0.01
6,93356,8105,1.0,9689,1891,91465,0.01
6,93362,8106,1.0,9690,1891,91471,0.01
6,93368,8107,1.0,9691,1891,91477,0.01
6,93374,8108,1.0,9692,1891,91483,0.01
6,93380,8109,1.0,9693,1891,91489,0.01
6,93386,8110,1.0,9694,1891,91495,0.01
6,93392,8111,1.0,9695,1891,91501,0.01
6,93398,8112,1.0,9696,1891,91507,0.01
6,93404,8113,1.0,9697,1891,91513,0.01
6,93410,8114,1.0,9698,1891,91519,0.01
6,93416,8115,1.0,9699,1891,91525,0.01
6,93422,8116,1.0,9700,1891,91531,0.01
6,93428,8117,1.0,9701,1891,91537,0.01
6,93434,8118,1.0,9702,1891,91543,0.01
6,93440,8119,1.0,9703,1891,91549,0.01
6,93446,8120,1.0,9704,1891,91555,0.01
6,93452,8121,1.0,9705,1891,91561,0.01
6,93458,8122,1.0,9706,1891,91567,0.01
6,93464,8123,1.0,9707,1891,91573,0.01
6,93470,8124,1.0,9708,1891,91579,0.01
6,93476,8125,1.0,9709,1891,91585,0.01
2,93478,8125,0.0,9710,1892,91586,0.01
6,93484,8126,1.0,9711,1892,91592,0.01
6,93490,8127,1.0,9712,1892,91598,0.01
6,93496,8128,1.0,9713,1892,91604,0.01
6,93502,8129,1.0,9714,1892,91610,0.01
6,93508,8130,1.0,9715,1892,91616,0.01
6,93514,8131,1.0,9716,1892,91622,0.01
6,93520,8132,1.0,9717,1892,91628,0.01
6,93526,8133,1.0,9718,1892,91634,0.01
6,93532,8134,1.0,9719,1892,91640,0.01
6,93538,8135,1.0,9720,1892,91646,0.01
6,93544,8136,1.0,9721,1892,91652,0.01
6,93550,8137,1.0,9722,1892,91658,0.01
6,93556,8138,1.0,9723,1892,91664,0.01
6,93562,8139,1.0,9724,1892,91670,0.01
6,93568,8140,1.0,9725,1892,91676,0.01
6,93574,8141,1.0,9726,1892,91682,0.01
6,93580,8142,1.0,9727,1892,91688,0.01
6,93586,8143,1.0,9728,1892,91694,0.01
6,93592,8144,1.0,9729,1892,91700,0.01
6,93598,8145,1.0,9730,1892,91706,0.01
6,93604,8146,1.0,9731,1892,91712,0.01
6,93610,8147,1.0,9732,1892,91718,0.01
6,93616,8148,1.0,9733,1892,91724,0.01
6,93622,8149,1.0,9734,1892,91730,0.01
6,93628,8150,1.0,9735,1892,91736,0.01
6,93634,8151,1.0,9736,1892,91742,0.01
25,93659,8151,0.0,9737,1893,91766,0.01
24,93683,8151,0.0,9738,1894,91789,0.01
6,93689,8152,1.0,9739,1894,91795,0.01
3,93692,8152,0.0,9740,1894,91798,0.01
6,93698,8153,1.0,9741,1894,91804,0.01
6,93704,8154,1.0,9742,1894,91810,0.01
6,93710,8155,1.0,9743,1894,91816,0.01
6,93716,8156,1.0,9744,1894,91822,0.01
6,93722,8157,1.0,9745,1894,91828,0.01
6,93728,8158,1.0,9746,1894,91834,0.01
6,93734,8159,1.0,9747,1894,91840,0.01
6,93740,8160,1.0,9748,1894,91846,0.01
6,93746,8161,1.0,9749,1894,91852,0.01
6,93752,8162,1.0,9750,1894,91858,0.01
6,93758,8163,1.0,9751,1894,91864,0.01
6,93764,8164,1.0,9752,1894,91870,0.01
6,93770,8165,1.0,9753,1894,91876,0.01
6,93776,8166,1.0,9754,1894,91882,0.01
6,93782,8167,1.0,9755,1894,91888,0.01
6,93788,8168,1.0,9756,1894,91894,0.01
6,93794,8169,1.0,9757,1894,91900,0.01
6,93800,8170,1.0,9758,1894,91906,0.01
6,93806,8171,1.0,9759,1894,91912,0.01
6,93812,8172,1.0,9760,1894,91918,0.01
6,93818,8173,1.0,9761,1894,91924,0.01
6,93824,8174,1.0,9762,1894,91930,0.01
6,93830,8175,1.0,9763,1894,91936,0.01
6,93836,8176,1.0,9764,1894,91942,0.01
6,93842,8177,1.0,9765,1894,91948,0.01
6,93848,8178,1.0,9766,1894,91954,0.01
6,93854,8179,1.0,9767,1894,91960,0.01
6,93860,8180,1.0,9768,1894,91966,0.01
6,93866,8181,1.0,9769,1894,91972,0.01
6,93872,8182,1.0,9770,1894,91978,0.01
6,93878,8183,1.0,9771,1894,91984,0.01
6,93884,8184,1.0,9772,1894,91990,0.01
6,93890,8185,1.0,9773,1894,91996,0.01
6,93896,8186,1.0,9774,1894,92002,0.01
6,93902,8187,1.0,9775,1894,92008,0.01
6,93908,8188,1.0,9776,1894,92014,0.01
6,93914,8189,1.0,9777,1894,92020,0.01
6,93920,8190,1.0,9778,1894,92026,0.01
6,93926,8191,1.0,9779,1894,92032,0.01
6,93932,8192,1.0,9780,1894,92038,0.01
6,93938,8193,1.0,9781,1894,92044,0.01
6,93944,8194,1.0,9782,1894,92050,0.01
6,93950,8195,1.0,9783,1894,92056,0.01
6,93956,8196,1.0,9784,1894,92062,0.01
6,93962,8197,1.0,9785,1894,92068,0.01
6,93968,8198,1.0,9786,1894,92074,0.01
6,93974,8199,1.0,9787,1894,92080,0.01
5,93979,8199,0.0,9788,1895,92084,0.01
6,93985,8200,1.0,9789,1895,92090,0.01
6,93991,8201,1.0,9790,1896,92095,0.01
6,93997,8202,1.0,9791,1896,92101,0.01
6,94003,8203,1.0,9792,1896,92107,0.01
6,94009,8204,1.0,9793,1896,92113,0.01
6,94015,8205,1.0,9794,1896,92119,0.01
6,94021,8206,1.0,9795,1896,92125,0.01
6,94027,8207,1.0,9796,1896,92131,0.01
6,94033,8208,1.0,9797,1896,92137,0.01
6,94039,8209,1.0,9798,1896,92143,0.01
6,94045,8210,1.0,9799,1896,92149,0.01
6,94051,8211,1.0,9800,1896,92155,0.01
6,94057,8212,1.0,9801,1896,92161,0.01
6,94063,8213,1.0,9802,1896,92167,0.01
6,94069,8214,1.0,9803,1896,92173,0.01
25,94094,8214,0.0,9804,1898,92196,0.01
6,94100,8215,1.0,9805,1898,92202,0.01
6,94106,8216,1.0,9806,1898,92208,0.01
6,94112,8217,1.0,9807,1898,92214,0.01
6,94118,8218,1.0,9808,1898,92220,0.01
6,94124,8219,1.0,9809,1898,92226,0.01
4,94128,8219,0.0,9810,1899,92229,0.01
6,94134,8220,1.0,9811,1899,92235,0.01
6,94140,8221,1.0,9812,1899,92241,0.01
6,94146,8222,1.0,9813,1899,92247,0.01
6,94152,8223,1.0,9814,1899,92253,0.01
6,94158,8224,1.0,9815,1899,92259,0.01
6,94164,8225,1.0,9816,1900,92264,0.01
6,94170,8226,1.0,9817,1900,92270,0.01
6,94176,8227,1.0,9818,1900,92276,0.01
6,94182,8228,1.0,9819,1900,92282,0.01
6,94188,8229,1.0,9820,1900,92288,0.01
6,94194,8230,1.0,9821,1900,92294,0.01
6,94200,8231,1.0,9822,1900,92300,0.01
6,94206,8232,1.0,9823,1900,92306,0.01
6,94212,8233,1.0,9824,1900,92312,0.01
6,94218,8234,1.0,9825,1900,92318,0.01
6,94224,8235,1.0,9826,1900,92324,0.01
6,94230,8236,1.0,9827,1900,92330,0.01
6,94236,8237,1.0,9828,1900,92336,0.01
6,94242,8238,1.0,9829,1900,92342,0.01
6,94248,8239,1.0,9830,1900,92348,0.01
6,94254,8240,1.0,9831,1900,92354,0.01
6,94260,8241,1.0,9832,1900,92360,0.01
6,94266,8242,1.0,9833,1900,92366,0.01
6,94272,8243,1.0,9834,1900,92372,0.01
6,94278,8244,1.0,9835,1900,92378,0.01
6,94284,8245,1.0,9836,1900,92384,0.01
6,94290,8246,1.0,9837,1900,92390,0.01
6,94296,8247,1.0,9838,1900,92396,0.01
6,94302,8248,1.0,9839,1900,92402,0.01
6,94308,8249,1.0,9840,1900,92408,0.01
6,94314,8250,1.0,9841,1900,92414,0.01
6,94320,8251,1.0,9842,1900,92420,0.01
6,94326,8252,1.0,9843,1900,92426,0.01
6,94332,8253,1.0,9844,1900,92432,0.01
6,94338,8254,1.0,9845,1900,92438,0.01
6,94344,8255,1.0,9846,1900,92444,0.01
6,94350,8256,1.0,9847,1900,92450,0.01
6,94356,8257,1.0,9848,1900,92456,0.01
6,94362,8258,1.0,9849,1900,92462,0.01
6,94368,8259,1.0,9850,1900,92468,0.01
6,94374,8260,1.0,9851,1900,92474,0.01
6,94380,8261,1.0,9852,1900,92480,0.01
6,94386,8262,1.0,9853,1900,92486,0.01
6,94392,8263,1.0,9854,1900,92492,0.01
10,94402,8264,1.0,9855,1901,92501,0.01
6,94408,8265,1.0,9856,1901,92507,0.01
6,94414,8266,1.0,9857,1901,92513,0.01
25,94439,8266,0.0,9858,1902,92537,0.01
11,94450,8266,0.0,9859,1903,92547,0.01
7,94457,8266,0.0,9860,1904,92553,0.01
6,94463,8267,1.0,9861,1904,92559,0.01
15,94478,8267,0.0,9862,1904,92574,0.01
6,94484,8268,1.0,9863,1904,92580,0.01
6,94490,8269,1.0,9864,1904,92586,0.01
6,94496,8269,0.0,9865,1904,92592,0.01
6,94502,8270,1.0,9866,1904,92598,0.01
6,94508,8271,1.0,9867,1904,92604,0.01
6,94514,8272,1.0,9868,1904,92610,0.01
6,94520,8273,1.0,9869,1904,92616,0.01
6,94526,8274,1.0,9870,1904,92622,0.01
6,94532,8275,1.0,9871,1904,92628,0.01
6,94538,8276,1.0,9872,1904,92634,0.01
6,94544,8277,1.0,9873,1904,92640,0.01
6,94550,8278,1.0,9874,1904,92646,0.01
6,94556,8279,1.0,9875,1904,92652,0.01
6,94562,8280,1.0,9876,1904,92658,0.01
6,94568,8281,1.0,9877,1904,92664,0.01
10,94578,8282,1.0,9878,1905,92673,0.01
6,94584,8283,1.0,9879,1905,92679,0.01
6,94590,8284,1.0,9880,1905,92685,0.01
6,94596,8285,1.0,9881,1905,92691,0.01
6,94602,8286,1.0,9882,1905,92697,0.01
6,94608,8287,1.0,9883,1905,92703,0.01
6,94614,8288,1.0,9884,1905,92709,0.01
6,94620,8289,1.0,9885,1905,92715,0.01
6,94626,8290,1.0,9886,1905,92721,0.01
6,94632,8291,1.0,9887,1905,92727,0.01
6,94638,8292,1.0,9888,1905,92733,0.01
6,94644,8293,1.0,9889,1905,92739,0.01
6,94650,8294,1.0,9890,1905,92745,0.01
6,94656,8295,1.0,9891,1905,92751,0.01
6,94662,8296,1.0,9892,1905,92757,0.01
6,94668,8297,1.0,9893,1905,92763,0.01
6,94674,8298,1.0,9894,1905,92769,0.01
6,94680,8299,1.0,9895,1905,92775,0.01
6,94686,8300,1.0,9896,1905,92781,0.01
6,94692,8301,1.0,9897,1905,92787,0.01
6,94698,8302,1.0,9898,1905,92793,0.01
6,94704,8303,1.0,9899,1905,92799,0.01
6,94710,8304,1.0,9900,1905,92805,0.01
6,94716,8305,1.0,9901,1905,92811,0.01
6,94722,8306,1.0,9902,1905,92817,0.01
6,94728,8307,1.0,9903,1905,92823,0.01
6,94734,8308,1.0,9904,1905,92829,0.01
6,94740,8309,1.0,9905,1905,92835,0.01
6,94746,8310,1.0,9906,1905,92841,0.01
6,94752,8311,1.0,9907,1905,92847,0.01
6,94758,8312,1.0,9908,1905,92853,0.01
6,94764,8313,1.0,9909,1905,92859,0.01
6,94770,8314,1.0,9910,1905,92865,0.01
6,94776,8315,1.0,9911,1905,92871,0.01
6,94782,8316,1.0,9912,1905,92877,0.01
6,94788,8317,1.0,9913,1905,92883,0.01
6,94794,8318,1.0,9914,1905,92889,0.01
6,94800,8319,1.0,9915,1905,92895,0.01
6,94806,8320,1.0,9916,1905,92901,0.01
6,94812,8321,1.0,9917,1905,92907,0.01
6,94818,8322,1.0,9918,1905,92913,0.01
6,94824,8323,1.0,9919,1905,92919,0.01
6,94830,8324,1.0,9920,1905,92925,0.01
6,94836,8325,1.0,9921,1905,92931,0.01
10,94846,8326,1.0,9922,1906,92940,0.01
6,94852,8327,1.0,9923,1906,92946,0.01
6,94858,8328,1.0,9924,1906,92952,0.01
6,94864,8329,1.0,9925,1906,92958,0.01
6,94870,8330,1.0,9926,1906,92964,0.01
6,94876,8331,1.0,9927,1906,92970,0.01
6,94882,8332,1.0,9928,1906,92976,0.01
6,94888,8333,1.0,9929,1906,92982,0.01
6,94894,8334,1.0,9930,1906,92988,0.01
13,94907,8334,0.0,9931,1908,92999,0.01
9,94916,8334,0.0,9932,1908,93008,0.01
12,94928,8335,1.0,9933,1908,93020,0.01
8,94936,8335,0.0,9934,1908,93028,0.01
4,94940,8335,0.0,9935,1908,93032,0.01
3,94943,8335,0.0,9936,1909,93034,0.01
6,94949,8336,1.0,9937,1909,93040,0.01
6,94955,8337,1.0,9938,1909,93046,0.01
6,94961,8338,1.0,9939,1910,93051,0.01
6,94967,8339,1.0,9940,1910,93057,0.01
6,94973,8340,1.0,9941,1910,93063,0.01
6,94979,8341,1.0,9942,1910,93069,0.01
6,94985,8342,1.0,9943,1910,93075,0.01
6,94991,8343,1.0,9944,1910,93081,0.01
6,94997,8344,1.0,9945,1910,93087,0.01
6,95003,8345,1.0,9946,1910,93093,0.01
6,95009,8346,1.0,9947,1910,93099,0.01
6,95015,8347,1.0,9948,1910,93105,0.01
6,95021,8348,1.0,9949,1910,93111,0.01
6,95027,8349,1.0,9950,1910,93117,0.01
6,95033,8350,1.0,9951,1910,93123,0.01
6,95039,8351,1.0,9952,1910,93129,0.01
6,95045,8352,1.0,9953,1910,93135,0.01
6,95051,8353,1.0,9954,1910,93141,0.01
6,95057,8354,1.0,9955,1910,93147,0.01
6,95063,8355,1.0,9956,1910,93153,0.01
6,95069,8356,1.0,9957,1910,93159,0.01
6,95075,8357,1.0,9958,1910,93165,0.01
6,95081,8358,1.0,9959,1910,93171,0.01
6,95087,8359,1.0,9960,1910,93177,0.01
6,95093,8360,1.0,9961,1910,93183,0.01
6,95099,8361,1.0,9962,1911,93188,0.01
6,95105,8362,1.0,9963,1911,93194,0.01
6,95111,8363,1.0,9964,1911,93200,0.01
6,95117,8364,1.0,9965,1911,93206,0.01
25,95142,8364,0.0,9966,1912,93230,0.01
6,95148,8365,1.0,9967,1912,93236,0.01
6,95154,8366,1.0,9968,1912,93242,0.01
6,95160,8367,1.0,9969,1912,93248,0.01
6,95166,8368,1.0,9970,1912,93254,0.01
6,95172,8369,1.0,9971,1912,93260,0.01
6,95178,8370,1.0,9972,1912,93266,0.01
6,95184,8371,1.0,9973,1912,93272,0.01
6,95190,8372,1.0,9974,1912,93278,0.01
6,95196,8373,1.0,9975,1912,93284,0.01
6,95202,8374,1.0,9976,1912,93290,0.01
6,95208,8375,1.0,9977,1912,93296,0.01
6,95214,8376,1.0,9978,1912,93302,0.01
6,95220,8377,1.0,9979,1912,93308,0.01
6,95226,8378,1.0,9980,1912,93314,0.01
6,95232,8379,1.0,9981,1912,93320,0.01
6,95238,8380,1.0,9982,1912,93326,0.01
6,95244,8381,1.0,9983,1912,93332,0.01
6,95250,8382,1.0,9984,1912,93338,0.01
6,95256,8383,1.0,9985,1912,93344,0.01
6,95262,8384,1.0,9986,1912,93350,0.01
6,95268,8385,1.0,9987,1912,93356,0.01
6,95274,8386,1.0,9988,1912,93362,0.01
6,95280,8387,1.0,9989,1912,93368,0.01
6,95286,8388,1.0,9990,1912,93374,0.01
6,95292,8389,1.0,9991,1912,93380,0.01
6,95298,8390,1.0,9992,1912,93386,0.01
6,95304,8391,1.0,9993,1912,93392,0.01
6,95310,8392,1.0,9994,1912,93398,0.01
6,95316,8393,1.0,9995,1912,93404,0.01
6,95322,8394,1.0,9996,1912,93410,0.01
6,95328,8395,1.0,9997,1912,93416,0.01
6,95334,8396,1.0,9998,1912,93422,0.01
6,95340,8397,1.0,9999,1912,93428,0.01
6,95346,8398,1.0,10000,1912,93434,0.01
6,95352,8399,1.0,10001,1912,93440,0.01
6,95358,8400,1.0,10002,1912,93446,0.01
6,95364,8401,1.0,10003,1912,93452,0.01
6,95370,8402,1.0,10004,1912,93458,0.01
6,95376,8403,1.0,10005,1912,93464,0.01
6,95382,8404,1.0,10006,1912,93470,0.01
6,95388,8405,1.0,10007,1912,93476,0.01
8,95396,8405,0.0,10008,1914,93482,0.01
6,95402,8406,1.0,10009,1914,93488,0.01
6,95408,8407,1.0,10010,1915,93493,0.01
6,95414,8408,1.0,10011,1915,93499,0.01
6,95420,8409,1.0,10012,1915,93505,0.01
6,95426,8410,1.0,10013,1915,93511,0.01
6,95432,8411,1.0,10014,1915,93517,0.01
6,95438,8412,1.0,10015,1915,93523,0.01
6,95444,8413,1.0,10016,1915,93529,0.01
6,95450,8414,1.0,10017,1915,93535,0.01
6,95456,8415,1.0,10018,1915,93541,0.01
6,95462,8416,1.0,10019,1915,93547,0.01
6,95468,8417,1.0,10020,1915,93553,0.01
6,95474,8418,1.0,10021,1915,93559,0.01
6,95480,8419,1.0,10022,1915,93565,0.01
6,95486,8420,1.0,10023,1915,93571,0.01
6,95492,8421,1.0,10024,1915,93577,0.01
6,95498,8422,1.0,10025,1915,93583,0.01
6,95504,8423,1.0,10026,1915,93589,0.01
6,95510,8424,1.0,10027,1915,93595,0.01
6,95516,8425,1.0,10028,1915,93601,0.01
6,95522,8426,1.0,10029,1915,93607,0.01
6,95528,8427,1.0,10030,1915,93613,0.01
6,95534,8428,1.0,10031,1915,93619,0.01
6,95540,8429,1.0,10032,1915,93625,0.01
6,95546,8430,1.0,10033,1915,93631,0.01
6,95552,8431,1.0,10034,1915,93637,0.01
6,95558,8432,1.0,10035,1915,93643,0.01
6,95564,8433,1.0,10036,1915,93649,0.01
6,95570,8434,1.0,10037,1915,93655,0.01
6,95576,8435,1.0,10038,1915,93661,0.01
6,95582,8436,1.0,10039,1915,93667,0.01
6,95588,8437,1.0,10040,1915,93673,0.01
6,95594,8438,1.0,10041,1915,93679,0.01
6,95600,8439,1.0,10042,1915,93685,0.01
6,95606,8440,1.0,10043,1915,93691,0.01
6,95612,8441,1.0,10044,1915,93697,0.01
5,95617,8441,0.0,10045,1916,93701,0.01
6,95623,8442,1.0,10046,1916,93707,0.01
6,95629,8443,1.0,10047,1916,93713,0.01
6,95635,8444,1.0,10048,1916,93719,0.01
6,95641,8445,1.0,10049,1916,93725,0.01
6,95647,8446,1.0,10050,1916,93731,0.01
6,95653,8447,1.0,10051,1916,93737,0.01
6,95659,8448,1.0,10052,1916,93743,0.01
6,95665,8449,1.0,10053,1916,93749,0.01
4,95669,8449,0.0,10054,1917,93752,0.01
6,95675,8450,1.0,10055,1917,93758,0.01
6,95681,8451,1.0,10056,1917,93764,0.01
6,95687,8452,1.0,10057,1917,93770,0.01
6,95693,8453,1.0,10058,1917,93776,0.01
6,95699,8454,1.0,10059,1917,93782,0.01
6,95705,8455,1.0,10060,1917,93788,0.01
6,95711,8456,1.0,10061,1917,93794,0.01
6,95717,8457,1.0,10062,1918,93799,0.01
6,95723,8458,1.0,10063,1918,93805,0.01
6,95729,8459,1.0,10064,1918,93811,0.01
6,95735,8460,1.0,10065,1918,93817,0.01
6,95741,8461,1.0,10066,1918,93823,0.01
6,95747,8462,1.0,10067,1918,93829,0.01
6,95753,8463,1.0,10068,1918,93835,0.01
6,95759,8464,1.0,10069,1918,93841,0.01
6,95765,8465,1.0,10070,1920,93845,0.01
6,95771,8466,1.0,10071,1920,93851,0.01
6,95777,8467,1.0,10072,1920,93857,0.01
6,95783,8468,1.0,10073,1920,93863,0.01
6,95789,8469,1.0,10074,1920,93869,0.01
6,95795,8470,1.0,10075,1920,93875,0.01
6,95801,8471,1.0,10076,1920,93881,0.01
6,95807,8472,1.0,10077,1920,93887,0.01
6,95813,8473,1.0,10078,1920,93893,0.01
6,95819,8474,1.0,10079,1920,93899,0.01
6,95825,8475,1.0,10080,1920,93905,0.01
6,95831,8476,1.0,10081,1920,93911,0.01
6,95837,8477,1.0,10082,1920,93917,0.01
6,95843,8478,1.0,10083,1920,93923,0.01
6,95849,8479,1.0,10084,1920,93929,0.01
6,95855,8480,1.0,10085,1920,93935,0.01
6,95861,8481,1.0,10086,1920,93941,0.01
6,95867,8482,1.0,10087,1920,93947,0.01
6,95873,8483,1.0,10088,1920,93953,0.01
6,95879,8484,1.0,10089,1920,93959,0.01
6,95885,8485,1.0,10090,1920,93965,0.01
6,95891,8486,1.0,10091,1920,93971,0.01
6,95897,8487,1.0,10092,1920,93977,0.01
6,95903,8488,1.0,10093,1920,93983,0.01
6,95909,8489,1.0,10094,1920,93989,0.01
6,95915,8490,1.0,10095,1920,93995,0.01
6,95921,8491,1.0,10096,1920,94001,0.01
6,95927,8492,1.0,10097,1920,94007,0.01
6,95933,8493,1.0,10098,1920,94013,0.01
6,95939,8494,1.0,10099,1920,94019,0.01
6,95945,8495,1.0,10100,1920,94025,0.01
6,95951,8496,1.0,10101,1920,94031,0.01
6,95957,8497,1.0,10102,1920,94037,0.01
6,95963,8498,1.0,10103,1920,94043,0.01
6,95969,8499,1.0,10104,1920,94049,0.01
6,95975,8500,1.0,10105,1920,94055,0.01
6,95981,8501,1.0,10106,1920,94061,0.01
6,95987,8502,1.0,10107,1920,94067,0.01
6,95993,8503,1.0,10108,1920,94073,0.01
6,95999,8504,1.0,10109,1920,94079,0.01
6,96005,8505,1.0,10110,1920,94085,0.01
6,96011,8506,1.0,10111,1920,94091,0.01
6,96017,8507,1.0,10112,1920,94097,0.01
6,96023,8508,1.0,10113,1920,94103,0.01
6,96029,8509,1.0,10114,1920,94109,0.01
6,96035,8510,1.0,10115,1920,94115,0.01
6,96041,8511,1.0,10116,1920,94121,0.01
6,96047,8512,1.0,10117,1920,94127,0.01
6,96053,8513,1.0,10118,1920,94133,0.01
6,96059,8514,1.0,10119,1920,94139,0.01
6,96065,8515,1.0,10120,1920,94145,0.01
6,96071,8516,1.0,10121,1920,94151,0.01
6,96077,8517,1.0,10122,1920,94157,0.01
6,96083,8518,1.0,10123,1920,94163,0.01
6,96089,8519,1.0,10124,1920,94169,0.01
6,96095,8520,1.0,10125,1920,94175,0.01
6,96101,8521,1.0,10126,1920,94181,0.01
6,96107,8522,1.0,10127,1920,94187,0.01
6,96113,8523,1.0,10128,1920,94193,0.01
6,96119,8524,1.0,10129,1920,94199,0.01
6,96125,8525,1.0,10130,1920,94205,0.01
6,96131,8526,1.0,10131,1920,94211,0.01
6,96137,8527,1.0,10132,1920,94217,0.01
6,96143,8528,1.0,10133,1920,94223,0.01
6,96149,8529,1.0,10134,1920,94229,0.01
6,96155,8530,1.0,10135,1920,94235,0.01
6,96161,8531,1.0,10136,1920,94241,0.01
6,96167,8532,1.0,10137,1921,94246,0.01
6,96173,8533,1.0,10138,1921,94252,0.01
10,96183,8534,1.0,10139,1922,94261,0.01
6,96189,8535,1.0,10140,1922,94267,0.01
6,96195,8536,1.0,10141,1922,94273,0.01
6,96201,8537,1.0,10142,1922,94279,0.01
43,96244,8537,0.0,10143,1923,94321,0.01
6,96250,8537,0.0,10144,1923,94327,0.01
9,96259,8537,0.0,10145,1923,94336,0.01
20,96279,8537,0.0,10146,1924,94355,0.01
30,96309,8538,1.0,10147,1924,94385,0.01
14,96323,8539,1.0,10148,1924,94399,0.01
9,96332,8540,1.0,10149,1924,94408,0.01
9,96341,8541,1.0,10150,1924,94417,0.01
14,96355,8541,0.0,10151,1924,94431,0.01
2,96357,8541,0.0,10152,1924,94433,0.01
10,96367,8541,0.0,10153,1924,94443,0.01
20,96387,8541,0.0,10154,1925,94462,0.01
2,96389,8541,0.0,10155,1925,94464,0.01
2,96391,8541,0.0,10156,1925,94466,0.01
13,96404,8541,0.0,10157,1925,94479,0.01
2,96406,8541,0.0,10158,1925,94481,0.01
2,96408,8541,0.0,10159,1925,94483,0.01
2,96410,8541,0.0,10160,1925,94485,0.01
6,96416,8541,0.0,10161,1925,94491,0.01
3,96419,8541,0.0,10162,1925,94494,0.01
9,96428,8542,1.0,10163,1925,94503,0.01
9,96437,8543,1.0,10164,1925,94512,0.01
9,96446,8544,1.0,10165,1925,94521,0.01
9,96455,8545,1.0,10166,1925,94530,0.01
9,96464,8546,1.0,10167,1925,94539,0.01
9,96473,8547,1.0,10168,1925,94548,0.01
9,96482,8548,1.0,10169,1925,94557,0.01
9,96491,8549,1.0,10170,1925,94566,0.01
9,96500,8550,1.0,10171,1925,94575,0.01
9,96509,8551,1.0,10172,1925,94584,0.01
14,96523,8552,1.0,10173,1926,94597,0.01
9,96532,8553,1.0,10174,1926,94606,0.01
9,96541,8554,1.0,10175,1926,94615,0.01
9,96550,8555,1.0,10176,1926,94624,0.01
65,96615,8555,0.0,10177,1927,94688,0.01
3,96618,8555,0.0,10178,1927,94691,0.01
3,96621,8555,0.0,10179,1927,94694,0.01
3,96624,8555,0.0,10180,1927,94697,0.01
15,96639,8556,1.0,10181,1927,94712,0.01
9,96648,8557,1.0,10182,1927,94721,0.01
9,96657,8558,1.0,10183,1927,94730,0.01
9,96666,8559,1.0,10184,1927,94739,0.01
9,96675,8560,1.0,10185,1927,94748,0.01
9,96684,8561,1.0,10186,1927,94757,0.01
9,96693,8562,1.0,10187,1927,94766,0.01
9,96702,8563,1.0,10188,1927,94775,0.01
9,96711,8564,1.0,10189,1927,94784,0.01
9,96720,8565,1.0,10190,1927,94793,0.01
9,96729,8566,1.0,10191,1927,94802,0.01
9,96738,8567,1.0,10192,1927,94811,0.01
9,96747,8568,1.0,10193,1927,94820,0.01
9,96756,8569,1.0,10194,1927,94829,0.01
9,96765,8570,1.0,10195,1927,94838,0.01
9,96774,8571,1.0,10196,1927,94847,0.01
9,96783,8572,1.0,10197,1927,94856,0.01
9,96792,8573,1.0,10198,1927,94865,0.01
9,96801,8574,1.0,10199,1927,94874,0.01
9,96810,8575,1.0,10200,1927,94883,0.01
9,96819,8576,1.0,10201,1927,94892,0.01
9,96828,8577,1.0,10202,1927,94901,0.01
9,96837,8578,1.0,10203,1927,94910,0.01
9,96846,8579,1.0,10204,1927,94919,0.01
9,96855,8580,1.0,10205,1927,94928,0.01
9,96864,8581,1.0,10206,1927,94937,0.01
9,96873,8582,1.0,10207,1927,94946,0.01
9,96882,8583,1.0,10208,1927,94955,0.01
9,96891,8584,1.0,10209,1927,94964,0.01
9,96900,8585,1.0,10210,1927,94973,0.01
9,96909,8586,1.0,10211,1927,94982,0.01
9,96918,8587,1.0,10212,1927,94991,0.01
9,96927,8588,1.0,10213,1927,95000,0.01
9,96936,8589,1.0,10214,1927,95009,0.01
9,96945,8590,1.0,10215,1927,95018,0.01
9,96954,8591,1.0,10216,1927,95027,0.01
9,96963,8592,1.0,10217,1927,95036,0.01
9,96972,8593,1.0,10218,1927,95045,0.01
9,96981,8594,1.0,10219,1927,95054,0.01
9,96990,8595,1.0,10220,1927,95063,0.01
9,96999,8596,1.0,10221,1927,95072,0.01
9,97008,8597,1.0,10222,1927,95081,0.01
9,97017,8598,1.0,10223,1927,95090,0.01
14,97031,8599,1.0,10224,1928,95103,0.01
9,97040,8600,1.0,10225,1928,95112,0.01
9,97049,8601,1.0,10226,1928,95121,0.01
9,97058,8602,1.0,10227,1928,95130,0.01
9,97067,8603,1.0,10228,1928,95139,0.01
9,97076,8604,1.0,10229,1928,95148,0.01
9,97085,8605,1.0,10230,1928,95157,0.01
9,97094,8606,1.0,10231,1928,95166,0.01
9,97103,8607,1.0,10232,1928,95175,0.01
9,97112,8608,1.0,10233,1928,95184,0.01
9,97121,8609,1.0,10234,1928,95193,0.01
9,97130,8610,1.0,10235,1928,95202,0.01
9,97139,8611,1.0,10236,1928,95211,0.01
9,97148,8612,1.0,10237,1928,95220,0.01
9,97157,8613,1.0,10238,1928,95229,0.01
9,97166,8614,1.0,10239,1928,95238,0.01
9,97175,8615,1.0,10240,1928,95247,0.01
9,97184,8616,1.0,10241,1928,95256,0.01
9,97193,8617,1.0,10242,1928,95265,0.01
9,97202,8618,1.0,10243,1928,95274,0.01
9,97211,8619,1.0,10244,1928,95283,0.01
9,97220,8620,1.0,10245,1928,95292,0.01
9,97229,8621,1.0,10246,1928,95301,0.01
9,97238,8622,1.0,10247,1928,95310,0.01
9,97247,8623,1.0,10248,1928,95319,0.01
9,97256,8624,1.0,10249,1928,95328,0.01
9,97265,8625,1.0,10250,1928,95337,0.01
9,97274,8626,1.0,10251,1928,95346,0.01
9,97283,8627,1.0,10252,1928,95355,0.01
9,97292,8628,1.0,10253,1928,95364,0.01
9,97301,8629,1.0,10254,1928,95373,0.01
9,97310,8630,1.0,10255,1928,95382,0.01
9,97319,8631,1.0,10256,1928,95391,0.01
9,97328,8632,1.0,10257,1928,95400,0.01
9,97337,8633,1.0,10258,1928,95409,0.01
9,97346,8634,1.0,10259,1928,95418,0.01
9,97355,8635,1.0,10260,1928,95427,0.01
9,97364,8636,1.0,10261,1928,95436,0.01
23,97387,8636,0.0,10262,1929,95458,0.01
9,97396,8637,1.0,10263,1930,95466,0.01
9,97405,8638,1.0,10264,1930,95475,0.01
9,97414,8639,1.0,10265,1930,95484,0.01
9,97423,8640,1.0,10266,1930,95493,0.01
78,97501,8641,1.0,10267,1931,95570,0.01
13,97514,8641,0.0,10268,1931,95583,0.01
13,97527,8641,0.0,10269,1931,95596,0.01
13,97540,8641,0.0,10270,1931,95609,0.01
23,97563,8641,0.0,10271,1931,95632,0.01
13,97576,8641,0.0,10272,1931,95645,0.01
13,97589,8641,0.0,10273,1931,95658,0.01
9,97598,8641,0.0,10274,1931,95667,0.01
15,97613,8641,0.0,10275,1931,95682,0.01
23,97636,8641,0.0,10276,1931,95705,0.01
5,97641,8641,0.0,10277,1931,95710,0.01
4,97645,8641,0.0,10278,1931,95714,0.01
11,97656,8641,0.0,10279,1931,95725,0.01
8,97664,8641,0.0,10280,1931,95733,0.01
8,97672,8641,0.0,10281,1931,95741,0.01
42,97714,8641,0.0,10282,1931,95783,0.01
8,97722,8641,0.0,10283,1931,95791,0.01
9,97731,8642,1.0,10284,1931,95800,0.01
9,97740,8643,1.0,10285,1931,95809,0.01
9,97749,8644,1.0,10286,1931,95818,0.01
9,97758,8645,1.0,10287,1931,95827,0.01
9,97767,8646,1.0,10288,1931,95836,0.01
9,97776,8647,1.0,10289,1931,95845,0.01
9,97785,8648,1.0,10290,1931,95854,0.01
9,97794,8649,1.0,10291,1931,95863,0.01
9,97803,8650,1.0,10292,1931,95872,0.01
9,97812,8651,1.0,10293,1931,95881,0.01
9,97821,8652,1.0,10294,1931,95890,0.01
9,97830,8653,1.0,10295,1931,95899,0.01
9,97839,8654,1.0,10296,1931,95908,0.01
9,97848,8655,1.0,10297,1931,95917,0.01
9,97857,8656,1.0,10298,1931,95926,0.01
9,97866,8657,1.0,10299,1931,95935,0.01
9,97875,8658,1.0,10300,1931,95944,0.01
9,97884,8659,1.0,10301,1931,95953,0.01
9,97893,8660,1.0,10302,1931,95962,0.01
9,97902,8661,1.0,10303,1931,95971,0.01
9,97911,8662,1.0,10304,1931,95980,0.01
9,97920,8663,1.0,10305,1931,95989,0.01
9,97929,8664,1.0,10306,1931,95998,0.01
9,97938,8665,1.0,10307,1931,96007,0.01
9,97947,8666,1.0,10308,1931,96016,0.01
9,97956,8667,1.0,10309,1931,96025,0.01
9,97965,8668,1.0,10310,1931,96034,0.01
9,97974,8669,1.0,10311,1931,96043,0.01
9,97983,8670,1.0,10312,1931,96052,0.01
9,97992,8671,1.0,10313,1931,96061,0.01
9,98001,8672,1.0,10314,1931,96070,0.01
9,98010,8673,1.0,10315,1931,96079,0.01
9,98019,8674,1.0,10316,1931,96088,0.01
9,98028,8675,1.0,10317,1931,96097,0.01
9,98037,8676,1.0,10318,1931,96106,0.01
9,98046,8677,1.0,10319,1932,96114,0.01
9,98055,8678,1.0,10320,1932,96123,0.01
9,98064,8679,1.0,10321,1932,96132,0.01
9,98073,8680,1.0,10322,1932,96141,0.01
9,98082,8681,1.0,10323,1932,96150,0.01
9,98091,8682,1.0,10324,1932,96159,0.01
9,98100,8683,1.0,10325,1932,96168,0.01
9,98109,8684,1.0,10326,1932,96177,0.01
10,98119,8684,0.0,10327,1933,96186,0.01
9,98128,8685,1.0,10328,1933,96195,0.01
9,98137,8686,1.0,10329,1933,96204,0.01
9,98146,8687,1.0,10330,1933,96213,0.01
9,98155,8688,1.0,10331,1933,96222,0.01
9,98164,8689,1.0,10332,1933,96231,0.01
9,98173,8690,1.0,10333,1933,96240,0.01
9,98182,8691,1.0,10334,1933,96249,0.01
9,98191,8692,1.0,10335,1933,96258,0.01
25,98216,8692,0.0,10336,1934,96282,0.01
9,98225,8693,1.0,10337,1934,96291,0.01
9,98234,8694,1.0,10338,1934,96300,0.01
9,98243,8695,1.0,10339,1934,96309,0.01
9,98252,8696,1.0,10340,1934,96318,0.01
9,98261,8697,1.0,10341,1934,96327,0.01
9,98270,8698,1.0,10342,1934,96336,0.01
9,98279,8699,1.0,10343,1934,96345,0.01
9,98288,8700,1.0,10344,1934,96354,0.01
9,98297,8701,1.0,10345,1934,96363,0.01
9,98306,8702,1.0,10346,1934,96372,0.01
9,98315,8703,1.0,10347,1934,96381,0.01
9,98324,8704,1.0,10348,1934,96390,0.01
9,98333,8705,1.0,10349,1934,96399,0.01
9,98342,8706,1.0,10350,1934,96408,0.01
9,98351,8707,1.0,10351,1934,96417,0.01
9,98360,8708,1.0,10352,1934,96426,0.01
9,98369,8709,1.0,10353,1934,96435,0.01
9,98378,8710,1.0,10354,1934,96444,0.01
9,98387,8711,1.0,10355,1935,96452,0.01
9,98396,8712,1.0,10356,1935,96461,0.01
9,98405,8713,1.0,10357,1935,96470,0.01
9,98414,8714,1.0,10358,1935,96479,0.01
9,98423,8715,1.0,10359,1935,96488,0.01
9,98432,8716,1.0,10360,1935,96497,0.01
9,98441,8717,1.0,10361,1935,96506,0.01
9,98450,8718,1.0,10362,1935,96515,0.01
9,98459,8719,1.0,10363,1936,96523,0.01
9,98468,8720,1.0,10364,1936,96532,0.01
3,98471,8720,0.0,10365,1937,96534,0.01
9,98480,8721,1.0,10366,1937,96543,0.01
9,98489,8722,1.0,10367,1937,96552,0.01
9,98498,8723,1.0,10368,1937,96561,0.01
9,98507,8724,1.0,10369,1937,96570,0.01
9,98516,8725,1.0,10370,1938,96578,0.01
9,98525,8726,1.0,10371,1938,96587,0.01
9,98534,8727,1.0,10372,1938,96596,0.01
9,98543,8728,1.0,10373,1938,96605,0.01
9,98552,8729,1.0,10374,1938,96614,0.01
9,98561,8730,1.0,10375,1938,96623,0.01
9,98570,8731,1.0,10376,1938,96632,0.01
9,98579,8732,1.0,10377,1938,96641,0.01
9,98588,8733,1.0,10378,1938,96650,0.01
9,98597,8734,1.0,10379,1938,96659,0.01
9,98606,8735,1.0,10380,1938,96668,0.01
9,98615,8736,1.0,10381,1938,96677,0.01
9,98624,8737,1.0,10382,1938,96686,0.01
9,98633,8737,0.0,10383,1939,96694,0.01
9,98642,8737,0.0,10384,1939,96703,0.01
9,98651,8738,1.0,10385,1939,96712,0.01
9,98660,8739,1.0,10386,1939,96721,0.01
9,98669,8740,1.0,10387,1941,96728,0.01
9,98678,8741,1.0,10388,1941,96737,0.01
9,98687,8742,1.0,10389,1941,96746,0.01
9,98696,8743,1.0,10390,1941,96755,0.01
5,98701,8743,0.0,10391,1942,96759,0.01
9,98710,8744,1.0,10392,1942,96768,0.01
9,98719,8745,1.0,10393,1942,96777,0.01
9,98728,8746,1.0,10394,1942,96786,0.01
9,98737,8747,1.0,10395,1942,96795,0.01
9,98746,8748,1.0,10396,1942,96804,0.01
9,98755,8749,1.0,10397,1942,96813,0.01
9,98764,8750,1.0,10398,1942,96822,0.01
9,98773,8751,1.0,10399,1942,96831,0.01
9,98782,8752,1.0,10400,1942,96840,0.01
9,98791,8753,1.0,10401,1942,96849,0.01
9,98800,8754,1.0,10402,1942,96858,0.01
9,98809,8755,1.0,10403,1942,96867,0.01
9,98818,8756,1.0,10404,1943,96875,0.01
9,98827,8757,1.0,10405,1943,96884,0.01
25,98852,8757,0.0,10406,1944,96908,0.01
24,98876,8757,0.0,10407,1944,96932,0.01
9,98885,8758,1.0,10408,1944,96941,0.01
10,98895,8758,0.0,10409,1945,96950,0.01
14,98909,8758,0.0,10410,1945,96964,0.01
9,98918,8759,1.0,10411,1945,96973,0.01
4,98922,8759,0.0,10412,1946,96976,0.01
9,98931,8760,1.0,10413,1946,96985,0.01
9,98940,8761,1.0,10414,1946,96994,0.01
9,98949,8762,1.0,10415,1946,97003,0.01
9,98958,8763,1.0,10416,1946,97012,0.01
9,98967,8764,1.0,10417,1946,97021,0.01
9,98976,8765,1.0,10418,1946,97030,0.01
9,98985,8766,1.0,10419,1946,97039,0.01
9,98994,8767,1.0,10420,1946,97048,0.01
9,99003,8768,1.0,10421,1946,97057,0.01
9,99012,8768,0.0,10422,1947,97065,0.01
9,99021,8769,1.0,10423,1947,97074,0.01
9,99030,8770,1.0,10424,1947,97083,0.01
9,99039,8771,1.0,10425,1947,97092,0.01
9,99048,8772,1.0,10426,1947,97101,0.01
9,99057,8773,1.0,10427,1947,97110,0.01
9,99066,8774,1.0,10428,1947,97119,0.01
9,99075,8775,1.0,10429,1947,97128,0.01
25,99100,8775,0.0,10430,1948,97152,0.01
24,99124,8775,0.0,10431,1948,97176,0.01
25,99149,8775,0.0,10432,1948,97201,0.01
26,99175,8776,1.0,10433,1948,97227,0.01
8,99183,8776,0.0,10434,1948,97235,0.01
9,99192,8776,0.0,10435,1948,97244,0.01
6,99198,8776,0.0,10436,1948,97250,0.01
8,99206,8776,0.0,10437,1948,97258,0.01
25,99231,8777,1.0,10438,1948,97283,0.01
8,99239,8777,0.0,10439,1948,97291,0.01
8,99247,8777,0.0,10440,1948,97299,0.01
8,99255,8777,0.0,10441,1948,97307,0.01
19,99274,8777,0.0,10442,1949,97325,0.01
8,99282,8777,0.0,10443,1949,97333,0.01
19,99301,8777,0.0,10444,1949,97352,0.01
3,99304,8777,0.0,10445,1949,97355,0.01
18,99322,8777,0.0,10446,1950,97372,0.01
6,99328,8777,0.0,10447,1950,97378,0.01
45,99373,8777,0.0,10448,1951,97422,0.01
7,99380,8777,0.0,10449,1951,97429,0.01
11,99391,8777,0.0,10450,1951,97440,0.01
13,99404,8777,0.0,10451,1951,97453,0.01
9,99413,8777,0.0,10452,1951,97462,0.01
15,99428,8777,0.0,10453,1951,97477,0.01
6,99434,8777,0.0,10454,1951,97483,0.01
25,99459,8777,0.0,10455,1951,97508,0.01
16,99475,8777,0.0,10456,1952,97523,0.01
22,99497,8778,1.0,10457,1952,97545,0.01
2,99499,8778,0.0,10458,1952,97547,0.01
9,99508,8778,0.0,10459,1952,97556,0.01
9,99517,8778,0.0,10460,1952,97565,0.01
9,99526,8778,0.0,10461,1952,97574,0.01
9,99535,8778,0.0,10462,1952,97583,0.01
9,99544,8778,0.0,10463,1952,97592,0.01
9,99553,8778,0.0,10464,1952,97601,0.01
8,99561,8778,0.0,10465,1952,97609,0.01
9,99570,8778,0.0,10466,1952,97618,0.01
13,99583,8779,1.0,10467,1952,97631,0.01
9,99592,8779,0.0,10468,1952,97640,0.01
9,99601,8779,0.0,10469,1952,97649,0.01
9,99610,8779,0.0,10470,1952,97658,0.01
9,99619,8779,0.0,10471,1952,97667,0.01
9,99628,8780,1.0,10472,1952,97676,0.01
9,99637,8781,1.0,10473,1952,97685,0.01
9,99646,8782,1.0,10474,1952,97694,0.01
9,99655,8783,1.0,10475,1952,97703,0.01
9,99664,8784,1.0,10476,1952,97712,0.01
9,99673,8785,1.0,10477,1952,97721,0.01
9,99682,8786,1.0,10478,1952,97730,0.01
9,99691,8787,1.0,10479,1952,97739,0.01
9,99700,8788,1.0,10480,1952,97748,0.01
9,99709,8789,1.0,10481,1952,97757,0.01
9,99718,8790,1.0,10482,1952,97766,0.01
9,99727,8791,1.0,10483,1952,97775,0.01
9,99736,8792,1.0,10484,1952,97784,0.01
9,99745,8793,1.0,10485,1952,97793,0.01
9,99754,8794,1.0,10486,1952,97802,0.01
9,99763,8795,1.0,10487,1952,97811,0.01
9,99772,8796,1.0,10488,1953,97819,0.01
9,99781,8797,1.0,10489,1953,97828,0.01
9,99790,8798,1.0,10490,1953,97837,0.01
9,99799,8799,1.0,10491,1953,97846,0.01
9,99808,8800,1.0,10492,1953,97855,0.01
9,99817,8801,1.0,10493,1953,97864,0.01
9,99826,8802,1.0,10494,1953,97873,0.01
9,99835,8803,1.0,10495,1953,97882,0.01
9,99844,8804,1.0,10496,1953,97891,0.01
9,99853,8805,1.0,10497,1953,97900,0.01
4,99857,8805,0.0,10498,1954,97903,0.01
9,99866,8806,1.0,10499,1954,97912,0.01
9,99875,8807,1.0,10500,1954,97921,0.01
47,99922,8807,0.0,10501,1955,97967,0.01
9,99931,8808,1.0,10502,1955,97976,0.01
9,99940,8809,1.0,10503,1955,97985,0.01
9,99949,8810,1.0,10504,1955,97994,0.01
9,99958,8811,1.0,10505,1955,98003,0.01
9,99967,8812,1.0,10506,1955,98012,0.01
9,99976,8813,1.0,10507,1955,98021,0.01
9,99985,8814,1.0,10508,1955,98030,0.01
9,99994,8815,1.0,10509,1955,98039,0.01
