iteration,successes,successes_episode,reward_episode,episode_count,random_act,timestep
5,5,0,0.0,1,4,1
2,7,0,0.0,2,5,2
19,26,0,0.0,3,16,10
10,36,0,0.0,4,24,12
13,49,0,0.0,5,32,17
2,51,0,0.0,6,32,19
12,63,0,0.0,7,41,22
8,71,0,0.0,8,47,24
27,98,0,0.0,9,68,30
2,100,0,0.0,10,70,30
4,104,0,0.0,11,72,32
2,106,0,0.0,12,74,32
3,109,0,0.0,13,77,32
11,120,0,0.0,14,85,35
13,133,0,0.0,15,94,39
6,139,0,0.0,16,99,40
3,142,0,0.0,17,102,40
4,146,0,0.0,18,106,40
2,148,0,0.0,19,108,40
8,156,0,0.0,20,115,41
8,164,0,0.0,21,122,42
16,180,0,0.0,22,135,45
4,184,0,0.0,23,138,46
5,189,0,0.0,24,143,46
3,192,0,0.0,25,145,47
10,202,0,0.0,26,151,51
4,206,0,0.0,27,155,51
8,214,0,0.0,28,160,54
6,220,0,0.0,29,165,55
4,224,0,0.0,30,169,55
14,238,0,0.0,31,181,57
7,245,0,0.0,32,188,57
4,249,0,0.0,33,189,60
14,263,0,0.0,34,200,63
10,273,0,0.0,35,206,67
6,279,0,0.0,36,211,68
2,281,0,0.0,37,213,68
6,287,0,0.0,38,217,70
8,295,0,0.0,39,224,71
3,298,0,0.0,40,225,73
2,300,0,0.0,41,227,73
12,312,0,0.0,42,235,77
8,320,0,0.0,43,241,79
6,326,0,0.0,44,246,80
10,336,0,0.0,45,254,82
8,344,0,0.0,46,260,84
20,364,0,0.0,47,279,85
3,367,0,0.0,48,282,85
3,370,0,0.0,49,284,86
7,377,0,0.0,50,291,86
7,384,0,0.0,51,297,87
7,391,0,0.0,52,304,87
12,403,0,0.0,53,315,88
5,408,0,0.0,54,320,88
3,411,0,0.0,55,322,89
37,448,0,0.0,56,355,93
5,453,0,0.0,57,358,95
8,461,0,0.0,58,364,97
3,464,0,0.0,59,366,98
9,473,0,0.0,60,373,100
4,477,0,0.0,61,377,100
4,481,0,0.0,62,379,102
12,493,0,0.0,63,387,106
2,495,0,0.0,64,389,106
4,499,0,0.0,65,392,107
18,517,0,0.0,66,407,110
7,524,0,0.0,67,412,112
5,529,0,0.0,68,416,113
3,532,0,0.0,69,418,114
3,535,0,0.0,70,421,114
13,548,0,0.0,71,431,117
2,550,0,0.0,72,433,117
7,557,0,0.0,73,439,118
2,559,0,0.0,74,441,118
10,569,0,0.0,75,447,122
10,579,0,0.0,76,455,124
24,603,0,0.0,77,476,127
12,615,0,0.0,78,487,128
6,621,0,0.0,79,491,130
10,631,0,0.0,80,500,131
5,636,0,0.0,81,504,132
8,644,0,0.0,82,511,133
6,650,0,0.0,83,516,134
3,653,0,0.0,84,518,135
18,671,0,0.0,85,531,140
10,681,0,0.0,86,540,141
10,691,0,0.0,87,549,142
8,699,0,0.0,88,553,146
20,719,0,0.0,89,570,149
2,721,0,0.0,90,571,150
10,731,0,0.0,91,579,152
18,749,0,0.0,92,592,157
12,761,0,0.0,93,602,159
8,769,0,0.0,94,610,159
4,773,0,0.0,95,612,161
7,780,0,0.0,96,618,162
6,786,0,0.0,97,623,163
3,789,0,0.0,98,625,164
2,791,0,0.0,99,626,165
6,797,0,0.0,100,632,165
3,800,0,0.0,101,634,166
8,808,0,0.0,102,641,167
9,817,0,0.0,103,650,167
12,829,0,0.0,104,661,168
11,840,0,0.0,105,670,170
3,843,0,0.0,106,673,170
21,864,0,0.0,107,690,174
5,869,0,0.0,108,695,174
4,873,0,0.0,109,698,175
3,876,0,0.0,110,700,176
3,879,0,0.0,111,701,178
2,881,0,0.0,112,703,178
2,883,0,0.0,113,705,178
3,886,0,0.0,114,708,178
9,895,0,0.0,115,716,179
5,900,0,0.0,116,719,181
5,905,0,0.0,117,723,182
3,908,0,0.0,118,725,183
17,925,0,0.0,119,733,192
6,931,0,0.0,120,737,194
6,937,0,0.0,121,741,196
3,940,0,0.0,122,744,196
2,942,0,0.0,123,746,196
2,944,0,0.0,124,748,196
8,952,0,0.0,125,752,200
2,954,0,0.0,126,754,200
10,964,0,0.0,127,762,202
9,973,0,0.0,128,770,203
4,977,0,0.0,129,772,205
4,981,0,0.0,130,775,206
5,986,0,0.0,131,780,206
4,990,0,0.0,132,783,207
9,999,0,0.0,133,791,208
15,1014,0,0.0,134,804,210
2,1016,0,0.0,135,806,210
6,1022,0,0.0,136,812,210
13,1035,0,0.0,137,822,213
14,1049,0,0.0,138,834,215
6,1055,0,0.0,139,839,216
13,1068,0,0.0,140,851,217
2,1070,0,0.0,141,853,217
4,1074,0,0.0,142,856,218
14,1088,0,0.0,143,865,223
3,1091,0,0.0,144,866,225
7,1098,0,0.0,145,871,227
6,1104,0,0.0,146,875,229
9,1113,0,0.0,147,883,230
14,1127,0,0.0,148,893,234
6,1133,0,0.0,149,899,234
4,1137,0,0.0,150,902,235
10,1147,0,0.0,151,911,236
8,1155,0,0.0,152,915,240
8,1163,0,0.0,153,922,241
10,1173,0,0.0,154,930,243
17,1190,0,0.0,155,943,247
5,1195,0,0.0,156,948,247
7,1202,0,0.0,157,954,248
6,1208,0,0.0,158,958,250
3,1211,0,0.0,159,961,250
7,1218,0,0.0,160,967,251
5,1223,0,0.0,161,971,252
2,1225,0,0.0,162,972,253
3,1228,0,0.0,163,975,253
5,1233,0,0.0,164,978,255
2,1235,0,0.0,165,980,255
11,1246,0,0.0,166,991,255
5,1251,0,0.0,167,996,255
19,1270,0,0.0,168,1013,257
11,1281,1,1.0,169,1020,261
5,1286,1,0.0,170,1020,266
5,1291,1,0.0,171,1020,271
6,1297,1,0.0,172,1020,277
8,1305,1,0.0,173,1020,285
2,1307,1,0.0,174,1020,287
15,1322,1,0.0,175,1020,302
8,1330,1,0.0,176,1021,309
6,1336,1,0.0,177,1021,315
11,1347,1,0.0,178,1022,325
7,1354,1,0.0,179,1022,332
7,1361,1,0.0,180,1022,339
3,1364,1,0.0,181,1023,341
10,1374,1,0.0,182,1023,351
5,1379,1,0.0,183,1023,356
7,1386,1,0.0,184,1023,363
4,1390,1,0.0,185,1023,367
3,1393,1,0.0,186,1023,370
14,1407,1,0.0,187,1023,384
26,1433,1,0.0,188,1024,409
10,1443,1,0.0,189,1024,419
6,1449,1,0.0,190,1024,425
3,1452,1,0.0,191,1024,428
3,1455,1,0.0,192,1024,431
8,1463,1,0.0,193,1024,439
5,1468,1,0.0,194,1024,444
5,1473,1,0.0,195,1024,449
2,1475,1,0.0,196,1024,451
8,1483,1,0.0,197,1024,459
9,1492,1,0.0,198,1024,468
2,1494,1,0.0,199,1024,470
12,1506,1,0.0,200,1024,482
5,1511,1,0.0,201,1025,486
7,1518,1,0.0,202,1025,493
2,1520,1,0.0,203,1025,495
11,1531,1,0.0,204,1025,506
4,1535,1,0.0,205,1025,510
10,1545,1,0.0,206,1025,520
3,1548,1,0.0,207,1025,523
2,1550,1,0.0,208,1025,525
9,1559,1,0.0,209,1026,533
2,1561,1,0.0,210,1026,535
27,1588,1,0.0,211,1029,559
8,1596,1,0.0,212,1029,567
18,1614,1,0.0,213,1030,584
13,1627,1,0.0,214,1030,597
4,1631,1,0.0,215,1030,601
8,1639,1,0.0,216,1031,608
11,1650,1,0.0,217,1031,619
6,1656,1,0.0,218,1031,625
7,1663,1,0.0,219,1031,632
3,1666,1,0.0,220,1031,635
5,1671,1,0.0,221,1032,639
8,1679,1,0.0,222,1032,647
12,1691,1,0.0,223,1032,659
2,1693,1,0.0,224,1032,661
18,1711,1,0.0,225,1032,679
18,1729,1,0.0,226,1032,697
7,1736,1,0.0,227,1032,704
14,1750,1,0.0,228,1032,718
4,1754,1,0.0,229,1032,722
15,1769,1,0.0,230,1032,737
3,1772,1,0.0,231,1032,740
6,1778,1,0.0,232,1032,746
2,1780,1,0.0,233,1032,748
6,1786,1,0.0,234,1032,754
8,1794,1,0.0,235,1032,762
7,1801,1,0.0,236,1034,767
5,1806,1,0.0,237,1034,772
7,1813,1,0.0,238,1034,779
8,1821,1,0.0,239,1034,787
9,1830,1,0.0,240,1034,796
6,1836,1,0.0,241,1034,802
6,1842,1,0.0,242,1034,808
10,1852,1,0.0,243,1035,817
12,1864,1,0.0,244,1035,829
3,1867,1,0.0,245,1035,832
7,1874,1,0.0,246,1036,838
8,1882,1,0.0,247,1036,846
8,1890,1,0.0,248,1036,854
18,1908,1,0.0,249,1036,872
7,1915,1,0.0,250,1036,879
8,1923,1,0.0,251,1036,887
2,1925,1,0.0,252,1036,889
4,1929,1,0.0,253,1036,893
19,1948,1,0.0,254,1037,911
22,1970,1,0.0,255,1038,932
2,1972,1,0.0,256,1038,934
2,1974,1,0.0,257,1038,936
16,1990,1,0.0,258,1038,952
8,1998,1,0.0,259,1038,960
8,2006,1,0.0,260,1038,968
2,2008,1,0.0,261,1038,970
10,2018,1,0.0,262,1038,980
4,2022,1,0.0,263,1038,984
3,2025,1,0.0,264,1038,987
11,2036,1,0.0,265,1038,998
5,2041,1,0.0,266,1038,1003
23,2064,1,0.0,267,1038,1026
9,2073,1,0.0,268,1038,1035
2,2075,1,0.0,269,1039,1036
5,2080,1,0.0,270,1039,1041
3,2083,1,0.0,271,1039,1044
7,2090,1,0.0,272,1042,1048
6,2096,1,0.0,273,1042,1054
16,2112,1,0.0,274,1042,1070
8,2120,1,0.0,275,1042,1078
4,2124,1,0.0,276,1042,1082
5,2129,1,0.0,277,1042,1087
4,2133,1,0.0,278,1042,1091
3,2136,1,0.0,279,1043,1093
2,2138,1,0.0,280,1043,1095
7,2145,1,0.0,281,1043,1102
19,2164,1,0.0,282,1044,1120
4,2168,1,0.0,283,1044,1124
12,2180,1,0.0,284,1045,1135
10,2190,1,0.0,285,1045,1145
5,2195,1,0.0,286,1045,1150
15,2210,2,1.0,287,1045,1165
3,2213,2,0.0,288,1045,1168
4,2217,2,0.0,289,1045,1172
15,2232,3,1.0,290,1045,1187
8,2240,3,0.0,291,1045,1195
11,2251,3,0.0,292,1045,1206
5,2256,3,0.0,293,1045,1211
5,2261,3,0.0,294,1045,1216
5,2266,3,0.0,295,1045,1221
4,2270,3,0.0,296,1045,1225
3,2273,3,0.0,297,1045,1228
28,2301,3,0.0,298,1045,1256
4,2305,3,0.0,299,1045,1260
3,2308,3,0.0,300,1045,1263
2,2310,3,0.0,301,1045,1265
10,2320,3,0.0,302,1045,1275
18,2338,3,0.0,303,1045,1293
9,2347,3,0.0,304,1045,1302
8,2355,3,0.0,305,1045,1310
7,2362,3,0.0,306,1045,1317
3,2365,3,0.0,307,1045,1320
3,2368,3,0.0,308,1045,1323
6,2374,3,0.0,309,1045,1329
3,2377,3,0.0,310,1045,1332
2,2379,3,0.0,311,1045,1334
2,2381,3,0.0,312,1045,1336
2,2383,3,0.0,313,1045,1338
2,2385,3,0.0,314,1045,1340
6,2391,3,0.0,315,1045,1346
6,2397,3,0.0,316,1045,1352
13,2410,3,0.0,317,1045,1365
16,2426,3,0.0,318,1045,1381
5,2431,3,0.0,319,1045,1386
15,2446,4,1.0,320,1045,1401
7,2453,4,0.0,321,1045,1408
4,2457,4,0.0,322,1045,1412
15,2472,5,1.0,323,1045,1427
2,2474,5,0.0,324,1045,1429
7,2481,5,0.0,325,1045,1436
23,2504,5,0.0,326,1045,1459
6,2510,5,0.0,327,1045,1465
5,2515,5,0.0,328,1045,1470
4,2519,5,0.0,329,1045,1474
22,2541,6,1.0,330,1045,1496
12,2553,6,0.0,331,1045,1508
6,2559,6,0.0,332,1045,1514
15,2574,6,0.0,333,1045,1529
3,2577,6,0.0,334,1045,1532
5,2582,6,0.0,335,1045,1537
8,2590,6,0.0,336,1045,1545
10,2600,6,0.0,337,1045,1555
9,2609,6,0.0,338,1045,1564
13,2622,6,0.0,339,1045,1577
4,2626,6,0.0,340,1045,1581
10,2636,6,0.0,341,1045,1591
9,2645,6,0.0,342,1045,1600
9,2654,6,0.0,343,1045,1609
2,2656,6,0.0,344,1045,1611
9,2665,6,0.0,345,1045,1620
9,2674,6,0.0,346,1045,1629
3,2677,6,0.0,347,1045,1632
5,2682,6,0.0,348,1045,1637
11,2693,6,0.0,349,1045,1648
2,2695,6,0.0,350,1045,1650
4,2699,6,0.0,351,1045,1654
10,2709,6,0.0,352,1045,1664
3,2712,6,0.0,353,1045,1667
4,2716,6,0.0,354,1045,1671
5,2721,6,0.0,355,1045,1676
5,2726,6,0.0,356,1045,1681
12,2738,6,0.0,357,1045,1693
4,2742,6,0.0,358,1045,1697
7,2749,6,0.0,359,1045,1704
10,2759,6,0.0,360,1045,1714
2,2761,6,0.0,361,1045,1716
7,2768,6,0.0,362,1045,1723
17,2785,6,0.0,363,1045,1740
6,2791,6,0.0,364,1045,1746
2,2793,6,0.0,365,1045,1748
15,2808,6,0.0,366,1045,1763
2,2810,6,0.0,367,1045,1765
7,2817,6,0.0,368,1045,1772
2,2819,6,0.0,369,1045,1774
11,2830,6,0.0,370,1045,1785
2,2832,6,0.0,371,1045,1787
18,2850,6,0.0,372,1045,1805
12,2862,6,0.0,373,1045,1817
6,2868,6,0.0,374,1045,1823
2,2870,6,0.0,375,1045,1825
7,2877,6,0.0,376,1045,1832
2,2879,6,0.0,377,1045,1834
15,2894,7,1.0,378,1045,1849
10,2904,7,0.0,379,1045,1859
9,2913,7,0.0,380,1045,1868
6,2919,7,0.0,381,1045,1874
7,2926,7,0.0,382,1045,1881
11,2937,7,0.0,383,1045,1892
3,2940,7,0.0,384,1045,1895
7,2947,7,0.0,385,1045,1902
6,2953,7,0.0,386,1045,1908
5,2958,7,0.0,387,1045,1913
8,2966,7,0.0,388,1045,1921
3,2969,7,0.0,389,1045,1924
5,2974,7,0.0,390,1045,1929
3,2977,7,0.0,391,1045,1932
4,2981,7,0.0,392,1045,1936
10,2991,7,0.0,393,1045,1946
6,2997,7,0.0,394,1045,1952
3,3000,7,0.0,395,1045,1955
7,3007,7,0.0,396,1045,1962
5,3012,7,0.0,397,1045,1967
8,3020,7,0.0,398,1045,1975
2,3022,7,0.0,399,1045,1977
6,3028,7,0.0,400,1045,1983
5,3033,7,0.0,401,1045,1988
7,3040,7,0.0,402,1045,1995
9,3049,7,0.0,403,1045,2004
25,3074,7,0.0,404,1045,2029
15,3089,7,0.0,405,1045,2044
5,3094,7,0.0,406,1045,2049
3,3097,7,0.0,407,1045,2052
15,3112,7,0.0,408,1045,2067
6,3118,7,0.0,409,1045,2073
3,3121,7,0.0,410,1045,2076
7,3128,7,0.0,411,1045,2083
14,3142,7,0.0,412,1045,2097
6,3148,7,0.0,413,1045,2103
4,3152,7,0.0,414,1045,2107
5,3157,7,0.0,415,1045,2112
10,3167,7,0.0,416,1045,2122
6,3173,7,0.0,417,1045,2128
8,3181,7,0.0,418,1045,2136
26,3207,7,0.0,419,1046,2161
2,3209,7,0.0,420,1046,2163
5,3214,7,0.0,421,1046,2168
5,3219,7,0.0,422,1046,2173
18,3237,7,0.0,423,1046,2191
8,3245,7,0.0,424,1046,2199
7,3252,7,0.0,425,1046,2206
11,3263,7,0.0,426,1046,2217
4,3267,7,0.0,427,1046,2221
12,3279,7,0.0,428,1046,2233
14,3293,7,0.0,429,1046,2247
8,3301,7,0.0,430,1046,2255
5,3306,7,0.0,431,1046,2260
29,3335,7,0.0,432,1046,2289
9,3344,7,0.0,433,1046,2298
7,3351,7,0.0,434,1046,2305
2,3353,7,0.0,435,1046,2307
9,3362,7,0.0,436,1046,2316
5,3367,7,0.0,437,1046,2321
8,3375,7,0.0,438,1046,2329
13,3388,7,0.0,439,1046,2342
13,3401,7,0.0,440,1046,2355
10,3411,7,0.0,441,1046,2365
11,3422,7,0.0,442,1046,2376
5,3427,7,0.0,443,1046,2381
8,3435,7,0.0,444,1046,2389
7,3442,7,0.0,445,1046,2396
14,3456,7,0.0,446,1046,2410
21,3477,7,0.0,447,1046,2431
2,3479,7,0.0,448,1046,2433
22,3501,8,1.0,449,1046,2455
4,3505,8,0.0,450,1046,2459
3,3508,8,0.0,451,1046,2462
14,3522,8,0.0,452,1046,2476
9,3531,8,0.0,453,1046,2485
3,3534,8,0.0,454,1046,2488
35,3569,8,0.0,455,1046,2523
7,3576,8,0.0,456,1046,2530
6,3582,8,0.0,457,1046,2536
7,3589,8,0.0,458,1046,2543
11,3600,8,0.0,459,1046,2554
12,3612,8,0.0,460,1046,2566
4,3616,8,0.0,461,1046,2570
5,3621,8,0.0,462,1046,2575
4,3625,8,0.0,463,1046,2579
2,3627,8,0.0,464,1046,2581
9,3636,8,0.0,465,1046,2590
3,3639,8,0.0,466,1046,2593
5,3644,8,0.0,467,1046,2598
3,3647,8,0.0,468,1046,2601
10,3657,8,0.0,469,1046,2611
22,3679,8,0.0,470,1046,2633
2,3681,8,0.0,471,1046,2635
5,3686,8,0.0,472,1046,2640
8,3694,8,0.0,473,1046,2648
4,3698,8,0.0,474,1046,2652
7,3705,8,0.0,475,1046,2659
11,3716,8,0.0,476,1046,2670
8,3724,8,0.0,477,1046,2678
9,3733,8,0.0,478,1046,2687
4,3737,8,0.0,479,1046,2691
2,3739,8,0.0,480,1046,2693
15,3754,8,0.0,481,1046,2708
10,3764,8,0.0,482,1046,2718
5,3769,8,0.0,483,1046,2723
2,3771,8,0.0,484,1046,2725
9,3780,8,0.0,485,1046,2734
6,3786,8,0.0,486,1046,2740
11,3797,8,0.0,487,1046,2751
8,3805,8,0.0,488,1046,2759
3,3808,8,0.0,489,1046,2762
5,3813,8,0.0,490,1046,2767
3,3816,8,0.0,491,1046,2770
2,3818,8,0.0,492,1046,2772
13,3831,8,0.0,493,1046,2785
7,3838,8,0.0,494,1046,2792
15,3853,8,0.0,495,1046,2807
8,3861,8,0.0,496,1046,2815
5,3866,8,0.0,497,1046,2820
8,3874,8,0.0,498,1046,2828
6,3880,8,0.0,499,1046,2834
9,3889,8,0.0,500,1046,2843
6,3895,8,0.0,501,1046,2849
13,3908,8,0.0,502,1046,2862
15,3923,8,0.0,503,1046,2877
5,3928,8,0.0,504,1046,2882
14,3942,8,0.0,505,1046,2896
9,3951,8,0.0,506,1046,2905
16,3967,8,0.0,507,1046,2921
6,3973,8,0.0,508,1046,2927
17,3990,9,1.0,509,1046,2944
5,3995,9,0.0,510,1046,2949
20,4015,9,0.0,511,1046,2969
4,4019,9,0.0,512,1046,2973
4,4023,9,0.0,513,1046,2977
3,4026,9,0.0,514,1046,2980
6,4032,9,0.0,515,1046,2986
5,4037,9,0.0,516,1046,2991
8,4045,9,0.0,517,1046,2999
4,4049,9,0.0,518,1046,3003
3,4052,9,0.0,519,1046,3006
4,4056,9,0.0,520,1046,3010
7,4063,9,0.0,521,1046,3017
6,4069,9,0.0,522,1046,3023
2,4071,9,0.0,523,1046,3025
9,4080,9,0.0,524,1046,3034
6,4086,9,0.0,525,1046,3040
7,4093,9,0.0,526,1046,3047
23,4116,9,0.0,527,1046,3070
22,4138,10,1.0,528,1046,3092
5,4143,10,0.0,529,1046,3097
6,4149,10,0.0,530,1046,3103
9,4158,10,0.0,531,1046,3112
6,4164,10,0.0,532,1046,3118
6,4170,10,0.0,533,1046,3124
2,4172,10,0.0,534,1046,3126
7,4179,10,0.0,535,1046,3133
17,4196,10,0.0,536,1046,3150
8,4204,10,0.0,537,1046,3158
10,4214,10,0.0,538,1046,3168
10,4224,10,0.0,539,1046,3178
2,4226,10,0.0,540,1046,3180
10,4236,10,0.0,541,1046,3190
6,4242,10,0.0,542,1046,3196
6,4248,10,0.0,543,1046,3202
7,4255,10,0.0,544,1046,3209
13,4268,10,0.0,545,1046,3222
5,4273,10,0.0,546,1046,3227
8,4281,10,0.0,547,1046,3235
6,4287,10,0.0,548,1046,3241
6,4293,10,0.0,549,1046,3247
5,4298,10,0.0,550,1046,3252
15,4313,10,0.0,551,1046,3267
9,4322,10,0.0,552,1046,3276
20,4342,10,0.0,553,1046,3296
6,4348,10,0.0,554,1046,3302
6,4354,10,0.0,555,1046,3308
6,4360,10,0.0,556,1046,3314
3,4363,10,0.0,557,1046,3317
8,4371,10,0.0,558,1046,3325
7,4378,10,0.0,559,1046,3332
12,4390,10,0.0,560,1046,3344
2,4392,10,0.0,561,1046,3346
6,4398,10,0.0,562,1046,3352
2,4400,10,0.0,563,1046,3354
3,4403,10,0.0,564,1046,3357
11,4414,10,0.0,565,1046,3368
10,4424,10,0.0,566,1046,3378
5,4429,10,0.0,567,1046,3383
6,4435,10,0.0,568,1046,3389
5,4440,10,0.0,569,1046,3394
8,4448,10,0.0,570,1046,3402
14,4462,10,0.0,571,1046,3416
11,4473,10,0.0,572,1046,3427
8,4481,10,0.0,573,1046,3435
5,4486,10,0.0,574,1046,3440
10,4496,10,0.0,575,1046,3450
4,4500,10,0.0,576,1046,3454
9,4509,10,0.0,577,1046,3463
14,4523,10,0.0,578,1046,3477
18,4541,10,0.0,579,1046,3495
3,4544,10,0.0,580,1046,3498
11,4555,10,0.0,581,1046,3509
6,4561,10,0.0,582,1046,3515
2,4563,10,0.0,583,1046,3517
8,4571,10,0.0,584,1046,3525
13,4584,10,0.0,585,1046,3538
2,4586,10,0.0,586,1046,3540
15,4601,11,1.0,587,1046,3555
10,4611,11,0.0,588,1046,3565
7,4618,11,0.0,589,1046,3572
19,4637,11,0.0,590,1046,3591
11,4648,11,0.0,591,1046,3602
2,4650,11,0.0,592,1046,3604
8,4658,11,0.0,593,1046,3612
4,4662,11,0.0,594,1046,3616
5,4667,11,0.0,595,1046,3621
6,4673,11,0.0,596,1046,3627
11,4684,11,0.0,597,1046,3638
7,4691,11,0.0,598,1046,3645
2,4693,11,0.0,599,1046,3647
16,4709,11,0.0,600,1046,3663
7,4716,12,1.0,601,1046,3670
20,4736,12,0.0,602,1046,3690
8,4744,12,0.0,603,1046,3698
6,4750,12,0.0,604,1046,3704
4,4754,12,0.0,605,1046,3708
6,4760,12,0.0,606,1046,3714
9,4769,12,0.0,607,1046,3723
6,4775,12,0.0,608,1046,3729
8,4783,12,0.0,609,1046,3737
4,4787,12,0.0,610,1046,3741
2,4789,12,0.0,611,1046,3743
15,4804,13,1.0,612,1046,3758
14,4818,13,0.0,613,1046,3772
9,4827,13,0.0,614,1046,3781
8,4835,13,0.0,615,1046,3789
23,4858,13,0.0,616,1046,3812
9,4867,13,0.0,617,1046,3821
12,4879,13,0.0,618,1046,3833
15,4894,13,0.0,619,1046,3848
12,4906,13,0.0,620,1046,3860
9,4915,13,0.0,621,1046,3869
3,4918,13,0.0,622,1046,3872
3,4921,13,0.0,623,1046,3875
22,4943,13,0.0,624,1046,3897
4,4947,13,0.0,625,1046,3901
7,4954,13,0.0,626,1046,3908
8,4962,13,0.0,627,1046,3916
8,4970,13,0.0,628,1046,3924
2,4972,13,0.0,629,1046,3926
10,4982,13,0.0,630,1046,3936
8,4990,13,0.0,631,1046,3944
7,4997,13,0.0,632,1046,3951
17,5014,13,0.0,633,1046,3968
7,5021,13,0.0,634,1046,3975
11,5032,13,0.0,635,1046,3986
2,5034,13,0.0,636,1046,3988
8,5042,13,0.0,637,1046,3996
29,5071,13,0.0,638,1046,4025
12,5083,13,0.0,639,1046,4037
11,5094,14,1.0,640,1046,4048
2,5096,14,0.0,641,1046,4050
10,5106,14,0.0,642,1046,4060
9,5115,14,0.0,643,1046,4069
6,5121,14,0.0,644,1046,4075
19,5140,14,0.0,645,1046,4094
2,5142,14,0.0,646,1046,4096
12,5154,14,0.0,647,1046,4108
3,5157,14,0.0,648,1046,4111
7,5164,14,0.0,649,1046,4118
9,5173,14,0.0,650,1046,4127
8,5181,14,0.0,651,1046,4135
2,5183,14,0.0,652,1046,4137
7,5190,14,0.0,653,1046,4144
10,5200,14,0.0,654,1046,4154
12,5212,14,0.0,655,1046,4166
4,5216,14,0.0,656,1046,4170
12,5228,14,0.0,657,1046,4182
5,5233,14,0.0,658,1046,4187
2,5235,14,0.0,659,1046,4189
2,5237,14,0.0,660,1046,4191
4,5241,14,0.0,661,1046,4195
9,5250,14,0.0,662,1046,4204
6,5256,14,0.0,663,1046,4210
16,5272,14,0.0,664,1046,4226
10,5282,14,0.0,665,1046,4236
4,5286,14,0.0,666,1046,4240
11,5297,14,0.0,667,1046,4251
6,5303,14,0.0,668,1046,4257
9,5312,14,0.0,669,1046,4266
2,5314,14,0.0,670,1046,4268
3,5317,14,0.0,671,1046,4271
5,5322,14,0.0,672,1046,4276
4,5326,14,0.0,673,1046,4280
9,5335,14,0.0,674,1046,4289
10,5345,14,0.0,675,1046,4299
4,5349,14,0.0,676,1046,4303
3,5352,14,0.0,677,1046,4306
7,5359,14,0.0,678,1046,4313
9,5368,14,0.0,679,1046,4322
10,5378,14,0.0,680,1046,4332
4,5382,14,0.0,681,1046,4336
7,5389,15,1.0,682,1046,4343
6,5395,15,0.0,683,1046,4349
2,5397,15,0.0,684,1046,4351
13,5410,15,0.0,685,1046,4364
5,5415,15,0.0,686,1046,4369
2,5417,15,0.0,687,1046,4371
4,5421,15,0.0,688,1046,4375
3,5424,15,0.0,689,1046,4378
11,5435,15,0.0,690,1046,4389
6,5441,15,0.0,691,1046,4395
12,5453,15,0.0,692,1046,4407
4,5457,15,0.0,693,1046,4411
7,5464,16,1.0,694,1046,4418
12,5476,16,0.0,695,1046,4430
5,5481,16,0.0,696,1046,4435
5,5486,16,0.0,697,1046,4440
3,5489,16,0.0,698,1046,4443
11,5500,16,0.0,699,1046,4454
5,5505,16,0.0,700,1046,4459
5,5510,16,0.0,701,1046,4464
16,5526,16,0.0,702,1046,4480
4,5530,16,0.0,703,1046,4484
4,5534,16,0.0,704,1046,4488
14,5548,16,0.0,705,1046,4502
5,5553,16,0.0,706,1046,4507
5,5558,16,0.0,707,1046,4512
19,5577,16,0.0,708,1046,4531
9,5586,16,0.0,709,1046,4540
18,5604,16,0.0,710,1046,4558
7,5611,16,0.0,711,1046,4565
14,5625,16,0.0,712,1046,4579
12,5637,16,0.0,713,1046,4591
14,5651,16,0.0,714,1046,4605
4,5655,16,0.0,715,1046,4609
7,5662,16,0.0,716,1046,4616
9,5671,16,0.0,717,1046,4625
6,5677,16,0.0,718,1046,4631
4,5681,16,0.0,719,1046,4635
4,5685,16,0.0,720,1046,4639
2,5687,16,0.0,721,1046,4641
6,5693,16,0.0,722,1046,4647
9,5702,16,0.0,723,1046,4656
6,5708,16,0.0,724,1046,4662
6,5714,16,0.0,725,1046,4668
8,5722,16,0.0,726,1046,4676
7,5729,16,0.0,727,1046,4683
7,5736,17,1.0,728,1046,4690
3,5739,17,0.0,729,1046,4693
4,5743,17,0.0,730,1046,4697
6,5749,17,0.0,731,1046,4703
6,5755,17,0.0,732,1046,4709
7,5762,18,1.0,733,1046,4716
13,5775,18,0.0,734,1046,4729
6,5781,18,0.0,735,1046,4735
8,5789,18,0.0,736,1046,4743
5,5794,18,0.0,737,1046,4748
4,5798,18,0.0,738,1046,4752
14,5812,18,0.0,739,1046,4766
4,5816,18,0.0,740,1046,4770
4,5820,18,0.0,741,1046,4774
3,5823,18,0.0,742,1046,4777
6,5829,18,0.0,743,1046,4783
7,5836,18,0.0,744,1046,4790
10,5846,18,0.0,745,1046,4800
12,5858,18,0.0,746,1046,4812
5,5863,18,0.0,747,1046,4817
5,5868,18,0.0,748,1046,4822
2,5870,18,0.0,749,1046,4824
15,5885,18,0.0,750,1046,4839
15,5900,19,1.0,751,1046,4854
10,5910,19,0.0,752,1046,4864
6,5916,19,0.0,753,1046,4870
9,5925,19,0.0,754,1046,4879
2,5927,19,0.0,755,1046,4881
16,5943,19,0.0,756,1046,4897
2,5945,19,0.0,757,1046,4899
21,5966,19,0.0,758,1046,4920
6,5972,19,0.0,759,1046,4926
5,5977,19,0.0,760,1046,4931
4,5981,19,0.0,761,1046,4935
6,5987,19,0.0,762,1046,4941
6,5993,19,0.0,763,1046,4947
6,5999,19,0.0,764,1046,4953
4,6003,19,0.0,765,1046,4957
7,6010,20,1.0,766,1046,4964
9,6019,20,0.0,767,1046,4973
7,6026,20,0.0,768,1046,4980
10,6036,20,0.0,769,1046,4990
4,6040,20,0.0,770,1046,4994
9,6049,20,0.0,771,1046,5003
7,6056,20,0.0,772,1046,5010
14,6070,20,0.0,773,1046,5024
2,6072,20,0.0,774,1046,5026
12,6084,20,0.0,775,1046,5038
3,6087,20,0.0,776,1046,5041
13,6100,20,0.0,777,1046,5054
8,6108,20,0.0,778,1046,5062
6,6114,20,0.0,779,1046,5068
5,6119,20,0.0,780,1046,5073
7,6126,21,1.0,781,1046,5080
9,6135,21,0.0,782,1046,5089
9,6144,21,0.0,783,1046,5098
9,6153,21,0.0,784,1046,5107
10,6163,21,0.0,785,1046,5117
7,6170,22,1.0,786,1046,5124
7,6177,22,0.0,787,1046,5131
4,6181,22,0.0,788,1046,5135
6,6187,22,0.0,789,1046,5141
9,6196,22,0.0,790,1046,5150
6,6202,22,0.0,791,1046,5156
16,6218,22,0.0,792,1046,5172
7,6225,22,0.0,793,1046,5179
2,6227,22,0.0,794,1046,5181
9,6236,22,0.0,795,1046,5190
15,6251,22,0.0,796,1046,5205
4,6255,22,0.0,797,1046,5209
17,6272,22,0.0,798,1046,5226
2,6274,22,0.0,799,1046,5228
12,6286,22,0.0,800,1046,5240
9,6295,22,0.0,801,1046,5249
8,6303,22,0.0,802,1046,5257
6,6309,22,0.0,803,1046,5263
3,6312,22,0.0,804,1046,5266
2,6314,22,0.0,805,1046,5268
7,6321,23,1.0,806,1046,5275
11,6332,23,0.0,807,1046,5286
5,6337,23,0.0,808,1046,5291
31,6368,23,0.0,809,1046,5322
4,6372,23,0.0,810,1046,5326
17,6389,23,0.0,811,1046,5343
10,6399,23,0.0,812,1046,5353
6,6405,23,0.0,813,1046,5359
2,6407,23,0.0,814,1046,5361
2,6409,23,0.0,815,1046,5363
6,6415,23,0.0,816,1046,5369
22,6437,23,0.0,817,1046,5391
8,6445,23,0.0,818,1046,5399
8,6453,23,0.0,819,1046,5407
9,6462,23,0.0,820,1046,5416
8,6470,23,0.0,821,1046,5424
12,6482,23,0.0,822,1046,5436
7,6489,23,0.0,823,1046,5443
6,6495,23,0.0,824,1046,5449
10,6505,23,0.0,825,1046,5459
2,6507,23,0.0,826,1046,5461
6,6513,23,0.0,827,1046,5467
6,6519,23,0.0,828,1046,5473
7,6526,24,1.0,829,1046,5480
5,6531,24,0.0,830,1046,5485
15,6546,24,0.0,831,1046,5500
16,6562,24,0.0,832,1046,5516
5,6567,24,0.0,833,1046,5521
4,6571,24,0.0,834,1046,5525
4,6575,24,0.0,835,1046,5529
5,6580,24,0.0,836,1046,5534
4,6584,24,0.0,837,1046,5538
6,6590,24,0.0,838,1046,5544
11,6601,24,0.0,839,1046,5555
9,6610,24,0.0,840,1046,5564
2,6612,24,0.0,841,1046,5566
4,6616,24,0.0,842,1046,5570
4,6620,24,0.0,843,1046,5574
13,6633,24,0.0,844,1046,5587
6,6639,24,0.0,845,1046,5593
4,6643,24,0.0,846,1046,5597
2,6645,24,0.0,847,1046,5599
7,6652,24,0.0,848,1046,5606
7,6659,24,0.0,849,1046,5613
4,6663,24,0.0,850,1046,5617
5,6668,24,0.0,851,1046,5622
12,6680,24,0.0,852,1046,5634
9,6689,24,0.0,853,1046,5643
4,6693,24,0.0,854,1046,5647
2,6695,24,0.0,855,1046,5649
4,6699,24,0.0,856,1046,5653
10,6709,24,0.0,857,1046,5663
6,6715,24,0.0,858,1046,5669
9,6724,24,0.0,859,1046,5678
6,6730,24,0.0,860,1046,5684
3,6733,24,0.0,861,1046,5687
7,6740,25,1.0,862,1046,5694
11,6751,25,0.0,863,1046,5705
6,6757,25,0.0,864,1046,5711
4,6761,25,0.0,865,1046,5715
9,6770,25,0.0,866,1046,5724
15,6785,25,0.0,867,1046,5739
10,6795,25,0.0,868,1046,5749
10,6805,25,0.0,869,1046,5759
19,6824,25,0.0,870,1046,5778
6,6830,25,0.0,871,1046,5784
15,6845,25,0.0,872,1046,5799
9,6854,25,0.0,873,1046,5808
19,6873,25,0.0,874,1046,5827
13,6886,25,0.0,875,1046,5840
7,6893,26,1.0,876,1046,5847
4,6897,26,0.0,877,1046,5851
5,6902,26,0.0,878,1046,5856
8,6910,26,0.0,879,1046,5864
12,6922,26,0.0,880,1046,5876
6,6928,26,0.0,881,1046,5882
4,6932,26,0.0,882,1046,5886
7,6939,26,0.0,883,1046,5893
6,6945,26,0.0,884,1046,5899
4,6949,26,0.0,885,1046,5903
10,6959,26,0.0,886,1046,5913
4,6963,26,0.0,887,1046,5917
2,6965,26,0.0,888,1046,5919
2,6967,26,0.0,889,1046,5921
6,6973,26,0.0,890,1046,5927
6,6979,26,0.0,891,1046,5933
6,6985,26,0.0,892,1046,5939
5,6990,26,0.0,893,1046,5944
2,6992,26,0.0,894,1046,5946
2,6994,26,0.0,895,1046,5948
2,6996,26,0.0,896,1046,5950
6,7002,26,0.0,897,1046,5956
6,7008,26,0.0,898,1046,5962
9,7017,26,0.0,899,1046,5971
9,7026,26,0.0,900,1046,5980
6,7032,26,0.0,901,1046,5986
4,7036,26,0.0,902,1046,5990
5,7041,26,0.0,903,1046,5995
2,7043,26,0.0,904,1046,5997
4,7047,26,0.0,905,1046,6001
9,7056,26,0.0,906,1046,6010
2,7058,26,0.0,907,1046,6012
5,7063,26,0.0,908,1046,6017
4,7067,26,0.0,909,1046,6021
5,7072,26,0.0,910,1046,6026
4,7076,26,0.0,911,1046,6030
13,7089,26,0.0,912,1046,6043
14,7103,26,0.0,913,1046,6057
12,7115,26,0.0,914,1046,6069
2,7117,26,0.0,915,1046,6071
2,7119,26,0.0,916,1046,6073
13,7132,26,0.0,917,1046,6086
6,7138,26,0.0,918,1046,6092
11,7149,26,0.0,919,1046,6103
11,7160,26,0.0,920,1046,6114
2,7162,26,0.0,921,1046,6116
10,7172,26,0.0,922,1046,6126
7,7179,26,0.0,923,1046,6133
6,7185,26,0.0,924,1046,6139
7,7192,26,0.0,925,1046,6146
4,7196,26,0.0,926,1046,6150
15,7211,26,0.0,927,1046,6165
7,7218,27,1.0,928,1046,6172
2,7220,27,0.0,929,1046,6174
2,7222,27,0.0,930,1046,6176
6,7228,27,0.0,931,1046,6182
7,7235,28,1.0,932,1046,6189
10,7245,28,0.0,933,1046,6199
2,7247,28,0.0,934,1046,6201
5,7252,28,0.0,935,1046,6206
12,7264,28,0.0,936,1046,6218
6,7270,28,0.0,937,1046,6224
8,7278,28,0.0,938,1046,6232
4,7282,28,0.0,939,1046,6236
24,7306,28,0.0,940,1046,6260
12,7318,28,0.0,941,1046,6272
7,7325,29,1.0,942,1046,6279
16,7341,29,0.0,943,1046,6295
12,7353,29,0.0,944,1046,6307
10,7363,29,0.0,945,1046,6317
2,7365,29,0.0,946,1046,6319
6,7371,29,0.0,947,1046,6325
9,7380,29,0.0,948,1046,6334
6,7386,29,0.0,949,1046,6340
9,7395,29,0.0,950,1046,6349
6,7401,29,0.0,951,1046,6355
13,7414,29,0.0,952,1046,6368
13,7427,29,0.0,953,1046,6381
9,7436,29,0.0,954,1046,6390
8,7444,29,0.0,955,1046,6398
15,7459,29,0.0,956,1046,6413
12,7471,29,0.0,957,1046,6425
7,7478,29,0.0,958,1046,6432
10,7488,29,0.0,959,1046,6442
7,7495,29,0.0,960,1046,6449
9,7504,29,0.0,961,1046,6458
4,7508,29,0.0,962,1046,6462
2,7510,29,0.0,963,1046,6464
13,7523,29,0.0,964,1046,6477
6,7529,29,0.0,965,1046,6483
2,7531,29,0.0,966,1046,6485
4,7535,29,0.0,967,1046,6489
17,7552,29,0.0,968,1046,6506
5,7557,29,0.0,969,1046,6511
12,7569,29,0.0,970,1046,6523
9,7578,29,0.0,971,1046,6532
7,7585,30,1.0,972,1046,6539
4,7589,30,0.0,973,1046,6543
10,7599,30,0.0,974,1046,6553
3,7602,30,0.0,975,1046,6556
4,7606,30,0.0,976,1046,6560
8,7614,30,0.0,977,1046,6568
7,7621,31,1.0,978,1046,6575
3,7624,31,0.0,979,1046,6578
12,7636,31,0.0,980,1046,6590
2,7638,31,0.0,981,1046,6592
5,7643,31,0.0,982,1046,6597
18,7661,31,0.0,983,1046,6615
12,7673,31,0.0,984,1046,6627
9,7682,31,0.0,985,1046,6636
4,7686,31,0.0,986,1046,6640
5,7691,31,0.0,987,1046,6645
6,7697,31,0.0,988,1046,6651
10,7707,31,0.0,989,1046,6661
9,7716,31,0.0,990,1046,6670
7,7723,32,1.0,991,1046,6677
7,7730,33,1.0,992,1046,6684
8,7738,33,0.0,993,1046,6692
7,7745,34,1.0,994,1046,6699
5,7750,34,0.0,995,1046,6704
6,7756,34,0.0,996,1046,6710
4,7760,34,0.0,997,1046,6714
12,7772,34,0.0,998,1046,6726
10,7782,34,0.0,999,1046,6736
12,7794,34,0.0,1000,1046,6748
3,7797,34,0.0,1001,1046,6751
9,7806,34,0.0,1002,1046,6760
2,7808,34,0.0,1003,1046,6762
3,7811,34,0.0,1004,1046,6765
7,7818,34,0.0,1005,1046,6772
7,7825,35,1.0,1006,1046,6779
21,7846,35,0.0,1007,1046,6800
10,7856,35,0.0,1008,1046,6810
14,7870,35,0.0,1009,1046,6824
7,7877,35,0.0,1010,1046,6831
7,7884,35,0.0,1011,1046,6838
11,7895,35,0.0,1012,1046,6849
16,7911,35,0.0,1013,1046,6865
6,7917,35,0.0,1014,1046,6871
12,7929,35,0.0,1015,1046,6883
7,7936,36,1.0,1016,1046,6890
5,7941,36,0.0,1017,1046,6895
8,7949,36,0.0,1018,1046,6903
3,7952,36,0.0,1019,1046,6906
9,7961,36,0.0,1020,1046,6915
6,7967,36,0.0,1021,1046,6921
4,7971,36,0.0,1022,1046,6925
8,7979,36,0.0,1023,1046,6933
2,7981,36,0.0,1024,1046,6935
11,7992,36,0.0,1025,1046,6946
13,8005,36,0.0,1026,1046,6959
2,8007,36,0.0,1027,1046,6961
7,8014,36,0.0,1028,1046,6968
9,8023,36,0.0,1029,1046,6977
6,8029,36,0.0,1030,1046,6983
7,8036,37,1.0,1031,1046,6990
10,8046,37,0.0,1032,1046,7000
2,8048,37,0.0,1033,1046,7002
6,8054,37,0.0,1034,1046,7008
11,8065,37,0.0,1035,1046,7019
7,8072,38,1.0,1036,1046,7026
2,8074,38,0.0,1037,1046,7028
4,8078,38,0.0,1038,1046,7032
12,8090,38,0.0,1039,1046,7044
27,8117,38,0.0,1040,1046,7071
9,8126,38,0.0,1041,1046,7080
5,8131,38,0.0,1042,1046,7085
19,8150,38,0.0,1043,1046,7104
7,8157,38,0.0,1044,1046,7111
7,8164,39,1.0,1045,1046,7118
9,8173,39,0.0,1046,1046,7127
13,8186,39,0.0,1047,1046,7140
3,8189,39,0.0,1048,1046,7143
8,8197,39,0.0,1049,1046,7151
21,8218,39,0.0,1050,1046,7172
12,8230,39,0.0,1051,1046,7184
2,8232,39,0.0,1052,1046,7186
10,8242,39,0.0,1053,1046,7196
6,8248,39,0.0,1054,1046,7202
2,8250,39,0.0,1055,1046,7204
2,8252,39,0.0,1056,1046,7206
18,8270,39,0.0,1057,1046,7224
6,8276,39,0.0,1058,1046,7230
12,8288,39,0.0,1059,1046,7242
7,8295,40,1.0,1060,1046,7249
7,8302,41,1.0,1061,1046,7256
2,8304,41,0.0,1062,1046,7258
14,8318,41,0.0,1063,1046,7272
2,8320,41,0.0,1064,1046,7274
9,8329,41,0.0,1065,1046,7283
9,8338,41,0.0,1066,1046,7292
9,8347,41,0.0,1067,1046,7301
5,8352,41,0.0,1068,1046,7306
5,8357,41,0.0,1069,1046,7311
4,8361,41,0.0,1070,1046,7315
4,8365,41,0.0,1071,1046,7319
7,8372,42,1.0,1072,1046,7326
4,8376,42,0.0,1073,1046,7330
4,8380,42,0.0,1074,1046,7334
14,8394,42,0.0,1075,1046,7348
17,8411,42,0.0,1076,1046,7365
23,8434,42,0.0,1077,1046,7388
4,8438,42,0.0,1078,1046,7392
8,8446,42,0.0,1079,1046,7400
2,8448,42,0.0,1080,1046,7402
9,8457,42,0.0,1081,1046,7411
19,8476,42,0.0,1082,1046,7430
6,8482,42,0.0,1083,1046,7436
10,8492,42,0.0,1084,1046,7446
12,8504,42,0.0,1085,1046,7458
12,8516,42,0.0,1086,1046,7470
5,8521,42,0.0,1087,1046,7475
9,8530,42,0.0,1088,1046,7484
10,8540,42,0.0,1089,1046,7494
5,8545,42,0.0,1090,1046,7499
7,8552,42,0.0,1091,1046,7506
3,8555,42,0.0,1092,1046,7509
12,8567,42,0.0,1093,1046,7521
4,8571,42,0.0,1094,1046,7525
3,8574,42,0.0,1095,1046,7528
10,8584,42,0.0,1096,1046,7538
20,8604,42,0.0,1097,1046,7558
22,8626,42,0.0,1098,1046,7580
6,8632,42,0.0,1099,1046,7586
10,8642,42,0.0,1100,1046,7596
3,8645,42,0.0,1101,1046,7599
3,8648,42,0.0,1102,1046,7602
13,8661,42,0.0,1103,1046,7615
3,8664,42,0.0,1104,1046,7618
7,8671,43,1.0,1105,1046,7625
13,8684,43,0.0,1106,1046,7638
7,8691,43,0.0,1107,1046,7645
4,8695,43,0.0,1108,1046,7649
3,8698,43,0.0,1109,1046,7652
12,8710,43,0.0,1110,1046,7664
10,8720,43,0.0,1111,1046,7674
11,8731,43,0.0,1112,1046,7685
19,8750,43,0.0,1113,1046,7704
6,8756,43,0.0,1114,1046,7710
3,8759,43,0.0,1115,1046,7713
2,8761,43,0.0,1116,1046,7715
9,8770,43,0.0,1117,1046,7724
4,8774,43,0.0,1118,1046,7728
4,8778,43,0.0,1119,1046,7732
9,8787,43,0.0,1120,1046,7741
3,8790,43,0.0,1121,1046,7744
8,8798,43,0.0,1122,1046,7752
18,8816,43,0.0,1123,1046,7770
10,8826,43,0.0,1124,1046,7780
13,8839,43,0.0,1125,1046,7793
4,8843,43,0.0,1126,1046,7797
4,8847,43,0.0,1127,1046,7801
15,8862,44,1.0,1128,1046,7816
3,8865,44,0.0,1129,1046,7819
12,8877,44,0.0,1130,1046,7831
7,8884,44,0.0,1131,1046,7838
7,8891,44,0.0,1132,1046,7845
11,8902,45,1.0,1133,1046,7856
3,8905,45,0.0,1134,1046,7859
9,8914,45,0.0,1135,1046,7868
8,8922,45,0.0,1136,1046,7876
11,8933,46,1.0,1137,1046,7887
8,8941,46,0.0,1138,1046,7895
3,8944,46,0.0,1139,1046,7898
8,8952,46,0.0,1140,1046,7906
13,8965,46,0.0,1141,1046,7919
8,8973,46,0.0,1142,1046,7927
3,8976,46,0.0,1143,1046,7930
9,8985,46,0.0,1144,1046,7939
6,8991,46,0.0,1145,1046,7945
4,8995,46,0.0,1146,1046,7949
2,8997,46,0.0,1147,1046,7951
11,9008,47,1.0,1148,1046,7962
12,9020,47,0.0,1149,1046,7974
2,9022,47,0.0,1150,1046,7976
4,9026,47,0.0,1151,1046,7980
10,9036,47,0.0,1152,1046,7990
12,9048,47,0.0,1153,1046,8002
6,9054,47,0.0,1154,1046,8008
6,9060,47,0.0,1155,1046,8014
4,9064,47,0.0,1156,1046,8018
3,9067,47,0.0,1157,1046,8021
12,9079,47,0.0,1158,1046,8033
10,9089,47,0.0,1159,1046,8043
9,9098,47,0.0,1160,1046,8052
13,9111,47,0.0,1161,1046,8065
7,9118,48,1.0,1162,1046,8072
4,9122,48,0.0,1163,1046,8076
8,9130,49,1.0,1164,1046,8084
4,9134,49,0.0,1165,1046,8088
13,9147,49,0.0,1166,1046,8101
11,9158,49,0.0,1167,1046,8112
10,9168,49,0.0,1168,1046,8122
12,9180,49,0.0,1169,1046,8134
13,9193,49,0.0,1170,1046,8147
2,9195,49,0.0,1171,1046,8149
9,9204,49,0.0,1172,1046,8158
8,9212,49,0.0,1173,1046,8166
3,9215,49,0.0,1174,1046,8169
2,9217,49,0.0,1175,1046,8171
10,9227,49,0.0,1176,1046,8181
4,9231,49,0.0,1177,1046,8185
3,9234,49,0.0,1178,1046,8188
7,9241,50,1.0,1179,1046,8195
13,9254,50,0.0,1180,1046,8208
3,9257,50,0.0,1181,1046,8211
4,9261,50,0.0,1182,1046,8215
2,9263,50,0.0,1183,1046,8217
3,9266,50,0.0,1184,1046,8220
2,9268,50,0.0,1185,1046,8222
13,9281,50,0.0,1186,1046,8235
5,9286,50,0.0,1187,1046,8240
15,9301,50,0.0,1188,1046,8255
3,9304,50,0.0,1189,1046,8258
5,9309,50,0.0,1190,1046,8263
7,9316,51,1.0,1191,1046,8270
6,9322,51,0.0,1192,1046,8276
6,9328,51,0.0,1193,1046,8282
10,9338,51,0.0,1194,1046,8292
15,9353,51,0.0,1195,1046,8307
4,9357,51,0.0,1196,1046,8311
3,9360,51,0.0,1197,1046,8314
12,9372,51,0.0,1198,1046,8326
8,9380,51,0.0,1199,1046,8334
4,9384,51,0.0,1200,1046,8338
3,9387,51,0.0,1201,1046,8341
6,9393,51,0.0,1202,1046,8347
4,9397,51,0.0,1203,1046,8351
2,9399,51,0.0,1204,1046,8353
4,9403,51,0.0,1205,1046,8357
4,9407,51,0.0,1206,1046,8361
4,9411,51,0.0,1207,1046,8365
2,9413,51,0.0,1208,1046,8367
10,9423,51,0.0,1209,1046,8377
3,9426,51,0.0,1210,1046,8380
9,9435,51,0.0,1211,1046,8389
4,9439,51,0.0,1212,1046,8393
3,9442,51,0.0,1213,1046,8396
6,9448,51,0.0,1214,1046,8402
23,9471,51,0.0,1215,1046,8425
2,9473,51,0.0,1216,1046,8427
13,9486,51,0.0,1217,1046,8440
3,9489,51,0.0,1218,1046,8443
11,9500,51,0.0,1219,1046,8454
6,9506,51,0.0,1220,1046,8460
5,9511,51,0.0,1221,1046,8465
2,9513,51,0.0,1222,1046,8467
12,9525,51,0.0,1223,1046,8479
6,9531,51,0.0,1224,1046,8485
4,9535,51,0.0,1225,1046,8489
7,9542,52,1.0,1226,1046,8496
7,9549,52,0.0,1227,1046,8503
15,9564,52,0.0,1228,1046,8518
7,9571,53,1.0,1229,1046,8525
3,9574,53,0.0,1230,1046,8528
9,9583,53,0.0,1231,1046,8537
6,9589,53,0.0,1232,1046,8543
6,9595,53,0.0,1233,1046,8549
2,9597,53,0.0,1234,1046,8551
2,9599,53,0.0,1235,1046,8553
24,9623,53,0.0,1236,1046,8577
12,9635,53,0.0,1237,1046,8589
11,9646,53,0.0,1238,1046,8600
3,9649,53,0.0,1239,1046,8603
4,9653,53,0.0,1240,1046,8607
7,9660,54,1.0,1241,1046,8614
19,9679,54,0.0,1242,1046,8633
9,9688,54,0.0,1243,1046,8642
5,9693,54,0.0,1244,1046,8647
4,9697,54,0.0,1245,1046,8651
22,9719,55,1.0,1246,1046,8673
7,9726,55,0.0,1247,1046,8680
7,9733,55,0.0,1248,1046,8687
4,9737,55,0.0,1249,1046,8691
8,9745,55,0.0,1250,1046,8699
7,9752,55,0.0,1251,1046,8706
2,9754,55,0.0,1252,1046,8708
6,9760,55,0.0,1253,1046,8714
7,9767,56,1.0,1254,1046,8721
13,9780,56,0.0,1255,1046,8734
2,9782,56,0.0,1256,1046,8736
12,9794,56,0.0,1257,1046,8748
6,9800,56,0.0,1258,1046,8754
4,9804,56,0.0,1259,1046,8758
3,9807,56,0.0,1260,1046,8761
12,9819,56,0.0,1261,1046,8773
12,9831,56,0.0,1262,1046,8785
18,9849,56,0.0,1263,1046,8803
15,9864,57,1.0,1264,1046,8818
3,9867,57,0.0,1265,1046,8821
2,9869,57,0.0,1266,1046,8823
3,9872,57,0.0,1267,1046,8826
8,9880,57,0.0,1268,1046,8834
6,9886,57,0.0,1269,1046,8840
22,9908,57,0.0,1270,1046,8862
6,9914,57,0.0,1271,1046,8868
20,9934,57,0.0,1272,1046,8888
9,9943,57,0.0,1273,1046,8897
17,9960,57,0.0,1274,1046,8914
7,9967,58,1.0,1275,1046,8921
20,9987,58,0.0,1276,1046,8941
6,9993,58,0.0,1277,1046,8947
4,9997,58,0.0,1278,1046,8951
10,10007,58,0.0,1279,1046,8961
10,10017,58,0.0,1280,1046,8971
17,10034,58,0.0,1281,1046,8988
12,10046,58,0.0,1282,1046,9000
6,10052,58,0.0,1283,1046,9006
2,10054,58,0.0,1284,1046,9008
3,10057,58,0.0,1285,1046,9011
3,10060,58,0.0,1286,1046,9014
7,10067,59,1.0,1287,1046,9021
9,10076,59,0.0,1288,1046,9030
12,10088,59,0.0,1289,1046,9042
4,10092,59,0.0,1290,1046,9046
9,10101,59,0.0,1291,1046,9055
10,10111,59,0.0,1292,1046,9065
15,10126,59,0.0,1293,1046,9080
4,10130,59,0.0,1294,1046,9084
4,10134,59,0.0,1295,1046,9088
2,10136,59,0.0,1296,1046,9090
3,10139,59,0.0,1297,1046,9093
5,10144,59,0.0,1298,1046,9098
9,10153,59,0.0,1299,1046,9107
6,10159,59,0.0,1300,1046,9113
7,10166,60,1.0,1301,1046,9120
7,10173,61,1.0,1302,1046,9127
10,10183,61,0.0,1303,1046,9137
2,10185,61,0.0,1304,1046,9139
2,10187,61,0.0,1305,1046,9141
4,10191,61,0.0,1306,1046,9145
12,10203,61,0.0,1307,1046,9157
7,10210,61,0.0,1308,1046,9164
13,10223,61,0.0,1309,1046,9177
10,10233,61,0.0,1310,1046,9187
9,10242,61,0.0,1311,1046,9196
2,10244,61,0.0,1312,1046,9198
14,10258,61,0.0,1313,1046,9212
12,10270,61,0.0,1314,1046,9224
7,10277,61,0.0,1315,1046,9231
3,10280,61,0.0,1316,1046,9234
3,10283,61,0.0,1317,1046,9237
5,10288,61,0.0,1318,1046,9242
4,10292,61,0.0,1319,1046,9246
5,10297,61,0.0,1320,1046,9251
2,10299,61,0.0,1321,1046,9253
10,10309,61,0.0,1322,1046,9263
2,10311,61,0.0,1323,1046,9265
2,10313,61,0.0,1324,1046,9267
7,10320,62,1.0,1325,1046,9274
9,10329,62,0.0,1326,1046,9283
5,10334,62,0.0,1327,1046,9288
3,10337,62,0.0,1328,1046,9291
5,10342,62,0.0,1329,1046,9296
6,10348,62,0.0,1330,1046,9302
10,10358,62,0.0,1331,1046,9312
7,10365,63,1.0,1332,1046,9319
2,10367,63,0.0,1333,1046,9321
4,10371,63,0.0,1334,1046,9325
7,10378,64,1.0,1335,1046,9332
20,10398,64,0.0,1336,1046,9352
9,10407,64,0.0,1337,1046,9361
8,10415,64,0.0,1338,1046,9369
12,10427,64,0.0,1339,1046,9381
4,10431,64,0.0,1340,1046,9385
6,10437,64,0.0,1341,1046,9391
7,10444,64,0.0,1342,1046,9398
7,10451,65,1.0,1343,1046,9405
6,10457,65,0.0,1344,1046,9411
6,10463,65,0.0,1345,1046,9417
7,10470,65,0.0,1346,1046,9424
20,10490,65,0.0,1347,1046,9444
4,10494,65,0.0,1348,1046,9448
2,10496,65,0.0,1349,1046,9450
21,10517,65,0.0,1350,1046,9471
9,10526,65,0.0,1351,1046,9480
3,10529,65,0.0,1352,1046,9483
4,10533,65,0.0,1353,1046,9487
3,10536,65,0.0,1354,1046,9490
15,10551,65,0.0,1355,1046,9505
7,10558,65,0.0,1356,1046,9512
7,10565,66,1.0,1357,1046,9519
2,10567,66,0.0,1358,1046,9521
4,10571,66,0.0,1359,1046,9525
3,10574,66,0.0,1360,1046,9528
9,10583,66,0.0,1361,1046,9537
14,10597,66,0.0,1362,1046,9551
12,10609,66,0.0,1363,1046,9563
10,10619,66,0.0,1364,1046,9573
7,10626,66,0.0,1365,1046,9580
6,10632,66,0.0,1366,1046,9586
7,10639,66,0.0,1367,1046,9593
4,10643,66,0.0,1368,1046,9597
9,10652,66,0.0,1369,1046,9606
11,10663,66,0.0,1370,1046,9617
3,10666,66,0.0,1371,1046,9620
6,10672,66,0.0,1372,1046,9626
4,10676,66,0.0,1373,1046,9630
9,10685,66,0.0,1374,1046,9639
21,10706,66,0.0,1375,1046,9660
7,10713,67,1.0,1376,1046,9667
4,10717,67,0.0,1377,1046,9671
5,10722,67,0.0,1378,1046,9676
6,10728,67,0.0,1379,1046,9682
13,10741,67,0.0,1380,1046,9695
19,10760,67,0.0,1381,1046,9714
4,10764,67,0.0,1382,1046,9718
4,10768,67,0.0,1383,1046,9722
6,10774,67,0.0,1384,1046,9728
14,10788,67,0.0,1385,1046,9742
16,10804,67,0.0,1386,1046,9758
9,10813,67,0.0,1387,1046,9767
5,10818,67,0.0,1388,1046,9772
2,10820,67,0.0,1389,1046,9774
7,10827,67,0.0,1390,1046,9781
5,10832,67,0.0,1391,1046,9786
12,10844,67,0.0,1392,1046,9798
12,10856,67,0.0,1393,1046,9810
10,10866,67,0.0,1394,1046,9820
4,10870,67,0.0,1395,1046,9824
7,10877,68,1.0,1396,1046,9831
4,10881,68,0.0,1397,1046,9835
15,10896,68,0.0,1398,1046,9850
9,10905,68,0.0,1399,1046,9859
11,10916,68,0.0,1400,1046,9870
9,10925,68,0.0,1401,1046,9879
6,10931,68,0.0,1402,1046,9885
17,10948,68,0.0,1403,1046,9902
4,10952,68,0.0,1404,1046,9906
6,10958,68,0.0,1405,1046,9912
11,10969,68,0.0,1406,1046,9923
3,10972,68,0.0,1407,1046,9926
13,10985,68,0.0,1408,1046,9939
6,10991,68,0.0,1409,1046,9945
10,11001,68,0.0,1410,1046,9955
9,11010,68,0.0,1411,1046,9964
8,11018,68,0.0,1412,1046,9972
12,11030,68,0.0,1413,1046,9984
7,11037,68,0.0,1414,1046,9991
9,11046,68,0.0,1415,1046,10000
17,11063,68,0.0,1416,1046,10017
3,11066,68,0.0,1417,1046,10020
10,11076,68,0.0,1418,1046,10030
8,11084,68,0.0,1419,1046,10038
21,11105,68,0.0,1420,1046,10059
7,11112,68,0.0,1421,1046,10066
4,11116,68,0.0,1422,1046,10070
6,11122,68,0.0,1423,1046,10076
2,11124,68,0.0,1424,1046,10078
5,11129,68,0.0,1425,1046,10083
14,11143,68,0.0,1426,1046,10097
3,11146,68,0.0,1427,1046,10100
17,11163,68,0.0,1428,1046,10117
12,11175,68,0.0,1429,1046,10129
4,11179,68,0.0,1430,1046,10133
7,11186,69,1.0,1431,1046,10140
13,11199,69,0.0,1432,1046,10153
29,11228,69,0.0,1433,1046,10182
6,11234,69,0.0,1434,1046,10188
9,11243,69,0.0,1435,1046,10197
6,11249,69,0.0,1436,1046,10203
5,11254,69,0.0,1437,1046,10208
4,11258,69,0.0,1438,1046,10212
2,11260,69,0.0,1439,1046,10214
5,11265,69,0.0,1440,1046,10219
9,11274,69,0.0,1441,1046,10228
2,11276,69,0.0,1442,1046,10230
2,11278,69,0.0,1443,1046,10232
13,11291,69,0.0,1444,1046,10245
4,11295,69,0.0,1445,1046,10249
10,11305,69,0.0,1446,1046,10259
6,11311,69,0.0,1447,1046,10265
9,11320,69,0.0,1448,1046,10274
5,11325,69,0.0,1449,1046,10279
4,11329,69,0.0,1450,1046,10283
7,11336,69,0.0,1451,1046,10290
14,11350,69,0.0,1452,1046,10304
10,11360,69,0.0,1453,1046,10314
4,11364,69,0.0,1454,1046,10318
13,11377,69,0.0,1455,1046,10331
7,11384,69,0.0,1456,1046,10338
10,11394,69,0.0,1457,1046,10348
7,11401,70,1.0,1458,1046,10355
7,11408,70,0.0,1459,1046,10362
3,11411,70,0.0,1460,1046,10365
5,11416,70,0.0,1461,1046,10370
16,11432,70,0.0,1462,1046,10386
4,11436,70,0.0,1463,1046,10390
19,11455,70,0.0,1464,1046,10409
11,11466,70,0.0,1465,1046,10420
17,11483,70,0.0,1466,1046,10437
3,11486,70,0.0,1467,1046,10440
17,11503,70,0.0,1468,1046,10457
12,11515,70,0.0,1469,1046,10469
6,11521,70,0.0,1470,1046,10475
17,11538,70,0.0,1471,1046,10492
8,11546,70,0.0,1472,1046,10500
12,11558,70,0.0,1473,1046,10512
9,11567,70,0.0,1474,1046,10521
7,11574,70,0.0,1475,1046,10528
9,11583,70,0.0,1476,1046,10537
4,11587,70,0.0,1477,1046,10541
2,11589,70,0.0,1478,1046,10543
9,11598,70,0.0,1479,1046,10552
12,11610,70,0.0,1480,1046,10564
6,11616,70,0.0,1481,1046,10570
22,11638,71,1.0,1482,1046,10592
12,11650,71,0.0,1483,1046,10604
6,11656,71,0.0,1484,1046,10610
6,11662,71,0.0,1485,1046,10616
12,11674,71,0.0,1486,1046,10628
14,11688,71,0.0,1487,1046,10642
2,11690,71,0.0,1488,1046,10644
12,11702,71,0.0,1489,1046,10656
7,11709,71,0.0,1490,1046,10663
8,11717,71,0.0,1491,1046,10671
6,11723,71,0.0,1492,1046,10677
7,11730,72,1.0,1493,1046,10684
9,11739,72,0.0,1494,1046,10693
7,11746,73,1.0,1495,1046,10700
12,11758,73,0.0,1496,1046,10712
7,11765,73,0.0,1497,1046,10719
6,11771,73,0.0,1498,1046,10725
6,11777,73,0.0,1499,1046,10731
6,11783,73,0.0,1500,1046,10737
7,11790,74,1.0,1501,1046,10744
3,11793,74,0.0,1502,1046,10747
7,11800,74,0.0,1503,1046,10754
2,11802,74,0.0,1504,1046,10756
4,11806,74,0.0,1505,1046,10760
4,11810,74,0.0,1506,1046,10764
11,11821,74,0.0,1507,1046,10775
18,11839,74,0.0,1508,1046,10793
7,11846,74,0.0,1509,1046,10800
2,11848,74,0.0,1510,1046,10802
7,11855,74,0.0,1511,1046,10809
15,11870,75,1.0,1512,1046,10824
7,11877,76,1.0,1513,1046,10831
13,11890,76,0.0,1514,1046,10844
4,11894,76,0.0,1515,1046,10848
19,11913,76,0.0,1516,1046,10867
4,11917,76,0.0,1517,1046,10871
3,11920,76,0.0,1518,1046,10874
9,11929,76,0.0,1519,1046,10883
5,11934,76,0.0,1520,1046,10888
8,11942,76,0.0,1521,1046,10896
2,11944,76,0.0,1522,1046,10898
3,11947,76,0.0,1523,1046,10901
6,11953,76,0.0,1524,1046,10907
7,11960,77,1.0,1525,1046,10914
9,11969,77,0.0,1526,1046,10923
6,11975,77,0.0,1527,1046,10929
7,11982,77,0.0,1528,1046,10936
14,11996,77,0.0,1529,1046,10950
2,11998,77,0.0,1530,1046,10952
2,12000,77,0.0,1531,1046,10954
12,12012,77,0.0,1532,1046,10966
14,12026,77,0.0,1533,1046,10980
9,12035,77,0.0,1534,1046,10989
2,12037,77,0.0,1535,1046,10991
6,12043,77,0.0,1536,1046,10997
5,12048,77,0.0,1537,1046,11002
6,12054,77,0.0,1538,1046,11008
12,12066,77,0.0,1539,1046,11020
7,12073,77,0.0,1540,1046,11027
6,12079,77,0.0,1541,1046,11033
4,12083,77,0.0,1542,1046,11037
13,12096,77,0.0,1543,1046,11050
5,12101,77,0.0,1544,1046,11055
22,12123,77,0.0,1545,1046,11077
9,12132,77,0.0,1546,1046,11086
4,12136,77,0.0,1547,1046,11090
3,12139,77,0.0,1548,1046,11093
7,12146,78,1.0,1549,1046,11100
6,12152,78,0.0,1550,1046,11106
5,12157,78,0.0,1551,1046,11111
15,12172,78,0.0,1552,1046,11126
7,12179,79,1.0,1553,1046,11133
27,12206,79,0.0,1554,1046,11160
3,12209,79,0.0,1555,1046,11163
4,12213,79,0.0,1556,1046,11167
18,12231,79,0.0,1557,1046,11185
4,12235,79,0.0,1558,1046,11189
2,12237,79,0.0,1559,1046,11191
2,12239,79,0.0,1560,1046,11193
3,12242,79,0.0,1561,1046,11196
8,12250,79,0.0,1562,1046,11204
9,12259,79,0.0,1563,1046,11213
2,12261,79,0.0,1564,1046,11215
9,12270,79,0.0,1565,1046,11224
8,12278,79,0.0,1566,1046,11232
20,12298,79,0.0,1567,1046,11252
12,12310,79,0.0,1568,1046,11264
3,12313,79,0.0,1569,1046,11267
4,12317,79,0.0,1570,1046,11271
3,12320,79,0.0,1571,1046,11274
15,12335,79,0.0,1572,1046,11289
4,12339,79,0.0,1573,1046,11293
9,12348,79,0.0,1574,1046,11302
4,12352,79,0.0,1575,1046,11306
12,12364,79,0.0,1576,1046,11318
9,12373,79,0.0,1577,1046,11327
6,12379,79,0.0,1578,1046,11333
9,12388,79,0.0,1579,1046,11342
9,12397,79,0.0,1580,1046,11351
20,12417,79,0.0,1581,1046,11371
4,12421,79,0.0,1582,1046,11375
3,12424,79,0.0,1583,1046,11378
4,12428,79,0.0,1584,1046,11382
17,12445,79,0.0,1585,1046,11399
2,12447,79,0.0,1586,1046,11401
13,12460,79,0.0,1587,1046,11414
9,12469,79,0.0,1588,1046,11423
6,12475,79,0.0,1589,1046,11429
6,12481,79,0.0,1590,1046,11435
4,12485,79,0.0,1591,1046,11439
2,12487,79,0.0,1592,1046,11441
10,12497,79,0.0,1593,1046,11451
19,12516,79,0.0,1594,1046,11470
15,12531,79,0.0,1595,1046,11485
6,12537,79,0.0,1596,1046,11491
11,12548,79,0.0,1597,1046,11502
4,12552,79,0.0,1598,1046,11506
7,12559,80,1.0,1599,1046,11513
5,12564,80,0.0,1600,1046,11518
11,12575,80,0.0,1601,1046,11529
6,12581,80,0.0,1602,1046,11535
4,12585,80,0.0,1603,1046,11539
6,12591,80,0.0,1604,1046,11545
20,12611,80,0.0,1605,1046,11565
5,12616,80,0.0,1606,1046,11570
5,12621,80,0.0,1607,1046,11575
16,12637,80,0.0,1608,1046,11591
13,12650,80,0.0,1609,1046,11604
13,12663,80,0.0,1610,1046,11617
14,12677,80,0.0,1611,1046,11631
9,12686,80,0.0,1612,1046,11640
9,12695,80,0.0,1613,1046,11649
17,12712,80,0.0,1614,1046,11666
4,12716,80,0.0,1615,1046,11670
7,12723,80,0.0,1616,1046,11677
9,12732,80,0.0,1617,1046,11686
5,12737,80,0.0,1618,1046,11691
12,12749,80,0.0,1619,1046,11703
5,12754,80,0.0,1620,1046,11708
4,12758,80,0.0,1621,1046,11712
9,12767,80,0.0,1622,1046,11721
16,12783,80,0.0,1623,1046,11737
6,12789,80,0.0,1624,1046,11743
10,12799,80,0.0,1625,1046,11753
7,12806,81,1.0,1626,1046,11760
8,12814,81,0.0,1627,1046,11768
13,12827,81,0.0,1628,1046,11781
5,12832,81,0.0,1629,1046,11786
3,12835,81,0.0,1630,1046,11789
4,12839,81,0.0,1631,1046,11793
6,12845,81,0.0,1632,1046,11799
2,12847,81,0.0,1633,1046,11801
14,12861,81,0.0,1634,1046,11815
3,12864,81,0.0,1635,1046,11818
28,12892,81,0.0,1636,1046,11846
4,12896,81,0.0,1637,1046,11850
6,12902,81,0.0,1638,1046,11856
8,12910,81,0.0,1639,1046,11864
10,12920,81,0.0,1640,1046,11874
10,12930,81,0.0,1641,1046,11884
2,12932,81,0.0,1642,1046,11886
7,12939,82,1.0,1643,1046,11893
12,12951,82,0.0,1644,1046,11905
7,12958,82,0.0,1645,1046,11912
7,12965,83,1.0,1646,1046,11919
7,12972,83,0.0,1647,1046,11926
17,12989,83,0.0,1648,1046,11943
34,13023,84,1.0,1649,1046,11977
6,13029,84,0.0,1650,1046,11983
7,13036,85,1.0,1651,1046,11990
15,13051,85,0.0,1652,1046,12005
12,13063,85,0.0,1653,1046,12017
4,13067,85,0.0,1654,1046,12021
3,13070,85,0.0,1655,1046,12024
6,13076,85,0.0,1656,1046,12030
7,13083,86,1.0,1657,1046,12037
13,13096,86,0.0,1658,1046,12050
10,13106,86,0.0,1659,1046,12060
15,13121,86,0.0,1660,1046,12075
10,13131,86,0.0,1661,1046,12085
10,13141,86,0.0,1662,1046,12095
2,13143,86,0.0,1663,1046,12097
17,13160,86,0.0,1664,1046,12114
4,13164,86,0.0,1665,1046,12118
7,13171,87,1.0,1666,1046,12125
4,13175,87,0.0,1667,1046,12129
2,13177,87,0.0,1668,1046,12131
20,13197,87,0.0,1669,1046,12151
25,13222,87,0.0,1670,1046,12176
4,13226,87,0.0,1671,1046,12180
4,13230,87,0.0,1672,1046,12184
8,13238,87,0.0,1673,1046,12192
7,13245,88,1.0,1674,1046,12199
3,13248,88,0.0,1675,1046,12202
7,13255,89,1.0,1676,1046,12209
4,13259,89,0.0,1677,1046,12213
9,13268,89,0.0,1678,1046,12222
10,13278,89,0.0,1679,1046,12232
12,13290,89,0.0,1680,1046,12244
8,13298,89,0.0,1681,1046,12252
2,13300,89,0.0,1682,1046,12254
2,13302,89,0.0,1683,1046,12256
7,13309,89,0.0,1684,1046,12263
5,13314,89,0.0,1685,1046,12268
5,13319,89,0.0,1686,1046,12273
8,13327,89,0.0,1687,1046,12281
4,13331,89,0.0,1688,1046,12285
12,13343,89,0.0,1689,1046,12297
10,13353,89,0.0,1690,1046,12307
13,13366,89,0.0,1691,1046,12320
27,13393,89,0.0,1692,1046,12347
10,13403,89,0.0,1693,1046,12357
6,13409,89,0.0,1694,1046,12363
3,13412,89,0.0,1695,1046,12366
16,13428,89,0.0,1696,1046,12382
15,13443,90,1.0,1697,1046,12397
2,13445,90,0.0,1698,1046,12399
3,13448,90,0.0,1699,1046,12402
2,13450,90,0.0,1700,1046,12404
4,13454,90,0.0,1701,1046,12408
7,13461,91,1.0,1702,1046,12415
6,13467,91,0.0,1703,1046,12421
14,13481,91,0.0,1704,1046,12435
12,13493,91,0.0,1705,1046,12447
18,13511,91,0.0,1706,1046,12465
18,13529,91,0.0,1707,1046,12483
12,13541,91,0.0,1708,1046,12495
8,13549,91,0.0,1709,1046,12503
7,13556,91,0.0,1710,1046,12510
8,13564,91,0.0,1711,1046,12518
7,13571,91,0.0,1712,1046,12525
5,13576,91,0.0,1713,1046,12530
12,13588,91,0.0,1714,1046,12542
4,13592,91,0.0,1715,1046,12546
4,13596,91,0.0,1716,1046,12550
8,13604,91,0.0,1717,1046,12558
6,13610,91,0.0,1718,1046,12564
7,13617,92,1.0,1719,1046,12571
25,13642,92,0.0,1720,1046,12596
6,13648,92,0.0,1721,1046,12602
3,13651,92,0.0,1722,1046,12605
2,13653,92,0.0,1723,1046,12607
8,13661,92,0.0,1724,1046,12615
9,13670,92,0.0,1725,1046,12624
5,13675,92,0.0,1726,1046,12629
7,13682,93,1.0,1727,1046,12636
3,13685,93,0.0,1728,1046,12639
9,13694,93,0.0,1729,1046,12648
7,13701,94,1.0,1730,1046,12655
9,13710,94,0.0,1731,1046,12664
6,13716,94,0.0,1732,1046,12670
5,13721,94,0.0,1733,1046,12675
4,13725,94,0.0,1734,1046,12679
13,13738,94,0.0,1735,1046,12692
12,13750,94,0.0,1736,1046,12704
22,13772,94,0.0,1737,1046,12726
9,13781,94,0.0,1738,1046,12735
6,13787,94,0.0,1739,1046,12741
4,13791,94,0.0,1740,1046,12745
19,13810,94,0.0,1741,1046,12764
16,13826,94,0.0,1742,1046,12780
8,13834,94,0.0,1743,1046,12788
3,13837,94,0.0,1744,1046,12791
3,13840,94,0.0,1745,1046,12794
9,13849,94,0.0,1746,1046,12803
7,13856,95,1.0,1747,1046,12810
6,13862,95,0.0,1748,1046,12816
6,13868,95,0.0,1749,1046,12822
14,13882,95,0.0,1750,1046,12836
7,13889,95,0.0,1751,1046,12843
10,13899,95,0.0,1752,1046,12853
6,13905,95,0.0,1753,1046,12859
15,13920,95,0.0,1754,1046,12874
9,13929,95,0.0,1755,1046,12883
7,13936,95,0.0,1756,1046,12890
13,13949,95,0.0,1757,1046,12903
7,13956,96,1.0,1758,1046,12910
14,13970,96,0.0,1759,1046,12924
9,13979,96,0.0,1760,1046,12933
8,13987,96,0.0,1761,1046,12941
13,14000,96,0.0,1762,1046,12954
5,14005,96,0.0,1763,1046,12959
2,14007,96,0.0,1764,1046,12961
15,14022,97,1.0,1765,1046,12976
12,14034,97,0.0,1766,1046,12988
7,14041,98,1.0,1767,1046,12995
2,14043,98,0.0,1768,1046,12997
6,14049,98,0.0,1769,1046,13003
19,14068,98,0.0,1770,1046,13022
5,14073,98,0.0,1771,1046,13027
4,14077,98,0.0,1772,1046,13031
7,14084,98,0.0,1773,1046,13038
6,14090,98,0.0,1774,1046,13044
19,14109,98,0.0,1775,1046,13063
3,14112,98,0.0,1776,1046,13066
6,14118,98,0.0,1777,1046,13072
19,14137,98,0.0,1778,1046,13091
8,14145,98,0.0,1779,1046,13099
8,14153,98,0.0,1780,1046,13107
9,14162,98,0.0,1781,1046,13116
9,14171,98,0.0,1782,1046,13125
10,14181,98,0.0,1783,1046,13135
17,14198,98,0.0,1784,1046,13152
12,14210,98,0.0,1785,1046,13164
8,14218,98,0.0,1786,1046,13172
10,14228,98,0.0,1787,1046,13182
2,14230,98,0.0,1788,1046,13184
17,14247,98,0.0,1789,1046,13201
9,14256,98,0.0,1790,1046,13210
10,14266,98,0.0,1791,1046,13220
6,14272,98,0.0,1792,1046,13226
4,14276,98,0.0,1793,1046,13230
8,14284,98,0.0,1794,1046,13238
6,14290,98,0.0,1795,1046,13244
4,14294,98,0.0,1796,1046,13248
12,14306,98,0.0,1797,1046,13260
6,14312,98,0.0,1798,1046,13266
12,14324,98,0.0,1799,1046,13278
7,14331,99,1.0,1800,1046,13285
12,14343,99,0.0,1801,1046,13297
6,14349,99,0.0,1802,1046,13303
4,14353,99,0.0,1803,1046,13307
3,14356,99,0.0,1804,1046,13310
6,14362,99,0.0,1805,1046,13316
4,14366,99,0.0,1806,1046,13320
15,14381,99,0.0,1807,1046,13335
5,14386,99,0.0,1808,1046,13340
6,14392,99,0.0,1809,1046,13346
7,14399,99,0.0,1810,1046,13353
10,14409,99,0.0,1811,1046,13363
11,14420,99,0.0,1812,1046,13374
7,14427,99,0.0,1813,1046,13381
6,14433,99,0.0,1814,1046,13387
9,14442,99,0.0,1815,1046,13396
5,14447,99,0.0,1816,1046,13401
7,14454,100,1.0,1817,1046,13408
2,14456,100,0.0,1818,1046,13410
17,14473,100,0.0,1819,1046,13427
5,14478,100,0.0,1820,1046,13432
12,14490,100,0.0,1821,1046,13444
4,14494,100,0.0,1822,1046,13448
9,14503,100,0.0,1823,1046,13457
11,14514,101,1.0,1824,1046,13468
4,14518,101,0.0,1825,1046,13472
16,14534,101,0.0,1826,1046,13488
5,14539,101,0.0,1827,1046,13493
4,14543,101,0.0,1828,1046,13497
7,14550,101,0.0,1829,1046,13504
12,14562,101,0.0,1830,1046,13516
6,14568,101,0.0,1831,1046,13522
10,14578,101,0.0,1832,1046,13532
2,14580,101,0.0,1833,1046,13534
7,14587,101,0.0,1834,1046,13541
12,14599,101,0.0,1835,1046,13553
6,14605,101,0.0,1836,1046,13559
11,14616,101,0.0,1837,1046,13570
11,14627,101,0.0,1838,1046,13581
18,14645,101,0.0,1839,1046,13599
9,14654,101,0.0,1840,1046,13608
6,14660,101,0.0,1841,1046,13614
7,14667,102,1.0,1842,1046,13621
4,14671,102,0.0,1843,1046,13625
7,14678,102,0.0,1844,1046,13632
15,14693,102,0.0,1845,1046,13647
13,14706,102,0.0,1846,1046,13660
2,14708,102,0.0,1847,1046,13662
9,14717,102,0.0,1848,1046,13671
6,14723,102,0.0,1849,1046,13677
12,14735,102,0.0,1850,1046,13689
12,14747,102,0.0,1851,1046,13701
20,14767,102,0.0,1852,1046,13721
4,14771,102,0.0,1853,1046,13725
25,14796,102,0.0,1854,1046,13750
7,14803,102,0.0,1855,1046,13757
17,14820,102,0.0,1856,1046,13774
7,14827,102,0.0,1857,1046,13781
6,14833,102,0.0,1858,1046,13787
6,14839,102,0.0,1859,1046,13793
9,14848,102,0.0,1860,1046,13802
2,14850,102,0.0,1861,1046,13804
6,14856,102,0.0,1862,1046,13810
15,14871,102,0.0,1863,1046,13825
7,14878,103,1.0,1864,1046,13832
14,14892,103,0.0,1865,1046,13846
14,14906,103,0.0,1866,1046,13860
9,14915,103,0.0,1867,1046,13869
18,14933,103,0.0,1868,1046,13887
3,14936,103,0.0,1869,1046,13890
7,14943,103,0.0,1870,1046,13897
12,14955,103,0.0,1871,1046,13909
9,14964,103,0.0,1872,1046,13918
2,14966,103,0.0,1873,1046,13920
4,14970,103,0.0,1874,1046,13924
6,14976,103,0.0,1875,1046,13930
16,14992,103,0.0,1876,1046,13946
2,14994,103,0.0,1877,1046,13948
5,14999,103,0.0,1878,1046,13953
2,15001,103,0.0,1879,1046,13955
15,15016,103,0.0,1880,1046,13970
4,15020,103,0.0,1881,1046,13974
12,15032,103,0.0,1882,1046,13986
3,15035,103,0.0,1883,1046,13989
4,15039,103,0.0,1884,1046,13993
4,15043,103,0.0,1885,1046,13997
3,15046,103,0.0,1886,1046,14000
6,15052,103,0.0,1887,1046,14006
4,15056,103,0.0,1888,1046,14010
9,15065,103,0.0,1889,1046,14019
7,15072,104,1.0,1890,1046,14026
19,15091,104,0.0,1891,1046,14045
8,15099,104,0.0,1892,1046,14053
13,15112,104,0.0,1893,1046,14066
13,15125,104,0.0,1894,1046,14079
2,15127,104,0.0,1895,1046,14081
9,15136,104,0.0,1896,1046,14090
12,15148,104,0.0,1897,1046,14102
13,15161,104,0.0,1898,1046,14115
4,15165,104,0.0,1899,1046,14119
2,15167,104,0.0,1900,1046,14121
6,15173,104,0.0,1901,1046,14127
9,15182,104,0.0,1902,1046,14136
6,15188,104,0.0,1903,1046,14142
9,15197,104,0.0,1904,1046,14151
5,15202,104,0.0,1905,1046,14156
10,15212,104,0.0,1906,1046,14166
7,15219,104,0.0,1907,1046,14173
2,15221,104,0.0,1908,1046,14175
26,15247,105,1.0,1909,1046,14201
15,15262,106,1.0,1910,1046,14216
5,15267,106,0.0,1911,1046,14221
7,15274,106,0.0,1912,1046,14228
10,15284,106,0.0,1913,1046,14238
4,15288,106,0.0,1914,1046,14242
2,15290,106,0.0,1915,1046,14244
7,15297,107,1.0,1916,1046,14251
6,15303,107,0.0,1917,1046,14257
2,15305,107,0.0,1918,1046,14259
7,15312,108,1.0,1919,1046,14266
15,15327,108,0.0,1920,1046,14281
6,15333,108,0.0,1921,1046,14287
19,15352,108,0.0,1922,1046,14306
4,15356,108,0.0,1923,1046,14310
7,15363,109,1.0,1924,1046,14317
4,15367,109,0.0,1925,1046,14321
9,15376,109,0.0,1926,1046,14330
14,15390,109,0.0,1927,1046,14344
12,15402,109,0.0,1928,1046,14356
3,15405,109,0.0,1929,1046,14359
4,15409,109,0.0,1930,1046,14363
4,15413,109,0.0,1931,1046,14367
12,15425,109,0.0,1932,1046,14379
9,15434,109,0.0,1933,1046,14388
2,15436,109,0.0,1934,1046,14390
12,15448,109,0.0,1935,1046,14402
9,15457,109,0.0,1936,1046,14411
15,15472,109,0.0,1937,1046,14426
2,15474,109,0.0,1938,1046,14428
2,15476,109,0.0,1939,1046,14430
17,15493,109,0.0,1940,1046,14447
5,15498,109,0.0,1941,1046,14452
17,15515,109,0.0,1942,1046,14469
7,15522,110,1.0,1943,1046,14476
12,15534,110,0.0,1944,1046,14488
7,15541,110,0.0,1945,1046,14495
9,15550,110,0.0,1946,1046,14504
9,15559,110,0.0,1947,1046,14513
21,15580,110,0.0,1948,1046,14534
16,15596,110,0.0,1949,1046,14550
10,15606,110,0.0,1950,1046,14560
11,15617,110,0.0,1951,1046,14571
13,15630,110,0.0,1952,1046,14584
2,15632,110,0.0,1953,1046,14586
6,15638,110,0.0,1954,1046,14592
17,15655,110,0.0,1955,1046,14609
18,15673,110,0.0,1956,1046,14627
6,15679,110,0.0,1957,1046,14633
18,15697,110,0.0,1958,1046,14651
4,15701,110,0.0,1959,1046,14655
10,15711,110,0.0,1960,1046,14665
9,15720,110,0.0,1961,1046,14674
16,15736,110,0.0,1962,1046,14690
3,15739,110,0.0,1963,1046,14693
4,15743,110,0.0,1964,1046,14697
3,15746,110,0.0,1965,1046,14700
7,15753,110,0.0,1966,1046,14707
6,15759,110,0.0,1967,1046,14713
3,15762,110,0.0,1968,1046,14716
10,15772,110,0.0,1969,1046,14726
2,15774,110,0.0,1970,1046,14728
7,15781,111,1.0,1971,1046,14735
12,15793,111,0.0,1972,1046,14747
4,15797,111,0.0,1973,1046,14751
12,15809,111,0.0,1974,1046,14763
2,15811,111,0.0,1975,1046,14765
12,15823,111,0.0,1976,1046,14777
7,15830,111,0.0,1977,1046,14784
12,15842,111,0.0,1978,1046,14796
2,15844,111,0.0,1979,1046,14798
12,15856,111,0.0,1980,1046,14810
7,15863,112,1.0,1981,1046,14817
12,15875,112,0.0,1982,1046,14829
8,15883,112,0.0,1983,1046,14837
3,15886,112,0.0,1984,1046,14840
10,15896,112,0.0,1985,1046,14850
2,15898,112,0.0,1986,1046,14852
3,15901,112,0.0,1987,1046,14855
6,15907,112,0.0,1988,1046,14861
8,15915,112,0.0,1989,1046,14869
2,15917,112,0.0,1990,1046,14871
7,15924,113,1.0,1991,1046,14878
7,15931,113,0.0,1992,1046,14885
2,15933,113,0.0,1993,1046,14887
16,15949,113,0.0,1994,1046,14903
10,15959,113,0.0,1995,1046,14913
2,15961,113,0.0,1996,1046,14915
3,15964,113,0.0,1997,1046,14918
2,15966,113,0.0,1998,1046,14920
14,15980,113,0.0,1999,1046,14934
4,15984,113,0.0,2000,1046,14938
5,15989,113,0.0,2001,1046,14943
7,15996,114,1.0,2002,1046,14950
18,16014,114,0.0,2003,1046,14968
6,16020,114,0.0,2004,1046,14974
4,16024,114,0.0,2005,1046,14978
2,16026,114,0.0,2006,1046,14980
6,16032,114,0.0,2007,1046,14986
12,16044,114,0.0,2008,1046,14998
2,16046,114,0.0,2009,1046,15000
6,16052,114,0.0,2010,1046,15006
4,16056,114,0.0,2011,1046,15010
7,16063,115,1.0,2012,1046,15017
2,16065,115,0.0,2013,1046,15019
10,16075,115,0.0,2014,1046,15029
2,16077,115,0.0,2015,1046,15031
3,16080,115,0.0,2016,1046,15034
4,16084,115,0.0,2017,1046,15038
9,16093,115,0.0,2018,1046,15047
10,16103,115,0.0,2019,1046,15057
4,16107,115,0.0,2020,1046,15061
7,16114,116,1.0,2021,1046,15068
12,16126,116,0.0,2022,1046,15080
7,16133,117,1.0,2023,1046,15087
6,16139,117,0.0,2024,1046,15093
5,16144,117,0.0,2025,1046,15098
2,16146,117,0.0,2026,1046,15100
5,16151,117,0.0,2027,1046,15105
13,16164,117,0.0,2028,1046,15118
9,16173,117,0.0,2029,1046,15127
4,16177,117,0.0,2030,1046,15131
10,16187,117,0.0,2031,1046,15141
7,16194,118,1.0,2032,1046,15148
7,16201,119,1.0,2033,1046,15155
4,16205,119,0.0,2034,1046,15159
16,16221,119,0.0,2035,1046,15175
9,16230,119,0.0,2036,1046,15184
6,16236,119,0.0,2037,1046,15190
9,16245,119,0.0,2038,1046,15199
10,16255,119,0.0,2039,1046,15209
8,16263,119,0.0,2040,1046,15217
7,16270,119,0.0,2041,1046,15224
3,16273,119,0.0,2042,1046,15227
12,16285,119,0.0,2043,1046,15239
6,16291,119,0.0,2044,1046,15245
9,16300,119,0.0,2045,1046,15254
12,16312,119,0.0,2046,1046,15266
5,16317,119,0.0,2047,1046,15271
3,16320,119,0.0,2048,1046,15274
7,16327,120,1.0,2049,1046,15281
13,16340,120,0.0,2050,1046,15294
7,16347,121,1.0,2051,1046,15301
7,16354,122,1.0,2052,1046,15308
10,16364,122,0.0,2053,1046,15318
7,16371,123,1.0,2054,1046,15325
3,16374,123,0.0,2055,1046,15328
3,16377,123,0.0,2056,1046,15331
7,16384,124,1.0,2057,1046,15338
7,16391,125,1.0,2058,1046,15345
12,16403,125,0.0,2059,1046,15357
2,16405,125,0.0,2060,1046,15359
12,16417,125,0.0,2061,1046,15371
8,16425,125,0.0,2062,1046,15379
6,16431,125,0.0,2063,1046,15385
7,16438,126,1.0,2064,1046,15392
6,16444,126,0.0,2065,1046,15398
12,16456,126,0.0,2066,1046,15410
4,16460,126,0.0,2067,1046,15414
3,16463,126,0.0,2068,1046,15417
12,16475,126,0.0,2069,1046,15429
12,16487,126,0.0,2070,1046,15441
18,16505,126,0.0,2071,1046,15459
5,16510,126,0.0,2072,1046,15464
2,16512,126,0.0,2073,1046,15466
7,16519,126,0.0,2074,1046,15473
4,16523,126,0.0,2075,1046,15477
15,16538,126,0.0,2076,1046,15492
5,16543,126,0.0,2077,1046,15497
7,16550,127,1.0,2078,1046,15504
3,16553,127,0.0,2079,1046,15507
3,16556,127,0.0,2080,1046,15510
18,16574,127,0.0,2081,1046,15528
10,16584,127,0.0,2082,1046,15538
15,16599,127,0.0,2083,1046,15553
2,16601,127,0.0,2084,1046,15555
16,16617,127,0.0,2085,1046,15571
2,16619,127,0.0,2086,1046,15573
9,16628,127,0.0,2087,1046,15582
7,16635,128,1.0,2088,1046,15589
12,16647,128,0.0,2089,1046,15601
2,16649,128,0.0,2090,1046,15603
30,16679,128,0.0,2091,1046,15633
9,16688,128,0.0,2092,1046,15642
14,16702,128,0.0,2093,1046,15656
8,16710,128,0.0,2094,1046,15664
4,16714,128,0.0,2095,1046,15668
9,16723,128,0.0,2096,1046,15677
2,16725,128,0.0,2097,1046,15679
12,16737,128,0.0,2098,1046,15691
12,16749,128,0.0,2099,1046,15703
7,16756,129,1.0,2100,1046,15710
4,16760,129,0.0,2101,1046,15714
3,16763,129,0.0,2102,1046,15717
9,16772,129,0.0,2103,1046,15726
11,16783,129,0.0,2104,1046,15737
11,16794,129,0.0,2105,1046,15748
10,16804,129,0.0,2106,1046,15758
7,16811,129,0.0,2107,1046,15765
12,16823,129,0.0,2108,1046,15777
2,16825,129,0.0,2109,1046,15779
10,16835,129,0.0,2110,1046,15789
10,16845,129,0.0,2111,1046,15799
2,16847,129,0.0,2112,1046,15801
10,16857,129,0.0,2113,1046,15811
7,16864,130,1.0,2114,1046,15818
10,16874,130,0.0,2115,1046,15828
7,16881,131,1.0,2116,1046,15835
5,16886,131,0.0,2117,1046,15840
2,16888,131,0.0,2118,1046,15842
7,16895,132,1.0,2119,1046,15849
9,16904,132,0.0,2120,1046,15858
3,16907,132,0.0,2121,1046,15861
6,16913,132,0.0,2122,1046,15867
7,16920,133,1.0,2123,1046,15874
7,16927,133,0.0,2124,1046,15881
17,16944,133,0.0,2125,1046,15898
4,16948,133,0.0,2126,1046,15902
2,16950,133,0.0,2127,1046,15904
6,16956,133,0.0,2128,1046,15910
6,16962,133,0.0,2129,1046,15916
4,16966,133,0.0,2130,1046,15920
10,16976,133,0.0,2131,1046,15930
10,16986,133,0.0,2132,1046,15940
8,16994,133,0.0,2133,1046,15948
6,17000,133,0.0,2134,1046,15954
12,17012,133,0.0,2135,1046,15966
9,17021,133,0.0,2136,1046,15975
3,17024,133,0.0,2137,1046,15978
15,17039,133,0.0,2138,1046,15993
2,17041,133,0.0,2139,1046,15995
10,17051,133,0.0,2140,1046,16005
7,17058,134,1.0,2141,1046,16012
9,17067,134,0.0,2142,1046,16021
12,17079,134,0.0,2143,1046,16033
7,17086,135,1.0,2144,1046,16040
8,17094,135,0.0,2145,1046,16048
6,17100,135,0.0,2146,1046,16054
7,17107,135,0.0,2147,1046,16061
21,17128,135,0.0,2148,1046,16082
9,17137,135,0.0,2149,1046,16091
4,17141,135,0.0,2150,1046,16095
4,17145,135,0.0,2151,1046,16099
3,17148,135,0.0,2152,1046,16102
4,17152,135,0.0,2153,1046,16106
3,17155,135,0.0,2154,1046,16109
9,17164,135,0.0,2155,1046,16118
16,17180,135,0.0,2156,1046,16134
5,17185,135,0.0,2157,1046,16139
5,17190,135,0.0,2158,1046,16144
12,17202,135,0.0,2159,1046,16156
12,17214,135,0.0,2160,1046,16168
8,17222,135,0.0,2161,1046,16176
4,17226,135,0.0,2162,1046,16180
4,17230,135,0.0,2163,1046,16184
6,17236,135,0.0,2164,1046,16190
9,17245,135,0.0,2165,1046,16199
5,17250,135,0.0,2166,1046,16204
2,17252,135,0.0,2167,1046,16206
2,17254,135,0.0,2168,1046,16208
2,17256,135,0.0,2169,1046,16210
7,17263,136,1.0,2170,1046,16217
7,17270,137,1.0,2171,1046,16224
3,17273,137,0.0,2172,1046,16227
20,17293,137,0.0,2173,1046,16247
9,17302,137,0.0,2174,1046,16256
12,17314,137,0.0,2175,1046,16268
5,17319,137,0.0,2176,1046,16273
4,17323,137,0.0,2177,1046,16277
4,17327,137,0.0,2178,1046,16281
9,17336,137,0.0,2179,1046,16290
9,17345,137,0.0,2180,1046,16299
6,17351,137,0.0,2181,1046,16305
4,17355,137,0.0,2182,1046,16309
12,17367,137,0.0,2183,1046,16321
12,17379,137,0.0,2184,1046,16333
7,17386,137,0.0,2185,1046,16340
12,17398,137,0.0,2186,1046,16352
9,17407,137,0.0,2187,1046,16361
2,17409,137,0.0,2188,1046,16363
7,17416,138,1.0,2189,1046,16370
12,17428,138,0.0,2190,1046,16382
9,17437,138,0.0,2191,1046,16391
7,17444,138,0.0,2192,1046,16398
5,17449,138,0.0,2193,1046,16403
12,17461,138,0.0,2194,1046,16415
15,17476,139,1.0,2195,1046,16430
7,17483,140,1.0,2196,1046,16437
2,17485,140,0.0,2197,1046,16439
6,17491,140,0.0,2198,1046,16445
26,17517,141,1.0,2199,1046,16471
15,17532,141,0.0,2200,1046,16486
2,17534,141,0.0,2201,1046,16488
2,17536,141,0.0,2202,1046,16490
10,17546,141,0.0,2203,1046,16500
4,17550,141,0.0,2204,1046,16504
7,17557,142,1.0,2205,1046,16511
16,17573,142,0.0,2206,1046,16527
2,17575,142,0.0,2207,1046,16529
10,17585,142,0.0,2208,1046,16539
11,17596,142,0.0,2209,1046,16550
7,17603,143,1.0,2210,1046,16557
9,17612,143,0.0,2211,1046,16566
4,17616,143,0.0,2212,1046,16570
13,17629,143,0.0,2213,1046,16583
5,17634,143,0.0,2214,1046,16588
6,17640,143,0.0,2215,1046,16594
7,17647,143,0.0,2216,1046,16601
12,17659,143,0.0,2217,1046,16613
4,17663,143,0.0,2218,1046,16617
7,17670,143,0.0,2219,1046,16624
9,17679,143,0.0,2220,1046,16633
7,17686,144,1.0,2221,1046,16640
12,17698,144,0.0,2222,1046,16652
7,17705,145,1.0,2223,1046,16659
12,17717,145,0.0,2224,1046,16671
18,17735,145,0.0,2225,1046,16689
7,17742,145,0.0,2226,1046,16696
3,17745,145,0.0,2227,1046,16699
4,17749,145,0.0,2228,1046,16703
3,17752,145,0.0,2229,1046,16706
8,17760,145,0.0,2230,1046,16714
6,17766,145,0.0,2231,1046,16720
6,17772,145,0.0,2232,1046,16726
4,17776,145,0.0,2233,1046,16730
10,17786,145,0.0,2234,1046,16740
6,17792,145,0.0,2235,1046,16746
5,17797,145,0.0,2236,1046,16751
12,17809,145,0.0,2237,1046,16763
4,17813,145,0.0,2238,1046,16767
2,17815,145,0.0,2239,1046,16769
5,17820,145,0.0,2240,1046,16774
7,17827,146,1.0,2241,1046,16781
7,17834,147,1.0,2242,1046,16788
7,17841,148,1.0,2243,1046,16795
15,17856,148,0.0,2244,1046,16810
7,17863,148,0.0,2245,1046,16817
6,17869,148,0.0,2246,1046,16823
9,17878,148,0.0,2247,1046,16832
6,17884,148,0.0,2248,1046,16838
6,17890,148,0.0,2249,1046,16844
12,17902,148,0.0,2250,1046,16856
15,17917,148,0.0,2251,1046,16871
4,17921,148,0.0,2252,1046,16875
3,17924,148,0.0,2253,1046,16878
5,17929,148,0.0,2254,1046,16883
11,17940,149,1.0,2255,1046,16894
7,17947,150,1.0,2256,1046,16901
7,17954,151,1.0,2257,1046,16908
4,17958,151,0.0,2258,1046,16912
12,17970,151,0.0,2259,1046,16924
7,17977,152,1.0,2260,1046,16931
10,17987,152,0.0,2261,1046,16941
4,17991,152,0.0,2262,1046,16945
7,17998,152,0.0,2263,1046,16952
21,18019,152,0.0,2264,1046,16973
12,18031,152,0.0,2265,1046,16985
7,18038,153,1.0,2266,1046,16992
7,18045,154,1.0,2267,1046,16999
31,18076,154,0.0,2268,1046,17030
7,18083,155,1.0,2269,1046,17037
4,18087,155,0.0,2270,1046,17041
7,18094,156,1.0,2271,1046,17048
7,18101,157,1.0,2272,1046,17055
17,18118,157,0.0,2273,1046,17072
7,18125,158,1.0,2274,1046,17079
3,18128,158,0.0,2275,1046,17082
6,18134,158,0.0,2276,1046,17088
7,18141,159,1.0,2277,1046,17095
6,18147,159,0.0,2278,1046,17101
6,18153,159,0.0,2279,1046,17107
2,18155,159,0.0,2280,1046,17109
7,18162,160,1.0,2281,1046,17116
3,18165,160,0.0,2282,1046,17119
17,18182,160,0.0,2283,1046,17136
4,18186,160,0.0,2284,1046,17140
7,18193,161,1.0,2285,1046,17147
3,18196,161,0.0,2286,1046,17150
2,18198,161,0.0,2287,1046,17152
9,18207,161,0.0,2288,1046,17161
12,18219,161,0.0,2289,1046,17173
10,18229,161,0.0,2290,1046,17183
3,18232,161,0.0,2291,1046,17186
5,18237,161,0.0,2292,1046,17191
9,18246,161,0.0,2293,1046,17200
6,18252,161,0.0,2294,1046,17206
3,18255,161,0.0,2295,1046,17209
10,18265,161,0.0,2296,1046,17219
2,18267,161,0.0,2297,1046,17221
3,18270,161,0.0,2298,1046,17224
7,18277,162,1.0,2299,1046,17231
4,18281,162,0.0,2300,1046,17235
7,18288,162,0.0,2301,1046,17242
8,18296,162,0.0,2302,1046,17250
2,18298,162,0.0,2303,1046,17252
12,18310,162,0.0,2304,1046,17264
5,18315,162,0.0,2305,1046,17269
7,18322,163,1.0,2306,1046,17276
2,18324,163,0.0,2307,1046,17278
7,18331,164,1.0,2308,1046,17285
6,18337,164,0.0,2309,1046,17291
7,18344,164,0.0,2310,1046,17298
7,18351,164,0.0,2311,1046,17305
7,18358,165,1.0,2312,1046,17312
6,18364,165,0.0,2313,1046,17318
10,18374,165,0.0,2314,1046,17328
7,18381,165,0.0,2315,1046,17335
16,18397,165,0.0,2316,1046,17351
6,18403,165,0.0,2317,1046,17357
13,18416,165,0.0,2318,1046,17370
3,18419,165,0.0,2319,1046,17373
4,18423,165,0.0,2320,1046,17377
3,18426,165,0.0,2321,1046,17380
9,18435,165,0.0,2322,1046,17389
7,18442,166,1.0,2323,1046,17396
2,18444,166,0.0,2324,1046,17398
3,18447,166,0.0,2325,1046,17401
7,18454,167,1.0,2326,1046,17408
17,18471,167,0.0,2327,1046,17425
5,18476,167,0.0,2328,1046,17430
18,18494,167,0.0,2329,1046,17448
10,18504,167,0.0,2330,1046,17458
3,18507,167,0.0,2331,1046,17461
11,18518,167,0.0,2332,1046,17472
8,18526,167,0.0,2333,1046,17480
4,18530,167,0.0,2334,1046,17484
9,18539,167,0.0,2335,1046,17493
10,18549,167,0.0,2336,1046,17503
10,18559,167,0.0,2337,1046,17513
4,18563,167,0.0,2338,1046,17517
4,18567,167,0.0,2339,1046,17521
4,18571,167,0.0,2340,1046,17525
5,18576,167,0.0,2341,1046,17530
13,18589,167,0.0,2342,1046,17543
6,18595,167,0.0,2343,1046,17549
7,18602,167,0.0,2344,1046,17556
10,18612,167,0.0,2345,1046,17566
5,18617,167,0.0,2346,1046,17571
4,18621,167,0.0,2347,1046,17575
7,18628,168,1.0,2348,1046,17582
20,18648,168,0.0,2349,1046,17602
4,18652,168,0.0,2350,1046,17606
8,18660,168,0.0,2351,1046,17614
9,18669,168,0.0,2352,1046,17623
12,18681,168,0.0,2353,1046,17635
11,18692,168,0.0,2354,1046,17646
7,18699,168,0.0,2355,1046,17653
7,18706,169,1.0,2356,1046,17660
8,18714,169,0.0,2357,1046,17668
3,18717,169,0.0,2358,1046,17671
7,18724,170,1.0,2359,1046,17678
2,18726,170,0.0,2360,1046,17680
12,18738,170,0.0,2361,1046,17692
6,18744,170,0.0,2362,1046,17698
7,18751,171,1.0,2363,1046,17705
4,18755,171,0.0,2364,1046,17709
8,18763,171,0.0,2365,1046,17717
2,18765,171,0.0,2366,1046,17719
6,18771,171,0.0,2367,1046,17725
3,18774,171,0.0,2368,1046,17728
9,18783,171,0.0,2369,1046,17737
10,18793,171,0.0,2370,1046,17747
8,18801,171,0.0,2371,1046,17755
9,18810,171,0.0,2372,1046,17764
10,18820,171,0.0,2373,1046,17774
6,18826,171,0.0,2374,1046,17780
14,18840,171,0.0,2375,1046,17794
7,18847,171,0.0,2376,1046,17801
7,18854,172,1.0,2377,1046,17808
6,18860,172,0.0,2378,1046,17814
7,18867,173,1.0,2379,1046,17821
7,18874,174,1.0,2380,1046,17828
6,18880,174,0.0,2381,1046,17834
7,18887,174,0.0,2382,1046,17841
5,18892,174,0.0,2383,1046,17846
9,18901,174,0.0,2384,1046,17855
4,18905,174,0.0,2385,1046,17859
7,18912,175,1.0,2386,1046,17866
3,18915,175,0.0,2387,1046,17869
7,18922,176,1.0,2388,1046,17876
12,18934,176,0.0,2389,1046,17888
12,18946,176,0.0,2390,1046,17900
3,18949,176,0.0,2391,1046,17903
3,18952,176,0.0,2392,1046,17906
12,18964,176,0.0,2393,1046,17918
7,18971,177,1.0,2394,1046,17925
4,18975,177,0.0,2395,1046,17929
6,18981,177,0.0,2396,1046,17935
3,18984,177,0.0,2397,1046,17938
2,18986,177,0.0,2398,1046,17940
4,18990,177,0.0,2399,1046,17944
7,18997,178,1.0,2400,1046,17951
6,19003,178,0.0,2401,1046,17957
10,19013,178,0.0,2402,1046,17967
7,19020,179,1.0,2403,1046,17974
10,19030,179,0.0,2404,1046,17984
3,19033,179,0.0,2405,1046,17987
10,19043,179,0.0,2406,1046,17997
3,19046,179,0.0,2407,1046,18000
4,19050,179,0.0,2408,1046,18004
7,19057,180,1.0,2409,1046,18011
6,19063,180,0.0,2410,1046,18017
2,19065,180,0.0,2411,1046,18019
2,19067,180,0.0,2412,1046,18021
4,19071,180,0.0,2413,1046,18025
2,19073,180,0.0,2414,1046,18027
2,19075,180,0.0,2415,1046,18029
8,19083,180,0.0,2416,1046,18037
7,19090,181,1.0,2417,1046,18044
4,19094,181,0.0,2418,1046,18048
7,19101,182,1.0,2419,1046,18055
7,19108,182,0.0,2420,1046,18062
10,19118,182,0.0,2421,1046,18072
3,19121,182,0.0,2422,1046,18075
10,19131,182,0.0,2423,1046,18085
11,19142,182,0.0,2424,1046,18096
11,19153,183,1.0,2425,1046,18107
3,19156,183,0.0,2426,1046,18110
4,19160,183,0.0,2427,1046,18114
7,19167,184,1.0,2428,1046,18121
5,19172,184,0.0,2429,1046,18126
5,19177,184,0.0,2430,1046,18131
2,19179,184,0.0,2431,1046,18133
2,19181,184,0.0,2432,1046,18135
19,19200,184,0.0,2433,1046,18154
3,19203,184,0.0,2434,1046,18157
9,19212,184,0.0,2435,1046,18166
13,19225,184,0.0,2436,1046,18179
4,19229,184,0.0,2437,1046,18183
9,19238,184,0.0,2438,1046,18192
4,19242,184,0.0,2439,1046,18196
2,19244,184,0.0,2440,1046,18198
7,19251,184,0.0,2441,1046,18205
3,19254,184,0.0,2442,1046,18208
2,19256,184,0.0,2443,1046,18210
7,19263,185,1.0,2444,1046,18217
13,19276,185,0.0,2445,1046,18230
2,19278,185,0.0,2446,1046,18232
12,19290,185,0.0,2447,1046,18244
5,19295,185,0.0,2448,1046,18249
6,19301,185,0.0,2449,1046,18255
7,19308,186,1.0,2450,1046,18262
3,19311,186,0.0,2451,1046,18265
2,19313,186,0.0,2452,1046,18267
13,19326,186,0.0,2453,1046,18280
3,19329,186,0.0,2454,1046,18283
2,19331,186,0.0,2455,1046,18285
4,19335,186,0.0,2456,1046,18289
9,19344,186,0.0,2457,1046,18298
9,19353,186,0.0,2458,1046,18307
3,19356,186,0.0,2459,1046,18310
3,19359,186,0.0,2460,1046,18313
8,19367,186,0.0,2461,1046,18321
10,19377,186,0.0,2462,1046,18331
13,19390,186,0.0,2463,1046,18344
7,19397,186,0.0,2464,1046,18351
2,19399,186,0.0,2465,1046,18353
6,19405,186,0.0,2466,1046,18359
4,19409,186,0.0,2467,1046,18363
7,19416,187,1.0,2468,1046,18370
7,19423,187,0.0,2469,1046,18377
4,19427,187,0.0,2470,1046,18381
11,19438,187,0.0,2471,1046,18392
4,19442,187,0.0,2472,1046,18396
7,19449,188,1.0,2473,1046,18403
35,19484,188,0.0,2474,1046,18438
6,19490,188,0.0,2475,1046,18444
4,19494,188,0.0,2476,1046,18448
2,19496,188,0.0,2477,1046,18450
3,19499,188,0.0,2478,1046,18453
22,19521,188,0.0,2479,1046,18475
12,19533,188,0.0,2480,1046,18487
8,19541,188,0.0,2481,1046,18495
9,19550,188,0.0,2482,1046,18504
7,19557,189,1.0,2483,1046,18511
6,19563,189,0.0,2484,1046,18517
7,19570,190,1.0,2485,1046,18524
6,19576,190,0.0,2486,1046,18530
5,19581,190,0.0,2487,1046,18535
6,19587,190,0.0,2488,1046,18541
7,19594,191,1.0,2489,1046,18548
10,19604,191,0.0,2490,1046,18558
2,19606,191,0.0,2491,1046,18560
4,19610,191,0.0,2492,1046,18564
7,19617,192,1.0,2493,1046,18571
9,19626,192,0.0,2494,1046,18580
9,19635,192,0.0,2495,1046,18589
7,19642,193,1.0,2496,1046,18596
9,19651,193,0.0,2497,1046,18605
9,19660,193,0.0,2498,1046,18614
10,19670,193,0.0,2499,1046,18624
9,19679,193,0.0,2500,1046,18633
9,19688,193,0.0,2501,1046,18642
14,19702,193,0.0,2502,1046,18656
12,19714,193,0.0,2503,1046,18668
21,19735,193,0.0,2504,1046,18689
10,19745,193,0.0,2505,1046,18699
7,19752,194,1.0,2506,1046,18706
3,19755,194,0.0,2507,1046,18709
6,19761,194,0.0,2508,1046,18715
7,19768,195,1.0,2509,1046,18722
12,19780,195,0.0,2510,1046,18734
9,19789,195,0.0,2511,1046,18743
12,19801,195,0.0,2512,1046,18755
4,19805,195,0.0,2513,1046,18759
7,19812,196,1.0,2514,1046,18766
5,19817,196,0.0,2515,1046,18771
4,19821,196,0.0,2516,1046,18775
9,19830,196,0.0,2517,1046,18784
13,19843,196,0.0,2518,1046,18797
2,19845,196,0.0,2519,1046,18799
7,19852,196,0.0,2520,1046,18806
7,19859,196,0.0,2521,1046,18813
5,19864,196,0.0,2522,1046,18818
8,19872,196,0.0,2523,1046,18826
7,19879,197,1.0,2524,1046,18833
9,19888,197,0.0,2525,1046,18842
7,19895,198,1.0,2526,1046,18849
3,19898,198,0.0,2527,1046,18852
10,19908,198,0.0,2528,1046,18862
7,19915,199,1.0,2529,1046,18869
4,19919,199,0.0,2530,1046,18873
2,19921,199,0.0,2531,1046,18875
5,19926,199,0.0,2532,1046,18880
10,19936,199,0.0,2533,1046,18890
10,19946,199,0.0,2534,1046,18900
9,19955,199,0.0,2535,1046,18909
2,19957,199,0.0,2536,1046,18911
10,19967,199,0.0,2537,1046,18921
6,19973,199,0.0,2538,1046,18927
9,19982,199,0.0,2539,1046,18936
14,19996,199,0.0,2540,1046,18950
9,20005,199,0.0,2541,1046,18959
2,20007,199,0.0,2542,1046,18961
6,20013,199,0.0,2543,1046,18967
7,20020,199,0.0,2544,1046,18974
6,20026,199,0.0,2545,1046,18980
2,20028,199,0.0,2546,1046,18982
7,20035,200,1.0,2547,1046,18989
2,20037,200,0.0,2548,1046,18991
4,20041,200,0.0,2549,1046,18995
7,20048,200,0.0,2550,1046,19002
7,20055,201,1.0,2551,1046,19009
21,20076,201,0.0,2552,1046,19030
3,20079,201,0.0,2553,1046,19033
5,20084,201,0.0,2554,1046,19038
3,20087,201,0.0,2555,1046,19041
2,20089,201,0.0,2556,1046,19043
6,20095,201,0.0,2557,1046,19049
16,20111,201,0.0,2558,1046,19065
26,20137,202,1.0,2559,1046,19091
7,20144,202,0.0,2560,1046,19098
8,20152,202,0.0,2561,1046,19106
13,20165,202,0.0,2562,1046,19119
7,20172,203,1.0,2563,1046,19126
7,20179,203,0.0,2564,1046,19133
8,20187,203,0.0,2565,1046,19141
7,20194,203,0.0,2566,1046,19148
10,20204,203,0.0,2567,1046,19158
3,20207,203,0.0,2568,1046,19161
2,20209,203,0.0,2569,1046,19163
2,20211,203,0.0,2570,1046,19165
3,20214,203,0.0,2571,1046,19168
2,20216,203,0.0,2572,1046,19170
2,20218,203,0.0,2573,1046,19172
2,20220,203,0.0,2574,1046,19174
4,20224,203,0.0,2575,1046,19178
16,20240,203,0.0,2576,1046,19194
10,20250,203,0.0,2577,1046,19204
5,20255,203,0.0,2578,1046,19209
13,20268,203,0.0,2579,1046,19222
12,20280,203,0.0,2580,1046,19234
9,20289,203,0.0,2581,1046,19243
6,20295,203,0.0,2582,1046,19249
7,20302,204,1.0,2583,1046,19256
3,20305,204,0.0,2584,1046,19259
11,20316,204,0.0,2585,1046,19270
4,20320,204,0.0,2586,1046,19274
7,20327,205,1.0,2587,1046,19281
2,20329,205,0.0,2588,1046,19283
6,20335,205,0.0,2589,1046,19289
2,20337,205,0.0,2590,1046,19291
5,20342,205,0.0,2591,1046,19296
8,20350,205,0.0,2592,1046,19304
2,20352,205,0.0,2593,1046,19306
12,20364,205,0.0,2594,1046,19318
4,20368,205,0.0,2595,1046,19322
7,20375,205,0.0,2596,1046,19329
5,20380,205,0.0,2597,1046,19334
6,20386,205,0.0,2598,1046,19340
6,20392,205,0.0,2599,1046,19346
6,20398,205,0.0,2600,1046,19352
12,20410,205,0.0,2601,1046,19364
14,20424,205,0.0,2602,1046,19378
4,20428,205,0.0,2603,1046,19382
10,20438,205,0.0,2604,1046,19392
7,20445,206,1.0,2605,1046,19399
6,20451,206,0.0,2606,1046,19405
16,20467,206,0.0,2607,1046,19421
6,20473,206,0.0,2608,1046,19427
2,20475,206,0.0,2609,1046,19429
10,20485,206,0.0,2610,1046,19439
10,20495,206,0.0,2611,1046,19449
7,20502,207,1.0,2612,1046,19456
4,20506,207,0.0,2613,1046,19460
2,20508,207,0.0,2614,1046,19462
5,20513,207,0.0,2615,1046,19467
10,20523,207,0.0,2616,1046,19477
8,20531,207,0.0,2617,1046,19485
9,20540,207,0.0,2618,1046,19494
7,20547,207,0.0,2619,1046,19501
6,20553,207,0.0,2620,1046,19507
12,20565,207,0.0,2621,1046,19519
6,20571,207,0.0,2622,1046,19525
2,20573,207,0.0,2623,1046,19527
8,20581,207,0.0,2624,1046,19535
5,20586,207,0.0,2625,1046,19540
3,20589,207,0.0,2626,1046,19543
12,20601,207,0.0,2627,1046,19555
7,20608,208,1.0,2628,1046,19562
7,20615,209,1.0,2629,1046,19569
12,20627,209,0.0,2630,1046,19581
17,20644,209,0.0,2631,1046,19598
8,20652,209,0.0,2632,1046,19606
6,20658,209,0.0,2633,1046,19612
7,20665,210,1.0,2634,1046,19619
7,20672,211,1.0,2635,1046,19626
19,20691,211,0.0,2636,1046,19645
13,20704,211,0.0,2637,1046,19658
20,20724,211,0.0,2638,1046,19678
10,20734,211,0.0,2639,1046,19688
6,20740,211,0.0,2640,1046,19694
11,20751,211,0.0,2641,1046,19705
4,20755,211,0.0,2642,1046,19709
6,20761,211,0.0,2643,1046,19715
9,20770,211,0.0,2644,1046,19724
3,20773,211,0.0,2645,1046,19727
6,20779,211,0.0,2646,1046,19733
9,20788,211,0.0,2647,1046,19742
4,20792,211,0.0,2648,1046,19746
4,20796,211,0.0,2649,1046,19750
3,20799,211,0.0,2650,1046,19753
4,20803,211,0.0,2651,1046,19757
10,20813,211,0.0,2652,1046,19767
9,20822,211,0.0,2653,1046,19776
4,20826,211,0.0,2654,1046,19780
10,20836,211,0.0,2655,1046,19790
7,20843,212,1.0,2656,1046,19797
3,20846,212,0.0,2657,1046,19800
8,20854,212,0.0,2658,1046,19808
3,20857,212,0.0,2659,1046,19811
12,20869,212,0.0,2660,1046,19823
7,20876,212,0.0,2661,1046,19830
22,20898,212,0.0,2662,1046,19852
4,20902,212,0.0,2663,1046,19856
3,20905,212,0.0,2664,1046,19859
4,20909,212,0.0,2665,1046,19863
7,20916,212,0.0,2666,1046,19870
3,20919,212,0.0,2667,1046,19873
2,20921,212,0.0,2668,1046,19875
4,20925,212,0.0,2669,1046,19879
4,20929,212,0.0,2670,1046,19883
9,20938,212,0.0,2671,1046,19892
9,20947,212,0.0,2672,1046,19901
4,20951,212,0.0,2673,1046,19905
10,20961,212,0.0,2674,1046,19915
7,20968,213,1.0,2675,1046,19922
7,20975,214,1.0,2676,1046,19929
3,20978,214,0.0,2677,1046,19932
12,20990,214,0.0,2678,1046,19944
12,21002,214,0.0,2679,1046,19956
4,21006,214,0.0,2680,1046,19960
5,21011,214,0.0,2681,1046,19965
6,21017,214,0.0,2682,1046,19971
4,21021,214,0.0,2683,1046,19975
16,21037,214,0.0,2684,1046,19991
7,21044,214,0.0,2685,1046,19998
10,21054,214,0.0,2686,1046,20008
7,21061,215,1.0,2687,1046,20015
2,21063,215,0.0,2688,1046,20017
10,21073,215,0.0,2689,1046,20027
4,21077,215,0.0,2690,1046,20031
6,21083,215,0.0,2691,1046,20037
8,21091,216,1.0,2692,1046,20045
6,21097,216,0.0,2693,1046,20051
3,21100,216,0.0,2694,1046,20054
2,21102,216,0.0,2695,1046,20056
3,21105,216,0.0,2696,1046,20059
7,21112,217,1.0,2697,1046,20066
7,21119,218,1.0,2698,1046,20073
3,21122,218,0.0,2699,1046,20076
13,21135,218,0.0,2700,1046,20089
10,21145,218,0.0,2701,1046,20099
11,21156,218,0.0,2702,1046,20110
2,21158,218,0.0,2703,1046,20112
7,21165,219,1.0,2704,1046,20119
7,21172,219,0.0,2705,1046,20126
4,21176,219,0.0,2706,1046,20130
10,21186,219,0.0,2707,1046,20140
9,21195,219,0.0,2708,1046,20149
7,21202,219,0.0,2709,1046,20156
12,21214,219,0.0,2710,1046,20168
7,21221,220,1.0,2711,1046,20175
8,21229,220,0.0,2712,1046,20183
11,21240,221,1.0,2713,1046,20194
6,21246,221,0.0,2714,1046,20200
2,21248,221,0.0,2715,1046,20202
11,21259,221,0.0,2716,1046,20213
9,21268,221,0.0,2717,1046,20222
20,21288,221,0.0,2718,1046,20242
10,21298,221,0.0,2719,1046,20252
14,21312,221,0.0,2720,1046,20266
7,21319,222,1.0,2721,1046,20273
7,21326,223,1.0,2722,1046,20280
10,21336,223,0.0,2723,1046,20290
3,21339,223,0.0,2724,1046,20293
7,21346,224,1.0,2725,1046,20300
7,21353,224,0.0,2726,1046,20307
22,21375,224,0.0,2727,1046,20329
4,21379,224,0.0,2728,1046,20333
4,21383,224,0.0,2729,1046,20337
3,21386,224,0.0,2730,1046,20340
11,21397,224,0.0,2731,1046,20351
8,21405,224,0.0,2732,1046,20359
2,21407,224,0.0,2733,1046,20361
10,21417,224,0.0,2734,1046,20371
8,21425,224,0.0,2735,1046,20379
7,21432,225,1.0,2736,1046,20386
8,21440,226,1.0,2737,1046,20394
12,21452,226,0.0,2738,1046,20406
3,21455,226,0.0,2739,1046,20409
10,21465,226,0.0,2740,1046,20419
8,21473,226,0.0,2741,1046,20427
4,21477,226,0.0,2742,1046,20431
6,21483,226,0.0,2743,1046,20437
22,21505,226,0.0,2744,1046,20459
7,21512,227,1.0,2745,1046,20466
9,21521,227,0.0,2746,1046,20475
6,21527,227,0.0,2747,1046,20481
2,21529,227,0.0,2748,1046,20483
4,21533,227,0.0,2749,1046,20487
6,21539,227,0.0,2750,1046,20493
3,21542,227,0.0,2751,1046,20496
4,21546,227,0.0,2752,1046,20500
4,21550,227,0.0,2753,1046,20504
9,21559,227,0.0,2754,1046,20513
12,21571,227,0.0,2755,1046,20525
10,21581,227,0.0,2756,1046,20535
7,21588,228,1.0,2757,1046,20542
9,21597,228,0.0,2758,1046,20551
9,21606,228,0.0,2759,1046,20560
17,21623,228,0.0,2760,1046,20577
13,21636,228,0.0,2761,1046,20590
9,21645,228,0.0,2762,1046,20599
3,21648,228,0.0,2763,1046,20602
2,21650,228,0.0,2764,1046,20604
6,21656,228,0.0,2765,1046,20610
4,21660,228,0.0,2766,1046,20614
8,21668,228,0.0,2767,1046,20622
14,21682,228,0.0,2768,1046,20636
9,21691,228,0.0,2769,1046,20645
14,21705,228,0.0,2770,1046,20659
2,21707,228,0.0,2771,1046,20661
7,21714,229,1.0,2772,1046,20668
9,21723,229,0.0,2773,1046,20677
2,21725,229,0.0,2774,1046,20679
2,21727,229,0.0,2775,1046,20681
4,21731,229,0.0,2776,1046,20685
7,21738,230,1.0,2777,1046,20692
6,21744,230,0.0,2778,1046,20698
9,21753,230,0.0,2779,1046,20707
2,21755,230,0.0,2780,1046,20709
7,21762,231,1.0,2781,1046,20716
6,21768,231,0.0,2782,1046,20722
8,21776,231,0.0,2783,1046,20730
2,21778,231,0.0,2784,1046,20732
7,21785,231,0.0,2785,1046,20739
12,21797,231,0.0,2786,1046,20751
12,21809,231,0.0,2787,1046,20763
8,21817,231,0.0,2788,1046,20771
3,21820,231,0.0,2789,1046,20774
3,21823,231,0.0,2790,1046,20777
5,21828,231,0.0,2791,1046,20782
12,21840,231,0.0,2792,1046,20794
6,21846,231,0.0,2793,1046,20800
7,21853,231,0.0,2794,1046,20807
4,21857,231,0.0,2795,1046,20811
12,21869,231,0.0,2796,1046,20823
2,21871,231,0.0,2797,1046,20825
21,21892,231,0.0,2798,1046,20846
16,21908,231,0.0,2799,1046,20862
3,21911,231,0.0,2800,1046,20865
4,21915,231,0.0,2801,1046,20869
10,21925,231,0.0,2802,1046,20879
9,21934,231,0.0,2803,1046,20888
7,21941,232,1.0,2804,1046,20895
5,21946,232,0.0,2805,1046,20900
4,21950,232,0.0,2806,1046,20904
4,21954,232,0.0,2807,1046,20908
3,21957,232,0.0,2808,1046,20911
2,21959,232,0.0,2809,1046,20913
16,21975,232,0.0,2810,1046,20929
9,21984,232,0.0,2811,1046,20938
12,21996,232,0.0,2812,1046,20950
4,22000,232,0.0,2813,1046,20954
3,22003,232,0.0,2814,1046,20957
12,22015,232,0.0,2815,1046,20969
4,22019,232,0.0,2816,1046,20973
10,22029,232,0.0,2817,1046,20983
5,22034,232,0.0,2818,1046,20988
7,22041,232,0.0,2819,1046,20995
13,22054,232,0.0,2820,1046,21008
16,22070,232,0.0,2821,1046,21024
9,22079,232,0.0,2822,1046,21033
12,22091,232,0.0,2823,1046,21045
5,22096,232,0.0,2824,1046,21050
7,22103,233,1.0,2825,1046,21057
4,22107,233,0.0,2826,1046,21061
5,22112,233,0.0,2827,1046,21066
11,22123,233,0.0,2828,1046,21077
6,22129,233,0.0,2829,1046,21083
3,22132,233,0.0,2830,1046,21086
6,22138,233,0.0,2831,1046,21092
7,22145,234,1.0,2832,1046,21099
12,22157,234,0.0,2833,1046,21111
7,22164,235,1.0,2834,1046,21118
5,22169,235,0.0,2835,1046,21123
4,22173,235,0.0,2836,1046,21127
4,22177,235,0.0,2837,1046,21131
17,22194,235,0.0,2838,1046,21148
5,22199,235,0.0,2839,1046,21153
6,22205,235,0.0,2840,1046,21159
12,22217,235,0.0,2841,1046,21171
6,22223,235,0.0,2842,1046,21177
17,22240,236,1.0,2843,1046,21194
15,22255,236,0.0,2844,1046,21209
2,22257,236,0.0,2845,1046,21211
4,22261,236,0.0,2846,1046,21215
15,22276,236,0.0,2847,1046,21230
7,22283,236,0.0,2848,1046,21237
7,22290,237,1.0,2849,1046,21244
4,22294,237,0.0,2850,1046,21248
5,22299,237,0.0,2851,1046,21253
9,22308,237,0.0,2852,1046,21262
2,22310,237,0.0,2853,1046,21264
7,22317,238,1.0,2854,1046,21271
6,22323,238,0.0,2855,1046,21277
13,22336,238,0.0,2856,1046,21290
3,22339,238,0.0,2857,1046,21293
2,22341,238,0.0,2858,1046,21295
9,22350,238,0.0,2859,1046,21304
5,22355,238,0.0,2860,1046,21309
10,22365,238,0.0,2861,1046,21319
3,22368,238,0.0,2862,1046,21322
2,22370,238,0.0,2863,1046,21324
9,22379,238,0.0,2864,1046,21333
13,22392,238,0.0,2865,1046,21346
4,22396,238,0.0,2866,1046,21350
6,22402,238,0.0,2867,1046,21356
7,22409,239,1.0,2868,1046,21363
9,22418,239,0.0,2869,1046,21372
7,22425,240,1.0,2870,1046,21379
6,22431,240,0.0,2871,1046,21385
7,22438,241,1.0,2872,1046,21392
2,22440,241,0.0,2873,1046,21394
2,22442,241,0.0,2874,1046,21396
3,22445,241,0.0,2875,1046,21399
12,22457,241,0.0,2876,1046,21411
7,22464,242,1.0,2877,1046,21418
4,22468,242,0.0,2878,1046,21422
7,22475,243,1.0,2879,1046,21429
4,22479,243,0.0,2880,1046,21433
2,22481,243,0.0,2881,1046,21435
6,22487,243,0.0,2882,1046,21441
4,22491,243,0.0,2883,1046,21445
7,22498,243,0.0,2884,1046,21452
18,22516,243,0.0,2885,1046,21470
7,22523,244,1.0,2886,1046,21477
2,22525,244,0.0,2887,1046,21479
5,22530,244,0.0,2888,1046,21484
4,22534,244,0.0,2889,1046,21488
3,22537,244,0.0,2890,1046,21491
3,22540,244,0.0,2891,1046,21494
10,22550,244,0.0,2892,1046,21504
6,22556,244,0.0,2893,1046,21510
6,22562,244,0.0,2894,1046,21516
6,22568,244,0.0,2895,1046,21522
10,22578,244,0.0,2896,1046,21532
7,22585,245,1.0,2897,1046,21539
3,22588,245,0.0,2898,1046,21542
2,22590,245,0.0,2899,1046,21544
8,22598,245,0.0,2900,1046,21552
3,22601,245,0.0,2901,1046,21555
21,22622,245,0.0,2902,1046,21576
7,22629,246,1.0,2903,1046,21583
7,22636,247,1.0,2904,1046,21590
9,22645,247,0.0,2905,1046,21599
8,22653,247,0.0,2906,1046,21607
7,22660,247,0.0,2907,1046,21614
8,22668,247,0.0,2908,1046,21622
10,22678,247,0.0,2909,1046,21632
2,22680,247,0.0,2910,1046,21634
6,22686,247,0.0,2911,1046,21640
7,22693,247,0.0,2912,1046,21647
10,22703,247,0.0,2913,1046,21657
7,22710,248,1.0,2914,1046,21664
4,22714,248,0.0,2915,1046,21668
14,22728,248,0.0,2916,1046,21682
4,22732,248,0.0,2917,1046,21686
4,22736,248,0.0,2918,1046,21690
17,22753,248,0.0,2919,1046,21707
2,22755,248,0.0,2920,1046,21709
39,22794,248,0.0,2921,1046,21748
3,22797,248,0.0,2922,1046,21751
10,22807,248,0.0,2923,1046,21761
4,22811,248,0.0,2924,1046,21765
3,22814,248,0.0,2925,1046,21768
21,22835,248,0.0,2926,1046,21789
10,22845,248,0.0,2927,1046,21799
9,22854,248,0.0,2928,1046,21808
7,22861,249,1.0,2929,1046,21815
7,22868,250,1.0,2930,1046,21822
7,22875,251,1.0,2931,1046,21829
2,22877,251,0.0,2932,1046,21831
7,22884,251,0.0,2933,1046,21838
2,22886,251,0.0,2934,1046,21840
2,22888,251,0.0,2935,1046,21842
9,22897,251,0.0,2936,1046,21851
7,22904,252,1.0,2937,1046,21858
10,22914,252,0.0,2938,1046,21868
7,22921,253,1.0,2939,1046,21875
11,22932,254,1.0,2940,1046,21886
11,22943,255,1.0,2941,1046,21897
2,22945,255,0.0,2942,1046,21899
2,22947,255,0.0,2943,1046,21901
2,22949,255,0.0,2944,1046,21903
6,22955,255,0.0,2945,1046,21909
3,22958,255,0.0,2946,1046,21912
5,22963,255,0.0,2947,1046,21917
12,22975,255,0.0,2948,1046,21929
7,22982,255,0.0,2949,1046,21936
16,22998,255,0.0,2950,1046,21952
4,23002,255,0.0,2951,1046,21956
9,23011,255,0.0,2952,1046,21965
13,23024,255,0.0,2953,1046,21978
11,23035,255,0.0,2954,1046,21989
13,23048,255,0.0,2955,1046,22002
7,23055,255,0.0,2956,1046,22009
9,23064,255,0.0,2957,1046,22018
9,23073,255,0.0,2958,1046,22027
2,23075,255,0.0,2959,1046,22029
13,23088,255,0.0,2960,1046,22042
6,23094,255,0.0,2961,1046,22048
2,23096,255,0.0,2962,1046,22050
4,23100,255,0.0,2963,1046,22054
4,23104,255,0.0,2964,1046,22058
5,23109,255,0.0,2965,1046,22063
2,23111,255,0.0,2966,1046,22065
6,23117,255,0.0,2967,1046,22071
9,23126,255,0.0,2968,1046,22080
4,23130,255,0.0,2969,1046,22084
6,23136,255,0.0,2970,1046,22090
8,23144,255,0.0,2971,1046,22098
6,23150,255,0.0,2972,1046,22104
7,23157,256,1.0,2973,1046,22111
14,23171,256,0.0,2974,1046,22125
7,23178,257,1.0,2975,1046,22132
7,23185,258,1.0,2976,1046,22139
3,23188,258,0.0,2977,1046,22142
3,23191,258,0.0,2978,1046,22145
4,23195,258,0.0,2979,1046,22149
9,23204,258,0.0,2980,1046,22158
7,23211,259,1.0,2981,1046,22165
5,23216,259,0.0,2982,1046,22170
10,23226,259,0.0,2983,1046,22180
11,23237,259,0.0,2984,1046,22191
10,23247,259,0.0,2985,1046,22201
4,23251,259,0.0,2986,1046,22205
7,23258,260,1.0,2987,1046,22212
2,23260,260,0.0,2988,1046,22214
8,23268,260,0.0,2989,1046,22222
4,23272,260,0.0,2990,1046,22226
6,23278,260,0.0,2991,1046,22232
5,23283,260,0.0,2992,1046,22237
16,23299,260,0.0,2993,1046,22253
11,23310,261,1.0,2994,1046,22264
8,23318,261,0.0,2995,1046,22272
16,23334,261,0.0,2996,1046,22288
7,23341,262,1.0,2997,1046,22295
5,23346,262,0.0,2998,1046,22300
7,23353,262,0.0,2999,1046,22307
21,23374,262,0.0,3000,1046,22328
6,23380,262,0.0,3001,1046,22334
2,23382,262,0.0,3002,1046,22336
12,23394,262,0.0,3003,1046,22348
7,23401,263,1.0,3004,1046,22355
4,23405,263,0.0,3005,1046,22359
7,23412,264,1.0,3006,1046,22366
10,23422,264,0.0,3007,1046,22376
7,23429,265,1.0,3008,1046,22383
3,23432,265,0.0,3009,1046,22386
3,23435,265,0.0,3010,1046,22389
14,23449,265,0.0,3011,1046,22403
5,23454,265,0.0,3012,1046,22408
6,23460,265,0.0,3013,1046,22414
10,23470,265,0.0,3014,1046,22424
3,23473,265,0.0,3015,1046,22427
7,23480,266,1.0,3016,1046,22434
6,23486,266,0.0,3017,1046,22440
8,23494,266,0.0,3018,1046,22448
9,23503,266,0.0,3019,1046,22457
6,23509,266,0.0,3020,1046,22463
2,23511,266,0.0,3021,1046,22465
3,23514,266,0.0,3022,1046,22468
9,23523,266,0.0,3023,1046,22477
11,23534,266,0.0,3024,1046,22488
3,23537,266,0.0,3025,1046,22491
2,23539,266,0.0,3026,1046,22493
3,23542,266,0.0,3027,1046,22496
7,23549,267,1.0,3028,1046,22503
14,23563,267,0.0,3029,1046,22517
12,23575,267,0.0,3030,1046,22529
4,23579,267,0.0,3031,1046,22533
7,23586,268,1.0,3032,1046,22540
20,23606,268,0.0,3033,1046,22560
11,23617,268,0.0,3034,1046,22571
2,23619,268,0.0,3035,1046,22573
5,23624,268,0.0,3036,1046,22578
24,23648,268,0.0,3037,1046,22602
7,23655,268,0.0,3038,1046,22609
9,23664,268,0.0,3039,1046,22618
10,23674,268,0.0,3040,1046,22628
11,23685,268,0.0,3041,1046,22639
7,23692,269,1.0,3042,1046,22646
7,23699,269,0.0,3043,1046,22653
7,23706,270,1.0,3044,1046,22660
7,23713,271,1.0,3045,1046,22667
9,23722,271,0.0,3046,1046,22676
6,23728,271,0.0,3047,1046,22682
3,23731,271,0.0,3048,1046,22685
2,23733,271,0.0,3049,1046,22687
6,23739,271,0.0,3050,1046,22693
4,23743,271,0.0,3051,1046,22697
3,23746,271,0.0,3052,1046,22700
2,23748,271,0.0,3053,1046,22702
7,23755,272,1.0,3054,1046,22709
2,23757,272,0.0,3055,1046,22711
8,23765,272,0.0,3056,1046,22719
26,23791,273,1.0,3057,1046,22745
11,23802,273,0.0,3058,1046,22756
5,23807,273,0.0,3059,1046,22761
7,23814,274,1.0,3060,1046,22768
12,23826,274,0.0,3061,1046,22780
9,23835,274,0.0,3062,1046,22789
8,23843,274,0.0,3063,1046,22797
6,23849,274,0.0,3064,1046,22803
7,23856,275,1.0,3065,1046,22810
4,23860,275,0.0,3066,1046,22814
3,23863,275,0.0,3067,1046,22817
19,23882,275,0.0,3068,1046,22836
12,23894,275,0.0,3069,1046,22848
7,23901,276,1.0,3070,1046,22855
7,23908,277,1.0,3071,1046,22862
5,23913,277,0.0,3072,1046,22867
4,23917,277,0.0,3073,1046,22871
4,23921,277,0.0,3074,1046,22875
3,23924,277,0.0,3075,1046,22878
2,23926,277,0.0,3076,1046,22880
9,23935,277,0.0,3077,1046,22889
7,23942,278,1.0,3078,1046,22896
9,23951,278,0.0,3079,1046,22905
6,23957,278,0.0,3080,1046,22911
7,23964,279,1.0,3081,1046,22918
7,23971,280,1.0,3082,1046,22925
3,23974,280,0.0,3083,1046,22928
3,23977,280,0.0,3084,1046,22931
4,23981,280,0.0,3085,1046,22935
9,23990,280,0.0,3086,1046,22944
10,24000,280,0.0,3087,1046,22954
9,24009,280,0.0,3088,1046,22963
14,24023,280,0.0,3089,1046,22977
12,24035,280,0.0,3090,1046,22989
2,24037,280,0.0,3091,1046,22991
7,24044,281,1.0,3092,1046,22998
7,24051,282,1.0,3093,1046,23005
10,24061,282,0.0,3094,1046,23015
6,24067,282,0.0,3095,1046,23021
5,24072,282,0.0,3096,1046,23026
9,24081,282,0.0,3097,1046,23035
7,24088,283,1.0,3098,1046,23042
2,24090,283,0.0,3099,1046,23044
5,24095,283,0.0,3100,1046,23049
12,24107,283,0.0,3101,1046,23061
4,24111,283,0.0,3102,1046,23065
12,24123,283,0.0,3103,1046,23077
4,24127,283,0.0,3104,1046,23081
11,24138,283,0.0,3105,1046,23092
7,24145,284,1.0,3106,1046,23099
6,24151,284,0.0,3107,1046,23105
9,24160,284,0.0,3108,1046,23114
9,24169,284,0.0,3109,1046,23123
9,24178,284,0.0,3110,1046,23132
2,24180,284,0.0,3111,1046,23134
4,24184,284,0.0,3112,1046,23138
12,24196,284,0.0,3113,1046,23150
3,24199,284,0.0,3114,1046,23153
8,24207,284,0.0,3115,1046,23161
7,24214,285,1.0,3116,1046,23168
2,24216,285,0.0,3117,1046,23170
5,24221,285,0.0,3118,1046,23175
13,24234,285,0.0,3119,1046,23188
7,24241,286,1.0,3120,1046,23195
7,24248,287,1.0,3121,1046,23202
2,24250,287,0.0,3122,1046,23204
6,24256,287,0.0,3123,1046,23210
9,24265,287,0.0,3124,1046,23219
4,24269,287,0.0,3125,1046,23223
5,24274,287,0.0,3126,1046,23228
7,24281,288,1.0,3127,1046,23235
9,24290,288,0.0,3128,1046,23244
12,24302,288,0.0,3129,1046,23256
8,24310,288,0.0,3130,1046,23264
6,24316,288,0.0,3131,1046,23270
4,24320,288,0.0,3132,1046,23274
10,24330,288,0.0,3133,1046,23284
8,24338,288,0.0,3134,1046,23292
6,24344,288,0.0,3135,1046,23298
4,24348,288,0.0,3136,1046,23302
7,24355,289,1.0,3137,1046,23309
7,24362,290,1.0,3138,1046,23316
6,24368,290,0.0,3139,1046,23322
2,24370,290,0.0,3140,1046,23324
5,24375,290,0.0,3141,1046,23329
2,24377,290,0.0,3142,1046,23331
7,24384,290,0.0,3143,1046,23338
9,24393,290,0.0,3144,1046,23347
2,24395,290,0.0,3145,1046,23349
7,24402,291,1.0,3146,1046,23356
4,24406,291,0.0,3147,1046,23360
2,24408,291,0.0,3148,1046,23362
9,24417,291,0.0,3149,1046,23371
5,24422,291,0.0,3150,1046,23376
4,24426,291,0.0,3151,1046,23380
2,24428,291,0.0,3152,1046,23382
7,24435,292,1.0,3153,1046,23389
9,24444,292,0.0,3154,1046,23398
3,24447,292,0.0,3155,1046,23401
14,24461,292,0.0,3156,1046,23415
2,24463,292,0.0,3157,1046,23417
7,24470,293,1.0,3158,1046,23424
7,24477,294,1.0,3159,1046,23431
6,24483,294,0.0,3160,1046,23437
6,24489,294,0.0,3161,1046,23443
13,24502,294,0.0,3162,1046,23456
7,24509,294,0.0,3163,1046,23463
2,24511,294,0.0,3164,1046,23465
3,24514,294,0.0,3165,1046,23468
4,24518,294,0.0,3166,1046,23472
11,24529,295,1.0,3167,1046,23483
10,24539,295,0.0,3168,1046,23493
2,24541,295,0.0,3169,1046,23495
4,24545,295,0.0,3170,1046,23499
7,24552,296,1.0,3171,1046,23506
7,24559,297,1.0,3172,1046,23513
10,24569,297,0.0,3173,1046,23523
4,24573,297,0.0,3174,1046,23527
6,24579,297,0.0,3175,1046,23533
6,24585,297,0.0,3176,1046,23539
2,24587,297,0.0,3177,1046,23541
3,24590,297,0.0,3178,1046,23544
15,24605,297,0.0,3179,1046,23559
5,24610,297,0.0,3180,1046,23564
11,24621,298,1.0,3181,1046,23575
4,24625,298,0.0,3182,1046,23579
7,24632,299,1.0,3183,1046,23586
9,24641,299,0.0,3184,1046,23595
7,24648,300,1.0,3185,1046,23602
10,24658,300,0.0,3186,1046,23612
9,24667,300,0.0,3187,1046,23621
11,24678,301,1.0,3188,1046,23632
7,24685,301,0.0,3189,1046,23639
10,24695,301,0.0,3190,1046,23649
10,24705,301,0.0,3191,1046,23659
7,24712,302,1.0,3192,1046,23666
3,24715,302,0.0,3193,1046,23669
7,24722,303,1.0,3194,1046,23676
9,24731,303,0.0,3195,1046,23685
18,24749,303,0.0,3196,1046,23703
9,24758,303,0.0,3197,1046,23712
10,24768,303,0.0,3198,1046,23722
5,24773,303,0.0,3199,1046,23727
6,24779,303,0.0,3200,1046,23733
12,24791,303,0.0,3201,1046,23745
12,24803,303,0.0,3202,1046,23757
4,24807,303,0.0,3203,1046,23761
10,24817,303,0.0,3204,1046,23771
3,24820,303,0.0,3205,1046,23774
7,24827,303,0.0,3206,1046,23781
7,24834,304,1.0,3207,1046,23788
4,24838,304,0.0,3208,1046,23792
2,24840,304,0.0,3209,1046,23794
2,24842,304,0.0,3210,1046,23796
22,24864,304,0.0,3211,1046,23818
9,24873,304,0.0,3212,1046,23827
6,24879,304,0.0,3213,1046,23833
9,24888,304,0.0,3214,1046,23842
12,24900,304,0.0,3215,1046,23854
12,24912,304,0.0,3216,1046,23866
13,24925,304,0.0,3217,1046,23879
7,24932,305,1.0,3218,1046,23886
4,24936,305,0.0,3219,1046,23890
12,24948,305,0.0,3220,1046,23902
8,24956,305,0.0,3221,1046,23910
9,24965,305,0.0,3222,1046,23919
7,24972,306,1.0,3223,1046,23926
7,24979,307,1.0,3224,1046,23933
7,24986,308,1.0,3225,1046,23940
9,24995,308,0.0,3226,1046,23949
27,25022,308,0.0,3227,1046,23976
2,25024,308,0.0,3228,1046,23978
7,25031,308,0.0,3229,1046,23985
5,25036,308,0.0,3230,1046,23990
6,25042,308,0.0,3231,1046,23996
10,25052,308,0.0,3232,1046,24006
6,25058,308,0.0,3233,1046,24012
3,25061,308,0.0,3234,1046,24015
9,25070,308,0.0,3235,1046,24024
7,25077,309,1.0,3236,1046,24031
4,25081,309,0.0,3237,1046,24035
10,25091,309,0.0,3238,1046,24045
7,25098,310,1.0,3239,1046,24052
7,25105,310,0.0,3240,1046,24059
7,25112,311,1.0,3241,1046,24066
7,25119,312,1.0,3242,1046,24073
6,25125,312,0.0,3243,1046,24079
5,25130,312,0.0,3244,1046,24084
3,25133,312,0.0,3245,1046,24087
17,25150,312,0.0,3246,1046,24104
23,25173,312,0.0,3247,1046,24127
7,25180,313,1.0,3248,1046,24134
7,25187,314,1.0,3249,1046,24141
9,25196,314,0.0,3250,1046,24150
5,25201,314,0.0,3251,1046,24155
16,25217,314,0.0,3252,1046,24171
8,25225,314,0.0,3253,1046,24179
9,25234,314,0.0,3254,1046,24188
12,25246,314,0.0,3255,1046,24200
9,25255,314,0.0,3256,1046,24209
6,25261,314,0.0,3257,1046,24215
9,25270,314,0.0,3258,1046,24224
7,25277,314,0.0,3259,1046,24231
3,25280,314,0.0,3260,1046,24234
7,25287,314,0.0,3261,1046,24241
12,25299,314,0.0,3262,1046,24253
6,25305,314,0.0,3263,1046,24259
2,25307,314,0.0,3264,1046,24261
13,25320,314,0.0,3265,1046,24274
2,25322,314,0.0,3266,1046,24276
3,25325,314,0.0,3267,1046,24279
10,25335,314,0.0,3268,1046,24289
6,25341,314,0.0,3269,1046,24295
17,25358,314,0.0,3270,1046,24312
14,25372,314,0.0,3271,1046,24326
8,25380,314,0.0,3272,1046,24334
3,25383,314,0.0,3273,1046,24337
8,25391,314,0.0,3274,1046,24345
9,25400,314,0.0,3275,1046,24354
4,25404,314,0.0,3276,1046,24358
7,25411,315,1.0,3277,1046,24365
7,25418,315,0.0,3278,1046,24372
7,25425,316,1.0,3279,1046,24379
3,25428,316,0.0,3280,1046,24382
2,25430,316,0.0,3281,1046,24384
4,25434,316,0.0,3282,1046,24388
3,25437,316,0.0,3283,1046,24391
2,25439,316,0.0,3284,1046,24393
8,25447,316,0.0,3285,1046,24401
7,25454,316,0.0,3286,1046,24408
7,25461,317,1.0,3287,1046,24415
3,25464,317,0.0,3288,1046,24418
9,25473,317,0.0,3289,1046,24427
6,25479,317,0.0,3290,1046,24433
3,25482,317,0.0,3291,1046,24436
9,25491,317,0.0,3292,1046,24445
7,25498,318,1.0,3293,1046,24452
2,25500,318,0.0,3294,1046,24454
10,25510,318,0.0,3295,1046,24464
23,25533,318,0.0,3296,1046,24487
6,25539,318,0.0,3297,1046,24493
9,25548,318,0.0,3298,1046,24502
5,25553,318,0.0,3299,1046,24507
7,25560,319,1.0,3300,1046,24514
13,25573,319,0.0,3301,1046,24527
2,25575,319,0.0,3302,1046,24529
2,25577,319,0.0,3303,1046,24531
12,25589,319,0.0,3304,1046,24543
4,25593,319,0.0,3305,1046,24547
10,25603,319,0.0,3306,1046,24557
7,25610,320,1.0,3307,1046,24564
6,25616,320,0.0,3308,1046,24570
2,25618,320,0.0,3309,1046,24572
7,25625,321,1.0,3310,1046,24579
4,25629,321,0.0,3311,1046,24583
7,25636,322,1.0,3312,1046,24590
7,25643,323,1.0,3313,1046,24597
8,25651,323,0.0,3314,1046,24605
12,25663,323,0.0,3315,1046,24617
6,25669,323,0.0,3316,1046,24623
5,25674,323,0.0,3317,1046,24628
7,25681,323,0.0,3318,1046,24635
7,25688,324,1.0,3319,1046,24642
10,25698,324,0.0,3320,1046,24652
19,25717,324,0.0,3321,1046,24671
7,25724,325,1.0,3322,1046,24678
7,25731,326,1.0,3323,1046,24685
2,25733,326,0.0,3324,1046,24687
9,25742,326,0.0,3325,1046,24696
7,25749,327,1.0,3326,1046,24703
4,25753,327,0.0,3327,1046,24707
3,25756,327,0.0,3328,1046,24710
4,25760,327,0.0,3329,1046,24714
4,25764,327,0.0,3330,1046,24718
10,25774,327,0.0,3331,1046,24728
3,25777,327,0.0,3332,1046,24731
7,25784,328,1.0,3333,1046,24738
15,25799,328,0.0,3334,1046,24753
5,25804,328,0.0,3335,1046,24758
12,25816,328,0.0,3336,1046,24770
12,25828,328,0.0,3337,1046,24782
5,25833,328,0.0,3338,1046,24787
5,25838,328,0.0,3339,1046,24792
3,25841,328,0.0,3340,1046,24795
6,25847,328,0.0,3341,1046,24801
5,25852,328,0.0,3342,1046,24806
8,25860,328,0.0,3343,1046,24814
2,25862,328,0.0,3344,1046,24816
2,25864,328,0.0,3345,1046,24818
3,25867,328,0.0,3346,1046,24821
10,25877,328,0.0,3347,1046,24831
6,25883,328,0.0,3348,1046,24837
10,25893,328,0.0,3349,1046,24847
20,25913,328,0.0,3350,1046,24867
17,25930,328,0.0,3351,1046,24884
9,25939,328,0.0,3352,1046,24893
8,25947,328,0.0,3353,1046,24901
2,25949,328,0.0,3354,1046,24903
8,25957,328,0.0,3355,1046,24911
5,25962,328,0.0,3356,1046,24916
3,25965,328,0.0,3357,1046,24919
17,25982,328,0.0,3358,1046,24936
6,25988,328,0.0,3359,1046,24942
5,25993,328,0.0,3360,1046,24947
8,26001,328,0.0,3361,1046,24955
7,26008,329,1.0,3362,1046,24962
10,26018,329,0.0,3363,1046,24972
7,26025,330,1.0,3364,1046,24979
7,26032,331,1.0,3365,1046,24986
4,26036,331,0.0,3366,1046,24990
6,26042,331,0.0,3367,1046,24996
17,26059,331,0.0,3368,1046,25013
10,26069,331,0.0,3369,1046,25023
24,26093,331,0.0,3370,1046,25047
11,26104,331,0.0,3371,1046,25058
9,26113,331,0.0,3372,1046,25067
4,26117,331,0.0,3373,1046,25071
9,26126,331,0.0,3374,1046,25080
7,26133,332,1.0,3375,1046,25087
4,26137,332,0.0,3376,1046,25091
6,26143,332,0.0,3377,1046,25097
4,26147,332,0.0,3378,1046,25101
7,26154,333,1.0,3379,1046,25108
10,26164,333,0.0,3380,1046,25118
2,26166,333,0.0,3381,1046,25120
7,26173,334,1.0,3382,1046,25127
4,26177,334,0.0,3383,1046,25131
10,26187,334,0.0,3384,1046,25141
2,26189,334,0.0,3385,1046,25143
8,26197,334,0.0,3386,1046,25151
13,26210,334,0.0,3387,1046,25164
9,26219,334,0.0,3388,1046,25173
17,26236,334,0.0,3389,1046,25190
4,26240,334,0.0,3390,1046,25194
5,26245,334,0.0,3391,1046,25199
7,26252,335,1.0,3392,1046,25206
7,26259,336,1.0,3393,1046,25213
2,26261,336,0.0,3394,1046,25215
6,26267,336,0.0,3395,1046,25221
7,26274,337,1.0,3396,1046,25228
3,26277,337,0.0,3397,1046,25231
7,26284,338,1.0,3398,1046,25238
9,26293,338,0.0,3399,1046,25247
4,26297,338,0.0,3400,1046,25251
9,26306,338,0.0,3401,1046,25260
7,26313,339,1.0,3402,1046,25267
5,26318,339,0.0,3403,1046,25272
6,26324,339,0.0,3404,1046,25278
6,26330,339,0.0,3405,1046,25284
6,26336,339,0.0,3406,1046,25290
5,26341,339,0.0,3407,1046,25295
2,26343,339,0.0,3408,1046,25297
2,26345,339,0.0,3409,1046,25299
16,26361,339,0.0,3410,1046,25315
13,26374,339,0.0,3411,1046,25328
9,26383,339,0.0,3412,1046,25337
7,26390,340,1.0,3413,1046,25344
9,26399,340,0.0,3414,1046,25353
7,26406,341,1.0,3415,1046,25360
16,26422,341,0.0,3416,1046,25376
7,26429,342,1.0,3417,1046,25383
6,26435,342,0.0,3418,1046,25389
6,26441,342,0.0,3419,1046,25395
2,26443,342,0.0,3420,1046,25397
2,26445,342,0.0,3421,1046,25399
7,26452,343,1.0,3422,1046,25406
14,26466,343,0.0,3423,1046,25420
6,26472,343,0.0,3424,1046,25426
7,26479,344,1.0,3425,1046,25433
10,26489,344,0.0,3426,1046,25443
7,26496,345,1.0,3427,1046,25450
4,26500,345,0.0,3428,1046,25454
6,26506,345,0.0,3429,1046,25460
3,26509,345,0.0,3430,1046,25463
10,26519,345,0.0,3431,1046,25473
5,26524,345,0.0,3432,1046,25478
11,26535,346,1.0,3433,1046,25489
7,26542,346,0.0,3434,1046,25496
7,26549,346,0.0,3435,1046,25503
2,26551,346,0.0,3436,1046,25505
2,26553,346,0.0,3437,1046,25507
7,26560,347,1.0,3438,1046,25514
10,26570,347,0.0,3439,1046,25524
7,26577,348,1.0,3440,1046,25531
17,26594,348,0.0,3441,1046,25548
13,26607,348,0.0,3442,1046,25561
11,26618,348,0.0,3443,1046,25572
15,26633,348,0.0,3444,1046,25587
11,26644,349,1.0,3445,1046,25598
16,26660,349,0.0,3446,1046,25614
2,26662,349,0.0,3447,1046,25616
17,26679,349,0.0,3448,1046,25633
7,26686,350,1.0,3449,1046,25640
7,26693,351,1.0,3450,1046,25647
6,26699,351,0.0,3451,1046,25653
6,26705,351,0.0,3452,1046,25659
6,26711,351,0.0,3453,1046,25665
6,26717,351,0.0,3454,1046,25671
28,26745,351,0.0,3455,1046,25699
4,26749,351,0.0,3456,1046,25703
6,26755,351,0.0,3457,1046,25709
3,26758,351,0.0,3458,1046,25712
6,26764,351,0.0,3459,1046,25718
3,26767,351,0.0,3460,1046,25721
16,26783,351,0.0,3461,1046,25737
12,26795,351,0.0,3462,1046,25749
3,26798,351,0.0,3463,1046,25752
7,26805,351,0.0,3464,1046,25759
10,26815,351,0.0,3465,1046,25769
8,26823,351,0.0,3466,1046,25777
2,26825,351,0.0,3467,1046,25779
7,26832,352,1.0,3468,1046,25786
8,26840,352,0.0,3469,1046,25794
8,26848,352,0.0,3470,1046,25802
7,26855,352,0.0,3471,1046,25809
9,26864,352,0.0,3472,1046,25818
7,26871,353,1.0,3473,1046,25825
7,26878,354,1.0,3474,1046,25832
3,26881,354,0.0,3475,1046,25835
15,26896,354,0.0,3476,1046,25850
5,26901,354,0.0,3477,1046,25855
7,26908,355,1.0,3478,1046,25862
12,26920,355,0.0,3479,1046,25874
2,26922,355,0.0,3480,1046,25876
7,26929,356,1.0,3481,1046,25883
5,26934,356,0.0,3482,1046,25888
7,26941,356,0.0,3483,1046,25895
2,26943,356,0.0,3484,1046,25897
2,26945,356,0.0,3485,1046,25899
2,26947,356,0.0,3486,1046,25901
3,26950,356,0.0,3487,1046,25904
20,26970,356,0.0,3488,1046,25924
4,26974,356,0.0,3489,1046,25928
3,26977,356,0.0,3490,1046,25931
4,26981,356,0.0,3491,1046,25935
4,26985,356,0.0,3492,1046,25939
7,26992,357,1.0,3493,1046,25946
7,26999,357,0.0,3494,1046,25953
18,27017,357,0.0,3495,1046,25971
11,27028,357,0.0,3496,1046,25982
3,27031,357,0.0,3497,1046,25985
7,27038,357,0.0,3498,1046,25992
4,27042,357,0.0,3499,1046,25996
13,27055,357,0.0,3500,1046,26009
7,27062,357,0.0,3501,1046,26016
8,27070,357,0.0,3502,1046,26024
26,27096,358,1.0,3503,1046,26050
11,27107,359,1.0,3504,1046,26061
4,27111,359,0.0,3505,1046,26065
11,27122,359,0.0,3506,1046,26076
9,27131,359,0.0,3507,1046,26085
2,27133,359,0.0,3508,1046,26087
7,27140,360,1.0,3509,1046,26094
8,27148,360,0.0,3510,1046,26102
7,27155,360,0.0,3511,1046,26109
9,27164,360,0.0,3512,1046,26118
5,27169,360,0.0,3513,1046,26123
7,27176,361,1.0,3514,1046,26130
11,27187,361,0.0,3515,1046,26141
2,27189,361,0.0,3516,1046,26143
8,27197,361,0.0,3517,1046,26151
10,27207,361,0.0,3518,1046,26161
6,27213,361,0.0,3519,1046,26167
14,27227,361,0.0,3520,1046,26181
6,27233,361,0.0,3521,1046,26187
12,27245,361,0.0,3522,1046,26199
7,27252,362,1.0,3523,1046,26206
5,27257,362,0.0,3524,1046,26211
4,27261,362,0.0,3525,1046,26215
2,27263,362,0.0,3526,1046,26217
3,27266,362,0.0,3527,1046,26220
4,27270,362,0.0,3528,1046,26224
7,27277,363,1.0,3529,1046,26231
13,27290,363,0.0,3530,1046,26244
10,27300,363,0.0,3531,1046,26254
4,27304,363,0.0,3532,1046,26258
2,27306,363,0.0,3533,1046,26260
10,27316,363,0.0,3534,1046,26270
5,27321,363,0.0,3535,1046,26275
7,27328,363,0.0,3536,1046,26282
11,27339,363,0.0,3537,1046,26293
10,27349,363,0.0,3538,1046,26303
7,27356,363,0.0,3539,1046,26310
2,27358,363,0.0,3540,1046,26312
9,27367,363,0.0,3541,1046,26321
27,27394,363,0.0,3542,1046,26348
5,27399,363,0.0,3543,1046,26353
3,27402,363,0.0,3544,1046,26356
10,27412,363,0.0,3545,1046,26366
9,27421,363,0.0,3546,1046,26375
23,27444,363,0.0,3547,1046,26398
4,27448,363,0.0,3548,1046,26402
7,27455,364,1.0,3549,1046,26409
13,27468,364,0.0,3550,1046,26422
10,27478,364,0.0,3551,1046,26432
4,27482,364,0.0,3552,1046,26436
6,27488,364,0.0,3553,1046,26442
7,27495,364,0.0,3554,1046,26449
9,27504,364,0.0,3555,1046,26458
6,27510,364,0.0,3556,1046,26464
7,27517,365,1.0,3557,1046,26471
7,27524,366,1.0,3558,1046,26478
2,27526,366,0.0,3559,1046,26480
14,27540,366,0.0,3560,1046,26494
2,27542,366,0.0,3561,1046,26496
2,27544,366,0.0,3562,1046,26498
11,27555,366,0.0,3563,1046,26509
6,27561,366,0.0,3564,1046,26515
7,27568,366,0.0,3565,1046,26522
22,27590,367,1.0,3566,1046,26544
2,27592,367,0.0,3567,1046,26546
7,27599,367,0.0,3568,1046,26553
7,27606,367,0.0,3569,1046,26560
7,27613,368,1.0,3570,1046,26567
10,27623,368,0.0,3571,1046,26577
7,27630,369,1.0,3572,1046,26584
10,27640,369,0.0,3573,1046,26594
7,27647,370,1.0,3574,1046,26601
8,27655,370,0.0,3575,1046,26609
7,27662,371,1.0,3576,1046,26616
7,27669,372,1.0,3577,1046,26623
6,27675,372,0.0,3578,1046,26629
23,27698,372,0.0,3579,1046,26652
6,27704,372,0.0,3580,1046,26658
2,27706,372,0.0,3581,1046,26660
2,27708,372,0.0,3582,1046,26662
3,27711,372,0.0,3583,1046,26665
9,27720,372,0.0,3584,1046,26674
7,27727,372,0.0,3585,1046,26681
16,27743,372,0.0,3586,1046,26697
12,27755,372,0.0,3587,1046,26709
10,27765,372,0.0,3588,1046,26719
14,27779,372,0.0,3589,1046,26733
6,27785,372,0.0,3590,1046,26739
5,27790,372,0.0,3591,1046,26744
10,27800,372,0.0,3592,1046,26754
16,27816,372,0.0,3593,1046,26770
7,27823,372,0.0,3594,1046,26777
2,27825,372,0.0,3595,1046,26779
7,27832,373,1.0,3596,1046,26786
5,27837,373,0.0,3597,1046,26791
4,27841,373,0.0,3598,1046,26795
16,27857,373,0.0,3599,1046,26811
14,27871,373,0.0,3600,1046,26825
7,27878,373,0.0,3601,1046,26832
8,27886,373,0.0,3602,1046,26840
7,27893,374,1.0,3603,1046,26847
7,27900,374,0.0,3604,1046,26854
12,27912,374,0.0,3605,1046,26866
8,27920,374,0.0,3606,1046,26874
11,27931,374,0.0,3607,1046,26885
3,27934,374,0.0,3608,1046,26888
2,27936,374,0.0,3609,1046,26890
7,27943,375,1.0,3610,1046,26897
11,27954,375,0.0,3611,1046,26908
3,27957,375,0.0,3612,1046,26911
3,27960,375,0.0,3613,1046,26914
4,27964,375,0.0,3614,1046,26918
7,27971,376,1.0,3615,1046,26925
8,27979,376,0.0,3616,1046,26933
4,27983,376,0.0,3617,1046,26937
12,27995,376,0.0,3618,1046,26949
3,27998,376,0.0,3619,1046,26952
2,28000,376,0.0,3620,1046,26954
6,28006,376,0.0,3621,1046,26960
9,28015,376,0.0,3622,1046,26969
7,28022,377,1.0,3623,1046,26976
6,28028,377,0.0,3624,1046,26982
12,28040,377,0.0,3625,1046,26994
9,28049,377,0.0,3626,1046,27003
3,28052,377,0.0,3627,1046,27006
9,28061,377,0.0,3628,1046,27015
4,28065,377,0.0,3629,1046,27019
7,28072,377,0.0,3630,1046,27026
7,28079,377,0.0,3631,1046,27033
4,28083,377,0.0,3632,1046,27037
13,28096,377,0.0,3633,1046,27050
9,28105,377,0.0,3634,1046,27059
7,28112,377,0.0,3635,1046,27066
11,28123,378,1.0,3636,1046,27077
4,28127,378,0.0,3637,1046,27081
3,28130,378,0.0,3638,1046,27084
12,28142,378,0.0,3639,1046,27096
2,28144,378,0.0,3640,1046,27098
4,28148,378,0.0,3641,1046,27102
11,28159,379,1.0,3642,1046,27113
8,28167,379,0.0,3643,1046,27121
4,28171,379,0.0,3644,1046,27125
7,28178,380,1.0,3645,1046,27132
2,28180,380,0.0,3646,1046,27134
6,28186,380,0.0,3647,1046,27140
5,28191,380,0.0,3648,1046,27145
10,28201,380,0.0,3649,1046,27155
7,28208,381,1.0,3650,1046,27162
7,28215,382,1.0,3651,1046,27169
10,28225,382,0.0,3652,1046,27179
11,28236,382,0.0,3653,1046,27190
5,28241,382,0.0,3654,1046,27195
2,28243,382,0.0,3655,1046,27197
3,28246,382,0.0,3656,1046,27200
7,28253,383,1.0,3657,1046,27207
4,28257,383,0.0,3658,1046,27211
4,28261,383,0.0,3659,1046,27215
10,28271,383,0.0,3660,1046,27225
3,28274,383,0.0,3661,1046,27228
10,28284,383,0.0,3662,1046,27238
11,28295,383,0.0,3663,1046,27249
10,28305,383,0.0,3664,1046,27259
7,28312,384,1.0,3665,1046,27266
4,28316,384,0.0,3666,1046,27270
7,28323,384,0.0,3667,1046,27277
7,28330,385,1.0,3668,1046,27284
6,28336,385,0.0,3669,1046,27290
8,28344,385,0.0,3670,1046,27298
10,28354,385,0.0,3671,1046,27308
7,28361,386,1.0,3672,1046,27315
2,28363,386,0.0,3673,1046,27317
10,28373,386,0.0,3674,1046,27327
5,28378,386,0.0,3675,1046,27332
9,28387,386,0.0,3676,1046,27341
30,28417,386,0.0,3677,1046,27371
6,28423,386,0.0,3678,1046,27377
9,28432,386,0.0,3679,1046,27386
3,28435,386,0.0,3680,1046,27389
2,28437,386,0.0,3681,1046,27391
9,28446,386,0.0,3682,1046,27400
10,28456,386,0.0,3683,1046,27410
7,28463,387,1.0,3684,1046,27417
18,28481,387,0.0,3685,1046,27435
6,28487,387,0.0,3686,1046,27441
2,28489,387,0.0,3687,1046,27443
2,28491,387,0.0,3688,1046,27445
11,28502,388,1.0,3689,1046,27456
3,28505,388,0.0,3690,1046,27459
2,28507,388,0.0,3691,1046,27461
7,28514,389,1.0,3692,1046,27468
15,28529,389,0.0,3693,1046,27483
2,28531,389,0.0,3694,1046,27485
19,28550,389,0.0,3695,1046,27504
2,28552,389,0.0,3696,1046,27506
2,28554,389,0.0,3697,1046,27508
15,28569,389,0.0,3698,1046,27523
7,28576,389,0.0,3699,1046,27530
12,28588,389,0.0,3700,1046,27542
2,28590,389,0.0,3701,1046,27544
2,28592,389,0.0,3702,1046,27546
3,28595,389,0.0,3703,1046,27549
15,28610,390,1.0,3704,1046,27564
7,28617,391,1.0,3705,1046,27571
13,28630,391,0.0,3706,1046,27584
8,28638,391,0.0,3707,1046,27592
5,28643,391,0.0,3708,1046,27597
6,28649,391,0.0,3709,1046,27603
8,28657,391,0.0,3710,1046,27611
11,28668,391,0.0,3711,1046,27622
2,28670,391,0.0,3712,1046,27624
10,28680,391,0.0,3713,1046,27634
15,28695,391,0.0,3714,1046,27649
7,28702,392,1.0,3715,1046,27656
9,28711,392,0.0,3716,1046,27665
9,28720,392,0.0,3717,1046,27674
7,28727,392,0.0,3718,1046,27681
5,28732,392,0.0,3719,1046,27686
4,28736,392,0.0,3720,1046,27690
3,28739,392,0.0,3721,1046,27693
14,28753,392,0.0,3722,1046,27707
4,28757,392,0.0,3723,1046,27711
10,28767,392,0.0,3724,1046,27721
8,28775,392,0.0,3725,1046,27729
7,28782,393,1.0,3726,1046,27736
7,28789,394,1.0,3727,1046,27743
10,28799,394,0.0,3728,1046,27753
2,28801,394,0.0,3729,1046,27755
7,28808,395,1.0,3730,1046,27762
4,28812,395,0.0,3731,1046,27766
7,28819,396,1.0,3732,1046,27773
2,28821,396,0.0,3733,1046,27775
7,28828,397,1.0,3734,1046,27782
2,28830,397,0.0,3735,1046,27784
4,28834,397,0.0,3736,1046,27788
9,28843,397,0.0,3737,1046,27797
7,28850,398,1.0,3738,1046,27804
11,28861,398,0.0,3739,1046,27815
2,28863,398,0.0,3740,1046,27817
12,28875,398,0.0,3741,1046,27829
6,28881,398,0.0,3742,1046,27835
2,28883,398,0.0,3743,1046,27837
2,28885,398,0.0,3744,1046,27839
3,28888,398,0.0,3745,1046,27842
8,28896,398,0.0,3746,1046,27850
4,28900,398,0.0,3747,1046,27854
4,28904,398,0.0,3748,1046,27858
4,28908,398,0.0,3749,1046,27862
7,28915,399,1.0,3750,1046,27869
12,28927,399,0.0,3751,1046,27881
4,28931,399,0.0,3752,1046,27885
2,28933,399,0.0,3753,1046,27887
6,28939,399,0.0,3754,1046,27893
6,28945,399,0.0,3755,1046,27899
2,28947,399,0.0,3756,1046,27901
8,28955,399,0.0,3757,1046,27909
4,28959,399,0.0,3758,1046,27913
5,28964,399,0.0,3759,1046,27918
7,28971,400,1.0,3760,1046,27925
6,28977,400,0.0,3761,1046,27931
2,28979,400,0.0,3762,1046,27933
10,28989,400,0.0,3763,1046,27943
7,28996,401,1.0,3764,1046,27950
7,29003,402,1.0,3765,1046,27957
4,29007,402,0.0,3766,1046,27961
4,29011,402,0.0,3767,1046,27965
5,29016,402,0.0,3768,1046,27970
4,29020,402,0.0,3769,1046,27974
4,29024,402,0.0,3770,1046,27978
13,29037,402,0.0,3771,1046,27991
9,29046,402,0.0,3772,1046,28000
10,29056,402,0.0,3773,1046,28010
10,29066,402,0.0,3774,1046,28020
13,29079,402,0.0,3775,1046,28033
19,29098,402,0.0,3776,1046,28052
4,29102,402,0.0,3777,1046,28056
8,29110,402,0.0,3778,1046,28064
9,29119,402,0.0,3779,1046,28073
7,29126,403,1.0,3780,1046,28080
7,29133,404,1.0,3781,1046,28087
4,29137,404,0.0,3782,1046,28091
13,29150,404,0.0,3783,1046,28104
4,29154,404,0.0,3784,1046,28108
19,29173,404,0.0,3785,1046,28127
7,29180,405,1.0,3786,1046,28134
7,29187,406,1.0,3787,1046,28141
8,29195,406,0.0,3788,1046,28149
8,29203,406,0.0,3789,1046,28157
2,29205,406,0.0,3790,1046,28159
4,29209,406,0.0,3791,1046,28163
7,29216,407,1.0,3792,1046,28170
11,29227,407,0.0,3793,1046,28181
3,29230,407,0.0,3794,1046,28184
8,29238,407,0.0,3795,1046,28192
4,29242,407,0.0,3796,1046,28196
6,29248,407,0.0,3797,1046,28202
3,29251,407,0.0,3798,1046,28205
6,29257,407,0.0,3799,1046,28211
7,29264,408,1.0,3800,1046,28218
6,29270,408,0.0,3801,1046,28224
2,29272,408,0.0,3802,1046,28226
11,29283,409,1.0,3803,1046,28237
9,29292,409,0.0,3804,1046,28246
5,29297,409,0.0,3805,1046,28251
5,29302,409,0.0,3806,1046,28256
6,29308,409,0.0,3807,1046,28262
4,29312,409,0.0,3808,1046,28266
3,29315,409,0.0,3809,1046,28269
7,29322,409,0.0,3810,1046,28276
3,29325,409,0.0,3811,1046,28279
7,29332,410,1.0,3812,1046,28286
2,29334,410,0.0,3813,1046,28288
23,29357,410,0.0,3814,1046,28311
12,29369,410,0.0,3815,1046,28323
2,29371,410,0.0,3816,1046,28325
11,29382,411,1.0,3817,1046,28336
6,29388,411,0.0,3818,1046,28342
7,29395,412,1.0,3819,1046,28349
5,29400,412,0.0,3820,1046,28354
24,29424,412,0.0,3821,1046,28378
2,29426,412,0.0,3822,1046,28380
4,29430,412,0.0,3823,1046,28384
10,29440,412,0.0,3824,1046,28394
3,29443,412,0.0,3825,1046,28397
7,29450,412,0.0,3826,1046,28404
4,29454,412,0.0,3827,1046,28408
6,29460,412,0.0,3828,1046,28414
4,29464,412,0.0,3829,1046,28418
8,29472,412,0.0,3830,1046,28426
5,29477,412,0.0,3831,1046,28431
4,29481,412,0.0,3832,1046,28435
10,29491,412,0.0,3833,1046,28445
8,29499,412,0.0,3834,1046,28453
7,29506,413,1.0,3835,1046,28460
7,29513,413,0.0,3836,1046,28467
10,29523,413,0.0,3837,1046,28477
3,29526,413,0.0,3838,1046,28480
7,29533,414,1.0,3839,1046,28487
3,29536,414,0.0,3840,1046,28490
9,29545,414,0.0,3841,1046,28499
7,29552,415,1.0,3842,1046,28506
8,29560,415,0.0,3843,1046,28514
12,29572,415,0.0,3844,1046,28526
7,29579,415,0.0,3845,1046,28533
9,29588,415,0.0,3846,1046,28542
5,29593,415,0.0,3847,1046,28547
10,29603,415,0.0,3848,1046,28557
12,29615,415,0.0,3849,1046,28569
6,29621,415,0.0,3850,1046,28575
15,29636,416,1.0,3851,1046,28590
2,29638,416,0.0,3852,1046,28592
7,29645,417,1.0,3853,1046,28599
3,29648,417,0.0,3854,1046,28602
2,29650,417,0.0,3855,1046,28604
2,29652,417,0.0,3856,1046,28606
10,29662,417,0.0,3857,1046,28616
5,29667,417,0.0,3858,1046,28621
7,29674,417,0.0,3859,1046,28628
4,29678,417,0.0,3860,1046,28632
8,29686,417,0.0,3861,1046,28640
7,29693,418,1.0,3862,1046,28647
5,29698,418,0.0,3863,1046,28652
9,29707,418,0.0,3864,1046,28661
10,29717,418,0.0,3865,1046,28671
4,29721,418,0.0,3866,1046,28675
7,29728,419,1.0,3867,1046,28682
7,29735,419,0.0,3868,1046,28689
7,29742,420,1.0,3869,1046,28696
3,29745,420,0.0,3870,1046,28699
8,29753,420,0.0,3871,1046,28707
4,29757,420,0.0,3872,1046,28711
2,29759,420,0.0,3873,1046,28713
3,29762,420,0.0,3874,1046,28716
6,29768,420,0.0,3875,1046,28722
6,29774,420,0.0,3876,1046,28728
5,29779,420,0.0,3877,1046,28733
12,29791,420,0.0,3878,1046,28745
3,29794,420,0.0,3879,1046,28748
6,29800,420,0.0,3880,1046,28754
11,29811,420,0.0,3881,1046,28765
4,29815,420,0.0,3882,1046,28769
19,29834,420,0.0,3883,1046,28788
7,29841,421,1.0,3884,1046,28795
16,29857,421,0.0,3885,1046,28811
2,29859,421,0.0,3886,1046,28813
6,29865,421,0.0,3887,1046,28819
8,29873,421,0.0,3888,1046,28827
13,29886,421,0.0,3889,1046,28840
2,29888,421,0.0,3890,1046,28842
14,29902,421,0.0,3891,1046,28856
6,29908,421,0.0,3892,1046,28862
7,29915,422,1.0,3893,1046,28869
6,29921,422,0.0,3894,1046,28875
13,29934,422,0.0,3895,1046,28888
6,29940,422,0.0,3896,1046,28894
4,29944,422,0.0,3897,1046,28898
10,29954,422,0.0,3898,1046,28908
6,29960,422,0.0,3899,1046,28914
2,29962,422,0.0,3900,1046,28916
3,29965,422,0.0,3901,1046,28919
6,29971,422,0.0,3902,1046,28925
8,29979,422,0.0,3903,1046,28933
7,29986,423,1.0,3904,1046,28940
5,29991,423,0.0,3905,1046,28945
5,29996,423,0.0,3906,1046,28950
14,30010,423,0.0,3907,1046,28964
7,30017,424,1.0,3908,1046,28971
6,30023,424,0.0,3909,1046,28977
2,30025,424,0.0,3910,1046,28979
5,30030,424,0.0,3911,1046,28984
6,30036,424,0.0,3912,1046,28990
3,30039,424,0.0,3913,1046,28993
11,30050,424,0.0,3914,1046,29004
2,30052,424,0.0,3915,1046,29006
2,30054,424,0.0,3916,1046,29008
9,30063,424,0.0,3917,1046,29017
16,30079,424,0.0,3918,1046,29033
4,30083,424,0.0,3919,1046,29037
5,30088,424,0.0,3920,1046,29042
7,30095,424,0.0,3921,1046,29049
3,30098,424,0.0,3922,1046,29052
6,30104,424,0.0,3923,1046,29058
10,30114,424,0.0,3924,1046,29068
7,30121,425,1.0,3925,1046,29075
2,30123,425,0.0,3926,1046,29077
5,30128,425,0.0,3927,1046,29082
8,30136,425,0.0,3928,1046,29090
6,30142,425,0.0,3929,1046,29096
3,30145,425,0.0,3930,1046,29099
2,30147,425,0.0,3931,1046,29101
6,30153,425,0.0,3932,1046,29107
3,30156,425,0.0,3933,1046,29110
2,30158,425,0.0,3934,1046,29112
5,30163,425,0.0,3935,1046,29117
16,30179,425,0.0,3936,1046,29133
3,30182,425,0.0,3937,1046,29136
3,30185,425,0.0,3938,1046,29139
3,30188,425,0.0,3939,1046,29142
10,30198,425,0.0,3940,1046,29152
9,30207,425,0.0,3941,1046,29161
4,30211,425,0.0,3942,1046,29165
2,30213,425,0.0,3943,1046,29167
14,30227,425,0.0,3944,1046,29181
2,30229,425,0.0,3945,1046,29183
2,30231,425,0.0,3946,1046,29185
7,30238,426,1.0,3947,1046,29192
6,30244,426,0.0,3948,1046,29198
4,30248,426,0.0,3949,1046,29202
10,30258,426,0.0,3950,1046,29212
3,30261,426,0.0,3951,1046,29215
7,30268,427,1.0,3952,1046,29222
2,30270,427,0.0,3953,1046,29224
4,30274,427,0.0,3954,1046,29228
10,30284,427,0.0,3955,1046,29238
5,30289,427,0.0,3956,1046,29243
13,30302,427,0.0,3957,1046,29256
7,30309,428,1.0,3958,1046,29263
8,30317,428,0.0,3959,1046,29271
12,30329,428,0.0,3960,1046,29283
2,30331,428,0.0,3961,1046,29285
5,30336,428,0.0,3962,1046,29290
3,30339,428,0.0,3963,1046,29293
3,30342,428,0.0,3964,1046,29296
10,30352,428,0.0,3965,1046,29306
9,30361,428,0.0,3966,1046,29315
9,30370,428,0.0,3967,1046,29324
30,30400,428,0.0,3968,1046,29354
4,30404,428,0.0,3969,1046,29358
4,30408,428,0.0,3970,1046,29362
9,30417,428,0.0,3971,1046,29371
2,30419,428,0.0,3972,1046,29373
7,30426,429,1.0,3973,1046,29380
3,30429,429,0.0,3974,1046,29383
5,30434,429,0.0,3975,1046,29388
9,30443,429,0.0,3976,1046,29397
13,30456,429,0.0,3977,1046,29410
2,30458,429,0.0,3978,1046,29412
3,30461,429,0.0,3979,1046,29415
9,30470,429,0.0,3980,1046,29424
7,30477,429,0.0,3981,1046,29431
6,30483,429,0.0,3982,1046,29437
8,30491,429,0.0,3983,1046,29445
2,30493,429,0.0,3984,1046,29447
6,30499,429,0.0,3985,1046,29453
7,30506,429,0.0,3986,1046,29460
9,30515,429,0.0,3987,1046,29469
6,30521,429,0.0,3988,1046,29475
12,30533,429,0.0,3989,1046,29487
4,30537,429,0.0,3990,1046,29491
9,30546,429,0.0,3991,1046,29500
2,30548,429,0.0,3992,1046,29502
2,30550,429,0.0,3993,1046,29504
4,30554,429,0.0,3994,1046,29508
17,30571,429,0.0,3995,1046,29525
20,30591,429,0.0,3996,1046,29545
3,30594,429,0.0,3997,1046,29548
3,30597,429,0.0,3998,1046,29551
5,30602,429,0.0,3999,1046,29556
7,30609,430,1.0,4000,1046,29563
7,30616,430,0.0,4001,1046,29570
6,30622,430,0.0,4002,1046,29576
7,30629,431,1.0,4003,1046,29583
7,30636,432,1.0,4004,1046,29590
2,30638,432,0.0,4005,1046,29592
7,30645,432,0.0,4006,1046,29599
7,30652,433,1.0,4007,1046,29606
2,30654,433,0.0,4008,1046,29608
6,30660,433,0.0,4009,1046,29614
12,30672,433,0.0,4010,1046,29626
8,30680,433,0.0,4011,1046,29634
10,30690,433,0.0,4012,1046,29644
7,30697,434,1.0,4013,1046,29651
7,30704,435,1.0,4014,1046,29658
6,30710,435,0.0,4015,1046,29664
10,30720,435,0.0,4016,1046,29674
7,30727,436,1.0,4017,1046,29681
14,30741,436,0.0,4018,1046,29695
10,30751,436,0.0,4019,1046,29705
3,30754,436,0.0,4020,1046,29708
5,30759,436,0.0,4021,1046,29713
9,30768,436,0.0,4022,1046,29722
6,30774,436,0.0,4023,1046,29728
2,30776,436,0.0,4024,1046,29730
6,30782,436,0.0,4025,1046,29736
7,30789,437,1.0,4026,1046,29743
12,30801,437,0.0,4027,1046,29755
2,30803,437,0.0,4028,1046,29757
13,30816,437,0.0,4029,1046,29770
7,30823,438,1.0,4030,1046,29777
9,30832,438,0.0,4031,1046,29786
8,30840,438,0.0,4032,1046,29794
12,30852,438,0.0,4033,1046,29806
5,30857,438,0.0,4034,1046,29811
3,30860,438,0.0,4035,1046,29814
3,30863,438,0.0,4036,1046,29817
10,30873,438,0.0,4037,1046,29827
7,30880,439,1.0,4038,1046,29834
9,30889,439,0.0,4039,1046,29843
7,30896,440,1.0,4040,1046,29850
6,30902,440,0.0,4041,1046,29856
8,30910,440,0.0,4042,1046,29864
4,30914,440,0.0,4043,1046,29868
7,30921,441,1.0,4044,1046,29875
10,30931,441,0.0,4045,1046,29885
3,30934,441,0.0,4046,1046,29888
3,30937,441,0.0,4047,1046,29891
5,30942,441,0.0,4048,1046,29896
15,30957,441,0.0,4049,1046,29911
4,30961,441,0.0,4050,1046,29915
3,30964,441,0.0,4051,1046,29918
7,30971,442,1.0,4052,1046,29925
8,30979,442,0.0,4053,1046,29933
16,30995,442,0.0,4054,1046,29949
7,31002,443,1.0,4055,1046,29956
7,31009,444,1.0,4056,1046,29963
7,31016,444,0.0,4057,1046,29970
4,31020,444,0.0,4058,1046,29974
7,31027,445,1.0,4059,1046,29981
3,31030,445,0.0,4060,1046,29984
11,31041,445,0.0,4061,1046,29995
14,31055,445,0.0,4062,1046,30009
11,31066,445,0.0,4063,1046,30020
9,31075,445,0.0,4064,1046,30029
12,31087,445,0.0,4065,1046,30041
3,31090,445,0.0,4066,1046,30044
13,31103,445,0.0,4067,1046,30057
8,31111,445,0.0,4068,1046,30065
4,31115,445,0.0,4069,1046,30069
4,31119,445,0.0,4070,1046,30073
3,31122,445,0.0,4071,1046,30076
7,31129,446,1.0,4072,1046,30083
7,31136,447,1.0,4073,1046,30090
9,31145,447,0.0,4074,1046,30099
12,31157,447,0.0,4075,1046,30111
10,31167,447,0.0,4076,1046,30121
9,31176,447,0.0,4077,1046,30130
18,31194,447,0.0,4078,1046,30148
6,31200,447,0.0,4079,1046,30154
4,31204,447,0.0,4080,1046,30158
4,31208,447,0.0,4081,1046,30162
2,31210,447,0.0,4082,1046,30164
8,31218,447,0.0,4083,1046,30172
23,31241,447,0.0,4084,1046,30195
16,31257,447,0.0,4085,1046,30211
6,31263,447,0.0,4086,1046,30217
4,31267,447,0.0,4087,1046,30221
10,31277,447,0.0,4088,1046,30231
3,31280,447,0.0,4089,1046,30234
12,31292,447,0.0,4090,1046,30246
2,31294,447,0.0,4091,1046,30248
4,31298,447,0.0,4092,1046,30252
5,31303,447,0.0,4093,1046,30257
5,31308,447,0.0,4094,1046,30262
5,31313,447,0.0,4095,1046,30267
17,31330,447,0.0,4096,1046,30284
5,31335,447,0.0,4097,1046,30289
3,31338,447,0.0,4098,1046,30292
7,31345,448,1.0,4099,1046,30299
9,31354,448,0.0,4100,1046,30308
2,31356,448,0.0,4101,1046,30310
9,31365,448,0.0,4102,1046,30319
4,31369,448,0.0,4103,1046,30323
9,31378,448,0.0,4104,1046,30332
2,31380,448,0.0,4105,1046,30334
4,31384,448,0.0,4106,1046,30338
3,31387,448,0.0,4107,1046,30341
7,31394,449,1.0,4108,1046,30348
10,31404,449,0.0,4109,1046,30358
3,31407,449,0.0,4110,1046,30361
10,31417,449,0.0,4111,1046,30371
9,31426,449,0.0,4112,1046,30380
10,31436,449,0.0,4113,1046,30390
5,31441,449,0.0,4114,1046,30395
16,31457,449,0.0,4115,1046,30411
13,31470,449,0.0,4116,1046,30424
10,31480,449,0.0,4117,1046,30434
10,31490,449,0.0,4118,1046,30444
4,31494,449,0.0,4119,1046,30448
7,31501,450,1.0,4120,1046,30455
2,31503,450,0.0,4121,1046,30457
9,31512,450,0.0,4122,1046,30466
2,31514,450,0.0,4123,1046,30468
12,31526,450,0.0,4124,1046,30480
7,31533,451,1.0,4125,1046,30487
9,31542,451,0.0,4126,1046,30496
7,31549,452,1.0,4127,1046,30503
20,31569,452,0.0,4128,1046,30523
15,31584,453,1.0,4129,1046,30538
11,31595,454,1.0,4130,1046,30549
9,31604,454,0.0,4131,1046,30558
2,31606,454,0.0,4132,1046,30560
7,31613,455,1.0,4133,1046,30567
4,31617,455,0.0,4134,1046,30571
12,31629,455,0.0,4135,1046,30583
6,31635,455,0.0,4136,1046,30589
2,31637,455,0.0,4137,1046,30591
9,31646,455,0.0,4138,1046,30600
4,31650,455,0.0,4139,1046,30604
2,31652,455,0.0,4140,1046,30606
5,31657,455,0.0,4141,1046,30611
10,31667,455,0.0,4142,1046,30621
10,31677,455,0.0,4143,1046,30631
31,31708,455,0.0,4144,1046,30662
4,31712,455,0.0,4145,1046,30666
7,31719,456,1.0,4146,1046,30673
9,31728,456,0.0,4147,1046,30682
2,31730,456,0.0,4148,1046,30684
13,31743,456,0.0,4149,1046,30697
6,31749,456,0.0,4150,1046,30703
17,31766,456,0.0,4151,1046,30720
10,31776,456,0.0,4152,1046,30730
4,31780,456,0.0,4153,1046,30734
8,31788,456,0.0,4154,1046,30742
2,31790,456,0.0,4155,1046,30744
2,31792,456,0.0,4156,1046,30746
7,31799,457,1.0,4157,1046,30753
12,31811,457,0.0,4158,1046,30765
9,31820,457,0.0,4159,1046,30774
4,31824,457,0.0,4160,1046,30778
10,31834,457,0.0,4161,1046,30788
4,31838,457,0.0,4162,1046,30792
9,31847,457,0.0,4163,1046,30801
2,31849,457,0.0,4164,1046,30803
14,31863,457,0.0,4165,1046,30817
7,31870,457,0.0,4166,1046,30824
7,31877,457,0.0,4167,1046,30831
7,31884,458,1.0,4168,1046,30838
4,31888,458,0.0,4169,1046,30842
6,31894,458,0.0,4170,1046,30848
13,31907,458,0.0,4171,1046,30861
6,31913,458,0.0,4172,1046,30867
7,31920,459,1.0,4173,1046,30874
11,31931,459,0.0,4174,1046,30885
16,31947,459,0.0,4175,1046,30901
6,31953,459,0.0,4176,1046,30907
4,31957,459,0.0,4177,1046,30911
9,31966,459,0.0,4178,1046,30920
12,31978,459,0.0,4179,1046,30932
6,31984,459,0.0,4180,1046,30938
2,31986,459,0.0,4181,1046,30940
13,31999,459,0.0,4182,1046,30953
7,32006,460,1.0,4183,1046,30960
7,32013,461,1.0,4184,1046,30967
7,32020,462,1.0,4185,1046,30974
6,32026,462,0.0,4186,1046,30980
23,32049,462,0.0,4187,1046,31003
7,32056,463,1.0,4188,1046,31010
5,32061,463,0.0,4189,1046,31015
13,32074,463,0.0,4190,1046,31028
2,32076,463,0.0,4191,1046,31030
4,32080,463,0.0,4192,1046,31034
11,32091,464,1.0,4193,1046,31045
13,32104,464,0.0,4194,1046,31058
4,32108,464,0.0,4195,1046,31062
3,32111,464,0.0,4196,1046,31065
4,32115,464,0.0,4197,1046,31069
10,32125,464,0.0,4198,1046,31079
4,32129,464,0.0,4199,1046,31083
12,32141,464,0.0,4200,1046,31095
8,32149,464,0.0,4201,1046,31103
3,32152,464,0.0,4202,1046,31106
2,32154,464,0.0,4203,1046,31108
7,32161,465,1.0,4204,1046,31115
13,32174,465,0.0,4205,1046,31128
12,32186,465,0.0,4206,1046,31140
7,32193,466,1.0,4207,1046,31147
7,32200,467,1.0,4208,1046,31154
4,32204,467,0.0,4209,1046,31158
24,32228,467,0.0,4210,1046,31182
10,32238,467,0.0,4211,1046,31192
10,32248,467,0.0,4212,1046,31202
10,32258,467,0.0,4213,1046,31212
4,32262,467,0.0,4214,1046,31216
4,32266,467,0.0,4215,1046,31220
4,32270,467,0.0,4216,1046,31224
11,32281,468,1.0,4217,1046,31235
6,32287,468,0.0,4218,1046,31241
7,32294,469,1.0,4219,1046,31248
6,32300,469,0.0,4220,1046,31254
7,32307,470,1.0,4221,1046,31261
5,32312,470,0.0,4222,1046,31266
5,32317,470,0.0,4223,1046,31271
9,32326,470,0.0,4224,1046,31280
2,32328,470,0.0,4225,1046,31282
8,32336,470,0.0,4226,1046,31290
10,32346,470,0.0,4227,1046,31300
2,32348,470,0.0,4228,1046,31302
5,32353,470,0.0,4229,1046,31307
6,32359,470,0.0,4230,1046,31313
4,32363,470,0.0,4231,1046,31317
27,32390,470,0.0,4232,1046,31344
7,32397,471,1.0,4233,1046,31351
20,32417,471,0.0,4234,1046,31371
3,32420,471,0.0,4235,1046,31374
9,32429,471,0.0,4236,1046,31383
7,32436,472,1.0,4237,1046,31390
7,32443,473,1.0,4238,1046,31397
3,32446,473,0.0,4239,1046,31400
7,32453,474,1.0,4240,1046,31407
10,32463,474,0.0,4241,1046,31417
3,32466,474,0.0,4242,1046,31420
3,32469,474,0.0,4243,1046,31423
11,32480,475,1.0,4244,1046,31434
7,32487,475,0.0,4245,1046,31441
7,32494,476,1.0,4246,1046,31448
6,32500,476,0.0,4247,1046,31454
8,32508,476,0.0,4248,1046,31462
2,32510,476,0.0,4249,1046,31464
10,32520,476,0.0,4250,1046,31474
13,32533,476,0.0,4251,1046,31487
5,32538,476,0.0,4252,1046,31492
8,32546,476,0.0,4253,1046,31500
6,32552,476,0.0,4254,1046,31506
12,32564,476,0.0,4255,1046,31518
12,32576,476,0.0,4256,1046,31530
10,32586,476,0.0,4257,1046,31540
8,32594,476,0.0,4258,1046,31548
2,32596,476,0.0,4259,1046,31550
4,32600,476,0.0,4260,1046,31554
7,32607,477,1.0,4261,1046,31561
14,32621,477,0.0,4262,1046,31575
6,32627,477,0.0,4263,1046,31581
5,32632,477,0.0,4264,1046,31586
6,32638,477,0.0,4265,1046,31592
6,32644,477,0.0,4266,1046,31598
8,32652,477,0.0,4267,1046,31606
12,32664,477,0.0,4268,1046,31618
9,32673,477,0.0,4269,1046,31627
9,32682,477,0.0,4270,1046,31636
2,32684,477,0.0,4271,1046,31638
12,32696,477,0.0,4272,1046,31650
13,32709,477,0.0,4273,1046,31663
12,32721,477,0.0,4274,1046,31675
7,32728,478,1.0,4275,1046,31682
2,32730,478,0.0,4276,1046,31684
11,32741,478,0.0,4277,1046,31695
5,32746,478,0.0,4278,1046,31700
17,32763,478,0.0,4279,1046,31717
7,32770,479,1.0,4280,1046,31724
5,32775,479,0.0,4281,1046,31729
7,32782,480,1.0,4282,1046,31736
2,32784,480,0.0,4283,1046,31738
17,32801,480,0.0,4284,1046,31755
4,32805,480,0.0,4285,1046,31759
3,32808,480,0.0,4286,1046,31762
3,32811,480,0.0,4287,1046,31765
15,32826,480,0.0,4288,1046,31780
4,32830,480,0.0,4289,1046,31784
6,32836,480,0.0,4290,1046,31790
11,32847,481,1.0,4291,1046,31801
7,32854,482,1.0,4292,1046,31808
3,32857,482,0.0,4293,1046,31811
6,32863,482,0.0,4294,1046,31817
2,32865,482,0.0,4295,1046,31819
6,32871,482,0.0,4296,1046,31825
2,32873,482,0.0,4297,1046,31827
5,32878,482,0.0,4298,1046,31832
3,32881,482,0.0,4299,1046,31835
12,32893,482,0.0,4300,1046,31847
7,32900,483,1.0,4301,1046,31854
2,32902,483,0.0,4302,1046,31856
2,32904,483,0.0,4303,1046,31858
7,32911,484,1.0,4304,1046,31865
2,32913,484,0.0,4305,1046,31867
12,32925,484,0.0,4306,1046,31879
4,32929,484,0.0,4307,1046,31883
12,32941,484,0.0,4308,1046,31895
6,32947,484,0.0,4309,1046,31901
2,32949,484,0.0,4310,1046,31903
9,32958,484,0.0,4311,1046,31912
22,32980,484,0.0,4312,1046,31934
8,32988,484,0.0,4313,1046,31942
7,32995,484,0.0,4314,1046,31949
8,33003,484,0.0,4315,1046,31957
9,33012,484,0.0,4316,1046,31966
4,33016,484,0.0,4317,1046,31970
5,33021,484,0.0,4318,1046,31975
11,33032,484,0.0,4319,1046,31986
2,33034,484,0.0,4320,1046,31988
7,33041,484,0.0,4321,1046,31995
7,33048,485,1.0,4322,1046,32002
11,33059,485,0.0,4323,1046,32013
7,33066,486,1.0,4324,1046,32020
6,33072,486,0.0,4325,1046,32026
10,33082,486,0.0,4326,1046,32036
6,33088,486,0.0,4327,1046,32042
7,33095,487,1.0,4328,1046,32049
7,33102,488,1.0,4329,1046,32056
11,33113,488,0.0,4330,1046,32067
9,33122,488,0.0,4331,1046,32076
4,33126,488,0.0,4332,1046,32080
18,33144,488,0.0,4333,1046,32098
7,33151,489,1.0,4334,1046,32105
9,33160,489,0.0,4335,1046,32114
4,33164,489,0.0,4336,1046,32118
7,33171,490,1.0,4337,1046,32125
9,33180,490,0.0,4338,1046,32134
9,33189,490,0.0,4339,1046,32143
12,33201,490,0.0,4340,1046,32155
7,33208,491,1.0,4341,1046,32162
7,33215,492,1.0,4342,1046,32169
14,33229,492,0.0,4343,1046,32183
2,33231,492,0.0,4344,1046,32185
6,33237,492,0.0,4345,1046,32191
3,33240,492,0.0,4346,1046,32194
12,33252,492,0.0,4347,1046,32206
10,33262,492,0.0,4348,1046,32216
7,33269,493,1.0,4349,1046,32223
4,33273,493,0.0,4350,1046,32227
20,33293,493,0.0,4351,1046,32247
2,33295,493,0.0,4352,1046,32249
7,33302,494,1.0,4353,1046,32256
4,33306,494,0.0,4354,1046,32260
7,33313,494,0.0,4355,1046,32267
26,33339,495,1.0,4356,1046,32293
7,33346,496,1.0,4357,1046,32300
2,33348,496,0.0,4358,1046,32302
4,33352,496,0.0,4359,1046,32306
2,33354,496,0.0,4360,1046,32308
4,33358,496,0.0,4361,1046,32312
5,33363,496,0.0,4362,1046,32317
13,33376,496,0.0,4363,1046,32330
12,33388,496,0.0,4364,1046,32342
15,33403,497,1.0,4365,1046,32357
15,33418,497,0.0,4366,1046,32372
9,33427,497,0.0,4367,1046,32381
10,33437,497,0.0,4368,1046,32391
7,33444,498,1.0,4369,1046,32398
6,33450,498,0.0,4370,1046,32404
9,33459,498,0.0,4371,1046,32413
6,33465,498,0.0,4372,1046,32419
7,33472,498,0.0,4373,1046,32426
5,33477,498,0.0,4374,1046,32431
11,33488,499,1.0,4375,1046,32442
12,33500,499,0.0,4376,1046,32454
10,33510,499,0.0,4377,1046,32464
14,33524,499,0.0,4378,1046,32478
7,33531,500,1.0,4379,1046,32485
10,33541,500,0.0,4380,1046,32495
8,33549,500,0.0,4381,1046,32503
7,33556,501,1.0,4382,1046,32510
4,33560,501,0.0,4383,1046,32514
10,33570,501,0.0,4384,1046,32524
7,33577,501,0.0,4385,1046,32531
2,33579,501,0.0,4386,1046,32533
5,33584,501,0.0,4387,1046,32538
3,33587,501,0.0,4388,1046,32541
4,33591,501,0.0,4389,1046,32545
10,33601,501,0.0,4390,1046,32555
2,33603,501,0.0,4391,1046,32557
9,33612,501,0.0,4392,1046,32566
4,33616,501,0.0,4393,1046,32570
12,33628,501,0.0,4394,1046,32582
10,33638,501,0.0,4395,1046,32592
7,33645,502,1.0,4396,1046,32599
17,33662,502,0.0,4397,1046,32616
3,33665,502,0.0,4398,1046,32619
5,33670,502,0.0,4399,1046,32624
8,33678,502,0.0,4400,1046,32632
7,33685,502,0.0,4401,1046,32639
3,33688,502,0.0,4402,1046,32642
7,33695,503,1.0,4403,1046,32649
2,33697,503,0.0,4404,1046,32651
17,33714,503,0.0,4405,1046,32668
9,33723,503,0.0,4406,1046,32677
10,33733,503,0.0,4407,1046,32687
11,33744,504,1.0,4408,1046,32698
3,33747,504,0.0,4409,1046,32701
11,33758,504,0.0,4410,1046,32712
7,33765,505,1.0,4411,1046,32719
5,33770,505,0.0,4412,1046,32724
4,33774,505,0.0,4413,1046,32728
12,33786,505,0.0,4414,1046,32740
7,33793,505,0.0,4415,1046,32747
15,33808,505,0.0,4416,1046,32762
3,33811,505,0.0,4417,1046,32765
3,33814,505,0.0,4418,1046,32768
7,33821,506,1.0,4419,1046,32775
6,33827,506,0.0,4420,1046,32781
9,33836,506,0.0,4421,1046,32790
8,33844,506,0.0,4422,1046,32798
12,33856,506,0.0,4423,1046,32810
13,33869,506,0.0,4424,1046,32823
7,33876,506,0.0,4425,1046,32830
6,33882,506,0.0,4426,1046,32836
10,33892,506,0.0,4427,1046,32846
2,33894,506,0.0,4428,1046,32848
6,33900,506,0.0,4429,1046,32854
9,33909,506,0.0,4430,1046,32863
7,33916,507,1.0,4431,1046,32870
10,33926,507,0.0,4432,1046,32880
3,33929,507,0.0,4433,1046,32883
7,33936,507,0.0,4434,1046,32890
8,33944,507,0.0,4435,1046,32898
2,33946,507,0.0,4436,1046,32900
12,33958,507,0.0,4437,1046,32912
9,33967,507,0.0,4438,1046,32921
7,33974,507,0.0,4439,1046,32928
7,33981,508,1.0,4440,1046,32935
7,33988,509,1.0,4441,1046,32942
2,33990,509,0.0,4442,1046,32944
10,34000,509,0.0,4443,1046,32954
6,34006,509,0.0,4444,1046,32960
2,34008,509,0.0,4445,1046,32962
7,34015,510,1.0,4446,1046,32969
12,34027,510,0.0,4447,1046,32981
7,34034,511,1.0,4448,1046,32988
7,34041,511,0.0,4449,1046,32995
3,34044,511,0.0,4450,1046,32998
6,34050,511,0.0,4451,1046,33004
2,34052,511,0.0,4452,1046,33006
6,34058,511,0.0,4453,1046,33012
7,34065,511,0.0,4454,1046,33019
4,34069,511,0.0,4455,1046,33023
9,34078,511,0.0,4456,1046,33032
7,34085,512,1.0,4457,1046,33039
7,34092,513,1.0,4458,1046,33046
9,34101,513,0.0,4459,1046,33055
7,34108,514,1.0,4460,1046,33062
18,34126,514,0.0,4461,1046,33080
11,34137,515,1.0,4462,1046,33091
6,34143,515,0.0,4463,1046,33097
7,34150,515,0.0,4464,1046,33104
7,34157,516,1.0,4465,1046,33111
20,34177,516,0.0,4466,1046,33131
8,34185,516,0.0,4467,1046,33139
18,34203,516,0.0,4468,1046,33157
7,34210,517,1.0,4469,1046,33164
9,34219,517,0.0,4470,1046,33173
7,34226,517,0.0,4471,1046,33180
2,34228,517,0.0,4472,1046,33182
3,34231,517,0.0,4473,1046,33185
4,34235,517,0.0,4474,1046,33189
2,34237,517,0.0,4475,1046,33191
4,34241,517,0.0,4476,1046,33195
16,34257,517,0.0,4477,1046,33211
5,34262,517,0.0,4478,1046,33216
4,34266,517,0.0,4479,1046,33220
6,34272,517,0.0,4480,1046,33226
7,34279,518,1.0,4481,1046,33233
9,34288,518,0.0,4482,1046,33242
7,34295,519,1.0,4483,1046,33249
10,34305,519,0.0,4484,1046,33259
10,34315,519,0.0,4485,1046,33269
10,34325,519,0.0,4486,1046,33279
9,34334,519,0.0,4487,1046,33288
9,34343,519,0.0,4488,1046,33297
9,34352,519,0.0,4489,1046,33306
3,34355,519,0.0,4490,1046,33309
38,34393,519,0.0,4491,1046,33347
5,34398,519,0.0,4492,1046,33352
6,34404,519,0.0,4493,1046,33358
7,34411,519,0.0,4494,1046,33365
2,34413,519,0.0,4495,1046,33367
2,34415,519,0.0,4496,1046,33369
6,34421,519,0.0,4497,1046,33375
6,34427,519,0.0,4498,1046,33381
3,34430,519,0.0,4499,1046,33384
8,34438,519,0.0,4500,1046,33392
15,34453,519,0.0,4501,1046,33407
9,34462,519,0.0,4502,1046,33416
3,34465,519,0.0,4503,1046,33419
7,34472,519,0.0,4504,1046,33426
7,34479,520,1.0,4505,1046,33433
6,34485,520,0.0,4506,1046,33439
8,34493,520,0.0,4507,1046,33447
7,34500,521,1.0,4508,1046,33454
4,34504,521,0.0,4509,1046,33458
4,34508,521,0.0,4510,1046,33462
2,34510,521,0.0,4511,1046,33464
7,34517,522,1.0,4512,1046,33471
13,34530,522,0.0,4513,1046,33484
4,34534,522,0.0,4514,1046,33488
2,34536,522,0.0,4515,1046,33490
3,34539,522,0.0,4516,1046,33493
7,34546,522,0.0,4517,1046,33500
5,34551,522,0.0,4518,1046,33505
7,34558,522,0.0,4519,1046,33512
12,34570,522,0.0,4520,1046,33524
4,34574,522,0.0,4521,1046,33528
3,34577,522,0.0,4522,1046,33531
7,34584,523,1.0,4523,1046,33538
9,34593,523,0.0,4524,1046,33547
2,34595,523,0.0,4525,1046,33549
9,34604,523,0.0,4526,1046,33558
7,34611,524,1.0,4527,1046,33565
14,34625,524,0.0,4528,1046,33579
7,34632,525,1.0,4529,1046,33586
10,34642,525,0.0,4530,1046,33596
4,34646,525,0.0,4531,1046,33600
5,34651,525,0.0,4532,1046,33605
11,34662,525,0.0,4533,1046,33616
11,34673,526,1.0,4534,1046,33627
4,34677,526,0.0,4535,1046,33631
11,34688,526,0.0,4536,1046,33642
10,34698,526,0.0,4537,1046,33652
7,34705,527,1.0,4538,1046,33659
10,34715,527,0.0,4539,1046,33669
17,34732,527,0.0,4540,1046,33686
2,34734,527,0.0,4541,1046,33688
7,34741,528,1.0,4542,1046,33695
2,34743,528,0.0,4543,1046,33697
7,34750,529,1.0,4544,1046,33704
4,34754,529,0.0,4545,1046,33708
12,34766,529,0.0,4546,1046,33720
3,34769,529,0.0,4547,1046,33723
6,34775,529,0.0,4548,1046,33729
16,34791,529,0.0,4549,1046,33745
3,34794,529,0.0,4550,1046,33748
8,34802,529,0.0,4551,1046,33756
7,34809,530,1.0,4552,1046,33763
7,34816,531,1.0,4553,1046,33770
7,34823,531,0.0,4554,1046,33777
15,34838,531,0.0,4555,1046,33792
8,34846,531,0.0,4556,1046,33800
6,34852,531,0.0,4557,1046,33806
10,34862,531,0.0,4558,1046,33816
7,34869,532,1.0,4559,1046,33823
16,34885,532,0.0,4560,1046,33839
4,34889,532,0.0,4561,1046,33843
3,34892,532,0.0,4562,1046,33846
10,34902,532,0.0,4563,1046,33856
7,34909,533,1.0,4564,1046,33863
7,34916,534,1.0,4565,1046,33870
9,34925,534,0.0,4566,1046,33879
11,34936,534,0.0,4567,1046,33890
2,34938,534,0.0,4568,1046,33892
8,34946,534,0.0,4569,1046,33900
4,34950,534,0.0,4570,1046,33904
9,34959,534,0.0,4571,1046,33913
2,34961,534,0.0,4572,1046,33915
7,34968,535,1.0,4573,1046,33922
7,34975,535,0.0,4574,1046,33929
2,34977,535,0.0,4575,1046,33931
3,34980,535,0.0,4576,1046,33934
4,34984,535,0.0,4577,1046,33938
3,34987,535,0.0,4578,1046,33941
7,34994,536,1.0,4579,1046,33948
6,35000,536,0.0,4580,1046,33954
2,35002,536,0.0,4581,1046,33956
11,35013,537,1.0,4582,1046,33967
9,35022,537,0.0,4583,1046,33976
4,35026,537,0.0,4584,1046,33980
7,35033,538,1.0,4585,1046,33987
8,35041,538,0.0,4586,1046,33995
6,35047,538,0.0,4587,1046,34001
5,35052,538,0.0,4588,1046,34006
7,35059,539,1.0,4589,1046,34013
3,35062,539,0.0,4590,1046,34016
3,35065,539,0.0,4591,1046,34019
2,35067,539,0.0,4592,1046,34021
12,35079,539,0.0,4593,1046,34033
4,35083,539,0.0,4594,1046,34037
3,35086,539,0.0,4595,1046,34040
6,35092,539,0.0,4596,1046,34046
7,35099,540,1.0,4597,1046,34053
12,35111,540,0.0,4598,1046,34065
7,35118,541,1.0,4599,1046,34072
8,35126,541,0.0,4600,1046,34080
9,35135,541,0.0,4601,1046,34089
4,35139,541,0.0,4602,1046,34093
7,35146,542,1.0,4603,1046,34100
7,35153,542,0.0,4604,1046,34107
5,35158,542,0.0,4605,1046,34112
5,35163,542,0.0,4606,1046,34117
13,35176,542,0.0,4607,1046,34130
9,35185,542,0.0,4608,1046,34139
4,35189,542,0.0,4609,1046,34143
10,35199,542,0.0,4610,1046,34153
8,35207,542,0.0,4611,1046,34161
3,35210,542,0.0,4612,1046,34164
2,35212,542,0.0,4613,1046,34166
10,35222,542,0.0,4614,1046,34176
6,35228,542,0.0,4615,1046,34182
10,35238,542,0.0,4616,1046,34192
5,35243,542,0.0,4617,1046,34197
5,35248,542,0.0,4618,1046,34202
12,35260,542,0.0,4619,1046,34214
3,35263,542,0.0,4620,1046,34217
2,35265,542,0.0,4621,1046,34219
2,35267,542,0.0,4622,1046,34221
12,35279,542,0.0,4623,1046,34233
10,35289,542,0.0,4624,1046,34243
8,35297,542,0.0,4625,1046,34251
11,35308,543,1.0,4626,1046,34262
9,35317,543,0.0,4627,1046,34271
2,35319,543,0.0,4628,1046,34273
11,35330,543,0.0,4629,1046,34284
2,35332,543,0.0,4630,1046,34286
4,35336,543,0.0,4631,1046,34290
2,35338,543,0.0,4632,1046,34292
7,35345,544,1.0,4633,1046,34299
3,35348,544,0.0,4634,1046,34302
28,35376,544,0.0,4635,1046,34330
13,35389,544,0.0,4636,1046,34343
2,35391,544,0.0,4637,1046,34345
3,35394,544,0.0,4638,1046,34348
10,35404,544,0.0,4639,1046,34358
4,35408,544,0.0,4640,1046,34362
7,35415,545,1.0,4641,1046,34369
4,35419,545,0.0,4642,1046,34373
5,35424,545,0.0,4643,1046,34378
10,35434,545,0.0,4644,1046,34388
3,35437,545,0.0,4645,1046,34391
12,35449,545,0.0,4646,1046,34403
2,35451,545,0.0,4647,1046,34405
2,35453,545,0.0,4648,1046,34407
23,35476,545,0.0,4649,1046,34430
3,35479,545,0.0,4650,1046,34433
4,35483,545,0.0,4651,1046,34437
8,35491,545,0.0,4652,1046,34445
2,35493,545,0.0,4653,1046,34447
6,35499,545,0.0,4654,1046,34453
12,35511,545,0.0,4655,1046,34465
2,35513,545,0.0,4656,1046,34467
5,35518,545,0.0,4657,1046,34472
7,35525,546,1.0,4658,1046,34479
11,35536,546,0.0,4659,1046,34490
4,35540,546,0.0,4660,1046,34494
7,35547,547,1.0,4661,1046,34501
2,35549,547,0.0,4662,1046,34503
7,35556,548,1.0,4663,1046,34510
13,35569,548,0.0,4664,1046,34523
12,35581,548,0.0,4665,1046,34535
4,35585,548,0.0,4666,1046,34539
5,35590,548,0.0,4667,1046,34544
21,35611,548,0.0,4668,1046,34565
7,35618,549,1.0,4669,1046,34572
7,35625,550,1.0,4670,1046,34579
18,35643,550,0.0,4671,1046,34597
9,35652,550,0.0,4672,1046,34606
7,35659,551,1.0,4673,1046,34613
17,35676,551,0.0,4674,1046,34630
8,35684,551,0.0,4675,1046,34638
2,35686,551,0.0,4676,1046,34640
9,35695,551,0.0,4677,1046,34649
6,35701,551,0.0,4678,1046,34655
10,35711,551,0.0,4679,1046,34665
7,35718,551,0.0,4680,1046,34672
15,35733,552,1.0,4681,1046,34687
19,35752,552,0.0,4682,1046,34706
4,35756,552,0.0,4683,1046,34710
2,35758,552,0.0,4684,1046,34712
12,35770,552,0.0,4685,1046,34724
2,35772,552,0.0,4686,1046,34726
2,35774,552,0.0,4687,1046,34728
7,35781,553,1.0,4688,1046,34735
2,35783,553,0.0,4689,1046,34737
6,35789,553,0.0,4690,1046,34743
2,35791,553,0.0,4691,1046,34745
4,35795,553,0.0,4692,1046,34749
10,35805,553,0.0,4693,1046,34759
2,35807,553,0.0,4694,1046,34761
5,35812,553,0.0,4695,1046,34766
4,35816,553,0.0,4696,1046,34770
3,35819,553,0.0,4697,1046,34773
2,35821,553,0.0,4698,1046,34775
7,35828,554,1.0,4699,1046,34782
7,35835,555,1.0,4700,1046,34789
2,35837,555,0.0,4701,1046,34791
8,35845,555,0.0,4702,1046,34799
3,35848,555,0.0,4703,1046,34802
4,35852,555,0.0,4704,1046,34806
2,35854,555,0.0,4705,1046,34808
3,35857,555,0.0,4706,1046,34811
3,35860,555,0.0,4707,1046,34814
4,35864,555,0.0,4708,1046,34818
3,35867,555,0.0,4709,1046,34821
4,35871,555,0.0,4710,1046,34825
6,35877,555,0.0,4711,1046,34831
7,35884,556,1.0,4712,1046,34838
7,35891,556,0.0,4713,1046,34845
6,35897,556,0.0,4714,1046,34851
7,35904,556,0.0,4715,1046,34858
4,35908,556,0.0,4716,1046,34862
10,35918,556,0.0,4717,1046,34872
8,35926,556,0.0,4718,1046,34880
3,35929,556,0.0,4719,1046,34883
13,35942,556,0.0,4720,1046,34896
3,35945,556,0.0,4721,1046,34899
3,35948,556,0.0,4722,1046,34902
3,35951,556,0.0,4723,1046,34905
3,35954,556,0.0,4724,1046,34908
8,35962,556,0.0,4725,1046,34916
12,35974,556,0.0,4726,1046,34928
7,35981,556,0.0,4727,1046,34935
4,35985,556,0.0,4728,1046,34939
12,35997,556,0.0,4729,1046,34951
3,36000,556,0.0,4730,1046,34954
4,36004,556,0.0,4731,1046,34958
3,36007,556,0.0,4732,1046,34961
2,36009,556,0.0,4733,1046,34963
7,36016,556,0.0,4734,1046,34970
5,36021,556,0.0,4735,1046,34975
3,36024,556,0.0,4736,1046,34978
7,36031,556,0.0,4737,1046,34985
7,36038,557,1.0,4738,1046,34992
3,36041,557,0.0,4739,1046,34995
11,36052,558,1.0,4740,1046,35006
2,36054,558,0.0,4741,1046,35008
18,36072,558,0.0,4742,1046,35026
3,36075,558,0.0,4743,1046,35029
10,36085,558,0.0,4744,1046,35039
2,36087,558,0.0,4745,1046,35041
7,36094,559,1.0,4746,1046,35048
10,36104,559,0.0,4747,1046,35058
7,36111,560,1.0,4748,1046,35065
5,36116,560,0.0,4749,1046,35070
4,36120,560,0.0,4750,1046,35074
6,36126,560,0.0,4751,1046,35080
14,36140,560,0.0,4752,1046,35094
31,36171,560,0.0,4753,1046,35125
7,36178,561,1.0,4754,1046,35132
4,36182,561,0.0,4755,1046,35136
7,36189,561,0.0,4756,1046,35143
3,36192,561,0.0,4757,1046,35146
9,36201,561,0.0,4758,1046,35155
7,36208,562,1.0,4759,1046,35162
8,36216,562,0.0,4760,1046,35170
2,36218,562,0.0,4761,1046,35172
8,36226,562,0.0,4762,1046,35180
2,36228,562,0.0,4763,1046,35182
6,36234,562,0.0,4764,1046,35188
10,36244,562,0.0,4765,1046,35198
5,36249,562,0.0,4766,1046,35203
9,36258,562,0.0,4767,1046,35212
5,36263,562,0.0,4768,1046,35217
18,36281,562,0.0,4769,1046,35235
9,36290,562,0.0,4770,1046,35244
5,36295,562,0.0,4771,1046,35249
4,36299,562,0.0,4772,1046,35253
3,36302,562,0.0,4773,1046,35256
9,36311,562,0.0,4774,1046,35265
2,36313,562,0.0,4775,1046,35267
4,36317,562,0.0,4776,1046,35271
7,36324,563,1.0,4777,1046,35278
7,36331,564,1.0,4778,1046,35285
5,36336,564,0.0,4779,1046,35290
7,36343,565,1.0,4780,1046,35297
8,36351,565,0.0,4781,1046,35305
13,36364,565,0.0,4782,1046,35318
18,36382,565,0.0,4783,1046,35336
4,36386,565,0.0,4784,1046,35340
6,36392,565,0.0,4785,1046,35346
6,36398,565,0.0,4786,1046,35352
23,36421,565,0.0,4787,1046,35375
7,36428,566,1.0,4788,1046,35382
5,36433,566,0.0,4789,1046,35387
4,36437,566,0.0,4790,1046,35391
3,36440,566,0.0,4791,1046,35394
20,36460,566,0.0,4792,1046,35414
9,36469,566,0.0,4793,1046,35423
7,36476,567,1.0,4794,1046,35430
4,36480,567,0.0,4795,1046,35434
12,36492,567,0.0,4796,1046,35446
13,36505,567,0.0,4797,1046,35459
2,36507,567,0.0,4798,1046,35461
6,36513,567,0.0,4799,1046,35467
6,36519,567,0.0,4800,1046,35473
13,36532,567,0.0,4801,1046,35486
15,36547,567,0.0,4802,1046,35501
7,36554,568,1.0,4803,1046,35508
11,36565,569,1.0,4804,1046,35519
7,36572,570,1.0,4805,1046,35526
7,36579,571,1.0,4806,1046,35533
10,36589,571,0.0,4807,1046,35543
4,36593,571,0.0,4808,1046,35547
9,36602,571,0.0,4809,1046,35556
8,36610,571,0.0,4810,1046,35564
4,36614,571,0.0,4811,1046,35568
5,36619,571,0.0,4812,1046,35573
9,36628,571,0.0,4813,1046,35582
15,36643,572,1.0,4814,1046,35597
7,36650,573,1.0,4815,1046,35604
3,36653,573,0.0,4816,1046,35607
2,36655,573,0.0,4817,1046,35609
12,36667,573,0.0,4818,1046,35621
6,36673,573,0.0,4819,1046,35627
12,36685,573,0.0,4820,1046,35639
12,36697,573,0.0,4821,1046,35651
17,36714,573,0.0,4822,1046,35668
7,36721,573,0.0,4823,1046,35675
17,36738,573,0.0,4824,1046,35692
3,36741,573,0.0,4825,1046,35695
3,36744,573,0.0,4826,1046,35698
7,36751,574,1.0,4827,1046,35705
3,36754,574,0.0,4828,1046,35708
7,36761,575,1.0,4829,1046,35715
12,36773,575,0.0,4830,1046,35727
7,36780,576,1.0,4831,1046,35734
15,36795,576,0.0,4832,1046,35749
5,36800,576,0.0,4833,1046,35754
5,36805,576,0.0,4834,1046,35759
4,36809,576,0.0,4835,1046,35763
2,36811,576,0.0,4836,1046,35765
3,36814,576,0.0,4837,1046,35768
2,36816,576,0.0,4838,1046,35770
2,36818,576,0.0,4839,1046,35772
15,36833,577,1.0,4840,1046,35787
19,36852,577,0.0,4841,1046,35806
8,36860,577,0.0,4842,1046,35814
15,36875,578,1.0,4843,1046,35829
3,36878,578,0.0,4844,1046,35832
9,36887,578,0.0,4845,1046,35841
8,36895,578,0.0,4846,1046,35849
3,36898,578,0.0,4847,1046,35852
4,36902,578,0.0,4848,1046,35856
10,36912,578,0.0,4849,1046,35866
9,36921,578,0.0,4850,1046,35875
7,36928,578,0.0,4851,1046,35882
7,36935,579,1.0,4852,1046,35889
18,36953,579,0.0,4853,1046,35907
7,36960,580,1.0,4854,1046,35914
2,36962,580,0.0,4855,1046,35916
5,36967,580,0.0,4856,1046,35921
5,36972,580,0.0,4857,1046,35926
5,36977,580,0.0,4858,1046,35931
7,36984,581,1.0,4859,1046,35938
7,36991,581,0.0,4860,1046,35945
7,36998,582,1.0,4861,1046,35952
15,37013,583,1.0,4862,1046,35967
7,37020,584,1.0,4863,1046,35974
10,37030,584,0.0,4864,1046,35984
2,37032,584,0.0,4865,1046,35986
10,37042,584,0.0,4866,1046,35996
10,37052,584,0.0,4867,1046,36006
4,37056,584,0.0,4868,1046,36010
5,37061,584,0.0,4869,1046,36015
8,37069,584,0.0,4870,1046,36023
4,37073,584,0.0,4871,1046,36027
9,37082,584,0.0,4872,1046,36036
13,37095,584,0.0,4873,1046,36049
17,37112,584,0.0,4874,1046,36066
9,37121,584,0.0,4875,1046,36075
8,37129,584,0.0,4876,1046,36083
2,37131,584,0.0,4877,1046,36085
6,37137,584,0.0,4878,1046,36091
4,37141,584,0.0,4879,1046,36095
9,37150,584,0.0,4880,1046,36104
6,37156,584,0.0,4881,1046,36110
2,37158,584,0.0,4882,1046,36112
5,37163,584,0.0,4883,1046,36117
7,37170,584,0.0,4884,1046,36124
2,37172,584,0.0,4885,1046,36126
9,37181,584,0.0,4886,1046,36135
3,37184,584,0.0,4887,1046,36138
6,37190,584,0.0,4888,1046,36144
5,37195,584,0.0,4889,1046,36149
16,37211,584,0.0,4890,1046,36165
7,37218,585,1.0,4891,1046,36172
4,37222,585,0.0,4892,1046,36176
4,37226,585,0.0,4893,1046,36180
2,37228,585,0.0,4894,1046,36182
4,37232,585,0.0,4895,1046,36186
3,37235,585,0.0,4896,1046,36189
7,37242,586,1.0,4897,1046,36196
7,37249,587,1.0,4898,1046,36203
18,37267,587,0.0,4899,1046,36221
20,37287,587,0.0,4900,1046,36241
8,37295,587,0.0,4901,1046,36249
2,37297,587,0.0,4902,1046,36251
7,37304,588,1.0,4903,1046,36258
4,37308,588,0.0,4904,1046,36262
13,37321,588,0.0,4905,1046,36275
15,37336,589,1.0,4906,1046,36290
7,37343,590,1.0,4907,1046,36297
3,37346,590,0.0,4908,1046,36300
9,37355,590,0.0,4909,1046,36309
7,37362,590,0.0,4910,1046,36316
23,37385,590,0.0,4911,1046,36339
10,37395,590,0.0,4912,1046,36349
7,37402,590,0.0,4913,1046,36356
7,37409,590,0.0,4914,1046,36363
5,37414,590,0.0,4915,1046,36368
5,37419,590,0.0,4916,1046,36373
7,37426,591,1.0,4917,1046,36380
2,37428,591,0.0,4918,1046,36382
5,37433,591,0.0,4919,1046,36387
9,37442,591,0.0,4920,1046,36396
11,37453,592,1.0,4921,1046,36407
7,37460,593,1.0,4922,1046,36414
6,37466,593,0.0,4923,1046,36420
12,37478,593,0.0,4924,1046,36432
6,37484,593,0.0,4925,1046,36438
7,37491,594,1.0,4926,1046,36445
4,37495,594,0.0,4927,1046,36449
7,37502,595,1.0,4928,1046,36456
9,37511,595,0.0,4929,1046,36465
6,37517,595,0.0,4930,1046,36471
10,37527,595,0.0,4931,1046,36481
9,37536,595,0.0,4932,1046,36490
10,37546,595,0.0,4933,1046,36500
5,37551,595,0.0,4934,1046,36505
7,37558,595,0.0,4935,1046,36512
14,37572,595,0.0,4936,1046,36526
9,37581,595,0.0,4937,1046,36535
4,37585,595,0.0,4938,1046,36539
7,37592,596,1.0,4939,1046,36546
5,37597,596,0.0,4940,1046,36551
15,37612,596,0.0,4941,1046,36566
12,37624,596,0.0,4942,1046,36578
5,37629,596,0.0,4943,1046,36583
2,37631,596,0.0,4944,1046,36585
4,37635,596,0.0,4945,1046,36589
6,37641,596,0.0,4946,1046,36595
2,37643,596,0.0,4947,1046,36597
17,37660,596,0.0,4948,1046,36614
7,37667,597,1.0,4949,1046,36621
7,37674,597,0.0,4950,1046,36628
4,37678,597,0.0,4951,1046,36632
4,37682,597,0.0,4952,1046,36636
7,37689,598,1.0,4953,1046,36643
7,37696,599,1.0,4954,1046,36650
9,37705,599,0.0,4955,1046,36659
4,37709,599,0.0,4956,1046,36663
3,37712,599,0.0,4957,1046,36666
7,37719,600,1.0,4958,1046,36673
7,37726,601,1.0,4959,1046,36680
12,37738,601,0.0,4960,1046,36692
9,37747,601,0.0,4961,1046,36701
9,37756,601,0.0,4962,1046,36710
6,37762,601,0.0,4963,1046,36716
5,37767,601,0.0,4964,1046,36721
7,37774,602,1.0,4965,1046,36728
8,37782,602,0.0,4966,1046,36736
14,37796,602,0.0,4967,1046,36750
9,37805,602,0.0,4968,1046,36759
21,37826,602,0.0,4969,1046,36780
7,37833,603,1.0,4970,1046,36787
7,37840,604,1.0,4971,1046,36794
8,37848,604,0.0,4972,1046,36802
3,37851,604,0.0,4973,1046,36805
6,37857,604,0.0,4974,1046,36811
2,37859,604,0.0,4975,1046,36813
2,37861,604,0.0,4976,1046,36815
8,37869,604,0.0,4977,1046,36823
6,37875,604,0.0,4978,1046,36829
3,37878,604,0.0,4979,1046,36832
3,37881,604,0.0,4980,1046,36835
8,37889,604,0.0,4981,1046,36843
7,37896,604,0.0,4982,1046,36850
10,37906,604,0.0,4983,1046,36860
16,37922,604,0.0,4984,1046,36876
8,37930,604,0.0,4985,1046,36884
8,37938,604,0.0,4986,1046,36892
4,37942,604,0.0,4987,1046,36896
9,37951,604,0.0,4988,1046,36905
7,37958,605,1.0,4989,1046,36912
7,37965,606,1.0,4990,1046,36919
9,37974,606,0.0,4991,1046,36928
9,37983,606,0.0,4992,1046,36937
3,37986,606,0.0,4993,1046,36940
7,37993,607,1.0,4994,1046,36947
15,38008,608,1.0,4995,1046,36962
7,38015,609,1.0,4996,1046,36969
7,38022,610,1.0,4997,1046,36976
7,38029,611,1.0,4998,1046,36983
2,38031,611,0.0,4999,1046,36985
18,38049,611,0.0,5000,1046,37003
12,38061,611,0.0,5001,1046,37015
2,38063,611,0.0,5002,1046,37017
10,38073,611,0.0,5003,1046,37027
3,38076,611,0.0,5004,1046,37030
12,38088,611,0.0,5005,1046,37042
7,38095,612,1.0,5006,1046,37049
9,38104,612,0.0,5007,1046,37058
9,38113,612,0.0,5008,1046,37067
12,38125,612,0.0,5009,1046,37079
4,38129,612,0.0,5010,1046,37083
7,38136,613,1.0,5011,1046,37090
2,38138,613,0.0,5012,1046,37092
3,38141,613,0.0,5013,1046,37095
6,38147,613,0.0,5014,1046,37101
8,38155,613,0.0,5015,1046,37109
3,38158,613,0.0,5016,1046,37112
2,38160,613,0.0,5017,1046,37114
7,38167,614,1.0,5018,1046,37121
7,38174,614,0.0,5019,1046,37128
7,38181,615,1.0,5020,1046,37135
6,38187,615,0.0,5021,1046,37141
8,38195,615,0.0,5022,1046,37149
4,38199,615,0.0,5023,1046,37153
6,38205,615,0.0,5024,1046,37159
8,38213,615,0.0,5025,1046,37167
9,38222,615,0.0,5026,1046,37176
2,38224,615,0.0,5027,1046,37178
2,38226,615,0.0,5028,1046,37180
3,38229,615,0.0,5029,1046,37183
7,38236,616,1.0,5030,1046,37190
7,38243,617,1.0,5031,1046,37197
7,38250,618,1.0,5032,1046,37204
4,38254,618,0.0,5033,1046,37208
3,38257,618,0.0,5034,1046,37211
11,38268,618,0.0,5035,1046,37222
6,38274,618,0.0,5036,1046,37228
5,38279,618,0.0,5037,1046,37233
5,38284,618,0.0,5038,1046,37238
6,38290,618,0.0,5039,1046,37244
7,38297,619,1.0,5040,1046,37251
16,38313,619,0.0,5041,1046,37267
14,38327,619,0.0,5042,1046,37281
7,38334,619,0.0,5043,1046,37288
8,38342,619,0.0,5044,1046,37296
7,38349,619,0.0,5045,1046,37303
7,38356,620,1.0,5046,1046,37310
7,38363,620,0.0,5047,1046,37317
6,38369,620,0.0,5048,1046,37323
7,38376,620,0.0,5049,1046,37330
10,38386,620,0.0,5050,1046,37340
4,38390,620,0.0,5051,1046,37344
7,38397,621,1.0,5052,1046,37351
4,38401,621,0.0,5053,1046,37355
3,38404,621,0.0,5054,1046,37358
8,38412,621,0.0,5055,1046,37366
18,38430,621,0.0,5056,1046,37384
8,38438,621,0.0,5057,1046,37392
6,38444,621,0.0,5058,1046,37398
11,38455,621,0.0,5059,1046,37409
10,38465,621,0.0,5060,1046,37419
24,38489,621,0.0,5061,1046,37443
10,38499,621,0.0,5062,1046,37453
13,38512,621,0.0,5063,1046,37466
2,38514,621,0.0,5064,1046,37468
3,38517,621,0.0,5065,1046,37471
2,38519,621,0.0,5066,1046,37473
8,38527,621,0.0,5067,1046,37481
9,38536,621,0.0,5068,1046,37490
10,38546,621,0.0,5069,1046,37500
3,38549,621,0.0,5070,1046,37503
7,38556,621,0.0,5071,1046,37510
8,38564,621,0.0,5072,1046,37518
11,38575,621,0.0,5073,1046,37529
8,38583,621,0.0,5074,1046,37537
4,38587,621,0.0,5075,1046,37541
13,38600,621,0.0,5076,1046,37554
7,38607,622,1.0,5077,1046,37561
6,38613,622,0.0,5078,1046,37567
3,38616,622,0.0,5079,1046,37570
6,38622,622,0.0,5080,1046,37576
12,38634,622,0.0,5081,1046,37588
6,38640,622,0.0,5082,1046,37594
17,38657,622,0.0,5083,1046,37611
2,38659,622,0.0,5084,1046,37613
6,38665,622,0.0,5085,1046,37619
7,38672,622,0.0,5086,1046,37626
7,38679,622,0.0,5087,1046,37633
3,38682,622,0.0,5088,1046,37636
7,38689,623,1.0,5089,1046,37643
11,38700,624,1.0,5090,1046,37654
16,38716,624,0.0,5091,1046,37670
9,38725,624,0.0,5092,1046,37679
16,38741,624,0.0,5093,1046,37695
7,38748,624,0.0,5094,1046,37702
3,38751,624,0.0,5095,1046,37705
7,38758,625,1.0,5096,1046,37712
7,38765,626,1.0,5097,1046,37719
2,38767,626,0.0,5098,1046,37721
9,38776,626,0.0,5099,1046,37730
8,38784,626,0.0,5100,1046,37738
2,38786,626,0.0,5101,1046,37740
4,38790,626,0.0,5102,1046,37744
6,38796,626,0.0,5103,1046,37750
7,38803,627,1.0,5104,1046,37757
12,38815,627,0.0,5105,1046,37769
12,38827,627,0.0,5106,1046,37781
6,38833,627,0.0,5107,1046,37787
4,38837,627,0.0,5108,1046,37791
2,38839,627,0.0,5109,1046,37793
2,38841,627,0.0,5110,1046,37795
6,38847,627,0.0,5111,1046,37801
2,38849,627,0.0,5112,1046,37803
9,38858,627,0.0,5113,1046,37812
11,38869,627,0.0,5114,1046,37823
3,38872,627,0.0,5115,1046,37826
7,38879,628,1.0,5116,1046,37833
4,38883,628,0.0,5117,1046,37837
9,38892,628,0.0,5118,1046,37846
7,38899,629,1.0,5119,1046,37853
4,38903,629,0.0,5120,1046,37857
2,38905,629,0.0,5121,1046,37859
2,38907,629,0.0,5122,1046,37861
6,38913,629,0.0,5123,1046,37867
9,38922,629,0.0,5124,1046,37876
6,38928,629,0.0,5125,1046,37882
7,38935,630,1.0,5126,1046,37889
10,38945,630,0.0,5127,1046,37899
7,38952,631,1.0,5128,1046,37906
11,38963,632,1.0,5129,1046,37917
10,38973,632,0.0,5130,1046,37927
9,38982,632,0.0,5131,1046,37936
12,38994,632,0.0,5132,1046,37948
3,38997,632,0.0,5133,1046,37951
7,39004,633,1.0,5134,1046,37958
6,39010,633,0.0,5135,1046,37964
9,39019,633,0.0,5136,1046,37973
15,39034,634,1.0,5137,1046,37988
5,39039,634,0.0,5138,1046,37993
15,39054,635,1.0,5139,1046,38008
4,39058,635,0.0,5140,1046,38012
9,39067,635,0.0,5141,1046,38021
17,39084,635,0.0,5142,1046,38038
7,39091,635,0.0,5143,1046,38045
11,39102,635,0.0,5144,1046,38056
4,39106,635,0.0,5145,1046,38060
10,39116,635,0.0,5146,1046,38070
5,39121,635,0.0,5147,1046,38075
3,39124,635,0.0,5148,1046,38078
9,39133,635,0.0,5149,1046,38087
16,39149,635,0.0,5150,1046,38103
12,39161,635,0.0,5151,1046,38115
5,39166,635,0.0,5152,1046,38120
3,39169,635,0.0,5153,1046,38123
6,39175,635,0.0,5154,1046,38129
5,39180,635,0.0,5155,1046,38134
6,39186,635,0.0,5156,1046,38140
10,39196,635,0.0,5157,1046,38150
7,39203,635,0.0,5158,1046,38157
6,39209,635,0.0,5159,1046,38163
9,39218,635,0.0,5160,1046,38172
4,39222,635,0.0,5161,1046,38176
10,39232,635,0.0,5162,1046,38186
7,39239,636,1.0,5163,1046,38193
7,39246,637,1.0,5164,1046,38200
2,39248,637,0.0,5165,1046,38202
3,39251,637,0.0,5166,1046,38205
5,39256,637,0.0,5167,1046,38210
4,39260,637,0.0,5168,1046,38214
4,39264,637,0.0,5169,1046,38218
7,39271,638,1.0,5170,1046,38225
9,39280,638,0.0,5171,1046,38234
9,39289,638,0.0,5172,1046,38243
7,39296,639,1.0,5173,1046,38250
4,39300,639,0.0,5174,1046,38254
16,39316,639,0.0,5175,1046,38270
4,39320,639,0.0,5176,1046,38274
9,39329,639,0.0,5177,1046,38283
4,39333,639,0.0,5178,1046,38287
7,39340,639,0.0,5179,1046,38294
13,39353,639,0.0,5180,1046,38307
6,39359,639,0.0,5181,1046,38313
5,39364,639,0.0,5182,1046,38318
6,39370,639,0.0,5183,1046,38324
6,39376,639,0.0,5184,1046,38330
3,39379,639,0.0,5185,1046,38333
7,39386,639,0.0,5186,1046,38340
4,39390,639,0.0,5187,1046,38344
2,39392,639,0.0,5188,1046,38346
8,39400,639,0.0,5189,1046,38354
11,39411,640,1.0,5190,1046,38365
2,39413,640,0.0,5191,1046,38367
10,39423,640,0.0,5192,1046,38377
7,39430,641,1.0,5193,1046,38384
8,39438,641,0.0,5194,1046,38392
12,39450,641,0.0,5195,1046,38404
2,39452,641,0.0,5196,1046,38406
12,39464,641,0.0,5197,1046,38418
10,39474,641,0.0,5198,1046,38428
3,39477,641,0.0,5199,1046,38431
6,39483,641,0.0,5200,1046,38437
9,39492,641,0.0,5201,1046,38446
5,39497,641,0.0,5202,1046,38451
7,39504,642,1.0,5203,1046,38458
8,39512,642,0.0,5204,1046,38466
8,39520,642,0.0,5205,1046,38474
3,39523,642,0.0,5206,1046,38477
3,39526,642,0.0,5207,1046,38480
9,39535,642,0.0,5208,1046,38489
7,39542,643,1.0,5209,1046,38496
3,39545,643,0.0,5210,1046,38499
5,39550,643,0.0,5211,1046,38504
10,39560,643,0.0,5212,1046,38514
7,39567,644,1.0,5213,1046,38521
7,39574,645,1.0,5214,1046,38528
12,39586,645,0.0,5215,1046,38540
11,39597,645,0.0,5216,1046,38551
7,39604,646,1.0,5217,1046,38558
11,39615,646,0.0,5218,1046,38569
6,39621,646,0.0,5219,1046,38575
11,39632,646,0.0,5220,1046,38586
6,39638,646,0.0,5221,1046,38592
2,39640,646,0.0,5222,1046,38594
17,39657,646,0.0,5223,1046,38611
7,39664,646,0.0,5224,1046,38618
3,39667,646,0.0,5225,1046,38621
9,39676,646,0.0,5226,1046,38630
4,39680,646,0.0,5227,1046,38634
7,39687,646,0.0,5228,1046,38641
9,39696,646,0.0,5229,1046,38650
7,39703,647,1.0,5230,1046,38657
2,39705,647,0.0,5231,1046,38659
18,39723,647,0.0,5232,1046,38677
27,39750,647,0.0,5233,1046,38704
3,39753,647,0.0,5234,1046,38707
9,39762,647,0.0,5235,1046,38716
2,39764,647,0.0,5236,1046,38718
3,39767,647,0.0,5237,1046,38721
7,39774,648,1.0,5238,1046,38728
10,39784,648,0.0,5239,1046,38738
10,39794,648,0.0,5240,1046,38748
4,39798,648,0.0,5241,1046,38752
18,39816,648,0.0,5242,1046,38770
7,39823,648,0.0,5243,1046,38777
8,39831,648,0.0,5244,1046,38785
3,39834,648,0.0,5245,1046,38788
7,39841,649,1.0,5246,1046,38795
3,39844,649,0.0,5247,1046,38798
2,39846,649,0.0,5248,1046,38800
12,39858,649,0.0,5249,1046,38812
2,39860,649,0.0,5250,1046,38814
6,39866,649,0.0,5251,1046,38820
9,39875,649,0.0,5252,1046,38829
19,39894,649,0.0,5253,1046,38848
2,39896,649,0.0,5254,1046,38850
5,39901,649,0.0,5255,1046,38855
9,39910,649,0.0,5256,1046,38864
7,39917,650,1.0,5257,1046,38871
12,39929,650,0.0,5258,1046,38883
8,39937,650,0.0,5259,1046,38891
3,39940,650,0.0,5260,1046,38894
13,39953,650,0.0,5261,1046,38907
6,39959,650,0.0,5262,1046,38913
5,39964,650,0.0,5263,1046,38918
4,39968,650,0.0,5264,1046,38922
3,39971,650,0.0,5265,1046,38925
4,39975,650,0.0,5266,1046,38929
2,39977,650,0.0,5267,1046,38931
5,39982,650,0.0,5268,1046,38936
11,39993,650,0.0,5269,1046,38947
11,40004,650,0.0,5270,1046,38958
5,40009,650,0.0,5271,1046,38963
11,40020,651,1.0,5272,1046,38974
3,40023,651,0.0,5273,1046,38977
4,40027,651,0.0,5274,1046,38981
13,40040,651,0.0,5275,1046,38994
15,40055,652,1.0,5276,1046,39009
4,40059,652,0.0,5277,1046,39013
2,40061,652,0.0,5278,1046,39015
4,40065,652,0.0,5279,1046,39019
7,40072,653,1.0,5280,1046,39026
7,40079,653,0.0,5281,1046,39033
8,40087,653,0.0,5282,1046,39041
12,40099,653,0.0,5283,1046,39053
10,40109,653,0.0,5284,1046,39063
9,40118,653,0.0,5285,1046,39072
7,40125,654,1.0,5286,1046,39079
6,40131,654,0.0,5287,1046,39085
10,40141,654,0.0,5288,1046,39095
3,40144,654,0.0,5289,1046,39098
4,40148,654,0.0,5290,1046,39102
3,40151,654,0.0,5291,1046,39105
12,40163,654,0.0,5292,1046,39117
6,40169,654,0.0,5293,1046,39123
8,40177,654,0.0,5294,1046,39131
7,40184,655,1.0,5295,1046,39138
4,40188,655,0.0,5296,1046,39142
7,40195,656,1.0,5297,1046,39149
3,40198,656,0.0,5298,1046,39152
12,40210,656,0.0,5299,1046,39164
9,40219,656,0.0,5300,1046,39173
7,40226,656,0.0,5301,1046,39180
2,40228,656,0.0,5302,1046,39182
9,40237,656,0.0,5303,1046,39191
7,40244,657,1.0,5304,1046,39198
7,40251,658,1.0,5305,1046,39205
7,40258,659,1.0,5306,1046,39212
10,40268,659,0.0,5307,1046,39222
2,40270,659,0.0,5308,1046,39224
7,40277,659,0.0,5309,1046,39231
6,40283,659,0.0,5310,1046,39237
7,40290,659,0.0,5311,1046,39244
3,40293,659,0.0,5312,1046,39247
6,40299,659,0.0,5313,1046,39253
8,40307,659,0.0,5314,1046,39261
8,40315,659,0.0,5315,1046,39269
2,40317,659,0.0,5316,1046,39271
12,40329,659,0.0,5317,1046,39283
7,40336,659,0.0,5318,1046,39290
18,40354,659,0.0,5319,1046,39308
8,40362,659,0.0,5320,1046,39316
12,40374,659,0.0,5321,1046,39328
7,40381,660,1.0,5322,1046,39335
8,40389,660,0.0,5323,1046,39343
2,40391,660,0.0,5324,1046,39345
12,40403,660,0.0,5325,1046,39357
3,40406,660,0.0,5326,1046,39360
2,40408,660,0.0,5327,1046,39362
6,40414,660,0.0,5328,1046,39368
6,40420,660,0.0,5329,1046,39374
6,40426,660,0.0,5330,1046,39380
7,40433,661,1.0,5331,1046,39387
7,40440,662,1.0,5332,1046,39394
2,40442,662,0.0,5333,1046,39396
7,40449,663,1.0,5334,1046,39403
19,40468,663,0.0,5335,1046,39422
13,40481,663,0.0,5336,1046,39435
2,40483,663,0.0,5337,1046,39437
7,40490,664,1.0,5338,1046,39444
3,40493,664,0.0,5339,1046,39447
7,40500,665,1.0,5340,1046,39454
7,40507,666,1.0,5341,1046,39461
9,40516,666,0.0,5342,1046,39470
4,40520,666,0.0,5343,1046,39474
7,40527,666,0.0,5344,1046,39481
7,40534,666,0.0,5345,1046,39488
7,40541,666,0.0,5346,1046,39495
6,40547,666,0.0,5347,1046,39501
10,40557,666,0.0,5348,1046,39511
28,40585,666,0.0,5349,1046,39539
14,40599,666,0.0,5350,1046,39553
7,40606,667,1.0,5351,1046,39560
3,40609,667,0.0,5352,1046,39563
9,40618,667,0.0,5353,1046,39572
3,40621,667,0.0,5354,1046,39575
7,40628,668,1.0,5355,1046,39582
7,40635,669,1.0,5356,1046,39589
9,40644,669,0.0,5357,1046,39598
4,40648,669,0.0,5358,1046,39602
17,40665,669,0.0,5359,1046,39619
12,40677,669,0.0,5360,1046,39631
9,40686,669,0.0,5361,1046,39640
8,40694,669,0.0,5362,1046,39648
4,40698,669,0.0,5363,1046,39652
9,40707,669,0.0,5364,1046,39661
11,40718,669,0.0,5365,1046,39672
17,40735,669,0.0,5366,1046,39689
16,40751,669,0.0,5367,1046,39705
7,40758,670,1.0,5368,1046,39712
7,40765,670,0.0,5369,1046,39719
2,40767,670,0.0,5370,1046,39721
8,40775,670,0.0,5371,1046,39729
4,40779,670,0.0,5372,1046,39733
8,40787,670,0.0,5373,1046,39741
2,40789,670,0.0,5374,1046,39743
7,40796,671,1.0,5375,1046,39750
8,40804,671,0.0,5376,1046,39758
2,40806,671,0.0,5377,1046,39760
6,40812,671,0.0,5378,1046,39766
4,40816,671,0.0,5379,1046,39770
11,40827,672,1.0,5380,1046,39781
4,40831,672,0.0,5381,1046,39785
4,40835,672,0.0,5382,1046,39789
2,40837,672,0.0,5383,1046,39791
15,40852,672,0.0,5384,1046,39806
6,40858,672,0.0,5385,1046,39812
2,40860,672,0.0,5386,1046,39814
8,40868,672,0.0,5387,1046,39822
12,40880,672,0.0,5388,1046,39834
4,40884,672,0.0,5389,1046,39838
12,40896,672,0.0,5390,1046,39850
2,40898,672,0.0,5391,1046,39852
7,40905,673,1.0,5392,1046,39859
2,40907,673,0.0,5393,1046,39861
6,40913,673,0.0,5394,1046,39867
7,40920,674,1.0,5395,1046,39874
6,40926,674,0.0,5396,1046,39880
6,40932,674,0.0,5397,1046,39886
4,40936,674,0.0,5398,1046,39890
4,40940,674,0.0,5399,1046,39894
10,40950,674,0.0,5400,1046,39904
7,40957,675,1.0,5401,1046,39911
4,40961,675,0.0,5402,1046,39915
5,40966,675,0.0,5403,1046,39920
10,40976,675,0.0,5404,1046,39930
7,40983,676,1.0,5405,1046,39937
3,40986,676,0.0,5406,1046,39940
6,40992,676,0.0,5407,1046,39946
15,41007,676,0.0,5408,1046,39961
4,41011,676,0.0,5409,1046,39965
7,41018,676,0.0,5410,1046,39972
7,41025,677,1.0,5411,1046,39979
9,41034,677,0.0,5412,1046,39988
6,41040,677,0.0,5413,1046,39994
11,41051,677,0.0,5414,1046,40005
7,41058,678,1.0,5415,1046,40012
2,41060,678,0.0,5416,1046,40014
3,41063,678,0.0,5417,1046,40017
6,41069,678,0.0,5418,1046,40023
3,41072,678,0.0,5419,1046,40026
8,41080,678,0.0,5420,1046,40034
7,41087,678,0.0,5421,1046,40041
7,41094,679,1.0,5422,1046,40048
5,41099,679,0.0,5423,1046,40053
15,41114,680,1.0,5424,1046,40068
7,41121,681,1.0,5425,1046,40075
7,41128,682,1.0,5426,1046,40082
10,41138,682,0.0,5427,1046,40092
12,41150,682,0.0,5428,1046,40104
7,41157,683,1.0,5429,1046,40111
4,41161,683,0.0,5430,1046,40115
17,41178,683,0.0,5431,1046,40132
7,41185,684,1.0,5432,1046,40139
10,41195,684,0.0,5433,1046,40149
4,41199,684,0.0,5434,1046,40153
4,41203,684,0.0,5435,1046,40157
8,41211,684,0.0,5436,1046,40165
6,41217,684,0.0,5437,1046,40171
2,41219,684,0.0,5438,1046,40173
10,41229,684,0.0,5439,1046,40183
4,41233,684,0.0,5440,1046,40187
2,41235,684,0.0,5441,1046,40189
2,41237,684,0.0,5442,1046,40191
7,41244,685,1.0,5443,1046,40198
7,41251,686,1.0,5444,1046,40205
7,41258,687,1.0,5445,1046,40212
7,41265,687,0.0,5446,1046,40219
9,41274,687,0.0,5447,1046,40228
13,41287,687,0.0,5448,1046,40241
4,41291,687,0.0,5449,1046,40245
13,41304,687,0.0,5450,1046,40258
4,41308,687,0.0,5451,1046,40262
7,41315,688,1.0,5452,1046,40269
27,41342,688,0.0,5453,1046,40296
6,41348,688,0.0,5454,1046,40302
12,41360,688,0.0,5455,1046,40314
17,41377,688,0.0,5456,1046,40331
7,41384,689,1.0,5457,1046,40338
3,41387,689,0.0,5458,1046,40341
10,41397,689,0.0,5459,1046,40351
3,41400,689,0.0,5460,1046,40354
2,41402,689,0.0,5461,1046,40356
6,41408,689,0.0,5462,1046,40362
10,41418,689,0.0,5463,1046,40372
13,41431,689,0.0,5464,1046,40385
9,41440,689,0.0,5465,1046,40394
2,41442,689,0.0,5466,1046,40396
3,41445,689,0.0,5467,1046,40399
2,41447,689,0.0,5468,1046,40401
3,41450,689,0.0,5469,1046,40404
2,41452,689,0.0,5470,1046,40406
7,41459,690,1.0,5471,1046,40413
3,41462,690,0.0,5472,1046,40416
5,41467,690,0.0,5473,1046,40421
4,41471,690,0.0,5474,1046,40425
16,41487,690,0.0,5475,1046,40441
5,41492,690,0.0,5476,1046,40446
4,41496,690,0.0,5477,1046,40450
2,41498,690,0.0,5478,1046,40452
10,41508,690,0.0,5479,1046,40462
8,41516,690,0.0,5480,1046,40470
7,41523,691,1.0,5481,1046,40477
6,41529,691,0.0,5482,1046,40483
11,41540,692,1.0,5483,1046,40494
4,41544,692,0.0,5484,1046,40498
7,41551,693,1.0,5485,1046,40505
15,41566,693,0.0,5486,1046,40520
7,41573,694,1.0,5487,1046,40527
12,41585,694,0.0,5488,1046,40539
10,41595,694,0.0,5489,1046,40549
10,41605,694,0.0,5490,1046,40559
2,41607,694,0.0,5491,1046,40561
12,41619,694,0.0,5492,1046,40573
12,41631,694,0.0,5493,1046,40585
8,41639,694,0.0,5494,1046,40593
3,41642,694,0.0,5495,1046,40596
2,41644,694,0.0,5496,1046,40598
12,41656,694,0.0,5497,1046,40610
5,41661,694,0.0,5498,1046,40615
5,41666,694,0.0,5499,1046,40620
9,41675,694,0.0,5500,1046,40629
6,41681,694,0.0,5501,1046,40635
2,41683,694,0.0,5502,1046,40637
3,41686,694,0.0,5503,1046,40640
9,41695,694,0.0,5504,1046,40649
7,41702,695,1.0,5505,1046,40656
13,41715,695,0.0,5506,1046,40669
4,41719,695,0.0,5507,1046,40673
3,41722,695,0.0,5508,1046,40676
4,41726,695,0.0,5509,1046,40680
4,41730,695,0.0,5510,1046,40684
3,41733,695,0.0,5511,1046,40687
15,41748,696,1.0,5512,1046,40702
13,41761,696,0.0,5513,1046,40715
9,41770,696,0.0,5514,1046,40724
5,41775,696,0.0,5515,1046,40729
3,41778,696,0.0,5516,1046,40732
7,41785,697,1.0,5517,1046,40739
2,41787,697,0.0,5518,1046,40741
9,41796,697,0.0,5519,1046,40750
6,41802,697,0.0,5520,1046,40756
7,41809,698,1.0,5521,1046,40763
2,41811,698,0.0,5522,1046,40765
6,41817,698,0.0,5523,1046,40771
2,41819,698,0.0,5524,1046,40773
19,41838,698,0.0,5525,1046,40792
4,41842,698,0.0,5526,1046,40796
7,41849,699,1.0,5527,1046,40803
9,41858,699,0.0,5528,1046,40812
13,41871,699,0.0,5529,1046,40825
11,41882,700,1.0,5530,1046,40836
16,41898,700,0.0,5531,1046,40852
8,41906,700,0.0,5532,1046,40860
10,41916,700,0.0,5533,1046,40870
17,41933,700,0.0,5534,1046,40887
10,41943,700,0.0,5535,1046,40897
6,41949,700,0.0,5536,1046,40903
2,41951,700,0.0,5537,1046,40905
15,41966,700,0.0,5538,1046,40920
5,41971,700,0.0,5539,1046,40925
7,41978,701,1.0,5540,1046,40932
9,41987,701,0.0,5541,1046,40941
9,41996,701,0.0,5542,1046,40950
7,42003,702,1.0,5543,1046,40957
4,42007,702,0.0,5544,1046,40961
7,42014,703,1.0,5545,1046,40968
26,42040,704,1.0,5546,1046,40994
9,42049,704,0.0,5547,1046,41003
7,42056,705,1.0,5548,1046,41010
6,42062,705,0.0,5549,1046,41016
10,42072,705,0.0,5550,1046,41026
4,42076,705,0.0,5551,1046,41030
4,42080,705,0.0,5552,1046,41034
6,42086,705,0.0,5553,1046,41040
13,42099,705,0.0,5554,1046,41053
9,42108,705,0.0,5555,1046,41062
9,42117,705,0.0,5556,1046,41071
7,42124,706,1.0,5557,1046,41078
7,42131,707,1.0,5558,1046,41085
6,42137,707,0.0,5559,1046,41091
8,42145,707,0.0,5560,1046,41099
10,42155,707,0.0,5561,1046,41109
7,42162,708,1.0,5562,1046,41116
6,42168,708,0.0,5563,1046,41122
7,42175,709,1.0,5564,1046,41129
4,42179,709,0.0,5565,1046,41133
15,42194,709,0.0,5566,1046,41148
10,42204,709,0.0,5567,1046,41158
6,42210,709,0.0,5568,1046,41164
9,42219,709,0.0,5569,1046,41173
4,42223,709,0.0,5570,1046,41177
9,42232,709,0.0,5571,1046,41186
12,42244,709,0.0,5572,1046,41198
2,42246,709,0.0,5573,1046,41200
6,42252,709,0.0,5574,1046,41206
3,42255,709,0.0,5575,1046,41209
2,42257,709,0.0,5576,1046,41211
14,42271,709,0.0,5577,1046,41225
2,42273,709,0.0,5578,1046,41227
2,42275,709,0.0,5579,1046,41229
20,42295,709,0.0,5580,1046,41249
4,42299,709,0.0,5581,1046,41253
11,42310,710,1.0,5582,1046,41264
6,42316,710,0.0,5583,1046,41270
10,42326,710,0.0,5584,1046,41280
3,42329,710,0.0,5585,1046,41283
9,42338,710,0.0,5586,1046,41292
9,42347,710,0.0,5587,1046,41301
6,42353,710,0.0,5588,1046,41307
4,42357,710,0.0,5589,1046,41311
4,42361,710,0.0,5590,1046,41315
2,42363,710,0.0,5591,1046,41317
10,42373,710,0.0,5592,1046,41327
9,42382,710,0.0,5593,1046,41336
7,42389,711,1.0,5594,1046,41343
2,42391,711,0.0,5595,1046,41345
7,42398,711,0.0,5596,1046,41352
2,42400,711,0.0,5597,1046,41354
8,42408,711,0.0,5598,1046,41362
7,42415,712,1.0,5599,1046,41369
3,42418,712,0.0,5600,1046,41372
7,42425,713,1.0,5601,1046,41379
11,42436,714,1.0,5602,1046,41390
4,42440,714,0.0,5603,1046,41394
2,42442,714,0.0,5604,1046,41396
3,42445,714,0.0,5605,1046,41399
15,42460,714,0.0,5606,1046,41414
12,42472,714,0.0,5607,1046,41426
6,42478,714,0.0,5608,1046,41432
7,42485,715,1.0,5609,1046,41439
2,42487,715,0.0,5610,1046,41441
6,42493,715,0.0,5611,1046,41447
10,42503,715,0.0,5612,1046,41457
10,42513,715,0.0,5613,1046,41467
12,42525,715,0.0,5614,1046,41479
3,42528,715,0.0,5615,1046,41482
8,42536,715,0.0,5616,1046,41490
12,42548,715,0.0,5617,1046,41502
7,42555,716,1.0,5618,1046,41509
4,42559,716,0.0,5619,1046,41513
10,42569,716,0.0,5620,1046,41523
3,42572,716,0.0,5621,1046,41526
8,42580,716,0.0,5622,1046,41534
7,42587,717,1.0,5623,1046,41541
4,42591,717,0.0,5624,1046,41545
11,42602,718,1.0,5625,1046,41556
3,42605,718,0.0,5626,1046,41559
7,42612,718,0.0,5627,1046,41566
16,42628,718,0.0,5628,1046,41582
6,42634,718,0.0,5629,1046,41588
2,42636,718,0.0,5630,1046,41590
5,42641,718,0.0,5631,1046,41595
7,42648,719,1.0,5632,1046,41602
2,42650,719,0.0,5633,1046,41604
9,42659,719,0.0,5634,1046,41613
7,42666,719,0.0,5635,1046,41620
2,42668,719,0.0,5636,1046,41622
4,42672,719,0.0,5637,1046,41626
7,42679,720,1.0,5638,1046,41633
7,42686,721,1.0,5639,1046,41640
4,42690,721,0.0,5640,1046,41644
6,42696,721,0.0,5641,1046,41650
5,42701,721,0.0,5642,1046,41655
7,42708,721,0.0,5643,1046,41662
5,42713,721,0.0,5644,1046,41667
11,42724,722,1.0,5645,1046,41678
4,42728,722,0.0,5646,1046,41682
4,42732,722,0.0,5647,1046,41686
7,42739,723,1.0,5648,1046,41693
7,42746,724,1.0,5649,1046,41700
4,42750,724,0.0,5650,1046,41704
7,42757,725,1.0,5651,1046,41711
7,42764,726,1.0,5652,1046,41718
9,42773,726,0.0,5653,1046,41727
5,42778,726,0.0,5654,1046,41732
20,42798,726,0.0,5655,1046,41752
8,42806,726,0.0,5656,1046,41760
4,42810,726,0.0,5657,1046,41764
9,42819,726,0.0,5658,1046,41773
10,42829,726,0.0,5659,1046,41783
4,42833,726,0.0,5660,1046,41787
4,42837,726,0.0,5661,1046,41791
5,42842,726,0.0,5662,1046,41796
4,42846,726,0.0,5663,1046,41800
10,42856,726,0.0,5664,1046,41810
7,42863,727,1.0,5665,1046,41817
6,42869,727,0.0,5666,1046,41823
16,42885,727,0.0,5667,1046,41839
9,42894,727,0.0,5668,1046,41848
3,42897,727,0.0,5669,1046,41851
3,42900,727,0.0,5670,1046,41854
7,42907,728,1.0,5671,1046,41861
2,42909,728,0.0,5672,1046,41863
5,42914,728,0.0,5673,1046,41868
10,42924,728,0.0,5674,1046,41878
2,42926,728,0.0,5675,1046,41880
10,42936,728,0.0,5676,1046,41890
4,42940,728,0.0,5677,1046,41894
9,42949,728,0.0,5678,1046,41903
19,42968,728,0.0,5679,1046,41922
7,42975,729,1.0,5680,1046,41929
13,42988,729,0.0,5681,1046,41942
4,42992,729,0.0,5682,1046,41946
14,43006,729,0.0,5683,1046,41960
5,43011,729,0.0,5684,1046,41965
14,43025,729,0.0,5685,1046,41979
3,43028,729,0.0,5686,1046,41982
7,43035,730,1.0,5687,1046,41989
2,43037,730,0.0,5688,1046,41991
7,43044,730,0.0,5689,1046,41998
7,43051,731,1.0,5690,1046,42005
9,43060,731,0.0,5691,1046,42014
7,43067,732,1.0,5692,1046,42021
3,43070,732,0.0,5693,1046,42024
4,43074,732,0.0,5694,1046,42028
2,43076,732,0.0,5695,1046,42030
6,43082,732,0.0,5696,1046,42036
9,43091,732,0.0,5697,1046,42045
8,43099,732,0.0,5698,1046,42053
2,43101,732,0.0,5699,1046,42055
8,43109,732,0.0,5700,1046,42063
3,43112,732,0.0,5701,1046,42066
7,43119,733,1.0,5702,1046,42073
9,43128,733,0.0,5703,1046,42082
19,43147,733,0.0,5704,1046,42101
3,43150,733,0.0,5705,1046,42104
7,43157,734,1.0,5706,1046,42111
2,43159,734,0.0,5707,1046,42113
9,43168,734,0.0,5708,1046,42122
5,43173,734,0.0,5709,1046,42127
12,43185,734,0.0,5710,1046,42139
6,43191,734,0.0,5711,1046,42145
3,43194,734,0.0,5712,1046,42148
6,43200,734,0.0,5713,1046,42154
6,43206,734,0.0,5714,1046,42160
6,43212,734,0.0,5715,1046,42166
13,43225,734,0.0,5716,1046,42179
7,43232,735,1.0,5717,1046,42186
8,43240,735,0.0,5718,1046,42194
6,43246,735,0.0,5719,1046,42200
7,43253,735,0.0,5720,1046,42207
15,43268,735,0.0,5721,1046,42222
12,43280,735,0.0,5722,1046,42234
2,43282,735,0.0,5723,1046,42236
23,43305,735,0.0,5724,1046,42259
7,43312,736,1.0,5725,1046,42266
2,43314,736,0.0,5726,1046,42268
7,43321,737,1.0,5727,1046,42275
8,43329,737,0.0,5728,1046,42283
9,43338,737,0.0,5729,1046,42292
5,43343,737,0.0,5730,1046,42297
10,43353,737,0.0,5731,1046,42307
7,43360,738,1.0,5732,1046,42314
7,43367,738,0.0,5733,1046,42321
6,43373,738,0.0,5734,1046,42327
10,43383,738,0.0,5735,1046,42337
7,43390,739,1.0,5736,1046,42344
10,43400,739,0.0,5737,1046,42354
10,43410,739,0.0,5738,1046,42364
2,43412,739,0.0,5739,1046,42366
7,43419,739,0.0,5740,1046,42373
4,43423,739,0.0,5741,1046,42377
7,43430,740,1.0,5742,1046,42384
6,43436,740,0.0,5743,1046,42390
21,43457,740,0.0,5744,1046,42411
9,43466,740,0.0,5745,1046,42420
13,43479,740,0.0,5746,1046,42433
7,43486,741,1.0,5747,1046,42440
4,43490,741,0.0,5748,1046,42444
11,43501,741,0.0,5749,1046,42455
8,43509,741,0.0,5750,1046,42463
16,43525,741,0.0,5751,1046,42479
9,43534,741,0.0,5752,1046,42488
6,43540,741,0.0,5753,1046,42494
4,43544,741,0.0,5754,1046,42498
7,43551,742,1.0,5755,1046,42505
8,43559,742,0.0,5756,1046,42513
6,43565,742,0.0,5757,1046,42519
19,43584,742,0.0,5758,1046,42538
9,43593,742,0.0,5759,1046,42547
5,43598,742,0.0,5760,1046,42552
4,43602,742,0.0,5761,1046,42556
4,43606,742,0.0,5762,1046,42560
17,43623,742,0.0,5763,1046,42577
4,43627,742,0.0,5764,1046,42581
5,43632,742,0.0,5765,1046,42586
5,43637,742,0.0,5766,1046,42591
10,43647,742,0.0,5767,1046,42601
13,43660,742,0.0,5768,1046,42614
5,43665,742,0.0,5769,1046,42619
6,43671,742,0.0,5770,1046,42625
2,43673,742,0.0,5771,1046,42627
2,43675,742,0.0,5772,1046,42629
14,43689,742,0.0,5773,1046,42643
21,43710,742,0.0,5774,1046,42664
14,43724,742,0.0,5775,1046,42678
12,43736,742,0.0,5776,1046,42690
8,43744,742,0.0,5777,1046,42698
2,43746,742,0.0,5778,1046,42700
9,43755,742,0.0,5779,1046,42709
17,43772,742,0.0,5780,1046,42726
9,43781,742,0.0,5781,1046,42735
8,43789,742,0.0,5782,1046,42743
3,43792,742,0.0,5783,1046,42746
11,43803,743,1.0,5784,1046,42757
20,43823,743,0.0,5785,1046,42777
2,43825,743,0.0,5786,1046,42779
4,43829,743,0.0,5787,1046,42783
5,43834,743,0.0,5788,1046,42788
2,43836,743,0.0,5789,1046,42790
7,43843,744,1.0,5790,1046,42797
15,43858,744,0.0,5791,1046,42812
7,43865,744,0.0,5792,1046,42819
4,43869,744,0.0,5793,1046,42823
5,43874,744,0.0,5794,1046,42828
6,43880,744,0.0,5795,1046,42834
6,43886,744,0.0,5796,1046,42840
6,43892,744,0.0,5797,1046,42846
7,43899,745,1.0,5798,1046,42853
2,43901,745,0.0,5799,1046,42855
5,43906,745,0.0,5800,1046,42860
7,43913,746,1.0,5801,1046,42867
4,43917,746,0.0,5802,1046,42871
2,43919,746,0.0,5803,1046,42873
4,43923,746,0.0,5804,1046,42877
3,43926,746,0.0,5805,1046,42880
2,43928,746,0.0,5806,1046,42882
4,43932,746,0.0,5807,1046,42886
7,43939,747,1.0,5808,1046,42893
10,43949,747,0.0,5809,1046,42903
9,43958,747,0.0,5810,1046,42912
9,43967,747,0.0,5811,1046,42921
8,43975,747,0.0,5812,1046,42929
4,43979,747,0.0,5813,1046,42933
6,43985,747,0.0,5814,1046,42939
9,43994,747,0.0,5815,1046,42948
14,44008,747,0.0,5816,1046,42962
2,44010,747,0.0,5817,1046,42964
10,44020,747,0.0,5818,1046,42974
10,44030,747,0.0,5819,1046,42984
8,44038,747,0.0,5820,1046,42992
4,44042,747,0.0,5821,1046,42996
4,44046,747,0.0,5822,1046,43000
5,44051,747,0.0,5823,1046,43005
8,44059,747,0.0,5824,1046,43013
4,44063,747,0.0,5825,1046,43017
10,44073,747,0.0,5826,1046,43027
14,44087,747,0.0,5827,1046,43041
5,44092,747,0.0,5828,1046,43046
4,44096,747,0.0,5829,1046,43050
2,44098,747,0.0,5830,1046,43052
7,44105,748,1.0,5831,1046,43059
18,44123,748,0.0,5832,1046,43077
9,44132,748,0.0,5833,1046,43086
7,44139,749,1.0,5834,1046,43093
2,44141,749,0.0,5835,1046,43095
3,44144,749,0.0,5836,1046,43098
9,44153,749,0.0,5837,1046,43107
3,44156,749,0.0,5838,1046,43110
9,44165,749,0.0,5839,1046,43119
9,44174,749,0.0,5840,1046,43128
2,44176,749,0.0,5841,1046,43130
5,44181,749,0.0,5842,1046,43135
4,44185,749,0.0,5843,1046,43139
2,44187,749,0.0,5844,1046,43141
9,44196,749,0.0,5845,1046,43150
7,44203,749,0.0,5846,1046,43157
2,44205,749,0.0,5847,1046,43159
2,44207,749,0.0,5848,1046,43161
13,44220,749,0.0,5849,1046,43174
3,44223,749,0.0,5850,1046,43177
22,44245,750,1.0,5851,1046,43199
10,44255,750,0.0,5852,1046,43209
7,44262,751,1.0,5853,1046,43216
3,44265,751,0.0,5854,1046,43219
7,44272,752,1.0,5855,1046,43226
7,44279,753,1.0,5856,1046,43233
4,44283,753,0.0,5857,1046,43237
10,44293,753,0.0,5858,1046,43247
7,44300,754,1.0,5859,1046,43254
7,44307,755,1.0,5860,1046,43261
5,44312,755,0.0,5861,1046,43266
7,44319,755,0.0,5862,1046,43273
7,44326,756,1.0,5863,1046,43280
4,44330,756,0.0,5864,1046,43284
12,44342,756,0.0,5865,1046,43296
9,44351,756,0.0,5866,1046,43305
7,44358,756,0.0,5867,1046,43312
7,44365,757,1.0,5868,1046,43319
4,44369,757,0.0,5869,1046,43323
12,44381,757,0.0,5870,1046,43335
19,44400,757,0.0,5871,1046,43354
3,44403,757,0.0,5872,1046,43357
3,44406,757,0.0,5873,1046,43360
12,44418,757,0.0,5874,1046,43372
9,44427,757,0.0,5875,1046,43381
4,44431,757,0.0,5876,1046,43385
10,44441,757,0.0,5877,1046,43395
3,44444,757,0.0,5878,1046,43398
8,44452,757,0.0,5879,1046,43406
2,44454,757,0.0,5880,1046,43408
7,44461,758,1.0,5881,1046,43415
5,44466,758,0.0,5882,1046,43420
10,44476,758,0.0,5883,1046,43430
7,44483,759,1.0,5884,1046,43437
13,44496,759,0.0,5885,1046,43450
2,44498,759,0.0,5886,1046,43452
6,44504,759,0.0,5887,1046,43458
5,44509,759,0.0,5888,1046,43463
7,44516,760,1.0,5889,1046,43470
3,44519,760,0.0,5890,1046,43473
15,44534,760,0.0,5891,1046,43488
21,44555,760,0.0,5892,1046,43509
7,44562,760,0.0,5893,1046,43516
4,44566,760,0.0,5894,1046,43520
2,44568,760,0.0,5895,1046,43522
9,44577,760,0.0,5896,1046,43531
4,44581,760,0.0,5897,1046,43535
2,44583,760,0.0,5898,1046,43537
5,44588,760,0.0,5899,1046,43542
12,44600,760,0.0,5900,1046,43554
10,44610,760,0.0,5901,1046,43564
9,44619,760,0.0,5902,1046,43573
9,44628,760,0.0,5903,1046,43582
12,44640,760,0.0,5904,1046,43594
9,44649,760,0.0,5905,1046,43603
6,44655,760,0.0,5906,1046,43609
9,44664,760,0.0,5907,1046,43618
7,44671,760,0.0,5908,1046,43625
3,44674,760,0.0,5909,1046,43628
6,44680,760,0.0,5910,1046,43634
7,44687,761,1.0,5911,1046,43641
3,44690,761,0.0,5912,1046,43644
5,44695,761,0.0,5913,1046,43649
2,44697,761,0.0,5914,1046,43651
2,44699,761,0.0,5915,1046,43653
5,44704,761,0.0,5916,1046,43658
13,44717,761,0.0,5917,1046,43671
10,44727,761,0.0,5918,1046,43681
8,44735,761,0.0,5919,1046,43689
2,44737,761,0.0,5920,1046,43691
7,44744,762,1.0,5921,1046,43698
2,44746,762,0.0,5922,1046,43700
7,44753,763,1.0,5923,1046,43707
9,44762,763,0.0,5924,1046,43716
3,44765,763,0.0,5925,1046,43719
7,44772,763,0.0,5926,1046,43726
3,44775,763,0.0,5927,1046,43729
4,44779,763,0.0,5928,1046,43733
3,44782,763,0.0,5929,1046,43736
12,44794,763,0.0,5930,1046,43748
7,44801,764,1.0,5931,1046,43755
9,44810,764,0.0,5932,1046,43764
10,44820,764,0.0,5933,1046,43774
7,44827,765,1.0,5934,1046,43781
10,44837,765,0.0,5935,1046,43791
7,44844,766,1.0,5936,1046,43798
6,44850,766,0.0,5937,1046,43804
2,44852,766,0.0,5938,1046,43806
3,44855,766,0.0,5939,1046,43809
10,44865,766,0.0,5940,1046,43819
4,44869,766,0.0,5941,1046,43823
2,44871,766,0.0,5942,1046,43825
7,44878,767,1.0,5943,1046,43832
5,44883,767,0.0,5944,1046,43837
2,44885,767,0.0,5945,1046,43839
16,44901,767,0.0,5946,1046,43855
7,44908,767,0.0,5947,1046,43862
4,44912,767,0.0,5948,1046,43866
4,44916,767,0.0,5949,1046,43870
7,44923,768,1.0,5950,1046,43877
6,44929,768,0.0,5951,1046,43883
9,44938,768,0.0,5952,1046,43892
13,44951,768,0.0,5953,1046,43905
5,44956,768,0.0,5954,1046,43910
4,44960,768,0.0,5955,1046,43914
2,44962,768,0.0,5956,1046,43916
5,44967,768,0.0,5957,1046,43921
9,44976,768,0.0,5958,1046,43930
3,44979,768,0.0,5959,1046,43933
10,44989,768,0.0,5960,1046,43943
2,44991,768,0.0,5961,1046,43945
10,45001,768,0.0,5962,1046,43955
11,45012,768,0.0,5963,1046,43966
7,45019,769,1.0,5964,1046,43973
20,45039,769,0.0,5965,1046,43993
5,45044,769,0.0,5966,1046,43998
9,45053,769,0.0,5967,1046,44007
21,45074,769,0.0,5968,1046,44028
2,45076,769,0.0,5969,1046,44030
9,45085,769,0.0,5970,1046,44039
17,45102,769,0.0,5971,1046,44056
7,45109,770,1.0,5972,1046,44063
17,45126,770,0.0,5973,1046,44080
2,45128,770,0.0,5974,1046,44082
2,45130,770,0.0,5975,1046,44084
5,45135,770,0.0,5976,1046,44089
4,45139,770,0.0,5977,1046,44093
2,45141,770,0.0,5978,1046,44095
8,45149,770,0.0,5979,1046,44103
2,45151,770,0.0,5980,1046,44105
12,45163,770,0.0,5981,1046,44117
6,45169,770,0.0,5982,1046,44123
18,45187,770,0.0,5983,1046,44141
5,45192,770,0.0,5984,1046,44146
7,45199,771,1.0,5985,1046,44153
13,45212,771,0.0,5986,1046,44166
9,45221,771,0.0,5987,1046,44175
7,45228,772,1.0,5988,1046,44182
7,45235,773,1.0,5989,1046,44189
14,45249,773,0.0,5990,1046,44203
17,45266,773,0.0,5991,1046,44220
6,45272,773,0.0,5992,1046,44226
7,45279,774,1.0,5993,1046,44233
2,45281,774,0.0,5994,1046,44235
6,45287,774,0.0,5995,1046,44241
2,45289,774,0.0,5996,1046,44243
9,45298,774,0.0,5997,1046,44252
6,45304,774,0.0,5998,1046,44258
7,45311,774,0.0,5999,1046,44265
9,45320,774,0.0,6000,1046,44274
2,45322,774,0.0,6001,1046,44276
5,45327,774,0.0,6002,1046,44281
9,45336,774,0.0,6003,1046,44290
14,45350,774,0.0,6004,1046,44304
10,45360,774,0.0,6005,1046,44314
17,45377,774,0.0,6006,1046,44331
7,45384,775,1.0,6007,1046,44338
8,45392,775,0.0,6008,1046,44346
4,45396,775,0.0,6009,1046,44350
4,45400,775,0.0,6010,1046,44354
13,45413,775,0.0,6011,1046,44367
7,45420,775,0.0,6012,1046,44374
2,45422,775,0.0,6013,1046,44376
19,45441,775,0.0,6014,1046,44395
14,45455,775,0.0,6015,1046,44409
20,45475,775,0.0,6016,1046,44429
7,45482,776,1.0,6017,1046,44436
10,45492,776,0.0,6018,1046,44446
9,45501,776,0.0,6019,1046,44455
2,45503,776,0.0,6020,1046,44457
6,45509,776,0.0,6021,1046,44463
11,45520,776,0.0,6022,1046,44474
5,45525,776,0.0,6023,1046,44479
7,45532,776,0.0,6024,1046,44486
4,45536,776,0.0,6025,1046,44490
2,45538,776,0.0,6026,1046,44492
8,45546,776,0.0,6027,1046,44500
4,45550,776,0.0,6028,1046,44504
6,45556,776,0.0,6029,1046,44510
6,45562,776,0.0,6030,1046,44516
4,45566,776,0.0,6031,1046,44520
13,45579,776,0.0,6032,1046,44533
4,45583,776,0.0,6033,1046,44537
7,45590,777,1.0,6034,1046,44544
10,45600,777,0.0,6035,1046,44554
7,45607,777,0.0,6036,1046,44561
10,45617,777,0.0,6037,1046,44571
15,45632,777,0.0,6038,1046,44586
7,45639,778,1.0,6039,1046,44593
2,45641,778,0.0,6040,1046,44595
4,45645,778,0.0,6041,1046,44599
7,45652,779,1.0,6042,1046,44606
11,45663,779,0.0,6043,1046,44617
4,45667,779,0.0,6044,1046,44621
18,45685,779,0.0,6045,1046,44639
11,45696,780,1.0,6046,1046,44650
9,45705,780,0.0,6047,1046,44659
2,45707,780,0.0,6048,1046,44661
2,45709,780,0.0,6049,1046,44663
12,45721,780,0.0,6050,1046,44675
5,45726,780,0.0,6051,1046,44680
23,45749,780,0.0,6052,1046,44703
11,45760,781,1.0,6053,1046,44714
8,45768,781,0.0,6054,1046,44722
4,45772,781,0.0,6055,1046,44726
9,45781,781,0.0,6056,1046,44735
3,45784,781,0.0,6057,1046,44738
22,45806,781,0.0,6058,1046,44760
7,45813,782,1.0,6059,1046,44767
6,45819,782,0.0,6060,1046,44773
11,45830,782,0.0,6061,1046,44784
9,45839,782,0.0,6062,1046,44793
9,45848,782,0.0,6063,1046,44802
7,45855,783,1.0,6064,1046,44809
2,45857,783,0.0,6065,1046,44811
4,45861,783,0.0,6066,1046,44815
3,45864,783,0.0,6067,1046,44818
7,45871,784,1.0,6068,1046,44825
2,45873,784,0.0,6069,1046,44827
7,45880,785,1.0,6070,1046,44834
5,45885,785,0.0,6071,1046,44839
3,45888,785,0.0,6072,1046,44842
5,45893,785,0.0,6073,1046,44847
4,45897,785,0.0,6074,1046,44851
3,45900,785,0.0,6075,1046,44854
3,45903,785,0.0,6076,1046,44857
16,45919,785,0.0,6077,1046,44873
7,45926,786,1.0,6078,1046,44880
7,45933,787,1.0,6079,1046,44887
3,45936,787,0.0,6080,1046,44890
2,45938,787,0.0,6081,1046,44892
3,45941,787,0.0,6082,1046,44895
8,45949,787,0.0,6083,1046,44903
16,45965,787,0.0,6084,1046,44919
5,45970,787,0.0,6085,1046,44924
11,45981,787,0.0,6086,1046,44935
25,46006,787,0.0,6087,1046,44960
5,46011,787,0.0,6088,1046,44965
4,46015,787,0.0,6089,1046,44969
34,46049,787,0.0,6090,1046,45003
10,46059,787,0.0,6091,1046,45013
7,46066,788,1.0,6092,1046,45020
2,46068,788,0.0,6093,1046,45022
5,46073,788,0.0,6094,1046,45027
4,46077,788,0.0,6095,1046,45031
9,46086,788,0.0,6096,1046,45040
8,46094,788,0.0,6097,1046,45048
16,46110,788,0.0,6098,1046,45064
3,46113,788,0.0,6099,1046,45067
7,46120,789,1.0,6100,1046,45074
5,46125,789,0.0,6101,1046,45079
3,46128,789,0.0,6102,1046,45082
7,46135,790,1.0,6103,1046,45089
5,46140,790,0.0,6104,1046,45094
9,46149,790,0.0,6105,1046,45103
7,46156,791,1.0,6106,1046,45110
5,46161,791,0.0,6107,1046,45115
4,46165,791,0.0,6108,1046,45119
9,46174,791,0.0,6109,1046,45128
4,46178,791,0.0,6110,1046,45132
13,46191,791,0.0,6111,1046,45145
37,46228,791,0.0,6112,1046,45182
7,46235,792,1.0,6113,1046,45189
14,46249,792,0.0,6114,1046,45203
9,46258,792,0.0,6115,1046,45212
8,46266,792,0.0,6116,1046,45220
7,46273,793,1.0,6117,1046,45227
7,46280,794,1.0,6118,1046,45234
10,46290,794,0.0,6119,1046,45244
12,46302,794,0.0,6120,1046,45256
11,46313,794,0.0,6121,1046,45267
2,46315,794,0.0,6122,1046,45269
7,46322,795,1.0,6123,1046,45276
7,46329,796,1.0,6124,1046,45283
6,46335,796,0.0,6125,1046,45289
10,46345,796,0.0,6126,1046,45299
9,46354,796,0.0,6127,1046,45308
7,46361,797,1.0,6128,1046,45315
4,46365,797,0.0,6129,1046,45319
8,46373,797,0.0,6130,1046,45327
7,46380,798,1.0,6131,1046,45334
8,46388,798,0.0,6132,1046,45342
2,46390,798,0.0,6133,1046,45344
9,46399,798,0.0,6134,1046,45353
7,46406,799,1.0,6135,1046,45360
4,46410,799,0.0,6136,1046,45364
17,46427,799,0.0,6137,1046,45381
7,46434,800,1.0,6138,1046,45388
10,46444,800,0.0,6139,1046,45398
10,46454,800,0.0,6140,1046,45408
16,46470,800,0.0,6141,1046,45424
7,46477,801,1.0,6142,1046,45431
4,46481,801,0.0,6143,1046,45435
2,46483,801,0.0,6144,1046,45437
6,46489,801,0.0,6145,1046,45443
7,46496,802,1.0,6146,1046,45450
7,46503,803,1.0,6147,1046,45457
2,46505,803,0.0,6148,1046,45459
11,46516,804,1.0,6149,1046,45470
4,46520,804,0.0,6150,1046,45474
3,46523,804,0.0,6151,1046,45477
2,46525,804,0.0,6152,1046,45479
14,46539,804,0.0,6153,1046,45493
2,46541,804,0.0,6154,1046,45495
7,46548,805,1.0,6155,1046,45502
4,46552,805,0.0,6156,1046,45506
10,46562,805,0.0,6157,1046,45516
16,46578,805,0.0,6158,1046,45532
9,46587,805,0.0,6159,1046,45541
26,46613,806,1.0,6160,1046,45567
2,46615,806,0.0,6161,1046,45569
10,46625,806,0.0,6162,1046,45579
7,46632,807,1.0,6163,1046,45586
7,46639,808,1.0,6164,1046,45593
16,46655,808,0.0,6165,1046,45609
10,46665,808,0.0,6166,1046,45619
3,46668,808,0.0,6167,1046,45622
7,46675,809,1.0,6168,1046,45629
4,46679,809,0.0,6169,1046,45633
4,46683,809,0.0,6170,1046,45637
9,46692,809,0.0,6171,1046,45646
5,46697,809,0.0,6172,1046,45651
12,46709,809,0.0,6173,1046,45663
9,46718,809,0.0,6174,1046,45672
2,46720,809,0.0,6175,1046,45674
18,46738,809,0.0,6176,1046,45692
8,46746,809,0.0,6177,1046,45700
15,46761,810,1.0,6178,1046,45715
7,46768,811,1.0,6179,1046,45722
4,46772,811,0.0,6180,1046,45726
8,46780,811,0.0,6181,1046,45734
7,46787,812,1.0,6182,1046,45741
5,46792,812,0.0,6183,1046,45746
7,46799,813,1.0,6184,1046,45753
26,46825,814,1.0,6185,1046,45779
2,46827,814,0.0,6186,1046,45781
7,46834,815,1.0,6187,1046,45788
2,46836,815,0.0,6188,1046,45790
7,46843,816,1.0,6189,1046,45797
27,46870,816,0.0,6190,1046,45824
9,46879,816,0.0,6191,1046,45833
3,46882,816,0.0,6192,1046,45836
5,46887,816,0.0,6193,1046,45841
5,46892,816,0.0,6194,1046,45846
6,46898,816,0.0,6195,1046,45852
4,46902,816,0.0,6196,1046,45856
4,46906,816,0.0,6197,1046,45860
5,46911,816,0.0,6198,1046,45865
7,46918,816,0.0,6199,1046,45872
2,46920,816,0.0,6200,1046,45874
2,46922,816,0.0,6201,1046,45876
9,46931,816,0.0,6202,1046,45885
7,46938,817,1.0,6203,1046,45892
7,46945,818,1.0,6204,1046,45899
10,46955,818,0.0,6205,1046,45909
7,46962,819,1.0,6206,1046,45916
7,46969,820,1.0,6207,1046,45923
8,46977,820,0.0,6208,1046,45931
3,46980,820,0.0,6209,1046,45934
12,46992,820,0.0,6210,1046,45946
5,46997,820,0.0,6211,1046,45951
10,47007,820,0.0,6212,1046,45961
7,47014,821,1.0,6213,1046,45968
3,47017,821,0.0,6214,1046,45971
15,47032,822,1.0,6215,1046,45986
7,47039,823,1.0,6216,1046,45993
9,47048,823,0.0,6217,1046,46002
6,47054,823,0.0,6218,1046,46008
6,47060,823,0.0,6219,1046,46014
3,47063,823,0.0,6220,1046,46017
7,47070,824,1.0,6221,1046,46024
5,47075,824,0.0,6222,1046,46029
2,47077,824,0.0,6223,1046,46031
9,47086,824,0.0,6224,1046,46040
20,47106,824,0.0,6225,1046,46060
20,47126,824,0.0,6226,1046,46080
7,47133,825,1.0,6227,1046,46087
7,47140,826,1.0,6228,1046,46094
9,47149,826,0.0,6229,1046,46103
8,47157,826,0.0,6230,1046,46111
6,47163,826,0.0,6231,1046,46117
8,47171,826,0.0,6232,1046,46125
4,47175,826,0.0,6233,1046,46129
11,47186,826,0.0,6234,1046,46140
15,47201,826,0.0,6235,1046,46155
7,47208,827,1.0,6236,1046,46162
6,47214,827,0.0,6237,1046,46168
6,47220,827,0.0,6238,1046,46174
2,47222,827,0.0,6239,1046,46176
7,47229,828,1.0,6240,1046,46183
3,47232,828,0.0,6241,1046,46186
2,47234,828,0.0,6242,1046,46188
7,47241,829,1.0,6243,1046,46195
12,47253,829,0.0,6244,1046,46207
10,47263,829,0.0,6245,1046,46217
7,47270,829,0.0,6246,1046,46224
7,47277,830,1.0,6247,1046,46231
4,47281,830,0.0,6248,1046,46235
17,47298,830,0.0,6249,1046,46252
6,47304,830,0.0,6250,1046,46258
4,47308,830,0.0,6251,1046,46262
4,47312,830,0.0,6252,1046,46266
7,47319,830,0.0,6253,1046,46273
5,47324,830,0.0,6254,1046,46278
6,47330,830,0.0,6255,1046,46284
9,47339,830,0.0,6256,1046,46293
7,47346,831,1.0,6257,1046,46300
6,47352,831,0.0,6258,1046,46306
6,47358,831,0.0,6259,1046,46312
4,47362,831,0.0,6260,1046,46316
7,47369,832,1.0,6261,1046,46323
9,47378,832,0.0,6262,1046,46332
7,47385,833,1.0,6263,1046,46339
4,47389,833,0.0,6264,1046,46343
7,47396,834,1.0,6265,1046,46350
10,47406,834,0.0,6266,1046,46360
12,47418,834,0.0,6267,1046,46372
16,47434,834,0.0,6268,1046,46388
17,47451,834,0.0,6269,1046,46405
9,47460,834,0.0,6270,1046,46414
12,47472,834,0.0,6271,1046,46426
6,47478,834,0.0,6272,1046,46432
6,47484,834,0.0,6273,1046,46438
9,47493,834,0.0,6274,1046,46447
3,47496,834,0.0,6275,1046,46450
6,47502,834,0.0,6276,1046,46456
7,47509,835,1.0,6277,1046,46463
9,47518,835,0.0,6278,1046,46472
4,47522,835,0.0,6279,1046,46476
2,47524,835,0.0,6280,1046,46478
7,47531,836,1.0,6281,1046,46485
7,47538,837,1.0,6282,1046,46492
5,47543,837,0.0,6283,1046,46497
6,47549,837,0.0,6284,1046,46503
16,47565,837,0.0,6285,1046,46519
7,47572,838,1.0,6286,1046,46526
3,47575,838,0.0,6287,1046,46529
7,47582,839,1.0,6288,1046,46536
6,47588,839,0.0,6289,1046,46542
10,47598,839,0.0,6290,1046,46552
9,47607,839,0.0,6291,1046,46561
4,47611,839,0.0,6292,1046,46565
5,47616,839,0.0,6293,1046,46570
14,47630,839,0.0,6294,1046,46584
5,47635,839,0.0,6295,1046,46589
4,47639,839,0.0,6296,1046,46593
2,47641,839,0.0,6297,1046,46595
6,47647,839,0.0,6298,1046,46601
2,47649,839,0.0,6299,1046,46603
3,47652,839,0.0,6300,1046,46606
11,47663,839,0.0,6301,1046,46617
3,47666,839,0.0,6302,1046,46620
9,47675,839,0.0,6303,1046,46629
9,47684,839,0.0,6304,1046,46638
7,47691,840,1.0,6305,1046,46645
2,47693,840,0.0,6306,1046,46647
8,47701,840,0.0,6307,1046,46655
10,47711,840,0.0,6308,1046,46665
3,47714,840,0.0,6309,1046,46668
6,47720,840,0.0,6310,1046,46674
12,47732,840,0.0,6311,1046,46686
2,47734,840,0.0,6312,1046,46688
5,47739,840,0.0,6313,1046,46693
7,47746,841,1.0,6314,1046,46700
9,47755,841,0.0,6315,1046,46709
8,47763,841,0.0,6316,1046,46717
2,47765,841,0.0,6317,1046,46719
10,47775,841,0.0,6318,1046,46729
7,47782,842,1.0,6319,1046,46736
9,47791,842,0.0,6320,1046,46745
2,47793,842,0.0,6321,1046,46747
7,47800,843,1.0,6322,1046,46754
3,47803,843,0.0,6323,1046,46757
7,47810,844,1.0,6324,1046,46764
17,47827,844,0.0,6325,1046,46781
2,47829,844,0.0,6326,1046,46783
7,47836,845,1.0,6327,1046,46790
4,47840,845,0.0,6328,1046,46794
9,47849,845,0.0,6329,1046,46803
2,47851,845,0.0,6330,1046,46805
8,47859,845,0.0,6331,1046,46813
2,47861,845,0.0,6332,1046,46815
2,47863,845,0.0,6333,1046,46817
12,47875,845,0.0,6334,1046,46829
7,47882,846,1.0,6335,1046,46836
6,47888,846,0.0,6336,1046,46842
14,47902,846,0.0,6337,1046,46856
7,47909,847,1.0,6338,1046,46863
2,47911,847,0.0,6339,1046,46865
10,47921,847,0.0,6340,1046,46875
12,47933,847,0.0,6341,1046,46887
3,47936,847,0.0,6342,1046,46890
13,47949,847,0.0,6343,1046,46903
2,47951,847,0.0,6344,1046,46905
13,47964,847,0.0,6345,1046,46918
7,47971,848,1.0,6346,1046,46925
4,47975,848,0.0,6347,1046,46929
2,47977,848,0.0,6348,1046,46931
2,47979,848,0.0,6349,1046,46933
6,47985,848,0.0,6350,1046,46939
15,48000,848,0.0,6351,1046,46954
12,48012,848,0.0,6352,1046,46966
8,48020,848,0.0,6353,1046,46974
4,48024,848,0.0,6354,1046,46978
7,48031,848,0.0,6355,1046,46985
2,48033,848,0.0,6356,1046,46987
3,48036,848,0.0,6357,1046,46990
21,48057,848,0.0,6358,1046,47011
5,48062,848,0.0,6359,1046,47016
5,48067,848,0.0,6360,1046,47021
7,48074,849,1.0,6361,1046,47028
11,48085,850,1.0,6362,1046,47039
16,48101,850,0.0,6363,1046,47055
4,48105,850,0.0,6364,1046,47059
8,48113,850,0.0,6365,1046,47067
6,48119,850,0.0,6366,1046,47073
4,48123,850,0.0,6367,1046,47077
3,48126,850,0.0,6368,1046,47080
7,48133,851,1.0,6369,1046,47087
7,48140,852,1.0,6370,1046,47094
6,48146,852,0.0,6371,1046,47100
7,48153,853,1.0,6372,1046,47107
9,48162,853,0.0,6373,1046,47116
7,48169,854,1.0,6374,1046,47123
12,48181,854,0.0,6375,1046,47135
14,48195,854,0.0,6376,1046,47149
7,48202,855,1.0,6377,1046,47156
2,48204,855,0.0,6378,1046,47158
7,48211,856,1.0,6379,1046,47165
5,48216,856,0.0,6380,1046,47170
3,48219,856,0.0,6381,1046,47173
5,48224,856,0.0,6382,1046,47178
10,48234,856,0.0,6383,1046,47188
5,48239,856,0.0,6384,1046,47193
9,48248,856,0.0,6385,1046,47202
5,48253,856,0.0,6386,1046,47207
2,48255,856,0.0,6387,1046,47209
4,48259,856,0.0,6388,1046,47213
15,48274,856,0.0,6389,1046,47228
9,48283,856,0.0,6390,1046,47237
7,48290,857,1.0,6391,1046,47244
5,48295,857,0.0,6392,1046,47249
9,48304,857,0.0,6393,1046,47258
5,48309,857,0.0,6394,1046,47263
7,48316,858,1.0,6395,1046,47270
7,48323,859,1.0,6396,1046,47277
2,48325,859,0.0,6397,1046,47279
6,48331,859,0.0,6398,1046,47285
8,48339,859,0.0,6399,1046,47293
11,48350,859,0.0,6400,1046,47304
12,48362,859,0.0,6401,1046,47316
17,48379,859,0.0,6402,1046,47333
7,48386,860,1.0,6403,1046,47340
14,48400,860,0.0,6404,1046,47354
18,48418,860,0.0,6405,1046,47372
4,48422,860,0.0,6406,1046,47376
13,48435,860,0.0,6407,1046,47389
37,48472,861,1.0,6408,1046,47426
12,48484,861,0.0,6409,1046,47438
10,48494,861,0.0,6410,1046,47448
3,48497,861,0.0,6411,1046,47451
16,48513,861,0.0,6412,1046,47467
2,48515,861,0.0,6413,1046,47469
17,48532,861,0.0,6414,1046,47486
9,48541,861,0.0,6415,1046,47495
12,48553,861,0.0,6416,1046,47507
11,48564,862,1.0,6417,1046,47518
9,48573,862,0.0,6418,1046,47527
3,48576,862,0.0,6419,1046,47530
6,48582,862,0.0,6420,1046,47536
3,48585,862,0.0,6421,1046,47539
6,48591,862,0.0,6422,1046,47545
7,48598,863,1.0,6423,1046,47552
9,48607,863,0.0,6424,1046,47561
7,48614,864,1.0,6425,1046,47568
3,48617,864,0.0,6426,1046,47571
11,48628,865,1.0,6427,1046,47582
18,48646,865,0.0,6428,1046,47600
8,48654,865,0.0,6429,1046,47608
10,48664,865,0.0,6430,1046,47618
10,48674,865,0.0,6431,1046,47628
9,48683,865,0.0,6432,1046,47637
5,48688,865,0.0,6433,1046,47642
5,48693,865,0.0,6434,1046,47647
15,48708,866,1.0,6435,1046,47662
12,48720,866,0.0,6436,1046,47674
2,48722,866,0.0,6437,1046,47676
8,48730,866,0.0,6438,1046,47684
9,48739,866,0.0,6439,1046,47693
25,48764,866,0.0,6440,1046,47718
7,48771,866,0.0,6441,1046,47725
6,48777,866,0.0,6442,1046,47731
3,48780,866,0.0,6443,1046,47734
6,48786,866,0.0,6444,1046,47740
2,48788,866,0.0,6445,1046,47742
9,48797,866,0.0,6446,1046,47751
9,48806,866,0.0,6447,1046,47760
9,48815,866,0.0,6448,1046,47769
9,48824,866,0.0,6449,1046,47778
5,48829,866,0.0,6450,1046,47783
7,48836,866,0.0,6451,1046,47790
11,48847,866,0.0,6452,1046,47801
4,48851,866,0.0,6453,1046,47805
9,48860,866,0.0,6454,1046,47814
3,48863,866,0.0,6455,1046,47817
3,48866,866,0.0,6456,1046,47820
3,48869,866,0.0,6457,1046,47823
2,48871,866,0.0,6458,1046,47825
8,48879,866,0.0,6459,1046,47833
7,48886,866,0.0,6460,1046,47840
11,48897,866,0.0,6461,1046,47851
7,48904,867,1.0,6462,1046,47858
2,48906,867,0.0,6463,1046,47860
12,48918,867,0.0,6464,1046,47872
2,48920,867,0.0,6465,1046,47874
3,48923,867,0.0,6466,1046,47877
3,48926,867,0.0,6467,1046,47880
7,48933,868,1.0,6468,1046,47887
7,48940,869,1.0,6469,1046,47894
20,48960,869,0.0,6470,1046,47914
2,48962,869,0.0,6471,1046,47916
2,48964,869,0.0,6472,1046,47918
6,48970,869,0.0,6473,1046,47924
5,48975,869,0.0,6474,1046,47929
9,48984,869,0.0,6475,1046,47938
4,48988,869,0.0,6476,1046,47942
10,48998,869,0.0,6477,1046,47952
7,49005,869,0.0,6478,1046,47959
2,49007,869,0.0,6479,1046,47961
3,49010,869,0.0,6480,1046,47964
3,49013,869,0.0,6481,1046,47967
7,49020,869,0.0,6482,1046,47974
4,49024,869,0.0,6483,1046,47978
7,49031,870,1.0,6484,1046,47985
8,49039,870,0.0,6485,1046,47993
19,49058,870,0.0,6486,1046,48012
9,49067,870,0.0,6487,1046,48021
13,49080,870,0.0,6488,1046,48034
3,49083,870,0.0,6489,1046,48037
2,49085,870,0.0,6490,1046,48039
7,49092,871,1.0,6491,1046,48046
7,49099,872,1.0,6492,1046,48053
7,49106,873,1.0,6493,1046,48060
4,49110,873,0.0,6494,1046,48064
7,49117,874,1.0,6495,1046,48071
9,49126,874,0.0,6496,1046,48080
2,49128,874,0.0,6497,1046,48082
4,49132,874,0.0,6498,1046,48086
6,49138,874,0.0,6499,1046,48092
11,49149,874,0.0,6500,1046,48103
2,49151,874,0.0,6501,1046,48105
9,49160,874,0.0,6502,1046,48114
5,49165,874,0.0,6503,1046,48119
9,49174,874,0.0,6504,1046,48128
7,49181,875,1.0,6505,1046,48135
7,49188,875,0.0,6506,1046,48142
7,49195,876,1.0,6507,1046,48149
4,49199,876,0.0,6508,1046,48153
10,49209,876,0.0,6509,1046,48163
7,49216,877,1.0,6510,1046,48170
12,49228,877,0.0,6511,1046,48182
12,49240,877,0.0,6512,1046,48194
9,49249,877,0.0,6513,1046,48203
9,49258,877,0.0,6514,1046,48212
7,49265,878,1.0,6515,1046,48219
6,49271,878,0.0,6516,1046,48225
6,49277,878,0.0,6517,1046,48231
7,49284,879,1.0,6518,1046,48238
4,49288,879,0.0,6519,1046,48242
7,49295,880,1.0,6520,1046,48249
10,49305,880,0.0,6521,1046,48259
3,49308,880,0.0,6522,1046,48262
3,49311,880,0.0,6523,1046,48265
7,49318,880,0.0,6524,1046,48272
6,49324,880,0.0,6525,1046,48278
24,49348,880,0.0,6526,1046,48302
8,49356,880,0.0,6527,1046,48310
10,49366,880,0.0,6528,1046,48320
4,49370,880,0.0,6529,1046,48324
12,49382,880,0.0,6530,1046,48336
2,49384,880,0.0,6531,1046,48338
8,49392,880,0.0,6532,1046,48346
7,49399,881,1.0,6533,1046,48353
7,49406,882,1.0,6534,1046,48360
7,49413,883,1.0,6535,1046,48367
4,49417,883,0.0,6536,1046,48371
4,49421,883,0.0,6537,1046,48375
10,49431,883,0.0,6538,1046,48385
10,49441,883,0.0,6539,1046,48395
9,49450,883,0.0,6540,1046,48404
4,49454,883,0.0,6541,1046,48408
4,49458,883,0.0,6542,1046,48412
6,49464,883,0.0,6543,1046,48418
10,49474,883,0.0,6544,1046,48428
7,49481,883,0.0,6545,1046,48435
9,49490,883,0.0,6546,1046,48444
5,49495,883,0.0,6547,1046,48449
7,49502,884,1.0,6548,1046,48456
5,49507,884,0.0,6549,1046,48461
8,49515,884,0.0,6550,1046,48469
10,49525,884,0.0,6551,1046,48479
9,49534,884,0.0,6552,1046,48488
2,49536,884,0.0,6553,1046,48490
14,49550,884,0.0,6554,1046,48504
17,49567,884,0.0,6555,1046,48521
6,49573,884,0.0,6556,1046,48527
18,49591,884,0.0,6557,1046,48545
3,49594,884,0.0,6558,1046,48548
5,49599,884,0.0,6559,1046,48553
6,49605,884,0.0,6560,1046,48559
4,49609,884,0.0,6561,1046,48563
7,49616,885,1.0,6562,1046,48570
7,49623,886,1.0,6563,1046,48577
10,49633,886,0.0,6564,1046,48587
2,49635,886,0.0,6565,1046,48589
4,49639,886,0.0,6566,1046,48593
2,49641,886,0.0,6567,1046,48595
2,49643,886,0.0,6568,1046,48597
9,49652,886,0.0,6569,1046,48606
4,49656,886,0.0,6570,1046,48610
4,49660,886,0.0,6571,1046,48614
2,49662,886,0.0,6572,1046,48616
9,49671,886,0.0,6573,1046,48625
5,49676,886,0.0,6574,1046,48630
7,49683,886,0.0,6575,1046,48637
8,49691,886,0.0,6576,1046,48645
9,49700,886,0.0,6577,1046,48654
18,49718,886,0.0,6578,1046,48672
10,49728,886,0.0,6579,1046,48682
7,49735,887,1.0,6580,1046,48689
2,49737,887,0.0,6581,1046,48691
9,49746,887,0.0,6582,1046,48700
4,49750,887,0.0,6583,1046,48704
7,49757,888,1.0,6584,1046,48711
4,49761,888,0.0,6585,1046,48715
7,49768,889,1.0,6586,1046,48722
7,49775,890,1.0,6587,1046,48729
7,49782,891,1.0,6588,1046,48736
2,49784,891,0.0,6589,1046,48738
4,49788,891,0.0,6590,1046,48742
7,49795,891,0.0,6591,1046,48749
6,49801,891,0.0,6592,1046,48755
3,49804,891,0.0,6593,1046,48758
5,49809,891,0.0,6594,1046,48763
4,49813,891,0.0,6595,1046,48767
2,49815,891,0.0,6596,1046,48769
13,49828,891,0.0,6597,1046,48782
7,49835,892,1.0,6598,1046,48789
3,49838,892,0.0,6599,1046,48792
5,49843,892,0.0,6600,1046,48797
9,49852,892,0.0,6601,1046,48806
10,49862,892,0.0,6602,1046,48816
7,49869,892,0.0,6603,1046,48823
6,49875,892,0.0,6604,1046,48829
6,49881,892,0.0,6605,1046,48835
2,49883,892,0.0,6606,1046,48837
2,49885,892,0.0,6607,1046,48839
16,49901,892,0.0,6608,1046,48855
12,49913,892,0.0,6609,1046,48867
4,49917,892,0.0,6610,1046,48871
12,49929,892,0.0,6611,1046,48883
7,49936,893,1.0,6612,1046,48890
6,49942,893,0.0,6613,1046,48896
2,49944,893,0.0,6614,1046,48898
5,49949,893,0.0,6615,1046,48903
6,49955,893,0.0,6616,1046,48909
6,49961,893,0.0,6617,1046,48915
7,49968,894,1.0,6618,1046,48922
16,49984,894,0.0,6619,1046,48938
9,49993,894,0.0,6620,1046,48947
3,49996,894,0.0,6621,1046,48950
3,49999,894,0.0,6622,1046,48953
2,50001,894,0.0,6623,1046,48955
7,50008,895,1.0,6624,1046,48962
5,50013,895,0.0,6625,1046,48967
8,50021,895,0.0,6626,1046,48975
2,50023,895,0.0,6627,1046,48977
8,50031,895,0.0,6628,1046,48985
6,50037,895,0.0,6629,1046,48991
3,50040,895,0.0,6630,1046,48994
4,50044,895,0.0,6631,1046,48998
10,50054,895,0.0,6632,1046,49008
9,50063,895,0.0,6633,1046,49017
4,50067,895,0.0,6634,1046,49021
13,50080,895,0.0,6635,1046,49034
4,50084,895,0.0,6636,1046,49038
9,50093,895,0.0,6637,1046,49047
13,50106,895,0.0,6638,1046,49060
7,50113,896,1.0,6639,1046,49067
6,50119,896,0.0,6640,1046,49073
2,50121,896,0.0,6641,1046,49075
17,50138,896,0.0,6642,1046,49092
10,50148,896,0.0,6643,1046,49102
9,50157,896,0.0,6644,1046,49111
7,50164,897,1.0,6645,1046,49118
2,50166,897,0.0,6646,1046,49120
9,50175,897,0.0,6647,1046,49129
9,50184,897,0.0,6648,1046,49138
16,50200,897,0.0,6649,1046,49154
12,50212,897,0.0,6650,1046,49166
2,50214,897,0.0,6651,1046,49168
7,50221,898,1.0,6652,1046,49175
8,50229,898,0.0,6653,1046,49183
7,50236,899,1.0,6654,1046,49190
2,50238,899,0.0,6655,1046,49192
7,50245,899,0.0,6656,1046,49199
10,50255,899,0.0,6657,1046,49209
6,50261,899,0.0,6658,1046,49215
23,50284,899,0.0,6659,1046,49238
2,50286,899,0.0,6660,1046,49240
4,50290,899,0.0,6661,1046,49244
8,50298,899,0.0,6662,1046,49252
3,50301,899,0.0,6663,1046,49255
10,50311,899,0.0,6664,1046,49265
13,50324,899,0.0,6665,1046,49278
7,50331,900,1.0,6666,1046,49285
13,50344,900,0.0,6667,1046,49298
10,50354,900,0.0,6668,1046,49308
5,50359,900,0.0,6669,1046,49313
7,50366,900,0.0,6670,1046,49320
8,50374,900,0.0,6671,1046,49328
7,50381,900,0.0,6672,1046,49335
26,50407,900,0.0,6673,1046,49361
7,50414,901,1.0,6674,1046,49368
3,50417,901,0.0,6675,1046,49371
3,50420,901,0.0,6676,1046,49374
10,50430,901,0.0,6677,1046,49384
6,50436,901,0.0,6678,1046,49390
7,50443,901,0.0,6679,1046,49397
10,50453,901,0.0,6680,1046,49407
9,50462,901,0.0,6681,1046,49416
19,50481,901,0.0,6682,1046,49435
7,50488,901,0.0,6683,1046,49442
7,50495,901,0.0,6684,1046,49449
3,50498,901,0.0,6685,1046,49452
8,50506,901,0.0,6686,1046,49460
2,50508,901,0.0,6687,1046,49462
17,50525,901,0.0,6688,1046,49479
6,50531,901,0.0,6689,1046,49485
11,50542,902,1.0,6690,1046,49496
7,50549,902,0.0,6691,1046,49503
8,50557,902,0.0,6692,1046,49511
2,50559,902,0.0,6693,1046,49513
6,50565,902,0.0,6694,1046,49519
9,50574,902,0.0,6695,1046,49528
7,50581,903,1.0,6696,1046,49535
8,50589,903,0.0,6697,1046,49543
6,50595,903,0.0,6698,1046,49549
10,50605,903,0.0,6699,1046,49559
3,50608,903,0.0,6700,1046,49562
3,50611,903,0.0,6701,1046,49565
7,50618,904,1.0,6702,1046,49572
7,50625,905,1.0,6703,1046,49579
3,50628,905,0.0,6704,1046,49582
6,50634,905,0.0,6705,1046,49588
7,50641,906,1.0,6706,1046,49595
3,50644,906,0.0,6707,1046,49598
2,50646,906,0.0,6708,1046,49600
7,50653,907,1.0,6709,1046,49607
3,50656,907,0.0,6710,1046,49610
3,50659,907,0.0,6711,1046,49613
7,50666,908,1.0,6712,1046,49620
4,50670,908,0.0,6713,1046,49624
3,50673,908,0.0,6714,1046,49627
4,50677,908,0.0,6715,1046,49631
12,50689,908,0.0,6716,1046,49643
6,50695,908,0.0,6717,1046,49649
9,50704,908,0.0,6718,1046,49658
4,50708,908,0.0,6719,1046,49662
7,50715,909,1.0,6720,1046,49669
4,50719,909,0.0,6721,1046,49673
8,50727,909,0.0,6722,1046,49681
3,50730,909,0.0,6723,1046,49684
9,50739,909,0.0,6724,1046,49693
20,50759,909,0.0,6725,1046,49713
2,50761,909,0.0,6726,1046,49715
4,50765,909,0.0,6727,1046,49719
6,50771,909,0.0,6728,1046,49725
6,50777,909,0.0,6729,1046,49731
7,50784,909,0.0,6730,1046,49738
11,50795,909,0.0,6731,1046,49749
10,50805,909,0.0,6732,1046,49759
5,50810,909,0.0,6733,1046,49764
9,50819,909,0.0,6734,1046,49773
12,50831,909,0.0,6735,1046,49785
31,50862,909,0.0,6736,1046,49816
7,50869,910,1.0,6737,1046,49823
10,50879,910,0.0,6738,1046,49833
7,50886,910,0.0,6739,1046,49840
8,50894,910,0.0,6740,1046,49848
2,50896,910,0.0,6741,1046,49850
30,50926,910,0.0,6742,1046,49880
9,50935,910,0.0,6743,1046,49889
10,50945,910,0.0,6744,1046,49899
7,50952,911,1.0,6745,1046,49906
3,50955,911,0.0,6746,1046,49909
12,50967,911,0.0,6747,1046,49921
7,50974,912,1.0,6748,1046,49928
9,50983,912,0.0,6749,1046,49937
9,50992,912,0.0,6750,1046,49946
12,51004,912,0.0,6751,1046,49958
7,51011,912,0.0,6752,1046,49965
21,51032,912,0.0,6753,1046,49986
2,51034,912,0.0,6754,1046,49988
6,51040,912,0.0,6755,1046,49994
9,51049,912,0.0,6756,1046,50003
10,51059,912,0.0,6757,1046,50013
9,51068,912,0.0,6758,1046,50022
4,51072,912,0.0,6759,1046,50026
11,51083,913,1.0,6760,1046,50037
7,51090,914,1.0,6761,1046,50044
7,51097,914,0.0,6762,1046,50051
2,51099,914,0.0,6763,1046,50053
3,51102,914,0.0,6764,1046,50056
4,51106,914,0.0,6765,1046,50060
6,51112,914,0.0,6766,1046,50066
3,51115,914,0.0,6767,1046,50069
4,51119,914,0.0,6768,1046,50073
2,51121,914,0.0,6769,1046,50075
4,51125,914,0.0,6770,1046,50079
6,51131,914,0.0,6771,1046,50085
7,51138,914,0.0,6772,1046,50092
11,51149,914,0.0,6773,1046,50103
7,51156,914,0.0,6774,1046,50110
4,51160,914,0.0,6775,1046,50114
7,51167,915,1.0,6776,1046,50121
7,51174,916,1.0,6777,1046,50128
7,51181,917,1.0,6778,1046,50135
7,51188,917,0.0,6779,1046,50142
3,51191,917,0.0,6780,1046,50145
20,51211,917,0.0,6781,1046,50165
4,51215,917,0.0,6782,1046,50169
10,51225,917,0.0,6783,1046,50179
9,51234,917,0.0,6784,1046,50188
9,51243,917,0.0,6785,1046,50197
2,51245,917,0.0,6786,1046,50199
9,51254,917,0.0,6787,1046,50208
2,51256,917,0.0,6788,1046,50210
3,51259,917,0.0,6789,1046,50213
7,51266,918,1.0,6790,1046,50220
4,51270,918,0.0,6791,1046,50224
7,51277,919,1.0,6792,1046,50231
7,51284,920,1.0,6793,1046,50238
4,51288,920,0.0,6794,1046,50242
7,51295,921,1.0,6795,1046,50249
4,51299,921,0.0,6796,1046,50253
12,51311,921,0.0,6797,1046,50265
10,51321,921,0.0,6798,1046,50275
2,51323,921,0.0,6799,1046,50277
7,51330,922,1.0,6800,1046,50284
6,51336,922,0.0,6801,1046,50290
6,51342,922,0.0,6802,1046,50296
2,51344,922,0.0,6803,1046,50298
3,51347,922,0.0,6804,1046,50301
12,51359,922,0.0,6805,1046,50313
10,51369,922,0.0,6806,1046,50323
6,51375,922,0.0,6807,1046,50329
5,51380,922,0.0,6808,1046,50334
7,51387,922,0.0,6809,1046,50341
2,51389,922,0.0,6810,1046,50343
12,51401,922,0.0,6811,1046,50355
7,51408,923,1.0,6812,1046,50362
3,51411,923,0.0,6813,1046,50365
10,51421,923,0.0,6814,1046,50375
6,51427,923,0.0,6815,1046,50381
2,51429,923,0.0,6816,1046,50383
3,51432,923,0.0,6817,1046,50386
3,51435,923,0.0,6818,1046,50389
2,51437,923,0.0,6819,1046,50391
10,51447,923,0.0,6820,1046,50401
7,51454,924,1.0,6821,1046,50408
17,51471,924,0.0,6822,1046,50425
4,51475,924,0.0,6823,1046,50429
8,51483,924,0.0,6824,1046,50437
11,51494,924,0.0,6825,1046,50448
17,51511,924,0.0,6826,1046,50465
6,51517,924,0.0,6827,1046,50471
6,51523,924,0.0,6828,1046,50477
2,51525,924,0.0,6829,1046,50479
4,51529,924,0.0,6830,1046,50483
13,51542,924,0.0,6831,1046,50496
9,51551,924,0.0,6832,1046,50505
8,51559,924,0.0,6833,1046,50513
2,51561,924,0.0,6834,1046,50515
8,51569,924,0.0,6835,1046,50523
3,51572,924,0.0,6836,1046,50526
13,51585,924,0.0,6837,1046,50539
8,51593,924,0.0,6838,1046,50547
7,51600,925,1.0,6839,1046,50554
7,51607,926,1.0,6840,1046,50561
6,51613,926,0.0,6841,1046,50567
3,51616,926,0.0,6842,1046,50570
5,51621,926,0.0,6843,1046,50575
13,51634,926,0.0,6844,1046,50588
10,51644,926,0.0,6845,1046,50598
18,51662,926,0.0,6846,1046,50616
5,51667,926,0.0,6847,1046,50621
19,51686,926,0.0,6848,1046,50640
11,51697,926,0.0,6849,1046,50651
6,51703,926,0.0,6850,1046,50657
10,51713,926,0.0,6851,1046,50667
7,51720,927,1.0,6852,1046,50674
22,51742,927,0.0,6853,1046,50696
2,51744,927,0.0,6854,1046,50698
16,51760,927,0.0,6855,1046,50714
10,51770,927,0.0,6856,1046,50724
7,51777,928,1.0,6857,1046,50731
18,51795,928,0.0,6858,1046,50749
4,51799,928,0.0,6859,1046,50753
2,51801,928,0.0,6860,1046,50755
8,51809,928,0.0,6861,1046,50763
5,51814,928,0.0,6862,1046,50768
5,51819,928,0.0,6863,1046,50773
7,51826,929,1.0,6864,1046,50780
2,51828,929,0.0,6865,1046,50782
13,51841,929,0.0,6866,1046,50795
7,51848,930,1.0,6867,1046,50802
7,51855,931,1.0,6868,1046,50809
2,51857,931,0.0,6869,1046,50811
27,51884,931,0.0,6870,1046,50838
8,51892,931,0.0,6871,1046,50846
7,51899,932,1.0,6872,1046,50853
4,51903,932,0.0,6873,1046,50857
5,51908,932,0.0,6874,1046,50862
7,51915,933,1.0,6875,1046,50869
14,51929,933,0.0,6876,1046,50883
2,51931,933,0.0,6877,1046,50885
6,51937,933,0.0,6878,1046,50891
2,51939,933,0.0,6879,1046,50893
7,51946,934,1.0,6880,1046,50900
7,51953,934,0.0,6881,1046,50907
14,51967,934,0.0,6882,1046,50921
7,51974,935,1.0,6883,1046,50928
7,51981,936,1.0,6884,1046,50935
12,51993,936,0.0,6885,1046,50947
5,51998,936,0.0,6886,1046,50952
7,52005,936,0.0,6887,1046,50959
8,52013,936,0.0,6888,1046,50967
7,52020,937,1.0,6889,1046,50974
5,52025,937,0.0,6890,1046,50979
9,52034,937,0.0,6891,1046,50988
16,52050,937,0.0,6892,1046,51004
7,52057,938,1.0,6893,1046,51011
2,52059,938,0.0,6894,1046,51013
2,52061,938,0.0,6895,1046,51015
3,52064,938,0.0,6896,1046,51018
8,52072,938,0.0,6897,1046,51026
9,52081,938,0.0,6898,1046,51035
6,52087,938,0.0,6899,1046,51041
7,52094,939,1.0,6900,1046,51048
6,52100,939,0.0,6901,1046,51054
23,52123,939,0.0,6902,1046,51077
4,52127,939,0.0,6903,1046,51081
4,52131,939,0.0,6904,1046,51085
7,52138,940,1.0,6905,1046,51092
7,52145,941,1.0,6906,1046,51099
6,52151,941,0.0,6907,1046,51105
5,52156,941,0.0,6908,1046,51110
12,52168,941,0.0,6909,1046,51122
6,52174,941,0.0,6910,1046,51128
4,52178,941,0.0,6911,1046,51132
9,52187,941,0.0,6912,1046,51141
7,52194,942,1.0,6913,1046,51148
9,52203,942,0.0,6914,1046,51157
6,52209,942,0.0,6915,1046,51163
8,52217,942,0.0,6916,1046,51171
7,52224,942,0.0,6917,1046,51178
4,52228,942,0.0,6918,1046,51182
10,52238,942,0.0,6919,1046,51192
3,52241,942,0.0,6920,1046,51195
8,52249,942,0.0,6921,1046,51203
14,52263,942,0.0,6922,1046,51217
8,52271,942,0.0,6923,1046,51225
9,52280,942,0.0,6924,1046,51234
2,52282,942,0.0,6925,1046,51236
5,52287,942,0.0,6926,1046,51241
8,52295,942,0.0,6927,1046,51249
8,52303,942,0.0,6928,1046,51257
2,52305,942,0.0,6929,1046,51259
2,52307,942,0.0,6930,1046,51261
3,52310,942,0.0,6931,1046,51264
6,52316,942,0.0,6932,1046,51270
4,52320,942,0.0,6933,1046,51274
13,52333,942,0.0,6934,1046,51287
15,52348,942,0.0,6935,1046,51302
5,52353,942,0.0,6936,1046,51307
2,52355,942,0.0,6937,1046,51309
7,52362,943,1.0,6938,1046,51316
4,52366,943,0.0,6939,1046,51320
5,52371,943,0.0,6940,1046,51325
4,52375,943,0.0,6941,1046,51329
7,52382,944,1.0,6942,1046,51336
7,52389,945,1.0,6943,1046,51343
12,52401,945,0.0,6944,1046,51355
17,52418,945,0.0,6945,1046,51372
7,52425,946,1.0,6946,1046,51379
3,52428,946,0.0,6947,1046,51382
16,52444,946,0.0,6948,1046,51398
2,52446,946,0.0,6949,1046,51400
7,52453,947,1.0,6950,1046,51407
8,52461,947,0.0,6951,1046,51415
6,52467,947,0.0,6952,1046,51421
2,52469,947,0.0,6953,1046,51423
4,52473,947,0.0,6954,1046,51427
6,52479,947,0.0,6955,1046,51433
6,52485,947,0.0,6956,1046,51439
4,52489,947,0.0,6957,1046,51443
6,52495,947,0.0,6958,1046,51449
4,52499,947,0.0,6959,1046,51453
15,52514,948,1.0,6960,1046,51468
6,52520,948,0.0,6961,1046,51474
9,52529,948,0.0,6962,1046,51483
6,52535,948,0.0,6963,1046,51489
3,52538,948,0.0,6964,1046,51492
7,52545,948,0.0,6965,1046,51499
6,52551,948,0.0,6966,1046,51505
8,52559,948,0.0,6967,1046,51513
8,52567,948,0.0,6968,1046,51521
3,52570,948,0.0,6969,1046,51524
3,52573,948,0.0,6970,1046,51527
5,52578,948,0.0,6971,1046,51532
7,52585,948,0.0,6972,1046,51539
2,52587,948,0.0,6973,1046,51541
5,52592,948,0.0,6974,1046,51546
7,52599,949,1.0,6975,1046,51553
9,52608,949,0.0,6976,1046,51562
7,52615,950,1.0,6977,1046,51569
20,52635,950,0.0,6978,1046,51589
7,52642,951,1.0,6979,1046,51596
7,52649,952,1.0,6980,1046,51603
19,52668,952,0.0,6981,1046,51622
11,52679,952,0.0,6982,1046,51633
10,52689,952,0.0,6983,1046,51643
2,52691,952,0.0,6984,1046,51645
12,52703,952,0.0,6985,1046,51657
2,52705,952,0.0,6986,1046,51659
7,52712,952,0.0,6987,1046,51666
9,52721,952,0.0,6988,1046,51675
12,52733,952,0.0,6989,1046,51687
5,52738,952,0.0,6990,1046,51692
7,52745,953,1.0,6991,1046,51699
4,52749,953,0.0,6992,1046,51703
6,52755,953,0.0,6993,1046,51709
4,52759,953,0.0,6994,1046,51713
4,52763,953,0.0,6995,1046,51717
13,52776,953,0.0,6996,1046,51730
11,52787,953,0.0,6997,1046,51741
7,52794,953,0.0,6998,1046,51748
16,52810,953,0.0,6999,1046,51764
9,52819,953,0.0,7000,1046,51773
26,52845,954,1.0,7001,1046,51799
2,52847,954,0.0,7002,1046,51801
12,52859,954,0.0,7003,1046,51813
7,52866,955,1.0,7004,1046,51820
16,52882,955,0.0,7005,1046,51836
8,52890,955,0.0,7006,1046,51844
7,52897,956,1.0,7007,1046,51851
13,52910,956,0.0,7008,1046,51864
17,52927,956,0.0,7009,1046,51881
4,52931,956,0.0,7010,1046,51885
7,52938,957,1.0,7011,1046,51892
3,52941,957,0.0,7012,1046,51895
7,52948,958,1.0,7013,1046,51902
10,52958,958,0.0,7014,1046,51912
4,52962,958,0.0,7015,1046,51916
5,52967,958,0.0,7016,1046,51921
5,52972,958,0.0,7017,1046,51926
10,52982,958,0.0,7018,1046,51936
4,52986,958,0.0,7019,1046,51940
12,52998,958,0.0,7020,1046,51952
25,53023,958,0.0,7021,1046,51977
2,53025,958,0.0,7022,1046,51979
7,53032,959,1.0,7023,1046,51986
7,53039,960,1.0,7024,1046,51993
10,53049,960,0.0,7025,1046,52003
9,53058,960,0.0,7026,1046,52012
5,53063,960,0.0,7027,1046,52017
15,53078,960,0.0,7028,1046,52032
23,53101,960,0.0,7029,1046,52055
2,53103,960,0.0,7030,1046,52057
8,53111,960,0.0,7031,1046,52065
19,53130,960,0.0,7032,1046,52084
12,53142,960,0.0,7033,1046,52096
7,53149,961,1.0,7034,1046,52103
10,53159,961,0.0,7035,1046,52113
9,53168,961,0.0,7036,1046,52122
10,53178,961,0.0,7037,1046,52132
12,53190,961,0.0,7038,1046,52144
2,53192,961,0.0,7039,1046,52146
10,53202,961,0.0,7040,1046,52156
7,53209,962,1.0,7041,1046,52163
5,53214,962,0.0,7042,1046,52168
6,53220,962,0.0,7043,1046,52174
12,53232,962,0.0,7044,1046,52186
7,53239,963,1.0,7045,1046,52193
3,53242,963,0.0,7046,1046,52196
7,53249,964,1.0,7047,1046,52203
4,53253,964,0.0,7048,1046,52207
3,53256,964,0.0,7049,1046,52210
10,53266,964,0.0,7050,1046,52220
6,53272,964,0.0,7051,1046,52226
2,53274,964,0.0,7052,1046,52228
12,53286,964,0.0,7053,1046,52240
15,53301,965,1.0,7054,1046,52255
4,53305,965,0.0,7055,1046,52259
2,53307,965,0.0,7056,1046,52261
4,53311,965,0.0,7057,1046,52265
13,53324,965,0.0,7058,1046,52278
2,53326,965,0.0,7059,1046,52280
18,53344,965,0.0,7060,1046,52298
9,53353,965,0.0,7061,1046,52307
4,53357,965,0.0,7062,1046,52311
4,53361,965,0.0,7063,1046,52315
7,53368,966,1.0,7064,1046,52322
6,53374,966,0.0,7065,1046,52328
8,53382,966,0.0,7066,1046,52336
7,53389,967,1.0,7067,1046,52343
6,53395,967,0.0,7068,1046,52349
8,53403,967,0.0,7069,1046,52357
2,53405,967,0.0,7070,1046,52359
20,53425,967,0.0,7071,1046,52379
4,53429,967,0.0,7072,1046,52383
3,53432,967,0.0,7073,1046,52386
15,53447,968,1.0,7074,1046,52401
9,53456,968,0.0,7075,1046,52410
7,53463,969,1.0,7076,1046,52417
10,53473,969,0.0,7077,1046,52427
6,53479,969,0.0,7078,1046,52433
9,53488,969,0.0,7079,1046,52442
4,53492,969,0.0,7080,1046,52446
6,53498,969,0.0,7081,1046,52452
20,53518,969,0.0,7082,1046,52472
12,53530,969,0.0,7083,1046,52484
9,53539,969,0.0,7084,1046,52493
9,53548,969,0.0,7085,1046,52502
11,53559,970,1.0,7086,1046,52513
13,53572,970,0.0,7087,1046,52526
7,53579,971,1.0,7088,1046,52533
10,53589,971,0.0,7089,1046,52543
8,53597,971,0.0,7090,1046,52551
7,53604,972,1.0,7091,1046,52558
9,53613,972,0.0,7092,1046,52567
3,53616,972,0.0,7093,1046,52570
9,53625,972,0.0,7094,1046,52579
6,53631,972,0.0,7095,1046,52585
7,53638,973,1.0,7096,1046,52592
8,53646,973,0.0,7097,1046,52600
4,53650,973,0.0,7098,1046,52604
9,53659,973,0.0,7099,1046,52613
7,53666,974,1.0,7100,1046,52620
10,53676,974,0.0,7101,1046,52630
10,53686,974,0.0,7102,1046,52640
12,53698,974,0.0,7103,1046,52652
4,53702,974,0.0,7104,1046,52656
8,53710,974,0.0,7105,1046,52664
4,53714,974,0.0,7106,1046,52668
7,53721,975,1.0,7107,1046,52675
5,53726,975,0.0,7108,1046,52680
6,53732,975,0.0,7109,1046,52686
2,53734,975,0.0,7110,1046,52688
16,53750,975,0.0,7111,1046,52704
4,53754,975,0.0,7112,1046,52708
2,53756,975,0.0,7113,1046,52710
7,53763,976,1.0,7114,1046,52717
7,53770,977,1.0,7115,1046,52724
4,53774,977,0.0,7116,1046,52728
34,53808,978,1.0,7117,1046,52762
6,53814,978,0.0,7118,1046,52768
7,53821,979,1.0,7119,1046,52775
18,53839,979,0.0,7120,1046,52793
10,53849,979,0.0,7121,1046,52803
3,53852,979,0.0,7122,1046,52806
10,53862,979,0.0,7123,1046,52816
9,53871,979,0.0,7124,1046,52825
12,53883,979,0.0,7125,1046,52837
3,53886,979,0.0,7126,1046,52840
6,53892,979,0.0,7127,1046,52846
16,53908,979,0.0,7128,1046,52862
9,53917,979,0.0,7129,1046,52871
8,53925,979,0.0,7130,1046,52879
28,53953,979,0.0,7131,1046,52907
7,53960,980,1.0,7132,1046,52914
6,53966,980,0.0,7133,1046,52920
10,53976,980,0.0,7134,1046,52930
12,53988,980,0.0,7135,1046,52942
7,53995,981,1.0,7136,1046,52949
7,54002,982,1.0,7137,1046,52956
5,54007,982,0.0,7138,1046,52961
12,54019,982,0.0,7139,1046,52973
8,54027,982,0.0,7140,1046,52981
18,54045,982,0.0,7141,1046,52999
7,54052,983,1.0,7142,1046,53006
3,54055,983,0.0,7143,1046,53009
9,54064,983,0.0,7144,1046,53018
5,54069,983,0.0,7145,1046,53023
5,54074,983,0.0,7146,1046,53028
4,54078,983,0.0,7147,1046,53032
7,54085,984,1.0,7148,1046,53039
7,54092,984,0.0,7149,1046,53046
5,54097,984,0.0,7150,1046,53051
3,54100,984,0.0,7151,1046,53054
3,54103,984,0.0,7152,1046,53057
8,54111,984,0.0,7153,1046,53065
9,54120,984,0.0,7154,1046,53074
6,54126,984,0.0,7155,1046,53080
7,54133,985,1.0,7156,1046,53087
13,54146,985,0.0,7157,1046,53100
6,54152,985,0.0,7158,1046,53106
2,54154,985,0.0,7159,1046,53108
3,54157,985,0.0,7160,1046,53111
3,54160,985,0.0,7161,1046,53114
8,54168,985,0.0,7162,1046,53122
2,54170,985,0.0,7163,1046,53124
12,54182,985,0.0,7164,1046,53136
5,54187,985,0.0,7165,1046,53141
6,54193,985,0.0,7166,1046,53147
8,54201,985,0.0,7167,1046,53155
5,54206,985,0.0,7168,1046,53160
6,54212,985,0.0,7169,1046,53166
10,54222,985,0.0,7170,1046,53176
11,54233,985,0.0,7171,1046,53187
11,54244,985,0.0,7172,1046,53198
7,54251,986,1.0,7173,1046,53205
8,54259,986,0.0,7174,1046,53213
9,54268,986,0.0,7175,1046,53222
4,54272,986,0.0,7176,1046,53226
4,54276,986,0.0,7177,1046,53230
7,54283,987,1.0,7178,1046,53237
4,54287,987,0.0,7179,1046,53241
15,54302,987,0.0,7180,1046,53256
19,54321,987,0.0,7181,1046,53275
11,54332,987,0.0,7182,1046,53286
11,54343,987,0.0,7183,1046,53297
5,54348,987,0.0,7184,1046,53302
2,54350,987,0.0,7185,1046,53304
7,54357,988,1.0,7186,1046,53311
7,54364,989,1.0,7187,1046,53318
6,54370,989,0.0,7188,1046,53324
4,54374,989,0.0,7189,1046,53328
2,54376,989,0.0,7190,1046,53330
2,54378,989,0.0,7191,1046,53332
3,54381,989,0.0,7192,1046,53335
12,54393,989,0.0,7193,1046,53347
3,54396,989,0.0,7194,1046,53350
12,54408,989,0.0,7195,1046,53362
25,54433,989,0.0,7196,1046,53387
7,54440,990,1.0,7197,1046,53394
6,54446,990,0.0,7198,1046,53400
2,54448,990,0.0,7199,1046,53402
8,54456,990,0.0,7200,1046,53410
2,54458,990,0.0,7201,1046,53412
4,54462,990,0.0,7202,1046,53416
7,54469,990,0.0,7203,1046,53423
9,54478,990,0.0,7204,1046,53432
4,54482,990,0.0,7205,1046,53436
20,54502,990,0.0,7206,1046,53456
29,54531,990,0.0,7207,1046,53485
4,54535,990,0.0,7208,1046,53489
7,54542,991,1.0,7209,1046,53496
7,54549,992,1.0,7210,1046,53503
7,54556,992,0.0,7211,1046,53510
17,54573,992,0.0,7212,1046,53527
4,54577,992,0.0,7213,1046,53531
13,54590,992,0.0,7214,1046,53544
9,54599,992,0.0,7215,1046,53553
4,54603,992,0.0,7216,1046,53557
10,54613,992,0.0,7217,1046,53567
8,54621,992,0.0,7218,1046,53575
15,54636,993,1.0,7219,1046,53590
6,54642,993,0.0,7220,1046,53596
9,54651,993,0.0,7221,1046,53605
10,54661,993,0.0,7222,1046,53615
6,54667,993,0.0,7223,1046,53621
19,54686,993,0.0,7224,1046,53640
4,54690,993,0.0,7225,1046,53644
10,54700,993,0.0,7226,1046,53654
15,54715,994,1.0,7227,1046,53669
2,54717,994,0.0,7228,1046,53671
15,54732,995,1.0,7229,1046,53686
9,54741,995,0.0,7230,1046,53695
9,54750,995,0.0,7231,1046,53704
4,54754,995,0.0,7232,1046,53708
12,54766,995,0.0,7233,1046,53720
12,54778,995,0.0,7234,1046,53732
3,54781,995,0.0,7235,1046,53735
16,54797,995,0.0,7236,1046,53751
11,54808,995,0.0,7237,1046,53762
7,54815,996,1.0,7238,1046,53769
2,54817,996,0.0,7239,1046,53771
2,54819,996,0.0,7240,1046,53773
12,54831,996,0.0,7241,1046,53785
7,54838,996,0.0,7242,1046,53792
12,54850,996,0.0,7243,1046,53804
19,54869,996,0.0,7244,1046,53823
7,54876,997,1.0,7245,1046,53830
3,54879,997,0.0,7246,1046,53833
6,54885,997,0.0,7247,1046,53839
7,54892,998,1.0,7248,1046,53846
4,54896,998,0.0,7249,1046,53850
16,54912,998,0.0,7250,1046,53866
5,54917,998,0.0,7251,1046,53871
7,54924,999,1.0,7252,1046,53878
7,54931,1000,1.0,7253,1046,53885
3,54934,1000,0.0,7254,1046,53888
4,54938,1000,0.0,7255,1046,53892
9,54947,1000,0.0,7256,1046,53901
7,54954,1001,1.0,7257,1046,53908
4,54958,1001,0.0,7258,1046,53912
7,54965,1001,0.0,7259,1046,53919
6,54971,1001,0.0,7260,1046,53925
4,54975,1001,0.0,7261,1046,53929
8,54983,1001,0.0,7262,1046,53937
12,54995,1001,0.0,7263,1046,53949
7,55002,1001,0.0,7264,1046,53956
3,55005,1001,0.0,7265,1046,53959
8,55013,1001,0.0,7266,1046,53967
5,55018,1001,0.0,7267,1046,53972
7,55025,1002,1.0,7268,1046,53979
10,55035,1002,0.0,7269,1046,53989
12,55047,1002,0.0,7270,1046,54001
5,55052,1002,0.0,7271,1046,54006
7,55059,1002,0.0,7272,1046,54013
9,55068,1002,0.0,7273,1046,54022
2,55070,1002,0.0,7274,1046,54024
2,55072,1002,0.0,7275,1046,54026
2,55074,1002,0.0,7276,1046,54028
7,55081,1003,1.0,7277,1046,54035
7,55088,1003,0.0,7278,1046,54042
6,55094,1003,0.0,7279,1046,54048
3,55097,1003,0.0,7280,1046,54051
2,55099,1003,0.0,7281,1046,54053
12,55111,1003,0.0,7282,1046,54065
14,55125,1003,0.0,7283,1046,54079
7,55132,1004,1.0,7284,1046,54086
9,55141,1004,0.0,7285,1046,54095
7,55148,1005,1.0,7286,1046,54102
7,55155,1006,1.0,7287,1046,54109
7,55162,1007,1.0,7288,1046,54116
3,55165,1007,0.0,7289,1046,54119
10,55175,1007,0.0,7290,1046,54129
2,55177,1007,0.0,7291,1046,54131
12,55189,1007,0.0,7292,1046,54143
7,55196,1007,0.0,7293,1046,54150
5,55201,1007,0.0,7294,1046,54155
2,55203,1007,0.0,7295,1046,54157
9,55212,1007,0.0,7296,1046,54166
2,55214,1007,0.0,7297,1046,54168
10,55224,1007,0.0,7298,1046,54178
8,55232,1007,0.0,7299,1046,54186
12,55244,1007,0.0,7300,1046,54198
7,55251,1008,1.0,7301,1046,54205
12,55263,1008,0.0,7302,1046,54217
7,55270,1009,1.0,7303,1046,54224
7,55277,1010,1.0,7304,1046,54231
2,55279,1010,0.0,7305,1046,54233
3,55282,1010,0.0,7306,1046,54236
9,55291,1010,0.0,7307,1046,54245
2,55293,1010,0.0,7308,1046,54247
2,55295,1010,0.0,7309,1046,54249
3,55298,1010,0.0,7310,1046,54252
6,55304,1010,0.0,7311,1046,54258
2,55306,1010,0.0,7312,1046,54260
9,55315,1010,0.0,7313,1046,54269
9,55324,1010,0.0,7314,1046,54278
9,55333,1010,0.0,7315,1046,54287
7,55340,1011,1.0,7316,1046,54294
3,55343,1011,0.0,7317,1046,54297
10,55353,1011,0.0,7318,1046,54307
17,55370,1011,0.0,7319,1046,54324
4,55374,1011,0.0,7320,1046,54328
7,55381,1012,1.0,7321,1046,54335
8,55389,1012,0.0,7322,1046,54343
11,55400,1012,0.0,7323,1046,54354
7,55407,1013,1.0,7324,1046,54361
9,55416,1013,0.0,7325,1046,54370
9,55425,1013,0.0,7326,1046,54379
9,55434,1013,0.0,7327,1046,54388
7,55441,1014,1.0,7328,1046,54395
12,55453,1014,0.0,7329,1046,54407
9,55462,1014,0.0,7330,1046,54416
2,55464,1014,0.0,7331,1046,54418
7,55471,1015,1.0,7332,1046,54425
7,55478,1016,1.0,7333,1046,54432
6,55484,1016,0.0,7334,1046,54438
3,55487,1016,0.0,7335,1046,54441
5,55492,1016,0.0,7336,1046,54446
8,55500,1016,0.0,7337,1046,54454
7,55507,1016,0.0,7338,1046,54461
2,55509,1016,0.0,7339,1046,54463
9,55518,1016,0.0,7340,1046,54472
9,55527,1016,0.0,7341,1046,54481
12,55539,1016,0.0,7342,1046,54493
2,55541,1016,0.0,7343,1046,54495
7,55548,1017,1.0,7344,1046,54502
4,55552,1017,0.0,7345,1046,54506
5,55557,1017,0.0,7346,1046,54511
13,55570,1017,0.0,7347,1046,54524
10,55580,1017,0.0,7348,1046,54534
10,55590,1017,0.0,7349,1046,54544
7,55597,1018,1.0,7350,1046,54551
3,55600,1018,0.0,7351,1046,54554
7,55607,1019,1.0,7352,1046,54561
9,55616,1019,0.0,7353,1046,54570
8,55624,1019,0.0,7354,1046,54578
9,55633,1019,0.0,7355,1046,54587
9,55642,1019,0.0,7356,1046,54596
3,55645,1019,0.0,7357,1046,54599
2,55647,1019,0.0,7358,1046,54601
10,55657,1019,0.0,7359,1046,54611
6,55663,1019,0.0,7360,1046,54617
8,55671,1019,0.0,7361,1046,54625
4,55675,1019,0.0,7362,1046,54629
4,55679,1019,0.0,7363,1046,54633
7,55686,1020,1.0,7364,1046,54640
5,55691,1020,0.0,7365,1046,54645
4,55695,1020,0.0,7366,1046,54649
4,55699,1020,0.0,7367,1046,54653
7,55706,1021,1.0,7368,1046,54660
5,55711,1021,0.0,7369,1046,54665
16,55727,1021,0.0,7370,1046,54681
3,55730,1021,0.0,7371,1046,54684
3,55733,1021,0.0,7372,1046,54687
7,55740,1022,1.0,7373,1046,54694
10,55750,1022,0.0,7374,1046,54704
2,55752,1022,0.0,7375,1046,54706
17,55769,1022,0.0,7376,1046,54723
4,55773,1022,0.0,7377,1046,54727
12,55785,1022,0.0,7378,1046,54739
9,55794,1022,0.0,7379,1046,54748
14,55808,1022,0.0,7380,1046,54762
17,55825,1022,0.0,7381,1046,54779
4,55829,1022,0.0,7382,1046,54783
10,55839,1022,0.0,7383,1046,54793
7,55846,1023,1.0,7384,1046,54800
7,55853,1024,1.0,7385,1046,54807
7,55860,1025,1.0,7386,1046,54814
2,55862,1025,0.0,7387,1046,54816
8,55870,1025,0.0,7388,1046,54824
7,55877,1026,1.0,7389,1046,54831
4,55881,1026,0.0,7390,1046,54835
7,55888,1027,1.0,7391,1046,54842
6,55894,1027,0.0,7392,1046,54848
2,55896,1027,0.0,7393,1046,54850
10,55906,1027,0.0,7394,1046,54860
3,55909,1027,0.0,7395,1046,54863
4,55913,1027,0.0,7396,1046,54867
18,55931,1027,0.0,7397,1046,54885
7,55938,1028,1.0,7398,1046,54892
12,55950,1028,0.0,7399,1046,54904
7,55957,1029,1.0,7400,1046,54911
7,55964,1030,1.0,7401,1046,54918
7,55971,1030,0.0,7402,1046,54925
13,55984,1030,0.0,7403,1046,54938
2,55986,1030,0.0,7404,1046,54940
2,55988,1030,0.0,7405,1046,54942
5,55993,1030,0.0,7406,1046,54947
6,55999,1030,0.0,7407,1046,54953
9,56008,1030,0.0,7408,1046,54962
3,56011,1030,0.0,7409,1046,54965
3,56014,1030,0.0,7410,1046,54968
14,56028,1030,0.0,7411,1046,54982
4,56032,1030,0.0,7412,1046,54986
8,56040,1030,0.0,7413,1046,54994
5,56045,1030,0.0,7414,1046,54999
10,56055,1030,0.0,7415,1046,55009
5,56060,1030,0.0,7416,1046,55014
13,56073,1030,0.0,7417,1046,55027
10,56083,1030,0.0,7418,1046,55037
7,56090,1031,1.0,7419,1046,55044
14,56104,1031,0.0,7420,1046,55058
2,56106,1031,0.0,7421,1046,55060
18,56124,1031,0.0,7422,1046,55078
4,56128,1031,0.0,7423,1046,55082
11,56139,1031,0.0,7424,1046,55093
9,56148,1031,0.0,7425,1046,55102
9,56157,1031,0.0,7426,1046,55111
7,56164,1032,1.0,7427,1046,55118
3,56167,1032,0.0,7428,1046,55121
10,56177,1032,0.0,7429,1046,55131
3,56180,1032,0.0,7430,1046,55134
3,56183,1032,0.0,7431,1046,55137
7,56190,1033,1.0,7432,1046,55144
5,56195,1033,0.0,7433,1046,55149
3,56198,1033,0.0,7434,1046,55152
7,56205,1034,1.0,7435,1046,55159
8,56213,1034,0.0,7436,1046,55167
4,56217,1034,0.0,7437,1046,55171
7,56224,1035,1.0,7438,1046,55178
10,56234,1035,0.0,7439,1046,55188
7,56241,1035,0.0,7440,1046,55195
13,56254,1035,0.0,7441,1046,55208
7,56261,1036,1.0,7442,1046,55215
10,56271,1036,0.0,7443,1046,55225
2,56273,1036,0.0,7444,1046,55227
7,56280,1037,1.0,7445,1046,55234
7,56287,1038,1.0,7446,1046,55241
7,56294,1039,1.0,7447,1046,55248
10,56304,1039,0.0,7448,1046,55258
4,56308,1039,0.0,7449,1046,55262
7,56315,1040,1.0,7450,1046,55269
2,56317,1040,0.0,7451,1046,55271
4,56321,1040,0.0,7452,1046,55275
7,56328,1041,1.0,7453,1046,55282
4,56332,1041,0.0,7454,1046,55286
9,56341,1041,0.0,7455,1046,55295
3,56344,1041,0.0,7456,1046,55298
4,56348,1041,0.0,7457,1046,55302
2,56350,1041,0.0,7458,1046,55304
2,56352,1041,0.0,7459,1046,55306
2,56354,1041,0.0,7460,1046,55308
4,56358,1041,0.0,7461,1046,55312
10,56368,1041,0.0,7462,1046,55322
5,56373,1041,0.0,7463,1046,55327
9,56382,1041,0.0,7464,1046,55336
18,56400,1041,0.0,7465,1046,55354
4,56404,1041,0.0,7466,1046,55358
8,56412,1041,0.0,7467,1046,55366
12,56424,1041,0.0,7468,1046,55378
6,56430,1041,0.0,7469,1046,55384
12,56442,1041,0.0,7470,1046,55396
7,56449,1042,1.0,7471,1046,55403
7,56456,1042,0.0,7472,1046,55410
9,56465,1042,0.0,7473,1046,55419
2,56467,1042,0.0,7474,1046,55421
10,56477,1042,0.0,7475,1046,55431
7,56484,1043,1.0,7476,1046,55438
7,56491,1044,1.0,7477,1046,55445
9,56500,1044,0.0,7478,1046,55454
4,56504,1044,0.0,7479,1046,55458
13,56517,1044,0.0,7480,1046,55471
12,56529,1044,0.0,7481,1046,55483
14,56543,1044,0.0,7482,1046,55497
7,56550,1045,1.0,7483,1046,55504
6,56556,1045,0.0,7484,1046,55510
9,56565,1045,0.0,7485,1046,55519
5,56570,1045,0.0,7486,1046,55524
4,56574,1045,0.0,7487,1046,55528
9,56583,1045,0.0,7488,1046,55537
9,56592,1045,0.0,7489,1046,55546
13,56605,1045,0.0,7490,1046,55559
11,56616,1046,1.0,7491,1046,55570
10,56626,1046,0.0,7492,1046,55580
10,56636,1046,0.0,7493,1046,55590
7,56643,1047,1.0,7494,1046,55597
4,56647,1047,0.0,7495,1046,55601
6,56653,1047,0.0,7496,1046,55607
2,56655,1047,0.0,7497,1046,55609
7,56662,1048,1.0,7498,1046,55616
5,56667,1048,0.0,7499,1046,55621
7,56674,1048,0.0,7500,1046,55628
2,56676,1048,0.0,7501,1046,55630
3,56679,1048,0.0,7502,1046,55633
17,56696,1048,0.0,7503,1046,55650
7,56703,1049,1.0,7504,1046,55657
6,56709,1049,0.0,7505,1046,55663
7,56716,1049,0.0,7506,1046,55670
9,56725,1049,0.0,7507,1046,55679
2,56727,1049,0.0,7508,1046,55681
11,56738,1050,1.0,7509,1046,55692
13,56751,1050,0.0,7510,1046,55705
16,56767,1050,0.0,7511,1046,55721
13,56780,1050,0.0,7512,1046,55734
7,56787,1051,1.0,7513,1046,55741
2,56789,1051,0.0,7514,1046,55743
4,56793,1051,0.0,7515,1046,55747
3,56796,1051,0.0,7516,1046,55750
4,56800,1051,0.0,7517,1046,55754
7,56807,1052,1.0,7518,1046,55761
7,56814,1052,0.0,7519,1046,55768
5,56819,1052,0.0,7520,1046,55773
13,56832,1052,0.0,7521,1046,55786
12,56844,1052,0.0,7522,1046,55798
7,56851,1053,1.0,7523,1046,55805
6,56857,1053,0.0,7524,1046,55811
4,56861,1053,0.0,7525,1046,55815
13,56874,1053,0.0,7526,1046,55828
16,56890,1053,0.0,7527,1046,55844
18,56908,1053,0.0,7528,1046,55862
6,56914,1053,0.0,7529,1046,55868
19,56933,1053,0.0,7530,1046,55887
12,56945,1053,0.0,7531,1046,55899
12,56957,1053,0.0,7532,1046,55911
2,56959,1053,0.0,7533,1046,55913
7,56966,1053,0.0,7534,1046,55920
7,56973,1054,1.0,7535,1046,55927
7,56980,1055,1.0,7536,1046,55934
4,56984,1055,0.0,7537,1046,55938
11,56995,1056,1.0,7538,1046,55949
4,56999,1056,0.0,7539,1046,55953
2,57001,1056,0.0,7540,1046,55955
11,57012,1056,0.0,7541,1046,55966
7,57019,1057,1.0,7542,1046,55973
4,57023,1057,0.0,7543,1046,55977
7,57030,1058,1.0,7544,1046,55984
2,57032,1058,0.0,7545,1046,55986
2,57034,1058,0.0,7546,1046,55988
6,57040,1058,0.0,7547,1046,55994
4,57044,1058,0.0,7548,1046,55998
4,57048,1058,0.0,7549,1046,56002
7,57055,1058,0.0,7550,1046,56009
12,57067,1058,0.0,7551,1046,56021
11,57078,1058,0.0,7552,1046,56032
12,57090,1058,0.0,7553,1046,56044
5,57095,1058,0.0,7554,1046,56049
7,57102,1059,1.0,7555,1046,56056
3,57105,1059,0.0,7556,1046,56059
6,57111,1059,0.0,7557,1046,56065
10,57121,1059,0.0,7558,1046,56075
9,57130,1059,0.0,7559,1046,56084
10,57140,1059,0.0,7560,1046,56094
10,57150,1059,0.0,7561,1046,56104
5,57155,1059,0.0,7562,1046,56109
5,57160,1059,0.0,7563,1046,56114
14,57174,1059,0.0,7564,1046,56128
7,57181,1059,0.0,7565,1046,56135
3,57184,1059,0.0,7566,1046,56138
4,57188,1059,0.0,7567,1046,56142
2,57190,1059,0.0,7568,1046,56144
8,57198,1059,0.0,7569,1046,56152
13,57211,1059,0.0,7570,1046,56165
10,57221,1059,0.0,7571,1046,56175
7,57228,1060,1.0,7572,1046,56182
4,57232,1060,0.0,7573,1046,56186
7,57239,1061,1.0,7574,1046,56193
10,57249,1061,0.0,7575,1046,56203
6,57255,1061,0.0,7576,1046,56209
12,57267,1061,0.0,7577,1046,56221
3,57270,1061,0.0,7578,1046,56224
7,57277,1062,1.0,7579,1046,56231
7,57284,1063,1.0,7580,1046,56238
2,57286,1063,0.0,7581,1046,56240
15,57301,1064,1.0,7582,1046,56255
9,57310,1064,0.0,7583,1046,56264
6,57316,1064,0.0,7584,1046,56270
3,57319,1064,0.0,7585,1046,56273
9,57328,1064,0.0,7586,1046,56282
2,57330,1064,0.0,7587,1046,56284
6,57336,1064,0.0,7588,1046,56290
7,57343,1065,1.0,7589,1046,56297
15,57358,1066,1.0,7590,1046,56312
6,57364,1066,0.0,7591,1046,56318
7,57371,1067,1.0,7592,1046,56325
4,57375,1067,0.0,7593,1046,56329
5,57380,1067,0.0,7594,1046,56334
4,57384,1067,0.0,7595,1046,56338
13,57397,1067,0.0,7596,1046,56351
11,57408,1068,1.0,7597,1046,56362
8,57416,1068,0.0,7598,1046,56370
4,57420,1068,0.0,7599,1046,56374
10,57430,1068,0.0,7600,1046,56384
2,57432,1068,0.0,7601,1046,56386
4,57436,1068,0.0,7602,1046,56390
7,57443,1069,1.0,7603,1046,56397
12,57455,1069,0.0,7604,1046,56409
6,57461,1069,0.0,7605,1046,56415
3,57464,1069,0.0,7606,1046,56418
7,57471,1069,0.0,7607,1046,56425
9,57480,1069,0.0,7608,1046,56434
12,57492,1069,0.0,7609,1046,56446
16,57508,1069,0.0,7610,1046,56462
10,57518,1069,0.0,7611,1046,56472
15,57533,1070,1.0,7612,1046,56487
3,57536,1070,0.0,7613,1046,56490
10,57546,1070,0.0,7614,1046,56500
2,57548,1070,0.0,7615,1046,56502
5,57553,1070,0.0,7616,1046,56507
4,57557,1070,0.0,7617,1046,56511
7,57564,1071,1.0,7618,1046,56518
10,57574,1071,0.0,7619,1046,56528
7,57581,1072,1.0,7620,1046,56535
7,57588,1073,1.0,7621,1046,56542
9,57597,1073,0.0,7622,1046,56551
7,57604,1074,1.0,7623,1046,56558
12,57616,1074,0.0,7624,1046,56570
7,57623,1075,1.0,7625,1046,56577
15,57638,1075,0.0,7626,1046,56592
5,57643,1075,0.0,7627,1046,56597
7,57650,1076,1.0,7628,1046,56604
5,57655,1076,0.0,7629,1046,56609
7,57662,1077,1.0,7630,1046,56616
17,57679,1077,0.0,7631,1046,56633
3,57682,1077,0.0,7632,1046,56636
4,57686,1077,0.0,7633,1046,56640
6,57692,1077,0.0,7634,1046,56646
9,57701,1077,0.0,7635,1046,56655
7,57708,1078,1.0,7636,1046,56662
2,57710,1078,0.0,7637,1046,56664
7,57717,1079,1.0,7638,1046,56671
7,57724,1080,1.0,7639,1046,56678
4,57728,1080,0.0,7640,1046,56682
7,57735,1081,1.0,7641,1046,56689
4,57739,1081,0.0,7642,1046,56693
10,57749,1081,0.0,7643,1046,56703
10,57759,1081,0.0,7644,1046,56713
3,57762,1081,0.0,7645,1046,56716
4,57766,1081,0.0,7646,1046,56720
4,57770,1081,0.0,7647,1046,56724
4,57774,1081,0.0,7648,1046,56728
7,57781,1082,1.0,7649,1046,56735
7,57788,1083,1.0,7650,1046,56742
10,57798,1083,0.0,7651,1046,56752
9,57807,1083,0.0,7652,1046,56761
5,57812,1083,0.0,7653,1046,56766
7,57819,1083,0.0,7654,1046,56773
2,57821,1083,0.0,7655,1046,56775
15,57836,1083,0.0,7656,1046,56790
7,57843,1083,0.0,7657,1046,56797
4,57847,1083,0.0,7658,1046,56801
8,57855,1083,0.0,7659,1046,56809
9,57864,1083,0.0,7660,1046,56818
10,57874,1083,0.0,7661,1046,56828
9,57883,1083,0.0,7662,1046,56837
7,57890,1083,0.0,7663,1046,56844
15,57905,1083,0.0,7664,1046,56859
13,57918,1083,0.0,7665,1046,56872
10,57928,1083,0.0,7666,1046,56882
4,57932,1083,0.0,7667,1046,56886
15,57947,1083,0.0,7668,1046,56901
10,57957,1083,0.0,7669,1046,56911
8,57965,1083,0.0,7670,1046,56919
6,57971,1083,0.0,7671,1046,56925
2,57973,1083,0.0,7672,1046,56927
2,57975,1083,0.0,7673,1046,56929
7,57982,1084,1.0,7674,1046,56936
5,57987,1084,0.0,7675,1046,56941
8,57995,1084,0.0,7676,1046,56949
2,57997,1084,0.0,7677,1046,56951
7,58004,1085,1.0,7678,1046,56958
16,58020,1085,0.0,7679,1046,56974
7,58027,1086,1.0,7680,1046,56981
9,58036,1086,0.0,7681,1046,56990
7,58043,1087,1.0,7682,1046,56997
4,58047,1087,0.0,7683,1046,57001
5,58052,1087,0.0,7684,1046,57006
14,58066,1087,0.0,7685,1046,57020
7,58073,1088,1.0,7686,1046,57027
3,58076,1088,0.0,7687,1046,57030
7,58083,1089,1.0,7688,1046,57037
3,58086,1089,0.0,7689,1046,57040
10,58096,1089,0.0,7690,1046,57050
7,58103,1090,1.0,7691,1046,57057
7,58110,1091,1.0,7692,1046,57064
12,58122,1091,0.0,7693,1046,57076
10,58132,1091,0.0,7694,1046,57086
10,58142,1091,0.0,7695,1046,57096
4,58146,1091,0.0,7696,1046,57100
13,58159,1091,0.0,7697,1046,57113
12,58171,1091,0.0,7698,1046,57125
7,58178,1092,1.0,7699,1046,57132
4,58182,1092,0.0,7700,1046,57136
4,58186,1092,0.0,7701,1046,57140
8,58194,1092,0.0,7702,1046,57148
6,58200,1092,0.0,7703,1046,57154
27,58227,1092,0.0,7704,1046,57181
15,58242,1093,1.0,7705,1046,57196
12,58254,1093,0.0,7706,1046,57208
6,58260,1093,0.0,7707,1046,57214
12,58272,1093,0.0,7708,1046,57226
6,58278,1093,0.0,7709,1046,57232
7,58285,1094,1.0,7710,1046,57239
18,58303,1094,0.0,7711,1046,57257
5,58308,1094,0.0,7712,1046,57262
4,58312,1094,0.0,7713,1046,57266
10,58322,1094,0.0,7714,1046,57276
4,58326,1094,0.0,7715,1046,57280
9,58335,1094,0.0,7716,1046,57289
2,58337,1094,0.0,7717,1046,57291
7,58344,1095,1.0,7718,1046,57298
2,58346,1095,0.0,7719,1046,57300
13,58359,1095,0.0,7720,1046,57313
7,58366,1096,1.0,7721,1046,57320
4,58370,1096,0.0,7722,1046,57324
7,58377,1097,1.0,7723,1046,57331
2,58379,1097,0.0,7724,1046,57333
2,58381,1097,0.0,7725,1046,57335
9,58390,1097,0.0,7726,1046,57344
5,58395,1097,0.0,7727,1046,57349
10,58405,1097,0.0,7728,1046,57359
7,58412,1098,1.0,7729,1046,57366
5,58417,1098,0.0,7730,1046,57371
2,58419,1098,0.0,7731,1046,57373
2,58421,1098,0.0,7732,1046,57375
7,58428,1099,1.0,7733,1046,57382
6,58434,1099,0.0,7734,1046,57388
9,58443,1099,0.0,7735,1046,57397
2,58445,1099,0.0,7736,1046,57399
10,58455,1099,0.0,7737,1046,57409
7,58462,1100,1.0,7738,1046,57416
7,58469,1101,1.0,7739,1046,57423
13,58482,1101,0.0,7740,1046,57436
6,58488,1101,0.0,7741,1046,57442
5,58493,1101,0.0,7742,1046,57447
12,58505,1101,0.0,7743,1046,57459
12,58517,1101,0.0,7744,1046,57471
10,58527,1101,0.0,7745,1046,57481
6,58533,1101,0.0,7746,1046,57487
8,58541,1101,0.0,7747,1046,57495
4,58545,1101,0.0,7748,1046,57499
12,58557,1101,0.0,7749,1046,57511
9,58566,1101,0.0,7750,1046,57520
5,58571,1101,0.0,7751,1046,57525
10,58581,1101,0.0,7752,1046,57535
5,58586,1101,0.0,7753,1046,57540
7,58593,1102,1.0,7754,1046,57547
4,58597,1102,0.0,7755,1046,57551
7,58604,1102,0.0,7756,1046,57558
3,58607,1102,0.0,7757,1046,57561
9,58616,1102,0.0,7758,1046,57570
7,58623,1102,0.0,7759,1046,57577
7,58630,1103,1.0,7760,1046,57584
3,58633,1103,0.0,7761,1046,57587
7,58640,1104,1.0,7762,1046,57594
3,58643,1104,0.0,7763,1046,57597
28,58671,1104,0.0,7764,1046,57625
22,58693,1105,1.0,7765,1046,57647
2,58695,1105,0.0,7766,1046,57649
7,58702,1106,1.0,7767,1046,57656
13,58715,1106,0.0,7768,1046,57669
4,58719,1106,0.0,7769,1046,57673
3,58722,1106,0.0,7770,1046,57676
10,58732,1106,0.0,7771,1046,57686
6,58738,1106,0.0,7772,1046,57692
12,58750,1106,0.0,7773,1046,57704
9,58759,1106,0.0,7774,1046,57713
10,58769,1106,0.0,7775,1046,57723
10,58779,1106,0.0,7776,1046,57733
2,58781,1106,0.0,7777,1046,57735
8,58789,1106,0.0,7778,1046,57743
2,58791,1106,0.0,7779,1046,57745
11,58802,1107,1.0,7780,1046,57756
7,58809,1108,1.0,7781,1046,57763
7,58816,1109,1.0,7782,1046,57770
5,58821,1109,0.0,7783,1046,57775
12,58833,1109,0.0,7784,1046,57787
7,58840,1110,1.0,7785,1046,57794
9,58849,1110,0.0,7786,1046,57803
9,58858,1110,0.0,7787,1046,57812
7,58865,1111,1.0,7788,1046,57819
4,58869,1111,0.0,7789,1046,57823
2,58871,1111,0.0,7790,1046,57825
4,58875,1111,0.0,7791,1046,57829
4,58879,1111,0.0,7792,1046,57833
15,58894,1111,0.0,7793,1046,57848
6,58900,1111,0.0,7794,1046,57854
7,58907,1112,1.0,7795,1046,57861
4,58911,1112,0.0,7796,1046,57865
5,58916,1112,0.0,7797,1046,57870
6,58922,1112,0.0,7798,1046,57876
13,58935,1112,0.0,7799,1046,57889
3,58938,1112,0.0,7800,1046,57892
12,58950,1112,0.0,7801,1046,57904
8,58958,1112,0.0,7802,1046,57912
9,58967,1112,0.0,7803,1046,57921
7,58974,1113,1.0,7804,1046,57928
7,58981,1114,1.0,7805,1046,57935
20,59001,1114,0.0,7806,1046,57955
17,59018,1114,0.0,7807,1046,57972
7,59025,1115,1.0,7808,1046,57979
2,59027,1115,0.0,7809,1046,57981
11,59038,1116,1.0,7810,1046,57992
9,59047,1116,0.0,7811,1046,58001
2,59049,1116,0.0,7812,1046,58003
18,59067,1116,0.0,7813,1046,58021
10,59077,1116,0.0,7814,1046,58031
9,59086,1116,0.0,7815,1046,58040
3,59089,1116,0.0,7816,1046,58043
3,59092,1116,0.0,7817,1046,58046
13,59105,1116,0.0,7818,1046,58059
12,59117,1116,0.0,7819,1046,58071
2,59119,1116,0.0,7820,1046,58073
10,59129,1116,0.0,7821,1046,58083
13,59142,1116,0.0,7822,1046,58096
4,59146,1116,0.0,7823,1046,58100
5,59151,1116,0.0,7824,1046,58105
12,59163,1116,0.0,7825,1046,58117
5,59168,1116,0.0,7826,1046,58122
9,59177,1116,0.0,7827,1046,58131
4,59181,1116,0.0,7828,1046,58135
4,59185,1116,0.0,7829,1046,58139
29,59214,1116,0.0,7830,1046,58168
7,59221,1117,1.0,7831,1046,58175
7,59228,1118,1.0,7832,1046,58182
7,59235,1119,1.0,7833,1046,58189
8,59243,1119,0.0,7834,1046,58197
13,59256,1119,0.0,7835,1046,58210
2,59258,1119,0.0,7836,1046,58212
4,59262,1119,0.0,7837,1046,58216
7,59269,1120,1.0,7838,1046,58223
10,59279,1120,0.0,7839,1046,58233
5,59284,1120,0.0,7840,1046,58238
9,59293,1120,0.0,7841,1046,58247
6,59299,1120,0.0,7842,1046,58253
9,59308,1120,0.0,7843,1046,58262
5,59313,1120,0.0,7844,1046,58267
6,59319,1120,0.0,7845,1046,58273
5,59324,1120,0.0,7846,1046,58278
6,59330,1120,0.0,7847,1046,58284
10,59340,1120,0.0,7848,1046,58294
12,59352,1120,0.0,7849,1046,58306
5,59357,1120,0.0,7850,1046,58311
9,59366,1120,0.0,7851,1046,58320
2,59368,1120,0.0,7852,1046,58322
7,59375,1121,1.0,7853,1046,58329
2,59377,1121,0.0,7854,1046,58331
4,59381,1121,0.0,7855,1046,58335
7,59388,1122,1.0,7856,1046,58342
17,59405,1122,0.0,7857,1046,58359
2,59407,1122,0.0,7858,1046,58361
14,59421,1122,0.0,7859,1046,58375
3,59424,1122,0.0,7860,1046,58378
9,59433,1122,0.0,7861,1046,58387
7,59440,1123,1.0,7862,1046,58394
7,59447,1123,0.0,7863,1046,58401
9,59456,1123,0.0,7864,1046,58410
3,59459,1123,0.0,7865,1046,58413
2,59461,1123,0.0,7866,1046,58415
15,59476,1124,1.0,7867,1046,58430
4,59480,1124,0.0,7868,1046,58434
5,59485,1124,0.0,7869,1046,58439
4,59489,1124,0.0,7870,1046,58443
2,59491,1124,0.0,7871,1046,58445
8,59499,1124,0.0,7872,1046,58453
4,59503,1124,0.0,7873,1046,58457
7,59510,1124,0.0,7874,1046,58464
5,59515,1124,0.0,7875,1046,58469
11,59526,1125,1.0,7876,1046,58480
2,59528,1125,0.0,7877,1046,58482
15,59543,1125,0.0,7878,1046,58497
2,59545,1125,0.0,7879,1046,58499
10,59555,1125,0.0,7880,1046,58509
3,59558,1125,0.0,7881,1046,58512
2,59560,1125,0.0,7882,1046,58514
8,59568,1125,0.0,7883,1046,58522
2,59570,1125,0.0,7884,1046,58524
4,59574,1125,0.0,7885,1046,58528
4,59578,1125,0.0,7886,1046,58532
4,59582,1125,0.0,7887,1046,58536
4,59586,1125,0.0,7888,1046,58540
7,59593,1125,0.0,7889,1046,58547
13,59606,1125,0.0,7890,1046,58560
5,59611,1125,0.0,7891,1046,58565
4,59615,1125,0.0,7892,1046,58569
7,59622,1126,1.0,7893,1046,58576
12,59634,1126,0.0,7894,1046,58588
7,59641,1126,0.0,7895,1046,58595
4,59645,1126,0.0,7896,1046,58599
7,59652,1127,1.0,7897,1046,58606
7,59659,1128,1.0,7898,1046,58613
3,59662,1128,0.0,7899,1046,58616
2,59664,1128,0.0,7900,1046,58618
2,59666,1128,0.0,7901,1046,58620
6,59672,1128,0.0,7902,1046,58626
10,59682,1128,0.0,7903,1046,58636
4,59686,1128,0.0,7904,1046,58640
3,59689,1128,0.0,7905,1046,58643
7,59696,1129,1.0,7906,1046,58650
12,59708,1129,0.0,7907,1046,58662
2,59710,1129,0.0,7908,1046,58664
7,59717,1130,1.0,7909,1046,58671
7,59724,1131,1.0,7910,1046,58678
11,59735,1132,1.0,7911,1046,58689
5,59740,1132,0.0,7912,1046,58694
10,59750,1132,0.0,7913,1046,58704
4,59754,1132,0.0,7914,1046,58708
5,59759,1132,0.0,7915,1046,58713
6,59765,1132,0.0,7916,1046,58719
7,59772,1132,0.0,7917,1046,58726
4,59776,1132,0.0,7918,1046,58730
3,59779,1132,0.0,7919,1046,58733
22,59801,1132,0.0,7920,1046,58755
16,59817,1132,0.0,7921,1046,58771
12,59829,1132,0.0,7922,1046,58783
12,59841,1132,0.0,7923,1046,58795
5,59846,1132,0.0,7924,1046,58800
4,59850,1132,0.0,7925,1046,58804
10,59860,1132,0.0,7926,1046,58814
5,59865,1132,0.0,7927,1046,58819
5,59870,1132,0.0,7928,1046,58824
6,59876,1132,0.0,7929,1046,58830
2,59878,1132,0.0,7930,1046,58832
5,59883,1132,0.0,7931,1046,58837
7,59890,1133,1.0,7932,1046,58844
3,59893,1133,0.0,7933,1046,58847
4,59897,1133,0.0,7934,1046,58851
9,59906,1133,0.0,7935,1046,58860
4,59910,1133,0.0,7936,1046,58864
4,59914,1133,0.0,7937,1046,58868
7,59921,1134,1.0,7938,1046,58875
11,59932,1135,1.0,7939,1046,58886
6,59938,1135,0.0,7940,1046,58892
2,59940,1135,0.0,7941,1046,58894
7,59947,1135,0.0,7942,1046,58901
7,59954,1136,1.0,7943,1046,58908
13,59967,1136,0.0,7944,1046,58921
9,59976,1136,0.0,7945,1046,58930
8,59984,1136,0.0,7946,1046,58938
2,59986,1136,0.0,7947,1046,58940
2,59988,1136,0.0,7948,1046,58942
7,59995,1137,1.0,7949,1046,58949
2,59997,1137,0.0,7950,1046,58951
12,60009,1137,0.0,7951,1046,58963
5,60014,1137,0.0,7952,1046,58968
2,60016,1137,0.0,7953,1046,58970
16,60032,1137,0.0,7954,1046,58986
9,60041,1137,0.0,7955,1046,58995
6,60047,1137,0.0,7956,1046,59001
3,60050,1137,0.0,7957,1046,59004
2,60052,1137,0.0,7958,1046,59006
7,60059,1138,1.0,7959,1046,59013
7,60066,1139,1.0,7960,1046,59020
4,60070,1139,0.0,7961,1046,59024
6,60076,1139,0.0,7962,1046,59030
11,60087,1140,1.0,7963,1046,59041
5,60092,1140,0.0,7964,1046,59046
15,60107,1141,1.0,7965,1046,59061
21,60128,1141,0.0,7966,1046,59082
2,60130,1141,0.0,7967,1046,59084
7,60137,1141,0.0,7968,1046,59091
7,60144,1142,1.0,7969,1046,59098
3,60147,1142,0.0,7970,1046,59101
7,60154,1143,1.0,7971,1046,59108
6,60160,1143,0.0,7972,1046,59114
7,60167,1144,1.0,7973,1046,59121
4,60171,1144,0.0,7974,1046,59125
2,60173,1144,0.0,7975,1046,59127
4,60177,1144,0.0,7976,1046,59131
15,60192,1144,0.0,7977,1046,59146
2,60194,1144,0.0,7978,1046,59148
7,60201,1145,1.0,7979,1046,59155
9,60210,1145,0.0,7980,1046,59164
4,60214,1145,0.0,7981,1046,59168
14,60228,1145,0.0,7982,1046,59182
12,60240,1145,0.0,7983,1046,59194
5,60245,1145,0.0,7984,1046,59199
9,60254,1145,0.0,7985,1046,59208
4,60258,1145,0.0,7986,1046,59212
9,60267,1145,0.0,7987,1046,59221
9,60276,1145,0.0,7988,1046,59230
4,60280,1145,0.0,7989,1046,59234
2,60282,1145,0.0,7990,1046,59236
18,60300,1145,0.0,7991,1046,59254
8,60308,1145,0.0,7992,1046,59262
10,60318,1145,0.0,7993,1046,59272
7,60325,1145,0.0,7994,1046,59279
8,60333,1145,0.0,7995,1046,59287
5,60338,1145,0.0,7996,1046,59292
7,60345,1146,1.0,7997,1046,59299
12,60357,1146,0.0,7998,1046,59311
13,60370,1146,0.0,7999,1046,59324
6,60376,1146,0.0,8000,1046,59330
4,60380,1146,0.0,8001,1046,59334
7,60387,1147,1.0,8002,1046,59341
4,60391,1147,0.0,8003,1046,59345
6,60397,1147,0.0,8004,1046,59351
7,60404,1148,1.0,8005,1046,59358
3,60407,1148,0.0,8006,1046,59361
2,60409,1148,0.0,8007,1046,59363
15,60424,1149,1.0,8008,1046,59378
12,60436,1149,0.0,8009,1046,59390
9,60445,1149,0.0,8010,1046,59399
7,60452,1149,0.0,8011,1046,59406
7,60459,1150,1.0,8012,1046,59413
12,60471,1150,0.0,8013,1046,59425
7,60478,1151,1.0,8014,1046,59432
10,60488,1151,0.0,8015,1046,59442
2,60490,1151,0.0,8016,1046,59444
2,60492,1151,0.0,8017,1046,59446
7,60499,1152,1.0,8018,1046,59453
12,60511,1152,0.0,8019,1046,59465
2,60513,1152,0.0,8020,1046,59467
6,60519,1152,0.0,8021,1046,59473
2,60521,1152,0.0,8022,1046,59475
4,60525,1152,0.0,8023,1046,59479
9,60534,1152,0.0,8024,1046,59488
7,60541,1153,1.0,8025,1046,59495
8,60549,1153,0.0,8026,1046,59503
3,60552,1153,0.0,8027,1046,59506
10,60562,1153,0.0,8028,1046,59516
3,60565,1153,0.0,8029,1046,59519
7,60572,1154,1.0,8030,1046,59526
7,60579,1155,1.0,8031,1046,59533
2,60581,1155,0.0,8032,1046,59535
10,60591,1155,0.0,8033,1046,59545
7,60598,1155,0.0,8034,1046,59552
6,60604,1155,0.0,8035,1046,59558
6,60610,1155,0.0,8036,1046,59564
2,60612,1155,0.0,8037,1046,59566
4,60616,1155,0.0,8038,1046,59570
2,60618,1155,0.0,8039,1046,59572
7,60625,1156,1.0,8040,1046,59579
2,60627,1156,0.0,8041,1046,59581
4,60631,1156,0.0,8042,1046,59585
13,60644,1156,0.0,8043,1046,59598
3,60647,1156,0.0,8044,1046,59601
9,60656,1156,0.0,8045,1046,59610
7,60663,1157,1.0,8046,1046,59617
6,60669,1157,0.0,8047,1046,59623
8,60677,1157,0.0,8048,1046,59631
14,60691,1157,0.0,8049,1046,59645
8,60699,1157,0.0,8050,1046,59653
2,60701,1157,0.0,8051,1046,59655
10,60711,1157,0.0,8052,1046,59665
4,60715,1157,0.0,8053,1046,59669
13,60728,1157,0.0,8054,1046,59682
2,60730,1157,0.0,8055,1046,59684
9,60739,1157,0.0,8056,1046,59693
7,60746,1157,0.0,8057,1046,59700
4,60750,1157,0.0,8058,1046,59704
4,60754,1157,0.0,8059,1046,59708
7,60761,1158,1.0,8060,1046,59715
17,60778,1158,0.0,8061,1046,59732
15,60793,1158,0.0,8062,1046,59747
7,60800,1159,1.0,8063,1046,59754
17,60817,1159,0.0,8064,1046,59771
2,60819,1159,0.0,8065,1046,59773
2,60821,1159,0.0,8066,1046,59775
7,60828,1160,1.0,8067,1046,59782
6,60834,1160,0.0,8068,1046,59788
2,60836,1160,0.0,8069,1046,59790
6,60842,1160,0.0,8070,1046,59796
10,60852,1160,0.0,8071,1046,59806
4,60856,1160,0.0,8072,1046,59810
4,60860,1160,0.0,8073,1046,59814
9,60869,1160,0.0,8074,1046,59823
3,60872,1160,0.0,8075,1046,59826
4,60876,1160,0.0,8076,1046,59830
2,60878,1160,0.0,8077,1046,59832
7,60885,1161,1.0,8078,1046,59839
8,60893,1161,0.0,8079,1046,59847
16,60909,1161,0.0,8080,1046,59863
10,60919,1161,0.0,8081,1046,59873
6,60925,1161,0.0,8082,1046,59879
3,60928,1161,0.0,8083,1046,59882
3,60931,1161,0.0,8084,1046,59885
7,60938,1162,1.0,8085,1046,59892
2,60940,1162,0.0,8086,1046,59894
10,60950,1162,0.0,8087,1046,59904
3,60953,1162,0.0,8088,1046,59907
7,60960,1163,1.0,8089,1046,59914
20,60980,1163,0.0,8090,1046,59934
13,60993,1163,0.0,8091,1046,59947
7,61000,1164,1.0,8092,1046,59954
7,61007,1165,1.0,8093,1046,59961
9,61016,1165,0.0,8094,1046,59970
4,61020,1165,0.0,8095,1046,59974
7,61027,1166,1.0,8096,1046,59981
17,61044,1166,0.0,8097,1046,59998
9,61053,1166,0.0,8098,1046,60007
7,61060,1167,1.0,8099,1046,60014
2,61062,1167,0.0,8100,1046,60016
9,61071,1167,0.0,8101,1046,60025
9,61080,1167,0.0,8102,1046,60034
2,61082,1167,0.0,8103,1046,60036
16,61098,1167,0.0,8104,1046,60052
4,61102,1167,0.0,8105,1046,60056
7,61109,1168,1.0,8106,1046,60063
7,61116,1169,1.0,8107,1046,60070
5,61121,1169,0.0,8108,1046,60075
7,61128,1169,0.0,8109,1046,60082
3,61131,1169,0.0,8110,1046,60085
3,61134,1169,0.0,8111,1046,60088
8,61142,1169,0.0,8112,1046,60096
3,61145,1169,0.0,8113,1046,60099
10,61155,1169,0.0,8114,1046,60109
6,61161,1169,0.0,8115,1046,60115
5,61166,1169,0.0,8116,1046,60120
9,61175,1169,0.0,8117,1046,60129
7,61182,1170,1.0,8118,1046,60136
2,61184,1170,0.0,8119,1046,60138
2,61186,1170,0.0,8120,1046,60140
7,61193,1170,0.0,8121,1046,60147
7,61200,1171,1.0,8122,1046,60154
7,61207,1172,1.0,8123,1046,60161
12,61219,1172,0.0,8124,1046,60173
5,61224,1172,0.0,8125,1046,60178
10,61234,1172,0.0,8126,1046,60188
7,61241,1173,1.0,8127,1046,60195
12,61253,1173,0.0,8128,1046,60207
7,61260,1174,1.0,8129,1046,60214
7,61267,1174,0.0,8130,1046,60221
8,61275,1174,0.0,8131,1046,60229
7,61282,1174,0.0,8132,1046,60236
12,61294,1174,0.0,8133,1046,60248
4,61298,1174,0.0,8134,1046,60252
4,61302,1174,0.0,8135,1046,60256
20,61322,1174,0.0,8136,1046,60276
2,61324,1174,0.0,8137,1046,60278
2,61326,1174,0.0,8138,1046,60280
3,61329,1174,0.0,8139,1046,60283
7,61336,1175,1.0,8140,1046,60290
7,61343,1176,1.0,8141,1046,60297
12,61355,1176,0.0,8142,1046,60309
8,61363,1176,0.0,8143,1046,60317
7,61370,1177,1.0,8144,1046,60324
18,61388,1177,0.0,8145,1046,60342
9,61397,1177,0.0,8146,1046,60351
7,61404,1178,1.0,8147,1046,60358
12,61416,1178,0.0,8148,1046,60370
17,61433,1178,0.0,8149,1046,60387
6,61439,1178,0.0,8150,1046,60393
7,61446,1179,1.0,8151,1046,60400
12,61458,1179,0.0,8152,1046,60412
9,61467,1179,0.0,8153,1046,60421
7,61474,1179,0.0,8154,1046,60428
11,61485,1179,0.0,8155,1046,60439
2,61487,1179,0.0,8156,1046,60441
5,61492,1179,0.0,8157,1046,60446
7,61499,1180,1.0,8158,1046,60453
12,61511,1180,0.0,8159,1046,60465
7,61518,1181,1.0,8160,1046,60472
10,61528,1181,0.0,8161,1046,60482
7,61535,1181,0.0,8162,1046,60489
3,61538,1181,0.0,8163,1046,60492
11,61549,1181,0.0,8164,1046,60503
7,61556,1182,1.0,8165,1046,60510
3,61559,1182,0.0,8166,1046,60513
10,61569,1182,0.0,8167,1046,60523
9,61578,1182,0.0,8168,1046,60532
2,61580,1182,0.0,8169,1046,60534
2,61582,1182,0.0,8170,1046,60536
3,61585,1182,0.0,8171,1046,60539
8,61593,1182,0.0,8172,1046,60547
2,61595,1182,0.0,8173,1046,60549
7,61602,1183,1.0,8174,1046,60556
5,61607,1183,0.0,8175,1046,60561
4,61611,1183,0.0,8176,1046,60565
4,61615,1183,0.0,8177,1046,60569
17,61632,1183,0.0,8178,1046,60586
16,61648,1183,0.0,8179,1046,60602
7,61655,1184,1.0,8180,1046,60609
7,61662,1185,1.0,8181,1046,60616
3,61665,1185,0.0,8182,1046,60619
7,61672,1185,0.0,8183,1046,60626
6,61678,1185,0.0,8184,1046,60632
3,61681,1185,0.0,8185,1046,60635
6,61687,1185,0.0,8186,1046,60641
6,61693,1185,0.0,8187,1046,60647
18,61711,1185,0.0,8188,1046,60665
7,61718,1186,1.0,8189,1046,60672
3,61721,1186,0.0,8190,1046,60675
6,61727,1186,0.0,8191,1046,60681
9,61736,1186,0.0,8192,1046,60690
9,61745,1186,0.0,8193,1046,60699
7,61752,1186,0.0,8194,1046,60706
2,61754,1186,0.0,8195,1046,60708
12,61766,1186,0.0,8196,1046,60720
3,61769,1186,0.0,8197,1046,60723
18,61787,1186,0.0,8198,1046,60741
7,61794,1187,1.0,8199,1046,60748
7,61801,1188,1.0,8200,1046,60755
5,61806,1188,0.0,8201,1046,60760
10,61816,1188,0.0,8202,1046,60770
4,61820,1188,0.0,8203,1046,60774
9,61829,1188,0.0,8204,1046,60783
18,61847,1188,0.0,8205,1046,60801
2,61849,1188,0.0,8206,1046,60803
3,61852,1188,0.0,8207,1046,60806
10,61862,1188,0.0,8208,1046,60816
12,61874,1188,0.0,8209,1046,60828
2,61876,1188,0.0,8210,1046,60830
18,61894,1188,0.0,8211,1046,60848
3,61897,1188,0.0,8212,1046,60851
7,61904,1189,1.0,8213,1046,60858
2,61906,1189,0.0,8214,1046,60860
8,61914,1189,0.0,8215,1046,60868
6,61920,1189,0.0,8216,1046,60874
4,61924,1189,0.0,8217,1046,60878
10,61934,1189,0.0,8218,1046,60888
7,61941,1190,1.0,8219,1046,60895
3,61944,1190,0.0,8220,1046,60898
7,61951,1190,0.0,8221,1046,60905
11,61962,1190,0.0,8222,1046,60916
10,61972,1190,0.0,8223,1046,60926
4,61976,1190,0.0,8224,1046,60930
4,61980,1190,0.0,8225,1046,60934
7,61987,1191,1.0,8226,1046,60941
9,61996,1191,0.0,8227,1046,60950
7,62003,1191,0.0,8228,1046,60957
7,62010,1192,1.0,8229,1046,60964
7,62017,1192,0.0,8230,1046,60971
4,62021,1192,0.0,8231,1046,60975
7,62028,1193,1.0,8232,1046,60982
7,62035,1194,1.0,8233,1046,60989
7,62042,1195,1.0,8234,1046,60996
13,62055,1195,0.0,8235,1046,61009
2,62057,1195,0.0,8236,1046,61011
7,62064,1196,1.0,8237,1046,61018
3,62067,1196,0.0,8238,1046,61021
8,62075,1196,0.0,8239,1046,61029
3,62078,1196,0.0,8240,1046,61032
7,62085,1196,0.0,8241,1046,61039
7,62092,1197,1.0,8242,1046,61046
4,62096,1197,0.0,8243,1046,61050
4,62100,1197,0.0,8244,1046,61054
4,62104,1197,0.0,8245,1046,61058
12,62116,1197,0.0,8246,1046,61070
3,62119,1197,0.0,8247,1046,61073
12,62131,1197,0.0,8248,1046,61085
10,62141,1197,0.0,8249,1046,61095
2,62143,1197,0.0,8250,1046,61097
13,62156,1197,0.0,8251,1046,61110
5,62161,1197,0.0,8252,1046,61115
2,62163,1197,0.0,8253,1046,61117
4,62167,1197,0.0,8254,1046,61121
5,62172,1197,0.0,8255,1046,61126
8,62180,1197,0.0,8256,1046,61134
5,62185,1197,0.0,8257,1046,61139
7,62192,1198,1.0,8258,1046,61146
8,62200,1198,0.0,8259,1046,61154
2,62202,1198,0.0,8260,1046,61156
11,62213,1198,0.0,8261,1046,61167
7,62220,1199,1.0,8262,1046,61174
10,62230,1199,0.0,8263,1046,61184
7,62237,1200,1.0,8264,1046,61191
7,62244,1201,1.0,8265,1046,61198
10,62254,1201,0.0,8266,1046,61208
12,62266,1201,0.0,8267,1046,61220
2,62268,1201,0.0,8268,1046,61222
3,62271,1201,0.0,8269,1046,61225
7,62278,1202,1.0,8270,1046,61232
11,62289,1202,0.0,8271,1046,61243
9,62298,1202,0.0,8272,1046,61252
6,62304,1202,0.0,8273,1046,61258
6,62310,1202,0.0,8274,1046,61264
4,62314,1202,0.0,8275,1046,61268
7,62321,1203,1.0,8276,1046,61275
16,62337,1203,0.0,8277,1046,61291
7,62344,1204,1.0,8278,1046,61298
2,62346,1204,0.0,8279,1046,61300
3,62349,1204,0.0,8280,1046,61303
15,62364,1204,0.0,8281,1046,61318
4,62368,1204,0.0,8282,1046,61322
6,62374,1204,0.0,8283,1046,61328
7,62381,1204,0.0,8284,1046,61335
7,62388,1205,1.0,8285,1046,61342
10,62398,1205,0.0,8286,1046,61352
5,62403,1205,0.0,8287,1046,61357
7,62410,1206,1.0,8288,1046,61364
2,62412,1206,0.0,8289,1046,61366
27,62439,1206,0.0,8290,1046,61393
10,62449,1206,0.0,8291,1046,61403
6,62455,1206,0.0,8292,1046,61409
12,62467,1206,0.0,8293,1046,61421
2,62469,1206,0.0,8294,1046,61423
16,62485,1206,0.0,8295,1046,61439
3,62488,1206,0.0,8296,1046,61442
7,62495,1206,0.0,8297,1046,61449
6,62501,1206,0.0,8298,1046,61455
7,62508,1206,0.0,8299,1046,61462
23,62531,1206,0.0,8300,1046,61485
8,62539,1206,0.0,8301,1046,61493
15,62554,1206,0.0,8302,1046,61508
7,62561,1207,1.0,8303,1046,61515
8,62569,1207,0.0,8304,1046,61523
2,62571,1207,0.0,8305,1046,61525
4,62575,1207,0.0,8306,1046,61529
9,62584,1207,0.0,8307,1046,61538
10,62594,1207,0.0,8308,1046,61548
7,62601,1207,0.0,8309,1046,61555
17,62618,1207,0.0,8310,1046,61572
7,62625,1207,0.0,8311,1046,61579
4,62629,1207,0.0,8312,1046,61583
8,62637,1207,0.0,8313,1046,61591
4,62641,1207,0.0,8314,1046,61595
10,62651,1207,0.0,8315,1046,61605
7,62658,1208,1.0,8316,1046,61612
5,62663,1208,0.0,8317,1046,61617
14,62677,1208,0.0,8318,1046,61631
7,62684,1209,1.0,8319,1046,61638
7,62691,1209,0.0,8320,1046,61645
7,62698,1210,1.0,8321,1046,61652
2,62700,1210,0.0,8322,1046,61654
6,62706,1210,0.0,8323,1046,61660
7,62713,1211,1.0,8324,1046,61667
7,62720,1212,1.0,8325,1046,61674
7,62727,1213,1.0,8326,1046,61681
7,62734,1214,1.0,8327,1046,61688
5,62739,1214,0.0,8328,1046,61693
6,62745,1214,0.0,8329,1046,61699
12,62757,1214,0.0,8330,1046,61711
6,62763,1214,0.0,8331,1046,61717
17,62780,1214,0.0,8332,1046,61734
10,62790,1214,0.0,8333,1046,61744
6,62796,1214,0.0,8334,1046,61750
3,62799,1214,0.0,8335,1046,61753
2,62801,1214,0.0,8336,1046,61755
7,62808,1215,1.0,8337,1046,61762
4,62812,1215,0.0,8338,1046,61766
9,62821,1215,0.0,8339,1046,61775
7,62828,1216,1.0,8340,1046,61782
12,62840,1216,0.0,8341,1046,61794
10,62850,1216,0.0,8342,1046,61804
3,62853,1216,0.0,8343,1046,61807
6,62859,1216,0.0,8344,1046,61813
14,62873,1216,0.0,8345,1046,61827
5,62878,1216,0.0,8346,1046,61832
6,62884,1216,0.0,8347,1046,61838
12,62896,1216,0.0,8348,1046,61850
16,62912,1216,0.0,8349,1046,61866
7,62919,1217,1.0,8350,1046,61873
9,62928,1217,0.0,8351,1046,61882
4,62932,1217,0.0,8352,1046,61886
4,62936,1217,0.0,8353,1046,61890
2,62938,1217,0.0,8354,1046,61892
3,62941,1217,0.0,8355,1046,61895
12,62953,1217,0.0,8356,1046,61907
7,62960,1218,1.0,8357,1046,61914
13,62973,1218,0.0,8358,1046,61927
10,62983,1218,0.0,8359,1046,61937
3,62986,1218,0.0,8360,1046,61940
2,62988,1218,0.0,8361,1046,61942
12,63000,1218,0.0,8362,1046,61954
2,63002,1218,0.0,8363,1046,61956
2,63004,1218,0.0,8364,1046,61958
4,63008,1218,0.0,8365,1046,61962
6,63014,1218,0.0,8366,1046,61968
4,63018,1218,0.0,8367,1046,61972
6,63024,1218,0.0,8368,1046,61978
7,63031,1218,0.0,8369,1046,61985
7,63038,1218,0.0,8370,1046,61992
9,63047,1218,0.0,8371,1046,62001
7,63054,1219,1.0,8372,1046,62008
7,63061,1220,1.0,8373,1046,62015
13,63074,1220,0.0,8374,1046,62028
2,63076,1220,0.0,8375,1046,62030
10,63086,1220,0.0,8376,1046,62040
12,63098,1220,0.0,8377,1046,62052
13,63111,1220,0.0,8378,1046,62065
9,63120,1220,0.0,8379,1046,62074
8,63128,1220,0.0,8380,1046,62082
6,63134,1220,0.0,8381,1046,62088
7,63141,1221,1.0,8382,1046,62095
5,63146,1221,0.0,8383,1046,62100
9,63155,1221,0.0,8384,1046,62109
5,63160,1221,0.0,8385,1046,62114
4,63164,1221,0.0,8386,1046,62118
7,63171,1222,1.0,8387,1046,62125
2,63173,1222,0.0,8388,1046,62127
7,63180,1223,1.0,8389,1046,62134
10,63190,1223,0.0,8390,1046,62144
6,63196,1223,0.0,8391,1046,62150
4,63200,1223,0.0,8392,1046,62154
7,63207,1224,1.0,8393,1046,62161
10,63217,1224,0.0,8394,1046,62171
7,63224,1225,1.0,8395,1046,62178
9,63233,1225,0.0,8396,1046,62187
4,63237,1225,0.0,8397,1046,62191
6,63243,1225,0.0,8398,1046,62197
10,63253,1225,0.0,8399,1046,62207
4,63257,1225,0.0,8400,1046,62211
2,63259,1225,0.0,8401,1046,62213
9,63268,1225,0.0,8402,1046,62222
9,63277,1225,0.0,8403,1046,62231
9,63286,1225,0.0,8404,1046,62240
4,63290,1225,0.0,8405,1046,62244
7,63297,1225,0.0,8406,1046,62251
3,63300,1225,0.0,8407,1046,62254
4,63304,1225,0.0,8408,1046,62258
5,63309,1225,0.0,8409,1046,62263
9,63318,1225,0.0,8410,1046,62272
2,63320,1225,0.0,8411,1046,62274
7,63327,1226,1.0,8412,1046,62281
4,63331,1226,0.0,8413,1046,62285
4,63335,1226,0.0,8414,1046,62289
6,63341,1226,0.0,8415,1046,62295
6,63347,1226,0.0,8416,1046,62301
10,63357,1226,0.0,8417,1046,62311
4,63361,1226,0.0,8418,1046,62315
3,63364,1226,0.0,8419,1046,62318
6,63370,1226,0.0,8420,1046,62324
2,63372,1226,0.0,8421,1046,62326
9,63381,1226,0.0,8422,1046,62335
10,63391,1226,0.0,8423,1046,62345
11,63402,1227,1.0,8424,1046,62356
2,63404,1227,0.0,8425,1046,62358
7,63411,1228,1.0,8426,1046,62365
16,63427,1228,0.0,8427,1046,62381
9,63436,1228,0.0,8428,1046,62390
3,63439,1228,0.0,8429,1046,62393
6,63445,1228,0.0,8430,1046,62399
9,63454,1228,0.0,8431,1046,62408
10,63464,1228,0.0,8432,1046,62418
6,63470,1228,0.0,8433,1046,62424
4,63474,1228,0.0,8434,1046,62428
11,63485,1229,1.0,8435,1046,62439
11,63496,1229,0.0,8436,1046,62450
7,63503,1229,0.0,8437,1046,62457
12,63515,1229,0.0,8438,1046,62469
11,63526,1229,0.0,8439,1046,62480
12,63538,1229,0.0,8440,1046,62492
4,63542,1229,0.0,8441,1046,62496
4,63546,1229,0.0,8442,1046,62500
10,63556,1229,0.0,8443,1046,62510
5,63561,1229,0.0,8444,1046,62515
7,63568,1230,1.0,8445,1046,62522
7,63575,1231,1.0,8446,1046,62529
6,63581,1231,0.0,8447,1046,62535
3,63584,1231,0.0,8448,1046,62538
5,63589,1231,0.0,8449,1046,62543
10,63599,1231,0.0,8450,1046,62553
2,63601,1231,0.0,8451,1046,62555
7,63608,1232,1.0,8452,1046,62562
2,63610,1232,0.0,8453,1046,62564
5,63615,1232,0.0,8454,1046,62569
7,63622,1233,1.0,8455,1046,62576
6,63628,1233,0.0,8456,1046,62582
6,63634,1233,0.0,8457,1046,62588
7,63641,1234,1.0,8458,1046,62595
2,63643,1234,0.0,8459,1046,62597
5,63648,1234,0.0,8460,1046,62602
12,63660,1234,0.0,8461,1046,62614
16,63676,1234,0.0,8462,1046,62630
7,63683,1234,0.0,8463,1046,62637
3,63686,1234,0.0,8464,1046,62640
7,63693,1235,1.0,8465,1046,62647
12,63705,1235,0.0,8466,1046,62659
14,63719,1235,0.0,8467,1046,62673
2,63721,1235,0.0,8468,1046,62675
7,63728,1236,1.0,8469,1046,62682
4,63732,1236,0.0,8470,1046,62686
10,63742,1236,0.0,8471,1046,62696
7,63749,1236,0.0,8472,1046,62703
7,63756,1237,1.0,8473,1046,62710
8,63764,1237,0.0,8474,1046,62718
9,63773,1237,0.0,8475,1046,62727
10,63783,1237,0.0,8476,1046,62737
4,63787,1237,0.0,8477,1046,62741
9,63796,1237,0.0,8478,1046,62750
5,63801,1237,0.0,8479,1046,62755
12,63813,1237,0.0,8480,1046,62767
13,63826,1237,0.0,8481,1046,62780
2,63828,1237,0.0,8482,1046,62782
7,63835,1238,1.0,8483,1046,62789
13,63848,1238,0.0,8484,1046,62802
2,63850,1238,0.0,8485,1046,62804
15,63865,1238,0.0,8486,1046,62819
6,63871,1238,0.0,8487,1046,62825
7,63878,1239,1.0,8488,1046,62832
7,63885,1240,1.0,8489,1046,62839
8,63893,1240,0.0,8490,1046,62847
7,63900,1241,1.0,8491,1046,62854
4,63904,1241,0.0,8492,1046,62858
31,63935,1241,0.0,8493,1046,62889
7,63942,1242,1.0,8494,1046,62896
7,63949,1242,0.0,8495,1046,62903
3,63952,1242,0.0,8496,1046,62906
2,63954,1242,0.0,8497,1046,62908
12,63966,1242,0.0,8498,1046,62920
7,63973,1243,1.0,8499,1046,62927
7,63980,1244,1.0,8500,1046,62934
6,63986,1244,0.0,8501,1046,62940
11,63997,1244,0.0,8502,1046,62951
4,64001,1244,0.0,8503,1046,62955
6,64007,1244,0.0,8504,1046,62961
4,64011,1244,0.0,8505,1046,62965
8,64019,1244,0.0,8506,1046,62973
16,64035,1244,0.0,8507,1046,62989
5,64040,1244,0.0,8508,1046,62994
7,64047,1245,1.0,8509,1046,63001
2,64049,1245,0.0,8510,1046,63003
13,64062,1245,0.0,8511,1046,63016
7,64069,1245,0.0,8512,1046,63023
2,64071,1245,0.0,8513,1046,63025
8,64079,1245,0.0,8514,1046,63033
11,64090,1246,1.0,8515,1046,63044
10,64100,1246,0.0,8516,1046,63054
5,64105,1246,0.0,8517,1046,63059
2,64107,1246,0.0,8518,1046,63061
4,64111,1246,0.0,8519,1046,63065
9,64120,1246,0.0,8520,1046,63074
7,64127,1247,1.0,8521,1046,63081
5,64132,1247,0.0,8522,1046,63086
5,64137,1247,0.0,8523,1046,63091
10,64147,1247,0.0,8524,1046,63101
6,64153,1247,0.0,8525,1046,63107
2,64155,1247,0.0,8526,1046,63109
10,64165,1247,0.0,8527,1046,63119
7,64172,1248,1.0,8528,1046,63126
7,64179,1249,1.0,8529,1046,63133
8,64187,1249,0.0,8530,1046,63141
7,64194,1250,1.0,8531,1046,63148
9,64203,1250,0.0,8532,1046,63157
17,64220,1250,0.0,8533,1046,63174
2,64222,1250,0.0,8534,1046,63176
13,64235,1250,0.0,8535,1046,63189
7,64242,1251,1.0,8536,1046,63196
2,64244,1251,0.0,8537,1046,63198
2,64246,1251,0.0,8538,1046,63200
4,64250,1251,0.0,8539,1046,63204
8,64258,1251,0.0,8540,1046,63212
4,64262,1251,0.0,8541,1046,63216
7,64269,1252,1.0,8542,1046,63223
4,64273,1252,0.0,8543,1046,63227
8,64281,1252,0.0,8544,1046,63235
12,64293,1252,0.0,8545,1046,63247
7,64300,1252,0.0,8546,1046,63254
11,64311,1252,0.0,8547,1046,63265
4,64315,1252,0.0,8548,1046,63269
7,64322,1253,1.0,8549,1046,63276
10,64332,1253,0.0,8550,1046,63286
7,64339,1253,0.0,8551,1046,63293
9,64348,1253,0.0,8552,1046,63302
3,64351,1253,0.0,8553,1046,63305
6,64357,1253,0.0,8554,1046,63311
7,64364,1254,1.0,8555,1046,63318
7,64371,1255,1.0,8556,1046,63325
4,64375,1255,0.0,8557,1046,63329
8,64383,1255,0.0,8558,1046,63337
6,64389,1255,0.0,8559,1046,63343
15,64404,1256,1.0,8560,1046,63358
3,64407,1256,0.0,8561,1046,63361
11,64418,1256,0.0,8562,1046,63372
16,64434,1256,0.0,8563,1046,63388
10,64444,1256,0.0,8564,1046,63398
9,64453,1256,0.0,8565,1046,63407
4,64457,1256,0.0,8566,1046,63411
4,64461,1256,0.0,8567,1046,63415
7,64468,1257,1.0,8568,1046,63422
7,64475,1258,1.0,8569,1046,63429
7,64482,1259,1.0,8570,1046,63436
7,64489,1260,1.0,8571,1046,63443
3,64492,1260,0.0,8572,1046,63446
2,64494,1260,0.0,8573,1046,63448
2,64496,1260,0.0,8574,1046,63450
2,64498,1260,0.0,8575,1046,63452
7,64505,1261,1.0,8576,1046,63459
3,64508,1261,0.0,8577,1046,63462
4,64512,1261,0.0,8578,1046,63466
24,64536,1261,0.0,8579,1046,63490
11,64547,1261,0.0,8580,1046,63501
12,64559,1261,0.0,8581,1046,63513
17,64576,1261,0.0,8582,1046,63530
6,64582,1261,0.0,8583,1046,63536
12,64594,1261,0.0,8584,1046,63548
2,64596,1261,0.0,8585,1046,63550
2,64598,1261,0.0,8586,1046,63552
2,64600,1261,0.0,8587,1046,63554
2,64602,1261,0.0,8588,1046,63556
2,64604,1261,0.0,8589,1046,63558
13,64617,1261,0.0,8590,1046,63571
4,64621,1261,0.0,8591,1046,63575
19,64640,1261,0.0,8592,1046,63594
3,64643,1261,0.0,8593,1046,63597
4,64647,1261,0.0,8594,1046,63601
7,64654,1262,1.0,8595,1046,63608
7,64661,1263,1.0,8596,1046,63615
7,64668,1264,1.0,8597,1046,63622
15,64683,1264,0.0,8598,1046,63637
6,64689,1264,0.0,8599,1046,63643
7,64696,1265,1.0,8600,1046,63650
2,64698,1265,0.0,8601,1046,63652
6,64704,1265,0.0,8602,1046,63658
7,64711,1266,1.0,8603,1046,63665
6,64717,1266,0.0,8604,1046,63671
5,64722,1266,0.0,8605,1046,63676
6,64728,1266,0.0,8606,1046,63682
3,64731,1266,0.0,8607,1046,63685
10,64741,1266,0.0,8608,1046,63695
6,64747,1266,0.0,8609,1046,63701
6,64753,1266,0.0,8610,1046,63707
7,64760,1267,1.0,8611,1046,63714
4,64764,1267,0.0,8612,1046,63718
5,64769,1267,0.0,8613,1046,63723
7,64776,1267,0.0,8614,1046,63730
12,64788,1267,0.0,8615,1046,63742
7,64795,1268,1.0,8616,1046,63749
7,64802,1268,0.0,8617,1046,63756
6,64808,1268,0.0,8618,1046,63762
7,64815,1269,1.0,8619,1046,63769
5,64820,1269,0.0,8620,1046,63774
6,64826,1269,0.0,8621,1046,63780
15,64841,1269,0.0,8622,1046,63795
7,64848,1270,1.0,8623,1046,63802
3,64851,1270,0.0,8624,1046,63805
7,64858,1271,1.0,8625,1046,63812
2,64860,1271,0.0,8626,1046,63814
12,64872,1271,0.0,8627,1046,63826
4,64876,1271,0.0,8628,1046,63830
7,64883,1272,1.0,8629,1046,63837
12,64895,1272,0.0,8630,1046,63849
7,64902,1273,1.0,8631,1046,63856
9,64911,1273,0.0,8632,1046,63865
8,64919,1273,0.0,8633,1046,63873
6,64925,1273,0.0,8634,1046,63879
7,64932,1274,1.0,8635,1046,63886
17,64949,1274,0.0,8636,1046,63903
11,64960,1275,1.0,8637,1046,63914
7,64967,1276,1.0,8638,1046,63921
5,64972,1276,0.0,8639,1046,63926
9,64981,1276,0.0,8640,1046,63935
4,64985,1276,0.0,8641,1046,63939
12,64997,1276,0.0,8642,1046,63951
7,65004,1276,0.0,8643,1046,63958
16,65020,1276,0.0,8644,1046,63974
10,65030,1276,0.0,8645,1046,63984
10,65040,1276,0.0,8646,1046,63994
3,65043,1276,0.0,8647,1046,63997
13,65056,1276,0.0,8648,1046,64010
7,65063,1277,1.0,8649,1046,64017
7,65070,1277,0.0,8650,1046,64024
9,65079,1277,0.0,8651,1046,64033
7,65086,1277,0.0,8652,1046,64040
11,65097,1278,1.0,8653,1046,64051
7,65104,1279,1.0,8654,1046,64058
6,65110,1279,0.0,8655,1046,64064
7,65117,1279,0.0,8656,1046,64071
9,65126,1279,0.0,8657,1046,64080
7,65133,1280,1.0,8658,1046,64087
2,65135,1280,0.0,8659,1046,64089
3,65138,1280,0.0,8660,1046,64092
7,65145,1281,1.0,8661,1046,64099
7,65152,1282,1.0,8662,1046,64106
7,65159,1283,1.0,8663,1046,64113
9,65168,1283,0.0,8664,1046,64122
3,65171,1283,0.0,8665,1046,64125
12,65183,1283,0.0,8666,1046,64137
10,65193,1283,0.0,8667,1046,64147
4,65197,1283,0.0,8668,1046,64151
14,65211,1283,0.0,8669,1046,64165
13,65224,1283,0.0,8670,1046,64178
7,65231,1284,1.0,8671,1046,64185
9,65240,1284,0.0,8672,1046,64194
19,65259,1284,0.0,8673,1046,64213
5,65264,1284,0.0,8674,1046,64218
7,65271,1284,0.0,8675,1046,64225
6,65277,1284,0.0,8676,1046,64231
3,65280,1284,0.0,8677,1046,64234
6,65286,1284,0.0,8678,1046,64240
3,65289,1284,0.0,8679,1046,64243
5,65294,1284,0.0,8680,1046,64248
5,65299,1284,0.0,8681,1046,64253
2,65301,1284,0.0,8682,1046,64255
7,65308,1285,1.0,8683,1046,64262
5,65313,1285,0.0,8684,1046,64267
9,65322,1285,0.0,8685,1046,64276
7,65329,1285,0.0,8686,1046,64283
5,65334,1285,0.0,8687,1046,64288
5,65339,1285,0.0,8688,1046,64293
10,65349,1285,0.0,8689,1046,64303
7,65356,1286,1.0,8690,1046,64310
5,65361,1286,0.0,8691,1046,64315
10,65371,1286,0.0,8692,1046,64325
3,65374,1286,0.0,8693,1046,64328
12,65386,1286,0.0,8694,1046,64340
6,65392,1286,0.0,8695,1046,64346
2,65394,1286,0.0,8696,1046,64348
4,65398,1286,0.0,8697,1046,64352
2,65400,1286,0.0,8698,1046,64354
3,65403,1286,0.0,8699,1046,64357
6,65409,1286,0.0,8700,1046,64363
10,65419,1286,0.0,8701,1046,64373
9,65428,1286,0.0,8702,1046,64382
7,65435,1287,1.0,8703,1046,64389
3,65438,1287,0.0,8704,1046,64392
4,65442,1287,0.0,8705,1046,64396
7,65449,1288,1.0,8706,1046,64403
5,65454,1288,0.0,8707,1046,64408
9,65463,1288,0.0,8708,1046,64417
7,65470,1288,0.0,8709,1046,64424
7,65477,1289,1.0,8710,1046,64431
5,65482,1289,0.0,8711,1046,64436
8,65490,1289,0.0,8712,1046,64444
5,65495,1289,0.0,8713,1046,64449
6,65501,1289,0.0,8714,1046,64455
12,65513,1289,0.0,8715,1046,64467
6,65519,1289,0.0,8716,1046,64473
29,65548,1289,0.0,8717,1046,64502
10,65558,1289,0.0,8718,1046,64512
2,65560,1289,0.0,8719,1046,64514
12,65572,1289,0.0,8720,1046,64526
7,65579,1289,0.0,8721,1046,64533
2,65581,1289,0.0,8722,1046,64535
19,65600,1289,0.0,8723,1046,64554
3,65603,1289,0.0,8724,1046,64557
3,65606,1289,0.0,8725,1046,64560
6,65612,1289,0.0,8726,1046,64566
4,65616,1289,0.0,8727,1046,64570
13,65629,1289,0.0,8728,1046,64583
4,65633,1289,0.0,8729,1046,64587
7,65640,1290,1.0,8730,1046,64594
8,65648,1290,0.0,8731,1046,64602
4,65652,1290,0.0,8732,1046,64606
4,65656,1290,0.0,8733,1046,64610
8,65664,1290,0.0,8734,1046,64618
4,65668,1290,0.0,8735,1046,64622
5,65673,1290,0.0,8736,1046,64627
3,65676,1290,0.0,8737,1046,64630
10,65686,1290,0.0,8738,1046,64640
15,65701,1290,0.0,8739,1046,64655
7,65708,1290,0.0,8740,1046,64662
7,65715,1290,0.0,8741,1046,64669
3,65718,1290,0.0,8742,1046,64672
4,65722,1290,0.0,8743,1046,64676
12,65734,1290,0.0,8744,1046,64688
2,65736,1290,0.0,8745,1046,64690
2,65738,1290,0.0,8746,1046,64692
12,65750,1290,0.0,8747,1046,64704
6,65756,1290,0.0,8748,1046,64710
10,65766,1290,0.0,8749,1046,64720
6,65772,1290,0.0,8750,1046,64726
7,65779,1291,1.0,8751,1046,64733
7,65786,1292,1.0,8752,1046,64740
4,65790,1292,0.0,8753,1046,64744
7,65797,1293,1.0,8754,1046,64751
2,65799,1293,0.0,8755,1046,64753
5,65804,1293,0.0,8756,1046,64758
6,65810,1293,0.0,8757,1046,64764
15,65825,1294,1.0,8758,1046,64779
2,65827,1294,0.0,8759,1046,64781
12,65839,1294,0.0,8760,1046,64793
4,65843,1294,0.0,8761,1046,64797
5,65848,1294,0.0,8762,1046,64802
13,65861,1294,0.0,8763,1046,64815
7,65868,1294,0.0,8764,1046,64822
3,65871,1294,0.0,8765,1046,64825
6,65877,1294,0.0,8766,1046,64831
6,65883,1294,0.0,8767,1046,64837
6,65889,1294,0.0,8768,1046,64843
9,65898,1294,0.0,8769,1046,64852
4,65902,1294,0.0,8770,1046,64856
7,65909,1295,1.0,8771,1046,64863
8,65917,1295,0.0,8772,1046,64871
8,65925,1295,0.0,8773,1046,64879
6,65931,1295,0.0,8774,1046,64885
9,65940,1295,0.0,8775,1046,64894
10,65950,1295,0.0,8776,1046,64904
10,65960,1295,0.0,8777,1046,64914
7,65967,1296,1.0,8778,1046,64921
21,65988,1296,0.0,8779,1046,64942
8,65996,1296,0.0,8780,1046,64950
4,66000,1296,0.0,8781,1046,64954
5,66005,1296,0.0,8782,1046,64959
6,66011,1296,0.0,8783,1046,64965
7,66018,1297,1.0,8784,1046,64972
10,66028,1297,0.0,8785,1046,64982
6,66034,1297,0.0,8786,1046,64988
7,66041,1297,0.0,8787,1046,64995
7,66048,1298,1.0,8788,1046,65002
7,66055,1299,1.0,8789,1046,65009
5,66060,1299,0.0,8790,1046,65014
23,66083,1299,0.0,8791,1046,65037
3,66086,1299,0.0,8792,1046,65040
4,66090,1299,0.0,8793,1046,65044
7,66097,1299,0.0,8794,1046,65051
2,66099,1299,0.0,8795,1046,65053
7,66106,1300,1.0,8796,1046,65060
13,66119,1300,0.0,8797,1046,65073
8,66127,1300,0.0,8798,1046,65081
9,66136,1300,0.0,8799,1046,65090
7,66143,1301,1.0,8800,1046,65097
7,66150,1302,1.0,8801,1046,65104
6,66156,1302,0.0,8802,1046,65110
6,66162,1302,0.0,8803,1046,65116
4,66166,1302,0.0,8804,1046,65120
9,66175,1302,0.0,8805,1046,65129
4,66179,1302,0.0,8806,1046,65133
11,66190,1302,0.0,8807,1046,65144
10,66200,1302,0.0,8808,1046,65154
7,66207,1303,1.0,8809,1046,65161
5,66212,1303,0.0,8810,1046,65166
10,66222,1303,0.0,8811,1046,65176
6,66228,1303,0.0,8812,1046,65182
9,66237,1303,0.0,8813,1046,65191
6,66243,1303,0.0,8814,1046,65197
9,66252,1303,0.0,8815,1046,65206
2,66254,1303,0.0,8816,1046,65208
4,66258,1303,0.0,8817,1046,65212
5,66263,1303,0.0,8818,1046,65217
6,66269,1303,0.0,8819,1046,65223
13,66282,1303,0.0,8820,1046,65236
12,66294,1303,0.0,8821,1046,65248
4,66298,1303,0.0,8822,1046,65252
2,66300,1303,0.0,8823,1046,65254
7,66307,1304,1.0,8824,1046,65261
4,66311,1304,0.0,8825,1046,65265
6,66317,1304,0.0,8826,1046,65271
8,66325,1304,0.0,8827,1046,65279
2,66327,1304,0.0,8828,1046,65281
4,66331,1304,0.0,8829,1046,65285
18,66349,1304,0.0,8830,1046,65303
10,66359,1304,0.0,8831,1046,65313
7,66366,1305,1.0,8832,1046,65320
16,66382,1305,0.0,8833,1046,65336
14,66396,1305,0.0,8834,1046,65350
4,66400,1305,0.0,8835,1046,65354
3,66403,1305,0.0,8836,1046,65357
10,66413,1305,0.0,8837,1046,65367
12,66425,1305,0.0,8838,1046,65379
10,66435,1305,0.0,8839,1046,65389
17,66452,1305,0.0,8840,1046,65406
5,66457,1305,0.0,8841,1046,65411
10,66467,1305,0.0,8842,1046,65421
9,66476,1305,0.0,8843,1046,65430
7,66483,1306,1.0,8844,1046,65437
7,66490,1307,1.0,8845,1046,65444
6,66496,1307,0.0,8846,1046,65450
7,66503,1308,1.0,8847,1046,65457
2,66505,1308,0.0,8848,1046,65459
12,66517,1308,0.0,8849,1046,65471
6,66523,1308,0.0,8850,1046,65477
6,66529,1308,0.0,8851,1046,65483
10,66539,1308,0.0,8852,1046,65493
5,66544,1308,0.0,8853,1046,65498
8,66552,1308,0.0,8854,1046,65506
10,66562,1308,0.0,8855,1046,65516
3,66565,1308,0.0,8856,1046,65519
2,66567,1308,0.0,8857,1046,65521
9,66576,1308,0.0,8858,1046,65530
7,66583,1309,1.0,8859,1046,65537
2,66585,1309,0.0,8860,1046,65539
2,66587,1309,0.0,8861,1046,65541
7,66594,1310,1.0,8862,1046,65548
4,66598,1310,0.0,8863,1046,65552
7,66605,1311,1.0,8864,1046,65559
27,66632,1311,0.0,8865,1046,65586
4,66636,1311,0.0,8866,1046,65590
23,66659,1311,0.0,8867,1046,65613
6,66665,1311,0.0,8868,1046,65619
2,66667,1311,0.0,8869,1046,65621
3,66670,1311,0.0,8870,1046,65624
6,66676,1311,0.0,8871,1046,65630
2,66678,1311,0.0,8872,1046,65632
3,66681,1311,0.0,8873,1046,65635
7,66688,1312,1.0,8874,1046,65642
14,66702,1312,0.0,8875,1046,65656
9,66711,1312,0.0,8876,1046,65665
19,66730,1312,0.0,8877,1046,65684
12,66742,1312,0.0,8878,1046,65696
5,66747,1312,0.0,8879,1046,65701
3,66750,1312,0.0,8880,1046,65704
2,66752,1312,0.0,8881,1046,65706
2,66754,1312,0.0,8882,1046,65708
4,66758,1312,0.0,8883,1046,65712
9,66767,1312,0.0,8884,1046,65721
7,66774,1313,1.0,8885,1046,65728
4,66778,1313,0.0,8886,1046,65732
9,66787,1313,0.0,8887,1046,65741
6,66793,1313,0.0,8888,1046,65747
7,66800,1313,0.0,8889,1046,65754
7,66807,1313,0.0,8890,1046,65761
11,66818,1314,1.0,8891,1046,65772
9,66827,1314,0.0,8892,1046,65781
7,66834,1315,1.0,8893,1046,65788
9,66843,1315,0.0,8894,1046,65797
7,66850,1316,1.0,8895,1046,65804
6,66856,1316,0.0,8896,1046,65810
9,66865,1316,0.0,8897,1046,65819
15,66880,1317,1.0,8898,1046,65834
15,66895,1318,1.0,8899,1046,65849
10,66905,1318,0.0,8900,1046,65859
4,66909,1318,0.0,8901,1046,65863
2,66911,1318,0.0,8902,1046,65865
8,66919,1318,0.0,8903,1046,65873
12,66931,1318,0.0,8904,1046,65885
6,66937,1318,0.0,8905,1046,65891
2,66939,1318,0.0,8906,1046,65893
2,66941,1318,0.0,8907,1046,65895
6,66947,1318,0.0,8908,1046,65901
9,66956,1318,0.0,8909,1046,65910
11,66967,1318,0.0,8910,1046,65921
7,66974,1319,1.0,8911,1046,65928
16,66990,1319,0.0,8912,1046,65944
7,66997,1320,1.0,8913,1046,65951
4,67001,1320,0.0,8914,1046,65955
3,67004,1320,0.0,8915,1046,65958
10,67014,1320,0.0,8916,1046,65968
4,67018,1320,0.0,8917,1046,65972
7,67025,1321,1.0,8918,1046,65979
2,67027,1321,0.0,8919,1046,65981
11,67038,1321,0.0,8920,1046,65992
15,67053,1321,0.0,8921,1046,66007
2,67055,1321,0.0,8922,1046,66009
5,67060,1321,0.0,8923,1046,66014
6,67066,1321,0.0,8924,1046,66020
2,67068,1321,0.0,8925,1046,66022
4,67072,1321,0.0,8926,1046,66026
7,67079,1321,0.0,8927,1046,66033
3,67082,1321,0.0,8928,1046,66036
2,67084,1321,0.0,8929,1046,66038
11,67095,1322,1.0,8930,1046,66049
7,67102,1322,0.0,8931,1046,66056
2,67104,1322,0.0,8932,1046,66058
7,67111,1323,1.0,8933,1046,66065
9,67120,1323,0.0,8934,1046,66074
10,67130,1323,0.0,8935,1046,66084
7,67137,1324,1.0,8936,1046,66091
9,67146,1324,0.0,8937,1046,66100
4,67150,1324,0.0,8938,1046,66104
12,67162,1324,0.0,8939,1046,66116
7,67169,1325,1.0,8940,1046,66123
7,67176,1326,1.0,8941,1046,66130
4,67180,1326,0.0,8942,1046,66134
10,67190,1326,0.0,8943,1046,66144
4,67194,1326,0.0,8944,1046,66148
4,67198,1326,0.0,8945,1046,66152
2,67200,1326,0.0,8946,1046,66154
4,67204,1326,0.0,8947,1046,66158
16,67220,1326,0.0,8948,1046,66174
7,67227,1327,1.0,8949,1046,66181
7,67234,1328,1.0,8950,1046,66188
6,67240,1328,0.0,8951,1046,66194
4,67244,1328,0.0,8952,1046,66198
20,67264,1328,0.0,8953,1046,66218
4,67268,1328,0.0,8954,1046,66222
5,67273,1328,0.0,8955,1046,66227
5,67278,1328,0.0,8956,1046,66232
8,67286,1328,0.0,8957,1046,66240
4,67290,1328,0.0,8958,1046,66244
2,67292,1328,0.0,8959,1046,66246
12,67304,1328,0.0,8960,1046,66258
7,67311,1329,1.0,8961,1046,66265
15,67326,1330,1.0,8962,1046,66280
16,67342,1330,0.0,8963,1046,66296
14,67356,1330,0.0,8964,1046,66310
18,67374,1330,0.0,8965,1046,66328
15,67389,1331,1.0,8966,1046,66343
3,67392,1331,0.0,8967,1046,66346
7,67399,1331,0.0,8968,1046,66353
3,67402,1331,0.0,8969,1046,66356
4,67406,1331,0.0,8970,1046,66360
11,67417,1331,0.0,8971,1046,66371
7,67424,1332,1.0,8972,1046,66378
3,67427,1332,0.0,8973,1046,66381
5,67432,1332,0.0,8974,1046,66386
10,67442,1332,0.0,8975,1046,66396
4,67446,1332,0.0,8976,1046,66400
7,67453,1333,1.0,8977,1046,66407
7,67460,1334,1.0,8978,1046,66414
6,67466,1334,0.0,8979,1046,66420
4,67470,1334,0.0,8980,1046,66424
2,67472,1334,0.0,8981,1046,66426
7,67479,1334,0.0,8982,1046,66433
4,67483,1334,0.0,8983,1046,66437
2,67485,1334,0.0,8984,1046,66439
7,67492,1335,1.0,8985,1046,66446
10,67502,1335,0.0,8986,1046,66456
4,67506,1335,0.0,8987,1046,66460
6,67512,1335,0.0,8988,1046,66466
5,67517,1335,0.0,8989,1046,66471
5,67522,1335,0.0,8990,1046,66476
12,67534,1335,0.0,8991,1046,66488
8,67542,1335,0.0,8992,1046,66496
10,67552,1335,0.0,8993,1046,66506
6,67558,1335,0.0,8994,1046,66512
16,67574,1335,0.0,8995,1046,66528
5,67579,1335,0.0,8996,1046,66533
10,67589,1335,0.0,8997,1046,66543
7,67596,1336,1.0,8998,1046,66550
10,67606,1336,0.0,8999,1046,66560
2,67608,1336,0.0,9000,1046,66562
3,67611,1336,0.0,9001,1046,66565
4,67615,1336,0.0,9002,1046,66569
12,67627,1336,0.0,9003,1046,66581
7,67634,1336,0.0,9004,1046,66588
2,67636,1336,0.0,9005,1046,66590
3,67639,1336,0.0,9006,1046,66593
12,67651,1336,0.0,9007,1046,66605
2,67653,1336,0.0,9008,1046,66607
7,67660,1337,1.0,9009,1046,66614
28,67688,1337,0.0,9010,1046,66642
4,67692,1337,0.0,9011,1046,66646
7,67699,1338,1.0,9012,1046,66653
11,67710,1338,0.0,9013,1046,66664
6,67716,1338,0.0,9014,1046,66670
3,67719,1338,0.0,9015,1046,66673
4,67723,1338,0.0,9016,1046,66677
6,67729,1338,0.0,9017,1046,66683
12,67741,1338,0.0,9018,1046,66695
5,67746,1338,0.0,9019,1046,66700
4,67750,1338,0.0,9020,1046,66704
7,67757,1339,1.0,9021,1046,66711
7,67764,1340,1.0,9022,1046,66718
7,67771,1341,1.0,9023,1046,66725
5,67776,1341,0.0,9024,1046,66730
7,67783,1342,1.0,9025,1046,66737
7,67790,1343,1.0,9026,1046,66744
7,67797,1344,1.0,9027,1046,66751
7,67804,1344,0.0,9028,1046,66758
7,67811,1344,0.0,9029,1046,66765
5,67816,1344,0.0,9030,1046,66770
3,67819,1344,0.0,9031,1046,66773
9,67828,1344,0.0,9032,1046,66782
6,67834,1344,0.0,9033,1046,66788
5,67839,1344,0.0,9034,1046,66793
13,67852,1344,0.0,9035,1046,66806
7,67859,1344,0.0,9036,1046,66813
23,67882,1344,0.0,9037,1046,66836
9,67891,1344,0.0,9038,1046,66845
4,67895,1344,0.0,9039,1046,66849
2,67897,1344,0.0,9040,1046,66851
7,67904,1344,0.0,9041,1046,66858
21,67925,1344,0.0,9042,1046,66879
6,67931,1344,0.0,9043,1046,66885
5,67936,1344,0.0,9044,1046,66890
6,67942,1344,0.0,9045,1046,66896
4,67946,1344,0.0,9046,1046,66900
6,67952,1344,0.0,9047,1046,66906
13,67965,1344,0.0,9048,1046,66919
2,67967,1344,0.0,9049,1046,66921
6,67973,1344,0.0,9050,1046,66927
7,67980,1345,1.0,9051,1046,66934
7,67987,1345,0.0,9052,1046,66941
6,67993,1345,0.0,9053,1046,66947
7,68000,1346,1.0,9054,1046,66954
4,68004,1346,0.0,9055,1046,66958
7,68011,1346,0.0,9056,1046,66965
14,68025,1346,0.0,9057,1046,66979
7,68032,1346,0.0,9058,1046,66986
6,68038,1346,0.0,9059,1046,66992
2,68040,1346,0.0,9060,1046,66994
6,68046,1346,0.0,9061,1046,67000
12,68058,1346,0.0,9062,1046,67012
6,68064,1346,0.0,9063,1046,67018
8,68072,1346,0.0,9064,1046,67026
10,68082,1346,0.0,9065,1046,67036
6,68088,1346,0.0,9066,1046,67042
5,68093,1346,0.0,9067,1046,67047
4,68097,1346,0.0,9068,1046,67051
2,68099,1346,0.0,9069,1046,67053
7,68106,1346,0.0,9070,1046,67060
16,68122,1346,0.0,9071,1046,67076
8,68130,1346,0.0,9072,1046,67084
4,68134,1346,0.0,9073,1046,67088
10,68144,1346,0.0,9074,1046,67098
6,68150,1346,0.0,9075,1046,67104
12,68162,1346,0.0,9076,1046,67116
8,68170,1346,0.0,9077,1046,67124
4,68174,1346,0.0,9078,1046,67128
12,68186,1346,0.0,9079,1046,67140
15,68201,1347,1.0,9080,1046,67155
9,68210,1347,0.0,9081,1046,67164
7,68217,1348,1.0,9082,1046,67171
3,68220,1348,0.0,9083,1046,67174
7,68227,1349,1.0,9084,1046,67181
6,68233,1349,0.0,9085,1046,67187
6,68239,1349,0.0,9086,1046,67193
16,68255,1349,0.0,9087,1046,67209
7,68262,1350,1.0,9088,1046,67216
7,68269,1351,1.0,9089,1046,67223
9,68278,1351,0.0,9090,1046,67232
12,68290,1351,0.0,9091,1046,67244
6,68296,1351,0.0,9092,1046,67250
7,68303,1352,1.0,9093,1046,67257
7,68310,1353,1.0,9094,1046,67264
2,68312,1353,0.0,9095,1046,67266
3,68315,1353,0.0,9096,1046,67269
6,68321,1353,0.0,9097,1046,67275
7,68328,1354,1.0,9098,1046,67282
7,68335,1355,1.0,9099,1046,67289
4,68339,1355,0.0,9100,1046,67293
9,68348,1355,0.0,9101,1046,67302
10,68358,1355,0.0,9102,1046,67312
9,68367,1355,0.0,9103,1046,67321
7,68374,1356,1.0,9104,1046,67328
16,68390,1356,0.0,9105,1046,67344
7,68397,1356,0.0,9106,1046,67351
11,68408,1357,1.0,9107,1046,67362
9,68417,1357,0.0,9108,1046,67371
12,68429,1357,0.0,9109,1046,67383
10,68439,1357,0.0,9110,1046,67393
7,68446,1358,1.0,9111,1046,67400
11,68457,1358,0.0,9112,1046,67411
8,68465,1358,0.0,9113,1046,67419
11,68476,1358,0.0,9114,1046,67430
11,68487,1358,0.0,9115,1046,67441
3,68490,1358,0.0,9116,1046,67444
7,68497,1359,1.0,9117,1046,67451
2,68499,1359,0.0,9118,1046,67453
11,68510,1359,0.0,9119,1046,67464
7,68517,1359,0.0,9120,1046,67471
7,68524,1360,1.0,9121,1046,67478
7,68531,1361,1.0,9122,1046,67485
7,68538,1361,0.0,9123,1046,67492
4,68542,1361,0.0,9124,1046,67496
7,68549,1362,1.0,9125,1046,67503
4,68553,1362,0.0,9126,1046,67507
9,68562,1362,0.0,9127,1046,67516
5,68567,1362,0.0,9128,1046,67521
12,68579,1362,0.0,9129,1046,67533
13,68592,1362,0.0,9130,1046,67546
3,68595,1362,0.0,9131,1046,67549
9,68604,1362,0.0,9132,1046,67558
7,68611,1363,1.0,9133,1046,67565
12,68623,1363,0.0,9134,1046,67577
9,68632,1363,0.0,9135,1046,67586
4,68636,1363,0.0,9136,1046,67590
9,68645,1363,0.0,9137,1046,67599
4,68649,1363,0.0,9138,1046,67603
7,68656,1364,1.0,9139,1046,67610
2,68658,1364,0.0,9140,1046,67612
7,68665,1364,0.0,9141,1046,67619
6,68671,1364,0.0,9142,1046,67625
6,68677,1364,0.0,9143,1046,67631
12,68689,1364,0.0,9144,1046,67643
6,68695,1364,0.0,9145,1046,67649
4,68699,1364,0.0,9146,1046,67653
7,68706,1365,1.0,9147,1046,67660
5,68711,1365,0.0,9148,1046,67665
4,68715,1365,0.0,9149,1046,67669
18,68733,1365,0.0,9150,1046,67687
7,68740,1366,1.0,9151,1046,67694
4,68744,1366,0.0,9152,1046,67698
12,68756,1366,0.0,9153,1046,67710
5,68761,1366,0.0,9154,1046,67715
9,68770,1366,0.0,9155,1046,67724
4,68774,1366,0.0,9156,1046,67728
11,68785,1367,1.0,9157,1046,67739
7,68792,1368,1.0,9158,1046,67746
7,68799,1369,1.0,9159,1046,67753
3,68802,1369,0.0,9160,1046,67756
13,68815,1369,0.0,9161,1046,67769
3,68818,1369,0.0,9162,1046,67772
9,68827,1369,0.0,9163,1046,67781
13,68840,1369,0.0,9164,1046,67794
10,68850,1369,0.0,9165,1046,67804
7,68857,1370,1.0,9166,1046,67811
12,68869,1370,0.0,9167,1046,67823
7,68876,1371,1.0,9168,1046,67830
4,68880,1371,0.0,9169,1046,67834
7,68887,1372,1.0,9170,1046,67841
5,68892,1372,0.0,9171,1046,67846
8,68900,1372,0.0,9172,1046,67854
4,68904,1372,0.0,9173,1046,67858
8,68912,1372,0.0,9174,1046,67866
9,68921,1372,0.0,9175,1046,67875
10,68931,1372,0.0,9176,1046,67885
2,68933,1372,0.0,9177,1046,67887
9,68942,1372,0.0,9178,1046,67896
7,68949,1373,1.0,9179,1046,67903
8,68957,1373,0.0,9180,1046,67911
2,68959,1373,0.0,9181,1046,67913
9,68968,1373,0.0,9182,1046,67922
7,68975,1373,0.0,9183,1046,67929
2,68977,1373,0.0,9184,1046,67931
2,68979,1373,0.0,9185,1046,67933
5,68984,1373,0.0,9186,1046,67938
14,68998,1373,0.0,9187,1046,67952
4,69002,1373,0.0,9188,1046,67956
12,69014,1373,0.0,9189,1046,67968
6,69020,1373,0.0,9190,1046,67974
7,69027,1374,1.0,9191,1046,67981
7,69034,1375,1.0,9192,1046,67988
11,69045,1376,1.0,9193,1046,67999
8,69053,1376,0.0,9194,1046,68007
12,69065,1376,0.0,9195,1046,68019
20,69085,1376,0.0,9196,1046,68039
3,69088,1376,0.0,9197,1046,68042
12,69100,1376,0.0,9198,1046,68054
7,69107,1376,0.0,9199,1046,68061
9,69116,1376,0.0,9200,1046,68070
15,69131,1377,1.0,9201,1046,68085
2,69133,1377,0.0,9202,1046,68087
11,69144,1377,0.0,9203,1046,68098
15,69159,1378,1.0,9204,1046,68113
7,69166,1379,1.0,9205,1046,68120
4,69170,1379,0.0,9206,1046,68124
12,69182,1379,0.0,9207,1046,68136
7,69189,1379,0.0,9208,1046,68143
3,69192,1379,0.0,9209,1046,68146
10,69202,1379,0.0,9210,1046,68156
10,69212,1379,0.0,9211,1046,68166
6,69218,1379,0.0,9212,1046,68172
12,69230,1379,0.0,9213,1046,68184
12,69242,1379,0.0,9214,1046,68196
8,69250,1379,0.0,9215,1046,68204
3,69253,1379,0.0,9216,1046,68207
8,69261,1379,0.0,9217,1046,68215
2,69263,1379,0.0,9218,1046,68217
10,69273,1379,0.0,9219,1046,68227
6,69279,1379,0.0,9220,1046,68233
4,69283,1379,0.0,9221,1046,68237
6,69289,1379,0.0,9222,1046,68243
18,69307,1379,0.0,9223,1046,68261
5,69312,1379,0.0,9224,1046,68266
6,69318,1379,0.0,9225,1046,68272
3,69321,1379,0.0,9226,1046,68275
7,69328,1380,1.0,9227,1046,68282
10,69338,1380,0.0,9228,1046,68292
10,69348,1380,0.0,9229,1046,68302
7,69355,1381,1.0,9230,1046,68309
8,69363,1381,0.0,9231,1046,68317
4,69367,1381,0.0,9232,1046,68321
9,69376,1381,0.0,9233,1046,68330
3,69379,1381,0.0,9234,1046,68333
10,69389,1381,0.0,9235,1046,68343
7,69396,1382,1.0,9236,1046,68350
17,69413,1382,0.0,9237,1046,68367
3,69416,1382,0.0,9238,1046,68370
12,69428,1382,0.0,9239,1046,68382
17,69445,1382,0.0,9240,1046,68399
10,69455,1382,0.0,9241,1046,68409
23,69478,1382,0.0,9242,1046,68432
7,69485,1382,0.0,9243,1046,68439
6,69491,1382,0.0,9244,1046,68445
4,69495,1382,0.0,9245,1046,68449
4,69499,1382,0.0,9246,1046,68453
18,69517,1382,0.0,9247,1046,68471
2,69519,1382,0.0,9248,1046,68473
8,69527,1382,0.0,9249,1046,68481
3,69530,1382,0.0,9250,1046,68484
18,69548,1382,0.0,9251,1046,68502
11,69559,1383,1.0,9252,1046,68513
7,69566,1384,1.0,9253,1046,68520
13,69579,1384,0.0,9254,1046,68533
4,69583,1384,0.0,9255,1046,68537
6,69589,1384,0.0,9256,1046,68543
7,69596,1385,1.0,9257,1046,68550
9,69605,1385,0.0,9258,1046,68559
12,69617,1385,0.0,9259,1046,68571
10,69627,1385,0.0,9260,1046,68581
5,69632,1385,0.0,9261,1046,68586
2,69634,1385,0.0,9262,1046,68588
3,69637,1385,0.0,9263,1046,68591
2,69639,1385,0.0,9264,1046,68593
4,69643,1385,0.0,9265,1046,68597
2,69645,1385,0.0,9266,1046,68599
7,69652,1386,1.0,9267,1046,68606
15,69667,1386,0.0,9268,1046,68621
2,69669,1386,0.0,9269,1046,68623
7,69676,1387,1.0,9270,1046,68630
6,69682,1387,0.0,9271,1046,68636
7,69689,1388,1.0,9272,1046,68643
7,69696,1389,1.0,9273,1046,68650
12,69708,1389,0.0,9274,1046,68662
15,69723,1389,0.0,9275,1046,68677
13,69736,1389,0.0,9276,1046,68690
7,69743,1390,1.0,9277,1046,68697
10,69753,1390,0.0,9278,1046,68707
4,69757,1390,0.0,9279,1046,68711
10,69767,1390,0.0,9280,1046,68721
6,69773,1390,0.0,9281,1046,68727
7,69780,1391,1.0,9282,1046,68734
7,69787,1391,0.0,9283,1046,68741
15,69802,1392,1.0,9284,1046,68756
16,69818,1392,0.0,9285,1046,68772
9,69827,1392,0.0,9286,1046,68781
7,69834,1393,1.0,9287,1046,68788
12,69846,1393,0.0,9288,1046,68800
7,69853,1394,1.0,9289,1046,68807
3,69856,1394,0.0,9290,1046,68810
12,69868,1394,0.0,9291,1046,68822
5,69873,1394,0.0,9292,1046,68827
3,69876,1394,0.0,9293,1046,68830
2,69878,1394,0.0,9294,1046,68832
8,69886,1394,0.0,9295,1046,68840
7,69893,1394,0.0,9296,1046,68847
7,69900,1395,1.0,9297,1046,68854
2,69902,1395,0.0,9298,1046,68856
12,69914,1395,0.0,9299,1046,68868
8,69922,1395,0.0,9300,1046,68876
2,69924,1395,0.0,9301,1046,68878
7,69931,1396,1.0,9302,1046,68885
9,69940,1396,0.0,9303,1046,68894
2,69942,1396,0.0,9304,1046,68896
3,69945,1396,0.0,9305,1046,68899
10,69955,1396,0.0,9306,1046,68909
13,69968,1396,0.0,9307,1046,68922
11,69979,1397,1.0,9308,1046,68933
7,69986,1398,1.0,9309,1046,68940
16,70002,1398,0.0,9310,1046,68956
12,70014,1398,0.0,9311,1046,68968
13,70027,1398,0.0,9312,1046,68981
5,70032,1398,0.0,9313,1046,68986
6,70038,1398,0.0,9314,1046,68992
4,70042,1398,0.0,9315,1046,68996
12,70054,1398,0.0,9316,1046,69008
7,70061,1398,0.0,9317,1046,69015
3,70064,1398,0.0,9318,1046,69018
7,70071,1399,1.0,9319,1046,69025
9,70080,1399,0.0,9320,1046,69034
4,70084,1399,0.0,9321,1046,69038
13,70097,1399,0.0,9322,1046,69051
4,70101,1399,0.0,9323,1046,69055
12,70113,1399,0.0,9324,1046,69067
8,70121,1399,0.0,9325,1046,69075
5,70126,1399,0.0,9326,1046,69080
13,70139,1399,0.0,9327,1046,69093
7,70146,1400,1.0,9328,1046,69100
10,70156,1400,0.0,9329,1046,69110
6,70162,1400,0.0,9330,1046,69116
3,70165,1400,0.0,9331,1046,69119
4,70169,1400,0.0,9332,1046,69123
6,70175,1400,0.0,9333,1046,69129
5,70180,1400,0.0,9334,1046,69134
7,70187,1401,1.0,9335,1046,69141
13,70200,1401,0.0,9336,1046,69154
6,70206,1401,0.0,9337,1046,69160
9,70215,1401,0.0,9338,1046,69169
9,70224,1401,0.0,9339,1046,69178
7,70231,1402,1.0,9340,1046,69185
4,70235,1402,0.0,9341,1046,69189
7,70242,1403,1.0,9342,1046,69196
16,70258,1403,0.0,9343,1046,69212
6,70264,1403,0.0,9344,1046,69218
8,70272,1403,0.0,9345,1046,69226
9,70281,1403,0.0,9346,1046,69235
4,70285,1403,0.0,9347,1046,69239
7,70292,1403,0.0,9348,1046,69246
9,70301,1403,0.0,9349,1046,69255
6,70307,1403,0.0,9350,1046,69261
27,70334,1403,0.0,9351,1046,69288
7,70341,1404,1.0,9352,1046,69295
5,70346,1404,0.0,9353,1046,69300
10,70356,1404,0.0,9354,1046,69310
7,70363,1405,1.0,9355,1046,69317
13,70376,1405,0.0,9356,1046,69330
8,70384,1405,0.0,9357,1046,69338
2,70386,1405,0.0,9358,1046,69340
7,70393,1406,1.0,9359,1046,69347
9,70402,1406,0.0,9360,1046,69356
23,70425,1406,0.0,9361,1046,69379
7,70432,1406,0.0,9362,1046,69386
10,70442,1406,0.0,9363,1046,69396
4,70446,1406,0.0,9364,1046,69400
2,70448,1406,0.0,9365,1046,69402
16,70464,1406,0.0,9366,1046,69418
11,70475,1407,1.0,9367,1046,69429
4,70479,1407,0.0,9368,1046,69433
7,70486,1407,0.0,9369,1046,69440
11,70497,1408,1.0,9370,1046,69451
13,70510,1408,0.0,9371,1046,69464
5,70515,1408,0.0,9372,1046,69469
12,70527,1408,0.0,9373,1046,69481
7,70534,1409,1.0,9374,1046,69488
8,70542,1409,0.0,9375,1046,69496
2,70544,1409,0.0,9376,1046,69498
6,70550,1409,0.0,9377,1046,69504
2,70552,1409,0.0,9378,1046,69506
10,70562,1409,0.0,9379,1046,69516
5,70567,1409,0.0,9380,1046,69521
12,70579,1409,0.0,9381,1046,69533
2,70581,1409,0.0,9382,1046,69535
3,70584,1409,0.0,9383,1046,69538
7,70591,1410,1.0,9384,1046,69545
6,70597,1410,0.0,9385,1046,69551
8,70605,1410,0.0,9386,1046,69559
6,70611,1410,0.0,9387,1046,69565
6,70617,1410,0.0,9388,1046,69571
7,70624,1411,1.0,9389,1046,69578
7,70631,1412,1.0,9390,1046,69585
12,70643,1412,0.0,9391,1046,69597
4,70647,1412,0.0,9392,1046,69601
5,70652,1412,0.0,9393,1046,69606
6,70658,1412,0.0,9394,1046,69612
4,70662,1412,0.0,9395,1046,69616
2,70664,1412,0.0,9396,1046,69618
7,70671,1412,0.0,9397,1046,69625
9,70680,1412,0.0,9398,1046,69634
5,70685,1412,0.0,9399,1046,69639
4,70689,1412,0.0,9400,1046,69643
5,70694,1412,0.0,9401,1046,69648
7,70701,1412,0.0,9402,1046,69655
5,70706,1412,0.0,9403,1046,69660
7,70713,1413,1.0,9404,1046,69667
2,70715,1413,0.0,9405,1046,69669
17,70732,1413,0.0,9406,1046,69686
5,70737,1413,0.0,9407,1046,69691
15,70752,1414,1.0,9408,1046,69706
4,70756,1414,0.0,9409,1046,69710
10,70766,1414,0.0,9410,1046,69720
4,70770,1414,0.0,9411,1046,69724
12,70782,1414,0.0,9412,1046,69736
7,70789,1415,1.0,9413,1046,69743
15,70804,1416,1.0,9414,1046,69758
7,70811,1417,1.0,9415,1046,69765
5,70816,1417,0.0,9416,1046,69770
12,70828,1417,0.0,9417,1046,69782
10,70838,1417,0.0,9418,1046,69792
2,70840,1417,0.0,9419,1046,69794
8,70848,1417,0.0,9420,1046,69802
9,70857,1417,0.0,9421,1046,69811
6,70863,1417,0.0,9422,1046,69817
2,70865,1417,0.0,9423,1046,69819
2,70867,1417,0.0,9424,1046,69821
9,70876,1417,0.0,9425,1046,69830
7,70883,1418,1.0,9426,1046,69837
25,70908,1418,0.0,9427,1046,69862
6,70914,1418,0.0,9428,1046,69868
7,70921,1419,1.0,9429,1046,69875
7,70928,1420,1.0,9430,1046,69882
5,70933,1420,0.0,9431,1046,69887
7,70940,1420,0.0,9432,1046,69894
5,70945,1420,0.0,9433,1046,69899
27,70972,1420,0.0,9434,1046,69926
6,70978,1420,0.0,9435,1046,69932
10,70988,1420,0.0,9436,1046,69942
20,71008,1420,0.0,9437,1046,69962
6,71014,1420,0.0,9438,1046,69968
2,71016,1420,0.0,9439,1046,69970
6,71022,1420,0.0,9440,1046,69976
7,71029,1421,1.0,9441,1046,69983
12,71041,1421,0.0,9442,1046,69995
5,71046,1421,0.0,9443,1046,70000
3,71049,1421,0.0,9444,1046,70003
10,71059,1421,0.0,9445,1046,70013
7,71066,1422,1.0,9446,1046,70020
10,71076,1422,0.0,9447,1046,70030
13,71089,1422,0.0,9448,1046,70043
3,71092,1422,0.0,9449,1046,70046
13,71105,1422,0.0,9450,1046,70059
6,71111,1422,0.0,9451,1046,70065
5,71116,1422,0.0,9452,1046,70070
7,71123,1422,0.0,9453,1046,70077
11,71134,1422,0.0,9454,1046,70088
9,71143,1422,0.0,9455,1046,70097
14,71157,1422,0.0,9456,1046,70111
7,71164,1423,1.0,9457,1046,70118
3,71167,1423,0.0,9458,1046,70121
8,71175,1423,0.0,9459,1046,70129
4,71179,1423,0.0,9460,1046,70133
12,71191,1423,0.0,9461,1046,70145
7,71198,1423,0.0,9462,1046,70152
9,71207,1423,0.0,9463,1046,70161
10,71217,1423,0.0,9464,1046,70171
9,71226,1423,0.0,9465,1046,70180
2,71228,1423,0.0,9466,1046,70182
7,71235,1424,1.0,9467,1046,70189
10,71245,1424,0.0,9468,1046,70199
7,71252,1424,0.0,9469,1046,70206
10,71262,1424,0.0,9470,1046,70216
7,71269,1425,1.0,9471,1046,70223
7,71276,1426,1.0,9472,1046,70230
2,71278,1426,0.0,9473,1046,70232
2,71280,1426,0.0,9474,1046,70234
4,71284,1426,0.0,9475,1046,70238
6,71290,1426,0.0,9476,1046,70244
7,71297,1427,1.0,9477,1046,70251
7,71304,1428,1.0,9478,1046,70258
4,71308,1428,0.0,9479,1046,70262
4,71312,1428,0.0,9480,1046,70266
4,71316,1428,0.0,9481,1046,70270
5,71321,1428,0.0,9482,1046,70275
10,71331,1428,0.0,9483,1046,70285
4,71335,1428,0.0,9484,1046,70289
3,71338,1428,0.0,9485,1046,70292
7,71345,1429,1.0,9486,1046,70299
10,71355,1429,0.0,9487,1046,70309
4,71359,1429,0.0,9488,1046,70313
9,71368,1429,0.0,9489,1046,70322
4,71372,1429,0.0,9490,1046,70326
27,71399,1429,0.0,9491,1046,70353
6,71405,1429,0.0,9492,1046,70359
4,71409,1429,0.0,9493,1046,70363
9,71418,1429,0.0,9494,1046,70372
16,71434,1429,0.0,9495,1046,70388
14,71448,1429,0.0,9496,1046,70402
4,71452,1429,0.0,9497,1046,70406
7,71459,1430,1.0,9498,1046,70413
4,71463,1430,0.0,9499,1046,70417
2,71465,1430,0.0,9500,1046,70419
4,71469,1430,0.0,9501,1046,70423
2,71471,1430,0.0,9502,1046,70425
10,71481,1430,0.0,9503,1046,70435
11,71492,1431,1.0,9504,1046,70446
3,71495,1431,0.0,9505,1046,70449
7,71502,1432,1.0,9506,1046,70456
3,71505,1432,0.0,9507,1046,70459
4,71509,1432,0.0,9508,1046,70463
8,71517,1432,0.0,9509,1046,70471
7,71524,1433,1.0,9510,1046,70478
10,71534,1433,0.0,9511,1046,70488
7,71541,1433,0.0,9512,1046,70495
6,71547,1433,0.0,9513,1046,70501
2,71549,1433,0.0,9514,1046,70503
5,71554,1433,0.0,9515,1046,70508
2,71556,1433,0.0,9516,1046,70510
20,71576,1433,0.0,9517,1046,70530
7,71583,1434,1.0,9518,1046,70537
8,71591,1434,0.0,9519,1046,70545
11,71602,1434,0.0,9520,1046,70556
9,71611,1434,0.0,9521,1046,70565
6,71617,1434,0.0,9522,1046,70571
2,71619,1434,0.0,9523,1046,70573
16,71635,1434,0.0,9524,1046,70589
3,71638,1434,0.0,9525,1046,70592
6,71644,1434,0.0,9526,1046,70598
6,71650,1434,0.0,9527,1046,70604
17,71667,1434,0.0,9528,1046,70621
9,71676,1434,0.0,9529,1046,70630
2,71678,1434,0.0,9530,1046,70632
3,71681,1434,0.0,9531,1046,70635
4,71685,1434,0.0,9532,1046,70639
7,71692,1435,1.0,9533,1046,70646
18,71710,1435,0.0,9534,1046,70664
7,71717,1436,1.0,9535,1046,70671
3,71720,1436,0.0,9536,1046,70674
5,71725,1436,0.0,9537,1046,70679
10,71735,1436,0.0,9538,1046,70689
6,71741,1436,0.0,9539,1046,70695
22,71763,1436,0.0,9540,1046,70717
8,71771,1436,0.0,9541,1046,70725
5,71776,1436,0.0,9542,1046,70730
9,71785,1436,0.0,9543,1046,70739
17,71802,1436,0.0,9544,1046,70756
2,71804,1436,0.0,9545,1046,70758
2,71806,1436,0.0,9546,1046,70760
6,71812,1436,0.0,9547,1046,70766
3,71815,1436,0.0,9548,1046,70769
16,71831,1436,0.0,9549,1046,70785
6,71837,1436,0.0,9550,1046,70791
7,71844,1436,0.0,9551,1046,70798
5,71849,1436,0.0,9552,1046,70803
10,71859,1436,0.0,9553,1046,70813
3,71862,1436,0.0,9554,1046,70816
6,71868,1436,0.0,9555,1046,70822
3,71871,1436,0.0,9556,1046,70825
5,71876,1436,0.0,9557,1046,70830
3,71879,1436,0.0,9558,1046,70833
11,71890,1437,1.0,9559,1046,70844
9,71899,1437,0.0,9560,1046,70853
4,71903,1437,0.0,9561,1046,70857
19,71922,1437,0.0,9562,1046,70876
9,71931,1437,0.0,9563,1046,70885
5,71936,1437,0.0,9564,1046,70890
3,71939,1437,0.0,9565,1046,70893
12,71951,1437,0.0,9566,1046,70905
12,71963,1437,0.0,9567,1046,70917
3,71966,1437,0.0,9568,1046,70920
9,71975,1437,0.0,9569,1046,70929
9,71984,1437,0.0,9570,1046,70938
17,72001,1437,0.0,9571,1046,70955
5,72006,1437,0.0,9572,1046,70960
7,72013,1438,1.0,9573,1046,70967
9,72022,1438,0.0,9574,1046,70976
2,72024,1438,0.0,9575,1046,70978
15,72039,1439,1.0,9576,1046,70993
4,72043,1439,0.0,9577,1046,70997
7,72050,1440,1.0,9578,1046,71004
13,72063,1440,0.0,9579,1046,71017
6,72069,1440,0.0,9580,1046,71023
5,72074,1440,0.0,9581,1046,71028
3,72077,1440,0.0,9582,1046,71031
16,72093,1440,0.0,9583,1046,71047
2,72095,1440,0.0,9584,1046,71049
13,72108,1440,0.0,9585,1046,71062
11,72119,1441,1.0,9586,1046,71073
6,72125,1441,0.0,9587,1046,71079
10,72135,1441,0.0,9588,1046,71089
6,72141,1441,0.0,9589,1046,71095
9,72150,1441,0.0,9590,1046,71104
7,72157,1441,0.0,9591,1046,71111
2,72159,1441,0.0,9592,1046,71113
12,72171,1441,0.0,9593,1046,71125
13,72184,1441,0.0,9594,1046,71138
9,72193,1441,0.0,9595,1046,71147
4,72197,1441,0.0,9596,1046,71151
13,72210,1441,0.0,9597,1046,71164
5,72215,1441,0.0,9598,1046,71169
27,72242,1441,0.0,9599,1046,71196
3,72245,1441,0.0,9600,1046,71199
10,72255,1441,0.0,9601,1046,71209
2,72257,1441,0.0,9602,1046,71211
7,72264,1441,0.0,9603,1046,71218
9,72273,1441,0.0,9604,1046,71227
10,72283,1441,0.0,9605,1046,71237
10,72293,1441,0.0,9606,1046,71247
8,72301,1441,0.0,9607,1046,71255
2,72303,1441,0.0,9608,1046,71257
3,72306,1441,0.0,9609,1046,71260
2,72308,1441,0.0,9610,1046,71262
2,72310,1441,0.0,9611,1046,71264
8,72318,1441,0.0,9612,1046,71272
14,72332,1441,0.0,9613,1046,71286
7,72339,1441,0.0,9614,1046,71293
14,72353,1441,0.0,9615,1046,71307
7,72360,1442,1.0,9616,1046,71314
2,72362,1442,0.0,9617,1046,71316
6,72368,1442,0.0,9618,1046,71322
2,72370,1442,0.0,9619,1046,71324
12,72382,1442,0.0,9620,1046,71336
4,72386,1442,0.0,9621,1046,71340
3,72389,1442,0.0,9622,1046,71343
4,72393,1442,0.0,9623,1046,71347
7,72400,1443,1.0,9624,1046,71354
10,72410,1443,0.0,9625,1046,71364
12,72422,1443,0.0,9626,1046,71376
17,72439,1443,0.0,9627,1046,71393
3,72442,1443,0.0,9628,1046,71396
27,72469,1443,0.0,9629,1046,71423
7,72476,1444,1.0,9630,1046,71430
5,72481,1444,0.0,9631,1046,71435
9,72490,1444,0.0,9632,1046,71444
7,72497,1445,1.0,9633,1046,71451
9,72506,1445,0.0,9634,1046,71460
2,72508,1445,0.0,9635,1046,71462
3,72511,1445,0.0,9636,1046,71465
6,72517,1445,0.0,9637,1046,71471
6,72523,1445,0.0,9638,1046,71477
7,72530,1446,1.0,9639,1046,71484
6,72536,1446,0.0,9640,1046,71490
9,72545,1446,0.0,9641,1046,71499
12,72557,1446,0.0,9642,1046,71511
7,72564,1446,0.0,9643,1046,71518
23,72587,1446,0.0,9644,1046,71541
7,72594,1446,0.0,9645,1046,71548
4,72598,1446,0.0,9646,1046,71552
4,72602,1446,0.0,9647,1046,71556
11,72613,1447,1.0,9648,1046,71567
10,72623,1447,0.0,9649,1046,71577
13,72636,1447,0.0,9650,1046,71590
9,72645,1447,0.0,9651,1046,71599
7,72652,1448,1.0,9652,1046,71606
7,72659,1448,0.0,9653,1046,71613
8,72667,1448,0.0,9654,1046,71621
12,72679,1448,0.0,9655,1046,71633
7,72686,1448,0.0,9656,1046,71640
7,72693,1449,1.0,9657,1046,71647
6,72699,1449,0.0,9658,1046,71653
10,72709,1449,0.0,9659,1046,71663
13,72722,1449,0.0,9660,1046,71676
7,72729,1449,0.0,9661,1046,71683
6,72735,1449,0.0,9662,1046,71689
7,72742,1449,0.0,9663,1046,71696
9,72751,1449,0.0,9664,1046,71705
4,72755,1449,0.0,9665,1046,71709
9,72764,1449,0.0,9666,1046,71718
10,72774,1449,0.0,9667,1046,71728
4,72778,1449,0.0,9668,1046,71732
10,72788,1449,0.0,9669,1046,71742
4,72792,1449,0.0,9670,1046,71746
7,72799,1450,1.0,9671,1046,71753
7,72806,1451,1.0,9672,1046,71760
2,72808,1451,0.0,9673,1046,71762
7,72815,1452,1.0,9674,1046,71769
7,72822,1453,1.0,9675,1046,71776
9,72831,1453,0.0,9676,1046,71785
13,72844,1453,0.0,9677,1046,71798
7,72851,1453,0.0,9678,1046,71805
9,72860,1453,0.0,9679,1046,71814
3,72863,1453,0.0,9680,1046,71817
7,72870,1454,1.0,9681,1046,71824
2,72872,1454,0.0,9682,1046,71826
9,72881,1454,0.0,9683,1046,71835
8,72889,1454,0.0,9684,1046,71843
10,72899,1454,0.0,9685,1046,71853
4,72903,1454,0.0,9686,1046,71857
9,72912,1454,0.0,9687,1046,71866
10,72922,1454,0.0,9688,1046,71876
9,72931,1454,0.0,9689,1046,71885
9,72940,1454,0.0,9690,1046,71894
29,72969,1454,0.0,9691,1046,71923
7,72976,1454,0.0,9692,1046,71930
2,72978,1454,0.0,9693,1046,71932
20,72998,1454,0.0,9694,1046,71952
5,73003,1454,0.0,9695,1046,71957
2,73005,1454,0.0,9696,1046,71959
14,73019,1454,0.0,9697,1046,71973
7,73026,1455,1.0,9698,1046,71980
4,73030,1455,0.0,9699,1046,71984
11,73041,1456,1.0,9700,1046,71995
2,73043,1456,0.0,9701,1046,71997
17,73060,1456,0.0,9702,1046,72014
7,73067,1457,1.0,9703,1046,72021
7,73074,1458,1.0,9704,1046,72028
4,73078,1458,0.0,9705,1046,72032
9,73087,1458,0.0,9706,1046,72041
2,73089,1458,0.0,9707,1046,72043
7,73096,1459,1.0,9708,1046,72050
15,73111,1459,0.0,9709,1046,72065
2,73113,1459,0.0,9710,1046,72067
8,73121,1459,0.0,9711,1046,72075
6,73127,1459,0.0,9712,1046,72081
7,73134,1460,1.0,9713,1046,72088
4,73138,1460,0.0,9714,1046,72092
7,73145,1461,1.0,9715,1046,72099
10,73155,1461,0.0,9716,1046,72109
7,73162,1462,1.0,9717,1046,72116
6,73168,1462,0.0,9718,1046,72122
6,73174,1462,0.0,9719,1046,72128
4,73178,1462,0.0,9720,1046,72132
5,73183,1462,0.0,9721,1046,72137
7,73190,1462,0.0,9722,1046,72144
3,73193,1462,0.0,9723,1046,72147
9,73202,1462,0.0,9724,1046,72156
2,73204,1462,0.0,9725,1046,72158
7,73211,1463,1.0,9726,1046,72165
4,73215,1463,0.0,9727,1046,72169
7,73222,1463,0.0,9728,1046,72176
2,73224,1463,0.0,9729,1046,72178
4,73228,1463,0.0,9730,1046,72182
4,73232,1463,0.0,9731,1046,72186
7,73239,1463,0.0,9732,1046,72193
7,73246,1464,1.0,9733,1046,72200
3,73249,1464,0.0,9734,1046,72203
6,73255,1464,0.0,9735,1046,72209
7,73262,1464,0.0,9736,1046,72216
15,73277,1464,0.0,9737,1046,72231
7,73284,1464,0.0,9738,1046,72238
6,73290,1464,0.0,9739,1046,72244
13,73303,1464,0.0,9740,1046,72257
7,73310,1465,1.0,9741,1046,72264
12,73322,1465,0.0,9742,1046,72276
9,73331,1465,0.0,9743,1046,72285
4,73335,1465,0.0,9744,1046,72289
7,73342,1466,1.0,9745,1046,72296
8,73350,1466,0.0,9746,1046,72304
10,73360,1466,0.0,9747,1046,72314
2,73362,1466,0.0,9748,1046,72316
7,73369,1466,0.0,9749,1046,72323
3,73372,1466,0.0,9750,1046,72326
7,73379,1466,0.0,9751,1046,72333
4,73383,1466,0.0,9752,1046,72337
14,73397,1466,0.0,9753,1046,72351
12,73409,1466,0.0,9754,1046,72363
4,73413,1466,0.0,9755,1046,72367
5,73418,1466,0.0,9756,1046,72372
2,73420,1466,0.0,9757,1046,72374
3,73423,1466,0.0,9758,1046,72377
2,73425,1466,0.0,9759,1046,72379
7,73432,1467,1.0,9760,1046,72386
9,73441,1467,0.0,9761,1046,72395
4,73445,1467,0.0,9762,1046,72399
4,73449,1467,0.0,9763,1046,72403
7,73456,1468,1.0,9764,1046,72410
10,73466,1468,0.0,9765,1046,72420
13,73479,1468,0.0,9766,1046,72433
19,73498,1468,0.0,9767,1046,72452
2,73500,1468,0.0,9768,1046,72454
3,73503,1468,0.0,9769,1046,72457
10,73513,1468,0.0,9770,1046,72467
5,73518,1468,0.0,9771,1046,72472
10,73528,1468,0.0,9772,1046,72482
9,73537,1468,0.0,9773,1046,72491
17,73554,1468,0.0,9774,1046,72508
2,73556,1468,0.0,9775,1046,72510
4,73560,1468,0.0,9776,1046,72514
7,73567,1469,1.0,9777,1046,72521
7,73574,1470,1.0,9778,1046,72528
2,73576,1470,0.0,9779,1046,72530
3,73579,1470,0.0,9780,1046,72533
4,73583,1470,0.0,9781,1046,72537
9,73592,1470,0.0,9782,1046,72546
11,73603,1471,1.0,9783,1046,72557
7,73610,1471,0.0,9784,1046,72564
3,73613,1471,0.0,9785,1046,72567
7,73620,1472,1.0,9786,1046,72574
17,73637,1472,0.0,9787,1046,72591
7,73644,1473,1.0,9788,1046,72598
20,73664,1473,0.0,9789,1046,72618
3,73667,1473,0.0,9790,1046,72621
3,73670,1473,0.0,9791,1046,72624
13,73683,1473,0.0,9792,1046,72637
6,73689,1473,0.0,9793,1046,72643
9,73698,1473,0.0,9794,1046,72652
12,73710,1473,0.0,9795,1046,72664
2,73712,1473,0.0,9796,1046,72666
3,73715,1473,0.0,9797,1046,72669
9,73724,1473,0.0,9798,1046,72678
2,73726,1473,0.0,9799,1046,72680
9,73735,1473,0.0,9800,1046,72689
6,73741,1473,0.0,9801,1046,72695
2,73743,1473,0.0,9802,1046,72697
10,73753,1473,0.0,9803,1046,72707
2,73755,1473,0.0,9804,1046,72709
9,73764,1473,0.0,9805,1046,72718
6,73770,1473,0.0,9806,1046,72724
15,73785,1473,0.0,9807,1046,72739
26,73811,1473,0.0,9808,1046,72765
4,73815,1473,0.0,9809,1046,72769
2,73817,1473,0.0,9810,1046,72771
5,73822,1473,0.0,9811,1046,72776
10,73832,1473,0.0,9812,1046,72786
10,73842,1473,0.0,9813,1046,72796
3,73845,1473,0.0,9814,1046,72799
7,73852,1474,1.0,9815,1046,72806
4,73856,1474,0.0,9816,1046,72810
9,73865,1474,0.0,9817,1046,72819
9,73874,1474,0.0,9818,1046,72828
6,73880,1474,0.0,9819,1046,72834
4,73884,1474,0.0,9820,1046,72838
11,73895,1474,0.0,9821,1046,72849
12,73907,1474,0.0,9822,1046,72861
3,73910,1474,0.0,9823,1046,72864
4,73914,1474,0.0,9824,1046,72868
11,73925,1474,0.0,9825,1046,72879
9,73934,1474,0.0,9826,1046,72888
7,73941,1475,1.0,9827,1046,72895
12,73953,1475,0.0,9828,1046,72907
7,73960,1475,0.0,9829,1046,72914
11,73971,1476,1.0,9830,1046,72925
7,73978,1476,0.0,9831,1046,72932
8,73986,1476,0.0,9832,1046,72940
7,73993,1477,1.0,9833,1046,72947
3,73996,1477,0.0,9834,1046,72950
11,74007,1477,0.0,9835,1046,72961
2,74009,1477,0.0,9836,1046,72963
6,74015,1477,0.0,9837,1046,72969
8,74023,1477,0.0,9838,1046,72977
7,74030,1478,1.0,9839,1046,72984
6,74036,1478,0.0,9840,1046,72990
3,74039,1478,0.0,9841,1046,72993
7,74046,1478,0.0,9842,1046,73000
7,74053,1479,1.0,9843,1046,73007
3,74056,1479,0.0,9844,1046,73010
13,74069,1479,0.0,9845,1046,73023
4,74073,1479,0.0,9846,1046,73027
7,74080,1480,1.0,9847,1046,73034
2,74082,1480,0.0,9848,1046,73036
3,74085,1480,0.0,9849,1046,73039
17,74102,1480,0.0,9850,1046,73056
5,74107,1480,0.0,9851,1046,73061
12,74119,1480,0.0,9852,1046,73073
7,74126,1480,0.0,9853,1046,73080
8,74134,1480,0.0,9854,1046,73088
10,74144,1480,0.0,9855,1046,73098
7,74151,1481,1.0,9856,1046,73105
7,74158,1482,1.0,9857,1046,73112
6,74164,1482,0.0,9858,1046,73118
11,74175,1483,1.0,9859,1046,73129
3,74178,1483,0.0,9860,1046,73132
16,74194,1483,0.0,9861,1046,73148
7,74201,1483,0.0,9862,1046,73155
18,74219,1483,0.0,9863,1046,73173
2,74221,1483,0.0,9864,1046,73175
4,74225,1483,0.0,9865,1046,73179
7,74232,1484,1.0,9866,1046,73186
9,74241,1484,0.0,9867,1046,73195
5,74246,1484,0.0,9868,1046,73200
7,74253,1485,1.0,9869,1046,73207
7,74260,1486,1.0,9870,1046,73214
7,74267,1487,1.0,9871,1046,73221
8,74275,1487,0.0,9872,1046,73229
6,74281,1487,0.0,9873,1046,73235
17,74298,1487,0.0,9874,1046,73252
7,74305,1488,1.0,9875,1046,73259
11,74316,1489,1.0,9876,1046,73270
9,74325,1489,0.0,9877,1046,73279
3,74328,1489,0.0,9878,1046,73282
7,74335,1490,1.0,9879,1046,73289
12,74347,1490,0.0,9880,1046,73301
7,74354,1491,1.0,9881,1046,73308
10,74364,1491,0.0,9882,1046,73318
34,74398,1491,0.0,9883,1046,73352
4,74402,1491,0.0,9884,1046,73356
9,74411,1491,0.0,9885,1046,73365
7,74418,1491,0.0,9886,1046,73372
7,74425,1492,1.0,9887,1046,73379
9,74434,1492,0.0,9888,1046,73388
6,74440,1492,0.0,9889,1046,73394
7,74447,1492,0.0,9890,1046,73401
8,74455,1492,0.0,9891,1046,73409
3,74458,1492,0.0,9892,1046,73412
3,74461,1492,0.0,9893,1046,73415
4,74465,1492,0.0,9894,1046,73419
6,74471,1492,0.0,9895,1046,73425
16,74487,1492,0.0,9896,1046,73441
4,74491,1492,0.0,9897,1046,73445
7,74498,1493,1.0,9898,1046,73452
7,74505,1494,1.0,9899,1046,73459
9,74514,1494,0.0,9900,1046,73468
8,74522,1494,0.0,9901,1046,73476
12,74534,1494,0.0,9902,1046,73488
6,74540,1494,0.0,9903,1046,73494
9,74549,1494,0.0,9904,1046,73503
9,74558,1494,0.0,9905,1046,73512
3,74561,1494,0.0,9906,1046,73515
4,74565,1494,0.0,9907,1046,73519
7,74572,1494,0.0,9908,1046,73526
9,74581,1494,0.0,9909,1046,73535
3,74584,1494,0.0,9910,1046,73538
11,74595,1495,1.0,9911,1046,73549
2,74597,1495,0.0,9912,1046,73551
37,74634,1496,1.0,9913,1046,73588
8,74642,1496,0.0,9914,1046,73596
12,74654,1496,0.0,9915,1046,73608
3,74657,1496,0.0,9916,1046,73611
4,74661,1496,0.0,9917,1046,73615
7,74668,1497,1.0,9918,1046,73622
3,74671,1497,0.0,9919,1046,73625
15,74686,1498,1.0,9920,1046,73640
7,74693,1499,1.0,9921,1046,73647
18,74711,1499,0.0,9922,1046,73665
14,74725,1499,0.0,9923,1046,73679
4,74729,1499,0.0,9924,1046,73683
12,74741,1499,0.0,9925,1046,73695
10,74751,1499,0.0,9926,1046,73705
5,74756,1499,0.0,9927,1046,73710
2,74758,1499,0.0,9928,1046,73712
3,74761,1499,0.0,9929,1046,73715
2,74763,1499,0.0,9930,1046,73717
7,74770,1500,1.0,9931,1046,73724
3,74773,1500,0.0,9932,1046,73727
7,74780,1500,0.0,9933,1046,73734
7,74787,1500,0.0,9934,1046,73741
3,74790,1500,0.0,9935,1046,73744
10,74800,1500,0.0,9936,1046,73754
12,74812,1500,0.0,9937,1046,73766
10,74822,1500,0.0,9938,1046,73776
7,74829,1501,1.0,9939,1046,73783
6,74835,1501,0.0,9940,1046,73789
9,74844,1501,0.0,9941,1046,73798
5,74849,1501,0.0,9942,1046,73803
3,74852,1501,0.0,9943,1046,73806
2,74854,1501,0.0,9944,1046,73808
6,74860,1501,0.0,9945,1046,73814
3,74863,1501,0.0,9946,1046,73817
6,74869,1501,0.0,9947,1046,73823
7,74876,1501,0.0,9948,1046,73830
14,74890,1501,0.0,9949,1046,73844
7,74897,1502,1.0,9950,1046,73851
7,74904,1503,1.0,9951,1046,73858
8,74912,1503,0.0,9952,1046,73866
7,74919,1504,1.0,9953,1046,73873
10,74929,1504,0.0,9954,1046,73883
6,74935,1504,0.0,9955,1046,73889
3,74938,1504,0.0,9956,1046,73892
9,74947,1504,0.0,9957,1046,73901
5,74952,1504,0.0,9958,1046,73906
6,74958,1504,0.0,9959,1046,73912
7,74965,1505,1.0,9960,1046,73919
16,74981,1505,0.0,9961,1046,73935
11,74992,1505,0.0,9962,1046,73946
10,75002,1505,0.0,9963,1046,73956
14,75016,1505,0.0,9964,1046,73970
6,75022,1505,0.0,9965,1046,73976
12,75034,1505,0.0,9966,1046,73988
2,75036,1505,0.0,9967,1046,73990
5,75041,1505,0.0,9968,1046,73995
3,75044,1505,0.0,9969,1046,73998
7,75051,1505,0.0,9970,1046,74005
40,75091,1505,0.0,9971,1046,74045
8,75099,1505,0.0,9972,1046,74053
14,75113,1505,0.0,9973,1046,74067
5,75118,1505,0.0,9974,1046,74072
9,75127,1505,0.0,9975,1046,74081
12,75139,1505,0.0,9976,1046,74093
7,75146,1506,1.0,9977,1046,74100
8,75154,1506,0.0,9978,1046,74108
10,75164,1506,0.0,9979,1046,74118
5,75169,1506,0.0,9980,1046,74123
2,75171,1506,0.0,9981,1046,74125
9,75180,1506,0.0,9982,1046,74134
11,75191,1506,0.0,9983,1046,74145
4,75195,1506,0.0,9984,1046,74149
7,75202,1507,1.0,9985,1046,74156
5,75207,1507,0.0,9986,1046,74161
8,75215,1507,0.0,9987,1046,74169
7,75222,1507,0.0,9988,1046,74176
7,75229,1508,1.0,9989,1046,74183
7,75236,1509,1.0,9990,1046,74190
3,75239,1509,0.0,9991,1046,74193
7,75246,1510,1.0,9992,1046,74200
4,75250,1510,0.0,9993,1046,74204
15,75265,1511,1.0,9994,1046,74219
7,75272,1512,1.0,9995,1046,74226
2,75274,1512,0.0,9996,1046,74228
4,75278,1512,0.0,9997,1046,74232
7,75285,1513,1.0,9998,1046,74239
7,75292,1513,0.0,9999,1046,74246
9,75301,1513,0.0,10000,1046,74255
6,75307,1513,0.0,10001,1046,74261
3,75310,1513,0.0,10002,1046,74264
7,75317,1513,0.0,10003,1046,74271
6,75323,1513,0.0,10004,1046,74277
23,75346,1513,0.0,10005,1046,74300
10,75356,1513,0.0,10006,1046,74310
5,75361,1513,0.0,10007,1046,74315
4,75365,1513,0.0,10008,1046,74319
7,75372,1514,1.0,10009,1046,74326
7,75379,1515,1.0,10010,1046,74333
7,75386,1516,1.0,10011,1046,74340
10,75396,1516,0.0,10012,1046,74350
9,75405,1516,0.0,10013,1046,74359
2,75407,1516,0.0,10014,1046,74361
6,75413,1516,0.0,10015,1046,74367
2,75415,1516,0.0,10016,1046,74369
10,75425,1516,0.0,10017,1046,74379
7,75432,1516,0.0,10018,1046,74386
7,75439,1517,1.0,10019,1046,74393
4,75443,1517,0.0,10020,1046,74397
7,75450,1517,0.0,10021,1046,74404
2,75452,1517,0.0,10022,1046,74406
2,75454,1517,0.0,10023,1046,74408
7,75461,1518,1.0,10024,1046,74415
12,75473,1518,0.0,10025,1046,74427
7,75480,1519,1.0,10026,1046,74434
13,75493,1519,0.0,10027,1046,74447
10,75503,1519,0.0,10028,1046,74457
5,75508,1519,0.0,10029,1046,74462
6,75514,1519,0.0,10030,1046,74468
3,75517,1519,0.0,10031,1046,74471
6,75523,1519,0.0,10032,1046,74477
10,75533,1519,0.0,10033,1046,74487
7,75540,1519,0.0,10034,1046,74494
7,75547,1519,0.0,10035,1046,74501
7,75554,1520,1.0,10036,1046,74508
4,75558,1520,0.0,10037,1046,74512
7,75565,1521,1.0,10038,1046,74519
4,75569,1521,0.0,10039,1046,74523
4,75573,1521,0.0,10040,1046,74527
3,75576,1521,0.0,10041,1046,74530
2,75578,1521,0.0,10042,1046,74532
3,75581,1521,0.0,10043,1046,74535
2,75583,1521,0.0,10044,1046,74537
17,75600,1521,0.0,10045,1046,74554
15,75615,1521,0.0,10046,1046,74569
6,75621,1521,0.0,10047,1046,74575
7,75628,1522,1.0,10048,1046,74582
6,75634,1522,0.0,10049,1046,74588
17,75651,1522,0.0,10050,1046,74605
8,75659,1522,0.0,10051,1046,74613
7,75666,1523,1.0,10052,1046,74620
7,75673,1524,1.0,10053,1046,74627
11,75684,1525,1.0,10054,1046,74638
16,75700,1525,0.0,10055,1046,74654
4,75704,1525,0.0,10056,1046,74658
4,75708,1525,0.0,10057,1046,74662
7,75715,1526,1.0,10058,1046,74669
16,75731,1526,0.0,10059,1046,74685
7,75738,1526,0.0,10060,1046,74692
2,75740,1526,0.0,10061,1046,74694
11,75751,1526,0.0,10062,1046,74705
2,75753,1526,0.0,10063,1046,74707
2,75755,1526,0.0,10064,1046,74709
17,75772,1526,0.0,10065,1046,74726
4,75776,1526,0.0,10066,1046,74730
3,75779,1526,0.0,10067,1046,74733
19,75798,1526,0.0,10068,1046,74752
10,75808,1526,0.0,10069,1046,74762
12,75820,1526,0.0,10070,1046,74774
3,75823,1526,0.0,10071,1046,74777
7,75830,1527,1.0,10072,1046,74784
31,75861,1527,0.0,10073,1046,74815
10,75871,1527,0.0,10074,1046,74825
9,75880,1527,0.0,10075,1046,74834
15,75895,1527,0.0,10076,1046,74849
2,75897,1527,0.0,10077,1046,74851
8,75905,1527,0.0,10078,1046,74859
4,75909,1527,0.0,10079,1046,74863
7,75916,1528,1.0,10080,1046,74870
12,75928,1528,0.0,10081,1046,74882
7,75935,1529,1.0,10082,1046,74889
10,75945,1529,0.0,10083,1046,74899
2,75947,1529,0.0,10084,1046,74901
4,75951,1529,0.0,10085,1046,74905
9,75960,1529,0.0,10086,1046,74914
9,75969,1529,0.0,10087,1046,74923
3,75972,1529,0.0,10088,1046,74926
3,75975,1529,0.0,10089,1046,74929
4,75979,1529,0.0,10090,1046,74933
6,75985,1529,0.0,10091,1046,74939
5,75990,1529,0.0,10092,1046,74944
6,75996,1529,0.0,10093,1046,74950
9,76005,1529,0.0,10094,1046,74959
5,76010,1529,0.0,10095,1046,74964
12,76022,1529,0.0,10096,1046,74976
3,76025,1529,0.0,10097,1046,74979
7,76032,1530,1.0,10098,1046,74986
4,76036,1530,0.0,10099,1046,74990
2,76038,1530,0.0,10100,1046,74992
4,76042,1530,0.0,10101,1046,74996
10,76052,1530,0.0,10102,1046,75006
7,76059,1531,1.0,10103,1046,75013
6,76065,1531,0.0,10104,1046,75019
4,76069,1531,0.0,10105,1046,75023
7,76076,1532,1.0,10106,1046,75030
9,76085,1532,0.0,10107,1046,75039
12,76097,1532,0.0,10108,1046,75051
9,76106,1532,0.0,10109,1046,75060
9,76115,1532,0.0,10110,1046,75069
11,76126,1532,0.0,10111,1046,75080
6,76132,1532,0.0,10112,1046,75086
3,76135,1532,0.0,10113,1046,75089
3,76138,1532,0.0,10114,1046,75092
3,76141,1532,0.0,10115,1046,75095
8,76149,1532,0.0,10116,1046,75103
11,76160,1533,1.0,10117,1046,75114
2,76162,1533,0.0,10118,1046,75116
10,76172,1533,0.0,10119,1046,75126
7,76179,1533,0.0,10120,1046,75133
14,76193,1533,0.0,10121,1046,75147
3,76196,1533,0.0,10122,1046,75150
3,76199,1533,0.0,10123,1046,75153
4,76203,1533,0.0,10124,1046,75157
5,76208,1533,0.0,10125,1046,75162
10,76218,1533,0.0,10126,1046,75172
4,76222,1533,0.0,10127,1046,75176
7,76229,1534,1.0,10128,1046,75183
7,76236,1535,1.0,10129,1046,75190
3,76239,1535,0.0,10130,1046,75193
26,76265,1536,1.0,10131,1046,75219
2,76267,1536,0.0,10132,1046,75221
8,76275,1536,0.0,10133,1046,75229
5,76280,1536,0.0,10134,1046,75234
10,76290,1536,0.0,10135,1046,75244
6,76296,1536,0.0,10136,1046,75250
7,76303,1536,0.0,10137,1046,75257
7,76310,1537,1.0,10138,1046,75264
7,76317,1538,1.0,10139,1046,75271
7,76324,1539,1.0,10140,1046,75278
17,76341,1539,0.0,10141,1046,75295
12,76353,1539,0.0,10142,1046,75307
5,76358,1539,0.0,10143,1046,75312
5,76363,1539,0.0,10144,1046,75317
6,76369,1539,0.0,10145,1046,75323
12,76381,1539,0.0,10146,1046,75335
4,76385,1539,0.0,10147,1046,75339
7,76392,1540,1.0,10148,1046,75346
3,76395,1540,0.0,10149,1046,75349
12,76407,1540,0.0,10150,1046,75361
7,76414,1541,1.0,10151,1046,75368
6,76420,1541,0.0,10152,1046,75374
2,76422,1541,0.0,10153,1046,75376
10,76432,1541,0.0,10154,1046,75386
12,76444,1541,0.0,10155,1046,75398
2,76446,1541,0.0,10156,1046,75400
10,76456,1541,0.0,10157,1046,75410
4,76460,1541,0.0,10158,1046,75414
15,76475,1541,0.0,10159,1046,75429
8,76483,1541,0.0,10160,1046,75437
6,76489,1541,0.0,10161,1046,75443
5,76494,1541,0.0,10162,1046,75448
2,76496,1541,0.0,10163,1046,75450
10,76506,1541,0.0,10164,1046,75460
4,76510,1541,0.0,10165,1046,75464
8,76518,1541,0.0,10166,1046,75472
4,76522,1541,0.0,10167,1046,75476
7,76529,1542,1.0,10168,1046,75483
17,76546,1542,0.0,10169,1046,75500
6,76552,1542,0.0,10170,1046,75506
8,76560,1542,0.0,10171,1046,75514
7,76567,1543,1.0,10172,1046,75521
4,76571,1543,0.0,10173,1046,75525
9,76580,1543,0.0,10174,1046,75534
2,76582,1543,0.0,10175,1046,75536
8,76590,1543,0.0,10176,1046,75544
7,76597,1543,0.0,10177,1046,75551
6,76603,1543,0.0,10178,1046,75557
5,76608,1543,0.0,10179,1046,75562
4,76612,1543,0.0,10180,1046,75566
9,76621,1543,0.0,10181,1046,75575
5,76626,1543,0.0,10182,1046,75580
9,76635,1543,0.0,10183,1046,75589
18,76653,1543,0.0,10184,1046,75607
4,76657,1543,0.0,10185,1046,75611
13,76670,1543,0.0,10186,1046,75624
2,76672,1543,0.0,10187,1046,75626
7,76679,1544,1.0,10188,1046,75633
10,76689,1544,0.0,10189,1046,75643
9,76698,1544,0.0,10190,1046,75652
3,76701,1544,0.0,10191,1046,75655
7,76708,1545,1.0,10192,1046,75662
5,76713,1545,0.0,10193,1046,75667
4,76717,1545,0.0,10194,1046,75671
4,76721,1545,0.0,10195,1046,75675
2,76723,1545,0.0,10196,1046,75677
6,76729,1545,0.0,10197,1046,75683
7,76736,1545,0.0,10198,1046,75690
7,76743,1546,1.0,10199,1046,75697
7,76750,1547,1.0,10200,1046,75704
23,76773,1547,0.0,10201,1046,75727
10,76783,1547,0.0,10202,1046,75737
4,76787,1547,0.0,10203,1046,75741
7,76794,1547,0.0,10204,1046,75748
2,76796,1547,0.0,10205,1046,75750
12,76808,1547,0.0,10206,1046,75762
7,76815,1548,1.0,10207,1046,75769
9,76824,1548,0.0,10208,1046,75778
9,76833,1548,0.0,10209,1046,75787
9,76842,1548,0.0,10210,1046,75796
7,76849,1549,1.0,10211,1046,75803
10,76859,1549,0.0,10212,1046,75813
3,76862,1549,0.0,10213,1046,75816
5,76867,1549,0.0,10214,1046,75821
2,76869,1549,0.0,10215,1046,75823
3,76872,1549,0.0,10216,1046,75826
5,76877,1549,0.0,10217,1046,75831
11,76888,1550,1.0,10218,1046,75842
4,76892,1550,0.0,10219,1046,75846
4,76896,1550,0.0,10220,1046,75850
12,76908,1550,0.0,10221,1046,75862
7,76915,1551,1.0,10222,1046,75869
15,76930,1552,1.0,10223,1046,75884
2,76932,1552,0.0,10224,1046,75886
18,76950,1552,0.0,10225,1046,75904
7,76957,1553,1.0,10226,1046,75911
10,76967,1553,0.0,10227,1046,75921
9,76976,1553,0.0,10228,1046,75930
4,76980,1553,0.0,10229,1046,75934
21,77001,1553,0.0,10230,1046,75955
5,77006,1553,0.0,10231,1046,75960
7,77013,1553,0.0,10232,1046,75967
2,77015,1553,0.0,10233,1046,75969
6,77021,1553,0.0,10234,1046,75975
2,77023,1553,0.0,10235,1046,75977
2,77025,1553,0.0,10236,1046,75979
9,77034,1553,0.0,10237,1046,75988
7,77041,1554,1.0,10238,1046,75995
7,77048,1555,1.0,10239,1046,76002
3,77051,1555,0.0,10240,1046,76005
4,77055,1555,0.0,10241,1046,76009
6,77061,1555,0.0,10242,1046,76015
15,77076,1555,0.0,10243,1046,76030
3,77079,1555,0.0,10244,1046,76033
10,77089,1555,0.0,10245,1046,76043
10,77099,1555,0.0,10246,1046,76053
5,77104,1555,0.0,10247,1046,76058
12,77116,1555,0.0,10248,1046,76070
10,77126,1555,0.0,10249,1046,76080
7,77133,1556,1.0,10250,1046,76087
2,77135,1556,0.0,10251,1046,76089
4,77139,1556,0.0,10252,1046,76093
8,77147,1556,0.0,10253,1046,76101
11,77158,1556,0.0,10254,1046,76112
8,77166,1556,0.0,10255,1046,76120
5,77171,1556,0.0,10256,1046,76125
2,77173,1556,0.0,10257,1046,76127
2,77175,1556,0.0,10258,1046,76129
3,77178,1556,0.0,10259,1046,76132
2,77180,1556,0.0,10260,1046,76134
12,77192,1556,0.0,10261,1046,76146
3,77195,1556,0.0,10262,1046,76149
17,77212,1556,0.0,10263,1046,76166
16,77228,1556,0.0,10264,1046,76182
7,77235,1557,1.0,10265,1046,76189
4,77239,1557,0.0,10266,1046,76193
3,77242,1557,0.0,10267,1046,76196
9,77251,1557,0.0,10268,1046,76205
2,77253,1557,0.0,10269,1046,76207
5,77258,1557,0.0,10270,1046,76212
7,77265,1558,1.0,10271,1046,76219
4,77269,1558,0.0,10272,1046,76223
8,77277,1558,0.0,10273,1046,76231
8,77285,1558,0.0,10274,1046,76239
10,77295,1558,0.0,10275,1046,76249
8,77303,1558,0.0,10276,1046,76257
8,77311,1558,0.0,10277,1046,76265
8,77319,1558,0.0,10278,1046,76273
10,77329,1558,0.0,10279,1046,76283
7,77336,1559,1.0,10280,1046,76290
10,77346,1559,0.0,10281,1046,76300
20,77366,1559,0.0,10282,1046,76320
8,77374,1559,0.0,10283,1046,76328
9,77383,1559,0.0,10284,1046,76337
7,77390,1560,1.0,10285,1046,76344
2,77392,1560,0.0,10286,1046,76346
10,77402,1560,0.0,10287,1046,76356
9,77411,1560,0.0,10288,1046,76365
11,77422,1561,1.0,10289,1046,76376
8,77430,1561,0.0,10290,1046,76384
2,77432,1561,0.0,10291,1046,76386
2,77434,1561,0.0,10292,1046,76388
2,77436,1561,0.0,10293,1046,76390
6,77442,1561,0.0,10294,1046,76396
8,77450,1561,0.0,10295,1046,76404
9,77459,1561,0.0,10296,1046,76413
9,77468,1561,0.0,10297,1046,76422
7,77475,1561,0.0,10298,1046,76429
9,77484,1561,0.0,10299,1046,76438
9,77493,1561,0.0,10300,1046,76447
7,77500,1562,1.0,10301,1046,76454
15,77515,1563,1.0,10302,1046,76469
9,77524,1563,0.0,10303,1046,76478
6,77530,1563,0.0,10304,1046,76484
3,77533,1563,0.0,10305,1046,76487
10,77543,1563,0.0,10306,1046,76497
4,77547,1563,0.0,10307,1046,76501
5,77552,1563,0.0,10308,1046,76506
7,77559,1564,1.0,10309,1046,76513
6,77565,1564,0.0,10310,1046,76519
8,77573,1564,0.0,10311,1046,76527
8,77581,1564,0.0,10312,1046,76535
2,77583,1564,0.0,10313,1046,76537
7,77590,1564,0.0,10314,1046,76544
2,77592,1564,0.0,10315,1046,76546
6,77598,1564,0.0,10316,1046,76552
9,77607,1564,0.0,10317,1046,76561
4,77611,1564,0.0,10318,1046,76565
21,77632,1564,0.0,10319,1046,76586
4,77636,1564,0.0,10320,1046,76590
9,77645,1564,0.0,10321,1046,76599
14,77659,1564,0.0,10322,1046,76613
2,77661,1564,0.0,10323,1046,76615
2,77663,1564,0.0,10324,1046,76617
25,77688,1564,0.0,10325,1046,76642
2,77690,1564,0.0,10326,1046,76644
4,77694,1564,0.0,10327,1046,76648
2,77696,1564,0.0,10328,1046,76650
3,77699,1564,0.0,10329,1046,76653
7,77706,1565,1.0,10330,1046,76660
4,77710,1565,0.0,10331,1046,76664
9,77719,1565,0.0,10332,1046,76673
7,77726,1566,1.0,10333,1046,76680
4,77730,1566,0.0,10334,1046,76684
8,77738,1566,0.0,10335,1046,76692
2,77740,1566,0.0,10336,1046,76694
2,77742,1566,0.0,10337,1046,76696
7,77749,1567,1.0,10338,1046,76703
4,77753,1567,0.0,10339,1046,76707
7,77760,1568,1.0,10340,1046,76714
5,77765,1568,0.0,10341,1046,76719
5,77770,1568,0.0,10342,1046,76724
2,77772,1568,0.0,10343,1046,76726
7,77779,1569,1.0,10344,1046,76733
7,77786,1569,0.0,10345,1046,76740
9,77795,1569,0.0,10346,1046,76749
4,77799,1569,0.0,10347,1046,76753
6,77805,1569,0.0,10348,1046,76759
4,77809,1569,0.0,10349,1046,76763
4,77813,1569,0.0,10350,1046,76767
23,77836,1569,0.0,10351,1046,76790
8,77844,1569,0.0,10352,1046,76798
12,77856,1569,0.0,10353,1046,76810
7,77863,1569,0.0,10354,1046,76817
4,77867,1569,0.0,10355,1046,76821
8,77875,1569,0.0,10356,1046,76829
3,77878,1569,0.0,10357,1046,76832
12,77890,1569,0.0,10358,1046,76844
16,77906,1569,0.0,10359,1046,76860
10,77916,1569,0.0,10360,1046,76870
7,77923,1570,1.0,10361,1046,76877
7,77930,1571,1.0,10362,1046,76884
3,77933,1571,0.0,10363,1046,76887
14,77947,1571,0.0,10364,1046,76901
6,77953,1571,0.0,10365,1046,76907
4,77957,1571,0.0,10366,1046,76911
7,77964,1572,1.0,10367,1046,76918
7,77971,1573,1.0,10368,1046,76925
10,77981,1573,0.0,10369,1046,76935
10,77991,1573,0.0,10370,1046,76945
10,78001,1573,0.0,10371,1046,76955
3,78004,1573,0.0,10372,1046,76958
2,78006,1573,0.0,10373,1046,76960
3,78009,1573,0.0,10374,1046,76963
7,78016,1574,1.0,10375,1046,76970
10,78026,1574,0.0,10376,1046,76980
13,78039,1574,0.0,10377,1046,76993
9,78048,1574,0.0,10378,1046,77002
6,78054,1574,0.0,10379,1046,77008
5,78059,1574,0.0,10380,1046,77013
2,78061,1574,0.0,10381,1046,77015
2,78063,1574,0.0,10382,1046,77017
12,78075,1574,0.0,10383,1046,77029
2,78077,1574,0.0,10384,1046,77031
8,78085,1574,0.0,10385,1046,77039
2,78087,1574,0.0,10386,1046,77041
3,78090,1574,0.0,10387,1046,77044
7,78097,1574,0.0,10388,1046,77051
6,78103,1574,0.0,10389,1046,77057
9,78112,1574,0.0,10390,1046,77066
7,78119,1574,0.0,10391,1046,77073
8,78127,1574,0.0,10392,1046,77081
10,78137,1574,0.0,10393,1046,77091
23,78160,1574,0.0,10394,1046,77114
7,78167,1575,1.0,10395,1046,77121
9,78176,1575,0.0,10396,1046,77130
9,78185,1575,0.0,10397,1046,77139
4,78189,1575,0.0,10398,1046,77143
7,78196,1576,1.0,10399,1046,77150
8,78204,1576,0.0,10400,1046,77158
3,78207,1576,0.0,10401,1046,77161
11,78218,1577,1.0,10402,1046,77172
19,78237,1577,0.0,10403,1046,77191
7,78244,1577,0.0,10404,1046,77198
25,78269,1577,0.0,10405,1046,77223
5,78274,1577,0.0,10406,1046,77228
22,78296,1578,1.0,10407,1046,77250
13,78309,1578,0.0,10408,1046,77263
7,78316,1579,1.0,10409,1046,77270
7,78323,1579,0.0,10410,1046,77277
3,78326,1579,0.0,10411,1046,77280
9,78335,1579,0.0,10412,1046,77289
10,78345,1579,0.0,10413,1046,77299
27,78372,1579,0.0,10414,1046,77326
7,78379,1580,1.0,10415,1046,77333
18,78397,1580,0.0,10416,1046,77351
7,78404,1581,1.0,10417,1046,77358
2,78406,1581,0.0,10418,1046,77360
7,78413,1582,1.0,10419,1046,77367
8,78421,1582,0.0,10420,1046,77375
9,78430,1582,0.0,10421,1046,77384
5,78435,1582,0.0,10422,1046,77389
4,78439,1582,0.0,10423,1046,77393
9,78448,1582,0.0,10424,1046,77402
4,78452,1582,0.0,10425,1046,77406
7,78459,1582,0.0,10426,1046,77413
2,78461,1582,0.0,10427,1046,77415
10,78471,1582,0.0,10428,1046,77425
2,78473,1582,0.0,10429,1046,77427
3,78476,1582,0.0,10430,1046,77430
2,78478,1582,0.0,10431,1046,77432
6,78484,1582,0.0,10432,1046,77438
6,78490,1582,0.0,10433,1046,77444
12,78502,1582,0.0,10434,1046,77456
10,78512,1582,0.0,10435,1046,77466
2,78514,1582,0.0,10436,1046,77468
5,78519,1582,0.0,10437,1046,77473
9,78528,1582,0.0,10438,1046,77482
6,78534,1582,0.0,10439,1046,77488
7,78541,1583,1.0,10440,1046,77495
16,78557,1583,0.0,10441,1046,77511
2,78559,1583,0.0,10442,1046,77513
2,78561,1583,0.0,10443,1046,77515
3,78564,1583,0.0,10444,1046,77518
7,78571,1584,1.0,10445,1046,77525
2,78573,1584,0.0,10446,1046,77527
4,78577,1584,0.0,10447,1046,77531
14,78591,1584,0.0,10448,1046,77545
2,78593,1584,0.0,10449,1046,77547
2,78595,1584,0.0,10450,1046,77549
6,78601,1584,0.0,10451,1046,77555
7,78608,1585,1.0,10452,1046,77562
3,78611,1585,0.0,10453,1046,77565
18,78629,1585,0.0,10454,1046,77583
4,78633,1585,0.0,10455,1046,77587
7,78640,1586,1.0,10456,1046,77594
2,78642,1586,0.0,10457,1046,77596
9,78651,1586,0.0,10458,1046,77605
3,78654,1586,0.0,10459,1046,77608
14,78668,1586,0.0,10460,1046,77622
6,78674,1586,0.0,10461,1046,77628
10,78684,1586,0.0,10462,1046,77638
7,78691,1587,1.0,10463,1046,77645
12,78703,1587,0.0,10464,1046,77657
5,78708,1587,0.0,10465,1046,77662
7,78715,1588,1.0,10466,1046,77669
9,78724,1588,0.0,10467,1046,77678
9,78733,1588,0.0,10468,1046,77687
2,78735,1588,0.0,10469,1046,77689
5,78740,1588,0.0,10470,1046,77694
20,78760,1588,0.0,10471,1046,77714
3,78763,1588,0.0,10472,1046,77717
9,78772,1588,0.0,10473,1046,77726
11,78783,1589,1.0,10474,1046,77737
4,78787,1589,0.0,10475,1046,77741
7,78794,1590,1.0,10476,1046,77748
9,78803,1590,0.0,10477,1046,77757
3,78806,1590,0.0,10478,1046,77760
2,78808,1590,0.0,10479,1046,77762
7,78815,1591,1.0,10480,1046,77769
2,78817,1591,0.0,10481,1046,77771
5,78822,1591,0.0,10482,1046,77776
7,78829,1592,1.0,10483,1046,77783
3,78832,1592,0.0,10484,1046,77786
4,78836,1592,0.0,10485,1046,77790
7,78843,1593,1.0,10486,1046,77797
2,78845,1593,0.0,10487,1046,77799
17,78862,1593,0.0,10488,1046,77816
10,78872,1593,0.0,10489,1046,77826
10,78882,1593,0.0,10490,1046,77836
6,78888,1593,0.0,10491,1046,77842
2,78890,1593,0.0,10492,1046,77844
7,78897,1594,1.0,10493,1046,77851
2,78899,1594,0.0,10494,1046,77853
23,78922,1594,0.0,10495,1046,77876
18,78940,1594,0.0,10496,1046,77894
9,78949,1594,0.0,10497,1046,77903
7,78956,1595,1.0,10498,1046,77910
2,78958,1595,0.0,10499,1046,77912
12,78970,1595,0.0,10500,1046,77924
10,78980,1595,0.0,10501,1046,77934
7,78987,1596,1.0,10502,1046,77941
2,78989,1596,0.0,10503,1046,77943
10,78999,1596,0.0,10504,1046,77953
14,79013,1596,0.0,10505,1046,77967
3,79016,1596,0.0,10506,1046,77970
4,79020,1596,0.0,10507,1046,77974
10,79030,1596,0.0,10508,1046,77984
20,79050,1596,0.0,10509,1046,78004
4,79054,1596,0.0,10510,1046,78008
2,79056,1596,0.0,10511,1046,78010
9,79065,1596,0.0,10512,1046,78019
9,79074,1596,0.0,10513,1046,78028
11,79085,1596,0.0,10514,1046,78039
17,79102,1596,0.0,10515,1046,78056
7,79109,1596,0.0,10516,1046,78063
8,79117,1596,0.0,10517,1046,78071
14,79131,1596,0.0,10518,1046,78085
9,79140,1596,0.0,10519,1046,78094
5,79145,1596,0.0,10520,1046,78099
6,79151,1596,0.0,10521,1046,78105
9,79160,1596,0.0,10522,1046,78114
3,79163,1596,0.0,10523,1046,78117
9,79172,1596,0.0,10524,1046,78126
7,79179,1597,1.0,10525,1046,78133
7,79186,1597,0.0,10526,1046,78140
5,79191,1597,0.0,10527,1046,78145
7,79198,1597,0.0,10528,1046,78152
7,79205,1598,1.0,10529,1046,78159
6,79211,1598,0.0,10530,1046,78165
3,79214,1598,0.0,10531,1046,78168
3,79217,1598,0.0,10532,1046,78171
8,79225,1598,0.0,10533,1046,78179
12,79237,1598,0.0,10534,1046,78191
4,79241,1598,0.0,10535,1046,78195
3,79244,1598,0.0,10536,1046,78198
2,79246,1598,0.0,10537,1046,78200
4,79250,1598,0.0,10538,1046,78204
4,79254,1598,0.0,10539,1046,78208
7,79261,1599,1.0,10540,1046,78215
5,79266,1599,0.0,10541,1046,78220
7,79273,1600,1.0,10542,1046,78227
7,79280,1601,1.0,10543,1046,78234
2,79282,1601,0.0,10544,1046,78236
5,79287,1601,0.0,10545,1046,78241
8,79295,1601,0.0,10546,1046,78249
7,79302,1601,0.0,10547,1046,78256
4,79306,1601,0.0,10548,1046,78260
10,79316,1601,0.0,10549,1046,78270
6,79322,1601,0.0,10550,1046,78276
14,79336,1601,0.0,10551,1046,78290
5,79341,1601,0.0,10552,1046,78295
2,79343,1601,0.0,10553,1046,78297
7,79350,1602,1.0,10554,1046,78304
12,79362,1602,0.0,10555,1046,78316
13,79375,1602,0.0,10556,1046,78329
7,79382,1603,1.0,10557,1046,78336
2,79384,1603,0.0,10558,1046,78338
5,79389,1603,0.0,10559,1046,78343
7,79396,1604,1.0,10560,1046,78350
4,79400,1604,0.0,10561,1046,78354
13,79413,1604,0.0,10562,1046,78367
10,79423,1604,0.0,10563,1046,78377
3,79426,1604,0.0,10564,1046,78380
9,79435,1604,0.0,10565,1046,78389
3,79438,1604,0.0,10566,1046,78392
6,79444,1604,0.0,10567,1046,78398
13,79457,1604,0.0,10568,1046,78411
9,79466,1604,0.0,10569,1046,78420
4,79470,1604,0.0,10570,1046,78424
11,79481,1604,0.0,10571,1046,78435
8,79489,1604,0.0,10572,1046,78443
10,79499,1604,0.0,10573,1046,78453
15,79514,1604,0.0,10574,1046,78468
7,79521,1605,1.0,10575,1046,78475
17,79538,1605,0.0,10576,1046,78492
4,79542,1605,0.0,10577,1046,78496
6,79548,1605,0.0,10578,1046,78502
3,79551,1605,0.0,10579,1046,78505
7,79558,1606,1.0,10580,1046,78512
7,79565,1606,0.0,10581,1046,78519
4,79569,1606,0.0,10582,1046,78523
7,79576,1607,1.0,10583,1046,78530
7,79583,1608,1.0,10584,1046,78537
7,79590,1609,1.0,10585,1046,78544
10,79600,1609,0.0,10586,1046,78554
2,79602,1609,0.0,10587,1046,78556
7,79609,1610,1.0,10588,1046,78563
10,79619,1610,0.0,10589,1046,78573
12,79631,1610,0.0,10590,1046,78585
9,79640,1610,0.0,10591,1046,78594
3,79643,1610,0.0,10592,1046,78597
9,79652,1610,0.0,10593,1046,78606
8,79660,1610,0.0,10594,1046,78614
12,79672,1610,0.0,10595,1046,78626
4,79676,1610,0.0,10596,1046,78630
23,79699,1610,0.0,10597,1046,78653
3,79702,1610,0.0,10598,1046,78656
7,79709,1611,1.0,10599,1046,78663
10,79719,1611,0.0,10600,1046,78673
10,79729,1611,0.0,10601,1046,78683
2,79731,1611,0.0,10602,1046,78685
8,79739,1611,0.0,10603,1046,78693
9,79748,1611,0.0,10604,1046,78702
10,79758,1611,0.0,10605,1046,78712
7,79765,1612,1.0,10606,1046,78719
8,79773,1612,0.0,10607,1046,78727
2,79775,1612,0.0,10608,1046,78729
3,79778,1612,0.0,10609,1046,78732
16,79794,1612,0.0,10610,1046,78748
12,79806,1612,0.0,10611,1046,78760
5,79811,1612,0.0,10612,1046,78765
7,79818,1613,1.0,10613,1046,78772
3,79821,1613,0.0,10614,1046,78775
10,79831,1613,0.0,10615,1046,78785
2,79833,1613,0.0,10616,1046,78787
11,79844,1613,0.0,10617,1046,78798
13,79857,1613,0.0,10618,1046,78811
3,79860,1613,0.0,10619,1046,78814
4,79864,1613,0.0,10620,1046,78818
5,79869,1613,0.0,10621,1046,78823
7,79876,1614,1.0,10622,1046,78830
12,79888,1614,0.0,10623,1046,78842
7,79895,1614,0.0,10624,1046,78849
2,79897,1614,0.0,10625,1046,78851
7,79904,1615,1.0,10626,1046,78858
3,79907,1615,0.0,10627,1046,78861
2,79909,1615,0.0,10628,1046,78863
18,79927,1615,0.0,10629,1046,78881
3,79930,1615,0.0,10630,1046,78884
4,79934,1615,0.0,10631,1046,78888
2,79936,1615,0.0,10632,1046,78890
7,79943,1616,1.0,10633,1046,78897
5,79948,1616,0.0,10634,1046,78902
16,79964,1616,0.0,10635,1046,78918
4,79968,1616,0.0,10636,1046,78922
7,79975,1617,1.0,10637,1046,78929
7,79982,1618,1.0,10638,1046,78936
2,79984,1618,0.0,10639,1046,78938
5,79989,1618,0.0,10640,1046,78943
10,79999,1618,0.0,10641,1046,78953
8,80007,1618,0.0,10642,1046,78961
5,80012,1618,0.0,10643,1046,78966
6,80018,1618,0.0,10644,1046,78972
7,80025,1618,0.0,10645,1046,78979
4,80029,1618,0.0,10646,1046,78983
12,80041,1618,0.0,10647,1046,78995
6,80047,1618,0.0,10648,1046,79001
2,80049,1618,0.0,10649,1046,79003
12,80061,1618,0.0,10650,1046,79015
6,80067,1618,0.0,10651,1046,79021
6,80073,1618,0.0,10652,1046,79027
10,80083,1618,0.0,10653,1046,79037
4,80087,1618,0.0,10654,1046,79041
2,80089,1618,0.0,10655,1046,79043
12,80101,1618,0.0,10656,1046,79055
10,80111,1618,0.0,10657,1046,79065
2,80113,1618,0.0,10658,1046,79067
3,80116,1618,0.0,10659,1046,79070
2,80118,1618,0.0,10660,1046,79072
11,80129,1619,1.0,10661,1046,79083
5,80134,1619,0.0,10662,1046,79088
4,80138,1619,0.0,10663,1046,79092
6,80144,1619,0.0,10664,1046,79098
4,80148,1619,0.0,10665,1046,79102
31,80179,1619,0.0,10666,1046,79133
10,80189,1619,0.0,10667,1046,79143
3,80192,1619,0.0,10668,1046,79146
2,80194,1619,0.0,10669,1046,79148
9,80203,1619,0.0,10670,1046,79157
7,80210,1619,0.0,10671,1046,79164
2,80212,1619,0.0,10672,1046,79166
4,80216,1619,0.0,10673,1046,79170
3,80219,1619,0.0,10674,1046,79173
7,80226,1620,1.0,10675,1046,79180
7,80233,1621,1.0,10676,1046,79187
3,80236,1621,0.0,10677,1046,79190
9,80245,1621,0.0,10678,1046,79199
6,80251,1621,0.0,10679,1046,79205
11,80262,1622,1.0,10680,1046,79216
4,80266,1622,0.0,10681,1046,79220
2,80268,1622,0.0,10682,1046,79222
4,80272,1622,0.0,10683,1046,79226
6,80278,1622,0.0,10684,1046,79232
6,80284,1622,0.0,10685,1046,79238
4,80288,1622,0.0,10686,1046,79242
10,80298,1622,0.0,10687,1046,79252
4,80302,1622,0.0,10688,1046,79256
2,80304,1622,0.0,10689,1046,79258
9,80313,1622,0.0,10690,1046,79267
7,80320,1623,1.0,10691,1046,79274
2,80322,1623,0.0,10692,1046,79276
9,80331,1623,0.0,10693,1046,79285
19,80350,1623,0.0,10694,1046,79304
5,80355,1623,0.0,10695,1046,79309
7,80362,1624,1.0,10696,1046,79316
2,80364,1624,0.0,10697,1046,79318
8,80372,1624,0.0,10698,1046,79326
4,80376,1624,0.0,10699,1046,79330
7,80383,1625,1.0,10700,1046,79337
3,80386,1625,0.0,10701,1046,79340
7,80393,1626,1.0,10702,1046,79347
7,80400,1627,1.0,10703,1046,79354
15,80415,1627,0.0,10704,1046,79369
3,80418,1627,0.0,10705,1046,79372
18,80436,1627,0.0,10706,1046,79390
5,80441,1627,0.0,10707,1046,79395
7,80448,1628,1.0,10708,1046,79402
7,80455,1629,1.0,10709,1046,79409
12,80467,1629,0.0,10710,1046,79421
7,80474,1629,0.0,10711,1046,79428
5,80479,1629,0.0,10712,1046,79433
6,80485,1629,0.0,10713,1046,79439
6,80491,1629,0.0,10714,1046,79445
7,80498,1630,1.0,10715,1046,79452
11,80509,1631,1.0,10716,1046,79463
5,80514,1631,0.0,10717,1046,79468
7,80521,1631,0.0,10718,1046,79475
10,80531,1631,0.0,10719,1046,79485
17,80548,1631,0.0,10720,1046,79502
10,80558,1631,0.0,10721,1046,79512
7,80565,1632,1.0,10722,1046,79519
22,80587,1632,0.0,10723,1046,79541
13,80600,1632,0.0,10724,1046,79554
2,80602,1632,0.0,10725,1046,79556
2,80604,1632,0.0,10726,1046,79558
4,80608,1632,0.0,10727,1046,79562
12,80620,1632,0.0,10728,1046,79574
17,80637,1632,0.0,10729,1046,79591
3,80640,1632,0.0,10730,1046,79594
9,80649,1632,0.0,10731,1046,79603
12,80661,1632,0.0,10732,1046,79615
6,80667,1632,0.0,10733,1046,79621
22,80689,1633,1.0,10734,1046,79643
7,80696,1634,1.0,10735,1046,79650
9,80705,1634,0.0,10736,1046,79659
5,80710,1634,0.0,10737,1046,79664
3,80713,1634,0.0,10738,1046,79667
3,80716,1634,0.0,10739,1046,79670
4,80720,1634,0.0,10740,1046,79674
8,80728,1634,0.0,10741,1046,79682
4,80732,1634,0.0,10742,1046,79686
2,80734,1634,0.0,10743,1046,79688
6,80740,1634,0.0,10744,1046,79694
8,80748,1634,0.0,10745,1046,79702
7,80755,1635,1.0,10746,1046,79709
11,80766,1636,1.0,10747,1046,79720
4,80770,1636,0.0,10748,1046,79724
7,80777,1637,1.0,10749,1046,79731
7,80784,1638,1.0,10750,1046,79738
7,80791,1639,1.0,10751,1046,79745
2,80793,1639,0.0,10752,1046,79747
6,80799,1639,0.0,10753,1046,79753
4,80803,1639,0.0,10754,1046,79757
9,80812,1639,0.0,10755,1046,79766
3,80815,1639,0.0,10756,1046,79769
13,80828,1639,0.0,10757,1046,79782
11,80839,1639,0.0,10758,1046,79793
7,80846,1640,1.0,10759,1046,79800
4,80850,1640,0.0,10760,1046,79804
14,80864,1640,0.0,10761,1046,79818
17,80881,1640,0.0,10762,1046,79835
9,80890,1640,0.0,10763,1046,79844
5,80895,1640,0.0,10764,1046,79849
9,80904,1640,0.0,10765,1046,79858
4,80908,1640,0.0,10766,1046,79862
4,80912,1640,0.0,10767,1046,79866
2,80914,1640,0.0,10768,1046,79868
7,80921,1641,1.0,10769,1046,79875
7,80928,1641,0.0,10770,1046,79882
3,80931,1641,0.0,10771,1046,79885
4,80935,1641,0.0,10772,1046,79889
7,80942,1642,1.0,10773,1046,79896
2,80944,1642,0.0,10774,1046,79898
9,80953,1642,0.0,10775,1046,79907
7,80960,1643,1.0,10776,1046,79914
7,80967,1644,1.0,10777,1046,79921
5,80972,1644,0.0,10778,1046,79926
4,80976,1644,0.0,10779,1046,79930
9,80985,1644,0.0,10780,1046,79939
7,80992,1645,1.0,10781,1046,79946
6,80998,1645,0.0,10782,1046,79952
5,81003,1645,0.0,10783,1046,79957
3,81006,1645,0.0,10784,1046,79960
12,81018,1645,0.0,10785,1046,79972
6,81024,1645,0.0,10786,1046,79978
2,81026,1645,0.0,10787,1046,79980
5,81031,1645,0.0,10788,1046,79985
5,81036,1645,0.0,10789,1046,79990
13,81049,1645,0.0,10790,1046,80003
2,81051,1645,0.0,10791,1046,80005
4,81055,1645,0.0,10792,1046,80009
7,81062,1646,1.0,10793,1046,80016
16,81078,1646,0.0,10794,1046,80032
8,81086,1646,0.0,10795,1046,80040
2,81088,1646,0.0,10796,1046,80042
4,81092,1646,0.0,10797,1046,80046
7,81099,1647,1.0,10798,1046,80053
5,81104,1647,0.0,10799,1046,80058
11,81115,1648,1.0,10800,1046,80069
4,81119,1648,0.0,10801,1046,80073
2,81121,1648,0.0,10802,1046,80075
6,81127,1648,0.0,10803,1046,80081
7,81134,1649,1.0,10804,1046,80088
14,81148,1649,0.0,10805,1046,80102
9,81157,1649,0.0,10806,1046,80111
4,81161,1649,0.0,10807,1046,80115
7,81168,1650,1.0,10808,1046,80122
4,81172,1650,0.0,10809,1046,80126
2,81174,1650,0.0,10810,1046,80128
2,81176,1650,0.0,10811,1046,80130
4,81180,1650,0.0,10812,1046,80134
8,81188,1650,0.0,10813,1046,80142
2,81190,1650,0.0,10814,1046,80144
3,81193,1650,0.0,10815,1046,80147
2,81195,1650,0.0,10816,1046,80149
5,81200,1650,0.0,10817,1046,80154
9,81209,1650,0.0,10818,1046,80163
7,81216,1651,1.0,10819,1046,80170
6,81222,1651,0.0,10820,1046,80176
10,81232,1651,0.0,10821,1046,80186
3,81235,1651,0.0,10822,1046,80189
11,81246,1651,0.0,10823,1046,80200
10,81256,1651,0.0,10824,1046,80210
2,81258,1651,0.0,10825,1046,80212
12,81270,1651,0.0,10826,1046,80224
35,81305,1651,0.0,10827,1046,80259
3,81308,1651,0.0,10828,1046,80262
16,81324,1651,0.0,10829,1046,80278
3,81327,1651,0.0,10830,1046,80281
6,81333,1651,0.0,10831,1046,80287
11,81344,1651,0.0,10832,1046,80298
7,81351,1651,0.0,10833,1046,80305
15,81366,1651,0.0,10834,1046,80320
8,81374,1651,0.0,10835,1046,80328
3,81377,1651,0.0,10836,1046,80331
4,81381,1651,0.0,10837,1046,80335
3,81384,1651,0.0,10838,1046,80338
9,81393,1651,0.0,10839,1046,80347
10,81403,1651,0.0,10840,1046,80357
2,81405,1651,0.0,10841,1046,80359
7,81412,1652,1.0,10842,1046,80366
7,81419,1653,1.0,10843,1046,80373
4,81423,1653,0.0,10844,1046,80377
8,81431,1653,0.0,10845,1046,80385
12,81443,1653,0.0,10846,1046,80397
7,81450,1654,1.0,10847,1046,80404
3,81453,1654,0.0,10848,1046,80407
4,81457,1654,0.0,10849,1046,80411
9,81466,1654,0.0,10850,1046,80420
3,81469,1654,0.0,10851,1046,80423
3,81472,1654,0.0,10852,1046,80426
12,81484,1654,0.0,10853,1046,80438
19,81503,1654,0.0,10854,1046,80457
6,81509,1654,0.0,10855,1046,80463
5,81514,1654,0.0,10856,1046,80468
7,81521,1655,1.0,10857,1046,80475
7,81528,1656,1.0,10858,1046,80482
10,81538,1656,0.0,10859,1046,80492
6,81544,1656,0.0,10860,1046,80498
7,81551,1657,1.0,10861,1046,80505
7,81558,1658,1.0,10862,1046,80512
12,81570,1658,0.0,10863,1046,80524
7,81577,1659,1.0,10864,1046,80531
3,81580,1659,0.0,10865,1046,80534
7,81587,1660,1.0,10866,1046,80541
4,81591,1660,0.0,10867,1046,80545
9,81600,1660,0.0,10868,1046,80554
7,81607,1661,1.0,10869,1046,80561
2,81609,1661,0.0,10870,1046,80563
9,81618,1661,0.0,10871,1046,80572
7,81625,1662,1.0,10872,1046,80579
12,81637,1662,0.0,10873,1046,80591
16,81653,1662,0.0,10874,1046,80607
12,81665,1662,0.0,10875,1046,80619
10,81675,1662,0.0,10876,1046,80629
3,81678,1662,0.0,10877,1046,80632
6,81684,1662,0.0,10878,1046,80638
7,81691,1662,0.0,10879,1046,80645
7,81698,1663,1.0,10880,1046,80652
7,81705,1664,1.0,10881,1046,80659
7,81712,1664,0.0,10882,1046,80666
9,81721,1664,0.0,10883,1046,80675
4,81725,1664,0.0,10884,1046,80679
4,81729,1664,0.0,10885,1046,80683
9,81738,1664,0.0,10886,1046,80692
17,81755,1664,0.0,10887,1046,80709
3,81758,1664,0.0,10888,1046,80712
8,81766,1664,0.0,10889,1046,80720
10,81776,1664,0.0,10890,1046,80730
2,81778,1664,0.0,10891,1046,80732
7,81785,1665,1.0,10892,1046,80739
2,81787,1665,0.0,10893,1046,80741
7,81794,1666,1.0,10894,1046,80748
9,81803,1666,0.0,10895,1046,80757
2,81805,1666,0.0,10896,1046,80759
9,81814,1666,0.0,10897,1046,80768
7,81821,1667,1.0,10898,1046,80775
7,81828,1668,1.0,10899,1046,80782
10,81838,1668,0.0,10900,1046,80792
11,81849,1669,1.0,10901,1046,80803
3,81852,1669,0.0,10902,1046,80806
14,81866,1669,0.0,10903,1046,80820
9,81875,1669,0.0,10904,1046,80829
4,81879,1669,0.0,10905,1046,80833
6,81885,1669,0.0,10906,1046,80839
2,81887,1669,0.0,10907,1046,80841
7,81894,1670,1.0,10908,1046,80848
2,81896,1670,0.0,10909,1046,80850
5,81901,1670,0.0,10910,1046,80855
12,81913,1670,0.0,10911,1046,80867
6,81919,1670,0.0,10912,1046,80873
7,81926,1671,1.0,10913,1046,80880
2,81928,1671,0.0,10914,1046,80882
2,81930,1671,0.0,10915,1046,80884
4,81934,1671,0.0,10916,1046,80888
7,81941,1672,1.0,10917,1046,80895
12,81953,1672,0.0,10918,1046,80907
7,81960,1673,1.0,10919,1046,80914
15,81975,1673,0.0,10920,1046,80929
2,81977,1673,0.0,10921,1046,80931
5,81982,1673,0.0,10922,1046,80936
7,81989,1673,0.0,10923,1046,80943
7,81996,1674,1.0,10924,1046,80950
7,82003,1675,1.0,10925,1046,80957
9,82012,1675,0.0,10926,1046,80966
5,82017,1675,0.0,10927,1046,80971
17,82034,1675,0.0,10928,1046,80988
7,82041,1675,0.0,10929,1046,80995
2,82043,1675,0.0,10930,1046,80997
4,82047,1675,0.0,10931,1046,81001
7,82054,1676,1.0,10932,1046,81008
3,82057,1676,0.0,10933,1046,81011
9,82066,1676,0.0,10934,1046,81020
6,82072,1676,0.0,10935,1046,81026
9,82081,1676,0.0,10936,1046,81035
6,82087,1676,0.0,10937,1046,81041
12,82099,1676,0.0,10938,1046,81053
17,82116,1676,0.0,10939,1046,81070
7,82123,1676,0.0,10940,1046,81077
7,82130,1677,1.0,10941,1046,81084
4,82134,1677,0.0,10942,1046,81088
35,82169,1677,0.0,10943,1046,81123
5,82174,1677,0.0,10944,1046,81128
3,82177,1677,0.0,10945,1046,81131
2,82179,1677,0.0,10946,1046,81133
7,82186,1677,0.0,10947,1046,81140
7,82193,1677,0.0,10948,1046,81147
7,82200,1678,1.0,10949,1046,81154
11,82211,1679,1.0,10950,1046,81165
8,82219,1679,0.0,10951,1046,81173
4,82223,1679,0.0,10952,1046,81177
3,82226,1679,0.0,10953,1046,81180
6,82232,1679,0.0,10954,1046,81186
10,82242,1679,0.0,10955,1046,81196
7,82249,1680,1.0,10956,1046,81203
7,82256,1681,1.0,10957,1046,81210
9,82265,1681,0.0,10958,1046,81219
3,82268,1681,0.0,10959,1046,81222
10,82278,1681,0.0,10960,1046,81232
7,82285,1682,1.0,10961,1046,81239
9,82294,1682,0.0,10962,1046,81248
23,82317,1682,0.0,10963,1046,81271
2,82319,1682,0.0,10964,1046,81273
4,82323,1682,0.0,10965,1046,81277
7,82330,1683,1.0,10966,1046,81284
7,82337,1684,1.0,10967,1046,81291
7,82344,1685,1.0,10968,1046,81298
2,82346,1685,0.0,10969,1046,81300
7,82353,1686,1.0,10970,1046,81307
2,82355,1686,0.0,10971,1046,81309
7,82362,1686,0.0,10972,1046,81316
3,82365,1686,0.0,10973,1046,81319
4,82369,1686,0.0,10974,1046,81323
7,82376,1686,0.0,10975,1046,81330
8,82384,1686,0.0,10976,1046,81338
3,82387,1686,0.0,10977,1046,81341
9,82396,1686,0.0,10978,1046,81350
4,82400,1686,0.0,10979,1046,81354
8,82408,1686,0.0,10980,1046,81362
12,82420,1686,0.0,10981,1046,81374
6,82426,1686,0.0,10982,1046,81380
12,82438,1686,0.0,10983,1046,81392
4,82442,1686,0.0,10984,1046,81396
6,82448,1686,0.0,10985,1046,81402
6,82454,1686,0.0,10986,1046,81408
7,82461,1687,1.0,10987,1046,81415
23,82484,1687,0.0,10988,1046,81438
2,82486,1687,0.0,10989,1046,81440
4,82490,1687,0.0,10990,1046,81444
10,82500,1687,0.0,10991,1046,81454
10,82510,1687,0.0,10992,1046,81464
4,82514,1687,0.0,10993,1046,81468
7,82521,1688,1.0,10994,1046,81475
2,82523,1688,0.0,10995,1046,81477
11,82534,1688,0.0,10996,1046,81488
6,82540,1688,0.0,10997,1046,81494
7,82547,1689,1.0,10998,1046,81501
7,82554,1690,1.0,10999,1046,81508
12,82566,1690,0.0,11000,1046,81520
10,82576,1690,0.0,11001,1046,81530
10,82586,1690,0.0,11002,1046,81540
9,82595,1690,0.0,11003,1046,81549
10,82605,1690,0.0,11004,1046,81559
4,82609,1690,0.0,11005,1046,81563
8,82617,1690,0.0,11006,1046,81571
3,82620,1690,0.0,11007,1046,81574
11,82631,1691,1.0,11008,1046,81585
3,82634,1691,0.0,11009,1046,81588
4,82638,1691,0.0,11010,1046,81592
5,82643,1691,0.0,11011,1046,81597
4,82647,1691,0.0,11012,1046,81601
4,82651,1691,0.0,11013,1046,81605
3,82654,1691,0.0,11014,1046,81608
2,82656,1691,0.0,11015,1046,81610
14,82670,1691,0.0,11016,1046,81624
2,82672,1691,0.0,11017,1046,81626
4,82676,1691,0.0,11018,1046,81630
9,82685,1691,0.0,11019,1046,81639
6,82691,1691,0.0,11020,1046,81645
3,82694,1691,0.0,11021,1046,81648
10,82704,1691,0.0,11022,1046,81658
4,82708,1691,0.0,11023,1046,81662
7,82715,1691,0.0,11024,1046,81669
3,82718,1691,0.0,11025,1046,81672
11,82729,1692,1.0,11026,1046,81683
7,82736,1692,0.0,11027,1046,81690
12,82748,1692,0.0,11028,1046,81702
6,82754,1692,0.0,11029,1046,81708
7,82761,1692,0.0,11030,1046,81715
9,82770,1692,0.0,11031,1046,81724
15,82785,1693,1.0,11032,1046,81739
7,82792,1694,1.0,11033,1046,81746
21,82813,1694,0.0,11034,1046,81767
14,82827,1694,0.0,11035,1046,81781
2,82829,1694,0.0,11036,1046,81783
2,82831,1694,0.0,11037,1046,81785
7,82838,1695,1.0,11038,1046,81792
9,82847,1695,0.0,11039,1046,81801
4,82851,1695,0.0,11040,1046,81805
10,82861,1695,0.0,11041,1046,81815
7,82868,1696,1.0,11042,1046,81822
4,82872,1696,0.0,11043,1046,81826
7,82879,1697,1.0,11044,1046,81833
4,82883,1697,0.0,11045,1046,81837
6,82889,1697,0.0,11046,1046,81843
9,82898,1697,0.0,11047,1046,81852
4,82902,1697,0.0,11048,1046,81856
9,82911,1697,0.0,11049,1046,81865
5,82916,1697,0.0,11050,1046,81870
7,82923,1698,1.0,11051,1046,81877
8,82931,1698,0.0,11052,1046,81885
7,82938,1699,1.0,11053,1046,81892
13,82951,1699,0.0,11054,1046,81905
7,82958,1700,1.0,11055,1046,81912
4,82962,1700,0.0,11056,1046,81916
2,82964,1700,0.0,11057,1046,81918
4,82968,1700,0.0,11058,1046,81922
3,82971,1700,0.0,11059,1046,81925
4,82975,1700,0.0,11060,1046,81929
4,82979,1700,0.0,11061,1046,81933
7,82986,1701,1.0,11062,1046,81940
3,82989,1701,0.0,11063,1046,81943
11,83000,1701,0.0,11064,1046,81954
4,83004,1701,0.0,11065,1046,81958
4,83008,1701,0.0,11066,1046,81962
4,83012,1701,0.0,11067,1046,81966
4,83016,1701,0.0,11068,1046,81970
18,83034,1701,0.0,11069,1046,81988
7,83041,1702,1.0,11070,1046,81995
7,83048,1703,1.0,11071,1046,82002
10,83058,1703,0.0,11072,1046,82012
5,83063,1703,0.0,11073,1046,82017
2,83065,1703,0.0,11074,1046,82019
7,83072,1704,1.0,11075,1046,82026
10,83082,1704,0.0,11076,1046,82036
5,83087,1704,0.0,11077,1046,82041
7,83094,1705,1.0,11078,1046,82048
7,83101,1706,1.0,11079,1046,82055
12,83113,1706,0.0,11080,1046,82067
7,83120,1707,1.0,11081,1046,82074
12,83132,1707,0.0,11082,1046,82086
10,83142,1707,0.0,11083,1046,82096
7,83149,1708,1.0,11084,1046,82103
10,83159,1708,0.0,11085,1046,82113
7,83166,1709,1.0,11086,1046,82120
3,83169,1709,0.0,11087,1046,82123
10,83179,1709,0.0,11088,1046,82133
8,83187,1709,0.0,11089,1046,82141
4,83191,1709,0.0,11090,1046,82145
9,83200,1709,0.0,11091,1046,82154
17,83217,1709,0.0,11092,1046,82171
8,83225,1709,0.0,11093,1046,82179
9,83234,1709,0.0,11094,1046,82188
8,83242,1709,0.0,11095,1046,82196
7,83249,1710,1.0,11096,1046,82203
3,83252,1710,0.0,11097,1046,82206
6,83258,1710,0.0,11098,1046,82212
6,83264,1710,0.0,11099,1046,82218
9,83273,1710,0.0,11100,1046,82227
9,83282,1710,0.0,11101,1046,82236
2,83284,1710,0.0,11102,1046,82238
7,83291,1711,1.0,11103,1046,82245
3,83294,1711,0.0,11104,1046,82248
4,83298,1711,0.0,11105,1046,82252
7,83305,1712,1.0,11106,1046,82259
6,83311,1712,0.0,11107,1046,82265
9,83320,1712,0.0,11108,1046,82274
2,83322,1712,0.0,11109,1046,82276
4,83326,1712,0.0,11110,1046,82280
7,83333,1713,1.0,11111,1046,82287
7,83340,1713,0.0,11112,1046,82294
5,83345,1713,0.0,11113,1046,82299
7,83352,1714,1.0,11114,1046,82306
10,83362,1714,0.0,11115,1046,82316
13,83375,1714,0.0,11116,1046,82329
6,83381,1714,0.0,11117,1046,82335
7,83388,1715,1.0,11118,1046,82342
9,83397,1715,0.0,11119,1046,82351
5,83402,1715,0.0,11120,1046,82356
4,83406,1715,0.0,11121,1046,82360
2,83408,1715,0.0,11122,1046,82362
3,83411,1715,0.0,11123,1046,82365
10,83421,1715,0.0,11124,1046,82375
2,83423,1715,0.0,11125,1046,82377
3,83426,1715,0.0,11126,1046,82380
2,83428,1715,0.0,11127,1046,82382
5,83433,1715,0.0,11128,1046,82387
3,83436,1715,0.0,11129,1046,82390
6,83442,1715,0.0,11130,1046,82396
6,83448,1715,0.0,11131,1046,82402
10,83458,1715,0.0,11132,1046,82412
9,83467,1715,0.0,11133,1046,82421
7,83474,1716,1.0,11134,1046,82428
3,83477,1716,0.0,11135,1046,82431
5,83482,1716,0.0,11136,1046,82436
9,83491,1716,0.0,11137,1046,82445
9,83500,1716,0.0,11138,1046,82454
32,83532,1716,0.0,11139,1046,82486
6,83538,1716,0.0,11140,1046,82492
8,83546,1716,0.0,11141,1046,82500
11,83557,1717,1.0,11142,1046,82511
8,83565,1717,0.0,11143,1046,82519
9,83574,1717,0.0,11144,1046,82528
2,83576,1717,0.0,11145,1046,82530
7,83583,1718,1.0,11146,1046,82537
7,83590,1719,1.0,11147,1046,82544
4,83594,1719,0.0,11148,1046,82548
5,83599,1719,0.0,11149,1046,82553
15,83614,1719,0.0,11150,1046,82568
2,83616,1719,0.0,11151,1046,82570
2,83618,1719,0.0,11152,1046,82572
25,83643,1719,0.0,11153,1046,82597
9,83652,1719,0.0,11154,1046,82606
16,83668,1719,0.0,11155,1046,82622
3,83671,1719,0.0,11156,1046,82625
11,83682,1719,0.0,11157,1046,82636
11,83693,1719,0.0,11158,1046,82647
3,83696,1719,0.0,11159,1046,82650
13,83709,1719,0.0,11160,1046,82663
7,83716,1719,0.0,11161,1046,82670
5,83721,1719,0.0,11162,1046,82675
9,83730,1719,0.0,11163,1046,82684
6,83736,1719,0.0,11164,1046,82690
4,83740,1719,0.0,11165,1046,82694
4,83744,1719,0.0,11166,1046,82698
4,83748,1719,0.0,11167,1046,82702
9,83757,1719,0.0,11168,1046,82711
2,83759,1719,0.0,11169,1046,82713
6,83765,1719,0.0,11170,1046,82719
7,83772,1720,1.0,11171,1046,82726
4,83776,1720,0.0,11172,1046,82730
7,83783,1721,1.0,11173,1046,82737
4,83787,1721,0.0,11174,1046,82741
7,83794,1721,0.0,11175,1046,82748
9,83803,1721,0.0,11176,1046,82757
7,83810,1722,1.0,11177,1046,82764
7,83817,1722,0.0,11178,1046,82771
10,83827,1722,0.0,11179,1046,82781
4,83831,1722,0.0,11180,1046,82785
27,83858,1722,0.0,11181,1046,82812
6,83864,1722,0.0,11182,1046,82818
2,83866,1722,0.0,11183,1046,82820
8,83874,1722,0.0,11184,1046,82828
3,83877,1722,0.0,11185,1046,82831
2,83879,1722,0.0,11186,1046,82833
9,83888,1722,0.0,11187,1046,82842
4,83892,1722,0.0,11188,1046,82846
4,83896,1722,0.0,11189,1046,82850
6,83902,1722,0.0,11190,1046,82856
12,83914,1722,0.0,11191,1046,82868
11,83925,1722,0.0,11192,1046,82879
2,83927,1722,0.0,11193,1046,82881
7,83934,1723,1.0,11194,1046,82888
10,83944,1723,0.0,11195,1046,82898
7,83951,1724,1.0,11196,1046,82905
7,83958,1724,0.0,11197,1046,82912
10,83968,1724,0.0,11198,1046,82922
18,83986,1724,0.0,11199,1046,82940
14,84000,1724,0.0,11200,1046,82954
7,84007,1724,0.0,11201,1046,82961
7,84014,1725,1.0,11202,1046,82968
7,84021,1726,1.0,11203,1046,82975
7,84028,1726,0.0,11204,1046,82982
2,84030,1726,0.0,11205,1046,82984
16,84046,1726,0.0,11206,1046,83000
3,84049,1726,0.0,11207,1046,83003
7,84056,1727,1.0,11208,1046,83010
8,84064,1727,0.0,11209,1046,83018
9,84073,1727,0.0,11210,1046,83027
7,84080,1728,1.0,11211,1046,83034
10,84090,1728,0.0,11212,1046,83044
11,84101,1729,1.0,11213,1046,83055
7,84108,1730,1.0,11214,1046,83062
7,84115,1731,1.0,11215,1046,83069
9,84124,1731,0.0,11216,1046,83078
7,84131,1732,1.0,11217,1046,83085
10,84141,1732,0.0,11218,1046,83095
6,84147,1732,0.0,11219,1046,83101
4,84151,1732,0.0,11220,1046,83105
9,84160,1732,0.0,11221,1046,83114
7,84167,1733,1.0,11222,1046,83121
2,84169,1733,0.0,11223,1046,83123
8,84177,1733,0.0,11224,1046,83131
10,84187,1733,0.0,11225,1046,83141
4,84191,1733,0.0,11226,1046,83145
3,84194,1733,0.0,11227,1046,83148
15,84209,1733,0.0,11228,1046,83163
3,84212,1733,0.0,11229,1046,83166
3,84215,1733,0.0,11230,1046,83169
10,84225,1733,0.0,11231,1046,83179
2,84227,1733,0.0,11232,1046,83181
2,84229,1733,0.0,11233,1046,83183
14,84243,1733,0.0,11234,1046,83197
13,84256,1733,0.0,11235,1046,83210
4,84260,1733,0.0,11236,1046,83214
2,84262,1733,0.0,11237,1046,83216
3,84265,1733,0.0,11238,1046,83219
3,84268,1733,0.0,11239,1046,83222
3,84271,1733,0.0,11240,1046,83225
9,84280,1733,0.0,11241,1046,83234
7,84287,1734,1.0,11242,1046,83241
3,84290,1734,0.0,11243,1046,83244
18,84308,1734,0.0,11244,1046,83262
2,84310,1734,0.0,11245,1046,83264
4,84314,1734,0.0,11246,1046,83268
5,84319,1734,0.0,11247,1046,83273
7,84326,1735,1.0,11248,1046,83280
7,84333,1736,1.0,11249,1046,83287
5,84338,1736,0.0,11250,1046,83292
16,84354,1736,0.0,11251,1046,83308
11,84365,1736,0.0,11252,1046,83319
6,84371,1736,0.0,11253,1046,83325
11,84382,1737,1.0,11254,1046,83336
12,84394,1737,0.0,11255,1046,83348
7,84401,1738,1.0,11256,1046,83355
6,84407,1738,0.0,11257,1046,83361
4,84411,1738,0.0,11258,1046,83365
3,84414,1738,0.0,11259,1046,83368
9,84423,1738,0.0,11260,1046,83377
4,84427,1738,0.0,11261,1046,83381
8,84435,1738,0.0,11262,1046,83389
7,84442,1738,0.0,11263,1046,83396
2,84444,1738,0.0,11264,1046,83398
11,84455,1739,1.0,11265,1046,83409
7,84462,1740,1.0,11266,1046,83416
5,84467,1740,0.0,11267,1046,83421
6,84473,1740,0.0,11268,1046,83427
24,84497,1740,0.0,11269,1046,83451
6,84503,1740,0.0,11270,1046,83457
4,84507,1740,0.0,11271,1046,83461
9,84516,1740,0.0,11272,1046,83470
6,84522,1740,0.0,11273,1046,83476
5,84527,1740,0.0,11274,1046,83481
2,84529,1740,0.0,11275,1046,83483
18,84547,1740,0.0,11276,1046,83501
4,84551,1740,0.0,11277,1046,83505
2,84553,1740,0.0,11278,1046,83507
17,84570,1740,0.0,11279,1046,83524
10,84580,1740,0.0,11280,1046,83534
6,84586,1740,0.0,11281,1046,83540
2,84588,1740,0.0,11282,1046,83542
17,84605,1740,0.0,11283,1046,83559
22,84627,1740,0.0,11284,1046,83581
5,84632,1740,0.0,11285,1046,83586
7,84639,1741,1.0,11286,1046,83593
2,84641,1741,0.0,11287,1046,83595
5,84646,1741,0.0,11288,1046,83600
10,84656,1741,0.0,11289,1046,83610
7,84663,1741,0.0,11290,1046,83617
2,84665,1741,0.0,11291,1046,83619
8,84673,1741,0.0,11292,1046,83627
21,84694,1741,0.0,11293,1046,83648
2,84696,1741,0.0,11294,1046,83650
9,84705,1741,0.0,11295,1046,83659
8,84713,1741,0.0,11296,1046,83667
15,84728,1741,0.0,11297,1046,83682
2,84730,1741,0.0,11298,1046,83684
10,84740,1741,0.0,11299,1046,83694
11,84751,1742,1.0,11300,1046,83705
7,84758,1743,1.0,11301,1046,83712
10,84768,1743,0.0,11302,1046,83722
4,84772,1743,0.0,11303,1046,83726
8,84780,1743,0.0,11304,1046,83734
3,84783,1743,0.0,11305,1046,83737
7,84790,1744,1.0,11306,1046,83744
5,84795,1744,0.0,11307,1046,83749
10,84805,1744,0.0,11308,1046,83759
7,84812,1744,0.0,11309,1046,83766
5,84817,1744,0.0,11310,1046,83771
7,84824,1745,1.0,11311,1046,83778
7,84831,1746,1.0,11312,1046,83785
7,84838,1747,1.0,11313,1046,83792
8,84846,1747,0.0,11314,1046,83800
3,84849,1747,0.0,11315,1046,83803
10,84859,1747,0.0,11316,1046,83813
7,84866,1748,1.0,11317,1046,83820
18,84884,1748,0.0,11318,1046,83838
20,84904,1748,0.0,11319,1046,83858
6,84910,1748,0.0,11320,1046,83864
20,84930,1748,0.0,11321,1046,83884
5,84935,1748,0.0,11322,1046,83889
7,84942,1749,1.0,11323,1046,83896
7,84949,1750,1.0,11324,1046,83903
7,84956,1751,1.0,11325,1046,83910
2,84958,1751,0.0,11326,1046,83912
4,84962,1751,0.0,11327,1046,83916
6,84968,1751,0.0,11328,1046,83922
7,84975,1752,1.0,11329,1046,83929
4,84979,1752,0.0,11330,1046,83933
2,84981,1752,0.0,11331,1046,83935
5,84986,1752,0.0,11332,1046,83940
3,84989,1752,0.0,11333,1046,83943
2,84991,1752,0.0,11334,1046,83945
8,84999,1752,0.0,11335,1046,83953
4,85003,1752,0.0,11336,1046,83957
4,85007,1752,0.0,11337,1046,83961
9,85016,1752,0.0,11338,1046,83970
7,85023,1753,1.0,11339,1046,83977
11,85034,1754,1.0,11340,1046,83988
2,85036,1754,0.0,11341,1046,83990
2,85038,1754,0.0,11342,1046,83992
7,85045,1755,1.0,11343,1046,83999
4,85049,1755,0.0,11344,1046,84003
4,85053,1755,0.0,11345,1046,84007
7,85060,1756,1.0,11346,1046,84014
4,85064,1756,0.0,11347,1046,84018
4,85068,1756,0.0,11348,1046,84022
9,85077,1756,0.0,11349,1046,84031
12,85089,1756,0.0,11350,1046,84043
12,85101,1756,0.0,11351,1046,84055
4,85105,1756,0.0,11352,1046,84059
13,85118,1756,0.0,11353,1046,84072
4,85122,1756,0.0,11354,1046,84076
2,85124,1756,0.0,11355,1046,84078
4,85128,1756,0.0,11356,1046,84082
4,85132,1756,0.0,11357,1046,84086
6,85138,1756,0.0,11358,1046,84092
4,85142,1756,0.0,11359,1046,84096
7,85149,1757,1.0,11360,1046,84103
7,85156,1758,1.0,11361,1046,84110
5,85161,1758,0.0,11362,1046,84115
3,85164,1758,0.0,11363,1046,84118
10,85174,1758,0.0,11364,1046,84128
19,85193,1758,0.0,11365,1046,84147
4,85197,1758,0.0,11366,1046,84151
6,85203,1758,0.0,11367,1046,84157
3,85206,1758,0.0,11368,1046,84160
3,85209,1758,0.0,11369,1046,84163
5,85214,1758,0.0,11370,1046,84168
5,85219,1758,0.0,11371,1046,84173
7,85226,1759,1.0,11372,1046,84180
14,85240,1759,0.0,11373,1046,84194
2,85242,1759,0.0,11374,1046,84196
9,85251,1759,0.0,11375,1046,84205
3,85254,1759,0.0,11376,1046,84208
9,85263,1759,0.0,11377,1046,84217
5,85268,1759,0.0,11378,1046,84222
6,85274,1759,0.0,11379,1046,84228
2,85276,1759,0.0,11380,1046,84230
7,85283,1760,1.0,11381,1046,84237
3,85286,1760,0.0,11382,1046,84240
3,85289,1760,0.0,11383,1046,84243
20,85309,1760,0.0,11384,1046,84263
10,85319,1760,0.0,11385,1046,84273
2,85321,1760,0.0,11386,1046,84275
13,85334,1760,0.0,11387,1046,84288
7,85341,1761,1.0,11388,1046,84295
27,85368,1761,0.0,11389,1046,84322
3,85371,1761,0.0,11390,1046,84325
7,85378,1762,1.0,11391,1046,84332
12,85390,1762,0.0,11392,1046,84344
17,85407,1762,0.0,11393,1046,84361
10,85417,1762,0.0,11394,1046,84371
5,85422,1762,0.0,11395,1046,84376
4,85426,1762,0.0,11396,1046,84380
7,85433,1763,1.0,11397,1046,84387
4,85437,1763,0.0,11398,1046,84391
8,85445,1763,0.0,11399,1046,84399
13,85458,1763,0.0,11400,1046,84412
8,85466,1763,0.0,11401,1046,84420
2,85468,1763,0.0,11402,1046,84422
12,85480,1763,0.0,11403,1046,84434
14,85494,1763,0.0,11404,1046,84448
2,85496,1763,0.0,11405,1046,84450
6,85502,1763,0.0,11406,1046,84456
32,85534,1763,0.0,11407,1046,84488
3,85537,1763,0.0,11408,1046,84491
9,85546,1763,0.0,11409,1046,84500
7,85553,1764,1.0,11410,1046,84507
10,85563,1764,0.0,11411,1046,84517
3,85566,1764,0.0,11412,1046,84520
17,85583,1764,0.0,11413,1046,84537
2,85585,1764,0.0,11414,1046,84539
28,85613,1764,0.0,11415,1046,84567
2,85615,1764,0.0,11416,1046,84569
6,85621,1764,0.0,11417,1046,84575
6,85627,1764,0.0,11418,1046,84581
7,85634,1764,0.0,11419,1046,84588
12,85646,1764,0.0,11420,1046,84600
4,85650,1764,0.0,11421,1046,84604
7,85657,1765,1.0,11422,1046,84611
7,85664,1766,1.0,11423,1046,84618
5,85669,1766,0.0,11424,1046,84623
11,85680,1767,1.0,11425,1046,84634
13,85693,1767,0.0,11426,1046,84647
3,85696,1767,0.0,11427,1046,84650
8,85704,1767,0.0,11428,1046,84658
13,85717,1767,0.0,11429,1046,84671
9,85726,1767,0.0,11430,1046,84680
6,85732,1767,0.0,11431,1046,84686
4,85736,1767,0.0,11432,1046,84690
3,85739,1767,0.0,11433,1046,84693
4,85743,1767,0.0,11434,1046,84697
7,85750,1768,1.0,11435,1046,84704
6,85756,1768,0.0,11436,1046,84710
9,85765,1768,0.0,11437,1046,84719
4,85769,1768,0.0,11438,1046,84723
4,85773,1768,0.0,11439,1046,84727
2,85775,1768,0.0,11440,1046,84729
7,85782,1769,1.0,11441,1046,84736
4,85786,1769,0.0,11442,1046,84740
6,85792,1769,0.0,11443,1046,84746
7,85799,1769,0.0,11444,1046,84753
2,85801,1769,0.0,11445,1046,84755
5,85806,1769,0.0,11446,1046,84760
11,85817,1769,0.0,11447,1046,84771
2,85819,1769,0.0,11448,1046,84773
15,85834,1770,1.0,11449,1046,84788
12,85846,1770,0.0,11450,1046,84800
9,85855,1770,0.0,11451,1046,84809
9,85864,1770,0.0,11452,1046,84818
2,85866,1770,0.0,11453,1046,84820
2,85868,1770,0.0,11454,1046,84822
6,85874,1770,0.0,11455,1046,84828
7,85881,1771,1.0,11456,1046,84835
10,85891,1771,0.0,11457,1046,84845
12,85903,1771,0.0,11458,1046,84857
8,85911,1771,0.0,11459,1046,84865
2,85913,1771,0.0,11460,1046,84867
4,85917,1771,0.0,11461,1046,84871
9,85926,1771,0.0,11462,1046,84880
8,85934,1771,0.0,11463,1046,84888
2,85936,1771,0.0,11464,1046,84890
7,85943,1772,1.0,11465,1046,84897
2,85945,1772,0.0,11466,1046,84899
2,85947,1772,0.0,11467,1046,84901
5,85952,1772,0.0,11468,1046,84906
9,85961,1772,0.0,11469,1046,84915
12,85973,1772,0.0,11470,1046,84927
5,85978,1772,0.0,11471,1046,84932
6,85984,1772,0.0,11472,1046,84938
4,85988,1772,0.0,11473,1046,84942
3,85991,1772,0.0,11474,1046,84945
3,85994,1772,0.0,11475,1046,84948
10,86004,1772,0.0,11476,1046,84958
21,86025,1772,0.0,11477,1046,84979
2,86027,1772,0.0,11478,1046,84981
8,86035,1772,0.0,11479,1046,84989
10,86045,1772,0.0,11480,1046,84999
11,86056,1772,0.0,11481,1046,85010
4,86060,1772,0.0,11482,1046,85014
4,86064,1772,0.0,11483,1046,85018
4,86068,1772,0.0,11484,1046,85022
2,86070,1772,0.0,11485,1046,85024
2,86072,1772,0.0,11486,1046,85026
7,86079,1773,1.0,11487,1046,85033
19,86098,1773,0.0,11488,1046,85052
7,86105,1774,1.0,11489,1046,85059
7,86112,1774,0.0,11490,1046,85066
13,86125,1774,0.0,11491,1046,85079
2,86127,1774,0.0,11492,1046,85081
10,86137,1774,0.0,11493,1046,85091
7,86144,1774,0.0,11494,1046,85098
2,86146,1774,0.0,11495,1046,85100
13,86159,1774,0.0,11496,1046,85113
4,86163,1774,0.0,11497,1046,85117
7,86170,1774,0.0,11498,1046,85124
13,86183,1774,0.0,11499,1046,85137
7,86190,1775,1.0,11500,1046,85144
5,86195,1775,0.0,11501,1046,85149
7,86202,1776,1.0,11502,1046,85156
7,86209,1777,1.0,11503,1046,85163
2,86211,1777,0.0,11504,1046,85165
4,86215,1777,0.0,11505,1046,85169
18,86233,1777,0.0,11506,1046,85187
7,86240,1778,1.0,11507,1046,85194
2,86242,1778,0.0,11508,1046,85196
7,86249,1778,0.0,11509,1046,85203
3,86252,1778,0.0,11510,1046,85206
7,86259,1779,1.0,11511,1046,85213
4,86263,1779,0.0,11512,1046,85217
7,86270,1780,1.0,11513,1046,85224
7,86277,1781,1.0,11514,1046,85231
7,86284,1781,0.0,11515,1046,85238
5,86289,1781,0.0,11516,1046,85243
7,86296,1782,1.0,11517,1046,85250
2,86298,1782,0.0,11518,1046,85252
5,86303,1782,0.0,11519,1046,85257
18,86321,1782,0.0,11520,1046,85275
3,86324,1782,0.0,11521,1046,85278
2,86326,1782,0.0,11522,1046,85280
2,86328,1782,0.0,11523,1046,85282
3,86331,1782,0.0,11524,1046,85285
7,86338,1783,1.0,11525,1046,85292
5,86343,1783,0.0,11526,1046,85297
18,86361,1783,0.0,11527,1046,85315
6,86367,1783,0.0,11528,1046,85321
19,86386,1783,0.0,11529,1046,85340
2,86388,1783,0.0,11530,1046,85342
7,86395,1783,0.0,11531,1046,85349
14,86409,1783,0.0,11532,1046,85363
9,86418,1783,0.0,11533,1046,85372
3,86421,1783,0.0,11534,1046,85375
9,86430,1783,0.0,11535,1046,85384
2,86432,1783,0.0,11536,1046,85386
12,86444,1783,0.0,11537,1046,85398
2,86446,1783,0.0,11538,1046,85400
6,86452,1783,0.0,11539,1046,85406
15,86467,1784,1.0,11540,1046,85421
7,86474,1784,0.0,11541,1046,85428
12,86486,1784,0.0,11542,1046,85440
3,86489,1784,0.0,11543,1046,85443
3,86492,1784,0.0,11544,1046,85446
4,86496,1784,0.0,11545,1046,85450
10,86506,1784,0.0,11546,1046,85460
9,86515,1784,0.0,11547,1046,85469
4,86519,1784,0.0,11548,1046,85473
4,86523,1784,0.0,11549,1046,85477
9,86532,1784,0.0,11550,1046,85486
4,86536,1784,0.0,11551,1046,85490
9,86545,1784,0.0,11552,1046,85499
8,86553,1784,0.0,11553,1046,85507
12,86565,1784,0.0,11554,1046,85519
3,86568,1784,0.0,11555,1046,85522
14,86582,1784,0.0,11556,1046,85536
9,86591,1784,0.0,11557,1046,85545
6,86597,1784,0.0,11558,1046,85551
6,86603,1784,0.0,11559,1046,85557
9,86612,1784,0.0,11560,1046,85566
7,86619,1785,1.0,11561,1046,85573
4,86623,1785,0.0,11562,1046,85577
2,86625,1785,0.0,11563,1046,85579
15,86640,1785,0.0,11564,1046,85594
4,86644,1785,0.0,11565,1046,85598
11,86655,1785,0.0,11566,1046,85609
10,86665,1785,0.0,11567,1046,85619
7,86672,1785,0.0,11568,1046,85626
7,86679,1786,1.0,11569,1046,85633
4,86683,1786,0.0,11570,1046,85637
7,86690,1787,1.0,11571,1046,85644
7,86697,1788,1.0,11572,1046,85651
4,86701,1788,0.0,11573,1046,85655
9,86710,1788,0.0,11574,1046,85664
4,86714,1788,0.0,11575,1046,85668
6,86720,1788,0.0,11576,1046,85674
7,86727,1788,0.0,11577,1046,85681
3,86730,1788,0.0,11578,1046,85684
2,86732,1788,0.0,11579,1046,85686
10,86742,1788,0.0,11580,1046,85696
4,86746,1788,0.0,11581,1046,85700
4,86750,1788,0.0,11582,1046,85704
4,86754,1788,0.0,11583,1046,85708
5,86759,1788,0.0,11584,1046,85713
17,86776,1788,0.0,11585,1046,85730
4,86780,1788,0.0,11586,1046,85734
4,86784,1788,0.0,11587,1046,85738
7,86791,1789,1.0,11588,1046,85745
7,86798,1790,1.0,11589,1046,85752
2,86800,1790,0.0,11590,1046,85754
6,86806,1790,0.0,11591,1046,85760
11,86817,1790,0.0,11592,1046,85771
9,86826,1790,0.0,11593,1046,85780
3,86829,1790,0.0,11594,1046,85783
7,86836,1791,1.0,11595,1046,85790
7,86843,1792,1.0,11596,1046,85797
7,86850,1793,1.0,11597,1046,85804
23,86873,1793,0.0,11598,1046,85827
7,86880,1793,0.0,11599,1046,85834
7,86887,1793,0.0,11600,1046,85841
4,86891,1793,0.0,11601,1046,85845
4,86895,1793,0.0,11602,1046,85849
12,86907,1793,0.0,11603,1046,85861
4,86911,1793,0.0,11604,1046,85865
10,86921,1793,0.0,11605,1046,85875
2,86923,1793,0.0,11606,1046,85877
2,86925,1793,0.0,11607,1046,85879
2,86927,1793,0.0,11608,1046,85881
17,86944,1793,0.0,11609,1046,85898
5,86949,1793,0.0,11610,1046,85903
10,86959,1793,0.0,11611,1046,85913
6,86965,1793,0.0,11612,1046,85919
3,86968,1793,0.0,11613,1046,85922
10,86978,1793,0.0,11614,1046,85932
10,86988,1793,0.0,11615,1046,85942
8,86996,1793,0.0,11616,1046,85950
6,87002,1793,0.0,11617,1046,85956
6,87008,1793,0.0,11618,1046,85962
2,87010,1793,0.0,11619,1046,85964
4,87014,1793,0.0,11620,1046,85968
2,87016,1793,0.0,11621,1046,85970
6,87022,1793,0.0,11622,1046,85976
7,87029,1794,1.0,11623,1046,85983
8,87037,1794,0.0,11624,1046,85991
7,87044,1794,0.0,11625,1046,85998
8,87052,1794,0.0,11626,1046,86006
9,87061,1794,0.0,11627,1046,86015
12,87073,1794,0.0,11628,1046,86027
2,87075,1794,0.0,11629,1046,86029
13,87088,1794,0.0,11630,1046,86042
7,87095,1794,0.0,11631,1046,86049
3,87098,1794,0.0,11632,1046,86052
7,87105,1795,1.0,11633,1046,86059
2,87107,1795,0.0,11634,1046,86061
10,87117,1795,0.0,11635,1046,86071
12,87129,1795,0.0,11636,1046,86083
9,87138,1795,0.0,11637,1046,86092
3,87141,1795,0.0,11638,1046,86095
8,87149,1795,0.0,11639,1046,86103
12,87161,1795,0.0,11640,1046,86115
7,87168,1796,1.0,11641,1046,86122
4,87172,1796,0.0,11642,1046,86126
4,87176,1796,0.0,11643,1046,86130
7,87183,1797,1.0,11644,1046,86137
7,87190,1798,1.0,11645,1046,86144
5,87195,1798,0.0,11646,1046,86149
10,87205,1798,0.0,11647,1046,86159
11,87216,1799,1.0,11648,1046,86170
8,87224,1799,0.0,11649,1046,86178
15,87239,1799,0.0,11650,1046,86193
6,87245,1799,0.0,11651,1046,86199
13,87258,1799,0.0,11652,1046,86212
2,87260,1799,0.0,11653,1046,86214
7,87267,1800,1.0,11654,1046,86221
5,87272,1800,0.0,11655,1046,86226
3,87275,1800,0.0,11656,1046,86229
7,87282,1801,1.0,11657,1046,86236
10,87292,1801,0.0,11658,1046,86246
12,87304,1801,0.0,11659,1046,86258
10,87314,1801,0.0,11660,1046,86268
7,87321,1801,0.0,11661,1046,86275
19,87340,1801,0.0,11662,1046,86294
6,87346,1801,0.0,11663,1046,86300
17,87363,1801,0.0,11664,1046,86317
3,87366,1801,0.0,11665,1046,86320
7,87373,1801,0.0,11666,1046,86327
7,87380,1802,1.0,11667,1046,86334
9,87389,1802,0.0,11668,1046,86343
4,87393,1802,0.0,11669,1046,86347
17,87410,1802,0.0,11670,1046,86364
16,87426,1802,0.0,11671,1046,86380
8,87434,1802,0.0,11672,1046,86388
7,87441,1803,1.0,11673,1046,86395
4,87445,1803,0.0,11674,1046,86399
12,87457,1803,0.0,11675,1046,86411
9,87466,1803,0.0,11676,1046,86420
6,87472,1803,0.0,11677,1046,86426
17,87489,1803,0.0,11678,1046,86443
13,87502,1803,0.0,11679,1046,86456
16,87518,1803,0.0,11680,1046,86472
10,87528,1803,0.0,11681,1046,86482
7,87535,1804,1.0,11682,1046,86489
7,87542,1805,1.0,11683,1046,86496
2,87544,1805,0.0,11684,1046,86498
12,87556,1805,0.0,11685,1046,86510
8,87564,1805,0.0,11686,1046,86518
4,87568,1805,0.0,11687,1046,86522
10,87578,1805,0.0,11688,1046,86532
7,87585,1806,1.0,11689,1046,86539
8,87593,1806,0.0,11690,1046,86547
4,87597,1806,0.0,11691,1046,86551
6,87603,1806,0.0,11692,1046,86557
14,87617,1806,0.0,11693,1046,86571
29,87646,1806,0.0,11694,1046,86600
9,87655,1806,0.0,11695,1046,86609
8,87663,1806,0.0,11696,1046,86617
4,87667,1806,0.0,11697,1046,86621
9,87676,1806,0.0,11698,1046,86630
7,87683,1807,1.0,11699,1046,86637
3,87686,1807,0.0,11700,1046,86640
6,87692,1807,0.0,11701,1046,86646
7,87699,1807,0.0,11702,1046,86653
7,87706,1808,1.0,11703,1046,86660
7,87713,1808,0.0,11704,1046,86667
2,87715,1808,0.0,11705,1046,86669
17,87732,1808,0.0,11706,1046,86686
2,87734,1808,0.0,11707,1046,86688
7,87741,1809,1.0,11708,1046,86695
4,87745,1809,0.0,11709,1046,86699
5,87750,1809,0.0,11710,1046,86704
3,87753,1809,0.0,11711,1046,86707
9,87762,1809,0.0,11712,1046,86716
13,87775,1809,0.0,11713,1046,86729
14,87789,1809,0.0,11714,1046,86743
12,87801,1809,0.0,11715,1046,86755
13,87814,1809,0.0,11716,1046,86768
9,87823,1809,0.0,11717,1046,86777
7,87830,1810,1.0,11718,1046,86784
21,87851,1810,0.0,11719,1046,86805
7,87858,1811,1.0,11720,1046,86812
17,87875,1811,0.0,11721,1046,86829
7,87882,1812,1.0,11722,1046,86836
4,87886,1812,0.0,11723,1046,86840
3,87889,1812,0.0,11724,1046,86843
7,87896,1813,1.0,11725,1046,86850
2,87898,1813,0.0,11726,1046,86852
16,87914,1813,0.0,11727,1046,86868
7,87921,1814,1.0,11728,1046,86875
6,87927,1814,0.0,11729,1046,86881
11,87938,1815,1.0,11730,1046,86892
7,87945,1816,1.0,11731,1046,86899
9,87954,1816,0.0,11732,1046,86908
4,87958,1816,0.0,11733,1046,86912
3,87961,1816,0.0,11734,1046,86915
4,87965,1816,0.0,11735,1046,86919
6,87971,1816,0.0,11736,1046,86925
15,87986,1816,0.0,11737,1046,86940
9,87995,1816,0.0,11738,1046,86949
10,88005,1816,0.0,11739,1046,86959
4,88009,1816,0.0,11740,1046,86963
6,88015,1816,0.0,11741,1046,86969
7,88022,1817,1.0,11742,1046,86976
2,88024,1817,0.0,11743,1046,86978
5,88029,1817,0.0,11744,1046,86983
10,88039,1817,0.0,11745,1046,86993
3,88042,1817,0.0,11746,1046,86996
9,88051,1817,0.0,11747,1046,87005
16,88067,1817,0.0,11748,1046,87021
9,88076,1817,0.0,11749,1046,87030
12,88088,1817,0.0,11750,1046,87042
4,88092,1817,0.0,11751,1046,87046
2,88094,1817,0.0,11752,1046,87048
12,88106,1817,0.0,11753,1046,87060
10,88116,1817,0.0,11754,1046,87070
2,88118,1817,0.0,11755,1046,87072
14,88132,1817,0.0,11756,1046,87086
9,88141,1817,0.0,11757,1046,87095
6,88147,1817,0.0,11758,1046,87101
3,88150,1817,0.0,11759,1046,87104
3,88153,1817,0.0,11760,1046,87107
8,88161,1817,0.0,11761,1046,87115
7,88168,1817,0.0,11762,1046,87122
7,88175,1818,1.0,11763,1046,87129
6,88181,1818,0.0,11764,1046,87135
11,88192,1819,1.0,11765,1046,87146
2,88194,1819,0.0,11766,1046,87148
2,88196,1819,0.0,11767,1046,87150
10,88206,1819,0.0,11768,1046,87160
4,88210,1819,0.0,11769,1046,87164
6,88216,1819,0.0,11770,1046,87170
7,88223,1820,1.0,11771,1046,87177
12,88235,1820,0.0,11772,1046,87189
10,88245,1820,0.0,11773,1046,87199
9,88254,1820,0.0,11774,1046,87208
6,88260,1820,0.0,11775,1046,87214
8,88268,1820,0.0,11776,1046,87222
9,88277,1820,0.0,11777,1046,87231
7,88284,1821,1.0,11778,1046,87238
7,88291,1821,0.0,11779,1046,87245
13,88304,1821,0.0,11780,1046,87258
3,88307,1821,0.0,11781,1046,87261
6,88313,1821,0.0,11782,1046,87267
10,88323,1821,0.0,11783,1046,87277
7,88330,1822,1.0,11784,1046,87284
10,88340,1822,0.0,11785,1046,87294
7,88347,1823,1.0,11786,1046,87301
7,88354,1824,1.0,11787,1046,87308
6,88360,1824,0.0,11788,1046,87314
7,88367,1824,0.0,11789,1046,87321
5,88372,1824,0.0,11790,1046,87326
2,88374,1824,0.0,11791,1046,87328
12,88386,1824,0.0,11792,1046,87340
7,88393,1824,0.0,11793,1046,87347
7,88400,1824,0.0,11794,1046,87354
12,88412,1824,0.0,11795,1046,87366
9,88421,1824,0.0,11796,1046,87375
7,88428,1824,0.0,11797,1046,87382
12,88440,1824,0.0,11798,1046,87394
2,88442,1824,0.0,11799,1046,87396
11,88453,1824,0.0,11800,1046,87407
4,88457,1824,0.0,11801,1046,87411
14,88471,1824,0.0,11802,1046,87425
7,88478,1824,0.0,11803,1046,87432
2,88480,1824,0.0,11804,1046,87434
7,88487,1825,1.0,11805,1046,87441
10,88497,1825,0.0,11806,1046,87451
3,88500,1825,0.0,11807,1046,87454
8,88508,1825,0.0,11808,1046,87462
2,88510,1825,0.0,11809,1046,87464
7,88517,1825,0.0,11810,1046,87471
3,88520,1825,0.0,11811,1046,87474
2,88522,1825,0.0,11812,1046,87476
10,88532,1825,0.0,11813,1046,87486
10,88542,1825,0.0,11814,1046,87496
7,88549,1826,1.0,11815,1046,87503
8,88557,1826,0.0,11816,1046,87511
4,88561,1826,0.0,11817,1046,87515
6,88567,1826,0.0,11818,1046,87521
10,88577,1826,0.0,11819,1046,87531
7,88584,1827,1.0,11820,1046,87538
5,88589,1827,0.0,11821,1046,87543
7,88596,1828,1.0,11822,1046,87550
7,88603,1829,1.0,11823,1046,87557
9,88612,1829,0.0,11824,1046,87566
5,88617,1829,0.0,11825,1046,87571
2,88619,1829,0.0,11826,1046,87573
10,88629,1829,0.0,11827,1046,87583
5,88634,1829,0.0,11828,1046,87588
7,88641,1830,1.0,11829,1046,87595
14,88655,1830,0.0,11830,1046,87609
7,88662,1831,1.0,11831,1046,87616
9,88671,1831,0.0,11832,1046,87625
9,88680,1831,0.0,11833,1046,87634
7,88687,1832,1.0,11834,1046,87641
10,88697,1832,0.0,11835,1046,87651
10,88707,1832,0.0,11836,1046,87661
6,88713,1832,0.0,11837,1046,87667
13,88726,1832,0.0,11838,1046,87680
4,88730,1832,0.0,11839,1046,87684
2,88732,1832,0.0,11840,1046,87686
16,88748,1832,0.0,11841,1046,87702
12,88760,1832,0.0,11842,1046,87714
6,88766,1832,0.0,11843,1046,87720
7,88773,1833,1.0,11844,1046,87727
5,88778,1833,0.0,11845,1046,87732
9,88787,1833,0.0,11846,1046,87741
7,88794,1833,0.0,11847,1046,87748
6,88800,1833,0.0,11848,1046,87754
2,88802,1833,0.0,11849,1046,87756
11,88813,1834,1.0,11850,1046,87767
10,88823,1834,0.0,11851,1046,87777
3,88826,1834,0.0,11852,1046,87780
5,88831,1834,0.0,11853,1046,87785
10,88841,1834,0.0,11854,1046,87795
12,88853,1834,0.0,11855,1046,87807
16,88869,1834,0.0,11856,1046,87823
2,88871,1834,0.0,11857,1046,87825
18,88889,1834,0.0,11858,1046,87843
7,88896,1835,1.0,11859,1046,87850
6,88902,1835,0.0,11860,1046,87856
8,88910,1835,0.0,11861,1046,87864
7,88917,1835,0.0,11862,1046,87871
4,88921,1835,0.0,11863,1046,87875
2,88923,1835,0.0,11864,1046,87877
11,88934,1836,1.0,11865,1046,87888
8,88942,1836,0.0,11866,1046,87896
5,88947,1836,0.0,11867,1046,87901
4,88951,1836,0.0,11868,1046,87905
4,88955,1836,0.0,11869,1046,87909
7,88962,1837,1.0,11870,1046,87916
2,88964,1837,0.0,11871,1046,87918
5,88969,1837,0.0,11872,1046,87923
7,88976,1838,1.0,11873,1046,87930
7,88983,1839,1.0,11874,1046,87937
12,88995,1839,0.0,11875,1046,87949
3,88998,1839,0.0,11876,1046,87952
11,89009,1839,0.0,11877,1046,87963
13,89022,1839,0.0,11878,1046,87976
5,89027,1839,0.0,11879,1046,87981
12,89039,1839,0.0,11880,1046,87993
9,89048,1839,0.0,11881,1046,88002
7,89055,1839,0.0,11882,1046,88009
7,89062,1840,1.0,11883,1046,88016
11,89073,1840,0.0,11884,1046,88027
7,89080,1841,1.0,11885,1046,88034
17,89097,1841,0.0,11886,1046,88051
8,89105,1841,0.0,11887,1046,88059
7,89112,1842,1.0,11888,1046,88066
4,89116,1842,0.0,11889,1046,88070
4,89120,1842,0.0,11890,1046,88074
7,89127,1843,1.0,11891,1046,88081
3,89130,1843,0.0,11892,1046,88084
19,89149,1843,0.0,11893,1046,88103
7,89156,1844,1.0,11894,1046,88110
19,89175,1844,0.0,11895,1046,88129
3,89178,1844,0.0,11896,1046,88132
2,89180,1844,0.0,11897,1046,88134
2,89182,1844,0.0,11898,1046,88136
25,89207,1844,0.0,11899,1046,88161
11,89218,1844,0.0,11900,1046,88172
7,89225,1845,1.0,11901,1046,88179
13,89238,1845,0.0,11902,1046,88192
5,89243,1845,0.0,11903,1046,88197
7,89250,1846,1.0,11904,1046,88204
10,89260,1846,0.0,11905,1046,88214
7,89267,1847,1.0,11906,1046,88221
7,89274,1847,0.0,11907,1046,88228
4,89278,1847,0.0,11908,1046,88232
16,89294,1847,0.0,11909,1046,88248
4,89298,1847,0.0,11910,1046,88252
5,89303,1847,0.0,11911,1046,88257
12,89315,1847,0.0,11912,1046,88269
6,89321,1847,0.0,11913,1046,88275
12,89333,1847,0.0,11914,1046,88287
4,89337,1847,0.0,11915,1046,88291
7,89344,1848,1.0,11916,1046,88298
7,89351,1849,1.0,11917,1046,88305
7,89358,1850,1.0,11918,1046,88312
9,89367,1850,0.0,11919,1046,88321
7,89374,1850,0.0,11920,1046,88328
10,89384,1850,0.0,11921,1046,88338
11,89395,1851,1.0,11922,1046,88349
9,89404,1851,0.0,11923,1046,88358
15,89419,1852,1.0,11924,1046,88373
7,89426,1853,1.0,11925,1046,88380
12,89438,1853,0.0,11926,1046,88392
6,89444,1853,0.0,11927,1046,88398
2,89446,1853,0.0,11928,1046,88400
2,89448,1853,0.0,11929,1046,88402
2,89450,1853,0.0,11930,1046,88404
12,89462,1853,0.0,11931,1046,88416
4,89466,1853,0.0,11932,1046,88420
9,89475,1853,0.0,11933,1046,88429
2,89477,1853,0.0,11934,1046,88431
13,89490,1853,0.0,11935,1046,88444
16,89506,1853,0.0,11936,1046,88460
2,89508,1853,0.0,11937,1046,88462
7,89515,1854,1.0,11938,1046,88469
7,89522,1855,1.0,11939,1046,88476
7,89529,1856,1.0,11940,1046,88483
8,89537,1856,0.0,11941,1046,88491
4,89541,1856,0.0,11942,1046,88495
10,89551,1856,0.0,11943,1046,88505
8,89559,1856,0.0,11944,1046,88513
7,89566,1857,1.0,11945,1046,88520
4,89570,1857,0.0,11946,1046,88524
2,89572,1857,0.0,11947,1046,88526
10,89582,1857,0.0,11948,1046,88536
3,89585,1857,0.0,11949,1046,88539
3,89588,1857,0.0,11950,1046,88542
12,89600,1857,0.0,11951,1046,88554
6,89606,1857,0.0,11952,1046,88560
9,89615,1857,0.0,11953,1046,88569
2,89617,1857,0.0,11954,1046,88571
7,89624,1858,1.0,11955,1046,88578
4,89628,1858,0.0,11956,1046,88582
8,89636,1858,0.0,11957,1046,88590
7,89643,1858,0.0,11958,1046,88597
10,89653,1858,0.0,11959,1046,88607
11,89664,1859,1.0,11960,1046,88618
7,89671,1859,0.0,11961,1046,88625
2,89673,1859,0.0,11962,1046,88627
7,89680,1859,0.0,11963,1046,88634
9,89689,1859,0.0,11964,1046,88643
10,89699,1859,0.0,11965,1046,88653
7,89706,1860,1.0,11966,1046,88660
10,89716,1860,0.0,11967,1046,88670
2,89718,1860,0.0,11968,1046,88672
4,89722,1860,0.0,11969,1046,88676
5,89727,1860,0.0,11970,1046,88681
5,89732,1860,0.0,11971,1046,88686
4,89736,1860,0.0,11972,1046,88690
4,89740,1860,0.0,11973,1046,88694
5,89745,1860,0.0,11974,1046,88699
3,89748,1860,0.0,11975,1046,88702
2,89750,1860,0.0,11976,1046,88704
2,89752,1860,0.0,11977,1046,88706
12,89764,1860,0.0,11978,1046,88718
7,89771,1861,1.0,11979,1046,88725
3,89774,1861,0.0,11980,1046,88728
2,89776,1861,0.0,11981,1046,88730
8,89784,1861,0.0,11982,1046,88738
4,89788,1861,0.0,11983,1046,88742
9,89797,1861,0.0,11984,1046,88751
7,89804,1862,1.0,11985,1046,88758
8,89812,1862,0.0,11986,1046,88766
6,89818,1862,0.0,11987,1046,88772
15,89833,1862,0.0,11988,1046,88787
9,89842,1862,0.0,11989,1046,88796
23,89865,1862,0.0,11990,1046,88819
9,89874,1862,0.0,11991,1046,88828
2,89876,1862,0.0,11992,1046,88830
6,89882,1862,0.0,11993,1046,88836
7,89889,1863,1.0,11994,1046,88843
11,89900,1864,1.0,11995,1046,88854
7,89907,1864,0.0,11996,1046,88861
4,89911,1864,0.0,11997,1046,88865
10,89921,1864,0.0,11998,1046,88875
9,89930,1864,0.0,11999,1046,88884
10,89940,1864,0.0,12000,1046,88894
7,89947,1865,1.0,12001,1046,88901
2,89949,1865,0.0,12002,1046,88903
4,89953,1865,0.0,12003,1046,88907
7,89960,1866,1.0,12004,1046,88914
9,89969,1866,0.0,12005,1046,88923
6,89975,1866,0.0,12006,1046,88929
6,89981,1866,0.0,12007,1046,88935
4,89985,1866,0.0,12008,1046,88939
10,89995,1866,0.0,12009,1046,88949
11,90006,1866,0.0,12010,1046,88960
13,90019,1866,0.0,12011,1046,88973
12,90031,1866,0.0,12012,1046,88985
6,90037,1866,0.0,12013,1046,88991
6,90043,1866,0.0,12014,1046,88997
11,90054,1866,0.0,12015,1046,89008
7,90061,1867,1.0,12016,1046,89015
5,90066,1867,0.0,12017,1046,89020
2,90068,1867,0.0,12018,1046,89022
7,90075,1868,1.0,12019,1046,89029
4,90079,1868,0.0,12020,1046,89033
4,90083,1868,0.0,12021,1046,89037
17,90100,1868,0.0,12022,1046,89054
7,90107,1868,0.0,12023,1046,89061
12,90119,1868,0.0,12024,1046,89073
5,90124,1868,0.0,12025,1046,89078
8,90132,1868,0.0,12026,1046,89086
2,90134,1868,0.0,12027,1046,89088
12,90146,1868,0.0,12028,1046,89100
9,90155,1868,0.0,12029,1046,89109
7,90162,1869,1.0,12030,1046,89116
4,90166,1869,0.0,12031,1046,89120
2,90168,1869,0.0,12032,1046,89122
6,90174,1869,0.0,12033,1046,89128
2,90176,1869,0.0,12034,1046,89130
7,90183,1870,1.0,12035,1046,89137
9,90192,1870,0.0,12036,1046,89146
10,90202,1870,0.0,12037,1046,89156
7,90209,1871,1.0,12038,1046,89163
4,90213,1871,0.0,12039,1046,89167
3,90216,1871,0.0,12040,1046,89170
6,90222,1871,0.0,12041,1046,89176
7,90229,1872,1.0,12042,1046,89183
5,90234,1872,0.0,12043,1046,89188
7,90241,1872,0.0,12044,1046,89195
4,90245,1872,0.0,12045,1046,89199
25,90270,1872,0.0,12046,1046,89224
2,90272,1872,0.0,12047,1046,89226
7,90279,1872,0.0,12048,1046,89233
10,90289,1872,0.0,12049,1046,89243
11,90300,1873,1.0,12050,1046,89254
4,90304,1873,0.0,12051,1046,89258
4,90308,1873,0.0,12052,1046,89262
12,90320,1873,0.0,12053,1046,89274
7,90327,1874,1.0,12054,1046,89281
7,90334,1875,1.0,12055,1046,89288
9,90343,1875,0.0,12056,1046,89297
3,90346,1875,0.0,12057,1046,89300
9,90355,1875,0.0,12058,1046,89309
7,90362,1876,1.0,12059,1046,89316
3,90365,1876,0.0,12060,1046,89319
7,90372,1877,1.0,12061,1046,89326
10,90382,1877,0.0,12062,1046,89336
8,90390,1877,0.0,12063,1046,89344
4,90394,1877,0.0,12064,1046,89348
3,90397,1877,0.0,12065,1046,89351
4,90401,1877,0.0,12066,1046,89355
2,90403,1877,0.0,12067,1046,89357
7,90410,1878,1.0,12068,1046,89364
10,90420,1878,0.0,12069,1046,89374
11,90431,1878,0.0,12070,1046,89385
12,90443,1878,0.0,12071,1046,89397
10,90453,1878,0.0,12072,1046,89407
2,90455,1878,0.0,12073,1046,89409
7,90462,1878,0.0,12074,1046,89416
39,90501,1878,0.0,12075,1046,89455
7,90508,1879,1.0,12076,1046,89462
7,90515,1879,0.0,12077,1046,89469
4,90519,1879,0.0,12078,1046,89473
4,90523,1879,0.0,12079,1046,89477
11,90534,1880,1.0,12080,1046,89488
12,90546,1880,0.0,12081,1046,89500
9,90555,1880,0.0,12082,1046,89509
3,90558,1880,0.0,12083,1046,89512
5,90563,1880,0.0,12084,1046,89517
12,90575,1880,0.0,12085,1046,89529
2,90577,1880,0.0,12086,1046,89531
13,90590,1880,0.0,12087,1046,89544
7,90597,1880,0.0,12088,1046,89551
5,90602,1880,0.0,12089,1046,89556
6,90608,1880,0.0,12090,1046,89562
19,90627,1880,0.0,12091,1046,89581
2,90629,1880,0.0,12092,1046,89583
7,90636,1881,1.0,12093,1046,89590
6,90642,1881,0.0,12094,1046,89596
9,90651,1881,0.0,12095,1046,89605
4,90655,1881,0.0,12096,1046,89609
5,90660,1881,0.0,12097,1046,89614
19,90679,1881,0.0,12098,1046,89633
20,90699,1881,0.0,12099,1046,89653
5,90704,1881,0.0,12100,1046,89658
2,90706,1881,0.0,12101,1046,89660
7,90713,1882,1.0,12102,1046,89667
8,90721,1882,0.0,12103,1046,89675
32,90753,1882,0.0,12104,1046,89707
15,90768,1882,0.0,12105,1046,89722
9,90777,1882,0.0,12106,1046,89731
6,90783,1882,0.0,12107,1046,89737
9,90792,1882,0.0,12108,1046,89746
9,90801,1882,0.0,12109,1046,89755
8,90809,1882,0.0,12110,1046,89763
2,90811,1882,0.0,12111,1046,89765
6,90817,1882,0.0,12112,1046,89771
18,90835,1882,0.0,12113,1046,89789
8,90843,1882,0.0,12114,1046,89797
9,90852,1882,0.0,12115,1046,89806
5,90857,1882,0.0,12116,1046,89811
3,90860,1882,0.0,12117,1046,89814
5,90865,1882,0.0,12118,1046,89819
7,90872,1883,1.0,12119,1046,89826
3,90875,1883,0.0,12120,1046,89829
19,90894,1883,0.0,12121,1046,89848
10,90904,1883,0.0,12122,1046,89858
6,90910,1883,0.0,12123,1046,89864
3,90913,1883,0.0,12124,1046,89867
10,90923,1883,0.0,12125,1046,89877
3,90926,1883,0.0,12126,1046,89880
7,90933,1884,1.0,12127,1046,89887
2,90935,1884,0.0,12128,1046,89889
9,90944,1884,0.0,12129,1046,89898
22,90966,1884,0.0,12130,1046,89920
12,90978,1884,0.0,12131,1046,89932
6,90984,1884,0.0,12132,1046,89938
2,90986,1884,0.0,12133,1046,89940
6,90992,1884,0.0,12134,1046,89946
3,90995,1884,0.0,12135,1046,89949
13,91008,1884,0.0,12136,1046,89962
5,91013,1884,0.0,12137,1046,89967
23,91036,1884,0.0,12138,1046,89990
7,91043,1885,1.0,12139,1046,89997
2,91045,1885,0.0,12140,1046,89999
3,91048,1885,0.0,12141,1046,90002
7,91055,1886,1.0,12142,1046,90009
7,91062,1887,1.0,12143,1046,90016
9,91071,1887,0.0,12144,1046,90025
9,91080,1887,0.0,12145,1046,90034
9,91089,1887,0.0,12146,1046,90043
2,91091,1887,0.0,12147,1046,90045
8,91099,1887,0.0,12148,1046,90053
8,91107,1887,0.0,12149,1046,90061
7,91114,1888,1.0,12150,1046,90068
5,91119,1888,0.0,12151,1046,90073
7,91126,1889,1.0,12152,1046,90080
2,91128,1889,0.0,12153,1046,90082
4,91132,1889,0.0,12154,1046,90086
3,91135,1889,0.0,12155,1046,90089
2,91137,1889,0.0,12156,1046,90091
11,91148,1890,1.0,12157,1046,90102
9,91157,1890,0.0,12158,1046,90111
7,91164,1891,1.0,12159,1046,90118
3,91167,1891,0.0,12160,1046,90121
2,91169,1891,0.0,12161,1046,90123
4,91173,1891,0.0,12162,1046,90127
2,91175,1891,0.0,12163,1046,90129
6,91181,1891,0.0,12164,1046,90135
7,91188,1892,1.0,12165,1046,90142
7,91195,1892,0.0,12166,1046,90149
7,91202,1893,1.0,12167,1046,90156
4,91206,1893,0.0,12168,1046,90160
4,91210,1893,0.0,12169,1046,90164
7,91217,1894,1.0,12170,1046,90171
18,91235,1894,0.0,12171,1046,90189
6,91241,1894,0.0,12172,1046,90195
8,91249,1894,0.0,12173,1046,90203
4,91253,1894,0.0,12174,1046,90207
6,91259,1894,0.0,12175,1046,90213
3,91262,1894,0.0,12176,1046,90216
10,91272,1894,0.0,12177,1046,90226
7,91279,1895,1.0,12178,1046,90233
10,91289,1895,0.0,12179,1046,90243
5,91294,1895,0.0,12180,1046,90248
8,91302,1895,0.0,12181,1046,90256
4,91306,1895,0.0,12182,1046,90260
6,91312,1895,0.0,12183,1046,90266
9,91321,1895,0.0,12184,1046,90275
7,91328,1896,1.0,12185,1046,90282
7,91335,1897,1.0,12186,1046,90289
15,91350,1897,0.0,12187,1046,90304
10,91360,1897,0.0,12188,1046,90314
4,91364,1897,0.0,12189,1046,90318
6,91370,1897,0.0,12190,1046,90324
2,91372,1897,0.0,12191,1046,90326
4,91376,1897,0.0,12192,1046,90330
7,91383,1898,1.0,12193,1046,90337
20,91403,1898,0.0,12194,1046,90357
16,91419,1898,0.0,12195,1046,90373
6,91425,1898,0.0,12196,1046,90379
2,91427,1898,0.0,12197,1046,90381
2,91429,1898,0.0,12198,1046,90383
11,91440,1898,0.0,12199,1046,90394
7,91447,1899,1.0,12200,1046,90401
6,91453,1899,0.0,12201,1046,90407
6,91459,1899,0.0,12202,1046,90413
7,91466,1900,1.0,12203,1046,90420
6,91472,1900,0.0,12204,1046,90426
6,91478,1900,0.0,12205,1046,90432
3,91481,1900,0.0,12206,1046,90435
3,91484,1900,0.0,12207,1046,90438
6,91490,1900,0.0,12208,1046,90444
2,91492,1900,0.0,12209,1046,90446
7,91499,1901,1.0,12210,1046,90453
4,91503,1901,0.0,12211,1046,90457
7,91510,1902,1.0,12212,1046,90464
6,91516,1902,0.0,12213,1046,90470
13,91529,1902,0.0,12214,1046,90483
10,91539,1902,0.0,12215,1046,90493
2,91541,1902,0.0,12216,1046,90495
5,91546,1902,0.0,12217,1046,90500
7,91553,1903,1.0,12218,1046,90507
6,91559,1903,0.0,12219,1046,90513
3,91562,1903,0.0,12220,1046,90516
4,91566,1903,0.0,12221,1046,90520
7,91573,1903,0.0,12222,1046,90527
16,91589,1903,0.0,12223,1046,90543
3,91592,1903,0.0,12224,1046,90546
4,91596,1903,0.0,12225,1046,90550
4,91600,1903,0.0,12226,1046,90554
16,91616,1903,0.0,12227,1046,90570
5,91621,1903,0.0,12228,1046,90575
6,91627,1903,0.0,12229,1046,90581
2,91629,1903,0.0,12230,1046,90583
5,91634,1903,0.0,12231,1046,90588
12,91646,1903,0.0,12232,1046,90600
3,91649,1903,0.0,12233,1046,90603
13,91662,1903,0.0,12234,1046,90616
2,91664,1903,0.0,12235,1046,90618
13,91677,1903,0.0,12236,1046,90631
9,91686,1903,0.0,12237,1046,90640
9,91695,1903,0.0,12238,1046,90649
2,91697,1903,0.0,12239,1046,90651
12,91709,1903,0.0,12240,1046,90663
12,91721,1903,0.0,12241,1046,90675
9,91730,1903,0.0,12242,1046,90684
3,91733,1903,0.0,12243,1046,90687
6,91739,1903,0.0,12244,1046,90693
3,91742,1903,0.0,12245,1046,90696
12,91754,1903,0.0,12246,1046,90708
9,91763,1903,0.0,12247,1046,90717
8,91771,1903,0.0,12248,1046,90725
8,91779,1903,0.0,12249,1046,90733
3,91782,1903,0.0,12250,1046,90736
13,91795,1903,0.0,12251,1046,90749
7,91802,1903,0.0,12252,1046,90756
2,91804,1903,0.0,12253,1046,90758
2,91806,1903,0.0,12254,1046,90760
7,91813,1903,0.0,12255,1046,90767
4,91817,1903,0.0,12256,1046,90771
7,91824,1904,1.0,12257,1046,90778
8,91832,1904,0.0,12258,1046,90786
12,91844,1904,0.0,12259,1046,90798
7,91851,1905,1.0,12260,1046,90805
7,91858,1906,1.0,12261,1046,90812
15,91873,1906,0.0,12262,1046,90827
11,91884,1907,1.0,12263,1046,90838
3,91887,1907,0.0,12264,1046,90841
15,91902,1907,0.0,12265,1046,90856
4,91906,1907,0.0,12266,1046,90860
2,91908,1907,0.0,12267,1046,90862
10,91918,1907,0.0,12268,1046,90872
12,91930,1907,0.0,12269,1046,90884
8,91938,1907,0.0,12270,1046,90892
6,91944,1907,0.0,12271,1046,90898
9,91953,1907,0.0,12272,1046,90907
3,91956,1907,0.0,12273,1046,90910
13,91969,1907,0.0,12274,1046,90923
7,91976,1908,1.0,12275,1046,90930
6,91982,1908,0.0,12276,1046,90936
9,91991,1908,0.0,12277,1046,90945
9,92000,1908,0.0,12278,1046,90954
3,92003,1908,0.0,12279,1046,90957
5,92008,1908,0.0,12280,1046,90962
7,92015,1908,0.0,12281,1046,90969
2,92017,1908,0.0,12282,1046,90971
8,92025,1908,0.0,12283,1046,90979
5,92030,1908,0.0,12284,1046,90984
9,92039,1908,0.0,12285,1046,90993
2,92041,1908,0.0,12286,1046,90995
4,92045,1908,0.0,12287,1046,90999
6,92051,1908,0.0,12288,1046,91005
12,92063,1908,0.0,12289,1046,91017
7,92070,1909,1.0,12290,1046,91024
2,92072,1909,0.0,12291,1046,91026
7,92079,1910,1.0,12292,1046,91033
15,92094,1910,0.0,12293,1046,91048
22,92116,1910,0.0,12294,1046,91070
7,92123,1910,0.0,12295,1046,91077
18,92141,1910,0.0,12296,1046,91095
6,92147,1910,0.0,12297,1046,91101
7,92154,1910,0.0,12298,1046,91108
4,92158,1910,0.0,12299,1046,91112
2,92160,1910,0.0,12300,1046,91114
15,92175,1911,1.0,12301,1046,91129
6,92181,1911,0.0,12302,1046,91135
2,92183,1911,0.0,12303,1046,91137
10,92193,1911,0.0,12304,1046,91147
2,92195,1911,0.0,12305,1046,91149
10,92205,1911,0.0,12306,1046,91159
11,92216,1911,0.0,12307,1046,91170
7,92223,1912,1.0,12308,1046,91177
6,92229,1912,0.0,12309,1046,91183
7,92236,1913,1.0,12310,1046,91190
4,92240,1913,0.0,12311,1046,91194
7,92247,1914,1.0,12312,1046,91201
8,92255,1914,0.0,12313,1046,91209
20,92275,1914,0.0,12314,1046,91229
4,92279,1914,0.0,12315,1046,91233
7,92286,1915,1.0,12316,1046,91240
2,92288,1915,0.0,12317,1046,91242
3,92291,1915,0.0,12318,1046,91245
7,92298,1916,1.0,12319,1046,91252
3,92301,1916,0.0,12320,1046,91255
4,92305,1916,0.0,12321,1046,91259
7,92312,1917,1.0,12322,1046,91266
13,92325,1917,0.0,12323,1046,91279
18,92343,1917,0.0,12324,1046,91297
8,92351,1917,0.0,12325,1046,91305
7,92358,1918,1.0,12326,1046,91312
11,92369,1919,1.0,12327,1046,91323
6,92375,1919,0.0,12328,1046,91329
12,92387,1919,0.0,12329,1046,91341
6,92393,1919,0.0,12330,1046,91347
9,92402,1919,0.0,12331,1046,91356
4,92406,1919,0.0,12332,1046,91360
6,92412,1919,0.0,12333,1046,91366
4,92416,1919,0.0,12334,1046,91370
6,92422,1919,0.0,12335,1046,91376
8,92430,1919,0.0,12336,1046,91384
2,92432,1919,0.0,12337,1046,91386
3,92435,1919,0.0,12338,1046,91389
2,92437,1919,0.0,12339,1046,91391
7,92444,1920,1.0,12340,1046,91398
10,92454,1920,0.0,12341,1046,91408
8,92462,1920,0.0,12342,1046,91416
5,92467,1920,0.0,12343,1046,91421
11,92478,1920,0.0,12344,1046,91432
15,92493,1921,1.0,12345,1046,91447
4,92497,1921,0.0,12346,1046,91451
4,92501,1921,0.0,12347,1046,91455
3,92504,1921,0.0,12348,1046,91458
2,92506,1921,0.0,12349,1046,91460
16,92522,1921,0.0,12350,1046,91476
6,92528,1921,0.0,12351,1046,91482
7,92535,1921,0.0,12352,1046,91489
10,92545,1921,0.0,12353,1046,91499
6,92551,1921,0.0,12354,1046,91505
5,92556,1921,0.0,12355,1046,91510
2,92558,1921,0.0,12356,1046,91512
7,92565,1921,0.0,12357,1046,91519
9,92574,1921,0.0,12358,1046,91528
7,92581,1922,1.0,12359,1046,91535
7,92588,1923,1.0,12360,1046,91542
8,92596,1923,0.0,12361,1046,91550
5,92601,1923,0.0,12362,1046,91555
7,92608,1924,1.0,12363,1046,91562
2,92610,1924,0.0,12364,1046,91564
17,92627,1924,0.0,12365,1046,91581
8,92635,1924,0.0,12366,1046,91589
8,92643,1924,0.0,12367,1046,91597
5,92648,1924,0.0,12368,1046,91602
8,92656,1924,0.0,12369,1046,91610
10,92666,1924,0.0,12370,1046,91620
7,92673,1925,1.0,12371,1046,91627
11,92684,1926,1.0,12372,1046,91638
6,92690,1926,0.0,12373,1046,91644
7,92697,1927,1.0,12374,1046,91651
2,92699,1927,0.0,12375,1046,91653
2,92701,1927,0.0,12376,1046,91655
3,92704,1927,0.0,12377,1046,91658
6,92710,1927,0.0,12378,1046,91664
4,92714,1927,0.0,12379,1046,91668
9,92723,1927,0.0,12380,1046,91677
7,92730,1928,1.0,12381,1046,91684
9,92739,1928,0.0,12382,1046,91693
14,92753,1928,0.0,12383,1046,91707
3,92756,1928,0.0,12384,1046,91710
2,92758,1928,0.0,12385,1046,91712
4,92762,1928,0.0,12386,1046,91716
8,92770,1928,0.0,12387,1046,91724
10,92780,1928,0.0,12388,1046,91734
11,92791,1928,0.0,12389,1046,91745
6,92797,1928,0.0,12390,1046,91751
2,92799,1928,0.0,12391,1046,91753
15,92814,1928,0.0,12392,1046,91768
4,92818,1928,0.0,12393,1046,91772
9,92827,1928,0.0,12394,1046,91781
3,92830,1928,0.0,12395,1046,91784
3,92833,1928,0.0,12396,1046,91787
7,92840,1929,1.0,12397,1046,91794
5,92845,1929,0.0,12398,1046,91799
4,92849,1929,0.0,12399,1046,91803
7,92856,1929,0.0,12400,1046,91810
5,92861,1929,0.0,12401,1046,91815
9,92870,1929,0.0,12402,1046,91824
16,92886,1929,0.0,12403,1046,91840
7,92893,1929,0.0,12404,1046,91847
13,92906,1929,0.0,12405,1046,91860
8,92914,1929,0.0,12406,1046,91868
16,92930,1929,0.0,12407,1046,91884
20,92950,1929,0.0,12408,1046,91904
3,92953,1929,0.0,12409,1046,91907
2,92955,1929,0.0,12410,1046,91909
4,92959,1929,0.0,12411,1046,91913
2,92961,1929,0.0,12412,1046,91915
9,92970,1929,0.0,12413,1046,91924
10,92980,1929,0.0,12414,1046,91934
8,92988,1929,0.0,12415,1046,91942
10,92998,1929,0.0,12416,1046,91952
2,93000,1929,0.0,12417,1046,91954
12,93012,1929,0.0,12418,1046,91966
2,93014,1929,0.0,12419,1046,91968
2,93016,1929,0.0,12420,1046,91970
17,93033,1929,0.0,12421,1046,91987
6,93039,1929,0.0,12422,1046,91993
2,93041,1929,0.0,12423,1046,91995
6,93047,1929,0.0,12424,1046,92001
4,93051,1929,0.0,12425,1046,92005
7,93058,1930,1.0,12426,1046,92012
6,93064,1930,0.0,12427,1046,92018
7,93071,1931,1.0,12428,1046,92025
3,93074,1931,0.0,12429,1046,92028
7,93081,1932,1.0,12430,1046,92035
4,93085,1932,0.0,12431,1046,92039
5,93090,1932,0.0,12432,1046,92044
4,93094,1932,0.0,12433,1046,92048
8,93102,1932,0.0,12434,1046,92056
3,93105,1932,0.0,12435,1046,92059
2,93107,1932,0.0,12436,1046,92061
3,93110,1932,0.0,12437,1046,92064
7,93117,1933,1.0,12438,1046,92071
5,93122,1933,0.0,12439,1046,92076
4,93126,1933,0.0,12440,1046,92080
2,93128,1933,0.0,12441,1046,92082
13,93141,1933,0.0,12442,1046,92095
10,93151,1933,0.0,12443,1046,92105
7,93158,1934,1.0,12444,1046,92112
8,93166,1934,0.0,12445,1046,92120
7,93173,1935,1.0,12446,1046,92127
10,93183,1935,0.0,12447,1046,92137
4,93187,1935,0.0,12448,1046,92141
2,93189,1935,0.0,12449,1046,92143
10,93199,1935,0.0,12450,1046,92153
2,93201,1935,0.0,12451,1046,92155
6,93207,1935,0.0,12452,1046,92161
3,93210,1935,0.0,12453,1046,92164
11,93221,1936,1.0,12454,1046,92175
5,93226,1936,0.0,12455,1046,92180
4,93230,1936,0.0,12456,1046,92184
7,93237,1936,0.0,12457,1046,92191
3,93240,1936,0.0,12458,1046,92194
4,93244,1936,0.0,12459,1046,92198
10,93254,1936,0.0,12460,1046,92208
2,93256,1936,0.0,12461,1046,92210
9,93265,1936,0.0,12462,1046,92219
7,93272,1937,1.0,12463,1046,92226
4,93276,1937,0.0,12464,1046,92230
8,93284,1937,0.0,12465,1046,92238
4,93288,1937,0.0,12466,1046,92242
18,93306,1937,0.0,12467,1046,92260
12,93318,1937,0.0,12468,1046,92272
12,93330,1937,0.0,12469,1046,92284
4,93334,1937,0.0,12470,1046,92288
7,93341,1938,1.0,12471,1046,92295
4,93345,1938,0.0,12472,1046,92299
8,93353,1938,0.0,12473,1046,92307
7,93360,1939,1.0,12474,1046,92314
11,93371,1940,1.0,12475,1046,92325
10,93381,1940,0.0,12476,1046,92335
8,93389,1940,0.0,12477,1046,92343
7,93396,1940,0.0,12478,1046,92350
16,93412,1940,0.0,12479,1046,92366
3,93415,1940,0.0,12480,1046,92369
2,93417,1940,0.0,12481,1046,92371
7,93424,1941,1.0,12482,1046,92378
2,93426,1941,0.0,12483,1046,92380
9,93435,1941,0.0,12484,1046,92389
5,93440,1941,0.0,12485,1046,92394
3,93443,1941,0.0,12486,1046,92397
3,93446,1941,0.0,12487,1046,92400
4,93450,1941,0.0,12488,1046,92404
10,93460,1941,0.0,12489,1046,92414
10,93470,1941,0.0,12490,1046,92424
4,93474,1941,0.0,12491,1046,92428
16,93490,1941,0.0,12492,1046,92444
4,93494,1941,0.0,12493,1046,92448
4,93498,1941,0.0,12494,1046,92452
10,93508,1941,0.0,12495,1046,92462
4,93512,1941,0.0,12496,1046,92466
6,93518,1941,0.0,12497,1046,92472
5,93523,1941,0.0,12498,1046,92477
7,93530,1941,0.0,12499,1046,92484
4,93534,1941,0.0,12500,1046,92488
27,93561,1941,0.0,12501,1046,92515
5,93566,1941,0.0,12502,1046,92520
2,93568,1941,0.0,12503,1046,92522
7,93575,1941,0.0,12504,1046,92529
7,93582,1942,1.0,12505,1046,92536
9,93591,1942,0.0,12506,1046,92545
6,93597,1942,0.0,12507,1046,92551
7,93604,1943,1.0,12508,1046,92558
7,93611,1943,0.0,12509,1046,92565
2,93613,1943,0.0,12510,1046,92567
4,93617,1943,0.0,12511,1046,92571
5,93622,1943,0.0,12512,1046,92576
12,93634,1943,0.0,12513,1046,92588
10,93644,1943,0.0,12514,1046,92598
6,93650,1943,0.0,12515,1046,92604
6,93656,1943,0.0,12516,1046,92610
15,93671,1943,0.0,12517,1046,92625
10,93681,1943,0.0,12518,1046,92635
4,93685,1943,0.0,12519,1046,92639
7,93692,1944,1.0,12520,1046,92646
12,93704,1944,0.0,12521,1046,92658
6,93710,1944,0.0,12522,1046,92664
9,93719,1944,0.0,12523,1046,92673
8,93727,1944,0.0,12524,1046,92681
4,93731,1944,0.0,12525,1046,92685
3,93734,1944,0.0,12526,1046,92688
4,93738,1944,0.0,12527,1046,92692
3,93741,1944,0.0,12528,1046,92695
7,93748,1945,1.0,12529,1046,92702
2,93750,1945,0.0,12530,1046,92704
8,93758,1945,0.0,12531,1046,92712
4,93762,1945,0.0,12532,1046,92716
3,93765,1945,0.0,12533,1046,92719
8,93773,1945,0.0,12534,1046,92727
3,93776,1945,0.0,12535,1046,92730
12,93788,1945,0.0,12536,1046,92742
13,93801,1945,0.0,12537,1046,92755
9,93810,1945,0.0,12538,1046,92764
2,93812,1945,0.0,12539,1046,92766
6,93818,1945,0.0,12540,1046,92772
7,93825,1946,1.0,12541,1046,92779
7,93832,1946,0.0,12542,1046,92786
5,93837,1946,0.0,12543,1046,92791
4,93841,1946,0.0,12544,1046,92795
7,93848,1947,1.0,12545,1046,92802
3,93851,1947,0.0,12546,1046,92805
7,93858,1948,1.0,12547,1046,92812
3,93861,1948,0.0,12548,1046,92815
3,93864,1948,0.0,12549,1046,92818
9,93873,1948,0.0,12550,1046,92827
9,93882,1948,0.0,12551,1046,92836
3,93885,1948,0.0,12552,1046,92839
6,93891,1948,0.0,12553,1046,92845
9,93900,1948,0.0,12554,1046,92854
13,93913,1948,0.0,12555,1046,92867
4,93917,1948,0.0,12556,1046,92871
7,93924,1949,1.0,12557,1046,92878
7,93931,1950,1.0,12558,1046,92885
8,93939,1950,0.0,12559,1046,92893
4,93943,1950,0.0,12560,1046,92897
7,93950,1951,1.0,12561,1046,92904
7,93957,1952,1.0,12562,1046,92911
24,93981,1952,0.0,12563,1046,92935
5,93986,1952,0.0,12564,1046,92940
4,93990,1952,0.0,12565,1046,92944
7,93997,1953,1.0,12566,1046,92951
2,93999,1953,0.0,12567,1046,92953
7,94006,1954,1.0,12568,1046,92960
2,94008,1954,0.0,12569,1046,92962
4,94012,1954,0.0,12570,1046,92966
3,94015,1954,0.0,12571,1046,92969
7,94022,1955,1.0,12572,1046,92976
5,94027,1955,0.0,12573,1046,92981
4,94031,1955,0.0,12574,1046,92985
7,94038,1955,0.0,12575,1046,92992
10,94048,1955,0.0,12576,1046,93002
3,94051,1955,0.0,12577,1046,93005
4,94055,1955,0.0,12578,1046,93009
15,94070,1956,1.0,12579,1046,93024
6,94076,1956,0.0,12580,1046,93030
9,94085,1956,0.0,12581,1046,93039
9,94094,1956,0.0,12582,1046,93048
2,94096,1956,0.0,12583,1046,93050
9,94105,1956,0.0,12584,1046,93059
2,94107,1956,0.0,12585,1046,93061
7,94114,1957,1.0,12586,1046,93068
16,94130,1957,0.0,12587,1046,93084
6,94136,1957,0.0,12588,1046,93090
6,94142,1957,0.0,12589,1046,93096
16,94158,1957,0.0,12590,1046,93112
11,94169,1958,1.0,12591,1046,93123
6,94175,1958,0.0,12592,1046,93129
7,94182,1958,0.0,12593,1046,93136
9,94191,1958,0.0,12594,1046,93145
6,94197,1958,0.0,12595,1046,93151
16,94213,1958,0.0,12596,1046,93167
3,94216,1958,0.0,12597,1046,93170
11,94227,1958,0.0,12598,1046,93181
3,94230,1958,0.0,12599,1046,93184
10,94240,1958,0.0,12600,1046,93194
15,94255,1959,1.0,12601,1046,93209
7,94262,1959,0.0,12602,1046,93216
10,94272,1959,0.0,12603,1046,93226
2,94274,1959,0.0,12604,1046,93228
7,94281,1959,0.0,12605,1046,93235
5,94286,1959,0.0,12606,1046,93240
6,94292,1959,0.0,12607,1046,93246
9,94301,1959,0.0,12608,1046,93255
9,94310,1959,0.0,12609,1046,93264
7,94317,1960,1.0,12610,1046,93271
2,94319,1960,0.0,12611,1046,93273
7,94326,1960,0.0,12612,1046,93280
9,94335,1960,0.0,12613,1046,93289
6,94341,1960,0.0,12614,1046,93295
2,94343,1960,0.0,12615,1046,93297
7,94350,1960,0.0,12616,1046,93304
5,94355,1960,0.0,12617,1046,93309
3,94358,1960,0.0,12618,1046,93312
3,94361,1960,0.0,12619,1046,93315
3,94364,1960,0.0,12620,1046,93318
7,94371,1960,0.0,12621,1046,93325
15,94386,1960,0.0,12622,1046,93340
4,94390,1960,0.0,12623,1046,93344
9,94399,1960,0.0,12624,1046,93353
4,94403,1960,0.0,12625,1046,93357
5,94408,1960,0.0,12626,1046,93362
4,94412,1960,0.0,12627,1046,93366
7,94419,1961,1.0,12628,1046,93373
6,94425,1961,0.0,12629,1046,93379
12,94437,1961,0.0,12630,1046,93391
4,94441,1961,0.0,12631,1046,93395
3,94444,1961,0.0,12632,1046,93398
15,94459,1961,0.0,12633,1046,93413
8,94467,1961,0.0,12634,1046,93421
2,94469,1961,0.0,12635,1046,93423
7,94476,1962,1.0,12636,1046,93430
2,94478,1962,0.0,12637,1046,93432
11,94489,1962,0.0,12638,1046,93443
4,94493,1962,0.0,12639,1046,93447
4,94497,1962,0.0,12640,1046,93451
7,94504,1963,1.0,12641,1046,93458
7,94511,1964,1.0,12642,1046,93465
12,94523,1964,0.0,12643,1046,93477
3,94526,1964,0.0,12644,1046,93480
2,94528,1964,0.0,12645,1046,93482
3,94531,1964,0.0,12646,1046,93485
16,94547,1964,0.0,12647,1046,93501
7,94554,1965,1.0,12648,1046,93508
4,94558,1965,0.0,12649,1046,93512
7,94565,1965,0.0,12650,1046,93519
3,94568,1965,0.0,12651,1046,93522
2,94570,1965,0.0,12652,1046,93524
7,94577,1966,1.0,12653,1046,93531
7,94584,1967,1.0,12654,1046,93538
31,94615,1967,0.0,12655,1046,93569
10,94625,1967,0.0,12656,1046,93579
9,94634,1967,0.0,12657,1046,93588
4,94638,1967,0.0,12658,1046,93592
15,94653,1968,1.0,12659,1046,93607
3,94656,1968,0.0,12660,1046,93610
9,94665,1968,0.0,12661,1046,93619
4,94669,1968,0.0,12662,1046,93623
20,94689,1968,0.0,12663,1046,93643
4,94693,1968,0.0,12664,1046,93647
6,94699,1968,0.0,12665,1046,93653
2,94701,1968,0.0,12666,1046,93655
10,94711,1968,0.0,12667,1046,93665
6,94717,1968,0.0,12668,1046,93671
7,94724,1969,1.0,12669,1046,93678
3,94727,1969,0.0,12670,1046,93681
11,94738,1970,1.0,12671,1046,93692
9,94747,1970,0.0,12672,1046,93701
4,94751,1970,0.0,12673,1046,93705
2,94753,1970,0.0,12674,1046,93707
5,94758,1970,0.0,12675,1046,93712
5,94763,1970,0.0,12676,1046,93717
4,94767,1970,0.0,12677,1046,93721
7,94774,1971,1.0,12678,1046,93728
7,94781,1972,1.0,12679,1046,93735
2,94783,1972,0.0,12680,1046,93737
9,94792,1972,0.0,12681,1046,93746
13,94805,1972,0.0,12682,1046,93759
7,94812,1973,1.0,12683,1046,93766
7,94819,1974,1.0,12684,1046,93773
6,94825,1974,0.0,12685,1046,93779
4,94829,1974,0.0,12686,1046,93783
7,94836,1974,0.0,12687,1046,93790
2,94838,1974,0.0,12688,1046,93792
7,94845,1975,1.0,12689,1046,93799
2,94847,1975,0.0,12690,1046,93801
7,94854,1976,1.0,12691,1046,93808
6,94860,1976,0.0,12692,1046,93814
6,94866,1976,0.0,12693,1046,93820
7,94873,1977,1.0,12694,1046,93827
9,94882,1977,0.0,12695,1046,93836
18,94900,1977,0.0,12696,1046,93854
7,94907,1978,1.0,12697,1046,93861
12,94919,1978,0.0,12698,1046,93873
28,94947,1978,0.0,12699,1046,93901
2,94949,1978,0.0,12700,1046,93903
7,94956,1979,1.0,12701,1046,93910
5,94961,1979,0.0,12702,1046,93915
3,94964,1979,0.0,12703,1046,93918
3,94967,1979,0.0,12704,1046,93921
6,94973,1979,0.0,12705,1046,93927
17,94990,1979,0.0,12706,1046,93944
3,94993,1979,0.0,12707,1046,93947
7,95000,1980,1.0,12708,1046,93954
2,95002,1980,0.0,12709,1046,93956
16,95018,1980,0.0,12710,1046,93972
5,95023,1980,0.0,12711,1046,93977
7,95030,1981,1.0,12712,1046,93984
5,95035,1981,0.0,12713,1046,93989
8,95043,1981,0.0,12714,1046,93997
4,95047,1981,0.0,12715,1046,94001
4,95051,1981,0.0,12716,1046,94005
6,95057,1981,0.0,12717,1046,94011
5,95062,1981,0.0,12718,1046,94016
17,95079,1981,0.0,12719,1046,94033
2,95081,1981,0.0,12720,1046,94035
7,95088,1982,1.0,12721,1046,94042
17,95105,1982,0.0,12722,1046,94059
3,95108,1982,0.0,12723,1046,94062
8,95116,1982,0.0,12724,1046,94070
7,95123,1983,1.0,12725,1046,94077
7,95130,1984,1.0,12726,1046,94084
5,95135,1984,0.0,12727,1046,94089
12,95147,1984,0.0,12728,1046,94101
4,95151,1984,0.0,12729,1046,94105
7,95158,1985,1.0,12730,1046,94112
3,95161,1985,0.0,12731,1046,94115
12,95173,1985,0.0,12732,1046,94127
9,95182,1985,0.0,12733,1046,94136
7,95189,1986,1.0,12734,1046,94143
4,95193,1986,0.0,12735,1046,94147
7,95200,1987,1.0,12736,1046,94154
8,95208,1987,0.0,12737,1046,94162
9,95217,1987,0.0,12738,1046,94171
17,95234,1987,0.0,12739,1046,94188
7,95241,1987,0.0,12740,1046,94195
5,95246,1987,0.0,12741,1046,94200
5,95251,1987,0.0,12742,1046,94205
10,95261,1987,0.0,12743,1046,94215
12,95273,1987,0.0,12744,1046,94227
10,95283,1987,0.0,12745,1046,94237
2,95285,1987,0.0,12746,1046,94239
7,95292,1988,1.0,12747,1046,94246
7,95299,1989,1.0,12748,1046,94253
6,95305,1989,0.0,12749,1046,94259
2,95307,1989,0.0,12750,1046,94261
10,95317,1989,0.0,12751,1046,94271
6,95323,1989,0.0,12752,1046,94277
3,95326,1989,0.0,12753,1046,94280
13,95339,1989,0.0,12754,1046,94293
2,95341,1989,0.0,12755,1046,94295
11,95352,1989,0.0,12756,1046,94306
6,95358,1989,0.0,12757,1046,94312
7,95365,1989,0.0,12758,1046,94319
9,95374,1989,0.0,12759,1046,94328
7,95381,1989,0.0,12760,1046,94335
13,95394,1989,0.0,12761,1046,94348
7,95401,1990,1.0,12762,1046,94355
13,95414,1990,0.0,12763,1046,94368
7,95421,1991,1.0,12764,1046,94375
13,95434,1991,0.0,12765,1046,94388
6,95440,1991,0.0,12766,1046,94394
7,95447,1992,1.0,12767,1046,94401
3,95450,1992,0.0,12768,1046,94404
10,95460,1992,0.0,12769,1046,94414
10,95470,1992,0.0,12770,1046,94424
7,95477,1992,0.0,12771,1046,94431
2,95479,1992,0.0,12772,1046,94433
3,95482,1992,0.0,12773,1046,94436
7,95489,1993,1.0,12774,1046,94443
2,95491,1993,0.0,12775,1046,94445
7,95498,1994,1.0,12776,1046,94452
17,95515,1994,0.0,12777,1046,94469
7,95522,1995,1.0,12778,1046,94476
10,95532,1995,0.0,12779,1046,94486
7,95539,1996,1.0,12780,1046,94493
9,95548,1996,0.0,12781,1046,94502
2,95550,1996,0.0,12782,1046,94504
5,95555,1996,0.0,12783,1046,94509
2,95557,1996,0.0,12784,1046,94511
2,95559,1996,0.0,12785,1046,94513
7,95566,1997,1.0,12786,1046,94520
2,95568,1997,0.0,12787,1046,94522
3,95571,1997,0.0,12788,1046,94525
7,95578,1997,0.0,12789,1046,94532
4,95582,1997,0.0,12790,1046,94536
7,95589,1998,1.0,12791,1046,94543
15,95604,1998,0.0,12792,1046,94558
13,95617,1998,0.0,12793,1046,94571
7,95624,1998,0.0,12794,1046,94578
4,95628,1998,0.0,12795,1046,94582
15,95643,1998,0.0,12796,1046,94597
22,95665,1998,0.0,12797,1046,94619
2,95667,1998,0.0,12798,1046,94621
7,95674,1998,0.0,12799,1046,94628
4,95678,1998,0.0,12800,1046,94632
10,95688,1998,0.0,12801,1046,94642
7,95695,1999,1.0,12802,1046,94649
8,95703,1999,0.0,12803,1046,94657
2,95705,1999,0.0,12804,1046,94659
9,95714,1999,0.0,12805,1046,94668
10,95724,1999,0.0,12806,1046,94678
3,95727,1999,0.0,12807,1046,94681
5,95732,1999,0.0,12808,1046,94686
2,95734,1999,0.0,12809,1046,94688
6,95740,1999,0.0,12810,1046,94694
10,95750,1999,0.0,12811,1046,94704
4,95754,1999,0.0,12812,1046,94708
4,95758,1999,0.0,12813,1046,94712
3,95761,1999,0.0,12814,1046,94715
3,95764,1999,0.0,12815,1046,94718
2,95766,1999,0.0,12816,1046,94720
7,95773,2000,1.0,12817,1046,94727
5,95778,2000,0.0,12818,1046,94732
23,95801,2000,0.0,12819,1046,94755
3,95804,2000,0.0,12820,1046,94758
3,95807,2000,0.0,12821,1046,94761
7,95814,2001,1.0,12822,1046,94768
8,95822,2001,0.0,12823,1046,94776
8,95830,2001,0.0,12824,1046,94784
10,95840,2001,0.0,12825,1046,94794
3,95843,2001,0.0,12826,1046,94797
12,95855,2001,0.0,12827,1046,94809
4,95859,2001,0.0,12828,1046,94813
6,95865,2001,0.0,12829,1046,94819
15,95880,2002,1.0,12830,1046,94834
6,95886,2002,0.0,12831,1046,94840
17,95903,2002,0.0,12832,1046,94857
8,95911,2002,0.0,12833,1046,94865
2,95913,2002,0.0,12834,1046,94867
7,95920,2003,1.0,12835,1046,94874
9,95929,2003,0.0,12836,1046,94883
5,95934,2003,0.0,12837,1046,94888
7,95941,2004,1.0,12838,1046,94895
10,95951,2004,0.0,12839,1046,94905
3,95954,2004,0.0,12840,1046,94908
13,95967,2004,0.0,12841,1046,94921
6,95973,2004,0.0,12842,1046,94927
7,95980,2005,1.0,12843,1046,94934
6,95986,2005,0.0,12844,1046,94940
7,95993,2006,1.0,12845,1046,94947
13,96006,2006,0.0,12846,1046,94960
8,96014,2006,0.0,12847,1046,94968
6,96020,2006,0.0,12848,1046,94974
9,96029,2006,0.0,12849,1046,94983
12,96041,2006,0.0,12850,1046,94995
8,96049,2006,0.0,12851,1046,95003
9,96058,2006,0.0,12852,1046,95012
8,96066,2006,0.0,12853,1046,95020
12,96078,2006,0.0,12854,1046,95032
7,96085,2007,1.0,12855,1046,95039
8,96093,2007,0.0,12856,1046,95047
6,96099,2007,0.0,12857,1046,95053
7,96106,2008,1.0,12858,1046,95060
9,96115,2008,0.0,12859,1046,95069
12,96127,2008,0.0,12860,1046,95081
2,96129,2008,0.0,12861,1046,95083
2,96131,2008,0.0,12862,1046,95085
4,96135,2008,0.0,12863,1046,95089
10,96145,2008,0.0,12864,1046,95099
7,96152,2008,0.0,12865,1046,95106
6,96158,2008,0.0,12866,1046,95112
6,96164,2008,0.0,12867,1046,95118
10,96174,2008,0.0,12868,1046,95128
7,96181,2009,1.0,12869,1046,95135
7,96188,2010,1.0,12870,1046,95142
12,96200,2010,0.0,12871,1046,95154
7,96207,2011,1.0,12872,1046,95161
3,96210,2011,0.0,12873,1046,95164
4,96214,2011,0.0,12874,1046,95168
2,96216,2011,0.0,12875,1046,95170
6,96222,2011,0.0,12876,1046,95176
12,96234,2011,0.0,12877,1046,95188
12,96246,2011,0.0,12878,1046,95200
7,96253,2012,1.0,12879,1046,95207
18,96271,2012,0.0,12880,1046,95225
4,96275,2012,0.0,12881,1046,95229
4,96279,2012,0.0,12882,1046,95233
7,96286,2013,1.0,12883,1046,95240
6,96292,2013,0.0,12884,1046,95246
5,96297,2013,0.0,12885,1046,95251
15,96312,2013,0.0,12886,1046,95266
5,96317,2013,0.0,12887,1046,95271
7,96324,2013,0.0,12888,1046,95278
14,96338,2013,0.0,12889,1046,95292
7,96345,2014,1.0,12890,1046,95299
5,96350,2014,0.0,12891,1046,95304
9,96359,2014,0.0,12892,1046,95313
7,96366,2015,1.0,12893,1046,95320
4,96370,2015,0.0,12894,1046,95324
12,96382,2015,0.0,12895,1046,95336
7,96389,2016,1.0,12896,1046,95343
7,96396,2016,0.0,12897,1046,95350
6,96402,2016,0.0,12898,1046,95356
5,96407,2016,0.0,12899,1046,95361
4,96411,2016,0.0,12900,1046,95365
6,96417,2016,0.0,12901,1046,95371
3,96420,2016,0.0,12902,1046,95374
9,96429,2016,0.0,12903,1046,95383
7,96436,2016,0.0,12904,1046,95390
7,96443,2016,0.0,12905,1046,95397
17,96460,2016,0.0,12906,1046,95414
10,96470,2016,0.0,12907,1046,95424
3,96473,2016,0.0,12908,1046,95427
2,96475,2016,0.0,12909,1046,95429
2,96477,2016,0.0,12910,1046,95431
7,96484,2017,1.0,12911,1046,95438
10,96494,2017,0.0,12912,1046,95448
3,96497,2017,0.0,12913,1046,95451
5,96502,2017,0.0,12914,1046,95456
9,96511,2017,0.0,12915,1046,95465
7,96518,2017,0.0,12916,1046,95472
7,96525,2018,1.0,12917,1046,95479
9,96534,2018,0.0,12918,1046,95488
7,96541,2019,1.0,12919,1046,95495
10,96551,2019,0.0,12920,1046,95505
2,96553,2019,0.0,12921,1046,95507
6,96559,2019,0.0,12922,1046,95513
2,96561,2019,0.0,12923,1046,95515
2,96563,2019,0.0,12924,1046,95517
7,96570,2020,1.0,12925,1046,95524
9,96579,2020,0.0,12926,1046,95533
16,96595,2020,0.0,12927,1046,95549
4,96599,2020,0.0,12928,1046,95553
6,96605,2020,0.0,12929,1046,95559
13,96618,2020,0.0,12930,1046,95572
4,96622,2020,0.0,12931,1046,95576
12,96634,2020,0.0,12932,1046,95588
12,96646,2020,0.0,12933,1046,95600
6,96652,2020,0.0,12934,1046,95606
7,96659,2021,1.0,12935,1046,95613
8,96667,2021,0.0,12936,1046,95621
9,96676,2021,0.0,12937,1046,95630
2,96678,2021,0.0,12938,1046,95632
7,96685,2022,1.0,12939,1046,95639
3,96688,2022,0.0,12940,1046,95642
4,96692,2022,0.0,12941,1046,95646
13,96705,2022,0.0,12942,1046,95659
3,96708,2022,0.0,12943,1046,95662
11,96719,2023,1.0,12944,1046,95673
4,96723,2023,0.0,12945,1046,95677
4,96727,2023,0.0,12946,1046,95681
20,96747,2023,0.0,12947,1046,95701
7,96754,2023,0.0,12948,1046,95708
4,96758,2023,0.0,12949,1046,95712
7,96765,2024,1.0,12950,1046,95719
8,96773,2024,0.0,12951,1046,95727
13,96786,2024,0.0,12952,1046,95740
6,96792,2024,0.0,12953,1046,95746
2,96794,2024,0.0,12954,1046,95748
3,96797,2024,0.0,12955,1046,95751
7,96804,2025,1.0,12956,1046,95758
4,96808,2025,0.0,12957,1046,95762
7,96815,2026,1.0,12958,1046,95769
6,96821,2026,0.0,12959,1046,95775
6,96827,2026,0.0,12960,1046,95781
2,96829,2026,0.0,12961,1046,95783
7,96836,2027,1.0,12962,1046,95790
10,96846,2027,0.0,12963,1046,95800
9,96855,2027,0.0,12964,1046,95809
7,96862,2028,1.0,12965,1046,95816
6,96868,2028,0.0,12966,1046,95822
5,96873,2028,0.0,12967,1046,95827
10,96883,2028,0.0,12968,1046,95837
6,96889,2028,0.0,12969,1046,95843
2,96891,2028,0.0,12970,1046,95845
3,96894,2028,0.0,12971,1046,95848
6,96900,2028,0.0,12972,1046,95854
3,96903,2028,0.0,12973,1046,95857
15,96918,2029,1.0,12974,1046,95872
7,96925,2029,0.0,12975,1046,95879
19,96944,2029,0.0,12976,1046,95898
5,96949,2029,0.0,12977,1046,95903
2,96951,2029,0.0,12978,1046,95905
7,96958,2030,1.0,12979,1046,95912
7,96965,2030,0.0,12980,1046,95919
9,96974,2030,0.0,12981,1046,95928
5,96979,2030,0.0,12982,1046,95933
7,96986,2031,1.0,12983,1046,95940
3,96989,2031,0.0,12984,1046,95943
17,97006,2031,0.0,12985,1046,95960
7,97013,2032,1.0,12986,1046,95967
9,97022,2032,0.0,12987,1046,95976
11,97033,2033,1.0,12988,1046,95987
9,97042,2033,0.0,12989,1046,95996
6,97048,2033,0.0,12990,1046,96002
9,97057,2033,0.0,12991,1046,96011
10,97067,2033,0.0,12992,1046,96021
8,97075,2033,0.0,12993,1046,96029
4,97079,2033,0.0,12994,1046,96033
10,97089,2033,0.0,12995,1046,96043
6,97095,2033,0.0,12996,1046,96049
16,97111,2033,0.0,12997,1046,96065
11,97122,2033,0.0,12998,1046,96076
6,97128,2033,0.0,12999,1046,96082
10,97138,2033,0.0,13000,1046,96092
4,97142,2033,0.0,13001,1046,96096
11,97153,2033,0.0,13002,1046,96107
7,97160,2034,1.0,13003,1046,96114
9,97169,2034,0.0,13004,1046,96123
6,97175,2034,0.0,13005,1046,96129
7,97182,2035,1.0,13006,1046,96136
4,97186,2035,0.0,13007,1046,96140
4,97190,2035,0.0,13008,1046,96144
7,97197,2036,1.0,13009,1046,96151
2,97199,2036,0.0,13010,1046,96153
3,97202,2036,0.0,13011,1046,96156
7,97209,2037,1.0,13012,1046,96163
4,97213,2037,0.0,13013,1046,96167
3,97216,2037,0.0,13014,1046,96170
3,97219,2037,0.0,13015,1046,96173
6,97225,2037,0.0,13016,1046,96179
7,97232,2037,0.0,13017,1046,96186
8,97240,2037,0.0,13018,1046,96194
2,97242,2037,0.0,13019,1046,96196
7,97249,2038,1.0,13020,1046,96203
2,97251,2038,0.0,13021,1046,96205
4,97255,2038,0.0,13022,1046,96209
15,97270,2039,1.0,13023,1046,96224
8,97278,2039,0.0,13024,1046,96232
18,97296,2039,0.0,13025,1046,96250
5,97301,2039,0.0,13026,1046,96255
2,97303,2039,0.0,13027,1046,96257
4,97307,2039,0.0,13028,1046,96261
7,97314,2040,1.0,13029,1046,96268
7,97321,2041,1.0,13030,1046,96275
13,97334,2041,0.0,13031,1046,96288
5,97339,2041,0.0,13032,1046,96293
7,97346,2042,1.0,13033,1046,96300
2,97348,2042,0.0,13034,1046,96302
17,97365,2042,0.0,13035,1046,96319
4,97369,2042,0.0,13036,1046,96323
3,97372,2042,0.0,13037,1046,96326
7,97379,2043,1.0,13038,1046,96333
7,97386,2044,1.0,13039,1046,96340
2,97388,2044,0.0,13040,1046,96342
8,97396,2044,0.0,13041,1046,96350
9,97405,2044,0.0,13042,1046,96359
4,97409,2044,0.0,13043,1046,96363
12,97421,2044,0.0,13044,1046,96375
3,97424,2044,0.0,13045,1046,96378
3,97427,2044,0.0,13046,1046,96381
7,97434,2045,1.0,13047,1046,96388
9,97443,2045,0.0,13048,1046,96397
7,97450,2045,0.0,13049,1046,96404
4,97454,2045,0.0,13050,1046,96408
7,97461,2046,1.0,13051,1046,96415
4,97465,2046,0.0,13052,1046,96419
7,97472,2047,1.0,13053,1046,96426
7,97479,2048,1.0,13054,1046,96433
7,97486,2049,1.0,13055,1046,96440
3,97489,2049,0.0,13056,1046,96443
16,97505,2049,0.0,13057,1046,96459
3,97508,2049,0.0,13058,1046,96462
16,97524,2049,0.0,13059,1046,96478
7,97531,2050,1.0,13060,1046,96485
9,97540,2050,0.0,13061,1046,96494
12,97552,2050,0.0,13062,1046,96506
11,97563,2050,0.0,13063,1046,96517
5,97568,2050,0.0,13064,1046,96522
4,97572,2050,0.0,13065,1046,96526
7,97579,2051,1.0,13066,1046,96533
5,97584,2051,0.0,13067,1046,96538
9,97593,2051,0.0,13068,1046,96547
7,97600,2052,1.0,13069,1046,96554
7,97607,2053,1.0,13070,1046,96561
9,97616,2053,0.0,13071,1046,96570
7,97623,2054,1.0,13072,1046,96577
8,97631,2054,0.0,13073,1046,96585
2,97633,2054,0.0,13074,1046,96587
9,97642,2054,0.0,13075,1046,96596
4,97646,2054,0.0,13076,1046,96600
10,97656,2054,0.0,13077,1046,96610
6,97662,2054,0.0,13078,1046,96616
2,97664,2054,0.0,13079,1046,96618
13,97677,2054,0.0,13080,1046,96631
8,97685,2054,0.0,13081,1046,96639
3,97688,2054,0.0,13082,1046,96642
4,97692,2054,0.0,13083,1046,96646
2,97694,2054,0.0,13084,1046,96648
9,97703,2054,0.0,13085,1046,96657
7,97710,2054,0.0,13086,1046,96664
12,97722,2054,0.0,13087,1046,96676
9,97731,2054,0.0,13088,1046,96685
9,97740,2054,0.0,13089,1046,96694
3,97743,2054,0.0,13090,1046,96697
2,97745,2054,0.0,13091,1046,96699
11,97756,2055,1.0,13092,1046,96710
12,97768,2055,0.0,13093,1046,96722
4,97772,2055,0.0,13094,1046,96726
4,97776,2055,0.0,13095,1046,96730
4,97780,2055,0.0,13096,1046,96734
10,97790,2055,0.0,13097,1046,96744
4,97794,2055,0.0,13098,1046,96748
5,97799,2055,0.0,13099,1046,96753
5,97804,2055,0.0,13100,1046,96758
10,97814,2055,0.0,13101,1046,96768
4,97818,2055,0.0,13102,1046,96772
10,97828,2055,0.0,13103,1046,96782
4,97832,2055,0.0,13104,1046,96786
7,97839,2056,1.0,13105,1046,96793
3,97842,2056,0.0,13106,1046,96796
9,97851,2056,0.0,13107,1046,96805
2,97853,2056,0.0,13108,1046,96807
8,97861,2056,0.0,13109,1046,96815
2,97863,2056,0.0,13110,1046,96817
7,97870,2057,1.0,13111,1046,96824
25,97895,2057,0.0,13112,1046,96849
3,97898,2057,0.0,13113,1046,96852
7,97905,2058,1.0,13114,1046,96859
10,97915,2058,0.0,13115,1046,96869
4,97919,2058,0.0,13116,1046,96873
7,97926,2059,1.0,13117,1046,96880
11,97937,2060,1.0,13118,1046,96891
7,97944,2060,0.0,13119,1046,96898
6,97950,2060,0.0,13120,1046,96904
10,97960,2060,0.0,13121,1046,96914
7,97967,2060,0.0,13122,1046,96921
8,97975,2060,0.0,13123,1046,96929
6,97981,2060,0.0,13124,1046,96935
5,97986,2060,0.0,13125,1046,96940
2,97988,2060,0.0,13126,1046,96942
5,97993,2060,0.0,13127,1046,96947
3,97996,2060,0.0,13128,1046,96950
4,98000,2060,0.0,13129,1046,96954
4,98004,2060,0.0,13130,1046,96958
10,98014,2060,0.0,13131,1046,96968
14,98028,2060,0.0,13132,1046,96982
2,98030,2060,0.0,13133,1046,96984
7,98037,2060,0.0,13134,1046,96991
7,98044,2060,0.0,13135,1046,96998
10,98054,2060,0.0,13136,1046,97008
5,98059,2060,0.0,13137,1046,97013
2,98061,2060,0.0,13138,1046,97015
2,98063,2060,0.0,13139,1046,97017
6,98069,2060,0.0,13140,1046,97023
7,98076,2060,0.0,13141,1046,97030
7,98083,2061,1.0,13142,1046,97037
7,98090,2062,1.0,13143,1046,97044
10,98100,2062,0.0,13144,1046,97054
3,98103,2062,0.0,13145,1046,97057
6,98109,2062,0.0,13146,1046,97063
7,98116,2063,1.0,13147,1046,97070
21,98137,2063,0.0,13148,1046,97091
7,98144,2063,0.0,13149,1046,97098
14,98158,2063,0.0,13150,1046,97112
13,98171,2063,0.0,13151,1046,97125
7,98178,2063,0.0,13152,1046,97132
9,98187,2063,0.0,13153,1046,97141
10,98197,2063,0.0,13154,1046,97151
7,98204,2064,1.0,13155,1046,97158
4,98208,2064,0.0,13156,1046,97162
2,98210,2064,0.0,13157,1046,97164
15,98225,2064,0.0,13158,1046,97179
12,98237,2064,0.0,13159,1046,97191
4,98241,2064,0.0,13160,1046,97195
5,98246,2064,0.0,13161,1046,97200
10,98256,2064,0.0,13162,1046,97210
12,98268,2064,0.0,13163,1046,97222
16,98284,2064,0.0,13164,1046,97238
2,98286,2064,0.0,13165,1046,97240
14,98300,2064,0.0,13166,1046,97254
5,98305,2064,0.0,13167,1046,97259
5,98310,2064,0.0,13168,1046,97264
7,98317,2065,1.0,13169,1046,97271
2,98319,2065,0.0,13170,1046,97273
7,98326,2066,1.0,13171,1046,97280
7,98333,2067,1.0,13172,1046,97287
19,98352,2067,0.0,13173,1046,97306
14,98366,2067,0.0,13174,1046,97320
9,98375,2067,0.0,13175,1046,97329
4,98379,2067,0.0,13176,1046,97333
5,98384,2067,0.0,13177,1046,97338
11,98395,2067,0.0,13178,1046,97349
3,98398,2067,0.0,13179,1046,97352
7,98405,2067,0.0,13180,1046,97359
2,98407,2067,0.0,13181,1046,97361
4,98411,2067,0.0,13182,1046,97365
10,98421,2067,0.0,13183,1046,97375
7,98428,2068,1.0,13184,1046,97382
6,98434,2068,0.0,13185,1046,97388
9,98443,2068,0.0,13186,1046,97397
9,98452,2068,0.0,13187,1046,97406
6,98458,2068,0.0,13188,1046,97412
5,98463,2068,0.0,13189,1046,97417
7,98470,2068,0.0,13190,1046,97424
5,98475,2068,0.0,13191,1046,97429
7,98482,2069,1.0,13192,1046,97436
2,98484,2069,0.0,13193,1046,97438
4,98488,2069,0.0,13194,1046,97442
7,98495,2070,1.0,13195,1046,97449
11,98506,2070,0.0,13196,1046,97460
8,98514,2070,0.0,13197,1046,97468
10,98524,2070,0.0,13198,1046,97478
8,98532,2070,0.0,13199,1046,97486
3,98535,2070,0.0,13200,1046,97489
12,98547,2070,0.0,13201,1046,97501
7,98554,2071,1.0,13202,1046,97508
7,98561,2072,1.0,13203,1046,97515
8,98569,2072,0.0,13204,1046,97523
10,98579,2072,0.0,13205,1046,97533
7,98586,2073,1.0,13206,1046,97540
9,98595,2073,0.0,13207,1046,97549
17,98612,2073,0.0,13208,1046,97566
6,98618,2073,0.0,13209,1046,97572
5,98623,2073,0.0,13210,1046,97577
7,98630,2074,1.0,13211,1046,97584
12,98642,2074,0.0,13212,1046,97596
4,98646,2074,0.0,13213,1046,97600
3,98649,2074,0.0,13214,1046,97603
3,98652,2074,0.0,13215,1046,97606
4,98656,2074,0.0,13216,1046,97610
10,98666,2074,0.0,13217,1046,97620
6,98672,2074,0.0,13218,1046,97626
7,98679,2075,1.0,13219,1046,97633
12,98691,2075,0.0,13220,1046,97645
7,98698,2076,1.0,13221,1046,97652
9,98707,2076,0.0,13222,1046,97661
8,98715,2076,0.0,13223,1046,97669
9,98724,2076,0.0,13224,1046,97678
7,98731,2077,1.0,13225,1046,97685
9,98740,2077,0.0,13226,1046,97694
12,98752,2077,0.0,13227,1046,97706
4,98756,2077,0.0,13228,1046,97710
2,98758,2077,0.0,13229,1046,97712
4,98762,2077,0.0,13230,1046,97716
5,98767,2077,0.0,13231,1046,97721
7,98774,2078,1.0,13232,1046,97728
6,98780,2078,0.0,13233,1046,97734
2,98782,2078,0.0,13234,1046,97736
9,98791,2078,0.0,13235,1046,97745
8,98799,2078,0.0,13236,1046,97753
10,98809,2078,0.0,13237,1046,97763
7,98816,2078,0.0,13238,1046,97770
5,98821,2078,0.0,13239,1046,97775
19,98840,2078,0.0,13240,1046,97794
11,98851,2078,0.0,13241,1046,97805
4,98855,2078,0.0,13242,1046,97809
9,98864,2078,0.0,13243,1046,97818
11,98875,2078,0.0,13244,1046,97829
8,98883,2078,0.0,13245,1046,97837
4,98887,2078,0.0,13246,1046,97841
9,98896,2078,0.0,13247,1046,97850
3,98899,2078,0.0,13248,1046,97853
10,98909,2078,0.0,13249,1046,97863
6,98915,2078,0.0,13250,1046,97869
23,98938,2078,0.0,13251,1046,97892
10,98948,2078,0.0,13252,1046,97902
4,98952,2078,0.0,13253,1046,97906
8,98960,2078,0.0,13254,1046,97914
13,98973,2078,0.0,13255,1046,97927
13,98986,2078,0.0,13256,1046,97940
4,98990,2078,0.0,13257,1046,97944
2,98992,2078,0.0,13258,1046,97946
4,98996,2078,0.0,13259,1046,97950
7,99003,2079,1.0,13260,1046,97957
2,99005,2079,0.0,13261,1046,97959
3,99008,2079,0.0,13262,1046,97962
7,99015,2079,0.0,13263,1046,97969
12,99027,2079,0.0,13264,1046,97981
7,99034,2080,1.0,13265,1046,97988
18,99052,2080,0.0,13266,1046,98006
6,99058,2080,0.0,13267,1046,98012
3,99061,2080,0.0,13268,1046,98015
3,99064,2080,0.0,13269,1046,98018
12,99076,2080,0.0,13270,1046,98030
23,99099,2080,0.0,13271,1046,98053
7,99106,2080,0.0,13272,1046,98060
15,99121,2080,0.0,13273,1046,98075
3,99124,2080,0.0,13274,1046,98078
20,99144,2080,0.0,13275,1046,98098
8,99152,2080,0.0,13276,1046,98106
8,99160,2080,0.0,13277,1046,98114
6,99166,2080,0.0,13278,1046,98120
10,99176,2080,0.0,13279,1046,98130
11,99187,2080,0.0,13280,1046,98141
4,99191,2080,0.0,13281,1046,98145
4,99195,2080,0.0,13282,1046,98149
21,99216,2080,0.0,13283,1046,98170
7,99223,2081,1.0,13284,1046,98177
8,99231,2081,0.0,13285,1046,98185
9,99240,2081,0.0,13286,1046,98194
5,99245,2081,0.0,13287,1046,98199
5,99250,2081,0.0,13288,1046,98204
11,99261,2081,0.0,13289,1046,98215
4,99265,2081,0.0,13290,1046,98219
2,99267,2081,0.0,13291,1046,98221
8,99275,2081,0.0,13292,1046,98229
2,99277,2081,0.0,13293,1046,98231
7,99284,2082,1.0,13294,1046,98238
10,99294,2082,0.0,13295,1046,98248
21,99315,2082,0.0,13296,1046,98269
8,99323,2082,0.0,13297,1046,98277
7,99330,2083,1.0,13298,1046,98284
3,99333,2083,0.0,13299,1046,98287
9,99342,2083,0.0,13300,1046,98296
4,99346,2083,0.0,13301,1046,98300
9,99355,2083,0.0,13302,1046,98309
7,99362,2084,1.0,13303,1046,98316
7,99369,2084,0.0,13304,1046,98323
7,99376,2085,1.0,13305,1046,98330
4,99380,2085,0.0,13306,1046,98334
11,99391,2086,1.0,13307,1046,98345
7,99398,2087,1.0,13308,1046,98352
11,99409,2088,1.0,13309,1046,98363
18,99427,2088,0.0,13310,1046,98381
10,99437,2088,0.0,13311,1046,98391
14,99451,2088,0.0,13312,1046,98405
2,99453,2088,0.0,13313,1046,98407
7,99460,2089,1.0,13314,1046,98414
10,99470,2089,0.0,13315,1046,98424
7,99477,2089,0.0,13316,1046,98431
9,99486,2089,0.0,13317,1046,98440
4,99490,2089,0.0,13318,1046,98444
2,99492,2089,0.0,13319,1046,98446
4,99496,2089,0.0,13320,1046,98450
2,99498,2089,0.0,13321,1046,98452
4,99502,2089,0.0,13322,1046,98456
7,99509,2090,1.0,13323,1046,98463
11,99520,2090,0.0,13324,1046,98474
4,99524,2090,0.0,13325,1046,98478
12,99536,2090,0.0,13326,1046,98490
6,99542,2090,0.0,13327,1046,98496
11,99553,2090,0.0,13328,1046,98507
2,99555,2090,0.0,13329,1046,98509
7,99562,2091,1.0,13330,1046,98516
5,99567,2091,0.0,13331,1046,98521
2,99569,2091,0.0,13332,1046,98523
2,99571,2091,0.0,13333,1046,98525
13,99584,2091,0.0,13334,1046,98538
19,99603,2091,0.0,13335,1046,98557
7,99610,2092,1.0,13336,1046,98564
7,99617,2093,1.0,13337,1046,98571
3,99620,2093,0.0,13338,1046,98574
7,99627,2094,1.0,13339,1046,98581
7,99634,2094,0.0,13340,1046,98588
2,99636,2094,0.0,13341,1046,98590
11,99647,2094,0.0,13342,1046,98601
7,99654,2094,0.0,13343,1046,98608
2,99656,2094,0.0,13344,1046,98610
8,99664,2094,0.0,13345,1046,98618
17,99681,2094,0.0,13346,1046,98635
14,99695,2094,0.0,13347,1046,98649
3,99698,2094,0.0,13348,1046,98652
6,99704,2094,0.0,13349,1046,98658
12,99716,2094,0.0,13350,1046,98670
27,99743,2094,0.0,13351,1046,98697
3,99746,2094,0.0,13352,1046,98700
7,99753,2094,0.0,13353,1046,98707
5,99758,2094,0.0,13354,1046,98712
5,99763,2094,0.0,13355,1046,98717
8,99771,2094,0.0,13356,1046,98725
5,99776,2094,0.0,13357,1046,98730
2,99778,2094,0.0,13358,1046,98732
11,99789,2094,0.0,13359,1046,98743
9,99798,2094,0.0,13360,1046,98752
12,99810,2094,0.0,13361,1046,98764
2,99812,2094,0.0,13362,1046,98766
7,99819,2095,1.0,13363,1046,98773
7,99826,2095,0.0,13364,1046,98780
5,99831,2095,0.0,13365,1046,98785
4,99835,2095,0.0,13366,1046,98789
7,99842,2096,1.0,13367,1046,98796
7,99849,2096,0.0,13368,1046,98803
4,99853,2096,0.0,13369,1046,98807
7,99860,2096,0.0,13370,1046,98814
4,99864,2096,0.0,13371,1046,98818
29,99893,2096,0.0,13372,1046,98847
7,99900,2097,1.0,13373,1046,98854
3,99903,2097,0.0,13374,1046,98857
4,99907,2097,0.0,13375,1046,98861
22,99929,2097,0.0,13376,1046,98883
7,99936,2098,1.0,13377,1046,98890
13,99949,2098,0.0,13378,1046,98903
2,99951,2098,0.0,13379,1046,98905
9,99960,2098,0.0,13380,1046,98914
7,99967,2099,1.0,13381,1046,98921
8,99975,2099,0.0,13382,1046,98929
19,99994,2099,0.0,13383,1046,98948
