iteration,successes,successes_episode,reward_episode,episode_count,random_act,timestep
3,3,0,0.0,1,3,0
9,12,0,0.0,2,8,4
6,18,0,0.0,3,11,7
4,22,0,0.0,4,12,10
5,27,0,0.0,5,17,10
10,37,0,0.0,6,25,12
3,40,0,0.0,7,27,13
22,62,0,0.0,8,40,22
7,69,0,0.0,9,45,24
9,78,0,0.0,10,52,26
9,87,0,0.0,11,57,30
4,91,0,0.0,12,61,30
12,103,0,0.0,13,72,31
14,117,0,0.0,14,84,33
7,124,0,0.0,15,88,36
2,126,0,0.0,16,89,37
11,137,0,0.0,17,97,40
24,161,0,0.0,18,120,41
5,166,0,0.0,19,123,43
11,177,0,0.0,20,132,45
11,188,0,0.0,21,142,46
9,197,0,0.0,22,149,48
8,205,0,0.0,23,154,51
14,219,0,0.0,24,165,54
5,224,0,0.0,25,169,55
6,230,0,0.0,26,175,55
3,233,0,0.0,27,178,55
6,239,0,0.0,28,182,57
14,253,0,0.0,29,192,61
17,270,0,0.0,30,205,65
7,277,0,0.0,31,210,67
15,292,0,0.0,32,222,70
7,299,0,0.0,33,226,73
6,305,0,0.0,34,230,75
5,310,0,0.0,35,234,76
9,319,0,0.0,36,241,78
8,327,0,0.0,37,247,80
4,331,0,0.0,38,251,80
7,338,0,0.0,39,256,82
4,342,0,0.0,40,259,83
13,355,0,0.0,41,270,85
2,357,0,0.0,42,272,85
8,365,0,0.0,43,280,85
9,374,0,0.0,44,288,86
2,376,0,0.0,45,290,86
8,384,0,0.0,46,297,87
11,395,0,0.0,47,307,88
4,399,0,0.0,48,311,88
3,402,0,0.0,49,314,88
9,411,0,0.0,50,322,89
5,416,0,0.0,51,327,89
5,421,0,0.0,52,331,90
6,427,0,0.0,53,337,90
6,433,0,0.0,54,342,91
8,441,0,0.0,55,349,92
5,446,0,0.0,56,354,92
5,451,0,0.0,57,357,94
10,461,0,0.0,58,364,97
3,464,0,0.0,59,366,98
6,470,0,0.0,60,371,99
28,498,0,0.0,61,391,107
3,501,0,0.0,62,393,108
3,504,0,0.0,63,396,108
10,514,1,1.0,64,404,110
2,516,1,0.0,65,404,112
2,518,1,0.0,66,405,113
14,532,1,0.0,67,407,125
13,545,1,0.0,68,412,133
7,552,1,0.0,69,412,140
7,559,1,0.0,70,414,145
6,565,1,0.0,71,416,149
4,569,1,0.0,72,416,153
4,573,1,0.0,73,417,156
5,578,1,0.0,74,419,159
3,581,1,0.0,75,419,162
6,587,1,0.0,76,421,166
2,589,1,0.0,77,422,167
7,596,1,0.0,78,425,171
30,626,2,1.0,79,429,197
11,637,2,0.0,80,429,208
9,646,2,0.0,81,430,216
10,656,2,0.0,82,431,225
6,662,2,0.0,83,431,231
9,671,2,0.0,84,431,240
2,673,2,0.0,85,431,242
5,678,2,0.0,86,431,247
11,689,2,0.0,87,433,256
4,693,2,0.0,88,433,260
7,700,2,0.0,89,433,267
7,707,2,0.0,90,433,274
6,713,2,0.0,91,433,280
15,728,2,0.0,92,433,295
7,735,2,0.0,93,433,302
3,738,2,0.0,94,433,305
4,742,2,0.0,95,435,307
6,748,2,0.0,96,435,313
7,755,2,0.0,97,435,320
16,771,2,0.0,98,437,334
3,774,2,0.0,99,437,337
10,784,2,0.0,100,438,346
16,800,2,0.0,101,439,361
19,819,2,0.0,102,440,379
5,824,2,0.0,103,441,383
8,832,2,0.0,104,443,389
13,845,3,1.0,105,443,402
5,850,3,0.0,106,443,407
23,873,3,0.0,107,443,430
9,882,3,0.0,108,443,439
15,897,3,0.0,109,443,454
11,908,4,1.0,110,443,465
8,916,4,0.0,111,443,473
20,936,4,0.0,112,443,493
8,944,5,1.0,113,443,501
5,949,5,0.0,114,443,506
2,951,5,0.0,115,443,508
14,965,5,0.0,116,443,522
3,968,5,0.0,117,443,525
4,972,5,0.0,118,443,529
12,984,5,0.0,119,443,541
5,989,5,0.0,120,443,546
11,1000,5,0.0,121,444,556
11,1011,5,0.0,122,444,567
5,1016,5,0.0,123,444,572
10,1026,5,0.0,124,444,582
7,1033,5,0.0,125,444,589
4,1037,5,0.0,126,444,593
9,1046,5,0.0,127,444,602
5,1051,5,0.0,128,444,607
9,1060,5,0.0,129,444,616
2,1062,5,0.0,130,444,618
5,1067,5,0.0,131,444,623
17,1084,5,0.0,132,444,640
11,1095,6,1.0,133,444,651
8,1103,6,0.0,134,444,659
7,1110,6,0.0,135,444,666
9,1119,6,0.0,136,444,675
7,1126,6,0.0,137,444,682
15,1141,6,0.0,138,444,697
5,1146,6,0.0,139,444,702
15,1161,6,0.0,140,444,717
4,1165,6,0.0,141,444,721
6,1171,6,0.0,142,444,727
6,1177,6,0.0,143,444,733
2,1179,6,0.0,144,444,735
24,1203,6,0.0,145,444,759
4,1207,6,0.0,146,444,763
7,1214,6,0.0,147,444,770
9,1223,6,0.0,148,444,779
11,1234,7,1.0,149,444,790
4,1238,7,0.0,150,445,793
2,1240,7,0.0,151,445,795
8,1248,7,0.0,152,445,803
2,1250,7,0.0,153,445,805
3,1253,7,0.0,154,445,808
6,1259,7,0.0,155,445,814
2,1261,7,0.0,156,445,816
5,1266,7,0.0,157,445,821
2,1268,7,0.0,158,445,823
3,1271,7,0.0,159,445,826
3,1274,7,0.0,160,445,829
4,1278,7,0.0,161,445,833
3,1281,7,0.0,162,445,836
6,1287,7,0.0,163,445,842
2,1289,7,0.0,164,445,844
5,1294,7,0.0,165,445,849
5,1299,7,0.0,166,445,854
9,1308,7,0.0,167,445,863
2,1310,7,0.0,168,445,865
11,1321,8,1.0,169,445,876
9,1330,8,0.0,170,445,885
18,1348,9,1.0,171,445,903
7,1355,9,0.0,172,445,910
8,1363,9,0.0,173,445,918
8,1371,9,0.0,174,445,926
6,1377,9,0.0,175,445,932
14,1391,10,1.0,176,445,946
9,1400,10,0.0,177,445,955
8,1408,10,0.0,178,445,963
5,1413,10,0.0,179,445,968
9,1422,10,0.0,180,445,977
6,1428,10,0.0,181,445,983
5,1433,10,0.0,182,445,988
7,1440,10,0.0,183,445,995
23,1463,10,0.0,184,445,1018
5,1468,10,0.0,185,445,1023
11,1479,11,1.0,186,445,1034
3,1482,11,0.0,187,445,1037
11,1493,11,0.0,188,445,1048
4,1497,11,0.0,189,445,1052
12,1509,11,0.0,190,445,1064
4,1513,11,0.0,191,445,1068
10,1523,11,0.0,192,445,1078
4,1527,11,0.0,193,445,1082
7,1534,11,0.0,194,445,1089
5,1539,11,0.0,195,445,1094
14,1553,12,1.0,196,445,1108
45,1598,13,1.0,197,445,1153
21,1619,13,0.0,198,445,1174
18,1637,13,0.0,199,445,1192
6,1643,13,0.0,200,445,1198
9,1652,13,0.0,201,445,1207
9,1661,13,0.0,202,445,1216
2,1663,13,0.0,203,445,1218
2,1665,13,0.0,204,445,1220
11,1676,13,0.0,205,445,1231
6,1682,13,0.0,206,445,1237
28,1710,13,0.0,207,445,1265
8,1718,13,0.0,208,445,1273
4,1722,13,0.0,209,445,1277
7,1729,13,0.0,210,445,1284
12,1741,13,0.0,211,445,1296
23,1764,13,0.0,212,445,1319
6,1770,13,0.0,213,445,1325
6,1776,13,0.0,214,445,1331
2,1778,13,0.0,215,445,1333
16,1794,13,0.0,216,445,1349
2,1796,13,0.0,217,445,1351
12,1808,13,0.0,218,445,1363
2,1810,13,0.0,219,445,1365
6,1816,13,0.0,220,445,1371
5,1821,13,0.0,221,445,1376
6,1827,13,0.0,222,445,1382
4,1831,13,0.0,223,445,1386
15,1846,13,0.0,224,445,1401
7,1853,13,0.0,225,445,1408
10,1863,13,0.0,226,445,1418
5,1868,13,0.0,227,445,1423
11,1879,14,1.0,228,445,1434
13,1892,14,0.0,229,445,1447
5,1897,14,0.0,230,445,1452
6,1903,14,0.0,231,445,1458
6,1909,14,0.0,232,445,1464
3,1912,14,0.0,233,445,1467
10,1922,14,0.0,234,445,1477
3,1925,14,0.0,235,445,1480
3,1928,14,0.0,236,445,1483
14,1942,14,0.0,237,445,1497
3,1945,14,0.0,238,445,1500
4,1949,14,0.0,239,445,1504
3,1952,14,0.0,240,445,1507
7,1959,14,0.0,241,445,1514
2,1961,14,0.0,242,445,1516
6,1967,14,0.0,243,445,1522
3,1970,14,0.0,244,445,1525
6,1976,14,0.0,245,445,1531
9,1985,14,0.0,246,445,1540
2,1987,14,0.0,247,445,1542
8,1995,14,0.0,248,445,1550
3,1998,14,0.0,249,445,1553
10,2008,14,0.0,250,445,1563
11,2019,14,0.0,251,445,1574
7,2026,14,0.0,252,445,1581
9,2035,14,0.0,253,445,1590
7,2042,14,0.0,254,445,1597
3,2045,14,0.0,255,445,1600
8,2053,15,1.0,256,445,1608
11,2064,16,1.0,257,445,1619
6,2070,16,0.0,258,445,1625
5,2075,16,0.0,259,445,1630
11,2086,17,1.0,260,445,1641
10,2096,17,0.0,261,445,1651
10,2106,17,0.0,262,445,1661
5,2111,17,0.0,263,445,1666
2,2113,17,0.0,264,445,1668
9,2122,17,0.0,265,445,1677
13,2135,18,1.0,266,445,1690
6,2141,18,0.0,267,445,1696
21,2162,18,0.0,268,445,1717
5,2167,18,0.0,269,445,1722
9,2176,18,0.0,270,445,1731
6,2182,18,0.0,271,445,1737
13,2195,18,0.0,272,445,1750
5,2200,18,0.0,273,445,1755
13,2213,18,0.0,274,445,1768
15,2228,18,0.0,275,445,1783
13,2241,18,0.0,276,445,1796
9,2250,18,0.0,277,445,1805
10,2260,18,0.0,278,445,1815
9,2269,18,0.0,279,445,1824
9,2278,18,0.0,280,445,1833
2,2280,18,0.0,281,445,1835
11,2291,19,1.0,282,445,1846
7,2298,19,0.0,283,445,1853
12,2310,19,0.0,284,445,1865
2,2312,19,0.0,285,445,1867
10,2322,19,0.0,286,445,1877
5,2327,19,0.0,287,445,1882
4,2331,19,0.0,288,445,1886
21,2352,19,0.0,289,445,1907
8,2360,19,0.0,290,445,1915
4,2364,19,0.0,291,445,1919
4,2368,19,0.0,292,445,1923
5,2373,19,0.0,293,445,1928
4,2377,19,0.0,294,445,1932
2,2379,19,0.0,295,445,1934
11,2390,20,1.0,296,445,1945
7,2397,20,0.0,297,445,1952
16,2413,20,0.0,298,445,1968
11,2424,20,0.0,299,445,1979
5,2429,20,0.0,300,445,1984
6,2435,20,0.0,301,445,1990
31,2466,20,0.0,302,445,2021
4,2470,20,0.0,303,445,2025
18,2488,20,0.0,304,445,2043
2,2490,20,0.0,305,445,2045
5,2495,20,0.0,306,445,2050
3,2498,20,0.0,307,445,2053
7,2505,20,0.0,308,445,2060
7,2512,20,0.0,309,445,2067
2,2514,20,0.0,310,445,2069
10,2524,20,0.0,311,445,2079
2,2526,20,0.0,312,445,2081
17,2543,20,0.0,313,445,2098
15,2558,20,0.0,314,445,2113
7,2565,20,0.0,315,445,2120
7,2572,20,0.0,316,445,2127
4,2576,20,0.0,317,445,2131
9,2585,20,0.0,318,445,2140
7,2592,20,0.0,319,445,2147
6,2598,20,0.0,320,445,2153
5,2603,20,0.0,321,445,2158
11,2614,20,0.0,322,445,2169
11,2625,20,0.0,323,445,2180
4,2629,20,0.0,324,445,2184
8,2637,20,0.0,325,445,2192
6,2643,20,0.0,326,445,2198
10,2653,20,0.0,327,445,2208
4,2657,20,0.0,328,445,2212
26,2683,20,0.0,329,445,2238
17,2700,20,0.0,330,445,2255
5,2705,20,0.0,331,445,2260
2,2707,20,0.0,332,445,2262
4,2711,20,0.0,333,445,2266
18,2729,21,1.0,334,445,2284
5,2734,21,0.0,335,445,2289
5,2739,21,0.0,336,445,2294
5,2744,21,0.0,337,445,2299
19,2763,21,0.0,338,445,2318
8,2771,21,0.0,339,445,2326
11,2782,21,0.0,340,445,2337
17,2799,21,0.0,341,445,2354
7,2806,21,0.0,342,445,2361
5,2811,21,0.0,343,445,2366
2,2813,21,0.0,344,445,2368
7,2820,21,0.0,345,445,2375
12,2832,21,0.0,346,445,2387
3,2835,21,0.0,347,445,2390
18,2853,22,1.0,348,445,2408
5,2858,22,0.0,349,445,2413
3,2861,22,0.0,350,445,2416
3,2864,22,0.0,351,445,2419
5,2869,22,0.0,352,445,2424
5,2874,22,0.0,353,445,2429
7,2881,22,0.0,354,445,2436
10,2891,22,0.0,355,445,2446
6,2897,22,0.0,356,445,2452
2,2899,22,0.0,357,445,2454
2,2901,22,0.0,358,445,2456
5,2906,22,0.0,359,445,2461
9,2915,22,0.0,360,445,2470
2,2917,22,0.0,361,445,2472
4,2921,22,0.0,362,445,2476
3,2924,22,0.0,363,445,2479
7,2931,22,0.0,364,445,2486
8,2939,22,0.0,365,445,2494
12,2951,22,0.0,366,445,2506
29,2980,22,0.0,367,445,2535
11,2991,23,1.0,368,445,2546
4,2995,23,0.0,369,445,2550
5,3000,23,0.0,370,445,2555
10,3010,23,0.0,371,445,2565
3,3013,23,0.0,372,445,2568
7,3020,23,0.0,373,445,2575
4,3024,23,0.0,374,445,2579
4,3028,23,0.0,375,445,2583
2,3030,23,0.0,376,445,2585
27,3057,23,0.0,377,445,2612
9,3066,23,0.0,378,445,2621
3,3069,23,0.0,379,445,2624
9,3078,23,0.0,380,445,2633
3,3081,23,0.0,381,445,2636
6,3087,23,0.0,382,445,2642
15,3102,23,0.0,383,445,2657
2,3104,23,0.0,384,445,2659
11,3115,24,1.0,385,445,2670
3,3118,24,0.0,386,445,2673
11,3129,25,1.0,387,445,2684
13,3142,25,0.0,388,445,2697
5,3147,25,0.0,389,445,2702
5,3152,25,0.0,390,445,2707
7,3159,25,0.0,391,445,2714
3,3162,25,0.0,392,445,2717
2,3164,25,0.0,393,445,2719
6,3170,25,0.0,394,445,2725
6,3176,25,0.0,395,445,2731
5,3181,25,0.0,396,445,2736
4,3185,25,0.0,397,445,2740
5,3190,25,0.0,398,445,2745
11,3201,26,1.0,399,445,2756
4,3205,26,0.0,400,445,2760
5,3210,26,0.0,401,445,2765
10,3220,26,0.0,402,445,2775
5,3225,26,0.0,403,445,2780
3,3228,26,0.0,404,445,2783
5,3233,26,0.0,405,445,2788
11,3244,26,0.0,406,445,2799
2,3246,26,0.0,407,445,2801
5,3251,26,0.0,408,445,2806
4,3255,26,0.0,409,445,2810
2,3257,26,0.0,410,445,2812
4,3261,26,0.0,411,445,2816
2,3263,26,0.0,412,445,2818
5,3268,26,0.0,413,445,2823
3,3271,26,0.0,414,445,2826
4,3275,26,0.0,415,445,2830
10,3285,26,0.0,416,445,2840
6,3291,26,0.0,417,445,2846
9,3300,26,0.0,418,445,2855
2,3302,26,0.0,419,445,2857
7,3309,26,0.0,420,445,2864
4,3313,26,0.0,421,445,2868
7,3320,26,0.0,422,445,2875
2,3322,26,0.0,423,445,2877
11,3333,26,0.0,424,445,2888
3,3336,26,0.0,425,445,2891
4,3340,26,0.0,426,445,2895
3,3343,26,0.0,427,445,2898
2,3345,26,0.0,428,445,2900
10,3355,26,0.0,429,445,2910
7,3362,26,0.0,430,445,2917
6,3368,26,0.0,431,445,2923
14,3382,26,0.0,432,445,2937
21,3403,26,0.0,433,445,2958
3,3406,26,0.0,434,445,2961
13,3419,26,0.0,435,445,2974
10,3429,26,0.0,436,445,2984
4,3433,26,0.0,437,445,2988
2,3435,26,0.0,438,445,2990
2,3437,26,0.0,439,445,2992
8,3445,26,0.0,440,445,3000
4,3449,26,0.0,441,445,3004
8,3457,26,0.0,442,445,3012
8,3465,26,0.0,443,445,3020
10,3475,26,0.0,444,445,3030
3,3478,26,0.0,445,445,3033
14,3492,27,1.0,446,445,3047
4,3496,27,0.0,447,445,3051
3,3499,27,0.0,448,445,3054
3,3502,27,0.0,449,445,3057
8,3510,27,0.0,450,445,3065
7,3517,27,0.0,451,445,3072
2,3519,27,0.0,452,445,3074
4,3523,27,0.0,453,445,3078
6,3529,27,0.0,454,445,3084
7,3536,27,0.0,455,445,3091
4,3540,27,0.0,456,445,3095
3,3543,27,0.0,457,445,3098
3,3546,27,0.0,458,445,3101
4,3550,27,0.0,459,445,3105
8,3558,27,0.0,460,445,3113
6,3564,27,0.0,461,445,3119
7,3571,27,0.0,462,445,3126
3,3574,27,0.0,463,445,3129
2,3576,27,0.0,464,445,3131
11,3587,28,1.0,465,445,3142
8,3595,28,0.0,466,445,3150
4,3599,28,0.0,467,445,3154
14,3613,28,0.0,468,445,3168
2,3615,28,0.0,469,445,3170
4,3619,28,0.0,470,445,3174
3,3622,28,0.0,471,445,3177
4,3626,28,0.0,472,445,3181
4,3630,28,0.0,473,445,3185
8,3638,28,0.0,474,445,3193
7,3645,28,0.0,475,445,3200
2,3647,28,0.0,476,445,3202
4,3651,28,0.0,477,445,3206
4,3655,28,0.0,478,445,3210
5,3660,28,0.0,479,445,3215
2,3662,28,0.0,480,445,3217
2,3664,28,0.0,481,445,3219
11,3675,28,0.0,482,445,3230
16,3691,28,0.0,483,445,3246
2,3693,28,0.0,484,445,3248
3,3696,28,0.0,485,445,3251
5,3701,28,0.0,486,445,3256
8,3709,28,0.0,487,445,3264
6,3715,28,0.0,488,445,3270
3,3718,28,0.0,489,445,3273
2,3720,28,0.0,490,445,3275
3,3723,28,0.0,491,445,3278
2,3725,28,0.0,492,445,3280
2,3727,28,0.0,493,445,3282
24,3751,28,0.0,494,445,3306
2,3753,28,0.0,495,445,3308
11,3764,29,1.0,496,445,3319
11,3775,30,1.0,497,445,3330
3,3778,30,0.0,498,445,3333
3,3781,30,0.0,499,445,3336
2,3783,30,0.0,500,445,3338
4,3787,30,0.0,501,445,3342
5,3792,30,0.0,502,445,3347
12,3804,30,0.0,503,445,3359
2,3806,30,0.0,504,445,3361
11,3817,31,1.0,505,445,3372
19,3836,31,0.0,506,445,3391
14,3850,31,0.0,507,445,3405
5,3855,31,0.0,508,445,3410
2,3857,31,0.0,509,445,3412
5,3862,31,0.0,510,445,3417
14,3876,31,0.0,511,445,3431
4,3880,31,0.0,512,445,3435
6,3886,31,0.0,513,445,3441
2,3888,31,0.0,514,445,3443
2,3890,31,0.0,515,445,3445
4,3894,31,0.0,516,445,3449
11,3905,32,1.0,517,445,3460
4,3909,32,0.0,518,445,3464
3,3912,32,0.0,519,445,3467
5,3917,32,0.0,520,445,3472
12,3929,32,0.0,521,445,3484
12,3941,32,0.0,522,445,3496
6,3947,32,0.0,523,445,3502
13,3960,33,1.0,524,445,3515
5,3965,33,0.0,525,445,3520
8,3973,34,1.0,526,445,3528
6,3979,34,0.0,527,445,3534
7,3986,34,0.0,528,445,3541
11,3997,35,1.0,529,445,3552
4,4001,35,0.0,530,445,3556
10,4011,35,0.0,531,445,3566
17,4028,35,0.0,532,445,3583
2,4030,35,0.0,533,445,3585
7,4037,35,0.0,534,445,3592
8,4045,35,0.0,535,445,3600
6,4051,35,0.0,536,445,3606
5,4056,35,0.0,537,445,3611
2,4058,35,0.0,538,445,3613
2,4060,35,0.0,539,445,3615
23,4083,35,0.0,540,445,3638
3,4086,35,0.0,541,445,3641
11,4097,35,0.0,542,445,3652
11,4108,36,1.0,543,445,3663
5,4113,36,0.0,544,445,3668
11,4124,37,1.0,545,445,3679
2,4126,37,0.0,546,445,3681
8,4134,37,0.0,547,445,3689
4,4138,37,0.0,548,445,3693
18,4156,38,1.0,549,445,3711
11,4167,39,1.0,550,445,3722
5,4172,39,0.0,551,445,3727
5,4177,39,0.0,552,445,3732
5,4182,39,0.0,553,445,3737
2,4184,39,0.0,554,445,3739
5,4189,39,0.0,555,445,3744
5,4194,39,0.0,556,445,3749
7,4201,39,0.0,557,445,3756
5,4206,39,0.0,558,445,3761
2,4208,39,0.0,559,445,3763
2,4210,39,0.0,560,445,3765
2,4212,39,0.0,561,445,3767
23,4235,39,0.0,562,445,3790
12,4247,39,0.0,563,445,3802
4,4251,39,0.0,564,445,3806
7,4258,39,0.0,565,445,3813
35,4293,39,0.0,566,445,3848
15,4308,39,0.0,567,445,3863
6,4314,39,0.0,568,445,3869
5,4319,39,0.0,569,445,3874
5,4324,39,0.0,570,445,3879
23,4347,39,0.0,571,445,3902
16,4363,39,0.0,572,445,3918
6,4369,39,0.0,573,445,3924
4,4373,39,0.0,574,445,3928
4,4377,39,0.0,575,445,3932
2,4379,39,0.0,576,445,3934
4,4383,39,0.0,577,445,3938
18,4401,40,1.0,578,445,3956
4,4405,40,0.0,579,445,3960
3,4408,40,0.0,580,445,3963
2,4410,40,0.0,581,445,3965
10,4420,40,0.0,582,445,3975
4,4424,40,0.0,583,445,3979
10,4434,40,0.0,584,445,3989
6,4440,40,0.0,585,445,3995
3,4443,40,0.0,586,445,3998
5,4448,40,0.0,587,445,4003
11,4459,41,1.0,588,445,4014
2,4461,41,0.0,589,445,4016
3,4464,41,0.0,590,445,4019
6,4470,41,0.0,591,445,4025
13,4483,41,0.0,592,445,4038
12,4495,41,0.0,593,445,4050
7,4502,41,0.0,594,445,4057
7,4509,41,0.0,595,445,4064
9,4518,41,0.0,596,445,4073
12,4530,41,0.0,597,445,4085
5,4535,41,0.0,598,445,4090
14,4549,41,0.0,599,445,4104
3,4552,41,0.0,600,445,4107
3,4555,41,0.0,601,445,4110
11,4566,42,1.0,602,445,4121
2,4568,42,0.0,603,445,4123
6,4574,42,0.0,604,445,4129
2,4576,42,0.0,605,445,4131
4,4580,42,0.0,606,445,4135
6,4586,42,0.0,607,445,4141
15,4601,42,0.0,608,445,4156
19,4620,42,0.0,609,445,4175
7,4627,42,0.0,610,445,4182
27,4654,42,0.0,611,445,4209
12,4666,42,0.0,612,445,4221
3,4669,42,0.0,613,445,4224
5,4674,42,0.0,614,445,4229
11,4685,43,1.0,615,445,4240
11,4696,43,0.0,616,445,4251
7,4703,43,0.0,617,445,4258
5,4708,43,0.0,618,445,4263
2,4710,43,0.0,619,445,4265
4,4714,43,0.0,620,445,4269
5,4719,43,0.0,621,445,4274
5,4724,43,0.0,622,445,4279
11,4735,44,1.0,623,445,4290
11,4746,45,1.0,624,445,4301
10,4756,45,0.0,625,445,4311
16,4772,45,0.0,626,445,4327
5,4777,45,0.0,627,445,4332
5,4782,45,0.0,628,445,4337
4,4786,45,0.0,629,445,4341
4,4790,45,0.0,630,445,4345
9,4799,45,0.0,631,445,4354
5,4804,45,0.0,632,445,4359
3,4807,45,0.0,633,445,4362
4,4811,45,0.0,634,445,4366
4,4815,45,0.0,635,445,4370
13,4828,45,0.0,636,445,4383
7,4835,45,0.0,637,445,4390
19,4854,45,0.0,638,445,4409
2,4856,45,0.0,639,445,4411
2,4858,45,0.0,640,445,4413
8,4866,45,0.0,641,445,4421
2,4868,45,0.0,642,445,4423
7,4875,45,0.0,643,445,4430
7,4882,45,0.0,644,445,4437
3,4885,45,0.0,645,445,4440
4,4889,45,0.0,646,445,4444
24,4913,46,1.0,647,445,4468
4,4917,46,0.0,648,445,4472
7,4924,46,0.0,649,445,4479
6,4930,46,0.0,650,445,4485
3,4933,46,0.0,651,445,4488
8,4941,46,0.0,652,445,4496
23,4964,46,0.0,653,445,4519
6,4970,46,0.0,654,445,4525
5,4975,46,0.0,655,445,4530
9,4984,46,0.0,656,445,4539
4,4988,46,0.0,657,445,4543
11,4999,47,1.0,658,445,4554
13,5012,48,1.0,659,445,4567
11,5023,48,0.0,660,445,4578
5,5028,48,0.0,661,445,4583
5,5033,48,0.0,662,445,4588
11,5044,49,1.0,663,445,4599
5,5049,49,0.0,664,445,4604
2,5051,49,0.0,665,445,4606
24,5075,49,0.0,666,445,4630
7,5082,49,0.0,667,445,4637
4,5086,49,0.0,668,445,4641
17,5103,49,0.0,669,445,4658
2,5105,49,0.0,670,445,4660
7,5112,49,0.0,671,445,4667
11,5123,50,1.0,672,445,4678
11,5134,50,0.0,673,445,4689
3,5137,50,0.0,674,445,4692
10,5147,50,0.0,675,445,4702
4,5151,50,0.0,676,445,4706
11,5162,50,0.0,677,445,4717
8,5170,50,0.0,678,445,4725
2,5172,50,0.0,679,445,4727
4,5176,50,0.0,680,445,4731
12,5188,50,0.0,681,445,4743
11,5199,51,1.0,682,445,4754
5,5204,51,0.0,683,445,4759
7,5211,51,0.0,684,445,4766
4,5215,51,0.0,685,445,4770
2,5217,51,0.0,686,445,4772
4,5221,51,0.0,687,445,4776
11,5232,52,1.0,688,445,4787
5,5237,52,0.0,689,445,4792
12,5249,52,0.0,690,445,4804
12,5261,52,0.0,691,445,4816
7,5268,52,0.0,692,445,4823
7,5275,52,0.0,693,445,4830
3,5278,52,0.0,694,445,4833
4,5282,52,0.0,695,445,4837
11,5293,53,1.0,696,445,4848
4,5297,53,0.0,697,445,4852
7,5304,53,0.0,698,445,4859
4,5308,53,0.0,699,445,4863
14,5322,53,0.0,700,445,4877
5,5327,53,0.0,701,445,4882
9,5336,53,0.0,702,445,4891
4,5340,53,0.0,703,445,4895
14,5354,53,0.0,704,445,4909
14,5368,54,1.0,705,445,4923
2,5370,54,0.0,706,445,4925
16,5386,54,0.0,707,445,4941
6,5392,54,0.0,708,445,4947
2,5394,54,0.0,709,445,4949
9,5403,54,0.0,710,445,4958
7,5410,54,0.0,711,445,4965
16,5426,54,0.0,712,445,4981
7,5433,54,0.0,713,445,4988
4,5437,54,0.0,714,445,4992
11,5448,55,1.0,715,445,5003
7,5455,55,0.0,716,445,5010
4,5459,55,0.0,717,445,5014
11,5470,56,1.0,718,445,5025
6,5476,56,0.0,719,445,5031
4,5480,56,0.0,720,445,5035
7,5487,56,0.0,721,445,5042
10,5497,56,0.0,722,445,5052
8,5505,56,0.0,723,445,5060
11,5516,57,1.0,724,445,5071
14,5530,57,0.0,725,445,5085
6,5536,57,0.0,726,445,5091
11,5547,58,1.0,727,445,5102
7,5554,58,0.0,728,445,5109
3,5557,58,0.0,729,445,5112
11,5568,58,0.0,730,445,5123
4,5572,58,0.0,731,445,5127
7,5579,58,0.0,732,445,5134
11,5590,58,0.0,733,445,5145
7,5597,58,0.0,734,445,5152
12,5609,58,0.0,735,445,5164
2,5611,58,0.0,736,445,5166
11,5622,59,1.0,737,445,5177
11,5633,60,1.0,738,445,5188
11,5644,61,1.0,739,445,5199
3,5647,61,0.0,740,445,5202
5,5652,61,0.0,741,445,5207
10,5662,61,0.0,742,445,5217
7,5669,61,0.0,743,445,5224
8,5677,61,0.0,744,445,5232
3,5680,61,0.0,745,445,5235
5,5685,61,0.0,746,445,5240
11,5696,62,1.0,747,445,5251
11,5707,62,0.0,748,445,5262
8,5715,62,0.0,749,445,5270
2,5717,62,0.0,750,445,5272
9,5726,62,0.0,751,445,5281
2,5728,62,0.0,752,445,5283
11,5739,62,0.0,753,445,5294
2,5741,62,0.0,754,445,5296
12,5753,62,0.0,755,445,5308
9,5762,62,0.0,756,445,5317
10,5772,62,0.0,757,445,5327
5,5777,62,0.0,758,445,5332
6,5783,62,0.0,759,445,5338
5,5788,62,0.0,760,445,5343
2,5790,62,0.0,761,445,5345
19,5809,62,0.0,762,445,5364
8,5817,63,1.0,763,445,5372
11,5828,64,1.0,764,445,5383
4,5832,64,0.0,765,445,5387
16,5848,64,0.0,766,445,5403
6,5854,64,0.0,767,445,5409
2,5856,64,0.0,768,445,5411
9,5865,64,0.0,769,445,5420
12,5877,64,0.0,770,445,5432
5,5882,64,0.0,771,445,5437
3,5885,64,0.0,772,445,5440
16,5901,64,0.0,773,445,5456
5,5906,64,0.0,774,445,5461
12,5918,64,0.0,775,445,5473
3,5921,64,0.0,776,445,5476
4,5925,64,0.0,777,445,5480
7,5932,64,0.0,778,445,5487
15,5947,64,0.0,779,445,5502
6,5953,64,0.0,780,445,5508
12,5965,64,0.0,781,445,5520
8,5973,64,0.0,782,445,5528
8,5981,64,0.0,783,445,5536
11,5992,64,0.0,784,445,5547
9,6001,64,0.0,785,445,5556
4,6005,64,0.0,786,445,5560
5,6010,64,0.0,787,445,5565
7,6017,64,0.0,788,445,5572
3,6020,64,0.0,789,445,5575
2,6022,64,0.0,790,445,5577
4,6026,64,0.0,791,445,5581
5,6031,64,0.0,792,445,5586
6,6037,64,0.0,793,445,5592
3,6040,64,0.0,794,445,5595
7,6047,64,0.0,795,445,5602
11,6058,64,0.0,796,445,5613
6,6064,64,0.0,797,445,5619
5,6069,64,0.0,798,445,5624
11,6080,65,1.0,799,445,5635
8,6088,65,0.0,800,445,5643
4,6092,65,0.0,801,445,5647
6,6098,65,0.0,802,445,5653
2,6100,65,0.0,803,445,5655
5,6105,65,0.0,804,445,5660
2,6107,65,0.0,805,445,5662
3,6110,65,0.0,806,445,5665
9,6119,65,0.0,807,445,5674
4,6123,65,0.0,808,445,5678
4,6127,65,0.0,809,445,5682
10,6137,65,0.0,810,445,5692
7,6144,65,0.0,811,445,5699
4,6148,65,0.0,812,445,5703
11,6159,66,1.0,813,445,5714
3,6162,66,0.0,814,445,5717
6,6168,66,0.0,815,445,5723
3,6171,66,0.0,816,445,5726
15,6186,66,0.0,817,445,5741
6,6192,66,0.0,818,445,5747
9,6201,66,0.0,819,445,5756
5,6206,66,0.0,820,445,5761
5,6211,66,0.0,821,445,5766
3,6214,66,0.0,822,445,5769
6,6220,66,0.0,823,445,5775
9,6229,66,0.0,824,445,5784
2,6231,66,0.0,825,445,5786
10,6241,66,0.0,826,445,5796
4,6245,66,0.0,827,445,5800
3,6248,66,0.0,828,445,5803
2,6250,66,0.0,829,445,5805
8,6258,66,0.0,830,445,5813
16,6274,66,0.0,831,445,5829
5,6279,66,0.0,832,445,5834
5,6284,66,0.0,833,445,5839
4,6288,66,0.0,834,445,5843
4,6292,66,0.0,835,445,5847
4,6296,66,0.0,836,445,5851
3,6299,66,0.0,837,445,5854
7,6306,66,0.0,838,445,5861
14,6320,66,0.0,839,445,5875
4,6324,66,0.0,840,445,5879
12,6336,66,0.0,841,445,5891
10,6346,66,0.0,842,445,5901
11,6357,67,1.0,843,445,5912
6,6363,67,0.0,844,445,5918
5,6368,67,0.0,845,445,5923
4,6372,67,0.0,846,445,5927
11,6383,67,0.0,847,445,5938
4,6387,67,0.0,848,445,5942
20,6407,67,0.0,849,445,5962
3,6410,67,0.0,850,445,5965
2,6412,67,0.0,851,445,5967
9,6421,67,0.0,852,445,5976
2,6423,67,0.0,853,445,5978
2,6425,67,0.0,854,445,5980
11,6436,68,1.0,855,445,5991
18,6454,69,1.0,856,445,6009
5,6459,69,0.0,857,445,6014
3,6462,69,0.0,858,445,6017
6,6468,69,0.0,859,445,6023
19,6487,69,0.0,860,445,6042
11,6498,70,1.0,861,445,6053
11,6509,71,1.0,862,445,6064
3,6512,71,0.0,863,445,6067
3,6515,71,0.0,864,445,6070
5,6520,71,0.0,865,445,6075
9,6529,71,0.0,866,445,6084
3,6532,71,0.0,867,445,6087
2,6534,71,0.0,868,445,6089
4,6538,71,0.0,869,445,6093
11,6549,72,1.0,870,445,6104
2,6551,72,0.0,871,445,6106
4,6555,72,0.0,872,445,6110
4,6559,72,0.0,873,445,6114
10,6569,72,0.0,874,445,6124
3,6572,72,0.0,875,445,6127
2,6574,72,0.0,876,445,6129
5,6579,72,0.0,877,445,6134
4,6583,72,0.0,878,445,6138
11,6594,73,1.0,879,445,6149
3,6597,73,0.0,880,445,6152
7,6604,73,0.0,881,445,6159
13,6617,73,0.0,882,445,6172
11,6628,74,1.0,883,445,6183
10,6638,74,0.0,884,445,6193
11,6649,75,1.0,885,445,6204
16,6665,75,0.0,886,445,6220
5,6670,75,0.0,887,445,6225
6,6676,75,0.0,888,445,6231
2,6678,75,0.0,889,445,6233
7,6685,75,0.0,890,445,6240
3,6688,75,0.0,891,445,6243
12,6700,75,0.0,892,445,6255
7,6707,75,0.0,893,445,6262
8,6715,75,0.0,894,445,6270
2,6717,75,0.0,895,445,6272
11,6728,76,1.0,896,445,6283
8,6736,76,0.0,897,445,6291
7,6743,76,0.0,898,445,6298
7,6750,76,0.0,899,445,6305
11,6761,76,0.0,900,445,6316
11,6772,77,1.0,901,445,6327
6,6778,77,0.0,902,445,6333
3,6781,77,0.0,903,445,6336
11,6792,78,1.0,904,445,6347
4,6796,78,0.0,905,445,6351
11,6807,79,1.0,906,445,6362
12,6819,79,0.0,907,445,6374
6,6825,79,0.0,908,445,6380
4,6829,79,0.0,909,445,6384
6,6835,79,0.0,910,445,6390
11,6846,80,1.0,911,445,6401
4,6850,80,0.0,912,445,6405
6,6856,80,0.0,913,445,6411
7,6863,80,0.0,914,445,6418
3,6866,80,0.0,915,445,6421
3,6869,80,0.0,916,445,6424
4,6873,80,0.0,917,445,6428
7,6880,80,0.0,918,445,6435
4,6884,80,0.0,919,445,6439
6,6890,80,0.0,920,445,6445
2,6892,80,0.0,921,445,6447
8,6900,80,0.0,922,445,6455
9,6909,80,0.0,923,445,6464
9,6918,80,0.0,924,445,6473
7,6925,80,0.0,925,445,6480
2,6927,80,0.0,926,445,6482
24,6951,80,0.0,927,445,6506
2,6953,80,0.0,928,445,6508
2,6955,80,0.0,929,445,6510
7,6962,80,0.0,930,445,6517
8,6970,80,0.0,931,445,6525
3,6973,80,0.0,932,445,6528
34,7007,80,0.0,933,445,6562
17,7024,80,0.0,934,445,6579
5,7029,80,0.0,935,445,6584
3,7032,80,0.0,936,445,6587
5,7037,80,0.0,937,445,6592
8,7045,80,0.0,938,445,6600
6,7051,80,0.0,939,445,6606
4,7055,80,0.0,940,445,6610
7,7062,80,0.0,941,445,6617
13,7075,80,0.0,942,445,6630
3,7078,80,0.0,943,445,6633
11,7089,80,0.0,944,445,6644
4,7093,80,0.0,945,445,6648
11,7104,81,1.0,946,445,6659
7,7111,81,0.0,947,445,6666
9,7120,81,0.0,948,445,6675
7,7127,81,0.0,949,445,6682
10,7137,81,0.0,950,445,6692
12,7149,81,0.0,951,445,6704
4,7153,81,0.0,952,445,6708
8,7161,81,0.0,953,445,6716
5,7166,81,0.0,954,445,6721
7,7173,81,0.0,955,445,6728
10,7183,81,0.0,956,445,6738
10,7193,81,0.0,957,445,6748
10,7203,81,0.0,958,445,6758
4,7207,81,0.0,959,445,6762
5,7212,81,0.0,960,445,6767
20,7232,81,0.0,961,445,6787
7,7239,81,0.0,962,445,6794
11,7250,82,1.0,963,445,6805
3,7253,82,0.0,964,445,6808
11,7264,83,1.0,965,445,6819
6,7270,83,0.0,966,445,6825
4,7274,83,0.0,967,445,6829
10,7284,83,0.0,968,445,6839
7,7291,83,0.0,969,445,6846
11,7302,84,1.0,970,445,6857
19,7321,84,0.0,971,445,6876
5,7326,84,0.0,972,445,6881
19,7345,84,0.0,973,445,6900
10,7355,84,0.0,974,445,6910
6,7361,84,0.0,975,445,6916
7,7368,84,0.0,976,445,6923
19,7387,84,0.0,977,445,6942
7,7394,84,0.0,978,445,6949
10,7404,84,0.0,979,445,6959
6,7410,84,0.0,980,445,6965
5,7415,84,0.0,981,445,6970
5,7420,84,0.0,982,445,6975
7,7427,84,0.0,983,445,6982
3,7430,84,0.0,984,445,6985
6,7436,84,0.0,985,445,6991
3,7439,84,0.0,986,445,6994
5,7444,84,0.0,987,445,6999
4,7448,84,0.0,988,445,7003
3,7451,84,0.0,989,445,7006
2,7453,84,0.0,990,445,7008
9,7462,84,0.0,991,445,7017
2,7464,84,0.0,992,445,7019
8,7472,84,0.0,993,445,7027
6,7478,84,0.0,994,445,7033
7,7485,84,0.0,995,445,7040
3,7488,84,0.0,996,445,7043
20,7508,84,0.0,997,445,7063
7,7515,84,0.0,998,445,7070
4,7519,84,0.0,999,445,7074
14,7533,84,0.0,1000,445,7088
5,7538,84,0.0,1001,445,7093
11,7549,84,0.0,1002,445,7104
3,7552,84,0.0,1003,445,7107
4,7556,84,0.0,1004,445,7111
4,7560,84,0.0,1005,445,7115
4,7564,84,0.0,1006,445,7119
5,7569,84,0.0,1007,445,7124
3,7572,84,0.0,1008,445,7127
6,7578,84,0.0,1009,445,7133
16,7594,84,0.0,1010,445,7149
11,7605,85,1.0,1011,445,7160
5,7610,85,0.0,1012,445,7165
5,7615,85,0.0,1013,445,7170
9,7624,85,0.0,1014,445,7179
7,7631,85,0.0,1015,445,7186
4,7635,85,0.0,1016,445,7190
8,7643,85,0.0,1017,445,7198
5,7648,85,0.0,1018,445,7203
9,7657,85,0.0,1019,445,7212
2,7659,85,0.0,1020,445,7214
8,7667,85,0.0,1021,445,7222
11,7678,86,1.0,1022,445,7233
11,7689,86,0.0,1023,445,7244
5,7694,86,0.0,1024,445,7249
4,7698,86,0.0,1025,445,7253
14,7712,86,0.0,1026,445,7267
5,7717,86,0.0,1027,445,7272
24,7741,86,0.0,1028,445,7296
4,7745,86,0.0,1029,445,7300
6,7751,86,0.0,1030,445,7306
5,7756,86,0.0,1031,445,7311
7,7763,86,0.0,1032,445,7318
5,7768,86,0.0,1033,445,7323
7,7775,86,0.0,1034,445,7330
4,7779,86,0.0,1035,445,7334
17,7796,86,0.0,1036,445,7351
11,7807,87,1.0,1037,445,7362
3,7810,87,0.0,1038,445,7365
8,7818,87,0.0,1039,445,7373
3,7821,87,0.0,1040,445,7376
4,7825,87,0.0,1041,445,7380
5,7830,87,0.0,1042,445,7385
25,7855,87,0.0,1043,445,7410
11,7866,88,1.0,1044,445,7421
7,7873,88,0.0,1045,445,7428
7,7880,88,0.0,1046,445,7435
6,7886,88,0.0,1047,445,7441
5,7891,88,0.0,1048,445,7446
11,7902,88,0.0,1049,445,7457
3,7905,88,0.0,1050,445,7460
4,7909,88,0.0,1051,445,7464
14,7923,89,1.0,1052,445,7478
6,7929,89,0.0,1053,445,7484
4,7933,89,0.0,1054,445,7488
4,7937,89,0.0,1055,445,7492
3,7940,89,0.0,1056,445,7495
4,7944,89,0.0,1057,445,7499
9,7953,89,0.0,1058,445,7508
3,7956,89,0.0,1059,445,7511
7,7963,89,0.0,1060,445,7518
9,7972,89,0.0,1061,445,7527
5,7977,89,0.0,1062,445,7532
11,7988,90,1.0,1063,445,7543
22,8010,90,0.0,1064,445,7565
11,8021,90,0.0,1065,445,7576
4,8025,90,0.0,1066,445,7580
9,8034,90,0.0,1067,445,7589
13,8047,90,0.0,1068,445,7602
2,8049,90,0.0,1069,445,7604
3,8052,90,0.0,1070,445,7607
11,8063,91,1.0,1071,445,7618
11,8074,92,1.0,1072,445,7629
4,8078,92,0.0,1073,445,7633
8,8086,92,0.0,1074,445,7641
11,8097,93,1.0,1075,445,7652
2,8099,93,0.0,1076,445,7654
4,8103,93,0.0,1077,445,7658
2,8105,93,0.0,1078,445,7660
2,8107,93,0.0,1079,445,7662
3,8110,93,0.0,1080,445,7665
19,8129,93,0.0,1081,445,7684
5,8134,93,0.0,1082,445,7689
2,8136,93,0.0,1083,445,7691
2,8138,93,0.0,1084,445,7693
5,8143,93,0.0,1085,445,7698
4,8147,93,0.0,1086,445,7702
6,8153,93,0.0,1087,445,7708
19,8172,93,0.0,1088,445,7727
10,8182,93,0.0,1089,445,7737
6,8188,93,0.0,1090,445,7743
3,8191,93,0.0,1091,445,7746
11,8202,94,1.0,1092,445,7757
4,8206,94,0.0,1093,445,7761
4,8210,94,0.0,1094,445,7765
8,8218,94,0.0,1095,445,7773
3,8221,94,0.0,1096,445,7776
11,8232,94,0.0,1097,445,7787
7,8239,94,0.0,1098,445,7794
4,8243,94,0.0,1099,445,7798
5,8248,94,0.0,1100,445,7803
8,8256,94,0.0,1101,445,7811
11,8267,95,1.0,1102,445,7822
7,8274,95,0.0,1103,445,7829
5,8279,95,0.0,1104,445,7834
3,8282,95,0.0,1105,445,7837
4,8286,95,0.0,1106,445,7841
11,8297,95,0.0,1107,445,7852
3,8300,95,0.0,1108,445,7855
6,8306,95,0.0,1109,445,7861
2,8308,95,0.0,1110,445,7863
8,8316,95,0.0,1111,445,7871
5,8321,95,0.0,1112,445,7876
5,8326,95,0.0,1113,445,7881
2,8328,95,0.0,1114,445,7883
3,8331,95,0.0,1115,445,7886
6,8337,95,0.0,1116,445,7892
2,8339,95,0.0,1117,445,7894
12,8351,95,0.0,1118,445,7906
11,8362,96,1.0,1119,445,7917
9,8371,96,0.0,1120,445,7926
2,8373,96,0.0,1121,445,7928
3,8376,96,0.0,1122,445,7931
3,8379,96,0.0,1123,445,7934
8,8387,96,0.0,1124,445,7942
5,8392,96,0.0,1125,445,7947
11,8403,96,0.0,1126,445,7958
5,8408,96,0.0,1127,445,7963
2,8410,96,0.0,1128,445,7965
3,8413,96,0.0,1129,445,7968
18,8431,97,1.0,1130,445,7986
7,8438,97,0.0,1131,445,7993
13,8451,97,0.0,1132,445,8006
5,8456,97,0.0,1133,445,8011
2,8458,97,0.0,1134,445,8013
5,8463,97,0.0,1135,445,8018
3,8466,97,0.0,1136,445,8021
4,8470,97,0.0,1137,445,8025
6,8476,97,0.0,1138,445,8031
5,8481,97,0.0,1139,445,8036
3,8484,97,0.0,1140,445,8039
11,8495,98,1.0,1141,445,8050
6,8501,98,0.0,1142,445,8056
10,8511,98,0.0,1143,445,8066
7,8518,98,0.0,1144,445,8073
6,8524,98,0.0,1145,445,8079
2,8526,98,0.0,1146,445,8081
13,8539,98,0.0,1147,445,8094
11,8550,98,0.0,1148,445,8105
5,8555,98,0.0,1149,445,8110
15,8570,98,0.0,1150,445,8125
6,8576,98,0.0,1151,445,8131
9,8585,98,0.0,1152,445,8140
10,8595,98,0.0,1153,445,8150
5,8600,98,0.0,1154,445,8155
4,8604,98,0.0,1155,445,8159
4,8608,98,0.0,1156,445,8163
19,8627,98,0.0,1157,445,8182
11,8638,98,0.0,1158,445,8193
5,8643,98,0.0,1159,445,8198
3,8646,98,0.0,1160,445,8201
5,8651,98,0.0,1161,445,8206
7,8658,98,0.0,1162,445,8213
4,8662,98,0.0,1163,445,8217
9,8671,98,0.0,1164,445,8226
4,8675,98,0.0,1165,445,8230
11,8686,99,1.0,1166,445,8241
4,8690,99,0.0,1167,445,8245
5,8695,99,0.0,1168,445,8250
6,8701,99,0.0,1169,445,8256
2,8703,99,0.0,1170,445,8258
7,8710,99,0.0,1171,445,8265
6,8716,99,0.0,1172,445,8271
11,8727,100,1.0,1173,445,8282
5,8732,100,0.0,1174,445,8287
11,8743,101,1.0,1175,445,8298
11,8754,102,1.0,1176,445,8309
5,8759,102,0.0,1177,445,8314
5,8764,102,0.0,1178,445,8319
5,8769,102,0.0,1179,445,8324
3,8772,102,0.0,1180,445,8327
5,8777,102,0.0,1181,445,8332
5,8782,102,0.0,1182,445,8337
11,8793,103,1.0,1183,445,8348
8,8801,103,0.0,1184,445,8356
5,8806,103,0.0,1185,445,8361
5,8811,103,0.0,1186,445,8366
5,8816,103,0.0,1187,445,8371
11,8827,104,1.0,1188,445,8382
7,8834,104,0.0,1189,445,8389
12,8846,104,0.0,1190,445,8401
14,8860,104,0.0,1191,445,8415
6,8866,104,0.0,1192,445,8421
9,8875,104,0.0,1193,445,8430
12,8887,104,0.0,1194,445,8442
3,8890,104,0.0,1195,445,8445
6,8896,104,0.0,1196,445,8451
2,8898,104,0.0,1197,445,8453
5,8903,104,0.0,1198,445,8458
5,8908,104,0.0,1199,445,8463
11,8919,105,1.0,1200,445,8474
3,8922,105,0.0,1201,445,8477
3,8925,105,0.0,1202,445,8480
3,8928,105,0.0,1203,445,8483
11,8939,106,1.0,1204,445,8494
5,8944,106,0.0,1205,445,8499
4,8948,106,0.0,1206,445,8503
3,8951,106,0.0,1207,445,8506
5,8956,106,0.0,1208,445,8511
4,8960,106,0.0,1209,445,8515
3,8963,106,0.0,1210,445,8518
4,8967,106,0.0,1211,445,8522
5,8972,106,0.0,1212,445,8527
4,8976,106,0.0,1213,445,8531
19,8995,106,0.0,1214,445,8550
5,9000,106,0.0,1215,445,8555
3,9003,106,0.0,1216,445,8558
19,9022,106,0.0,1217,445,8577
12,9034,106,0.0,1218,445,8589
2,9036,106,0.0,1219,445,8591
4,9040,106,0.0,1220,445,8595
20,9060,106,0.0,1221,445,8615
11,9071,107,1.0,1222,445,8626
11,9082,108,1.0,1223,445,8637
9,9091,108,0.0,1224,445,8646
8,9099,109,1.0,1225,445,8654
10,9109,109,0.0,1226,445,8664
21,9130,109,0.0,1227,445,8685
4,9134,109,0.0,1228,445,8689
4,9138,109,0.0,1229,445,8693
7,9145,109,0.0,1230,445,8700
11,9156,110,1.0,1231,445,8711
5,9161,110,0.0,1232,445,8716
11,9172,111,1.0,1233,445,8727
6,9178,111,0.0,1234,445,8733
20,9198,111,0.0,1235,445,8753
4,9202,111,0.0,1236,445,8757
7,9209,111,0.0,1237,445,8764
4,9213,111,0.0,1238,445,8768
7,9220,111,0.0,1239,445,8775
7,9227,111,0.0,1240,445,8782
4,9231,111,0.0,1241,445,8786
11,9242,112,1.0,1242,445,8797
7,9249,112,0.0,1243,445,8804
8,9257,112,0.0,1244,445,8812
32,9289,112,0.0,1245,445,8844
5,9294,112,0.0,1246,445,8849
5,9299,112,0.0,1247,445,8854
3,9302,112,0.0,1248,445,8857
3,9305,112,0.0,1249,445,8860
9,9314,112,0.0,1250,445,8869
10,9324,112,0.0,1251,445,8879
9,9333,112,0.0,1252,445,8888
5,9338,112,0.0,1253,445,8893
14,9352,112,0.0,1254,445,8907
11,9363,113,1.0,1255,445,8918
2,9365,113,0.0,1256,445,8920
3,9368,113,0.0,1257,445,8923
11,9379,113,0.0,1258,445,8934
9,9388,113,0.0,1259,445,8943
19,9407,113,0.0,1260,445,8962
7,9414,113,0.0,1261,445,8969
4,9418,113,0.0,1262,445,8973
6,9424,113,0.0,1263,445,8979
3,9427,113,0.0,1264,445,8982
18,9445,114,1.0,1265,445,9000
4,9449,114,0.0,1266,445,9004
4,9453,114,0.0,1267,445,9008
7,9460,114,0.0,1268,445,9015
6,9466,114,0.0,1269,445,9021
8,9474,114,0.0,1270,445,9029
8,9482,114,0.0,1271,445,9037
3,9485,114,0.0,1272,445,9040
6,9491,114,0.0,1273,445,9046
2,9493,114,0.0,1274,445,9048
2,9495,114,0.0,1275,445,9050
7,9502,114,0.0,1276,445,9057
5,9507,114,0.0,1277,445,9062
5,9512,114,0.0,1278,445,9067
10,9522,114,0.0,1279,445,9077
9,9531,114,0.0,1280,445,9086
11,9542,115,1.0,1281,445,9097
4,9546,115,0.0,1282,445,9101
11,9557,116,1.0,1283,445,9112
3,9560,116,0.0,1284,445,9115
3,9563,116,0.0,1285,445,9118
7,9570,116,0.0,1286,445,9125
4,9574,116,0.0,1287,445,9129
4,9578,116,0.0,1288,445,9133
12,9590,116,0.0,1289,445,9145
5,9595,116,0.0,1290,445,9150
4,9599,116,0.0,1291,445,9154
4,9603,116,0.0,1292,445,9158
9,9612,116,0.0,1293,445,9167
6,9618,116,0.0,1294,445,9173
7,9625,116,0.0,1295,445,9180
4,9629,116,0.0,1296,445,9184
7,9636,116,0.0,1297,445,9191
3,9639,116,0.0,1298,445,9194
6,9645,116,0.0,1299,445,9200
10,9655,116,0.0,1300,445,9210
4,9659,116,0.0,1301,445,9214
5,9664,116,0.0,1302,445,9219
7,9671,116,0.0,1303,445,9226
8,9679,117,1.0,1304,445,9234
11,9690,118,1.0,1305,445,9245
5,9695,118,0.0,1306,445,9250
5,9700,118,0.0,1307,445,9255
5,9705,118,0.0,1308,445,9260
18,9723,118,0.0,1309,445,9278
2,9725,118,0.0,1310,445,9280
3,9728,118,0.0,1311,445,9283
3,9731,118,0.0,1312,445,9286
2,9733,118,0.0,1313,445,9288
5,9738,118,0.0,1314,445,9293
10,9748,118,0.0,1315,445,9303
5,9753,118,0.0,1316,445,9308
5,9758,118,0.0,1317,445,9313
7,9765,118,0.0,1318,445,9320
7,9772,118,0.0,1319,445,9327
5,9777,118,0.0,1320,445,9332
8,9785,119,1.0,1321,445,9340
7,9792,119,0.0,1322,445,9347
12,9804,119,0.0,1323,445,9359
4,9808,119,0.0,1324,445,9363
5,9813,119,0.0,1325,445,9368
2,9815,119,0.0,1326,445,9370
4,9819,119,0.0,1327,445,9374
9,9828,119,0.0,1328,445,9383
6,9834,119,0.0,1329,445,9389
6,9840,119,0.0,1330,445,9395
11,9851,120,1.0,1331,445,9406
18,9869,121,1.0,1332,445,9424
13,9882,121,0.0,1333,445,9437
3,9885,121,0.0,1334,445,9440
9,9894,121,0.0,1335,445,9449
38,9932,121,0.0,1336,445,9487
3,9935,121,0.0,1337,445,9490
6,9941,121,0.0,1338,445,9496
10,9951,121,0.0,1339,445,9506
11,9962,122,1.0,1340,445,9517
11,9973,123,1.0,1341,445,9528
3,9976,123,0.0,1342,445,9531
3,9979,123,0.0,1343,445,9534
12,9991,123,0.0,1344,445,9546
8,9999,123,0.0,1345,445,9554
9,10008,123,0.0,1346,445,9563
15,10023,123,0.0,1347,445,9578
6,10029,123,0.0,1348,445,9584
5,10034,123,0.0,1349,445,9589
6,10040,123,0.0,1350,445,9595
16,10056,123,0.0,1351,445,9611
3,10059,123,0.0,1352,445,9614
27,10086,123,0.0,1353,445,9641
9,10095,123,0.0,1354,445,9650
8,10103,123,0.0,1355,445,9658
2,10105,123,0.0,1356,445,9660
2,10107,123,0.0,1357,445,9662
7,10114,123,0.0,1358,445,9669
19,10133,123,0.0,1359,445,9688
11,10144,124,1.0,1360,445,9699
5,10149,124,0.0,1361,445,9704
18,10167,125,1.0,1362,445,9722
3,10170,125,0.0,1363,445,9725
4,10174,125,0.0,1364,445,9729
8,10182,125,0.0,1365,445,9737
16,10198,125,0.0,1366,445,9753
11,10209,126,1.0,1367,445,9764
5,10214,126,0.0,1368,445,9769
5,10219,126,0.0,1369,445,9774
6,10225,126,0.0,1370,445,9780
5,10230,126,0.0,1371,445,9785
5,10235,126,0.0,1372,445,9790
12,10247,126,0.0,1373,445,9802
7,10254,126,0.0,1374,445,9809
4,10258,126,0.0,1375,445,9813
7,10265,126,0.0,1376,445,9820
11,10276,127,1.0,1377,445,9831
11,10287,128,1.0,1378,445,9842
2,10289,128,0.0,1379,445,9844
16,10305,128,0.0,1380,445,9860
5,10310,128,0.0,1381,445,9865
5,10315,128,0.0,1382,445,9870
5,10320,128,0.0,1383,445,9875
3,10323,128,0.0,1384,445,9878
8,10331,128,0.0,1385,445,9886
2,10333,128,0.0,1386,445,9888
5,10338,128,0.0,1387,445,9893
2,10340,128,0.0,1388,445,9895
2,10342,128,0.0,1389,445,9897
10,10352,128,0.0,1390,445,9907
5,10357,128,0.0,1391,445,9912
3,10360,128,0.0,1392,445,9915
3,10363,128,0.0,1393,445,9918
7,10370,128,0.0,1394,445,9925
3,10373,128,0.0,1395,445,9928
5,10378,128,0.0,1396,445,9933
2,10380,128,0.0,1397,445,9935
4,10384,128,0.0,1398,445,9939
3,10387,128,0.0,1399,445,9942
5,10392,128,0.0,1400,445,9947
4,10396,128,0.0,1401,445,9951
11,10407,129,1.0,1402,445,9962
14,10421,129,0.0,1403,445,9976
5,10426,129,0.0,1404,445,9981
9,10435,129,0.0,1405,445,9990
5,10440,129,0.0,1406,445,9995
19,10459,129,0.0,1407,445,10014
5,10464,129,0.0,1408,445,10019
2,10466,129,0.0,1409,445,10021
7,10473,129,0.0,1410,445,10028
3,10476,129,0.0,1411,445,10031
13,10489,129,0.0,1412,445,10044
5,10494,129,0.0,1413,445,10049
19,10513,129,0.0,1414,445,10068
5,10518,129,0.0,1415,445,10073
8,10526,129,0.0,1416,445,10081
12,10538,129,0.0,1417,445,10093
11,10549,130,1.0,1418,445,10104
5,10554,130,0.0,1419,445,10109
5,10559,130,0.0,1420,445,10114
5,10564,130,0.0,1421,445,10119
9,10573,130,0.0,1422,445,10128
11,10584,130,0.0,1423,445,10139
11,10595,131,1.0,1424,445,10150
3,10598,131,0.0,1425,445,10153
5,10603,131,0.0,1426,445,10158
8,10611,131,0.0,1427,445,10166
4,10615,131,0.0,1428,445,10170
4,10619,131,0.0,1429,445,10174
5,10624,131,0.0,1430,445,10179
5,10629,131,0.0,1431,445,10184
2,10631,131,0.0,1432,445,10186
9,10640,131,0.0,1433,445,10195
8,10648,131,0.0,1434,445,10203
19,10667,131,0.0,1435,445,10222
11,10678,131,0.0,1436,445,10233
5,10683,131,0.0,1437,445,10238
5,10688,131,0.0,1438,445,10243
11,10699,132,1.0,1439,445,10254
12,10711,132,0.0,1440,445,10266
11,10722,133,1.0,1441,445,10277
9,10731,133,0.0,1442,445,10286
4,10735,133,0.0,1443,445,10290
12,10747,133,0.0,1444,445,10302
5,10752,133,0.0,1445,445,10307
4,10756,133,0.0,1446,445,10311
7,10763,133,0.0,1447,445,10318
3,10766,133,0.0,1448,445,10321
4,10770,133,0.0,1449,445,10325
8,10778,133,0.0,1450,445,10333
3,10781,133,0.0,1451,445,10336
2,10783,133,0.0,1452,445,10338
11,10794,134,1.0,1453,445,10349
5,10799,134,0.0,1454,445,10354
7,10806,134,0.0,1455,445,10361
3,10809,134,0.0,1456,445,10364
17,10826,134,0.0,1457,445,10381
7,10833,134,0.0,1458,445,10388
6,10839,134,0.0,1459,445,10394
19,10858,134,0.0,1460,445,10413
5,10863,134,0.0,1461,445,10418
3,10866,134,0.0,1462,445,10421
8,10874,134,0.0,1463,445,10429
7,10881,134,0.0,1464,445,10436
7,10888,134,0.0,1465,445,10443
3,10891,134,0.0,1466,445,10446
5,10896,134,0.0,1467,445,10451
6,10902,134,0.0,1468,445,10457
6,10908,134,0.0,1469,445,10463
3,10911,134,0.0,1470,445,10466
4,10915,134,0.0,1471,445,10470
7,10922,134,0.0,1472,445,10477
5,10927,134,0.0,1473,445,10482
12,10939,134,0.0,1474,445,10494
14,10953,135,1.0,1475,445,10508
7,10960,135,0.0,1476,445,10515
11,10971,136,1.0,1477,445,10526
11,10982,137,1.0,1478,445,10537
4,10986,137,0.0,1479,445,10541
6,10992,137,0.0,1480,445,10547
4,10996,137,0.0,1481,445,10551
11,11007,138,1.0,1482,445,10562
15,11022,138,0.0,1483,445,10577
5,11027,138,0.0,1484,445,10582
5,11032,138,0.0,1485,445,10587
10,11042,138,0.0,1486,445,10597
2,11044,138,0.0,1487,445,10599
4,11048,138,0.0,1488,445,10603
3,11051,138,0.0,1489,445,10606
6,11057,138,0.0,1490,445,10612
2,11059,138,0.0,1491,445,10614
5,11064,138,0.0,1492,445,10619
6,11070,138,0.0,1493,445,10625
5,11075,138,0.0,1494,445,10630
5,11080,138,0.0,1495,445,10635
10,11090,138,0.0,1496,445,10645
9,11099,138,0.0,1497,445,10654
2,11101,138,0.0,1498,445,10656
5,11106,138,0.0,1499,445,10661
3,11109,138,0.0,1500,445,10664
6,11115,138,0.0,1501,445,10670
18,11133,139,1.0,1502,445,10688
2,11135,139,0.0,1503,445,10690
11,11146,140,1.0,1504,445,10701
9,11155,140,0.0,1505,445,10710
5,11160,140,0.0,1506,445,10715
4,11164,140,0.0,1507,445,10719
7,11171,140,0.0,1508,445,10726
4,11175,140,0.0,1509,445,10730
13,11188,140,0.0,1510,445,10743
6,11194,140,0.0,1511,445,10749
11,11205,141,1.0,1512,445,10760
4,11209,141,0.0,1513,445,10764
8,11217,141,0.0,1514,445,10772
2,11219,141,0.0,1515,445,10774
2,11221,141,0.0,1516,445,10776
3,11224,141,0.0,1517,445,10779
2,11226,141,0.0,1518,445,10781
11,11237,142,1.0,1519,445,10792
7,11244,142,0.0,1520,445,10799
4,11248,142,0.0,1521,445,10803
14,11262,142,0.0,1522,445,10817
4,11266,142,0.0,1523,445,10821
5,11271,142,0.0,1524,445,10826
9,11280,142,0.0,1525,445,10835
11,11291,143,1.0,1526,445,10846
10,11301,143,0.0,1527,445,10856
5,11306,143,0.0,1528,445,10861
5,11311,143,0.0,1529,445,10866
5,11316,143,0.0,1530,445,10871
5,11321,143,0.0,1531,445,10876
6,11327,143,0.0,1532,445,10882
9,11336,143,0.0,1533,445,10891
5,11341,143,0.0,1534,445,10896
7,11348,143,0.0,1535,445,10903
7,11355,143,0.0,1536,445,10910
4,11359,143,0.0,1537,445,10914
3,11362,143,0.0,1538,445,10917
3,11365,143,0.0,1539,445,10920
19,11384,143,0.0,1540,445,10939
6,11390,143,0.0,1541,445,10945
4,11394,143,0.0,1542,445,10949
2,11396,143,0.0,1543,445,10951
4,11400,143,0.0,1544,445,10955
3,11403,143,0.0,1545,445,10958
2,11405,143,0.0,1546,445,10960
5,11410,143,0.0,1547,445,10965
3,11413,143,0.0,1548,445,10968
4,11417,143,0.0,1549,445,10972
11,11428,144,1.0,1550,445,10983
9,11437,144,0.0,1551,445,10992
19,11456,144,0.0,1552,445,11011
6,11462,144,0.0,1553,445,11017
5,11467,144,0.0,1554,445,11022
13,11480,144,0.0,1555,445,11035
11,11491,145,1.0,1556,445,11046
6,11497,145,0.0,1557,445,11052
33,11530,145,0.0,1558,445,11085
9,11539,145,0.0,1559,445,11094
9,11548,145,0.0,1560,445,11103
11,11559,146,1.0,1561,445,11114
5,11564,146,0.0,1562,445,11119
4,11568,146,0.0,1563,445,11123
11,11579,146,0.0,1564,445,11134
5,11584,146,0.0,1565,445,11139
4,11588,146,0.0,1566,445,11143
7,11595,146,0.0,1567,445,11150
5,11600,146,0.0,1568,445,11155
5,11605,146,0.0,1569,445,11160
7,11612,146,0.0,1570,445,11167
4,11616,146,0.0,1571,445,11171
5,11621,146,0.0,1572,445,11176
4,11625,146,0.0,1573,445,11180
4,11629,146,0.0,1574,445,11184
5,11634,146,0.0,1575,445,11189
4,11638,146,0.0,1576,445,11193
5,11643,146,0.0,1577,445,11198
18,11661,146,0.0,1578,445,11216
4,11665,146,0.0,1579,445,11220
5,11670,146,0.0,1580,445,11225
5,11675,146,0.0,1581,445,11230
3,11678,146,0.0,1582,445,11233
6,11684,146,0.0,1583,445,11239
4,11688,146,0.0,1584,445,11243
6,11694,146,0.0,1585,445,11249
4,11698,146,0.0,1586,445,11253
4,11702,146,0.0,1587,445,11257
11,11713,147,1.0,1588,445,11268
7,11720,147,0.0,1589,445,11275
11,11731,148,1.0,1590,445,11286
8,11739,148,0.0,1591,445,11294
2,11741,148,0.0,1592,445,11296
3,11744,148,0.0,1593,445,11299
6,11750,148,0.0,1594,445,11305
3,11753,148,0.0,1595,445,11308
11,11764,149,1.0,1596,445,11319
7,11771,149,0.0,1597,445,11326
9,11780,149,0.0,1598,445,11335
3,11783,149,0.0,1599,445,11338
4,11787,149,0.0,1600,445,11342
11,11798,149,0.0,1601,445,11353
11,11809,150,1.0,1602,445,11364
7,11816,150,0.0,1603,445,11371
5,11821,150,0.0,1604,445,11376
5,11826,150,0.0,1605,445,11381
7,11833,150,0.0,1606,445,11388
5,11838,150,0.0,1607,445,11393
19,11857,150,0.0,1608,445,11412
4,11861,150,0.0,1609,445,11416
7,11868,150,0.0,1610,445,11423
4,11872,150,0.0,1611,445,11427
11,11883,151,1.0,1612,445,11438
2,11885,151,0.0,1613,445,11440
11,11896,152,1.0,1614,445,11451
7,11903,152,0.0,1615,445,11458
17,11920,152,0.0,1616,445,11475
2,11922,152,0.0,1617,445,11477
5,11927,152,0.0,1618,445,11482
18,11945,152,0.0,1619,445,11500
24,11969,152,0.0,1620,445,11524
4,11973,152,0.0,1621,445,11528
2,11975,152,0.0,1622,445,11530
18,11993,152,0.0,1623,445,11548
6,11999,152,0.0,1624,445,11554
13,12012,152,0.0,1625,445,11567
5,12017,152,0.0,1626,445,11572
11,12028,153,1.0,1627,445,11583
5,12033,153,0.0,1628,445,11588
7,12040,153,0.0,1629,445,11595
4,12044,153,0.0,1630,445,11599
11,12055,154,1.0,1631,445,11610
3,12058,154,0.0,1632,445,11613
4,12062,154,0.0,1633,445,11617
6,12068,154,0.0,1634,445,11623
19,12087,154,0.0,1635,445,11642
9,12096,154,0.0,1636,445,11651
12,12108,154,0.0,1637,445,11663
15,12123,154,0.0,1638,445,11678
3,12126,154,0.0,1639,445,11681
7,12133,154,0.0,1640,445,11688
12,12145,154,0.0,1641,445,11700
3,12148,154,0.0,1642,445,11703
18,12166,154,0.0,1643,445,11721
6,12172,154,0.0,1644,445,11727
5,12177,154,0.0,1645,445,11732
3,12180,154,0.0,1646,445,11735
4,12184,154,0.0,1647,445,11739
13,12197,154,0.0,1648,445,11752
5,12202,154,0.0,1649,445,11757
8,12210,154,0.0,1650,445,11765
3,12213,154,0.0,1651,445,11768
3,12216,154,0.0,1652,445,11771
9,12225,154,0.0,1653,445,11780
2,12227,154,0.0,1654,445,11782
14,12241,154,0.0,1655,445,11796
3,12244,154,0.0,1656,445,11799
9,12253,154,0.0,1657,445,11808
2,12255,154,0.0,1658,445,11810
10,12265,154,0.0,1659,445,11820
2,12267,154,0.0,1660,445,11822
19,12286,154,0.0,1661,445,11841
17,12303,154,0.0,1662,445,11858
9,12312,154,0.0,1663,445,11867
4,12316,154,0.0,1664,445,11871
11,12327,155,1.0,1665,445,11882
3,12330,155,0.0,1666,445,11885
7,12337,155,0.0,1667,445,11892
10,12347,155,0.0,1668,445,11902
13,12360,155,0.0,1669,445,11915
3,12363,155,0.0,1670,445,11918
14,12377,155,0.0,1671,445,11932
13,12390,156,1.0,1672,445,11945
5,12395,156,0.0,1673,445,11950
3,12398,156,0.0,1674,445,11953
5,12403,156,0.0,1675,445,11958
3,12406,156,0.0,1676,445,11961
6,12412,156,0.0,1677,445,11967
3,12415,156,0.0,1678,445,11970
5,12420,156,0.0,1679,445,11975
6,12426,156,0.0,1680,445,11981
4,12430,156,0.0,1681,445,11985
6,12436,156,0.0,1682,445,11991
4,12440,156,0.0,1683,445,11995
5,12445,156,0.0,1684,445,12000
8,12453,156,0.0,1685,445,12008
7,12460,156,0.0,1686,445,12015
2,12462,156,0.0,1687,445,12017
3,12465,156,0.0,1688,445,12020
9,12474,156,0.0,1689,445,12029
2,12476,156,0.0,1690,445,12031
5,12481,156,0.0,1691,445,12036
4,12485,156,0.0,1692,445,12040
4,12489,156,0.0,1693,445,12044
3,12492,156,0.0,1694,445,12047
8,12500,156,0.0,1695,445,12055
5,12505,156,0.0,1696,445,12060
5,12510,156,0.0,1697,445,12065
7,12517,156,0.0,1698,445,12072
5,12522,156,0.0,1699,445,12077
7,12529,156,0.0,1700,445,12084
6,12535,156,0.0,1701,445,12090
6,12541,156,0.0,1702,445,12096
5,12546,156,0.0,1703,445,12101
2,12548,156,0.0,1704,445,12103
5,12553,156,0.0,1705,445,12108
11,12564,157,1.0,1706,445,12119
8,12572,157,0.0,1707,445,12127
5,12577,157,0.0,1708,445,12132
5,12582,157,0.0,1709,445,12137
4,12586,157,0.0,1710,445,12141
14,12600,157,0.0,1711,445,12155
5,12605,157,0.0,1712,445,12160
2,12607,157,0.0,1713,445,12162
3,12610,157,0.0,1714,445,12165
7,12617,157,0.0,1715,445,12172
10,12627,157,0.0,1716,445,12182
5,12632,157,0.0,1717,445,12187
4,12636,157,0.0,1718,445,12191
3,12639,157,0.0,1719,445,12194
8,12647,157,0.0,1720,445,12202
11,12658,158,1.0,1721,445,12213
5,12663,158,0.0,1722,445,12218
11,12674,159,1.0,1723,445,12229
5,12679,159,0.0,1724,445,12234
9,12688,159,0.0,1725,445,12243
8,12696,159,0.0,1726,445,12251
2,12698,159,0.0,1727,445,12253
3,12701,159,0.0,1728,445,12256
18,12719,159,0.0,1729,445,12274
9,12728,159,0.0,1730,445,12283
2,12730,159,0.0,1731,445,12285
11,12741,160,1.0,1732,445,12296
6,12747,160,0.0,1733,445,12302
4,12751,160,0.0,1734,445,12306
5,12756,160,0.0,1735,445,12311
11,12767,161,1.0,1736,445,12322
3,12770,161,0.0,1737,445,12325
11,12781,162,1.0,1738,445,12336
10,12791,162,0.0,1739,445,12346
5,12796,162,0.0,1740,445,12351
6,12802,162,0.0,1741,445,12357
4,12806,162,0.0,1742,445,12361
5,12811,162,0.0,1743,445,12366
13,12824,162,0.0,1744,445,12379
6,12830,162,0.0,1745,445,12385
5,12835,162,0.0,1746,445,12390
7,12842,162,0.0,1747,445,12397
5,12847,162,0.0,1748,445,12402
11,12858,163,1.0,1749,445,12413
7,12865,163,0.0,1750,445,12420
14,12879,163,0.0,1751,445,12434
7,12886,163,0.0,1752,445,12441
4,12890,163,0.0,1753,445,12445
9,12899,163,0.0,1754,445,12454
7,12906,163,0.0,1755,445,12461
4,12910,163,0.0,1756,445,12465
11,12921,164,1.0,1757,445,12476
4,12925,164,0.0,1758,445,12480
3,12928,164,0.0,1759,445,12483
7,12935,164,0.0,1760,445,12490
7,12942,164,0.0,1761,445,12497
18,12960,165,1.0,1762,445,12515
11,12971,166,1.0,1763,445,12526
2,12973,166,0.0,1764,445,12528
5,12978,166,0.0,1765,445,12533
11,12989,166,0.0,1766,445,12544
4,12993,166,0.0,1767,445,12548
7,13000,166,0.0,1768,445,12555
7,13007,166,0.0,1769,445,12562
2,13009,166,0.0,1770,445,12564
4,13013,166,0.0,1771,445,12568
11,13024,167,1.0,1772,445,12579
11,13035,168,1.0,1773,445,12590
7,13042,168,0.0,1774,445,12597
4,13046,168,0.0,1775,445,12601
6,13052,168,0.0,1776,445,12607
7,13059,168,0.0,1777,445,12614
10,13069,168,0.0,1778,445,12624
3,13072,168,0.0,1779,445,12627
5,13077,168,0.0,1780,445,12632
4,13081,168,0.0,1781,445,12636
6,13087,168,0.0,1782,445,12642
4,13091,168,0.0,1783,445,12646
11,13102,169,1.0,1784,445,12657
7,13109,169,0.0,1785,445,12664
3,13112,169,0.0,1786,445,12667
12,13124,169,0.0,1787,445,12679
5,13129,169,0.0,1788,445,12684
6,13135,169,0.0,1789,445,12690
8,13143,169,0.0,1790,445,12698
4,13147,169,0.0,1791,445,12702
22,13169,169,0.0,1792,445,12724
4,13173,169,0.0,1793,445,12728
7,13180,169,0.0,1794,445,12735
3,13183,169,0.0,1795,445,12738
5,13188,169,0.0,1796,445,12743
5,13193,169,0.0,1797,445,12748
7,13200,169,0.0,1798,445,12755
7,13207,169,0.0,1799,445,12762
4,13211,169,0.0,1800,445,12766
4,13215,169,0.0,1801,445,12770
7,13222,169,0.0,1802,445,12777
2,13224,169,0.0,1803,445,12779
6,13230,169,0.0,1804,445,12785
4,13234,169,0.0,1805,445,12789
4,13238,169,0.0,1806,445,12793
18,13256,169,0.0,1807,445,12811
4,13260,169,0.0,1808,445,12815
3,13263,169,0.0,1809,445,12818
4,13267,169,0.0,1810,445,12822
6,13273,169,0.0,1811,445,12828
4,13277,169,0.0,1812,445,12832
4,13281,169,0.0,1813,445,12836
5,13286,169,0.0,1814,445,12841
3,13289,169,0.0,1815,445,12844
11,13300,169,0.0,1816,445,12855
2,13302,169,0.0,1817,445,12857
8,13310,169,0.0,1818,445,12865
9,13319,169,0.0,1819,445,12874
6,13325,169,0.0,1820,445,12880
9,13334,169,0.0,1821,445,12889
6,13340,169,0.0,1822,445,12895
5,13345,169,0.0,1823,445,12900
19,13364,169,0.0,1824,445,12919
3,13367,169,0.0,1825,445,12922
4,13371,169,0.0,1826,445,12926
6,13377,169,0.0,1827,445,12932
7,13384,169,0.0,1828,445,12939
3,13387,169,0.0,1829,445,12942
2,13389,169,0.0,1830,445,12944
7,13396,169,0.0,1831,445,12951
11,13407,170,1.0,1832,445,12962
4,13411,170,0.0,1833,445,12966
2,13413,170,0.0,1834,445,12968
5,13418,170,0.0,1835,445,12973
4,13422,170,0.0,1836,445,12977
8,13430,170,0.0,1837,445,12985
4,13434,170,0.0,1838,445,12989
3,13437,170,0.0,1839,445,12992
3,13440,170,0.0,1840,445,12995
6,13446,170,0.0,1841,445,13001
7,13453,170,0.0,1842,445,13008
5,13458,170,0.0,1843,445,13013
4,13462,170,0.0,1844,445,13017
15,13477,170,0.0,1845,445,13032
7,13484,170,0.0,1846,445,13039
18,13502,171,1.0,1847,445,13057
9,13511,171,0.0,1848,445,13066
5,13516,171,0.0,1849,445,13071
3,13519,171,0.0,1850,445,13074
4,13523,171,0.0,1851,445,13078
3,13526,171,0.0,1852,445,13081
6,13532,171,0.0,1853,445,13087
11,13543,172,1.0,1854,445,13098
3,13546,172,0.0,1855,445,13101
15,13561,172,0.0,1856,445,13116
2,13563,172,0.0,1857,445,13118
5,13568,172,0.0,1858,445,13123
3,13571,172,0.0,1859,445,13126
7,13578,172,0.0,1860,445,13133
5,13583,172,0.0,1861,445,13138
7,13590,172,0.0,1862,445,13145
11,13601,173,1.0,1863,445,13156
5,13606,173,0.0,1864,445,13161
4,13610,173,0.0,1865,445,13165
11,13621,174,1.0,1866,445,13176
22,13643,174,0.0,1867,445,13198
9,13652,174,0.0,1868,445,13207
11,13663,175,1.0,1869,445,13218
11,13674,176,1.0,1870,445,13229
3,13677,176,0.0,1871,445,13232
5,13682,176,0.0,1872,445,13237
9,13691,176,0.0,1873,445,13246
5,13696,176,0.0,1874,445,13251
5,13701,176,0.0,1875,445,13256
5,13706,176,0.0,1876,445,13261
11,13717,177,1.0,1877,445,13272
4,13721,177,0.0,1878,445,13276
4,13725,177,0.0,1879,445,13280
3,13728,177,0.0,1880,445,13283
11,13739,178,1.0,1881,445,13294
2,13741,178,0.0,1882,445,13296
5,13746,178,0.0,1883,445,13301
5,13751,178,0.0,1884,445,13306
3,13754,178,0.0,1885,445,13309
3,13757,178,0.0,1886,445,13312
27,13784,178,0.0,1887,445,13339
11,13795,179,1.0,1888,445,13350
9,13804,179,0.0,1889,445,13359
7,13811,179,0.0,1890,445,13366
6,13817,179,0.0,1891,445,13372
11,13828,180,1.0,1892,445,13383
8,13836,180,0.0,1893,445,13391
2,13838,180,0.0,1894,445,13393
5,13843,180,0.0,1895,445,13398
5,13848,180,0.0,1896,445,13403
23,13871,180,0.0,1897,445,13426
8,13879,180,0.0,1898,445,13434
4,13883,180,0.0,1899,445,13438
3,13886,180,0.0,1900,445,13441
5,13891,180,0.0,1901,445,13446
5,13896,180,0.0,1902,445,13451
5,13901,180,0.0,1903,445,13456
5,13906,180,0.0,1904,445,13461
5,13911,180,0.0,1905,445,13466
6,13917,180,0.0,1906,445,13472
7,13924,180,0.0,1907,445,13479
4,13928,180,0.0,1908,445,13483
9,13937,180,0.0,1909,445,13492
5,13942,180,0.0,1910,445,13497
19,13961,180,0.0,1911,445,13516
5,13966,180,0.0,1912,445,13521
3,13969,180,0.0,1913,445,13524
6,13975,180,0.0,1914,445,13530
12,13987,180,0.0,1915,445,13542
4,13991,180,0.0,1916,445,13546
5,13996,180,0.0,1917,445,13551
8,14004,180,0.0,1918,445,13559
11,14015,181,1.0,1919,445,13570
5,14020,181,0.0,1920,445,13575
5,14025,181,0.0,1921,445,13580
6,14031,181,0.0,1922,445,13586
3,14034,181,0.0,1923,445,13589
11,14045,182,1.0,1924,445,13600
13,14058,182,0.0,1925,445,13613
3,14061,182,0.0,1926,445,13616
4,14065,182,0.0,1927,445,13620
18,14083,183,1.0,1928,445,13638
6,14089,183,0.0,1929,445,13644
4,14093,183,0.0,1930,445,13648
11,14104,184,1.0,1931,445,13659
11,14115,185,1.0,1932,445,13670
7,14122,185,0.0,1933,445,13677
11,14133,186,1.0,1934,445,13688
6,14139,186,0.0,1935,445,13694
19,14158,186,0.0,1936,445,13713
5,14163,186,0.0,1937,445,13718
11,14174,187,1.0,1938,445,13729
3,14177,187,0.0,1939,445,13732
7,14184,187,0.0,1940,445,13739
3,14187,187,0.0,1941,445,13742
9,14196,187,0.0,1942,445,13751
7,14203,187,0.0,1943,445,13758
2,14205,187,0.0,1944,445,13760
4,14209,187,0.0,1945,445,13764
7,14216,187,0.0,1946,445,13771
8,14224,187,0.0,1947,445,13779
4,14228,187,0.0,1948,445,13783
2,14230,187,0.0,1949,445,13785
5,14235,187,0.0,1950,445,13790
4,14239,187,0.0,1951,445,13794
5,14244,187,0.0,1952,445,13799
13,14257,187,0.0,1953,445,13812
3,14260,187,0.0,1954,445,13815
4,14264,187,0.0,1955,445,13819
5,14269,187,0.0,1956,445,13824
3,14272,187,0.0,1957,445,13827
2,14274,187,0.0,1958,445,13829
7,14281,187,0.0,1959,445,13836
7,14288,187,0.0,1960,445,13843
6,14294,187,0.0,1961,445,13849
4,14298,187,0.0,1962,445,13853
9,14307,187,0.0,1963,445,13862
6,14313,187,0.0,1964,445,13868
3,14316,187,0.0,1965,445,13871
11,14327,187,0.0,1966,445,13882
2,14329,187,0.0,1967,445,13884
4,14333,187,0.0,1968,445,13888
2,14335,187,0.0,1969,445,13890
2,14337,187,0.0,1970,445,13892
6,14343,187,0.0,1971,445,13898
4,14347,187,0.0,1972,445,13902
4,14351,187,0.0,1973,445,13906
9,14360,187,0.0,1974,445,13915
5,14365,187,0.0,1975,445,13920
2,14367,187,0.0,1976,445,13922
5,14372,187,0.0,1977,445,13927
8,14380,187,0.0,1978,445,13935
12,14392,187,0.0,1979,445,13947
5,14397,187,0.0,1980,445,13952
11,14408,188,1.0,1981,445,13963
4,14412,188,0.0,1982,445,13967
11,14423,188,0.0,1983,445,13978
3,14426,188,0.0,1984,445,13981
5,14431,188,0.0,1985,445,13986
4,14435,188,0.0,1986,445,13990
4,14439,188,0.0,1987,445,13994
2,14441,188,0.0,1988,445,13996
2,14443,188,0.0,1989,445,13998
11,14454,189,1.0,1990,445,14009
3,14457,189,0.0,1991,445,14012
5,14462,189,0.0,1992,445,14017
18,14480,189,0.0,1993,445,14035
5,14485,189,0.0,1994,445,14040
4,14489,189,0.0,1995,445,14044
5,14494,189,0.0,1996,445,14049
3,14497,189,0.0,1997,445,14052
11,14508,190,1.0,1998,445,14063
6,14514,190,0.0,1999,445,14069
3,14517,190,0.0,2000,445,14072
7,14524,190,0.0,2001,445,14079
26,14550,190,0.0,2002,445,14105
2,14552,190,0.0,2003,445,14107
17,14569,190,0.0,2004,445,14124
11,14580,190,0.0,2005,445,14135
3,14583,190,0.0,2006,445,14138
2,14585,190,0.0,2007,445,14140
5,14590,190,0.0,2008,445,14145
5,14595,190,0.0,2009,445,14150
5,14600,190,0.0,2010,445,14155
6,14606,190,0.0,2011,445,14161
9,14615,190,0.0,2012,445,14170
5,14620,190,0.0,2013,445,14175
12,14632,190,0.0,2014,445,14187
5,14637,190,0.0,2015,445,14192
11,14648,191,1.0,2016,445,14203
11,14659,192,1.0,2017,445,14214
2,14661,192,0.0,2018,445,14216
12,14673,192,0.0,2019,445,14228
5,14678,192,0.0,2020,445,14233
11,14689,193,1.0,2021,445,14244
12,14701,193,0.0,2022,445,14256
7,14708,193,0.0,2023,445,14263
3,14711,193,0.0,2024,445,14266
5,14716,193,0.0,2025,445,14271
2,14718,193,0.0,2026,445,14273
7,14725,193,0.0,2027,445,14280
3,14728,193,0.0,2028,445,14283
3,14731,193,0.0,2029,445,14286
4,14735,193,0.0,2030,445,14290
5,14740,193,0.0,2031,445,14295
5,14745,193,0.0,2032,445,14300
4,14749,193,0.0,2033,445,14304
5,14754,193,0.0,2034,445,14309
3,14757,193,0.0,2035,445,14312
3,14760,193,0.0,2036,445,14315
11,14771,194,1.0,2037,445,14326
7,14778,194,0.0,2038,445,14333
9,14787,194,0.0,2039,445,14342
5,14792,194,0.0,2040,445,14347
10,14802,194,0.0,2041,445,14357
2,14804,194,0.0,2042,445,14359
5,14809,194,0.0,2043,445,14364
7,14816,194,0.0,2044,445,14371
2,14818,194,0.0,2045,445,14373
11,14829,195,1.0,2046,445,14384
12,14841,195,0.0,2047,445,14396
7,14848,195,0.0,2048,445,14403
4,14852,195,0.0,2049,445,14407
3,14855,195,0.0,2050,445,14410
7,14862,195,0.0,2051,445,14417
4,14866,195,0.0,2052,445,14421
10,14876,195,0.0,2053,445,14431
10,14886,195,0.0,2054,445,14441
4,14890,195,0.0,2055,445,14445
6,14896,195,0.0,2056,445,14451
6,14902,195,0.0,2057,445,14457
6,14908,195,0.0,2058,445,14463
6,14914,195,0.0,2059,445,14469
10,14924,195,0.0,2060,445,14479
3,14927,195,0.0,2061,445,14482
5,14932,195,0.0,2062,445,14487
3,14935,195,0.0,2063,445,14490
5,14940,195,0.0,2064,445,14495
19,14959,195,0.0,2065,445,14514
9,14968,195,0.0,2066,445,14523
11,14979,196,1.0,2067,445,14534
12,14991,196,0.0,2068,445,14546
16,15007,196,0.0,2069,445,14562
8,15015,196,0.0,2070,445,14570
18,15033,196,0.0,2071,445,14588
3,15036,196,0.0,2072,445,14591
7,15043,196,0.0,2073,445,14598
7,15050,196,0.0,2074,445,14605
7,15057,196,0.0,2075,445,14612
32,15089,196,0.0,2076,445,14644
6,15095,196,0.0,2077,445,14650
8,15103,196,0.0,2078,445,14658
3,15106,196,0.0,2079,445,14661
11,15117,197,1.0,2080,445,14672
4,15121,197,0.0,2081,445,14676
8,15129,197,0.0,2082,445,14684
5,15134,197,0.0,2083,445,14689
3,15137,197,0.0,2084,445,14692
25,15162,197,0.0,2085,445,14717
7,15169,197,0.0,2086,445,14724
5,15174,197,0.0,2087,445,14729
7,15181,197,0.0,2088,445,14736
12,15193,197,0.0,2089,445,14748
5,15198,197,0.0,2090,445,14753
11,15209,198,1.0,2091,445,14764
5,15214,198,0.0,2092,445,14769
8,15222,198,0.0,2093,445,14777
7,15229,198,0.0,2094,445,14784
5,15234,198,0.0,2095,445,14789
4,15238,198,0.0,2096,445,14793
4,15242,198,0.0,2097,445,14797
2,15244,198,0.0,2098,445,14799
4,15248,198,0.0,2099,445,14803
2,15250,198,0.0,2100,445,14805
3,15253,198,0.0,2101,445,14808
3,15256,198,0.0,2102,445,14811
4,15260,198,0.0,2103,445,14815
3,15263,198,0.0,2104,445,14818
4,15267,198,0.0,2105,445,14822
2,15269,198,0.0,2106,445,14824
4,15273,198,0.0,2107,445,14828
7,15280,198,0.0,2108,445,14835
19,15299,198,0.0,2109,445,14854
11,15310,199,1.0,2110,445,14865
7,15317,199,0.0,2111,445,14872
2,15319,199,0.0,2112,445,14874
2,15321,199,0.0,2113,445,14876
2,15323,199,0.0,2114,445,14878
4,15327,199,0.0,2115,445,14882
3,15330,199,0.0,2116,445,14885
4,15334,199,0.0,2117,445,14889
5,15339,199,0.0,2118,445,14894
11,15350,200,1.0,2119,445,14905
4,15354,200,0.0,2120,445,14909
9,15363,200,0.0,2121,445,14918
3,15366,200,0.0,2122,445,14921
2,15368,200,0.0,2123,445,14923
4,15372,200,0.0,2124,445,14927
16,15388,200,0.0,2125,445,14943
11,15399,201,1.0,2126,445,14954
5,15404,201,0.0,2127,445,14959
6,15410,201,0.0,2128,445,14965
2,15412,201,0.0,2129,445,14967
5,15417,201,0.0,2130,445,14972
2,15419,201,0.0,2131,445,14974
5,15424,201,0.0,2132,445,14979
3,15427,201,0.0,2133,445,14982
7,15434,201,0.0,2134,445,14989
3,15437,201,0.0,2135,445,14992
11,15448,202,1.0,2136,445,15003
4,15452,202,0.0,2137,445,15007
7,15459,202,0.0,2138,445,15014
5,15464,202,0.0,2139,445,15019
2,15466,202,0.0,2140,445,15021
2,15468,202,0.0,2141,445,15023
2,15470,202,0.0,2142,445,15025
2,15472,202,0.0,2143,445,15027
3,15475,202,0.0,2144,445,15030
5,15480,202,0.0,2145,445,15035
11,15491,203,1.0,2146,445,15046
11,15502,204,1.0,2147,445,15057
11,15513,205,1.0,2148,445,15068
4,15517,205,0.0,2149,445,15072
3,15520,205,0.0,2150,445,15075
6,15526,205,0.0,2151,445,15081
5,15531,205,0.0,2152,445,15086
11,15542,206,1.0,2153,445,15097
4,15546,206,0.0,2154,445,15101
5,15551,206,0.0,2155,445,15106
11,15562,207,1.0,2156,445,15117
5,15567,207,0.0,2157,445,15122
9,15576,207,0.0,2158,445,15131
2,15578,207,0.0,2159,445,15133
13,15591,207,0.0,2160,445,15146
11,15602,208,1.0,2161,445,15157
2,15604,208,0.0,2162,445,15159
7,15611,208,0.0,2163,445,15166
5,15616,208,0.0,2164,445,15171
4,15620,208,0.0,2165,445,15175
6,15626,208,0.0,2166,445,15181
7,15633,208,0.0,2167,445,15188
2,15635,208,0.0,2168,445,15190
4,15639,208,0.0,2169,445,15194
5,15644,208,0.0,2170,445,15199
5,15649,208,0.0,2171,445,15204
34,15683,208,0.0,2172,445,15238
6,15689,208,0.0,2173,445,15244
5,15694,208,0.0,2174,445,15249
2,15696,208,0.0,2175,445,15251
5,15701,208,0.0,2176,445,15256
6,15707,208,0.0,2177,445,15262
6,15713,208,0.0,2178,445,15268
5,15718,208,0.0,2179,445,15273
5,15723,208,0.0,2180,445,15278
12,15735,208,0.0,2181,445,15290
11,15746,209,1.0,2182,445,15301
6,15752,209,0.0,2183,445,15307
11,15763,210,1.0,2184,445,15318
3,15766,210,0.0,2185,445,15321
7,15773,210,0.0,2186,445,15328
18,15791,211,1.0,2187,445,15346
4,15795,211,0.0,2188,445,15350
9,15804,211,0.0,2189,445,15359
10,15814,211,0.0,2190,445,15369
6,15820,211,0.0,2191,445,15375
2,15822,211,0.0,2192,445,15377
2,15824,211,0.0,2193,445,15379
21,15845,211,0.0,2194,445,15400
5,15850,211,0.0,2195,445,15405
11,15861,212,1.0,2196,445,15416
3,15864,212,0.0,2197,445,15419
19,15883,212,0.0,2198,445,15438
6,15889,212,0.0,2199,445,15444
14,15903,213,1.0,2200,445,15458
5,15908,213,0.0,2201,445,15463
2,15910,213,0.0,2202,445,15465
4,15914,213,0.0,2203,445,15469
5,15919,213,0.0,2204,445,15474
11,15930,213,0.0,2205,445,15485
8,15938,213,0.0,2206,445,15493
5,15943,213,0.0,2207,445,15498
12,15955,213,0.0,2208,445,15510
2,15957,213,0.0,2209,445,15512
5,15962,213,0.0,2210,445,15517
9,15971,213,0.0,2211,445,15526
5,15976,213,0.0,2212,445,15531
6,15982,213,0.0,2213,445,15537
10,15992,213,0.0,2214,445,15547
25,16017,213,0.0,2215,445,15572
11,16028,214,1.0,2216,445,15583
11,16039,214,0.0,2217,445,15594
11,16050,215,1.0,2218,445,15605
11,16061,216,1.0,2219,445,15616
2,16063,216,0.0,2220,445,15618
14,16077,216,0.0,2221,445,15632
2,16079,216,0.0,2222,445,15634
5,16084,216,0.0,2223,445,15639
2,16086,216,0.0,2224,445,15641
3,16089,216,0.0,2225,445,15644
9,16098,216,0.0,2226,445,15653
5,16103,216,0.0,2227,445,15658
2,16105,216,0.0,2228,445,15660
18,16123,217,1.0,2229,445,15678
4,16127,217,0.0,2230,445,15682
3,16130,217,0.0,2231,445,15685
11,16141,218,1.0,2232,445,15696
2,16143,218,0.0,2233,445,15698
6,16149,218,0.0,2234,445,15704
2,16151,218,0.0,2235,445,15706
2,16153,218,0.0,2236,445,15708
14,16167,218,0.0,2237,445,15722
2,16169,218,0.0,2238,445,15724
19,16188,218,0.0,2239,445,15743
4,16192,218,0.0,2240,445,15747
5,16197,218,0.0,2241,445,15752
5,16202,218,0.0,2242,445,15757
6,16208,218,0.0,2243,445,15763
2,16210,218,0.0,2244,445,15765
4,16214,218,0.0,2245,445,15769
5,16219,218,0.0,2246,445,15774
11,16230,219,1.0,2247,445,15785
4,16234,219,0.0,2248,445,15789
7,16241,219,0.0,2249,445,15796
3,16244,219,0.0,2250,445,15799
2,16246,219,0.0,2251,445,15801
4,16250,219,0.0,2252,445,15805
2,16252,219,0.0,2253,445,15807
5,16257,219,0.0,2254,445,15812
5,16262,219,0.0,2255,445,15817
3,16265,219,0.0,2256,445,15820
5,16270,219,0.0,2257,445,15825
6,16276,219,0.0,2258,445,15831
4,16280,219,0.0,2259,445,15835
6,16286,219,0.0,2260,445,15841
9,16295,219,0.0,2261,445,15850
5,16300,219,0.0,2262,445,15855
18,16318,220,1.0,2263,445,15873
4,16322,220,0.0,2264,445,15877
18,16340,220,0.0,2265,445,15895
10,16350,220,0.0,2266,445,15905
2,16352,220,0.0,2267,445,15907
11,16363,221,1.0,2268,445,15918
5,16368,221,0.0,2269,445,15923
8,16376,221,0.0,2270,445,15931
8,16384,221,0.0,2271,445,15939
5,16389,221,0.0,2272,445,15944
18,16407,222,1.0,2273,445,15962
5,16412,222,0.0,2274,445,15967
14,16426,223,1.0,2275,445,15981
4,16430,223,0.0,2276,445,15985
7,16437,223,0.0,2277,445,15992
2,16439,223,0.0,2278,445,15994
7,16446,223,0.0,2279,445,16001
10,16456,223,0.0,2280,445,16011
10,16466,223,0.0,2281,445,16021
4,16470,223,0.0,2282,445,16025
11,16481,224,1.0,2283,445,16036
11,16492,225,1.0,2284,445,16047
3,16495,225,0.0,2285,445,16050
19,16514,225,0.0,2286,445,16069
5,16519,225,0.0,2287,445,16074
4,16523,225,0.0,2288,445,16078
19,16542,225,0.0,2289,445,16097
2,16544,225,0.0,2290,445,16099
2,16546,225,0.0,2291,445,16101
2,16548,225,0.0,2292,445,16103
4,16552,225,0.0,2293,445,16107
2,16554,225,0.0,2294,445,16109
4,16558,225,0.0,2295,445,16113
2,16560,225,0.0,2296,445,16115
2,16562,225,0.0,2297,445,16117
4,16566,225,0.0,2298,445,16121
11,16577,226,1.0,2299,445,16132
11,16588,227,1.0,2300,445,16143
11,16599,228,1.0,2301,445,16154
4,16603,228,0.0,2302,445,16158
5,16608,228,0.0,2303,445,16163
6,16614,228,0.0,2304,445,16169
11,16625,229,1.0,2305,445,16180
8,16633,229,0.0,2306,445,16188
2,16635,229,0.0,2307,445,16190
5,16640,229,0.0,2308,445,16195
11,16651,230,1.0,2309,445,16206
6,16657,230,0.0,2310,445,16212
3,16660,230,0.0,2311,445,16215
5,16665,230,0.0,2312,445,16220
4,16669,230,0.0,2313,445,16224
3,16672,230,0.0,2314,445,16227
11,16683,231,1.0,2315,445,16238
4,16687,231,0.0,2316,445,16242
11,16698,232,1.0,2317,445,16253
4,16702,232,0.0,2318,445,16257
7,16709,232,0.0,2319,445,16264
5,16714,232,0.0,2320,445,16269
7,16721,232,0.0,2321,445,16276
4,16725,232,0.0,2322,445,16280
6,16731,232,0.0,2323,445,16286
4,16735,232,0.0,2324,445,16290
3,16738,232,0.0,2325,445,16293
13,16751,232,0.0,2326,445,16306
8,16759,232,0.0,2327,445,16314
6,16765,232,0.0,2328,445,16320
10,16775,232,0.0,2329,445,16330
4,16779,232,0.0,2330,445,16334
28,16807,232,0.0,2331,445,16362
9,16816,232,0.0,2332,445,16371
2,16818,232,0.0,2333,445,16373
4,16822,232,0.0,2334,445,16377
6,16828,232,0.0,2335,445,16383
9,16837,232,0.0,2336,445,16392
4,16841,232,0.0,2337,445,16396
5,16846,232,0.0,2338,445,16401
3,16849,232,0.0,2339,445,16404
6,16855,232,0.0,2340,445,16410
5,16860,232,0.0,2341,445,16415
19,16879,232,0.0,2342,445,16434
6,16885,232,0.0,2343,445,16440
9,16894,232,0.0,2344,445,16449
5,16899,232,0.0,2345,445,16454
6,16905,232,0.0,2346,445,16460
8,16913,232,0.0,2347,445,16468
4,16917,232,0.0,2348,445,16472
2,16919,232,0.0,2349,445,16474
9,16928,232,0.0,2350,445,16483
7,16935,232,0.0,2351,445,16490
9,16944,232,0.0,2352,445,16499
5,16949,232,0.0,2353,445,16504
7,16956,232,0.0,2354,445,16511
6,16962,232,0.0,2355,445,16517
6,16968,232,0.0,2356,445,16523
2,16970,232,0.0,2357,445,16525
5,16975,232,0.0,2358,445,16530
12,16987,232,0.0,2359,445,16542
3,16990,232,0.0,2360,445,16545
11,17001,233,1.0,2361,445,16556
4,17005,233,0.0,2362,445,16560
11,17016,234,1.0,2363,445,16571
17,17033,234,0.0,2364,445,16588
5,17038,234,0.0,2365,445,16593
4,17042,234,0.0,2366,445,16597
14,17056,234,0.0,2367,445,16611
4,17060,234,0.0,2368,445,16615
2,17062,234,0.0,2369,445,16617
15,17077,234,0.0,2370,445,16632
5,17082,234,0.0,2371,445,16637
10,17092,234,0.0,2372,445,16647
7,17099,234,0.0,2373,445,16654
2,17101,234,0.0,2374,445,16656
6,17107,234,0.0,2375,445,16662
2,17109,234,0.0,2376,445,16664
5,17114,234,0.0,2377,445,16669
4,17118,234,0.0,2378,445,16673
4,17122,234,0.0,2379,445,16677
3,17125,234,0.0,2380,445,16680
12,17137,234,0.0,2381,445,16692
11,17148,235,1.0,2382,445,16703
6,17154,235,0.0,2383,445,16709
10,17164,235,0.0,2384,445,16719
3,17167,235,0.0,2385,445,16722
3,17170,235,0.0,2386,445,16725
19,17189,235,0.0,2387,445,16744
11,17200,236,1.0,2388,445,16755
4,17204,236,0.0,2389,445,16759
5,17209,236,0.0,2390,445,16764
9,17218,236,0.0,2391,445,16773
5,17223,236,0.0,2392,445,16778
6,17229,236,0.0,2393,445,16784
3,17232,236,0.0,2394,445,16787
5,17237,236,0.0,2395,445,16792
7,17244,236,0.0,2396,445,16799
11,17255,237,1.0,2397,445,16810
2,17257,237,0.0,2398,445,16812
2,17259,237,0.0,2399,445,16814
2,17261,237,0.0,2400,445,16816
2,17263,237,0.0,2401,445,16818
11,17274,238,1.0,2402,445,16829
2,17276,238,0.0,2403,445,16831
19,17295,238,0.0,2404,445,16850
2,17297,238,0.0,2405,445,16852
4,17301,238,0.0,2406,445,16856
4,17305,238,0.0,2407,445,16860
4,17309,238,0.0,2408,445,16864
7,17316,238,0.0,2409,445,16871
7,17323,238,0.0,2410,445,16878
9,17332,238,0.0,2411,445,16887
4,17336,238,0.0,2412,445,16891
7,17343,238,0.0,2413,445,16898
2,17345,238,0.0,2414,445,16900
11,17356,239,1.0,2415,445,16911
3,17359,239,0.0,2416,445,16914
2,17361,239,0.0,2417,445,16916
3,17364,239,0.0,2418,445,16919
2,17366,239,0.0,2419,445,16921
2,17368,239,0.0,2420,445,16923
10,17378,239,0.0,2421,445,16933
19,17397,239,0.0,2422,445,16952
2,17399,239,0.0,2423,445,16954
5,17404,239,0.0,2424,445,16959
9,17413,239,0.0,2425,445,16968
11,17424,240,1.0,2426,445,16979
2,17426,240,0.0,2427,445,16981
8,17434,240,0.0,2428,445,16989
4,17438,240,0.0,2429,445,16993
9,17447,240,0.0,2430,445,17002
4,17451,240,0.0,2431,445,17006
16,17467,240,0.0,2432,445,17022
2,17469,240,0.0,2433,445,17024
2,17471,240,0.0,2434,445,17026
4,17475,240,0.0,2435,445,17030
11,17486,241,1.0,2436,445,17041
2,17488,241,0.0,2437,445,17043
9,17497,241,0.0,2438,445,17052
11,17508,242,1.0,2439,445,17063
3,17511,242,0.0,2440,445,17066
6,17517,242,0.0,2441,445,17072
6,17523,242,0.0,2442,445,17078
18,17541,243,1.0,2443,445,17096
19,17560,243,0.0,2444,445,17115
2,17562,243,0.0,2445,445,17117
2,17564,243,0.0,2446,445,17119
4,17568,243,0.0,2447,445,17123
5,17573,243,0.0,2448,445,17128
11,17584,244,1.0,2449,445,17139
4,17588,244,0.0,2450,445,17143
3,17591,244,0.0,2451,445,17146
3,17594,244,0.0,2452,445,17149
19,17613,244,0.0,2453,445,17168
2,17615,244,0.0,2454,445,17170
2,17617,244,0.0,2455,445,17172
5,17622,244,0.0,2456,445,17177
18,17640,245,1.0,2457,445,17195
7,17647,245,0.0,2458,445,17202
11,17658,246,1.0,2459,445,17213
9,17667,246,0.0,2460,445,17222
11,17678,247,1.0,2461,445,17233
3,17681,247,0.0,2462,445,17236
6,17687,247,0.0,2463,445,17242
11,17698,248,1.0,2464,445,17253
2,17700,248,0.0,2465,445,17255
4,17704,248,0.0,2466,445,17259
9,17713,248,0.0,2467,445,17268
4,17717,248,0.0,2468,445,17272
13,17730,248,0.0,2469,445,17285
18,17748,248,0.0,2470,445,17303
11,17759,249,1.0,2471,445,17314
3,17762,249,0.0,2472,445,17317
11,17773,250,1.0,2473,445,17328
11,17784,251,1.0,2474,445,17339
7,17791,251,0.0,2475,445,17346
5,17796,251,0.0,2476,445,17351
4,17800,251,0.0,2477,445,17355
25,17825,251,0.0,2478,445,17380
3,17828,251,0.0,2479,445,17383
5,17833,251,0.0,2480,445,17388
2,17835,251,0.0,2481,445,17390
6,17841,251,0.0,2482,445,17396
3,17844,251,0.0,2483,445,17399
4,17848,251,0.0,2484,445,17403
4,17852,251,0.0,2485,445,17407
11,17863,252,1.0,2486,445,17418
3,17866,252,0.0,2487,445,17421
3,17869,252,0.0,2488,445,17424
4,17873,252,0.0,2489,445,17428
5,17878,252,0.0,2490,445,17433
7,17885,252,0.0,2491,445,17440
8,17893,252,0.0,2492,445,17448
2,17895,252,0.0,2493,445,17450
11,17906,253,1.0,2494,445,17461
11,17917,254,1.0,2495,445,17472
5,17922,254,0.0,2496,445,17477
4,17926,254,0.0,2497,445,17481
6,17932,254,0.0,2498,445,17487
5,17937,254,0.0,2499,445,17492
4,17941,254,0.0,2500,445,17496
19,17960,254,0.0,2501,445,17515
9,17969,254,0.0,2502,445,17524
7,17976,254,0.0,2503,445,17531
4,17980,254,0.0,2504,445,17535
6,17986,254,0.0,2505,445,17541
2,17988,254,0.0,2506,445,17543
3,17991,254,0.0,2507,445,17546
2,17993,254,0.0,2508,445,17548
4,17997,254,0.0,2509,445,17552
7,18004,254,0.0,2510,445,17559
3,18007,254,0.0,2511,445,17562
6,18013,254,0.0,2512,445,17568
17,18030,254,0.0,2513,445,17585
6,18036,254,0.0,2514,445,17591
12,18048,254,0.0,2515,445,17603
19,18067,254,0.0,2516,445,17622
5,18072,254,0.0,2517,445,17627
7,18079,254,0.0,2518,445,17634
2,18081,254,0.0,2519,445,17636
12,18093,254,0.0,2520,445,17648
5,18098,254,0.0,2521,445,17653
11,18109,255,1.0,2522,445,17664
6,18115,255,0.0,2523,445,17670
5,18120,255,0.0,2524,445,17675
4,18124,255,0.0,2525,445,17679
4,18128,255,0.0,2526,445,17683
18,18146,255,0.0,2527,445,17701
3,18149,255,0.0,2528,445,17704
5,18154,255,0.0,2529,445,17709
7,18161,255,0.0,2530,445,17716
6,18167,255,0.0,2531,445,17722
5,18172,255,0.0,2532,445,17727
11,18183,256,1.0,2533,445,17738
2,18185,256,0.0,2534,445,17740
5,18190,256,0.0,2535,445,17745
9,18199,256,0.0,2536,445,17754
19,18218,256,0.0,2537,445,17773
5,18223,256,0.0,2538,445,17778
11,18234,257,1.0,2539,445,17789
7,18241,257,0.0,2540,445,17796
19,18260,257,0.0,2541,445,17815
7,18267,257,0.0,2542,445,17822
5,18272,257,0.0,2543,445,17827
9,18281,257,0.0,2544,445,17836
2,18283,257,0.0,2545,445,17838
11,18294,258,1.0,2546,445,17849
5,18299,258,0.0,2547,445,17854
5,18304,258,0.0,2548,445,17859
7,18311,258,0.0,2549,445,17866
2,18313,258,0.0,2550,445,17868
9,18322,258,0.0,2551,445,17877
4,18326,258,0.0,2552,445,17881
4,18330,258,0.0,2553,445,17885
3,18333,258,0.0,2554,445,17888
5,18338,258,0.0,2555,445,17893
5,18343,258,0.0,2556,445,17898
7,18350,258,0.0,2557,445,17905
11,18361,259,1.0,2558,445,17916
4,18365,259,0.0,2559,445,17920
4,18369,259,0.0,2560,445,17924
11,18380,260,1.0,2561,445,17935
8,18388,260,0.0,2562,445,17943
18,18406,260,0.0,2563,445,17961
7,18413,260,0.0,2564,445,17968
5,18418,260,0.0,2565,445,17973
11,18429,261,1.0,2566,445,17984
5,18434,261,0.0,2567,445,17989
5,18439,261,0.0,2568,445,17994
4,18443,261,0.0,2569,445,17998
11,18454,262,1.0,2570,445,18009
6,18460,262,0.0,2571,445,18015
13,18473,262,0.0,2572,445,18028
5,18478,262,0.0,2573,445,18033
4,18482,262,0.0,2574,445,18037
11,18493,263,1.0,2575,445,18048
7,18500,263,0.0,2576,445,18055
4,18504,263,0.0,2577,445,18059
4,18508,263,0.0,2578,445,18063
2,18510,263,0.0,2579,445,18065
11,18521,264,1.0,2580,445,18076
5,18526,264,0.0,2581,445,18081
5,18531,264,0.0,2582,445,18086
7,18538,264,0.0,2583,445,18093
14,18552,264,0.0,2584,445,18107
7,18559,264,0.0,2585,445,18114
10,18569,264,0.0,2586,445,18124
3,18572,264,0.0,2587,445,18127
11,18583,265,1.0,2588,445,18138
15,18598,265,0.0,2589,445,18153
11,18609,266,1.0,2590,445,18164
3,18612,266,0.0,2591,445,18167
39,18651,266,0.0,2592,445,18206
5,18656,266,0.0,2593,445,18211
7,18663,266,0.0,2594,445,18218
10,18673,266,0.0,2595,445,18228
11,18684,267,1.0,2596,445,18239
19,18703,267,0.0,2597,445,18258
8,18711,267,0.0,2598,445,18266
6,18717,267,0.0,2599,445,18272
3,18720,267,0.0,2600,445,18275
16,18736,267,0.0,2601,445,18291
11,18747,268,1.0,2602,445,18302
4,18751,268,0.0,2603,445,18306
6,18757,268,0.0,2604,445,18312
2,18759,268,0.0,2605,445,18314
5,18764,268,0.0,2606,445,18319
3,18767,268,0.0,2607,445,18322
5,18772,268,0.0,2608,445,18327
4,18776,268,0.0,2609,445,18331
4,18780,268,0.0,2610,445,18335
5,18785,268,0.0,2611,445,18340
2,18787,268,0.0,2612,445,18342
11,18798,269,1.0,2613,445,18353
5,18803,269,0.0,2614,445,18358
17,18820,269,0.0,2615,445,18375
4,18824,269,0.0,2616,445,18379
18,18842,269,0.0,2617,445,18397
11,18853,270,1.0,2618,445,18408
4,18857,270,0.0,2619,445,18412
11,18868,271,1.0,2620,445,18423
7,18875,271,0.0,2621,445,18430
2,18877,271,0.0,2622,445,18432
2,18879,271,0.0,2623,445,18434
7,18886,271,0.0,2624,445,18441
18,18904,271,0.0,2625,445,18459
2,18906,271,0.0,2626,445,18461
9,18915,271,0.0,2627,445,18470
6,18921,271,0.0,2628,445,18476
4,18925,271,0.0,2629,445,18480
3,18928,271,0.0,2630,445,18483
11,18939,272,1.0,2631,445,18494
5,18944,272,0.0,2632,445,18499
2,18946,272,0.0,2633,445,18501
4,18950,272,0.0,2634,445,18505
3,18953,272,0.0,2635,445,18508
7,18960,272,0.0,2636,445,18515
2,18962,272,0.0,2637,445,18517
5,18967,272,0.0,2638,445,18522
19,18986,272,0.0,2639,445,18541
11,18997,273,1.0,2640,445,18552
11,19008,274,1.0,2641,445,18563
7,19015,274,0.0,2642,445,18570
7,19022,274,0.0,2643,445,18577
2,19024,274,0.0,2644,445,18579
5,19029,274,0.0,2645,445,18584
2,19031,274,0.0,2646,445,18586
3,19034,274,0.0,2647,445,18589
7,19041,274,0.0,2648,445,18596
7,19048,274,0.0,2649,445,18603
14,19062,274,0.0,2650,445,18617
9,19071,274,0.0,2651,445,18626
17,19088,274,0.0,2652,445,18643
6,19094,274,0.0,2653,445,18649
4,19098,274,0.0,2654,445,18653
5,19103,274,0.0,2655,445,18658
5,19108,274,0.0,2656,445,18663
11,19119,275,1.0,2657,445,18674
9,19128,275,0.0,2658,445,18683
10,19138,275,0.0,2659,445,18693
4,19142,275,0.0,2660,445,18697
18,19160,276,1.0,2661,445,18715
16,19176,276,0.0,2662,445,18731
2,19178,276,0.0,2663,445,18733
4,19182,276,0.0,2664,445,18737
5,19187,276,0.0,2665,445,18742
17,19204,276,0.0,2666,445,18759
4,19208,276,0.0,2667,445,18763
11,19219,277,1.0,2668,445,18774
7,19226,277,0.0,2669,445,18781
4,19230,277,0.0,2670,445,18785
2,19232,277,0.0,2671,445,18787
3,19235,277,0.0,2672,445,18790
4,19239,277,0.0,2673,445,18794
5,19244,277,0.0,2674,445,18799
2,19246,277,0.0,2675,445,18801
16,19262,277,0.0,2676,445,18817
2,19264,277,0.0,2677,445,18819
5,19269,277,0.0,2678,445,18824
4,19273,277,0.0,2679,445,18828
11,19284,278,1.0,2680,445,18839
12,19296,278,0.0,2681,445,18851
4,19300,278,0.0,2682,445,18855
5,19305,278,0.0,2683,445,18860
3,19308,278,0.0,2684,445,18863
19,19327,278,0.0,2685,445,18882
3,19330,278,0.0,2686,445,18885
2,19332,278,0.0,2687,445,18887
22,19354,278,0.0,2688,445,18909
5,19359,278,0.0,2689,445,18914
5,19364,278,0.0,2690,445,18919
6,19370,278,0.0,2691,445,18925
24,19394,278,0.0,2692,445,18949
11,19405,279,1.0,2693,445,18960
3,19408,279,0.0,2694,445,18963
5,19413,279,0.0,2695,445,18968
4,19417,279,0.0,2696,445,18972
9,19426,279,0.0,2697,445,18981
2,19428,279,0.0,2698,445,18983
2,19430,279,0.0,2699,445,18985
6,19436,279,0.0,2700,445,18991
2,19438,279,0.0,2701,445,18993
4,19442,279,0.0,2702,445,18997
10,19452,279,0.0,2703,445,19007
4,19456,279,0.0,2704,445,19011
4,19460,279,0.0,2705,445,19015
11,19471,280,1.0,2706,445,19026
6,19477,280,0.0,2707,445,19032
9,19486,280,0.0,2708,445,19041
15,19501,280,0.0,2709,445,19056
19,19520,280,0.0,2710,445,19075
28,19548,280,0.0,2711,445,19103
4,19552,280,0.0,2712,445,19107
11,19563,281,1.0,2713,445,19118
5,19568,281,0.0,2714,445,19123
7,19575,281,0.0,2715,445,19130
5,19580,281,0.0,2716,445,19135
2,19582,281,0.0,2717,445,19137
2,19584,281,0.0,2718,445,19139
5,19589,281,0.0,2719,445,19144
5,19594,281,0.0,2720,445,19149
8,19602,281,0.0,2721,445,19157
30,19632,281,0.0,2722,445,19187
4,19636,281,0.0,2723,445,19191
6,19642,281,0.0,2724,445,19197
5,19647,281,0.0,2725,445,19202
12,19659,281,0.0,2726,445,19214
5,19664,281,0.0,2727,445,19219
5,19669,281,0.0,2728,445,19224
3,19672,281,0.0,2729,445,19227
4,19676,281,0.0,2730,445,19231
11,19687,282,1.0,2731,445,19242
2,19689,282,0.0,2732,445,19244
4,19693,282,0.0,2733,445,19248
3,19696,282,0.0,2734,445,19251
3,19699,282,0.0,2735,445,19254
7,19706,282,0.0,2736,445,19261
4,19710,282,0.0,2737,445,19265
4,19714,282,0.0,2738,445,19269
16,19730,282,0.0,2739,445,19285
5,19735,282,0.0,2740,445,19290
11,19746,283,1.0,2741,445,19301
5,19751,283,0.0,2742,445,19306
7,19758,283,0.0,2743,445,19313
7,19765,283,0.0,2744,445,19320
12,19777,283,0.0,2745,445,19332
5,19782,283,0.0,2746,445,19337
5,19787,283,0.0,2747,445,19342
2,19789,283,0.0,2748,445,19344
11,19800,284,1.0,2749,445,19355
6,19806,284,0.0,2750,445,19361
7,19813,284,0.0,2751,445,19368
13,19826,284,0.0,2752,445,19381
9,19835,284,0.0,2753,445,19390
3,19838,284,0.0,2754,445,19393
12,19850,284,0.0,2755,445,19405
4,19854,284,0.0,2756,445,19409
11,19865,285,1.0,2757,445,19420
2,19867,285,0.0,2758,445,19422
2,19869,285,0.0,2759,445,19424
4,19873,285,0.0,2760,445,19428
25,19898,285,0.0,2761,445,19453
3,19901,285,0.0,2762,445,19456
7,19908,285,0.0,2763,445,19463
5,19913,285,0.0,2764,445,19468
4,19917,285,0.0,2765,445,19472
3,19920,285,0.0,2766,445,19475
4,19924,285,0.0,2767,445,19479
10,19934,285,0.0,2768,445,19489
11,19945,286,1.0,2769,445,19500
4,19949,286,0.0,2770,445,19504
7,19956,286,0.0,2771,445,19511
2,19958,286,0.0,2772,445,19513
7,19965,286,0.0,2773,445,19520
5,19970,286,0.0,2774,445,19525
5,19975,286,0.0,2775,445,19530
8,19983,286,0.0,2776,445,19538
6,19989,286,0.0,2777,445,19544
3,19992,286,0.0,2778,445,19547
4,19996,286,0.0,2779,445,19551
4,20000,286,0.0,2780,445,19555
4,20004,286,0.0,2781,445,19559
4,20008,286,0.0,2782,445,19563
2,20010,286,0.0,2783,445,19565
4,20014,286,0.0,2784,445,19569
6,20020,286,0.0,2785,445,19575
2,20022,286,0.0,2786,445,19577
11,20033,287,1.0,2787,445,19588
9,20042,287,0.0,2788,445,19597
7,20049,287,0.0,2789,445,19604
6,20055,287,0.0,2790,445,19610
4,20059,287,0.0,2791,445,19614
5,20064,287,0.0,2792,445,19619
4,20068,287,0.0,2793,445,19623
6,20074,287,0.0,2794,445,19629
5,20079,287,0.0,2795,445,19634
5,20084,287,0.0,2796,445,19639
3,20087,287,0.0,2797,445,19642
4,20091,287,0.0,2798,445,19646
3,20094,287,0.0,2799,445,19649
11,20105,288,1.0,2800,445,19660
12,20117,288,0.0,2801,445,19672
11,20128,289,1.0,2802,445,19683
10,20138,289,0.0,2803,445,19693
5,20143,289,0.0,2804,445,19698
2,20145,289,0.0,2805,445,19700
6,20151,289,0.0,2806,445,19706
3,20154,289,0.0,2807,445,19709
4,20158,289,0.0,2808,445,19713
5,20163,289,0.0,2809,445,19718
6,20169,289,0.0,2810,445,19724
6,20175,289,0.0,2811,445,19730
4,20179,289,0.0,2812,445,19734
4,20183,289,0.0,2813,445,19738
6,20189,289,0.0,2814,445,19744
5,20194,289,0.0,2815,445,19749
11,20205,290,1.0,2816,445,19760
12,20217,290,0.0,2817,445,19772
11,20228,291,1.0,2818,445,19783
4,20232,291,0.0,2819,445,19787
2,20234,291,0.0,2820,445,19789
4,20238,291,0.0,2821,445,19793
14,20252,292,1.0,2822,445,19807
6,20258,292,0.0,2823,445,19813
11,20269,293,1.0,2824,445,19824
5,20274,293,0.0,2825,445,19829
5,20279,293,0.0,2826,445,19834
10,20289,293,0.0,2827,445,19844
5,20294,293,0.0,2828,445,19849
4,20298,293,0.0,2829,445,19853
5,20303,293,0.0,2830,445,19858
3,20306,293,0.0,2831,445,19861
11,20317,294,1.0,2832,445,19872
4,20321,294,0.0,2833,445,19876
13,20334,294,0.0,2834,445,19889
2,20336,294,0.0,2835,445,19891
18,20354,294,0.0,2836,445,19909
5,20359,294,0.0,2837,445,19914
12,20371,294,0.0,2838,445,19926
2,20373,294,0.0,2839,445,19928
3,20376,294,0.0,2840,445,19931
4,20380,294,0.0,2841,445,19935
4,20384,294,0.0,2842,445,19939
5,20389,294,0.0,2843,445,19944
5,20394,294,0.0,2844,445,19949
11,20405,295,1.0,2845,445,19960
4,20409,295,0.0,2846,445,19964
8,20417,295,0.0,2847,445,19972
2,20419,295,0.0,2848,445,19974
19,20438,295,0.0,2849,445,19993
11,20449,296,1.0,2850,445,20004
4,20453,296,0.0,2851,445,20008
11,20464,297,1.0,2852,445,20019
11,20475,298,1.0,2853,445,20030
6,20481,298,0.0,2854,445,20036
4,20485,298,0.0,2855,445,20040
5,20490,298,0.0,2856,445,20045
5,20495,298,0.0,2857,445,20050
5,20500,298,0.0,2858,445,20055
5,20505,298,0.0,2859,445,20060
3,20508,298,0.0,2860,445,20063
4,20512,298,0.0,2861,445,20067
3,20515,298,0.0,2862,445,20070
9,20524,298,0.0,2863,445,20079
4,20528,298,0.0,2864,445,20083
22,20550,298,0.0,2865,445,20105
2,20552,298,0.0,2866,445,20107
4,20556,298,0.0,2867,445,20111
16,20572,298,0.0,2868,445,20127
12,20584,298,0.0,2869,445,20139
13,20597,298,0.0,2870,445,20152
7,20604,298,0.0,2871,445,20159
2,20606,298,0.0,2872,445,20161
8,20614,298,0.0,2873,445,20169
5,20619,298,0.0,2874,445,20174
3,20622,298,0.0,2875,445,20177
5,20627,298,0.0,2876,445,20182
11,20638,298,0.0,2877,445,20193
11,20649,299,1.0,2878,445,20204
4,20653,299,0.0,2879,445,20208
5,20658,299,0.0,2880,445,20213
7,20665,299,0.0,2881,445,20220
6,20671,299,0.0,2882,445,20226
5,20676,299,0.0,2883,445,20231
6,20682,299,0.0,2884,445,20237
11,20693,300,1.0,2885,445,20248
6,20699,300,0.0,2886,445,20254
11,20710,301,1.0,2887,445,20265
3,20713,301,0.0,2888,445,20268
4,20717,301,0.0,2889,445,20272
5,20722,301,0.0,2890,445,20277
7,20729,301,0.0,2891,445,20284
7,20736,301,0.0,2892,445,20291
11,20747,302,1.0,2893,445,20302
2,20749,302,0.0,2894,445,20304
2,20751,302,0.0,2895,445,20306
4,20755,302,0.0,2896,445,20310
5,20760,302,0.0,2897,445,20315
2,20762,302,0.0,2898,445,20317
14,20776,302,0.0,2899,445,20331
4,20780,302,0.0,2900,445,20335
5,20785,302,0.0,2901,445,20340
6,20791,302,0.0,2902,445,20346
2,20793,302,0.0,2903,445,20348
9,20802,302,0.0,2904,445,20357
11,20813,303,1.0,2905,445,20368
15,20828,303,0.0,2906,445,20383
5,20833,303,0.0,2907,445,20388
4,20837,303,0.0,2908,445,20392
5,20842,303,0.0,2909,445,20397
7,20849,303,0.0,2910,445,20404
11,20860,304,1.0,2911,445,20415
2,20862,304,0.0,2912,445,20417
6,20868,304,0.0,2913,445,20423
11,20879,305,1.0,2914,445,20434
11,20890,306,1.0,2915,445,20445
3,20893,306,0.0,2916,445,20448
5,20898,306,0.0,2917,445,20453
5,20903,306,0.0,2918,445,20458
5,20908,306,0.0,2919,445,20463
6,20914,306,0.0,2920,445,20469
11,20925,307,1.0,2921,445,20480
11,20936,307,0.0,2922,445,20491
5,20941,307,0.0,2923,445,20496
9,20950,307,0.0,2924,445,20505
8,20958,307,0.0,2925,445,20513
2,20960,307,0.0,2926,445,20515
9,20969,307,0.0,2927,445,20524
19,20988,307,0.0,2928,445,20543
2,20990,307,0.0,2929,445,20545
6,20996,307,0.0,2930,445,20551
8,21004,308,1.0,2931,445,20559
14,21018,308,0.0,2932,445,20573
3,21021,308,0.0,2933,445,20576
3,21024,308,0.0,2934,445,20579
2,21026,308,0.0,2935,445,20581
11,21037,308,0.0,2936,445,20592
4,21041,308,0.0,2937,445,20596
3,21044,308,0.0,2938,445,20599
4,21048,308,0.0,2939,445,20603
11,21059,309,1.0,2940,445,20614
7,21066,309,0.0,2941,445,20621
11,21077,310,1.0,2942,445,20632
2,21079,310,0.0,2943,445,20634
8,21087,310,0.0,2944,445,20642
14,21101,311,1.0,2945,445,20656
4,21105,311,0.0,2946,445,20660
5,21110,311,0.0,2947,445,20665
4,21114,311,0.0,2948,445,20669
9,21123,311,0.0,2949,445,20678
11,21134,311,0.0,2950,445,20689
4,21138,311,0.0,2951,445,20693
4,21142,311,0.0,2952,445,20697
3,21145,311,0.0,2953,445,20700
5,21150,311,0.0,2954,445,20705
7,21157,311,0.0,2955,445,20712
11,21168,312,1.0,2956,445,20723
2,21170,312,0.0,2957,445,20725
11,21181,313,1.0,2958,445,20736
6,21187,313,0.0,2959,445,20742
10,21197,313,0.0,2960,445,20752
11,21208,314,1.0,2961,445,20763
3,21211,314,0.0,2962,445,20766
3,21214,314,0.0,2963,445,20769
10,21224,314,0.0,2964,445,20779
11,21235,315,1.0,2965,445,20790
5,21240,315,0.0,2966,445,20795
5,21245,315,0.0,2967,445,20800
2,21247,315,0.0,2968,445,20802
2,21249,315,0.0,2969,445,20804
10,21259,315,0.0,2970,445,20814
6,21265,315,0.0,2971,445,20820
2,21267,315,0.0,2972,445,20822
2,21269,315,0.0,2973,445,20824
11,21280,316,1.0,2974,445,20835
5,21285,316,0.0,2975,445,20840
4,21289,316,0.0,2976,445,20844
5,21294,316,0.0,2977,445,20849
7,21301,316,0.0,2978,445,20856
13,21314,316,0.0,2979,445,20869
2,21316,316,0.0,2980,445,20871
3,21319,316,0.0,2981,445,20874
5,21324,316,0.0,2982,445,20879
5,21329,316,0.0,2983,445,20884
6,21335,316,0.0,2984,445,20890
5,21340,316,0.0,2985,445,20895
10,21350,316,0.0,2986,445,20905
5,21355,316,0.0,2987,445,20910
2,21357,316,0.0,2988,445,20912
11,21368,317,1.0,2989,445,20923
6,21374,317,0.0,2990,445,20929
8,21382,317,0.0,2991,445,20937
11,21393,318,1.0,2992,445,20948
2,21395,318,0.0,2993,445,20950
7,21402,318,0.0,2994,445,20957
15,21417,318,0.0,2995,445,20972
5,21422,318,0.0,2996,445,20977
4,21426,318,0.0,2997,445,20981
4,21430,318,0.0,2998,445,20985
19,21449,318,0.0,2999,445,21004
10,21459,318,0.0,3000,445,21014
19,21478,318,0.0,3001,445,21033
5,21483,318,0.0,3002,445,21038
6,21489,318,0.0,3003,445,21044
12,21501,318,0.0,3004,445,21056
5,21506,318,0.0,3005,445,21061
9,21515,318,0.0,3006,445,21070
11,21526,319,1.0,3007,445,21081
17,21543,319,0.0,3008,445,21098
7,21550,319,0.0,3009,445,21105
11,21561,320,1.0,3010,445,21116
8,21569,320,0.0,3011,445,21124
2,21571,320,0.0,3012,445,21126
4,21575,320,0.0,3013,445,21130
6,21581,320,0.0,3014,445,21136
6,21587,320,0.0,3015,445,21142
3,21590,320,0.0,3016,445,21145
7,21597,320,0.0,3017,445,21152
6,21603,320,0.0,3018,445,21158
4,21607,320,0.0,3019,445,21162
2,21609,320,0.0,3020,445,21164
10,21619,320,0.0,3021,445,21174
7,21626,320,0.0,3022,445,21181
11,21637,320,0.0,3023,445,21192
5,21642,320,0.0,3024,445,21197
14,21656,320,0.0,3025,445,21211
4,21660,320,0.0,3026,445,21215
6,21666,320,0.0,3027,445,21221
7,21673,320,0.0,3028,445,21228
7,21680,320,0.0,3029,445,21235
3,21683,320,0.0,3030,445,21238
11,21694,321,1.0,3031,445,21249
5,21699,321,0.0,3032,445,21254
7,21706,321,0.0,3033,445,21261
7,21713,321,0.0,3034,445,21268
7,21720,321,0.0,3035,445,21275
3,21723,321,0.0,3036,445,21278
4,21727,321,0.0,3037,445,21282
2,21729,321,0.0,3038,445,21284
5,21734,321,0.0,3039,445,21289
3,21737,321,0.0,3040,445,21292
2,21739,321,0.0,3041,445,21294
2,21741,321,0.0,3042,445,21296
7,21748,321,0.0,3043,445,21303
5,21753,321,0.0,3044,445,21308
5,21758,321,0.0,3045,445,21313
8,21766,321,0.0,3046,445,21321
2,21768,321,0.0,3047,445,21323
2,21770,321,0.0,3048,445,21325
5,21775,321,0.0,3049,445,21330
9,21784,321,0.0,3050,445,21339
3,21787,321,0.0,3051,445,21342
4,21791,321,0.0,3052,445,21346
4,21795,321,0.0,3053,445,21350
2,21797,321,0.0,3054,445,21352
9,21806,321,0.0,3055,445,21361
8,21814,321,0.0,3056,445,21369
4,21818,321,0.0,3057,445,21373
11,21829,322,1.0,3058,445,21384
2,21831,322,0.0,3059,445,21386
4,21835,322,0.0,3060,445,21390
8,21843,322,0.0,3061,445,21398
5,21848,322,0.0,3062,445,21403
2,21850,322,0.0,3063,445,21405
2,21852,322,0.0,3064,445,21407
19,21871,322,0.0,3065,445,21426
8,21879,322,0.0,3066,445,21434
24,21903,322,0.0,3067,445,21458
7,21910,322,0.0,3068,445,21465
7,21917,322,0.0,3069,445,21472
19,21936,322,0.0,3070,445,21491
4,21940,322,0.0,3071,445,21495
3,21943,322,0.0,3072,445,21498
3,21946,322,0.0,3073,445,21501
9,21955,322,0.0,3074,445,21510
5,21960,322,0.0,3075,445,21515
2,21962,322,0.0,3076,445,21517
7,21969,322,0.0,3077,445,21524
5,21974,322,0.0,3078,445,21529
2,21976,322,0.0,3079,445,21531
3,21979,322,0.0,3080,445,21534
3,21982,322,0.0,3081,445,21537
6,21988,322,0.0,3082,445,21543
9,21997,322,0.0,3083,445,21552
11,22008,323,1.0,3084,445,21563
2,22010,323,0.0,3085,445,21565
2,22012,323,0.0,3086,445,21567
19,22031,323,0.0,3087,445,21586
7,22038,323,0.0,3088,445,21593
3,22041,323,0.0,3089,445,21596
5,22046,323,0.0,3090,445,21601
6,22052,323,0.0,3091,445,21607
3,22055,323,0.0,3092,445,21610
11,22066,324,1.0,3093,445,21621
5,22071,324,0.0,3094,445,21626
11,22082,325,1.0,3095,445,21637
5,22087,325,0.0,3096,445,21642
13,22100,325,0.0,3097,445,21655
4,22104,325,0.0,3098,445,21659
14,22118,325,0.0,3099,445,21673
2,22120,325,0.0,3100,445,21675
5,22125,325,0.0,3101,445,21680
3,22128,325,0.0,3102,445,21683
7,22135,325,0.0,3103,445,21690
2,22137,325,0.0,3104,445,21692
3,22140,325,0.0,3105,445,21695
15,22155,325,0.0,3106,445,21710
9,22164,325,0.0,3107,445,21719
3,22167,325,0.0,3108,445,21722
10,22177,325,0.0,3109,445,21732
5,22182,325,0.0,3110,445,21737
6,22188,325,0.0,3111,445,21743
11,22199,326,1.0,3112,445,21754
15,22214,326,0.0,3113,445,21769
5,22219,326,0.0,3114,445,21774
10,22229,326,0.0,3115,445,21784
5,22234,326,0.0,3116,445,21789
15,22249,326,0.0,3117,445,21804
2,22251,326,0.0,3118,445,21806
3,22254,326,0.0,3119,445,21809
4,22258,326,0.0,3120,445,21813
7,22265,326,0.0,3121,445,21820
7,22272,326,0.0,3122,445,21827
9,22281,326,0.0,3123,445,21836
13,22294,326,0.0,3124,445,21849
11,22305,327,1.0,3125,445,21860
2,22307,327,0.0,3126,445,21862
7,22314,327,0.0,3127,445,21869
10,22324,327,0.0,3128,445,21879
3,22327,327,0.0,3129,445,21882
2,22329,327,0.0,3130,445,21884
2,22331,327,0.0,3131,445,21886
3,22334,327,0.0,3132,445,21889
11,22345,327,0.0,3133,445,21900
7,22352,327,0.0,3134,445,21907
7,22359,327,0.0,3135,445,21914
10,22369,327,0.0,3136,445,21924
5,22374,327,0.0,3137,445,21929
5,22379,327,0.0,3138,445,21934
2,22381,327,0.0,3139,445,21936
3,22384,327,0.0,3140,445,21939
3,22387,327,0.0,3141,445,21942
6,22393,327,0.0,3142,445,21948
5,22398,327,0.0,3143,445,21953
3,22401,327,0.0,3144,445,21956
2,22403,327,0.0,3145,445,21958
7,22410,327,0.0,3146,445,21965
4,22414,327,0.0,3147,445,21969
17,22431,327,0.0,3148,445,21986
8,22439,327,0.0,3149,445,21994
19,22458,327,0.0,3150,445,22013
2,22460,327,0.0,3151,445,22015
11,22471,328,1.0,3152,445,22026
11,22482,329,1.0,3153,445,22037
7,22489,329,0.0,3154,445,22044
9,22498,329,0.0,3155,445,22053
4,22502,329,0.0,3156,445,22057
8,22510,329,0.0,3157,445,22065
2,22512,329,0.0,3158,445,22067
5,22517,329,0.0,3159,445,22072
11,22528,330,1.0,3160,445,22083
3,22531,330,0.0,3161,445,22086
9,22540,330,0.0,3162,445,22095
9,22549,330,0.0,3163,445,22104
2,22551,330,0.0,3164,445,22106
5,22556,330,0.0,3165,445,22111
11,22567,331,1.0,3166,445,22122
11,22578,332,1.0,3167,445,22133
5,22583,332,0.0,3168,445,22138
11,22594,333,1.0,3169,445,22149
5,22599,333,0.0,3170,445,22154
2,22601,333,0.0,3171,445,22156
4,22605,333,0.0,3172,445,22160
5,22610,333,0.0,3173,445,22165
3,22613,333,0.0,3174,445,22168
5,22618,333,0.0,3175,445,22173
11,22629,334,1.0,3176,445,22184
2,22631,334,0.0,3177,445,22186
18,22649,335,1.0,3178,445,22204
10,22659,335,0.0,3179,445,22214
3,22662,335,0.0,3180,445,22217
4,22666,335,0.0,3181,445,22221
3,22669,335,0.0,3182,445,22224
3,22672,335,0.0,3183,445,22227
6,22678,335,0.0,3184,445,22233
2,22680,335,0.0,3185,445,22235
4,22684,335,0.0,3186,445,22239
6,22690,335,0.0,3187,445,22245
2,22692,335,0.0,3188,445,22247
3,22695,335,0.0,3189,445,22250
6,22701,335,0.0,3190,445,22256
7,22708,335,0.0,3191,445,22263
4,22712,335,0.0,3192,445,22267
11,22723,336,1.0,3193,445,22278
5,22728,336,0.0,3194,445,22283
13,22741,336,0.0,3195,445,22296
5,22746,336,0.0,3196,445,22301
5,22751,336,0.0,3197,445,22306
2,22753,336,0.0,3198,445,22308
11,22764,336,0.0,3199,445,22319
18,22782,337,1.0,3200,445,22337
5,22787,337,0.0,3201,445,22342
13,22800,337,0.0,3202,445,22355
9,22809,337,0.0,3203,445,22364
11,22820,338,1.0,3204,445,22375
7,22827,338,0.0,3205,445,22382
2,22829,338,0.0,3206,445,22384
11,22840,338,0.0,3207,445,22395
4,22844,338,0.0,3208,445,22399
2,22846,338,0.0,3209,445,22401
5,22851,338,0.0,3210,445,22406
2,22853,338,0.0,3211,445,22408
3,22856,338,0.0,3212,445,22411
3,22859,338,0.0,3213,445,22414
4,22863,338,0.0,3214,445,22418
3,22866,338,0.0,3215,445,22421
6,22872,338,0.0,3216,445,22427
4,22876,338,0.0,3217,445,22431
5,22881,338,0.0,3218,445,22436
5,22886,338,0.0,3219,445,22441
4,22890,338,0.0,3220,445,22445
3,22893,338,0.0,3221,445,22448
3,22896,338,0.0,3222,445,22451
4,22900,338,0.0,3223,445,22455
3,22903,338,0.0,3224,445,22458
7,22910,338,0.0,3225,445,22465
7,22917,338,0.0,3226,445,22472
4,22921,338,0.0,3227,445,22476
2,22923,338,0.0,3228,445,22478
7,22930,338,0.0,3229,445,22485
4,22934,338,0.0,3230,445,22489
3,22937,338,0.0,3231,445,22492
2,22939,338,0.0,3232,445,22494
5,22944,338,0.0,3233,445,22499
10,22954,338,0.0,3234,445,22509
4,22958,338,0.0,3235,445,22513
8,22966,338,0.0,3236,445,22521
5,22971,338,0.0,3237,445,22526
5,22976,338,0.0,3238,445,22531
3,22979,338,0.0,3239,445,22534
5,22984,338,0.0,3240,445,22539
6,22990,338,0.0,3241,445,22545
4,22994,338,0.0,3242,445,22549
9,23003,338,0.0,3243,445,22558
5,23008,338,0.0,3244,445,22563
7,23015,338,0.0,3245,445,22570
11,23026,339,1.0,3246,445,22581
7,23033,339,0.0,3247,445,22588
11,23044,340,1.0,3248,445,22599
9,23053,340,0.0,3249,445,22608
11,23064,341,1.0,3250,445,22619
4,23068,341,0.0,3251,445,22623
5,23073,341,0.0,3252,445,22628
5,23078,341,0.0,3253,445,22633
6,23084,341,0.0,3254,445,22639
11,23095,342,1.0,3255,445,22650
7,23102,342,0.0,3256,445,22657
5,23107,342,0.0,3257,445,22662
3,23110,342,0.0,3258,445,22665
4,23114,342,0.0,3259,445,22669
5,23119,342,0.0,3260,445,22674
4,23123,342,0.0,3261,445,22678
4,23127,342,0.0,3262,445,22682
7,23134,342,0.0,3263,445,22689
3,23137,342,0.0,3264,445,22692
7,23144,342,0.0,3265,445,22699
3,23147,342,0.0,3266,445,22702
9,23156,342,0.0,3267,445,22711
11,23167,343,1.0,3268,445,22722
10,23177,343,0.0,3269,445,22732
3,23180,343,0.0,3270,445,22735
6,23186,343,0.0,3271,445,22741
4,23190,343,0.0,3272,445,22745
2,23192,343,0.0,3273,445,22747
7,23199,343,0.0,3274,445,22754
3,23202,343,0.0,3275,445,22757
6,23208,343,0.0,3276,445,22763
3,23211,343,0.0,3277,445,22766
5,23216,343,0.0,3278,445,22771
2,23218,343,0.0,3279,445,22773
2,23220,343,0.0,3280,445,22775
22,23242,343,0.0,3281,445,22797
7,23249,343,0.0,3282,445,22804
2,23251,343,0.0,3283,445,22806
6,23257,343,0.0,3284,445,22812
5,23262,343,0.0,3285,445,22817
2,23264,343,0.0,3286,445,22819
9,23273,343,0.0,3287,445,22828
5,23278,343,0.0,3288,445,22833
3,23281,343,0.0,3289,445,22836
5,23286,343,0.0,3290,445,22841
6,23292,343,0.0,3291,445,22847
11,23303,344,1.0,3292,445,22858
6,23309,344,0.0,3293,445,22864
9,23318,344,0.0,3294,445,22873
2,23320,344,0.0,3295,445,22875
5,23325,344,0.0,3296,445,22880
11,23336,345,1.0,3297,445,22891
7,23343,345,0.0,3298,445,22898
2,23345,345,0.0,3299,445,22900
4,23349,345,0.0,3300,445,22904
3,23352,345,0.0,3301,445,22907
3,23355,345,0.0,3302,445,22910
6,23361,345,0.0,3303,445,22916
9,23370,345,0.0,3304,445,22925
3,23373,345,0.0,3305,445,22928
2,23375,345,0.0,3306,445,22930
12,23387,345,0.0,3307,445,22942
5,23392,345,0.0,3308,445,22947
5,23397,345,0.0,3309,445,22952
8,23405,345,0.0,3310,445,22960
6,23411,345,0.0,3311,445,22966
12,23423,345,0.0,3312,445,22978
3,23426,345,0.0,3313,445,22981
19,23445,345,0.0,3314,445,23000
11,23456,346,1.0,3315,445,23011
7,23463,346,0.0,3316,445,23018
2,23465,346,0.0,3317,445,23020
11,23476,347,1.0,3318,445,23031
2,23478,347,0.0,3319,445,23033
3,23481,347,0.0,3320,445,23036
5,23486,347,0.0,3321,445,23041
8,23494,347,0.0,3322,445,23049
4,23498,347,0.0,3323,445,23053
8,23506,347,0.0,3324,445,23061
5,23511,347,0.0,3325,445,23066
2,23513,347,0.0,3326,445,23068
2,23515,347,0.0,3327,445,23070
6,23521,347,0.0,3328,445,23076
9,23530,347,0.0,3329,445,23085
4,23534,347,0.0,3330,445,23089
6,23540,347,0.0,3331,445,23095
6,23546,347,0.0,3332,445,23101
10,23556,347,0.0,3333,445,23111
6,23562,347,0.0,3334,445,23117
5,23567,347,0.0,3335,445,23122
11,23578,348,1.0,3336,445,23133
2,23580,348,0.0,3337,445,23135
8,23588,348,0.0,3338,445,23143
3,23591,348,0.0,3339,445,23146
3,23594,348,0.0,3340,445,23149
8,23602,348,0.0,3341,445,23157
4,23606,348,0.0,3342,445,23161
2,23608,348,0.0,3343,445,23163
5,23613,348,0.0,3344,445,23168
5,23618,348,0.0,3345,445,23173
12,23630,348,0.0,3346,445,23185
2,23632,348,0.0,3347,445,23187
6,23638,348,0.0,3348,445,23193
2,23640,348,0.0,3349,445,23195
6,23646,348,0.0,3350,445,23201
9,23655,348,0.0,3351,445,23210
4,23659,348,0.0,3352,445,23214
11,23670,349,1.0,3353,445,23225
5,23675,349,0.0,3354,445,23230
11,23686,350,1.0,3355,445,23241
2,23688,350,0.0,3356,445,23243
4,23692,350,0.0,3357,445,23247
7,23699,350,0.0,3358,445,23254
2,23701,350,0.0,3359,445,23256
2,23703,350,0.0,3360,445,23258
6,23709,350,0.0,3361,445,23264
2,23711,350,0.0,3362,445,23266
5,23716,350,0.0,3363,445,23271
5,23721,350,0.0,3364,445,23276
3,23724,350,0.0,3365,445,23279
11,23735,350,0.0,3366,445,23290
6,23741,350,0.0,3367,445,23296
7,23748,350,0.0,3368,445,23303
8,23756,350,0.0,3369,445,23311
3,23759,350,0.0,3370,445,23314
2,23761,350,0.0,3371,445,23316
9,23770,350,0.0,3372,445,23325
4,23774,350,0.0,3373,445,23329
18,23792,350,0.0,3374,445,23347
5,23797,350,0.0,3375,445,23352
2,23799,350,0.0,3376,445,23354
5,23804,350,0.0,3377,445,23359
12,23816,350,0.0,3378,445,23371
7,23823,350,0.0,3379,445,23378
3,23826,350,0.0,3380,445,23381
5,23831,350,0.0,3381,445,23386
11,23842,351,1.0,3382,445,23397
9,23851,351,0.0,3383,445,23406
8,23859,351,0.0,3384,445,23414
11,23870,352,1.0,3385,445,23425
2,23872,352,0.0,3386,445,23427
8,23880,353,1.0,3387,445,23435
13,23893,353,0.0,3388,445,23448
6,23899,353,0.0,3389,445,23454
2,23901,353,0.0,3390,445,23456
7,23908,353,0.0,3391,445,23463
2,23910,353,0.0,3392,445,23465
3,23913,353,0.0,3393,445,23468
3,23916,353,0.0,3394,445,23471
5,23921,353,0.0,3395,445,23476
4,23925,353,0.0,3396,445,23480
5,23930,353,0.0,3397,445,23485
2,23932,353,0.0,3398,445,23487
5,23937,353,0.0,3399,445,23492
5,23942,353,0.0,3400,445,23497
18,23960,354,1.0,3401,445,23515
5,23965,354,0.0,3402,445,23520
2,23967,354,0.0,3403,445,23522
5,23972,354,0.0,3404,445,23527
2,23974,354,0.0,3405,445,23529
6,23980,354,0.0,3406,445,23535
10,23990,354,0.0,3407,445,23545
12,24002,354,0.0,3408,445,23557
19,24021,354,0.0,3409,445,23576
2,24023,354,0.0,3410,445,23578
4,24027,354,0.0,3411,445,23582
2,24029,354,0.0,3412,445,23584
4,24033,354,0.0,3413,445,23588
5,24038,354,0.0,3414,445,23593
5,24043,354,0.0,3415,445,23598
2,24045,354,0.0,3416,445,23600
4,24049,354,0.0,3417,445,23604
2,24051,354,0.0,3418,445,23606
18,24069,354,0.0,3419,445,23624
4,24073,354,0.0,3420,445,23628
7,24080,354,0.0,3421,445,23635
11,24091,355,1.0,3422,445,23646
6,24097,355,0.0,3423,445,23652
3,24100,355,0.0,3424,445,23655
6,24106,355,0.0,3425,445,23661
2,24108,355,0.0,3426,445,23663
5,24113,355,0.0,3427,445,23668
6,24119,355,0.0,3428,445,23674
2,24121,355,0.0,3429,445,23676
19,24140,355,0.0,3430,445,23695
3,24143,355,0.0,3431,445,23698
2,24145,355,0.0,3432,445,23700
3,24148,355,0.0,3433,445,23703
2,24150,355,0.0,3434,445,23705
5,24155,355,0.0,3435,445,23710
7,24162,355,0.0,3436,445,23717
5,24167,355,0.0,3437,445,23722
5,24172,355,0.0,3438,445,23727
19,24191,355,0.0,3439,445,23746
4,24195,355,0.0,3440,445,23750
16,24211,355,0.0,3441,445,23766
7,24218,355,0.0,3442,445,23773
16,24234,355,0.0,3443,445,23789
19,24253,355,0.0,3444,445,23808
7,24260,355,0.0,3445,445,23815
11,24271,356,1.0,3446,445,23826
3,24274,356,0.0,3447,445,23829
3,24277,356,0.0,3448,445,23832
6,24283,356,0.0,3449,445,23838
4,24287,356,0.0,3450,445,23842
4,24291,356,0.0,3451,445,23846
7,24298,356,0.0,3452,445,23853
2,24300,356,0.0,3453,445,23855
2,24302,356,0.0,3454,445,23857
3,24305,356,0.0,3455,445,23860
5,24310,356,0.0,3456,445,23865
3,24313,356,0.0,3457,445,23868
11,24324,357,1.0,3458,445,23879
5,24329,357,0.0,3459,445,23884
2,24331,357,0.0,3460,445,23886
2,24333,357,0.0,3461,445,23888
12,24345,357,0.0,3462,445,23900
2,24347,357,0.0,3463,445,23902
11,24358,358,1.0,3464,445,23913
9,24367,358,0.0,3465,445,23922
5,24372,358,0.0,3466,445,23927
2,24374,358,0.0,3467,445,23929
3,24377,358,0.0,3468,445,23932
2,24379,358,0.0,3469,445,23934
3,24382,358,0.0,3470,445,23937
2,24384,358,0.0,3471,445,23939
5,24389,358,0.0,3472,445,23944
11,24400,359,1.0,3473,445,23955
7,24407,359,0.0,3474,445,23962
11,24418,360,1.0,3475,445,23973
2,24420,360,0.0,3476,445,23975
16,24436,360,0.0,3477,445,23991
6,24442,360,0.0,3478,445,23997
5,24447,360,0.0,3479,445,24002
2,24449,360,0.0,3480,445,24004
2,24451,360,0.0,3481,445,24006
2,24453,360,0.0,3482,445,24008
3,24456,360,0.0,3483,445,24011
12,24468,360,0.0,3484,445,24023
5,24473,360,0.0,3485,445,24028
3,24476,360,0.0,3486,445,24031
5,24481,360,0.0,3487,445,24036
2,24483,360,0.0,3488,445,24038
4,24487,360,0.0,3489,445,24042
3,24490,360,0.0,3490,445,24045
7,24497,360,0.0,3491,445,24052
7,24504,360,0.0,3492,445,24059
6,24510,360,0.0,3493,445,24065
5,24515,360,0.0,3494,445,24070
6,24521,360,0.0,3495,445,24076
4,24525,360,0.0,3496,445,24080
3,24528,360,0.0,3497,445,24083
5,24533,360,0.0,3498,445,24088
3,24536,360,0.0,3499,445,24091
4,24540,360,0.0,3500,445,24095
2,24542,360,0.0,3501,445,24097
2,24544,360,0.0,3502,445,24099
7,24551,360,0.0,3503,445,24106
3,24554,360,0.0,3504,445,24109
5,24559,360,0.0,3505,445,24114
9,24568,360,0.0,3506,445,24123
11,24579,360,0.0,3507,445,24134
11,24590,360,0.0,3508,445,24145
5,24595,360,0.0,3509,445,24150
5,24600,360,0.0,3510,445,24155
4,24604,360,0.0,3511,445,24159
6,24610,360,0.0,3512,445,24165
9,24619,360,0.0,3513,445,24174
11,24630,361,1.0,3514,445,24185
11,24641,361,0.0,3515,445,24196
2,24643,361,0.0,3516,445,24198
3,24646,361,0.0,3517,445,24201
2,24648,361,0.0,3518,445,24203
5,24653,361,0.0,3519,445,24208
2,24655,361,0.0,3520,445,24210
11,24666,362,1.0,3521,445,24221
5,24671,362,0.0,3522,445,24226
5,24676,362,0.0,3523,445,24231
4,24680,362,0.0,3524,445,24235
5,24685,362,0.0,3525,445,24240
3,24688,362,0.0,3526,445,24243
2,24690,362,0.0,3527,445,24245
3,24693,362,0.0,3528,445,24248
2,24695,362,0.0,3529,445,24250
25,24720,362,0.0,3530,445,24275
3,24723,362,0.0,3531,445,24278
4,24727,362,0.0,3532,445,24282
2,24729,362,0.0,3533,445,24284
4,24733,362,0.0,3534,445,24288
3,24736,362,0.0,3535,445,24291
11,24747,363,1.0,3536,445,24302
5,24752,363,0.0,3537,445,24307
24,24776,364,1.0,3538,445,24331
6,24782,364,0.0,3539,445,24337
5,24787,364,0.0,3540,445,24342
4,24791,364,0.0,3541,445,24346
2,24793,364,0.0,3542,445,24348
2,24795,364,0.0,3543,445,24350
15,24810,364,0.0,3544,445,24365
2,24812,364,0.0,3545,445,24367
6,24818,364,0.0,3546,445,24373
5,24823,364,0.0,3547,445,24378
19,24842,364,0.0,3548,445,24397
3,24845,364,0.0,3549,445,24400
10,24855,364,0.0,3550,445,24410
3,24858,364,0.0,3551,445,24413
4,24862,364,0.0,3552,445,24417
5,24867,364,0.0,3553,445,24422
19,24886,364,0.0,3554,445,24441
5,24891,364,0.0,3555,445,24446
5,24896,364,0.0,3556,445,24451
4,24900,364,0.0,3557,445,24455
11,24911,365,1.0,3558,445,24466
7,24918,365,0.0,3559,445,24473
8,24926,365,0.0,3560,445,24481
6,24932,365,0.0,3561,445,24487
7,24939,365,0.0,3562,445,24494
2,24941,365,0.0,3563,445,24496
7,24948,365,0.0,3564,445,24503
6,24954,365,0.0,3565,445,24509
5,24959,365,0.0,3566,445,24514
9,24968,365,0.0,3567,445,24523
11,24979,366,1.0,3568,445,24534
4,24983,366,0.0,3569,445,24538
2,24985,366,0.0,3570,445,24540
11,24996,367,1.0,3571,445,24551
3,24999,367,0.0,3572,445,24554
4,25003,367,0.0,3573,445,24558
4,25007,367,0.0,3574,445,24562
2,25009,367,0.0,3575,445,24564
18,25027,368,1.0,3576,445,24582
2,25029,368,0.0,3577,445,24584
2,25031,368,0.0,3578,445,24586
5,25036,368,0.0,3579,445,24591
2,25038,368,0.0,3580,445,24593
12,25050,368,0.0,3581,445,24605
11,25061,369,1.0,3582,445,24616
9,25070,369,0.0,3583,445,24625
4,25074,369,0.0,3584,445,24629
3,25077,369,0.0,3585,445,24632
3,25080,369,0.0,3586,445,24635
16,25096,369,0.0,3587,445,24651
5,25101,369,0.0,3588,445,24656
13,25114,369,0.0,3589,445,24669
3,25117,369,0.0,3590,445,24672
11,25128,370,1.0,3591,445,24683
6,25134,370,0.0,3592,445,24689
10,25144,370,0.0,3593,445,24699
11,25155,371,1.0,3594,445,24710
5,25160,371,0.0,3595,445,24715
11,25171,372,1.0,3596,445,24726
11,25182,373,1.0,3597,445,24737
3,25185,373,0.0,3598,445,24740
3,25188,373,0.0,3599,445,24743
7,25195,373,0.0,3600,445,24750
3,25198,373,0.0,3601,445,24753
4,25202,373,0.0,3602,445,24757
3,25205,373,0.0,3603,445,24760
2,25207,373,0.0,3604,445,24762
11,25218,374,1.0,3605,445,24773
5,25223,374,0.0,3606,445,24778
5,25228,374,0.0,3607,445,24783
10,25238,374,0.0,3608,445,24793
4,25242,374,0.0,3609,445,24797
3,25245,374,0.0,3610,445,24800
11,25256,375,1.0,3611,445,24811
3,25259,375,0.0,3612,445,24814
3,25262,375,0.0,3613,445,24817
4,25266,375,0.0,3614,445,24821
12,25278,375,0.0,3615,445,24833
4,25282,375,0.0,3616,445,24837
4,25286,375,0.0,3617,445,24841
2,25288,375,0.0,3618,445,24843
12,25300,375,0.0,3619,445,24855
4,25304,375,0.0,3620,445,24859
9,25313,375,0.0,3621,445,24868
2,25315,375,0.0,3622,445,24870
4,25319,375,0.0,3623,445,24874
7,25326,375,0.0,3624,445,24881
6,25332,375,0.0,3625,445,24887
4,25336,375,0.0,3626,445,24891
3,25339,375,0.0,3627,445,24894
2,25341,375,0.0,3628,445,24896
5,25346,375,0.0,3629,445,24901
20,25366,375,0.0,3630,445,24921
5,25371,375,0.0,3631,445,24926
5,25376,375,0.0,3632,445,24931
18,25394,376,1.0,3633,445,24949
11,25405,377,1.0,3634,445,24960
12,25417,377,0.0,3635,445,24972
6,25423,377,0.0,3636,445,24978
6,25429,377,0.0,3637,445,24984
7,25436,377,0.0,3638,445,24991
22,25458,377,0.0,3639,445,25013
2,25460,377,0.0,3640,445,25015
10,25470,377,0.0,3641,445,25025
4,25474,377,0.0,3642,445,25029
3,25477,377,0.0,3643,445,25032
19,25496,377,0.0,3644,445,25051
8,25504,378,1.0,3645,445,25059
6,25510,378,0.0,3646,445,25065
11,25521,379,1.0,3647,445,25076
11,25532,380,1.0,3648,445,25087
4,25536,380,0.0,3649,445,25091
2,25538,380,0.0,3650,445,25093
4,25542,380,0.0,3651,445,25097
6,25548,380,0.0,3652,445,25103
5,25553,380,0.0,3653,445,25108
2,25555,380,0.0,3654,445,25110
11,25566,381,1.0,3655,445,25121
11,25577,382,1.0,3656,445,25132
24,25601,383,1.0,3657,445,25156
5,25606,383,0.0,3658,445,25161
3,25609,383,0.0,3659,445,25164
3,25612,383,0.0,3660,445,25167
5,25617,383,0.0,3661,445,25172
5,25622,383,0.0,3662,445,25177
5,25627,383,0.0,3663,445,25182
2,25629,383,0.0,3664,445,25184
10,25639,383,0.0,3665,445,25194
7,25646,383,0.0,3666,445,25201
24,25670,383,0.0,3667,445,25225
5,25675,383,0.0,3668,445,25230
6,25681,383,0.0,3669,445,25236
6,25687,383,0.0,3670,445,25242
2,25689,383,0.0,3671,445,25244
2,25691,383,0.0,3672,445,25246
7,25698,383,0.0,3673,445,25253
11,25709,383,0.0,3674,445,25264
20,25729,383,0.0,3675,445,25284
7,25736,383,0.0,3676,445,25291
12,25748,383,0.0,3677,445,25303
5,25753,383,0.0,3678,445,25308
11,25764,384,1.0,3679,445,25319
2,25766,384,0.0,3680,445,25321
2,25768,384,0.0,3681,445,25323
7,25775,384,0.0,3682,445,25330
9,25784,384,0.0,3683,445,25339
11,25795,385,1.0,3684,445,25350
12,25807,385,0.0,3685,445,25362
12,25819,385,0.0,3686,445,25374
11,25830,386,1.0,3687,445,25385
3,25833,386,0.0,3688,445,25388
11,25844,386,0.0,3689,445,25399
3,25847,386,0.0,3690,445,25402
2,25849,386,0.0,3691,445,25404
7,25856,386,0.0,3692,445,25411
5,25861,386,0.0,3693,445,25416
4,25865,386,0.0,3694,445,25420
2,25867,386,0.0,3695,445,25422
5,25872,386,0.0,3696,445,25427
5,25877,386,0.0,3697,445,25432
4,25881,386,0.0,3698,445,25436
3,25884,386,0.0,3699,445,25439
11,25895,387,1.0,3700,445,25450
3,25898,387,0.0,3701,445,25453
11,25909,388,1.0,3702,445,25464
11,25920,389,1.0,3703,445,25475
3,25923,389,0.0,3704,445,25478
3,25926,389,0.0,3705,445,25481
5,25931,389,0.0,3706,445,25486
7,25938,389,0.0,3707,445,25493
11,25949,389,0.0,3708,445,25504
9,25958,389,0.0,3709,445,25513
5,25963,389,0.0,3710,445,25518
11,25974,390,1.0,3711,445,25529
9,25983,390,0.0,3712,445,25538
5,25988,390,0.0,3713,445,25543
4,25992,390,0.0,3714,445,25547
2,25994,390,0.0,3715,445,25549
2,25996,390,0.0,3716,445,25551
3,25999,390,0.0,3717,445,25554
4,26003,390,0.0,3718,445,25558
2,26005,390,0.0,3719,445,25560
8,26013,390,0.0,3720,445,25568
5,26018,390,0.0,3721,445,25573
7,26025,390,0.0,3722,445,25580
11,26036,391,1.0,3723,445,25591
4,26040,391,0.0,3724,445,25595
2,26042,391,0.0,3725,445,25597
11,26053,392,1.0,3726,445,25608
11,26064,393,1.0,3727,445,25619
3,26067,393,0.0,3728,445,25622
2,26069,393,0.0,3729,445,25624
3,26072,393,0.0,3730,445,25627
7,26079,393,0.0,3731,445,25634
2,26081,393,0.0,3732,445,25636
5,26086,393,0.0,3733,445,25641
3,26089,393,0.0,3734,445,25644
6,26095,393,0.0,3735,445,25650
2,26097,393,0.0,3736,445,25652
3,26100,393,0.0,3737,445,25655
2,26102,393,0.0,3738,445,25657
11,26113,394,1.0,3739,445,25668
11,26124,394,0.0,3740,445,25679
4,26128,394,0.0,3741,445,25683
7,26135,394,0.0,3742,445,25690
4,26139,394,0.0,3743,445,25694
2,26141,394,0.0,3744,445,25696
10,26151,394,0.0,3745,445,25706
2,26153,394,0.0,3746,445,25708
5,26158,394,0.0,3747,445,25713
2,26160,394,0.0,3748,445,25715
2,26162,394,0.0,3749,445,25717
18,26180,395,1.0,3750,445,25735
3,26183,395,0.0,3751,445,25738
5,26188,395,0.0,3752,445,25743
2,26190,395,0.0,3753,445,25745
6,26196,395,0.0,3754,445,25751
19,26215,395,0.0,3755,445,25770
19,26234,395,0.0,3756,445,25789
2,26236,395,0.0,3757,445,25791
11,26247,396,1.0,3758,445,25802
5,26252,396,0.0,3759,445,25807
4,26256,396,0.0,3760,445,25811
8,26264,396,0.0,3761,445,25819
5,26269,396,0.0,3762,445,25824
11,26280,397,1.0,3763,445,25835
37,26317,397,0.0,3764,445,25872
4,26321,397,0.0,3765,445,25876
4,26325,397,0.0,3766,445,25880
11,26336,398,1.0,3767,445,25891
4,26340,398,0.0,3768,445,25895
4,26344,398,0.0,3769,445,25899
5,26349,398,0.0,3770,445,25904
2,26351,398,0.0,3771,445,25906
4,26355,398,0.0,3772,445,25910
3,26358,398,0.0,3773,445,25913
11,26369,399,1.0,3774,445,25924
3,26372,399,0.0,3775,445,25927
10,26382,399,0.0,3776,445,25937
7,26389,399,0.0,3777,445,25944
7,26396,399,0.0,3778,445,25951
4,26400,399,0.0,3779,445,25955
4,26404,399,0.0,3780,445,25959
4,26408,399,0.0,3781,445,25963
4,26412,399,0.0,3782,445,25967
4,26416,399,0.0,3783,445,25971
2,26418,399,0.0,3784,445,25973
5,26423,399,0.0,3785,445,25978
11,26434,400,1.0,3786,445,25989
11,26445,401,1.0,3787,445,26000
5,26450,401,0.0,3788,445,26005
3,26453,401,0.0,3789,445,26008
2,26455,401,0.0,3790,445,26010
2,26457,401,0.0,3791,445,26012
14,26471,401,0.0,3792,445,26026
7,26478,401,0.0,3793,445,26033
7,26485,401,0.0,3794,445,26040
4,26489,401,0.0,3795,445,26044
9,26498,401,0.0,3796,445,26053
3,26501,401,0.0,3797,445,26056
4,26505,401,0.0,3798,445,26060
2,26507,401,0.0,3799,445,26062
2,26509,401,0.0,3800,445,26064
6,26515,401,0.0,3801,445,26070
5,26520,401,0.0,3802,445,26075
2,26522,401,0.0,3803,445,26077
4,26526,401,0.0,3804,445,26081
4,26530,401,0.0,3805,445,26085
3,26533,401,0.0,3806,445,26088
5,26538,401,0.0,3807,445,26093
2,26540,401,0.0,3808,445,26095
5,26545,401,0.0,3809,445,26100
8,26553,401,0.0,3810,445,26108
3,26556,401,0.0,3811,445,26111
9,26565,401,0.0,3812,445,26120
3,26568,401,0.0,3813,445,26123
3,26571,401,0.0,3814,445,26126
7,26578,401,0.0,3815,445,26133
8,26586,401,0.0,3816,445,26141
4,26590,401,0.0,3817,445,26145
5,26595,401,0.0,3818,445,26150
2,26597,401,0.0,3819,445,26152
11,26608,402,1.0,3820,445,26163
3,26611,402,0.0,3821,445,26166
5,26616,402,0.0,3822,445,26171
4,26620,402,0.0,3823,445,26175
5,26625,402,0.0,3824,445,26180
4,26629,402,0.0,3825,445,26184
6,26635,402,0.0,3826,445,26190
5,26640,402,0.0,3827,445,26195
2,26642,402,0.0,3828,445,26197
5,26647,402,0.0,3829,445,26202
11,26658,403,1.0,3830,445,26213
5,26663,403,0.0,3831,445,26218
2,26665,403,0.0,3832,445,26220
7,26672,403,0.0,3833,445,26227
6,26678,403,0.0,3834,445,26233
9,26687,403,0.0,3835,445,26242
11,26698,404,1.0,3836,445,26253
4,26702,404,0.0,3837,445,26257
2,26704,404,0.0,3838,445,26259
2,26706,404,0.0,3839,445,26261
9,26715,404,0.0,3840,445,26270
3,26718,404,0.0,3841,445,26273
5,26723,404,0.0,3842,445,26278
2,26725,404,0.0,3843,445,26280
2,26727,404,0.0,3844,445,26282
5,26732,404,0.0,3845,445,26287
10,26742,404,0.0,3846,445,26297
3,26745,404,0.0,3847,445,26300
3,26748,404,0.0,3848,445,26303
12,26760,404,0.0,3849,445,26315
11,26771,405,1.0,3850,445,26326
4,26775,405,0.0,3851,445,26330
5,26780,405,0.0,3852,445,26335
2,26782,405,0.0,3853,445,26337
3,26785,405,0.0,3854,445,26340
4,26789,405,0.0,3855,445,26344
19,26808,405,0.0,3856,445,26363
5,26813,405,0.0,3857,445,26368
3,26816,405,0.0,3858,445,26371
3,26819,405,0.0,3859,445,26374
5,26824,405,0.0,3860,445,26379
9,26833,405,0.0,3861,445,26388
18,26851,406,1.0,3862,445,26406
3,26854,406,0.0,3863,445,26409
5,26859,406,0.0,3864,445,26414
3,26862,406,0.0,3865,445,26417
3,26865,406,0.0,3866,445,26420
3,26868,406,0.0,3867,445,26423
10,26878,406,0.0,3868,445,26433
2,26880,406,0.0,3869,445,26435
29,26909,406,0.0,3870,445,26464
3,26912,406,0.0,3871,445,26467
4,26916,406,0.0,3872,445,26471
5,26921,406,0.0,3873,445,26476
3,26924,406,0.0,3874,445,26479
3,26927,406,0.0,3875,445,26482
11,26938,407,1.0,3876,445,26493
2,26940,407,0.0,3877,445,26495
6,26946,407,0.0,3878,445,26501
2,26948,407,0.0,3879,445,26503
6,26954,407,0.0,3880,445,26509
29,26983,407,0.0,3881,445,26538
7,26990,407,0.0,3882,445,26545
2,26992,407,0.0,3883,445,26547
7,26999,407,0.0,3884,445,26554
4,27003,407,0.0,3885,445,26558
11,27014,408,1.0,3886,445,26569
11,27025,409,1.0,3887,445,26580
4,27029,409,0.0,3888,445,26584
4,27033,409,0.0,3889,445,26588
3,27036,409,0.0,3890,445,26591
6,27042,409,0.0,3891,445,26597
19,27061,409,0.0,3892,445,26616
5,27066,409,0.0,3893,445,26621
5,27071,409,0.0,3894,445,26626
5,27076,409,0.0,3895,445,26631
11,27087,410,1.0,3896,445,26642
2,27089,410,0.0,3897,445,26644
12,27101,410,0.0,3898,445,26656
5,27106,410,0.0,3899,445,26661
5,27111,410,0.0,3900,445,26666
2,27113,410,0.0,3901,445,26668
8,27121,410,0.0,3902,445,26676
9,27130,410,0.0,3903,445,26685
5,27135,410,0.0,3904,445,26690
4,27139,410,0.0,3905,445,26694
11,27150,411,1.0,3906,445,26705
11,27161,412,1.0,3907,445,26716
11,27172,412,0.0,3908,445,26727
5,27177,412,0.0,3909,445,26732
5,27182,412,0.0,3910,445,26737
6,27188,412,0.0,3911,445,26743
18,27206,412,0.0,3912,445,26761
5,27211,412,0.0,3913,445,26766
7,27218,412,0.0,3914,445,26773
5,27223,412,0.0,3915,445,26778
19,27242,412,0.0,3916,445,26797
5,27247,412,0.0,3917,445,26802
6,27253,412,0.0,3918,445,26808
4,27257,412,0.0,3919,445,26812
4,27261,412,0.0,3920,445,26816
8,27269,412,0.0,3921,445,26824
6,27275,412,0.0,3922,445,26830
7,27282,412,0.0,3923,445,26837
3,27285,412,0.0,3924,445,26840
5,27290,412,0.0,3925,445,26845
2,27292,412,0.0,3926,445,26847
7,27299,412,0.0,3927,445,26854
11,27310,413,1.0,3928,445,26865
4,27314,413,0.0,3929,445,26869
2,27316,413,0.0,3930,445,26871
3,27319,413,0.0,3931,445,26874
4,27323,413,0.0,3932,445,26878
3,27326,413,0.0,3933,445,26881
11,27337,413,0.0,3934,445,26892
9,27346,413,0.0,3935,445,26901
11,27357,414,1.0,3936,445,26912
3,27360,414,0.0,3937,445,26915
19,27379,414,0.0,3938,445,26934
9,27388,414,0.0,3939,445,26943
2,27390,414,0.0,3940,445,26945
7,27397,414,0.0,3941,445,26952
4,27401,414,0.0,3942,445,26956
4,27405,414,0.0,3943,445,26960
4,27409,414,0.0,3944,445,26964
5,27414,414,0.0,3945,445,26969
8,27422,414,0.0,3946,445,26977
3,27425,414,0.0,3947,445,26980
14,27439,414,0.0,3948,445,26994
3,27442,414,0.0,3949,445,26997
11,27453,414,0.0,3950,445,27008
4,27457,414,0.0,3951,445,27012
4,27461,414,0.0,3952,445,27016
3,27464,414,0.0,3953,445,27019
4,27468,414,0.0,3954,445,27023
4,27472,414,0.0,3955,445,27027
2,27474,414,0.0,3956,445,27029
3,27477,414,0.0,3957,445,27032
2,27479,414,0.0,3958,445,27034
29,27508,414,0.0,3959,445,27063
5,27513,414,0.0,3960,445,27068
5,27518,414,0.0,3961,445,27073
2,27520,414,0.0,3962,445,27075
18,27538,414,0.0,3963,445,27093
2,27540,414,0.0,3964,445,27095
3,27543,414,0.0,3965,445,27098
11,27554,415,1.0,3966,445,27109
11,27565,416,1.0,3967,445,27120
7,27572,416,0.0,3968,445,27127
3,27575,416,0.0,3969,445,27130
4,27579,416,0.0,3970,445,27134
2,27581,416,0.0,3971,445,27136
5,27586,416,0.0,3972,445,27141
5,27591,416,0.0,3973,445,27146
5,27596,416,0.0,3974,445,27151
17,27613,416,0.0,3975,445,27168
7,27620,416,0.0,3976,445,27175
3,27623,416,0.0,3977,445,27178
6,27629,416,0.0,3978,445,27184
17,27646,416,0.0,3979,445,27201
12,27658,416,0.0,3980,445,27213
3,27661,416,0.0,3981,445,27216
4,27665,416,0.0,3982,445,27220
5,27670,416,0.0,3983,445,27225
12,27682,416,0.0,3984,445,27237
9,27691,416,0.0,3985,445,27246
8,27699,416,0.0,3986,445,27254
5,27704,416,0.0,3987,445,27259
5,27709,416,0.0,3988,445,27264
23,27732,416,0.0,3989,445,27287
5,27737,416,0.0,3990,445,27292
5,27742,416,0.0,3991,445,27297
21,27763,416,0.0,3992,445,27318
19,27782,416,0.0,3993,445,27337
7,27789,416,0.0,3994,445,27344
5,27794,416,0.0,3995,445,27349
3,27797,416,0.0,3996,445,27352
14,27811,416,0.0,3997,445,27366
8,27819,416,0.0,3998,445,27374
5,27824,416,0.0,3999,445,27379
7,27831,416,0.0,4000,445,27386
5,27836,416,0.0,4001,445,27391
2,27838,416,0.0,4002,445,27393
2,27840,416,0.0,4003,445,27395
6,27846,416,0.0,4004,445,27401
3,27849,416,0.0,4005,445,27404
3,27852,416,0.0,4006,445,27407
4,27856,416,0.0,4007,445,27411
3,27859,416,0.0,4008,445,27414
6,27865,416,0.0,4009,445,27420
2,27867,416,0.0,4010,445,27422
2,27869,416,0.0,4011,445,27424
7,27876,416,0.0,4012,445,27431
3,27879,416,0.0,4013,445,27434
4,27883,416,0.0,4014,445,27438
4,27887,416,0.0,4015,445,27442
11,27898,417,1.0,4016,445,27453
2,27900,417,0.0,4017,445,27455
6,27906,417,0.0,4018,445,27461
6,27912,417,0.0,4019,445,27467
20,27932,417,0.0,4020,445,27487
13,27945,417,0.0,4021,445,27500
3,27948,417,0.0,4022,445,27503
10,27958,417,0.0,4023,445,27513
10,27968,417,0.0,4024,445,27523
3,27971,417,0.0,4025,445,27526
5,27976,417,0.0,4026,445,27531
11,27987,418,1.0,4027,445,27542
6,27993,418,0.0,4028,445,27548
3,27996,418,0.0,4029,445,27551
2,27998,418,0.0,4030,445,27553
2,28000,418,0.0,4031,445,27555
6,28006,418,0.0,4032,445,27561
14,28020,418,0.0,4033,445,27575
2,28022,418,0.0,4034,445,27577
2,28024,418,0.0,4035,445,27579
6,28030,418,0.0,4036,445,27585
5,28035,418,0.0,4037,445,27590
11,28046,419,1.0,4038,445,27601
7,28053,419,0.0,4039,445,27608
2,28055,419,0.0,4040,445,27610
18,28073,420,1.0,4041,445,27628
11,28084,421,1.0,4042,445,27639
3,28087,421,0.0,4043,445,27642
3,28090,421,0.0,4044,445,27645
5,28095,421,0.0,4045,445,27650
5,28100,421,0.0,4046,445,27655
4,28104,421,0.0,4047,445,27659
5,28109,421,0.0,4048,445,27664
2,28111,421,0.0,4049,445,27666
2,28113,421,0.0,4050,445,27668
3,28116,421,0.0,4051,445,27671
11,28127,422,1.0,4052,445,27682
19,28146,422,0.0,4053,445,27701
3,28149,422,0.0,4054,445,27704
3,28152,422,0.0,4055,445,27707
6,28158,422,0.0,4056,445,27713
2,28160,422,0.0,4057,445,27715
3,28163,422,0.0,4058,445,27718
3,28166,422,0.0,4059,445,27721
3,28169,422,0.0,4060,445,27724
5,28174,422,0.0,4061,445,27729
4,28178,422,0.0,4062,445,27733
16,28194,422,0.0,4063,445,27749
9,28203,422,0.0,4064,445,27758
12,28215,422,0.0,4065,445,27770
19,28234,422,0.0,4066,445,27789
11,28245,423,1.0,4067,445,27800
4,28249,423,0.0,4068,445,27804
3,28252,423,0.0,4069,445,27807
5,28257,423,0.0,4070,445,27812
7,28264,423,0.0,4071,445,27819
7,28271,423,0.0,4072,445,27826
2,28273,423,0.0,4073,445,27828
4,28277,423,0.0,4074,445,27832
4,28281,423,0.0,4075,445,27836
2,28283,423,0.0,4076,445,27838
4,28287,423,0.0,4077,445,27842
7,28294,423,0.0,4078,445,27849
11,28305,424,1.0,4079,445,27860
4,28309,424,0.0,4080,445,27864
19,28328,424,0.0,4081,445,27883
2,28330,424,0.0,4082,445,27885
2,28332,424,0.0,4083,445,27887
5,28337,424,0.0,4084,445,27892
3,28340,424,0.0,4085,445,27895
13,28353,424,0.0,4086,445,27908
4,28357,424,0.0,4087,445,27912
2,28359,424,0.0,4088,445,27914
7,28366,424,0.0,4089,445,27921
2,28368,424,0.0,4090,445,27923
11,28379,425,1.0,4091,445,27934
2,28381,425,0.0,4092,445,27936
3,28384,425,0.0,4093,445,27939
3,28387,425,0.0,4094,445,27942
3,28390,425,0.0,4095,445,27945
2,28392,425,0.0,4096,445,27947
2,28394,425,0.0,4097,445,27949
5,28399,425,0.0,4098,445,27954
5,28404,425,0.0,4099,445,27959
9,28413,425,0.0,4100,445,27968
11,28424,426,1.0,4101,445,27979
3,28427,426,0.0,4102,445,27982
3,28430,426,0.0,4103,445,27985
2,28432,426,0.0,4104,445,27987
3,28435,426,0.0,4105,445,27990
11,28446,427,1.0,4106,445,28001
5,28451,427,0.0,4107,445,28006
2,28453,427,0.0,4108,445,28008
5,28458,427,0.0,4109,445,28013
11,28469,428,1.0,4110,445,28024
19,28488,428,0.0,4111,445,28043
5,28493,428,0.0,4112,445,28048
6,28499,428,0.0,4113,445,28054
6,28505,428,0.0,4114,445,28060
5,28510,428,0.0,4115,445,28065
18,28528,429,1.0,4116,445,28083
5,28533,429,0.0,4117,445,28088
5,28538,429,0.0,4118,445,28093
9,28547,429,0.0,4119,445,28102
20,28567,429,0.0,4120,445,28122
14,28581,429,0.0,4121,445,28136
11,28592,430,1.0,4122,445,28147
4,28596,430,0.0,4123,445,28151
3,28599,430,0.0,4124,445,28154
5,28604,430,0.0,4125,445,28159
2,28606,430,0.0,4126,445,28161
10,28616,430,0.0,4127,445,28171
16,28632,430,0.0,4128,445,28187
4,28636,430,0.0,4129,445,28191
10,28646,430,0.0,4130,445,28201
4,28650,430,0.0,4131,445,28205
12,28662,430,0.0,4132,445,28217
5,28667,430,0.0,4133,445,28222
11,28678,431,1.0,4134,445,28233
11,28689,432,1.0,4135,445,28244
7,28696,432,0.0,4136,445,28251
2,28698,432,0.0,4137,445,28253
5,28703,432,0.0,4138,445,28258
2,28705,432,0.0,4139,445,28260
3,28708,432,0.0,4140,445,28263
5,28713,432,0.0,4141,445,28268
5,28718,432,0.0,4142,445,28273
3,28721,432,0.0,4143,445,28276
3,28724,432,0.0,4144,445,28279
7,28731,432,0.0,4145,445,28286
3,28734,432,0.0,4146,445,28289
4,28738,432,0.0,4147,445,28293
2,28740,432,0.0,4148,445,28295
2,28742,432,0.0,4149,445,28297
13,28755,432,0.0,4150,445,28310
11,28766,433,1.0,4151,445,28321
2,28768,433,0.0,4152,445,28323
4,28772,433,0.0,4153,445,28327
7,28779,433,0.0,4154,445,28334
3,28782,433,0.0,4155,445,28337
11,28793,434,1.0,4156,445,28348
6,28799,434,0.0,4157,445,28354
5,28804,434,0.0,4158,445,28359
5,28809,434,0.0,4159,445,28364
10,28819,434,0.0,4160,445,28374
16,28835,434,0.0,4161,445,28390
5,28840,434,0.0,4162,445,28395
11,28851,435,1.0,4163,445,28406
5,28856,435,0.0,4164,445,28411
6,28862,435,0.0,4165,445,28417
5,28867,435,0.0,4166,445,28422
2,28869,435,0.0,4167,445,28424
8,28877,435,0.0,4168,445,28432
5,28882,435,0.0,4169,445,28437
11,28893,436,1.0,4170,445,28448
11,28904,436,0.0,4171,445,28459
5,28909,436,0.0,4172,445,28464
3,28912,436,0.0,4173,445,28467
11,28923,437,1.0,4174,445,28478
11,28934,438,1.0,4175,445,28489
9,28943,438,0.0,4176,445,28498
2,28945,438,0.0,4177,445,28500
7,28952,438,0.0,4178,445,28507
12,28964,438,0.0,4179,445,28519
13,28977,438,0.0,4180,445,28532
2,28979,438,0.0,4181,445,28534
10,28989,438,0.0,4182,445,28544
4,28993,438,0.0,4183,445,28548
4,28997,438,0.0,4184,445,28552
5,29002,438,0.0,4185,445,28557
2,29004,438,0.0,4186,445,28559
3,29007,438,0.0,4187,445,28562
4,29011,438,0.0,4188,445,28566
6,29017,438,0.0,4189,445,28572
11,29028,439,1.0,4190,445,28583
7,29035,439,0.0,4191,445,28590
2,29037,439,0.0,4192,445,28592
7,29044,439,0.0,4193,445,28599
4,29048,439,0.0,4194,445,28603
7,29055,439,0.0,4195,445,28610
2,29057,439,0.0,4196,445,28612
8,29065,439,0.0,4197,445,28620
7,29072,439,0.0,4198,445,28627
4,29076,439,0.0,4199,445,28631
4,29080,439,0.0,4200,445,28635
9,29089,439,0.0,4201,445,28644
5,29094,439,0.0,4202,445,28649
5,29099,439,0.0,4203,445,28654
3,29102,439,0.0,4204,445,28657
3,29105,439,0.0,4205,445,28660
3,29108,439,0.0,4206,445,28663
4,29112,439,0.0,4207,445,28667
14,29126,440,1.0,4208,445,28681
5,29131,440,0.0,4209,445,28686
5,29136,440,0.0,4210,445,28691
5,29141,440,0.0,4211,445,28696
8,29149,440,0.0,4212,445,28704
3,29152,440,0.0,4213,445,28707
11,29163,441,1.0,4214,445,28718
3,29166,441,0.0,4215,445,28721
7,29173,441,0.0,4216,445,28728
5,29178,441,0.0,4217,445,28733
3,29181,441,0.0,4218,445,28736
16,29197,441,0.0,4219,445,28752
4,29201,441,0.0,4220,445,28756
4,29205,441,0.0,4221,445,28760
4,29209,441,0.0,4222,445,28764
11,29220,441,0.0,4223,445,28775
5,29225,441,0.0,4224,445,28780
3,29228,441,0.0,4225,445,28783
5,29233,441,0.0,4226,445,28788
3,29236,441,0.0,4227,445,28791
11,29247,442,1.0,4228,445,28802
11,29258,443,1.0,4229,445,28813
7,29265,443,0.0,4230,445,28820
11,29276,444,1.0,4231,445,28831
2,29278,444,0.0,4232,445,28833
11,29289,445,1.0,4233,445,28844
6,29295,445,0.0,4234,445,28850
4,29299,445,0.0,4235,445,28854
3,29302,445,0.0,4236,445,28857
4,29306,445,0.0,4237,445,28861
3,29309,445,0.0,4238,445,28864
9,29318,445,0.0,4239,445,28873
6,29324,445,0.0,4240,445,28879
11,29335,446,1.0,4241,445,28890
7,29342,446,0.0,4242,445,28897
4,29346,446,0.0,4243,445,28901
3,29349,446,0.0,4244,445,28904
5,29354,446,0.0,4245,445,28909
3,29357,446,0.0,4246,445,28912
9,29366,446,0.0,4247,445,28921
2,29368,446,0.0,4248,445,28923
9,29377,446,0.0,4249,445,28932
3,29380,446,0.0,4250,445,28935
2,29382,446,0.0,4251,445,28937
10,29392,446,0.0,4252,445,28947
8,29400,446,0.0,4253,445,28955
11,29411,447,1.0,4254,445,28966
2,29413,447,0.0,4255,445,28968
9,29422,447,0.0,4256,445,28977
2,29424,447,0.0,4257,445,28979
3,29427,447,0.0,4258,445,28982
11,29438,448,1.0,4259,445,28993
4,29442,448,0.0,4260,445,28997
7,29449,448,0.0,4261,445,29004
3,29452,448,0.0,4262,445,29007
5,29457,448,0.0,4263,445,29012
5,29462,448,0.0,4264,445,29017
7,29469,448,0.0,4265,445,29024
4,29473,448,0.0,4266,445,29028
2,29475,448,0.0,4267,445,29030
7,29482,448,0.0,4268,445,29037
4,29486,448,0.0,4269,445,29041
5,29491,448,0.0,4270,445,29046
7,29498,448,0.0,4271,445,29053
4,29502,448,0.0,4272,445,29057
14,29516,448,0.0,4273,445,29071
5,29521,448,0.0,4274,445,29076
2,29523,448,0.0,4275,445,29078
5,29528,448,0.0,4276,445,29083
4,29532,448,0.0,4277,445,29087
5,29537,448,0.0,4278,445,29092
5,29542,448,0.0,4279,445,29097
3,29545,448,0.0,4280,445,29100
4,29549,448,0.0,4281,445,29104
3,29552,448,0.0,4282,445,29107
4,29556,448,0.0,4283,445,29111
11,29567,449,1.0,4284,445,29122
3,29570,449,0.0,4285,445,29125
10,29580,449,0.0,4286,445,29135
3,29583,449,0.0,4287,445,29138
11,29594,450,1.0,4288,445,29149
11,29605,451,1.0,4289,445,29160
11,29616,451,0.0,4290,445,29171
5,29621,451,0.0,4291,445,29176
3,29624,451,0.0,4292,445,29179
3,29627,451,0.0,4293,445,29182
2,29629,451,0.0,4294,445,29184
6,29635,451,0.0,4295,445,29190
6,29641,451,0.0,4296,445,29196
11,29652,452,1.0,4297,445,29207
5,29657,452,0.0,4298,445,29212
2,29659,452,0.0,4299,445,29214
2,29661,452,0.0,4300,445,29216
11,29672,453,1.0,4301,445,29227
2,29674,453,0.0,4302,445,29229
11,29685,453,0.0,4303,445,29240
5,29690,453,0.0,4304,445,29245
6,29696,453,0.0,4305,445,29251
11,29707,454,1.0,4306,445,29262
16,29723,454,0.0,4307,445,29278
9,29732,454,0.0,4308,445,29287
2,29734,454,0.0,4309,445,29289
3,29737,454,0.0,4310,445,29292
5,29742,454,0.0,4311,445,29297
3,29745,454,0.0,4312,445,29300
3,29748,454,0.0,4313,445,29303
3,29751,454,0.0,4314,445,29306
5,29756,454,0.0,4315,445,29311
7,29763,454,0.0,4316,445,29318
2,29765,454,0.0,4317,445,29320
11,29776,455,1.0,4318,445,29331
6,29782,455,0.0,4319,445,29337
5,29787,455,0.0,4320,445,29342
10,29797,455,0.0,4321,445,29352
8,29805,455,0.0,4322,445,29360
2,29807,455,0.0,4323,445,29362
3,29810,455,0.0,4324,445,29365
2,29812,455,0.0,4325,445,29367
3,29815,455,0.0,4326,445,29370
4,29819,455,0.0,4327,445,29374
2,29821,455,0.0,4328,445,29376
2,29823,455,0.0,4329,445,29378
3,29826,455,0.0,4330,445,29381
6,29832,455,0.0,4331,445,29387
6,29838,455,0.0,4332,445,29393
15,29853,455,0.0,4333,445,29408
11,29864,456,1.0,4334,445,29419
14,29878,456,0.0,4335,445,29433
11,29889,457,1.0,4336,445,29444
2,29891,457,0.0,4337,445,29446
4,29895,457,0.0,4338,445,29450
2,29897,457,0.0,4339,445,29452
6,29903,457,0.0,4340,445,29458
18,29921,458,1.0,4341,445,29476
5,29926,458,0.0,4342,445,29481
7,29933,458,0.0,4343,445,29488
5,29938,458,0.0,4344,445,29493
5,29943,458,0.0,4345,445,29498
3,29946,458,0.0,4346,445,29501
20,29966,458,0.0,4347,445,29521
2,29968,458,0.0,4348,445,29523
5,29973,458,0.0,4349,445,29528
2,29975,458,0.0,4350,445,29530
18,29993,458,0.0,4351,445,29548
6,29999,458,0.0,4352,445,29554
7,30006,458,0.0,4353,445,29561
3,30009,458,0.0,4354,445,29564
9,30018,458,0.0,4355,445,29573
4,30022,458,0.0,4356,445,29577
5,30027,458,0.0,4357,445,29582
9,30036,458,0.0,4358,445,29591
4,30040,458,0.0,4359,445,29595
2,30042,458,0.0,4360,445,29597
7,30049,458,0.0,4361,445,29604
3,30052,458,0.0,4362,445,29607
12,30064,458,0.0,4363,445,29619
11,30075,459,1.0,4364,445,29630
3,30078,459,0.0,4365,445,29633
5,30083,459,0.0,4366,445,29638
2,30085,459,0.0,4367,445,29640
5,30090,459,0.0,4368,445,29645
5,30095,459,0.0,4369,445,29650
4,30099,459,0.0,4370,445,29654
5,30104,459,0.0,4371,445,29659
6,30110,459,0.0,4372,445,29665
5,30115,459,0.0,4373,445,29670
5,30120,459,0.0,4374,445,29675
12,30132,459,0.0,4375,445,29687
2,30134,459,0.0,4376,445,29689
3,30137,459,0.0,4377,445,29692
11,30148,460,1.0,4378,445,29703
3,30151,460,0.0,4379,445,29706
3,30154,460,0.0,4380,445,29709
4,30158,460,0.0,4381,445,29713
3,30161,460,0.0,4382,445,29716
4,30165,460,0.0,4383,445,29720
5,30170,460,0.0,4384,445,29725
2,30172,460,0.0,4385,445,29727
4,30176,460,0.0,4386,445,29731
11,30187,461,1.0,4387,445,29742
4,30191,461,0.0,4388,445,29746
4,30195,461,0.0,4389,445,29750
2,30197,461,0.0,4390,445,29752
2,30199,461,0.0,4391,445,29754
3,30202,461,0.0,4392,445,29757
11,30213,462,1.0,4393,445,29768
5,30218,462,0.0,4394,445,29773
11,30229,463,1.0,4395,445,29784
11,30240,464,1.0,4396,445,29795
2,30242,464,0.0,4397,445,29797
2,30244,464,0.0,4398,445,29799
11,30255,465,1.0,4399,445,29810
6,30261,465,0.0,4400,445,29816
10,30271,465,0.0,4401,445,29826
4,30275,465,0.0,4402,445,29830
4,30279,465,0.0,4403,445,29834
4,30283,465,0.0,4404,445,29838
2,30285,465,0.0,4405,445,29840
18,30303,466,1.0,4406,445,29858
15,30318,466,0.0,4407,445,29873
7,30325,466,0.0,4408,445,29880
2,30327,466,0.0,4409,445,29882
11,30338,467,1.0,4410,445,29893
3,30341,467,0.0,4411,445,29896
18,30359,468,1.0,4412,445,29914
5,30364,468,0.0,4413,445,29919
2,30366,468,0.0,4414,445,29921
7,30373,468,0.0,4415,445,29928
5,30378,468,0.0,4416,445,29933
5,30383,468,0.0,4417,445,29938
11,30394,469,1.0,4418,445,29949
9,30403,469,0.0,4419,445,29958
20,30423,469,0.0,4420,445,29978
6,30429,469,0.0,4421,445,29984
8,30437,469,0.0,4422,445,29992
9,30446,469,0.0,4423,445,30001
11,30457,469,0.0,4424,445,30012
2,30459,469,0.0,4425,445,30014
2,30461,469,0.0,4426,445,30016
9,30470,469,0.0,4427,445,30025
19,30489,469,0.0,4428,445,30044
11,30500,470,1.0,4429,445,30055
10,30510,470,0.0,4430,445,30065
8,30518,470,0.0,4431,445,30073
7,30525,470,0.0,4432,445,30080
5,30530,470,0.0,4433,445,30085
3,30533,470,0.0,4434,445,30088
2,30535,470,0.0,4435,445,30090
5,30540,470,0.0,4436,445,30095
3,30543,470,0.0,4437,445,30098
5,30548,470,0.0,4438,445,30103
3,30551,470,0.0,4439,445,30106
3,30554,470,0.0,4440,445,30109
3,30557,470,0.0,4441,445,30112
5,30562,470,0.0,4442,445,30117
3,30565,470,0.0,4443,445,30120
4,30569,470,0.0,4444,445,30124
6,30575,470,0.0,4445,445,30130
11,30586,471,1.0,4446,445,30141
5,30591,471,0.0,4447,445,30146
7,30598,471,0.0,4448,445,30153
4,30602,471,0.0,4449,445,30157
11,30613,472,1.0,4450,445,30168
5,30618,472,0.0,4451,445,30173
2,30620,472,0.0,4452,445,30175
3,30623,472,0.0,4453,445,30178
19,30642,472,0.0,4454,445,30197
4,30646,472,0.0,4455,445,30201
5,30651,472,0.0,4456,445,30206
5,30656,472,0.0,4457,445,30211
5,30661,472,0.0,4458,445,30216
6,30667,472,0.0,4459,445,30222
4,30671,472,0.0,4460,445,30226
9,30680,472,0.0,4461,445,30235
2,30682,472,0.0,4462,445,30237
9,30691,472,0.0,4463,445,30246
16,30707,472,0.0,4464,445,30262
5,30712,472,0.0,4465,445,30267
2,30714,472,0.0,4466,445,30269
10,30724,472,0.0,4467,445,30279
2,30726,472,0.0,4468,445,30281
3,30729,472,0.0,4469,445,30284
8,30737,472,0.0,4470,445,30292
7,30744,472,0.0,4471,445,30299
7,30751,472,0.0,4472,445,30306
6,30757,472,0.0,4473,445,30312
3,30760,472,0.0,4474,445,30315
11,30771,473,1.0,4475,445,30326
3,30774,473,0.0,4476,445,30329
19,30793,473,0.0,4477,445,30348
3,30796,473,0.0,4478,445,30351
18,30814,474,1.0,4479,445,30369
4,30818,474,0.0,4480,445,30373
2,30820,474,0.0,4481,445,30375
10,30830,474,0.0,4482,445,30385
3,30833,474,0.0,4483,445,30388
5,30838,474,0.0,4484,445,30393
2,30840,474,0.0,4485,445,30395
6,30846,474,0.0,4486,445,30401
6,30852,474,0.0,4487,445,30407
6,30858,474,0.0,4488,445,30413
10,30868,474,0.0,4489,445,30423
5,30873,474,0.0,4490,445,30428
6,30879,474,0.0,4491,445,30434
5,30884,474,0.0,4492,445,30439
3,30887,474,0.0,4493,445,30442
5,30892,474,0.0,4494,445,30447
9,30901,474,0.0,4495,445,30456
2,30903,474,0.0,4496,445,30458
11,30914,475,1.0,4497,445,30469
3,30917,475,0.0,4498,445,30472
4,30921,475,0.0,4499,445,30476
3,30924,475,0.0,4500,445,30479
2,30926,475,0.0,4501,445,30481
11,30937,476,1.0,4502,445,30492
32,30969,476,0.0,4503,445,30524
2,30971,476,0.0,4504,445,30526
5,30976,476,0.0,4505,445,30531
2,30978,476,0.0,4506,445,30533
2,30980,476,0.0,4507,445,30535
2,30982,476,0.0,4508,445,30537
4,30986,476,0.0,4509,445,30541
5,30991,476,0.0,4510,445,30546
5,30996,476,0.0,4511,445,30551
2,30998,476,0.0,4512,445,30553
4,31002,476,0.0,4513,445,30557
4,31006,476,0.0,4514,445,30561
4,31010,476,0.0,4515,445,30565
2,31012,476,0.0,4516,445,30567
5,31017,476,0.0,4517,445,30572
6,31023,476,0.0,4518,445,30578
3,31026,476,0.0,4519,445,30581
9,31035,476,0.0,4520,445,30590
24,31059,476,0.0,4521,445,30614
2,31061,476,0.0,4522,445,30616
3,31064,476,0.0,4523,445,30619
4,31068,476,0.0,4524,445,30623
11,31079,477,1.0,4525,445,30634
8,31087,477,0.0,4526,445,30642
4,31091,477,0.0,4527,445,30646
11,31102,478,1.0,4528,445,30657
11,31113,479,1.0,4529,445,30668
5,31118,479,0.0,4530,445,30673
5,31123,479,0.0,4531,445,30678
5,31128,479,0.0,4532,445,30683
8,31136,479,0.0,4533,445,30691
2,31138,479,0.0,4534,445,30693
3,31141,479,0.0,4535,445,30696
3,31144,479,0.0,4536,445,30699
9,31153,479,0.0,4537,445,30708
3,31156,479,0.0,4538,445,30711
7,31163,479,0.0,4539,445,30718
3,31166,479,0.0,4540,445,30721
3,31169,479,0.0,4541,445,30724
12,31181,479,0.0,4542,445,30736
5,31186,479,0.0,4543,445,30741
5,31191,479,0.0,4544,445,30746
13,31204,479,0.0,4545,445,30759
2,31206,479,0.0,4546,445,30761
2,31208,479,0.0,4547,445,30763
19,31227,479,0.0,4548,445,30782
2,31229,479,0.0,4549,445,30784
2,31231,479,0.0,4550,445,30786
19,31250,479,0.0,4551,445,30805
7,31257,479,0.0,4552,445,30812
3,31260,479,0.0,4553,445,30815
2,31262,479,0.0,4554,445,30817
5,31267,479,0.0,4555,445,30822
3,31270,479,0.0,4556,445,30825
3,31273,479,0.0,4557,445,30828
3,31276,479,0.0,4558,445,30831
9,31285,479,0.0,4559,445,30840
3,31288,479,0.0,4560,445,30843
5,31293,479,0.0,4561,445,30848
2,31295,479,0.0,4562,445,30850
3,31298,479,0.0,4563,445,30853
6,31304,479,0.0,4564,445,30859
5,31309,479,0.0,4565,445,30864
5,31314,479,0.0,4566,445,30869
8,31322,479,0.0,4567,445,30877
4,31326,479,0.0,4568,445,30881
5,31331,479,0.0,4569,445,30886
7,31338,479,0.0,4570,445,30893
9,31347,479,0.0,4571,445,30902
3,31350,479,0.0,4572,445,30905
6,31356,479,0.0,4573,445,30911
2,31358,479,0.0,4574,445,30913
7,31365,479,0.0,4575,445,30920
3,31368,479,0.0,4576,445,30923
3,31371,479,0.0,4577,445,30926
4,31375,479,0.0,4578,445,30930
8,31383,479,0.0,4579,445,30938
9,31392,479,0.0,4580,445,30947
7,31399,479,0.0,4581,445,30954
2,31401,479,0.0,4582,445,30956
20,31421,479,0.0,4583,445,30976
4,31425,479,0.0,4584,445,30980
2,31427,479,0.0,4585,445,30982
12,31439,479,0.0,4586,445,30994
11,31450,480,1.0,4587,445,31005
4,31454,480,0.0,4588,445,31009
11,31465,481,1.0,4589,445,31020
3,31468,481,0.0,4590,445,31023
2,31470,481,0.0,4591,445,31025
2,31472,481,0.0,4592,445,31027
7,31479,481,0.0,4593,445,31034
11,31490,482,1.0,4594,445,31045
5,31495,482,0.0,4595,445,31050
5,31500,482,0.0,4596,445,31055
5,31505,482,0.0,4597,445,31060
3,31508,482,0.0,4598,445,31063
5,31513,482,0.0,4599,445,31068
3,31516,482,0.0,4600,445,31071
2,31518,482,0.0,4601,445,31073
6,31524,482,0.0,4602,445,31079
13,31537,482,0.0,4603,445,31092
3,31540,482,0.0,4604,445,31095
5,31545,482,0.0,4605,445,31100
5,31550,482,0.0,4606,445,31105
3,31553,482,0.0,4607,445,31108
3,31556,482,0.0,4608,445,31111
3,31559,482,0.0,4609,445,31114
3,31562,482,0.0,4610,445,31117
19,31581,482,0.0,4611,445,31136
18,31599,482,0.0,4612,445,31154
5,31604,482,0.0,4613,445,31159
7,31611,482,0.0,4614,445,31166
5,31616,482,0.0,4615,445,31171
5,31621,482,0.0,4616,445,31176
2,31623,482,0.0,4617,445,31178
3,31626,482,0.0,4618,445,31181
9,31635,482,0.0,4619,445,31190
5,31640,482,0.0,4620,445,31195
18,31658,482,0.0,4621,445,31213
7,31665,482,0.0,4622,445,31220
15,31680,482,0.0,4623,445,31235
3,31683,482,0.0,4624,445,31238
8,31691,482,0.0,4625,445,31246
5,31696,482,0.0,4626,445,31251
3,31699,482,0.0,4627,445,31254
2,31701,482,0.0,4628,445,31256
2,31703,482,0.0,4629,445,31258
3,31706,482,0.0,4630,445,31261
5,31711,482,0.0,4631,445,31266
10,31721,482,0.0,4632,445,31276
3,31724,482,0.0,4633,445,31279
3,31727,482,0.0,4634,445,31282
4,31731,482,0.0,4635,445,31286
7,31738,482,0.0,4636,445,31293
7,31745,482,0.0,4637,445,31300
7,31752,482,0.0,4638,445,31307
11,31763,483,1.0,4639,445,31318
7,31770,483,0.0,4640,445,31325
9,31779,483,0.0,4641,445,31334
3,31782,483,0.0,4642,445,31337
4,31786,483,0.0,4643,445,31341
11,31797,484,1.0,4644,445,31352
3,31800,484,0.0,4645,445,31355
5,31805,484,0.0,4646,445,31360
9,31814,484,0.0,4647,445,31369
2,31816,484,0.0,4648,445,31371
2,31818,484,0.0,4649,445,31373
4,31822,484,0.0,4650,445,31377
3,31825,484,0.0,4651,445,31380
2,31827,484,0.0,4652,445,31382
8,31835,484,0.0,4653,445,31390
3,31838,484,0.0,4654,445,31393
12,31850,484,0.0,4655,445,31405
3,31853,484,0.0,4656,445,31408
21,31874,484,0.0,4657,445,31429
7,31881,484,0.0,4658,445,31436
12,31893,484,0.0,4659,445,31448
19,31912,484,0.0,4660,445,31467
7,31919,484,0.0,4661,445,31474
5,31924,484,0.0,4662,445,31479
3,31927,484,0.0,4663,445,31482
2,31929,484,0.0,4664,445,31484
2,31931,484,0.0,4665,445,31486
4,31935,484,0.0,4666,445,31490
3,31938,484,0.0,4667,445,31493
5,31943,484,0.0,4668,445,31498
10,31953,484,0.0,4669,445,31508
2,31955,484,0.0,4670,445,31510
5,31960,484,0.0,4671,445,31515
11,31971,485,1.0,4672,445,31526
5,31976,485,0.0,4673,445,31531
4,31980,485,0.0,4674,445,31535
22,32002,485,0.0,4675,445,31557
4,32006,485,0.0,4676,445,31561
4,32010,485,0.0,4677,445,31565
5,32015,485,0.0,4678,445,31570
5,32020,485,0.0,4679,445,31575
16,32036,485,0.0,4680,445,31591
11,32047,486,1.0,4681,445,31602
2,32049,486,0.0,4682,445,31604
3,32052,486,0.0,4683,445,31607
20,32072,486,0.0,4684,445,31627
6,32078,486,0.0,4685,445,31633
2,32080,486,0.0,4686,445,31635
9,32089,486,0.0,4687,445,31644
11,32100,487,1.0,4688,445,31655
2,32102,487,0.0,4689,445,31657
11,32113,488,1.0,4690,445,31668
5,32118,488,0.0,4691,445,31673
5,32123,488,0.0,4692,445,31678
9,32132,488,0.0,4693,445,31687
11,32143,489,1.0,4694,445,31698
2,32145,489,0.0,4695,445,31700
11,32156,490,1.0,4696,445,31711
4,32160,490,0.0,4697,445,31715
7,32167,490,0.0,4698,445,31722
7,32174,490,0.0,4699,445,31729
11,32185,491,1.0,4700,445,31740
11,32196,492,1.0,4701,445,31751
2,32198,492,0.0,4702,445,31753
5,32203,492,0.0,4703,445,31758
9,32212,492,0.0,4704,445,31767
4,32216,492,0.0,4705,445,31771
5,32221,492,0.0,4706,445,31776
5,32226,492,0.0,4707,445,31781
12,32238,492,0.0,4708,445,31793
4,32242,492,0.0,4709,445,31797
9,32251,492,0.0,4710,445,31806
4,32255,492,0.0,4711,445,31810
13,32268,492,0.0,4712,445,31823
5,32273,492,0.0,4713,445,31828
2,32275,492,0.0,4714,445,31830
5,32280,492,0.0,4715,445,31835
11,32291,493,1.0,4716,445,31846
13,32304,493,0.0,4717,445,31859
5,32309,493,0.0,4718,445,31864
3,32312,493,0.0,4719,445,31867
19,32331,493,0.0,4720,445,31886
19,32350,493,0.0,4721,445,31905
4,32354,493,0.0,4722,445,31909
11,32365,493,0.0,4723,445,31920
5,32370,493,0.0,4724,445,31925
16,32386,493,0.0,4725,445,31941
2,32388,493,0.0,4726,445,31943
8,32396,493,0.0,4727,445,31951
2,32398,493,0.0,4728,445,31953
2,32400,493,0.0,4729,445,31955
7,32407,493,0.0,4730,445,31962
5,32412,493,0.0,4731,445,31967
4,32416,493,0.0,4732,445,31971
5,32421,493,0.0,4733,445,31976
36,32457,494,1.0,4734,445,32012
2,32459,494,0.0,4735,445,32014
8,32467,494,0.0,4736,445,32022
3,32470,494,0.0,4737,445,32025
14,32484,494,0.0,4738,445,32039
6,32490,494,0.0,4739,445,32045
4,32494,494,0.0,4740,445,32049
5,32499,494,0.0,4741,445,32054
4,32503,494,0.0,4742,445,32058
5,32508,494,0.0,4743,445,32063
10,32518,494,0.0,4744,445,32073
6,32524,494,0.0,4745,445,32079
7,32531,494,0.0,4746,445,32086
2,32533,494,0.0,4747,445,32088
4,32537,494,0.0,4748,445,32092
10,32547,494,0.0,4749,445,32102
5,32552,494,0.0,4750,445,32107
7,32559,494,0.0,4751,445,32114
4,32563,494,0.0,4752,445,32118
15,32578,494,0.0,4753,445,32133
3,32581,494,0.0,4754,445,32136
8,32589,494,0.0,4755,445,32144
5,32594,494,0.0,4756,445,32149
11,32605,495,1.0,4757,445,32160
5,32610,495,0.0,4758,445,32165
11,32621,496,1.0,4759,445,32176
18,32639,497,1.0,4760,445,32194
4,32643,497,0.0,4761,445,32198
5,32648,497,0.0,4762,445,32203
7,32655,497,0.0,4763,445,32210
4,32659,497,0.0,4764,445,32214
13,32672,497,0.0,4765,445,32227
2,32674,497,0.0,4766,445,32229
5,32679,497,0.0,4767,445,32234
8,32687,497,0.0,4768,445,32242
3,32690,497,0.0,4769,445,32245
6,32696,497,0.0,4770,445,32251
11,32707,498,1.0,4771,445,32262
4,32711,498,0.0,4772,445,32266
4,32715,498,0.0,4773,445,32270
5,32720,498,0.0,4774,445,32275
3,32723,498,0.0,4775,445,32278
4,32727,498,0.0,4776,445,32282
11,32738,499,1.0,4777,445,32293
5,32743,499,0.0,4778,445,32298
2,32745,499,0.0,4779,445,32300
11,32756,500,1.0,4780,445,32311
6,32762,500,0.0,4781,445,32317
3,32765,500,0.0,4782,445,32320
5,32770,500,0.0,4783,445,32325
4,32774,500,0.0,4784,445,32329
4,32778,500,0.0,4785,445,32333
5,32783,500,0.0,4786,445,32338
5,32788,500,0.0,4787,445,32343
7,32795,500,0.0,4788,445,32350
8,32803,500,0.0,4789,445,32358
19,32822,500,0.0,4790,445,32377
5,32827,500,0.0,4791,445,32382
2,32829,500,0.0,4792,445,32384
5,32834,500,0.0,4793,445,32389
2,32836,500,0.0,4794,445,32391
2,32838,500,0.0,4795,445,32393
2,32840,500,0.0,4796,445,32395
11,32851,501,1.0,4797,445,32406
3,32854,501,0.0,4798,445,32409
7,32861,501,0.0,4799,445,32416
5,32866,501,0.0,4800,445,32421
4,32870,501,0.0,4801,445,32425
7,32877,501,0.0,4802,445,32432
9,32886,501,0.0,4803,445,32441
3,32889,501,0.0,4804,445,32444
8,32897,501,0.0,4805,445,32452
4,32901,501,0.0,4806,445,32456
5,32906,501,0.0,4807,445,32461
2,32908,501,0.0,4808,445,32463
4,32912,501,0.0,4809,445,32467
4,32916,501,0.0,4810,445,32471
5,32921,501,0.0,4811,445,32476
5,32926,501,0.0,4812,445,32481
6,32932,501,0.0,4813,445,32487
5,32937,501,0.0,4814,445,32492
4,32941,501,0.0,4815,445,32496
2,32943,501,0.0,4816,445,32498
2,32945,501,0.0,4817,445,32500
11,32956,502,1.0,4818,445,32511
2,32958,502,0.0,4819,445,32513
2,32960,502,0.0,4820,445,32515
5,32965,502,0.0,4821,445,32520
3,32968,502,0.0,4822,445,32523
5,32973,502,0.0,4823,445,32528
10,32983,502,0.0,4824,445,32538
3,32986,502,0.0,4825,445,32541
5,32991,502,0.0,4826,445,32546
4,32995,502,0.0,4827,445,32550
7,33002,502,0.0,4828,445,32557
3,33005,502,0.0,4829,445,32560
2,33007,502,0.0,4830,445,32562
8,33015,502,0.0,4831,445,32570
5,33020,502,0.0,4832,445,32575
9,33029,502,0.0,4833,445,32584
7,33036,502,0.0,4834,445,32591
4,33040,502,0.0,4835,445,32595
4,33044,502,0.0,4836,445,32599
5,33049,502,0.0,4837,445,32604
4,33053,502,0.0,4838,445,32608
5,33058,502,0.0,4839,445,32613
2,33060,502,0.0,4840,445,32615
3,33063,502,0.0,4841,445,32618
9,33072,502,0.0,4842,445,32627
3,33075,502,0.0,4843,445,32630
5,33080,502,0.0,4844,445,32635
2,33082,502,0.0,4845,445,32637
8,33090,502,0.0,4846,445,32645
7,33097,502,0.0,4847,445,32652
5,33102,502,0.0,4848,445,32657
11,33113,503,1.0,4849,445,32668
10,33123,503,0.0,4850,445,32678
3,33126,503,0.0,4851,445,32681
5,33131,503,0.0,4852,445,32686
11,33142,504,1.0,4853,445,32697
8,33150,504,0.0,4854,445,32705
7,33157,504,0.0,4855,445,32712
11,33168,504,0.0,4856,445,32723
2,33170,504,0.0,4857,445,32725
11,33181,505,1.0,4858,445,32736
5,33186,505,0.0,4859,445,32741
2,33188,505,0.0,4860,445,32743
11,33199,505,0.0,4861,445,32754
5,33204,505,0.0,4862,445,32759
5,33209,505,0.0,4863,445,32764
8,33217,505,0.0,4864,445,32772
4,33221,505,0.0,4865,445,32776
3,33224,505,0.0,4866,445,32779
10,33234,505,0.0,4867,445,32789
2,33236,505,0.0,4868,445,32791
2,33238,505,0.0,4869,445,32793
11,33249,506,1.0,4870,445,32804
4,33253,506,0.0,4871,445,32808
11,33264,506,0.0,4872,445,32819
8,33272,506,0.0,4873,445,32827
6,33278,506,0.0,4874,445,32833
2,33280,506,0.0,4875,445,32835
3,33283,506,0.0,4876,445,32838
5,33288,506,0.0,4877,445,32843
20,33308,506,0.0,4878,445,32863
4,33312,506,0.0,4879,445,32867
7,33319,506,0.0,4880,445,32874
12,33331,506,0.0,4881,445,32886
3,33334,506,0.0,4882,445,32889
10,33344,506,0.0,4883,445,32899
2,33346,506,0.0,4884,445,32901
3,33349,506,0.0,4885,445,32904
3,33352,506,0.0,4886,445,32907
4,33356,506,0.0,4887,445,32911
3,33359,506,0.0,4888,445,32914
8,33367,506,0.0,4889,445,32922
2,33369,506,0.0,4890,445,32924
18,33387,507,1.0,4891,445,32942
2,33389,507,0.0,4892,445,32944
5,33394,507,0.0,4893,445,32949
10,33404,507,0.0,4894,445,32959
2,33406,507,0.0,4895,445,32961
12,33418,507,0.0,4896,445,32973
2,33420,507,0.0,4897,445,32975
11,33431,507,0.0,4898,445,32986
2,33433,507,0.0,4899,445,32988
5,33438,507,0.0,4900,445,32993
13,33451,507,0.0,4901,445,33006
2,33453,507,0.0,4902,445,33008
5,33458,507,0.0,4903,445,33013
24,33482,507,0.0,4904,445,33037
19,33501,507,0.0,4905,445,33056
7,33508,507,0.0,4906,445,33063
8,33516,508,1.0,4907,445,33071
8,33524,508,0.0,4908,445,33079
5,33529,508,0.0,4909,445,33084
19,33548,508,0.0,4910,445,33103
4,33552,508,0.0,4911,445,33107
2,33554,508,0.0,4912,445,33109
12,33566,508,0.0,4913,445,33121
17,33583,508,0.0,4914,445,33138
3,33586,508,0.0,4915,445,33141
11,33597,509,1.0,4916,445,33152
11,33608,509,0.0,4917,445,33163
6,33614,509,0.0,4918,445,33169
5,33619,509,0.0,4919,445,33174
5,33624,509,0.0,4920,445,33179
12,33636,509,0.0,4921,445,33191
4,33640,509,0.0,4922,445,33195
2,33642,509,0.0,4923,445,33197
16,33658,509,0.0,4924,445,33213
5,33663,509,0.0,4925,445,33218
4,33667,509,0.0,4926,445,33222
2,33669,509,0.0,4927,445,33224
9,33678,509,0.0,4928,445,33233
2,33680,509,0.0,4929,445,33235
11,33691,510,1.0,4930,445,33246
5,33696,510,0.0,4931,445,33251
5,33701,510,0.0,4932,445,33256
6,33707,510,0.0,4933,445,33262
5,33712,510,0.0,4934,445,33267
2,33714,510,0.0,4935,445,33269
3,33717,510,0.0,4936,445,33272
13,33730,510,0.0,4937,445,33285
2,33732,510,0.0,4938,445,33287
18,33750,510,0.0,4939,445,33305
4,33754,510,0.0,4940,445,33309
2,33756,510,0.0,4941,445,33311
3,33759,510,0.0,4942,445,33314
4,33763,510,0.0,4943,445,33318
3,33766,510,0.0,4944,445,33321
9,33775,510,0.0,4945,445,33330
11,33786,511,1.0,4946,445,33341
4,33790,511,0.0,4947,445,33345
5,33795,511,0.0,4948,445,33350
2,33797,511,0.0,4949,445,33352
23,33820,511,0.0,4950,445,33375
5,33825,511,0.0,4951,445,33380
4,33829,511,0.0,4952,445,33384
2,33831,511,0.0,4953,445,33386
6,33837,511,0.0,4954,445,33392
2,33839,511,0.0,4955,445,33394
5,33844,511,0.0,4956,445,33399
11,33855,512,1.0,4957,445,33410
11,33866,513,1.0,4958,445,33421
3,33869,513,0.0,4959,445,33424
2,33871,513,0.0,4960,445,33426
3,33874,513,0.0,4961,445,33429
25,33899,513,0.0,4962,445,33454
7,33906,513,0.0,4963,445,33461
5,33911,513,0.0,4964,445,33466
3,33914,513,0.0,4965,445,33469
5,33919,513,0.0,4966,445,33474
5,33924,513,0.0,4967,445,33479
7,33931,513,0.0,4968,445,33486
2,33933,513,0.0,4969,445,33488
12,33945,513,0.0,4970,445,33500
2,33947,513,0.0,4971,445,33502
2,33949,513,0.0,4972,445,33504
2,33951,513,0.0,4973,445,33506
2,33953,513,0.0,4974,445,33508
15,33968,513,0.0,4975,445,33523
5,33973,513,0.0,4976,445,33528
3,33976,513,0.0,4977,445,33531
9,33985,513,0.0,4978,445,33540
8,33993,513,0.0,4979,445,33548
5,33998,513,0.0,4980,445,33553
11,34009,514,1.0,4981,445,33564
16,34025,514,0.0,4982,445,33580
18,34043,514,0.0,4983,445,33598
11,34054,515,1.0,4984,445,33609
2,34056,515,0.0,4985,445,33611
21,34077,515,0.0,4986,445,33632
2,34079,515,0.0,4987,445,33634
3,34082,515,0.0,4988,445,33637
5,34087,515,0.0,4989,445,33642
4,34091,515,0.0,4990,445,33646
11,34102,516,1.0,4991,445,33657
7,34109,516,0.0,4992,445,33664
9,34118,516,0.0,4993,445,33673
11,34129,517,1.0,4994,445,33684
7,34136,517,0.0,4995,445,33691
16,34152,517,0.0,4996,445,33707
3,34155,517,0.0,4997,445,33710
4,34159,517,0.0,4998,445,33714
5,34164,517,0.0,4999,445,33719
2,34166,517,0.0,5000,445,33721
3,34169,517,0.0,5001,445,33724
7,34176,517,0.0,5002,445,33731
2,34178,517,0.0,5003,445,33733
3,34181,517,0.0,5004,445,33736
3,34184,517,0.0,5005,445,33739
3,34187,517,0.0,5006,445,33742
2,34189,517,0.0,5007,445,33744
11,34200,518,1.0,5008,445,33755
3,34203,518,0.0,5009,445,33758
2,34205,518,0.0,5010,445,33760
2,34207,518,0.0,5011,445,33762
7,34214,518,0.0,5012,445,33769
8,34222,518,0.0,5013,445,33777
12,34234,518,0.0,5014,445,33789
19,34253,518,0.0,5015,445,33808
5,34258,518,0.0,5016,445,33813
2,34260,518,0.0,5017,445,33815
7,34267,518,0.0,5018,445,33822
3,34270,518,0.0,5019,445,33825
2,34272,518,0.0,5020,445,33827
12,34284,518,0.0,5021,445,33839
5,34289,518,0.0,5022,445,33844
4,34293,518,0.0,5023,445,33848
3,34296,518,0.0,5024,445,33851
4,34300,518,0.0,5025,445,33855
19,34319,518,0.0,5026,445,33874
3,34322,518,0.0,5027,445,33877
2,34324,518,0.0,5028,445,33879
3,34327,518,0.0,5029,445,33882
19,34346,518,0.0,5030,445,33901
3,34349,518,0.0,5031,445,33904
11,34360,519,1.0,5032,445,33915
6,34366,519,0.0,5033,445,33921
15,34381,519,0.0,5034,445,33936
3,34384,519,0.0,5035,445,33939
3,34387,519,0.0,5036,445,33942
19,34406,519,0.0,5037,445,33961
2,34408,519,0.0,5038,445,33963
5,34413,519,0.0,5039,445,33968
4,34417,519,0.0,5040,445,33972
3,34420,519,0.0,5041,445,33975
11,34431,520,1.0,5042,445,33986
12,34443,520,0.0,5043,445,33998
6,34449,520,0.0,5044,445,34004
4,34453,520,0.0,5045,445,34008
7,34460,520,0.0,5046,445,34015
5,34465,520,0.0,5047,445,34020
4,34469,520,0.0,5048,445,34024
4,34473,520,0.0,5049,445,34028
6,34479,520,0.0,5050,445,34034
3,34482,520,0.0,5051,445,34037
2,34484,520,0.0,5052,445,34039
11,34495,521,1.0,5053,445,34050
12,34507,521,0.0,5054,445,34062
12,34519,521,0.0,5055,445,34074
4,34523,521,0.0,5056,445,34078
12,34535,521,0.0,5057,445,34090
3,34538,521,0.0,5058,445,34093
11,34549,522,1.0,5059,445,34104
4,34553,522,0.0,5060,445,34108
3,34556,522,0.0,5061,445,34111
3,34559,522,0.0,5062,445,34114
6,34565,522,0.0,5063,445,34120
3,34568,522,0.0,5064,445,34123
3,34571,522,0.0,5065,445,34126
4,34575,522,0.0,5066,445,34130
7,34582,522,0.0,5067,445,34137
3,34585,522,0.0,5068,445,34140
2,34587,522,0.0,5069,445,34142
4,34591,522,0.0,5070,445,34146
4,34595,522,0.0,5071,445,34150
5,34600,522,0.0,5072,445,34155
2,34602,522,0.0,5073,445,34157
7,34609,522,0.0,5074,445,34164
2,34611,522,0.0,5075,445,34166
4,34615,522,0.0,5076,445,34170
3,34618,522,0.0,5077,445,34173
2,34620,522,0.0,5078,445,34175
4,34624,522,0.0,5079,445,34179
17,34641,522,0.0,5080,445,34196
8,34649,522,0.0,5081,445,34204
3,34652,522,0.0,5082,445,34207
2,34654,522,0.0,5083,445,34209
19,34673,522,0.0,5084,445,34228
7,34680,522,0.0,5085,445,34235
5,34685,522,0.0,5086,445,34240
9,34694,522,0.0,5087,445,34249
4,34698,522,0.0,5088,445,34253
3,34701,522,0.0,5089,445,34256
11,34712,523,1.0,5090,445,34267
2,34714,523,0.0,5091,445,34269
3,34717,523,0.0,5092,445,34272
5,34722,523,0.0,5093,445,34277
3,34725,523,0.0,5094,445,34280
5,34730,523,0.0,5095,445,34285
6,34736,523,0.0,5096,445,34291
3,34739,523,0.0,5097,445,34294
2,34741,523,0.0,5098,445,34296
11,34752,524,1.0,5099,445,34307
5,34757,524,0.0,5100,445,34312
11,34768,525,1.0,5101,445,34323
5,34773,525,0.0,5102,445,34328
17,34790,525,0.0,5103,445,34345
2,34792,525,0.0,5104,445,34347
8,34800,525,0.0,5105,445,34355
4,34804,525,0.0,5106,445,34359
3,34807,525,0.0,5107,445,34362
25,34832,525,0.0,5108,445,34387
3,34835,525,0.0,5109,445,34390
4,34839,525,0.0,5110,445,34394
2,34841,525,0.0,5111,445,34396
7,34848,525,0.0,5112,445,34403
10,34858,525,0.0,5113,445,34413
11,34869,526,1.0,5114,445,34424
7,34876,526,0.0,5115,445,34431
3,34879,526,0.0,5116,445,34434
8,34887,526,0.0,5117,445,34442
12,34899,526,0.0,5118,445,34454
11,34910,527,1.0,5119,445,34465
5,34915,527,0.0,5120,445,34470
2,34917,527,0.0,5121,445,34472
5,34922,527,0.0,5122,445,34477
9,34931,527,0.0,5123,445,34486
5,34936,527,0.0,5124,445,34491
12,34948,527,0.0,5125,445,34503
2,34950,527,0.0,5126,445,34505
11,34961,528,1.0,5127,445,34516
6,34967,528,0.0,5128,445,34522
2,34969,528,0.0,5129,445,34524
4,34973,528,0.0,5130,445,34528
22,34995,528,0.0,5131,445,34550
19,35014,528,0.0,5132,445,34569
5,35019,528,0.0,5133,445,34574
8,35027,529,1.0,5134,445,34582
5,35032,529,0.0,5135,445,34587
14,35046,529,0.0,5136,445,34601
2,35048,529,0.0,5137,445,34603
2,35050,529,0.0,5138,445,34605
4,35054,529,0.0,5139,445,34609
4,35058,529,0.0,5140,445,34613
3,35061,529,0.0,5141,445,34616
3,35064,529,0.0,5142,445,34619
3,35067,529,0.0,5143,445,34622
2,35069,529,0.0,5144,445,34624
12,35081,529,0.0,5145,445,34636
5,35086,529,0.0,5146,445,34641
16,35102,529,0.0,5147,445,34657
2,35104,529,0.0,5148,445,34659
3,35107,529,0.0,5149,445,34662
7,35114,529,0.0,5150,445,34669
2,35116,529,0.0,5151,445,34671
5,35121,529,0.0,5152,445,34676
8,35129,529,0.0,5153,445,34684
7,35136,529,0.0,5154,445,34691
5,35141,529,0.0,5155,445,34696
3,35144,529,0.0,5156,445,34699
4,35148,529,0.0,5157,445,34703
5,35153,529,0.0,5158,445,34708
11,35164,530,1.0,5159,445,34719
2,35166,530,0.0,5160,445,34721
4,35170,530,0.0,5161,445,34725
2,35172,530,0.0,5162,445,34727
4,35176,530,0.0,5163,445,34731
2,35178,530,0.0,5164,445,34733
8,35186,530,0.0,5165,445,34741
2,35188,530,0.0,5166,445,34743
4,35192,530,0.0,5167,445,34747
5,35197,530,0.0,5168,445,34752
2,35199,530,0.0,5169,445,34754
2,35201,530,0.0,5170,445,34756
4,35205,530,0.0,5171,445,34760
3,35208,530,0.0,5172,445,34763
5,35213,530,0.0,5173,445,34768
3,35216,530,0.0,5174,445,34771
19,35235,530,0.0,5175,445,34790
3,35238,530,0.0,5176,445,34793
3,35241,530,0.0,5177,445,34796
5,35246,530,0.0,5178,445,34801
19,35265,530,0.0,5179,445,34820
5,35270,530,0.0,5180,445,34825
4,35274,530,0.0,5181,445,34829
26,35300,530,0.0,5182,445,34855
7,35307,530,0.0,5183,445,34862
5,35312,530,0.0,5184,445,34867
5,35317,530,0.0,5185,445,34872
5,35322,530,0.0,5186,445,34877
4,35326,530,0.0,5187,445,34881
4,35330,530,0.0,5188,445,34885
4,35334,530,0.0,5189,445,34889
11,35345,531,1.0,5190,445,34900
5,35350,531,0.0,5191,445,34905
2,35352,531,0.0,5192,445,34907
8,35360,531,0.0,5193,445,34915
6,35366,531,0.0,5194,445,34921
16,35382,531,0.0,5195,445,34937
27,35409,532,1.0,5196,445,34964
2,35411,532,0.0,5197,445,34966
2,35413,532,0.0,5198,445,34968
2,35415,532,0.0,5199,445,34970
8,35423,532,0.0,5200,445,34978
4,35427,532,0.0,5201,445,34982
26,35453,532,0.0,5202,445,35008
2,35455,532,0.0,5203,445,35010
2,35457,532,0.0,5204,445,35012
2,35459,532,0.0,5205,445,35014
13,35472,532,0.0,5206,445,35027
2,35474,532,0.0,5207,445,35029
15,35489,532,0.0,5208,445,35044
3,35492,532,0.0,5209,445,35047
11,35503,533,1.0,5210,445,35058
3,35506,533,0.0,5211,445,35061
8,35514,533,0.0,5212,445,35069
8,35522,534,1.0,5213,445,35077
11,35533,535,1.0,5214,445,35088
2,35535,535,0.0,5215,445,35090
4,35539,535,0.0,5216,445,35094
9,35548,535,0.0,5217,445,35103
3,35551,535,0.0,5218,445,35106
4,35555,535,0.0,5219,445,35110
19,35574,535,0.0,5220,445,35129
9,35583,535,0.0,5221,445,35138
7,35590,535,0.0,5222,445,35145
4,35594,535,0.0,5223,445,35149
5,35599,535,0.0,5224,445,35154
7,35606,535,0.0,5225,445,35161
2,35608,535,0.0,5226,445,35163
5,35613,535,0.0,5227,445,35168
4,35617,535,0.0,5228,445,35172
11,35628,536,1.0,5229,445,35183
2,35630,536,0.0,5230,445,35185
18,35648,537,1.0,5231,445,35203
4,35652,537,0.0,5232,445,35207
4,35656,537,0.0,5233,445,35211
4,35660,537,0.0,5234,445,35215
6,35666,537,0.0,5235,445,35221
3,35669,537,0.0,5236,445,35224
5,35674,537,0.0,5237,445,35229
6,35680,537,0.0,5238,445,35235
11,35691,538,1.0,5239,445,35246
5,35696,538,0.0,5240,445,35251
5,35701,538,0.0,5241,445,35256
4,35705,538,0.0,5242,445,35260
5,35710,538,0.0,5243,445,35265
3,35713,538,0.0,5244,445,35268
2,35715,538,0.0,5245,445,35270
3,35718,538,0.0,5246,445,35273
2,35720,538,0.0,5247,445,35275
5,35725,538,0.0,5248,445,35280
2,35727,538,0.0,5249,445,35282
7,35734,538,0.0,5250,445,35289
3,35737,538,0.0,5251,445,35292
4,35741,538,0.0,5252,445,35296
2,35743,538,0.0,5253,445,35298
3,35746,538,0.0,5254,445,35301
6,35752,538,0.0,5255,445,35307
11,35763,539,1.0,5256,445,35318
4,35767,539,0.0,5257,445,35322
9,35776,539,0.0,5258,445,35331
5,35781,539,0.0,5259,445,35336
3,35784,539,0.0,5260,445,35339
5,35789,539,0.0,5261,445,35344
4,35793,539,0.0,5262,445,35348
2,35795,539,0.0,5263,445,35350
5,35800,539,0.0,5264,445,35355
6,35806,539,0.0,5265,445,35361
3,35809,539,0.0,5266,445,35364
13,35822,539,0.0,5267,445,35377
7,35829,539,0.0,5268,445,35384
3,35832,539,0.0,5269,445,35387
3,35835,539,0.0,5270,445,35390
5,35840,539,0.0,5271,445,35395
2,35842,539,0.0,5272,445,35397
11,35853,540,1.0,5273,445,35408
11,35864,541,1.0,5274,445,35419
3,35867,541,0.0,5275,445,35422
5,35872,541,0.0,5276,445,35427
5,35877,541,0.0,5277,445,35432
11,35888,542,1.0,5278,445,35443
2,35890,542,0.0,5279,445,35445
5,35895,542,0.0,5280,445,35450
7,35902,542,0.0,5281,445,35457
9,35911,542,0.0,5282,445,35466
7,35918,542,0.0,5283,445,35473
2,35920,542,0.0,5284,445,35475
3,35923,542,0.0,5285,445,35478
2,35925,542,0.0,5286,445,35480
9,35934,542,0.0,5287,445,35489
2,35936,542,0.0,5288,445,35491
10,35946,542,0.0,5289,445,35501
5,35951,542,0.0,5290,445,35506
2,35953,542,0.0,5291,445,35508
6,35959,542,0.0,5292,445,35514
4,35963,542,0.0,5293,445,35518
5,35968,542,0.0,5294,445,35523
2,35970,542,0.0,5295,445,35525
11,35981,543,1.0,5296,445,35536
2,35983,543,0.0,5297,445,35538
11,35994,544,1.0,5298,445,35549
3,35997,544,0.0,5299,445,35552
3,36000,544,0.0,5300,445,35555
11,36011,545,1.0,5301,445,35566
11,36022,546,1.0,5302,445,35577
2,36024,546,0.0,5303,445,35579
5,36029,546,0.0,5304,445,35584
2,36031,546,0.0,5305,445,35586
5,36036,546,0.0,5306,445,35591
8,36044,546,0.0,5307,445,35599
2,36046,546,0.0,5308,445,35601
3,36049,546,0.0,5309,445,35604
6,36055,546,0.0,5310,445,35610
6,36061,546,0.0,5311,445,35616
5,36066,546,0.0,5312,445,35621
3,36069,546,0.0,5313,445,35624
19,36088,546,0.0,5314,445,35643
2,36090,546,0.0,5315,445,35645
10,36100,546,0.0,5316,445,35655
12,36112,546,0.0,5317,445,35667
3,36115,546,0.0,5318,445,35670
4,36119,546,0.0,5319,445,35674
4,36123,546,0.0,5320,445,35678
12,36135,546,0.0,5321,445,35690
6,36141,546,0.0,5322,445,35696
11,36152,547,1.0,5323,445,35707
3,36155,547,0.0,5324,445,35710
10,36165,547,0.0,5325,445,35720
11,36176,548,1.0,5326,445,35731
11,36187,548,0.0,5327,445,35742
2,36189,548,0.0,5328,445,35744
4,36193,548,0.0,5329,445,35748
5,36198,548,0.0,5330,445,35753
2,36200,548,0.0,5331,445,35755
6,36206,548,0.0,5332,445,35761
9,36215,548,0.0,5333,445,35770
5,36220,548,0.0,5334,445,35775
3,36223,548,0.0,5335,445,35778
2,36225,548,0.0,5336,445,35780
5,36230,548,0.0,5337,445,35785
8,36238,548,0.0,5338,445,35793
5,36243,548,0.0,5339,445,35798
18,36261,549,1.0,5340,445,35816
12,36273,549,0.0,5341,445,35828
16,36289,549,0.0,5342,445,35844
19,36308,549,0.0,5343,445,35863
6,36314,549,0.0,5344,445,35869
3,36317,549,0.0,5345,445,35872
2,36319,549,0.0,5346,445,35874
11,36330,550,1.0,5347,445,35885
11,36341,551,1.0,5348,445,35896
5,36346,551,0.0,5349,445,35901
5,36351,551,0.0,5350,445,35906
2,36353,551,0.0,5351,445,35908
4,36357,551,0.0,5352,445,35912
18,36375,552,1.0,5353,445,35930
6,36381,552,0.0,5354,445,35936
7,36388,552,0.0,5355,445,35943
19,36407,552,0.0,5356,445,35962
19,36426,552,0.0,5357,445,35981
5,36431,552,0.0,5358,445,35986
7,36438,552,0.0,5359,445,35993
3,36441,552,0.0,5360,445,35996
5,36446,552,0.0,5361,445,36001
3,36449,552,0.0,5362,445,36004
11,36460,553,1.0,5363,445,36015
2,36462,553,0.0,5364,445,36017
5,36467,553,0.0,5365,445,36022
10,36477,553,0.0,5366,445,36032
6,36483,553,0.0,5367,445,36038
5,36488,553,0.0,5368,445,36043
3,36491,553,0.0,5369,445,36046
4,36495,553,0.0,5370,445,36050
11,36506,553,0.0,5371,445,36061
29,36535,553,0.0,5372,445,36090
6,36541,553,0.0,5373,445,36096
11,36552,554,1.0,5374,445,36107
3,36555,554,0.0,5375,445,36110
5,36560,554,0.0,5376,445,36115
7,36567,554,0.0,5377,445,36122
11,36578,555,1.0,5378,445,36133
2,36580,555,0.0,5379,445,36135
9,36589,555,0.0,5380,445,36144
2,36591,555,0.0,5381,445,36146
3,36594,555,0.0,5382,445,36149
2,36596,555,0.0,5383,445,36151
3,36599,555,0.0,5384,445,36154
19,36618,555,0.0,5385,445,36173
11,36629,556,1.0,5386,445,36184
8,36637,556,0.0,5387,445,36192
11,36648,557,1.0,5388,445,36203
3,36651,557,0.0,5389,445,36206
11,36662,558,1.0,5390,445,36217
5,36667,558,0.0,5391,445,36222
7,36674,558,0.0,5392,445,36229
2,36676,558,0.0,5393,445,36231
5,36681,558,0.0,5394,445,36236
4,36685,558,0.0,5395,445,36240
4,36689,558,0.0,5396,445,36244
6,36695,558,0.0,5397,445,36250
6,36701,558,0.0,5398,445,36256
21,36722,558,0.0,5399,445,36277
6,36728,558,0.0,5400,445,36283
2,36730,558,0.0,5401,445,36285
3,36733,558,0.0,5402,445,36288
2,36735,558,0.0,5403,445,36290
3,36738,558,0.0,5404,445,36293
11,36749,559,1.0,5405,445,36304
19,36768,559,0.0,5406,445,36323
11,36779,560,1.0,5407,445,36334
2,36781,560,0.0,5408,445,36336
19,36800,560,0.0,5409,445,36355
2,36802,560,0.0,5410,445,36357
2,36804,560,0.0,5411,445,36359
6,36810,560,0.0,5412,445,36365
2,36812,560,0.0,5413,445,36367
11,36823,560,0.0,5414,445,36378
16,36839,560,0.0,5415,445,36394
2,36841,560,0.0,5416,445,36396
2,36843,560,0.0,5417,445,36398
5,36848,560,0.0,5418,445,36403
4,36852,560,0.0,5419,445,36407
3,36855,560,0.0,5420,445,36410
2,36857,560,0.0,5421,445,36412
7,36864,560,0.0,5422,445,36419
5,36869,560,0.0,5423,445,36424
9,36878,560,0.0,5424,445,36433
7,36885,560,0.0,5425,445,36440
3,36888,560,0.0,5426,445,36443
4,36892,560,0.0,5427,445,36447
4,36896,560,0.0,5428,445,36451
2,36898,560,0.0,5429,445,36453
5,36903,560,0.0,5430,445,36458
5,36908,560,0.0,5431,445,36463
5,36913,560,0.0,5432,445,36468
5,36918,560,0.0,5433,445,36473
5,36923,560,0.0,5434,445,36478
2,36925,560,0.0,5435,445,36480
8,36933,560,0.0,5436,445,36488
5,36938,560,0.0,5437,445,36493
3,36941,560,0.0,5438,445,36496
11,36952,560,0.0,5439,445,36507
7,36959,560,0.0,5440,445,36514
18,36977,561,1.0,5441,445,36532
2,36979,561,0.0,5442,445,36534
6,36985,561,0.0,5443,445,36540
2,36987,561,0.0,5444,445,36542
4,36991,561,0.0,5445,445,36546
5,36996,561,0.0,5446,445,36551
2,36998,561,0.0,5447,445,36553
7,37005,561,0.0,5448,445,36560
5,37010,561,0.0,5449,445,36565
5,37015,561,0.0,5450,445,36570
5,37020,561,0.0,5451,445,36575
2,37022,561,0.0,5452,445,36577
4,37026,561,0.0,5453,445,36581
6,37032,561,0.0,5454,445,36587
7,37039,561,0.0,5455,445,36594
2,37041,561,0.0,5456,445,36596
2,37043,561,0.0,5457,445,36598
2,37045,561,0.0,5458,445,36600
11,37056,562,1.0,5459,445,36611
7,37063,562,0.0,5460,445,36618
5,37068,562,0.0,5461,445,36623
2,37070,562,0.0,5462,445,36625
2,37072,562,0.0,5463,445,36627
2,37074,562,0.0,5464,445,36629
18,37092,563,1.0,5465,445,36647
11,37103,564,1.0,5466,445,36658
8,37111,564,0.0,5467,445,36666
5,37116,564,0.0,5468,445,36671
4,37120,564,0.0,5469,445,36675
5,37125,564,0.0,5470,445,36680
3,37128,564,0.0,5471,445,36683
6,37134,564,0.0,5472,445,36689
4,37138,564,0.0,5473,445,36693
3,37141,564,0.0,5474,445,36696
11,37152,565,1.0,5475,445,36707
3,37155,565,0.0,5476,445,36710
5,37160,565,0.0,5477,445,36715
10,37170,565,0.0,5478,445,36725
7,37177,565,0.0,5479,445,36732
5,37182,565,0.0,5480,445,36737
7,37189,565,0.0,5481,445,36744
5,37194,565,0.0,5482,445,36749
3,37197,565,0.0,5483,445,36752
2,37199,565,0.0,5484,445,36754
3,37202,565,0.0,5485,445,36757
16,37218,565,0.0,5486,445,36773
4,37222,565,0.0,5487,445,36777
2,37224,565,0.0,5488,445,36779
3,37227,565,0.0,5489,445,36782
5,37232,565,0.0,5490,445,36787
4,37236,565,0.0,5491,445,36791
4,37240,565,0.0,5492,445,36795
3,37243,565,0.0,5493,445,36798
3,37246,565,0.0,5494,445,36801
2,37248,565,0.0,5495,445,36803
11,37259,566,1.0,5496,445,36814
11,37270,567,1.0,5497,445,36825
4,37274,567,0.0,5498,445,36829
7,37281,567,0.0,5499,445,36836
2,37283,567,0.0,5500,445,36838
6,37289,567,0.0,5501,445,36844
11,37300,568,1.0,5502,445,36855
3,37303,568,0.0,5503,445,36858
5,37308,568,0.0,5504,445,36863
11,37319,568,0.0,5505,445,36874
7,37326,568,0.0,5506,445,36881
4,37330,568,0.0,5507,445,36885
6,37336,568,0.0,5508,445,36891
8,37344,568,0.0,5509,445,36899
7,37351,568,0.0,5510,445,36906
5,37356,568,0.0,5511,445,36911
2,37358,568,0.0,5512,445,36913
4,37362,568,0.0,5513,445,36917
11,37373,569,1.0,5514,445,36928
9,37382,569,0.0,5515,445,36937
9,37391,569,0.0,5516,445,36946
2,37393,569,0.0,5517,445,36948
4,37397,569,0.0,5518,445,36952
6,37403,569,0.0,5519,445,36958
11,37414,570,1.0,5520,445,36969
3,37417,570,0.0,5521,445,36972
4,37421,570,0.0,5522,445,36976
2,37423,570,0.0,5523,445,36978
7,37430,570,0.0,5524,445,36985
6,37436,570,0.0,5525,445,36991
3,37439,570,0.0,5526,445,36994
19,37458,570,0.0,5527,445,37013
14,37472,570,0.0,5528,445,37027
5,37477,570,0.0,5529,445,37032
5,37482,570,0.0,5530,445,37037
11,37493,571,1.0,5531,445,37048
19,37512,571,0.0,5532,445,37067
5,37517,571,0.0,5533,445,37072
11,37528,572,1.0,5534,445,37083
8,37536,572,0.0,5535,445,37091
10,37546,572,0.0,5536,445,37101
3,37549,572,0.0,5537,445,37104
5,37554,572,0.0,5538,445,37109
4,37558,572,0.0,5539,445,37113
9,37567,572,0.0,5540,445,37122
5,37572,572,0.0,5541,445,37127
9,37581,572,0.0,5542,445,37136
11,37592,573,1.0,5543,445,37147
5,37597,573,0.0,5544,445,37152
7,37604,573,0.0,5545,445,37159
4,37608,573,0.0,5546,445,37163
5,37613,573,0.0,5547,445,37168
9,37622,573,0.0,5548,445,37177
2,37624,573,0.0,5549,445,37179
2,37626,573,0.0,5550,445,37181
2,37628,573,0.0,5551,445,37183
2,37630,573,0.0,5552,445,37185
5,37635,573,0.0,5553,445,37190
17,37652,573,0.0,5554,445,37207
11,37663,573,0.0,5555,445,37218
7,37670,573,0.0,5556,445,37225
3,37673,573,0.0,5557,445,37228
4,37677,573,0.0,5558,445,37232
5,37682,573,0.0,5559,445,37237
6,37688,573,0.0,5560,445,37243
4,37692,573,0.0,5561,445,37247
2,37694,573,0.0,5562,445,37249
9,37703,573,0.0,5563,445,37258
2,37705,573,0.0,5564,445,37260
23,37728,573,0.0,5565,445,37283
2,37730,573,0.0,5566,445,37285
8,37738,573,0.0,5567,445,37293
4,37742,573,0.0,5568,445,37297
5,37747,573,0.0,5569,445,37302
5,37752,573,0.0,5570,445,37307
2,37754,573,0.0,5571,445,37309
11,37765,574,1.0,5572,445,37320
7,37772,574,0.0,5573,445,37327
6,37778,574,0.0,5574,445,37333
5,37783,574,0.0,5575,445,37338
4,37787,574,0.0,5576,445,37342
2,37789,574,0.0,5577,445,37344
4,37793,574,0.0,5578,445,37348
4,37797,574,0.0,5579,445,37352
8,37805,574,0.0,5580,445,37360
5,37810,574,0.0,5581,445,37365
2,37812,574,0.0,5582,445,37367
7,37819,574,0.0,5583,445,37374
9,37828,574,0.0,5584,445,37383
2,37830,574,0.0,5585,445,37385
4,37834,574,0.0,5586,445,37389
4,37838,574,0.0,5587,445,37393
4,37842,574,0.0,5588,445,37397
2,37844,574,0.0,5589,445,37399
5,37849,574,0.0,5590,445,37404
22,37871,574,0.0,5591,445,37426
2,37873,574,0.0,5592,445,37428
5,37878,574,0.0,5593,445,37433
2,37880,574,0.0,5594,445,37435
11,37891,575,1.0,5595,445,37446
2,37893,575,0.0,5596,445,37448
6,37899,575,0.0,5597,445,37454
12,37911,575,0.0,5598,445,37466
4,37915,575,0.0,5599,445,37470
11,37926,576,1.0,5600,445,37481
2,37928,576,0.0,5601,445,37483
7,37935,576,0.0,5602,445,37490
5,37940,576,0.0,5603,445,37495
5,37945,576,0.0,5604,445,37500
5,37950,576,0.0,5605,445,37505
11,37961,577,1.0,5606,445,37516
7,37968,577,0.0,5607,445,37523
2,37970,577,0.0,5608,445,37525
7,37977,577,0.0,5609,445,37532
3,37980,577,0.0,5610,445,37535
7,37987,577,0.0,5611,445,37542
11,37998,577,0.0,5612,445,37553
5,38003,577,0.0,5613,445,37558
5,38008,577,0.0,5614,445,37563
3,38011,577,0.0,5615,445,37566
7,38018,577,0.0,5616,445,37573
5,38023,577,0.0,5617,445,37578
5,38028,577,0.0,5618,445,37583
11,38039,578,1.0,5619,445,37594
2,38041,578,0.0,5620,445,37596
7,38048,578,0.0,5621,445,37603
19,38067,578,0.0,5622,445,37622
4,38071,578,0.0,5623,445,37626
12,38083,578,0.0,5624,445,37638
11,38094,579,1.0,5625,445,37649
5,38099,579,0.0,5626,445,37654
3,38102,579,0.0,5627,445,37657
2,38104,579,0.0,5628,445,37659
18,38122,580,1.0,5629,445,37677
8,38130,580,0.0,5630,445,37685
5,38135,580,0.0,5631,445,37690
5,38140,580,0.0,5632,445,37695
18,38158,580,0.0,5633,445,37713
3,38161,580,0.0,5634,445,37716
2,38163,580,0.0,5635,445,37718
10,38173,580,0.0,5636,445,37728
5,38178,580,0.0,5637,445,37733
4,38182,580,0.0,5638,445,37737
5,38187,580,0.0,5639,445,37742
2,38189,580,0.0,5640,445,37744
11,38200,581,1.0,5641,445,37755
5,38205,581,0.0,5642,445,37760
11,38216,582,1.0,5643,445,37771
10,38226,582,0.0,5644,445,37781
4,38230,582,0.0,5645,445,37785
4,38234,582,0.0,5646,445,37789
4,38238,582,0.0,5647,445,37793
3,38241,582,0.0,5648,445,37796
6,38247,582,0.0,5649,445,37802
3,38250,582,0.0,5650,445,37805
3,38253,582,0.0,5651,445,37808
5,38258,582,0.0,5652,445,37813
12,38270,582,0.0,5653,445,37825
2,38272,582,0.0,5654,445,37827
9,38281,582,0.0,5655,445,37836
9,38290,582,0.0,5656,445,37845
2,38292,582,0.0,5657,445,37847
2,38294,582,0.0,5658,445,37849
9,38303,582,0.0,5659,445,37858
2,38305,582,0.0,5660,445,37860
2,38307,582,0.0,5661,445,37862
3,38310,582,0.0,5662,445,37865
4,38314,582,0.0,5663,445,37869
4,38318,582,0.0,5664,445,37873
8,38326,582,0.0,5665,445,37881
3,38329,582,0.0,5666,445,37884
4,38333,582,0.0,5667,445,37888
13,38346,582,0.0,5668,445,37901
11,38357,583,1.0,5669,445,37912
5,38362,583,0.0,5670,445,37917
3,38365,583,0.0,5671,445,37920
18,38383,583,0.0,5672,445,37938
5,38388,583,0.0,5673,445,37943
17,38405,583,0.0,5674,445,37960
4,38409,583,0.0,5675,445,37964
4,38413,583,0.0,5676,445,37968
6,38419,583,0.0,5677,445,37974
6,38425,583,0.0,5678,445,37980
4,38429,583,0.0,5679,445,37984
5,38434,583,0.0,5680,445,37989
5,38439,583,0.0,5681,445,37994
5,38444,583,0.0,5682,445,37999
3,38447,583,0.0,5683,445,38002
4,38451,583,0.0,5684,445,38006
4,38455,583,0.0,5685,445,38010
4,38459,583,0.0,5686,445,38014
11,38470,584,1.0,5687,445,38025
19,38489,584,0.0,5688,445,38044
7,38496,584,0.0,5689,445,38051
7,38503,584,0.0,5690,445,38058
16,38519,584,0.0,5691,445,38074
3,38522,584,0.0,5692,445,38077
3,38525,584,0.0,5693,445,38080
9,38534,584,0.0,5694,445,38089
5,38539,584,0.0,5695,445,38094
14,38553,584,0.0,5696,445,38108
2,38555,584,0.0,5697,445,38110
4,38559,584,0.0,5698,445,38114
3,38562,584,0.0,5699,445,38117
5,38567,584,0.0,5700,445,38122
5,38572,584,0.0,5701,445,38127
2,38574,584,0.0,5702,445,38129
3,38577,584,0.0,5703,445,38132
5,38582,584,0.0,5704,445,38137
11,38593,585,1.0,5705,445,38148
19,38612,585,0.0,5706,445,38167
9,38621,585,0.0,5707,445,38176
4,38625,585,0.0,5708,445,38180
2,38627,585,0.0,5709,445,38182
5,38632,585,0.0,5710,445,38187
2,38634,585,0.0,5711,445,38189
2,38636,585,0.0,5712,445,38191
5,38641,585,0.0,5713,445,38196
17,38658,585,0.0,5714,445,38213
12,38670,585,0.0,5715,445,38225
3,38673,585,0.0,5716,445,38228
11,38684,586,1.0,5717,445,38239
13,38697,586,0.0,5718,445,38252
3,38700,586,0.0,5719,445,38255
11,38711,587,1.0,5720,445,38266
4,38715,587,0.0,5721,445,38270
7,38722,587,0.0,5722,445,38277
4,38726,587,0.0,5723,445,38281
7,38733,587,0.0,5724,445,38288
7,38740,587,0.0,5725,445,38295
17,38757,587,0.0,5726,445,38312
5,38762,587,0.0,5727,445,38317
6,38768,587,0.0,5728,445,38323
2,38770,587,0.0,5729,445,38325
3,38773,587,0.0,5730,445,38328
3,38776,587,0.0,5731,445,38331
3,38779,587,0.0,5732,445,38334
10,38789,587,0.0,5733,445,38344
3,38792,587,0.0,5734,445,38347
3,38795,587,0.0,5735,445,38350
11,38806,588,1.0,5736,445,38361
3,38809,588,0.0,5737,445,38364
2,38811,588,0.0,5738,445,38366
12,38823,588,0.0,5739,445,38378
6,38829,588,0.0,5740,445,38384
3,38832,588,0.0,5741,445,38387
5,38837,588,0.0,5742,445,38392
4,38841,588,0.0,5743,445,38396
2,38843,588,0.0,5744,445,38398
5,38848,588,0.0,5745,445,38403
2,38850,588,0.0,5746,445,38405
17,38867,588,0.0,5747,445,38422
3,38870,588,0.0,5748,445,38425
5,38875,588,0.0,5749,445,38430
4,38879,588,0.0,5750,445,38434
10,38889,588,0.0,5751,445,38444
6,38895,588,0.0,5752,445,38450
8,38903,588,0.0,5753,445,38458
5,38908,588,0.0,5754,445,38463
7,38915,588,0.0,5755,445,38470
12,38927,588,0.0,5756,445,38482
3,38930,588,0.0,5757,445,38485
5,38935,588,0.0,5758,445,38490
16,38951,588,0.0,5759,445,38506
2,38953,588,0.0,5760,445,38508
7,38960,588,0.0,5761,445,38515
8,38968,588,0.0,5762,445,38523
19,38987,588,0.0,5763,445,38542
7,38994,588,0.0,5764,445,38549
4,38998,588,0.0,5765,445,38553
11,39009,589,1.0,5766,445,38564
2,39011,589,0.0,5767,445,38566
2,39013,589,0.0,5768,445,38568
5,39018,589,0.0,5769,445,38573
3,39021,589,0.0,5770,445,38576
29,39050,589,0.0,5771,445,38605
7,39057,589,0.0,5772,445,38612
11,39068,590,1.0,5773,445,38623
11,39079,591,1.0,5774,445,38634
3,39082,591,0.0,5775,445,38637
11,39093,592,1.0,5776,445,38648
5,39098,592,0.0,5777,445,38653
6,39104,592,0.0,5778,445,38659
3,39107,592,0.0,5779,445,38662
3,39110,592,0.0,5780,445,38665
7,39117,592,0.0,5781,445,38672
5,39122,592,0.0,5782,445,38677
5,39127,592,0.0,5783,445,38682
2,39129,592,0.0,5784,445,38684
3,39132,592,0.0,5785,445,38687
8,39140,592,0.0,5786,445,38695
11,39151,593,1.0,5787,445,38706
3,39154,593,0.0,5788,445,38709
10,39164,593,0.0,5789,445,38719
11,39175,594,1.0,5790,445,38730
2,39177,594,0.0,5791,445,38732
5,39182,594,0.0,5792,445,38737
3,39185,594,0.0,5793,445,38740
5,39190,594,0.0,5794,445,38745
8,39198,594,0.0,5795,445,38753
3,39201,594,0.0,5796,445,38756
11,39212,595,1.0,5797,445,38767
11,39223,596,1.0,5798,445,38778
4,39227,596,0.0,5799,445,38782
4,39231,596,0.0,5800,445,38786
3,39234,596,0.0,5801,445,38789
5,39239,596,0.0,5802,445,38794
7,39246,596,0.0,5803,445,38801
2,39248,596,0.0,5804,445,38803
5,39253,596,0.0,5805,445,38808
5,39258,596,0.0,5806,445,38813
7,39265,596,0.0,5807,445,38820
3,39268,596,0.0,5808,445,38823
10,39278,596,0.0,5809,445,38833
6,39284,596,0.0,5810,445,38839
3,39287,596,0.0,5811,445,38842
11,39298,597,1.0,5812,445,38853
7,39305,597,0.0,5813,445,38860
3,39308,597,0.0,5814,445,38863
10,39318,597,0.0,5815,445,38873
5,39323,597,0.0,5816,445,38878
5,39328,597,0.0,5817,445,38883
16,39344,597,0.0,5818,445,38899
6,39350,597,0.0,5819,445,38905
5,39355,597,0.0,5820,445,38910
4,39359,597,0.0,5821,445,38914
11,39370,598,1.0,5822,445,38925
2,39372,598,0.0,5823,445,38927
2,39374,598,0.0,5824,445,38929
2,39376,598,0.0,5825,445,38931
5,39381,598,0.0,5826,445,38936
2,39383,598,0.0,5827,445,38938
4,39387,598,0.0,5828,445,38942
12,39399,598,0.0,5829,445,38954
3,39402,598,0.0,5830,445,38957
11,39413,599,1.0,5831,445,38968
2,39415,599,0.0,5832,445,38970
11,39426,600,1.0,5833,445,38981
5,39431,600,0.0,5834,445,38986
10,39441,600,0.0,5835,445,38996
4,39445,600,0.0,5836,445,39000
4,39449,600,0.0,5837,445,39004
11,39460,600,0.0,5838,445,39015
3,39463,600,0.0,5839,445,39018
3,39466,600,0.0,5840,445,39021
20,39486,600,0.0,5841,445,39041
9,39495,600,0.0,5842,445,39050
2,39497,600,0.0,5843,445,39052
9,39506,600,0.0,5844,445,39061
4,39510,600,0.0,5845,445,39065
2,39512,600,0.0,5846,445,39067
10,39522,600,0.0,5847,445,39077
3,39525,600,0.0,5848,445,39080
2,39527,600,0.0,5849,445,39082
7,39534,600,0.0,5850,445,39089
4,39538,600,0.0,5851,445,39093
11,39549,601,1.0,5852,445,39104
18,39567,602,1.0,5853,445,39122
24,39591,602,0.0,5854,445,39146
3,39594,602,0.0,5855,445,39149
2,39596,602,0.0,5856,445,39151
3,39599,602,0.0,5857,445,39154
9,39608,602,0.0,5858,445,39163
9,39617,602,0.0,5859,445,39172
12,39629,602,0.0,5860,445,39184
11,39640,603,1.0,5861,445,39195
4,39644,603,0.0,5862,445,39199
2,39646,603,0.0,5863,445,39201
6,39652,603,0.0,5864,445,39207
3,39655,603,0.0,5865,445,39210
4,39659,603,0.0,5866,445,39214
3,39662,603,0.0,5867,445,39217
2,39664,603,0.0,5868,445,39219
3,39667,603,0.0,5869,445,39222
4,39671,603,0.0,5870,445,39226
2,39673,603,0.0,5871,445,39228
11,39684,604,1.0,5872,445,39239
14,39698,604,0.0,5873,445,39253
2,39700,604,0.0,5874,445,39255
5,39705,604,0.0,5875,445,39260
2,39707,604,0.0,5876,445,39262
8,39715,604,0.0,5877,445,39270
18,39733,604,0.0,5878,445,39288
11,39744,605,1.0,5879,445,39299
5,39749,605,0.0,5880,445,39304
19,39768,605,0.0,5881,445,39323
11,39779,606,1.0,5882,445,39334
3,39782,606,0.0,5883,445,39337
5,39787,606,0.0,5884,445,39342
22,39809,606,0.0,5885,445,39364
5,39814,606,0.0,5886,445,39369
11,39825,607,1.0,5887,445,39380
2,39827,607,0.0,5888,445,39382
5,39832,607,0.0,5889,445,39387
4,39836,607,0.0,5890,445,39391
3,39839,607,0.0,5891,445,39394
5,39844,607,0.0,5892,445,39399
11,39855,607,0.0,5893,445,39410
5,39860,607,0.0,5894,445,39415
2,39862,607,0.0,5895,445,39417
11,39873,608,1.0,5896,445,39428
7,39880,608,0.0,5897,445,39435
5,39885,608,0.0,5898,445,39440
3,39888,608,0.0,5899,445,39443
16,39904,608,0.0,5900,445,39459
11,39915,608,0.0,5901,445,39470
10,39925,608,0.0,5902,445,39480
11,39936,609,1.0,5903,445,39491
3,39939,609,0.0,5904,445,39494
4,39943,609,0.0,5905,445,39498
5,39948,609,0.0,5906,445,39503
3,39951,609,0.0,5907,445,39506
4,39955,609,0.0,5908,445,39510
12,39967,609,0.0,5909,445,39522
5,39972,609,0.0,5910,445,39527
9,39981,609,0.0,5911,445,39536
3,39984,609,0.0,5912,445,39539
3,39987,609,0.0,5913,445,39542
3,39990,609,0.0,5914,445,39545
5,39995,609,0.0,5915,445,39550
2,39997,609,0.0,5916,445,39552
2,39999,609,0.0,5917,445,39554
16,40015,609,0.0,5918,445,39570
11,40026,610,1.0,5919,445,39581
8,40034,610,0.0,5920,445,39589
9,40043,610,0.0,5921,445,39598
2,40045,610,0.0,5922,445,39600
5,40050,610,0.0,5923,445,39605
11,40061,611,1.0,5924,445,39616
11,40072,612,1.0,5925,445,39627
3,40075,612,0.0,5926,445,39630
3,40078,612,0.0,5927,445,39633
11,40089,613,1.0,5928,445,39644
2,40091,613,0.0,5929,445,39646
19,40110,613,0.0,5930,445,39665
5,40115,613,0.0,5931,445,39670
13,40128,613,0.0,5932,445,39683
11,40139,614,1.0,5933,445,39694
3,40142,614,0.0,5934,445,39697
11,40153,615,1.0,5935,445,39708
6,40159,615,0.0,5936,445,39714
11,40170,615,0.0,5937,445,39725
2,40172,615,0.0,5938,445,39727
3,40175,615,0.0,5939,445,39730
12,40187,615,0.0,5940,445,39742
3,40190,615,0.0,5941,445,39745
5,40195,615,0.0,5942,445,39750
2,40197,615,0.0,5943,445,39752
7,40204,615,0.0,5944,445,39759
2,40206,615,0.0,5945,445,39761
2,40208,615,0.0,5946,445,39763
2,40210,615,0.0,5947,445,39765
3,40213,615,0.0,5948,445,39768
2,40215,615,0.0,5949,445,39770
17,40232,615,0.0,5950,445,39787
10,40242,615,0.0,5951,445,39797
4,40246,615,0.0,5952,445,39801
8,40254,615,0.0,5953,445,39809
4,40258,615,0.0,5954,445,39813
4,40262,615,0.0,5955,445,39817
18,40280,615,0.0,5956,445,39835
3,40283,615,0.0,5957,445,39838
5,40288,615,0.0,5958,445,39843
3,40291,615,0.0,5959,445,39846
3,40294,615,0.0,5960,445,39849
3,40297,615,0.0,5961,445,39852
5,40302,615,0.0,5962,445,39857
7,40309,615,0.0,5963,445,39864
4,40313,615,0.0,5964,445,39868
2,40315,615,0.0,5965,445,39870
2,40317,615,0.0,5966,445,39872
3,40320,615,0.0,5967,445,39875
5,40325,615,0.0,5968,445,39880
5,40330,615,0.0,5969,445,39885
6,40336,615,0.0,5970,445,39891
11,40347,616,1.0,5971,445,39902
5,40352,616,0.0,5972,445,39907
5,40357,616,0.0,5973,445,39912
11,40368,617,1.0,5974,445,39923
5,40373,617,0.0,5975,445,39928
8,40381,617,0.0,5976,445,39936
7,40388,617,0.0,5977,445,39943
2,40390,617,0.0,5978,445,39945
4,40394,617,0.0,5979,445,39949
2,40396,617,0.0,5980,445,39951
6,40402,617,0.0,5981,445,39957
5,40407,617,0.0,5982,445,39962
11,40418,618,1.0,5983,445,39973
7,40425,618,0.0,5984,445,39980
4,40429,618,0.0,5985,445,39984
38,40467,618,0.0,5986,445,40022
7,40474,618,0.0,5987,445,40029
22,40496,618,0.0,5988,445,40051
4,40500,618,0.0,5989,445,40055
2,40502,618,0.0,5990,445,40057
4,40506,618,0.0,5991,445,40061
5,40511,618,0.0,5992,445,40066
12,40523,618,0.0,5993,445,40078
18,40541,619,1.0,5994,445,40096
2,40543,619,0.0,5995,445,40098
5,40548,619,0.0,5996,445,40103
2,40550,619,0.0,5997,445,40105
5,40555,619,0.0,5998,445,40110
4,40559,619,0.0,5999,445,40114
2,40561,619,0.0,6000,445,40116
3,40564,619,0.0,6001,445,40119
6,40570,619,0.0,6002,445,40125
5,40575,619,0.0,6003,445,40130
3,40578,619,0.0,6004,445,40133
5,40583,619,0.0,6005,445,40138
11,40594,620,1.0,6006,445,40149
3,40597,620,0.0,6007,445,40152
3,40600,620,0.0,6008,445,40155
2,40602,620,0.0,6009,445,40157
3,40605,620,0.0,6010,445,40160
3,40608,620,0.0,6011,445,40163
9,40617,620,0.0,6012,445,40172
2,40619,620,0.0,6013,445,40174
4,40623,620,0.0,6014,445,40178
3,40626,620,0.0,6015,445,40181
5,40631,620,0.0,6016,445,40186
4,40635,620,0.0,6017,445,40190
11,40646,621,1.0,6018,445,40201
4,40650,621,0.0,6019,445,40205
3,40653,621,0.0,6020,445,40208
3,40656,621,0.0,6021,445,40211
5,40661,621,0.0,6022,445,40216
2,40663,621,0.0,6023,445,40218
2,40665,621,0.0,6024,445,40220
8,40673,621,0.0,6025,445,40228
5,40678,621,0.0,6026,445,40233
5,40683,621,0.0,6027,445,40238
3,40686,621,0.0,6028,445,40241
6,40692,621,0.0,6029,445,40247
2,40694,621,0.0,6030,445,40249
3,40697,621,0.0,6031,445,40252
2,40699,621,0.0,6032,445,40254
11,40710,621,0.0,6033,445,40265
18,40728,622,1.0,6034,445,40283
3,40731,622,0.0,6035,445,40286
4,40735,622,0.0,6036,445,40290
3,40738,622,0.0,6037,445,40293
14,40752,622,0.0,6038,445,40307
2,40754,622,0.0,6039,445,40309
11,40765,623,1.0,6040,445,40320
5,40770,623,0.0,6041,445,40325
22,40792,623,0.0,6042,445,40347
24,40816,623,0.0,6043,445,40371
2,40818,623,0.0,6044,445,40373
17,40835,623,0.0,6045,445,40390
3,40838,623,0.0,6046,445,40393
3,40841,623,0.0,6047,445,40396
8,40849,623,0.0,6048,445,40404
11,40860,623,0.0,6049,445,40415
20,40880,623,0.0,6050,445,40435
3,40883,623,0.0,6051,445,40438
7,40890,623,0.0,6052,445,40445
26,40916,623,0.0,6053,445,40471
2,40918,623,0.0,6054,445,40473
2,40920,623,0.0,6055,445,40475
4,40924,623,0.0,6056,445,40479
5,40929,623,0.0,6057,445,40484
3,40932,623,0.0,6058,445,40487
5,40937,623,0.0,6059,445,40492
5,40942,623,0.0,6060,445,40497
7,40949,623,0.0,6061,445,40504
13,40962,623,0.0,6062,445,40517
24,40986,623,0.0,6063,445,40541
5,40991,623,0.0,6064,445,40546
6,40997,623,0.0,6065,445,40552
11,41008,624,1.0,6066,445,40563
2,41010,624,0.0,6067,445,40565
6,41016,624,0.0,6068,445,40571
8,41024,625,1.0,6069,445,40579
7,41031,625,0.0,6070,445,40586
11,41042,626,1.0,6071,445,40597
3,41045,626,0.0,6072,445,40600
16,41061,626,0.0,6073,445,40616
5,41066,626,0.0,6074,445,40621
4,41070,626,0.0,6075,445,40625
19,41089,626,0.0,6076,445,40644
5,41094,626,0.0,6077,445,40649
12,41106,626,0.0,6078,445,40661
2,41108,626,0.0,6079,445,40663
4,41112,626,0.0,6080,445,40667
28,41140,626,0.0,6081,445,40695
9,41149,626,0.0,6082,445,40704
2,41151,626,0.0,6083,445,40706
19,41170,626,0.0,6084,445,40725
2,41172,626,0.0,6085,445,40727
7,41179,626,0.0,6086,445,40734
2,41181,626,0.0,6087,445,40736
8,41189,626,0.0,6088,445,40744
4,41193,626,0.0,6089,445,40748
5,41198,626,0.0,6090,445,40753
3,41201,626,0.0,6091,445,40756
12,41213,626,0.0,6092,445,40768
3,41216,626,0.0,6093,445,40771
4,41220,626,0.0,6094,445,40775
5,41225,626,0.0,6095,445,40780
18,41243,626,0.0,6096,445,40798
2,41245,626,0.0,6097,445,40800
9,41254,626,0.0,6098,445,40809
5,41259,626,0.0,6099,445,40814
4,41263,626,0.0,6100,445,40818
9,41272,626,0.0,6101,445,40827
5,41277,626,0.0,6102,445,40832
3,41280,626,0.0,6103,445,40835
3,41283,626,0.0,6104,445,40838
11,41294,627,1.0,6105,445,40849
5,41299,627,0.0,6106,445,40854
7,41306,627,0.0,6107,445,40861
16,41322,627,0.0,6108,445,40877
5,41327,627,0.0,6109,445,40882
3,41330,627,0.0,6110,445,40885
2,41332,627,0.0,6111,445,40887
3,41335,627,0.0,6112,445,40890
11,41346,628,1.0,6113,445,40901
7,41353,628,0.0,6114,445,40908
19,41372,628,0.0,6115,445,40927
4,41376,628,0.0,6116,445,40931
2,41378,628,0.0,6117,445,40933
7,41385,628,0.0,6118,445,40940
2,41387,628,0.0,6119,445,40942
3,41390,628,0.0,6120,445,40945
3,41393,628,0.0,6121,445,40948
11,41404,629,1.0,6122,445,40959
8,41412,629,0.0,6123,445,40967
2,41414,629,0.0,6124,445,40969
18,41432,629,0.0,6125,445,40987
4,41436,629,0.0,6126,445,40991
4,41440,629,0.0,6127,445,40995
19,41459,629,0.0,6128,445,41014
2,41461,629,0.0,6129,445,41016
5,41466,629,0.0,6130,445,41021
2,41468,629,0.0,6131,445,41023
6,41474,629,0.0,6132,445,41029
2,41476,629,0.0,6133,445,41031
6,41482,629,0.0,6134,445,41037
11,41493,630,1.0,6135,445,41048
9,41502,630,0.0,6136,445,41057
5,41507,630,0.0,6137,445,41062
11,41518,630,0.0,6138,445,41073
5,41523,630,0.0,6139,445,41078
2,41525,630,0.0,6140,445,41080
4,41529,630,0.0,6141,445,41084
5,41534,630,0.0,6142,445,41089
3,41537,630,0.0,6143,445,41092
4,41541,630,0.0,6144,445,41096
2,41543,630,0.0,6145,445,41098
4,41547,630,0.0,6146,445,41102
8,41555,630,0.0,6147,445,41110
2,41557,630,0.0,6148,445,41112
7,41564,630,0.0,6149,445,41119
4,41568,630,0.0,6150,445,41123
4,41572,630,0.0,6151,445,41127
4,41576,630,0.0,6152,445,41131
3,41579,630,0.0,6153,445,41134
12,41591,630,0.0,6154,445,41146
2,41593,630,0.0,6155,445,41148
11,41604,631,1.0,6156,445,41159
18,41622,632,1.0,6157,445,41177
5,41627,632,0.0,6158,445,41182
11,41638,633,1.0,6159,445,41193
2,41640,633,0.0,6160,445,41195
4,41644,633,0.0,6161,445,41199
4,41648,633,0.0,6162,445,41203
5,41653,633,0.0,6163,445,41208
6,41659,633,0.0,6164,445,41214
9,41668,633,0.0,6165,445,41223
11,41679,634,1.0,6166,445,41234
2,41681,634,0.0,6167,445,41236
11,41692,635,1.0,6168,445,41247
2,41694,635,0.0,6169,445,41249
17,41711,635,0.0,6170,445,41266
4,41715,635,0.0,6171,445,41270
18,41733,635,0.0,6172,445,41288
7,41740,635,0.0,6173,445,41295
3,41743,635,0.0,6174,445,41298
3,41746,635,0.0,6175,445,41301
4,41750,635,0.0,6176,445,41305
11,41761,635,0.0,6177,445,41316
7,41768,635,0.0,6178,445,41323
6,41774,635,0.0,6179,445,41329
19,41793,635,0.0,6180,445,41348
3,41796,635,0.0,6181,445,41351
2,41798,635,0.0,6182,445,41353
2,41800,635,0.0,6183,445,41355
5,41805,635,0.0,6184,445,41360
5,41810,635,0.0,6185,445,41365
4,41814,635,0.0,6186,445,41369
2,41816,635,0.0,6187,445,41371
18,41834,636,1.0,6188,445,41389
6,41840,636,0.0,6189,445,41395
12,41852,636,0.0,6190,445,41407
5,41857,636,0.0,6191,445,41412
3,41860,636,0.0,6192,445,41415
7,41867,636,0.0,6193,445,41422
7,41874,636,0.0,6194,445,41429
7,41881,636,0.0,6195,445,41436
3,41884,636,0.0,6196,445,41439
4,41888,636,0.0,6197,445,41443
8,41896,636,0.0,6198,445,41451
7,41903,636,0.0,6199,445,41458
5,41908,636,0.0,6200,445,41463
5,41913,636,0.0,6201,445,41468
2,41915,636,0.0,6202,445,41470
2,41917,636,0.0,6203,445,41472
3,41920,636,0.0,6204,445,41475
3,41923,636,0.0,6205,445,41478
4,41927,636,0.0,6206,445,41482
11,41938,637,1.0,6207,445,41493
19,41957,637,0.0,6208,445,41512
2,41959,637,0.0,6209,445,41514
2,41961,637,0.0,6210,445,41516
5,41966,637,0.0,6211,445,41521
5,41971,637,0.0,6212,445,41526
4,41975,637,0.0,6213,445,41530
5,41980,637,0.0,6214,445,41535
16,41996,637,0.0,6215,445,41551
19,42015,637,0.0,6216,445,41570
4,42019,637,0.0,6217,445,41574
4,42023,637,0.0,6218,445,41578
5,42028,637,0.0,6219,445,41583
5,42033,637,0.0,6220,445,41588
4,42037,637,0.0,6221,445,41592
4,42041,637,0.0,6222,445,41596
3,42044,637,0.0,6223,445,41599
2,42046,637,0.0,6224,445,41601
6,42052,637,0.0,6225,445,41607
3,42055,637,0.0,6226,445,41610
4,42059,637,0.0,6227,445,41614
3,42062,637,0.0,6228,445,41617
6,42068,637,0.0,6229,445,41623
3,42071,637,0.0,6230,445,41626
3,42074,637,0.0,6231,445,41629
14,42088,637,0.0,6232,445,41643
7,42095,637,0.0,6233,445,41650
3,42098,637,0.0,6234,445,41653
4,42102,637,0.0,6235,445,41657
11,42113,637,0.0,6236,445,41668
4,42117,637,0.0,6237,445,41672
12,42129,637,0.0,6238,445,41684
2,42131,637,0.0,6239,445,41686
4,42135,637,0.0,6240,445,41690
11,42146,638,1.0,6241,445,41701
2,42148,638,0.0,6242,445,41703
2,42150,638,0.0,6243,445,41705
3,42153,638,0.0,6244,445,41708
7,42160,638,0.0,6245,445,41715
2,42162,638,0.0,6246,445,41717
13,42175,638,0.0,6247,445,41730
19,42194,638,0.0,6248,445,41749
11,42205,639,1.0,6249,445,41760
5,42210,639,0.0,6250,445,41765
5,42215,639,0.0,6251,445,41770
3,42218,639,0.0,6252,445,41773
5,42223,639,0.0,6253,445,41778
4,42227,639,0.0,6254,445,41782
4,42231,639,0.0,6255,445,41786
4,42235,639,0.0,6256,445,41790
4,42239,639,0.0,6257,445,41794
10,42249,639,0.0,6258,445,41804
4,42253,639,0.0,6259,445,41808
2,42255,639,0.0,6260,445,41810
7,42262,639,0.0,6261,445,41817
4,42266,639,0.0,6262,445,41821
3,42269,639,0.0,6263,445,41824
4,42273,639,0.0,6264,445,41828
5,42278,639,0.0,6265,445,41833
4,42282,639,0.0,6266,445,41837
11,42293,640,1.0,6267,445,41848
5,42298,640,0.0,6268,445,41853
10,42308,640,0.0,6269,445,41863
17,42325,640,0.0,6270,445,41880
3,42328,640,0.0,6271,445,41883
2,42330,640,0.0,6272,445,41885
8,42338,640,0.0,6273,445,41893
3,42341,640,0.0,6274,445,41896
3,42344,640,0.0,6275,445,41899
5,42349,640,0.0,6276,445,41904
3,42352,640,0.0,6277,445,41907
2,42354,640,0.0,6278,445,41909
11,42365,641,1.0,6279,445,41920
5,42370,641,0.0,6280,445,41925
3,42373,641,0.0,6281,445,41928
2,42375,641,0.0,6282,445,41930
5,42380,641,0.0,6283,445,41935
11,42391,642,1.0,6284,445,41946
5,42396,642,0.0,6285,445,41951
3,42399,642,0.0,6286,445,41954
3,42402,642,0.0,6287,445,41957
3,42405,642,0.0,6288,445,41960
7,42412,642,0.0,6289,445,41967
5,42417,642,0.0,6290,445,41972
2,42419,642,0.0,6291,445,41974
7,42426,642,0.0,6292,445,41981
5,42431,642,0.0,6293,445,41986
32,42463,642,0.0,6294,445,42018
13,42476,642,0.0,6295,445,42031
3,42479,642,0.0,6296,445,42034
7,42486,642,0.0,6297,445,42041
2,42488,642,0.0,6298,445,42043
3,42491,642,0.0,6299,445,42046
11,42502,643,1.0,6300,445,42057
11,42513,644,1.0,6301,445,42068
3,42516,644,0.0,6302,445,42071
11,42527,645,1.0,6303,445,42082
5,42532,645,0.0,6304,445,42087
2,42534,645,0.0,6305,445,42089
3,42537,645,0.0,6306,445,42092
6,42543,645,0.0,6307,445,42098
3,42546,645,0.0,6308,445,42101
3,42549,645,0.0,6309,445,42104
8,42557,645,0.0,6310,445,42112
19,42576,645,0.0,6311,445,42131
8,42584,645,0.0,6312,445,42139
5,42589,645,0.0,6313,445,42144
4,42593,645,0.0,6314,445,42148
11,42604,646,1.0,6315,445,42159
2,42606,646,0.0,6316,445,42161
3,42609,646,0.0,6317,445,42164
4,42613,646,0.0,6318,445,42168
6,42619,646,0.0,6319,445,42174
6,42625,646,0.0,6320,445,42180
9,42634,646,0.0,6321,445,42189
3,42637,646,0.0,6322,445,42192
9,42646,646,0.0,6323,445,42201
10,42656,646,0.0,6324,445,42211
16,42672,646,0.0,6325,445,42227
16,42688,646,0.0,6326,445,42243
6,42694,646,0.0,6327,445,42249
4,42698,646,0.0,6328,445,42253
11,42709,647,1.0,6329,445,42264
3,42712,647,0.0,6330,445,42267
5,42717,647,0.0,6331,445,42272
2,42719,647,0.0,6332,445,42274
11,42730,648,1.0,6333,445,42285
6,42736,648,0.0,6334,445,42291
22,42758,648,0.0,6335,445,42313
5,42763,648,0.0,6336,445,42318
5,42768,648,0.0,6337,445,42323
4,42772,648,0.0,6338,445,42327
4,42776,648,0.0,6339,445,42331
3,42779,648,0.0,6340,445,42334
4,42783,648,0.0,6341,445,42338
19,42802,648,0.0,6342,445,42357
2,42804,648,0.0,6343,445,42359
11,42815,649,1.0,6344,445,42370
5,42820,649,0.0,6345,445,42375
2,42822,649,0.0,6346,445,42377
2,42824,649,0.0,6347,445,42379
7,42831,649,0.0,6348,445,42386
11,42842,650,1.0,6349,445,42397
3,42845,650,0.0,6350,445,42400
2,42847,650,0.0,6351,445,42402
7,42854,650,0.0,6352,445,42409
7,42861,650,0.0,6353,445,42416
2,42863,650,0.0,6354,445,42418
2,42865,650,0.0,6355,445,42420
11,42876,651,1.0,6356,445,42431
9,42885,651,0.0,6357,445,42440
11,42896,652,1.0,6358,445,42451
3,42899,652,0.0,6359,445,42454
4,42903,652,0.0,6360,445,42458
4,42907,652,0.0,6361,445,42462
11,42918,653,1.0,6362,445,42473
5,42923,653,0.0,6363,445,42478
3,42926,653,0.0,6364,445,42481
5,42931,653,0.0,6365,445,42486
2,42933,653,0.0,6366,445,42488
14,42947,653,0.0,6367,445,42502
7,42954,653,0.0,6368,445,42509
2,42956,653,0.0,6369,445,42511
9,42965,653,0.0,6370,445,42520
11,42976,654,1.0,6371,445,42531
2,42978,654,0.0,6372,445,42533
19,42997,654,0.0,6373,445,42552
2,42999,654,0.0,6374,445,42554
4,43003,654,0.0,6375,445,42558
2,43005,654,0.0,6376,445,42560
11,43016,655,1.0,6377,445,42571
19,43035,655,0.0,6378,445,42590
2,43037,655,0.0,6379,445,42592
5,43042,655,0.0,6380,445,42597
4,43046,655,0.0,6381,445,42601
5,43051,655,0.0,6382,445,42606
4,43055,655,0.0,6383,445,42610
11,43066,656,1.0,6384,445,42621
3,43069,656,0.0,6385,445,42624
5,43074,656,0.0,6386,445,42629
4,43078,656,0.0,6387,445,42633
5,43083,656,0.0,6388,445,42638
3,43086,656,0.0,6389,445,42641
5,43091,656,0.0,6390,445,42646
2,43093,656,0.0,6391,445,42648
2,43095,656,0.0,6392,445,42650
3,43098,656,0.0,6393,445,42653
11,43109,657,1.0,6394,445,42664
5,43114,657,0.0,6395,445,42669
4,43118,657,0.0,6396,445,42673
2,43120,657,0.0,6397,445,42675
2,43122,657,0.0,6398,445,42677
17,43139,657,0.0,6399,445,42694
5,43144,657,0.0,6400,445,42699
8,43152,657,0.0,6401,445,42707
2,43154,657,0.0,6402,445,42709
3,43157,657,0.0,6403,445,42712
3,43160,657,0.0,6404,445,42715
3,43163,657,0.0,6405,445,42718
2,43165,657,0.0,6406,445,42720
11,43176,658,1.0,6407,445,42731
3,43179,658,0.0,6408,445,42734
6,43185,658,0.0,6409,445,42740
4,43189,658,0.0,6410,445,42744
4,43193,658,0.0,6411,445,42748
5,43198,658,0.0,6412,445,42753
7,43205,658,0.0,6413,445,42760
5,43210,658,0.0,6414,445,42765
3,43213,658,0.0,6415,445,42768
2,43215,658,0.0,6416,445,42770
8,43223,658,0.0,6417,445,42778
4,43227,658,0.0,6418,445,42782
2,43229,658,0.0,6419,445,42784
6,43235,658,0.0,6420,445,42790
9,43244,658,0.0,6421,445,42799
2,43246,658,0.0,6422,445,42801
6,43252,658,0.0,6423,445,42807
5,43257,658,0.0,6424,445,42812
2,43259,658,0.0,6425,445,42814
3,43262,658,0.0,6426,445,42817
5,43267,658,0.0,6427,445,42822
6,43273,658,0.0,6428,445,42828
4,43277,658,0.0,6429,445,42832
7,43284,658,0.0,6430,445,42839
3,43287,658,0.0,6431,445,42842
6,43293,658,0.0,6432,445,42848
7,43300,658,0.0,6433,445,42855
7,43307,658,0.0,6434,445,42862
5,43312,658,0.0,6435,445,42867
7,43319,658,0.0,6436,445,42874
5,43324,658,0.0,6437,445,42879
5,43329,658,0.0,6438,445,42884
3,43332,658,0.0,6439,445,42887
4,43336,658,0.0,6440,445,42891
11,43347,659,1.0,6441,445,42902
3,43350,659,0.0,6442,445,42905
7,43357,659,0.0,6443,445,42912
9,43366,659,0.0,6444,445,42921
6,43372,659,0.0,6445,445,42927
7,43379,659,0.0,6446,445,42934
8,43387,660,1.0,6447,445,42942
7,43394,660,0.0,6448,445,42949
5,43399,660,0.0,6449,445,42954
3,43402,660,0.0,6450,445,42957
3,43405,660,0.0,6451,445,42960
6,43411,660,0.0,6452,445,42966
3,43414,660,0.0,6453,445,42969
2,43416,660,0.0,6454,445,42971
12,43428,660,0.0,6455,445,42983
6,43434,660,0.0,6456,445,42989
2,43436,660,0.0,6457,445,42991
5,43441,660,0.0,6458,445,42996
11,43452,661,1.0,6459,445,43007
6,43458,661,0.0,6460,445,43013
7,43465,661,0.0,6461,445,43020
9,43474,661,0.0,6462,445,43029
9,43483,661,0.0,6463,445,43038
3,43486,661,0.0,6464,445,43041
12,43498,661,0.0,6465,445,43053
2,43500,661,0.0,6466,445,43055
3,43503,661,0.0,6467,445,43058
3,43506,661,0.0,6468,445,43061
6,43512,661,0.0,6469,445,43067
4,43516,661,0.0,6470,445,43071
5,43521,661,0.0,6471,445,43076
4,43525,661,0.0,6472,445,43080
7,43532,661,0.0,6473,445,43087
8,43540,661,0.0,6474,445,43095
3,43543,661,0.0,6475,445,43098
11,43554,661,0.0,6476,445,43109
7,43561,661,0.0,6477,445,43116
7,43568,661,0.0,6478,445,43123
11,43579,661,0.0,6479,445,43134
3,43582,661,0.0,6480,445,43137
2,43584,661,0.0,6481,445,43139
10,43594,661,0.0,6482,445,43149
2,43596,661,0.0,6483,445,43151
5,43601,661,0.0,6484,445,43156
4,43605,661,0.0,6485,445,43160
3,43608,661,0.0,6486,445,43163
3,43611,661,0.0,6487,445,43166
4,43615,661,0.0,6488,445,43170
5,43620,661,0.0,6489,445,43175
9,43629,661,0.0,6490,445,43184
2,43631,661,0.0,6491,445,43186
5,43636,661,0.0,6492,445,43191
11,43647,662,1.0,6493,445,43202
9,43656,662,0.0,6494,445,43211
8,43664,662,0.0,6495,445,43219
13,43677,662,0.0,6496,445,43232
2,43679,662,0.0,6497,445,43234
9,43688,662,0.0,6498,445,43243
3,43691,662,0.0,6499,445,43246
4,43695,662,0.0,6500,445,43250
2,43697,662,0.0,6501,445,43252
16,43713,662,0.0,6502,445,43268
2,43715,662,0.0,6503,445,43270
5,43720,662,0.0,6504,445,43275
5,43725,662,0.0,6505,445,43280
9,43734,662,0.0,6506,445,43289
2,43736,662,0.0,6507,445,43291
3,43739,662,0.0,6508,445,43294
18,43757,662,0.0,6509,445,43312
11,43768,663,1.0,6510,445,43323
2,43770,663,0.0,6511,445,43325
7,43777,663,0.0,6512,445,43332
3,43780,663,0.0,6513,445,43335
6,43786,663,0.0,6514,445,43341
2,43788,663,0.0,6515,445,43343
9,43797,663,0.0,6516,445,43352
13,43810,663,0.0,6517,445,43365
5,43815,663,0.0,6518,445,43370
11,43826,664,1.0,6519,445,43381
2,43828,664,0.0,6520,445,43383
2,43830,664,0.0,6521,445,43385
3,43833,664,0.0,6522,445,43388
5,43838,664,0.0,6523,445,43393
2,43840,664,0.0,6524,445,43395
4,43844,664,0.0,6525,445,43399
2,43846,664,0.0,6526,445,43401
3,43849,664,0.0,6527,445,43404
2,43851,664,0.0,6528,445,43406
3,43854,664,0.0,6529,445,43409
6,43860,664,0.0,6530,445,43415
4,43864,664,0.0,6531,445,43419
9,43873,664,0.0,6532,445,43428
3,43876,664,0.0,6533,445,43431
4,43880,664,0.0,6534,445,43435
2,43882,664,0.0,6535,445,43437
3,43885,664,0.0,6536,445,43440
8,43893,664,0.0,6537,445,43448
5,43898,664,0.0,6538,445,43453
3,43901,664,0.0,6539,445,43456
4,43905,664,0.0,6540,445,43460
2,43907,664,0.0,6541,445,43462
11,43918,665,1.0,6542,445,43473
8,43926,665,0.0,6543,445,43481
2,43928,665,0.0,6544,445,43483
5,43933,665,0.0,6545,445,43488
7,43940,665,0.0,6546,445,43495
5,43945,665,0.0,6547,445,43500
3,43948,665,0.0,6548,445,43503
5,43953,665,0.0,6549,445,43508
4,43957,665,0.0,6550,445,43512
2,43959,665,0.0,6551,445,43514
3,43962,665,0.0,6552,445,43517
3,43965,665,0.0,6553,445,43520
3,43968,665,0.0,6554,445,43523
5,43973,665,0.0,6555,445,43528
7,43980,665,0.0,6556,445,43535
11,43991,665,0.0,6557,445,43546
10,44001,665,0.0,6558,445,43556
11,44012,666,1.0,6559,445,43567
11,44023,666,0.0,6560,445,43578
11,44034,667,1.0,6561,445,43589
5,44039,667,0.0,6562,445,43594
5,44044,667,0.0,6563,445,43599
17,44061,667,0.0,6564,445,43616
19,44080,667,0.0,6565,445,43635
3,44083,667,0.0,6566,445,43638
19,44102,667,0.0,6567,445,43657
5,44107,667,0.0,6568,445,43662
3,44110,667,0.0,6569,445,43665
5,44115,667,0.0,6570,445,43670
19,44134,667,0.0,6571,445,43689
2,44136,667,0.0,6572,445,43691
3,44139,667,0.0,6573,445,43694
11,44150,668,1.0,6574,445,43705
7,44157,668,0.0,6575,445,43712
5,44162,668,0.0,6576,445,43717
9,44171,668,0.0,6577,445,43726
10,44181,668,0.0,6578,445,43736
3,44184,668,0.0,6579,445,43739
28,44212,668,0.0,6580,445,43767
3,44215,668,0.0,6581,445,43770
4,44219,668,0.0,6582,445,43774
8,44227,668,0.0,6583,445,43782
19,44246,668,0.0,6584,445,43801
4,44250,668,0.0,6585,445,43805
15,44265,668,0.0,6586,445,43820
10,44275,668,0.0,6587,445,43830
11,44286,669,1.0,6588,445,43841
5,44291,669,0.0,6589,445,43846
3,44294,669,0.0,6590,445,43849
4,44298,669,0.0,6591,445,43853
9,44307,669,0.0,6592,445,43862
17,44324,669,0.0,6593,445,43879
3,44327,669,0.0,6594,445,43882
5,44332,669,0.0,6595,445,43887
8,44340,669,0.0,6596,445,43895
4,44344,669,0.0,6597,445,43899
5,44349,669,0.0,6598,445,43904
2,44351,669,0.0,6599,445,43906
6,44357,669,0.0,6600,445,43912
2,44359,669,0.0,6601,445,43914
4,44363,669,0.0,6602,445,43918
5,44368,669,0.0,6603,445,43923
2,44370,669,0.0,6604,445,43925
6,44376,669,0.0,6605,445,43931
2,44378,669,0.0,6606,445,43933
5,44383,669,0.0,6607,445,43938
3,44386,669,0.0,6608,445,43941
6,44392,669,0.0,6609,445,43947
5,44397,669,0.0,6610,445,43952
5,44402,669,0.0,6611,445,43957
3,44405,669,0.0,6612,445,43960
11,44416,670,1.0,6613,445,43971
4,44420,670,0.0,6614,445,43975
4,44424,670,0.0,6615,445,43979
4,44428,670,0.0,6616,445,43983
7,44435,670,0.0,6617,445,43990
5,44440,670,0.0,6618,445,43995
21,44461,670,0.0,6619,445,44016
4,44465,670,0.0,6620,445,44020
4,44469,670,0.0,6621,445,44024
3,44472,670,0.0,6622,445,44027
4,44476,670,0.0,6623,445,44031
8,44484,670,0.0,6624,445,44039
6,44490,670,0.0,6625,445,44045
3,44493,670,0.0,6626,445,44048
14,44507,670,0.0,6627,445,44062
3,44510,670,0.0,6628,445,44065
9,44519,670,0.0,6629,445,44074
6,44525,670,0.0,6630,445,44080
2,44527,670,0.0,6631,445,44082
6,44533,670,0.0,6632,445,44088
11,44544,671,1.0,6633,445,44099
4,44548,671,0.0,6634,445,44103
8,44556,671,0.0,6635,445,44111
5,44561,671,0.0,6636,445,44116
3,44564,671,0.0,6637,445,44119
11,44575,672,1.0,6638,445,44130
2,44577,672,0.0,6639,445,44132
6,44583,672,0.0,6640,445,44138
7,44590,672,0.0,6641,445,44145
15,44605,672,0.0,6642,445,44160
6,44611,672,0.0,6643,445,44166
26,44637,672,0.0,6644,445,44192
11,44648,673,1.0,6645,445,44203
7,44655,673,0.0,6646,445,44210
4,44659,673,0.0,6647,445,44214
5,44664,673,0.0,6648,445,44219
10,44674,673,0.0,6649,445,44229
2,44676,673,0.0,6650,445,44231
5,44681,673,0.0,6651,445,44236
3,44684,673,0.0,6652,445,44239
5,44689,673,0.0,6653,445,44244
4,44693,673,0.0,6654,445,44248
16,44709,673,0.0,6655,445,44264
3,44712,673,0.0,6656,445,44267
19,44731,673,0.0,6657,445,44286
21,44752,673,0.0,6658,445,44307
5,44757,673,0.0,6659,445,44312
4,44761,673,0.0,6660,445,44316
2,44763,673,0.0,6661,445,44318
3,44766,673,0.0,6662,445,44321
2,44768,673,0.0,6663,445,44323
3,44771,673,0.0,6664,445,44326
2,44773,673,0.0,6665,445,44328
6,44779,673,0.0,6666,445,44334
4,44783,673,0.0,6667,445,44338
2,44785,673,0.0,6668,445,44340
5,44790,673,0.0,6669,445,44345
3,44793,673,0.0,6670,445,44348
2,44795,673,0.0,6671,445,44350
7,44802,673,0.0,6672,445,44357
5,44807,673,0.0,6673,445,44362
5,44812,673,0.0,6674,445,44367
11,44823,674,1.0,6675,445,44378
2,44825,674,0.0,6676,445,44380
5,44830,674,0.0,6677,445,44385
3,44833,674,0.0,6678,445,44388
3,44836,674,0.0,6679,445,44391
2,44838,674,0.0,6680,445,44393
13,44851,675,1.0,6681,445,44406
7,44858,675,0.0,6682,445,44413
17,44875,675,0.0,6683,445,44430
3,44878,675,0.0,6684,445,44433
19,44897,675,0.0,6685,445,44452
11,44908,676,1.0,6686,445,44463
11,44919,677,1.0,6687,445,44474
4,44923,677,0.0,6688,445,44478
3,44926,677,0.0,6689,445,44481
4,44930,677,0.0,6690,445,44485
9,44939,677,0.0,6691,445,44494
5,44944,677,0.0,6692,445,44499
11,44955,678,1.0,6693,445,44510
2,44957,678,0.0,6694,445,44512
13,44970,678,0.0,6695,445,44525
4,44974,678,0.0,6696,445,44529
7,44981,678,0.0,6697,445,44536
8,44989,678,0.0,6698,445,44544
3,44992,678,0.0,6699,445,44547
11,45003,678,0.0,6700,445,44558
11,45014,679,1.0,6701,445,44569
2,45016,679,0.0,6702,445,44571
4,45020,679,0.0,6703,445,44575
4,45024,679,0.0,6704,445,44579
2,45026,679,0.0,6705,445,44581
11,45037,680,1.0,6706,445,44592
2,45039,680,0.0,6707,445,44594
7,45046,680,0.0,6708,445,44601
6,45052,680,0.0,6709,445,44607
2,45054,680,0.0,6710,445,44609
11,45065,681,1.0,6711,445,44620
11,45076,682,1.0,6712,445,44631
5,45081,682,0.0,6713,445,44636
3,45084,682,0.0,6714,445,44639
2,45086,682,0.0,6715,445,44641
15,45101,682,0.0,6716,445,44656
3,45104,682,0.0,6717,445,44659
9,45113,682,0.0,6718,445,44668
3,45116,682,0.0,6719,445,44671
2,45118,682,0.0,6720,445,44673
4,45122,682,0.0,6721,445,44677
3,45125,682,0.0,6722,445,44680
10,45135,682,0.0,6723,445,44690
2,45137,682,0.0,6724,445,44692
4,45141,682,0.0,6725,445,44696
5,45146,682,0.0,6726,445,44701
4,45150,682,0.0,6727,445,44705
3,45153,682,0.0,6728,445,44708
5,45158,682,0.0,6729,445,44713
8,45166,682,0.0,6730,445,44721
3,45169,682,0.0,6731,445,44724
11,45180,683,1.0,6732,445,44735
2,45182,683,0.0,6733,445,44737
3,45185,683,0.0,6734,445,44740
2,45187,683,0.0,6735,445,44742
4,45191,683,0.0,6736,445,44746
2,45193,683,0.0,6737,445,44748
2,45195,683,0.0,6738,445,44750
5,45200,683,0.0,6739,445,44755
5,45205,683,0.0,6740,445,44760
5,45210,683,0.0,6741,445,44765
2,45212,683,0.0,6742,445,44767
4,45216,683,0.0,6743,445,44771
11,45227,684,1.0,6744,445,44782
4,45231,684,0.0,6745,445,44786
4,45235,684,0.0,6746,445,44790
4,45239,684,0.0,6747,445,44794
5,45244,684,0.0,6748,445,44799
4,45248,684,0.0,6749,445,44803
7,45255,684,0.0,6750,445,44810
9,45264,684,0.0,6751,445,44819
13,45277,685,1.0,6752,445,44832
3,45280,685,0.0,6753,445,44835
15,45295,685,0.0,6754,445,44850
10,45305,685,0.0,6755,445,44860
3,45308,685,0.0,6756,445,44863
5,45313,685,0.0,6757,445,44868
4,45317,685,0.0,6758,445,44872
2,45319,685,0.0,6759,445,44874
3,45322,685,0.0,6760,445,44877
2,45324,685,0.0,6761,445,44879
11,45335,685,0.0,6762,445,44890
12,45347,685,0.0,6763,445,44902
5,45352,685,0.0,6764,445,44907
5,45357,685,0.0,6765,445,44912
5,45362,685,0.0,6766,445,44917
6,45368,685,0.0,6767,445,44923
19,45387,685,0.0,6768,445,44942
2,45389,685,0.0,6769,445,44944
5,45394,685,0.0,6770,445,44949
11,45405,686,1.0,6771,445,44960
5,45410,686,0.0,6772,445,44965
3,45413,686,0.0,6773,445,44968
2,45415,686,0.0,6774,445,44970
7,45422,686,0.0,6775,445,44977
12,45434,686,0.0,6776,445,44989
5,45439,686,0.0,6777,445,44994
2,45441,686,0.0,6778,445,44996
2,45443,686,0.0,6779,445,44998
9,45452,686,0.0,6780,445,45007
3,45455,686,0.0,6781,445,45010
18,45473,686,0.0,6782,445,45028
3,45476,686,0.0,6783,445,45031
3,45479,686,0.0,6784,445,45034
3,45482,686,0.0,6785,445,45037
19,45501,686,0.0,6786,445,45056
8,45509,686,0.0,6787,445,45064
4,45513,686,0.0,6788,445,45068
11,45524,686,0.0,6789,445,45079
3,45527,686,0.0,6790,445,45082
6,45533,686,0.0,6791,445,45088
5,45538,686,0.0,6792,445,45093
7,45545,686,0.0,6793,445,45100
3,45548,686,0.0,6794,445,45103
11,45559,687,1.0,6795,445,45114
4,45563,687,0.0,6796,445,45118
5,45568,687,0.0,6797,445,45123
5,45573,687,0.0,6798,445,45128
3,45576,687,0.0,6799,445,45131
5,45581,687,0.0,6800,445,45136
10,45591,687,0.0,6801,445,45146
3,45594,687,0.0,6802,445,45149
3,45597,687,0.0,6803,445,45152
3,45600,687,0.0,6804,445,45155
2,45602,687,0.0,6805,445,45157
2,45604,687,0.0,6806,445,45159
15,45619,687,0.0,6807,445,45174
3,45622,687,0.0,6808,445,45177
2,45624,687,0.0,6809,445,45179
8,45632,687,0.0,6810,445,45187
4,45636,687,0.0,6811,445,45191
6,45642,687,0.0,6812,445,45197
3,45645,687,0.0,6813,445,45200
2,45647,687,0.0,6814,445,45202
3,45650,687,0.0,6815,445,45205
23,45673,687,0.0,6816,445,45228
2,45675,687,0.0,6817,445,45230
5,45680,687,0.0,6818,445,45235
2,45682,687,0.0,6819,445,45237
10,45692,687,0.0,6820,445,45247
7,45699,687,0.0,6821,445,45254
3,45702,687,0.0,6822,445,45257
7,45709,687,0.0,6823,445,45264
4,45713,687,0.0,6824,445,45268
2,45715,687,0.0,6825,445,45270
4,45719,687,0.0,6826,445,45274
3,45722,687,0.0,6827,445,45277
2,45724,687,0.0,6828,445,45279
2,45726,687,0.0,6829,445,45281
9,45735,687,0.0,6830,445,45290
5,45740,687,0.0,6831,445,45295
2,45742,687,0.0,6832,445,45297
2,45744,687,0.0,6833,445,45299
4,45748,687,0.0,6834,445,45303
6,45754,687,0.0,6835,445,45309
8,45762,687,0.0,6836,445,45317
6,45768,687,0.0,6837,445,45323
4,45772,687,0.0,6838,445,45327
4,45776,687,0.0,6839,445,45331
6,45782,687,0.0,6840,445,45337
10,45792,687,0.0,6841,445,45347
4,45796,687,0.0,6842,445,45351
5,45801,687,0.0,6843,445,45356
4,45805,687,0.0,6844,445,45360
2,45807,687,0.0,6845,445,45362
7,45814,687,0.0,6846,445,45369
5,45819,687,0.0,6847,445,45374
9,45828,687,0.0,6848,445,45383
4,45832,687,0.0,6849,445,45387
4,45836,687,0.0,6850,445,45391
11,45847,688,1.0,6851,445,45402
2,45849,688,0.0,6852,445,45404
4,45853,688,0.0,6853,445,45408
3,45856,688,0.0,6854,445,45411
4,45860,688,0.0,6855,445,45415
11,45871,689,1.0,6856,445,45426
2,45873,689,0.0,6857,445,45428
2,45875,689,0.0,6858,445,45430
8,45883,689,0.0,6859,445,45438
11,45894,689,0.0,6860,445,45449
5,45899,689,0.0,6861,445,45454
2,45901,689,0.0,6862,445,45456
10,45911,689,0.0,6863,445,45466
6,45917,689,0.0,6864,445,45472
3,45920,689,0.0,6865,445,45475
9,45929,689,0.0,6866,445,45484
5,45934,689,0.0,6867,445,45489
8,45942,689,0.0,6868,445,45497
5,45947,689,0.0,6869,445,45502
5,45952,689,0.0,6870,445,45507
6,45958,689,0.0,6871,445,45513
11,45969,690,1.0,6872,445,45524
3,45972,690,0.0,6873,445,45527
4,45976,690,0.0,6874,445,45531
2,45978,690,0.0,6875,445,45533
5,45983,690,0.0,6876,445,45538
5,45988,690,0.0,6877,445,45543
4,45992,690,0.0,6878,445,45547
4,45996,690,0.0,6879,445,45551
3,45999,690,0.0,6880,445,45554
11,46010,691,1.0,6881,445,45565
2,46012,691,0.0,6882,445,45567
10,46022,691,0.0,6883,445,45577
7,46029,691,0.0,6884,445,45584
5,46034,691,0.0,6885,445,45589
7,46041,691,0.0,6886,445,45596
18,46059,692,1.0,6887,445,45614
34,46093,692,0.0,6888,445,45648
18,46111,693,1.0,6889,445,45666
4,46115,693,0.0,6890,445,45670
13,46128,693,0.0,6891,445,45683
11,46139,694,1.0,6892,445,45694
5,46144,694,0.0,6893,445,45699
3,46147,694,0.0,6894,445,45702
7,46154,694,0.0,6895,445,45709
4,46158,694,0.0,6896,445,45713
10,46168,694,0.0,6897,445,45723
11,46179,695,1.0,6898,445,45734
5,46184,695,0.0,6899,445,45739
5,46189,695,0.0,6900,445,45744
5,46194,695,0.0,6901,445,45749
4,46198,695,0.0,6902,445,45753
4,46202,695,0.0,6903,445,45757
7,46209,695,0.0,6904,445,45764
14,46223,695,0.0,6905,445,45778
5,46228,695,0.0,6906,445,45783
4,46232,695,0.0,6907,445,45787
5,46237,695,0.0,6908,445,45792
10,46247,695,0.0,6909,445,45802
11,46258,696,1.0,6910,445,45813
5,46263,696,0.0,6911,445,45818
4,46267,696,0.0,6912,445,45822
9,46276,696,0.0,6913,445,45831
4,46280,696,0.0,6914,445,45835
2,46282,696,0.0,6915,445,45837
11,46293,696,0.0,6916,445,45848
4,46297,696,0.0,6917,445,45852
5,46302,696,0.0,6918,445,45857
11,46313,696,0.0,6919,445,45868
18,46331,697,1.0,6920,445,45886
5,46336,697,0.0,6921,445,45891
5,46341,697,0.0,6922,445,45896
3,46344,697,0.0,6923,445,45899
3,46347,697,0.0,6924,445,45902
6,46353,697,0.0,6925,445,45908
6,46359,697,0.0,6926,445,45914
2,46361,697,0.0,6927,445,45916
3,46364,697,0.0,6928,445,45919
12,46376,697,0.0,6929,445,45931
2,46378,697,0.0,6930,445,45933
5,46383,697,0.0,6931,445,45938
2,46385,697,0.0,6932,445,45940
3,46388,697,0.0,6933,445,45943
2,46390,697,0.0,6934,445,45945
5,46395,697,0.0,6935,445,45950
3,46398,697,0.0,6936,445,45953
9,46407,697,0.0,6937,445,45962
4,46411,697,0.0,6938,445,45966
5,46416,697,0.0,6939,445,45971
9,46425,697,0.0,6940,445,45980
5,46430,697,0.0,6941,445,45985
7,46437,697,0.0,6942,445,45992
15,46452,697,0.0,6943,445,46007
3,46455,697,0.0,6944,445,46010
2,46457,697,0.0,6945,445,46012
9,46466,697,0.0,6946,445,46021
2,46468,697,0.0,6947,445,46023
18,46486,698,1.0,6948,445,46041
4,46490,698,0.0,6949,445,46045
9,46499,698,0.0,6950,445,46054
11,46510,699,1.0,6951,445,46065
2,46512,699,0.0,6952,445,46067
10,46522,699,0.0,6953,445,46077
11,46533,700,1.0,6954,445,46088
13,46546,700,0.0,6955,445,46101
11,46557,700,0.0,6956,445,46112
4,46561,700,0.0,6957,445,46116
13,46574,700,0.0,6958,445,46129
3,46577,700,0.0,6959,445,46132
3,46580,700,0.0,6960,445,46135
2,46582,700,0.0,6961,445,46137
18,46600,701,1.0,6962,445,46155
4,46604,701,0.0,6963,445,46159
11,46615,702,1.0,6964,445,46170
3,46618,702,0.0,6965,445,46173
2,46620,702,0.0,6966,445,46175
2,46622,702,0.0,6967,445,46177
5,46627,702,0.0,6968,445,46182
5,46632,702,0.0,6969,445,46187
5,46637,702,0.0,6970,445,46192
5,46642,702,0.0,6971,445,46197
3,46645,702,0.0,6972,445,46200
7,46652,702,0.0,6973,445,46207
11,46663,703,1.0,6974,445,46218
15,46678,703,0.0,6975,445,46233
5,46683,703,0.0,6976,445,46238
3,46686,703,0.0,6977,445,46241
2,46688,703,0.0,6978,445,46243
8,46696,703,0.0,6979,445,46251
5,46701,703,0.0,6980,445,46256
3,46704,703,0.0,6981,445,46259
11,46715,704,1.0,6982,445,46270
7,46722,704,0.0,6983,445,46277
3,46725,704,0.0,6984,445,46280
5,46730,704,0.0,6985,445,46285
6,46736,704,0.0,6986,445,46291
5,46741,704,0.0,6987,445,46296
3,46744,704,0.0,6988,445,46299
11,46755,705,1.0,6989,445,46310
5,46760,705,0.0,6990,445,46315
5,46765,705,0.0,6991,445,46320
5,46770,705,0.0,6992,445,46325
19,46789,705,0.0,6993,445,46344
11,46800,706,1.0,6994,445,46355
3,46803,706,0.0,6995,445,46358
29,46832,706,0.0,6996,445,46387
11,46843,707,1.0,6997,445,46398
12,46855,707,0.0,6998,445,46410
4,46859,707,0.0,6999,445,46414
7,46866,707,0.0,7000,445,46421
3,46869,707,0.0,7001,445,46424
7,46876,707,0.0,7002,445,46431
4,46880,707,0.0,7003,445,46435
5,46885,707,0.0,7004,445,46440
11,46896,708,1.0,7005,445,46451
3,46899,708,0.0,7006,445,46454
9,46908,708,0.0,7007,445,46463
5,46913,708,0.0,7008,445,46468
8,46921,709,1.0,7009,445,46476
13,46934,709,0.0,7010,445,46489
6,46940,709,0.0,7011,445,46495
11,46951,710,1.0,7012,445,46506
7,46958,710,0.0,7013,445,46513
5,46963,710,0.0,7014,445,46518
3,46966,710,0.0,7015,445,46521
5,46971,710,0.0,7016,445,46526
11,46982,711,1.0,7017,445,46537
6,46988,711,0.0,7018,445,46543
10,46998,711,0.0,7019,445,46553
3,47001,711,0.0,7020,445,46556
8,47009,711,0.0,7021,445,46564
3,47012,711,0.0,7022,445,46567
5,47017,711,0.0,7023,445,46572
7,47024,711,0.0,7024,445,46579
19,47043,711,0.0,7025,445,46598
2,47045,711,0.0,7026,445,46600
4,47049,711,0.0,7027,445,46604
7,47056,711,0.0,7028,445,46611
4,47060,711,0.0,7029,445,46615
2,47062,711,0.0,7030,445,46617
10,47072,711,0.0,7031,445,46627
5,47077,711,0.0,7032,445,46632
3,47080,711,0.0,7033,445,46635
3,47083,711,0.0,7034,445,46638
7,47090,711,0.0,7035,445,46645
3,47093,711,0.0,7036,445,46648
11,47104,712,1.0,7037,445,46659
5,47109,712,0.0,7038,445,46664
2,47111,712,0.0,7039,445,46666
2,47113,712,0.0,7040,445,46668
11,47124,712,0.0,7041,445,46679
3,47127,712,0.0,7042,445,46682
2,47129,712,0.0,7043,445,46684
11,47140,713,1.0,7044,445,46695
12,47152,713,0.0,7045,445,46707
5,47157,713,0.0,7046,445,46712
9,47166,713,0.0,7047,445,46721
9,47175,713,0.0,7048,445,46730
11,47186,714,1.0,7049,445,46741
16,47202,714,0.0,7050,445,46757
2,47204,714,0.0,7051,445,46759
2,47206,714,0.0,7052,445,46761
2,47208,714,0.0,7053,445,46763
13,47221,714,0.0,7054,445,46776
4,47225,714,0.0,7055,445,46780
2,47227,714,0.0,7056,445,46782
5,47232,714,0.0,7057,445,46787
19,47251,714,0.0,7058,445,46806
5,47256,714,0.0,7059,445,46811
7,47263,714,0.0,7060,445,46818
16,47279,714,0.0,7061,445,46834
2,47281,714,0.0,7062,445,46836
5,47286,714,0.0,7063,445,46841
5,47291,714,0.0,7064,445,46846
2,47293,714,0.0,7065,445,46848
5,47298,714,0.0,7066,445,46853
5,47303,714,0.0,7067,445,46858
13,47316,714,0.0,7068,445,46871
11,47327,715,1.0,7069,445,46882
11,47338,716,1.0,7070,445,46893
4,47342,716,0.0,7071,445,46897
6,47348,716,0.0,7072,445,46903
2,47350,716,0.0,7073,445,46905
2,47352,716,0.0,7074,445,46907
9,47361,716,0.0,7075,445,46916
3,47364,716,0.0,7076,445,46919
7,47371,716,0.0,7077,445,46926
3,47374,716,0.0,7078,445,46929
2,47376,716,0.0,7079,445,46931
3,47379,716,0.0,7080,445,46934
4,47383,716,0.0,7081,445,46938
2,47385,716,0.0,7082,445,46940
5,47390,716,0.0,7083,445,46945
2,47392,716,0.0,7084,445,46947
9,47401,716,0.0,7085,445,46956
4,47405,716,0.0,7086,445,46960
5,47410,716,0.0,7087,445,46965
18,47428,716,0.0,7088,445,46983
5,47433,716,0.0,7089,445,46988
23,47456,716,0.0,7090,445,47011
11,47467,717,1.0,7091,445,47022
5,47472,717,0.0,7092,445,47027
6,47478,717,0.0,7093,445,47033
19,47497,717,0.0,7094,445,47052
20,47517,717,0.0,7095,445,47072
5,47522,717,0.0,7096,445,47077
2,47524,717,0.0,7097,445,47079
6,47530,717,0.0,7098,445,47085
3,47533,717,0.0,7099,445,47088
2,47535,717,0.0,7100,445,47090
5,47540,717,0.0,7101,445,47095
13,47553,717,0.0,7102,445,47108
3,47556,717,0.0,7103,445,47111
3,47559,717,0.0,7104,445,47114
3,47562,717,0.0,7105,445,47117
3,47565,717,0.0,7106,445,47120
5,47570,717,0.0,7107,445,47125
6,47576,717,0.0,7108,445,47131
4,47580,717,0.0,7109,445,47135
4,47584,717,0.0,7110,445,47139
2,47586,717,0.0,7111,445,47141
12,47598,717,0.0,7112,445,47153
4,47602,717,0.0,7113,445,47157
5,47607,717,0.0,7114,445,47162
3,47610,717,0.0,7115,445,47165
5,47615,717,0.0,7116,445,47170
10,47625,717,0.0,7117,445,47180
7,47632,717,0.0,7118,445,47187
8,47640,717,0.0,7119,445,47195
7,47647,717,0.0,7120,445,47202
14,47661,717,0.0,7121,445,47216
2,47663,717,0.0,7122,445,47218
6,47669,717,0.0,7123,445,47224
21,47690,717,0.0,7124,445,47245
5,47695,717,0.0,7125,445,47250
14,47709,717,0.0,7126,445,47264
6,47715,717,0.0,7127,445,47270
4,47719,717,0.0,7128,445,47274
7,47726,717,0.0,7129,445,47281
2,47728,717,0.0,7130,445,47283
4,47732,717,0.0,7131,445,47287
5,47737,717,0.0,7132,445,47292
6,47743,717,0.0,7133,445,47298
19,47762,717,0.0,7134,445,47317
3,47765,717,0.0,7135,445,47320
2,47767,717,0.0,7136,445,47322
26,47793,717,0.0,7137,445,47348
11,47804,718,1.0,7138,445,47359
5,47809,718,0.0,7139,445,47364
7,47816,718,0.0,7140,445,47371
6,47822,718,0.0,7141,445,47377
5,47827,718,0.0,7142,445,47382
3,47830,718,0.0,7143,445,47385
5,47835,718,0.0,7144,445,47390
5,47840,718,0.0,7145,445,47395
4,47844,718,0.0,7146,445,47399
4,47848,718,0.0,7147,445,47403
2,47850,718,0.0,7148,445,47405
2,47852,718,0.0,7149,445,47407
2,47854,718,0.0,7150,445,47409
4,47858,718,0.0,7151,445,47413
5,47863,718,0.0,7152,445,47418
11,47874,718,0.0,7153,445,47429
18,47892,719,1.0,7154,445,47447
5,47897,719,0.0,7155,445,47452
6,47903,719,0.0,7156,445,47458
2,47905,719,0.0,7157,445,47460
3,47908,719,0.0,7158,445,47463
7,47915,719,0.0,7159,445,47470
3,47918,719,0.0,7160,445,47473
4,47922,719,0.0,7161,445,47477
2,47924,719,0.0,7162,445,47479
11,47935,720,1.0,7163,445,47490
2,47937,720,0.0,7164,445,47492
3,47940,720,0.0,7165,445,47495
5,47945,720,0.0,7166,445,47500
5,47950,720,0.0,7167,445,47505
9,47959,720,0.0,7168,445,47514
4,47963,720,0.0,7169,445,47518
9,47972,720,0.0,7170,445,47527
4,47976,720,0.0,7171,445,47531
2,47978,720,0.0,7172,445,47533
4,47982,720,0.0,7173,445,47537
7,47989,720,0.0,7174,445,47544
3,47992,720,0.0,7175,445,47547
9,48001,720,0.0,7176,445,47556
3,48004,720,0.0,7177,445,47559
2,48006,720,0.0,7178,445,47561
6,48012,720,0.0,7179,445,47567
5,48017,720,0.0,7180,445,47572
11,48028,721,1.0,7181,445,47583
5,48033,721,0.0,7182,445,47588
2,48035,721,0.0,7183,445,47590
2,48037,721,0.0,7184,445,47592
4,48041,721,0.0,7185,445,47596
5,48046,721,0.0,7186,445,47601
18,48064,722,1.0,7187,445,47619
5,48069,722,0.0,7188,445,47624
2,48071,722,0.0,7189,445,47626
19,48090,722,0.0,7190,445,47645
4,48094,722,0.0,7191,445,47649
19,48113,722,0.0,7192,445,47668
3,48116,722,0.0,7193,445,47671
2,48118,722,0.0,7194,445,47673
3,48121,722,0.0,7195,445,47676
3,48124,722,0.0,7196,445,47679
9,48133,722,0.0,7197,445,47688
9,48142,722,0.0,7198,445,47697
7,48149,722,0.0,7199,445,47704
3,48152,722,0.0,7200,445,47707
18,48170,722,0.0,7201,445,47725
3,48173,722,0.0,7202,445,47728
6,48179,722,0.0,7203,445,47734
6,48185,722,0.0,7204,445,47740
4,48189,722,0.0,7205,445,47744
11,48200,723,1.0,7206,445,47755
6,48206,723,0.0,7207,445,47761
9,48215,723,0.0,7208,445,47770
11,48226,724,1.0,7209,445,47781
9,48235,724,0.0,7210,445,47790
3,48238,724,0.0,7211,445,47793
7,48245,724,0.0,7212,445,47800
11,48256,725,1.0,7213,445,47811
19,48275,725,0.0,7214,445,47830
7,48282,725,0.0,7215,445,47837
3,48285,725,0.0,7216,445,47840
3,48288,725,0.0,7217,445,47843
3,48291,725,0.0,7218,445,47846
2,48293,725,0.0,7219,445,47848
2,48295,725,0.0,7220,445,47850
4,48299,725,0.0,7221,445,47854
5,48304,725,0.0,7222,445,47859
13,48317,725,0.0,7223,445,47872
9,48326,725,0.0,7224,445,47881
5,48331,725,0.0,7225,445,47886
2,48333,725,0.0,7226,445,47888
7,48340,725,0.0,7227,445,47895
3,48343,725,0.0,7228,445,47898
2,48345,725,0.0,7229,445,47900
8,48353,725,0.0,7230,445,47908
8,48361,725,0.0,7231,445,47916
4,48365,725,0.0,7232,445,47920
9,48374,725,0.0,7233,445,47929
6,48380,725,0.0,7234,445,47935
5,48385,725,0.0,7235,445,47940
3,48388,725,0.0,7236,445,47943
2,48390,725,0.0,7237,445,47945
18,48408,725,0.0,7238,445,47963
7,48415,725,0.0,7239,445,47970
2,48417,725,0.0,7240,445,47972
5,48422,725,0.0,7241,445,47977
4,48426,725,0.0,7242,445,47981
2,48428,725,0.0,7243,445,47983
5,48433,725,0.0,7244,445,47988
4,48437,725,0.0,7245,445,47992
2,48439,725,0.0,7246,445,47994
3,48442,725,0.0,7247,445,47997
5,48447,725,0.0,7248,445,48002
4,48451,725,0.0,7249,445,48006
5,48456,725,0.0,7250,445,48011
8,48464,725,0.0,7251,445,48019
4,48468,725,0.0,7252,445,48023
7,48475,725,0.0,7253,445,48030
9,48484,725,0.0,7254,445,48039
11,48495,726,1.0,7255,445,48050
2,48497,726,0.0,7256,445,48052
12,48509,726,0.0,7257,445,48064
3,48512,726,0.0,7258,445,48067
3,48515,726,0.0,7259,445,48070
8,48523,726,0.0,7260,445,48078
2,48525,726,0.0,7261,445,48080
7,48532,726,0.0,7262,445,48087
4,48536,726,0.0,7263,445,48091
3,48539,726,0.0,7264,445,48094
18,48557,726,0.0,7265,445,48112
10,48567,726,0.0,7266,445,48122
2,48569,726,0.0,7267,445,48124
2,48571,726,0.0,7268,445,48126
2,48573,726,0.0,7269,445,48128
11,48584,727,1.0,7270,445,48139
18,48602,727,0.0,7271,445,48157
22,48624,727,0.0,7272,445,48179
5,48629,727,0.0,7273,445,48184
11,48640,728,1.0,7274,445,48195
11,48651,729,1.0,7275,445,48206
11,48662,730,1.0,7276,445,48217
2,48664,730,0.0,7277,445,48219
13,48677,731,1.0,7278,445,48232
3,48680,731,0.0,7279,445,48235
9,48689,731,0.0,7280,445,48244
4,48693,731,0.0,7281,445,48248
5,48698,731,0.0,7282,445,48253
15,48713,731,0.0,7283,445,48268
3,48716,731,0.0,7284,445,48271
6,48722,731,0.0,7285,445,48277
7,48729,731,0.0,7286,445,48284
8,48737,731,0.0,7287,445,48292
10,48747,731,0.0,7288,445,48302
5,48752,731,0.0,7289,445,48307
11,48763,732,1.0,7290,445,48318
11,48774,732,0.0,7291,445,48329
5,48779,732,0.0,7292,445,48334
5,48784,732,0.0,7293,445,48339
20,48804,732,0.0,7294,445,48359
2,48806,732,0.0,7295,445,48361
3,48809,732,0.0,7296,445,48364
3,48812,732,0.0,7297,445,48367
2,48814,732,0.0,7298,445,48369
5,48819,732,0.0,7299,445,48374
4,48823,732,0.0,7300,445,48378
8,48831,732,0.0,7301,445,48386
2,48833,732,0.0,7302,445,48388
9,48842,732,0.0,7303,445,48397
4,48846,732,0.0,7304,445,48401
11,48857,732,0.0,7305,445,48412
4,48861,732,0.0,7306,445,48416
5,48866,732,0.0,7307,445,48421
7,48873,732,0.0,7308,445,48428
4,48877,732,0.0,7309,445,48432
3,48880,732,0.0,7310,445,48435
7,48887,732,0.0,7311,445,48442
11,48898,733,1.0,7312,445,48453
6,48904,733,0.0,7313,445,48459
9,48913,733,0.0,7314,445,48468
17,48930,733,0.0,7315,445,48485
3,48933,733,0.0,7316,445,48488
3,48936,733,0.0,7317,445,48491
3,48939,733,0.0,7318,445,48494
8,48947,733,0.0,7319,445,48502
4,48951,733,0.0,7320,445,48506
3,48954,733,0.0,7321,445,48509
4,48958,733,0.0,7322,445,48513
3,48961,733,0.0,7323,445,48516
16,48977,733,0.0,7324,445,48532
9,48986,733,0.0,7325,445,48541
5,48991,733,0.0,7326,445,48546
3,48994,733,0.0,7327,445,48549
2,48996,733,0.0,7328,445,48551
14,49010,733,0.0,7329,445,48565
4,49014,733,0.0,7330,445,48569
13,49027,733,0.0,7331,445,48582
2,49029,733,0.0,7332,445,48584
4,49033,733,0.0,7333,445,48588
3,49036,733,0.0,7334,445,48591
2,49038,733,0.0,7335,445,48593
2,49040,733,0.0,7336,445,48595
16,49056,733,0.0,7337,445,48611
4,49060,733,0.0,7338,445,48615
7,49067,733,0.0,7339,445,48622
7,49074,733,0.0,7340,445,48629
8,49082,733,0.0,7341,445,48637
5,49087,733,0.0,7342,445,48642
2,49089,733,0.0,7343,445,48644
3,49092,733,0.0,7344,445,48647
5,49097,733,0.0,7345,445,48652
2,49099,733,0.0,7346,445,48654
5,49104,733,0.0,7347,445,48659
2,49106,733,0.0,7348,445,48661
9,49115,733,0.0,7349,445,48670
8,49123,733,0.0,7350,445,48678
5,49128,733,0.0,7351,445,48683
5,49133,733,0.0,7352,445,48688
4,49137,733,0.0,7353,445,48692
4,49141,733,0.0,7354,445,48696
3,49144,733,0.0,7355,445,48699
4,49148,733,0.0,7356,445,48703
2,49150,733,0.0,7357,445,48705
7,49157,733,0.0,7358,445,48712
12,49169,733,0.0,7359,445,48724
5,49174,733,0.0,7360,445,48729
3,49177,733,0.0,7361,445,48732
2,49179,733,0.0,7362,445,48734
11,49190,734,1.0,7363,445,48745
11,49201,735,1.0,7364,445,48756
3,49204,735,0.0,7365,445,48759
9,49213,735,0.0,7366,445,48768
11,49224,735,0.0,7367,445,48779
4,49228,735,0.0,7368,445,48783
8,49236,735,0.0,7369,445,48791
4,49240,735,0.0,7370,445,48795
4,49244,735,0.0,7371,445,48799
4,49248,735,0.0,7372,445,48803
5,49253,735,0.0,7373,445,48808
4,49257,735,0.0,7374,445,48812
3,49260,735,0.0,7375,445,48815
4,49264,735,0.0,7376,445,48819
4,49268,735,0.0,7377,445,48823
3,49271,735,0.0,7378,445,48826
32,49303,735,0.0,7379,445,48858
3,49306,735,0.0,7380,445,48861
3,49309,735,0.0,7381,445,48864
2,49311,735,0.0,7382,445,48866
4,49315,735,0.0,7383,445,48870
4,49319,735,0.0,7384,445,48874
7,49326,735,0.0,7385,445,48881
11,49337,736,1.0,7386,445,48892
5,49342,736,0.0,7387,445,48897
3,49345,736,0.0,7388,445,48900
3,49348,736,0.0,7389,445,48903
11,49359,737,1.0,7390,445,48914
11,49370,738,1.0,7391,445,48925
7,49377,738,0.0,7392,445,48932
6,49383,738,0.0,7393,445,48938
11,49394,739,1.0,7394,445,48949
8,49402,739,0.0,7395,445,48957
7,49409,739,0.0,7396,445,48964
7,49416,739,0.0,7397,445,48971
2,49418,739,0.0,7398,445,48973
5,49423,739,0.0,7399,445,48978
4,49427,739,0.0,7400,445,48982
5,49432,739,0.0,7401,445,48987
4,49436,739,0.0,7402,445,48991
2,49438,739,0.0,7403,445,48993
4,49442,739,0.0,7404,445,48997
6,49448,739,0.0,7405,445,49003
2,49450,739,0.0,7406,445,49005
6,49456,739,0.0,7407,445,49011
3,49459,739,0.0,7408,445,49014
5,49464,739,0.0,7409,445,49019
2,49466,739,0.0,7410,445,49021
11,49477,740,1.0,7411,445,49032
9,49486,740,0.0,7412,445,49041
6,49492,740,0.0,7413,445,49047
2,49494,740,0.0,7414,445,49049
11,49505,741,1.0,7415,445,49060
6,49511,741,0.0,7416,445,49066
6,49517,741,0.0,7417,445,49072
5,49522,741,0.0,7418,445,49077
7,49529,741,0.0,7419,445,49084
5,49534,741,0.0,7420,445,49089
3,49537,741,0.0,7421,445,49092
4,49541,741,0.0,7422,445,49096
11,49552,742,1.0,7423,445,49107
5,49557,742,0.0,7424,445,49112
12,49569,742,0.0,7425,445,49124
2,49571,742,0.0,7426,445,49126
11,49582,743,1.0,7427,445,49137
2,49584,743,0.0,7428,445,49139
2,49586,743,0.0,7429,445,49141
13,49599,743,0.0,7430,445,49154
11,49610,744,1.0,7431,445,49165
9,49619,744,0.0,7432,445,49174
3,49622,744,0.0,7433,445,49177
5,49627,744,0.0,7434,445,49182
4,49631,744,0.0,7435,445,49186
3,49634,744,0.0,7436,445,49189
5,49639,744,0.0,7437,445,49194
11,49650,745,1.0,7438,445,49205
19,49669,745,0.0,7439,445,49224
2,49671,745,0.0,7440,445,49226
4,49675,745,0.0,7441,445,49230
3,49678,745,0.0,7442,445,49233
7,49685,745,0.0,7443,445,49240
19,49704,745,0.0,7444,445,49259
5,49709,745,0.0,7445,445,49264
5,49714,745,0.0,7446,445,49269
8,49722,745,0.0,7447,445,49277
5,49727,745,0.0,7448,445,49282
19,49746,745,0.0,7449,445,49301
11,49757,746,1.0,7450,445,49312
9,49766,746,0.0,7451,445,49321
3,49769,746,0.0,7452,445,49324
11,49780,747,1.0,7453,445,49335
5,49785,747,0.0,7454,445,49340
4,49789,747,0.0,7455,445,49344
16,49805,747,0.0,7456,445,49360
18,49823,748,1.0,7457,445,49378
12,49835,748,0.0,7458,445,49390
11,49846,749,1.0,7459,445,49401
11,49857,750,1.0,7460,445,49412
2,49859,750,0.0,7461,445,49414
11,49870,751,1.0,7462,445,49425
5,49875,751,0.0,7463,445,49430
5,49880,751,0.0,7464,445,49435
2,49882,751,0.0,7465,445,49437
4,49886,751,0.0,7466,445,49441
3,49889,751,0.0,7467,445,49444
11,49900,752,1.0,7468,445,49455
3,49903,752,0.0,7469,445,49458
9,49912,752,0.0,7470,445,49467
25,49937,752,0.0,7471,445,49492
16,49953,752,0.0,7472,445,49508
2,49955,752,0.0,7473,445,49510
3,49958,752,0.0,7474,445,49513
5,49963,752,0.0,7475,445,49518
7,49970,752,0.0,7476,445,49525
10,49980,752,0.0,7477,445,49535
5,49985,752,0.0,7478,445,49540
11,49996,753,1.0,7479,445,49551
4,50000,753,0.0,7480,445,49555
17,50017,753,0.0,7481,445,49572
2,50019,753,0.0,7482,445,49574
4,50023,753,0.0,7483,445,49578
11,50034,754,1.0,7484,445,49589
2,50036,754,0.0,7485,445,49591
4,50040,754,0.0,7486,445,49595
2,50042,754,0.0,7487,445,49597
5,50047,754,0.0,7488,445,49602
4,50051,754,0.0,7489,445,49606
4,50055,754,0.0,7490,445,49610
3,50058,754,0.0,7491,445,49613
2,50060,754,0.0,7492,445,49615
7,50067,754,0.0,7493,445,49622
2,50069,754,0.0,7494,445,49624
5,50074,754,0.0,7495,445,49629
3,50077,754,0.0,7496,445,49632
11,50088,755,1.0,7497,445,49643
2,50090,755,0.0,7498,445,49645
3,50093,755,0.0,7499,445,49648
9,50102,755,0.0,7500,445,49657
11,50113,755,0.0,7501,445,49668
3,50116,755,0.0,7502,445,49671
13,50129,755,0.0,7503,445,49684
10,50139,755,0.0,7504,445,49694
2,50141,755,0.0,7505,445,49696
2,50143,755,0.0,7506,445,49698
8,50151,755,0.0,7507,445,49706
7,50158,755,0.0,7508,445,49713
2,50160,755,0.0,7509,445,49715
5,50165,755,0.0,7510,445,49720
3,50168,755,0.0,7511,445,49723
4,50172,755,0.0,7512,445,49727
3,50175,755,0.0,7513,445,49730
7,50182,755,0.0,7514,445,49737
4,50186,755,0.0,7515,445,49741
2,50188,755,0.0,7516,445,49743
6,50194,755,0.0,7517,445,49749
5,50199,755,0.0,7518,445,49754
9,50208,755,0.0,7519,445,49763
7,50215,755,0.0,7520,445,49770
5,50220,755,0.0,7521,445,49775
7,50227,755,0.0,7522,445,49782
2,50229,755,0.0,7523,445,49784
2,50231,755,0.0,7524,445,49786
7,50238,755,0.0,7525,445,49793
14,50252,755,0.0,7526,445,49807
3,50255,755,0.0,7527,445,49810
3,50258,755,0.0,7528,445,49813
4,50262,755,0.0,7529,445,49817
3,50265,755,0.0,7530,445,49820
6,50271,755,0.0,7531,445,49826
4,50275,755,0.0,7532,445,49830
3,50278,755,0.0,7533,445,49833
11,50289,756,1.0,7534,445,49844
2,50291,756,0.0,7535,445,49846
5,50296,756,0.0,7536,445,49851
18,50314,757,1.0,7537,445,49869
6,50320,757,0.0,7538,445,49875
9,50329,757,0.0,7539,445,49884
18,50347,757,0.0,7540,445,49902
21,50368,757,0.0,7541,445,49923
2,50370,757,0.0,7542,445,49925
3,50373,757,0.0,7543,445,49928
3,50376,757,0.0,7544,445,49931
7,50383,757,0.0,7545,445,49938
3,50386,757,0.0,7546,445,49941
3,50389,757,0.0,7547,445,49944
6,50395,757,0.0,7548,445,49950
2,50397,757,0.0,7549,445,49952
6,50403,757,0.0,7550,445,49958
11,50414,758,1.0,7551,445,49969
9,50423,758,0.0,7552,445,49978
4,50427,758,0.0,7553,445,49982
7,50434,758,0.0,7554,445,49989
2,50436,758,0.0,7555,445,49991
11,50447,759,1.0,7556,445,50002
27,50474,759,0.0,7557,445,50029
11,50485,760,1.0,7558,445,50040
5,50490,760,0.0,7559,445,50045
11,50501,761,1.0,7560,445,50056
5,50506,761,0.0,7561,445,50061
8,50514,761,0.0,7562,445,50069
10,50524,761,0.0,7563,445,50079
8,50532,761,0.0,7564,445,50087
2,50534,761,0.0,7565,445,50089
2,50536,761,0.0,7566,445,50091
5,50541,761,0.0,7567,445,50096
4,50545,761,0.0,7568,445,50100
3,50548,761,0.0,7569,445,50103
2,50550,761,0.0,7570,445,50105
3,50553,761,0.0,7571,445,50108
5,50558,761,0.0,7572,445,50113
2,50560,761,0.0,7573,445,50115
2,50562,761,0.0,7574,445,50117
11,50573,762,1.0,7575,445,50128
4,50577,762,0.0,7576,445,50132
5,50582,762,0.0,7577,445,50137
5,50587,762,0.0,7578,445,50142
8,50595,762,0.0,7579,445,50150
5,50600,762,0.0,7580,445,50155
3,50603,762,0.0,7581,445,50158
6,50609,762,0.0,7582,445,50164
2,50611,762,0.0,7583,445,50166
5,50616,762,0.0,7584,445,50171
11,50627,763,1.0,7585,445,50182
5,50632,763,0.0,7586,445,50187
2,50634,763,0.0,7587,445,50189
2,50636,763,0.0,7588,445,50191
3,50639,763,0.0,7589,445,50194
8,50647,763,0.0,7590,445,50202
6,50653,763,0.0,7591,445,50208
4,50657,763,0.0,7592,445,50212
5,50662,763,0.0,7593,445,50217
5,50667,763,0.0,7594,445,50222
19,50686,763,0.0,7595,445,50241
6,50692,763,0.0,7596,445,50247
14,50706,763,0.0,7597,445,50261
3,50709,763,0.0,7598,445,50264
5,50714,763,0.0,7599,445,50269
11,50725,764,1.0,7600,445,50280
11,50736,765,1.0,7601,445,50291
19,50755,765,0.0,7602,445,50310
20,50775,765,0.0,7603,445,50330
11,50786,766,1.0,7604,445,50341
4,50790,766,0.0,7605,445,50345
17,50807,766,0.0,7606,445,50362
8,50815,766,0.0,7607,445,50370
5,50820,766,0.0,7608,445,50375
5,50825,766,0.0,7609,445,50380
11,50836,767,1.0,7610,445,50391
3,50839,767,0.0,7611,445,50394
3,50842,767,0.0,7612,445,50397
7,50849,767,0.0,7613,445,50404
3,50852,767,0.0,7614,445,50407
5,50857,767,0.0,7615,445,50412
3,50860,767,0.0,7616,445,50415
7,50867,767,0.0,7617,445,50422
3,50870,767,0.0,7618,445,50425
5,50875,767,0.0,7619,445,50430
11,50886,768,1.0,7620,445,50441
5,50891,768,0.0,7621,445,50446
3,50894,768,0.0,7622,445,50449
7,50901,768,0.0,7623,445,50456
6,50907,768,0.0,7624,445,50462
6,50913,768,0.0,7625,445,50468
4,50917,768,0.0,7626,445,50472
7,50924,768,0.0,7627,445,50479
6,50930,768,0.0,7628,445,50485
8,50938,768,0.0,7629,445,50493
2,50940,768,0.0,7630,445,50495
9,50949,768,0.0,7631,445,50504
5,50954,768,0.0,7632,445,50509
4,50958,768,0.0,7633,445,50513
4,50962,768,0.0,7634,445,50517
2,50964,768,0.0,7635,445,50519
10,50974,768,0.0,7636,445,50529
6,50980,768,0.0,7637,445,50535
4,50984,768,0.0,7638,445,50539
19,51003,768,0.0,7639,445,50558
5,51008,768,0.0,7640,445,50563
11,51019,769,1.0,7641,445,50574
3,51022,769,0.0,7642,445,50577
5,51027,769,0.0,7643,445,50582
3,51030,769,0.0,7644,445,50585
7,51037,769,0.0,7645,445,50592
3,51040,769,0.0,7646,445,50595
19,51059,769,0.0,7647,445,50614
3,51062,769,0.0,7648,445,50617
3,51065,769,0.0,7649,445,50620
4,51069,769,0.0,7650,445,50624
2,51071,769,0.0,7651,445,50626
2,51073,769,0.0,7652,445,50628
4,51077,769,0.0,7653,445,50632
2,51079,769,0.0,7654,445,50634
3,51082,769,0.0,7655,445,50637
2,51084,769,0.0,7656,445,50639
13,51097,769,0.0,7657,445,50652
2,51099,769,0.0,7658,445,50654
5,51104,769,0.0,7659,445,50659
5,51109,769,0.0,7660,445,50664
11,51120,770,1.0,7661,445,50675
3,51123,770,0.0,7662,445,50678
5,51128,770,0.0,7663,445,50683
5,51133,770,0.0,7664,445,50688
9,51142,770,0.0,7665,445,50697
19,51161,770,0.0,7666,445,50716
2,51163,770,0.0,7667,445,50718
2,51165,770,0.0,7668,445,50720
3,51168,770,0.0,7669,445,50723
2,51170,770,0.0,7670,445,50725
2,51172,770,0.0,7671,445,50727
3,51175,770,0.0,7672,445,50730
3,51178,770,0.0,7673,445,50733
2,51180,770,0.0,7674,445,50735
4,51184,770,0.0,7675,445,50739
3,51187,770,0.0,7676,445,50742
3,51190,770,0.0,7677,445,50745
4,51194,770,0.0,7678,445,50749
3,51197,770,0.0,7679,445,50752
3,51200,770,0.0,7680,445,50755
2,51202,770,0.0,7681,445,50757
18,51220,770,0.0,7682,445,50775
3,51223,770,0.0,7683,445,50778
8,51231,770,0.0,7684,445,50786
2,51233,770,0.0,7685,445,50788
3,51236,770,0.0,7686,445,50791
3,51239,770,0.0,7687,445,50794
3,51242,770,0.0,7688,445,50797
5,51247,770,0.0,7689,445,50802
4,51251,770,0.0,7690,445,50806
4,51255,770,0.0,7691,445,50810
2,51257,770,0.0,7692,445,50812
2,51259,770,0.0,7693,445,50814
9,51268,770,0.0,7694,445,50823
2,51270,770,0.0,7695,445,50825
5,51275,770,0.0,7696,445,50830
5,51280,770,0.0,7697,445,50835
7,51287,770,0.0,7698,445,50842
5,51292,770,0.0,7699,445,50847
13,51305,770,0.0,7700,445,50860
4,51309,770,0.0,7701,445,50864
2,51311,770,0.0,7702,445,50866
3,51314,770,0.0,7703,445,50869
21,51335,770,0.0,7704,445,50890
8,51343,770,0.0,7705,445,50898
22,51365,770,0.0,7706,445,50920
3,51368,770,0.0,7707,445,50923
6,51374,770,0.0,7708,445,50929
3,51377,770,0.0,7709,445,50932
3,51380,770,0.0,7710,445,50935
2,51382,770,0.0,7711,445,50937
3,51385,770,0.0,7712,445,50940
27,51412,770,0.0,7713,445,50967
7,51419,770,0.0,7714,445,50974
2,51421,770,0.0,7715,445,50976
3,51424,770,0.0,7716,445,50979
2,51426,770,0.0,7717,445,50981
17,51443,770,0.0,7718,445,50998
2,51445,770,0.0,7719,445,51000
5,51450,770,0.0,7720,445,51005
4,51454,770,0.0,7721,445,51009
2,51456,770,0.0,7722,445,51011
2,51458,770,0.0,7723,445,51013
2,51460,770,0.0,7724,445,51015
2,51462,770,0.0,7725,445,51017
2,51464,770,0.0,7726,445,51019
6,51470,770,0.0,7727,445,51025
4,51474,770,0.0,7728,445,51029
2,51476,770,0.0,7729,445,51031
3,51479,770,0.0,7730,445,51034
4,51483,770,0.0,7731,445,51038
3,51486,770,0.0,7732,445,51041
2,51488,770,0.0,7733,445,51043
3,51491,770,0.0,7734,445,51046
2,51493,770,0.0,7735,445,51048
2,51495,770,0.0,7736,445,51050
11,51506,771,1.0,7737,445,51061
18,51524,771,0.0,7738,445,51079
2,51526,771,0.0,7739,445,51081
13,51539,771,0.0,7740,445,51094
3,51542,771,0.0,7741,445,51097
2,51544,771,0.0,7742,445,51099
3,51547,771,0.0,7743,445,51102
2,51549,771,0.0,7744,445,51104
2,51551,771,0.0,7745,445,51106
11,51562,771,0.0,7746,445,51117
11,51573,772,1.0,7747,445,51128
7,51580,772,0.0,7748,445,51135
3,51583,772,0.0,7749,445,51138
9,51592,772,0.0,7750,445,51147
5,51597,772,0.0,7751,445,51152
9,51606,772,0.0,7752,445,51161
2,51608,772,0.0,7753,445,51163
12,51620,772,0.0,7754,445,51175
2,51622,772,0.0,7755,445,51177
3,51625,772,0.0,7756,445,51180
5,51630,772,0.0,7757,445,51185
11,51641,773,1.0,7758,445,51196
5,51646,773,0.0,7759,445,51201
11,51657,774,1.0,7760,445,51212
5,51662,774,0.0,7761,445,51217
3,51665,774,0.0,7762,445,51220
2,51667,774,0.0,7763,445,51222
4,51671,774,0.0,7764,445,51226
11,51682,775,1.0,7765,445,51237
11,51693,776,1.0,7766,445,51248
14,51707,776,0.0,7767,445,51262
3,51710,776,0.0,7768,445,51265
11,51721,777,1.0,7769,445,51276
2,51723,777,0.0,7770,445,51278
2,51725,777,0.0,7771,445,51280
7,51732,777,0.0,7772,445,51287
3,51735,777,0.0,7773,445,51290
2,51737,777,0.0,7774,445,51292
5,51742,777,0.0,7775,445,51297
7,51749,777,0.0,7776,445,51304
8,51757,777,0.0,7777,445,51312
3,51760,777,0.0,7778,445,51315
3,51763,777,0.0,7779,445,51318
7,51770,777,0.0,7780,445,51325
3,51773,777,0.0,7781,445,51328
3,51776,777,0.0,7782,445,51331
4,51780,777,0.0,7783,445,51335
2,51782,777,0.0,7784,445,51337
5,51787,777,0.0,7785,445,51342
2,51789,777,0.0,7786,445,51344
10,51799,777,0.0,7787,445,51354
11,51810,777,0.0,7788,445,51365
18,51828,778,1.0,7789,445,51383
5,51833,778,0.0,7790,445,51388
7,51840,778,0.0,7791,445,51395
3,51843,778,0.0,7792,445,51398
2,51845,778,0.0,7793,445,51400
2,51847,778,0.0,7794,445,51402
5,51852,778,0.0,7795,445,51407
4,51856,778,0.0,7796,445,51411
2,51858,778,0.0,7797,445,51413
17,51875,778,0.0,7798,445,51430
3,51878,778,0.0,7799,445,51433
3,51881,778,0.0,7800,445,51436
5,51886,778,0.0,7801,445,51441
16,51902,778,0.0,7802,445,51457
4,51906,778,0.0,7803,445,51461
5,51911,778,0.0,7804,445,51466
14,51925,778,0.0,7805,445,51480
3,51928,778,0.0,7806,445,51483
11,51939,779,1.0,7807,445,51494
8,51947,779,0.0,7808,445,51502
3,51950,779,0.0,7809,445,51505
5,51955,779,0.0,7810,445,51510
5,51960,779,0.0,7811,445,51515
5,51965,779,0.0,7812,445,51520
4,51969,779,0.0,7813,445,51524
7,51976,779,0.0,7814,445,51531
4,51980,779,0.0,7815,445,51535
3,51983,779,0.0,7816,445,51538
2,51985,779,0.0,7817,445,51540
11,51996,780,1.0,7818,445,51551
4,52000,780,0.0,7819,445,51555
5,52005,780,0.0,7820,445,51560
7,52012,780,0.0,7821,445,51567
7,52019,780,0.0,7822,445,51574
2,52021,780,0.0,7823,445,51576
3,52024,780,0.0,7824,445,51579
5,52029,780,0.0,7825,445,51584
5,52034,780,0.0,7826,445,51589
12,52046,780,0.0,7827,445,51601
3,52049,780,0.0,7828,445,51604
5,52054,780,0.0,7829,445,51609
5,52059,780,0.0,7830,445,51614
7,52066,780,0.0,7831,445,51621
4,52070,780,0.0,7832,445,51625
11,52081,781,1.0,7833,445,51636
2,52083,781,0.0,7834,445,51638
5,52088,781,0.0,7835,445,51643
4,52092,781,0.0,7836,445,51647
2,52094,781,0.0,7837,445,51649
5,52099,781,0.0,7838,445,51654
3,52102,781,0.0,7839,445,51657
4,52106,781,0.0,7840,445,51661
4,52110,781,0.0,7841,445,51665
2,52112,781,0.0,7842,445,51667
11,52123,782,1.0,7843,445,51678
2,52125,782,0.0,7844,445,51680
11,52136,782,0.0,7845,445,51691
5,52141,782,0.0,7846,445,51696
18,52159,782,0.0,7847,445,51714
2,52161,782,0.0,7848,445,51716
7,52168,782,0.0,7849,445,51723
13,52181,782,0.0,7850,445,51736
7,52188,782,0.0,7851,445,51743
11,52199,782,0.0,7852,445,51754
5,52204,782,0.0,7853,445,51759
5,52209,782,0.0,7854,445,51764
10,52219,782,0.0,7855,445,51774
4,52223,782,0.0,7856,445,51778
11,52234,782,0.0,7857,445,51789
5,52239,782,0.0,7858,445,51794
5,52244,782,0.0,7859,445,51799
12,52256,782,0.0,7860,445,51811
2,52258,782,0.0,7861,445,51813
3,52261,782,0.0,7862,445,51816
2,52263,782,0.0,7863,445,51818
4,52267,782,0.0,7864,445,51822
3,52270,782,0.0,7865,445,51825
5,52275,782,0.0,7866,445,51830
5,52280,782,0.0,7867,445,51835
7,52287,782,0.0,7868,445,51842
4,52291,782,0.0,7869,445,51846
4,52295,782,0.0,7870,445,51850
4,52299,782,0.0,7871,445,51854
11,52310,783,1.0,7872,445,51865
9,52319,783,0.0,7873,445,51874
17,52336,783,0.0,7874,445,51891
12,52348,783,0.0,7875,445,51903
2,52350,783,0.0,7876,445,51905
18,52368,783,0.0,7877,445,51923
18,52386,783,0.0,7878,445,51941
11,52397,784,1.0,7879,445,51952
3,52400,784,0.0,7880,445,51955
12,52412,784,0.0,7881,445,51967
2,52414,784,0.0,7882,445,51969
6,52420,784,0.0,7883,445,51975
8,52428,784,0.0,7884,445,51983
3,52431,784,0.0,7885,445,51986
5,52436,784,0.0,7886,445,51991
2,52438,784,0.0,7887,445,51993
3,52441,784,0.0,7888,445,51996
3,52444,784,0.0,7889,445,51999
4,52448,784,0.0,7890,445,52003
4,52452,784,0.0,7891,445,52007
9,52461,784,0.0,7892,445,52016
11,52472,785,1.0,7893,445,52027
12,52484,785,0.0,7894,445,52039
11,52495,786,1.0,7895,445,52050
11,52506,786,0.0,7896,445,52061
3,52509,786,0.0,7897,445,52064
7,52516,786,0.0,7898,445,52071
2,52518,786,0.0,7899,445,52073
5,52523,786,0.0,7900,445,52078
13,52536,786,0.0,7901,445,52091
4,52540,786,0.0,7902,445,52095
2,52542,786,0.0,7903,445,52097
3,52545,786,0.0,7904,445,52100
2,52547,786,0.0,7905,445,52102
5,52552,786,0.0,7906,445,52107
5,52557,786,0.0,7907,445,52112
5,52562,786,0.0,7908,445,52117
5,52567,786,0.0,7909,445,52122
6,52573,786,0.0,7910,445,52128
2,52575,786,0.0,7911,445,52130
4,52579,786,0.0,7912,445,52134
12,52591,786,0.0,7913,445,52146
2,52593,786,0.0,7914,445,52148
9,52602,786,0.0,7915,445,52157
5,52607,786,0.0,7916,445,52162
19,52626,786,0.0,7917,445,52181
3,52629,786,0.0,7918,445,52184
2,52631,786,0.0,7919,445,52186
19,52650,786,0.0,7920,445,52205
3,52653,786,0.0,7921,445,52208
6,52659,786,0.0,7922,445,52214
5,52664,786,0.0,7923,445,52219
11,52675,786,0.0,7924,445,52230
5,52680,786,0.0,7925,445,52235
11,52691,787,1.0,7926,445,52246
4,52695,787,0.0,7927,445,52250
7,52702,787,0.0,7928,445,52257
4,52706,787,0.0,7929,445,52261
5,52711,787,0.0,7930,445,52266
7,52718,787,0.0,7931,445,52273
8,52726,787,0.0,7932,445,52281
5,52731,787,0.0,7933,445,52286
27,52758,787,0.0,7934,445,52313
5,52763,787,0.0,7935,445,52318
3,52766,787,0.0,7936,445,52321
2,52768,787,0.0,7937,445,52323
22,52790,787,0.0,7938,445,52345
3,52793,787,0.0,7939,445,52348
4,52797,787,0.0,7940,445,52352
3,52800,787,0.0,7941,445,52355
7,52807,787,0.0,7942,445,52362
5,52812,787,0.0,7943,445,52367
8,52820,787,0.0,7944,445,52375
10,52830,787,0.0,7945,445,52385
5,52835,787,0.0,7946,445,52390
4,52839,787,0.0,7947,445,52394
9,52848,787,0.0,7948,445,52403
3,52851,787,0.0,7949,445,52406
4,52855,787,0.0,7950,445,52410
11,52866,788,1.0,7951,445,52421
3,52869,788,0.0,7952,445,52424
2,52871,788,0.0,7953,445,52426
4,52875,788,0.0,7954,445,52430
18,52893,788,0.0,7955,445,52448
11,52904,789,1.0,7956,445,52459
2,52906,789,0.0,7957,445,52461
4,52910,789,0.0,7958,445,52465
3,52913,789,0.0,7959,445,52468
5,52918,789,0.0,7960,445,52473
11,52929,790,1.0,7961,445,52484
7,52936,790,0.0,7962,445,52491
8,52944,791,1.0,7963,445,52499
7,52951,791,0.0,7964,445,52506
9,52960,791,0.0,7965,445,52515
19,52979,791,0.0,7966,445,52534
3,52982,791,0.0,7967,445,52537
5,52987,791,0.0,7968,445,52542
14,53001,791,0.0,7969,445,52556
2,53003,791,0.0,7970,445,52558
2,53005,791,0.0,7971,445,52560
19,53024,791,0.0,7972,445,52579
2,53026,791,0.0,7973,445,52581
2,53028,791,0.0,7974,445,52583
2,53030,791,0.0,7975,445,52585
2,53032,791,0.0,7976,445,52587
2,53034,791,0.0,7977,445,52589
4,53038,791,0.0,7978,445,52593
15,53053,791,0.0,7979,445,52608
8,53061,791,0.0,7980,445,52616
3,53064,791,0.0,7981,445,52619
3,53067,791,0.0,7982,445,52622
9,53076,791,0.0,7983,445,52631
3,53079,791,0.0,7984,445,52634
5,53084,791,0.0,7985,445,52639
12,53096,791,0.0,7986,445,52651
2,53098,791,0.0,7987,445,52653
5,53103,791,0.0,7988,445,52658
3,53106,791,0.0,7989,445,52661
2,53108,791,0.0,7990,445,52663
7,53115,791,0.0,7991,445,52670
2,53117,791,0.0,7992,445,52672
4,53121,791,0.0,7993,445,52676
3,53124,791,0.0,7994,445,52679
18,53142,792,1.0,7995,445,52697
5,53147,792,0.0,7996,445,52702
3,53150,792,0.0,7997,445,52705
5,53155,792,0.0,7998,445,52710
4,53159,792,0.0,7999,445,52714
7,53166,792,0.0,8000,445,52721
4,53170,792,0.0,8001,445,52725
5,53175,792,0.0,8002,445,52730
3,53178,792,0.0,8003,445,52733
2,53180,792,0.0,8004,445,52735
4,53184,792,0.0,8005,445,52739
19,53203,792,0.0,8006,445,52758
19,53222,792,0.0,8007,445,52777
5,53227,792,0.0,8008,445,52782
9,53236,792,0.0,8009,445,52791
9,53245,792,0.0,8010,445,52800
3,53248,792,0.0,8011,445,52803
16,53264,792,0.0,8012,445,52819
3,53267,792,0.0,8013,445,52822
3,53270,792,0.0,8014,445,52825
2,53272,792,0.0,8015,445,52827
3,53275,792,0.0,8016,445,52830
2,53277,792,0.0,8017,445,52832
5,53282,792,0.0,8018,445,52837
3,53285,792,0.0,8019,445,52840
2,53287,792,0.0,8020,445,52842
9,53296,792,0.0,8021,445,52851
2,53298,792,0.0,8022,445,52853
2,53300,792,0.0,8023,445,52855
6,53306,792,0.0,8024,445,52861
2,53308,792,0.0,8025,445,52863
2,53310,792,0.0,8026,445,52865
2,53312,792,0.0,8027,445,52867
4,53316,792,0.0,8028,445,52871
3,53319,792,0.0,8029,445,52874
3,53322,792,0.0,8030,445,52877
6,53328,792,0.0,8031,445,52883
3,53331,792,0.0,8032,445,52886
16,53347,792,0.0,8033,445,52902
3,53350,792,0.0,8034,445,52905
2,53352,792,0.0,8035,445,52907
5,53357,792,0.0,8036,445,52912
2,53359,792,0.0,8037,445,52914
7,53366,792,0.0,8038,445,52921
7,53373,792,0.0,8039,445,52928
3,53376,792,0.0,8040,445,52931
2,53378,792,0.0,8041,445,52933
5,53383,792,0.0,8042,445,52938
2,53385,792,0.0,8043,445,52940
19,53404,792,0.0,8044,445,52959
2,53406,792,0.0,8045,445,52961
2,53408,792,0.0,8046,445,52963
5,53413,792,0.0,8047,445,52968
3,53416,792,0.0,8048,445,52971
5,53421,792,0.0,8049,445,52976
5,53426,792,0.0,8050,445,52981
4,53430,792,0.0,8051,445,52985
5,53435,792,0.0,8052,445,52990
5,53440,792,0.0,8053,445,52995
11,53451,793,1.0,8054,445,53006
4,53455,793,0.0,8055,445,53010
10,53465,793,0.0,8056,445,53020
5,53470,793,0.0,8057,445,53025
2,53472,793,0.0,8058,445,53027
2,53474,793,0.0,8059,445,53029
3,53477,793,0.0,8060,445,53032
2,53479,793,0.0,8061,445,53034
2,53481,793,0.0,8062,445,53036
20,53501,793,0.0,8063,445,53056
2,53503,793,0.0,8064,445,53058
5,53508,793,0.0,8065,445,53063
3,53511,793,0.0,8066,445,53066
2,53513,793,0.0,8067,445,53068
27,53540,793,0.0,8068,445,53095
19,53559,793,0.0,8069,445,53114
5,53564,793,0.0,8070,445,53119
3,53567,793,0.0,8071,445,53122
6,53573,793,0.0,8072,445,53128
3,53576,793,0.0,8073,445,53131
4,53580,793,0.0,8074,445,53135
3,53583,793,0.0,8075,445,53138
2,53585,793,0.0,8076,445,53140
20,53605,793,0.0,8077,445,53160
9,53614,793,0.0,8078,445,53169
19,53633,793,0.0,8079,445,53188
2,53635,793,0.0,8080,445,53190
20,53655,793,0.0,8081,445,53210
15,53670,793,0.0,8082,445,53225
6,53676,793,0.0,8083,445,53231
2,53678,793,0.0,8084,445,53233
2,53680,793,0.0,8085,445,53235
20,53700,793,0.0,8086,445,53255
19,53719,793,0.0,8087,445,53274
5,53724,793,0.0,8088,445,53279
6,53730,793,0.0,8089,445,53285
10,53740,793,0.0,8090,445,53295
2,53742,793,0.0,8091,445,53297
3,53745,793,0.0,8092,445,53300
3,53748,793,0.0,8093,445,53303
2,53750,793,0.0,8094,445,53305
16,53766,793,0.0,8095,445,53321
5,53771,793,0.0,8096,445,53326
3,53774,793,0.0,8097,445,53329
6,53780,793,0.0,8098,445,53335
6,53786,793,0.0,8099,445,53341
3,53789,793,0.0,8100,445,53344
3,53792,793,0.0,8101,445,53347
5,53797,793,0.0,8102,445,53352
2,53799,793,0.0,8103,445,53354
2,53801,793,0.0,8104,445,53356
11,53812,793,0.0,8105,445,53367
19,53831,793,0.0,8106,445,53386
5,53836,793,0.0,8107,445,53391
2,53838,793,0.0,8108,445,53393
18,53856,794,1.0,8109,445,53411
5,53861,794,0.0,8110,445,53416
5,53866,794,0.0,8111,445,53421
3,53869,794,0.0,8112,445,53424
4,53873,794,0.0,8113,445,53428
2,53875,794,0.0,8114,445,53430
2,53877,794,0.0,8115,445,53432
7,53884,794,0.0,8116,445,53439
3,53887,794,0.0,8117,445,53442
2,53889,794,0.0,8118,445,53444
4,53893,794,0.0,8119,445,53448
6,53899,794,0.0,8120,445,53454
2,53901,794,0.0,8121,445,53456
6,53907,794,0.0,8122,445,53462
11,53918,795,1.0,8123,445,53473
17,53935,795,0.0,8124,445,53490
2,53937,795,0.0,8125,445,53492
3,53940,795,0.0,8126,445,53495
2,53942,795,0.0,8127,445,53497
2,53944,795,0.0,8128,445,53499
2,53946,795,0.0,8129,445,53501
6,53952,795,0.0,8130,445,53507
11,53963,796,1.0,8131,445,53518
2,53965,796,0.0,8132,445,53520
2,53967,796,0.0,8133,445,53522
3,53970,796,0.0,8134,445,53525
13,53983,796,0.0,8135,445,53538
19,54002,796,0.0,8136,445,53557
2,54004,796,0.0,8137,445,53559
2,54006,796,0.0,8138,445,53561
11,54017,797,1.0,8139,445,53572
3,54020,797,0.0,8140,445,53575
11,54031,798,1.0,8141,445,53586
2,54033,798,0.0,8142,445,53588
2,54035,798,0.0,8143,445,53590
5,54040,798,0.0,8144,445,53595
2,54042,798,0.0,8145,445,53597
2,54044,798,0.0,8146,445,53599
14,54058,798,0.0,8147,445,53613
14,54072,798,0.0,8148,445,53627
11,54083,799,1.0,8149,445,53638
11,54094,799,0.0,8150,445,53649
4,54098,799,0.0,8151,445,53653
2,54100,799,0.0,8152,445,53655
3,54103,799,0.0,8153,445,53658
3,54106,799,0.0,8154,445,53661
5,54111,799,0.0,8155,445,53666
2,54113,799,0.0,8156,445,53668
2,54115,799,0.0,8157,445,53670
4,54119,799,0.0,8158,445,53674
11,54130,800,1.0,8159,445,53685
3,54133,800,0.0,8160,445,53688
5,54138,800,0.0,8161,445,53693
8,54146,800,0.0,8162,445,53701
5,54151,800,0.0,8163,445,53706
2,54153,800,0.0,8164,445,53708
6,54159,800,0.0,8165,445,53714
2,54161,800,0.0,8166,445,53716
2,54163,800,0.0,8167,445,53718
5,54168,800,0.0,8168,445,53723
2,54170,800,0.0,8169,445,53725
3,54173,800,0.0,8170,445,53728
4,54177,800,0.0,8171,445,53732
2,54179,800,0.0,8172,445,53734
2,54181,800,0.0,8173,445,53736
4,54185,800,0.0,8174,445,53740
11,54196,801,1.0,8175,445,53751
2,54198,801,0.0,8176,445,53753
5,54203,801,0.0,8177,445,53758
5,54208,801,0.0,8178,445,53763
2,54210,801,0.0,8179,445,53765
2,54212,801,0.0,8180,445,53767
2,54214,801,0.0,8181,445,53769
14,54228,801,0.0,8182,445,53783
2,54230,801,0.0,8183,445,53785
3,54233,801,0.0,8184,445,53788
2,54235,801,0.0,8185,445,53790
16,54251,801,0.0,8186,445,53806
2,54253,801,0.0,8187,445,53808
3,54256,801,0.0,8188,445,53811
4,54260,801,0.0,8189,445,53815
3,54263,801,0.0,8190,445,53818
2,54265,801,0.0,8191,445,53820
12,54277,801,0.0,8192,445,53832
3,54280,801,0.0,8193,445,53835
12,54292,801,0.0,8194,445,53847
2,54294,801,0.0,8195,445,53849
19,54313,801,0.0,8196,445,53868
6,54319,801,0.0,8197,445,53874
7,54326,801,0.0,8198,445,53881
9,54335,801,0.0,8199,445,53890
2,54337,801,0.0,8200,445,53892
2,54339,801,0.0,8201,445,53894
3,54342,801,0.0,8202,445,53897
2,54344,801,0.0,8203,445,53899
2,54346,801,0.0,8204,445,53901
2,54348,801,0.0,8205,445,53903
3,54351,801,0.0,8206,445,53906
2,54353,801,0.0,8207,445,53908
6,54359,801,0.0,8208,445,53914
2,54361,801,0.0,8209,445,53916
7,54368,801,0.0,8210,445,53923
6,54374,801,0.0,8211,445,53929
2,54376,801,0.0,8212,445,53931
9,54385,801,0.0,8213,445,53940
2,54387,801,0.0,8214,445,53942
3,54390,801,0.0,8215,445,53945
13,54403,801,0.0,8216,445,53958
3,54406,801,0.0,8217,445,53961
10,54416,801,0.0,8218,445,53971
11,54427,802,1.0,8219,445,53982
13,54440,802,0.0,8220,445,53995
2,54442,802,0.0,8221,445,53997
3,54445,802,0.0,8222,445,54000
2,54447,802,0.0,8223,445,54002
2,54449,802,0.0,8224,445,54004
7,54456,802,0.0,8225,445,54011
4,54460,802,0.0,8226,445,54015
2,54462,802,0.0,8227,445,54017
2,54464,802,0.0,8228,445,54019
2,54466,802,0.0,8229,445,54021
8,54474,802,0.0,8230,445,54029
5,54479,802,0.0,8231,445,54034
11,54490,803,1.0,8232,445,54045
2,54492,803,0.0,8233,445,54047
11,54503,803,0.0,8234,445,54058
7,54510,803,0.0,8235,445,54065
4,54514,803,0.0,8236,445,54069
12,54526,803,0.0,8237,445,54081
19,54545,803,0.0,8238,445,54100
7,54552,803,0.0,8239,445,54107
2,54554,803,0.0,8240,445,54109
11,54565,804,1.0,8241,445,54120
11,54576,805,1.0,8242,445,54131
3,54579,805,0.0,8243,445,54134
3,54582,805,0.0,8244,445,54137
11,54593,805,0.0,8245,445,54148
3,54596,805,0.0,8246,445,54151
3,54599,805,0.0,8247,445,54154
11,54610,805,0.0,8248,445,54165
11,54621,806,1.0,8249,445,54176
5,54626,806,0.0,8250,445,54181
2,54628,806,0.0,8251,445,54183
2,54630,806,0.0,8252,445,54185
15,54645,806,0.0,8253,445,54200
5,54650,806,0.0,8254,445,54205
5,54655,806,0.0,8255,445,54210
3,54658,806,0.0,8256,445,54213
5,54663,806,0.0,8257,445,54218
3,54666,806,0.0,8258,445,54221
2,54668,806,0.0,8259,445,54223
5,54673,806,0.0,8260,445,54228
2,54675,806,0.0,8261,445,54230
2,54677,806,0.0,8262,445,54232
24,54701,806,0.0,8263,445,54256
3,54704,806,0.0,8264,445,54259
2,54706,806,0.0,8265,445,54261
2,54708,806,0.0,8266,445,54263
2,54710,806,0.0,8267,445,54265
17,54727,806,0.0,8268,445,54282
23,54750,806,0.0,8269,445,54305
2,54752,806,0.0,8270,445,54307
19,54771,806,0.0,8271,445,54326
3,54774,806,0.0,8272,445,54329
11,54785,807,1.0,8273,445,54340
26,54811,807,0.0,8274,445,54366
4,54815,807,0.0,8275,445,54370
5,54820,807,0.0,8276,445,54375
4,54824,807,0.0,8277,445,54379
19,54843,807,0.0,8278,445,54398
21,54864,807,0.0,8279,445,54419
6,54870,807,0.0,8280,445,54425
3,54873,807,0.0,8281,445,54428
6,54879,807,0.0,8282,445,54434
18,54897,807,0.0,8283,445,54452
3,54900,807,0.0,8284,445,54455
4,54904,807,0.0,8285,445,54459
14,54918,807,0.0,8286,445,54473
3,54921,807,0.0,8287,445,54476
13,54934,807,0.0,8288,445,54489
3,54937,807,0.0,8289,445,54492
7,54944,807,0.0,8290,445,54499
2,54946,807,0.0,8291,445,54501
17,54963,807,0.0,8292,445,54518
4,54967,807,0.0,8293,445,54522
2,54969,807,0.0,8294,445,54524
3,54972,807,0.0,8295,445,54527
11,54983,807,0.0,8296,445,54538
3,54986,807,0.0,8297,445,54541
5,54991,807,0.0,8298,445,54546
10,55001,807,0.0,8299,445,54556
6,55007,807,0.0,8300,445,54562
5,55012,807,0.0,8301,445,54567
11,55023,808,1.0,8302,445,54578
6,55029,808,0.0,8303,445,54584
2,55031,808,0.0,8304,445,54586
5,55036,808,0.0,8305,445,54591
5,55041,808,0.0,8306,445,54596
3,55044,808,0.0,8307,445,54599
2,55046,808,0.0,8308,445,54601
11,55057,809,1.0,8309,445,54612
3,55060,809,0.0,8310,445,54615
3,55063,809,0.0,8311,445,54618
11,55074,809,0.0,8312,445,54629
2,55076,809,0.0,8313,445,54631
4,55080,809,0.0,8314,445,54635
9,55089,809,0.0,8315,445,54644
7,55096,809,0.0,8316,445,54651
5,55101,809,0.0,8317,445,54656
4,55105,809,0.0,8318,445,54660
5,55110,809,0.0,8319,445,54665
6,55116,809,0.0,8320,445,54671
20,55136,809,0.0,8321,445,54691
2,55138,809,0.0,8322,445,54693
2,55140,809,0.0,8323,445,54695
16,55156,809,0.0,8324,445,54711
2,55158,809,0.0,8325,445,54713
3,55161,809,0.0,8326,445,54716
2,55163,809,0.0,8327,445,54718
3,55166,809,0.0,8328,445,54721
2,55168,809,0.0,8329,445,54723
2,55170,809,0.0,8330,445,54725
3,55173,809,0.0,8331,445,54728
3,55176,809,0.0,8332,445,54731
2,55178,809,0.0,8333,445,54733
2,55180,809,0.0,8334,445,54735
6,55186,809,0.0,8335,445,54741
3,55189,809,0.0,8336,445,54744
4,55193,809,0.0,8337,445,54748
7,55200,809,0.0,8338,445,54755
2,55202,809,0.0,8339,445,54757
3,55205,809,0.0,8340,445,54760
3,55208,809,0.0,8341,445,54763
2,55210,809,0.0,8342,445,54765
2,55212,809,0.0,8343,445,54767
15,55227,809,0.0,8344,445,54782
29,55256,809,0.0,8345,445,54811
2,55258,809,0.0,8346,445,54813
2,55260,809,0.0,8347,445,54815
5,55265,809,0.0,8348,445,54820
2,55267,809,0.0,8349,445,54822
3,55270,809,0.0,8350,445,54825
2,55272,809,0.0,8351,445,54827
11,55283,809,0.0,8352,445,54838
6,55289,809,0.0,8353,445,54844
2,55291,809,0.0,8354,445,54846
19,55310,809,0.0,8355,445,54865
5,55315,809,0.0,8356,445,54870
2,55317,809,0.0,8357,445,54872
10,55327,809,0.0,8358,445,54882
18,55345,809,0.0,8359,445,54900
2,55347,809,0.0,8360,445,54902
2,55349,809,0.0,8361,445,54904
3,55352,809,0.0,8362,445,54907
3,55355,809,0.0,8363,445,54910
5,55360,809,0.0,8364,445,54915
2,55362,809,0.0,8365,445,54917
13,55375,809,0.0,8366,445,54930
20,55395,809,0.0,8367,445,54950
5,55400,809,0.0,8368,445,54955
3,55403,809,0.0,8369,445,54958
2,55405,809,0.0,8370,445,54960
8,55413,809,0.0,8371,445,54968
11,55424,809,0.0,8372,445,54979
2,55426,809,0.0,8373,445,54981
2,55428,809,0.0,8374,445,54983
5,55433,809,0.0,8375,445,54988
13,55446,810,1.0,8376,445,55001
3,55449,810,0.0,8377,445,55004
4,55453,810,0.0,8378,445,55008
3,55456,810,0.0,8379,445,55011
8,55464,811,1.0,8380,445,55019
3,55467,811,0.0,8381,445,55022
5,55472,811,0.0,8382,445,55027
12,55484,811,0.0,8383,445,55039
3,55487,811,0.0,8384,445,55042
2,55489,811,0.0,8385,445,55044
19,55508,811,0.0,8386,445,55063
5,55513,811,0.0,8387,445,55068
2,55515,811,0.0,8388,445,55070
2,55517,811,0.0,8389,445,55072
3,55520,811,0.0,8390,445,55075
7,55527,811,0.0,8391,445,55082
11,55538,812,1.0,8392,445,55093
11,55549,812,0.0,8393,445,55104
5,55554,812,0.0,8394,445,55109
3,55557,812,0.0,8395,445,55112
9,55566,812,0.0,8396,445,55121
3,55569,812,0.0,8397,445,55124
7,55576,812,0.0,8398,445,55131
4,55580,812,0.0,8399,445,55135
5,55585,812,0.0,8400,445,55140
2,55587,812,0.0,8401,445,55142
2,55589,812,0.0,8402,445,55144
2,55591,812,0.0,8403,445,55146
5,55596,812,0.0,8404,445,55151
3,55599,812,0.0,8405,445,55154
5,55604,812,0.0,8406,445,55159
2,55606,812,0.0,8407,445,55161
2,55608,812,0.0,8408,445,55163
2,55610,812,0.0,8409,445,55165
2,55612,812,0.0,8410,445,55167
2,55614,812,0.0,8411,445,55169
4,55618,812,0.0,8412,445,55173
4,55622,812,0.0,8413,445,55177
3,55625,812,0.0,8414,445,55180
18,55643,812,0.0,8415,445,55198
5,55648,812,0.0,8416,445,55203
3,55651,812,0.0,8417,445,55206
3,55654,812,0.0,8418,445,55209
14,55668,812,0.0,8419,445,55223
9,55677,812,0.0,8420,445,55232
19,55696,812,0.0,8421,445,55251
3,55699,812,0.0,8422,445,55254
8,55707,813,1.0,8423,445,55262
3,55710,813,0.0,8424,445,55265
18,55728,813,0.0,8425,445,55283
3,55731,813,0.0,8426,445,55286
2,55733,813,0.0,8427,445,55288
19,55752,813,0.0,8428,445,55307
11,55763,814,1.0,8429,445,55318
13,55776,814,0.0,8430,445,55331
5,55781,814,0.0,8431,445,55336
4,55785,814,0.0,8432,445,55340
2,55787,814,0.0,8433,445,55342
2,55789,814,0.0,8434,445,55344
3,55792,814,0.0,8435,445,55347
5,55797,814,0.0,8436,445,55352
4,55801,814,0.0,8437,445,55356
3,55804,814,0.0,8438,445,55359
16,55820,814,0.0,8439,445,55375
2,55822,814,0.0,8440,445,55377
2,55824,814,0.0,8441,445,55379
4,55828,814,0.0,8442,445,55383
16,55844,814,0.0,8443,445,55399
2,55846,814,0.0,8444,445,55401
8,55854,814,0.0,8445,445,55409
2,55856,814,0.0,8446,445,55411
4,55860,814,0.0,8447,445,55415
2,55862,814,0.0,8448,445,55417
12,55874,814,0.0,8449,445,55429
2,55876,814,0.0,8450,445,55431
3,55879,814,0.0,8451,445,55434
3,55882,814,0.0,8452,445,55437
2,55884,814,0.0,8453,445,55439
9,55893,814,0.0,8454,445,55448
2,55895,814,0.0,8455,445,55450
3,55898,814,0.0,8456,445,55453
5,55903,814,0.0,8457,445,55458
2,55905,814,0.0,8458,445,55460
2,55907,814,0.0,8459,445,55462
5,55912,814,0.0,8460,445,55467
2,55914,814,0.0,8461,445,55469
12,55926,814,0.0,8462,445,55481
2,55928,814,0.0,8463,445,55483
2,55930,814,0.0,8464,445,55485
2,55932,814,0.0,8465,445,55487
2,55934,814,0.0,8466,445,55489
2,55936,814,0.0,8467,445,55491
2,55938,814,0.0,8468,445,55493
4,55942,814,0.0,8469,445,55497
3,55945,814,0.0,8470,445,55500
5,55950,814,0.0,8471,445,55505
8,55958,814,0.0,8472,445,55513
2,55960,814,0.0,8473,445,55515
10,55970,814,0.0,8474,445,55525
12,55982,814,0.0,8475,445,55537
3,55985,814,0.0,8476,445,55540
3,55988,814,0.0,8477,445,55543
2,55990,814,0.0,8478,445,55545
3,55993,814,0.0,8479,445,55548
2,55995,814,0.0,8480,445,55550
3,55998,814,0.0,8481,445,55553
2,56000,814,0.0,8482,445,55555
10,56010,814,0.0,8483,445,55565
5,56015,814,0.0,8484,445,55570
2,56017,814,0.0,8485,445,55572
5,56022,814,0.0,8486,445,55577
4,56026,814,0.0,8487,445,55581
2,56028,814,0.0,8488,445,55583
23,56051,814,0.0,8489,445,55606
3,56054,814,0.0,8490,445,55609
3,56057,814,0.0,8491,445,55612
2,56059,814,0.0,8492,445,55614
3,56062,814,0.0,8493,445,55617
10,56072,814,0.0,8494,445,55627
3,56075,814,0.0,8495,445,55630
18,56093,815,1.0,8496,445,55648
2,56095,815,0.0,8497,445,55650
3,56098,815,0.0,8498,445,55653
3,56101,815,0.0,8499,445,55656
3,56104,815,0.0,8500,445,55659
6,56110,815,0.0,8501,445,55665
2,56112,815,0.0,8502,445,55667
2,56114,815,0.0,8503,445,55669
6,56120,815,0.0,8504,445,55675
5,56125,815,0.0,8505,445,55680
2,56127,815,0.0,8506,445,55682
2,56129,815,0.0,8507,445,55684
6,56135,815,0.0,8508,445,55690
3,56138,815,0.0,8509,445,55693
4,56142,815,0.0,8510,445,55697
7,56149,815,0.0,8511,445,55704
2,56151,815,0.0,8512,445,55706
8,56159,815,0.0,8513,445,55714
2,56161,815,0.0,8514,445,55716
13,56174,815,0.0,8515,445,55729
3,56177,815,0.0,8516,445,55732
3,56180,815,0.0,8517,445,55735
6,56186,815,0.0,8518,445,55741
3,56189,815,0.0,8519,445,55744
25,56214,815,0.0,8520,445,55769
2,56216,815,0.0,8521,445,55771
2,56218,815,0.0,8522,445,55773
3,56221,815,0.0,8523,445,55776
3,56224,815,0.0,8524,445,55779
6,56230,815,0.0,8525,445,55785
21,56251,815,0.0,8526,445,55806
3,56254,815,0.0,8527,445,55809
5,56259,815,0.0,8528,445,55814
4,56263,815,0.0,8529,445,55818
13,56276,815,0.0,8530,445,55831
2,56278,815,0.0,8531,445,55833
2,56280,815,0.0,8532,445,55835
6,56286,815,0.0,8533,445,55841
3,56289,815,0.0,8534,445,55844
5,56294,815,0.0,8535,445,55849
2,56296,815,0.0,8536,445,55851
3,56299,815,0.0,8537,445,55854
3,56302,815,0.0,8538,445,55857
5,56307,815,0.0,8539,445,55862
5,56312,815,0.0,8540,445,55867
2,56314,815,0.0,8541,445,55869
3,56317,815,0.0,8542,445,55872
18,56335,816,1.0,8543,445,55890
6,56341,816,0.0,8544,445,55896
6,56347,816,0.0,8545,445,55902
2,56349,816,0.0,8546,445,55904
6,56355,816,0.0,8547,445,55910
3,56358,816,0.0,8548,445,55913
2,56360,816,0.0,8549,445,55915
5,56365,816,0.0,8550,445,55920
3,56368,816,0.0,8551,445,55923
3,56371,816,0.0,8552,445,55926
3,56374,816,0.0,8553,445,55929
3,56377,816,0.0,8554,445,55932
5,56382,816,0.0,8555,445,55937
2,56384,816,0.0,8556,445,55939
3,56387,816,0.0,8557,445,55942
2,56389,816,0.0,8558,445,55944
3,56392,816,0.0,8559,445,55947
4,56396,816,0.0,8560,445,55951
11,56407,817,1.0,8561,445,55962
5,56412,817,0.0,8562,445,55967
5,56417,817,0.0,8563,445,55972
3,56420,817,0.0,8564,445,55975
18,56438,817,0.0,8565,445,55993
18,56456,818,1.0,8566,445,56011
11,56467,818,0.0,8567,445,56022
4,56471,818,0.0,8568,445,56026
4,56475,818,0.0,8569,445,56030
3,56478,818,0.0,8570,445,56033
2,56480,818,0.0,8571,445,56035
4,56484,818,0.0,8572,445,56039
5,56489,818,0.0,8573,445,56044
2,56491,818,0.0,8574,445,56046
5,56496,818,0.0,8575,445,56051
4,56500,818,0.0,8576,445,56055
2,56502,818,0.0,8577,445,56057
15,56517,818,0.0,8578,445,56072
5,56522,818,0.0,8579,445,56077
2,56524,818,0.0,8580,445,56079
2,56526,818,0.0,8581,445,56081
3,56529,818,0.0,8582,445,56084
3,56532,818,0.0,8583,445,56087
15,56547,818,0.0,8584,445,56102
18,56565,819,1.0,8585,445,56120
3,56568,819,0.0,8586,445,56123
2,56570,819,0.0,8587,445,56125
12,56582,819,0.0,8588,445,56137
3,56585,819,0.0,8589,445,56140
5,56590,819,0.0,8590,445,56145
2,56592,819,0.0,8591,445,56147
5,56597,819,0.0,8592,445,56152
2,56599,819,0.0,8593,445,56154
3,56602,819,0.0,8594,445,56157
4,56606,819,0.0,8595,445,56161
4,56610,819,0.0,8596,445,56165
2,56612,819,0.0,8597,445,56167
18,56630,820,1.0,8598,445,56185
3,56633,820,0.0,8599,445,56188
2,56635,820,0.0,8600,445,56190
19,56654,820,0.0,8601,445,56209
2,56656,820,0.0,8602,445,56211
24,56680,820,0.0,8603,445,56235
18,56698,820,0.0,8604,445,56253
2,56700,820,0.0,8605,445,56255
2,56702,820,0.0,8606,445,56257
11,56713,820,0.0,8607,445,56268
3,56716,820,0.0,8608,445,56271
4,56720,820,0.0,8609,445,56275
2,56722,820,0.0,8610,445,56277
2,56724,820,0.0,8611,445,56279
7,56731,820,0.0,8612,445,56286
3,56734,820,0.0,8613,445,56289
18,56752,821,1.0,8614,445,56307
2,56754,821,0.0,8615,445,56309
2,56756,821,0.0,8616,445,56311
2,56758,821,0.0,8617,445,56313
5,56763,821,0.0,8618,445,56318
3,56766,821,0.0,8619,445,56321
5,56771,821,0.0,8620,445,56326
8,56779,821,0.0,8621,445,56334
2,56781,821,0.0,8622,445,56336
3,56784,821,0.0,8623,445,56339
4,56788,821,0.0,8624,445,56343
3,56791,821,0.0,8625,445,56346
9,56800,821,0.0,8626,445,56355
14,56814,821,0.0,8627,445,56369
3,56817,821,0.0,8628,445,56372
5,56822,821,0.0,8629,445,56377
8,56830,821,0.0,8630,445,56385
18,56848,822,1.0,8631,445,56403
3,56851,822,0.0,8632,445,56406
3,56854,822,0.0,8633,445,56409
2,56856,822,0.0,8634,445,56411
10,56866,822,0.0,8635,445,56421
3,56869,822,0.0,8636,445,56424
2,56871,822,0.0,8637,445,56426
2,56873,822,0.0,8638,445,56428
16,56889,822,0.0,8639,445,56444
3,56892,822,0.0,8640,445,56447
2,56894,822,0.0,8641,445,56449
19,56913,822,0.0,8642,445,56468
2,56915,822,0.0,8643,445,56470
5,56920,822,0.0,8644,445,56475
9,56929,822,0.0,8645,445,56484
2,56931,822,0.0,8646,445,56486
11,56942,823,1.0,8647,445,56497
2,56944,823,0.0,8648,445,56499
9,56953,823,0.0,8649,445,56508
5,56958,823,0.0,8650,445,56513
2,56960,823,0.0,8651,445,56515
3,56963,823,0.0,8652,445,56518
5,56968,823,0.0,8653,445,56523
3,56971,823,0.0,8654,445,56526
8,56979,823,0.0,8655,445,56534
12,56991,823,0.0,8656,445,56546
4,56995,823,0.0,8657,445,56550
2,56997,823,0.0,8658,445,56552
17,57014,823,0.0,8659,445,56569
2,57016,823,0.0,8660,445,56571
2,57018,823,0.0,8661,445,56573
2,57020,823,0.0,8662,445,56575
5,57025,823,0.0,8663,445,56580
8,57033,823,0.0,8664,445,56588
3,57036,823,0.0,8665,445,56591
3,57039,823,0.0,8666,445,56594
2,57041,823,0.0,8667,445,56596
3,57044,823,0.0,8668,445,56599
3,57047,823,0.0,8669,445,56602
6,57053,823,0.0,8670,445,56608
2,57055,823,0.0,8671,445,56610
6,57061,823,0.0,8672,445,56616
5,57066,823,0.0,8673,445,56621
2,57068,823,0.0,8674,445,56623
11,57079,824,1.0,8675,445,56634
3,57082,824,0.0,8676,445,56637
4,57086,824,0.0,8677,445,56641
2,57088,824,0.0,8678,445,56643
2,57090,824,0.0,8679,445,56645
3,57093,824,0.0,8680,445,56648
2,57095,824,0.0,8681,445,56650
18,57113,825,1.0,8682,445,56668
10,57123,825,0.0,8683,445,56678
2,57125,825,0.0,8684,445,56680
3,57128,825,0.0,8685,445,56683
3,57131,825,0.0,8686,445,56686
2,57133,825,0.0,8687,445,56688
13,57146,825,0.0,8688,445,56701
10,57156,825,0.0,8689,445,56711
4,57160,825,0.0,8690,445,56715
2,57162,825,0.0,8691,445,56717
6,57168,825,0.0,8692,445,56723
18,57186,826,1.0,8693,445,56741
3,57189,826,0.0,8694,445,56744
2,57191,826,0.0,8695,445,56746
3,57194,826,0.0,8696,445,56749
5,57199,826,0.0,8697,445,56754
5,57204,826,0.0,8698,445,56759
5,57209,826,0.0,8699,445,56764
6,57215,826,0.0,8700,445,56770
5,57220,826,0.0,8701,445,56775
3,57223,826,0.0,8702,445,56778
3,57226,826,0.0,8703,445,56781
2,57228,826,0.0,8704,445,56783
3,57231,826,0.0,8705,445,56786
19,57250,826,0.0,8706,445,56805
5,57255,826,0.0,8707,445,56810
3,57258,826,0.0,8708,445,56813
5,57263,826,0.0,8709,445,56818
6,57269,826,0.0,8710,445,56824
16,57285,826,0.0,8711,445,56840
5,57290,826,0.0,8712,445,56845
3,57293,826,0.0,8713,445,56848
3,57296,826,0.0,8714,445,56851
5,57301,826,0.0,8715,445,56856
4,57305,826,0.0,8716,445,56860
4,57309,826,0.0,8717,445,56864
9,57318,826,0.0,8718,445,56873
5,57323,826,0.0,8719,445,56878
2,57325,826,0.0,8720,445,56880
3,57328,826,0.0,8721,445,56883
3,57331,826,0.0,8722,445,56886
2,57333,826,0.0,8723,445,56888
8,57341,826,0.0,8724,445,56896
3,57344,826,0.0,8725,445,56899
2,57346,826,0.0,8726,445,56901
23,57369,826,0.0,8727,445,56924
3,57372,826,0.0,8728,445,56927
3,57375,826,0.0,8729,445,56930
3,57378,826,0.0,8730,445,56933
2,57380,826,0.0,8731,445,56935
2,57382,826,0.0,8732,445,56937
3,57385,826,0.0,8733,445,56940
5,57390,826,0.0,8734,445,56945
2,57392,826,0.0,8735,445,56947
2,57394,826,0.0,8736,445,56949
5,57399,826,0.0,8737,445,56954
8,57407,826,0.0,8738,445,56962
3,57410,826,0.0,8739,445,56965
2,57412,826,0.0,8740,445,56967
11,57423,827,1.0,8741,445,56978
5,57428,827,0.0,8742,445,56983
3,57431,827,0.0,8743,445,56986
4,57435,827,0.0,8744,445,56990
3,57438,827,0.0,8745,445,56993
4,57442,827,0.0,8746,445,56997
6,57448,827,0.0,8747,445,57003
4,57452,827,0.0,8748,445,57007
4,57456,827,0.0,8749,445,57011
4,57460,827,0.0,8750,445,57015
3,57463,827,0.0,8751,445,57018
18,57481,828,1.0,8752,445,57036
3,57484,828,0.0,8753,445,57039
5,57489,828,0.0,8754,445,57044
6,57495,828,0.0,8755,445,57050
6,57501,828,0.0,8756,445,57056
3,57504,828,0.0,8757,445,57059
3,57507,828,0.0,8758,445,57062
9,57516,828,0.0,8759,445,57071
5,57521,828,0.0,8760,445,57076
5,57526,828,0.0,8761,445,57081
6,57532,828,0.0,8762,445,57087
3,57535,828,0.0,8763,445,57090
5,57540,828,0.0,8764,445,57095
7,57547,828,0.0,8765,445,57102
2,57549,828,0.0,8766,445,57104
3,57552,828,0.0,8767,445,57107
3,57555,828,0.0,8768,445,57110
5,57560,828,0.0,8769,445,57115
6,57566,828,0.0,8770,445,57121
5,57571,828,0.0,8771,445,57126
4,57575,828,0.0,8772,445,57130
9,57584,828,0.0,8773,445,57139
11,57595,829,1.0,8774,445,57150
13,57608,830,1.0,8775,445,57163
6,57614,830,0.0,8776,445,57169
3,57617,830,0.0,8777,445,57172
3,57620,830,0.0,8778,445,57175
11,57631,831,1.0,8779,445,57186
4,57635,831,0.0,8780,445,57190
5,57640,831,0.0,8781,445,57195
5,57645,831,0.0,8782,445,57200
2,57647,831,0.0,8783,445,57202
15,57662,831,0.0,8784,445,57217
7,57669,831,0.0,8785,445,57224
4,57673,831,0.0,8786,445,57228
5,57678,831,0.0,8787,445,57233
3,57681,831,0.0,8788,445,57236
3,57684,831,0.0,8789,445,57239
19,57703,831,0.0,8790,445,57258
3,57706,831,0.0,8791,445,57261
15,57721,831,0.0,8792,445,57276
3,57724,831,0.0,8793,445,57279
3,57727,831,0.0,8794,445,57282
8,57735,831,0.0,8795,445,57290
2,57737,831,0.0,8796,445,57292
3,57740,831,0.0,8797,445,57295
7,57747,831,0.0,8798,445,57302
5,57752,831,0.0,8799,445,57307
2,57754,831,0.0,8800,445,57309
2,57756,831,0.0,8801,445,57311
2,57758,831,0.0,8802,445,57313
13,57771,831,0.0,8803,445,57326
5,57776,831,0.0,8804,445,57331
5,57781,831,0.0,8805,445,57336
2,57783,831,0.0,8806,445,57338
4,57787,831,0.0,8807,445,57342
4,57791,831,0.0,8808,445,57346
4,57795,831,0.0,8809,445,57350
3,57798,831,0.0,8810,445,57353
3,57801,831,0.0,8811,445,57356
18,57819,832,1.0,8812,445,57374
5,57824,832,0.0,8813,445,57379
6,57830,832,0.0,8814,445,57385
4,57834,832,0.0,8815,445,57389
3,57837,832,0.0,8816,445,57392
5,57842,832,0.0,8817,445,57397
2,57844,832,0.0,8818,445,57399
5,57849,832,0.0,8819,445,57404
3,57852,832,0.0,8820,445,57407
2,57854,832,0.0,8821,445,57409
4,57858,832,0.0,8822,445,57413
4,57862,832,0.0,8823,445,57417
11,57873,832,0.0,8824,445,57428
3,57876,832,0.0,8825,445,57431
14,57890,832,0.0,8826,445,57445
5,57895,832,0.0,8827,445,57450
4,57899,832,0.0,8828,445,57454
3,57902,832,0.0,8829,445,57457
5,57907,832,0.0,8830,445,57462
8,57915,832,0.0,8831,445,57470
13,57928,832,0.0,8832,445,57483
6,57934,832,0.0,8833,445,57489
13,57947,832,0.0,8834,445,57502
13,57960,832,0.0,8835,445,57515
3,57963,832,0.0,8836,445,57518
4,57967,832,0.0,8837,445,57522
11,57978,833,1.0,8838,445,57533
6,57984,833,0.0,8839,445,57539
5,57989,833,0.0,8840,445,57544
11,58000,833,0.0,8841,445,57555
4,58004,833,0.0,8842,445,57559
3,58007,833,0.0,8843,445,57562
6,58013,833,0.0,8844,445,57568
7,58020,833,0.0,8845,445,57575
5,58025,833,0.0,8846,445,57580
18,58043,834,1.0,8847,445,57598
11,58054,834,0.0,8848,445,57609
6,58060,834,0.0,8849,445,57615
3,58063,834,0.0,8850,445,57618
7,58070,834,0.0,8851,445,57625
5,58075,834,0.0,8852,445,57630
19,58094,834,0.0,8853,445,57649
11,58105,835,1.0,8854,445,57660
2,58107,835,0.0,8855,445,57662
6,58113,835,0.0,8856,445,57668
10,58123,835,0.0,8857,445,57678
8,58131,835,0.0,8858,445,57686
6,58137,835,0.0,8859,445,57692
19,58156,835,0.0,8860,445,57711
7,58163,835,0.0,8861,445,57718
6,58169,835,0.0,8862,445,57724
3,58172,835,0.0,8863,445,57727
13,58185,835,0.0,8864,445,57740
11,58196,835,0.0,8865,445,57751
5,58201,835,0.0,8866,445,57756
5,58206,835,0.0,8867,445,57761
3,58209,835,0.0,8868,445,57764
4,58213,835,0.0,8869,445,57768
5,58218,835,0.0,8870,445,57773
4,58222,835,0.0,8871,445,57777
6,58228,835,0.0,8872,445,57783
3,58231,835,0.0,8873,445,57786
4,58235,835,0.0,8874,445,57790
4,58239,835,0.0,8875,445,57794
3,58242,835,0.0,8876,445,57797
4,58246,835,0.0,8877,445,57801
5,58251,835,0.0,8878,445,57806
3,58254,835,0.0,8879,445,57809
5,58259,835,0.0,8880,445,57814
6,58265,835,0.0,8881,445,57820
8,58273,835,0.0,8882,445,57828
2,58275,835,0.0,8883,445,57830
5,58280,835,0.0,8884,445,57835
6,58286,835,0.0,8885,445,57841
3,58289,835,0.0,8886,445,57844
5,58294,835,0.0,8887,445,57849
5,58299,835,0.0,8888,445,57854
11,58310,836,1.0,8889,445,57865
7,58317,836,0.0,8890,445,57872
9,58326,836,0.0,8891,445,57881
6,58332,836,0.0,8892,445,57887
5,58337,836,0.0,8893,445,57892
5,58342,836,0.0,8894,445,57897
2,58344,836,0.0,8895,445,57899
5,58349,836,0.0,8896,445,57904
3,58352,836,0.0,8897,445,57907
4,58356,836,0.0,8898,445,57911
7,58363,836,0.0,8899,445,57918
19,58382,836,0.0,8900,445,57937
3,58385,836,0.0,8901,445,57940
23,58408,836,0.0,8902,445,57963
7,58415,836,0.0,8903,445,57970
2,58417,836,0.0,8904,445,57972
4,58421,836,0.0,8905,445,57976
4,58425,836,0.0,8906,445,57980
7,58432,836,0.0,8907,445,57987
4,58436,836,0.0,8908,445,57991
8,58444,836,0.0,8909,445,57999
4,58448,836,0.0,8910,445,58003
3,58451,836,0.0,8911,445,58006
4,58455,836,0.0,8912,445,58010
4,58459,836,0.0,8913,445,58014
5,58464,836,0.0,8914,445,58019
9,58473,836,0.0,8915,445,58028
4,58477,836,0.0,8916,445,58032
5,58482,836,0.0,8917,445,58037
3,58485,836,0.0,8918,445,58040
3,58488,836,0.0,8919,445,58043
7,58495,836,0.0,8920,445,58050
3,58498,836,0.0,8921,445,58053
3,58501,836,0.0,8922,445,58056
5,58506,836,0.0,8923,445,58061
3,58509,836,0.0,8924,445,58064
6,58515,836,0.0,8925,445,58070
6,58521,836,0.0,8926,445,58076
11,58532,836,0.0,8927,445,58087
5,58537,836,0.0,8928,445,58092
4,58541,836,0.0,8929,445,58096
4,58545,836,0.0,8930,445,58100
8,58553,836,0.0,8931,445,58108
28,58581,836,0.0,8932,445,58136
3,58584,836,0.0,8933,445,58139
3,58587,836,0.0,8934,445,58142
4,58591,836,0.0,8935,445,58146
4,58595,836,0.0,8936,445,58150
5,58600,836,0.0,8937,445,58155
14,58614,836,0.0,8938,445,58169
6,58620,836,0.0,8939,445,58175
12,58632,836,0.0,8940,445,58187
2,58634,836,0.0,8941,445,58189
6,58640,836,0.0,8942,445,58195
12,58652,836,0.0,8943,445,58207
2,58654,836,0.0,8944,445,58209
2,58656,836,0.0,8945,445,58211
6,58662,836,0.0,8946,445,58217
9,58671,836,0.0,8947,445,58226
5,58676,836,0.0,8948,445,58231
3,58679,836,0.0,8949,445,58234
6,58685,836,0.0,8950,445,58240
11,58696,837,1.0,8951,445,58251
5,58701,837,0.0,8952,445,58256
29,58730,837,0.0,8953,445,58285
4,58734,837,0.0,8954,445,58289
21,58755,837,0.0,8955,445,58310
6,58761,837,0.0,8956,445,58316
5,58766,837,0.0,8957,445,58321
2,58768,837,0.0,8958,445,58323
6,58774,837,0.0,8959,445,58329
3,58777,837,0.0,8960,445,58332
5,58782,837,0.0,8961,445,58337
5,58787,837,0.0,8962,445,58342
5,58792,837,0.0,8963,445,58347
2,58794,837,0.0,8964,445,58349
11,58805,838,1.0,8965,445,58360
5,58810,838,0.0,8966,445,58365
2,58812,838,0.0,8967,445,58367
20,58832,838,0.0,8968,445,58387
8,58840,838,0.0,8969,445,58395
4,58844,838,0.0,8970,445,58399
2,58846,838,0.0,8971,445,58401
5,58851,838,0.0,8972,445,58406
8,58859,838,0.0,8973,445,58414
3,58862,838,0.0,8974,445,58417
3,58865,838,0.0,8975,445,58420
4,58869,838,0.0,8976,445,58424
7,58876,838,0.0,8977,445,58431
12,58888,838,0.0,8978,445,58443
11,58899,839,1.0,8979,445,58454
11,58910,840,1.0,8980,445,58465
2,58912,840,0.0,8981,445,58467
5,58917,840,0.0,8982,445,58472
7,58924,840,0.0,8983,445,58479
11,58935,841,1.0,8984,445,58490
3,58938,841,0.0,8985,445,58493
19,58957,841,0.0,8986,445,58512
2,58959,841,0.0,8987,445,58514
4,58963,841,0.0,8988,445,58518
2,58965,841,0.0,8989,445,58520
7,58972,841,0.0,8990,445,58527
28,59000,841,0.0,8991,445,58555
12,59012,841,0.0,8992,445,58567
11,59023,841,0.0,8993,445,58578
3,59026,841,0.0,8994,445,58581
4,59030,841,0.0,8995,445,58585
5,59035,841,0.0,8996,445,58590
3,59038,841,0.0,8997,445,58593
2,59040,841,0.0,8998,445,58595
2,59042,841,0.0,8999,445,58597
6,59048,841,0.0,9000,445,58603
17,59065,841,0.0,9001,445,58620
3,59068,841,0.0,9002,445,58623
3,59071,841,0.0,9003,445,58626
4,59075,841,0.0,9004,445,58630
11,59086,842,1.0,9005,445,58641
9,59095,842,0.0,9006,445,58650
7,59102,842,0.0,9007,445,58657
5,59107,842,0.0,9008,445,58662
8,59115,842,0.0,9009,445,58670
5,59120,842,0.0,9010,445,58675
20,59140,842,0.0,9011,445,58695
4,59144,842,0.0,9012,445,58699
11,59155,843,1.0,9013,445,58710
3,59158,843,0.0,9014,445,58713
7,59165,843,0.0,9015,445,58720
7,59172,843,0.0,9016,445,58727
11,59183,844,1.0,9017,445,58738
2,59185,844,0.0,9018,445,58740
2,59187,844,0.0,9019,445,58742
9,59196,844,0.0,9020,445,58751
4,59200,844,0.0,9021,445,58755
5,59205,844,0.0,9022,445,58760
2,59207,844,0.0,9023,445,58762
3,59210,844,0.0,9024,445,58765
3,59213,844,0.0,9025,445,58768
3,59216,844,0.0,9026,445,58771
11,59227,845,1.0,9027,445,58782
3,59230,845,0.0,9028,445,58785
11,59241,846,1.0,9029,445,58796
6,59247,846,0.0,9030,445,58802
6,59253,846,0.0,9031,445,58808
11,59264,847,1.0,9032,445,58819
3,59267,847,0.0,9033,445,58822
5,59272,847,0.0,9034,445,58827
3,59275,847,0.0,9035,445,58830
12,59287,847,0.0,9036,445,58842
5,59292,847,0.0,9037,445,58847
2,59294,847,0.0,9038,445,58849
6,59300,847,0.0,9039,445,58855
9,59309,847,0.0,9040,445,58864
9,59318,847,0.0,9041,445,58873
10,59328,847,0.0,9042,445,58883
6,59334,847,0.0,9043,445,58889
9,59343,847,0.0,9044,445,58898
5,59348,847,0.0,9045,445,58903
7,59355,847,0.0,9046,445,58910
4,59359,847,0.0,9047,445,58914
5,59364,847,0.0,9048,445,58919
4,59368,847,0.0,9049,445,58923
18,59386,848,1.0,9050,445,58941
23,59409,848,0.0,9051,445,58964
3,59412,848,0.0,9052,445,58967
2,59414,848,0.0,9053,445,58969
2,59416,848,0.0,9054,445,58971
9,59425,848,0.0,9055,445,58980
4,59429,848,0.0,9056,445,58984
6,59435,848,0.0,9057,445,58990
4,59439,848,0.0,9058,445,58994
11,59450,849,1.0,9059,445,59005
2,59452,849,0.0,9060,445,59007
3,59455,849,0.0,9061,445,59010
4,59459,849,0.0,9062,445,59014
4,59463,849,0.0,9063,445,59018
2,59465,849,0.0,9064,445,59020
3,59468,849,0.0,9065,445,59023
3,59471,849,0.0,9066,445,59026
6,59477,849,0.0,9067,445,59032
14,59491,849,0.0,9068,445,59046
3,59494,849,0.0,9069,445,59049
5,59499,849,0.0,9070,445,59054
6,59505,849,0.0,9071,445,59060
11,59516,849,0.0,9072,445,59071
11,59527,849,0.0,9073,445,59082
11,59538,850,1.0,9074,445,59093
2,59540,850,0.0,9075,445,59095
2,59542,850,0.0,9076,445,59097
14,59556,850,0.0,9077,445,59111
2,59558,850,0.0,9078,445,59113
3,59561,850,0.0,9079,445,59116
7,59568,850,0.0,9080,445,59123
11,59579,851,1.0,9081,445,59134
6,59585,851,0.0,9082,445,59140
11,59596,851,0.0,9083,445,59151
3,59599,851,0.0,9084,445,59154
2,59601,851,0.0,9085,445,59156
2,59603,851,0.0,9086,445,59158
2,59605,851,0.0,9087,445,59160
11,59616,852,1.0,9088,445,59171
2,59618,852,0.0,9089,445,59173
3,59621,852,0.0,9090,445,59176
5,59626,852,0.0,9091,445,59181
3,59629,852,0.0,9092,445,59184
3,59632,852,0.0,9093,445,59187
2,59634,852,0.0,9094,445,59189
11,59645,852,0.0,9095,445,59200
4,59649,852,0.0,9096,445,59204
3,59652,852,0.0,9097,445,59207
7,59659,852,0.0,9098,445,59214
6,59665,852,0.0,9099,445,59220
9,59674,852,0.0,9100,445,59229
2,59676,852,0.0,9101,445,59231
5,59681,852,0.0,9102,445,59236
11,59692,853,1.0,9103,445,59247
2,59694,853,0.0,9104,445,59249
2,59696,853,0.0,9105,445,59251
5,59701,853,0.0,9106,445,59256
2,59703,853,0.0,9107,445,59258
3,59706,853,0.0,9108,445,59261
17,59723,853,0.0,9109,445,59278
2,59725,853,0.0,9110,445,59280
4,59729,853,0.0,9111,445,59284
2,59731,853,0.0,9112,445,59286
3,59734,853,0.0,9113,445,59289
3,59737,853,0.0,9114,445,59292
6,59743,853,0.0,9115,445,59298
3,59746,853,0.0,9116,445,59301
2,59748,853,0.0,9117,445,59303
2,59750,853,0.0,9118,445,59305
12,59762,853,0.0,9119,445,59317
19,59781,853,0.0,9120,445,59336
2,59783,853,0.0,9121,445,59338
5,59788,853,0.0,9122,445,59343
19,59807,853,0.0,9123,445,59362
18,59825,854,1.0,9124,445,59380
3,59828,854,0.0,9125,445,59383
2,59830,854,0.0,9126,445,59385
3,59833,854,0.0,9127,445,59388
12,59845,854,0.0,9128,445,59400
3,59848,854,0.0,9129,445,59403
4,59852,854,0.0,9130,445,59407
3,59855,854,0.0,9131,445,59410
4,59859,854,0.0,9132,445,59414
8,59867,855,1.0,9133,445,59422
4,59871,855,0.0,9134,445,59426
4,59875,855,0.0,9135,445,59430
3,59878,855,0.0,9136,445,59433
5,59883,855,0.0,9137,445,59438
6,59889,855,0.0,9138,445,59444
5,59894,855,0.0,9139,445,59449
6,59900,855,0.0,9140,445,59455
14,59914,855,0.0,9141,445,59469
9,59923,855,0.0,9142,445,59478
7,59930,855,0.0,9143,445,59485
2,59932,855,0.0,9144,445,59487
6,59938,855,0.0,9145,445,59493
3,59941,855,0.0,9146,445,59496
2,59943,855,0.0,9147,445,59498
5,59948,855,0.0,9148,445,59503
7,59955,855,0.0,9149,445,59510
3,59958,855,0.0,9150,445,59513
2,59960,855,0.0,9151,445,59515
5,59965,855,0.0,9152,445,59520
2,59967,855,0.0,9153,445,59522
6,59973,855,0.0,9154,445,59528
2,59975,855,0.0,9155,445,59530
8,59983,855,0.0,9156,445,59538
19,60002,855,0.0,9157,445,59557
3,60005,855,0.0,9158,445,59560
2,60007,855,0.0,9159,445,59562
3,60010,855,0.0,9160,445,59565
4,60014,855,0.0,9161,445,59569
7,60021,855,0.0,9162,445,59576
5,60026,855,0.0,9163,445,59581
2,60028,855,0.0,9164,445,59583
5,60033,855,0.0,9165,445,59588
15,60048,855,0.0,9166,445,59603
2,60050,855,0.0,9167,445,59605
9,60059,855,0.0,9168,445,59614
3,60062,855,0.0,9169,445,59617
19,60081,855,0.0,9170,445,59636
5,60086,855,0.0,9171,445,59641
9,60095,855,0.0,9172,445,59650
2,60097,855,0.0,9173,445,59652
3,60100,855,0.0,9174,445,59655
6,60106,855,0.0,9175,445,59661
2,60108,855,0.0,9176,445,59663
3,60111,855,0.0,9177,445,59666
4,60115,855,0.0,9178,445,59670
6,60121,855,0.0,9179,445,59676
4,60125,855,0.0,9180,445,59680
3,60128,855,0.0,9181,445,59683
2,60130,855,0.0,9182,445,59685
2,60132,855,0.0,9183,445,59687
3,60135,855,0.0,9184,445,59690
5,60140,855,0.0,9185,445,59695
24,60164,855,0.0,9186,445,59719
5,60169,855,0.0,9187,445,59724
4,60173,855,0.0,9188,445,59728
3,60176,855,0.0,9189,445,59731
6,60182,855,0.0,9190,445,59737
5,60187,855,0.0,9191,445,59742
2,60189,855,0.0,9192,445,59744
3,60192,855,0.0,9193,445,59747
11,60203,856,1.0,9194,445,59758
3,60206,856,0.0,9195,445,59761
3,60209,856,0.0,9196,445,59764
4,60213,856,0.0,9197,445,59768
2,60215,856,0.0,9198,445,59770
3,60218,856,0.0,9199,445,59773
5,60223,856,0.0,9200,445,59778
3,60226,856,0.0,9201,445,59781
3,60229,856,0.0,9202,445,59784
7,60236,856,0.0,9203,445,59791
5,60241,856,0.0,9204,445,59796
3,60244,856,0.0,9205,445,59799
12,60256,856,0.0,9206,445,59811
4,60260,856,0.0,9207,445,59815
2,60262,856,0.0,9208,445,59817
3,60265,856,0.0,9209,445,59820
18,60283,856,0.0,9210,445,59838
2,60285,856,0.0,9211,445,59840
5,60290,856,0.0,9212,445,59845
2,60292,856,0.0,9213,445,59847
21,60313,856,0.0,9214,445,59868
3,60316,856,0.0,9215,445,59871
2,60318,856,0.0,9216,445,59873
3,60321,856,0.0,9217,445,59876
18,60339,857,1.0,9218,445,59894
11,60350,857,0.0,9219,445,59905
10,60360,857,0.0,9220,445,59915
2,60362,857,0.0,9221,445,59917
6,60368,857,0.0,9222,445,59923
18,60386,858,1.0,9223,445,59941
2,60388,858,0.0,9224,445,59943
3,60391,858,0.0,9225,445,59946
4,60395,858,0.0,9226,445,59950
2,60397,858,0.0,9227,445,59952
2,60399,858,0.0,9228,445,59954
14,60413,858,0.0,9229,445,59968
2,60415,858,0.0,9230,445,59970
2,60417,858,0.0,9231,445,59972
3,60420,858,0.0,9232,445,59975
20,60440,858,0.0,9233,445,59995
3,60443,858,0.0,9234,445,59998
3,60446,858,0.0,9235,445,60001
2,60448,858,0.0,9236,445,60003
2,60450,858,0.0,9237,445,60005
3,60453,858,0.0,9238,445,60008
2,60455,858,0.0,9239,445,60010
11,60466,858,0.0,9240,445,60021
5,60471,858,0.0,9241,445,60026
3,60474,858,0.0,9242,445,60029
12,60486,858,0.0,9243,445,60041
2,60488,858,0.0,9244,445,60043
2,60490,858,0.0,9245,445,60045
11,60501,859,1.0,9246,445,60056
11,60512,860,1.0,9247,445,60067
2,60514,860,0.0,9248,445,60069
3,60517,860,0.0,9249,445,60072
3,60520,860,0.0,9250,445,60075
2,60522,860,0.0,9251,445,60077
16,60538,860,0.0,9252,445,60093
3,60541,860,0.0,9253,445,60096
2,60543,860,0.0,9254,445,60098
2,60545,860,0.0,9255,445,60100
5,60550,860,0.0,9256,445,60105
2,60552,860,0.0,9257,445,60107
2,60554,860,0.0,9258,445,60109
3,60557,860,0.0,9259,445,60112
3,60560,860,0.0,9260,445,60115
18,60578,861,1.0,9261,445,60133
5,60583,861,0.0,9262,445,60138
2,60585,861,0.0,9263,445,60140
4,60589,861,0.0,9264,445,60144
2,60591,861,0.0,9265,445,60146
2,60593,861,0.0,9266,445,60148
11,60604,861,0.0,9267,445,60159
6,60610,861,0.0,9268,445,60165
3,60613,861,0.0,9269,445,60168
5,60618,861,0.0,9270,445,60173
3,60621,861,0.0,9271,445,60176
5,60626,861,0.0,9272,445,60181
8,60634,861,0.0,9273,445,60189
2,60636,861,0.0,9274,445,60191
2,60638,861,0.0,9275,445,60193
25,60663,861,0.0,9276,445,60218
2,60665,861,0.0,9277,445,60220
16,60681,861,0.0,9278,445,60236
3,60684,861,0.0,9279,445,60239
29,60713,861,0.0,9280,445,60268
2,60715,861,0.0,9281,445,60270
2,60717,861,0.0,9282,445,60272
3,60720,861,0.0,9283,445,60275
5,60725,861,0.0,9284,445,60280
2,60727,861,0.0,9285,445,60282
2,60729,861,0.0,9286,445,60284
3,60732,861,0.0,9287,445,60287
5,60737,861,0.0,9288,445,60292
2,60739,861,0.0,9289,445,60294
4,60743,861,0.0,9290,445,60298
10,60753,861,0.0,9291,445,60308
5,60758,861,0.0,9292,445,60313
2,60760,861,0.0,9293,445,60315
3,60763,861,0.0,9294,445,60318
3,60766,861,0.0,9295,445,60321
25,60791,861,0.0,9296,445,60346
4,60795,861,0.0,9297,445,60350
3,60798,861,0.0,9298,445,60353
5,60803,861,0.0,9299,445,60358
11,60814,861,0.0,9300,445,60369
2,60816,861,0.0,9301,445,60371
2,60818,861,0.0,9302,445,60373
11,60829,862,1.0,9303,445,60384
3,60832,862,0.0,9304,445,60387
12,60844,862,0.0,9305,445,60399
3,60847,862,0.0,9306,445,60402
3,60850,862,0.0,9307,445,60405
5,60855,862,0.0,9308,445,60410
3,60858,862,0.0,9309,445,60413
4,60862,862,0.0,9310,445,60417
4,60866,862,0.0,9311,445,60421
23,60889,862,0.0,9312,445,60444
2,60891,862,0.0,9313,445,60446
2,60893,862,0.0,9314,445,60448
2,60895,862,0.0,9315,445,60450
8,60903,862,0.0,9316,445,60458
3,60906,862,0.0,9317,445,60461
2,60908,862,0.0,9318,445,60463
4,60912,862,0.0,9319,445,60467
4,60916,862,0.0,9320,445,60471
2,60918,862,0.0,9321,445,60473
11,60929,862,0.0,9322,445,60484
3,60932,862,0.0,9323,445,60487
11,60943,862,0.0,9324,445,60498
3,60946,862,0.0,9325,445,60501
5,60951,862,0.0,9326,445,60506
2,60953,862,0.0,9327,445,60508
3,60956,862,0.0,9328,445,60511
16,60972,862,0.0,9329,445,60527
2,60974,862,0.0,9330,445,60529
4,60978,862,0.0,9331,445,60533
3,60981,862,0.0,9332,445,60536
2,60983,862,0.0,9333,445,60538
3,60986,862,0.0,9334,445,60541
2,60988,862,0.0,9335,445,60543
2,60990,862,0.0,9336,445,60545
3,60993,862,0.0,9337,445,60548
11,61004,862,0.0,9338,445,60559
6,61010,862,0.0,9339,445,60565
2,61012,862,0.0,9340,445,60567
2,61014,862,0.0,9341,445,60569
2,61016,862,0.0,9342,445,60571
3,61019,862,0.0,9343,445,60574
19,61038,862,0.0,9344,445,60593
4,61042,862,0.0,9345,445,60597
2,61044,862,0.0,9346,445,60599
4,61048,862,0.0,9347,445,60603
3,61051,862,0.0,9348,445,60606
11,61062,863,1.0,9349,445,60617
2,61064,863,0.0,9350,445,60619
6,61070,863,0.0,9351,445,60625
4,61074,863,0.0,9352,445,60629
2,61076,863,0.0,9353,445,60631
2,61078,863,0.0,9354,445,60633
2,61080,863,0.0,9355,445,60635
3,61083,863,0.0,9356,445,60638
6,61089,863,0.0,9357,445,60644
2,61091,863,0.0,9358,445,60646
2,61093,863,0.0,9359,445,60648
17,61110,863,0.0,9360,445,60665
5,61115,863,0.0,9361,445,60670
4,61119,863,0.0,9362,445,60674
2,61121,863,0.0,9363,445,60676
19,61140,863,0.0,9364,445,60695
2,61142,863,0.0,9365,445,60697
7,61149,863,0.0,9366,445,60704
14,61163,863,0.0,9367,445,60718
2,61165,863,0.0,9368,445,60720
5,61170,863,0.0,9369,445,60725
2,61172,863,0.0,9370,445,60727
2,61174,863,0.0,9371,445,60729
8,61182,863,0.0,9372,445,60737
3,61185,863,0.0,9373,445,60740
2,61187,863,0.0,9374,445,60742
11,61198,864,1.0,9375,445,60753
2,61200,864,0.0,9376,445,60755
2,61202,864,0.0,9377,445,60757
2,61204,864,0.0,9378,445,60759
10,61214,864,0.0,9379,445,60769
3,61217,864,0.0,9380,445,60772
2,61219,864,0.0,9381,445,60774
5,61224,864,0.0,9382,445,60779
3,61227,864,0.0,9383,445,60782
2,61229,864,0.0,9384,445,60784
7,61236,864,0.0,9385,445,60791
2,61238,864,0.0,9386,445,60793
5,61243,864,0.0,9387,445,60798
9,61252,864,0.0,9388,445,60807
2,61254,864,0.0,9389,445,60809
2,61256,864,0.0,9390,445,60811
2,61258,864,0.0,9391,445,60813
3,61261,864,0.0,9392,445,60816
3,61264,864,0.0,9393,445,60819
11,61275,865,1.0,9394,445,60830
19,61294,865,0.0,9395,445,60849
2,61296,865,0.0,9396,445,60851
9,61305,865,0.0,9397,445,60860
12,61317,865,0.0,9398,445,60872
4,61321,865,0.0,9399,445,60876
2,61323,865,0.0,9400,445,60878
6,61329,865,0.0,9401,445,60884
2,61331,865,0.0,9402,445,60886
3,61334,865,0.0,9403,445,60889
19,61353,865,0.0,9404,445,60908
3,61356,865,0.0,9405,445,60911
2,61358,865,0.0,9406,445,60913
5,61363,865,0.0,9407,445,60918
3,61366,865,0.0,9408,445,60921
21,61387,865,0.0,9409,445,60942
2,61389,865,0.0,9410,445,60944
19,61408,865,0.0,9411,445,60963
2,61410,865,0.0,9412,445,60965
6,61416,865,0.0,9413,445,60971
3,61419,865,0.0,9414,445,60974
3,61422,865,0.0,9415,445,60977
3,61425,865,0.0,9416,445,60980
5,61430,865,0.0,9417,445,60985
11,61441,865,0.0,9418,445,60996
6,61447,865,0.0,9419,445,61002
5,61452,865,0.0,9420,445,61007
5,61457,865,0.0,9421,445,61012
3,61460,865,0.0,9422,445,61015
5,61465,865,0.0,9423,445,61020
2,61467,865,0.0,9424,445,61022
3,61470,865,0.0,9425,445,61025
3,61473,865,0.0,9426,445,61028
2,61475,865,0.0,9427,445,61030
4,61479,865,0.0,9428,445,61034
3,61482,865,0.0,9429,445,61037
11,61493,866,1.0,9430,445,61048
11,61504,867,1.0,9431,445,61059
2,61506,867,0.0,9432,445,61061
2,61508,867,0.0,9433,445,61063
33,61541,867,0.0,9434,445,61096
4,61545,867,0.0,9435,445,61100
4,61549,867,0.0,9436,445,61104
2,61551,867,0.0,9437,445,61106
4,61555,867,0.0,9438,445,61110
2,61557,867,0.0,9439,445,61112
2,61559,867,0.0,9440,445,61114
8,61567,867,0.0,9441,445,61122
25,61592,867,0.0,9442,445,61147
3,61595,867,0.0,9443,445,61150
19,61614,867,0.0,9444,445,61169
4,61618,867,0.0,9445,445,61173
3,61621,867,0.0,9446,445,61176
2,61623,867,0.0,9447,445,61178
19,61642,867,0.0,9448,445,61197
5,61647,867,0.0,9449,445,61202
3,61650,867,0.0,9450,445,61205
3,61653,867,0.0,9451,445,61208
2,61655,867,0.0,9452,445,61210
5,61660,867,0.0,9453,445,61215
3,61663,867,0.0,9454,445,61218
5,61668,867,0.0,9455,445,61223
4,61672,867,0.0,9456,445,61227
5,61677,867,0.0,9457,445,61232
2,61679,867,0.0,9458,445,61234
2,61681,867,0.0,9459,445,61236
2,61683,867,0.0,9460,445,61238
18,61701,868,1.0,9461,445,61256
2,61703,868,0.0,9462,445,61258
3,61706,868,0.0,9463,445,61261
2,61708,868,0.0,9464,445,61263
19,61727,868,0.0,9465,445,61282
11,61738,869,1.0,9466,445,61293
8,61746,869,0.0,9467,445,61301
6,61752,869,0.0,9468,445,61307
2,61754,869,0.0,9469,445,61309
3,61757,869,0.0,9470,445,61312
18,61775,870,1.0,9471,445,61330
21,61796,870,0.0,9472,445,61351
5,61801,870,0.0,9473,445,61356
2,61803,870,0.0,9474,445,61358
3,61806,870,0.0,9475,445,61361
11,61817,871,1.0,9476,445,61372
5,61822,871,0.0,9477,445,61377
21,61843,871,0.0,9478,445,61398
2,61845,871,0.0,9479,445,61400
5,61850,871,0.0,9480,445,61405
5,61855,871,0.0,9481,445,61410
3,61858,871,0.0,9482,445,61413
3,61861,871,0.0,9483,445,61416
8,61869,872,1.0,9484,445,61424
5,61874,872,0.0,9485,445,61429
5,61879,872,0.0,9486,445,61434
18,61897,872,0.0,9487,445,61452
4,61901,872,0.0,9488,445,61456
3,61904,872,0.0,9489,445,61459
11,61915,873,1.0,9490,445,61470
3,61918,873,0.0,9491,445,61473
2,61920,873,0.0,9492,445,61475
17,61937,873,0.0,9493,445,61492
7,61944,873,0.0,9494,445,61499
3,61947,873,0.0,9495,445,61502
7,61954,873,0.0,9496,445,61509
2,61956,873,0.0,9497,445,61511
2,61958,873,0.0,9498,445,61513
2,61960,873,0.0,9499,445,61515
2,61962,873,0.0,9500,445,61517
12,61974,873,0.0,9501,445,61529
2,61976,873,0.0,9502,445,61531
24,62000,873,0.0,9503,445,61555
3,62003,873,0.0,9504,445,61558
2,62005,873,0.0,9505,445,61560
3,62008,873,0.0,9506,445,61563
11,62019,874,1.0,9507,445,61574
29,62048,874,0.0,9508,445,61603
8,62056,875,1.0,9509,445,61611
6,62062,875,0.0,9510,445,61617
19,62081,875,0.0,9511,445,61636
2,62083,875,0.0,9512,445,61638
2,62085,875,0.0,9513,445,61640
2,62087,875,0.0,9514,445,61642
2,62089,875,0.0,9515,445,61644
3,62092,875,0.0,9516,445,61647
3,62095,875,0.0,9517,445,61650
3,62098,875,0.0,9518,445,61653
9,62107,875,0.0,9519,445,61662
2,62109,875,0.0,9520,445,61664
2,62111,875,0.0,9521,445,61666
5,62116,875,0.0,9522,445,61671
19,62135,875,0.0,9523,445,61690
5,62140,875,0.0,9524,445,61695
5,62145,875,0.0,9525,445,61700
4,62149,875,0.0,9526,445,61704
5,62154,875,0.0,9527,445,61709
5,62159,875,0.0,9528,445,61714
3,62162,875,0.0,9529,445,61717
2,62164,875,0.0,9530,445,61719
3,62167,875,0.0,9531,445,61722
14,62181,875,0.0,9532,445,61736
3,62184,875,0.0,9533,445,61739
3,62187,875,0.0,9534,445,61742
2,62189,875,0.0,9535,445,61744
2,62191,875,0.0,9536,445,61746
2,62193,875,0.0,9537,445,61748
2,62195,875,0.0,9538,445,61750
2,62197,875,0.0,9539,445,61752
11,62208,875,0.0,9540,445,61763
19,62227,875,0.0,9541,445,61782
3,62230,875,0.0,9542,445,61785
2,62232,875,0.0,9543,445,61787
3,62235,875,0.0,9544,445,61790
5,62240,875,0.0,9545,445,61795
14,62254,875,0.0,9546,445,61809
5,62259,875,0.0,9547,445,61814
2,62261,875,0.0,9548,445,61816
5,62266,875,0.0,9549,445,61821
3,62269,875,0.0,9550,445,61824
14,62283,875,0.0,9551,445,61838
29,62312,875,0.0,9552,445,61867
13,62325,875,0.0,9553,445,61880
2,62327,875,0.0,9554,445,61882
3,62330,875,0.0,9555,445,61885
2,62332,875,0.0,9556,445,61887
14,62346,875,0.0,9557,445,61901
3,62349,875,0.0,9558,445,61904
3,62352,875,0.0,9559,445,61907
2,62354,875,0.0,9560,445,61909
2,62356,875,0.0,9561,445,61911
10,62366,875,0.0,9562,445,61921
3,62369,875,0.0,9563,445,61924
2,62371,875,0.0,9564,445,61926
5,62376,875,0.0,9565,445,61931
3,62379,875,0.0,9566,445,61934
14,62393,875,0.0,9567,445,61948
13,62406,875,0.0,9568,445,61961
3,62409,875,0.0,9569,445,61964
3,62412,875,0.0,9570,445,61967
3,62415,875,0.0,9571,445,61970
3,62418,875,0.0,9572,445,61973
18,62436,876,1.0,9573,445,61991
2,62438,876,0.0,9574,445,61993
2,62440,876,0.0,9575,445,61995
2,62442,876,0.0,9576,445,61997
8,62450,876,0.0,9577,445,62005
4,62454,876,0.0,9578,445,62009
6,62460,876,0.0,9579,445,62015
19,62479,876,0.0,9580,445,62034
3,62482,876,0.0,9581,445,62037
2,62484,876,0.0,9582,445,62039
3,62487,876,0.0,9583,445,62042
3,62490,876,0.0,9584,445,62045
15,62505,876,0.0,9585,445,62060
6,62511,876,0.0,9586,445,62066
4,62515,876,0.0,9587,445,62070
3,62518,876,0.0,9588,445,62073
2,62520,876,0.0,9589,445,62075
4,62524,876,0.0,9590,445,62079
4,62528,876,0.0,9591,445,62083
2,62530,876,0.0,9592,445,62085
6,62536,876,0.0,9593,445,62091
2,62538,876,0.0,9594,445,62093
3,62541,876,0.0,9595,445,62096
10,62551,876,0.0,9596,445,62106
2,62553,876,0.0,9597,445,62108
3,62556,876,0.0,9598,445,62111
11,62567,877,1.0,9599,445,62122
3,62570,877,0.0,9600,445,62125
3,62573,877,0.0,9601,445,62128
2,62575,877,0.0,9602,445,62130
9,62584,877,0.0,9603,445,62139
5,62589,877,0.0,9604,445,62144
3,62592,877,0.0,9605,445,62147
2,62594,877,0.0,9606,445,62149
2,62596,877,0.0,9607,445,62151
5,62601,877,0.0,9608,445,62156
12,62613,877,0.0,9609,445,62168
9,62622,877,0.0,9610,445,62177
4,62626,877,0.0,9611,445,62181
11,62637,877,0.0,9612,445,62192
3,62640,877,0.0,9613,445,62195
3,62643,877,0.0,9614,445,62198
3,62646,877,0.0,9615,445,62201
5,62651,877,0.0,9616,445,62206
2,62653,877,0.0,9617,445,62208
3,62656,877,0.0,9618,445,62211
2,62658,877,0.0,9619,445,62213
3,62661,877,0.0,9620,445,62216
3,62664,877,0.0,9621,445,62219
6,62670,877,0.0,9622,445,62225
3,62673,877,0.0,9623,445,62228
2,62675,877,0.0,9624,445,62230
2,62677,877,0.0,9625,445,62232
3,62680,877,0.0,9626,445,62235
15,62695,877,0.0,9627,445,62250
3,62698,877,0.0,9628,445,62253
6,62704,877,0.0,9629,445,62259
3,62707,877,0.0,9630,445,62262
4,62711,877,0.0,9631,445,62266
10,62721,877,0.0,9632,445,62276
2,62723,877,0.0,9633,445,62278
3,62726,877,0.0,9634,445,62281
2,62728,877,0.0,9635,445,62283
12,62740,877,0.0,9636,445,62295
2,62742,877,0.0,9637,445,62297
3,62745,877,0.0,9638,445,62300
19,62764,877,0.0,9639,445,62319
2,62766,877,0.0,9640,445,62321
2,62768,877,0.0,9641,445,62323
3,62771,877,0.0,9642,445,62326
2,62773,877,0.0,9643,445,62328
5,62778,877,0.0,9644,445,62333
2,62780,877,0.0,9645,445,62335
4,62784,877,0.0,9646,445,62339
4,62788,877,0.0,9647,445,62343
3,62791,877,0.0,9648,445,62346
18,62809,877,0.0,9649,445,62364
4,62813,877,0.0,9650,445,62368
2,62815,877,0.0,9651,445,62370
8,62823,877,0.0,9652,445,62378
11,62834,878,1.0,9653,445,62389
3,62837,878,0.0,9654,445,62392
3,62840,878,0.0,9655,445,62395
7,62847,878,0.0,9656,445,62402
10,62857,878,0.0,9657,445,62412
8,62865,878,0.0,9658,445,62420
23,62888,878,0.0,9659,445,62443
11,62899,879,1.0,9660,445,62454
5,62904,879,0.0,9661,445,62459
2,62906,879,0.0,9662,445,62461
3,62909,879,0.0,9663,445,62464
2,62911,879,0.0,9664,445,62466
14,62925,879,0.0,9665,445,62480
2,62927,879,0.0,9666,445,62482
2,62929,879,0.0,9667,445,62484
11,62940,880,1.0,9668,445,62495
11,62951,880,0.0,9669,445,62506
4,62955,880,0.0,9670,445,62510
3,62958,880,0.0,9671,445,62513
2,62960,880,0.0,9672,445,62515
2,62962,880,0.0,9673,445,62517
15,62977,880,0.0,9674,445,62532
3,62980,880,0.0,9675,445,62535
4,62984,880,0.0,9676,445,62539
3,62987,880,0.0,9677,445,62542
3,62990,880,0.0,9678,445,62545
2,62992,880,0.0,9679,445,62547
4,62996,880,0.0,9680,445,62551
6,63002,880,0.0,9681,445,62557
7,63009,880,0.0,9682,445,62564
4,63013,880,0.0,9683,445,62568
5,63018,880,0.0,9684,445,62573
3,63021,880,0.0,9685,445,62576
2,63023,880,0.0,9686,445,62578
5,63028,880,0.0,9687,445,62583
4,63032,880,0.0,9688,445,62587
13,63045,880,0.0,9689,445,62600
11,63056,881,1.0,9690,445,62611
14,63070,881,0.0,9691,445,62625
12,63082,881,0.0,9692,445,62637
3,63085,881,0.0,9693,445,62640
2,63087,881,0.0,9694,445,62642
6,63093,881,0.0,9695,445,62648
3,63096,881,0.0,9696,445,62651
3,63099,881,0.0,9697,445,62654
4,63103,881,0.0,9698,445,62658
3,63106,881,0.0,9699,445,62661
2,63108,881,0.0,9700,445,62663
19,63127,881,0.0,9701,445,62682
3,63130,881,0.0,9702,445,62685
5,63135,881,0.0,9703,445,62690
11,63146,882,1.0,9704,445,62701
2,63148,882,0.0,9705,445,62703
2,63150,882,0.0,9706,445,62705
12,63162,882,0.0,9707,445,62717
2,63164,882,0.0,9708,445,62719
2,63166,882,0.0,9709,445,62721
11,63177,883,1.0,9710,445,62732
4,63181,883,0.0,9711,445,62736
3,63184,883,0.0,9712,445,62739
2,63186,883,0.0,9713,445,62741
3,63189,883,0.0,9714,445,62744
3,63192,883,0.0,9715,445,62747
5,63197,883,0.0,9716,445,62752
17,63214,883,0.0,9717,445,62769
3,63217,883,0.0,9718,445,62772
2,63219,883,0.0,9719,445,62774
16,63235,883,0.0,9720,445,62790
3,63238,883,0.0,9721,445,62793
2,63240,883,0.0,9722,445,62795
2,63242,883,0.0,9723,445,62797
3,63245,883,0.0,9724,445,62800
3,63248,883,0.0,9725,445,62803
2,63250,883,0.0,9726,445,62805
5,63255,883,0.0,9727,445,62810
2,63257,883,0.0,9728,445,62812
18,63275,883,0.0,9729,445,62830
3,63278,883,0.0,9730,445,62833
2,63280,883,0.0,9731,445,62835
3,63283,883,0.0,9732,445,62838
4,63287,883,0.0,9733,445,62842
3,63290,883,0.0,9734,445,62845
18,63308,884,1.0,9735,445,62863
8,63316,885,1.0,9736,445,62871
5,63321,885,0.0,9737,445,62876
2,63323,885,0.0,9738,445,62878
3,63326,885,0.0,9739,445,62881
3,63329,885,0.0,9740,445,62884
2,63331,885,0.0,9741,445,62886
3,63334,885,0.0,9742,445,62889
2,63336,885,0.0,9743,445,62891
3,63339,885,0.0,9744,445,62894
3,63342,885,0.0,9745,445,62897
3,63345,885,0.0,9746,445,62900
11,63356,885,0.0,9747,445,62911
8,63364,885,0.0,9748,445,62919
2,63366,885,0.0,9749,445,62921
13,63379,885,0.0,9750,445,62934
3,63382,885,0.0,9751,445,62937
3,63385,885,0.0,9752,445,62940
5,63390,885,0.0,9753,445,62945
5,63395,885,0.0,9754,445,62950
3,63398,885,0.0,9755,445,62953
11,63409,885,0.0,9756,445,62964
3,63412,885,0.0,9757,445,62967
3,63415,885,0.0,9758,445,62970
2,63417,885,0.0,9759,445,62972
12,63429,885,0.0,9760,445,62984
2,63431,885,0.0,9761,445,62986
6,63437,885,0.0,9762,445,62992
6,63443,885,0.0,9763,445,62998
10,63453,885,0.0,9764,445,63008
2,63455,885,0.0,9765,445,63010
2,63457,885,0.0,9766,445,63012
2,63459,885,0.0,9767,445,63014
3,63462,885,0.0,9768,445,63017
3,63465,885,0.0,9769,445,63020
6,63471,885,0.0,9770,445,63026
18,63489,886,1.0,9771,445,63044
3,63492,886,0.0,9772,445,63047
2,63494,886,0.0,9773,445,63049
3,63497,886,0.0,9774,445,63052
2,63499,886,0.0,9775,445,63054
2,63501,886,0.0,9776,445,63056
5,63506,886,0.0,9777,445,63061
6,63512,886,0.0,9778,445,63067
11,63523,886,0.0,9779,445,63078
6,63529,886,0.0,9780,445,63084
18,63547,887,1.0,9781,445,63102
9,63556,887,0.0,9782,445,63111
5,63561,887,0.0,9783,445,63116
12,63573,887,0.0,9784,445,63128
3,63576,887,0.0,9785,445,63131
11,63587,888,1.0,9786,445,63142
21,63608,888,0.0,9787,445,63163
2,63610,888,0.0,9788,445,63165
2,63612,888,0.0,9789,445,63167
3,63615,888,0.0,9790,445,63170
19,63634,888,0.0,9791,445,63189
5,63639,888,0.0,9792,445,63194
2,63641,888,0.0,9793,445,63196
11,63652,889,1.0,9794,445,63207
4,63656,889,0.0,9795,445,63211
3,63659,889,0.0,9796,445,63214
18,63677,889,0.0,9797,445,63232
2,63679,889,0.0,9798,445,63234
2,63681,889,0.0,9799,445,63236
11,63692,889,0.0,9800,445,63247
3,63695,889,0.0,9801,445,63250
3,63698,889,0.0,9802,445,63253
3,63701,889,0.0,9803,445,63256
7,63708,889,0.0,9804,445,63263
5,63713,889,0.0,9805,445,63268
13,63726,889,0.0,9806,445,63281
14,63740,889,0.0,9807,445,63295
18,63758,889,0.0,9808,445,63313
3,63761,889,0.0,9809,445,63316
12,63773,889,0.0,9810,445,63328
2,63775,889,0.0,9811,445,63330
16,63791,889,0.0,9812,445,63346
2,63793,889,0.0,9813,445,63348
11,63804,890,1.0,9814,445,63359
13,63817,891,1.0,9815,445,63372
3,63820,891,0.0,9816,445,63375
11,63831,891,0.0,9817,445,63386
3,63834,891,0.0,9818,445,63389
19,63853,891,0.0,9819,445,63408
2,63855,891,0.0,9820,445,63410
11,63866,892,1.0,9821,445,63421
6,63872,892,0.0,9822,445,63427
3,63875,892,0.0,9823,445,63430
7,63882,892,0.0,9824,445,63437
2,63884,892,0.0,9825,445,63439
2,63886,892,0.0,9826,445,63441
14,63900,892,0.0,9827,445,63455
4,63904,892,0.0,9828,445,63459
2,63906,892,0.0,9829,445,63461
2,63908,892,0.0,9830,445,63463
8,63916,892,0.0,9831,445,63471
14,63930,892,0.0,9832,445,63485
22,63952,892,0.0,9833,445,63507
11,63963,893,1.0,9834,445,63518
15,63978,893,0.0,9835,445,63533
4,63982,893,0.0,9836,445,63537
2,63984,893,0.0,9837,445,63539
14,63998,893,0.0,9838,445,63553
2,64000,893,0.0,9839,445,63555
2,64002,893,0.0,9840,445,63557
5,64007,893,0.0,9841,445,63562
20,64027,893,0.0,9842,445,63582
5,64032,893,0.0,9843,445,63587
3,64035,893,0.0,9844,445,63590
3,64038,893,0.0,9845,445,63593
3,64041,893,0.0,9846,445,63596
3,64044,893,0.0,9847,445,63599
11,64055,893,0.0,9848,445,63610
3,64058,893,0.0,9849,445,63613
12,64070,893,0.0,9850,445,63625
19,64089,893,0.0,9851,445,63644
19,64108,893,0.0,9852,445,63663
2,64110,893,0.0,9853,445,63665
3,64113,893,0.0,9854,445,63668
2,64115,893,0.0,9855,445,63670
2,64117,893,0.0,9856,445,63672
18,64135,894,1.0,9857,445,63690
2,64137,894,0.0,9858,445,63692
3,64140,894,0.0,9859,445,63695
2,64142,894,0.0,9860,445,63697
2,64144,894,0.0,9861,445,63699
7,64151,894,0.0,9862,445,63706
7,64158,894,0.0,9863,445,63713
2,64160,894,0.0,9864,445,63715
11,64171,895,1.0,9865,445,63726
2,64173,895,0.0,9866,445,63728
18,64191,895,0.0,9867,445,63746
2,64193,895,0.0,9868,445,63748
18,64211,895,0.0,9869,445,63766
2,64213,895,0.0,9870,445,63768
16,64229,895,0.0,9871,445,63784
25,64254,895,0.0,9872,445,63809
6,64260,895,0.0,9873,445,63815
5,64265,895,0.0,9874,445,63820
2,64267,895,0.0,9875,445,63822
6,64273,895,0.0,9876,445,63828
4,64277,895,0.0,9877,445,63832
5,64282,895,0.0,9878,445,63837
5,64287,895,0.0,9879,445,63842
2,64289,895,0.0,9880,445,63844
2,64291,895,0.0,9881,445,63846
8,64299,895,0.0,9882,445,63854
3,64302,895,0.0,9883,445,63857
3,64305,895,0.0,9884,445,63860
14,64319,895,0.0,9885,445,63874
11,64330,896,1.0,9886,445,63885
2,64332,896,0.0,9887,445,63887
2,64334,896,0.0,9888,445,63889
5,64339,896,0.0,9889,445,63894
2,64341,896,0.0,9890,445,63896
2,64343,896,0.0,9891,445,63898
11,64354,897,1.0,9892,445,63909
4,64358,897,0.0,9893,445,63913
3,64361,897,0.0,9894,445,63916
6,64367,897,0.0,9895,445,63922
18,64385,897,0.0,9896,445,63940
2,64387,897,0.0,9897,445,63942
6,64393,897,0.0,9898,445,63948
2,64395,897,0.0,9899,445,63950
2,64397,897,0.0,9900,445,63952
7,64404,897,0.0,9901,445,63959
3,64407,897,0.0,9902,445,63962
5,64412,897,0.0,9903,445,63967
5,64417,897,0.0,9904,445,63972
5,64422,897,0.0,9905,445,63977
13,64435,897,0.0,9906,445,63990
4,64439,897,0.0,9907,445,63994
7,64446,897,0.0,9908,445,64001
14,64460,897,0.0,9909,445,64015
2,64462,897,0.0,9910,445,64017
2,64464,897,0.0,9911,445,64019
25,64489,897,0.0,9912,445,64044
2,64491,897,0.0,9913,445,64046
2,64493,897,0.0,9914,445,64048
11,64504,897,0.0,9915,445,64059
6,64510,897,0.0,9916,445,64065
3,64513,897,0.0,9917,445,64068
4,64517,897,0.0,9918,445,64072
5,64522,897,0.0,9919,445,64077
6,64528,897,0.0,9920,445,64083
3,64531,897,0.0,9921,445,64086
3,64534,897,0.0,9922,445,64089
2,64536,897,0.0,9923,445,64091
8,64544,897,0.0,9924,445,64099
11,64555,898,1.0,9925,445,64110
10,64565,898,0.0,9926,445,64120
2,64567,898,0.0,9927,445,64122
18,64585,899,1.0,9928,445,64140
5,64590,899,0.0,9929,445,64145
3,64593,899,0.0,9930,445,64148
3,64596,899,0.0,9931,445,64151
2,64598,899,0.0,9932,445,64153
3,64601,899,0.0,9933,445,64156
5,64606,899,0.0,9934,445,64161
19,64625,899,0.0,9935,445,64180
3,64628,899,0.0,9936,445,64183
11,64639,899,0.0,9937,445,64194
3,64642,899,0.0,9938,445,64197
3,64645,899,0.0,9939,445,64200
5,64650,899,0.0,9940,445,64205
2,64652,899,0.0,9941,445,64207
3,64655,899,0.0,9942,445,64210
2,64657,899,0.0,9943,445,64212
4,64661,899,0.0,9944,445,64216
2,64663,899,0.0,9945,445,64218
13,64676,899,0.0,9946,445,64231
3,64679,899,0.0,9947,445,64234
2,64681,899,0.0,9948,445,64236
11,64692,899,0.0,9949,445,64247
2,64694,899,0.0,9950,445,64249
7,64701,899,0.0,9951,445,64256
17,64718,899,0.0,9952,445,64273
6,64724,899,0.0,9953,445,64279
2,64726,899,0.0,9954,445,64281
19,64745,899,0.0,9955,445,64300
2,64747,899,0.0,9956,445,64302
5,64752,899,0.0,9957,445,64307
5,64757,899,0.0,9958,445,64312
3,64760,899,0.0,9959,445,64315
7,64767,899,0.0,9960,445,64322
3,64770,899,0.0,9961,445,64325
49,64819,899,0.0,9962,445,64374
4,64823,899,0.0,9963,445,64378
3,64826,899,0.0,9964,445,64381
2,64828,899,0.0,9965,445,64383
3,64831,899,0.0,9966,445,64386
2,64833,899,0.0,9967,445,64388
7,64840,899,0.0,9968,445,64395
3,64843,899,0.0,9969,445,64398
8,64851,900,1.0,9970,445,64406
3,64854,900,0.0,9971,445,64409
6,64860,900,0.0,9972,445,64415
2,64862,900,0.0,9973,445,64417
5,64867,900,0.0,9974,445,64422
5,64872,900,0.0,9975,445,64427
2,64874,900,0.0,9976,445,64429
2,64876,900,0.0,9977,445,64431
4,64880,900,0.0,9978,445,64435
7,64887,900,0.0,9979,445,64442
3,64890,900,0.0,9980,445,64445
14,64904,900,0.0,9981,445,64459
5,64909,900,0.0,9982,445,64464
2,64911,900,0.0,9983,445,64466
2,64913,900,0.0,9984,445,64468
2,64915,900,0.0,9985,445,64470
2,64917,900,0.0,9986,445,64472
3,64920,900,0.0,9987,445,64475
3,64923,900,0.0,9988,445,64478
2,64925,900,0.0,9989,445,64480
2,64927,900,0.0,9990,445,64482
6,64933,900,0.0,9991,445,64488
12,64945,900,0.0,9992,445,64500
18,64963,900,0.0,9993,445,64518
2,64965,900,0.0,9994,445,64520
3,64968,900,0.0,9995,445,64523
27,64995,900,0.0,9996,445,64550
2,64997,900,0.0,9997,445,64552
5,65002,900,0.0,9998,445,64557
13,65015,901,1.0,9999,445,64570
5,65020,901,0.0,10000,445,64575
11,65031,901,0.0,10001,445,64586
18,65049,902,1.0,10002,445,64604
8,65057,902,0.0,10003,445,64612
7,65064,902,0.0,10004,445,64619
18,65082,903,1.0,10005,445,64637
3,65085,903,0.0,10006,445,64640
18,65103,904,1.0,10007,445,64658
18,65121,905,1.0,10008,445,64676
4,65125,905,0.0,10009,445,64680
2,65127,905,0.0,10010,445,64682
3,65130,905,0.0,10011,445,64685
5,65135,905,0.0,10012,445,64690
3,65138,905,0.0,10013,445,64693
4,65142,905,0.0,10014,445,64697
3,65145,905,0.0,10015,445,64700
2,65147,905,0.0,10016,445,64702
3,65150,905,0.0,10017,445,64705
4,65154,905,0.0,10018,445,64709
5,65159,905,0.0,10019,445,64714
2,65161,905,0.0,10020,445,64716
2,65163,905,0.0,10021,445,64718
2,65165,905,0.0,10022,445,64720
2,65167,905,0.0,10023,445,64722
3,65170,905,0.0,10024,445,64725
16,65186,905,0.0,10025,445,64741
2,65188,905,0.0,10026,445,64743
11,65199,906,1.0,10027,445,64754
3,65202,906,0.0,10028,445,64757
3,65205,906,0.0,10029,445,64760
4,65209,906,0.0,10030,445,64764
2,65211,906,0.0,10031,445,64766
2,65213,906,0.0,10032,445,64768
3,65216,906,0.0,10033,445,64771
3,65219,906,0.0,10034,445,64774
2,65221,906,0.0,10035,445,64776
3,65224,906,0.0,10036,445,64779
4,65228,906,0.0,10037,445,64783
6,65234,906,0.0,10038,445,64789
2,65236,906,0.0,10039,445,64791
6,65242,906,0.0,10040,445,64797
13,65255,906,0.0,10041,445,64810
3,65258,906,0.0,10042,445,64813
8,65266,906,0.0,10043,445,64821
3,65269,906,0.0,10044,445,64824
4,65273,906,0.0,10045,445,64828
5,65278,906,0.0,10046,445,64833
5,65283,906,0.0,10047,445,64838
13,65296,907,1.0,10048,445,64851
5,65301,907,0.0,10049,445,64856
2,65303,907,0.0,10050,445,64858
6,65309,907,0.0,10051,445,64864
18,65327,908,1.0,10052,445,64882
11,65338,908,0.0,10053,445,64893
7,65345,908,0.0,10054,445,64900
3,65348,908,0.0,10055,445,64903
9,65357,908,0.0,10056,445,64912
5,65362,908,0.0,10057,445,64917
13,65375,908,0.0,10058,445,64930
4,65379,908,0.0,10059,445,64934
20,65399,908,0.0,10060,445,64954
2,65401,908,0.0,10061,445,64956
2,65403,908,0.0,10062,445,64958
7,65410,908,0.0,10063,445,64965
5,65415,908,0.0,10064,445,64970
8,65423,908,0.0,10065,445,64978
3,65426,908,0.0,10066,445,64981
2,65428,908,0.0,10067,445,64983
3,65431,908,0.0,10068,445,64986
2,65433,908,0.0,10069,445,64988
3,65436,908,0.0,10070,445,64991
2,65438,908,0.0,10071,445,64993
18,65456,909,1.0,10072,445,65011
11,65467,909,0.0,10073,445,65022
12,65479,909,0.0,10074,445,65034
11,65490,910,1.0,10075,445,65045
2,65492,910,0.0,10076,445,65047
2,65494,910,0.0,10077,445,65049
4,65498,910,0.0,10078,445,65053
19,65517,910,0.0,10079,445,65072
6,65523,910,0.0,10080,445,65078
5,65528,910,0.0,10081,445,65083
5,65533,910,0.0,10082,445,65088
2,65535,910,0.0,10083,445,65090
2,65537,910,0.0,10084,445,65092
8,65545,910,0.0,10085,445,65100
3,65548,910,0.0,10086,445,65103
2,65550,910,0.0,10087,445,65105
6,65556,910,0.0,10088,445,65111
5,65561,910,0.0,10089,445,65116
11,65572,910,0.0,10090,445,65127
13,65585,910,0.0,10091,445,65140
19,65604,910,0.0,10092,445,65159
2,65606,910,0.0,10093,445,65161
3,65609,910,0.0,10094,445,65164
2,65611,910,0.0,10095,445,65166
4,65615,910,0.0,10096,445,65170
4,65619,910,0.0,10097,445,65174
7,65626,910,0.0,10098,445,65181
2,65628,910,0.0,10099,445,65183
9,65637,910,0.0,10100,445,65192
3,65640,910,0.0,10101,445,65195
19,65659,910,0.0,10102,445,65214
5,65664,910,0.0,10103,445,65219
7,65671,910,0.0,10104,445,65226
4,65675,910,0.0,10105,445,65230
3,65678,910,0.0,10106,445,65233
2,65680,910,0.0,10107,445,65235
3,65683,910,0.0,10108,445,65238
5,65688,910,0.0,10109,445,65243
14,65702,910,0.0,10110,445,65257
3,65705,910,0.0,10111,445,65260
3,65708,910,0.0,10112,445,65263
9,65717,910,0.0,10113,445,65272
18,65735,911,1.0,10114,445,65290
5,65740,911,0.0,10115,445,65295
8,65748,911,0.0,10116,445,65303
4,65752,911,0.0,10117,445,65307
18,65770,912,1.0,10118,445,65325
4,65774,912,0.0,10119,445,65329
2,65776,912,0.0,10120,445,65331
4,65780,912,0.0,10121,445,65335
3,65783,912,0.0,10122,445,65338
11,65794,912,0.0,10123,445,65349
19,65813,912,0.0,10124,445,65368
3,65816,912,0.0,10125,445,65371
3,65819,912,0.0,10126,445,65374
3,65822,912,0.0,10127,445,65377
2,65824,912,0.0,10128,445,65379
3,65827,912,0.0,10129,445,65382
3,65830,912,0.0,10130,445,65385
11,65841,913,1.0,10131,445,65396
8,65849,913,0.0,10132,445,65404
3,65852,913,0.0,10133,445,65407
3,65855,913,0.0,10134,445,65410
11,65866,913,0.0,10135,445,65421
5,65871,913,0.0,10136,445,65426
5,65876,913,0.0,10137,445,65431
4,65880,913,0.0,10138,445,65435
3,65883,913,0.0,10139,445,65438
6,65889,913,0.0,10140,445,65444
5,65894,913,0.0,10141,445,65449
3,65897,913,0.0,10142,445,65452
19,65916,913,0.0,10143,445,65471
2,65918,913,0.0,10144,445,65473
3,65921,913,0.0,10145,445,65476
17,65938,913,0.0,10146,445,65493
6,65944,913,0.0,10147,445,65499
2,65946,913,0.0,10148,445,65501
4,65950,913,0.0,10149,445,65505
2,65952,913,0.0,10150,445,65507
18,65970,914,1.0,10151,445,65525
6,65976,914,0.0,10152,445,65531
5,65981,914,0.0,10153,445,65536
18,65999,914,0.0,10154,445,65554
20,66019,914,0.0,10155,445,65574
5,66024,914,0.0,10156,445,65579
2,66026,914,0.0,10157,445,65581
3,66029,914,0.0,10158,445,65584
2,66031,914,0.0,10159,445,65586
9,66040,914,0.0,10160,445,65595
2,66042,914,0.0,10161,445,65597
2,66044,914,0.0,10162,445,65599
3,66047,914,0.0,10163,445,65602
6,66053,914,0.0,10164,445,65608
14,66067,914,0.0,10165,445,65622
4,66071,914,0.0,10166,445,65626
8,66079,914,0.0,10167,445,65634
3,66082,914,0.0,10168,445,65637
2,66084,914,0.0,10169,445,65639
5,66089,914,0.0,10170,445,65644
5,66094,914,0.0,10171,445,65649
5,66099,914,0.0,10172,445,65654
2,66101,914,0.0,10173,445,65656
5,66106,914,0.0,10174,445,65661
2,66108,914,0.0,10175,445,65663
3,66111,914,0.0,10176,445,65666
5,66116,914,0.0,10177,445,65671
3,66119,914,0.0,10178,445,65674
12,66131,914,0.0,10179,445,65686
11,66142,914,0.0,10180,445,65697
4,66146,914,0.0,10181,445,65701
3,66149,914,0.0,10182,445,65704
6,66155,914,0.0,10183,445,65710
3,66158,914,0.0,10184,445,65713
4,66162,914,0.0,10185,445,65717
3,66165,914,0.0,10186,445,65720
13,66178,915,1.0,10187,445,65733
3,66181,915,0.0,10188,445,65736
19,66200,915,0.0,10189,445,65755
3,66203,915,0.0,10190,445,65758
3,66206,915,0.0,10191,445,65761
19,66225,915,0.0,10192,445,65780
19,66244,915,0.0,10193,445,65799
4,66248,915,0.0,10194,445,65803
2,66250,915,0.0,10195,445,65805
3,66253,915,0.0,10196,445,65808
2,66255,915,0.0,10197,445,65810
5,66260,915,0.0,10198,445,65815
3,66263,915,0.0,10199,445,65818
5,66268,915,0.0,10200,445,65823
2,66270,915,0.0,10201,445,65825
5,66275,915,0.0,10202,445,65830
6,66281,915,0.0,10203,445,65836
4,66285,915,0.0,10204,445,65840
2,66287,915,0.0,10205,445,65842
6,66293,915,0.0,10206,445,65848
4,66297,915,0.0,10207,445,65852
17,66314,915,0.0,10208,445,65869
3,66317,915,0.0,10209,445,65872
11,66328,916,1.0,10210,445,65883
2,66330,916,0.0,10211,445,65885
2,66332,916,0.0,10212,445,65887
5,66337,916,0.0,10213,445,65892
3,66340,916,0.0,10214,445,65895
2,66342,916,0.0,10215,445,65897
8,66350,916,0.0,10216,445,65905
3,66353,916,0.0,10217,445,65908
2,66355,916,0.0,10218,445,65910
7,66362,916,0.0,10219,445,65917
2,66364,916,0.0,10220,445,65919
3,66367,916,0.0,10221,445,65922
6,66373,916,0.0,10222,445,65928
21,66394,916,0.0,10223,445,65949
2,66396,916,0.0,10224,445,65951
19,66415,916,0.0,10225,445,65970
2,66417,916,0.0,10226,445,65972
2,66419,916,0.0,10227,445,65974
2,66421,916,0.0,10228,445,65976
2,66423,916,0.0,10229,445,65978
3,66426,916,0.0,10230,445,65981
4,66430,916,0.0,10231,445,65985
18,66448,917,1.0,10232,445,66003
3,66451,917,0.0,10233,445,66006
3,66454,917,0.0,10234,445,66009
9,66463,917,0.0,10235,445,66018
3,66466,917,0.0,10236,445,66021
3,66469,917,0.0,10237,445,66024
7,66476,917,0.0,10238,445,66031
14,66490,917,0.0,10239,445,66045
3,66493,917,0.0,10240,445,66048
10,66503,917,0.0,10241,445,66058
2,66505,917,0.0,10242,445,66060
13,66518,917,0.0,10243,445,66073
7,66525,917,0.0,10244,445,66080
2,66527,917,0.0,10245,445,66082
3,66530,917,0.0,10246,445,66085
39,66569,917,0.0,10247,445,66124
5,66574,917,0.0,10248,445,66129
2,66576,917,0.0,10249,445,66131
3,66579,917,0.0,10250,445,66134
4,66583,917,0.0,10251,445,66138
2,66585,917,0.0,10252,445,66140
2,66587,917,0.0,10253,445,66142
25,66612,917,0.0,10254,445,66167
4,66616,917,0.0,10255,445,66171
3,66619,917,0.0,10256,445,66174
4,66623,917,0.0,10257,445,66178
5,66628,917,0.0,10258,445,66183
2,66630,917,0.0,10259,445,66185
11,66641,917,0.0,10260,445,66196
3,66644,917,0.0,10261,445,66199
3,66647,917,0.0,10262,445,66202
11,66658,917,0.0,10263,445,66213
5,66663,917,0.0,10264,445,66218
9,66672,917,0.0,10265,445,66227
4,66676,917,0.0,10266,445,66231
3,66679,917,0.0,10267,445,66234
12,66691,917,0.0,10268,445,66246
5,66696,917,0.0,10269,445,66251
4,66700,917,0.0,10270,445,66255
2,66702,917,0.0,10271,445,66257
4,66706,917,0.0,10272,445,66261
11,66717,917,0.0,10273,445,66272
19,66736,917,0.0,10274,445,66291
7,66743,917,0.0,10275,445,66298
5,66748,917,0.0,10276,445,66303
6,66754,917,0.0,10277,445,66309
5,66759,917,0.0,10278,445,66314
5,66764,917,0.0,10279,445,66319
3,66767,917,0.0,10280,445,66322
5,66772,917,0.0,10281,445,66327
3,66775,917,0.0,10282,445,66330
3,66778,917,0.0,10283,445,66333
3,66781,917,0.0,10284,445,66336
5,66786,917,0.0,10285,445,66341
5,66791,917,0.0,10286,445,66346
3,66794,917,0.0,10287,445,66349
11,66805,918,1.0,10288,445,66360
2,66807,918,0.0,10289,445,66362
5,66812,918,0.0,10290,445,66367
4,66816,918,0.0,10291,445,66371
6,66822,918,0.0,10292,445,66377
11,66833,919,1.0,10293,445,66388
11,66844,920,1.0,10294,445,66399
6,66850,920,0.0,10295,445,66405
2,66852,920,0.0,10296,445,66407
18,66870,920,0.0,10297,445,66425
2,66872,920,0.0,10298,445,66427
3,66875,920,0.0,10299,445,66430
20,66895,920,0.0,10300,445,66450
2,66897,920,0.0,10301,445,66452
2,66899,920,0.0,10302,445,66454
5,66904,920,0.0,10303,445,66459
2,66906,920,0.0,10304,445,66461
5,66911,920,0.0,10305,445,66466
3,66914,920,0.0,10306,445,66469
2,66916,920,0.0,10307,445,66471
3,66919,920,0.0,10308,445,66474
3,66922,920,0.0,10309,445,66477
2,66924,920,0.0,10310,445,66479
3,66927,920,0.0,10311,445,66482
11,66938,920,0.0,10312,445,66493
2,66940,920,0.0,10313,445,66495
2,66942,920,0.0,10314,445,66497
5,66947,920,0.0,10315,445,66502
5,66952,920,0.0,10316,445,66507
2,66954,920,0.0,10317,445,66509
8,66962,920,0.0,10318,445,66517
21,66983,920,0.0,10319,445,66538
11,66994,920,0.0,10320,445,66549
3,66997,920,0.0,10321,445,66552
2,66999,920,0.0,10322,445,66554
2,67001,920,0.0,10323,445,66556
3,67004,920,0.0,10324,445,66559
3,67007,920,0.0,10325,445,66562
2,67009,920,0.0,10326,445,66564
3,67012,920,0.0,10327,445,66567
19,67031,920,0.0,10328,445,66586
5,67036,920,0.0,10329,445,66591
16,67052,920,0.0,10330,445,66607
5,67057,920,0.0,10331,445,66612
3,67060,920,0.0,10332,445,66615
2,67062,920,0.0,10333,445,66617
10,67072,920,0.0,10334,445,66627
2,67074,920,0.0,10335,445,66629
5,67079,920,0.0,10336,445,66634
5,67084,920,0.0,10337,445,66639
7,67091,920,0.0,10338,445,66646
2,67093,920,0.0,10339,445,66648
29,67122,920,0.0,10340,445,66677
11,67133,920,0.0,10341,445,66688
12,67145,920,0.0,10342,445,66700
6,67151,920,0.0,10343,445,66706
3,67154,920,0.0,10344,445,66709
5,67159,920,0.0,10345,445,66714
5,67164,920,0.0,10346,445,66719
2,67166,920,0.0,10347,445,66721
6,67172,920,0.0,10348,445,66727
5,67177,920,0.0,10349,445,66732
11,67188,921,1.0,10350,445,66743
2,67190,921,0.0,10351,445,66745
2,67192,921,0.0,10352,445,66747
10,67202,921,0.0,10353,445,66757
8,67210,921,0.0,10354,445,66765
7,67217,921,0.0,10355,445,66772
2,67219,921,0.0,10356,445,66774
2,67221,921,0.0,10357,445,66776
12,67233,921,0.0,10358,445,66788
5,67238,921,0.0,10359,445,66793
6,67244,921,0.0,10360,445,66799
18,67262,922,1.0,10361,445,66817
5,67267,922,0.0,10362,445,66822
2,67269,922,0.0,10363,445,66824
5,67274,922,0.0,10364,445,66829
3,67277,922,0.0,10365,445,66832
2,67279,922,0.0,10366,445,66834
11,67290,923,1.0,10367,445,66845
3,67293,923,0.0,10368,445,66848
12,67305,923,0.0,10369,445,66860
2,67307,923,0.0,10370,445,66862
4,67311,923,0.0,10371,445,66866
2,67313,923,0.0,10372,445,66868
2,67315,923,0.0,10373,445,66870
3,67318,923,0.0,10374,445,66873
6,67324,923,0.0,10375,445,66879
8,67332,923,0.0,10376,445,66887
9,67341,923,0.0,10377,445,66896
6,67347,923,0.0,10378,445,66902
3,67350,923,0.0,10379,445,66905
6,67356,923,0.0,10380,445,66911
2,67358,923,0.0,10381,445,66913
3,67361,923,0.0,10382,445,66916
2,67363,923,0.0,10383,445,66918
5,67368,923,0.0,10384,445,66923
2,67370,923,0.0,10385,445,66925
2,67372,923,0.0,10386,445,66927
3,67375,923,0.0,10387,445,66930
3,67378,923,0.0,10388,445,66933
3,67381,923,0.0,10389,445,66936
4,67385,923,0.0,10390,445,66940
3,67388,923,0.0,10391,445,66943
3,67391,923,0.0,10392,445,66946
2,67393,923,0.0,10393,445,66948
5,67398,923,0.0,10394,445,66953
5,67403,923,0.0,10395,445,66958
4,67407,923,0.0,10396,445,66962
18,67425,924,1.0,10397,445,66980
11,67436,925,1.0,10398,445,66991
5,67441,925,0.0,10399,445,66996
3,67444,925,0.0,10400,445,66999
3,67447,925,0.0,10401,445,67002
3,67450,925,0.0,10402,445,67005
20,67470,925,0.0,10403,445,67025
2,67472,925,0.0,10404,445,67027
3,67475,925,0.0,10405,445,67030
4,67479,925,0.0,10406,445,67034
3,67482,925,0.0,10407,445,67037
2,67484,925,0.0,10408,445,67039
4,67488,925,0.0,10409,445,67043
9,67497,925,0.0,10410,445,67052
3,67500,925,0.0,10411,445,67055
7,67507,925,0.0,10412,445,67062
14,67521,925,0.0,10413,445,67076
2,67523,925,0.0,10414,445,67078
6,67529,925,0.0,10415,445,67084
5,67534,925,0.0,10416,445,67089
2,67536,925,0.0,10417,445,67091
3,67539,925,0.0,10418,445,67094
5,67544,925,0.0,10419,445,67099
5,67549,925,0.0,10420,445,67104
2,67551,925,0.0,10421,445,67106
5,67556,925,0.0,10422,445,67111
3,67559,925,0.0,10423,445,67114
3,67562,925,0.0,10424,445,67117
4,67566,925,0.0,10425,445,67121
3,67569,925,0.0,10426,445,67124
11,67580,926,1.0,10427,445,67135
8,67588,926,0.0,10428,445,67143
2,67590,926,0.0,10429,445,67145
3,67593,926,0.0,10430,445,67148
8,67601,926,0.0,10431,445,67156
2,67603,926,0.0,10432,445,67158
2,67605,926,0.0,10433,445,67160
5,67610,926,0.0,10434,445,67165
3,67613,926,0.0,10435,445,67168
19,67632,926,0.0,10436,445,67187
9,67641,926,0.0,10437,445,67196
8,67649,926,0.0,10438,445,67204
14,67663,926,0.0,10439,445,67218
11,67674,927,1.0,10440,445,67229
5,67679,927,0.0,10441,445,67234
6,67685,927,0.0,10442,445,67240
9,67694,927,0.0,10443,445,67249
6,67700,927,0.0,10444,445,67255
2,67702,927,0.0,10445,445,67257
3,67705,927,0.0,10446,445,67260
5,67710,927,0.0,10447,445,67265
5,67715,927,0.0,10448,445,67270
6,67721,927,0.0,10449,445,67276
2,67723,927,0.0,10450,445,67278
5,67728,927,0.0,10451,445,67283
22,67750,927,0.0,10452,445,67305
8,67758,927,0.0,10453,445,67313
18,67776,928,1.0,10454,445,67331
19,67795,928,0.0,10455,445,67350
4,67799,928,0.0,10456,445,67354
11,67810,929,1.0,10457,445,67365
5,67815,929,0.0,10458,445,67370
3,67818,929,0.0,10459,445,67373
2,67820,929,0.0,10460,445,67375
2,67822,929,0.0,10461,445,67377
2,67824,929,0.0,10462,445,67379
3,67827,929,0.0,10463,445,67382
3,67830,929,0.0,10464,445,67385
2,67832,929,0.0,10465,445,67387
5,67837,929,0.0,10466,445,67392
3,67840,929,0.0,10467,445,67395
6,67846,929,0.0,10468,445,67401
18,67864,929,0.0,10469,445,67419
2,67866,929,0.0,10470,445,67421
5,67871,929,0.0,10471,445,67426
13,67884,930,1.0,10472,445,67439
2,67886,930,0.0,10473,445,67441
2,67888,930,0.0,10474,445,67443
3,67891,930,0.0,10475,445,67446
2,67893,930,0.0,10476,445,67448
2,67895,930,0.0,10477,445,67450
3,67898,930,0.0,10478,445,67453
35,67933,930,0.0,10479,445,67488
4,67937,930,0.0,10480,445,67492
4,67941,930,0.0,10481,445,67496
19,67960,930,0.0,10482,445,67515
14,67974,930,0.0,10483,445,67529
3,67977,930,0.0,10484,445,67532
2,67979,930,0.0,10485,445,67534
2,67981,930,0.0,10486,445,67536
11,67992,930,0.0,10487,445,67547
3,67995,930,0.0,10488,445,67550
2,67997,930,0.0,10489,445,67552
19,68016,930,0.0,10490,445,67571
15,68031,930,0.0,10491,445,67586
5,68036,930,0.0,10492,445,67591
3,68039,930,0.0,10493,445,67594
2,68041,930,0.0,10494,445,67596
3,68044,930,0.0,10495,445,67599
2,68046,930,0.0,10496,445,67601
4,68050,930,0.0,10497,445,67605
4,68054,930,0.0,10498,445,67609
3,68057,930,0.0,10499,445,67612
2,68059,930,0.0,10500,445,67614
2,68061,930,0.0,10501,445,67616
14,68075,930,0.0,10502,445,67630
3,68078,930,0.0,10503,445,67633
3,68081,930,0.0,10504,445,67636
22,68103,930,0.0,10505,445,67658
3,68106,930,0.0,10506,445,67661
8,68114,930,0.0,10507,445,67669
2,68116,930,0.0,10508,445,67671
3,68119,930,0.0,10509,445,67674
11,68130,930,0.0,10510,445,67685
6,68136,930,0.0,10511,445,67691
9,68145,930,0.0,10512,445,67700
5,68150,930,0.0,10513,445,67705
3,68153,930,0.0,10514,445,67708
2,68155,930,0.0,10515,445,67710
12,68167,930,0.0,10516,445,67722
2,68169,930,0.0,10517,445,67724
2,68171,930,0.0,10518,445,67726
13,68184,930,0.0,10519,445,67739
11,68195,930,0.0,10520,445,67750
11,68206,930,0.0,10521,445,67761
5,68211,930,0.0,10522,445,67766
4,68215,930,0.0,10523,445,67770
5,68220,930,0.0,10524,445,67775
3,68223,930,0.0,10525,445,67778
3,68226,930,0.0,10526,445,67781
3,68229,930,0.0,10527,445,67784
6,68235,930,0.0,10528,445,67790
3,68238,930,0.0,10529,445,67793
9,68247,930,0.0,10530,445,67802
5,68252,930,0.0,10531,445,67807
11,68263,931,1.0,10532,445,67818
2,68265,931,0.0,10533,445,67820
3,68268,931,0.0,10534,445,67823
6,68274,931,0.0,10535,445,67829
2,68276,931,0.0,10536,445,67831
3,68279,931,0.0,10537,445,67834
2,68281,931,0.0,10538,445,67836
3,68284,931,0.0,10539,445,67839
9,68293,931,0.0,10540,445,67848
3,68296,931,0.0,10541,445,67851
16,68312,931,0.0,10542,445,67867
4,68316,931,0.0,10543,445,67871
2,68318,931,0.0,10544,445,67873
6,68324,931,0.0,10545,445,67879
3,68327,931,0.0,10546,445,67882
3,68330,931,0.0,10547,445,67885
3,68333,931,0.0,10548,445,67888
2,68335,931,0.0,10549,445,67890
10,68345,931,0.0,10550,445,67900
19,68364,931,0.0,10551,445,67919
18,68382,932,1.0,10552,445,67937
5,68387,932,0.0,10553,445,67942
5,68392,932,0.0,10554,445,67947
19,68411,932,0.0,10555,445,67966
6,68417,932,0.0,10556,445,67972
5,68422,932,0.0,10557,445,67977
5,68427,932,0.0,10558,445,67982
2,68429,932,0.0,10559,445,67984
10,68439,932,0.0,10560,445,67994
14,68453,932,0.0,10561,445,68008
15,68468,932,0.0,10562,445,68023
3,68471,932,0.0,10563,445,68026
2,68473,932,0.0,10564,445,68028
5,68478,932,0.0,10565,445,68033
4,68482,932,0.0,10566,445,68037
2,68484,932,0.0,10567,445,68039
2,68486,932,0.0,10568,445,68041
3,68489,932,0.0,10569,445,68044
3,68492,932,0.0,10570,445,68047
3,68495,932,0.0,10571,445,68050
3,68498,932,0.0,10572,445,68053
2,68500,932,0.0,10573,445,68055
3,68503,932,0.0,10574,445,68058
5,68508,932,0.0,10575,445,68063
2,68510,932,0.0,10576,445,68065
13,68523,932,0.0,10577,445,68078
2,68525,932,0.0,10578,445,68080
18,68543,933,1.0,10579,445,68098
5,68548,933,0.0,10580,445,68103
3,68551,933,0.0,10581,445,68106
3,68554,933,0.0,10582,445,68109
2,68556,933,0.0,10583,445,68111
5,68561,933,0.0,10584,445,68116
2,68563,933,0.0,10585,445,68118
2,68565,933,0.0,10586,445,68120
3,68568,933,0.0,10587,445,68123
2,68570,933,0.0,10588,445,68125
5,68575,933,0.0,10589,445,68130
3,68578,933,0.0,10590,445,68133
8,68586,933,0.0,10591,445,68141
2,68588,933,0.0,10592,445,68143
2,68590,933,0.0,10593,445,68145
19,68609,933,0.0,10594,445,68164
5,68614,933,0.0,10595,445,68169
18,68632,933,0.0,10596,445,68187
9,68641,933,0.0,10597,445,68196
2,68643,933,0.0,10598,445,68198
3,68646,933,0.0,10599,445,68201
4,68650,933,0.0,10600,445,68205
9,68659,933,0.0,10601,445,68214
5,68664,933,0.0,10602,445,68219
3,68667,933,0.0,10603,445,68222
3,68670,933,0.0,10604,445,68225
3,68673,933,0.0,10605,445,68228
5,68678,933,0.0,10606,445,68233
2,68680,933,0.0,10607,445,68235
16,68696,933,0.0,10608,445,68251
5,68701,933,0.0,10609,445,68256
5,68706,933,0.0,10610,445,68261
11,68717,934,1.0,10611,445,68272
2,68719,934,0.0,10612,445,68274
17,68736,934,0.0,10613,445,68291
12,68748,934,0.0,10614,445,68303
7,68755,934,0.0,10615,445,68310
2,68757,934,0.0,10616,445,68312
3,68760,934,0.0,10617,445,68315
2,68762,934,0.0,10618,445,68317
2,68764,934,0.0,10619,445,68319
14,68778,934,0.0,10620,445,68333
16,68794,934,0.0,10621,445,68349
2,68796,934,0.0,10622,445,68351
3,68799,934,0.0,10623,445,68354
3,68802,934,0.0,10624,445,68357
3,68805,934,0.0,10625,445,68360
2,68807,934,0.0,10626,445,68362
2,68809,934,0.0,10627,445,68364
20,68829,934,0.0,10628,445,68384
5,68834,934,0.0,10629,445,68389
2,68836,934,0.0,10630,445,68391
3,68839,934,0.0,10631,445,68394
3,68842,934,0.0,10632,445,68397
2,68844,934,0.0,10633,445,68399
2,68846,934,0.0,10634,445,68401
7,68853,934,0.0,10635,445,68408
3,68856,934,0.0,10636,445,68411
6,68862,934,0.0,10637,445,68417
3,68865,934,0.0,10638,445,68420
6,68871,934,0.0,10639,445,68426
2,68873,934,0.0,10640,445,68428
2,68875,934,0.0,10641,445,68430
2,68877,934,0.0,10642,445,68432
3,68880,934,0.0,10643,445,68435
2,68882,934,0.0,10644,445,68437
19,68901,934,0.0,10645,445,68456
6,68907,934,0.0,10646,445,68462
2,68909,934,0.0,10647,445,68464
13,68922,934,0.0,10648,445,68477
3,68925,934,0.0,10649,445,68480
2,68927,934,0.0,10650,445,68482
3,68930,934,0.0,10651,445,68485
3,68933,934,0.0,10652,445,68488
16,68949,934,0.0,10653,445,68504
2,68951,934,0.0,10654,445,68506
4,68955,934,0.0,10655,445,68510
3,68958,934,0.0,10656,445,68513
2,68960,934,0.0,10657,445,68515
5,68965,934,0.0,10658,445,68520
2,68967,934,0.0,10659,445,68522
3,68970,934,0.0,10660,445,68525
4,68974,934,0.0,10661,445,68529
3,68977,934,0.0,10662,445,68532
5,68982,934,0.0,10663,445,68537
2,68984,934,0.0,10664,445,68539
12,68996,934,0.0,10665,445,68551
3,68999,934,0.0,10666,445,68554
10,69009,934,0.0,10667,445,68564
3,69012,934,0.0,10668,445,68567
2,69014,934,0.0,10669,445,68569
23,69037,934,0.0,10670,445,68592
3,69040,934,0.0,10671,445,68595
2,69042,934,0.0,10672,445,68597
14,69056,934,0.0,10673,445,68611
12,69068,934,0.0,10674,445,68623
9,69077,934,0.0,10675,445,68632
3,69080,934,0.0,10676,445,68635
2,69082,934,0.0,10677,445,68637
6,69088,934,0.0,10678,445,68643
2,69090,934,0.0,10679,445,68645
11,69101,935,1.0,10680,445,68656
40,69141,935,0.0,10681,445,68696
2,69143,935,0.0,10682,445,68698
5,69148,935,0.0,10683,445,68703
5,69153,935,0.0,10684,445,68708
2,69155,935,0.0,10685,445,68710
2,69157,935,0.0,10686,445,68712
19,69176,935,0.0,10687,445,68731
5,69181,935,0.0,10688,445,68736
2,69183,935,0.0,10689,445,68738
9,69192,935,0.0,10690,445,68747
7,69199,935,0.0,10691,445,68754
9,69208,935,0.0,10692,445,68763
3,69211,935,0.0,10693,445,68766
2,69213,935,0.0,10694,445,68768
9,69222,935,0.0,10695,445,68777
2,69224,935,0.0,10696,445,68779
3,69227,935,0.0,10697,445,68782
5,69232,935,0.0,10698,445,68787
3,69235,935,0.0,10699,445,68790
6,69241,935,0.0,10700,445,68796
3,69244,935,0.0,10701,445,68799
2,69246,935,0.0,10702,445,68801
16,69262,935,0.0,10703,445,68817
3,69265,935,0.0,10704,445,68820
8,69273,935,0.0,10705,445,68828
4,69277,935,0.0,10706,445,68832
3,69280,935,0.0,10707,445,68835
5,69285,935,0.0,10708,445,68840
9,69294,935,0.0,10709,445,68849
2,69296,935,0.0,10710,445,68851
5,69301,935,0.0,10711,445,68856
3,69304,935,0.0,10712,445,68859
3,69307,935,0.0,10713,445,68862
2,69309,935,0.0,10714,445,68864
18,69327,936,1.0,10715,445,68882
18,69345,937,1.0,10716,445,68900
9,69354,937,0.0,10717,445,68909
11,69365,937,0.0,10718,445,68920
3,69368,937,0.0,10719,445,68923
3,69371,937,0.0,10720,445,68926
3,69374,937,0.0,10721,445,68929
16,69390,937,0.0,10722,445,68945
18,69408,938,1.0,10723,445,68963
2,69410,938,0.0,10724,445,68965
12,69422,938,0.0,10725,445,68977
18,69440,939,1.0,10726,445,68995
2,69442,939,0.0,10727,445,68997
12,69454,939,0.0,10728,445,69009
2,69456,939,0.0,10729,445,69011
11,69467,939,0.0,10730,445,69022
26,69493,939,0.0,10731,445,69048
11,69504,939,0.0,10732,445,69059
2,69506,939,0.0,10733,445,69061
2,69508,939,0.0,10734,445,69063
4,69512,939,0.0,10735,445,69067
23,69535,939,0.0,10736,445,69090
2,69537,939,0.0,10737,445,69092
5,69542,939,0.0,10738,445,69097
7,69549,939,0.0,10739,445,69104
3,69552,939,0.0,10740,445,69107
2,69554,939,0.0,10741,445,69109
2,69556,939,0.0,10742,445,69111
3,69559,939,0.0,10743,445,69114
2,69561,939,0.0,10744,445,69116
2,69563,939,0.0,10745,445,69118
5,69568,939,0.0,10746,445,69123
5,69573,939,0.0,10747,445,69128
5,69578,939,0.0,10748,445,69133
6,69584,939,0.0,10749,445,69139
2,69586,939,0.0,10750,445,69141
3,69589,939,0.0,10751,445,69144
6,69595,939,0.0,10752,445,69150
7,69602,939,0.0,10753,445,69157
3,69605,939,0.0,10754,445,69160
4,69609,939,0.0,10755,445,69164
5,69614,939,0.0,10756,445,69169
14,69628,939,0.0,10757,445,69183
5,69633,939,0.0,10758,445,69188
2,69635,939,0.0,10759,445,69190
5,69640,939,0.0,10760,445,69195
2,69642,939,0.0,10761,445,69197
9,69651,939,0.0,10762,445,69206
2,69653,939,0.0,10763,445,69208
9,69662,939,0.0,10764,445,69217
15,69677,939,0.0,10765,445,69232
3,69680,939,0.0,10766,445,69235
18,69698,940,1.0,10767,445,69253
2,69700,940,0.0,10768,445,69255
4,69704,940,0.0,10769,445,69259
19,69723,940,0.0,10770,445,69278
2,69725,940,0.0,10771,445,69280
2,69727,940,0.0,10772,445,69282
19,69746,940,0.0,10773,445,69301
2,69748,940,0.0,10774,445,69303
6,69754,940,0.0,10775,445,69309
2,69756,940,0.0,10776,445,69311
13,69769,940,0.0,10777,445,69324
2,69771,940,0.0,10778,445,69326
3,69774,940,0.0,10779,445,69329
2,69776,940,0.0,10780,445,69331
5,69781,940,0.0,10781,445,69336
4,69785,940,0.0,10782,445,69340
10,69795,940,0.0,10783,445,69350
4,69799,940,0.0,10784,445,69354
2,69801,940,0.0,10785,445,69356
5,69806,940,0.0,10786,445,69361
6,69812,940,0.0,10787,445,69367
8,69820,940,0.0,10788,445,69375
3,69823,940,0.0,10789,445,69378
2,69825,940,0.0,10790,445,69380
11,69836,941,1.0,10791,445,69391
2,69838,941,0.0,10792,445,69393
5,69843,941,0.0,10793,445,69398
5,69848,941,0.0,10794,445,69403
3,69851,941,0.0,10795,445,69406
19,69870,941,0.0,10796,445,69425
14,69884,941,0.0,10797,445,69439
11,69895,941,0.0,10798,445,69450
2,69897,941,0.0,10799,445,69452
6,69903,941,0.0,10800,445,69458
9,69912,941,0.0,10801,445,69467
2,69914,941,0.0,10802,445,69469
12,69926,941,0.0,10803,445,69481
2,69928,941,0.0,10804,445,69483
3,69931,941,0.0,10805,445,69486
14,69945,941,0.0,10806,445,69500
3,69948,941,0.0,10807,445,69503
3,69951,941,0.0,10808,445,69506
2,69953,941,0.0,10809,445,69508
3,69956,941,0.0,10810,445,69511
3,69959,941,0.0,10811,445,69514
5,69964,941,0.0,10812,445,69519
3,69967,941,0.0,10813,445,69522
2,69969,941,0.0,10814,445,69524
3,69972,941,0.0,10815,445,69527
2,69974,941,0.0,10816,445,69529
6,69980,941,0.0,10817,445,69535
8,69988,941,0.0,10818,445,69543
2,69990,941,0.0,10819,445,69545
5,69995,941,0.0,10820,445,69550
6,70001,941,0.0,10821,445,69556
3,70004,941,0.0,10822,445,69559
7,70011,941,0.0,10823,445,69566
2,70013,941,0.0,10824,445,69568
3,70016,941,0.0,10825,445,69571
4,70020,941,0.0,10826,445,69575
2,70022,941,0.0,10827,445,69577
3,70025,941,0.0,10828,445,69580
4,70029,941,0.0,10829,445,69584
2,70031,941,0.0,10830,445,69586
8,70039,941,0.0,10831,445,69594
18,70057,942,1.0,10832,445,69612
3,70060,942,0.0,10833,445,69615
2,70062,942,0.0,10834,445,69617
3,70065,942,0.0,10835,445,69620
24,70089,943,1.0,10836,445,69644
2,70091,943,0.0,10837,445,69646
18,70109,944,1.0,10838,445,69664
13,70122,945,1.0,10839,445,69677
2,70124,945,0.0,10840,445,69679
9,70133,945,0.0,10841,445,69688
5,70138,945,0.0,10842,445,69693
19,70157,945,0.0,10843,445,69712
3,70160,945,0.0,10844,445,69715
2,70162,945,0.0,10845,445,69717
2,70164,945,0.0,10846,445,69719
14,70178,945,0.0,10847,445,69733
3,70181,945,0.0,10848,445,69736
14,70195,945,0.0,10849,445,69750
4,70199,945,0.0,10850,445,69754
2,70201,945,0.0,10851,445,69756
6,70207,945,0.0,10852,445,69762
3,70210,945,0.0,10853,445,69765
2,70212,945,0.0,10854,445,69767
2,70214,945,0.0,10855,445,69769
6,70220,945,0.0,10856,445,69775
9,70229,945,0.0,10857,445,69784
3,70232,945,0.0,10858,445,69787
5,70237,945,0.0,10859,445,69792
14,70251,945,0.0,10860,445,69806
14,70265,945,0.0,10861,445,69820
4,70269,945,0.0,10862,445,69824
2,70271,945,0.0,10863,445,69826
4,70275,945,0.0,10864,445,69830
3,70278,945,0.0,10865,445,69833
2,70280,945,0.0,10866,445,69835
3,70283,945,0.0,10867,445,69838
2,70285,945,0.0,10868,445,69840
4,70289,945,0.0,10869,445,69844
3,70292,945,0.0,10870,445,69847
2,70294,945,0.0,10871,445,69849
3,70297,945,0.0,10872,445,69852
3,70300,945,0.0,10873,445,69855
5,70305,945,0.0,10874,445,69860
2,70307,945,0.0,10875,445,69862
3,70310,945,0.0,10876,445,69865
9,70319,945,0.0,10877,445,69874
2,70321,945,0.0,10878,445,69876
2,70323,945,0.0,10879,445,69878
14,70337,945,0.0,10880,445,69892
2,70339,945,0.0,10881,445,69894
2,70341,945,0.0,10882,445,69896
2,70343,945,0.0,10883,445,69898
2,70345,945,0.0,10884,445,69900
6,70351,945,0.0,10885,445,69906
10,70361,945,0.0,10886,445,69916
2,70363,945,0.0,10887,445,69918
2,70365,945,0.0,10888,445,69920
8,70373,945,0.0,10889,445,69928
11,70384,946,1.0,10890,445,69939
3,70387,946,0.0,10891,445,69942
18,70405,947,1.0,10892,445,69960
3,70408,947,0.0,10893,445,69963
5,70413,947,0.0,10894,445,69968
19,70432,947,0.0,10895,445,69987
10,70442,947,0.0,10896,445,69997
2,70444,947,0.0,10897,445,69999
2,70446,947,0.0,10898,445,70001
3,70449,947,0.0,10899,445,70004
14,70463,947,0.0,10900,445,70018
2,70465,947,0.0,10901,445,70020
2,70467,947,0.0,10902,445,70022
2,70469,947,0.0,10903,445,70024
2,70471,947,0.0,10904,445,70026
2,70473,947,0.0,10905,445,70028
11,70484,948,1.0,10906,445,70039
4,70488,948,0.0,10907,445,70043
14,70502,948,0.0,10908,445,70057
11,70513,949,1.0,10909,445,70068
2,70515,949,0.0,10910,445,70070
2,70517,949,0.0,10911,445,70072
2,70519,949,0.0,10912,445,70074
11,70530,950,1.0,10913,445,70085
2,70532,950,0.0,10914,445,70087
2,70534,950,0.0,10915,445,70089
3,70537,950,0.0,10916,445,70092
2,70539,950,0.0,10917,445,70094
9,70548,950,0.0,10918,445,70103
2,70550,950,0.0,10919,445,70105
2,70552,950,0.0,10920,445,70107
3,70555,950,0.0,10921,445,70110
3,70558,950,0.0,10922,445,70113
11,70569,951,1.0,10923,445,70124
9,70578,951,0.0,10924,445,70133
3,70581,951,0.0,10925,445,70136
4,70585,951,0.0,10926,445,70140
2,70587,951,0.0,10927,445,70142
3,70590,951,0.0,10928,445,70145
9,70599,951,0.0,10929,445,70154
5,70604,951,0.0,10930,445,70159
6,70610,951,0.0,10931,445,70165
12,70622,951,0.0,10932,445,70177
6,70628,951,0.0,10933,445,70183
3,70631,951,0.0,10934,445,70186
3,70634,951,0.0,10935,445,70189
18,70652,951,0.0,10936,445,70207
19,70671,951,0.0,10937,445,70226
4,70675,951,0.0,10938,445,70230
9,70684,951,0.0,10939,445,70239
4,70688,951,0.0,10940,445,70243
15,70703,951,0.0,10941,445,70258
5,70708,951,0.0,10942,445,70263
17,70725,951,0.0,10943,445,70280
6,70731,951,0.0,10944,445,70286
19,70750,951,0.0,10945,445,70305
2,70752,951,0.0,10946,445,70307
2,70754,951,0.0,10947,445,70309
5,70759,951,0.0,10948,445,70314
3,70762,951,0.0,10949,445,70317
3,70765,951,0.0,10950,445,70320
2,70767,951,0.0,10951,445,70322
13,70780,951,0.0,10952,445,70335
2,70782,951,0.0,10953,445,70337
5,70787,951,0.0,10954,445,70342
23,70810,951,0.0,10955,445,70365
5,70815,951,0.0,10956,445,70370
6,70821,951,0.0,10957,445,70376
2,70823,951,0.0,10958,445,70378
2,70825,951,0.0,10959,445,70380
13,70838,952,1.0,10960,445,70393
2,70840,952,0.0,10961,445,70395
2,70842,952,0.0,10962,445,70397
6,70848,952,0.0,10963,445,70403
2,70850,952,0.0,10964,445,70405
4,70854,952,0.0,10965,445,70409
3,70857,952,0.0,10966,445,70412
32,70889,952,0.0,10967,445,70444
13,70902,952,0.0,10968,445,70457
3,70905,952,0.0,10969,445,70460
2,70907,952,0.0,10970,445,70462
2,70909,952,0.0,10971,445,70464
13,70922,952,0.0,10972,445,70477
2,70924,952,0.0,10973,445,70479
3,70927,952,0.0,10974,445,70482
7,70934,952,0.0,10975,445,70489
2,70936,952,0.0,10976,445,70491
4,70940,952,0.0,10977,445,70495
4,70944,952,0.0,10978,445,70499
3,70947,952,0.0,10979,445,70502
3,70950,952,0.0,10980,445,70505
2,70952,952,0.0,10981,445,70507
3,70955,952,0.0,10982,445,70510
2,70957,952,0.0,10983,445,70512
7,70964,952,0.0,10984,445,70519
3,70967,952,0.0,10985,445,70522
3,70970,952,0.0,10986,445,70525
4,70974,952,0.0,10987,445,70529
2,70976,952,0.0,10988,445,70531
8,70984,952,0.0,10989,445,70539
2,70986,952,0.0,10990,445,70541
4,70990,952,0.0,10991,445,70545
4,70994,952,0.0,10992,445,70549
2,70996,952,0.0,10993,445,70551
9,71005,952,0.0,10994,445,70560
2,71007,952,0.0,10995,445,70562
3,71010,952,0.0,10996,445,70565
2,71012,952,0.0,10997,445,70567
9,71021,952,0.0,10998,445,70576
4,71025,952,0.0,10999,445,70580
2,71027,952,0.0,11000,445,70582
11,71038,953,1.0,11001,445,70593
3,71041,953,0.0,11002,445,70596
2,71043,953,0.0,11003,445,70598
2,71045,953,0.0,11004,445,70600
3,71048,953,0.0,11005,445,70603
11,71059,953,0.0,11006,445,70614
3,71062,953,0.0,11007,445,70617
2,71064,953,0.0,11008,445,70619
2,71066,953,0.0,11009,445,70621
2,71068,953,0.0,11010,445,70623
2,71070,953,0.0,11011,445,70625
3,71073,953,0.0,11012,445,70628
2,71075,953,0.0,11013,445,70630
3,71078,953,0.0,11014,445,70633
2,71080,953,0.0,11015,445,70635
5,71085,953,0.0,11016,445,70640
5,71090,953,0.0,11017,445,70645
6,71096,953,0.0,11018,445,70651
2,71098,953,0.0,11019,445,70653
11,71109,954,1.0,11020,445,70664
2,71111,954,0.0,11021,445,70666
2,71113,954,0.0,11022,445,70668
2,71115,954,0.0,11023,445,70670
2,71117,954,0.0,11024,445,70672
2,71119,954,0.0,11025,445,70674
2,71121,954,0.0,11026,445,70676
3,71124,954,0.0,11027,445,70679
2,71126,954,0.0,11028,445,70681
2,71128,954,0.0,11029,445,70683
2,71130,954,0.0,11030,445,70685
5,71135,954,0.0,11031,445,70690
3,71138,954,0.0,11032,445,70693
7,71145,954,0.0,11033,445,70700
2,71147,954,0.0,11034,445,70702
14,71161,954,0.0,11035,445,70716
11,71172,955,1.0,11036,445,70727
11,71183,956,1.0,11037,445,70738
7,71190,956,0.0,11038,445,70745
3,71193,956,0.0,11039,445,70748
12,71205,956,0.0,11040,445,70760
3,71208,956,0.0,11041,445,70763
4,71212,956,0.0,11042,445,70767
3,71215,956,0.0,11043,445,70770
14,71229,956,0.0,11044,445,70784
2,71231,956,0.0,11045,445,70786
3,71234,956,0.0,11046,445,70789
19,71253,956,0.0,11047,445,70808
4,71257,956,0.0,11048,445,70812
3,71260,956,0.0,11049,445,70815
4,71264,956,0.0,11050,445,70819
2,71266,956,0.0,11051,445,70821
11,71277,957,1.0,11052,445,70832
2,71279,957,0.0,11053,445,70834
3,71282,957,0.0,11054,445,70837
5,71287,957,0.0,11055,445,70842
4,71291,957,0.0,11056,445,70846
2,71293,957,0.0,11057,445,70848
3,71296,957,0.0,11058,445,70851
17,71313,957,0.0,11059,445,70868
7,71320,957,0.0,11060,445,70875
3,71323,957,0.0,11061,445,70878
2,71325,957,0.0,11062,445,70880
4,71329,957,0.0,11063,445,70884
2,71331,957,0.0,11064,445,70886
11,71342,957,0.0,11065,445,70897
9,71351,957,0.0,11066,445,70906
4,71355,957,0.0,11067,445,70910
3,71358,957,0.0,11068,445,70913
3,71361,957,0.0,11069,445,70916
2,71363,957,0.0,11070,445,70918
14,71377,957,0.0,11071,445,70932
3,71380,957,0.0,11072,445,70935
2,71382,957,0.0,11073,445,70937
5,71387,957,0.0,11074,445,70942
8,71395,957,0.0,11075,445,70950
3,71398,957,0.0,11076,445,70953
5,71403,957,0.0,11077,445,70958
2,71405,957,0.0,11078,445,70960
17,71422,957,0.0,11079,445,70977
3,71425,957,0.0,11080,445,70980
3,71428,957,0.0,11081,445,70983
7,71435,957,0.0,11082,445,70990
9,71444,957,0.0,11083,445,70999
13,71457,957,0.0,11084,445,71012
2,71459,957,0.0,11085,445,71014
4,71463,957,0.0,11086,445,71018
5,71468,957,0.0,11087,445,71023
3,71471,957,0.0,11088,445,71026
2,71473,957,0.0,11089,445,71028
33,71506,957,0.0,11090,445,71061
2,71508,957,0.0,11091,445,71063
2,71510,957,0.0,11092,445,71065
5,71515,957,0.0,11093,445,71070
6,71521,957,0.0,11094,445,71076
5,71526,957,0.0,11095,445,71081
2,71528,957,0.0,11096,445,71083
5,71533,957,0.0,11097,445,71088
2,71535,957,0.0,11098,445,71090
7,71542,957,0.0,11099,445,71097
3,71545,957,0.0,11100,445,71100
2,71547,957,0.0,11101,445,71102
9,71556,957,0.0,11102,445,71111
8,71564,957,0.0,11103,445,71119
14,71578,957,0.0,11104,445,71133
19,71597,957,0.0,11105,445,71152
3,71600,957,0.0,11106,445,71155
2,71602,957,0.0,11107,445,71157
4,71606,957,0.0,11108,445,71161
4,71610,957,0.0,11109,445,71165
2,71612,957,0.0,11110,445,71167
2,71614,957,0.0,11111,445,71169
3,71617,957,0.0,11112,445,71172
5,71622,957,0.0,11113,445,71177
11,71633,957,0.0,11114,445,71188
4,71637,957,0.0,11115,445,71192
4,71641,957,0.0,11116,445,71196
2,71643,957,0.0,11117,445,71198
3,71646,957,0.0,11118,445,71201
5,71651,957,0.0,11119,445,71206
7,71658,957,0.0,11120,445,71213
3,71661,957,0.0,11121,445,71216
18,71679,957,0.0,11122,445,71234
23,71702,957,0.0,11123,445,71257
3,71705,957,0.0,11124,445,71260
16,71721,957,0.0,11125,445,71276
6,71727,957,0.0,11126,445,71282
2,71729,957,0.0,11127,445,71284
3,71732,957,0.0,11128,445,71287
17,71749,957,0.0,11129,445,71304
3,71752,957,0.0,11130,445,71307
3,71755,957,0.0,11131,445,71310
2,71757,957,0.0,11132,445,71312
5,71762,957,0.0,11133,445,71317
3,71765,957,0.0,11134,445,71320
2,71767,957,0.0,11135,445,71322
2,71769,957,0.0,11136,445,71324
5,71774,957,0.0,11137,445,71329
12,71786,957,0.0,11138,445,71341
3,71789,957,0.0,11139,445,71344
2,71791,957,0.0,11140,445,71346
2,71793,957,0.0,11141,445,71348
18,71811,957,0.0,11142,445,71366
2,71813,957,0.0,11143,445,71368
21,71834,957,0.0,11144,445,71389
5,71839,957,0.0,11145,445,71394
4,71843,957,0.0,11146,445,71398
8,71851,957,0.0,11147,445,71406
2,71853,957,0.0,11148,445,71408
6,71859,957,0.0,11149,445,71414
2,71861,957,0.0,11150,445,71416
2,71863,957,0.0,11151,445,71418
5,71868,957,0.0,11152,445,71423
5,71873,957,0.0,11153,445,71428
6,71879,957,0.0,11154,445,71434
12,71891,957,0.0,11155,445,71446
2,71893,957,0.0,11156,445,71448
4,71897,957,0.0,11157,445,71452
5,71902,957,0.0,11158,445,71457
3,71905,957,0.0,11159,445,71460
2,71907,957,0.0,11160,445,71462
14,71921,957,0.0,11161,445,71476
13,71934,958,1.0,11162,445,71489
4,71938,958,0.0,11163,445,71493
2,71940,958,0.0,11164,445,71495
3,71943,958,0.0,11165,445,71498
3,71946,958,0.0,11166,445,71501
3,71949,958,0.0,11167,445,71504
9,71958,958,0.0,11168,445,71513
2,71960,958,0.0,11169,445,71515
5,71965,958,0.0,11170,445,71520
3,71968,958,0.0,11171,445,71523
2,71970,958,0.0,11172,445,71525
2,71972,958,0.0,11173,445,71527
3,71975,958,0.0,11174,445,71530
4,71979,958,0.0,11175,445,71534
19,71998,958,0.0,11176,445,71553
18,72016,959,1.0,11177,445,71571
3,72019,959,0.0,11178,445,71574
2,72021,959,0.0,11179,445,71576
5,72026,959,0.0,11180,445,71581
2,72028,959,0.0,11181,445,71583
9,72037,959,0.0,11182,445,71592
19,72056,959,0.0,11183,445,71611
3,72059,959,0.0,11184,445,71614
2,72061,959,0.0,11185,445,71616
7,72068,959,0.0,11186,445,71623
2,72070,959,0.0,11187,445,71625
11,72081,960,1.0,11188,445,71636
4,72085,960,0.0,11189,445,71640
3,72088,960,0.0,11190,445,71643
12,72100,960,0.0,11191,445,71655
5,72105,960,0.0,11192,445,71660
2,72107,960,0.0,11193,445,71662
3,72110,960,0.0,11194,445,71665
5,72115,960,0.0,11195,445,71670
14,72129,960,0.0,11196,445,71684
3,72132,960,0.0,11197,445,71687
2,72134,960,0.0,11198,445,71689
2,72136,960,0.0,11199,445,71691
5,72141,960,0.0,11200,445,71696
10,72151,960,0.0,11201,445,71706
3,72154,960,0.0,11202,445,71709
4,72158,960,0.0,11203,445,71713
3,72161,960,0.0,11204,445,71716
18,72179,961,1.0,11205,445,71734
2,72181,961,0.0,11206,445,71736
4,72185,961,0.0,11207,445,71740
8,72193,961,0.0,11208,445,71748
13,72206,962,1.0,11209,445,71761
3,72209,962,0.0,11210,445,71764
2,72211,962,0.0,11211,445,71766
5,72216,962,0.0,11212,445,71771
2,72218,962,0.0,11213,445,71773
3,72221,962,0.0,11214,445,71776
4,72225,962,0.0,11215,445,71780
3,72228,962,0.0,11216,445,71783
2,72230,962,0.0,11217,445,71785
2,72232,962,0.0,11218,445,71787
2,72234,962,0.0,11219,445,71789
3,72237,962,0.0,11220,445,71792
3,72240,962,0.0,11221,445,71795
2,72242,962,0.0,11222,445,71797
5,72247,962,0.0,11223,445,71802
4,72251,962,0.0,11224,445,71806
2,72253,962,0.0,11225,445,71808
13,72266,962,0.0,11226,445,71821
2,72268,962,0.0,11227,445,71823
18,72286,962,0.0,11228,445,71841
2,72288,962,0.0,11229,445,71843
2,72290,962,0.0,11230,445,71845
6,72296,962,0.0,11231,445,71851
9,72305,962,0.0,11232,445,71860
12,72317,962,0.0,11233,445,71872
3,72320,962,0.0,11234,445,71875
2,72322,962,0.0,11235,445,71877
5,72327,962,0.0,11236,445,71882
2,72329,962,0.0,11237,445,71884
3,72332,962,0.0,11238,445,71887
3,72335,962,0.0,11239,445,71890
4,72339,962,0.0,11240,445,71894
5,72344,962,0.0,11241,445,71899
2,72346,962,0.0,11242,445,71901
2,72348,962,0.0,11243,445,71903
3,72351,962,0.0,11244,445,71906
2,72353,962,0.0,11245,445,71908
2,72355,962,0.0,11246,445,71910
5,72360,962,0.0,11247,445,71915
11,72371,962,0.0,11248,445,71926
6,72377,962,0.0,11249,445,71932
2,72379,962,0.0,11250,445,71934
2,72381,962,0.0,11251,445,71936
2,72383,962,0.0,11252,445,71938
31,72414,962,0.0,11253,445,71969
4,72418,962,0.0,11254,445,71973
3,72421,962,0.0,11255,445,71976
11,72432,963,1.0,11256,445,71987
4,72436,963,0.0,11257,445,71991
20,72456,963,0.0,11258,445,72011
6,72462,963,0.0,11259,445,72017
5,72467,963,0.0,11260,445,72022
3,72470,963,0.0,11261,445,72025
19,72489,963,0.0,11262,445,72044
3,72492,963,0.0,11263,445,72047
6,72498,963,0.0,11264,445,72053
8,72506,963,0.0,11265,445,72061
8,72514,963,0.0,11266,445,72069
14,72528,963,0.0,11267,445,72083
11,72539,963,0.0,11268,445,72094
3,72542,963,0.0,11269,445,72097
18,72560,964,1.0,11270,445,72115
18,72578,964,0.0,11271,445,72133
11,72589,964,0.0,11272,445,72144
2,72591,964,0.0,11273,445,72146
2,72593,964,0.0,11274,445,72148
11,72604,964,0.0,11275,445,72159
5,72609,964,0.0,11276,445,72164
11,72620,965,1.0,11277,445,72175
4,72624,965,0.0,11278,445,72179
2,72626,965,0.0,11279,445,72181
15,72641,965,0.0,11280,445,72196
14,72655,965,0.0,11281,445,72210
5,72660,965,0.0,11282,445,72215
5,72665,965,0.0,11283,445,72220
2,72667,965,0.0,11284,445,72222
2,72669,965,0.0,11285,445,72224
2,72671,965,0.0,11286,445,72226
3,72674,965,0.0,11287,445,72229
3,72677,965,0.0,11288,445,72232
19,72696,965,0.0,11289,445,72251
8,72704,965,0.0,11290,445,72259
11,72715,966,1.0,11291,445,72270
19,72734,966,0.0,11292,445,72289
2,72736,966,0.0,11293,445,72291
3,72739,966,0.0,11294,445,72294
4,72743,966,0.0,11295,445,72298
2,72745,966,0.0,11296,445,72300
3,72748,966,0.0,11297,445,72303
2,72750,966,0.0,11298,445,72305
2,72752,966,0.0,11299,445,72307
2,72754,966,0.0,11300,445,72309
4,72758,966,0.0,11301,445,72313
7,72765,966,0.0,11302,445,72320
2,72767,966,0.0,11303,445,72322
2,72769,966,0.0,11304,445,72324
2,72771,966,0.0,11305,445,72326
5,72776,966,0.0,11306,445,72331
2,72778,966,0.0,11307,445,72333
5,72783,966,0.0,11308,445,72338
11,72794,966,0.0,11309,445,72349
2,72796,966,0.0,11310,445,72351
11,72807,967,1.0,11311,445,72362
6,72813,967,0.0,11312,445,72368
16,72829,967,0.0,11313,445,72384
5,72834,967,0.0,11314,445,72389
3,72837,967,0.0,11315,445,72392
2,72839,967,0.0,11316,445,72394
3,72842,967,0.0,11317,445,72397
5,72847,967,0.0,11318,445,72402
2,72849,967,0.0,11319,445,72404
6,72855,967,0.0,11320,445,72410
8,72863,967,0.0,11321,445,72418
8,72871,967,0.0,11322,445,72426
16,72887,967,0.0,11323,445,72442
2,72889,967,0.0,11324,445,72444
18,72907,968,1.0,11325,445,72462
3,72910,968,0.0,11326,445,72465
5,72915,968,0.0,11327,445,72470
2,72917,968,0.0,11328,445,72472
14,72931,968,0.0,11329,445,72486
3,72934,968,0.0,11330,445,72489
6,72940,968,0.0,11331,445,72495
2,72942,968,0.0,11332,445,72497
18,72960,969,1.0,11333,445,72515
16,72976,969,0.0,11334,445,72531
19,72995,969,0.0,11335,445,72550
5,73000,969,0.0,11336,445,72555
3,73003,969,0.0,11337,445,72558
3,73006,969,0.0,11338,445,72561
2,73008,969,0.0,11339,445,72563
3,73011,969,0.0,11340,445,72566
18,73029,970,1.0,11341,445,72584
2,73031,970,0.0,11342,445,72586
13,73044,970,0.0,11343,445,72599
2,73046,970,0.0,11344,445,72601
9,73055,970,0.0,11345,445,72610
2,73057,970,0.0,11346,445,72612
2,73059,970,0.0,11347,445,72614
8,73067,970,0.0,11348,445,72622
2,73069,970,0.0,11349,445,72624
2,73071,970,0.0,11350,445,72626
3,73074,970,0.0,11351,445,72629
2,73076,970,0.0,11352,445,72631
2,73078,970,0.0,11353,445,72633
16,73094,970,0.0,11354,445,72649
2,73096,970,0.0,11355,445,72651
4,73100,970,0.0,11356,445,72655
2,73102,970,0.0,11357,445,72657
2,73104,970,0.0,11358,445,72659
2,73106,970,0.0,11359,445,72661
11,73117,971,1.0,11360,445,72672
5,73122,971,0.0,11361,445,72677
2,73124,971,0.0,11362,445,72679
2,73126,971,0.0,11363,445,72681
19,73145,971,0.0,11364,445,72700
2,73147,971,0.0,11365,445,72702
20,73167,971,0.0,11366,445,72722
2,73169,971,0.0,11367,445,72724
3,73172,971,0.0,11368,445,72727
4,73176,971,0.0,11369,445,72731
2,73178,971,0.0,11370,445,72733
15,73193,971,0.0,11371,445,72748
3,73196,971,0.0,11372,445,72751
3,73199,971,0.0,11373,445,72754
5,73204,971,0.0,11374,445,72759
12,73216,971,0.0,11375,445,72771
11,73227,971,0.0,11376,445,72782
13,73240,972,1.0,11377,445,72795
5,73245,972,0.0,11378,445,72800
2,73247,972,0.0,11379,445,72802
2,73249,972,0.0,11380,445,72804
4,73253,972,0.0,11381,445,72808
24,73277,973,1.0,11382,445,72832
8,73285,973,0.0,11383,445,72840
2,73287,973,0.0,11384,445,72842
8,73295,973,0.0,11385,445,72850
6,73301,973,0.0,11386,445,72856
5,73306,973,0.0,11387,445,72861
2,73308,973,0.0,11388,445,72863
5,73313,973,0.0,11389,445,72868
2,73315,973,0.0,11390,445,72870
6,73321,973,0.0,11391,445,72876
3,73324,973,0.0,11392,445,72879
2,73326,973,0.0,11393,445,72881
2,73328,973,0.0,11394,445,72883
2,73330,973,0.0,11395,445,72885
7,73337,973,0.0,11396,445,72892
2,73339,973,0.0,11397,445,72894
3,73342,973,0.0,11398,445,72897
3,73345,973,0.0,11399,445,72900
2,73347,973,0.0,11400,445,72902
18,73365,974,1.0,11401,445,72920
8,73373,974,0.0,11402,445,72928
6,73379,974,0.0,11403,445,72934
2,73381,974,0.0,11404,445,72936
3,73384,974,0.0,11405,445,72939
2,73386,974,0.0,11406,445,72941
12,73398,974,0.0,11407,445,72953
2,73400,974,0.0,11408,445,72955
18,73418,975,1.0,11409,445,72973
18,73436,976,1.0,11410,445,72991
3,73439,976,0.0,11411,445,72994
4,73443,976,0.0,11412,445,72998
6,73449,976,0.0,11413,445,73004
3,73452,976,0.0,11414,445,73007
20,73472,976,0.0,11415,445,73027
19,73491,976,0.0,11416,445,73046
2,73493,976,0.0,11417,445,73048
2,73495,976,0.0,11418,445,73050
9,73504,976,0.0,11419,445,73059
5,73509,976,0.0,11420,445,73064
3,73512,976,0.0,11421,445,73067
4,73516,976,0.0,11422,445,73071
2,73518,976,0.0,11423,445,73073
2,73520,976,0.0,11424,445,73075
2,73522,976,0.0,11425,445,73077
19,73541,976,0.0,11426,445,73096
2,73543,976,0.0,11427,445,73098
2,73545,976,0.0,11428,445,73100
2,73547,976,0.0,11429,445,73102
11,73558,977,1.0,11430,445,73113
19,73577,977,0.0,11431,445,73132
2,73579,977,0.0,11432,445,73134
5,73584,977,0.0,11433,445,73139
5,73589,977,0.0,11434,445,73144
3,73592,977,0.0,11435,445,73147
3,73595,977,0.0,11436,445,73150
2,73597,977,0.0,11437,445,73152
2,73599,977,0.0,11438,445,73154
3,73602,977,0.0,11439,445,73157
3,73605,977,0.0,11440,445,73160
3,73608,977,0.0,11441,445,73163
10,73618,977,0.0,11442,445,73173
18,73636,978,1.0,11443,445,73191
2,73638,978,0.0,11444,445,73193
3,73641,978,0.0,11445,445,73196
10,73651,978,0.0,11446,445,73206
2,73653,978,0.0,11447,445,73208
11,73664,978,0.0,11448,445,73219
3,73667,978,0.0,11449,445,73222
3,73670,978,0.0,11450,445,73225
2,73672,978,0.0,11451,445,73227
2,73674,978,0.0,11452,445,73229
3,73677,978,0.0,11453,445,73232
2,73679,978,0.0,11454,445,73234
11,73690,978,0.0,11455,445,73245
6,73696,978,0.0,11456,445,73251
27,73723,978,0.0,11457,445,73278
4,73727,978,0.0,11458,445,73282
3,73730,978,0.0,11459,445,73285
2,73732,978,0.0,11460,445,73287
2,73734,978,0.0,11461,445,73289
3,73737,978,0.0,11462,445,73292
3,73740,978,0.0,11463,445,73295
4,73744,978,0.0,11464,445,73299
12,73756,978,0.0,11465,445,73311
14,73770,978,0.0,11466,445,73325
9,73779,978,0.0,11467,445,73334
5,73784,978,0.0,11468,445,73339
3,73787,978,0.0,11469,445,73342
18,73805,979,1.0,11470,445,73360
6,73811,979,0.0,11471,445,73366
4,73815,979,0.0,11472,445,73370
2,73817,979,0.0,11473,445,73372
6,73823,979,0.0,11474,445,73378
5,73828,979,0.0,11475,445,73383
2,73830,979,0.0,11476,445,73385
8,73838,979,0.0,11477,445,73393
4,73842,979,0.0,11478,445,73397
5,73847,979,0.0,11479,445,73402
2,73849,979,0.0,11480,445,73404
6,73855,979,0.0,11481,445,73410
5,73860,979,0.0,11482,445,73415
6,73866,979,0.0,11483,445,73421
4,73870,979,0.0,11484,445,73425
2,73872,979,0.0,11485,445,73427
2,73874,979,0.0,11486,445,73429
4,73878,979,0.0,11487,445,73433
8,73886,979,0.0,11488,445,73441
3,73889,979,0.0,11489,445,73444
3,73892,979,0.0,11490,445,73447
11,73903,980,1.0,11491,445,73458
6,73909,980,0.0,11492,445,73464
4,73913,980,0.0,11493,445,73468
3,73916,980,0.0,11494,445,73471
7,73923,980,0.0,11495,445,73478
3,73926,980,0.0,11496,445,73481
2,73928,980,0.0,11497,445,73483
3,73931,980,0.0,11498,445,73486
27,73958,980,0.0,11499,445,73513
17,73975,980,0.0,11500,445,73530
13,73988,981,1.0,11501,445,73543
5,73993,981,0.0,11502,445,73548
3,73996,981,0.0,11503,445,73551
18,74014,982,1.0,11504,445,73569
11,74025,982,0.0,11505,445,73580
19,74044,982,0.0,11506,445,73599
3,74047,982,0.0,11507,445,73602
2,74049,982,0.0,11508,445,73604
2,74051,982,0.0,11509,445,73606
3,74054,982,0.0,11510,445,73609
10,74064,982,0.0,11511,445,73619
3,74067,982,0.0,11512,445,73622
2,74069,982,0.0,11513,445,73624
2,74071,982,0.0,11514,445,73626
2,74073,982,0.0,11515,445,73628
2,74075,982,0.0,11516,445,73630
2,74077,982,0.0,11517,445,73632
3,74080,982,0.0,11518,445,73635
18,74098,982,0.0,11519,445,73653
3,74101,982,0.0,11520,445,73656
2,74103,982,0.0,11521,445,73658
19,74122,982,0.0,11522,445,73677
6,74128,982,0.0,11523,445,73683
4,74132,982,0.0,11524,445,73687
4,74136,982,0.0,11525,445,73691
2,74138,982,0.0,11526,445,73693
5,74143,982,0.0,11527,445,73698
6,74149,982,0.0,11528,445,73704
11,74160,982,0.0,11529,445,73715
2,74162,982,0.0,11530,445,73717
2,74164,982,0.0,11531,445,73719
8,74172,982,0.0,11532,445,73727
2,74174,982,0.0,11533,445,73729
4,74178,982,0.0,11534,445,73733
5,74183,982,0.0,11535,445,73738
18,74201,983,1.0,11536,445,73756
2,74203,983,0.0,11537,445,73758
3,74206,983,0.0,11538,445,73761
2,74208,983,0.0,11539,445,73763
10,74218,983,0.0,11540,445,73773
9,74227,983,0.0,11541,445,73782
5,74232,983,0.0,11542,445,73787
8,74240,983,0.0,11543,445,73795
4,74244,983,0.0,11544,445,73799
2,74246,983,0.0,11545,445,73801
5,74251,983,0.0,11546,445,73806
2,74253,983,0.0,11547,445,73808
6,74259,983,0.0,11548,445,73814
4,74263,983,0.0,11549,445,73818
5,74268,983,0.0,11550,445,73823
3,74271,983,0.0,11551,445,73826
3,74274,983,0.0,11552,445,73829
3,74277,983,0.0,11553,445,73832
4,74281,983,0.0,11554,445,73836
2,74283,983,0.0,11555,445,73838
3,74286,983,0.0,11556,445,73841
29,74315,983,0.0,11557,445,73870
11,74326,983,0.0,11558,445,73881
2,74328,983,0.0,11559,445,73883
3,74331,983,0.0,11560,445,73886
3,74334,983,0.0,11561,445,73889
3,74337,983,0.0,11562,445,73892
5,74342,983,0.0,11563,445,73897
2,74344,983,0.0,11564,445,73899
2,74346,983,0.0,11565,445,73901
2,74348,983,0.0,11566,445,73903
5,74353,983,0.0,11567,445,73908
2,74355,983,0.0,11568,445,73910
2,74357,983,0.0,11569,445,73912
8,74365,983,0.0,11570,445,73920
2,74367,983,0.0,11571,445,73922
2,74369,983,0.0,11572,445,73924
2,74371,983,0.0,11573,445,73926
25,74396,983,0.0,11574,445,73951
16,74412,983,0.0,11575,445,73967
5,74417,983,0.0,11576,445,73972
2,74419,983,0.0,11577,445,73974
5,74424,983,0.0,11578,445,73979
4,74428,983,0.0,11579,445,73983
3,74431,983,0.0,11580,445,73986
2,74433,983,0.0,11581,445,73988
23,74456,983,0.0,11582,445,74011
2,74458,983,0.0,11583,445,74013
3,74461,983,0.0,11584,445,74016
5,74466,983,0.0,11585,445,74021
6,74472,983,0.0,11586,445,74027
16,74488,983,0.0,11587,445,74043
16,74504,983,0.0,11588,445,74059
5,74509,983,0.0,11589,445,74064
14,74523,983,0.0,11590,445,74078
2,74525,983,0.0,11591,445,74080
6,74531,983,0.0,11592,445,74086
2,74533,983,0.0,11593,445,74088
4,74537,983,0.0,11594,445,74092
7,74544,983,0.0,11595,445,74099
2,74546,983,0.0,11596,445,74101
18,74564,984,1.0,11597,445,74119
3,74567,984,0.0,11598,445,74122
9,74576,984,0.0,11599,445,74131
9,74585,984,0.0,11600,445,74140
5,74590,984,0.0,11601,445,74145
3,74593,984,0.0,11602,445,74148
2,74595,984,0.0,11603,445,74150
2,74597,984,0.0,11604,445,74152
4,74601,984,0.0,11605,445,74156
2,74603,984,0.0,11606,445,74158
23,74626,984,0.0,11607,445,74181
3,74629,984,0.0,11608,445,74184
11,74640,985,1.0,11609,445,74195
2,74642,985,0.0,11610,445,74197
3,74645,985,0.0,11611,445,74200
3,74648,985,0.0,11612,445,74203
2,74650,985,0.0,11613,445,74205
12,74662,985,0.0,11614,445,74217
10,74672,985,0.0,11615,445,74227
3,74675,985,0.0,11616,445,74230
4,74679,985,0.0,11617,445,74234
34,74713,985,0.0,11618,445,74268
8,74721,985,0.0,11619,445,74276
2,74723,985,0.0,11620,445,74278
5,74728,985,0.0,11621,445,74283
12,74740,985,0.0,11622,445,74295
3,74743,985,0.0,11623,445,74298
2,74745,985,0.0,11624,445,74300
3,74748,985,0.0,11625,445,74303
6,74754,985,0.0,11626,445,74309
11,74765,985,0.0,11627,445,74320
2,74767,985,0.0,11628,445,74322
10,74777,985,0.0,11629,445,74332
5,74782,985,0.0,11630,445,74337
19,74801,985,0.0,11631,445,74356
7,74808,985,0.0,11632,445,74363
6,74814,985,0.0,11633,445,74369
2,74816,985,0.0,11634,445,74371
3,74819,985,0.0,11635,445,74374
2,74821,985,0.0,11636,445,74376
5,74826,985,0.0,11637,445,74381
5,74831,985,0.0,11638,445,74386
2,74833,985,0.0,11639,445,74388
5,74838,985,0.0,11640,445,74393
18,74856,985,0.0,11641,445,74411
8,74864,985,0.0,11642,445,74419
2,74866,985,0.0,11643,445,74421
5,74871,985,0.0,11644,445,74426
8,74879,985,0.0,11645,445,74434
6,74885,985,0.0,11646,445,74440
6,74891,985,0.0,11647,445,74446
17,74908,985,0.0,11648,445,74463
3,74911,985,0.0,11649,445,74466
9,74920,985,0.0,11650,445,74475
3,74923,985,0.0,11651,445,74478
3,74926,985,0.0,11652,445,74481
5,74931,985,0.0,11653,445,74486
8,74939,985,0.0,11654,445,74494
4,74943,985,0.0,11655,445,74498
3,74946,985,0.0,11656,445,74501
11,74957,985,0.0,11657,445,74512
2,74959,985,0.0,11658,445,74514
5,74964,985,0.0,11659,445,74519
5,74969,985,0.0,11660,445,74524
4,74973,985,0.0,11661,445,74528
11,74984,985,0.0,11662,445,74539
5,74989,985,0.0,11663,445,74544
3,74992,985,0.0,11664,445,74547
5,74997,985,0.0,11665,445,74552
17,75014,985,0.0,11666,445,74569
3,75017,985,0.0,11667,445,74572
13,75030,986,1.0,11668,445,74585
2,75032,986,0.0,11669,445,74587
19,75051,986,0.0,11670,445,74606
9,75060,986,0.0,11671,445,74615
3,75063,986,0.0,11672,445,74618
2,75065,986,0.0,11673,445,74620
2,75067,986,0.0,11674,445,74622
5,75072,986,0.0,11675,445,74627
5,75077,986,0.0,11676,445,74632
3,75080,986,0.0,11677,445,74635
2,75082,986,0.0,11678,445,74637
5,75087,986,0.0,11679,445,74642
18,75105,987,1.0,11680,445,74660
9,75114,987,0.0,11681,445,74669
2,75116,987,0.0,11682,445,74671
11,75127,987,0.0,11683,445,74682
2,75129,987,0.0,11684,445,74684
5,75134,987,0.0,11685,445,74689
8,75142,987,0.0,11686,445,74697
5,75147,987,0.0,11687,445,74702
11,75158,988,1.0,11688,445,74713
4,75162,988,0.0,11689,445,74717
2,75164,988,0.0,11690,445,74719
15,75179,988,0.0,11691,445,74734
6,75185,988,0.0,11692,445,74740
2,75187,988,0.0,11693,445,74742
2,75189,988,0.0,11694,445,74744
3,75192,988,0.0,11695,445,74747
3,75195,988,0.0,11696,445,74750
6,75201,988,0.0,11697,445,74756
4,75205,988,0.0,11698,445,74760
3,75208,988,0.0,11699,445,74763
2,75210,988,0.0,11700,445,74765
2,75212,988,0.0,11701,445,74767
6,75218,988,0.0,11702,445,74773
3,75221,988,0.0,11703,445,74776
3,75224,988,0.0,11704,445,74779
6,75230,988,0.0,11705,445,74785
6,75236,988,0.0,11706,445,74791
6,75242,988,0.0,11707,445,74797
5,75247,988,0.0,11708,445,74802
18,75265,988,0.0,11709,445,74820
2,75267,988,0.0,11710,445,74822
7,75274,988,0.0,11711,445,74829
2,75276,988,0.0,11712,445,74831
3,75279,988,0.0,11713,445,74834
2,75281,988,0.0,11714,445,74836
3,75284,988,0.0,11715,445,74839
3,75287,988,0.0,11716,445,74842
5,75292,988,0.0,11717,445,74847
3,75295,988,0.0,11718,445,74850
5,75300,988,0.0,11719,445,74855
2,75302,988,0.0,11720,445,74857
7,75309,988,0.0,11721,445,74864
3,75312,988,0.0,11722,445,74867
3,75315,988,0.0,11723,445,74870
18,75333,989,1.0,11724,445,74888
4,75337,989,0.0,11725,445,74892
2,75339,989,0.0,11726,445,74894
5,75344,989,0.0,11727,445,74899
3,75347,989,0.0,11728,445,74902
9,75356,989,0.0,11729,445,74911
3,75359,989,0.0,11730,445,74914
3,75362,989,0.0,11731,445,74917
4,75366,989,0.0,11732,445,74921
2,75368,989,0.0,11733,445,74923
5,75373,989,0.0,11734,445,74928
3,75376,989,0.0,11735,445,74931
5,75381,989,0.0,11736,445,74936
3,75384,989,0.0,11737,445,74939
23,75407,989,0.0,11738,445,74962
2,75409,989,0.0,11739,445,74964
2,75411,989,0.0,11740,445,74966
3,75414,989,0.0,11741,445,74969
3,75417,989,0.0,11742,445,74972
3,75420,989,0.0,11743,445,74975
3,75423,989,0.0,11744,445,74978
18,75441,990,1.0,11745,445,74996
6,75447,990,0.0,11746,445,75002
2,75449,990,0.0,11747,445,75004
17,75466,990,0.0,11748,445,75021
18,75484,990,0.0,11749,445,75039
4,75488,990,0.0,11750,445,75043
3,75491,990,0.0,11751,445,75046
2,75493,990,0.0,11752,445,75048
21,75514,990,0.0,11753,445,75069
14,75528,990,0.0,11754,445,75083
2,75530,990,0.0,11755,445,75085
2,75532,990,0.0,11756,445,75087
6,75538,990,0.0,11757,445,75093
2,75540,990,0.0,11758,445,75095
2,75542,990,0.0,11759,445,75097
2,75544,990,0.0,11760,445,75099
6,75550,990,0.0,11761,445,75105
5,75555,990,0.0,11762,445,75110
14,75569,990,0.0,11763,445,75124
11,75580,990,0.0,11764,445,75135
2,75582,990,0.0,11765,445,75137
3,75585,990,0.0,11766,445,75140
2,75587,990,0.0,11767,445,75142
2,75589,990,0.0,11768,445,75144
11,75600,990,0.0,11769,445,75155
2,75602,990,0.0,11770,445,75157
2,75604,990,0.0,11771,445,75159
6,75610,990,0.0,11772,445,75165
12,75622,990,0.0,11773,445,75177
11,75633,990,0.0,11774,445,75188
3,75636,990,0.0,11775,445,75191
21,75657,990,0.0,11776,445,75212
2,75659,990,0.0,11777,445,75214
18,75677,991,1.0,11778,445,75232
2,75679,991,0.0,11779,445,75234
15,75694,991,0.0,11780,445,75249
11,75705,991,0.0,11781,445,75260
2,75707,991,0.0,11782,445,75262
3,75710,991,0.0,11783,445,75265
4,75714,991,0.0,11784,445,75269
3,75717,991,0.0,11785,445,75272
2,75719,991,0.0,11786,445,75274
10,75729,991,0.0,11787,445,75284
2,75731,991,0.0,11788,445,75286
4,75735,991,0.0,11789,445,75290
2,75737,991,0.0,11790,445,75292
2,75739,991,0.0,11791,445,75294
3,75742,991,0.0,11792,445,75297
31,75773,991,0.0,11793,445,75328
6,75779,991,0.0,11794,445,75334
4,75783,991,0.0,11795,445,75338
5,75788,991,0.0,11796,445,75343
11,75799,992,1.0,11797,445,75354
2,75801,992,0.0,11798,445,75356
9,75810,992,0.0,11799,445,75365
3,75813,992,0.0,11800,445,75368
5,75818,992,0.0,11801,445,75373
4,75822,992,0.0,11802,445,75377
3,75825,992,0.0,11803,445,75380
5,75830,992,0.0,11804,445,75385
2,75832,992,0.0,11805,445,75387
6,75838,992,0.0,11806,445,75393
2,75840,992,0.0,11807,445,75395
3,75843,992,0.0,11808,445,75398
2,75845,992,0.0,11809,445,75400
3,75848,992,0.0,11810,445,75403
2,75850,992,0.0,11811,445,75405
2,75852,992,0.0,11812,445,75407
2,75854,992,0.0,11813,445,75409
3,75857,992,0.0,11814,445,75412
6,75863,992,0.0,11815,445,75418
5,75868,992,0.0,11816,445,75423
2,75870,992,0.0,11817,445,75425
3,75873,992,0.0,11818,445,75428
4,75877,992,0.0,11819,445,75432
4,75881,992,0.0,11820,445,75436
6,75887,992,0.0,11821,445,75442
13,75900,992,0.0,11822,445,75455
3,75903,992,0.0,11823,445,75458
4,75907,992,0.0,11824,445,75462
5,75912,992,0.0,11825,445,75467
9,75921,992,0.0,11826,445,75476
5,75926,992,0.0,11827,445,75481
5,75931,992,0.0,11828,445,75486
11,75942,993,1.0,11829,445,75497
4,75946,993,0.0,11830,445,75501
2,75948,993,0.0,11831,445,75503
4,75952,993,0.0,11832,445,75507
5,75957,993,0.0,11833,445,75512
5,75962,993,0.0,11834,445,75517
6,75968,993,0.0,11835,445,75523
5,75973,993,0.0,11836,445,75528
13,75986,994,1.0,11837,445,75541
3,75989,994,0.0,11838,445,75544
3,75992,994,0.0,11839,445,75547
3,75995,994,0.0,11840,445,75550
2,75997,994,0.0,11841,445,75552
3,76000,994,0.0,11842,445,75555
11,76011,995,1.0,11843,445,75566
2,76013,995,0.0,11844,445,75568
4,76017,995,0.0,11845,445,75572
18,76035,996,1.0,11846,445,75590
3,76038,996,0.0,11847,445,75593
5,76043,996,0.0,11848,445,75598
4,76047,996,0.0,11849,445,75602
5,76052,996,0.0,11850,445,75607
5,76057,996,0.0,11851,445,75612
21,76078,996,0.0,11852,445,75633
5,76083,996,0.0,11853,445,75638
3,76086,996,0.0,11854,445,75641
3,76089,996,0.0,11855,445,75644
2,76091,996,0.0,11856,445,75646
3,76094,996,0.0,11857,445,75649
2,76096,996,0.0,11858,445,75651
2,76098,996,0.0,11859,445,75653
13,76111,996,0.0,11860,445,75666
2,76113,996,0.0,11861,445,75668
12,76125,996,0.0,11862,445,75680
18,76143,997,1.0,11863,445,75698
2,76145,997,0.0,11864,445,75700
3,76148,997,0.0,11865,445,75703
10,76158,997,0.0,11866,445,75713
3,76161,997,0.0,11867,445,75716
17,76178,997,0.0,11868,445,75733
2,76180,997,0.0,11869,445,75735
2,76182,997,0.0,11870,445,75737
11,76193,997,0.0,11871,445,75748
11,76204,998,1.0,11872,445,75759
2,76206,998,0.0,11873,445,75761
2,76208,998,0.0,11874,445,75763
2,76210,998,0.0,11875,445,75765
2,76212,998,0.0,11876,445,75767
19,76231,998,0.0,11877,445,75786
5,76236,998,0.0,11878,445,75791
3,76239,998,0.0,11879,445,75794
4,76243,998,0.0,11880,445,75798
6,76249,998,0.0,11881,445,75804
3,76252,998,0.0,11882,445,75807
13,76265,999,1.0,11883,445,75820
14,76279,999,0.0,11884,445,75834
2,76281,999,0.0,11885,445,75836
19,76300,999,0.0,11886,445,75855
2,76302,999,0.0,11887,445,75857
2,76304,999,0.0,11888,445,75859
13,76317,999,0.0,11889,445,75872
3,76320,999,0.0,11890,445,75875
2,76322,999,0.0,11891,445,75877
5,76327,999,0.0,11892,445,75882
2,76329,999,0.0,11893,445,75884
5,76334,999,0.0,11894,445,75889
4,76338,999,0.0,11895,445,75893
2,76340,999,0.0,11896,445,75895
5,76345,999,0.0,11897,445,75900
4,76349,999,0.0,11898,445,75904
11,76360,999,0.0,11899,445,75915
18,76378,1000,1.0,11900,445,75933
17,76395,1000,0.0,11901,445,75950
3,76398,1000,0.0,11902,445,75953
3,76401,1000,0.0,11903,445,75956
2,76403,1000,0.0,11904,445,75958
15,76418,1000,0.0,11905,445,75973
2,76420,1000,0.0,11906,445,75975
3,76423,1000,0.0,11907,445,75978
3,76426,1000,0.0,11908,445,75981
2,76428,1000,0.0,11909,445,75983
2,76430,1000,0.0,11910,445,75985
2,76432,1000,0.0,11911,445,75987
2,76434,1000,0.0,11912,445,75989
2,76436,1000,0.0,11913,445,75991
4,76440,1000,0.0,11914,445,75995
16,76456,1000,0.0,11915,445,76011
4,76460,1000,0.0,11916,445,76015
4,76464,1000,0.0,11917,445,76019
5,76469,1000,0.0,11918,445,76024
7,76476,1000,0.0,11919,445,76031
2,76478,1000,0.0,11920,445,76033
2,76480,1000,0.0,11921,445,76035
3,76483,1000,0.0,11922,445,76038
6,76489,1000,0.0,11923,445,76044
19,76508,1000,0.0,11924,445,76063
17,76525,1000,0.0,11925,445,76080
3,76528,1000,0.0,11926,445,76083
5,76533,1000,0.0,11927,445,76088
13,76546,1001,1.0,11928,445,76101
2,76548,1001,0.0,11929,445,76103
7,76555,1001,0.0,11930,445,76110
6,76561,1001,0.0,11931,445,76116
16,76577,1001,0.0,11932,445,76132
7,76584,1001,0.0,11933,445,76139
5,76589,1001,0.0,11934,445,76144
5,76594,1001,0.0,11935,445,76149
3,76597,1001,0.0,11936,445,76152
3,76600,1001,0.0,11937,445,76155
2,76602,1001,0.0,11938,445,76157
3,76605,1001,0.0,11939,445,76160
5,76610,1001,0.0,11940,445,76165
2,76612,1001,0.0,11941,445,76167
2,76614,1001,0.0,11942,445,76169
11,76625,1002,1.0,11943,445,76180
3,76628,1002,0.0,11944,445,76183
2,76630,1002,0.0,11945,445,76185
6,76636,1002,0.0,11946,445,76191
2,76638,1002,0.0,11947,445,76193
19,76657,1002,0.0,11948,445,76212
8,76665,1002,0.0,11949,445,76220
2,76667,1002,0.0,11950,445,76222
12,76679,1002,0.0,11951,445,76234
3,76682,1002,0.0,11952,445,76237
2,76684,1002,0.0,11953,445,76239
6,76690,1002,0.0,11954,445,76245
3,76693,1002,0.0,11955,445,76248
6,76699,1002,0.0,11956,445,76254
6,76705,1002,0.0,11957,445,76260
2,76707,1002,0.0,11958,445,76262
3,76710,1002,0.0,11959,445,76265
11,76721,1003,1.0,11960,445,76276
11,76732,1004,1.0,11961,445,76287
4,76736,1004,0.0,11962,445,76291
3,76739,1004,0.0,11963,445,76294
3,76742,1004,0.0,11964,445,76297
5,76747,1004,0.0,11965,445,76302
4,76751,1004,0.0,11966,445,76306
11,76762,1005,1.0,11967,445,76317
4,76766,1005,0.0,11968,445,76321
3,76769,1005,0.0,11969,445,76324
9,76778,1005,0.0,11970,445,76333
6,76784,1005,0.0,11971,445,76339
5,76789,1005,0.0,11972,445,76344
2,76791,1005,0.0,11973,445,76346
5,76796,1005,0.0,11974,445,76351
4,76800,1005,0.0,11975,445,76355
11,76811,1006,1.0,11976,445,76366
8,76819,1006,0.0,11977,445,76374
8,76827,1006,0.0,11978,445,76382
5,76832,1006,0.0,11979,445,76387
5,76837,1006,0.0,11980,445,76392
5,76842,1006,0.0,11981,445,76397
19,76861,1006,0.0,11982,445,76416
6,76867,1006,0.0,11983,445,76422
6,76873,1006,0.0,11984,445,76428
3,76876,1006,0.0,11985,445,76431
5,76881,1006,0.0,11986,445,76436
2,76883,1006,0.0,11987,445,76438
3,76886,1006,0.0,11988,445,76441
6,76892,1006,0.0,11989,445,76447
2,76894,1006,0.0,11990,445,76449
8,76902,1006,0.0,11991,445,76457
2,76904,1006,0.0,11992,445,76459
3,76907,1006,0.0,11993,445,76462
2,76909,1006,0.0,11994,445,76464
3,76912,1006,0.0,11995,445,76467
2,76914,1006,0.0,11996,445,76469
5,76919,1006,0.0,11997,445,76474
3,76922,1006,0.0,11998,445,76477
4,76926,1006,0.0,11999,445,76481
3,76929,1006,0.0,12000,445,76484
3,76932,1006,0.0,12001,445,76487
4,76936,1006,0.0,12002,445,76491
3,76939,1006,0.0,12003,445,76494
3,76942,1006,0.0,12004,445,76497
3,76945,1006,0.0,12005,445,76500
4,76949,1006,0.0,12006,445,76504
4,76953,1006,0.0,12007,445,76508
8,76961,1006,0.0,12008,445,76516
8,76969,1006,0.0,12009,445,76524
2,76971,1006,0.0,12010,445,76526
2,76973,1006,0.0,12011,445,76528
3,76976,1006,0.0,12012,445,76531
11,76987,1007,1.0,12013,445,76542
18,77005,1007,0.0,12014,445,76560
11,77016,1008,1.0,12015,445,76571
13,77029,1009,1.0,12016,445,76584
2,77031,1009,0.0,12017,445,76586
2,77033,1009,0.0,12018,445,76588
9,77042,1009,0.0,12019,445,76597
2,77044,1009,0.0,12020,445,76599
3,77047,1009,0.0,12021,445,76602
2,77049,1009,0.0,12022,445,76604
2,77051,1009,0.0,12023,445,76606
3,77054,1009,0.0,12024,445,76609
10,77064,1009,0.0,12025,445,76619
4,77068,1009,0.0,12026,445,76623
5,77073,1009,0.0,12027,445,76628
26,77099,1009,0.0,12028,445,76654
8,77107,1010,1.0,12029,445,76662
5,77112,1010,0.0,12030,445,76667
17,77129,1010,0.0,12031,445,76684
3,77132,1010,0.0,12032,445,76687
2,77134,1010,0.0,12033,445,76689
18,77152,1010,0.0,12034,445,76707
3,77155,1010,0.0,12035,445,76710
3,77158,1010,0.0,12036,445,76713
2,77160,1010,0.0,12037,445,76715
3,77163,1010,0.0,12038,445,76718
14,77177,1010,0.0,12039,445,76732
3,77180,1010,0.0,12040,445,76735
14,77194,1010,0.0,12041,445,76749
3,77197,1010,0.0,12042,445,76752
3,77200,1010,0.0,12043,445,76755
14,77214,1010,0.0,12044,445,76769
2,77216,1010,0.0,12045,445,76771
7,77223,1010,0.0,12046,445,76778
3,77226,1010,0.0,12047,445,76781
17,77243,1010,0.0,12048,445,76798
16,77259,1010,0.0,12049,445,76814
4,77263,1010,0.0,12050,445,76818
3,77266,1010,0.0,12051,445,76821
2,77268,1010,0.0,12052,445,76823
2,77270,1010,0.0,12053,445,76825
13,77283,1010,0.0,12054,445,76838
12,77295,1010,0.0,12055,445,76850
3,77298,1010,0.0,12056,445,76853
5,77303,1010,0.0,12057,445,76858
3,77306,1010,0.0,12058,445,76861
11,77317,1011,1.0,12059,445,76872
3,77320,1011,0.0,12060,445,76875
19,77339,1011,0.0,12061,445,76894
3,77342,1011,0.0,12062,445,76897
3,77345,1011,0.0,12063,445,76900
7,77352,1011,0.0,12064,445,76907
3,77355,1011,0.0,12065,445,76910
2,77357,1011,0.0,12066,445,76912
11,77368,1012,1.0,12067,445,76923
2,77370,1012,0.0,12068,445,76925
2,77372,1012,0.0,12069,445,76927
6,77378,1012,0.0,12070,445,76933
11,77389,1012,0.0,12071,445,76944
3,77392,1012,0.0,12072,445,76947
2,77394,1012,0.0,12073,445,76949
6,77400,1012,0.0,12074,445,76955
8,77408,1013,1.0,12075,445,76963
18,77426,1014,1.0,12076,445,76981
8,77434,1014,0.0,12077,445,76989
14,77448,1014,0.0,12078,445,77003
2,77450,1014,0.0,12079,445,77005
3,77453,1014,0.0,12080,445,77008
4,77457,1014,0.0,12081,445,77012
18,77475,1015,1.0,12082,445,77030
2,77477,1015,0.0,12083,445,77032
5,77482,1015,0.0,12084,445,77037
2,77484,1015,0.0,12085,445,77039
3,77487,1015,0.0,12086,445,77042
2,77489,1015,0.0,12087,445,77044
2,77491,1015,0.0,12088,445,77046
5,77496,1015,0.0,12089,445,77051
2,77498,1015,0.0,12090,445,77053
3,77501,1015,0.0,12091,445,77056
3,77504,1015,0.0,12092,445,77059
2,77506,1015,0.0,12093,445,77061
2,77508,1015,0.0,12094,445,77063
5,77513,1015,0.0,12095,445,77068
3,77516,1015,0.0,12096,445,77071
3,77519,1015,0.0,12097,445,77074
8,77527,1015,0.0,12098,445,77082
2,77529,1015,0.0,12099,445,77084
2,77531,1015,0.0,12100,445,77086
3,77534,1015,0.0,12101,445,77089
11,77545,1016,1.0,12102,445,77100
5,77550,1016,0.0,12103,445,77105
6,77556,1016,0.0,12104,445,77111
3,77559,1016,0.0,12105,445,77114
4,77563,1016,0.0,12106,445,77118
3,77566,1016,0.0,12107,445,77121
3,77569,1016,0.0,12108,445,77124
3,77572,1016,0.0,12109,445,77127
2,77574,1016,0.0,12110,445,77129
14,77588,1016,0.0,12111,445,77143
7,77595,1016,0.0,12112,445,77150
4,77599,1016,0.0,12113,445,77154
2,77601,1016,0.0,12114,445,77156
6,77607,1016,0.0,12115,445,77162
9,77616,1016,0.0,12116,445,77171
24,77640,1016,0.0,12117,445,77195
14,77654,1016,0.0,12118,445,77209
6,77660,1016,0.0,12119,445,77215
5,77665,1016,0.0,12120,445,77220
2,77667,1016,0.0,12121,445,77222
2,77669,1016,0.0,12122,445,77224
2,77671,1016,0.0,12123,445,77226
2,77673,1016,0.0,12124,445,77228
2,77675,1016,0.0,12125,445,77230
5,77680,1016,0.0,12126,445,77235
4,77684,1016,0.0,12127,445,77239
9,77693,1016,0.0,12128,445,77248
2,77695,1016,0.0,12129,445,77250
4,77699,1016,0.0,12130,445,77254
6,77705,1016,0.0,12131,445,77260
2,77707,1016,0.0,12132,445,77262
2,77709,1016,0.0,12133,445,77264
3,77712,1016,0.0,12134,445,77267
14,77726,1016,0.0,12135,445,77281
3,77729,1016,0.0,12136,445,77284
2,77731,1016,0.0,12137,445,77286
5,77736,1016,0.0,12138,445,77291
4,77740,1016,0.0,12139,445,77295
3,77743,1016,0.0,12140,445,77298
2,77745,1016,0.0,12141,445,77300
2,77747,1016,0.0,12142,445,77302
6,77753,1016,0.0,12143,445,77308
5,77758,1016,0.0,12144,445,77313
11,77769,1017,1.0,12145,445,77324
2,77771,1017,0.0,12146,445,77326
6,77777,1017,0.0,12147,445,77332
5,77782,1017,0.0,12148,445,77337
5,77787,1017,0.0,12149,445,77342
3,77790,1017,0.0,12150,445,77345
3,77793,1017,0.0,12151,445,77348
2,77795,1017,0.0,12152,445,77350
3,77798,1017,0.0,12153,445,77353
10,77808,1017,0.0,12154,445,77363
14,77822,1017,0.0,12155,445,77377
16,77838,1017,0.0,12156,445,77393
4,77842,1017,0.0,12157,445,77397
11,77853,1018,1.0,12158,445,77408
8,77861,1018,0.0,12159,445,77416
8,77869,1018,0.0,12160,445,77424
3,77872,1018,0.0,12161,445,77427
3,77875,1018,0.0,12162,445,77430
2,77877,1018,0.0,12163,445,77432
3,77880,1018,0.0,12164,445,77435
5,77885,1018,0.0,12165,445,77440
3,77888,1018,0.0,12166,445,77443
5,77893,1018,0.0,12167,445,77448
3,77896,1018,0.0,12168,445,77451
4,77900,1018,0.0,12169,445,77455
5,77905,1018,0.0,12170,445,77460
4,77909,1018,0.0,12171,445,77464
5,77914,1018,0.0,12172,445,77469
11,77925,1019,1.0,12173,445,77480
4,77929,1019,0.0,12174,445,77484
14,77943,1019,0.0,12175,445,77498
3,77946,1019,0.0,12176,445,77501
4,77950,1019,0.0,12177,445,77505
9,77959,1019,0.0,12178,445,77514
3,77962,1019,0.0,12179,445,77517
3,77965,1019,0.0,12180,445,77520
2,77967,1019,0.0,12181,445,77522
2,77969,1019,0.0,12182,445,77524
12,77981,1019,0.0,12183,445,77536
2,77983,1019,0.0,12184,445,77538
5,77988,1019,0.0,12185,445,77543
4,77992,1019,0.0,12186,445,77547
11,78003,1020,1.0,12187,445,77558
6,78009,1020,0.0,12188,445,77564
3,78012,1020,0.0,12189,445,77567
5,78017,1020,0.0,12190,445,77572
16,78033,1020,0.0,12191,445,77588
9,78042,1020,0.0,12192,445,77597
8,78050,1021,1.0,12193,445,77605
5,78055,1021,0.0,12194,445,77610
11,78066,1021,0.0,12195,445,77621
4,78070,1021,0.0,12196,445,77625
4,78074,1021,0.0,12197,445,77629
3,78077,1021,0.0,12198,445,77632
18,78095,1022,1.0,12199,445,77650
19,78114,1022,0.0,12200,445,77669
3,78117,1022,0.0,12201,445,77672
3,78120,1022,0.0,12202,445,77675
3,78123,1022,0.0,12203,445,77678
3,78126,1022,0.0,12204,445,77681
2,78128,1022,0.0,12205,445,77683
5,78133,1022,0.0,12206,445,77688
3,78136,1022,0.0,12207,445,77691
5,78141,1022,0.0,12208,445,77696
3,78144,1022,0.0,12209,445,77699
4,78148,1022,0.0,12210,445,77703
10,78158,1022,0.0,12211,445,77713
4,78162,1022,0.0,12212,445,77717
5,78167,1022,0.0,12213,445,77722
4,78171,1022,0.0,12214,445,77726
2,78173,1022,0.0,12215,445,77728
3,78176,1022,0.0,12216,445,77731
5,78181,1022,0.0,12217,445,77736
5,78186,1022,0.0,12218,445,77741
3,78189,1022,0.0,12219,445,77744
5,78194,1022,0.0,12220,445,77749
2,78196,1022,0.0,12221,445,77751
3,78199,1022,0.0,12222,445,77754
3,78202,1022,0.0,12223,445,77757
2,78204,1022,0.0,12224,445,77759
11,78215,1023,1.0,12225,445,77770
5,78220,1023,0.0,12226,445,77775
2,78222,1023,0.0,12227,445,77777
6,78228,1023,0.0,12228,445,77783
5,78233,1023,0.0,12229,445,77788
5,78238,1023,0.0,12230,445,77793
11,78249,1024,1.0,12231,445,77804
4,78253,1024,0.0,12232,445,77808
2,78255,1024,0.0,12233,445,77810
3,78258,1024,0.0,12234,445,77813
7,78265,1024,0.0,12235,445,77820
5,78270,1024,0.0,12236,445,77825
8,78278,1024,0.0,12237,445,77833
4,78282,1024,0.0,12238,445,77837
11,78293,1025,1.0,12239,445,77848
18,78311,1026,1.0,12240,445,77866
9,78320,1026,0.0,12241,445,77875
2,78322,1026,0.0,12242,445,77877
2,78324,1026,0.0,12243,445,77879
19,78343,1026,0.0,12244,445,77898
5,78348,1026,0.0,12245,445,77903
14,78362,1026,0.0,12246,445,77917
2,78364,1026,0.0,12247,445,77919
6,78370,1026,0.0,12248,445,77925
18,78388,1026,0.0,12249,445,77943
2,78390,1026,0.0,12250,445,77945
5,78395,1026,0.0,12251,445,77950
3,78398,1026,0.0,12252,445,77953
11,78409,1027,1.0,12253,445,77964
5,78414,1027,0.0,12254,445,77969
5,78419,1027,0.0,12255,445,77974
3,78422,1027,0.0,12256,445,77977
24,78446,1027,0.0,12257,445,78001
2,78448,1027,0.0,12258,445,78003
33,78481,1027,0.0,12259,445,78036
3,78484,1027,0.0,12260,445,78039
5,78489,1027,0.0,12261,445,78044
5,78494,1027,0.0,12262,445,78049
2,78496,1027,0.0,12263,445,78051
2,78498,1027,0.0,12264,445,78053
3,78501,1027,0.0,12265,445,78056
4,78505,1027,0.0,12266,445,78060
2,78507,1027,0.0,12267,445,78062
6,78513,1027,0.0,12268,445,78068
2,78515,1027,0.0,12269,445,78070
9,78524,1027,0.0,12270,445,78079
2,78526,1027,0.0,12271,445,78081
7,78533,1027,0.0,12272,445,78088
11,78544,1028,1.0,12273,445,78099
3,78547,1028,0.0,12274,445,78102
3,78550,1028,0.0,12275,445,78105
3,78553,1028,0.0,12276,445,78108
5,78558,1028,0.0,12277,445,78113
10,78568,1028,0.0,12278,445,78123
6,78574,1028,0.0,12279,445,78129
3,78577,1028,0.0,12280,445,78132
5,78582,1028,0.0,12281,445,78137
15,78597,1028,0.0,12282,445,78152
4,78601,1028,0.0,12283,445,78156
2,78603,1028,0.0,12284,445,78158
3,78606,1028,0.0,12285,445,78161
2,78608,1028,0.0,12286,445,78163
2,78610,1028,0.0,12287,445,78165
3,78613,1028,0.0,12288,445,78168
3,78616,1028,0.0,12289,445,78171
14,78630,1028,0.0,12290,445,78185
8,78638,1028,0.0,12291,445,78193
3,78641,1028,0.0,12292,445,78196
2,78643,1028,0.0,12293,445,78198
3,78646,1028,0.0,12294,445,78201
18,78664,1029,1.0,12295,445,78219
18,78682,1030,1.0,12296,445,78237
3,78685,1030,0.0,12297,445,78240
2,78687,1030,0.0,12298,445,78242
2,78689,1030,0.0,12299,445,78244
23,78712,1030,0.0,12300,445,78267
9,78721,1030,0.0,12301,445,78276
8,78729,1030,0.0,12302,445,78284
3,78732,1030,0.0,12303,445,78287
11,78743,1031,1.0,12304,445,78298
5,78748,1031,0.0,12305,445,78303
3,78751,1031,0.0,12306,445,78306
5,78756,1031,0.0,12307,445,78311
2,78758,1031,0.0,12308,445,78313
3,78761,1031,0.0,12309,445,78316
2,78763,1031,0.0,12310,445,78318
2,78765,1031,0.0,12311,445,78320
5,78770,1031,0.0,12312,445,78325
2,78772,1031,0.0,12313,445,78327
3,78775,1031,0.0,12314,445,78330
5,78780,1031,0.0,12315,445,78335
3,78783,1031,0.0,12316,445,78338
4,78787,1031,0.0,12317,445,78342
2,78789,1031,0.0,12318,445,78344
2,78791,1031,0.0,12319,445,78346
2,78793,1031,0.0,12320,445,78348
2,78795,1031,0.0,12321,445,78350
19,78814,1031,0.0,12322,445,78369
2,78816,1031,0.0,12323,445,78371
4,78820,1031,0.0,12324,445,78375
3,78823,1031,0.0,12325,445,78378
11,78834,1031,0.0,12326,445,78389
2,78836,1031,0.0,12327,445,78391
15,78851,1031,0.0,12328,445,78406
6,78857,1031,0.0,12329,445,78412
2,78859,1031,0.0,12330,445,78414
2,78861,1031,0.0,12331,445,78416
2,78863,1031,0.0,12332,445,78418
2,78865,1031,0.0,12333,445,78420
7,78872,1031,0.0,12334,445,78427
5,78877,1031,0.0,12335,445,78432
7,78884,1031,0.0,12336,445,78439
2,78886,1031,0.0,12337,445,78441
4,78890,1031,0.0,12338,445,78445
2,78892,1031,0.0,12339,445,78447
18,78910,1032,1.0,12340,445,78465
5,78915,1032,0.0,12341,445,78470
5,78920,1032,0.0,12342,445,78475
2,78922,1032,0.0,12343,445,78477
5,78927,1032,0.0,12344,445,78482
8,78935,1032,0.0,12345,445,78490
2,78937,1032,0.0,12346,445,78492
7,78944,1032,0.0,12347,445,78499
3,78947,1032,0.0,12348,445,78502
5,78952,1032,0.0,12349,445,78507
7,78959,1032,0.0,12350,445,78514
3,78962,1032,0.0,12351,445,78517
2,78964,1032,0.0,12352,445,78519
2,78966,1032,0.0,12353,445,78521
11,78977,1033,1.0,12354,445,78532
7,78984,1033,0.0,12355,445,78539
5,78989,1033,0.0,12356,445,78544
2,78991,1033,0.0,12357,445,78546
3,78994,1033,0.0,12358,445,78549
11,79005,1033,0.0,12359,445,78560
2,79007,1033,0.0,12360,445,78562
4,79011,1033,0.0,12361,445,78566
2,79013,1033,0.0,12362,445,78568
2,79015,1033,0.0,12363,445,78570
2,79017,1033,0.0,12364,445,78572
4,79021,1033,0.0,12365,445,78576
3,79024,1033,0.0,12366,445,78579
3,79027,1033,0.0,12367,445,78582
12,79039,1033,0.0,12368,445,78594
4,79043,1033,0.0,12369,445,78598
4,79047,1033,0.0,12370,445,78602
3,79050,1033,0.0,12371,445,78605
6,79056,1033,0.0,12372,445,78611
14,79070,1033,0.0,12373,445,78625
3,79073,1033,0.0,12374,445,78628
2,79075,1033,0.0,12375,445,78630
5,79080,1033,0.0,12376,445,78635
18,79098,1033,0.0,12377,445,78653
2,79100,1033,0.0,12378,445,78655
11,79111,1034,1.0,12379,445,78666
19,79130,1034,0.0,12380,445,78685
10,79140,1034,0.0,12381,445,78695
5,79145,1034,0.0,12382,445,78700
9,79154,1034,0.0,12383,445,78709
6,79160,1034,0.0,12384,445,78715
2,79162,1034,0.0,12385,445,78717
11,79173,1034,0.0,12386,445,78728
4,79177,1034,0.0,12387,445,78732
3,79180,1034,0.0,12388,445,78735
8,79188,1034,0.0,12389,445,78743
3,79191,1034,0.0,12390,445,78746
5,79196,1034,0.0,12391,445,78751
11,79207,1035,1.0,12392,445,78762
10,79217,1035,0.0,12393,445,78772
9,79226,1035,0.0,12394,445,78781
11,79237,1036,1.0,12395,445,78792
6,79243,1036,0.0,12396,445,78798
4,79247,1036,0.0,12397,445,78802
14,79261,1036,0.0,12398,445,78816
2,79263,1036,0.0,12399,445,78818
14,79277,1036,0.0,12400,445,78832
5,79282,1036,0.0,12401,445,78837
4,79286,1036,0.0,12402,445,78841
2,79288,1036,0.0,12403,445,78843
3,79291,1036,0.0,12404,445,78846
3,79294,1036,0.0,12405,445,78849
24,79318,1036,0.0,12406,445,78873
3,79321,1036,0.0,12407,445,78876
5,79326,1036,0.0,12408,445,78881
3,79329,1036,0.0,12409,445,78884
8,79337,1036,0.0,12410,445,78892
18,79355,1036,0.0,12411,445,78910
18,79373,1037,1.0,12412,445,78928
15,79388,1037,0.0,12413,445,78943
5,79393,1037,0.0,12414,445,78948
3,79396,1037,0.0,12415,445,78951
2,79398,1037,0.0,12416,445,78953
2,79400,1037,0.0,12417,445,78955
11,79411,1037,0.0,12418,445,78966
6,79417,1037,0.0,12419,445,78972
19,79436,1037,0.0,12420,445,78991
6,79442,1037,0.0,12421,445,78997
19,79461,1037,0.0,12422,445,79016
6,79467,1037,0.0,12423,445,79022
2,79469,1037,0.0,12424,445,79024
6,79475,1037,0.0,12425,445,79030
11,79486,1038,1.0,12426,445,79041
3,79489,1038,0.0,12427,445,79044
2,79491,1038,0.0,12428,445,79046
5,79496,1038,0.0,12429,445,79051
6,79502,1038,0.0,12430,445,79057
5,79507,1038,0.0,12431,445,79062
5,79512,1038,0.0,12432,445,79067
3,79515,1038,0.0,12433,445,79070
3,79518,1038,0.0,12434,445,79073
3,79521,1038,0.0,12435,445,79076
14,79535,1038,0.0,12436,445,79090
2,79537,1038,0.0,12437,445,79092
16,79553,1038,0.0,12438,445,79108
4,79557,1038,0.0,12439,445,79112
2,79559,1038,0.0,12440,445,79114
5,79564,1038,0.0,12441,445,79119
6,79570,1038,0.0,12442,445,79125
2,79572,1038,0.0,12443,445,79127
2,79574,1038,0.0,12444,445,79129
15,79589,1038,0.0,12445,445,79144
2,79591,1038,0.0,12446,445,79146
4,79595,1038,0.0,12447,445,79150
2,79597,1038,0.0,12448,445,79152
25,79622,1038,0.0,12449,445,79177
2,79624,1038,0.0,12450,445,79179
2,79626,1038,0.0,12451,445,79181
5,79631,1038,0.0,12452,445,79186
18,79649,1038,0.0,12453,445,79204
15,79664,1038,0.0,12454,445,79219
2,79666,1038,0.0,12455,445,79221
24,79690,1038,0.0,12456,445,79245
2,79692,1038,0.0,12457,445,79247
6,79698,1038,0.0,12458,445,79253
4,79702,1038,0.0,12459,445,79257
2,79704,1038,0.0,12460,445,79259
6,79710,1038,0.0,12461,445,79265
2,79712,1038,0.0,12462,445,79267
5,79717,1038,0.0,12463,445,79272
5,79722,1038,0.0,12464,445,79277
5,79727,1038,0.0,12465,445,79282
3,79730,1038,0.0,12466,445,79285
5,79735,1038,0.0,12467,445,79290
5,79740,1038,0.0,12468,445,79295
19,79759,1038,0.0,12469,445,79314
3,79762,1038,0.0,12470,445,79317
3,79765,1038,0.0,12471,445,79320
5,79770,1038,0.0,12472,445,79325
3,79773,1038,0.0,12473,445,79328
3,79776,1038,0.0,12474,445,79331
2,79778,1038,0.0,12475,445,79333
3,79781,1038,0.0,12476,445,79336
4,79785,1038,0.0,12477,445,79340
3,79788,1038,0.0,12478,445,79343
3,79791,1038,0.0,12479,445,79346
6,79797,1038,0.0,12480,445,79352
5,79802,1038,0.0,12481,445,79357
12,79814,1038,0.0,12482,445,79369
11,79825,1038,0.0,12483,445,79380
5,79830,1038,0.0,12484,445,79385
35,79865,1038,0.0,12485,445,79420
18,79883,1038,0.0,12486,445,79438
2,79885,1038,0.0,12487,445,79440
12,79897,1038,0.0,12488,445,79452
2,79899,1038,0.0,12489,445,79454
5,79904,1038,0.0,12490,445,79459
5,79909,1038,0.0,12491,445,79464
4,79913,1038,0.0,12492,445,79468
5,79918,1038,0.0,12493,445,79473
4,79922,1038,0.0,12494,445,79477
3,79925,1038,0.0,12495,445,79480
3,79928,1038,0.0,12496,445,79483
5,79933,1038,0.0,12497,445,79488
6,79939,1038,0.0,12498,445,79494
5,79944,1038,0.0,12499,445,79499
8,79952,1038,0.0,12500,445,79507
11,79963,1038,0.0,12501,445,79518
3,79966,1038,0.0,12502,445,79521
10,79976,1038,0.0,12503,445,79531
11,79987,1039,1.0,12504,445,79542
18,80005,1040,1.0,12505,445,79560
3,80008,1040,0.0,12506,445,79563
3,80011,1040,0.0,12507,445,79566
2,80013,1040,0.0,12508,445,79568
8,80021,1040,0.0,12509,445,79576
3,80024,1040,0.0,12510,445,79579
11,80035,1041,1.0,12511,445,79590
6,80041,1041,0.0,12512,445,79596
2,80043,1041,0.0,12513,445,79598
3,80046,1041,0.0,12514,445,79601
11,80057,1042,1.0,12515,445,79612
8,80065,1042,0.0,12516,445,79620
5,80070,1042,0.0,12517,445,79625
3,80073,1042,0.0,12518,445,79628
5,80078,1042,0.0,12519,445,79633
4,80082,1042,0.0,12520,445,79637
11,80093,1042,0.0,12521,445,79648
5,80098,1042,0.0,12522,445,79653
5,80103,1042,0.0,12523,445,79658
2,80105,1042,0.0,12524,445,79660
3,80108,1042,0.0,12525,445,79663
4,80112,1042,0.0,12526,445,79667
6,80118,1042,0.0,12527,445,79673
16,80134,1042,0.0,12528,445,79689
6,80140,1042,0.0,12529,445,79695
11,80151,1043,1.0,12530,445,79706
3,80154,1043,0.0,12531,445,79709
3,80157,1043,0.0,12532,445,79712
7,80164,1043,0.0,12533,445,79719
5,80169,1043,0.0,12534,445,79724
5,80174,1043,0.0,12535,445,79729
3,80177,1043,0.0,12536,445,79732
7,80184,1043,0.0,12537,445,79739
5,80189,1043,0.0,12538,445,79744
3,80192,1043,0.0,12539,445,79747
19,80211,1043,0.0,12540,445,79766
5,80216,1043,0.0,12541,445,79771
18,80234,1044,1.0,12542,445,79789
18,80252,1045,1.0,12543,445,79807
6,80258,1045,0.0,12544,445,79813
6,80264,1045,0.0,12545,445,79819
6,80270,1045,0.0,12546,445,79825
6,80276,1045,0.0,12547,445,79831
8,80284,1045,0.0,12548,445,79839
5,80289,1045,0.0,12549,445,79844
4,80293,1045,0.0,12550,445,79848
19,80312,1045,0.0,12551,445,79867
5,80317,1045,0.0,12552,445,79872
9,80326,1045,0.0,12553,445,79881
6,80332,1045,0.0,12554,445,79887
3,80335,1045,0.0,12555,445,79890
3,80338,1045,0.0,12556,445,79893
15,80353,1045,0.0,12557,445,79908
4,80357,1045,0.0,12558,445,79912
2,80359,1045,0.0,12559,445,79914
3,80362,1045,0.0,12560,445,79917
4,80366,1045,0.0,12561,445,79921
5,80371,1045,0.0,12562,445,79926
4,80375,1045,0.0,12563,445,79930
5,80380,1045,0.0,12564,445,79935
2,80382,1045,0.0,12565,445,79937
8,80390,1045,0.0,12566,445,79945
5,80395,1045,0.0,12567,445,79950
3,80398,1045,0.0,12568,445,79953
4,80402,1045,0.0,12569,445,79957
13,80415,1045,0.0,12570,445,79970
8,80423,1045,0.0,12571,445,79978
3,80426,1045,0.0,12572,445,79981
18,80444,1046,1.0,12573,445,79999
2,80446,1046,0.0,12574,445,80001
6,80452,1046,0.0,12575,445,80007
2,80454,1046,0.0,12576,445,80009
18,80472,1046,0.0,12577,445,80027
18,80490,1047,1.0,12578,445,80045
9,80499,1047,0.0,12579,445,80054
3,80502,1047,0.0,12580,445,80057
2,80504,1047,0.0,12581,445,80059
4,80508,1047,0.0,12582,445,80063
3,80511,1047,0.0,12583,445,80066
2,80513,1047,0.0,12584,445,80068
2,80515,1047,0.0,12585,445,80070
4,80519,1047,0.0,12586,445,80074
2,80521,1047,0.0,12587,445,80076
19,80540,1047,0.0,12588,445,80095
3,80543,1047,0.0,12589,445,80098
2,80545,1047,0.0,12590,445,80100
2,80547,1047,0.0,12591,445,80102
4,80551,1047,0.0,12592,445,80106
18,80569,1048,1.0,12593,445,80124
19,80588,1048,0.0,12594,445,80143
15,80603,1048,0.0,12595,445,80158
3,80606,1048,0.0,12596,445,80161
3,80609,1048,0.0,12597,445,80164
2,80611,1048,0.0,12598,445,80166
9,80620,1048,0.0,12599,445,80175
6,80626,1048,0.0,12600,445,80181
3,80629,1048,0.0,12601,445,80184
19,80648,1048,0.0,12602,445,80203
14,80662,1048,0.0,12603,445,80217
2,80664,1048,0.0,12604,445,80219
11,80675,1048,0.0,12605,445,80230
14,80689,1048,0.0,12606,445,80244
4,80693,1048,0.0,12607,445,80248
10,80703,1048,0.0,12608,445,80258
3,80706,1048,0.0,12609,445,80261
3,80709,1048,0.0,12610,445,80264
11,80720,1048,0.0,12611,445,80275
2,80722,1048,0.0,12612,445,80277
16,80738,1048,0.0,12613,445,80293
3,80741,1048,0.0,12614,445,80296
6,80747,1048,0.0,12615,445,80302
22,80769,1048,0.0,12616,445,80324
2,80771,1048,0.0,12617,445,80326
4,80775,1048,0.0,12618,445,80330
19,80794,1048,0.0,12619,445,80349
15,80809,1048,0.0,12620,445,80364
6,80815,1048,0.0,12621,445,80370
5,80820,1048,0.0,12622,445,80375
5,80825,1048,0.0,12623,445,80380
6,80831,1048,0.0,12624,445,80386
2,80833,1048,0.0,12625,445,80388
5,80838,1048,0.0,12626,445,80393
16,80854,1048,0.0,12627,445,80409
5,80859,1048,0.0,12628,445,80414
2,80861,1048,0.0,12629,445,80416
13,80874,1049,1.0,12630,445,80429
2,80876,1049,0.0,12631,445,80431
17,80893,1049,0.0,12632,445,80448
3,80896,1049,0.0,12633,445,80451
3,80899,1049,0.0,12634,445,80454
3,80902,1049,0.0,12635,445,80457
5,80907,1049,0.0,12636,445,80462
3,80910,1049,0.0,12637,445,80465
13,80923,1050,1.0,12638,445,80478
2,80925,1050,0.0,12639,445,80480
2,80927,1050,0.0,12640,445,80482
3,80930,1050,0.0,12641,445,80485
8,80938,1050,0.0,12642,445,80493
2,80940,1050,0.0,12643,445,80495
5,80945,1050,0.0,12644,445,80500
2,80947,1050,0.0,12645,445,80502
11,80958,1051,1.0,12646,445,80513
2,80960,1051,0.0,12647,445,80515
3,80963,1051,0.0,12648,445,80518
2,80965,1051,0.0,12649,445,80520
2,80967,1051,0.0,12650,445,80522
18,80985,1052,1.0,12651,445,80540
16,81001,1052,0.0,12652,445,80556
13,81014,1052,0.0,12653,445,80569
11,81025,1053,1.0,12654,445,80580
2,81027,1053,0.0,12655,445,80582
19,81046,1053,0.0,12656,445,80601
3,81049,1053,0.0,12657,445,80604
5,81054,1053,0.0,12658,445,80609
12,81066,1053,0.0,12659,445,80621
3,81069,1053,0.0,12660,445,80624
13,81082,1053,0.0,12661,445,80637
3,81085,1053,0.0,12662,445,80640
11,81096,1054,1.0,12663,445,80651
2,81098,1054,0.0,12664,445,80653
14,81112,1054,0.0,12665,445,80667
7,81119,1054,0.0,12666,445,80674
4,81123,1054,0.0,12667,445,80678
3,81126,1054,0.0,12668,445,80681
2,81128,1054,0.0,12669,445,80683
6,81134,1054,0.0,12670,445,80689
18,81152,1055,1.0,12671,445,80707
2,81154,1055,0.0,12672,445,80709
4,81158,1055,0.0,12673,445,80713
3,81161,1055,0.0,12674,445,80716
11,81172,1055,0.0,12675,445,80727
13,81185,1056,1.0,12676,445,80740
11,81196,1056,0.0,12677,445,80751
3,81199,1056,0.0,12678,445,80754
2,81201,1056,0.0,12679,445,80756
2,81203,1056,0.0,12680,445,80758
19,81222,1056,0.0,12681,445,80777
2,81224,1056,0.0,12682,445,80779
3,81227,1056,0.0,12683,445,80782
9,81236,1056,0.0,12684,445,80791
12,81248,1056,0.0,12685,445,80803
3,81251,1056,0.0,12686,445,80806
2,81253,1056,0.0,12687,445,80808
24,81277,1056,0.0,12688,445,80832
5,81282,1056,0.0,12689,445,80837
8,81290,1056,0.0,12690,445,80845
2,81292,1056,0.0,12691,445,80847
11,81303,1057,1.0,12692,445,80858
9,81312,1057,0.0,12693,445,80867
3,81315,1057,0.0,12694,445,80870
20,81335,1057,0.0,12695,445,80890
8,81343,1057,0.0,12696,445,80898
2,81345,1057,0.0,12697,445,80900
2,81347,1057,0.0,12698,445,80902
2,81349,1057,0.0,12699,445,80904
11,81360,1057,0.0,12700,445,80915
4,81364,1057,0.0,12701,445,80919
5,81369,1057,0.0,12702,445,80924
14,81383,1057,0.0,12703,445,80938
3,81386,1057,0.0,12704,445,80941
3,81389,1057,0.0,12705,445,80944
3,81392,1057,0.0,12706,445,80947
2,81394,1057,0.0,12707,445,80949
5,81399,1057,0.0,12708,445,80954
2,81401,1057,0.0,12709,445,80956
9,81410,1057,0.0,12710,445,80965
18,81428,1058,1.0,12711,445,80983
4,81432,1058,0.0,12712,445,80987
5,81437,1058,0.0,12713,445,80992
2,81439,1058,0.0,12714,445,80994
2,81441,1058,0.0,12715,445,80996
2,81443,1058,0.0,12716,445,80998
4,81447,1058,0.0,12717,445,81002
2,81449,1058,0.0,12718,445,81004
5,81454,1058,0.0,12719,445,81009
10,81464,1058,0.0,12720,445,81019
3,81467,1058,0.0,12721,445,81022
2,81469,1058,0.0,12722,445,81024
8,81477,1058,0.0,12723,445,81032
3,81480,1058,0.0,12724,445,81035
3,81483,1058,0.0,12725,445,81038
19,81502,1058,0.0,12726,445,81057
3,81505,1058,0.0,12727,445,81060
4,81509,1058,0.0,12728,445,81064
5,81514,1058,0.0,12729,445,81069
2,81516,1058,0.0,12730,445,81071
13,81529,1058,0.0,12731,445,81084
6,81535,1058,0.0,12732,445,81090
3,81538,1058,0.0,12733,445,81093
4,81542,1058,0.0,12734,445,81097
18,81560,1059,1.0,12735,445,81115
6,81566,1059,0.0,12736,445,81121
19,81585,1059,0.0,12737,445,81140
2,81587,1059,0.0,12738,445,81142
2,81589,1059,0.0,12739,445,81144
4,81593,1059,0.0,12740,445,81148
3,81596,1059,0.0,12741,445,81151
2,81598,1059,0.0,12742,445,81153
2,81600,1059,0.0,12743,445,81155
3,81603,1059,0.0,12744,445,81158
3,81606,1059,0.0,12745,445,81161
18,81624,1060,1.0,12746,445,81179
8,81632,1060,0.0,12747,445,81187
2,81634,1060,0.0,12748,445,81189
3,81637,1060,0.0,12749,445,81192
5,81642,1060,0.0,12750,445,81197
3,81645,1060,0.0,12751,445,81200
2,81647,1060,0.0,12752,445,81202
2,81649,1060,0.0,12753,445,81204
4,81653,1060,0.0,12754,445,81208
19,81672,1060,0.0,12755,445,81227
3,81675,1060,0.0,12756,445,81230
13,81688,1060,0.0,12757,445,81243
9,81697,1060,0.0,12758,445,81252
3,81700,1060,0.0,12759,445,81255
3,81703,1060,0.0,12760,445,81258
2,81705,1060,0.0,12761,445,81260
3,81708,1060,0.0,12762,445,81263
2,81710,1060,0.0,12763,445,81265
2,81712,1060,0.0,12764,445,81267
2,81714,1060,0.0,12765,445,81269
13,81727,1061,1.0,12766,445,81282
2,81729,1061,0.0,12767,445,81284
2,81731,1061,0.0,12768,445,81286
3,81734,1061,0.0,12769,445,81289
19,81753,1061,0.0,12770,445,81308
19,81772,1061,0.0,12771,445,81327
18,81790,1062,1.0,12772,445,81345
4,81794,1062,0.0,12773,445,81349
18,81812,1063,1.0,12774,445,81367
5,81817,1063,0.0,12775,445,81372
5,81822,1063,0.0,12776,445,81377
4,81826,1063,0.0,12777,445,81381
4,81830,1063,0.0,12778,445,81385
3,81833,1063,0.0,12779,445,81388
3,81836,1063,0.0,12780,445,81391
2,81838,1063,0.0,12781,445,81393
2,81840,1063,0.0,12782,445,81395
6,81846,1063,0.0,12783,445,81401
5,81851,1063,0.0,12784,445,81406
2,81853,1063,0.0,12785,445,81408
3,81856,1063,0.0,12786,445,81411
5,81861,1063,0.0,12787,445,81416
3,81864,1063,0.0,12788,445,81419
18,81882,1064,1.0,12789,445,81437
3,81885,1064,0.0,12790,445,81440
5,81890,1064,0.0,12791,445,81445
9,81899,1064,0.0,12792,445,81454
4,81903,1064,0.0,12793,445,81458
3,81906,1064,0.0,12794,445,81461
8,81914,1064,0.0,12795,445,81469
5,81919,1064,0.0,12796,445,81474
2,81921,1064,0.0,12797,445,81476
16,81937,1064,0.0,12798,445,81492
5,81942,1064,0.0,12799,445,81497
5,81947,1064,0.0,12800,445,81502
12,81959,1064,0.0,12801,445,81514
2,81961,1064,0.0,12802,445,81516
6,81967,1064,0.0,12803,445,81522
5,81972,1064,0.0,12804,445,81527
2,81974,1064,0.0,12805,445,81529
20,81994,1064,0.0,12806,445,81549
9,82003,1064,0.0,12807,445,81558
5,82008,1064,0.0,12808,445,81563
6,82014,1064,0.0,12809,445,81569
2,82016,1064,0.0,12810,445,81571
3,82019,1064,0.0,12811,445,81574
2,82021,1064,0.0,12812,445,81576
4,82025,1064,0.0,12813,445,81580
5,82030,1064,0.0,12814,445,81585
18,82048,1065,1.0,12815,445,81603
3,82051,1065,0.0,12816,445,81606
11,82062,1065,0.0,12817,445,81617
7,82069,1065,0.0,12818,445,81624
15,82084,1065,0.0,12819,445,81639
5,82089,1065,0.0,12820,445,81644
4,82093,1065,0.0,12821,445,81648
3,82096,1065,0.0,12822,445,81651
4,82100,1065,0.0,12823,445,81655
3,82103,1065,0.0,12824,445,81658
8,82111,1065,0.0,12825,445,81666
5,82116,1065,0.0,12826,445,81671
4,82120,1065,0.0,12827,445,81675
6,82126,1065,0.0,12828,445,81681
5,82131,1065,0.0,12829,445,81686
3,82134,1065,0.0,12830,445,81689
6,82140,1065,0.0,12831,445,81695
2,82142,1065,0.0,12832,445,81697
5,82147,1065,0.0,12833,445,81702
4,82151,1065,0.0,12834,445,81706
6,82157,1065,0.0,12835,445,81712
3,82160,1065,0.0,12836,445,81715
2,82162,1065,0.0,12837,445,81717
3,82165,1065,0.0,12838,445,81720
2,82167,1065,0.0,12839,445,81722
4,82171,1065,0.0,12840,445,81726
8,82179,1065,0.0,12841,445,81734
5,82184,1065,0.0,12842,445,81739
2,82186,1065,0.0,12843,445,81741
2,82188,1065,0.0,12844,445,81743
2,82190,1065,0.0,12845,445,81745
16,82206,1065,0.0,12846,445,81761
16,82222,1065,0.0,12847,445,81777
2,82224,1065,0.0,12848,445,81779
2,82226,1065,0.0,12849,445,81781
3,82229,1065,0.0,12850,445,81784
12,82241,1065,0.0,12851,445,81796
2,82243,1065,0.0,12852,445,81798
8,82251,1065,0.0,12853,445,81806
19,82270,1065,0.0,12854,445,81825
4,82274,1065,0.0,12855,445,81829
17,82291,1065,0.0,12856,445,81846
5,82296,1065,0.0,12857,445,81851
3,82299,1065,0.0,12858,445,81854
8,82307,1065,0.0,12859,445,81862
3,82310,1065,0.0,12860,445,81865
2,82312,1065,0.0,12861,445,81867
3,82315,1065,0.0,12862,445,81870
3,82318,1065,0.0,12863,445,81873
13,82331,1065,0.0,12864,445,81886
11,82342,1065,0.0,12865,445,81897
18,82360,1065,0.0,12866,445,81915
4,82364,1065,0.0,12867,445,81919
2,82366,1065,0.0,12868,445,81921
2,82368,1065,0.0,12869,445,81923
2,82370,1065,0.0,12870,445,81925
2,82372,1065,0.0,12871,445,81927
5,82377,1065,0.0,12872,445,81932
6,82383,1065,0.0,12873,445,81938
11,82394,1065,0.0,12874,445,81949
6,82400,1065,0.0,12875,445,81955
11,82411,1066,1.0,12876,445,81966
23,82434,1066,0.0,12877,445,81989
8,82442,1066,0.0,12878,445,81997
3,82445,1066,0.0,12879,445,82000
5,82450,1066,0.0,12880,445,82005
4,82454,1066,0.0,12881,445,82009
2,82456,1066,0.0,12882,445,82011
14,82470,1066,0.0,12883,445,82025
2,82472,1066,0.0,12884,445,82027
20,82492,1066,0.0,12885,445,82047
4,82496,1066,0.0,12886,445,82051
2,82498,1066,0.0,12887,445,82053
3,82501,1066,0.0,12888,445,82056
5,82506,1066,0.0,12889,445,82061
14,82520,1066,0.0,12890,445,82075
4,82524,1066,0.0,12891,445,82079
4,82528,1066,0.0,12892,445,82083
5,82533,1066,0.0,12893,445,82088
5,82538,1066,0.0,12894,445,82093
2,82540,1066,0.0,12895,445,82095
4,82544,1066,0.0,12896,445,82099
4,82548,1066,0.0,12897,445,82103
3,82551,1066,0.0,12898,445,82106
3,82554,1066,0.0,12899,445,82109
2,82556,1066,0.0,12900,445,82111
3,82559,1066,0.0,12901,445,82114
2,82561,1066,0.0,12902,445,82116
3,82564,1066,0.0,12903,445,82119
3,82567,1066,0.0,12904,445,82122
2,82569,1066,0.0,12905,445,82124
11,82580,1067,1.0,12906,445,82135
19,82599,1067,0.0,12907,445,82154
3,82602,1067,0.0,12908,445,82157
2,82604,1067,0.0,12909,445,82159
2,82606,1067,0.0,12910,445,82161
5,82611,1067,0.0,12911,445,82166
24,82635,1067,0.0,12912,445,82190
2,82637,1067,0.0,12913,445,82192
16,82653,1067,0.0,12914,445,82208
6,82659,1067,0.0,12915,445,82214
18,82677,1068,1.0,12916,445,82232
18,82695,1068,0.0,12917,445,82250
8,82703,1069,1.0,12918,445,82258
3,82706,1069,0.0,12919,445,82261
2,82708,1069,0.0,12920,445,82263
3,82711,1069,0.0,12921,445,82266
3,82714,1069,0.0,12922,445,82269
3,82717,1069,0.0,12923,445,82272
5,82722,1069,0.0,12924,445,82277
3,82725,1069,0.0,12925,445,82280
3,82728,1069,0.0,12926,445,82283
2,82730,1069,0.0,12927,445,82285
4,82734,1069,0.0,12928,445,82289
2,82736,1069,0.0,12929,445,82291
2,82738,1069,0.0,12930,445,82293
2,82740,1069,0.0,12931,445,82295
9,82749,1069,0.0,12932,445,82304
4,82753,1069,0.0,12933,445,82308
8,82761,1069,0.0,12934,445,82316
11,82772,1070,1.0,12935,445,82327
2,82774,1070,0.0,12936,445,82329
4,82778,1070,0.0,12937,445,82333
6,82784,1070,0.0,12938,445,82339
2,82786,1070,0.0,12939,445,82341
2,82788,1070,0.0,12940,445,82343
2,82790,1070,0.0,12941,445,82345
6,82796,1070,0.0,12942,445,82351
2,82798,1070,0.0,12943,445,82353
3,82801,1070,0.0,12944,445,82356
4,82805,1070,0.0,12945,445,82360
19,82824,1070,0.0,12946,445,82379
5,82829,1070,0.0,12947,445,82384
5,82834,1070,0.0,12948,445,82389
3,82837,1070,0.0,12949,445,82392
2,82839,1070,0.0,12950,445,82394
3,82842,1070,0.0,12951,445,82397
11,82853,1070,0.0,12952,445,82408
2,82855,1070,0.0,12953,445,82410
16,82871,1070,0.0,12954,445,82426
3,82874,1070,0.0,12955,445,82429
2,82876,1070,0.0,12956,445,82431
13,82889,1071,1.0,12957,445,82444
18,82907,1072,1.0,12958,445,82462
4,82911,1072,0.0,12959,445,82466
2,82913,1072,0.0,12960,445,82468
2,82915,1072,0.0,12961,445,82470
7,82922,1072,0.0,12962,445,82477
2,82924,1072,0.0,12963,445,82479
6,82930,1072,0.0,12964,445,82485
15,82945,1072,0.0,12965,445,82500
3,82948,1072,0.0,12966,445,82503
3,82951,1072,0.0,12967,445,82506
18,82969,1072,0.0,12968,445,82524
6,82975,1072,0.0,12969,445,82530
2,82977,1072,0.0,12970,445,82532
5,82982,1072,0.0,12971,445,82537
4,82986,1072,0.0,12972,445,82541
5,82991,1072,0.0,12973,445,82546
6,82997,1072,0.0,12974,445,82552
2,82999,1072,0.0,12975,445,82554
5,83004,1072,0.0,12976,445,82559
3,83007,1072,0.0,12977,445,82562
3,83010,1072,0.0,12978,445,82565
3,83013,1072,0.0,12979,445,82568
2,83015,1072,0.0,12980,445,82570
2,83017,1072,0.0,12981,445,82572
6,83023,1072,0.0,12982,445,82578
2,83025,1072,0.0,12983,445,82580
2,83027,1072,0.0,12984,445,82582
3,83030,1072,0.0,12985,445,82585
2,83032,1072,0.0,12986,445,82587
2,83034,1072,0.0,12987,445,82589
8,83042,1072,0.0,12988,445,82597
7,83049,1072,0.0,12989,445,82604
4,83053,1072,0.0,12990,445,82608
5,83058,1072,0.0,12991,445,82613
3,83061,1072,0.0,12992,445,82616
13,83074,1072,0.0,12993,445,82629
18,83092,1073,1.0,12994,445,82647
2,83094,1073,0.0,12995,445,82649
8,83102,1073,0.0,12996,445,82657
11,83113,1073,0.0,12997,445,82668
2,83115,1073,0.0,12998,445,82670
11,83126,1073,0.0,12999,445,82681
2,83128,1073,0.0,13000,445,82683
5,83133,1073,0.0,13001,445,82688
3,83136,1073,0.0,13002,445,82691
5,83141,1073,0.0,13003,445,82696
2,83143,1073,0.0,13004,445,82698
4,83147,1073,0.0,13005,445,82702
3,83150,1073,0.0,13006,445,82705
5,83155,1073,0.0,13007,445,82710
7,83162,1073,0.0,13008,445,82717
5,83167,1073,0.0,13009,445,82722
3,83170,1073,0.0,13010,445,82725
3,83173,1073,0.0,13011,445,82728
9,83182,1073,0.0,13012,445,82737
3,83185,1073,0.0,13013,445,82740
5,83190,1073,0.0,13014,445,82745
3,83193,1073,0.0,13015,445,82748
16,83209,1073,0.0,13016,445,82764
15,83224,1073,0.0,13017,445,82779
3,83227,1073,0.0,13018,445,82782
12,83239,1073,0.0,13019,445,82794
24,83263,1073,0.0,13020,445,82818
3,83266,1073,0.0,13021,445,82821
2,83268,1073,0.0,13022,445,82823
2,83270,1073,0.0,13023,445,82825
11,83281,1074,1.0,13024,445,82836
3,83284,1074,0.0,13025,445,82839
3,83287,1074,0.0,13026,445,82842
4,83291,1074,0.0,13027,445,82846
10,83301,1074,0.0,13028,445,82856
14,83315,1074,0.0,13029,445,82870
18,83333,1075,1.0,13030,445,82888
3,83336,1075,0.0,13031,445,82891
18,83354,1076,1.0,13032,445,82909
9,83363,1076,0.0,13033,445,82918
5,83368,1076,0.0,13034,445,82923
3,83371,1076,0.0,13035,445,82926
2,83373,1076,0.0,13036,445,82928
2,83375,1076,0.0,13037,445,82930
9,83384,1076,0.0,13038,445,82939
19,83403,1076,0.0,13039,445,82958
3,83406,1076,0.0,13040,445,82961
3,83409,1076,0.0,13041,445,82964
8,83417,1077,1.0,13042,445,82972
3,83420,1077,0.0,13043,445,82975
9,83429,1077,0.0,13044,445,82984
3,83432,1077,0.0,13045,445,82987
5,83437,1077,0.0,13046,445,82992
5,83442,1077,0.0,13047,445,82997
6,83448,1077,0.0,13048,445,83003
3,83451,1077,0.0,13049,445,83006
3,83454,1077,0.0,13050,445,83009
21,83475,1077,0.0,13051,445,83030
4,83479,1077,0.0,13052,445,83034
2,83481,1077,0.0,13053,445,83036
2,83483,1077,0.0,13054,445,83038
2,83485,1077,0.0,13055,445,83040
2,83487,1077,0.0,13056,445,83042
2,83489,1077,0.0,13057,445,83044
18,83507,1078,1.0,13058,445,83062
8,83515,1078,0.0,13059,445,83070
6,83521,1078,0.0,13060,445,83076
2,83523,1078,0.0,13061,445,83078
3,83526,1078,0.0,13062,445,83081
3,83529,1078,0.0,13063,445,83084
2,83531,1078,0.0,13064,445,83086
2,83533,1078,0.0,13065,445,83088
2,83535,1078,0.0,13066,445,83090
3,83538,1078,0.0,13067,445,83093
2,83540,1078,0.0,13068,445,83095
3,83543,1078,0.0,13069,445,83098
10,83553,1078,0.0,13070,445,83108
18,83571,1078,0.0,13071,445,83126
10,83581,1078,0.0,13072,445,83136
8,83589,1078,0.0,13073,445,83144
3,83592,1078,0.0,13074,445,83147
4,83596,1078,0.0,13075,445,83151
3,83599,1078,0.0,13076,445,83154
15,83614,1078,0.0,13077,445,83169
19,83633,1078,0.0,13078,445,83188
3,83636,1078,0.0,13079,445,83191
2,83638,1078,0.0,13080,445,83193
20,83658,1078,0.0,13081,445,83213
2,83660,1078,0.0,13082,445,83215
11,83671,1079,1.0,13083,445,83226
12,83683,1079,0.0,13084,445,83238
18,83701,1079,0.0,13085,445,83256
5,83706,1079,0.0,13086,445,83261
3,83709,1079,0.0,13087,445,83264
9,83718,1079,0.0,13088,445,83273
3,83721,1079,0.0,13089,445,83276
6,83727,1079,0.0,13090,445,83282
2,83729,1079,0.0,13091,445,83284
3,83732,1079,0.0,13092,445,83287
14,83746,1079,0.0,13093,445,83301
6,83752,1079,0.0,13094,445,83307
3,83755,1079,0.0,13095,445,83310
2,83757,1079,0.0,13096,445,83312
3,83760,1079,0.0,13097,445,83315
19,83779,1079,0.0,13098,445,83334
4,83783,1079,0.0,13099,445,83338
5,83788,1079,0.0,13100,445,83343
6,83794,1079,0.0,13101,445,83349
2,83796,1079,0.0,13102,445,83351
18,83814,1080,1.0,13103,445,83369
11,83825,1081,1.0,13104,445,83380
4,83829,1081,0.0,13105,445,83384
3,83832,1081,0.0,13106,445,83387
7,83839,1081,0.0,13107,445,83394
11,83850,1082,1.0,13108,445,83405
18,83868,1083,1.0,13109,445,83423
5,83873,1083,0.0,13110,445,83428
3,83876,1083,0.0,13111,445,83431
2,83878,1083,0.0,13112,445,83433
3,83881,1083,0.0,13113,445,83436
18,83899,1084,1.0,13114,445,83454
2,83901,1084,0.0,13115,445,83456
3,83904,1084,0.0,13116,445,83459
5,83909,1084,0.0,13117,445,83464
2,83911,1084,0.0,13118,445,83466
7,83918,1084,0.0,13119,445,83473
2,83920,1084,0.0,13120,445,83475
11,83931,1085,1.0,13121,445,83486
2,83933,1085,0.0,13122,445,83488
2,83935,1085,0.0,13123,445,83490
5,83940,1085,0.0,13124,445,83495
23,83963,1085,0.0,13125,445,83518
7,83970,1085,0.0,13126,445,83525
3,83973,1085,0.0,13127,445,83528
2,83975,1085,0.0,13128,445,83530
2,83977,1085,0.0,13129,445,83532
3,83980,1085,0.0,13130,445,83535
3,83983,1085,0.0,13131,445,83538
6,83989,1085,0.0,13132,445,83544
2,83991,1085,0.0,13133,445,83546
2,83993,1085,0.0,13134,445,83548
2,83995,1085,0.0,13135,445,83550
9,84004,1085,0.0,13136,445,83559
3,84007,1085,0.0,13137,445,83562
6,84013,1085,0.0,13138,445,83568
2,84015,1085,0.0,13139,445,83570
5,84020,1085,0.0,13140,445,83575
2,84022,1085,0.0,13141,445,83577
11,84033,1085,0.0,13142,445,83588
2,84035,1085,0.0,13143,445,83590
2,84037,1085,0.0,13144,445,83592
2,84039,1085,0.0,13145,445,83594
3,84042,1085,0.0,13146,445,83597
3,84045,1085,0.0,13147,445,83600
3,84048,1085,0.0,13148,445,83603
3,84051,1085,0.0,13149,445,83606
9,84060,1085,0.0,13150,445,83615
2,84062,1085,0.0,13151,445,83617
5,84067,1085,0.0,13152,445,83622
3,84070,1085,0.0,13153,445,83625
5,84075,1085,0.0,13154,445,83630
5,84080,1085,0.0,13155,445,83635
5,84085,1085,0.0,13156,445,83640
4,84089,1085,0.0,13157,445,83644
3,84092,1085,0.0,13158,445,83647
4,84096,1085,0.0,13159,445,83651
3,84099,1085,0.0,13160,445,83654
2,84101,1085,0.0,13161,445,83656
4,84105,1085,0.0,13162,445,83660
18,84123,1085,0.0,13163,445,83678
5,84128,1085,0.0,13164,445,83683
8,84136,1086,1.0,13165,445,83691
9,84145,1086,0.0,13166,445,83700
6,84151,1086,0.0,13167,445,83706
2,84153,1086,0.0,13168,445,83708
2,84155,1086,0.0,13169,445,83710
18,84173,1087,1.0,13170,445,83728
3,84176,1087,0.0,13171,445,83731
2,84178,1087,0.0,13172,445,83733
2,84180,1087,0.0,13173,445,83735
3,84183,1087,0.0,13174,445,83738
2,84185,1087,0.0,13175,445,83740
6,84191,1087,0.0,13176,445,83746
2,84193,1087,0.0,13177,445,83748
2,84195,1087,0.0,13178,445,83750
2,84197,1087,0.0,13179,445,83752
8,84205,1088,1.0,13180,445,83760
19,84224,1088,0.0,13181,445,83779
7,84231,1088,0.0,13182,445,83786
2,84233,1088,0.0,13183,445,83788
5,84238,1088,0.0,13184,445,83793
14,84252,1088,0.0,13185,445,83807
3,84255,1088,0.0,13186,445,83810
3,84258,1088,0.0,13187,445,83813
2,84260,1088,0.0,13188,445,83815
4,84264,1088,0.0,13189,445,83819
2,84266,1088,0.0,13190,445,83821
12,84278,1088,0.0,13191,445,83833
2,84280,1088,0.0,13192,445,83835
2,84282,1088,0.0,13193,445,83837
3,84285,1088,0.0,13194,445,83840
11,84296,1089,1.0,13195,445,83851
11,84307,1090,1.0,13196,445,83862
2,84309,1090,0.0,13197,445,83864
13,84322,1090,0.0,13198,445,83877
2,84324,1090,0.0,13199,445,83879
3,84327,1090,0.0,13200,445,83882
6,84333,1090,0.0,13201,445,83888
15,84348,1090,0.0,13202,445,83903
2,84350,1090,0.0,13203,445,83905
4,84354,1090,0.0,13204,445,83909
4,84358,1090,0.0,13205,445,83913
13,84371,1090,0.0,13206,445,83926
3,84374,1090,0.0,13207,445,83929
2,84376,1090,0.0,13208,445,83931
2,84378,1090,0.0,13209,445,83933
12,84390,1090,0.0,13210,445,83945
2,84392,1090,0.0,13211,445,83947
2,84394,1090,0.0,13212,445,83949
9,84403,1090,0.0,13213,445,83958
11,84414,1091,1.0,13214,445,83969
2,84416,1091,0.0,13215,445,83971
2,84418,1091,0.0,13216,445,83973
5,84423,1091,0.0,13217,445,83978
3,84426,1091,0.0,13218,445,83981
8,84434,1091,0.0,13219,445,83989
25,84459,1091,0.0,13220,445,84014
2,84461,1091,0.0,13221,445,84016
13,84474,1092,1.0,13222,445,84029
3,84477,1092,0.0,13223,445,84032
5,84482,1092,0.0,13224,445,84037
2,84484,1092,0.0,13225,445,84039
3,84487,1092,0.0,13226,445,84042
3,84490,1092,0.0,13227,445,84045
2,84492,1092,0.0,13228,445,84047
5,84497,1092,0.0,13229,445,84052
11,84508,1092,0.0,13230,445,84063
3,84511,1092,0.0,13231,445,84066
5,84516,1092,0.0,13232,445,84071
2,84518,1092,0.0,13233,445,84073
11,84529,1093,1.0,13234,445,84084
4,84533,1093,0.0,13235,445,84088
5,84538,1093,0.0,13236,445,84093
6,84544,1093,0.0,13237,445,84099
3,84547,1093,0.0,13238,445,84102
20,84567,1093,0.0,13239,445,84122
2,84569,1093,0.0,13240,445,84124
8,84577,1093,0.0,13241,445,84132
19,84596,1093,0.0,13242,445,84151
3,84599,1093,0.0,13243,445,84154
3,84602,1093,0.0,13244,445,84157
20,84622,1093,0.0,13245,445,84177
2,84624,1093,0.0,13246,445,84179
33,84657,1093,0.0,13247,445,84212
11,84668,1094,1.0,13248,445,84223
4,84672,1094,0.0,13249,445,84227
2,84674,1094,0.0,13250,445,84229
2,84676,1094,0.0,13251,445,84231
6,84682,1094,0.0,13252,445,84237
7,84689,1094,0.0,13253,445,84244
3,84692,1094,0.0,13254,445,84247
14,84706,1094,0.0,13255,445,84261
32,84738,1094,0.0,13256,445,84293
12,84750,1094,0.0,13257,445,84305
3,84753,1094,0.0,13258,445,84308
2,84755,1094,0.0,13259,445,84310
2,84757,1094,0.0,13260,445,84312
5,84762,1094,0.0,13261,445,84317
6,84768,1094,0.0,13262,445,84323
2,84770,1094,0.0,13263,445,84325
6,84776,1094,0.0,13264,445,84331
3,84779,1094,0.0,13265,445,84334
18,84797,1094,0.0,13266,445,84352
20,84817,1094,0.0,13267,445,84372
5,84822,1094,0.0,13268,445,84377
11,84833,1095,1.0,13269,445,84388
2,84835,1095,0.0,13270,445,84390
2,84837,1095,0.0,13271,445,84392
3,84840,1095,0.0,13272,445,84395
5,84845,1095,0.0,13273,445,84400
11,84856,1096,1.0,13274,445,84411
4,84860,1096,0.0,13275,445,84415
5,84865,1096,0.0,13276,445,84420
4,84869,1096,0.0,13277,445,84424
6,84875,1096,0.0,13278,445,84430
7,84882,1096,0.0,13279,445,84437
5,84887,1096,0.0,13280,445,84442
4,84891,1096,0.0,13281,445,84446
5,84896,1096,0.0,13282,445,84451
4,84900,1096,0.0,13283,445,84455
18,84918,1096,0.0,13284,445,84473
6,84924,1096,0.0,13285,445,84479
4,84928,1096,0.0,13286,445,84483
2,84930,1096,0.0,13287,445,84485
5,84935,1096,0.0,13288,445,84490
3,84938,1096,0.0,13289,445,84493
2,84940,1096,0.0,13290,445,84495
2,84942,1096,0.0,13291,445,84497
18,84960,1097,1.0,13292,445,84515
11,84971,1097,0.0,13293,445,84526
2,84973,1097,0.0,13294,445,84528
6,84979,1097,0.0,13295,445,84534
3,84982,1097,0.0,13296,445,84537
4,84986,1097,0.0,13297,445,84541
5,84991,1097,0.0,13298,445,84546
5,84996,1097,0.0,13299,445,84551
3,84999,1097,0.0,13300,445,84554
4,85003,1097,0.0,13301,445,84558
12,85015,1097,0.0,13302,445,84570
8,85023,1097,0.0,13303,445,84578
3,85026,1097,0.0,13304,445,84581
4,85030,1097,0.0,13305,445,84585
7,85037,1097,0.0,13306,445,84592
2,85039,1097,0.0,13307,445,84594
3,85042,1097,0.0,13308,445,84597
6,85048,1097,0.0,13309,445,84603
2,85050,1097,0.0,13310,445,84605
18,85068,1098,1.0,13311,445,84623
2,85070,1098,0.0,13312,445,84625
3,85073,1098,0.0,13313,445,84628
5,85078,1098,0.0,13314,445,84633
2,85080,1098,0.0,13315,445,84635
2,85082,1098,0.0,13316,445,84637
3,85085,1098,0.0,13317,445,84640
3,85088,1098,0.0,13318,445,84643
2,85090,1098,0.0,13319,445,84645
4,85094,1098,0.0,13320,445,84649
2,85096,1098,0.0,13321,445,84651
2,85098,1098,0.0,13322,445,84653
2,85100,1098,0.0,13323,445,84655
2,85102,1098,0.0,13324,445,84657
11,85113,1099,1.0,13325,445,84668
2,85115,1099,0.0,13326,445,84670
9,85124,1099,0.0,13327,445,84679
5,85129,1099,0.0,13328,445,84684
11,85140,1100,1.0,13329,445,84695
4,85144,1100,0.0,13330,445,84699
3,85147,1100,0.0,13331,445,84702
5,85152,1100,0.0,13332,445,84707
6,85158,1100,0.0,13333,445,84713
2,85160,1100,0.0,13334,445,84715
15,85175,1100,0.0,13335,445,84730
5,85180,1100,0.0,13336,445,84735
4,85184,1100,0.0,13337,445,84739
6,85190,1100,0.0,13338,445,84745
2,85192,1100,0.0,13339,445,84747
4,85196,1100,0.0,13340,445,84751
19,85215,1100,0.0,13341,445,84770
2,85217,1100,0.0,13342,445,84772
6,85223,1100,0.0,13343,445,84778
5,85228,1100,0.0,13344,445,84783
2,85230,1100,0.0,13345,445,84785
8,85238,1100,0.0,13346,445,84793
5,85243,1100,0.0,13347,445,84798
2,85245,1100,0.0,13348,445,84800
5,85250,1100,0.0,13349,445,84805
2,85252,1100,0.0,13350,445,84807
3,85255,1100,0.0,13351,445,84810
4,85259,1100,0.0,13352,445,84814
5,85264,1100,0.0,13353,445,84819
2,85266,1100,0.0,13354,445,84821
6,85272,1100,0.0,13355,445,84827
5,85277,1100,0.0,13356,445,84832
3,85280,1100,0.0,13357,445,84835
5,85285,1100,0.0,13358,445,84840
14,85299,1100,0.0,13359,445,84854
6,85305,1100,0.0,13360,445,84860
2,85307,1100,0.0,13361,445,84862
5,85312,1100,0.0,13362,445,84867
2,85314,1100,0.0,13363,445,84869
5,85319,1100,0.0,13364,445,84874
5,85324,1100,0.0,13365,445,84879
5,85329,1100,0.0,13366,445,84884
4,85333,1100,0.0,13367,445,84888
5,85338,1100,0.0,13368,445,84893
3,85341,1100,0.0,13369,445,84896
9,85350,1100,0.0,13370,445,84905
19,85369,1100,0.0,13371,445,84924
11,85380,1101,1.0,13372,445,84935
4,85384,1101,0.0,13373,445,84939
7,85391,1101,0.0,13374,445,84946
6,85397,1101,0.0,13375,445,84952
3,85400,1101,0.0,13376,445,84955
5,85405,1101,0.0,13377,445,84960
3,85408,1101,0.0,13378,445,84963
6,85414,1101,0.0,13379,445,84969
14,85428,1101,0.0,13380,445,84983
3,85431,1101,0.0,13381,445,84986
3,85434,1101,0.0,13382,445,84989
6,85440,1101,0.0,13383,445,84995
4,85444,1101,0.0,13384,445,84999
3,85447,1101,0.0,13385,445,85002
18,85465,1102,1.0,13386,445,85020
3,85468,1102,0.0,13387,445,85023
19,85487,1102,0.0,13388,445,85042
4,85491,1102,0.0,13389,445,85046
3,85494,1102,0.0,13390,445,85049
3,85497,1102,0.0,13391,445,85052
3,85500,1102,0.0,13392,445,85055
8,85508,1102,0.0,13393,445,85063
12,85520,1102,0.0,13394,445,85075
3,85523,1102,0.0,13395,445,85078
18,85541,1103,1.0,13396,445,85096
11,85552,1104,1.0,13397,445,85107
3,85555,1104,0.0,13398,445,85110
18,85573,1105,1.0,13399,445,85128
8,85581,1105,0.0,13400,445,85136
4,85585,1105,0.0,13401,445,85140
8,85593,1105,0.0,13402,445,85148
5,85598,1105,0.0,13403,445,85153
13,85611,1105,0.0,13404,445,85166
3,85614,1105,0.0,13405,445,85169
3,85617,1105,0.0,13406,445,85172
3,85620,1105,0.0,13407,445,85175
9,85629,1105,0.0,13408,445,85184
3,85632,1105,0.0,13409,445,85187
2,85634,1105,0.0,13410,445,85189
3,85637,1105,0.0,13411,445,85192
5,85642,1105,0.0,13412,445,85197
12,85654,1105,0.0,13413,445,85209
9,85663,1105,0.0,13414,445,85218
4,85667,1105,0.0,13415,445,85222
3,85670,1105,0.0,13416,445,85225
2,85672,1105,0.0,13417,445,85227
4,85676,1105,0.0,13418,445,85231
2,85678,1105,0.0,13419,445,85233
11,85689,1105,0.0,13420,445,85244
3,85692,1105,0.0,13421,445,85247
16,85708,1105,0.0,13422,445,85263
2,85710,1105,0.0,13423,445,85265
12,85722,1105,0.0,13424,445,85277
3,85725,1105,0.0,13425,445,85280
11,85736,1106,1.0,13426,445,85291
3,85739,1106,0.0,13427,445,85294
11,85750,1107,1.0,13428,445,85305
4,85754,1107,0.0,13429,445,85309
3,85757,1107,0.0,13430,445,85312
4,85761,1107,0.0,13431,445,85316
3,85764,1107,0.0,13432,445,85319
8,85772,1107,0.0,13433,445,85327
8,85780,1107,0.0,13434,445,85335
5,85785,1107,0.0,13435,445,85340
3,85788,1107,0.0,13436,445,85343
4,85792,1107,0.0,13437,445,85347
12,85804,1107,0.0,13438,445,85359
5,85809,1107,0.0,13439,445,85364
2,85811,1107,0.0,13440,445,85366
19,85830,1107,0.0,13441,445,85385
18,85848,1107,0.0,13442,445,85403
4,85852,1107,0.0,13443,445,85407
3,85855,1107,0.0,13444,445,85410
18,85873,1107,0.0,13445,445,85428
7,85880,1107,0.0,13446,445,85435
5,85885,1107,0.0,13447,445,85440
11,85896,1107,0.0,13448,445,85451
5,85901,1107,0.0,13449,445,85456
5,85906,1107,0.0,13450,445,85461
3,85909,1107,0.0,13451,445,85464
2,85911,1107,0.0,13452,445,85466
5,85916,1107,0.0,13453,445,85471
3,85919,1107,0.0,13454,445,85474
4,85923,1107,0.0,13455,445,85478
16,85939,1107,0.0,13456,445,85494
4,85943,1107,0.0,13457,445,85498
11,85954,1108,1.0,13458,445,85509
9,85963,1108,0.0,13459,445,85518
3,85966,1108,0.0,13460,445,85521
5,85971,1108,0.0,13461,445,85526
3,85974,1108,0.0,13462,445,85529
6,85980,1108,0.0,13463,445,85535
3,85983,1108,0.0,13464,445,85538
11,85994,1109,1.0,13465,445,85549
3,85997,1109,0.0,13466,445,85552
4,86001,1109,0.0,13467,445,85556
4,86005,1109,0.0,13468,445,85560
2,86007,1109,0.0,13469,445,85562
16,86023,1109,0.0,13470,445,85578
6,86029,1109,0.0,13471,445,85584
4,86033,1109,0.0,13472,445,85588
3,86036,1109,0.0,13473,445,85591
4,86040,1109,0.0,13474,445,85595
5,86045,1109,0.0,13475,445,85600
6,86051,1109,0.0,13476,445,85606
4,86055,1109,0.0,13477,445,85610
4,86059,1109,0.0,13478,445,85614
2,86061,1109,0.0,13479,445,85616
5,86066,1109,0.0,13480,445,85621
5,86071,1109,0.0,13481,445,85626
5,86076,1109,0.0,13482,445,85631
4,86080,1109,0.0,13483,445,85635
5,86085,1109,0.0,13484,445,85640
11,86096,1110,1.0,13485,445,85651
5,86101,1110,0.0,13486,445,85656
5,86106,1110,0.0,13487,445,85661
6,86112,1110,0.0,13488,445,85667
3,86115,1110,0.0,13489,445,85670
11,86126,1111,1.0,13490,445,85681
6,86132,1111,0.0,13491,445,85687
3,86135,1111,0.0,13492,445,85690
3,86138,1111,0.0,13493,445,85693
4,86142,1111,0.0,13494,445,85697
19,86161,1111,0.0,13495,445,85716
5,86166,1111,0.0,13496,445,85721
3,86169,1111,0.0,13497,445,85724
3,86172,1111,0.0,13498,445,85727
3,86175,1111,0.0,13499,445,85730
4,86179,1111,0.0,13500,445,85734
18,86197,1111,0.0,13501,445,85752
5,86202,1111,0.0,13502,445,85757
3,86205,1111,0.0,13503,445,85760
3,86208,1111,0.0,13504,445,85763
5,86213,1111,0.0,13505,445,85768
8,86221,1111,0.0,13506,445,85776
5,86226,1111,0.0,13507,445,85781
5,86231,1111,0.0,13508,445,85786
5,86236,1111,0.0,13509,445,85791
3,86239,1111,0.0,13510,445,85794
11,86250,1112,1.0,13511,445,85805
6,86256,1112,0.0,13512,445,85811
5,86261,1112,0.0,13513,445,85816
4,86265,1112,0.0,13514,445,85820
4,86269,1112,0.0,13515,445,85824
11,86280,1112,0.0,13516,445,85835
5,86285,1112,0.0,13517,445,85840
4,86289,1112,0.0,13518,445,85844
5,86294,1112,0.0,13519,445,85849
3,86297,1112,0.0,13520,445,85852
4,86301,1112,0.0,13521,445,85856
17,86318,1112,0.0,13522,445,85873
4,86322,1112,0.0,13523,445,85877
3,86325,1112,0.0,13524,445,85880
2,86327,1112,0.0,13525,445,85882
5,86332,1112,0.0,13526,445,85887
11,86343,1112,0.0,13527,445,85898
5,86348,1112,0.0,13528,445,85903
3,86351,1112,0.0,13529,445,85906
5,86356,1112,0.0,13530,445,85911
3,86359,1112,0.0,13531,445,85914
4,86363,1112,0.0,13532,445,85918
3,86366,1112,0.0,13533,445,85921
2,86368,1112,0.0,13534,445,85923
11,86379,1113,1.0,13535,445,85934
23,86402,1113,0.0,13536,445,85957
3,86405,1113,0.0,13537,445,85960
3,86408,1113,0.0,13538,445,85963
7,86415,1113,0.0,13539,445,85970
9,86424,1113,0.0,13540,445,85979
20,86444,1113,0.0,13541,445,85999
3,86447,1113,0.0,13542,445,86002
11,86458,1114,1.0,13543,445,86013
5,86463,1114,0.0,13544,445,86018
4,86467,1114,0.0,13545,445,86022
3,86470,1114,0.0,13546,445,86025
5,86475,1114,0.0,13547,445,86030
11,86486,1114,0.0,13548,445,86041
5,86491,1114,0.0,13549,445,86046
2,86493,1114,0.0,13550,445,86048
5,86498,1114,0.0,13551,445,86053
4,86502,1114,0.0,13552,445,86057
4,86506,1114,0.0,13553,445,86061
4,86510,1114,0.0,13554,445,86065
2,86512,1114,0.0,13555,445,86067
3,86515,1114,0.0,13556,445,86070
3,86518,1114,0.0,13557,445,86073
18,86536,1114,0.0,13558,445,86091
4,86540,1114,0.0,13559,445,86095
2,86542,1114,0.0,13560,445,86097
4,86546,1114,0.0,13561,445,86101
9,86555,1114,0.0,13562,445,86110
4,86559,1114,0.0,13563,445,86114
2,86561,1114,0.0,13564,445,86116
3,86564,1114,0.0,13565,445,86119
6,86570,1114,0.0,13566,445,86125
3,86573,1114,0.0,13567,445,86128
18,86591,1115,1.0,13568,445,86146
5,86596,1115,0.0,13569,445,86151
5,86601,1115,0.0,13570,445,86156
5,86606,1115,0.0,13571,445,86161
5,86611,1115,0.0,13572,445,86166
4,86615,1115,0.0,13573,445,86170
4,86619,1115,0.0,13574,445,86174
3,86622,1115,0.0,13575,445,86177
18,86640,1116,1.0,13576,445,86195
11,86651,1116,0.0,13577,445,86206
5,86656,1116,0.0,13578,445,86211
5,86661,1116,0.0,13579,445,86216
11,86672,1117,1.0,13580,445,86227
2,86674,1117,0.0,13581,445,86229
5,86679,1117,0.0,13582,445,86234
14,86693,1117,0.0,13583,445,86248
3,86696,1117,0.0,13584,445,86251
3,86699,1117,0.0,13585,445,86254
8,86707,1117,0.0,13586,445,86262
2,86709,1117,0.0,13587,445,86264
3,86712,1117,0.0,13588,445,86267
5,86717,1117,0.0,13589,445,86272
5,86722,1117,0.0,13590,445,86277
4,86726,1117,0.0,13591,445,86281
9,86735,1117,0.0,13592,445,86290
3,86738,1117,0.0,13593,445,86293
10,86748,1117,0.0,13594,445,86303
5,86753,1117,0.0,13595,445,86308
14,86767,1117,0.0,13596,445,86322
4,86771,1117,0.0,13597,445,86326
5,86776,1117,0.0,13598,445,86331
5,86781,1117,0.0,13599,445,86336
5,86786,1117,0.0,13600,445,86341
9,86795,1117,0.0,13601,445,86350
5,86800,1117,0.0,13602,445,86355
4,86804,1117,0.0,13603,445,86359
3,86807,1117,0.0,13604,445,86362
3,86810,1117,0.0,13605,445,86365
8,86818,1117,0.0,13606,445,86373
5,86823,1117,0.0,13607,445,86378
6,86829,1117,0.0,13608,445,86384
4,86833,1117,0.0,13609,445,86388
2,86835,1117,0.0,13610,445,86390
33,86868,1117,0.0,13611,445,86423
11,86879,1117,0.0,13612,445,86434
3,86882,1117,0.0,13613,445,86437
2,86884,1117,0.0,13614,445,86439
3,86887,1117,0.0,13615,445,86442
2,86889,1117,0.0,13616,445,86444
24,86913,1117,0.0,13617,445,86468
13,86926,1117,0.0,13618,445,86481
5,86931,1117,0.0,13619,445,86486
3,86934,1117,0.0,13620,445,86489
4,86938,1117,0.0,13621,445,86493
4,86942,1117,0.0,13622,445,86497
5,86947,1117,0.0,13623,445,86502
11,86958,1118,1.0,13624,445,86513
18,86976,1119,1.0,13625,445,86531
5,86981,1119,0.0,13626,445,86536
8,86989,1119,0.0,13627,445,86544
11,87000,1120,1.0,13628,445,86555
19,87019,1120,0.0,13629,445,86574
2,87021,1120,0.0,13630,445,86576
2,87023,1120,0.0,13631,445,86578
11,87034,1121,1.0,13632,445,86589
5,87039,1121,0.0,13633,445,86594
5,87044,1121,0.0,13634,445,86599
3,87047,1121,0.0,13635,445,86602
5,87052,1121,0.0,13636,445,86607
5,87057,1121,0.0,13637,445,86612
2,87059,1121,0.0,13638,445,86614
11,87070,1122,1.0,13639,445,86625
3,87073,1122,0.0,13640,445,86628
4,87077,1122,0.0,13641,445,86632
11,87088,1122,0.0,13642,445,86643
8,87096,1122,0.0,13643,445,86651
11,87107,1123,1.0,13644,445,86662
2,87109,1123,0.0,13645,445,86664
5,87114,1123,0.0,13646,445,86669
4,87118,1123,0.0,13647,445,86673
8,87126,1123,0.0,13648,445,86681
3,87129,1123,0.0,13649,445,86684
4,87133,1123,0.0,13650,445,86688
9,87142,1123,0.0,13651,445,86697
3,87145,1123,0.0,13652,445,86700
8,87153,1123,0.0,13653,445,86708
5,87158,1123,0.0,13654,445,86713
6,87164,1123,0.0,13655,445,86719
18,87182,1123,0.0,13656,445,86737
3,87185,1123,0.0,13657,445,86740
11,87196,1124,1.0,13658,445,86751
9,87205,1124,0.0,13659,445,86760
10,87215,1124,0.0,13660,445,86770
3,87218,1124,0.0,13661,445,86773
3,87221,1124,0.0,13662,445,86776
3,87224,1124,0.0,13663,445,86779
11,87235,1125,1.0,13664,445,86790
2,87237,1125,0.0,13665,445,86792
3,87240,1125,0.0,13666,445,86795
3,87243,1125,0.0,13667,445,86798
2,87245,1125,0.0,13668,445,86800
5,87250,1125,0.0,13669,445,86805
5,87255,1125,0.0,13670,445,86810
2,87257,1125,0.0,13671,445,86812
3,87260,1125,0.0,13672,445,86815
2,87262,1125,0.0,13673,445,86817
5,87267,1125,0.0,13674,445,86822
11,87278,1126,1.0,13675,445,86833
3,87281,1126,0.0,13676,445,86836
9,87290,1126,0.0,13677,445,86845
4,87294,1126,0.0,13678,445,86849
6,87300,1126,0.0,13679,445,86855
4,87304,1126,0.0,13680,445,86859
8,87312,1126,0.0,13681,445,86867
18,87330,1127,1.0,13682,445,86885
6,87336,1127,0.0,13683,445,86891
3,87339,1127,0.0,13684,445,86894
4,87343,1127,0.0,13685,445,86898
5,87348,1127,0.0,13686,445,86903
3,87351,1127,0.0,13687,445,86906
3,87354,1127,0.0,13688,445,86909
11,87365,1128,1.0,13689,445,86920
2,87367,1128,0.0,13690,445,86922
5,87372,1128,0.0,13691,445,86927
5,87377,1128,0.0,13692,445,86932
11,87388,1129,1.0,13693,445,86943
3,87391,1129,0.0,13694,445,86946
3,87394,1129,0.0,13695,445,86949
4,87398,1129,0.0,13696,445,86953
3,87401,1129,0.0,13697,445,86956
6,87407,1129,0.0,13698,445,86962
19,87426,1129,0.0,13699,445,86981
3,87429,1129,0.0,13700,445,86984
4,87433,1129,0.0,13701,445,86988
7,87440,1129,0.0,13702,445,86995
19,87459,1129,0.0,13703,445,87014
2,87461,1129,0.0,13704,445,87016
27,87488,1129,0.0,13705,445,87043
5,87493,1129,0.0,13706,445,87048
3,87496,1129,0.0,13707,445,87051
3,87499,1129,0.0,13708,445,87054
5,87504,1129,0.0,13709,445,87059
19,87523,1129,0.0,13710,445,87078
20,87543,1129,0.0,13711,445,87098
7,87550,1129,0.0,13712,445,87105
19,87569,1129,0.0,13713,445,87124
11,87580,1129,0.0,13714,445,87135
3,87583,1129,0.0,13715,445,87138
11,87594,1129,0.0,13716,445,87149
6,87600,1129,0.0,13717,445,87155
3,87603,1129,0.0,13718,445,87158
5,87608,1129,0.0,13719,445,87163
8,87616,1129,0.0,13720,445,87171
11,87627,1129,0.0,13721,445,87182
4,87631,1129,0.0,13722,445,87186
5,87636,1129,0.0,13723,445,87191
3,87639,1129,0.0,13724,445,87194
5,87644,1129,0.0,13725,445,87199
11,87655,1130,1.0,13726,445,87210
4,87659,1130,0.0,13727,445,87214
3,87662,1130,0.0,13728,445,87217
3,87665,1130,0.0,13729,445,87220
19,87684,1130,0.0,13730,445,87239
8,87692,1130,0.0,13731,445,87247
4,87696,1130,0.0,13732,445,87251
4,87700,1130,0.0,13733,445,87255
18,87718,1131,1.0,13734,445,87273
6,87724,1131,0.0,13735,445,87279
8,87732,1131,0.0,13736,445,87287
5,87737,1131,0.0,13737,445,87292
5,87742,1131,0.0,13738,445,87297
3,87745,1131,0.0,13739,445,87300
5,87750,1131,0.0,13740,445,87305
9,87759,1131,0.0,13741,445,87314
5,87764,1131,0.0,13742,445,87319
4,87768,1131,0.0,13743,445,87323
3,87771,1131,0.0,13744,445,87326
6,87777,1131,0.0,13745,445,87332
8,87785,1131,0.0,13746,445,87340
2,87787,1131,0.0,13747,445,87342
8,87795,1131,0.0,13748,445,87350
3,87798,1131,0.0,13749,445,87353
3,87801,1131,0.0,13750,445,87356
5,87806,1131,0.0,13751,445,87361
8,87814,1131,0.0,13752,445,87369
3,87817,1131,0.0,13753,445,87372
5,87822,1131,0.0,13754,445,87377
16,87838,1131,0.0,13755,445,87393
13,87851,1131,0.0,13756,445,87406
3,87854,1131,0.0,13757,445,87409
11,87865,1131,0.0,13758,445,87420
6,87871,1131,0.0,13759,445,87426
3,87874,1131,0.0,13760,445,87429
4,87878,1131,0.0,13761,445,87433
5,87883,1131,0.0,13762,445,87438
22,87905,1131,0.0,13763,445,87460
8,87913,1131,0.0,13764,445,87468
3,87916,1131,0.0,13765,445,87471
3,87919,1131,0.0,13766,445,87474
4,87923,1131,0.0,13767,445,87478
2,87925,1131,0.0,13768,445,87480
3,87928,1131,0.0,13769,445,87483
4,87932,1131,0.0,13770,445,87487
11,87943,1131,0.0,13771,445,87498
19,87962,1131,0.0,13772,445,87517
4,87966,1131,0.0,13773,445,87521
11,87977,1131,0.0,13774,445,87532
3,87980,1131,0.0,13775,445,87535
3,87983,1131,0.0,13776,445,87538
3,87986,1131,0.0,13777,445,87541
2,87988,1131,0.0,13778,445,87543
6,87994,1131,0.0,13779,445,87549
4,87998,1131,0.0,13780,445,87553
3,88001,1131,0.0,13781,445,87556
6,88007,1131,0.0,13782,445,87562
4,88011,1131,0.0,13783,445,87566
18,88029,1132,1.0,13784,445,87584
5,88034,1132,0.0,13785,445,87589
13,88047,1132,0.0,13786,445,87602
5,88052,1132,0.0,13787,445,87607
3,88055,1132,0.0,13788,445,87610
5,88060,1132,0.0,13789,445,87615
16,88076,1132,0.0,13790,445,87631
3,88079,1132,0.0,13791,445,87634
2,88081,1132,0.0,13792,445,87636
2,88083,1132,0.0,13793,445,87638
5,88088,1132,0.0,13794,445,87643
18,88106,1132,0.0,13795,445,87661
6,88112,1132,0.0,13796,445,87667
2,88114,1132,0.0,13797,445,87669
3,88117,1132,0.0,13798,445,87672
2,88119,1132,0.0,13799,445,87674
4,88123,1132,0.0,13800,445,87678
7,88130,1132,0.0,13801,445,87685
8,88138,1132,0.0,13802,445,87693
5,88143,1132,0.0,13803,445,87698
5,88148,1132,0.0,13804,445,87703
4,88152,1132,0.0,13805,445,87707
5,88157,1132,0.0,13806,445,87712
6,88163,1132,0.0,13807,445,87718
2,88165,1132,0.0,13808,445,87720
2,88167,1132,0.0,13809,445,87722
18,88185,1133,1.0,13810,445,87740
3,88188,1133,0.0,13811,445,87743
2,88190,1133,0.0,13812,445,87745
11,88201,1134,1.0,13813,445,87756
17,88218,1134,0.0,13814,445,87773
3,88221,1134,0.0,13815,445,87776
3,88224,1134,0.0,13816,445,87779
3,88227,1134,0.0,13817,445,87782
3,88230,1134,0.0,13818,445,87785
3,88233,1134,0.0,13819,445,87788
3,88236,1134,0.0,13820,445,87791
5,88241,1134,0.0,13821,445,87796
4,88245,1134,0.0,13822,445,87800
11,88256,1135,1.0,13823,445,87811
3,88259,1135,0.0,13824,445,87814
4,88263,1135,0.0,13825,445,87818
6,88269,1135,0.0,13826,445,87824
3,88272,1135,0.0,13827,445,87827
2,88274,1135,0.0,13828,445,87829
3,88277,1135,0.0,13829,445,87832
3,88280,1135,0.0,13830,445,87835
8,88288,1135,0.0,13831,445,87843
3,88291,1135,0.0,13832,445,87846
3,88294,1135,0.0,13833,445,87849
13,88307,1136,1.0,13834,445,87862
2,88309,1136,0.0,13835,445,87864
5,88314,1136,0.0,13836,445,87869
19,88333,1136,0.0,13837,445,87888
3,88336,1136,0.0,13838,445,87891
2,88338,1136,0.0,13839,445,87893
5,88343,1136,0.0,13840,445,87898
3,88346,1136,0.0,13841,445,87901
2,88348,1136,0.0,13842,445,87903
8,88356,1136,0.0,13843,445,87911
6,88362,1136,0.0,13844,445,87917
4,88366,1136,0.0,13845,445,87921
3,88369,1136,0.0,13846,445,87924
2,88371,1136,0.0,13847,445,87926
3,88374,1136,0.0,13848,445,87929
5,88379,1136,0.0,13849,445,87934
6,88385,1136,0.0,13850,445,87940
3,88388,1136,0.0,13851,445,87943
2,88390,1136,0.0,13852,445,87945
3,88393,1136,0.0,13853,445,87948
11,88404,1137,1.0,13854,445,87959
12,88416,1137,0.0,13855,445,87971
11,88427,1137,0.0,13856,445,87982
3,88430,1137,0.0,13857,445,87985
3,88433,1137,0.0,13858,445,87988
3,88436,1137,0.0,13859,445,87991
3,88439,1137,0.0,13860,445,87994
3,88442,1137,0.0,13861,445,87997
2,88444,1137,0.0,13862,445,87999
2,88446,1137,0.0,13863,445,88001
2,88448,1137,0.0,13864,445,88003
14,88462,1137,0.0,13865,445,88017
2,88464,1137,0.0,13866,445,88019
2,88466,1137,0.0,13867,445,88021
4,88470,1137,0.0,13868,445,88025
5,88475,1137,0.0,13869,445,88030
6,88481,1137,0.0,13870,445,88036
7,88488,1137,0.0,13871,445,88043
2,88490,1137,0.0,13872,445,88045
2,88492,1137,0.0,13873,445,88047
3,88495,1137,0.0,13874,445,88050
3,88498,1137,0.0,13875,445,88053
19,88517,1137,0.0,13876,445,88072
3,88520,1137,0.0,13877,445,88075
4,88524,1137,0.0,13878,445,88079
5,88529,1137,0.0,13879,445,88084
9,88538,1137,0.0,13880,445,88093
4,88542,1137,0.0,13881,445,88097
2,88544,1137,0.0,13882,445,88099
2,88546,1137,0.0,13883,445,88101
2,88548,1137,0.0,13884,445,88103
3,88551,1137,0.0,13885,445,88106
2,88553,1137,0.0,13886,445,88108
10,88563,1137,0.0,13887,445,88118
2,88565,1137,0.0,13888,445,88120
2,88567,1137,0.0,13889,445,88122
5,88572,1137,0.0,13890,445,88127
9,88581,1137,0.0,13891,445,88136
3,88584,1137,0.0,13892,445,88139
19,88603,1137,0.0,13893,445,88158
5,88608,1137,0.0,13894,445,88163
12,88620,1137,0.0,13895,445,88175
3,88623,1137,0.0,13896,445,88178
2,88625,1137,0.0,13897,445,88180
2,88627,1137,0.0,13898,445,88182
6,88633,1137,0.0,13899,445,88188
2,88635,1137,0.0,13900,445,88190
5,88640,1137,0.0,13901,445,88195
2,88642,1137,0.0,13902,445,88197
3,88645,1137,0.0,13903,445,88200
4,88649,1137,0.0,13904,445,88204
2,88651,1137,0.0,13905,445,88206
2,88653,1137,0.0,13906,445,88208
4,88657,1137,0.0,13907,445,88212
6,88663,1137,0.0,13908,445,88218
2,88665,1137,0.0,13909,445,88220
28,88693,1137,0.0,13910,445,88248
20,88713,1137,0.0,13911,445,88268
4,88717,1137,0.0,13912,445,88272
6,88723,1137,0.0,13913,445,88278
2,88725,1137,0.0,13914,445,88280
2,88727,1137,0.0,13915,445,88282
12,88739,1137,0.0,13916,445,88294
3,88742,1137,0.0,13917,445,88297
13,88755,1138,1.0,13918,445,88310
3,88758,1138,0.0,13919,445,88313
5,88763,1138,0.0,13920,445,88318
3,88766,1138,0.0,13921,445,88321
3,88769,1138,0.0,13922,445,88324
3,88772,1138,0.0,13923,445,88327
3,88775,1138,0.0,13924,445,88330
2,88777,1138,0.0,13925,445,88332
3,88780,1138,0.0,13926,445,88335
8,88788,1139,1.0,13927,445,88343
11,88799,1140,1.0,13928,445,88354
8,88807,1140,0.0,13929,445,88362
2,88809,1140,0.0,13930,445,88364
2,88811,1140,0.0,13931,445,88366
2,88813,1140,0.0,13932,445,88368
5,88818,1140,0.0,13933,445,88373
29,88847,1140,0.0,13934,445,88402
2,88849,1140,0.0,13935,445,88404
3,88852,1140,0.0,13936,445,88407
3,88855,1140,0.0,13937,445,88410
13,88868,1140,0.0,13938,445,88423
2,88870,1140,0.0,13939,445,88425
3,88873,1140,0.0,13940,445,88428
2,88875,1140,0.0,13941,445,88430
5,88880,1140,0.0,13942,445,88435
2,88882,1140,0.0,13943,445,88437
5,88887,1140,0.0,13944,445,88442
4,88891,1140,0.0,13945,445,88446
5,88896,1140,0.0,13946,445,88451
14,88910,1140,0.0,13947,445,88465
11,88921,1140,0.0,13948,445,88476
2,88923,1140,0.0,13949,445,88478
2,88925,1140,0.0,13950,445,88480
5,88930,1140,0.0,13951,445,88485
7,88937,1140,0.0,13952,445,88492
4,88941,1140,0.0,13953,445,88496
3,88944,1140,0.0,13954,445,88499
9,88953,1140,0.0,13955,445,88508
2,88955,1140,0.0,13956,445,88510
13,88968,1140,0.0,13957,445,88523
19,88987,1140,0.0,13958,445,88542
14,89001,1140,0.0,13959,445,88556
3,89004,1140,0.0,13960,445,88559
5,89009,1140,0.0,13961,445,88564
2,89011,1140,0.0,13962,445,88566
12,89023,1140,0.0,13963,445,88578
2,89025,1140,0.0,13964,445,88580
2,89027,1140,0.0,13965,445,88582
3,89030,1140,0.0,13966,445,88585
3,89033,1140,0.0,13967,445,88588
2,89035,1140,0.0,13968,445,88590
4,89039,1140,0.0,13969,445,88594
3,89042,1140,0.0,13970,445,88597
2,89044,1140,0.0,13971,445,88599
5,89049,1140,0.0,13972,445,88604
4,89053,1140,0.0,13973,445,88608
18,89071,1141,1.0,13974,445,88626
7,89078,1141,0.0,13975,445,88633
11,89089,1141,0.0,13976,445,88644
5,89094,1141,0.0,13977,445,88649
2,89096,1141,0.0,13978,445,88651
9,89105,1141,0.0,13979,445,88660
6,89111,1141,0.0,13980,445,88666
5,89116,1141,0.0,13981,445,88671
3,89119,1141,0.0,13982,445,88674
6,89125,1141,0.0,13983,445,88680
5,89130,1141,0.0,13984,445,88685
5,89135,1141,0.0,13985,445,88690
29,89164,1141,0.0,13986,445,88719
5,89169,1141,0.0,13987,445,88724
4,89173,1141,0.0,13988,445,88728
3,89176,1141,0.0,13989,445,88731
15,89191,1141,0.0,13990,445,88746
19,89210,1141,0.0,13991,445,88765
3,89213,1141,0.0,13992,445,88768
30,89243,1141,0.0,13993,445,88798
2,89245,1141,0.0,13994,445,88800
6,89251,1141,0.0,13995,445,88806
2,89253,1141,0.0,13996,445,88808
3,89256,1141,0.0,13997,445,88811
6,89262,1141,0.0,13998,445,88817
3,89265,1141,0.0,13999,445,88820
18,89283,1142,1.0,14000,445,88838
2,89285,1142,0.0,14001,445,88840
4,89289,1142,0.0,14002,445,88844
3,89292,1142,0.0,14003,445,88847
2,89294,1142,0.0,14004,445,88849
6,89300,1142,0.0,14005,445,88855
27,89327,1142,0.0,14006,445,88882
3,89330,1142,0.0,14007,445,88885
2,89332,1142,0.0,14008,445,88887
4,89336,1142,0.0,14009,445,88891
18,89354,1143,1.0,14010,445,88909
3,89357,1143,0.0,14011,445,88912
11,89368,1144,1.0,14012,445,88923
6,89374,1144,0.0,14013,445,88929
13,89387,1144,0.0,14014,445,88942
3,89390,1144,0.0,14015,445,88945
2,89392,1144,0.0,14016,445,88947
6,89398,1144,0.0,14017,445,88953
33,89431,1144,0.0,14018,445,88986
18,89449,1145,1.0,14019,445,89004
13,89462,1145,0.0,14020,445,89017
3,89465,1145,0.0,14021,445,89020
2,89467,1145,0.0,14022,445,89022
10,89477,1145,0.0,14023,445,89032
2,89479,1145,0.0,14024,445,89034
2,89481,1145,0.0,14025,445,89036
5,89486,1145,0.0,14026,445,89041
2,89488,1145,0.0,14027,445,89043
23,89511,1145,0.0,14028,445,89066
13,89524,1145,0.0,14029,445,89079
2,89526,1145,0.0,14030,445,89081
2,89528,1145,0.0,14031,445,89083
2,89530,1145,0.0,14032,445,89085
12,89542,1145,0.0,14033,445,89097
8,89550,1146,1.0,14034,445,89105
6,89556,1146,0.0,14035,445,89111
18,89574,1146,0.0,14036,445,89129
6,89580,1146,0.0,14037,445,89135
4,89584,1146,0.0,14038,445,89139
3,89587,1146,0.0,14039,445,89142
2,89589,1146,0.0,14040,445,89144
5,89594,1146,0.0,14041,445,89149
2,89596,1146,0.0,14042,445,89151
5,89601,1146,0.0,14043,445,89156
3,89604,1146,0.0,14044,445,89159
3,89607,1146,0.0,14045,445,89162
3,89610,1146,0.0,14046,445,89165
5,89615,1146,0.0,14047,445,89170
2,89617,1146,0.0,14048,445,89172
6,89623,1146,0.0,14049,445,89178
7,89630,1146,0.0,14050,445,89185
3,89633,1146,0.0,14051,445,89188
2,89635,1146,0.0,14052,445,89190
3,89638,1146,0.0,14053,445,89193
11,89649,1146,0.0,14054,445,89204
2,89651,1146,0.0,14055,445,89206
10,89661,1146,0.0,14056,445,89216
3,89664,1146,0.0,14057,445,89219
16,89680,1146,0.0,14058,445,89235
3,89683,1146,0.0,14059,445,89238
19,89702,1146,0.0,14060,445,89257
8,89710,1146,0.0,14061,445,89265
10,89720,1146,0.0,14062,445,89275
3,89723,1146,0.0,14063,445,89278
5,89728,1146,0.0,14064,445,89283
3,89731,1146,0.0,14065,445,89286
2,89733,1146,0.0,14066,445,89288
24,89757,1146,0.0,14067,445,89312
6,89763,1146,0.0,14068,445,89318
8,89771,1146,0.0,14069,445,89326
6,89777,1146,0.0,14070,445,89332
3,89780,1146,0.0,14071,445,89335
2,89782,1146,0.0,14072,445,89337
33,89815,1146,0.0,14073,445,89370
5,89820,1146,0.0,14074,445,89375
11,89831,1147,1.0,14075,445,89386
5,89836,1147,0.0,14076,445,89391
9,89845,1147,0.0,14077,445,89400
3,89848,1147,0.0,14078,445,89403
2,89850,1147,0.0,14079,445,89405
5,89855,1147,0.0,14080,445,89410
2,89857,1147,0.0,14081,445,89412
2,89859,1147,0.0,14082,445,89414
2,89861,1147,0.0,14083,445,89416
2,89863,1147,0.0,14084,445,89418
4,89867,1147,0.0,14085,445,89422
6,89873,1147,0.0,14086,445,89428
2,89875,1147,0.0,14087,445,89430
25,89900,1147,0.0,14088,445,89455
8,89908,1147,0.0,14089,445,89463
3,89911,1147,0.0,14090,445,89466
2,89913,1147,0.0,14091,445,89468
8,89921,1147,0.0,14092,445,89476
19,89940,1147,0.0,14093,445,89495
6,89946,1147,0.0,14094,445,89501
3,89949,1147,0.0,14095,445,89504
5,89954,1147,0.0,14096,445,89509
2,89956,1147,0.0,14097,445,89511
14,89970,1147,0.0,14098,445,89525
6,89976,1147,0.0,14099,445,89531
3,89979,1147,0.0,14100,445,89534
2,89981,1147,0.0,14101,445,89536
16,89997,1147,0.0,14102,445,89552
5,90002,1147,0.0,14103,445,89557
18,90020,1148,1.0,14104,445,89575
3,90023,1148,0.0,14105,445,89578
28,90051,1148,0.0,14106,445,89606
11,90062,1149,1.0,14107,445,89617
4,90066,1149,0.0,14108,445,89621
2,90068,1149,0.0,14109,445,89623
15,90083,1149,0.0,14110,445,89638
5,90088,1149,0.0,14111,445,89643
7,90095,1149,0.0,14112,445,89650
4,90099,1149,0.0,14113,445,89654
14,90113,1149,0.0,14114,445,89668
3,90116,1149,0.0,14115,445,89671
13,90129,1150,1.0,14116,445,89684
10,90139,1150,0.0,14117,445,89694
3,90142,1150,0.0,14118,445,89697
4,90146,1150,0.0,14119,445,89701
3,90149,1150,0.0,14120,445,89704
4,90153,1150,0.0,14121,445,89708
5,90158,1150,0.0,14122,445,89713
2,90160,1150,0.0,14123,445,89715
4,90164,1150,0.0,14124,445,89719
19,90183,1150,0.0,14125,445,89738
8,90191,1150,0.0,14126,445,89746
4,90195,1150,0.0,14127,445,89750
3,90198,1150,0.0,14128,445,89753
3,90201,1150,0.0,14129,445,89756
6,90207,1150,0.0,14130,445,89762
18,90225,1150,0.0,14131,445,89780
2,90227,1150,0.0,14132,445,89782
6,90233,1150,0.0,14133,445,89788
2,90235,1150,0.0,14134,445,89790
2,90237,1150,0.0,14135,445,89792
5,90242,1150,0.0,14136,445,89797
18,90260,1150,0.0,14137,445,89815
18,90278,1151,1.0,14138,445,89833
3,90281,1151,0.0,14139,445,89836
8,90289,1151,0.0,14140,445,89844
16,90305,1151,0.0,14141,445,89860
18,90323,1152,1.0,14142,445,89878
2,90325,1152,0.0,14143,445,89880
5,90330,1152,0.0,14144,445,89885
12,90342,1152,0.0,14145,445,89897
5,90347,1152,0.0,14146,445,89902
5,90352,1152,0.0,14147,445,89907
11,90363,1153,1.0,14148,445,89918
8,90371,1153,0.0,14149,445,89926
2,90373,1153,0.0,14150,445,89928
3,90376,1153,0.0,14151,445,89931
5,90381,1153,0.0,14152,445,89936
2,90383,1153,0.0,14153,445,89938
3,90386,1153,0.0,14154,445,89941
6,90392,1153,0.0,14155,445,89947
9,90401,1153,0.0,14156,445,89956
5,90406,1153,0.0,14157,445,89961
3,90409,1153,0.0,14158,445,89964
5,90414,1153,0.0,14159,445,89969
6,90420,1153,0.0,14160,445,89975
3,90423,1153,0.0,14161,445,89978
4,90427,1153,0.0,14162,445,89982
11,90438,1154,1.0,14163,445,89993
5,90443,1154,0.0,14164,445,89998
5,90448,1154,0.0,14165,445,90003
18,90466,1154,0.0,14166,445,90021
6,90472,1154,0.0,14167,445,90027
4,90476,1154,0.0,14168,445,90031
5,90481,1154,0.0,14169,445,90036
3,90484,1154,0.0,14170,445,90039
5,90489,1154,0.0,14171,445,90044
3,90492,1154,0.0,14172,445,90047
3,90495,1154,0.0,14173,445,90050
4,90499,1154,0.0,14174,445,90054
3,90502,1154,0.0,14175,445,90057
2,90504,1154,0.0,14176,445,90059
5,90509,1154,0.0,14177,445,90064
13,90522,1154,0.0,14178,445,90077
5,90527,1154,0.0,14179,445,90082
3,90530,1154,0.0,14180,445,90085
3,90533,1154,0.0,14181,445,90088
3,90536,1154,0.0,14182,445,90091
5,90541,1154,0.0,14183,445,90096
6,90547,1154,0.0,14184,445,90102
13,90560,1154,0.0,14185,445,90115
14,90574,1154,0.0,14186,445,90129
4,90578,1154,0.0,14187,445,90133
2,90580,1154,0.0,14188,445,90135
18,90598,1155,1.0,14189,445,90153
6,90604,1155,0.0,14190,445,90159
19,90623,1155,0.0,14191,445,90178
2,90625,1155,0.0,14192,445,90180
5,90630,1155,0.0,14193,445,90185
3,90633,1155,0.0,14194,445,90188
4,90637,1155,0.0,14195,445,90192
3,90640,1155,0.0,14196,445,90195
2,90642,1155,0.0,14197,445,90197
3,90645,1155,0.0,14198,445,90200
5,90650,1155,0.0,14199,445,90205
2,90652,1155,0.0,14200,445,90207
2,90654,1155,0.0,14201,445,90209
3,90657,1155,0.0,14202,445,90212
4,90661,1155,0.0,14203,445,90216
9,90670,1155,0.0,14204,445,90225
14,90684,1155,0.0,14205,445,90239
2,90686,1155,0.0,14206,445,90241
3,90689,1155,0.0,14207,445,90244
2,90691,1155,0.0,14208,445,90246
19,90710,1155,0.0,14209,445,90265
3,90713,1155,0.0,14210,445,90268
19,90732,1155,0.0,14211,445,90287
24,90756,1155,0.0,14212,445,90311
2,90758,1155,0.0,14213,445,90313
2,90760,1155,0.0,14214,445,90315
2,90762,1155,0.0,14215,445,90317
12,90774,1155,0.0,14216,445,90329
5,90779,1155,0.0,14217,445,90334
6,90785,1155,0.0,14218,445,90340
2,90787,1155,0.0,14219,445,90342
3,90790,1155,0.0,14220,445,90345
5,90795,1155,0.0,14221,445,90350
2,90797,1155,0.0,14222,445,90352
3,90800,1155,0.0,14223,445,90355
3,90803,1155,0.0,14224,445,90358
5,90808,1155,0.0,14225,445,90363
3,90811,1155,0.0,14226,445,90366
2,90813,1155,0.0,14227,445,90368
6,90819,1155,0.0,14228,445,90374
19,90838,1155,0.0,14229,445,90393
2,90840,1155,0.0,14230,445,90395
3,90843,1155,0.0,14231,445,90398
4,90847,1155,0.0,14232,445,90402
4,90851,1155,0.0,14233,445,90406
3,90854,1155,0.0,14234,445,90409
11,90865,1155,0.0,14235,445,90420
9,90874,1155,0.0,14236,445,90429
11,90885,1156,1.0,14237,445,90440
2,90887,1156,0.0,14238,445,90442
2,90889,1156,0.0,14239,445,90444
2,90891,1156,0.0,14240,445,90446
2,90893,1156,0.0,14241,445,90448
3,90896,1156,0.0,14242,445,90451
15,90911,1156,0.0,14243,445,90466
19,90930,1156,0.0,14244,445,90485
3,90933,1156,0.0,14245,445,90488
3,90936,1156,0.0,14246,445,90491
6,90942,1156,0.0,14247,445,90497
2,90944,1156,0.0,14248,445,90499
4,90948,1156,0.0,14249,445,90503
18,90966,1157,1.0,14250,445,90521
2,90968,1157,0.0,14251,445,90523
6,90974,1157,0.0,14252,445,90529
3,90977,1157,0.0,14253,445,90532
2,90979,1157,0.0,14254,445,90534
3,90982,1157,0.0,14255,445,90537
3,90985,1157,0.0,14256,445,90540
3,90988,1157,0.0,14257,445,90543
9,90997,1157,0.0,14258,445,90552
16,91013,1157,0.0,14259,445,90568
4,91017,1157,0.0,14260,445,90572
3,91020,1157,0.0,14261,445,90575
2,91022,1157,0.0,14262,445,90577
5,91027,1157,0.0,14263,445,90582
2,91029,1157,0.0,14264,445,90584
2,91031,1157,0.0,14265,445,90586
12,91043,1157,0.0,14266,445,90598
5,91048,1157,0.0,14267,445,90603
9,91057,1157,0.0,14268,445,90612
6,91063,1157,0.0,14269,445,90618
3,91066,1157,0.0,14270,445,90621
2,91068,1157,0.0,14271,445,90623
16,91084,1157,0.0,14272,445,90639
2,91086,1157,0.0,14273,445,90641
2,91088,1157,0.0,14274,445,90643
5,91093,1157,0.0,14275,445,90648
3,91096,1157,0.0,14276,445,90651
2,91098,1157,0.0,14277,445,90653
3,91101,1157,0.0,14278,445,90656
5,91106,1157,0.0,14279,445,90661
2,91108,1157,0.0,14280,445,90663
5,91113,1157,0.0,14281,445,90668
3,91116,1157,0.0,14282,445,90671
2,91118,1157,0.0,14283,445,90673
3,91121,1157,0.0,14284,445,90676
15,91136,1157,0.0,14285,445,90691
5,91141,1157,0.0,14286,445,90696
7,91148,1157,0.0,14287,445,90703
6,91154,1157,0.0,14288,445,90709
2,91156,1157,0.0,14289,445,90711
3,91159,1157,0.0,14290,445,90714
7,91166,1157,0.0,14291,445,90721
2,91168,1157,0.0,14292,445,90723
19,91187,1157,0.0,14293,445,90742
2,91189,1157,0.0,14294,445,90744
3,91192,1157,0.0,14295,445,90747
18,91210,1158,1.0,14296,445,90765
4,91214,1158,0.0,14297,445,90769
2,91216,1158,0.0,14298,445,90771
6,91222,1158,0.0,14299,445,90777
14,91236,1158,0.0,14300,445,90791
2,91238,1158,0.0,14301,445,90793
6,91244,1158,0.0,14302,445,90799
6,91250,1158,0.0,14303,445,90805
5,91255,1158,0.0,14304,445,90810
11,91266,1159,1.0,14305,445,90821
5,91271,1159,0.0,14306,445,90826
3,91274,1159,0.0,14307,445,90829
3,91277,1159,0.0,14308,445,90832
2,91279,1159,0.0,14309,445,90834
5,91284,1159,0.0,14310,445,90839
2,91286,1159,0.0,14311,445,90841
3,91289,1159,0.0,14312,445,90844
14,91303,1159,0.0,14313,445,90858
5,91308,1159,0.0,14314,445,90863
11,91319,1159,0.0,14315,445,90874
2,91321,1159,0.0,14316,445,90876
5,91326,1159,0.0,14317,445,90881
2,91328,1159,0.0,14318,445,90883
3,91331,1159,0.0,14319,445,90886
6,91337,1159,0.0,14320,445,90892
15,91352,1159,0.0,14321,445,90907
2,91354,1159,0.0,14322,445,90909
3,91357,1159,0.0,14323,445,90912
14,91371,1159,0.0,14324,445,90926
11,91382,1160,1.0,14325,445,90937
3,91385,1160,0.0,14326,445,90940
3,91388,1160,0.0,14327,445,90943
3,91391,1160,0.0,14328,445,90946
2,91393,1160,0.0,14329,445,90948
3,91396,1160,0.0,14330,445,90951
2,91398,1160,0.0,14331,445,90953
5,91403,1160,0.0,14332,445,90958
2,91405,1160,0.0,14333,445,90960
5,91410,1160,0.0,14334,445,90965
5,91415,1160,0.0,14335,445,90970
2,91417,1160,0.0,14336,445,90972
14,91431,1160,0.0,14337,445,90986
2,91433,1160,0.0,14338,445,90988
2,91435,1160,0.0,14339,445,90990
18,91453,1161,1.0,14340,445,91008
3,91456,1161,0.0,14341,445,91011
5,91461,1161,0.0,14342,445,91016
3,91464,1161,0.0,14343,445,91019
18,91482,1161,0.0,14344,445,91037
3,91485,1161,0.0,14345,445,91040
5,91490,1161,0.0,14346,445,91045
4,91494,1161,0.0,14347,445,91049
4,91498,1161,0.0,14348,445,91053
4,91502,1161,0.0,14349,445,91057
8,91510,1161,0.0,14350,445,91065
18,91528,1161,0.0,14351,445,91083
2,91530,1161,0.0,14352,445,91085
18,91548,1162,1.0,14353,445,91103
5,91553,1162,0.0,14354,445,91108
5,91558,1162,0.0,14355,445,91113
3,91561,1162,0.0,14356,445,91116
18,91579,1163,1.0,14357,445,91134
2,91581,1163,0.0,14358,445,91136
18,91599,1164,1.0,14359,445,91154
3,91602,1164,0.0,14360,445,91157
5,91607,1164,0.0,14361,445,91162
4,91611,1164,0.0,14362,445,91166
8,91619,1164,0.0,14363,445,91174
5,91624,1164,0.0,14364,445,91179
11,91635,1165,1.0,14365,445,91190
4,91639,1165,0.0,14366,445,91194
4,91643,1165,0.0,14367,445,91198
25,91668,1165,0.0,14368,445,91223
2,91670,1165,0.0,14369,445,91225
5,91675,1165,0.0,14370,445,91230
5,91680,1165,0.0,14371,445,91235
2,91682,1165,0.0,14372,445,91237
4,91686,1165,0.0,14373,445,91241
3,91689,1165,0.0,14374,445,91244
6,91695,1165,0.0,14375,445,91250
6,91701,1165,0.0,14376,445,91256
3,91704,1165,0.0,14377,445,91259
2,91706,1165,0.0,14378,445,91261
6,91712,1165,0.0,14379,445,91267
3,91715,1165,0.0,14380,445,91270
2,91717,1165,0.0,14381,445,91272
2,91719,1165,0.0,14382,445,91274
24,91743,1165,0.0,14383,445,91298
5,91748,1165,0.0,14384,445,91303
11,91759,1166,1.0,14385,445,91314
2,91761,1166,0.0,14386,445,91316
4,91765,1166,0.0,14387,445,91320
2,91767,1166,0.0,14388,445,91322
2,91769,1166,0.0,14389,445,91324
2,91771,1166,0.0,14390,445,91326
2,91773,1166,0.0,14391,445,91328
18,91791,1167,1.0,14392,445,91346
2,91793,1167,0.0,14393,445,91348
6,91799,1167,0.0,14394,445,91354
3,91802,1167,0.0,14395,445,91357
4,91806,1167,0.0,14396,445,91361
18,91824,1167,0.0,14397,445,91379
5,91829,1167,0.0,14398,445,91384
14,91843,1167,0.0,14399,445,91398
11,91854,1168,1.0,14400,445,91409
3,91857,1168,0.0,14401,445,91412
2,91859,1168,0.0,14402,445,91414
11,91870,1169,1.0,14403,445,91425
11,91881,1170,1.0,14404,445,91436
3,91884,1170,0.0,14405,445,91439
3,91887,1170,0.0,14406,445,91442
3,91890,1170,0.0,14407,445,91445
2,91892,1170,0.0,14408,445,91447
2,91894,1170,0.0,14409,445,91449
4,91898,1170,0.0,14410,445,91453
11,91909,1171,1.0,14411,445,91464
2,91911,1171,0.0,14412,445,91466
2,91913,1171,0.0,14413,445,91468
13,91926,1172,1.0,14414,445,91481
6,91932,1172,0.0,14415,445,91487
3,91935,1172,0.0,14416,445,91490
2,91937,1172,0.0,14417,445,91492
5,91942,1172,0.0,14418,445,91497
18,91960,1172,0.0,14419,445,91515
23,91983,1172,0.0,14420,445,91538
2,91985,1172,0.0,14421,445,91540
18,92003,1173,1.0,14422,445,91558
2,92005,1173,0.0,14423,445,91560
2,92007,1173,0.0,14424,445,91562
4,92011,1173,0.0,14425,445,91566
4,92015,1173,0.0,14426,445,91570
4,92019,1173,0.0,14427,445,91574
23,92042,1173,0.0,14428,445,91597
5,92047,1173,0.0,14429,445,91602
21,92068,1173,0.0,14430,445,91623
6,92074,1173,0.0,14431,445,91629
14,92088,1173,0.0,14432,445,91643
2,92090,1173,0.0,14433,445,91645
5,92095,1173,0.0,14434,445,91650
3,92098,1173,0.0,14435,445,91653
2,92100,1173,0.0,14436,445,91655
2,92102,1173,0.0,14437,445,91657
3,92105,1173,0.0,14438,445,91660
7,92112,1173,0.0,14439,445,91667
9,92121,1173,0.0,14440,445,91676
2,92123,1173,0.0,14441,445,91678
14,92137,1173,0.0,14442,445,91692
12,92149,1173,0.0,14443,445,91704
2,92151,1173,0.0,14444,445,91706
18,92169,1174,1.0,14445,445,91724
6,92175,1174,0.0,14446,445,91730
5,92180,1174,0.0,14447,445,91735
5,92185,1174,0.0,14448,445,91740
2,92187,1174,0.0,14449,445,91742
18,92205,1174,0.0,14450,445,91760
2,92207,1174,0.0,14451,445,91762
3,92210,1174,0.0,14452,445,91765
3,92213,1174,0.0,14453,445,91768
3,92216,1174,0.0,14454,445,91771
2,92218,1174,0.0,14455,445,91773
4,92222,1174,0.0,14456,445,91777
14,92236,1174,0.0,14457,445,91791
2,92238,1174,0.0,14458,445,91793
5,92243,1174,0.0,14459,445,91798
3,92246,1174,0.0,14460,445,91801
11,92257,1174,0.0,14461,445,91812
2,92259,1174,0.0,14462,445,91814
18,92277,1174,0.0,14463,445,91832
2,92279,1174,0.0,14464,445,91834
6,92285,1174,0.0,14465,445,91840
10,92295,1174,0.0,14466,445,91850
12,92307,1174,0.0,14467,445,91862
13,92320,1175,1.0,14468,445,91875
11,92331,1175,0.0,14469,445,91886
2,92333,1175,0.0,14470,445,91888
18,92351,1175,0.0,14471,445,91906
5,92356,1175,0.0,14472,445,91911
11,92367,1176,1.0,14473,445,91922
8,92375,1176,0.0,14474,445,91930
3,92378,1176,0.0,14475,445,91933
2,92380,1176,0.0,14476,445,91935
11,92391,1176,0.0,14477,445,91946
5,92396,1176,0.0,14478,445,91951
11,92407,1177,1.0,14479,445,91962
2,92409,1177,0.0,14480,445,91964
18,92427,1178,1.0,14481,445,91982
2,92429,1178,0.0,14482,445,91984
5,92434,1178,0.0,14483,445,91989
6,92440,1178,0.0,14484,445,91995
4,92444,1178,0.0,14485,445,91999
5,92449,1178,0.0,14486,445,92004
3,92452,1178,0.0,14487,445,92007
8,92460,1178,0.0,14488,445,92015
4,92464,1178,0.0,14489,445,92019
5,92469,1178,0.0,14490,445,92024
7,92476,1178,0.0,14491,445,92031
18,92494,1178,0.0,14492,445,92049
2,92496,1178,0.0,14493,445,92051
10,92506,1178,0.0,14494,445,92061
5,92511,1178,0.0,14495,445,92066
6,92517,1178,0.0,14496,445,92072
3,92520,1178,0.0,14497,445,92075
3,92523,1178,0.0,14498,445,92078
11,92534,1178,0.0,14499,445,92089
35,92569,1178,0.0,14500,445,92124
11,92580,1178,0.0,14501,445,92135
3,92583,1178,0.0,14502,445,92138
2,92585,1178,0.0,14503,445,92140
5,92590,1178,0.0,14504,445,92145
4,92594,1178,0.0,14505,445,92149
14,92608,1178,0.0,14506,445,92163
11,92619,1179,1.0,14507,445,92174
11,92630,1179,0.0,14508,445,92185
2,92632,1179,0.0,14509,445,92187
2,92634,1179,0.0,14510,445,92189
19,92653,1179,0.0,14511,445,92208
2,92655,1179,0.0,14512,445,92210
3,92658,1179,0.0,14513,445,92213
17,92675,1179,0.0,14514,445,92230
2,92677,1179,0.0,14515,445,92232
10,92687,1179,0.0,14516,445,92242
2,92689,1179,0.0,14517,445,92244
2,92691,1179,0.0,14518,445,92246
18,92709,1180,1.0,14519,445,92264
14,92723,1180,0.0,14520,445,92278
6,92729,1180,0.0,14521,445,92284
5,92734,1180,0.0,14522,445,92289
2,92736,1180,0.0,14523,445,92291
7,92743,1180,0.0,14524,445,92298
9,92752,1180,0.0,14525,445,92307
12,92764,1180,0.0,14526,445,92319
23,92787,1180,0.0,14527,445,92342
18,92805,1181,1.0,14528,445,92360
3,92808,1181,0.0,14529,445,92363
2,92810,1181,0.0,14530,445,92365
2,92812,1181,0.0,14531,445,92367
18,92830,1182,1.0,14532,445,92385
8,92838,1182,0.0,14533,445,92393
3,92841,1182,0.0,14534,445,92396
3,92844,1182,0.0,14535,445,92399
2,92846,1182,0.0,14536,445,92401
4,92850,1182,0.0,14537,445,92405
4,92854,1182,0.0,14538,445,92409
11,92865,1183,1.0,14539,445,92420
6,92871,1183,0.0,14540,445,92426
2,92873,1183,0.0,14541,445,92428
24,92897,1183,0.0,14542,445,92452
2,92899,1183,0.0,14543,445,92454
3,92902,1183,0.0,14544,445,92457
6,92908,1183,0.0,14545,445,92463
3,92911,1183,0.0,14546,445,92466
18,92929,1184,1.0,14547,445,92484
3,92932,1184,0.0,14548,445,92487
19,92951,1184,0.0,14549,445,92506
2,92953,1184,0.0,14550,445,92508
8,92961,1184,0.0,14551,445,92516
2,92963,1184,0.0,14552,445,92518
3,92966,1184,0.0,14553,445,92521
4,92970,1184,0.0,14554,445,92525
2,92972,1184,0.0,14555,445,92527
2,92974,1184,0.0,14556,445,92529
4,92978,1184,0.0,14557,445,92533
3,92981,1184,0.0,14558,445,92536
27,93008,1184,0.0,14559,445,92563
5,93013,1184,0.0,14560,445,92568
3,93016,1184,0.0,14561,445,92571
11,93027,1184,0.0,14562,445,92582
2,93029,1184,0.0,14563,445,92584
6,93035,1184,0.0,14564,445,92590
5,93040,1184,0.0,14565,445,92595
17,93057,1184,0.0,14566,445,92612
2,93059,1184,0.0,14567,445,92614
2,93061,1184,0.0,14568,445,92616
18,93079,1184,0.0,14569,445,92634
3,93082,1184,0.0,14570,445,92637
3,93085,1184,0.0,14571,445,92640
23,93108,1184,0.0,14572,445,92663
2,93110,1184,0.0,14573,445,92665
2,93112,1184,0.0,14574,445,92667
3,93115,1184,0.0,14575,445,92670
6,93121,1184,0.0,14576,445,92676
3,93124,1184,0.0,14577,445,92679
4,93128,1184,0.0,14578,445,92683
2,93130,1184,0.0,14579,445,92685
3,93133,1184,0.0,14580,445,92688
3,93136,1184,0.0,14581,445,92691
11,93147,1184,0.0,14582,445,92702
10,93157,1184,0.0,14583,445,92712
5,93162,1184,0.0,14584,445,92717
2,93164,1184,0.0,14585,445,92719
10,93174,1184,0.0,14586,445,92729
4,93178,1184,0.0,14587,445,92733
16,93194,1184,0.0,14588,445,92749
3,93197,1184,0.0,14589,445,92752
2,93199,1184,0.0,14590,445,92754
4,93203,1184,0.0,14591,445,92758
2,93205,1184,0.0,14592,445,92760
18,93223,1185,1.0,14593,445,92778
2,93225,1185,0.0,14594,445,92780
2,93227,1185,0.0,14595,445,92782
5,93232,1185,0.0,14596,445,92787
6,93238,1185,0.0,14597,445,92793
2,93240,1185,0.0,14598,445,92795
2,93242,1185,0.0,14599,445,92797
2,93244,1185,0.0,14600,445,92799
3,93247,1185,0.0,14601,445,92802
2,93249,1185,0.0,14602,445,92804
11,93260,1186,1.0,14603,445,92815
2,93262,1186,0.0,14604,445,92817
18,93280,1187,1.0,14605,445,92835
6,93286,1187,0.0,14606,445,92841
15,93301,1187,0.0,14607,445,92856
3,93304,1187,0.0,14608,445,92859
2,93306,1187,0.0,14609,445,92861
12,93318,1187,0.0,14610,445,92873
2,93320,1187,0.0,14611,445,92875
3,93323,1187,0.0,14612,445,92878
3,93326,1187,0.0,14613,445,92881
3,93329,1187,0.0,14614,445,92884
4,93333,1187,0.0,14615,445,92888
18,93351,1188,1.0,14616,445,92906
2,93353,1188,0.0,14617,445,92908
2,93355,1188,0.0,14618,445,92910
19,93374,1188,0.0,14619,445,92929
11,93385,1188,0.0,14620,445,92940
3,93388,1188,0.0,14621,445,92943
2,93390,1188,0.0,14622,445,92945
4,93394,1188,0.0,14623,445,92949
2,93396,1188,0.0,14624,445,92951
7,93403,1188,0.0,14625,445,92958
2,93405,1188,0.0,14626,445,92960
11,93416,1189,1.0,14627,445,92971
3,93419,1189,0.0,14628,445,92974
3,93422,1189,0.0,14629,445,92977
2,93424,1189,0.0,14630,445,92979
6,93430,1189,0.0,14631,445,92985
4,93434,1189,0.0,14632,445,92989
2,93436,1189,0.0,14633,445,92991
4,93440,1189,0.0,14634,445,92995
2,93442,1189,0.0,14635,445,92997
13,93455,1189,0.0,14636,445,93010
19,93474,1189,0.0,14637,445,93029
13,93487,1189,0.0,14638,445,93042
2,93489,1189,0.0,14639,445,93044
18,93507,1190,1.0,14640,445,93062
2,93509,1190,0.0,14641,445,93064
6,93515,1190,0.0,14642,445,93070
17,93532,1190,0.0,14643,445,93087
5,93537,1190,0.0,14644,445,93092
2,93539,1190,0.0,14645,445,93094
2,93541,1190,0.0,14646,445,93096
3,93544,1190,0.0,14647,445,93099
2,93546,1190,0.0,14648,445,93101
5,93551,1190,0.0,14649,445,93106
13,93564,1190,0.0,14650,445,93119
2,93566,1190,0.0,14651,445,93121
11,93577,1191,1.0,14652,445,93132
18,93595,1192,1.0,14653,445,93150
5,93600,1192,0.0,14654,445,93155
9,93609,1192,0.0,14655,445,93164
2,93611,1192,0.0,14656,445,93166
19,93630,1192,0.0,14657,445,93185
3,93633,1192,0.0,14658,445,93188
3,93636,1192,0.0,14659,445,93191
3,93639,1192,0.0,14660,445,93194
2,93641,1192,0.0,14661,445,93196
3,93644,1192,0.0,14662,445,93199
3,93647,1192,0.0,14663,445,93202
2,93649,1192,0.0,14664,445,93204
17,93666,1192,0.0,14665,445,93221
15,93681,1192,0.0,14666,445,93236
5,93686,1192,0.0,14667,445,93241
4,93690,1192,0.0,14668,445,93245
19,93709,1192,0.0,14669,445,93264
11,93720,1193,1.0,14670,445,93275
2,93722,1193,0.0,14671,445,93277
7,93729,1193,0.0,14672,445,93284
2,93731,1193,0.0,14673,445,93286
18,93749,1194,1.0,14674,445,93304
2,93751,1194,0.0,14675,445,93306
5,93756,1194,0.0,14676,445,93311
2,93758,1194,0.0,14677,445,93313
3,93761,1194,0.0,14678,445,93316
11,93772,1195,1.0,14679,445,93327
15,93787,1195,0.0,14680,445,93342
16,93803,1195,0.0,14681,445,93358
2,93805,1195,0.0,14682,445,93360
2,93807,1195,0.0,14683,445,93362
3,93810,1195,0.0,14684,445,93365
5,93815,1195,0.0,14685,445,93370
5,93820,1195,0.0,14686,445,93375
3,93823,1195,0.0,14687,445,93378
5,93828,1195,0.0,14688,445,93383
2,93830,1195,0.0,14689,445,93385
2,93832,1195,0.0,14690,445,93387
2,93834,1195,0.0,14691,445,93389
5,93839,1195,0.0,14692,445,93394
2,93841,1195,0.0,14693,445,93396
6,93847,1195,0.0,14694,445,93402
2,93849,1195,0.0,14695,445,93404
2,93851,1195,0.0,14696,445,93406
19,93870,1195,0.0,14697,445,93425
2,93872,1195,0.0,14698,445,93427
3,93875,1195,0.0,14699,445,93430
3,93878,1195,0.0,14700,445,93433
3,93881,1195,0.0,14701,445,93436
15,93896,1195,0.0,14702,445,93451
2,93898,1195,0.0,14703,445,93453
2,93900,1195,0.0,14704,445,93455
5,93905,1195,0.0,14705,445,93460
3,93908,1195,0.0,14706,445,93463
7,93915,1195,0.0,14707,445,93470
18,93933,1196,1.0,14708,445,93488
3,93936,1196,0.0,14709,445,93491
11,93947,1196,0.0,14710,445,93502
2,93949,1196,0.0,14711,445,93504
2,93951,1196,0.0,14712,445,93506
3,93954,1196,0.0,14713,445,93509
2,93956,1196,0.0,14714,445,93511
3,93959,1196,0.0,14715,445,93514
2,93961,1196,0.0,14716,445,93516
6,93967,1196,0.0,14717,445,93522
2,93969,1196,0.0,14718,445,93524
2,93971,1196,0.0,14719,445,93526
5,93976,1196,0.0,14720,445,93531
6,93982,1196,0.0,14721,445,93537
2,93984,1196,0.0,14722,445,93539
2,93986,1196,0.0,14723,445,93541
3,93989,1196,0.0,14724,445,93544
3,93992,1196,0.0,14725,445,93547
3,93995,1196,0.0,14726,445,93550
2,93997,1196,0.0,14727,445,93552
2,93999,1196,0.0,14728,445,93554
16,94015,1196,0.0,14729,445,93570
2,94017,1196,0.0,14730,445,93572
2,94019,1196,0.0,14731,445,93574
2,94021,1196,0.0,14732,445,93576
4,94025,1196,0.0,14733,445,93580
2,94027,1196,0.0,14734,445,93582
4,94031,1196,0.0,14735,445,93586
12,94043,1196,0.0,14736,445,93598
2,94045,1196,0.0,14737,445,93600
14,94059,1196,0.0,14738,445,93614
2,94061,1196,0.0,14739,445,93616
3,94064,1196,0.0,14740,445,93619
11,94075,1196,0.0,14741,445,93630
6,94081,1196,0.0,14742,445,93636
2,94083,1196,0.0,14743,445,93638
3,94086,1196,0.0,14744,445,93641
3,94089,1196,0.0,14745,445,93644
2,94091,1196,0.0,14746,445,93646
2,94093,1196,0.0,14747,445,93648
2,94095,1196,0.0,14748,445,93650
3,94098,1196,0.0,14749,445,93653
3,94101,1196,0.0,14750,445,93656
4,94105,1196,0.0,14751,445,93660
23,94128,1196,0.0,14752,445,93683
5,94133,1196,0.0,14753,445,93688
2,94135,1196,0.0,14754,445,93690
5,94140,1196,0.0,14755,445,93695
18,94158,1197,1.0,14756,445,93713
3,94161,1197,0.0,14757,445,93716
3,94164,1197,0.0,14758,445,93719
18,94182,1198,1.0,14759,445,93737
13,94195,1199,1.0,14760,445,93750
2,94197,1199,0.0,14761,445,93752
3,94200,1199,0.0,14762,445,93755
14,94214,1199,0.0,14763,445,93769
3,94217,1199,0.0,14764,445,93772
2,94219,1199,0.0,14765,445,93774
5,94224,1199,0.0,14766,445,93779
3,94227,1199,0.0,14767,445,93782
16,94243,1199,0.0,14768,445,93798
5,94248,1199,0.0,14769,445,93803
5,94253,1199,0.0,14770,445,93808
2,94255,1199,0.0,14771,445,93810
3,94258,1199,0.0,14772,445,93813
10,94268,1199,0.0,14773,445,93823
8,94276,1199,0.0,14774,445,93831
2,94278,1199,0.0,14775,445,93833
21,94299,1199,0.0,14776,445,93854
4,94303,1199,0.0,14777,445,93858
3,94306,1199,0.0,14778,445,93861
7,94313,1199,0.0,14779,445,93868
3,94316,1199,0.0,14780,445,93871
5,94321,1199,0.0,14781,445,93876
28,94349,1199,0.0,14782,445,93904
6,94355,1199,0.0,14783,445,93910
5,94360,1199,0.0,14784,445,93915
3,94363,1199,0.0,14785,445,93918
3,94366,1199,0.0,14786,445,93921
2,94368,1199,0.0,14787,445,93923
2,94370,1199,0.0,14788,445,93925
5,94375,1199,0.0,14789,445,93930
7,94382,1199,0.0,14790,445,93937
11,94393,1199,0.0,14791,445,93948
9,94402,1199,0.0,14792,445,93957
20,94422,1199,0.0,14793,445,93977
2,94424,1199,0.0,14794,445,93979
9,94433,1199,0.0,14795,445,93988
18,94451,1200,1.0,14796,445,94006
2,94453,1200,0.0,14797,445,94008
4,94457,1200,0.0,14798,445,94012
2,94459,1200,0.0,14799,445,94014
2,94461,1200,0.0,14800,445,94016
3,94464,1200,0.0,14801,445,94019
4,94468,1200,0.0,14802,445,94023
5,94473,1200,0.0,14803,445,94028
2,94475,1200,0.0,14804,445,94030
3,94478,1200,0.0,14805,445,94033
3,94481,1200,0.0,14806,445,94036
19,94500,1200,0.0,14807,445,94055
2,94502,1200,0.0,14808,445,94057
5,94507,1200,0.0,14809,445,94062
19,94526,1200,0.0,14810,445,94081
12,94538,1200,0.0,14811,445,94093
2,94540,1200,0.0,14812,445,94095
3,94543,1200,0.0,14813,445,94098
19,94562,1200,0.0,14814,445,94117
2,94564,1200,0.0,14815,445,94119
2,94566,1200,0.0,14816,445,94121
11,94577,1201,1.0,14817,445,94132
4,94581,1201,0.0,14818,445,94136
2,94583,1201,0.0,14819,445,94138
3,94586,1201,0.0,14820,445,94141
13,94599,1201,0.0,14821,445,94154
2,94601,1201,0.0,14822,445,94156
2,94603,1201,0.0,14823,445,94158
3,94606,1201,0.0,14824,445,94161
3,94609,1201,0.0,14825,445,94164
9,94618,1201,0.0,14826,445,94173
3,94621,1201,0.0,14827,445,94176
2,94623,1201,0.0,14828,445,94178
2,94625,1201,0.0,14829,445,94180
2,94627,1201,0.0,14830,445,94182
15,94642,1201,0.0,14831,445,94197
18,94660,1202,1.0,14832,445,94215
5,94665,1202,0.0,14833,445,94220
3,94668,1202,0.0,14834,445,94223
13,94681,1202,0.0,14835,445,94236
11,94692,1202,0.0,14836,445,94247
3,94695,1202,0.0,14837,445,94250
7,94702,1202,0.0,14838,445,94257
5,94707,1202,0.0,14839,445,94262
8,94715,1202,0.0,14840,445,94270
7,94722,1202,0.0,14841,445,94277
4,94726,1202,0.0,14842,445,94281
4,94730,1202,0.0,14843,445,94285
3,94733,1202,0.0,14844,445,94288
18,94751,1203,1.0,14845,445,94306
13,94764,1203,0.0,14846,445,94319
3,94767,1203,0.0,14847,445,94322
3,94770,1203,0.0,14848,445,94325
3,94773,1203,0.0,14849,445,94328
8,94781,1203,0.0,14850,445,94336
5,94786,1203,0.0,14851,445,94341
2,94788,1203,0.0,14852,445,94343
11,94799,1204,1.0,14853,445,94354
5,94804,1204,0.0,14854,445,94359
3,94807,1204,0.0,14855,445,94362
4,94811,1204,0.0,14856,445,94366
5,94816,1204,0.0,14857,445,94371
4,94820,1204,0.0,14858,445,94375
3,94823,1204,0.0,14859,445,94378
6,94829,1204,0.0,14860,445,94384
8,94837,1204,0.0,14861,445,94392
15,94852,1204,0.0,14862,445,94407
4,94856,1204,0.0,14863,445,94411
2,94858,1204,0.0,14864,445,94413
11,94869,1205,1.0,14865,445,94424
3,94872,1205,0.0,14866,445,94427
8,94880,1205,0.0,14867,445,94435
14,94894,1205,0.0,14868,445,94449
2,94896,1205,0.0,14869,445,94451
9,94905,1205,0.0,14870,445,94460
5,94910,1205,0.0,14871,445,94465
5,94915,1205,0.0,14872,445,94470
11,94926,1206,1.0,14873,445,94481
6,94932,1206,0.0,14874,445,94487
4,94936,1206,0.0,14875,445,94491
2,94938,1206,0.0,14876,445,94493
3,94941,1206,0.0,14877,445,94496
3,94944,1206,0.0,14878,445,94499
13,94957,1206,0.0,14879,445,94512
18,94975,1207,1.0,14880,445,94530
7,94982,1207,0.0,14881,445,94537
4,94986,1207,0.0,14882,445,94541
14,95000,1207,0.0,14883,445,94555
9,95009,1207,0.0,14884,445,94564
2,95011,1207,0.0,14885,445,94566
6,95017,1207,0.0,14886,445,94572
9,95026,1207,0.0,14887,445,94581
5,95031,1207,0.0,14888,445,94586
2,95033,1207,0.0,14889,445,94588
14,95047,1207,0.0,14890,445,94602
29,95076,1207,0.0,14891,445,94631
8,95084,1207,0.0,14892,445,94639
5,95089,1207,0.0,14893,445,94644
5,95094,1207,0.0,14894,445,94649
3,95097,1207,0.0,14895,445,94652
2,95099,1207,0.0,14896,445,94654
4,95103,1207,0.0,14897,445,94658
2,95105,1207,0.0,14898,445,94660
4,95109,1207,0.0,14899,445,94664
19,95128,1207,0.0,14900,445,94683
32,95160,1207,0.0,14901,445,94715
11,95171,1207,0.0,14902,445,94726
2,95173,1207,0.0,14903,445,94728
3,95176,1207,0.0,14904,445,94731
2,95178,1207,0.0,14905,445,94733
11,95189,1207,0.0,14906,445,94744
3,95192,1207,0.0,14907,445,94747
2,95194,1207,0.0,14908,445,94749
5,95199,1207,0.0,14909,445,94754
3,95202,1207,0.0,14910,445,94757
6,95208,1207,0.0,14911,445,94763
18,95226,1208,1.0,14912,445,94781
3,95229,1208,0.0,14913,445,94784
4,95233,1208,0.0,14914,445,94788
5,95238,1208,0.0,14915,445,94793
20,95258,1208,0.0,14916,445,94813
5,95263,1208,0.0,14917,445,94818
3,95266,1208,0.0,14918,445,94821
3,95269,1208,0.0,14919,445,94824
2,95271,1208,0.0,14920,445,94826
3,95274,1208,0.0,14921,445,94829
3,95277,1208,0.0,14922,445,94832
7,95284,1208,0.0,14923,445,94839
3,95287,1208,0.0,14924,445,94842
14,95301,1208,0.0,14925,445,94856
21,95322,1208,0.0,14926,445,94877
2,95324,1208,0.0,14927,445,94879
2,95326,1208,0.0,14928,445,94881
9,95335,1208,0.0,14929,445,94890
2,95337,1208,0.0,14930,445,94892
3,95340,1208,0.0,14931,445,94895
2,95342,1208,0.0,14932,445,94897
5,95347,1208,0.0,14933,445,94902
3,95350,1208,0.0,14934,445,94905
10,95360,1208,0.0,14935,445,94915
5,95365,1208,0.0,14936,445,94920
6,95371,1208,0.0,14937,445,94926
2,95373,1208,0.0,14938,445,94928
16,95389,1208,0.0,14939,445,94944
4,95393,1208,0.0,14940,445,94948
2,95395,1208,0.0,14941,445,94950
4,95399,1208,0.0,14942,445,94954
2,95401,1208,0.0,14943,445,94956
2,95403,1208,0.0,14944,445,94958
2,95405,1208,0.0,14945,445,94960
2,95407,1208,0.0,14946,445,94962
5,95412,1208,0.0,14947,445,94967
2,95414,1208,0.0,14948,445,94969
2,95416,1208,0.0,14949,445,94971
3,95419,1208,0.0,14950,445,94974
5,95424,1208,0.0,14951,445,94979
5,95429,1208,0.0,14952,445,94984
6,95435,1208,0.0,14953,445,94990
11,95446,1208,0.0,14954,445,95001
2,95448,1208,0.0,14955,445,95003
23,95471,1208,0.0,14956,445,95026
3,95474,1208,0.0,14957,445,95029
2,95476,1208,0.0,14958,445,95031
2,95478,1208,0.0,14959,445,95033
2,95480,1208,0.0,14960,445,95035
10,95490,1208,0.0,14961,445,95045
2,95492,1208,0.0,14962,445,95047
5,95497,1208,0.0,14963,445,95052
18,95515,1209,1.0,14964,445,95070
8,95523,1209,0.0,14965,445,95078
2,95525,1209,0.0,14966,445,95080
11,95536,1210,1.0,14967,445,95091
11,95547,1210,0.0,14968,445,95102
11,95558,1210,0.0,14969,445,95113
4,95562,1210,0.0,14970,445,95117
2,95564,1210,0.0,14971,445,95119
5,95569,1210,0.0,14972,445,95124
2,95571,1210,0.0,14973,445,95126
3,95574,1210,0.0,14974,445,95129
4,95578,1210,0.0,14975,445,95133
2,95580,1210,0.0,14976,445,95135
3,95583,1210,0.0,14977,445,95138
2,95585,1210,0.0,14978,445,95140
6,95591,1210,0.0,14979,445,95146
3,95594,1210,0.0,14980,445,95149
9,95603,1210,0.0,14981,445,95158
19,95622,1210,0.0,14982,445,95177
5,95627,1210,0.0,14983,445,95182
6,95633,1210,0.0,14984,445,95188
5,95638,1210,0.0,14985,445,95193
10,95648,1210,0.0,14986,445,95203
4,95652,1210,0.0,14987,445,95207
11,95663,1211,1.0,14988,445,95218
18,95681,1212,1.0,14989,445,95236
4,95685,1212,0.0,14990,445,95240
3,95688,1212,0.0,14991,445,95243
6,95694,1212,0.0,14992,445,95249
3,95697,1212,0.0,14993,445,95252
3,95700,1212,0.0,14994,445,95255
3,95703,1212,0.0,14995,445,95258
8,95711,1212,0.0,14996,445,95266
5,95716,1212,0.0,14997,445,95271
6,95722,1212,0.0,14998,445,95277
3,95725,1212,0.0,14999,445,95280
5,95730,1212,0.0,15000,445,95285
18,95748,1213,1.0,15001,445,95303
4,95752,1213,0.0,15002,445,95307
3,95755,1213,0.0,15003,445,95310
6,95761,1213,0.0,15004,445,95316
10,95771,1213,0.0,15005,445,95326
3,95774,1213,0.0,15006,445,95329
4,95778,1213,0.0,15007,445,95333
3,95781,1213,0.0,15008,445,95336
4,95785,1213,0.0,15009,445,95340
3,95788,1213,0.0,15010,445,95343
4,95792,1213,0.0,15011,445,95347
5,95797,1213,0.0,15012,445,95352
6,95803,1213,0.0,15013,445,95358
4,95807,1213,0.0,15014,445,95362
5,95812,1213,0.0,15015,445,95367
3,95815,1213,0.0,15016,445,95370
3,95818,1213,0.0,15017,445,95373
8,95826,1213,0.0,15018,445,95381
13,95839,1213,0.0,15019,445,95394
3,95842,1213,0.0,15020,445,95397
14,95856,1213,0.0,15021,445,95411
16,95872,1213,0.0,15022,445,95427
9,95881,1213,0.0,15023,445,95436
3,95884,1213,0.0,15024,445,95439
22,95906,1213,0.0,15025,445,95461
3,95909,1213,0.0,15026,445,95464
2,95911,1213,0.0,15027,445,95466
18,95929,1214,1.0,15028,445,95484
5,95934,1214,0.0,15029,445,95489
2,95936,1214,0.0,15030,445,95491
3,95939,1214,0.0,15031,445,95494
2,95941,1214,0.0,15032,445,95496
2,95943,1214,0.0,15033,445,95498
7,95950,1214,0.0,15034,445,95505
5,95955,1214,0.0,15035,445,95510
4,95959,1214,0.0,15036,445,95514
3,95962,1214,0.0,15037,445,95517
3,95965,1214,0.0,15038,445,95520
11,95976,1214,0.0,15039,445,95531
3,95979,1214,0.0,15040,445,95534
2,95981,1214,0.0,15041,445,95536
16,95997,1214,0.0,15042,445,95552
11,96008,1215,1.0,15043,445,95563
2,96010,1215,0.0,15044,445,95565
3,96013,1215,0.0,15045,445,95568
5,96018,1215,0.0,15046,445,95573
2,96020,1215,0.0,15047,445,95575
3,96023,1215,0.0,15048,445,95578
3,96026,1215,0.0,15049,445,95581
3,96029,1215,0.0,15050,445,95584
11,96040,1216,1.0,15051,445,95595
3,96043,1216,0.0,15052,445,95598
18,96061,1217,1.0,15053,445,95616
19,96080,1217,0.0,15054,445,95635
2,96082,1217,0.0,15055,445,95637
5,96087,1217,0.0,15056,445,95642
2,96089,1217,0.0,15057,445,95644
3,96092,1217,0.0,15058,445,95647
11,96103,1218,1.0,15059,445,95658
3,96106,1218,0.0,15060,445,95661
10,96116,1218,0.0,15061,445,95671
4,96120,1218,0.0,15062,445,95675
5,96125,1218,0.0,15063,445,95680
3,96128,1218,0.0,15064,445,95683
4,96132,1218,0.0,15065,445,95687
3,96135,1218,0.0,15066,445,95690
2,96137,1218,0.0,15067,445,95692
18,96155,1219,1.0,15068,445,95710
19,96174,1219,0.0,15069,445,95729
15,96189,1219,0.0,15070,445,95744
2,96191,1219,0.0,15071,445,95746
2,96193,1219,0.0,15072,445,95748
12,96205,1219,0.0,15073,445,95760
2,96207,1219,0.0,15074,445,95762
6,96213,1219,0.0,15075,445,95768
5,96218,1219,0.0,15076,445,95773
5,96223,1219,0.0,15077,445,95778
2,96225,1219,0.0,15078,445,95780
3,96228,1219,0.0,15079,445,95783
14,96242,1219,0.0,15080,445,95797
3,96245,1219,0.0,15081,445,95800
18,96263,1220,1.0,15082,445,95818
3,96266,1220,0.0,15083,445,95821
5,96271,1220,0.0,15084,445,95826
5,96276,1220,0.0,15085,445,95831
19,96295,1220,0.0,15086,445,95850
5,96300,1220,0.0,15087,445,95855
3,96303,1220,0.0,15088,445,95858
5,96308,1220,0.0,15089,445,95863
3,96311,1220,0.0,15090,445,95866
5,96316,1220,0.0,15091,445,95871
4,96320,1220,0.0,15092,445,95875
12,96332,1220,0.0,15093,445,95887
14,96346,1220,0.0,15094,445,95901
12,96358,1220,0.0,15095,445,95913
4,96362,1220,0.0,15096,445,95917
5,96367,1220,0.0,15097,445,95922
3,96370,1220,0.0,15098,445,95925
10,96380,1220,0.0,15099,445,95935
5,96385,1220,0.0,15100,445,95940
5,96390,1220,0.0,15101,445,95945
3,96393,1220,0.0,15102,445,95948
4,96397,1220,0.0,15103,445,95952
20,96417,1220,0.0,15104,445,95972
3,96420,1220,0.0,15105,445,95975
18,96438,1221,1.0,15106,445,95993
5,96443,1221,0.0,15107,445,95998
3,96446,1221,0.0,15108,445,96001
18,96464,1222,1.0,15109,445,96019
3,96467,1222,0.0,15110,445,96022
2,96469,1222,0.0,15111,445,96024
2,96471,1222,0.0,15112,445,96026
3,96474,1222,0.0,15113,445,96029
3,96477,1222,0.0,15114,445,96032
4,96481,1222,0.0,15115,445,96036
8,96489,1222,0.0,15116,445,96044
2,96491,1222,0.0,15117,445,96046
13,96504,1222,0.0,15118,445,96059
2,96506,1222,0.0,15119,445,96061
6,96512,1222,0.0,15120,445,96067
4,96516,1222,0.0,15121,445,96071
8,96524,1222,0.0,15122,445,96079
2,96526,1222,0.0,15123,445,96081
15,96541,1222,0.0,15124,445,96096
20,96561,1222,0.0,15125,445,96116
2,96563,1222,0.0,15126,445,96118
2,96565,1222,0.0,15127,445,96120
2,96567,1222,0.0,15128,445,96122
3,96570,1222,0.0,15129,445,96125
2,96572,1222,0.0,15130,445,96127
2,96574,1222,0.0,15131,445,96129
5,96579,1222,0.0,15132,445,96134
3,96582,1222,0.0,15133,445,96137
3,96585,1222,0.0,15134,445,96140
3,96588,1222,0.0,15135,445,96143
3,96591,1222,0.0,15136,445,96146
3,96594,1222,0.0,15137,445,96149
6,96600,1222,0.0,15138,445,96155
3,96603,1222,0.0,15139,445,96158
11,96614,1223,1.0,15140,445,96169
11,96625,1224,1.0,15141,445,96180
2,96627,1224,0.0,15142,445,96182
18,96645,1225,1.0,15143,445,96200
5,96650,1225,0.0,15144,445,96205
2,96652,1225,0.0,15145,445,96207
5,96657,1225,0.0,15146,445,96212
2,96659,1225,0.0,15147,445,96214
3,96662,1225,0.0,15148,445,96217
14,96676,1225,0.0,15149,445,96231
3,96679,1225,0.0,15150,445,96234
6,96685,1225,0.0,15151,445,96240
2,96687,1225,0.0,15152,445,96242
19,96706,1225,0.0,15153,445,96261
2,96708,1225,0.0,15154,445,96263
11,96719,1226,1.0,15155,445,96274
2,96721,1226,0.0,15156,445,96276
3,96724,1226,0.0,15157,445,96279
12,96736,1226,0.0,15158,445,96291
6,96742,1226,0.0,15159,445,96297
5,96747,1226,0.0,15160,445,96302
2,96749,1226,0.0,15161,445,96304
2,96751,1226,0.0,15162,445,96306
2,96753,1226,0.0,15163,445,96308
5,96758,1226,0.0,15164,445,96313
7,96765,1226,0.0,15165,445,96320
2,96767,1226,0.0,15166,445,96322
5,96772,1226,0.0,15167,445,96327
5,96777,1226,0.0,15168,445,96332
12,96789,1226,0.0,15169,445,96344
2,96791,1226,0.0,15170,445,96346
2,96793,1226,0.0,15171,445,96348
2,96795,1226,0.0,15172,445,96350
3,96798,1226,0.0,15173,445,96353
2,96800,1226,0.0,15174,445,96355
5,96805,1226,0.0,15175,445,96360
11,96816,1226,0.0,15176,445,96371
13,96829,1227,1.0,15177,445,96384
2,96831,1227,0.0,15178,445,96386
3,96834,1227,0.0,15179,445,96389
20,96854,1227,0.0,15180,445,96409
5,96859,1227,0.0,15181,445,96414
15,96874,1227,0.0,15182,445,96429
3,96877,1227,0.0,15183,445,96432
19,96896,1227,0.0,15184,445,96451
2,96898,1227,0.0,15185,445,96453
4,96902,1227,0.0,15186,445,96457
8,96910,1227,0.0,15187,445,96465
7,96917,1227,0.0,15188,445,96472
3,96920,1227,0.0,15189,445,96475
4,96924,1227,0.0,15190,445,96479
3,96927,1227,0.0,15191,445,96482
2,96929,1227,0.0,15192,445,96484
3,96932,1227,0.0,15193,445,96487
29,96961,1227,0.0,15194,445,96516
8,96969,1227,0.0,15195,445,96524
7,96976,1227,0.0,15196,445,96531
13,96989,1227,0.0,15197,445,96544
8,96997,1227,0.0,15198,445,96552
2,96999,1227,0.0,15199,445,96554
5,97004,1227,0.0,15200,445,96559
2,97006,1227,0.0,15201,445,96561
5,97011,1227,0.0,15202,445,96566
2,97013,1227,0.0,15203,445,96568
3,97016,1227,0.0,15204,445,96571
2,97018,1227,0.0,15205,445,96573
3,97021,1227,0.0,15206,445,96576
32,97053,1227,0.0,15207,445,96608
12,97065,1227,0.0,15208,445,96620
4,97069,1227,0.0,15209,445,96624
4,97073,1227,0.0,15210,445,96628
2,97075,1227,0.0,15211,445,96630
6,97081,1227,0.0,15212,445,96636
2,97083,1227,0.0,15213,445,96638
4,97087,1227,0.0,15214,445,96642
11,97098,1228,1.0,15215,445,96653
3,97101,1228,0.0,15216,445,96656
2,97103,1228,0.0,15217,445,96658
4,97107,1228,0.0,15218,445,96662
2,97109,1228,0.0,15219,445,96664
2,97111,1228,0.0,15220,445,96666
6,97117,1228,0.0,15221,445,96672
2,97119,1228,0.0,15222,445,96674
2,97121,1228,0.0,15223,445,96676
14,97135,1228,0.0,15224,445,96690
2,97137,1228,0.0,15225,445,96692
11,97148,1228,0.0,15226,445,96703
2,97150,1228,0.0,15227,445,96705
12,97162,1228,0.0,15228,445,96717
3,97165,1228,0.0,15229,445,96720
3,97168,1228,0.0,15230,445,96723
3,97171,1228,0.0,15231,445,96726
13,97184,1228,0.0,15232,445,96739
2,97186,1228,0.0,15233,445,96741
5,97191,1228,0.0,15234,445,96746
3,97194,1228,0.0,15235,445,96749
8,97202,1228,0.0,15236,445,96757
2,97204,1228,0.0,15237,445,96759
8,97212,1228,0.0,15238,445,96767
2,97214,1228,0.0,15239,445,96769
3,97217,1228,0.0,15240,445,96772
2,97219,1228,0.0,15241,445,96774
11,97230,1228,0.0,15242,445,96785
3,97233,1228,0.0,15243,445,96788
3,97236,1228,0.0,15244,445,96791
9,97245,1228,0.0,15245,445,96800
14,97259,1228,0.0,15246,445,96814
5,97264,1228,0.0,15247,445,96819
2,97266,1228,0.0,15248,445,96821
3,97269,1228,0.0,15249,445,96824
4,97273,1228,0.0,15250,445,96828
3,97276,1228,0.0,15251,445,96831
13,97289,1229,1.0,15252,445,96844
8,97297,1229,0.0,15253,445,96852
3,97300,1229,0.0,15254,445,96855
2,97302,1229,0.0,15255,445,96857
2,97304,1229,0.0,15256,445,96859
3,97307,1229,0.0,15257,445,96862
3,97310,1229,0.0,15258,445,96865
8,97318,1229,0.0,15259,445,96873
3,97321,1229,0.0,15260,445,96876
5,97326,1229,0.0,15261,445,96881
14,97340,1229,0.0,15262,445,96895
2,97342,1229,0.0,15263,445,96897
18,97360,1230,1.0,15264,445,96915
25,97385,1230,0.0,15265,445,96940
3,97388,1230,0.0,15266,445,96943
6,97394,1230,0.0,15267,445,96949
2,97396,1230,0.0,15268,445,96951
3,97399,1230,0.0,15269,445,96954
2,97401,1230,0.0,15270,445,96956
3,97404,1230,0.0,15271,445,96959
2,97406,1230,0.0,15272,445,96961
2,97408,1230,0.0,15273,445,96963
12,97420,1230,0.0,15274,445,96975
3,97423,1230,0.0,15275,445,96978
4,97427,1230,0.0,15276,445,96982
15,97442,1230,0.0,15277,445,96997
14,97456,1230,0.0,15278,445,97011
2,97458,1230,0.0,15279,445,97013
34,97492,1230,0.0,15280,445,97047
2,97494,1230,0.0,15281,445,97049
2,97496,1230,0.0,15282,445,97051
3,97499,1230,0.0,15283,445,97054
12,97511,1230,0.0,15284,445,97066
2,97513,1230,0.0,15285,445,97068
6,97519,1230,0.0,15286,445,97074
18,97537,1231,1.0,15287,445,97092
3,97540,1231,0.0,15288,445,97095
2,97542,1231,0.0,15289,445,97097
14,97556,1231,0.0,15290,445,97111
2,97558,1231,0.0,15291,445,97113
5,97563,1231,0.0,15292,445,97118
11,97574,1231,0.0,15293,445,97129
4,97578,1231,0.0,15294,445,97133
2,97580,1231,0.0,15295,445,97135
2,97582,1231,0.0,15296,445,97137
5,97587,1231,0.0,15297,445,97142
2,97589,1231,0.0,15298,445,97144
3,97592,1231,0.0,15299,445,97147
3,97595,1231,0.0,15300,445,97150
5,97600,1231,0.0,15301,445,97155
8,97608,1231,0.0,15302,445,97163
4,97612,1231,0.0,15303,445,97167
2,97614,1231,0.0,15304,445,97169
5,97619,1231,0.0,15305,445,97174
19,97638,1231,0.0,15306,445,97193
2,97640,1231,0.0,15307,445,97195
18,97658,1231,0.0,15308,445,97213
6,97664,1231,0.0,15309,445,97219
15,97679,1231,0.0,15310,445,97234
3,97682,1231,0.0,15311,445,97237
3,97685,1231,0.0,15312,445,97240
2,97687,1231,0.0,15313,445,97242
5,97692,1231,0.0,15314,445,97247
3,97695,1231,0.0,15315,445,97250
7,97702,1231,0.0,15316,445,97257
6,97708,1231,0.0,15317,445,97263
3,97711,1231,0.0,15318,445,97266
3,97714,1231,0.0,15319,445,97269
2,97716,1231,0.0,15320,445,97271
9,97725,1231,0.0,15321,445,97280
2,97727,1231,0.0,15322,445,97282
18,97745,1232,1.0,15323,445,97300
12,97757,1232,0.0,15324,445,97312
2,97759,1232,0.0,15325,445,97314
5,97764,1232,0.0,15326,445,97319
3,97767,1232,0.0,15327,445,97322
2,97769,1232,0.0,15328,445,97324
2,97771,1232,0.0,15329,445,97326
19,97790,1232,0.0,15330,445,97345
2,97792,1232,0.0,15331,445,97347
2,97794,1232,0.0,15332,445,97349
4,97798,1232,0.0,15333,445,97353
10,97808,1232,0.0,15334,445,97363
9,97817,1232,0.0,15335,445,97372
2,97819,1232,0.0,15336,445,97374
4,97823,1232,0.0,15337,445,97378
11,97834,1232,0.0,15338,445,97389
3,97837,1232,0.0,15339,445,97392
5,97842,1232,0.0,15340,445,97397
6,97848,1232,0.0,15341,445,97403
7,97855,1232,0.0,15342,445,97410
5,97860,1232,0.0,15343,445,97415
2,97862,1232,0.0,15344,445,97417
3,97865,1232,0.0,15345,445,97420
3,97868,1232,0.0,15346,445,97423
3,97871,1232,0.0,15347,445,97426
4,97875,1232,0.0,15348,445,97430
2,97877,1232,0.0,15349,445,97432
2,97879,1232,0.0,15350,445,97434
3,97882,1232,0.0,15351,445,97437
3,97885,1232,0.0,15352,445,97440
4,97889,1232,0.0,15353,445,97444
12,97901,1232,0.0,15354,445,97456
16,97917,1232,0.0,15355,445,97472
11,97928,1232,0.0,15356,445,97483
3,97931,1232,0.0,15357,445,97486
19,97950,1232,0.0,15358,445,97505
8,97958,1232,0.0,15359,445,97513
2,97960,1232,0.0,15360,445,97515
9,97969,1232,0.0,15361,445,97524
13,97982,1232,0.0,15362,445,97537
5,97987,1232,0.0,15363,445,97542
13,98000,1232,0.0,15364,445,97555
5,98005,1232,0.0,15365,445,97560
18,98023,1233,1.0,15366,445,97578
19,98042,1233,0.0,15367,445,97597
4,98046,1233,0.0,15368,445,97601
3,98049,1233,0.0,15369,445,97604
3,98052,1233,0.0,15370,445,97607
3,98055,1233,0.0,15371,445,97610
5,98060,1233,0.0,15372,445,97615
3,98063,1233,0.0,15373,445,97618
2,98065,1233,0.0,15374,445,97620
11,98076,1233,0.0,15375,445,97631
5,98081,1233,0.0,15376,445,97636
2,98083,1233,0.0,15377,445,97638
5,98088,1233,0.0,15378,445,97643
3,98091,1233,0.0,15379,445,97646
3,98094,1233,0.0,15380,445,97649
2,98096,1233,0.0,15381,445,97651
18,98114,1233,0.0,15382,445,97669
2,98116,1233,0.0,15383,445,97671
3,98119,1233,0.0,15384,445,97674
3,98122,1233,0.0,15385,445,97677
8,98130,1233,0.0,15386,445,97685
6,98136,1233,0.0,15387,445,97691
19,98155,1233,0.0,15388,445,97710
2,98157,1233,0.0,15389,445,97712
2,98159,1233,0.0,15390,445,97714
2,98161,1233,0.0,15391,445,97716
3,98164,1233,0.0,15392,445,97719
5,98169,1233,0.0,15393,445,97724
3,98172,1233,0.0,15394,445,97727
5,98177,1233,0.0,15395,445,97732
2,98179,1233,0.0,15396,445,97734
3,98182,1233,0.0,15397,445,97737
2,98184,1233,0.0,15398,445,97739
3,98187,1233,0.0,15399,445,97742
8,98195,1234,1.0,15400,445,97750
29,98224,1234,0.0,15401,445,97779
3,98227,1234,0.0,15402,445,97782
3,98230,1234,0.0,15403,445,97785
2,98232,1234,0.0,15404,445,97787
2,98234,1234,0.0,15405,445,97789
3,98237,1234,0.0,15406,445,97792
14,98251,1234,0.0,15407,445,97806
18,98269,1234,0.0,15408,445,97824
4,98273,1234,0.0,15409,445,97828
2,98275,1234,0.0,15410,445,97830
5,98280,1234,0.0,15411,445,97835
9,98289,1234,0.0,15412,445,97844
3,98292,1234,0.0,15413,445,97847
18,98310,1235,1.0,15414,445,97865
2,98312,1235,0.0,15415,445,97867
2,98314,1235,0.0,15416,445,97869
2,98316,1235,0.0,15417,445,97871
3,98319,1235,0.0,15418,445,97874
3,98322,1235,0.0,15419,445,97877
4,98326,1235,0.0,15420,445,97881
2,98328,1235,0.0,15421,445,97883
14,98342,1235,0.0,15422,445,97897
11,98353,1235,0.0,15423,445,97908
2,98355,1235,0.0,15424,445,97910
11,98366,1235,0.0,15425,445,97921
18,98384,1235,0.0,15426,445,97939
18,98402,1236,1.0,15427,445,97957
15,98417,1236,0.0,15428,445,97972
3,98420,1236,0.0,15429,445,97975
8,98428,1236,0.0,15430,445,97983
3,98431,1236,0.0,15431,445,97986
12,98443,1236,0.0,15432,445,97998
9,98452,1236,0.0,15433,445,98007
11,98463,1237,1.0,15434,445,98018
2,98465,1237,0.0,15435,445,98020
3,98468,1237,0.0,15436,445,98023
29,98497,1237,0.0,15437,445,98052
3,98500,1237,0.0,15438,445,98055
18,98518,1238,1.0,15439,445,98073
2,98520,1238,0.0,15440,445,98075
5,98525,1238,0.0,15441,445,98080
4,98529,1238,0.0,15442,445,98084
6,98535,1238,0.0,15443,445,98090
7,98542,1238,0.0,15444,445,98097
14,98556,1238,0.0,15445,445,98111
12,98568,1238,0.0,15446,445,98123
2,98570,1238,0.0,15447,445,98125
10,98580,1238,0.0,15448,445,98135
20,98600,1238,0.0,15449,445,98155
18,98618,1239,1.0,15450,445,98173
19,98637,1239,0.0,15451,445,98192
2,98639,1239,0.0,15452,445,98194
3,98642,1239,0.0,15453,445,98197
2,98644,1239,0.0,15454,445,98199
2,98646,1239,0.0,15455,445,98201
19,98665,1239,0.0,15456,445,98220
2,98667,1239,0.0,15457,445,98222
2,98669,1239,0.0,15458,445,98224
4,98673,1239,0.0,15459,445,98228
15,98688,1239,0.0,15460,445,98243
3,98691,1239,0.0,15461,445,98246
3,98694,1239,0.0,15462,445,98249
11,98705,1239,0.0,15463,445,98260
2,98707,1239,0.0,15464,445,98262
5,98712,1239,0.0,15465,445,98267
2,98714,1239,0.0,15466,445,98269
8,98722,1240,1.0,15467,445,98277
5,98727,1240,0.0,15468,445,98282
3,98730,1240,0.0,15469,445,98285
8,98738,1240,0.0,15470,445,98293
18,98756,1240,0.0,15471,445,98311
3,98759,1240,0.0,15472,445,98314
16,98775,1240,0.0,15473,445,98330
2,98777,1240,0.0,15474,445,98332
3,98780,1240,0.0,15475,445,98335
2,98782,1240,0.0,15476,445,98337
2,98784,1240,0.0,15477,445,98339
2,98786,1240,0.0,15478,445,98341
2,98788,1240,0.0,15479,445,98343
2,98790,1240,0.0,15480,445,98345
2,98792,1240,0.0,15481,445,98347
2,98794,1240,0.0,15482,445,98349
18,98812,1241,1.0,15483,445,98367
3,98815,1241,0.0,15484,445,98370
13,98828,1241,0.0,15485,445,98383
4,98832,1241,0.0,15486,445,98387
5,98837,1241,0.0,15487,445,98392
3,98840,1241,0.0,15488,445,98395
3,98843,1241,0.0,15489,445,98398
4,98847,1241,0.0,15490,445,98402
4,98851,1241,0.0,15491,445,98406
6,98857,1241,0.0,15492,445,98412
5,98862,1241,0.0,15493,445,98417
6,98868,1241,0.0,15494,445,98423
3,98871,1241,0.0,15495,445,98426
6,98877,1241,0.0,15496,445,98432
5,98882,1241,0.0,15497,445,98437
4,98886,1241,0.0,15498,445,98441
9,98895,1241,0.0,15499,445,98450
7,98902,1241,0.0,15500,445,98457
2,98904,1241,0.0,15501,445,98459
2,98906,1241,0.0,15502,445,98461
2,98908,1241,0.0,15503,445,98463
3,98911,1241,0.0,15504,445,98466
5,98916,1241,0.0,15505,445,98471
3,98919,1241,0.0,15506,445,98474
18,98937,1242,1.0,15507,445,98492
11,98948,1243,1.0,15508,445,98503
3,98951,1243,0.0,15509,445,98506
3,98954,1243,0.0,15510,445,98509
2,98956,1243,0.0,15511,445,98511
8,98964,1244,1.0,15512,445,98519
6,98970,1244,0.0,15513,445,98525
3,98973,1244,0.0,15514,445,98528
3,98976,1244,0.0,15515,445,98531
23,98999,1244,0.0,15516,445,98554
3,99002,1244,0.0,15517,445,98557
9,99011,1244,0.0,15518,445,98566
2,99013,1244,0.0,15519,445,98568
3,99016,1244,0.0,15520,445,98571
18,99034,1244,0.0,15521,445,98589
3,99037,1244,0.0,15522,445,98592
4,99041,1244,0.0,15523,445,98596
19,99060,1244,0.0,15524,445,98615
2,99062,1244,0.0,15525,445,98617
18,99080,1245,1.0,15526,445,98635
5,99085,1245,0.0,15527,445,98640
2,99087,1245,0.0,15528,445,98642
18,99105,1246,1.0,15529,445,98660
5,99110,1246,0.0,15530,445,98665
9,99119,1246,0.0,15531,445,98674
3,99122,1246,0.0,15532,445,98677
13,99135,1246,0.0,15533,445,98690
2,99137,1246,0.0,15534,445,98692
3,99140,1246,0.0,15535,445,98695
5,99145,1246,0.0,15536,445,98700
13,99158,1246,0.0,15537,445,98713
2,99160,1246,0.0,15538,445,98715
18,99178,1247,1.0,15539,445,98733
3,99181,1247,0.0,15540,445,98736
6,99187,1247,0.0,15541,445,98742
3,99190,1247,0.0,15542,445,98745
17,99207,1247,0.0,15543,445,98762
19,99226,1247,0.0,15544,445,98781
5,99231,1247,0.0,15545,445,98786
18,99249,1248,1.0,15546,445,98804
11,99260,1249,1.0,15547,445,98815
8,99268,1249,0.0,15548,445,98823
5,99273,1249,0.0,15549,445,98828
4,99277,1249,0.0,15550,445,98832
18,99295,1250,1.0,15551,445,98850
6,99301,1250,0.0,15552,445,98856
3,99304,1250,0.0,15553,445,98859
2,99306,1250,0.0,15554,445,98861
2,99308,1250,0.0,15555,445,98863
7,99315,1250,0.0,15556,445,98870
17,99332,1250,0.0,15557,445,98887
23,99355,1250,0.0,15558,445,98910
4,99359,1250,0.0,15559,445,98914
2,99361,1250,0.0,15560,445,98916
3,99364,1250,0.0,15561,445,98919
19,99383,1250,0.0,15562,445,98938
18,99401,1251,1.0,15563,445,98956
2,99403,1251,0.0,15564,445,98958
3,99406,1251,0.0,15565,445,98961
2,99408,1251,0.0,15566,445,98963
18,99426,1252,1.0,15567,445,98981
2,99428,1252,0.0,15568,445,98983
15,99443,1252,0.0,15569,445,98998
2,99445,1252,0.0,15570,445,99000
3,99448,1252,0.0,15571,445,99003
2,99450,1252,0.0,15572,445,99005
2,99452,1252,0.0,15573,445,99007
3,99455,1252,0.0,15574,445,99010
2,99457,1252,0.0,15575,445,99012
16,99473,1252,0.0,15576,445,99028
6,99479,1252,0.0,15577,445,99034
15,99494,1252,0.0,15578,445,99049
3,99497,1252,0.0,15579,445,99052
13,99510,1253,1.0,15580,445,99065
8,99518,1253,0.0,15581,445,99073
3,99521,1253,0.0,15582,445,99076
13,99534,1253,0.0,15583,445,99089
2,99536,1253,0.0,15584,445,99091
4,99540,1253,0.0,15585,445,99095
3,99543,1253,0.0,15586,445,99098
18,99561,1253,0.0,15587,445,99116
5,99566,1253,0.0,15588,445,99121
3,99569,1253,0.0,15589,445,99124
2,99571,1253,0.0,15590,445,99126
5,99576,1253,0.0,15591,445,99131
2,99578,1253,0.0,15592,445,99133
26,99604,1253,0.0,15593,445,99159
18,99622,1254,1.0,15594,445,99177
3,99625,1254,0.0,15595,445,99180
3,99628,1254,0.0,15596,445,99183
2,99630,1254,0.0,15597,445,99185
11,99641,1255,1.0,15598,445,99196
12,99653,1255,0.0,15599,445,99208
5,99658,1255,0.0,15600,445,99213
2,99660,1255,0.0,15601,445,99215
14,99674,1255,0.0,15602,445,99229
19,99693,1255,0.0,15603,445,99248
8,99701,1255,0.0,15604,445,99256
2,99703,1255,0.0,15605,445,99258
2,99705,1255,0.0,15606,445,99260
6,99711,1255,0.0,15607,445,99266
3,99714,1255,0.0,15608,445,99269
3,99717,1255,0.0,15609,445,99272
3,99720,1255,0.0,15610,445,99275
5,99725,1255,0.0,15611,445,99280
12,99737,1255,0.0,15612,445,99292
2,99739,1255,0.0,15613,445,99294
5,99744,1255,0.0,15614,445,99299
11,99755,1256,1.0,15615,445,99310
18,99773,1257,1.0,15616,445,99328
2,99775,1257,0.0,15617,445,99330
3,99778,1257,0.0,15618,445,99333
16,99794,1257,0.0,15619,445,99349
19,99813,1257,0.0,15620,445,99368
7,99820,1257,0.0,15621,445,99375
19,99839,1257,0.0,15622,445,99394
5,99844,1257,0.0,15623,445,99399
7,99851,1257,0.0,15624,445,99406
2,99853,1257,0.0,15625,445,99408
2,99855,1257,0.0,15626,445,99410
3,99858,1257,0.0,15627,445,99413
5,99863,1257,0.0,15628,445,99418
3,99866,1257,0.0,15629,445,99421
4,99870,1257,0.0,15630,445,99425
2,99872,1257,0.0,15631,445,99427
2,99874,1257,0.0,15632,445,99429
3,99877,1257,0.0,15633,445,99432
12,99889,1257,0.0,15634,445,99444
2,99891,1257,0.0,15635,445,99446
3,99894,1257,0.0,15636,445,99449
14,99908,1257,0.0,15637,445,99463
3,99911,1257,0.0,15638,445,99466
18,99929,1258,1.0,15639,445,99484
12,99941,1258,0.0,15640,445,99496
18,99959,1259,1.0,15641,445,99514
2,99961,1259,0.0,15642,445,99516
6,99967,1259,0.0,15643,445,99522
8,99975,1260,1.0,15644,445,99530
3,99978,1260,0.0,15645,445,99533
16,99994,1260,0.0,15646,445,99549
6,100000,1260,0.0,15647,445,99555
