iteration,successes,successes_episode,reward_episode,episode_count,random_act,timestep
21,21,0,0.0,1,11,10
5,26,0,0.0,2,16,10
11,37,0,0.0,3,25,12
2,39,0,0.0,4,26,13
9,48,0,0.0,5,32,16
3,51,0,0.0,6,32,19
16,67,0,0.0,7,44,23
13,80,0,0.0,8,53,27
4,84,0,0.0,9,55,29
4,88,0,0.0,10,58,30
9,97,0,0.0,11,67,30
8,105,0,0.0,12,73,32
3,108,0,0.0,13,76,32
3,111,0,0.0,14,79,32
24,135,0,0.0,15,96,39
24,159,0,0.0,16,118,41
6,165,0,0.0,17,122,43
11,176,0,0.0,18,131,45
6,182,0,0.0,19,137,45
18,200,0,0.0,20,151,49
6,206,0,0.0,21,155,51
7,213,0,0.0,22,159,54
3,216,0,0.0,23,162,54
3,219,0,0.0,24,165,54
5,224,0,0.0,25,169,55
2,226,0,0.0,26,171,55
14,240,0,0.0,27,183,57
3,243,0,0.0,28,186,57
16,259,0,0.0,29,197,62
9,268,0,0.0,30,204,64
2,270,0,0.0,31,205,65
9,279,0,0.0,32,211,68
17,296,0,0.0,33,225,71
4,300,0,0.0,34,227,73
7,307,0,0.0,35,232,75
12,319,0,0.0,36,241,78
8,327,0,0.0,37,247,80
3,330,0,0.0,38,250,80
7,337,0,0.0,39,255,82
3,340,0,0.0,40,257,83
25,365,0,0.0,41,280,85
14,379,0,0.0,42,292,87
6,385,0,0.0,43,298,87
4,389,0,0.0,44,302,87
20,409,0,0.0,45,321,88
3,412,0,0.0,46,323,89
2,414,0,0.0,47,325,89
5,419,0,0.0,48,330,89
2,421,0,0.0,49,331,90
2,423,0,0.0,50,333,90
3,426,0,0.0,51,336,90
8,434,0,0.0,52,343,91
7,441,0,0.0,53,349,92
13,454,0,0.0,54,359,95
2,456,0,0.0,55,361,95
7,463,0,0.0,56,366,97
2,465,0,0.0,57,367,98
2,467,0,0.0,58,368,99
11,478,0,0.0,59,377,101
13,491,0,0.0,60,386,105
7,498,0,0.0,61,391,107
7,505,0,0.0,62,397,108
7,512,0,0.0,63,402,110
7,519,0,0.0,64,408,111
5,524,0,0.0,65,412,112
7,531,0,0.0,66,417,114
2,533,0,0.0,67,419,114
5,538,0,0.0,68,423,115
15,553,0,0.0,69,435,118
6,559,0,0.0,70,441,118
11,570,0,0.0,71,448,122
8,578,0,0.0,72,454,124
18,596,0,0.0,73,470,126
4,600,0,0.0,74,473,127
11,611,0,0.0,75,483,128
2,613,0,0.0,76,485,128
17,630,1,1.0,77,499,131
7,637,1,0.0,78,500,137
4,641,1,0.0,79,500,141
9,650,1,0.0,80,502,148
12,662,2,1.0,81,504,158
4,666,2,0.0,82,504,162
11,677,2,0.0,83,504,173
8,685,2,0.0,84,504,181
11,696,2,0.0,85,504,192
8,704,2,0.0,86,504,200
8,712,2,0.0,87,504,208
4,716,2,0.0,88,505,211
4,720,2,0.0,89,505,215
3,723,2,0.0,90,505,218
9,732,2,0.0,91,505,227
9,741,3,1.0,92,505,236
4,745,3,0.0,93,505,240
6,751,4,1.0,94,505,246
18,769,4,0.0,95,506,263
6,775,4,0.0,96,506,269
5,780,4,0.0,97,506,274
11,791,5,1.0,98,506,285
9,800,5,0.0,99,506,294
6,806,5,0.0,100,506,300
8,814,5,0.0,101,506,308
3,817,5,0.0,102,506,311
5,822,5,0.0,103,506,316
5,827,5,0.0,104,506,321
6,833,5,0.0,105,506,327
3,836,5,0.0,106,506,330
7,843,5,0.0,107,506,337
8,851,5,0.0,108,506,345
3,854,5,0.0,109,506,348
7,861,5,0.0,110,506,355
3,864,5,0.0,111,506,358
7,871,5,0.0,112,506,365
6,877,6,1.0,113,506,371
14,891,6,0.0,114,506,385
3,894,6,0.0,115,506,388
9,903,6,0.0,116,506,397
7,910,7,1.0,117,506,404
2,912,7,0.0,118,506,406
3,915,7,0.0,119,506,409
11,926,7,0.0,120,506,420
8,934,7,0.0,121,506,428
2,936,7,0.0,122,506,430
6,942,8,1.0,123,506,436
9,951,9,1.0,124,506,445
6,957,10,1.0,125,506,451
9,966,11,1.0,126,506,460
3,969,11,0.0,127,506,463
8,977,12,1.0,128,506,471
2,979,12,0.0,129,506,473
9,988,13,1.0,130,506,482
7,995,14,1.0,131,506,489
3,998,14,0.0,132,506,492
11,1009,14,0.0,133,506,503
2,1011,14,0.0,134,506,505
5,1016,14,0.0,135,506,510
7,1023,15,1.0,136,506,517
4,1027,15,0.0,137,506,521
3,1030,15,0.0,138,506,524
14,1044,16,1.0,139,506,538
8,1052,17,1.0,140,506,546
6,1058,18,1.0,141,506,552
4,1062,18,0.0,142,506,556
8,1070,19,1.0,143,506,564
5,1075,19,0.0,144,506,569
3,1078,19,0.0,145,506,572
4,1082,19,0.0,146,506,576
6,1088,19,0.0,147,506,582
7,1095,19,0.0,148,506,589
12,1107,20,1.0,149,506,601
6,1113,20,0.0,150,506,607
22,1135,21,1.0,151,506,629
6,1141,22,1.0,152,506,635
5,1146,22,0.0,153,506,640
5,1151,22,0.0,154,506,645
2,1153,22,0.0,155,506,647
3,1156,22,0.0,156,506,650
6,1162,22,0.0,157,506,656
6,1168,23,1.0,158,506,662
11,1179,23,0.0,159,506,673
2,1181,23,0.0,160,506,675
12,1193,24,1.0,161,506,687
5,1198,24,0.0,162,506,692
18,1216,24,0.0,163,506,710
3,1219,24,0.0,164,506,713
3,1222,24,0.0,165,506,716
11,1233,24,0.0,166,506,727
7,1240,25,1.0,167,506,734
9,1249,26,1.0,168,506,743
5,1254,26,0.0,169,506,748
11,1265,27,1.0,170,506,759
5,1270,27,0.0,171,506,764
3,1273,27,0.0,172,506,767
7,1280,28,1.0,173,506,774
8,1288,29,1.0,174,506,782
5,1293,29,0.0,175,506,787
9,1302,30,1.0,176,506,796
7,1309,31,1.0,177,506,803
4,1313,31,0.0,178,506,807
6,1319,32,1.0,179,506,813
5,1324,32,0.0,180,506,818
3,1327,32,0.0,181,506,821
7,1334,32,0.0,182,506,828
7,1341,33,1.0,183,506,835
15,1356,34,1.0,184,506,850
19,1375,35,1.0,185,506,869
7,1382,36,1.0,186,506,876
4,1386,36,0.0,187,506,880
3,1389,36,0.0,188,506,883
7,1396,36,0.0,189,506,890
4,1400,36,0.0,190,506,894
6,1406,36,0.0,191,506,900
2,1408,36,0.0,192,506,902
6,1414,36,0.0,193,506,908
6,1420,36,0.0,194,506,914
9,1429,36,0.0,195,506,923
11,1440,37,1.0,196,506,934
6,1446,38,1.0,197,506,940
10,1456,38,0.0,198,506,950
2,1458,38,0.0,199,506,952
16,1474,38,0.0,200,506,968
2,1476,38,0.0,201,506,970
6,1482,39,1.0,202,506,976
4,1486,39,0.0,203,506,980
6,1492,40,1.0,204,506,986
6,1498,41,1.0,205,506,992
3,1501,41,0.0,206,506,995
6,1507,41,0.0,207,506,1001
9,1516,42,1.0,208,506,1010
3,1519,42,0.0,209,506,1013
9,1528,43,1.0,210,506,1022
5,1533,43,0.0,211,506,1027
10,1543,44,1.0,212,506,1037
3,1546,44,0.0,213,506,1040
3,1549,44,0.0,214,506,1043
4,1553,44,0.0,215,506,1047
5,1558,44,0.0,216,506,1052
7,1565,45,1.0,217,506,1059
8,1573,46,1.0,218,506,1067
5,1578,46,0.0,219,506,1072
8,1586,47,1.0,220,506,1080
10,1596,48,1.0,221,506,1090
6,1602,49,1.0,222,506,1096
5,1607,49,0.0,223,506,1101
4,1611,49,0.0,224,506,1105
6,1617,50,1.0,225,506,1111
5,1622,50,0.0,226,506,1116
6,1628,50,0.0,227,506,1122
10,1638,51,1.0,228,506,1132
2,1640,51,0.0,229,506,1134
17,1657,51,0.0,230,506,1151
10,1667,51,0.0,231,506,1161
4,1671,51,0.0,232,506,1165
5,1676,51,0.0,233,506,1170
3,1679,51,0.0,234,506,1173
3,1682,51,0.0,235,506,1176
15,1697,52,1.0,236,506,1191
4,1701,52,0.0,237,506,1195
5,1706,52,0.0,238,506,1200
13,1719,53,1.0,239,506,1213
6,1725,53,0.0,240,506,1219
3,1728,53,0.0,241,506,1222
4,1732,53,0.0,242,506,1226
7,1739,54,1.0,243,506,1233
4,1743,54,0.0,244,506,1237
9,1752,55,1.0,245,506,1246
3,1755,55,0.0,246,506,1249
6,1761,55,0.0,247,506,1255
7,1768,56,1.0,248,506,1262
7,1775,57,1.0,249,506,1269
6,1781,58,1.0,250,506,1275
7,1788,59,1.0,251,506,1282
7,1795,59,0.0,252,506,1289
9,1804,60,1.0,253,506,1298
2,1806,60,0.0,254,506,1300
8,1814,60,0.0,255,506,1308
2,1816,60,0.0,256,506,1310
6,1822,60,0.0,257,506,1316
8,1830,61,1.0,258,506,1324
11,1841,62,1.0,259,506,1335
5,1846,62,0.0,260,506,1340
4,1850,62,0.0,261,506,1344
6,1856,62,0.0,262,506,1350
11,1867,62,0.0,263,506,1361
7,1874,63,1.0,264,506,1368
2,1876,63,0.0,265,506,1370
18,1894,63,0.0,266,506,1388
6,1900,63,0.0,267,506,1394
3,1903,63,0.0,268,506,1397
8,1911,63,0.0,269,506,1405
7,1918,63,0.0,270,506,1412
2,1920,63,0.0,271,506,1414
6,1926,63,0.0,272,506,1420
2,1928,63,0.0,273,506,1422
8,1936,64,1.0,274,506,1430
6,1942,65,1.0,275,506,1436
8,1950,66,1.0,276,506,1444
7,1957,67,1.0,277,506,1451
11,1968,68,1.0,278,506,1462
7,1975,68,0.0,279,506,1469
5,1980,68,0.0,280,506,1474
4,1984,68,0.0,281,506,1478
4,1988,68,0.0,282,506,1482
5,1993,68,0.0,283,506,1487
3,1996,68,0.0,284,506,1490
2,1998,68,0.0,285,506,1492
2,2000,68,0.0,286,506,1494
6,2006,68,0.0,287,506,1500
3,2009,68,0.0,288,506,1503
3,2012,68,0.0,289,506,1506
9,2021,69,1.0,290,506,1515
4,2025,69,0.0,291,506,1519
10,2035,70,1.0,292,506,1529
4,2039,70,0.0,293,506,1533
5,2044,70,0.0,294,506,1538
10,2054,71,1.0,295,506,1548
2,2056,71,0.0,296,506,1550
6,2062,71,0.0,297,506,1556
9,2071,72,1.0,298,506,1565
4,2075,72,0.0,299,506,1569
6,2081,73,1.0,300,506,1575
7,2088,74,1.0,301,506,1582
2,2090,74,0.0,302,506,1584
6,2096,74,0.0,303,506,1590
4,2100,74,0.0,304,506,1594
3,2103,74,0.0,305,506,1597
8,2111,75,1.0,306,506,1605
6,2117,76,1.0,307,506,1611
15,2132,77,1.0,308,506,1626
6,2138,78,1.0,309,506,1632
5,2143,78,0.0,310,506,1637
2,2145,78,0.0,311,506,1639
5,2150,78,0.0,312,506,1644
10,2160,78,0.0,313,506,1654
7,2167,79,1.0,314,506,1661
9,2176,80,1.0,315,506,1670
4,2180,80,0.0,316,506,1674
4,2184,80,0.0,317,506,1678
4,2188,80,0.0,318,506,1682
7,2195,81,1.0,319,506,1689
8,2203,82,1.0,320,506,1697
7,2210,83,1.0,321,506,1704
6,2216,84,1.0,322,506,1710
8,2224,85,1.0,323,506,1718
7,2231,86,1.0,324,506,1725
2,2233,86,0.0,325,506,1727
4,2237,86,0.0,326,506,1731
7,2244,87,1.0,327,506,1738
6,2250,88,1.0,328,506,1744
9,2259,89,1.0,329,506,1753
4,2263,89,0.0,330,506,1757
8,2271,90,1.0,331,506,1765
3,2274,90,0.0,332,506,1768
9,2283,91,1.0,333,506,1777
10,2293,92,1.0,334,506,1787
7,2300,93,1.0,335,506,1794
8,2308,94,1.0,336,506,1802
4,2312,94,0.0,337,506,1806
9,2321,95,1.0,338,506,1815
9,2330,96,1.0,339,506,1824
5,2335,96,0.0,340,506,1829
11,2346,96,0.0,341,506,1840
6,2352,97,1.0,342,506,1846
7,2359,98,1.0,343,506,1853
6,2365,99,1.0,344,506,1859
7,2372,100,1.0,345,506,1866
10,2382,101,1.0,346,506,1876
7,2389,102,1.0,347,506,1883
8,2397,103,1.0,348,506,1891
7,2404,104,1.0,349,506,1898
3,2407,104,0.0,350,506,1901
9,2416,104,0.0,351,506,1910
2,2418,104,0.0,352,506,1912
7,2425,104,0.0,353,506,1919
7,2432,105,1.0,354,506,1926
2,2434,105,0.0,355,506,1928
2,2436,105,0.0,356,506,1930
4,2440,105,0.0,357,506,1934
6,2446,106,1.0,358,506,1940
6,2452,107,1.0,359,506,1946
6,2458,108,1.0,360,506,1952
2,2460,108,0.0,361,506,1954
7,2467,109,1.0,362,506,1961
10,2477,110,1.0,363,506,1971
6,2483,111,1.0,364,506,1977
4,2487,111,0.0,365,506,1981
7,2494,112,1.0,366,506,1988
8,2502,113,1.0,367,506,1996
11,2513,114,1.0,368,506,2007
2,2515,114,0.0,369,506,2009
4,2519,114,0.0,370,506,2013
6,2525,115,1.0,371,506,2019
2,2527,115,0.0,372,506,2021
8,2535,116,1.0,373,506,2029
4,2539,116,0.0,374,506,2033
7,2546,117,1.0,375,506,2040
2,2548,117,0.0,376,506,2042
4,2552,117,0.0,377,506,2046
4,2556,117,0.0,378,506,2050
8,2564,118,1.0,379,506,2058
8,2572,119,1.0,380,506,2066
2,2574,119,0.0,381,506,2068
6,2580,120,1.0,382,506,2074
7,2587,121,1.0,383,506,2081
7,2594,122,1.0,384,506,2088
6,2600,123,1.0,385,506,2094
7,2607,124,1.0,386,506,2101
6,2613,124,0.0,387,506,2107
6,2619,125,1.0,388,506,2113
7,2626,125,0.0,389,506,2120
4,2630,125,0.0,390,506,2124
2,2632,125,0.0,391,506,2126
6,2638,125,0.0,392,506,2132
6,2644,126,1.0,393,506,2138
4,2648,126,0.0,394,506,2142
4,2652,126,0.0,395,506,2146
8,2660,127,1.0,396,506,2154
8,2668,128,1.0,397,506,2162
7,2675,129,1.0,398,506,2169
2,2677,129,0.0,399,506,2171
9,2686,130,1.0,400,506,2180
4,2690,130,0.0,401,506,2184
7,2697,131,1.0,402,506,2191
5,2702,131,0.0,403,506,2196
3,2705,131,0.0,404,506,2199
6,2711,132,1.0,405,506,2205
7,2718,132,0.0,406,506,2212
6,2724,133,1.0,407,506,2218
2,2726,133,0.0,408,506,2220
6,2732,134,1.0,409,506,2226
4,2736,134,0.0,410,506,2230
10,2746,135,1.0,411,506,2240
12,2758,136,1.0,412,506,2252
7,2765,136,0.0,413,506,2259
9,2774,137,1.0,414,506,2268
7,2781,138,1.0,415,506,2275
9,2790,139,1.0,416,506,2284
5,2795,139,0.0,417,506,2289
4,2799,139,0.0,418,506,2293
2,2801,139,0.0,419,506,2295
8,2809,140,1.0,420,506,2303
8,2817,140,0.0,421,506,2311
12,2829,141,1.0,422,506,2323
8,2837,141,0.0,423,506,2331
3,2840,141,0.0,424,506,2334
6,2846,142,1.0,425,506,2340
4,2850,142,0.0,426,506,2344
8,2858,142,0.0,427,506,2352
4,2862,142,0.0,428,506,2356
6,2868,143,1.0,429,506,2362
2,2870,143,0.0,430,506,2364
6,2876,143,0.0,431,506,2370
13,2889,144,1.0,432,506,2383
4,2893,144,0.0,433,506,2387
5,2898,144,0.0,434,506,2392
7,2905,145,1.0,435,506,2399
2,2907,145,0.0,436,506,2401
7,2914,146,1.0,437,506,2408
7,2921,146,0.0,438,506,2415
3,2924,146,0.0,439,506,2418
5,2929,146,0.0,440,506,2423
2,2931,146,0.0,441,506,2425
11,2942,147,1.0,442,506,2436
4,2946,147,0.0,443,506,2440
7,2953,148,1.0,444,506,2447
2,2955,148,0.0,445,506,2449
5,2960,148,0.0,446,506,2454
6,2966,149,1.0,447,506,2460
17,2983,149,0.0,448,506,2477
6,2989,149,0.0,449,506,2483
2,2991,149,0.0,450,506,2485
6,2997,150,1.0,451,506,2491
5,3002,150,0.0,452,506,2496
6,3008,151,1.0,453,506,2502
10,3018,151,0.0,454,506,2512
5,3023,151,0.0,455,506,2517
5,3028,151,0.0,456,506,2522
13,3041,152,1.0,457,506,2535
6,3047,153,1.0,458,506,2541
4,3051,153,0.0,459,506,2545
6,3057,154,1.0,460,506,2551
2,3059,154,0.0,461,506,2553
2,3061,154,0.0,462,506,2555
3,3064,154,0.0,463,506,2558
6,3070,155,1.0,464,506,2564
2,3072,155,0.0,465,506,2566
10,3082,156,1.0,466,506,2576
4,3086,156,0.0,467,506,2580
13,3099,156,0.0,468,506,2593
14,3113,156,0.0,469,506,2607
17,3130,157,1.0,470,506,2624
16,3146,158,1.0,471,506,2640
3,3149,158,0.0,472,506,2643
4,3153,158,0.0,473,506,2647
8,3161,159,1.0,474,506,2655
6,3167,160,1.0,475,506,2661
10,3177,161,1.0,476,506,2671
5,3182,161,0.0,477,506,2676
2,3184,161,0.0,478,506,2678
4,3188,161,0.0,479,506,2682
9,3197,162,1.0,480,506,2691
8,3205,162,0.0,481,506,2699
6,3211,162,0.0,482,506,2705
2,3213,162,0.0,483,506,2707
6,3219,163,1.0,484,506,2713
10,3229,164,1.0,485,506,2723
5,3234,164,0.0,486,506,2728
9,3243,164,0.0,487,506,2737
5,3248,164,0.0,488,506,2742
10,3258,165,1.0,489,506,2752
6,3264,166,1.0,490,506,2758
2,3266,166,0.0,491,506,2760
10,3276,167,1.0,492,506,2770
4,3280,167,0.0,493,506,2774
2,3282,167,0.0,494,506,2776
6,3288,168,1.0,495,506,2782
9,3297,169,1.0,496,506,2791
7,3304,169,0.0,497,506,2798
2,3306,169,0.0,498,506,2800
4,3310,169,0.0,499,506,2804
3,3313,169,0.0,500,506,2807
7,3320,170,1.0,501,506,2814
4,3324,170,0.0,502,506,2818
5,3329,170,0.0,503,506,2823
6,3335,171,1.0,504,506,2829
6,3341,171,0.0,505,506,2835
2,3343,171,0.0,506,506,2837
9,3352,172,1.0,507,506,2846
2,3354,172,0.0,508,506,2848
7,3361,172,0.0,509,506,2855
8,3369,173,1.0,510,506,2863
2,3371,173,0.0,511,506,2865
9,3380,173,0.0,512,506,2874
2,3382,173,0.0,513,506,2876
4,3386,173,0.0,514,506,2880
6,3392,174,1.0,515,506,2886
9,3401,175,1.0,516,506,2895
7,3408,175,0.0,517,506,2902
5,3413,175,0.0,518,506,2907
6,3419,176,1.0,519,506,2913
4,3423,176,0.0,520,506,2917
6,3429,177,1.0,521,506,2923
10,3439,177,0.0,522,506,2933
4,3443,177,0.0,523,506,2937
6,3449,177,0.0,524,506,2943
7,3456,177,0.0,525,506,2950
8,3464,178,1.0,526,506,2958
2,3466,178,0.0,527,506,2960
6,3472,179,1.0,528,506,2966
3,3475,179,0.0,529,506,2969
5,3480,179,0.0,530,506,2974
7,3487,180,1.0,531,506,2981
4,3491,180,0.0,532,506,2985
6,3497,180,0.0,533,506,2991
9,3506,181,1.0,534,506,3000
7,3513,182,1.0,535,506,3007
12,3525,183,1.0,536,506,3019
8,3533,184,1.0,537,506,3027
2,3535,184,0.0,538,506,3029
2,3537,184,0.0,539,506,3031
2,3539,184,0.0,540,506,3033
6,3545,185,1.0,541,506,3039
6,3551,185,0.0,542,506,3045
6,3557,186,1.0,543,506,3051
7,3564,186,0.0,544,506,3058
13,3577,187,1.0,545,506,3071
6,3583,188,1.0,546,506,3077
4,3587,188,0.0,547,506,3081
2,3589,188,0.0,548,506,3083
4,3593,188,0.0,549,506,3087
4,3597,188,0.0,550,506,3091
7,3604,189,1.0,551,506,3098
9,3613,190,1.0,552,506,3107
2,3615,190,0.0,553,506,3109
3,3618,190,0.0,554,506,3112
6,3624,191,1.0,555,506,3118
6,3630,192,1.0,556,506,3124
6,3636,193,1.0,557,506,3130
6,3642,194,1.0,558,506,3136
4,3646,194,0.0,559,506,3140
6,3652,195,1.0,560,506,3146
9,3661,196,1.0,561,506,3155
7,3668,197,1.0,562,506,3162
12,3680,198,1.0,563,506,3174
3,3683,198,0.0,564,506,3177
3,3686,198,0.0,565,506,3180
9,3695,198,0.0,566,506,3189
6,3701,198,0.0,567,506,3195
4,3705,198,0.0,568,506,3199
6,3711,199,1.0,569,506,3205
5,3716,199,0.0,570,506,3210
10,3726,200,1.0,571,506,3220
6,3732,201,1.0,572,506,3226
8,3740,202,1.0,573,506,3234
6,3746,202,0.0,574,506,3240
3,3749,202,0.0,575,506,3243
6,3755,203,1.0,576,506,3249
7,3762,203,0.0,577,506,3256
6,3768,204,1.0,578,506,3262
6,3774,205,1.0,579,506,3268
12,3786,206,1.0,580,506,3280
7,3793,207,1.0,581,506,3287
8,3801,208,1.0,582,506,3295
6,3807,209,1.0,583,506,3301
9,3816,210,1.0,584,506,3310
4,3820,210,0.0,585,506,3314
7,3827,211,1.0,586,506,3321
7,3834,212,1.0,587,506,3328
5,3839,212,0.0,588,506,3333
3,3842,212,0.0,589,506,3336
9,3851,213,1.0,590,506,3345
9,3860,214,1.0,591,506,3354
5,3865,214,0.0,592,506,3359
6,3871,214,0.0,593,506,3365
3,3874,214,0.0,594,506,3368
5,3879,214,0.0,595,506,3373
7,3886,215,1.0,596,506,3380
6,3892,216,1.0,597,506,3386
6,3898,217,1.0,598,506,3392
6,3904,218,1.0,599,506,3398
4,3908,218,0.0,600,506,3402
6,3914,218,0.0,601,506,3408
7,3921,219,1.0,602,506,3415
7,3928,220,1.0,603,506,3422
4,3932,220,0.0,604,506,3426
7,3939,221,1.0,605,506,3433
2,3941,221,0.0,606,506,3435
5,3946,221,0.0,607,506,3440
3,3949,221,0.0,608,506,3443
9,3958,222,1.0,609,506,3452
8,3966,223,1.0,610,506,3460
2,3968,223,0.0,611,506,3462
4,3972,223,0.0,612,506,3466
6,3978,224,1.0,613,506,3472
7,3985,225,1.0,614,506,3479
8,3993,226,1.0,615,506,3487
3,3996,226,0.0,616,506,3490
8,4004,227,1.0,617,506,3498
8,4012,228,1.0,618,506,3506
6,4018,229,1.0,619,506,3512
4,4022,229,0.0,620,506,3516
6,4028,230,1.0,621,506,3522
9,4037,231,1.0,622,506,3531
4,4041,231,0.0,623,506,3535
6,4047,232,1.0,624,506,3541
4,4051,232,0.0,625,506,3545
6,4057,233,1.0,626,506,3551
6,4063,234,1.0,627,506,3557
7,4070,235,1.0,628,506,3564
6,4076,235,0.0,629,506,3570
6,4082,236,1.0,630,506,3576
7,4089,237,1.0,631,506,3583
11,4100,238,1.0,632,506,3594
9,4109,239,1.0,633,506,3603
6,4115,240,1.0,634,506,3609
10,4125,241,1.0,635,506,3619
7,4132,241,0.0,636,506,3626
6,4138,241,0.0,637,506,3632
6,4144,242,1.0,638,506,3638
9,4153,243,1.0,639,506,3647
2,4155,243,0.0,640,506,3649
7,4162,244,1.0,641,506,3656
8,4170,245,1.0,642,506,3664
4,4174,245,0.0,643,506,3668
9,4183,246,1.0,644,506,3677
4,4187,246,0.0,645,506,3681
2,4189,246,0.0,646,506,3683
8,4197,247,1.0,647,506,3691
5,4202,247,0.0,648,506,3696
6,4208,248,1.0,649,506,3702
6,4214,249,1.0,650,506,3708
2,4216,249,0.0,651,506,3710
7,4223,250,1.0,652,506,3717
6,4229,251,1.0,653,506,3723
6,4235,252,1.0,654,506,3729
6,4241,253,1.0,655,506,3735
2,4243,253,0.0,656,506,3737
3,4246,253,0.0,657,506,3740
6,4252,254,1.0,658,506,3746
2,4254,254,0.0,659,506,3748
6,4260,255,1.0,660,506,3754
5,4265,255,0.0,661,506,3759
4,4269,255,0.0,662,506,3763
8,4277,256,1.0,663,506,3771
4,4281,256,0.0,664,506,3775
6,4287,257,1.0,665,506,3781
2,4289,257,0.0,666,506,3783
6,4295,257,0.0,667,506,3789
2,4297,257,0.0,668,506,3791
7,4304,258,1.0,669,506,3798
8,4312,259,1.0,670,506,3806
7,4319,260,1.0,671,506,3813
9,4328,261,1.0,672,506,3822
2,4330,261,0.0,673,506,3824
2,4332,261,0.0,674,506,3826
8,4340,261,0.0,675,506,3834
12,4352,262,1.0,676,506,3846
6,4358,263,1.0,677,506,3852
4,4362,263,0.0,678,506,3856
16,4378,264,1.0,679,506,3872
2,4380,264,0.0,680,506,3874
11,4391,265,1.0,681,506,3885
3,4394,265,0.0,682,506,3888
7,4401,266,1.0,683,506,3895
9,4410,267,1.0,684,506,3904
2,4412,267,0.0,685,506,3906
5,4417,267,0.0,686,506,3911
7,4424,268,1.0,687,506,3918
2,4426,268,0.0,688,506,3920
6,4432,269,1.0,689,506,3926
4,4436,269,0.0,690,506,3930
9,4445,270,1.0,691,506,3939
9,4454,271,1.0,692,506,3948
10,4464,272,1.0,693,506,3958
3,4467,272,0.0,694,506,3961
6,4473,273,1.0,695,506,3967
12,4485,274,1.0,696,506,3979
4,4489,274,0.0,697,506,3983
9,4498,275,1.0,698,506,3992
9,4507,276,1.0,699,506,4001
11,4518,276,0.0,700,506,4012
2,4520,276,0.0,701,506,4014
3,4523,276,0.0,702,506,4017
6,4529,277,1.0,703,506,4023
4,4533,277,0.0,704,506,4027
2,4535,277,0.0,705,506,4029
6,4541,278,1.0,706,506,4035
4,4545,278,0.0,707,506,4039
9,4554,279,1.0,708,506,4048
6,4560,280,1.0,709,506,4054
2,4562,280,0.0,710,506,4056
3,4565,280,0.0,711,506,4059
5,4570,280,0.0,712,506,4064
5,4575,280,0.0,713,506,4069
6,4581,281,1.0,714,506,4075
8,4589,282,1.0,715,506,4083
4,4593,282,0.0,716,506,4087
5,4598,282,0.0,717,506,4092
6,4604,283,1.0,718,506,4098
4,4608,283,0.0,719,506,4102
2,4610,283,0.0,720,506,4104
8,4618,284,1.0,721,506,4112
7,4625,285,1.0,722,506,4119
4,4629,285,0.0,723,506,4123
10,4639,285,0.0,724,506,4133
4,4643,285,0.0,725,506,4137
11,4654,286,1.0,726,506,4148
8,4662,287,1.0,727,506,4156
2,4664,287,0.0,728,506,4158
14,4678,288,1.0,729,506,4172
4,4682,288,0.0,730,506,4176
9,4691,289,1.0,731,506,4185
4,4695,289,0.0,732,506,4189
6,4701,290,1.0,733,506,4195
9,4710,290,0.0,734,506,4204
6,4716,291,1.0,735,506,4210
6,4722,292,1.0,736,506,4216
9,4731,293,1.0,737,506,4225
2,4733,293,0.0,738,506,4227
9,4742,294,1.0,739,506,4236
4,4746,294,0.0,740,506,4240
6,4752,295,1.0,741,506,4246
10,4762,296,1.0,742,506,4256
7,4769,297,1.0,743,506,4263
3,4772,297,0.0,744,506,4266
9,4781,298,1.0,745,506,4275
6,4787,299,1.0,746,506,4281
7,4794,300,1.0,747,506,4288
6,4800,301,1.0,748,506,4294
6,4806,302,1.0,749,506,4300
6,4812,303,1.0,750,506,4306
2,4814,303,0.0,751,506,4308
7,4821,304,1.0,752,506,4315
6,4827,304,0.0,753,506,4321
6,4833,304,0.0,754,506,4327
10,4843,305,1.0,755,506,4337
6,4849,306,1.0,756,506,4343
2,4851,306,0.0,757,506,4345
2,4853,306,0.0,758,506,4347
8,4861,307,1.0,759,506,4355
7,4868,308,1.0,760,506,4362
6,4874,309,1.0,761,506,4368
6,4880,310,1.0,762,506,4374
6,4886,311,1.0,763,506,4380
6,4892,312,1.0,764,506,4386
4,4896,312,0.0,765,506,4390
5,4901,312,0.0,766,506,4395
14,4915,313,1.0,767,506,4409
6,4921,314,1.0,768,506,4415
2,4923,314,0.0,769,506,4417
4,4927,314,0.0,770,506,4421
2,4929,314,0.0,771,506,4423
4,4933,314,0.0,772,506,4427
4,4937,314,0.0,773,506,4431
8,4945,315,1.0,774,506,4439
6,4951,316,1.0,775,506,4445
7,4958,317,1.0,776,506,4452
2,4960,317,0.0,777,506,4454
6,4966,317,0.0,778,506,4460
4,4970,317,0.0,779,506,4464
11,4981,318,1.0,780,506,4475
4,4985,318,0.0,781,506,4479
6,4991,319,1.0,782,506,4485
6,4997,319,0.0,783,506,4491
6,5003,320,1.0,784,506,4497
6,5009,321,1.0,785,506,4503
7,5016,322,1.0,786,506,4510
2,5018,322,0.0,787,506,4512
7,5025,323,1.0,788,506,4519
13,5038,324,1.0,789,506,4532
7,5045,324,0.0,790,506,4539
6,5051,325,1.0,791,506,4545
2,5053,325,0.0,792,506,4547
2,5055,325,0.0,793,506,4549
6,5061,326,1.0,794,506,4555
6,5067,327,1.0,795,506,4561
14,5081,328,1.0,796,506,4575
7,5088,329,1.0,797,506,4582
3,5091,329,0.0,798,506,4585
4,5095,329,0.0,799,506,4589
7,5102,329,0.0,800,506,4596
2,5104,329,0.0,801,506,4598
6,5110,329,0.0,802,506,4604
7,5117,330,1.0,803,506,4611
2,5119,330,0.0,804,506,4613
6,5125,331,1.0,805,506,4619
4,5129,331,0.0,806,506,4623
8,5137,332,1.0,807,506,4631
5,5142,332,0.0,808,506,4636
7,5149,333,1.0,809,506,4643
4,5153,333,0.0,810,506,4647
5,5158,333,0.0,811,506,4652
6,5164,333,0.0,812,506,4658
6,5170,334,1.0,813,506,4664
7,5177,335,1.0,814,506,4671
6,5183,336,1.0,815,506,4677
7,5190,337,1.0,816,506,4684
2,5192,337,0.0,817,506,4686
10,5202,338,1.0,818,506,4696
2,5204,338,0.0,819,506,4698
12,5216,339,1.0,820,506,4710
3,5219,339,0.0,821,506,4713
4,5223,339,0.0,822,506,4717
5,5228,339,0.0,823,506,4722
8,5236,339,0.0,824,506,4730
5,5241,339,0.0,825,506,4735
8,5249,340,1.0,826,506,4743
7,5256,341,1.0,827,506,4750
2,5258,341,0.0,828,506,4752
2,5260,341,0.0,829,506,4754
4,5264,341,0.0,830,506,4758
5,5269,341,0.0,831,506,4763
2,5271,341,0.0,832,506,4765
10,5281,341,0.0,833,506,4775
6,5287,342,1.0,834,506,4781
10,5297,343,1.0,835,506,4791
2,5299,343,0.0,836,506,4793
4,5303,343,0.0,837,506,4797
2,5305,343,0.0,838,506,4799
4,5309,343,0.0,839,506,4803
6,5315,344,1.0,840,506,4809
11,5326,345,1.0,841,506,4820
7,5333,346,1.0,842,506,4827
7,5340,346,0.0,843,506,4834
6,5346,347,1.0,844,506,4840
9,5355,348,1.0,845,506,4849
8,5363,349,1.0,846,506,4857
9,5372,349,0.0,847,506,4866
8,5380,350,1.0,848,506,4874
7,5387,351,1.0,849,506,4881
7,5394,352,1.0,850,506,4888
6,5400,353,1.0,851,506,4894
4,5404,353,0.0,852,506,4898
6,5410,354,1.0,853,506,4904
2,5412,354,0.0,854,506,4906
7,5419,355,1.0,855,506,4913
7,5426,356,1.0,856,506,4920
4,5430,356,0.0,857,506,4924
4,5434,356,0.0,858,506,4928
9,5443,357,1.0,859,506,4937
2,5445,357,0.0,860,506,4939
2,5447,357,0.0,861,506,4941
6,5453,358,1.0,862,506,4947
7,5460,359,1.0,863,506,4954
3,5463,359,0.0,864,506,4957
8,5471,360,1.0,865,506,4965
3,5474,360,0.0,866,506,4968
10,5484,361,1.0,867,506,4978
9,5493,362,1.0,868,506,4987
8,5501,362,0.0,869,506,4995
5,5506,362,0.0,870,506,5000
6,5512,362,0.0,871,506,5006
6,5518,362,0.0,872,506,5012
2,5520,362,0.0,873,506,5014
8,5528,363,1.0,874,506,5022
7,5535,364,1.0,875,506,5029
4,5539,364,0.0,876,506,5033
9,5548,365,1.0,877,506,5042
2,5550,365,0.0,878,506,5044
10,5560,366,1.0,879,506,5054
3,5563,366,0.0,880,506,5057
7,5570,367,1.0,881,506,5064
6,5576,368,1.0,882,506,5070
10,5586,369,1.0,883,506,5080
6,5592,370,1.0,884,506,5086
5,5597,370,0.0,885,506,5091
7,5604,371,1.0,886,506,5098
3,5607,371,0.0,887,506,5101
7,5614,372,1.0,888,506,5108
5,5619,372,0.0,889,506,5113
10,5629,373,1.0,890,506,5123
2,5631,373,0.0,891,506,5125
6,5637,373,0.0,892,506,5131
8,5645,374,1.0,893,506,5139
7,5652,375,1.0,894,506,5146
4,5656,375,0.0,895,506,5150
6,5662,376,1.0,896,506,5156
6,5668,377,1.0,897,506,5162
8,5676,378,1.0,898,506,5170
5,5681,378,0.0,899,506,5175
4,5685,378,0.0,900,506,5179
2,5687,378,0.0,901,506,5181
6,5693,379,1.0,902,506,5187
7,5700,379,0.0,903,506,5194
3,5703,379,0.0,904,506,5197
2,5705,379,0.0,905,506,5199
8,5713,380,1.0,906,506,5207
8,5721,381,1.0,907,506,5215
6,5727,381,0.0,908,506,5221
10,5737,382,1.0,909,506,5231
6,5743,383,1.0,910,506,5237
4,5747,383,0.0,911,506,5241
7,5754,384,1.0,912,506,5248
6,5760,385,1.0,913,506,5254
12,5772,386,1.0,914,506,5266
2,5774,386,0.0,915,506,5268
2,5776,386,0.0,916,506,5270
7,5783,387,1.0,917,506,5277
7,5790,388,1.0,918,506,5284
8,5798,389,1.0,919,506,5292
10,5808,390,1.0,920,506,5302
6,5814,390,0.0,921,506,5308
3,5817,390,0.0,922,506,5311
6,5823,391,1.0,923,506,5317
10,5833,392,1.0,924,506,5327
7,5840,393,1.0,925,506,5334
6,5846,394,1.0,926,506,5340
6,5852,395,1.0,927,506,5346
8,5860,396,1.0,928,506,5354
3,5863,396,0.0,929,506,5357
6,5869,396,0.0,930,506,5363
6,5875,397,1.0,931,506,5369
2,5877,397,0.0,932,506,5371
10,5887,398,1.0,933,506,5381
2,5889,398,0.0,934,506,5383
2,5891,398,0.0,935,506,5385
3,5894,398,0.0,936,506,5388
6,5900,399,1.0,937,506,5394
2,5902,399,0.0,938,506,5396
3,5905,399,0.0,939,506,5399
4,5909,399,0.0,940,506,5403
4,5913,399,0.0,941,506,5407
4,5917,399,0.0,942,506,5411
3,5920,399,0.0,943,506,5414
2,5922,399,0.0,944,506,5416
6,5928,400,1.0,945,506,5422
13,5941,401,1.0,946,506,5435
2,5943,401,0.0,947,506,5437
2,5945,401,0.0,948,506,5439
7,5952,402,1.0,949,506,5446
5,5957,402,0.0,950,506,5451
9,5966,403,1.0,951,506,5460
5,5971,403,0.0,952,506,5465
9,5980,404,1.0,953,506,5474
5,5985,404,0.0,954,506,5479
4,5989,404,0.0,955,506,5483
9,5998,405,1.0,956,506,5492
2,6000,405,0.0,957,506,5494
3,6003,405,0.0,958,506,5497
7,6010,406,1.0,959,506,5504
2,6012,406,0.0,960,506,5506
8,6020,407,1.0,961,506,5514
3,6023,407,0.0,962,506,5517
8,6031,408,1.0,963,506,5525
6,6037,409,1.0,964,506,5531
3,6040,409,0.0,965,506,5534
8,6048,410,1.0,966,506,5542
8,6056,411,1.0,967,506,5550
8,6064,412,1.0,968,506,5558
4,6068,412,0.0,969,506,5562
7,6075,413,1.0,970,506,5569
3,6078,413,0.0,971,506,5572
3,6081,413,0.0,972,506,5575
9,6090,413,0.0,973,506,5584
8,6098,414,1.0,974,506,5592
2,6100,414,0.0,975,506,5594
6,6106,415,1.0,976,506,5600
6,6112,416,1.0,977,506,5606
8,6120,417,1.0,978,506,5614
7,6127,418,1.0,979,506,5621
6,6133,419,1.0,980,506,5627
7,6140,420,1.0,981,506,5634
8,6148,421,1.0,982,506,5642
4,6152,421,0.0,983,506,5646
6,6158,422,1.0,984,506,5652
4,6162,422,0.0,985,506,5656
6,6168,422,0.0,986,506,5662
10,6178,423,1.0,987,506,5672
2,6180,423,0.0,988,506,5674
6,6186,424,1.0,989,506,5680
10,6196,425,1.0,990,506,5690
6,6202,426,1.0,991,506,5696
7,6209,427,1.0,992,506,5703
2,6211,427,0.0,993,506,5705
3,6214,427,0.0,994,506,5708
2,6216,427,0.0,995,506,5710
2,6218,427,0.0,996,506,5712
2,6220,427,0.0,997,506,5714
2,6222,427,0.0,998,506,5716
6,6228,427,0.0,999,506,5722
3,6231,427,0.0,1000,506,5725
2,6233,427,0.0,1001,506,5727
7,6240,428,1.0,1002,506,5734
8,6248,428,0.0,1003,506,5742
5,6253,428,0.0,1004,506,5747
2,6255,428,0.0,1005,506,5749
7,6262,428,0.0,1006,506,5756
6,6268,429,1.0,1007,506,5762
6,6274,429,0.0,1008,506,5768
5,6279,429,0.0,1009,506,5773
6,6285,430,1.0,1010,506,5779
5,6290,430,0.0,1011,506,5784
6,6296,431,1.0,1012,506,5790
2,6298,431,0.0,1013,506,5792
7,6305,432,1.0,1014,506,5799
4,6309,432,0.0,1015,506,5803
10,6319,433,1.0,1016,506,5813
6,6325,434,1.0,1017,506,5819
7,6332,434,0.0,1018,506,5826
13,6345,435,1.0,1019,506,5839
6,6351,435,0.0,1020,506,5845
4,6355,435,0.0,1021,506,5849
17,6372,436,1.0,1022,506,5866
9,6381,437,1.0,1023,506,5875
11,6392,438,1.0,1024,506,5886
7,6399,439,1.0,1025,506,5893
2,6401,439,0.0,1026,506,5895
7,6408,440,1.0,1027,506,5902
6,6414,441,1.0,1028,506,5908
2,6416,441,0.0,1029,506,5910
7,6423,442,1.0,1030,506,5917
2,6425,442,0.0,1031,506,5919
6,6431,443,1.0,1032,506,5925
7,6438,444,1.0,1033,506,5932
6,6444,445,1.0,1034,506,5938
7,6451,446,1.0,1035,506,5945
6,6457,446,0.0,1036,506,5951
6,6463,447,1.0,1037,506,5957
6,6469,447,0.0,1038,506,5963
6,6475,448,1.0,1039,506,5969
3,6478,448,0.0,1040,506,5972
4,6482,448,0.0,1041,506,5976
7,6489,449,1.0,1042,506,5983
2,6491,449,0.0,1043,506,5985
7,6498,450,1.0,1044,506,5992
2,6500,450,0.0,1045,506,5994
8,6508,451,1.0,1046,506,6002
4,6512,451,0.0,1047,506,6006
2,6514,451,0.0,1048,506,6008
6,6520,451,0.0,1049,506,6014
6,6526,452,1.0,1050,506,6020
8,6534,453,1.0,1051,506,6028
7,6541,454,1.0,1052,506,6035
11,6552,454,0.0,1053,506,6046
6,6558,454,0.0,1054,506,6052
4,6562,454,0.0,1055,506,6056
8,6570,455,1.0,1056,506,6064
2,6572,455,0.0,1057,506,6066
4,6576,455,0.0,1058,506,6070
8,6584,456,1.0,1059,506,6078
6,6590,457,1.0,1060,506,6084
9,6599,458,1.0,1061,506,6093
2,6601,458,0.0,1062,506,6095
6,6607,459,1.0,1063,506,6101
4,6611,459,0.0,1064,506,6105
4,6615,459,0.0,1065,506,6109
3,6618,459,0.0,1066,506,6112
4,6622,459,0.0,1067,506,6116
8,6630,460,1.0,1068,506,6124
6,6636,461,1.0,1069,506,6130
2,6638,461,0.0,1070,506,6132
7,6645,462,1.0,1071,506,6139
2,6647,462,0.0,1072,506,6141
8,6655,463,1.0,1073,506,6149
6,6661,464,1.0,1074,506,6155
2,6663,464,0.0,1075,506,6157
6,6669,464,0.0,1076,506,6163
2,6671,464,0.0,1077,506,6165
5,6676,464,0.0,1078,506,6170
4,6680,464,0.0,1079,506,6174
2,6682,464,0.0,1080,506,6176
7,6689,465,1.0,1081,506,6183
4,6693,465,0.0,1082,506,6187
7,6700,466,1.0,1083,506,6194
7,6707,466,0.0,1084,506,6201
6,6713,467,1.0,1085,506,6207
7,6720,468,1.0,1086,506,6214
5,6725,468,0.0,1087,506,6219
2,6727,468,0.0,1088,506,6221
2,6729,468,0.0,1089,506,6223
3,6732,468,0.0,1090,506,6226
4,6736,468,0.0,1091,506,6230
6,6742,469,1.0,1092,506,6236
8,6750,469,0.0,1093,506,6244
6,6756,470,1.0,1094,506,6250
7,6763,470,0.0,1095,506,6257
9,6772,471,1.0,1096,506,6266
7,6779,472,1.0,1097,506,6273
2,6781,472,0.0,1098,506,6275
2,6783,472,0.0,1099,506,6277
6,6789,473,1.0,1100,506,6283
8,6797,474,1.0,1101,506,6291
8,6805,474,0.0,1102,506,6299
8,6813,475,1.0,1103,506,6307
6,6819,476,1.0,1104,506,6313
6,6825,476,0.0,1105,506,6319
2,6827,476,0.0,1106,506,6321
13,6840,477,1.0,1107,506,6334
3,6843,477,0.0,1108,506,6337
8,6851,477,0.0,1109,506,6345
9,6860,478,1.0,1110,506,6354
4,6864,478,0.0,1111,506,6358
6,6870,479,1.0,1112,506,6364
8,6878,480,1.0,1113,506,6372
8,6886,481,1.0,1114,506,6380
7,6893,481,0.0,1115,506,6387
6,6899,482,1.0,1116,506,6393
9,6908,483,1.0,1117,506,6402
6,6914,484,1.0,1118,506,6408
2,6916,484,0.0,1119,506,6410
6,6922,485,1.0,1120,506,6416
10,6932,486,1.0,1121,506,6426
2,6934,486,0.0,1122,506,6428
11,6945,487,1.0,1123,506,6439
8,6953,488,1.0,1124,506,6447
12,6965,489,1.0,1125,506,6459
8,6973,490,1.0,1126,506,6467
2,6975,490,0.0,1127,506,6469
7,6982,491,1.0,1128,506,6476
2,6984,491,0.0,1129,506,6478
10,6994,492,1.0,1130,506,6488
2,6996,492,0.0,1131,506,6490
9,7005,493,1.0,1132,506,6499
8,7013,494,1.0,1133,506,6507
4,7017,494,0.0,1134,506,6511
8,7025,495,1.0,1135,506,6519
7,7032,496,1.0,1136,506,6526
2,7034,496,0.0,1137,506,6528
8,7042,497,1.0,1138,506,6536
6,7048,498,1.0,1139,506,6542
6,7054,499,1.0,1140,506,6548
5,7059,499,0.0,1141,506,6553
7,7066,500,1.0,1142,506,6560
6,7072,500,0.0,1143,506,6566
9,7081,501,1.0,1144,506,6575
7,7088,502,1.0,1145,506,6582
9,7097,503,1.0,1146,506,6591
10,7107,503,0.0,1147,506,6601
8,7115,503,0.0,1148,506,6609
5,7120,503,0.0,1149,506,6614
4,7124,503,0.0,1150,506,6618
6,7130,504,1.0,1151,506,6624
4,7134,504,0.0,1152,506,6628
4,7138,504,0.0,1153,506,6632
2,7140,504,0.0,1154,506,6634
4,7144,504,0.0,1155,506,6638
4,7148,504,0.0,1156,506,6642
12,7160,505,1.0,1157,506,6654
3,7163,505,0.0,1158,506,6657
8,7171,506,1.0,1159,506,6665
5,7176,506,0.0,1160,506,6670
6,7182,507,1.0,1161,506,6676
5,7187,507,0.0,1162,506,6681
2,7189,507,0.0,1163,506,6683
9,7198,508,1.0,1164,506,6692
8,7206,509,1.0,1165,506,6700
7,7213,509,0.0,1166,506,6707
5,7218,509,0.0,1167,506,6712
3,7221,509,0.0,1168,506,6715
4,7225,509,0.0,1169,506,6719
7,7232,510,1.0,1170,506,6726
6,7238,511,1.0,1171,506,6732
2,7240,511,0.0,1172,506,6734
8,7248,512,1.0,1173,506,6742
6,7254,513,1.0,1174,506,6748
6,7260,513,0.0,1175,506,6754
6,7266,514,1.0,1176,506,6760
6,7272,515,1.0,1177,506,6766
5,7277,515,0.0,1178,506,6771
6,7283,516,1.0,1179,506,6777
4,7287,516,0.0,1180,506,6781
5,7292,516,0.0,1181,506,6786
8,7300,517,1.0,1182,506,6794
7,7307,518,1.0,1183,506,6801
7,7314,519,1.0,1184,506,6808
4,7318,519,0.0,1185,506,6812
9,7327,520,1.0,1186,506,6821
7,7334,521,1.0,1187,506,6828
8,7342,522,1.0,1188,506,6836
3,7345,522,0.0,1189,506,6839
4,7349,522,0.0,1190,506,6843
10,7359,523,1.0,1191,506,6853
9,7368,523,0.0,1192,506,6862
2,7370,523,0.0,1193,506,6864
8,7378,524,1.0,1194,506,6872
7,7385,525,1.0,1195,506,6879
7,7392,526,1.0,1196,506,6886
8,7400,527,1.0,1197,506,6894
3,7403,527,0.0,1198,506,6897
2,7405,527,0.0,1199,506,6899
4,7409,527,0.0,1200,506,6903
4,7413,527,0.0,1201,506,6907
8,7421,528,1.0,1202,506,6915
7,7428,528,0.0,1203,506,6922
7,7435,529,1.0,1204,506,6929
2,7437,529,0.0,1205,506,6931
6,7443,529,0.0,1206,506,6937
7,7450,530,1.0,1207,506,6944
6,7456,531,1.0,1208,506,6950
3,7459,531,0.0,1209,506,6953
6,7465,532,1.0,1210,506,6959
2,7467,532,0.0,1211,506,6961
5,7472,532,0.0,1212,506,6966
5,7477,532,0.0,1213,506,6971
9,7486,532,0.0,1214,506,6980
11,7497,533,1.0,1215,506,6991
2,7499,533,0.0,1216,506,6993
8,7507,534,1.0,1217,506,7001
9,7516,534,0.0,1218,506,7010
6,7522,535,1.0,1219,506,7016
6,7528,535,0.0,1220,506,7022
3,7531,535,0.0,1221,506,7025
7,7538,535,0.0,1222,506,7032
10,7548,536,1.0,1223,506,7042
9,7557,537,1.0,1224,506,7051
7,7564,538,1.0,1225,506,7058
3,7567,538,0.0,1226,506,7061
6,7573,539,1.0,1227,506,7067
7,7580,540,1.0,1228,506,7074
6,7586,541,1.0,1229,506,7080
4,7590,541,0.0,1230,506,7084
8,7598,542,1.0,1231,506,7092
5,7603,542,0.0,1232,506,7097
4,7607,542,0.0,1233,506,7101
8,7615,542,0.0,1234,506,7109
2,7617,542,0.0,1235,506,7111
4,7621,542,0.0,1236,506,7115
3,7624,542,0.0,1237,506,7118
7,7631,542,0.0,1238,506,7125
7,7638,543,1.0,1239,506,7132
6,7644,544,1.0,1240,506,7138
6,7650,545,1.0,1241,506,7144
6,7656,546,1.0,1242,506,7150
7,7663,547,1.0,1243,506,7157
9,7672,548,1.0,1244,506,7166
4,7676,548,0.0,1245,506,7170
9,7685,549,1.0,1246,506,7179
7,7692,550,1.0,1247,506,7186
6,7698,551,1.0,1248,506,7192
6,7704,551,0.0,1249,506,7198
6,7710,552,1.0,1250,506,7204
6,7716,553,1.0,1251,506,7210
4,7720,553,0.0,1252,506,7214
2,7722,553,0.0,1253,506,7216
8,7730,554,1.0,1254,506,7224
6,7736,555,1.0,1255,506,7230
8,7744,556,1.0,1256,506,7238
9,7753,557,1.0,1257,506,7247
3,7756,557,0.0,1258,506,7250
2,7758,557,0.0,1259,506,7252
6,7764,558,1.0,1260,506,7258
9,7773,559,1.0,1261,506,7267
6,7779,560,1.0,1262,506,7273
2,7781,560,0.0,1263,506,7275
6,7787,561,1.0,1264,506,7281
8,7795,562,1.0,1265,506,7289
6,7801,563,1.0,1266,506,7295
5,7806,563,0.0,1267,506,7300
3,7809,563,0.0,1268,506,7303
4,7813,563,0.0,1269,506,7307
6,7819,564,1.0,1270,506,7313
2,7821,564,0.0,1271,506,7315
9,7830,565,1.0,1272,506,7324
4,7834,565,0.0,1273,506,7328
10,7844,566,1.0,1274,506,7338
6,7850,567,1.0,1275,506,7344
6,7856,568,1.0,1276,506,7350
2,7858,568,0.0,1277,506,7352
7,7865,569,1.0,1278,506,7359
6,7871,569,0.0,1279,506,7365
2,7873,569,0.0,1280,506,7367
3,7876,569,0.0,1281,506,7370
10,7886,570,1.0,1282,506,7380
8,7894,571,1.0,1283,506,7388
4,7898,571,0.0,1284,506,7392
4,7902,571,0.0,1285,506,7396
10,7912,572,1.0,1286,506,7406
12,7924,572,0.0,1287,506,7418
6,7930,573,1.0,1288,506,7424
6,7936,574,1.0,1289,506,7430
2,7938,574,0.0,1290,506,7432
8,7946,575,1.0,1291,506,7440
4,7950,575,0.0,1292,506,7444
6,7956,576,1.0,1293,506,7450
4,7960,576,0.0,1294,506,7454
8,7968,577,1.0,1295,506,7462
2,7970,577,0.0,1296,506,7464
7,7977,578,1.0,1297,506,7471
10,7987,579,1.0,1298,506,7481
2,7989,579,0.0,1299,506,7483
8,7997,579,0.0,1300,506,7491
2,7999,579,0.0,1301,506,7493
2,8001,579,0.0,1302,506,7495
2,8003,579,0.0,1303,506,7497
7,8010,580,1.0,1304,506,7504
6,8016,581,1.0,1305,506,7510
10,8026,582,1.0,1306,506,7520
2,8028,582,0.0,1307,506,7522
6,8034,583,1.0,1308,506,7528
2,8036,583,0.0,1309,506,7530
11,8047,584,1.0,1310,506,7541
10,8057,585,1.0,1311,506,7551
7,8064,586,1.0,1312,506,7558
15,8079,587,1.0,1313,506,7573
2,8081,587,0.0,1314,506,7575
6,8087,588,1.0,1315,506,7581
4,8091,588,0.0,1316,506,7585
9,8100,588,0.0,1317,506,7594
6,8106,589,1.0,1318,506,7600
6,8112,590,1.0,1319,506,7606
6,8118,591,1.0,1320,506,7612
6,8124,591,0.0,1321,506,7618
2,8126,591,0.0,1322,506,7620
2,8128,591,0.0,1323,506,7622
5,8133,591,0.0,1324,506,7627
7,8140,592,1.0,1325,506,7634
13,8153,593,1.0,1326,506,7647
7,8160,594,1.0,1327,506,7654
6,8166,594,0.0,1328,506,7660
2,8168,594,0.0,1329,506,7662
2,8170,594,0.0,1330,506,7664
7,8177,595,1.0,1331,506,7671
7,8184,596,1.0,1332,506,7678
14,8198,597,1.0,1333,506,7692
4,8202,597,0.0,1334,506,7696
2,8204,597,0.0,1335,506,7698
7,8211,598,1.0,1336,506,7705
7,8218,599,1.0,1337,506,7712
6,8224,600,1.0,1338,506,7718
6,8230,601,1.0,1339,506,7724
2,8232,601,0.0,1340,506,7726
3,8235,601,0.0,1341,506,7729
6,8241,602,1.0,1342,506,7735
3,8244,602,0.0,1343,506,7738
6,8250,603,1.0,1344,506,7744
9,8259,604,1.0,1345,506,7753
3,8262,604,0.0,1346,506,7756
2,8264,604,0.0,1347,506,7758
11,8275,605,1.0,1348,506,7769
6,8281,606,1.0,1349,506,7775
7,8288,607,1.0,1350,506,7782
2,8290,607,0.0,1351,506,7784
4,8294,607,0.0,1352,506,7788
6,8300,607,0.0,1353,506,7794
6,8306,607,0.0,1354,506,7800
11,8317,608,1.0,1355,506,7811
5,8322,608,0.0,1356,506,7816
8,8330,609,1.0,1357,506,7824
11,8341,609,0.0,1358,506,7835
2,8343,609,0.0,1359,506,7837
6,8349,610,1.0,1360,506,7843
6,8355,611,1.0,1361,506,7849
5,8360,611,0.0,1362,506,7854
11,8371,612,1.0,1363,506,7865
6,8377,613,1.0,1364,506,7871
7,8384,614,1.0,1365,506,7878
2,8386,614,0.0,1366,506,7880
9,8395,614,0.0,1367,506,7889
8,8403,615,1.0,1368,506,7897
3,8406,615,0.0,1369,506,7900
2,8408,615,0.0,1370,506,7902
3,8411,615,0.0,1371,506,7905
8,8419,616,1.0,1372,506,7913
7,8426,617,1.0,1373,506,7920
6,8432,618,1.0,1374,506,7926
6,8438,619,1.0,1375,506,7932
8,8446,620,1.0,1376,506,7940
9,8455,621,1.0,1377,506,7949
8,8463,622,1.0,1378,506,7957
6,8469,623,1.0,1379,506,7963
5,8474,623,0.0,1380,506,7968
5,8479,623,0.0,1381,506,7973
7,8486,624,1.0,1382,506,7980
10,8496,625,1.0,1383,506,7990
11,8507,626,1.0,1384,506,8001
3,8510,626,0.0,1385,506,8004
7,8517,627,1.0,1386,506,8011
12,8529,628,1.0,1387,506,8023
10,8539,629,1.0,1388,506,8033
10,8549,630,1.0,1389,506,8043
6,8555,631,1.0,1390,506,8049
4,8559,631,0.0,1391,506,8053
8,8567,631,0.0,1392,506,8061
9,8576,632,1.0,1393,506,8070
3,8579,632,0.0,1394,506,8073
2,8581,632,0.0,1395,506,8075
8,8589,633,1.0,1396,506,8083
9,8598,634,1.0,1397,506,8092
2,8600,634,0.0,1398,506,8094
3,8603,634,0.0,1399,506,8097
9,8612,635,1.0,1400,506,8106
4,8616,635,0.0,1401,506,8110
2,8618,635,0.0,1402,506,8112
8,8626,636,1.0,1403,506,8120
2,8628,636,0.0,1404,506,8122
6,8634,636,0.0,1405,506,8128
6,8640,637,1.0,1406,506,8134
6,8646,638,1.0,1407,506,8140
6,8652,639,1.0,1408,506,8146
7,8659,640,1.0,1409,506,8153
8,8667,641,1.0,1410,506,8161
10,8677,642,1.0,1411,506,8171
8,8685,643,1.0,1412,506,8179
7,8692,643,0.0,1413,506,8186
6,8698,644,1.0,1414,506,8192
6,8704,645,1.0,1415,506,8198
2,8706,645,0.0,1416,506,8200
8,8714,646,1.0,1417,506,8208
6,8720,647,1.0,1418,506,8214
2,8722,647,0.0,1419,506,8216
2,8724,647,0.0,1420,506,8218
5,8729,647,0.0,1421,506,8223
6,8735,648,1.0,1422,506,8229
6,8741,649,1.0,1423,506,8235
6,8747,649,0.0,1424,506,8241
7,8754,650,1.0,1425,506,8248
2,8756,650,0.0,1426,506,8250
2,8758,650,0.0,1427,506,8252
11,8769,651,1.0,1428,506,8263
5,8774,651,0.0,1429,506,8268
4,8778,651,0.0,1430,506,8272
2,8780,651,0.0,1431,506,8274
2,8782,651,0.0,1432,506,8276
2,8784,651,0.0,1433,506,8278
5,8789,651,0.0,1434,506,8283
6,8795,652,1.0,1435,506,8289
6,8801,653,1.0,1436,506,8295
3,8804,653,0.0,1437,506,8298
8,8812,654,1.0,1438,506,8306
13,8825,655,1.0,1439,506,8319
2,8827,655,0.0,1440,506,8321
3,8830,655,0.0,1441,506,8324
6,8836,656,1.0,1442,506,8330
4,8840,656,0.0,1443,506,8334
6,8846,657,1.0,1444,506,8340
2,8848,657,0.0,1445,506,8342
6,8854,658,1.0,1446,506,8348
6,8860,658,0.0,1447,506,8354
2,8862,658,0.0,1448,506,8356
2,8864,658,0.0,1449,506,8358
6,8870,659,1.0,1450,506,8364
6,8876,660,1.0,1451,506,8370
5,8881,660,0.0,1452,506,8375
7,8888,661,1.0,1453,506,8382
11,8899,662,1.0,1454,506,8393
7,8906,663,1.0,1455,506,8400
6,8912,664,1.0,1456,506,8406
2,8914,664,0.0,1457,506,8408
2,8916,664,0.0,1458,506,8410
2,8918,664,0.0,1459,506,8412
3,8921,664,0.0,1460,506,8415
6,8927,665,1.0,1461,506,8421
6,8933,666,1.0,1462,506,8427
6,8939,667,1.0,1463,506,8433
8,8947,668,1.0,1464,506,8441
6,8953,669,1.0,1465,506,8447
4,8957,669,0.0,1466,506,8451
2,8959,669,0.0,1467,506,8453
3,8962,669,0.0,1468,506,8456
10,8972,670,1.0,1469,506,8466
6,8978,671,1.0,1470,506,8472
5,8983,671,0.0,1471,506,8477
10,8993,672,1.0,1472,506,8487
4,8997,672,0.0,1473,506,8491
10,9007,673,1.0,1474,506,8501
5,9012,673,0.0,1475,506,8506
6,9018,674,1.0,1476,506,8512
3,9021,674,0.0,1477,506,8515
7,9028,675,1.0,1478,506,8522
4,9032,675,0.0,1479,506,8526
6,9038,676,1.0,1480,506,8532
6,9044,676,0.0,1481,506,8538
4,9048,676,0.0,1482,506,8542
9,9057,677,1.0,1483,506,8551
7,9064,678,1.0,1484,506,8558
6,9070,678,0.0,1485,506,8564
6,9076,679,1.0,1486,506,8570
6,9082,680,1.0,1487,506,8576
7,9089,681,1.0,1488,506,8583
3,9092,681,0.0,1489,506,8586
3,9095,681,0.0,1490,506,8589
6,9101,681,0.0,1491,506,8595
4,9105,681,0.0,1492,506,8599
6,9111,682,1.0,1493,506,8605
3,9114,682,0.0,1494,506,8608
6,9120,683,1.0,1495,506,8614
2,9122,683,0.0,1496,506,8616
9,9131,684,1.0,1497,506,8625
6,9137,685,1.0,1498,506,8631
7,9144,686,1.0,1499,506,8638
12,9156,687,1.0,1500,506,8650
5,9161,687,0.0,1501,506,8655
8,9169,688,1.0,1502,506,8663
6,9175,688,0.0,1503,506,8669
6,9181,689,1.0,1504,506,8675
7,9188,690,1.0,1505,506,8682
8,9196,691,1.0,1506,506,8690
6,9202,691,0.0,1507,506,8696
8,9210,692,1.0,1508,506,8704
4,9214,692,0.0,1509,506,8708
8,9222,692,0.0,1510,506,8716
6,9228,692,0.0,1511,506,8722
4,9232,692,0.0,1512,506,8726
6,9238,693,1.0,1513,506,8732
8,9246,694,1.0,1514,506,8740
6,9252,695,1.0,1515,506,8746
14,9266,696,1.0,1516,506,8760
5,9271,696,0.0,1517,506,8765
6,9277,697,1.0,1518,506,8771
7,9284,698,1.0,1519,506,8778
6,9290,699,1.0,1520,506,8784
4,9294,699,0.0,1521,506,8788
6,9300,700,1.0,1522,506,8794
4,9304,700,0.0,1523,506,8798
2,9306,700,0.0,1524,506,8800
6,9312,701,1.0,1525,506,8806
11,9323,702,1.0,1526,506,8817
5,9328,702,0.0,1527,506,8822
9,9337,703,1.0,1528,506,8831
3,9340,703,0.0,1529,506,8834
7,9347,704,1.0,1530,506,8841
10,9357,705,1.0,1531,506,8851
6,9363,706,1.0,1532,506,8857
7,9370,707,1.0,1533,506,8864
5,9375,707,0.0,1534,506,8869
5,9380,707,0.0,1535,506,8874
8,9388,708,1.0,1536,506,8882
3,9391,708,0.0,1537,506,8885
2,9393,708,0.0,1538,506,8887
9,9402,709,1.0,1539,506,8896
6,9408,710,1.0,1540,506,8902
6,9414,711,1.0,1541,506,8908
10,9424,712,1.0,1542,506,8918
6,9430,713,1.0,1543,506,8924
11,9441,714,1.0,1544,506,8935
2,9443,714,0.0,1545,506,8937
2,9445,714,0.0,1546,506,8939
6,9451,715,1.0,1547,506,8945
9,9460,716,1.0,1548,506,8954
8,9468,716,0.0,1549,506,8962
6,9474,717,1.0,1550,506,8968
6,9480,718,1.0,1551,506,8974
7,9487,719,1.0,1552,506,8981
7,9494,720,1.0,1553,506,8988
4,9498,720,0.0,1554,506,8992
4,9502,720,0.0,1555,506,8996
2,9504,720,0.0,1556,506,8998
3,9507,720,0.0,1557,506,9001
5,9512,720,0.0,1558,506,9006
6,9518,721,1.0,1559,506,9012
6,9524,721,0.0,1560,506,9018
3,9527,721,0.0,1561,506,9021
8,9535,722,1.0,1562,506,9029
6,9541,722,0.0,1563,506,9035
6,9547,723,1.0,1564,506,9041
6,9553,724,1.0,1565,506,9047
6,9559,725,1.0,1566,506,9053
6,9565,726,1.0,1567,506,9059
13,9578,726,0.0,1568,506,9072
6,9584,727,1.0,1569,506,9078
7,9591,727,0.0,1570,506,9085
2,9593,727,0.0,1571,506,9087
5,9598,727,0.0,1572,506,9092
9,9607,728,1.0,1573,506,9101
4,9611,728,0.0,1574,506,9105
8,9619,729,1.0,1575,506,9113
2,9621,729,0.0,1576,506,9115
5,9626,729,0.0,1577,506,9120
2,9628,729,0.0,1578,506,9122
2,9630,729,0.0,1579,506,9124
7,9637,730,1.0,1580,506,9131
4,9641,730,0.0,1581,506,9135
2,9643,730,0.0,1582,506,9137
2,9645,730,0.0,1583,506,9139
4,9649,730,0.0,1584,506,9143
6,9655,731,1.0,1585,506,9149
2,9657,731,0.0,1586,506,9151
6,9663,732,1.0,1587,506,9157
7,9670,733,1.0,1588,506,9164
8,9678,734,1.0,1589,506,9172
5,9683,734,0.0,1590,506,9177
9,9692,735,1.0,1591,506,9186
6,9698,736,1.0,1592,506,9192
6,9704,737,1.0,1593,506,9198
11,9715,738,1.0,1594,506,9209
10,9725,738,0.0,1595,506,9219
6,9731,739,1.0,1596,506,9225
6,9737,740,1.0,1597,506,9231
6,9743,741,1.0,1598,506,9237
4,9747,741,0.0,1599,506,9241
5,9752,741,0.0,1600,506,9246
8,9760,742,1.0,1601,506,9254
6,9766,743,1.0,1602,506,9260
5,9771,743,0.0,1603,506,9265
7,9778,744,1.0,1604,506,9272
2,9780,744,0.0,1605,506,9274
7,9787,745,1.0,1606,506,9281
7,9794,745,0.0,1607,506,9288
4,9798,745,0.0,1608,506,9292
2,9800,745,0.0,1609,506,9294
7,9807,746,1.0,1610,506,9301
8,9815,747,1.0,1611,506,9309
4,9819,747,0.0,1612,506,9313
6,9825,748,1.0,1613,506,9319
8,9833,749,1.0,1614,506,9327
9,9842,750,1.0,1615,506,9336
7,9849,750,0.0,1616,506,9343
6,9855,751,1.0,1617,506,9349
7,9862,752,1.0,1618,506,9356
7,9869,753,1.0,1619,506,9363
9,9878,754,1.0,1620,506,9372
3,9881,754,0.0,1621,506,9375
7,9888,755,1.0,1622,506,9382
7,9895,756,1.0,1623,506,9389
6,9901,756,0.0,1624,506,9395
2,9903,756,0.0,1625,506,9397
9,9912,757,1.0,1626,506,9406
10,9922,758,1.0,1627,506,9416
7,9929,759,1.0,1628,506,9423
6,9935,760,1.0,1629,506,9429
6,9941,761,1.0,1630,506,9435
8,9949,762,1.0,1631,506,9443
7,9956,763,1.0,1632,506,9450
8,9964,764,1.0,1633,506,9458
2,9966,764,0.0,1634,506,9460
6,9972,765,1.0,1635,506,9466
7,9979,766,1.0,1636,506,9473
6,9985,767,1.0,1637,506,9479
6,9991,768,1.0,1638,506,9485
6,9997,769,1.0,1639,506,9491
9,10006,770,1.0,1640,506,9500
3,10009,770,0.0,1641,506,9503
6,10015,771,1.0,1642,506,9509
8,10023,772,1.0,1643,506,9517
14,10037,773,1.0,1644,506,9531
7,10044,774,1.0,1645,506,9538
7,10051,775,1.0,1646,506,9545
9,10060,776,1.0,1647,506,9554
9,10069,777,1.0,1648,506,9563
2,10071,777,0.0,1649,506,9565
6,10077,777,0.0,1650,506,9571
8,10085,778,1.0,1651,506,9579
9,10094,779,1.0,1652,506,9588
8,10102,780,1.0,1653,506,9596
3,10105,780,0.0,1654,506,9599
8,10113,780,0.0,1655,506,9607
8,10121,781,1.0,1656,506,9615
10,10131,782,1.0,1657,506,9625
4,10135,782,0.0,1658,506,9629
6,10141,783,1.0,1659,506,9635
6,10147,784,1.0,1660,506,9641
6,10153,785,1.0,1661,506,9647
6,10159,786,1.0,1662,506,9653
8,10167,787,1.0,1663,506,9661
4,10171,787,0.0,1664,506,9665
8,10179,787,0.0,1665,506,9673
5,10184,787,0.0,1666,506,9678
6,10190,788,1.0,1667,506,9684
6,10196,789,1.0,1668,506,9690
3,10199,789,0.0,1669,506,9693
6,10205,789,0.0,1670,506,9699
6,10211,789,0.0,1671,506,9705
7,10218,789,0.0,1672,506,9712
7,10225,790,1.0,1673,506,9719
10,10235,791,1.0,1674,506,9729
8,10243,792,1.0,1675,506,9737
5,10248,792,0.0,1676,506,9742
6,10254,793,1.0,1677,506,9748
6,10260,794,1.0,1678,506,9754
4,10264,794,0.0,1679,506,9758
6,10270,795,1.0,1680,506,9764
11,10281,796,1.0,1681,506,9775
6,10287,797,1.0,1682,506,9781
2,10289,797,0.0,1683,506,9783
10,10299,798,1.0,1684,506,9793
5,10304,798,0.0,1685,506,9798
2,10306,798,0.0,1686,506,9800
2,10308,798,0.0,1687,506,9802
7,10315,799,1.0,1688,506,9809
3,10318,799,0.0,1689,506,9812
6,10324,800,1.0,1690,506,9818
8,10332,801,1.0,1691,506,9826
10,10342,802,1.0,1692,506,9836
4,10346,802,0.0,1693,506,9840
8,10354,803,1.0,1694,506,9848
6,10360,804,1.0,1695,506,9854
6,10366,805,1.0,1696,506,9860
2,10368,805,0.0,1697,506,9862
6,10374,806,1.0,1698,506,9868
7,10381,806,0.0,1699,506,9875
6,10387,806,0.0,1700,506,9881
10,10397,807,1.0,1701,506,9891
8,10405,808,1.0,1702,506,9899
6,10411,808,0.0,1703,506,9905
2,10413,808,0.0,1704,506,9907
7,10420,808,0.0,1705,506,9914
8,10428,809,1.0,1706,506,9922
6,10434,810,1.0,1707,506,9928
7,10441,811,1.0,1708,506,9935
7,10448,812,1.0,1709,506,9942
4,10452,812,0.0,1710,506,9946
12,10464,813,1.0,1711,506,9958
2,10466,813,0.0,1712,506,9960
6,10472,813,0.0,1713,506,9966
4,10476,813,0.0,1714,506,9970
6,10482,814,1.0,1715,506,9976
10,10492,815,1.0,1716,506,9986
3,10495,815,0.0,1717,506,9989
6,10501,816,1.0,1718,506,9995
9,10510,816,0.0,1719,506,10004
9,10519,817,1.0,1720,506,10013
2,10521,817,0.0,1721,506,10015
2,10523,817,0.0,1722,506,10017
6,10529,818,1.0,1723,506,10023
6,10535,819,1.0,1724,506,10029
7,10542,820,1.0,1725,506,10036
5,10547,820,0.0,1726,506,10041
6,10553,821,1.0,1727,506,10047
3,10556,821,0.0,1728,506,10050
6,10562,821,0.0,1729,506,10056
13,10575,822,1.0,1730,506,10069
6,10581,823,1.0,1731,506,10075
5,10586,823,0.0,1732,506,10080
6,10592,824,1.0,1733,506,10086
6,10598,825,1.0,1734,506,10092
5,10603,825,0.0,1735,506,10097
11,10614,826,1.0,1736,506,10108
4,10618,826,0.0,1737,506,10112
7,10625,826,0.0,1738,506,10119
2,10627,826,0.0,1739,506,10121
4,10631,826,0.0,1740,506,10125
2,10633,826,0.0,1741,506,10127
10,10643,827,1.0,1742,506,10137
2,10645,827,0.0,1743,506,10139
7,10652,828,1.0,1744,506,10146
5,10657,828,0.0,1745,506,10151
8,10665,828,0.0,1746,506,10159
12,10677,829,1.0,1747,506,10171
3,10680,829,0.0,1748,506,10174
6,10686,830,1.0,1749,506,10180
9,10695,831,1.0,1750,506,10189
7,10702,831,0.0,1751,506,10196
12,10714,832,1.0,1752,506,10208
7,10721,833,1.0,1753,506,10215
6,10727,834,1.0,1754,506,10221
6,10733,835,1.0,1755,506,10227
6,10739,835,0.0,1756,506,10233
11,10750,836,1.0,1757,506,10244
7,10757,837,1.0,1758,506,10251
7,10764,838,1.0,1759,506,10258
4,10768,838,0.0,1760,506,10262
6,10774,839,1.0,1761,506,10268
7,10781,840,1.0,1762,506,10275
8,10789,841,1.0,1763,506,10283
14,10803,842,1.0,1764,506,10297
2,10805,842,0.0,1765,506,10299
5,10810,842,0.0,1766,506,10304
6,10816,843,1.0,1767,506,10310
11,10827,844,1.0,1768,506,10321
6,10833,845,1.0,1769,506,10327
6,10839,846,1.0,1770,506,10333
11,10850,847,1.0,1771,506,10344
4,10854,847,0.0,1772,506,10348
6,10860,848,1.0,1773,506,10354
16,10876,848,0.0,1774,506,10370
7,10883,849,1.0,1775,506,10377
4,10887,849,0.0,1776,506,10381
8,10895,850,1.0,1777,506,10389
6,10901,850,0.0,1778,506,10395
6,10907,851,1.0,1779,506,10401
6,10913,852,1.0,1780,506,10407
7,10920,852,0.0,1781,506,10414
2,10922,852,0.0,1782,506,10416
2,10924,852,0.0,1783,506,10418
6,10930,853,1.0,1784,506,10424
4,10934,853,0.0,1785,506,10428
8,10942,853,0.0,1786,506,10436
4,10946,853,0.0,1787,506,10440
6,10952,853,0.0,1788,506,10446
7,10959,853,0.0,1789,506,10453
11,10970,854,1.0,1790,506,10464
6,10976,855,1.0,1791,506,10470
2,10978,855,0.0,1792,506,10472
2,10980,855,0.0,1793,506,10474
6,10986,856,1.0,1794,506,10480
6,10992,857,1.0,1795,506,10486
5,10997,857,0.0,1796,506,10491
6,11003,858,1.0,1797,506,10497
2,11005,858,0.0,1798,506,10499
2,11007,858,0.0,1799,506,10501
2,11009,858,0.0,1800,506,10503
6,11015,859,1.0,1801,506,10509
6,11021,860,1.0,1802,506,10515
6,11027,860,0.0,1803,506,10521
10,11037,861,1.0,1804,506,10531
10,11047,861,0.0,1805,506,10541
20,11067,862,1.0,1806,506,10561
7,11074,863,1.0,1807,506,10568
6,11080,864,1.0,1808,506,10574
7,11087,865,1.0,1809,506,10581
7,11094,866,1.0,1810,506,10588
2,11096,866,0.0,1811,506,10590
7,11103,867,1.0,1812,506,10597
4,11107,867,0.0,1813,506,10601
6,11113,868,1.0,1814,506,10607
8,11121,869,1.0,1815,506,10615
8,11129,870,1.0,1816,506,10623
4,11133,870,0.0,1817,506,10627
8,11141,871,1.0,1818,506,10635
6,11147,871,0.0,1819,506,10641
6,11153,872,1.0,1820,506,10647
9,11162,873,1.0,1821,506,10656
11,11173,874,1.0,1822,506,10667
3,11176,874,0.0,1823,506,10670
5,11181,874,0.0,1824,506,10675
6,11187,875,1.0,1825,506,10681
7,11194,876,1.0,1826,506,10688
8,11202,877,1.0,1827,506,10696
6,11208,878,1.0,1828,506,10702
7,11215,878,0.0,1829,506,10709
6,11221,879,1.0,1830,506,10715
10,11231,879,0.0,1831,506,10725
6,11237,880,1.0,1832,506,10731
2,11239,880,0.0,1833,506,10733
10,11249,881,1.0,1834,506,10743
6,11255,882,1.0,1835,506,10749
4,11259,882,0.0,1836,506,10753
6,11265,883,1.0,1837,506,10759
9,11274,884,1.0,1838,506,10768
9,11283,885,1.0,1839,506,10777
7,11290,886,1.0,1840,506,10784
4,11294,886,0.0,1841,506,10788
5,11299,886,0.0,1842,506,10793
6,11305,887,1.0,1843,506,10799
6,11311,888,1.0,1844,506,10805
9,11320,889,1.0,1845,506,10814
3,11323,889,0.0,1846,506,10817
11,11334,890,1.0,1847,506,10828
2,11336,890,0.0,1848,506,10830
9,11345,890,0.0,1849,506,10839
6,11351,891,1.0,1850,506,10845
7,11358,891,0.0,1851,506,10852
4,11362,891,0.0,1852,506,10856
3,11365,891,0.0,1853,506,10859
6,11371,892,1.0,1854,506,10865
4,11375,892,0.0,1855,506,10869
5,11380,892,0.0,1856,506,10874
4,11384,892,0.0,1857,506,10878
6,11390,893,1.0,1858,506,10884
7,11397,893,0.0,1859,506,10891
7,11404,894,1.0,1860,506,10898
4,11408,894,0.0,1861,506,10902
11,11419,895,1.0,1862,506,10913
9,11428,896,1.0,1863,506,10922
6,11434,897,1.0,1864,506,10928
5,11439,897,0.0,1865,506,10933
4,11443,897,0.0,1866,506,10937
3,11446,897,0.0,1867,506,10940
8,11454,897,0.0,1868,506,10948
6,11460,898,1.0,1869,506,10954
6,11466,898,0.0,1870,506,10960
2,11468,898,0.0,1871,506,10962
5,11473,898,0.0,1872,506,10967
2,11475,898,0.0,1873,506,10969
2,11477,898,0.0,1874,506,10971
6,11483,899,1.0,1875,506,10977
6,11489,899,0.0,1876,506,10983
6,11495,900,1.0,1877,506,10989
2,11497,900,0.0,1878,506,10991
8,11505,901,1.0,1879,506,10999
7,11512,902,1.0,1880,506,11006
7,11519,903,1.0,1881,506,11013
4,11523,903,0.0,1882,506,11017
4,11527,903,0.0,1883,506,11021
3,11530,903,0.0,1884,506,11024
7,11537,904,1.0,1885,506,11031
6,11543,905,1.0,1886,506,11037
6,11549,906,1.0,1887,506,11043
7,11556,907,1.0,1888,506,11050
4,11560,907,0.0,1889,506,11054
7,11567,907,0.0,1890,506,11061
9,11576,908,1.0,1891,506,11070
6,11582,909,1.0,1892,506,11076
4,11586,909,0.0,1893,506,11080
7,11593,910,1.0,1894,506,11087
6,11599,911,1.0,1895,506,11093
6,11605,911,0.0,1896,506,11099
6,11611,912,1.0,1897,506,11105
6,11617,912,0.0,1898,506,11111
8,11625,913,1.0,1899,506,11119
10,11635,914,1.0,1900,506,11129
12,11647,915,1.0,1901,506,11141
9,11656,916,1.0,1902,506,11150
9,11665,917,1.0,1903,506,11159
10,11675,918,1.0,1904,506,11169
9,11684,919,1.0,1905,506,11178
9,11693,920,1.0,1906,506,11187
8,11701,921,1.0,1907,506,11195
2,11703,921,0.0,1908,506,11197
6,11709,922,1.0,1909,506,11203
7,11716,923,1.0,1910,506,11210
3,11719,923,0.0,1911,506,11213
4,11723,923,0.0,1912,506,11217
7,11730,924,1.0,1913,506,11224
8,11738,925,1.0,1914,506,11232
6,11744,926,1.0,1915,506,11238
10,11754,927,1.0,1916,506,11248
4,11758,927,0.0,1917,506,11252
3,11761,927,0.0,1918,506,11255
7,11768,928,1.0,1919,506,11262
4,11772,928,0.0,1920,506,11266
8,11780,929,1.0,1921,506,11274
6,11786,930,1.0,1922,506,11280
6,11792,931,1.0,1923,506,11286
7,11799,932,1.0,1924,506,11293
4,11803,932,0.0,1925,506,11297
7,11810,933,1.0,1926,506,11304
4,11814,933,0.0,1927,506,11308
5,11819,933,0.0,1928,506,11313
7,11826,933,0.0,1929,506,11320
7,11833,934,1.0,1930,506,11327
6,11839,935,1.0,1931,506,11333
8,11847,936,1.0,1932,506,11341
11,11858,937,1.0,1933,506,11352
6,11864,938,1.0,1934,506,11358
6,11870,939,1.0,1935,506,11364
10,11880,940,1.0,1936,506,11374
12,11892,941,1.0,1937,506,11386
9,11901,942,1.0,1938,506,11395
6,11907,942,0.0,1939,506,11401
8,11915,942,0.0,1940,506,11409
6,11921,943,1.0,1941,506,11415
8,11929,943,0.0,1942,506,11423
7,11936,944,1.0,1943,506,11430
7,11943,945,1.0,1944,506,11437
4,11947,945,0.0,1945,506,11441
7,11954,946,1.0,1946,506,11448
8,11962,947,1.0,1947,506,11456
8,11970,948,1.0,1948,506,11464
6,11976,949,1.0,1949,506,11470
2,11978,949,0.0,1950,506,11472
8,11986,950,1.0,1951,506,11480
4,11990,950,0.0,1952,506,11484
2,11992,950,0.0,1953,506,11486
7,11999,950,0.0,1954,506,11493
4,12003,950,0.0,1955,506,11497
9,12012,951,1.0,1956,506,11506
7,12019,951,0.0,1957,506,11513
8,12027,952,1.0,1958,506,11521
6,12033,953,1.0,1959,506,11527
4,12037,953,0.0,1960,506,11531
10,12047,954,1.0,1961,506,11541
6,12053,955,1.0,1962,506,11547
6,12059,956,1.0,1963,506,11553
6,12065,957,1.0,1964,506,11559
10,12075,957,0.0,1965,506,11569
8,12083,958,1.0,1966,506,11577
6,12089,959,1.0,1967,506,11583
7,12096,960,1.0,1968,506,11590
10,12106,961,1.0,1969,506,11600
6,12112,962,1.0,1970,506,11606
7,12119,963,1.0,1971,506,11613
6,12125,963,0.0,1972,506,11619
7,12132,964,1.0,1973,506,11626
13,12145,965,1.0,1974,506,11639
3,12148,965,0.0,1975,506,11642
9,12157,966,1.0,1976,506,11651
3,12160,966,0.0,1977,506,11654
6,12166,967,1.0,1978,506,11660
6,12172,967,0.0,1979,506,11666
2,12174,967,0.0,1980,506,11668
6,12180,968,1.0,1981,506,11674
4,12184,968,0.0,1982,506,11678
6,12190,969,1.0,1983,506,11684
6,12196,970,1.0,1984,506,11690
6,12202,971,1.0,1985,506,11696
8,12210,972,1.0,1986,506,11704
7,12217,973,1.0,1987,506,11711
15,12232,974,1.0,1988,506,11726
7,12239,974,0.0,1989,506,11733
8,12247,975,1.0,1990,506,11741
5,12252,975,0.0,1991,506,11746
2,12254,975,0.0,1992,506,11748
6,12260,976,1.0,1993,506,11754
3,12263,976,0.0,1994,506,11757
2,12265,976,0.0,1995,506,11759
6,12271,977,1.0,1996,506,11765
3,12274,977,0.0,1997,506,11768
6,12280,978,1.0,1998,506,11774
6,12286,979,1.0,1999,506,11780
8,12294,980,1.0,2000,506,11788
7,12301,980,0.0,2001,506,11795
10,12311,981,1.0,2002,506,11805
6,12317,982,1.0,2003,506,11811
6,12323,983,1.0,2004,506,11817
9,12332,984,1.0,2005,506,11826
6,12338,985,1.0,2006,506,11832
7,12345,986,1.0,2007,506,11839
7,12352,987,1.0,2008,506,11846
7,12359,988,1.0,2009,506,11853
8,12367,989,1.0,2010,506,11861
9,12376,990,1.0,2011,506,11870
6,12382,990,0.0,2012,506,11876
2,12384,990,0.0,2013,506,11878
2,12386,990,0.0,2014,506,11880
3,12389,990,0.0,2015,506,11883
6,12395,991,1.0,2016,506,11889
8,12403,991,0.0,2017,506,11897
6,12409,992,1.0,2018,506,11903
14,12423,993,1.0,2019,506,11917
6,12429,994,1.0,2020,506,11923
6,12435,995,1.0,2021,506,11929
4,12439,995,0.0,2022,506,11933
2,12441,995,0.0,2023,506,11935
8,12449,996,1.0,2024,506,11943
2,12451,996,0.0,2025,506,11945
2,12453,996,0.0,2026,506,11947
4,12457,996,0.0,2027,506,11951
4,12461,996,0.0,2028,506,11955
4,12465,996,0.0,2029,506,11959
8,12473,997,1.0,2030,506,11967
11,12484,998,1.0,2031,506,11978
6,12490,999,1.0,2032,506,11984
6,12496,1000,1.0,2033,506,11990
23,12519,1001,1.0,2034,506,12013
4,12523,1001,0.0,2035,506,12017
5,12528,1001,0.0,2036,506,12022
6,12534,1002,1.0,2037,506,12028
8,12542,1002,0.0,2038,506,12036
6,12548,1003,1.0,2039,506,12042
6,12554,1003,0.0,2040,506,12048
6,12560,1004,1.0,2041,506,12054
9,12569,1004,0.0,2042,506,12063
6,12575,1004,0.0,2043,506,12069
5,12580,1004,0.0,2044,506,12074
8,12588,1005,1.0,2045,506,12082
10,12598,1006,1.0,2046,506,12092
2,12600,1006,0.0,2047,506,12094
11,12611,1007,1.0,2048,506,12105
7,12618,1008,1.0,2049,506,12112
7,12625,1009,1.0,2050,506,12119
6,12631,1009,0.0,2051,506,12125
6,12637,1010,1.0,2052,506,12131
7,12644,1011,1.0,2053,506,12138
6,12650,1012,1.0,2054,506,12144
2,12652,1012,0.0,2055,506,12146
2,12654,1012,0.0,2056,506,12148
7,12661,1013,1.0,2057,506,12155
8,12669,1014,1.0,2058,506,12163
6,12675,1015,1.0,2059,506,12169
2,12677,1015,0.0,2060,506,12171
6,12683,1016,1.0,2061,506,12177
10,12693,1016,0.0,2062,506,12187
4,12697,1016,0.0,2063,506,12191
6,12703,1016,0.0,2064,506,12197
6,12709,1016,0.0,2065,506,12203
13,12722,1017,1.0,2066,506,12216
6,12728,1018,1.0,2067,506,12222
3,12731,1018,0.0,2068,506,12225
9,12740,1019,1.0,2069,506,12234
8,12748,1020,1.0,2070,506,12242
3,12751,1020,0.0,2071,506,12245
6,12757,1021,1.0,2072,506,12251
7,12764,1022,1.0,2073,506,12258
2,12766,1022,0.0,2074,506,12260
7,12773,1023,1.0,2075,506,12267
3,12776,1023,0.0,2076,506,12270
6,12782,1024,1.0,2077,506,12276
6,12788,1025,1.0,2078,506,12282
10,12798,1026,1.0,2079,506,12292
6,12804,1027,1.0,2080,506,12298
4,12808,1027,0.0,2081,506,12302
6,12814,1028,1.0,2082,506,12308
6,12820,1029,1.0,2083,506,12314
3,12823,1029,0.0,2084,506,12317
7,12830,1029,0.0,2085,506,12324
10,12840,1030,1.0,2086,506,12334
9,12849,1031,1.0,2087,506,12343
7,12856,1031,0.0,2088,506,12350
6,12862,1032,1.0,2089,506,12356
6,12868,1033,1.0,2090,506,12362
12,12880,1034,1.0,2091,506,12374
6,12886,1035,1.0,2092,506,12380
6,12892,1036,1.0,2093,506,12386
6,12898,1037,1.0,2094,506,12392
8,12906,1038,1.0,2095,506,12400
6,12912,1039,1.0,2096,506,12406
5,12917,1039,0.0,2097,506,12411
7,12924,1040,1.0,2098,506,12418
6,12930,1040,0.0,2099,506,12424
5,12935,1040,0.0,2100,506,12429
4,12939,1040,0.0,2101,506,12433
10,12949,1041,1.0,2102,506,12443
2,12951,1041,0.0,2103,506,12445
2,12953,1041,0.0,2104,506,12447
6,12959,1042,1.0,2105,506,12453
7,12966,1043,1.0,2106,506,12460
6,12972,1044,1.0,2107,506,12466
6,12978,1045,1.0,2108,506,12472
12,12990,1046,1.0,2109,506,12484
9,12999,1046,0.0,2110,506,12493
7,13006,1047,1.0,2111,506,12500
6,13012,1048,1.0,2112,506,12506
4,13016,1048,0.0,2113,506,12510
12,13028,1049,1.0,2114,506,12522
8,13036,1050,1.0,2115,506,12530
8,13044,1051,1.0,2116,506,12538
4,13048,1051,0.0,2117,506,12542
3,13051,1051,0.0,2118,506,12545
4,13055,1051,0.0,2119,506,12549
7,13062,1051,0.0,2120,506,12556
8,13070,1052,1.0,2121,506,12564
9,13079,1053,1.0,2122,506,12573
4,13083,1053,0.0,2123,506,12577
6,13089,1054,1.0,2124,506,12583
2,13091,1054,0.0,2125,506,12585
4,13095,1054,0.0,2126,506,12589
3,13098,1054,0.0,2127,506,12592
3,13101,1054,0.0,2128,506,12595
4,13105,1054,0.0,2129,506,12599
2,13107,1054,0.0,2130,506,12601
10,13117,1055,1.0,2131,506,12611
6,13123,1056,1.0,2132,506,12617
4,13127,1056,0.0,2133,506,12621
6,13133,1057,1.0,2134,506,12627
4,13137,1057,0.0,2135,506,12631
5,13142,1057,0.0,2136,506,12636
10,13152,1058,1.0,2137,506,12646
6,13158,1059,1.0,2138,506,12652
8,13166,1060,1.0,2139,506,12660
8,13174,1060,0.0,2140,506,12668
6,13180,1061,1.0,2141,506,12674
5,13185,1061,0.0,2142,506,12679
7,13192,1062,1.0,2143,506,12686
8,13200,1063,1.0,2144,506,12694
8,13208,1064,1.0,2145,506,12702
4,13212,1064,0.0,2146,506,12706
4,13216,1064,0.0,2147,506,12710
12,13228,1065,1.0,2148,506,12722
2,13230,1065,0.0,2149,506,12724
4,13234,1065,0.0,2150,506,12728
9,13243,1065,0.0,2151,506,12737
8,13251,1065,0.0,2152,506,12745
7,13258,1066,1.0,2153,506,12752
4,13262,1066,0.0,2154,506,12756
5,13267,1066,0.0,2155,506,12761
14,13281,1067,1.0,2156,506,12775
5,13286,1067,0.0,2157,506,12780
9,13295,1068,1.0,2158,506,12789
6,13301,1069,1.0,2159,506,12795
6,13307,1070,1.0,2160,506,12801
7,13314,1071,1.0,2161,506,12808
7,13321,1071,0.0,2162,506,12815
6,13327,1072,1.0,2163,506,12821
3,13330,1072,0.0,2164,506,12824
10,13340,1072,0.0,2165,506,12834
4,13344,1072,0.0,2166,506,12838
4,13348,1072,0.0,2167,506,12842
2,13350,1072,0.0,2168,506,12844
6,13356,1073,1.0,2169,506,12850
6,13362,1074,1.0,2170,506,12856
13,13375,1075,1.0,2171,506,12869
6,13381,1075,0.0,2172,506,12875
10,13391,1076,1.0,2173,506,12885
2,13393,1076,0.0,2174,506,12887
2,13395,1076,0.0,2175,506,12889
10,13405,1077,1.0,2176,506,12899
2,13407,1077,0.0,2177,506,12901
8,13415,1078,1.0,2178,506,12909
4,13419,1078,0.0,2179,506,12913
6,13425,1079,1.0,2180,506,12919
6,13431,1080,1.0,2181,506,12925
8,13439,1081,1.0,2182,506,12933
8,13447,1082,1.0,2183,506,12941
4,13451,1082,0.0,2184,506,12945
7,13458,1083,1.0,2185,506,12952
7,13465,1084,1.0,2186,506,12959
8,13473,1085,1.0,2187,506,12967
6,13479,1086,1.0,2188,506,12973
12,13491,1087,1.0,2189,506,12985
4,13495,1087,0.0,2190,506,12989
6,13501,1088,1.0,2191,506,12995
6,13507,1089,1.0,2192,506,13001
6,13513,1089,0.0,2193,506,13007
7,13520,1090,1.0,2194,506,13014
7,13527,1091,1.0,2195,506,13021
2,13529,1091,0.0,2196,506,13023
7,13536,1092,1.0,2197,506,13030
2,13538,1092,0.0,2198,506,13032
6,13544,1093,1.0,2199,506,13038
6,13550,1094,1.0,2200,506,13044
8,13558,1095,1.0,2201,506,13052
14,13572,1096,1.0,2202,506,13066
6,13578,1097,1.0,2203,506,13072
6,13584,1098,1.0,2204,506,13078
11,13595,1099,1.0,2205,506,13089
6,13601,1100,1.0,2206,506,13095
6,13607,1101,1.0,2207,506,13101
7,13614,1101,0.0,2208,506,13108
6,13620,1101,0.0,2209,506,13114
10,13630,1101,0.0,2210,506,13124
6,13636,1102,1.0,2211,506,13130
6,13642,1103,1.0,2212,506,13136
12,13654,1104,1.0,2213,506,13148
3,13657,1104,0.0,2214,506,13151
5,13662,1104,0.0,2215,506,13156
6,13668,1104,0.0,2216,506,13162
7,13675,1105,1.0,2217,506,13169
13,13688,1106,1.0,2218,506,13182
9,13697,1106,0.0,2219,506,13191
6,13703,1107,1.0,2220,506,13197
6,13709,1108,1.0,2221,506,13203
2,13711,1108,0.0,2222,506,13205
3,13714,1108,0.0,2223,506,13208
6,13720,1109,1.0,2224,506,13214
6,13726,1110,1.0,2225,506,13220
4,13730,1110,0.0,2226,506,13224
3,13733,1110,0.0,2227,506,13227
6,13739,1111,1.0,2228,506,13233
2,13741,1111,0.0,2229,506,13235
4,13745,1111,0.0,2230,506,13239
2,13747,1111,0.0,2231,506,13241
4,13751,1111,0.0,2232,506,13245
7,13758,1111,0.0,2233,506,13252
6,13764,1112,1.0,2234,506,13258
4,13768,1112,0.0,2235,506,13262
3,13771,1112,0.0,2236,506,13265
7,13778,1113,1.0,2237,506,13272
5,13783,1113,0.0,2238,506,13277
2,13785,1113,0.0,2239,506,13279
2,13787,1113,0.0,2240,506,13281
8,13795,1114,1.0,2241,506,13289
6,13801,1115,1.0,2242,506,13295
6,13807,1116,1.0,2243,506,13301
2,13809,1116,0.0,2244,506,13303
6,13815,1117,1.0,2245,506,13309
7,13822,1118,1.0,2246,506,13316
9,13831,1119,1.0,2247,506,13325
4,13835,1119,0.0,2248,506,13329
6,13841,1120,1.0,2249,506,13335
8,13849,1121,1.0,2250,506,13343
7,13856,1122,1.0,2251,506,13350
13,13869,1123,1.0,2252,506,13363
6,13875,1124,1.0,2253,506,13369
6,13881,1125,1.0,2254,506,13375
6,13887,1126,1.0,2255,506,13381
2,13889,1126,0.0,2256,506,13383
6,13895,1127,1.0,2257,506,13389
6,13901,1128,1.0,2258,506,13395
3,13904,1128,0.0,2259,506,13398
4,13908,1128,0.0,2260,506,13402
2,13910,1128,0.0,2261,506,13404
12,13922,1129,1.0,2262,506,13416
6,13928,1130,1.0,2263,506,13422
6,13934,1131,1.0,2264,506,13428
6,13940,1132,1.0,2265,506,13434
6,13946,1133,1.0,2266,506,13440
9,13955,1134,1.0,2267,506,13449
6,13961,1135,1.0,2268,506,13455
6,13967,1136,1.0,2269,506,13461
7,13974,1136,0.0,2270,506,13468
11,13985,1137,1.0,2271,506,13479
2,13987,1137,0.0,2272,506,13481
3,13990,1137,0.0,2273,506,13484
9,13999,1138,1.0,2274,506,13493
6,14005,1139,1.0,2275,506,13499
8,14013,1140,1.0,2276,506,13507
7,14020,1140,0.0,2277,506,13514
8,14028,1141,1.0,2278,506,13522
8,14036,1142,1.0,2279,506,13530
6,14042,1143,1.0,2280,506,13536
9,14051,1144,1.0,2281,506,13545
10,14061,1145,1.0,2282,506,13555
3,14064,1145,0.0,2283,506,13558
4,14068,1145,0.0,2284,506,13562
7,14075,1146,1.0,2285,506,13569
12,14087,1147,1.0,2286,506,13581
8,14095,1148,1.0,2287,506,13589
4,14099,1148,0.0,2288,506,13593
9,14108,1149,1.0,2289,506,13602
7,14115,1150,1.0,2290,506,13609
6,14121,1151,1.0,2291,506,13615
8,14129,1152,1.0,2292,506,13623
16,14145,1153,1.0,2293,506,13639
7,14152,1154,1.0,2294,506,13646
8,14160,1155,1.0,2295,506,13654
7,14167,1156,1.0,2296,506,13661
8,14175,1157,1.0,2297,506,13669
5,14180,1157,0.0,2298,506,13674
8,14188,1158,1.0,2299,506,13682
3,14191,1158,0.0,2300,506,13685
7,14198,1159,1.0,2301,506,13692
7,14205,1159,0.0,2302,506,13699
8,14213,1160,1.0,2303,506,13707
3,14216,1160,0.0,2304,506,13710
7,14223,1160,0.0,2305,506,13717
6,14229,1161,1.0,2306,506,13723
3,14232,1161,0.0,2307,506,13726
8,14240,1161,0.0,2308,506,13734
12,14252,1161,0.0,2309,506,13746
8,14260,1162,1.0,2310,506,13754
9,14269,1163,1.0,2311,506,13763
6,14275,1164,1.0,2312,506,13769
7,14282,1165,1.0,2313,506,13776
9,14291,1166,1.0,2314,506,13785
6,14297,1167,1.0,2315,506,13791
6,14303,1168,1.0,2316,506,13797
14,14317,1169,1.0,2317,506,13811
6,14323,1170,1.0,2318,506,13817
9,14332,1171,1.0,2319,506,13826
2,14334,1171,0.0,2320,506,13828
8,14342,1172,1.0,2321,506,13836
6,14348,1173,1.0,2322,506,13842
6,14354,1174,1.0,2323,506,13848
6,14360,1175,1.0,2324,506,13854
11,14371,1176,1.0,2325,506,13865
16,14387,1177,1.0,2326,506,13881
7,14394,1178,1.0,2327,506,13888
7,14401,1178,0.0,2328,506,13895
4,14405,1178,0.0,2329,506,13899
6,14411,1179,1.0,2330,506,13905
7,14418,1180,1.0,2331,506,13912
6,14424,1181,1.0,2332,506,13918
6,14430,1182,1.0,2333,506,13924
9,14439,1183,1.0,2334,506,13933
6,14445,1183,0.0,2335,506,13939
10,14455,1184,1.0,2336,506,13949
6,14461,1185,1.0,2337,506,13955
8,14469,1186,1.0,2338,506,13963
6,14475,1187,1.0,2339,506,13969
4,14479,1187,0.0,2340,506,13973
6,14485,1188,1.0,2341,506,13979
6,14491,1189,1.0,2342,506,13985
7,14498,1190,1.0,2343,506,13992
6,14504,1191,1.0,2344,506,13998
6,14510,1191,0.0,2345,506,14004
12,14522,1192,1.0,2346,506,14016
6,14528,1193,1.0,2347,506,14022
4,14532,1193,0.0,2348,506,14026
6,14538,1193,0.0,2349,506,14032
4,14542,1193,0.0,2350,506,14036
6,14548,1193,0.0,2351,506,14042
6,14554,1194,1.0,2352,506,14048
12,14566,1195,1.0,2353,506,14060
4,14570,1195,0.0,2354,506,14064
6,14576,1195,0.0,2355,506,14070
9,14585,1196,1.0,2356,506,14079
7,14592,1197,1.0,2357,506,14086
6,14598,1198,1.0,2358,506,14092
10,14608,1199,1.0,2359,506,14102
6,14614,1200,1.0,2360,506,14108
6,14620,1201,1.0,2361,506,14114
6,14626,1202,1.0,2362,506,14120
10,14636,1203,1.0,2363,506,14130
13,14649,1204,1.0,2364,506,14143
6,14655,1204,0.0,2365,506,14149
9,14664,1205,1.0,2366,506,14158
6,14670,1206,1.0,2367,506,14164
5,14675,1206,0.0,2368,506,14169
2,14677,1206,0.0,2369,506,14171
6,14683,1207,1.0,2370,506,14177
9,14692,1208,1.0,2371,506,14186
6,14698,1208,0.0,2372,506,14192
5,14703,1208,0.0,2373,506,14197
9,14712,1209,1.0,2374,506,14206
6,14718,1209,0.0,2375,506,14212
2,14720,1209,0.0,2376,506,14214
3,14723,1209,0.0,2377,506,14217
12,14735,1210,1.0,2378,506,14229
8,14743,1211,1.0,2379,506,14237
8,14751,1212,1.0,2380,506,14245
3,14754,1212,0.0,2381,506,14248
7,14761,1213,1.0,2382,506,14255
6,14767,1214,1.0,2383,506,14261
4,14771,1214,0.0,2384,506,14265
4,14775,1214,0.0,2385,506,14269
4,14779,1214,0.0,2386,506,14273
7,14786,1215,1.0,2387,506,14280
6,14792,1216,1.0,2388,506,14286
2,14794,1216,0.0,2389,506,14288
2,14796,1216,0.0,2390,506,14290
4,14800,1216,0.0,2391,506,14294
12,14812,1217,1.0,2392,506,14306
8,14820,1218,1.0,2393,506,14314
6,14826,1219,1.0,2394,506,14320
7,14833,1220,1.0,2395,506,14327
7,14840,1220,0.0,2396,506,14334
5,14845,1220,0.0,2397,506,14339
7,14852,1221,1.0,2398,506,14346
6,14858,1222,1.0,2399,506,14352
11,14869,1223,1.0,2400,506,14363
2,14871,1223,0.0,2401,506,14365
8,14879,1223,0.0,2402,506,14373
13,14892,1224,1.0,2403,506,14386
6,14898,1224,0.0,2404,506,14392
7,14905,1225,1.0,2405,506,14399
4,14909,1225,0.0,2406,506,14403
6,14915,1226,1.0,2407,506,14409
8,14923,1227,1.0,2408,506,14417
4,14927,1227,0.0,2409,506,14421
6,14933,1228,1.0,2410,506,14427
5,14938,1228,0.0,2411,506,14432
6,14944,1229,1.0,2412,506,14438
12,14956,1230,1.0,2413,506,14450
6,14962,1231,1.0,2414,506,14456
2,14964,1231,0.0,2415,506,14458
3,14967,1231,0.0,2416,506,14461
7,14974,1232,1.0,2417,506,14468
5,14979,1232,0.0,2418,506,14473
9,14988,1233,1.0,2419,506,14482
2,14990,1233,0.0,2420,506,14484
8,14998,1234,1.0,2421,506,14492
4,15002,1234,0.0,2422,506,14496
7,15009,1235,1.0,2423,506,14503
10,15019,1236,1.0,2424,506,14513
7,15026,1237,1.0,2425,506,14520
7,15033,1237,0.0,2426,506,14527
9,15042,1238,1.0,2427,506,14536
2,15044,1238,0.0,2428,506,14538
6,15050,1239,1.0,2429,506,14544
10,15060,1240,1.0,2430,506,14554
2,15062,1240,0.0,2431,506,14556
7,15069,1241,1.0,2432,506,14563
5,15074,1241,0.0,2433,506,14568
6,15080,1242,1.0,2434,506,14574
5,15085,1242,0.0,2435,506,14579
3,15088,1242,0.0,2436,506,14582
7,15095,1242,0.0,2437,506,14589
7,15102,1243,1.0,2438,506,14596
3,15105,1243,0.0,2439,506,14599
7,15112,1243,0.0,2440,506,14606
3,15115,1243,0.0,2441,506,14609
6,15121,1244,1.0,2442,506,14615
6,15127,1245,1.0,2443,506,14621
6,15133,1246,1.0,2444,506,14627
6,15139,1247,1.0,2445,506,14633
2,15141,1247,0.0,2446,506,14635
18,15159,1247,0.0,2447,506,14653
2,15161,1247,0.0,2448,506,14655
4,15165,1247,0.0,2449,506,14659
5,15170,1247,0.0,2450,506,14664
4,15174,1247,0.0,2451,506,14668
6,15180,1248,1.0,2452,506,14674
3,15183,1248,0.0,2453,506,14677
4,15187,1248,0.0,2454,506,14681
2,15189,1248,0.0,2455,506,14683
2,15191,1248,0.0,2456,506,14685
5,15196,1248,0.0,2457,506,14690
5,15201,1248,0.0,2458,506,14695
6,15207,1249,1.0,2459,506,14701
7,15214,1250,1.0,2460,506,14708
17,15231,1251,1.0,2461,506,14725
7,15238,1252,1.0,2462,506,14732
11,15249,1253,1.0,2463,506,14743
6,15255,1254,1.0,2464,506,14749
4,15259,1254,0.0,2465,506,14753
2,15261,1254,0.0,2466,506,14755
7,15268,1255,1.0,2467,506,14762
2,15270,1255,0.0,2468,506,14764
8,15278,1255,0.0,2469,506,14772
6,15284,1256,1.0,2470,506,14778
7,15291,1257,1.0,2471,506,14785
2,15293,1257,0.0,2472,506,14787
6,15299,1257,0.0,2473,506,14793
6,15305,1258,1.0,2474,506,14799
10,15315,1259,1.0,2475,506,14809
11,15326,1259,0.0,2476,506,14820
6,15332,1260,1.0,2477,506,14826
6,15338,1261,1.0,2478,506,14832
13,15351,1262,1.0,2479,506,14845
4,15355,1262,0.0,2480,506,14849
9,15364,1263,1.0,2481,506,14858
6,15370,1264,1.0,2482,506,14864
3,15373,1264,0.0,2483,506,14867
7,15380,1265,1.0,2484,506,14874
6,15386,1266,1.0,2485,506,14880
11,15397,1267,1.0,2486,506,14891
8,15405,1268,1.0,2487,506,14899
11,15416,1268,0.0,2488,506,14910
7,15423,1269,1.0,2489,506,14917
7,15430,1269,0.0,2490,506,14924
7,15437,1270,1.0,2491,506,14931
7,15444,1271,1.0,2492,506,14938
7,15451,1272,1.0,2493,506,14945
6,15457,1273,1.0,2494,506,14951
12,15469,1273,0.0,2495,506,14963
5,15474,1273,0.0,2496,506,14968
4,15478,1273,0.0,2497,506,14972
4,15482,1273,0.0,2498,506,14976
6,15488,1274,1.0,2499,506,14982
6,15494,1274,0.0,2500,506,14988
6,15500,1275,1.0,2501,506,14994
12,15512,1275,0.0,2502,506,15006
2,15514,1275,0.0,2503,506,15008
7,15521,1275,0.0,2504,506,15015
6,15527,1276,1.0,2505,506,15021
6,15533,1277,1.0,2506,506,15027
2,15535,1277,0.0,2507,506,15029
8,15543,1278,1.0,2508,506,15037
7,15550,1278,0.0,2509,506,15044
6,15556,1278,0.0,2510,506,15050
7,15563,1279,1.0,2511,506,15057
6,15569,1280,1.0,2512,506,15063
7,15576,1281,1.0,2513,506,15070
7,15583,1282,1.0,2514,506,15077
12,15595,1283,1.0,2515,506,15089
4,15599,1283,0.0,2516,506,15093
11,15610,1284,1.0,2517,506,15104
7,15617,1285,1.0,2518,506,15111
2,15619,1285,0.0,2519,506,15113
3,15622,1285,0.0,2520,506,15116
7,15629,1286,1.0,2521,506,15123
2,15631,1286,0.0,2522,506,15125
6,15637,1286,0.0,2523,506,15131
4,15641,1286,0.0,2524,506,15135
8,15649,1287,1.0,2525,506,15143
7,15656,1288,1.0,2526,506,15150
5,15661,1288,0.0,2527,506,15155
9,15670,1289,1.0,2528,506,15164
6,15676,1290,1.0,2529,506,15170
6,15682,1291,1.0,2530,506,15176
9,15691,1292,1.0,2531,506,15185
7,15698,1293,1.0,2532,506,15192
5,15703,1293,0.0,2533,506,15197
6,15709,1294,1.0,2534,506,15203
10,15719,1295,1.0,2535,506,15213
10,15729,1296,1.0,2536,506,15223
5,15734,1296,0.0,2537,506,15228
8,15742,1297,1.0,2538,506,15236
7,15749,1297,0.0,2539,506,15243
9,15758,1298,1.0,2540,506,15252
5,15763,1298,0.0,2541,506,15257
10,15773,1299,1.0,2542,506,15267
4,15777,1299,0.0,2543,506,15271
11,15788,1300,1.0,2544,506,15282
6,15794,1301,1.0,2545,506,15288
14,15808,1302,1.0,2546,506,15302
6,15814,1303,1.0,2547,506,15308
5,15819,1303,0.0,2548,506,15313
4,15823,1303,0.0,2549,506,15317
6,15829,1303,0.0,2550,506,15323
14,15843,1304,1.0,2551,506,15337
11,15854,1305,1.0,2552,506,15348
6,15860,1305,0.0,2553,506,15354
9,15869,1306,1.0,2554,506,15363
4,15873,1306,0.0,2555,506,15367
7,15880,1307,1.0,2556,506,15374
6,15886,1308,1.0,2557,506,15380
4,15890,1308,0.0,2558,506,15384
6,15896,1309,1.0,2559,506,15390
8,15904,1310,1.0,2560,506,15398
7,15911,1311,1.0,2561,506,15405
9,15920,1312,1.0,2562,506,15414
4,15924,1312,0.0,2563,506,15418
6,15930,1313,1.0,2564,506,15424
4,15934,1313,0.0,2565,506,15428
6,15940,1314,1.0,2566,506,15434
3,15943,1314,0.0,2567,506,15437
6,15949,1314,0.0,2568,506,15443
6,15955,1314,0.0,2569,506,15449
7,15962,1315,1.0,2570,506,15456
6,15968,1315,0.0,2571,506,15462
9,15977,1315,0.0,2572,506,15471
6,15983,1316,1.0,2573,506,15477
8,15991,1317,1.0,2574,506,15485
3,15994,1317,0.0,2575,506,15488
7,16001,1318,1.0,2576,506,15495
3,16004,1318,0.0,2577,506,15498
6,16010,1319,1.0,2578,506,15504
6,16016,1320,1.0,2579,506,15510
16,16032,1321,1.0,2580,506,15526
8,16040,1321,0.0,2581,506,15534
7,16047,1321,0.0,2582,506,15541
2,16049,1321,0.0,2583,506,15543
7,16056,1322,1.0,2584,506,15550
13,16069,1323,1.0,2585,506,15563
6,16075,1324,1.0,2586,506,15569
4,16079,1324,0.0,2587,506,15573
6,16085,1325,1.0,2588,506,15579
7,16092,1326,1.0,2589,506,15586
4,16096,1326,0.0,2590,506,15590
3,16099,1326,0.0,2591,506,15593
5,16104,1326,0.0,2592,506,15598
10,16114,1327,1.0,2593,506,15608
2,16116,1327,0.0,2594,506,15610
6,16122,1328,1.0,2595,506,15616
4,16126,1328,0.0,2596,506,15620
7,16133,1328,0.0,2597,506,15627
2,16135,1328,0.0,2598,506,15629
2,16137,1328,0.0,2599,506,15631
7,16144,1328,0.0,2600,506,15638
4,16148,1328,0.0,2601,506,15642
8,16156,1328,0.0,2602,506,15650
4,16160,1328,0.0,2603,506,15654
9,16169,1329,1.0,2604,506,15663
7,16176,1330,1.0,2605,506,15670
10,16186,1331,1.0,2606,506,15680
7,16193,1332,1.0,2607,506,15687
8,16201,1333,1.0,2608,506,15695
4,16205,1333,0.0,2609,506,15699
9,16214,1334,1.0,2610,506,15708
6,16220,1335,1.0,2611,506,15714
6,16226,1336,1.0,2612,506,15720
6,16232,1337,1.0,2613,506,15726
2,16234,1337,0.0,2614,506,15728
6,16240,1338,1.0,2615,506,15734
8,16248,1339,1.0,2616,506,15742
6,16254,1340,1.0,2617,506,15748
8,16262,1340,0.0,2618,506,15756
7,16269,1340,0.0,2619,506,15763
7,16276,1340,0.0,2620,506,15770
4,16280,1340,0.0,2621,506,15774
6,16286,1340,0.0,2622,506,15780
8,16294,1341,1.0,2623,506,15788
11,16305,1342,1.0,2624,506,15799
9,16314,1343,1.0,2625,506,15808
7,16321,1344,1.0,2626,506,15815
6,16327,1344,0.0,2627,506,15821
17,16344,1345,1.0,2628,506,15838
2,16346,1345,0.0,2629,506,15840
7,16353,1346,1.0,2630,506,15847
7,16360,1346,0.0,2631,506,15854
4,16364,1346,0.0,2632,506,15858
6,16370,1347,1.0,2633,506,15864
2,16372,1347,0.0,2634,506,15866
2,16374,1347,0.0,2635,506,15868
10,16384,1347,0.0,2636,506,15878
2,16386,1347,0.0,2637,506,15880
3,16389,1347,0.0,2638,506,15883
6,16395,1348,1.0,2639,506,15889
4,16399,1348,0.0,2640,506,15893
10,16409,1349,1.0,2641,506,15903
8,16417,1350,1.0,2642,506,15911
13,16430,1351,1.0,2643,506,15924
6,16436,1352,1.0,2644,506,15930
2,16438,1352,0.0,2645,506,15932
7,16445,1353,1.0,2646,506,15939
7,16452,1354,1.0,2647,506,15946
13,16465,1355,1.0,2648,506,15959
16,16481,1355,0.0,2649,506,15975
9,16490,1356,1.0,2650,506,15984
9,16499,1357,1.0,2651,506,15993
6,16505,1358,1.0,2652,506,15999
4,16509,1358,0.0,2653,506,16003
6,16515,1359,1.0,2654,506,16009
3,16518,1359,0.0,2655,506,16012
6,16524,1360,1.0,2656,506,16018
6,16530,1361,1.0,2657,506,16024
6,16536,1362,1.0,2658,506,16030
8,16544,1363,1.0,2659,506,16038
4,16548,1363,0.0,2660,506,16042
2,16550,1363,0.0,2661,506,16044
10,16560,1363,0.0,2662,506,16054
8,16568,1364,1.0,2663,506,16062
6,16574,1364,0.0,2664,506,16068
8,16582,1365,1.0,2665,506,16076
8,16590,1366,1.0,2666,506,16084
6,16596,1367,1.0,2667,506,16090
10,16606,1367,0.0,2668,506,16100
6,16612,1368,1.0,2669,506,16106
10,16622,1369,1.0,2670,506,16116
7,16629,1370,1.0,2671,506,16123
7,16636,1371,1.0,2672,506,16130
12,16648,1372,1.0,2673,506,16142
6,16654,1372,0.0,2674,506,16148
11,16665,1373,1.0,2675,506,16159
6,16671,1374,1.0,2676,506,16165
6,16677,1375,1.0,2677,506,16171
8,16685,1376,1.0,2678,506,16179
5,16690,1376,0.0,2679,506,16184
8,16698,1377,1.0,2680,506,16192
8,16706,1378,1.0,2681,506,16200
7,16713,1378,0.0,2682,506,16207
8,16721,1379,1.0,2683,506,16215
10,16731,1380,1.0,2684,506,16225
6,16737,1381,1.0,2685,506,16231
4,16741,1381,0.0,2686,506,16235
9,16750,1382,1.0,2687,506,16244
8,16758,1383,1.0,2688,506,16252
4,16762,1383,0.0,2689,506,16256
9,16771,1384,1.0,2690,506,16265
6,16777,1385,1.0,2691,506,16271
4,16781,1385,0.0,2692,506,16275
6,16787,1386,1.0,2693,506,16281
5,16792,1386,0.0,2694,506,16286
6,16798,1387,1.0,2695,506,16292
8,16806,1388,1.0,2696,506,16300
6,16812,1389,1.0,2697,506,16306
6,16818,1389,0.0,2698,506,16312
8,16826,1390,1.0,2699,506,16320
10,16836,1390,0.0,2700,506,16330
6,16842,1391,1.0,2701,506,16336
5,16847,1391,0.0,2702,506,16341
10,16857,1392,1.0,2703,506,16351
4,16861,1392,0.0,2704,506,16355
7,16868,1393,1.0,2705,506,16362
7,16875,1394,1.0,2706,506,16369
9,16884,1395,1.0,2707,506,16378
6,16890,1396,1.0,2708,506,16384
6,16896,1397,1.0,2709,506,16390
8,16904,1398,1.0,2710,506,16398
12,16916,1399,1.0,2711,506,16410
6,16922,1400,1.0,2712,506,16416
9,16931,1401,1.0,2713,506,16425
2,16933,1401,0.0,2714,506,16427
8,16941,1402,1.0,2715,506,16435
6,16947,1403,1.0,2716,506,16441
2,16949,1403,0.0,2717,506,16443
4,16953,1403,0.0,2718,506,16447
12,16965,1404,1.0,2719,506,16459
6,16971,1405,1.0,2720,506,16465
6,16977,1406,1.0,2721,506,16471
7,16984,1406,0.0,2722,506,16478
6,16990,1407,1.0,2723,506,16484
9,16999,1408,1.0,2724,506,16493
8,17007,1409,1.0,2725,506,16501
8,17015,1410,1.0,2726,506,16509
6,17021,1411,1.0,2727,506,16515
5,17026,1411,0.0,2728,506,16520
9,17035,1412,1.0,2729,506,16529
5,17040,1412,0.0,2730,506,16534
7,17047,1413,1.0,2731,506,16541
6,17053,1413,0.0,2732,506,16547
10,17063,1414,1.0,2733,506,16557
6,17069,1415,1.0,2734,506,16563
8,17077,1416,1.0,2735,506,16571
11,17088,1417,1.0,2736,506,16582
6,17094,1418,1.0,2737,506,16588
7,17101,1419,1.0,2738,506,16595
8,17109,1420,1.0,2739,506,16603
6,17115,1421,1.0,2740,506,16609
8,17123,1422,1.0,2741,506,16617
2,17125,1422,0.0,2742,506,16619
6,17131,1423,1.0,2743,506,16625
7,17138,1423,0.0,2744,506,16632
6,17144,1423,0.0,2745,506,16638
13,17157,1424,1.0,2746,506,16651
13,17170,1425,1.0,2747,506,16664
3,17173,1425,0.0,2748,506,16667
4,17177,1425,0.0,2749,506,16671
8,17185,1426,1.0,2750,506,16679
5,17190,1426,0.0,2751,506,16684
6,17196,1427,1.0,2752,506,16690
3,17199,1427,0.0,2753,506,16693
10,17209,1428,1.0,2754,506,16703
5,17214,1428,0.0,2755,506,16708
7,17221,1429,1.0,2756,506,16715
8,17229,1430,1.0,2757,506,16723
6,17235,1431,1.0,2758,506,16729
6,17241,1432,1.0,2759,506,16735
3,17244,1432,0.0,2760,506,16738
11,17255,1432,0.0,2761,506,16749
8,17263,1433,1.0,2762,506,16757
4,17267,1433,0.0,2763,506,16761
10,17277,1434,1.0,2764,506,16771
11,17288,1435,1.0,2765,506,16782
6,17294,1436,1.0,2766,506,16788
13,17307,1436,0.0,2767,506,16801
4,17311,1436,0.0,2768,506,16805
6,17317,1437,1.0,2769,506,16811
6,17323,1438,1.0,2770,506,16817
8,17331,1439,1.0,2771,506,16825
10,17341,1440,1.0,2772,506,16835
6,17347,1441,1.0,2773,506,16841
4,17351,1441,0.0,2774,506,16845
6,17357,1441,0.0,2775,506,16851
5,17362,1441,0.0,2776,506,16856
6,17368,1442,1.0,2777,506,16862
6,17374,1443,1.0,2778,506,16868
6,17380,1444,1.0,2779,506,16874
6,17386,1445,1.0,2780,506,16880
8,17394,1446,1.0,2781,506,16888
8,17402,1447,1.0,2782,506,16896
7,17409,1448,1.0,2783,506,16903
4,17413,1448,0.0,2784,506,16907
8,17421,1449,1.0,2785,506,16915
4,17425,1449,0.0,2786,506,16919
6,17431,1450,1.0,2787,506,16925
3,17434,1450,0.0,2788,506,16928
8,17442,1451,1.0,2789,506,16936
6,17448,1452,1.0,2790,506,16942
10,17458,1453,1.0,2791,506,16952
6,17464,1454,1.0,2792,506,16958
3,17467,1454,0.0,2793,506,16961
7,17474,1455,1.0,2794,506,16968
8,17482,1456,1.0,2795,506,16976
5,17487,1456,0.0,2796,506,16981
4,17491,1456,0.0,2797,506,16985
4,17495,1456,0.0,2798,506,16989
9,17504,1457,1.0,2799,506,16998
2,17506,1457,0.0,2800,506,17000
6,17512,1458,1.0,2801,506,17006
14,17526,1459,1.0,2802,506,17020
6,17532,1460,1.0,2803,506,17026
8,17540,1461,1.0,2804,506,17034
8,17548,1462,1.0,2805,506,17042
9,17557,1463,1.0,2806,506,17051
5,17562,1463,0.0,2807,506,17056
2,17564,1463,0.0,2808,506,17058
6,17570,1464,1.0,2809,506,17064
6,17576,1465,1.0,2810,506,17070
3,17579,1465,0.0,2811,506,17073
7,17586,1466,1.0,2812,506,17080
9,17595,1467,1.0,2813,506,17089
7,17602,1468,1.0,2814,506,17096
6,17608,1469,1.0,2815,506,17102
6,17614,1470,1.0,2816,506,17108
9,17623,1471,1.0,2817,506,17117
6,17629,1472,1.0,2818,506,17123
10,17639,1472,0.0,2819,506,17133
9,17648,1472,0.0,2820,506,17142
8,17656,1472,0.0,2821,506,17150
2,17658,1472,0.0,2822,506,17152
6,17664,1473,1.0,2823,506,17158
11,17675,1474,1.0,2824,506,17169
6,17681,1475,1.0,2825,506,17175
6,17687,1476,1.0,2826,506,17181
6,17693,1477,1.0,2827,506,17187
2,17695,1477,0.0,2828,506,17189
10,17705,1478,1.0,2829,506,17199
7,17712,1478,0.0,2830,506,17206
10,17722,1479,1.0,2831,506,17216
6,17728,1480,1.0,2832,506,17222
4,17732,1480,0.0,2833,506,17226
8,17740,1480,0.0,2834,506,17234
8,17748,1481,1.0,2835,506,17242
2,17750,1481,0.0,2836,506,17244
8,17758,1482,1.0,2837,506,17252
4,17762,1482,0.0,2838,506,17256
5,17767,1482,0.0,2839,506,17261
6,17773,1483,1.0,2840,506,17267
8,17781,1484,1.0,2841,506,17275
10,17791,1485,1.0,2842,506,17285
6,17797,1486,1.0,2843,506,17291
6,17803,1487,1.0,2844,506,17297
3,17806,1487,0.0,2845,506,17300
10,17816,1488,1.0,2846,506,17310
4,17820,1488,0.0,2847,506,17314
6,17826,1488,0.0,2848,506,17320
8,17834,1489,1.0,2849,506,17328
8,17842,1489,0.0,2850,506,17336
6,17848,1490,1.0,2851,506,17342
6,17854,1491,1.0,2852,506,17348
6,17860,1492,1.0,2853,506,17354
10,17870,1493,1.0,2854,506,17364
7,17877,1494,1.0,2855,506,17371
6,17883,1495,1.0,2856,506,17377
3,17886,1495,0.0,2857,506,17380
2,17888,1495,0.0,2858,506,17382
6,17894,1495,0.0,2859,506,17388
8,17902,1496,1.0,2860,506,17396
2,17904,1496,0.0,2861,506,17398
7,17911,1497,1.0,2862,506,17405
8,17919,1498,1.0,2863,506,17413
6,17925,1499,1.0,2864,506,17419
6,17931,1500,1.0,2865,506,17425
8,17939,1501,1.0,2866,506,17433
8,17947,1502,1.0,2867,506,17441
6,17953,1503,1.0,2868,506,17447
2,17955,1503,0.0,2869,506,17449
5,17960,1503,0.0,2870,506,17454
4,17964,1503,0.0,2871,506,17458
9,17973,1504,1.0,2872,506,17467
8,17981,1505,1.0,2873,506,17475
4,17985,1505,0.0,2874,506,17479
6,17991,1506,1.0,2875,506,17485
6,17997,1507,1.0,2876,506,17491
7,18004,1507,0.0,2877,506,17498
6,18010,1507,0.0,2878,506,17504
10,18020,1508,1.0,2879,506,17514
2,18022,1508,0.0,2880,506,17516
10,18032,1509,1.0,2881,506,17526
5,18037,1509,0.0,2882,506,17531
4,18041,1509,0.0,2883,506,17535
7,18048,1510,1.0,2884,506,17542
2,18050,1510,0.0,2885,506,17544
7,18057,1511,1.0,2886,506,17551
7,18064,1512,1.0,2887,506,17558
2,18066,1512,0.0,2888,506,17560
6,18072,1513,1.0,2889,506,17566
3,18075,1513,0.0,2890,506,17569
8,18083,1514,1.0,2891,506,17577
6,18089,1515,1.0,2892,506,17583
4,18093,1515,0.0,2893,506,17587
11,18104,1516,1.0,2894,506,17598
7,18111,1517,1.0,2895,506,17605
6,18117,1518,1.0,2896,506,17611
12,18129,1519,1.0,2897,506,17623
9,18138,1519,0.0,2898,506,17632
3,18141,1519,0.0,2899,506,17635
7,18148,1520,1.0,2900,506,17642
6,18154,1521,1.0,2901,506,17648
9,18163,1522,1.0,2902,506,17657
3,18166,1522,0.0,2903,506,17660
8,18174,1523,1.0,2904,506,17668
6,18180,1524,1.0,2905,506,17674
6,18186,1525,1.0,2906,506,17680
7,18193,1526,1.0,2907,506,17687
6,18199,1527,1.0,2908,506,17693
2,18201,1527,0.0,2909,506,17695
10,18211,1528,1.0,2910,506,17705
7,18218,1529,1.0,2911,506,17712
10,18228,1530,1.0,2912,506,17722
7,18235,1531,1.0,2913,506,17729
8,18243,1532,1.0,2914,506,17737
6,18249,1532,0.0,2915,506,17743
7,18256,1533,1.0,2916,506,17750
6,18262,1534,1.0,2917,506,17756
6,18268,1535,1.0,2918,506,17762
6,18274,1535,0.0,2919,506,17768
4,18278,1535,0.0,2920,506,17772
6,18284,1536,1.0,2921,506,17778
4,18288,1536,0.0,2922,506,17782
6,18294,1537,1.0,2923,506,17788
6,18300,1538,1.0,2924,506,17794
9,18309,1539,1.0,2925,506,17803
9,18318,1540,1.0,2926,506,17812
6,18324,1540,0.0,2927,506,17818
6,18330,1540,0.0,2928,506,17824
6,18336,1541,1.0,2929,506,17830
4,18340,1541,0.0,2930,506,17834
6,18346,1542,1.0,2931,506,17840
2,18348,1542,0.0,2932,506,17842
16,18364,1543,1.0,2933,506,17858
8,18372,1544,1.0,2934,506,17866
8,18380,1545,1.0,2935,506,17874
2,18382,1545,0.0,2936,506,17876
4,18386,1545,0.0,2937,506,17880
6,18392,1546,1.0,2938,506,17886
3,18395,1546,0.0,2939,506,17889
3,18398,1546,0.0,2940,506,17892
7,18405,1547,1.0,2941,506,17899
8,18413,1548,1.0,2942,506,17907
4,18417,1548,0.0,2943,506,17911
6,18423,1549,1.0,2944,506,17917
4,18427,1549,0.0,2945,506,17921
4,18431,1549,0.0,2946,506,17925
7,18438,1550,1.0,2947,506,17932
4,18442,1550,0.0,2948,506,17936
8,18450,1551,1.0,2949,506,17944
10,18460,1551,0.0,2950,506,17954
7,18467,1552,1.0,2951,506,17961
10,18477,1553,1.0,2952,506,17971
6,18483,1554,1.0,2953,506,17977
4,18487,1554,0.0,2954,506,17981
6,18493,1555,1.0,2955,506,17987
5,18498,1555,0.0,2956,506,17992
9,18507,1556,1.0,2957,506,18001
2,18509,1556,0.0,2958,506,18003
11,18520,1557,1.0,2959,506,18014
4,18524,1557,0.0,2960,506,18018
10,18534,1557,0.0,2961,506,18028
8,18542,1558,1.0,2962,506,18036
7,18549,1559,1.0,2963,506,18043
4,18553,1559,0.0,2964,506,18047
8,18561,1560,1.0,2965,506,18055
13,18574,1561,1.0,2966,506,18068
2,18576,1561,0.0,2967,506,18070
16,18592,1561,0.0,2968,506,18086
6,18598,1562,1.0,2969,506,18092
7,18605,1563,1.0,2970,506,18099
8,18613,1563,0.0,2971,506,18107
4,18617,1563,0.0,2972,506,18111
5,18622,1563,0.0,2973,506,18116
4,18626,1563,0.0,2974,506,18120
7,18633,1563,0.0,2975,506,18127
19,18652,1564,1.0,2976,506,18146
7,18659,1565,1.0,2977,506,18153
7,18666,1566,1.0,2978,506,18160
4,18670,1566,0.0,2979,506,18164
6,18676,1567,1.0,2980,506,18170
6,18682,1568,1.0,2981,506,18176
10,18692,1568,0.0,2982,506,18186
4,18696,1568,0.0,2983,506,18190
4,18700,1568,0.0,2984,506,18194
7,18707,1569,1.0,2985,506,18201
6,18713,1570,1.0,2986,506,18207
12,18725,1571,1.0,2987,506,18219
6,18731,1572,1.0,2988,506,18225
6,18737,1572,0.0,2989,506,18231
4,18741,1572,0.0,2990,506,18235
3,18744,1572,0.0,2991,506,18238
12,18756,1573,1.0,2992,506,18250
6,18762,1574,1.0,2993,506,18256
2,18764,1574,0.0,2994,506,18258
10,18774,1575,1.0,2995,506,18268
5,18779,1575,0.0,2996,506,18273
8,18787,1575,0.0,2997,506,18281
4,18791,1575,0.0,2998,506,18285
2,18793,1575,0.0,2999,506,18287
2,18795,1575,0.0,3000,506,18289
6,18801,1576,1.0,3001,506,18295
7,18808,1577,1.0,3002,506,18302
2,18810,1577,0.0,3003,506,18304
6,18816,1578,1.0,3004,506,18310
7,18823,1578,0.0,3005,506,18317
9,18832,1578,0.0,3006,506,18326
16,18848,1578,0.0,3007,506,18342
6,18854,1579,1.0,3008,506,18348
8,18862,1580,1.0,3009,506,18356
8,18870,1581,1.0,3010,506,18364
7,18877,1582,1.0,3011,506,18371
6,18883,1583,1.0,3012,506,18377
6,18889,1584,1.0,3013,506,18383
6,18895,1585,1.0,3014,506,18389
9,18904,1586,1.0,3015,506,18398
7,18911,1587,1.0,3016,506,18405
7,18918,1588,1.0,3017,506,18412
6,18924,1589,1.0,3018,506,18418
9,18933,1590,1.0,3019,506,18427
9,18942,1591,1.0,3020,506,18436
3,18945,1591,0.0,3021,506,18439
6,18951,1592,1.0,3022,506,18445
5,18956,1592,0.0,3023,506,18450
7,18963,1593,1.0,3024,506,18457
8,18971,1593,0.0,3025,506,18465
2,18973,1593,0.0,3026,506,18467
10,18983,1594,1.0,3027,506,18477
7,18990,1595,1.0,3028,506,18484
2,18992,1595,0.0,3029,506,18486
7,18999,1596,1.0,3030,506,18493
6,19005,1597,1.0,3031,506,18499
9,19014,1598,1.0,3032,506,18508
7,19021,1599,1.0,3033,506,18515
6,19027,1600,1.0,3034,506,18521
8,19035,1601,1.0,3035,506,18529
6,19041,1602,1.0,3036,506,18535
6,19047,1603,1.0,3037,506,18541
6,19053,1604,1.0,3038,506,18547
7,19060,1604,0.0,3039,506,18554
4,19064,1604,0.0,3040,506,18558
6,19070,1604,0.0,3041,506,18564
7,19077,1605,1.0,3042,506,18571
6,19083,1606,1.0,3043,506,18577
8,19091,1607,1.0,3044,506,18585
11,19102,1608,1.0,3045,506,18596
4,19106,1608,0.0,3046,506,18600
8,19114,1609,1.0,3047,506,18608
9,19123,1610,1.0,3048,506,18617
7,19130,1611,1.0,3049,506,18624
4,19134,1611,0.0,3050,506,18628
13,19147,1612,1.0,3051,506,18641
4,19151,1612,0.0,3052,506,18645
7,19158,1613,1.0,3053,506,18652
6,19164,1614,1.0,3054,506,18658
3,19167,1614,0.0,3055,506,18661
6,19173,1615,1.0,3056,506,18667
6,19179,1616,1.0,3057,506,18673
6,19185,1617,1.0,3058,506,18679
6,19191,1618,1.0,3059,506,18685
6,19197,1619,1.0,3060,506,18691
4,19201,1619,0.0,3061,506,18695
4,19205,1619,0.0,3062,506,18699
13,19218,1620,1.0,3063,506,18712
4,19222,1620,0.0,3064,506,18716
10,19232,1621,1.0,3065,506,18726
11,19243,1622,1.0,3066,506,18737
7,19250,1623,1.0,3067,506,18744
5,19255,1623,0.0,3068,506,18749
6,19261,1623,0.0,3069,506,18755
6,19267,1624,1.0,3070,506,18761
2,19269,1624,0.0,3071,506,18763
2,19271,1624,0.0,3072,506,18765
6,19277,1625,1.0,3073,506,18771
3,19280,1625,0.0,3074,506,18774
6,19286,1626,1.0,3075,506,18780
11,19297,1627,1.0,3076,506,18791
7,19304,1628,1.0,3077,506,18798
9,19313,1629,1.0,3078,506,18807
7,19320,1630,1.0,3079,506,18814
9,19329,1630,0.0,3080,506,18823
9,19338,1631,1.0,3081,506,18832
6,19344,1632,1.0,3082,506,18838
9,19353,1632,0.0,3083,506,18847
6,19359,1633,1.0,3084,506,18853
4,19363,1633,0.0,3085,506,18857
7,19370,1634,1.0,3086,506,18864
13,19383,1635,1.0,3087,506,18877
9,19392,1636,1.0,3088,506,18886
5,19397,1636,0.0,3089,506,18891
6,19403,1636,0.0,3090,506,18897
9,19412,1637,1.0,3091,506,18906
7,19419,1638,1.0,3092,506,18913
2,19421,1638,0.0,3093,506,18915
7,19428,1639,1.0,3094,506,18922
6,19434,1640,1.0,3095,506,18928
6,19440,1640,0.0,3096,506,18934
7,19447,1641,1.0,3097,506,18941
6,19453,1642,1.0,3098,506,18947
6,19459,1643,1.0,3099,506,18953
2,19461,1643,0.0,3100,506,18955
2,19463,1643,0.0,3101,506,18957
6,19469,1644,1.0,3102,506,18963
6,19475,1645,1.0,3103,506,18969
3,19478,1645,0.0,3104,506,18972
6,19484,1646,1.0,3105,506,18978
4,19488,1646,0.0,3106,506,18982
9,19497,1646,0.0,3107,506,18991
3,19500,1646,0.0,3108,506,18994
2,19502,1646,0.0,3109,506,18996
11,19513,1647,1.0,3110,506,19007
9,19522,1648,1.0,3111,506,19016
7,19529,1649,1.0,3112,506,19023
5,19534,1649,0.0,3113,506,19028
4,19538,1649,0.0,3114,506,19032
2,19540,1649,0.0,3115,506,19034
4,19544,1649,0.0,3116,506,19038
6,19550,1650,1.0,3117,506,19044
8,19558,1651,1.0,3118,506,19052
6,19564,1652,1.0,3119,506,19058
3,19567,1652,0.0,3120,506,19061
10,19577,1653,1.0,3121,506,19071
6,19583,1654,1.0,3122,506,19077
7,19590,1655,1.0,3123,506,19084
7,19597,1656,1.0,3124,506,19091
7,19604,1657,1.0,3125,506,19098
3,19607,1657,0.0,3126,506,19101
9,19616,1658,1.0,3127,506,19110
4,19620,1658,0.0,3128,506,19114
4,19624,1658,0.0,3129,506,19118
9,19633,1659,1.0,3130,506,19127
10,19643,1659,0.0,3131,506,19137
2,19645,1659,0.0,3132,506,19139
7,19652,1659,0.0,3133,506,19146
5,19657,1659,0.0,3134,506,19151
2,19659,1659,0.0,3135,506,19153
4,19663,1659,0.0,3136,506,19157
10,19673,1660,1.0,3137,506,19167
9,19682,1661,1.0,3138,506,19176
8,19690,1662,1.0,3139,506,19184
7,19697,1663,1.0,3140,506,19191
4,19701,1663,0.0,3141,506,19195
8,19709,1663,0.0,3142,506,19203
7,19716,1664,1.0,3143,506,19210
7,19723,1665,1.0,3144,506,19217
5,19728,1665,0.0,3145,506,19222
7,19735,1666,1.0,3146,506,19229
4,19739,1666,0.0,3147,506,19233
6,19745,1667,1.0,3148,506,19239
2,19747,1667,0.0,3149,506,19241
6,19753,1668,1.0,3150,506,19247
6,19759,1668,0.0,3151,506,19253
11,19770,1669,1.0,3152,506,19264
16,19786,1670,1.0,3153,506,19280
6,19792,1671,1.0,3154,506,19286
6,19798,1672,1.0,3155,506,19292
10,19808,1673,1.0,3156,506,19302
4,19812,1673,0.0,3157,506,19306
10,19822,1674,1.0,3158,506,19316
6,19828,1675,1.0,3159,506,19322
2,19830,1675,0.0,3160,506,19324
3,19833,1675,0.0,3161,506,19327
4,19837,1675,0.0,3162,506,19331
2,19839,1675,0.0,3163,506,19333
6,19845,1676,1.0,3164,506,19339
10,19855,1677,1.0,3165,506,19349
9,19864,1678,1.0,3166,506,19358
8,19872,1679,1.0,3167,506,19366
3,19875,1679,0.0,3168,506,19369
7,19882,1680,1.0,3169,506,19376
4,19886,1680,0.0,3170,506,19380
6,19892,1681,1.0,3171,506,19386
6,19898,1681,0.0,3172,506,19392
9,19907,1682,1.0,3173,506,19401
8,19915,1683,1.0,3174,506,19409
10,19925,1684,1.0,3175,506,19419
7,19932,1685,1.0,3176,506,19426
6,19938,1686,1.0,3177,506,19432
8,19946,1687,1.0,3178,506,19440
9,19955,1687,0.0,3179,506,19449
5,19960,1687,0.0,3180,506,19454
8,19968,1688,1.0,3181,506,19462
7,19975,1689,1.0,3182,506,19469
4,19979,1689,0.0,3183,506,19473
8,19987,1689,0.0,3184,506,19481
5,19992,1689,0.0,3185,506,19486
2,19994,1689,0.0,3186,506,19488
6,20000,1689,0.0,3187,506,19494
4,20004,1689,0.0,3188,506,19498
8,20012,1690,1.0,3189,506,19506
8,20020,1691,1.0,3190,506,19514
4,20024,1691,0.0,3191,506,19518
8,20032,1692,1.0,3192,506,19526
8,20040,1692,0.0,3193,506,19534
9,20049,1692,0.0,3194,506,19543
6,20055,1692,0.0,3195,506,19549
5,20060,1692,0.0,3196,506,19554
8,20068,1693,1.0,3197,506,19562
3,20071,1693,0.0,3198,506,19565
3,20074,1693,0.0,3199,506,19568
8,20082,1693,0.0,3200,506,19576
8,20090,1693,0.0,3201,506,19584
2,20092,1693,0.0,3202,506,19586
6,20098,1694,1.0,3203,506,19592
8,20106,1695,1.0,3204,506,19600
7,20113,1696,1.0,3205,506,19607
9,20122,1697,1.0,3206,506,19616
5,20127,1697,0.0,3207,506,19621
5,20132,1697,0.0,3208,506,19626
6,20138,1698,1.0,3209,506,19632
7,20145,1699,1.0,3210,506,19639
7,20152,1700,1.0,3211,506,19646
5,20157,1700,0.0,3212,506,19651
6,20163,1701,1.0,3213,506,19657
11,20174,1702,1.0,3214,506,19668
4,20178,1702,0.0,3215,506,19672
7,20185,1703,1.0,3216,506,19679
6,20191,1703,0.0,3217,506,19685
6,20197,1703,0.0,3218,506,19691
3,20200,1703,0.0,3219,506,19694
9,20209,1704,1.0,3220,506,19703
6,20215,1704,0.0,3221,506,19709
2,20217,1704,0.0,3222,506,19711
6,20223,1705,1.0,3223,506,19717
2,20225,1705,0.0,3224,506,19719
6,20231,1706,1.0,3225,506,19725
6,20237,1707,1.0,3226,506,19731
6,20243,1708,1.0,3227,506,19737
3,20246,1708,0.0,3228,506,19740
4,20250,1708,0.0,3229,506,19744
6,20256,1709,1.0,3230,506,19750
6,20262,1710,1.0,3231,506,19756
8,20270,1711,1.0,3232,506,19764
10,20280,1712,1.0,3233,506,19774
7,20287,1713,1.0,3234,506,19781
6,20293,1714,1.0,3235,506,19787
7,20300,1714,0.0,3236,506,19794
5,20305,1714,0.0,3237,506,19799
21,20326,1715,1.0,3238,506,19820
2,20328,1715,0.0,3239,506,19822
8,20336,1716,1.0,3240,506,19830
9,20345,1716,0.0,3241,506,19839
7,20352,1717,1.0,3242,506,19846
6,20358,1718,1.0,3243,506,19852
6,20364,1719,1.0,3244,506,19858
4,20368,1719,0.0,3245,506,19862
8,20376,1720,1.0,3246,506,19870
8,20384,1721,1.0,3247,506,19878
3,20387,1721,0.0,3248,506,19881
3,20390,1721,0.0,3249,506,19884
5,20395,1721,0.0,3250,506,19889
7,20402,1721,0.0,3251,506,19896
5,20407,1721,0.0,3252,506,19901
8,20415,1722,1.0,3253,506,19909
9,20424,1723,1.0,3254,506,19918
6,20430,1723,0.0,3255,506,19924
9,20439,1724,1.0,3256,506,19933
5,20444,1724,0.0,3257,506,19938
4,20448,1724,0.0,3258,506,19942
4,20452,1724,0.0,3259,506,19946
2,20454,1724,0.0,3260,506,19948
9,20463,1725,1.0,3261,506,19957
8,20471,1726,1.0,3262,506,19965
7,20478,1727,1.0,3263,506,19972
7,20485,1727,0.0,3264,506,19979
8,20493,1728,1.0,3265,506,19987
10,20503,1729,1.0,3266,506,19997
2,20505,1729,0.0,3267,506,19999
8,20513,1729,0.0,3268,506,20007
4,20517,1729,0.0,3269,506,20011
6,20523,1730,1.0,3270,506,20017
6,20529,1731,1.0,3271,506,20023
6,20535,1732,1.0,3272,506,20029
2,20537,1732,0.0,3273,506,20031
6,20543,1733,1.0,3274,506,20037
6,20549,1734,1.0,3275,506,20043
6,20555,1735,1.0,3276,506,20049
2,20557,1735,0.0,3277,506,20051
12,20569,1736,1.0,3278,506,20063
4,20573,1736,0.0,3279,506,20067
10,20583,1737,1.0,3280,506,20077
9,20592,1738,1.0,3281,506,20086
2,20594,1738,0.0,3282,506,20088
10,20604,1739,1.0,3283,506,20098
6,20610,1739,0.0,3284,506,20104
6,20616,1740,1.0,3285,506,20110
7,20623,1741,1.0,3286,506,20117
4,20627,1741,0.0,3287,506,20121
6,20633,1742,1.0,3288,506,20127
6,20639,1743,1.0,3289,506,20133
9,20648,1744,1.0,3290,506,20142
9,20657,1745,1.0,3291,506,20151
8,20665,1746,1.0,3292,506,20159
10,20675,1747,1.0,3293,506,20169
9,20684,1748,1.0,3294,506,20178
8,20692,1749,1.0,3295,506,20186
6,20698,1750,1.0,3296,506,20192
4,20702,1750,0.0,3297,506,20196
10,20712,1751,1.0,3298,506,20206
6,20718,1751,0.0,3299,506,20212
7,20725,1752,1.0,3300,506,20219
6,20731,1753,1.0,3301,506,20225
7,20738,1754,1.0,3302,506,20232
7,20745,1755,1.0,3303,506,20239
4,20749,1755,0.0,3304,506,20243
6,20755,1756,1.0,3305,506,20249
6,20761,1757,1.0,3306,506,20255
2,20763,1757,0.0,3307,506,20257
6,20769,1757,0.0,3308,506,20263
4,20773,1757,0.0,3309,506,20267
2,20775,1757,0.0,3310,506,20269
7,20782,1758,1.0,3311,506,20276
7,20789,1758,0.0,3312,506,20283
2,20791,1758,0.0,3313,506,20285
6,20797,1759,1.0,3314,506,20291
9,20806,1760,1.0,3315,506,20300
5,20811,1760,0.0,3316,506,20305
6,20817,1761,1.0,3317,506,20311
2,20819,1761,0.0,3318,506,20313
4,20823,1761,0.0,3319,506,20317
11,20834,1762,1.0,3320,506,20328
9,20843,1763,1.0,3321,506,20337
7,20850,1764,1.0,3322,506,20344
6,20856,1765,1.0,3323,506,20350
10,20866,1766,1.0,3324,506,20360
7,20873,1767,1.0,3325,506,20367
11,20884,1768,1.0,3326,506,20378
11,20895,1768,0.0,3327,506,20389
2,20897,1768,0.0,3328,506,20391
9,20906,1769,1.0,3329,506,20400
8,20914,1769,0.0,3330,506,20408
9,20923,1770,1.0,3331,506,20417
3,20926,1770,0.0,3332,506,20420
10,20936,1771,1.0,3333,506,20430
5,20941,1771,0.0,3334,506,20435
8,20949,1772,1.0,3335,506,20443
9,20958,1773,1.0,3336,506,20452
5,20963,1773,0.0,3337,506,20457
6,20969,1774,1.0,3338,506,20463
3,20972,1774,0.0,3339,506,20466
6,20978,1775,1.0,3340,506,20472
14,20992,1776,1.0,3341,506,20486
2,20994,1776,0.0,3342,506,20488
5,20999,1776,0.0,3343,506,20493
6,21005,1777,1.0,3344,506,20499
10,21015,1778,1.0,3345,506,20509
7,21022,1779,1.0,3346,506,20516
6,21028,1780,1.0,3347,506,20522
6,21034,1781,1.0,3348,506,20528
10,21044,1782,1.0,3349,506,20538
6,21050,1783,1.0,3350,506,20544
8,21058,1784,1.0,3351,506,20552
6,21064,1785,1.0,3352,506,20558
2,21066,1785,0.0,3353,506,20560
6,21072,1786,1.0,3354,506,20566
6,21078,1787,1.0,3355,506,20572
9,21087,1788,1.0,3356,506,20581
9,21096,1789,1.0,3357,506,20590
2,21098,1789,0.0,3358,506,20592
6,21104,1789,0.0,3359,506,20598
12,21116,1790,1.0,3360,506,20610
6,21122,1791,1.0,3361,506,20616
8,21130,1792,1.0,3362,506,20624
6,21136,1793,1.0,3363,506,20630
5,21141,1793,0.0,3364,506,20635
9,21150,1794,1.0,3365,506,20644
2,21152,1794,0.0,3366,506,20646
2,21154,1794,0.0,3367,506,20648
4,21158,1794,0.0,3368,506,20652
3,21161,1794,0.0,3369,506,20655
7,21168,1794,0.0,3370,506,20662
5,21173,1794,0.0,3371,506,20667
15,21188,1795,1.0,3372,506,20682
11,21199,1796,1.0,3373,506,20693
6,21205,1797,1.0,3374,506,20699
7,21212,1797,0.0,3375,506,20706
4,21216,1797,0.0,3376,506,20710
6,21222,1798,1.0,3377,506,20716
8,21230,1799,1.0,3378,506,20724
6,21236,1800,1.0,3379,506,20730
9,21245,1801,1.0,3380,506,20739
7,21252,1802,1.0,3381,506,20746
3,21255,1802,0.0,3382,506,20749
6,21261,1803,1.0,3383,506,20755
4,21265,1803,0.0,3384,506,20759
7,21272,1804,1.0,3385,506,20766
6,21278,1805,1.0,3386,506,20772
6,21284,1806,1.0,3387,506,20778
7,21291,1807,1.0,3388,506,20785
5,21296,1807,0.0,3389,506,20790
8,21304,1808,1.0,3390,506,20798
8,21312,1809,1.0,3391,506,20806
3,21315,1809,0.0,3392,506,20809
7,21322,1810,1.0,3393,506,20816
8,21330,1811,1.0,3394,506,20824
5,21335,1811,0.0,3395,506,20829
2,21337,1811,0.0,3396,506,20831
7,21344,1812,1.0,3397,506,20838
4,21348,1812,0.0,3398,506,20842
7,21355,1813,1.0,3399,506,20849
7,21362,1814,1.0,3400,506,20856
4,21366,1814,0.0,3401,506,20860
7,21373,1814,0.0,3402,506,20867
2,21375,1814,0.0,3403,506,20869
6,21381,1815,1.0,3404,506,20875
5,21386,1815,0.0,3405,506,20880
2,21388,1815,0.0,3406,506,20882
11,21399,1815,0.0,3407,506,20893
6,21405,1816,1.0,3408,506,20899
5,21410,1816,0.0,3409,506,20904
10,21420,1817,1.0,3410,506,20914
2,21422,1817,0.0,3411,506,20916
6,21428,1818,1.0,3412,506,20922
3,21431,1818,0.0,3413,506,20925
6,21437,1819,1.0,3414,506,20931
3,21440,1819,0.0,3415,506,20934
7,21447,1820,1.0,3416,506,20941
14,21461,1821,1.0,3417,506,20955
8,21469,1821,0.0,3418,506,20963
15,21484,1822,1.0,3419,506,20978
11,21495,1823,1.0,3420,506,20989
9,21504,1824,1.0,3421,506,20998
6,21510,1825,1.0,3422,506,21004
7,21517,1826,1.0,3423,506,21011
6,21523,1827,1.0,3424,506,21017
6,21529,1828,1.0,3425,506,21023
9,21538,1829,1.0,3426,506,21032
6,21544,1829,0.0,3427,506,21038
8,21552,1830,1.0,3428,506,21046
8,21560,1831,1.0,3429,506,21054
6,21566,1832,1.0,3430,506,21060
7,21573,1833,1.0,3431,506,21067
6,21579,1834,1.0,3432,506,21073
10,21589,1835,1.0,3433,506,21083
2,21591,1835,0.0,3434,506,21085
13,21604,1836,1.0,3435,506,21098
6,21610,1837,1.0,3436,506,21104
6,21616,1838,1.0,3437,506,21110
2,21618,1838,0.0,3438,506,21112
3,21621,1838,0.0,3439,506,21115
8,21629,1839,1.0,3440,506,21123
8,21637,1840,1.0,3441,506,21131
9,21646,1841,1.0,3442,506,21140
2,21648,1841,0.0,3443,506,21142
2,21650,1841,0.0,3444,506,21144
6,21656,1842,1.0,3445,506,21150
8,21664,1843,1.0,3446,506,21158
2,21666,1843,0.0,3447,506,21160
4,21670,1843,0.0,3448,506,21164
7,21677,1844,1.0,3449,506,21171
12,21689,1845,1.0,3450,506,21183
2,21691,1845,0.0,3451,506,21185
6,21697,1846,1.0,3452,506,21191
6,21703,1847,1.0,3453,506,21197
6,21709,1848,1.0,3454,506,21203
2,21711,1848,0.0,3455,506,21205
8,21719,1849,1.0,3456,506,21213
2,21721,1849,0.0,3457,506,21215
8,21729,1850,1.0,3458,506,21223
9,21738,1850,0.0,3459,506,21232
4,21742,1850,0.0,3460,506,21236
6,21748,1851,1.0,3461,506,21242
6,21754,1852,1.0,3462,506,21248
6,21760,1853,1.0,3463,506,21254
4,21764,1853,0.0,3464,506,21258
13,21777,1854,1.0,3465,506,21271
6,21783,1855,1.0,3466,506,21277
2,21785,1855,0.0,3467,506,21279
6,21791,1856,1.0,3468,506,21285
6,21797,1857,1.0,3469,506,21291
5,21802,1857,0.0,3470,506,21296
7,21809,1857,0.0,3471,506,21303
4,21813,1857,0.0,3472,506,21307
6,21819,1858,1.0,3473,506,21313
4,21823,1858,0.0,3474,506,21317
3,21826,1858,0.0,3475,506,21320
9,21835,1859,1.0,3476,506,21329
6,21841,1860,1.0,3477,506,21335
6,21847,1861,1.0,3478,506,21341
7,21854,1862,1.0,3479,506,21348
8,21862,1863,1.0,3480,506,21356
3,21865,1863,0.0,3481,506,21359
2,21867,1863,0.0,3482,506,21361
2,21869,1863,0.0,3483,506,21363
6,21875,1864,1.0,3484,506,21369
11,21886,1865,1.0,3485,506,21380
12,21898,1865,0.0,3486,506,21392
7,21905,1866,1.0,3487,506,21399
8,21913,1867,1.0,3488,506,21407
4,21917,1867,0.0,3489,506,21411
9,21926,1868,1.0,3490,506,21420
8,21934,1869,1.0,3491,506,21428
7,21941,1869,0.0,3492,506,21435
7,21948,1870,1.0,3493,506,21442
6,21954,1870,0.0,3494,506,21448
5,21959,1870,0.0,3495,506,21453
4,21963,1870,0.0,3496,506,21457
2,21965,1870,0.0,3497,506,21459
2,21967,1870,0.0,3498,506,21461
4,21971,1870,0.0,3499,506,21465
5,21976,1870,0.0,3500,506,21470
8,21984,1871,1.0,3501,506,21478
6,21990,1872,1.0,3502,506,21484
6,21996,1873,1.0,3503,506,21490
10,22006,1874,1.0,3504,506,21500
10,22016,1875,1.0,3505,506,21510
3,22019,1875,0.0,3506,506,21513
10,22029,1876,1.0,3507,506,21523
2,22031,1876,0.0,3508,506,21525
10,22041,1877,1.0,3509,506,21535
6,22047,1878,1.0,3510,506,21541
7,22054,1878,0.0,3511,506,21548
2,22056,1878,0.0,3512,506,21550
13,22069,1878,0.0,3513,506,21563
6,22075,1879,1.0,3514,506,21569
2,22077,1879,0.0,3515,506,21571
6,22083,1880,1.0,3516,506,21577
6,22089,1880,0.0,3517,506,21583
7,22096,1880,0.0,3518,506,21590
6,22102,1880,0.0,3519,506,21596
6,22108,1881,1.0,3520,506,21602
6,22114,1882,1.0,3521,506,21608
11,22125,1883,1.0,3522,506,21619
6,22131,1884,1.0,3523,506,21625
8,22139,1885,1.0,3524,506,21633
3,22142,1885,0.0,3525,506,21636
6,22148,1886,1.0,3526,506,21642
4,22152,1886,0.0,3527,506,21646
2,22154,1886,0.0,3528,506,21648
10,22164,1887,1.0,3529,506,21658
3,22167,1887,0.0,3530,506,21661
8,22175,1887,0.0,3531,506,21669
6,22181,1888,1.0,3532,506,21675
14,22195,1889,1.0,3533,506,21689
4,22199,1889,0.0,3534,506,21693
2,22201,1889,0.0,3535,506,21695
2,22203,1889,0.0,3536,506,21697
6,22209,1890,1.0,3537,506,21703
6,22215,1891,1.0,3538,506,21709
6,22221,1891,0.0,3539,506,21715
6,22227,1892,1.0,3540,506,21721
7,22234,1893,1.0,3541,506,21728
8,22242,1894,1.0,3542,506,21736
6,22248,1895,1.0,3543,506,21742
13,22261,1896,1.0,3544,506,21755
7,22268,1897,1.0,3545,506,21762
2,22270,1897,0.0,3546,506,21764
6,22276,1898,1.0,3547,506,21770
6,22282,1899,1.0,3548,506,21776
7,22289,1899,0.0,3549,506,21783
11,22300,1900,1.0,3550,506,21794
6,22306,1900,0.0,3551,506,21800
2,22308,1900,0.0,3552,506,21802
8,22316,1900,0.0,3553,506,21810
6,22322,1900,0.0,3554,506,21816
8,22330,1901,1.0,3555,506,21824
5,22335,1901,0.0,3556,506,21829
2,22337,1901,0.0,3557,506,21831
7,22344,1901,0.0,3558,506,21838
9,22353,1902,1.0,3559,506,21847
6,22359,1903,1.0,3560,506,21853
10,22369,1903,0.0,3561,506,21863
6,22375,1904,1.0,3562,506,21869
4,22379,1904,0.0,3563,506,21873
9,22388,1904,0.0,3564,506,21882
2,22390,1904,0.0,3565,506,21884
5,22395,1904,0.0,3566,506,21889
7,22402,1904,0.0,3567,506,21896
6,22408,1904,0.0,3568,506,21902
4,22412,1904,0.0,3569,506,21906
2,22414,1904,0.0,3570,506,21908
7,22421,1905,1.0,3571,506,21915
13,22434,1906,1.0,3572,506,21928
6,22440,1907,1.0,3573,506,21934
8,22448,1908,1.0,3574,506,21942
13,22461,1909,1.0,3575,506,21955
4,22465,1909,0.0,3576,506,21959
11,22476,1910,1.0,3577,506,21970
9,22485,1911,1.0,3578,506,21979
5,22490,1911,0.0,3579,506,21984
2,22492,1911,0.0,3580,506,21986
4,22496,1911,0.0,3581,506,21990
7,22503,1912,1.0,3582,506,21997
6,22509,1913,1.0,3583,506,22003
10,22519,1914,1.0,3584,506,22013
2,22521,1914,0.0,3585,506,22015
12,22533,1915,1.0,3586,506,22027
6,22539,1915,0.0,3587,506,22033
4,22543,1915,0.0,3588,506,22037
5,22548,1915,0.0,3589,506,22042
5,22553,1915,0.0,3590,506,22047
6,22559,1916,1.0,3591,506,22053
6,22565,1917,1.0,3592,506,22059
6,22571,1918,1.0,3593,506,22065
5,22576,1918,0.0,3594,506,22070
9,22585,1919,1.0,3595,506,22079
12,22597,1920,1.0,3596,506,22091
4,22601,1920,0.0,3597,506,22095
2,22603,1920,0.0,3598,506,22097
6,22609,1920,0.0,3599,506,22103
3,22612,1920,0.0,3600,506,22106
6,22618,1920,0.0,3601,506,22112
7,22625,1920,0.0,3602,506,22119
6,22631,1921,1.0,3603,506,22125
8,22639,1921,0.0,3604,506,22133
4,22643,1921,0.0,3605,506,22137
6,22649,1921,0.0,3606,506,22143
7,22656,1922,1.0,3607,506,22150
3,22659,1922,0.0,3608,506,22153
5,22664,1922,0.0,3609,506,22158
6,22670,1923,1.0,3610,506,22164
8,22678,1924,1.0,3611,506,22172
7,22685,1925,1.0,3612,506,22179
4,22689,1925,0.0,3613,506,22183
8,22697,1926,1.0,3614,506,22191
6,22703,1927,1.0,3615,506,22197
9,22712,1928,1.0,3616,506,22206
8,22720,1929,1.0,3617,506,22214
6,22726,1930,1.0,3618,506,22220
6,22732,1931,1.0,3619,506,22226
2,22734,1931,0.0,3620,506,22228
8,22742,1932,1.0,3621,506,22236
5,22747,1932,0.0,3622,506,22241
7,22754,1933,1.0,3623,506,22248
8,22762,1934,1.0,3624,506,22256
7,22769,1935,1.0,3625,506,22263
6,22775,1935,0.0,3626,506,22269
3,22778,1935,0.0,3627,506,22272
6,22784,1936,1.0,3628,506,22278
8,22792,1937,1.0,3629,506,22286
9,22801,1938,1.0,3630,506,22295
4,22805,1938,0.0,3631,506,22299
6,22811,1939,1.0,3632,506,22305
8,22819,1940,1.0,3633,506,22313
7,22826,1941,1.0,3634,506,22320
6,22832,1942,1.0,3635,506,22326
2,22834,1942,0.0,3636,506,22328
8,22842,1943,1.0,3637,506,22336
5,22847,1943,0.0,3638,506,22341
7,22854,1944,1.0,3639,506,22348
8,22862,1944,0.0,3640,506,22356
2,22864,1944,0.0,3641,506,22358
6,22870,1945,1.0,3642,506,22364
7,22877,1946,1.0,3643,506,22371
7,22884,1947,1.0,3644,506,22378
6,22890,1948,1.0,3645,506,22384
9,22899,1949,1.0,3646,506,22393
2,22901,1949,0.0,3647,506,22395
7,22908,1950,1.0,3648,506,22402
8,22916,1951,1.0,3649,506,22410
6,22922,1952,1.0,3650,506,22416
7,22929,1953,1.0,3651,506,22423
2,22931,1953,0.0,3652,506,22425
16,22947,1954,1.0,3653,506,22441
3,22950,1954,0.0,3654,506,22444
6,22956,1955,1.0,3655,506,22450
6,22962,1956,1.0,3656,506,22456
10,22972,1957,1.0,3657,506,22466
5,22977,1957,0.0,3658,506,22471
6,22983,1958,1.0,3659,506,22477
4,22987,1958,0.0,3660,506,22481
7,22994,1959,1.0,3661,506,22488
7,23001,1959,0.0,3662,506,22495
2,23003,1959,0.0,3663,506,22497
6,23009,1960,1.0,3664,506,22503
9,23018,1961,1.0,3665,506,22512
6,23024,1962,1.0,3666,506,22518
4,23028,1962,0.0,3667,506,22522
10,23038,1963,1.0,3668,506,22532
7,23045,1963,0.0,3669,506,22539
9,23054,1964,1.0,3670,506,22548
6,23060,1965,1.0,3671,506,22554
6,23066,1965,0.0,3672,506,22560
9,23075,1966,1.0,3673,506,22569
9,23084,1966,0.0,3674,506,22578
8,23092,1967,1.0,3675,506,22586
2,23094,1967,0.0,3676,506,22588
4,23098,1967,0.0,3677,506,22592
6,23104,1968,1.0,3678,506,22598
6,23110,1969,1.0,3679,506,22604
8,23118,1970,1.0,3680,506,22612
4,23122,1970,0.0,3681,506,22616
6,23128,1971,1.0,3682,506,22622
7,23135,1972,1.0,3683,506,22629
8,23143,1973,1.0,3684,506,22637
4,23147,1973,0.0,3685,506,22641
4,23151,1973,0.0,3686,506,22645
6,23157,1974,1.0,3687,506,22651
6,23163,1975,1.0,3688,506,22657
7,23170,1975,0.0,3689,506,22664
9,23179,1976,1.0,3690,506,22673
6,23185,1977,1.0,3691,506,22679
4,23189,1977,0.0,3692,506,22683
8,23197,1978,1.0,3693,506,22691
6,23203,1979,1.0,3694,506,22697
6,23209,1979,0.0,3695,506,22703
14,23223,1979,0.0,3696,506,22717
6,23229,1980,1.0,3697,506,22723
4,23233,1980,0.0,3698,506,22727
2,23235,1980,0.0,3699,506,22729
6,23241,1981,1.0,3700,506,22735
6,23247,1981,0.0,3701,506,22741
6,23253,1982,1.0,3702,506,22747
3,23256,1982,0.0,3703,506,22750
8,23264,1983,1.0,3704,506,22758
7,23271,1983,0.0,3705,506,22765
5,23276,1983,0.0,3706,506,22770
9,23285,1984,1.0,3707,506,22779
8,23293,1985,1.0,3708,506,22787
6,23299,1986,1.0,3709,506,22793
4,23303,1986,0.0,3710,506,22797
6,23309,1987,1.0,3711,506,22803
9,23318,1988,1.0,3712,506,22812
5,23323,1988,0.0,3713,506,22817
8,23331,1989,1.0,3714,506,22825
9,23340,1990,1.0,3715,506,22834
6,23346,1991,1.0,3716,506,22840
3,23349,1991,0.0,3717,506,22843
6,23355,1992,1.0,3718,506,22849
6,23361,1993,1.0,3719,506,22855
7,23368,1993,0.0,3720,506,22862
4,23372,1993,0.0,3721,506,22866
9,23381,1994,1.0,3722,506,22875
7,23388,1995,1.0,3723,506,22882
4,23392,1995,0.0,3724,506,22886
7,23399,1996,1.0,3725,506,22893
2,23401,1996,0.0,3726,506,22895
11,23412,1996,0.0,3727,506,22906
7,23419,1997,1.0,3728,506,22913
7,23426,1998,1.0,3729,506,22920
6,23432,1999,1.0,3730,506,22926
8,23440,1999,0.0,3731,506,22934
13,23453,2000,1.0,3732,506,22947
2,23455,2000,0.0,3733,506,22949
8,23463,2001,1.0,3734,506,22957
3,23466,2001,0.0,3735,506,22960
9,23475,2002,1.0,3736,506,22969
8,23483,2002,0.0,3737,506,22977
7,23490,2002,0.0,3738,506,22984
3,23493,2002,0.0,3739,506,22987
4,23497,2002,0.0,3740,506,22991
5,23502,2002,0.0,3741,506,22996
4,23506,2002,0.0,3742,506,23000
15,23521,2003,1.0,3743,506,23015
6,23527,2004,1.0,3744,506,23021
7,23534,2005,1.0,3745,506,23028
3,23537,2005,0.0,3746,506,23031
5,23542,2005,0.0,3747,506,23036
9,23551,2006,1.0,3748,506,23045
5,23556,2006,0.0,3749,506,23050
6,23562,2007,1.0,3750,506,23056
7,23569,2007,0.0,3751,506,23063
11,23580,2007,0.0,3752,506,23074
10,23590,2007,0.0,3753,506,23084
6,23596,2008,1.0,3754,506,23090
6,23602,2008,0.0,3755,506,23096
4,23606,2008,0.0,3756,506,23100
7,23613,2008,0.0,3757,506,23107
8,23621,2009,1.0,3758,506,23115
2,23623,2009,0.0,3759,506,23117
5,23628,2009,0.0,3760,506,23122
2,23630,2009,0.0,3761,506,23124
6,23636,2010,1.0,3762,506,23130
5,23641,2010,0.0,3763,506,23135
10,23651,2011,1.0,3764,506,23145
6,23657,2012,1.0,3765,506,23151
7,23664,2013,1.0,3766,506,23158
7,23671,2013,0.0,3767,506,23165
6,23677,2014,1.0,3768,506,23171
6,23683,2015,1.0,3769,506,23177
6,23689,2016,1.0,3770,506,23183
4,23693,2016,0.0,3771,506,23187
7,23700,2016,0.0,3772,506,23194
12,23712,2016,0.0,3773,506,23206
8,23720,2017,1.0,3774,506,23214
6,23726,2018,1.0,3775,506,23220
9,23735,2019,1.0,3776,506,23229
8,23743,2020,1.0,3777,506,23237
4,23747,2020,0.0,3778,506,23241
6,23753,2020,0.0,3779,506,23247
4,23757,2020,0.0,3780,506,23251
2,23759,2020,0.0,3781,506,23253
2,23761,2020,0.0,3782,506,23255
5,23766,2020,0.0,3783,506,23260
8,23774,2021,1.0,3784,506,23268
4,23778,2021,0.0,3785,506,23272
9,23787,2022,1.0,3786,506,23281
3,23790,2022,0.0,3787,506,23284
7,23797,2023,1.0,3788,506,23291
4,23801,2023,0.0,3789,506,23295
6,23807,2023,0.0,3790,506,23301
4,23811,2023,0.0,3791,506,23305
8,23819,2023,0.0,3792,506,23313
16,23835,2024,1.0,3793,506,23329
6,23841,2025,1.0,3794,506,23335
5,23846,2025,0.0,3795,506,23340
6,23852,2026,1.0,3796,506,23346
9,23861,2027,1.0,3797,506,23355
7,23868,2028,1.0,3798,506,23362
7,23875,2029,1.0,3799,506,23369
4,23879,2029,0.0,3800,506,23373
2,23881,2029,0.0,3801,506,23375
2,23883,2029,0.0,3802,506,23377
6,23889,2030,1.0,3803,506,23383
2,23891,2030,0.0,3804,506,23385
6,23897,2031,1.0,3805,506,23391
10,23907,2031,0.0,3806,506,23401
10,23917,2031,0.0,3807,506,23411
13,23930,2032,1.0,3808,506,23424
6,23936,2033,1.0,3809,506,23430
8,23944,2033,0.0,3810,506,23438
6,23950,2033,0.0,3811,506,23444
6,23956,2034,1.0,3812,506,23450
2,23958,2034,0.0,3813,506,23452
6,23964,2035,1.0,3814,506,23458
7,23971,2036,1.0,3815,506,23465
5,23976,2036,0.0,3816,506,23470
5,23981,2036,0.0,3817,506,23475
8,23989,2037,1.0,3818,506,23483
6,23995,2037,0.0,3819,506,23489
6,24001,2038,1.0,3820,506,23495
21,24022,2039,1.0,3821,506,23516
9,24031,2039,0.0,3822,506,23525
10,24041,2040,1.0,3823,506,23535
6,24047,2041,1.0,3824,506,23541
6,24053,2042,1.0,3825,506,23547
7,24060,2043,1.0,3826,506,23554
6,24066,2044,1.0,3827,506,23560
9,24075,2045,1.0,3828,506,23569
7,24082,2046,1.0,3829,506,23576
7,24089,2047,1.0,3830,506,23583
6,24095,2048,1.0,3831,506,23589
6,24101,2049,1.0,3832,506,23595
7,24108,2050,1.0,3833,506,23602
8,24116,2051,1.0,3834,506,23610
6,24122,2052,1.0,3835,506,23616
8,24130,2053,1.0,3836,506,23624
6,24136,2054,1.0,3837,506,23630
9,24145,2055,1.0,3838,506,23639
2,24147,2055,0.0,3839,506,23641
5,24152,2055,0.0,3840,506,23646
7,24159,2056,1.0,3841,506,23653
2,24161,2056,0.0,3842,506,23655
7,24168,2057,1.0,3843,506,23662
7,24175,2058,1.0,3844,506,23669
7,24182,2059,1.0,3845,506,23676
4,24186,2059,0.0,3846,506,23680
6,24192,2060,1.0,3847,506,23686
9,24201,2061,1.0,3848,506,23695
10,24211,2062,1.0,3849,506,23705
2,24213,2062,0.0,3850,506,23707
6,24219,2063,1.0,3851,506,23713
4,24223,2063,0.0,3852,506,23717
6,24229,2064,1.0,3853,506,23723
6,24235,2065,1.0,3854,506,23729
14,24249,2065,0.0,3855,506,23743
5,24254,2065,0.0,3856,506,23748
6,24260,2066,1.0,3857,506,23754
4,24264,2066,0.0,3858,506,23758
10,24274,2067,1.0,3859,506,23768
8,24282,2068,1.0,3860,506,23776
6,24288,2069,1.0,3861,506,23782
12,24300,2069,0.0,3862,506,23794
6,24306,2069,0.0,3863,506,23800
7,24313,2070,1.0,3864,506,23807
8,24321,2071,1.0,3865,506,23815
7,24328,2072,1.0,3866,506,23822
2,24330,2072,0.0,3867,506,23824
8,24338,2073,1.0,3868,506,23832
2,24340,2073,0.0,3869,506,23834
2,24342,2073,0.0,3870,506,23836
8,24350,2074,1.0,3871,506,23844
11,24361,2075,1.0,3872,506,23855
6,24367,2076,1.0,3873,506,23861
8,24375,2077,1.0,3874,506,23869
7,24382,2078,1.0,3875,506,23876
7,24389,2079,1.0,3876,506,23883
10,24399,2080,1.0,3877,506,23893
8,24407,2081,1.0,3878,506,23901
4,24411,2081,0.0,3879,506,23905
10,24421,2082,1.0,3880,506,23915
9,24430,2083,1.0,3881,506,23924
4,24434,2083,0.0,3882,506,23928
4,24438,2083,0.0,3883,506,23932
6,24444,2084,1.0,3884,506,23938
7,24451,2085,1.0,3885,506,23945
6,24457,2086,1.0,3886,506,23951
4,24461,2086,0.0,3887,506,23955
4,24465,2086,0.0,3888,506,23959
9,24474,2087,1.0,3889,506,23968
6,24480,2088,1.0,3890,506,23974
13,24493,2088,0.0,3891,506,23987
6,24499,2089,1.0,3892,506,23993
3,24502,2089,0.0,3893,506,23996
6,24508,2089,0.0,3894,506,24002
6,24514,2090,1.0,3895,506,24008
5,24519,2090,0.0,3896,506,24013
7,24526,2091,1.0,3897,506,24020
10,24536,2092,1.0,3898,506,24030
2,24538,2092,0.0,3899,506,24032
6,24544,2092,0.0,3900,506,24038
6,24550,2092,0.0,3901,506,24044
2,24552,2092,0.0,3902,506,24046
9,24561,2093,1.0,3903,506,24055
6,24567,2094,1.0,3904,506,24061
6,24573,2094,0.0,3905,506,24067
7,24580,2095,1.0,3906,506,24074
4,24584,2095,0.0,3907,506,24078
6,24590,2096,1.0,3908,506,24084
7,24597,2097,1.0,3909,506,24091
2,24599,2097,0.0,3910,506,24093
2,24601,2097,0.0,3911,506,24095
5,24606,2097,0.0,3912,506,24100
10,24616,2098,1.0,3913,506,24110
7,24623,2098,0.0,3914,506,24117
6,24629,2099,1.0,3915,506,24123
2,24631,2099,0.0,3916,506,24125
14,24645,2100,1.0,3917,506,24139
6,24651,2101,1.0,3918,506,24145
19,24670,2102,1.0,3919,506,24164
6,24676,2103,1.0,3920,506,24170
7,24683,2104,1.0,3921,506,24177
2,24685,2104,0.0,3922,506,24179
12,24697,2104,0.0,3923,506,24191
7,24704,2105,1.0,3924,506,24198
4,24708,2105,0.0,3925,506,24202
6,24714,2106,1.0,3926,506,24208
8,24722,2106,0.0,3927,506,24216
7,24729,2107,1.0,3928,506,24223
6,24735,2108,1.0,3929,506,24229
5,24740,2108,0.0,3930,506,24234
4,24744,2108,0.0,3931,506,24238
3,24747,2108,0.0,3932,506,24241
7,24754,2109,1.0,3933,506,24248
6,24760,2110,1.0,3934,506,24254
5,24765,2110,0.0,3935,506,24259
2,24767,2110,0.0,3936,506,24261
7,24774,2111,1.0,3937,506,24268
13,24787,2112,1.0,3938,506,24281
8,24795,2113,1.0,3939,506,24289
8,24803,2113,0.0,3940,506,24297
6,24809,2114,1.0,3941,506,24303
7,24816,2114,0.0,3942,506,24310
8,24824,2115,1.0,3943,506,24318
6,24830,2115,0.0,3944,506,24324
12,24842,2116,1.0,3945,506,24336
7,24849,2117,1.0,3946,506,24343
7,24856,2118,1.0,3947,506,24350
3,24859,2118,0.0,3948,506,24353
4,24863,2118,0.0,3949,506,24357
9,24872,2119,1.0,3950,506,24366
8,24880,2120,1.0,3951,506,24374
4,24884,2120,0.0,3952,506,24378
4,24888,2120,0.0,3953,506,24382
10,24898,2121,1.0,3954,506,24392
6,24904,2122,1.0,3955,506,24398
2,24906,2122,0.0,3956,506,24400
11,24917,2123,1.0,3957,506,24411
7,24924,2124,1.0,3958,506,24418
6,24930,2125,1.0,3959,506,24424
8,24938,2126,1.0,3960,506,24432
6,24944,2127,1.0,3961,506,24438
6,24950,2128,1.0,3962,506,24444
6,24956,2128,0.0,3963,506,24450
2,24958,2128,0.0,3964,506,24452
6,24964,2129,1.0,3965,506,24458
3,24967,2129,0.0,3966,506,24461
14,24981,2130,1.0,3967,506,24475
10,24991,2131,1.0,3968,506,24485
12,25003,2132,1.0,3969,506,24497
6,25009,2133,1.0,3970,506,24503
6,25015,2134,1.0,3971,506,24509
6,25021,2135,1.0,3972,506,24515
6,25027,2136,1.0,3973,506,24521
10,25037,2137,1.0,3974,506,24531
3,25040,2137,0.0,3975,506,24534
8,25048,2138,1.0,3976,506,24542
11,25059,2139,1.0,3977,506,24553
4,25063,2139,0.0,3978,506,24557
7,25070,2140,1.0,3979,506,24564
6,25076,2141,1.0,3980,506,24570
6,25082,2142,1.0,3981,506,24576
6,25088,2143,1.0,3982,506,24582
10,25098,2144,1.0,3983,506,24592
10,25108,2145,1.0,3984,506,24602
6,25114,2146,1.0,3985,506,24608
2,25116,2146,0.0,3986,506,24610
6,25122,2147,1.0,3987,506,24616
4,25126,2147,0.0,3988,506,24620
7,25133,2148,1.0,3989,506,24627
6,25139,2149,1.0,3990,506,24633
4,25143,2149,0.0,3991,506,24637
4,25147,2149,0.0,3992,506,24641
2,25149,2149,0.0,3993,506,24643
4,25153,2149,0.0,3994,506,24647
7,25160,2150,1.0,3995,506,24654
8,25168,2151,1.0,3996,506,24662
6,25174,2152,1.0,3997,506,24668
6,25180,2153,1.0,3998,506,24674
11,25191,2154,1.0,3999,506,24685
2,25193,2154,0.0,4000,506,24687
10,25203,2155,1.0,4001,506,24697
6,25209,2156,1.0,4002,506,24703
9,25218,2156,0.0,4003,506,24712
10,25228,2156,0.0,4004,506,24722
6,25234,2157,1.0,4005,506,24728
7,25241,2158,1.0,4006,506,24735
9,25250,2158,0.0,4007,506,24744
6,25256,2159,1.0,4008,506,24750
5,25261,2159,0.0,4009,506,24755
4,25265,2159,0.0,4010,506,24759
8,25273,2160,1.0,4011,506,24767
2,25275,2160,0.0,4012,506,24769
6,25281,2161,1.0,4013,506,24775
16,25297,2162,1.0,4014,506,24791
6,25303,2163,1.0,4015,506,24797
6,25309,2164,1.0,4016,506,24803
7,25316,2165,1.0,4017,506,24810
7,25323,2166,1.0,4018,506,24817
9,25332,2166,0.0,4019,506,24826
5,25337,2166,0.0,4020,506,24831
6,25343,2166,0.0,4021,506,24837
10,25353,2166,0.0,4022,506,24847
9,25362,2167,1.0,4023,506,24856
6,25368,2167,0.0,4024,506,24862
10,25378,2168,1.0,4025,506,24872
6,25384,2168,0.0,4026,506,24878
4,25388,2168,0.0,4027,506,24882
6,25394,2168,0.0,4028,506,24888
9,25403,2169,1.0,4029,506,24897
4,25407,2169,0.0,4030,506,24901
3,25410,2169,0.0,4031,506,24904
5,25415,2169,0.0,4032,506,24909
9,25424,2170,1.0,4033,506,24918
4,25428,2170,0.0,4034,506,24922
10,25438,2171,1.0,4035,506,24932
2,25440,2171,0.0,4036,506,24934
2,25442,2171,0.0,4037,506,24936
9,25451,2171,0.0,4038,506,24945
7,25458,2172,1.0,4039,506,24952
5,25463,2172,0.0,4040,506,24957
10,25473,2173,1.0,4041,506,24967
8,25481,2174,1.0,4042,506,24975
6,25487,2175,1.0,4043,506,24981
8,25495,2176,1.0,4044,506,24989
6,25501,2177,1.0,4045,506,24995
10,25511,2177,0.0,4046,506,25005
6,25517,2177,0.0,4047,506,25011
9,25526,2178,1.0,4048,506,25020
2,25528,2178,0.0,4049,506,25022
4,25532,2178,0.0,4050,506,25026
6,25538,2179,1.0,4051,506,25032
8,25546,2180,1.0,4052,506,25040
6,25552,2181,1.0,4053,506,25046
8,25560,2182,1.0,4054,506,25054
6,25566,2182,0.0,4055,506,25060
6,25572,2183,1.0,4056,506,25066
4,25576,2183,0.0,4057,506,25070
9,25585,2184,1.0,4058,506,25079
8,25593,2185,1.0,4059,506,25087
8,25601,2186,1.0,4060,506,25095
10,25611,2187,1.0,4061,506,25105
4,25615,2187,0.0,4062,506,25109
7,25622,2188,1.0,4063,506,25116
10,25632,2189,1.0,4064,506,25126
3,25635,2189,0.0,4065,506,25129
6,25641,2190,1.0,4066,506,25135
6,25647,2191,1.0,4067,506,25141
7,25654,2192,1.0,4068,506,25148
5,25659,2192,0.0,4069,506,25153
7,25666,2192,0.0,4070,506,25160
3,25669,2192,0.0,4071,506,25163
5,25674,2192,0.0,4072,506,25168
6,25680,2193,1.0,4073,506,25174
9,25689,2194,1.0,4074,506,25183
6,25695,2195,1.0,4075,506,25189
7,25702,2195,0.0,4076,506,25196
8,25710,2196,1.0,4077,506,25204
8,25718,2197,1.0,4078,506,25212
3,25721,2197,0.0,4079,506,25215
10,25731,2198,1.0,4080,506,25225
3,25734,2198,0.0,4081,506,25228
6,25740,2199,1.0,4082,506,25234
10,25750,2200,1.0,4083,506,25244
6,25756,2200,0.0,4084,506,25250
7,25763,2201,1.0,4085,506,25257
4,25767,2201,0.0,4086,506,25261
2,25769,2201,0.0,4087,506,25263
6,25775,2202,1.0,4088,506,25269
5,25780,2202,0.0,4089,506,25274
4,25784,2202,0.0,4090,506,25278
5,25789,2202,0.0,4091,506,25283
6,25795,2203,1.0,4092,506,25289
6,25801,2204,1.0,4093,506,25295
5,25806,2204,0.0,4094,506,25300
6,25812,2204,0.0,4095,506,25306
5,25817,2204,0.0,4096,506,25311
6,25823,2205,1.0,4097,506,25317
6,25829,2206,1.0,4098,506,25323
2,25831,2206,0.0,4099,506,25325
14,25845,2206,0.0,4100,506,25339
4,25849,2206,0.0,4101,506,25343
7,25856,2207,1.0,4102,506,25350
6,25862,2207,0.0,4103,506,25356
6,25868,2208,1.0,4104,506,25362
11,25879,2209,1.0,4105,506,25373
6,25885,2210,1.0,4106,506,25379
16,25901,2211,1.0,4107,506,25395
10,25911,2212,1.0,4108,506,25405
11,25922,2213,1.0,4109,506,25416
6,25928,2213,0.0,4110,506,25422
7,25935,2214,1.0,4111,506,25429
6,25941,2215,1.0,4112,506,25435
6,25947,2216,1.0,4113,506,25441
6,25953,2217,1.0,4114,506,25447
9,25962,2218,1.0,4115,506,25456
2,25964,2218,0.0,4116,506,25458
6,25970,2218,0.0,4117,506,25464
6,25976,2219,1.0,4118,506,25470
6,25982,2220,1.0,4119,506,25476
7,25989,2221,1.0,4120,506,25483
6,25995,2222,1.0,4121,506,25489
12,26007,2223,1.0,4122,506,25501
4,26011,2223,0.0,4123,506,25505
8,26019,2224,1.0,4124,506,25513
6,26025,2225,1.0,4125,506,25519
7,26032,2225,0.0,4126,506,25526
6,26038,2226,1.0,4127,506,25532
7,26045,2227,1.0,4128,506,25539
4,26049,2227,0.0,4129,506,25543
6,26055,2228,1.0,4130,506,25549
7,26062,2229,1.0,4131,506,25556
8,26070,2230,1.0,4132,506,25564
10,26080,2231,1.0,4133,506,25574
12,26092,2232,1.0,4134,506,25586
7,26099,2232,0.0,4135,506,25593
3,26102,2232,0.0,4136,506,25596
10,26112,2233,1.0,4137,506,25606
8,26120,2234,1.0,4138,506,25614
7,26127,2234,0.0,4139,506,25621
7,26134,2235,1.0,4140,506,25628
6,26140,2236,1.0,4141,506,25634
6,26146,2237,1.0,4142,506,25640
4,26150,2237,0.0,4143,506,25644
11,26161,2238,1.0,4144,506,25655
7,26168,2239,1.0,4145,506,25662
4,26172,2239,0.0,4146,506,25666
10,26182,2240,1.0,4147,506,25676
8,26190,2241,1.0,4148,506,25684
8,26198,2242,1.0,4149,506,25692
9,26207,2242,0.0,4150,506,25701
8,26215,2243,1.0,4151,506,25709
11,26226,2244,1.0,4152,506,25720
7,26233,2245,1.0,4153,506,25727
8,26241,2246,1.0,4154,506,25735
2,26243,2246,0.0,4155,506,25737
6,26249,2246,0.0,4156,506,25743
3,26252,2246,0.0,4157,506,25746
7,26259,2247,1.0,4158,506,25753
6,26265,2248,1.0,4159,506,25759
9,26274,2249,1.0,4160,506,25768
4,26278,2249,0.0,4161,506,25772
2,26280,2249,0.0,4162,506,25774
2,26282,2249,0.0,4163,506,25776
2,26284,2249,0.0,4164,506,25778
2,26286,2249,0.0,4165,506,25780
8,26294,2250,1.0,4166,506,25788
2,26296,2250,0.0,4167,506,25790
8,26304,2251,1.0,4168,506,25798
7,26311,2252,1.0,4169,506,25805
8,26319,2253,1.0,4170,506,25813
6,26325,2253,0.0,4171,506,25819
8,26333,2254,1.0,4172,506,25827
10,26343,2255,1.0,4173,506,25837
6,26349,2256,1.0,4174,506,25843
6,26355,2257,1.0,4175,506,25849
6,26361,2257,0.0,4176,506,25855
11,26372,2258,1.0,4177,506,25866
9,26381,2259,1.0,4178,506,25875
10,26391,2260,1.0,4179,506,25885
6,26397,2261,1.0,4180,506,25891
17,26414,2262,1.0,4181,506,25908
9,26423,2263,1.0,4182,506,25917
8,26431,2263,0.0,4183,506,25925
6,26437,2264,1.0,4184,506,25931
10,26447,2265,1.0,4185,506,25941
4,26451,2265,0.0,4186,506,25945
7,26458,2266,1.0,4187,506,25952
6,26464,2267,1.0,4188,506,25958
6,26470,2268,1.0,4189,506,25964
8,26478,2269,1.0,4190,506,25972
9,26487,2270,1.0,4191,506,25981
4,26491,2270,0.0,4192,506,25985
2,26493,2270,0.0,4193,506,25987
7,26500,2271,1.0,4194,506,25994
2,26502,2271,0.0,4195,506,25996
9,26511,2272,1.0,4196,506,26005
7,26518,2272,0.0,4197,506,26012
7,26525,2273,1.0,4198,506,26019
6,26531,2274,1.0,4199,506,26025
7,26538,2275,1.0,4200,506,26032
7,26545,2276,1.0,4201,506,26039
8,26553,2277,1.0,4202,506,26047
5,26558,2277,0.0,4203,506,26052
7,26565,2278,1.0,4204,506,26059
8,26573,2279,1.0,4205,506,26067
7,26580,2280,1.0,4206,506,26074
4,26584,2280,0.0,4207,506,26078
12,26596,2281,1.0,4208,506,26090
6,26602,2282,1.0,4209,506,26096
8,26610,2283,1.0,4210,506,26104
7,26617,2283,0.0,4211,506,26111
3,26620,2283,0.0,4212,506,26114
4,26624,2283,0.0,4213,506,26118
6,26630,2284,1.0,4214,506,26124
5,26635,2284,0.0,4215,506,26129
6,26641,2285,1.0,4216,506,26135
7,26648,2286,1.0,4217,506,26142
6,26654,2287,1.0,4218,506,26148
8,26662,2288,1.0,4219,506,26156
13,26675,2288,0.0,4220,506,26169
4,26679,2288,0.0,4221,506,26173
6,26685,2289,1.0,4222,506,26179
7,26692,2290,1.0,4223,506,26186
8,26700,2291,1.0,4224,506,26194
6,26706,2292,1.0,4225,506,26200
5,26711,2292,0.0,4226,506,26205
8,26719,2293,1.0,4227,506,26213
6,26725,2293,0.0,4228,506,26219
2,26727,2293,0.0,4229,506,26221
2,26729,2293,0.0,4230,506,26223
4,26733,2293,0.0,4231,506,26227
3,26736,2293,0.0,4232,506,26230
8,26744,2294,1.0,4233,506,26238
3,26747,2294,0.0,4234,506,26241
6,26753,2295,1.0,4235,506,26247
6,26759,2296,1.0,4236,506,26253
6,26765,2297,1.0,4237,506,26259
8,26773,2298,1.0,4238,506,26267
6,26779,2299,1.0,4239,506,26273
7,26786,2300,1.0,4240,506,26280
7,26793,2301,1.0,4241,506,26287
2,26795,2301,0.0,4242,506,26289
8,26803,2302,1.0,4243,506,26297
13,26816,2302,0.0,4244,506,26310
2,26818,2302,0.0,4245,506,26312
7,26825,2303,1.0,4246,506,26319
7,26832,2304,1.0,4247,506,26326
8,26840,2305,1.0,4248,506,26334
4,26844,2305,0.0,4249,506,26338
9,26853,2306,1.0,4250,506,26347
9,26862,2307,1.0,4251,506,26356
6,26868,2308,1.0,4252,506,26362
4,26872,2308,0.0,4253,506,26366
5,26877,2308,0.0,4254,506,26371
6,26883,2309,1.0,4255,506,26377
5,26888,2309,0.0,4256,506,26382
17,26905,2310,1.0,4257,506,26399
6,26911,2311,1.0,4258,506,26405
6,26917,2312,1.0,4259,506,26411
13,26930,2313,1.0,4260,506,26424
6,26936,2314,1.0,4261,506,26430
2,26938,2314,0.0,4262,506,26432
6,26944,2315,1.0,4263,506,26438
6,26950,2316,1.0,4264,506,26444
8,26958,2317,1.0,4265,506,26452
7,26965,2317,0.0,4266,506,26459
3,26968,2317,0.0,4267,506,26462
4,26972,2317,0.0,4268,506,26466
6,26978,2317,0.0,4269,506,26472
3,26981,2317,0.0,4270,506,26475
3,26984,2317,0.0,4271,506,26478
7,26991,2318,1.0,4272,506,26485
6,26997,2319,1.0,4273,506,26491
7,27004,2320,1.0,4274,506,26498
18,27022,2321,1.0,4275,506,26516
17,27039,2322,1.0,4276,506,26533
6,27045,2323,1.0,4277,506,26539
2,27047,2323,0.0,4278,506,26541
12,27059,2324,1.0,4279,506,26553
7,27066,2325,1.0,4280,506,26560
6,27072,2326,1.0,4281,506,26566
11,27083,2327,1.0,4282,506,26577
10,27093,2328,1.0,4283,506,26587
8,27101,2329,1.0,4284,506,26595
8,27109,2330,1.0,4285,506,26603
5,27114,2330,0.0,4286,506,26608
9,27123,2331,1.0,4287,506,26617
11,27134,2332,1.0,4288,506,26628
6,27140,2333,1.0,4289,506,26634
6,27146,2334,1.0,4290,506,26640
4,27150,2334,0.0,4291,506,26644
5,27155,2334,0.0,4292,506,26649
6,27161,2335,1.0,4293,506,26655
3,27164,2335,0.0,4294,506,26658
2,27166,2335,0.0,4295,506,26660
7,27173,2336,1.0,4296,506,26667
6,27179,2337,1.0,4297,506,26673
7,27186,2338,1.0,4298,506,26680
2,27188,2338,0.0,4299,506,26682
5,27193,2338,0.0,4300,506,26687
6,27199,2339,1.0,4301,506,26693
8,27207,2340,1.0,4302,506,26701
7,27214,2340,0.0,4303,506,26708
7,27221,2340,0.0,4304,506,26715
6,27227,2341,1.0,4305,506,26721
8,27235,2341,0.0,4306,506,26729
8,27243,2342,1.0,4307,506,26737
7,27250,2343,1.0,4308,506,26744
6,27256,2344,1.0,4309,506,26750
7,27263,2345,1.0,4310,506,26757
7,27270,2346,1.0,4311,506,26764
6,27276,2347,1.0,4312,506,26770
5,27281,2347,0.0,4313,506,26775
11,27292,2348,1.0,4314,506,26786
6,27298,2348,0.0,4315,506,26792
9,27307,2348,0.0,4316,506,26801
2,27309,2348,0.0,4317,506,26803
3,27312,2348,0.0,4318,506,26806
10,27322,2349,1.0,4319,506,26816
6,27328,2350,1.0,4320,506,26822
6,27334,2351,1.0,4321,506,26828
10,27344,2352,1.0,4322,506,26838
8,27352,2353,1.0,4323,506,26846
15,27367,2354,1.0,4324,506,26861
9,27376,2354,0.0,4325,506,26870
2,27378,2354,0.0,4326,506,26872
6,27384,2354,0.0,4327,506,26878
7,27391,2355,1.0,4328,506,26885
7,27398,2355,0.0,4329,506,26892
5,27403,2355,0.0,4330,506,26897
2,27405,2355,0.0,4331,506,26899
4,27409,2355,0.0,4332,506,26903
11,27420,2356,1.0,4333,506,26914
10,27430,2357,1.0,4334,506,26924
4,27434,2357,0.0,4335,506,26928
2,27436,2357,0.0,4336,506,26930
6,27442,2358,1.0,4337,506,26936
19,27461,2359,1.0,4338,506,26955
8,27469,2360,1.0,4339,506,26963
7,27476,2360,0.0,4340,506,26970
6,27482,2361,1.0,4341,506,26976
8,27490,2362,1.0,4342,506,26984
5,27495,2362,0.0,4343,506,26989
7,27502,2363,1.0,4344,506,26996
2,27504,2363,0.0,4345,506,26998
10,27514,2364,1.0,4346,506,27008
6,27520,2365,1.0,4347,506,27014
6,27526,2365,0.0,4348,506,27020
7,27533,2366,1.0,4349,506,27027
8,27541,2366,0.0,4350,506,27035
2,27543,2366,0.0,4351,506,27037
6,27549,2366,0.0,4352,506,27043
7,27556,2366,0.0,4353,506,27050
6,27562,2366,0.0,4354,506,27056
7,27569,2367,1.0,4355,506,27063
10,27579,2368,1.0,4356,506,27073
8,27587,2369,1.0,4357,506,27081
7,27594,2370,1.0,4358,506,27088
9,27603,2371,1.0,4359,506,27097
4,27607,2371,0.0,4360,506,27101
5,27612,2371,0.0,4361,506,27106
6,27618,2372,1.0,4362,506,27112
8,27626,2373,1.0,4363,506,27120
9,27635,2374,1.0,4364,506,27129
11,27646,2375,1.0,4365,506,27140
6,27652,2376,1.0,4366,506,27146
12,27664,2377,1.0,4367,506,27158
9,27673,2378,1.0,4368,506,27167
8,27681,2379,1.0,4369,506,27175
7,27688,2380,1.0,4370,506,27182
6,27694,2381,1.0,4371,506,27188
11,27705,2381,0.0,4372,506,27199
8,27713,2382,1.0,4373,506,27207
8,27721,2383,1.0,4374,506,27215
8,27729,2384,1.0,4375,506,27223
2,27731,2384,0.0,4376,506,27225
12,27743,2385,1.0,4377,506,27237
7,27750,2385,0.0,4378,506,27244
7,27757,2386,1.0,4379,506,27251
8,27765,2387,1.0,4380,506,27259
6,27771,2388,1.0,4381,506,27265
4,27775,2388,0.0,4382,506,27269
8,27783,2389,1.0,4383,506,27277
14,27797,2390,1.0,4384,506,27291
9,27806,2391,1.0,4385,506,27300
7,27813,2392,1.0,4386,506,27307
8,27821,2393,1.0,4387,506,27315
7,27828,2393,0.0,4388,506,27322
8,27836,2394,1.0,4389,506,27330
8,27844,2395,1.0,4390,506,27338
2,27846,2395,0.0,4391,506,27340
6,27852,2396,1.0,4392,506,27346
7,27859,2397,1.0,4393,506,27353
9,27868,2398,1.0,4394,506,27362
6,27874,2399,1.0,4395,506,27368
5,27879,2399,0.0,4396,506,27373
8,27887,2400,1.0,4397,506,27381
5,27892,2400,0.0,4398,506,27386
7,27899,2401,1.0,4399,506,27393
2,27901,2401,0.0,4400,506,27395
6,27907,2402,1.0,4401,506,27401
6,27913,2403,1.0,4402,506,27407
2,27915,2403,0.0,4403,506,27409
12,27927,2404,1.0,4404,506,27421
6,27933,2405,1.0,4405,506,27427
6,27939,2405,0.0,4406,506,27433
6,27945,2406,1.0,4407,506,27439
6,27951,2407,1.0,4408,506,27445
2,27953,2407,0.0,4409,506,27447
7,27960,2408,1.0,4410,506,27454
6,27966,2409,1.0,4411,506,27460
2,27968,2409,0.0,4412,506,27462
10,27978,2410,1.0,4413,506,27472
11,27989,2411,1.0,4414,506,27483
6,27995,2412,1.0,4415,506,27489
7,28002,2413,1.0,4416,506,27496
2,28004,2413,0.0,4417,506,27498
7,28011,2414,1.0,4418,506,27505
2,28013,2414,0.0,4419,506,27507
6,28019,2415,1.0,4420,506,27513
4,28023,2415,0.0,4421,506,27517
10,28033,2415,0.0,4422,506,27527
2,28035,2415,0.0,4423,506,27529
2,28037,2415,0.0,4424,506,27531
6,28043,2416,1.0,4425,506,27537
9,28052,2417,1.0,4426,506,27546
9,28061,2418,1.0,4427,506,27555
9,28070,2419,1.0,4428,506,27564
7,28077,2419,0.0,4429,506,27571
5,28082,2419,0.0,4430,506,27576
2,28084,2419,0.0,4431,506,27578
2,28086,2419,0.0,4432,506,27580
9,28095,2420,1.0,4433,506,27589
7,28102,2421,1.0,4434,506,27596
7,28109,2422,1.0,4435,506,27603
2,28111,2422,0.0,4436,506,27605
6,28117,2423,1.0,4437,506,27611
15,28132,2424,1.0,4438,506,27626
3,28135,2424,0.0,4439,506,27629
5,28140,2424,0.0,4440,506,27634
6,28146,2425,1.0,4441,506,27640
5,28151,2425,0.0,4442,506,27645
5,28156,2425,0.0,4443,506,27650
2,28158,2425,0.0,4444,506,27652
9,28167,2426,1.0,4445,506,27661
6,28173,2427,1.0,4446,506,27667
2,28175,2427,0.0,4447,506,27669
9,28184,2428,1.0,4448,506,27678
4,28188,2428,0.0,4449,506,27682
14,28202,2429,1.0,4450,506,27696
4,28206,2429,0.0,4451,506,27700
12,28218,2430,1.0,4452,506,27712
6,28224,2431,1.0,4453,506,27718
5,28229,2431,0.0,4454,506,27723
4,28233,2431,0.0,4455,506,27727
6,28239,2432,1.0,4456,506,27733
4,28243,2432,0.0,4457,506,27737
6,28249,2433,1.0,4458,506,27743
4,28253,2433,0.0,4459,506,27747
2,28255,2433,0.0,4460,506,27749
14,28269,2434,1.0,4461,506,27763
6,28275,2435,1.0,4462,506,27769
8,28283,2436,1.0,4463,506,27777
6,28289,2436,0.0,4464,506,27783
8,28297,2437,1.0,4465,506,27791
6,28303,2438,1.0,4466,506,27797
8,28311,2439,1.0,4467,506,27805
5,28316,2439,0.0,4468,506,27810
6,28322,2440,1.0,4469,506,27816
6,28328,2441,1.0,4470,506,27822
7,28335,2442,1.0,4471,506,27829
6,28341,2442,0.0,4472,506,27835
6,28347,2443,1.0,4473,506,27841
9,28356,2444,1.0,4474,506,27850
12,28368,2445,1.0,4475,506,27862
10,28378,2445,0.0,4476,506,27872
6,28384,2446,1.0,4477,506,27878
15,28399,2446,0.0,4478,506,27893
5,28404,2446,0.0,4479,506,27898
7,28411,2447,1.0,4480,506,27905
7,28418,2447,0.0,4481,506,27912
6,28424,2447,0.0,4482,506,27918
11,28435,2447,0.0,4483,506,27929
6,28441,2448,1.0,4484,506,27935
8,28449,2449,1.0,4485,506,27943
6,28455,2450,1.0,4486,506,27949
7,28462,2451,1.0,4487,506,27956
8,28470,2452,1.0,4488,506,27964
7,28477,2453,1.0,4489,506,27971
2,28479,2453,0.0,4490,506,27973
6,28485,2454,1.0,4491,506,27979
6,28491,2455,1.0,4492,506,27985
3,28494,2455,0.0,4493,506,27988
4,28498,2455,0.0,4494,506,27992
10,28508,2456,1.0,4495,506,28002
7,28515,2457,1.0,4496,506,28009
2,28517,2457,0.0,4497,506,28011
7,28524,2458,1.0,4498,506,28018
4,28528,2458,0.0,4499,506,28022
6,28534,2459,1.0,4500,506,28028
8,28542,2460,1.0,4501,506,28036
6,28548,2461,1.0,4502,506,28042
2,28550,2461,0.0,4503,506,28044
10,28560,2462,1.0,4504,506,28054
9,28569,2463,1.0,4505,506,28063
6,28575,2464,1.0,4506,506,28069
6,28581,2465,1.0,4507,506,28075
9,28590,2465,0.0,4508,506,28084
7,28597,2465,0.0,4509,506,28091
9,28606,2466,1.0,4510,506,28100
11,28617,2467,1.0,4511,506,28111
7,28624,2468,1.0,4512,506,28118
6,28630,2469,1.0,4513,506,28124
2,28632,2469,0.0,4514,506,28126
5,28637,2469,0.0,4515,506,28131
3,28640,2469,0.0,4516,506,28134
6,28646,2469,0.0,4517,506,28140
6,28652,2469,0.0,4518,506,28146
7,28659,2470,1.0,4519,506,28153
8,28667,2471,1.0,4520,506,28161
6,28673,2472,1.0,4521,506,28167
8,28681,2473,1.0,4522,506,28175
9,28690,2474,1.0,4523,506,28184
3,28693,2474,0.0,4524,506,28187
8,28701,2475,1.0,4525,506,28195
6,28707,2476,1.0,4526,506,28201
9,28716,2477,1.0,4527,506,28210
6,28722,2478,1.0,4528,506,28216
6,28728,2479,1.0,4529,506,28222
4,28732,2479,0.0,4530,506,28226
11,28743,2480,1.0,4531,506,28237
4,28747,2480,0.0,4532,506,28241
9,28756,2481,1.0,4533,506,28250
4,28760,2481,0.0,4534,506,28254
8,28768,2482,1.0,4535,506,28262
8,28776,2483,1.0,4536,506,28270
4,28780,2483,0.0,4537,506,28274
6,28786,2484,1.0,4538,506,28280
7,28793,2485,1.0,4539,506,28287
8,28801,2486,1.0,4540,506,28295
4,28805,2486,0.0,4541,506,28299
11,28816,2486,0.0,4542,506,28310
6,28822,2487,1.0,4543,506,28316
9,28831,2488,1.0,4544,506,28325
6,28837,2489,1.0,4545,506,28331
9,28846,2490,1.0,4546,506,28340
8,28854,2491,1.0,4547,506,28348
10,28864,2492,1.0,4548,506,28358
6,28870,2493,1.0,4549,506,28364
2,28872,2493,0.0,4550,506,28366
7,28879,2494,1.0,4551,506,28373
4,28883,2494,0.0,4552,506,28377
2,28885,2494,0.0,4553,506,28379
7,28892,2495,1.0,4554,506,28386
6,28898,2496,1.0,4555,506,28392
10,28908,2497,1.0,4556,506,28402
2,28910,2497,0.0,4557,506,28404
5,28915,2497,0.0,4558,506,28409
9,28924,2498,1.0,4559,506,28418
7,28931,2499,1.0,4560,506,28425
7,28938,2500,1.0,4561,506,28432
6,28944,2500,0.0,4562,506,28438
4,28948,2500,0.0,4563,506,28442
8,28956,2501,1.0,4564,506,28450
4,28960,2501,0.0,4565,506,28454
6,28966,2501,0.0,4566,506,28460
12,28978,2502,1.0,4567,506,28472
8,28986,2503,1.0,4568,506,28480
7,28993,2504,1.0,4569,506,28487
7,29000,2505,1.0,4570,506,28494
4,29004,2505,0.0,4571,506,28498
7,29011,2506,1.0,4572,506,28505
4,29015,2506,0.0,4573,506,28509
4,29019,2506,0.0,4574,506,28513
7,29026,2506,0.0,4575,506,28520
2,29028,2506,0.0,4576,506,28522
6,29034,2507,1.0,4577,506,28528
12,29046,2508,1.0,4578,506,28540
2,29048,2508,0.0,4579,506,28542
6,29054,2509,1.0,4580,506,28548
5,29059,2509,0.0,4581,506,28553
6,29065,2510,1.0,4582,506,28559
3,29068,2510,0.0,4583,506,28562
9,29077,2511,1.0,4584,506,28571
2,29079,2511,0.0,4585,506,28573
7,29086,2512,1.0,4586,506,28580
7,29093,2513,1.0,4587,506,28587
8,29101,2514,1.0,4588,506,28595
5,29106,2514,0.0,4589,506,28600
9,29115,2515,1.0,4590,506,28609
6,29121,2516,1.0,4591,506,28615
9,29130,2517,1.0,4592,506,28624
9,29139,2518,1.0,4593,506,28633
7,29146,2519,1.0,4594,506,28640
6,29152,2519,0.0,4595,506,28646
8,29160,2520,1.0,4596,506,28654
6,29166,2521,1.0,4597,506,28660
6,29172,2522,1.0,4598,506,28666
4,29176,2522,0.0,4599,506,28670
6,29182,2523,1.0,4600,506,28676
6,29188,2523,0.0,4601,506,28682
8,29196,2524,1.0,4602,506,28690
6,29202,2525,1.0,4603,506,28696
6,29208,2526,1.0,4604,506,28702
9,29217,2526,0.0,4605,506,28711
4,29221,2526,0.0,4606,506,28715
9,29230,2527,1.0,4607,506,28724
4,29234,2527,0.0,4608,506,28728
8,29242,2528,1.0,4609,506,28736
7,29249,2528,0.0,4610,506,28743
6,29255,2529,1.0,4611,506,28749
13,29268,2530,1.0,4612,506,28762
15,29283,2531,1.0,4613,506,28777
6,29289,2532,1.0,4614,506,28783
7,29296,2533,1.0,4615,506,28790
6,29302,2534,1.0,4616,506,28796
2,29304,2534,0.0,4617,506,28798
6,29310,2535,1.0,4618,506,28804
6,29316,2536,1.0,4619,506,28810
2,29318,2536,0.0,4620,506,28812
6,29324,2537,1.0,4621,506,28818
5,29329,2537,0.0,4622,506,28823
7,29336,2538,1.0,4623,506,28830
6,29342,2539,1.0,4624,506,28836
10,29352,2540,1.0,4625,506,28846
5,29357,2540,0.0,4626,506,28851
6,29363,2540,0.0,4627,506,28857
5,29368,2540,0.0,4628,506,28862
7,29375,2541,1.0,4629,506,28869
4,29379,2541,0.0,4630,506,28873
6,29385,2541,0.0,4631,506,28879
6,29391,2541,0.0,4632,506,28885
8,29399,2542,1.0,4633,506,28893
4,29403,2542,0.0,4634,506,28897
8,29411,2543,1.0,4635,506,28905
9,29420,2544,1.0,4636,506,28914
7,29427,2545,1.0,4637,506,28921
7,29434,2546,1.0,4638,506,28928
3,29437,2546,0.0,4639,506,28931
2,29439,2546,0.0,4640,506,28933
9,29448,2547,1.0,4641,506,28942
6,29454,2548,1.0,4642,506,28948
8,29462,2549,1.0,4643,506,28956
4,29466,2549,0.0,4644,506,28960
7,29473,2550,1.0,4645,506,28967
5,29478,2550,0.0,4646,506,28972
9,29487,2550,0.0,4647,506,28981
6,29493,2551,1.0,4648,506,28987
7,29500,2552,1.0,4649,506,28994
2,29502,2552,0.0,4650,506,28996
8,29510,2553,1.0,4651,506,29004
7,29517,2553,0.0,4652,506,29011
6,29523,2554,1.0,4653,506,29017
12,29535,2555,1.0,4654,506,29029
8,29543,2556,1.0,4655,506,29037
5,29548,2556,0.0,4656,506,29042
8,29556,2557,1.0,4657,506,29050
6,29562,2558,1.0,4658,506,29056
9,29571,2559,1.0,4659,506,29065
7,29578,2560,1.0,4660,506,29072
6,29584,2561,1.0,4661,506,29078
6,29590,2562,1.0,4662,506,29084
3,29593,2562,0.0,4663,506,29087
6,29599,2563,1.0,4664,506,29093
4,29603,2563,0.0,4665,506,29097
4,29607,2563,0.0,4666,506,29101
5,29612,2563,0.0,4667,506,29106
6,29618,2564,1.0,4668,506,29112
6,29624,2565,1.0,4669,506,29118
13,29637,2566,1.0,4670,506,29131
6,29643,2567,1.0,4671,506,29137
7,29650,2568,1.0,4672,506,29144
6,29656,2568,0.0,4673,506,29150
12,29668,2569,1.0,4674,506,29162
6,29674,2570,1.0,4675,506,29168
2,29676,2570,0.0,4676,506,29170
6,29682,2571,1.0,4677,506,29176
5,29687,2571,0.0,4678,506,29181
7,29694,2571,0.0,4679,506,29188
5,29699,2571,0.0,4680,506,29193
4,29703,2571,0.0,4681,506,29197
6,29709,2572,1.0,4682,506,29203
7,29716,2573,1.0,4683,506,29210
9,29725,2574,1.0,4684,506,29219
2,29727,2574,0.0,4685,506,29221
6,29733,2575,1.0,4686,506,29227
7,29740,2576,1.0,4687,506,29234
6,29746,2577,1.0,4688,506,29240
7,29753,2578,1.0,4689,506,29247
6,29759,2579,1.0,4690,506,29253
4,29763,2579,0.0,4691,506,29257
6,29769,2580,1.0,4692,506,29263
10,29779,2581,1.0,4693,506,29273
7,29786,2582,1.0,4694,506,29280
8,29794,2583,1.0,4695,506,29288
6,29800,2584,1.0,4696,506,29294
11,29811,2584,0.0,4697,506,29305
2,29813,2584,0.0,4698,506,29307
4,29817,2584,0.0,4699,506,29311
4,29821,2584,0.0,4700,506,29315
6,29827,2585,1.0,4701,506,29321
6,29833,2585,0.0,4702,506,29327
6,29839,2586,1.0,4703,506,29333
6,29845,2587,1.0,4704,506,29339
4,29849,2587,0.0,4705,506,29343
4,29853,2587,0.0,4706,506,29347
2,29855,2587,0.0,4707,506,29349
5,29860,2587,0.0,4708,506,29354
12,29872,2588,1.0,4709,506,29366
6,29878,2589,1.0,4710,506,29372
3,29881,2589,0.0,4711,506,29375
6,29887,2590,1.0,4712,506,29381
2,29889,2590,0.0,4713,506,29383
7,29896,2590,0.0,4714,506,29390
5,29901,2590,0.0,4715,506,29395
12,29913,2591,1.0,4716,506,29407
6,29919,2592,1.0,4717,506,29413
2,29921,2592,0.0,4718,506,29415
8,29929,2593,1.0,4719,506,29423
3,29932,2593,0.0,4720,506,29426
7,29939,2594,1.0,4721,506,29433
7,29946,2595,1.0,4722,506,29440
2,29948,2595,0.0,4723,506,29442
14,29962,2596,1.0,4724,506,29456
6,29968,2597,1.0,4725,506,29462
8,29976,2598,1.0,4726,506,29470
7,29983,2599,1.0,4727,506,29477
14,29997,2599,0.0,4728,506,29491
4,30001,2599,0.0,4729,506,29495
13,30014,2600,1.0,4730,506,29508
10,30024,2601,1.0,4731,506,29518
6,30030,2602,1.0,4732,506,29524
6,30036,2603,1.0,4733,506,29530
7,30043,2604,1.0,4734,506,29537
11,30054,2605,1.0,4735,506,29548
2,30056,2605,0.0,4736,506,29550
8,30064,2606,1.0,4737,506,29558
3,30067,2606,0.0,4738,506,29561
11,30078,2607,1.0,4739,506,29572
18,30096,2608,1.0,4740,506,29590
2,30098,2608,0.0,4741,506,29592
6,30104,2609,1.0,4742,506,29598
6,30110,2610,1.0,4743,506,29604
9,30119,2611,1.0,4744,506,29613
7,30126,2612,1.0,4745,506,29620
6,30132,2613,1.0,4746,506,29626
7,30139,2614,1.0,4747,506,29633
14,30153,2615,1.0,4748,506,29647
8,30161,2616,1.0,4749,506,29655
6,30167,2617,1.0,4750,506,29661
8,30175,2618,1.0,4751,506,29669
6,30181,2619,1.0,4752,506,29675
7,30188,2620,1.0,4753,506,29682
6,30194,2621,1.0,4754,506,29688
6,30200,2622,1.0,4755,506,29694
2,30202,2622,0.0,4756,506,29696
11,30213,2623,1.0,4757,506,29707
9,30222,2624,1.0,4758,506,29716
2,30224,2624,0.0,4759,506,29718
6,30230,2625,1.0,4760,506,29724
7,30237,2626,1.0,4761,506,29731
6,30243,2626,0.0,4762,506,29737
8,30251,2627,1.0,4763,506,29745
9,30260,2628,1.0,4764,506,29754
6,30266,2629,1.0,4765,506,29760
8,30274,2630,1.0,4766,506,29768
5,30279,2630,0.0,4767,506,29773
5,30284,2630,0.0,4768,506,29778
7,30291,2631,1.0,4769,506,29785
7,30298,2632,1.0,4770,506,29792
8,30306,2633,1.0,4771,506,29800
7,30313,2634,1.0,4772,506,29807
7,30320,2635,1.0,4773,506,29814
4,30324,2635,0.0,4774,506,29818
6,30330,2636,1.0,4775,506,29824
10,30340,2636,0.0,4776,506,29834
3,30343,2636,0.0,4777,506,29837
7,30350,2637,1.0,4778,506,29844
5,30355,2637,0.0,4779,506,29849
9,30364,2638,1.0,4780,506,29858
11,30375,2639,1.0,4781,506,29869
7,30382,2640,1.0,4782,506,29876
7,30389,2640,0.0,4783,506,29883
6,30395,2641,1.0,4784,506,29889
8,30403,2642,1.0,4785,506,29897
2,30405,2642,0.0,4786,506,29899
2,30407,2642,0.0,4787,506,29901
7,30414,2643,1.0,4788,506,29908
8,30422,2643,0.0,4789,506,29916
5,30427,2643,0.0,4790,506,29921
7,30434,2643,0.0,4791,506,29928
6,30440,2644,1.0,4792,506,29934
6,30446,2645,1.0,4793,506,29940
4,30450,2645,0.0,4794,506,29944
5,30455,2645,0.0,4795,506,29949
6,30461,2646,1.0,4796,506,29955
7,30468,2647,1.0,4797,506,29962
2,30470,2647,0.0,4798,506,29964
2,30472,2647,0.0,4799,506,29966
6,30478,2648,1.0,4800,506,29972
7,30485,2649,1.0,4801,506,29979
8,30493,2650,1.0,4802,506,29987
2,30495,2650,0.0,4803,506,29989
6,30501,2651,1.0,4804,506,29995
7,30508,2652,1.0,4805,506,30002
9,30517,2653,1.0,4806,506,30011
7,30524,2653,0.0,4807,506,30018
7,30531,2654,1.0,4808,506,30025
2,30533,2654,0.0,4809,506,30027
6,30539,2655,1.0,4810,506,30033
6,30545,2656,1.0,4811,506,30039
4,30549,2656,0.0,4812,506,30043
6,30555,2657,1.0,4813,506,30049
10,30565,2658,1.0,4814,506,30059
12,30577,2659,1.0,4815,506,30071
8,30585,2660,1.0,4816,506,30079
8,30593,2660,0.0,4817,506,30087
7,30600,2661,1.0,4818,506,30094
10,30610,2662,1.0,4819,506,30104
6,30616,2663,1.0,4820,506,30110
2,30618,2663,0.0,4821,506,30112
6,30624,2664,1.0,4822,506,30118
7,30631,2664,0.0,4823,506,30125
2,30633,2664,0.0,4824,506,30127
7,30640,2664,0.0,4825,506,30134
13,30653,2665,1.0,4826,506,30147
8,30661,2666,1.0,4827,506,30155
7,30668,2667,1.0,4828,506,30162
7,30675,2668,1.0,4829,506,30169
11,30686,2669,1.0,4830,506,30180
10,30696,2670,1.0,4831,506,30190
7,30703,2671,1.0,4832,506,30197
6,30709,2672,1.0,4833,506,30203
8,30717,2673,1.0,4834,506,30211
2,30719,2673,0.0,4835,506,30213
6,30725,2674,1.0,4836,506,30219
9,30734,2675,1.0,4837,506,30228
7,30741,2676,1.0,4838,506,30235
8,30749,2677,1.0,4839,506,30243
6,30755,2678,1.0,4840,506,30249
7,30762,2679,1.0,4841,506,30256
4,30766,2679,0.0,4842,506,30260
8,30774,2680,1.0,4843,506,30268
6,30780,2681,1.0,4844,506,30274
8,30788,2681,0.0,4845,506,30282
8,30796,2681,0.0,4846,506,30290
7,30803,2681,0.0,4847,506,30297
9,30812,2682,1.0,4848,506,30306
6,30818,2682,0.0,4849,506,30312
6,30824,2683,1.0,4850,506,30318
11,30835,2684,1.0,4851,506,30329
6,30841,2685,1.0,4852,506,30335
8,30849,2685,0.0,4853,506,30343
8,30857,2685,0.0,4854,506,30351
6,30863,2685,0.0,4855,506,30357
4,30867,2685,0.0,4856,506,30361
6,30873,2686,1.0,4857,506,30367
6,30879,2687,1.0,4858,506,30373
2,30881,2687,0.0,4859,506,30375
4,30885,2687,0.0,4860,506,30379
6,30891,2688,1.0,4861,506,30385
10,30901,2689,1.0,4862,506,30395
6,30907,2690,1.0,4863,506,30401
2,30909,2690,0.0,4864,506,30403
6,30915,2690,0.0,4865,506,30409
6,30921,2691,1.0,4866,506,30415
6,30927,2692,1.0,4867,506,30421
7,30934,2693,1.0,4868,506,30428
10,30944,2694,1.0,4869,506,30438
6,30950,2695,1.0,4870,506,30444
7,30957,2695,0.0,4871,506,30451
6,30963,2696,1.0,4872,506,30457
9,30972,2697,1.0,4873,506,30466
6,30978,2697,0.0,4874,506,30472
6,30984,2698,1.0,4875,506,30478
4,30988,2698,0.0,4876,506,30482
9,30997,2699,1.0,4877,506,30491
6,31003,2700,1.0,4878,506,30497
2,31005,2700,0.0,4879,506,30499
10,31015,2701,1.0,4880,506,30509
2,31017,2701,0.0,4881,506,30511
2,31019,2701,0.0,4882,506,30513
4,31023,2701,0.0,4883,506,30517
6,31029,2702,1.0,4884,506,30523
2,31031,2702,0.0,4885,506,30525
6,31037,2703,1.0,4886,506,30531
8,31045,2704,1.0,4887,506,30539
7,31052,2705,1.0,4888,506,30546
9,31061,2705,0.0,4889,506,30555
2,31063,2705,0.0,4890,506,30557
6,31069,2706,1.0,4891,506,30563
10,31079,2707,1.0,4892,506,30573
12,31091,2707,0.0,4893,506,30585
4,31095,2707,0.0,4894,506,30589
6,31101,2708,1.0,4895,506,30595
2,31103,2708,0.0,4896,506,30597
7,31110,2709,1.0,4897,506,30604
7,31117,2710,1.0,4898,506,30611
7,31124,2711,1.0,4899,506,30618
6,31130,2712,1.0,4900,506,30624
4,31134,2712,0.0,4901,506,30628
9,31143,2713,1.0,4902,506,30637
2,31145,2713,0.0,4903,506,30639
7,31152,2714,1.0,4904,506,30646
7,31159,2715,1.0,4905,506,30653
6,31165,2716,1.0,4906,506,30659
4,31169,2716,0.0,4907,506,30663
8,31177,2716,0.0,4908,506,30671
6,31183,2717,1.0,4909,506,30677
4,31187,2717,0.0,4910,506,30681
8,31195,2717,0.0,4911,506,30689
7,31202,2718,1.0,4912,506,30696
5,31207,2718,0.0,4913,506,30701
4,31211,2718,0.0,4914,506,30705
6,31217,2718,0.0,4915,506,30711
5,31222,2718,0.0,4916,506,30716
6,31228,2719,1.0,4917,506,30722
4,31232,2719,0.0,4918,506,30726
6,31238,2720,1.0,4919,506,30732
2,31240,2720,0.0,4920,506,30734
6,31246,2720,0.0,4921,506,30740
8,31254,2721,1.0,4922,506,30748
11,31265,2722,1.0,4923,506,30759
2,31267,2722,0.0,4924,506,30761
6,31273,2723,1.0,4925,506,30767
2,31275,2723,0.0,4926,506,30769
13,31288,2724,1.0,4927,506,30782
2,31290,2724,0.0,4928,506,30784
6,31296,2725,1.0,4929,506,30790
8,31304,2726,1.0,4930,506,30798
5,31309,2726,0.0,4931,506,30803
6,31315,2727,1.0,4932,506,30809
2,31317,2727,0.0,4933,506,30811
2,31319,2727,0.0,4934,506,30813
7,31326,2728,1.0,4935,506,30820
10,31336,2729,1.0,4936,506,30830
6,31342,2730,1.0,4937,506,30836
6,31348,2731,1.0,4938,506,30842
8,31356,2732,1.0,4939,506,30850
7,31363,2733,1.0,4940,506,30857
4,31367,2733,0.0,4941,506,30861
9,31376,2734,1.0,4942,506,30870
9,31385,2735,1.0,4943,506,30879
6,31391,2735,0.0,4944,506,30885
7,31398,2736,1.0,4945,506,30892
10,31408,2737,1.0,4946,506,30902
6,31414,2738,1.0,4947,506,30908
6,31420,2739,1.0,4948,506,30914
2,31422,2739,0.0,4949,506,30916
6,31428,2739,0.0,4950,506,30922
4,31432,2739,0.0,4951,506,30926
6,31438,2740,1.0,4952,506,30932
6,31444,2741,1.0,4953,506,30938
9,31453,2742,1.0,4954,506,30947
2,31455,2742,0.0,4955,506,30949
7,31462,2743,1.0,4956,506,30956
6,31468,2744,1.0,4957,506,30962
5,31473,2744,0.0,4958,506,30967
6,31479,2745,1.0,4959,506,30973
2,31481,2745,0.0,4960,506,30975
6,31487,2746,1.0,4961,506,30981
7,31494,2746,0.0,4962,506,30988
5,31499,2746,0.0,4963,506,30993
7,31506,2747,1.0,4964,506,31000
6,31512,2748,1.0,4965,506,31006
6,31518,2749,1.0,4966,506,31012
4,31522,2749,0.0,4967,506,31016
7,31529,2750,1.0,4968,506,31023
9,31538,2751,1.0,4969,506,31032
7,31545,2751,0.0,4970,506,31039
2,31547,2751,0.0,4971,506,31041
6,31553,2752,1.0,4972,506,31047
13,31566,2753,1.0,4973,506,31060
8,31574,2754,1.0,4974,506,31068
4,31578,2754,0.0,4975,506,31072
7,31585,2755,1.0,4976,506,31079
7,31592,2756,1.0,4977,506,31086
7,31599,2757,1.0,4978,506,31093
4,31603,2757,0.0,4979,506,31097
6,31609,2758,1.0,4980,506,31103
7,31616,2759,1.0,4981,506,31110
10,31626,2760,1.0,4982,506,31120
10,31636,2761,1.0,4983,506,31130
8,31644,2762,1.0,4984,506,31138
9,31653,2762,0.0,4985,506,31147
5,31658,2762,0.0,4986,506,31152
6,31664,2763,1.0,4987,506,31158
8,31672,2764,1.0,4988,506,31166
11,31683,2765,1.0,4989,506,31177
6,31689,2766,1.0,4990,506,31183
5,31694,2766,0.0,4991,506,31188
2,31696,2766,0.0,4992,506,31190
6,31702,2767,1.0,4993,506,31196
5,31707,2767,0.0,4994,506,31201
8,31715,2768,1.0,4995,506,31209
6,31721,2769,1.0,4996,506,31215
9,31730,2770,1.0,4997,506,31224
7,31737,2771,1.0,4998,506,31231
4,31741,2771,0.0,4999,506,31235
6,31747,2772,1.0,5000,506,31241
6,31753,2773,1.0,5001,506,31247
2,31755,2773,0.0,5002,506,31249
6,31761,2774,1.0,5003,506,31255
7,31768,2775,1.0,5004,506,31262
8,31776,2776,1.0,5005,506,31270
7,31783,2777,1.0,5006,506,31277
6,31789,2778,1.0,5007,506,31283
6,31795,2778,0.0,5008,506,31289
7,31802,2779,1.0,5009,506,31296
4,31806,2779,0.0,5010,506,31300
7,31813,2780,1.0,5011,506,31307
6,31819,2781,1.0,5012,506,31313
7,31826,2782,1.0,5013,506,31320
6,31832,2783,1.0,5014,506,31326
5,31837,2783,0.0,5015,506,31331
6,31843,2784,1.0,5016,506,31337
6,31849,2785,1.0,5017,506,31343
4,31853,2785,0.0,5018,506,31347
8,31861,2786,1.0,5019,506,31355
4,31865,2786,0.0,5020,506,31359
14,31879,2786,0.0,5021,506,31373
6,31885,2787,1.0,5022,506,31379
9,31894,2788,1.0,5023,506,31388
7,31901,2789,1.0,5024,506,31395
6,31907,2790,1.0,5025,506,31401
8,31915,2791,1.0,5026,506,31409
10,31925,2792,1.0,5027,506,31419
7,31932,2792,0.0,5028,506,31426
7,31939,2793,1.0,5029,506,31433
19,31958,2794,1.0,5030,506,31452
6,31964,2795,1.0,5031,506,31458
2,31966,2795,0.0,5032,506,31460
9,31975,2796,1.0,5033,506,31469
8,31983,2797,1.0,5034,506,31477
5,31988,2797,0.0,5035,506,31482
6,31994,2798,1.0,5036,506,31488
8,32002,2799,1.0,5037,506,31496
6,32008,2799,0.0,5038,506,31502
6,32014,2800,1.0,5039,506,31508
2,32016,2800,0.0,5040,506,31510
9,32025,2801,1.0,5041,506,31519
9,32034,2801,0.0,5042,506,31528
6,32040,2802,1.0,5043,506,31534
4,32044,2802,0.0,5044,506,31538
5,32049,2802,0.0,5045,506,31543
8,32057,2802,0.0,5046,506,31551
2,32059,2802,0.0,5047,506,31553
10,32069,2803,1.0,5048,506,31563
6,32075,2804,1.0,5049,506,31569
6,32081,2805,1.0,5050,506,31575
6,32087,2806,1.0,5051,506,31581
4,32091,2806,0.0,5052,506,31585
10,32101,2807,1.0,5053,506,31595
3,32104,2807,0.0,5054,506,31598
6,32110,2808,1.0,5055,506,31604
6,32116,2809,1.0,5056,506,31610
10,32126,2810,1.0,5057,506,31620
3,32129,2810,0.0,5058,506,31623
11,32140,2810,0.0,5059,506,31634
7,32147,2811,1.0,5060,506,31641
2,32149,2811,0.0,5061,506,31643
2,32151,2811,0.0,5062,506,31645
6,32157,2812,1.0,5063,506,31651
10,32167,2813,1.0,5064,506,31661
6,32173,2814,1.0,5065,506,31667
6,32179,2815,1.0,5066,506,31673
4,32183,2815,0.0,5067,506,31677
6,32189,2816,1.0,5068,506,31683
13,32202,2817,1.0,5069,506,31696
5,32207,2817,0.0,5070,506,31701
5,32212,2817,0.0,5071,506,31706
7,32219,2818,1.0,5072,506,31713
6,32225,2819,1.0,5073,506,31719
4,32229,2819,0.0,5074,506,31723
6,32235,2820,1.0,5075,506,31729
5,32240,2820,0.0,5076,506,31734
7,32247,2821,1.0,5077,506,31741
6,32253,2822,1.0,5078,506,31747
6,32259,2822,0.0,5079,506,31753
7,32266,2822,0.0,5080,506,31760
9,32275,2823,1.0,5081,506,31769
8,32283,2823,0.0,5082,506,31777
10,32293,2824,1.0,5083,506,31787
6,32299,2825,1.0,5084,506,31793
3,32302,2825,0.0,5085,506,31796
13,32315,2826,1.0,5086,506,31809
15,32330,2827,1.0,5087,506,31824
6,32336,2828,1.0,5088,506,31830
6,32342,2829,1.0,5089,506,31836
7,32349,2830,1.0,5090,506,31843
10,32359,2831,1.0,5091,506,31853
6,32365,2832,1.0,5092,506,31859
6,32371,2833,1.0,5093,506,31865
7,32378,2834,1.0,5094,506,31872
8,32386,2835,1.0,5095,506,31880
2,32388,2835,0.0,5096,506,31882
4,32392,2835,0.0,5097,506,31886
6,32398,2836,1.0,5098,506,31892
7,32405,2836,0.0,5099,506,31899
7,32412,2837,1.0,5100,506,31906
8,32420,2838,1.0,5101,506,31914
10,32430,2839,1.0,5102,506,31924
7,32437,2840,1.0,5103,506,31931
6,32443,2841,1.0,5104,506,31937
11,32454,2842,1.0,5105,506,31948
6,32460,2843,1.0,5106,506,31954
9,32469,2844,1.0,5107,506,31963
6,32475,2845,1.0,5108,506,31969
7,32482,2846,1.0,5109,506,31976
5,32487,2846,0.0,5110,506,31981
2,32489,2846,0.0,5111,506,31983
5,32494,2846,0.0,5112,506,31988
8,32502,2847,1.0,5113,506,31996
6,32508,2848,1.0,5114,506,32002
6,32514,2849,1.0,5115,506,32008
6,32520,2850,1.0,5116,506,32014
7,32527,2851,1.0,5117,506,32021
8,32535,2851,0.0,5118,506,32029
5,32540,2851,0.0,5119,506,32034
18,32558,2852,1.0,5120,506,32052
7,32565,2852,0.0,5121,506,32059
9,32574,2853,1.0,5122,506,32068
2,32576,2853,0.0,5123,506,32070
6,32582,2854,1.0,5124,506,32076
6,32588,2854,0.0,5125,506,32082
6,32594,2855,1.0,5126,506,32088
4,32598,2855,0.0,5127,506,32092
6,32604,2856,1.0,5128,506,32098
6,32610,2857,1.0,5129,506,32104
6,32616,2858,1.0,5130,506,32110
4,32620,2858,0.0,5131,506,32114
8,32628,2859,1.0,5132,506,32122
3,32631,2859,0.0,5133,506,32125
2,32633,2859,0.0,5134,506,32127
7,32640,2860,1.0,5135,506,32134
4,32644,2860,0.0,5136,506,32138
7,32651,2861,1.0,5137,506,32145
7,32658,2862,1.0,5138,506,32152
4,32662,2862,0.0,5139,506,32156
7,32669,2863,1.0,5140,506,32163
9,32678,2864,1.0,5141,506,32172
2,32680,2864,0.0,5142,506,32174
4,32684,2864,0.0,5143,506,32178
11,32695,2865,1.0,5144,506,32189
6,32701,2866,1.0,5145,506,32195
6,32707,2867,1.0,5146,506,32201
5,32712,2867,0.0,5147,506,32206
6,32718,2868,1.0,5148,506,32212
6,32724,2869,1.0,5149,506,32218
10,32734,2870,1.0,5150,506,32228
3,32737,2870,0.0,5151,506,32231
7,32744,2871,1.0,5152,506,32238
7,32751,2872,1.0,5153,506,32245
7,32758,2872,0.0,5154,506,32252
6,32764,2873,1.0,5155,506,32258
2,32766,2873,0.0,5156,506,32260
6,32772,2874,1.0,5157,506,32266
8,32780,2875,1.0,5158,506,32274
8,32788,2876,1.0,5159,506,32282
4,32792,2876,0.0,5160,506,32286
7,32799,2876,0.0,5161,506,32293
4,32803,2876,0.0,5162,506,32297
4,32807,2876,0.0,5163,506,32301
10,32817,2877,1.0,5164,506,32311
9,32826,2878,1.0,5165,506,32320
4,32830,2878,0.0,5166,506,32324
4,32834,2878,0.0,5167,506,32328
7,32841,2879,1.0,5168,506,32335
4,32845,2879,0.0,5169,506,32339
7,32852,2880,1.0,5170,506,32346
10,32862,2881,1.0,5171,506,32356
8,32870,2881,0.0,5172,506,32364
6,32876,2882,1.0,5173,506,32370
7,32883,2882,0.0,5174,506,32377
6,32889,2883,1.0,5175,506,32383
8,32897,2884,1.0,5176,506,32391
6,32903,2885,1.0,5177,506,32397
8,32911,2885,0.0,5178,506,32405
6,32917,2885,0.0,5179,506,32411
8,32925,2885,0.0,5180,506,32419
6,32931,2885,0.0,5181,506,32425
4,32935,2885,0.0,5182,506,32429
6,32941,2886,1.0,5183,506,32435
10,32951,2887,1.0,5184,506,32445
10,32961,2888,1.0,5185,506,32455
6,32967,2889,1.0,5186,506,32461
6,32973,2890,1.0,5187,506,32467
7,32980,2891,1.0,5188,506,32474
11,32991,2892,1.0,5189,506,32485
2,32993,2892,0.0,5190,506,32487
15,33008,2893,1.0,5191,506,32502
6,33014,2894,1.0,5192,506,32508
6,33020,2895,1.0,5193,506,32514
6,33026,2896,1.0,5194,506,32520
6,33032,2897,1.0,5195,506,32526
8,33040,2898,1.0,5196,506,32534
10,33050,2899,1.0,5197,506,32544
4,33054,2899,0.0,5198,506,32548
7,33061,2899,0.0,5199,506,32555
2,33063,2899,0.0,5200,506,32557
6,33069,2900,1.0,5201,506,32563
6,33075,2901,1.0,5202,506,32569
4,33079,2901,0.0,5203,506,32573
7,33086,2901,0.0,5204,506,32580
6,33092,2902,1.0,5205,506,32586
4,33096,2902,0.0,5206,506,32590
9,33105,2903,1.0,5207,506,32599
7,33112,2904,1.0,5208,506,32606
9,33121,2904,0.0,5209,506,32615
7,33128,2905,1.0,5210,506,32622
5,33133,2905,0.0,5211,506,32627
2,33135,2905,0.0,5212,506,32629
4,33139,2905,0.0,5213,506,32633
7,33146,2905,0.0,5214,506,32640
6,33152,2906,1.0,5215,506,32646
3,33155,2906,0.0,5216,506,32649
6,33161,2907,1.0,5217,506,32655
6,33167,2908,1.0,5218,506,32661
8,33175,2909,1.0,5219,506,32669
8,33183,2910,1.0,5220,506,32677
6,33189,2911,1.0,5221,506,32683
4,33193,2911,0.0,5222,506,32687
7,33200,2912,1.0,5223,506,32694
4,33204,2912,0.0,5224,506,32698
7,33211,2913,1.0,5225,506,32705
7,33218,2914,1.0,5226,506,32712
2,33220,2914,0.0,5227,506,32714
2,33222,2914,0.0,5228,506,32716
9,33231,2915,1.0,5229,506,32725
13,33244,2916,1.0,5230,506,32738
8,33252,2917,1.0,5231,506,32746
9,33261,2918,1.0,5232,506,32755
6,33267,2919,1.0,5233,506,32761
13,33280,2919,0.0,5234,506,32774
7,33287,2920,1.0,5235,506,32781
7,33294,2920,0.0,5236,506,32788
3,33297,2920,0.0,5237,506,32791
14,33311,2921,1.0,5238,506,32805
8,33319,2922,1.0,5239,506,32813
8,33327,2923,1.0,5240,506,32821
6,33333,2924,1.0,5241,506,32827
6,33339,2925,1.0,5242,506,32833
17,33356,2926,1.0,5243,506,32850
6,33362,2927,1.0,5244,506,32856
3,33365,2927,0.0,5245,506,32859
7,33372,2928,1.0,5246,506,32866
5,33377,2928,0.0,5247,506,32871
3,33380,2928,0.0,5248,506,32874
4,33384,2928,0.0,5249,506,32878
6,33390,2929,1.0,5250,506,32884
9,33399,2930,1.0,5251,506,32893
7,33406,2931,1.0,5252,506,32900
7,33413,2932,1.0,5253,506,32907
6,33419,2933,1.0,5254,506,32913
2,33421,2933,0.0,5255,506,32915
6,33427,2934,1.0,5256,506,32921
9,33436,2935,1.0,5257,506,32930
7,33443,2936,1.0,5258,506,32937
8,33451,2937,1.0,5259,506,32945
4,33455,2937,0.0,5260,506,32949
6,33461,2938,1.0,5261,506,32955
11,33472,2939,1.0,5262,506,32966
7,33479,2940,1.0,5263,506,32973
8,33487,2941,1.0,5264,506,32981
6,33493,2942,1.0,5265,506,32987
7,33500,2943,1.0,5266,506,32994
6,33506,2944,1.0,5267,506,33000
6,33512,2944,0.0,5268,506,33006
7,33519,2944,0.0,5269,506,33013
7,33526,2945,1.0,5270,506,33020
6,33532,2946,1.0,5271,506,33026
6,33538,2947,1.0,5272,506,33032
8,33546,2948,1.0,5273,506,33040
12,33558,2948,0.0,5274,506,33052
4,33562,2948,0.0,5275,506,33056
6,33568,2949,1.0,5276,506,33062
7,33575,2949,0.0,5277,506,33069
6,33581,2950,1.0,5278,506,33075
10,33591,2951,1.0,5279,506,33085
4,33595,2951,0.0,5280,506,33089
9,33604,2952,1.0,5281,506,33098
5,33609,2952,0.0,5282,506,33103
11,33620,2952,0.0,5283,506,33114
6,33626,2953,1.0,5284,506,33120
7,33633,2954,1.0,5285,506,33127
7,33640,2955,1.0,5286,506,33134
4,33644,2955,0.0,5287,506,33138
13,33657,2956,1.0,5288,506,33151
7,33664,2957,1.0,5289,506,33158
7,33671,2958,1.0,5290,506,33165
6,33677,2959,1.0,5291,506,33171
7,33684,2960,1.0,5292,506,33178
6,33690,2961,1.0,5293,506,33184
7,33697,2962,1.0,5294,506,33191
7,33704,2962,0.0,5295,506,33198
6,33710,2963,1.0,5296,506,33204
11,33721,2964,1.0,5297,506,33215
4,33725,2964,0.0,5298,506,33219
3,33728,2964,0.0,5299,506,33222
6,33734,2965,1.0,5300,506,33228
11,33745,2966,1.0,5301,506,33239
2,33747,2966,0.0,5302,506,33241
5,33752,2966,0.0,5303,506,33246
4,33756,2966,0.0,5304,506,33250
8,33764,2967,1.0,5305,506,33258
10,33774,2968,1.0,5306,506,33268
6,33780,2969,1.0,5307,506,33274
8,33788,2970,1.0,5308,506,33282
7,33795,2971,1.0,5309,506,33289
4,33799,2971,0.0,5310,506,33293
7,33806,2972,1.0,5311,506,33300
10,33816,2973,1.0,5312,506,33310
4,33820,2973,0.0,5313,506,33314
7,33827,2973,0.0,5314,506,33321
4,33831,2973,0.0,5315,506,33325
9,33840,2974,1.0,5316,506,33334
8,33848,2975,1.0,5317,506,33342
7,33855,2976,1.0,5318,506,33349
5,33860,2976,0.0,5319,506,33354
11,33871,2977,1.0,5320,506,33365
7,33878,2978,1.0,5321,506,33372
6,33884,2979,1.0,5322,506,33378
8,33892,2980,1.0,5323,506,33386
9,33901,2981,1.0,5324,506,33395
6,33907,2982,1.0,5325,506,33401
10,33917,2983,1.0,5326,506,33411
7,33924,2984,1.0,5327,506,33418
5,33929,2984,0.0,5328,506,33423
4,33933,2984,0.0,5329,506,33427
9,33942,2985,1.0,5330,506,33436
6,33948,2985,0.0,5331,506,33442
6,33954,2985,0.0,5332,506,33448
3,33957,2985,0.0,5333,506,33451
8,33965,2986,1.0,5334,506,33459
5,33970,2986,0.0,5335,506,33464
9,33979,2987,1.0,5336,506,33473
7,33986,2988,1.0,5337,506,33480
8,33994,2989,1.0,5338,506,33488
10,34004,2990,1.0,5339,506,33498
9,34013,2990,0.0,5340,506,33507
6,34019,2991,1.0,5341,506,33513
6,34025,2992,1.0,5342,506,33519
10,34035,2993,1.0,5343,506,33529
15,34050,2994,1.0,5344,506,33544
8,34058,2995,1.0,5345,506,33552
6,34064,2996,1.0,5346,506,33558
4,34068,2996,0.0,5347,506,33562
7,34075,2997,1.0,5348,506,33569
6,34081,2997,0.0,5349,506,33575
6,34087,2998,1.0,5350,506,33581
5,34092,2998,0.0,5351,506,33586
4,34096,2998,0.0,5352,506,33590
6,34102,2998,0.0,5353,506,33596
6,34108,2999,1.0,5354,506,33602
9,34117,3000,1.0,5355,506,33611
11,34128,3001,1.0,5356,506,33622
13,34141,3002,1.0,5357,506,33635
6,34147,3003,1.0,5358,506,33641
10,34157,3004,1.0,5359,506,33651
6,34163,3005,1.0,5360,506,33657
8,34171,3006,1.0,5361,506,33665
6,34177,3007,1.0,5362,506,33671
8,34185,3008,1.0,5363,506,33679
11,34196,3009,1.0,5364,506,33690
6,34202,3010,1.0,5365,506,33696
4,34206,3010,0.0,5366,506,33700
8,34214,3011,1.0,5367,506,33708
6,34220,3012,1.0,5368,506,33714
6,34226,3013,1.0,5369,506,33720
7,34233,3014,1.0,5370,506,33727
3,34236,3014,0.0,5371,506,33730
6,34242,3014,0.0,5372,506,33736
8,34250,3015,1.0,5373,506,33744
8,34258,3016,1.0,5374,506,33752
9,34267,3017,1.0,5375,506,33761
4,34271,3017,0.0,5376,506,33765
11,34282,3018,1.0,5377,506,33776
6,34288,3019,1.0,5378,506,33782
4,34292,3019,0.0,5379,506,33786
7,34299,3020,1.0,5380,506,33793
3,34302,3020,0.0,5381,506,33796
6,34308,3021,1.0,5382,506,33802
6,34314,3022,1.0,5383,506,33808
10,34324,3023,1.0,5384,506,33818
8,34332,3024,1.0,5385,506,33826
7,34339,3025,1.0,5386,506,33833
4,34343,3025,0.0,5387,506,33837
6,34349,3026,1.0,5388,506,33843
6,34355,3027,1.0,5389,506,33849
2,34357,3027,0.0,5390,506,33851
2,34359,3027,0.0,5391,506,33853
6,34365,3028,1.0,5392,506,33859
6,34371,3029,1.0,5393,506,33865
4,34375,3029,0.0,5394,506,33869
6,34381,3030,1.0,5395,506,33875
4,34385,3030,0.0,5396,506,33879
4,34389,3030,0.0,5397,506,33883
5,34394,3030,0.0,5398,506,33888
14,34408,3031,1.0,5399,506,33902
11,34419,3032,1.0,5400,506,33913
11,34430,3032,0.0,5401,506,33924
2,34432,3032,0.0,5402,506,33926
6,34438,3032,0.0,5403,506,33932
2,34440,3032,0.0,5404,506,33934
11,34451,3033,1.0,5405,506,33945
2,34453,3033,0.0,5406,506,33947
5,34458,3033,0.0,5407,506,33952
13,34471,3034,1.0,5408,506,33965
7,34478,3035,1.0,5409,506,33972
10,34488,3036,1.0,5410,506,33982
12,34500,3037,1.0,5411,506,33994
6,34506,3038,1.0,5412,506,34000
2,34508,3038,0.0,5413,506,34002
8,34516,3039,1.0,5414,506,34010
2,34518,3039,0.0,5415,506,34012
2,34520,3039,0.0,5416,506,34014
6,34526,3040,1.0,5417,506,34020
7,34533,3040,0.0,5418,506,34027
11,34544,3041,1.0,5419,506,34038
8,34552,3042,1.0,5420,506,34046
6,34558,3043,1.0,5421,506,34052
6,34564,3044,1.0,5422,506,34058
11,34575,3044,0.0,5423,506,34069
8,34583,3044,0.0,5424,506,34077
6,34589,3045,1.0,5425,506,34083
8,34597,3046,1.0,5426,506,34091
3,34600,3046,0.0,5427,506,34094
8,34608,3047,1.0,5428,506,34102
8,34616,3048,1.0,5429,506,34110
7,34623,3049,1.0,5430,506,34117
6,34629,3050,1.0,5431,506,34123
3,34632,3050,0.0,5432,506,34126
6,34638,3051,1.0,5433,506,34132
8,34646,3052,1.0,5434,506,34140
6,34652,3053,1.0,5435,506,34146
7,34659,3054,1.0,5436,506,34153
10,34669,3055,1.0,5437,506,34163
4,34673,3055,0.0,5438,506,34167
3,34676,3055,0.0,5439,506,34170
6,34682,3056,1.0,5440,506,34176
4,34686,3056,0.0,5441,506,34180
3,34689,3056,0.0,5442,506,34183
6,34695,3057,1.0,5443,506,34189
7,34702,3058,1.0,5444,506,34196
7,34709,3059,1.0,5445,506,34203
6,34715,3060,1.0,5446,506,34209
12,34727,3060,0.0,5447,506,34221
8,34735,3061,1.0,5448,506,34229
3,34738,3061,0.0,5449,506,34232
4,34742,3061,0.0,5450,506,34236
4,34746,3061,0.0,5451,506,34240
10,34756,3061,0.0,5452,506,34250
6,34762,3062,1.0,5453,506,34256
9,34771,3063,1.0,5454,506,34265
10,34781,3063,0.0,5455,506,34275
5,34786,3063,0.0,5456,506,34280
7,34793,3064,1.0,5457,506,34287
6,34799,3065,1.0,5458,506,34293
9,34808,3066,1.0,5459,506,34302
11,34819,3067,1.0,5460,506,34313
6,34825,3068,1.0,5461,506,34319
7,34832,3069,1.0,5462,506,34326
2,34834,3069,0.0,5463,506,34328
6,34840,3069,0.0,5464,506,34334
6,34846,3070,1.0,5465,506,34340
7,34853,3071,1.0,5466,506,34347
7,34860,3072,1.0,5467,506,34354
8,34868,3073,1.0,5468,506,34362
10,34878,3074,1.0,5469,506,34372
4,34882,3074,0.0,5470,506,34376
7,34889,3075,1.0,5471,506,34383
6,34895,3075,0.0,5472,506,34389
7,34902,3076,1.0,5473,506,34396
6,34908,3077,1.0,5474,506,34402
10,34918,3078,1.0,5475,506,34412
5,34923,3078,0.0,5476,506,34417
6,34929,3079,1.0,5477,506,34423
2,34931,3079,0.0,5478,506,34425
5,34936,3079,0.0,5479,506,34430
5,34941,3079,0.0,5480,506,34435
7,34948,3079,0.0,5481,506,34442
6,34954,3080,1.0,5482,506,34448
7,34961,3080,0.0,5483,506,34455
4,34965,3080,0.0,5484,506,34459
6,34971,3081,1.0,5485,506,34465
6,34977,3082,1.0,5486,506,34471
4,34981,3082,0.0,5487,506,34475
10,34991,3083,1.0,5488,506,34485
6,34997,3084,1.0,5489,506,34491
7,35004,3085,1.0,5490,506,34498
6,35010,3086,1.0,5491,506,34504
4,35014,3086,0.0,5492,506,34508
6,35020,3087,1.0,5493,506,34514
4,35024,3087,0.0,5494,506,34518
10,35034,3088,1.0,5495,506,34528
2,35036,3088,0.0,5496,506,34530
4,35040,3088,0.0,5497,506,34534
8,35048,3089,1.0,5498,506,34542
9,35057,3090,1.0,5499,506,34551
7,35064,3091,1.0,5500,506,34558
8,35072,3092,1.0,5501,506,34566
6,35078,3093,1.0,5502,506,34572
6,35084,3094,1.0,5503,506,34578
6,35090,3095,1.0,5504,506,34584
10,35100,3096,1.0,5505,506,34594
2,35102,3096,0.0,5506,506,34596
8,35110,3097,1.0,5507,506,34604
14,35124,3097,0.0,5508,506,34618
6,35130,3098,1.0,5509,506,34624
7,35137,3099,1.0,5510,506,34631
6,35143,3100,1.0,5511,506,34637
6,35149,3101,1.0,5512,506,34643
7,35156,3102,1.0,5513,506,34650
5,35161,3102,0.0,5514,506,34655
6,35167,3103,1.0,5515,506,34661
7,35174,3104,1.0,5516,506,34668
5,35179,3104,0.0,5517,506,34673
15,35194,3105,1.0,5518,506,34688
6,35200,3106,1.0,5519,506,34694
7,35207,3107,1.0,5520,506,34701
6,35213,3108,1.0,5521,506,34707
7,35220,3109,1.0,5522,506,34714
6,35226,3110,1.0,5523,506,34720
6,35232,3111,1.0,5524,506,34726
6,35238,3112,1.0,5525,506,34732
5,35243,3112,0.0,5526,506,34737
6,35249,3113,1.0,5527,506,34743
10,35259,3114,1.0,5528,506,34753
6,35265,3115,1.0,5529,506,34759
4,35269,3115,0.0,5530,506,34763
6,35275,3116,1.0,5531,506,34769
2,35277,3116,0.0,5532,506,34771
2,35279,3116,0.0,5533,506,34773
6,35285,3116,0.0,5534,506,34779
7,35292,3117,1.0,5535,506,34786
5,35297,3117,0.0,5536,506,34791
8,35305,3118,1.0,5537,506,34799
11,35316,3119,1.0,5538,506,34810
4,35320,3119,0.0,5539,506,34814
4,35324,3119,0.0,5540,506,34818
10,35334,3119,0.0,5541,506,34828
7,35341,3120,1.0,5542,506,34835
2,35343,3120,0.0,5543,506,34837
6,35349,3120,0.0,5544,506,34843
2,35351,3120,0.0,5545,506,34845
7,35358,3121,1.0,5546,506,34852
6,35364,3122,1.0,5547,506,34858
7,35371,3123,1.0,5548,506,34865
7,35378,3124,1.0,5549,506,34872
3,35381,3124,0.0,5550,506,34875
4,35385,3124,0.0,5551,506,34879
7,35392,3124,0.0,5552,506,34886
8,35400,3125,1.0,5553,506,34894
8,35408,3126,1.0,5554,506,34902
4,35412,3126,0.0,5555,506,34906
6,35418,3127,1.0,5556,506,34912
8,35426,3128,1.0,5557,506,34920
7,35433,3129,1.0,5558,506,34927
3,35436,3129,0.0,5559,506,34930
4,35440,3129,0.0,5560,506,34934
7,35447,3130,1.0,5561,506,34941
3,35450,3130,0.0,5562,506,34944
4,35454,3130,0.0,5563,506,34948
10,35464,3131,1.0,5564,506,34958
3,35467,3131,0.0,5565,506,34961
4,35471,3131,0.0,5566,506,34965
6,35477,3132,1.0,5567,506,34971
7,35484,3133,1.0,5568,506,34978
6,35490,3134,1.0,5569,506,34984
13,35503,3135,1.0,5570,506,34997
9,35512,3136,1.0,5571,506,35006
6,35518,3137,1.0,5572,506,35012
8,35526,3138,1.0,5573,506,35020
11,35537,3139,1.0,5574,506,35031
6,35543,3140,1.0,5575,506,35037
7,35550,3141,1.0,5576,506,35044
6,35556,3141,0.0,5577,506,35050
4,35560,3141,0.0,5578,506,35054
4,35564,3141,0.0,5579,506,35058
15,35579,3142,1.0,5580,506,35073
6,35585,3143,1.0,5581,506,35079
11,35596,3144,1.0,5582,506,35090
11,35607,3144,0.0,5583,506,35101
5,35612,3144,0.0,5584,506,35106
8,35620,3145,1.0,5585,506,35114
6,35626,3146,1.0,5586,506,35120
6,35632,3147,1.0,5587,506,35126
3,35635,3147,0.0,5588,506,35129
6,35641,3147,0.0,5589,506,35135
3,35644,3147,0.0,5590,506,35138
11,35655,3148,1.0,5591,506,35149
8,35663,3149,1.0,5592,506,35157
17,35680,3149,0.0,5593,506,35174
5,35685,3149,0.0,5594,506,35179
3,35688,3149,0.0,5595,506,35182
6,35694,3150,1.0,5596,506,35188
9,35703,3151,1.0,5597,506,35197
9,35712,3152,1.0,5598,506,35206
7,35719,3153,1.0,5599,506,35213
2,35721,3153,0.0,5600,506,35215
3,35724,3153,0.0,5601,506,35218
5,35729,3153,0.0,5602,506,35223
7,35736,3154,1.0,5603,506,35230
2,35738,3154,0.0,5604,506,35232
6,35744,3155,1.0,5605,506,35238
4,35748,3155,0.0,5606,506,35242
4,35752,3155,0.0,5607,506,35246
7,35759,3156,1.0,5608,506,35253
7,35766,3157,1.0,5609,506,35260
11,35777,3157,0.0,5610,506,35271
4,35781,3157,0.0,5611,506,35275
8,35789,3158,1.0,5612,506,35283
5,35794,3158,0.0,5613,506,35288
2,35796,3158,0.0,5614,506,35290
8,35804,3159,1.0,5615,506,35298
2,35806,3159,0.0,5616,506,35300
6,35812,3160,1.0,5617,506,35306
3,35815,3160,0.0,5618,506,35309
6,35821,3161,1.0,5619,506,35315
7,35828,3162,1.0,5620,506,35322
2,35830,3162,0.0,5621,506,35324
3,35833,3162,0.0,5622,506,35327
2,35835,3162,0.0,5623,506,35329
4,35839,3162,0.0,5624,506,35333
3,35842,3162,0.0,5625,506,35336
16,35858,3162,0.0,5626,506,35352
6,35864,3163,1.0,5627,506,35358
6,35870,3163,0.0,5628,506,35364
7,35877,3164,1.0,5629,506,35371
5,35882,3164,0.0,5630,506,35376
7,35889,3165,1.0,5631,506,35383
7,35896,3166,1.0,5632,506,35390
4,35900,3166,0.0,5633,506,35394
9,35909,3167,1.0,5634,506,35403
12,35921,3168,1.0,5635,506,35415
6,35927,3169,1.0,5636,506,35421
14,35941,3169,0.0,5637,506,35435
7,35948,3170,1.0,5638,506,35442
2,35950,3170,0.0,5639,506,35444
6,35956,3170,0.0,5640,506,35450
15,35971,3170,0.0,5641,506,35465
4,35975,3170,0.0,5642,506,35469
8,35983,3171,1.0,5643,506,35477
4,35987,3171,0.0,5644,506,35481
6,35993,3172,1.0,5645,506,35487
10,36003,3173,1.0,5646,506,35497
7,36010,3174,1.0,5647,506,35504
2,36012,3174,0.0,5648,506,35506
6,36018,3175,1.0,5649,506,35512
8,36026,3176,1.0,5650,506,35520
4,36030,3176,0.0,5651,506,35524
8,36038,3177,1.0,5652,506,35532
2,36040,3177,0.0,5653,506,35534
9,36049,3178,1.0,5654,506,35543
8,36057,3178,0.0,5655,506,35551
6,36063,3179,1.0,5656,506,35557
6,36069,3180,1.0,5657,506,35563
2,36071,3180,0.0,5658,506,35565
4,36075,3180,0.0,5659,506,35569
5,36080,3180,0.0,5660,506,35574
6,36086,3181,1.0,5661,506,35580
6,36092,3182,1.0,5662,506,35586
6,36098,3183,1.0,5663,506,35592
5,36103,3183,0.0,5664,506,35597
8,36111,3184,1.0,5665,506,35605
2,36113,3184,0.0,5666,506,35607
8,36121,3185,1.0,5667,506,35615
10,36131,3186,1.0,5668,506,35625
7,36138,3187,1.0,5669,506,35632
6,36144,3188,1.0,5670,506,35638
6,36150,3188,0.0,5671,506,35644
7,36157,3189,1.0,5672,506,35651
8,36165,3190,1.0,5673,506,35659
6,36171,3191,1.0,5674,506,35665
9,36180,3192,1.0,5675,506,35674
2,36182,3192,0.0,5676,506,35676
7,36189,3193,1.0,5677,506,35683
3,36192,3193,0.0,5678,506,35686
7,36199,3194,1.0,5679,506,35693
9,36208,3195,1.0,5680,506,35702
15,36223,3195,0.0,5681,506,35717
8,36231,3196,1.0,5682,506,35725
8,36239,3197,1.0,5683,506,35733
4,36243,3197,0.0,5684,506,35737
6,36249,3198,1.0,5685,506,35743
5,36254,3198,0.0,5686,506,35748
7,36261,3199,1.0,5687,506,35755
6,36267,3200,1.0,5688,506,35761
6,36273,3201,1.0,5689,506,35767
3,36276,3201,0.0,5690,506,35770
6,36282,3202,1.0,5691,506,35776
12,36294,3203,1.0,5692,506,35788
4,36298,3203,0.0,5693,506,35792
6,36304,3203,0.0,5694,506,35798
7,36311,3204,1.0,5695,506,35805
6,36317,3205,1.0,5696,506,35811
7,36324,3206,1.0,5697,506,35818
10,36334,3207,1.0,5698,506,35828
6,36340,3208,1.0,5699,506,35834
8,36348,3209,1.0,5700,506,35842
7,36355,3210,1.0,5701,506,35849
8,36363,3211,1.0,5702,506,35857
7,36370,3211,0.0,5703,506,35864
6,36376,3212,1.0,5704,506,35870
7,36383,3213,1.0,5705,506,35877
7,36390,3213,0.0,5706,506,35884
9,36399,3214,1.0,5707,506,35893
2,36401,3214,0.0,5708,506,35895
10,36411,3215,1.0,5709,506,35905
6,36417,3216,1.0,5710,506,35911
6,36423,3217,1.0,5711,506,35917
6,36429,3218,1.0,5712,506,35923
6,36435,3218,0.0,5713,506,35929
3,36438,3218,0.0,5714,506,35932
9,36447,3219,1.0,5715,506,35941
9,36456,3220,1.0,5716,506,35950
7,36463,3220,0.0,5717,506,35957
8,36471,3220,0.0,5718,506,35965
4,36475,3220,0.0,5719,506,35969
11,36486,3221,1.0,5720,506,35980
7,36493,3222,1.0,5721,506,35987
8,36501,3222,0.0,5722,506,35995
4,36505,3222,0.0,5723,506,35999
2,36507,3222,0.0,5724,506,36001
4,36511,3222,0.0,5725,506,36005
9,36520,3223,1.0,5726,506,36014
2,36522,3223,0.0,5727,506,36016
7,36529,3224,1.0,5728,506,36023
6,36535,3225,1.0,5729,506,36029
2,36537,3225,0.0,5730,506,36031
10,36547,3226,1.0,5731,506,36041
3,36550,3226,0.0,5732,506,36044
11,36561,3227,1.0,5733,506,36055
7,36568,3227,0.0,5734,506,36062
5,36573,3227,0.0,5735,506,36067
5,36578,3227,0.0,5736,506,36072
2,36580,3227,0.0,5737,506,36074
9,36589,3227,0.0,5738,506,36083
4,36593,3227,0.0,5739,506,36087
8,36601,3227,0.0,5740,506,36095
7,36608,3227,0.0,5741,506,36102
5,36613,3227,0.0,5742,506,36107
7,36620,3228,1.0,5743,506,36114
7,36627,3229,1.0,5744,506,36121
7,36634,3230,1.0,5745,506,36128
6,36640,3231,1.0,5746,506,36134
2,36642,3231,0.0,5747,506,36136
2,36644,3231,0.0,5748,506,36138
3,36647,3231,0.0,5749,506,36141
5,36652,3231,0.0,5750,506,36146
8,36660,3232,1.0,5751,506,36154
6,36666,3232,0.0,5752,506,36160
10,36676,3233,1.0,5753,506,36170
7,36683,3234,1.0,5754,506,36177
6,36689,3235,1.0,5755,506,36183
11,36700,3236,1.0,5756,506,36194
7,36707,3237,1.0,5757,506,36201
5,36712,3237,0.0,5758,506,36206
7,36719,3237,0.0,5759,506,36213
12,36731,3237,0.0,5760,506,36225
4,36735,3237,0.0,5761,506,36229
7,36742,3238,1.0,5762,506,36236
12,36754,3239,1.0,5763,506,36248
4,36758,3239,0.0,5764,506,36252
4,36762,3239,0.0,5765,506,36256
2,36764,3239,0.0,5766,506,36258
7,36771,3239,0.0,5767,506,36265
6,36777,3240,1.0,5768,506,36271
6,36783,3241,1.0,5769,506,36277
6,36789,3242,1.0,5770,506,36283
6,36795,3242,0.0,5771,506,36289
6,36801,3243,1.0,5772,506,36295
2,36803,3243,0.0,5773,506,36297
6,36809,3244,1.0,5774,506,36303
8,36817,3245,1.0,5775,506,36311
7,36824,3245,0.0,5776,506,36318
3,36827,3245,0.0,5777,506,36321
3,36830,3245,0.0,5778,506,36324
6,36836,3246,1.0,5779,506,36330
3,36839,3246,0.0,5780,506,36333
9,36848,3247,1.0,5781,506,36342
6,36854,3248,1.0,5782,506,36348
8,36862,3249,1.0,5783,506,36356
16,36878,3250,1.0,5784,506,36372
8,36886,3251,1.0,5785,506,36380
7,36893,3251,0.0,5786,506,36387
9,36902,3252,1.0,5787,506,36396
11,36913,3253,1.0,5788,506,36407
6,36919,3254,1.0,5789,506,36413
15,36934,3254,0.0,5790,506,36428
5,36939,3254,0.0,5791,506,36433
9,36948,3255,1.0,5792,506,36442
9,36957,3256,1.0,5793,506,36451
6,36963,3257,1.0,5794,506,36457
12,36975,3258,1.0,5795,506,36469
7,36982,3259,1.0,5796,506,36476
4,36986,3259,0.0,5797,506,36480
11,36997,3259,0.0,5798,506,36491
7,37004,3260,1.0,5799,506,36498
6,37010,3260,0.0,5800,506,36504
2,37012,3260,0.0,5801,506,36506
6,37018,3261,1.0,5802,506,36512
4,37022,3261,0.0,5803,506,36516
4,37026,3261,0.0,5804,506,36520
8,37034,3262,1.0,5805,506,36528
12,37046,3263,1.0,5806,506,36540
7,37053,3264,1.0,5807,506,36547
10,37063,3264,0.0,5808,506,36557
6,37069,3265,1.0,5809,506,36563
11,37080,3265,0.0,5810,506,36574
5,37085,3265,0.0,5811,506,36579
3,37088,3265,0.0,5812,506,36582
6,37094,3266,1.0,5813,506,36588
6,37100,3267,1.0,5814,506,36594
4,37104,3267,0.0,5815,506,36598
9,37113,3267,0.0,5816,506,36607
8,37121,3268,1.0,5817,506,36615
2,37123,3268,0.0,5818,506,36617
7,37130,3269,1.0,5819,506,36624
6,37136,3269,0.0,5820,506,36630
6,37142,3270,1.0,5821,506,36636
8,37150,3271,1.0,5822,506,36644
3,37153,3271,0.0,5823,506,36647
7,37160,3271,0.0,5824,506,36654
6,37166,3271,0.0,5825,506,36660
7,37173,3272,1.0,5826,506,36667
9,37182,3273,1.0,5827,506,36676
6,37188,3274,1.0,5828,506,36682
4,37192,3274,0.0,5829,506,36686
3,37195,3274,0.0,5830,506,36689
7,37202,3275,1.0,5831,506,36696
2,37204,3275,0.0,5832,506,36698
4,37208,3275,0.0,5833,506,36702
7,37215,3276,1.0,5834,506,36709
2,37217,3276,0.0,5835,506,36711
6,37223,3277,1.0,5836,506,36717
4,37227,3277,0.0,5837,506,36721
6,37233,3278,1.0,5838,506,36727
6,37239,3279,1.0,5839,506,36733
7,37246,3280,1.0,5840,506,36740
4,37250,3280,0.0,5841,506,36744
8,37258,3281,1.0,5842,506,36752
5,37263,3281,0.0,5843,506,36757
9,37272,3282,1.0,5844,506,36766
8,37280,3283,1.0,5845,506,36774
6,37286,3284,1.0,5846,506,36780
5,37291,3284,0.0,5847,506,36785
6,37297,3285,1.0,5848,506,36791
7,37304,3286,1.0,5849,506,36798
4,37308,3286,0.0,5850,506,36802
4,37312,3286,0.0,5851,506,36806
16,37328,3286,0.0,5852,506,36822
7,37335,3287,1.0,5853,506,36829
6,37341,3288,1.0,5854,506,36835
2,37343,3288,0.0,5855,506,36837
3,37346,3288,0.0,5856,506,36840
2,37348,3288,0.0,5857,506,36842
6,37354,3289,1.0,5858,506,36848
4,37358,3289,0.0,5859,506,36852
5,37363,3289,0.0,5860,506,36857
6,37369,3290,1.0,5861,506,36863
8,37377,3291,1.0,5862,506,36871
7,37384,3292,1.0,5863,506,36878
4,37388,3292,0.0,5864,506,36882
4,37392,3292,0.0,5865,506,36886
9,37401,3293,1.0,5866,506,36895
10,37411,3294,1.0,5867,506,36905
9,37420,3295,1.0,5868,506,36914
6,37426,3296,1.0,5869,506,36920
5,37431,3296,0.0,5870,506,36925
11,37442,3297,1.0,5871,506,36936
13,37455,3298,1.0,5872,506,36949
2,37457,3298,0.0,5873,506,36951
9,37466,3299,1.0,5874,506,36960
7,37473,3300,1.0,5875,506,36967
6,37479,3301,1.0,5876,506,36973
8,37487,3302,1.0,5877,506,36981
7,37494,3303,1.0,5878,506,36988
6,37500,3304,1.0,5879,506,36994
7,37507,3305,1.0,5880,506,37001
6,37513,3306,1.0,5881,506,37007
7,37520,3307,1.0,5882,506,37014
8,37528,3308,1.0,5883,506,37022
2,37530,3308,0.0,5884,506,37024
6,37536,3309,1.0,5885,506,37030
6,37542,3309,0.0,5886,506,37036
7,37549,3310,1.0,5887,506,37043
2,37551,3310,0.0,5888,506,37045
7,37558,3311,1.0,5889,506,37052
5,37563,3311,0.0,5890,506,37057
10,37573,3312,1.0,5891,506,37067
4,37577,3312,0.0,5892,506,37071
6,37583,3313,1.0,5893,506,37077
6,37589,3314,1.0,5894,506,37083
2,37591,3314,0.0,5895,506,37085
8,37599,3315,1.0,5896,506,37093
2,37601,3315,0.0,5897,506,37095
10,37611,3316,1.0,5898,506,37105
8,37619,3317,1.0,5899,506,37113
6,37625,3318,1.0,5900,506,37119
7,37632,3319,1.0,5901,506,37126
10,37642,3320,1.0,5902,506,37136
8,37650,3321,1.0,5903,506,37144
3,37653,3321,0.0,5904,506,37147
10,37663,3322,1.0,5905,506,37157
3,37666,3322,0.0,5906,506,37160
6,37672,3322,0.0,5907,506,37166
13,37685,3323,1.0,5908,506,37179
10,37695,3324,1.0,5909,506,37189
7,37702,3325,1.0,5910,506,37196
5,37707,3325,0.0,5911,506,37201
11,37718,3326,1.0,5912,506,37212
4,37722,3326,0.0,5913,506,37216
7,37729,3326,0.0,5914,506,37223
3,37732,3326,0.0,5915,506,37226
7,37739,3327,1.0,5916,506,37233
7,37746,3328,1.0,5917,506,37240
9,37755,3328,0.0,5918,506,37249
6,37761,3329,1.0,5919,506,37255
7,37768,3330,1.0,5920,506,37262
5,37773,3330,0.0,5921,506,37267
2,37775,3330,0.0,5922,506,37269
8,37783,3331,1.0,5923,506,37277
8,37791,3332,1.0,5924,506,37285
2,37793,3332,0.0,5925,506,37287
7,37800,3332,0.0,5926,506,37294
4,37804,3332,0.0,5927,506,37298
11,37815,3332,0.0,5928,506,37309
10,37825,3333,1.0,5929,506,37319
8,37833,3333,0.0,5930,506,37327
2,37835,3333,0.0,5931,506,37329
11,37846,3334,1.0,5932,506,37340
10,37856,3335,1.0,5933,506,37350
13,37869,3335,0.0,5934,506,37363
8,37877,3336,1.0,5935,506,37371
7,37884,3337,1.0,5936,506,37378
8,37892,3337,0.0,5937,506,37386
4,37896,3337,0.0,5938,506,37390
7,37903,3338,1.0,5939,506,37397
4,37907,3338,0.0,5940,506,37401
6,37913,3339,1.0,5941,506,37407
8,37921,3340,1.0,5942,506,37415
5,37926,3340,0.0,5943,506,37420
5,37931,3340,0.0,5944,506,37425
6,37937,3341,1.0,5945,506,37431
11,37948,3342,1.0,5946,506,37442
6,37954,3343,1.0,5947,506,37448
6,37960,3344,1.0,5948,506,37454
6,37966,3345,1.0,5949,506,37460
6,37972,3345,0.0,5950,506,37466
8,37980,3345,0.0,5951,506,37474
2,37982,3345,0.0,5952,506,37476
6,37988,3346,1.0,5953,506,37482
8,37996,3347,1.0,5954,506,37490
8,38004,3348,1.0,5955,506,37498
6,38010,3349,1.0,5956,506,37504
7,38017,3350,1.0,5957,506,37511
6,38023,3351,1.0,5958,506,37517
20,38043,3352,1.0,5959,506,37537
10,38053,3352,0.0,5960,506,37547
2,38055,3352,0.0,5961,506,37549
6,38061,3353,1.0,5962,506,37555
10,38071,3354,1.0,5963,506,37565
8,38079,3355,1.0,5964,506,37573
9,38088,3355,0.0,5965,506,37582
7,38095,3356,1.0,5966,506,37589
6,38101,3356,0.0,5967,506,37595
6,38107,3357,1.0,5968,506,37601
7,38114,3358,1.0,5969,506,37608
7,38121,3359,1.0,5970,506,37615
4,38125,3359,0.0,5971,506,37619
14,38139,3360,1.0,5972,506,37633
5,38144,3360,0.0,5973,506,37638
7,38151,3360,0.0,5974,506,37645
8,38159,3361,1.0,5975,506,37653
7,38166,3362,1.0,5976,506,37660
7,38173,3363,1.0,5977,506,37667
6,38179,3364,1.0,5978,506,37673
7,38186,3365,1.0,5979,506,37680
9,38195,3366,1.0,5980,506,37689
6,38201,3367,1.0,5981,506,37695
3,38204,3367,0.0,5982,506,37698
4,38208,3367,0.0,5983,506,37702
10,38218,3368,1.0,5984,506,37712
8,38226,3369,1.0,5985,506,37720
6,38232,3370,1.0,5986,506,37726
7,38239,3371,1.0,5987,506,37733
9,38248,3372,1.0,5988,506,37742
4,38252,3372,0.0,5989,506,37746
10,38262,3373,1.0,5990,506,37756
5,38267,3373,0.0,5991,506,37761
2,38269,3373,0.0,5992,506,37763
6,38275,3374,1.0,5993,506,37769
11,38286,3374,0.0,5994,506,37780
7,38293,3375,1.0,5995,506,37787
6,38299,3376,1.0,5996,506,37793
6,38305,3377,1.0,5997,506,37799
7,38312,3378,1.0,5998,506,37806
6,38318,3379,1.0,5999,506,37812
2,38320,3379,0.0,6000,506,37814
7,38327,3380,1.0,6001,506,37821
7,38334,3380,0.0,6002,506,37828
9,38343,3381,1.0,6003,506,37837
4,38347,3381,0.0,6004,506,37841
4,38351,3381,0.0,6005,506,37845
3,38354,3381,0.0,6006,506,37848
6,38360,3382,1.0,6007,506,37854
10,38370,3383,1.0,6008,506,37864
8,38378,3384,1.0,6009,506,37872
7,38385,3385,1.0,6010,506,37879
6,38391,3386,1.0,6011,506,37885
2,38393,3386,0.0,6012,506,37887
6,38399,3387,1.0,6013,506,37893
7,38406,3387,0.0,6014,506,37900
7,38413,3388,1.0,6015,506,37907
6,38419,3389,1.0,6016,506,37913
8,38427,3390,1.0,6017,506,37921
8,38435,3391,1.0,6018,506,37929
7,38442,3392,1.0,6019,506,37936
5,38447,3392,0.0,6020,506,37941
2,38449,3392,0.0,6021,506,37943
6,38455,3393,1.0,6022,506,37949
6,38461,3394,1.0,6023,506,37955
7,38468,3395,1.0,6024,506,37962
6,38474,3396,1.0,6025,506,37968
7,38481,3396,0.0,6026,506,37975
9,38490,3397,1.0,6027,506,37984
6,38496,3398,1.0,6028,506,37990
4,38500,3398,0.0,6029,506,37994
8,38508,3398,0.0,6030,506,38002
6,38514,3399,1.0,6031,506,38008
5,38519,3399,0.0,6032,506,38013
6,38525,3400,1.0,6033,506,38019
9,38534,3400,0.0,6034,506,38028
7,38541,3401,1.0,6035,506,38035
2,38543,3401,0.0,6036,506,38037
6,38549,3402,1.0,6037,506,38043
8,38557,3403,1.0,6038,506,38051
8,38565,3404,1.0,6039,506,38059
6,38571,3405,1.0,6040,506,38065
4,38575,3405,0.0,6041,506,38069
5,38580,3405,0.0,6042,506,38074
6,38586,3406,1.0,6043,506,38080
6,38592,3406,0.0,6044,506,38086
6,38598,3406,0.0,6045,506,38092
7,38605,3407,1.0,6046,506,38099
2,38607,3407,0.0,6047,506,38101
8,38615,3408,1.0,6048,506,38109
6,38621,3409,1.0,6049,506,38115
7,38628,3410,1.0,6050,506,38122
6,38634,3410,0.0,6051,506,38128
7,38641,3411,1.0,6052,506,38135
4,38645,3411,0.0,6053,506,38139
7,38652,3412,1.0,6054,506,38146
15,38667,3413,1.0,6055,506,38161
7,38674,3413,0.0,6056,506,38168
2,38676,3413,0.0,6057,506,38170
5,38681,3413,0.0,6058,506,38175
8,38689,3414,1.0,6059,506,38183
6,38695,3415,1.0,6060,506,38189
7,38702,3416,1.0,6061,506,38196
6,38708,3417,1.0,6062,506,38202
4,38712,3417,0.0,6063,506,38206
8,38720,3418,1.0,6064,506,38214
9,38729,3419,1.0,6065,506,38223
4,38733,3419,0.0,6066,506,38227
9,38742,3420,1.0,6067,506,38236
6,38748,3421,1.0,6068,506,38242
6,38754,3421,0.0,6069,506,38248
2,38756,3421,0.0,6070,506,38250
15,38771,3422,1.0,6071,506,38265
6,38777,3423,1.0,6072,506,38271
9,38786,3424,1.0,6073,506,38280
4,38790,3424,0.0,6074,506,38284
8,38798,3425,1.0,6075,506,38292
10,38808,3425,0.0,6076,506,38302
6,38814,3426,1.0,6077,506,38308
6,38820,3427,1.0,6078,506,38314
6,38826,3428,1.0,6079,506,38320
6,38832,3429,1.0,6080,506,38326
10,38842,3430,1.0,6081,506,38336
5,38847,3430,0.0,6082,506,38341
6,38853,3430,0.0,6083,506,38347
6,38859,3430,0.0,6084,506,38353
6,38865,3431,1.0,6085,506,38359
6,38871,3432,1.0,6086,506,38365
6,38877,3433,1.0,6087,506,38371
9,38886,3434,1.0,6088,506,38380
4,38890,3434,0.0,6089,506,38384
2,38892,3434,0.0,6090,506,38386
8,38900,3435,1.0,6091,506,38394
3,38903,3435,0.0,6092,506,38397
4,38907,3435,0.0,6093,506,38401
8,38915,3436,1.0,6094,506,38409
2,38917,3436,0.0,6095,506,38411
7,38924,3437,1.0,6096,506,38418
6,38930,3437,0.0,6097,506,38424
2,38932,3437,0.0,6098,506,38426
2,38934,3437,0.0,6099,506,38428
6,38940,3438,1.0,6100,506,38434
6,38946,3439,1.0,6101,506,38440
2,38948,3439,0.0,6102,506,38442
6,38954,3439,0.0,6103,506,38448
7,38961,3440,1.0,6104,506,38455
6,38967,3441,1.0,6105,506,38461
10,38977,3442,1.0,6106,506,38471
8,38985,3443,1.0,6107,506,38479
9,38994,3444,1.0,6108,506,38488
6,39000,3445,1.0,6109,506,38494
7,39007,3446,1.0,6110,506,38501
6,39013,3447,1.0,6111,506,38507
8,39021,3448,1.0,6112,506,38515
7,39028,3449,1.0,6113,506,38522
7,39035,3450,1.0,6114,506,38529
6,39041,3451,1.0,6115,506,38535
2,39043,3451,0.0,6116,506,38537
5,39048,3451,0.0,6117,506,38542
6,39054,3452,1.0,6118,506,38548
7,39061,3453,1.0,6119,506,38555
9,39070,3454,1.0,6120,506,38564
4,39074,3454,0.0,6121,506,38568
7,39081,3455,1.0,6122,506,38575
8,39089,3455,0.0,6123,506,38583
6,39095,3456,1.0,6124,506,38589
6,39101,3457,1.0,6125,506,38595
7,39108,3458,1.0,6126,506,38602
6,39114,3459,1.0,6127,506,38608
3,39117,3459,0.0,6128,506,38611
5,39122,3459,0.0,6129,506,38616
6,39128,3460,1.0,6130,506,38622
6,39134,3461,1.0,6131,506,38628
9,39143,3461,0.0,6132,506,38637
6,39149,3461,0.0,6133,506,38643
7,39156,3462,1.0,6134,506,38650
6,39162,3462,0.0,6135,506,38656
8,39170,3463,1.0,6136,506,38664
6,39176,3463,0.0,6137,506,38670
6,39182,3464,1.0,6138,506,38676
7,39189,3465,1.0,6139,506,38683
7,39196,3466,1.0,6140,506,38690
8,39204,3467,1.0,6141,506,38698
4,39208,3467,0.0,6142,506,38702
6,39214,3467,0.0,6143,506,38708
8,39222,3468,1.0,6144,506,38716
11,39233,3469,1.0,6145,506,38727
3,39236,3469,0.0,6146,506,38730
4,39240,3469,0.0,6147,506,38734
4,39244,3469,0.0,6148,506,38738
11,39255,3470,1.0,6149,506,38749
4,39259,3470,0.0,6150,506,38753
5,39264,3470,0.0,6151,506,38758
8,39272,3471,1.0,6152,506,38766
9,39281,3472,1.0,6153,506,38775
6,39287,3472,0.0,6154,506,38781
9,39296,3473,1.0,6155,506,38790
8,39304,3474,1.0,6156,506,38798
3,39307,3474,0.0,6157,506,38801
6,39313,3475,1.0,6158,506,38807
8,39321,3476,1.0,6159,506,38815
6,39327,3476,0.0,6160,506,38821
7,39334,3476,0.0,6161,506,38828
7,39341,3476,0.0,6162,506,38835
7,39348,3477,1.0,6163,506,38842
6,39354,3478,1.0,6164,506,38848
10,39364,3478,0.0,6165,506,38858
8,39372,3479,1.0,6166,506,38866
15,39387,3480,1.0,6167,506,38881
15,39402,3481,1.0,6168,506,38896
7,39409,3482,1.0,6169,506,38903
3,39412,3482,0.0,6170,506,38906
2,39414,3482,0.0,6171,506,38908
7,39421,3483,1.0,6172,506,38915
10,39431,3484,1.0,6173,506,38925
4,39435,3484,0.0,6174,506,38929
6,39441,3484,0.0,6175,506,38935
4,39445,3484,0.0,6176,506,38939
8,39453,3485,1.0,6177,506,38947
4,39457,3485,0.0,6178,506,38951
11,39468,3486,1.0,6179,506,38962
12,39480,3487,1.0,6180,506,38974
11,39491,3488,1.0,6181,506,38985
2,39493,3488,0.0,6182,506,38987
5,39498,3488,0.0,6183,506,38992
2,39500,3488,0.0,6184,506,38994
8,39508,3488,0.0,6185,506,39002
7,39515,3489,1.0,6186,506,39009
6,39521,3490,1.0,6187,506,39015
6,39527,3490,0.0,6188,506,39021
7,39534,3490,0.0,6189,506,39028
8,39542,3491,1.0,6190,506,39036
7,39549,3492,1.0,6191,506,39043
7,39556,3493,1.0,6192,506,39050
7,39563,3494,1.0,6193,506,39057
6,39569,3495,1.0,6194,506,39063
6,39575,3496,1.0,6195,506,39069
6,39581,3497,1.0,6196,506,39075
5,39586,3497,0.0,6197,506,39080
6,39592,3498,1.0,6198,506,39086
5,39597,3498,0.0,6199,506,39091
6,39603,3499,1.0,6200,506,39097
6,39609,3500,1.0,6201,506,39103
8,39617,3501,1.0,6202,506,39111
7,39624,3502,1.0,6203,506,39118
14,39638,3503,1.0,6204,506,39132
9,39647,3503,0.0,6205,506,39141
3,39650,3503,0.0,6206,506,39144
11,39661,3504,1.0,6207,506,39155
6,39667,3505,1.0,6208,506,39161
13,39680,3506,1.0,6209,506,39174
2,39682,3506,0.0,6210,506,39176
6,39688,3507,1.0,6211,506,39182
6,39694,3507,0.0,6212,506,39188
8,39702,3508,1.0,6213,506,39196
2,39704,3508,0.0,6214,506,39198
2,39706,3508,0.0,6215,506,39200
6,39712,3509,1.0,6216,506,39206
6,39718,3509,0.0,6217,506,39212
6,39724,3510,1.0,6218,506,39218
8,39732,3511,1.0,6219,506,39226
6,39738,3512,1.0,6220,506,39232
5,39743,3512,0.0,6221,506,39237
6,39749,3513,1.0,6222,506,39243
10,39759,3514,1.0,6223,506,39253
6,39765,3515,1.0,6224,506,39259
7,39772,3516,1.0,6225,506,39266
9,39781,3517,1.0,6226,506,39275
2,39783,3517,0.0,6227,506,39277
4,39787,3517,0.0,6228,506,39281
5,39792,3517,0.0,6229,506,39286
6,39798,3518,1.0,6230,506,39292
7,39805,3519,1.0,6231,506,39299
10,39815,3520,1.0,6232,506,39309
6,39821,3521,1.0,6233,506,39315
10,39831,3522,1.0,6234,506,39325
8,39839,3523,1.0,6235,506,39333
6,39845,3523,0.0,6236,506,39339
4,39849,3523,0.0,6237,506,39343
6,39855,3524,1.0,6238,506,39349
6,39861,3525,1.0,6239,506,39355
9,39870,3526,1.0,6240,506,39364
6,39876,3527,1.0,6241,506,39370
3,39879,3527,0.0,6242,506,39373
6,39885,3528,1.0,6243,506,39379
6,39891,3529,1.0,6244,506,39385
6,39897,3530,1.0,6245,506,39391
4,39901,3530,0.0,6246,506,39395
2,39903,3530,0.0,6247,506,39397
9,39912,3531,1.0,6248,506,39406
9,39921,3532,1.0,6249,506,39415
8,39929,3533,1.0,6250,506,39423
6,39935,3534,1.0,6251,506,39429
2,39937,3534,0.0,6252,506,39431
8,39945,3535,1.0,6253,506,39439
6,39951,3536,1.0,6254,506,39445
9,39960,3537,1.0,6255,506,39454
9,39969,3538,1.0,6256,506,39463
4,39973,3538,0.0,6257,506,39467
8,39981,3539,1.0,6258,506,39475
6,39987,3540,1.0,6259,506,39481
8,39995,3541,1.0,6260,506,39489
6,40001,3541,0.0,6261,506,39495
4,40005,3541,0.0,6262,506,39499
5,40010,3541,0.0,6263,506,39504
6,40016,3542,1.0,6264,506,39510
4,40020,3542,0.0,6265,506,39514
8,40028,3543,1.0,6266,506,39522
6,40034,3544,1.0,6267,506,39528
7,40041,3545,1.0,6268,506,39535
6,40047,3546,1.0,6269,506,39541
6,40053,3547,1.0,6270,506,39547
8,40061,3548,1.0,6271,506,39555
8,40069,3549,1.0,6272,506,39563
7,40076,3550,1.0,6273,506,39570
4,40080,3550,0.0,6274,506,39574
4,40084,3550,0.0,6275,506,39578
6,40090,3550,0.0,6276,506,39584
6,40096,3551,1.0,6277,506,39590
4,40100,3551,0.0,6278,506,39594
6,40106,3552,1.0,6279,506,39600
7,40113,3553,1.0,6280,506,39607
8,40121,3553,0.0,6281,506,39615
9,40130,3554,1.0,6282,506,39624
8,40138,3555,1.0,6283,506,39632
6,40144,3556,1.0,6284,506,39638
4,40148,3556,0.0,6285,506,39642
2,40150,3556,0.0,6286,506,39644
5,40155,3556,0.0,6287,506,39649
9,40164,3557,1.0,6288,506,39658
11,40175,3558,1.0,6289,506,39669
6,40181,3559,1.0,6290,506,39675
4,40185,3559,0.0,6291,506,39679
9,40194,3560,1.0,6292,506,39688
6,40200,3561,1.0,6293,506,39694
7,40207,3562,1.0,6294,506,39701
11,40218,3563,1.0,6295,506,39712
4,40222,3563,0.0,6296,506,39716
2,40224,3563,0.0,6297,506,39718
6,40230,3564,1.0,6298,506,39724
6,40236,3565,1.0,6299,506,39730
7,40243,3565,0.0,6300,506,39737
6,40249,3566,1.0,6301,506,39743
9,40258,3567,1.0,6302,506,39752
9,40267,3568,1.0,6303,506,39761
8,40275,3569,1.0,6304,506,39769
4,40279,3569,0.0,6305,506,39773
6,40285,3570,1.0,6306,506,39779
9,40294,3570,0.0,6307,506,39788
13,40307,3571,1.0,6308,506,39801
9,40316,3572,1.0,6309,506,39810
7,40323,3572,0.0,6310,506,39817
7,40330,3572,0.0,6311,506,39824
7,40337,3572,0.0,6312,506,39831
2,40339,3572,0.0,6313,506,39833
7,40346,3573,1.0,6314,506,39840
6,40352,3574,1.0,6315,506,39846
6,40358,3575,1.0,6316,506,39852
6,40364,3576,1.0,6317,506,39858
3,40367,3576,0.0,6318,506,39861
6,40373,3577,1.0,6319,506,39867
5,40378,3577,0.0,6320,506,39872
3,40381,3577,0.0,6321,506,39875
8,40389,3578,1.0,6322,506,39883
8,40397,3579,1.0,6323,506,39891
6,40403,3580,1.0,6324,506,39897
9,40412,3581,1.0,6325,506,39906
6,40418,3582,1.0,6326,506,39912
8,40426,3583,1.0,6327,506,39920
9,40435,3584,1.0,6328,506,39929
6,40441,3584,0.0,6329,506,39935
6,40447,3584,0.0,6330,506,39941
8,40455,3585,1.0,6331,506,39949
16,40471,3586,1.0,6332,506,39965
5,40476,3586,0.0,6333,506,39970
7,40483,3587,1.0,6334,506,39977
11,40494,3588,1.0,6335,506,39988
4,40498,3588,0.0,6336,506,39992
2,40500,3588,0.0,6337,506,39994
13,40513,3589,1.0,6338,506,40007
8,40521,3589,0.0,6339,506,40015
6,40527,3590,1.0,6340,506,40021
4,40531,3590,0.0,6341,506,40025
11,40542,3591,1.0,6342,506,40036
6,40548,3592,1.0,6343,506,40042
8,40556,3593,1.0,6344,506,40050
9,40565,3594,1.0,6345,506,40059
6,40571,3595,1.0,6346,506,40065
9,40580,3596,1.0,6347,506,40074
4,40584,3596,0.0,6348,506,40078
5,40589,3596,0.0,6349,506,40083
8,40597,3597,1.0,6350,506,40091
9,40606,3598,1.0,6351,506,40100
6,40612,3599,1.0,6352,506,40106
2,40614,3599,0.0,6353,506,40108
6,40620,3600,1.0,6354,506,40114
5,40625,3600,0.0,6355,506,40119
2,40627,3600,0.0,6356,506,40121
8,40635,3601,1.0,6357,506,40129
3,40638,3601,0.0,6358,506,40132
8,40646,3602,1.0,6359,506,40140
6,40652,3603,1.0,6360,506,40146
2,40654,3603,0.0,6361,506,40148
6,40660,3604,1.0,6362,506,40154
7,40667,3605,1.0,6363,506,40161
9,40676,3606,1.0,6364,506,40170
5,40681,3606,0.0,6365,506,40175
5,40686,3606,0.0,6366,506,40180
10,40696,3607,1.0,6367,506,40190
2,40698,3607,0.0,6368,506,40192
6,40704,3608,1.0,6369,506,40198
12,40716,3609,1.0,6370,506,40210
7,40723,3610,1.0,6371,506,40217
5,40728,3610,0.0,6372,506,40222
4,40732,3610,0.0,6373,506,40226
15,40747,3611,1.0,6374,506,40241
5,40752,3611,0.0,6375,506,40246
5,40757,3611,0.0,6376,506,40251
2,40759,3611,0.0,6377,506,40253
9,40768,3612,1.0,6378,506,40262
10,40778,3612,0.0,6379,506,40272
4,40782,3612,0.0,6380,506,40276
9,40791,3613,1.0,6381,506,40285
3,40794,3613,0.0,6382,506,40288
8,40802,3614,1.0,6383,506,40296
9,40811,3615,1.0,6384,506,40305
7,40818,3616,1.0,6385,506,40312
12,40830,3617,1.0,6386,506,40324
7,40837,3618,1.0,6387,506,40331
7,40844,3619,1.0,6388,506,40338
6,40850,3620,1.0,6389,506,40344
7,40857,3621,1.0,6390,506,40351
5,40862,3621,0.0,6391,506,40356
6,40868,3622,1.0,6392,506,40362
6,40874,3623,1.0,6393,506,40368
6,40880,3624,1.0,6394,506,40374
2,40882,3624,0.0,6395,506,40376
12,40894,3625,1.0,6396,506,40388
6,40900,3626,1.0,6397,506,40394
4,40904,3626,0.0,6398,506,40398
7,40911,3626,0.0,6399,506,40405
7,40918,3627,1.0,6400,506,40412
6,40924,3628,1.0,6401,506,40418
10,40934,3629,1.0,6402,506,40428
8,40942,3630,1.0,6403,506,40436
5,40947,3630,0.0,6404,506,40441
7,40954,3631,1.0,6405,506,40448
6,40960,3632,1.0,6406,506,40454
2,40962,3632,0.0,6407,506,40456
4,40966,3632,0.0,6408,506,40460
9,40975,3633,1.0,6409,506,40469
6,40981,3634,1.0,6410,506,40475
6,40987,3635,1.0,6411,506,40481
8,40995,3636,1.0,6412,506,40489
6,41001,3636,0.0,6413,506,40495
4,41005,3636,0.0,6414,506,40499
3,41008,3636,0.0,6415,506,40502
8,41016,3637,1.0,6416,506,40510
2,41018,3637,0.0,6417,506,40512
4,41022,3637,0.0,6418,506,40516
6,41028,3638,1.0,6419,506,40522
7,41035,3639,1.0,6420,506,40529
10,41045,3640,1.0,6421,506,40539
11,41056,3641,1.0,6422,506,40550
7,41063,3642,1.0,6423,506,40557
6,41069,3643,1.0,6424,506,40563
7,41076,3643,0.0,6425,506,40570
6,41082,3644,1.0,6426,506,40576
7,41089,3645,1.0,6427,506,40583
3,41092,3645,0.0,6428,506,40586
8,41100,3646,1.0,6429,506,40594
9,41109,3647,1.0,6430,506,40603
7,41116,3648,1.0,6431,506,40610
8,41124,3649,1.0,6432,506,40618
14,41138,3650,1.0,6433,506,40632
3,41141,3650,0.0,6434,506,40635
12,41153,3651,1.0,6435,506,40647
2,41155,3651,0.0,6436,506,40649
8,41163,3652,1.0,6437,506,40657
2,41165,3652,0.0,6438,506,40659
10,41175,3652,0.0,6439,506,40669
4,41179,3652,0.0,6440,506,40673
6,41185,3653,1.0,6441,506,40679
7,41192,3654,1.0,6442,506,40686
4,41196,3654,0.0,6443,506,40690
7,41203,3654,0.0,6444,506,40697
6,41209,3655,1.0,6445,506,40703
6,41215,3656,1.0,6446,506,40709
4,41219,3656,0.0,6447,506,40713
6,41225,3657,1.0,6448,506,40719
7,41232,3657,0.0,6449,506,40726
8,41240,3658,1.0,6450,506,40734
10,41250,3659,1.0,6451,506,40744
5,41255,3659,0.0,6452,506,40749
6,41261,3660,1.0,6453,506,40755
8,41269,3660,0.0,6454,506,40763
6,41275,3660,0.0,6455,506,40769
6,41281,3661,1.0,6456,506,40775
6,41287,3662,1.0,6457,506,40781
5,41292,3662,0.0,6458,506,40786
10,41302,3663,1.0,6459,506,40796
6,41308,3664,1.0,6460,506,40802
9,41317,3665,1.0,6461,506,40811
8,41325,3666,1.0,6462,506,40819
8,41333,3666,0.0,6463,506,40827
6,41339,3667,1.0,6464,506,40833
8,41347,3668,1.0,6465,506,40841
14,41361,3669,1.0,6466,506,40855
8,41369,3670,1.0,6467,506,40863
6,41375,3671,1.0,6468,506,40869
2,41377,3671,0.0,6469,506,40871
8,41385,3672,1.0,6470,506,40879
8,41393,3673,1.0,6471,506,40887
4,41397,3673,0.0,6472,506,40891
4,41401,3673,0.0,6473,506,40895
7,41408,3674,1.0,6474,506,40902
8,41416,3675,1.0,6475,506,40910
13,41429,3676,1.0,6476,506,40923
9,41438,3677,1.0,6477,506,40932
9,41447,3678,1.0,6478,506,40941
6,41453,3678,0.0,6479,506,40947
4,41457,3678,0.0,6480,506,40951
10,41467,3679,1.0,6481,506,40961
3,41470,3679,0.0,6482,506,40964
3,41473,3679,0.0,6483,506,40967
6,41479,3679,0.0,6484,506,40973
10,41489,3680,1.0,6485,506,40983
6,41495,3680,0.0,6486,506,40989
13,41508,3681,1.0,6487,506,41002
6,41514,3682,1.0,6488,506,41008
8,41522,3683,1.0,6489,506,41016
6,41528,3684,1.0,6490,506,41022
8,41536,3685,1.0,6491,506,41030
2,41538,3685,0.0,6492,506,41032
10,41548,3686,1.0,6493,506,41042
14,41562,3687,1.0,6494,506,41056
6,41568,3687,0.0,6495,506,41062
6,41574,3688,1.0,6496,506,41068
5,41579,3688,0.0,6497,506,41073
6,41585,3689,1.0,6498,506,41079
3,41588,3689,0.0,6499,506,41082
8,41596,3690,1.0,6500,506,41090
7,41603,3691,1.0,6501,506,41097
7,41610,3692,1.0,6502,506,41104
7,41617,3693,1.0,6503,506,41111
7,41624,3694,1.0,6504,506,41118
9,41633,3695,1.0,6505,506,41127
4,41637,3695,0.0,6506,506,41131
5,41642,3695,0.0,6507,506,41136
8,41650,3695,0.0,6508,506,41144
6,41656,3696,1.0,6509,506,41150
4,41660,3696,0.0,6510,506,41154
6,41666,3696,0.0,6511,506,41160
2,41668,3696,0.0,6512,506,41162
5,41673,3696,0.0,6513,506,41167
8,41681,3697,1.0,6514,506,41175
2,41683,3697,0.0,6515,506,41177
8,41691,3698,1.0,6516,506,41185
9,41700,3698,0.0,6517,506,41194
6,41706,3699,1.0,6518,506,41200
9,41715,3700,1.0,6519,506,41209
5,41720,3700,0.0,6520,506,41214
8,41728,3701,1.0,6521,506,41222
6,41734,3702,1.0,6522,506,41228
8,41742,3703,1.0,6523,506,41236
6,41748,3704,1.0,6524,506,41242
7,41755,3704,0.0,6525,506,41249
10,41765,3705,1.0,6526,506,41259
3,41768,3705,0.0,6527,506,41262
14,41782,3706,1.0,6528,506,41276
6,41788,3707,1.0,6529,506,41282
9,41797,3708,1.0,6530,506,41291
6,41803,3709,1.0,6531,506,41297
7,41810,3710,1.0,6532,506,41304
8,41818,3710,0.0,6533,506,41312
8,41826,3711,1.0,6534,506,41320
6,41832,3712,1.0,6535,506,41326
7,41839,3713,1.0,6536,506,41333
11,41850,3714,1.0,6537,506,41344
2,41852,3714,0.0,6538,506,41346
6,41858,3715,1.0,6539,506,41352
7,41865,3715,0.0,6540,506,41359
7,41872,3716,1.0,6541,506,41366
7,41879,3717,1.0,6542,506,41373
6,41885,3717,0.0,6543,506,41379
9,41894,3718,1.0,6544,506,41388
7,41901,3719,1.0,6545,506,41395
6,41907,3720,1.0,6546,506,41401
4,41911,3720,0.0,6547,506,41405
12,41923,3721,1.0,6548,506,41417
10,41933,3721,0.0,6549,506,41427
5,41938,3721,0.0,6550,506,41432
2,41940,3721,0.0,6551,506,41434
2,41942,3721,0.0,6552,506,41436
6,41948,3722,1.0,6553,506,41442
8,41956,3723,1.0,6554,506,41450
16,41972,3724,1.0,6555,506,41466
6,41978,3725,1.0,6556,506,41472
7,41985,3726,1.0,6557,506,41479
2,41987,3726,0.0,6558,506,41481
10,41997,3727,1.0,6559,506,41491
5,42002,3727,0.0,6560,506,41496
7,42009,3727,0.0,6561,506,41503
7,42016,3728,1.0,6562,506,41510
6,42022,3729,1.0,6563,506,41516
8,42030,3730,1.0,6564,506,41524
9,42039,3731,1.0,6565,506,41533
6,42045,3731,0.0,6566,506,41539
6,42051,3732,1.0,6567,506,41545
9,42060,3733,1.0,6568,506,41554
6,42066,3734,1.0,6569,506,41560
6,42072,3735,1.0,6570,506,41566
6,42078,3736,1.0,6571,506,41572
6,42084,3737,1.0,6572,506,41578
4,42088,3737,0.0,6573,506,41582
11,42099,3738,1.0,6574,506,41593
10,42109,3738,0.0,6575,506,41603
7,42116,3738,0.0,6576,506,41610
5,42121,3738,0.0,6577,506,41615
2,42123,3738,0.0,6578,506,41617
6,42129,3738,0.0,6579,506,41623
13,42142,3739,1.0,6580,506,41636
9,42151,3740,1.0,6581,506,41645
6,42157,3741,1.0,6582,506,41651
7,42164,3742,1.0,6583,506,41658
8,42172,3743,1.0,6584,506,41666
8,42180,3744,1.0,6585,506,41674
14,42194,3745,1.0,6586,506,41688
8,42202,3746,1.0,6587,506,41696
3,42205,3746,0.0,6588,506,41699
3,42208,3746,0.0,6589,506,41702
2,42210,3746,0.0,6590,506,41704
8,42218,3747,1.0,6591,506,41712
8,42226,3748,1.0,6592,506,41720
6,42232,3749,1.0,6593,506,41726
6,42238,3750,1.0,6594,506,41732
6,42244,3751,1.0,6595,506,41738
8,42252,3752,1.0,6596,506,41746
8,42260,3753,1.0,6597,506,41754
6,42266,3753,0.0,6598,506,41760
16,42282,3754,1.0,6599,506,41776
7,42289,3755,1.0,6600,506,41783
6,42295,3756,1.0,6601,506,41789
6,42301,3757,1.0,6602,506,41795
9,42310,3758,1.0,6603,506,41804
4,42314,3758,0.0,6604,506,41808
6,42320,3759,1.0,6605,506,41814
12,42332,3760,1.0,6606,506,41826
6,42338,3761,1.0,6607,506,41832
2,42340,3761,0.0,6608,506,41834
5,42345,3761,0.0,6609,506,41839
7,42352,3762,1.0,6610,506,41846
10,42362,3763,1.0,6611,506,41856
5,42367,3763,0.0,6612,506,41861
6,42373,3764,1.0,6613,506,41867
9,42382,3764,0.0,6614,506,41876
6,42388,3764,0.0,6615,506,41882
2,42390,3764,0.0,6616,506,41884
7,42397,3765,1.0,6617,506,41891
5,42402,3765,0.0,6618,506,41896
8,42410,3766,1.0,6619,506,41904
10,42420,3767,1.0,6620,506,41914
4,42424,3767,0.0,6621,506,41918
6,42430,3768,1.0,6622,506,41924
9,42439,3769,1.0,6623,506,41933
11,42450,3770,1.0,6624,506,41944
2,42452,3770,0.0,6625,506,41946
11,42463,3771,1.0,6626,506,41957
8,42471,3772,1.0,6627,506,41965
6,42477,3773,1.0,6628,506,41971
10,42487,3774,1.0,6629,506,41981
2,42489,3774,0.0,6630,506,41983
7,42496,3775,1.0,6631,506,41990
6,42502,3776,1.0,6632,506,41996
8,42510,3777,1.0,6633,506,42004
9,42519,3778,1.0,6634,506,42013
7,42526,3779,1.0,6635,506,42020
11,42537,3780,1.0,6636,506,42031
6,42543,3780,0.0,6637,506,42037
9,42552,3780,0.0,6638,506,42046
2,42554,3780,0.0,6639,506,42048
6,42560,3781,1.0,6640,506,42054
8,42568,3782,1.0,6641,506,42062
7,42575,3782,0.0,6642,506,42069
10,42585,3783,1.0,6643,506,42079
5,42590,3783,0.0,6644,506,42084
5,42595,3783,0.0,6645,506,42089
8,42603,3784,1.0,6646,506,42097
4,42607,3784,0.0,6647,506,42101
8,42615,3784,0.0,6648,506,42109
8,42623,3785,1.0,6649,506,42117
2,42625,3785,0.0,6650,506,42119
2,42627,3785,0.0,6651,506,42121
13,42640,3786,1.0,6652,506,42134
7,42647,3787,1.0,6653,506,42141
3,42650,3787,0.0,6654,506,42144
5,42655,3787,0.0,6655,506,42149
2,42657,3787,0.0,6656,506,42151
5,42662,3787,0.0,6657,506,42156
10,42672,3787,0.0,6658,506,42166
4,42676,3787,0.0,6659,506,42170
6,42682,3788,1.0,6660,506,42176
3,42685,3788,0.0,6661,506,42179
6,42691,3788,0.0,6662,506,42185
6,42697,3789,1.0,6663,506,42191
5,42702,3789,0.0,6664,506,42196
5,42707,3789,0.0,6665,506,42201
4,42711,3789,0.0,6666,506,42205
7,42718,3790,1.0,6667,506,42212
10,42728,3791,1.0,6668,506,42222
7,42735,3792,1.0,6669,506,42229
7,42742,3792,0.0,6670,506,42236
8,42750,3793,1.0,6671,506,42244
9,42759,3793,0.0,6672,506,42253
8,42767,3794,1.0,6673,506,42261
6,42773,3795,1.0,6674,506,42267
6,42779,3795,0.0,6675,506,42273
11,42790,3796,1.0,6676,506,42284
6,42796,3797,1.0,6677,506,42290
6,42802,3798,1.0,6678,506,42296
6,42808,3799,1.0,6679,506,42302
8,42816,3800,1.0,6680,506,42310
6,42822,3801,1.0,6681,506,42316
10,42832,3802,1.0,6682,506,42326
2,42834,3802,0.0,6683,506,42328
7,42841,3803,1.0,6684,506,42335
8,42849,3804,1.0,6685,506,42343
11,42860,3805,1.0,6686,506,42354
7,42867,3805,0.0,6687,506,42361
2,42869,3805,0.0,6688,506,42363
4,42873,3805,0.0,6689,506,42367
4,42877,3805,0.0,6690,506,42371
2,42879,3805,0.0,6691,506,42373
14,42893,3806,1.0,6692,506,42387
4,42897,3806,0.0,6693,506,42391
8,42905,3807,1.0,6694,506,42399
8,42913,3808,1.0,6695,506,42407
4,42917,3808,0.0,6696,506,42411
7,42924,3809,1.0,6697,506,42418
7,42931,3810,1.0,6698,506,42425
9,42940,3811,1.0,6699,506,42434
5,42945,3811,0.0,6700,506,42439
2,42947,3811,0.0,6701,506,42441
9,42956,3812,1.0,6702,506,42450
6,42962,3813,1.0,6703,506,42456
2,42964,3813,0.0,6704,506,42458
6,42970,3814,1.0,6705,506,42464
4,42974,3814,0.0,6706,506,42468
7,42981,3815,1.0,6707,506,42475
12,42993,3816,1.0,6708,506,42487
5,42998,3816,0.0,6709,506,42492
2,43000,3816,0.0,6710,506,42494
8,43008,3817,1.0,6711,506,42502
6,43014,3818,1.0,6712,506,42508
4,43018,3818,0.0,6713,506,42512
6,43024,3819,1.0,6714,506,42518
2,43026,3819,0.0,6715,506,42520
7,43033,3820,1.0,6716,506,42527
4,43037,3820,0.0,6717,506,42531
8,43045,3820,0.0,6718,506,42539
6,43051,3821,1.0,6719,506,42545
5,43056,3821,0.0,6720,506,42550
6,43062,3821,0.0,6721,506,42556
4,43066,3821,0.0,6722,506,42560
5,43071,3821,0.0,6723,506,42565
11,43082,3821,0.0,6724,506,42576
7,43089,3822,1.0,6725,506,42583
9,43098,3823,1.0,6726,506,42592
2,43100,3823,0.0,6727,506,42594
4,43104,3823,0.0,6728,506,42598
7,43111,3823,0.0,6729,506,42605
6,43117,3823,0.0,6730,506,42611
10,43127,3823,0.0,6731,506,42621
6,43133,3824,1.0,6732,506,42627
10,43143,3825,1.0,6733,506,42637
6,43149,3826,1.0,6734,506,42643
6,43155,3827,1.0,6735,506,42649
9,43164,3828,1.0,6736,506,42658
9,43173,3829,1.0,6737,506,42667
12,43185,3830,1.0,6738,506,42679
6,43191,3831,1.0,6739,506,42685
6,43197,3831,0.0,6740,506,42691
6,43203,3832,1.0,6741,506,42697
4,43207,3832,0.0,6742,506,42701
4,43211,3832,0.0,6743,506,42705
7,43218,3833,1.0,6744,506,42712
9,43227,3834,1.0,6745,506,42721
7,43234,3835,1.0,6746,506,42728
4,43238,3835,0.0,6747,506,42732
2,43240,3835,0.0,6748,506,42734
6,43246,3836,1.0,6749,506,42740
6,43252,3837,1.0,6750,506,42746
2,43254,3837,0.0,6751,506,42748
6,43260,3838,1.0,6752,506,42754
4,43264,3838,0.0,6753,506,42758
6,43270,3839,1.0,6754,506,42764
7,43277,3840,1.0,6755,506,42771
8,43285,3841,1.0,6756,506,42779
5,43290,3841,0.0,6757,506,42784
6,43296,3842,1.0,6758,506,42790
8,43304,3843,1.0,6759,506,42798
7,43311,3843,0.0,6760,506,42805
10,43321,3844,1.0,6761,506,42815
6,43327,3844,0.0,6762,506,42821
7,43334,3845,1.0,6763,506,42828
6,43340,3846,1.0,6764,506,42834
11,43351,3847,1.0,6765,506,42845
6,43357,3848,1.0,6766,506,42851
6,43363,3849,1.0,6767,506,42857
12,43375,3850,1.0,6768,506,42869
9,43384,3851,1.0,6769,506,42878
9,43393,3852,1.0,6770,506,42887
7,43400,3852,0.0,6771,506,42894
6,43406,3853,1.0,6772,506,42900
11,43417,3854,1.0,6773,506,42911
4,43421,3854,0.0,6774,506,42915
8,43429,3855,1.0,6775,506,42923
8,43437,3856,1.0,6776,506,42931
2,43439,3856,0.0,6777,506,42933
4,43443,3856,0.0,6778,506,42937
7,43450,3857,1.0,6779,506,42944
2,43452,3857,0.0,6780,506,42946
8,43460,3858,1.0,6781,506,42954
7,43467,3859,1.0,6782,506,42961
6,43473,3860,1.0,6783,506,42967
7,43480,3861,1.0,6784,506,42974
6,43486,3862,1.0,6785,506,42980
8,43494,3863,1.0,6786,506,42988
8,43502,3864,1.0,6787,506,42996
6,43508,3865,1.0,6788,506,43002
8,43516,3866,1.0,6789,506,43010
6,43522,3867,1.0,6790,506,43016
6,43528,3868,1.0,6791,506,43022
6,43534,3869,1.0,6792,506,43028
2,43536,3869,0.0,6793,506,43030
2,43538,3869,0.0,6794,506,43032
11,43549,3870,1.0,6795,506,43043
9,43558,3871,1.0,6796,506,43052
9,43567,3872,1.0,6797,506,43061
6,43573,3873,1.0,6798,506,43067
4,43577,3873,0.0,6799,506,43071
10,43587,3874,1.0,6800,506,43081
6,43593,3874,0.0,6801,506,43087
4,43597,3874,0.0,6802,506,43091
8,43605,3875,1.0,6803,506,43099
8,43613,3876,1.0,6804,506,43107
6,43619,3877,1.0,6805,506,43113
4,43623,3877,0.0,6806,506,43117
11,43634,3877,0.0,6807,506,43128
7,43641,3878,1.0,6808,506,43135
6,43647,3879,1.0,6809,506,43141
16,43663,3880,1.0,6810,506,43157
4,43667,3880,0.0,6811,506,43161
8,43675,3880,0.0,6812,506,43169
5,43680,3880,0.0,6813,506,43174
2,43682,3880,0.0,6814,506,43176
10,43692,3881,1.0,6815,506,43186
4,43696,3881,0.0,6816,506,43190
6,43702,3882,1.0,6817,506,43196
2,43704,3882,0.0,6818,506,43198
6,43710,3883,1.0,6819,506,43204
6,43716,3884,1.0,6820,506,43210
8,43724,3884,0.0,6821,506,43218
11,43735,3885,1.0,6822,506,43229
9,43744,3886,1.0,6823,506,43238
13,43757,3887,1.0,6824,506,43251
8,43765,3888,1.0,6825,506,43259
10,43775,3889,1.0,6826,506,43269
6,43781,3890,1.0,6827,506,43275
8,43789,3891,1.0,6828,506,43283
7,43796,3892,1.0,6829,506,43290
6,43802,3893,1.0,6830,506,43296
9,43811,3894,1.0,6831,506,43305
13,43824,3895,1.0,6832,506,43318
6,43830,3896,1.0,6833,506,43324
7,43837,3897,1.0,6834,506,43331
12,43849,3898,1.0,6835,506,43343
3,43852,3898,0.0,6836,506,43346
9,43861,3899,1.0,6837,506,43355
6,43867,3900,1.0,6838,506,43361
9,43876,3901,1.0,6839,506,43370
7,43883,3902,1.0,6840,506,43377
6,43889,3903,1.0,6841,506,43383
8,43897,3904,1.0,6842,506,43391
6,43903,3905,1.0,6843,506,43397
7,43910,3906,1.0,6844,506,43404
12,43922,3907,1.0,6845,506,43416
6,43928,3907,0.0,6846,506,43422
8,43936,3908,1.0,6847,506,43430
5,43941,3908,0.0,6848,506,43435
6,43947,3909,1.0,6849,506,43441
10,43957,3910,1.0,6850,506,43451
4,43961,3910,0.0,6851,506,43455
7,43968,3911,1.0,6852,506,43462
5,43973,3911,0.0,6853,506,43467
2,43975,3911,0.0,6854,506,43469
9,43984,3912,1.0,6855,506,43478
6,43990,3913,1.0,6856,506,43484
9,43999,3914,1.0,6857,506,43493
8,44007,3915,1.0,6858,506,43501
6,44013,3916,1.0,6859,506,43507
7,44020,3917,1.0,6860,506,43514
2,44022,3917,0.0,6861,506,43516
2,44024,3917,0.0,6862,506,43518
10,44034,3918,1.0,6863,506,43528
8,44042,3918,0.0,6864,506,43536
4,44046,3918,0.0,6865,506,43540
6,44052,3918,0.0,6866,506,43546
4,44056,3918,0.0,6867,506,43550
8,44064,3919,1.0,6868,506,43558
8,44072,3920,1.0,6869,506,43566
4,44076,3920,0.0,6870,506,43570
9,44085,3921,1.0,6871,506,43579
6,44091,3922,1.0,6872,506,43585
11,44102,3923,1.0,6873,506,43596
2,44104,3923,0.0,6874,506,43598
4,44108,3923,0.0,6875,506,43602
8,44116,3924,1.0,6876,506,43610
9,44125,3925,1.0,6877,506,43619
4,44129,3925,0.0,6878,506,43623
12,44141,3926,1.0,6879,506,43635
6,44147,3927,1.0,6880,506,43641
8,44155,3927,0.0,6881,506,43649
6,44161,3928,1.0,6882,506,43655
8,44169,3929,1.0,6883,506,43663
2,44171,3929,0.0,6884,506,43665
3,44174,3929,0.0,6885,506,43668
9,44183,3930,1.0,6886,506,43677
6,44189,3930,0.0,6887,506,43683
6,44195,3931,1.0,6888,506,43689
7,44202,3931,0.0,6889,506,43696
4,44206,3931,0.0,6890,506,43700
8,44214,3932,1.0,6891,506,43708
11,44225,3933,1.0,6892,506,43719
7,44232,3934,1.0,6893,506,43726
6,44238,3934,0.0,6894,506,43732
6,44244,3935,1.0,6895,506,43738
4,44248,3935,0.0,6896,506,43742
3,44251,3935,0.0,6897,506,43745
5,44256,3935,0.0,6898,506,43750
8,44264,3936,1.0,6899,506,43758
9,44273,3937,1.0,6900,506,43767
6,44279,3937,0.0,6901,506,43773
8,44287,3938,1.0,6902,506,43781
13,44300,3939,1.0,6903,506,43794
4,44304,3939,0.0,6904,506,43798
7,44311,3940,1.0,6905,506,43805
6,44317,3941,1.0,6906,506,43811
6,44323,3942,1.0,6907,506,43817
7,44330,3943,1.0,6908,506,43824
6,44336,3944,1.0,6909,506,43830
5,44341,3944,0.0,6910,506,43835
6,44347,3945,1.0,6911,506,43841
7,44354,3946,1.0,6912,506,43848
7,44361,3947,1.0,6913,506,43855
4,44365,3947,0.0,6914,506,43859
7,44372,3948,1.0,6915,506,43866
2,44374,3948,0.0,6916,506,43868
5,44379,3948,0.0,6917,506,43873
3,44382,3948,0.0,6918,506,43876
6,44388,3948,0.0,6919,506,43882
9,44397,3949,1.0,6920,506,43891
6,44403,3949,0.0,6921,506,43897
11,44414,3949,0.0,6922,506,43908
6,44420,3950,1.0,6923,506,43914
8,44428,3951,1.0,6924,506,43922
6,44434,3952,1.0,6925,506,43928
4,44438,3952,0.0,6926,506,43932
8,44446,3953,1.0,6927,506,43940
9,44455,3954,1.0,6928,506,43949
8,44463,3955,1.0,6929,506,43957
5,44468,3955,0.0,6930,506,43962
11,44479,3955,0.0,6931,506,43973
2,44481,3955,0.0,6932,506,43975
6,44487,3956,1.0,6933,506,43981
6,44493,3957,1.0,6934,506,43987
6,44499,3958,1.0,6935,506,43993
6,44505,3959,1.0,6936,506,43999
4,44509,3959,0.0,6937,506,44003
11,44520,3960,1.0,6938,506,44014
8,44528,3961,1.0,6939,506,44022
4,44532,3961,0.0,6940,506,44026
6,44538,3962,1.0,6941,506,44032
6,44544,3963,1.0,6942,506,44038
6,44550,3964,1.0,6943,506,44044
2,44552,3964,0.0,6944,506,44046
9,44561,3965,1.0,6945,506,44055
10,44571,3966,1.0,6946,506,44065
6,44577,3967,1.0,6947,506,44071
8,44585,3968,1.0,6948,506,44079
7,44592,3969,1.0,6949,506,44086
5,44597,3969,0.0,6950,506,44091
8,44605,3970,1.0,6951,506,44099
7,44612,3971,1.0,6952,506,44106
11,44623,3972,1.0,6953,506,44117
15,44638,3972,0.0,6954,506,44132
6,44644,3973,1.0,6955,506,44138
7,44651,3974,1.0,6956,506,44145
6,44657,3975,1.0,6957,506,44151
7,44664,3975,0.0,6958,506,44158
6,44670,3976,1.0,6959,506,44164
7,44677,3976,0.0,6960,506,44171
12,44689,3977,1.0,6961,506,44183
7,44696,3978,1.0,6962,506,44190
4,44700,3978,0.0,6963,506,44194
2,44702,3978,0.0,6964,506,44196
6,44708,3979,1.0,6965,506,44202
2,44710,3979,0.0,6966,506,44204
9,44719,3980,1.0,6967,506,44213
7,44726,3981,1.0,6968,506,44220
6,44732,3982,1.0,6969,506,44226
3,44735,3982,0.0,6970,506,44229
6,44741,3982,0.0,6971,506,44235
6,44747,3983,1.0,6972,506,44241
8,44755,3984,1.0,6973,506,44249
6,44761,3985,1.0,6974,506,44255
2,44763,3985,0.0,6975,506,44257
10,44773,3986,1.0,6976,506,44267
5,44778,3986,0.0,6977,506,44272
4,44782,3986,0.0,6978,506,44276
2,44784,3986,0.0,6979,506,44278
4,44788,3986,0.0,6980,506,44282
6,44794,3987,1.0,6981,506,44288
6,44800,3988,1.0,6982,506,44294
8,44808,3989,1.0,6983,506,44302
8,44816,3990,1.0,6984,506,44310
6,44822,3991,1.0,6985,506,44316
4,44826,3991,0.0,6986,506,44320
3,44829,3991,0.0,6987,506,44323
4,44833,3991,0.0,6988,506,44327
6,44839,3992,1.0,6989,506,44333
6,44845,3993,1.0,6990,506,44339
7,44852,3994,1.0,6991,506,44346
4,44856,3994,0.0,6992,506,44350
5,44861,3994,0.0,6993,506,44355
7,44868,3995,1.0,6994,506,44362
4,44872,3995,0.0,6995,506,44366
2,44874,3995,0.0,6996,506,44368
8,44882,3996,1.0,6997,506,44376
6,44888,3997,1.0,6998,506,44382
6,44894,3998,1.0,6999,506,44388
7,44901,3999,1.0,7000,506,44395
8,44909,4000,1.0,7001,506,44403
6,44915,4001,1.0,7002,506,44409
6,44921,4002,1.0,7003,506,44415
6,44927,4003,1.0,7004,506,44421
9,44936,4004,1.0,7005,506,44430
10,44946,4005,1.0,7006,506,44440
10,44956,4006,1.0,7007,506,44450
9,44965,4007,1.0,7008,506,44459
2,44967,4007,0.0,7009,506,44461
6,44973,4008,1.0,7010,506,44467
8,44981,4008,0.0,7011,506,44475
6,44987,4009,1.0,7012,506,44481
4,44991,4009,0.0,7013,506,44485
5,44996,4009,0.0,7014,506,44490
9,45005,4010,1.0,7015,506,44499
9,45014,4011,1.0,7016,506,44508
5,45019,4011,0.0,7017,506,44513
9,45028,4012,1.0,7018,506,44522
5,45033,4012,0.0,7019,506,44527
7,45040,4013,1.0,7020,506,44534
6,45046,4014,1.0,7021,506,44540
3,45049,4014,0.0,7022,506,44543
2,45051,4014,0.0,7023,506,44545
10,45061,4015,1.0,7024,506,44555
9,45070,4016,1.0,7025,506,44564
6,45076,4017,1.0,7026,506,44570
7,45083,4018,1.0,7027,506,44577
10,45093,4019,1.0,7028,506,44587
10,45103,4019,0.0,7029,506,44597
10,45113,4020,1.0,7030,506,44607
6,45119,4021,1.0,7031,506,44613
15,45134,4022,1.0,7032,506,44628
5,45139,4022,0.0,7033,506,44633
2,45141,4022,0.0,7034,506,44635
6,45147,4023,1.0,7035,506,44641
10,45157,4024,1.0,7036,506,44651
2,45159,4024,0.0,7037,506,44653
5,45164,4024,0.0,7038,506,44658
4,45168,4024,0.0,7039,506,44662
8,45176,4025,1.0,7040,506,44670
3,45179,4025,0.0,7041,506,44673
7,45186,4026,1.0,7042,506,44680
13,45199,4027,1.0,7043,506,44693
2,45201,4027,0.0,7044,506,44695
2,45203,4027,0.0,7045,506,44697
5,45208,4027,0.0,7046,506,44702
7,45215,4028,1.0,7047,506,44709
11,45226,4029,1.0,7048,506,44720
2,45228,4029,0.0,7049,506,44722
2,45230,4029,0.0,7050,506,44724
7,45237,4029,0.0,7051,506,44731
12,45249,4030,1.0,7052,506,44743
4,45253,4030,0.0,7053,506,44747
5,45258,4030,0.0,7054,506,44752
8,45266,4031,1.0,7055,506,44760
7,45273,4032,1.0,7056,506,44767
8,45281,4033,1.0,7057,506,44775
4,45285,4033,0.0,7058,506,44779
13,45298,4034,1.0,7059,506,44792
8,45306,4035,1.0,7060,506,44800
6,45312,4036,1.0,7061,506,44806
6,45318,4037,1.0,7062,506,44812
13,45331,4038,1.0,7063,506,44825
10,45341,4039,1.0,7064,506,44835
7,45348,4040,1.0,7065,506,44842
2,45350,4040,0.0,7066,506,44844
4,45354,4040,0.0,7067,506,44848
8,45362,4040,0.0,7068,506,44856
6,45368,4041,1.0,7069,506,44862
6,45374,4042,1.0,7070,506,44868
6,45380,4043,1.0,7071,506,44874
2,45382,4043,0.0,7072,506,44876
2,45384,4043,0.0,7073,506,44878
2,45386,4043,0.0,7074,506,44880
2,45388,4043,0.0,7075,506,44882
9,45397,4043,0.0,7076,506,44891
6,45403,4044,1.0,7077,506,44897
9,45412,4045,1.0,7078,506,44906
4,45416,4045,0.0,7079,506,44910
2,45418,4045,0.0,7080,506,44912
6,45424,4046,1.0,7081,506,44918
10,45434,4047,1.0,7082,506,44928
11,45445,4048,1.0,7083,506,44939
8,45453,4049,1.0,7084,506,44947
6,45459,4050,1.0,7085,506,44953
7,45466,4051,1.0,7086,506,44960
4,45470,4051,0.0,7087,506,44964
10,45480,4052,1.0,7088,506,44974
10,45490,4053,1.0,7089,506,44984
10,45500,4053,0.0,7090,506,44994
6,45506,4054,1.0,7091,506,45000
5,45511,4054,0.0,7092,506,45005
6,45517,4055,1.0,7093,506,45011
7,45524,4056,1.0,7094,506,45018
6,45530,4057,1.0,7095,506,45024
6,45536,4058,1.0,7096,506,45030
4,45540,4058,0.0,7097,506,45034
4,45544,4058,0.0,7098,506,45038
4,45548,4058,0.0,7099,506,45042
7,45555,4059,1.0,7100,506,45049
6,45561,4060,1.0,7101,506,45055
6,45567,4061,1.0,7102,506,45061
7,45574,4062,1.0,7103,506,45068
7,45581,4063,1.0,7104,506,45075
6,45587,4064,1.0,7105,506,45081
14,45601,4065,1.0,7106,506,45095
8,45609,4066,1.0,7107,506,45103
6,45615,4066,0.0,7108,506,45109
8,45623,4067,1.0,7109,506,45117
11,45634,4068,1.0,7110,506,45128
7,45641,4069,1.0,7111,506,45135
4,45645,4069,0.0,7112,506,45139
6,45651,4070,1.0,7113,506,45145
3,45654,4070,0.0,7114,506,45148
6,45660,4071,1.0,7115,506,45154
7,45667,4072,1.0,7116,506,45161
9,45676,4073,1.0,7117,506,45170
7,45683,4074,1.0,7118,506,45177
3,45686,4074,0.0,7119,506,45180
5,45691,4074,0.0,7120,506,45185
10,45701,4075,1.0,7121,506,45195
7,45708,4076,1.0,7122,506,45202
7,45715,4077,1.0,7123,506,45209
6,45721,4078,1.0,7124,506,45215
6,45727,4079,1.0,7125,506,45221
6,45733,4080,1.0,7126,506,45227
6,45739,4081,1.0,7127,506,45233
7,45746,4081,0.0,7128,506,45240
4,45750,4081,0.0,7129,506,45244
7,45757,4081,0.0,7130,506,45251
6,45763,4082,1.0,7131,506,45257
6,45769,4083,1.0,7132,506,45263
4,45773,4083,0.0,7133,506,45267
6,45779,4084,1.0,7134,506,45273
6,45785,4085,1.0,7135,506,45279
8,45793,4086,1.0,7136,506,45287
10,45803,4087,1.0,7137,506,45297
4,45807,4087,0.0,7138,506,45301
6,45813,4088,1.0,7139,506,45307
6,45819,4089,1.0,7140,506,45313
9,45828,4090,1.0,7141,506,45322
7,45835,4091,1.0,7142,506,45329
8,45843,4091,0.0,7143,506,45337
10,45853,4092,1.0,7144,506,45347
10,45863,4093,1.0,7145,506,45357
3,45866,4093,0.0,7146,506,45360
10,45876,4094,1.0,7147,506,45370
6,45882,4095,1.0,7148,506,45376
6,45888,4096,1.0,7149,506,45382
6,45894,4097,1.0,7150,506,45388
9,45903,4098,1.0,7151,506,45397
2,45905,4098,0.0,7152,506,45399
7,45912,4099,1.0,7153,506,45406
9,45921,4100,1.0,7154,506,45415
8,45929,4101,1.0,7155,506,45423
6,45935,4102,1.0,7156,506,45429
2,45937,4102,0.0,7157,506,45431
8,45945,4103,1.0,7158,506,45439
5,45950,4103,0.0,7159,506,45444
8,45958,4104,1.0,7160,506,45452
7,45965,4105,1.0,7161,506,45459
11,45976,4105,0.0,7162,506,45470
3,45979,4105,0.0,7163,506,45473
4,45983,4105,0.0,7164,506,45477
4,45987,4105,0.0,7165,506,45481
7,45994,4106,1.0,7166,506,45488
4,45998,4106,0.0,7167,506,45492
6,46004,4107,1.0,7168,506,45498
3,46007,4107,0.0,7169,506,45501
9,46016,4108,1.0,7170,506,45510
7,46023,4109,1.0,7171,506,45517
3,46026,4109,0.0,7172,506,45520
4,46030,4109,0.0,7173,506,45524
2,46032,4109,0.0,7174,506,45526
7,46039,4110,1.0,7175,506,45533
4,46043,4110,0.0,7176,506,45537
4,46047,4110,0.0,7177,506,45541
7,46054,4111,1.0,7178,506,45548
4,46058,4111,0.0,7179,506,45552
6,46064,4112,1.0,7180,506,45558
6,46070,4112,0.0,7181,506,45564
4,46074,4112,0.0,7182,506,45568
9,46083,4112,0.0,7183,506,45577
6,46089,4112,0.0,7184,506,45583
4,46093,4112,0.0,7185,506,45587
2,46095,4112,0.0,7186,506,45589
11,46106,4112,0.0,7187,506,45600
5,46111,4112,0.0,7188,506,45605
12,46123,4113,1.0,7189,506,45617
5,46128,4113,0.0,7190,506,45622
2,46130,4113,0.0,7191,506,45624
8,46138,4114,1.0,7192,506,45632
4,46142,4114,0.0,7193,506,45636
4,46146,4114,0.0,7194,506,45640
7,46153,4115,1.0,7195,506,45647
8,46161,4116,1.0,7196,506,45655
7,46168,4117,1.0,7197,506,45662
7,46175,4117,0.0,7198,506,45669
5,46180,4117,0.0,7199,506,45674
3,46183,4117,0.0,7200,506,45677
6,46189,4118,1.0,7201,506,45683
6,46195,4118,0.0,7202,506,45689
10,46205,4119,1.0,7203,506,45699
8,46213,4119,0.0,7204,506,45707
6,46219,4120,1.0,7205,506,45713
8,46227,4121,1.0,7206,506,45721
6,46233,4122,1.0,7207,506,45727
13,46246,4123,1.0,7208,506,45740
10,46256,4124,1.0,7209,506,45750
8,46264,4125,1.0,7210,506,45758
7,46271,4126,1.0,7211,506,45765
8,46279,4127,1.0,7212,506,45773
11,46290,4128,1.0,7213,506,45784
4,46294,4128,0.0,7214,506,45788
7,46301,4128,0.0,7215,506,45795
8,46309,4129,1.0,7216,506,45803
4,46313,4129,0.0,7217,506,45807
15,46328,4129,0.0,7218,506,45822
2,46330,4129,0.0,7219,506,45824
4,46334,4129,0.0,7220,506,45828
7,46341,4130,1.0,7221,506,45835
4,46345,4130,0.0,7222,506,45839
6,46351,4131,1.0,7223,506,45845
9,46360,4132,1.0,7224,506,45854
7,46367,4133,1.0,7225,506,45861
4,46371,4133,0.0,7226,506,45865
3,46374,4133,0.0,7227,506,45868
4,46378,4133,0.0,7228,506,45872
2,46380,4133,0.0,7229,506,45874
4,46384,4133,0.0,7230,506,45878
6,46390,4134,1.0,7231,506,45884
6,46396,4135,1.0,7232,506,45890
9,46405,4136,1.0,7233,506,45899
2,46407,4136,0.0,7234,506,45901
5,46412,4136,0.0,7235,506,45906
5,46417,4136,0.0,7236,506,45911
6,46423,4137,1.0,7237,506,45917
2,46425,4137,0.0,7238,506,45919
4,46429,4137,0.0,7239,506,45923
6,46435,4138,1.0,7240,506,45929
6,46441,4139,1.0,7241,506,45935
7,46448,4140,1.0,7242,506,45942
2,46450,4140,0.0,7243,506,45944
7,46457,4141,1.0,7244,506,45951
6,46463,4142,1.0,7245,506,45957
2,46465,4142,0.0,7246,506,45959
6,46471,4143,1.0,7247,506,45965
2,46473,4143,0.0,7248,506,45967
11,46484,4144,1.0,7249,506,45978
6,46490,4145,1.0,7250,506,45984
8,46498,4145,0.0,7251,506,45992
3,46501,4145,0.0,7252,506,45995
2,46503,4145,0.0,7253,506,45997
6,46509,4146,1.0,7254,506,46003
3,46512,4146,0.0,7255,506,46006
6,46518,4147,1.0,7256,506,46012
8,46526,4148,1.0,7257,506,46020
9,46535,4149,1.0,7258,506,46029
2,46537,4149,0.0,7259,506,46031
6,46543,4150,1.0,7260,506,46037
3,46546,4150,0.0,7261,506,46040
12,46558,4151,1.0,7262,506,46052
6,46564,4151,0.0,7263,506,46058
6,46570,4152,1.0,7264,506,46064
5,46575,4152,0.0,7265,506,46069
4,46579,4152,0.0,7266,506,46073
14,46593,4152,0.0,7267,506,46087
5,46598,4152,0.0,7268,506,46092
9,46607,4153,1.0,7269,506,46101
3,46610,4153,0.0,7270,506,46104
9,46619,4154,1.0,7271,506,46113
4,46623,4154,0.0,7272,506,46117
8,46631,4155,1.0,7273,506,46125
7,46638,4156,1.0,7274,506,46132
6,46644,4157,1.0,7275,506,46138
7,46651,4158,1.0,7276,506,46145
8,46659,4159,1.0,7277,506,46153
6,46665,4160,1.0,7278,506,46159
6,46671,4161,1.0,7279,506,46165
8,46679,4161,0.0,7280,506,46173
8,46687,4162,1.0,7281,506,46181
9,46696,4162,0.0,7282,506,46190
6,46702,4163,1.0,7283,506,46196
8,46710,4164,1.0,7284,506,46204
2,46712,4164,0.0,7285,506,46206
8,46720,4164,0.0,7286,506,46214
10,46730,4165,1.0,7287,506,46224
4,46734,4165,0.0,7288,506,46228
7,46741,4165,0.0,7289,506,46235
8,46749,4166,1.0,7290,506,46243
9,46758,4167,1.0,7291,506,46252
4,46762,4167,0.0,7292,506,46256
6,46768,4167,0.0,7293,506,46262
6,46774,4167,0.0,7294,506,46268
7,46781,4168,1.0,7295,506,46275
2,46783,4168,0.0,7296,506,46277
10,46793,4169,1.0,7297,506,46287
7,46800,4170,1.0,7298,506,46294
5,46805,4170,0.0,7299,506,46299
6,46811,4171,1.0,7300,506,46305
6,46817,4172,1.0,7301,506,46311
4,46821,4172,0.0,7302,506,46315
7,46828,4173,1.0,7303,506,46322
6,46834,4174,1.0,7304,506,46328
8,46842,4175,1.0,7305,506,46336
4,46846,4175,0.0,7306,506,46340
2,46848,4175,0.0,7307,506,46342
8,46856,4176,1.0,7308,506,46350
7,46863,4177,1.0,7309,506,46357
5,46868,4177,0.0,7310,506,46362
6,46874,4178,1.0,7311,506,46368
7,46881,4179,1.0,7312,506,46375
2,46883,4179,0.0,7313,506,46377
2,46885,4179,0.0,7314,506,46379
6,46891,4180,1.0,7315,506,46385
4,46895,4180,0.0,7316,506,46389
7,46902,4181,1.0,7317,506,46396
5,46907,4181,0.0,7318,506,46401
8,46915,4182,1.0,7319,506,46409
8,46923,4183,1.0,7320,506,46417
6,46929,4184,1.0,7321,506,46423
10,46939,4185,1.0,7322,506,46433
2,46941,4185,0.0,7323,506,46435
8,46949,4185,0.0,7324,506,46443
9,46958,4186,1.0,7325,506,46452
8,46966,4186,0.0,7326,506,46460
9,46975,4186,0.0,7327,506,46469
4,46979,4186,0.0,7328,506,46473
10,46989,4187,1.0,7329,506,46483
6,46995,4187,0.0,7330,506,46489
11,47006,4188,1.0,7331,506,46500
10,47016,4189,1.0,7332,506,46510
8,47024,4190,1.0,7333,506,46518
2,47026,4190,0.0,7334,506,46520
6,47032,4191,1.0,7335,506,46526
6,47038,4192,1.0,7336,506,46532
7,47045,4192,0.0,7337,506,46539
8,47053,4192,0.0,7338,506,46547
6,47059,4193,1.0,7339,506,46553
6,47065,4194,1.0,7340,506,46559
10,47075,4195,1.0,7341,506,46569
5,47080,4195,0.0,7342,506,46574
4,47084,4195,0.0,7343,506,46578
6,47090,4196,1.0,7344,506,46584
9,47099,4196,0.0,7345,506,46593
6,47105,4197,1.0,7346,506,46599
14,47119,4198,1.0,7347,506,46613
7,47126,4199,1.0,7348,506,46620
2,47128,4199,0.0,7349,506,46622
10,47138,4200,1.0,7350,506,46632
3,47141,4200,0.0,7351,506,46635
6,47147,4201,1.0,7352,506,46641
4,47151,4201,0.0,7353,506,46645
4,47155,4201,0.0,7354,506,46649
4,47159,4201,0.0,7355,506,46653
5,47164,4201,0.0,7356,506,46658
4,47168,4201,0.0,7357,506,46662
8,47176,4202,1.0,7358,506,46670
2,47178,4202,0.0,7359,506,46672
6,47184,4203,1.0,7360,506,46678
6,47190,4203,0.0,7361,506,46684
12,47202,4204,1.0,7362,506,46696
6,47208,4205,1.0,7363,506,46702
8,47216,4206,1.0,7364,506,46710
10,47226,4207,1.0,7365,506,46720
15,47241,4207,0.0,7366,506,46735
2,47243,4207,0.0,7367,506,46737
9,47252,4208,1.0,7368,506,46746
6,47258,4209,1.0,7369,506,46752
3,47261,4209,0.0,7370,506,46755
6,47267,4210,1.0,7371,506,46761
4,47271,4210,0.0,7372,506,46765
7,47278,4210,0.0,7373,506,46772
4,47282,4210,0.0,7374,506,46776
9,47291,4211,1.0,7375,506,46785
6,47297,4212,1.0,7376,506,46791
7,47304,4213,1.0,7377,506,46798
6,47310,4213,0.0,7378,506,46804
2,47312,4213,0.0,7379,506,46806
7,47319,4214,1.0,7380,506,46813
7,47326,4215,1.0,7381,506,46820
7,47333,4216,1.0,7382,506,46827
4,47337,4216,0.0,7383,506,46831
7,47344,4217,1.0,7384,506,46838
7,47351,4218,1.0,7385,506,46845
6,47357,4219,1.0,7386,506,46851
6,47363,4220,1.0,7387,506,46857
2,47365,4220,0.0,7388,506,46859
8,47373,4221,1.0,7389,506,46867
7,47380,4222,1.0,7390,506,46874
6,47386,4223,1.0,7391,506,46880
7,47393,4224,1.0,7392,506,46887
5,47398,4224,0.0,7393,506,46892
8,47406,4225,1.0,7394,506,46900
2,47408,4225,0.0,7395,506,46902
2,47410,4225,0.0,7396,506,46904
6,47416,4226,1.0,7397,506,46910
13,47429,4227,1.0,7398,506,46923
5,47434,4227,0.0,7399,506,46928
8,47442,4228,1.0,7400,506,46936
4,47446,4228,0.0,7401,506,46940
5,47451,4228,0.0,7402,506,46945
7,47458,4229,1.0,7403,506,46952
4,47462,4229,0.0,7404,506,46956
8,47470,4230,1.0,7405,506,46964
6,47476,4231,1.0,7406,506,46970
4,47480,4231,0.0,7407,506,46974
7,47487,4232,1.0,7408,506,46981
11,47498,4233,1.0,7409,506,46992
4,47502,4233,0.0,7410,506,46996
3,47505,4233,0.0,7411,506,46999
8,47513,4234,1.0,7412,506,47007
7,47520,4235,1.0,7413,506,47014
6,47526,4236,1.0,7414,506,47020
7,47533,4237,1.0,7415,506,47027
6,47539,4238,1.0,7416,506,47033
6,47545,4239,1.0,7417,506,47039
6,47551,4240,1.0,7418,506,47045
13,47564,4241,1.0,7419,506,47058
6,47570,4242,1.0,7420,506,47064
2,47572,4242,0.0,7421,506,47066
10,47582,4243,1.0,7422,506,47076
7,47589,4244,1.0,7423,506,47083
7,47596,4245,1.0,7424,506,47090
8,47604,4246,1.0,7425,506,47098
7,47611,4247,1.0,7426,506,47105
11,47622,4248,1.0,7427,506,47116
6,47628,4248,0.0,7428,506,47122
8,47636,4249,1.0,7429,506,47130
13,47649,4250,1.0,7430,506,47143
6,47655,4251,1.0,7431,506,47149
4,47659,4251,0.0,7432,506,47153
12,47671,4252,1.0,7433,506,47165
4,47675,4252,0.0,7434,506,47169
6,47681,4252,0.0,7435,506,47175
7,47688,4253,1.0,7436,506,47182
4,47692,4253,0.0,7437,506,47186
6,47698,4254,1.0,7438,506,47192
6,47704,4255,1.0,7439,506,47198
7,47711,4256,1.0,7440,506,47205
6,47717,4257,1.0,7441,506,47211
5,47722,4257,0.0,7442,506,47216
9,47731,4258,1.0,7443,506,47225
6,47737,4259,1.0,7444,506,47231
5,47742,4259,0.0,7445,506,47236
6,47748,4260,1.0,7446,506,47242
6,47754,4261,1.0,7447,506,47248
9,47763,4262,1.0,7448,506,47257
4,47767,4262,0.0,7449,506,47261
6,47773,4263,1.0,7450,506,47267
5,47778,4263,0.0,7451,506,47272
6,47784,4264,1.0,7452,506,47278
6,47790,4265,1.0,7453,506,47284
4,47794,4265,0.0,7454,506,47288
4,47798,4265,0.0,7455,506,47292
7,47805,4266,1.0,7456,506,47299
6,47811,4266,0.0,7457,506,47305
2,47813,4266,0.0,7458,506,47307
8,47821,4267,1.0,7459,506,47315
4,47825,4267,0.0,7460,506,47319
6,47831,4268,1.0,7461,506,47325
5,47836,4268,0.0,7462,506,47330
10,47846,4268,0.0,7463,506,47340
6,47852,4268,0.0,7464,506,47346
6,47858,4268,0.0,7465,506,47352
7,47865,4268,0.0,7466,506,47359
4,47869,4268,0.0,7467,506,47363
7,47876,4269,1.0,7468,506,47370
4,47880,4269,0.0,7469,506,47374
8,47888,4270,1.0,7470,506,47382
2,47890,4270,0.0,7471,506,47384
2,47892,4270,0.0,7472,506,47386
7,47899,4271,1.0,7473,506,47393
8,47907,4271,0.0,7474,506,47401
4,47911,4271,0.0,7475,506,47405
8,47919,4272,1.0,7476,506,47413
6,47925,4273,1.0,7477,506,47419
8,47933,4274,1.0,7478,506,47427
6,47939,4275,1.0,7479,506,47433
7,47946,4276,1.0,7480,506,47440
6,47952,4276,0.0,7481,506,47446
7,47959,4277,1.0,7482,506,47453
4,47963,4277,0.0,7483,506,47457
6,47969,4278,1.0,7484,506,47463
4,47973,4278,0.0,7485,506,47467
7,47980,4279,1.0,7486,506,47474
6,47986,4279,0.0,7487,506,47480
6,47992,4280,1.0,7488,506,47486
5,47997,4280,0.0,7489,506,47491
6,48003,4281,1.0,7490,506,47497
6,48009,4282,1.0,7491,506,47503
7,48016,4282,0.0,7492,506,47510
2,48018,4282,0.0,7493,506,47512
8,48026,4283,1.0,7494,506,47520
2,48028,4283,0.0,7495,506,47522
4,48032,4283,0.0,7496,506,47526
7,48039,4284,1.0,7497,506,47533
4,48043,4284,0.0,7498,506,47537
9,48052,4285,1.0,7499,506,47546
9,48061,4285,0.0,7500,506,47555
7,48068,4286,1.0,7501,506,47562
6,48074,4287,1.0,7502,506,47568
7,48081,4288,1.0,7503,506,47575
10,48091,4289,1.0,7504,506,47585
6,48097,4290,1.0,7505,506,47591
2,48099,4290,0.0,7506,506,47593
11,48110,4291,1.0,7507,506,47604
8,48118,4291,0.0,7508,506,47612
6,48124,4292,1.0,7509,506,47618
7,48131,4293,1.0,7510,506,47625
2,48133,4293,0.0,7511,506,47627
6,48139,4294,1.0,7512,506,47633
8,48147,4295,1.0,7513,506,47641
7,48154,4296,1.0,7514,506,47648
6,48160,4297,1.0,7515,506,47654
9,48169,4298,1.0,7516,506,47663
2,48171,4298,0.0,7517,506,47665
6,48177,4299,1.0,7518,506,47671
11,48188,4300,1.0,7519,506,47682
5,48193,4300,0.0,7520,506,47687
6,48199,4301,1.0,7521,506,47693
7,48206,4302,1.0,7522,506,47700
4,48210,4302,0.0,7523,506,47704
6,48216,4303,1.0,7524,506,47710
5,48221,4303,0.0,7525,506,47715
8,48229,4304,1.0,7526,506,47723
7,48236,4305,1.0,7527,506,47730
13,48249,4306,1.0,7528,506,47743
2,48251,4306,0.0,7529,506,47745
3,48254,4306,0.0,7530,506,47748
9,48263,4306,0.0,7531,506,47757
2,48265,4306,0.0,7532,506,47759
5,48270,4306,0.0,7533,506,47764
6,48276,4307,1.0,7534,506,47770
2,48278,4307,0.0,7535,506,47772
5,48283,4307,0.0,7536,506,47777
9,48292,4307,0.0,7537,506,47786
3,48295,4307,0.0,7538,506,47789
8,48303,4308,1.0,7539,506,47797
2,48305,4308,0.0,7540,506,47799
9,48314,4309,1.0,7541,506,47808
6,48320,4310,1.0,7542,506,47814
6,48326,4310,0.0,7543,506,47820
8,48334,4311,1.0,7544,506,47828
10,48344,4312,1.0,7545,506,47838
7,48351,4313,1.0,7546,506,47845
9,48360,4314,1.0,7547,506,47854
6,48366,4315,1.0,7548,506,47860
4,48370,4315,0.0,7549,506,47864
6,48376,4316,1.0,7550,506,47870
8,48384,4316,0.0,7551,506,47878
6,48390,4317,1.0,7552,506,47884
4,48394,4317,0.0,7553,506,47888
6,48400,4318,1.0,7554,506,47894
9,48409,4319,1.0,7555,506,47903
11,48420,4320,1.0,7556,506,47914
7,48427,4320,0.0,7557,506,47921
9,48436,4321,1.0,7558,506,47930
6,48442,4322,1.0,7559,506,47936
4,48446,4322,0.0,7560,506,47940
7,48453,4323,1.0,7561,506,47947
2,48455,4323,0.0,7562,506,47949
2,48457,4323,0.0,7563,506,47951
6,48463,4323,0.0,7564,506,47957
6,48469,4324,1.0,7565,506,47963
9,48478,4325,1.0,7566,506,47972
7,48485,4326,1.0,7567,506,47979
4,48489,4326,0.0,7568,506,47983
3,48492,4326,0.0,7569,506,47986
7,48499,4327,1.0,7570,506,47993
7,48506,4328,1.0,7571,506,48000
6,48512,4329,1.0,7572,506,48006
6,48518,4330,1.0,7573,506,48012
8,48526,4330,0.0,7574,506,48020
8,48534,4331,1.0,7575,506,48028
6,48540,4332,1.0,7576,506,48034
7,48547,4333,1.0,7577,506,48041
4,48551,4333,0.0,7578,506,48045
4,48555,4333,0.0,7579,506,48049
7,48562,4334,1.0,7580,506,48056
6,48568,4335,1.0,7581,506,48062
11,48579,4335,0.0,7582,506,48073
7,48586,4335,0.0,7583,506,48080
2,48588,4335,0.0,7584,506,48082
2,48590,4335,0.0,7585,506,48084
7,48597,4335,0.0,7586,506,48091
6,48603,4336,1.0,7587,506,48097
3,48606,4336,0.0,7588,506,48100
2,48608,4336,0.0,7589,506,48102
6,48614,4337,1.0,7590,506,48108
5,48619,4337,0.0,7591,506,48113
7,48626,4338,1.0,7592,506,48120
5,48631,4338,0.0,7593,506,48125
5,48636,4338,0.0,7594,506,48130
6,48642,4338,0.0,7595,506,48136
4,48646,4338,0.0,7596,506,48140
2,48648,4338,0.0,7597,506,48142
9,48657,4339,1.0,7598,506,48151
6,48663,4339,0.0,7599,506,48157
6,48669,4340,1.0,7600,506,48163
6,48675,4341,1.0,7601,506,48169
6,48681,4342,1.0,7602,506,48175
12,48693,4343,1.0,7603,506,48187
10,48703,4344,1.0,7604,506,48197
6,48709,4344,0.0,7605,506,48203
4,48713,4344,0.0,7606,506,48207
7,48720,4345,1.0,7607,506,48214
6,48726,4346,1.0,7608,506,48220
3,48729,4346,0.0,7609,506,48223
5,48734,4346,0.0,7610,506,48228
6,48740,4347,1.0,7611,506,48234
4,48744,4347,0.0,7612,506,48238
5,48749,4347,0.0,7613,506,48243
9,48758,4348,1.0,7614,506,48252
8,48766,4348,0.0,7615,506,48260
7,48773,4349,1.0,7616,506,48267
6,48779,4350,1.0,7617,506,48273
4,48783,4350,0.0,7618,506,48277
7,48790,4351,1.0,7619,506,48284
6,48796,4352,1.0,7620,506,48290
6,48802,4352,0.0,7621,506,48296
6,48808,4353,1.0,7622,506,48302
5,48813,4353,0.0,7623,506,48307
6,48819,4354,1.0,7624,506,48313
4,48823,4354,0.0,7625,506,48317
8,48831,4355,1.0,7626,506,48325
2,48833,4355,0.0,7627,506,48327
4,48837,4355,0.0,7628,506,48331
6,48843,4356,1.0,7629,506,48337
6,48849,4357,1.0,7630,506,48343
6,48855,4358,1.0,7631,506,48349
9,48864,4359,1.0,7632,506,48358
5,48869,4359,0.0,7633,506,48363
4,48873,4359,0.0,7634,506,48367
10,48883,4360,1.0,7635,506,48377
10,48893,4361,1.0,7636,506,48387
5,48898,4361,0.0,7637,506,48392
7,48905,4362,1.0,7638,506,48399
6,48911,4363,1.0,7639,506,48405
6,48917,4364,1.0,7640,506,48411
6,48923,4365,1.0,7641,506,48417
7,48930,4365,0.0,7642,506,48424
10,48940,4366,1.0,7643,506,48434
8,48948,4367,1.0,7644,506,48442
7,48955,4368,1.0,7645,506,48449
8,48963,4369,1.0,7646,506,48457
6,48969,4370,1.0,7647,506,48463
7,48976,4371,1.0,7648,506,48470
11,48987,4371,0.0,7649,506,48481
6,48993,4371,0.0,7650,506,48487
6,48999,4371,0.0,7651,506,48493
3,49002,4371,0.0,7652,506,48496
7,49009,4372,1.0,7653,506,48503
7,49016,4373,1.0,7654,506,48510
2,49018,4373,0.0,7655,506,48512
6,49024,4374,1.0,7656,506,48518
6,49030,4375,1.0,7657,506,48524
7,49037,4376,1.0,7658,506,48531
2,49039,4376,0.0,7659,506,48533
9,49048,4377,1.0,7660,506,48542
6,49054,4378,1.0,7661,506,48548
6,49060,4379,1.0,7662,506,48554
2,49062,4379,0.0,7663,506,48556
3,49065,4379,0.0,7664,506,48559
9,49074,4379,0.0,7665,506,48568
9,49083,4380,1.0,7666,506,48577
6,49089,4381,1.0,7667,506,48583
9,49098,4382,1.0,7668,506,48592
9,49107,4383,1.0,7669,506,48601
12,49119,4384,1.0,7670,506,48613
6,49125,4385,1.0,7671,506,48619
8,49133,4386,1.0,7672,506,48627
8,49141,4387,1.0,7673,506,48635
9,49150,4388,1.0,7674,506,48644
5,49155,4388,0.0,7675,506,48649
4,49159,4388,0.0,7676,506,48653
5,49164,4388,0.0,7677,506,48658
9,49173,4389,1.0,7678,506,48667
9,49182,4390,1.0,7679,506,48676
6,49188,4391,1.0,7680,506,48682
9,49197,4392,1.0,7681,506,48691
2,49199,4392,0.0,7682,506,48693
3,49202,4392,0.0,7683,506,48696
4,49206,4392,0.0,7684,506,48700
4,49210,4392,0.0,7685,506,48704
7,49217,4393,1.0,7686,506,48711
6,49223,4394,1.0,7687,506,48717
8,49231,4395,1.0,7688,506,48725
6,49237,4395,0.0,7689,506,48731
2,49239,4395,0.0,7690,506,48733
12,49251,4396,1.0,7691,506,48745
4,49255,4396,0.0,7692,506,48749
8,49263,4397,1.0,7693,506,48757
6,49269,4398,1.0,7694,506,48763
7,49276,4398,0.0,7695,506,48770
4,49280,4398,0.0,7696,506,48774
6,49286,4399,1.0,7697,506,48780
4,49290,4399,0.0,7698,506,48784
6,49296,4400,1.0,7699,506,48790
2,49298,4400,0.0,7700,506,48792
6,49304,4401,1.0,7701,506,48798
10,49314,4402,1.0,7702,506,48808
4,49318,4402,0.0,7703,506,48812
6,49324,4403,1.0,7704,506,48818
4,49328,4403,0.0,7705,506,48822
3,49331,4403,0.0,7706,506,48825
4,49335,4403,0.0,7707,506,48829
6,49341,4404,1.0,7708,506,48835
12,49353,4405,1.0,7709,506,48847
6,49359,4406,1.0,7710,506,48853
6,49365,4407,1.0,7711,506,48859
2,49367,4407,0.0,7712,506,48861
4,49371,4407,0.0,7713,506,48865
5,49376,4407,0.0,7714,506,48870
6,49382,4408,1.0,7715,506,48876
6,49388,4409,1.0,7716,506,48882
10,49398,4410,1.0,7717,506,48892
6,49404,4411,1.0,7718,506,48898
7,49411,4412,1.0,7719,506,48905
7,49418,4413,1.0,7720,506,48912
9,49427,4414,1.0,7721,506,48921
6,49433,4415,1.0,7722,506,48927
12,49445,4416,1.0,7723,506,48939
9,49454,4417,1.0,7724,506,48948
8,49462,4418,1.0,7725,506,48956
7,49469,4418,0.0,7726,506,48963
6,49475,4419,1.0,7727,506,48969
6,49481,4419,0.0,7728,506,48975
7,49488,4420,1.0,7729,506,48982
6,49494,4421,1.0,7730,506,48988
6,49500,4421,0.0,7731,506,48994
8,49508,4422,1.0,7732,506,49002
2,49510,4422,0.0,7733,506,49004
12,49522,4423,1.0,7734,506,49016
6,49528,4424,1.0,7735,506,49022
3,49531,4424,0.0,7736,506,49025
6,49537,4425,1.0,7737,506,49031
5,49542,4425,0.0,7738,506,49036
11,49553,4426,1.0,7739,506,49047
4,49557,4426,0.0,7740,506,49051
2,49559,4426,0.0,7741,506,49053
2,49561,4426,0.0,7742,506,49055
2,49563,4426,0.0,7743,506,49057
6,49569,4426,0.0,7744,506,49063
13,49582,4427,1.0,7745,506,49076
8,49590,4428,1.0,7746,506,49084
4,49594,4428,0.0,7747,506,49088
6,49600,4429,1.0,7748,506,49094
6,49606,4430,1.0,7749,506,49100
4,49610,4430,0.0,7750,506,49104
4,49614,4430,0.0,7751,506,49108
7,49621,4431,1.0,7752,506,49115
4,49625,4431,0.0,7753,506,49119
6,49631,4432,1.0,7754,506,49125
7,49638,4433,1.0,7755,506,49132
8,49646,4433,0.0,7756,506,49140
2,49648,4433,0.0,7757,506,49142
8,49656,4434,1.0,7758,506,49150
8,49664,4435,1.0,7759,506,49158
7,49671,4436,1.0,7760,506,49165
8,49679,4437,1.0,7761,506,49173
8,49687,4438,1.0,7762,506,49181
5,49692,4438,0.0,7763,506,49186
6,49698,4439,1.0,7764,506,49192
6,49704,4440,1.0,7765,506,49198
4,49708,4440,0.0,7766,506,49202
6,49714,4441,1.0,7767,506,49208
7,49721,4442,1.0,7768,506,49215
9,49730,4443,1.0,7769,506,49224
6,49736,4444,1.0,7770,506,49230
8,49744,4445,1.0,7771,506,49238
3,49747,4445,0.0,7772,506,49241
11,49758,4445,0.0,7773,506,49252
6,49764,4446,1.0,7774,506,49258
6,49770,4447,1.0,7775,506,49264
8,49778,4448,1.0,7776,506,49272
11,49789,4449,1.0,7777,506,49283
6,49795,4450,1.0,7778,506,49289
6,49801,4451,1.0,7779,506,49295
2,49803,4451,0.0,7780,506,49297
10,49813,4452,1.0,7781,506,49307
6,49819,4453,1.0,7782,506,49313
8,49827,4453,0.0,7783,506,49321
6,49833,4454,1.0,7784,506,49327
2,49835,4454,0.0,7785,506,49329
2,49837,4454,0.0,7786,506,49331
6,49843,4455,1.0,7787,506,49337
4,49847,4455,0.0,7788,506,49341
9,49856,4455,0.0,7789,506,49350
6,49862,4456,1.0,7790,506,49356
16,49878,4457,1.0,7791,506,49372
9,49887,4458,1.0,7792,506,49381
8,49895,4459,1.0,7793,506,49389
2,49897,4459,0.0,7794,506,49391
7,49904,4460,1.0,7795,506,49398
6,49910,4461,1.0,7796,506,49404
7,49917,4462,1.0,7797,506,49411
2,49919,4462,0.0,7798,506,49413
7,49926,4463,1.0,7799,506,49420
4,49930,4463,0.0,7800,506,49424
4,49934,4463,0.0,7801,506,49428
7,49941,4463,0.0,7802,506,49435
6,49947,4464,1.0,7803,506,49441
6,49953,4465,1.0,7804,506,49447
6,49959,4466,1.0,7805,506,49453
2,49961,4466,0.0,7806,506,49455
6,49967,4467,1.0,7807,506,49461
6,49973,4468,1.0,7808,506,49467
6,49979,4469,1.0,7809,506,49473
6,49985,4470,1.0,7810,506,49479
6,49991,4471,1.0,7811,506,49485
9,50000,4472,1.0,7812,506,49494
14,50014,4472,0.0,7813,506,49508
8,50022,4473,1.0,7814,506,49516
7,50029,4474,1.0,7815,506,49523
6,50035,4475,1.0,7816,506,49529
7,50042,4476,1.0,7817,506,49536
7,50049,4477,1.0,7818,506,49543
6,50055,4478,1.0,7819,506,49549
10,50065,4479,1.0,7820,506,49559
7,50072,4480,1.0,7821,506,49566
2,50074,4480,0.0,7822,506,49568
8,50082,4481,1.0,7823,506,49576
4,50086,4481,0.0,7824,506,49580
8,50094,4482,1.0,7825,506,49588
6,50100,4483,1.0,7826,506,49594
6,50106,4484,1.0,7827,506,49600
7,50113,4485,1.0,7828,506,49607
6,50119,4486,1.0,7829,506,49613
4,50123,4486,0.0,7830,506,49617
6,50129,4487,1.0,7831,506,49623
6,50135,4488,1.0,7832,506,49629
6,50141,4489,1.0,7833,506,49635
6,50147,4490,1.0,7834,506,49641
6,50153,4491,1.0,7835,506,49647
10,50163,4491,0.0,7836,506,49657
6,50169,4492,1.0,7837,506,49663
7,50176,4492,0.0,7838,506,49670
6,50182,4493,1.0,7839,506,49676
2,50184,4493,0.0,7840,506,49678
4,50188,4493,0.0,7841,506,49682
7,50195,4494,1.0,7842,506,49689
7,50202,4495,1.0,7843,506,49696
5,50207,4495,0.0,7844,506,49701
6,50213,4496,1.0,7845,506,49707
11,50224,4497,1.0,7846,506,49718
7,50231,4498,1.0,7847,506,49725
6,50237,4499,1.0,7848,506,49731
8,50245,4500,1.0,7849,506,49739
6,50251,4501,1.0,7850,506,49745
3,50254,4501,0.0,7851,506,49748
9,50263,4502,1.0,7852,506,49757
9,50272,4503,1.0,7853,506,49766
6,50278,4504,1.0,7854,506,49772
4,50282,4504,0.0,7855,506,49776
4,50286,4504,0.0,7856,506,49780
10,50296,4505,1.0,7857,506,49790
6,50302,4506,1.0,7858,506,49796
4,50306,4506,0.0,7859,506,49800
5,50311,4506,0.0,7860,506,49805
7,50318,4507,1.0,7861,506,49812
6,50324,4508,1.0,7862,506,49818
2,50326,4508,0.0,7863,506,49820
4,50330,4508,0.0,7864,506,49824
8,50338,4508,0.0,7865,506,49832
4,50342,4508,0.0,7866,506,49836
8,50350,4509,1.0,7867,506,49844
7,50357,4510,1.0,7868,506,49851
6,50363,4511,1.0,7869,506,49857
7,50370,4512,1.0,7870,506,49864
6,50376,4513,1.0,7871,506,49870
8,50384,4514,1.0,7872,506,49878
5,50389,4514,0.0,7873,506,49883
9,50398,4515,1.0,7874,506,49892
7,50405,4516,1.0,7875,506,49899
6,50411,4516,0.0,7876,506,49905
4,50415,4516,0.0,7877,506,49909
11,50426,4517,1.0,7878,506,49920
13,50439,4518,1.0,7879,506,49933
4,50443,4518,0.0,7880,506,49937
6,50449,4519,1.0,7881,506,49943
6,50455,4520,1.0,7882,506,49949
4,50459,4520,0.0,7883,506,49953
4,50463,4520,0.0,7884,506,49957
7,50470,4521,1.0,7885,506,49964
6,50476,4522,1.0,7886,506,49970
6,50482,4523,1.0,7887,506,49976
7,50489,4524,1.0,7888,506,49983
2,50491,4524,0.0,7889,506,49985
4,50495,4524,0.0,7890,506,49989
8,50503,4525,1.0,7891,506,49997
6,50509,4526,1.0,7892,506,50003
8,50517,4527,1.0,7893,506,50011
7,50524,4528,1.0,7894,506,50018
8,50532,4529,1.0,7895,506,50026
4,50536,4529,0.0,7896,506,50030
4,50540,4529,0.0,7897,506,50034
6,50546,4529,0.0,7898,506,50040
8,50554,4530,1.0,7899,506,50048
2,50556,4530,0.0,7900,506,50050
8,50564,4531,1.0,7901,506,50058
6,50570,4532,1.0,7902,506,50064
3,50573,4532,0.0,7903,506,50067
6,50579,4533,1.0,7904,506,50073
9,50588,4534,1.0,7905,506,50082
6,50594,4535,1.0,7906,506,50088
6,50600,4536,1.0,7907,506,50094
8,50608,4537,1.0,7908,506,50102
7,50615,4538,1.0,7909,506,50109
10,50625,4539,1.0,7910,506,50119
6,50631,4540,1.0,7911,506,50125
11,50642,4541,1.0,7912,506,50136
11,50653,4542,1.0,7913,506,50147
6,50659,4543,1.0,7914,506,50153
4,50663,4543,0.0,7915,506,50157
10,50673,4544,1.0,7916,506,50167
6,50679,4545,1.0,7917,506,50173
6,50685,4546,1.0,7918,506,50179
6,50691,4547,1.0,7919,506,50185
2,50693,4547,0.0,7920,506,50187
9,50702,4548,1.0,7921,506,50196
6,50708,4549,1.0,7922,506,50202
6,50714,4550,1.0,7923,506,50208
2,50716,4550,0.0,7924,506,50210
6,50722,4551,1.0,7925,506,50216
8,50730,4552,1.0,7926,506,50224
6,50736,4553,1.0,7927,506,50230
8,50744,4554,1.0,7928,506,50238
11,50755,4555,1.0,7929,506,50249
6,50761,4556,1.0,7930,506,50255
3,50764,4556,0.0,7931,506,50258
5,50769,4556,0.0,7932,506,50263
7,50776,4557,1.0,7933,506,50270
7,50783,4558,1.0,7934,506,50277
6,50789,4559,1.0,7935,506,50283
7,50796,4560,1.0,7936,506,50290
6,50802,4561,1.0,7937,506,50296
7,50809,4562,1.0,7938,506,50303
8,50817,4563,1.0,7939,506,50311
6,50823,4564,1.0,7940,506,50317
7,50830,4565,1.0,7941,506,50324
6,50836,4566,1.0,7942,506,50330
6,50842,4567,1.0,7943,506,50336
6,50848,4568,1.0,7944,506,50342
9,50857,4569,1.0,7945,506,50351
2,50859,4569,0.0,7946,506,50353
6,50865,4570,1.0,7947,506,50359
6,50871,4571,1.0,7948,506,50365
7,50878,4572,1.0,7949,506,50372
4,50882,4572,0.0,7950,506,50376
9,50891,4573,1.0,7951,506,50385
3,50894,4573,0.0,7952,506,50388
6,50900,4574,1.0,7953,506,50394
4,50904,4574,0.0,7954,506,50398
9,50913,4575,1.0,7955,506,50407
6,50919,4575,0.0,7956,506,50413
6,50925,4576,1.0,7957,506,50419
6,50931,4577,1.0,7958,506,50425
7,50938,4578,1.0,7959,506,50432
6,50944,4579,1.0,7960,506,50438
6,50950,4580,1.0,7961,506,50444
6,50956,4581,1.0,7962,506,50450
7,50963,4582,1.0,7963,506,50457
6,50969,4583,1.0,7964,506,50463
6,50975,4584,1.0,7965,506,50469
3,50978,4584,0.0,7966,506,50472
7,50985,4585,1.0,7967,506,50479
4,50989,4585,0.0,7968,506,50483
8,50997,4585,0.0,7969,506,50491
6,51003,4586,1.0,7970,506,50497
6,51009,4587,1.0,7971,506,50503
7,51016,4588,1.0,7972,506,50510
5,51021,4588,0.0,7973,506,50515
6,51027,4589,1.0,7974,506,50521
8,51035,4590,1.0,7975,506,50529
6,51041,4590,0.0,7976,506,50535
9,51050,4591,1.0,7977,506,50544
5,51055,4591,0.0,7978,506,50549
2,51057,4591,0.0,7979,506,50551
12,51069,4591,0.0,7980,506,50563
2,51071,4591,0.0,7981,506,50565
3,51074,4591,0.0,7982,506,50568
6,51080,4592,1.0,7983,506,50574
6,51086,4593,1.0,7984,506,50580
4,51090,4593,0.0,7985,506,50584
2,51092,4593,0.0,7986,506,50586
7,51099,4594,1.0,7987,506,50593
6,51105,4595,1.0,7988,506,50599
9,51114,4596,1.0,7989,506,50608
5,51119,4596,0.0,7990,506,50613
11,51130,4597,1.0,7991,506,50624
7,51137,4598,1.0,7992,506,50631
7,51144,4599,1.0,7993,506,50638
6,51150,4600,1.0,7994,506,50644
6,51156,4601,1.0,7995,506,50650
2,51158,4601,0.0,7996,506,50652
4,51162,4601,0.0,7997,506,50656
2,51164,4601,0.0,7998,506,50658
6,51170,4602,1.0,7999,506,50664
4,51174,4602,0.0,8000,506,50668
5,51179,4602,0.0,8001,506,50673
8,51187,4603,1.0,8002,506,50681
3,51190,4603,0.0,8003,506,50684
6,51196,4604,1.0,8004,506,50690
8,51204,4605,1.0,8005,506,50698
6,51210,4606,1.0,8006,506,50704
7,51217,4607,1.0,8007,506,50711
6,51223,4608,1.0,8008,506,50717
8,51231,4609,1.0,8009,506,50725
6,51237,4610,1.0,8010,506,50731
7,51244,4611,1.0,8011,506,50738
8,51252,4612,1.0,8012,506,50746
4,51256,4612,0.0,8013,506,50750
6,51262,4613,1.0,8014,506,50756
6,51268,4614,1.0,8015,506,50762
4,51272,4614,0.0,8016,506,50766
6,51278,4615,1.0,8017,506,50772
7,51285,4616,1.0,8018,506,50779
5,51290,4616,0.0,8019,506,50784
2,51292,4616,0.0,8020,506,50786
12,51304,4617,1.0,8021,506,50798
7,51311,4617,0.0,8022,506,50805
6,51317,4618,1.0,8023,506,50811
4,51321,4618,0.0,8024,506,50815
4,51325,4618,0.0,8025,506,50819
2,51327,4618,0.0,8026,506,50821
6,51333,4619,1.0,8027,506,50827
6,51339,4620,1.0,8028,506,50833
4,51343,4620,0.0,8029,506,50837
9,51352,4620,0.0,8030,506,50846
6,51358,4621,1.0,8031,506,50852
6,51364,4622,1.0,8032,506,50858
2,51366,4622,0.0,8033,506,50860
6,51372,4623,1.0,8034,506,50866
2,51374,4623,0.0,8035,506,50868
4,51378,4623,0.0,8036,506,50872
8,51386,4624,1.0,8037,506,50880
6,51392,4625,1.0,8038,506,50886
6,51398,4626,1.0,8039,506,50892
11,51409,4627,1.0,8040,506,50903
6,51415,4628,1.0,8041,506,50909
6,51421,4628,0.0,8042,506,50915
9,51430,4629,1.0,8043,506,50924
8,51438,4630,1.0,8044,506,50932
2,51440,4630,0.0,8045,506,50934
4,51444,4630,0.0,8046,506,50938
7,51451,4631,1.0,8047,506,50945
6,51457,4632,1.0,8048,506,50951
10,51467,4633,1.0,8049,506,50961
3,51470,4633,0.0,8050,506,50964
4,51474,4633,0.0,8051,506,50968
6,51480,4634,1.0,8052,506,50974
4,51484,4634,0.0,8053,506,50978
6,51490,4635,1.0,8054,506,50984
4,51494,4635,0.0,8055,506,50988
4,51498,4635,0.0,8056,506,50992
6,51504,4636,1.0,8057,506,50998
9,51513,4637,1.0,8058,506,51007
7,51520,4638,1.0,8059,506,51014
8,51528,4639,1.0,8060,506,51022
4,51532,4639,0.0,8061,506,51026
8,51540,4640,1.0,8062,506,51034
5,51545,4640,0.0,8063,506,51039
6,51551,4641,1.0,8064,506,51045
6,51557,4642,1.0,8065,506,51051
6,51563,4642,0.0,8066,506,51057
9,51572,4643,1.0,8067,506,51066
9,51581,4644,1.0,8068,506,51075
3,51584,4644,0.0,8069,506,51078
5,51589,4644,0.0,8070,506,51083
6,51595,4645,1.0,8071,506,51089
7,51602,4646,1.0,8072,506,51096
4,51606,4646,0.0,8073,506,51100
13,51619,4647,1.0,8074,506,51113
7,51626,4648,1.0,8075,506,51120
10,51636,4649,1.0,8076,506,51130
6,51642,4650,1.0,8077,506,51136
6,51648,4651,1.0,8078,506,51142
4,51652,4651,0.0,8079,506,51146
6,51658,4652,1.0,8080,506,51152
7,51665,4652,0.0,8081,506,51159
6,51671,4653,1.0,8082,506,51165
6,51677,4654,1.0,8083,506,51171
6,51683,4655,1.0,8084,506,51177
10,51693,4656,1.0,8085,506,51187
10,51703,4657,1.0,8086,506,51197
8,51711,4658,1.0,8087,506,51205
6,51717,4659,1.0,8088,506,51211
8,51725,4660,1.0,8089,506,51219
6,51731,4661,1.0,8090,506,51225
9,51740,4662,1.0,8091,506,51234
6,51746,4663,1.0,8092,506,51240
4,51750,4663,0.0,8093,506,51244
10,51760,4664,1.0,8094,506,51254
7,51767,4665,1.0,8095,506,51261
6,51773,4666,1.0,8096,506,51267
6,51779,4667,1.0,8097,506,51273
7,51786,4668,1.0,8098,506,51280
3,51789,4668,0.0,8099,506,51283
4,51793,4668,0.0,8100,506,51287
4,51797,4668,0.0,8101,506,51291
12,51809,4669,1.0,8102,506,51303
6,51815,4670,1.0,8103,506,51309
8,51823,4671,1.0,8104,506,51317
6,51829,4672,1.0,8105,506,51323
3,51832,4672,0.0,8106,506,51326
8,51840,4673,1.0,8107,506,51334
2,51842,4673,0.0,8108,506,51336
7,51849,4674,1.0,8109,506,51343
3,51852,4674,0.0,8110,506,51346
7,51859,4674,0.0,8111,506,51353
6,51865,4675,1.0,8112,506,51359
6,51871,4676,1.0,8113,506,51365
7,51878,4677,1.0,8114,506,51372
8,51886,4678,1.0,8115,506,51380
10,51896,4679,1.0,8116,506,51390
7,51903,4680,1.0,8117,506,51397
12,51915,4681,1.0,8118,506,51409
9,51924,4682,1.0,8119,506,51418
6,51930,4683,1.0,8120,506,51424
2,51932,4683,0.0,8121,506,51426
4,51936,4683,0.0,8122,506,51430
8,51944,4684,1.0,8123,506,51438
8,51952,4685,1.0,8124,506,51446
12,51964,4686,1.0,8125,506,51458
7,51971,4687,1.0,8126,506,51465
6,51977,4688,1.0,8127,506,51471
6,51983,4689,1.0,8128,506,51477
2,51985,4689,0.0,8129,506,51479
10,51995,4690,1.0,8130,506,51489
3,51998,4690,0.0,8131,506,51492
6,52004,4691,1.0,8132,506,51498
6,52010,4692,1.0,8133,506,51504
2,52012,4692,0.0,8134,506,51506
3,52015,4692,0.0,8135,506,51509
2,52017,4692,0.0,8136,506,51511
6,52023,4693,1.0,8137,506,51517
6,52029,4694,1.0,8138,506,51523
2,52031,4694,0.0,8139,506,51525
11,52042,4695,1.0,8140,506,51536
3,52045,4695,0.0,8141,506,51539
8,52053,4696,1.0,8142,506,51547
4,52057,4696,0.0,8143,506,51551
6,52063,4697,1.0,8144,506,51557
8,52071,4697,0.0,8145,506,51565
4,52075,4697,0.0,8146,506,51569
4,52079,4697,0.0,8147,506,51573
7,52086,4698,1.0,8148,506,51580
6,52092,4699,1.0,8149,506,51586
6,52098,4700,1.0,8150,506,51592
5,52103,4700,0.0,8151,506,51597
6,52109,4701,1.0,8152,506,51603
2,52111,4701,0.0,8153,506,51605
6,52117,4702,1.0,8154,506,51611
6,52123,4703,1.0,8155,506,51617
10,52133,4703,0.0,8156,506,51627
7,52140,4703,0.0,8157,506,51634
7,52147,4703,0.0,8158,506,51641
4,52151,4703,0.0,8159,506,51645
6,52157,4704,1.0,8160,506,51651
4,52161,4704,0.0,8161,506,51655
8,52169,4704,0.0,8162,506,51663
6,52175,4704,0.0,8163,506,51669
6,52181,4705,1.0,8164,506,51675
8,52189,4706,1.0,8165,506,51683
2,52191,4706,0.0,8166,506,51685
6,52197,4707,1.0,8167,506,51691
7,52204,4707,0.0,8168,506,51698
10,52214,4708,1.0,8169,506,51708
8,52222,4709,1.0,8170,506,51716
4,52226,4709,0.0,8171,506,51720
4,52230,4709,0.0,8172,506,51724
5,52235,4709,0.0,8173,506,51729
2,52237,4709,0.0,8174,506,51731
4,52241,4709,0.0,8175,506,51735
6,52247,4710,1.0,8176,506,51741
6,52253,4711,1.0,8177,506,51747
5,52258,4711,0.0,8178,506,51752
6,52264,4712,1.0,8179,506,51758
2,52266,4712,0.0,8180,506,51760
5,52271,4712,0.0,8181,506,51765
10,52281,4713,1.0,8182,506,51775
6,52287,4714,1.0,8183,506,51781
4,52291,4714,0.0,8184,506,51785
7,52298,4715,1.0,8185,506,51792
2,52300,4715,0.0,8186,506,51794
6,52306,4716,1.0,8187,506,51800
3,52309,4716,0.0,8188,506,51803
5,52314,4716,0.0,8189,506,51808
6,52320,4717,1.0,8190,506,51814
6,52326,4718,1.0,8191,506,51820
8,52334,4719,1.0,8192,506,51828
9,52343,4720,1.0,8193,506,51837
6,52349,4721,1.0,8194,506,51843
12,52361,4722,1.0,8195,506,51855
4,52365,4722,0.0,8196,506,51859
6,52371,4723,1.0,8197,506,51865
6,52377,4724,1.0,8198,506,51871
7,52384,4725,1.0,8199,506,51878
9,52393,4726,1.0,8200,506,51887
2,52395,4726,0.0,8201,506,51889
3,52398,4726,0.0,8202,506,51892
6,52404,4727,1.0,8203,506,51898
6,52410,4728,1.0,8204,506,51904
7,52417,4729,1.0,8205,506,51911
7,52424,4730,1.0,8206,506,51918
6,52430,4731,1.0,8207,506,51924
11,52441,4732,1.0,8208,506,51935
8,52449,4733,1.0,8209,506,51943
2,52451,4733,0.0,8210,506,51945
8,52459,4733,0.0,8211,506,51953
8,52467,4734,1.0,8212,506,51961
4,52471,4734,0.0,8213,506,51965
6,52477,4734,0.0,8214,506,51971
7,52484,4735,1.0,8215,506,51978
8,52492,4736,1.0,8216,506,51986
4,52496,4736,0.0,8217,506,51990
8,52504,4737,1.0,8218,506,51998
7,52511,4738,1.0,8219,506,52005
9,52520,4739,1.0,8220,506,52014
3,52523,4739,0.0,8221,506,52017
7,52530,4740,1.0,8222,506,52024
9,52539,4741,1.0,8223,506,52033
6,52545,4742,1.0,8224,506,52039
12,52557,4743,1.0,8225,506,52051
4,52561,4743,0.0,8226,506,52055
6,52567,4744,1.0,8227,506,52061
4,52571,4744,0.0,8228,506,52065
5,52576,4744,0.0,8229,506,52070
6,52582,4745,1.0,8230,506,52076
3,52585,4745,0.0,8231,506,52079
7,52592,4745,0.0,8232,506,52086
6,52598,4746,1.0,8233,506,52092
8,52606,4747,1.0,8234,506,52100
6,52612,4748,1.0,8235,506,52106
6,52618,4749,1.0,8236,506,52112
6,52624,4750,1.0,8237,506,52118
4,52628,4750,0.0,8238,506,52122
6,52634,4751,1.0,8239,506,52128
2,52636,4751,0.0,8240,506,52130
6,52642,4752,1.0,8241,506,52136
6,52648,4753,1.0,8242,506,52142
8,52656,4754,1.0,8243,506,52150
2,52658,4754,0.0,8244,506,52152
7,52665,4755,1.0,8245,506,52159
6,52671,4756,1.0,8246,506,52165
8,52679,4757,1.0,8247,506,52173
6,52685,4758,1.0,8248,506,52179
8,52693,4759,1.0,8249,506,52187
4,52697,4759,0.0,8250,506,52191
7,52704,4760,1.0,8251,506,52198
6,52710,4761,1.0,8252,506,52204
6,52716,4762,1.0,8253,506,52210
7,52723,4763,1.0,8254,506,52217
5,52728,4763,0.0,8255,506,52222
8,52736,4764,1.0,8256,506,52230
6,52742,4765,1.0,8257,506,52236
3,52745,4765,0.0,8258,506,52239
6,52751,4766,1.0,8259,506,52245
6,52757,4767,1.0,8260,506,52251
2,52759,4767,0.0,8261,506,52253
4,52763,4767,0.0,8262,506,52257
6,52769,4768,1.0,8263,506,52263
6,52775,4769,1.0,8264,506,52269
7,52782,4770,1.0,8265,506,52276
8,52790,4771,1.0,8266,506,52284
7,52797,4772,1.0,8267,506,52291
6,52803,4772,0.0,8268,506,52297
13,52816,4773,1.0,8269,506,52310
2,52818,4773,0.0,8270,506,52312
7,52825,4774,1.0,8271,506,52319
6,52831,4774,0.0,8272,506,52325
7,52838,4775,1.0,8273,506,52332
6,52844,4775,0.0,8274,506,52338
6,52850,4776,1.0,8275,506,52344
4,52854,4776,0.0,8276,506,52348
6,52860,4777,1.0,8277,506,52354
4,52864,4777,0.0,8278,506,52358
2,52866,4777,0.0,8279,506,52360
8,52874,4778,1.0,8280,506,52368
7,52881,4779,1.0,8281,506,52375
7,52888,4780,1.0,8282,506,52382
4,52892,4780,0.0,8283,506,52386
12,52904,4781,1.0,8284,506,52398
9,52913,4782,1.0,8285,506,52407
2,52915,4782,0.0,8286,506,52409
4,52919,4782,0.0,8287,506,52413
6,52925,4783,1.0,8288,506,52419
7,52932,4784,1.0,8289,506,52426
7,52939,4785,1.0,8290,506,52433
7,52946,4786,1.0,8291,506,52440
8,52954,4787,1.0,8292,506,52448
8,52962,4788,1.0,8293,506,52456
17,52979,4789,1.0,8294,506,52473
8,52987,4790,1.0,8295,506,52481
2,52989,4790,0.0,8296,506,52483
6,52995,4791,1.0,8297,506,52489
6,53001,4792,1.0,8298,506,52495
7,53008,4793,1.0,8299,506,52502
6,53014,4794,1.0,8300,506,52508
6,53020,4795,1.0,8301,506,52514
6,53026,4796,1.0,8302,506,52520
6,53032,4797,1.0,8303,506,52526
6,53038,4798,1.0,8304,506,52532
5,53043,4798,0.0,8305,506,52537
6,53049,4799,1.0,8306,506,52543
7,53056,4800,1.0,8307,506,52550
8,53064,4801,1.0,8308,506,52558
2,53066,4801,0.0,8309,506,52560
6,53072,4802,1.0,8310,506,52566
6,53078,4803,1.0,8311,506,52572
6,53084,4804,1.0,8312,506,52578
7,53091,4805,1.0,8313,506,52585
6,53097,4806,1.0,8314,506,52591
5,53102,4806,0.0,8315,506,52596
6,53108,4807,1.0,8316,506,52602
2,53110,4807,0.0,8317,506,52604
6,53116,4808,1.0,8318,506,52610
8,53124,4809,1.0,8319,506,52618
7,53131,4809,0.0,8320,506,52625
6,53137,4810,1.0,8321,506,52631
6,53143,4811,1.0,8322,506,52637
7,53150,4812,1.0,8323,506,52644
4,53154,4812,0.0,8324,506,52648
12,53166,4813,1.0,8325,506,52660
9,53175,4813,0.0,8326,506,52669
6,53181,4814,1.0,8327,506,52675
6,53187,4815,1.0,8328,506,52681
6,53193,4816,1.0,8329,506,52687
8,53201,4817,1.0,8330,506,52695
2,53203,4817,0.0,8331,506,52697
6,53209,4818,1.0,8332,506,52703
6,53215,4819,1.0,8333,506,52709
6,53221,4820,1.0,8334,506,52715
6,53227,4821,1.0,8335,506,52721
9,53236,4822,1.0,8336,506,52730
9,53245,4823,1.0,8337,506,52739
6,53251,4824,1.0,8338,506,52745
8,53259,4825,1.0,8339,506,52753
2,53261,4825,0.0,8340,506,52755
2,53263,4825,0.0,8341,506,52757
2,53265,4825,0.0,8342,506,52759
8,53273,4826,1.0,8343,506,52767
6,53279,4827,1.0,8344,506,52773
6,53285,4828,1.0,8345,506,52779
6,53291,4829,1.0,8346,506,52785
9,53300,4830,1.0,8347,506,52794
6,53306,4831,1.0,8348,506,52800
6,53312,4832,1.0,8349,506,52806
8,53320,4833,1.0,8350,506,52814
7,53327,4834,1.0,8351,506,52821
6,53333,4835,1.0,8352,506,52827
7,53340,4836,1.0,8353,506,52834
5,53345,4836,0.0,8354,506,52839
9,53354,4837,1.0,8355,506,52848
8,53362,4838,1.0,8356,506,52856
6,53368,4839,1.0,8357,506,52862
4,53372,4839,0.0,8358,506,52866
2,53374,4839,0.0,8359,506,52868
7,53381,4840,1.0,8360,506,52875
11,53392,4841,1.0,8361,506,52886
6,53398,4842,1.0,8362,506,52892
7,53405,4843,1.0,8363,506,52899
6,53411,4844,1.0,8364,506,52905
8,53419,4845,1.0,8365,506,52913
7,53426,4846,1.0,8366,506,52920
4,53430,4846,0.0,8367,506,52924
12,53442,4847,1.0,8368,506,52936
4,53446,4847,0.0,8369,506,52940
9,53455,4847,0.0,8370,506,52949
6,53461,4848,1.0,8371,506,52955
6,53467,4849,1.0,8372,506,52961
5,53472,4849,0.0,8373,506,52966
8,53480,4850,1.0,8374,506,52974
4,53484,4850,0.0,8375,506,52978
2,53486,4850,0.0,8376,506,52980
8,53494,4851,1.0,8377,506,52988
8,53502,4852,1.0,8378,506,52996
5,53507,4852,0.0,8379,506,53001
4,53511,4852,0.0,8380,506,53005
6,53517,4853,1.0,8381,506,53011
9,53526,4854,1.0,8382,506,53020
6,53532,4855,1.0,8383,506,53026
6,53538,4856,1.0,8384,506,53032
7,53545,4857,1.0,8385,506,53039
6,53551,4858,1.0,8386,506,53045
6,53557,4859,1.0,8387,506,53051
7,53564,4860,1.0,8388,506,53058
2,53566,4860,0.0,8389,506,53060
8,53574,4861,1.0,8390,506,53068
8,53582,4862,1.0,8391,506,53076
2,53584,4862,0.0,8392,506,53078
2,53586,4862,0.0,8393,506,53080
4,53590,4862,0.0,8394,506,53084
4,53594,4862,0.0,8395,506,53088
6,53600,4863,1.0,8396,506,53094
6,53606,4864,1.0,8397,506,53100
6,53612,4865,1.0,8398,506,53106
6,53618,4866,1.0,8399,506,53112
12,53630,4867,1.0,8400,506,53124
7,53637,4867,0.0,8401,506,53131
4,53641,4867,0.0,8402,506,53135
6,53647,4868,1.0,8403,506,53141
4,53651,4868,0.0,8404,506,53145
6,53657,4869,1.0,8405,506,53151
3,53660,4869,0.0,8406,506,53154
9,53669,4870,1.0,8407,506,53163
8,53677,4871,1.0,8408,506,53171
4,53681,4871,0.0,8409,506,53175
6,53687,4872,1.0,8410,506,53181
13,53700,4873,1.0,8411,506,53194
8,53708,4874,1.0,8412,506,53202
6,53714,4875,1.0,8413,506,53208
9,53723,4876,1.0,8414,506,53217
6,53729,4877,1.0,8415,506,53223
8,53737,4878,1.0,8416,506,53231
6,53743,4879,1.0,8417,506,53237
6,53749,4880,1.0,8418,506,53243
7,53756,4881,1.0,8419,506,53250
6,53762,4882,1.0,8420,506,53256
6,53768,4882,0.0,8421,506,53262
8,53776,4883,1.0,8422,506,53270
8,53784,4884,1.0,8423,506,53278
4,53788,4884,0.0,8424,506,53282
4,53792,4884,0.0,8425,506,53286
7,53799,4885,1.0,8426,506,53293
11,53810,4886,1.0,8427,506,53304
10,53820,4886,0.0,8428,506,53314
6,53826,4887,1.0,8429,506,53320
8,53834,4888,1.0,8430,506,53328
6,53840,4889,1.0,8431,506,53334
3,53843,4889,0.0,8432,506,53337
6,53849,4890,1.0,8433,506,53343
6,53855,4891,1.0,8434,506,53349
8,53863,4892,1.0,8435,506,53357
5,53868,4892,0.0,8436,506,53362
7,53875,4893,1.0,8437,506,53369
7,53882,4894,1.0,8438,506,53376
6,53888,4895,1.0,8439,506,53382
6,53894,4896,1.0,8440,506,53388
6,53900,4897,1.0,8441,506,53394
2,53902,4897,0.0,8442,506,53396
9,53911,4897,0.0,8443,506,53405
3,53914,4897,0.0,8444,506,53408
6,53920,4898,1.0,8445,506,53414
6,53926,4898,0.0,8446,506,53420
4,53930,4898,0.0,8447,506,53424
7,53937,4899,1.0,8448,506,53431
8,53945,4900,1.0,8449,506,53439
4,53949,4900,0.0,8450,506,53443
8,53957,4901,1.0,8451,506,53451
6,53963,4902,1.0,8452,506,53457
6,53969,4903,1.0,8453,506,53463
6,53975,4904,1.0,8454,506,53469
6,53981,4905,1.0,8455,506,53475
9,53990,4906,1.0,8456,506,53484
6,53996,4907,1.0,8457,506,53490
8,54004,4908,1.0,8458,506,53498
7,54011,4909,1.0,8459,506,53505
2,54013,4909,0.0,8460,506,53507
6,54019,4910,1.0,8461,506,53513
6,54025,4911,1.0,8462,506,53519
2,54027,4911,0.0,8463,506,53521
4,54031,4911,0.0,8464,506,53525
8,54039,4912,1.0,8465,506,53533
8,54047,4913,1.0,8466,506,53541
8,54055,4914,1.0,8467,506,53549
6,54061,4915,1.0,8468,506,53555
6,54067,4916,1.0,8469,506,53561
10,54077,4917,1.0,8470,506,53571
6,54083,4918,1.0,8471,506,53577
7,54090,4919,1.0,8472,506,53584
8,54098,4920,1.0,8473,506,53592
4,54102,4920,0.0,8474,506,53596
3,54105,4920,0.0,8475,506,53599
7,54112,4921,1.0,8476,506,53606
6,54118,4922,1.0,8477,506,53612
8,54126,4923,1.0,8478,506,53620
6,54132,4923,0.0,8479,506,53626
6,54138,4924,1.0,8480,506,53632
5,54143,4924,0.0,8481,506,53637
2,54145,4924,0.0,8482,506,53639
7,54152,4925,1.0,8483,506,53646
6,54158,4926,1.0,8484,506,53652
7,54165,4927,1.0,8485,506,53659
6,54171,4928,1.0,8486,506,53665
3,54174,4928,0.0,8487,506,53668
7,54181,4929,1.0,8488,506,53675
7,54188,4930,1.0,8489,506,53682
8,54196,4931,1.0,8490,506,53690
6,54202,4932,1.0,8491,506,53696
6,54208,4933,1.0,8492,506,53702
3,54211,4933,0.0,8493,506,53705
6,54217,4934,1.0,8494,506,53711
9,54226,4935,1.0,8495,506,53720
6,54232,4936,1.0,8496,506,53726
8,54240,4937,1.0,8497,506,53734
6,54246,4938,1.0,8498,506,53740
6,54252,4939,1.0,8499,506,53746
13,54265,4940,1.0,8500,506,53759
5,54270,4940,0.0,8501,506,53764
6,54276,4941,1.0,8502,506,53770
7,54283,4942,1.0,8503,506,53777
2,54285,4942,0.0,8504,506,53779
9,54294,4943,1.0,8505,506,53788
10,54304,4944,1.0,8506,506,53798
4,54308,4944,0.0,8507,506,53802
8,54316,4945,1.0,8508,506,53810
12,54328,4946,1.0,8509,506,53822
7,54335,4946,0.0,8510,506,53829
2,54337,4946,0.0,8511,506,53831
8,54345,4947,1.0,8512,506,53839
6,54351,4948,1.0,8513,506,53845
6,54357,4949,1.0,8514,506,53851
7,54364,4950,1.0,8515,506,53858
6,54370,4951,1.0,8516,506,53864
6,54376,4952,1.0,8517,506,53870
4,54380,4952,0.0,8518,506,53874
13,54393,4953,1.0,8519,506,53887
5,54398,4953,0.0,8520,506,53892
8,54406,4954,1.0,8521,506,53900
6,54412,4955,1.0,8522,506,53906
9,54421,4956,1.0,8523,506,53915
7,54428,4957,1.0,8524,506,53922
8,54436,4957,0.0,8525,506,53930
11,54447,4958,1.0,8526,506,53941
6,54453,4959,1.0,8527,506,53947
6,54459,4960,1.0,8528,506,53953
8,54467,4961,1.0,8529,506,53961
12,54479,4962,1.0,8530,506,53973
13,54492,4963,1.0,8531,506,53986
6,54498,4964,1.0,8532,506,53992
5,54503,4964,0.0,8533,506,53997
4,54507,4964,0.0,8534,506,54001
8,54515,4965,1.0,8535,506,54009
2,54517,4965,0.0,8536,506,54011
8,54525,4966,1.0,8537,506,54019
7,54532,4967,1.0,8538,506,54026
2,54534,4967,0.0,8539,506,54028
7,54541,4968,1.0,8540,506,54035
11,54552,4969,1.0,8541,506,54046
9,54561,4970,1.0,8542,506,54055
6,54567,4971,1.0,8543,506,54061
6,54573,4972,1.0,8544,506,54067
6,54579,4973,1.0,8545,506,54073
3,54582,4973,0.0,8546,506,54076
10,54592,4974,1.0,8547,506,54086
6,54598,4974,0.0,8548,506,54092
4,54602,4974,0.0,8549,506,54096
6,54608,4975,1.0,8550,506,54102
10,54618,4976,1.0,8551,506,54112
6,54624,4977,1.0,8552,506,54118
7,54631,4978,1.0,8553,506,54125
5,54636,4978,0.0,8554,506,54130
3,54639,4978,0.0,8555,506,54133
6,54645,4979,1.0,8556,506,54139
3,54648,4979,0.0,8557,506,54142
9,54657,4980,1.0,8558,506,54151
6,54663,4981,1.0,8559,506,54157
6,54669,4982,1.0,8560,506,54163
6,54675,4983,1.0,8561,506,54169
3,54678,4983,0.0,8562,506,54172
9,54687,4984,1.0,8563,506,54181
8,54695,4984,0.0,8564,506,54189
8,54703,4985,1.0,8565,506,54197
9,54712,4986,1.0,8566,506,54206
6,54718,4987,1.0,8567,506,54212
4,54722,4987,0.0,8568,506,54216
4,54726,4987,0.0,8569,506,54220
6,54732,4988,1.0,8570,506,54226
7,54739,4989,1.0,8571,506,54233
8,54747,4990,1.0,8572,506,54241
8,54755,4991,1.0,8573,506,54249
7,54762,4992,1.0,8574,506,54256
5,54767,4992,0.0,8575,506,54261
5,54772,4992,0.0,8576,506,54266
3,54775,4992,0.0,8577,506,54269
4,54779,4992,0.0,8578,506,54273
6,54785,4993,1.0,8579,506,54279
2,54787,4993,0.0,8580,506,54281
2,54789,4993,0.0,8581,506,54283
6,54795,4994,1.0,8582,506,54289
6,54801,4995,1.0,8583,506,54295
6,54807,4995,0.0,8584,506,54301
6,54813,4996,1.0,8585,506,54307
6,54819,4997,1.0,8586,506,54313
6,54825,4998,1.0,8587,506,54319
7,54832,4998,0.0,8588,506,54326
6,54838,4999,1.0,8589,506,54332
4,54842,4999,0.0,8590,506,54336
8,54850,5000,1.0,8591,506,54344
7,54857,5000,0.0,8592,506,54351
9,54866,5001,1.0,8593,506,54360
7,54873,5002,1.0,8594,506,54367
7,54880,5003,1.0,8595,506,54374
6,54886,5004,1.0,8596,506,54380
6,54892,5005,1.0,8597,506,54386
6,54898,5006,1.0,8598,506,54392
6,54904,5007,1.0,8599,506,54398
8,54912,5008,1.0,8600,506,54406
3,54915,5008,0.0,8601,506,54409
4,54919,5008,0.0,8602,506,54413
6,54925,5008,0.0,8603,506,54419
6,54931,5009,1.0,8604,506,54425
8,54939,5010,1.0,8605,506,54433
2,54941,5010,0.0,8606,506,54435
8,54949,5011,1.0,8607,506,54443
5,54954,5011,0.0,8608,506,54448
7,54961,5011,0.0,8609,506,54455
7,54968,5011,0.0,8610,506,54462
13,54981,5012,1.0,8611,506,54475
7,54988,5012,0.0,8612,506,54482
9,54997,5013,1.0,8613,506,54491
11,55008,5014,1.0,8614,506,54502
6,55014,5015,1.0,8615,506,54508
6,55020,5016,1.0,8616,506,54514
4,55024,5016,0.0,8617,506,54518
9,55033,5017,1.0,8618,506,54527
6,55039,5018,1.0,8619,506,54533
3,55042,5018,0.0,8620,506,54536
2,55044,5018,0.0,8621,506,54538
4,55048,5018,0.0,8622,506,54542
2,55050,5018,0.0,8623,506,54544
13,55063,5019,1.0,8624,506,54557
6,55069,5020,1.0,8625,506,54563
6,55075,5021,1.0,8626,506,54569
4,55079,5021,0.0,8627,506,54573
2,55081,5021,0.0,8628,506,54575
3,55084,5021,0.0,8629,506,54578
2,55086,5021,0.0,8630,506,54580
4,55090,5021,0.0,8631,506,54584
6,55096,5022,1.0,8632,506,54590
6,55102,5023,1.0,8633,506,54596
12,55114,5024,1.0,8634,506,54608
2,55116,5024,0.0,8635,506,54610
6,55122,5025,1.0,8636,506,54616
4,55126,5025,0.0,8637,506,54620
10,55136,5026,1.0,8638,506,54630
2,55138,5026,0.0,8639,506,54632
5,55143,5026,0.0,8640,506,54637
6,55149,5027,1.0,8641,506,54643
2,55151,5027,0.0,8642,506,54645
4,55155,5027,0.0,8643,506,54649
7,55162,5028,1.0,8644,506,54656
7,55169,5029,1.0,8645,506,54663
9,55178,5030,1.0,8646,506,54672
6,55184,5031,1.0,8647,506,54678
9,55193,5032,1.0,8648,506,54687
6,55199,5033,1.0,8649,506,54693
6,55205,5034,1.0,8650,506,54699
5,55210,5034,0.0,8651,506,54704
7,55217,5035,1.0,8652,506,54711
8,55225,5036,1.0,8653,506,54719
8,55233,5037,1.0,8654,506,54727
20,55253,5038,1.0,8655,506,54747
6,55259,5039,1.0,8656,506,54753
5,55264,5039,0.0,8657,506,54758
6,55270,5040,1.0,8658,506,54764
9,55279,5041,1.0,8659,506,54773
6,55285,5042,1.0,8660,506,54779
11,55296,5043,1.0,8661,506,54790
7,55303,5044,1.0,8662,506,54797
7,55310,5044,0.0,8663,506,54804
8,55318,5045,1.0,8664,506,54812
10,55328,5045,0.0,8665,506,54822
6,55334,5046,1.0,8666,506,54828
6,55340,5047,1.0,8667,506,54834
6,55346,5048,1.0,8668,506,54840
6,55352,5049,1.0,8669,506,54846
5,55357,5049,0.0,8670,506,54851
7,55364,5050,1.0,8671,506,54858
6,55370,5051,1.0,8672,506,54864
8,55378,5052,1.0,8673,506,54872
2,55380,5052,0.0,8674,506,54874
4,55384,5052,0.0,8675,506,54878
3,55387,5052,0.0,8676,506,54881
6,55393,5053,1.0,8677,506,54887
12,55405,5054,1.0,8678,506,54899
5,55410,5054,0.0,8679,506,54904
6,55416,5055,1.0,8680,506,54910
6,55422,5056,1.0,8681,506,54916
6,55428,5057,1.0,8682,506,54922
6,55434,5058,1.0,8683,506,54928
6,55440,5059,1.0,8684,506,54934
6,55446,5060,1.0,8685,506,54940
2,55448,5060,0.0,8686,506,54942
6,55454,5061,1.0,8687,506,54948
9,55463,5062,1.0,8688,506,54957
8,55471,5063,1.0,8689,506,54965
2,55473,5063,0.0,8690,506,54967
5,55478,5063,0.0,8691,506,54972
6,55484,5064,1.0,8692,506,54978
6,55490,5065,1.0,8693,506,54984
5,55495,5065,0.0,8694,506,54989
8,55503,5066,1.0,8695,506,54997
4,55507,5066,0.0,8696,506,55001
8,55515,5067,1.0,8697,506,55009
6,55521,5068,1.0,8698,506,55015
8,55529,5069,1.0,8699,506,55023
8,55537,5070,1.0,8700,506,55031
2,55539,5070,0.0,8701,506,55033
6,55545,5070,0.0,8702,506,55039
6,55551,5071,1.0,8703,506,55045
6,55557,5072,1.0,8704,506,55051
3,55560,5072,0.0,8705,506,55054
8,55568,5073,1.0,8706,506,55062
6,55574,5074,1.0,8707,506,55068
7,55581,5075,1.0,8708,506,55075
6,55587,5076,1.0,8709,506,55081
6,55593,5077,1.0,8710,506,55087
4,55597,5077,0.0,8711,506,55091
8,55605,5078,1.0,8712,506,55099
6,55611,5079,1.0,8713,506,55105
10,55621,5079,0.0,8714,506,55115
10,55631,5080,1.0,8715,506,55125
9,55640,5081,1.0,8716,506,55134
4,55644,5081,0.0,8717,506,55138
5,55649,5081,0.0,8718,506,55143
6,55655,5082,1.0,8719,506,55149
4,55659,5082,0.0,8720,506,55153
7,55666,5083,1.0,8721,506,55160
3,55669,5083,0.0,8722,506,55163
8,55677,5084,1.0,8723,506,55171
7,55684,5085,1.0,8724,506,55178
6,55690,5086,1.0,8725,506,55184
6,55696,5087,1.0,8726,506,55190
2,55698,5087,0.0,8727,506,55192
9,55707,5088,1.0,8728,506,55201
7,55714,5089,1.0,8729,506,55208
7,55721,5090,1.0,8730,506,55215
7,55728,5091,1.0,8731,506,55222
6,55734,5092,1.0,8732,506,55228
4,55738,5092,0.0,8733,506,55232
6,55744,5093,1.0,8734,506,55238
8,55752,5094,1.0,8735,506,55246
7,55759,5095,1.0,8736,506,55253
6,55765,5096,1.0,8737,506,55259
8,55773,5097,1.0,8738,506,55267
2,55775,5097,0.0,8739,506,55269
4,55779,5097,0.0,8740,506,55273
8,55787,5098,1.0,8741,506,55281
6,55793,5099,1.0,8742,506,55287
6,55799,5099,0.0,8743,506,55293
8,55807,5099,0.0,8744,506,55301
7,55814,5100,1.0,8745,506,55308
4,55818,5100,0.0,8746,506,55312
6,55824,5101,1.0,8747,506,55318
6,55830,5102,1.0,8748,506,55324
9,55839,5103,1.0,8749,506,55333
6,55845,5104,1.0,8750,506,55339
4,55849,5104,0.0,8751,506,55343
7,55856,5105,1.0,8752,506,55350
6,55862,5106,1.0,8753,506,55356
6,55868,5107,1.0,8754,506,55362
8,55876,5108,1.0,8755,506,55370
6,55882,5109,1.0,8756,506,55376
2,55884,5109,0.0,8757,506,55378
7,55891,5110,1.0,8758,506,55385
8,55899,5111,1.0,8759,506,55393
9,55908,5112,1.0,8760,506,55402
7,55915,5113,1.0,8761,506,55409
6,55921,5114,1.0,8762,506,55415
2,55923,5114,0.0,8763,506,55417
6,55929,5115,1.0,8764,506,55423
6,55935,5116,1.0,8765,506,55429
6,55941,5117,1.0,8766,506,55435
4,55945,5117,0.0,8767,506,55439
2,55947,5117,0.0,8768,506,55441
6,55953,5118,1.0,8769,506,55447
2,55955,5118,0.0,8770,506,55449
10,55965,5119,1.0,8771,506,55459
2,55967,5119,0.0,8772,506,55461
7,55974,5120,1.0,8773,506,55468
6,55980,5121,1.0,8774,506,55474
4,55984,5121,0.0,8775,506,55478
7,55991,5122,1.0,8776,506,55485
4,55995,5122,0.0,8777,506,55489
6,56001,5123,1.0,8778,506,55495
8,56009,5124,1.0,8779,506,55503
11,56020,5125,1.0,8780,506,55514
7,56027,5126,1.0,8781,506,55521
7,56034,5127,1.0,8782,506,55528
6,56040,5127,0.0,8783,506,55534
9,56049,5128,1.0,8784,506,55543
6,56055,5129,1.0,8785,506,55549
8,56063,5130,1.0,8786,506,55557
6,56069,5131,1.0,8787,506,55563
8,56077,5132,1.0,8788,506,55571
6,56083,5133,1.0,8789,506,55577
8,56091,5134,1.0,8790,506,55585
6,56097,5135,1.0,8791,506,55591
9,56106,5136,1.0,8792,506,55600
4,56110,5136,0.0,8793,506,55604
8,56118,5137,1.0,8794,506,55612
6,56124,5138,1.0,8795,506,55618
12,56136,5139,1.0,8796,506,55630
7,56143,5139,0.0,8797,506,55637
6,56149,5140,1.0,8798,506,55643
2,56151,5140,0.0,8799,506,55645
4,56155,5140,0.0,8800,506,55649
9,56164,5141,1.0,8801,506,55658
7,56171,5142,1.0,8802,506,55665
3,56174,5142,0.0,8803,506,55668
9,56183,5143,1.0,8804,506,55677
10,56193,5143,0.0,8805,506,55687
6,56199,5144,1.0,8806,506,55693
13,56212,5145,1.0,8807,506,55706
6,56218,5146,1.0,8808,506,55712
6,56224,5147,1.0,8809,506,55718
6,56230,5148,1.0,8810,506,55724
8,56238,5149,1.0,8811,506,55732
8,56246,5150,1.0,8812,506,55740
6,56252,5151,1.0,8813,506,55746
7,56259,5152,1.0,8814,506,55753
9,56268,5153,1.0,8815,506,55762
4,56272,5153,0.0,8816,506,55766
4,56276,5153,0.0,8817,506,55770
6,56282,5154,1.0,8818,506,55776
10,56292,5155,1.0,8819,506,55786
3,56295,5155,0.0,8820,506,55789
6,56301,5156,1.0,8821,506,55795
6,56307,5157,1.0,8822,506,55801
3,56310,5157,0.0,8823,506,55804
7,56317,5158,1.0,8824,506,55811
6,56323,5159,1.0,8825,506,55817
9,56332,5160,1.0,8826,506,55826
6,56338,5161,1.0,8827,506,55832
6,56344,5162,1.0,8828,506,55838
6,56350,5163,1.0,8829,506,55844
8,56358,5164,1.0,8830,506,55852
8,56366,5165,1.0,8831,506,55860
8,56374,5165,0.0,8832,506,55868
8,56382,5166,1.0,8833,506,55876
4,56386,5166,0.0,8834,506,55880
6,56392,5167,1.0,8835,506,55886
9,56401,5168,1.0,8836,506,55895
8,56409,5169,1.0,8837,506,55903
7,56416,5170,1.0,8838,506,55910
7,56423,5171,1.0,8839,506,55917
7,56430,5171,0.0,8840,506,55924
9,56439,5172,1.0,8841,506,55933
2,56441,5172,0.0,8842,506,55935
5,56446,5172,0.0,8843,506,55940
6,56452,5173,1.0,8844,506,55946
8,56460,5174,1.0,8845,506,55954
6,56466,5175,1.0,8846,506,55960
8,56474,5176,1.0,8847,506,55968
6,56480,5177,1.0,8848,506,55974
6,56486,5178,1.0,8849,506,55980
6,56492,5179,1.0,8850,506,55986
8,56500,5180,1.0,8851,506,55994
6,56506,5181,1.0,8852,506,56000
6,56512,5182,1.0,8853,506,56006
4,56516,5182,0.0,8854,506,56010
2,56518,5182,0.0,8855,506,56012
7,56525,5182,0.0,8856,506,56019
7,56532,5183,1.0,8857,506,56026
6,56538,5184,1.0,8858,506,56032
6,56544,5185,1.0,8859,506,56038
6,56550,5186,1.0,8860,506,56044
12,56562,5187,1.0,8861,506,56056
9,56571,5188,1.0,8862,506,56065
6,56577,5189,1.0,8863,506,56071
4,56581,5189,0.0,8864,506,56075
8,56589,5190,1.0,8865,506,56083
7,56596,5191,1.0,8866,506,56090
7,56603,5192,1.0,8867,506,56097
7,56610,5193,1.0,8868,506,56104
6,56616,5194,1.0,8869,506,56110
9,56625,5195,1.0,8870,506,56119
6,56631,5195,0.0,8871,506,56125
5,56636,5195,0.0,8872,506,56130
10,56646,5195,0.0,8873,506,56140
2,56648,5195,0.0,8874,506,56142
5,56653,5195,0.0,8875,506,56147
2,56655,5195,0.0,8876,506,56149
4,56659,5195,0.0,8877,506,56153
3,56662,5195,0.0,8878,506,56156
6,56668,5196,1.0,8879,506,56162
6,56674,5197,1.0,8880,506,56168
6,56680,5198,1.0,8881,506,56174
6,56686,5199,1.0,8882,506,56180
6,56692,5200,1.0,8883,506,56186
4,56696,5200,0.0,8884,506,56190
5,56701,5200,0.0,8885,506,56195
10,56711,5201,1.0,8886,506,56205
2,56713,5201,0.0,8887,506,56207
14,56727,5202,1.0,8888,506,56221
6,56733,5203,1.0,8889,506,56227
6,56739,5204,1.0,8890,506,56233
6,56745,5205,1.0,8891,506,56239
6,56751,5206,1.0,8892,506,56245
6,56757,5207,1.0,8893,506,56251
6,56763,5208,1.0,8894,506,56257
4,56767,5208,0.0,8895,506,56261
4,56771,5208,0.0,8896,506,56265
10,56781,5208,0.0,8897,506,56275
6,56787,5209,1.0,8898,506,56281
10,56797,5210,1.0,8899,506,56291
6,56803,5211,1.0,8900,506,56297
6,56809,5212,1.0,8901,506,56303
6,56815,5213,1.0,8902,506,56309
2,56817,5213,0.0,8903,506,56311
11,56828,5214,1.0,8904,506,56322
4,56832,5214,0.0,8905,506,56326
6,56838,5215,1.0,8906,506,56332
6,56844,5216,1.0,8907,506,56338
5,56849,5216,0.0,8908,506,56343
6,56855,5217,1.0,8909,506,56349
6,56861,5218,1.0,8910,506,56355
6,56867,5219,1.0,8911,506,56361
6,56873,5220,1.0,8912,506,56367
6,56879,5221,1.0,8913,506,56373
7,56886,5222,1.0,8914,506,56380
5,56891,5222,0.0,8915,506,56385
6,56897,5223,1.0,8916,506,56391
8,56905,5224,1.0,8917,506,56399
6,56911,5225,1.0,8918,506,56405
6,56917,5226,1.0,8919,506,56411
6,56923,5227,1.0,8920,506,56417
11,56934,5228,1.0,8921,506,56428
6,56940,5229,1.0,8922,506,56434
8,56948,5230,1.0,8923,506,56442
8,56956,5231,1.0,8924,506,56450
6,56962,5232,1.0,8925,506,56456
6,56968,5233,1.0,8926,506,56462
8,56976,5234,1.0,8927,506,56470
6,56982,5234,0.0,8928,506,56476
8,56990,5235,1.0,8929,506,56484
6,56996,5236,1.0,8930,506,56490
4,57000,5236,0.0,8931,506,56494
8,57008,5237,1.0,8932,506,56502
6,57014,5238,1.0,8933,506,56508
6,57020,5239,1.0,8934,506,56514
9,57029,5240,1.0,8935,506,56523
7,57036,5241,1.0,8936,506,56530
6,57042,5242,1.0,8937,506,56536
6,57048,5243,1.0,8938,506,56542
6,57054,5244,1.0,8939,506,56548
7,57061,5244,0.0,8940,506,56555
4,57065,5244,0.0,8941,506,56559
7,57072,5245,1.0,8942,506,56566
8,57080,5246,1.0,8943,506,56574
5,57085,5246,0.0,8944,506,56579
8,57093,5247,1.0,8945,506,56587
6,57099,5248,1.0,8946,506,56593
2,57101,5248,0.0,8947,506,56595
7,57108,5249,1.0,8948,506,56602
6,57114,5250,1.0,8949,506,56608
6,57120,5251,1.0,8950,506,56614
9,57129,5252,1.0,8951,506,56623
7,57136,5253,1.0,8952,506,56630
6,57142,5254,1.0,8953,506,56636
4,57146,5254,0.0,8954,506,56640
2,57148,5254,0.0,8955,506,56642
10,57158,5254,0.0,8956,506,56652
4,57162,5254,0.0,8957,506,56656
11,57173,5255,1.0,8958,506,56667
6,57179,5256,1.0,8959,506,56673
8,57187,5257,1.0,8960,506,56681
4,57191,5257,0.0,8961,506,56685
4,57195,5257,0.0,8962,506,56689
6,57201,5258,1.0,8963,506,56695
6,57207,5258,0.0,8964,506,56701
6,57213,5259,1.0,8965,506,56707
6,57219,5260,1.0,8966,506,56713
6,57225,5261,1.0,8967,506,56719
5,57230,5261,0.0,8968,506,56724
6,57236,5262,1.0,8969,506,56730
4,57240,5262,0.0,8970,506,56734
7,57247,5263,1.0,8971,506,56741
7,57254,5263,0.0,8972,506,56748
6,57260,5264,1.0,8973,506,56754
6,57266,5265,1.0,8974,506,56760
3,57269,5265,0.0,8975,506,56763
9,57278,5266,1.0,8976,506,56772
7,57285,5267,1.0,8977,506,56779
6,57291,5268,1.0,8978,506,56785
3,57294,5268,0.0,8979,506,56788
6,57300,5269,1.0,8980,506,56794
6,57306,5270,1.0,8981,506,56800
8,57314,5271,1.0,8982,506,56808
6,57320,5272,1.0,8983,506,56814
8,57328,5273,1.0,8984,506,56822
2,57330,5273,0.0,8985,506,56824
6,57336,5274,1.0,8986,506,56830
4,57340,5274,0.0,8987,506,56834
7,57347,5274,0.0,8988,506,56841
6,57353,5275,1.0,8989,506,56847
6,57359,5276,1.0,8990,506,56853
6,57365,5277,1.0,8991,506,56859
6,57371,5278,1.0,8992,506,56865
8,57379,5279,1.0,8993,506,56873
7,57386,5280,1.0,8994,506,56880
3,57389,5280,0.0,8995,506,56883
7,57396,5281,1.0,8996,506,56890
2,57398,5281,0.0,8997,506,56892
2,57400,5281,0.0,8998,506,56894
6,57406,5282,1.0,8999,506,56900
6,57412,5283,1.0,9000,506,56906
2,57414,5283,0.0,9001,506,56908
8,57422,5284,1.0,9002,506,56916
2,57424,5284,0.0,9003,506,56918
6,57430,5285,1.0,9004,506,56924
2,57432,5285,0.0,9005,506,56926
6,57438,5286,1.0,9006,506,56932
4,57442,5286,0.0,9007,506,56936
4,57446,5286,0.0,9008,506,56940
9,57455,5287,1.0,9009,506,56949
4,57459,5287,0.0,9010,506,56953
6,57465,5288,1.0,9011,506,56959
6,57471,5289,1.0,9012,506,56965
9,57480,5290,1.0,9013,506,56974
10,57490,5291,1.0,9014,506,56984
6,57496,5292,1.0,9015,506,56990
4,57500,5292,0.0,9016,506,56994
4,57504,5292,0.0,9017,506,56998
7,57511,5293,1.0,9018,506,57005
6,57517,5294,1.0,9019,506,57011
6,57523,5295,1.0,9020,506,57017
6,57529,5296,1.0,9021,506,57023
10,57539,5297,1.0,9022,506,57033
7,57546,5298,1.0,9023,506,57040
4,57550,5298,0.0,9024,506,57044
4,57554,5298,0.0,9025,506,57048
6,57560,5299,1.0,9026,506,57054
6,57566,5300,1.0,9027,506,57060
12,57578,5301,1.0,9028,506,57072
2,57580,5301,0.0,9029,506,57074
4,57584,5301,0.0,9030,506,57078
6,57590,5302,1.0,9031,506,57084
6,57596,5303,1.0,9032,506,57090
3,57599,5303,0.0,9033,506,57093
8,57607,5304,1.0,9034,506,57101
3,57610,5304,0.0,9035,506,57104
9,57619,5305,1.0,9036,506,57113
4,57623,5305,0.0,9037,506,57117
7,57630,5306,1.0,9038,506,57124
7,57637,5307,1.0,9039,506,57131
9,57646,5308,1.0,9040,506,57140
6,57652,5309,1.0,9041,506,57146
6,57658,5310,1.0,9042,506,57152
3,57661,5310,0.0,9043,506,57155
4,57665,5310,0.0,9044,506,57159
10,57675,5311,1.0,9045,506,57169
8,57683,5312,1.0,9046,506,57177
8,57691,5312,0.0,9047,506,57185
6,57697,5313,1.0,9048,506,57191
2,57699,5313,0.0,9049,506,57193
7,57706,5313,0.0,9050,506,57200
4,57710,5313,0.0,9051,506,57204
8,57718,5314,1.0,9052,506,57212
8,57726,5315,1.0,9053,506,57220
6,57732,5316,1.0,9054,506,57226
8,57740,5317,1.0,9055,506,57234
6,57746,5318,1.0,9056,506,57240
4,57750,5318,0.0,9057,506,57244
6,57756,5319,1.0,9058,506,57250
3,57759,5319,0.0,9059,506,57253
6,57765,5320,1.0,9060,506,57259
6,57771,5321,1.0,9061,506,57265
9,57780,5322,1.0,9062,506,57274
6,57786,5323,1.0,9063,506,57280
6,57792,5323,0.0,9064,506,57286
2,57794,5323,0.0,9065,506,57288
6,57800,5324,1.0,9066,506,57294
8,57808,5324,0.0,9067,506,57302
6,57814,5325,1.0,9068,506,57308
10,57824,5326,1.0,9069,506,57318
7,57831,5327,1.0,9070,506,57325
12,57843,5328,1.0,9071,506,57337
2,57845,5328,0.0,9072,506,57339
7,57852,5328,0.0,9073,506,57346
6,57858,5329,1.0,9074,506,57352
6,57864,5330,1.0,9075,506,57358
9,57873,5331,1.0,9076,506,57367
6,57879,5332,1.0,9077,506,57373
6,57885,5333,1.0,9078,506,57379
6,57891,5334,1.0,9079,506,57385
6,57897,5335,1.0,9080,506,57391
6,57903,5336,1.0,9081,506,57397
3,57906,5336,0.0,9082,506,57400
6,57912,5337,1.0,9083,506,57406
12,57924,5338,1.0,9084,506,57418
4,57928,5338,0.0,9085,506,57422
8,57936,5339,1.0,9086,506,57430
10,57946,5340,1.0,9087,506,57440
15,57961,5341,1.0,9088,506,57455
2,57963,5341,0.0,9089,506,57457
5,57968,5341,0.0,9090,506,57462
3,57971,5341,0.0,9091,506,57465
6,57977,5342,1.0,9092,506,57471
6,57983,5343,1.0,9093,506,57477
3,57986,5343,0.0,9094,506,57480
6,57992,5344,1.0,9095,506,57486
5,57997,5344,0.0,9096,506,57491
12,58009,5345,1.0,9097,506,57503
5,58014,5345,0.0,9098,506,57508
11,58025,5346,1.0,9099,506,57519
6,58031,5347,1.0,9100,506,57525
7,58038,5348,1.0,9101,506,57532
7,58045,5349,1.0,9102,506,57539
7,58052,5349,0.0,9103,506,57546
9,58061,5350,1.0,9104,506,57555
6,58067,5351,1.0,9105,506,57561
6,58073,5352,1.0,9106,506,57567
6,58079,5352,0.0,9107,506,57573
6,58085,5353,1.0,9108,506,57579
6,58091,5354,1.0,9109,506,57585
6,58097,5355,1.0,9110,506,57591
8,58105,5356,1.0,9111,506,57599
9,58114,5357,1.0,9112,506,57608
6,58120,5358,1.0,9113,506,57614
7,58127,5359,1.0,9114,506,57621
6,58133,5360,1.0,9115,506,57627
9,58142,5361,1.0,9116,506,57636
6,58148,5362,1.0,9117,506,57642
7,58155,5363,1.0,9118,506,57649
7,58162,5364,1.0,9119,506,57656
2,58164,5364,0.0,9120,506,57658
6,58170,5365,1.0,9121,506,57664
8,58178,5366,1.0,9122,506,57672
6,58184,5367,1.0,9123,506,57678
6,58190,5368,1.0,9124,506,57684
6,58196,5369,1.0,9125,506,57690
3,58199,5369,0.0,9126,506,57693
6,58205,5369,0.0,9127,506,57699
3,58208,5369,0.0,9128,506,57702
6,58214,5369,0.0,9129,506,57708
6,58220,5370,1.0,9130,506,57714
7,58227,5371,1.0,9131,506,57721
2,58229,5371,0.0,9132,506,57723
4,58233,5371,0.0,9133,506,57727
6,58239,5372,1.0,9134,506,57733
6,58245,5373,1.0,9135,506,57739
6,58251,5374,1.0,9136,506,57745
7,58258,5375,1.0,9137,506,57752
6,58264,5376,1.0,9138,506,57758
5,58269,5376,0.0,9139,506,57763
7,58276,5377,1.0,9140,506,57770
5,58281,5377,0.0,9141,506,57775
6,58287,5378,1.0,9142,506,57781
6,58293,5379,1.0,9143,506,57787
4,58297,5379,0.0,9144,506,57791
6,58303,5380,1.0,9145,506,57797
5,58308,5380,0.0,9146,506,57802
6,58314,5381,1.0,9147,506,57808
7,58321,5382,1.0,9148,506,57815
3,58324,5382,0.0,9149,506,57818
8,58332,5383,1.0,9150,506,57826
9,58341,5384,1.0,9151,506,57835
6,58347,5385,1.0,9152,506,57841
6,58353,5385,0.0,9153,506,57847
6,58359,5386,1.0,9154,506,57853
6,58365,5387,1.0,9155,506,57859
2,58367,5387,0.0,9156,506,57861
2,58369,5387,0.0,9157,506,57863
7,58376,5388,1.0,9158,506,57870
7,58383,5388,0.0,9159,506,57877
8,58391,5389,1.0,9160,506,57885
7,58398,5390,1.0,9161,506,57892
6,58404,5391,1.0,9162,506,57898
6,58410,5392,1.0,9163,506,57904
7,58417,5393,1.0,9164,506,57911
6,58423,5394,1.0,9165,506,57917
6,58429,5395,1.0,9166,506,57923
6,58435,5396,1.0,9167,506,57929
6,58441,5397,1.0,9168,506,57935
6,58447,5398,1.0,9169,506,57941
3,58450,5398,0.0,9170,506,57944
8,58458,5399,1.0,9171,506,57952
7,58465,5400,1.0,9172,506,57959
8,58473,5401,1.0,9173,506,57967
6,58479,5402,1.0,9174,506,57973
10,58489,5403,1.0,9175,506,57983
6,58495,5404,1.0,9176,506,57989
10,58505,5405,1.0,9177,506,57999
8,58513,5406,1.0,9178,506,58007
7,58520,5407,1.0,9179,506,58014
9,58529,5408,1.0,9180,506,58023
4,58533,5408,0.0,9181,506,58027
3,58536,5408,0.0,9182,506,58030
7,58543,5409,1.0,9183,506,58037
6,58549,5410,1.0,9184,506,58043
5,58554,5410,0.0,9185,506,58048
2,58556,5410,0.0,9186,506,58050
5,58561,5410,0.0,9187,506,58055
10,58571,5411,1.0,9188,506,58065
11,58582,5412,1.0,9189,506,58076
6,58588,5413,1.0,9190,506,58082
7,58595,5414,1.0,9191,506,58089
10,58605,5415,1.0,9192,506,58099
7,58612,5416,1.0,9193,506,58106
4,58616,5416,0.0,9194,506,58110
3,58619,5416,0.0,9195,506,58113
8,58627,5417,1.0,9196,506,58121
2,58629,5417,0.0,9197,506,58123
8,58637,5418,1.0,9198,506,58131
5,58642,5418,0.0,9199,506,58136
8,58650,5419,1.0,9200,506,58144
6,58656,5420,1.0,9201,506,58150
6,58662,5421,1.0,9202,506,58156
8,58670,5422,1.0,9203,506,58164
8,58678,5423,1.0,9204,506,58172
6,58684,5424,1.0,9205,506,58178
6,58690,5425,1.0,9206,506,58184
2,58692,5425,0.0,9207,506,58186
9,58701,5426,1.0,9208,506,58195
4,58705,5426,0.0,9209,506,58199
7,58712,5427,1.0,9210,506,58206
10,58722,5428,1.0,9211,506,58216
4,58726,5428,0.0,9212,506,58220
8,58734,5429,1.0,9213,506,58228
11,58745,5430,1.0,9214,506,58239
6,58751,5431,1.0,9215,506,58245
8,58759,5432,1.0,9216,506,58253
9,58768,5433,1.0,9217,506,58262
11,58779,5434,1.0,9218,506,58273
2,58781,5434,0.0,9219,506,58275
4,58785,5434,0.0,9220,506,58279
4,58789,5434,0.0,9221,506,58283
7,58796,5435,1.0,9222,506,58290
6,58802,5436,1.0,9223,506,58296
9,58811,5437,1.0,9224,506,58305
6,58817,5438,1.0,9225,506,58311
2,58819,5438,0.0,9226,506,58313
4,58823,5438,0.0,9227,506,58317
2,58825,5438,0.0,9228,506,58319
6,58831,5439,1.0,9229,506,58325
9,58840,5439,0.0,9230,506,58334
2,58842,5439,0.0,9231,506,58336
7,58849,5440,1.0,9232,506,58343
9,58858,5441,1.0,9233,506,58352
5,58863,5441,0.0,9234,506,58357
7,58870,5442,1.0,9235,506,58364
2,58872,5442,0.0,9236,506,58366
4,58876,5442,0.0,9237,506,58370
6,58882,5443,1.0,9238,506,58376
6,58888,5444,1.0,9239,506,58382
10,58898,5445,1.0,9240,506,58392
6,58904,5446,1.0,9241,506,58398
8,58912,5447,1.0,9242,506,58406
4,58916,5447,0.0,9243,506,58410
7,58923,5448,1.0,9244,506,58417
8,58931,5449,1.0,9245,506,58425
8,58939,5449,0.0,9246,506,58433
2,58941,5449,0.0,9247,506,58435
6,58947,5450,1.0,9248,506,58441
2,58949,5450,0.0,9249,506,58443
2,58951,5450,0.0,9250,506,58445
7,58958,5451,1.0,9251,506,58452
12,58970,5452,1.0,9252,506,58464
9,58979,5453,1.0,9253,506,58473
6,58985,5454,1.0,9254,506,58479
2,58987,5454,0.0,9255,506,58481
8,58995,5454,0.0,9256,506,58489
6,59001,5455,1.0,9257,506,58495
7,59008,5456,1.0,9258,506,58502
6,59014,5457,1.0,9259,506,58508
6,59020,5458,1.0,9260,506,58514
6,59026,5459,1.0,9261,506,58520
5,59031,5459,0.0,9262,506,58525
4,59035,5459,0.0,9263,506,58529
4,59039,5459,0.0,9264,506,58533
7,59046,5460,1.0,9265,506,58540
6,59052,5461,1.0,9266,506,58546
6,59058,5462,1.0,9267,506,58552
3,59061,5462,0.0,9268,506,58555
10,59071,5463,1.0,9269,506,58565
9,59080,5464,1.0,9270,506,58574
4,59084,5464,0.0,9271,506,58578
6,59090,5465,1.0,9272,506,58584
2,59092,5465,0.0,9273,506,58586
6,59098,5466,1.0,9274,506,58592
8,59106,5467,1.0,9275,506,58600
6,59112,5468,1.0,9276,506,58606
8,59120,5469,1.0,9277,506,58614
4,59124,5469,0.0,9278,506,58618
6,59130,5470,1.0,9279,506,58624
7,59137,5470,0.0,9280,506,58631
9,59146,5471,1.0,9281,506,58640
8,59154,5471,0.0,9282,506,58648
6,59160,5472,1.0,9283,506,58654
6,59166,5473,1.0,9284,506,58660
6,59172,5473,0.0,9285,506,58666
7,59179,5474,1.0,9286,506,58673
6,59185,5475,1.0,9287,506,58679
4,59189,5475,0.0,9288,506,58683
7,59196,5476,1.0,9289,506,58690
6,59202,5477,1.0,9290,506,58696
5,59207,5477,0.0,9291,506,58701
7,59214,5478,1.0,9292,506,58708
4,59218,5478,0.0,9293,506,58712
6,59224,5479,1.0,9294,506,58718
6,59230,5480,1.0,9295,506,58724
6,59236,5481,1.0,9296,506,58730
6,59242,5482,1.0,9297,506,58736
6,59248,5483,1.0,9298,506,58742
7,59255,5484,1.0,9299,506,58749
8,59263,5485,1.0,9300,506,58757
5,59268,5485,0.0,9301,506,58762
4,59272,5485,0.0,9302,506,58766
6,59278,5486,1.0,9303,506,58772
6,59284,5487,1.0,9304,506,58778
15,59299,5488,1.0,9305,506,58793
4,59303,5488,0.0,9306,506,58797
7,59310,5489,1.0,9307,506,58804
10,59320,5490,1.0,9308,506,58814
6,59326,5491,1.0,9309,506,58820
8,59334,5492,1.0,9310,506,58828
2,59336,5492,0.0,9311,506,58830
6,59342,5493,1.0,9312,506,58836
8,59350,5494,1.0,9313,506,58844
6,59356,5495,1.0,9314,506,58850
6,59362,5495,0.0,9315,506,58856
6,59368,5496,1.0,9316,506,58862
6,59374,5497,1.0,9317,506,58868
6,59380,5498,1.0,9318,506,58874
6,59386,5499,1.0,9319,506,58880
6,59392,5500,1.0,9320,506,58886
6,59398,5501,1.0,9321,506,58892
8,59406,5502,1.0,9322,506,58900
8,59414,5503,1.0,9323,506,58908
8,59422,5504,1.0,9324,506,58916
8,59430,5505,1.0,9325,506,58924
10,59440,5506,1.0,9326,506,58934
6,59446,5507,1.0,9327,506,58940
4,59450,5507,0.0,9328,506,58944
5,59455,5507,0.0,9329,506,58949
6,59461,5508,1.0,9330,506,58955
9,59470,5509,1.0,9331,506,58964
4,59474,5509,0.0,9332,506,58968
6,59480,5510,1.0,9333,506,58974
6,59486,5511,1.0,9334,506,58980
6,59492,5512,1.0,9335,506,58986
6,59498,5513,1.0,9336,506,58992
6,59504,5514,1.0,9337,506,58998
6,59510,5515,1.0,9338,506,59004
6,59516,5516,1.0,9339,506,59010
2,59518,5516,0.0,9340,506,59012
2,59520,5516,0.0,9341,506,59014
6,59526,5517,1.0,9342,506,59020
11,59537,5518,1.0,9343,506,59031
11,59548,5518,0.0,9344,506,59042
7,59555,5519,1.0,9345,506,59049
5,59560,5519,0.0,9346,506,59054
6,59566,5520,1.0,9347,506,59060
7,59573,5521,1.0,9348,506,59067
5,59578,5521,0.0,9349,506,59072
2,59580,5521,0.0,9350,506,59074
4,59584,5521,0.0,9351,506,59078
8,59592,5522,1.0,9352,506,59086
5,59597,5522,0.0,9353,506,59091
4,59601,5522,0.0,9354,506,59095
9,59610,5523,1.0,9355,506,59104
4,59614,5523,0.0,9356,506,59108
8,59622,5524,1.0,9357,506,59116
2,59624,5524,0.0,9358,506,59118
2,59626,5524,0.0,9359,506,59120
6,59632,5524,0.0,9360,506,59126
7,59639,5524,0.0,9361,506,59133
8,59647,5525,1.0,9362,506,59141
6,59653,5526,1.0,9363,506,59147
3,59656,5526,0.0,9364,506,59150
8,59664,5527,1.0,9365,506,59158
8,59672,5528,1.0,9366,506,59166
4,59676,5528,0.0,9367,506,59170
10,59686,5529,1.0,9368,506,59180
4,59690,5529,0.0,9369,506,59184
2,59692,5529,0.0,9370,506,59186
6,59698,5529,0.0,9371,506,59192
6,59704,5530,1.0,9372,506,59198
5,59709,5530,0.0,9373,506,59203
6,59715,5531,1.0,9374,506,59209
4,59719,5531,0.0,9375,506,59213
6,59725,5532,1.0,9376,506,59219
10,59735,5533,1.0,9377,506,59229
6,59741,5534,1.0,9378,506,59235
7,59748,5535,1.0,9379,506,59242
2,59750,5535,0.0,9380,506,59244
8,59758,5536,1.0,9381,506,59252
8,59766,5537,1.0,9382,506,59260
6,59772,5538,1.0,9383,506,59266
11,59783,5539,1.0,9384,506,59277
6,59789,5540,1.0,9385,506,59283
6,59795,5541,1.0,9386,506,59289
6,59801,5542,1.0,9387,506,59295
10,59811,5543,1.0,9388,506,59305
7,59818,5544,1.0,9389,506,59312
6,59824,5545,1.0,9390,506,59318
6,59830,5546,1.0,9391,506,59324
6,59836,5546,0.0,9392,506,59330
6,59842,5547,1.0,9393,506,59336
8,59850,5548,1.0,9394,506,59344
2,59852,5548,0.0,9395,506,59346
9,59861,5549,1.0,9396,506,59355
7,59868,5550,1.0,9397,506,59362
6,59874,5551,1.0,9398,506,59368
6,59880,5552,1.0,9399,506,59374
4,59884,5552,0.0,9400,506,59378
8,59892,5553,1.0,9401,506,59386
8,59900,5554,1.0,9402,506,59394
6,59906,5555,1.0,9403,506,59400
6,59912,5555,0.0,9404,506,59406
5,59917,5555,0.0,9405,506,59411
7,59924,5556,1.0,9406,506,59418
7,59931,5557,1.0,9407,506,59425
8,59939,5558,1.0,9408,506,59433
5,59944,5558,0.0,9409,506,59438
6,59950,5559,1.0,9410,506,59444
6,59956,5560,1.0,9411,506,59450
10,59966,5561,1.0,9412,506,59460
6,59972,5561,0.0,9413,506,59466
2,59974,5561,0.0,9414,506,59468
7,59981,5562,1.0,9415,506,59475
13,59994,5563,1.0,9416,506,59488
6,60000,5564,1.0,9417,506,59494
7,60007,5564,0.0,9418,506,59501
4,60011,5564,0.0,9419,506,59505
6,60017,5565,1.0,9420,506,59511
2,60019,5565,0.0,9421,506,59513
11,60030,5566,1.0,9422,506,59524
7,60037,5567,1.0,9423,506,59531
11,60048,5568,1.0,9424,506,59542
6,60054,5568,0.0,9425,506,59548
8,60062,5569,1.0,9426,506,59556
12,60074,5570,1.0,9427,506,59568
8,60082,5571,1.0,9428,506,59576
5,60087,5571,0.0,9429,506,59581
9,60096,5572,1.0,9430,506,59590
8,60104,5573,1.0,9431,506,59598
6,60110,5574,1.0,9432,506,59604
7,60117,5575,1.0,9433,506,59611
7,60124,5576,1.0,9434,506,59618
4,60128,5576,0.0,9435,506,59622
8,60136,5577,1.0,9436,506,59630
6,60142,5578,1.0,9437,506,59636
6,60148,5579,1.0,9438,506,59642
5,60153,5579,0.0,9439,506,59647
4,60157,5579,0.0,9440,506,59651
6,60163,5580,1.0,9441,506,59657
3,60166,5580,0.0,9442,506,59660
8,60174,5581,1.0,9443,506,59668
6,60180,5582,1.0,9444,506,59674
9,60189,5583,1.0,9445,506,59683
8,60197,5584,1.0,9446,506,59691
4,60201,5584,0.0,9447,506,59695
7,60208,5585,1.0,9448,506,59702
4,60212,5585,0.0,9449,506,59706
7,60219,5586,1.0,9450,506,59713
6,60225,5587,1.0,9451,506,59719
9,60234,5588,1.0,9452,506,59728
5,60239,5588,0.0,9453,506,59733
4,60243,5588,0.0,9454,506,59737
3,60246,5588,0.0,9455,506,59740
6,60252,5589,1.0,9456,506,59746
8,60260,5590,1.0,9457,506,59754
5,60265,5590,0.0,9458,506,59759
6,60271,5591,1.0,9459,506,59765
6,60277,5592,1.0,9460,506,59771
6,60283,5593,1.0,9461,506,59777
6,60289,5594,1.0,9462,506,59783
6,60295,5595,1.0,9463,506,59789
8,60303,5596,1.0,9464,506,59797
6,60309,5597,1.0,9465,506,59803
8,60317,5598,1.0,9466,506,59811
6,60323,5598,0.0,9467,506,59817
6,60329,5599,1.0,9468,506,59823
8,60337,5600,1.0,9469,506,59831
9,60346,5601,1.0,9470,506,59840
10,60356,5602,1.0,9471,506,59850
7,60363,5603,1.0,9472,506,59857
12,60375,5604,1.0,9473,506,59869
7,60382,5604,0.0,9474,506,59876
3,60385,5604,0.0,9475,506,59879
7,60392,5605,1.0,9476,506,59886
8,60400,5606,1.0,9477,506,59894
4,60404,5606,0.0,9478,506,59898
2,60406,5606,0.0,9479,506,59900
6,60412,5607,1.0,9480,506,59906
9,60421,5608,1.0,9481,506,59915
11,60432,5609,1.0,9482,506,59926
6,60438,5610,1.0,9483,506,59932
7,60445,5611,1.0,9484,506,59939
6,60451,5611,0.0,9485,506,59945
7,60458,5612,1.0,9486,506,59952
2,60460,5612,0.0,9487,506,59954
12,60472,5613,1.0,9488,506,59966
10,60482,5614,1.0,9489,506,59976
9,60491,5615,1.0,9490,506,59985
4,60495,5615,0.0,9491,506,59989
6,60501,5616,1.0,9492,506,59995
7,60508,5617,1.0,9493,506,60002
6,60514,5618,1.0,9494,506,60008
4,60518,5618,0.0,9495,506,60012
6,60524,5618,0.0,9496,506,60018
6,60530,5619,1.0,9497,506,60024
6,60536,5620,1.0,9498,506,60030
7,60543,5621,1.0,9499,506,60037
6,60549,5622,1.0,9500,506,60043
6,60555,5623,1.0,9501,506,60049
6,60561,5624,1.0,9502,506,60055
8,60569,5625,1.0,9503,506,60063
8,60577,5626,1.0,9504,506,60071
8,60585,5627,1.0,9505,506,60079
4,60589,5627,0.0,9506,506,60083
6,60595,5628,1.0,9507,506,60089
6,60601,5629,1.0,9508,506,60095
2,60603,5629,0.0,9509,506,60097
6,60609,5630,1.0,9510,506,60103
8,60617,5631,1.0,9511,506,60111
5,60622,5631,0.0,9512,506,60116
4,60626,5631,0.0,9513,506,60120
6,60632,5632,1.0,9514,506,60126
9,60641,5633,1.0,9515,506,60135
12,60653,5634,1.0,9516,506,60147
5,60658,5634,0.0,9517,506,60152
5,60663,5634,0.0,9518,506,60157
6,60669,5635,1.0,9519,506,60163
6,60675,5636,1.0,9520,506,60169
6,60681,5636,0.0,9521,506,60175
6,60687,5636,0.0,9522,506,60181
7,60694,5637,1.0,9523,506,60188
6,60700,5638,1.0,9524,506,60194
9,60709,5639,1.0,9525,506,60203
4,60713,5639,0.0,9526,506,60207
8,60721,5640,1.0,9527,506,60215
9,60730,5641,1.0,9528,506,60224
6,60736,5642,1.0,9529,506,60230
4,60740,5642,0.0,9530,506,60234
5,60745,5642,0.0,9531,506,60239
2,60747,5642,0.0,9532,506,60241
6,60753,5643,1.0,9533,506,60247
8,60761,5644,1.0,9534,506,60255
3,60764,5644,0.0,9535,506,60258
2,60766,5644,0.0,9536,506,60260
9,60775,5645,1.0,9537,506,60269
9,60784,5646,1.0,9538,506,60278
6,60790,5647,1.0,9539,506,60284
7,60797,5648,1.0,9540,506,60291
6,60803,5649,1.0,9541,506,60297
6,60809,5650,1.0,9542,506,60303
8,60817,5651,1.0,9543,506,60311
4,60821,5651,0.0,9544,506,60315
6,60827,5652,1.0,9545,506,60321
6,60833,5653,1.0,9546,506,60327
9,60842,5654,1.0,9547,506,60336
9,60851,5655,1.0,9548,506,60345
6,60857,5656,1.0,9549,506,60351
8,60865,5657,1.0,9550,506,60359
6,60871,5658,1.0,9551,506,60365
4,60875,5658,0.0,9552,506,60369
6,60881,5659,1.0,9553,506,60375
5,60886,5659,0.0,9554,506,60380
6,60892,5660,1.0,9555,506,60386
6,60898,5661,1.0,9556,506,60392
5,60903,5661,0.0,9557,506,60397
7,60910,5662,1.0,9558,506,60404
2,60912,5662,0.0,9559,506,60406
8,60920,5663,1.0,9560,506,60414
6,60926,5664,1.0,9561,506,60420
8,60934,5665,1.0,9562,506,60428
8,60942,5665,0.0,9563,506,60436
10,60952,5665,0.0,9564,506,60446
10,60962,5666,1.0,9565,506,60456
4,60966,5666,0.0,9566,506,60460
6,60972,5667,1.0,9567,506,60466
6,60978,5668,1.0,9568,506,60472
6,60984,5668,0.0,9569,506,60478
6,60990,5669,1.0,9570,506,60484
4,60994,5669,0.0,9571,506,60488
3,60997,5669,0.0,9572,506,60491
9,61006,5670,1.0,9573,506,60500
2,61008,5670,0.0,9574,506,60502
6,61014,5670,0.0,9575,506,60508
7,61021,5671,1.0,9576,506,60515
8,61029,5672,1.0,9577,506,60523
7,61036,5673,1.0,9578,506,60530
6,61042,5674,1.0,9579,506,60536
6,61048,5675,1.0,9580,506,60542
10,61058,5676,1.0,9581,506,60552
2,61060,5676,0.0,9582,506,60554
4,61064,5676,0.0,9583,506,60558
5,61069,5676,0.0,9584,506,60563
9,61078,5677,1.0,9585,506,60572
4,61082,5677,0.0,9586,506,60576
8,61090,5678,1.0,9587,506,60584
6,61096,5679,1.0,9588,506,60590
10,61106,5680,1.0,9589,506,60600
8,61114,5681,1.0,9590,506,60608
4,61118,5681,0.0,9591,506,60612
7,61125,5681,0.0,9592,506,60619
5,61130,5681,0.0,9593,506,60624
5,61135,5681,0.0,9594,506,60629
8,61143,5682,1.0,9595,506,60637
7,61150,5683,1.0,9596,506,60644
10,61160,5684,1.0,9597,506,60654
6,61166,5685,1.0,9598,506,60660
6,61172,5686,1.0,9599,506,60666
7,61179,5687,1.0,9600,506,60673
3,61182,5687,0.0,9601,506,60676
4,61186,5687,0.0,9602,506,60680
11,61197,5688,1.0,9603,506,60691
4,61201,5688,0.0,9604,506,60695
7,61208,5688,0.0,9605,506,60702
7,61215,5689,1.0,9606,506,60709
6,61221,5690,1.0,9607,506,60715
6,61227,5691,1.0,9608,506,60721
8,61235,5692,1.0,9609,506,60729
7,61242,5693,1.0,9610,506,60736
5,61247,5693,0.0,9611,506,60741
4,61251,5693,0.0,9612,506,60745
2,61253,5693,0.0,9613,506,60747
11,61264,5694,1.0,9614,506,60758
2,61266,5694,0.0,9615,506,60760
4,61270,5694,0.0,9616,506,60764
6,61276,5695,1.0,9617,506,60770
11,61287,5696,1.0,9618,506,60781
8,61295,5697,1.0,9619,506,60789
6,61301,5698,1.0,9620,506,60795
7,61308,5699,1.0,9621,506,60802
6,61314,5700,1.0,9622,506,60808
6,61320,5701,1.0,9623,506,60814
4,61324,5701,0.0,9624,506,60818
2,61326,5701,0.0,9625,506,60820
7,61333,5702,1.0,9626,506,60827
6,61339,5703,1.0,9627,506,60833
6,61345,5704,1.0,9628,506,60839
10,61355,5705,1.0,9629,506,60849
7,61362,5706,1.0,9630,506,60856
6,61368,5707,1.0,9631,506,60862
6,61374,5708,1.0,9632,506,60868
8,61382,5709,1.0,9633,506,60876
6,61388,5710,1.0,9634,506,60882
6,61394,5711,1.0,9635,506,60888
7,61401,5712,1.0,9636,506,60895
6,61407,5712,0.0,9637,506,60901
6,61413,5713,1.0,9638,506,60907
8,61421,5714,1.0,9639,506,60915
6,61427,5715,1.0,9640,506,60921
8,61435,5715,0.0,9641,506,60929
6,61441,5715,0.0,9642,506,60935
8,61449,5715,0.0,9643,506,60943
8,61457,5716,1.0,9644,506,60951
2,61459,5716,0.0,9645,506,60953
6,61465,5717,1.0,9646,506,60959
6,61471,5718,1.0,9647,506,60965
6,61477,5719,1.0,9648,506,60971
8,61485,5720,1.0,9649,506,60979
6,61491,5721,1.0,9650,506,60985
6,61497,5722,1.0,9651,506,60991
2,61499,5722,0.0,9652,506,60993
6,61505,5723,1.0,9653,506,60999
4,61509,5723,0.0,9654,506,61003
2,61511,5723,0.0,9655,506,61005
8,61519,5724,1.0,9656,506,61013
7,61526,5725,1.0,9657,506,61020
6,61532,5726,1.0,9658,506,61026
6,61538,5727,1.0,9659,506,61032
6,61544,5728,1.0,9660,506,61038
7,61551,5729,1.0,9661,506,61045
6,61557,5729,0.0,9662,506,61051
7,61564,5730,1.0,9663,506,61058
6,61570,5731,1.0,9664,506,61064
4,61574,5731,0.0,9665,506,61068
10,61584,5732,1.0,9666,506,61078
4,61588,5732,0.0,9667,506,61082
3,61591,5732,0.0,9668,506,61085
2,61593,5732,0.0,9669,506,61087
7,61600,5733,1.0,9670,506,61094
10,61610,5734,1.0,9671,506,61104
9,61619,5734,0.0,9672,506,61113
7,61626,5735,1.0,9673,506,61120
7,61633,5736,1.0,9674,506,61127
6,61639,5737,1.0,9675,506,61133
2,61641,5737,0.0,9676,506,61135
11,61652,5738,1.0,9677,506,61146
4,61656,5738,0.0,9678,506,61150
10,61666,5739,1.0,9679,506,61160
3,61669,5739,0.0,9680,506,61163
2,61671,5739,0.0,9681,506,61165
8,61679,5740,1.0,9682,506,61173
3,61682,5740,0.0,9683,506,61176
4,61686,5740,0.0,9684,506,61180
8,61694,5741,1.0,9685,506,61188
7,61701,5742,1.0,9686,506,61195
5,61706,5742,0.0,9687,506,61200
5,61711,5742,0.0,9688,506,61205
7,61718,5743,1.0,9689,506,61212
8,61726,5744,1.0,9690,506,61220
8,61734,5745,1.0,9691,506,61228
7,61741,5746,1.0,9692,506,61235
5,61746,5746,0.0,9693,506,61240
6,61752,5747,1.0,9694,506,61246
5,61757,5747,0.0,9695,506,61251
10,61767,5747,0.0,9696,506,61261
7,61774,5748,1.0,9697,506,61268
8,61782,5749,1.0,9698,506,61276
6,61788,5750,1.0,9699,506,61282
5,61793,5750,0.0,9700,506,61287
17,61810,5751,1.0,9701,506,61304
12,61822,5752,1.0,9702,506,61316
6,61828,5753,1.0,9703,506,61322
4,61832,5753,0.0,9704,506,61326
6,61838,5754,1.0,9705,506,61332
7,61845,5755,1.0,9706,506,61339
6,61851,5756,1.0,9707,506,61345
6,61857,5757,1.0,9708,506,61351
8,61865,5758,1.0,9709,506,61359
7,61872,5759,1.0,9710,506,61366
6,61878,5760,1.0,9711,506,61372
6,61884,5761,1.0,9712,506,61378
7,61891,5762,1.0,9713,506,61385
2,61893,5762,0.0,9714,506,61387
7,61900,5763,1.0,9715,506,61394
7,61907,5764,1.0,9716,506,61401
6,61913,5765,1.0,9717,506,61407
8,61921,5766,1.0,9718,506,61415
8,61929,5767,1.0,9719,506,61423
6,61935,5768,1.0,9720,506,61429
16,61951,5769,1.0,9721,506,61445
9,61960,5770,1.0,9722,506,61454
7,61967,5771,1.0,9723,506,61461
5,61972,5771,0.0,9724,506,61466
8,61980,5772,1.0,9725,506,61474
2,61982,5772,0.0,9726,506,61476
5,61987,5772,0.0,9727,506,61481
7,61994,5773,1.0,9728,506,61488
4,61998,5773,0.0,9729,506,61492
2,62000,5773,0.0,9730,506,61494
4,62004,5773,0.0,9731,506,61498
5,62009,5773,0.0,9732,506,61503
7,62016,5774,1.0,9733,506,61510
7,62023,5775,1.0,9734,506,61517
8,62031,5775,0.0,9735,506,61525
6,62037,5776,1.0,9736,506,61531
7,62044,5777,1.0,9737,506,61538
2,62046,5777,0.0,9738,506,61540
7,62053,5778,1.0,9739,506,61547
6,62059,5779,1.0,9740,506,61553
6,62065,5780,1.0,9741,506,61559
5,62070,5780,0.0,9742,506,61564
6,62076,5781,1.0,9743,506,61570
4,62080,5781,0.0,9744,506,61574
6,62086,5782,1.0,9745,506,61580
6,62092,5783,1.0,9746,506,61586
3,62095,5783,0.0,9747,506,61589
6,62101,5784,1.0,9748,506,61595
5,62106,5784,0.0,9749,506,61600
9,62115,5785,1.0,9750,506,61609
4,62119,5785,0.0,9751,506,61613
2,62121,5785,0.0,9752,506,61615
8,62129,5786,1.0,9753,506,61623
6,62135,5787,1.0,9754,506,61629
6,62141,5788,1.0,9755,506,61635
7,62148,5789,1.0,9756,506,61642
7,62155,5790,1.0,9757,506,61649
6,62161,5791,1.0,9758,506,61655
6,62167,5792,1.0,9759,506,61661
6,62173,5793,1.0,9760,506,61667
6,62179,5794,1.0,9761,506,61673
9,62188,5795,1.0,9762,506,61682
7,62195,5796,1.0,9763,506,61689
2,62197,5796,0.0,9764,506,61691
6,62203,5797,1.0,9765,506,61697
7,62210,5798,1.0,9766,506,61704
6,62216,5799,1.0,9767,506,61710
6,62222,5800,1.0,9768,506,61716
6,62228,5800,0.0,9769,506,61722
8,62236,5801,1.0,9770,506,61730
8,62244,5802,1.0,9771,506,61738
7,62251,5803,1.0,9772,506,61745
8,62259,5804,1.0,9773,506,61753
6,62265,5804,0.0,9774,506,61759
4,62269,5804,0.0,9775,506,61763
4,62273,5804,0.0,9776,506,61767
6,62279,5805,1.0,9777,506,61773
6,62285,5806,1.0,9778,506,61779
6,62291,5807,1.0,9779,506,61785
6,62297,5808,1.0,9780,506,61791
2,62299,5808,0.0,9781,506,61793
6,62305,5809,1.0,9782,506,61799
6,62311,5810,1.0,9783,506,61805
6,62317,5811,1.0,9784,506,61811
2,62319,5811,0.0,9785,506,61813
4,62323,5811,0.0,9786,506,61817
10,62333,5812,1.0,9787,506,61827
8,62341,5813,1.0,9788,506,61835
6,62347,5814,1.0,9789,506,61841
6,62353,5815,1.0,9790,506,61847
7,62360,5816,1.0,9791,506,61854
6,62366,5817,1.0,9792,506,61860
4,62370,5817,0.0,9793,506,61864
3,62373,5817,0.0,9794,506,61867
4,62377,5817,0.0,9795,506,61871
6,62383,5818,1.0,9796,506,61877
6,62389,5819,1.0,9797,506,61883
6,62395,5820,1.0,9798,506,61889
8,62403,5821,1.0,9799,506,61897
6,62409,5822,1.0,9800,506,61903
11,62420,5823,1.0,9801,506,61914
11,62431,5824,1.0,9802,506,61925
6,62437,5825,1.0,9803,506,61931
6,62443,5826,1.0,9804,506,61937
7,62450,5827,1.0,9805,506,61944
7,62457,5828,1.0,9806,506,61951
6,62463,5829,1.0,9807,506,61957
8,62471,5830,1.0,9808,506,61965
8,62479,5831,1.0,9809,506,61973
6,62485,5832,1.0,9810,506,61979
6,62491,5833,1.0,9811,506,61985
6,62497,5834,1.0,9812,506,61991
6,62503,5835,1.0,9813,506,61997
4,62507,5835,0.0,9814,506,62001
6,62513,5836,1.0,9815,506,62007
8,62521,5837,1.0,9816,506,62015
7,62528,5838,1.0,9817,506,62022
6,62534,5839,1.0,9818,506,62028
6,62540,5840,1.0,9819,506,62034
4,62544,5840,0.0,9820,506,62038
3,62547,5840,0.0,9821,506,62041
5,62552,5840,0.0,9822,506,62046
10,62562,5841,1.0,9823,506,62056
10,62572,5842,1.0,9824,506,62066
4,62576,5842,0.0,9825,506,62070
8,62584,5843,1.0,9826,506,62078
5,62589,5843,0.0,9827,506,62083
10,62599,5844,1.0,9828,506,62093
2,62601,5844,0.0,9829,506,62095
2,62603,5844,0.0,9830,506,62097
6,62609,5845,1.0,9831,506,62103
4,62613,5845,0.0,9832,506,62107
7,62620,5846,1.0,9833,506,62114
2,62622,5846,0.0,9834,506,62116
6,62628,5847,1.0,9835,506,62122
6,62634,5848,1.0,9836,506,62128
7,62641,5848,0.0,9837,506,62135
6,62647,5849,1.0,9838,506,62141
9,62656,5849,0.0,9839,506,62150
7,62663,5850,1.0,9840,506,62157
7,62670,5851,1.0,9841,506,62164
5,62675,5851,0.0,9842,506,62169
6,62681,5852,1.0,9843,506,62175
3,62684,5852,0.0,9844,506,62178
6,62690,5853,1.0,9845,506,62184
7,62697,5854,1.0,9846,506,62191
8,62705,5855,1.0,9847,506,62199
13,62718,5856,1.0,9848,506,62212
6,62724,5857,1.0,9849,506,62218
6,62730,5858,1.0,9850,506,62224
4,62734,5858,0.0,9851,506,62228
2,62736,5858,0.0,9852,506,62230
8,62744,5858,0.0,9853,506,62238
10,62754,5859,1.0,9854,506,62248
7,62761,5860,1.0,9855,506,62255
4,62765,5860,0.0,9856,506,62259
5,62770,5860,0.0,9857,506,62264
8,62778,5861,1.0,9858,506,62272
6,62784,5862,1.0,9859,506,62278
5,62789,5862,0.0,9860,506,62283
8,62797,5863,1.0,9861,506,62291
6,62803,5864,1.0,9862,506,62297
4,62807,5864,0.0,9863,506,62301
6,62813,5865,1.0,9864,506,62307
14,62827,5866,1.0,9865,506,62321
3,62830,5866,0.0,9866,506,62324
7,62837,5867,1.0,9867,506,62331
8,62845,5868,1.0,9868,506,62339
7,62852,5869,1.0,9869,506,62346
4,62856,5869,0.0,9870,506,62350
8,62864,5870,1.0,9871,506,62358
6,62870,5871,1.0,9872,506,62364
6,62876,5872,1.0,9873,506,62370
4,62880,5872,0.0,9874,506,62374
6,62886,5873,1.0,9875,506,62380
9,62895,5874,1.0,9876,506,62389
6,62901,5875,1.0,9877,506,62395
6,62907,5876,1.0,9878,506,62401
8,62915,5876,0.0,9879,506,62409
6,62921,5877,1.0,9880,506,62415
5,62926,5877,0.0,9881,506,62420
6,62932,5877,0.0,9882,506,62426
6,62938,5878,1.0,9883,506,62432
7,62945,5879,1.0,9884,506,62439
8,62953,5880,1.0,9885,506,62447
7,62960,5881,1.0,9886,506,62454
9,62969,5882,1.0,9887,506,62463
5,62974,5882,0.0,9888,506,62468
7,62981,5883,1.0,9889,506,62475
7,62988,5884,1.0,9890,506,62482
8,62996,5885,1.0,9891,506,62490
8,63004,5886,1.0,9892,506,62498
6,63010,5887,1.0,9893,506,62504
14,63024,5888,1.0,9894,506,62518
9,63033,5889,1.0,9895,506,62527
5,63038,5889,0.0,9896,506,62532
7,63045,5890,1.0,9897,506,62539
8,63053,5891,1.0,9898,506,62547
6,63059,5892,1.0,9899,506,62553
2,63061,5892,0.0,9900,506,62555
8,63069,5893,1.0,9901,506,62563
8,63077,5894,1.0,9902,506,62571
7,63084,5895,1.0,9903,506,62578
6,63090,5896,1.0,9904,506,62584
8,63098,5897,1.0,9905,506,62592
6,63104,5898,1.0,9906,506,62598
7,63111,5898,0.0,9907,506,62605
6,63117,5899,1.0,9908,506,62611
6,63123,5900,1.0,9909,506,62617
6,63129,5901,1.0,9910,506,62623
5,63134,5901,0.0,9911,506,62628
6,63140,5902,1.0,9912,506,62634
6,63146,5903,1.0,9913,506,62640
6,63152,5903,0.0,9914,506,62646
6,63158,5904,1.0,9915,506,62652
4,63162,5904,0.0,9916,506,62656
6,63168,5905,1.0,9917,506,62662
4,63172,5905,0.0,9918,506,62666
8,63180,5906,1.0,9919,506,62674
4,63184,5906,0.0,9920,506,62678
6,63190,5906,0.0,9921,506,62684
6,63196,5907,1.0,9922,506,62690
6,63202,5907,0.0,9923,506,62696
6,63208,5908,1.0,9924,506,62702
9,63217,5909,1.0,9925,506,62711
11,63228,5910,1.0,9926,506,62722
7,63235,5911,1.0,9927,506,62729
2,63237,5911,0.0,9928,506,62731
6,63243,5912,1.0,9929,506,62737
7,63250,5913,1.0,9930,506,62744
7,63257,5914,1.0,9931,506,62751
9,63266,5915,1.0,9932,506,62760
5,63271,5915,0.0,9933,506,62765
7,63278,5916,1.0,9934,506,62772
4,63282,5916,0.0,9935,506,62776
2,63284,5916,0.0,9936,506,62778
8,63292,5917,1.0,9937,506,62786
6,63298,5918,1.0,9938,506,62792
6,63304,5919,1.0,9939,506,62798
4,63308,5919,0.0,9940,506,62802
14,63322,5920,1.0,9941,506,62816
6,63328,5921,1.0,9942,506,62822
4,63332,5921,0.0,9943,506,62826
2,63334,5921,0.0,9944,506,62828
2,63336,5921,0.0,9945,506,62830
8,63344,5922,1.0,9946,506,62838
6,63350,5923,1.0,9947,506,62844
6,63356,5924,1.0,9948,506,62850
6,63362,5925,1.0,9949,506,62856
6,63368,5926,1.0,9950,506,62862
4,63372,5926,0.0,9951,506,62866
6,63378,5927,1.0,9952,506,62872
7,63385,5928,1.0,9953,506,62879
7,63392,5929,1.0,9954,506,62886
6,63398,5930,1.0,9955,506,62892
9,63407,5931,1.0,9956,506,62901
7,63414,5932,1.0,9957,506,62908
8,63422,5933,1.0,9958,506,62916
4,63426,5933,0.0,9959,506,62920
4,63430,5933,0.0,9960,506,62924
9,63439,5934,1.0,9961,506,62933
7,63446,5935,1.0,9962,506,62940
11,63457,5936,1.0,9963,506,62951
4,63461,5936,0.0,9964,506,62955
13,63474,5937,1.0,9965,506,62968
8,63482,5938,1.0,9966,506,62976
6,63488,5939,1.0,9967,506,62982
2,63490,5939,0.0,9968,506,62984
7,63497,5940,1.0,9969,506,62991
8,63505,5941,1.0,9970,506,62999
9,63514,5942,1.0,9971,506,63008
6,63520,5943,1.0,9972,506,63014
9,63529,5944,1.0,9973,506,63023
6,63535,5945,1.0,9974,506,63029
6,63541,5946,1.0,9975,506,63035
11,63552,5947,1.0,9976,506,63046
4,63556,5947,0.0,9977,506,63050
7,63563,5947,0.0,9978,506,63057
4,63567,5947,0.0,9979,506,63061
7,63574,5947,0.0,9980,506,63068
8,63582,5948,1.0,9981,506,63076
6,63588,5949,1.0,9982,506,63082
9,63597,5950,1.0,9983,506,63091
2,63599,5950,0.0,9984,506,63093
9,63608,5951,1.0,9985,506,63102
7,63615,5952,1.0,9986,506,63109
2,63617,5952,0.0,9987,506,63111
6,63623,5953,1.0,9988,506,63117
6,63629,5954,1.0,9989,506,63123
6,63635,5955,1.0,9990,506,63129
2,63637,5955,0.0,9991,506,63131
2,63639,5955,0.0,9992,506,63133
3,63642,5955,0.0,9993,506,63136
4,63646,5955,0.0,9994,506,63140
13,63659,5956,1.0,9995,506,63153
6,63665,5957,1.0,9996,506,63159
3,63668,5957,0.0,9997,506,63162
2,63670,5957,0.0,9998,506,63164
7,63677,5958,1.0,9999,506,63171
4,63681,5958,0.0,10000,506,63175
6,63687,5958,0.0,10001,506,63181
8,63695,5959,1.0,10002,506,63189
4,63699,5959,0.0,10003,506,63193
7,63706,5960,1.0,10004,506,63200
3,63709,5960,0.0,10005,506,63203
6,63715,5961,1.0,10006,506,63209
9,63724,5962,1.0,10007,506,63218
7,63731,5963,1.0,10008,506,63225
4,63735,5963,0.0,10009,506,63229
8,63743,5964,1.0,10010,506,63237
10,63753,5965,1.0,10011,506,63247
8,63761,5966,1.0,10012,506,63255
8,63769,5967,1.0,10013,506,63263
6,63775,5968,1.0,10014,506,63269
4,63779,5968,0.0,10015,506,63273
7,63786,5969,1.0,10016,506,63280
3,63789,5969,0.0,10017,506,63283
10,63799,5970,1.0,10018,506,63293
2,63801,5970,0.0,10019,506,63295
2,63803,5970,0.0,10020,506,63297
6,63809,5971,1.0,10021,506,63303
11,63820,5971,0.0,10022,506,63314
8,63828,5972,1.0,10023,506,63322
7,63835,5972,0.0,10024,506,63329
6,63841,5973,1.0,10025,506,63335
10,63851,5974,1.0,10026,506,63345
7,63858,5975,1.0,10027,506,63352
4,63862,5975,0.0,10028,506,63356
6,63868,5976,1.0,10029,506,63362
8,63876,5977,1.0,10030,506,63370
8,63884,5978,1.0,10031,506,63378
6,63890,5979,1.0,10032,506,63384
4,63894,5979,0.0,10033,506,63388
8,63902,5980,1.0,10034,506,63396
6,63908,5980,0.0,10035,506,63402
6,63914,5981,1.0,10036,506,63408
8,63922,5982,1.0,10037,506,63416
6,63928,5983,1.0,10038,506,63422
6,63934,5984,1.0,10039,506,63428
6,63940,5985,1.0,10040,506,63434
10,63950,5986,1.0,10041,506,63444
6,63956,5987,1.0,10042,506,63450
12,63968,5988,1.0,10043,506,63462
6,63974,5989,1.0,10044,506,63468
9,63983,5990,1.0,10045,506,63477
3,63986,5990,0.0,10046,506,63480
6,63992,5991,1.0,10047,506,63486
7,63999,5992,1.0,10048,506,63493
10,64009,5992,0.0,10049,506,63503
7,64016,5993,1.0,10050,506,63510
2,64018,5993,0.0,10051,506,63512
6,64024,5994,1.0,10052,506,63518
6,64030,5995,1.0,10053,506,63524
9,64039,5996,1.0,10054,506,63533
11,64050,5997,1.0,10055,506,63544
2,64052,5997,0.0,10056,506,63546
6,64058,5998,1.0,10057,506,63552
4,64062,5998,0.0,10058,506,63556
6,64068,5999,1.0,10059,506,63562
6,64074,6000,1.0,10060,506,63568
6,64080,6001,1.0,10061,506,63574
7,64087,6002,1.0,10062,506,63581
7,64094,6003,1.0,10063,506,63588
6,64100,6004,1.0,10064,506,63594
6,64106,6004,0.0,10065,506,63600
6,64112,6005,1.0,10066,506,63606
7,64119,6006,1.0,10067,506,63613
6,64125,6006,0.0,10068,506,63619
6,64131,6007,1.0,10069,506,63625
6,64137,6008,1.0,10070,506,63631
7,64144,6009,1.0,10071,506,63638
3,64147,6009,0.0,10072,506,63641
6,64153,6010,1.0,10073,506,63647
11,64164,6011,1.0,10074,506,63658
7,64171,6012,1.0,10075,506,63665
8,64179,6013,1.0,10076,506,63673
4,64183,6013,0.0,10077,506,63677
4,64187,6013,0.0,10078,506,63681
6,64193,6014,1.0,10079,506,63687
8,64201,6015,1.0,10080,506,63695
9,64210,6016,1.0,10081,506,63704
3,64213,6016,0.0,10082,506,63707
5,64218,6016,0.0,10083,506,63712
10,64228,6017,1.0,10084,506,63722
6,64234,6018,1.0,10085,506,63728
5,64239,6018,0.0,10086,506,63733
6,64245,6019,1.0,10087,506,63739
6,64251,6020,1.0,10088,506,63745
6,64257,6021,1.0,10089,506,63751
9,64266,6021,0.0,10090,506,63760
6,64272,6022,1.0,10091,506,63766
12,64284,6023,1.0,10092,506,63778
2,64286,6023,0.0,10093,506,63780
4,64290,6023,0.0,10094,506,63784
8,64298,6024,1.0,10095,506,63792
6,64304,6025,1.0,10096,506,63798
6,64310,6026,1.0,10097,506,63804
6,64316,6027,1.0,10098,506,63810
4,64320,6027,0.0,10099,506,63814
12,64332,6028,1.0,10100,506,63826
4,64336,6028,0.0,10101,506,63830
7,64343,6029,1.0,10102,506,63837
9,64352,6030,1.0,10103,506,63846
6,64358,6031,1.0,10104,506,63852
6,64364,6032,1.0,10105,506,63858
10,64374,6033,1.0,10106,506,63868
9,64383,6034,1.0,10107,506,63877
6,64389,6034,0.0,10108,506,63883
6,64395,6035,1.0,10109,506,63889
2,64397,6035,0.0,10110,506,63891
6,64403,6036,1.0,10111,506,63897
2,64405,6036,0.0,10112,506,63899
8,64413,6037,1.0,10113,506,63907
6,64419,6038,1.0,10114,506,63913
6,64425,6039,1.0,10115,506,63919
3,64428,6039,0.0,10116,506,63922
9,64437,6040,1.0,10117,506,63931
7,64444,6041,1.0,10118,506,63938
8,64452,6042,1.0,10119,506,63946
7,64459,6043,1.0,10120,506,63953
6,64465,6044,1.0,10121,506,63959
6,64471,6045,1.0,10122,506,63965
9,64480,6046,1.0,10123,506,63974
7,64487,6047,1.0,10124,506,63981
8,64495,6048,1.0,10125,506,63989
6,64501,6049,1.0,10126,506,63995
6,64507,6050,1.0,10127,506,64001
2,64509,6050,0.0,10128,506,64003
6,64515,6051,1.0,10129,506,64009
7,64522,6052,1.0,10130,506,64016
6,64528,6053,1.0,10131,506,64022
8,64536,6054,1.0,10132,506,64030
6,64542,6055,1.0,10133,506,64036
4,64546,6055,0.0,10134,506,64040
6,64552,6056,1.0,10135,506,64046
9,64561,6057,1.0,10136,506,64055
9,64570,6058,1.0,10137,506,64064
9,64579,6059,1.0,10138,506,64073
6,64585,6059,0.0,10139,506,64079
12,64597,6060,1.0,10140,506,64091
9,64606,6061,1.0,10141,506,64100
8,64614,6062,1.0,10142,506,64108
6,64620,6062,0.0,10143,506,64114
3,64623,6062,0.0,10144,506,64117
9,64632,6063,1.0,10145,506,64126
6,64638,6064,1.0,10146,506,64132
6,64644,6065,1.0,10147,506,64138
6,64650,6066,1.0,10148,506,64144
6,64656,6067,1.0,10149,506,64150
9,64665,6068,1.0,10150,506,64159
6,64671,6069,1.0,10151,506,64165
7,64678,6070,1.0,10152,506,64172
6,64684,6071,1.0,10153,506,64178
10,64694,6071,0.0,10154,506,64188
7,64701,6072,1.0,10155,506,64195
7,64708,6073,1.0,10156,506,64202
6,64714,6074,1.0,10157,506,64208
6,64720,6075,1.0,10158,506,64214
2,64722,6075,0.0,10159,506,64216
7,64729,6076,1.0,10160,506,64223
3,64732,6076,0.0,10161,506,64226
2,64734,6076,0.0,10162,506,64228
3,64737,6076,0.0,10163,506,64231
6,64743,6077,1.0,10164,506,64237
6,64749,6078,1.0,10165,506,64243
6,64755,6078,0.0,10166,506,64249
7,64762,6079,1.0,10167,506,64256
6,64768,6080,1.0,10168,506,64262
7,64775,6081,1.0,10169,506,64269
6,64781,6082,1.0,10170,506,64275
9,64790,6083,1.0,10171,506,64284
7,64797,6084,1.0,10172,506,64291
6,64803,6085,1.0,10173,506,64297
6,64809,6086,1.0,10174,506,64303
4,64813,6086,0.0,10175,506,64307
6,64819,6087,1.0,10176,506,64313
8,64827,6088,1.0,10177,506,64321
6,64833,6089,1.0,10178,506,64327
6,64839,6090,1.0,10179,506,64333
6,64845,6091,1.0,10180,506,64339
8,64853,6092,1.0,10181,506,64347
6,64859,6093,1.0,10182,506,64353
6,64865,6094,1.0,10183,506,64359
6,64871,6095,1.0,10184,506,64365
10,64881,6096,1.0,10185,506,64375
2,64883,6096,0.0,10186,506,64377
8,64891,6097,1.0,10187,506,64385
6,64897,6098,1.0,10188,506,64391
6,64903,6099,1.0,10189,506,64397
8,64911,6100,1.0,10190,506,64405
10,64921,6101,1.0,10191,506,64415
6,64927,6102,1.0,10192,506,64421
7,64934,6103,1.0,10193,506,64428
8,64942,6104,1.0,10194,506,64436
8,64950,6105,1.0,10195,506,64444
6,64956,6106,1.0,10196,506,64450
7,64963,6107,1.0,10197,506,64457
6,64969,6108,1.0,10198,506,64463
9,64978,6109,1.0,10199,506,64472
6,64984,6110,1.0,10200,506,64478
6,64990,6111,1.0,10201,506,64484
9,64999,6111,0.0,10202,506,64493
6,65005,6112,1.0,10203,506,64499
7,65012,6112,0.0,10204,506,64506
6,65018,6112,0.0,10205,506,64512
7,65025,6113,1.0,10206,506,64519
7,65032,6113,0.0,10207,506,64526
2,65034,6113,0.0,10208,506,64528
7,65041,6114,1.0,10209,506,64535
8,65049,6115,1.0,10210,506,64543
4,65053,6115,0.0,10211,506,64547
8,65061,6116,1.0,10212,506,64555
9,65070,6116,0.0,10213,506,64564
7,65077,6117,1.0,10214,506,64571
7,65084,6118,1.0,10215,506,64578
8,65092,6119,1.0,10216,506,64586
6,65098,6120,1.0,10217,506,64592
8,65106,6121,1.0,10218,506,64600
12,65118,6122,1.0,10219,506,64612
6,65124,6123,1.0,10220,506,64618
7,65131,6124,1.0,10221,506,64625
8,65139,6125,1.0,10222,506,64633
6,65145,6126,1.0,10223,506,64639
8,65153,6127,1.0,10224,506,64647
3,65156,6127,0.0,10225,506,64650
5,65161,6127,0.0,10226,506,64655
4,65165,6127,0.0,10227,506,64659
6,65171,6128,1.0,10228,506,64665
4,65175,6128,0.0,10229,506,64669
6,65181,6129,1.0,10230,506,64675
7,65188,6130,1.0,10231,506,64682
2,65190,6130,0.0,10232,506,64684
6,65196,6131,1.0,10233,506,64690
6,65202,6132,1.0,10234,506,64696
8,65210,6133,1.0,10235,506,64704
6,65216,6134,1.0,10236,506,64710
7,65223,6135,1.0,10237,506,64717
6,65229,6136,1.0,10238,506,64723
6,65235,6137,1.0,10239,506,64729
8,65243,6138,1.0,10240,506,64737
6,65249,6139,1.0,10241,506,64743
7,65256,6140,1.0,10242,506,64750
2,65258,6140,0.0,10243,506,64752
5,65263,6140,0.0,10244,506,64757
8,65271,6141,1.0,10245,506,64765
10,65281,6142,1.0,10246,506,64775
2,65283,6142,0.0,10247,506,64777
7,65290,6143,1.0,10248,506,64784
6,65296,6144,1.0,10249,506,64790
4,65300,6144,0.0,10250,506,64794
6,65306,6145,1.0,10251,506,64800
16,65322,6146,1.0,10252,506,64816
11,65333,6147,1.0,10253,506,64827
8,65341,6148,1.0,10254,506,64835
8,65349,6149,1.0,10255,506,64843
8,65357,6150,1.0,10256,506,64851
6,65363,6151,1.0,10257,506,64857
9,65372,6152,1.0,10258,506,64866
9,65381,6153,1.0,10259,506,64875
3,65384,6153,0.0,10260,506,64878
5,65389,6153,0.0,10261,506,64883
4,65393,6153,0.0,10262,506,64887
6,65399,6154,1.0,10263,506,64893
5,65404,6154,0.0,10264,506,64898
7,65411,6155,1.0,10265,506,64905
2,65413,6155,0.0,10266,506,64907
8,65421,6156,1.0,10267,506,64915
7,65428,6157,1.0,10268,506,64922
6,65434,6158,1.0,10269,506,64928
7,65441,6158,0.0,10270,506,64935
6,65447,6159,1.0,10271,506,64941
6,65453,6160,1.0,10272,506,64947
7,65460,6161,1.0,10273,506,64954
9,65469,6162,1.0,10274,506,64963
13,65482,6162,0.0,10275,506,64976
6,65488,6163,1.0,10276,506,64982
11,65499,6164,1.0,10277,506,64993
6,65505,6164,0.0,10278,506,64999
2,65507,6164,0.0,10279,506,65001
11,65518,6165,1.0,10280,506,65012
4,65522,6165,0.0,10281,506,65016
4,65526,6165,0.0,10282,506,65020
3,65529,6165,0.0,10283,506,65023
2,65531,6165,0.0,10284,506,65025
7,65538,6165,0.0,10285,506,65032
10,65548,6166,1.0,10286,506,65042
9,65557,6167,1.0,10287,506,65051
8,65565,6168,1.0,10288,506,65059
4,65569,6168,0.0,10289,506,65063
8,65577,6169,1.0,10290,506,65071
7,65584,6170,1.0,10291,506,65078
6,65590,6171,1.0,10292,506,65084
6,65596,6172,1.0,10293,506,65090
7,65603,6172,0.0,10294,506,65097
6,65609,6173,1.0,10295,506,65103
6,65615,6174,1.0,10296,506,65109
6,65621,6175,1.0,10297,506,65115
6,65627,6176,1.0,10298,506,65121
6,65633,6177,1.0,10299,506,65127
6,65639,6178,1.0,10300,506,65133
6,65645,6179,1.0,10301,506,65139
6,65651,6180,1.0,10302,506,65145
6,65657,6181,1.0,10303,506,65151
6,65663,6182,1.0,10304,506,65157
7,65670,6183,1.0,10305,506,65164
9,65679,6184,1.0,10306,506,65173
9,65688,6185,1.0,10307,506,65182
8,65696,6186,1.0,10308,506,65190
11,65707,6187,1.0,10309,506,65201
6,65713,6187,0.0,10310,506,65207
6,65719,6188,1.0,10311,506,65213
3,65722,6188,0.0,10312,506,65216
6,65728,6189,1.0,10313,506,65222
6,65734,6190,1.0,10314,506,65228
6,65740,6191,1.0,10315,506,65234
7,65747,6192,1.0,10316,506,65241
6,65753,6193,1.0,10317,506,65247
6,65759,6194,1.0,10318,506,65253
6,65765,6195,1.0,10319,506,65259
6,65771,6196,1.0,10320,506,65265
6,65777,6197,1.0,10321,506,65271
6,65783,6198,1.0,10322,506,65277
10,65793,6199,1.0,10323,506,65287
9,65802,6200,1.0,10324,506,65296
2,65804,6200,0.0,10325,506,65298
4,65808,6200,0.0,10326,506,65302
8,65816,6201,1.0,10327,506,65310
7,65823,6202,1.0,10328,506,65317
6,65829,6202,0.0,10329,506,65323
8,65837,6203,1.0,10330,506,65331
8,65845,6203,0.0,10331,506,65339
6,65851,6204,1.0,10332,506,65345
3,65854,6204,0.0,10333,506,65348
3,65857,6204,0.0,10334,506,65351
6,65863,6205,1.0,10335,506,65357
12,65875,6206,1.0,10336,506,65369
6,65881,6207,1.0,10337,506,65375
4,65885,6207,0.0,10338,506,65379
6,65891,6208,1.0,10339,506,65385
8,65899,6209,1.0,10340,506,65393
11,65910,6209,0.0,10341,506,65404
8,65918,6210,1.0,10342,506,65412
4,65922,6210,0.0,10343,506,65416
4,65926,6210,0.0,10344,506,65420
6,65932,6211,1.0,10345,506,65426
6,65938,6212,1.0,10346,506,65432
4,65942,6212,0.0,10347,506,65436
6,65948,6213,1.0,10348,506,65442
8,65956,6214,1.0,10349,506,65450
3,65959,6214,0.0,10350,506,65453
6,65965,6215,1.0,10351,506,65459
11,65976,6216,1.0,10352,506,65470
9,65985,6217,1.0,10353,506,65479
8,65993,6218,1.0,10354,506,65487
7,66000,6219,1.0,10355,506,65494
6,66006,6220,1.0,10356,506,65500
5,66011,6220,0.0,10357,506,65505
6,66017,6221,1.0,10358,506,65511
6,66023,6222,1.0,10359,506,65517
5,66028,6222,0.0,10360,506,65522
6,66034,6223,1.0,10361,506,65528
6,66040,6224,1.0,10362,506,65534
7,66047,6225,1.0,10363,506,65541
4,66051,6225,0.0,10364,506,65545
4,66055,6225,0.0,10365,506,65549
6,66061,6226,1.0,10366,506,65555
6,66067,6227,1.0,10367,506,65561
7,66074,6228,1.0,10368,506,65568
2,66076,6228,0.0,10369,506,65570
7,66083,6229,1.0,10370,506,65577
6,66089,6230,1.0,10371,506,65583
6,66095,6231,1.0,10372,506,65589
9,66104,6232,1.0,10373,506,65598
6,66110,6233,1.0,10374,506,65604
6,66116,6234,1.0,10375,506,65610
7,66123,6235,1.0,10376,506,65617
6,66129,6236,1.0,10377,506,65623
7,66136,6237,1.0,10378,506,65630
4,66140,6237,0.0,10379,506,65634
2,66142,6237,0.0,10380,506,65636
7,66149,6238,1.0,10381,506,65643
7,66156,6239,1.0,10382,506,65650
6,66162,6240,1.0,10383,506,65656
8,66170,6241,1.0,10384,506,65664
7,66177,6242,1.0,10385,506,65671
3,66180,6242,0.0,10386,506,65674
8,66188,6243,1.0,10387,506,65682
6,66194,6244,1.0,10388,506,65688
6,66200,6244,0.0,10389,506,65694
6,66206,6245,1.0,10390,506,65700
8,66214,6246,1.0,10391,506,65708
7,66221,6247,1.0,10392,506,65715
9,66230,6248,1.0,10393,506,65724
2,66232,6248,0.0,10394,506,65726
8,66240,6249,1.0,10395,506,65734
8,66248,6250,1.0,10396,506,65742
3,66251,6250,0.0,10397,506,65745
4,66255,6250,0.0,10398,506,65749
6,66261,6250,0.0,10399,506,65755
4,66265,6250,0.0,10400,506,65759
6,66271,6251,1.0,10401,506,65765
6,66277,6251,0.0,10402,506,65771
6,66283,6252,1.0,10403,506,65777
6,66289,6253,1.0,10404,506,65783
6,66295,6254,1.0,10405,506,65789
2,66297,6254,0.0,10406,506,65791
6,66303,6255,1.0,10407,506,65797
6,66309,6256,1.0,10408,506,65803
8,66317,6256,0.0,10409,506,65811
6,66323,6257,1.0,10410,506,65817
3,66326,6257,0.0,10411,506,65820
7,66333,6258,1.0,10412,506,65827
6,66339,6259,1.0,10413,506,65833
7,66346,6260,1.0,10414,506,65840
6,66352,6261,1.0,10415,506,65846
6,66358,6262,1.0,10416,506,65852
5,66363,6262,0.0,10417,506,65857
9,66372,6263,1.0,10418,506,65866
2,66374,6263,0.0,10419,506,65868
7,66381,6264,1.0,10420,506,65875
6,66387,6265,1.0,10421,506,65881
6,66393,6266,1.0,10422,506,65887
2,66395,6266,0.0,10423,506,65889
6,66401,6267,1.0,10424,506,65895
7,66408,6268,1.0,10425,506,65902
5,66413,6268,0.0,10426,506,65907
6,66419,6269,1.0,10427,506,65913
6,66425,6270,1.0,10428,506,65919
6,66431,6271,1.0,10429,506,65925
9,66440,6272,1.0,10430,506,65934
8,66448,6273,1.0,10431,506,65942
6,66454,6274,1.0,10432,506,65948
7,66461,6275,1.0,10433,506,65955
9,66470,6276,1.0,10434,506,65964
6,66476,6277,1.0,10435,506,65970
12,66488,6278,1.0,10436,506,65982
4,66492,6278,0.0,10437,506,65986
8,66500,6279,1.0,10438,506,65994
6,66506,6280,1.0,10439,506,66000
6,66512,6281,1.0,10440,506,66006
8,66520,6282,1.0,10441,506,66014
8,66528,6283,1.0,10442,506,66022
7,66535,6284,1.0,10443,506,66029
6,66541,6285,1.0,10444,506,66035
6,66547,6286,1.0,10445,506,66041
6,66553,6287,1.0,10446,506,66047
7,66560,6288,1.0,10447,506,66054
10,66570,6289,1.0,10448,506,66064
4,66574,6289,0.0,10449,506,66068
8,66582,6290,1.0,10450,506,66076
7,66589,6291,1.0,10451,506,66083
6,66595,6292,1.0,10452,506,66089
7,66602,6293,1.0,10453,506,66096
7,66609,6294,1.0,10454,506,66103
6,66615,6295,1.0,10455,506,66109
2,66617,6295,0.0,10456,506,66111
10,66627,6296,1.0,10457,506,66121
8,66635,6297,1.0,10458,506,66129
8,66643,6298,1.0,10459,506,66137
6,66649,6299,1.0,10460,506,66143
6,66655,6300,1.0,10461,506,66149
6,66661,6301,1.0,10462,506,66155
4,66665,6301,0.0,10463,506,66159
6,66671,6302,1.0,10464,506,66165
15,66686,6302,0.0,10465,506,66180
7,66693,6303,1.0,10466,506,66187
7,66700,6304,1.0,10467,506,66194
6,66706,6305,1.0,10468,506,66200
2,66708,6305,0.0,10469,506,66202
2,66710,6305,0.0,10470,506,66204
7,66717,6306,1.0,10471,506,66211
6,66723,6307,1.0,10472,506,66217
6,66729,6308,1.0,10473,506,66223
9,66738,6308,0.0,10474,506,66232
6,66744,6309,1.0,10475,506,66238
6,66750,6310,1.0,10476,506,66244
7,66757,6311,1.0,10477,506,66251
7,66764,6312,1.0,10478,506,66258
2,66766,6312,0.0,10479,506,66260
6,66772,6312,0.0,10480,506,66266
6,66778,6313,1.0,10481,506,66272
6,66784,6314,1.0,10482,506,66278
6,66790,6315,1.0,10483,506,66284
6,66796,6316,1.0,10484,506,66290
3,66799,6316,0.0,10485,506,66293
5,66804,6316,0.0,10486,506,66298
4,66808,6316,0.0,10487,506,66302
7,66815,6317,1.0,10488,506,66309
6,66821,6318,1.0,10489,506,66315
6,66827,6319,1.0,10490,506,66321
6,66833,6320,1.0,10491,506,66327
10,66843,6321,1.0,10492,506,66337
7,66850,6322,1.0,10493,506,66344
6,66856,6323,1.0,10494,506,66350
6,66862,6324,1.0,10495,506,66356
4,66866,6324,0.0,10496,506,66360
3,66869,6324,0.0,10497,506,66363
4,66873,6324,0.0,10498,506,66367
10,66883,6325,1.0,10499,506,66377
8,66891,6326,1.0,10500,506,66385
7,66898,6327,1.0,10501,506,66392
7,66905,6328,1.0,10502,506,66399
7,66912,6329,1.0,10503,506,66406
9,66921,6330,1.0,10504,506,66415
3,66924,6330,0.0,10505,506,66418
10,66934,6331,1.0,10506,506,66428
6,66940,6332,1.0,10507,506,66434
6,66946,6333,1.0,10508,506,66440
8,66954,6334,1.0,10509,506,66448
8,66962,6335,1.0,10510,506,66456
9,66971,6336,1.0,10511,506,66465
2,66973,6336,0.0,10512,506,66467
5,66978,6336,0.0,10513,506,66472
3,66981,6336,0.0,10514,506,66475
8,66989,6337,1.0,10515,506,66483
6,66995,6338,1.0,10516,506,66489
7,67002,6339,1.0,10517,506,66496
4,67006,6339,0.0,10518,506,66500
11,67017,6340,1.0,10519,506,66511
6,67023,6340,0.0,10520,506,66517
6,67029,6340,0.0,10521,506,66523
9,67038,6341,1.0,10522,506,66532
6,67044,6342,1.0,10523,506,66538
8,67052,6342,0.0,10524,506,66546
6,67058,6343,1.0,10525,506,66552
8,67066,6344,1.0,10526,506,66560
12,67078,6345,1.0,10527,506,66572
8,67086,6346,1.0,10528,506,66580
6,67092,6347,1.0,10529,506,66586
6,67098,6348,1.0,10530,506,66592
11,67109,6349,1.0,10531,506,66603
5,67114,6349,0.0,10532,506,66608
9,67123,6350,1.0,10533,506,66617
2,67125,6350,0.0,10534,506,66619
8,67133,6350,0.0,10535,506,66627
4,67137,6350,0.0,10536,506,66631
9,67146,6351,1.0,10537,506,66640
6,67152,6352,1.0,10538,506,66646
6,67158,6353,1.0,10539,506,66652
7,67165,6354,1.0,10540,506,66659
8,67173,6355,1.0,10541,506,66667
7,67180,6356,1.0,10542,506,66674
7,67187,6357,1.0,10543,506,66681
9,67196,6358,1.0,10544,506,66690
8,67204,6359,1.0,10545,506,66698
6,67210,6360,1.0,10546,506,66704
4,67214,6360,0.0,10547,506,66708
6,67220,6361,1.0,10548,506,66714
7,67227,6362,1.0,10549,506,66721
8,67235,6363,1.0,10550,506,66729
7,67242,6364,1.0,10551,506,66736
7,67249,6365,1.0,10552,506,66743
12,67261,6366,1.0,10553,506,66755
11,67272,6367,1.0,10554,506,66766
6,67278,6368,1.0,10555,506,66772
6,67284,6369,1.0,10556,506,66778
4,67288,6369,0.0,10557,506,66782
4,67292,6369,0.0,10558,506,66786
6,67298,6370,1.0,10559,506,66792
6,67304,6370,0.0,10560,506,66798
4,67308,6370,0.0,10561,506,66802
8,67316,6371,1.0,10562,506,66810
6,67322,6372,1.0,10563,506,66816
7,67329,6373,1.0,10564,506,66823
5,67334,6373,0.0,10565,506,66828
6,67340,6374,1.0,10566,506,66834
7,67347,6375,1.0,10567,506,66841
6,67353,6376,1.0,10568,506,66847
6,67359,6377,1.0,10569,506,66853
6,67365,6378,1.0,10570,506,66859
6,67371,6379,1.0,10571,506,66865
8,67379,6379,0.0,10572,506,66873
7,67386,6379,0.0,10573,506,66880
8,67394,6380,1.0,10574,506,66888
4,67398,6380,0.0,10575,506,66892
3,67401,6380,0.0,10576,506,66895
6,67407,6381,1.0,10577,506,66901
6,67413,6382,1.0,10578,506,66907
8,67421,6383,1.0,10579,506,66915
4,67425,6383,0.0,10580,506,66919
7,67432,6384,1.0,10581,506,66926
10,67442,6385,1.0,10582,506,66936
2,67444,6385,0.0,10583,506,66938
6,67450,6386,1.0,10584,506,66944
4,67454,6386,0.0,10585,506,66948
6,67460,6387,1.0,10586,506,66954
6,67466,6388,1.0,10587,506,66960
7,67473,6389,1.0,10588,506,66967
6,67479,6389,0.0,10589,506,66973
6,67485,6390,1.0,10590,506,66979
6,67491,6391,1.0,10591,506,66985
5,67496,6391,0.0,10592,506,66990
6,67502,6392,1.0,10593,506,66996
6,67508,6393,1.0,10594,506,67002
6,67514,6394,1.0,10595,506,67008
5,67519,6394,0.0,10596,506,67013
6,67525,6395,1.0,10597,506,67019
3,67528,6395,0.0,10598,506,67022
4,67532,6395,0.0,10599,506,67026
10,67542,6396,1.0,10600,506,67036
7,67549,6396,0.0,10601,506,67043
12,67561,6397,1.0,10602,506,67055
6,67567,6398,1.0,10603,506,67061
8,67575,6399,1.0,10604,506,67069
6,67581,6399,0.0,10605,506,67075
2,67583,6399,0.0,10606,506,67077
6,67589,6400,1.0,10607,506,67083
4,67593,6400,0.0,10608,506,67087
7,67600,6400,0.0,10609,506,67094
7,67607,6401,1.0,10610,506,67101
4,67611,6401,0.0,10611,506,67105
5,67616,6401,0.0,10612,506,67110
12,67628,6401,0.0,10613,506,67122
9,67637,6402,1.0,10614,506,67131
6,67643,6403,1.0,10615,506,67137
6,67649,6404,1.0,10616,506,67143
5,67654,6404,0.0,10617,506,67148
6,67660,6405,1.0,10618,506,67154
8,67668,6406,1.0,10619,506,67162
2,67670,6406,0.0,10620,506,67164
6,67676,6407,1.0,10621,506,67170
6,67682,6408,1.0,10622,506,67176
7,67689,6409,1.0,10623,506,67183
2,67691,6409,0.0,10624,506,67185
9,67700,6410,1.0,10625,506,67194
8,67708,6411,1.0,10626,506,67202
10,67718,6412,1.0,10627,506,67212
8,67726,6412,0.0,10628,506,67220
9,67735,6413,1.0,10629,506,67229
5,67740,6413,0.0,10630,506,67234
6,67746,6414,1.0,10631,506,67240
8,67754,6415,1.0,10632,506,67248
6,67760,6416,1.0,10633,506,67254
7,67767,6417,1.0,10634,506,67261
6,67773,6418,1.0,10635,506,67267
2,67775,6418,0.0,10636,506,67269
6,67781,6418,0.0,10637,506,67275
6,67787,6419,1.0,10638,506,67281
6,67793,6420,1.0,10639,506,67287
3,67796,6420,0.0,10640,506,67290
6,67802,6421,1.0,10641,506,67296
8,67810,6422,1.0,10642,506,67304
6,67816,6423,1.0,10643,506,67310
2,67818,6423,0.0,10644,506,67312
6,67824,6424,1.0,10645,506,67318
6,67830,6425,1.0,10646,506,67324
7,67837,6426,1.0,10647,506,67331
4,67841,6426,0.0,10648,506,67335
4,67845,6426,0.0,10649,506,67339
6,67851,6427,1.0,10650,506,67345
6,67857,6428,1.0,10651,506,67351
10,67867,6428,0.0,10652,506,67361
9,67876,6429,1.0,10653,506,67370
6,67882,6430,1.0,10654,506,67376
6,67888,6430,0.0,10655,506,67382
6,67894,6431,1.0,10656,506,67388
6,67900,6432,1.0,10657,506,67394
6,67906,6432,0.0,10658,506,67400
6,67912,6433,1.0,10659,506,67406
6,67918,6434,1.0,10660,506,67412
6,67924,6435,1.0,10661,506,67418
4,67928,6435,0.0,10662,506,67422
6,67934,6436,1.0,10663,506,67428
6,67940,6437,1.0,10664,506,67434
9,67949,6438,1.0,10665,506,67443
6,67955,6439,1.0,10666,506,67449
6,67961,6440,1.0,10667,506,67455
6,67967,6441,1.0,10668,506,67461
2,67969,6441,0.0,10669,506,67463
6,67975,6442,1.0,10670,506,67469
8,67983,6443,1.0,10671,506,67477
8,67991,6444,1.0,10672,506,67485
8,67999,6445,1.0,10673,506,67493
4,68003,6445,0.0,10674,506,67497
4,68007,6445,0.0,10675,506,67501
7,68014,6446,1.0,10676,506,67508
13,68027,6447,1.0,10677,506,67521
6,68033,6448,1.0,10678,506,67527
3,68036,6448,0.0,10679,506,67530
3,68039,6448,0.0,10680,506,67533
2,68041,6448,0.0,10681,506,67535
6,68047,6449,1.0,10682,506,67541
4,68051,6449,0.0,10683,506,67545
7,68058,6450,1.0,10684,506,67552
6,68064,6450,0.0,10685,506,67558
8,68072,6451,1.0,10686,506,67566
2,68074,6451,0.0,10687,506,67568
4,68078,6451,0.0,10688,506,67572
8,68086,6452,1.0,10689,506,67580
8,68094,6453,1.0,10690,506,67588
6,68100,6454,1.0,10691,506,67594
10,68110,6455,1.0,10692,506,67604
7,68117,6456,1.0,10693,506,67611
6,68123,6457,1.0,10694,506,67617
6,68129,6458,1.0,10695,506,67623
6,68135,6459,1.0,10696,506,67629
8,68143,6460,1.0,10697,506,67637
4,68147,6460,0.0,10698,506,67641
8,68155,6461,1.0,10699,506,67649
7,68162,6462,1.0,10700,506,67656
4,68166,6462,0.0,10701,506,67660
5,68171,6462,0.0,10702,506,67665
2,68173,6462,0.0,10703,506,67667
6,68179,6463,1.0,10704,506,67673
8,68187,6464,1.0,10705,506,67681
7,68194,6465,1.0,10706,506,67688
7,68201,6466,1.0,10707,506,67695
3,68204,6466,0.0,10708,506,67698
6,68210,6467,1.0,10709,506,67704
5,68215,6467,0.0,10710,506,67709
2,68217,6467,0.0,10711,506,67711
6,68223,6468,1.0,10712,506,67717
9,68232,6469,1.0,10713,506,67726
6,68238,6470,1.0,10714,506,67732
6,68244,6471,1.0,10715,506,67738
4,68248,6471,0.0,10716,506,67742
6,68254,6472,1.0,10717,506,67748
6,68260,6473,1.0,10718,506,67754
4,68264,6473,0.0,10719,506,67758
6,68270,6474,1.0,10720,506,67764
6,68276,6475,1.0,10721,506,67770
4,68280,6475,0.0,10722,506,67774
3,68283,6475,0.0,10723,506,67777
16,68299,6476,1.0,10724,506,67793
6,68305,6477,1.0,10725,506,67799
6,68311,6477,0.0,10726,506,67805
8,68319,6478,1.0,10727,506,67813
6,68325,6479,1.0,10728,506,67819
9,68334,6480,1.0,10729,506,67828
8,68342,6481,1.0,10730,506,67836
8,68350,6482,1.0,10731,506,67844
9,68359,6483,1.0,10732,506,67853
6,68365,6484,1.0,10733,506,67859
8,68373,6485,1.0,10734,506,67867
6,68379,6486,1.0,10735,506,67873
2,68381,6486,0.0,10736,506,67875
6,68387,6487,1.0,10737,506,67881
8,68395,6488,1.0,10738,506,67889
8,68403,6489,1.0,10739,506,67897
7,68410,6489,0.0,10740,506,67904
8,68418,6490,1.0,10741,506,67912
6,68424,6491,1.0,10742,506,67918
6,68430,6492,1.0,10743,506,67924
6,68436,6493,1.0,10744,506,67930
2,68438,6493,0.0,10745,506,67932
6,68444,6494,1.0,10746,506,67938
6,68450,6495,1.0,10747,506,67944
6,68456,6496,1.0,10748,506,67950
2,68458,6496,0.0,10749,506,67952
6,68464,6497,1.0,10750,506,67958
4,68468,6497,0.0,10751,506,67962
5,68473,6497,0.0,10752,506,67967
4,68477,6497,0.0,10753,506,67971
5,68482,6497,0.0,10754,506,67976
7,68489,6497,0.0,10755,506,67983
8,68497,6498,1.0,10756,506,67991
7,68504,6499,1.0,10757,506,67998
2,68506,6499,0.0,10758,506,68000
4,68510,6499,0.0,10759,506,68004
6,68516,6500,1.0,10760,506,68010
6,68522,6501,1.0,10761,506,68016
5,68527,6501,0.0,10762,506,68021
6,68533,6502,1.0,10763,506,68027
8,68541,6503,1.0,10764,506,68035
6,68547,6504,1.0,10765,506,68041
6,68553,6504,0.0,10766,506,68047
5,68558,6504,0.0,10767,506,68052
10,68568,6505,1.0,10768,506,68062
6,68574,6506,1.0,10769,506,68068
7,68581,6507,1.0,10770,506,68075
6,68587,6508,1.0,10771,506,68081
4,68591,6508,0.0,10772,506,68085
8,68599,6509,1.0,10773,506,68093
8,68607,6510,1.0,10774,506,68101
9,68616,6511,1.0,10775,506,68110
6,68622,6511,0.0,10776,506,68116
6,68628,6512,1.0,10777,506,68122
6,68634,6513,1.0,10778,506,68128
7,68641,6514,1.0,10779,506,68135
6,68647,6515,1.0,10780,506,68141
6,68653,6516,1.0,10781,506,68147
5,68658,6516,0.0,10782,506,68152
4,68662,6516,0.0,10783,506,68156
6,68668,6517,1.0,10784,506,68162
8,68676,6517,0.0,10785,506,68170
2,68678,6517,0.0,10786,506,68172
5,68683,6517,0.0,10787,506,68177
8,68691,6518,1.0,10788,506,68185
6,68697,6519,1.0,10789,506,68191
10,68707,6520,1.0,10790,506,68201
6,68713,6521,1.0,10791,506,68207
5,68718,6521,0.0,10792,506,68212
6,68724,6521,0.0,10793,506,68218
4,68728,6521,0.0,10794,506,68222
6,68734,6522,1.0,10795,506,68228
9,68743,6523,1.0,10796,506,68237
4,68747,6523,0.0,10797,506,68241
8,68755,6524,1.0,10798,506,68249
6,68761,6525,1.0,10799,506,68255
12,68773,6526,1.0,10800,506,68267
7,68780,6527,1.0,10801,506,68274
6,68786,6527,0.0,10802,506,68280
6,68792,6528,1.0,10803,506,68286
6,68798,6529,1.0,10804,506,68292
7,68805,6530,1.0,10805,506,68299
2,68807,6530,0.0,10806,506,68301
5,68812,6530,0.0,10807,506,68306
15,68827,6530,0.0,10808,506,68321
6,68833,6531,1.0,10809,506,68327
7,68840,6532,1.0,10810,506,68334
9,68849,6533,1.0,10811,506,68343
7,68856,6534,1.0,10812,506,68350
6,68862,6535,1.0,10813,506,68356
2,68864,6535,0.0,10814,506,68358
8,68872,6536,1.0,10815,506,68366
2,68874,6536,0.0,10816,506,68368
6,68880,6537,1.0,10817,506,68374
2,68882,6537,0.0,10818,506,68376
7,68889,6538,1.0,10819,506,68383
8,68897,6539,1.0,10820,506,68391
6,68903,6540,1.0,10821,506,68397
6,68909,6540,0.0,10822,506,68403
2,68911,6540,0.0,10823,506,68405
6,68917,6541,1.0,10824,506,68411
9,68926,6542,1.0,10825,506,68420
6,68932,6543,1.0,10826,506,68426
7,68939,6544,1.0,10827,506,68433
4,68943,6544,0.0,10828,506,68437
8,68951,6545,1.0,10829,506,68445
7,68958,6546,1.0,10830,506,68452
13,68971,6547,1.0,10831,506,68465
10,68981,6548,1.0,10832,506,68475
5,68986,6548,0.0,10833,506,68480
9,68995,6549,1.0,10834,506,68489
8,69003,6550,1.0,10835,506,68497
6,69009,6551,1.0,10836,506,68503
6,69015,6552,1.0,10837,506,68509
6,69021,6553,1.0,10838,506,68515
6,69027,6554,1.0,10839,506,68521
7,69034,6555,1.0,10840,506,68528
2,69036,6555,0.0,10841,506,68530
6,69042,6556,1.0,10842,506,68536
4,69046,6556,0.0,10843,506,68540
6,69052,6557,1.0,10844,506,68546
4,69056,6557,0.0,10845,506,68550
6,69062,6558,1.0,10846,506,68556
6,69068,6559,1.0,10847,506,68562
6,69074,6560,1.0,10848,506,68568
5,69079,6560,0.0,10849,506,68573
6,69085,6561,1.0,10850,506,68579
6,69091,6561,0.0,10851,506,68585
9,69100,6562,1.0,10852,506,68594
6,69106,6563,1.0,10853,506,68600
6,69112,6564,1.0,10854,506,68606
7,69119,6565,1.0,10855,506,68613
4,69123,6565,0.0,10856,506,68617
6,69129,6566,1.0,10857,506,68623
9,69138,6567,1.0,10858,506,68632
6,69144,6568,1.0,10859,506,68638
6,69150,6569,1.0,10860,506,68644
7,69157,6570,1.0,10861,506,68651
6,69163,6570,0.0,10862,506,68657
6,69169,6571,1.0,10863,506,68663
4,69173,6571,0.0,10864,506,68667
7,69180,6572,1.0,10865,506,68674
7,69187,6573,1.0,10866,506,68681
4,69191,6573,0.0,10867,506,68685
3,69194,6573,0.0,10868,506,68688
6,69200,6574,1.0,10869,506,68694
4,69204,6574,0.0,10870,506,68698
6,69210,6575,1.0,10871,506,68704
4,69214,6575,0.0,10872,506,68708
6,69220,6576,1.0,10873,506,68714
7,69227,6576,0.0,10874,506,68721
6,69233,6577,1.0,10875,506,68727
6,69239,6578,1.0,10876,506,68733
10,69249,6579,1.0,10877,506,68743
6,69255,6580,1.0,10878,506,68749
7,69262,6580,0.0,10879,506,68756
6,69268,6581,1.0,10880,506,68762
8,69276,6582,1.0,10881,506,68770
6,69282,6583,1.0,10882,506,68776
8,69290,6584,1.0,10883,506,68784
9,69299,6585,1.0,10884,506,68793
10,69309,6586,1.0,10885,506,68803
6,69315,6587,1.0,10886,506,68809
6,69321,6588,1.0,10887,506,68815
8,69329,6589,1.0,10888,506,68823
6,69335,6589,0.0,10889,506,68829
9,69344,6590,1.0,10890,506,68838
2,69346,6590,0.0,10891,506,68840
7,69353,6591,1.0,10892,506,68847
8,69361,6592,1.0,10893,506,68855
12,69373,6593,1.0,10894,506,68867
6,69379,6594,1.0,10895,506,68873
7,69386,6594,0.0,10896,506,68880
4,69390,6594,0.0,10897,506,68884
6,69396,6595,1.0,10898,506,68890
6,69402,6596,1.0,10899,506,68896
13,69415,6597,1.0,10900,506,68909
2,69417,6597,0.0,10901,506,68911
6,69423,6597,0.0,10902,506,68917
7,69430,6598,1.0,10903,506,68924
6,69436,6599,1.0,10904,506,68930
6,69442,6599,0.0,10905,506,68936
6,69448,6600,1.0,10906,506,68942
6,69454,6601,1.0,10907,506,68948
6,69460,6602,1.0,10908,506,68954
4,69464,6602,0.0,10909,506,68958
7,69471,6603,1.0,10910,506,68965
8,69479,6603,0.0,10911,506,68973
7,69486,6604,1.0,10912,506,68980
6,69492,6605,1.0,10913,506,68986
7,69499,6606,1.0,10914,506,68993
4,69503,6606,0.0,10915,506,68997
2,69505,6606,0.0,10916,506,68999
2,69507,6606,0.0,10917,506,69001
7,69514,6607,1.0,10918,506,69008
5,69519,6607,0.0,10919,506,69013
6,69525,6608,1.0,10920,506,69019
7,69532,6609,1.0,10921,506,69026
6,69538,6609,0.0,10922,506,69032
6,69544,6610,1.0,10923,506,69038
2,69546,6610,0.0,10924,506,69040
6,69552,6611,1.0,10925,506,69046
8,69560,6612,1.0,10926,506,69054
8,69568,6613,1.0,10927,506,69062
7,69575,6614,1.0,10928,506,69069
11,69586,6615,1.0,10929,506,69080
7,69593,6616,1.0,10930,506,69087
6,69599,6617,1.0,10931,506,69093
9,69608,6618,1.0,10932,506,69102
2,69610,6618,0.0,10933,506,69104
6,69616,6619,1.0,10934,506,69110
8,69624,6620,1.0,10935,506,69118
8,69632,6621,1.0,10936,506,69126
4,69636,6621,0.0,10937,506,69130
6,69642,6622,1.0,10938,506,69136
6,69648,6623,1.0,10939,506,69142
10,69658,6624,1.0,10940,506,69152
2,69660,6624,0.0,10941,506,69154
6,69666,6625,1.0,10942,506,69160
6,69672,6626,1.0,10943,506,69166
6,69678,6627,1.0,10944,506,69172
3,69681,6627,0.0,10945,506,69175
6,69687,6628,1.0,10946,506,69181
7,69694,6629,1.0,10947,506,69188
6,69700,6630,1.0,10948,506,69194
6,69706,6631,1.0,10949,506,69200
6,69712,6632,1.0,10950,506,69206
2,69714,6632,0.0,10951,506,69208
6,69720,6633,1.0,10952,506,69214
6,69726,6634,1.0,10953,506,69220
9,69735,6635,1.0,10954,506,69229
6,69741,6636,1.0,10955,506,69235
6,69747,6637,1.0,10956,506,69241
6,69753,6638,1.0,10957,506,69247
4,69757,6638,0.0,10958,506,69251
9,69766,6638,0.0,10959,506,69260
3,69769,6638,0.0,10960,506,69263
8,69777,6639,1.0,10961,506,69271
7,69784,6640,1.0,10962,506,69278
6,69790,6641,1.0,10963,506,69284
6,69796,6641,0.0,10964,506,69290
6,69802,6642,1.0,10965,506,69296
4,69806,6642,0.0,10966,506,69300
10,69816,6643,1.0,10967,506,69310
3,69819,6643,0.0,10968,506,69313
5,69824,6643,0.0,10969,506,69318
7,69831,6644,1.0,10970,506,69325
7,69838,6644,0.0,10971,506,69332
6,69844,6645,1.0,10972,506,69338
6,69850,6646,1.0,10973,506,69344
8,69858,6647,1.0,10974,506,69352
6,69864,6648,1.0,10975,506,69358
7,69871,6649,1.0,10976,506,69365
7,69878,6650,1.0,10977,506,69372
3,69881,6650,0.0,10978,506,69375
4,69885,6650,0.0,10979,506,69379
4,69889,6650,0.0,10980,506,69383
6,69895,6651,1.0,10981,506,69389
4,69899,6651,0.0,10982,506,69393
9,69908,6652,1.0,10983,506,69402
6,69914,6653,1.0,10984,506,69408
3,69917,6653,0.0,10985,506,69411
6,69923,6654,1.0,10986,506,69417
2,69925,6654,0.0,10987,506,69419
6,69931,6655,1.0,10988,506,69425
6,69937,6656,1.0,10989,506,69431
6,69943,6656,0.0,10990,506,69437
8,69951,6657,1.0,10991,506,69445
6,69957,6658,1.0,10992,506,69451
7,69964,6659,1.0,10993,506,69458
4,69968,6659,0.0,10994,506,69462
9,69977,6660,1.0,10995,506,69471
6,69983,6661,1.0,10996,506,69477
6,69989,6662,1.0,10997,506,69483
6,69995,6663,1.0,10998,506,69489
5,70000,6663,0.0,10999,506,69494
6,70006,6664,1.0,11000,506,69500
8,70014,6665,1.0,11001,506,69508
4,70018,6665,0.0,11002,506,69512
4,70022,6665,0.0,11003,506,69516
6,70028,6666,1.0,11004,506,69522
6,70034,6667,1.0,11005,506,69528
11,70045,6668,1.0,11006,506,69539
6,70051,6669,1.0,11007,506,69545
7,70058,6669,0.0,11008,506,69552
6,70064,6670,1.0,11009,506,69558
8,70072,6671,1.0,11010,506,69566
6,70078,6672,1.0,11011,506,69572
6,70084,6673,1.0,11012,506,69578
6,70090,6673,0.0,11013,506,69584
2,70092,6673,0.0,11014,506,69586
6,70098,6674,1.0,11015,506,69592
7,70105,6675,1.0,11016,506,69599
8,70113,6676,1.0,11017,506,69607
6,70119,6677,1.0,11018,506,69613
8,70127,6678,1.0,11019,506,69621
8,70135,6679,1.0,11020,506,69629
7,70142,6680,1.0,11021,506,69636
8,70150,6681,1.0,11022,506,69644
6,70156,6682,1.0,11023,506,69650
4,70160,6682,0.0,11024,506,69654
6,70166,6683,1.0,11025,506,69660
6,70172,6684,1.0,11026,506,69666
5,70177,6684,0.0,11027,506,69671
8,70185,6685,1.0,11028,506,69679
2,70187,6685,0.0,11029,506,69681
7,70194,6686,1.0,11030,506,69688
4,70198,6686,0.0,11031,506,69692
6,70204,6687,1.0,11032,506,69698
7,70211,6688,1.0,11033,506,69705
2,70213,6688,0.0,11034,506,69707
6,70219,6689,1.0,11035,506,69713
8,70227,6690,1.0,11036,506,69721
4,70231,6690,0.0,11037,506,69725
6,70237,6691,1.0,11038,506,69731
3,70240,6691,0.0,11039,506,69734
7,70247,6692,1.0,11040,506,69741
6,70253,6693,1.0,11041,506,69747
6,70259,6694,1.0,11042,506,69753
8,70267,6695,1.0,11043,506,69761
8,70275,6696,1.0,11044,506,69769
7,70282,6697,1.0,11045,506,69776
6,70288,6698,1.0,11046,506,69782
9,70297,6699,1.0,11047,506,69791
6,70303,6700,1.0,11048,506,69797
7,70310,6701,1.0,11049,506,69804
7,70317,6702,1.0,11050,506,69811
6,70323,6703,1.0,11051,506,69817
6,70329,6704,1.0,11052,506,69823
9,70338,6705,1.0,11053,506,69832
6,70344,6706,1.0,11054,506,69838
9,70353,6707,1.0,11055,506,69847
9,70362,6708,1.0,11056,506,69856
7,70369,6709,1.0,11057,506,69863
7,70376,6710,1.0,11058,506,69870
6,70382,6711,1.0,11059,506,69876
10,70392,6712,1.0,11060,506,69886
7,70399,6713,1.0,11061,506,69893
6,70405,6714,1.0,11062,506,69899
7,70412,6715,1.0,11063,506,69906
6,70418,6716,1.0,11064,506,69912
7,70425,6716,0.0,11065,506,69919
6,70431,6717,1.0,11066,506,69925
4,70435,6717,0.0,11067,506,69929
6,70441,6718,1.0,11068,506,69935
8,70449,6719,1.0,11069,506,69943
6,70455,6720,1.0,11070,506,69949
9,70464,6720,0.0,11071,506,69958
4,70468,6720,0.0,11072,506,69962
4,70472,6720,0.0,11073,506,69966
6,70478,6721,1.0,11074,506,69972
4,70482,6721,0.0,11075,506,69976
6,70488,6722,1.0,11076,506,69982
7,70495,6723,1.0,11077,506,69989
4,70499,6723,0.0,11078,506,69993
6,70505,6724,1.0,11079,506,69999
6,70511,6725,1.0,11080,506,70005
6,70517,6725,0.0,11081,506,70011
6,70523,6726,1.0,11082,506,70017
9,70532,6727,1.0,11083,506,70026
13,70545,6728,1.0,11084,506,70039
6,70551,6729,1.0,11085,506,70045
9,70560,6730,1.0,11086,506,70054
4,70564,6730,0.0,11087,506,70058
6,70570,6731,1.0,11088,506,70064
8,70578,6732,1.0,11089,506,70072
4,70582,6732,0.0,11090,506,70076
8,70590,6733,1.0,11091,506,70084
10,70600,6734,1.0,11092,506,70094
7,70607,6735,1.0,11093,506,70101
6,70613,6736,1.0,11094,506,70107
6,70619,6737,1.0,11095,506,70113
8,70627,6738,1.0,11096,506,70121
9,70636,6738,0.0,11097,506,70130
4,70640,6738,0.0,11098,506,70134
10,70650,6739,1.0,11099,506,70144
5,70655,6739,0.0,11100,506,70149
3,70658,6739,0.0,11101,506,70152
6,70664,6740,1.0,11102,506,70158
6,70670,6741,1.0,11103,506,70164
7,70677,6742,1.0,11104,506,70171
6,70683,6743,1.0,11105,506,70177
8,70691,6744,1.0,11106,506,70185
8,70699,6745,1.0,11107,506,70193
8,70707,6746,1.0,11108,506,70201
8,70715,6747,1.0,11109,506,70209
7,70722,6748,1.0,11110,506,70216
6,70728,6749,1.0,11111,506,70222
8,70736,6750,1.0,11112,506,70230
6,70742,6751,1.0,11113,506,70236
6,70748,6752,1.0,11114,506,70242
6,70754,6753,1.0,11115,506,70248
6,70760,6754,1.0,11116,506,70254
9,70769,6755,1.0,11117,506,70263
4,70773,6755,0.0,11118,506,70267
6,70779,6756,1.0,11119,506,70273
6,70785,6757,1.0,11120,506,70279
4,70789,6757,0.0,11121,506,70283
6,70795,6758,1.0,11122,506,70289
7,70802,6759,1.0,11123,506,70296
7,70809,6760,1.0,11124,506,70303
8,70817,6761,1.0,11125,506,70311
6,70823,6762,1.0,11126,506,70317
9,70832,6763,1.0,11127,506,70326
2,70834,6763,0.0,11128,506,70328
7,70841,6764,1.0,11129,506,70335
6,70847,6765,1.0,11130,506,70341
10,70857,6765,0.0,11131,506,70351
2,70859,6765,0.0,11132,506,70353
6,70865,6766,1.0,11133,506,70359
10,70875,6767,1.0,11134,506,70369
4,70879,6767,0.0,11135,506,70373
6,70885,6768,1.0,11136,506,70379
4,70889,6768,0.0,11137,506,70383
2,70891,6768,0.0,11138,506,70385
6,70897,6769,1.0,11139,506,70391
6,70903,6770,1.0,11140,506,70397
6,70909,6771,1.0,11141,506,70403
3,70912,6771,0.0,11142,506,70406
2,70914,6771,0.0,11143,506,70408
6,70920,6772,1.0,11144,506,70414
2,70922,6772,0.0,11145,506,70416
7,70929,6773,1.0,11146,506,70423
6,70935,6774,1.0,11147,506,70429
4,70939,6774,0.0,11148,506,70433
10,70949,6775,1.0,11149,506,70443
8,70957,6776,1.0,11150,506,70451
8,70965,6777,1.0,11151,506,70459
2,70967,6777,0.0,11152,506,70461
4,70971,6777,0.0,11153,506,70465
6,70977,6778,1.0,11154,506,70471
11,70988,6779,1.0,11155,506,70482
10,70998,6780,1.0,11156,506,70492
7,71005,6781,1.0,11157,506,70499
4,71009,6781,0.0,11158,506,70503
6,71015,6781,0.0,11159,506,70509
6,71021,6782,1.0,11160,506,70515
6,71027,6783,1.0,11161,506,70521
9,71036,6784,1.0,11162,506,70530
6,71042,6785,1.0,11163,506,70536
2,71044,6785,0.0,11164,506,70538
9,71053,6785,0.0,11165,506,70547
6,71059,6786,1.0,11166,506,70553
10,71069,6787,1.0,11167,506,70563
6,71075,6787,0.0,11168,506,70569
7,71082,6788,1.0,11169,506,70576
9,71091,6789,1.0,11170,506,70585
9,71100,6790,1.0,11171,506,70594
7,71107,6791,1.0,11172,506,70601
7,71114,6792,1.0,11173,506,70608
8,71122,6793,1.0,11174,506,70616
6,71128,6794,1.0,11175,506,70622
8,71136,6795,1.0,11176,506,70630
6,71142,6796,1.0,11177,506,70636
8,71150,6797,1.0,11178,506,70644
6,71156,6798,1.0,11179,506,70650
7,71163,6799,1.0,11180,506,70657
4,71167,6799,0.0,11181,506,70661
10,71177,6800,1.0,11182,506,70671
6,71183,6801,1.0,11183,506,70677
8,71191,6802,1.0,11184,506,70685
9,71200,6803,1.0,11185,506,70694
6,71206,6804,1.0,11186,506,70700
11,71217,6805,1.0,11187,506,70711
6,71223,6806,1.0,11188,506,70717
6,71229,6807,1.0,11189,506,70723
5,71234,6807,0.0,11190,506,70728
7,71241,6808,1.0,11191,506,70735
5,71246,6808,0.0,11192,506,70740
7,71253,6809,1.0,11193,506,70747
6,71259,6810,1.0,11194,506,70753
4,71263,6810,0.0,11195,506,70757
6,71269,6811,1.0,11196,506,70763
5,71274,6811,0.0,11197,506,70768
7,71281,6812,1.0,11198,506,70775
7,71288,6813,1.0,11199,506,70782
8,71296,6814,1.0,11200,506,70790
6,71302,6815,1.0,11201,506,70796
6,71308,6816,1.0,11202,506,70802
6,71314,6816,0.0,11203,506,70808
6,71320,6817,1.0,11204,506,70814
6,71326,6817,0.0,11205,506,70820
5,71331,6817,0.0,11206,506,70825
6,71337,6818,1.0,11207,506,70831
2,71339,6818,0.0,11208,506,70833
2,71341,6818,0.0,11209,506,70835
15,71356,6819,1.0,11210,506,70850
7,71363,6820,1.0,11211,506,70857
4,71367,6820,0.0,11212,506,70861
8,71375,6821,1.0,11213,506,70869
8,71383,6822,1.0,11214,506,70877
6,71389,6823,1.0,11215,506,70883
4,71393,6823,0.0,11216,506,70887
3,71396,6823,0.0,11217,506,70890
7,71403,6824,1.0,11218,506,70897
6,71409,6825,1.0,11219,506,70903
7,71416,6826,1.0,11220,506,70910
6,71422,6827,1.0,11221,506,70916
9,71431,6828,1.0,11222,506,70925
7,71438,6829,1.0,11223,506,70932
5,71443,6829,0.0,11224,506,70937
10,71453,6830,1.0,11225,506,70947
6,71459,6831,1.0,11226,506,70953
6,71465,6832,1.0,11227,506,70959
6,71471,6832,0.0,11228,506,70965
6,71477,6833,1.0,11229,506,70971
7,71484,6834,1.0,11230,506,70978
6,71490,6835,1.0,11231,506,70984
10,71500,6836,1.0,11232,506,70994
8,71508,6837,1.0,11233,506,71002
4,71512,6837,0.0,11234,506,71006
7,71519,6838,1.0,11235,506,71013
7,71526,6839,1.0,11236,506,71020
18,71544,6840,1.0,11237,506,71038
6,71550,6841,1.0,11238,506,71044
6,71556,6842,1.0,11239,506,71050
7,71563,6843,1.0,11240,506,71057
4,71567,6843,0.0,11241,506,71061
9,71576,6844,1.0,11242,506,71070
6,71582,6845,1.0,11243,506,71076
4,71586,6845,0.0,11244,506,71080
7,71593,6846,1.0,11245,506,71087
2,71595,6846,0.0,11246,506,71089
9,71604,6847,1.0,11247,506,71098
5,71609,6847,0.0,11248,506,71103
4,71613,6847,0.0,11249,506,71107
9,71622,6848,1.0,11250,506,71116
4,71626,6848,0.0,11251,506,71120
9,71635,6849,1.0,11252,506,71129
8,71643,6850,1.0,11253,506,71137
4,71647,6850,0.0,11254,506,71141
7,71654,6850,0.0,11255,506,71148
6,71660,6851,1.0,11256,506,71154
10,71670,6852,1.0,11257,506,71164
6,71676,6853,1.0,11258,506,71170
6,71682,6854,1.0,11259,506,71176
6,71688,6854,0.0,11260,506,71182
6,71694,6855,1.0,11261,506,71188
13,71707,6856,1.0,11262,506,71201
7,71714,6857,1.0,11263,506,71208
2,71716,6857,0.0,11264,506,71210
6,71722,6858,1.0,11265,506,71216
7,71729,6859,1.0,11266,506,71223
7,71736,6860,1.0,11267,506,71230
8,71744,6861,1.0,11268,506,71238
2,71746,6861,0.0,11269,506,71240
6,71752,6862,1.0,11270,506,71246
6,71758,6863,1.0,11271,506,71252
3,71761,6863,0.0,11272,506,71255
2,71763,6863,0.0,11273,506,71257
13,71776,6864,1.0,11274,506,71270
4,71780,6864,0.0,11275,506,71274
6,71786,6864,0.0,11276,506,71280
6,71792,6865,1.0,11277,506,71286
6,71798,6866,1.0,11278,506,71292
5,71803,6866,0.0,11279,506,71297
8,71811,6867,1.0,11280,506,71305
7,71818,6868,1.0,11281,506,71312
6,71824,6869,1.0,11282,506,71318
8,71832,6870,1.0,11283,506,71326
3,71835,6870,0.0,11284,506,71329
4,71839,6870,0.0,11285,506,71333
4,71843,6870,0.0,11286,506,71337
4,71847,6870,0.0,11287,506,71341
6,71853,6871,1.0,11288,506,71347
6,71859,6872,1.0,11289,506,71353
3,71862,6872,0.0,11290,506,71356
6,71868,6873,1.0,11291,506,71362
6,71874,6874,1.0,11292,506,71368
9,71883,6875,1.0,11293,506,71377
6,71889,6876,1.0,11294,506,71383
6,71895,6877,1.0,11295,506,71389
10,71905,6878,1.0,11296,506,71399
8,71913,6879,1.0,11297,506,71407
9,71922,6880,1.0,11298,506,71416
2,71924,6880,0.0,11299,506,71418
7,71931,6880,0.0,11300,506,71425
4,71935,6880,0.0,11301,506,71429
6,71941,6881,1.0,11302,506,71435
8,71949,6882,1.0,11303,506,71443
4,71953,6882,0.0,11304,506,71447
4,71957,6882,0.0,11305,506,71451
6,71963,6883,1.0,11306,506,71457
5,71968,6883,0.0,11307,506,71462
8,71976,6884,1.0,11308,506,71470
2,71978,6884,0.0,11309,506,71472
4,71982,6884,0.0,11310,506,71476
7,71989,6885,1.0,11311,506,71483
14,72003,6886,1.0,11312,506,71497
4,72007,6886,0.0,11313,506,71501
6,72013,6887,1.0,11314,506,71507
6,72019,6888,1.0,11315,506,71513
6,72025,6889,1.0,11316,506,71519
6,72031,6890,1.0,11317,506,71525
6,72037,6891,1.0,11318,506,71531
12,72049,6891,0.0,11319,506,71543
6,72055,6892,1.0,11320,506,71549
6,72061,6892,0.0,11321,506,71555
6,72067,6893,1.0,11322,506,71561
6,72073,6893,0.0,11323,506,71567
8,72081,6894,1.0,11324,506,71575
13,72094,6895,1.0,11325,506,71588
2,72096,6895,0.0,11326,506,71590
7,72103,6896,1.0,11327,506,71597
6,72109,6897,1.0,11328,506,71603
9,72118,6898,1.0,11329,506,71612
6,72124,6899,1.0,11330,506,71618
5,72129,6899,0.0,11331,506,71623
6,72135,6900,1.0,11332,506,71629
9,72144,6900,0.0,11333,506,71638
8,72152,6901,1.0,11334,506,71646
2,72154,6901,0.0,11335,506,71648
6,72160,6902,1.0,11336,506,71654
4,72164,6902,0.0,11337,506,71658
8,72172,6903,1.0,11338,506,71666
7,72179,6904,1.0,11339,506,71673
6,72185,6905,1.0,11340,506,71679
7,72192,6906,1.0,11341,506,71686
9,72201,6907,1.0,11342,506,71695
6,72207,6908,1.0,11343,506,71701
7,72214,6909,1.0,11344,506,71708
4,72218,6909,0.0,11345,506,71712
3,72221,6909,0.0,11346,506,71715
4,72225,6909,0.0,11347,506,71719
7,72232,6910,1.0,11348,506,71726
7,72239,6911,1.0,11349,506,71733
6,72245,6912,1.0,11350,506,71739
4,72249,6912,0.0,11351,506,71743
5,72254,6912,0.0,11352,506,71748
7,72261,6913,1.0,11353,506,71755
2,72263,6913,0.0,11354,506,71757
6,72269,6914,1.0,11355,506,71763
9,72278,6915,1.0,11356,506,71772
7,72285,6916,1.0,11357,506,71779
9,72294,6917,1.0,11358,506,71788
6,72300,6918,1.0,11359,506,71794
6,72306,6919,1.0,11360,506,71800
7,72313,6920,1.0,11361,506,71807
6,72319,6921,1.0,11362,506,71813
6,72325,6922,1.0,11363,506,71819
6,72331,6923,1.0,11364,506,71825
2,72333,6923,0.0,11365,506,71827
6,72339,6924,1.0,11366,506,71833
7,72346,6925,1.0,11367,506,71840
6,72352,6926,1.0,11368,506,71846
2,72354,6926,0.0,11369,506,71848
7,72361,6926,0.0,11370,506,71855
6,72367,6927,1.0,11371,506,71861
6,72373,6928,1.0,11372,506,71867
6,72379,6929,1.0,11373,506,71873
6,72385,6930,1.0,11374,506,71879
5,72390,6930,0.0,11375,506,71884
7,72397,6931,1.0,11376,506,71891
8,72405,6932,1.0,11377,506,71899
9,72414,6933,1.0,11378,506,71908
5,72419,6933,0.0,11379,506,71913
8,72427,6933,0.0,11380,506,71921
9,72436,6934,1.0,11381,506,71930
6,72442,6935,1.0,11382,506,71936
7,72449,6936,1.0,11383,506,71943
7,72456,6937,1.0,11384,506,71950
4,72460,6937,0.0,11385,506,71954
6,72466,6938,1.0,11386,506,71960
9,72475,6939,1.0,11387,506,71969
2,72477,6939,0.0,11388,506,71971
7,72484,6940,1.0,11389,506,71978
4,72488,6940,0.0,11390,506,71982
9,72497,6941,1.0,11391,506,71991
6,72503,6942,1.0,11392,506,71997
6,72509,6942,0.0,11393,506,72003
9,72518,6943,1.0,11394,506,72012
9,72527,6944,1.0,11395,506,72021
6,72533,6945,1.0,11396,506,72027
9,72542,6946,1.0,11397,506,72036
7,72549,6947,1.0,11398,506,72043
6,72555,6948,1.0,11399,506,72049
9,72564,6949,1.0,11400,506,72058
8,72572,6949,0.0,11401,506,72066
6,72578,6950,1.0,11402,506,72072
8,72586,6951,1.0,11403,506,72080
9,72595,6952,1.0,11404,506,72089
5,72600,6952,0.0,11405,506,72094
2,72602,6952,0.0,11406,506,72096
6,72608,6953,1.0,11407,506,72102
6,72614,6954,1.0,11408,506,72108
4,72618,6954,0.0,11409,506,72112
6,72624,6955,1.0,11410,506,72118
6,72630,6956,1.0,11411,506,72124
8,72638,6957,1.0,11412,506,72132
7,72645,6958,1.0,11413,506,72139
6,72651,6959,1.0,11414,506,72145
7,72658,6960,1.0,11415,506,72152
4,72662,6960,0.0,11416,506,72156
6,72668,6961,1.0,11417,506,72162
5,72673,6961,0.0,11418,506,72167
8,72681,6962,1.0,11419,506,72175
7,72688,6963,1.0,11420,506,72182
4,72692,6963,0.0,11421,506,72186
5,72697,6963,0.0,11422,506,72191
9,72706,6964,1.0,11423,506,72200
6,72712,6965,1.0,11424,506,72206
8,72720,6966,1.0,11425,506,72214
8,72728,6967,1.0,11426,506,72222
6,72734,6968,1.0,11427,506,72228
7,72741,6969,1.0,11428,506,72235
6,72747,6970,1.0,11429,506,72241
4,72751,6970,0.0,11430,506,72245
9,72760,6971,1.0,11431,506,72254
6,72766,6972,1.0,11432,506,72260
6,72772,6973,1.0,11433,506,72266
7,72779,6974,1.0,11434,506,72273
6,72785,6975,1.0,11435,506,72279
4,72789,6975,0.0,11436,506,72283
5,72794,6975,0.0,11437,506,72288
8,72802,6976,1.0,11438,506,72296
6,72808,6977,1.0,11439,506,72302
6,72814,6978,1.0,11440,506,72308
10,72824,6979,1.0,11441,506,72318
6,72830,6980,1.0,11442,506,72324
6,72836,6981,1.0,11443,506,72330
6,72842,6982,1.0,11444,506,72336
6,72848,6983,1.0,11445,506,72342
12,72860,6984,1.0,11446,506,72354
9,72869,6985,1.0,11447,506,72363
3,72872,6985,0.0,11448,506,72366
2,72874,6985,0.0,11449,506,72368
7,72881,6986,1.0,11450,506,72375
2,72883,6986,0.0,11451,506,72377
8,72891,6987,1.0,11452,506,72385
6,72897,6988,1.0,11453,506,72391
8,72905,6989,1.0,11454,506,72399
11,72916,6989,0.0,11455,506,72410
6,72922,6990,1.0,11456,506,72416
5,72927,6990,0.0,11457,506,72421
9,72936,6991,1.0,11458,506,72430
7,72943,6991,0.0,11459,506,72437
9,72952,6992,1.0,11460,506,72446
8,72960,6993,1.0,11461,506,72454
7,72967,6994,1.0,11462,506,72461
6,72973,6995,1.0,11463,506,72467
12,72985,6996,1.0,11464,506,72479
6,72991,6996,0.0,11465,506,72485
6,72997,6996,0.0,11466,506,72491
7,73004,6997,1.0,11467,506,72498
6,73010,6998,1.0,11468,506,72504
8,73018,6999,1.0,11469,506,72512
8,73026,7000,1.0,11470,506,72520
7,73033,7000,0.0,11471,506,72527
9,73042,7001,1.0,11472,506,72536
6,73048,7002,1.0,11473,506,72542
6,73054,7003,1.0,11474,506,72548
7,73061,7004,1.0,11475,506,72555
4,73065,7004,0.0,11476,506,72559
3,73068,7004,0.0,11477,506,72562
6,73074,7005,1.0,11478,506,72568
10,73084,7006,1.0,11479,506,72578
6,73090,7007,1.0,11480,506,72584
7,73097,7008,1.0,11481,506,72591
6,73103,7009,1.0,11482,506,72597
6,73109,7010,1.0,11483,506,72603
8,73117,7011,1.0,11484,506,72611
6,73123,7012,1.0,11485,506,72617
12,73135,7013,1.0,11486,506,72629
6,73141,7013,0.0,11487,506,72635
7,73148,7014,1.0,11488,506,72642
2,73150,7014,0.0,11489,506,72644
7,73157,7015,1.0,11490,506,72651
2,73159,7015,0.0,11491,506,72653
7,73166,7015,0.0,11492,506,72660
8,73174,7016,1.0,11493,506,72668
6,73180,7017,1.0,11494,506,72674
8,73188,7018,1.0,11495,506,72682
6,73194,7019,1.0,11496,506,72688
6,73200,7020,1.0,11497,506,72694
6,73206,7021,1.0,11498,506,72700
5,73211,7021,0.0,11499,506,72705
6,73217,7021,0.0,11500,506,72711
9,73226,7022,1.0,11501,506,72720
6,73232,7023,1.0,11502,506,72726
5,73237,7023,0.0,11503,506,72731
11,73248,7024,1.0,11504,506,72742
4,73252,7024,0.0,11505,506,72746
7,73259,7025,1.0,11506,506,72753
9,73268,7026,1.0,11507,506,72762
7,73275,7027,1.0,11508,506,72769
5,73280,7027,0.0,11509,506,72774
7,73287,7028,1.0,11510,506,72781
4,73291,7028,0.0,11511,506,72785
6,73297,7029,1.0,11512,506,72791
3,73300,7029,0.0,11513,506,72794
5,73305,7029,0.0,11514,506,72799
6,73311,7030,1.0,11515,506,72805
10,73321,7030,0.0,11516,506,72815
3,73324,7030,0.0,11517,506,72818
8,73332,7031,1.0,11518,506,72826
7,73339,7032,1.0,11519,506,72833
8,73347,7033,1.0,11520,506,72841
6,73353,7033,0.0,11521,506,72847
6,73359,7034,1.0,11522,506,72853
6,73365,7035,1.0,11523,506,72859
6,73371,7036,1.0,11524,506,72865
8,73379,7037,1.0,11525,506,72873
4,73383,7037,0.0,11526,506,72877
7,73390,7037,0.0,11527,506,72884
6,73396,7037,0.0,11528,506,72890
6,73402,7038,1.0,11529,506,72896
2,73404,7038,0.0,11530,506,72898
7,73411,7039,1.0,11531,506,72905
4,73415,7039,0.0,11532,506,72909
6,73421,7040,1.0,11533,506,72915
6,73427,7041,1.0,11534,506,72921
8,73435,7042,1.0,11535,506,72929
8,73443,7043,1.0,11536,506,72937
2,73445,7043,0.0,11537,506,72939
10,73455,7044,1.0,11538,506,72949
10,73465,7045,1.0,11539,506,72959
6,73471,7046,1.0,11540,506,72965
7,73478,7047,1.0,11541,506,72972
6,73484,7048,1.0,11542,506,72978
7,73491,7049,1.0,11543,506,72985
5,73496,7049,0.0,11544,506,72990
6,73502,7050,1.0,11545,506,72996
4,73506,7050,0.0,11546,506,73000
2,73508,7050,0.0,11547,506,73002
11,73519,7051,1.0,11548,506,73013
9,73528,7052,1.0,11549,506,73022
4,73532,7052,0.0,11550,506,73026
8,73540,7053,1.0,11551,506,73034
5,73545,7053,0.0,11552,506,73039
7,73552,7054,1.0,11553,506,73046
2,73554,7054,0.0,11554,506,73048
6,73560,7055,1.0,11555,506,73054
6,73566,7056,1.0,11556,506,73060
9,73575,7057,1.0,11557,506,73069
8,73583,7058,1.0,11558,506,73077
9,73592,7058,0.0,11559,506,73086
4,73596,7058,0.0,11560,506,73090
4,73600,7058,0.0,11561,506,73094
6,73606,7059,1.0,11562,506,73100
6,73612,7060,1.0,11563,506,73106
5,73617,7060,0.0,11564,506,73111
8,73625,7060,0.0,11565,506,73119
7,73632,7061,1.0,11566,506,73126
8,73640,7062,1.0,11567,506,73134
6,73646,7062,0.0,11568,506,73140
10,73656,7063,1.0,11569,506,73150
6,73662,7064,1.0,11570,506,73156
10,73672,7065,1.0,11571,506,73166
7,73679,7066,1.0,11572,506,73173
7,73686,7067,1.0,11573,506,73180
6,73692,7068,1.0,11574,506,73186
6,73698,7069,1.0,11575,506,73192
6,73704,7070,1.0,11576,506,73198
6,73710,7071,1.0,11577,506,73204
7,73717,7072,1.0,11578,506,73211
9,73726,7073,1.0,11579,506,73220
9,73735,7074,1.0,11580,506,73229
6,73741,7075,1.0,11581,506,73235
6,73747,7076,1.0,11582,506,73241
8,73755,7077,1.0,11583,506,73249
6,73761,7078,1.0,11584,506,73255
5,73766,7078,0.0,11585,506,73260
6,73772,7079,1.0,11586,506,73266
6,73778,7080,1.0,11587,506,73272
4,73782,7080,0.0,11588,506,73276
6,73788,7081,1.0,11589,506,73282
9,73797,7082,1.0,11590,506,73291
6,73803,7083,1.0,11591,506,73297
6,73809,7084,1.0,11592,506,73303
4,73813,7084,0.0,11593,506,73307
6,73819,7085,1.0,11594,506,73313
8,73827,7086,1.0,11595,506,73321
10,73837,7087,1.0,11596,506,73331
7,73844,7088,1.0,11597,506,73338
6,73850,7089,1.0,11598,506,73344
2,73852,7089,0.0,11599,506,73346
5,73857,7089,0.0,11600,506,73351
2,73859,7089,0.0,11601,506,73353
8,73867,7090,1.0,11602,506,73361
6,73873,7091,1.0,11603,506,73367
7,73880,7092,1.0,11604,506,73374
5,73885,7092,0.0,11605,506,73379
5,73890,7092,0.0,11606,506,73384
6,73896,7093,1.0,11607,506,73390
7,73903,7094,1.0,11608,506,73397
2,73905,7094,0.0,11609,506,73399
4,73909,7094,0.0,11610,506,73403
6,73915,7095,1.0,11611,506,73409
9,73924,7096,1.0,11612,506,73418
6,73930,7097,1.0,11613,506,73424
7,73937,7098,1.0,11614,506,73431
7,73944,7099,1.0,11615,506,73438
6,73950,7100,1.0,11616,506,73444
9,73959,7101,1.0,11617,506,73453
7,73966,7102,1.0,11618,506,73460
7,73973,7102,0.0,11619,506,73467
16,73989,7103,1.0,11620,506,73483
2,73991,7103,0.0,11621,506,73485
7,73998,7104,1.0,11622,506,73492
7,74005,7105,1.0,11623,506,73499
6,74011,7106,1.0,11624,506,73505
6,74017,7107,1.0,11625,506,73511
7,74024,7108,1.0,11626,506,73518
2,74026,7108,0.0,11627,506,73520
4,74030,7108,0.0,11628,506,73524
6,74036,7109,1.0,11629,506,73530
6,74042,7110,1.0,11630,506,73536
7,74049,7111,1.0,11631,506,73543
6,74055,7112,1.0,11632,506,73549
6,74061,7113,1.0,11633,506,73555
7,74068,7114,1.0,11634,506,73562
7,74075,7114,0.0,11635,506,73569
8,74083,7115,1.0,11636,506,73577
8,74091,7116,1.0,11637,506,73585
7,74098,7116,0.0,11638,506,73592
10,74108,7117,1.0,11639,506,73602
6,74114,7118,1.0,11640,506,73608
6,74120,7119,1.0,11641,506,73614
5,74125,7119,0.0,11642,506,73619
6,74131,7120,1.0,11643,506,73625
9,74140,7121,1.0,11644,506,73634
7,74147,7122,1.0,11645,506,73641
5,74152,7122,0.0,11646,506,73646
7,74159,7123,1.0,11647,506,73653
6,74165,7124,1.0,11648,506,73659
6,74171,7125,1.0,11649,506,73665
7,74178,7126,1.0,11650,506,73672
6,74184,7127,1.0,11651,506,73678
7,74191,7128,1.0,11652,506,73685
9,74200,7129,1.0,11653,506,73694
6,74206,7130,1.0,11654,506,73700
9,74215,7131,1.0,11655,506,73709
6,74221,7132,1.0,11656,506,73715
6,74227,7133,1.0,11657,506,73721
7,74234,7134,1.0,11658,506,73728
3,74237,7134,0.0,11659,506,73731
3,74240,7134,0.0,11660,506,73734
9,74249,7135,1.0,11661,506,73743
8,74257,7135,0.0,11662,506,73751
6,74263,7136,1.0,11663,506,73757
6,74269,7137,1.0,11664,506,73763
2,74271,7137,0.0,11665,506,73765
4,74275,7137,0.0,11666,506,73769
6,74281,7138,1.0,11667,506,73775
4,74285,7138,0.0,11668,506,73779
3,74288,7138,0.0,11669,506,73782
9,74297,7139,1.0,11670,506,73791
9,74306,7140,1.0,11671,506,73800
8,74314,7141,1.0,11672,506,73808
3,74317,7141,0.0,11673,506,73811
8,74325,7142,1.0,11674,506,73819
6,74331,7143,1.0,11675,506,73825
8,74339,7144,1.0,11676,506,73833
9,74348,7145,1.0,11677,506,73842
8,74356,7146,1.0,11678,506,73850
7,74363,7147,1.0,11679,506,73857
8,74371,7148,1.0,11680,506,73865
2,74373,7148,0.0,11681,506,73867
4,74377,7148,0.0,11682,506,73871
2,74379,7148,0.0,11683,506,73873
8,74387,7149,1.0,11684,506,73881
10,74397,7150,1.0,11685,506,73891
7,74404,7151,1.0,11686,506,73898
7,74411,7152,1.0,11687,506,73905
7,74418,7153,1.0,11688,506,73912
2,74420,7153,0.0,11689,506,73914
6,74426,7154,1.0,11690,506,73920
4,74430,7154,0.0,11691,506,73924
2,74432,7154,0.0,11692,506,73926
6,74438,7155,1.0,11693,506,73932
6,74444,7156,1.0,11694,506,73938
3,74447,7156,0.0,11695,506,73941
6,74453,7156,0.0,11696,506,73947
11,74464,7157,1.0,11697,506,73958
7,74471,7158,1.0,11698,506,73965
4,74475,7158,0.0,11699,506,73969
6,74481,7159,1.0,11700,506,73975
2,74483,7159,0.0,11701,506,73977
4,74487,7159,0.0,11702,506,73981
8,74495,7160,1.0,11703,506,73989
2,74497,7160,0.0,11704,506,73991
9,74506,7161,1.0,11705,506,74000
9,74515,7162,1.0,11706,506,74009
7,74522,7163,1.0,11707,506,74016
6,74528,7164,1.0,11708,506,74022
6,74534,7165,1.0,11709,506,74028
8,74542,7166,1.0,11710,506,74036
6,74548,7167,1.0,11711,506,74042
6,74554,7168,1.0,11712,506,74048
6,74560,7169,1.0,11713,506,74054
6,74566,7170,1.0,11714,506,74060
4,74570,7170,0.0,11715,506,74064
6,74576,7171,1.0,11716,506,74070
4,74580,7171,0.0,11717,506,74074
7,74587,7172,1.0,11718,506,74081
6,74593,7173,1.0,11719,506,74087
6,74599,7174,1.0,11720,506,74093
6,74605,7175,1.0,11721,506,74099
2,74607,7175,0.0,11722,506,74101
12,74619,7176,1.0,11723,506,74113
6,74625,7177,1.0,11724,506,74119
8,74633,7178,1.0,11725,506,74127
9,74642,7179,1.0,11726,506,74136
7,74649,7180,1.0,11727,506,74143
4,74653,7180,0.0,11728,506,74147
4,74657,7180,0.0,11729,506,74151
4,74661,7180,0.0,11730,506,74155
9,74670,7181,1.0,11731,506,74164
7,74677,7181,0.0,11732,506,74171
2,74679,7181,0.0,11733,506,74173
6,74685,7182,1.0,11734,506,74179
6,74691,7183,1.0,11735,506,74185
6,74697,7184,1.0,11736,506,74191
10,74707,7185,1.0,11737,506,74201
7,74714,7186,1.0,11738,506,74208
6,74720,7187,1.0,11739,506,74214
7,74727,7188,1.0,11740,506,74221
6,74733,7189,1.0,11741,506,74227
6,74739,7190,1.0,11742,506,74233
4,74743,7190,0.0,11743,506,74237
2,74745,7190,0.0,11744,506,74239
10,74755,7191,1.0,11745,506,74249
9,74764,7192,1.0,11746,506,74258
2,74766,7192,0.0,11747,506,74260
12,74778,7193,1.0,11748,506,74272
6,74784,7194,1.0,11749,506,74278
2,74786,7194,0.0,11750,506,74280
4,74790,7194,0.0,11751,506,74284
7,74797,7195,1.0,11752,506,74291
8,74805,7196,1.0,11753,506,74299
5,74810,7196,0.0,11754,506,74304
6,74816,7197,1.0,11755,506,74310
5,74821,7197,0.0,11756,506,74315
7,74828,7198,1.0,11757,506,74322
9,74837,7199,1.0,11758,506,74331
7,74844,7200,1.0,11759,506,74338
8,74852,7200,0.0,11760,506,74346
6,74858,7201,1.0,11761,506,74352
6,74864,7202,1.0,11762,506,74358
6,74870,7202,0.0,11763,506,74364
5,74875,7202,0.0,11764,506,74369
6,74881,7203,1.0,11765,506,74375
8,74889,7204,1.0,11766,506,74383
6,74895,7205,1.0,11767,506,74389
2,74897,7205,0.0,11768,506,74391
9,74906,7206,1.0,11769,506,74400
4,74910,7206,0.0,11770,506,74404
10,74920,7207,1.0,11771,506,74414
8,74928,7208,1.0,11772,506,74422
9,74937,7209,1.0,11773,506,74431
6,74943,7210,1.0,11774,506,74437
6,74949,7211,1.0,11775,506,74443
4,74953,7211,0.0,11776,506,74447
10,74963,7211,0.0,11777,506,74457
6,74969,7212,1.0,11778,506,74463
6,74975,7213,1.0,11779,506,74469
9,74984,7214,1.0,11780,506,74478
6,74990,7215,1.0,11781,506,74484
6,74996,7216,1.0,11782,506,74490
6,75002,7217,1.0,11783,506,74496
6,75008,7218,1.0,11784,506,74502
6,75014,7219,1.0,11785,506,74508
8,75022,7220,1.0,11786,506,74516
7,75029,7221,1.0,11787,506,74523
7,75036,7222,1.0,11788,506,74530
6,75042,7223,1.0,11789,506,74536
4,75046,7223,0.0,11790,506,74540
6,75052,7224,1.0,11791,506,74546
6,75058,7225,1.0,11792,506,74552
6,75064,7226,1.0,11793,506,74558
3,75067,7226,0.0,11794,506,74561
7,75074,7227,1.0,11795,506,74568
6,75080,7227,0.0,11796,506,74574
6,75086,7228,1.0,11797,506,74580
6,75092,7229,1.0,11798,506,74586
7,75099,7230,1.0,11799,506,74593
7,75106,7231,1.0,11800,506,74600
6,75112,7232,1.0,11801,506,74606
6,75118,7233,1.0,11802,506,74612
5,75123,7233,0.0,11803,506,74617
6,75129,7234,1.0,11804,506,74623
8,75137,7235,1.0,11805,506,74631
2,75139,7235,0.0,11806,506,74633
6,75145,7236,1.0,11807,506,74639
6,75151,7237,1.0,11808,506,74645
6,75157,7238,1.0,11809,506,74651
7,75164,7239,1.0,11810,506,74658
9,75173,7240,1.0,11811,506,74667
6,75179,7241,1.0,11812,506,74673
6,75185,7242,1.0,11813,506,74679
6,75191,7243,1.0,11814,506,74685
4,75195,7243,0.0,11815,506,74689
10,75205,7244,1.0,11816,506,74699
6,75211,7245,1.0,11817,506,74705
6,75217,7246,1.0,11818,506,74711
6,75223,7247,1.0,11819,506,74717
6,75229,7248,1.0,11820,506,74723
4,75233,7248,0.0,11821,506,74727
5,75238,7248,0.0,11822,506,74732
4,75242,7248,0.0,11823,506,74736
15,75257,7249,1.0,11824,506,74751
8,75265,7250,1.0,11825,506,74759
2,75267,7250,0.0,11826,506,74761
6,75273,7251,1.0,11827,506,74767
6,75279,7252,1.0,11828,506,74773
8,75287,7253,1.0,11829,506,74781
6,75293,7254,1.0,11830,506,74787
6,75299,7255,1.0,11831,506,74793
6,75305,7256,1.0,11832,506,74799
3,75308,7256,0.0,11833,506,74802
6,75314,7257,1.0,11834,506,74808
10,75324,7258,1.0,11835,506,74818
3,75327,7258,0.0,11836,506,74821
7,75334,7258,0.0,11837,506,74828
6,75340,7259,1.0,11838,506,74834
6,75346,7260,1.0,11839,506,74840
6,75352,7260,0.0,11840,506,74846
7,75359,7261,1.0,11841,506,74853
3,75362,7261,0.0,11842,506,74856
7,75369,7262,1.0,11843,506,74863
5,75374,7262,0.0,11844,506,74868
4,75378,7262,0.0,11845,506,74872
3,75381,7262,0.0,11846,506,74875
4,75385,7262,0.0,11847,506,74879
7,75392,7263,1.0,11848,506,74886
7,75399,7264,1.0,11849,506,74893
8,75407,7265,1.0,11850,506,74901
6,75413,7266,1.0,11851,506,74907
8,75421,7267,1.0,11852,506,74915
5,75426,7267,0.0,11853,506,74920
7,75433,7268,1.0,11854,506,74927
6,75439,7269,1.0,11855,506,74933
6,75445,7270,1.0,11856,506,74939
9,75454,7271,1.0,11857,506,74948
6,75460,7272,1.0,11858,506,74954
6,75466,7273,1.0,11859,506,74960
7,75473,7274,1.0,11860,506,74967
2,75475,7274,0.0,11861,506,74969
10,75485,7275,1.0,11862,506,74979
4,75489,7275,0.0,11863,506,74983
6,75495,7276,1.0,11864,506,74989
6,75501,7277,1.0,11865,506,74995
7,75508,7278,1.0,11866,506,75002
6,75514,7279,1.0,11867,506,75008
6,75520,7280,1.0,11868,506,75014
8,75528,7281,1.0,11869,506,75022
6,75534,7282,1.0,11870,506,75028
4,75538,7282,0.0,11871,506,75032
7,75545,7283,1.0,11872,506,75039
8,75553,7284,1.0,11873,506,75047
6,75559,7285,1.0,11874,506,75053
6,75565,7286,1.0,11875,506,75059
6,75571,7287,1.0,11876,506,75065
7,75578,7288,1.0,11877,506,75072
3,75581,7288,0.0,11878,506,75075
11,75592,7289,1.0,11879,506,75086
6,75598,7290,1.0,11880,506,75092
8,75606,7291,1.0,11881,506,75100
7,75613,7291,0.0,11882,506,75107
2,75615,7291,0.0,11883,506,75109
2,75617,7291,0.0,11884,506,75111
2,75619,7291,0.0,11885,506,75113
4,75623,7291,0.0,11886,506,75117
6,75629,7291,0.0,11887,506,75123
6,75635,7292,1.0,11888,506,75129
10,75645,7293,1.0,11889,506,75139
8,75653,7294,1.0,11890,506,75147
4,75657,7294,0.0,11891,506,75151
5,75662,7294,0.0,11892,506,75156
9,75671,7295,1.0,11893,506,75165
10,75681,7296,1.0,11894,506,75175
6,75687,7297,1.0,11895,506,75181
6,75693,7298,1.0,11896,506,75187
6,75699,7299,1.0,11897,506,75193
7,75706,7300,1.0,11898,506,75200
6,75712,7301,1.0,11899,506,75206
4,75716,7301,0.0,11900,506,75210
6,75722,7302,1.0,11901,506,75216
6,75728,7303,1.0,11902,506,75222
8,75736,7304,1.0,11903,506,75230
6,75742,7305,1.0,11904,506,75236
7,75749,7306,1.0,11905,506,75243
2,75751,7306,0.0,11906,506,75245
5,75756,7306,0.0,11907,506,75250
7,75763,7307,1.0,11908,506,75257
6,75769,7308,1.0,11909,506,75263
6,75775,7309,1.0,11910,506,75269
8,75783,7309,0.0,11911,506,75277
8,75791,7310,1.0,11912,506,75285
6,75797,7311,1.0,11913,506,75291
9,75806,7312,1.0,11914,506,75300
8,75814,7313,1.0,11915,506,75308
6,75820,7314,1.0,11916,506,75314
5,75825,7314,0.0,11917,506,75319
8,75833,7315,1.0,11918,506,75327
6,75839,7316,1.0,11919,506,75333
6,75845,7317,1.0,11920,506,75339
8,75853,7318,1.0,11921,506,75347
6,75859,7319,1.0,11922,506,75353
6,75865,7319,0.0,11923,506,75359
4,75869,7319,0.0,11924,506,75363
6,75875,7320,1.0,11925,506,75369
7,75882,7321,1.0,11926,506,75376
4,75886,7321,0.0,11927,506,75380
5,75891,7321,0.0,11928,506,75385
6,75897,7322,1.0,11929,506,75391
2,75899,7322,0.0,11930,506,75393
5,75904,7322,0.0,11931,506,75398
11,75915,7323,1.0,11932,506,75409
6,75921,7324,1.0,11933,506,75415
6,75927,7325,1.0,11934,506,75421
4,75931,7325,0.0,11935,506,75425
6,75937,7326,1.0,11936,506,75431
4,75941,7326,0.0,11937,506,75435
4,75945,7326,0.0,11938,506,75439
2,75947,7326,0.0,11939,506,75441
5,75952,7326,0.0,11940,506,75446
13,75965,7327,1.0,11941,506,75459
6,75971,7328,1.0,11942,506,75465
13,75984,7329,1.0,11943,506,75478
6,75990,7330,1.0,11944,506,75484
6,75996,7331,1.0,11945,506,75490
2,75998,7331,0.0,11946,506,75492
6,76004,7332,1.0,11947,506,75498
6,76010,7333,1.0,11948,506,75504
3,76013,7333,0.0,11949,506,75507
6,76019,7333,0.0,11950,506,75513
3,76022,7333,0.0,11951,506,75516
2,76024,7333,0.0,11952,506,75518
6,76030,7334,1.0,11953,506,75524
6,76036,7335,1.0,11954,506,75530
6,76042,7336,1.0,11955,506,75536
6,76048,7337,1.0,11956,506,75542
6,76054,7338,1.0,11957,506,75548
7,76061,7339,1.0,11958,506,75555
6,76067,7340,1.0,11959,506,75561
6,76073,7341,1.0,11960,506,75567
6,76079,7342,1.0,11961,506,75573
6,76085,7343,1.0,11962,506,75579
5,76090,7343,0.0,11963,506,75584
7,76097,7344,1.0,11964,506,75591
8,76105,7345,1.0,11965,506,75599
7,76112,7346,1.0,11966,506,75606
4,76116,7346,0.0,11967,506,75610
7,76123,7346,0.0,11968,506,75617
4,76127,7346,0.0,11969,506,75621
4,76131,7346,0.0,11970,506,75625
6,76137,7347,1.0,11971,506,75631
9,76146,7348,1.0,11972,506,75640
6,76152,7349,1.0,11973,506,75646
3,76155,7349,0.0,11974,506,75649
6,76161,7350,1.0,11975,506,75655
6,76167,7351,1.0,11976,506,75661
6,76173,7352,1.0,11977,506,75667
6,76179,7353,1.0,11978,506,75673
6,76185,7354,1.0,11979,506,75679
6,76191,7355,1.0,11980,506,75685
13,76204,7356,1.0,11981,506,75698
6,76210,7357,1.0,11982,506,75704
6,76216,7358,1.0,11983,506,75710
10,76226,7359,1.0,11984,506,75720
6,76232,7360,1.0,11985,506,75726
8,76240,7361,1.0,11986,506,75734
6,76246,7362,1.0,11987,506,75740
9,76255,7362,0.0,11988,506,75749
6,76261,7363,1.0,11989,506,75755
5,76266,7363,0.0,11990,506,75760
6,76272,7364,1.0,11991,506,75766
7,76279,7365,1.0,11992,506,75773
8,76287,7366,1.0,11993,506,75781
6,76293,7367,1.0,11994,506,75787
6,76299,7368,1.0,11995,506,75793
7,76306,7368,0.0,11996,506,75800
6,76312,7369,1.0,11997,506,75806
6,76318,7370,1.0,11998,506,75812
2,76320,7370,0.0,11999,506,75814
9,76329,7371,1.0,12000,506,75823
6,76335,7372,1.0,12001,506,75829
6,76341,7373,1.0,12002,506,75835
6,76347,7374,1.0,12003,506,75841
4,76351,7374,0.0,12004,506,75845
5,76356,7374,0.0,12005,506,75850
6,76362,7375,1.0,12006,506,75856
9,76371,7376,1.0,12007,506,75865
6,76377,7377,1.0,12008,506,75871
3,76380,7377,0.0,12009,506,75874
2,76382,7377,0.0,12010,506,75876
6,76388,7378,1.0,12011,506,75882
9,76397,7379,1.0,12012,506,75891
10,76407,7380,1.0,12013,506,75901
6,76413,7381,1.0,12014,506,75907
6,76419,7382,1.0,12015,506,75913
9,76428,7383,1.0,12016,506,75922
4,76432,7383,0.0,12017,506,75926
9,76441,7384,1.0,12018,506,75935
6,76447,7385,1.0,12019,506,75941
6,76453,7386,1.0,12020,506,75947
13,76466,7387,1.0,12021,506,75960
9,76475,7388,1.0,12022,506,75969
6,76481,7389,1.0,12023,506,75975
7,76488,7390,1.0,12024,506,75982
6,76494,7391,1.0,12025,506,75988
2,76496,7391,0.0,12026,506,75990
7,76503,7392,1.0,12027,506,75997
7,76510,7392,0.0,12028,506,76004
7,76517,7392,0.0,12029,506,76011
7,76524,7393,1.0,12030,506,76018
3,76527,7393,0.0,12031,506,76021
9,76536,7394,1.0,12032,506,76030
11,76547,7395,1.0,12033,506,76041
5,76552,7395,0.0,12034,506,76046
8,76560,7396,1.0,12035,506,76054
7,76567,7397,1.0,12036,506,76061
6,76573,7398,1.0,12037,506,76067
6,76579,7399,1.0,12038,506,76073
7,76586,7400,1.0,12039,506,76080
7,76593,7401,1.0,12040,506,76087
6,76599,7402,1.0,12041,506,76093
6,76605,7403,1.0,12042,506,76099
6,76611,7404,1.0,12043,506,76105
11,76622,7405,1.0,12044,506,76116
2,76624,7405,0.0,12045,506,76118
7,76631,7406,1.0,12046,506,76125
7,76638,7407,1.0,12047,506,76132
8,76646,7408,1.0,12048,506,76140
6,76652,7408,0.0,12049,506,76146
7,76659,7409,1.0,12050,506,76153
2,76661,7409,0.0,12051,506,76155
7,76668,7410,1.0,12052,506,76162
6,76674,7411,1.0,12053,506,76168
8,76682,7411,0.0,12054,506,76176
6,76688,7412,1.0,12055,506,76182
6,76694,7413,1.0,12056,506,76188
7,76701,7414,1.0,12057,506,76195
10,76711,7415,1.0,12058,506,76205
4,76715,7415,0.0,12059,506,76209
6,76721,7416,1.0,12060,506,76215
4,76725,7416,0.0,12061,506,76219
6,76731,7417,1.0,12062,506,76225
6,76737,7418,1.0,12063,506,76231
6,76743,7419,1.0,12064,506,76237
10,76753,7420,1.0,12065,506,76247
8,76761,7421,1.0,12066,506,76255
7,76768,7422,1.0,12067,506,76262
4,76772,7422,0.0,12068,506,76266
7,76779,7423,1.0,12069,506,76273
2,76781,7423,0.0,12070,506,76275
5,76786,7423,0.0,12071,506,76280
6,76792,7424,1.0,12072,506,76286
6,76798,7425,1.0,12073,506,76292
6,76804,7425,0.0,12074,506,76298
6,76810,7426,1.0,12075,506,76304
6,76816,7427,1.0,12076,506,76310
6,76822,7428,1.0,12077,506,76316
4,76826,7428,0.0,12078,506,76320
6,76832,7429,1.0,12079,506,76326
2,76834,7429,0.0,12080,506,76328
6,76840,7430,1.0,12081,506,76334
6,76846,7431,1.0,12082,506,76340
6,76852,7432,1.0,12083,506,76346
2,76854,7432,0.0,12084,506,76348
6,76860,7433,1.0,12085,506,76354
6,76866,7434,1.0,12086,506,76360
7,76873,7434,0.0,12087,506,76367
9,76882,7435,1.0,12088,506,76376
6,76888,7436,1.0,12089,506,76382
8,76896,7437,1.0,12090,506,76390
6,76902,7438,1.0,12091,506,76396
4,76906,7438,0.0,12092,506,76400
6,76912,7439,1.0,12093,506,76406
6,76918,7440,1.0,12094,506,76412
6,76924,7441,1.0,12095,506,76418
4,76928,7441,0.0,12096,506,76422
7,76935,7442,1.0,12097,506,76429
8,76943,7443,1.0,12098,506,76437
9,76952,7444,1.0,12099,506,76446
6,76958,7445,1.0,12100,506,76452
8,76966,7446,1.0,12101,506,76460
2,76968,7446,0.0,12102,506,76462
6,76974,7446,0.0,12103,506,76468
6,76980,7447,1.0,12104,506,76474
6,76986,7448,1.0,12105,506,76480
3,76989,7448,0.0,12106,506,76483
9,76998,7449,1.0,12107,506,76492
9,77007,7450,1.0,12108,506,76501
6,77013,7451,1.0,12109,506,76507
7,77020,7452,1.0,12110,506,76514
12,77032,7453,1.0,12111,506,76526
6,77038,7454,1.0,12112,506,76532
6,77044,7455,1.0,12113,506,76538
6,77050,7456,1.0,12114,506,76544
6,77056,7457,1.0,12115,506,76550
6,77062,7458,1.0,12116,506,76556
6,77068,7459,1.0,12117,506,76562
9,77077,7460,1.0,12118,506,76571
9,77086,7461,1.0,12119,506,76580
2,77088,7461,0.0,12120,506,76582
10,77098,7462,1.0,12121,506,76592
6,77104,7463,1.0,12122,506,76598
5,77109,7463,0.0,12123,506,76603
8,77117,7464,1.0,12124,506,76611
7,77124,7465,1.0,12125,506,76618
10,77134,7466,1.0,12126,506,76628
6,77140,7467,1.0,12127,506,76634
8,77148,7468,1.0,12128,506,76642
6,77154,7469,1.0,12129,506,76648
6,77160,7470,1.0,12130,506,76654
8,77168,7471,1.0,12131,506,76662
9,77177,7472,1.0,12132,506,76671
7,77184,7473,1.0,12133,506,76678
6,77190,7474,1.0,12134,506,76684
6,77196,7475,1.0,12135,506,76690
2,77198,7475,0.0,12136,506,76692
5,77203,7475,0.0,12137,506,76697
2,77205,7475,0.0,12138,506,76699
4,77209,7475,0.0,12139,506,76703
2,77211,7475,0.0,12140,506,76705
6,77217,7476,1.0,12141,506,76711
4,77221,7476,0.0,12142,506,76715
6,77227,7477,1.0,12143,506,76721
9,77236,7478,1.0,12144,506,76730
6,77242,7478,0.0,12145,506,76736
4,77246,7478,0.0,12146,506,76740
7,77253,7478,0.0,12147,506,76747
2,77255,7478,0.0,12148,506,76749
13,77268,7478,0.0,12149,506,76762
11,77279,7479,1.0,12150,506,76773
8,77287,7480,1.0,12151,506,76781
7,77294,7481,1.0,12152,506,76788
6,77300,7482,1.0,12153,506,76794
7,77307,7483,1.0,12154,506,76801
14,77321,7484,1.0,12155,506,76815
9,77330,7485,1.0,12156,506,76824
10,77340,7486,1.0,12157,506,76834
6,77346,7487,1.0,12158,506,76840
11,77357,7487,0.0,12159,506,76851
11,77368,7487,0.0,12160,506,76862
6,77374,7488,1.0,12161,506,76868
6,77380,7489,1.0,12162,506,76874
6,77386,7490,1.0,12163,506,76880
2,77388,7490,0.0,12164,506,76882
6,77394,7491,1.0,12165,506,76888
7,77401,7492,1.0,12166,506,76895
7,77408,7492,0.0,12167,506,76902
6,77414,7493,1.0,12168,506,76908
6,77420,7494,1.0,12169,506,76914
6,77426,7495,1.0,12170,506,76920
12,77438,7496,1.0,12171,506,76932
6,77444,7497,1.0,12172,506,76938
6,77450,7498,1.0,12173,506,76944
11,77461,7499,1.0,12174,506,76955
9,77470,7500,1.0,12175,506,76964
6,77476,7501,1.0,12176,506,76970
4,77480,7501,0.0,12177,506,76974
6,77486,7502,1.0,12178,506,76980
10,77496,7503,1.0,12179,506,76990
7,77503,7504,1.0,12180,506,76997
2,77505,7504,0.0,12181,506,76999
6,77511,7505,1.0,12182,506,77005
6,77517,7506,1.0,12183,506,77011
2,77519,7506,0.0,12184,506,77013
6,77525,7507,1.0,12185,506,77019
5,77530,7507,0.0,12186,506,77024
8,77538,7508,1.0,12187,506,77032
9,77547,7509,1.0,12188,506,77041
6,77553,7510,1.0,12189,506,77047
6,77559,7511,1.0,12190,506,77053
6,77565,7512,1.0,12191,506,77059
7,77572,7513,1.0,12192,506,77066
9,77581,7514,1.0,12193,506,77075
10,77591,7515,1.0,12194,506,77085
6,77597,7516,1.0,12195,506,77091
7,77604,7517,1.0,12196,506,77098
6,77610,7518,1.0,12197,506,77104
7,77617,7519,1.0,12198,506,77111
8,77625,7520,1.0,12199,506,77119
8,77633,7521,1.0,12200,506,77127
6,77639,7522,1.0,12201,506,77133
4,77643,7522,0.0,12202,506,77137
6,77649,7523,1.0,12203,506,77143
7,77656,7524,1.0,12204,506,77150
8,77664,7525,1.0,12205,506,77158
5,77669,7525,0.0,12206,506,77163
6,77675,7526,1.0,12207,506,77169
8,77683,7527,1.0,12208,506,77177
10,77693,7528,1.0,12209,506,77187
6,77699,7529,1.0,12210,506,77193
6,77705,7530,1.0,12211,506,77199
6,77711,7531,1.0,12212,506,77205
6,77717,7532,1.0,12213,506,77211
8,77725,7533,1.0,12214,506,77219
7,77732,7534,1.0,12215,506,77226
6,77738,7535,1.0,12216,506,77232
7,77745,7536,1.0,12217,506,77239
4,77749,7536,0.0,12218,506,77243
6,77755,7537,1.0,12219,506,77249
7,77762,7538,1.0,12220,506,77256
4,77766,7538,0.0,12221,506,77260
7,77773,7539,1.0,12222,506,77267
6,77779,7540,1.0,12223,506,77273
6,77785,7541,1.0,12224,506,77279
4,77789,7541,0.0,12225,506,77283
6,77795,7542,1.0,12226,506,77289
2,77797,7542,0.0,12227,506,77291
4,77801,7542,0.0,12228,506,77295
6,77807,7542,0.0,12229,506,77301
6,77813,7542,0.0,12230,506,77307
6,77819,7543,1.0,12231,506,77313
7,77826,7544,1.0,12232,506,77320
6,77832,7545,1.0,12233,506,77326
12,77844,7546,1.0,12234,506,77338
5,77849,7546,0.0,12235,506,77343
3,77852,7546,0.0,12236,506,77346
7,77859,7547,1.0,12237,506,77353
6,77865,7548,1.0,12238,506,77359
6,77871,7549,1.0,12239,506,77365
9,77880,7550,1.0,12240,506,77374
6,77886,7550,0.0,12241,506,77380
6,77892,7551,1.0,12242,506,77386
11,77903,7552,1.0,12243,506,77397
10,77913,7553,1.0,12244,506,77407
6,77919,7554,1.0,12245,506,77413
7,77926,7554,0.0,12246,506,77420
2,77928,7554,0.0,12247,506,77422
6,77934,7555,1.0,12248,506,77428
5,77939,7555,0.0,12249,506,77433
7,77946,7556,1.0,12250,506,77440
4,77950,7556,0.0,12251,506,77444
6,77956,7556,0.0,12252,506,77450
4,77960,7556,0.0,12253,506,77454
6,77966,7557,1.0,12254,506,77460
4,77970,7557,0.0,12255,506,77464
6,77976,7558,1.0,12256,506,77470
12,77988,7559,1.0,12257,506,77482
6,77994,7560,1.0,12258,506,77488
6,78000,7561,1.0,12259,506,77494
7,78007,7561,0.0,12260,506,77501
6,78013,7562,1.0,12261,506,77507
7,78020,7563,1.0,12262,506,77514
5,78025,7563,0.0,12263,506,77519
2,78027,7563,0.0,12264,506,77521
6,78033,7564,1.0,12265,506,77527
4,78037,7564,0.0,12266,506,77531
8,78045,7565,1.0,12267,506,77539
6,78051,7566,1.0,12268,506,77545
6,78057,7567,1.0,12269,506,77551
6,78063,7567,0.0,12270,506,77557
7,78070,7567,0.0,12271,506,77564
6,78076,7568,1.0,12272,506,77570
6,78082,7569,1.0,12273,506,77576
7,78089,7570,1.0,12274,506,77583
7,78096,7571,1.0,12275,506,77590
6,78102,7572,1.0,12276,506,77596
7,78109,7573,1.0,12277,506,77603
3,78112,7573,0.0,12278,506,77606
6,78118,7574,1.0,12279,506,77612
6,78124,7574,0.0,12280,506,77618
6,78130,7575,1.0,12281,506,77624
6,78136,7576,1.0,12282,506,77630
2,78138,7576,0.0,12283,506,77632
2,78140,7576,0.0,12284,506,77634
7,78147,7577,1.0,12285,506,77641
5,78152,7577,0.0,12286,506,77646
6,78158,7578,1.0,12287,506,77652
10,78168,7579,1.0,12288,506,77662
8,78176,7580,1.0,12289,506,77670
2,78178,7580,0.0,12290,506,77672
7,78185,7581,1.0,12291,506,77679
6,78191,7582,1.0,12292,506,77685
6,78197,7583,1.0,12293,506,77691
7,78204,7584,1.0,12294,506,77698
6,78210,7585,1.0,12295,506,77704
5,78215,7585,0.0,12296,506,77709
8,78223,7586,1.0,12297,506,77717
2,78225,7586,0.0,12298,506,77719
3,78228,7586,0.0,12299,506,77722
9,78237,7587,1.0,12300,506,77731
2,78239,7587,0.0,12301,506,77733
6,78245,7588,1.0,12302,506,77739
2,78247,7588,0.0,12303,506,77741
6,78253,7589,1.0,12304,506,77747
6,78259,7590,1.0,12305,506,77753
8,78267,7591,1.0,12306,506,77761
6,78273,7592,1.0,12307,506,77767
8,78281,7593,1.0,12308,506,77775
2,78283,7593,0.0,12309,506,77777
6,78289,7593,0.0,12310,506,77783
6,78295,7593,0.0,12311,506,77789
4,78299,7593,0.0,12312,506,77793
7,78306,7594,1.0,12313,506,77800
8,78314,7595,1.0,12314,506,77808
4,78318,7595,0.0,12315,506,77812
8,78326,7596,1.0,12316,506,77820
11,78337,7597,1.0,12317,506,77831
2,78339,7597,0.0,12318,506,77833
2,78341,7597,0.0,12319,506,77835
7,78348,7598,1.0,12320,506,77842
2,78350,7598,0.0,12321,506,77844
6,78356,7599,1.0,12322,506,77850
4,78360,7599,0.0,12323,506,77854
6,78366,7600,1.0,12324,506,77860
6,78372,7601,1.0,12325,506,77866
8,78380,7602,1.0,12326,506,77874
8,78388,7603,1.0,12327,506,77882
6,78394,7604,1.0,12328,506,77888
2,78396,7604,0.0,12329,506,77890
9,78405,7605,1.0,12330,506,77899
7,78412,7606,1.0,12331,506,77906
6,78418,7607,1.0,12332,506,77912
4,78422,7607,0.0,12333,506,77916
6,78428,7608,1.0,12334,506,77922
2,78430,7608,0.0,12335,506,77924
8,78438,7609,1.0,12336,506,77932
4,78442,7609,0.0,12337,506,77936
7,78449,7610,1.0,12338,506,77943
9,78458,7611,1.0,12339,506,77952
7,78465,7612,1.0,12340,506,77959
6,78471,7613,1.0,12341,506,77965
11,78482,7614,1.0,12342,506,77976
6,78488,7615,1.0,12343,506,77982
6,78494,7616,1.0,12344,506,77988
4,78498,7616,0.0,12345,506,77992
6,78504,7617,1.0,12346,506,77998
6,78510,7618,1.0,12347,506,78004
7,78517,7619,1.0,12348,506,78011
9,78526,7620,1.0,12349,506,78020
6,78532,7621,1.0,12350,506,78026
8,78540,7622,1.0,12351,506,78034
6,78546,7623,1.0,12352,506,78040
10,78556,7624,1.0,12353,506,78050
4,78560,7624,0.0,12354,506,78054
8,78568,7625,1.0,12355,506,78062
6,78574,7626,1.0,12356,506,78068
6,78580,7627,1.0,12357,506,78074
4,78584,7627,0.0,12358,506,78078
7,78591,7628,1.0,12359,506,78085
6,78597,7629,1.0,12360,506,78091
6,78603,7630,1.0,12361,506,78097
6,78609,7631,1.0,12362,506,78103
7,78616,7632,1.0,12363,506,78110
9,78625,7633,1.0,12364,506,78119
6,78631,7633,0.0,12365,506,78125
8,78639,7634,1.0,12366,506,78133
7,78646,7635,1.0,12367,506,78140
6,78652,7636,1.0,12368,506,78146
6,78658,7637,1.0,12369,506,78152
6,78664,7638,1.0,12370,506,78158
6,78670,7639,1.0,12371,506,78164
6,78676,7640,1.0,12372,506,78170
6,78682,7641,1.0,12373,506,78176
2,78684,7641,0.0,12374,506,78178
6,78690,7642,1.0,12375,506,78184
7,78697,7643,1.0,12376,506,78191
6,78703,7644,1.0,12377,506,78197
6,78709,7645,1.0,12378,506,78203
6,78715,7645,0.0,12379,506,78209
6,78721,7646,1.0,12380,506,78215
4,78725,7646,0.0,12381,506,78219
6,78731,7647,1.0,12382,506,78225
2,78733,7647,0.0,12383,506,78227
9,78742,7648,1.0,12384,506,78236
6,78748,7649,1.0,12385,506,78242
6,78754,7650,1.0,12386,506,78248
6,78760,7650,0.0,12387,506,78254
6,78766,7651,1.0,12388,506,78260
7,78773,7651,0.0,12389,506,78267
7,78780,7652,1.0,12390,506,78274
6,78786,7653,1.0,12391,506,78280
6,78792,7654,1.0,12392,506,78286
6,78798,7655,1.0,12393,506,78292
6,78804,7656,1.0,12394,506,78298
10,78814,7657,1.0,12395,506,78308
6,78820,7658,1.0,12396,506,78314
6,78826,7659,1.0,12397,506,78320
14,78840,7660,1.0,12398,506,78334
2,78842,7660,0.0,12399,506,78336
6,78848,7661,1.0,12400,506,78342
6,78854,7662,1.0,12401,506,78348
6,78860,7662,0.0,12402,506,78354
2,78862,7662,0.0,12403,506,78356
9,78871,7663,1.0,12404,506,78365
6,78877,7664,1.0,12405,506,78371
6,78883,7665,1.0,12406,506,78377
6,78889,7666,1.0,12407,506,78383
8,78897,7667,1.0,12408,506,78391
10,78907,7668,1.0,12409,506,78401
10,78917,7669,1.0,12410,506,78411
9,78926,7670,1.0,12411,506,78420
6,78932,7671,1.0,12412,506,78426
8,78940,7672,1.0,12413,506,78434
8,78948,7672,0.0,12414,506,78442
6,78954,7673,1.0,12415,506,78448
6,78960,7674,1.0,12416,506,78454
4,78964,7674,0.0,12417,506,78458
12,78976,7675,1.0,12418,506,78470
4,78980,7675,0.0,12419,506,78474
5,78985,7675,0.0,12420,506,78479
6,78991,7676,1.0,12421,506,78485
4,78995,7676,0.0,12422,506,78489
6,79001,7677,1.0,12423,506,78495
8,79009,7678,1.0,12424,506,78503
5,79014,7678,0.0,12425,506,78508
6,79020,7679,1.0,12426,506,78514
7,79027,7680,1.0,12427,506,78521
7,79034,7681,1.0,12428,506,78528
5,79039,7681,0.0,12429,506,78533
4,79043,7681,0.0,12430,506,78537
5,79048,7681,0.0,12431,506,78542
2,79050,7681,0.0,12432,506,78544
11,79061,7682,1.0,12433,506,78555
11,79072,7683,1.0,12434,506,78566
7,79079,7684,1.0,12435,506,78573
8,79087,7685,1.0,12436,506,78581
3,79090,7685,0.0,12437,506,78584
10,79100,7686,1.0,12438,506,78594
4,79104,7686,0.0,12439,506,78598
8,79112,7687,1.0,12440,506,78606
10,79122,7688,1.0,12441,506,78616
7,79129,7689,1.0,12442,506,78623
4,79133,7689,0.0,12443,506,78627
2,79135,7689,0.0,12444,506,78629
8,79143,7690,1.0,12445,506,78637
8,79151,7691,1.0,12446,506,78645
8,79159,7692,1.0,12447,506,78653
6,79165,7693,1.0,12448,506,78659
6,79171,7694,1.0,12449,506,78665
8,79179,7695,1.0,12450,506,78673
5,79184,7695,0.0,12451,506,78678
7,79191,7696,1.0,12452,506,78685
7,79198,7697,1.0,12453,506,78692
6,79204,7698,1.0,12454,506,78698
4,79208,7698,0.0,12455,506,78702
6,79214,7699,1.0,12456,506,78708
6,79220,7700,1.0,12457,506,78714
9,79229,7701,1.0,12458,506,78723
6,79235,7702,1.0,12459,506,78729
6,79241,7703,1.0,12460,506,78735
6,79247,7704,1.0,12461,506,78741
7,79254,7705,1.0,12462,506,78748
4,79258,7705,0.0,12463,506,78752
6,79264,7706,1.0,12464,506,78758
8,79272,7707,1.0,12465,506,78766
6,79278,7708,1.0,12466,506,78772
6,79284,7709,1.0,12467,506,78778
6,79290,7710,1.0,12468,506,78784
7,79297,7711,1.0,12469,506,78791
6,79303,7712,1.0,12470,506,78797
6,79309,7713,1.0,12471,506,78803
6,79315,7714,1.0,12472,506,78809
8,79323,7715,1.0,12473,506,78817
5,79328,7715,0.0,12474,506,78822
4,79332,7715,0.0,12475,506,78826
6,79338,7716,1.0,12476,506,78832
4,79342,7716,0.0,12477,506,78836
7,79349,7717,1.0,12478,506,78843
6,79355,7718,1.0,12479,506,78849
9,79364,7719,1.0,12480,506,78858
9,79373,7719,0.0,12481,506,78867
3,79376,7719,0.0,12482,506,78870
9,79385,7719,0.0,12483,506,78879
8,79393,7720,1.0,12484,506,78887
5,79398,7720,0.0,12485,506,78892
9,79407,7721,1.0,12486,506,78901
8,79415,7722,1.0,12487,506,78909
6,79421,7723,1.0,12488,506,78915
6,79427,7724,1.0,12489,506,78921
7,79434,7725,1.0,12490,506,78928
11,79445,7726,1.0,12491,506,78939
6,79451,7727,1.0,12492,506,78945
6,79457,7728,1.0,12493,506,78951
2,79459,7728,0.0,12494,506,78953
10,79469,7729,1.0,12495,506,78963
2,79471,7729,0.0,12496,506,78965
3,79474,7729,0.0,12497,506,78968
4,79478,7729,0.0,12498,506,78972
4,79482,7729,0.0,12499,506,78976
8,79490,7730,1.0,12500,506,78984
8,79498,7731,1.0,12501,506,78992
6,79504,7732,1.0,12502,506,78998
7,79511,7733,1.0,12503,506,79005
4,79515,7733,0.0,12504,506,79009
9,79524,7734,1.0,12505,506,79018
3,79527,7734,0.0,12506,506,79021
8,79535,7735,1.0,12507,506,79029
10,79545,7736,1.0,12508,506,79039
6,79551,7737,1.0,12509,506,79045
7,79558,7738,1.0,12510,506,79052
6,79564,7739,1.0,12511,506,79058
6,79570,7740,1.0,12512,506,79064
8,79578,7741,1.0,12513,506,79072
9,79587,7742,1.0,12514,506,79081
9,79596,7743,1.0,12515,506,79090
8,79604,7744,1.0,12516,506,79098
10,79614,7745,1.0,12517,506,79108
6,79620,7746,1.0,12518,506,79114
7,79627,7747,1.0,12519,506,79121
6,79633,7748,1.0,12520,506,79127
9,79642,7749,1.0,12521,506,79136
7,79649,7750,1.0,12522,506,79143
2,79651,7750,0.0,12523,506,79145
6,79657,7751,1.0,12524,506,79151
6,79663,7752,1.0,12525,506,79157
6,79669,7752,0.0,12526,506,79163
6,79675,7752,0.0,12527,506,79169
6,79681,7753,1.0,12528,506,79175
6,79687,7754,1.0,12529,506,79181
8,79695,7755,1.0,12530,506,79189
6,79701,7756,1.0,12531,506,79195
4,79705,7756,0.0,12532,506,79199
6,79711,7757,1.0,12533,506,79205
2,79713,7757,0.0,12534,506,79207
6,79719,7758,1.0,12535,506,79213
7,79726,7759,1.0,12536,506,79220
6,79732,7760,1.0,12537,506,79226
8,79740,7761,1.0,12538,506,79234
5,79745,7761,0.0,12539,506,79239
9,79754,7762,1.0,12540,506,79248
4,79758,7762,0.0,12541,506,79252
6,79764,7763,1.0,12542,506,79258
9,79773,7764,1.0,12543,506,79267
9,79782,7765,1.0,12544,506,79276
6,79788,7766,1.0,12545,506,79282
6,79794,7767,1.0,12546,506,79288
4,79798,7767,0.0,12547,506,79292
8,79806,7768,1.0,12548,506,79300
7,79813,7769,1.0,12549,506,79307
6,79819,7770,1.0,12550,506,79313
7,79826,7771,1.0,12551,506,79320
8,79834,7772,1.0,12552,506,79328
2,79836,7772,0.0,12553,506,79330
2,79838,7772,0.0,12554,506,79332
7,79845,7773,1.0,12555,506,79339
6,79851,7774,1.0,12556,506,79345
10,79861,7775,1.0,12557,506,79355
12,79873,7776,1.0,12558,506,79367
8,79881,7777,1.0,12559,506,79375
9,79890,7778,1.0,12560,506,79384
7,79897,7778,0.0,12561,506,79391
7,79904,7779,1.0,12562,506,79398
4,79908,7779,0.0,12563,506,79402
4,79912,7779,0.0,12564,506,79406
7,79919,7780,1.0,12565,506,79413
6,79925,7781,1.0,12566,506,79419
2,79927,7781,0.0,12567,506,79421
8,79935,7782,1.0,12568,506,79429
6,79941,7783,1.0,12569,506,79435
8,79949,7784,1.0,12570,506,79443
6,79955,7785,1.0,12571,506,79449
8,79963,7786,1.0,12572,506,79457
6,79969,7786,0.0,12573,506,79463
6,79975,7787,1.0,12574,506,79469
6,79981,7788,1.0,12575,506,79475
6,79987,7789,1.0,12576,506,79481
6,79993,7790,1.0,12577,506,79487
4,79997,7790,0.0,12578,506,79491
6,80003,7791,1.0,12579,506,79497
7,80010,7791,0.0,12580,506,79504
7,80017,7792,1.0,12581,506,79511
9,80026,7793,1.0,12582,506,79520
2,80028,7793,0.0,12583,506,79522
2,80030,7793,0.0,12584,506,79524
6,80036,7794,1.0,12585,506,79530
6,80042,7795,1.0,12586,506,79536
6,80048,7796,1.0,12587,506,79542
7,80055,7797,1.0,12588,506,79549
6,80061,7798,1.0,12589,506,79555
8,80069,7799,1.0,12590,506,79563
9,80078,7800,1.0,12591,506,79572
7,80085,7801,1.0,12592,506,79579
6,80091,7802,1.0,12593,506,79585
4,80095,7802,0.0,12594,506,79589
8,80103,7803,1.0,12595,506,79597
2,80105,7803,0.0,12596,506,79599
6,80111,7804,1.0,12597,506,79605
6,80117,7805,1.0,12598,506,79611
6,80123,7805,0.0,12599,506,79617
6,80129,7805,0.0,12600,506,79623
6,80135,7806,1.0,12601,506,79629
6,80141,7807,1.0,12602,506,79635
4,80145,7807,0.0,12603,506,79639
8,80153,7808,1.0,12604,506,79647
6,80159,7809,1.0,12605,506,79653
6,80165,7810,1.0,12606,506,79659
8,80173,7811,1.0,12607,506,79667
6,80179,7812,1.0,12608,506,79673
8,80187,7812,0.0,12609,506,79681
6,80193,7813,1.0,12610,506,79687
2,80195,7813,0.0,12611,506,79689
6,80201,7814,1.0,12612,506,79695
7,80208,7815,1.0,12613,506,79702
6,80214,7816,1.0,12614,506,79708
6,80220,7817,1.0,12615,506,79714
6,80226,7818,1.0,12616,506,79720
6,80232,7819,1.0,12617,506,79726
6,80238,7820,1.0,12618,506,79732
9,80247,7821,1.0,12619,506,79741
7,80254,7822,1.0,12620,506,79748
2,80256,7822,0.0,12621,506,79750
9,80265,7823,1.0,12622,506,79759
8,80273,7824,1.0,12623,506,79767
9,80282,7825,1.0,12624,506,79776
5,80287,7825,0.0,12625,506,79781
7,80294,7826,1.0,12626,506,79788
8,80302,7827,1.0,12627,506,79796
6,80308,7828,1.0,12628,506,79802
6,80314,7829,1.0,12629,506,79808
8,80322,7830,1.0,12630,506,79816
6,80328,7831,1.0,12631,506,79822
6,80334,7832,1.0,12632,506,79828
8,80342,7833,1.0,12633,506,79836
6,80348,7833,0.0,12634,506,79842
10,80358,7834,1.0,12635,506,79852
6,80364,7835,1.0,12636,506,79858
10,80374,7836,1.0,12637,506,79868
2,80376,7836,0.0,12638,506,79870
6,80382,7837,1.0,12639,506,79876
8,80390,7838,1.0,12640,506,79884
6,80396,7839,1.0,12641,506,79890
8,80404,7840,1.0,12642,506,79898
7,80411,7841,1.0,12643,506,79905
8,80419,7842,1.0,12644,506,79913
6,80425,7843,1.0,12645,506,79919
6,80431,7844,1.0,12646,506,79925
6,80437,7845,1.0,12647,506,79931
5,80442,7845,0.0,12648,506,79936
6,80448,7846,1.0,12649,506,79942
11,80459,7847,1.0,12650,506,79953
4,80463,7847,0.0,12651,506,79957
6,80469,7848,1.0,12652,506,79963
6,80475,7849,1.0,12653,506,79969
2,80477,7849,0.0,12654,506,79971
7,80484,7850,1.0,12655,506,79978
7,80491,7850,0.0,12656,506,79985
6,80497,7851,1.0,12657,506,79991
9,80506,7852,1.0,12658,506,80000
2,80508,7852,0.0,12659,506,80002
6,80514,7853,1.0,12660,506,80008
8,80522,7854,1.0,12661,506,80016
6,80528,7855,1.0,12662,506,80022
6,80534,7856,1.0,12663,506,80028
6,80540,7857,1.0,12664,506,80034
8,80548,7858,1.0,12665,506,80042
2,80550,7858,0.0,12666,506,80044
5,80555,7858,0.0,12667,506,80049
3,80558,7858,0.0,12668,506,80052
6,80564,7859,1.0,12669,506,80058
4,80568,7859,0.0,12670,506,80062
4,80572,7859,0.0,12671,506,80066
6,80578,7860,1.0,12672,506,80072
7,80585,7861,1.0,12673,506,80079
7,80592,7862,1.0,12674,506,80086
4,80596,7862,0.0,12675,506,80090
6,80602,7863,1.0,12676,506,80096
6,80608,7864,1.0,12677,506,80102
6,80614,7865,1.0,12678,506,80108
2,80616,7865,0.0,12679,506,80110
8,80624,7866,1.0,12680,506,80118
8,80632,7867,1.0,12681,506,80126
6,80638,7868,1.0,12682,506,80132
6,80644,7869,1.0,12683,506,80138
6,80650,7870,1.0,12684,506,80144
9,80659,7871,1.0,12685,506,80153
6,80665,7872,1.0,12686,506,80159
8,80673,7873,1.0,12687,506,80167
9,80682,7874,1.0,12688,506,80176
11,80693,7875,1.0,12689,506,80187
4,80697,7875,0.0,12690,506,80191
8,80705,7876,1.0,12691,506,80199
7,80712,7877,1.0,12692,506,80206
2,80714,7877,0.0,12693,506,80208
6,80720,7878,1.0,12694,506,80214
8,80728,7879,1.0,12695,506,80222
6,80734,7880,1.0,12696,506,80228
4,80738,7880,0.0,12697,506,80232
4,80742,7880,0.0,12698,506,80236
12,80754,7881,1.0,12699,506,80248
6,80760,7882,1.0,12700,506,80254
2,80762,7882,0.0,12701,506,80256
10,80772,7883,1.0,12702,506,80266
8,80780,7884,1.0,12703,506,80274
6,80786,7885,1.0,12704,506,80280
7,80793,7886,1.0,12705,506,80287
5,80798,7886,0.0,12706,506,80292
6,80804,7887,1.0,12707,506,80298
9,80813,7888,1.0,12708,506,80307
6,80819,7889,1.0,12709,506,80313
4,80823,7889,0.0,12710,506,80317
2,80825,7889,0.0,12711,506,80319
3,80828,7889,0.0,12712,506,80322
9,80837,7890,1.0,12713,506,80331
6,80843,7891,1.0,12714,506,80337
6,80849,7892,1.0,12715,506,80343
6,80855,7893,1.0,12716,506,80349
6,80861,7894,1.0,12717,506,80355
6,80867,7895,1.0,12718,506,80361
6,80873,7896,1.0,12719,506,80367
8,80881,7897,1.0,12720,506,80375
6,80887,7898,1.0,12721,506,80381
8,80895,7899,1.0,12722,506,80389
7,80902,7900,1.0,12723,506,80396
7,80909,7901,1.0,12724,506,80403
13,80922,7902,1.0,12725,506,80416
6,80928,7903,1.0,12726,506,80422
7,80935,7903,0.0,12727,506,80429
9,80944,7903,0.0,12728,506,80438
6,80950,7904,1.0,12729,506,80444
10,80960,7905,1.0,12730,506,80454
5,80965,7905,0.0,12731,506,80459
12,80977,7906,1.0,12732,506,80471
9,80986,7907,1.0,12733,506,80480
6,80992,7907,0.0,12734,506,80486
6,80998,7907,0.0,12735,506,80492
8,81006,7908,1.0,12736,506,80500
6,81012,7909,1.0,12737,506,80506
9,81021,7910,1.0,12738,506,80515
9,81030,7911,1.0,12739,506,80524
7,81037,7912,1.0,12740,506,80531
6,81043,7913,1.0,12741,506,80537
8,81051,7914,1.0,12742,506,80545
7,81058,7915,1.0,12743,506,80552
4,81062,7915,0.0,12744,506,80556
8,81070,7916,1.0,12745,506,80564
6,81076,7917,1.0,12746,506,80570
6,81082,7918,1.0,12747,506,80576
11,81093,7919,1.0,12748,506,80587
7,81100,7920,1.0,12749,506,80594
8,81108,7921,1.0,12750,506,80602
9,81117,7922,1.0,12751,506,80611
2,81119,7922,0.0,12752,506,80613
6,81125,7923,1.0,12753,506,80619
3,81128,7923,0.0,12754,506,80622
6,81134,7924,1.0,12755,506,80628
6,81140,7925,1.0,12756,506,80634
10,81150,7926,1.0,12757,506,80644
6,81156,7927,1.0,12758,506,80650
4,81160,7927,0.0,12759,506,80654
6,81166,7928,1.0,12760,506,80660
5,81171,7928,0.0,12761,506,80665
6,81177,7929,1.0,12762,506,80671
5,81182,7929,0.0,12763,506,80676
6,81188,7930,1.0,12764,506,80682
2,81190,7930,0.0,12765,506,80684
9,81199,7931,1.0,12766,506,80693
4,81203,7931,0.0,12767,506,80697
8,81211,7932,1.0,12768,506,80705
6,81217,7933,1.0,12769,506,80711
4,81221,7933,0.0,12770,506,80715
8,81229,7934,1.0,12771,506,80723
4,81233,7934,0.0,12772,506,80727
7,81240,7935,1.0,12773,506,80734
6,81246,7936,1.0,12774,506,80740
4,81250,7936,0.0,12775,506,80744
2,81252,7936,0.0,12776,506,80746
7,81259,7937,1.0,12777,506,80753
3,81262,7937,0.0,12778,506,80756
6,81268,7938,1.0,12779,506,80762
3,81271,7938,0.0,12780,506,80765
6,81277,7939,1.0,12781,506,80771
7,81284,7940,1.0,12782,506,80778
4,81288,7940,0.0,12783,506,80782
2,81290,7940,0.0,12784,506,80784
8,81298,7941,1.0,12785,506,80792
11,81309,7941,0.0,12786,506,80803
13,81322,7942,1.0,12787,506,80816
5,81327,7942,0.0,12788,506,80821
4,81331,7942,0.0,12789,506,80825
6,81337,7943,1.0,12790,506,80831
5,81342,7943,0.0,12791,506,80836
6,81348,7944,1.0,12792,506,80842
7,81355,7945,1.0,12793,506,80849
6,81361,7946,1.0,12794,506,80855
6,81367,7947,1.0,12795,506,80861
6,81373,7948,1.0,12796,506,80867
6,81379,7949,1.0,12797,506,80873
6,81385,7950,1.0,12798,506,80879
7,81392,7951,1.0,12799,506,80886
9,81401,7952,1.0,12800,506,80895
2,81403,7952,0.0,12801,506,80897
6,81409,7953,1.0,12802,506,80903
4,81413,7953,0.0,12803,506,80907
4,81417,7953,0.0,12804,506,80911
6,81423,7954,1.0,12805,506,80917
4,81427,7954,0.0,12806,506,80921
10,81437,7955,1.0,12807,506,80931
6,81443,7956,1.0,12808,506,80937
3,81446,7956,0.0,12809,506,80940
6,81452,7957,1.0,12810,506,80946
2,81454,7957,0.0,12811,506,80948
8,81462,7958,1.0,12812,506,80956
4,81466,7958,0.0,12813,506,80960
6,81472,7959,1.0,12814,506,80966
3,81475,7959,0.0,12815,506,80969
5,81480,7959,0.0,12816,506,80974
4,81484,7959,0.0,12817,506,80978
6,81490,7960,1.0,12818,506,80984
6,81496,7961,1.0,12819,506,80990
8,81504,7962,1.0,12820,506,80998
6,81510,7963,1.0,12821,506,81004
8,81518,7964,1.0,12822,506,81012
2,81520,7964,0.0,12823,506,81014
2,81522,7964,0.0,12824,506,81016
8,81530,7965,1.0,12825,506,81024
11,81541,7965,0.0,12826,506,81035
6,81547,7966,1.0,12827,506,81041
6,81553,7967,1.0,12828,506,81047
4,81557,7967,0.0,12829,506,81051
3,81560,7967,0.0,12830,506,81054
6,81566,7968,1.0,12831,506,81060
2,81568,7968,0.0,12832,506,81062
9,81577,7968,0.0,12833,506,81071
5,81582,7968,0.0,12834,506,81076
11,81593,7969,1.0,12835,506,81087
7,81600,7970,1.0,12836,506,81094
7,81607,7971,1.0,12837,506,81101
2,81609,7971,0.0,12838,506,81103
6,81615,7972,1.0,12839,506,81109
4,81619,7972,0.0,12840,506,81113
9,81628,7973,1.0,12841,506,81122
7,81635,7974,1.0,12842,506,81129
6,81641,7975,1.0,12843,506,81135
8,81649,7976,1.0,12844,506,81143
6,81655,7977,1.0,12845,506,81149
2,81657,7977,0.0,12846,506,81151
7,81664,7978,1.0,12847,506,81158
6,81670,7979,1.0,12848,506,81164
6,81676,7980,1.0,12849,506,81170
7,81683,7981,1.0,12850,506,81177
6,81689,7982,1.0,12851,506,81183
6,81695,7983,1.0,12852,506,81189
5,81700,7983,0.0,12853,506,81194
6,81706,7984,1.0,12854,506,81200
7,81713,7985,1.0,12855,506,81207
6,81719,7986,1.0,12856,506,81213
8,81727,7986,0.0,12857,506,81221
9,81736,7987,1.0,12858,506,81230
6,81742,7988,1.0,12859,506,81236
6,81748,7989,1.0,12860,506,81242
7,81755,7989,0.0,12861,506,81249
6,81761,7989,0.0,12862,506,81255
6,81767,7990,1.0,12863,506,81261
6,81773,7991,1.0,12864,506,81267
6,81779,7992,1.0,12865,506,81273
5,81784,7992,0.0,12866,506,81278
7,81791,7992,0.0,12867,506,81285
10,81801,7993,1.0,12868,506,81295
8,81809,7994,1.0,12869,506,81303
7,81816,7995,1.0,12870,506,81310
14,81830,7996,1.0,12871,506,81324
4,81834,7996,0.0,12872,506,81328
7,81841,7997,1.0,12873,506,81335
8,81849,7998,1.0,12874,506,81343
2,81851,7998,0.0,12875,506,81345
6,81857,7999,1.0,12876,506,81351
4,81861,7999,0.0,12877,506,81355
6,81867,8000,1.0,12878,506,81361
10,81877,8001,1.0,12879,506,81371
6,81883,8002,1.0,12880,506,81377
4,81887,8002,0.0,12881,506,81381
6,81893,8003,1.0,12882,506,81387
9,81902,8004,1.0,12883,506,81396
6,81908,8005,1.0,12884,506,81402
7,81915,8006,1.0,12885,506,81409
13,81928,8007,1.0,12886,506,81422
3,81931,8007,0.0,12887,506,81425
6,81937,8008,1.0,12888,506,81431
6,81943,8009,1.0,12889,506,81437
11,81954,8010,1.0,12890,506,81448
6,81960,8011,1.0,12891,506,81454
7,81967,8012,1.0,12892,506,81461
6,81973,8013,1.0,12893,506,81467
9,81982,8014,1.0,12894,506,81476
7,81989,8014,0.0,12895,506,81483
4,81993,8014,0.0,12896,506,81487
6,81999,8015,1.0,12897,506,81493
6,82005,8016,1.0,12898,506,81499
8,82013,8017,1.0,12899,506,81507
6,82019,8018,1.0,12900,506,81513
6,82025,8019,1.0,12901,506,81519
7,82032,8020,1.0,12902,506,81526
6,82038,8021,1.0,12903,506,81532
9,82047,8022,1.0,12904,506,81541
6,82053,8023,1.0,12905,506,81547
6,82059,8024,1.0,12906,506,81553
4,82063,8024,0.0,12907,506,81557
2,82065,8024,0.0,12908,506,81559
8,82073,8025,1.0,12909,506,81567
4,82077,8025,0.0,12910,506,81571
7,82084,8026,1.0,12911,506,81578
6,82090,8027,1.0,12912,506,81584
8,82098,8027,0.0,12913,506,81592
10,82108,8028,1.0,12914,506,81602
8,82116,8029,1.0,12915,506,81610
8,82124,8030,1.0,12916,506,81618
4,82128,8030,0.0,12917,506,81622
6,82134,8031,1.0,12918,506,81628
9,82143,8032,1.0,12919,506,81637
6,82149,8032,0.0,12920,506,81643
10,82159,8033,1.0,12921,506,81653
3,82162,8033,0.0,12922,506,81656
7,82169,8034,1.0,12923,506,81663
6,82175,8035,1.0,12924,506,81669
6,82181,8036,1.0,12925,506,81675
10,82191,8037,1.0,12926,506,81685
8,82199,8038,1.0,12927,506,81693
9,82208,8038,0.0,12928,506,81702
6,82214,8039,1.0,12929,506,81708
6,82220,8040,1.0,12930,506,81714
6,82226,8041,1.0,12931,506,81720
7,82233,8042,1.0,12932,506,81727
2,82235,8042,0.0,12933,506,81729
7,82242,8043,1.0,12934,506,81736
6,82248,8044,1.0,12935,506,81742
6,82254,8045,1.0,12936,506,81748
6,82260,8046,1.0,12937,506,81754
8,82268,8047,1.0,12938,506,81762
8,82276,8048,1.0,12939,506,81770
2,82278,8048,0.0,12940,506,81772
7,82285,8049,1.0,12941,506,81779
7,82292,8050,1.0,12942,506,81786
4,82296,8050,0.0,12943,506,81790
6,82302,8051,1.0,12944,506,81796
9,82311,8052,1.0,12945,506,81805
4,82315,8052,0.0,12946,506,81809
6,82321,8053,1.0,12947,506,81815
6,82327,8054,1.0,12948,506,81821
7,82334,8055,1.0,12949,506,81828
8,82342,8056,1.0,12950,506,81836
6,82348,8057,1.0,12951,506,81842
10,82358,8058,1.0,12952,506,81852
12,82370,8059,1.0,12953,506,81864
6,82376,8060,1.0,12954,506,81870
6,82382,8061,1.0,12955,506,81876
10,82392,8062,1.0,12956,506,81886
4,82396,8062,0.0,12957,506,81890
3,82399,8062,0.0,12958,506,81893
6,82405,8063,1.0,12959,506,81899
6,82411,8064,1.0,12960,506,81905
8,82419,8065,1.0,12961,506,81913
7,82426,8066,1.0,12962,506,81920
8,82434,8067,1.0,12963,506,81928
7,82441,8068,1.0,12964,506,81935
3,82444,8068,0.0,12965,506,81938
8,82452,8069,1.0,12966,506,81946
2,82454,8069,0.0,12967,506,81948
6,82460,8070,1.0,12968,506,81954
3,82463,8070,0.0,12969,506,81957
2,82465,8070,0.0,12970,506,81959
7,82472,8071,1.0,12971,506,81966
6,82478,8072,1.0,12972,506,81972
6,82484,8073,1.0,12973,506,81978
6,82490,8074,1.0,12974,506,81984
8,82498,8075,1.0,12975,506,81992
6,82504,8076,1.0,12976,506,81998
8,82512,8077,1.0,12977,506,82006
5,82517,8077,0.0,12978,506,82011
10,82527,8078,1.0,12979,506,82021
6,82533,8078,0.0,12980,506,82027
6,82539,8079,1.0,12981,506,82033
6,82545,8080,1.0,12982,506,82039
8,82553,8081,1.0,12983,506,82047
8,82561,8082,1.0,12984,506,82055
6,82567,8083,1.0,12985,506,82061
7,82574,8084,1.0,12986,506,82068
11,82585,8085,1.0,12987,506,82079
6,82591,8086,1.0,12988,506,82085
6,82597,8087,1.0,12989,506,82091
7,82604,8088,1.0,12990,506,82098
8,82612,8089,1.0,12991,506,82106
5,82617,8089,0.0,12992,506,82111
6,82623,8090,1.0,12993,506,82117
6,82629,8091,1.0,12994,506,82123
2,82631,8091,0.0,12995,506,82125
7,82638,8092,1.0,12996,506,82132
9,82647,8093,1.0,12997,506,82141
8,82655,8094,1.0,12998,506,82149
6,82661,8095,1.0,12999,506,82155
7,82668,8095,0.0,13000,506,82162
6,82674,8096,1.0,13001,506,82168
9,82683,8097,1.0,13002,506,82177
5,82688,8097,0.0,13003,506,82182
7,82695,8098,1.0,13004,506,82189
2,82697,8098,0.0,13005,506,82191
6,82703,8099,1.0,13006,506,82197
10,82713,8100,1.0,13007,506,82207
6,82719,8101,1.0,13008,506,82213
5,82724,8101,0.0,13009,506,82218
6,82730,8102,1.0,13010,506,82224
6,82736,8102,0.0,13011,506,82230
6,82742,8103,1.0,13012,506,82236
11,82753,8104,1.0,13013,506,82247
5,82758,8104,0.0,13014,506,82252
8,82766,8105,1.0,13015,506,82260
4,82770,8105,0.0,13016,506,82264
6,82776,8106,1.0,13017,506,82270
4,82780,8106,0.0,13018,506,82274
6,82786,8106,0.0,13019,506,82280
6,82792,8107,1.0,13020,506,82286
6,82798,8108,1.0,13021,506,82292
3,82801,8108,0.0,13022,506,82295
4,82805,8108,0.0,13023,506,82299
6,82811,8109,1.0,13024,506,82305
8,82819,8110,1.0,13025,506,82313
5,82824,8110,0.0,13026,506,82318
6,82830,8110,0.0,13027,506,82324
6,82836,8111,1.0,13028,506,82330
2,82838,8111,0.0,13029,506,82332
2,82840,8111,0.0,13030,506,82334
6,82846,8112,1.0,13031,506,82340
6,82852,8113,1.0,13032,506,82346
6,82858,8114,1.0,13033,506,82352
11,82869,8115,1.0,13034,506,82363
5,82874,8115,0.0,13035,506,82368
6,82880,8116,1.0,13036,506,82374
8,82888,8117,1.0,13037,506,82382
2,82890,8117,0.0,13038,506,82384
6,82896,8118,1.0,13039,506,82390
7,82903,8119,1.0,13040,506,82397
14,82917,8120,1.0,13041,506,82411
7,82924,8121,1.0,13042,506,82418
9,82933,8122,1.0,13043,506,82427
8,82941,8123,1.0,13044,506,82435
10,82951,8124,1.0,13045,506,82445
4,82955,8124,0.0,13046,506,82449
6,82961,8125,1.0,13047,506,82455
7,82968,8126,1.0,13048,506,82462
2,82970,8126,0.0,13049,506,82464
4,82974,8126,0.0,13050,506,82468
8,82982,8127,1.0,13051,506,82476
8,82990,8128,1.0,13052,506,82484
2,82992,8128,0.0,13053,506,82486
6,82998,8128,0.0,13054,506,82492
7,83005,8129,1.0,13055,506,82499
6,83011,8130,1.0,13056,506,82505
10,83021,8131,1.0,13057,506,82515
7,83028,8131,0.0,13058,506,82522
6,83034,8132,1.0,13059,506,82528
7,83041,8133,1.0,13060,506,82535
3,83044,8133,0.0,13061,506,82538
6,83050,8134,1.0,13062,506,82544
9,83059,8135,1.0,13063,506,82553
9,83068,8136,1.0,13064,506,82562
2,83070,8136,0.0,13065,506,82564
6,83076,8137,1.0,13066,506,82570
8,83084,8138,1.0,13067,506,82578
6,83090,8139,1.0,13068,506,82584
6,83096,8140,1.0,13069,506,82590
2,83098,8140,0.0,13070,506,82592
8,83106,8141,1.0,13071,506,82600
8,83114,8142,1.0,13072,506,82608
6,83120,8142,0.0,13073,506,82614
6,83126,8143,1.0,13074,506,82620
4,83130,8143,0.0,13075,506,82624
5,83135,8143,0.0,13076,506,82629
10,83145,8144,1.0,13077,506,82639
4,83149,8144,0.0,13078,506,82643
8,83157,8145,1.0,13079,506,82651
8,83165,8146,1.0,13080,506,82659
7,83172,8147,1.0,13081,506,82666
6,83178,8148,1.0,13082,506,82672
6,83184,8148,0.0,13083,506,82678
6,83190,8149,1.0,13084,506,82684
8,83198,8150,1.0,13085,506,82692
2,83200,8150,0.0,13086,506,82694
6,83206,8151,1.0,13087,506,82700
5,83211,8151,0.0,13088,506,82705
4,83215,8151,0.0,13089,506,82709
6,83221,8152,1.0,13090,506,82715
5,83226,8152,0.0,13091,506,82720
10,83236,8153,1.0,13092,506,82730
3,83239,8153,0.0,13093,506,82733
12,83251,8154,1.0,13094,506,82745
8,83259,8155,1.0,13095,506,82753
10,83269,8156,1.0,13096,506,82763
6,83275,8156,0.0,13097,506,82769
4,83279,8156,0.0,13098,506,82773
6,83285,8157,1.0,13099,506,82779
21,83306,8158,1.0,13100,506,82800
7,83313,8159,1.0,13101,506,82807
4,83317,8159,0.0,13102,506,82811
7,83324,8160,1.0,13103,506,82818
9,83333,8161,1.0,13104,506,82827
11,83344,8162,1.0,13105,506,82838
9,83353,8163,1.0,13106,506,82847
5,83358,8163,0.0,13107,506,82852
7,83365,8164,1.0,13108,506,82859
7,83372,8164,0.0,13109,506,82866
11,83383,8165,1.0,13110,506,82877
5,83388,8165,0.0,13111,506,82882
9,83397,8166,1.0,13112,506,82891
10,83407,8167,1.0,13113,506,82901
6,83413,8168,1.0,13114,506,82907
7,83420,8169,1.0,13115,506,82914
5,83425,8169,0.0,13116,506,82919
2,83427,8169,0.0,13117,506,82921
6,83433,8170,1.0,13118,506,82927
6,83439,8171,1.0,13119,506,82933
6,83445,8171,0.0,13120,506,82939
6,83451,8172,1.0,13121,506,82945
2,83453,8172,0.0,13122,506,82947
6,83459,8173,1.0,13123,506,82953
4,83463,8173,0.0,13124,506,82957
6,83469,8174,1.0,13125,506,82963
12,83481,8175,1.0,13126,506,82975
7,83488,8176,1.0,13127,506,82982
9,83497,8177,1.0,13128,506,82991
4,83501,8177,0.0,13129,506,82995
6,83507,8178,1.0,13130,506,83001
7,83514,8179,1.0,13131,506,83008
6,83520,8180,1.0,13132,506,83014
4,83524,8180,0.0,13133,506,83018
7,83531,8181,1.0,13134,506,83025
6,83537,8182,1.0,13135,506,83031
6,83543,8183,1.0,13136,506,83037
6,83549,8184,1.0,13137,506,83043
6,83555,8185,1.0,13138,506,83049
7,83562,8186,1.0,13139,506,83056
6,83568,8187,1.0,13140,506,83062
2,83570,8187,0.0,13141,506,83064
6,83576,8188,1.0,13142,506,83070
10,83586,8188,0.0,13143,506,83080
3,83589,8188,0.0,13144,506,83083
4,83593,8188,0.0,13145,506,83087
6,83599,8189,1.0,13146,506,83093
6,83605,8190,1.0,13147,506,83099
9,83614,8191,1.0,13148,506,83108
6,83620,8192,1.0,13149,506,83114
6,83626,8193,1.0,13150,506,83120
7,83633,8194,1.0,13151,506,83127
6,83639,8195,1.0,13152,506,83133
10,83649,8196,1.0,13153,506,83143
6,83655,8197,1.0,13154,506,83149
4,83659,8197,0.0,13155,506,83153
9,83668,8198,1.0,13156,506,83162
7,83675,8199,1.0,13157,506,83169
6,83681,8200,1.0,13158,506,83175
9,83690,8201,1.0,13159,506,83184
2,83692,8201,0.0,13160,506,83186
6,83698,8202,1.0,13161,506,83192
2,83700,8202,0.0,13162,506,83194
2,83702,8202,0.0,13163,506,83196
11,83713,8202,0.0,13164,506,83207
10,83723,8203,1.0,13165,506,83217
8,83731,8204,1.0,13166,506,83225
10,83741,8204,0.0,13167,506,83235
8,83749,8204,0.0,13168,506,83243
8,83757,8205,1.0,13169,506,83251
2,83759,8205,0.0,13170,506,83253
7,83766,8206,1.0,13171,506,83260
8,83774,8207,1.0,13172,506,83268
4,83778,8207,0.0,13173,506,83272
9,83787,8208,1.0,13174,506,83281
6,83793,8209,1.0,13175,506,83287
5,83798,8209,0.0,13176,506,83292
6,83804,8210,1.0,13177,506,83298
7,83811,8211,1.0,13178,506,83305
8,83819,8212,1.0,13179,506,83313
2,83821,8212,0.0,13180,506,83315
8,83829,8213,1.0,13181,506,83323
5,83834,8213,0.0,13182,506,83328
6,83840,8214,1.0,13183,506,83334
7,83847,8215,1.0,13184,506,83341
7,83854,8216,1.0,13185,506,83348
3,83857,8216,0.0,13186,506,83351
7,83864,8217,1.0,13187,506,83358
6,83870,8218,1.0,13188,506,83364
6,83876,8219,1.0,13189,506,83370
11,83887,8220,1.0,13190,506,83381
2,83889,8220,0.0,13191,506,83383
10,83899,8221,1.0,13192,506,83393
4,83903,8221,0.0,13193,506,83397
7,83910,8221,0.0,13194,506,83404
7,83917,8222,1.0,13195,506,83411
6,83923,8223,1.0,13196,506,83417
8,83931,8224,1.0,13197,506,83425
7,83938,8224,0.0,13198,506,83432
6,83944,8225,1.0,13199,506,83438
11,83955,8226,1.0,13200,506,83449
8,83963,8227,1.0,13201,506,83457
6,83969,8228,1.0,13202,506,83463
10,83979,8229,1.0,13203,506,83473
7,83986,8230,1.0,13204,506,83480
5,83991,8230,0.0,13205,506,83485
6,83997,8231,1.0,13206,506,83491
6,84003,8232,1.0,13207,506,83497
8,84011,8233,1.0,13208,506,83505
7,84018,8234,1.0,13209,506,83512
5,84023,8234,0.0,13210,506,83517
7,84030,8235,1.0,13211,506,83524
8,84038,8236,1.0,13212,506,83532
6,84044,8237,1.0,13213,506,83538
6,84050,8238,1.0,13214,506,83544
6,84056,8239,1.0,13215,506,83550
7,84063,8240,1.0,13216,506,83557
13,84076,8241,1.0,13217,506,83570
7,84083,8242,1.0,13218,506,83577
6,84089,8243,1.0,13219,506,83583
6,84095,8244,1.0,13220,506,83589
8,84103,8245,1.0,13221,506,83597
6,84109,8246,1.0,13222,506,83603
6,84115,8247,1.0,13223,506,83609
7,84122,8248,1.0,13224,506,83616
6,84128,8249,1.0,13225,506,83622
9,84137,8250,1.0,13226,506,83631
8,84145,8251,1.0,13227,506,83639
7,84152,8252,1.0,13228,506,83646
8,84160,8253,1.0,13229,506,83654
2,84162,8253,0.0,13230,506,83656
6,84168,8254,1.0,13231,506,83662
6,84174,8255,1.0,13232,506,83668
7,84181,8256,1.0,13233,506,83675
13,84194,8257,1.0,13234,506,83688
2,84196,8257,0.0,13235,506,83690
6,84202,8258,1.0,13236,506,83696
6,84208,8258,0.0,13237,506,83702
8,84216,8259,1.0,13238,506,83710
6,84222,8259,0.0,13239,506,83716
11,84233,8260,1.0,13240,506,83727
8,84241,8261,1.0,13241,506,83735
8,84249,8262,1.0,13242,506,83743
6,84255,8263,1.0,13243,506,83749
6,84261,8264,1.0,13244,506,83755
6,84267,8265,1.0,13245,506,83761
6,84273,8266,1.0,13246,506,83767
2,84275,8266,0.0,13247,506,83769
3,84278,8266,0.0,13248,506,83772
8,84286,8267,1.0,13249,506,83780
2,84288,8267,0.0,13250,506,83782
7,84295,8268,1.0,13251,506,83789
6,84301,8269,1.0,13252,506,83795
6,84307,8270,1.0,13253,506,83801
7,84314,8270,0.0,13254,506,83808
2,84316,8270,0.0,13255,506,83810
6,84322,8271,1.0,13256,506,83816
10,84332,8272,1.0,13257,506,83826
4,84336,8272,0.0,13258,506,83830
8,84344,8273,1.0,13259,506,83838
7,84351,8274,1.0,13260,506,83845
6,84357,8275,1.0,13261,506,83851
8,84365,8276,1.0,13262,506,83859
3,84368,8276,0.0,13263,506,83862
4,84372,8276,0.0,13264,506,83866
6,84378,8277,1.0,13265,506,83872
4,84382,8277,0.0,13266,506,83876
7,84389,8278,1.0,13267,506,83883
2,84391,8278,0.0,13268,506,83885
9,84400,8279,1.0,13269,506,83894
7,84407,8279,0.0,13270,506,83901
6,84413,8280,1.0,13271,506,83907
4,84417,8280,0.0,13272,506,83911
7,84424,8281,1.0,13273,506,83918
6,84430,8282,1.0,13274,506,83924
5,84435,8282,0.0,13275,506,83929
6,84441,8283,1.0,13276,506,83935
6,84447,8284,1.0,13277,506,83941
9,84456,8285,1.0,13278,506,83950
2,84458,8285,0.0,13279,506,83952
8,84466,8286,1.0,13280,506,83960
6,84472,8287,1.0,13281,506,83966
6,84478,8288,1.0,13282,506,83972
6,84484,8289,1.0,13283,506,83978
6,84490,8290,1.0,13284,506,83984
7,84497,8291,1.0,13285,506,83991
6,84503,8292,1.0,13286,506,83997
4,84507,8292,0.0,13287,506,84001
6,84513,8293,1.0,13288,506,84007
6,84519,8294,1.0,13289,506,84013
4,84523,8294,0.0,13290,506,84017
6,84529,8295,1.0,13291,506,84023
8,84537,8296,1.0,13292,506,84031
5,84542,8296,0.0,13293,506,84036
8,84550,8297,1.0,13294,506,84044
5,84555,8297,0.0,13295,506,84049
4,84559,8297,0.0,13296,506,84053
7,84566,8298,1.0,13297,506,84060
6,84572,8299,1.0,13298,506,84066
6,84578,8300,1.0,13299,506,84072
6,84584,8301,1.0,13300,506,84078
2,84586,8301,0.0,13301,506,84080
8,84594,8302,1.0,13302,506,84088
6,84600,8303,1.0,13303,506,84094
6,84606,8304,1.0,13304,506,84100
7,84613,8305,1.0,13305,506,84107
6,84619,8306,1.0,13306,506,84113
8,84627,8307,1.0,13307,506,84121
6,84633,8308,1.0,13308,506,84127
7,84640,8309,1.0,13309,506,84134
7,84647,8310,1.0,13310,506,84141
7,84654,8311,1.0,13311,506,84148
5,84659,8311,0.0,13312,506,84153
7,84666,8312,1.0,13313,506,84160
11,84677,8313,1.0,13314,506,84171
4,84681,8313,0.0,13315,506,84175
8,84689,8314,1.0,13316,506,84183
6,84695,8315,1.0,13317,506,84189
6,84701,8316,1.0,13318,506,84195
6,84707,8317,1.0,13319,506,84201
6,84713,8318,1.0,13320,506,84207
7,84720,8319,1.0,13321,506,84214
5,84725,8319,0.0,13322,506,84219
3,84728,8319,0.0,13323,506,84222
8,84736,8320,1.0,13324,506,84230
7,84743,8321,1.0,13325,506,84237
8,84751,8322,1.0,13326,506,84245
4,84755,8322,0.0,13327,506,84249
6,84761,8323,1.0,13328,506,84255
6,84767,8324,1.0,13329,506,84261
8,84775,8325,1.0,13330,506,84269
4,84779,8325,0.0,13331,506,84273
6,84785,8326,1.0,13332,506,84279
8,84793,8327,1.0,13333,506,84287
6,84799,8328,1.0,13334,506,84293
2,84801,8328,0.0,13335,506,84295
6,84807,8329,1.0,13336,506,84301
5,84812,8329,0.0,13337,506,84306
6,84818,8330,1.0,13338,506,84312
8,84826,8331,1.0,13339,506,84320
4,84830,8331,0.0,13340,506,84324
2,84832,8331,0.0,13341,506,84326
2,84834,8331,0.0,13342,506,84328
2,84836,8331,0.0,13343,506,84330
10,84846,8332,1.0,13344,506,84340
6,84852,8333,1.0,13345,506,84346
6,84858,8334,1.0,13346,506,84352
9,84867,8335,1.0,13347,506,84361
6,84873,8335,0.0,13348,506,84367
9,84882,8336,1.0,13349,506,84376
2,84884,8336,0.0,13350,506,84378
6,84890,8337,1.0,13351,506,84384
6,84896,8338,1.0,13352,506,84390
6,84902,8339,1.0,13353,506,84396
7,84909,8340,1.0,13354,506,84403
6,84915,8341,1.0,13355,506,84409
7,84922,8342,1.0,13356,506,84416
6,84928,8343,1.0,13357,506,84422
7,84935,8344,1.0,13358,506,84429
8,84943,8345,1.0,13359,506,84437
7,84950,8346,1.0,13360,506,84444
6,84956,8346,0.0,13361,506,84450
8,84964,8347,1.0,13362,506,84458
6,84970,8348,1.0,13363,506,84464
6,84976,8349,1.0,13364,506,84470
6,84982,8350,1.0,13365,506,84476
11,84993,8351,1.0,13366,506,84487
6,84999,8352,1.0,13367,506,84493
7,85006,8353,1.0,13368,506,84500
6,85012,8354,1.0,13369,506,84506
6,85018,8355,1.0,13370,506,84512
7,85025,8356,1.0,13371,506,84519
11,85036,8356,0.0,13372,506,84530
4,85040,8356,0.0,13373,506,84534
2,85042,8356,0.0,13374,506,84536
8,85050,8357,1.0,13375,506,84544
9,85059,8358,1.0,13376,506,84553
10,85069,8358,0.0,13377,506,84563
8,85077,8359,1.0,13378,506,84571
7,85084,8360,1.0,13379,506,84578
2,85086,8360,0.0,13380,506,84580
8,85094,8361,1.0,13381,506,84588
6,85100,8362,1.0,13382,506,84594
8,85108,8363,1.0,13383,506,84602
8,85116,8364,1.0,13384,506,84610
10,85126,8365,1.0,13385,506,84620
10,85136,8366,1.0,13386,506,84630
8,85144,8367,1.0,13387,506,84638
9,85153,8368,1.0,13388,506,84647
8,85161,8369,1.0,13389,506,84655
10,85171,8370,1.0,13390,506,84665
2,85173,8370,0.0,13391,506,84667
5,85178,8370,0.0,13392,506,84672
5,85183,8370,0.0,13393,506,84677
11,85194,8371,1.0,13394,506,84688
8,85202,8372,1.0,13395,506,84696
7,85209,8373,1.0,13396,506,84703
2,85211,8373,0.0,13397,506,84705
4,85215,8373,0.0,13398,506,84709
4,85219,8373,0.0,13399,506,84713
9,85228,8374,1.0,13400,506,84722
6,85234,8375,1.0,13401,506,84728
16,85250,8376,1.0,13402,506,84744
6,85256,8377,1.0,13403,506,84750
6,85262,8378,1.0,13404,506,84756
6,85268,8379,1.0,13405,506,84762
7,85275,8380,1.0,13406,506,84769
7,85282,8381,1.0,13407,506,84776
5,85287,8381,0.0,13408,506,84781
3,85290,8381,0.0,13409,506,84784
10,85300,8382,1.0,13410,506,84794
5,85305,8382,0.0,13411,506,84799
6,85311,8383,1.0,13412,506,84805
7,85318,8384,1.0,13413,506,84812
6,85324,8385,1.0,13414,506,84818
10,85334,8386,1.0,13415,506,84828
6,85340,8387,1.0,13416,506,84834
6,85346,8388,1.0,13417,506,84840
6,85352,8389,1.0,13418,506,84846
7,85359,8390,1.0,13419,506,84853
6,85365,8391,1.0,13420,506,84859
4,85369,8391,0.0,13421,506,84863
6,85375,8392,1.0,13422,506,84869
8,85383,8393,1.0,13423,506,84877
6,85389,8394,1.0,13424,506,84883
9,85398,8395,1.0,13425,506,84892
8,85406,8395,0.0,13426,506,84900
6,85412,8395,0.0,13427,506,84906
6,85418,8396,1.0,13428,506,84912
6,85424,8397,1.0,13429,506,84918
6,85430,8398,1.0,13430,506,84924
9,85439,8399,1.0,13431,506,84933
6,85445,8400,1.0,13432,506,84939
3,85448,8400,0.0,13433,506,84942
6,85454,8401,1.0,13434,506,84948
8,85462,8402,1.0,13435,506,84956
6,85468,8403,1.0,13436,506,84962
6,85474,8404,1.0,13437,506,84968
8,85482,8405,1.0,13438,506,84976
6,85488,8406,1.0,13439,506,84982
4,85492,8406,0.0,13440,506,84986
6,85498,8407,1.0,13441,506,84992
4,85502,8407,0.0,13442,506,84996
7,85509,8408,1.0,13443,506,85003
6,85515,8409,1.0,13444,506,85009
2,85517,8409,0.0,13445,506,85011
6,85523,8410,1.0,13446,506,85017
6,85529,8410,0.0,13447,506,85023
8,85537,8411,1.0,13448,506,85031
8,85545,8412,1.0,13449,506,85039
4,85549,8412,0.0,13450,506,85043
6,85555,8413,1.0,13451,506,85049
6,85561,8413,0.0,13452,506,85055
7,85568,8414,1.0,13453,506,85062
6,85574,8415,1.0,13454,506,85068
8,85582,8415,0.0,13455,506,85076
2,85584,8415,0.0,13456,506,85078
6,85590,8416,1.0,13457,506,85084
6,85596,8417,1.0,13458,506,85090
4,85600,8417,0.0,13459,506,85094
7,85607,8418,1.0,13460,506,85101
6,85613,8419,1.0,13461,506,85107
11,85624,8420,1.0,13462,506,85118
5,85629,8420,0.0,13463,506,85123
2,85631,8420,0.0,13464,506,85125
4,85635,8420,0.0,13465,506,85129
2,85637,8420,0.0,13466,506,85131
4,85641,8420,0.0,13467,506,85135
6,85647,8420,0.0,13468,506,85141
2,85649,8420,0.0,13469,506,85143
6,85655,8421,1.0,13470,506,85149
9,85664,8422,1.0,13471,506,85158
6,85670,8423,1.0,13472,506,85164
4,85674,8423,0.0,13473,506,85168
6,85680,8424,1.0,13474,506,85174
10,85690,8424,0.0,13475,506,85184
11,85701,8425,1.0,13476,506,85195
6,85707,8425,0.0,13477,506,85201
8,85715,8426,1.0,13478,506,85209
6,85721,8427,1.0,13479,506,85215
6,85727,8428,1.0,13480,506,85221
4,85731,8428,0.0,13481,506,85225
11,85742,8429,1.0,13482,506,85236
9,85751,8430,1.0,13483,506,85245
6,85757,8431,1.0,13484,506,85251
6,85763,8432,1.0,13485,506,85257
9,85772,8433,1.0,13486,506,85266
6,85778,8434,1.0,13487,506,85272
7,85785,8435,1.0,13488,506,85279
6,85791,8436,1.0,13489,506,85285
10,85801,8437,1.0,13490,506,85295
6,85807,8438,1.0,13491,506,85301
4,85811,8438,0.0,13492,506,85305
6,85817,8439,1.0,13493,506,85311
6,85823,8440,1.0,13494,506,85317
6,85829,8440,0.0,13495,506,85323
4,85833,8440,0.0,13496,506,85327
2,85835,8440,0.0,13497,506,85329
6,85841,8441,1.0,13498,506,85335
6,85847,8442,1.0,13499,506,85341
8,85855,8443,1.0,13500,506,85349
7,85862,8444,1.0,13501,506,85356
6,85868,8445,1.0,13502,506,85362
6,85874,8446,1.0,13503,506,85368
8,85882,8447,1.0,13504,506,85376
6,85888,8448,1.0,13505,506,85382
5,85893,8448,0.0,13506,506,85387
7,85900,8448,0.0,13507,506,85394
7,85907,8449,1.0,13508,506,85401
7,85914,8450,1.0,13509,506,85408
4,85918,8450,0.0,13510,506,85412
4,85922,8450,0.0,13511,506,85416
6,85928,8451,1.0,13512,506,85422
6,85934,8452,1.0,13513,506,85428
2,85936,8452,0.0,13514,506,85430
9,85945,8453,1.0,13515,506,85439
6,85951,8454,1.0,13516,506,85445
8,85959,8455,1.0,13517,506,85453
7,85966,8456,1.0,13518,506,85460
6,85972,8457,1.0,13519,506,85466
6,85978,8458,1.0,13520,506,85472
6,85984,8459,1.0,13521,506,85478
7,85991,8460,1.0,13522,506,85485
5,85996,8460,0.0,13523,506,85490
7,86003,8461,1.0,13524,506,85497
12,86015,8462,1.0,13525,506,85509
8,86023,8463,1.0,13526,506,85517
6,86029,8464,1.0,13527,506,85523
5,86034,8464,0.0,13528,506,85528
2,86036,8464,0.0,13529,506,85530
8,86044,8465,1.0,13530,506,85538
6,86050,8466,1.0,13531,506,85544
8,86058,8467,1.0,13532,506,85552
6,86064,8467,0.0,13533,506,85558
4,86068,8467,0.0,13534,506,85562
6,86074,8468,1.0,13535,506,85568
2,86076,8468,0.0,13536,506,85570
11,86087,8469,1.0,13537,506,85581
2,86089,8469,0.0,13538,506,85583
7,86096,8469,0.0,13539,506,85590
6,86102,8469,0.0,13540,506,85596
7,86109,8470,1.0,13541,506,85603
6,86115,8470,0.0,13542,506,85609
3,86118,8470,0.0,13543,506,85612
6,86124,8471,1.0,13544,506,85618
2,86126,8471,0.0,13545,506,85620
8,86134,8472,1.0,13546,506,85628
6,86140,8473,1.0,13547,506,85634
6,86146,8474,1.0,13548,506,85640
6,86152,8474,0.0,13549,506,85646
4,86156,8474,0.0,13550,506,85650
6,86162,8475,1.0,13551,506,85656
6,86168,8476,1.0,13552,506,85662
6,86174,8477,1.0,13553,506,85668
2,86176,8477,0.0,13554,506,85670
6,86182,8478,1.0,13555,506,85676
8,86190,8479,1.0,13556,506,85684
6,86196,8480,1.0,13557,506,85690
6,86202,8481,1.0,13558,506,85696
7,86209,8482,1.0,13559,506,85703
5,86214,8482,0.0,13560,506,85708
8,86222,8483,1.0,13561,506,85716
8,86230,8484,1.0,13562,506,85724
6,86236,8485,1.0,13563,506,85730
3,86239,8485,0.0,13564,506,85733
3,86242,8485,0.0,13565,506,85736
6,86248,8486,1.0,13566,506,85742
6,86254,8487,1.0,13567,506,85748
10,86264,8488,1.0,13568,506,85758
6,86270,8489,1.0,13569,506,85764
7,86277,8490,1.0,13570,506,85771
6,86283,8490,0.0,13571,506,85777
4,86287,8490,0.0,13572,506,85781
7,86294,8491,1.0,13573,506,85788
7,86301,8492,1.0,13574,506,85795
11,86312,8493,1.0,13575,506,85806
4,86316,8493,0.0,13576,506,85810
9,86325,8494,1.0,13577,506,85819
5,86330,8494,0.0,13578,506,85824
8,86338,8495,1.0,13579,506,85832
6,86344,8496,1.0,13580,506,85838
4,86348,8496,0.0,13581,506,85842
7,86355,8497,1.0,13582,506,85849
6,86361,8498,1.0,13583,506,85855
8,86369,8499,1.0,13584,506,85863
4,86373,8499,0.0,13585,506,85867
2,86375,8499,0.0,13586,506,85869
8,86383,8500,1.0,13587,506,85877
8,86391,8501,1.0,13588,506,85885
7,86398,8502,1.0,13589,506,85892
6,86404,8503,1.0,13590,506,85898
9,86413,8504,1.0,13591,506,85907
8,86421,8505,1.0,13592,506,85915
6,86427,8506,1.0,13593,506,85921
4,86431,8506,0.0,13594,506,85925
8,86439,8506,0.0,13595,506,85933
8,86447,8507,1.0,13596,506,85941
7,86454,8508,1.0,13597,506,85948
7,86461,8509,1.0,13598,506,85955
6,86467,8510,1.0,13599,506,85961
6,86473,8511,1.0,13600,506,85967
4,86477,8511,0.0,13601,506,85971
4,86481,8511,0.0,13602,506,85975
6,86487,8512,1.0,13603,506,85981
6,86493,8513,1.0,13604,506,85987
8,86501,8514,1.0,13605,506,85995
12,86513,8515,1.0,13606,506,86007
2,86515,8515,0.0,13607,506,86009
7,86522,8516,1.0,13608,506,86016
7,86529,8517,1.0,13609,506,86023
9,86538,8518,1.0,13610,506,86032
3,86541,8518,0.0,13611,506,86035
2,86543,8518,0.0,13612,506,86037
7,86550,8519,1.0,13613,506,86044
9,86559,8520,1.0,13614,506,86053
4,86563,8520,0.0,13615,506,86057
7,86570,8521,1.0,13616,506,86064
6,86576,8522,1.0,13617,506,86070
14,86590,8522,0.0,13618,506,86084
10,86600,8523,1.0,13619,506,86094
9,86609,8524,1.0,13620,506,86103
2,86611,8524,0.0,13621,506,86105
6,86617,8525,1.0,13622,506,86111
3,86620,8525,0.0,13623,506,86114
6,86626,8526,1.0,13624,506,86120
7,86633,8527,1.0,13625,506,86127
2,86635,8527,0.0,13626,506,86129
5,86640,8527,0.0,13627,506,86134
7,86647,8528,1.0,13628,506,86141
6,86653,8529,1.0,13629,506,86147
5,86658,8529,0.0,13630,506,86152
2,86660,8529,0.0,13631,506,86154
6,86666,8530,1.0,13632,506,86160
4,86670,8530,0.0,13633,506,86164
11,86681,8531,1.0,13634,506,86175
5,86686,8531,0.0,13635,506,86180
6,86692,8532,1.0,13636,506,86186
7,86699,8533,1.0,13637,506,86193
5,86704,8533,0.0,13638,506,86198
7,86711,8534,1.0,13639,506,86205
6,86717,8535,1.0,13640,506,86211
12,86729,8536,1.0,13641,506,86223
8,86737,8537,1.0,13642,506,86231
7,86744,8538,1.0,13643,506,86238
7,86751,8539,1.0,13644,506,86245
7,86758,8540,1.0,13645,506,86252
7,86765,8540,0.0,13646,506,86259
6,86771,8541,1.0,13647,506,86265
11,86782,8542,1.0,13648,506,86276
8,86790,8543,1.0,13649,506,86284
4,86794,8543,0.0,13650,506,86288
8,86802,8544,1.0,13651,506,86296
2,86804,8544,0.0,13652,506,86298
6,86810,8545,1.0,13653,506,86304
6,86816,8546,1.0,13654,506,86310
7,86823,8547,1.0,13655,506,86317
6,86829,8548,1.0,13656,506,86323
6,86835,8549,1.0,13657,506,86329
9,86844,8550,1.0,13658,506,86338
7,86851,8551,1.0,13659,506,86345
7,86858,8552,1.0,13660,506,86352
6,86864,8553,1.0,13661,506,86358
4,86868,8553,0.0,13662,506,86362
6,86874,8554,1.0,13663,506,86368
7,86881,8554,0.0,13664,506,86375
9,86890,8555,1.0,13665,506,86384
7,86897,8556,1.0,13666,506,86391
2,86899,8556,0.0,13667,506,86393
4,86903,8556,0.0,13668,506,86397
5,86908,8556,0.0,13669,506,86402
6,86914,8557,1.0,13670,506,86408
7,86921,8558,1.0,13671,506,86415
5,86926,8558,0.0,13672,506,86420
8,86934,8559,1.0,13673,506,86428
7,86941,8560,1.0,13674,506,86435
5,86946,8560,0.0,13675,506,86440
6,86952,8561,1.0,13676,506,86446
7,86959,8562,1.0,13677,506,86453
5,86964,8562,0.0,13678,506,86458
7,86971,8563,1.0,13679,506,86465
2,86973,8563,0.0,13680,506,86467
9,86982,8564,1.0,13681,506,86476
8,86990,8565,1.0,13682,506,86484
2,86992,8565,0.0,13683,506,86486
6,86998,8566,1.0,13684,506,86492
6,87004,8567,1.0,13685,506,86498
2,87006,8567,0.0,13686,506,86500
2,87008,8567,0.0,13687,506,86502
9,87017,8568,1.0,13688,506,86511
7,87024,8569,1.0,13689,506,86518
7,87031,8570,1.0,13690,506,86525
7,87038,8570,0.0,13691,506,86532
9,87047,8571,1.0,13692,506,86541
6,87053,8572,1.0,13693,506,86547
6,87059,8573,1.0,13694,506,86553
6,87065,8574,1.0,13695,506,86559
7,87072,8575,1.0,13696,506,86566
9,87081,8576,1.0,13697,506,86575
6,87087,8577,1.0,13698,506,86581
11,87098,8578,1.0,13699,506,86592
8,87106,8579,1.0,13700,506,86600
6,87112,8580,1.0,13701,506,86606
2,87114,8580,0.0,13702,506,86608
6,87120,8581,1.0,13703,506,86614
9,87129,8582,1.0,13704,506,86623
8,87137,8583,1.0,13705,506,86631
2,87139,8583,0.0,13706,506,86633
2,87141,8583,0.0,13707,506,86635
2,87143,8583,0.0,13708,506,86637
6,87149,8584,1.0,13709,506,86643
6,87155,8585,1.0,13710,506,86649
7,87162,8586,1.0,13711,506,86656
6,87168,8587,1.0,13712,506,86662
10,87178,8588,1.0,13713,506,86672
7,87185,8589,1.0,13714,506,86679
9,87194,8590,1.0,13715,506,86688
10,87204,8591,1.0,13716,506,86698
8,87212,8592,1.0,13717,506,86706
7,87219,8593,1.0,13718,506,86713
5,87224,8593,0.0,13719,506,86718
6,87230,8594,1.0,13720,506,86724
6,87236,8595,1.0,13721,506,86730
6,87242,8596,1.0,13722,506,86736
8,87250,8596,0.0,13723,506,86744
6,87256,8597,1.0,13724,506,86750
6,87262,8597,0.0,13725,506,86756
7,87269,8597,0.0,13726,506,86763
17,87286,8598,1.0,13727,506,86780
7,87293,8598,0.0,13728,506,86787
4,87297,8598,0.0,13729,506,86791
6,87303,8599,1.0,13730,506,86797
7,87310,8600,1.0,13731,506,86804
6,87316,8601,1.0,13732,506,86810
6,87322,8602,1.0,13733,506,86816
6,87328,8603,1.0,13734,506,86822
11,87339,8604,1.0,13735,506,86833
2,87341,8604,0.0,13736,506,86835
13,87354,8605,1.0,13737,506,86848
6,87360,8606,1.0,13738,506,86854
6,87366,8607,1.0,13739,506,86860
10,87376,8608,1.0,13740,506,86870
6,87382,8609,1.0,13741,506,86876
13,87395,8610,1.0,13742,506,86889
8,87403,8611,1.0,13743,506,86897
6,87409,8611,0.0,13744,506,86903
6,87415,8612,1.0,13745,506,86909
6,87421,8613,1.0,13746,506,86915
2,87423,8613,0.0,13747,506,86917
7,87430,8614,1.0,13748,506,86924
7,87437,8615,1.0,13749,506,86931
9,87446,8616,1.0,13750,506,86940
7,87453,8617,1.0,13751,506,86947
4,87457,8617,0.0,13752,506,86951
9,87466,8618,1.0,13753,506,86960
6,87472,8619,1.0,13754,506,86966
11,87483,8620,1.0,13755,506,86977
9,87492,8621,1.0,13756,506,86986
7,87499,8622,1.0,13757,506,86993
7,87506,8623,1.0,13758,506,87000
6,87512,8624,1.0,13759,506,87006
7,87519,8625,1.0,13760,506,87013
16,87535,8626,1.0,13761,506,87029
8,87543,8626,0.0,13762,506,87037
6,87549,8627,1.0,13763,506,87043
9,87558,8628,1.0,13764,506,87052
6,87564,8629,1.0,13765,506,87058
6,87570,8630,1.0,13766,506,87064
9,87579,8631,1.0,13767,506,87073
6,87585,8632,1.0,13768,506,87079
8,87593,8633,1.0,13769,506,87087
5,87598,8633,0.0,13770,506,87092
7,87605,8633,0.0,13771,506,87099
9,87614,8633,0.0,13772,506,87108
5,87619,8633,0.0,13773,506,87113
7,87626,8634,1.0,13774,506,87120
9,87635,8635,1.0,13775,506,87129
9,87644,8636,1.0,13776,506,87138
6,87650,8637,1.0,13777,506,87144
2,87652,8637,0.0,13778,506,87146
4,87656,8637,0.0,13779,506,87150
6,87662,8638,1.0,13780,506,87156
6,87668,8638,0.0,13781,506,87162
9,87677,8639,1.0,13782,506,87171
5,87682,8639,0.0,13783,506,87176
6,87688,8640,1.0,13784,506,87182
6,87694,8641,1.0,13785,506,87188
7,87701,8641,0.0,13786,506,87195
7,87708,8642,1.0,13787,506,87202
7,87715,8643,1.0,13788,506,87209
6,87721,8644,1.0,13789,506,87215
6,87727,8645,1.0,13790,506,87221
7,87734,8646,1.0,13791,506,87228
9,87743,8647,1.0,13792,506,87237
6,87749,8648,1.0,13793,506,87243
9,87758,8649,1.0,13794,506,87252
6,87764,8650,1.0,13795,506,87258
2,87766,8650,0.0,13796,506,87260
6,87772,8651,1.0,13797,506,87266
6,87778,8652,1.0,13798,506,87272
7,87785,8653,1.0,13799,506,87279
6,87791,8653,0.0,13800,506,87285
7,87798,8654,1.0,13801,506,87292
6,87804,8655,1.0,13802,506,87298
9,87813,8656,1.0,13803,506,87307
6,87819,8657,1.0,13804,506,87313
10,87829,8658,1.0,13805,506,87323
6,87835,8659,1.0,13806,506,87329
6,87841,8660,1.0,13807,506,87335
7,87848,8661,1.0,13808,506,87342
6,87854,8662,1.0,13809,506,87348
6,87860,8662,0.0,13810,506,87354
7,87867,8663,1.0,13811,506,87361
6,87873,8664,1.0,13812,506,87367
2,87875,8664,0.0,13813,506,87369
6,87881,8665,1.0,13814,506,87375
2,87883,8665,0.0,13815,506,87377
9,87892,8665,0.0,13816,506,87386
2,87894,8665,0.0,13817,506,87388
6,87900,8665,0.0,13818,506,87394
4,87904,8665,0.0,13819,506,87398
8,87912,8666,1.0,13820,506,87406
7,87919,8667,1.0,13821,506,87413
6,87925,8668,1.0,13822,506,87419
6,87931,8669,1.0,13823,506,87425
7,87938,8670,1.0,13824,506,87432
6,87944,8671,1.0,13825,506,87438
4,87948,8671,0.0,13826,506,87442
9,87957,8672,1.0,13827,506,87451
7,87964,8673,1.0,13828,506,87458
5,87969,8673,0.0,13829,506,87463
7,87976,8674,1.0,13830,506,87470
10,87986,8675,1.0,13831,506,87480
2,87988,8675,0.0,13832,506,87482
4,87992,8675,0.0,13833,506,87486
8,88000,8676,1.0,13834,506,87494
6,88006,8677,1.0,13835,506,87500
7,88013,8678,1.0,13836,506,87507
10,88023,8678,0.0,13837,506,87517
6,88029,8678,0.0,13838,506,87523
9,88038,8679,1.0,13839,506,87532
7,88045,8680,1.0,13840,506,87539
6,88051,8681,1.0,13841,506,87545
7,88058,8682,1.0,13842,506,87552
2,88060,8682,0.0,13843,506,87554
8,88068,8683,1.0,13844,506,87562
6,88074,8684,1.0,13845,506,87568
6,88080,8685,1.0,13846,506,87574
7,88087,8686,1.0,13847,506,87581
3,88090,8686,0.0,13848,506,87584
3,88093,8686,0.0,13849,506,87587
11,88104,8687,1.0,13850,506,87598
10,88114,8688,1.0,13851,506,87608
6,88120,8689,1.0,13852,506,87614
5,88125,8689,0.0,13853,506,87619
6,88131,8689,0.0,13854,506,87625
8,88139,8690,1.0,13855,506,87633
6,88145,8691,1.0,13856,506,87639
6,88151,8692,1.0,13857,506,87645
6,88157,8693,1.0,13858,506,87651
4,88161,8693,0.0,13859,506,87655
4,88165,8693,0.0,13860,506,87659
2,88167,8693,0.0,13861,506,87661
4,88171,8693,0.0,13862,506,87665
7,88178,8693,0.0,13863,506,87672
10,88188,8694,1.0,13864,506,87682
8,88196,8695,1.0,13865,506,87690
6,88202,8696,1.0,13866,506,87696
6,88208,8697,1.0,13867,506,87702
6,88214,8698,1.0,13868,506,87708
7,88221,8699,1.0,13869,506,87715
6,88227,8700,1.0,13870,506,87721
4,88231,8700,0.0,13871,506,87725
6,88237,8701,1.0,13872,506,87731
4,88241,8701,0.0,13873,506,87735
7,88248,8702,1.0,13874,506,87742
10,88258,8703,1.0,13875,506,87752
2,88260,8703,0.0,13876,506,87754
6,88266,8704,1.0,13877,506,87760
6,88272,8705,1.0,13878,506,87766
8,88280,8706,1.0,13879,506,87774
4,88284,8706,0.0,13880,506,87778
6,88290,8707,1.0,13881,506,87784
3,88293,8707,0.0,13882,506,87787
6,88299,8708,1.0,13883,506,87793
4,88303,8708,0.0,13884,506,87797
4,88307,8708,0.0,13885,506,87801
2,88309,8708,0.0,13886,506,87803
6,88315,8709,1.0,13887,506,87809
8,88323,8710,1.0,13888,506,87817
6,88329,8711,1.0,13889,506,87823
8,88337,8712,1.0,13890,506,87831
6,88343,8713,1.0,13891,506,87837
8,88351,8714,1.0,13892,506,87845
8,88359,8715,1.0,13893,506,87853
6,88365,8716,1.0,13894,506,87859
6,88371,8717,1.0,13895,506,87865
6,88377,8717,0.0,13896,506,87871
7,88384,8718,1.0,13897,506,87878
6,88390,8719,1.0,13898,506,87884
7,88397,8719,0.0,13899,506,87891
12,88409,8720,1.0,13900,506,87903
6,88415,8721,1.0,13901,506,87909
6,88421,8722,1.0,13902,506,87915
11,88432,8723,1.0,13903,506,87926
7,88439,8724,1.0,13904,506,87933
6,88445,8725,1.0,13905,506,87939
4,88449,8725,0.0,13906,506,87943
12,88461,8726,1.0,13907,506,87955
6,88467,8727,1.0,13908,506,87961
4,88471,8727,0.0,13909,506,87965
6,88477,8728,1.0,13910,506,87971
6,88483,8729,1.0,13911,506,87977
4,88487,8729,0.0,13912,506,87981
6,88493,8730,1.0,13913,506,87987
4,88497,8730,0.0,13914,506,87991
14,88511,8731,1.0,13915,506,88005
8,88519,8732,1.0,13916,506,88013
7,88526,8733,1.0,13917,506,88020
10,88536,8734,1.0,13918,506,88030
6,88542,8735,1.0,13919,506,88036
7,88549,8736,1.0,13920,506,88043
5,88554,8736,0.0,13921,506,88048
8,88562,8737,1.0,13922,506,88056
6,88568,8738,1.0,13923,506,88062
6,88574,8739,1.0,13924,506,88068
2,88576,8739,0.0,13925,506,88070
4,88580,8739,0.0,13926,506,88074
2,88582,8739,0.0,13927,506,88076
6,88588,8740,1.0,13928,506,88082
7,88595,8741,1.0,13929,506,88089
5,88600,8741,0.0,13930,506,88094
7,88607,8742,1.0,13931,506,88101
4,88611,8742,0.0,13932,506,88105
9,88620,8743,1.0,13933,506,88114
6,88626,8743,0.0,13934,506,88120
2,88628,8743,0.0,13935,506,88122
6,88634,8744,1.0,13936,506,88128
7,88641,8745,1.0,13937,506,88135
7,88648,8746,1.0,13938,506,88142
5,88653,8746,0.0,13939,506,88147
6,88659,8747,1.0,13940,506,88153
2,88661,8747,0.0,13941,506,88155
6,88667,8748,1.0,13942,506,88161
7,88674,8749,1.0,13943,506,88168
2,88676,8749,0.0,13944,506,88170
10,88686,8750,1.0,13945,506,88180
9,88695,8751,1.0,13946,506,88189
6,88701,8751,0.0,13947,506,88195
6,88707,8752,1.0,13948,506,88201
6,88713,8753,1.0,13949,506,88207
2,88715,8753,0.0,13950,506,88209
7,88722,8754,1.0,13951,506,88216
6,88728,8754,0.0,13952,506,88222
6,88734,8755,1.0,13953,506,88228
4,88738,8755,0.0,13954,506,88232
10,88748,8756,1.0,13955,506,88242
6,88754,8757,1.0,13956,506,88248
2,88756,8757,0.0,13957,506,88250
6,88762,8758,1.0,13958,506,88256
7,88769,8759,1.0,13959,506,88263
7,88776,8760,1.0,13960,506,88270
3,88779,8760,0.0,13961,506,88273
2,88781,8760,0.0,13962,506,88275
6,88787,8761,1.0,13963,506,88281
6,88793,8762,1.0,13964,506,88287
5,88798,8762,0.0,13965,506,88292
3,88801,8762,0.0,13966,506,88295
2,88803,8762,0.0,13967,506,88297
6,88809,8763,1.0,13968,506,88303
7,88816,8764,1.0,13969,506,88310
6,88822,8765,1.0,13970,506,88316
6,88828,8766,1.0,13971,506,88322
10,88838,8767,1.0,13972,506,88332
6,88844,8768,1.0,13973,506,88338
2,88846,8768,0.0,13974,506,88340
6,88852,8769,1.0,13975,506,88346
8,88860,8770,1.0,13976,506,88354
6,88866,8771,1.0,13977,506,88360
7,88873,8772,1.0,13978,506,88367
7,88880,8773,1.0,13979,506,88374
7,88887,8774,1.0,13980,506,88381
8,88895,8775,1.0,13981,506,88389
6,88901,8776,1.0,13982,506,88395
7,88908,8777,1.0,13983,506,88402
7,88915,8778,1.0,13984,506,88409
3,88918,8778,0.0,13985,506,88412
8,88926,8779,1.0,13986,506,88420
4,88930,8779,0.0,13987,506,88424
6,88936,8780,1.0,13988,506,88430
6,88942,8781,1.0,13989,506,88436
6,88948,8782,1.0,13990,506,88442
3,88951,8782,0.0,13991,506,88445
6,88957,8783,1.0,13992,506,88451
6,88963,8784,1.0,13993,506,88457
6,88969,8785,1.0,13994,506,88463
3,88972,8785,0.0,13995,506,88466
6,88978,8786,1.0,13996,506,88472
7,88985,8787,1.0,13997,506,88479
6,88991,8788,1.0,13998,506,88485
6,88997,8789,1.0,13999,506,88491
6,89003,8790,1.0,14000,506,88497
6,89009,8791,1.0,14001,506,88503
6,89015,8792,1.0,14002,506,88509
2,89017,8792,0.0,14003,506,88511
9,89026,8793,1.0,14004,506,88520
6,89032,8793,0.0,14005,506,88526
3,89035,8793,0.0,14006,506,88529
7,89042,8794,1.0,14007,506,88536
10,89052,8795,1.0,14008,506,88546
4,89056,8795,0.0,14009,506,88550
9,89065,8796,1.0,14010,506,88559
13,89078,8797,1.0,14011,506,88572
6,89084,8797,0.0,14012,506,88578
6,89090,8797,0.0,14013,506,88584
6,89096,8797,0.0,14014,506,88590
6,89102,8798,1.0,14015,506,88596
12,89114,8799,1.0,14016,506,88608
4,89118,8799,0.0,14017,506,88612
6,89124,8800,1.0,14018,506,88618
10,89134,8801,1.0,14019,506,88628
7,89141,8802,1.0,14020,506,88635
8,89149,8803,1.0,14021,506,88643
5,89154,8803,0.0,14022,506,88648
2,89156,8803,0.0,14023,506,88650
6,89162,8803,0.0,14024,506,88656
6,89168,8804,1.0,14025,506,88662
6,89174,8805,1.0,14026,506,88668
6,89180,8806,1.0,14027,506,88674
6,89186,8807,1.0,14028,506,88680
7,89193,8808,1.0,14029,506,88687
3,89196,8808,0.0,14030,506,88690
6,89202,8809,1.0,14031,506,88696
6,89208,8810,1.0,14032,506,88702
9,89217,8811,1.0,14033,506,88711
12,89229,8812,1.0,14034,506,88723
6,89235,8813,1.0,14035,506,88729
7,89242,8814,1.0,14036,506,88736
8,89250,8815,1.0,14037,506,88744
4,89254,8815,0.0,14038,506,88748
7,89261,8816,1.0,14039,506,88755
6,89267,8817,1.0,14040,506,88761
6,89273,8818,1.0,14041,506,88767
6,89279,8819,1.0,14042,506,88773
9,89288,8820,1.0,14043,506,88782
3,89291,8820,0.0,14044,506,88785
4,89295,8820,0.0,14045,506,88789
6,89301,8821,1.0,14046,506,88795
7,89308,8821,0.0,14047,506,88802
9,89317,8822,1.0,14048,506,88811
9,89326,8823,1.0,14049,506,88820
9,89335,8824,1.0,14050,506,88829
6,89341,8825,1.0,14051,506,88835
8,89349,8826,1.0,14052,506,88843
7,89356,8827,1.0,14053,506,88850
6,89362,8828,1.0,14054,506,88856
6,89368,8829,1.0,14055,506,88862
10,89378,8830,1.0,14056,506,88872
7,89385,8831,1.0,14057,506,88879
7,89392,8832,1.0,14058,506,88886
4,89396,8832,0.0,14059,506,88890
2,89398,8832,0.0,14060,506,88892
6,89404,8833,1.0,14061,506,88898
3,89407,8833,0.0,14062,506,88901
6,89413,8834,1.0,14063,506,88907
10,89423,8834,0.0,14064,506,88917
4,89427,8834,0.0,14065,506,88921
6,89433,8835,1.0,14066,506,88927
10,89443,8836,1.0,14067,506,88937
6,89449,8837,1.0,14068,506,88943
4,89453,8837,0.0,14069,506,88947
6,89459,8838,1.0,14070,506,88953
6,89465,8839,1.0,14071,506,88959
7,89472,8840,1.0,14072,506,88966
6,89478,8841,1.0,14073,506,88972
6,89484,8842,1.0,14074,506,88978
6,89490,8843,1.0,14075,506,88984
3,89493,8843,0.0,14076,506,88987
9,89502,8844,1.0,14077,506,88996
7,89509,8845,1.0,14078,506,89003
4,89513,8845,0.0,14079,506,89007
7,89520,8846,1.0,14080,506,89014
6,89526,8847,1.0,14081,506,89020
10,89536,8848,1.0,14082,506,89030
9,89545,8849,1.0,14083,506,89039
8,89553,8850,1.0,14084,506,89047
7,89560,8851,1.0,14085,506,89054
9,89569,8852,1.0,14086,506,89063
6,89575,8852,0.0,14087,506,89069
7,89582,8853,1.0,14088,506,89076
7,89589,8854,1.0,14089,506,89083
6,89595,8855,1.0,14090,506,89089
7,89602,8856,1.0,14091,506,89096
6,89608,8857,1.0,14092,506,89102
6,89614,8858,1.0,14093,506,89108
6,89620,8859,1.0,14094,506,89114
2,89622,8859,0.0,14095,506,89116
6,89628,8860,1.0,14096,506,89122
5,89633,8860,0.0,14097,506,89127
7,89640,8860,0.0,14098,506,89134
8,89648,8861,1.0,14099,506,89142
10,89658,8862,1.0,14100,506,89152
8,89666,8863,1.0,14101,506,89160
7,89673,8864,1.0,14102,506,89167
5,89678,8864,0.0,14103,506,89172
5,89683,8864,0.0,14104,506,89177
6,89689,8865,1.0,14105,506,89183
3,89692,8865,0.0,14106,506,89186
6,89698,8866,1.0,14107,506,89192
6,89704,8867,1.0,14108,506,89198
5,89709,8867,0.0,14109,506,89203
6,89715,8868,1.0,14110,506,89209
6,89721,8869,1.0,14111,506,89215
12,89733,8870,1.0,14112,506,89227
8,89741,8871,1.0,14113,506,89235
10,89751,8872,1.0,14114,506,89245
9,89760,8873,1.0,14115,506,89254
6,89766,8874,1.0,14116,506,89260
6,89772,8874,0.0,14117,506,89266
4,89776,8874,0.0,14118,506,89270
2,89778,8874,0.0,14119,506,89272
7,89785,8875,1.0,14120,506,89279
7,89792,8876,1.0,14121,506,89286
3,89795,8876,0.0,14122,506,89289
6,89801,8877,1.0,14123,506,89295
7,89808,8878,1.0,14124,506,89302
7,89815,8879,1.0,14125,506,89309
7,89822,8880,1.0,14126,506,89316
6,89828,8881,1.0,14127,506,89322
7,89835,8882,1.0,14128,506,89329
13,89848,8883,1.0,14129,506,89342
7,89855,8884,1.0,14130,506,89349
6,89861,8885,1.0,14131,506,89355
6,89867,8886,1.0,14132,506,89361
6,89873,8887,1.0,14133,506,89367
7,89880,8887,0.0,14134,506,89374
6,89886,8888,1.0,14135,506,89380
4,89890,8888,0.0,14136,506,89384
7,89897,8889,1.0,14137,506,89391
6,89903,8890,1.0,14138,506,89397
6,89909,8891,1.0,14139,506,89403
7,89916,8892,1.0,14140,506,89410
7,89923,8893,1.0,14141,506,89417
7,89930,8894,1.0,14142,506,89424
2,89932,8894,0.0,14143,506,89426
6,89938,8895,1.0,14144,506,89432
5,89943,8895,0.0,14145,506,89437
6,89949,8896,1.0,14146,506,89443
6,89955,8897,1.0,14147,506,89449
4,89959,8897,0.0,14148,506,89453
6,89965,8898,1.0,14149,506,89459
5,89970,8898,0.0,14150,506,89464
6,89976,8899,1.0,14151,506,89470
6,89982,8900,1.0,14152,506,89476
4,89986,8900,0.0,14153,506,89480
7,89993,8901,1.0,14154,506,89487
4,89997,8901,0.0,14155,506,89491
6,90003,8902,1.0,14156,506,89497
7,90010,8903,1.0,14157,506,89504
6,90016,8904,1.0,14158,506,89510
6,90022,8905,1.0,14159,506,89516
6,90028,8906,1.0,14160,506,89522
10,90038,8907,1.0,14161,506,89532
7,90045,8908,1.0,14162,506,89539
8,90053,8909,1.0,14163,506,89547
11,90064,8910,1.0,14164,506,89558
6,90070,8910,0.0,14165,506,89564
9,90079,8910,0.0,14166,506,89573
6,90085,8911,1.0,14167,506,89579
3,90088,8911,0.0,14168,506,89582
9,90097,8912,1.0,14169,506,89591
8,90105,8913,1.0,14170,506,89599
6,90111,8914,1.0,14171,506,89605
7,90118,8914,0.0,14172,506,89612
6,90124,8915,1.0,14173,506,89618
9,90133,8916,1.0,14174,506,89627
8,90141,8916,0.0,14175,506,89635
6,90147,8917,1.0,14176,506,89641
7,90154,8918,1.0,14177,506,89648
4,90158,8918,0.0,14178,506,89652
4,90162,8918,0.0,14179,506,89656
6,90168,8919,1.0,14180,506,89662
6,90174,8920,1.0,14181,506,89668
8,90182,8921,1.0,14182,506,89676
10,90192,8922,1.0,14183,506,89686
8,90200,8922,0.0,14184,506,89694
9,90209,8923,1.0,14185,506,89703
2,90211,8923,0.0,14186,506,89705
6,90217,8924,1.0,14187,506,89711
7,90224,8925,1.0,14188,506,89718
5,90229,8925,0.0,14189,506,89723
11,90240,8926,1.0,14190,506,89734
6,90246,8927,1.0,14191,506,89740
6,90252,8928,1.0,14192,506,89746
4,90256,8928,0.0,14193,506,89750
4,90260,8928,0.0,14194,506,89754
6,90266,8929,1.0,14195,506,89760
6,90272,8930,1.0,14196,506,89766
6,90278,8931,1.0,14197,506,89772
7,90285,8932,1.0,14198,506,89779
7,90292,8933,1.0,14199,506,89786
6,90298,8934,1.0,14200,506,89792
4,90302,8934,0.0,14201,506,89796
7,90309,8935,1.0,14202,506,89803
6,90315,8936,1.0,14203,506,89809
6,90321,8937,1.0,14204,506,89815
8,90329,8938,1.0,14205,506,89823
10,90339,8939,1.0,14206,506,89833
6,90345,8940,1.0,14207,506,89839
6,90351,8941,1.0,14208,506,89845
3,90354,8941,0.0,14209,506,89848
5,90359,8941,0.0,14210,506,89853
6,90365,8942,1.0,14211,506,89859
10,90375,8943,1.0,14212,506,89869
8,90383,8944,1.0,14213,506,89877
6,90389,8945,1.0,14214,506,89883
7,90396,8946,1.0,14215,506,89890
6,90402,8947,1.0,14216,506,89896
10,90412,8948,1.0,14217,506,89906
6,90418,8949,1.0,14218,506,89912
6,90424,8950,1.0,14219,506,89918
4,90428,8950,0.0,14220,506,89922
8,90436,8951,1.0,14221,506,89930
6,90442,8951,0.0,14222,506,89936
6,90448,8952,1.0,14223,506,89942
7,90455,8953,1.0,14224,506,89949
10,90465,8954,1.0,14225,506,89959
6,90471,8955,1.0,14226,506,89965
7,90478,8956,1.0,14227,506,89972
7,90485,8957,1.0,14228,506,89979
7,90492,8958,1.0,14229,506,89986
6,90498,8959,1.0,14230,506,89992
2,90500,8959,0.0,14231,506,89994
7,90507,8960,1.0,14232,506,90001
7,90514,8961,1.0,14233,506,90008
4,90518,8961,0.0,14234,506,90012
7,90525,8962,1.0,14235,506,90019
9,90534,8963,1.0,14236,506,90028
6,90540,8964,1.0,14237,506,90034
5,90545,8964,0.0,14238,506,90039
4,90549,8964,0.0,14239,506,90043
9,90558,8965,1.0,14240,506,90052
3,90561,8965,0.0,14241,506,90055
8,90569,8966,1.0,14242,506,90063
10,90579,8967,1.0,14243,506,90073
9,90588,8968,1.0,14244,506,90082
6,90594,8969,1.0,14245,506,90088
6,90600,8970,1.0,14246,506,90094
6,90606,8971,1.0,14247,506,90100
6,90612,8972,1.0,14248,506,90106
6,90618,8972,0.0,14249,506,90112
6,90624,8973,1.0,14250,506,90118
6,90630,8973,0.0,14251,506,90124
8,90638,8974,1.0,14252,506,90132
7,90645,8975,1.0,14253,506,90139
7,90652,8976,1.0,14254,506,90146
12,90664,8977,1.0,14255,506,90158
6,90670,8978,1.0,14256,506,90164
8,90678,8979,1.0,14257,506,90172
9,90687,8980,1.0,14258,506,90181
2,90689,8980,0.0,14259,506,90183
6,90695,8981,1.0,14260,506,90189
4,90699,8981,0.0,14261,506,90193
4,90703,8981,0.0,14262,506,90197
2,90705,8981,0.0,14263,506,90199
3,90708,8981,0.0,14264,506,90202
9,90717,8982,1.0,14265,506,90211
4,90721,8982,0.0,14266,506,90215
7,90728,8983,1.0,14267,506,90222
7,90735,8984,1.0,14268,506,90229
2,90737,8984,0.0,14269,506,90231
2,90739,8984,0.0,14270,506,90233
6,90745,8985,1.0,14271,506,90239
6,90751,8985,0.0,14272,506,90245
4,90755,8985,0.0,14273,506,90249
6,90761,8986,1.0,14274,506,90255
4,90765,8986,0.0,14275,506,90259
6,90771,8987,1.0,14276,506,90265
4,90775,8987,0.0,14277,506,90269
8,90783,8988,1.0,14278,506,90277
7,90790,8989,1.0,14279,506,90284
6,90796,8990,1.0,14280,506,90290
6,90802,8991,1.0,14281,506,90296
2,90804,8991,0.0,14282,506,90298
4,90808,8991,0.0,14283,506,90302
5,90813,8991,0.0,14284,506,90307
2,90815,8991,0.0,14285,506,90309
5,90820,8991,0.0,14286,506,90314
5,90825,8991,0.0,14287,506,90319
8,90833,8992,1.0,14288,506,90327
2,90835,8992,0.0,14289,506,90329
6,90841,8993,1.0,14290,506,90335
6,90847,8994,1.0,14291,506,90341
6,90853,8995,1.0,14292,506,90347
8,90861,8996,1.0,14293,506,90355
6,90867,8997,1.0,14294,506,90361
6,90873,8998,1.0,14295,506,90367
2,90875,8998,0.0,14296,506,90369
6,90881,8999,1.0,14297,506,90375
7,90888,8999,0.0,14298,506,90382
6,90894,9000,1.0,14299,506,90388
4,90898,9000,0.0,14300,506,90392
6,90904,9001,1.0,14301,506,90398
7,90911,9002,1.0,14302,506,90405
6,90917,9003,1.0,14303,506,90411
2,90919,9003,0.0,14304,506,90413
10,90929,9004,1.0,14305,506,90423
14,90943,9005,1.0,14306,506,90437
6,90949,9006,1.0,14307,506,90443
6,90955,9007,1.0,14308,506,90449
2,90957,9007,0.0,14309,506,90451
9,90966,9007,0.0,14310,506,90460
6,90972,9007,0.0,14311,506,90466
6,90978,9008,1.0,14312,506,90472
6,90984,9009,1.0,14313,506,90478
7,90991,9010,1.0,14314,506,90485
6,90997,9011,1.0,14315,506,90491
7,91004,9012,1.0,14316,506,90498
6,91010,9013,1.0,14317,506,90504
6,91016,9014,1.0,14318,506,90510
6,91022,9015,1.0,14319,506,90516
7,91029,9016,1.0,14320,506,90523
2,91031,9016,0.0,14321,506,90525
6,91037,9017,1.0,14322,506,90531
4,91041,9017,0.0,14323,506,90535
6,91047,9018,1.0,14324,506,90541
6,91053,9018,0.0,14325,506,90547
6,91059,9019,1.0,14326,506,90553
6,91065,9020,1.0,14327,506,90559
6,91071,9021,1.0,14328,506,90565
8,91079,9022,1.0,14329,506,90573
7,91086,9023,1.0,14330,506,90580
6,91092,9024,1.0,14331,506,90586
10,91102,9025,1.0,14332,506,90596
5,91107,9025,0.0,14333,506,90601
9,91116,9025,0.0,14334,506,90610
8,91124,9026,1.0,14335,506,90618
6,91130,9027,1.0,14336,506,90624
6,91136,9028,1.0,14337,506,90630
8,91144,9029,1.0,14338,506,90638
6,91150,9029,0.0,14339,506,90644
7,91157,9029,0.0,14340,506,90651
10,91167,9030,1.0,14341,506,90661
11,91178,9030,0.0,14342,506,90672
6,91184,9031,1.0,14343,506,90678
7,91191,9032,1.0,14344,506,90685
4,91195,9032,0.0,14345,506,90689
4,91199,9032,0.0,14346,506,90693
4,91203,9032,0.0,14347,506,90697
8,91211,9033,1.0,14348,506,90705
7,91218,9034,1.0,14349,506,90712
7,91225,9035,1.0,14350,506,90719
6,91231,9036,1.0,14351,506,90725
13,91244,9037,1.0,14352,506,90738
6,91250,9038,1.0,14353,506,90744
8,91258,9039,1.0,14354,506,90752
7,91265,9039,0.0,14355,506,90759
6,91271,9040,1.0,14356,506,90765
6,91277,9040,0.0,14357,506,90771
7,91284,9041,1.0,14358,506,90778
6,91290,9042,1.0,14359,506,90784
9,91299,9043,1.0,14360,506,90793
7,91306,9044,1.0,14361,506,90800
8,91314,9045,1.0,14362,506,90808
8,91322,9046,1.0,14363,506,90816
6,91328,9047,1.0,14364,506,90822
6,91334,9048,1.0,14365,506,90828
13,91347,9049,1.0,14366,506,90841
6,91353,9050,1.0,14367,506,90847
6,91359,9051,1.0,14368,506,90853
6,91365,9052,1.0,14369,506,90859
6,91371,9053,1.0,14370,506,90865
2,91373,9053,0.0,14371,506,90867
6,91379,9054,1.0,14372,506,90873
6,91385,9055,1.0,14373,506,90879
6,91391,9056,1.0,14374,506,90885
5,91396,9056,0.0,14375,506,90890
6,91402,9057,1.0,14376,506,90896
7,91409,9058,1.0,14377,506,90903
8,91417,9059,1.0,14378,506,90911
6,91423,9060,1.0,14379,506,90917
7,91430,9061,1.0,14380,506,90924
2,91432,9061,0.0,14381,506,90926
7,91439,9062,1.0,14382,506,90933
6,91445,9063,1.0,14383,506,90939
6,91451,9064,1.0,14384,506,90945
2,91453,9064,0.0,14385,506,90947
8,91461,9065,1.0,14386,506,90955
8,91469,9066,1.0,14387,506,90963
7,91476,9067,1.0,14388,506,90970
6,91482,9068,1.0,14389,506,90976
6,91488,9069,1.0,14390,506,90982
6,91494,9069,0.0,14391,506,90988
4,91498,9069,0.0,14392,506,90992
4,91502,9069,0.0,14393,506,90996
2,91504,9069,0.0,14394,506,90998
9,91513,9070,1.0,14395,506,91007
5,91518,9070,0.0,14396,506,91012
6,91524,9071,1.0,14397,506,91018
5,91529,9071,0.0,14398,506,91023
6,91535,9072,1.0,14399,506,91029
7,91542,9073,1.0,14400,506,91036
2,91544,9073,0.0,14401,506,91038
9,91553,9074,1.0,14402,506,91047
8,91561,9075,1.0,14403,506,91055
6,91567,9076,1.0,14404,506,91061
6,91573,9077,1.0,14405,506,91067
12,91585,9077,0.0,14406,506,91079
2,91587,9077,0.0,14407,506,91081
2,91589,9077,0.0,14408,506,91083
6,91595,9078,1.0,14409,506,91089
4,91599,9078,0.0,14410,506,91093
6,91605,9079,1.0,14411,506,91099
7,91612,9080,1.0,14412,506,91106
12,91624,9081,1.0,14413,506,91118
10,91634,9081,0.0,14414,506,91128
6,91640,9082,1.0,14415,506,91134
6,91646,9083,1.0,14416,506,91140
4,91650,9083,0.0,14417,506,91144
6,91656,9084,1.0,14418,506,91150
7,91663,9085,1.0,14419,506,91157
7,91670,9086,1.0,14420,506,91164
10,91680,9087,1.0,14421,506,91174
8,91688,9088,1.0,14422,506,91182
8,91696,9089,1.0,14423,506,91190
4,91700,9089,0.0,14424,506,91194
6,91706,9090,1.0,14425,506,91200
7,91713,9091,1.0,14426,506,91207
8,91721,9092,1.0,14427,506,91215
6,91727,9093,1.0,14428,506,91221
8,91735,9094,1.0,14429,506,91229
2,91737,9094,0.0,14430,506,91231
8,91745,9095,1.0,14431,506,91239
4,91749,9095,0.0,14432,506,91243
6,91755,9096,1.0,14433,506,91249
4,91759,9096,0.0,14434,506,91253
11,91770,9097,1.0,14435,506,91264
9,91779,9098,1.0,14436,506,91273
7,91786,9099,1.0,14437,506,91280
8,91794,9100,1.0,14438,506,91288
9,91803,9101,1.0,14439,506,91297
6,91809,9102,1.0,14440,506,91303
6,91815,9103,1.0,14441,506,91309
6,91821,9104,1.0,14442,506,91315
10,91831,9105,1.0,14443,506,91325
6,91837,9106,1.0,14444,506,91331
6,91843,9107,1.0,14445,506,91337
6,91849,9108,1.0,14446,506,91343
10,91859,9109,1.0,14447,506,91353
8,91867,9110,1.0,14448,506,91361
2,91869,9110,0.0,14449,506,91363
6,91875,9111,1.0,14450,506,91369
7,91882,9112,1.0,14451,506,91376
4,91886,9112,0.0,14452,506,91380
5,91891,9112,0.0,14453,506,91385
8,91899,9113,1.0,14454,506,91393
4,91903,9113,0.0,14455,506,91397
4,91907,9113,0.0,14456,506,91401
14,91921,9114,1.0,14457,506,91415
6,91927,9115,1.0,14458,506,91421
6,91933,9116,1.0,14459,506,91427
7,91940,9117,1.0,14460,506,91434
7,91947,9118,1.0,14461,506,91441
4,91951,9118,0.0,14462,506,91445
2,91953,9118,0.0,14463,506,91447
6,91959,9119,1.0,14464,506,91453
7,91966,9120,1.0,14465,506,91460
6,91972,9121,1.0,14466,506,91466
14,91986,9122,1.0,14467,506,91480
7,91993,9123,1.0,14468,506,91487
4,91997,9123,0.0,14469,506,91491
4,92001,9123,0.0,14470,506,91495
4,92005,9123,0.0,14471,506,91499
7,92012,9124,1.0,14472,506,91506
9,92021,9124,0.0,14473,506,91515
7,92028,9125,1.0,14474,506,91522
8,92036,9126,1.0,14475,506,91530
6,92042,9127,1.0,14476,506,91536
6,92048,9128,1.0,14477,506,91542
6,92054,9129,1.0,14478,506,91548
9,92063,9130,1.0,14479,506,91557
6,92069,9131,1.0,14480,506,91563
6,92075,9132,1.0,14481,506,91569
6,92081,9133,1.0,14482,506,91575
6,92087,9133,0.0,14483,506,91581
4,92091,9133,0.0,14484,506,91585
5,92096,9133,0.0,14485,506,91590
7,92103,9134,1.0,14486,506,91597
7,92110,9135,1.0,14487,506,91604
8,92118,9136,1.0,14488,506,91612
2,92120,9136,0.0,14489,506,91614
8,92128,9137,1.0,14490,506,91622
6,92134,9138,1.0,14491,506,91628
7,92141,9139,1.0,14492,506,91635
2,92143,9139,0.0,14493,506,91637
16,92159,9140,1.0,14494,506,91653
2,92161,9140,0.0,14495,506,91655
11,92172,9141,1.0,14496,506,91666
6,92178,9142,1.0,14497,506,91672
6,92184,9142,0.0,14498,506,91678
6,92190,9142,0.0,14499,506,91684
5,92195,9142,0.0,14500,506,91689
7,92202,9143,1.0,14501,506,91696
7,92209,9143,0.0,14502,506,91703
8,92217,9144,1.0,14503,506,91711
6,92223,9145,1.0,14504,506,91717
6,92229,9146,1.0,14505,506,91723
7,92236,9147,1.0,14506,506,91730
2,92238,9147,0.0,14507,506,91732
2,92240,9147,0.0,14508,506,91734
7,92247,9148,1.0,14509,506,91741
7,92254,9149,1.0,14510,506,91748
8,92262,9150,1.0,14511,506,91756
8,92270,9151,1.0,14512,506,91764
6,92276,9152,1.0,14513,506,91770
6,92282,9153,1.0,14514,506,91776
7,92289,9154,1.0,14515,506,91783
6,92295,9155,1.0,14516,506,91789
6,92301,9156,1.0,14517,506,91795
7,92308,9156,0.0,14518,506,91802
5,92313,9156,0.0,14519,506,91807
15,92328,9157,1.0,14520,506,91822
10,92338,9158,1.0,14521,506,91832
2,92340,9158,0.0,14522,506,91834
5,92345,9158,0.0,14523,506,91839
7,92352,9159,1.0,14524,506,91846
6,92358,9160,1.0,14525,506,91852
9,92367,9161,1.0,14526,506,91861
7,92374,9162,1.0,14527,506,91868
6,92380,9163,1.0,14528,506,91874
8,92388,9164,1.0,14529,506,91882
5,92393,9164,0.0,14530,506,91887
6,92399,9165,1.0,14531,506,91893
6,92405,9166,1.0,14532,506,91899
6,92411,9167,1.0,14533,506,91905
4,92415,9167,0.0,14534,506,91909
5,92420,9167,0.0,14535,506,91914
3,92423,9167,0.0,14536,506,91917
6,92429,9168,1.0,14537,506,91923
6,92435,9169,1.0,14538,506,91929
7,92442,9170,1.0,14539,506,91936
11,92453,9171,1.0,14540,506,91947
3,92456,9171,0.0,14541,506,91950
6,92462,9172,1.0,14542,506,91956
7,92469,9173,1.0,14543,506,91963
2,92471,9173,0.0,14544,506,91965
4,92475,9173,0.0,14545,506,91969
6,92481,9174,1.0,14546,506,91975
6,92487,9174,0.0,14547,506,91981
4,92491,9174,0.0,14548,506,91985
8,92499,9175,1.0,14549,506,91993
6,92505,9176,1.0,14550,506,91999
9,92514,9177,1.0,14551,506,92008
6,92520,9178,1.0,14552,506,92014
8,92528,9179,1.0,14553,506,92022
4,92532,9179,0.0,14554,506,92026
13,92545,9180,1.0,14555,506,92039
6,92551,9181,1.0,14556,506,92045
7,92558,9181,0.0,14557,506,92052
9,92567,9182,1.0,14558,506,92061
4,92571,9182,0.0,14559,506,92065
6,92577,9183,1.0,14560,506,92071
6,92583,9184,1.0,14561,506,92077
6,92589,9185,1.0,14562,506,92083
7,92596,9186,1.0,14563,506,92090
3,92599,9186,0.0,14564,506,92093
6,92605,9187,1.0,14565,506,92099
6,92611,9188,1.0,14566,506,92105
9,92620,9189,1.0,14567,506,92114
7,92627,9190,1.0,14568,506,92121
2,92629,9190,0.0,14569,506,92123
6,92635,9191,1.0,14570,506,92129
5,92640,9191,0.0,14571,506,92134
10,92650,9192,1.0,14572,506,92144
9,92659,9192,0.0,14573,506,92153
6,92665,9193,1.0,14574,506,92159
6,92671,9194,1.0,14575,506,92165
9,92680,9195,1.0,14576,506,92174
6,92686,9195,0.0,14577,506,92180
7,92693,9196,1.0,14578,506,92187
6,92699,9197,1.0,14579,506,92193
6,92705,9198,1.0,14580,506,92199
6,92711,9199,1.0,14581,506,92205
4,92715,9199,0.0,14582,506,92209
6,92721,9200,1.0,14583,506,92215
7,92728,9200,0.0,14584,506,92222
7,92735,9200,0.0,14585,506,92229
7,92742,9200,0.0,14586,506,92236
2,92744,9200,0.0,14587,506,92238
7,92751,9201,1.0,14588,506,92245
4,92755,9201,0.0,14589,506,92249
2,92757,9201,0.0,14590,506,92251
6,92763,9201,0.0,14591,506,92257
10,92773,9202,1.0,14592,506,92267
8,92781,9203,1.0,14593,506,92275
5,92786,9203,0.0,14594,506,92280
7,92793,9204,1.0,14595,506,92287
6,92799,9205,1.0,14596,506,92293
7,92806,9206,1.0,14597,506,92300
6,92812,9207,1.0,14598,506,92306
4,92816,9207,0.0,14599,506,92310
9,92825,9207,0.0,14600,506,92319
11,92836,9207,0.0,14601,506,92330
6,92842,9208,1.0,14602,506,92336
6,92848,9209,1.0,14603,506,92342
7,92855,9210,1.0,14604,506,92349
2,92857,9210,0.0,14605,506,92351
6,92863,9211,1.0,14606,506,92357
4,92867,9211,0.0,14607,506,92361
2,92869,9211,0.0,14608,506,92363
6,92875,9212,1.0,14609,506,92369
7,92882,9213,1.0,14610,506,92376
6,92888,9214,1.0,14611,506,92382
8,92896,9215,1.0,14612,506,92390
7,92903,9216,1.0,14613,506,92397
8,92911,9217,1.0,14614,506,92405
6,92917,9218,1.0,14615,506,92411
8,92925,9219,1.0,14616,506,92419
8,92933,9220,1.0,14617,506,92427
8,92941,9221,1.0,14618,506,92435
9,92950,9222,1.0,14619,506,92444
2,92952,9222,0.0,14620,506,92446
7,92959,9223,1.0,14621,506,92453
9,92968,9224,1.0,14622,506,92462
7,92975,9225,1.0,14623,506,92469
6,92981,9226,1.0,14624,506,92475
4,92985,9226,0.0,14625,506,92479
6,92991,9227,1.0,14626,506,92485
7,92998,9228,1.0,14627,506,92492
6,93004,9229,1.0,14628,506,92498
6,93010,9230,1.0,14629,506,92504
2,93012,9230,0.0,14630,506,92506
6,93018,9231,1.0,14631,506,92512
6,93024,9232,1.0,14632,506,92518
4,93028,9232,0.0,14633,506,92522
6,93034,9233,1.0,14634,506,92528
6,93040,9234,1.0,14635,506,92534
6,93046,9235,1.0,14636,506,92540
6,93052,9236,1.0,14637,506,92546
2,93054,9236,0.0,14638,506,92548
7,93061,9237,1.0,14639,506,92555
6,93067,9238,1.0,14640,506,92561
6,93073,9239,1.0,14641,506,92567
6,93079,9240,1.0,14642,506,92573
6,93085,9241,1.0,14643,506,92579
2,93087,9241,0.0,14644,506,92581
11,93098,9242,1.0,14645,506,92592
6,93104,9242,0.0,14646,506,92598
18,93122,9243,1.0,14647,506,92616
10,93132,9243,0.0,14648,506,92626
4,93136,9243,0.0,14649,506,92630
8,93144,9244,1.0,14650,506,92638
6,93150,9245,1.0,14651,506,92644
6,93156,9246,1.0,14652,506,92650
6,93162,9247,1.0,14653,506,92656
7,93169,9248,1.0,14654,506,92663
2,93171,9248,0.0,14655,506,92665
9,93180,9249,1.0,14656,506,92674
9,93189,9250,1.0,14657,506,92683
7,93196,9251,1.0,14658,506,92690
9,93205,9252,1.0,14659,506,92699
8,93213,9253,1.0,14660,506,92707
6,93219,9254,1.0,14661,506,92713
8,93227,9255,1.0,14662,506,92721
6,93233,9256,1.0,14663,506,92727
5,93238,9256,0.0,14664,506,92732
6,93244,9257,1.0,14665,506,92738
6,93250,9258,1.0,14666,506,92744
7,93257,9259,1.0,14667,506,92751
9,93266,9260,1.0,14668,506,92760
7,93273,9261,1.0,14669,506,92767
2,93275,9261,0.0,14670,506,92769
6,93281,9262,1.0,14671,506,92775
6,93287,9263,1.0,14672,506,92781
9,93296,9263,0.0,14673,506,92790
2,93298,9263,0.0,14674,506,92792
6,93304,9264,1.0,14675,506,92798
8,93312,9264,0.0,14676,506,92806
7,93319,9265,1.0,14677,506,92813
9,93328,9265,0.0,14678,506,92822
6,93334,9266,1.0,14679,506,92828
5,93339,9266,0.0,14680,506,92833
6,93345,9267,1.0,14681,506,92839
4,93349,9267,0.0,14682,506,92843
12,93361,9268,1.0,14683,506,92855
4,93365,9268,0.0,14684,506,92859
6,93371,9268,0.0,14685,506,92865
6,93377,9269,1.0,14686,506,92871
7,93384,9270,1.0,14687,506,92878
7,93391,9270,0.0,14688,506,92885
4,93395,9270,0.0,14689,506,92889
4,93399,9270,0.0,14690,506,92893
5,93404,9270,0.0,14691,506,92898
6,93410,9271,1.0,14692,506,92904
12,93422,9272,1.0,14693,506,92916
5,93427,9272,0.0,14694,506,92921
6,93433,9273,1.0,14695,506,92927
6,93439,9274,1.0,14696,506,92933
4,93443,9274,0.0,14697,506,92937
11,93454,9275,1.0,14698,506,92948
8,93462,9276,1.0,14699,506,92956
9,93471,9277,1.0,14700,506,92965
5,93476,9277,0.0,14701,506,92970
6,93482,9278,1.0,14702,506,92976
7,93489,9278,0.0,14703,506,92983
10,93499,9278,0.0,14704,506,92993
10,93509,9279,1.0,14705,506,93003
7,93516,9280,1.0,14706,506,93010
6,93522,9281,1.0,14707,506,93016
4,93526,9281,0.0,14708,506,93020
7,93533,9282,1.0,14709,506,93027
8,93541,9283,1.0,14710,506,93035
11,93552,9284,1.0,14711,506,93046
9,93561,9285,1.0,14712,506,93055
6,93567,9286,1.0,14713,506,93061
4,93571,9286,0.0,14714,506,93065
9,93580,9287,1.0,14715,506,93074
6,93586,9288,1.0,14716,506,93080
8,93594,9289,1.0,14717,506,93088
7,93601,9290,1.0,14718,506,93095
3,93604,9290,0.0,14719,506,93098
6,93610,9291,1.0,14720,506,93104
8,93618,9292,1.0,14721,506,93112
8,93626,9293,1.0,14722,506,93120
7,93633,9294,1.0,14723,506,93127
6,93639,9295,1.0,14724,506,93133
7,93646,9296,1.0,14725,506,93140
7,93653,9297,1.0,14726,506,93147
6,93659,9298,1.0,14727,506,93153
7,93666,9299,1.0,14728,506,93160
6,93672,9300,1.0,14729,506,93166
6,93678,9301,1.0,14730,506,93172
6,93684,9302,1.0,14731,506,93178
9,93693,9303,1.0,14732,506,93187
6,93699,9304,1.0,14733,506,93193
6,93705,9305,1.0,14734,506,93199
6,93711,9306,1.0,14735,506,93205
2,93713,9306,0.0,14736,506,93207
4,93717,9306,0.0,14737,506,93211
6,93723,9307,1.0,14738,506,93217
6,93729,9308,1.0,14739,506,93223
2,93731,9308,0.0,14740,506,93225
7,93738,9309,1.0,14741,506,93232
6,93744,9310,1.0,14742,506,93238
8,93752,9311,1.0,14743,506,93246
6,93758,9312,1.0,14744,506,93252
9,93767,9313,1.0,14745,506,93261
6,93773,9314,1.0,14746,506,93267
5,93778,9314,0.0,14747,506,93272
6,93784,9315,1.0,14748,506,93278
6,93790,9316,1.0,14749,506,93284
10,93800,9317,1.0,14750,506,93294
6,93806,9318,1.0,14751,506,93300
6,93812,9319,1.0,14752,506,93306
6,93818,9320,1.0,14753,506,93312
7,93825,9321,1.0,14754,506,93319
9,93834,9322,1.0,14755,506,93328
6,93840,9323,1.0,14756,506,93334
6,93846,9324,1.0,14757,506,93340
7,93853,9325,1.0,14758,506,93347
6,93859,9326,1.0,14759,506,93353
6,93865,9327,1.0,14760,506,93359
7,93872,9328,1.0,14761,506,93366
8,93880,9329,1.0,14762,506,93374
6,93886,9330,1.0,14763,506,93380
4,93890,9330,0.0,14764,506,93384
2,93892,9330,0.0,14765,506,93386
6,93898,9331,1.0,14766,506,93392
9,93907,9332,1.0,14767,506,93401
4,93911,9332,0.0,14768,506,93405
2,93913,9332,0.0,14769,506,93407
9,93922,9333,1.0,14770,506,93416
6,93928,9334,1.0,14771,506,93422
11,93939,9335,1.0,14772,506,93433
6,93945,9336,1.0,14773,506,93439
7,93952,9337,1.0,14774,506,93446
11,93963,9338,1.0,14775,506,93457
9,93972,9339,1.0,14776,506,93466
9,93981,9340,1.0,14777,506,93475
6,93987,9341,1.0,14778,506,93481
6,93993,9342,1.0,14779,506,93487
4,93997,9342,0.0,14780,506,93491
6,94003,9343,1.0,14781,506,93497
6,94009,9344,1.0,14782,506,93503
7,94016,9344,0.0,14783,506,93510
6,94022,9345,1.0,14784,506,93516
6,94028,9346,1.0,14785,506,93522
7,94035,9347,1.0,14786,506,93529
6,94041,9348,1.0,14787,506,93535
7,94048,9349,1.0,14788,506,93542
6,94054,9350,1.0,14789,506,93548
6,94060,9351,1.0,14790,506,93554
7,94067,9352,1.0,14791,506,93561
6,94073,9353,1.0,14792,506,93567
8,94081,9354,1.0,14793,506,93575
6,94087,9355,1.0,14794,506,93581
2,94089,9355,0.0,14795,506,93583
3,94092,9355,0.0,14796,506,93586
8,94100,9356,1.0,14797,506,93594
2,94102,9356,0.0,14798,506,93596
2,94104,9356,0.0,14799,506,93598
7,94111,9357,1.0,14800,506,93605
3,94114,9357,0.0,14801,506,93608
2,94116,9357,0.0,14802,506,93610
7,94123,9358,1.0,14803,506,93617
6,94129,9359,1.0,14804,506,93623
6,94135,9360,1.0,14805,506,93629
8,94143,9361,1.0,14806,506,93637
8,94151,9361,0.0,14807,506,93645
6,94157,9362,1.0,14808,506,93651
6,94163,9363,1.0,14809,506,93657
5,94168,9363,0.0,14810,506,93662
8,94176,9364,1.0,14811,506,93670
6,94182,9365,1.0,14812,506,93676
3,94185,9365,0.0,14813,506,93679
7,94192,9366,1.0,14814,506,93686
9,94201,9367,1.0,14815,506,93695
7,94208,9368,1.0,14816,506,93702
6,94214,9369,1.0,14817,506,93708
2,94216,9369,0.0,14818,506,93710
2,94218,9369,0.0,14819,506,93712
6,94224,9370,1.0,14820,506,93718
7,94231,9371,1.0,14821,506,93725
4,94235,9371,0.0,14822,506,93729
8,94243,9372,1.0,14823,506,93737
8,94251,9373,1.0,14824,506,93745
7,94258,9374,1.0,14825,506,93752
6,94264,9375,1.0,14826,506,93758
6,94270,9376,1.0,14827,506,93764
7,94277,9377,1.0,14828,506,93771
6,94283,9378,1.0,14829,506,93777
7,94290,9379,1.0,14830,506,93784
13,94303,9380,1.0,14831,506,93797
2,94305,9380,0.0,14832,506,93799
6,94311,9381,1.0,14833,506,93805
8,94319,9382,1.0,14834,506,93813
8,94327,9383,1.0,14835,506,93821
6,94333,9384,1.0,14836,506,93827
11,94344,9385,1.0,14837,506,93838
7,94351,9386,1.0,14838,506,93845
4,94355,9386,0.0,14839,506,93849
4,94359,9386,0.0,14840,506,93853
7,94366,9387,1.0,14841,506,93860
8,94374,9388,1.0,14842,506,93868
10,94384,9389,1.0,14843,506,93878
6,94390,9390,1.0,14844,506,93884
6,94396,9391,1.0,14845,506,93890
10,94406,9392,1.0,14846,506,93900
6,94412,9393,1.0,14847,506,93906
7,94419,9394,1.0,14848,506,93913
6,94425,9395,1.0,14849,506,93919
8,94433,9396,1.0,14850,506,93927
4,94437,9396,0.0,14851,506,93931
5,94442,9396,0.0,14852,506,93936
6,94448,9397,1.0,14853,506,93942
6,94454,9398,1.0,14854,506,93948
6,94460,9398,0.0,14855,506,93954
9,94469,9399,1.0,14856,506,93963
7,94476,9400,1.0,14857,506,93970
7,94483,9401,1.0,14858,506,93977
6,94489,9402,1.0,14859,506,93983
8,94497,9403,1.0,14860,506,93991
7,94504,9404,1.0,14861,506,93998
4,94508,9404,0.0,14862,506,94002
7,94515,9405,1.0,14863,506,94009
6,94521,9406,1.0,14864,506,94015
2,94523,9406,0.0,14865,506,94017
5,94528,9406,0.0,14866,506,94022
7,94535,9407,1.0,14867,506,94029
8,94543,9408,1.0,14868,506,94037
6,94549,9409,1.0,14869,506,94043
4,94553,9409,0.0,14870,506,94047
6,94559,9410,1.0,14871,506,94053
7,94566,9411,1.0,14872,506,94060
2,94568,9411,0.0,14873,506,94062
6,94574,9412,1.0,14874,506,94068
2,94576,9412,0.0,14875,506,94070
6,94582,9413,1.0,14876,506,94076
6,94588,9414,1.0,14877,506,94082
9,94597,9415,1.0,14878,506,94091
4,94601,9415,0.0,14879,506,94095
6,94607,9416,1.0,14880,506,94101
7,94614,9417,1.0,14881,506,94108
4,94618,9417,0.0,14882,506,94112
8,94626,9417,0.0,14883,506,94120
11,94637,9418,1.0,14884,506,94131
8,94645,9419,1.0,14885,506,94139
6,94651,9420,1.0,14886,506,94145
10,94661,9420,0.0,14887,506,94155
2,94663,9420,0.0,14888,506,94157
6,94669,9420,0.0,14889,506,94163
8,94677,9421,1.0,14890,506,94171
6,94683,9422,1.0,14891,506,94177
2,94685,9422,0.0,14892,506,94179
6,94691,9423,1.0,14893,506,94185
6,94697,9424,1.0,14894,506,94191
5,94702,9424,0.0,14895,506,94196
2,94704,9424,0.0,14896,506,94198
4,94708,9424,0.0,14897,506,94202
7,94715,9425,1.0,14898,506,94209
4,94719,9425,0.0,14899,506,94213
6,94725,9425,0.0,14900,506,94219
5,94730,9425,0.0,14901,506,94224
7,94737,9426,1.0,14902,506,94231
6,94743,9427,1.0,14903,506,94237
11,94754,9428,1.0,14904,506,94248
6,94760,9429,1.0,14905,506,94254
7,94767,9430,1.0,14906,506,94261
4,94771,9430,0.0,14907,506,94265
6,94777,9431,1.0,14908,506,94271
10,94787,9432,1.0,14909,506,94281
8,94795,9433,1.0,14910,506,94289
10,94805,9434,1.0,14911,506,94299
6,94811,9435,1.0,14912,506,94305
12,94823,9436,1.0,14913,506,94317
6,94829,9437,1.0,14914,506,94323
6,94835,9438,1.0,14915,506,94329
8,94843,9439,1.0,14916,506,94337
2,94845,9439,0.0,14917,506,94339
4,94849,9439,0.0,14918,506,94343
10,94859,9440,1.0,14919,506,94353
6,94865,9441,1.0,14920,506,94359
4,94869,9441,0.0,14921,506,94363
8,94877,9441,0.0,14922,506,94371
6,94883,9442,1.0,14923,506,94377
8,94891,9443,1.0,14924,506,94385
6,94897,9444,1.0,14925,506,94391
7,94904,9445,1.0,14926,506,94398
2,94906,9445,0.0,14927,506,94400
6,94912,9445,0.0,14928,506,94406
13,94925,9446,1.0,14929,506,94419
6,94931,9447,1.0,14930,506,94425
6,94937,9448,1.0,14931,506,94431
6,94943,9449,1.0,14932,506,94437
6,94949,9450,1.0,14933,506,94443
4,94953,9450,0.0,14934,506,94447
9,94962,9451,1.0,14935,506,94456
6,94968,9452,1.0,14936,506,94462
9,94977,9453,1.0,14937,506,94471
9,94986,9454,1.0,14938,506,94480
6,94992,9455,1.0,14939,506,94486
7,94999,9456,1.0,14940,506,94493
6,95005,9457,1.0,14941,506,94499
7,95012,9458,1.0,14942,506,94506
4,95016,9458,0.0,14943,506,94510
9,95025,9459,1.0,14944,506,94519
11,95036,9460,1.0,14945,506,94530
6,95042,9461,1.0,14946,506,94536
2,95044,9461,0.0,14947,506,94538
11,95055,9462,1.0,14948,506,94549
6,95061,9463,1.0,14949,506,94555
5,95066,9463,0.0,14950,506,94560
8,95074,9464,1.0,14951,506,94568
4,95078,9464,0.0,14952,506,94572
6,95084,9465,1.0,14953,506,94578
7,95091,9466,1.0,14954,506,94585
6,95097,9467,1.0,14955,506,94591
4,95101,9467,0.0,14956,506,94595
8,95109,9468,1.0,14957,506,94603
9,95118,9469,1.0,14958,506,94612
7,95125,9470,1.0,14959,506,94619
8,95133,9471,1.0,14960,506,94627
4,95137,9471,0.0,14961,506,94631
6,95143,9472,1.0,14962,506,94637
8,95151,9473,1.0,14963,506,94645
6,95157,9474,1.0,14964,506,94651
6,95163,9475,1.0,14965,506,94657
6,95169,9476,1.0,14966,506,94663
13,95182,9477,1.0,14967,506,94676
6,95188,9478,1.0,14968,506,94682
6,95194,9479,1.0,14969,506,94688
7,95201,9480,1.0,14970,506,94695
7,95208,9481,1.0,14971,506,94702
6,95214,9482,1.0,14972,506,94708
8,95222,9483,1.0,14973,506,94716
6,95228,9484,1.0,14974,506,94722
7,95235,9485,1.0,14975,506,94729
8,95243,9486,1.0,14976,506,94737
6,95249,9487,1.0,14977,506,94743
2,95251,9487,0.0,14978,506,94745
6,95257,9488,1.0,14979,506,94751
4,95261,9488,0.0,14980,506,94755
4,95265,9488,0.0,14981,506,94759
6,95271,9489,1.0,14982,506,94765
7,95278,9490,1.0,14983,506,94772
6,95284,9491,1.0,14984,506,94778
6,95290,9492,1.0,14985,506,94784
7,95297,9493,1.0,14986,506,94791
6,95303,9494,1.0,14987,506,94797
6,95309,9495,1.0,14988,506,94803
8,95317,9496,1.0,14989,506,94811
7,95324,9497,1.0,14990,506,94818
6,95330,9498,1.0,14991,506,94824
6,95336,9499,1.0,14992,506,94830
6,95342,9500,1.0,14993,506,94836
6,95348,9501,1.0,14994,506,94842
5,95353,9501,0.0,14995,506,94847
6,95359,9502,1.0,14996,506,94853
6,95365,9503,1.0,14997,506,94859
6,95371,9504,1.0,14998,506,94865
6,95377,9504,0.0,14999,506,94871
10,95387,9505,1.0,15000,506,94881
6,95393,9506,1.0,15001,506,94887
3,95396,9506,0.0,15002,506,94890
2,95398,9506,0.0,15003,506,94892
6,95404,9507,1.0,15004,506,94898
6,95410,9508,1.0,15005,506,94904
7,95417,9509,1.0,15006,506,94911
5,95422,9509,0.0,15007,506,94916
7,95429,9510,1.0,15008,506,94923
6,95435,9511,1.0,15009,506,94929
7,95442,9512,1.0,15010,506,94936
6,95448,9513,1.0,15011,506,94942
2,95450,9513,0.0,15012,506,94944
6,95456,9513,0.0,15013,506,94950
9,95465,9514,1.0,15014,506,94959
8,95473,9515,1.0,15015,506,94967
4,95477,9515,0.0,15016,506,94971
2,95479,9515,0.0,15017,506,94973
7,95486,9516,1.0,15018,506,94980
9,95495,9517,1.0,15019,506,94989
4,95499,9517,0.0,15020,506,94993
7,95506,9518,1.0,15021,506,95000
2,95508,9518,0.0,15022,506,95002
8,95516,9519,1.0,15023,506,95010
6,95522,9520,1.0,15024,506,95016
6,95528,9521,1.0,15025,506,95022
6,95534,9522,1.0,15026,506,95028
14,95548,9523,1.0,15027,506,95042
9,95557,9524,1.0,15028,506,95051
6,95563,9525,1.0,15029,506,95057
7,95570,9526,1.0,15030,506,95064
9,95579,9526,0.0,15031,506,95073
8,95587,9527,1.0,15032,506,95081
8,95595,9528,1.0,15033,506,95089
6,95601,9529,1.0,15034,506,95095
7,95608,9530,1.0,15035,506,95102
7,95615,9531,1.0,15036,506,95109
5,95620,9531,0.0,15037,506,95114
9,95629,9532,1.0,15038,506,95123
6,95635,9533,1.0,15039,506,95129
6,95641,9534,1.0,15040,506,95135
6,95647,9535,1.0,15041,506,95141
9,95656,9536,1.0,15042,506,95150
6,95662,9537,1.0,15043,506,95156
6,95668,9538,1.0,15044,506,95162
8,95676,9539,1.0,15045,506,95170
6,95682,9540,1.0,15046,506,95176
7,95689,9541,1.0,15047,506,95183
10,95699,9542,1.0,15048,506,95193
6,95705,9543,1.0,15049,506,95199
6,95711,9544,1.0,15050,506,95205
6,95717,9545,1.0,15051,506,95211
8,95725,9546,1.0,15052,506,95219
7,95732,9547,1.0,15053,506,95226
11,95743,9548,1.0,15054,506,95237
11,95754,9549,1.0,15055,506,95248
8,95762,9550,1.0,15056,506,95256
7,95769,9551,1.0,15057,506,95263
6,95775,9552,1.0,15058,506,95269
6,95781,9553,1.0,15059,506,95275
8,95789,9554,1.0,15060,506,95283
2,95791,9554,0.0,15061,506,95285
2,95793,9554,0.0,15062,506,95287
6,95799,9555,1.0,15063,506,95293
6,95805,9556,1.0,15064,506,95299
10,95815,9557,1.0,15065,506,95309
6,95821,9558,1.0,15066,506,95315
2,95823,9558,0.0,15067,506,95317
4,95827,9558,0.0,15068,506,95321
3,95830,9558,0.0,15069,506,95324
6,95836,9559,1.0,15070,506,95330
2,95838,9559,0.0,15071,506,95332
7,95845,9559,0.0,15072,506,95339
2,95847,9559,0.0,15073,506,95341
5,95852,9559,0.0,15074,506,95346
7,95859,9560,1.0,15075,506,95353
2,95861,9560,0.0,15076,506,95355
2,95863,9560,0.0,15077,506,95357
6,95869,9560,0.0,15078,506,95363
6,95875,9561,1.0,15079,506,95369
8,95883,9562,1.0,15080,506,95377
6,95889,9563,1.0,15081,506,95383
4,95893,9563,0.0,15082,506,95387
6,95899,9564,1.0,15083,506,95393
6,95905,9565,1.0,15084,506,95399
4,95909,9565,0.0,15085,506,95403
8,95917,9566,1.0,15086,506,95411
4,95921,9566,0.0,15087,506,95415
10,95931,9567,1.0,15088,506,95425
8,95939,9568,1.0,15089,506,95433
8,95947,9569,1.0,15090,506,95441
6,95953,9570,1.0,15091,506,95447
2,95955,9570,0.0,15092,506,95449
8,95963,9571,1.0,15093,506,95457
8,95971,9572,1.0,15094,506,95465
6,95977,9573,1.0,15095,506,95471
6,95983,9574,1.0,15096,506,95477
6,95989,9575,1.0,15097,506,95483
2,95991,9575,0.0,15098,506,95485
6,95997,9576,1.0,15099,506,95491
7,96004,9577,1.0,15100,506,95498
8,96012,9578,1.0,15101,506,95506
5,96017,9578,0.0,15102,506,95511
12,96029,9579,1.0,15103,506,95523
6,96035,9580,1.0,15104,506,95529
8,96043,9581,1.0,15105,506,95537
6,96049,9582,1.0,15106,506,95543
9,96058,9583,1.0,15107,506,95552
6,96064,9584,1.0,15108,506,95558
2,96066,9584,0.0,15109,506,95560
6,96072,9585,1.0,15110,506,95566
5,96077,9585,0.0,15111,506,95571
5,96082,9585,0.0,15112,506,95576
7,96089,9585,0.0,15113,506,95583
6,96095,9585,0.0,15114,506,95589
7,96102,9586,1.0,15115,506,95596
2,96104,9586,0.0,15116,506,95598
4,96108,9586,0.0,15117,506,95602
4,96112,9586,0.0,15118,506,95606
5,96117,9586,0.0,15119,506,95611
6,96123,9587,1.0,15120,506,95617
6,96129,9587,0.0,15121,506,95623
6,96135,9588,1.0,15122,506,95629
6,96141,9589,1.0,15123,506,95635
6,96147,9590,1.0,15124,506,95641
6,96153,9591,1.0,15125,506,95647
4,96157,9591,0.0,15126,506,95651
6,96163,9592,1.0,15127,506,95657
2,96165,9592,0.0,15128,506,95659
6,96171,9593,1.0,15129,506,95665
6,96177,9594,1.0,15130,506,95671
6,96183,9595,1.0,15131,506,95677
8,96191,9596,1.0,15132,506,95685
6,96197,9597,1.0,15133,506,95691
6,96203,9598,1.0,15134,506,95697
6,96209,9599,1.0,15135,506,95703
6,96215,9600,1.0,15136,506,95709
6,96221,9601,1.0,15137,506,95715
9,96230,9602,1.0,15138,506,95724
6,96236,9603,1.0,15139,506,95730
2,96238,9603,0.0,15140,506,95732
8,96246,9604,1.0,15141,506,95740
7,96253,9605,1.0,15142,506,95747
2,96255,9605,0.0,15143,506,95749
8,96263,9606,1.0,15144,506,95757
6,96269,9607,1.0,15145,506,95763
7,96276,9608,1.0,15146,506,95770
4,96280,9608,0.0,15147,506,95774
6,96286,9609,1.0,15148,506,95780
6,96292,9610,1.0,15149,506,95786
3,96295,9610,0.0,15150,506,95789
6,96301,9611,1.0,15151,506,95795
7,96308,9612,1.0,15152,506,95802
10,96318,9613,1.0,15153,506,95812
7,96325,9614,1.0,15154,506,95819
6,96331,9615,1.0,15155,506,95825
6,96337,9616,1.0,15156,506,95831
2,96339,9616,0.0,15157,506,95833
8,96347,9617,1.0,15158,506,95841
9,96356,9618,1.0,15159,506,95850
5,96361,9618,0.0,15160,506,95855
6,96367,9619,1.0,15161,506,95861
9,96376,9620,1.0,15162,506,95870
2,96378,9620,0.0,15163,506,95872
6,96384,9621,1.0,15164,506,95878
9,96393,9622,1.0,15165,506,95887
2,96395,9622,0.0,15166,506,95889
7,96402,9623,1.0,15167,506,95896
7,96409,9624,1.0,15168,506,95903
4,96413,9624,0.0,15169,506,95907
9,96422,9625,1.0,15170,506,95916
7,96429,9626,1.0,15171,506,95923
8,96437,9627,1.0,15172,506,95931
3,96440,9627,0.0,15173,506,95934
6,96446,9628,1.0,15174,506,95940
9,96455,9629,1.0,15175,506,95949
6,96461,9630,1.0,15176,506,95955
2,96463,9630,0.0,15177,506,95957
8,96471,9631,1.0,15178,506,95965
8,96479,9632,1.0,15179,506,95973
9,96488,9633,1.0,15180,506,95982
6,96494,9634,1.0,15181,506,95988
7,96501,9635,1.0,15182,506,95995
6,96507,9636,1.0,15183,506,96001
6,96513,9637,1.0,15184,506,96007
8,96521,9638,1.0,15185,506,96015
6,96527,9639,1.0,15186,506,96021
9,96536,9640,1.0,15187,506,96030
2,96538,9640,0.0,15188,506,96032
8,96546,9641,1.0,15189,506,96040
7,96553,9642,1.0,15190,506,96047
4,96557,9642,0.0,15191,506,96051
6,96563,9643,1.0,15192,506,96057
6,96569,9644,1.0,15193,506,96063
6,96575,9645,1.0,15194,506,96069
7,96582,9646,1.0,15195,506,96076
7,96589,9647,1.0,15196,506,96083
6,96595,9648,1.0,15197,506,96089
7,96602,9649,1.0,15198,506,96096
8,96610,9650,1.0,15199,506,96104
9,96619,9651,1.0,15200,506,96113
6,96625,9652,1.0,15201,506,96119
2,96627,9652,0.0,15202,506,96121
8,96635,9653,1.0,15203,506,96129
2,96637,9653,0.0,15204,506,96131
6,96643,9654,1.0,15205,506,96137
8,96651,9655,1.0,15206,506,96145
6,96657,9656,1.0,15207,506,96151
4,96661,9656,0.0,15208,506,96155
10,96671,9657,1.0,15209,506,96165
4,96675,9657,0.0,15210,506,96169
8,96683,9657,0.0,15211,506,96177
2,96685,9657,0.0,15212,506,96179
5,96690,9657,0.0,15213,506,96184
6,96696,9658,1.0,15214,506,96190
4,96700,9658,0.0,15215,506,96194
9,96709,9659,1.0,15216,506,96203
2,96711,9659,0.0,15217,506,96205
9,96720,9660,1.0,15218,506,96214
6,96726,9661,1.0,15219,506,96220
3,96729,9661,0.0,15220,506,96223
8,96737,9662,1.0,15221,506,96231
6,96743,9662,0.0,15222,506,96237
8,96751,9663,1.0,15223,506,96245
8,96759,9664,1.0,15224,506,96253
2,96761,9664,0.0,15225,506,96255
6,96767,9664,0.0,15226,506,96261
4,96771,9664,0.0,15227,506,96265
2,96773,9664,0.0,15228,506,96267
6,96779,9665,1.0,15229,506,96273
6,96785,9666,1.0,15230,506,96279
4,96789,9666,0.0,15231,506,96283
7,96796,9667,1.0,15232,506,96290
7,96803,9668,1.0,15233,506,96297
8,96811,9669,1.0,15234,506,96305
7,96818,9670,1.0,15235,506,96312
4,96822,9670,0.0,15236,506,96316
7,96829,9671,1.0,15237,506,96323
10,96839,9672,1.0,15238,506,96333
2,96841,9672,0.0,15239,506,96335
9,96850,9673,1.0,15240,506,96344
6,96856,9674,1.0,15241,506,96350
8,96864,9675,1.0,15242,506,96358
7,96871,9676,1.0,15243,506,96365
6,96877,9677,1.0,15244,506,96371
6,96883,9678,1.0,15245,506,96377
2,96885,9678,0.0,15246,506,96379
9,96894,9679,1.0,15247,506,96388
6,96900,9680,1.0,15248,506,96394
8,96908,9681,1.0,15249,506,96402
5,96913,9681,0.0,15250,506,96407
6,96919,9682,1.0,15251,506,96413
9,96928,9683,1.0,15252,506,96422
9,96937,9684,1.0,15253,506,96431
6,96943,9685,1.0,15254,506,96437
6,96949,9686,1.0,15255,506,96443
8,96957,9687,1.0,15256,506,96451
9,96966,9688,1.0,15257,506,96460
4,96970,9688,0.0,15258,506,96464
2,96972,9688,0.0,15259,506,96466
7,96979,9689,1.0,15260,506,96473
6,96985,9690,1.0,15261,506,96479
7,96992,9691,1.0,15262,506,96486
7,96999,9692,1.0,15263,506,96493
8,97007,9693,1.0,15264,506,96501
9,97016,9694,1.0,15265,506,96510
4,97020,9694,0.0,15266,506,96514
8,97028,9695,1.0,15267,506,96522
9,97037,9696,1.0,15268,506,96531
8,97045,9697,1.0,15269,506,96539
8,97053,9698,1.0,15270,506,96547
6,97059,9698,0.0,15271,506,96553
8,97067,9699,1.0,15272,506,96561
7,97074,9700,1.0,15273,506,96568
7,97081,9701,1.0,15274,506,96575
6,97087,9701,0.0,15275,506,96581
7,97094,9702,1.0,15276,506,96588
12,97106,9703,1.0,15277,506,96600
8,97114,9704,1.0,15278,506,96608
7,97121,9705,1.0,15279,506,96615
6,97127,9706,1.0,15280,506,96621
10,97137,9707,1.0,15281,506,96631
6,97143,9708,1.0,15282,506,96637
6,97149,9709,1.0,15283,506,96643
10,97159,9710,1.0,15284,506,96653
6,97165,9711,1.0,15285,506,96659
6,97171,9712,1.0,15286,506,96665
8,97179,9713,1.0,15287,506,96673
10,97189,9714,1.0,15288,506,96683
6,97195,9715,1.0,15289,506,96689
12,97207,9716,1.0,15290,506,96701
5,97212,9716,0.0,15291,506,96706
2,97214,9716,0.0,15292,506,96708
7,97221,9717,1.0,15293,506,96715
5,97226,9717,0.0,15294,506,96720
6,97232,9718,1.0,15295,506,96726
11,97243,9719,1.0,15296,506,96737
2,97245,9719,0.0,15297,506,96739
4,97249,9719,0.0,15298,506,96743
3,97252,9719,0.0,15299,506,96746
6,97258,9720,1.0,15300,506,96752
7,97265,9721,1.0,15301,506,96759
8,97273,9722,1.0,15302,506,96767
6,97279,9723,1.0,15303,506,96773
6,97285,9724,1.0,15304,506,96779
6,97291,9725,1.0,15305,506,96785
2,97293,9725,0.0,15306,506,96787
7,97300,9726,1.0,15307,506,96794
8,97308,9727,1.0,15308,506,96802
8,97316,9728,1.0,15309,506,96810
6,97322,9729,1.0,15310,506,96816
10,97332,9730,1.0,15311,506,96826
8,97340,9731,1.0,15312,506,96834
7,97347,9732,1.0,15313,506,96841
4,97351,9732,0.0,15314,506,96845
7,97358,9733,1.0,15315,506,96852
7,97365,9734,1.0,15316,506,96859
6,97371,9735,1.0,15317,506,96865
4,97375,9735,0.0,15318,506,96869
8,97383,9736,1.0,15319,506,96877
6,97389,9737,1.0,15320,506,96883
6,97395,9738,1.0,15321,506,96889
9,97404,9739,1.0,15322,506,96898
6,97410,9740,1.0,15323,506,96904
6,97416,9741,1.0,15324,506,96910
2,97418,9741,0.0,15325,506,96912
6,97424,9742,1.0,15326,506,96918
6,97430,9743,1.0,15327,506,96924
9,97439,9744,1.0,15328,506,96933
7,97446,9745,1.0,15329,506,96940
8,97454,9746,1.0,15330,506,96948
6,97460,9747,1.0,15331,506,96954
8,97468,9748,1.0,15332,506,96962
7,97475,9749,1.0,15333,506,96969
2,97477,9749,0.0,15334,506,96971
6,97483,9750,1.0,15335,506,96977
9,97492,9750,0.0,15336,506,96986
7,97499,9750,0.0,15337,506,96993
9,97508,9751,1.0,15338,506,97002
7,97515,9752,1.0,15339,506,97009
9,97524,9753,1.0,15340,506,97018
6,97530,9754,1.0,15341,506,97024
10,97540,9755,1.0,15342,506,97034
6,97546,9755,0.0,15343,506,97040
6,97552,9756,1.0,15344,506,97046
6,97558,9757,1.0,15345,506,97052
13,97571,9758,1.0,15346,506,97065
9,97580,9759,1.0,15347,506,97074
5,97585,9759,0.0,15348,506,97079
6,97591,9760,1.0,15349,506,97085
6,97597,9761,1.0,15350,506,97091
7,97604,9762,1.0,15351,506,97098
4,97608,9762,0.0,15352,506,97102
9,97617,9763,1.0,15353,506,97111
6,97623,9764,1.0,15354,506,97117
6,97629,9765,1.0,15355,506,97123
6,97635,9766,1.0,15356,506,97129
10,97645,9767,1.0,15357,506,97139
3,97648,9767,0.0,15358,506,97142
7,97655,9768,1.0,15359,506,97149
2,97657,9768,0.0,15360,506,97151
2,97659,9768,0.0,15361,506,97153
6,97665,9769,1.0,15362,506,97159
6,97671,9770,1.0,15363,506,97165
5,97676,9770,0.0,15364,506,97170
2,97678,9770,0.0,15365,506,97172
7,97685,9771,1.0,15366,506,97179
13,97698,9772,1.0,15367,506,97192
4,97702,9772,0.0,15368,506,97196
4,97706,9772,0.0,15369,506,97200
6,97712,9773,1.0,15370,506,97206
5,97717,9773,0.0,15371,506,97211
9,97726,9774,1.0,15372,506,97220
6,97732,9775,1.0,15373,506,97226
6,97738,9776,1.0,15374,506,97232
4,97742,9776,0.0,15375,506,97236
4,97746,9776,0.0,15376,506,97240
5,97751,9776,0.0,15377,506,97245
4,97755,9776,0.0,15378,506,97249
8,97763,9777,1.0,15379,506,97257
6,97769,9778,1.0,15380,506,97263
8,97777,9779,1.0,15381,506,97271
8,97785,9780,1.0,15382,506,97279
4,97789,9780,0.0,15383,506,97283
7,97796,9781,1.0,15384,506,97290
6,97802,9782,1.0,15385,506,97296
2,97804,9782,0.0,15386,506,97298
6,97810,9783,1.0,15387,506,97304
4,97814,9783,0.0,15388,506,97308
8,97822,9784,1.0,15389,506,97316
10,97832,9785,1.0,15390,506,97326
6,97838,9785,0.0,15391,506,97332
6,97844,9786,1.0,15392,506,97338
6,97850,9787,1.0,15393,506,97344
7,97857,9788,1.0,15394,506,97351
8,97865,9789,1.0,15395,506,97359
7,97872,9790,1.0,15396,506,97366
6,97878,9791,1.0,15397,506,97372
8,97886,9792,1.0,15398,506,97380
6,97892,9793,1.0,15399,506,97386
6,97898,9794,1.0,15400,506,97392
4,97902,9794,0.0,15401,506,97396
5,97907,9794,0.0,15402,506,97401
6,97913,9795,1.0,15403,506,97407
8,97921,9796,1.0,15404,506,97415
9,97930,9797,1.0,15405,506,97424
6,97936,9798,1.0,15406,506,97430
7,97943,9799,1.0,15407,506,97437
7,97950,9800,1.0,15408,506,97444
10,97960,9801,1.0,15409,506,97454
5,97965,9801,0.0,15410,506,97459
10,97975,9802,1.0,15411,506,97469
6,97981,9803,1.0,15412,506,97475
6,97987,9804,1.0,15413,506,97481
2,97989,9804,0.0,15414,506,97483
6,97995,9805,1.0,15415,506,97489
2,97997,9805,0.0,15416,506,97491
4,98001,9805,0.0,15417,506,97495
10,98011,9806,1.0,15418,506,97505
7,98018,9807,1.0,15419,506,97512
4,98022,9807,0.0,15420,506,97516
8,98030,9808,1.0,15421,506,97524
6,98036,9809,1.0,15422,506,97530
9,98045,9810,1.0,15423,506,97539
4,98049,9810,0.0,15424,506,97543
6,98055,9811,1.0,15425,506,97549
6,98061,9812,1.0,15426,506,97555
2,98063,9812,0.0,15427,506,97557
7,98070,9812,0.0,15428,506,97564
6,98076,9813,1.0,15429,506,97570
6,98082,9814,1.0,15430,506,97576
6,98088,9815,1.0,15431,506,97582
6,98094,9816,1.0,15432,506,97588
6,98100,9817,1.0,15433,506,97594
6,98106,9818,1.0,15434,506,97600
11,98117,9819,1.0,15435,506,97611
8,98125,9820,1.0,15436,506,97619
9,98134,9821,1.0,15437,506,97628
6,98140,9822,1.0,15438,506,97634
7,98147,9823,1.0,15439,506,97641
7,98154,9824,1.0,15440,506,97648
7,98161,9825,1.0,15441,506,97655
6,98167,9826,1.0,15442,506,97661
6,98173,9827,1.0,15443,506,97667
6,98179,9828,1.0,15444,506,97673
7,98186,9828,0.0,15445,506,97680
6,98192,9829,1.0,15446,506,97686
7,98199,9830,1.0,15447,506,97693
9,98208,9831,1.0,15448,506,97702
4,98212,9831,0.0,15449,506,97706
5,98217,9831,0.0,15450,506,97711
8,98225,9832,1.0,15451,506,97719
11,98236,9833,1.0,15452,506,97730
6,98242,9834,1.0,15453,506,97736
4,98246,9834,0.0,15454,506,97740
6,98252,9834,0.0,15455,506,97746
7,98259,9834,0.0,15456,506,97753
9,98268,9835,1.0,15457,506,97762
4,98272,9835,0.0,15458,506,97766
7,98279,9836,1.0,15459,506,97773
9,98288,9837,1.0,15460,506,97782
10,98298,9838,1.0,15461,506,97792
3,98301,9838,0.0,15462,506,97795
7,98308,9839,1.0,15463,506,97802
7,98315,9840,1.0,15464,506,97809
9,98324,9841,1.0,15465,506,97818
6,98330,9842,1.0,15466,506,97824
4,98334,9842,0.0,15467,506,97828
7,98341,9843,1.0,15468,506,97835
8,98349,9844,1.0,15469,506,97843
7,98356,9845,1.0,15470,506,97850
7,98363,9846,1.0,15471,506,97857
2,98365,9846,0.0,15472,506,97859
8,98373,9847,1.0,15473,506,97867
2,98375,9847,0.0,15474,506,97869
7,98382,9848,1.0,15475,506,97876
6,98388,9849,1.0,15476,506,97882
6,98394,9850,1.0,15477,506,97888
7,98401,9851,1.0,15478,506,97895
6,98407,9852,1.0,15479,506,97901
6,98413,9853,1.0,15480,506,97907
6,98419,9853,0.0,15481,506,97913
6,98425,9854,1.0,15482,506,97919
2,98427,9854,0.0,15483,506,97921
7,98434,9855,1.0,15484,506,97928
6,98440,9856,1.0,15485,506,97934
6,98446,9857,1.0,15486,506,97940
8,98454,9858,1.0,15487,506,97948
7,98461,9859,1.0,15488,506,97955
5,98466,9859,0.0,15489,506,97960
6,98472,9860,1.0,15490,506,97966
6,98478,9861,1.0,15491,506,97972
6,98484,9862,1.0,15492,506,97978
8,98492,9863,1.0,15493,506,97986
6,98498,9864,1.0,15494,506,97992
6,98504,9865,1.0,15495,506,97998
2,98506,9865,0.0,15496,506,98000
6,98512,9866,1.0,15497,506,98006
6,98518,9867,1.0,15498,506,98012
6,98524,9868,1.0,15499,506,98018
6,98530,9869,1.0,15500,506,98024
6,98536,9870,1.0,15501,506,98030
6,98542,9871,1.0,15502,506,98036
3,98545,9871,0.0,15503,506,98039
6,98551,9872,1.0,15504,506,98045
6,98557,9873,1.0,15505,506,98051
8,98565,9874,1.0,15506,506,98059
7,98572,9875,1.0,15507,506,98066
8,98580,9876,1.0,15508,506,98074
8,98588,9877,1.0,15509,506,98082
7,98595,9878,1.0,15510,506,98089
6,98601,9879,1.0,15511,506,98095
6,98607,9880,1.0,15512,506,98101
6,98613,9881,1.0,15513,506,98107
5,98618,9881,0.0,15514,506,98112
4,98622,9881,0.0,15515,506,98116
8,98630,9881,0.0,15516,506,98124
6,98636,9882,1.0,15517,506,98130
11,98647,9883,1.0,15518,506,98141
4,98651,9883,0.0,15519,506,98145
6,98657,9884,1.0,15520,506,98151
9,98666,9885,1.0,15521,506,98160
6,98672,9886,1.0,15522,506,98166
6,98678,9887,1.0,15523,506,98172
7,98685,9888,1.0,15524,506,98179
2,98687,9888,0.0,15525,506,98181
6,98693,9889,1.0,15526,506,98187
8,98701,9890,1.0,15527,506,98195
6,98707,9891,1.0,15528,506,98201
3,98710,9891,0.0,15529,506,98204
6,98716,9892,1.0,15530,506,98210
7,98723,9893,1.0,15531,506,98217
6,98729,9894,1.0,15532,506,98223
7,98736,9895,1.0,15533,506,98230
7,98743,9896,1.0,15534,506,98237
6,98749,9897,1.0,15535,506,98243
3,98752,9897,0.0,15536,506,98246
4,98756,9897,0.0,15537,506,98250
8,98764,9898,1.0,15538,506,98258
12,98776,9899,1.0,15539,506,98270
6,98782,9900,1.0,15540,506,98276
6,98788,9901,1.0,15541,506,98282
6,98794,9902,1.0,15542,506,98288
6,98800,9903,1.0,15543,506,98294
4,98804,9903,0.0,15544,506,98298
6,98810,9904,1.0,15545,506,98304
7,98817,9905,1.0,15546,506,98311
6,98823,9905,0.0,15547,506,98317
10,98833,9906,1.0,15548,506,98327
7,98840,9907,1.0,15549,506,98334
6,98846,9908,1.0,15550,506,98340
6,98852,9909,1.0,15551,506,98346
8,98860,9910,1.0,15552,506,98354
4,98864,9910,0.0,15553,506,98358
6,98870,9911,1.0,15554,506,98364
7,98877,9912,1.0,15555,506,98371
9,98886,9913,1.0,15556,506,98380
6,98892,9913,0.0,15557,506,98386
9,98901,9914,1.0,15558,506,98395
4,98905,9914,0.0,15559,506,98399
6,98911,9915,1.0,15560,506,98405
6,98917,9916,1.0,15561,506,98411
8,98925,9917,1.0,15562,506,98419
6,98931,9918,1.0,15563,506,98425
11,98942,9919,1.0,15564,506,98436
4,98946,9919,0.0,15565,506,98440
6,98952,9920,1.0,15566,506,98446
6,98958,9921,1.0,15567,506,98452
8,98966,9922,1.0,15568,506,98460
7,98973,9923,1.0,15569,506,98467
4,98977,9923,0.0,15570,506,98471
6,98983,9924,1.0,15571,506,98477
4,98987,9924,0.0,15572,506,98481
7,98994,9925,1.0,15573,506,98488
5,98999,9925,0.0,15574,506,98493
6,99005,9926,1.0,15575,506,98499
7,99012,9926,0.0,15576,506,98506
6,99018,9927,1.0,15577,506,98512
7,99025,9927,0.0,15578,506,98519
6,99031,9928,1.0,15579,506,98525
3,99034,9928,0.0,15580,506,98528
7,99041,9929,1.0,15581,506,98535
6,99047,9929,0.0,15582,506,98541
6,99053,9930,1.0,15583,506,98547
7,99060,9931,1.0,15584,506,98554
4,99064,9931,0.0,15585,506,98558
6,99070,9932,1.0,15586,506,98564
3,99073,9932,0.0,15587,506,98567
7,99080,9933,1.0,15588,506,98574
8,99088,9934,1.0,15589,506,98582
6,99094,9935,1.0,15590,506,98588
7,99101,9936,1.0,15591,506,98595
8,99109,9937,1.0,15592,506,98603
10,99119,9938,1.0,15593,506,98613
6,99125,9939,1.0,15594,506,98619
6,99131,9940,1.0,15595,506,98625
2,99133,9940,0.0,15596,506,98627
8,99141,9941,1.0,15597,506,98635
2,99143,9941,0.0,15598,506,98637
6,99149,9941,0.0,15599,506,98643
8,99157,9941,0.0,15600,506,98651
6,99163,9942,1.0,15601,506,98657
7,99170,9943,1.0,15602,506,98664
8,99178,9944,1.0,15603,506,98672
6,99184,9945,1.0,15604,506,98678
4,99188,9945,0.0,15605,506,98682
2,99190,9945,0.0,15606,506,98684
2,99192,9945,0.0,15607,506,98686
6,99198,9946,1.0,15608,506,98692
8,99206,9947,1.0,15609,506,98700
6,99212,9948,1.0,15610,506,98706
2,99214,9948,0.0,15611,506,98708
7,99221,9949,1.0,15612,506,98715
6,99227,9950,1.0,15613,506,98721
10,99237,9951,1.0,15614,506,98731
6,99243,9952,1.0,15615,506,98737
2,99245,9952,0.0,15616,506,98739
6,99251,9953,1.0,15617,506,98745
4,99255,9953,0.0,15618,506,98749
8,99263,9953,0.0,15619,506,98757
7,99270,9954,1.0,15620,506,98764
6,99276,9955,1.0,15621,506,98770
6,99282,9956,1.0,15622,506,98776
7,99289,9957,1.0,15623,506,98783
6,99295,9958,1.0,15624,506,98789
4,99299,9958,0.0,15625,506,98793
6,99305,9959,1.0,15626,506,98799
6,99311,9960,1.0,15627,506,98805
10,99321,9961,1.0,15628,506,98815
7,99328,9962,1.0,15629,506,98822
6,99334,9963,1.0,15630,506,98828
8,99342,9964,1.0,15631,506,98836
7,99349,9965,1.0,15632,506,98843
4,99353,9965,0.0,15633,506,98847
5,99358,9965,0.0,15634,506,98852
6,99364,9966,1.0,15635,506,98858
4,99368,9966,0.0,15636,506,98862
6,99374,9967,1.0,15637,506,98868
10,99384,9968,1.0,15638,506,98878
7,99391,9969,1.0,15639,506,98885
6,99397,9970,1.0,15640,506,98891
10,99407,9971,1.0,15641,506,98901
7,99414,9972,1.0,15642,506,98908
8,99422,9973,1.0,15643,506,98916
7,99429,9974,1.0,15644,506,98923
6,99435,9975,1.0,15645,506,98929
9,99444,9976,1.0,15646,506,98938
6,99450,9977,1.0,15647,506,98944
7,99457,9978,1.0,15648,506,98951
8,99465,9979,1.0,15649,506,98959
15,99480,9980,1.0,15650,506,98974
4,99484,9980,0.0,15651,506,98978
10,99494,9981,1.0,15652,506,98988
7,99501,9982,1.0,15653,506,98995
6,99507,9983,1.0,15654,506,99001
7,99514,9984,1.0,15655,506,99008
2,99516,9984,0.0,15656,506,99010
3,99519,9984,0.0,15657,506,99013
7,99526,9985,1.0,15658,506,99020
7,99533,9986,1.0,15659,506,99027
4,99537,9986,0.0,15660,506,99031
6,99543,9987,1.0,15661,506,99037
6,99549,9988,1.0,15662,506,99043
6,99555,9989,1.0,15663,506,99049
6,99561,9990,1.0,15664,506,99055
8,99569,9991,1.0,15665,506,99063
4,99573,9991,0.0,15666,506,99067
7,99580,9992,1.0,15667,506,99074
6,99586,9993,1.0,15668,506,99080
5,99591,9993,0.0,15669,506,99085
2,99593,9993,0.0,15670,506,99087
6,99599,9994,1.0,15671,506,99093
5,99604,9994,0.0,15672,506,99098
6,99610,9995,1.0,15673,506,99104
6,99616,9995,0.0,15674,506,99110
9,99625,9996,1.0,15675,506,99119
6,99631,9997,1.0,15676,506,99125
8,99639,9998,1.0,15677,506,99133
9,99648,9999,1.0,15678,506,99142
6,99654,9999,0.0,15679,506,99148
6,99660,10000,1.0,15680,506,99154
2,99662,10000,0.0,15681,506,99156
6,99668,10001,1.0,15682,506,99162
7,99675,10002,1.0,15683,506,99169
4,99679,10002,0.0,15684,506,99173
8,99687,10003,1.0,15685,506,99181
8,99695,10004,1.0,15686,506,99189
6,99701,10005,1.0,15687,506,99195
6,99707,10006,1.0,15688,506,99201
6,99713,10006,0.0,15689,506,99207
6,99719,10007,1.0,15690,506,99213
7,99726,10008,1.0,15691,506,99220
8,99734,10009,1.0,15692,506,99228
7,99741,10010,1.0,15693,506,99235
8,99749,10011,1.0,15694,506,99243
6,99755,10012,1.0,15695,506,99249
11,99766,10012,0.0,15696,506,99260
2,99768,10012,0.0,15697,506,99262
6,99774,10013,1.0,15698,506,99268
11,99785,10014,1.0,15699,506,99279
5,99790,10014,0.0,15700,506,99284
6,99796,10015,1.0,15701,506,99290
6,99802,10016,1.0,15702,506,99296
8,99810,10017,1.0,15703,506,99304
7,99817,10018,1.0,15704,506,99311
4,99821,10018,0.0,15705,506,99315
9,99830,10019,1.0,15706,506,99324
7,99837,10020,1.0,15707,506,99331
6,99843,10021,1.0,15708,506,99337
10,99853,10022,1.0,15709,506,99347
7,99860,10023,1.0,15710,506,99354
6,99866,10024,1.0,15711,506,99360
8,99874,10025,1.0,15712,506,99368
2,99876,10025,0.0,15713,506,99370
8,99884,10026,1.0,15714,506,99378
7,99891,10027,1.0,15715,506,99385
7,99898,10028,1.0,15716,506,99392
6,99904,10029,1.0,15717,506,99398
7,99911,10030,1.0,15718,506,99405
7,99918,10031,1.0,15719,506,99412
4,99922,10031,0.0,15720,506,99416
6,99928,10032,1.0,15721,506,99422
9,99937,10033,1.0,15722,506,99431
6,99943,10033,0.0,15723,506,99437
7,99950,10034,1.0,15724,506,99444
7,99957,10035,1.0,15725,506,99451
6,99963,10036,1.0,15726,506,99457
11,99974,10037,1.0,15727,506,99468
6,99980,10038,1.0,15728,506,99474
12,99992,10039,1.0,15729,506,99486
6,99998,10040,1.0,15730,506,99492
