iteration,successes,successes_episode,reward_episode,episode_count,random_act,timestep,epsilon
10,10,0,0.0,1,10,0,1.0
5,15,0,0.0,2,15,0,0.9901493354116764
2,17,0,0.0,3,16,1,0.9803966865736877
16,33,0,0.0,4,31,2,0.970741078213023
4,37,0,0.0,5,34,3,0.9611815447608
15,52,0,0.0,6,48,4,0.9517171302557069
7,59,0,0.0,7,55,4,0.9423468882484062
3,62,0,0.0,8,57,5,0.9330698817068888
2,64,0,0.0,9,59,5,0.9238851829227694
12,76,0,0.0,10,70,6,0.9147918734185159
3,79,0,0.0,11,73,6,0.9057890438555999
2,81,0,0.0,12,74,7,0.896875793943563
25,106,0,0.0,13,93,13,0.888051232349986
3,109,0,0.0,14,95,14,0.8793144766113556
9,118,0,0.0,15,104,14,0.8706646530448178
2,120,0,0.0,16,106,14,0.8621008966608072
22,142,0,0.0,17,124,18,0.8536223510765493
3,145,0,0.0,18,127,18,0.8452281684304199
4,149,0,0.0,19,131,18,0.8369175092971592
2,151,0,0.0,20,133,18,0.8286895426039287
2,153,0,0.0,21,135,18,0.820543445547202
5,158,0,0.0,22,139,19,0.8124784035104852
18,176,0,0.0,23,154,22,0.8044936099828537
23,199,0,0.0,24,171,28,0.7965882664783007
2,201,0,0.0,25,173,28,0.7887615824558879
20,221,0,0.0,26,188,33,0.7810127752406908
3,224,0,0.0,27,190,34,0.7733410699455306
5,229,0,0.0,28,195,34,0.7657456993934846
6,235,0,0.0,29,200,35,0.7582259040411682
18,253,0,0.0,30,209,44,0.7507809319027796
11,264,0,0.0,31,219,45,0.7434100384749007
7,271,0,0.0,32,224,47,0.7361124866620463
15,286,0,0.0,33,236,50,0.7288875467029541
2,288,0,0.0,34,238,50,0.7217344960976069
6,294,0,0.0,35,243,51,0.7146526195349836
6,300,0,0.0,36,247,53,0.7076412088215263
13,313,0,0.0,37,255,58,0.7006995628103208
4,317,0,0.0,38,259,58,0.6938269873309811
10,327,0,0.0,39,266,61,0.6870227951202322
3,330,0,0.0,40,268,62,0.680286305753183
2,332,0,0.0,41,270,62,0.6736168455752829
6,338,0,0.0,42,274,64,0.6670137476349562
13,351,0,0.0,43,279,72,0.6604763516169062
3,354,0,0.0,44,281,73,0.6540040037760834
4,358,0,0.0,45,284,74,0.64759605687231
4,362,0,0.0,46,287,75,0.6412518701055556
9,371,0,0.0,47,295,76,0.6349708090518567
5,376,0,0.0,48,297,79,0.6287522455998737
8,384,0,0.0,49,304,80,0.6225955578880794
3,387,0,0.0,50,306,81,0.616500130242572
5,392,0,0.0,51,309,83,0.6104653531155071
2,394,0,0.0,52,310,84,0.6044906230241432
2,396,0,0.0,53,311,85,0.5985753424904925
8,404,0,0.0,54,312,92,0.5927189199815717
7,411,0,0.0,55,316,95,0.5869207698502498
3,414,0,0.0,56,317,97,0.5811803122766818
4,418,0,0.0,57,319,99,0.5754969732103268
6,424,0,0.0,58,321,103,0.5698701843125418
9,433,0,0.0,59,325,108,0.564299382899748
11,444,0,0.0,60,328,116,0.558784011887162
3,447,0,0.0,61,331,116,0.5533235197330862
6,453,0,0.0,62,333,120,0.5479173603837548
2,455,0,0.0,63,334,121,0.5425649932187278
4,459,0,0.0,64,338,121,0.5372658829968282
23,482,0,0.0,65,355,127,0.5320194998026181
6,488,0,0.0,66,356,132,0.5268253189934059
10,498,0,0.0,67,359,139,0.5216828211467822
6,504,0,0.0,68,362,142,0.516591492008677
38,542,0,0.0,69,380,162,0.5115508224419336
11,553,0,0.0,70,384,169,0.5065603083753949
12,565,0,0.0,71,391,174,0.5016194507534953
4,569,0,0.0,72,392,177,0.49672775548635545
12,581,0,0.0,73,398,183,0.491884733400372
6,587,0,0.0,74,401,186,0.48708990018930043
24,611,0,0.0,75,411,200,0.48234277636582407
30,641,0,0.0,76,425,216,0.47764288721360454
10,651,0,0.0,77,429,222,0.47298976273981014
4,655,0,0.0,78,432,223,0.4683829376281158
8,663,0,0.0,79,435,228,0.4638219511921713
3,666,0,0.0,80,437,229,0.4593063473295323
2,668,0,0.0,81,439,229,0.45483567447604933
10,678,0,0.0,82,442,236,0.4504094855607117
6,684,0,0.0,83,445,239,0.44602733796093924
6,690,0,0.0,84,449,241,0.4416887934583202
13,703,0,0.0,85,456,247,0.43739341819478894
9,712,0,0.0,86,459,253,0.43314078262923944
10,722,0,0.0,87,463,259,0.4289304614945713
15,737,0,0.0,88,469,268,0.42476203375516264
4,741,0,0.0,89,471,270,0.42063508256476556
34,775,0,0.0,90,483,292,0.41654919522482203
2,777,0,0.0,91,484,293,0.4125039631431931
7,784,0,0.0,92,488,296,0.40849898179329963
25,809,0,0.0,93,495,314,0.404533850673669
5,814,0,0.0,94,497,317,0.40060817326788506
12,826,0,0.0,95,501,325,0.3967215570049359
28,854,0,0.0,96,515,339,0.3928736132199562
13,867,0,0.0,97,518,349,0.38906395711536096
10,877,0,0.0,98,524,353,0.38529220772236483
14,891,0,0.0,99,529,362,0.3815579878628856
10,901,0,0.0,100,532,369,0.37786092411182526
3,904,0,0.0,101,533,371,0.3742006467597279
10,914,0,0.0,102,535,379,0.3705767897758081
25,939,0,0.0,103,540,399,0.3669889907713475
16,955,0,0.0,104,547,408,0.36343689096345594
9,964,0,0.0,105,551,413,0.35992013513919235
14,978,0,0.0,106,556,422,0.35643837162004377
6,984,0,0.0,107,558,426,0.3529912522267568
5,989,0,0.0,108,560,429,0.34957843224451957
2,991,0,0.0,109,561,430,0.34619957038848975
43,1034,0,0.0,110,579,455,0.34285432876966604
4,1038,0,0.0,111,580,458,0.3395423728610988
24,1062,0,0.0,112,585,477,0.3362633714644372
12,1074,0,0.0,113,591,483,0.33301699667680906
8,1082,0,0.0,114,595,487,0.3298029238580304
25,1107,0,0.0,115,604,503,0.3266208315981408
10,1117,0,0.0,116,607,510,0.32347040168526264
24,1141,0,0.0,117,613,528,0.3203513190737793
6,1147,0,0.0,118,616,531,0.3172632718528302
14,1161,0,0.0,119,623,538,0.31420595121511996
4,1165,0,0.0,120,625,540,0.311179051426037
25,1190,0,0.0,121,634,556,0.3081822697930801
6,1196,0,0.0,122,635,561,0.3052153066355885
14,1210,0,0.0,123,639,571,0.30227786525477407
10,1220,0,0.0,124,644,576,0.29936965190405085
23,1243,0,0.0,125,649,594,0.29649037575966014
3,1246,0,0.0,126,650,596,0.29363974889158817
20,1266,0,0.0,127,657,609,0.2908174862347727
35,1301,0,0.0,128,668,633,0.28802330556059597
2,1303,0,0.0,129,669,634,0.2852569274486622
23,1326,0,0.0,130,679,647,0.2825180752588548
24,1350,0,0.0,131,685,665,0.27980647510367246
4,1354,0,0.0,132,687,667,0.2771218558208399
5,1359,0,0.0,133,690,669,0.27446394894619186
12,1371,0,0.0,134,694,677,0.27183248868682575
20,1391,0,0.0,135,701,690,0.26922721189452276
2,1393,0,0.0,136,702,691,0.2666478580394326
2,1395,0,0.0,137,703,692,0.26409416918402034
25,1420,0,0.0,138,707,713,0.26156588995727226
5,1425,0,0.0,139,710,715,0.2590627675291589
4,1429,0,0.0,140,711,718,0.2565845515853515
4,1433,0,0.0,141,713,720,0.2541309943021904
2,1435,0,0.0,142,715,720,0.25170185032190273
2,1437,0,0.0,143,716,721,0.24929687672806608
6,1443,0,0.0,144,718,725,0.246915833021317
3,1446,0,0.0,145,719,727,0.24455848109530054
20,1466,0,0.0,146,722,744,0.2422245852128597
6,1472,0,0.0,147,726,746,0.23991391198246126
6,1478,0,0.0,148,728,750,0.2376262303348566
24,1502,0,0.0,149,733,769,0.2353613114999746
6,1508,0,0.0,150,734,774,0.23311892898404435
10,1518,0,0.0,151,740,778,0.23089885854694553
24,1542,0,0.0,152,745,797,0.22870087817978443
7,1549,0,0.0,153,748,801,0.22652476808269262
23,1572,0,0.0,154,751,821,0.22437031064284702
13,1585,0,0.0,155,754,831,0.22223729041270818
6,1591,0,0.0,156,755,836,0.22012549408847562
16,1607,0,0.0,157,759,848,0.21803471048875708
3,1610,0,0.0,158,760,850,0.21596473053345028
7,1617,0,0.0,159,761,856,0.21391534722283462
6,1623,0,0.0,160,763,860,0.2118863556168713
20,1643,0,0.0,161,765,878,0.20987755281470882
6,1649,0,0.0,162,766,883,0.20788873793439305
30,1679,0,0.0,163,770,909,0.2059197120927785
3,1682,0,0.0,164,771,911,0.20397027838564025
25,1707,0,0.0,165,771,936,0.20204024186798297
25,1732,0,0.0,166,772,960,0.20012940953454655
14,1746,0,0.0,167,775,971,0.1982375903005053
8,1754,0,0.0,168,776,978,0.19636459498235934
12,1766,0,0.0,169,777,989,0.19451023627901587
44,1810,0,0.0,170,787,1023,0.19267432875305937
25,1835,0,0.0,171,793,1042,0.19085668881220733
4,1839,0,0.0,172,794,1045,0.1890571346909509
26,1865,0,0.0,173,799,1066,0.1872754864323783
10,1875,0,0.0,174,802,1073,0.18551156587017906
25,1900,0,0.0,175,810,1090,0.1837651966108269
24,1924,0,0.0,176,816,1108,0.1820362040159407
11,1935,0,0.0,177,817,1118,0.18032441518482004
13,1948,0,0.0,178,819,1129,0.17862965893715535
35,1983,0,0.0,179,823,1160,0.17695176579590954
24,2007,0,0.0,180,828,1179,0.1752905679703703
42,2049,0,0.0,181,834,1215,0.17364589933937066
3,2052,0,0.0,182,835,1217,0.172017595434677
9,2061,0,0.0,183,837,1224,0.17040549342454195
9,2070,0,0.0,184,838,1232,0.16880943209742102
6,2076,0,0.0,185,839,1237,0.16722925184585147
25,2101,0,0.0,186,843,1258,0.16566479465049133
25,2126,0,0.0,187,846,1280,0.16411590406431734
25,2151,0,0.0,188,848,1303,0.1625824251969801
3,2154,0,0.0,189,849,1305,0.16106420469931504
51,2205,0,0.0,190,856,1349,0.15956109074800714
25,2230,0,0.0,191,859,1371,0.1580729330304087
4,2234,0,0.0,192,860,1374,0.15659958272950783
25,2259,0,0.0,193,866,1393,0.15514089250904667
20,2279,0,0.0,194,869,1410,0.1536967164987875
2,2281,0,0.0,195,871,1410,0.1522669102799259
3,2284,0,0.0,196,872,1412,0.15085133087064845
9,2293,0,0.0,197,873,1420,0.14944983671183457
6,2299,0,0.0,198,875,1424,0.14806228765290044
10,2309,0,0.0,199,877,1432,0.1466885449377839
25,2334,0,0.0,200,879,1455,0.14532847119106862
35,2369,0,0.0,201,883,1486,0.1439819304042466
25,2394,0,0.0,202,884,1510,0.14264878792211688
20,2414,0,0.0,203,886,1528,0.1413289104293205
10,2424,0,0.0,204,887,1537,0.14002216593700811
6,2430,0,0.0,205,890,1540,0.13872842376964165
6,2436,0,0.0,206,892,1544,0.1374475545519262
25,2461,0,0.0,207,893,1568,0.13617943019587256
3,2464,0,0.0,208,895,1569,0.13492392388798838
13,2477,0,0.0,209,898,1579,0.13368091007659658
25,2502,0,0.0,210,899,1603,0.1324502644592803
25,2527,0,0.0,211,902,1625,0.13123186397045208
25,2552,0,0.0,212,907,1645,0.13002558676904785
2,2554,0,0.0,213,908,1646,0.12883131222634217
24,2578,0,0.0,214,910,1668,0.12764892091388555
25,2603,0,0.0,215,913,1690,0.1264782945915614
3,2606,0,0.0,216,914,1692,0.125319316195762
25,2631,0,0.0,217,918,1713,0.12417186982768189
25,2656,0,0.0,218,920,1736,0.12303584074172813
25,2681,0,0.0,219,921,1760,0.12191111533404535
25,2706,0,0.0,220,924,1782,0.12079758113115559
8,2714,0,0.0,221,927,1787,0.11969512677871053
9,2723,0,0.0,222,929,1794,0.11860364203035628
2,2725,0,0.0,223,930,1795,0.11752301773670837
2,2727,0,0.0,224,931,1796,0.116453145834437
58,2785,0,0.0,225,940,1845,0.11539391933546027
25,2810,0,0.0,226,941,1869,0.11434523231624569
25,2835,0,0.0,227,943,1892,0.11330697990721733
20,2855,0,0.0,228,947,1908,0.1122790582822692
25,2880,0,0.0,229,951,1929,0.11126136464838206
25,2905,0,0.0,230,954,1951,0.11025379723534455
22,2927,0,0.0,231,957,1970,0.10925625528557566
25,2952,0,0.0,232,959,1993,0.1082686390440492
25,2977,0,0.0,233,959,2018,0.10729084974831793
25,3002,0,0.0,234,960,2042,0.10632278961863742
16,3018,0,0.0,235,962,2056,0.10536436184818809
25,3043,0,0.0,236,963,2080,0.10441547059339411
25,3068,0,0.0,237,964,2104,0.10347602096433932
25,3093,0,0.0,238,968,2125,0.10254591901527788
4,3097,0,0.0,239,969,2128,0.10162507173523985
9,3106,0,0.0,240,971,2135,0.10071338703872978
25,3131,0,0.0,241,972,2159,0.09981077375651838
24,3155,0,0.0,242,977,2178,0.09891714162652515
25,3180,0,0.0,243,977,2203,0.09803240128479247
6,3186,0,0.0,244,979,2207,0.09715646425654882
24,3210,0,0.0,245,983,2227,0.09628924294736148
25,3235,0,0.0,246,985,2250,0.09543065063437678
24,3259,0,0.0,247,986,2273,0.09458060145764802
20,3279,0,0.0,248,988,2291,0.09373901041154904
38,3317,0,0.0,249,990,2327,0.092905793336274
41,3358,0,0.0,250,992,2366,0.09208086690942092
50,3408,0,0.0,251,996,2412,0.0912641486376598
20,3428,0,0.0,252,998,2430,0.09045555684848275
33,3461,0,0.0,253,1002,2459,0.08965501068203711
25,3486,0,0.0,254,1002,2484,0.08886243008303903
4,3490,0,0.0,255,1003,2487,0.08807773579276819
21,3511,0,0.0,256,1005,2506,0.08730084934114159
20,3531,0,0.0,257,1007,2524,0.08653169303886674
24,3555,0,0.0,258,1010,2545,0.0857701899696724
13,3568,0,0.0,259,1011,2557,0.08501626398261702
13,3581,0,0.0,260,1012,2569,0.0842698396844737
25,3606,0,0.0,261,1012,2594,0.08353084243219053
24,3630,0,0.0,262,1013,2617,0.08279919832542652
25,3655,0,0.0,263,1015,2640,0.08207483419916123
20,3675,0,0.0,264,1016,2659,0.08135767761637844
4,3679,0,0.0,265,1017,2662,0.08064765686082219
24,3703,0,0.0,266,1019,2684,0.0799447009298253
25,3728,0,0.0,267,1020,2708,0.0792487395272088
23,3751,0,0.0,268,1025,2726,0.07855970305625253
11,3762,0,0.0,269,1027,2735,0.07787752261273513
25,3787,0,0.0,270,1028,2759,0.07720212997804382
25,3812,0,0.0,271,1028,2784,0.07653345761235225
50,3862,0,0.0,272,1029,2833,0.07587143864786668
7,3869,0,0.0,273,1030,2839,0.07521600688213892
25,3894,0,0.0,274,1030,2864,0.07456709677144624
6,3900,0,0.0,275,1031,2869,0.07392464342423678
25,3925,0,0.0,276,1032,2893,0.0732885825946405
25,3950,0,0.0,277,1033,2917,0.07265885067604429
25,3975,0,0.0,278,1034,2941,0.07203538469473161
25,4000,0,0.0,279,1036,2964,0.0714181223035847
25,4025,0,0.0,280,1038,2987,0.07080700177585013
50,4075,0,0.0,281,1042,3033,0.07020196199896576
24,4099,0,0.0,282,1047,3052,0.06960294246844981
24,4123,0,0.0,283,1048,3075,0.06900988328184997
25,4148,0,0.0,284,1049,3099,0.06842272513275337
10,4158,0,0.0,285,1050,3108,0.06784140930485581
25,4183,0,0.0,286,1052,3131,0.06726587766609007
25,4208,0,0.0,287,1053,3155,0.06669607266281269
50,4258,0,0.0,288,1057,3201,0.06613193731404843
24,4282,0,0.0,289,1059,3223,0.06557341520579238
25,4307,0,0.0,290,1061,3246,0.06502045048536823
4,4311,0,0.0,291,1062,3249,0.06447298785584316
42,4353,0,0.0,292,1066,3287,0.06393097257049796
25,4378,0,0.0,293,1066,3312,0.06339435042735246
25,4403,0,0.0,294,1066,3337,0.06286306776374512
25,4428,0,0.0,295,1067,3361,0.06233707145096687
25,4453,0,0.0,296,1069,3384,0.06181630888894806
4,4457,0,0.0,297,1070,3387,0.061300728000998575
11,4468,0,0.0,298,1071,3397,0.06079027722859992
25,4493,0,0.0,299,1072,3421,0.060284905526249516
25,4518,0,0.0,300,1072,3446,0.05978456235635595
23,4541,0,0.0,301,1073,3468,0.05928919768418531
25,4566,0,0.0,302,1076,3490,0.05879876197285753
25,4591,0,0.0,303,1077,3514,0.058313206178392835
25,4616,0,0.0,304,1077,3539,0.05783248174480709
25,4641,0,0.0,305,1077,3564,0.057356540599256385
25,4666,0,0.0,306,1077,3589,0.0568853351472295
25,4691,0,0.0,307,1078,3613,0.0564188182677886
25,4716,0,0.0,308,1079,3637,0.05595694330885694
8,4724,0,0.0,309,1080,3644,0.05549966408255377
25,4749,0,0.0,310,1083,3666,0.05504693486057535
25,4774,0,0.0,311,1085,3689,0.05459871036962222
50,4824,0,0.0,312,1089,3735,0.05415494578687179
25,4849,0,0.0,313,1089,3760,0.05371559673549593
25,4874,0,0.0,314,1090,3784,0.053280619280223436
23,4897,0,0.0,315,1093,3804,0.05284996992294624
25,4922,0,0.0,316,1093,3829,0.05242360559836979
25,4947,0,0.0,317,1093,3854,0.05200148366970627
6,4953,0,0.0,318,1094,3859,0.051583561924411096
10,4963,0,0.0,319,1096,3867,0.05116979856996143
25,4988,0,0.0,320,1100,3888,0.050760152229677065
25,5013,0,0.0,321,1101,3912,0.05035458193858255
25,5038,0,0.0,322,1102,3936,0.049953047139310834
41,5079,0,0.0,323,1104,3975,0.04955550767804736
24,5103,0,0.0,324,1105,3998,0.04916192380051474
25,5128,0,0.0,325,1107,4021,0.0487722561479972
25,5153,0,0.0,326,1108,4045,0.04838646575340479
25,5178,0,0.0,327,1111,4067,0.04800451403737654
25,5203,0,0.0,328,1111,4092,0.04762636280442257
4,5207,0,0.0,329,1112,4095,0.04725197423910444
24,5231,0,0.0,330,1113,4118,0.04688131090225365
25,5256,0,0.0,331,1114,4142,0.046514335727227595
25,5281,0,0.0,332,1114,4167,0.046151012016203
25,5306,0,0.0,333,1115,4191,0.04579130343650595
25,5331,0,0.0,334,1116,4215,0.04543517401697875
25,5356,0,0.0,335,1119,4237,0.04508258814438266
25,5381,0,0.0,336,1120,4261,0.04473351055983658
25,5406,0,0.0,337,1120,4286,0.044387906355291176
8,5414,0,0.0,338,1121,4293,0.04404574097003798
25,5439,0,0.0,339,1122,4317,0.04370698018725335
24,5463,0,0.0,340,1125,4338,0.043371590130576676
25,5488,0,0.0,341,1125,4363,0.04303953726072282
25,5513,0,0.0,342,1125,4388,0.042710788372128064
25,5538,0,0.0,343,1125,4413,0.042385310589629625
25,5563,0,0.0,344,1126,4437,0.04206307136517797
25,5588,0,0.0,345,1126,4462,0.04174403847458216
25,5613,0,0.0,346,1127,4486,0.04142818001428726
51,5664,0,0.0,347,1131,4533,0.04111546439818403
25,5689,0,0.0,348,1132,4557,0.04080586035445025
25,5714,0,0.0,349,1135,4579,0.040499336922423565
25,5739,0,0.0,350,1137,4602,0.040195863449505306
25,5764,0,0.0,351,1138,4626,0.039895409588095315
9,5773,0,0.0,352,1139,4634,0.039597945292557044
25,5798,0,0.0,353,1139,4659,0.03930344081621308
23,5821,0,0.0,354,1141,4680,0.03901186670837034
21,5842,0,0.0,355,1143,4699,0.03872319381137508
21,5863,0,0.0,356,1144,4719,0.03843739325769703
14,5877,0,0.0,357,1145,4732,0.03815443646704266
25,5902,0,0.0,358,1145,4757,0.03787429514349709
25,5927,0,0.0,359,1145,4782,0.03759694127269454
25,5952,0,0.0,360,1146,4806,0.037322347119016795
25,5977,0,0.0,361,1146,4831,0.03705048522281963
25,6002,0,0.0,362,1146,4856,0.03678132839768691
10,6012,0,0.0,363,1147,4865,0.036514849727711796
25,6037,0,0.0,364,1147,4890,0.03625102256480524
6,6043,0,0.0,365,1148,4895,0.03598982052603108
21,6064,0,0.0,366,1149,4915,0.0357312174909678
6,6070,0,0.0,367,1150,4920,0.03547518759909634
10,6080,0,0.0,368,1153,4927,0.035221705247214206
10,6090,0,0.0,369,1154,4936,0.03497074508687494
25,6115,0,0.0,370,1154,4961,0.034722282021853394
25,6140,0,0.0,371,1155,4985,0.034476291205635994
25,6165,0,0.0,372,1155,5010,0.034232748038936146
25,6190,0,0.0,373,1155,5035,0.0339916281672342
25,6215,0,0.0,374,1156,5059,0.03375290747834208
25,6240,0,0.0,375,1157,5083,0.033516562099991945
25,6265,0,0.0,376,1157,5108,0.03328256839744902
11,6276,0,0.0,377,1159,5117,0.03305090297114803
25,6301,0,0.0,378,1160,5141,0.03282154265435332
47,6348,0,0.0,379,1163,5185,0.03259446451084204
25,6373,0,0.0,380,1163,5210,0.03236964583261064
25,6398,0,0.0,381,1163,5235,0.03214706413760394
25,6423,0,0.0,382,1164,5259,0.03192669716746694
25,6448,0,0.0,383,1164,5284,0.031708522885318995
3,6451,0,0.0,384,1165,5286,0.031492519473550085
25,6476,0,0.0,385,1166,5310,0.031278665331639026
25,6501,0,0.0,386,1166,5335,0.031066939073993396
25,6526,0,0.0,387,1166,5360,0.030857319527811018
25,6551,0,0.0,388,1166,5385,0.030649785730962574
25,6576,0,0.0,389,1166,5410,0.030444316929895437
25,6601,0,0.0,390,1166,5435,0.030240892577558277
37,6638,0,0.0,391,1168,5470,0.030039492331346347
25,6663,0,0.0,392,1169,5494,0.029840096051067175
20,6683,0,0.0,393,1170,5513,0.029642683796926583
25,6708,0,0.0,394,1170,5538,0.02944723582753464
25,6733,0,0.0,395,1170,5563,0.029253732597931535
25,6758,0,0.0,396,1171,5587,0.029062154757633053
25,6783,0,0.0,397,1172,5611,0.02887248314869552
25,6808,0,0.0,398,1172,5636,0.028684698803799973
25,6833,0,0.0,399,1172,5661,0.02849878294435545
25,6858,0,0.0,400,1173,5685,0.02831471697862105
25,6883,0,0.0,401,1173,5710,0.028132482499846838
25,6908,0,0.0,402,1174,5734,0.027952061284433068
25,6933,0,0.0,403,1174,5759,0.02777343529010782
7,6940,0,0.0,404,1175,5765,0.027596586654122846
25,6965,0,0.0,405,1175,5790,0.027421497691467157
25,6990,0,0.0,406,1175,5815,0.02724815089309858
25,7015,0,0.0,407,1176,5839,0.0270765289241928
25,7040,0,0.0,408,1177,5863,0.026906614622409945
25,7065,0,0.0,409,1178,5887,0.026738390996178224
25,7090,0,0.0,410,1179,5911,0.026571841222994823
8,7098,0,0.0,411,1180,5918,0.026406948647743643
25,7123,0,0.0,412,1180,5943,0.026243696781029717
25,7148,0,0.0,413,1181,5967,0.026082069297530375
25,7173,0,0.0,414,1183,5990,0.02592205003436255
25,7198,0,0.0,415,1184,6014,0.025763622989466578
25,7223,0,0.0,416,1185,6038,0.025606772320005942
25,7248,0,0.0,417,1185,6063,0.025451482340783003
24,7272,0,0.0,418,1186,6086,0.02529773752267042
25,7297,0,0.0,419,1188,6109,0.025145522491058264
25,7322,0,0.0,420,1188,6134,0.02499482202431651
20,7342,0,0.0,421,1190,6152,0.024845621052272927
25,7367,0,0.0,422,1191,6176,0.024697904654705963
25,7392,0,0.0,423,1193,6199,0.024551658059852766
25,7417,0,0.0,424,1193,6224,0.024406866642931964
25,7442,0,0.0,425,1193,6249,0.024263515924681227
23,7465,0,0.0,426,1195,6270,0.024121591569909263
25,7490,0,0.0,427,1195,6295,0.023981079386062323
25,7515,0,0.0,428,1195,6320,0.023841965321804916
25,7540,0,0.0,429,1195,6345,0.023704235465614704
25,7565,0,0.0,430,1195,6370,0.023567876044391298
6,7571,0,0.0,431,1196,6375,0.023432873422078924
25,7596,0,0.0,432,1196,6400,0.02329921409830285
25,7621,0,0.0,433,1196,6425,0.02316688470701933
20,7641,0,0.0,434,1198,6443,0.023035872015178954
12,7653,0,0.0,435,1199,6454,0.022906162921403357
25,7678,0,0.0,436,1199,6479,0.022777744454675064
25,7703,0,0.0,437,1199,6504,0.0226506037730404
25,7728,0,0.0,438,1199,6529,0.02252472816232525
25,7753,0,0.0,439,1199,6554,0.022400105034863643
25,7778,0,0.0,440,1200,6578,0.02227672192823897
50,7828,0,0.0,441,1201,6627,0.02215456650403775
25,7853,0,0.0,442,1202,6651,0.022033626546615788
25,7878,0,0.0,443,1202,6676,0.021913889961876536
25,7903,0,0.0,444,1203,6700,0.02179534477606175
25,7928,0,0.0,445,1203,6725,0.02167797913455405
25,7953,0,0.0,446,1203,6750,0.021561781300691488
25,7978,0,0.0,447,1203,6775,0.02144673965459385
25,8003,0,0.0,448,1203,6800,0.021332842692000656
25,8028,0,0.0,449,1204,6824,0.021220079023120713
25,8053,0,0.0,450,1204,6849,0.02110843737149319
7,8060,0,0.0,451,1206,6854,0.02099790657285988
25,8085,0,0.0,452,1206,6879,0.020888475574048812
25,8110,0,0.0,453,1207,6903,0.020780133431868894
25,8135,0,0.0,454,1207,6928,0.020672869312015653
25,8160,0,0.0,455,1207,6953,0.020566672487987697
25,8185,0,0.0,456,1207,6978,0.02046153234001413
25,8210,0,0.0,457,1207,7003,0.02035743835399253
25,8235,0,0.0,458,1207,7028,0.020254380120437558
25,8260,0,0.0,459,1207,7053,0.02015234733343998
25,8285,0,0.0,460,1209,7076,0.020051329789636065
25,8310,0,0.0,461,1210,7100,0.01995131738718724
25,8335,0,0.0,462,1210,7125,0.019852300124769934
25,8360,0,0.0,463,1210,7150,0.019754268100575387
24,8384,0,0.0,464,1211,7173,0.019657211511319474
23,8407,0,0.0,465,1212,7195,0.0195611206512624
25,8432,0,0.0,466,1213,7219,0.01946598591123807
25,8457,0,0.0,467,1214,7243,0.01937179777769322
3,8460,0,0.0,468,1215,7245,0.019278546831735997
23,8483,0,0.0,469,1216,7267,0.019186223748194096
25,8508,0,0.0,470,1216,7292,0.01909481929468222
25,8533,0,0.0,471,1217,7316,0.019004324330678855
25,8558,0,0.0,472,1217,7341,0.018914729806612192
25,8583,0,0.0,473,1218,7365,0.01882602676295516
25,8608,0,0.0,474,1220,7388,0.018738206329329453
25,8633,0,0.0,475,1221,7412,0.018651259723618557
25,8658,0,0.0,476,1221,7437,0.01856517825108943
25,8683,0,0.0,477,1221,7462,0.018479953303523082
10,8693,0,0.0,478,1222,7471,0.018395576358353725
25,8718,0,0.0,479,1222,7496,0.018312038977816556
25,8743,0,0.0,480,1222,7521,0.018229332808103887
3,8746,0,0.0,481,1223,7523,0.01814744957852983
25,8771,0,0.0,482,1223,7548,0.01806638110070318
25,8796,0,0.0,483,1223,7573,0.01798611926770862
25,8821,0,0.0,484,1223,7598,0.017906656053295947
25,8846,0,0.0,485,1224,7622,0.017827983511077505
25,8871,0,0.0,486,1224,7647,0.01775009377373351
25,8896,0,0.0,487,1224,7672,0.017672979052225327
25,8921,0,0.0,488,1224,7697,0.017596631635016534
25,8946,0,0.0,489,1224,7722,0.01752104388730179
25,8971,0,0.0,490,1224,7747,0.017446208250243338
25,8996,0,0.0,491,1224,7772,0.017372117240215094
25,9021,0,0.0,492,1224,7797,0.01729876344805433
25,9046,0,0.0,493,1224,7822,0.0172261395383207
25,9071,0,0.0,494,1224,7847,0.017154238248562697
25,9096,0,0.0,495,1224,7872,0.017083052388591435
25,9121,0,0.0,496,1224,7897,0.017012574839761596
25,9146,0,0.0,497,1224,7922,0.01694279855425957
25,9171,0,0.0,498,1224,7947,0.016873716554398652
25,9196,0,0.0,499,1224,7972,0.016805321931921288
25,9221,0,0.0,500,1224,7997,0.01673760784730824
25,9246,0,0.0,501,1224,8022,0.016670567529094613
25,9271,0,0.0,502,1224,8047,0.01660419427319272
25,9296,0,0.0,503,1224,8072,0.016538481442221656
25,9321,0,0.0,504,1224,8097,0.016473422464843575
25,9346,0,0.0,505,1224,8122,0.01640901083510651
25,9371,0,0.0,506,1224,8147,0.01634524011179382
25,9396,0,0.0,507,1224,8172,0.016282103917780018
25,9421,0,0.0,508,1225,8196,0.01621959593939311
25,9446,0,0.0,509,1225,8221,0.016157709925783147
25,9471,0,0.0,510,1225,8246,0.016096439688297208
25,9496,0,0.0,511,1226,8270,0.016035779099860478
25,9521,0,0.0,512,1226,8295,0.01597572209436357
25,9546,0,0.0,513,1226,8320,0.015916262666055885
25,9571,0,0.0,514,1226,8345,0.015857394868945038
24,9595,0,0.0,515,1227,8368,0.015799112816202266
25,9620,0,0.0,516,1227,8393,0.01574141067957372
25,9645,0,0.0,517,1228,8417,0.01568428268879766
25,9670,0,0.0,518,1228,8442,0.0156277231310274
25,9695,0,0.0,519,1228,8467,0.015571726350260025
25,9720,0,0.0,520,1228,8492,0.015516286746770792
25,9745,0,0.0,521,1229,8516,0.015461398776553163
25,9770,0,0.0,522,1229,8541,0.015407056950764372
25,9795,0,0.0,523,1229,8566,0.01535325583517655
25,9820,0,0.0,524,1229,8591,0.015299990049633304
25,9845,0,0.0,525,1229,8616,0.015247254267511699
25,9870,0,0.0,526,1229,8641,0.015195043215189571
25,9895,0,0.0,527,1229,8666,0.015143351671518179
25,9920,0,0.0,528,1230,8690,0.015092174467300075
25,9945,0,0.0,529,1231,8714,0.015041506484772198
25,9970,0,0.0,530,1231,8739,0.01499134265709407
25,9995,0,0.0,531,1231,8764,0.014941677967841115
25,10020,0,0.0,532,1231,8789,0.01489250745050302
25,10045,0,0.0,533,1231,8814,0.014843826187987082
25,10070,0,0.0,534,1231,8839,0.014795629312126479
25,10095,0,0.0,535,1232,8863,0.014747912003193458
25,10120,0,0.0,536,1232,8888,0.014700669489417359
25,10145,0,0.0,537,1232,8913,0.014653897046507443
25,10170,0,0.0,538,1232,8938,0.01460758999718044
25,10195,0,0.0,539,1232,8963,0.014561743710692824
25,10220,0,0.0,540,1232,8988,0.014516353602377746
25,10245,0,0.0,541,1232,9013,0.01447141513318654
25,10270,0,0.0,542,1232,9038,0.014426923809234849
25,10295,0,0.0,543,1232,9063,0.014382875181353196
25,10320,0,0.0,544,1232,9088,0.01433926484464209
25,10345,0,0.0,545,1233,9112,0.014296088438031505
25,10370,0,0.0,546,1233,9137,0.014253341643844817
25,10395,0,0.0,547,1233,9162,0.014211020187366974
25,10420,0,0.0,548,1233,9187,0.014169119836417065
24,10444,0,0.0,549,1234,9210,0.01412763640092507
12,10456,0,0.0,550,1235,9221,0.014086565732512882
25,10481,0,0.0,551,1235,9246,0.014045903724079427
25,10506,0,0.0,552,1235,9271,0.014005646309389977
25,10531,0,0.0,553,1235,9296,0.013965789462669513
25,10556,0,0.0,554,1235,9321,0.013926329198200155
25,10581,0,0.0,555,1235,9346,0.013887261569922569
3,10584,0,0.0,556,1236,9348,0.01384858267104137
25,10609,0,0.0,557,1236,9373,0.013810288633634434
25,10634,0,0.0,558,1236,9398,0.013772375628266116
25,10659,0,0.0,559,1236,9423,0.013734839863604284
6,10665,0,0.0,560,1237,9428,0.013697677586041186
25,10690,0,0.0,561,1237,9453,0.0136608850793181
25,10715,0,0.0,562,1237,9478,0.013624458664153696
25,10740,0,0.0,563,1238,9502,0.013588394697876097
25,10765,0,0.0,564,1239,9526,0.013552689574058628
25,10790,0,0.0,565,1239,9551,0.013517339722159148
25,10815,0,0.0,566,1239,9576,0.013482341607163007
25,10840,0,0.0,567,1239,9601,0.013447691729229546
23,10863,0,0.0,568,1240,9623,0.013413386623342096
25,10888,0,0.0,569,1241,9647,0.013379422858961477
25,10913,0,0.0,570,1241,9672,0.013345797039682946
25,10938,0,0.0,571,1242,9696,0.01331250580289656
25,10963,0,0.0,572,1242,9721,0.013279545819450893
25,10988,0,0.0,573,1242,9746,0.013246913793320138
25,11013,0,0.0,574,1242,9771,0.01321460646127448
25,11038,0,0.0,575,1242,9796,0.013182620592553802
25,11063,0,0.0,576,1242,9821,0.01315095298854457
25,11088,0,0.0,577,1242,9846,0.013119600482459998
25,11113,0,0.0,578,1242,9871,0.013088559939023343
25,11138,0,0.0,579,1242,9896,0.013057828254154401
25,11163,0,0.0,580,1242,9921,0.013027402354659073
25,11188,0,0.0,581,1242,9946,0.012997279197922058
25,11213,0,0.0,582,1242,9971,0.012967455771602571
3,11216,0,0.0,583,1243,9973,0.012937929093333135
25,11241,0,0.0,584,1243,9998,0.012908696210421315
25,11266,0,0.0,585,1244,10022,0.012879754199554458
50,11316,0,0.0,586,1245,10071,0.012851100166507357
24,11340,0,0.0,587,1246,10094,0.012822731245852837
25,11365,0,0.0,588,1246,10119,0.012794644600675184
25,11390,0,0.0,589,1246,10144,0.012766837422286476
25,11415,0,0.0,590,1246,10169,0.012739306929945703
25,11440,0,0.0,591,1246,10194,0.012712050370580685
25,11465,0,0.0,592,1246,10219,0.012685065018512777
50,11515,0,0.0,593,1247,10268,0.012658348175184284
25,11540,0,0.0,594,1247,10293,0.012631897168888604
25,11565,0,0.0,595,1247,10318,0.012605709354503067
25,11590,0,0.0,596,1247,10343,0.012579782113224414
50,11640,0,0.0,597,1248,10392,0.012554112852306908
25,11665,0,0.0,598,1248,10417,0.012528699004803068
7,11672,0,0.0,599,1250,10422,0.012503538029306963
25,11697,0,0.0,600,1250,10447,0.012478627409700078
25,11722,0,0.0,601,1250,10472,0.012453964654899695
25,11747,0,0.0,602,1250,10497,0.012429547298609778
25,11772,0,0.0,603,1250,10522,0.01240537289907435
25,11797,0,0.0,604,1250,10547,0.012381439038833314
25,11822,0,0.0,605,1250,10572,0.012357743324480702
6,11828,0,0.0,606,1251,10577,0.01233428338642533
25,11853,0,0.0,607,1251,10602,0.012311056878653841
25,11878,0,0.0,608,1251,10627,0.012288061478496108
25,11903,0,0.0,609,1251,10652,0.012265294886392948
24,11927,0,0.0,610,1252,10675,0.01224275482566618
25,11952,0,0.0,611,1253,10699,0.012220439042290943
25,11977,0,0.0,612,1253,10724,0.012198345304670311
25,12002,0,0.0,613,1253,10749,0.012176471403412107
25,12027,0,0.0,614,1253,10774,0.012154815151107974
25,12052,0,0.0,615,1253,10799,0.012133374382114637
14,12066,0,0.0,616,1255,10811,0.012112146952337331
25,12091,0,0.0,617,1257,10834,0.012091130739015387
25,12116,0,0.0,618,1257,10859,0.012070323640509958
25,12141,0,0.0,619,1257,10884,0.012049723576093858
25,12166,0,0.0,620,1257,10909,0.012029328485743472
25,12191,0,0.0,621,1257,10934,0.012009136329932777
25,12216,0,0.0,622,1257,10959,0.01198914508942936
25,12241,0,0.0,623,1258,10983,0.011969352765092513
25,12266,0,0.0,624,1258,11008,0.011949757377673304
25,12291,0,0.0,625,1258,11033,0.01193035696761667
25,12316,0,0.0,626,1258,11058,0.011911149594865432
25,12341,0,0.0,627,1259,11082,0.011892133338666311
25,12366,0,0.0,628,1259,11107,0.01187330629737784
25,12391,0,0.0,629,1259,11132,0.011854666588280199
25,12416,0,0.0,630,1259,11157,0.011836212347386948
8,12424,0,0.0,631,1260,11164,0.011817941729258619
25,12449,0,0.0,632,1260,11189,0.011799852906818169
24,12473,0,0.0,633,1261,11212,0.011781944071168286
25,12498,0,0.0,634,1261,11237,0.011764213431410478
25,12523,0,0.0,635,1261,11262,0.011746659214465993
25,12548,0,0.0,636,1261,11287,0.011729279664898506
25,12573,0,0.0,637,1261,11312,0.011712073044738584
25,12598,0,0.0,638,1261,11337,0.011695037633309868
25,12623,0,0.0,639,1263,11360,0.011678171727057018
25,12648,0,0.0,640,1263,11385,0.011661473639375353
25,12673,0,0.0,641,1263,11410,0.011644941700442194
25,12698,0,0.0,642,1263,11435,0.011628574257049868
25,12723,0,0.0,643,1263,11460,0.011612369672440398
25,12748,0,0.0,644,1263,11485,0.011596326326141817
25,12773,0,0.0,645,1263,11510,0.011580442613806126
25,12798,0,0.0,646,1263,11535,0.011564716947048855
25,12823,0,0.0,647,1264,11559,0.011549147753290225
9,12832,0,0.0,648,1265,11567,0.011533733475597885
25,12857,0,0.0,649,1265,11592,0.011518472572531219
25,12882,0,0.0,650,1266,11616,0.011503363517987204
25,12907,0,0.0,651,1267,11640,0.011488404801047796
25,12932,0,0.0,652,1267,11665,0.011473594925828836
25,12957,0,0.0,653,1267,11690,0.011458932411330456
12,12969,0,0.0,654,1268,11701,0.01144441579128899
25,12994,0,0.0,655,1268,11726,0.011430043614030338
25,13019,0,0.0,656,1268,11751,0.011415814442324796
25,13044,0,0.0,657,1268,11776,0.011401726853243335
25,13069,0,0.0,658,1269,11800,0.011387779438015309
25,13094,0,0.0,659,1269,11825,0.011373970801887569
25,13119,0,0.0,660,1269,11850,0.011360299563985
25,13144,0,0.0,661,1269,11875,0.011346764357172414
25,13169,0,0.0,662,1269,11900,0.011333363827917855
25,13194,0,0.0,663,1270,11924,0.011320096636157226
25,13219,0,0.0,664,1270,11949,0.011306961455160297
25,13244,0,0.0,665,1270,11974,0.011293956971398022
25,13269,0,0.0,666,1270,11999,0.01128108188441119
25,13294,0,0.0,667,1270,12024,0.01126833490668037
25,13319,0,0.0,668,1270,12049,0.011255714763497167
25,13344,0,0.0,669,1271,12073,0.011243220192836747
25,13369,0,0.0,670,1272,12097,0.011230849945231628
25,13394,0,0.0,671,1272,12122,0.011218602783646746
25,13419,0,0.0,672,1272,12147,0.011206477483355735
25,13444,0,0.0,673,1272,12172,0.01119447283181846
25,13469,0,0.0,674,1272,12197,0.011182587628559764
25,13494,0,0.0,675,1272,12222,0.011170820685049418
25,13519,0,0.0,676,1273,12246,0.011159170824583262
25,13544,0,0.0,677,1273,12271,0.011147636882165546
25,13569,0,0.0,678,1273,12296,0.011136217704392411
25,13594,0,0.0,679,1274,12320,0.011124912149336568
25,13619,0,0.0,680,1274,12345,0.01111371908643309
25,13644,0,0.0,681,1275,12369,0.011102637396366355
25,13669,0,0.0,682,1275,12394,0.011091665970958125
25,13694,0,0.0,683,1275,12419,0.011080803713056716
25,13719,0,0.0,684,1275,12444,0.011070049536427285
25,13744,0,0.0,685,1275,12469,0.011059402365643208
25,13769,0,0.0,686,1276,12493,0.011048861135978534
25,13794,0,0.0,687,1276,12518,0.011038424793301511
25,13819,0,0.0,688,1276,12543,0.011028092293969175
25,13844,0,0.0,689,1277,12567,0.011017862604722983
25,13869,0,0.0,690,1277,12592,0.011007734702585483
25,13894,0,0.0,691,1278,12616,0.010997707574758025
25,13919,0,0.0,692,1279,12640,0.010987780218519469
12,13931,0,0.0,693,1280,12651,0.010977951641125918
25,13956,0,0.0,694,1280,12676,0.010968220859711442
25,13981,0,0.0,695,1280,12701,0.010958586901189789
25,14006,0,0.0,696,1280,12726,0.01094904880215708
25,14031,0,0.0,697,1281,12750,0.010939605608795464
25,14056,0,0.0,698,1282,12774,0.010930256376777735
25,14081,0,0.0,699,1282,12799,0.010921000171172899
25,14106,0,0.0,700,1282,12824,0.010911836066352685
20,14126,0,0.0,701,1283,12843,0.010902763145898971
25,14151,0,0.0,702,1283,12868,0.010893780502512152
24,14175,0,0.0,703,1284,12891,0.010884887237920403
25,14200,0,0.0,704,1285,12915,0.010876082462789857
16,14216,0,0.0,705,1287,12929,0.010867365296635659
25,14241,0,0.0,706,1288,12953,0.010858734867733933
25,14266,0,0.0,707,1288,12978,0.010850190313034594
25,14291,0,0.0,708,1288,13003,0.010841730778075053
25,14316,0,0.0,709,1288,13028,0.010833355416894765
25,14341,0,0.0,710,1288,13053,0.01082506339195063
25,14366,0,0.0,711,1288,13078,0.010816853874033245
25,14391,0,0.0,712,1289,13102,0.010808726042183978
25,14416,0,0.0,713,1290,13126,0.01080067908361287
25,14441,0,0.0,714,1290,13151,0.01079271219361736
25,14466,0,0.0,715,1291,13175,0.010784824575501804
25,14491,0,0.0,716,1291,13200,0.010777015440497823
25,14516,0,0.0,717,1292,13224,0.010769284007685407
25,14541,0,0.0,718,1292,13249,0.01076162950391483
25,14566,0,0.0,719,1292,13274,0.01075405116372934
25,14591,0,0.0,720,1292,13299,0.010746548229288598
25,14616,0,0.0,721,1293,13323,0.010739119950292912
25,14641,0,0.0,722,1294,13347,0.010731765583908192
25,14666,0,0.0,723,1295,13371,0.010724484394691668
25,14691,0,0.0,724,1295,13396,0.010717275654518353
25,14716,0,0.0,725,1295,13421,0.010710138642508221
25,14741,0,0.0,726,1295,13446,0.010703072644954124
14,14755,0,0.0,727,1296,13459,0.010696076955250418
25,14780,0,0.0,728,1297,13483,0.010689150873822304
25,14805,0,0.0,729,1297,13508,0.010682293708055865
50,14855,0,0.0,730,1298,13557,0.010675504772228813
25,14880,0,0.0,731,1298,13582,0.010668783387441906
25,14905,0,0.0,732,1298,13607,0.010662128881551065
25,14930,0,0.0,733,1298,13632,0.010655540589100154
25,14955,0,0.0,734,1299,13656,0.010649017851254439
25,14980,0,0.0,735,1299,13681,0.0106425600157347
25,15005,0,0.0,736,1299,13706,0.010636166436752002
25,15030,0,0.0,737,1300,13730,0.01062983647494312
25,15055,0,0.0,738,1301,13754,0.010623569497306598
25,15080,0,0.0,739,1302,13778,0.01061736487713945
25,15105,0,0.0,740,1302,13803,0.010611221993974488
13,15118,0,0.0,741,1304,13814,0.010605140233518277
25,15143,0,0.0,742,1305,13838,0.010599118987589702
25,15168,0,0.0,743,1305,13863,0.010593157654059155
25,15193,0,0.0,744,1305,13888,0.010587255636788313
25,15218,0,0.0,745,1305,13913,0.01058141234557053
25,15243,0,0.0,746,1306,13937,0.01057562719607182
25,15268,0,0.0,747,1306,13962,0.010569899609772403
25,15293,0,0.0,748,1306,13987,0.010564229013908884
25,15318,0,0.0,749,1306,14012,0.010558614841416947
25,15343,0,0.0,750,1306,14037,0.010553056530874667
25,15368,0,0.0,751,1306,14062,0.010547553526446355
25,15393,0,0.0,752,1307,14086,0.010542105277826985
25,15418,0,0.0,753,1307,14111,0.010536711240187152
25,15443,0,0.0,754,1307,14136,0.0105313708741186
25,15468,0,0.0,755,1307,14161,0.01052608364558027
25,15493,0,0.0,756,1308,14185,0.010520849025844903
25,15518,0,0.0,757,1308,14210,0.010515666491446161
25,15543,0,0.0,758,1309,14234,0.01051053552412629
25,15568,0,0.0,759,1309,14259,0.010505455610784278
25,15593,0,0.0,760,1311,14282,0.010500426243424558
25,15618,0,0.0,761,1311,14307,0.010495446919106205
25,15643,0,0.0,762,1311,14332,0.010490517139892635
25,15668,0,0.0,763,1312,14356,0.010485636412801822
25,15693,0,0.0,764,1312,14381,0.010480804249756986
25,15718,0,0.0,765,1312,14406,0.010476020167537797
25,15743,0,0.0,766,1312,14431,0.010471283687732046
25,15768,0,0.0,767,1312,14456,0.010466594336687809
25,15793,0,0.0,768,1314,14479,0.010461951645466068
25,15818,0,0.0,769,1314,14504,0.010457355149793835
25,15843,0,0.0,770,1314,14529,0.010452804390017712
25,15868,0,0.0,771,1315,14553,0.010448298911057929
25,15893,0,0.0,772,1315,14578,0.010443838262362837
25,15918,0,0.0,773,1316,14602,0.010439421997863846
25,15943,0,0.0,774,1316,14627,0.010435049675930827
25,15968,0,0.0,775,1317,14651,0.010430720859327945
20,15988,0,0.0,776,1318,14670,0.01042643511516993
25,16013,0,0.0,777,1318,14695,0.010422192014878798
25,16038,0,0.0,778,1320,14718,0.01041799113414098
25,16063,0,0.0,779,1320,14743,0.010413832052864903
25,16088,0,0.0,780,1320,14768,0.010409714355138974
25,16113,0,0.0,781,1320,14793,0.010405637629189989
25,16138,0,0.0,782,1320,14818,0.010401601467341955
25,16163,0,0.0,783,1320,14843,0.010397605465975325
23,16186,0,0.0,784,1321,14865,0.01039364922548663
25,16211,0,0.0,785,1321,14890,0.010389732350248527
50,16261,0,0.0,786,1323,14938,0.010385854448570228
25,16286,0,0.0,787,1323,14963,0.01038201513265833
25,16311,0,0.0,788,1323,14988,0.010378214018578047
25,16336,0,0.0,789,1323,15013,0.0103744507262148
25,16361,0,0.0,790,1323,15038,0.010370724879236218
25,16386,0,0.0,791,1323,15063,0.010367036105054498
25,16411,0,0.0,792,1323,15088,0.010363384034789147
25,16436,0,0.0,793,1324,15112,0.010359768303230097
25,16461,0,0.0,794,1325,15136,0.010356188548801179
25,16486,0,0.0,795,1325,15161,0.010352644413523964
25,16511,0,0.0,796,1325,15186,0.010349135542981974
25,16536,0,0.0,797,1325,15211,0.010345661586285228
25,16561,0,0.0,798,1325,15236,0.010342222196035164
50,16611,0,0.0,799,1326,15285,0.01033881702828989
25,16636,0,0.0,800,1328,15308,0.010335445742529792
25,16661,0,0.0,801,1328,15333,0.010332108001623487
25,16686,0,0.0,802,1329,15357,0.010328803471794101
25,16711,0,0.0,803,1329,15382,0.0103255318225859
25,16736,0,0.0,804,1329,15407,0.010322292726831234
25,16761,0,0.0,805,1329,15432,0.01031908586061783
25,16786,0,0.0,806,1329,15457,0.010315910903256391
25,16811,0,0.0,807,1329,15482,0.01031276753724854
25,16836,0,0.0,808,1330,15506,0.010309655448255054
25,16861,0,0.0,809,1331,15530,0.01030657432506444
25,16886,0,0.0,810,1331,15555,0.010303523859561813
25,16911,0,0.0,811,1331,15580,0.01030050374669808
25,16936,0,0.0,812,1331,15605,0.010297513684459435
25,16961,0,0.0,813,1331,15630,0.010294553373837166
25,16986,0,0.0,814,1331,15655,0.010291622518797741
25,17011,0,0.0,815,1331,15680,0.010288720826253218
25,17036,0,0.0,816,1331,15705,0.010285848006031922
25,17061,0,0.0,817,1331,15730,0.010283003770849435
25,17086,0,0.0,818,1331,15755,0.010280187836279871
50,17136,0,0.0,819,1334,15802,0.010277399920727424
25,17161,0,0.0,820,1334,15827,0.01027463974539822
25,17186,0,0.0,821,1334,15852,0.010271907034272422
25,17211,0,0.0,822,1334,15877,0.01026920151407664
25,17236,0,0.0,823,1334,15902,0.010266522914256601
25,17261,0,0.0,824,1334,15927,0.010263870966950093
25,17286,0,0.0,825,1334,15952,0.01026124540696017
25,17311,0,0.0,826,1334,15977,0.010258645971728651
25,17336,0,0.0,827,1334,16002,0.010256072401309843
25,17361,0,0.0,828,1334,16027,0.01025352443834456
25,17386,0,0.0,829,1334,16052,0.010251001828034383
25,17411,0,0.0,830,1334,16077,0.010248504318116178
25,17436,0,0.0,831,1334,16102,0.010246031658836873
25,17461,0,0.0,832,1334,16127,0.010243583602928479
25,17486,0,0.0,833,1334,16152,0.010241159905583363
25,17511,0,0.0,834,1335,16176,0.010238760324429774
25,17536,0,0.0,835,1335,16201,0.010236384619507594
25,17561,0,0.0,836,1335,16226,0.010234032553244354
25,17586,0,0.0,837,1335,16251,0.010231703890431466
25,17611,0,0.0,838,1335,16276,0.01022939839820071
25,17636,0,0.0,839,1335,16301,0.010227115846000938
25,17661,0,0.0,840,1335,16326,0.01022485600557503
25,17686,0,0.0,841,1335,16351,0.01022261865093706
25,17711,0,0.0,842,1336,16375,0.010220403558349701
25,17736,0,0.0,843,1336,16400,0.010218210506301846
25,17761,0,0.0,844,1336,16425,0.010216039275486465
25,17786,0,0.0,845,1336,16450,0.010213889648778665
25,17811,0,0.0,846,1336,16475,0.010211761411213984
25,17836,0,0.0,847,1336,16500,0.010209654349966894
25,17861,0,0.0,848,1336,16525,0.010207568254329514
25,17886,0,0.0,849,1338,16548,0.01020550291569054
10,17896,0,0.0,850,1339,16557,0.010203458127514388
25,17921,0,0.0,851,1339,16582,0.010201433685320538
25,17946,0,0.0,852,1340,16606,0.010199429386663081
25,17971,0,0.0,853,1340,16631,0.010197445031110482
25,17996,0,0.0,854,1340,16656,0.010195480420225531
25,18021,0,0.0,855,1340,16681,0.010193535357545505
25,18046,0,0.0,856,1340,16706,0.010191609648562514
25,18071,0,0.0,857,1342,16729,0.010189703100704052
25,18096,0,0.0,858,1342,16754,0.01018781552331375
25,18121,0,0.0,859,1342,16779,0.01018594672763229
25,18146,0,0.0,860,1342,16804,0.010184096526778551
25,18171,0,0.0,861,1342,16829,0.010182264735730903
47,18218,0,0.0,862,1344,16874,0.010180451171308717
24,18242,0,0.0,863,1345,16897,0.010178655652154037
25,18267,0,0.0,864,1345,16922,0.010176877998713455
25,18292,0,0.0,865,1345,16947,0.01017511803322014
25,18317,0,0.0,866,1345,16972,0.010173375579676082
25,18342,0,0.0,867,1345,16997,0.01017165046383447
25,18367,0,0.0,868,1345,17022,0.010169942513182286
25,18392,0,0.0,869,1345,17047,0.010168251556923037
25,18417,0,0.0,870,1345,17072,0.010166577425959692
8,18425,0,0.0,871,1346,17079,0.010164919952877757
25,18450,0,0.0,872,1347,17103,0.010163278971928544
25,18475,0,0.0,873,1347,17128,0.01016165431901259
14,18489,0,0.0,874,1348,17141,0.01016004583166325
3,18492,0,0.0,875,1349,17143,0.010158453349030448
25,18517,0,0.0,876,1350,17167,0.010156876711864594
25,18542,0,0.0,877,1350,17192,0.010155315762500658
25,18567,0,0.0,878,1350,17217,0.0101537703448424
25,18592,0,0.0,879,1350,17242,0.010152240304346772
25,18617,0,0.0,880,1350,17267,0.010150725488008444
25,18642,0,0.0,881,1350,17292,0.010149225744344521
25,18667,0,0.0,882,1350,17317,0.01014774092337939
25,18692,0,0.0,883,1350,17342,0.010146270876629714
25,18717,0,0.0,884,1351,17366,0.010144815457089593
25,18742,0,0.0,885,1351,17391,0.010143374519215861
25,18767,0,0.0,886,1351,17416,0.01014194791891353
25,18792,0,0.0,887,1351,17441,0.01014053551352138
25,18817,0,0.0,888,1351,17466,0.010139137161797698
25,18842,0,0.0,889,1351,17491,0.010137752723906142
25,18867,0,0.0,890,1351,17516,0.01013638206140177
25,18892,0,0.0,891,1351,17541,0.010135025037217192
25,18917,0,0.0,892,1352,17565,0.010133681515648855
25,18942,0,0.0,893,1353,17589,0.010132351362343486
25,18967,0,0.0,894,1353,17614,0.010131034444284644
25,18992,0,0.0,895,1353,17639,0.010129730629779427
25,19017,0,0.0,896,1353,17664,0.010128439788445296
25,19042,0,0.0,897,1353,17689,0.010127161791197044
25,19067,0,0.0,898,1354,17713,0.01012589651023388
25,19092,0,0.0,899,1354,17738,0.010124643819026653
25,19117,0,0.0,900,1354,17763,0.0101234035923052
25,19142,0,0.0,901,1354,17788,0.010122175706045813
25,19167,0,0.0,902,1354,17813,0.010120960037458845
25,19192,0,0.0,903,1354,17838,0.010119756464976423
25,19217,0,0.0,904,1355,17862,0.010118564868240294
25,19242,0,0.0,905,1356,17886,0.010117385128089795
25,19267,0,0.0,906,1357,17910,0.010116217126549927
25,19292,0,0.0,907,1360,17932,0.010115060746819561
25,19317,0,0.0,908,1360,17957,0.010113915873259762
25,19342,0,0.0,909,1360,17982,0.010112782391382219
25,19367,0,0.0,910,1360,18007,0.010111660187837799
25,19392,0,0.0,911,1360,18032,0.010110549150405214
25,19417,0,0.0,912,1360,18057,0.010109449167979795
25,19442,0,0.0,913,1361,18081,0.010108360130562379
25,19467,0,0.0,914,1362,18105,0.010107281929248322
25,19492,0,0.0,915,1362,18130,0.010106214456216591
4,19496,0,0.0,916,1363,18133,0.010105157604718994
25,19521,0,0.0,917,1363,18158,0.010104111269069502
25,19546,0,0.0,918,1363,18183,0.010103075344633675
25,19571,0,0.0,919,1363,18208,0.010102049727818207
25,19596,0,0.0,920,1363,18233,0.010101034316060565
25,19621,0,0.0,921,1363,18258,0.010100029007818723
25,19646,0,0.0,922,1363,18283,0.01009903370256102
25,19671,0,0.0,923,1364,18307,0.010098048300756102
25,19696,0,0.0,924,1364,18332,0.010097072703862968
25,19721,0,0.0,925,1364,18357,0.010096106814321115
25,19746,0,0.0,926,1364,18382,0.01009515053554078
25,19771,0,0.0,927,1364,18407,0.010094203771893295
25,19796,0,0.0,928,1364,18432,0.010093266428701501
25,19821,0,0.0,929,1364,18457,0.0100923384122303
25,19846,0,0.0,930,1364,18482,0.01009141962967727
25,19871,0,0.0,931,1364,18507,0.010090509989163391
25,19896,0,0.0,932,1364,18532,0.010089609399723856
25,19921,0,0.0,933,1364,18557,0.010088717771298966
25,19946,0,0.0,934,1364,18582,0.010087835014725138
25,19971,0,0.0,935,1366,18605,0.010086961041725979
25,19996,0,0.0,936,1366,18630,0.01008609576490346
25,20021,0,0.0,937,1366,18655,0.010085239097729176
25,20046,0,0.0,938,1366,18680,0.0100843909545357
25,20071,0,0.0,939,1366,18705,0.010083551250508005
25,20096,0,0.0,940,1366,18730,0.010082719901674985
25,20121,0,0.0,941,1367,18754,0.010081896824901066
25,20146,0,0.0,942,1368,18778,0.010081081937877885
4,20150,0,0.0,943,1369,18781,0.01008027515911606
25,20175,0,0.0,944,1371,18804,0.010079476407937044
25,20200,0,0.0,945,1372,18828,0.010078685604465051
25,20225,0,0.0,946,1372,18853,0.010077902669619077
25,20250,0,0.0,947,1372,18878,0.010077127525104984
25,20275,0,0.0,948,1372,18903,0.010076360093407673
25,20300,0,0.0,949,1372,18928,0.010075600297783338
25,20325,0,0.0,950,1372,18953,0.010074848062251781
25,20350,0,0.0,951,1372,18978,0.010074103311588823
25,20375,0,0.0,952,1372,19003,0.010073365971318778
7,20382,0,0.0,953,1373,19009,0.010072635967707003
25,20407,0,0.0,954,1373,19034,0.010071913227752527
25,20432,0,0.0,955,1373,19059,0.010071197679180756
25,20457,0,0.0,956,1374,19083,0.010070489250436234
25,20482,0,0.0,957,1374,19108,0.010069787870675497
25,20507,0,0.0,958,1374,19133,0.010069093469759984
6,20513,0,0.0,959,1375,19138,0.010068405978249026
25,20538,0,0.0,960,1375,19163,0.010067725327392897
25,20563,0,0.0,961,1375,19188,0.010067051449125945
25,20588,0,0.0,962,1375,19213,0.010066384276059784
25,20613,0,0.0,963,1375,19238,0.010065723741476547
25,20638,0,0.0,964,1375,19263,0.01006506977932223
25,20663,0,0.0,965,1375,19288,0.010064422324200068
25,20688,0,0.0,966,1375,19313,0.010063781311364012
25,20713,0,0.0,967,1375,19338,0.010063146676712244
25,20738,0,0.0,968,1375,19363,0.01006251835678077
25,20763,0,0.0,969,1375,19388,0.010061896288737071
25,20788,0,0.0,970,1375,19413,0.01006128041037383
25,20813,0,0.0,971,1375,19438,0.01006067066010269
25,20838,0,0.0,972,1375,19463,0.01006006697694812
25,20863,0,0.0,973,1375,19488,0.010059469300541302
25,20888,0,0.0,974,1375,19513,0.010058877571114096
25,20913,0,0.0,975,1375,19538,0.010058291729493065
25,20938,0,0.0,976,1375,19563,0.01005771171709356
25,20963,0,0.0,977,1375,19588,0.010057137475913858
25,20988,0,0.0,978,1375,19613,0.010056568948529363
25,21013,0,0.0,979,1375,19638,0.010056006078086861
25,21038,0,0.0,980,1375,19663,0.01005544880829884
25,21063,0,0.0,981,1375,19688,0.010054897083437856
23,21086,0,0.0,982,1376,19710,0.010054350848330963
25,21111,0,0.0,983,1376,19735,0.010053810048354195
25,21136,0,0.0,984,1376,19760,0.010053274629427107
24,21160,0,0.0,985,1377,19783,0.010052744538007355
25,21185,0,0.0,986,1378,19807,0.01005221972108536
25,21210,0,0.0,987,1378,19832,0.010051700126178988
25,21235,0,0.0,988,1378,19857,0.010051185701328317
25,21260,0,0.0,989,1378,19882,0.010050676395090436
25,21285,0,0.0,990,1378,19907,0.010050172156534292
25,21310,0,0.0,991,1378,19932,0.010049672935235614
8,21318,0,0.0,992,1379,19939,0.010049178681271852
25,21343,0,0.0,993,1380,19963,0.010048689345217202
25,21368,0,0.0,994,1381,19987,0.010048204878137646
25,21393,0,0.0,995,1381,20012,0.010047725231586075
25,21418,0,0.0,996,1381,20037,0.010047250357597435
25,21443,0,0.0,997,1381,20062,0.010046780208683928
25,21468,0,0.0,998,1381,20087,0.010046314737830275
25,21493,0,0.0,999,1381,20112,0.010045853898488999
25,21518,0,0.0,1000,1381,20137,0.010045397644575786
25,21543,0,0.0,1001,1381,20162,0.010044945930464861
25,21568,0,0.0,1002,1381,20187,0.010044498710984437
25,21593,0,0.0,1003,1381,20212,0.010044055941412194
25,21618,0,0.0,1004,1381,20237,0.010043617577470805
25,21643,0,0.0,1005,1381,20262,0.010043183575323512
25,21668,0,0.0,1006,1381,20287,0.010042753891569738
25,21693,0,0.0,1007,1381,20312,0.01004232848324075
25,21718,0,0.0,1008,1381,20337,0.010041907307795358
25,21743,0,0.0,1009,1381,20362,0.01004149032311567
25,21768,0,0.0,1010,1381,20387,0.010041077487502869
25,21793,0,0.0,1011,1381,20412,0.010040668759673048
25,21818,0,0.0,1012,1381,20437,0.010040264098753086
25,21843,0,0.0,1013,1382,20461,0.010039863464276553
25,21868,0,0.0,1014,1382,20486,0.010039466816179668
25,21893,0,0.0,1015,1382,20511,0.010039074114797288
25,21918,0,0.0,1016,1382,20536,0.01003868532085895
25,21943,0,0.0,1017,1382,20561,0.010038300395484938
25,21968,0,0.0,1018,1382,20586,0.01003791930018239
25,21993,0,0.0,1019,1383,20610,0.01003754199684146
2,21995,0,0.0,1020,1384,20611,0.0100371684477315
25,22020,0,0.0,1021,1384,20636,0.010036798615497286
25,22045,0,0.0,1022,1384,20661,0.010036432463155286
25,22070,0,0.0,1023,1384,20686,0.010036069954089965
25,22095,0,0.0,1024,1384,20711,0.01003571105205011
25,22120,0,0.0,1025,1384,20736,0.01003535572114522
25,22145,0,0.0,1026,1384,20761,0.010035003925841906
25,22170,0,0.0,1027,1384,20786,0.010034655630960348
25,22195,0,0.0,1028,1384,20811,0.010034310801670764
25,22220,0,0.0,1029,1384,20836,0.010033969403489941
25,22245,0,0.0,1030,1384,20861,0.010033631402277775
25,22270,0,0.0,1031,1384,20886,0.010033296764233863
25,22295,0,0.0,1032,1384,20911,0.01003296545589412
25,22320,0,0.0,1033,1384,20936,0.01003263744412744
25,22345,0,0.0,1034,1385,20960,0.010032312696132369
25,22370,0,0.0,1035,1385,20985,0.01003199117943384
24,22394,0,0.0,1036,1387,21007,0.010031672861879913
25,22419,0,0.0,1037,1387,21032,0.010031357711638567
25,22444,0,0.0,1038,1387,21057,0.010031045697194518
25,22469,0,0.0,1039,1387,21082,0.01003073678734606
25,22494,0,0.0,1040,1387,21107,0.01003043095120195
25,22519,0,0.0,1041,1387,21132,0.01003012815817832
25,22544,0,0.0,1042,1387,21157,0.010029828377995615
25,22569,0,0.0,1043,1388,21181,0.010029531580675564
25,22594,0,0.0,1044,1388,21206,0.010029237736538193
25,22619,0,0.0,1045,1388,21231,0.01002894681619884
25,22644,0,0.0,1046,1388,21256,0.010028658790565229
25,22669,0,0.0,1047,1388,21281,0.010028373630834558
25,22694,0,0.0,1048,1389,21305,0.010028091308490614
25,22719,0,0.0,1049,1390,21329,0.010027811795300929
25,22744,0,0.0,1050,1390,21354,0.01002753506331395
25,22769,0,0.0,1051,1390,21379,0.01002726108485625
25,22794,0,0.0,1052,1390,21404,0.010026989832529752
25,22819,0,0.0,1053,1390,21429,0.010026721279208999
25,22844,0,0.0,1054,1390,21454,0.010026455398038434
25,22869,0,0.0,1055,1390,21479,0.01002619216242972
25,22894,0,0.0,1056,1390,21504,0.010025931546059077
25,22919,0,0.0,1057,1390,21529,0.010025673522864646
25,22944,0,0.0,1058,1390,21554,0.0100254180670439
25,22969,0,0.0,1059,1390,21579,0.010025165153051038
25,22994,0,0.0,1060,1390,21604,0.010024914755594453
25,23019,0,0.0,1061,1390,21629,0.01002466684963419
25,23044,0,0.0,1062,1390,21654,0.010024421410379444
25,23069,0,0.0,1063,1390,21679,0.01002417841328609
25,23094,0,0.0,1064,1390,21704,0.010023937834054211
25,23119,0,0.0,1065,1390,21729,0.010023699648625687
25,23144,0,0.0,1066,1391,21753,0.010023463833181775
25,23169,0,0.0,1067,1391,21778,0.010023230364140734
25,23194,0,0.0,1068,1391,21803,0.010022999218155467
25,23219,0,0.0,1069,1391,21828,0.01002277037211118
25,23244,0,0.0,1070,1391,21853,0.01002254380312308
25,23269,0,0.0,1071,1391,21878,0.01002231948853408
25,23294,0,0.0,1072,1391,21903,0.010022097405912533
25,23319,0,0.0,1073,1391,21928,0.010021877533049992
24,23343,0,0.0,1074,1392,21951,0.010021659847958985
25,23368,0,0.0,1075,1392,21976,0.010021444328870826
25,23393,0,0.0,1076,1393,22000,0.010021230954233424
50,23443,0,0.0,1077,1394,22049,0.010021019702709136
25,23468,0,0.0,1078,1394,22074,0.010020810553172638
25,23493,0,0.0,1079,1394,22099,0.010020603484708799
25,23518,0,0.0,1080,1394,22124,0.0100203984766106
25,23543,0,0.0,1081,1394,22149,0.01002019550837706
25,23568,0,0.0,1082,1394,22174,0.010019994559711188
25,23593,0,0.0,1083,1394,22199,0.01001979561051795
25,23618,0,0.0,1084,1394,22224,0.01001959864090226
4,23622,0,0.0,1085,1395,22227,0.010019403631166992
25,23647,0,0.0,1086,1395,22252,0.01001921056181101
25,23672,0,0.0,1087,1395,22277,0.01001901941352722
25,23697,0,0.0,1088,1395,22302,0.01001883016720063
25,23722,0,0.0,1089,1395,22327,0.010018642803906453
25,23747,0,0.0,1090,1395,22352,0.010018457304908203
25,23772,0,0.0,1091,1395,22377,0.010018273651655822
25,23797,0,0.0,1092,1396,22401,0.010018091825783837
25,23822,0,0.0,1093,1397,22425,0.010017911809109508
25,23847,0,0.0,1094,1398,22449,0.010017733583631014
25,23872,0,0.0,1095,1398,22474,0.010017557131525663
20,23892,0,0.0,1096,1399,22493,0.010017382435148095
25,23917,0,0.0,1097,1399,22518,0.010017209477028527
25,23942,0,0.0,1098,1399,22543,0.010017038239871004
25,23967,0,0.0,1099,1400,22567,0.010016868706551666
25,23992,0,0.0,1100,1400,22592,0.01001670086011704
25,24017,0,0.0,1101,1401,22616,0.010016534683782344
25,24042,0,0.0,1102,1401,22641,0.010016370160929804
25,24067,0,0.0,1103,1401,22666,0.010016207275107
25,24092,0,0.0,1104,1401,22691,0.010016046010025212
25,24117,0,0.0,1105,1401,22716,0.0100158863495578
25,24142,0,0.0,1106,1402,22740,0.01001572827773858
25,24167,0,0.0,1107,1402,22765,0.010015571778760241
25,24192,0,0.0,1108,1402,22790,0.010015416836972756
25,24217,0,0.0,1109,1403,22814,0.010015263436881815
25,24242,0,0.0,1110,1403,22839,0.010015111563147282
9,24251,0,0.0,1111,1404,22847,0.010014961200581656
25,24276,0,0.0,1112,1404,22872,0.010014812334148557
25,24301,0,0.0,1113,1404,22897,0.010014664948961216
25,24326,0,0.0,1114,1404,22922,0.010014519030280992
25,24351,0,0.0,1115,1405,22946,0.010014374563515895
25,24376,0,0.0,1116,1405,22971,0.01001423153421913
25,24401,0,0.0,1117,1405,22996,0.010014089928087644
25,24426,0,0.0,1118,1405,23021,0.01001394973096071
25,24451,0,0.0,1119,1405,23046,0.010013810928818496
28,24479,0,0.0,1120,1407,23072,0.010013673507780674
25,24504,0,0.0,1121,1407,23097,0.010013537454105024
20,24524,0,0.0,1122,1408,23116,0.010013402754186067
25,24549,0,0.0,1123,1408,23141,0.010013269394553695
25,24574,0,0.0,1124,1408,23166,0.010013137361871838
25,24599,0,0.0,1125,1408,23191,0.010013006642937116
7,24606,0,0.0,1126,1409,23197,0.010012877224677526
25,24631,0,0.0,1127,1409,23222,0.010012749094151136
25,24656,0,0.0,1128,1409,23247,0.010012622238544785
25,24681,0,0.0,1129,1410,23271,0.010012496645172807
25,24706,0,0.0,1130,1410,23296,0.01001237230147576
25,24731,0,0.0,1131,1410,23321,0.01001224919501917
25,24756,0,0.0,1132,1410,23346,0.01001212731349229
25,24781,0,0.0,1133,1410,23371,0.010012006644706866
25,24806,0,0.0,1134,1411,23395,0.010011887176595919
25,24831,0,0.0,1135,1411,23420,0.010011768897212536
25,24856,0,0.0,1136,1411,23445,0.010011651794728682
25,24881,0,0.0,1137,1412,23469,0.010011535857434011
25,24906,0,0.0,1138,1412,23494,0.010011421073734697
25,24931,0,0.0,1139,1412,23519,0.010011307432152275
25,24956,0,0.0,1140,1412,23544,0.01001119492132249
25,24981,0,0.0,1141,1412,23569,0.010011083529994165
25,25006,0,0.0,1142,1413,23593,0.010010973247028078
50,25056,0,0.0,1143,1414,23642,0.010010864061395836
25,25081,0,0.0,1144,1415,23666,0.01001075596217879
25,25106,0,0.0,1145,1416,23690,0.010010648938566923
25,25131,0,0.0,1146,1416,23715,0.010010542979857786
20,25151,0,0.0,1147,1417,23734,0.010010438075455421
25,25176,0,0.0,1148,1417,23759,0.010010334214869302
25,25201,0,0.0,1149,1417,23784,0.010010231387713281
25,25226,0,0.0,1150,1418,23808,0.010010129583704556
25,25251,0,0.0,1151,1418,23833,0.010010028792662645
25,25276,0,0.0,1152,1418,23858,0.010009929004508356
25,25301,0,0.0,1153,1418,23883,0.010009830209262792
25,25326,0,0.0,1154,1418,23908,0.010009732397046348
25,25351,0,0.0,1155,1418,23933,0.010009635558077717
25,25376,0,0.0,1156,1419,23957,0.010009539682672925
25,25401,0,0.0,1157,1420,23981,0.010009444761244348
25,25426,0,0.0,1158,1420,24006,0.010009350784299768
25,25451,0,0.0,1159,1420,24031,0.01000925774244141
25,25476,0,0.0,1160,1420,24056,0.01000916562636501
25,25501,0,0.0,1161,1420,24081,0.010009074426858885
25,25526,0,0.0,1162,1420,24106,0.010008984134803008
25,25551,0,0.0,1163,1420,24131,0.010008894741168098
25,25576,0,0.0,1164,1420,24156,0.010008806237014717
25,25601,0,0.0,1165,1421,24180,0.010008718613492376
25,25626,0,0.0,1166,1421,24205,0.010008631861838651
25,25651,0,0.0,1167,1421,24230,0.010008545973378302
25,25676,0,0.0,1168,1421,24255,0.010008460939522413
25,25701,0,0.0,1169,1422,24279,0.010008376751767528
25,25726,0,0.0,1170,1422,24304,0.010008293401694799
25,25751,0,0.0,1171,1422,24329,0.01000821088096915
25,25776,0,0.0,1172,1423,24353,0.010008129181338442
25,25801,0,0.0,1173,1423,24378,0.01000804829463264
25,25826,0,0.0,1174,1423,24403,0.01000796821276301
20,25846,0,0.0,1175,1424,24422,0.010007888927721297
25,25871,0,0.0,1176,1424,24447,0.010007810431578928
25,25896,0,0.0,1177,1424,24472,0.010007732716486228
25,25921,0,0.0,1178,1424,24497,0.01000765577467162
25,25946,0,0.0,1179,1424,24522,0.010007579598440857
25,25971,0,0.0,1180,1426,24545,0.010007504180176256
25,25996,0,0.0,1181,1426,24570,0.010007429512335927
24,26020,0,0.0,1182,1428,24592,0.010007355587453021
25,26045,0,0.0,1183,1428,24617,0.010007282398134991
25,26070,0,0.0,1184,1428,24642,0.010007209937062844
25,26095,0,0.0,1185,1428,24667,0.01000713819699041
25,26120,0,0.0,1186,1428,24692,0.010007067170743624
24,26144,0,0.0,1187,1429,24715,0.010006996851219802
25,26169,0,0.0,1188,1429,24740,0.010006927231386933
25,26194,0,0.0,1189,1429,24765,0.010006858304282974
25,26219,0,0.0,1190,1429,24790,0.01000679006301516
25,26244,0,0.0,1191,1430,24814,0.010006722500759306
25,26269,0,0.0,1192,1430,24839,0.010006655610759129
25,26294,0,0.0,1193,1430,24864,0.010006589386325575
25,26319,0,0.0,1194,1430,24889,0.010006523820836145
25,26344,0,0.0,1195,1430,24914,0.010006458907734234
25,26369,0,0.0,1196,1430,24939,0.010006394640528481
25,26394,0,0.0,1197,1430,24964,0.010006331012792108
7,26401,0,0.0,1198,1431,24970,0.01000626801816229
25,26426,0,0.0,1199,1431,24995,0.010006205650339512
25,26451,0,0.0,1200,1431,25020,0.010006143903086939
25,26476,0,0.0,1201,1431,25045,0.010006082770229794
25,26501,0,0.0,1202,1432,25069,0.010006022245654743
25,26526,0,0.0,1203,1432,25094,0.010005962323309275
25,26551,0,0.0,1204,1432,25119,0.010005902997201107
25,26576,0,0.0,1205,1433,25143,0.010005844261397577
25,26601,0,0.0,1206,1434,25167,0.010005786110025058
24,26625,0,0.0,1207,1435,25190,0.010005728537268364
25,26650,0,0.0,1208,1435,25215,0.010005671537370168
25,26675,0,0.0,1209,1435,25240,0.010005615104630439
25,26700,0,0.0,1210,1435,25265,0.01000555923340585
25,26725,0,0.0,1211,1435,25290,0.010005503918109233
25,26750,0,0.0,1212,1435,25315,0.010005449153209016
25,26775,0,0.0,1213,1435,25340,0.01000539493322866
25,26800,0,0.0,1214,1435,25365,0.010005341252746124
25,26825,0,0.0,1215,1436,25389,0.010005288106393312
25,26850,0,0.0,1216,1436,25414,0.010005235488855546
25,26875,0,0.0,1217,1436,25439,0.010005183394871029
25,26900,0,0.0,1218,1436,25464,0.010005131819230318
25,26925,0,0.0,1219,1436,25489,0.010005080756775806
25,26950,0,0.0,1220,1436,25514,0.010005030202401208
25,26975,0,0.0,1221,1436,25539,0.01000498015105104
25,27000,0,0.0,1222,1436,25564,0.010004930597720129
25,27025,0,0.0,1223,1436,25589,0.010004881537453098
25,27050,0,0.0,1224,1437,25613,0.01000483296534388
25,27075,0,0.0,1225,1437,25638,0.010004784876535224
50,27125,0,0.0,1226,1438,25687,0.010004737266218209
25,27150,0,0.0,1227,1438,25712,0.010004690129631762
25,27175,0,0.0,1228,1438,25737,0.010004643462062188
25,27200,0,0.0,1229,1438,25762,0.01000459725884269
25,27225,0,0.0,1230,1438,25787,0.010004551515352907
25,27250,0,0.0,1231,1438,25812,0.010004506227018452
25,27275,0,0.0,1232,1439,25836,0.010004461389310455
25,27300,0,0.0,1233,1440,25860,0.010004416997745106
23,27323,0,0.0,1234,1441,25882,0.010004373047883213
25,27348,0,0.0,1235,1441,25907,0.010004329535329752
25,27373,0,0.0,1236,1441,25932,0.010004286455733433
25,27398,0,0.0,1237,1441,25957,0.010004243804786258
25,27423,0,0.0,1238,1441,25982,0.010004201578223099
25,27448,0,0.0,1239,1441,26007,0.010004159771821263
25,27473,0,0.0,1240,1441,26032,0.010004118381400076
25,27498,0,0.0,1241,1441,26057,0.010004077402820461
25,27523,0,0.0,1242,1441,26082,0.010004036831984526
25,27548,0,0.0,1243,1441,26107,0.010003996664835153
25,27573,0,0.0,1244,1441,26132,0.010003956897355594
25,27598,0,0.0,1245,1441,26157,0.010003917525569068
25,27623,0,0.0,1246,1441,26182,0.010003878545538364
21,27644,0,0.0,1247,1442,26202,0.010003839953365446
25,27669,0,0.0,1248,1443,26226,0.010003801745191065
25,27694,0,0.0,1249,1443,26251,0.01000376391719437
25,27719,0,0.0,1250,1443,26276,0.010003726465592533
25,27744,0,0.0,1251,1443,26301,0.010003689386640358
25,27769,0,0.0,1252,1444,26325,0.010003652676629922
25,27794,0,0.0,1253,1444,26350,0.010003616331890194
25,27819,0,0.0,1254,1444,26375,0.01000358034878667
25,27844,0,0.0,1255,1444,26400,0.010003544723721006
25,27869,0,0.0,1256,1444,26425,0.010003509453130669
25,27894,0,0.0,1257,1444,26450,0.01000347453348857
25,27919,0,0.0,1258,1445,26474,0.010003439961302714
25,27944,0,0.0,1259,1445,26499,0.010003405733115854
25,27969,0,0.0,1260,1447,26522,0.010003371845505146
25,27994,0,0.0,1261,1447,26547,0.010003338295081798
25,28019,0,0.0,1262,1447,26572,0.01000330507849074
25,28044,0,0.0,1263,1447,26597,0.010003272192410284
25,28069,0,0.0,1264,1447,26622,0.010003239633551798
25,28094,0,0.0,1265,1447,26647,0.010003207398659366
25,28119,0,0.0,1266,1447,26672,0.010003175484509472
25,28144,0,0.0,1267,1447,26697,0.010003143887910676
25,28169,0,0.0,1268,1447,26722,0.010003112605703291
25,28194,0,0.0,1269,1447,26747,0.01000308163475907
25,28219,0,0.0,1270,1447,26772,0.010003050971980893
25,28244,0,0.0,1271,1447,26797,0.010003020614302456
25,28269,0,0.0,1272,1447,26822,0.010002990558687967
25,28294,0,0.0,1273,1447,26847,0.010002960802131838
25,28319,0,0.0,1274,1447,26872,0.010002931341658392
25,28344,0,0.0,1275,1447,26897,0.010002902174321553
25,28369,0,0.0,1276,1447,26922,0.010002873297204564
25,28394,0,0.0,1277,1447,26947,0.01000284470741969
25,28419,0,0.0,1278,1447,26972,0.01000281640210793
25,28444,0,0.0,1279,1447,26997,0.010002788378438727
25,28469,0,0.0,1280,1447,27022,0.010002760633609692
25,28494,0,0.0,1281,1448,27046,0.010002733164846317
25,28519,0,0.0,1282,1449,27070,0.010002705969401705
25,28544,0,0.0,1283,1449,27095,0.010002679044556288
25,28569,0,0.0,1284,1449,27120,0.01000265238761756
25,28594,0,0.0,1285,1449,27145,0.010002625995919804
25,28619,0,0.0,1286,1449,27170,0.010002599866823827
25,28644,0,0.0,1287,1450,27194,0.0100025739977167
25,28669,0,0.0,1288,1450,27219,0.01000254838601149
25,28694,0,0.0,1289,1450,27244,0.010002523029147005
25,28719,0,0.0,1290,1450,27269,0.010002497924587536
25,28744,0,0.0,1291,1450,27294,0.010002473069822607
25,28769,0,0.0,1292,1451,27318,0.010002448462366724
25,28794,0,0.0,1293,1451,27343,0.010002424099759115
25,28819,0,0.0,1294,1451,27368,0.010002399979563504
25,28844,0,0.0,1295,1451,27393,0.010002376099367848
25,28869,0,0.0,1296,1451,27418,0.01000235245678411
25,28894,0,0.0,1297,1451,27443,0.01000232904944801
25,28919,0,0.0,1298,1452,27467,0.010002305875018797
25,28944,0,0.0,1299,1452,27492,0.010002282931179005
25,28969,0,0.0,1300,1453,27516,0.010002260215634235
25,28994,0,0.0,1301,1454,27540,0.010002237726112912
25,29019,0,0.0,1302,1454,27565,0.010002215460366065
20,29039,0,0.0,1303,1455,27584,0.0100021934161671
25,29064,0,0.0,1304,1458,27606,0.01000217159131158
25,29089,0,0.0,1305,1458,27631,0.010002149983617
13,29102,0,0.0,1306,1459,27643,0.010002128590922576
25,29127,0,0.0,1307,1459,27668,0.010002107411089015
11,29138,0,0.0,1308,1460,27678,0.01000208644199832
25,29163,0,0.0,1309,1460,27703,0.010002065681553565
25,29188,0,0.0,1310,1461,27727,0.010002045127678686
25,29213,0,0.0,1311,1461,27752,0.010002024778318278
25,29238,0,0.0,1312,1461,27777,0.01000200463143739
25,29263,0,0.0,1313,1461,27802,0.010001984685021318
25,29288,0,0.0,1314,1461,27827,0.010001964937075399
25,29313,0,0.0,1315,1461,27852,0.010001945385624827
25,29338,0,0.0,1316,1461,27877,0.010001926028714438
25,29363,0,0.0,1317,1461,27902,0.010001906864408525
25,29388,0,0.0,1318,1461,27927,0.010001887890790642
25,29413,0,0.0,1319,1461,27952,0.010001869105963412
25,29438,0,0.0,1320,1461,27977,0.010001850508048336
25,29463,0,0.0,1321,1462,28001,0.010001832095185606
25,29488,0,0.0,1322,1462,28026,0.010001813865533922
25,29513,0,0.0,1323,1462,28051,0.010001795817270303
25,29538,0,0.0,1324,1462,28076,0.010001777948589908
25,29563,0,0.0,1325,1462,28101,0.010001760257705852
25,29588,0,0.0,1326,1462,28126,0.010001742742849035
25,29613,0,0.0,1327,1463,28150,0.010001725402267955
25,29638,0,0.0,1328,1463,28175,0.010001708234228539
25,29663,0,0.0,1329,1463,28200,0.01000169123701397
8,29671,0,0.0,1330,1464,28207,0.010001674408924511
24,29695,0,0.0,1331,1465,28230,0.01000165774827734
25,29720,0,0.0,1332,1465,28255,0.010001641253406378
25,29745,0,0.0,1333,1466,28279,0.010001624922662126
25,29770,0,0.0,1334,1466,28304,0.010001608754411492
2,29772,0,0.0,1335,1467,28305,0.010001592747037642
25,29797,0,0.0,1336,1468,28329,0.010001576898939822
25,29822,0,0.0,1337,1468,28354,0.010001561208533209
25,29847,0,0.0,1338,1468,28379,0.010001545674248751
25,29872,0,0.0,1339,1468,28404,0.010001530294533007
25,29897,0,0.0,1340,1468,28429,0.01000151506784799
25,29922,0,0.0,1341,1468,28454,0.010001499992671022
25,29947,0,0.0,1342,1468,28479,0.01000148506749457
4,29951,0,0.0,1343,1469,28482,0.010001470290826106
25,29976,0,0.0,1344,1469,28507,0.01000145566118795
25,30001,0,0.0,1345,1469,28532,0.010001441177117125
25,30026,0,0.0,1346,1469,28557,0.010001426837165211
3,30029,0,0.0,1347,1470,28559,0.010001412639898205
25,30054,0,0.0,1348,1471,28583,0.010001398583896365
25,30079,0,0.0,1349,1471,28608,0.01000138466775408
25,30104,0,0.0,1350,1471,28633,0.010001370890079726
25,30129,0,0.0,1351,1471,28658,0.01000135724949552
25,30154,0,0.0,1352,1471,28683,0.010001343744637396
25,30179,0,0.0,1353,1471,28708,0.010001330374154856
25,30204,0,0.0,1354,1471,28733,0.010001317136710838
24,30228,0,0.0,1355,1472,28756,0.010001304030981591
25,30253,0,0.0,1356,1472,28781,0.010001291055656527
25,30278,0,0.0,1357,1472,28806,0.010001278209438106
25,30303,0,0.0,1358,1472,28831,0.010001265491041694
25,30328,0,0.0,1359,1472,28856,0.01000125289919544
25,30353,0,0.0,1360,1472,28881,0.01000124043264015
25,30378,0,0.0,1361,1473,28905,0.010001228090129157
4,30382,0,0.0,1362,1474,28908,0.0100012158704282
25,30407,0,0.0,1363,1475,28932,0.0100012037723153
25,30432,0,0.0,1364,1475,28957,0.010001191794580635
25,30457,0,0.0,1365,1475,28982,0.010001179936026422
25,30482,0,0.0,1366,1475,29007,0.010001168195466793
25,30507,0,0.0,1367,1475,29032,0.010001156571727685
24,30531,0,0.0,1368,1476,29055,0.010001145063646714
25,30556,0,0.0,1369,1476,29080,0.010001133670073062
25,30581,0,0.0,1370,1476,29105,0.01000112238986736
25,30606,0,0.0,1371,1476,29130,0.010001111221901582
25,30631,0,0.0,1372,1476,29155,0.01000110016505892
25,30656,0,0.0,1373,1476,29180,0.01000108921823368
25,30681,0,0.0,1374,1477,29204,0.010001078380331171
25,30706,0,0.0,1375,1478,29228,0.010001067650267596
20,30726,0,0.0,1376,1479,29247,0.010001057026969934
25,30751,0,0.0,1377,1479,29272,0.010001046509375852
25,30776,0,0.0,1378,1479,29297,0.01000103609643358
25,30801,0,0.0,1379,1479,29322,0.010001025787101813
25,30826,0,0.0,1380,1479,29347,0.010001015580349612
25,30851,0,0.0,1381,1479,29372,0.010001005475156293
25,30876,0,0.0,1382,1479,29397,0.010000995470511326
25,30901,0,0.0,1383,1479,29422,0.01000098556541424
25,30926,0,0.0,1384,1479,29447,0.010000975758874518
25,30951,0,0.0,1385,1479,29472,0.010000966049911497
25,30976,0,0.0,1386,1480,29496,0.01000095643755427
25,31001,0,0.0,1387,1480,29521,0.010000946920841596
25,31026,0,0.0,1388,1480,29546,0.010000937498821796
25,31051,0,0.0,1389,1480,29571,0.01000092817055266
25,31076,0,0.0,1390,1480,29596,0.010000918935101352
25,31101,0,0.0,1391,1480,29621,0.010000909791544318
25,31126,0,0.0,1392,1480,29646,0.0100009007389672
25,31151,0,0.0,1393,1480,29671,0.010000891776464727
25,31176,0,0.0,1394,1480,29696,0.010000882903140645
25,31201,0,0.0,1395,1480,29721,0.010000874118107612
25,31226,0,0.0,1396,1480,29746,0.010000865420487118
25,31251,0,0.0,1397,1480,29771,0.010000856809409394
25,31276,0,0.0,1398,1480,29796,0.010000848284013326
23,31299,0,0.0,1399,1481,29818,0.010000839843446366
25,31324,0,0.0,1400,1481,29843,0.01000083148686445
25,31349,0,0.0,1401,1481,29868,0.010000823213431913
25,31374,0,0.0,1402,1481,29893,0.010000815022321405
25,31399,0,0.0,1403,1481,29918,0.01000080691271381
25,31424,0,0.0,1404,1481,29943,0.010000798883798156
25,31449,0,0.0,1405,1481,29968,0.01000079093477155
25,31474,0,0.0,1406,1481,29993,0.01000078306483908
25,31499,0,0.0,1407,1481,30018,0.010000775273213745
25,31524,0,0.0,1408,1481,30043,0.010000767559116379
4,31528,0,0.0,1409,1482,30046,0.010000759921775564
25,31553,0,0.0,1410,1483,30070,0.01000075236042756
25,31578,0,0.0,1411,1483,30095,0.010000744874316224
25,31603,0,0.0,1412,1483,30120,0.010000737462692942
50,31653,0,0.0,1413,1484,30169,0.010000730124816544
25,31678,0,0.0,1414,1484,30194,0.010000722859953235
25,31703,0,0.0,1415,1484,30219,0.010000715667376524
25,31728,0,0.0,1416,1484,30244,0.010000708546367148
25,31753,0,0.0,1417,1484,30269,0.010000701496212999
25,31778,0,0.0,1418,1485,30293,0.010000694516209054
25,31803,0,0.0,1419,1485,30318,0.01000068760565731
25,31828,0,0.0,1420,1485,30343,0.010000680763866706
25,31853,0,0.0,1421,1485,30368,0.010000673990153053
25,31878,0,0.0,1422,1485,30393,0.01000066728383898
25,31903,0,0.0,1423,1485,30418,0.010000660644253844
25,31928,0,0.0,1424,1485,30443,0.010000654070733687
25,31953,0,0.0,1425,1485,30468,0.010000647562621147
25,31978,0,0.0,1426,1485,30493,0.01000064111926541
25,32003,0,0.0,1427,1485,30518,0.010000634740022132
10,32013,0,0.0,1428,1486,30527,0.010000628424253385
25,32038,0,0.0,1429,1487,30551,0.010000622171327588
25,32063,0,0.0,1430,1488,30575,0.010000615980619442
25,32088,0,0.0,1431,1489,30599,0.01000060985150987
25,32113,0,0.0,1432,1489,30624,0.010000603783385959
25,32138,0,0.0,1433,1490,30648,0.01000059777564089
25,32163,0,0.0,1434,1491,30672,0.010000591827673882
25,32188,0,0.0,1435,1491,30697,0.010000585938890135
25,32213,0,0.0,1436,1491,30722,0.010000580108700766
25,32238,0,0.0,1437,1491,30747,0.010000574336522749
25,32263,0,0.0,1438,1491,30772,0.010000568621778864
25,32288,0,0.0,1439,1491,30797,0.010000562963897631
25,32313,0,0.0,1440,1491,30822,0.010000557362313256
25,32338,0,0.0,1441,1491,30847,0.010000551816465577
25,32363,0,0.0,1442,1491,30872,0.010000546325800004
25,32388,0,0.0,1443,1491,30897,0.010000540889767467
25,32413,0,0.0,1444,1491,30922,0.010000535507824357
25,32438,0,0.0,1445,1492,30946,0.010000530179432476
25,32463,0,0.0,1446,1493,30970,0.01000052490405898
3,32466,0,0.0,1447,1494,30972,0.010000519681176328
25,32491,0,0.0,1448,1494,30997,0.010000514510262227
25,32516,0,0.0,1449,1494,31022,0.01000050939079958
50,32566,0,0.0,1450,1495,31071,0.010000504322276437
25,32591,0,0.0,1451,1495,31096,0.010000499304185942
25,32616,0,0.0,1452,1495,31121,0.010000494336026282
25,32641,0,0.0,1453,1495,31146,0.010000489417300638
25,32666,0,0.0,1454,1495,31171,0.01000048454751713
25,32691,0,0.0,1455,1495,31196,0.010000479726188779
25,32716,0,0.0,1456,1496,31220,0.010000474952833445
25,32741,0,0.0,1457,1496,31245,0.010000470226973791
25,32766,0,0.0,1458,1496,31270,0.010000465548137227
25,32791,0,0.0,1459,1496,31295,0.010000460915855863
25,32816,0,0.0,1460,1496,31320,0.010000456329666469
25,32841,0,0.0,1461,1496,31345,0.010000451789110423
25,32866,0,0.0,1462,1496,31370,0.010000447293733663
25,32891,0,0.0,1463,1497,31394,0.01000044284308665
25,32916,0,0.0,1464,1497,31419,0.010000438436724315
25,32941,0,0.0,1465,1497,31444,0.010000434074206019
25,32966,0,0.0,1466,1497,31469,0.010000429755095503
25,32991,0,0.0,1467,1497,31494,0.010000425478960856
25,33016,0,0.0,1468,1497,31519,0.01000042124537446
25,33041,0,0.0,1469,1497,31544,0.010000417053912952
25,33066,0,0.0,1470,1497,31569,0.010000412904157182
25,33091,0,0.0,1471,1497,31594,0.010000408795692172
25,33116,0,0.0,1472,1497,31619,0.010000404728107072
25,33141,0,0.0,1473,1497,31644,0.010000400700995121
25,33166,0,0.0,1474,1497,31669,0.010000396713953601
25,33191,0,0.0,1475,1497,31694,0.010000392766583809
25,33216,0,0.0,1476,1497,31719,0.010000388858491003
25,33241,0,0.0,1477,1497,31744,0.010000384989284369
25,33266,0,0.0,1478,1497,31769,0.010000381158576986
25,33291,0,0.0,1479,1497,31794,0.010000377365985776
25,33316,0,0.0,1480,1497,31819,0.01000037361113148
25,33341,0,0.0,1481,1497,31844,0.01000036989363861
25,33366,0,0.0,1482,1497,31869,0.010000366213135409
25,33391,0,0.0,1483,1497,31894,0.010000362569253829
25,33416,0,0.0,1484,1497,31919,0.010000358961629477
25,33441,0,0.0,1485,1498,31943,0.010000355389901586
25,33466,0,0.0,1486,1498,31968,0.01000035185371298
25,33491,0,0.0,1487,1499,31992,0.010000348352710041
25,33516,0,0.0,1488,1499,32017,0.010000344886542662
25,33541,0,0.0,1489,1499,32042,0.010000341454864224
25,33566,0,0.0,1490,1500,32066,0.010000338057331559
25,33591,0,0.0,1491,1500,32091,0.010000334693604907
25,33616,0,0.0,1492,1501,32115,0.010000331363347895
25,33641,0,0.0,1493,1501,32140,0.010000328066227493
25,33666,0,0.0,1494,1501,32165,0.01000032480191399
25,33691,0,0.0,1495,1502,32189,0.010000321570080946
25,33716,0,0.0,1496,1503,32213,0.01000031837040518
25,33741,0,0.0,1497,1503,32238,0.010000315202566718
9,33750,0,0.0,1498,1504,32246,0.010000312066248776
25,33775,0,0.0,1499,1504,32271,0.010000308961137721
25,33800,0,0.0,1500,1504,32296,0.010000305886923036
25,33825,0,0.0,1501,1504,32321,0.010000302843297297
25,33850,0,0.0,1502,1504,32346,0.010000299829956141
25,33875,0,0.0,1503,1504,32371,0.01000029684659823
25,33900,0,0.0,1504,1504,32396,0.010000293892925227
25,33925,0,0.0,1505,1504,32421,0.01000029096864176
25,33950,0,0.0,1506,1504,32446,0.010000288073455401
25,33975,0,0.0,1507,1504,32471,0.010000285207076628
25,34000,0,0.0,1508,1505,32495,0.010000282369218799
25,34025,0,0.0,1509,1505,32520,0.010000279559598129
25,34050,0,0.0,1510,1505,32545,0.01000027677793365
25,34075,0,0.0,1511,1505,32570,0.010000274023947195
25,34100,0,0.0,1512,1505,32595,0.010000271297363365
25,34125,0,0.0,1513,1505,32620,0.010000268597909496
25,34150,0,0.0,1514,1505,32645,0.010000265925315641
25,34175,0,0.0,1515,1505,32670,0.01000026327931454
25,34200,0,0.0,1516,1505,32695,0.01000026065964159
25,34225,0,0.0,1517,1505,32720,0.010000258066034821
25,34250,0,0.0,1518,1505,32745,0.010000255498234871
25,34275,0,0.0,1519,1505,32770,0.010000252955984957
25,34300,0,0.0,1520,1505,32795,0.010000250439030854
25,34325,0,0.0,1521,1505,32820,0.010000247947120861
25,34350,0,0.0,1522,1506,32844,0.010000245480005786
25,34375,0,0.0,1523,1507,32868,0.010000243037438917
25,34400,0,0.0,1524,1507,32893,0.010000240619175996
25,34425,0,0.0,1525,1507,32918,0.010000238224975191
25,34450,0,0.0,1526,1507,32943,0.010000235854597084
25,34475,0,0.0,1527,1507,32968,0.01000023350780463
25,34500,0,0.0,1528,1507,32993,0.010000231184363153
3,34503,0,0.0,1529,1508,32995,0.010000228884040306
25,34528,0,0.0,1530,1509,33019,0.010000226606606053
25,34553,0,0.0,1531,1509,33044,0.010000224351832648
25,34578,0,0.0,1532,1509,33069,0.010000222119494615
25,34603,0,0.0,1533,1509,33094,0.010000219909368717
25,34628,0,0.0,1534,1509,33119,0.010000217721233938
2,34630,0,0.0,1535,1510,33120,0.010000215554871463
25,34655,0,0.0,1536,1510,33145,0.010000213410064657
25,34680,0,0.0,1537,1510,33170,0.010000211286599033
25,34705,0,0.0,1538,1510,33195,0.010000209184262247
25,34730,0,0.0,1539,1510,33220,0.01000020710284406
25,34755,0,0.0,1540,1510,33245,0.01000020504213633
25,34780,0,0.0,1541,1510,33270,0.010000203001932986
25,34805,0,0.0,1542,1510,33295,0.010000200982030003
25,34830,0,0.0,1543,1510,33320,0.010000198982225391
25,34855,0,0.0,1544,1510,33345,0.010000197002319168
25,34880,0,0.0,1545,1510,33370,0.01000019504211334
25,34905,0,0.0,1546,1511,33394,0.010000193101411887
25,34930,0,0.0,1547,1511,33419,0.010000191180020735
25,34955,0,0.0,1548,1511,33444,0.010000189277747745
25,34980,0,0.0,1549,1512,33468,0.010000187394402687
25,35005,0,0.0,1550,1512,33493,0.010000185529797227
25,35030,0,0.0,1551,1512,33518,0.010000183683744899
25,35055,0,0.0,1552,1513,33542,0.010000181856061099
25,35080,0,0.0,1553,1513,33567,0.010000180046563058
25,35105,0,0.0,1554,1513,33592,0.010000178255069823
25,35130,0,0.0,1555,1513,33617,0.010000176481402244
25,35155,0,0.0,1556,1513,33642,0.01000017472538295
25,35180,0,0.0,1557,1514,33666,0.010000172986836342
25,35205,0,0.0,1558,1514,33691,0.010000171265588562
25,35230,0,0.0,1559,1515,33715,0.010000169561467482
25,35255,0,0.0,1560,1516,33739,0.01000016787430269
25,35280,0,0.0,1561,1516,33764,0.01000016620392547
25,35305,0,0.0,1562,1516,33789,0.01000016455016878
25,35330,0,0.0,1563,1517,33813,0.010000162912867244
25,35355,0,0.0,1564,1517,33838,0.010000161291857131
25,35380,0,0.0,1565,1518,33862,0.010000159686976337
25,35405,0,0.0,1566,1519,33886,0.010000158098064375
25,35430,0,0.0,1567,1519,33911,0.01000015652496235
25,35455,0,0.0,1568,1519,33936,0.010000154967512952
25,35480,0,0.0,1569,1519,33961,0.010000153425560435
25,35505,0,0.0,1570,1519,33986,0.010000151898950602
25,35530,0,0.0,1571,1519,34011,0.01000015038753079
25,35555,0,0.0,1572,1519,34036,0.010000148891149856
25,35580,0,0.0,1573,1519,34061,0.010000147409658162
50,35630,0,0.0,1574,1520,34110,0.010000145942907556
25,35655,0,0.0,1575,1520,34135,0.010000144490751362
25,35680,0,0.0,1576,1520,34160,0.010000143053044365
25,35705,0,0.0,1577,1520,34185,0.010000141629642792
25,35730,0,0.0,1578,1520,34210,0.010000140220404298
25,35755,0,0.0,1579,1520,34235,0.010000138825187965
25,35780,0,0.0,1580,1520,34260,0.010000137443854265
25,35805,0,0.0,1581,1520,34285,0.010000136076265065
25,35830,0,0.0,1582,1520,34310,0.010000134722283604
25,35855,0,0.0,1583,1520,34335,0.010000133381774485
25,35880,0,0.0,1584,1520,34360,0.010000132054603653
25,35905,0,0.0,1585,1520,34385,0.010000130740638394
25,35930,0,0.0,1586,1520,34410,0.010000129439747306
25,35955,0,0.0,1587,1520,34435,0.0100001281518003
25,35980,0,0.0,1588,1520,34460,0.010000126876668581
25,36005,0,0.0,1589,1520,34485,0.010000125614224637
25,36030,0,0.0,1590,1520,34510,0.010000124364342217
6,36036,0,0.0,1591,1521,34515,0.010000123126896337
25,36061,0,0.0,1592,1521,34540,0.010000121901763248
25,36086,0,0.0,1593,1521,34565,0.010000120688820438
25,36111,0,0.0,1594,1521,34590,0.01000011948794661
25,36136,0,0.0,1595,1521,34615,0.010000118299021676
25,36161,0,0.0,1596,1522,34639,0.010000117121926742
25,36186,0,0.0,1597,1522,34664,0.010000115956544101
25,36211,0,0.0,1598,1522,34689,0.010000114802757209
25,36236,0,0.0,1599,1522,34714,0.010000113660450689
25,36261,0,0.0,1600,1522,34739,0.010000112529510307
25,36286,0,0.0,1601,1522,34764,0.010000111409822971
25,36311,0,0.0,1602,1522,34789,0.010000110301276711
25,36336,0,0.0,1603,1522,34814,0.010000109203760672
25,36361,0,0.0,1604,1522,34839,0.010000108117165098
25,36386,0,0.0,1605,1522,34864,0.01000010704138133
25,36411,0,0.0,1606,1522,34889,0.01000010597630179
25,36436,0,0.0,1607,1523,34913,0.010000104921819969
25,36461,0,0.0,1608,1523,34938,0.010000103877830416
25,36486,0,0.0,1609,1523,34963,0.010000102844228734
25,36511,0,0.0,1610,1523,34988,0.01000010182091156
25,36536,0,0.0,1611,1523,35013,0.010000100807776562
13,36549,0,0.0,1612,1524,35025,0.010000099804722426
25,36574,0,0.0,1613,1524,35050,0.010000098811648846
25,36599,0,0.0,1614,1524,35075,0.010000097828456511
25,36624,0,0.0,1615,1524,35100,0.010000096855047106
25,36649,0,0.0,1616,1524,35125,0.010000095891323285
25,36674,0,0.0,1617,1524,35150,0.010000094937188675
25,36699,0,0.0,1618,1524,35175,0.010000093992547865
25,36724,0,0.0,1619,1525,35199,0.010000093057306387
25,36749,0,0.0,1620,1525,35224,0.010000092131370718
25,36774,0,0.0,1621,1525,35249,0.010000091214648262
25,36799,0,0.0,1622,1526,35273,0.010000090307047347
25,36824,0,0.0,1623,1526,35298,0.010000089408477212
25,36849,0,0.0,1624,1526,35323,0.010000088518848
25,36874,0,0.0,1625,1526,35348,0.010000087638070747
25,36899,0,0.0,1626,1526,35373,0.010000086766057372
25,36924,0,0.0,1627,1526,35398,0.010000085902720677
50,36974,0,0.0,1628,1527,35447,0.010000085047974325
25,36999,0,0.0,1629,1527,35472,0.010000084201732842
25,37024,0,0.0,1630,1527,35497,0.0100000833639116
25,37049,0,0.0,1631,1527,35522,0.010000082534426821
50,37099,0,0.0,1632,1528,35571,0.010000081713195552
25,37124,0,0.0,1633,1528,35596,0.010000080900135672
25,37149,0,0.0,1634,1528,35621,0.010000080095165871
25,37174,0,0.0,1635,1529,35645,0.010000079298205657
25,37199,0,0.0,1636,1529,35670,0.010000078509175326
25,37224,0,0.0,1637,1529,35695,0.010000077727995979
25,37249,0,0.0,1638,1530,35719,0.010000076954589498
25,37274,0,0.0,1639,1530,35744,0.010000076188878538
25,37299,0,0.0,1640,1532,35767,0.01000007543078653
25,37324,0,0.0,1641,1532,35792,0.010000074680237664
25,37349,0,0.0,1642,1533,35816,0.010000073937156883
25,37374,0,0.0,1643,1533,35841,0.01000007320146988
25,37399,0,0.0,1644,1533,35866,0.010000072473103085
25,37424,0,0.0,1645,1533,35891,0.01000007175198366
25,37449,0,0.0,1646,1533,35916,0.010000071038039494
25,37474,0,0.0,1647,1533,35941,0.010000070331199191
25,37499,0,0.0,1648,1533,35966,0.010000069631392067
25,37524,0,0.0,1649,1533,35991,0.01000006893854814
25,37549,0,0.0,1650,1533,36016,0.010000068252598124
25,37574,0,0.0,1651,1534,36040,0.010000067573473426
25,37599,0,0.0,1652,1534,36065,0.01000006690110613
9,37608,0,0.0,1653,1535,36073,0.010000066235429003
25,37633,0,0.0,1654,1535,36098,0.010000065576375472
25,37658,0,0.0,1655,1535,36123,0.010000064923879634
25,37683,0,0.0,1656,1535,36148,0.010000064277876239
25,37708,0,0.0,1657,1535,36173,0.010000063638300683
25,37733,0,0.0,1658,1535,36198,0.010000063005089013
25,37758,0,0.0,1659,1535,36223,0.010000062378177901
25,37783,0,0.0,1660,1535,36248,0.01000006175750466
25,37808,0,0.0,1661,1535,36273,0.010000061143007222
25,37833,0,0.0,1662,1535,36298,0.010000060534624135
25,37858,0,0.0,1663,1535,36323,0.010000059932294561
25,37883,0,0.0,1664,1535,36348,0.010000059335958267
25,37908,0,0.0,1665,1535,36373,0.010000058745555618
25,37933,0,0.0,1666,1536,36397,0.010000058161027572
25,37958,0,0.0,1667,1536,36422,0.010000057582315678
25,37983,0,0.0,1668,1536,36447,0.010000057009362065
25,38008,0,0.0,1669,1536,36472,0.010000056442109434
50,38058,0,0.0,1670,1537,36521,0.010000055880501062
25,38083,0,0.0,1671,1537,36546,0.010000055324480787
25,38108,0,0.0,1672,1538,36570,0.010000054773993005
25,38133,0,0.0,1673,1538,36595,0.010000054228982667
25,38158,0,0.0,1674,1538,36620,0.010000053689395275
25,38183,0,0.0,1675,1539,36644,0.010000053155176866
25,38208,0,0.0,1676,1539,36669,0.01000005262627402
25,38233,0,0.0,1677,1539,36694,0.010000052102633843
25,38258,0,0.0,1678,1539,36719,0.010000051584203975
25,38283,0,0.0,1679,1540,36743,0.010000051070932568
25,38308,0,0.0,1680,1541,36767,0.010000050562768299
25,38333,0,0.0,1681,1541,36792,0.01000005005966035
25,38358,0,0.0,1682,1541,36817,0.010000049561558406
25,38383,0,0.0,1683,1542,36841,0.01000004906841266
25,38408,0,0.0,1684,1542,36866,0.010000048580173797
25,38433,0,0.0,1685,1542,36891,0.010000048096792991
25,38458,0,0.0,1686,1542,36916,0.010000047618221904
25,38483,0,0.0,1687,1542,36941,0.01000004714441268
24,38507,0,0.0,1688,1543,36964,0.010000046675317936
25,38532,0,0.0,1689,1543,36989,0.010000046210890762
25,38557,0,0.0,1690,1543,37014,0.010000045751084716
25,38582,0,0.0,1691,1543,37039,0.010000045295853818
25,38607,0,0.0,1692,1543,37064,0.010000044845152541
25,38632,0,0.0,1693,1543,37089,0.010000044398935818
8,38640,0,0.0,1694,1544,37096,0.010000043957159026
25,38665,0,0.0,1695,1544,37121,0.010000043519777985
25,38690,0,0.0,1696,1545,37145,0.010000043086748959
25,38715,0,0.0,1697,1545,37170,0.010000042658028644
25,38740,0,0.0,1698,1545,37195,0.010000042233574168
25,38765,0,0.0,1699,1545,37220,0.010000041813343083
25,38790,0,0.0,1700,1545,37245,0.010000041397293368
25,38815,0,0.0,1701,1545,37270,0.010000040985383415
25,38840,0,0.0,1702,1545,37295,0.010000040577572037
25,38865,0,0.0,1703,1545,37320,0.01000004017381845
25,38890,0,0.0,1704,1545,37345,0.010000039774082276
25,38915,0,0.0,1705,1545,37370,0.010000039378323547
25,38940,0,0.0,1706,1545,37395,0.01000003898650268
25,38965,0,0.0,1707,1545,37420,0.010000038598580497
25,38990,0,0.0,1708,1546,37444,0.010000038214518205
25,39015,0,0.0,1709,1546,37469,0.010000037834277395
25,39040,0,0.0,1710,1547,37493,0.010000037457820044
25,39065,0,0.0,1711,1547,37518,0.010000037085108507
24,39089,0,0.0,1712,1548,37541,0.010000036716105512
25,39114,0,0.0,1713,1548,37566,0.010000036350774158
25,39139,0,0.0,1714,1548,37591,0.010000035989077912
25,39164,0,0.0,1715,1548,37616,0.010000035630980604
25,39189,0,0.0,1716,1550,37639,0.010000035276446424
25,39214,0,0.0,1717,1550,37664,0.010000034925439917
25,39239,0,0.0,1718,1550,37689,0.010000034577925983
25,39264,0,0.0,1719,1551,37713,0.010000034233869871
25,39289,0,0.0,1720,1551,37738,0.010000033893237174
25,39314,0,0.0,1721,1551,37763,0.01000003355599383
9,39323,0,0.0,1722,1553,37770,0.010000033222106111
25,39348,0,0.0,1723,1553,37795,0.010000032891540634
25,39373,0,0.0,1724,1553,37820,0.010000032564264336
25,39398,0,0.0,1725,1553,37845,0.010000032240244492
25,39423,0,0.0,1726,1553,37870,0.010000031919448699
25,39448,0,0.0,1727,1553,37895,0.010000031601844877
25,39473,0,0.0,1728,1553,37920,0.010000031287401267
25,39498,0,0.0,1729,1554,37944,0.010000030976086424
25,39523,0,0.0,1730,1554,37969,0.010000030667869213
50,39573,0,0.0,1731,1555,38018,0.010000030362718817
25,39598,0,0.0,1732,1556,38042,0.010000030060604716
25,39623,0,0.0,1733,1556,38067,0.010000029761496701
25,39648,0,0.0,1734,1556,38092,0.010000029465364862
25,39673,0,0.0,1735,1556,38117,0.010000029172179582
25,39698,0,0.0,1736,1556,38142,0.010000028881911547
25,39723,0,0.0,1737,1556,38167,0.010000028594531725
25,39748,0,0.0,1738,1556,38192,0.01000002831001138
25,39773,0,0.0,1739,1556,38217,0.01000002802832206
25,39798,0,0.0,1740,1556,38242,0.010000027749435597
25,39823,0,0.0,1741,1556,38267,0.010000027473324099
25,39848,0,0.0,1742,1556,38292,0.010000027199959956
25,39873,0,0.0,1743,1556,38317,0.010000026929315833
25,39898,0,0.0,1744,1558,38340,0.010000026661364663
25,39923,0,0.0,1745,1559,38364,0.010000026396079652
25,39948,0,0.0,1746,1559,38389,0.010000026133434271
25,39973,0,0.0,1747,1559,38414,0.010000025873402256
25,39998,0,0.0,1748,1559,38439,0.010000025615957602
2,40000,0,0.0,1749,1560,38440,0.010000025361074565
25,40025,0,0.0,1750,1560,38465,0.010000025108727656
24,40049,0,0.0,1751,1562,38487,0.010000024858891642
25,40074,0,0.0,1752,1562,38512,0.010000024611541538
25,40099,0,0.0,1753,1562,38537,0.010000024366652607
25,40124,0,0.0,1754,1563,38561,0.010000024124200363
25,40149,0,0.0,1755,1563,38586,0.01000002388416056
20,40169,0,0.0,1756,1564,38605,0.01000002364650919
25,40194,0,0.0,1757,1564,38630,0.010000023411222492
25,40219,0,0.0,1758,1564,38655,0.010000023178276937
25,40244,0,0.0,1759,1564,38680,0.010000022947649227
25,40269,0,0.0,1760,1564,38705,0.010000022719316303
25,40294,0,0.0,1761,1564,38730,0.010000022493255328
25,40319,0,0.0,1762,1564,38755,0.010000022269443699
25,40344,0,0.0,1763,1564,38780,0.010000022047859032
25,40369,0,0.0,1764,1565,38804,0.010000021828479169
25,40394,0,0.0,1765,1565,38829,0.010000021611282172
25,40419,0,0.0,1766,1565,38854,0.010000021396246322
25,40444,0,0.0,1767,1565,38879,0.010000021183350114
24,40468,0,0.0,1768,1566,38902,0.010000020972572257
50,40518,0,0.0,1769,1569,38949,0.010000020763891677
24,40542,0,0.0,1770,1570,38972,0.010000020557287503
25,40567,0,0.0,1771,1570,38997,0.010000020352739074
25,40592,0,0.0,1772,1570,39022,0.010000020150225938
25,40617,0,0.0,1773,1570,39047,0.010000019949727839
25,40642,0,0.0,1774,1570,39072,0.01000001975122473
25,40667,0,0.0,1775,1570,39097,0.010000019554696761
25,40692,0,0.0,1776,1572,39120,0.010000019360124277
25,40717,0,0.0,1777,1573,39144,0.010000019167487823
25,40742,0,0.0,1778,1573,39169,0.010000018976768131
25,40767,0,0.0,1779,1573,39194,0.010000018787946133
25,40792,0,0.0,1780,1574,39218,0.010000018601002946
25,40817,0,0.0,1781,1575,39242,0.010000018415919874
25,40842,0,0.0,1782,1575,39267,0.01000001823267841
25,40867,0,0.0,1783,1575,39292,0.010000018051260228
25,40892,0,0.0,1784,1575,39317,0.010000017871647188
25,40917,0,0.0,1785,1575,39342,0.010000017693821328
25,40942,0,0.0,1786,1575,39367,0.010000017517764864
25,40967,0,0.0,1787,1575,39392,0.01000001734346019
25,40992,0,0.0,1788,1575,39417,0.010000017170889879
25,41017,0,0.0,1789,1575,39442,0.01000001700003667
25,41042,0,0.0,1790,1575,39467,0.010000016830883479
25,41067,0,0.0,1791,1576,39491,0.01000001666341339
25,41092,0,0.0,1792,1576,39516,0.010000016497609657
11,41103,0,0.0,1793,1577,39526,0.010000016333455698
25,41128,0,0.0,1794,1577,39551,0.010000016170935098
25,41153,0,0.0,1795,1577,39576,0.010000016010031604
25,41178,0,0.0,1796,1577,39601,0.010000015850729129
25,41203,0,0.0,1797,1578,39625,0.01000001569301174
25,41228,0,0.0,1798,1578,39650,0.010000015536863664
25,41253,0,0.0,1799,1578,39675,0.010000015382269287
25,41278,0,0.0,1800,1578,39700,0.01000001522921315
25,41303,0,0.0,1801,1578,39725,0.010000015077679947
9,41312,0,0.0,1802,1579,39733,0.010000014927654526
25,41337,0,0.0,1803,1579,39758,0.010000014779121881
25,41362,0,0.0,1804,1579,39783,0.01000001463206716
25,41387,0,0.0,1805,1579,39808,0.01000001448647566
25,41412,0,0.0,1806,1579,39833,0.01000001434233282
25,41437,0,0.0,1807,1579,39858,0.010000014199624223
25,41462,0,0.0,1808,1579,39883,0.010000014058335602
25,41487,0,0.0,1809,1579,39908,0.010000013918452825
25,41512,0,0.0,1810,1579,39933,0.010000013779961906
25,41537,0,0.0,1811,1579,39958,0.010000013642848993
25,41562,0,0.0,1812,1580,39982,0.010000013507100378
25,41587,0,0.0,1813,1580,40007,0.010000013372702484
25,41612,0,0.0,1814,1580,40032,0.010000013239641871
25,41637,0,0.0,1815,1580,40057,0.010000013107905234
25,41662,0,0.0,1816,1580,40082,0.010000012977479397
25,41687,0,0.0,1817,1580,40107,0.010000012848351319
25,41712,0,0.0,1818,1582,40130,0.010000012720508088
25,41737,0,0.0,1819,1582,40155,0.010000012593936918
24,41761,0,0.0,1820,1583,40178,0.010000012468625152
25,41786,0,0.0,1821,1583,40203,0.010000012344560258
25,41811,0,0.0,1822,1583,40228,0.010000012221729832
50,41861,0,0.0,1823,1585,40276,0.010000012100121587
25,41886,0,0.0,1824,1585,40301,0.010000011979723366
25,41911,0,0.0,1825,1585,40326,0.010000011860523126
25,41936,0,0.0,1826,1585,40351,0.01000001174250895
25,41961,0,0.0,1827,1585,40376,0.010000011625669034
25,41986,0,0.0,1828,1585,40401,0.010000011509991694
25,42011,0,0.0,1829,1585,40426,0.010000011395465363
25,42036,0,0.0,1830,1585,40451,0.010000011282078588
50,42086,0,0.0,1831,1586,40500,0.010000011169820031
25,42111,0,0.0,1832,1586,40525,0.010000011058678464
25,42136,0,0.0,1833,1587,40549,0.010000010948642776
25,42161,0,0.0,1834,1587,40574,0.01000001083970196
25,42186,0,0.0,1835,1588,40598,0.010000010731845123
25,42211,0,0.0,1836,1588,40623,0.01000001062506148
25,42236,0,0.0,1837,1589,40647,0.010000010519340352
20,42256,0,0.0,1838,1591,40665,0.010000010414671166
25,42281,0,0.0,1839,1591,40690,0.010000010311043457
25,42306,0,0.0,1840,1591,40715,0.01000001020844686
25,42331,0,0.0,1841,1591,40740,0.010000010106871116
12,42343,0,0.0,1842,1592,40751,0.010000010006306069
25,42368,0,0.0,1843,1593,40775,0.01000000990674166
25,42393,0,0.0,1844,1593,40800,0.010000009808167933
25,42418,0,0.0,1845,1593,40825,0.010000009710575032
25,42443,0,0.0,1846,1594,40849,0.010000009613953196
25,42468,0,0.0,1847,1595,40873,0.010000009518292764
25,42493,0,0.0,1848,1595,40898,0.010000009423584168
25,42518,0,0.0,1849,1595,40923,0.01000000932981794
7,42525,0,0.0,1850,1596,40929,0.010000009236984698
25,42550,0,0.0,1851,1596,40954,0.010000009145075166
25,42575,0,0.0,1852,1596,40979,0.010000009054080147
25,42600,0,0.0,1853,1596,41004,0.010000008963990545
25,42625,0,0.0,1854,1596,41029,0.010000008874797349
25,42650,0,0.0,1855,1596,41054,0.010000008786491639
25,42675,0,0.0,1856,1596,41079,0.010000008699064587
25,42700,0,0.0,1857,1596,41104,0.010000008612507449
25,42725,0,0.0,1858,1596,41129,0.010000008526811568
25,42750,0,0.0,1859,1596,41154,0.010000008441968375
25,42775,0,0.0,1860,1596,41179,0.010000008357969386
25,42800,0,0.0,1861,1596,41204,0.0100000082748062
25,42825,0,0.0,1862,1596,41229,0.010000008192470503
25,42850,0,0.0,1863,1596,41254,0.01000000811095406
50,42900,0,0.0,1864,1597,41303,0.010000008030248718
25,42925,0,0.0,1865,1597,41328,0.01000000795034641
25,42950,0,0.0,1866,1597,41353,0.01000000787123914
25,42975,0,0.0,1867,1597,41378,0.010000007792919001
25,43000,0,0.0,1868,1597,41403,0.010000007715378163
25,43025,0,0.0,1869,1597,41428,0.010000007638608867
25,43050,0,0.0,1870,1597,41453,0.01000000756260344
25,43075,0,0.0,1871,1597,41478,0.010000007487354277
25,43100,0,0.0,1872,1597,41503,0.010000007412853857
25,43125,0,0.0,1873,1597,41528,0.01000000733909473
25,43150,0,0.0,1874,1597,41553,0.010000007266069517
25,43175,0,0.0,1875,1597,41578,0.010000007193770916
25,43200,0,0.0,1876,1597,41603,0.0100000071221917
25,43225,0,0.0,1877,1597,41628,0.010000007051324708
25,43250,0,0.0,1878,1597,41653,0.010000006981162856
25,43275,0,0.0,1879,1597,41678,0.010000006911699125
25,43300,0,0.0,1880,1597,41703,0.01000000684292657
25,43325,0,0.0,1881,1597,41728,0.010000006774838312
25,43350,0,0.0,1882,1597,41753,0.010000006707427544
25,43375,0,0.0,1883,1597,41778,0.010000006640687526
3,43378,0,0.0,1884,1598,41780,0.010000006574611581
25,43403,0,0.0,1885,1598,41805,0.010000006509193103
25,43428,0,0.0,1886,1598,41830,0.010000006444425549
25,43453,0,0.0,1887,1599,41854,0.010000006380302443
25,43478,0,0.0,1888,1599,41879,0.010000006316817373
25,43503,0,0.0,1889,1599,41904,0.010000006253963991
25,43528,0,0.0,1890,1599,41929,0.01000000619173601
25,43553,0,0.0,1891,1599,41954,0.010000006130127206
25,43578,0,0.0,1892,1599,41979,0.010000006069131422
25,43603,0,0.0,1893,1599,42004,0.010000006008742554
50,43653,0,0.0,1894,1601,42052,0.010000005948954567
25,43678,0,0.0,1895,1601,42077,0.01000000588976148
25,43703,0,0.0,1896,1601,42102,0.010000005831157375
25,43728,0,0.0,1897,1601,42127,0.01000000577313639
25,43753,0,0.0,1898,1601,42152,0.010000005715692721
25,43778,0,0.0,1899,1603,42175,0.01000000565882063
25,43803,0,0.0,1900,1603,42200,0.010000005602514423
25,43828,0,0.0,1901,1603,42225,0.010000005546768474
25,43853,0,0.0,1902,1604,42249,0.010000005491577205
25,43878,0,0.0,1903,1604,42274,0.010000005436935099
25,43903,0,0.0,1904,1604,42299,0.01000000538283669
25,43928,0,0.0,1905,1605,42323,0.01000000532927657
25,43953,0,0.0,1906,1605,42348,0.010000005276249382
25,43978,0,0.0,1907,1606,42372,0.010000005223749824
25,44003,0,0.0,1908,1606,42397,0.010000005171772646
25,44028,0,0.0,1909,1607,42421,0.010000005120312648
25,44053,0,0.0,1910,1607,42446,0.010000005069364685
25,44078,0,0.0,1911,1607,42471,0.010000005018923664
25,44103,0,0.0,1912,1607,42496,0.010000004968984538
50,44153,0,0.0,1913,1609,42544,0.010000004919542317
25,44178,0,0.0,1914,1609,42569,0.010000004870592053
25,44203,0,0.0,1915,1609,42594,0.010000004822128853
25,44228,0,0.0,1916,1609,42619,0.010000004774147869
25,44253,0,0.0,1917,1609,42644,0.010000004726644304
9,44262,0,0.0,1918,1610,42652,0.010000004679613407
25,44287,0,0.0,1919,1610,42677,0.010000004633050475
25,44312,0,0.0,1920,1610,42702,0.010000004586950852
25,44337,0,0.0,1921,1610,42727,0.010000004541309929
25,44362,0,0.0,1922,1611,42751,0.01000000449612314
25,44387,0,0.0,1923,1611,42776,0.010000004451385968
25,44412,0,0.0,1924,1611,42801,0.010000004407093938
25,44437,0,0.0,1925,1611,42826,0.01000000436324262
25,44462,0,0.0,1926,1611,42851,0.010000004319827631
3,44465,0,0.0,1927,1612,42853,0.010000004276844627
25,44490,0,0.0,1928,1613,42877,0.010000004234289312
50,44540,0,0.0,1929,1614,42926,0.01000000419215743
25,44565,0,0.0,1930,1614,42951,0.010000004150444766
25,44590,0,0.0,1931,1614,42976,0.010000004109147151
25,44615,0,0.0,1932,1615,43000,0.010000004068260454
25,44640,0,0.0,1933,1615,43025,0.010000004027780587
25,44665,0,0.0,1934,1615,43050,0.0100000039877035
25,44690,0,0.0,1935,1615,43075,0.010000003948025186
25,44715,0,0.0,1936,1615,43100,0.01000000390874168
4,44719,0,0.0,1937,1616,43103,0.01000000386984905
25,44744,0,0.0,1938,1616,43128,0.01000000383134341
25,44769,0,0.0,1939,1616,43153,0.010000003793220904
25,44794,0,0.0,1940,1616,43178,0.010000003755477726
25,44819,0,0.0,1941,1616,43203,0.010000003718110098
25,44844,0,0.0,1942,1616,43228,0.010000003681114285
25,44869,0,0.0,1943,1616,43253,0.010000003644486586
25,44894,0,0.0,1944,1616,43278,0.010000003608223338
25,44919,0,0.0,1945,1616,43303,0.010000003572320917
25,44944,0,0.0,1946,1616,43328,0.010000003536775728
25,44969,0,0.0,1947,1616,43353,0.010000003501584222
25,44994,0,0.0,1948,1616,43378,0.010000003466742877
25,45019,0,0.0,1949,1616,43403,0.01000000343224821
25,45044,0,0.0,1950,1616,43428,0.01000000339809677
25,45069,0,0.0,1951,1616,43453,0.010000003364285142
50,45119,0,0.0,1952,1617,43502,0.010000003330809946
25,45144,0,0.0,1953,1617,43527,0.010000003297667832
25,45169,0,0.0,1954,1617,43552,0.010000003264855489
25,45194,0,0.0,1955,1617,43577,0.010000003232369634
3,45197,0,0.0,1956,1618,43579,0.01000000320020702
25,45222,0,0.0,1957,1618,43604,0.010000003168364427
25,45247,0,0.0,1958,1618,43629,0.010000003136838674
25,45272,0,0.0,1959,1618,43654,0.010000003105626609
6,45278,0,0.0,1960,1619,43659,0.010000003074725107
25,45303,0,0.0,1961,1619,43684,0.010000003044131081
25,45328,0,0.0,1962,1619,43709,0.01000000301384147
25,45353,0,0.0,1963,1619,43734,0.010000002983853246
25,45378,0,0.0,1964,1619,43759,0.01000000295416341
21,45399,0,0.0,1965,1620,43779,0.010000002924768993
25,45424,0,0.0,1966,1620,43804,0.010000002895667057
6,45430,0,0.0,1967,1621,43809,0.010000002866854688
25,45455,0,0.0,1968,1621,43834,0.010000002838329006
25,45480,0,0.0,1969,1621,43859,0.010000002810087161
25,45505,0,0.0,1970,1621,43884,0.010000002782126326
24,45529,0,0.0,1971,1622,43907,0.010000002754443708
25,45554,0,0.0,1972,1622,43932,0.010000002727036534
25,45579,0,0.0,1973,1622,43957,0.010000002699902068
25,45604,0,0.0,1974,1622,43982,0.010000002673037594
25,45629,0,0.0,1975,1622,44007,0.010000002646440425
25,45654,0,0.0,1976,1622,44032,0.010000002620107903
25,45679,0,0.0,1977,1622,44057,0.010000002594037393
25,45704,0,0.0,1978,1622,44082,0.01000000256822629
25,45729,0,0.0,1979,1623,44106,0.010000002542672012
24,45753,0,0.0,1980,1624,44129,0.010000002517372002
25,45778,0,0.0,1981,1624,44154,0.010000002492323733
25,45803,0,0.0,1982,1624,44179,0.010000002467524697
25,45828,0,0.0,1983,1624,44204,0.010000002442972417
10,45838,0,0.0,1984,1625,44213,0.010000002418664434
25,45863,0,0.0,1985,1625,44238,0.010000002394598322
25,45888,0,0.0,1986,1625,44263,0.01000000237077167
25,45913,0,0.0,1987,1625,44288,0.010000002347182098
25,45938,0,0.0,1988,1626,44312,0.010000002323827245
24,45962,0,0.0,1989,1627,44335,0.010000002300704778
25,45987,0,0.0,1990,1627,44360,0.010000002277812383
25,46012,0,0.0,1991,1627,44385,0.010000002255147772
25,46037,0,0.0,1992,1629,44408,0.010000002232708676
25,46062,0,0.0,1993,1629,44433,0.010000002210492853
25,46087,0,0.0,1994,1629,44458,0.010000002188498083
25,46112,0,0.0,1995,1629,44483,0.010000002166722161
25,46137,0,0.0,1996,1629,44508,0.010000002145162916
25,46162,0,0.0,1997,1629,44533,0.01000000212381819
25,46187,0,0.0,1998,1629,44558,0.010000002102685845
25,46212,0,0.0,1999,1629,44583,0.01000000208176377
25,46237,0,0.0,2000,1629,44608,0.010000002061049876
25,46262,0,0.0,2001,1629,44633,0.010000002040542086
25,46287,0,0.0,2002,1630,44657,0.010000002020238354
25,46312,0,0.0,2003,1630,44682,0.010000002000136647
25,46337,0,0.0,2004,1630,44707,0.010000001980234954
25,46362,0,0.0,2005,1630,44732,0.010000001960531286
25,46387,0,0.0,2006,1630,44757,0.010000001941023675
25,46412,0,0.0,2007,1630,44782,0.010000001921710166
25,46437,0,0.0,2008,1630,44807,0.010000001902588831
25,46462,0,0.0,2009,1630,44832,0.010000001883657756
25,46487,0,0.0,2010,1631,44856,0.010000001864915047
25,46512,0,0.0,2011,1631,44881,0.010000001846358833
25,46537,0,0.0,2012,1631,44906,0.010000001827987255
25,46562,0,0.0,2013,1632,44930,0.010000001809798478
25,46587,0,0.0,2014,1632,44955,0.010000001791790683
25,46612,0,0.0,2015,1632,44980,0.010000001773962068
25,46637,0,0.0,2016,1633,45004,0.01000000175631085
25,46662,0,0.0,2017,1633,45029,0.010000001738835265
25,46687,0,0.0,2018,1634,45053,0.010000001721533565
23,46710,0,0.0,2019,1635,45075,0.01000000170440402
25,46735,0,0.0,2020,1635,45100,0.010000001687444917
25,46760,0,0.0,2021,1635,45125,0.01000000167065456
25,46785,0,0.0,2022,1635,45150,0.010000001654031268
25,46810,0,0.0,2023,1635,45175,0.010000001637573383
25,46835,0,0.0,2024,1636,45199,0.010000001621279255
25,46860,0,0.0,2025,1636,45224,0.010000001605147257
25,46885,0,0.0,2026,1636,45249,0.010000001589175776
25,46910,0,0.0,2027,1636,45274,0.010000001573363212
25,46935,0,0.0,2028,1636,45299,0.010000001557707985
25,46960,0,0.0,2029,1636,45324,0.010000001542208533
25,46985,0,0.0,2030,1636,45349,0.010000001526863301
25,47010,0,0.0,2031,1636,45374,0.010000001511670758
25,47035,0,0.0,2032,1636,45399,0.010000001496629383
25,47060,0,0.0,2033,1636,45424,0.010000001481737672
25,47085,0,0.0,2034,1636,45449,0.010000001466994136
25,47110,0,0.0,2035,1636,45474,0.0100000014523973
25,47135,0,0.0,2036,1636,45499,0.010000001437945705
24,47159,0,0.0,2037,1637,45522,0.010000001423637906
25,47184,0,0.0,2038,1637,45547,0.010000001409472473
25,47209,0,0.0,2039,1637,45572,0.010000001395447987
25,47234,0,0.0,2040,1637,45597,0.010000001381563048
25,47259,0,0.0,2041,1637,45622,0.010000001367816265
25,47284,0,0.0,2042,1637,45647,0.010000001354206266
25,47309,0,0.0,2043,1637,45672,0.010000001340731689
25,47334,0,0.0,2044,1637,45697,0.010000001327391185
25,47359,0,0.0,2045,1637,45722,0.010000001314183422
25,47384,0,0.0,2046,1637,45747,0.010000001301107078
25,47409,0,0.0,2047,1637,45772,0.010000001288160847
25,47434,0,0.0,2048,1637,45797,0.010000001275343432
25,47459,0,0.0,2049,1637,45822,0.010000001262653553
25,47484,0,0.0,2050,1639,45845,0.010000001250089941
25,47509,0,0.0,2051,1639,45870,0.010000001237651338
25,47534,0,0.0,2052,1639,45895,0.010000001225336501
25,47559,0,0.0,2053,1639,45920,0.0100000012131442
25,47584,0,0.0,2054,1639,45945,0.010000001201073213
25,47609,0,0.0,2055,1639,45970,0.010000001189122336
8,47617,0,0.0,2056,1640,45977,0.01000000117729037
25,47642,0,0.0,2057,1640,46002,0.010000001165576136
25,47667,0,0.0,2058,1640,46027,0.010000001153978458
25,47692,0,0.0,2059,1640,46052,0.010000001142496181
25,47717,0,0.0,2060,1640,46077,0.010000001131128155
25,47742,0,0.0,2061,1640,46102,0.010000001119873241
25,47767,0,0.0,2062,1640,46127,0.010000001108730316
25,47792,0,0.0,2063,1640,46152,0.010000001097698266
25,47817,0,0.0,2064,1640,46177,0.010000001086775985
25,47842,0,0.0,2065,1640,46202,0.010000001075962384
25,47867,0,0.0,2066,1640,46227,0.010000001065256378
25,47892,0,0.0,2067,1640,46252,0.0100000010546569
25,47917,0,0.0,2068,1641,46276,0.010000001044162888
25,47942,0,0.0,2069,1641,46301,0.010000001033773295
25,47967,0,0.0,2070,1641,46326,0.010000001023487078
25,47992,0,0.0,2071,1641,46351,0.010000001013303212
25,48017,0,0.0,2072,1641,46376,0.010000001003220677
25,48042,0,0.0,2073,1641,46401,0.010000000993238464
25,48067,0,0.0,2074,1641,46426,0.010000000983355576
25,48092,0,0.0,2075,1641,46451,0.010000000973571024
25,48117,0,0.0,2076,1641,46476,0.01000000096388383
25,48142,0,0.0,2077,1641,46501,0.010000000954293027
25,48167,0,0.0,2078,1641,46526,0.010000000944797652
25,48192,0,0.0,2079,1641,46551,0.010000000935396759
25,48217,0,0.0,2080,1641,46576,0.010000000926089405
25,48242,0,0.0,2081,1641,46601,0.010000000916874661
25,48267,0,0.0,2082,1641,46626,0.010000000907751607
25,48292,0,0.0,2083,1641,46651,0.010000000898719327
25,48317,0,0.0,2084,1641,46676,0.01000000088977692
25,48342,0,0.0,2085,1641,46701,0.010000000880923492
25,48367,0,0.0,2086,1642,46725,0.010000000872158157
25,48392,0,0.0,2087,1642,46750,0.010000000863480038
25,48417,0,0.0,2088,1642,46775,0.010000000854888268
25,48442,0,0.0,2089,1643,46799,0.010000000846381987
25,48467,0,0.0,2090,1643,46824,0.010000000837960347
25,48492,0,0.0,2091,1643,46849,0.010000000829622501
25,48517,0,0.0,2092,1643,46874,0.01000000082136762
25,48542,0,0.0,2093,1643,46899,0.010000000813194876
25,48567,0,0.0,2094,1643,46924,0.010000000805103451
7,48574,0,0.0,2095,1644,46930,0.010000000797092538
50,48624,0,0.0,2096,1646,46978,0.010000000789161335
25,48649,0,0.0,2097,1646,47003,0.010000000781309049
25,48674,0,0.0,2098,1647,47027,0.010000000773534894
25,48699,0,0.0,2099,1647,47052,0.010000000765838093
25,48724,0,0.0,2100,1648,47076,0.010000000758217876
25,48749,0,0.0,2101,1648,47101,0.010000000750673482
25,48774,0,0.0,2102,1649,47125,0.010000000743204156
25,48799,0,0.0,2103,1649,47150,0.010000000735809152
25,48824,0,0.0,2104,1649,47175,0.010000000728487729
25,48849,0,0.0,2105,1649,47200,0.010000000721239154
25,48874,0,0.0,2106,1649,47225,0.010000000714062705
25,48899,0,0.0,2107,1649,47250,0.010000000706957663
25,48924,0,0.0,2108,1649,47275,0.010000000699923316
25,48949,0,0.0,2109,1649,47300,0.010000000692958963
25,48974,0,0.0,2110,1649,47325,0.010000000686063906
25,48999,0,0.0,2111,1649,47350,0.010000000679237456
25,49024,0,0.0,2112,1650,47374,0.01000000067247893
25,49049,0,0.0,2113,1650,47399,0.010000000665787653
25,49074,0,0.0,2114,1650,47424,0.010000000659162955
25,49099,0,0.0,2115,1650,47449,0.010000000652604174
25,49124,0,0.0,2116,1651,47473,0.010000000646110655
25,49149,0,0.0,2117,1651,47498,0.010000000639681745
25,49174,0,0.0,2118,1652,47522,0.010000000633316805
25,49199,0,0.0,2119,1652,47547,0.010000000627015199
25,49224,0,0.0,2120,1652,47572,0.010000000620776293
25,49249,0,0.0,2121,1653,47596,0.010000000614599465
25,49274,0,0.0,2122,1653,47621,0.010000000608484098
25,49299,0,0.0,2123,1653,47646,0.01000000060242958
25,49324,0,0.0,2124,1653,47671,0.010000000596435306
25,49349,0,0.0,2125,1653,47696,0.010000000590500676
25,49374,0,0.0,2126,1653,47721,0.010000000584625097
25,49399,0,0.0,2127,1653,47746,0.01000000057880798
25,49424,0,0.0,2128,1653,47771,0.010000000573048744
25,49449,0,0.0,2129,1653,47796,0.010000000567346814
25,49474,0,0.0,2130,1653,47821,0.010000000561701618
25,49499,0,0.0,2131,1653,47846,0.010000000556112594
25,49524,0,0.0,2132,1653,47871,0.010000000550579181
25,49549,0,0.0,2133,1653,47896,0.010000000545100826
25,49574,0,0.0,2134,1654,47920,0.010000000539676982
25,49599,0,0.0,2135,1654,47945,0.010000000534307107
25,49624,0,0.0,2136,1654,47970,0.010000000528990662
49,49673,0,0.0,2137,1656,48017,0.010000000523727117
25,49698,0,0.0,2138,1656,48042,0.010000000518515946
25,49723,0,0.0,2139,1656,48067,0.010000000513356627
25,49748,0,0.0,2140,1656,48092,0.010000000508248641
25,49773,0,0.0,2141,1656,48117,0.010000000503191483
25,49798,0,0.0,2142,1656,48142,0.010000000498184645
25,49823,0,0.0,2143,1656,48167,0.010000000493227624
25,49848,0,0.0,2144,1656,48192,0.010000000488319928
25,49873,0,0.0,2145,1656,48217,0.010000000483461063
25,49898,0,0.0,2146,1656,48242,0.010000000478650545
25,49923,0,0.0,2147,1656,48267,0.010000000473887893
25,49948,0,0.0,2148,1656,48292,0.01000000046917263
25,49973,0,0.0,2149,1656,48317,0.010000000464504284
25,49998,0,0.0,2150,1660,48338,0.01000000045988239
25,50023,0,0.0,2151,1660,48363,0.010000000455306482
24,50047,0,0.0,2152,1662,48385,0.010000000450776108
25,50072,0,0.0,2153,1662,48410,0.01000000044629081
25,50097,0,0.0,2154,1662,48435,0.010000000441850142
25,50122,0,0.0,2155,1662,48460,0.01000000043745366
25,50147,0,0.0,2156,1662,48485,0.010000000433100923
25,50172,0,0.0,2157,1663,48509,0.010000000428791497
25,50197,0,0.0,2158,1663,48534,0.01000000042452495
25,50222,0,0.0,2159,1663,48559,0.010000000420300857
25,50247,0,0.0,2160,1663,48584,0.010000000416118794
25,50272,0,0.0,2161,1663,48609,0.010000000411978342
25,50297,0,0.0,2162,1663,48634,0.01000000040787909
25,50322,0,0.0,2163,1663,48659,0.010000000403820625
25,50347,0,0.0,2164,1663,48684,0.010000000399802542
25,50372,0,0.0,2165,1663,48709,0.010000000395824441
25,50397,0,0.0,2166,1663,48734,0.010000000391885921
25,50422,0,0.0,2167,1663,48759,0.010000000387986591
25,50447,0,0.0,2168,1664,48783,0.010000000384126061
25,50472,0,0.0,2169,1664,48808,0.010000000380303941
25,50497,0,0.0,2170,1664,48833,0.010000000376519855
25,50522,0,0.0,2171,1664,48858,0.01000000037277342
25,50547,0,0.0,2172,1664,48883,0.010000000369064262
8,50555,0,0.0,2173,1665,48890,0.010000000365392012
25,50580,0,0.0,2174,1665,48915,0.0100000003617563
25,50605,0,0.0,2175,1665,48940,0.010000000358156765
25,50630,0,0.0,2176,1665,48965,0.010000000354593046
21,50651,0,0.0,2177,1666,48985,0.010000000351064785
25,50676,0,0.0,2178,1666,49010,0.010000000347571633
25,50701,0,0.0,2179,1666,49035,0.010000000344113236
25,50726,0,0.0,2180,1666,49060,0.010000000340689253
25,50751,0,0.0,2181,1666,49085,0.010000000337299338
25,50776,0,0.0,2182,1666,49110,0.010000000333943155
25,50801,0,0.0,2183,1666,49135,0.010000000330620365
25,50826,0,0.0,2184,1666,49160,0.010000000327330637
25,50851,0,0.0,2185,1666,49185,0.010000000324073641
25,50876,0,0.0,2186,1666,49210,0.010000000320849056
25,50901,0,0.0,2187,1666,49235,0.010000000317656554
25,50926,0,0.0,2188,1666,49260,0.010000000314495818
25,50951,0,0.0,2189,1666,49285,0.010000000311366533
25,50976,0,0.0,2190,1666,49310,0.010000000308268385
6,50982,0,0.0,2191,1667,49315,0.010000000305201063
25,51007,0,0.0,2192,1667,49340,0.01000000030216426
50,51057,0,0.0,2193,1668,49389,0.010000000299157676
25,51082,0,0.0,2194,1668,49414,0.010000000296181009
25,51107,0,0.0,2195,1668,49439,0.010000000293233958
25,51132,0,0.0,2196,1668,49464,0.010000000290316231
25,51157,0,0.0,2197,1669,49488,0.010000000287427537
25,51182,0,0.0,2198,1670,49512,0.010000000284567585
25,51207,0,0.0,2199,1670,49537,0.01000000028173609
25,51232,0,0.0,2200,1671,49561,0.01000000027893277
25,51257,0,0.0,2201,1671,49586,0.010000000276157342
50,51307,0,0.0,2202,1674,49633,0.01000000027340953
25,51332,0,0.0,2203,1675,49657,0.01000000027068906
25,51357,0,0.0,2204,1675,49682,0.010000000267995659
25,51382,0,0.0,2205,1675,49707,0.010000000265329058
25,51407,0,0.0,2206,1675,49732,0.010000000262688989
25,51432,0,0.0,2207,1675,49757,0.010000000260075189
25,51457,0,0.0,2208,1675,49782,0.010000000257487398
25,51482,0,0.0,2209,1675,49807,0.010000000254925355
25,51507,0,0.0,2210,1675,49832,0.010000000252388806
25,51532,0,0.0,2211,1676,49856,0.010000000249877496
25,51557,0,0.0,2212,1677,49880,0.010000000247391174
25,51582,0,0.0,2213,1678,49904,0.01000000024492959
25,51607,0,0.0,2214,1679,49928,0.0100000002424925
25,51632,0,0.0,2215,1679,49953,0.01000000024007966
25,51657,0,0.0,2216,1679,49978,0.010000000237690827
25,51682,0,0.0,2217,1680,50002,0.010000000235325763
25,51707,0,0.0,2218,1680,50027,0.010000000232984233
25,51732,0,0.0,2219,1681,50051,0.010000000230666
25,51757,0,0.0,2220,1681,50076,0.010000000228370836
25,51782,0,0.0,2221,1681,50101,0.010000000226098508
25,51807,0,0.0,2222,1681,50126,0.01000000022384879
25,51832,0,0.0,2223,1681,50151,0.010000000221621458
25,51857,0,0.0,2224,1681,50176,0.010000000219416287
25,51882,0,0.0,2225,1682,50200,0.010000000217233058
25,51907,0,0.0,2226,1682,50225,0.010000000215071555
25,51932,0,0.0,2227,1682,50250,0.010000000212931556
25,51957,0,0.0,2228,1683,50274,0.010000000210812852
25,51982,0,0.0,2229,1683,50299,0.01000000020871523
25,52007,0,0.0,2230,1684,50323,0.010000000206638477
25,52032,0,0.0,2231,1684,50348,0.010000000204582391
25,52057,0,0.0,2232,1684,50373,0.01000000020254676
25,52082,0,0.0,2233,1684,50398,0.010000000200531387
25,52107,0,0.0,2234,1684,50423,0.010000000198536066
25,52132,0,0.0,2235,1684,50448,0.0100000001965606
25,52157,0,0.0,2236,1684,50473,0.010000000194604789
25,52182,0,0.0,2237,1684,50498,0.010000000192668439
25,52207,0,0.0,2238,1684,50523,0.010000000190751356
25,52232,0,0.0,2239,1684,50548,0.010000000188853348
25,52257,0,0.0,2240,1684,50573,0.010000000186974226
25,52282,0,0.0,2241,1684,50598,0.010000000185113801
25,52307,0,0.0,2242,1684,50623,0.01000000018327189
25,52332,0,0.0,2243,1684,50648,0.010000000181448303
25,52357,0,0.0,2244,1684,50673,0.010000000179642862
25,52382,0,0.0,2245,1684,50698,0.010000000177855385
4,52386,0,0.0,2246,1685,50701,0.010000000176085695
25,52411,0,0.0,2247,1685,50726,0.010000000174333614
25,52436,0,0.0,2248,1685,50751,0.010000000172598965
25,52461,0,0.0,2249,1685,50776,0.010000000170881576
25,52486,0,0.0,2250,1685,50801,0.010000000169181277
25,52511,0,0.0,2251,1685,50826,0.010000000167497894
25,52536,0,0.0,2252,1685,50851,0.010000000165831262
25,52561,0,0.0,2253,1685,50876,0.010000000164181214
25,52586,0,0.0,2254,1685,50901,0.010000000162547583
25,52611,0,0.0,2255,1685,50926,0.010000000160930209
25,52636,0,0.0,2256,1685,50951,0.010000000159328925
25,52661,0,0.0,2257,1685,50976,0.010000000157743577
25,52686,0,0.0,2258,1685,51001,0.010000000156174001
25,52711,0,0.0,2259,1685,51026,0.010000000154620044
25,52736,0,0.0,2260,1685,51051,0.01000000015308155
25,52761,0,0.0,2261,1685,51076,0.010000000151558363
25,52786,0,0.0,2262,1686,51100,0.010000000150050332
25,52811,0,0.0,2263,1686,51125,0.010000000148557306
25,52836,0,0.0,2264,1686,51150,0.010000000147079136
25,52861,0,0.0,2265,1686,51175,0.010000000145615674
25,52886,0,0.0,2266,1687,51199,0.010000000144166774
20,52906,0,0.0,2267,1688,51218,0.01000000014273229
25,52931,0,0.0,2268,1689,51242,0.01000000014131208
50,52981,0,0.0,2269,1690,51291,0.010000000139906002
25,53006,0,0.0,2270,1690,51316,0.010000000138513914
7,53013,0,0.0,2271,1691,51322,0.010000000137135678
25,53038,0,0.0,2272,1691,51347,0.010000000135771155
25,53063,0,0.0,2273,1693,51370,0.01000000013442021
25,53088,0,0.0,2274,1693,51395,0.010000000133082705
25,53113,0,0.0,2275,1693,51420,0.01000000013175851
25,53138,0,0.0,2276,1693,51445,0.010000000130447492
25,53163,0,0.0,2277,1693,51470,0.010000000129149518
25,53188,0,0.0,2278,1693,51495,0.010000000127864459
25,53213,0,0.0,2279,1693,51520,0.010000000126592185
25,53238,0,0.0,2280,1694,51544,0.010000000125332573
25,53263,0,0.0,2281,1694,51569,0.010000000124085492
25,53288,0,0.0,2282,1695,51593,0.010000000122850822
25,53313,0,0.0,2283,1695,51618,0.010000000121628435
25,53338,0,0.0,2284,1695,51643,0.010000000120418212
25,53363,0,0.0,2285,1695,51668,0.01000000011922003
12,53375,0,0.0,2286,1696,51679,0.010000000118033772
25,53400,0,0.0,2287,1696,51704,0.010000000116859316
25,53425,0,0.0,2288,1696,51729,0.010000000115696546
25,53450,0,0.0,2289,1698,51752,0.010000000114545346
25,53475,0,0.0,2290,1698,51777,0.010000000113405601
25,53500,0,0.0,2291,1698,51802,0.010000000112277196
25,53525,0,0.0,2292,1698,51827,0.010000000111160019
25,53550,0,0.0,2293,1699,51851,0.01000000011005396
25,53575,0,0.0,2294,1699,51876,0.010000000108958905
25,53600,0,0.0,2295,1699,51901,0.010000000107874744
25,53625,0,0.0,2296,1700,51925,0.010000000106801374
25,53650,0,0.0,2297,1701,51949,0.010000000105738682
25,53675,0,0.0,2298,1702,51973,0.010000000104686563
25,53700,0,0.0,2299,1702,51998,0.010000000103644916
25,53725,0,0.0,2300,1702,52023,0.010000000102613631
25,53750,0,0.0,2301,1702,52048,0.010000000101592608
25,53775,0,0.0,2302,1702,52073,0.010000000100581745
25,53800,0,0.0,2303,1702,52098,0.010000000099580941
50,53850,0,0.0,2304,1703,52147,0.010000000098590093
25,53875,0,0.0,2305,1703,52172,0.010000000097609105
25,53900,0,0.0,2306,1703,52197,0.010000000096637878
13,53913,0,0.0,2307,1705,52208,0.010000000095676316
25,53938,0,0.0,2308,1706,52232,0.01000000009472432
25,53963,0,0.0,2309,1707,52256,0.010000000093781799
25,53988,0,0.0,2310,1707,52281,0.010000000092848653
25,54013,0,0.0,2311,1707,52306,0.010000000091924794
25,54038,0,0.0,2312,1708,52330,0.010000000091010127
25,54063,0,0.0,2313,1709,52354,0.010000000090104561
25,54088,0,0.0,2314,1709,52379,0.010000000089208006
25,54113,0,0.0,2315,1709,52404,0.01000000008832037
25,54138,0,0.0,2316,1709,52429,0.010000000087441568
21,54159,0,0.0,2317,1710,52449,0.01000000008657151
25,54184,0,0.0,2318,1710,52474,0.01000000008571011
25,54209,0,0.0,2319,1710,52499,0.01000000008485728
25,54234,0,0.0,2320,1710,52524,0.010000000084012936
25,54259,0,0.0,2321,1710,52549,0.010000000083176993
25,54284,0,0.0,2322,1711,52573,0.010000000082349369
25,54309,0,0.0,2323,1711,52598,0.010000000081529977
25,54334,0,0.0,2324,1711,52623,0.010000000080718741
25,54359,0,0.0,2325,1711,52648,0.010000000079915576
25,54384,0,0.0,2326,1711,52673,0.010000000079120403
25,54409,0,0.0,2327,1711,52698,0.010000000078333142
25,54434,0,0.0,2328,1711,52723,0.010000000077553714
24,54458,0,0.0,2329,1712,52746,0.010000000076782041
25,54483,0,0.0,2330,1713,52770,0.010000000076018048
25,54508,0,0.0,2331,1713,52795,0.010000000075261655
25,54533,0,0.0,2332,1713,52820,0.01000000007451279
25,54558,0,0.0,2333,1713,52845,0.010000000073771375
25,54583,0,0.0,2334,1713,52870,0.010000000073037337
25,54608,0,0.0,2335,1714,52894,0.010000000072310604
36,54644,0,0.0,2336,1716,52928,0.010000000071591101
25,54669,0,0.0,2337,1716,52953,0.010000000070878758
25,54694,0,0.0,2338,1716,52978,0.010000000070173503
25,54719,0,0.0,2339,1716,53003,0.010000000069475264
25,54744,0,0.0,2340,1716,53028,0.010000000068783974
25,54769,0,0.0,2341,1717,53052,0.010000000068099563
25,54794,0,0.0,2342,1718,53076,0.01000000006742196
25,54819,0,0.0,2343,1718,53101,0.0100000000667511
25,54844,0,0.0,2344,1719,53125,0.010000000066086916
25,54869,0,0.0,2345,1719,53150,0.01000000006542934
25,54894,0,0.0,2346,1719,53175,0.010000000064778308
25,54919,0,0.0,2347,1720,53199,0.010000000064133752
25,54944,0,0.0,2348,1720,53224,0.01000000006349561
25,54969,0,0.0,2349,1720,53249,0.010000000062863819
25,54994,0,0.0,2350,1720,53274,0.010000000062238314
25,55019,0,0.0,2351,1720,53299,0.010000000061619031
25,55044,0,0.0,2352,1720,53324,0.010000000061005912
11,55055,0,0.0,2353,1721,53334,0.010000000060398893
25,55080,0,0.0,2354,1721,53359,0.010000000059797915
25,55105,0,0.0,2355,1721,53384,0.010000000059202915
25,55130,0,0.0,2356,1721,53409,0.010000000058613836
25,55155,0,0.0,2357,1721,53434,0.010000000058030619
25,55180,0,0.0,2358,1721,53459,0.010000000057453204
25,55205,0,0.0,2359,1721,53484,0.010000000056881536
25,55230,0,0.0,2360,1721,53509,0.010000000056315555
25,55255,0,0.0,2361,1721,53534,0.010000000055755206
25,55280,0,0.0,2362,1721,53559,0.010000000055200433
25,55305,0,0.0,2363,1721,53584,0.01000000005465118
25,55330,0,0.0,2364,1721,53609,0.01000000005410739
25,55355,0,0.0,2365,1721,53634,0.010000000053569012
25,55380,0,0.0,2366,1721,53659,0.010000000053035992
25,55405,0,0.0,2367,1721,53684,0.010000000052508276
25,55430,0,0.0,2368,1721,53709,0.01000000005198581
25,55455,0,0.0,2369,1721,53734,0.010000000051468541
25,55480,0,0.0,2370,1721,53759,0.010000000050956422
25,55505,0,0.0,2371,1722,53783,0.010000000050449397
25,55530,0,0.0,2372,1722,53808,0.010000000049947416
25,55555,0,0.0,2373,1722,53833,0.010000000049450432
25,55580,0,0.0,2374,1724,53856,0.010000000048958391
25,55605,0,0.0,2375,1724,53881,0.010000000048471248
25,55630,0,0.0,2376,1724,53906,0.01000000004798895
25,55655,0,0.0,2377,1724,53931,0.010000000047511452
25,55680,0,0.0,2378,1724,53956,0.010000000047038705
11,55691,0,0.0,2379,1725,53966,0.010000000046570662
25,55716,0,0.0,2380,1726,53990,0.010000000046107276
25,55741,0,0.0,2381,1726,54015,0.010000000045648503
25,55766,0,0.0,2382,1727,54039,0.010000000045194291
25,55791,0,0.0,2383,1727,54064,0.0100000000447446
25,55816,0,0.0,2384,1727,54089,0.010000000044299384
25,55841,0,0.0,2385,1728,54113,0.010000000043858598
25,55866,0,0.0,2386,1728,54138,0.010000000043422198
25,55891,0,0.0,2387,1728,54163,0.01000000004299014
25,55916,0,0.0,2388,1728,54188,0.010000000042562381
25,55941,0,0.0,2389,1728,54213,0.010000000042138878
25,55966,0,0.0,2390,1728,54238,0.01000000004171959
25,55991,0,0.0,2391,1728,54263,0.010000000041304472
25,56016,0,0.0,2392,1728,54288,0.010000000040893487
25,56041,0,0.0,2393,1728,54313,0.010000000040486588
10,56051,0,0.0,2394,1730,54321,0.01000000004008374
25,56076,0,0.0,2395,1730,54346,0.010000000039684901
25,56101,0,0.0,2396,1730,54371,0.01000000003929003
25,56126,0,0.0,2397,1730,54396,0.010000000038899087
25,56151,0,0.0,2398,1730,54421,0.010000000038512034
25,56176,0,0.0,2399,1730,54446,0.010000000038128834
25,56201,0,0.0,2400,1730,54471,0.010000000037749446
25,56226,0,0.0,2401,1731,54495,0.010000000037373832
25,56251,0,0.0,2402,1731,54520,0.010000000037001956
25,56276,0,0.0,2403,1731,54545,0.010000000036633781
25,56301,0,0.0,2404,1731,54570,0.010000000036269269
25,56326,0,0.0,2405,1731,54595,0.010000000035908384
25,56351,0,0.0,2406,1731,54620,0.010000000035551088
25,56376,0,0.0,2407,1731,54645,0.01000000003519735
25,56401,0,0.0,2408,1732,54669,0.01000000003484713
25,56426,0,0.0,2409,1732,54694,0.010000000034500396
25,56451,0,0.0,2410,1732,54719,0.010000000034157111
25,56476,0,0.0,2411,1732,54744,0.010000000033817243
25,56501,0,0.0,2412,1732,54769,0.010000000033480755
25,56526,0,0.0,2413,1733,54793,0.010000000033147615
25,56551,0,0.0,2414,1734,54817,0.010000000032817792
25,56576,0,0.0,2415,1734,54842,0.01000000003249125
25,56601,0,0.0,2416,1734,54867,0.010000000032167956
25,56626,0,0.0,2417,1734,54892,0.010000000031847879
25,56651,0,0.0,2418,1734,54917,0.010000000031530988
25,56676,0,0.0,2419,1734,54942,0.01000000003121725
25,56701,0,0.0,2420,1734,54967,0.010000000030906632
25,56726,0,0.0,2421,1734,54992,0.010000000030599105
25,56751,0,0.0,2422,1734,55017,0.01000000003029464
25,56776,0,0.0,2423,1734,55042,0.010000000029993203
25,56801,0,0.0,2424,1734,55067,0.010000000029694766
20,56821,0,0.0,2425,1735,55086,0.010000000029399297
25,56846,0,0.0,2426,1735,55111,0.01000000002910677
25,56871,0,0.0,2427,1735,55136,0.010000000028817152
25,56896,0,0.0,2428,1735,55161,0.010000000028530418
25,56921,0,0.0,2429,1735,55186,0.010000000028246536
50,56971,0,0.0,2430,1737,55234,0.010000000027965477
21,56992,0,0.0,2431,1738,55254,0.010000000027687216
25,57017,0,0.0,2432,1738,55279,0.010000000027411724
25,57042,0,0.0,2433,1738,55304,0.010000000027138972
25,57067,0,0.0,2434,1739,55328,0.010000000026868934
25,57092,0,0.0,2435,1739,55353,0.010000000026601584
25,57117,0,0.0,2436,1740,55377,0.010000000026336895
25,57142,0,0.0,2437,1740,55402,0.010000000026074839
25,57167,0,0.0,2438,1741,55426,0.010000000025815388
25,57192,0,0.0,2439,1741,55451,0.01000000002555852
25,57217,0,0.0,2440,1742,55475,0.01000000002530421
25,57242,0,0.0,2441,1743,55499,0.010000000025052429
25,57267,0,0.0,2442,1743,55524,0.010000000024803153
25,57292,0,0.0,2443,1743,55549,0.010000000024556357
25,57317,0,0.0,2444,1743,55574,0.010000000024312018
25,57342,0,0.0,2445,1743,55599,0.010000000024070109
25,57367,0,0.0,2446,1743,55624,0.010000000023830608
25,57392,0,0.0,2447,1743,55649,0.010000000023593488
25,57417,0,0.0,2448,1744,55673,0.01000000002335873
25,57442,0,0.0,2449,1744,55698,0.010000000023126307
7,57449,0,0.0,2450,1745,55704,0.010000000022896196
25,57474,0,0.0,2451,1745,55729,0.010000000022668374
25,57499,0,0.0,2452,1745,55754,0.01000000002244282
25,57524,0,0.0,2453,1746,55778,0.010000000022219511
25,57549,0,0.0,2454,1746,55803,0.010000000021998424
25,57574,0,0.0,2455,1747,55827,0.010000000021779535
25,57599,0,0.0,2456,1747,55852,0.010000000021562825
25,57624,0,0.0,2457,1747,55877,0.010000000021348272
25,57649,0,0.0,2458,1747,55902,0.010000000021135854
25,57674,0,0.0,2459,1747,55927,0.010000000020925548
25,57699,0,0.0,2460,1747,55952,0.010000000020717334
25,57724,0,0.0,2461,1749,55975,0.010000000020511194
4,57728,0,0.0,2462,1750,55978,0.010000000020307105
25,57753,0,0.0,2463,1750,56003,0.010000000020105045
25,57778,0,0.0,2464,1750,56028,0.010000000019904996
25,57803,0,0.0,2465,1750,56053,0.01000000001970694
25,57828,0,0.0,2466,1750,56078,0.010000000019510851
25,57853,0,0.0,2467,1750,56103,0.010000000019316715
25,57878,0,0.0,2468,1750,56128,0.010000000019124511
25,57903,0,0.0,2469,1750,56153,0.010000000018934219
25,57928,0,0.0,2470,1750,56178,0.01000000001874582
25,57953,0,0.0,2471,1751,56202,0.010000000018559297
25,57978,0,0.0,2472,1752,56226,0.010000000018374628
25,58003,0,0.0,2473,1752,56251,0.010000000018191797
25,58028,0,0.0,2474,1752,56276,0.010000000018010786
25,58053,0,0.0,2475,1752,56301,0.010000000017831575
25,58078,0,0.0,2476,1752,56326,0.01000000001765415
25,58103,0,0.0,2477,1752,56351,0.010000000017478486
25,58128,0,0.0,2478,1752,56376,0.010000000017304573
20,58148,0,0.0,2479,1753,56395,0.01000000001713239
25,58173,0,0.0,2480,1753,56420,0.01000000001696192
24,58197,0,0.0,2481,1754,56443,0.010000000016793145
25,58222,0,0.0,2482,1754,56468,0.010000000016626051
25,58247,0,0.0,2483,1755,56492,0.01000000001646062
25,58272,0,0.0,2484,1756,56516,0.010000000016296832
25,58297,0,0.0,2485,1756,56541,0.010000000016134677
25,58322,0,0.0,2486,1756,56566,0.010000000015974134
25,58347,0,0.0,2487,1756,56591,0.010000000015815188
25,58372,0,0.0,2488,1757,56615,0.010000000015657824
25,58397,0,0.0,2489,1757,56640,0.010000000015502027
25,58422,0,0.0,2490,1758,56664,0.010000000015347779
25,58447,0,0.0,2491,1759,56688,0.010000000015195066
25,58472,0,0.0,2492,1759,56713,0.010000000015043873
25,58497,0,0.0,2493,1759,56738,0.010000000014894183
25,58522,0,0.0,2494,1759,56763,0.010000000014745984
20,58542,0,0.0,2495,1760,56782,0.01000000001459926
25,58567,0,0.0,2496,1760,56807,0.010000000014453994
25,58592,0,0.0,2497,1761,56831,0.010000000014310175
25,58617,0,0.0,2498,1762,56855,0.010000000014167785
25,58642,0,0.0,2499,1762,56880,0.010000000014026815
25,58667,0,0.0,2500,1762,56905,0.010000000013887246
25,58692,0,0.0,2501,1762,56930,0.010000000013749065
25,58717,0,0.0,2502,1762,56955,0.010000000013612259
25,58742,0,0.0,2503,1762,56980,0.010000000013476815
25,58767,0,0.0,2504,1762,57005,0.010000000013342718
25,58792,0,0.0,2505,1762,57030,0.010000000013209956
25,58817,0,0.0,2506,1762,57055,0.010000000013078514
25,58842,0,0.0,2507,1762,57080,0.010000000012948382
25,58867,0,0.0,2508,1763,57104,0.010000000012819543
25,58892,0,0.0,2509,1763,57129,0.010000000012691987
24,58916,0,0.0,2510,1764,57152,0.010000000012565699
25,58941,0,0.0,2511,1764,57177,0.010000000012440668
25,58966,0,0.0,2512,1764,57202,0.010000000012316882
25,58991,0,0.0,2513,1765,57226,0.010000000012194326
25,59016,0,0.0,2514,1765,57251,0.01000000001207299
25,59041,0,0.0,2515,1766,57275,0.010000000011952863
25,59066,0,0.0,2516,1766,57300,0.01000000001183393
25,59091,0,0.0,2517,1766,57325,0.01000000001171618
9,59100,0,0.0,2518,1767,57333,0.010000000011599602
25,59125,0,0.0,2519,1767,57358,0.010000000011484184
25,59150,0,0.0,2520,1768,57382,0.010000000011369914
25,59175,0,0.0,2521,1768,57407,0.010000000011256782
25,59200,0,0.0,2522,1768,57432,0.010000000011144775
25,59225,0,0.0,2523,1768,57457,0.010000000011033882
25,59250,0,0.0,2524,1768,57482,0.010000000010924093
25,59275,0,0.0,2525,1769,57506,0.010000000010815397
25,59300,0,0.0,2526,1769,57531,0.010000000010707782
25,59325,0,0.0,2527,1770,57555,0.010000000010601239
25,59350,0,0.0,2528,1770,57580,0.010000000010495754
25,59375,0,0.0,2529,1770,57605,0.01000000001039132
25,59400,0,0.0,2530,1770,57630,0.010000000010287923
25,59425,0,0.0,2531,1770,57655,0.010000000010185557
25,59450,0,0.0,2532,1770,57680,0.01000000001008421
25,59475,0,0.0,2533,1770,57705,0.01000000000998387
25,59500,0,0.0,2534,1770,57730,0.01000000000988453
25,59525,0,0.0,2535,1770,57755,0.010000000009786176
25,59550,0,0.0,2536,1770,57780,0.010000000009688802
20,59570,0,0.0,2537,1771,57799,0.010000000009592397
25,59595,0,0.0,2538,1772,57823,0.01000000000949695
25,59620,0,0.0,2539,1772,57848,0.010000000009402455
25,59645,0,0.0,2540,1772,57873,0.0100000000093089
25,59670,0,0.0,2541,1773,57897,0.010000000009216274
25,59695,0,0.0,2542,1773,57922,0.010000000009124571
25,59720,0,0.0,2543,1773,57947,0.01000000000903378
25,59745,0,0.0,2544,1774,57971,0.010000000008943891
25,59770,0,0.0,2545,1774,57996,0.010000000008854898
6,59776,0,0.0,2546,1775,58001,0.010000000008766791
25,59801,0,0.0,2547,1776,58025,0.010000000008679559
25,59826,0,0.0,2548,1776,58050,0.010000000008593196
25,59851,0,0.0,2549,1776,58075,0.010000000008507693
25,59876,0,0.0,2550,1777,58099,0.01000000000842304
25,59901,0,0.0,2551,1778,58123,0.010000000008339229
25,59926,0,0.0,2552,1778,58148,0.010000000008256252
25,59951,0,0.0,2553,1778,58173,0.010000000008174102
25,59976,0,0.0,2554,1778,58198,0.010000000008092768
25,60001,0,0.0,2555,1778,58223,0.010000000008012244
25,60026,0,0.0,2556,1778,58248,0.010000000007932521
25,60051,0,0.0,2557,1778,58273,0.010000000007853591
25,60076,0,0.0,2558,1778,58298,0.010000000007775445
25,60101,0,0.0,2559,1778,58323,0.010000000007698078
25,60126,0,0.0,2560,1780,58346,0.010000000007621482
25,60151,0,0.0,2561,1780,58371,0.010000000007545647
25,60176,0,0.0,2562,1780,58396,0.010000000007470566
25,60201,0,0.0,2563,1780,58421,0.010000000007396233
25,60226,0,0.0,2564,1780,58446,0.01000000000732264
25,60251,0,0.0,2565,1780,58471,0.010000000007249777
25,60276,0,0.0,2566,1780,58496,0.01000000000717764
25,60301,0,0.0,2567,1780,58521,0.010000000007106222
25,60326,0,0.0,2568,1780,58546,0.010000000007035515
25,60351,0,0.0,2569,1780,58571,0.01000000000696551
25,60376,0,0.0,2570,1780,58596,0.010000000006896203
25,60401,0,0.0,2571,1781,58620,0.010000000006827584
25,60426,0,0.0,2572,1781,58645,0.010000000006759649
25,60451,0,0.0,2573,1781,58670,0.010000000006692388
25,60476,0,0.0,2574,1781,58695,0.010000000006625797
25,60501,0,0.0,2575,1781,58720,0.010000000006559871
25,60526,0,0.0,2576,1781,58745,0.010000000006494598
25,60551,0,0.0,2577,1781,58770,0.010000000006429977
25,60576,0,0.0,2578,1782,58794,0.010000000006365996
25,60601,0,0.0,2579,1782,58819,0.010000000006302655
25,60626,0,0.0,2580,1782,58844,0.010000000006239941
25,60651,0,0.0,2581,1782,58869,0.010000000006177854
25,60676,0,0.0,2582,1782,58894,0.010000000006116382
25,60701,0,0.0,2583,1783,58918,0.010000000006055523
25,60726,0,0.0,2584,1783,58943,0.01000000000599527
14,60740,0,0.0,2585,1784,58956,0.010000000005935617
25,60765,0,0.0,2586,1785,58980,0.010000000005876556
25,60790,0,0.0,2587,1785,59005,0.010000000005818082
25,60815,0,0.0,2588,1785,59030,0.010000000005760193
25,60840,0,0.0,2589,1785,59055,0.010000000005702878
25,60865,0,0.0,2590,1785,59080,0.010000000005646133
25,60890,0,0.0,2591,1785,59105,0.010000000005589952
25,60915,0,0.0,2592,1785,59130,0.010000000005534332
25,60940,0,0.0,2593,1785,59155,0.010000000005479265
25,60965,0,0.0,2594,1785,59180,0.010000000005424744
25,60990,0,0.0,2595,1785,59205,0.010000000005370768
25,61015,0,0.0,2596,1785,59230,0.010000000005317327
25,61040,0,0.0,2597,1785,59255,0.01000000000526442
25,61065,0,0.0,2598,1786,59279,0.010000000005212038
25,61090,0,0.0,2599,1786,59304,0.010000000005160176
25,61115,0,0.0,2600,1786,59329,0.010000000005108832
25,61140,0,0.0,2601,1787,59353,0.010000000005057998
25,61165,0,0.0,2602,1787,59378,0.01000000000500767
25,61190,0,0.0,2603,1787,59403,0.010000000004957843
25,61215,0,0.0,2604,1788,59427,0.010000000004908511
25,61240,0,0.0,2605,1788,59452,0.010000000004859672
25,61265,0,0.0,2606,1788,59477,0.010000000004811316
25,61290,0,0.0,2607,1788,59502,0.010000000004763443
25,61315,0,0.0,2608,1789,59526,0.010000000004716047
25,61340,0,0.0,2609,1789,59551,0.010000000004669121
25,61365,0,0.0,2610,1789,59576,0.010000000004622662
25,61390,0,0.0,2611,1789,59601,0.010000000004576666
25,61415,0,0.0,2612,1790,59625,0.010000000004531127
7,61422,0,0.0,2613,1791,59631,0.010000000004486042
25,61447,0,0.0,2614,1791,59656,0.010000000004441406
25,61472,0,0.0,2615,1791,59681,0.010000000004397212
24,61496,0,0.0,2616,1793,59703,0.010000000004353459
25,61521,0,0.0,2617,1793,59728,0.010000000004310143
25,61546,0,0.0,2618,1793,59753,0.010000000004267255
25,61571,0,0.0,2619,1793,59778,0.010000000004224796
25,61596,0,0.0,2620,1793,59803,0.010000000004182759
25,61621,0,0.0,2621,1794,59827,0.010000000004141139
25,61646,0,0.0,2622,1794,59852,0.010000000004099934
25,61671,0,0.0,2623,1794,59877,0.010000000004059139
25,61696,0,0.0,2624,1794,59902,0.010000000004018749
25,61721,0,0.0,2625,1794,59927,0.010000000003978762
4,61725,0,0.0,2626,1795,59930,0.010000000003939174
25,61750,0,0.0,2627,1795,59955,0.010000000003899978
13,61763,0,0.0,2628,1796,59967,0.010000000003861172
25,61788,0,0.0,2629,1796,59992,0.010000000003822753
25,61813,0,0.0,2630,1796,60017,0.010000000003784716
25,61838,0,0.0,2631,1796,60042,0.010000000003747057
25,61863,0,0.0,2632,1796,60067,0.010000000003709774
25,61888,0,0.0,2633,1796,60092,0.01000000000367286
25,61913,0,0.0,2634,1796,60117,0.010000000003636315
25,61938,0,0.0,2635,1796,60142,0.010000000003600133
25,61963,0,0.0,2636,1796,60167,0.01000000000356431
25,61988,0,0.0,2637,1796,60192,0.010000000003528846
25,62013,0,0.0,2638,1796,60217,0.010000000003493733
25,62038,0,0.0,2639,1796,60242,0.01000000000345897
25,62063,0,0.0,2640,1796,60267,0.010000000003424553
25,62088,0,0.0,2641,1796,60292,0.010000000003390477
25,62113,0,0.0,2642,1796,60317,0.010000000003356742
25,62138,0,0.0,2643,1797,60341,0.010000000003323342
25,62163,0,0.0,2644,1797,60366,0.010000000003290275
25,62188,0,0.0,2645,1798,60390,0.010000000003257535
25,62213,0,0.0,2646,1798,60415,0.010000000003225122
25,62238,0,0.0,2647,1798,60440,0.010000000003193031
25,62263,0,0.0,2648,1799,60464,0.01000000000316126
25,62288,0,0.0,2649,1800,60488,0.010000000003129806
25,62313,0,0.0,2650,1800,60513,0.010000000003098664
25,62338,0,0.0,2651,1800,60538,0.010000000003067831
25,62363,0,0.0,2652,1800,60563,0.010000000003037305
25,62388,0,0.0,2653,1800,60588,0.010000000003007084
25,62413,0,0.0,2654,1800,60613,0.010000000002977164
25,62438,0,0.0,2655,1801,60637,0.01000000000294754
25,62463,0,0.0,2656,1801,60662,0.010000000002918211
25,62488,0,0.0,2657,1801,60687,0.010000000002889175
25,62513,0,0.0,2658,1801,60712,0.010000000002860427
25,62538,0,0.0,2659,1801,60737,0.010000000002831966
25,62563,0,0.0,2660,1801,60762,0.010000000002803787
25,62588,0,0.0,2661,1801,60787,0.010000000002775889
25,62613,0,0.0,2662,1801,60812,0.010000000002748267
25,62638,0,0.0,2663,1801,60837,0.010000000002720923
25,62663,0,0.0,2664,1801,60862,0.010000000002693849
25,62688,0,0.0,2665,1801,60887,0.010000000002667044
25,62713,0,0.0,2666,1801,60912,0.010000000002640506
25,62738,0,0.0,2667,1801,60937,0.010000000002614234
25,62763,0,0.0,2668,1801,60962,0.010000000002588222
25,62788,0,0.0,2669,1801,60987,0.010000000002562468
25,62813,0,0.0,2670,1801,61012,0.01000000000253697
25,62838,0,0.0,2671,1801,61037,0.010000000002511727
25,62863,0,0.0,2672,1801,61062,0.010000000002486735
25,62888,0,0.0,2673,1801,61087,0.010000000002461993
25,62913,0,0.0,2674,1801,61112,0.010000000002437495
25,62938,0,0.0,2675,1801,61137,0.010000000002413242
20,62958,0,0.0,2676,1802,61156,0.01000000000238923
25,62983,0,0.0,2677,1802,61181,0.010000000002365455
25,63008,0,0.0,2678,1802,61206,0.01000000000234192
25,63033,0,0.0,2679,1802,61231,0.010000000002318618
25,63058,0,0.0,2680,1802,61256,0.010000000002295546
25,63083,0,0.0,2681,1802,61281,0.010000000002272705
25,63108,0,0.0,2682,1802,61306,0.010000000002250091
25,63133,0,0.0,2683,1803,61330,0.010000000002227703
25,63158,0,0.0,2684,1803,61355,0.010000000002205536
25,63183,0,0.0,2685,1803,61380,0.010000000002183592
25,63208,0,0.0,2686,1803,61405,0.010000000002161865
25,63233,0,0.0,2687,1804,61429,0.010000000002140354
25,63258,0,0.0,2688,1805,61453,0.010000000002119057
25,63283,0,0.0,2689,1805,61478,0.010000000002097971
25,63308,0,0.0,2690,1806,61502,0.010000000002077096
25,63333,0,0.0,2691,1806,61527,0.010000000002056428
25,63358,0,0.0,2692,1807,61551,0.010000000002035967
25,63383,0,0.0,2693,1807,61576,0.010000000002015709
25,63408,0,0.0,2694,1808,61600,0.010000000001995652
25,63433,0,0.0,2695,1808,61625,0.010000000001975795
25,63458,0,0.0,2696,1809,61649,0.010000000001956135
50,63508,0,0.0,2697,1810,61698,0.010000000001936672
25,63533,0,0.0,2698,1810,61723,0.010000000001917402
25,63558,0,0.0,2699,1810,61748,0.010000000001898324
25,63583,0,0.0,2700,1810,61773,0.010000000001879434
25,63608,0,0.0,2701,1811,61797,0.010000000001860734
25,63633,0,0.0,2702,1811,61822,0.01000000000184222
25,63658,0,0.0,2703,1812,61846,0.010000000001823888
25,63683,0,0.0,2704,1812,61871,0.010000000001805742
25,63708,0,0.0,2705,1812,61896,0.010000000001787773
8,63716,0,0.0,2706,1813,61903,0.010000000001769985
25,63741,0,0.0,2707,1813,61928,0.010000000001752373
25,63766,0,0.0,2708,1813,61953,0.010000000001734937
25,63791,0,0.0,2709,1813,61978,0.010000000001717673
25,63816,0,0.0,2710,1813,62003,0.010000000001700583
25,63841,0,0.0,2711,1813,62028,0.010000000001683662
25,63866,0,0.0,2712,1813,62053,0.010000000001666908
25,63891,0,0.0,2713,1814,62077,0.010000000001650322
25,63916,0,0.0,2714,1815,62101,0.010000000001633902
25,63941,0,0.0,2715,1815,62126,0.010000000001617644
25,63966,0,0.0,2716,1815,62151,0.010000000001601549
25,63991,0,0.0,2717,1815,62176,0.010000000001585612
25,64016,0,0.0,2718,1815,62201,0.010000000001569836
25,64041,0,0.0,2719,1815,62226,0.010000000001554215
25,64066,0,0.0,2720,1815,62251,0.01000000000153875
25,64091,0,0.0,2721,1815,62276,0.01000000000152344
25,64116,0,0.0,2722,1815,62301,0.010000000001508282
25,64141,0,0.0,2723,1816,62325,0.010000000001493274
25,64166,0,0.0,2724,1816,62350,0.010000000001478415
25,64191,0,0.0,2725,1816,62375,0.010000000001463704
25,64216,0,0.0,2726,1816,62400,0.010000000001449141
25,64241,0,0.0,2727,1816,62425,0.010000000001434722
25,64266,0,0.0,2728,1817,62449,0.010000000001420446
25,64291,0,0.0,2729,1817,62474,0.010000000001406313
25,64316,0,0.0,2730,1817,62499,0.010000000001392319
25,64341,0,0.0,2731,1817,62524,0.010000000001378465
20,64361,0,0.0,2732,1818,62543,0.010000000001364749
25,64386,0,0.0,2733,1818,62568,0.01000000000135117
25,64411,0,0.0,2734,1818,62593,0.010000000001337725
25,64436,0,0.0,2735,1818,62618,0.010000000001324415
25,64461,0,0.0,2736,1818,62643,0.010000000001311238
25,64486,0,0.0,2737,1818,62668,0.01000000000129819
25,64511,0,0.0,2738,1818,62693,0.010000000001285272
25,64536,0,0.0,2739,1818,62718,0.010000000001272484
25,64561,0,0.0,2740,1818,62743,0.010000000001259822
25,64586,0,0.0,2741,1818,62768,0.010000000001247287
25,64611,0,0.0,2742,1818,62793,0.010000000001234877
25,64636,0,0.0,2743,1818,62818,0.01000000000122259
25,64661,0,0.0,2744,1818,62843,0.010000000001210424
25,64686,0,0.0,2745,1820,62866,0.01000000000119838
25,64711,0,0.0,2746,1820,62891,0.010000000001186456
25,64736,0,0.0,2747,1820,62916,0.01000000000117465
25,64761,0,0.0,2748,1821,62940,0.010000000001162962
25,64786,0,0.0,2749,1822,62964,0.010000000001151392
25,64811,0,0.0,2750,1822,62989,0.010000000001139934
25,64836,0,0.0,2751,1822,63014,0.010000000001128592
23,64859,0,0.0,2752,1823,63036,0.010000000001117362
25,64884,0,0.0,2753,1823,63061,0.010000000001106244
25,64909,0,0.0,2754,1823,63086,0.010000000001095237
13,64922,0,0.0,2755,1824,63098,0.01000000000108434
25,64947,0,0.0,2756,1824,63123,0.01000000000107355
25,64972,0,0.0,2757,1824,63148,0.010000000001062869
25,64997,0,0.0,2758,1824,63173,0.010000000001052292
25,65022,0,0.0,2759,1824,63198,0.010000000001041821
25,65047,0,0.0,2760,1824,63223,0.010000000001031456
25,65072,0,0.0,2761,1825,63247,0.010000000001021192
25,65097,0,0.0,2762,1825,63272,0.010000000001011032
25,65122,0,0.0,2763,1825,63297,0.010000000001000972
25,65147,0,0.0,2764,1825,63322,0.010000000000991011
25,65172,0,0.0,2765,1825,63347,0.010000000000981151
25,65197,0,0.0,2766,1825,63372,0.010000000000971388
25,65222,0,0.0,2767,1825,63397,0.010000000000961722
25,65247,0,0.0,2768,1825,63422,0.010000000000952153
25,65272,0,0.0,2769,1825,63447,0.01000000000094268
11,65283,0,0.0,2770,1826,63457,0.010000000000933299
25,65308,0,0.0,2771,1826,63482,0.010000000000924013
25,65333,0,0.0,2772,1826,63507,0.010000000000914819
25,65358,0,0.0,2773,1826,63532,0.010000000000905717
25,65383,0,0.0,2774,1827,63556,0.010000000000896705
3,65386,0,0.0,2775,1828,63558,0.010000000000887781
25,65411,0,0.0,2776,1828,63583,0.010000000000878948
25,65436,0,0.0,2777,1828,63608,0.010000000000870203
21,65457,0,0.0,2778,1829,63628,0.010000000000861544
25,65482,0,0.0,2779,1830,63652,0.010000000000852972
25,65507,0,0.0,2780,1831,63676,0.010000000000844484
25,65532,0,0.0,2781,1831,63701,0.010000000000836081
25,65557,0,0.0,2782,1831,63726,0.010000000000827762
25,65582,0,0.0,2783,1831,63751,0.010000000000819527
25,65607,0,0.0,2784,1831,63776,0.010000000000811372
25,65632,0,0.0,2785,1831,63801,0.010000000000803299
25,65657,0,0.0,2786,1831,63826,0.010000000000795305
25,65682,0,0.0,2787,1831,63851,0.010000000000787393
25,65707,0,0.0,2788,1831,63876,0.010000000000779557
25,65732,0,0.0,2789,1831,63901,0.010000000000771801
25,65757,0,0.0,2790,1831,63926,0.010000000000764122
25,65782,0,0.0,2791,1831,63951,0.010000000000756518
50,65832,0,0.0,2792,1832,64000,0.010000000000748991
25,65857,0,0.0,2793,1833,64024,0.010000000000741537
25,65882,0,0.0,2794,1833,64049,0.01000000000073416
25,65907,0,0.0,2795,1833,64074,0.010000000000726855
25,65932,0,0.0,2796,1833,64099,0.010000000000719622
25,65957,0,0.0,2797,1833,64124,0.010000000000712462
25,65982,0,0.0,2798,1833,64149,0.010000000000705373
50,66032,0,0.0,2799,1835,64197,0.010000000000698355
25,66057,0,0.0,2800,1835,64222,0.010000000000691405
25,66082,0,0.0,2801,1835,64247,0.010000000000684526
25,66107,0,0.0,2802,1836,64271,0.010000000000677715
25,66132,0,0.0,2803,1836,64296,0.010000000000670972
50,66182,0,0.0,2804,1837,64345,0.010000000000664295
25,66207,0,0.0,2805,1837,64370,0.010000000000657686
25,66232,0,0.0,2806,1837,64395,0.01000000000065114
25,66257,0,0.0,2807,1837,64420,0.010000000000644662
25,66282,0,0.0,2808,1837,64445,0.010000000000638248
25,66307,0,0.0,2809,1838,64469,0.010000000000631898
25,66332,0,0.0,2810,1838,64494,0.01000000000062561
25,66357,0,0.0,2811,1839,64518,0.010000000000619385
25,66382,0,0.0,2812,1840,64542,0.010000000000613221
25,66407,0,0.0,2813,1840,64567,0.01000000000060712
25,66432,0,0.0,2814,1840,64592,0.010000000000601078
25,66457,0,0.0,2815,1840,64617,0.010000000000595099
25,66482,0,0.0,2816,1840,64642,0.010000000000589176
25,66507,0,0.0,2817,1841,64666,0.010000000000583315
25,66532,0,0.0,2818,1841,64691,0.01000000000057751
25,66557,0,0.0,2819,1842,64715,0.010000000000571763
3,66560,0,0.0,2820,1843,64717,0.010000000000566075
25,66585,0,0.0,2821,1843,64742,0.010000000000560443
25,66610,0,0.0,2822,1844,64766,0.010000000000554865
25,66635,0,0.0,2823,1844,64791,0.010000000000549345
25,66660,0,0.0,2824,1844,64816,0.01000000000054388
25,66685,0,0.0,2825,1844,64841,0.010000000000538467
25,66710,0,0.0,2826,1844,64866,0.010000000000533108
25,66735,0,0.0,2827,1845,64890,0.010000000000527805
25,66760,0,0.0,2828,1845,64915,0.010000000000522553
25,66785,0,0.0,2829,1845,64940,0.010000000000517354
25,66810,0,0.0,2830,1845,64965,0.010000000000512205
25,66835,0,0.0,2831,1845,64990,0.010000000000507108
23,66858,0,0.0,2832,1846,65012,0.010000000000502064
25,66883,0,0.0,2833,1846,65037,0.010000000000497068
25,66908,0,0.0,2834,1846,65062,0.010000000000492122
25,66933,0,0.0,2835,1846,65087,0.010000000000487225
50,66983,0,0.0,2836,1847,65136,0.010000000000482376
25,67008,0,0.0,2837,1847,65161,0.010000000000477578
25,67033,0,0.0,2838,1847,65186,0.010000000000472825
25,67058,0,0.0,2839,1847,65211,0.01000000000046812
25,67083,0,0.0,2840,1847,65236,0.010000000000463463
25,67108,0,0.0,2841,1847,65261,0.010000000000458852
25,67133,0,0.0,2842,1847,65286,0.010000000000454286
25,67158,0,0.0,2843,1847,65311,0.010000000000449765
25,67183,0,0.0,2844,1847,65336,0.01000000000044529
30,67213,0,0.0,2845,1849,65364,0.01000000000044086
20,67233,0,0.0,2846,1851,65382,0.010000000000436472
25,67258,0,0.0,2847,1851,65407,0.01000000000043213
25,67283,0,0.0,2848,1851,65432,0.01000000000042783
6,67289,0,0.0,2849,1852,65437,0.010000000000423573
25,67314,0,0.0,2850,1852,65462,0.01000000000041936
25,67339,0,0.0,2851,1852,65487,0.010000000000415185
25,67364,0,0.0,2852,1852,65512,0.010000000000411055
25,67389,0,0.0,2853,1852,65537,0.010000000000406965
25,67414,0,0.0,2854,1852,65562,0.010000000000402916
25,67439,0,0.0,2855,1852,65587,0.010000000000398907
25,67464,0,0.0,2856,1852,65612,0.010000000000394938
25,67489,0,0.0,2857,1852,65637,0.010000000000391007
25,67514,0,0.0,2858,1852,65662,0.010000000000387118
25,67539,0,0.0,2859,1852,65687,0.010000000000383265
25,67564,0,0.0,2860,1852,65712,0.010000000000379452
25,67589,0,0.0,2861,1853,65736,0.010000000000375675
25,67614,0,0.0,2862,1853,65761,0.010000000000371937
25,67639,0,0.0,2863,1853,65786,0.010000000000368237
25,67664,0,0.0,2864,1853,65811,0.010000000000364573
25,67689,0,0.0,2865,1854,65835,0.010000000000360946
25,67714,0,0.0,2866,1854,65860,0.010000000000357353
25,67739,0,0.0,2867,1854,65885,0.010000000000353799
25,67764,0,0.0,2868,1854,65910,0.010000000000350277
25,67789,0,0.0,2869,1854,65935,0.010000000000346792
25,67814,0,0.0,2870,1854,65960,0.010000000000343342
25,67839,0,0.0,2871,1856,65983,0.010000000000339926
25,67864,0,0.0,2872,1856,66008,0.010000000000336544
25,67889,0,0.0,2873,1856,66033,0.010000000000333194
25,67914,0,0.0,2874,1856,66058,0.010000000000329879
25,67939,0,0.0,2875,1856,66083,0.010000000000326597
25,67964,0,0.0,2876,1856,66108,0.010000000000323347
25,67989,0,0.0,2877,1856,66133,0.01000000000032013
25,68014,0,0.0,2878,1856,66158,0.010000000000316945
25,68039,0,0.0,2879,1856,66183,0.010000000000313791
25,68064,0,0.0,2880,1857,66207,0.010000000000310668
25,68089,0,0.0,2881,1857,66232,0.010000000000307577
25,68114,0,0.0,2882,1857,66257,0.010000000000304517
25,68139,0,0.0,2883,1858,66281,0.010000000000301486
10,68149,0,0.0,2884,1859,66290,0.010000000000298487
25,68174,0,0.0,2885,1859,66315,0.010000000000295517
25,68199,0,0.0,2886,1859,66340,0.010000000000292577
25,68224,0,0.0,2887,1859,66365,0.010000000000289666
25,68249,0,0.0,2888,1859,66390,0.010000000000286783
25,68274,0,0.0,2889,1859,66415,0.01000000000028393
25,68299,0,0.0,2890,1859,66440,0.010000000000281105
25,68324,0,0.0,2891,1860,66464,0.010000000000278307
25,68349,0,0.0,2892,1860,66489,0.010000000000275538
25,68374,0,0.0,2893,1860,66514,0.010000000000272796
12,68386,0,0.0,2894,1861,66525,0.010000000000270083
25,68411,0,0.0,2895,1861,66550,0.010000000000267396
25,68436,0,0.0,2896,1861,66575,0.010000000000264735
25,68461,0,0.0,2897,1861,66600,0.0100000000002621
25,68486,0,0.0,2898,1861,66625,0.010000000000259492
25,68511,0,0.0,2899,1861,66650,0.010000000000256911
25,68536,0,0.0,2900,1861,66675,0.010000000000254354
25,68561,0,0.0,2901,1861,66700,0.010000000000251823
50,68611,0,0.0,2902,1862,66749,0.010000000000249318
25,68636,0,0.0,2903,1862,66774,0.010000000000246837
25,68661,0,0.0,2904,1862,66799,0.010000000000244381
25,68686,0,0.0,2905,1863,66823,0.010000000000241949
25,68711,0,0.0,2906,1863,66848,0.010000000000239541
25,68736,0,0.0,2907,1863,66873,0.010000000000237158
24,68760,0,0.0,2908,1864,66896,0.010000000000234799
25,68785,0,0.0,2909,1864,66921,0.010000000000232462
25,68810,0,0.0,2910,1865,66945,0.01000000000023015
25,68835,0,0.0,2911,1865,66970,0.01000000000022786
25,68860,0,0.0,2912,1865,66995,0.010000000000225592
25,68885,0,0.0,2913,1865,67020,0.010000000000223348
25,68910,0,0.0,2914,1866,67044,0.010000000000221125
25,68935,0,0.0,2915,1866,67069,0.010000000000218924
25,68960,0,0.0,2916,1866,67094,0.010000000000216747
25,68985,0,0.0,2917,1866,67119,0.010000000000214589
25,69010,0,0.0,2918,1866,67144,0.010000000000212454
25,69035,0,0.0,2919,1867,67168,0.01000000000021034
25,69060,0,0.0,2920,1867,67193,0.010000000000208247
25,69085,0,0.0,2921,1867,67218,0.010000000000206176
25,69110,0,0.0,2922,1867,67243,0.010000000000204123
25,69135,0,0.0,2923,1867,67268,0.010000000000202092
25,69160,0,0.0,2924,1867,67293,0.010000000000200081
25,69185,0,0.0,2925,1867,67318,0.010000000000198092
25,69210,0,0.0,2926,1867,67343,0.01000000000019612
25,69235,0,0.0,2927,1868,67367,0.010000000000194168
25,69260,0,0.0,2928,1868,67392,0.010000000000192237
25,69285,0,0.0,2929,1869,67416,0.010000000000190324
25,69310,0,0.0,2930,1869,67441,0.01000000000018843
9,69319,0,0.0,2931,1870,67449,0.010000000000186556
24,69343,0,0.0,2932,1871,67472,0.0100000000001847
25,69368,0,0.0,2933,1871,67497,0.010000000000182861
25,69393,0,0.0,2934,1871,67522,0.010000000000181041
25,69418,0,0.0,2935,1871,67547,0.01000000000017924
25,69443,0,0.0,2936,1871,67572,0.010000000000177457
25,69468,0,0.0,2937,1871,67597,0.010000000000175691
25,69493,0,0.0,2938,1871,67622,0.010000000000173943
25,69518,0,0.0,2939,1871,67647,0.010000000000172211
25,69543,0,0.0,2940,1871,67672,0.0100000000001705
25,69568,0,0.0,2941,1871,67697,0.010000000000168803
25,69593,0,0.0,2942,1872,67721,0.010000000000167122
25,69618,0,0.0,2943,1872,67746,0.01000000000016546
25,69643,0,0.0,2944,1872,67771,0.010000000000163814
25,69668,0,0.0,2945,1872,67796,0.010000000000162183
25,69693,0,0.0,2946,1872,67821,0.01000000000016057
25,69718,0,0.0,2947,1872,67846,0.010000000000158972
25,69743,0,0.0,2948,1872,67871,0.01000000000015739
25,69768,0,0.0,2949,1872,67896,0.010000000000155823
25,69793,0,0.0,2950,1873,67920,0.010000000000154274
25,69818,0,0.0,2951,1874,67944,0.01000000000015274
25,69843,0,0.0,2952,1874,67969,0.01000000000015122
20,69863,0,0.0,2953,1876,67987,0.010000000000149714
25,69888,0,0.0,2954,1877,68011,0.010000000000148224
25,69913,0,0.0,2955,1877,68036,0.01000000000014675
25,69938,0,0.0,2956,1877,68061,0.01000000000014529
25,69963,0,0.0,2957,1877,68086,0.010000000000143843
25,69988,0,0.0,2958,1877,68111,0.010000000000142412
25,70013,0,0.0,2959,1878,68135,0.010000000000140995
25,70038,0,0.0,2960,1879,68159,0.010000000000139592
25,70063,0,0.0,2961,1879,68184,0.010000000000138204
50,70113,0,0.0,2962,1881,68232,0.010000000000136828
25,70138,0,0.0,2963,1881,68257,0.010000000000135466
25,70163,0,0.0,2964,1881,68282,0.010000000000134119
25,70188,0,0.0,2965,1881,68307,0.010000000000132785
25,70213,0,0.0,2966,1881,68332,0.010000000000131463
25,70238,0,0.0,2967,1882,68356,0.010000000000130155
25,70263,0,0.0,2968,1882,68381,0.01000000000012886
25,70288,0,0.0,2969,1882,68406,0.010000000000127579
25,70313,0,0.0,2970,1882,68431,0.010000000000126309
25,70338,0,0.0,2971,1882,68456,0.010000000000125051
25,70363,0,0.0,2972,1883,68480,0.010000000000123807
25,70388,0,0.0,2973,1883,68505,0.010000000000122576
50,70438,0,0.0,2974,1884,68554,0.010000000000121356
25,70463,0,0.0,2975,1884,68579,0.010000000000120149
25,70488,0,0.0,2976,1884,68604,0.010000000000118954
25,70513,0,0.0,2977,1884,68629,0.010000000000117769
25,70538,0,0.0,2978,1884,68654,0.010000000000116598
25,70563,0,0.0,2979,1884,68679,0.010000000000115437
25,70588,0,0.0,2980,1884,68704,0.010000000000114289
25,70613,0,0.0,2981,1885,68728,0.010000000000113151
25,70638,0,0.0,2982,1885,68753,0.010000000000112025
25,70663,0,0.0,2983,1885,68778,0.010000000000110911
25,70688,0,0.0,2984,1885,68803,0.010000000000109808
25,70713,0,0.0,2985,1885,68828,0.010000000000108715
25,70738,0,0.0,2986,1885,68853,0.010000000000107633
25,70763,0,0.0,2987,1885,68878,0.010000000000106563
25,70788,0,0.0,2988,1885,68903,0.010000000000105503
25,70813,0,0.0,2989,1885,68928,0.010000000000104451
25,70838,0,0.0,2990,1885,68953,0.010000000000103412
25,70863,0,0.0,2991,1885,68978,0.010000000000102384
25,70888,0,0.0,2992,1885,69003,0.010000000000101365
25,70913,0,0.0,2993,1885,69028,0.010000000000100356
25,70938,0,0.0,2994,1885,69053,0.010000000000099358
25,70963,0,0.0,2995,1886,69077,0.01000000000009837
25,70988,0,0.0,2996,1886,69102,0.010000000000097391
25,71013,0,0.0,2997,1886,69127,0.010000000000096421
25,71038,0,0.0,2998,1886,69152,0.010000000000095462
25,71063,0,0.0,2999,1886,69177,0.010000000000094511
25,71088,0,0.0,3000,1886,69202,0.010000000000093571
25,71113,0,0.0,3001,1887,69226,0.010000000000092641
25,71138,0,0.0,3002,1887,69251,0.010000000000091719
25,71163,0,0.0,3003,1887,69276,0.010000000000090806
23,71186,0,0.0,3004,1889,69297,0.010000000000089902
25,71211,0,0.0,3005,1889,69322,0.010000000000089009
25,71236,0,0.0,3006,1889,69347,0.010000000000088122
25,71261,0,0.0,3007,1889,69372,0.010000000000087246
25,71286,0,0.0,3008,1889,69397,0.010000000000086377
25,71311,0,0.0,3009,1889,69422,0.010000000000085519
25,71336,0,0.0,3010,1889,69447,0.010000000000084667
25,71361,0,0.0,3011,1889,69472,0.010000000000083826
25,71386,0,0.0,3012,1889,69497,0.010000000000082991
25,71411,0,0.0,3013,1889,69522,0.010000000000082165
25,71436,0,0.0,3014,1889,69547,0.010000000000081347
25,71461,0,0.0,3015,1889,69572,0.010000000000080538
25,71486,0,0.0,3016,1889,69597,0.010000000000079737
25,71511,0,0.0,3017,1889,69622,0.010000000000078944
25,71536,0,0.0,3018,1889,69647,0.010000000000078158
25,71561,0,0.0,3019,1889,69672,0.01000000000007738
25,71586,0,0.0,3020,1890,69696,0.01000000000007661
25,71611,0,0.0,3021,1890,69721,0.010000000000075848
25,71636,0,0.0,3022,1890,69746,0.010000000000075093
25,71661,0,0.0,3023,1890,69771,0.010000000000074345
25,71686,0,0.0,3024,1890,69796,0.010000000000073606
25,71711,0,0.0,3025,1890,69821,0.010000000000072874
25,71736,0,0.0,3026,1890,69846,0.010000000000072149
25,71761,0,0.0,3027,1890,69871,0.010000000000071431
25,71786,0,0.0,3028,1890,69896,0.01000000000007072
25,71811,0,0.0,3029,1890,69921,0.010000000000070017
25,71836,0,0.0,3030,1890,69946,0.01000000000006932
25,71861,0,0.0,3031,1890,69971,0.01000000000006863
25,71886,0,0.0,3032,1890,69996,0.010000000000067948
25,71911,0,0.0,3033,1890,70021,0.010000000000067271
25,71936,0,0.0,3034,1890,70046,0.010000000000066601
25,71961,0,0.0,3035,1890,70071,0.010000000000065939
25,71986,0,0.0,3036,1890,70096,0.010000000000065283
25,72011,0,0.0,3037,1890,70121,0.010000000000064633
25,72036,0,0.0,3038,1891,70145,0.01000000000006399
25,72061,0,0.0,3039,1891,70170,0.010000000000063354
25,72086,0,0.0,3040,1891,70195,0.010000000000062723
25,72111,0,0.0,3041,1891,70220,0.010000000000062098
25,72136,0,0.0,3042,1891,70245,0.01000000000006148
25,72161,0,0.0,3043,1891,70270,0.01000000000006087
25,72186,0,0.0,3044,1891,70295,0.010000000000060265
25,72211,0,0.0,3045,1891,70320,0.010000000000059664
25,72236,0,0.0,3046,1891,70345,0.010000000000059071
25,72261,0,0.0,3047,1892,70369,0.010000000000058483
25,72286,0,0.0,3048,1892,70394,0.0100000000000579
25,72311,0,0.0,3049,1893,70418,0.010000000000057324
25,72336,0,0.0,3050,1893,70443,0.010000000000056753
25,72361,0,0.0,3051,1893,70468,0.01000000000005619
25,72386,0,0.0,3052,1893,70493,0.010000000000055631
8,72394,0,0.0,3053,1894,70500,0.010000000000055078
25,72419,0,0.0,3054,1894,70525,0.01000000000005453
25,72444,0,0.0,3055,1894,70550,0.010000000000053987
9,72453,0,0.0,3056,1895,70558,0.010000000000053449
11,72464,0,0.0,3057,1896,70568,0.010000000000052918
25,72489,0,0.0,3058,1896,70593,0.01000000000005239
25,72514,0,0.0,3059,1896,70618,0.01000000000005187
25,72539,0,0.0,3060,1896,70643,0.010000000000051353
20,72559,0,0.0,3061,1897,70662,0.010000000000050843
25,72584,0,0.0,3062,1897,70687,0.010000000000050337
7,72591,0,0.0,3063,1898,70693,0.010000000000049835
25,72616,0,0.0,3064,1899,70717,0.01000000000004934
24,72640,0,0.0,3065,1900,70740,0.010000000000048848
25,72665,0,0.0,3066,1900,70765,0.010000000000048363
25,72690,0,0.0,3067,1901,70789,0.010000000000047882
25,72715,0,0.0,3068,1901,70814,0.010000000000047405
25,72740,0,0.0,3069,1903,70837,0.010000000000046933
25,72765,0,0.0,3070,1903,70862,0.010000000000046467
25,72790,0,0.0,3071,1903,70887,0.010000000000046003
25,72815,0,0.0,3072,1903,70912,0.010000000000045547
50,72865,0,0.0,3073,1904,70961,0.010000000000045093
25,72890,0,0.0,3074,1904,70986,0.010000000000044645
25,72915,0,0.0,3075,1906,71009,0.010000000000044201
25,72940,0,0.0,3076,1906,71034,0.01000000000004376
25,72965,0,0.0,3077,1906,71059,0.010000000000043325
25,72990,0,0.0,3078,1906,71084,0.010000000000042895
25,73015,0,0.0,3079,1906,71109,0.010000000000042468
25,73040,0,0.0,3080,1906,71134,0.010000000000042045
25,73065,0,0.0,3081,1906,71159,0.010000000000041627
25,73090,0,0.0,3082,1906,71184,0.010000000000041212
25,73115,0,0.0,3083,1906,71209,0.010000000000040803
25,73140,0,0.0,3084,1906,71234,0.010000000000040397
25,73165,0,0.0,3085,1907,71258,0.010000000000039994
25,73190,0,0.0,3086,1907,71283,0.010000000000039595
25,73215,0,0.0,3087,1907,71308,0.010000000000039201
25,73240,0,0.0,3088,1907,71333,0.010000000000038813
25,73265,0,0.0,3089,1907,71358,0.010000000000038426
25,73290,0,0.0,3090,1907,71383,0.010000000000038043
25,73315,0,0.0,3091,1907,71408,0.010000000000037665
25,73340,0,0.0,3092,1907,71433,0.01000000000003729
25,73365,0,0.0,3093,1908,71457,0.010000000000036919
25,73390,0,0.0,3094,1908,71482,0.010000000000036553
25,73415,0,0.0,3095,1908,71507,0.010000000000036188
50,73465,0,0.0,3096,1909,71556,0.010000000000035827
25,73490,0,0.0,3097,1909,71581,0.010000000000035472
25,73515,0,0.0,3098,1910,71605,0.010000000000035118
58,73573,0,0.0,3099,1912,71661,0.01000000000003477
25,73598,0,0.0,3100,1912,71686,0.010000000000034424
25,73623,0,0.0,3101,1912,71711,0.01000000000003408
25,73648,0,0.0,3102,1912,71736,0.010000000000033742
25,73673,0,0.0,3103,1912,71761,0.010000000000033406
25,73698,0,0.0,3104,1912,71786,0.010000000000033073
25,73723,0,0.0,3105,1912,71811,0.010000000000032745
25,73748,0,0.0,3106,1912,71836,0.010000000000032419
25,73773,0,0.0,3107,1912,71861,0.010000000000032096
25,73798,0,0.0,3108,1912,71886,0.010000000000031777
25,73823,0,0.0,3109,1912,71911,0.010000000000031461
25,73848,0,0.0,3110,1912,71936,0.010000000000031147
25,73873,0,0.0,3111,1912,71961,0.010000000000030838
25,73898,0,0.0,3112,1912,71986,0.010000000000030531
25,73923,0,0.0,3113,1912,72011,0.010000000000030228
25,73948,0,0.0,3114,1912,72036,0.010000000000029926
25,73973,0,0.0,3115,1912,72061,0.010000000000029628
25,73998,0,0.0,3116,1912,72086,0.010000000000029334
25,74023,0,0.0,3117,1912,72111,0.010000000000029041
25,74048,0,0.0,3118,1912,72136,0.010000000000028753
25,74073,0,0.0,3119,1912,72161,0.010000000000028467
25,74098,0,0.0,3120,1912,72186,0.010000000000028184
25,74123,0,0.0,3121,1912,72211,0.010000000000027903
25,74148,0,0.0,3122,1913,72235,0.010000000000027626
25,74173,0,0.0,3123,1913,72260,0.01000000000002735
25,74198,0,0.0,3124,1916,72282,0.010000000000027078
25,74223,0,0.0,3125,1916,72307,0.010000000000026809
25,74248,0,0.0,3126,1916,72332,0.010000000000026541
25,74273,0,0.0,3127,1916,72357,0.010000000000026278
25,74298,0,0.0,3128,1917,72381,0.010000000000026016
25,74323,0,0.0,3129,1917,72406,0.010000000000025757
25,74348,0,0.0,3130,1917,72431,0.0100000000000255
25,74373,0,0.0,3131,1917,72456,0.010000000000025247
25,74398,0,0.0,3132,1917,72481,0.010000000000024996
25,74423,0,0.0,3133,1917,72506,0.010000000000024748
25,74448,0,0.0,3134,1917,72531,0.010000000000024501
25,74473,0,0.0,3135,1918,72555,0.010000000000024257
25,74498,0,0.0,3136,1918,72580,0.010000000000024016
25,74523,0,0.0,3137,1919,72604,0.010000000000023778
25,74548,0,0.0,3138,1919,72629,0.01000000000002354
25,74573,0,0.0,3139,1919,72654,0.010000000000023306
25,74598,0,0.0,3140,1920,72678,0.010000000000023075
25,74623,0,0.0,3141,1920,72703,0.010000000000022845
25,74648,0,0.0,3142,1920,72728,0.010000000000022618
25,74673,0,0.0,3143,1920,72753,0.010000000000022392
25,74698,0,0.0,3144,1920,72778,0.01000000000002217
25,74723,0,0.0,3145,1920,72803,0.01000000000002195
25,74748,0,0.0,3146,1920,72828,0.010000000000021731
25,74773,0,0.0,3147,1921,72852,0.010000000000021514
25,74798,0,0.0,3148,1921,72877,0.010000000000021301
25,74823,0,0.0,3149,1921,72902,0.01000000000002109
25,74848,0,0.0,3150,1921,72927,0.01000000000002088
25,74873,0,0.0,3151,1922,72951,0.010000000000020671
25,74898,0,0.0,3152,1923,72975,0.010000000000020465
25,74923,0,0.0,3153,1923,73000,0.010000000000020262
25,74948,0,0.0,3154,1924,73024,0.01000000000002006
25,74973,0,0.0,3155,1924,73049,0.010000000000019861
25,74998,0,0.0,3156,1925,73073,0.010000000000019663
25,75023,0,0.0,3157,1925,73098,0.010000000000019467
25,75048,0,0.0,3158,1925,73123,0.010000000000019273
25,75073,0,0.0,3159,1926,73147,0.010000000000019082
25,75098,0,0.0,3160,1926,73172,0.010000000000018891
25,75123,0,0.0,3161,1926,73197,0.010000000000018704
25,75148,0,0.0,3162,1926,73222,0.010000000000018518
25,75173,0,0.0,3163,1928,73245,0.010000000000018335
25,75198,0,0.0,3164,1928,73270,0.01000000000001815
25,75223,0,0.0,3165,1928,73295,0.01000000000001797
25,75248,0,0.0,3166,1928,73320,0.010000000000017792
25,75273,0,0.0,3167,1928,73345,0.010000000000017615
25,75298,0,0.0,3168,1928,73370,0.01000000000001744
25,75323,0,0.0,3169,1928,73395,0.010000000000017266
25,75348,0,0.0,3170,1928,73420,0.010000000000017094
25,75373,0,0.0,3171,1928,73445,0.010000000000016924
25,75398,0,0.0,3172,1928,73470,0.010000000000016756
25,75423,0,0.0,3173,1928,73495,0.01000000000001659
25,75448,0,0.0,3174,1928,73520,0.010000000000016425
25,75473,0,0.0,3175,1928,73545,0.01000000000001626
25,75498,0,0.0,3176,1928,73570,0.010000000000016098
25,75523,0,0.0,3177,1928,73595,0.010000000000015939
25,75548,0,0.0,3178,1928,73620,0.01000000000001578
25,75573,0,0.0,3179,1929,73644,0.010000000000015623
25,75598,0,0.0,3180,1929,73669,0.010000000000015467
25,75623,0,0.0,3181,1929,73694,0.010000000000015314
25,75648,0,0.0,3182,1929,73719,0.010000000000015162
25,75673,0,0.0,3183,1929,73744,0.01000000000001501
25,75698,0,0.0,3184,1929,73769,0.010000000000014862
25,75723,0,0.0,3185,1929,73794,0.010000000000014712
8,75731,0,0.0,3186,1930,73801,0.010000000000014567
25,75756,0,0.0,3187,1931,73825,0.010000000000014421
25,75781,0,0.0,3188,1931,73850,0.010000000000014279
25,75806,0,0.0,3189,1931,73875,0.010000000000014136
25,75831,0,0.0,3190,1931,73900,0.010000000000013996
25,75856,0,0.0,3191,1931,73925,0.010000000000013857
25,75881,0,0.0,3192,1931,73950,0.010000000000013718
25,75906,0,0.0,3193,1931,73975,0.010000000000013581
25,75931,0,0.0,3194,1931,74000,0.010000000000013446
25,75956,0,0.0,3195,1931,74025,0.010000000000013312
25,75981,0,0.0,3196,1932,74049,0.01000000000001318
25,76006,0,0.0,3197,1932,74074,0.010000000000013049
25,76031,0,0.0,3198,1932,74099,0.010000000000012919
25,76056,0,0.0,3199,1932,74124,0.01000000000001279
25,76081,0,0.0,3200,1932,74149,0.010000000000012664
25,76106,0,0.0,3201,1932,74174,0.010000000000012537
25,76131,0,0.0,3202,1932,74199,0.010000000000012412
25,76156,0,0.0,3203,1932,74224,0.010000000000012289
50,76206,0,0.0,3204,1933,74273,0.010000000000012168
25,76231,0,0.0,3205,1933,74298,0.010000000000012046
25,76256,0,0.0,3206,1933,74323,0.010000000000011926
25,76281,0,0.0,3207,1933,74348,0.010000000000011808
25,76306,0,0.0,3208,1933,74373,0.01000000000001169
25,76331,0,0.0,3209,1934,74397,0.010000000000011574
25,76356,0,0.0,3210,1934,74422,0.010000000000011458
25,76381,0,0.0,3211,1934,74447,0.010000000000011345
25,76406,0,0.0,3212,1934,74472,0.010000000000011233
25,76431,0,0.0,3213,1934,74497,0.01000000000001112
25,76456,0,0.0,3214,1935,74521,0.010000000000011009
25,76481,0,0.0,3215,1935,74546,0.0100000000000109
25,76506,0,0.0,3216,1936,74570,0.010000000000010792
25,76531,0,0.0,3217,1936,74595,0.010000000000010684
25,76556,0,0.0,3218,1936,74620,0.010000000000010577
25,76581,0,0.0,3219,1936,74645,0.010000000000010473
25,76606,0,0.0,3220,1936,74670,0.010000000000010369
25,76631,0,0.0,3221,1936,74695,0.010000000000010265
25,76656,0,0.0,3222,1936,74720,0.010000000000010162
25,76681,0,0.0,3223,1936,74745,0.010000000000010062
25,76706,0,0.0,3224,1936,74770,0.010000000000009961
25,76731,0,0.0,3225,1936,74795,0.010000000000009862
25,76756,0,0.0,3226,1936,74820,0.010000000000009765
51,76807,0,0.0,3227,1938,74869,0.010000000000009668
25,76832,0,0.0,3228,1938,74894,0.01000000000000957
25,76857,0,0.0,3229,1938,74919,0.010000000000009475
25,76882,0,0.0,3230,1939,74943,0.010000000000009382
25,76907,0,0.0,3231,1939,74968,0.010000000000009288
25,76932,0,0.0,3232,1939,74993,0.010000000000009196
25,76957,0,0.0,3233,1939,75018,0.010000000000009104
25,76982,0,0.0,3234,1939,75043,0.010000000000009014
25,77007,0,0.0,3235,1939,75068,0.010000000000008924
25,77032,0,0.0,3236,1939,75093,0.010000000000008835
25,77057,0,0.0,3237,1939,75118,0.010000000000008747
25,77082,0,0.0,3238,1939,75143,0.01000000000000866
25,77107,0,0.0,3239,1939,75168,0.010000000000008575
25,77132,0,0.0,3240,1939,75193,0.010000000000008488
25,77157,0,0.0,3241,1939,75218,0.010000000000008405
25,77182,0,0.0,3242,1940,75242,0.01000000000000832
25,77207,0,0.0,3243,1941,75266,0.010000000000008238
25,77232,0,0.0,3244,1941,75291,0.010000000000008155
25,77257,0,0.0,3245,1941,75316,0.010000000000008075
25,77282,0,0.0,3246,1942,75340,0.010000000000007994
25,77307,0,0.0,3247,1942,75365,0.010000000000007916
25,77332,0,0.0,3248,1942,75390,0.010000000000007836
25,77357,0,0.0,3249,1942,75415,0.010000000000007758
25,77382,0,0.0,3250,1943,75439,0.010000000000007682
25,77407,0,0.0,3251,1943,75464,0.010000000000007605
50,77457,0,0.0,3252,1944,75513,0.010000000000007529
25,77482,0,0.0,3253,1944,75538,0.010000000000007454
25,77507,0,0.0,3254,1944,75563,0.01000000000000738
25,77532,0,0.0,3255,1945,75587,0.010000000000007307
25,77557,0,0.0,3256,1945,75612,0.010000000000007234
25,77582,0,0.0,3257,1945,75637,0.010000000000007161
25,77607,0,0.0,3258,1945,75662,0.01000000000000709
25,77632,0,0.0,3259,1946,75686,0.01000000000000702
25,77657,0,0.0,3260,1947,75710,0.01000000000000695
25,77682,0,0.0,3261,1947,75735,0.01000000000000688
25,77707,0,0.0,3262,1947,75760,0.010000000000006812
25,77732,0,0.0,3263,1947,75785,0.010000000000006745
25,77757,0,0.0,3264,1948,75809,0.010000000000006677
25,77782,0,0.0,3265,1948,75834,0.010000000000006611
25,77807,0,0.0,3266,1948,75859,0.010000000000006545
24,77831,0,0.0,3267,1949,75882,0.01000000000000648
25,77856,0,0.0,3268,1950,75906,0.010000000000006415
25,77881,0,0.0,3269,1950,75931,0.010000000000006353
25,77906,0,0.0,3270,1950,75956,0.010000000000006289
25,77931,0,0.0,3271,1950,75981,0.010000000000006226
25,77956,0,0.0,3272,1950,76006,0.010000000000006164
25,77981,0,0.0,3273,1950,76031,0.010000000000006103
25,78006,0,0.0,3274,1950,76056,0.010000000000006042
25,78031,0,0.0,3275,1951,76080,0.010000000000005982
25,78056,0,0.0,3276,1951,76105,0.010000000000005923
25,78081,0,0.0,3277,1951,76130,0.010000000000005864
25,78106,0,0.0,3278,1951,76155,0.010000000000005805
25,78131,0,0.0,3279,1951,76180,0.010000000000005747
3,78134,0,0.0,3280,1952,76182,0.01000000000000569
25,78159,0,0.0,3281,1952,76207,0.010000000000005633
25,78184,0,0.0,3282,1952,76232,0.010000000000005577
25,78209,0,0.0,3283,1952,76257,0.010000000000005522
25,78234,0,0.0,3284,1952,76282,0.010000000000005466
25,78259,0,0.0,3285,1952,76307,0.010000000000005413
25,78284,0,0.0,3286,1952,76332,0.010000000000005359
25,78309,0,0.0,3287,1952,76357,0.010000000000005305
25,78334,0,0.0,3288,1952,76382,0.010000000000005253
25,78359,0,0.0,3289,1952,76407,0.010000000000005201
25,78384,0,0.0,3290,1952,76432,0.010000000000005149
25,78409,0,0.0,3291,1952,76457,0.010000000000005097
25,78434,0,0.0,3292,1952,76482,0.010000000000005047
25,78459,0,0.0,3293,1952,76507,0.010000000000004996
25,78484,0,0.0,3294,1952,76532,0.010000000000004948
25,78509,0,0.0,3295,1952,76557,0.010000000000004897
25,78534,0,0.0,3296,1953,76581,0.010000000000004849
25,78559,0,0.0,3297,1953,76606,0.0100000000000048
25,78584,0,0.0,3298,1953,76631,0.010000000000004753
25,78609,0,0.0,3299,1953,76656,0.010000000000004707
25,78634,0,0.0,3300,1953,76681,0.01000000000000466
25,78659,0,0.0,3301,1954,76705,0.010000000000004613
25,78684,0,0.0,3302,1954,76730,0.010000000000004566
25,78709,0,0.0,3303,1954,76755,0.010000000000004521
25,78734,0,0.0,3304,1954,76780,0.010000000000004476
25,78759,0,0.0,3305,1954,76805,0.010000000000004432
25,78784,0,0.0,3306,1954,76830,0.010000000000004387
25,78809,0,0.0,3307,1954,76855,0.010000000000004344
25,78834,0,0.0,3308,1954,76880,0.0100000000000043
7,78841,0,0.0,3309,1955,76886,0.010000000000004257
25,78866,0,0.0,3310,1955,76911,0.010000000000004216
25,78891,0,0.0,3311,1955,76936,0.010000000000004174
25,78916,0,0.0,3312,1956,76960,0.010000000000004132
25,78941,0,0.0,3313,1956,76985,0.01000000000000409
25,78966,0,0.0,3314,1956,77010,0.01000000000000405
25,78991,0,0.0,3315,1956,77035,0.01000000000000401
25,79016,0,0.0,3316,1956,77060,0.01000000000000397
25,79041,0,0.0,3317,1956,77085,0.010000000000003931
25,79066,0,0.0,3318,1956,77110,0.010000000000003891
25,79091,0,0.0,3319,1957,77134,0.010000000000003853
25,79116,0,0.0,3320,1957,77159,0.010000000000003815
25,79141,0,0.0,3321,1957,77184,0.010000000000003777
25,79166,0,0.0,3322,1958,77208,0.010000000000003739
25,79191,0,0.0,3323,1958,77233,0.010000000000003702
25,79216,0,0.0,3324,1958,77258,0.010000000000003666
25,79241,0,0.0,3325,1959,77282,0.010000000000003628
51,79292,0,0.0,3326,1961,77331,0.010000000000003593
7,79299,0,0.0,3327,1962,77337,0.010000000000003556
25,79324,0,0.0,3328,1962,77362,0.010000000000003522
25,79349,0,0.0,3329,1962,77387,0.010000000000003485
25,79374,0,0.0,3330,1962,77412,0.01000000000000345
25,79399,0,0.0,3331,1962,77437,0.010000000000003418
25,79424,0,0.0,3332,1962,77462,0.010000000000003383
25,79449,0,0.0,3333,1962,77487,0.01000000000000335
25,79474,0,0.0,3334,1962,77512,0.010000000000003315
25,79499,0,0.0,3335,1962,77537,0.010000000000003282
25,79524,0,0.0,3336,1962,77562,0.010000000000003251
25,79549,0,0.0,3337,1962,77587,0.010000000000003218
25,79574,0,0.0,3338,1962,77612,0.010000000000003187
25,79599,0,0.0,3339,1963,77636,0.010000000000003154
25,79624,0,0.0,3340,1963,77661,0.010000000000003123
25,79649,0,0.0,3341,1963,77686,0.010000000000003091
25,79674,0,0.0,3342,1963,77711,0.010000000000003062
25,79699,0,0.0,3343,1963,77736,0.01000000000000303
20,79719,0,0.0,3344,1964,77755,0.010000000000003001
25,79744,0,0.0,3345,1964,77780,0.01000000000000297
25,79769,0,0.0,3346,1964,77805,0.01000000000000294
25,79794,0,0.0,3347,1964,77830,0.010000000000002911
25,79819,0,0.0,3348,1964,77855,0.010000000000002883
25,79844,0,0.0,3349,1964,77880,0.010000000000002854
23,79867,0,0.0,3350,1965,77902,0.010000000000002826
25,79892,0,0.0,3351,1965,77927,0.010000000000002798
25,79917,0,0.0,3352,1965,77952,0.01000000000000277
25,79942,0,0.0,3353,1965,77977,0.010000000000002743
25,79967,0,0.0,3354,1966,78001,0.010000000000002715
25,79992,0,0.0,3355,1966,78026,0.010000000000002687
25,80017,0,0.0,3356,1966,78051,0.010000000000002661
25,80042,0,0.0,3357,1966,78076,0.010000000000002635
25,80067,0,0.0,3358,1966,78101,0.01000000000000261
25,80092,0,0.0,3359,1966,78126,0.010000000000002583
25,80117,0,0.0,3360,1966,78151,0.010000000000002557
25,80142,0,0.0,3361,1966,78176,0.010000000000002531
25,80167,0,0.0,3362,1967,78200,0.010000000000002507
25,80192,0,0.0,3363,1967,78225,0.01000000000000248
25,80217,0,0.0,3364,1968,78249,0.010000000000002457
11,80228,0,0.0,3365,1969,78259,0.010000000000002432
25,80253,0,0.0,3366,1970,78283,0.010000000000002408
25,80278,0,0.0,3367,1970,78308,0.010000000000002384
25,80303,0,0.0,3368,1970,78333,0.010000000000002361
25,80328,0,0.0,3369,1970,78358,0.010000000000002337
25,80353,0,0.0,3370,1970,78383,0.010000000000002314
25,80378,0,0.0,3371,1970,78408,0.01000000000000229
25,80403,0,0.0,3372,1971,78432,0.010000000000002267
25,80428,0,0.0,3373,1971,78457,0.010000000000002245
25,80453,0,0.0,3374,1972,78481,0.010000000000002222
25,80478,0,0.0,3375,1972,78506,0.010000000000002202
25,80503,0,0.0,3376,1972,78531,0.010000000000002179
25,80528,0,0.0,3377,1973,78555,0.010000000000002156
25,80553,0,0.0,3378,1973,78580,0.010000000000002136
25,80578,0,0.0,3379,1973,78605,0.010000000000002115
25,80603,0,0.0,3380,1973,78630,0.010000000000002094
25,80628,0,0.0,3381,1973,78655,0.010000000000002073
25,80653,0,0.0,3382,1973,78680,0.010000000000002052
25,80678,0,0.0,3383,1973,78705,0.010000000000002032
25,80703,0,0.0,3384,1973,78730,0.01000000000000201
25,80728,0,0.0,3385,1973,78755,0.010000000000001992
25,80753,0,0.0,3386,1973,78780,0.01000000000000197
25,80778,0,0.0,3387,1973,78805,0.010000000000001952
25,80803,0,0.0,3388,1973,78830,0.010000000000001933
25,80828,0,0.0,3389,1973,78855,0.010000000000001914
25,80853,0,0.0,3390,1973,78880,0.010000000000001895
25,80878,0,0.0,3391,1974,78904,0.010000000000001875
25,80903,0,0.0,3392,1974,78929,0.010000000000001856
25,80928,0,0.0,3393,1974,78954,0.010000000000001839
25,80953,0,0.0,3394,1974,78979,0.01000000000000182
25,80978,0,0.0,3395,1974,79004,0.010000000000001803
25,81003,0,0.0,3396,1974,79029,0.010000000000001784
25,81028,0,0.0,3397,1974,79054,0.010000000000001766
25,81053,0,0.0,3398,1974,79079,0.010000000000001749
25,81078,0,0.0,3399,1974,79104,0.010000000000001731
25,81103,0,0.0,3400,1975,79128,0.010000000000001714
50,81153,0,0.0,3401,1976,79177,0.010000000000001697
25,81178,0,0.0,3402,1977,79201,0.01000000000000168
25,81203,0,0.0,3403,1977,79226,0.010000000000001664
25,81228,0,0.0,3404,1977,79251,0.010000000000001646
25,81253,0,0.0,3405,1977,79276,0.01000000000000163
25,81278,0,0.0,3406,1977,79301,0.010000000000001614
24,81302,0,0.0,3407,1978,79324,0.010000000000001598
25,81327,0,0.0,3408,1978,79349,0.010000000000001582
25,81352,0,0.0,3409,1978,79374,0.010000000000001567
25,81377,0,0.0,3410,1978,79399,0.010000000000001551
25,81402,0,0.0,3411,1978,79424,0.010000000000001535
25,81427,0,0.0,3412,1978,79449,0.01000000000000152
25,81452,0,0.0,3413,1978,79474,0.010000000000001506
25,81477,0,0.0,3414,1978,79499,0.01000000000000149
50,81527,0,0.0,3415,1979,79548,0.010000000000001475
25,81552,0,0.0,3416,1979,79573,0.01000000000000146
25,81577,0,0.0,3417,1979,79598,0.010000000000001445
25,81602,0,0.0,3418,1979,79623,0.010000000000001431
25,81627,0,0.0,3419,1979,79648,0.010000000000001417
25,81652,0,0.0,3420,1979,79673,0.010000000000001404
25,81677,0,0.0,3421,1980,79697,0.01000000000000139
25,81702,0,0.0,3422,1981,79721,0.010000000000001376
3,81705,0,0.0,3423,1982,79723,0.010000000000001362
25,81730,0,0.0,3424,1982,79748,0.010000000000001348
25,81755,0,0.0,3425,1982,79773,0.010000000000001334
25,81780,0,0.0,3426,1982,79798,0.010000000000001322
24,81804,0,0.0,3427,1983,79821,0.010000000000001308
25,81829,0,0.0,3428,1984,79845,0.010000000000001296
25,81854,0,0.0,3429,1984,79870,0.010000000000001282
25,81879,0,0.0,3430,1984,79895,0.01000000000000127
25,81904,0,0.0,3431,1984,79920,0.010000000000001258
25,81929,0,0.0,3432,1984,79945,0.010000000000001244
25,81954,0,0.0,3433,1984,79970,0.010000000000001232
25,81979,0,0.0,3434,1984,79995,0.01000000000000122
25,82004,0,0.0,3435,1984,80020,0.010000000000001208
25,82029,0,0.0,3436,1984,80045,0.010000000000001195
25,82054,0,0.0,3437,1984,80070,0.010000000000001183
25,82079,0,0.0,3438,1984,80095,0.010000000000001173
25,82104,0,0.0,3439,1984,80120,0.01000000000000116
25,82129,0,0.0,3440,1984,80145,0.010000000000001149
25,82154,0,0.0,3441,1985,80169,0.010000000000001138
25,82179,0,0.0,3442,1986,80193,0.010000000000001126
25,82204,0,0.0,3443,1986,80218,0.010000000000001116
25,82229,0,0.0,3444,1987,80242,0.010000000000001103
25,82254,0,0.0,3445,1988,80266,0.010000000000001093
25,82279,0,0.0,3446,1988,80291,0.010000000000001083
25,82304,0,0.0,3447,1989,80315,0.01000000000000107
25,82329,0,0.0,3448,1989,80340,0.01000000000000106
25,82354,0,0.0,3449,1989,80365,0.01000000000000105
25,82379,0,0.0,3450,1989,80390,0.01000000000000104
25,82404,0,0.0,3451,1990,80414,0.010000000000001029
25,82429,0,0.0,3452,1990,80439,0.010000000000001018
25,82454,0,0.0,3453,1990,80464,0.01000000000000101
25,82479,0,0.0,3454,1990,80489,0.010000000000001
25,82504,0,0.0,3455,1990,80514,0.010000000000000989
25,82529,0,0.0,3456,1991,80538,0.010000000000000979
25,82554,0,0.0,3457,1991,80563,0.01000000000000097
25,82579,0,0.0,3458,1991,80588,0.01000000000000096
25,82604,0,0.0,3459,1991,80613,0.01000000000000095
25,82629,0,0.0,3460,1991,80638,0.01000000000000094
25,82654,0,0.0,3461,1991,80663,0.010000000000000932
50,82704,0,0.0,3462,1992,80712,0.010000000000000921
7,82711,0,0.0,3463,1993,80718,0.010000000000000913
25,82736,0,0.0,3464,1993,80743,0.010000000000000904
25,82761,0,0.0,3465,1993,80768,0.010000000000000895
25,82786,0,0.0,3466,1993,80793,0.010000000000000887
25,82811,0,0.0,3467,1993,80818,0.010000000000000878
25,82836,0,0.0,3468,1993,80843,0.01000000000000087
25,82861,0,0.0,3469,1993,80868,0.01000000000000086
25,82886,0,0.0,3470,1993,80893,0.010000000000000852
20,82906,0,0.0,3471,1995,80911,0.010000000000000843
25,82931,0,0.0,3472,1995,80936,0.010000000000000835
25,82956,0,0.0,3473,1996,80960,0.010000000000000826
25,82981,0,0.0,3474,1996,80985,0.010000000000000817
25,83006,0,0.0,3475,1996,81010,0.01000000000000081
25,83031,0,0.0,3476,1996,81035,0.010000000000000802
25,83056,0,0.0,3477,1996,81060,0.010000000000000793
25,83081,0,0.0,3478,1996,81085,0.010000000000000786
25,83106,0,0.0,3479,1996,81110,0.010000000000000777
25,83131,0,0.0,3480,1996,81135,0.01000000000000077
25,83156,0,0.0,3481,1996,81160,0.010000000000000762
25,83181,0,0.0,3482,1996,81185,0.010000000000000755
25,83206,0,0.0,3483,1996,81210,0.010000000000000748
25,83231,0,0.0,3484,1996,81235,0.010000000000000741
25,83256,0,0.0,3485,1996,81260,0.010000000000000732
25,83281,0,0.0,3486,1997,81284,0.010000000000000725
25,83306,0,0.0,3487,1997,81309,0.010000000000000718
25,83331,0,0.0,3488,1997,81334,0.010000000000000711
25,83356,0,0.0,3489,1999,81357,0.010000000000000705
25,83381,0,0.0,3490,1999,81382,0.010000000000000698
25,83406,0,0.0,3491,1999,81407,0.01000000000000069
25,83431,0,0.0,3492,1999,81432,0.010000000000000684
25,83456,0,0.0,3493,1999,81457,0.010000000000000677
25,83481,0,0.0,3494,1999,81482,0.01000000000000067
9,83490,0,0.0,3495,2000,81490,0.010000000000000663
25,83515,0,0.0,3496,2000,81515,0.010000000000000656
25,83540,0,0.0,3497,2001,81539,0.01000000000000065
25,83565,0,0.0,3498,2001,81564,0.010000000000000644
25,83590,0,0.0,3499,2001,81589,0.010000000000000637
25,83615,0,0.0,3500,2001,81614,0.01000000000000063
25,83640,0,0.0,3501,2001,81639,0.010000000000000625
25,83665,0,0.0,3502,2001,81664,0.010000000000000618
25,83690,0,0.0,3503,2001,81689,0.010000000000000613
25,83715,0,0.0,3504,2002,81713,0.010000000000000606
25,83740,0,0.0,3505,2002,81738,0.0100000000000006
25,83765,0,0.0,3506,2002,81763,0.010000000000000593
25,83790,0,0.0,3507,2002,81788,0.010000000000000588
25,83815,0,0.0,3508,2002,81813,0.010000000000000583
3,83818,0,0.0,3509,2003,81815,0.010000000000000576
25,83843,0,0.0,3510,2003,81840,0.010000000000000571
25,83868,0,0.0,3511,2003,81865,0.010000000000000566
25,83893,0,0.0,3512,2003,81890,0.010000000000000559
25,83918,0,0.0,3513,2003,81915,0.010000000000000554
25,83943,0,0.0,3514,2004,81939,0.010000000000000548
25,83968,0,0.0,3515,2004,81964,0.010000000000000543
25,83993,0,0.0,3516,2004,81989,0.010000000000000538
25,84018,0,0.0,3517,2004,82014,0.010000000000000533
14,84032,0,0.0,3518,2005,82027,0.010000000000000528
25,84057,0,0.0,3519,2005,82052,0.010000000000000522
25,84082,0,0.0,3520,2005,82077,0.010000000000000517
25,84107,0,0.0,3521,2005,82102,0.010000000000000512
25,84132,0,0.0,3522,2005,82127,0.010000000000000507
14,84146,0,0.0,3523,2006,82140,0.010000000000000502
25,84171,0,0.0,3524,2006,82165,0.010000000000000496
25,84196,0,0.0,3525,2006,82190,0.010000000000000491
25,84221,0,0.0,3526,2006,82215,0.010000000000000486
25,84246,0,0.0,3527,2006,82240,0.01000000000000048
25,84271,0,0.0,3528,2006,82265,0.010000000000000477
25,84296,0,0.0,3529,2006,82290,0.010000000000000472
25,84321,0,0.0,3530,2006,82315,0.010000000000000467
25,84346,0,0.0,3531,2006,82340,0.010000000000000463
25,84371,0,0.0,3532,2007,82364,0.010000000000000458
25,84396,0,0.0,3533,2007,82389,0.010000000000000453
25,84421,0,0.0,3534,2007,82414,0.01000000000000045
24,84445,0,0.0,3535,2008,82437,0.010000000000000444
25,84470,0,0.0,3536,2008,82462,0.01000000000000044
25,84495,0,0.0,3537,2009,82486,0.010000000000000436
25,84520,0,0.0,3538,2009,82511,0.010000000000000432
25,84545,0,0.0,3539,2009,82536,0.010000000000000427
25,84570,0,0.0,3540,2010,82560,0.010000000000000423
25,84595,0,0.0,3541,2011,82584,0.010000000000000418
25,84620,0,0.0,3542,2013,82607,0.010000000000000415
25,84645,0,0.0,3543,2013,82632,0.01000000000000041
25,84670,0,0.0,3544,2013,82657,0.010000000000000406
25,84695,0,0.0,3545,2014,82681,0.010000000000000403
25,84720,0,0.0,3546,2014,82706,0.010000000000000397
25,84745,0,0.0,3547,2014,82731,0.010000000000000394
25,84770,0,0.0,3548,2014,82756,0.01000000000000039
25,84795,0,0.0,3549,2014,82781,0.010000000000000387
25,84820,0,0.0,3550,2014,82806,0.010000000000000382
25,84845,0,0.0,3551,2014,82831,0.010000000000000378
25,84870,0,0.0,3552,2014,82856,0.010000000000000375
25,84895,0,0.0,3553,2014,82881,0.010000000000000371
25,84920,0,0.0,3554,2014,82906,0.010000000000000368
25,84945,0,0.0,3555,2014,82931,0.010000000000000365
25,84970,0,0.0,3556,2014,82956,0.010000000000000361
25,84995,0,0.0,3557,2014,82981,0.010000000000000358
25,85020,0,0.0,3558,2014,83006,0.010000000000000352
4,85024,0,0.0,3559,2015,83009,0.010000000000000349
25,85049,0,0.0,3560,2015,83034,0.010000000000000345
25,85074,0,0.0,3561,2015,83059,0.010000000000000342
25,85099,0,0.0,3562,2015,83084,0.01000000000000034
25,85124,0,0.0,3563,2015,83109,0.010000000000000337
25,85149,0,0.0,3564,2015,83134,0.010000000000000333
25,85174,0,0.0,3565,2015,83159,0.01000000000000033
25,85199,0,0.0,3566,2015,83184,0.010000000000000326
25,85224,0,0.0,3567,2016,83208,0.010000000000000323
25,85249,0,0.0,3568,2016,83233,0.01000000000000032
25,85274,0,0.0,3569,2016,83258,0.010000000000000316
25,85299,0,0.0,3570,2016,83283,0.010000000000000312
25,85324,0,0.0,3571,2016,83308,0.01000000000000031
25,85349,0,0.0,3572,2016,83333,0.010000000000000307
25,85374,0,0.0,3573,2016,83358,0.010000000000000304
25,85399,0,0.0,3574,2016,83383,0.0100000000000003
25,85424,0,0.0,3575,2016,83408,0.010000000000000299
25,85449,0,0.0,3576,2016,83433,0.010000000000000295
25,85474,0,0.0,3577,2017,83457,0.010000000000000292
25,85499,0,0.0,3578,2017,83482,0.01000000000000029
25,85524,0,0.0,3579,2017,83507,0.010000000000000286
25,85549,0,0.0,3580,2017,83532,0.010000000000000283
25,85574,0,0.0,3581,2018,83556,0.010000000000000281
25,85599,0,0.0,3582,2018,83581,0.010000000000000278
25,85624,0,0.0,3583,2018,83606,0.010000000000000274
25,85649,0,0.0,3584,2019,83630,0.010000000000000273
25,85674,0,0.0,3585,2019,83655,0.010000000000000269
25,85699,0,0.0,3586,2019,83680,0.010000000000000267
4,85703,0,0.0,3587,2020,83683,0.010000000000000264
25,85728,0,0.0,3588,2020,83708,0.010000000000000262
25,85753,0,0.0,3589,2020,83733,0.010000000000000259
25,85778,0,0.0,3590,2020,83758,0.010000000000000257
25,85803,0,0.0,3591,2020,83783,0.010000000000000253
25,85828,0,0.0,3592,2020,83808,0.010000000000000252
25,85853,0,0.0,3593,2020,83833,0.010000000000000248
25,85878,0,0.0,3594,2020,83858,0.010000000000000247
25,85903,0,0.0,3595,2020,83883,0.010000000000000245
25,85928,0,0.0,3596,2021,83907,0.010000000000000241
25,85953,0,0.0,3597,2021,83932,0.01000000000000024
25,85978,0,0.0,3598,2021,83957,0.010000000000000236
25,86003,0,0.0,3599,2021,83982,0.010000000000000234
25,86028,0,0.0,3600,2021,84007,0.010000000000000233
25,86053,0,0.0,3601,2021,84032,0.01000000000000023
25,86078,0,0.0,3602,2022,84056,0.010000000000000227
25,86103,0,0.0,3603,2022,84081,0.010000000000000226
25,86128,0,0.0,3604,2022,84106,0.010000000000000222
25,86153,0,0.0,3605,2023,84130,0.01000000000000022
25,86178,0,0.0,3606,2023,84155,0.010000000000000219
25,86203,0,0.0,3607,2023,84180,0.010000000000000217
25,86228,0,0.0,3608,2024,84204,0.010000000000000214
25,86253,0,0.0,3609,2024,84229,0.010000000000000212
25,86278,0,0.0,3610,2024,84254,0.01000000000000021
25,86303,0,0.0,3611,2024,84279,0.010000000000000208
25,86328,0,0.0,3612,2024,84304,0.010000000000000207
25,86353,0,0.0,3613,2024,84329,0.010000000000000203
25,86378,0,0.0,3614,2024,84354,0.010000000000000201
25,86403,0,0.0,3615,2025,84378,0.0100000000000002
25,86428,0,0.0,3616,2025,84403,0.010000000000000198
25,86453,0,0.0,3617,2025,84428,0.010000000000000196
25,86478,0,0.0,3618,2025,84453,0.010000000000000194
25,86503,0,0.0,3619,2025,84478,0.010000000000000193
20,86523,0,0.0,3620,2026,84497,0.01000000000000019
25,86548,0,0.0,3621,2026,84522,0.010000000000000188
25,86573,0,0.0,3622,2026,84547,0.010000000000000186
25,86598,0,0.0,3623,2026,84572,0.010000000000000184
25,86623,0,0.0,3624,2026,84597,0.010000000000000182
25,86648,0,0.0,3625,2026,84622,0.01000000000000018
25,86673,0,0.0,3626,2026,84647,0.010000000000000179
25,86698,0,0.0,3627,2026,84672,0.010000000000000177
25,86723,0,0.0,3628,2026,84697,0.010000000000000175
25,86748,0,0.0,3629,2026,84722,0.010000000000000174
25,86773,0,0.0,3630,2026,84747,0.010000000000000172
25,86798,0,0.0,3631,2026,84772,0.01000000000000017
25,86823,0,0.0,3632,2026,84797,0.010000000000000168
25,86848,0,0.0,3633,2026,84822,0.010000000000000167
25,86873,0,0.0,3634,2026,84847,0.010000000000000165
25,86898,0,0.0,3635,2027,84871,0.010000000000000163
14,86912,0,0.0,3636,2029,84883,0.010000000000000162
25,86937,0,0.0,3637,2029,84908,0.01000000000000016
25,86962,0,0.0,3638,2029,84933,0.010000000000000158
25,86987,0,0.0,3639,2029,84958,0.010000000000000158
25,87012,0,0.0,3640,2029,84983,0.010000000000000156
3,87015,0,0.0,3641,2030,84985,0.010000000000000155
25,87040,0,0.0,3642,2030,85010,0.010000000000000153
8,87048,0,0.0,3643,2031,85017,0.010000000000000151
25,87073,0,0.0,3644,2031,85042,0.01000000000000015
25,87098,0,0.0,3645,2031,85067,0.010000000000000148
25,87123,0,0.0,3646,2031,85092,0.010000000000000146
25,87148,0,0.0,3647,2031,85117,0.010000000000000146
25,87173,0,0.0,3648,2031,85142,0.010000000000000144
25,87198,0,0.0,3649,2032,85166,0.010000000000000142
25,87223,0,0.0,3650,2032,85191,0.01000000000000014
25,87248,0,0.0,3651,2032,85216,0.010000000000000139
25,87273,0,0.0,3652,2032,85241,0.010000000000000137
25,87298,0,0.0,3653,2032,85266,0.010000000000000137
25,87323,0,0.0,3654,2032,85291,0.010000000000000136
25,87348,0,0.0,3655,2032,85316,0.010000000000000134
25,87373,0,0.0,3656,2033,85340,0.010000000000000132
25,87398,0,0.0,3657,2033,85365,0.010000000000000132
25,87423,0,0.0,3658,2034,85389,0.01000000000000013
50,87473,0,0.0,3659,2035,85438,0.010000000000000129
25,87498,0,0.0,3660,2036,85462,0.010000000000000127
25,87523,0,0.0,3661,2036,85487,0.010000000000000127
25,87548,0,0.0,3662,2036,85512,0.010000000000000125
25,87573,0,0.0,3663,2036,85537,0.010000000000000123
25,87598,0,0.0,3664,2036,85562,0.010000000000000123
25,87623,0,0.0,3665,2036,85587,0.010000000000000122
25,87648,0,0.0,3666,2037,85611,0.01000000000000012
25,87673,0,0.0,3667,2037,85636,0.010000000000000118
25,87698,0,0.0,3668,2037,85661,0.010000000000000118
25,87723,0,0.0,3669,2037,85686,0.010000000000000116
25,87748,0,0.0,3670,2037,85711,0.010000000000000115
25,87773,0,0.0,3671,2037,85736,0.010000000000000115
25,87798,0,0.0,3672,2037,85761,0.010000000000000113
25,87823,0,0.0,3673,2037,85786,0.010000000000000111
25,87848,0,0.0,3674,2037,85811,0.010000000000000111
25,87873,0,0.0,3675,2037,85836,0.01000000000000011
25,87898,0,0.0,3676,2037,85861,0.01000000000000011
25,87923,0,0.0,3677,2037,85886,0.010000000000000108
25,87948,0,0.0,3678,2037,85911,0.010000000000000106
25,87973,0,0.0,3679,2037,85936,0.010000000000000106
25,87998,0,0.0,3680,2038,85960,0.010000000000000104
25,88023,0,0.0,3681,2038,85985,0.010000000000000103
25,88048,0,0.0,3682,2038,86010,0.010000000000000103
25,88073,0,0.0,3683,2038,86035,0.0100000000000001
25,88098,0,0.0,3684,2038,86060,0.0100000000000001
25,88123,0,0.0,3685,2039,86084,0.010000000000000099
25,88148,0,0.0,3686,2039,86109,0.010000000000000099
25,88173,0,0.0,3687,2039,86134,0.010000000000000097
25,88198,0,0.0,3688,2039,86159,0.010000000000000096
25,88223,0,0.0,3689,2039,86184,0.010000000000000096
25,88248,0,0.0,3690,2039,86209,0.010000000000000094
25,88273,0,0.0,3691,2039,86234,0.010000000000000094
25,88298,0,0.0,3692,2039,86259,0.010000000000000092
25,88323,0,0.0,3693,2039,86284,0.010000000000000092
25,88348,0,0.0,3694,2039,86309,0.01000000000000009
25,88373,0,0.0,3695,2039,86334,0.01000000000000009
25,88398,0,0.0,3696,2039,86359,0.010000000000000089
25,88423,0,0.0,3697,2039,86384,0.010000000000000089
25,88448,0,0.0,3698,2039,86409,0.010000000000000087
25,88473,0,0.0,3699,2039,86434,0.010000000000000087
25,88498,0,0.0,3700,2039,86459,0.010000000000000085
25,88523,0,0.0,3701,2039,86484,0.010000000000000085
25,88548,0,0.0,3702,2039,86509,0.010000000000000083
25,88573,0,0.0,3703,2040,86533,0.010000000000000083
25,88598,0,0.0,3704,2040,86558,0.010000000000000082
25,88623,0,0.0,3705,2040,86583,0.010000000000000082
11,88634,0,0.0,3706,2041,86593,0.01000000000000008
25,88659,0,0.0,3707,2041,86618,0.01000000000000008
24,88683,0,0.0,3708,2042,86641,0.010000000000000078
25,88708,0,0.0,3709,2042,86666,0.010000000000000078
50,88758,0,0.0,3710,2043,86715,0.010000000000000078
25,88783,0,0.0,3711,2044,86739,0.010000000000000077
25,88808,0,0.0,3712,2046,86762,0.010000000000000077
25,88833,0,0.0,3713,2046,86787,0.010000000000000075
25,88858,0,0.0,3714,2046,86812,0.010000000000000075
25,88883,0,0.0,3715,2046,86837,0.010000000000000073
25,88908,0,0.0,3716,2046,86862,0.010000000000000073
25,88933,0,0.0,3717,2046,86887,0.010000000000000071
25,88958,0,0.0,3718,2046,86912,0.010000000000000071
25,88983,0,0.0,3719,2046,86937,0.010000000000000071
25,89008,0,0.0,3720,2047,86961,0.01000000000000007
25,89033,0,0.0,3721,2047,86986,0.01000000000000007
25,89058,0,0.0,3722,2047,87011,0.010000000000000068
25,89083,0,0.0,3723,2047,87036,0.010000000000000068
25,89108,0,0.0,3724,2047,87061,0.010000000000000068
25,89133,0,0.0,3725,2047,87086,0.010000000000000066
25,89158,0,0.0,3726,2047,87111,0.010000000000000066
25,89183,0,0.0,3727,2047,87136,0.010000000000000066
25,89208,0,0.0,3728,2047,87161,0.010000000000000064
25,89233,0,0.0,3729,2047,87186,0.010000000000000064
25,89258,0,0.0,3730,2047,87211,0.010000000000000063
9,89267,0,0.0,3731,2048,87219,0.010000000000000063
25,89292,0,0.0,3732,2048,87244,0.010000000000000063
25,89317,0,0.0,3733,2048,87269,0.010000000000000061
25,89342,0,0.0,3734,2048,87294,0.010000000000000061
25,89367,0,0.0,3735,2048,87319,0.010000000000000061
25,89392,0,0.0,3736,2048,87344,0.01000000000000006
25,89417,0,0.0,3737,2048,87369,0.01000000000000006
47,89464,0,0.0,3738,2050,87414,0.01000000000000006
25,89489,0,0.0,3739,2050,87439,0.010000000000000057
25,89514,0,0.0,3740,2050,87464,0.010000000000000057
25,89539,0,0.0,3741,2050,87489,0.010000000000000057
25,89564,0,0.0,3742,2051,87513,0.010000000000000056
25,89589,0,0.0,3743,2051,87538,0.010000000000000056
25,89614,0,0.0,3744,2051,87563,0.010000000000000056
25,89639,0,0.0,3745,2051,87588,0.010000000000000054
25,89664,0,0.0,3746,2051,87613,0.010000000000000054
25,89689,0,0.0,3747,2051,87638,0.010000000000000054
3,89692,0,0.0,3748,2052,87640,0.010000000000000052
25,89717,0,0.0,3749,2052,87665,0.010000000000000052
25,89742,0,0.0,3750,2052,87690,0.010000000000000052
25,89767,0,0.0,3751,2052,87715,0.010000000000000052
25,89792,0,0.0,3752,2052,87740,0.01000000000000005
25,89817,0,0.0,3753,2052,87765,0.01000000000000005
25,89842,0,0.0,3754,2052,87790,0.01000000000000005
25,89867,0,0.0,3755,2052,87815,0.010000000000000049
25,89892,0,0.0,3756,2052,87840,0.010000000000000049
25,89917,0,0.0,3757,2052,87865,0.010000000000000049
25,89942,0,0.0,3758,2052,87890,0.010000000000000049
25,89967,0,0.0,3759,2052,87915,0.010000000000000047
25,89992,0,0.0,3760,2052,87940,0.010000000000000047
25,90017,0,0.0,3761,2052,87965,0.010000000000000047
25,90042,0,0.0,3762,2054,87988,0.010000000000000045
25,90067,0,0.0,3763,2054,88013,0.010000000000000045
25,90092,0,0.0,3764,2054,88038,0.010000000000000045
25,90117,0,0.0,3765,2054,88063,0.010000000000000045
25,90142,0,0.0,3766,2054,88088,0.010000000000000044
25,90167,0,0.0,3767,2054,88113,0.010000000000000044
25,90192,0,0.0,3768,2054,88138,0.010000000000000044
25,90217,0,0.0,3769,2054,88163,0.010000000000000044
25,90242,0,0.0,3770,2054,88188,0.010000000000000042
25,90267,0,0.0,3771,2054,88213,0.010000000000000042
25,90292,0,0.0,3772,2054,88238,0.010000000000000042
25,90317,0,0.0,3773,2055,88262,0.010000000000000042
25,90342,0,0.0,3774,2055,88287,0.01000000000000004
25,90367,0,0.0,3775,2055,88312,0.01000000000000004
25,90392,0,0.0,3776,2055,88337,0.01000000000000004
25,90417,0,0.0,3777,2055,88362,0.01000000000000004
25,90442,0,0.0,3778,2055,88387,0.01000000000000004
25,90467,0,0.0,3779,2055,88412,0.010000000000000038
25,90492,0,0.0,3780,2055,88437,0.010000000000000038
25,90517,0,0.0,3781,2055,88462,0.010000000000000038
25,90542,0,0.0,3782,2055,88487,0.010000000000000038
25,90567,0,0.0,3783,2055,88512,0.010000000000000037
25,90592,0,0.0,3784,2055,88537,0.010000000000000037
24,90616,0,0.0,3785,2056,88560,0.010000000000000037
50,90666,0,0.0,3786,2057,88609,0.010000000000000037
25,90691,0,0.0,3787,2057,88634,0.010000000000000037
25,90716,0,0.0,3788,2057,88659,0.010000000000000035
23,90739,0,0.0,3789,2058,88681,0.010000000000000035
25,90764,0,0.0,3790,2058,88706,0.010000000000000035
25,90789,0,0.0,3791,2058,88731,0.010000000000000035
25,90814,0,0.0,3792,2058,88756,0.010000000000000035
25,90839,0,0.0,3793,2058,88781,0.010000000000000033
25,90864,0,0.0,3794,2058,88806,0.010000000000000033
3,90867,0,0.0,3795,2059,88808,0.010000000000000033
25,90892,0,0.0,3796,2059,88833,0.010000000000000033
25,90917,0,0.0,3797,2059,88858,0.010000000000000033
12,90929,0,0.0,3798,2060,88869,0.010000000000000031
25,90954,0,0.0,3799,2060,88894,0.010000000000000031
25,90979,0,0.0,3800,2060,88919,0.010000000000000031
25,91004,0,0.0,3801,2060,88944,0.010000000000000031
25,91029,0,0.0,3802,2060,88969,0.010000000000000031
25,91054,0,0.0,3803,2060,88994,0.010000000000000031
25,91079,0,0.0,3804,2060,89019,0.01000000000000003
25,91104,0,0.0,3805,2060,89044,0.01000000000000003
25,91129,0,0.0,3806,2061,89068,0.01000000000000003
25,91154,0,0.0,3807,2061,89093,0.01000000000000003
25,91179,0,0.0,3808,2061,89118,0.01000000000000003
25,91204,0,0.0,3809,2061,89143,0.01000000000000003
25,91229,0,0.0,3810,2061,89168,0.010000000000000028
25,91254,0,0.0,3811,2061,89193,0.010000000000000028
25,91279,0,0.0,3812,2061,89218,0.010000000000000028
25,91304,0,0.0,3813,2061,89243,0.010000000000000028
25,91329,0,0.0,3814,2061,89268,0.010000000000000028
25,91354,0,0.0,3815,2061,89293,0.010000000000000028
25,91379,0,0.0,3816,2061,89318,0.010000000000000026
25,91404,0,0.0,3817,2061,89343,0.010000000000000026
25,91429,0,0.0,3818,2062,89367,0.010000000000000026
25,91454,0,0.0,3819,2062,89392,0.010000000000000026
4,91458,0,0.0,3820,2063,89395,0.010000000000000026
25,91483,0,0.0,3821,2063,89420,0.010000000000000026
25,91508,0,0.0,3822,2063,89445,0.010000000000000026
25,91533,0,0.0,3823,2063,89470,0.010000000000000024
25,91558,0,0.0,3824,2063,89495,0.010000000000000024
25,91583,0,0.0,3825,2063,89520,0.010000000000000024
25,91608,0,0.0,3826,2063,89545,0.010000000000000024
25,91633,0,0.0,3827,2063,89570,0.010000000000000024
25,91658,0,0.0,3828,2063,89595,0.010000000000000024
25,91683,0,0.0,3829,2063,89620,0.010000000000000024
25,91708,0,0.0,3830,2063,89645,0.010000000000000023
25,91733,0,0.0,3831,2063,89670,0.010000000000000023
25,91758,0,0.0,3832,2063,89695,0.010000000000000023
25,91783,0,0.0,3833,2063,89720,0.010000000000000023
25,91808,0,0.0,3834,2063,89745,0.010000000000000023
25,91833,0,0.0,3835,2063,89770,0.010000000000000023
25,91858,0,0.0,3836,2063,89795,0.010000000000000023
25,91883,0,0.0,3837,2063,89820,0.010000000000000021
25,91908,0,0.0,3838,2064,89844,0.010000000000000021
25,91933,0,0.0,3839,2064,89869,0.010000000000000021
25,91958,0,0.0,3840,2064,89894,0.010000000000000021
25,91983,0,0.0,3841,2064,89919,0.010000000000000021
25,92008,0,0.0,3842,2064,89944,0.010000000000000021
25,92033,0,0.0,3843,2065,89968,0.010000000000000021
25,92058,0,0.0,3844,2065,89993,0.010000000000000021
25,92083,0,0.0,3845,2065,90018,0.010000000000000021
25,92108,0,0.0,3846,2065,90043,0.01000000000000002
25,92133,0,0.0,3847,2065,90068,0.01000000000000002
25,92158,0,0.0,3848,2065,90093,0.01000000000000002
25,92183,0,0.0,3849,2065,90118,0.01000000000000002
25,92208,0,0.0,3850,2065,90143,0.01000000000000002
25,92233,0,0.0,3851,2065,90168,0.01000000000000002
25,92258,0,0.0,3852,2066,90192,0.01000000000000002
25,92283,0,0.0,3853,2066,90217,0.01000000000000002
25,92308,0,0.0,3854,2066,90242,0.01000000000000002
25,92333,0,0.0,3855,2066,90267,0.010000000000000018
25,92358,0,0.0,3856,2067,90291,0.010000000000000018
25,92383,0,0.0,3857,2067,90316,0.010000000000000018
25,92408,0,0.0,3858,2067,90341,0.010000000000000018
25,92433,0,0.0,3859,2067,90366,0.010000000000000018
25,92458,0,0.0,3860,2067,90391,0.010000000000000018
25,92483,0,0.0,3861,2067,90416,0.010000000000000018
25,92508,0,0.0,3862,2067,90441,0.010000000000000018
25,92533,0,0.0,3863,2067,90466,0.010000000000000018
25,92558,0,0.0,3864,2067,90491,0.010000000000000018
25,92583,0,0.0,3865,2069,90514,0.010000000000000016
25,92608,0,0.0,3866,2069,90539,0.010000000000000016
25,92633,0,0.0,3867,2069,90564,0.010000000000000016
25,92658,0,0.0,3868,2069,90589,0.010000000000000016
25,92683,0,0.0,3869,2069,90614,0.010000000000000016
25,92708,0,0.0,3870,2069,90639,0.010000000000000016
25,92733,0,0.0,3871,2069,90664,0.010000000000000016
25,92758,0,0.0,3872,2069,90689,0.010000000000000016
25,92783,0,0.0,3873,2069,90714,0.010000000000000016
25,92808,0,0.0,3874,2070,90738,0.010000000000000016
25,92833,0,0.0,3875,2070,90763,0.010000000000000016
25,92858,0,0.0,3876,2070,90788,0.010000000000000014
25,92883,0,0.0,3877,2070,90813,0.010000000000000014
25,92908,0,0.0,3878,2070,90838,0.010000000000000014
25,92933,0,0.0,3879,2070,90863,0.010000000000000014
6,92939,0,0.0,3880,2071,90868,0.010000000000000014
25,92964,0,0.0,3881,2071,90893,0.010000000000000014
25,92989,0,0.0,3882,2071,90918,0.010000000000000014
25,93014,0,0.0,3883,2071,90943,0.010000000000000014
25,93039,0,0.0,3884,2071,90968,0.010000000000000014
25,93064,0,0.0,3885,2072,90992,0.010000000000000014
25,93089,0,0.0,3886,2072,91017,0.010000000000000014
25,93114,0,0.0,3887,2073,91041,0.010000000000000014
25,93139,0,0.0,3888,2073,91066,0.010000000000000014
25,93164,0,0.0,3889,2073,91091,0.010000000000000012
25,93189,0,0.0,3890,2073,91116,0.010000000000000012
25,93214,0,0.0,3891,2073,91141,0.010000000000000012
2,93216,0,0.0,3892,2074,91142,0.010000000000000012
25,93241,0,0.0,3893,2074,91167,0.010000000000000012
25,93266,0,0.0,3894,2074,91192,0.010000000000000012
25,93291,0,0.0,3895,2074,91217,0.010000000000000012
25,93316,0,0.0,3896,2074,91242,0.010000000000000012
25,93341,0,0.0,3897,2074,91267,0.010000000000000012
25,93366,0,0.0,3898,2074,91292,0.010000000000000012
25,93391,0,0.0,3899,2074,91317,0.010000000000000012
25,93416,0,0.0,3900,2074,91342,0.010000000000000012
25,93441,0,0.0,3901,2074,91367,0.010000000000000012
25,93466,0,0.0,3902,2074,91392,0.010000000000000012
25,93491,0,0.0,3903,2074,91417,0.01000000000000001
25,93516,0,0.0,3904,2075,91441,0.01000000000000001
25,93541,0,0.0,3905,2075,91466,0.01000000000000001
25,93566,0,0.0,3906,2075,91491,0.01000000000000001
25,93591,0,0.0,3907,2076,91515,0.01000000000000001
25,93616,0,0.0,3908,2077,91539,0.01000000000000001
25,93641,0,0.0,3909,2077,91564,0.01000000000000001
25,93666,0,0.0,3910,2077,91589,0.01000000000000001
51,93717,0,0.0,3911,2079,91638,0.01000000000000001
25,93742,0,0.0,3912,2079,91663,0.01000000000000001
25,93767,0,0.0,3913,2079,91688,0.01000000000000001
25,93792,0,0.0,3914,2079,91713,0.01000000000000001
25,93817,0,0.0,3915,2079,91738,0.01000000000000001
25,93842,0,0.0,3916,2079,91763,0.01000000000000001
25,93867,0,0.0,3917,2079,91788,0.01000000000000001
25,93892,0,0.0,3918,2079,91813,0.01000000000000001
50,93942,0,0.0,3919,2081,91861,0.01000000000000001
25,93967,0,0.0,3920,2081,91886,0.010000000000000009
25,93992,0,0.0,3921,2081,91911,0.010000000000000009
25,94017,0,0.0,3922,2081,91936,0.010000000000000009
25,94042,0,0.0,3923,2081,91961,0.010000000000000009
25,94067,0,0.0,3924,2081,91986,0.010000000000000009
25,94092,0,0.0,3925,2081,92011,0.010000000000000009
25,94117,0,0.0,3926,2082,92035,0.010000000000000009
25,94142,0,0.0,3927,2082,92060,0.010000000000000009
25,94167,0,0.0,3928,2082,92085,0.010000000000000009
25,94192,0,0.0,3929,2082,92110,0.010000000000000009
25,94217,0,0.0,3930,2082,92135,0.010000000000000009
25,94242,0,0.0,3931,2082,92160,0.010000000000000009
25,94267,0,0.0,3932,2082,92185,0.010000000000000009
25,94292,0,0.0,3933,2082,92210,0.010000000000000009
25,94317,0,0.0,3934,2082,92235,0.010000000000000009
25,94342,0,0.0,3935,2082,92260,0.010000000000000009
25,94367,0,0.0,3936,2082,92285,0.010000000000000009
25,94392,0,0.0,3937,2082,92310,0.010000000000000009
25,94417,0,0.0,3938,2082,92335,0.010000000000000009
25,94442,0,0.0,3939,2082,92360,0.010000000000000009
25,94467,0,0.0,3940,2083,92384,0.010000000000000007
25,94492,0,0.0,3941,2083,92409,0.010000000000000007
25,94517,0,0.0,3942,2083,92434,0.010000000000000007
25,94542,0,0.0,3943,2083,92459,0.010000000000000007
25,94567,0,0.0,3944,2084,92483,0.010000000000000007
25,94592,0,0.0,3945,2084,92508,0.010000000000000007
25,94617,0,0.0,3946,2084,92533,0.010000000000000007
25,94642,0,0.0,3947,2084,92558,0.010000000000000007
25,94667,0,0.0,3948,2084,92583,0.010000000000000007
25,94692,0,0.0,3949,2084,92608,0.010000000000000007
25,94717,0,0.0,3950,2085,92632,0.010000000000000007
25,94742,0,0.0,3951,2085,92657,0.010000000000000007
25,94767,0,0.0,3952,2085,92682,0.010000000000000007
25,94792,0,0.0,3953,2086,92706,0.010000000000000007
25,94817,0,0.0,3954,2086,92731,0.010000000000000007
25,94842,0,0.0,3955,2086,92756,0.010000000000000007
25,94867,0,0.0,3956,2086,92781,0.010000000000000007
25,94892,0,0.0,3957,2086,92806,0.010000000000000007
25,94917,0,0.0,3958,2087,92830,0.010000000000000007
25,94942,0,0.0,3959,2088,92854,0.010000000000000007
25,94967,0,0.0,3960,2088,92879,0.010000000000000007
25,94992,0,0.0,3961,2088,92904,0.010000000000000007
20,95012,0,0.0,3962,2089,92923,0.010000000000000007
25,95037,0,0.0,3963,2090,92947,0.010000000000000007
25,95062,0,0.0,3964,2090,92972,0.010000000000000007
25,95087,0,0.0,3965,2090,92997,0.010000000000000005
25,95112,0,0.0,3966,2090,93022,0.010000000000000005
13,95125,0,0.0,3967,2091,93034,0.010000000000000005
25,95150,0,0.0,3968,2091,93059,0.010000000000000005
25,95175,0,0.0,3969,2091,93084,0.010000000000000005
25,95200,0,0.0,3970,2091,93109,0.010000000000000005
25,95225,0,0.0,3971,2091,93134,0.010000000000000005
25,95250,0,0.0,3972,2091,93159,0.010000000000000005
25,95275,0,0.0,3973,2091,93184,0.010000000000000005
25,95300,0,0.0,3974,2091,93209,0.010000000000000005
25,95325,0,0.0,3975,2091,93234,0.010000000000000005
25,95350,0,0.0,3976,2091,93259,0.010000000000000005
25,95375,0,0.0,3977,2091,93284,0.010000000000000005
25,95400,0,0.0,3978,2091,93309,0.010000000000000005
25,95425,0,0.0,3979,2091,93334,0.010000000000000005
25,95450,0,0.0,3980,2091,93359,0.010000000000000005
25,95475,0,0.0,3981,2091,93384,0.010000000000000005
25,95500,0,0.0,3982,2091,93409,0.010000000000000005
25,95525,0,0.0,3983,2091,93434,0.010000000000000005
25,95550,0,0.0,3984,2091,93459,0.010000000000000005
25,95575,0,0.0,3985,2092,93483,0.010000000000000005
25,95600,0,0.0,3986,2092,93508,0.010000000000000005
25,95625,0,0.0,3987,2092,93533,0.010000000000000005
50,95675,0,0.0,3988,2093,93582,0.010000000000000005
25,95700,0,0.0,3989,2094,93606,0.010000000000000005
50,95750,0,0.0,3990,2095,93655,0.010000000000000005
25,95775,0,0.0,3991,2095,93680,0.010000000000000005
25,95800,0,0.0,3992,2095,93705,0.010000000000000005
25,95825,0,0.0,3993,2096,93729,0.010000000000000005
25,95850,0,0.0,3994,2097,93753,0.010000000000000005
25,95875,0,0.0,3995,2098,93777,0.010000000000000005
25,95900,0,0.0,3996,2098,93802,0.010000000000000005
25,95925,0,0.0,3997,2098,93827,0.010000000000000005
25,95950,0,0.0,3998,2098,93852,0.010000000000000004
25,95975,0,0.0,3999,2098,93877,0.010000000000000004
25,96000,0,0.0,4000,2098,93902,0.010000000000000004
25,96025,0,0.0,4001,2099,93926,0.010000000000000004
25,96050,0,0.0,4002,2100,93950,0.010000000000000004
25,96075,0,0.0,4003,2100,93975,0.010000000000000004
25,96100,0,0.0,4004,2100,94000,0.010000000000000004
25,96125,0,0.0,4005,2100,94025,0.010000000000000004
25,96150,0,0.0,4006,2100,94050,0.010000000000000004
25,96175,0,0.0,4007,2100,94075,0.010000000000000004
25,96200,0,0.0,4008,2100,94100,0.010000000000000004
25,96225,0,0.0,4009,2100,94125,0.010000000000000004
25,96250,0,0.0,4010,2100,94150,0.010000000000000004
25,96275,0,0.0,4011,2100,94175,0.010000000000000004
25,96300,0,0.0,4012,2100,94200,0.010000000000000004
25,96325,0,0.0,4013,2100,94225,0.010000000000000004
25,96350,0,0.0,4014,2100,94250,0.010000000000000004
25,96375,0,0.0,4015,2100,94275,0.010000000000000004
7,96382,0,0.0,4016,2101,94281,0.010000000000000004
25,96407,0,0.0,4017,2101,94306,0.010000000000000004
25,96432,0,0.0,4018,2101,94331,0.010000000000000004
25,96457,0,0.0,4019,2101,94356,0.010000000000000004
25,96482,0,0.0,4020,2102,94380,0.010000000000000004
3,96485,0,0.0,4021,2103,94382,0.010000000000000004
25,96510,0,0.0,4022,2103,94407,0.010000000000000004
25,96535,0,0.0,4023,2103,94432,0.010000000000000004
50,96585,0,0.0,4024,2104,94481,0.010000000000000004
25,96610,0,0.0,4025,2105,94505,0.010000000000000004
25,96635,0,0.0,4026,2105,94530,0.010000000000000004
25,96660,0,0.0,4027,2105,94555,0.010000000000000004
25,96685,0,0.0,4028,2105,94580,0.010000000000000004
25,96710,0,0.0,4029,2105,94605,0.010000000000000004
25,96735,0,0.0,4030,2105,94630,0.010000000000000004
25,96760,0,0.0,4031,2105,94655,0.010000000000000004
25,96785,0,0.0,4032,2105,94680,0.010000000000000004
25,96810,0,0.0,4033,2105,94705,0.010000000000000004
24,96834,0,0.0,4034,2106,94728,0.010000000000000004
25,96859,0,0.0,4035,2106,94753,0.010000000000000004
24,96883,0,0.0,4036,2107,94776,0.010000000000000004
25,96908,0,0.0,4037,2107,94801,0.010000000000000004
25,96933,0,0.0,4038,2107,94826,0.010000000000000004
25,96958,0,0.0,4039,2107,94851,0.010000000000000004
25,96983,0,0.0,4040,2107,94876,0.010000000000000004
25,97008,0,0.0,4041,2107,94901,0.010000000000000004
25,97033,0,0.0,4042,2107,94926,0.010000000000000004
25,97058,0,0.0,4043,2107,94951,0.010000000000000004
25,97083,0,0.0,4044,2107,94976,0.010000000000000004
25,97108,0,0.0,4045,2107,95001,0.010000000000000004
25,97133,0,0.0,4046,2108,95025,0.010000000000000004
25,97158,0,0.0,4047,2108,95050,0.010000000000000004
25,97183,0,0.0,4048,2109,95074,0.010000000000000004
25,97208,0,0.0,4049,2109,95099,0.010000000000000004
25,97233,0,0.0,4050,2109,95124,0.010000000000000002
25,97258,0,0.0,4051,2110,95148,0.010000000000000002
25,97283,0,0.0,4052,2112,95171,0.010000000000000002
25,97308,0,0.0,4053,2112,95196,0.010000000000000002
25,97333,0,0.0,4054,2112,95221,0.010000000000000002
25,97358,0,0.0,4055,2112,95246,0.010000000000000002
25,97383,0,0.0,4056,2112,95271,0.010000000000000002
25,97408,0,0.0,4057,2112,95296,0.010000000000000002
25,97433,0,0.0,4058,2112,95321,0.010000000000000002
25,97458,0,0.0,4059,2112,95346,0.010000000000000002
25,97483,0,0.0,4060,2113,95370,0.010000000000000002
25,97508,0,0.0,4061,2113,95395,0.010000000000000002
50,97558,0,0.0,4062,2115,95443,0.010000000000000002
25,97583,0,0.0,4063,2115,95468,0.010000000000000002
25,97608,0,0.0,4064,2115,95493,0.010000000000000002
25,97633,0,0.0,4065,2115,95518,0.010000000000000002
2,97635,0,0.0,4066,2116,95519,0.010000000000000002
25,97660,0,0.0,4067,2116,95544,0.010000000000000002
25,97685,0,0.0,4068,2116,95569,0.010000000000000002
25,97710,0,0.0,4069,2116,95594,0.010000000000000002
25,97735,0,0.0,4070,2116,95619,0.010000000000000002
25,97760,0,0.0,4071,2116,95644,0.010000000000000002
25,97785,0,0.0,4072,2117,95668,0.010000000000000002
25,97810,0,0.0,4073,2118,95692,0.010000000000000002
25,97835,0,0.0,4074,2118,95717,0.010000000000000002
25,97860,0,0.0,4075,2118,95742,0.010000000000000002
25,97885,0,0.0,4076,2118,95767,0.010000000000000002
25,97910,0,0.0,4077,2118,95792,0.010000000000000002
25,97935,0,0.0,4078,2118,95817,0.010000000000000002
25,97960,0,0.0,4079,2118,95842,0.010000000000000002
25,97985,0,0.0,4080,2119,95866,0.010000000000000002
25,98010,0,0.0,4081,2119,95891,0.010000000000000002
25,98035,0,0.0,4082,2119,95916,0.010000000000000002
25,98060,0,0.0,4083,2119,95941,0.010000000000000002
25,98085,0,0.0,4084,2119,95966,0.010000000000000002
25,98110,0,0.0,4085,2119,95991,0.010000000000000002
25,98135,0,0.0,4086,2120,96015,0.010000000000000002
25,98160,0,0.0,4087,2120,96040,0.010000000000000002
25,98185,0,0.0,4088,2120,96065,0.010000000000000002
25,98210,0,0.0,4089,2120,96090,0.010000000000000002
25,98235,0,0.0,4090,2121,96114,0.010000000000000002
25,98260,0,0.0,4091,2122,96138,0.010000000000000002
25,98285,0,0.0,4092,2122,96163,0.010000000000000002
25,98310,0,0.0,4093,2122,96188,0.010000000000000002
25,98335,0,0.0,4094,2122,96213,0.010000000000000002
25,98360,0,0.0,4095,2123,96237,0.010000000000000002
25,98385,0,0.0,4096,2123,96262,0.010000000000000002
24,98409,0,0.0,4097,2124,96285,0.010000000000000002
6,98415,0,0.0,4098,2125,96290,0.010000000000000002
25,98440,0,0.0,4099,2125,96315,0.010000000000000002
25,98465,0,0.0,4100,2125,96340,0.010000000000000002
25,98490,0,0.0,4101,2126,96364,0.010000000000000002
25,98515,0,0.0,4102,2126,96389,0.010000000000000002
25,98540,0,0.0,4103,2127,96413,0.010000000000000002
25,98565,0,0.0,4104,2127,96438,0.010000000000000002
25,98590,0,0.0,4105,2129,96461,0.010000000000000002
25,98615,0,0.0,4106,2129,96486,0.010000000000000002
3,98618,0,0.0,4107,2130,96488,0.010000000000000002
25,98643,0,0.0,4108,2130,96513,0.010000000000000002
25,98668,0,0.0,4109,2130,96538,0.010000000000000002
25,98693,0,0.0,4110,2130,96563,0.010000000000000002
25,98718,0,0.0,4111,2130,96588,0.010000000000000002
25,98743,0,0.0,4112,2131,96612,0.010000000000000002
25,98768,0,0.0,4113,2131,96637,0.010000000000000002
25,98793,0,0.0,4114,2131,96662,0.010000000000000002
25,98818,0,0.0,4115,2131,96687,0.010000000000000002
3,98821,0,0.0,4116,2132,96689,0.010000000000000002
25,98846,0,0.0,4117,2133,96713,0.010000000000000002
25,98871,0,0.0,4118,2133,96738,0.010000000000000002
25,98896,0,0.0,4119,2133,96763,0.010000000000000002
25,98921,0,0.0,4120,2134,96787,0.010000000000000002
25,98946,0,0.0,4121,2134,96812,0.010000000000000002
25,98971,0,0.0,4122,2134,96837,0.010000000000000002
10,98981,0,0.0,4123,2135,96846,0.010000000000000002
25,99006,0,0.0,4124,2136,96870,0.010000000000000002
25,99031,0,0.0,4125,2136,96895,0.010000000000000002
25,99056,0,0.0,4126,2136,96920,0.010000000000000002
25,99081,0,0.0,4127,2136,96945,0.010000000000000002
25,99106,0,0.0,4128,2137,96969,0.010000000000000002
25,99131,0,0.0,4129,2137,96994,0.010000000000000002
25,99156,0,0.0,4130,2137,97019,0.010000000000000002
25,99181,0,0.0,4131,2137,97044,0.010000000000000002
25,99206,0,0.0,4132,2137,97069,0.010000000000000002
25,99231,0,0.0,4133,2137,97094,0.010000000000000002
25,99256,0,0.0,4134,2137,97119,0.010000000000000002
25,99281,0,0.0,4135,2137,97144,0.010000000000000002
25,99306,0,0.0,4136,2137,97169,0.010000000000000002
50,99356,0,0.0,4137,2138,97218,0.010000000000000002
25,99381,0,0.0,4138,2139,97242,0.010000000000000002
13,99394,0,0.0,4139,2140,97254,0.010000000000000002
25,99419,0,0.0,4140,2140,97279,0.010000000000000002
25,99444,0,0.0,4141,2140,97304,0.010000000000000002
25,99469,0,0.0,4142,2140,97329,0.010000000000000002
25,99494,0,0.0,4143,2140,97354,0.010000000000000002
25,99519,0,0.0,4144,2140,97379,0.010000000000000002
25,99544,0,0.0,4145,2141,97403,0.010000000000000002
25,99569,0,0.0,4146,2141,97428,0.010000000000000002
6,99575,0,0.0,4147,2142,97433,0.010000000000000002
25,99600,0,0.0,4148,2142,97458,0.010000000000000002
25,99625,0,0.0,4149,2142,97483,0.010000000000000002
50,99675,0,0.0,4150,2143,97532,0.010000000000000002
25,99700,0,0.0,4151,2143,97557,0.010000000000000002
25,99725,0,0.0,4152,2143,97582,0.010000000000000002
25,99750,0,0.0,4153,2145,97605,0.010000000000000002
25,99775,0,0.0,4154,2145,97630,0.010000000000000002
25,99800,0,0.0,4155,2145,97655,0.010000000000000002
25,99825,0,0.0,4156,2145,97680,0.010000000000000002
25,99850,0,0.0,4157,2145,97705,0.010000000000000002
25,99875,0,0.0,4158,2145,97730,0.010000000000000002
25,99900,0,0.0,4159,2145,97755,0.01
25,99925,0,0.0,4160,2145,97780,0.01
24,99949,0,0.0,4161,2146,97803,0.01
25,99974,0,0.0,4162,2147,97827,0.01
25,99999,0,0.0,4163,2147,97852,0.01
