iteration,successes,successes_episode,reward_episode,episode_count,random_act,timestep,epsilon
3,3,0,0.0,1,3,0,1.0
29,32,0,0.0,2,32,0,0.9901493354116764
8,40,0,0.0,3,40,0,0.9803966865736877
5,45,0,0.0,4,45,0,0.970741078213023
17,62,0,0.0,5,62,0,0.9611815447608
15,77,0,0.0,6,76,1,0.9517171302557069
21,98,0,0.0,7,96,2,0.9423468882484062
13,111,0,0.0,8,107,4,0.9330698817068888
3,114,0,0.0,9,109,5,0.9238851829227694
4,118,0,0.0,10,113,5,0.9147918734185159
14,132,0,0.0,11,124,8,0.9057890438555999
6,138,0,0.0,12,130,8,0.896875793943563
4,142,0,0.0,13,134,8,0.888051232349986
2,144,0,0.0,14,136,8,0.8793144766113556
7,151,0,0.0,15,142,9,0.8706646530448178
2,153,0,0.0,16,144,9,0.8621008966608072
4,157,0,0.0,17,146,11,0.8536223510765493
13,170,0,0.0,18,156,14,0.8452281684304199
5,175,0,0.0,19,160,15,0.8369175092971592
2,177,0,0.0,20,162,15,0.8286895426039287
4,181,0,0.0,21,166,15,0.820543445547202
7,188,0,0.0,22,172,16,0.8124784035104852
5,193,0,0.0,23,176,17,0.8044936099828537
2,195,0,0.0,24,178,17,0.7965882664783007
8,203,0,0.0,25,186,17,0.7887615824558879
2,205,0,0.0,26,187,18,0.7810127752406908
2,207,0,0.0,27,189,18,0.7733410699455306
28,235,0,0.0,28,211,24,0.7657456993934846
3,238,0,0.0,29,214,24,0.7582259040411682
5,243,0,0.0,30,218,25,0.7507809319027796
4,247,0,0.0,31,221,26,0.7434100384749007
2,249,0,0.0,32,223,26,0.7361124866620463
18,267,0,0.0,33,234,33,0.7288875467029541
2,269,0,0.0,34,236,33,0.7217344960976069
11,280,0,0.0,35,246,34,0.7146526195349836
2,282,0,0.0,36,248,34,0.7076412088215263
21,303,0,0.0,37,260,43,0.7006995628103208
2,305,0,0.0,38,262,43,0.6938269873309811
34,339,0,0.0,39,281,58,0.6870227951202322
2,341,0,0.0,40,282,59,0.680286305753183
8,349,0,0.0,41,285,64,0.6736168455752829
4,353,0,0.0,42,287,66,0.6670137476349562
2,355,0,0.0,43,288,67,0.6604763516169062
15,370,0,0.0,44,296,74,0.6540040037760834
5,375,0,0.0,45,298,77,0.64759605687231
4,379,0,0.0,46,302,77,0.6412518701055556
25,404,0,0.0,47,317,87,0.6349708090518567
16,420,0,0.0,48,325,95,0.6287522455998737
5,425,0,0.0,49,329,96,0.6225955578880794
2,427,0,0.0,50,330,97,0.616500130242572
12,439,0,0.0,51,340,99,0.6104653531155071
3,442,0,0.0,52,343,99,0.6044906230241432
27,469,0,0.0,53,357,112,0.5985753424904925
11,480,0,0.0,54,365,115,0.5927189199815717
19,499,0,0.0,55,378,121,0.5869207698502498
6,505,0,0.0,56,381,124,0.5811803122766818
6,511,0,0.0,57,385,126,0.5754969732103268
9,520,0,0.0,58,392,128,0.5698701843125418
2,522,0,0.0,59,394,128,0.564299382899748
8,530,0,0.0,60,399,131,0.558784011887162
2,532,0,0.0,61,400,132,0.5533235197330862
11,543,0,0.0,62,407,136,0.5479173603837548
10,553,0,0.0,63,414,139,0.5425649932187278
41,594,0,0.0,64,435,159,0.5372658829968282
16,610,0,0.0,65,445,165,0.5320194998026181
12,622,0,0.0,66,450,172,0.5268253189934059
15,637,0,0.0,67,460,177,0.5216828211467822
4,641,0,0.0,68,463,178,0.516591492008677
17,658,0,0.0,69,474,184,0.5115508224419336
9,667,0,0.0,70,478,189,0.5065603083753949
9,676,0,0.0,71,481,195,0.5016194507534953
8,684,0,0.0,72,485,199,0.49672775548635545
9,693,0,0.0,73,488,205,0.491884733400372
15,708,0,0.0,74,494,214,0.48708990018930043
34,742,0,0.0,75,501,241,0.48234277636582407
25,767,0,0.0,76,508,259,0.47764288721360454
2,769,0,0.0,77,510,259,0.47298976273981014
2,771,0,0.0,78,512,259,0.4683829376281158
14,785,0,0.0,79,518,267,0.4638219511921713
30,815,0,0.0,80,531,284,0.4593063473295323
24,839,0,0.0,81,541,298,0.45483567447604933
19,858,0,0.0,82,549,309,0.4504094855607117
14,872,0,0.0,83,555,317,0.44602733796093924
41,913,0,0.0,84,570,343,0.4416887934583202
20,933,0,0.0,85,578,355,0.43739341819478894
18,951,0,0.0,86,591,360,0.43314078262923944
43,994,0,0.0,87,606,388,0.4289304614945713
8,1002,0,0.0,88,608,394,0.42476203375516264
11,1013,0,0.0,89,613,400,0.42063508256476556
2,1015,0,0.0,90,614,401,0.41654919522482203
9,1024,0,0.0,91,617,407,0.4125039631431931
9,1033,0,0.0,92,621,412,0.40849898179329963
15,1048,0,0.0,93,625,423,0.404533850673669
15,1063,0,0.0,94,630,433,0.40060817326788506
8,1071,0,0.0,95,633,438,0.3967215570049359
6,1077,0,0.0,96,636,441,0.3928736132199562
18,1095,0,0.0,97,645,450,0.38906395711536096
14,1109,0,0.0,98,649,460,0.38529220772236483
19,1128,0,0.0,99,658,470,0.3815579878628856
46,1174,0,0.0,100,677,497,0.37786092411182526
8,1182,0,0.0,101,681,501,0.3742006467597279
3,1185,0,0.0,102,683,502,0.3705767897758081
2,1187,0,0.0,103,684,503,0.3669889907713475
21,1208,0,0.0,104,692,516,0.36343689096345594
24,1232,0,0.0,105,703,529,0.35992013513919235
4,1236,0,0.0,106,705,531,0.35643837162004377
9,1245,0,0.0,107,707,538,0.3529912522267568
4,1249,0,0.0,108,710,539,0.34957843224451957
2,1251,0,0.0,109,711,540,0.34619957038848975
24,1275,0,0.0,110,719,556,0.34285432876966604
8,1283,0,0.0,111,723,560,0.3395423728610988
3,1286,0,0.0,112,725,561,0.3362633714644372
42,1328,0,0.0,113,735,593,0.33301699667680906
21,1349,0,0.0,114,740,609,0.3298029238580304
18,1367,0,0.0,115,744,623,0.3266208315981408
25,1392,0,0.0,116,747,645,0.32347040168526264
22,1414,0,0.0,117,753,661,0.3203513190737793
20,1434,0,0.0,118,760,674,0.3172632718528302
15,1449,0,0.0,119,762,687,0.31420595121511996
27,1476,0,0.0,120,770,706,0.311179051426037
22,1498,0,0.0,121,779,719,0.3081822697930801
8,1506,0,0.0,122,780,726,0.3052153066355885
33,1539,0,0.0,123,789,750,0.30227786525477407
10,1549,0,0.0,124,794,755,0.29936965190405085
11,1560,0,0.0,125,799,761,0.29649037575966014
21,1581,0,0.0,126,806,775,0.29363974889158817
14,1595,0,0.0,127,811,784,0.2908174862347727
16,1611,0,0.0,128,817,794,0.28802330556059597
2,1613,0,0.0,129,818,795,0.2852569274486622
14,1627,0,0.0,130,821,806,0.2825180752588548
10,1637,0,0.0,131,826,811,0.27980647510367246
13,1650,0,0.0,132,831,819,0.2771218558208399
9,1659,0,0.0,133,833,826,0.27446394894619186
2,1661,0,0.0,134,834,827,0.27183248868682575
4,1665,0,0.0,135,835,830,0.26922721189452276
8,1673,0,0.0,136,838,835,0.2666478580394326
33,1706,0,0.0,137,849,857,0.26409416918402034
8,1714,0,0.0,138,852,862,0.26156588995727226
16,1730,0,0.0,139,855,875,0.2590627675291589
8,1738,0,0.0,140,857,881,0.2565845515853515
15,1753,0,0.0,141,862,891,0.2541309943021904
8,1761,0,0.0,142,864,897,0.25170185032190273
12,1773,0,0.0,143,869,904,0.24929687672806608
15,1788,0,0.0,144,872,916,0.246915833021317
18,1806,0,0.0,145,875,931,0.24455848109530054
12,1818,0,0.0,146,879,939,0.2422245852128597
38,1856,0,0.0,147,890,966,0.23991391198246126
27,1883,0,0.0,148,895,988,0.2376262303348566
27,1910,0,0.0,149,901,1009,0.2353613114999746
14,1924,0,0.0,150,903,1021,0.23311892898404435
28,1952,0,0.0,151,906,1046,0.23089885854694553
9,1961,0,0.0,152,910,1051,0.22870087817978443
15,1976,0,0.0,153,912,1064,0.22652476808269262
28,2004,0,0.0,154,916,1088,0.22437031064284702
9,2013,0,0.0,155,917,1096,0.22223729041270818
15,2028,0,0.0,156,920,1108,0.22012549408847562
15,2043,0,0.0,157,923,1120,0.21803471048875708
26,2069,0,0.0,158,930,1139,0.21596473053345028
18,2087,0,0.0,159,934,1153,0.21391534722283462
4,2091,0,0.0,160,936,1155,0.2118863556168713
37,2128,0,0.0,161,945,1183,0.20987755281470882
3,2131,0,0.0,162,946,1185,0.20788873793439305
34,2165,0,0.0,163,955,1210,0.2059197120927785
22,2187,0,0.0,164,960,1227,0.20397027838564025
42,2229,0,0.0,165,963,1266,0.20204024186798297
15,2244,0,0.0,166,965,1279,0.20012940953454655
8,2252,0,0.0,167,967,1285,0.1982375903005053
8,2260,0,0.0,168,969,1291,0.19636459498235934
15,2275,0,0.0,169,973,1302,0.19451023627901587
14,2289,0,0.0,170,975,1314,0.19267432875305937
29,2318,0,0.0,171,980,1338,0.19085668881220733
14,2332,0,0.0,172,986,1346,0.1890571346909509
12,2344,0,0.0,173,989,1355,0.1872754864323783
24,2368,0,0.0,174,993,1375,0.18551156587017906
15,2383,0,0.0,175,996,1387,0.1837651966108269
18,2401,0,0.0,176,1001,1400,0.1820362040159407
33,2434,0,0.0,177,1003,1431,0.18032441518482004
3,2437,0,0.0,178,1004,1433,0.17862965893715535
42,2479,0,0.0,179,1007,1472,0.17695176579590954
27,2506,0,0.0,180,1010,1496,0.1752905679703703
15,2521,0,0.0,181,1013,1508,0.17364589933937066
28,2549,0,0.0,182,1019,1530,0.172017595434677
15,2564,0,0.0,183,1024,1540,0.17040549342454195
8,2572,0,0.0,184,1027,1545,0.16880943209742102
2,2574,0,0.0,185,1028,1546,0.16722925184585147
4,2578,0,0.0,186,1030,1548,0.16566479465049133
40,2618,0,0.0,187,1039,1579,0.16411590406431734
8,2626,0,0.0,188,1040,1586,0.1625824251969801
20,2646,0,0.0,189,1043,1603,0.16106420469931504
20,2666,0,0.0,190,1045,1621,0.15956109074800714
42,2708,0,0.0,191,1052,1656,0.1580729330304087
9,2717,0,0.0,192,1054,1663,0.15659958272950783
44,2761,0,0.0,193,1060,1701,0.15514089250904667
32,2793,0,0.0,194,1065,1728,0.1536967164987875
8,2801,0,0.0,195,1066,1735,0.1522669102799259
15,2816,0,0.0,196,1068,1748,0.15085133087064845
29,2845,0,0.0,197,1071,1774,0.14944983671183457
18,2863,0,0.0,198,1073,1790,0.14806228765290044
42,2905,0,0.0,199,1076,1829,0.1466885449377839
8,2913,0,0.0,200,1078,1835,0.14532847119106862
18,2931,0,0.0,201,1079,1852,0.1439819304042466
42,2973,0,0.0,202,1082,1891,0.14264878792211688
18,2991,0,0.0,203,1085,1906,0.1413289104293205
8,2999,0,0.0,204,1086,1913,0.14002216593700811
27,3026,0,0.0,205,1089,1937,0.13872842376964165
8,3034,0,0.0,206,1092,1942,0.1374475545519262
42,3076,0,0.0,207,1095,1981,0.13617943019587256
14,3090,0,0.0,208,1098,1992,0.13492392388798838
28,3118,0,0.0,209,1101,2017,0.13368091007659658
38,3156,0,0.0,210,1107,2049,0.1324502644592803
16,3172,0,0.0,211,1108,2064,0.13123186397045208
37,3209,0,0.0,212,1113,2096,0.13002558676904785
2,3211,0,0.0,213,1114,2097,0.12883131222634217
19,3230,0,0.0,214,1117,2113,0.12764892091388555
3,3233,0,0.0,215,1118,2115,0.1264782945915614
14,3247,0,0.0,216,1121,2126,0.125319316195762
43,3290,0,0.0,217,1122,2168,0.12417186982768189
7,3297,0,0.0,218,1124,2173,0.12303584074172813
25,3322,0,0.0,219,1128,2194,0.12191111533404535
42,3364,0,0.0,220,1131,2233,0.12079758113115559
24,3388,0,0.0,221,1133,2255,0.11969512677871053
25,3413,0,0.0,222,1137,2276,0.11860364203035628
19,3432,0,0.0,223,1142,2290,0.11752301773670837
42,3474,0,0.0,224,1146,2328,0.116453145834437
43,3517,0,0.0,225,1149,2368,0.11539391933546027
38,3555,0,0.0,226,1151,2404,0.11434523231624569
15,3570,0,0.0,227,1153,2417,0.11330697990721733
19,3589,0,0.0,228,1155,2434,0.1122790582822692
19,3608,0,0.0,229,1159,2449,0.11126136464838206
15,3623,0,0.0,230,1162,2461,0.11025379723534455
42,3665,0,0.0,231,1165,2500,0.10925625528557566
16,3681,0,0.0,232,1167,2514,0.1082686390440492
35,3716,0,0.0,233,1173,2543,0.10729084974831793
22,3738,0,0.0,234,1174,2564,0.10632278961863742
38,3776,0,0.0,235,1177,2599,0.10536436184818809
4,3780,0,0.0,236,1178,2602,0.10441547059339411
40,3820,0,0.0,237,1180,2640,0.10347602096433932
14,3834,0,0.0,238,1182,2652,0.10254591901527788
29,3863,0,0.0,239,1184,2679,0.10162507173523985
33,3896,0,0.0,240,1185,2711,0.10071338703872978
14,3910,0,0.0,241,1188,2722,0.09981077375651838
3,3913,0,0.0,242,1189,2724,0.09891714162652515
8,3921,0,0.0,243,1190,2731,0.09803240128479247
15,3936,0,0.0,244,1191,2745,0.09715646425654882
14,3950,0,0.0,245,1195,2755,0.09628924294736148
24,3974,0,0.0,246,1199,2775,0.09543065063437678
33,4007,0,0.0,247,1201,2806,0.09458060145764802
16,4023,0,0.0,248,1204,2819,0.09373901041154904
4,4027,0,0.0,249,1205,2822,0.092905793336274
15,4042,0,0.0,250,1206,2836,0.09208086690942092
19,4061,0,0.0,251,1208,2853,0.0912641486376598
17,4078,0,0.0,252,1211,2867,0.09045555684848275
14,4092,0,0.0,253,1213,2879,0.08965501068203711
24,4116,0,0.0,254,1215,2901,0.08886243008303903
3,4119,0,0.0,255,1216,2903,0.08807773579276819
14,4133,0,0.0,256,1219,2914,0.08730084934114159
15,4148,0,0.0,257,1220,2928,0.08653169303886674
14,4162,0,0.0,258,1221,2941,0.0857701899696724
42,4204,0,0.0,259,1224,2980,0.08501626398261702
38,4242,0,0.0,260,1229,3013,0.0842698396844737
8,4250,0,0.0,261,1230,3020,0.08353084243219053
46,4296,0,0.0,262,1235,3061,0.08279919832542652
24,4320,0,0.0,263,1236,3084,0.08207483419916123
26,4346,0,0.0,264,1239,3107,0.08135767761637844
15,4361,0,0.0,265,1241,3120,0.08064765686082219
15,4376,0,0.0,266,1242,3134,0.0799447009298253
18,4394,0,0.0,267,1243,3151,0.0792487395272088
15,4409,0,0.0,268,1244,3165,0.07855970305625253
18,4427,0,0.0,269,1246,3181,0.07787752261273513
18,4445,0,0.0,270,1247,3198,0.07720212997804382
27,4472,0,0.0,271,1248,3224,0.07653345761235225
15,4487,0,0.0,272,1249,3238,0.07587143864786668
42,4529,0,0.0,273,1251,3278,0.07521600688213892
14,4543,0,0.0,274,1253,3290,0.07456709677144624
43,4586,0,0.0,275,1257,3329,0.07392464342423678
38,4624,0,0.0,276,1258,3366,0.0732885825946405
42,4666,0,0.0,277,1259,3407,0.07265885067604429
15,4681,0,0.0,278,1261,3420,0.07203538469473161
42,4723,0,0.0,279,1264,3459,0.0714181223035847
38,4761,0,0.0,280,1265,3496,0.07080700177585013
19,4780,0,0.0,281,1267,3513,0.07020196199896576
18,4798,0,0.0,282,1271,3527,0.06960294246844981
19,4817,0,0.0,283,1274,3543,0.06900988328184997
42,4859,0,0.0,284,1277,3582,0.06842272513275337
42,4901,0,0.0,285,1277,3624,0.06784140930485581
42,4943,0,0.0,286,1281,3662,0.06726587766609007
27,4970,0,0.0,287,1283,3687,0.06669607266281269
14,4984,0,0.0,288,1285,3699,0.06613193731404843
33,5017,0,0.0,289,1287,3730,0.06557341520579238
44,5061,0,0.0,290,1289,3772,0.06502045048536823
17,5078,0,0.0,291,1291,3787,0.06447298785584316
15,5093,0,0.0,292,1293,3800,0.06393097257049796
21,5114,0,0.0,293,1295,3819,0.06339435042735246
30,5144,0,0.0,294,1297,3847,0.06286306776374512
42,5186,0,0.0,295,1297,3889,0.06233707145096687
14,5200,0,0.0,296,1298,3902,0.06181630888894806
20,5220,0,0.0,297,1299,3921,0.061300728000998575
42,5262,0,0.0,298,1301,3961,0.06079027722859992
24,5286,0,0.0,299,1302,3984,0.060284905526249516
21,5307,0,0.0,300,1304,4003,0.05978456235635595
32,5339,0,0.0,301,1307,4032,0.05928919768418531
44,5383,0,0.0,302,1309,4074,0.05879876197285753
42,5425,0,0.0,303,1310,4115,0.058313206178392835
37,5462,0,0.0,304,1312,4150,0.05783248174480709
42,5504,0,0.0,305,1312,4192,0.057356540599256385
45,5549,0,0.0,306,1313,4236,0.0568853351472295
42,5591,0,0.0,307,1314,4277,0.0564188182677886
42,5633,0,0.0,308,1315,4318,0.05595694330885694
42,5675,0,0.0,309,1315,4360,0.05549966408255377
42,5717,0,0.0,310,1316,4401,0.05504693486057535
8,5725,0,0.0,311,1318,4407,0.05459871036962222
33,5758,0,0.0,312,1319,4439,0.05415494578687179
8,5766,0,0.0,313,1320,4446,0.05371559673549593
42,5808,0,0.0,314,1324,4484,0.053280619280223436
20,5828,0,0.0,315,1326,4502,0.05284996992294624
15,5843,0,0.0,316,1329,4514,0.05242360559836979
15,5858,0,0.0,317,1330,4528,0.05200148366970627
18,5876,0,0.0,318,1331,4545,0.051583561924411096
15,5891,0,0.0,319,1332,4559,0.05116979856996143
42,5933,0,0.0,320,1333,4600,0.050760152229677065
42,5975,0,0.0,321,1334,4641,0.05035458193858255
15,5990,0,0.0,322,1335,4655,0.049953047139310834
43,6033,0,0.0,323,1337,4696,0.04955550767804736
42,6075,0,0.0,324,1337,4738,0.04916192380051474
42,6117,0,0.0,325,1337,4780,0.0487722561479972
26,6143,0,0.0,326,1340,4803,0.04838646575340479
4,6147,0,0.0,327,1341,4806,0.04800451403737654
42,6189,0,0.0,328,1343,4846,0.04762636280442257
18,6207,0,0.0,329,1344,4863,0.04725197423910444
28,6235,0,0.0,330,1346,4889,0.04688131090225365
18,6253,0,0.0,331,1349,4904,0.046514335727227595
43,6296,0,0.0,332,1351,4945,0.046151012016203
15,6311,0,0.0,333,1352,4959,0.04579130343650595
42,6353,0,0.0,334,1352,5001,0.04543517401697875
15,6368,0,0.0,335,1354,5014,0.04508258814438266
30,6398,0,0.0,336,1357,5041,0.04473351055983658
40,6438,0,0.0,337,1359,5079,0.044387906355291176
42,6480,0,0.0,338,1361,5119,0.04404574097003798
42,6522,0,0.0,339,1362,5160,0.04370698018725335
42,6564,0,0.0,340,1365,5199,0.043371590130576676
15,6579,0,0.0,341,1368,5211,0.04303953726072282
27,6606,0,0.0,342,1370,5236,0.042710788372128064
42,6648,0,0.0,343,1371,5277,0.042385310589629625
42,6690,0,0.0,344,1372,5318,0.04206307136517797
42,6732,0,0.0,345,1373,5359,0.04174403847458216
38,6770,0,0.0,346,1376,5394,0.04142818001428726
42,6812,0,0.0,347,1377,5435,0.04111546439818403
42,6854,0,0.0,348,1377,5477,0.04080586035445025
42,6896,0,0.0,349,1377,5519,0.040499336922423565
24,6920,0,0.0,350,1379,5541,0.040195863449505306
42,6962,0,0.0,351,1381,5581,0.039895409588095315
42,7004,0,0.0,352,1382,5622,0.039597945292557044
42,7046,0,0.0,353,1382,5664,0.03930344081621308
29,7075,0,0.0,354,1383,5692,0.03901186670837034
42,7117,0,0.0,355,1384,5733,0.03872319381137508
42,7159,0,0.0,356,1384,5775,0.03843739325769703
42,7201,0,0.0,357,1385,5816,0.03815443646704266
42,7243,0,0.0,358,1386,5857,0.03787429514349709
42,7285,0,0.0,359,1388,5897,0.03759694127269454
37,7322,0,0.0,360,1391,5931,0.037322347119016795
42,7364,0,0.0,361,1392,5972,0.03705048522281963
4,7368,0,0.0,362,1393,5975,0.03678132839768691
15,7383,0,0.0,363,1394,5989,0.036514849727711796
14,7397,0,0.0,364,1395,6002,0.03625102256480524
42,7439,0,0.0,365,1395,6044,0.03598982052603108
42,7481,0,0.0,366,1397,6084,0.0357312174909678
42,7523,0,0.0,367,1397,6126,0.03547518759909634
15,7538,0,0.0,368,1398,6140,0.035221705247214206
42,7580,0,0.0,369,1398,6182,0.03497074508687494
42,7622,0,0.0,370,1398,6224,0.034722282021853394
42,7664,0,0.0,371,1399,6265,0.034476291205635994
42,7706,0,0.0,372,1400,6306,0.034232748038936146
38,7744,0,0.0,373,1401,6343,0.0339916281672342
42,7786,0,0.0,374,1402,6384,0.03375290747834208
42,7828,0,0.0,375,1402,6426,0.033516562099991945
39,7867,0,0.0,376,1403,6464,0.03328256839744902
42,7909,0,0.0,377,1404,6505,0.03305090297114803
33,7942,0,0.0,378,1406,6536,0.03282154265435332
15,7957,0,0.0,379,1407,6550,0.03259446451084204
38,7995,0,0.0,380,1408,6587,0.03236964583261064
19,8014,0,0.0,381,1410,6604,0.03214706413760394
42,8056,0,0.0,382,1410,6646,0.03192669716746694
42,8098,0,0.0,383,1411,6687,0.031708522885318995
42,8140,0,0.0,384,1412,6728,0.031492519473550085
14,8154,0,0.0,385,1414,6740,0.031278665331639026
42,8196,0,0.0,386,1415,6781,0.031066939073993396
41,8237,0,0.0,387,1419,6818,0.030857319527811018
42,8279,0,0.0,388,1419,6860,0.030649785730962574
24,8303,0,0.0,389,1420,6883,0.030444316929895437
34,8337,0,0.0,390,1421,6916,0.030240892577558277
42,8379,0,0.0,391,1421,6958,0.030039492331346347
42,8421,0,0.0,392,1421,7000,0.029840096051067175
33,8454,0,0.0,393,1422,7032,0.029642683796926583
30,8484,0,0.0,394,1424,7060,0.02944723582753464
42,8526,0,0.0,395,1425,7101,0.029253732597931535
42,8568,0,0.0,396,1425,7143,0.029062154757633053
27,8595,0,0.0,397,1427,7168,0.02887248314869552
42,8637,0,0.0,398,1430,7207,0.028684698803799973
42,8679,0,0.0,399,1430,7249,0.02849878294435545
17,8696,0,0.0,400,1431,7265,0.02831471697862105
43,8739,0,0.0,401,1434,7305,0.028132482499846838
42,8781,0,0.0,402,1434,7347,0.027952061284433068
24,8805,0,0.0,403,1436,7369,0.02777343529010782
42,8847,0,0.0,404,1436,7411,0.027596586654122846
42,8889,0,0.0,405,1436,7453,0.027421497691467157
42,8931,0,0.0,406,1436,7495,0.02724815089309858
42,8973,0,0.0,407,1436,7537,0.0270765289241928
42,9015,0,0.0,408,1436,7579,0.026906614622409945
42,9057,0,0.0,409,1436,7621,0.026738390996178224
42,9099,0,0.0,410,1436,7663,0.026571841222994823
42,9141,0,0.0,411,1436,7705,0.026406948647743643
42,9183,0,0.0,412,1436,7747,0.026243696781029717
20,9203,0,0.0,413,1439,7764,0.026082069297530375
42,9245,0,0.0,414,1439,7806,0.02592205003436255
38,9283,0,0.0,415,1440,7843,0.025763622989466578
16,9299,0,0.0,416,1442,7857,0.025606772320005942
42,9341,0,0.0,417,1442,7899,0.025451482340783003
42,9383,0,0.0,418,1442,7941,0.02529773752267042
16,9399,0,0.0,419,1444,7955,0.025145522491058264
42,9441,0,0.0,420,1444,7997,0.02499482202431651
42,9483,0,0.0,421,1444,8039,0.024845621052272927
42,9525,0,0.0,422,1444,8081,0.024697904654705963
43,9568,0,0.0,423,1445,8123,0.024551658059852766
42,9610,0,0.0,424,1446,8164,0.024406866642931964
42,9652,0,0.0,425,1447,8205,0.024263515924681227
42,9694,0,0.0,426,1447,8247,0.024121591569909263
42,9736,0,0.0,427,1448,8288,0.023981079386062323
15,9751,0,0.0,428,1450,8301,0.023841965321804916
42,9793,0,0.0,429,1450,8343,0.023704235465614704
42,9835,0,0.0,430,1450,8385,0.023567876044391298
42,9877,0,0.0,431,1450,8427,0.023432873422078924
42,9919,0,0.0,432,1451,8468,0.02329921409830285
42,9961,0,0.0,433,1451,8510,0.02316688470701933
15,9976,0,0.0,434,1452,8524,0.023035872015178954
33,10009,0,0.0,435,1453,8556,0.022906162921403357
42,10051,0,0.0,436,1454,8597,0.022777744454675064
38,10089,0,0.0,437,1456,8633,0.0226506037730404
27,10116,0,0.0,438,1458,8658,0.02252472816232525
2,10118,0,0.0,439,1459,8659,0.022400105034863643
15,10133,0,0.0,440,1460,8673,0.02227672192823897
27,10160,0,0.0,441,1461,8699,0.02215456650403775
42,10202,0,0.0,442,1462,8740,0.022033626546615788
45,10247,0,0.0,443,1464,8783,0.021913889961876536
42,10289,0,0.0,444,1464,8825,0.02179534477606175
42,10331,0,0.0,445,1464,8867,0.02167797913455405
20,10351,0,0.0,446,1465,8886,0.021561781300691488
15,10366,0,0.0,447,1466,8900,0.02144673965459385
42,10408,0,0.0,448,1466,8942,0.021332842692000656
42,10450,0,0.0,449,1466,8984,0.021220079023120713
42,10492,0,0.0,450,1466,9026,0.02110843737149319
42,10534,0,0.0,451,1468,9066,0.02099790657285988
34,10568,0,0.0,452,1469,9099,0.020888475574048812
42,10610,0,0.0,453,1469,9141,0.020780133431868894
42,10652,0,0.0,454,1469,9183,0.020672869312015653
42,10694,0,0.0,455,1470,9224,0.020566672487987697
38,10732,0,0.0,456,1471,9261,0.02046153234001413
42,10774,0,0.0,457,1471,9303,0.02035743835399253
42,10816,0,0.0,458,1471,9345,0.020254380120437558
42,10858,0,0.0,459,1471,9387,0.02015234733343998
37,10895,0,0.0,460,1473,9422,0.020051329789636065
15,10910,0,0.0,461,1474,9436,0.01995131738718724
42,10952,0,0.0,462,1474,9478,0.019852300124769934
42,10994,0,0.0,463,1474,9520,0.019754268100575387
24,11018,0,0.0,464,1475,9543,0.019657211511319474
42,11060,0,0.0,465,1475,9585,0.0195611206512624
17,11077,0,0.0,466,1476,9601,0.01946598591123807
42,11119,0,0.0,467,1476,9643,0.01937179777769322
42,11161,0,0.0,468,1476,9685,0.019278546831735997
42,11203,0,0.0,469,1477,9726,0.019186223748194096
42,11245,0,0.0,470,1477,9768,0.01909481929468222
15,11260,0,0.0,471,1478,9782,0.019004324330678855
42,11302,0,0.0,472,1478,9824,0.018914729806612192
42,11344,0,0.0,473,1478,9866,0.01882602676295516
42,11386,0,0.0,474,1479,9907,0.018738206329329453
42,11428,0,0.0,475,1479,9949,0.018651259723618557
42,11470,0,0.0,476,1480,9990,0.01856517825108943
42,11512,0,0.0,477,1481,10031,0.018479953303523082
42,11554,0,0.0,478,1481,10073,0.018395576358353725
42,11596,0,0.0,479,1481,10115,0.018312038977816556
27,11623,0,0.0,480,1482,10141,0.018229332808103887
31,11654,0,0.0,481,1483,10171,0.01814744957852983
42,11696,0,0.0,482,1483,10213,0.01806638110070318
39,11735,0,0.0,483,1485,10250,0.01798611926770862
42,11777,0,0.0,484,1488,10289,0.017906656053295947
42,11819,0,0.0,485,1488,10331,0.017827983511077505
42,11861,0,0.0,486,1488,10373,0.01775009377373351
42,11903,0,0.0,487,1489,10414,0.017672979052225327
42,11945,0,0.0,488,1490,10455,0.017596631635016534
42,11987,0,0.0,489,1491,10496,0.01752104388730179
18,12005,0,0.0,490,1492,10513,0.017446208250243338
42,12047,0,0.0,491,1493,10554,0.017372117240215094
42,12089,0,0.0,492,1494,10595,0.01729876344805433
42,12131,0,0.0,493,1495,10636,0.0172261395383207
42,12173,0,0.0,494,1495,10678,0.017154238248562697
42,12215,0,0.0,495,1496,10719,0.017083052388591435
35,12250,0,0.0,496,1497,10753,0.017012574839761596
26,12276,0,0.0,497,1498,10778,0.01694279855425957
42,12318,0,0.0,498,1500,10818,0.016873716554398652
42,12360,0,0.0,499,1500,10860,0.016805321931921288
27,12387,0,0.0,500,1501,10886,0.01673760784730824
42,12429,0,0.0,501,1502,10927,0.016670567529094613
42,12471,0,0.0,502,1503,10968,0.01660419427319272
42,12513,0,0.0,503,1504,11009,0.016538481442221656
42,12555,0,0.0,504,1504,11051,0.016473422464843575
42,12597,0,0.0,505,1504,11093,0.01640901083510651
42,12639,0,0.0,506,1504,11135,0.01634524011179382
42,12681,0,0.0,507,1504,11177,0.016282103917780018
42,12723,0,0.0,508,1504,11219,0.01621959593939311
42,12765,0,0.0,509,1504,11261,0.016157709925783147
42,12807,0,0.0,510,1504,11303,0.016096439688297208
42,12849,0,0.0,511,1504,11345,0.016035779099860478
42,12891,0,0.0,512,1506,11385,0.01597572209436357
42,12933,0,0.0,513,1506,11427,0.015916262666055885
42,12975,0,0.0,514,1506,11469,0.015857394868945038
8,12983,0,0.0,515,1507,11476,0.015799112816202266
42,13025,0,0.0,516,1507,11518,0.01574141067957372
33,13058,0,0.0,517,1508,11550,0.01568428268879766
34,13092,0,0.0,518,1510,11582,0.0156277231310274
42,13134,0,0.0,519,1511,11623,0.015571726350260025
45,13179,0,0.0,520,1512,11667,0.015516286746770792
42,13221,0,0.0,521,1512,11709,0.015461398776553163
42,13263,0,0.0,522,1513,11750,0.015407056950764372
42,13305,0,0.0,523,1514,11791,0.01535325583517655
35,13340,0,0.0,524,1516,11824,0.015299990049633304
42,13382,0,0.0,525,1517,11865,0.015247254267511699
42,13424,0,0.0,526,1517,11907,0.015195043215189571
42,13466,0,0.0,527,1517,11949,0.015143351671518179
42,13508,0,0.0,528,1517,11991,0.015092174467300075
42,13550,0,0.0,529,1517,12033,0.015041506484772198
42,13592,0,0.0,530,1517,12075,0.01499134265709407
42,13634,0,0.0,531,1517,12117,0.014941677967841115
42,13676,0,0.0,532,1517,12159,0.01489250745050302
42,13718,0,0.0,533,1517,12201,0.014843826187987082
42,13760,0,0.0,534,1517,12243,0.014795629312126479
27,13787,0,0.0,535,1518,12269,0.014747912003193458
42,13829,0,0.0,536,1518,12311,0.014700669489417359
42,13871,0,0.0,537,1518,12353,0.014653897046507443
42,13913,0,0.0,538,1518,12395,0.01460758999718044
18,13931,0,0.0,539,1519,12412,0.014561743710692824
42,13973,0,0.0,540,1519,12454,0.014516353602377746
42,14015,0,0.0,541,1519,12496,0.01447141513318654
42,14057,0,0.0,542,1519,12538,0.014426923809234849
42,14099,0,0.0,543,1519,12580,0.014382875181353196
42,14141,0,0.0,544,1519,12622,0.01433926484464209
42,14183,0,0.0,545,1519,12664,0.014296088438031505
42,14225,0,0.0,546,1520,12705,0.014253341643844817
42,14267,0,0.0,547,1522,12745,0.014211020187366974
15,14282,0,0.0,548,1524,12758,0.014169119836417065
42,14324,0,0.0,549,1524,12800,0.01412763640092507
42,14366,0,0.0,550,1524,12842,0.014086565732512882
42,14408,0,0.0,551,1524,12884,0.014045903724079427
42,14450,0,0.0,552,1524,12926,0.014005646309389977
42,14492,0,0.0,553,1524,12968,0.013965789462669513
42,14534,0,0.0,554,1524,13010,0.013926329198200155
42,14576,0,0.0,555,1524,13052,0.013887261569922569
27,14603,0,0.0,556,1526,13077,0.01384858267104137
42,14645,0,0.0,557,1526,13119,0.013810288633634434
42,14687,0,0.0,558,1527,13160,0.013772375628266116
42,14729,0,0.0,559,1527,13202,0.013734839863604284
42,14771,0,0.0,560,1527,13244,0.013697677586041186
42,14813,0,0.0,561,1528,13285,0.0136608850793181
42,14855,0,0.0,562,1528,13327,0.013624458664153696
42,14897,0,0.0,563,1529,13368,0.013588394697876097
42,14939,0,0.0,564,1529,13410,0.013552689574058628
34,14973,0,0.0,565,1530,13443,0.013517339722159148
42,15015,0,0.0,566,1530,13485,0.013482341607163007
42,15057,0,0.0,567,1531,13526,0.013447691729229546
42,15099,0,0.0,568,1531,13568,0.013413386623342096
42,15141,0,0.0,569,1532,13609,0.013379422858961477
42,15183,0,0.0,570,1532,13651,0.013345797039682946
42,15225,0,0.0,571,1532,13693,0.01331250580289656
42,15267,0,0.0,572,1532,13735,0.013279545819450893
42,15309,0,0.0,573,1532,13777,0.013246913793320138
42,15351,0,0.0,574,1533,13818,0.01321460646127448
15,15366,0,0.0,575,1534,13832,0.013182620592553802
42,15408,0,0.0,576,1534,13874,0.01315095298854457
42,15450,0,0.0,577,1534,13916,0.013119600482459998
42,15492,0,0.0,578,1535,13957,0.013088559939023343
42,15534,0,0.0,579,1535,13999,0.013057828254154401
42,15576,0,0.0,580,1535,14041,0.013027402354659073
42,15618,0,0.0,581,1535,14083,0.012997279197922058
42,15660,0,0.0,582,1535,14125,0.012967455771602571
42,15702,0,0.0,583,1535,14167,0.012937929093333135
16,15718,0,0.0,584,1536,14182,0.012908696210421315
42,15760,0,0.0,585,1537,14223,0.012879754199554458
43,15803,0,0.0,586,1538,14265,0.012851100166507357
43,15846,0,0.0,587,1540,14306,0.012822731245852837
42,15888,0,0.0,588,1540,14348,0.012794644600675184
42,15930,0,0.0,589,1540,14390,0.012766837422286476
42,15972,0,0.0,590,1542,14430,0.012739306929945703
42,16014,0,0.0,591,1542,14472,0.012712050370580685
42,16056,0,0.0,592,1542,14514,0.012685065018512777
42,16098,0,0.0,593,1542,14556,0.012658348175184284
42,16140,0,0.0,594,1543,14597,0.012631897168888604
34,16174,0,0.0,595,1544,14630,0.012605709354503067
42,16216,0,0.0,596,1545,14671,0.012579782113224414
42,16258,0,0.0,597,1545,14713,0.012554112852306908
42,16300,0,0.0,598,1545,14755,0.012528699004803068
42,16342,0,0.0,599,1545,14797,0.012503538029306963
42,16384,0,0.0,600,1545,14839,0.012478627409700078
42,16426,0,0.0,601,1545,14881,0.012453964654899695
42,16468,0,0.0,602,1545,14923,0.012429547298609778
42,16510,0,0.0,603,1546,14964,0.01240537289907435
42,16552,0,0.0,604,1547,15005,0.012381439038833314
18,16570,0,0.0,605,1548,15022,0.012357743324480702
43,16613,0,0.0,606,1549,15064,0.01233428338642533
36,16649,0,0.0,607,1550,15099,0.012311056878653841
17,16666,0,0.0,608,1551,15115,0.012288061478496108
42,16708,0,0.0,609,1551,15157,0.012265294886392948
33,16741,0,0.0,610,1552,15189,0.01224275482566618
42,16783,0,0.0,611,1552,15231,0.012220439042290943
42,16825,0,0.0,612,1552,15273,0.012198345304670311
24,16849,0,0.0,613,1553,15296,0.012176471403412107
42,16891,0,0.0,614,1553,15338,0.012154815151107974
42,16933,0,0.0,615,1553,15380,0.012133374382114637
42,16975,0,0.0,616,1553,15422,0.012112146952337331
29,17004,0,0.0,617,1556,15448,0.012091130739015387
38,17042,0,0.0,618,1558,15484,0.012070323640509958
42,17084,0,0.0,619,1558,15526,0.012049723576093858
42,17126,0,0.0,620,1558,15568,0.012029328485743472
42,17168,0,0.0,621,1559,15609,0.012009136329932777
42,17210,0,0.0,622,1559,15651,0.01198914508942936
33,17243,0,0.0,623,1560,15683,0.011969352765092513
42,17285,0,0.0,624,1560,15725,0.011949757377673304
42,17327,0,0.0,625,1560,15767,0.01193035696761667
42,17369,0,0.0,626,1560,15809,0.011911149594865432
42,17411,0,0.0,627,1561,15850,0.011892133338666311
42,17453,0,0.0,628,1562,15891,0.01187330629737784
42,17495,0,0.0,629,1562,15933,0.011854666588280199
42,17537,0,0.0,630,1562,15975,0.011836212347386948
42,17579,0,0.0,631,1562,16017,0.011817941729258619
42,17621,0,0.0,632,1562,16059,0.011799852906818169
42,17663,0,0.0,633,1562,16101,0.011781944071168286
26,17689,0,0.0,634,1563,16126,0.011764213431410478
33,17722,0,0.0,635,1564,16158,0.011746659214465993
42,17764,0,0.0,636,1564,16200,0.011729279664898506
42,17806,0,0.0,637,1564,16242,0.011712073044738584
42,17848,0,0.0,638,1564,16284,0.011695037633309868
42,17890,0,0.0,639,1564,16326,0.011678171727057018
42,17932,0,0.0,640,1565,16367,0.011661473639375353
42,17974,0,0.0,641,1566,16408,0.011644941700442194
42,18016,0,0.0,642,1566,16450,0.011628574257049868
42,18058,0,0.0,643,1566,16492,0.011612369672440398
42,18100,0,0.0,644,1566,16534,0.011596326326141817
42,18142,0,0.0,645,1566,16576,0.011580442613806126
42,18184,0,0.0,646,1566,16618,0.011564716947048855
19,18203,0,0.0,647,1567,16636,0.011549147753290225
42,18245,0,0.0,648,1567,16678,0.011533733475597885
8,18253,0,0.0,649,1568,16685,0.011518472572531219
42,18295,0,0.0,650,1569,16726,0.011503363517987204
33,18328,0,0.0,651,1570,16758,0.011488404801047796
42,18370,0,0.0,652,1570,16800,0.011473594925828836
42,18412,0,0.0,653,1570,16842,0.011458932411330456
42,18454,0,0.0,654,1570,16884,0.01144441579128899
42,18496,0,0.0,655,1571,16925,0.011430043614030338
15,18511,0,0.0,656,1572,16939,0.011415814442324796
42,18553,0,0.0,657,1572,16981,0.011401726853243335
42,18595,0,0.0,658,1572,17023,0.011387779438015309
42,18637,0,0.0,659,1572,17065,0.011373970801887569
27,18664,0,0.0,660,1573,17091,0.011360299563985
42,18706,0,0.0,661,1573,17133,0.011346764357172414
42,18748,0,0.0,662,1574,17174,0.011333363827917855
42,18790,0,0.0,663,1574,17216,0.011320096636157226
42,18832,0,0.0,664,1574,17258,0.011306961455160297
42,18874,0,0.0,665,1574,17300,0.011293956971398022
42,18916,0,0.0,666,1574,17342,0.01128108188441119
42,18958,0,0.0,667,1574,17384,0.01126833490668037
42,19000,0,0.0,668,1574,17426,0.011255714763497167
42,19042,0,0.0,669,1574,17468,0.011243220192836747
42,19084,0,0.0,670,1575,17509,0.011230849945231628
42,19126,0,0.0,671,1575,17551,0.011218602783646746
42,19168,0,0.0,672,1576,17592,0.011206477483355735
42,19210,0,0.0,673,1576,17634,0.01119447283181846
42,19252,0,0.0,674,1576,17676,0.011182587628559764
42,19294,0,0.0,675,1577,17717,0.011170820685049418
42,19336,0,0.0,676,1577,17759,0.011159170824583262
42,19378,0,0.0,677,1577,17801,0.011147636882165546
42,19420,0,0.0,678,1578,17842,0.011136217704392411
17,19437,0,0.0,679,1579,17858,0.011124912149336568
42,19479,0,0.0,680,1579,17900,0.01111371908643309
42,19521,0,0.0,681,1579,17942,0.011102637396366355
42,19563,0,0.0,682,1579,17984,0.011091665970958125
42,19605,0,0.0,683,1579,18026,0.011080803713056716
21,19626,0,0.0,684,1581,18045,0.011070049536427285
42,19668,0,0.0,685,1581,18087,0.011059402365643208
42,19710,0,0.0,686,1581,18129,0.011048861135978534
15,19725,0,0.0,687,1582,18143,0.011038424793301511
42,19767,0,0.0,688,1583,18184,0.011028092293969175
42,19809,0,0.0,689,1584,18225,0.011017862604722983
42,19851,0,0.0,690,1585,18266,0.011007734702585483
42,19893,0,0.0,691,1585,18308,0.010997707574758025
42,19935,0,0.0,692,1585,18350,0.010987780218519469
42,19977,0,0.0,693,1586,18391,0.010977951641125918
42,20019,0,0.0,694,1587,18432,0.010968220859711442
42,20061,0,0.0,695,1588,18473,0.010958586901189789
42,20103,0,0.0,696,1588,18515,0.01094904880215708
42,20145,0,0.0,697,1588,18557,0.010939605608795464
42,20187,0,0.0,698,1588,18599,0.010930256376777735
42,20229,0,0.0,699,1588,18641,0.010921000171172899
42,20271,0,0.0,700,1588,18683,0.010911836066352685
42,20313,0,0.0,701,1589,18724,0.010902763145898971
42,20355,0,0.0,702,1590,18765,0.010893780502512152
42,20397,0,0.0,703,1590,18807,0.010884887237920403
42,20439,0,0.0,704,1590,18849,0.010876082462789857
42,20481,0,0.0,705,1591,18890,0.010867365296635659
42,20523,0,0.0,706,1591,18932,0.010858734867733933
42,20565,0,0.0,707,1591,18974,0.010850190313034594
42,20607,0,0.0,708,1591,19016,0.010841730778075053
42,20649,0,0.0,709,1591,19058,0.010833355416894765
38,20687,0,0.0,710,1592,19095,0.01082506339195063
42,20729,0,0.0,711,1592,19137,0.010816853874033245
42,20771,0,0.0,712,1593,19178,0.010808726042183978
42,20813,0,0.0,713,1593,19220,0.01080067908361287
42,20855,0,0.0,714,1594,19261,0.01079271219361736
42,20897,0,0.0,715,1594,19303,0.010784824575501804
42,20939,0,0.0,716,1594,19345,0.010777015440497823
42,20981,0,0.0,717,1596,19385,0.010769284007685407
35,21016,0,0.0,718,1597,19419,0.01076162950391483
42,21058,0,0.0,719,1598,19460,0.01075405116372934
42,21100,0,0.0,720,1598,19502,0.010746548229288598
8,21108,0,0.0,721,1599,19509,0.010739119950292912
24,21132,0,0.0,722,1601,19531,0.010731765583908192
42,21174,0,0.0,723,1601,19573,0.010724484394691668
42,21216,0,0.0,724,1601,19615,0.010717275654518353
41,21257,0,0.0,725,1602,19655,0.010710138642508221
42,21299,0,0.0,726,1602,19697,0.010703072644954124
42,21341,0,0.0,727,1602,19739,0.010696076955250418
42,21383,0,0.0,728,1602,19781,0.010689150873822304
30,21413,0,0.0,729,1603,19810,0.010682293708055865
42,21455,0,0.0,730,1603,19852,0.010675504772228813
42,21497,0,0.0,731,1604,19893,0.010668783387441906
15,21512,0,0.0,732,1605,19907,0.010662128881551065
41,21553,0,0.0,733,1606,19947,0.010655540589100154
42,21595,0,0.0,734,1606,19989,0.010649017851254439
42,21637,0,0.0,735,1606,20031,0.0106425600157347
42,21679,0,0.0,736,1606,20073,0.010636166436752002
42,21721,0,0.0,737,1608,20113,0.01062983647494312
42,21763,0,0.0,738,1609,20154,0.010623569497306598
33,21796,0,0.0,739,1610,20186,0.01061736487713945
42,21838,0,0.0,740,1611,20227,0.010611221993974488
15,21853,0,0.0,741,1612,20241,0.010605140233518277
42,21895,0,0.0,742,1612,20283,0.010599118987589702
42,21937,0,0.0,743,1613,20324,0.010593157654059155
42,21979,0,0.0,744,1614,20365,0.010587255636788313
42,22021,0,0.0,745,1616,20405,0.01058141234557053
42,22063,0,0.0,746,1616,20447,0.01057562719607182
42,22105,0,0.0,747,1617,20488,0.010569899609772403
42,22147,0,0.0,748,1617,20530,0.010564229013908884
42,22189,0,0.0,749,1617,20572,0.010558614841416947
42,22231,0,0.0,750,1617,20614,0.010553056530874667
42,22273,0,0.0,751,1617,20656,0.010547553526446355
42,22315,0,0.0,752,1617,20698,0.010542105277826985
38,22353,0,0.0,753,1618,20735,0.010536711240187152
42,22395,0,0.0,754,1619,20776,0.0105313708741186
42,22437,0,0.0,755,1619,20818,0.01052608364558027
40,22477,0,0.0,756,1620,20857,0.010520849025844903
42,22519,0,0.0,757,1620,20899,0.010515666491446161
42,22561,0,0.0,758,1620,20941,0.01051053552412629
42,22603,0,0.0,759,1620,20983,0.010505455610784278
40,22643,0,0.0,760,1622,21021,0.010500426243424558
43,22686,0,0.0,761,1624,21062,0.010495446919106205
42,22728,0,0.0,762,1624,21104,0.010490517139892635
42,22770,0,0.0,763,1624,21146,0.010485636412801822
42,22812,0,0.0,764,1624,21188,0.010480804249756986
42,22854,0,0.0,765,1625,21229,0.010476020167537797
42,22896,0,0.0,766,1625,21271,0.010471283687732046
19,22915,0,0.0,767,1626,21289,0.010466594336687809
42,22957,0,0.0,768,1626,21331,0.010461951645466068
42,22999,0,0.0,769,1626,21373,0.010457355149793835
38,23037,0,0.0,770,1627,21410,0.010452804390017712
42,23079,0,0.0,771,1627,21452,0.010448298911057929
42,23121,0,0.0,772,1627,21494,0.010443838262362837
42,23163,0,0.0,773,1628,21535,0.010439421997863846
42,23205,0,0.0,774,1628,21577,0.010435049675930827
42,23247,0,0.0,775,1628,21619,0.010430720859327945
42,23289,0,0.0,776,1628,21661,0.01042643511516993
42,23331,0,0.0,777,1628,21703,0.010422192014878798
30,23361,0,0.0,778,1629,21732,0.01041799113414098
33,23394,0,0.0,779,1630,21764,0.010413832052864903
17,23411,0,0.0,780,1631,21780,0.010409714355138974
42,23453,0,0.0,781,1631,21822,0.010405637629189989
15,23468,0,0.0,782,1632,21836,0.010401601467341955
42,23510,0,0.0,783,1632,21878,0.010397605465975325
42,23552,0,0.0,784,1632,21920,0.01039364922548663
42,23594,0,0.0,785,1632,21962,0.010389732350248527
42,23636,0,0.0,786,1633,22003,0.010385854448570228
42,23678,0,0.0,787,1633,22045,0.01038201513265833
42,23720,0,0.0,788,1633,22087,0.010378214018578047
42,23762,0,0.0,789,1633,22129,0.0103744507262148
42,23804,0,0.0,790,1633,22171,0.010370724879236218
42,23846,0,0.0,791,1633,22213,0.010367036105054498
42,23888,0,0.0,792,1633,22255,0.010363384034789147
42,23930,0,0.0,793,1633,22297,0.010359768303230097
15,23945,0,0.0,794,1634,22311,0.010356188548801179
42,23987,0,0.0,795,1634,22353,0.010352644413523964
42,24029,0,0.0,796,1635,22394,0.010349135542981974
42,24071,0,0.0,797,1635,22436,0.010345661586285228
42,24113,0,0.0,798,1635,22478,0.010342222196035164
42,24155,0,0.0,799,1635,22520,0.01033881702828989
42,24197,0,0.0,800,1635,22562,0.010335445742529792
42,24239,0,0.0,801,1636,22603,0.010332108001623487
38,24277,0,0.0,802,1637,22640,0.010328803471794101
41,24318,0,0.0,803,1638,22680,0.0103255318225859
42,24360,0,0.0,804,1638,22722,0.010322292726831234
38,24398,0,0.0,805,1639,22759,0.01031908586061783
42,24440,0,0.0,806,1640,22800,0.010315910903256391
42,24482,0,0.0,807,1640,22842,0.01031276753724854
8,24490,0,0.0,808,1641,22849,0.010309655448255054
42,24532,0,0.0,809,1641,22891,0.01030657432506444
42,24574,0,0.0,810,1643,22931,0.010303523859561813
42,24616,0,0.0,811,1643,22973,0.01030050374669808
43,24659,0,0.0,812,1646,23013,0.010297513684459435
42,24701,0,0.0,813,1646,23055,0.010294553373837166
42,24743,0,0.0,814,1646,23097,0.010291622518797741
22,24765,0,0.0,815,1647,23118,0.010288720826253218
42,24807,0,0.0,816,1647,23160,0.010285848006031922
42,24849,0,0.0,817,1647,23202,0.010283003770849435
42,24891,0,0.0,818,1647,23244,0.010280187836279871
42,24933,0,0.0,819,1648,23285,0.010277399920727424
42,24975,0,0.0,820,1648,23327,0.01027463974539822
42,25017,0,0.0,821,1649,23368,0.010271907034272422
42,25059,0,0.0,822,1649,23410,0.01026920151407664
42,25101,0,0.0,823,1649,23452,0.010266522914256601
42,25143,0,0.0,824,1649,23494,0.010263870966950093
42,25185,0,0.0,825,1649,23536,0.01026124540696017
42,25227,0,0.0,826,1649,23578,0.010258645971728651
42,25269,0,0.0,827,1649,23620,0.010256072401309843
42,25311,0,0.0,828,1649,23662,0.01025352443834456
42,25353,0,0.0,829,1649,23704,0.010251001828034383
42,25395,0,0.0,830,1649,23746,0.010248504318116178
31,25426,0,0.0,831,1650,23776,0.010246031658836873
42,25468,0,0.0,832,1652,23816,0.010243583602928479
42,25510,0,0.0,833,1652,23858,0.010241159905583363
42,25552,0,0.0,834,1652,23900,0.010238760324429774
42,25594,0,0.0,835,1652,23942,0.010236384619507594
42,25636,0,0.0,836,1652,23984,0.010234032553244354
43,25679,0,0.0,837,1653,24026,0.010231703890431466
42,25721,0,0.0,838,1653,24068,0.01022939839820071
15,25736,0,0.0,839,1654,24082,0.010227115846000938
42,25778,0,0.0,840,1654,24124,0.01022485600557503
42,25820,0,0.0,841,1654,24166,0.01022261865093706
42,25862,0,0.0,842,1655,24207,0.010220403558349701
42,25904,0,0.0,843,1655,24249,0.010218210506301846
42,25946,0,0.0,844,1655,24291,0.010216039275486465
26,25972,0,0.0,845,1656,24316,0.010213889648778665
27,25999,0,0.0,846,1657,24342,0.010211761411213984
42,26041,0,0.0,847,1657,24384,0.010209654349966894
42,26083,0,0.0,848,1658,24425,0.010207568254329514
42,26125,0,0.0,849,1658,24467,0.01020550291569054
24,26149,0,0.0,850,1659,24490,0.010203458127514388
42,26191,0,0.0,851,1659,24532,0.010201433685320538
29,26220,0,0.0,852,1660,24560,0.010199429386663081
42,26262,0,0.0,853,1660,24602,0.010197445031110482
42,26304,0,0.0,854,1661,24643,0.010195480420225531
38,26342,0,0.0,855,1662,24680,0.010193535357545505
42,26384,0,0.0,856,1662,24722,0.010191609648562514
42,26426,0,0.0,857,1663,24763,0.010189703100704052
42,26468,0,0.0,858,1663,24805,0.01018781552331375
42,26510,0,0.0,859,1664,24846,0.01018594672763229
42,26552,0,0.0,860,1664,24888,0.010184096526778551
42,26594,0,0.0,861,1665,24929,0.010182264735730903
42,26636,0,0.0,862,1666,24970,0.010180451171308717
42,26678,0,0.0,863,1666,25012,0.010178655652154037
29,26707,0,0.0,864,1668,25039,0.010176877998713455
42,26749,0,0.0,865,1668,25081,0.01017511803322014
42,26791,0,0.0,866,1668,25123,0.010173375579676082
42,26833,0,0.0,867,1668,25165,0.01017165046383447
42,26875,0,0.0,868,1668,25207,0.010169942513182286
42,26917,0,0.0,869,1668,25249,0.010168251556923037
27,26944,0,0.0,870,1669,25275,0.010166577425959692
42,26986,0,0.0,871,1669,25317,0.010164919952877757
42,27028,0,0.0,872,1671,25357,0.010163278971928544
42,27070,0,0.0,873,1671,25399,0.01016165431901259
42,27112,0,0.0,874,1671,25441,0.01016004583166325
42,27154,0,0.0,875,1672,25482,0.010158453349030448
42,27196,0,0.0,876,1672,25524,0.010156876711864594
42,27238,0,0.0,877,1673,25565,0.010155315762500658
42,27280,0,0.0,878,1673,25607,0.0101537703448424
42,27322,0,0.0,879,1673,25649,0.010152240304346772
39,27361,0,0.0,880,1675,25686,0.010150725488008444
42,27403,0,0.0,881,1675,25728,0.010149225744344521
42,27445,0,0.0,882,1675,25770,0.01014774092337939
42,27487,0,0.0,883,1675,25812,0.010146270876629714
42,27529,0,0.0,884,1675,25854,0.010144815457089593
42,27571,0,0.0,885,1675,25896,0.010143374519215861
34,27605,0,0.0,886,1676,25929,0.01014194791891353
42,27647,0,0.0,887,1676,25971,0.01014053551352138
42,27689,0,0.0,888,1676,26013,0.010139137161797698
42,27731,0,0.0,889,1676,26055,0.010137752723906142
42,27773,0,0.0,890,1676,26097,0.01013638206140177
42,27815,0,0.0,891,1677,26138,0.010135025037217192
42,27857,0,0.0,892,1677,26180,0.010133681515648855
42,27899,0,0.0,893,1677,26222,0.010132351362343486
26,27925,0,0.0,894,1678,26247,0.010131034444284644
42,27967,0,0.0,895,1678,26289,0.010129730629779427
22,27989,0,0.0,896,1679,26310,0.010128439788445296
42,28031,0,0.0,897,1679,26352,0.010127161791197044
42,28073,0,0.0,898,1679,26394,0.01012589651023388
42,28115,0,0.0,899,1679,26436,0.010124643819026653
42,28157,0,0.0,900,1679,26478,0.0101234035923052
42,28199,0,0.0,901,1679,26520,0.010122175706045813
42,28241,0,0.0,902,1679,26562,0.010120960037458845
38,28279,0,0.0,903,1681,26598,0.010119756464976423
42,28321,0,0.0,904,1681,26640,0.010118564868240294
24,28345,0,0.0,905,1682,26663,0.010117385128089795
42,28387,0,0.0,906,1683,26704,0.010116217126549927
4,28391,0,0.0,907,1684,26707,0.010115060746819561
42,28433,0,0.0,908,1685,26748,0.010113915873259762
42,28475,0,0.0,909,1685,26790,0.010112782391382219
38,28513,0,0.0,910,1686,26827,0.010111660187837799
42,28555,0,0.0,911,1686,26869,0.010110549150405214
38,28593,0,0.0,912,1687,26906,0.010109449167979795
16,28609,0,0.0,913,1688,26921,0.010108360130562379
42,28651,0,0.0,914,1689,26962,0.010107281929248322
42,28693,0,0.0,915,1689,27004,0.010106214456216591
42,28735,0,0.0,916,1689,27046,0.010105157604718994
42,28777,0,0.0,917,1689,27088,0.010104111269069502
42,28819,0,0.0,918,1689,27130,0.010103075344633675
42,28861,0,0.0,919,1689,27172,0.010102049727818207
14,28875,0,0.0,920,1690,27185,0.010101034316060565
19,28894,0,0.0,921,1691,27203,0.010100029007818723
42,28936,0,0.0,922,1691,27245,0.01009903370256102
42,28978,0,0.0,923,1691,27287,0.010098048300756102
42,29020,0,0.0,924,1692,27328,0.010097072703862968
42,29062,0,0.0,925,1692,27370,0.010096106814321115
42,29104,0,0.0,926,1692,27412,0.01009515053554078
42,29146,0,0.0,927,1692,27454,0.010094203771893295
42,29188,0,0.0,928,1692,27496,0.010093266428701501
42,29230,0,0.0,929,1692,27538,0.0100923384122303
42,29272,0,0.0,930,1692,27580,0.01009141962967727
42,29314,0,0.0,931,1692,27622,0.010090509989163391
42,29356,0,0.0,932,1692,27664,0.010089609399723856
8,29364,0,0.0,933,1694,27670,0.010088717771298966
42,29406,0,0.0,934,1694,27712,0.010087835014725138
27,29433,0,0.0,935,1695,27738,0.010086961041725979
42,29475,0,0.0,936,1696,27779,0.01008609576490346
42,29517,0,0.0,937,1696,27821,0.010085239097729176
42,29559,0,0.0,938,1696,27863,0.0100843909545357
42,29601,0,0.0,939,1696,27905,0.010083551250508005
42,29643,0,0.0,940,1696,27947,0.010082719901674985
42,29685,0,0.0,941,1696,27989,0.010081896824901066
42,29727,0,0.0,942,1696,28031,0.010081081937877885
42,29769,0,0.0,943,1696,28073,0.01008027515911606
42,29811,0,0.0,944,1696,28115,0.010079476407937044
42,29853,0,0.0,945,1696,28157,0.010078685604465051
18,29871,0,0.0,946,1698,28173,0.010077902669619077
31,29902,0,0.0,947,1699,28203,0.010077127525104984
42,29944,0,0.0,948,1699,28245,0.010076360093407673
42,29986,0,0.0,949,1699,28287,0.010075600297783338
42,30028,0,0.0,950,1699,28329,0.010074848062251781
42,30070,0,0.0,951,1699,28371,0.010074103311588823
42,30112,0,0.0,952,1699,28413,0.010073365971318778
42,30154,0,0.0,953,1699,28455,0.010072635967707003
45,30199,0,0.0,954,1700,28499,0.010071913227752527
34,30233,0,0.0,955,1701,28532,0.010071197679180756
42,30275,0,0.0,956,1701,28574,0.010070489250436234
42,30317,0,0.0,957,1701,28616,0.010069787870675497
41,30358,0,0.0,958,1702,28656,0.010069093469759984
42,30400,0,0.0,959,1704,28696,0.010068405978249026
42,30442,0,0.0,960,1704,28738,0.010067725327392897
26,30468,0,0.0,961,1705,28763,0.010067051449125945
42,30510,0,0.0,962,1706,28804,0.010066384276059784
42,30552,0,0.0,963,1706,28846,0.010065723741476547
41,30593,0,0.0,964,1707,28886,0.01006506977932223
42,30635,0,0.0,965,1707,28928,0.010064422324200068
42,30677,0,0.0,966,1708,28969,0.010063781311364012
42,30719,0,0.0,967,1708,29011,0.010063146676712244
42,30761,0,0.0,968,1708,29053,0.01006251835678077
42,30803,0,0.0,969,1708,29095,0.010061896288737071
42,30845,0,0.0,970,1708,29137,0.01006128041037383
42,30887,0,0.0,971,1708,29179,0.01006067066010269
42,30929,0,0.0,972,1708,29221,0.01006006697694812
42,30971,0,0.0,973,1708,29263,0.010059469300541302
42,31013,0,0.0,974,1709,29304,0.010058877571114096
33,31046,0,0.0,975,1710,29336,0.010058291729493065
42,31088,0,0.0,976,1710,29378,0.01005771171709356
42,31130,0,0.0,977,1711,29419,0.010057137475913858
42,31172,0,0.0,978,1711,29461,0.010056568948529363
31,31203,0,0.0,979,1712,29491,0.010056006078086861
42,31245,0,0.0,980,1712,29533,0.01005544880829884
42,31287,0,0.0,981,1712,29575,0.010054897083437856
42,31329,0,0.0,982,1712,29617,0.010054350848330963
42,31371,0,0.0,983,1714,29657,0.010053810048354195
42,31413,0,0.0,984,1714,29699,0.010053274629427107
42,31455,0,0.0,985,1715,29740,0.010052744538007355
42,31497,0,0.0,986,1715,29782,0.01005221972108536
42,31539,0,0.0,987,1716,29823,0.010051700126178988
42,31581,0,0.0,988,1716,29865,0.010051185701328317
42,31623,0,0.0,989,1718,29905,0.010050676395090436
42,31665,0,0.0,990,1718,29947,0.010050172156534292
42,31707,0,0.0,991,1719,29988,0.010049672935235614
42,31749,0,0.0,992,1719,30030,0.010049178681271852
42,31791,0,0.0,993,1719,30072,0.010048689345217202
42,31833,0,0.0,994,1719,30114,0.010048204878137646
42,31875,0,0.0,995,1719,30156,0.010047725231586075
42,31917,0,0.0,996,1719,30198,0.010047250357597435
42,31959,0,0.0,997,1719,30240,0.010046780208683928
42,32001,0,0.0,998,1719,30282,0.010046314737830275
38,32039,0,0.0,999,1720,30319,0.010045853898488999
42,32081,0,0.0,1000,1720,30361,0.010045397644575786
42,32123,0,0.0,1001,1720,30403,0.010044945930464861
42,32165,0,0.0,1002,1720,30445,0.010044498710984437
42,32207,0,0.0,1003,1720,30487,0.010044055941412194
18,32225,0,0.0,1004,1721,30504,0.010043617577470805
43,32268,0,0.0,1005,1722,30546,0.010043183575323512
42,32310,0,0.0,1006,1722,30588,0.010042753891569738
42,32352,0,0.0,1007,1722,30630,0.01004232848324075
42,32394,0,0.0,1008,1722,30672,0.010041907307795358
42,32436,0,0.0,1009,1723,30713,0.01004149032311567
42,32478,0,0.0,1010,1723,30755,0.010041077487502869
42,32520,0,0.0,1011,1723,30797,0.010040668759673048
42,32562,0,0.0,1012,1723,30839,0.010040264098753086
42,32604,0,0.0,1013,1725,30879,0.010039863464276553
42,32646,0,0.0,1014,1727,30919,0.010039466816179668
42,32688,0,0.0,1015,1727,30961,0.010039074114797288
42,32730,0,0.0,1016,1727,31003,0.01003868532085895
42,32772,0,0.0,1017,1727,31045,0.010038300395484938
42,32814,0,0.0,1018,1727,31087,0.01003791930018239
40,32854,0,0.0,1019,1728,31126,0.01003754199684146
42,32896,0,0.0,1020,1728,31168,0.0100371684477315
42,32938,0,0.0,1021,1728,31210,0.010036798615497286
42,32980,0,0.0,1022,1728,31252,0.010036432463155286
18,32998,0,0.0,1023,1729,31269,0.010036069954089965
40,33038,0,0.0,1024,1730,31308,0.01003571105205011
33,33071,0,0.0,1025,1732,31339,0.01003535572114522
42,33113,0,0.0,1026,1732,31381,0.010035003925841906
42,33155,0,0.0,1027,1732,31423,0.010034655630960348
42,33197,0,0.0,1028,1733,31464,0.010034310801670764
42,33239,0,0.0,1029,1733,31506,0.010033969403489941
42,33281,0,0.0,1030,1733,31548,0.010033631402277775
42,33323,0,0.0,1031,1733,31590,0.010033296764233863
42,33365,0,0.0,1032,1733,31632,0.01003296545589412
42,33407,0,0.0,1033,1733,31674,0.01003263744412744
42,33449,0,0.0,1034,1733,31716,0.010032312696132369
42,33491,0,0.0,1035,1734,31757,0.01003199117943384
42,33533,0,0.0,1036,1736,31797,0.010031672861879913
42,33575,0,0.0,1037,1736,31839,0.010031357711638567
42,33617,0,0.0,1038,1736,31881,0.010031045697194518
42,33659,0,0.0,1039,1736,31923,0.01003073678734606
20,33679,0,0.0,1040,1737,31942,0.01003043095120195
42,33721,0,0.0,1041,1737,31984,0.01003012815817832
42,33763,0,0.0,1042,1737,32026,0.010029828377995615
42,33805,0,0.0,1043,1737,32068,0.010029531580675564
27,33832,0,0.0,1044,1738,32094,0.010029237736538193
4,33836,0,0.0,1045,1739,32097,0.01002894681619884
42,33878,0,0.0,1046,1739,32139,0.010028658790565229
42,33920,0,0.0,1047,1740,32180,0.010028373630834558
42,33962,0,0.0,1048,1741,32221,0.010028091308490614
42,34004,0,0.0,1049,1741,32263,0.010027811795300929
42,34046,0,0.0,1050,1741,32305,0.01002753506331395
42,34088,0,0.0,1051,1742,32346,0.01002726108485625
42,34130,0,0.0,1052,1745,32385,0.010026989832529752
42,34172,0,0.0,1053,1745,32427,0.010026721279208999
42,34214,0,0.0,1054,1745,32469,0.010026455398038434
42,34256,0,0.0,1055,1745,32511,0.01002619216242972
31,34287,0,0.0,1056,1746,32541,0.010025931546059077
42,34329,0,0.0,1057,1746,32583,0.010025673522864646
41,34370,0,0.0,1058,1747,32623,0.0100254180670439
42,34412,0,0.0,1059,1747,32665,0.010025165153051038
9,34421,0,0.0,1060,1748,32673,0.010024914755594453
42,34463,0,0.0,1061,1749,32714,0.01002466684963419
42,34505,0,0.0,1062,1749,32756,0.010024421410379444
42,34547,0,0.0,1063,1751,32796,0.01002417841328609
42,34589,0,0.0,1064,1751,32838,0.010023937834054211
42,34631,0,0.0,1065,1752,32879,0.010023699648625687
42,34673,0,0.0,1066,1752,32921,0.010023463833181775
42,34715,0,0.0,1067,1752,32963,0.010023230364140734
42,34757,0,0.0,1068,1752,33005,0.010022999218155467
38,34795,0,0.0,1069,1755,33040,0.01002277037211118
42,34837,0,0.0,1070,1757,33080,0.01002254380312308
42,34879,0,0.0,1071,1757,33122,0.01002231948853408
42,34921,0,0.0,1072,1757,33164,0.010022097405912533
42,34963,0,0.0,1073,1757,33206,0.010021877533049992
42,35005,0,0.0,1074,1757,33248,0.010021659847958985
42,35047,0,0.0,1075,1757,33290,0.010021444328870826
42,35089,0,0.0,1076,1758,33331,0.010021230954233424
42,35131,0,0.0,1077,1758,33373,0.010021019702709136
42,35173,0,0.0,1078,1758,33415,0.010020810553172638
18,35191,0,0.0,1079,1759,33432,0.010020603484708799
42,35233,0,0.0,1080,1759,33474,0.0100203984766106
42,35275,0,0.0,1081,1759,33516,0.01002019550837706
22,35297,0,0.0,1082,1760,33537,0.010019994559711188
43,35340,0,0.0,1083,1761,33579,0.01001979561051795
42,35382,0,0.0,1084,1761,33621,0.01001959864090226
42,35424,0,0.0,1085,1761,33663,0.010019403631166992
42,35466,0,0.0,1086,1761,33705,0.01001921056181101
42,35508,0,0.0,1087,1761,33747,0.01001901941352722
42,35550,0,0.0,1088,1761,33789,0.01001883016720063
15,35565,0,0.0,1089,1762,33803,0.010018642803906453
45,35610,0,0.0,1090,1763,33847,0.010018457304908203
42,35652,0,0.0,1091,1763,33889,0.010018273651655822
42,35694,0,0.0,1092,1764,33930,0.010018091825783837
32,35726,0,0.0,1093,1765,33961,0.010017911809109508
42,35768,0,0.0,1094,1765,34003,0.010017733583631014
42,35810,0,0.0,1095,1765,34045,0.010017557131525663
42,35852,0,0.0,1096,1765,34087,0.010017382435148095
41,35893,0,0.0,1097,1766,34127,0.010017209477028527
42,35935,0,0.0,1098,1766,34169,0.010017038239871004
42,35977,0,0.0,1099,1766,34211,0.010016868706551666
42,36019,0,0.0,1100,1767,34252,0.01001670086011704
42,36061,0,0.0,1101,1767,34294,0.010016534683782344
42,36103,0,0.0,1102,1767,34336,0.010016370160929804
42,36145,0,0.0,1103,1767,34378,0.010016207275107
42,36187,0,0.0,1104,1768,34419,0.010016046010025212
42,36229,0,0.0,1105,1768,34461,0.0100158863495578
38,36267,0,0.0,1106,1769,34498,0.01001572827773858
42,36309,0,0.0,1107,1771,34538,0.010015571778760241
42,36351,0,0.0,1108,1771,34580,0.010015416836972756
42,36393,0,0.0,1109,1773,34620,0.010015263436881815
42,36435,0,0.0,1110,1773,34662,0.010015111563147282
42,36477,0,0.0,1111,1773,34704,0.010014961200581656
42,36519,0,0.0,1112,1773,34746,0.010014812334148557
42,36561,0,0.0,1113,1773,34788,0.010014664948961216
42,36603,0,0.0,1114,1774,34829,0.010014519030280992
42,36645,0,0.0,1115,1774,34871,0.010014374563515895
42,36687,0,0.0,1116,1774,34913,0.01001423153421913
42,36729,0,0.0,1117,1774,34955,0.010014089928087644
42,36771,0,0.0,1118,1774,34997,0.01001394973096071
2,36773,0,0.0,1119,1775,34998,0.010013810928818496
42,36815,0,0.0,1120,1776,35039,0.010013673507780674
19,36834,0,0.0,1121,1777,35057,0.010013537454105024
24,36858,0,0.0,1122,1778,35080,0.010013402754186067
42,36900,0,0.0,1123,1779,35121,0.010013269394553695
42,36942,0,0.0,1124,1779,35163,0.010013137361871838
42,36984,0,0.0,1125,1779,35205,0.010013006642937116
42,37026,0,0.0,1126,1779,35247,0.010012877224677526
42,37068,0,0.0,1127,1779,35289,0.010012749094151136
15,37083,0,0.0,1128,1780,35303,0.010012622238544785
42,37125,0,0.0,1129,1780,35345,0.010012496645172807
44,37169,0,0.0,1130,1782,35387,0.01001237230147576
9,37178,0,0.0,1131,1783,35395,0.01001224919501917
42,37220,0,0.0,1132,1783,35437,0.01001212731349229
42,37262,0,0.0,1133,1783,35479,0.010012006644706866
42,37304,0,0.0,1134,1783,35521,0.010011887176595919
42,37346,0,0.0,1135,1783,35563,0.010011768897212536
2,37348,0,0.0,1136,1784,35564,0.010011651794728682
42,37390,0,0.0,1137,1784,35606,0.010011535857434011
42,37432,0,0.0,1138,1784,35648,0.010011421073734697
42,37474,0,0.0,1139,1784,35690,0.010011307432152275
24,37498,0,0.0,1140,1786,35712,0.01001119492132249
42,37540,0,0.0,1141,1786,35754,0.010011083529994165
27,37567,0,0.0,1142,1787,35780,0.010010973247028078
42,37609,0,0.0,1143,1787,35822,0.010010864061395836
42,37651,0,0.0,1144,1787,35864,0.01001075596217879
42,37693,0,0.0,1145,1787,35906,0.010010648938566923
42,37735,0,0.0,1146,1787,35948,0.010010542979857786
42,37777,0,0.0,1147,1787,35990,0.010010438075455421
42,37819,0,0.0,1148,1787,36032,0.010010334214869302
42,37861,0,0.0,1149,1787,36074,0.010010231387713281
42,37903,0,0.0,1150,1787,36116,0.010010129583704556
42,37945,0,0.0,1151,1787,36158,0.010010028792662645
8,37953,0,0.0,1152,1788,36165,0.010009929004508356
37,37990,0,0.0,1153,1790,36200,0.010009830209262792
42,38032,0,0.0,1154,1790,36242,0.010009732397046348
42,38074,0,0.0,1155,1790,36284,0.010009635558077717
42,38116,0,0.0,1156,1790,36326,0.010009539682672925
38,38154,0,0.0,1157,1791,36363,0.010009444761244348
42,38196,0,0.0,1158,1791,36405,0.010009350784299768
33,38229,0,0.0,1159,1792,36437,0.01000925774244141
42,38271,0,0.0,1160,1792,36479,0.01000916562636501
15,38286,0,0.0,1161,1793,36493,0.010009074426858885
42,38328,0,0.0,1162,1794,36534,0.010008984134803008
42,38370,0,0.0,1163,1794,36576,0.010008894741168098
42,38412,0,0.0,1164,1794,36618,0.010008806237014717
42,38454,0,0.0,1165,1794,36660,0.010008718613492376
42,38496,0,0.0,1166,1795,36701,0.010008631861838651
42,38538,0,0.0,1167,1795,36743,0.010008545973378302
42,38580,0,0.0,1168,1796,36784,0.010008460939522413
42,38622,0,0.0,1169,1797,36825,0.010008376751767528
42,38664,0,0.0,1170,1797,36867,0.010008293401694799
42,38706,0,0.0,1171,1797,36909,0.01000821088096915
15,38721,0,0.0,1172,1798,36923,0.010008129181338442
33,38754,0,0.0,1173,1799,36955,0.01000804829463264
42,38796,0,0.0,1174,1799,36997,0.01000796821276301
42,38838,0,0.0,1175,1799,37039,0.010007888927721297
14,38852,0,0.0,1176,1800,37052,0.010007810431578928
36,38888,0,0.0,1177,1801,37087,0.010007732716486228
42,38930,0,0.0,1178,1802,37128,0.01000765577467162
42,38972,0,0.0,1179,1802,37170,0.010007579598440857
42,39014,0,0.0,1180,1802,37212,0.010007504180176256
42,39056,0,0.0,1181,1802,37254,0.010007429512335927
42,39098,0,0.0,1182,1802,37296,0.010007355587453021
42,39140,0,0.0,1183,1802,37338,0.010007282398134991
42,39182,0,0.0,1184,1802,37380,0.010007209937062844
18,39200,0,0.0,1185,1803,37397,0.01000713819699041
38,39238,0,0.0,1186,1804,37434,0.010007067170743624
42,39280,0,0.0,1187,1805,37475,0.010006996851219802
42,39322,0,0.0,1188,1806,37516,0.010006927231386933
42,39364,0,0.0,1189,1807,37557,0.010006858304282974
42,39406,0,0.0,1190,1808,37598,0.01000679006301516
42,39448,0,0.0,1191,1809,37639,0.010006722500759306
42,39490,0,0.0,1192,1809,37681,0.010006655610759129
42,39532,0,0.0,1193,1809,37723,0.010006589386325575
42,39574,0,0.0,1194,1809,37765,0.010006523820836145
42,39616,0,0.0,1195,1810,37806,0.010006458907734234
45,39661,0,0.0,1196,1811,37850,0.010006394640528481
42,39703,0,0.0,1197,1811,37892,0.010006331012792108
3,39706,0,0.0,1198,1812,37894,0.01000626801816229
42,39748,0,0.0,1199,1812,37936,0.010006205650339512
42,39790,0,0.0,1200,1812,37978,0.010006143903086939
45,39835,0,0.0,1201,1813,38022,0.010006082770229794
42,39877,0,0.0,1202,1814,38063,0.010006022245654743
42,39919,0,0.0,1203,1814,38105,0.010005962323309275
42,39961,0,0.0,1204,1814,38147,0.010005902997201107
42,40003,0,0.0,1205,1814,38189,0.010005844261397577
42,40045,0,0.0,1206,1814,38231,0.010005786110025058
20,40065,0,0.0,1207,1815,38250,0.010005728537268364
36,40101,0,0.0,1208,1816,38285,0.010005671537370168
42,40143,0,0.0,1209,1816,38327,0.010005615104630439
38,40181,0,0.0,1210,1817,38364,0.01000555923340585
42,40223,0,0.0,1211,1817,38406,0.010005503918109233
42,40265,0,0.0,1212,1817,38448,0.010005449153209016
42,40307,0,0.0,1213,1817,38490,0.01000539493322866
42,40349,0,0.0,1214,1818,38531,0.010005341252746124
42,40391,0,0.0,1215,1818,38573,0.010005288106393312
42,40433,0,0.0,1216,1819,38614,0.010005235488855546
42,40475,0,0.0,1217,1819,38656,0.010005183394871029
42,40517,0,0.0,1218,1819,38698,0.010005131819230318
42,40559,0,0.0,1219,1819,38740,0.010005080756775806
24,40583,0,0.0,1220,1820,38763,0.010005030202401208
42,40625,0,0.0,1221,1820,38805,0.01000498015105104
42,40667,0,0.0,1222,1820,38847,0.010004930597720129
42,40709,0,0.0,1223,1820,38889,0.010004881537453098
42,40751,0,0.0,1224,1820,38931,0.01000483296534388
42,40793,0,0.0,1225,1822,38971,0.010004784876535224
4,40797,0,0.0,1226,1823,38974,0.010004737266218209
42,40839,0,0.0,1227,1824,39015,0.010004690129631762
38,40877,0,0.0,1228,1825,39052,0.010004643462062188
42,40919,0,0.0,1229,1827,39092,0.01000459725884269
42,40961,0,0.0,1230,1829,39132,0.010004551515352907
42,41003,0,0.0,1231,1829,39174,0.010004506227018452
40,41043,0,0.0,1232,1830,39213,0.010004461389310455
42,41085,0,0.0,1233,1830,39255,0.010004416997745106
42,41127,0,0.0,1234,1830,39297,0.010004373047883213
42,41169,0,0.0,1235,1830,39339,0.010004329535329752
42,41211,0,0.0,1236,1832,39379,0.010004286455733433
42,41253,0,0.0,1237,1832,39421,0.010004243804786258
42,41295,0,0.0,1238,1832,39463,0.010004201578223099
42,41337,0,0.0,1239,1832,39505,0.010004159771821263
27,41364,0,0.0,1240,1833,39531,0.010004118381400076
42,41406,0,0.0,1241,1833,39573,0.010004077402820461
42,41448,0,0.0,1242,1833,39615,0.010004036831984526
42,41490,0,0.0,1243,1833,39657,0.010003996664835153
42,41532,0,0.0,1244,1833,39699,0.010003956897355594
42,41574,0,0.0,1245,1834,39740,0.010003917525569068
42,41616,0,0.0,1246,1836,39780,0.010003878545538364
19,41635,0,0.0,1247,1837,39798,0.010003839953365446
42,41677,0,0.0,1248,1837,39840,0.010003801745191065
42,41719,0,0.0,1249,1838,39881,0.01000376391719437
42,41761,0,0.0,1250,1839,39922,0.010003726465592533
42,41803,0,0.0,1251,1840,39963,0.010003689386640358
42,41845,0,0.0,1252,1840,40005,0.010003652676629922
42,41887,0,0.0,1253,1840,40047,0.010003616331890194
42,41929,0,0.0,1254,1840,40089,0.01000358034878667
42,41971,0,0.0,1255,1840,40131,0.010003544723721006
42,42013,0,0.0,1256,1840,40173,0.010003509453130669
42,42055,0,0.0,1257,1840,40215,0.01000347453348857
42,42097,0,0.0,1258,1840,40257,0.010003439961302714
42,42139,0,0.0,1259,1840,40299,0.010003405733115854
42,42181,0,0.0,1260,1840,40341,0.010003371845505146
42,42223,0,0.0,1261,1840,40383,0.010003338295081798
38,42261,0,0.0,1262,1841,40420,0.01000330507849074
42,42303,0,0.0,1263,1841,40462,0.010003272192410284
42,42345,0,0.0,1264,1841,40504,0.010003239633551798
36,42381,0,0.0,1265,1842,40539,0.010003207398659366
41,42422,0,0.0,1266,1843,40579,0.010003175484509472
42,42464,0,0.0,1267,1843,40621,0.010003143887910676
30,42494,0,0.0,1268,1845,40649,0.010003112605703291
15,42509,0,0.0,1269,1846,40663,0.01000308163475907
42,42551,0,0.0,1270,1846,40705,0.010003050971980893
42,42593,0,0.0,1271,1846,40747,0.010003020614302456
42,42635,0,0.0,1272,1846,40789,0.010002990558687967
42,42677,0,0.0,1273,1847,40830,0.010002960802131838
42,42719,0,0.0,1274,1848,40871,0.010002931341658392
39,42758,0,0.0,1275,1849,40909,0.010002902174321553
42,42800,0,0.0,1276,1850,40950,0.010002873297204564
42,42842,0,0.0,1277,1850,40992,0.01000284470741969
42,42884,0,0.0,1278,1850,41034,0.01000281640210793
42,42926,0,0.0,1279,1850,41076,0.010002788378438727
42,42968,0,0.0,1280,1850,41118,0.010002760633609692
42,43010,0,0.0,1281,1850,41160,0.010002733164846317
42,43052,0,0.0,1282,1850,41202,0.010002705969401705
42,43094,0,0.0,1283,1850,41244,0.010002679044556288
37,43131,0,0.0,1284,1851,41280,0.01000265238761756
33,43164,0,0.0,1285,1852,41312,0.010002625995919804
42,43206,0,0.0,1286,1852,41354,0.010002599866823827
42,43248,0,0.0,1287,1852,41396,0.0100025739977167
42,43290,0,0.0,1288,1852,41438,0.01000254838601149
42,43332,0,0.0,1289,1852,41480,0.010002523029147005
42,43374,0,0.0,1290,1852,41522,0.010002497924587536
42,43416,0,0.0,1291,1852,41564,0.010002473069822607
42,43458,0,0.0,1292,1852,41606,0.010002448462366724
42,43500,0,0.0,1293,1852,41648,0.010002424099759115
42,43542,0,0.0,1294,1852,41690,0.010002399979563504
42,43584,0,0.0,1295,1852,41732,0.010002376099367848
41,43625,0,0.0,1296,1853,41772,0.01000235245678411
42,43667,0,0.0,1297,1854,41813,0.01000232904944801
2,43669,0,0.0,1298,1855,41814,0.010002305875018797
42,43711,0,0.0,1299,1855,41856,0.010002282931179005
42,43753,0,0.0,1300,1855,41898,0.010002260215634235
42,43795,0,0.0,1301,1855,41940,0.010002237726112912
29,43824,0,0.0,1302,1857,41967,0.010002215460366065
42,43866,0,0.0,1303,1857,42009,0.0100021934161671
42,43908,0,0.0,1304,1858,42050,0.01000217159131158
42,43950,0,0.0,1305,1858,42092,0.010002149983617
42,43992,0,0.0,1306,1858,42134,0.010002128590922576
42,44034,0,0.0,1307,1858,42176,0.010002107411089015
42,44076,0,0.0,1308,1858,42218,0.01000208644199832
42,44118,0,0.0,1309,1858,42260,0.010002065681553565
42,44160,0,0.0,1310,1860,42300,0.010002045127678686
42,44202,0,0.0,1311,1860,42342,0.010002024778318278
42,44244,0,0.0,1312,1860,42384,0.01000200463143739
42,44286,0,0.0,1313,1862,42424,0.010001984685021318
42,44328,0,0.0,1314,1863,42465,0.010001964937075399
42,44370,0,0.0,1315,1863,42507,0.010001945385624827
42,44412,0,0.0,1316,1863,42549,0.010001926028714438
29,44441,0,0.0,1317,1864,42577,0.010001906864408525
42,44483,0,0.0,1318,1864,42619,0.010001887890790642
20,44503,0,0.0,1319,1865,42638,0.010001869105963412
42,44545,0,0.0,1320,1865,42680,0.010001850508048336
42,44587,0,0.0,1321,1865,42722,0.010001832095185606
42,44629,0,0.0,1322,1866,42763,0.010001813865533922
42,44671,0,0.0,1323,1866,42805,0.010001795817270303
42,44713,0,0.0,1324,1866,42847,0.010001777948589908
42,44755,0,0.0,1325,1867,42888,0.010001760257705852
42,44797,0,0.0,1326,1867,42930,0.010001742742849035
42,44839,0,0.0,1327,1867,42972,0.010001725402267955
30,44869,0,0.0,1328,1868,43001,0.010001708234228539
42,44911,0,0.0,1329,1868,43043,0.01000169123701397
42,44953,0,0.0,1330,1868,43085,0.010001674408924511
42,44995,0,0.0,1331,1869,43126,0.01000165774827734
42,45037,0,0.0,1332,1870,43167,0.010001641253406378
42,45079,0,0.0,1333,1870,43209,0.010001624922662126
38,45117,0,0.0,1334,1871,43246,0.010001608754411492
42,45159,0,0.0,1335,1871,43288,0.010001592747037642
42,45201,0,0.0,1336,1871,43330,0.010001576898939822
42,45243,0,0.0,1337,1873,43370,0.010001561208533209
42,45285,0,0.0,1338,1873,43412,0.010001545674248751
42,45327,0,0.0,1339,1873,43454,0.010001530294533007
42,45369,0,0.0,1340,1873,43496,0.01000151506784799
42,45411,0,0.0,1341,1873,43538,0.010001499992671022
42,45453,0,0.0,1342,1874,43579,0.01000148506749457
4,45457,0,0.0,1343,1875,43582,0.010001470290826106
42,45499,0,0.0,1344,1876,43623,0.01000145566118795
38,45537,0,0.0,1345,1877,43660,0.010001441177117125
42,45579,0,0.0,1346,1877,43702,0.010001426837165211
42,45621,0,0.0,1347,1877,43744,0.010001412639898205
38,45659,0,0.0,1348,1878,43781,0.010001398583896365
42,45701,0,0.0,1349,1879,43822,0.01000138466775408
42,45743,0,0.0,1350,1879,43864,0.010001370890079726
42,45785,0,0.0,1351,1879,43906,0.01000135724949552
42,45827,0,0.0,1352,1880,43947,0.010001343744637396
42,45869,0,0.0,1353,1880,43989,0.010001330374154856
18,45887,0,0.0,1354,1881,44006,0.010001317136710838
42,45929,0,0.0,1355,1881,44048,0.010001304030981591
42,45971,0,0.0,1356,1881,44090,0.010001291055656527
42,46013,0,0.0,1357,1881,44132,0.010001278209438106
42,46055,0,0.0,1358,1881,44174,0.010001265491041694
42,46097,0,0.0,1359,1881,44216,0.01000125289919544
42,46139,0,0.0,1360,1882,44257,0.01000124043264015
42,46181,0,0.0,1361,1883,44298,0.010001228090129157
42,46223,0,0.0,1362,1883,44340,0.0100012158704282
42,46265,0,0.0,1363,1883,44382,0.0100012037723153
42,46307,0,0.0,1364,1884,44423,0.010001191794580635
42,46349,0,0.0,1365,1884,44465,0.010001179936026422
42,46391,0,0.0,1366,1884,44507,0.010001168195466793
44,46435,0,0.0,1367,1885,44550,0.010001156571727685
42,46477,0,0.0,1368,1886,44591,0.010001145063646714
42,46519,0,0.0,1369,1886,44633,0.010001133670073062
42,46561,0,0.0,1370,1886,44675,0.01000112238986736
42,46603,0,0.0,1371,1886,44717,0.010001111221901582
30,46633,0,0.0,1372,1887,44746,0.01000110016505892
42,46675,0,0.0,1373,1887,44788,0.01000108921823368
42,46717,0,0.0,1374,1887,44830,0.010001078380331171
20,46737,0,0.0,1375,1888,44849,0.010001067650267596
31,46768,0,0.0,1376,1890,44878,0.010001057026969934
42,46810,0,0.0,1377,1891,44919,0.010001046509375852
42,46852,0,0.0,1378,1892,44960,0.01000103609643358
42,46894,0,0.0,1379,1892,45002,0.010001025787101813
14,46908,0,0.0,1380,1893,45015,0.010001015580349612
42,46950,0,0.0,1381,1896,45054,0.010001005475156293
9,46959,0,0.0,1382,1897,45062,0.010000995470511326
42,47001,0,0.0,1383,1897,45104,0.01000098556541424
42,47043,0,0.0,1384,1897,45146,0.010000975758874518
27,47070,0,0.0,1385,1898,45172,0.010000966049911497
42,47112,0,0.0,1386,1898,45214,0.01000095643755427
42,47154,0,0.0,1387,1898,45256,0.010000946920841596
42,47196,0,0.0,1388,1898,45298,0.010000937498821796
42,47238,0,0.0,1389,1898,45340,0.01000092817055266
33,47271,0,0.0,1390,1899,45372,0.010000918935101352
42,47313,0,0.0,1391,1899,45414,0.010000909791544318
42,47355,0,0.0,1392,1899,45456,0.0100009007389672
42,47397,0,0.0,1393,1900,45497,0.010000891776464727
28,47425,0,0.0,1394,1901,45524,0.010000882903140645
42,47467,0,0.0,1395,1901,45566,0.010000874118107612
42,47509,0,0.0,1396,1902,45607,0.010000865420487118
8,47517,0,0.0,1397,1904,45613,0.010000856809409394
42,47559,0,0.0,1398,1904,45655,0.010000848284013326
42,47601,0,0.0,1399,1905,45696,0.010000839843446366
42,47643,0,0.0,1400,1905,45738,0.01000083148686445
29,47672,0,0.0,1401,1906,45766,0.010000823213431913
40,47712,0,0.0,1402,1908,45804,0.010000815022321405
15,47727,0,0.0,1403,1909,45818,0.01000080691271381
38,47765,0,0.0,1404,1910,45855,0.010000798883798156
42,47807,0,0.0,1405,1910,45897,0.01000079093477155
42,47849,0,0.0,1406,1910,45939,0.01000078306483908
42,47891,0,0.0,1407,1910,45981,0.010000775273213745
24,47915,0,0.0,1408,1911,46004,0.010000767559116379
42,47957,0,0.0,1409,1911,46046,0.010000759921775564
18,47975,0,0.0,1410,1912,46063,0.01000075236042756
30,48005,0,0.0,1411,1913,46092,0.010000744874316224
42,48047,0,0.0,1412,1913,46134,0.010000737462692942
42,48089,0,0.0,1413,1913,46176,0.010000730124816544
42,48131,0,0.0,1414,1913,46218,0.010000722859953235
42,48173,0,0.0,1415,1914,46259,0.010000715667376524
42,48215,0,0.0,1416,1914,46301,0.010000708546367148
42,48257,0,0.0,1417,1914,46343,0.010000701496212999
42,48299,0,0.0,1418,1914,46385,0.010000694516209054
42,48341,0,0.0,1419,1915,46426,0.01000068760565731
42,48383,0,0.0,1420,1915,46468,0.010000680763866706
42,48425,0,0.0,1421,1915,46510,0.010000673990153053
42,48467,0,0.0,1422,1915,46552,0.01000066728383898
42,48509,0,0.0,1423,1915,46594,0.010000660644253844
42,48551,0,0.0,1424,1915,46636,0.010000654070733687
42,48593,0,0.0,1425,1915,46678,0.010000647562621147
42,48635,0,0.0,1426,1915,46720,0.01000064111926541
42,48677,0,0.0,1427,1915,46762,0.010000634740022132
42,48719,0,0.0,1428,1915,46804,0.010000628424253385
42,48761,0,0.0,1429,1915,46846,0.010000622171327588
42,48803,0,0.0,1430,1916,46887,0.010000615980619442
42,48845,0,0.0,1431,1916,46929,0.01000060985150987
42,48887,0,0.0,1432,1917,46970,0.010000603783385959
42,48929,0,0.0,1433,1917,47012,0.01000059777564089
42,48971,0,0.0,1434,1917,47054,0.010000591827673882
42,49013,0,0.0,1435,1918,47095,0.010000585938890135
42,49055,0,0.0,1436,1918,47137,0.010000580108700766
33,49088,0,0.0,1437,1919,47169,0.010000574336522749
8,49096,0,0.0,1438,1920,47176,0.010000568621778864
42,49138,0,0.0,1439,1920,47218,0.010000562963897631
42,49180,0,0.0,1440,1920,47260,0.010000557362313256
42,49222,0,0.0,1441,1920,47302,0.010000551816465577
42,49264,0,0.0,1442,1920,47344,0.010000546325800004
25,49289,0,0.0,1443,1921,47368,0.010000540889767467
42,49331,0,0.0,1444,1921,47410,0.010000535507824357
42,49373,0,0.0,1445,1921,47452,0.010000530179432476
42,49415,0,0.0,1446,1921,47494,0.01000052490405898
42,49457,0,0.0,1447,1921,47536,0.010000519681176328
42,49499,0,0.0,1448,1921,47578,0.010000514510262227
42,49541,0,0.0,1449,1921,47620,0.01000050939079958
42,49583,0,0.0,1450,1921,47662,0.010000504322276437
42,49625,0,0.0,1451,1921,47704,0.010000499304185942
42,49667,0,0.0,1452,1921,47746,0.010000494336026282
42,49709,0,0.0,1453,1921,47788,0.010000489417300638
14,49723,0,0.0,1454,1922,47801,0.01000048454751713
42,49765,0,0.0,1455,1922,47843,0.010000479726188779
42,49807,0,0.0,1456,1922,47885,0.010000474952833445
42,49849,0,0.0,1457,1922,47927,0.010000470226973791
42,49891,0,0.0,1458,1922,47969,0.010000465548137227
42,49933,0,0.0,1459,1923,48010,0.010000460915855863
42,49975,0,0.0,1460,1923,48052,0.010000456329666469
20,49995,0,0.0,1461,1924,48071,0.010000451789110423
42,50037,0,0.0,1462,1924,48113,0.010000447293733663
42,50079,0,0.0,1463,1924,48155,0.01000044284308665
42,50121,0,0.0,1464,1924,48197,0.010000438436724315
42,50163,0,0.0,1465,1924,48239,0.010000434074206019
31,50194,0,0.0,1466,1926,48268,0.010000429755095503
42,50236,0,0.0,1467,1926,48310,0.010000425478960856
42,50278,0,0.0,1468,1926,48352,0.01000042124537446
42,50320,0,0.0,1469,1927,48393,0.010000417053912952
42,50362,0,0.0,1470,1927,48435,0.010000412904157182
42,50404,0,0.0,1471,1928,48476,0.010000408795692172
44,50448,0,0.0,1472,1929,48519,0.010000404728107072
42,50490,0,0.0,1473,1930,48560,0.010000400700995121
42,50532,0,0.0,1474,1931,48601,0.010000396713953601
42,50574,0,0.0,1475,1931,48643,0.010000392766583809
42,50616,0,0.0,1476,1931,48685,0.010000388858491003
15,50631,0,0.0,1477,1932,48699,0.010000384989284369
42,50673,0,0.0,1478,1932,48741,0.010000381158576986
42,50715,0,0.0,1479,1932,48783,0.010000377365985776
42,50757,0,0.0,1480,1933,48824,0.01000037361113148
42,50799,0,0.0,1481,1933,48866,0.01000036989363861
42,50841,0,0.0,1482,1933,48908,0.010000366213135409
42,50883,0,0.0,1483,1933,48950,0.010000362569253829
42,50925,0,0.0,1484,1933,48992,0.010000358961629477
33,50958,0,0.0,1485,1934,49024,0.010000355389901586
18,50976,0,0.0,1486,1935,49041,0.01000035185371298
42,51018,0,0.0,1487,1935,49083,0.010000348352710041
42,51060,0,0.0,1488,1935,49125,0.010000344886542662
42,51102,0,0.0,1489,1935,49167,0.010000341454864224
42,51144,0,0.0,1490,1935,49209,0.010000338057331559
42,51186,0,0.0,1491,1935,49251,0.010000334693604907
42,51228,0,0.0,1492,1935,49293,0.010000331363347895
42,51270,0,0.0,1493,1936,49334,0.010000328066227493
42,51312,0,0.0,1494,1936,49376,0.01000032480191399
42,51354,0,0.0,1495,1936,49418,0.010000321570080946
42,51396,0,0.0,1496,1937,49459,0.01000031837040518
42,51438,0,0.0,1497,1937,49501,0.010000315202566718
42,51480,0,0.0,1498,1938,49542,0.010000312066248776
42,51522,0,0.0,1499,1938,49584,0.010000308961137721
42,51564,0,0.0,1500,1938,49626,0.010000305886923036
42,51606,0,0.0,1501,1939,49667,0.010000302843297297
17,51623,0,0.0,1502,1940,49683,0.010000299829956141
42,51665,0,0.0,1503,1940,49725,0.01000029684659823
42,51707,0,0.0,1504,1940,49767,0.010000293892925227
43,51750,0,0.0,1505,1941,49809,0.01000029096864176
42,51792,0,0.0,1506,1942,49850,0.010000288073455401
42,51834,0,0.0,1507,1942,49892,0.010000285207076628
24,51858,0,0.0,1508,1943,49915,0.010000282369218799
42,51900,0,0.0,1509,1943,49957,0.010000279559598129
42,51942,0,0.0,1510,1943,49999,0.01000027677793365
8,51950,0,0.0,1511,1944,50006,0.010000274023947195
42,51992,0,0.0,1512,1945,50047,0.010000271297363365
42,52034,0,0.0,1513,1945,50089,0.010000268597909496
28,52062,0,0.0,1514,1946,50116,0.010000265925315641
42,52104,0,0.0,1515,1946,50158,0.01000026327931454
42,52146,0,0.0,1516,1946,50200,0.01000026065964159
37,52183,0,0.0,1517,1947,50236,0.010000258066034821
42,52225,0,0.0,1518,1947,50278,0.010000255498234871
42,52267,0,0.0,1519,1947,50320,0.010000252955984957
42,52309,0,0.0,1520,1947,50362,0.010000250439030854
42,52351,0,0.0,1521,1948,50403,0.010000247947120861
42,52393,0,0.0,1522,1948,50445,0.010000245480005786
42,52435,0,0.0,1523,1948,50487,0.010000243037438917
42,52477,0,0.0,1524,1948,50529,0.010000240619175996
42,52519,0,0.0,1525,1948,50571,0.010000238224975191
28,52547,0,0.0,1526,1949,50598,0.010000235854597084
42,52589,0,0.0,1527,1949,50640,0.01000023350780463
42,52631,0,0.0,1528,1949,50682,0.010000231184363153
42,52673,0,0.0,1529,1949,50724,0.010000228884040306
42,52715,0,0.0,1530,1949,50766,0.010000226606606053
42,52757,0,0.0,1531,1950,50807,0.010000224351832648
42,52799,0,0.0,1532,1950,50849,0.010000222119494615
42,52841,0,0.0,1533,1950,50891,0.010000219909368717
42,52883,0,0.0,1534,1950,50933,0.010000217721233938
20,52903,0,0.0,1535,1951,50952,0.010000215554871463
42,52945,0,0.0,1536,1951,50994,0.010000213410064657
42,52987,0,0.0,1537,1952,51035,0.010000211286599033
42,53029,0,0.0,1538,1952,51077,0.010000209184262247
45,53074,0,0.0,1539,1953,51121,0.01000020710284406
42,53116,0,0.0,1540,1954,51162,0.01000020504213633
42,53158,0,0.0,1541,1954,51204,0.010000203001932986
42,53200,0,0.0,1542,1954,51246,0.010000200982030003
42,53242,0,0.0,1543,1954,51288,0.010000198982225391
42,53284,0,0.0,1544,1955,51329,0.010000197002319168
42,53326,0,0.0,1545,1955,51371,0.01000019504211334
43,53369,0,0.0,1546,1956,51413,0.010000193101411887
25,53394,0,0.0,1547,1957,51437,0.010000191180020735
42,53436,0,0.0,1548,1957,51479,0.010000189277747745
42,53478,0,0.0,1549,1957,51521,0.010000187394402687
42,53520,0,0.0,1550,1957,51563,0.010000185529797227
42,53562,0,0.0,1551,1957,51605,0.010000183683744899
42,53604,0,0.0,1552,1958,51646,0.010000181856061099
42,53646,0,0.0,1553,1958,51688,0.010000180046563058
42,53688,0,0.0,1554,1959,51729,0.010000178255069823
15,53703,0,0.0,1555,1960,51743,0.010000176481402244
42,53745,0,0.0,1556,1960,51785,0.01000017472538295
42,53787,0,0.0,1557,1961,51826,0.010000172986836342
42,53829,0,0.0,1558,1961,51868,0.010000171265588562
42,53871,0,0.0,1559,1961,51910,0.010000169561467482
42,53913,0,0.0,1560,1961,51952,0.01000016787430269
42,53955,0,0.0,1561,1961,51994,0.01000016620392547
15,53970,0,0.0,1562,1962,52008,0.01000016455016878
42,54012,0,0.0,1563,1963,52049,0.010000162912867244
43,54055,0,0.0,1564,1964,52091,0.010000161291857131
42,54097,0,0.0,1565,1964,52133,0.010000159686976337
42,54139,0,0.0,1566,1964,52175,0.010000158098064375
42,54181,0,0.0,1567,1964,52217,0.01000015652496235
42,54223,0,0.0,1568,1964,52259,0.010000154967512952
42,54265,0,0.0,1569,1964,52301,0.010000153425560435
32,54297,0,0.0,1570,1965,52332,0.010000151898950602
42,54339,0,0.0,1571,1965,52374,0.01000015038753079
42,54381,0,0.0,1572,1965,52416,0.010000148891149856
34,54415,0,0.0,1573,1966,52449,0.010000147409658162
15,54430,0,0.0,1574,1967,52463,0.010000145942907556
42,54472,0,0.0,1575,1967,52505,0.010000144490751362
42,54514,0,0.0,1576,1967,52547,0.010000143053044365
42,54556,0,0.0,1577,1967,52589,0.010000141629642792
42,54598,0,0.0,1578,1967,52631,0.010000140220404298
42,54640,0,0.0,1579,1967,52673,0.010000138825187965
14,54654,0,0.0,1580,1969,52685,0.010000137443854265
42,54696,0,0.0,1581,1969,52727,0.010000136076265065
42,54738,0,0.0,1582,1969,52769,0.010000134722283604
42,54780,0,0.0,1583,1969,52811,0.010000133381774485
42,54822,0,0.0,1584,1969,52853,0.010000132054603653
42,54864,0,0.0,1585,1969,52895,0.010000130740638394
27,54891,0,0.0,1586,1970,52921,0.010000129439747306
18,54909,0,0.0,1587,1971,52938,0.0100001281518003
42,54951,0,0.0,1588,1971,52980,0.010000126876668581
38,54989,0,0.0,1589,1972,53017,0.010000125614224637
42,55031,0,0.0,1590,1972,53059,0.010000124364342217
42,55073,0,0.0,1591,1972,53101,0.010000123126896337
42,55115,0,0.0,1592,1972,53143,0.010000121901763248
42,55157,0,0.0,1593,1972,53185,0.010000120688820438
42,55199,0,0.0,1594,1972,53227,0.01000011948794661
42,55241,0,0.0,1595,1972,53269,0.010000118299021676
42,55283,0,0.0,1596,1973,53310,0.010000117121926742
42,55325,0,0.0,1597,1973,53352,0.010000115956544101
42,55367,0,0.0,1598,1973,53394,0.010000114802757209
42,55409,0,0.0,1599,1975,53434,0.010000113660450689
42,55451,0,0.0,1600,1975,53476,0.010000112529510307
18,55469,0,0.0,1601,1976,53493,0.010000111409822971
42,55511,0,0.0,1602,1977,53534,0.010000110301276711
42,55553,0,0.0,1603,1977,53576,0.010000109203760672
42,55595,0,0.0,1604,1977,53618,0.010000108117165098
42,55637,0,0.0,1605,1978,53659,0.01000010704138133
42,55679,0,0.0,1606,1979,53700,0.01000010597630179
42,55721,0,0.0,1607,1979,53742,0.010000104921819969
42,55763,0,0.0,1608,1979,53784,0.010000103877830416
42,55805,0,0.0,1609,1979,53826,0.010000102844228734
29,55834,0,0.0,1610,1980,53854,0.01000010182091156
42,55876,0,0.0,1611,1980,53896,0.010000100807776562
42,55918,0,0.0,1612,1980,53938,0.010000099804722426
42,55960,0,0.0,1613,1980,53980,0.010000098811648846
42,56002,0,0.0,1614,1980,54022,0.010000097828456511
42,56044,0,0.0,1615,1981,54063,0.010000096855047106
42,56086,0,0.0,1616,1981,54105,0.010000095891323285
42,56128,0,0.0,1617,1982,54146,0.010000094937188675
42,56170,0,0.0,1618,1982,54188,0.010000093992547865
42,56212,0,0.0,1619,1982,54230,0.010000093057306387
42,56254,0,0.0,1620,1982,54272,0.010000092131370718
42,56296,0,0.0,1621,1983,54313,0.010000091214648262
40,56336,0,0.0,1622,1984,54352,0.010000090307047347
42,56378,0,0.0,1623,1984,54394,0.010000089408477212
25,56403,0,0.0,1624,1985,54418,0.010000088518848
42,56445,0,0.0,1625,1985,54460,0.010000087638070747
42,56487,0,0.0,1626,1986,54501,0.010000086766057372
42,56529,0,0.0,1627,1986,54543,0.010000085902720677
42,56571,0,0.0,1628,1986,54585,0.010000085047974325
39,56610,0,0.0,1629,1987,54623,0.010000084201732842
42,56652,0,0.0,1630,1987,54665,0.0100000833639116
42,56694,0,0.0,1631,1987,54707,0.010000082534426821
42,56736,0,0.0,1632,1988,54748,0.010000081713195552
42,56778,0,0.0,1633,1988,54790,0.010000080900135672
24,56802,0,0.0,1634,1989,54813,0.010000080095165871
42,56844,0,0.0,1635,1989,54855,0.010000079298205657
42,56886,0,0.0,1636,1989,54897,0.010000078509175326
42,56928,0,0.0,1637,1989,54939,0.010000077727995979
42,56970,0,0.0,1638,1991,54979,0.010000076954589498
42,57012,0,0.0,1639,1992,55020,0.010000076188878538
42,57054,0,0.0,1640,1992,55062,0.01000007543078653
42,57096,0,0.0,1641,1992,55104,0.010000074680237664
42,57138,0,0.0,1642,1992,55146,0.010000073937156883
42,57180,0,0.0,1643,1992,55188,0.01000007320146988
42,57222,0,0.0,1644,1992,55230,0.010000072473103085
42,57264,0,0.0,1645,1993,55271,0.01000007175198366
42,57306,0,0.0,1646,1993,55313,0.010000071038039494
42,57348,0,0.0,1647,1993,55355,0.010000070331199191
42,57390,0,0.0,1648,1993,55397,0.010000069631392067
42,57432,0,0.0,1649,1994,55438,0.01000006893854814
36,57468,0,0.0,1650,1995,55473,0.010000068252598124
42,57510,0,0.0,1651,1995,55515,0.010000067573473426
42,57552,0,0.0,1652,1996,55556,0.01000006690110613
42,57594,0,0.0,1653,1996,55598,0.010000066235429003
42,57636,0,0.0,1654,1996,55640,0.010000065576375472
42,57678,0,0.0,1655,1996,55682,0.010000064923879634
31,57709,0,0.0,1656,1997,55712,0.010000064277876239
42,57751,0,0.0,1657,1997,55754,0.010000063638300683
42,57793,0,0.0,1658,1997,55796,0.010000063005089013
31,57824,0,0.0,1659,1998,55826,0.010000062378177901
42,57866,0,0.0,1660,1998,55868,0.01000006175750466
31,57897,0,0.0,1661,1999,55898,0.010000061143007222
42,57939,0,0.0,1662,1999,55940,0.010000060534624135
33,57972,0,0.0,1663,2000,55972,0.010000059932294561
42,58014,0,0.0,1664,2002,56012,0.010000059335958267
42,58056,0,0.0,1665,2002,56054,0.010000058745555618
42,58098,0,0.0,1666,2002,56096,0.010000058161027572
42,58140,0,0.0,1667,2003,56137,0.010000057582315678
42,58182,0,0.0,1668,2003,56179,0.010000057009362065
42,58224,0,0.0,1669,2003,56221,0.010000056442109434
15,58239,0,0.0,1670,2004,56235,0.010000055880501062
42,58281,0,0.0,1671,2004,56277,0.010000055324480787
42,58323,0,0.0,1672,2004,56319,0.010000054773993005
42,58365,0,0.0,1673,2004,56361,0.010000054228982667
42,58407,0,0.0,1674,2005,56402,0.010000053689395275
21,58428,0,0.0,1675,2006,56422,0.010000053155176866
42,58470,0,0.0,1676,2006,56464,0.01000005262627402
42,58512,0,0.0,1677,2006,56506,0.010000052102633843
42,58554,0,0.0,1678,2006,56548,0.010000051584203975
42,58596,0,0.0,1679,2006,56590,0.010000051070932568
42,58638,0,0.0,1680,2006,56632,0.010000050562768299
42,58680,0,0.0,1681,2006,56674,0.01000005005966035
15,58695,0,0.0,1682,2007,56688,0.010000049561558406
42,58737,0,0.0,1683,2007,56730,0.01000004906841266
42,58779,0,0.0,1684,2008,56771,0.010000048580173797
43,58822,0,0.0,1685,2009,56813,0.010000048096792991
42,58864,0,0.0,1686,2009,56855,0.010000047618221904
42,58906,0,0.0,1687,2009,56897,0.01000004714441268
42,58948,0,0.0,1688,2010,56938,0.010000046675317936
42,58990,0,0.0,1689,2010,56980,0.010000046210890762
42,59032,0,0.0,1690,2011,57021,0.010000045751084716
42,59074,0,0.0,1691,2011,57063,0.010000045295853818
42,59116,0,0.0,1692,2011,57105,0.010000044845152541
42,59158,0,0.0,1693,2011,57147,0.010000044398935818
42,59200,0,0.0,1694,2011,57189,0.010000043957159026
42,59242,0,0.0,1695,2011,57231,0.010000043519777985
42,59284,0,0.0,1696,2011,57273,0.010000043086748959
42,59326,0,0.0,1697,2011,57315,0.010000042658028644
42,59368,0,0.0,1698,2012,57356,0.010000042233574168
42,59410,0,0.0,1699,2012,57398,0.010000041813343083
42,59452,0,0.0,1700,2012,57440,0.010000041397293368
42,59494,0,0.0,1701,2012,57482,0.010000040985383415
42,59536,0,0.0,1702,2012,57524,0.010000040577572037
42,59578,0,0.0,1703,2012,57566,0.01000004017381845
42,59620,0,0.0,1704,2012,57608,0.010000039774082276
42,59662,0,0.0,1705,2012,57650,0.010000039378323547
42,59704,0,0.0,1706,2012,57692,0.01000003898650268
20,59724,0,0.0,1707,2014,57710,0.010000038598580497
8,59732,0,0.0,1708,2015,57717,0.010000038214518205
15,59747,0,0.0,1709,2016,57731,0.010000037834277395
42,59789,0,0.0,1710,2016,57773,0.010000037457820044
42,59831,0,0.0,1711,2016,57815,0.010000037085108507
42,59873,0,0.0,1712,2017,57856,0.010000036716105512
42,59915,0,0.0,1713,2017,57898,0.010000036350774158
42,59957,0,0.0,1714,2017,57940,0.010000035989077912
42,59999,0,0.0,1715,2017,57982,0.010000035630980604
42,60041,0,0.0,1716,2017,58024,0.010000035276446424
42,60083,0,0.0,1717,2017,58066,0.010000034925439917
42,60125,0,0.0,1718,2017,58108,0.010000034577925983
42,60167,0,0.0,1719,2017,58150,0.010000034233869871
42,60209,0,0.0,1720,2017,58192,0.010000033893237174
42,60251,0,0.0,1721,2017,58234,0.01000003355599383
42,60293,0,0.0,1722,2018,58275,0.010000033222106111
42,60335,0,0.0,1723,2019,58316,0.010000032891540634
42,60377,0,0.0,1724,2020,58357,0.010000032564264336
42,60419,0,0.0,1725,2020,58399,0.010000032240244492
42,60461,0,0.0,1726,2020,58441,0.010000031919448699
42,60503,0,0.0,1727,2020,58483,0.010000031601844877
8,60511,0,0.0,1728,2021,58490,0.010000031287401267
42,60553,0,0.0,1729,2023,58530,0.010000030976086424
42,60595,0,0.0,1730,2023,58572,0.010000030667869213
42,60637,0,0.0,1731,2023,58614,0.010000030362718817
42,60679,0,0.0,1732,2023,58656,0.010000030060604716
34,60713,0,0.0,1733,2024,58689,0.010000029761496701
42,60755,0,0.0,1734,2024,58731,0.010000029465364862
42,60797,0,0.0,1735,2025,58772,0.010000029172179582
42,60839,0,0.0,1736,2025,58814,0.010000028881911547
42,60881,0,0.0,1737,2026,58855,0.010000028594531725
42,60923,0,0.0,1738,2026,58897,0.01000002831001138
42,60965,0,0.0,1739,2026,58939,0.01000002802832206
4,60969,0,0.0,1740,2027,58942,0.010000027749435597
24,60993,0,0.0,1741,2028,58965,0.010000027473324099
42,61035,0,0.0,1742,2028,59007,0.010000027199959956
42,61077,0,0.0,1743,2028,59049,0.010000026929315833
18,61095,0,0.0,1744,2029,59066,0.010000026661364663
42,61137,0,0.0,1745,2029,59108,0.010000026396079652
42,61179,0,0.0,1746,2029,59150,0.010000026133434271
42,61221,0,0.0,1747,2030,59191,0.010000025873402256
42,61263,0,0.0,1748,2030,59233,0.010000025615957602
42,61305,0,0.0,1749,2030,59275,0.010000025361074565
42,61347,0,0.0,1750,2030,59317,0.010000025108727656
42,61389,0,0.0,1751,2030,59359,0.010000024858891642
42,61431,0,0.0,1752,2030,59401,0.010000024611541538
42,61473,0,0.0,1753,2030,59443,0.010000024366652607
42,61515,0,0.0,1754,2031,59484,0.010000024124200363
42,61557,0,0.0,1755,2031,59526,0.01000002388416056
42,61599,0,0.0,1756,2031,59568,0.01000002364650919
42,61641,0,0.0,1757,2032,59609,0.010000023411222492
42,61683,0,0.0,1758,2032,59651,0.010000023178276937
42,61725,0,0.0,1759,2032,59693,0.010000022947649227
42,61767,0,0.0,1760,2032,59735,0.010000022719316303
42,61809,0,0.0,1761,2033,59776,0.010000022493255328
31,61840,0,0.0,1762,2034,59806,0.010000022269443699
20,61860,0,0.0,1763,2035,59825,0.010000022047859032
42,61902,0,0.0,1764,2036,59866,0.010000021828479169
42,61944,0,0.0,1765,2038,59906,0.010000021611282172
42,61986,0,0.0,1766,2038,59948,0.010000021396246322
42,62028,0,0.0,1767,2038,59990,0.010000021183350114
14,62042,0,0.0,1768,2039,60003,0.010000020972572257
42,62084,0,0.0,1769,2039,60045,0.010000020763891677
27,62111,0,0.0,1770,2041,60070,0.010000020557287503
42,62153,0,0.0,1771,2041,60112,0.010000020352739074
42,62195,0,0.0,1772,2042,60153,0.010000020150225938
42,62237,0,0.0,1773,2042,60195,0.010000019949727839
42,62279,0,0.0,1774,2043,60236,0.01000001975122473
42,62321,0,0.0,1775,2043,60278,0.010000019554696761
42,62363,0,0.0,1776,2044,60319,0.010000019360124277
42,62405,0,0.0,1777,2044,60361,0.010000019167487823
42,62447,0,0.0,1778,2044,60403,0.010000018976768131
17,62464,0,0.0,1779,2045,60419,0.010000018787946133
42,62506,0,0.0,1780,2045,60461,0.010000018601002946
42,62548,0,0.0,1781,2045,60503,0.010000018415919874
42,62590,0,0.0,1782,2045,60545,0.01000001823267841
42,62632,0,0.0,1783,2045,60587,0.010000018051260228
14,62646,0,0.0,1784,2046,60600,0.010000017871647188
42,62688,0,0.0,1785,2046,60642,0.010000017693821328
42,62730,0,0.0,1786,2046,60684,0.010000017517764864
42,62772,0,0.0,1787,2047,60725,0.01000001734346019
42,62814,0,0.0,1788,2047,60767,0.010000017170889879
42,62856,0,0.0,1789,2047,60809,0.01000001700003667
42,62898,0,0.0,1790,2048,60850,0.010000016830883479
42,62940,0,0.0,1791,2048,60892,0.01000001666341339
42,62982,0,0.0,1792,2048,60934,0.010000016497609657
42,63024,0,0.0,1793,2048,60976,0.010000016333455698
42,63066,0,0.0,1794,2048,61018,0.010000016170935098
42,63108,0,0.0,1795,2048,61060,0.010000016010031604
18,63126,0,0.0,1796,2049,61077,0.010000015850729129
24,63150,0,0.0,1797,2050,61100,0.01000001569301174
42,63192,0,0.0,1798,2050,61142,0.010000015536863664
42,63234,0,0.0,1799,2051,61183,0.010000015382269287
42,63276,0,0.0,1800,2051,61225,0.01000001522921315
42,63318,0,0.0,1801,2051,61267,0.010000015077679947
42,63360,0,0.0,1802,2051,61309,0.010000014927654526
42,63402,0,0.0,1803,2051,61351,0.010000014779121881
36,63438,0,0.0,1804,2053,61385,0.01000001463206716
34,63472,0,0.0,1805,2054,61418,0.01000001448647566
42,63514,0,0.0,1806,2054,61460,0.01000001434233282
42,63556,0,0.0,1807,2054,61502,0.010000014199624223
24,63580,0,0.0,1808,2055,61525,0.010000014058335602
42,63622,0,0.0,1809,2055,61567,0.010000013918452825
42,63664,0,0.0,1810,2055,61609,0.010000013779961906
42,63706,0,0.0,1811,2055,61651,0.010000013642848993
42,63748,0,0.0,1812,2055,61693,0.010000013507100378
42,63790,0,0.0,1813,2056,61734,0.010000013372702484
42,63832,0,0.0,1814,2057,61775,0.010000013239641871
27,63859,0,0.0,1815,2058,61801,0.010000013107905234
42,63901,0,0.0,1816,2058,61843,0.010000012977479397
42,63943,0,0.0,1817,2058,61885,0.010000012848351319
42,63985,0,0.0,1818,2058,61927,0.010000012720508088
42,64027,0,0.0,1819,2058,61969,0.010000012593936918
15,64042,0,0.0,1820,2059,61983,0.010000012468625152
42,64084,0,0.0,1821,2060,62024,0.010000012344560258
42,64126,0,0.0,1822,2060,62066,0.010000012221729832
42,64168,0,0.0,1823,2060,62108,0.010000012100121587
42,64210,0,0.0,1824,2060,62150,0.010000011979723366
42,64252,0,0.0,1825,2060,62192,0.010000011860523126
42,64294,0,0.0,1826,2060,62234,0.01000001174250895
42,64336,0,0.0,1827,2060,62276,0.010000011625669034
42,64378,0,0.0,1828,2060,62318,0.010000011509991694
42,64420,0,0.0,1829,2060,62360,0.010000011395465363
41,64461,0,0.0,1830,2061,62400,0.010000011282078588
42,64503,0,0.0,1831,2062,62441,0.010000011169820031
42,64545,0,0.0,1832,2062,62483,0.010000011058678464
42,64587,0,0.0,1833,2062,62525,0.010000010948642776
42,64629,0,0.0,1834,2062,62567,0.01000001083970196
42,64671,0,0.0,1835,2062,62609,0.010000010731845123
42,64713,0,0.0,1836,2062,62651,0.01000001062506148
42,64755,0,0.0,1837,2062,62693,0.010000010519340352
42,64797,0,0.0,1838,2062,62735,0.010000010414671166
42,64839,0,0.0,1839,2062,62777,0.010000010311043457
42,64881,0,0.0,1840,2062,62819,0.01000001020844686
42,64923,0,0.0,1841,2062,62861,0.010000010106871116
42,64965,0,0.0,1842,2062,62903,0.010000010006306069
42,65007,0,0.0,1843,2062,62945,0.01000000990674166
42,65049,0,0.0,1844,2062,62987,0.010000009808167933
42,65091,0,0.0,1845,2062,63029,0.010000009710575032
42,65133,0,0.0,1846,2062,63071,0.010000009613953196
42,65175,0,0.0,1847,2062,63113,0.010000009518292764
42,65217,0,0.0,1848,2062,63155,0.010000009423584168
42,65259,0,0.0,1849,2062,63197,0.01000000932981794
43,65302,0,0.0,1850,2063,63239,0.010000009236984698
42,65344,0,0.0,1851,2064,63280,0.010000009145075166
42,65386,0,0.0,1852,2066,63320,0.010000009054080147
42,65428,0,0.0,1853,2066,63362,0.010000008963990545
15,65443,0,0.0,1854,2067,63376,0.010000008874797349
42,65485,0,0.0,1855,2069,63416,0.010000008786491639
42,65527,0,0.0,1856,2069,63458,0.010000008699064587
42,65569,0,0.0,1857,2069,63500,0.010000008612507449
14,65583,0,0.0,1858,2072,63511,0.010000008526811568
42,65625,0,0.0,1859,2072,63553,0.010000008441968375
42,65667,0,0.0,1860,2072,63595,0.010000008357969386
42,65709,0,0.0,1861,2072,63637,0.0100000082748062
42,65751,0,0.0,1862,2073,63678,0.010000008192470503
42,65793,0,0.0,1863,2073,63720,0.01000000811095406
42,65835,0,0.0,1864,2073,63762,0.010000008030248718
42,65877,0,0.0,1865,2074,63803,0.01000000795034641
27,65904,0,0.0,1866,2075,63829,0.01000000787123914
42,65946,0,0.0,1867,2075,63871,0.010000007792919001
42,65988,0,0.0,1868,2075,63913,0.010000007715378163
42,66030,0,0.0,1869,2075,63955,0.010000007638608867
42,66072,0,0.0,1870,2076,63996,0.01000000756260344
42,66114,0,0.0,1871,2077,64037,0.010000007487354277
42,66156,0,0.0,1872,2077,64079,0.010000007412853857
42,66198,0,0.0,1873,2078,64120,0.01000000733909473
27,66225,0,0.0,1874,2079,64146,0.010000007266069517
42,66267,0,0.0,1875,2079,64188,0.010000007193770916
42,66309,0,0.0,1876,2080,64229,0.0100000071221917
42,66351,0,0.0,1877,2080,64271,0.010000007051324708
42,66393,0,0.0,1878,2080,64313,0.010000006981162856
42,66435,0,0.0,1879,2081,64354,0.010000006911699125
42,66477,0,0.0,1880,2083,64394,0.01000000684292657
42,66519,0,0.0,1881,2083,64436,0.010000006774838312
42,66561,0,0.0,1882,2083,64478,0.010000006707427544
42,66603,0,0.0,1883,2083,64520,0.010000006640687526
18,66621,0,0.0,1884,2084,64537,0.010000006574611581
24,66645,0,0.0,1885,2085,64560,0.010000006509193103
42,66687,0,0.0,1886,2085,64602,0.010000006444425549
42,66729,0,0.0,1887,2085,64644,0.010000006380302443
42,66771,0,0.0,1888,2086,64685,0.010000006316817373
42,66813,0,0.0,1889,2086,64727,0.010000006253963991
42,66855,0,0.0,1890,2086,64769,0.01000000619173601
42,66897,0,0.0,1891,2086,64811,0.010000006130127206
42,66939,0,0.0,1892,2086,64853,0.010000006069131422
42,66981,0,0.0,1893,2086,64895,0.010000006008742554
33,67014,0,0.0,1894,2087,64927,0.010000005948954567
30,67044,0,0.0,1895,2089,64955,0.01000000588976148
42,67086,0,0.0,1896,2089,64997,0.010000005831157375
42,67128,0,0.0,1897,2089,65039,0.01000000577313639
42,67170,0,0.0,1898,2089,65081,0.010000005715692721
42,67212,0,0.0,1899,2089,65123,0.01000000565882063
42,67254,0,0.0,1900,2089,65165,0.010000005602514423
42,67296,0,0.0,1901,2090,65206,0.010000005546768474
42,67338,0,0.0,1902,2090,65248,0.010000005491577205
42,67380,0,0.0,1903,2090,65290,0.010000005436935099
42,67422,0,0.0,1904,2090,65332,0.01000000538283669
42,67464,0,0.0,1905,2090,65374,0.01000000532927657
42,67506,0,0.0,1906,2090,65416,0.010000005276249382
42,67548,0,0.0,1907,2090,65458,0.010000005223749824
42,67590,0,0.0,1908,2090,65500,0.010000005171772646
42,67632,0,0.0,1909,2091,65541,0.010000005120312648
42,67674,0,0.0,1910,2091,65583,0.010000005069364685
44,67718,0,0.0,1911,2092,65626,0.010000005018923664
42,67760,0,0.0,1912,2092,65668,0.010000004968984538
42,67802,0,0.0,1913,2092,65710,0.010000004919542317
42,67844,0,0.0,1914,2093,65751,0.010000004870592053
42,67886,0,0.0,1915,2093,65793,0.010000004822128853
42,67928,0,0.0,1916,2093,65835,0.010000004774147869
40,67968,0,0.0,1917,2096,65872,0.010000004726644304
33,68001,0,0.0,1918,2097,65904,0.010000004679613407
42,68043,0,0.0,1919,2097,65946,0.010000004633050475
42,68085,0,0.0,1920,2098,65987,0.010000004586950852
42,68127,0,0.0,1921,2099,66028,0.010000004541309929
42,68169,0,0.0,1922,2099,66070,0.01000000449612314
42,68211,0,0.0,1923,2099,66112,0.010000004451385968
42,68253,0,0.0,1924,2099,66154,0.010000004407093938
42,68295,0,0.0,1925,2099,66196,0.01000000436324262
42,68337,0,0.0,1926,2099,66238,0.010000004319827631
42,68379,0,0.0,1927,2099,66280,0.010000004276844627
42,68421,0,0.0,1928,2099,66322,0.010000004234289312
42,68463,0,0.0,1929,2099,66364,0.01000000419215743
42,68505,0,0.0,1930,2100,66405,0.010000004150444766
42,68547,0,0.0,1931,2100,66447,0.010000004109147151
15,68562,0,0.0,1932,2101,66461,0.010000004068260454
42,68604,0,0.0,1933,2102,66502,0.010000004027780587
42,68646,0,0.0,1934,2102,66544,0.0100000039877035
42,68688,0,0.0,1935,2102,66586,0.010000003948025186
42,68730,0,0.0,1936,2102,66628,0.01000000390874168
42,68772,0,0.0,1937,2102,66670,0.01000000386984905
42,68814,0,0.0,1938,2102,66712,0.01000000383134341
42,68856,0,0.0,1939,2102,66754,0.010000003793220904
42,68898,0,0.0,1940,2103,66795,0.010000003755477726
42,68940,0,0.0,1941,2103,66837,0.010000003718110098
18,68958,0,0.0,1942,2104,66854,0.010000003681114285
42,69000,0,0.0,1943,2104,66896,0.010000003644486586
42,69042,0,0.0,1944,2104,66938,0.010000003608223338
42,69084,0,0.0,1945,2104,66980,0.010000003572320917
20,69104,0,0.0,1946,2105,66999,0.010000003536775728
42,69146,0,0.0,1947,2105,67041,0.010000003501584222
42,69188,0,0.0,1948,2105,67083,0.010000003466742877
42,69230,0,0.0,1949,2105,67125,0.01000000343224821
42,69272,0,0.0,1950,2105,67167,0.01000000339809677
42,69314,0,0.0,1951,2106,67208,0.010000003364285142
42,69356,0,0.0,1952,2106,67250,0.010000003330809946
42,69398,0,0.0,1953,2107,67291,0.010000003297667832
42,69440,0,0.0,1954,2108,67332,0.010000003264855489
14,69454,0,0.0,1955,2109,67345,0.010000003232369634
42,69496,0,0.0,1956,2110,67386,0.01000000320020702
42,69538,0,0.0,1957,2110,67428,0.010000003168364427
42,69580,0,0.0,1958,2110,67470,0.010000003136838674
42,69622,0,0.0,1959,2110,67512,0.010000003105626609
42,69664,0,0.0,1960,2110,67554,0.010000003074725107
42,69706,0,0.0,1961,2110,67596,0.010000003044131081
42,69748,0,0.0,1962,2110,67638,0.01000000301384147
42,69790,0,0.0,1963,2110,67680,0.010000002983853246
42,69832,0,0.0,1964,2110,67722,0.01000000295416341
42,69874,0,0.0,1965,2110,67764,0.010000002924768993
42,69916,0,0.0,1966,2110,67806,0.010000002895667057
42,69958,0,0.0,1967,2110,67848,0.010000002866854688
42,70000,0,0.0,1968,2110,67890,0.010000002838329006
42,70042,0,0.0,1969,2110,67932,0.010000002810087161
18,70060,0,0.0,1970,2111,67949,0.010000002782126326
42,70102,0,0.0,1971,2111,67991,0.010000002754443708
42,70144,0,0.0,1972,2111,68033,0.010000002727036534
42,70186,0,0.0,1973,2111,68075,0.010000002699902068
42,70228,0,0.0,1974,2112,68116,0.010000002673037594
42,70270,0,0.0,1975,2114,68156,0.010000002646440425
42,70312,0,0.0,1976,2114,68198,0.010000002620107903
42,70354,0,0.0,1977,2114,68240,0.010000002594037393
42,70396,0,0.0,1978,2114,68282,0.01000000256822629
42,70438,0,0.0,1979,2114,68324,0.010000002542672012
20,70458,0,0.0,1980,2115,68343,0.010000002517372002
42,70500,0,0.0,1981,2115,68385,0.010000002492323733
42,70542,0,0.0,1982,2116,68426,0.010000002467524697
43,70585,0,0.0,1983,2117,68468,0.010000002442972417
42,70627,0,0.0,1984,2118,68509,0.010000002418664434
42,70669,0,0.0,1985,2118,68551,0.010000002394598322
42,70711,0,0.0,1986,2118,68593,0.01000000237077167
42,70753,0,0.0,1987,2118,68635,0.010000002347182098
42,70795,0,0.0,1988,2119,68676,0.010000002323827245
27,70822,0,0.0,1989,2120,68702,0.010000002300704778
42,70864,0,0.0,1990,2120,68744,0.010000002277812383
42,70906,0,0.0,1991,2120,68786,0.010000002255147772
42,70948,0,0.0,1992,2120,68828,0.010000002232708676
42,70990,0,0.0,1993,2120,68870,0.010000002210492853
42,71032,0,0.0,1994,2120,68912,0.010000002188498083
42,71074,0,0.0,1995,2121,68953,0.010000002166722161
43,71117,0,0.0,1996,2122,68995,0.010000002145162916
45,71162,0,0.0,1997,2123,69039,0.01000000212381819
33,71195,0,0.0,1998,2124,69071,0.010000002102685845
42,71237,0,0.0,1999,2124,69113,0.01000000208176377
42,71279,0,0.0,2000,2124,69155,0.010000002061049876
42,71321,0,0.0,2001,2124,69197,0.010000002040542086
42,71363,0,0.0,2002,2124,69239,0.010000002020238354
42,71405,0,0.0,2003,2124,69281,0.010000002000136647
42,71447,0,0.0,2004,2124,69323,0.010000001980234954
42,71489,0,0.0,2005,2126,69363,0.010000001960531286
42,71531,0,0.0,2006,2126,69405,0.010000001941023675
42,71573,0,0.0,2007,2127,69446,0.010000001921710166
42,71615,0,0.0,2008,2127,69488,0.010000001902588831
42,71657,0,0.0,2009,2127,69530,0.010000001883657756
45,71702,0,0.0,2010,2131,69571,0.010000001864915047
42,71744,0,0.0,2011,2131,69613,0.010000001846358833
42,71786,0,0.0,2012,2131,69655,0.010000001827987255
42,71828,0,0.0,2013,2132,69696,0.010000001809798478
42,71870,0,0.0,2014,2133,69737,0.010000001791790683
33,71903,0,0.0,2015,2135,69768,0.010000001773962068
42,71945,0,0.0,2016,2135,69810,0.01000000175631085
42,71987,0,0.0,2017,2135,69852,0.010000001738835265
31,72018,0,0.0,2018,2136,69882,0.010000001721533565
42,72060,0,0.0,2019,2136,69924,0.01000000170440402
42,72102,0,0.0,2020,2136,69966,0.010000001687444917
42,72144,0,0.0,2021,2136,70008,0.01000000167065456
42,72186,0,0.0,2022,2136,70050,0.010000001654031268
42,72228,0,0.0,2023,2136,70092,0.010000001637573383
42,72270,0,0.0,2024,2136,70134,0.010000001621279255
42,72312,0,0.0,2025,2136,70176,0.010000001605147257
42,72354,0,0.0,2026,2136,70218,0.010000001589175776
42,72396,0,0.0,2027,2136,70260,0.010000001573363212
42,72438,0,0.0,2028,2137,70301,0.010000001557707985
42,72480,0,0.0,2029,2137,70343,0.010000001542208533
15,72495,0,0.0,2030,2138,70357,0.010000001526863301
42,72537,0,0.0,2031,2138,70399,0.010000001511670758
42,72579,0,0.0,2032,2138,70441,0.010000001496629383
42,72621,0,0.0,2033,2140,70481,0.010000001481737672
41,72662,0,0.0,2034,2141,70521,0.010000001466994136
42,72704,0,0.0,2035,2141,70563,0.0100000014523973
42,72746,0,0.0,2036,2141,70605,0.010000001437945705
42,72788,0,0.0,2037,2141,70647,0.010000001423637906
42,72830,0,0.0,2038,2141,70689,0.010000001409472473
20,72850,0,0.0,2039,2142,70708,0.010000001395447987
42,72892,0,0.0,2040,2143,70749,0.010000001381563048
42,72934,0,0.0,2041,2143,70791,0.010000001367816265
42,72976,0,0.0,2042,2144,70832,0.010000001354206266
42,73018,0,0.0,2043,2146,70872,0.010000001340731689
42,73060,0,0.0,2044,2146,70914,0.010000001327391185
42,73102,0,0.0,2045,2146,70956,0.010000001314183422
42,73144,0,0.0,2046,2146,70998,0.010000001301107078
42,73186,0,0.0,2047,2146,71040,0.010000001288160847
42,73228,0,0.0,2048,2146,71082,0.010000001275343432
42,73270,0,0.0,2049,2146,71124,0.010000001262653553
42,73312,0,0.0,2050,2146,71166,0.010000001250089941
42,73354,0,0.0,2051,2146,71208,0.010000001237651338
37,73391,0,0.0,2052,2147,71244,0.010000001225336501
42,73433,0,0.0,2053,2147,71286,0.0100000012131442
18,73451,0,0.0,2054,2148,71303,0.010000001201073213
42,73493,0,0.0,2055,2148,71345,0.010000001189122336
30,73523,0,0.0,2056,2149,71374,0.01000000117729037
42,73565,0,0.0,2057,2150,71415,0.010000001165576136
42,73607,0,0.0,2058,2150,71457,0.010000001153978458
42,73649,0,0.0,2059,2150,71499,0.010000001142496181
42,73691,0,0.0,2060,2150,71541,0.010000001131128155
42,73733,0,0.0,2061,2150,71583,0.010000001119873241
42,73775,0,0.0,2062,2151,71624,0.010000001108730316
42,73817,0,0.0,2063,2153,71664,0.010000001097698266
42,73859,0,0.0,2064,2153,71706,0.010000001086775985
15,73874,0,0.0,2065,2155,71719,0.010000001075962384
8,73882,0,0.0,2066,2157,71725,0.010000001065256378
42,73924,0,0.0,2067,2157,71767,0.0100000010546569
42,73966,0,0.0,2068,2157,71809,0.010000001044162888
42,74008,0,0.0,2069,2157,71851,0.010000001033773295
42,74050,0,0.0,2070,2158,71892,0.010000001023487078
42,74092,0,0.0,2071,2158,71934,0.010000001013303212
42,74134,0,0.0,2072,2158,71976,0.010000001003220677
42,74176,0,0.0,2073,2158,72018,0.010000000993238464
42,74218,0,0.0,2074,2158,72060,0.010000000983355576
42,74260,0,0.0,2075,2158,72102,0.010000000973571024
42,74302,0,0.0,2076,2158,72144,0.01000000096388383
42,74344,0,0.0,2077,2158,72186,0.010000000954293027
42,74386,0,0.0,2078,2158,72228,0.010000000944797652
42,74428,0,0.0,2079,2158,72270,0.010000000935396759
42,74470,0,0.0,2080,2158,72312,0.010000000926089405
42,74512,0,0.0,2081,2158,72354,0.010000000916874661
27,74539,0,0.0,2082,2159,72380,0.010000000907751607
42,74581,0,0.0,2083,2159,72422,0.010000000898719327
42,74623,0,0.0,2084,2160,72463,0.01000000088977692
42,74665,0,0.0,2085,2160,72505,0.010000000880923492
42,74707,0,0.0,2086,2160,72547,0.010000000872158157
39,74746,0,0.0,2087,2161,72585,0.010000000863480038
42,74788,0,0.0,2088,2162,72626,0.010000000854888268
42,74830,0,0.0,2089,2163,72667,0.010000000846381987
42,74872,0,0.0,2090,2163,72709,0.010000000837960347
42,74914,0,0.0,2091,2163,72751,0.010000000829622501
42,74956,0,0.0,2092,2165,72791,0.01000000082136762
15,74971,0,0.0,2093,2167,72804,0.010000000813194876
42,75013,0,0.0,2094,2168,72845,0.010000000805103451
42,75055,0,0.0,2095,2168,72887,0.010000000797092538
42,75097,0,0.0,2096,2168,72929,0.010000000789161335
42,75139,0,0.0,2097,2168,72971,0.010000000781309049
42,75181,0,0.0,2098,2168,73013,0.010000000773534894
46,75227,0,0.0,2099,2170,73057,0.010000000765838093
42,75269,0,0.0,2100,2170,73099,0.010000000758217876
4,75273,0,0.0,2101,2171,73102,0.010000000750673482
42,75315,0,0.0,2102,2171,73144,0.010000000743204156
42,75357,0,0.0,2103,2171,73186,0.010000000735809152
38,75395,0,0.0,2104,2172,73223,0.010000000728487729
42,75437,0,0.0,2105,2172,73265,0.010000000721239154
42,75479,0,0.0,2106,2172,73307,0.010000000714062705
42,75521,0,0.0,2107,2172,73349,0.010000000706957663
42,75563,0,0.0,2108,2172,73391,0.010000000699923316
42,75605,0,0.0,2109,2172,73433,0.010000000692958963
42,75647,0,0.0,2110,2173,73474,0.010000000686063906
42,75689,0,0.0,2111,2173,73516,0.010000000679237456
44,75733,0,0.0,2112,2174,73559,0.01000000067247893
42,75775,0,0.0,2113,2174,73601,0.010000000665787653
42,75817,0,0.0,2114,2174,73643,0.010000000659162955
42,75859,0,0.0,2115,2174,73685,0.010000000652604174
42,75901,0,0.0,2116,2174,73727,0.010000000646110655
42,75943,0,0.0,2117,2174,73769,0.010000000639681745
42,75985,0,0.0,2118,2174,73811,0.010000000633316805
42,76027,0,0.0,2119,2174,73853,0.010000000627015199
42,76069,0,0.0,2120,2174,73895,0.010000000620776293
42,76111,0,0.0,2121,2175,73936,0.010000000614599465
32,76143,0,0.0,2122,2176,73967,0.010000000608484098
42,76185,0,0.0,2123,2176,74009,0.01000000060242958
42,76227,0,0.0,2124,2176,74051,0.010000000596435306
42,76269,0,0.0,2125,2176,74093,0.010000000590500676
42,76311,0,0.0,2126,2179,74132,0.010000000584625097
42,76353,0,0.0,2127,2179,74174,0.01000000057880798
42,76395,0,0.0,2128,2179,74216,0.010000000573048744
42,76437,0,0.0,2129,2179,74258,0.010000000567346814
42,76479,0,0.0,2130,2179,74300,0.010000000561701618
42,76521,0,0.0,2131,2180,74341,0.010000000556112594
42,76563,0,0.0,2132,2181,74382,0.010000000550579181
18,76581,0,0.0,2133,2182,74399,0.010000000545100826
42,76623,0,0.0,2134,2182,74441,0.010000000539676982
42,76665,0,0.0,2135,2182,74483,0.010000000534307107
15,76680,0,0.0,2136,2183,74497,0.010000000528990662
15,76695,0,0.0,2137,2184,74511,0.010000000523727117
42,76737,0,0.0,2138,2184,74553,0.010000000518515946
42,76779,0,0.0,2139,2184,74595,0.010000000513356627
42,76821,0,0.0,2140,2184,74637,0.010000000508248641
42,76863,0,0.0,2141,2184,74679,0.010000000503191483
42,76905,0,0.0,2142,2184,74721,0.010000000498184645
42,76947,0,0.0,2143,2184,74763,0.010000000493227624
42,76989,0,0.0,2144,2184,74805,0.010000000488319928
42,77031,0,0.0,2145,2184,74847,0.010000000483461063
42,77073,0,0.0,2146,2184,74889,0.010000000478650545
42,77115,0,0.0,2147,2184,74931,0.010000000473887893
18,77133,0,0.0,2148,2185,74948,0.01000000046917263
42,77175,0,0.0,2149,2185,74990,0.010000000464504284
19,77194,0,0.0,2150,2186,75008,0.01000000045988239
42,77236,0,0.0,2151,2186,75050,0.010000000455306482
42,77278,0,0.0,2152,2186,75092,0.010000000450776108
42,77320,0,0.0,2153,2186,75134,0.01000000044629081
15,77335,0,0.0,2154,2187,75148,0.010000000441850142
42,77377,0,0.0,2155,2188,75189,0.01000000043745366
40,77417,0,0.0,2156,2190,75227,0.010000000433100923
22,77439,0,0.0,2157,2191,75248,0.010000000428791497
42,77481,0,0.0,2158,2191,75290,0.01000000042452495
42,77523,0,0.0,2159,2192,75331,0.010000000420300857
42,77565,0,0.0,2160,2192,75373,0.010000000416118794
42,77607,0,0.0,2161,2192,75415,0.010000000411978342
42,77649,0,0.0,2162,2192,75457,0.01000000040787909
42,77691,0,0.0,2163,2192,75499,0.010000000403820625
42,77733,0,0.0,2164,2192,75541,0.010000000399802542
42,77775,0,0.0,2165,2192,75583,0.010000000395824441
42,77817,0,0.0,2166,2192,75625,0.010000000391885921
42,77859,0,0.0,2167,2194,75665,0.010000000387986591
42,77901,0,0.0,2168,2194,75707,0.010000000384126061
42,77943,0,0.0,2169,2194,75749,0.010000000380303941
42,77985,0,0.0,2170,2194,75791,0.010000000376519855
42,78027,0,0.0,2171,2195,75832,0.01000000037277342
43,78070,0,0.0,2172,2196,75874,0.010000000369064262
42,78112,0,0.0,2173,2196,75916,0.010000000365392012
15,78127,0,0.0,2174,2197,75930,0.0100000003617563
42,78169,0,0.0,2175,2198,75971,0.010000000358156765
42,78211,0,0.0,2176,2200,76011,0.010000000354593046
42,78253,0,0.0,2177,2200,76053,0.010000000351064785
42,78295,0,0.0,2178,2201,76094,0.010000000347571633
20,78315,0,0.0,2179,2202,76113,0.010000000344113236
42,78357,0,0.0,2180,2202,76155,0.010000000340689253
42,78399,0,0.0,2181,2202,76197,0.010000000337299338
42,78441,0,0.0,2182,2202,76239,0.010000000333943155
42,78483,0,0.0,2183,2202,76281,0.010000000330620365
42,78525,0,0.0,2184,2202,76323,0.010000000327330637
42,78567,0,0.0,2185,2202,76365,0.010000000324073641
42,78609,0,0.0,2186,2204,76405,0.010000000320849056
42,78651,0,0.0,2187,2204,76447,0.010000000317656554
42,78693,0,0.0,2188,2204,76489,0.010000000314495818
42,78735,0,0.0,2189,2204,76531,0.010000000311366533
22,78757,0,0.0,2190,2205,76552,0.010000000308268385
42,78799,0,0.0,2191,2205,76594,0.010000000305201063
42,78841,0,0.0,2192,2205,76636,0.01000000030216426
24,78865,0,0.0,2193,2206,76659,0.010000000299157676
42,78907,0,0.0,2194,2206,76701,0.010000000296181009
42,78949,0,0.0,2195,2206,76743,0.010000000293233958
42,78991,0,0.0,2196,2206,76785,0.010000000290316231
42,79033,0,0.0,2197,2208,76825,0.010000000287427537
42,79075,0,0.0,2198,2209,76866,0.010000000284567585
42,79117,0,0.0,2199,2209,76908,0.01000000028173609
42,79159,0,0.0,2200,2209,76950,0.01000000027893277
42,79201,0,0.0,2201,2211,76990,0.010000000276157342
42,79243,0,0.0,2202,2211,77032,0.01000000027340953
42,79285,0,0.0,2203,2212,77073,0.01000000027068906
42,79327,0,0.0,2204,2212,77115,0.010000000267995659
42,79369,0,0.0,2205,2213,77156,0.010000000265329058
42,79411,0,0.0,2206,2214,77197,0.010000000262688989
42,79453,0,0.0,2207,2214,77239,0.010000000260075189
42,79495,0,0.0,2208,2214,77281,0.010000000257487398
42,79537,0,0.0,2209,2214,77323,0.010000000254925355
42,79579,0,0.0,2210,2214,77365,0.010000000252388806
42,79621,0,0.0,2211,2214,77407,0.010000000249877496
42,79663,0,0.0,2212,2214,77449,0.010000000247391174
42,79705,0,0.0,2213,2214,77491,0.01000000024492959
42,79747,0,0.0,2214,2214,77533,0.0100000002424925
42,79789,0,0.0,2215,2214,77575,0.01000000024007966
42,79831,0,0.0,2216,2214,77617,0.010000000237690827
42,79873,0,0.0,2217,2214,77659,0.010000000235325763
15,79888,0,0.0,2218,2215,77673,0.010000000232984233
42,79930,0,0.0,2219,2215,77715,0.010000000230666
42,79972,0,0.0,2220,2215,77757,0.010000000228370836
42,80014,0,0.0,2221,2215,77799,0.010000000226098508
42,80056,0,0.0,2222,2215,77841,0.01000000022384879
43,80099,0,0.0,2223,2216,77883,0.010000000221621458
40,80139,0,0.0,2224,2218,77921,0.010000000219416287
42,80181,0,0.0,2225,2218,77963,0.010000000217233058
42,80223,0,0.0,2226,2219,78004,0.010000000215071555
42,80265,0,0.0,2227,2219,78046,0.010000000212931556
42,80307,0,0.0,2228,2219,78088,0.010000000210812852
42,80349,0,0.0,2229,2219,78130,0.01000000020871523
42,80391,0,0.0,2230,2219,78172,0.010000000206638477
42,80433,0,0.0,2231,2220,78213,0.010000000204582391
42,80475,0,0.0,2232,2220,78255,0.01000000020254676
42,80517,0,0.0,2233,2220,78297,0.010000000200531387
42,80559,0,0.0,2234,2220,78339,0.010000000198536066
42,80601,0,0.0,2235,2220,78381,0.0100000001965606
42,80643,0,0.0,2236,2221,78422,0.010000000194604789
20,80663,0,0.0,2237,2222,78441,0.010000000192668439
42,80705,0,0.0,2238,2222,78483,0.010000000190751356
42,80747,0,0.0,2239,2222,78525,0.010000000188853348
42,80789,0,0.0,2240,2222,78567,0.010000000186974226
42,80831,0,0.0,2241,2222,78609,0.010000000185113801
42,80873,0,0.0,2242,2223,78650,0.01000000018327189
42,80915,0,0.0,2243,2223,78692,0.010000000181448303
42,80957,0,0.0,2244,2223,78734,0.010000000179642862
42,80999,0,0.0,2245,2223,78776,0.010000000177855385
42,81041,0,0.0,2246,2223,78818,0.010000000176085695
42,81083,0,0.0,2247,2223,78860,0.010000000174333614
42,81125,0,0.0,2248,2223,78902,0.010000000172598965
42,81167,0,0.0,2249,2223,78944,0.010000000170881576
31,81198,0,0.0,2250,2224,78974,0.010000000169181277
42,81240,0,0.0,2251,2224,79016,0.010000000167497894
42,81282,0,0.0,2252,2224,79058,0.010000000165831262
42,81324,0,0.0,2253,2225,79099,0.010000000164181214
42,81366,0,0.0,2254,2225,79141,0.010000000162547583
42,81408,0,0.0,2255,2225,79183,0.010000000160930209
42,81450,0,0.0,2256,2225,79225,0.010000000159328925
42,81492,0,0.0,2257,2225,79267,0.010000000157743577
42,81534,0,0.0,2258,2225,79309,0.010000000156174001
42,81576,0,0.0,2259,2225,79351,0.010000000154620044
42,81618,0,0.0,2260,2225,79393,0.01000000015308155
42,81660,0,0.0,2261,2225,79435,0.010000000151558363
42,81702,0,0.0,2262,2225,79477,0.010000000150050332
42,81744,0,0.0,2263,2226,79518,0.010000000148557306
42,81786,0,0.0,2264,2226,79560,0.010000000147079136
42,81828,0,0.0,2265,2226,79602,0.010000000145615674
42,81870,0,0.0,2266,2226,79644,0.010000000144166774
42,81912,0,0.0,2267,2226,79686,0.01000000014273229
42,81954,0,0.0,2268,2226,79728,0.01000000014131208
42,81996,0,0.0,2269,2227,79769,0.010000000139906002
38,82034,0,0.0,2270,2231,79803,0.010000000138513914
42,82076,0,0.0,2271,2231,79845,0.010000000137135678
42,82118,0,0.0,2272,2232,79886,0.010000000135771155
42,82160,0,0.0,2273,2232,79928,0.01000000013442021
42,82202,0,0.0,2274,2232,79970,0.010000000133082705
42,82244,0,0.0,2275,2232,80012,0.01000000013175851
41,82285,0,0.0,2276,2233,80052,0.010000000130447492
42,82327,0,0.0,2277,2233,80094,0.010000000129149518
42,82369,0,0.0,2278,2234,80135,0.010000000127864459
42,82411,0,0.0,2279,2235,80176,0.010000000126592185
42,82453,0,0.0,2280,2235,80218,0.010000000125332573
42,82495,0,0.0,2281,2235,80260,0.010000000124085492
42,82537,0,0.0,2282,2235,80302,0.010000000122850822
42,82579,0,0.0,2283,2235,80344,0.010000000121628435
42,82621,0,0.0,2284,2235,80386,0.010000000120418212
42,82663,0,0.0,2285,2235,80428,0.01000000011922003
42,82705,0,0.0,2286,2235,80470,0.010000000118033772
42,82747,0,0.0,2287,2235,80512,0.010000000116859316
16,82763,0,0.0,2288,2237,80526,0.010000000115696546
42,82805,0,0.0,2289,2237,80568,0.010000000114545346
45,82850,0,0.0,2290,2238,80612,0.010000000113405601
42,82892,0,0.0,2291,2240,80652,0.010000000112277196
42,82934,0,0.0,2292,2240,80694,0.010000000111160019
42,82976,0,0.0,2293,2240,80736,0.01000000011005396
27,83003,0,0.0,2294,2241,80762,0.010000000108958905
15,83018,0,0.0,2295,2242,80776,0.010000000107874744
42,83060,0,0.0,2296,2242,80818,0.010000000106801374
20,83080,0,0.0,2297,2243,80837,0.010000000105738682
18,83098,0,0.0,2298,2244,80854,0.010000000104686563
42,83140,0,0.0,2299,2245,80895,0.010000000103644916
42,83182,0,0.0,2300,2245,80937,0.010000000102613631
22,83204,0,0.0,2301,2246,80958,0.010000000101592608
42,83246,0,0.0,2302,2246,81000,0.010000000100581745
42,83288,0,0.0,2303,2246,81042,0.010000000099580941
42,83330,0,0.0,2304,2246,81084,0.010000000098590093
42,83372,0,0.0,2305,2246,81126,0.010000000097609105
42,83414,0,0.0,2306,2246,81168,0.010000000096637878
42,83456,0,0.0,2307,2246,81210,0.010000000095676316
42,83498,0,0.0,2308,2246,81252,0.01000000009472432
42,83540,0,0.0,2309,2247,81293,0.010000000093781799
42,83582,0,0.0,2310,2248,81334,0.010000000092848653
42,83624,0,0.0,2311,2249,81375,0.010000000091924794
42,83666,0,0.0,2312,2250,81416,0.010000000091010127
43,83709,0,0.0,2313,2251,81458,0.010000000090104561
42,83751,0,0.0,2314,2251,81500,0.010000000089208006
42,83793,0,0.0,2315,2252,81541,0.01000000008832037
30,83823,0,0.0,2316,2253,81570,0.010000000087441568
42,83865,0,0.0,2317,2253,81612,0.01000000008657151
42,83907,0,0.0,2318,2254,81653,0.01000000008571011
42,83949,0,0.0,2319,2256,81693,0.01000000008485728
42,83991,0,0.0,2320,2256,81735,0.010000000084012936
3,83994,0,0.0,2321,2257,81737,0.010000000083176993
42,84036,0,0.0,2322,2257,81779,0.010000000082349369
42,84078,0,0.0,2323,2257,81821,0.010000000081529977
15,84093,0,0.0,2324,2258,81835,0.010000000080718741
42,84135,0,0.0,2325,2259,81876,0.010000000079915576
27,84162,0,0.0,2326,2260,81902,0.010000000079120403
42,84204,0,0.0,2327,2260,81944,0.010000000078333142
42,84246,0,0.0,2328,2260,81986,0.010000000077553714
42,84288,0,0.0,2329,2260,82028,0.010000000076782041
42,84330,0,0.0,2330,2260,82070,0.010000000076018048
27,84357,0,0.0,2331,2261,82096,0.010000000075261655
42,84399,0,0.0,2332,2261,82138,0.01000000007451279
42,84441,0,0.0,2333,2261,82180,0.010000000073771375
15,84456,0,0.0,2334,2262,82194,0.010000000073037337
42,84498,0,0.0,2335,2262,82236,0.010000000072310604
39,84537,0,0.0,2336,2263,82274,0.010000000071591101
42,84579,0,0.0,2337,2263,82316,0.010000000070878758
33,84612,0,0.0,2338,2264,82348,0.010000000070173503
42,84654,0,0.0,2339,2264,82390,0.010000000069475264
42,84696,0,0.0,2340,2264,82432,0.010000000068783974
42,84738,0,0.0,2341,2264,82474,0.010000000068099563
42,84780,0,0.0,2342,2264,82516,0.01000000006742196
45,84825,0,0.0,2343,2265,82560,0.0100000000667511
42,84867,0,0.0,2344,2265,82602,0.010000000066086916
42,84909,0,0.0,2345,2265,82644,0.01000000006542934
42,84951,0,0.0,2346,2265,82686,0.010000000064778308
15,84966,0,0.0,2347,2266,82700,0.010000000064133752
40,85006,0,0.0,2348,2267,82739,0.01000000006349561
42,85048,0,0.0,2349,2267,82781,0.010000000062863819
42,85090,0,0.0,2350,2267,82823,0.010000000062238314
42,85132,0,0.0,2351,2267,82865,0.010000000061619031
42,85174,0,0.0,2352,2267,82907,0.010000000061005912
42,85216,0,0.0,2353,2267,82949,0.010000000060398893
42,85258,0,0.0,2354,2267,82991,0.010000000059797915
42,85300,0,0.0,2355,2267,83033,0.010000000059202915
42,85342,0,0.0,2356,2267,83075,0.010000000058613836
42,85384,0,0.0,2357,2267,83117,0.010000000058030619
42,85426,0,0.0,2358,2267,83159,0.010000000057453204
42,85468,0,0.0,2359,2267,83201,0.010000000056881536
42,85510,0,0.0,2360,2267,83243,0.010000000056315555
42,85552,0,0.0,2361,2267,83285,0.010000000055755206
42,85594,0,0.0,2362,2267,83327,0.010000000055200433
42,85636,0,0.0,2363,2267,83369,0.01000000005465118
42,85678,0,0.0,2364,2267,83411,0.01000000005410739
42,85720,0,0.0,2365,2267,83453,0.010000000053569012
31,85751,0,0.0,2366,2268,83483,0.010000000053035992
42,85793,0,0.0,2367,2268,83525,0.010000000052508276
4,85797,0,0.0,2368,2269,83528,0.01000000005198581
42,85839,0,0.0,2369,2271,83568,0.010000000051468541
42,85881,0,0.0,2370,2271,83610,0.010000000050956422
42,85923,0,0.0,2371,2272,83651,0.010000000050449397
42,85965,0,0.0,2372,2272,83693,0.010000000049947416
42,86007,0,0.0,2373,2272,83735,0.010000000049450432
42,86049,0,0.0,2374,2274,83775,0.010000000048958391
42,86091,0,0.0,2375,2275,83816,0.010000000048471248
42,86133,0,0.0,2376,2275,83858,0.01000000004798895
42,86175,0,0.0,2377,2275,83900,0.010000000047511452
42,86217,0,0.0,2378,2275,83942,0.010000000047038705
15,86232,0,0.0,2379,2276,83956,0.010000000046570662
42,86274,0,0.0,2380,2276,83998,0.010000000046107276
42,86316,0,0.0,2381,2276,84040,0.010000000045648503
42,86358,0,0.0,2382,2276,84082,0.010000000045194291
42,86400,0,0.0,2383,2278,84122,0.0100000000447446
42,86442,0,0.0,2384,2278,84164,0.010000000044299384
8,86450,0,0.0,2385,2279,84171,0.010000000043858598
41,86491,0,0.0,2386,2280,84211,0.010000000043422198
41,86532,0,0.0,2387,2282,84250,0.01000000004299014
42,86574,0,0.0,2388,2282,84292,0.010000000042562381
42,86616,0,0.0,2389,2282,84334,0.010000000042138878
42,86658,0,0.0,2390,2282,84376,0.01000000004171959
42,86700,0,0.0,2391,2282,84418,0.010000000041304472
45,86745,0,0.0,2392,2284,84461,0.010000000040893487
42,86787,0,0.0,2393,2284,84503,0.010000000040486588
40,86827,0,0.0,2394,2285,84542,0.01000000004008374
42,86869,0,0.0,2395,2285,84584,0.010000000039684901
42,86911,0,0.0,2396,2285,84626,0.01000000003929003
42,86953,0,0.0,2397,2285,84668,0.010000000038899087
42,86995,0,0.0,2398,2285,84710,0.010000000038512034
42,87037,0,0.0,2399,2286,84751,0.010000000038128834
42,87079,0,0.0,2400,2287,84792,0.010000000037749446
15,87094,0,0.0,2401,2288,84806,0.010000000037373832
42,87136,0,0.0,2402,2288,84848,0.010000000037001956
42,87178,0,0.0,2403,2289,84889,0.010000000036633781
29,87207,0,0.0,2404,2291,84916,0.010000000036269269
42,87249,0,0.0,2405,2291,84958,0.010000000035908384
42,87291,0,0.0,2406,2291,85000,0.010000000035551088
42,87333,0,0.0,2407,2291,85042,0.01000000003519735
42,87375,0,0.0,2408,2291,85084,0.01000000003484713
42,87417,0,0.0,2409,2291,85126,0.010000000034500396
42,87459,0,0.0,2410,2291,85168,0.010000000034157111
43,87502,0,0.0,2411,2293,85209,0.010000000033817243
42,87544,0,0.0,2412,2293,85251,0.010000000033480755
42,87586,0,0.0,2413,2293,85293,0.010000000033147615
42,87628,0,0.0,2414,2293,85335,0.010000000032817792
42,87670,0,0.0,2415,2293,85377,0.01000000003249125
42,87712,0,0.0,2416,2293,85419,0.010000000032167956
42,87754,0,0.0,2417,2293,85461,0.010000000031847879
42,87796,0,0.0,2418,2294,85502,0.010000000031530988
42,87838,0,0.0,2419,2295,85543,0.01000000003121725
42,87880,0,0.0,2420,2295,85585,0.010000000030906632
42,87922,0,0.0,2421,2295,85627,0.010000000030599105
42,87964,0,0.0,2422,2295,85669,0.01000000003029464
42,88006,0,0.0,2423,2295,85711,0.010000000029993203
42,88048,0,0.0,2424,2295,85753,0.010000000029694766
42,88090,0,0.0,2425,2296,85794,0.010000000029399297
30,88120,0,0.0,2426,2297,85823,0.01000000002910677
33,88153,0,0.0,2427,2298,85855,0.010000000028817152
42,88195,0,0.0,2428,2298,85897,0.010000000028530418
42,88237,0,0.0,2429,2299,85938,0.010000000028246536
42,88279,0,0.0,2430,2299,85980,0.010000000027965477
42,88321,0,0.0,2431,2300,86021,0.010000000027687216
42,88363,0,0.0,2432,2300,86063,0.010000000027411724
42,88405,0,0.0,2433,2301,86104,0.010000000027138972
42,88447,0,0.0,2434,2301,86146,0.010000000026868934
42,88489,0,0.0,2435,2301,86188,0.010000000026601584
42,88531,0,0.0,2436,2301,86230,0.010000000026336895
43,88574,0,0.0,2437,2302,86272,0.010000000026074839
42,88616,0,0.0,2438,2302,86314,0.010000000025815388
27,88643,0,0.0,2439,2303,86340,0.01000000002555852
42,88685,0,0.0,2440,2303,86382,0.01000000002530421
42,88727,0,0.0,2441,2304,86423,0.010000000025052429
42,88769,0,0.0,2442,2304,86465,0.010000000024803153
42,88811,0,0.0,2443,2304,86507,0.010000000024556357
42,88853,0,0.0,2444,2304,86549,0.010000000024312018
42,88895,0,0.0,2445,2304,86591,0.010000000024070109
42,88937,0,0.0,2446,2304,86633,0.010000000023830608
27,88964,0,0.0,2447,2305,86659,0.010000000023593488
15,88979,0,0.0,2448,2306,86673,0.01000000002335873
42,89021,0,0.0,2449,2306,86715,0.010000000023126307
42,89063,0,0.0,2450,2306,86757,0.010000000022896196
42,89105,0,0.0,2451,2306,86799,0.010000000022668374
42,89147,0,0.0,2452,2306,86841,0.01000000002244282
15,89162,0,0.0,2453,2307,86855,0.010000000022219511
42,89204,0,0.0,2454,2307,86897,0.010000000021998424
42,89246,0,0.0,2455,2307,86939,0.010000000021779535
42,89288,0,0.0,2456,2307,86981,0.010000000021562825
15,89303,0,0.0,2457,2308,86995,0.010000000021348272
45,89348,0,0.0,2458,2309,87039,0.010000000021135854
42,89390,0,0.0,2459,2309,87081,0.010000000020925548
42,89432,0,0.0,2460,2309,87123,0.010000000020717334
45,89477,0,0.0,2461,2310,87167,0.010000000020511194
42,89519,0,0.0,2462,2311,87208,0.010000000020307105
42,89561,0,0.0,2463,2312,87249,0.010000000020105045
42,89603,0,0.0,2464,2312,87291,0.010000000019904996
42,89645,0,0.0,2465,2312,87333,0.01000000001970694
39,89684,0,0.0,2466,2314,87370,0.010000000019510851
42,89726,0,0.0,2467,2314,87412,0.010000000019316715
42,89768,0,0.0,2468,2314,87454,0.010000000019124511
27,89795,0,0.0,2469,2315,87480,0.010000000018934219
42,89837,0,0.0,2470,2315,87522,0.01000000001874582
42,89879,0,0.0,2471,2315,87564,0.010000000018559297
42,89921,0,0.0,2472,2316,87605,0.010000000018374628
42,89963,0,0.0,2473,2316,87647,0.010000000018191797
42,90005,0,0.0,2474,2316,87689,0.010000000018010786
42,90047,0,0.0,2475,2316,87731,0.010000000017831575
42,90089,0,0.0,2476,2316,87773,0.01000000001765415
42,90131,0,0.0,2477,2316,87815,0.010000000017478486
42,90173,0,0.0,2478,2316,87857,0.010000000017304573
42,90215,0,0.0,2479,2316,87899,0.01000000001713239
42,90257,0,0.0,2480,2316,87941,0.01000000001696192
42,90299,0,0.0,2481,2316,87983,0.010000000016793145
42,90341,0,0.0,2482,2317,88024,0.010000000016626051
38,90379,0,0.0,2483,2318,88061,0.01000000001646062
42,90421,0,0.0,2484,2318,88103,0.010000000016296832
42,90463,0,0.0,2485,2318,88145,0.010000000016134677
42,90505,0,0.0,2486,2318,88187,0.010000000015974134
42,90547,0,0.0,2487,2318,88229,0.010000000015815188
42,90589,0,0.0,2488,2319,88270,0.010000000015657824
28,90617,0,0.0,2489,2320,88297,0.010000000015502027
42,90659,0,0.0,2490,2320,88339,0.010000000015347779
42,90701,0,0.0,2491,2321,88380,0.010000000015195066
33,90734,0,0.0,2492,2322,88412,0.010000000015043873
42,90776,0,0.0,2493,2322,88454,0.010000000014894183
42,90818,0,0.0,2494,2322,88496,0.010000000014745984
27,90845,0,0.0,2495,2323,88522,0.01000000001459926
42,90887,0,0.0,2496,2323,88564,0.010000000014453994
42,90929,0,0.0,2497,2323,88606,0.010000000014310175
42,90971,0,0.0,2498,2323,88648,0.010000000014167785
42,91013,0,0.0,2499,2323,88690,0.010000000014026815
42,91055,0,0.0,2500,2323,88732,0.010000000013887246
24,91079,0,0.0,2501,2324,88755,0.010000000013749065
42,91121,0,0.0,2502,2324,88797,0.010000000013612259
42,91163,0,0.0,2503,2324,88839,0.010000000013476815
22,91185,0,0.0,2504,2325,88860,0.010000000013342718
42,91227,0,0.0,2505,2325,88902,0.010000000013209956
42,91269,0,0.0,2506,2325,88944,0.010000000013078514
42,91311,0,0.0,2507,2325,88986,0.010000000012948382
42,91353,0,0.0,2508,2325,89028,0.010000000012819543
42,91395,0,0.0,2509,2325,89070,0.010000000012691987
42,91437,0,0.0,2510,2326,89111,0.010000000012565699
42,91479,0,0.0,2511,2326,89153,0.010000000012440668
42,91521,0,0.0,2512,2327,89194,0.010000000012316882
45,91566,0,0.0,2513,2328,89238,0.010000000012194326
42,91608,0,0.0,2514,2328,89280,0.01000000001207299
42,91650,0,0.0,2515,2328,89322,0.010000000011952863
42,91692,0,0.0,2516,2328,89364,0.01000000001183393
40,91732,0,0.0,2517,2329,89403,0.01000000001171618
33,91765,0,0.0,2518,2330,89435,0.010000000011599602
42,91807,0,0.0,2519,2330,89477,0.010000000011484184
42,91849,0,0.0,2520,2330,89519,0.010000000011369914
42,91891,0,0.0,2521,2330,89561,0.010000000011256782
42,91933,0,0.0,2522,2330,89603,0.010000000011144775
15,91948,0,0.0,2523,2331,89617,0.010000000011033882
42,91990,0,0.0,2524,2332,89658,0.010000000010924093
17,92007,0,0.0,2525,2333,89674,0.010000000010815397
42,92049,0,0.0,2526,2333,89716,0.010000000010707782
42,92091,0,0.0,2527,2334,89757,0.010000000010601239
42,92133,0,0.0,2528,2334,89799,0.010000000010495754
42,92175,0,0.0,2529,2335,89840,0.01000000001039132
42,92217,0,0.0,2530,2336,89881,0.010000000010287923
42,92259,0,0.0,2531,2336,89923,0.010000000010185557
38,92297,0,0.0,2532,2337,89960,0.01000000001008421
42,92339,0,0.0,2533,2338,90001,0.01000000000998387
42,92381,0,0.0,2534,2338,90043,0.01000000000988453
42,92423,0,0.0,2535,2338,90085,0.010000000009786176
16,92439,0,0.0,2536,2339,90100,0.010000000009688802
42,92481,0,0.0,2537,2339,90142,0.010000000009592397
42,92523,0,0.0,2538,2339,90184,0.01000000000949695
42,92565,0,0.0,2539,2339,90226,0.010000000009402455
38,92603,0,0.0,2540,2341,90262,0.0100000000093089
42,92645,0,0.0,2541,2341,90304,0.010000000009216274
3,92648,0,0.0,2542,2342,90306,0.010000000009124571
42,92690,0,0.0,2543,2342,90348,0.01000000000903378
42,92732,0,0.0,2544,2342,90390,0.010000000008943891
20,92752,0,0.0,2545,2343,90409,0.010000000008854898
42,92794,0,0.0,2546,2343,90451,0.010000000008766791
42,92836,0,0.0,2547,2344,90492,0.010000000008679559
42,92878,0,0.0,2548,2344,90534,0.010000000008593196
42,92920,0,0.0,2549,2344,90576,0.010000000008507693
42,92962,0,0.0,2550,2344,90618,0.01000000000842304
42,93004,0,0.0,2551,2344,90660,0.010000000008339229
42,93046,0,0.0,2552,2344,90702,0.010000000008256252
42,93088,0,0.0,2553,2344,90744,0.010000000008174102
42,93130,0,0.0,2554,2344,90786,0.010000000008092768
42,93172,0,0.0,2555,2344,90828,0.010000000008012244
42,93214,0,0.0,2556,2344,90870,0.010000000007932521
42,93256,0,0.0,2557,2344,90912,0.010000000007853591
42,93298,0,0.0,2558,2344,90954,0.010000000007775445
31,93329,0,0.0,2559,2345,90984,0.010000000007698078
42,93371,0,0.0,2560,2345,91026,0.010000000007621482
42,93413,0,0.0,2561,2345,91068,0.010000000007545647
38,93451,0,0.0,2562,2346,91105,0.010000000007470566
42,93493,0,0.0,2563,2346,91147,0.010000000007396233
42,93535,0,0.0,2564,2346,91189,0.01000000000732264
42,93577,0,0.0,2565,2346,91231,0.010000000007249777
42,93619,0,0.0,2566,2346,91273,0.01000000000717764
42,93661,0,0.0,2567,2347,91314,0.010000000007106222
42,93703,0,0.0,2568,2348,91355,0.010000000007035515
42,93745,0,0.0,2569,2348,91397,0.01000000000696551
42,93787,0,0.0,2570,2348,91439,0.010000000006896203
42,93829,0,0.0,2571,2348,91481,0.010000000006827584
42,93871,0,0.0,2572,2348,91523,0.010000000006759649
42,93913,0,0.0,2573,2348,91565,0.010000000006692388
42,93955,0,0.0,2574,2349,91606,0.010000000006625797
42,93997,0,0.0,2575,2349,91648,0.010000000006559871
42,94039,0,0.0,2576,2350,91689,0.010000000006494598
42,94081,0,0.0,2577,2350,91731,0.010000000006429977
42,94123,0,0.0,2578,2350,91773,0.010000000006365996
42,94165,0,0.0,2579,2350,91815,0.010000000006302655
42,94207,0,0.0,2580,2350,91857,0.010000000006239941
42,94249,0,0.0,2581,2350,91899,0.010000000006177854
42,94291,0,0.0,2582,2351,91940,0.010000000006116382
42,94333,0,0.0,2583,2351,91982,0.010000000006055523
42,94375,0,0.0,2584,2352,92023,0.01000000000599527
3,94378,0,0.0,2585,2353,92025,0.010000000005935617
42,94420,0,0.0,2586,2354,92066,0.010000000005876556
42,94462,0,0.0,2587,2354,92108,0.010000000005818082
42,94504,0,0.0,2588,2355,92149,0.010000000005760193
42,94546,0,0.0,2589,2355,92191,0.010000000005702878
42,94588,0,0.0,2590,2356,92232,0.010000000005646133
42,94630,0,0.0,2591,2358,92272,0.010000000005589952
42,94672,0,0.0,2592,2358,92314,0.010000000005534332
42,94714,0,0.0,2593,2358,92356,0.010000000005479265
42,94756,0,0.0,2594,2358,92398,0.010000000005424744
42,94798,0,0.0,2595,2358,92440,0.010000000005370768
41,94839,0,0.0,2596,2360,92479,0.010000000005317327
42,94881,0,0.0,2597,2360,92521,0.01000000000526442
42,94923,0,0.0,2598,2360,92563,0.010000000005212038
42,94965,0,0.0,2599,2360,92605,0.010000000005160176
42,95007,0,0.0,2600,2360,92647,0.010000000005108832
42,95049,0,0.0,2601,2360,92689,0.010000000005057998
42,95091,0,0.0,2602,2360,92731,0.01000000000500767
42,95133,0,0.0,2603,2361,92772,0.010000000004957843
33,95166,0,0.0,2604,2362,92804,0.010000000004908511
14,95180,0,0.0,2605,2363,92817,0.010000000004859672
42,95222,0,0.0,2606,2365,92857,0.010000000004811316
42,95264,0,0.0,2607,2365,92899,0.010000000004763443
42,95306,0,0.0,2608,2365,92941,0.010000000004716047
42,95348,0,0.0,2609,2365,92983,0.010000000004669121
42,95390,0,0.0,2610,2365,93025,0.010000000004622662
42,95432,0,0.0,2611,2365,93067,0.010000000004576666
45,95477,0,0.0,2612,2366,93111,0.010000000004531127
43,95520,0,0.0,2613,2368,93152,0.010000000004486042
42,95562,0,0.0,2614,2368,93194,0.010000000004441406
15,95577,0,0.0,2615,2369,93208,0.010000000004397212
42,95619,0,0.0,2616,2369,93250,0.010000000004353459
42,95661,0,0.0,2617,2369,93292,0.010000000004310143
42,95703,0,0.0,2618,2369,93334,0.010000000004267255
42,95745,0,0.0,2619,2369,93376,0.010000000004224796
42,95787,0,0.0,2620,2369,93418,0.010000000004182759
42,95829,0,0.0,2621,2369,93460,0.010000000004141139
42,95871,0,0.0,2622,2370,93501,0.010000000004099934
42,95913,0,0.0,2623,2370,93543,0.010000000004059139
42,95955,0,0.0,2624,2370,93585,0.010000000004018749
15,95970,0,0.0,2625,2371,93599,0.010000000003978762
42,96012,0,0.0,2626,2373,93639,0.010000000003939174
45,96057,0,0.0,2627,2374,93683,0.010000000003899978
42,96099,0,0.0,2628,2374,93725,0.010000000003861172
42,96141,0,0.0,2629,2374,93767,0.010000000003822753
42,96183,0,0.0,2630,2374,93809,0.010000000003784716
42,96225,0,0.0,2631,2374,93851,0.010000000003747057
42,96267,0,0.0,2632,2375,93892,0.010000000003709774
42,96309,0,0.0,2633,2375,93934,0.01000000000367286
42,96351,0,0.0,2634,2375,93976,0.010000000003636315
42,96393,0,0.0,2635,2375,94018,0.010000000003600133
42,96435,0,0.0,2636,2375,94060,0.01000000000356431
42,96477,0,0.0,2637,2376,94101,0.010000000003528846
42,96519,0,0.0,2638,2376,94143,0.010000000003493733
42,96561,0,0.0,2639,2376,94185,0.01000000000345897
42,96603,0,0.0,2640,2376,94227,0.010000000003424553
42,96645,0,0.0,2641,2377,94268,0.010000000003390477
42,96687,0,0.0,2642,2377,94310,0.010000000003356742
36,96723,0,0.0,2643,2379,94344,0.010000000003323342
42,96765,0,0.0,2644,2379,94386,0.010000000003290275
42,96807,0,0.0,2645,2379,94428,0.010000000003257535
42,96849,0,0.0,2646,2379,94470,0.010000000003225122
42,96891,0,0.0,2647,2379,94512,0.010000000003193031
42,96933,0,0.0,2648,2380,94553,0.01000000000316126
42,96975,0,0.0,2649,2380,94595,0.010000000003129806
42,97017,0,0.0,2650,2382,94635,0.010000000003098664
38,97055,0,0.0,2651,2384,94671,0.010000000003067831
42,97097,0,0.0,2652,2385,94712,0.010000000003037305
42,97139,0,0.0,2653,2386,94753,0.010000000003007084
42,97181,0,0.0,2654,2387,94794,0.010000000002977164
42,97223,0,0.0,2655,2388,94835,0.01000000000294754
16,97239,0,0.0,2656,2389,94850,0.010000000002918211
15,97254,0,0.0,2657,2390,94864,0.010000000002889175
42,97296,0,0.0,2658,2390,94906,0.010000000002860427
42,97338,0,0.0,2659,2390,94948,0.010000000002831966
42,97380,0,0.0,2660,2390,94990,0.010000000002803787
42,97422,0,0.0,2661,2390,95032,0.010000000002775889
27,97449,0,0.0,2662,2391,95058,0.010000000002748267
2,97451,0,0.0,2663,2392,95059,0.010000000002720923
42,97493,0,0.0,2664,2392,95101,0.010000000002693849
43,97536,0,0.0,2665,2394,95142,0.010000000002667044
42,97578,0,0.0,2666,2394,95184,0.010000000002640506
42,97620,0,0.0,2667,2394,95226,0.010000000002614234
42,97662,0,0.0,2668,2394,95268,0.010000000002588222
42,97704,0,0.0,2669,2394,95310,0.010000000002562468
42,97746,0,0.0,2670,2394,95352,0.01000000000253697
42,97788,0,0.0,2671,2394,95394,0.010000000002511727
42,97830,0,0.0,2672,2394,95436,0.010000000002486735
42,97872,0,0.0,2673,2394,95478,0.010000000002461993
42,97914,0,0.0,2674,2394,95520,0.010000000002437495
35,97949,0,0.0,2675,2395,95554,0.010000000002413242
42,97991,0,0.0,2676,2395,95596,0.01000000000238923
42,98033,0,0.0,2677,2395,95638,0.010000000002365455
42,98075,0,0.0,2678,2395,95680,0.01000000000234192
42,98117,0,0.0,2679,2395,95722,0.010000000002318618
42,98159,0,0.0,2680,2395,95764,0.010000000002295546
42,98201,0,0.0,2681,2395,95806,0.010000000002272705
42,98243,0,0.0,2682,2395,95848,0.010000000002250091
42,98285,0,0.0,2683,2395,95890,0.010000000002227703
42,98327,0,0.0,2684,2395,95932,0.010000000002205536
42,98369,0,0.0,2685,2395,95974,0.010000000002183592
27,98396,0,0.0,2686,2397,95999,0.010000000002161865
42,98438,0,0.0,2687,2397,96041,0.010000000002140354
42,98480,0,0.0,2688,2397,96083,0.010000000002119057
42,98522,0,0.0,2689,2398,96124,0.010000000002097971
42,98564,0,0.0,2690,2398,96166,0.010000000002077096
8,98572,0,0.0,2691,2399,96173,0.010000000002056428
27,98599,0,0.0,2692,2400,96199,0.010000000002035967
35,98634,0,0.0,2693,2401,96233,0.010000000002015709
42,98676,0,0.0,2694,2401,96275,0.010000000001995652
42,98718,0,0.0,2695,2401,96317,0.010000000001975795
27,98745,0,0.0,2696,2402,96343,0.010000000001956135
42,98787,0,0.0,2697,2402,96385,0.010000000001936672
42,98829,0,0.0,2698,2402,96427,0.010000000001917402
42,98871,0,0.0,2699,2402,96469,0.010000000001898324
39,98910,0,0.0,2700,2403,96507,0.010000000001879434
42,98952,0,0.0,2701,2403,96549,0.010000000001860734
42,98994,0,0.0,2702,2403,96591,0.01000000000184222
42,99036,0,0.0,2703,2403,96633,0.010000000001823888
42,99078,0,0.0,2704,2403,96675,0.010000000001805742
42,99120,0,0.0,2705,2404,96716,0.010000000001787773
42,99162,0,0.0,2706,2404,96758,0.010000000001769985
42,99204,0,0.0,2707,2404,96800,0.010000000001752373
42,99246,0,0.0,2708,2404,96842,0.010000000001734937
42,99288,0,0.0,2709,2404,96884,0.010000000001717673
42,99330,0,0.0,2710,2405,96925,0.010000000001700583
42,99372,0,0.0,2711,2405,96967,0.010000000001683662
42,99414,0,0.0,2712,2405,97009,0.010000000001666908
39,99453,0,0.0,2713,2407,97046,0.010000000001650322
15,99468,0,0.0,2714,2408,97060,0.010000000001633902
42,99510,0,0.0,2715,2408,97102,0.010000000001617644
42,99552,0,0.0,2716,2408,97144,0.010000000001601549
42,99594,0,0.0,2717,2409,97185,0.010000000001585612
24,99618,0,0.0,2718,2410,97208,0.010000000001569836
42,99660,0,0.0,2719,2411,97249,0.010000000001554215
42,99702,0,0.0,2720,2411,97291,0.01000000000153875
43,99745,0,0.0,2721,2413,97332,0.01000000000152344
42,99787,0,0.0,2722,2413,97374,0.010000000001508282
33,99820,0,0.0,2723,2414,97406,0.010000000001493274
25,99845,0,0.0,2724,2415,97430,0.010000000001478415
42,99887,0,0.0,2725,2416,97471,0.010000000001463704
14,99901,0,0.0,2726,2417,97484,0.010000000001449141
42,99943,0,0.0,2727,2417,97526,0.010000000001434722
42,99985,0,0.0,2728,2417,97568,0.010000000001420446
