iteration,successes,successes_episode,reward_episode,episode_count,random_act,timestep
8,8,0,0.0,1,6,2
20,28,0,0.0,2,18,10
8,36,0,0.0,3,24,12
10,46,0,0.0,4,31,15
4,50,0,0.0,5,32,18
2,52,0,0.0,6,33,19
13,65,0,0.0,7,42,23
6,71,0,0.0,8,47,24
3,74,0,0.0,9,49,25
6,80,0,0.0,10,53,27
10,90,0,0.0,11,60,30
6,96,0,0.0,12,66,30
6,102,0,0.0,13,72,30
4,106,0,0.0,14,74,32
4,110,0,0.0,15,78,32
3,113,0,0.0,16,81,32
13,126,0,0.0,17,89,37
9,135,0,0.0,18,96,39
10,145,0,0.0,19,105,40
7,152,0,0.0,20,112,40
8,160,0,0.0,21,119,41
10,170,0,0.0,22,126,44
2,172,0,0.0,23,128,44
4,176,0,0.0,24,131,45
4,180,0,0.0,25,135,45
22,202,0,0.0,26,151,51
19,221,0,0.0,27,166,55
2,223,0,0.0,28,168,55
18,241,0,0.0,29,184,57
6,247,0,0.0,30,188,59
5,252,0,0.0,31,191,61
2,254,0,0.0,32,193,61
4,258,0,0.0,33,196,62
10,268,0,0.0,34,204,64
2,270,0,0.0,35,205,65
7,277,0,0.0,36,210,67
13,290,0,0.0,37,220,70
10,300,0,0.0,38,227,73
4,304,0,0.0,39,229,75
9,313,0,0.0,40,236,77
17,330,0,0.0,41,250,80
3,333,0,0.0,42,252,81
4,337,0,0.0,43,255,82
3,340,0,0.0,44,257,83
11,351,0,0.0,45,266,85
15,366,0,0.0,46,281,85
6,372,0,0.0,47,286,86
9,381,0,0.0,48,294,87
5,386,0,0.0,49,299,87
2,388,0,0.0,50,301,87
5,393,0,0.0,51,306,87
5,398,0,0.0,52,310,88
4,402,0,0.0,53,314,88
32,434,0,0.0,54,343,91
2,436,0,0.0,55,344,92
17,453,0,0.0,56,358,95
8,461,0,0.0,57,364,97
2,463,0,0.0,58,366,97
5,468,0,0.0,59,369,99
8,476,0,0.0,60,376,100
5,481,0,0.0,61,379,102
2,483,0,0.0,62,381,102
7,490,0,0.0,63,385,105
5,495,0,0.0,64,389,106
4,499,0,0.0,65,392,107
10,509,1,1.0,66,400,109
3,512,1,0.0,67,400,112
5,517,1,0.0,68,400,117
8,525,1,0.0,69,401,124
3,528,1,0.0,70,401,127
4,532,1,0.0,71,401,131
6,538,1,0.0,72,401,137
4,542,1,0.0,73,401,141
7,549,1,0.0,74,401,148
5,554,1,0.0,75,401,153
10,564,1,0.0,76,402,162
12,576,1,0.0,77,403,173
8,584,1,0.0,78,404,180
12,596,1,0.0,79,404,192
8,604,1,0.0,80,404,200
8,612,1,0.0,81,404,208
5,617,1,0.0,82,405,212
4,621,1,0.0,83,405,216
4,625,1,0.0,84,406,219
9,634,1,0.0,85,406,228
7,641,1,0.0,86,406,235
4,645,1,0.0,87,406,239
2,647,1,0.0,88,406,241
24,671,1,0.0,89,408,263
5,676,1,0.0,90,408,268
18,694,1,0.0,91,409,285
6,700,1,0.0,92,409,291
8,708,1,0.0,93,409,299
3,711,1,0.0,94,409,302
6,717,1,0.0,95,410,307
3,720,1,0.0,96,411,309
9,729,1,0.0,97,411,318
3,732,1,0.0,98,411,321
8,740,1,0.0,99,412,328
8,748,1,0.0,100,413,335
3,751,1,0.0,101,413,338
4,755,1,0.0,102,414,341
6,761,1,0.0,103,414,347
9,770,1,0.0,104,415,355
8,778,1,0.0,105,415,363
11,789,1,0.0,106,416,373
9,798,1,0.0,107,416,382
3,801,1,0.0,108,417,384
3,804,1,0.0,109,418,386
3,807,1,0.0,110,418,389
3,810,1,0.0,111,418,392
9,819,1,0.0,112,419,400
19,838,2,1.0,113,419,419
2,840,2,0.0,114,419,421
7,847,2,0.0,115,419,428
2,849,2,0.0,116,419,430
5,854,2,0.0,117,419,435
4,858,2,0.0,118,419,439
4,862,2,0.0,119,419,443
3,865,2,0.0,120,419,446
11,876,2,0.0,121,419,457
9,885,3,1.0,122,419,466
3,888,3,0.0,123,419,469
5,893,3,0.0,124,419,474
16,909,4,1.0,125,419,490
6,915,5,1.0,126,419,496
2,917,5,0.0,127,419,498
8,925,5,0.0,128,419,506
6,931,5,0.0,129,419,512
5,936,5,0.0,130,419,517
8,944,5,0.0,131,419,525
9,953,5,0.0,132,419,534
20,973,5,0.0,133,420,553
4,977,5,0.0,134,420,557
8,985,5,0.0,135,420,565
10,995,5,0.0,136,420,575
3,998,5,0.0,137,420,578
5,1003,5,0.0,138,420,583
21,1024,5,0.0,139,420,604
9,1033,5,0.0,140,420,613
14,1047,5,0.0,141,421,626
13,1060,5,0.0,142,421,639
12,1072,5,0.0,143,421,651
3,1075,5,0.0,144,421,654
2,1077,5,0.0,145,421,656
8,1085,5,0.0,146,421,664
15,1100,5,0.0,147,421,679
12,1112,5,0.0,148,421,691
5,1117,5,0.0,149,421,696
6,1123,6,1.0,150,421,702
8,1131,6,0.0,151,421,710
5,1136,6,0.0,152,421,715
2,1138,6,0.0,153,421,717
6,1144,6,0.0,154,421,723
4,1148,6,0.0,155,421,727
12,1160,6,0.0,156,421,739
4,1164,6,0.0,157,421,743
2,1166,6,0.0,158,421,745
10,1176,6,0.0,159,421,755
3,1179,6,0.0,160,421,758
11,1190,6,0.0,161,421,769
6,1196,7,1.0,162,421,775
5,1201,7,0.0,163,422,779
10,1211,7,0.0,164,422,789
3,1214,7,0.0,165,422,792
4,1218,7,0.0,166,422,796
4,1222,7,0.0,167,422,800
9,1231,8,1.0,168,422,809
3,1234,8,0.0,169,422,812
6,1240,9,1.0,170,422,818
2,1242,9,0.0,171,422,820
4,1246,9,0.0,172,422,824
7,1253,10,1.0,173,422,831
4,1257,10,0.0,174,422,835
7,1264,10,0.0,175,422,842
7,1271,10,0.0,176,422,849
5,1276,10,0.0,177,422,854
4,1280,10,0.0,178,422,858
10,1290,11,1.0,179,422,868
12,1302,11,0.0,180,422,880
23,1325,11,0.0,181,422,903
4,1329,11,0.0,182,422,907
7,1336,11,0.0,183,422,914
4,1340,11,0.0,184,422,918
2,1342,11,0.0,185,422,920
12,1354,12,1.0,186,422,932
6,1360,13,1.0,187,422,938
2,1362,13,0.0,188,422,940
5,1367,13,0.0,189,422,945
13,1380,14,1.0,190,422,958
17,1397,15,1.0,191,422,975
6,1403,16,1.0,192,422,981
5,1408,16,0.0,193,422,986
3,1411,16,0.0,194,422,989
2,1413,16,0.0,195,422,991
4,1417,16,0.0,196,422,995
10,1427,17,1.0,197,422,1005
7,1434,18,1.0,198,422,1012
4,1438,18,0.0,199,422,1016
6,1444,19,1.0,200,422,1022
4,1448,19,0.0,201,422,1026
15,1463,20,1.0,202,422,1041
4,1467,20,0.0,203,422,1045
7,1474,20,0.0,204,422,1052
2,1476,20,0.0,205,422,1054
8,1484,21,1.0,206,422,1062
3,1487,21,0.0,207,422,1065
11,1498,22,1.0,208,422,1076
2,1500,22,0.0,209,422,1078
4,1504,22,0.0,210,422,1082
5,1509,22,0.0,211,422,1087
4,1513,22,0.0,212,422,1091
8,1521,22,0.0,213,422,1099
10,1531,23,1.0,214,422,1109
7,1538,24,1.0,215,422,1116
7,1545,24,0.0,216,422,1123
12,1557,24,0.0,217,422,1135
10,1567,25,1.0,218,422,1145
12,1579,25,0.0,219,422,1157
6,1585,26,1.0,220,422,1163
5,1590,26,0.0,221,422,1168
6,1596,27,1.0,222,422,1174
8,1604,28,1.0,223,422,1182
6,1610,29,1.0,224,422,1188
6,1616,30,1.0,225,422,1194
3,1619,30,0.0,226,422,1197
2,1621,30,0.0,227,422,1199
9,1630,31,1.0,228,422,1208
10,1640,32,1.0,229,422,1218
5,1645,32,0.0,230,422,1223
8,1653,33,1.0,231,422,1231
2,1655,33,0.0,232,422,1233
3,1658,33,0.0,233,422,1236
8,1666,34,1.0,234,422,1244
2,1668,34,0.0,235,422,1246
6,1674,34,0.0,236,422,1252
5,1679,34,0.0,237,422,1257
11,1690,35,1.0,238,422,1268
7,1697,36,1.0,239,422,1275
7,1704,36,0.0,240,422,1282
3,1707,36,0.0,241,422,1285
7,1714,37,1.0,242,422,1292
6,1720,37,0.0,243,422,1298
6,1726,38,1.0,244,422,1304
9,1735,39,1.0,245,422,1313
7,1742,40,1.0,246,422,1320
7,1749,41,1.0,247,422,1327
10,1759,42,1.0,248,422,1337
7,1766,42,0.0,249,422,1344
2,1768,42,0.0,250,422,1346
8,1776,43,1.0,251,422,1354
9,1785,44,1.0,252,422,1363
12,1797,45,1.0,253,422,1375
4,1801,45,0.0,254,422,1379
10,1811,46,1.0,255,422,1389
3,1814,46,0.0,256,422,1392
12,1826,47,1.0,257,422,1404
12,1838,48,1.0,258,422,1416
4,1842,48,0.0,259,422,1420
2,1844,48,0.0,260,422,1422
8,1852,48,0.0,261,422,1430
9,1861,49,1.0,262,422,1439
6,1867,50,1.0,263,422,1445
3,1870,50,0.0,264,422,1448
8,1878,51,1.0,265,422,1456
9,1887,52,1.0,266,422,1465
2,1889,52,0.0,267,422,1467
3,1892,52,0.0,268,422,1470
9,1901,53,1.0,269,422,1479
6,1907,54,1.0,270,422,1485
3,1910,54,0.0,271,422,1488
11,1921,55,1.0,272,422,1499
6,1927,55,0.0,273,422,1505
4,1931,55,0.0,274,422,1509
7,1938,56,1.0,275,422,1516
5,1943,56,0.0,276,422,1521
9,1952,57,1.0,277,422,1530
7,1959,57,0.0,278,422,1537
9,1968,57,0.0,279,422,1546
4,1972,57,0.0,280,422,1550
6,1978,57,0.0,281,422,1556
3,1981,57,0.0,282,422,1559
3,1984,57,0.0,283,422,1562
4,1988,57,0.0,284,422,1566
10,1998,58,1.0,285,422,1576
8,2006,59,1.0,286,422,1584
8,2014,60,1.0,287,422,1592
3,2017,60,0.0,288,422,1595
7,2024,60,0.0,289,422,1602
2,2026,60,0.0,290,422,1604
2,2028,60,0.0,291,422,1606
8,2036,60,0.0,292,422,1614
2,2038,60,0.0,293,422,1616
4,2042,60,0.0,294,422,1620
4,2046,60,0.0,295,422,1624
6,2052,61,1.0,296,422,1630
6,2058,62,1.0,297,422,1636
8,2066,63,1.0,298,422,1644
3,2069,63,0.0,299,422,1647
5,2074,63,0.0,300,422,1652
3,2077,63,0.0,301,422,1655
6,2083,63,0.0,302,422,1661
5,2088,63,0.0,303,422,1666
7,2095,64,1.0,304,422,1673
10,2105,65,1.0,305,422,1683
4,2109,65,0.0,306,422,1687
9,2118,66,1.0,307,422,1696
13,2131,67,1.0,308,422,1709
4,2135,67,0.0,309,422,1713
3,2138,67,0.0,310,422,1716
4,2142,67,0.0,311,422,1720
7,2149,68,1.0,312,422,1727
3,2152,68,0.0,313,422,1730
4,2156,68,0.0,314,422,1734
6,2162,69,1.0,315,422,1740
3,2165,69,0.0,316,422,1743
5,2170,69,0.0,317,422,1748
12,2182,70,1.0,318,422,1760
2,2184,70,0.0,319,422,1762
6,2190,70,0.0,320,422,1768
2,2192,70,0.0,321,422,1770
10,2202,71,1.0,322,422,1780
3,2205,71,0.0,323,422,1783
5,2210,71,0.0,324,422,1788
2,2212,71,0.0,325,422,1790
2,2214,71,0.0,326,422,1792
4,2218,71,0.0,327,422,1796
3,2221,71,0.0,328,422,1799
4,2225,71,0.0,329,422,1803
5,2230,71,0.0,330,422,1808
4,2234,71,0.0,331,422,1812
7,2241,72,1.0,332,422,1819
6,2247,72,0.0,333,422,1825
4,2251,72,0.0,334,422,1829
8,2259,73,1.0,335,422,1837
6,2265,73,0.0,336,422,1843
3,2268,73,0.0,337,422,1846
6,2274,74,1.0,338,422,1852
9,2283,75,1.0,339,422,1861
10,2293,76,1.0,340,422,1871
8,2301,76,0.0,341,422,1879
7,2308,76,0.0,342,422,1886
2,2310,76,0.0,343,422,1888
10,2320,77,1.0,344,422,1898
6,2326,78,1.0,345,422,1904
8,2334,79,1.0,346,422,1912
5,2339,79,0.0,347,422,1917
4,2343,79,0.0,348,422,1921
9,2352,80,1.0,349,422,1930
4,2356,80,0.0,350,422,1934
7,2363,80,0.0,351,422,1941
8,2371,80,0.0,352,422,1949
8,2379,80,0.0,353,422,1957
7,2386,81,1.0,354,422,1964
6,2392,82,1.0,355,422,1970
8,2400,82,0.0,356,422,1978
7,2407,83,1.0,357,422,1985
2,2409,83,0.0,358,422,1987
2,2411,83,0.0,359,422,1989
3,2414,83,0.0,360,422,1992
13,2427,84,1.0,361,422,2005
6,2433,85,1.0,362,422,2011
3,2436,85,0.0,363,422,2014
3,2439,85,0.0,364,422,2017
6,2445,86,1.0,365,422,2023
2,2447,86,0.0,366,422,2025
7,2454,87,1.0,367,422,2032
7,2461,88,1.0,368,422,2039
7,2468,89,1.0,369,422,2046
2,2470,89,0.0,370,422,2048
7,2477,89,0.0,371,422,2055
7,2484,90,1.0,372,422,2062
3,2487,90,0.0,373,422,2065
4,2491,90,0.0,374,422,2069
6,2497,91,1.0,375,422,2075
5,2502,91,0.0,376,422,2080
6,2508,92,1.0,377,422,2086
6,2514,92,0.0,378,422,2092
9,2523,92,0.0,379,422,2101
5,2528,92,0.0,380,422,2106
3,2531,92,0.0,381,422,2109
6,2537,93,1.0,382,422,2115
2,2539,93,0.0,383,422,2117
8,2547,94,1.0,384,422,2125
6,2553,95,1.0,385,422,2131
7,2560,95,0.0,386,422,2138
9,2569,96,1.0,387,422,2147
2,2571,96,0.0,388,422,2149
9,2580,97,1.0,389,422,2158
10,2590,98,1.0,390,422,2168
6,2596,99,1.0,391,422,2174
7,2603,100,1.0,392,422,2181
6,2609,101,1.0,393,422,2187
4,2613,101,0.0,394,422,2191
6,2619,102,1.0,395,422,2197
6,2625,103,1.0,396,422,2203
4,2629,103,0.0,397,422,2207
7,2636,104,1.0,398,422,2214
4,2640,104,0.0,399,422,2218
16,2656,104,0.0,400,422,2234
17,2673,105,1.0,401,422,2251
9,2682,105,0.0,402,422,2260
6,2688,106,1.0,403,422,2266
12,2700,106,0.0,404,422,2278
7,2707,107,1.0,405,422,2285
7,2714,108,1.0,406,422,2292
10,2724,109,1.0,407,422,2302
10,2734,110,1.0,408,422,2312
4,2738,110,0.0,409,422,2316
6,2744,111,1.0,410,422,2322
5,2749,111,0.0,411,422,2327
4,2753,111,0.0,412,422,2331
12,2765,112,1.0,413,422,2343
3,2768,112,0.0,414,422,2346
3,2771,112,0.0,415,422,2349
7,2778,113,1.0,416,422,2356
8,2786,114,1.0,417,422,2364
7,2793,115,1.0,418,422,2371
7,2800,116,1.0,419,422,2378
9,2809,117,1.0,420,422,2387
4,2813,117,0.0,421,422,2391
7,2820,118,1.0,422,422,2398
6,2826,119,1.0,423,422,2404
10,2836,120,1.0,424,422,2414
6,2842,121,1.0,425,422,2420
2,2844,121,0.0,426,422,2422
2,2846,121,0.0,427,422,2424
5,2851,121,0.0,428,422,2429
3,2854,121,0.0,429,422,2432
12,2866,122,1.0,430,422,2444
6,2872,123,1.0,431,422,2450
3,2875,123,0.0,432,422,2453
4,2879,123,0.0,433,422,2457
2,2881,123,0.0,434,422,2459
3,2884,123,0.0,435,422,2462
8,2892,124,1.0,436,422,2470
6,2898,125,1.0,437,422,2476
6,2904,125,0.0,438,422,2482
9,2913,126,1.0,439,422,2491
4,2917,126,0.0,440,422,2495
13,2930,127,1.0,441,422,2508
6,2936,128,1.0,442,422,2514
6,2942,128,0.0,443,422,2520
6,2948,129,1.0,444,422,2526
2,2950,129,0.0,445,422,2528
2,2952,129,0.0,446,422,2530
2,2954,129,0.0,447,422,2532
17,2971,130,1.0,448,422,2549
8,2979,131,1.0,449,422,2557
6,2985,132,1.0,450,422,2563
3,2988,132,0.0,451,422,2566
13,3001,132,0.0,452,422,2579
4,3005,132,0.0,453,422,2583
5,3010,132,0.0,454,422,2588
10,3020,133,1.0,455,422,2598
3,3023,133,0.0,456,422,2601
6,3029,134,1.0,457,422,2607
6,3035,135,1.0,458,422,2613
7,3042,136,1.0,459,422,2620
3,3045,136,0.0,460,422,2623
4,3049,136,0.0,461,422,2627
6,3055,137,1.0,462,422,2633
2,3057,137,0.0,463,422,2635
8,3065,138,1.0,464,422,2643
3,3068,138,0.0,465,422,2646
2,3070,138,0.0,466,422,2648
7,3077,139,1.0,467,422,2655
6,3083,140,1.0,468,422,2661
4,3087,140,0.0,469,422,2665
2,3089,140,0.0,470,422,2667
2,3091,140,0.0,471,422,2669
6,3097,141,1.0,472,422,2675
3,3100,141,0.0,473,422,2678
6,3106,142,1.0,474,422,2684
6,3112,143,1.0,475,422,2690
6,3118,144,1.0,476,422,2696
7,3125,145,1.0,477,422,2703
6,3131,146,1.0,478,422,2709
4,3135,146,0.0,479,422,2713
11,3146,147,1.0,480,422,2724
4,3150,147,0.0,481,422,2728
6,3156,148,1.0,482,422,2734
7,3163,149,1.0,483,422,2741
8,3171,150,1.0,484,422,2749
9,3180,151,1.0,485,422,2758
6,3186,152,1.0,486,422,2764
3,3189,152,0.0,487,422,2767
7,3196,153,1.0,488,422,2774
7,3203,154,1.0,489,422,2781
6,3209,155,1.0,490,422,2787
7,3216,156,1.0,491,422,2794
2,3218,156,0.0,492,422,2796
6,3224,157,1.0,493,422,2802
7,3231,158,1.0,494,422,2809
7,3238,159,1.0,495,422,2816
3,3241,159,0.0,496,422,2819
11,3252,160,1.0,497,422,2830
9,3261,160,0.0,498,422,2839
4,3265,160,0.0,499,422,2843
3,3268,160,0.0,500,422,2846
10,3278,161,1.0,501,422,2856
4,3282,161,0.0,502,422,2860
3,3285,161,0.0,503,422,2863
7,3292,162,1.0,504,422,2870
6,3298,163,1.0,505,422,2876
7,3305,164,1.0,506,422,2883
6,3311,165,1.0,507,422,2889
3,3314,165,0.0,508,422,2892
6,3320,166,1.0,509,422,2898
6,3326,167,1.0,510,422,2904
3,3329,167,0.0,511,422,2907
7,3336,168,1.0,512,422,2914
7,3343,169,1.0,513,422,2921
2,3345,169,0.0,514,422,2923
2,3347,169,0.0,515,422,2925
5,3352,169,0.0,516,422,2930
7,3359,170,1.0,517,422,2937
6,3365,171,1.0,518,422,2943
8,3373,171,0.0,519,422,2951
2,3375,171,0.0,520,422,2953
5,3380,171,0.0,521,422,2958
9,3389,172,1.0,522,422,2967
4,3393,172,0.0,523,422,2971
10,3403,173,1.0,524,422,2981
4,3407,173,0.0,525,422,2985
6,3413,174,1.0,526,422,2991
6,3419,175,1.0,527,422,2997
3,3422,175,0.0,528,422,3000
8,3430,176,1.0,529,422,3008
7,3437,177,1.0,530,422,3015
5,3442,177,0.0,531,422,3020
2,3444,177,0.0,532,422,3022
5,3449,177,0.0,533,422,3027
5,3454,177,0.0,534,422,3032
7,3461,178,1.0,535,422,3039
7,3468,179,1.0,536,422,3046
6,3474,180,1.0,537,422,3052
6,3480,181,1.0,538,422,3058
6,3486,182,1.0,539,422,3064
3,3489,182,0.0,540,422,3067
3,3492,182,0.0,541,422,3070
2,3494,182,0.0,542,422,3072
8,3502,182,0.0,543,422,3080
6,3508,183,1.0,544,422,3086
2,3510,183,0.0,545,422,3088
7,3517,184,1.0,546,422,3095
8,3525,185,1.0,547,422,3103
2,3527,185,0.0,548,422,3105
5,3532,185,0.0,549,422,3110
3,3535,185,0.0,550,422,3113
12,3547,186,1.0,551,422,3125
3,3550,186,0.0,552,422,3128
6,3556,186,0.0,553,422,3134
6,3562,187,1.0,554,422,3140
7,3569,188,1.0,555,422,3147
7,3576,188,0.0,556,422,3154
4,3580,188,0.0,557,422,3158
5,3585,188,0.0,558,422,3163
10,3595,189,1.0,559,422,3173
8,3603,190,1.0,560,422,3181
5,3608,190,0.0,561,422,3186
5,3613,190,0.0,562,422,3191
6,3619,191,1.0,563,422,3197
2,3621,191,0.0,564,422,3199
6,3627,192,1.0,565,422,3205
8,3635,193,1.0,566,422,3213
7,3642,194,1.0,567,422,3220
4,3646,194,0.0,568,422,3224
6,3652,194,0.0,569,422,3230
6,3658,195,1.0,570,422,3236
8,3666,196,1.0,571,422,3244
10,3676,196,0.0,572,422,3254
4,3680,196,0.0,573,422,3258
6,3686,197,1.0,574,422,3264
4,3690,197,0.0,575,422,3268
5,3695,197,0.0,576,422,3273
6,3701,198,1.0,577,422,3279
9,3710,199,1.0,578,422,3288
8,3718,200,1.0,579,422,3296
8,3726,201,1.0,580,422,3304
6,3732,201,0.0,581,422,3310
6,3738,202,1.0,582,422,3316
6,3744,203,1.0,583,422,3322
3,3747,203,0.0,584,422,3325
14,3761,204,1.0,585,422,3339
8,3769,205,1.0,586,422,3347
7,3776,206,1.0,587,422,3354
7,3783,207,1.0,588,422,3361
2,3785,207,0.0,589,422,3363
2,3787,207,0.0,590,422,3365
6,3793,208,1.0,591,422,3371
6,3799,209,1.0,592,422,3377
6,3805,209,0.0,593,422,3383
6,3811,210,1.0,594,422,3389
6,3817,211,1.0,595,422,3395
4,3821,211,0.0,596,422,3399
7,3828,212,1.0,597,422,3406
2,3830,212,0.0,598,422,3408
6,3836,213,1.0,599,422,3414
6,3842,214,1.0,600,422,3420
9,3851,215,1.0,601,422,3429
7,3858,216,1.0,602,422,3436
6,3864,217,1.0,603,422,3442
2,3866,217,0.0,604,422,3444
6,3872,218,1.0,605,422,3450
10,3882,219,1.0,606,422,3460
7,3889,220,1.0,607,422,3467
8,3897,221,1.0,608,422,3475
7,3904,222,1.0,609,422,3482
4,3908,222,0.0,610,422,3486
4,3912,222,0.0,611,422,3490
6,3918,223,1.0,612,422,3496
8,3926,224,1.0,613,422,3504
12,3938,225,1.0,614,422,3516
6,3944,226,1.0,615,422,3522
2,3946,226,0.0,616,422,3524
9,3955,227,1.0,617,422,3533
11,3966,228,1.0,618,422,3544
3,3969,228,0.0,619,422,3547
6,3975,228,0.0,620,422,3553
8,3983,229,1.0,621,422,3561
10,3993,230,1.0,622,422,3571
2,3995,230,0.0,623,422,3573
5,4000,230,0.0,624,422,3578
4,4004,230,0.0,625,422,3582
6,4010,231,1.0,626,422,3588
6,4016,232,1.0,627,422,3594
2,4018,232,0.0,628,422,3596
8,4026,233,1.0,629,422,3604
6,4032,234,1.0,630,422,3610
8,4040,235,1.0,631,422,3618
8,4048,236,1.0,632,422,3626
3,4051,236,0.0,633,422,3629
3,4054,236,0.0,634,422,3632
15,4069,237,1.0,635,422,3647
2,4071,237,0.0,636,422,3649
10,4081,238,1.0,637,422,3659
3,4084,238,0.0,638,422,3662
11,4095,239,1.0,639,422,3673
9,4104,240,1.0,640,422,3682
2,4106,240,0.0,641,422,3684
3,4109,240,0.0,642,422,3687
6,4115,241,1.0,643,422,3693
8,4123,242,1.0,644,422,3701
6,4129,243,1.0,645,422,3707
6,4135,244,1.0,646,422,3713
3,4138,244,0.0,647,422,3716
8,4146,245,1.0,648,422,3724
6,4152,246,1.0,649,422,3730
7,4159,247,1.0,650,422,3737
8,4167,248,1.0,651,422,3745
7,4174,249,1.0,652,422,3752
6,4180,250,1.0,653,422,3758
9,4189,251,1.0,654,422,3767
2,4191,251,0.0,655,422,3769
9,4200,252,1.0,656,422,3778
2,4202,252,0.0,657,422,3780
7,4209,253,1.0,658,422,3787
11,4220,254,1.0,659,422,3798
4,4224,254,0.0,660,422,3802
4,4228,254,0.0,661,422,3806
10,4238,255,1.0,662,422,3816
8,4246,256,1.0,663,422,3824
3,4249,256,0.0,664,422,3827
2,4251,256,0.0,665,422,3829
7,4258,257,1.0,666,422,3836
8,4266,258,1.0,667,422,3844
8,4274,258,0.0,668,422,3852
5,4279,258,0.0,669,422,3857
8,4287,259,1.0,670,422,3865
2,4289,259,0.0,671,422,3867
6,4295,259,0.0,672,422,3873
3,4298,259,0.0,673,422,3876
6,4304,260,1.0,674,422,3882
6,4310,261,1.0,675,422,3888
11,4321,262,1.0,676,422,3899
11,4332,263,1.0,677,422,3910
4,4336,263,0.0,678,422,3914
9,4345,264,1.0,679,422,3923
7,4352,265,1.0,680,422,3930
6,4358,266,1.0,681,422,3936
11,4369,267,1.0,682,422,3947
6,4375,268,1.0,683,422,3953
3,4378,268,0.0,684,422,3956
4,4382,268,0.0,685,422,3960
3,4385,268,0.0,686,422,3963
6,4391,269,1.0,687,422,3969
2,4393,269,0.0,688,422,3971
7,4400,270,1.0,689,422,3978
3,4403,270,0.0,690,422,3981
6,4409,270,0.0,691,422,3987
16,4425,271,1.0,692,422,4003
8,4433,272,1.0,693,422,4011
6,4439,273,1.0,694,422,4017
3,4442,273,0.0,695,422,4020
2,4444,273,0.0,696,422,4022
8,4452,274,1.0,697,422,4030
2,4454,274,0.0,698,422,4032
3,4457,274,0.0,699,422,4035
2,4459,274,0.0,700,422,4037
7,4466,275,1.0,701,422,4044
5,4471,275,0.0,702,422,4049
9,4480,276,1.0,703,422,4058
9,4489,277,1.0,704,422,4067
6,4495,278,1.0,705,422,4073
8,4503,279,1.0,706,422,4081
3,4506,279,0.0,707,422,4084
6,4512,280,1.0,708,422,4090
2,4514,280,0.0,709,422,4092
6,4520,281,1.0,710,422,4098
9,4529,282,1.0,711,422,4107
2,4531,282,0.0,712,422,4109
7,4538,283,1.0,713,422,4116
6,4544,284,1.0,714,422,4122
4,4548,284,0.0,715,422,4126
2,4550,284,0.0,716,422,4128
8,4558,284,0.0,717,422,4136
6,4564,285,1.0,718,422,4142
4,4568,285,0.0,719,422,4146
3,4571,285,0.0,720,422,4149
9,4580,286,1.0,721,422,4158
6,4586,287,1.0,722,422,4164
6,4592,288,1.0,723,422,4170
6,4598,289,1.0,724,422,4176
4,4602,289,0.0,725,422,4180
7,4609,289,0.0,726,422,4187
7,4616,289,0.0,727,422,4194
7,4623,290,1.0,728,422,4201
2,4625,290,0.0,729,422,4203
7,4632,291,1.0,730,422,4210
3,4635,291,0.0,731,422,4213
2,4637,291,0.0,732,422,4215
2,4639,291,0.0,733,422,4217
2,4641,291,0.0,734,422,4219
3,4644,291,0.0,735,422,4222
7,4651,292,1.0,736,422,4229
10,4661,293,1.0,737,422,4239
2,4663,293,0.0,738,422,4241
3,4666,293,0.0,739,422,4244
7,4673,294,1.0,740,422,4251
6,4679,294,0.0,741,422,4257
9,4688,294,0.0,742,422,4266
3,4691,294,0.0,743,422,4269
6,4697,295,1.0,744,422,4275
2,4699,295,0.0,745,422,4277
6,4705,296,1.0,746,422,4283
2,4707,296,0.0,747,422,4285
8,4715,297,1.0,748,422,4293
6,4721,297,0.0,749,422,4299
2,4723,297,0.0,750,422,4301
3,4726,297,0.0,751,422,4304
7,4733,298,1.0,752,422,4311
8,4741,298,0.0,753,422,4319
8,4749,299,1.0,754,422,4327
2,4751,299,0.0,755,422,4329
6,4757,300,1.0,756,422,4335
6,4763,301,1.0,757,422,4341
6,4769,302,1.0,758,422,4347
3,4772,302,0.0,759,422,4350
10,4782,303,1.0,760,422,4360
2,4784,303,0.0,761,422,4362
3,4787,303,0.0,762,422,4365
6,4793,303,0.0,763,422,4371
3,4796,303,0.0,764,422,4374
3,4799,303,0.0,765,422,4377
6,4805,304,1.0,766,422,4383
5,4810,304,0.0,767,422,4388
8,4818,304,0.0,768,422,4396
5,4823,304,0.0,769,422,4401
2,4825,304,0.0,770,422,4403
7,4832,304,0.0,771,422,4410
6,4838,305,1.0,772,422,4416
7,4845,306,1.0,773,422,4423
7,4852,307,1.0,774,422,4430
9,4861,308,1.0,775,422,4439
6,4867,309,1.0,776,422,4445
6,4873,310,1.0,777,422,4451
5,4878,310,0.0,778,422,4456
6,4884,311,1.0,779,422,4462
6,4890,312,1.0,780,422,4468
4,4894,312,0.0,781,422,4472
7,4901,313,1.0,782,422,4479
8,4909,313,0.0,783,422,4487
8,4917,313,0.0,784,422,4495
6,4923,314,1.0,785,422,4501
5,4928,314,0.0,786,422,4506
2,4930,314,0.0,787,422,4508
5,4935,314,0.0,788,422,4513
7,4942,315,1.0,789,422,4520
6,4948,315,0.0,790,422,4526
8,4956,316,1.0,791,422,4534
4,4960,316,0.0,792,422,4538
6,4966,317,1.0,793,422,4544
8,4974,318,1.0,794,422,4552
6,4980,319,1.0,795,422,4558
7,4987,320,1.0,796,422,4565
3,4990,320,0.0,797,422,4568
8,4998,321,1.0,798,422,4576
7,5005,322,1.0,799,422,4583
8,5013,323,1.0,800,422,4591
10,5023,324,1.0,801,422,4601
2,5025,324,0.0,802,422,4603
6,5031,325,1.0,803,422,4609
7,5038,326,1.0,804,422,4616
4,5042,326,0.0,805,422,4620
2,5044,326,0.0,806,422,4622
8,5052,327,1.0,807,422,4630
6,5058,328,1.0,808,422,4636
6,5064,328,0.0,809,422,4642
10,5074,329,1.0,810,422,4652
7,5081,329,0.0,811,422,4659
7,5088,329,0.0,812,422,4666
4,5092,329,0.0,813,422,4670
10,5102,330,1.0,814,422,4680
4,5106,330,0.0,815,422,4684
3,5109,330,0.0,816,422,4687
7,5116,331,1.0,817,422,4694
8,5124,332,1.0,818,422,4702
3,5127,332,0.0,819,422,4705
2,5129,332,0.0,820,422,4707
8,5137,333,1.0,821,422,4715
6,5143,334,1.0,822,422,4721
7,5150,335,1.0,823,422,4728
9,5159,336,1.0,824,422,4737
8,5167,336,0.0,825,422,4745
3,5170,336,0.0,826,422,4748
2,5172,336,0.0,827,422,4750
7,5179,336,0.0,828,422,4757
6,5185,337,1.0,829,422,4763
7,5192,338,1.0,830,422,4770
6,5198,339,1.0,831,422,4776
5,5203,339,0.0,832,422,4781
7,5210,340,1.0,833,422,4788
7,5217,341,1.0,834,422,4795
9,5226,342,1.0,835,422,4804
3,5229,342,0.0,836,422,4807
6,5235,343,1.0,837,422,4813
2,5237,343,0.0,838,422,4815
6,5243,344,1.0,839,422,4821
6,5249,345,1.0,840,422,4827
8,5257,345,0.0,841,422,4835
5,5262,345,0.0,842,422,4840
7,5269,346,1.0,843,422,4847
2,5271,346,0.0,844,422,4849
2,5273,346,0.0,845,422,4851
6,5279,347,1.0,846,422,4857
9,5288,348,1.0,847,422,4866
7,5295,349,1.0,848,422,4873
8,5303,350,1.0,849,422,4881
8,5311,351,1.0,850,422,4889
5,5316,351,0.0,851,422,4894
7,5323,352,1.0,852,422,4901
10,5333,353,1.0,853,422,4911
4,5337,353,0.0,854,422,4915
6,5343,354,1.0,855,422,4921
7,5350,354,0.0,856,422,4928
3,5353,354,0.0,857,422,4931
2,5355,354,0.0,858,422,4933
7,5362,355,1.0,859,422,4940
6,5368,356,1.0,860,422,4946
7,5375,357,1.0,861,422,4953
14,5389,358,1.0,862,422,4967
9,5398,359,1.0,863,422,4976
6,5404,360,1.0,864,422,4982
2,5406,360,0.0,865,422,4984
2,5408,360,0.0,866,422,4986
6,5414,361,1.0,867,422,4992
4,5418,361,0.0,868,422,4996
2,5420,361,0.0,869,422,4998
7,5427,362,1.0,870,422,5005
7,5434,363,1.0,871,422,5012
7,5441,364,1.0,872,422,5019
8,5449,365,1.0,873,422,5027
7,5456,366,1.0,874,422,5034
6,5462,367,1.0,875,422,5040
5,5467,367,0.0,876,422,5045
3,5470,367,0.0,877,422,5048
3,5473,367,0.0,878,422,5051
6,5479,368,1.0,879,422,5057
6,5485,369,1.0,880,422,5063
6,5491,370,1.0,881,422,5069
4,5495,370,0.0,882,422,5073
8,5503,371,1.0,883,422,5081
7,5510,372,1.0,884,422,5088
6,5516,373,1.0,885,422,5094
6,5522,373,0.0,886,422,5100
7,5529,374,1.0,887,422,5107
7,5536,375,1.0,888,422,5114
7,5543,376,1.0,889,422,5121
16,5559,377,1.0,890,422,5137
9,5568,378,1.0,891,422,5146
2,5570,378,0.0,892,422,5148
10,5580,379,1.0,893,422,5158
9,5589,380,1.0,894,422,5167
7,5596,381,1.0,895,422,5174
8,5604,382,1.0,896,422,5182
6,5610,382,0.0,897,422,5188
6,5616,383,1.0,898,422,5194
4,5620,383,0.0,899,422,5198
7,5627,384,1.0,900,422,5205
2,5629,384,0.0,901,422,5207
3,5632,384,0.0,902,422,5210
4,5636,384,0.0,903,422,5214
6,5642,385,1.0,904,422,5220
9,5651,386,1.0,905,422,5229
6,5657,386,0.0,906,422,5235
12,5669,387,1.0,907,422,5247
6,5675,388,1.0,908,422,5253
6,5681,388,0.0,909,422,5259
9,5690,389,1.0,910,422,5268
2,5692,389,0.0,911,422,5270
6,5698,390,1.0,912,422,5276
6,5704,391,1.0,913,422,5282
4,5708,391,0.0,914,422,5286
8,5716,392,1.0,915,422,5294
6,5722,393,1.0,916,422,5300
7,5729,394,1.0,917,422,5307
6,5735,395,1.0,918,422,5313
7,5742,396,1.0,919,422,5320
7,5749,397,1.0,920,422,5327
9,5758,398,1.0,921,422,5336
2,5760,398,0.0,922,422,5338
13,5773,399,1.0,923,422,5351
7,5780,400,1.0,924,422,5358
4,5784,400,0.0,925,422,5362
6,5790,401,1.0,926,422,5368
7,5797,402,1.0,927,422,5375
2,5799,402,0.0,928,422,5377
6,5805,403,1.0,929,422,5383
7,5812,404,1.0,930,422,5390
2,5814,404,0.0,931,422,5392
6,5820,405,1.0,932,422,5398
5,5825,405,0.0,933,422,5403
7,5832,406,1.0,934,422,5410
4,5836,406,0.0,935,422,5414
6,5842,407,1.0,936,422,5420
15,5857,408,1.0,937,422,5435
7,5864,409,1.0,938,422,5442
3,5867,409,0.0,939,422,5445
6,5873,410,1.0,940,422,5451
7,5880,411,1.0,941,422,5458
5,5885,411,0.0,942,422,5463
2,5887,411,0.0,943,422,5465
6,5893,412,1.0,944,422,5471
2,5895,412,0.0,945,422,5473
2,5897,412,0.0,946,422,5475
7,5904,413,1.0,947,422,5482
6,5910,414,1.0,948,422,5488
2,5912,414,0.0,949,422,5490
10,5922,415,1.0,950,422,5500
3,5925,415,0.0,951,422,5503
8,5933,416,1.0,952,422,5511
8,5941,416,0.0,953,422,5519
8,5949,417,1.0,954,422,5527
13,5962,418,1.0,955,422,5540
16,5978,419,1.0,956,422,5556
9,5987,420,1.0,957,422,5565
8,5995,421,1.0,958,422,5573
6,6001,421,0.0,959,422,5579
7,6008,422,1.0,960,422,5586
6,6014,423,1.0,961,422,5592
2,6016,423,0.0,962,422,5594
2,6018,423,0.0,963,422,5596
7,6025,424,1.0,964,422,5603
6,6031,425,1.0,965,422,5609
7,6038,426,1.0,966,422,5616
2,6040,426,0.0,967,422,5618
6,6046,427,1.0,968,422,5624
7,6053,428,1.0,969,422,5631
3,6056,428,0.0,970,422,5634
4,6060,428,0.0,971,422,5638
7,6067,428,0.0,972,422,5645
2,6069,428,0.0,973,422,5647
6,6075,428,0.0,974,422,5653
2,6077,428,0.0,975,422,5655
4,6081,428,0.0,976,422,5659
6,6087,429,1.0,977,422,5665
2,6089,429,0.0,978,422,5667
7,6096,430,1.0,979,422,5674
4,6100,430,0.0,980,422,5678
6,6106,431,1.0,981,422,5684
3,6109,431,0.0,982,422,5687
7,6116,432,1.0,983,422,5694
7,6123,433,1.0,984,422,5701
3,6126,433,0.0,985,422,5704
3,6129,433,0.0,986,422,5707
7,6136,434,1.0,987,422,5714
2,6138,434,0.0,988,422,5716
4,6142,434,0.0,989,422,5720
2,6144,434,0.0,990,422,5722
7,6151,435,1.0,991,422,5729
5,6156,435,0.0,992,422,5734
4,6160,435,0.0,993,422,5738
6,6166,435,0.0,994,422,5744
5,6171,435,0.0,995,422,5749
7,6178,436,1.0,996,422,5756
2,6180,436,0.0,997,422,5758
2,6182,436,0.0,998,422,5760
2,6184,436,0.0,999,422,5762
4,6188,436,0.0,1000,422,5766
2,6190,436,0.0,1001,422,5768
2,6192,436,0.0,1002,422,5770
7,6199,436,0.0,1003,422,5777
6,6205,437,1.0,1004,422,5783
2,6207,437,0.0,1005,422,5785
9,6216,438,1.0,1006,422,5794
7,6223,439,1.0,1007,422,5801
7,6230,440,1.0,1008,422,5808
11,6241,441,1.0,1009,422,5819
6,6247,442,1.0,1010,422,5825
7,6254,443,1.0,1011,422,5832
6,6260,444,1.0,1012,422,5838
7,6267,445,1.0,1013,422,5845
6,6273,446,1.0,1014,422,5851
4,6277,446,0.0,1015,422,5855
9,6286,447,1.0,1016,422,5864
2,6288,447,0.0,1017,422,5866
7,6295,448,1.0,1018,422,5873
3,6298,448,0.0,1019,422,5876
8,6306,449,1.0,1020,422,5884
8,6314,450,1.0,1021,422,5892
9,6323,451,1.0,1022,422,5901
4,6327,451,0.0,1023,422,5905
6,6333,452,1.0,1024,422,5911
3,6336,452,0.0,1025,422,5914
8,6344,453,1.0,1026,422,5922
6,6350,454,1.0,1027,422,5928
7,6357,455,1.0,1028,422,5935
6,6363,456,1.0,1029,422,5941
9,6372,456,0.0,1030,422,5950
7,6379,457,1.0,1031,422,5957
6,6385,458,1.0,1032,422,5963
5,6390,458,0.0,1033,422,5968
2,6392,458,0.0,1034,422,5970
11,6403,459,1.0,1035,422,5981
7,6410,460,1.0,1036,422,5988
6,6416,461,1.0,1037,422,5994
11,6427,462,1.0,1038,422,6005
12,6439,463,1.0,1039,422,6017
3,6442,463,0.0,1040,422,6020
6,6448,464,1.0,1041,422,6026
11,6459,465,1.0,1042,422,6037
11,6470,466,1.0,1043,422,6048
4,6474,466,0.0,1044,422,6052
10,6484,467,1.0,1045,422,6062
8,6492,467,0.0,1046,422,6070
2,6494,467,0.0,1047,422,6072
6,6500,468,1.0,1048,422,6078
2,6502,468,0.0,1049,422,6080
2,6504,468,0.0,1050,422,6082
3,6507,468,0.0,1051,422,6085
5,6512,468,0.0,1052,422,6090
2,6514,468,0.0,1053,422,6092
6,6520,469,1.0,1054,422,6098
8,6528,470,1.0,1055,422,6106
6,6534,471,1.0,1056,422,6112
6,6540,472,1.0,1057,422,6118
6,6546,473,1.0,1058,422,6124
5,6551,473,0.0,1059,422,6129
2,6553,473,0.0,1060,422,6131
6,6559,474,1.0,1061,422,6137
4,6563,474,0.0,1062,422,6141
7,6570,475,1.0,1063,422,6148
7,6577,476,1.0,1064,422,6155
12,6589,477,1.0,1065,422,6167
2,6591,477,0.0,1066,422,6169
6,6597,478,1.0,1067,422,6175
3,6600,478,0.0,1068,422,6178
8,6608,479,1.0,1069,422,6186
8,6616,480,1.0,1070,422,6194
3,6619,480,0.0,1071,422,6197
9,6628,480,0.0,1072,422,6206
8,6636,481,1.0,1073,422,6214
2,6638,481,0.0,1074,422,6216
10,6648,482,1.0,1075,422,6226
3,6651,482,0.0,1076,422,6229
8,6659,483,1.0,1077,422,6237
8,6667,484,1.0,1078,422,6245
6,6673,485,1.0,1079,422,6251
2,6675,485,0.0,1080,422,6253
6,6681,485,0.0,1081,422,6259
3,6684,485,0.0,1082,422,6262
4,6688,485,0.0,1083,422,6266
6,6694,486,1.0,1084,422,6272
6,6700,487,1.0,1085,422,6278
9,6709,488,1.0,1086,422,6287
9,6718,488,0.0,1087,422,6296
8,6726,489,1.0,1088,422,6304
9,6735,489,0.0,1089,422,6313
5,6740,489,0.0,1090,422,6318
7,6747,490,1.0,1091,422,6325
6,6753,490,0.0,1092,422,6331
7,6760,491,1.0,1093,422,6338
6,6766,492,1.0,1094,422,6344
3,6769,492,0.0,1095,422,6347
7,6776,493,1.0,1096,422,6354
8,6784,494,1.0,1097,422,6362
4,6788,494,0.0,1098,422,6366
4,6792,494,0.0,1099,422,6370
8,6800,495,1.0,1100,422,6378
2,6802,495,0.0,1101,422,6380
6,6808,496,1.0,1102,422,6386
8,6816,497,1.0,1103,422,6394
9,6825,498,1.0,1104,422,6403
7,6832,499,1.0,1105,422,6410
11,6843,499,0.0,1106,422,6421
3,6846,499,0.0,1107,422,6424
7,6853,500,1.0,1108,422,6431
8,6861,501,1.0,1109,422,6439
6,6867,502,1.0,1110,422,6445
2,6869,502,0.0,1111,422,6447
7,6876,503,1.0,1112,422,6454
6,6882,504,1.0,1113,422,6460
2,6884,504,0.0,1114,422,6462
7,6891,505,1.0,1115,422,6469
2,6893,505,0.0,1116,422,6471
3,6896,505,0.0,1117,422,6474
6,6902,506,1.0,1118,422,6480
6,6908,507,1.0,1119,422,6486
8,6916,508,1.0,1120,422,6494
4,6920,508,0.0,1121,422,6498
5,6925,508,0.0,1122,422,6503
9,6934,509,1.0,1123,422,6512
7,6941,510,1.0,1124,422,6519
6,6947,511,1.0,1125,422,6525
7,6954,512,1.0,1126,422,6532
5,6959,512,0.0,1127,422,6537
10,6969,513,1.0,1128,422,6547
6,6975,514,1.0,1129,422,6553
9,6984,515,1.0,1130,422,6562
3,6987,515,0.0,1131,422,6565
6,6993,515,0.0,1132,422,6571
2,6995,515,0.0,1133,422,6573
4,6999,515,0.0,1134,422,6577
6,7005,515,0.0,1135,422,6583
2,7007,515,0.0,1136,422,6585
2,7009,515,0.0,1137,422,6587
9,7018,515,0.0,1138,422,6596
6,7024,516,1.0,1139,422,6602
8,7032,517,1.0,1140,422,6610
6,7038,518,1.0,1141,422,6616
2,7040,518,0.0,1142,422,6618
8,7048,519,1.0,1143,422,6626
4,7052,519,0.0,1144,422,6630
6,7058,520,1.0,1145,422,6636
6,7064,521,1.0,1146,422,6642
2,7066,521,0.0,1147,422,6644
9,7075,522,1.0,1148,422,6653
2,7077,522,0.0,1149,422,6655
4,7081,522,0.0,1150,422,6659
3,7084,522,0.0,1151,422,6662
2,7086,522,0.0,1152,422,6664
2,7088,522,0.0,1153,422,6666
2,7090,522,0.0,1154,422,6668
9,7099,523,1.0,1155,422,6677
9,7108,523,0.0,1156,422,6686
10,7118,524,1.0,1157,422,6696
7,7125,525,1.0,1158,422,6703
6,7131,526,1.0,1159,422,6709
3,7134,526,0.0,1160,422,6712
6,7140,526,0.0,1161,422,6718
3,7143,526,0.0,1162,422,6721
2,7145,526,0.0,1163,422,6723
11,7156,527,1.0,1164,422,6734
9,7165,528,1.0,1165,422,6743
9,7174,529,1.0,1166,422,6752
6,7180,530,1.0,1167,422,6758
3,7183,530,0.0,1168,422,6761
2,7185,530,0.0,1169,422,6763
6,7191,530,0.0,1170,422,6769
7,7198,531,1.0,1171,422,6776
4,7202,531,0.0,1172,422,6780
2,7204,531,0.0,1173,422,6782
6,7210,532,1.0,1174,422,6788
2,7212,532,0.0,1175,422,6790
10,7222,533,1.0,1176,422,6800
9,7231,534,1.0,1177,422,6809
8,7239,534,0.0,1178,422,6817
7,7246,535,1.0,1179,422,6824
9,7255,536,1.0,1180,422,6833
13,7268,537,1.0,1181,422,6846
2,7270,537,0.0,1182,422,6848
6,7276,538,1.0,1183,422,6854
7,7283,539,1.0,1184,422,6861
6,7289,540,1.0,1185,422,6867
7,7296,541,1.0,1186,422,6874
6,7302,542,1.0,1187,422,6880
2,7304,542,0.0,1188,422,6882
7,7311,543,1.0,1189,422,6889
2,7313,543,0.0,1190,422,6891
12,7325,544,1.0,1191,422,6903
7,7332,545,1.0,1192,422,6910
4,7336,545,0.0,1193,422,6914
10,7346,546,1.0,1194,422,6924
6,7352,547,1.0,1195,422,6930
6,7358,548,1.0,1196,422,6936
7,7365,549,1.0,1197,422,6943
7,7372,550,1.0,1198,422,6950
2,7374,550,0.0,1199,422,6952
9,7383,551,1.0,1200,422,6961
10,7393,552,1.0,1201,422,6971
3,7396,552,0.0,1202,422,6974
6,7402,553,1.0,1203,422,6980
3,7405,553,0.0,1204,422,6983
4,7409,553,0.0,1205,422,6987
6,7415,554,1.0,1206,422,6993
6,7421,555,1.0,1207,422,6999
4,7425,555,0.0,1208,422,7003
5,7430,555,0.0,1209,422,7008
6,7436,556,1.0,1210,422,7014
4,7440,556,0.0,1211,422,7018
6,7446,557,1.0,1212,422,7024
6,7452,557,0.0,1213,422,7030
2,7454,557,0.0,1214,422,7032
7,7461,558,1.0,1215,422,7039
10,7471,559,1.0,1216,422,7049
2,7473,559,0.0,1217,422,7051
6,7479,559,0.0,1218,422,7057
8,7487,560,1.0,1219,422,7065
6,7493,561,1.0,1220,422,7071
3,7496,561,0.0,1221,422,7074
7,7503,562,1.0,1222,422,7081
5,7508,562,0.0,1223,422,7086
2,7510,562,0.0,1224,422,7088
6,7516,563,1.0,1225,422,7094
6,7522,563,0.0,1226,422,7100
4,7526,563,0.0,1227,422,7104
8,7534,564,1.0,1228,422,7112
7,7541,565,1.0,1229,422,7119
8,7549,566,1.0,1230,422,7127
8,7557,566,0.0,1231,422,7135
10,7567,567,1.0,1232,422,7145
7,7574,568,1.0,1233,422,7152
3,7577,568,0.0,1234,422,7155
2,7579,568,0.0,1235,422,7157
7,7586,569,1.0,1236,422,7164
2,7588,569,0.0,1237,422,7166
2,7590,569,0.0,1238,422,7168
3,7593,569,0.0,1239,422,7171
9,7602,570,1.0,1240,422,7180
2,7604,570,0.0,1241,422,7182
4,7608,570,0.0,1242,422,7186
10,7618,571,1.0,1243,422,7196
2,7620,571,0.0,1244,422,7198
6,7626,572,1.0,1245,422,7204
9,7635,573,1.0,1246,422,7213
3,7638,573,0.0,1247,422,7216
2,7640,573,0.0,1248,422,7218
5,7645,573,0.0,1249,422,7223
6,7651,574,1.0,1250,422,7229
7,7658,575,1.0,1251,422,7236
8,7666,576,1.0,1252,422,7244
6,7672,577,1.0,1253,422,7250
4,7676,577,0.0,1254,422,7254
10,7686,578,1.0,1255,422,7264
2,7688,578,0.0,1256,422,7266
7,7695,578,0.0,1257,422,7273
6,7701,579,1.0,1258,422,7279
14,7715,580,1.0,1259,422,7293
6,7721,581,1.0,1260,422,7299
7,7728,582,1.0,1261,422,7306
4,7732,582,0.0,1262,422,7310
4,7736,582,0.0,1263,422,7314
3,7739,582,0.0,1264,422,7317
3,7742,582,0.0,1265,422,7320
6,7748,583,1.0,1266,422,7326
7,7755,584,1.0,1267,422,7333
6,7761,585,1.0,1268,422,7339
10,7771,586,1.0,1269,422,7349
8,7779,587,1.0,1270,422,7357
6,7785,588,1.0,1271,422,7363
6,7791,589,1.0,1272,422,7369
8,7799,589,0.0,1273,422,7377
6,7805,590,1.0,1274,422,7383
7,7812,591,1.0,1275,422,7390
8,7820,592,1.0,1276,422,7398
6,7826,593,1.0,1277,422,7404
9,7835,594,1.0,1278,422,7413
14,7849,595,1.0,1279,422,7427
6,7855,596,1.0,1280,422,7433
6,7861,597,1.0,1281,422,7439
6,7867,598,1.0,1282,422,7445
2,7869,598,0.0,1283,422,7447
6,7875,599,1.0,1284,422,7453
6,7881,600,1.0,1285,422,7459
4,7885,600,0.0,1286,422,7463
7,7892,601,1.0,1287,422,7470
9,7901,602,1.0,1288,422,7479
2,7903,602,0.0,1289,422,7481
8,7911,603,1.0,1290,422,7489
6,7917,604,1.0,1291,422,7495
6,7923,605,1.0,1292,422,7501
9,7932,605,0.0,1293,422,7510
6,7938,606,1.0,1294,422,7516
2,7940,606,0.0,1295,422,7518
3,7943,606,0.0,1296,422,7521
6,7949,607,1.0,1297,422,7527
4,7953,607,0.0,1298,422,7531
9,7962,608,1.0,1299,422,7540
4,7966,608,0.0,1300,422,7544
5,7971,608,0.0,1301,422,7549
10,7981,609,1.0,1302,422,7559
8,7989,610,1.0,1303,422,7567
5,7994,610,0.0,1304,422,7572
8,8002,611,1.0,1305,422,7580
6,8008,612,1.0,1306,422,7586
2,8010,612,0.0,1307,422,7588
7,8017,613,1.0,1308,422,7595
9,8026,613,0.0,1309,422,7604
6,8032,614,1.0,1310,422,7610
3,8035,614,0.0,1311,422,7613
3,8038,614,0.0,1312,422,7616
6,8044,615,1.0,1313,422,7622
7,8051,615,0.0,1314,422,7629
5,8056,615,0.0,1315,422,7634
8,8064,616,1.0,1316,422,7642
2,8066,616,0.0,1317,422,7644
8,8074,617,1.0,1318,422,7652
6,8080,618,1.0,1319,422,7658
7,8087,619,1.0,1320,422,7665
2,8089,619,0.0,1321,422,7667
2,8091,619,0.0,1322,422,7669
4,8095,619,0.0,1323,422,7673
3,8098,619,0.0,1324,422,7676
2,8100,619,0.0,1325,422,7678
9,8109,619,0.0,1326,422,7687
4,8113,619,0.0,1327,422,7691
2,8115,619,0.0,1328,422,7693
7,8122,620,1.0,1329,422,7700
6,8128,621,1.0,1330,422,7706
3,8131,621,0.0,1331,422,7709
8,8139,622,1.0,1332,422,7717
3,8142,622,0.0,1333,422,7720
11,8153,623,1.0,1334,422,7731
7,8160,624,1.0,1335,422,7738
8,8168,625,1.0,1336,422,7746
4,8172,625,0.0,1337,422,7750
3,8175,625,0.0,1338,422,7753
6,8181,625,0.0,1339,422,7759
10,8191,626,1.0,1340,422,7769
6,8197,627,1.0,1341,422,7775
6,8203,628,1.0,1342,422,7781
7,8210,629,1.0,1343,422,7788
7,8217,630,1.0,1344,422,7795
9,8226,631,1.0,1345,422,7804
3,8229,631,0.0,1346,422,7807
4,8233,631,0.0,1347,422,7811
7,8240,632,1.0,1348,422,7818
4,8244,632,0.0,1349,422,7822
7,8251,633,1.0,1350,422,7829
4,8255,633,0.0,1351,422,7833
6,8261,634,1.0,1352,422,7839
6,8267,635,1.0,1353,422,7845
5,8272,635,0.0,1354,422,7850
7,8279,636,1.0,1355,422,7857
6,8285,637,1.0,1356,422,7863
7,8292,638,1.0,1357,422,7870
8,8300,639,1.0,1358,422,7878
6,8306,640,1.0,1359,422,7884
7,8313,641,1.0,1360,422,7891
2,8315,641,0.0,1361,422,7893
6,8321,642,1.0,1362,422,7899
2,8323,642,0.0,1363,422,7901
11,8334,643,1.0,1364,422,7912
2,8336,643,0.0,1365,422,7914
5,8341,643,0.0,1366,422,7919
3,8344,643,0.0,1367,422,7922
6,8350,644,1.0,1368,422,7928
2,8352,644,0.0,1369,422,7930
6,8358,645,1.0,1370,422,7936
8,8366,646,1.0,1371,422,7944
2,8368,646,0.0,1372,422,7946
3,8371,646,0.0,1373,422,7949
4,8375,646,0.0,1374,422,7953
8,8383,647,1.0,1375,422,7961
2,8385,647,0.0,1376,422,7963
6,8391,648,1.0,1377,422,7969
3,8394,648,0.0,1378,422,7972
7,8401,649,1.0,1379,422,7979
3,8404,649,0.0,1380,422,7982
6,8410,649,0.0,1381,422,7988
7,8417,650,1.0,1382,422,7995
7,8424,651,1.0,1383,422,8002
2,8426,651,0.0,1384,422,8004
6,8432,652,1.0,1385,422,8010
2,8434,652,0.0,1386,422,8012
9,8443,653,1.0,1387,422,8021
8,8451,654,1.0,1388,422,8029
7,8458,655,1.0,1389,422,8036
7,8465,656,1.0,1390,422,8043
13,8478,657,1.0,1391,422,8056
7,8485,658,1.0,1392,422,8063
6,8491,659,1.0,1393,422,8069
8,8499,660,1.0,1394,422,8077
2,8501,660,0.0,1395,422,8079
6,8507,661,1.0,1396,422,8085
4,8511,661,0.0,1397,422,8089
6,8517,662,1.0,1398,422,8095
3,8520,662,0.0,1399,422,8098
6,8526,663,1.0,1400,422,8104
6,8532,664,1.0,1401,422,8110
4,8536,664,0.0,1402,422,8114
3,8539,664,0.0,1403,422,8117
14,8553,664,0.0,1404,422,8131
2,8555,664,0.0,1405,422,8133
7,8562,665,1.0,1406,422,8140
6,8568,666,1.0,1407,422,8146
6,8574,667,1.0,1408,422,8152
6,8580,668,1.0,1409,422,8158
2,8582,668,0.0,1410,422,8160
3,8585,668,0.0,1411,422,8163
6,8591,669,1.0,1412,422,8169
4,8595,669,0.0,1413,422,8173
7,8602,670,1.0,1414,422,8180
6,8608,671,1.0,1415,422,8186
7,8615,672,1.0,1416,422,8193
6,8621,673,1.0,1417,422,8199
6,8627,673,0.0,1418,422,8205
7,8634,674,1.0,1419,422,8212
10,8644,675,1.0,1420,422,8222
6,8650,676,1.0,1421,422,8228
5,8655,676,0.0,1422,422,8233
5,8660,676,0.0,1423,422,8238
15,8675,677,1.0,1424,422,8253
5,8680,677,0.0,1425,422,8258
3,8683,677,0.0,1426,422,8261
6,8689,678,1.0,1427,422,8267
7,8696,679,1.0,1428,422,8274
8,8704,680,1.0,1429,422,8282
12,8716,681,1.0,1430,422,8294
8,8724,682,1.0,1431,422,8302
5,8729,682,0.0,1432,422,8307
6,8735,683,1.0,1433,422,8313
6,8741,684,1.0,1434,422,8319
5,8746,684,0.0,1435,422,8324
6,8752,684,0.0,1436,422,8330
6,8758,685,1.0,1437,422,8336
9,8767,686,1.0,1438,422,8345
2,8769,686,0.0,1439,422,8347
4,8773,686,0.0,1440,422,8351
2,8775,686,0.0,1441,422,8353
2,8777,686,0.0,1442,422,8355
6,8783,687,1.0,1443,422,8361
9,8792,688,1.0,1444,422,8370
3,8795,688,0.0,1445,422,8373
4,8799,688,0.0,1446,422,8377
8,8807,688,0.0,1447,422,8385
7,8814,689,1.0,1448,422,8392
6,8820,690,1.0,1449,422,8398
6,8826,691,1.0,1450,422,8404
9,8835,692,1.0,1451,422,8413
6,8841,693,1.0,1452,422,8419
6,8847,694,1.0,1453,422,8425
4,8851,694,0.0,1454,422,8429
8,8859,695,1.0,1455,422,8437
7,8866,696,1.0,1456,422,8444
7,8873,697,1.0,1457,422,8451
10,8883,698,1.0,1458,422,8461
7,8890,698,0.0,1459,422,8468
6,8896,699,1.0,1460,422,8474
4,8900,699,0.0,1461,422,8478
8,8908,700,1.0,1462,422,8486
6,8914,701,1.0,1463,422,8492
8,8922,702,1.0,1464,422,8500
7,8929,703,1.0,1465,422,8507
5,8934,703,0.0,1466,422,8512
6,8940,704,1.0,1467,422,8518
7,8947,705,1.0,1468,422,8525
2,8949,705,0.0,1469,422,8527
8,8957,706,1.0,1470,422,8535
6,8963,707,1.0,1471,422,8541
2,8965,707,0.0,1472,422,8543
4,8969,707,0.0,1473,422,8547
6,8975,708,1.0,1474,422,8553
4,8979,708,0.0,1475,422,8557
5,8984,708,0.0,1476,422,8562
5,8989,708,0.0,1477,422,8567
6,8995,708,0.0,1478,422,8573
4,8999,708,0.0,1479,422,8577
4,9003,708,0.0,1480,422,8581
7,9010,709,1.0,1481,422,8588
5,9015,709,0.0,1482,422,8593
6,9021,710,1.0,1483,422,8599
6,9027,711,1.0,1484,422,8605
3,9030,711,0.0,1485,422,8608
5,9035,711,0.0,1486,422,8613
3,9038,711,0.0,1487,422,8616
2,9040,711,0.0,1488,422,8618
3,9043,711,0.0,1489,422,8621
8,9051,712,1.0,1490,422,8629
3,9054,712,0.0,1491,422,8632
6,9060,713,1.0,1492,422,8638
8,9068,714,1.0,1493,422,8646
6,9074,715,1.0,1494,422,8652
6,9080,716,1.0,1495,422,8658
10,9090,717,1.0,1496,422,8668
14,9104,718,1.0,1497,422,8682
3,9107,718,0.0,1498,422,8685
2,9109,718,0.0,1499,422,8687
4,9113,718,0.0,1500,422,8691
7,9120,718,0.0,1501,422,8698
2,9122,718,0.0,1502,422,8700
2,9124,718,0.0,1503,422,8702
5,9129,718,0.0,1504,422,8707
12,9141,719,1.0,1505,422,8719
6,9147,720,1.0,1506,422,8725
3,9150,720,0.0,1507,422,8728
7,9157,721,1.0,1508,422,8735
3,9160,721,0.0,1509,422,8738
3,9163,721,0.0,1510,422,8741
2,9165,721,0.0,1511,422,8743
8,9173,722,1.0,1512,422,8751
4,9177,722,0.0,1513,422,8755
2,9179,722,0.0,1514,422,8757
9,9188,723,1.0,1515,422,8766
4,9192,723,0.0,1516,422,8770
2,9194,723,0.0,1517,422,8772
6,9200,724,1.0,1518,422,8778
3,9203,724,0.0,1519,422,8781
2,9205,724,0.0,1520,422,8783
6,9211,725,1.0,1521,422,8789
8,9219,725,0.0,1522,422,8797
9,9228,726,1.0,1523,422,8806
9,9237,727,1.0,1524,422,8815
2,9239,727,0.0,1525,422,8817
3,9242,727,0.0,1526,422,8820
6,9248,727,0.0,1527,422,8826
6,9254,728,1.0,1528,422,8832
9,9263,729,1.0,1529,422,8841
6,9269,730,1.0,1530,422,8847
3,9272,730,0.0,1531,422,8850
6,9278,731,1.0,1532,422,8856
7,9285,732,1.0,1533,422,8863
4,9289,732,0.0,1534,422,8867
6,9295,733,1.0,1535,422,8873
2,9297,733,0.0,1536,422,8875
7,9304,734,1.0,1537,422,8882
7,9311,735,1.0,1538,422,8889
6,9317,736,1.0,1539,422,8895
3,9320,736,0.0,1540,422,8898
6,9326,737,1.0,1541,422,8904
9,9335,738,1.0,1542,422,8913
6,9341,739,1.0,1543,422,8919
6,9347,740,1.0,1544,422,8925
6,9353,741,1.0,1545,422,8931
13,9366,742,1.0,1546,422,8944
8,9374,743,1.0,1547,422,8952
3,9377,743,0.0,1548,422,8955
6,9383,744,1.0,1549,422,8961
6,9389,745,1.0,1550,422,8967
4,9393,745,0.0,1551,422,8971
5,9398,745,0.0,1552,422,8976
5,9403,745,0.0,1553,422,8981
4,9407,745,0.0,1554,422,8985
6,9413,746,1.0,1555,422,8991
4,9417,746,0.0,1556,422,8995
7,9424,747,1.0,1557,422,9002
4,9428,747,0.0,1558,422,9006
7,9435,748,1.0,1559,422,9013
10,9445,748,0.0,1560,422,9023
7,9452,749,1.0,1561,422,9030
6,9458,750,1.0,1562,422,9036
6,9464,751,1.0,1563,422,9042
7,9471,752,1.0,1564,422,9049
7,9478,753,1.0,1565,422,9056
7,9485,754,1.0,1566,422,9063
4,9489,754,0.0,1567,422,9067
6,9495,755,1.0,1568,422,9073
5,9500,755,0.0,1569,422,9078
2,9502,755,0.0,1570,422,9080
2,9504,755,0.0,1571,422,9082
7,9511,756,1.0,1572,422,9089
4,9515,756,0.0,1573,422,9093
5,9520,756,0.0,1574,422,9098
8,9528,757,1.0,1575,422,9106
7,9535,758,1.0,1576,422,9113
3,9538,758,0.0,1577,422,9116
6,9544,759,1.0,1578,422,9122
4,9548,759,0.0,1579,422,9126
9,9557,760,1.0,1580,422,9135
8,9565,761,1.0,1581,422,9143
6,9571,762,1.0,1582,422,9149
8,9579,763,1.0,1583,422,9157
3,9582,763,0.0,1584,422,9160
7,9589,764,1.0,1585,422,9167
8,9597,765,1.0,1586,422,9175
2,9599,765,0.0,1587,422,9177
5,9604,765,0.0,1588,422,9182
3,9607,765,0.0,1589,422,9185
2,9609,765,0.0,1590,422,9187
6,9615,766,1.0,1591,422,9193
6,9621,767,1.0,1592,422,9199
2,9623,767,0.0,1593,422,9201
6,9629,768,1.0,1594,422,9207
8,9637,769,1.0,1595,422,9215
7,9644,770,1.0,1596,422,9222
6,9650,770,0.0,1597,422,9228
2,9652,770,0.0,1598,422,9230
9,9661,771,1.0,1599,422,9239
8,9669,772,1.0,1600,422,9247
6,9675,773,1.0,1601,422,9253
6,9681,774,1.0,1602,422,9259
3,9684,774,0.0,1603,422,9262
7,9691,775,1.0,1604,422,9269
6,9697,775,0.0,1605,422,9275
12,9709,776,1.0,1606,422,9287
2,9711,776,0.0,1607,422,9289
10,9721,777,1.0,1608,422,9299
6,9727,778,1.0,1609,422,9305
6,9733,779,1.0,1610,422,9311
8,9741,780,1.0,1611,422,9319
3,9744,780,0.0,1612,422,9322
4,9748,780,0.0,1613,422,9326
12,9760,781,1.0,1614,422,9338
6,9766,782,1.0,1615,422,9344
3,9769,782,0.0,1616,422,9347
4,9773,782,0.0,1617,422,9351
3,9776,782,0.0,1618,422,9354
6,9782,783,1.0,1619,422,9360
2,9784,783,0.0,1620,422,9362
2,9786,783,0.0,1621,422,9364
3,9789,783,0.0,1622,422,9367
12,9801,784,1.0,1623,422,9379
11,9812,785,1.0,1624,422,9390
2,9814,785,0.0,1625,422,9392
7,9821,786,1.0,1626,422,9399
8,9829,787,1.0,1627,422,9407
6,9835,788,1.0,1628,422,9413
7,9842,789,1.0,1629,422,9420
2,9844,789,0.0,1630,422,9422
4,9848,789,0.0,1631,422,9426
3,9851,789,0.0,1632,422,9429
3,9854,789,0.0,1633,422,9432
6,9860,790,1.0,1634,422,9438
8,9868,791,1.0,1635,422,9446
6,9874,792,1.0,1636,422,9452
7,9881,793,1.0,1637,422,9459
8,9889,794,1.0,1638,422,9467
7,9896,795,1.0,1639,422,9474
6,9902,796,1.0,1640,422,9480
6,9908,797,1.0,1641,422,9486
8,9916,798,1.0,1642,422,9494
8,9924,799,1.0,1643,422,9502
6,9930,800,1.0,1644,422,9508
3,9933,800,0.0,1645,422,9511
2,9935,800,0.0,1646,422,9513
6,9941,801,1.0,1647,422,9519
7,9948,802,1.0,1648,422,9526
5,9953,802,0.0,1649,422,9531
6,9959,803,1.0,1650,422,9537
7,9966,804,1.0,1651,422,9544
7,9973,805,1.0,1652,422,9551
2,9975,805,0.0,1653,422,9553
8,9983,806,1.0,1654,422,9561
6,9989,807,1.0,1655,422,9567
6,9995,808,1.0,1656,422,9573
7,10002,808,0.0,1657,422,9580
6,10008,809,1.0,1658,422,9586
7,10015,810,1.0,1659,422,9593
3,10018,810,0.0,1660,422,9596
2,10020,810,0.0,1661,422,9598
8,10028,810,0.0,1662,422,9606
8,10036,811,1.0,1663,422,9614
11,10047,812,1.0,1664,422,9625
6,10053,812,0.0,1665,422,9631
8,10061,813,1.0,1666,422,9639
5,10066,813,0.0,1667,422,9644
3,10069,813,0.0,1668,422,9647
6,10075,813,0.0,1669,422,9653
5,10080,813,0.0,1670,422,9658
4,10084,813,0.0,1671,422,9662
6,10090,814,1.0,1672,422,9668
10,10100,815,1.0,1673,422,9678
3,10103,815,0.0,1674,422,9681
4,10107,815,0.0,1675,422,9685
5,10112,815,0.0,1676,422,9690
9,10121,816,1.0,1677,422,9699
8,10129,817,1.0,1678,422,9707
3,10132,817,0.0,1679,422,9710
6,10138,818,1.0,1680,422,9716
15,10153,819,1.0,1681,422,9731
3,10156,819,0.0,1682,422,9734
2,10158,819,0.0,1683,422,9736
6,10164,820,1.0,1684,422,9742
4,10168,820,0.0,1685,422,9746
7,10175,821,1.0,1686,422,9753
6,10181,822,1.0,1687,422,9759
6,10187,823,1.0,1688,422,9765
10,10197,824,1.0,1689,422,9775
6,10203,825,1.0,1690,422,9781
6,10209,826,1.0,1691,422,9787
3,10212,826,0.0,1692,422,9790
6,10218,827,1.0,1693,422,9796
2,10220,827,0.0,1694,422,9798
2,10222,827,0.0,1695,422,9800
6,10228,828,1.0,1696,422,9806
2,10230,828,0.0,1697,422,9808
6,10236,829,1.0,1698,422,9814
3,10239,829,0.0,1699,422,9817
6,10245,829,0.0,1700,422,9823
6,10251,830,1.0,1701,422,9829
4,10255,830,0.0,1702,422,9833
3,10258,830,0.0,1703,422,9836
4,10262,830,0.0,1704,422,9840
6,10268,831,1.0,1705,422,9846
7,10275,832,1.0,1706,422,9853
6,10281,833,1.0,1707,422,9859
2,10283,833,0.0,1708,422,9861
7,10290,834,1.0,1709,422,9868
5,10295,834,0.0,1710,422,9873
4,10299,834,0.0,1711,422,9877
10,10309,835,1.0,1712,422,9887
12,10321,836,1.0,1713,422,9899
6,10327,837,1.0,1714,422,9905
7,10334,838,1.0,1715,422,9912
9,10343,839,1.0,1716,422,9921
3,10346,839,0.0,1717,422,9924
6,10352,840,1.0,1718,422,9930
6,10358,841,1.0,1719,422,9936
8,10366,842,1.0,1720,422,9944
6,10372,843,1.0,1721,422,9950
6,10378,844,1.0,1722,422,9956
4,10382,844,0.0,1723,422,9960
3,10385,844,0.0,1724,422,9963
8,10393,844,0.0,1725,422,9971
6,10399,845,1.0,1726,422,9977
4,10403,845,0.0,1727,422,9981
6,10409,846,1.0,1728,422,9987
7,10416,847,1.0,1729,422,9994
5,10421,847,0.0,1730,422,9999
6,10427,848,1.0,1731,422,10005
7,10434,849,1.0,1732,422,10012
4,10438,849,0.0,1733,422,10016
3,10441,849,0.0,1734,422,10019
2,10443,849,0.0,1735,422,10021
2,10445,849,0.0,1736,422,10023
7,10452,850,1.0,1737,422,10030
6,10458,851,1.0,1738,422,10036
8,10466,851,0.0,1739,422,10044
6,10472,852,1.0,1740,422,10050
10,10482,853,1.0,1741,422,10060
3,10485,853,0.0,1742,422,10063
7,10492,854,1.0,1743,422,10070
8,10500,855,1.0,1744,422,10078
8,10508,856,1.0,1745,422,10086
7,10515,857,1.0,1746,422,10093
6,10521,857,0.0,1747,422,10099
4,10525,857,0.0,1748,422,10103
6,10531,857,0.0,1749,422,10109
2,10533,857,0.0,1750,422,10111
6,10539,858,1.0,1751,422,10117
2,10541,858,0.0,1752,422,10119
6,10547,859,1.0,1753,422,10125
6,10553,860,1.0,1754,422,10131
4,10557,860,0.0,1755,422,10135
6,10563,861,1.0,1756,422,10141
2,10565,861,0.0,1757,422,10143
6,10571,862,1.0,1758,422,10149
12,10583,863,1.0,1759,422,10161
7,10590,864,1.0,1760,422,10168
3,10593,864,0.0,1761,422,10171
6,10599,865,1.0,1762,422,10177
2,10601,865,0.0,1763,422,10179
5,10606,865,0.0,1764,422,10184
8,10614,866,1.0,1765,422,10192
3,10617,866,0.0,1766,422,10195
4,10621,866,0.0,1767,422,10199
3,10624,866,0.0,1768,422,10202
6,10630,867,1.0,1769,422,10208
6,10636,868,1.0,1770,422,10214
8,10644,869,1.0,1771,422,10222
7,10651,870,1.0,1772,422,10229
6,10657,871,1.0,1773,422,10235
7,10664,872,1.0,1774,422,10242
10,10674,873,1.0,1775,422,10252
11,10685,874,1.0,1776,422,10263
6,10691,875,1.0,1777,422,10269
6,10697,876,1.0,1778,422,10275
7,10704,876,0.0,1779,422,10282
8,10712,877,1.0,1780,422,10290
10,10722,877,0.0,1781,422,10300
2,10724,877,0.0,1782,422,10302
8,10732,878,1.0,1783,422,10310
3,10735,878,0.0,1784,422,10313
8,10743,879,1.0,1785,422,10321
3,10746,879,0.0,1786,422,10324
6,10752,880,1.0,1787,422,10330
8,10760,881,1.0,1788,422,10338
7,10767,882,1.0,1789,422,10345
6,10773,883,1.0,1790,422,10351
7,10780,884,1.0,1791,422,10358
2,10782,884,0.0,1792,422,10360
6,10788,885,1.0,1793,422,10366
6,10794,886,1.0,1794,422,10372
8,10802,887,1.0,1795,422,10380
6,10808,888,1.0,1796,422,10386
6,10814,889,1.0,1797,422,10392
4,10818,889,0.0,1798,422,10396
2,10820,889,0.0,1799,422,10398
7,10827,889,0.0,1800,422,10405
7,10834,889,0.0,1801,422,10412
8,10842,890,1.0,1802,422,10420
7,10849,891,1.0,1803,422,10427
3,10852,891,0.0,1804,422,10430
7,10859,892,1.0,1805,422,10437
3,10862,892,0.0,1806,422,10440
10,10872,893,1.0,1807,422,10450
11,10883,894,1.0,1808,422,10461
7,10890,894,0.0,1809,422,10468
8,10898,895,1.0,1810,422,10476
11,10909,896,1.0,1811,422,10487
6,10915,896,0.0,1812,422,10493
6,10921,897,1.0,1813,422,10499
7,10928,898,1.0,1814,422,10506
9,10937,899,1.0,1815,422,10515
5,10942,899,0.0,1816,422,10520
2,10944,899,0.0,1817,422,10522
3,10947,899,0.0,1818,422,10525
6,10953,900,1.0,1819,422,10531
9,10962,901,1.0,1820,422,10540
7,10969,902,1.0,1821,422,10547
7,10976,903,1.0,1822,422,10554
4,10980,903,0.0,1823,422,10558
11,10991,904,1.0,1824,422,10569
4,10995,904,0.0,1825,422,10573
3,10998,904,0.0,1826,422,10576
7,11005,905,1.0,1827,422,10583
2,11007,905,0.0,1828,422,10585
4,11011,905,0.0,1829,422,10589
10,11021,906,1.0,1830,422,10599
2,11023,906,0.0,1831,422,10601
6,11029,907,1.0,1832,422,10607
2,11031,907,0.0,1833,422,10609
6,11037,907,0.0,1834,422,10615
6,11043,908,1.0,1835,422,10621
10,11053,909,1.0,1836,422,10631
7,11060,910,1.0,1837,422,10638
2,11062,910,0.0,1838,422,10640
10,11072,911,1.0,1839,422,10650
8,11080,912,1.0,1840,422,10658
2,11082,912,0.0,1841,422,10660
6,11088,913,1.0,1842,422,10666
4,11092,913,0.0,1843,422,10670
4,11096,913,0.0,1844,422,10674
5,11101,913,0.0,1845,422,10679
8,11109,914,1.0,1846,422,10687
7,11116,915,1.0,1847,422,10694
7,11123,915,0.0,1848,422,10701
4,11127,915,0.0,1849,422,10705
2,11129,915,0.0,1850,422,10707
8,11137,916,1.0,1851,422,10715
6,11143,917,1.0,1852,422,10721
8,11151,918,1.0,1853,422,10729
6,11157,919,1.0,1854,422,10735
7,11164,920,1.0,1855,422,10742
4,11168,920,0.0,1856,422,10746
4,11172,920,0.0,1857,422,10750
5,11177,920,0.0,1858,422,10755
6,11183,921,1.0,1859,422,10761
3,11186,921,0.0,1860,422,10764
3,11189,921,0.0,1861,422,10767
10,11199,922,1.0,1862,422,10777
8,11207,923,1.0,1863,422,10785
9,11216,924,1.0,1864,422,10794
9,11225,925,1.0,1865,422,10803
3,11228,925,0.0,1866,422,10806
3,11231,925,0.0,1867,422,10809
3,11234,925,0.0,1868,422,10812
8,11242,926,1.0,1869,422,10820
6,11248,927,1.0,1870,422,10826
6,11254,927,0.0,1871,422,10832
8,11262,928,1.0,1872,422,10840
7,11269,929,1.0,1873,422,10847
2,11271,929,0.0,1874,422,10849
5,11276,929,0.0,1875,422,10854
4,11280,929,0.0,1876,422,10858
6,11286,930,1.0,1877,422,10864
2,11288,930,0.0,1878,422,10866
6,11294,930,0.0,1879,422,10872
7,11301,931,1.0,1880,422,10879
11,11312,932,1.0,1881,422,10890
3,11315,932,0.0,1882,422,10893
5,11320,932,0.0,1883,422,10898
3,11323,932,0.0,1884,422,10901
11,11334,933,1.0,1885,422,10912
9,11343,934,1.0,1886,422,10921
6,11349,935,1.0,1887,422,10927
7,11356,936,1.0,1888,422,10934
6,11362,937,1.0,1889,422,10940
2,11364,937,0.0,1890,422,10942
2,11366,937,0.0,1891,422,10944
3,11369,937,0.0,1892,422,10947
2,11371,937,0.0,1893,422,10949
3,11374,937,0.0,1894,422,10952
6,11380,938,1.0,1895,422,10958
3,11383,938,0.0,1896,422,10961
8,11391,939,1.0,1897,422,10969
8,11399,940,1.0,1898,422,10977
3,11402,940,0.0,1899,422,10980
5,11407,940,0.0,1900,422,10985
6,11413,941,1.0,1901,422,10991
9,11422,942,1.0,1902,422,11000
3,11425,942,0.0,1903,422,11003
6,11431,943,1.0,1904,422,11009
8,11439,944,1.0,1905,422,11017
6,11445,945,1.0,1906,422,11023
7,11452,946,1.0,1907,422,11030
9,11461,947,1.0,1908,422,11039
7,11468,948,1.0,1909,422,11046
5,11473,948,0.0,1910,422,11051
4,11477,948,0.0,1911,422,11055
2,11479,948,0.0,1912,422,11057
5,11484,948,0.0,1913,422,11062
5,11489,948,0.0,1914,422,11067
2,11491,948,0.0,1915,422,11069
3,11494,948,0.0,1916,422,11072
8,11502,949,1.0,1917,422,11080
10,11512,950,1.0,1918,422,11090
10,11522,951,1.0,1919,422,11100
6,11528,952,1.0,1920,422,11106
5,11533,952,0.0,1921,422,11111
4,11537,952,0.0,1922,422,11115
2,11539,952,0.0,1923,422,11117
8,11547,953,1.0,1924,422,11125
2,11549,953,0.0,1925,422,11127
4,11553,953,0.0,1926,422,11131
6,11559,953,0.0,1927,422,11137
2,11561,953,0.0,1928,422,11139
8,11569,954,1.0,1929,422,11147
4,11573,954,0.0,1930,422,11151
2,11575,954,0.0,1931,422,11153
3,11578,954,0.0,1932,422,11156
2,11580,954,0.0,1933,422,11158
7,11587,955,1.0,1934,422,11165
8,11595,956,1.0,1935,422,11173
9,11604,957,1.0,1936,422,11182
7,11611,958,1.0,1937,422,11189
10,11621,959,1.0,1938,422,11199
9,11630,960,1.0,1939,422,11208
10,11640,961,1.0,1940,422,11218
6,11646,962,1.0,1941,422,11224
6,11652,963,1.0,1942,422,11230
3,11655,963,0.0,1943,422,11233
3,11658,963,0.0,1944,422,11236
2,11660,963,0.0,1945,422,11238
3,11663,963,0.0,1946,422,11241
2,11665,963,0.0,1947,422,11243
6,11671,964,1.0,1948,422,11249
6,11677,965,1.0,1949,422,11255
8,11685,966,1.0,1950,422,11263
6,11691,967,1.0,1951,422,11269
8,11699,968,1.0,1952,422,11277
12,11711,968,0.0,1953,422,11289
8,11719,969,1.0,1954,422,11297
2,11721,969,0.0,1955,422,11299
2,11723,969,0.0,1956,422,11301
3,11726,969,0.0,1957,422,11304
9,11735,970,1.0,1958,422,11313
3,11738,970,0.0,1959,422,11316
6,11744,971,1.0,1960,422,11322
7,11751,971,0.0,1961,422,11329
3,11754,971,0.0,1962,422,11332
3,11757,971,0.0,1963,422,11335
3,11760,971,0.0,1964,422,11338
7,11767,972,1.0,1965,422,11345
7,11774,973,1.0,1966,422,11352
5,11779,973,0.0,1967,422,11357
3,11782,973,0.0,1968,422,11360
2,11784,973,0.0,1969,422,11362
6,11790,974,1.0,1970,422,11368
6,11796,975,1.0,1971,422,11374
12,11808,976,1.0,1972,422,11386
2,11810,976,0.0,1973,422,11388
6,11816,977,1.0,1974,422,11394
6,11822,978,1.0,1975,422,11400
6,11828,979,1.0,1976,422,11406
9,11837,980,1.0,1977,422,11415
3,11840,980,0.0,1978,422,11418
3,11843,980,0.0,1979,422,11421
8,11851,981,1.0,1980,422,11429
2,11853,981,0.0,1981,422,11431
8,11861,981,0.0,1982,422,11439
13,11874,982,1.0,1983,422,11452
4,11878,982,0.0,1984,422,11456
5,11883,982,0.0,1985,422,11461
2,11885,982,0.0,1986,422,11463
3,11888,982,0.0,1987,422,11466
4,11892,982,0.0,1988,422,11470
6,11898,983,1.0,1989,422,11476
6,11904,984,1.0,1990,422,11482
4,11908,984,0.0,1991,422,11486
5,11913,984,0.0,1992,422,11491
8,11921,984,0.0,1993,422,11499
7,11928,984,0.0,1994,422,11506
4,11932,984,0.0,1995,422,11510
6,11938,985,1.0,1996,422,11516
6,11944,986,1.0,1997,422,11522
6,11950,987,1.0,1998,422,11528
8,11958,988,1.0,1999,422,11536
6,11964,989,1.0,2000,422,11542
6,11970,990,1.0,2001,422,11548
6,11976,991,1.0,2002,422,11554
4,11980,991,0.0,2003,422,11558
4,11984,991,0.0,2004,422,11562
2,11986,991,0.0,2005,422,11564
2,11988,991,0.0,2006,422,11566
7,11995,992,1.0,2007,422,11573
6,12001,993,1.0,2008,422,11579
4,12005,993,0.0,2009,422,11583
2,12007,993,0.0,2010,422,11585
3,12010,993,0.0,2011,422,11588
6,12016,994,1.0,2012,422,11594
9,12025,995,1.0,2013,422,11603
2,12027,995,0.0,2014,422,11605
15,12042,996,1.0,2015,422,11620
2,12044,996,0.0,2016,422,11622
6,12050,997,1.0,2017,422,11628
2,12052,997,0.0,2018,422,11630
8,12060,998,1.0,2019,422,11638
3,12063,998,0.0,2020,422,11641
2,12065,998,0.0,2021,422,11643
9,12074,999,1.0,2022,422,11652
6,12080,1000,1.0,2023,422,11658
2,12082,1000,0.0,2024,422,11660
2,12084,1000,0.0,2025,422,11662
5,12089,1000,0.0,2026,422,11667
7,12096,1001,1.0,2027,422,11674
7,12103,1001,0.0,2028,422,11681
7,12110,1002,1.0,2029,422,11688
6,12116,1003,1.0,2030,422,11694
6,12122,1004,1.0,2031,422,11700
7,12129,1005,1.0,2032,422,11707
13,12142,1005,0.0,2033,422,11720
6,12148,1006,1.0,2034,422,11726
6,12154,1006,0.0,2035,422,11732
7,12161,1007,1.0,2036,422,11739
9,12170,1008,1.0,2037,422,11748
3,12173,1008,0.0,2038,422,11751
4,12177,1008,0.0,2039,422,11755
6,12183,1009,1.0,2040,422,11761
2,12185,1009,0.0,2041,422,11763
7,12192,1010,1.0,2042,422,11770
2,12194,1010,0.0,2043,422,11772
2,12196,1010,0.0,2044,422,11774
7,12203,1010,0.0,2045,422,11781
4,12207,1010,0.0,2046,422,11785
6,12213,1011,1.0,2047,422,11791
9,12222,1012,1.0,2048,422,11800
4,12226,1012,0.0,2049,422,11804
4,12230,1012,0.0,2050,422,11808
3,12233,1012,0.0,2051,422,11811
6,12239,1013,1.0,2052,422,11817
9,12248,1014,1.0,2053,422,11826
6,12254,1015,1.0,2054,422,11832
8,12262,1016,1.0,2055,422,11840
3,12265,1016,0.0,2056,422,11843
4,12269,1016,0.0,2057,422,11847
6,12275,1017,1.0,2058,422,11853
3,12278,1017,0.0,2059,422,11856
3,12281,1017,0.0,2060,422,11859
6,12287,1018,1.0,2061,422,11865
7,12294,1019,1.0,2062,422,11872
7,12301,1020,1.0,2063,422,11879
2,12303,1020,0.0,2064,422,11881
13,12316,1021,1.0,2065,422,11894
14,12330,1022,1.0,2066,422,11908
2,12332,1022,0.0,2067,422,11910
6,12338,1023,1.0,2068,422,11916
9,12347,1024,1.0,2069,422,11925
3,12350,1024,0.0,2070,422,11928
11,12361,1025,1.0,2071,422,11939
10,12371,1026,1.0,2072,422,11949
4,12375,1026,0.0,2073,422,11953
6,12381,1027,1.0,2074,422,11959
2,12383,1027,0.0,2075,422,11961
7,12390,1028,1.0,2076,422,11968
7,12397,1029,1.0,2077,422,11975
3,12400,1029,0.0,2078,422,11978
2,12402,1029,0.0,2079,422,11980
6,12408,1030,1.0,2080,422,11986
8,12416,1030,0.0,2081,422,11994
2,12418,1030,0.0,2082,422,11996
2,12420,1030,0.0,2083,422,11998
7,12427,1031,1.0,2084,422,12005
8,12435,1031,0.0,2085,422,12013
9,12444,1032,1.0,2086,422,12022
2,12446,1032,0.0,2087,422,12024
8,12454,1033,1.0,2088,422,12032
7,12461,1034,1.0,2089,422,12039
6,12467,1034,0.0,2090,422,12045
10,12477,1035,1.0,2091,422,12055
2,12479,1035,0.0,2092,422,12057
2,12481,1035,0.0,2093,422,12059
2,12483,1035,0.0,2094,422,12061
4,12487,1035,0.0,2095,422,12065
4,12491,1035,0.0,2096,422,12069
3,12494,1035,0.0,2097,422,12072
2,12496,1035,0.0,2098,422,12074
7,12503,1036,1.0,2099,422,12081
6,12509,1037,1.0,2100,422,12087
3,12512,1037,0.0,2101,422,12090
2,12514,1037,0.0,2102,422,12092
3,12517,1037,0.0,2103,422,12095
6,12523,1038,1.0,2104,422,12101
6,12529,1039,1.0,2105,422,12107
6,12535,1040,1.0,2106,422,12113
11,12546,1041,1.0,2107,422,12124
10,12556,1042,1.0,2108,422,12134
6,12562,1042,0.0,2109,422,12140
2,12564,1042,0.0,2110,422,12142
6,12570,1043,1.0,2111,422,12148
8,12578,1044,1.0,2112,422,12156
6,12584,1045,1.0,2113,422,12162
3,12587,1045,0.0,2114,422,12165
11,12598,1046,1.0,2115,422,12176
6,12604,1046,0.0,2116,422,12182
8,12612,1047,1.0,2117,422,12190
2,12614,1047,0.0,2118,422,12192
6,12620,1048,1.0,2119,422,12198
3,12623,1048,0.0,2120,422,12201
2,12625,1048,0.0,2121,422,12203
9,12634,1049,1.0,2122,422,12212
7,12641,1050,1.0,2123,422,12219
6,12647,1051,1.0,2124,422,12225
3,12650,1051,0.0,2125,422,12228
6,12656,1052,1.0,2126,422,12234
8,12664,1053,1.0,2127,422,12242
10,12674,1054,1.0,2128,422,12252
14,12688,1055,1.0,2129,422,12266
3,12691,1055,0.0,2130,422,12269
9,12700,1056,1.0,2131,422,12278
7,12707,1057,1.0,2132,422,12285
6,12713,1058,1.0,2133,422,12291
2,12715,1058,0.0,2134,422,12293
7,12722,1059,1.0,2135,422,12300
8,12730,1060,1.0,2136,422,12308
7,12737,1061,1.0,2137,422,12315
3,12740,1061,0.0,2138,422,12318
6,12746,1062,1.0,2139,422,12324
6,12752,1063,1.0,2140,422,12330
6,12758,1064,1.0,2141,422,12336
3,12761,1064,0.0,2142,422,12339
6,12767,1064,0.0,2143,422,12345
7,12774,1065,1.0,2144,422,12352
6,12780,1066,1.0,2145,422,12358
3,12783,1066,0.0,2146,422,12361
7,12790,1067,1.0,2147,422,12368
6,12796,1067,0.0,2148,422,12374
6,12802,1068,1.0,2149,422,12380
6,12808,1068,0.0,2150,422,12386
6,12814,1069,1.0,2151,422,12392
7,12821,1070,1.0,2152,422,12399
11,12832,1071,1.0,2153,422,12410
6,12838,1072,1.0,2154,422,12416
6,12844,1073,1.0,2155,422,12422
7,12851,1073,0.0,2156,422,12429
2,12853,1073,0.0,2157,422,12431
4,12857,1073,0.0,2158,422,12435
9,12866,1073,0.0,2159,422,12444
8,12874,1074,1.0,2160,422,12452
2,12876,1074,0.0,2161,422,12454
4,12880,1074,0.0,2162,422,12458
7,12887,1075,1.0,2163,422,12465
2,12889,1075,0.0,2164,422,12467
7,12896,1075,0.0,2165,422,12474
10,12906,1076,1.0,2166,422,12484
6,12912,1077,1.0,2167,422,12490
4,12916,1077,0.0,2168,422,12494
6,12922,1078,1.0,2169,422,12500
2,12924,1078,0.0,2170,422,12502
6,12930,1079,1.0,2171,422,12508
4,12934,1079,0.0,2172,422,12512
7,12941,1080,1.0,2173,422,12519
5,12946,1080,0.0,2174,422,12524
2,12948,1080,0.0,2175,422,12526
10,12958,1081,1.0,2176,422,12536
7,12965,1081,0.0,2177,422,12543
3,12968,1081,0.0,2178,422,12546
6,12974,1082,1.0,2179,422,12552
4,12978,1082,0.0,2180,422,12556
6,12984,1083,1.0,2181,422,12562
6,12990,1084,1.0,2182,422,12568
9,12999,1085,1.0,2183,422,12577
6,13005,1086,1.0,2184,422,12583
5,13010,1086,0.0,2185,422,12588
8,13018,1086,0.0,2186,422,12596
2,13020,1086,0.0,2187,422,12598
2,13022,1086,0.0,2188,422,12600
7,13029,1087,1.0,2189,422,12607
8,13037,1088,1.0,2190,422,12615
8,13045,1089,1.0,2191,422,12623
7,13052,1090,1.0,2192,422,12630
2,13054,1090,0.0,2193,422,12632
6,13060,1091,1.0,2194,422,12638
9,13069,1092,1.0,2195,422,12647
4,13073,1092,0.0,2196,422,12651
6,13079,1093,1.0,2197,422,12657
4,13083,1093,0.0,2198,422,12661
10,13093,1094,1.0,2199,422,12671
7,13100,1095,1.0,2200,422,12678
6,13106,1096,1.0,2201,422,12684
6,13112,1097,1.0,2202,422,12690
4,13116,1097,0.0,2203,422,12694
2,13118,1097,0.0,2204,422,12696
3,13121,1097,0.0,2205,422,12699
6,13127,1098,1.0,2206,422,12705
3,13130,1098,0.0,2207,422,12708
7,13137,1098,0.0,2208,422,12715
8,13145,1099,1.0,2209,422,12723
7,13152,1100,1.0,2210,422,12730
3,13155,1100,0.0,2211,422,12733
7,13162,1101,1.0,2212,422,12740
5,13167,1101,0.0,2213,422,12745
3,13170,1101,0.0,2214,422,12748
6,13176,1101,0.0,2215,422,12754
8,13184,1102,1.0,2216,422,12762
3,13187,1102,0.0,2217,422,12765
6,13193,1103,1.0,2218,422,12771
6,13199,1104,1.0,2219,422,12777
6,13205,1104,0.0,2220,422,12783
8,13213,1105,1.0,2221,422,12791
2,13215,1105,0.0,2222,422,12793
7,13222,1105,0.0,2223,422,12800
2,13224,1105,0.0,2224,422,12802
7,13231,1105,0.0,2225,422,12809
12,13243,1106,1.0,2226,422,12821
6,13249,1107,1.0,2227,422,12827
2,13251,1107,0.0,2228,422,12829
13,13264,1108,1.0,2229,422,12842
3,13267,1108,0.0,2230,422,12845
9,13276,1109,1.0,2231,422,12854
2,13278,1109,0.0,2232,422,12856
2,13280,1109,0.0,2233,422,12858
7,13287,1110,1.0,2234,422,12865
10,13297,1111,1.0,2235,422,12875
6,13303,1112,1.0,2236,422,12881
6,13309,1112,0.0,2237,422,12887
6,13315,1113,1.0,2238,422,12893
6,13321,1114,1.0,2239,422,12899
7,13328,1115,1.0,2240,422,12906
2,13330,1115,0.0,2241,422,12908
6,13336,1116,1.0,2242,422,12914
4,13340,1116,0.0,2243,422,12918
2,13342,1116,0.0,2244,422,12920
9,13351,1117,1.0,2245,422,12929
7,13358,1118,1.0,2246,422,12936
6,13364,1119,1.0,2247,422,12942
2,13366,1119,0.0,2248,422,12944
3,13369,1119,0.0,2249,422,12947
6,13375,1119,0.0,2250,422,12953
5,13380,1119,0.0,2251,422,12958
6,13386,1120,1.0,2252,422,12964
7,13393,1121,1.0,2253,422,12971
3,13396,1121,0.0,2254,422,12974
6,13402,1122,1.0,2255,422,12980
5,13407,1122,0.0,2256,422,12985
8,13415,1123,1.0,2257,422,12993
2,13417,1123,0.0,2258,422,12995
2,13419,1123,0.0,2259,422,12997
4,13423,1123,0.0,2260,422,13001
4,13427,1123,0.0,2261,422,13005
2,13429,1123,0.0,2262,422,13007
6,13435,1123,0.0,2263,422,13013
7,13442,1123,0.0,2264,422,13020
6,13448,1124,1.0,2265,422,13026
7,13455,1125,1.0,2266,422,13033
6,13461,1126,1.0,2267,422,13039
2,13463,1126,0.0,2268,422,13041
7,13470,1127,1.0,2269,422,13048
11,13481,1128,1.0,2270,422,13059
8,13489,1129,1.0,2271,422,13067
8,13497,1130,1.0,2272,422,13075
7,13504,1131,1.0,2273,422,13082
2,13506,1131,0.0,2274,422,13084
6,13512,1132,1.0,2275,422,13090
2,13514,1132,0.0,2276,422,13092
2,13516,1132,0.0,2277,422,13094
3,13519,1132,0.0,2278,422,13097
5,13524,1132,0.0,2279,422,13102
7,13531,1132,0.0,2280,422,13109
6,13537,1133,1.0,2281,422,13115
6,13543,1134,1.0,2282,422,13121
2,13545,1134,0.0,2283,422,13123
6,13551,1134,0.0,2284,422,13129
12,13563,1135,1.0,2285,422,13141
8,13571,1136,1.0,2286,422,13149
4,13575,1136,0.0,2287,422,13153
10,13585,1137,1.0,2288,422,13163
5,13590,1137,0.0,2289,422,13168
4,13594,1137,0.0,2290,422,13172
2,13596,1137,0.0,2291,422,13174
8,13604,1138,1.0,2292,422,13182
6,13610,1139,1.0,2293,422,13188
3,13613,1139,0.0,2294,422,13191
3,13616,1139,0.0,2295,422,13194
7,13623,1139,0.0,2296,422,13201
10,13633,1140,1.0,2297,422,13211
9,13642,1141,1.0,2298,422,13220
2,13644,1141,0.0,2299,422,13222
8,13652,1142,1.0,2300,422,13230
7,13659,1142,0.0,2301,422,13237
6,13665,1143,1.0,2302,422,13243
3,13668,1143,0.0,2303,422,13246
6,13674,1144,1.0,2304,422,13252
7,13681,1145,1.0,2305,422,13259
10,13691,1146,1.0,2306,422,13269
6,13697,1147,1.0,2307,422,13275
7,13704,1148,1.0,2308,422,13282
2,13706,1148,0.0,2309,422,13284
6,13712,1148,0.0,2310,422,13290
3,13715,1148,0.0,2311,422,13293
7,13722,1149,1.0,2312,422,13300
2,13724,1149,0.0,2313,422,13302
7,13731,1150,1.0,2314,422,13309
2,13733,1150,0.0,2315,422,13311
9,13742,1150,0.0,2316,422,13320
7,13749,1151,1.0,2317,422,13327
8,13757,1152,1.0,2318,422,13335
9,13766,1153,1.0,2319,422,13344
7,13773,1153,0.0,2320,422,13351
4,13777,1153,0.0,2321,422,13355
2,13779,1153,0.0,2322,422,13357
4,13783,1153,0.0,2323,422,13361
7,13790,1154,1.0,2324,422,13368
7,13797,1155,1.0,2325,422,13375
4,13801,1155,0.0,2326,422,13379
3,13804,1155,0.0,2327,422,13382
6,13810,1156,1.0,2328,422,13388
6,13816,1157,1.0,2329,422,13394
12,13828,1158,1.0,2330,422,13406
8,13836,1159,1.0,2331,422,13414
10,13846,1160,1.0,2332,422,13424
5,13851,1160,0.0,2333,422,13429
4,13855,1160,0.0,2334,422,13433
2,13857,1160,0.0,2335,422,13435
6,13863,1161,1.0,2336,422,13441
6,13869,1162,1.0,2337,422,13447
5,13874,1162,0.0,2338,422,13452
6,13880,1163,1.0,2339,422,13458
7,13887,1164,1.0,2340,422,13465
5,13892,1164,0.0,2341,422,13470
3,13895,1164,0.0,2342,422,13473
2,13897,1164,0.0,2343,422,13475
6,13903,1165,1.0,2344,422,13481
9,13912,1166,1.0,2345,422,13490
2,13914,1166,0.0,2346,422,13492
9,13923,1167,1.0,2347,422,13501
7,13930,1168,1.0,2348,422,13508
4,13934,1168,0.0,2349,422,13512
6,13940,1169,1.0,2350,422,13518
3,13943,1169,0.0,2351,422,13521
3,13946,1169,0.0,2352,422,13524
6,13952,1170,1.0,2353,422,13530
13,13965,1171,1.0,2354,422,13543
8,13973,1172,1.0,2355,422,13551
2,13975,1172,0.0,2356,422,13553
4,13979,1172,0.0,2357,422,13557
9,13988,1173,1.0,2358,422,13566
3,13991,1173,0.0,2359,422,13569
7,13998,1174,1.0,2360,422,13576
6,14004,1175,1.0,2361,422,13582
7,14011,1176,1.0,2362,422,13589
6,14017,1177,1.0,2363,422,13595
2,14019,1177,0.0,2364,422,13597
2,14021,1177,0.0,2365,422,13599
3,14024,1177,0.0,2366,422,13602
6,14030,1178,1.0,2367,422,13608
9,14039,1179,1.0,2368,422,13617
3,14042,1179,0.0,2369,422,13620
8,14050,1180,1.0,2370,422,13628
6,14056,1180,0.0,2371,422,13634
2,14058,1180,0.0,2372,422,13636
6,14064,1181,1.0,2373,422,13642
8,14072,1182,1.0,2374,422,13650
7,14079,1183,1.0,2375,422,13657
3,14082,1183,0.0,2376,422,13660
2,14084,1183,0.0,2377,422,13662
6,14090,1184,1.0,2378,422,13668
2,14092,1184,0.0,2379,422,13670
8,14100,1185,1.0,2380,422,13678
4,14104,1185,0.0,2381,422,13682
7,14111,1186,1.0,2382,422,13689
11,14122,1187,1.0,2383,422,13700
3,14125,1187,0.0,2384,422,13703
8,14133,1187,0.0,2385,422,13711
6,14139,1188,1.0,2386,422,13717
2,14141,1188,0.0,2387,422,13719
11,14152,1189,1.0,2388,422,13730
6,14158,1190,1.0,2389,422,13736
6,14164,1191,1.0,2390,422,13742
7,14171,1192,1.0,2391,422,13749
10,14181,1193,1.0,2392,422,13759
2,14183,1193,0.0,2393,422,13761
6,14189,1194,1.0,2394,422,13767
8,14197,1194,0.0,2395,422,13775
3,14200,1194,0.0,2396,422,13778
7,14207,1195,1.0,2397,422,13785
2,14209,1195,0.0,2398,422,13787
6,14215,1196,1.0,2399,422,13793
7,14222,1196,0.0,2400,422,13800
12,14234,1197,1.0,2401,422,13812
6,14240,1197,0.0,2402,422,13818
9,14249,1198,1.0,2403,422,13827
6,14255,1199,1.0,2404,422,13833
6,14261,1200,1.0,2405,422,13839
6,14267,1201,1.0,2406,422,13845
4,14271,1201,0.0,2407,422,13849
6,14277,1202,1.0,2408,422,13855
6,14283,1203,1.0,2409,422,13861
8,14291,1204,1.0,2410,422,13869
6,14297,1205,1.0,2411,422,13875
7,14304,1206,1.0,2412,422,13882
8,14312,1207,1.0,2413,422,13890
7,14319,1208,1.0,2414,422,13897
6,14325,1209,1.0,2415,422,13903
5,14330,1209,0.0,2416,422,13908
7,14337,1209,0.0,2417,422,13915
4,14341,1209,0.0,2418,422,13919
10,14351,1210,1.0,2419,422,13929
2,14353,1210,0.0,2420,422,13931
6,14359,1211,1.0,2421,422,13937
3,14362,1211,0.0,2422,422,13940
7,14369,1212,1.0,2423,422,13947
5,14374,1212,0.0,2424,422,13952
3,14377,1212,0.0,2425,422,13955
2,14379,1212,0.0,2426,422,13957
2,14381,1212,0.0,2427,422,13959
2,14383,1212,0.0,2428,422,13961
3,14386,1212,0.0,2429,422,13964
2,14388,1212,0.0,2430,422,13966
7,14395,1213,1.0,2431,422,13973
6,14401,1213,0.0,2432,422,13979
2,14403,1213,0.0,2433,422,13981
2,14405,1213,0.0,2434,422,13983
12,14417,1214,1.0,2435,422,13995
7,14424,1215,1.0,2436,422,14002
5,14429,1215,0.0,2437,422,14007
6,14435,1215,0.0,2438,422,14013
4,14439,1215,0.0,2439,422,14017
2,14441,1215,0.0,2440,422,14019
6,14447,1216,1.0,2441,422,14025
7,14454,1216,0.0,2442,422,14032
6,14460,1217,1.0,2443,422,14038
9,14469,1218,1.0,2444,422,14047
10,14479,1219,1.0,2445,422,14057
2,14481,1219,0.0,2446,422,14059
7,14488,1219,0.0,2447,422,14066
7,14495,1220,1.0,2448,422,14073
6,14501,1221,1.0,2449,422,14079
3,14504,1221,0.0,2450,422,14082
2,14506,1221,0.0,2451,422,14084
2,14508,1221,0.0,2452,422,14086
6,14514,1222,1.0,2453,422,14092
3,14517,1222,0.0,2454,422,14095
6,14523,1223,1.0,2455,422,14101
3,14526,1223,0.0,2456,422,14104
7,14533,1224,1.0,2457,422,14111
5,14538,1224,0.0,2458,422,14116
4,14542,1224,0.0,2459,422,14120
6,14548,1225,1.0,2460,422,14126
8,14556,1226,1.0,2461,422,14134
6,14562,1227,1.0,2462,422,14140
8,14570,1228,1.0,2463,422,14148
2,14572,1228,0.0,2464,422,14150
6,14578,1229,1.0,2465,422,14156
7,14585,1230,1.0,2466,422,14163
4,14589,1230,0.0,2467,422,14167
7,14596,1231,1.0,2468,422,14174
11,14607,1232,1.0,2469,422,14185
6,14613,1233,1.0,2470,422,14191
6,14619,1233,0.0,2471,422,14197
7,14626,1233,0.0,2472,422,14204
6,14632,1234,1.0,2473,422,14210
6,14638,1235,1.0,2474,422,14216
10,14648,1236,1.0,2475,422,14226
7,14655,1237,1.0,2476,422,14233
5,14660,1237,0.0,2477,422,14238
3,14663,1237,0.0,2478,422,14241
7,14670,1238,1.0,2479,422,14248
9,14679,1239,1.0,2480,422,14257
6,14685,1240,1.0,2481,422,14263
2,14687,1240,0.0,2482,422,14265
7,14694,1241,1.0,2483,422,14272
11,14705,1242,1.0,2484,422,14283
7,14712,1243,1.0,2485,422,14290
6,14718,1244,1.0,2486,422,14296
6,14724,1245,1.0,2487,422,14302
6,14730,1246,1.0,2488,422,14308
6,14736,1247,1.0,2489,422,14314
3,14739,1247,0.0,2490,422,14317
11,14750,1248,1.0,2491,422,14328
7,14757,1249,1.0,2492,422,14335
2,14759,1249,0.0,2493,422,14337
2,14761,1249,0.0,2494,422,14339
6,14767,1249,0.0,2495,422,14345
6,14773,1250,1.0,2496,422,14351
6,14779,1251,1.0,2497,422,14357
7,14786,1252,1.0,2498,422,14364
2,14788,1252,0.0,2499,422,14366
6,14794,1253,1.0,2500,422,14372
10,14804,1254,1.0,2501,422,14382
6,14810,1255,1.0,2502,422,14388
7,14817,1256,1.0,2503,422,14395
3,14820,1256,0.0,2504,422,14398
15,14835,1257,1.0,2505,422,14413
7,14842,1258,1.0,2506,422,14420
2,14844,1258,0.0,2507,422,14422
5,14849,1258,0.0,2508,422,14427
6,14855,1259,1.0,2509,422,14433
6,14861,1260,1.0,2510,422,14439
6,14867,1261,1.0,2511,422,14445
5,14872,1261,0.0,2512,422,14450
13,14885,1262,1.0,2513,422,14463
3,14888,1262,0.0,2514,422,14466
2,14890,1262,0.0,2515,422,14468
9,14899,1263,1.0,2516,422,14477
2,14901,1263,0.0,2517,422,14479
6,14907,1264,1.0,2518,422,14485
3,14910,1264,0.0,2519,422,14488
7,14917,1265,1.0,2520,422,14495
10,14927,1265,0.0,2521,422,14505
7,14934,1266,1.0,2522,422,14512
6,14940,1267,1.0,2523,422,14518
9,14949,1268,1.0,2524,422,14527
7,14956,1269,1.0,2525,422,14534
7,14963,1269,0.0,2526,422,14541
2,14965,1269,0.0,2527,422,14543
3,14968,1269,0.0,2528,422,14546
3,14971,1269,0.0,2529,422,14549
8,14979,1270,1.0,2530,422,14557
6,14985,1271,1.0,2531,422,14563
5,14990,1271,0.0,2532,422,14568
7,14997,1272,1.0,2533,422,14575
8,15005,1273,1.0,2534,422,14583
8,15013,1274,1.0,2535,422,14591
7,15020,1275,1.0,2536,422,14598
6,15026,1275,0.0,2537,422,14604
8,15034,1275,0.0,2538,422,14612
3,15037,1275,0.0,2539,422,14615
9,15046,1276,1.0,2540,422,14624
6,15052,1277,1.0,2541,422,14630
9,15061,1278,1.0,2542,422,14639
6,15067,1279,1.0,2543,422,14645
3,15070,1279,0.0,2544,422,14648
4,15074,1279,0.0,2545,422,14652
6,15080,1280,1.0,2546,422,14658
4,15084,1280,0.0,2547,422,14662
6,15090,1281,1.0,2548,422,14668
6,15096,1282,1.0,2549,422,14674
8,15104,1283,1.0,2550,422,14682
7,15111,1283,0.0,2551,422,14689
8,15119,1284,1.0,2552,422,14697
3,15122,1284,0.0,2553,422,14700
6,15128,1285,1.0,2554,422,14706
2,15130,1285,0.0,2555,422,14708
2,15132,1285,0.0,2556,422,14710
6,15138,1286,1.0,2557,422,14716
2,15140,1286,0.0,2558,422,14718
6,15146,1286,0.0,2559,422,14724
9,15155,1287,1.0,2560,422,14733
5,15160,1287,0.0,2561,422,14738
7,15167,1288,1.0,2562,422,14745
9,15176,1289,1.0,2563,422,14754
2,15178,1289,0.0,2564,422,14756
4,15182,1289,0.0,2565,422,14760
9,15191,1290,1.0,2566,422,14769
7,15198,1290,0.0,2567,422,14776
8,15206,1291,1.0,2568,422,14784
2,15208,1291,0.0,2569,422,14786
10,15218,1292,1.0,2570,422,14796
7,15225,1293,1.0,2571,422,14803
3,15228,1293,0.0,2572,422,14806
10,15238,1294,1.0,2573,422,14816
7,15245,1295,1.0,2574,422,14823
3,15248,1295,0.0,2575,422,14826
6,15254,1295,0.0,2576,422,14832
9,15263,1296,1.0,2577,422,14841
3,15266,1296,0.0,2578,422,14844
7,15273,1296,0.0,2579,422,14851
2,15275,1296,0.0,2580,422,14853
8,15283,1297,1.0,2581,422,14861
7,15290,1298,1.0,2582,422,14868
3,15293,1298,0.0,2583,422,14871
6,15299,1299,1.0,2584,422,14877
12,15311,1300,1.0,2585,422,14889
7,15318,1301,1.0,2586,422,14896
3,15321,1301,0.0,2587,422,14899
7,15328,1302,1.0,2588,422,14906
7,15335,1303,1.0,2589,422,14913
8,15343,1303,0.0,2590,422,14921
5,15348,1303,0.0,2591,422,14926
10,15358,1304,1.0,2592,422,14936
7,15365,1305,1.0,2593,422,14943
2,15367,1305,0.0,2594,422,14945
5,15372,1305,0.0,2595,422,14950
7,15379,1306,1.0,2596,422,14957
7,15386,1307,1.0,2597,422,14964
8,15394,1308,1.0,2598,422,14972
2,15396,1308,0.0,2599,422,14974
10,15406,1309,1.0,2600,422,14984
8,15414,1310,1.0,2601,422,14992
6,15420,1311,1.0,2602,422,14998
9,15429,1312,1.0,2603,422,15007
5,15434,1312,0.0,2604,422,15012
3,15437,1312,0.0,2605,422,15015
6,15443,1313,1.0,2606,422,15021
7,15450,1313,0.0,2607,422,15028
6,15456,1313,0.0,2608,422,15034
6,15462,1314,1.0,2609,422,15040
5,15467,1314,0.0,2610,422,15045
7,15474,1314,0.0,2611,422,15052
6,15480,1315,1.0,2612,422,15058
4,15484,1315,0.0,2613,422,15062
6,15490,1316,1.0,2614,422,15068
8,15498,1317,1.0,2615,422,15076
3,15501,1317,0.0,2616,422,15079
6,15507,1317,0.0,2617,422,15085
3,15510,1317,0.0,2618,422,15088
7,15517,1318,1.0,2619,422,15095
3,15520,1318,0.0,2620,422,15098
2,15522,1318,0.0,2621,422,15100
7,15529,1319,1.0,2622,422,15107
9,15538,1320,1.0,2623,422,15116
3,15541,1320,0.0,2624,422,15119
4,15545,1320,0.0,2625,422,15123
7,15552,1321,1.0,2626,422,15130
8,15560,1322,1.0,2627,422,15138
6,15566,1323,1.0,2628,422,15144
9,15575,1324,1.0,2629,422,15153
3,15578,1324,0.0,2630,422,15156
6,15584,1325,1.0,2631,422,15162
5,15589,1325,0.0,2632,422,15167
8,15597,1326,1.0,2633,422,15175
7,15604,1327,1.0,2634,422,15182
2,15606,1327,0.0,2635,422,15184
6,15612,1328,1.0,2636,422,15190
17,15629,1329,1.0,2637,422,15207
5,15634,1329,0.0,2638,422,15212
3,15637,1329,0.0,2639,422,15215
3,15640,1329,0.0,2640,422,15218
7,15647,1330,1.0,2641,422,15225
2,15649,1330,0.0,2642,422,15227
3,15652,1330,0.0,2643,422,15230
7,15659,1331,1.0,2644,422,15237
4,15663,1331,0.0,2645,422,15241
6,15669,1332,1.0,2646,422,15247
6,15675,1333,1.0,2647,422,15253
6,15681,1334,1.0,2648,422,15259
7,15688,1335,1.0,2649,422,15266
8,15696,1336,1.0,2650,422,15274
7,15703,1337,1.0,2651,422,15281
2,15705,1337,0.0,2652,422,15283
9,15714,1338,1.0,2653,422,15292
3,15717,1338,0.0,2654,422,15295
2,15719,1338,0.0,2655,422,15297
2,15721,1338,0.0,2656,422,15299
2,15723,1338,0.0,2657,422,15301
8,15731,1338,0.0,2658,422,15309
2,15733,1338,0.0,2659,422,15311
6,15739,1339,1.0,2660,422,15317
3,15742,1339,0.0,2661,422,15320
7,15749,1340,1.0,2662,422,15327
6,15755,1341,1.0,2663,422,15333
6,15761,1342,1.0,2664,422,15339
6,15767,1343,1.0,2665,422,15345
5,15772,1343,0.0,2666,422,15350
6,15778,1344,1.0,2667,422,15356
8,15786,1345,1.0,2668,422,15364
5,15791,1345,0.0,2669,422,15369
4,15795,1345,0.0,2670,422,15373
6,15801,1346,1.0,2671,422,15379
3,15804,1346,0.0,2672,422,15382
10,15814,1347,1.0,2673,422,15392
7,15821,1348,1.0,2674,422,15399
2,15823,1348,0.0,2675,422,15401
6,15829,1349,1.0,2676,422,15407
6,15835,1350,1.0,2677,422,15413
6,15841,1351,1.0,2678,422,15419
7,15848,1352,1.0,2679,422,15426
6,15854,1353,1.0,2680,422,15432
10,15864,1354,1.0,2681,422,15442
7,15871,1354,0.0,2682,422,15449
6,15877,1354,0.0,2683,422,15455
10,15887,1355,1.0,2684,422,15465
4,15891,1355,0.0,2685,422,15469
6,15897,1356,1.0,2686,422,15475
11,15908,1357,1.0,2687,422,15486
3,15911,1357,0.0,2688,422,15489
5,15916,1357,0.0,2689,422,15494
13,15929,1358,1.0,2690,422,15507
7,15936,1359,1.0,2691,422,15514
9,15945,1360,1.0,2692,422,15523
7,15952,1361,1.0,2693,422,15530
3,15955,1361,0.0,2694,422,15533
7,15962,1362,1.0,2695,422,15540
4,15966,1362,0.0,2696,422,15544
2,15968,1362,0.0,2697,422,15546
3,15971,1362,0.0,2698,422,15549
2,15973,1362,0.0,2699,422,15551
8,15981,1363,1.0,2700,422,15559
4,15985,1363,0.0,2701,422,15563
2,15987,1363,0.0,2702,422,15565
3,15990,1363,0.0,2703,422,15568
6,15996,1364,1.0,2704,422,15574
4,16000,1364,0.0,2705,422,15578
4,16004,1364,0.0,2706,422,15582
4,16008,1364,0.0,2707,422,15586
8,16016,1365,1.0,2708,422,15594
10,16026,1366,1.0,2709,422,15604
6,16032,1367,1.0,2710,422,15610
4,16036,1367,0.0,2711,422,15614
7,16043,1368,1.0,2712,422,15621
8,16051,1369,1.0,2713,422,15629
6,16057,1370,1.0,2714,422,15635
8,16065,1371,1.0,2715,422,15643
6,16071,1372,1.0,2716,422,15649
6,16077,1373,1.0,2717,422,15655
6,16083,1374,1.0,2718,422,15661
8,16091,1375,1.0,2719,422,15669
3,16094,1375,0.0,2720,422,15672
3,16097,1375,0.0,2721,422,15675
11,16108,1376,1.0,2722,422,15686
6,16114,1377,1.0,2723,422,15692
2,16116,1377,0.0,2724,422,15694
8,16124,1378,1.0,2725,422,15702
8,16132,1379,1.0,2726,422,15710
3,16135,1379,0.0,2727,422,15713
6,16141,1380,1.0,2728,422,15719
6,16147,1381,1.0,2729,422,15725
6,16153,1382,1.0,2730,422,15731
7,16160,1383,1.0,2731,422,15738
6,16166,1384,1.0,2732,422,15744
8,16174,1384,0.0,2733,422,15752
4,16178,1384,0.0,2734,422,15756
6,16184,1385,1.0,2735,422,15762
7,16191,1386,1.0,2736,422,15769
6,16197,1387,1.0,2737,422,15775
3,16200,1387,0.0,2738,422,15778
6,16206,1388,1.0,2739,422,15784
7,16213,1389,1.0,2740,422,15791
7,16220,1389,0.0,2741,422,15798
6,16226,1390,1.0,2742,422,15804
8,16234,1391,1.0,2743,422,15812
3,16237,1391,0.0,2744,422,15815
6,16243,1392,1.0,2745,422,15821
11,16254,1392,0.0,2746,422,15832
6,16260,1393,1.0,2747,422,15838
2,16262,1393,0.0,2748,422,15840
6,16268,1394,1.0,2749,422,15846
2,16270,1394,0.0,2750,422,15848
9,16279,1395,1.0,2751,422,15857
2,16281,1395,0.0,2752,422,15859
7,16288,1396,1.0,2753,422,15866
6,16294,1397,1.0,2754,422,15872
3,16297,1397,0.0,2755,422,15875
5,16302,1397,0.0,2756,422,15880
4,16306,1397,0.0,2757,422,15884
5,16311,1397,0.0,2758,422,15889
6,16317,1398,1.0,2759,422,15895
7,16324,1399,1.0,2760,422,15902
6,16330,1400,1.0,2761,422,15908
8,16338,1401,1.0,2762,422,15916
2,16340,1401,0.0,2763,422,15918
3,16343,1401,0.0,2764,422,15921
6,16349,1402,1.0,2765,422,15927
7,16356,1403,1.0,2766,422,15934
6,16362,1404,1.0,2767,422,15940
3,16365,1404,0.0,2768,422,15943
7,16372,1405,1.0,2769,422,15950
7,16379,1406,1.0,2770,422,15957
3,16382,1406,0.0,2771,422,15960
6,16388,1407,1.0,2772,422,15966
6,16394,1408,1.0,2773,422,15972
4,16398,1408,0.0,2774,422,15976
4,16402,1408,0.0,2775,422,15980
3,16405,1408,0.0,2776,422,15983
8,16413,1409,1.0,2777,422,15991
6,16419,1410,1.0,2778,422,15997
12,16431,1411,1.0,2779,422,16009
7,16438,1411,0.0,2780,422,16016
12,16450,1412,1.0,2781,422,16028
3,16453,1412,0.0,2782,422,16031
9,16462,1413,1.0,2783,422,16040
4,16466,1413,0.0,2784,422,16044
6,16472,1413,0.0,2785,422,16050
6,16478,1413,0.0,2786,422,16056
6,16484,1414,1.0,2787,422,16062
5,16489,1414,0.0,2788,422,16067
7,16496,1415,1.0,2789,422,16074
2,16498,1415,0.0,2790,422,16076
8,16506,1416,1.0,2791,422,16084
6,16512,1417,1.0,2792,422,16090
7,16519,1418,1.0,2793,422,16097
2,16521,1418,0.0,2794,422,16099
2,16523,1418,0.0,2795,422,16101
6,16529,1419,1.0,2796,422,16107
4,16533,1419,0.0,2797,422,16111
6,16539,1420,1.0,2798,422,16117
2,16541,1420,0.0,2799,422,16119
4,16545,1420,0.0,2800,422,16123
2,16547,1420,0.0,2801,422,16125
4,16551,1420,0.0,2802,422,16129
2,16553,1420,0.0,2803,422,16131
2,16555,1420,0.0,2804,422,16133
4,16559,1420,0.0,2805,422,16137
7,16566,1421,1.0,2806,422,16144
3,16569,1421,0.0,2807,422,16147
2,16571,1421,0.0,2808,422,16149
6,16577,1422,1.0,2809,422,16155
6,16583,1423,1.0,2810,422,16161
7,16590,1424,1.0,2811,422,16168
3,16593,1424,0.0,2812,422,16171
8,16601,1425,1.0,2813,422,16179
6,16607,1426,1.0,2814,422,16185
3,16610,1426,0.0,2815,422,16188
8,16618,1427,1.0,2816,422,16196
4,16622,1427,0.0,2817,422,16200
8,16630,1427,0.0,2818,422,16208
7,16637,1428,1.0,2819,422,16215
8,16645,1429,1.0,2820,422,16223
6,16651,1429,0.0,2821,422,16229
6,16657,1430,1.0,2822,422,16235
7,16664,1431,1.0,2823,422,16242
7,16671,1432,1.0,2824,422,16249
7,16678,1433,1.0,2825,422,16256
2,16680,1433,0.0,2826,422,16258
4,16684,1433,0.0,2827,422,16262
6,16690,1433,0.0,2828,422,16268
3,16693,1433,0.0,2829,422,16271
6,16699,1434,1.0,2830,422,16277
7,16706,1435,1.0,2831,422,16284
7,16713,1436,1.0,2832,422,16291
2,16715,1436,0.0,2833,422,16293
7,16722,1437,1.0,2834,422,16300
6,16728,1438,1.0,2835,422,16306
6,16734,1439,1.0,2836,422,16312
3,16737,1439,0.0,2837,422,16315
6,16743,1440,1.0,2838,422,16321
9,16752,1441,1.0,2839,422,16330
10,16762,1441,0.0,2840,422,16340
11,16773,1441,0.0,2841,422,16351
9,16782,1442,1.0,2842,422,16360
7,16789,1442,0.0,2843,422,16367
5,16794,1442,0.0,2844,422,16372
3,16797,1442,0.0,2845,422,16375
3,16800,1442,0.0,2846,422,16378
5,16805,1442,0.0,2847,422,16383
6,16811,1443,1.0,2848,422,16389
6,16817,1443,0.0,2849,422,16395
2,16819,1443,0.0,2850,422,16397
9,16828,1444,1.0,2851,422,16406
6,16834,1445,1.0,2852,422,16412
7,16841,1445,0.0,2853,422,16419
14,16855,1446,1.0,2854,422,16433
2,16857,1446,0.0,2855,422,16435
2,16859,1446,0.0,2856,422,16437
9,16868,1447,1.0,2857,422,16446
3,16871,1447,0.0,2858,422,16449
7,16878,1448,1.0,2859,422,16456
6,16884,1449,1.0,2860,422,16462
10,16894,1449,0.0,2861,422,16472
7,16901,1450,1.0,2862,422,16479
6,16907,1451,1.0,2863,422,16485
6,16913,1452,1.0,2864,422,16491
3,16916,1452,0.0,2865,422,16494
10,16926,1453,1.0,2866,422,16504
3,16929,1453,0.0,2867,422,16507
2,16931,1453,0.0,2868,422,16509
6,16937,1454,1.0,2869,422,16515
4,16941,1454,0.0,2870,422,16519
8,16949,1455,1.0,2871,422,16527
5,16954,1455,0.0,2872,422,16532
6,16960,1456,1.0,2873,422,16538
9,16969,1457,1.0,2874,422,16547
6,16975,1458,1.0,2875,422,16553
7,16982,1459,1.0,2876,422,16560
6,16988,1460,1.0,2877,422,16566
4,16992,1460,0.0,2878,422,16570
7,16999,1461,1.0,2879,422,16577
2,17001,1461,0.0,2880,422,16579
2,17003,1461,0.0,2881,422,16581
6,17009,1462,1.0,2882,422,16587
6,17015,1463,1.0,2883,422,16593
6,17021,1464,1.0,2884,422,16599
9,17030,1465,1.0,2885,422,16608
6,17036,1466,1.0,2886,422,16614
2,17038,1466,0.0,2887,422,16616
12,17050,1467,1.0,2888,422,16628
4,17054,1467,0.0,2889,422,16632
8,17062,1468,1.0,2890,422,16640
4,17066,1468,0.0,2891,422,16644
2,17068,1468,0.0,2892,422,16646
4,17072,1468,0.0,2893,422,16650
4,17076,1468,0.0,2894,422,16654
6,17082,1468,0.0,2895,422,16660
8,17090,1469,1.0,2896,422,16668
6,17096,1470,1.0,2897,422,16674
12,17108,1470,0.0,2898,422,16686
2,17110,1470,0.0,2899,422,16688
2,17112,1470,0.0,2900,422,16690
7,17119,1471,1.0,2901,422,16697
8,17127,1472,1.0,2902,422,16705
14,17141,1473,1.0,2903,422,16719
5,17146,1473,0.0,2904,422,16724
6,17152,1473,0.0,2905,422,16730
3,17155,1473,0.0,2906,422,16733
5,17160,1473,0.0,2907,422,16738
11,17171,1474,1.0,2908,422,16749
7,17178,1475,1.0,2909,422,16756
4,17182,1475,0.0,2910,422,16760
6,17188,1476,1.0,2911,422,16766
8,17196,1477,1.0,2912,422,16774
3,17199,1477,0.0,2913,422,16777
5,17204,1477,0.0,2914,422,16782
16,17220,1477,0.0,2915,422,16798
2,17222,1477,0.0,2916,422,16800
2,17224,1477,0.0,2917,422,16802
2,17226,1477,0.0,2918,422,16804
6,17232,1478,1.0,2919,422,16810
8,17240,1478,0.0,2920,422,16818
2,17242,1478,0.0,2921,422,16820
6,17248,1479,1.0,2922,422,16826
6,17254,1480,1.0,2923,422,16832
2,17256,1480,0.0,2924,422,16834
8,17264,1480,0.0,2925,422,16842
8,17272,1481,1.0,2926,422,16850
6,17278,1482,1.0,2927,422,16856
8,17286,1483,1.0,2928,422,16864
2,17288,1483,0.0,2929,422,16866
6,17294,1484,1.0,2930,422,16872
6,17300,1485,1.0,2931,422,16878
8,17308,1486,1.0,2932,422,16886
2,17310,1486,0.0,2933,422,16888
5,17315,1486,0.0,2934,422,16893
3,17318,1486,0.0,2935,422,16896
6,17324,1487,1.0,2936,422,16902
6,17330,1488,1.0,2937,422,16908
7,17337,1489,1.0,2938,422,16915
2,17339,1489,0.0,2939,422,16917
6,17345,1490,1.0,2940,422,16923
6,17351,1490,0.0,2941,422,16929
9,17360,1491,1.0,2942,422,16938
2,17362,1491,0.0,2943,422,16940
3,17365,1491,0.0,2944,422,16943
2,17367,1491,0.0,2945,422,16945
7,17374,1492,1.0,2946,422,16952
10,17384,1493,1.0,2947,422,16962
8,17392,1494,1.0,2948,422,16970
2,17394,1494,0.0,2949,422,16972
9,17403,1495,1.0,2950,422,16981
8,17411,1495,0.0,2951,422,16989
6,17417,1496,1.0,2952,422,16995
3,17420,1496,0.0,2953,422,16998
6,17426,1497,1.0,2954,422,17004
10,17436,1498,1.0,2955,422,17014
2,17438,1498,0.0,2956,422,17016
8,17446,1499,1.0,2957,422,17024
3,17449,1499,0.0,2958,422,17027
6,17455,1500,1.0,2959,422,17033
2,17457,1500,0.0,2960,422,17035
7,17464,1501,1.0,2961,422,17042
6,17470,1502,1.0,2962,422,17048
6,17476,1503,1.0,2963,422,17054
5,17481,1503,0.0,2964,422,17059
8,17489,1504,1.0,2965,422,17067
6,17495,1505,1.0,2966,422,17073
6,17501,1506,1.0,2967,422,17079
9,17510,1507,1.0,2968,422,17088
5,17515,1507,0.0,2969,422,17093
3,17518,1507,0.0,2970,422,17096
6,17524,1508,1.0,2971,422,17102
5,17529,1508,0.0,2972,422,17107
10,17539,1509,1.0,2973,422,17117
7,17546,1510,1.0,2974,422,17124
3,17549,1510,0.0,2975,422,17127
2,17551,1510,0.0,2976,422,17129
2,17553,1510,0.0,2977,422,17131
6,17559,1511,1.0,2978,422,17137
9,17568,1512,1.0,2979,422,17146
3,17571,1512,0.0,2980,422,17149
15,17586,1513,1.0,2981,422,17164
6,17592,1514,1.0,2982,422,17170
3,17595,1514,0.0,2983,422,17173
4,17599,1514,0.0,2984,422,17177
7,17606,1515,1.0,2985,422,17184
11,17617,1516,1.0,2986,422,17195
8,17625,1517,1.0,2987,422,17203
6,17631,1518,1.0,2988,422,17209
5,17636,1518,0.0,2989,422,17214
6,17642,1519,1.0,2990,422,17220
4,17646,1519,0.0,2991,422,17224
2,17648,1519,0.0,2992,422,17226
6,17654,1520,1.0,2993,422,17232
7,17661,1521,1.0,2994,422,17239
2,17663,1521,0.0,2995,422,17241
10,17673,1521,0.0,2996,422,17251
2,17675,1521,0.0,2997,422,17253
2,17677,1521,0.0,2998,422,17255
6,17683,1522,1.0,2999,422,17261
5,17688,1522,0.0,3000,422,17266
3,17691,1522,0.0,3001,422,17269
8,17699,1523,1.0,3002,422,17277
4,17703,1523,0.0,3003,422,17281
3,17706,1523,0.0,3004,422,17284
3,17709,1523,0.0,3005,422,17287
3,17712,1523,0.0,3006,422,17290
11,17723,1524,1.0,3007,422,17301
4,17727,1524,0.0,3008,422,17305
2,17729,1524,0.0,3009,422,17307
4,17733,1524,0.0,3010,422,17311
6,17739,1525,1.0,3011,422,17317
2,17741,1525,0.0,3012,422,17319
6,17747,1526,1.0,3013,422,17325
7,17754,1527,1.0,3014,422,17332
6,17760,1528,1.0,3015,422,17338
2,17762,1528,0.0,3016,422,17340
10,17772,1529,1.0,3017,422,17350
8,17780,1530,1.0,3018,422,17358
3,17783,1530,0.0,3019,422,17361
4,17787,1530,0.0,3020,422,17365
7,17794,1531,1.0,3021,422,17372
9,17803,1532,1.0,3022,422,17381
8,17811,1533,1.0,3023,422,17389
2,17813,1533,0.0,3024,422,17391
9,17822,1534,1.0,3025,422,17400
6,17828,1535,1.0,3026,422,17406
7,17835,1536,1.0,3027,422,17413
7,17842,1537,1.0,3028,422,17420
7,17849,1538,1.0,3029,422,17427
6,17855,1539,1.0,3030,422,17433
3,17858,1539,0.0,3031,422,17436
7,17865,1540,1.0,3032,422,17443
4,17869,1540,0.0,3033,422,17447
4,17873,1540,0.0,3034,422,17451
11,17884,1541,1.0,3035,422,17462
2,17886,1541,0.0,3036,422,17464
2,17888,1541,0.0,3037,422,17466
7,17895,1542,1.0,3038,422,17473
6,17901,1543,1.0,3039,422,17479
2,17903,1543,0.0,3040,422,17481
16,17919,1544,1.0,3041,422,17497
9,17928,1545,1.0,3042,422,17506
6,17934,1546,1.0,3043,422,17512
6,17940,1547,1.0,3044,422,17518
4,17944,1547,0.0,3045,422,17522
6,17950,1548,1.0,3046,422,17528
3,17953,1548,0.0,3047,422,17531
7,17960,1549,1.0,3048,422,17538
6,17966,1549,0.0,3049,422,17544
5,17971,1549,0.0,3050,422,17549
2,17973,1549,0.0,3051,422,17551
6,17979,1550,1.0,3052,422,17557
3,17982,1550,0.0,3053,422,17560
7,17989,1551,1.0,3054,422,17567
6,17995,1552,1.0,3055,422,17573
7,18002,1553,1.0,3056,422,17580
12,18014,1553,0.0,3057,422,17592
8,18022,1554,1.0,3058,422,17600
11,18033,1555,1.0,3059,422,17611
6,18039,1556,1.0,3060,422,17617
6,18045,1557,1.0,3061,422,17623
4,18049,1557,0.0,3062,422,17627
2,18051,1557,0.0,3063,422,17629
6,18057,1558,1.0,3064,422,17635
7,18064,1559,1.0,3065,422,17642
9,18073,1560,1.0,3066,422,17651
2,18075,1560,0.0,3067,422,17653
4,18079,1560,0.0,3068,422,17657
8,18087,1560,0.0,3069,422,17665
9,18096,1561,1.0,3070,422,17674
2,18098,1561,0.0,3071,422,17676
7,18105,1562,1.0,3072,422,17683
4,18109,1562,0.0,3073,422,17687
3,18112,1562,0.0,3074,422,17690
6,18118,1563,1.0,3075,422,17696
2,18120,1563,0.0,3076,422,17698
2,18122,1563,0.0,3077,422,17700
5,18127,1563,0.0,3078,422,17705
10,18137,1564,1.0,3079,422,17715
3,18140,1564,0.0,3080,422,17718
8,18148,1565,1.0,3081,422,17726
7,18155,1566,1.0,3082,422,17733
10,18165,1567,1.0,3083,422,17743
4,18169,1567,0.0,3084,422,17747
10,18179,1568,1.0,3085,422,17757
7,18186,1569,1.0,3086,422,17764
7,18193,1570,1.0,3087,422,17771
9,18202,1571,1.0,3088,422,17780
7,18209,1572,1.0,3089,422,17787
4,18213,1572,0.0,3090,422,17791
6,18219,1573,1.0,3091,422,17797
6,18225,1574,1.0,3092,422,17803
6,18231,1575,1.0,3093,422,17809
4,18235,1575,0.0,3094,422,17813
6,18241,1575,0.0,3095,422,17819
8,18249,1576,1.0,3096,422,17827
7,18256,1577,1.0,3097,422,17834
2,18258,1577,0.0,3098,422,17836
6,18264,1578,1.0,3099,422,17842
5,18269,1578,0.0,3100,422,17847
6,18275,1579,1.0,3101,422,17853
11,18286,1580,1.0,3102,422,17864
7,18293,1581,1.0,3103,422,17871
7,18300,1582,1.0,3104,422,17878
5,18305,1582,0.0,3105,422,17883
3,18308,1582,0.0,3106,422,17886
2,18310,1582,0.0,3107,422,17888
8,18318,1583,1.0,3108,422,17896
9,18327,1583,0.0,3109,422,17905
9,18336,1584,1.0,3110,422,17914
8,18344,1584,0.0,3111,422,17922
9,18353,1585,1.0,3112,422,17931
3,18356,1585,0.0,3113,422,17934
7,18363,1586,1.0,3114,422,17941
3,18366,1586,0.0,3115,422,17944
3,18369,1586,0.0,3116,422,17947
2,18371,1586,0.0,3117,422,17949
6,18377,1587,1.0,3118,422,17955
5,18382,1587,0.0,3119,422,17960
10,18392,1588,1.0,3120,422,17970
17,18409,1589,1.0,3121,422,17987
3,18412,1589,0.0,3122,422,17990
6,18418,1590,1.0,3123,422,17996
6,18424,1591,1.0,3124,422,18002
6,18430,1592,1.0,3125,422,18008
10,18440,1593,1.0,3126,422,18018
6,18446,1594,1.0,3127,422,18024
6,18452,1595,1.0,3128,422,18030
6,18458,1596,1.0,3129,422,18036
6,18464,1596,0.0,3130,422,18042
5,18469,1596,0.0,3131,422,18047
6,18475,1597,1.0,3132,422,18053
8,18483,1598,1.0,3133,422,18061
6,18489,1599,1.0,3134,422,18067
3,18492,1599,0.0,3135,422,18070
6,18498,1600,1.0,3136,422,18076
7,18505,1601,1.0,3137,422,18083
7,18512,1602,1.0,3138,422,18090
4,18516,1602,0.0,3139,422,18094
2,18518,1602,0.0,3140,422,18096
8,18526,1603,1.0,3141,422,18104
6,18532,1603,0.0,3142,422,18110
7,18539,1604,1.0,3143,422,18117
10,18549,1605,1.0,3144,422,18127
2,18551,1605,0.0,3145,422,18129
5,18556,1605,0.0,3146,422,18134
2,18558,1605,0.0,3147,422,18136
4,18562,1605,0.0,3148,422,18140
6,18568,1606,1.0,3149,422,18146
7,18575,1607,1.0,3150,422,18153
5,18580,1607,0.0,3151,422,18158
5,18585,1607,0.0,3152,422,18163
6,18591,1608,1.0,3153,422,18169
4,18595,1608,0.0,3154,422,18173
6,18601,1609,1.0,3155,422,18179
6,18607,1610,1.0,3156,422,18185
6,18613,1611,1.0,3157,422,18191
12,18625,1612,1.0,3158,422,18203
7,18632,1613,1.0,3159,422,18210
4,18636,1613,0.0,3160,422,18214
3,18639,1613,0.0,3161,422,18217
6,18645,1614,1.0,3162,422,18223
6,18651,1615,1.0,3163,422,18229
6,18657,1616,1.0,3164,422,18235
4,18661,1616,0.0,3165,422,18239
7,18668,1617,1.0,3166,422,18246
7,18675,1618,1.0,3167,422,18253
7,18682,1619,1.0,3168,422,18260
4,18686,1619,0.0,3169,422,18264
2,18688,1619,0.0,3170,422,18266
6,18694,1620,1.0,3171,422,18272
13,18707,1621,1.0,3172,422,18285
6,18713,1622,1.0,3173,422,18291
9,18722,1623,1.0,3174,422,18300
3,18725,1623,0.0,3175,422,18303
4,18729,1623,0.0,3176,422,18307
3,18732,1623,0.0,3177,422,18310
6,18738,1624,1.0,3178,422,18316
8,18746,1625,1.0,3179,422,18324
6,18752,1626,1.0,3180,422,18330
9,18761,1627,1.0,3181,422,18339
2,18763,1627,0.0,3182,422,18341
7,18770,1628,1.0,3183,422,18348
6,18776,1628,0.0,3184,422,18354
2,18778,1628,0.0,3185,422,18356
8,18786,1629,1.0,3186,422,18364
9,18795,1630,1.0,3187,422,18373
6,18801,1631,1.0,3188,422,18379
7,18808,1632,1.0,3189,422,18386
7,18815,1633,1.0,3190,422,18393
6,18821,1634,1.0,3191,422,18399
2,18823,1634,0.0,3192,422,18401
8,18831,1635,1.0,3193,422,18409
5,18836,1635,0.0,3194,422,18414
2,18838,1635,0.0,3195,422,18416
3,18841,1635,0.0,3196,422,18419
3,18844,1635,0.0,3197,422,18422
6,18850,1636,1.0,3198,422,18428
11,18861,1637,1.0,3199,422,18439
7,18868,1638,1.0,3200,422,18446
8,18876,1638,0.0,3201,422,18454
18,18894,1639,1.0,3202,422,18472
6,18900,1640,1.0,3203,422,18478
8,18908,1641,1.0,3204,422,18486
7,18915,1642,1.0,3205,422,18493
2,18917,1642,0.0,3206,422,18495
2,18919,1642,0.0,3207,422,18497
6,18925,1643,1.0,3208,422,18503
6,18931,1644,1.0,3209,422,18509
9,18940,1645,1.0,3210,422,18518
6,18946,1646,1.0,3211,422,18524
3,18949,1646,0.0,3212,422,18527
9,18958,1647,1.0,3213,422,18536
13,18971,1648,1.0,3214,422,18549
7,18978,1649,1.0,3215,422,18556
3,18981,1649,0.0,3216,422,18559
2,18983,1649,0.0,3217,422,18561
3,18986,1649,0.0,3218,422,18564
6,18992,1650,1.0,3219,422,18570
3,18995,1650,0.0,3220,422,18573
6,19001,1651,1.0,3221,422,18579
9,19010,1652,1.0,3222,422,18588
6,19016,1653,1.0,3223,422,18594
6,19022,1654,1.0,3224,422,18600
6,19028,1655,1.0,3225,422,18606
8,19036,1656,1.0,3226,422,18614
8,19044,1657,1.0,3227,422,18622
7,19051,1658,1.0,3228,422,18629
12,19063,1659,1.0,3229,422,18641
5,19068,1659,0.0,3230,422,18646
12,19080,1660,1.0,3231,422,18658
7,19087,1661,1.0,3232,422,18665
7,19094,1662,1.0,3233,422,18672
4,19098,1662,0.0,3234,422,18676
7,19105,1663,1.0,3235,422,18683
6,19111,1664,1.0,3236,422,18689
7,19118,1665,1.0,3237,422,18696
7,19125,1666,1.0,3238,422,18703
6,19131,1667,1.0,3239,422,18709
4,19135,1667,0.0,3240,422,18713
6,19141,1667,0.0,3241,422,18719
7,19148,1668,1.0,3242,422,18726
2,19150,1668,0.0,3243,422,18728
6,19156,1669,1.0,3244,422,18734
6,19162,1670,1.0,3245,422,18740
6,19168,1671,1.0,3246,422,18746
6,19174,1671,0.0,3247,422,18752
6,19180,1672,1.0,3248,422,18758
7,19187,1673,1.0,3249,422,18765
2,19189,1673,0.0,3250,422,18767
3,19192,1673,0.0,3251,422,18770
9,19201,1674,1.0,3252,422,18779
13,19214,1675,1.0,3253,422,18792
7,19221,1676,1.0,3254,422,18799
5,19226,1676,0.0,3255,422,18804
4,19230,1676,0.0,3256,422,18808
3,19233,1676,0.0,3257,422,18811
7,19240,1677,1.0,3258,422,18818
9,19249,1678,1.0,3259,422,18827
10,19259,1679,1.0,3260,422,18837
7,19266,1680,1.0,3261,422,18844
9,19275,1681,1.0,3262,422,18853
7,19282,1682,1.0,3263,422,18860
6,19288,1683,1.0,3264,422,18866
7,19295,1684,1.0,3265,422,18873
7,19302,1685,1.0,3266,422,18880
8,19310,1686,1.0,3267,422,18888
8,19318,1687,1.0,3268,422,18896
3,19321,1687,0.0,3269,422,18899
9,19330,1687,0.0,3270,422,18908
14,19344,1688,1.0,3271,422,18922
13,19357,1688,0.0,3272,422,18935
6,19363,1689,1.0,3273,422,18941
6,19369,1690,1.0,3274,422,18947
9,19378,1691,1.0,3275,422,18956
6,19384,1692,1.0,3276,422,18962
2,19386,1692,0.0,3277,422,18964
8,19394,1693,1.0,3278,422,18972
7,19401,1694,1.0,3279,422,18979
7,19408,1694,0.0,3280,422,18986
8,19416,1695,1.0,3281,422,18994
6,19422,1696,1.0,3282,422,19000
14,19436,1697,1.0,3283,422,19014
6,19442,1698,1.0,3284,422,19020
10,19452,1699,1.0,3285,422,19030
6,19458,1700,1.0,3286,422,19036
6,19464,1701,1.0,3287,422,19042
2,19466,1701,0.0,3288,422,19044
6,19472,1702,1.0,3289,422,19050
3,19475,1702,0.0,3290,422,19053
2,19477,1702,0.0,3291,422,19055
11,19488,1703,1.0,3292,422,19066
7,19495,1704,1.0,3293,422,19073
10,19505,1705,1.0,3294,422,19083
9,19514,1706,1.0,3295,422,19092
5,19519,1706,0.0,3296,422,19097
2,19521,1706,0.0,3297,422,19099
14,19535,1707,1.0,3298,422,19113
6,19541,1707,0.0,3299,422,19119
6,19547,1708,1.0,3300,422,19125
3,19550,1708,0.0,3301,422,19128
6,19556,1708,0.0,3302,422,19134
6,19562,1709,1.0,3303,422,19140
9,19571,1710,1.0,3304,422,19149
5,19576,1710,0.0,3305,422,19154
7,19583,1711,1.0,3306,422,19161
4,19587,1711,0.0,3307,422,19165
11,19598,1711,0.0,3308,422,19176
6,19604,1712,1.0,3309,422,19182
13,19617,1713,1.0,3310,422,19195
3,19620,1713,0.0,3311,422,19198
14,19634,1714,1.0,3312,422,19212
2,19636,1714,0.0,3313,422,19214
6,19642,1715,1.0,3314,422,19220
9,19651,1716,1.0,3315,422,19229
12,19663,1717,1.0,3316,422,19241
8,19671,1718,1.0,3317,422,19249
6,19677,1718,0.0,3318,422,19255
9,19686,1719,1.0,3319,422,19264
9,19695,1720,1.0,3320,422,19273
7,19702,1720,0.0,3321,422,19280
9,19711,1721,1.0,3322,422,19289
7,19718,1722,1.0,3323,422,19296
4,19722,1722,0.0,3324,422,19300
5,19727,1722,0.0,3325,422,19305
7,19734,1723,1.0,3326,422,19312
10,19744,1724,1.0,3327,422,19322
2,19746,1724,0.0,3328,422,19324
8,19754,1725,1.0,3329,422,19332
6,19760,1726,1.0,3330,422,19338
11,19771,1726,0.0,3331,422,19349
11,19782,1727,1.0,3332,422,19360
2,19784,1727,0.0,3333,422,19362
9,19793,1727,0.0,3334,422,19371
5,19798,1727,0.0,3335,422,19376
10,19808,1728,1.0,3336,422,19386
8,19816,1729,1.0,3337,422,19394
6,19822,1730,1.0,3338,422,19400
7,19829,1731,1.0,3339,422,19407
7,19836,1732,1.0,3340,422,19414
6,19842,1733,1.0,3341,422,19420
5,19847,1733,0.0,3342,422,19425
6,19853,1734,1.0,3343,422,19431
4,19857,1734,0.0,3344,422,19435
6,19863,1735,1.0,3345,422,19441
6,19869,1736,1.0,3346,422,19447
3,19872,1736,0.0,3347,422,19450
10,19882,1737,1.0,3348,422,19460
9,19891,1738,1.0,3349,422,19469
5,19896,1738,0.0,3350,422,19474
6,19902,1738,0.0,3351,422,19480
5,19907,1738,0.0,3352,422,19485
11,19918,1739,1.0,3353,422,19496
6,19924,1739,0.0,3354,422,19502
9,19933,1740,1.0,3355,422,19511
4,19937,1740,0.0,3356,422,19515
4,19941,1740,0.0,3357,422,19519
3,19944,1740,0.0,3358,422,19522
14,19958,1741,1.0,3359,422,19536
3,19961,1741,0.0,3360,422,19539
7,19968,1741,0.0,3361,422,19546
2,19970,1741,0.0,3362,422,19548
11,19981,1742,1.0,3363,422,19559
8,19989,1743,1.0,3364,422,19567
6,19995,1744,1.0,3365,422,19573
11,20006,1744,0.0,3366,422,19584
3,20009,1744,0.0,3367,422,19587
6,20015,1745,1.0,3368,422,19593
6,20021,1746,1.0,3369,422,19599
6,20027,1747,1.0,3370,422,19605
8,20035,1748,1.0,3371,422,19613
9,20044,1749,1.0,3372,422,19622
7,20051,1750,1.0,3373,422,19629
7,20058,1751,1.0,3374,422,19636
5,20063,1751,0.0,3375,422,19641
6,20069,1752,1.0,3376,422,19647
4,20073,1752,0.0,3377,422,19651
5,20078,1752,0.0,3378,422,19656
3,20081,1752,0.0,3379,422,19659
9,20090,1753,1.0,3380,422,19668
6,20096,1754,1.0,3381,422,19674
6,20102,1755,1.0,3382,422,19680
8,20110,1756,1.0,3383,422,19688
6,20116,1757,1.0,3384,422,19694
6,20122,1758,1.0,3385,422,19700
6,20128,1759,1.0,3386,422,19706
6,20134,1760,1.0,3387,422,19712
8,20142,1761,1.0,3388,422,19720
6,20148,1762,1.0,3389,422,19726
2,20150,1762,0.0,3390,422,19728
9,20159,1763,1.0,3391,422,19737
8,20167,1764,1.0,3392,422,19745
3,20170,1764,0.0,3393,422,19748
6,20176,1765,1.0,3394,422,19754
9,20185,1766,1.0,3395,422,19763
9,20194,1767,1.0,3396,422,19772
2,20196,1767,0.0,3397,422,19774
10,20206,1768,1.0,3398,422,19784
2,20208,1768,0.0,3399,422,19786
2,20210,1768,0.0,3400,422,19788
6,20216,1769,1.0,3401,422,19794
8,20224,1770,1.0,3402,422,19802
4,20228,1770,0.0,3403,422,19806
5,20233,1770,0.0,3404,422,19811
6,20239,1771,1.0,3405,422,19817
6,20245,1772,1.0,3406,422,19823
6,20251,1773,1.0,3407,422,19829
11,20262,1773,0.0,3408,422,19840
6,20268,1774,1.0,3409,422,19846
6,20274,1775,1.0,3410,422,19852
6,20280,1776,1.0,3411,422,19858
4,20284,1776,0.0,3412,422,19862
5,20289,1776,0.0,3413,422,19867
11,20300,1777,1.0,3414,422,19878
7,20307,1778,1.0,3415,422,19885
6,20313,1779,1.0,3416,422,19891
4,20317,1779,0.0,3417,422,19895
3,20320,1779,0.0,3418,422,19898
2,20322,1779,0.0,3419,422,19900
7,20329,1780,1.0,3420,422,19907
10,20339,1781,1.0,3421,422,19917
7,20346,1782,1.0,3422,422,19924
7,20353,1783,1.0,3423,422,19931
2,20355,1783,0.0,3424,422,19933
2,20357,1783,0.0,3425,422,19935
9,20366,1784,1.0,3426,422,19944
5,20371,1784,0.0,3427,422,19949
7,20378,1785,1.0,3428,422,19956
9,20387,1786,1.0,3429,422,19965
7,20394,1787,1.0,3430,422,19972
6,20400,1788,1.0,3431,422,19978
2,20402,1788,0.0,3432,422,19980
2,20404,1788,0.0,3433,422,19982
6,20410,1789,1.0,3434,422,19988
6,20416,1790,1.0,3435,422,19994
7,20423,1791,1.0,3436,422,20001
13,20436,1792,1.0,3437,422,20014
6,20442,1793,1.0,3438,422,20020
12,20454,1794,1.0,3439,422,20032
7,20461,1795,1.0,3440,422,20039
9,20470,1796,1.0,3441,422,20048
10,20480,1797,1.0,3442,422,20058
7,20487,1798,1.0,3443,422,20065
4,20491,1798,0.0,3444,422,20069
7,20498,1799,1.0,3445,422,20076
6,20504,1800,1.0,3446,422,20082
8,20512,1800,0.0,3447,422,20090
7,20519,1801,1.0,3448,422,20097
3,20522,1801,0.0,3449,422,20100
12,20534,1802,1.0,3450,422,20112
10,20544,1803,1.0,3451,422,20122
7,20551,1804,1.0,3452,422,20129
10,20561,1805,1.0,3453,422,20139
8,20569,1806,1.0,3454,422,20147
7,20576,1807,1.0,3455,422,20154
11,20587,1808,1.0,3456,422,20165
4,20591,1808,0.0,3457,422,20169
4,20595,1808,0.0,3458,422,20173
2,20597,1808,0.0,3459,422,20175
7,20604,1809,1.0,3460,422,20182
4,20608,1809,0.0,3461,422,20186
11,20619,1810,1.0,3462,422,20197
6,20625,1811,1.0,3463,422,20203
6,20631,1812,1.0,3464,422,20209
4,20635,1812,0.0,3465,422,20213
10,20645,1813,1.0,3466,422,20223
7,20652,1814,1.0,3467,422,20230
12,20664,1815,1.0,3468,422,20242
2,20666,1815,0.0,3469,422,20244
7,20673,1816,1.0,3470,422,20251
8,20681,1817,1.0,3471,422,20259
6,20687,1818,1.0,3472,422,20265
8,20695,1819,1.0,3473,422,20273
4,20699,1819,0.0,3474,422,20277
4,20703,1819,0.0,3475,422,20281
7,20710,1820,1.0,3476,422,20288
12,20722,1820,0.0,3477,422,20300
6,20728,1821,1.0,3478,422,20306
6,20734,1822,1.0,3479,422,20312
5,20739,1822,0.0,3480,422,20317
10,20749,1823,1.0,3481,422,20327
6,20755,1824,1.0,3482,422,20333
3,20758,1824,0.0,3483,422,20336
3,20761,1824,0.0,3484,422,20339
6,20767,1825,1.0,3485,422,20345
9,20776,1826,1.0,3486,422,20354
8,20784,1827,1.0,3487,422,20362
12,20796,1828,1.0,3488,422,20374
8,20804,1829,1.0,3489,422,20382
6,20810,1830,1.0,3490,422,20388
4,20814,1830,0.0,3491,422,20392
11,20825,1831,1.0,3492,422,20403
8,20833,1832,1.0,3493,422,20411
6,20839,1832,0.0,3494,422,20417
6,20845,1833,1.0,3495,422,20423
8,20853,1833,0.0,3496,422,20431
3,20856,1833,0.0,3497,422,20434
6,20862,1834,1.0,3498,422,20440
6,20868,1835,1.0,3499,422,20446
7,20875,1836,1.0,3500,422,20453
9,20884,1837,1.0,3501,422,20462
6,20890,1838,1.0,3502,422,20468
3,20893,1838,0.0,3503,422,20471
3,20896,1838,0.0,3504,422,20474
2,20898,1838,0.0,3505,422,20476
5,20903,1838,0.0,3506,422,20481
6,20909,1839,1.0,3507,422,20487
14,20923,1840,1.0,3508,422,20501
6,20929,1841,1.0,3509,422,20507
4,20933,1841,0.0,3510,422,20511
4,20937,1841,0.0,3511,422,20515
3,20940,1841,0.0,3512,422,20518
6,20946,1842,1.0,3513,422,20524
5,20951,1842,0.0,3514,422,20529
7,20958,1843,1.0,3515,422,20536
4,20962,1843,0.0,3516,422,20540
2,20964,1843,0.0,3517,422,20542
3,20967,1843,0.0,3518,422,20545
5,20972,1843,0.0,3519,422,20550
4,20976,1843,0.0,3520,422,20554
9,20985,1844,1.0,3521,422,20563
3,20988,1844,0.0,3522,422,20566
11,20999,1844,0.0,3523,422,20577
2,21001,1844,0.0,3524,422,20579
6,21007,1844,0.0,3525,422,20585
6,21013,1844,0.0,3526,422,20591
9,21022,1845,1.0,3527,422,20600
4,21026,1845,0.0,3528,422,20604
6,21032,1846,1.0,3529,422,20610
3,21035,1846,0.0,3530,422,20613
3,21038,1846,0.0,3531,422,20616
6,21044,1847,1.0,3532,422,20622
15,21059,1847,0.0,3533,422,20637
7,21066,1848,1.0,3534,422,20644
6,21072,1848,0.0,3535,422,20650
6,21078,1849,1.0,3536,422,20656
7,21085,1850,1.0,3537,422,20663
4,21089,1850,0.0,3538,422,20667
8,21097,1851,1.0,3539,422,20675
6,21103,1852,1.0,3540,422,20681
6,21109,1853,1.0,3541,422,20687
2,21111,1853,0.0,3542,422,20689
6,21117,1854,1.0,3543,422,20695
4,21121,1854,0.0,3544,422,20699
6,21127,1855,1.0,3545,422,20705
8,21135,1856,1.0,3546,422,20713
5,21140,1856,0.0,3547,422,20718
9,21149,1857,1.0,3548,422,20727
6,21155,1858,1.0,3549,422,20733
5,21160,1858,0.0,3550,422,20738
7,21167,1859,1.0,3551,422,20745
10,21177,1860,1.0,3552,422,20755
6,21183,1861,1.0,3553,422,20761
9,21192,1862,1.0,3554,422,20770
3,21195,1862,0.0,3555,422,20773
7,21202,1863,1.0,3556,422,20780
2,21204,1863,0.0,3557,422,20782
6,21210,1864,1.0,3558,422,20788
10,21220,1865,1.0,3559,422,20798
6,21226,1866,1.0,3560,422,20804
9,21235,1867,1.0,3561,422,20813
2,21237,1867,0.0,3562,422,20815
6,21243,1868,1.0,3563,422,20821
2,21245,1868,0.0,3564,422,20823
7,21252,1869,1.0,3565,422,20830
3,21255,1869,0.0,3566,422,20833
8,21263,1869,0.0,3567,422,20841
6,21269,1870,1.0,3568,422,20847
7,21276,1871,1.0,3569,422,20854
6,21282,1872,1.0,3570,422,20860
3,21285,1872,0.0,3571,422,20863
6,21291,1873,1.0,3572,422,20869
6,21297,1874,1.0,3573,422,20875
2,21299,1874,0.0,3574,422,20877
5,21304,1874,0.0,3575,422,20882
7,21311,1875,1.0,3576,422,20889
6,21317,1876,1.0,3577,422,20895
7,21324,1877,1.0,3578,422,20902
7,21331,1878,1.0,3579,422,20909
2,21333,1878,0.0,3580,422,20911
6,21339,1879,1.0,3581,422,20917
3,21342,1879,0.0,3582,422,20920
6,21348,1880,1.0,3583,422,20926
11,21359,1881,1.0,3584,422,20937
8,21367,1882,1.0,3585,422,20945
6,21373,1883,1.0,3586,422,20951
6,21379,1884,1.0,3587,422,20957
6,21385,1885,1.0,3588,422,20963
4,21389,1885,0.0,3589,422,20967
7,21396,1886,1.0,3590,422,20974
8,21404,1887,1.0,3591,422,20982
7,21411,1888,1.0,3592,422,20989
7,21418,1889,1.0,3593,422,20996
6,21424,1889,0.0,3594,422,21002
7,21431,1890,1.0,3595,422,21009
6,21437,1891,1.0,3596,422,21015
6,21443,1892,1.0,3597,422,21021
2,21445,1892,0.0,3598,422,21023
6,21451,1893,1.0,3599,422,21029
7,21458,1894,1.0,3600,422,21036
2,21460,1894,0.0,3601,422,21038
3,21463,1894,0.0,3602,422,21041
6,21469,1895,1.0,3603,422,21047
2,21471,1895,0.0,3604,422,21049
3,21474,1895,0.0,3605,422,21052
8,21482,1896,1.0,3606,422,21060
8,21490,1897,1.0,3607,422,21068
15,21505,1898,1.0,3608,422,21083
13,21518,1898,0.0,3609,422,21096
7,21525,1899,1.0,3610,422,21103
6,21531,1900,1.0,3611,422,21109
8,21539,1901,1.0,3612,422,21117
7,21546,1902,1.0,3613,422,21124
10,21556,1903,1.0,3614,422,21134
7,21563,1903,0.0,3615,422,21141
8,21571,1904,1.0,3616,422,21149
11,21582,1905,1.0,3617,422,21160
6,21588,1906,1.0,3618,422,21166
2,21590,1906,0.0,3619,422,21168
3,21593,1906,0.0,3620,422,21171
5,21598,1906,0.0,3621,422,21176
8,21606,1907,1.0,3622,422,21184
9,21615,1908,1.0,3623,422,21193
10,21625,1909,1.0,3624,422,21203
2,21627,1909,0.0,3625,422,21205
7,21634,1910,1.0,3626,422,21212
6,21640,1910,0.0,3627,422,21218
13,21653,1911,1.0,3628,422,21231
10,21663,1912,1.0,3629,422,21241
11,21674,1913,1.0,3630,422,21252
6,21680,1914,1.0,3631,422,21258
6,21686,1915,1.0,3632,422,21264
4,21690,1915,0.0,3633,422,21268
8,21698,1916,1.0,3634,422,21276
7,21705,1916,0.0,3635,422,21283
7,21712,1917,1.0,3636,422,21290
16,21728,1918,1.0,3637,422,21306
3,21731,1918,0.0,3638,422,21309
6,21737,1919,1.0,3639,422,21315
7,21744,1920,1.0,3640,422,21322
2,21746,1920,0.0,3641,422,21324
6,21752,1921,1.0,3642,422,21330
5,21757,1921,0.0,3643,422,21335
11,21768,1922,1.0,3644,422,21346
3,21771,1922,0.0,3645,422,21349
4,21775,1922,0.0,3646,422,21353
8,21783,1923,1.0,3647,422,21361
10,21793,1924,1.0,3648,422,21371
7,21800,1925,1.0,3649,422,21378
3,21803,1925,0.0,3650,422,21381
2,21805,1925,0.0,3651,422,21383
2,21807,1925,0.0,3652,422,21385
2,21809,1925,0.0,3653,422,21387
6,21815,1926,1.0,3654,422,21393
6,21821,1927,1.0,3655,422,21399
7,21828,1928,1.0,3656,422,21406
2,21830,1928,0.0,3657,422,21408
7,21837,1929,1.0,3658,422,21415
9,21846,1930,1.0,3659,422,21424
2,21848,1930,0.0,3660,422,21426
14,21862,1931,1.0,3661,422,21440
4,21866,1931,0.0,3662,422,21444
3,21869,1931,0.0,3663,422,21447
3,21872,1931,0.0,3664,422,21450
9,21881,1932,1.0,3665,422,21459
2,21883,1932,0.0,3666,422,21461
14,21897,1933,1.0,3667,422,21475
6,21903,1933,0.0,3668,422,21481
7,21910,1934,1.0,3669,422,21488
6,21916,1935,1.0,3670,422,21494
2,21918,1935,0.0,3671,422,21496
10,21928,1936,1.0,3672,422,21506
2,21930,1936,0.0,3673,422,21508
2,21932,1936,0.0,3674,422,21510
7,21939,1937,1.0,3675,422,21517
2,21941,1937,0.0,3676,422,21519
4,21945,1937,0.0,3677,422,21523
9,21954,1938,1.0,3678,422,21532
7,21961,1939,1.0,3679,422,21539
6,21967,1940,1.0,3680,422,21545
12,21979,1941,1.0,3681,422,21557
6,21985,1942,1.0,3682,422,21563
4,21989,1942,0.0,3683,422,21567
8,21997,1943,1.0,3684,422,21575
7,22004,1944,1.0,3685,422,21582
3,22007,1944,0.0,3686,422,21585
4,22011,1944,0.0,3687,422,21589
8,22019,1945,1.0,3688,422,21597
6,22025,1946,1.0,3689,422,21603
4,22029,1946,0.0,3690,422,21607
7,22036,1947,1.0,3691,422,21614
3,22039,1947,0.0,3692,422,21617
6,22045,1948,1.0,3693,422,21623
4,22049,1948,0.0,3694,422,21627
6,22055,1949,1.0,3695,422,21633
3,22058,1949,0.0,3696,422,21636
8,22066,1950,1.0,3697,422,21644
4,22070,1950,0.0,3698,422,21648
2,22072,1950,0.0,3699,422,21650
4,22076,1950,0.0,3700,422,21654
16,22092,1951,1.0,3701,422,21670
8,22100,1952,1.0,3702,422,21678
8,22108,1953,1.0,3703,422,21686
5,22113,1953,0.0,3704,422,21691
6,22119,1954,1.0,3705,422,21697
9,22128,1955,1.0,3706,422,21706
8,22136,1956,1.0,3707,422,21714
12,22148,1957,1.0,3708,422,21726
6,22154,1958,1.0,3709,422,21732
8,22162,1959,1.0,3710,422,21740
11,22173,1960,1.0,3711,422,21751
6,22179,1961,1.0,3712,422,21757
7,22186,1962,1.0,3713,422,21764
3,22189,1962,0.0,3714,422,21767
9,22198,1963,1.0,3715,422,21776
8,22206,1964,1.0,3716,422,21784
8,22214,1965,1.0,3717,422,21792
8,22222,1966,1.0,3718,422,21800
10,22232,1967,1.0,3719,422,21810
10,22242,1967,0.0,3720,422,21820
10,22252,1968,1.0,3721,422,21830
6,22258,1969,1.0,3722,422,21836
2,22260,1969,0.0,3723,422,21838
7,22267,1970,1.0,3724,422,21845
4,22271,1970,0.0,3725,422,21849
8,22279,1971,1.0,3726,422,21857
7,22286,1972,1.0,3727,422,21864
7,22293,1973,1.0,3728,422,21871
6,22299,1974,1.0,3729,422,21877
7,22306,1975,1.0,3730,422,21884
5,22311,1975,0.0,3731,422,21889
4,22315,1975,0.0,3732,422,21893
7,22322,1976,1.0,3733,422,21900
6,22328,1977,1.0,3734,422,21906
6,22334,1977,0.0,3735,422,21912
6,22340,1978,1.0,3736,422,21918
8,22348,1979,1.0,3737,422,21926
3,22351,1979,0.0,3738,422,21929
6,22357,1980,1.0,3739,422,21935
6,22363,1980,0.0,3740,422,21941
10,22373,1981,1.0,3741,422,21951
4,22377,1981,0.0,3742,422,21955
6,22383,1982,1.0,3743,422,21961
8,22391,1983,1.0,3744,422,21969
4,22395,1983,0.0,3745,422,21973
8,22403,1984,1.0,3746,422,21981
2,22405,1984,0.0,3747,422,21983
11,22416,1984,0.0,3748,422,21994
6,22422,1985,1.0,3749,422,22000
4,22426,1985,0.0,3750,422,22004
7,22433,1986,1.0,3751,422,22011
7,22440,1987,1.0,3752,422,22018
6,22446,1988,1.0,3753,422,22024
6,22452,1989,1.0,3754,422,22030
2,22454,1989,0.0,3755,422,22032
6,22460,1990,1.0,3756,422,22038
7,22467,1991,1.0,3757,422,22045
8,22475,1991,0.0,3758,422,22053
2,22477,1991,0.0,3759,422,22055
6,22483,1992,1.0,3760,422,22061
7,22490,1993,1.0,3761,422,22068
7,22497,1994,1.0,3762,422,22075
6,22503,1995,1.0,3763,422,22081
4,22507,1995,0.0,3764,422,22085
7,22514,1996,1.0,3765,422,22092
6,22520,1997,1.0,3766,422,22098
8,22528,1998,1.0,3767,422,22106
6,22534,1999,1.0,3768,422,22112
8,22542,2000,1.0,3769,422,22120
15,22557,2000,0.0,3770,422,22135
7,22564,2001,1.0,3771,422,22142
6,22570,2002,1.0,3772,422,22148
6,22576,2003,1.0,3773,422,22154
4,22580,2003,0.0,3774,422,22158
5,22585,2003,0.0,3775,422,22163
7,22592,2004,1.0,3776,422,22170
7,22599,2005,1.0,3777,422,22177
7,22606,2006,1.0,3778,422,22184
8,22614,2006,0.0,3779,422,22192
2,22616,2006,0.0,3780,422,22194
6,22622,2007,1.0,3781,422,22200
5,22627,2007,0.0,3782,422,22205
8,22635,2008,1.0,3783,422,22213
2,22637,2008,0.0,3784,422,22215
2,22639,2008,0.0,3785,422,22217
9,22648,2009,1.0,3786,422,22226
3,22651,2009,0.0,3787,422,22229
14,22665,2010,1.0,3788,422,22243
6,22671,2011,1.0,3789,422,22249
6,22677,2012,1.0,3790,422,22255
3,22680,2012,0.0,3791,422,22258
5,22685,2012,0.0,3792,422,22263
16,22701,2013,1.0,3793,422,22279
6,22707,2014,1.0,3794,422,22285
2,22709,2014,0.0,3795,422,22287
2,22711,2014,0.0,3796,422,22289
6,22717,2015,1.0,3797,422,22295
6,22723,2016,1.0,3798,422,22301
4,22727,2016,0.0,3799,422,22305
6,22733,2017,1.0,3800,422,22311
6,22739,2018,1.0,3801,422,22317
13,22752,2019,1.0,3802,422,22330
7,22759,2020,1.0,3803,422,22337
6,22765,2021,1.0,3804,422,22343
6,22771,2022,1.0,3805,422,22349
10,22781,2022,0.0,3806,422,22359
5,22786,2022,0.0,3807,422,22364
6,22792,2023,1.0,3808,422,22370
5,22797,2023,0.0,3809,422,22375
6,22803,2024,1.0,3810,422,22381
3,22806,2024,0.0,3811,422,22384
2,22808,2024,0.0,3812,422,22386
8,22816,2025,1.0,3813,422,22394
6,22822,2026,1.0,3814,422,22400
6,22828,2026,0.0,3815,422,22406
6,22834,2027,1.0,3816,422,22412
2,22836,2027,0.0,3817,422,22414
6,22842,2028,1.0,3818,422,22420
2,22844,2028,0.0,3819,422,22422
6,22850,2029,1.0,3820,422,22428
9,22859,2030,1.0,3821,422,22437
15,22874,2031,1.0,3822,422,22452
6,22880,2032,1.0,3823,422,22458
9,22889,2033,1.0,3824,422,22467
3,22892,2033,0.0,3825,422,22470
4,22896,2033,0.0,3826,422,22474
3,22899,2033,0.0,3827,422,22477
3,22902,2033,0.0,3828,422,22480
10,22912,2034,1.0,3829,422,22490
2,22914,2034,0.0,3830,422,22492
6,22920,2035,1.0,3831,422,22498
3,22923,2035,0.0,3832,422,22501
7,22930,2035,0.0,3833,422,22508
8,22938,2035,0.0,3834,422,22516
3,22941,2035,0.0,3835,422,22519
3,22944,2035,0.0,3836,422,22522
6,22950,2035,0.0,3837,422,22528
6,22956,2036,1.0,3838,422,22534
6,22962,2037,1.0,3839,422,22540
6,22968,2038,1.0,3840,422,22546
9,22977,2039,1.0,3841,422,22555
7,22984,2040,1.0,3842,422,22562
7,22991,2041,1.0,3843,422,22569
6,22997,2042,1.0,3844,422,22575
7,23004,2043,1.0,3845,422,22582
6,23010,2044,1.0,3846,422,22588
6,23016,2045,1.0,3847,422,22594
16,23032,2046,1.0,3848,422,22610
5,23037,2046,0.0,3849,422,22615
6,23043,2047,1.0,3850,422,22621
7,23050,2048,1.0,3851,422,22628
12,23062,2049,1.0,3852,422,22640
8,23070,2050,1.0,3853,422,22648
6,23076,2051,1.0,3854,422,22654
5,23081,2051,0.0,3855,422,22659
7,23088,2052,1.0,3856,422,22666
11,23099,2053,1.0,3857,422,22677
8,23107,2054,1.0,3858,422,22685
4,23111,2054,0.0,3859,422,22689
6,23117,2055,1.0,3860,422,22695
11,23128,2056,1.0,3861,422,22706
6,23134,2057,1.0,3862,422,22712
5,23139,2057,0.0,3863,422,22717
7,23146,2058,1.0,3864,422,22724
2,23148,2058,0.0,3865,422,22726
2,23150,2058,0.0,3866,422,22728
3,23153,2058,0.0,3867,422,22731
6,23159,2059,1.0,3868,422,22737
4,23163,2059,0.0,3869,422,22741
5,23168,2059,0.0,3870,422,22746
2,23170,2059,0.0,3871,422,22748
6,23176,2060,1.0,3872,422,22754
10,23186,2061,1.0,3873,422,22764
7,23193,2062,1.0,3874,422,22771
10,23203,2063,1.0,3875,422,22781
6,23209,2063,0.0,3876,422,22787
4,23213,2063,0.0,3877,422,22791
2,23215,2063,0.0,3878,422,22793
4,23219,2063,0.0,3879,422,22797
5,23224,2063,0.0,3880,422,22802
6,23230,2064,1.0,3881,422,22808
3,23233,2064,0.0,3882,422,22811
8,23241,2065,1.0,3883,422,22819
4,23245,2065,0.0,3884,422,22823
6,23251,2066,1.0,3885,422,22829
7,23258,2067,1.0,3886,422,22836
2,23260,2067,0.0,3887,422,22838
3,23263,2067,0.0,3888,422,22841
5,23268,2067,0.0,3889,422,22846
4,23272,2067,0.0,3890,422,22850
7,23279,2068,1.0,3891,422,22857
6,23285,2069,1.0,3892,422,22863
7,23292,2070,1.0,3893,422,22870
7,23299,2070,0.0,3894,422,22877
6,23305,2071,1.0,3895,422,22883
6,23311,2072,1.0,3896,422,22889
6,23317,2073,1.0,3897,422,22895
6,23323,2074,1.0,3898,422,22901
6,23329,2075,1.0,3899,422,22907
2,23331,2075,0.0,3900,422,22909
5,23336,2075,0.0,3901,422,22914
11,23347,2076,1.0,3902,422,22925
8,23355,2077,1.0,3903,422,22933
2,23357,2077,0.0,3904,422,22935
3,23360,2077,0.0,3905,422,22938
9,23369,2078,1.0,3906,422,22947
6,23375,2078,0.0,3907,422,22953
8,23383,2079,1.0,3908,422,22961
8,23391,2080,1.0,3909,422,22969
7,23398,2080,0.0,3910,422,22976
4,23402,2080,0.0,3911,422,22980
3,23405,2080,0.0,3912,422,22983
2,23407,2080,0.0,3913,422,22985
11,23418,2080,0.0,3914,422,22996
8,23426,2081,1.0,3915,422,23004
9,23435,2082,1.0,3916,422,23013
9,23444,2083,1.0,3917,422,23022
7,23451,2084,1.0,3918,422,23029
3,23454,2084,0.0,3919,422,23032
7,23461,2085,1.0,3920,422,23039
2,23463,2085,0.0,3921,422,23041
4,23467,2085,0.0,3922,422,23045
6,23473,2086,1.0,3923,422,23051
4,23477,2086,0.0,3924,422,23055
7,23484,2087,1.0,3925,422,23062
6,23490,2088,1.0,3926,422,23068
8,23498,2089,1.0,3927,422,23076
6,23504,2090,1.0,3928,422,23082
7,23511,2091,1.0,3929,422,23089
6,23517,2092,1.0,3930,422,23095
2,23519,2092,0.0,3931,422,23097
6,23525,2093,1.0,3932,422,23103
2,23527,2093,0.0,3933,422,23105
2,23529,2093,0.0,3934,422,23107
6,23535,2094,1.0,3935,422,23113
12,23547,2095,1.0,3936,422,23125
7,23554,2095,0.0,3937,422,23132
11,23565,2095,0.0,3938,422,23143
4,23569,2095,0.0,3939,422,23147
6,23575,2096,1.0,3940,422,23153
8,23583,2096,0.0,3941,422,23161
6,23589,2097,1.0,3942,422,23167
3,23592,2097,0.0,3943,422,23170
6,23598,2098,1.0,3944,422,23176
6,23604,2099,1.0,3945,422,23182
6,23610,2100,1.0,3946,422,23188
9,23619,2100,0.0,3947,422,23197
3,23622,2100,0.0,3948,422,23200
2,23624,2100,0.0,3949,422,23202
8,23632,2101,1.0,3950,422,23210
8,23640,2102,1.0,3951,422,23218
7,23647,2103,1.0,3952,422,23225
7,23654,2104,1.0,3953,422,23232
12,23666,2104,0.0,3954,422,23244
10,23676,2105,1.0,3955,422,23254
7,23683,2106,1.0,3956,422,23261
8,23691,2107,1.0,3957,422,23269
4,23695,2107,0.0,3958,422,23273
6,23701,2108,1.0,3959,422,23279
2,23703,2108,0.0,3960,422,23281
6,23709,2109,1.0,3961,422,23287
6,23715,2110,1.0,3962,422,23293
9,23724,2111,1.0,3963,422,23302
7,23731,2111,0.0,3964,422,23309
9,23740,2112,1.0,3965,422,23318
7,23747,2113,1.0,3966,422,23325
7,23754,2114,1.0,3967,422,23332
8,23762,2115,1.0,3968,422,23340
6,23768,2116,1.0,3969,422,23346
10,23778,2117,1.0,3970,422,23356
5,23783,2117,0.0,3971,422,23361
5,23788,2117,0.0,3972,422,23366
7,23795,2118,1.0,3973,422,23373
3,23798,2118,0.0,3974,422,23376
6,23804,2119,1.0,3975,422,23382
6,23810,2120,1.0,3976,422,23388
6,23816,2121,1.0,3977,422,23394
2,23818,2121,0.0,3978,422,23396
8,23826,2122,1.0,3979,422,23404
2,23828,2122,0.0,3980,422,23406
2,23830,2122,0.0,3981,422,23408
6,23836,2123,1.0,3982,422,23414
8,23844,2124,1.0,3983,422,23422
8,23852,2124,0.0,3984,422,23430
6,23858,2125,1.0,3985,422,23436
6,23864,2126,1.0,3986,422,23442
6,23870,2127,1.0,3987,422,23448
6,23876,2128,1.0,3988,422,23454
13,23889,2129,1.0,3989,422,23467
2,23891,2129,0.0,3990,422,23469
2,23893,2129,0.0,3991,422,23471
6,23899,2130,1.0,3992,422,23477
5,23904,2130,0.0,3993,422,23482
6,23910,2130,0.0,3994,422,23488
2,23912,2130,0.0,3995,422,23490
8,23920,2131,1.0,3996,422,23498
6,23926,2132,1.0,3997,422,23504
10,23936,2132,0.0,3998,422,23514
9,23945,2133,1.0,3999,422,23523
2,23947,2133,0.0,4000,422,23525
4,23951,2133,0.0,4001,422,23529
3,23954,2133,0.0,4002,422,23532
6,23960,2134,1.0,4003,422,23538
6,23966,2134,0.0,4004,422,23544
8,23974,2135,1.0,4005,422,23552
6,23980,2136,1.0,4006,422,23558
3,23983,2136,0.0,4007,422,23561
3,23986,2136,0.0,4008,422,23564
6,23992,2136,0.0,4009,422,23570
6,23998,2137,1.0,4010,422,23576
11,24009,2137,0.0,4011,422,23587
7,24016,2138,1.0,4012,422,23594
7,24023,2139,1.0,4013,422,23601
11,24034,2140,1.0,4014,422,23612
3,24037,2140,0.0,4015,422,23615
13,24050,2141,1.0,4016,422,23628
8,24058,2142,1.0,4017,422,23636
2,24060,2142,0.0,4018,422,23638
7,24067,2143,1.0,4019,422,23645
9,24076,2144,1.0,4020,422,23654
6,24082,2145,1.0,4021,422,23660
9,24091,2146,1.0,4022,422,23669
11,24102,2146,0.0,4023,422,23680
6,24108,2147,1.0,4024,422,23686
10,24118,2147,0.0,4025,422,23696
6,24124,2148,1.0,4026,422,23702
3,24127,2148,0.0,4027,422,23705
8,24135,2149,1.0,4028,422,23713
7,24142,2150,1.0,4029,422,23720
6,24148,2151,1.0,4030,422,23726
7,24155,2152,1.0,4031,422,23733
9,24164,2153,1.0,4032,422,23742
7,24171,2154,1.0,4033,422,23749
7,24178,2155,1.0,4034,422,23756
4,24182,2155,0.0,4035,422,23760
7,24189,2156,1.0,4036,422,23767
2,24191,2156,0.0,4037,422,23769
3,24194,2156,0.0,4038,422,23772
6,24200,2156,0.0,4039,422,23778
9,24209,2157,1.0,4040,422,23787
2,24211,2157,0.0,4041,422,23789
2,24213,2157,0.0,4042,422,23791
6,24219,2158,1.0,4043,422,23797
6,24225,2159,1.0,4044,422,23803
9,24234,2160,1.0,4045,422,23812
8,24242,2161,1.0,4046,422,23820
6,24248,2162,1.0,4047,422,23826
9,24257,2163,1.0,4048,422,23835
6,24263,2164,1.0,4049,422,23841
7,24270,2164,0.0,4050,422,23848
6,24276,2165,1.0,4051,422,23854
8,24284,2166,1.0,4052,422,23862
4,24288,2166,0.0,4053,422,23866
6,24294,2167,1.0,4054,422,23872
2,24296,2167,0.0,4055,422,23874
6,24302,2168,1.0,4056,422,23880
6,24308,2169,1.0,4057,422,23886
7,24315,2170,1.0,4058,422,23893
9,24324,2170,0.0,4059,422,23902
6,24330,2171,1.0,4060,422,23908
7,24337,2172,1.0,4061,422,23915
6,24343,2173,1.0,4062,422,23921
6,24349,2174,1.0,4063,422,23927
10,24359,2175,1.0,4064,422,23937
6,24365,2176,1.0,4065,422,23943
8,24373,2177,1.0,4066,422,23951
9,24382,2178,1.0,4067,422,23960
3,24385,2178,0.0,4068,422,23963
5,24390,2178,0.0,4069,422,23968
6,24396,2179,1.0,4070,422,23974
10,24406,2180,1.0,4071,422,23984
7,24413,2181,1.0,4072,422,23991
6,24419,2182,1.0,4073,422,23997
11,24430,2183,1.0,4074,422,24008
9,24439,2184,1.0,4075,422,24017
7,24446,2185,1.0,4076,422,24024
6,24452,2186,1.0,4077,422,24030
4,24456,2186,0.0,4078,422,24034
7,24463,2187,1.0,4079,422,24041
6,24469,2188,1.0,4080,422,24047
3,24472,2188,0.0,4081,422,24050
13,24485,2189,1.0,4082,422,24063
5,24490,2189,0.0,4083,422,24068
4,24494,2189,0.0,4084,422,24072
7,24501,2190,1.0,4085,422,24079
3,24504,2190,0.0,4086,422,24082
2,24506,2190,0.0,4087,422,24084
9,24515,2191,1.0,4088,422,24093
11,24526,2192,1.0,4089,422,24104
2,24528,2192,0.0,4090,422,24106
4,24532,2192,0.0,4091,422,24110
6,24538,2193,1.0,4092,422,24116
8,24546,2194,1.0,4093,422,24124
6,24552,2195,1.0,4094,422,24130
2,24554,2195,0.0,4095,422,24132
7,24561,2195,0.0,4096,422,24139
9,24570,2196,1.0,4097,422,24148
10,24580,2197,1.0,4098,422,24158
6,24586,2198,1.0,4099,422,24164
5,24591,2198,0.0,4100,422,24169
7,24598,2199,1.0,4101,422,24176
4,24602,2199,0.0,4102,422,24180
2,24604,2199,0.0,4103,422,24182
7,24611,2199,0.0,4104,422,24189
9,24620,2200,1.0,4105,422,24198
11,24631,2201,1.0,4106,422,24209
4,24635,2201,0.0,4107,422,24213
6,24641,2202,1.0,4108,422,24219
6,24647,2203,1.0,4109,422,24225
6,24653,2204,1.0,4110,422,24231
7,24660,2205,1.0,4111,422,24238
8,24668,2206,1.0,4112,422,24246
9,24677,2207,1.0,4113,422,24255
7,24684,2208,1.0,4114,422,24262
7,24691,2209,1.0,4115,422,24269
2,24693,2209,0.0,4116,422,24271
6,24699,2210,1.0,4117,422,24277
3,24702,2210,0.0,4118,422,24280
8,24710,2211,1.0,4119,422,24288
6,24716,2212,1.0,4120,422,24294
3,24719,2212,0.0,4121,422,24297
6,24725,2213,1.0,4122,422,24303
13,24738,2214,1.0,4123,422,24316
11,24749,2215,1.0,4124,422,24327
6,24755,2216,1.0,4125,422,24333
8,24763,2217,1.0,4126,422,24341
6,24769,2218,1.0,4127,422,24347
6,24775,2219,1.0,4128,422,24353
2,24777,2219,0.0,4129,422,24355
8,24785,2220,1.0,4130,422,24363
9,24794,2221,1.0,4131,422,24372
7,24801,2222,1.0,4132,422,24379
2,24803,2222,0.0,4133,422,24381
6,24809,2223,1.0,4134,422,24387
6,24815,2224,1.0,4135,422,24393
6,24821,2224,0.0,4136,422,24399
3,24824,2224,0.0,4137,422,24402
2,24826,2224,0.0,4138,422,24404
7,24833,2225,1.0,4139,422,24411
14,24847,2225,0.0,4140,422,24425
8,24855,2226,1.0,4141,422,24433
9,24864,2227,1.0,4142,422,24442
4,24868,2227,0.0,4143,422,24446
6,24874,2228,1.0,4144,422,24452
2,24876,2228,0.0,4145,422,24454
9,24885,2229,1.0,4146,422,24463
5,24890,2229,0.0,4147,422,24468
3,24893,2229,0.0,4148,422,24471
6,24899,2230,1.0,4149,422,24477
6,24905,2231,1.0,4150,422,24483
5,24910,2231,0.0,4151,422,24488
2,24912,2231,0.0,4152,422,24490
5,24917,2231,0.0,4153,422,24495
5,24922,2231,0.0,4154,422,24500
10,24932,2232,1.0,4155,422,24510
9,24941,2233,1.0,4156,422,24519
3,24944,2233,0.0,4157,422,24522
6,24950,2234,1.0,4158,422,24528
7,24957,2235,1.0,4159,422,24535
15,24972,2236,1.0,4160,422,24550
10,24982,2236,0.0,4161,422,24560
7,24989,2237,1.0,4162,422,24567
6,24995,2238,1.0,4163,422,24573
8,25003,2239,1.0,4164,422,24581
6,25009,2239,0.0,4165,422,24587
6,25015,2240,1.0,4166,422,24593
7,25022,2241,1.0,4167,422,24600
5,25027,2241,0.0,4168,422,24605
10,25037,2242,1.0,4169,422,24615
8,25045,2243,1.0,4170,422,24623
3,25048,2243,0.0,4171,422,24626
7,25055,2244,1.0,4172,422,24633
6,25061,2245,1.0,4173,422,24639
2,25063,2245,0.0,4174,422,24641
7,25070,2246,1.0,4175,422,24648
6,25076,2247,1.0,4176,422,24654
6,25082,2247,0.0,4177,422,24660
2,25084,2247,0.0,4178,422,24662
7,25091,2247,0.0,4179,422,24669
6,25097,2248,1.0,4180,422,24675
2,25099,2248,0.0,4181,422,24677
5,25104,2248,0.0,4182,422,24682
2,25106,2248,0.0,4183,422,24684
6,25112,2249,1.0,4184,422,24690
8,25120,2250,1.0,4185,422,24698
8,25128,2251,1.0,4186,422,24706
7,25135,2251,0.0,4187,422,24713
7,25142,2252,1.0,4188,422,24720
6,25148,2253,1.0,4189,422,24726
6,25154,2254,1.0,4190,422,24732
6,25160,2255,1.0,4191,422,24738
2,25162,2255,0.0,4192,422,24740
6,25168,2256,1.0,4193,422,24746
8,25176,2257,1.0,4194,422,24754
8,25184,2258,1.0,4195,422,24762
15,25199,2259,1.0,4196,422,24777
6,25205,2260,1.0,4197,422,24783
9,25214,2261,1.0,4198,422,24792
7,25221,2262,1.0,4199,422,24799
4,25225,2262,0.0,4200,422,24803
10,25235,2263,1.0,4201,422,24813
6,25241,2264,1.0,4202,422,24819
10,25251,2265,1.0,4203,422,24829
11,25262,2266,1.0,4204,422,24840
6,25268,2267,1.0,4205,422,24846
2,25270,2267,0.0,4206,422,24848
2,25272,2267,0.0,4207,422,24850
4,25276,2267,0.0,4208,422,24854
2,25278,2267,0.0,4209,422,24856
6,25284,2267,0.0,4210,422,24862
5,25289,2267,0.0,4211,422,24867
9,25298,2268,1.0,4212,422,24876
6,25304,2269,1.0,4213,422,24882
5,25309,2269,0.0,4214,422,24887
12,25321,2270,1.0,4215,422,24899
3,25324,2270,0.0,4216,422,24902
4,25328,2270,0.0,4217,422,24906
12,25340,2271,1.0,4218,422,24918
5,25345,2271,0.0,4219,422,24923
9,25354,2272,1.0,4220,422,24932
2,25356,2272,0.0,4221,422,24934
6,25362,2273,1.0,4222,422,24940
2,25364,2273,0.0,4223,422,24942
6,25370,2274,1.0,4224,422,24948
5,25375,2274,0.0,4225,422,24953
9,25384,2275,1.0,4226,422,24962
4,25388,2275,0.0,4227,422,24966
4,25392,2275,0.0,4228,422,24970
9,25401,2276,1.0,4229,422,24979
15,25416,2277,1.0,4230,422,24994
11,25427,2278,1.0,4231,422,25005
10,25437,2279,1.0,4232,422,25015
6,25443,2280,1.0,4233,422,25021
6,25449,2281,1.0,4234,422,25027
6,25455,2282,1.0,4235,422,25033
3,25458,2282,0.0,4236,422,25036
13,25471,2283,1.0,4237,422,25049
5,25476,2283,0.0,4238,422,25054
8,25484,2284,1.0,4239,422,25062
6,25490,2285,1.0,4240,422,25068
6,25496,2285,0.0,4241,422,25074
16,25512,2285,0.0,4242,422,25090
6,25518,2286,1.0,4243,422,25096
8,25526,2287,1.0,4244,422,25104
10,25536,2288,1.0,4245,422,25114
6,25542,2289,1.0,4246,422,25120
8,25550,2290,1.0,4247,422,25128
6,25556,2291,1.0,4248,422,25134
8,25564,2292,1.0,4249,422,25142
6,25570,2293,1.0,4250,422,25148
6,25576,2294,1.0,4251,422,25154
2,25578,2294,0.0,4252,422,25156
8,25586,2295,1.0,4253,422,25164
8,25594,2296,1.0,4254,422,25172
7,25601,2297,1.0,4255,422,25179
6,25607,2298,1.0,4256,422,25185
6,25613,2299,1.0,4257,422,25191
2,25615,2299,0.0,4258,422,25193
12,25627,2300,1.0,4259,422,25205
6,25633,2301,1.0,4260,422,25211
6,25639,2302,1.0,4261,422,25217
3,25642,2302,0.0,4262,422,25220
4,25646,2302,0.0,4263,422,25224
8,25654,2303,1.0,4264,422,25232
9,25663,2304,1.0,4265,422,25241
7,25670,2305,1.0,4266,422,25248
7,25677,2306,1.0,4267,422,25255
10,25687,2307,1.0,4268,422,25265
7,25694,2308,1.0,4269,422,25272
7,25701,2309,1.0,4270,422,25279
3,25704,2309,0.0,4271,422,25282
6,25710,2310,1.0,4272,422,25288
9,25719,2311,1.0,4273,422,25297
7,25726,2312,1.0,4274,422,25304
5,25731,2312,0.0,4275,422,25309
5,25736,2312,0.0,4276,422,25314
12,25748,2312,0.0,4277,422,25326
6,25754,2313,1.0,4278,422,25332
7,25761,2314,1.0,4279,422,25339
4,25765,2314,0.0,4280,422,25343
12,25777,2315,1.0,4281,422,25355
7,25784,2316,1.0,4282,422,25362
9,25793,2317,1.0,4283,422,25371
6,25799,2318,1.0,4284,422,25377
7,25806,2319,1.0,4285,422,25384
11,25817,2320,1.0,4286,422,25395
9,25826,2321,1.0,4287,422,25404
2,25828,2321,0.0,4288,422,25406
6,25834,2322,1.0,4289,422,25412
17,25851,2322,0.0,4290,422,25429
9,25860,2322,0.0,4291,422,25438
4,25864,2322,0.0,4292,422,25442
7,25871,2323,1.0,4293,422,25449
12,25883,2324,1.0,4294,422,25461
4,25887,2324,0.0,4295,422,25465
6,25893,2325,1.0,4296,422,25471
8,25901,2326,1.0,4297,422,25479
7,25908,2327,1.0,4298,422,25486
10,25918,2328,1.0,4299,422,25496
9,25927,2329,1.0,4300,422,25505
6,25933,2330,1.0,4301,422,25511
7,25940,2331,1.0,4302,422,25518
5,25945,2331,0.0,4303,422,25523
3,25948,2331,0.0,4304,422,25526
3,25951,2331,0.0,4305,422,25529
6,25957,2332,1.0,4306,422,25535
2,25959,2332,0.0,4307,422,25537
7,25966,2333,1.0,4308,422,25544
7,25973,2334,1.0,4309,422,25551
6,25979,2335,1.0,4310,422,25557
4,25983,2335,0.0,4311,422,25561
12,25995,2336,1.0,4312,422,25573
5,26000,2336,0.0,4313,422,25578
14,26014,2336,0.0,4314,422,25592
10,26024,2337,1.0,4315,422,25602
8,26032,2338,1.0,4316,422,25610
7,26039,2339,1.0,4317,422,25617
12,26051,2340,1.0,4318,422,25629
6,26057,2341,1.0,4319,422,25635
6,26063,2342,1.0,4320,422,25641
6,26069,2343,1.0,4321,422,25647
6,26075,2344,1.0,4322,422,25653
8,26083,2345,1.0,4323,422,25661
7,26090,2346,1.0,4324,422,25668
6,26096,2346,0.0,4325,422,25674
4,26100,2346,0.0,4326,422,25678
6,26106,2347,1.0,4327,422,25684
2,26108,2347,0.0,4328,422,25686
15,26123,2348,1.0,4329,422,25701
6,26129,2349,1.0,4330,422,25707
6,26135,2350,1.0,4331,422,25713
6,26141,2351,1.0,4332,422,25719
9,26150,2352,1.0,4333,422,25728
2,26152,2352,0.0,4334,422,25730
7,26159,2353,1.0,4335,422,25737
6,26165,2354,1.0,4336,422,25743
9,26174,2355,1.0,4337,422,25752
4,26178,2355,0.0,4338,422,25756
11,26189,2356,1.0,4339,422,25767
6,26195,2357,1.0,4340,422,25773
13,26208,2358,1.0,4341,422,25786
6,26214,2358,0.0,4342,422,25792
3,26217,2358,0.0,4343,422,25795
8,26225,2358,0.0,4344,422,25803
3,26228,2358,0.0,4345,422,25806
6,26234,2359,1.0,4346,422,25812
6,26240,2359,0.0,4347,422,25818
8,26248,2360,1.0,4348,422,25826
7,26255,2361,1.0,4349,422,25833
6,26261,2362,1.0,4350,422,25839
7,26268,2362,0.0,4351,422,25846
6,26274,2363,1.0,4352,422,25852
11,26285,2364,1.0,4353,422,25863
6,26291,2365,1.0,4354,422,25869
6,26297,2366,1.0,4355,422,25875
2,26299,2366,0.0,4356,422,25877
8,26307,2367,1.0,4357,422,25885
6,26313,2368,1.0,4358,422,25891
7,26320,2369,1.0,4359,422,25898
2,26322,2369,0.0,4360,422,25900
3,26325,2369,0.0,4361,422,25903
7,26332,2370,1.0,4362,422,25910
4,26336,2370,0.0,4363,422,25914
6,26342,2371,1.0,4364,422,25920
4,26346,2371,0.0,4365,422,25924
3,26349,2371,0.0,4366,422,25927
9,26358,2372,1.0,4367,422,25936
6,26364,2373,1.0,4368,422,25942
7,26371,2374,1.0,4369,422,25949
10,26381,2375,1.0,4370,422,25959
2,26383,2375,0.0,4371,422,25961
8,26391,2376,1.0,4372,422,25969
2,26393,2376,0.0,4373,422,25971
2,26395,2376,0.0,4374,422,25973
9,26404,2377,1.0,4375,422,25982
7,26411,2378,1.0,4376,422,25989
12,26423,2379,1.0,4377,422,26001
7,26430,2380,1.0,4378,422,26008
6,26436,2381,1.0,4379,422,26014
2,26438,2381,0.0,4380,422,26016
3,26441,2381,0.0,4381,422,26019
4,26445,2381,0.0,4382,422,26023
8,26453,2382,1.0,4383,422,26031
2,26455,2382,0.0,4384,422,26033
9,26464,2383,1.0,4385,422,26042
6,26470,2384,1.0,4386,422,26048
2,26472,2384,0.0,4387,422,26050
4,26476,2384,0.0,4388,422,26054
8,26484,2385,1.0,4389,422,26062
6,26490,2385,0.0,4390,422,26068
3,26493,2385,0.0,4391,422,26071
10,26503,2386,1.0,4392,422,26081
9,26512,2387,1.0,4393,422,26090
8,26520,2388,1.0,4394,422,26098
6,26526,2389,1.0,4395,422,26104
7,26533,2390,1.0,4396,422,26111
12,26545,2391,1.0,4397,422,26123
2,26547,2391,0.0,4398,422,26125
6,26553,2392,1.0,4399,422,26131
6,26559,2393,1.0,4400,422,26137
11,26570,2394,1.0,4401,422,26148
9,26579,2395,1.0,4402,422,26157
6,26585,2396,1.0,4403,422,26163
8,26593,2397,1.0,4404,422,26171
6,26599,2397,0.0,4405,422,26177
3,26602,2397,0.0,4406,422,26180
8,26610,2397,0.0,4407,422,26188
4,26614,2397,0.0,4408,422,26192
4,26618,2397,0.0,4409,422,26196
15,26633,2398,1.0,4410,422,26211
6,26639,2399,1.0,4411,422,26217
7,26646,2400,1.0,4412,422,26224
7,26653,2401,1.0,4413,422,26231
6,26659,2402,1.0,4414,422,26237
7,26666,2403,1.0,4415,422,26244
7,26673,2404,1.0,4416,422,26251
5,26678,2404,0.0,4417,422,26256
9,26687,2405,1.0,4418,422,26265
6,26693,2405,0.0,4419,422,26271
2,26695,2405,0.0,4420,422,26273
4,26699,2405,0.0,4421,422,26277
6,26705,2406,1.0,4422,422,26283
7,26712,2406,0.0,4423,422,26290
4,26716,2406,0.0,4424,422,26294
19,26735,2407,1.0,4425,422,26313
6,26741,2408,1.0,4426,422,26319
5,26746,2408,0.0,4427,422,26324
8,26754,2408,0.0,4428,422,26332
6,26760,2409,1.0,4429,422,26338
6,26766,2410,1.0,4430,422,26344
6,26772,2411,1.0,4431,422,26350
8,26780,2412,1.0,4432,422,26358
3,26783,2412,0.0,4433,422,26361
3,26786,2412,0.0,4434,422,26364
4,26790,2412,0.0,4435,422,26368
6,26796,2413,1.0,4436,422,26374
3,26799,2413,0.0,4437,422,26377
6,26805,2414,1.0,4438,422,26383
6,26811,2415,1.0,4439,422,26389
6,26817,2416,1.0,4440,422,26395
10,26827,2417,1.0,4441,422,26405
4,26831,2417,0.0,4442,422,26409
10,26841,2417,0.0,4443,422,26419
5,26846,2417,0.0,4444,422,26424
4,26850,2417,0.0,4445,422,26428
8,26858,2418,1.0,4446,422,26436
6,26864,2419,1.0,4447,422,26442
4,26868,2419,0.0,4448,422,26446
7,26875,2420,1.0,4449,422,26453
6,26881,2421,1.0,4450,422,26459
6,26887,2422,1.0,4451,422,26465
2,26889,2422,0.0,4452,422,26467
7,26896,2423,1.0,4453,422,26474
4,26900,2423,0.0,4454,422,26478
10,26910,2423,0.0,4455,422,26488
10,26920,2424,1.0,4456,422,26498
13,26933,2425,1.0,4457,422,26511
2,26935,2425,0.0,4458,422,26513
6,26941,2426,1.0,4459,422,26519
4,26945,2426,0.0,4460,422,26523
7,26952,2427,1.0,4461,422,26530
6,26958,2428,1.0,4462,422,26536
6,26964,2428,0.0,4463,422,26542
2,26966,2428,0.0,4464,422,26544
8,26974,2429,1.0,4465,422,26552
10,26984,2429,0.0,4466,422,26562
6,26990,2430,1.0,4467,422,26568
9,26999,2431,1.0,4468,422,26577
2,27001,2431,0.0,4469,422,26579
7,27008,2432,1.0,4470,422,26586
6,27014,2433,1.0,4471,422,26592
13,27027,2433,0.0,4472,422,26605
6,27033,2434,1.0,4473,422,26611
9,27042,2435,1.0,4474,422,26620
7,27049,2436,1.0,4475,422,26627
6,27055,2437,1.0,4476,422,26633
6,27061,2438,1.0,4477,422,26639
6,27067,2439,1.0,4478,422,26645
7,27074,2439,0.0,4479,422,26652
13,27087,2440,1.0,4480,422,26665
7,27094,2441,1.0,4481,422,26672
7,27101,2441,0.0,4482,422,26679
8,27109,2442,1.0,4483,422,26687
6,27115,2443,1.0,4484,422,26693
7,27122,2444,1.0,4485,422,26700
2,27124,2444,0.0,4486,422,26702
7,27131,2445,1.0,4487,422,26709
4,27135,2445,0.0,4488,422,26713
6,27141,2446,1.0,4489,422,26719
6,27147,2447,1.0,4490,422,26725
9,27156,2448,1.0,4491,422,26734
8,27164,2449,1.0,4492,422,26742
11,27175,2450,1.0,4493,422,26753
2,27177,2450,0.0,4494,422,26755
10,27187,2451,1.0,4495,422,26765
4,27191,2451,0.0,4496,422,26769
5,27196,2451,0.0,4497,422,26774
6,27202,2452,1.0,4498,422,26780
7,27209,2453,1.0,4499,422,26787
16,27225,2454,1.0,4500,422,26803
7,27232,2455,1.0,4501,422,26810
3,27235,2455,0.0,4502,422,26813
10,27245,2456,1.0,4503,422,26823
6,27251,2457,1.0,4504,422,26829
6,27257,2458,1.0,4505,422,26835
9,27266,2459,1.0,4506,422,26844
7,27273,2460,1.0,4507,422,26851
9,27282,2461,1.0,4508,422,26860
6,27288,2462,1.0,4509,422,26866
14,27302,2463,1.0,4510,422,26880
6,27308,2464,1.0,4511,422,26886
7,27315,2465,1.0,4512,422,26893
6,27321,2466,1.0,4513,422,26899
4,27325,2466,0.0,4514,422,26903
6,27331,2467,1.0,4515,422,26909
8,27339,2468,1.0,4516,422,26917
7,27346,2469,1.0,4517,422,26924
8,27354,2470,1.0,4518,422,26932
2,27356,2470,0.0,4519,422,26934
6,27362,2470,0.0,4520,422,26940
7,27369,2470,0.0,4521,422,26947
7,27376,2471,1.0,4522,422,26954
8,27384,2472,1.0,4523,422,26962
8,27392,2473,1.0,4524,422,26970
6,27398,2474,1.0,4525,422,26976
6,27404,2475,1.0,4526,422,26982
11,27415,2476,1.0,4527,422,26993
9,27424,2477,1.0,4528,422,27002
4,27428,2477,0.0,4529,422,27006
8,27436,2477,0.0,4530,422,27014
2,27438,2477,0.0,4531,422,27016
2,27440,2477,0.0,4532,422,27018
4,27444,2477,0.0,4533,422,27022
4,27448,2477,0.0,4534,422,27026
6,27454,2478,1.0,4535,422,27032
3,27457,2478,0.0,4536,422,27035
3,27460,2478,0.0,4537,422,27038
7,27467,2479,1.0,4538,422,27045
8,27475,2480,1.0,4539,422,27053
2,27477,2480,0.0,4540,422,27055
6,27483,2481,1.0,4541,422,27061
8,27491,2482,1.0,4542,422,27069
7,27498,2483,1.0,4543,422,27076
2,27500,2483,0.0,4544,422,27078
7,27507,2484,1.0,4545,422,27085
7,27514,2485,1.0,4546,422,27092
5,27519,2485,0.0,4547,422,27097
7,27526,2486,1.0,4548,422,27104
3,27529,2486,0.0,4549,422,27107
3,27532,2486,0.0,4550,422,27110
2,27534,2486,0.0,4551,422,27112
7,27541,2487,1.0,4552,422,27119
8,27549,2488,1.0,4553,422,27127
8,27557,2489,1.0,4554,422,27135
10,27567,2490,1.0,4555,422,27145
4,27571,2490,0.0,4556,422,27149
8,27579,2491,1.0,4557,422,27157
5,27584,2491,0.0,4558,422,27162
6,27590,2492,1.0,4559,422,27168
6,27596,2493,1.0,4560,422,27174
6,27602,2494,1.0,4561,422,27180
7,27609,2495,1.0,4562,422,27187
6,27615,2496,1.0,4563,422,27193
6,27621,2497,1.0,4564,422,27199
6,27627,2498,1.0,4565,422,27205
6,27633,2499,1.0,4566,422,27211
2,27635,2499,0.0,4567,422,27213
2,27637,2499,0.0,4568,422,27215
2,27639,2499,0.0,4569,422,27217
7,27646,2500,1.0,4570,422,27224
5,27651,2500,0.0,4571,422,27229
6,27657,2501,1.0,4572,422,27235
6,27663,2502,1.0,4573,422,27241
6,27669,2503,1.0,4574,422,27247
7,27676,2504,1.0,4575,422,27254
6,27682,2505,1.0,4576,422,27260
5,27687,2505,0.0,4577,422,27265
10,27697,2506,1.0,4578,422,27275
2,27699,2506,0.0,4579,422,27277
6,27705,2507,1.0,4580,422,27283
2,27707,2507,0.0,4581,422,27285
9,27716,2507,0.0,4582,422,27294
6,27722,2507,0.0,4583,422,27300
2,27724,2507,0.0,4584,422,27302
6,27730,2508,1.0,4585,422,27308
2,27732,2508,0.0,4586,422,27310
6,27738,2509,1.0,4587,422,27316
10,27748,2509,0.0,4588,422,27326
3,27751,2509,0.0,4589,422,27329
6,27757,2510,1.0,4590,422,27335
3,27760,2510,0.0,4591,422,27338
8,27768,2511,1.0,4592,422,27346
9,27777,2512,1.0,4593,422,27355
11,27788,2513,1.0,4594,422,27366
4,27792,2513,0.0,4595,422,27370
3,27795,2513,0.0,4596,422,27373
8,27803,2514,1.0,4597,422,27381
7,27810,2515,1.0,4598,422,27388
4,27814,2515,0.0,4599,422,27392
2,27816,2515,0.0,4600,422,27394
6,27822,2516,1.0,4601,422,27400
10,27832,2516,0.0,4602,422,27410
6,27838,2517,1.0,4603,422,27416
2,27840,2517,0.0,4604,422,27418
5,27845,2517,0.0,4605,422,27423
8,27853,2518,1.0,4606,422,27431
3,27856,2518,0.0,4607,422,27434
5,27861,2518,0.0,4608,422,27439
17,27878,2519,1.0,4609,422,27456
2,27880,2519,0.0,4610,422,27458
7,27887,2520,1.0,4611,422,27465
2,27889,2520,0.0,4612,422,27467
10,27899,2521,1.0,4613,422,27477
4,27903,2521,0.0,4614,422,27481
6,27909,2522,1.0,4615,422,27487
4,27913,2522,0.0,4616,422,27491
6,27919,2523,1.0,4617,422,27497
6,27925,2524,1.0,4618,422,27503
6,27931,2525,1.0,4619,422,27509
6,27937,2526,1.0,4620,422,27515
2,27939,2526,0.0,4621,422,27517
4,27943,2526,0.0,4622,422,27521
7,27950,2527,1.0,4623,422,27528
2,27952,2527,0.0,4624,422,27530
3,27955,2527,0.0,4625,422,27533
2,27957,2527,0.0,4626,422,27535
9,27966,2527,0.0,4627,422,27544
8,27974,2527,0.0,4628,422,27552
14,27988,2528,1.0,4629,422,27566
4,27992,2528,0.0,4630,422,27570
12,28004,2529,1.0,4631,422,27582
6,28010,2530,1.0,4632,422,27588
9,28019,2531,1.0,4633,422,27597
7,28026,2531,0.0,4634,422,27604
8,28034,2531,0.0,4635,422,27612
7,28041,2532,1.0,4636,422,27619
14,28055,2533,1.0,4637,422,27633
2,28057,2533,0.0,4638,422,27635
5,28062,2533,0.0,4639,422,27640
6,28068,2534,1.0,4640,422,27646
9,28077,2534,0.0,4641,422,27655
9,28086,2535,1.0,4642,422,27664
6,28092,2536,1.0,4643,422,27670
7,28099,2537,1.0,4644,422,27677
6,28105,2538,1.0,4645,422,27683
14,28119,2539,1.0,4646,422,27697
6,28125,2540,1.0,4647,422,27703
8,28133,2541,1.0,4648,422,27711
7,28140,2542,1.0,4649,422,27718
7,28147,2543,1.0,4650,422,27725
6,28153,2544,1.0,4651,422,27731
6,28159,2545,1.0,4652,422,27737
9,28168,2546,1.0,4653,422,27746
8,28176,2547,1.0,4654,422,27754
2,28178,2547,0.0,4655,422,27756
4,28182,2547,0.0,4656,422,27760
2,28184,2547,0.0,4657,422,27762
11,28195,2547,0.0,4658,422,27773
7,28202,2547,0.0,4659,422,27780
4,28206,2547,0.0,4660,422,27784
8,28214,2548,1.0,4661,422,27792
4,28218,2548,0.0,4662,422,27796
9,28227,2549,1.0,4663,422,27805
6,28233,2550,1.0,4664,422,27811
2,28235,2550,0.0,4665,422,27813
13,28248,2551,1.0,4666,422,27826
7,28255,2552,1.0,4667,422,27833
2,28257,2552,0.0,4668,422,27835
9,28266,2553,1.0,4669,422,27844
7,28273,2554,1.0,4670,422,27851
10,28283,2555,1.0,4671,422,27861
9,28292,2556,1.0,4672,422,27870
6,28298,2557,1.0,4673,422,27876
4,28302,2557,0.0,4674,422,27880
2,28304,2557,0.0,4675,422,27882
8,28312,2558,1.0,4676,422,27890
3,28315,2558,0.0,4677,422,27893
2,28317,2558,0.0,4678,422,27895
6,28323,2559,1.0,4679,422,27901
3,28326,2559,0.0,4680,422,27904
3,28329,2559,0.0,4681,422,27907
6,28335,2559,0.0,4682,422,27913
4,28339,2559,0.0,4683,422,27917
17,28356,2560,1.0,4684,422,27934
2,28358,2560,0.0,4685,422,27936
3,28361,2560,0.0,4686,422,27939
6,28367,2560,0.0,4687,422,27945
6,28373,2561,1.0,4688,422,27951
2,28375,2561,0.0,4689,422,27953
4,28379,2561,0.0,4690,422,27957
7,28386,2562,1.0,4691,422,27964
7,28393,2563,1.0,4692,422,27971
6,28399,2564,1.0,4693,422,27977
5,28404,2564,0.0,4694,422,27982
9,28413,2565,1.0,4695,422,27991
11,28424,2566,1.0,4696,422,28002
6,28430,2567,1.0,4697,422,28008
8,28438,2568,1.0,4698,422,28016
6,28444,2569,1.0,4699,422,28022
6,28450,2570,1.0,4700,422,28028
4,28454,2570,0.0,4701,422,28032
9,28463,2571,1.0,4702,422,28041
2,28465,2571,0.0,4703,422,28043
7,28472,2572,1.0,4704,422,28050
6,28478,2573,1.0,4705,422,28056
3,28481,2573,0.0,4706,422,28059
9,28490,2574,1.0,4707,422,28068
2,28492,2574,0.0,4708,422,28070
2,28494,2574,0.0,4709,422,28072
6,28500,2574,0.0,4710,422,28078
3,28503,2574,0.0,4711,422,28081
11,28514,2575,1.0,4712,422,28092
4,28518,2575,0.0,4713,422,28096
6,28524,2576,1.0,4714,422,28102
6,28530,2577,1.0,4715,422,28108
4,28534,2577,0.0,4716,422,28112
5,28539,2577,0.0,4717,422,28117
6,28545,2578,1.0,4718,422,28123
10,28555,2579,1.0,4719,422,28133
7,28562,2580,1.0,4720,422,28140
6,28568,2581,1.0,4721,422,28146
6,28574,2582,1.0,4722,422,28152
2,28576,2582,0.0,4723,422,28154
7,28583,2583,1.0,4724,422,28161
6,28589,2584,1.0,4725,422,28167
6,28595,2585,1.0,4726,422,28173
4,28599,2585,0.0,4727,422,28177
8,28607,2586,1.0,4728,422,28185
6,28613,2587,1.0,4729,422,28191
3,28616,2587,0.0,4730,422,28194
6,28622,2588,1.0,4731,422,28200
12,28634,2589,1.0,4732,422,28212
6,28640,2590,1.0,4733,422,28218
7,28647,2591,1.0,4734,422,28225
3,28650,2591,0.0,4735,422,28228
6,28656,2591,0.0,4736,422,28234
6,28662,2592,1.0,4737,422,28240
10,28672,2593,1.0,4738,422,28250
7,28679,2594,1.0,4739,422,28257
7,28686,2595,1.0,4740,422,28264
6,28692,2596,1.0,4741,422,28270
2,28694,2596,0.0,4742,422,28272
2,28696,2596,0.0,4743,422,28274
7,28703,2597,1.0,4744,422,28281
9,28712,2598,1.0,4745,422,28290
7,28719,2599,1.0,4746,422,28297
9,28728,2600,1.0,4747,422,28306
9,28737,2601,1.0,4748,422,28315
6,28743,2601,0.0,4749,422,28321
5,28748,2601,0.0,4750,422,28326
14,28762,2602,1.0,4751,422,28340
6,28768,2603,1.0,4752,422,28346
8,28776,2604,1.0,4753,422,28354
11,28787,2605,1.0,4754,422,28365
8,28795,2606,1.0,4755,422,28373
6,28801,2607,1.0,4756,422,28379
11,28812,2608,1.0,4757,422,28390
8,28820,2609,1.0,4758,422,28398
5,28825,2609,0.0,4759,422,28403
5,28830,2609,0.0,4760,422,28408
9,28839,2610,1.0,4761,422,28417
7,28846,2611,1.0,4762,422,28424
6,28852,2612,1.0,4763,422,28430
3,28855,2612,0.0,4764,422,28433
5,28860,2612,0.0,4765,422,28438
6,28866,2613,1.0,4766,422,28444
7,28873,2614,1.0,4767,422,28451
3,28876,2614,0.0,4768,422,28454
4,28880,2614,0.0,4769,422,28458
4,28884,2614,0.0,4770,422,28462
6,28890,2615,1.0,4771,422,28468
2,28892,2615,0.0,4772,422,28470
4,28896,2615,0.0,4773,422,28474
10,28906,2616,1.0,4774,422,28484
6,28912,2617,1.0,4775,422,28490
7,28919,2618,1.0,4776,422,28497
7,28926,2619,1.0,4777,422,28504
7,28933,2620,1.0,4778,422,28511
9,28942,2621,1.0,4779,422,28520
6,28948,2621,0.0,4780,422,28526
6,28954,2621,0.0,4781,422,28532
8,28962,2622,1.0,4782,422,28540
3,28965,2622,0.0,4783,422,28543
6,28971,2622,0.0,4784,422,28549
8,28979,2622,0.0,4785,422,28557
10,28989,2623,1.0,4786,422,28567
12,29001,2624,1.0,4787,422,28579
3,29004,2624,0.0,4788,422,28582
3,29007,2624,0.0,4789,422,28585
4,29011,2624,0.0,4790,422,28589
7,29018,2625,1.0,4791,422,28596
6,29024,2626,1.0,4792,422,28602
3,29027,2626,0.0,4793,422,28605
9,29036,2627,1.0,4794,422,28614
14,29050,2628,1.0,4795,422,28628
9,29059,2629,1.0,4796,422,28637
3,29062,2629,0.0,4797,422,28640
6,29068,2630,1.0,4798,422,28646
8,29076,2631,1.0,4799,422,28654
8,29084,2631,0.0,4800,422,28662
4,29088,2631,0.0,4801,422,28666
5,29093,2631,0.0,4802,422,28671
6,29099,2632,1.0,4803,422,28677
6,29105,2633,1.0,4804,422,28683
3,29108,2633,0.0,4805,422,28686
7,29115,2634,1.0,4806,422,28693
7,29122,2635,1.0,4807,422,28700
10,29132,2636,1.0,4808,422,28710
12,29144,2637,1.0,4809,422,28722
6,29150,2638,1.0,4810,422,28728
6,29156,2638,0.0,4811,422,28734
3,29159,2638,0.0,4812,422,28737
9,29168,2639,1.0,4813,422,28746
6,29174,2640,1.0,4814,422,28752
3,29177,2640,0.0,4815,422,28755
6,29183,2641,1.0,4816,422,28761
7,29190,2642,1.0,4817,422,28768
4,29194,2642,0.0,4818,422,28772
7,29201,2643,1.0,4819,422,28779
2,29203,2643,0.0,4820,422,28781
9,29212,2644,1.0,4821,422,28790
6,29218,2645,1.0,4822,422,28796
13,29231,2646,1.0,4823,422,28809
6,29237,2647,1.0,4824,422,28815
7,29244,2648,1.0,4825,422,28822
8,29252,2649,1.0,4826,422,28830
12,29264,2650,1.0,4827,422,28842
10,29274,2651,1.0,4828,422,28852
6,29280,2652,1.0,4829,422,28858
7,29287,2652,0.0,4830,422,28865
8,29295,2653,1.0,4831,422,28873
7,29302,2654,1.0,4832,422,28880
2,29304,2654,0.0,4833,422,28882
7,29311,2655,1.0,4834,422,28889
7,29318,2656,1.0,4835,422,28896
2,29320,2656,0.0,4836,422,28898
2,29322,2656,0.0,4837,422,28900
6,29328,2657,1.0,4838,422,28906
9,29337,2658,1.0,4839,422,28915
7,29344,2659,1.0,4840,422,28922
7,29351,2660,1.0,4841,422,28929
9,29360,2661,1.0,4842,422,28938
6,29366,2662,1.0,4843,422,28944
8,29374,2663,1.0,4844,422,28952
6,29380,2664,1.0,4845,422,28958
13,29393,2665,1.0,4846,422,28971
11,29404,2666,1.0,4847,422,28982
7,29411,2667,1.0,4848,422,28989
8,29419,2667,0.0,4849,422,28997
6,29425,2668,1.0,4850,422,29003
9,29434,2668,0.0,4851,422,29012
6,29440,2669,1.0,4852,422,29018
6,29446,2670,1.0,4853,422,29024
7,29453,2671,1.0,4854,422,29031
7,29460,2672,1.0,4855,422,29038
9,29469,2673,1.0,4856,422,29047
3,29472,2673,0.0,4857,422,29050
10,29482,2674,1.0,4858,422,29060
3,29485,2674,0.0,4859,422,29063
6,29491,2675,1.0,4860,422,29069
2,29493,2675,0.0,4861,422,29071
11,29504,2676,1.0,4862,422,29082
8,29512,2676,0.0,4863,422,29090
8,29520,2677,1.0,4864,422,29098
7,29527,2677,0.0,4865,422,29105
6,29533,2678,1.0,4866,422,29111
6,29539,2679,1.0,4867,422,29117
7,29546,2680,1.0,4868,422,29124
7,29553,2681,1.0,4869,422,29131
3,29556,2681,0.0,4870,422,29134
6,29562,2681,0.0,4871,422,29140
7,29569,2681,0.0,4872,422,29147
6,29575,2682,1.0,4873,422,29153
10,29585,2683,1.0,4874,422,29163
8,29593,2684,1.0,4875,422,29171
5,29598,2684,0.0,4876,422,29176
6,29604,2685,1.0,4877,422,29182
11,29615,2686,1.0,4878,422,29193
9,29624,2686,0.0,4879,422,29202
8,29632,2687,1.0,4880,422,29210
7,29639,2688,1.0,4881,422,29217
7,29646,2689,1.0,4882,422,29224
9,29655,2690,1.0,4883,422,29233
2,29657,2690,0.0,4884,422,29235
3,29660,2690,0.0,4885,422,29238
5,29665,2690,0.0,4886,422,29243
8,29673,2691,1.0,4887,422,29251
7,29680,2692,1.0,4888,422,29258
11,29691,2693,1.0,4889,422,29269
8,29699,2694,1.0,4890,422,29277
2,29701,2694,0.0,4891,422,29279
6,29707,2695,1.0,4892,422,29285
6,29713,2696,1.0,4893,422,29291
10,29723,2696,0.0,4894,422,29301
4,29727,2696,0.0,4895,422,29305
8,29735,2697,1.0,4896,422,29313
3,29738,2697,0.0,4897,422,29316
6,29744,2698,1.0,4898,422,29322
8,29752,2699,1.0,4899,422,29330
7,29759,2700,1.0,4900,422,29337
6,29765,2701,1.0,4901,422,29343
8,29773,2702,1.0,4902,422,29351
4,29777,2702,0.0,4903,422,29355
3,29780,2702,0.0,4904,422,29358
7,29787,2703,1.0,4905,422,29365
6,29793,2704,1.0,4906,422,29371
6,29799,2705,1.0,4907,422,29377
8,29807,2706,1.0,4908,422,29385
2,29809,2706,0.0,4909,422,29387
5,29814,2706,0.0,4910,422,29392
2,29816,2706,0.0,4911,422,29394
8,29824,2707,1.0,4912,422,29402
6,29830,2708,1.0,4913,422,29408
8,29838,2709,1.0,4914,422,29416
6,29844,2710,1.0,4915,422,29422
6,29850,2710,0.0,4916,422,29428
13,29863,2711,1.0,4917,422,29441
6,29869,2712,1.0,4918,422,29447
4,29873,2712,0.0,4919,422,29451
2,29875,2712,0.0,4920,422,29453
7,29882,2713,1.0,4921,422,29460
4,29886,2713,0.0,4922,422,29464
6,29892,2714,1.0,4923,422,29470
8,29900,2714,0.0,4924,422,29478
8,29908,2715,1.0,4925,422,29486
11,29919,2716,1.0,4926,422,29497
4,29923,2716,0.0,4927,422,29501
5,29928,2716,0.0,4928,422,29506
8,29936,2717,1.0,4929,422,29514
4,29940,2717,0.0,4930,422,29518
7,29947,2718,1.0,4931,422,29525
12,29959,2719,1.0,4932,422,29537
2,29961,2719,0.0,4933,422,29539
8,29969,2719,0.0,4934,422,29547
3,29972,2719,0.0,4935,422,29550
4,29976,2719,0.0,4936,422,29554
8,29984,2720,1.0,4937,422,29562
8,29992,2720,0.0,4938,422,29570
6,29998,2721,1.0,4939,422,29576
6,30004,2722,1.0,4940,422,29582
7,30011,2723,1.0,4941,422,29589
5,30016,2723,0.0,4942,422,29594
8,30024,2723,0.0,4943,422,29602
9,30033,2724,1.0,4944,422,29611
6,30039,2725,1.0,4945,422,29617
8,30047,2725,0.0,4946,422,29625
7,30054,2726,1.0,4947,422,29632
7,30061,2727,1.0,4948,422,29639
6,30067,2728,1.0,4949,422,29645
8,30075,2728,0.0,4950,422,29653
8,30083,2729,1.0,4951,422,29661
7,30090,2730,1.0,4952,422,29668
6,30096,2731,1.0,4953,422,29674
4,30100,2731,0.0,4954,422,29678
6,30106,2732,1.0,4955,422,29684
10,30116,2733,1.0,4956,422,29694
12,30128,2734,1.0,4957,422,29706
3,30131,2734,0.0,4958,422,29709
8,30139,2735,1.0,4959,422,29717
11,30150,2736,1.0,4960,422,29728
6,30156,2736,0.0,4961,422,29734
4,30160,2736,0.0,4962,422,29738
6,30166,2736,0.0,4963,422,29744
7,30173,2737,1.0,4964,422,29751
8,30181,2738,1.0,4965,422,29759
15,30196,2739,1.0,4966,422,29774
10,30206,2740,1.0,4967,422,29784
7,30213,2741,1.0,4968,422,29791
6,30219,2742,1.0,4969,422,29797
7,30226,2743,1.0,4970,422,29804
7,30233,2744,1.0,4971,422,29811
3,30236,2744,0.0,4972,422,29814
5,30241,2744,0.0,4973,422,29819
7,30248,2745,1.0,4974,422,29826
6,30254,2745,0.0,4975,422,29832
6,30260,2746,1.0,4976,422,29838
4,30264,2746,0.0,4977,422,29842
3,30267,2746,0.0,4978,422,29845
7,30274,2747,1.0,4979,422,29852
12,30286,2748,1.0,4980,422,29864
6,30292,2748,0.0,4981,422,29870
2,30294,2748,0.0,4982,422,29872
6,30300,2749,1.0,4983,422,29878
6,30306,2750,1.0,4984,422,29884
7,30313,2751,1.0,4985,422,29891
11,30324,2751,0.0,4986,422,29902
6,30330,2752,1.0,4987,422,29908
7,30337,2753,1.0,4988,422,29915
6,30343,2754,1.0,4989,422,29921
2,30345,2754,0.0,4990,422,29923
2,30347,2754,0.0,4991,422,29925
7,30354,2755,1.0,4992,422,29932
3,30357,2755,0.0,4993,422,29935
7,30364,2756,1.0,4994,422,29942
12,30376,2757,1.0,4995,422,29954
2,30378,2757,0.0,4996,422,29956
12,30390,2758,1.0,4997,422,29968
12,30402,2759,1.0,4998,422,29980
5,30407,2759,0.0,4999,422,29985
3,30410,2759,0.0,5000,422,29988
6,30416,2760,1.0,5001,422,29994
6,30422,2761,1.0,5002,422,30000
8,30430,2762,1.0,5003,422,30008
4,30434,2762,0.0,5004,422,30012
7,30441,2763,1.0,5005,422,30019
3,30444,2763,0.0,5006,422,30022
6,30450,2764,1.0,5007,422,30028
4,30454,2764,0.0,5008,422,30032
6,30460,2765,1.0,5009,422,30038
3,30463,2765,0.0,5010,422,30041
2,30465,2765,0.0,5011,422,30043
7,30472,2766,1.0,5012,422,30050
6,30478,2767,1.0,5013,422,30056
6,30484,2768,1.0,5014,422,30062
2,30486,2768,0.0,5015,422,30064
6,30492,2769,1.0,5016,422,30070
6,30498,2769,0.0,5017,422,30076
6,30504,2770,1.0,5018,422,30082
6,30510,2771,1.0,5019,422,30088
2,30512,2771,0.0,5020,422,30090
2,30514,2771,0.0,5021,422,30092
2,30516,2771,0.0,5022,422,30094
6,30522,2772,1.0,5023,422,30100
4,30526,2772,0.0,5024,422,30104
2,30528,2772,0.0,5025,422,30106
5,30533,2772,0.0,5026,422,30111
6,30539,2772,0.0,5027,422,30117
6,30545,2773,1.0,5028,422,30123
8,30553,2774,1.0,5029,422,30131
8,30561,2774,0.0,5030,422,30139
6,30567,2775,1.0,5031,422,30145
7,30574,2776,1.0,5032,422,30152
4,30578,2776,0.0,5033,422,30156
3,30581,2776,0.0,5034,422,30159
5,30586,2776,0.0,5035,422,30164
6,30592,2777,1.0,5036,422,30170
4,30596,2777,0.0,5037,422,30174
3,30599,2777,0.0,5038,422,30177
7,30606,2778,1.0,5039,422,30184
6,30612,2779,1.0,5040,422,30190
2,30614,2779,0.0,5041,422,30192
7,30621,2780,1.0,5042,422,30199
3,30624,2780,0.0,5043,422,30202
6,30630,2781,1.0,5044,422,30208
6,30636,2781,0.0,5045,422,30214
7,30643,2782,1.0,5046,422,30221
5,30648,2782,0.0,5047,422,30226
7,30655,2783,1.0,5048,422,30233
6,30661,2784,1.0,5049,422,30239
11,30672,2785,1.0,5050,422,30250
5,30677,2785,0.0,5051,422,30255
9,30686,2786,1.0,5052,422,30264
6,30692,2787,1.0,5053,422,30270
8,30700,2788,1.0,5054,422,30278
7,30707,2789,1.0,5055,422,30285
8,30715,2790,1.0,5056,422,30293
4,30719,2790,0.0,5057,422,30297
4,30723,2790,0.0,5058,422,30301
7,30730,2791,1.0,5059,422,30308
6,30736,2792,1.0,5060,422,30314
8,30744,2793,1.0,5061,422,30322
3,30747,2793,0.0,5062,422,30325
6,30753,2794,1.0,5063,422,30331
6,30759,2795,1.0,5064,422,30337
3,30762,2795,0.0,5065,422,30340
5,30767,2795,0.0,5066,422,30345
3,30770,2795,0.0,5067,422,30348
6,30776,2795,0.0,5068,422,30354
4,30780,2795,0.0,5069,422,30358
8,30788,2796,1.0,5070,422,30366
2,30790,2796,0.0,5071,422,30368
9,30799,2797,1.0,5072,422,30377
7,30806,2798,1.0,5073,422,30384
8,30814,2798,0.0,5074,422,30392
5,30819,2798,0.0,5075,422,30397
6,30825,2799,1.0,5076,422,30403
8,30833,2800,1.0,5077,422,30411
4,30837,2800,0.0,5078,422,30415
7,30844,2801,1.0,5079,422,30422
10,30854,2802,1.0,5080,422,30432
5,30859,2802,0.0,5081,422,30437
6,30865,2803,1.0,5082,422,30443
4,30869,2803,0.0,5083,422,30447
4,30873,2803,0.0,5084,422,30451
9,30882,2804,1.0,5085,422,30460
3,30885,2804,0.0,5086,422,30463
2,30887,2804,0.0,5087,422,30465
2,30889,2804,0.0,5088,422,30467
5,30894,2804,0.0,5089,422,30472
6,30900,2805,1.0,5090,422,30478
2,30902,2805,0.0,5091,422,30480
6,30908,2806,1.0,5092,422,30486
2,30910,2806,0.0,5093,422,30488
7,30917,2807,1.0,5094,422,30495
6,30923,2808,1.0,5095,422,30501
8,30931,2809,1.0,5096,422,30509
6,30937,2810,1.0,5097,422,30515
6,30943,2811,1.0,5098,422,30521
5,30948,2811,0.0,5099,422,30526
7,30955,2812,1.0,5100,422,30533
6,30961,2813,1.0,5101,422,30539
6,30967,2814,1.0,5102,422,30545
8,30975,2815,1.0,5103,422,30553
6,30981,2816,1.0,5104,422,30559
5,30986,2816,0.0,5105,422,30564
8,30994,2816,0.0,5106,422,30572
9,31003,2817,1.0,5107,422,30581
6,31009,2818,1.0,5108,422,30587
9,31018,2818,0.0,5109,422,30596
6,31024,2819,1.0,5110,422,30602
6,31030,2820,1.0,5111,422,30608
6,31036,2821,1.0,5112,422,30614
4,31040,2821,0.0,5113,422,30618
6,31046,2822,1.0,5114,422,30624
6,31052,2823,1.0,5115,422,30630
2,31054,2823,0.0,5116,422,30632
7,31061,2823,0.0,5117,422,30639
6,31067,2824,1.0,5118,422,30645
2,31069,2824,0.0,5119,422,30647
3,31072,2824,0.0,5120,422,30650
7,31079,2825,1.0,5121,422,30657
8,31087,2826,1.0,5122,422,30665
6,31093,2826,0.0,5123,422,30671
6,31099,2827,1.0,5124,422,30677
8,31107,2828,1.0,5125,422,30685
6,31113,2828,0.0,5126,422,30691
4,31117,2828,0.0,5127,422,30695
5,31122,2828,0.0,5128,422,30700
8,31130,2829,1.0,5129,422,30708
9,31139,2830,1.0,5130,422,30717
9,31148,2831,1.0,5131,422,30726
11,31159,2831,0.0,5132,422,30737
5,31164,2831,0.0,5133,422,30742
7,31171,2832,1.0,5134,422,30749
8,31179,2832,0.0,5135,422,30757
7,31186,2833,1.0,5136,422,30764
2,31188,2833,0.0,5137,422,30766
6,31194,2834,1.0,5138,422,30772
6,31200,2835,1.0,5139,422,30778
5,31205,2835,0.0,5140,422,30783
8,31213,2836,1.0,5141,422,30791
3,31216,2836,0.0,5142,422,30794
8,31224,2837,1.0,5143,422,30802
11,31235,2838,1.0,5144,422,30813
7,31242,2838,0.0,5145,422,30820
7,31249,2839,1.0,5146,422,30827
5,31254,2839,0.0,5147,422,30832
6,31260,2840,1.0,5148,422,30838
8,31268,2841,1.0,5149,422,30846
6,31274,2842,1.0,5150,422,30852
8,31282,2843,1.0,5151,422,30860
2,31284,2843,0.0,5152,422,30862
2,31286,2843,0.0,5153,422,30864
2,31288,2843,0.0,5154,422,30866
6,31294,2844,1.0,5155,422,30872
7,31301,2845,1.0,5156,422,30879
6,31307,2846,1.0,5157,422,30885
6,31313,2847,1.0,5158,422,30891
2,31315,2847,0.0,5159,422,30893
7,31322,2848,1.0,5160,422,30900
3,31325,2848,0.0,5161,422,30903
7,31332,2849,1.0,5162,422,30910
3,31335,2849,0.0,5163,422,30913
6,31341,2850,1.0,5164,422,30919
6,31347,2851,1.0,5165,422,30925
6,31353,2852,1.0,5166,422,30931
6,31359,2853,1.0,5167,422,30937
9,31368,2854,1.0,5168,422,30946
6,31374,2855,1.0,5169,422,30952
3,31377,2855,0.0,5170,422,30955
7,31384,2855,0.0,5171,422,30962
7,31391,2856,1.0,5172,422,30969
7,31398,2857,1.0,5173,422,30976
6,31404,2858,1.0,5174,422,30982
6,31410,2859,1.0,5175,422,30988
6,31416,2860,1.0,5176,422,30994
2,31418,2860,0.0,5177,422,30996
5,31423,2860,0.0,5178,422,31001
6,31429,2861,1.0,5179,422,31007
8,31437,2862,1.0,5180,422,31015
3,31440,2862,0.0,5181,422,31018
6,31446,2863,1.0,5182,422,31024
3,31449,2863,0.0,5183,422,31027
3,31452,2863,0.0,5184,422,31030
9,31461,2864,1.0,5185,422,31039
7,31468,2865,1.0,5186,422,31046
2,31470,2865,0.0,5187,422,31048
6,31476,2866,1.0,5188,422,31054
10,31486,2867,1.0,5189,422,31064
7,31493,2868,1.0,5190,422,31071
2,31495,2868,0.0,5191,422,31073
6,31501,2869,1.0,5192,422,31079
8,31509,2869,0.0,5193,422,31087
2,31511,2869,0.0,5194,422,31089
6,31517,2869,0.0,5195,422,31095
8,31525,2870,1.0,5196,422,31103
6,31531,2871,1.0,5197,422,31109
8,31539,2872,1.0,5198,422,31117
12,31551,2873,1.0,5199,422,31129
6,31557,2874,1.0,5200,422,31135
4,31561,2874,0.0,5201,422,31139
10,31571,2875,1.0,5202,422,31149
7,31578,2875,0.0,5203,422,31156
6,31584,2876,1.0,5204,422,31162
4,31588,2876,0.0,5205,422,31166
6,31594,2877,1.0,5206,422,31172
10,31604,2878,1.0,5207,422,31182
6,31610,2879,1.0,5208,422,31188
11,31621,2879,0.0,5209,422,31199
5,31626,2879,0.0,5210,422,31204
6,31632,2880,1.0,5211,422,31210
7,31639,2881,1.0,5212,422,31217
15,31654,2882,1.0,5213,422,31232
7,31661,2883,1.0,5214,422,31239
6,31667,2884,1.0,5215,422,31245
2,31669,2884,0.0,5216,422,31247
6,31675,2885,1.0,5217,422,31253
6,31681,2886,1.0,5218,422,31259
2,31683,2886,0.0,5219,422,31261
7,31690,2887,1.0,5220,422,31268
4,31694,2887,0.0,5221,422,31272
6,31700,2888,1.0,5222,422,31278
2,31702,2888,0.0,5223,422,31280
6,31708,2889,1.0,5224,422,31286
7,31715,2890,1.0,5225,422,31293
6,31721,2890,0.0,5226,422,31299
3,31724,2890,0.0,5227,422,31302
4,31728,2890,0.0,5228,422,31306
8,31736,2890,0.0,5229,422,31314
6,31742,2891,1.0,5230,422,31320
3,31745,2891,0.0,5231,422,31323
6,31751,2892,1.0,5232,422,31329
8,31759,2892,0.0,5233,422,31337
7,31766,2893,1.0,5234,422,31344
11,31777,2894,1.0,5235,422,31355
8,31785,2895,1.0,5236,422,31363
6,31791,2896,1.0,5237,422,31369
6,31797,2897,1.0,5238,422,31375
2,31799,2897,0.0,5239,422,31377
5,31804,2897,0.0,5240,422,31382
8,31812,2898,1.0,5241,422,31390
6,31818,2899,1.0,5242,422,31396
6,31824,2900,1.0,5243,422,31402
2,31826,2900,0.0,5244,422,31404
3,31829,2900,0.0,5245,422,31407
10,31839,2901,1.0,5246,422,31417
9,31848,2901,0.0,5247,422,31426
12,31860,2902,1.0,5248,422,31438
6,31866,2903,1.0,5249,422,31444
5,31871,2903,0.0,5250,422,31449
6,31877,2904,1.0,5251,422,31455
8,31885,2905,1.0,5252,422,31463
6,31891,2906,1.0,5253,422,31469
3,31894,2906,0.0,5254,422,31472
8,31902,2907,1.0,5255,422,31480
6,31908,2908,1.0,5256,422,31486
3,31911,2908,0.0,5257,422,31489
3,31914,2908,0.0,5258,422,31492
6,31920,2909,1.0,5259,422,31498
4,31924,2909,0.0,5260,422,31502
6,31930,2910,1.0,5261,422,31508
6,31936,2911,1.0,5262,422,31514
7,31943,2912,1.0,5263,422,31521
7,31950,2913,1.0,5264,422,31528
9,31959,2914,1.0,5265,422,31537
2,31961,2914,0.0,5266,422,31539
6,31967,2915,1.0,5267,422,31545
10,31977,2916,1.0,5268,422,31555
3,31980,2916,0.0,5269,422,31558
5,31985,2916,0.0,5270,422,31563
6,31991,2917,1.0,5271,422,31569
7,31998,2917,0.0,5272,422,31576
3,32001,2917,0.0,5273,422,31579
4,32005,2917,0.0,5274,422,31583
4,32009,2917,0.0,5275,422,31587
3,32012,2917,0.0,5276,422,31590
5,32017,2917,0.0,5277,422,31595
7,32024,2918,1.0,5278,422,31602
6,32030,2918,0.0,5279,422,31608
11,32041,2919,1.0,5280,422,31619
6,32047,2920,1.0,5281,422,31625
4,32051,2920,0.0,5282,422,31629
7,32058,2921,1.0,5283,422,31636
6,32064,2922,1.0,5284,422,31642
4,32068,2922,0.0,5285,422,31646
9,32077,2923,1.0,5286,422,31655
4,32081,2923,0.0,5287,422,31659
4,32085,2923,0.0,5288,422,31663
5,32090,2923,0.0,5289,422,31668
6,32096,2924,1.0,5290,422,31674
8,32104,2925,1.0,5291,422,31682
6,32110,2926,1.0,5292,422,31688
11,32121,2927,1.0,5293,422,31699
6,32127,2928,1.0,5294,422,31705
6,32133,2928,0.0,5295,422,31711
7,32140,2929,1.0,5296,422,31718
6,32146,2929,0.0,5297,422,31724
5,32151,2929,0.0,5298,422,31729
5,32156,2929,0.0,5299,422,31734
2,32158,2929,0.0,5300,422,31736
7,32165,2930,1.0,5301,422,31743
2,32167,2930,0.0,5302,422,31745
4,32171,2930,0.0,5303,422,31749
3,32174,2930,0.0,5304,422,31752
8,32182,2931,1.0,5305,422,31760
6,32188,2932,1.0,5306,422,31766
6,32194,2933,1.0,5307,422,31772
6,32200,2934,1.0,5308,422,31778
14,32214,2935,1.0,5309,422,31792
2,32216,2935,0.0,5310,422,31794
4,32220,2935,0.0,5311,422,31798
6,32226,2936,1.0,5312,422,31804
7,32233,2937,1.0,5313,422,31811
10,32243,2938,1.0,5314,422,31821
8,32251,2939,1.0,5315,422,31829
6,32257,2939,0.0,5316,422,31835
6,32263,2940,1.0,5317,422,31841
5,32268,2940,0.0,5318,422,31846
6,32274,2941,1.0,5319,422,31852
7,32281,2942,1.0,5320,422,31859
7,32288,2943,1.0,5321,422,31866
6,32294,2944,1.0,5322,422,31872
9,32303,2945,1.0,5323,422,31881
10,32313,2945,0.0,5324,422,31891
7,32320,2946,1.0,5325,422,31898
4,32324,2946,0.0,5326,422,31902
4,32328,2946,0.0,5327,422,31906
6,32334,2947,1.0,5328,422,31912
4,32338,2947,0.0,5329,422,31916
7,32345,2948,1.0,5330,422,31923
6,32351,2949,1.0,5331,422,31929
6,32357,2950,1.0,5332,422,31935
8,32365,2951,1.0,5333,422,31943
2,32367,2951,0.0,5334,422,31945
3,32370,2951,0.0,5335,422,31948
3,32373,2951,0.0,5336,422,31951
8,32381,2952,1.0,5337,422,31959
2,32383,2952,0.0,5338,422,31961
2,32385,2952,0.0,5339,422,31963
8,32393,2953,1.0,5340,422,31971
6,32399,2954,1.0,5341,422,31977
9,32408,2955,1.0,5342,422,31986
5,32413,2955,0.0,5343,422,31991
7,32420,2956,1.0,5344,422,31998
6,32426,2957,1.0,5345,422,32004
17,32443,2958,1.0,5346,422,32021
7,32450,2958,0.0,5347,422,32028
2,32452,2958,0.0,5348,422,32030
6,32458,2959,1.0,5349,422,32036
4,32462,2959,0.0,5350,422,32040
5,32467,2959,0.0,5351,422,32045
7,32474,2960,1.0,5352,422,32052
6,32480,2960,0.0,5353,422,32058
6,32486,2960,0.0,5354,422,32064
10,32496,2961,1.0,5355,422,32074
2,32498,2961,0.0,5356,422,32076
6,32504,2961,0.0,5357,422,32082
4,32508,2961,0.0,5358,422,32086
6,32514,2962,1.0,5359,422,32092
2,32516,2962,0.0,5360,422,32094
10,32526,2963,1.0,5361,422,32104
4,32530,2963,0.0,5362,422,32108
7,32537,2964,1.0,5363,422,32115
6,32543,2965,1.0,5364,422,32121
5,32548,2965,0.0,5365,422,32126
11,32559,2966,1.0,5366,422,32137
6,32565,2967,1.0,5367,422,32143
4,32569,2967,0.0,5368,422,32147
5,32574,2967,0.0,5369,422,32152
9,32583,2968,1.0,5370,422,32161
6,32589,2969,1.0,5371,422,32167
6,32595,2970,1.0,5372,422,32173
2,32597,2970,0.0,5373,422,32175
6,32603,2971,1.0,5374,422,32181
3,32606,2971,0.0,5375,422,32184
9,32615,2972,1.0,5376,422,32193
6,32621,2973,1.0,5377,422,32199
13,32634,2974,1.0,5378,422,32212
2,32636,2974,0.0,5379,422,32214
6,32642,2975,1.0,5380,422,32220
6,32648,2976,1.0,5381,422,32226
8,32656,2977,1.0,5382,422,32234
6,32662,2978,1.0,5383,422,32240
8,32670,2978,0.0,5384,422,32248
9,32679,2979,1.0,5385,422,32257
7,32686,2980,1.0,5386,422,32264
11,32697,2981,1.0,5387,422,32275
7,32704,2982,1.0,5388,422,32282
7,32711,2983,1.0,5389,422,32289
6,32717,2984,1.0,5390,422,32295
8,32725,2985,1.0,5391,422,32303
10,32735,2986,1.0,5392,422,32313
7,32742,2987,1.0,5393,422,32320
2,32744,2987,0.0,5394,422,32322
6,32750,2988,1.0,5395,422,32328
7,32757,2989,1.0,5396,422,32335
9,32766,2990,1.0,5397,422,32344
4,32770,2990,0.0,5398,422,32348
6,32776,2990,0.0,5399,422,32354
2,32778,2990,0.0,5400,422,32356
2,32780,2990,0.0,5401,422,32358
7,32787,2991,1.0,5402,422,32365
4,32791,2991,0.0,5403,422,32369
6,32797,2992,1.0,5404,422,32375
3,32800,2992,0.0,5405,422,32378
8,32808,2993,1.0,5406,422,32386
7,32815,2994,1.0,5407,422,32393
8,32823,2995,1.0,5408,422,32401
4,32827,2995,0.0,5409,422,32405
4,32831,2995,0.0,5410,422,32409
2,32833,2995,0.0,5411,422,32411
3,32836,2995,0.0,5412,422,32414
3,32839,2995,0.0,5413,422,32417
10,32849,2996,1.0,5414,422,32427
4,32853,2996,0.0,5415,422,32431
7,32860,2997,1.0,5416,422,32438
8,32868,2997,0.0,5417,422,32446
3,32871,2997,0.0,5418,422,32449
12,32883,2998,1.0,5419,422,32461
7,32890,2999,1.0,5420,422,32468
3,32893,2999,0.0,5421,422,32471
7,32900,3000,1.0,5422,422,32478
7,32907,3001,1.0,5423,422,32485
2,32909,3001,0.0,5424,422,32487
12,32921,3001,0.0,5425,422,32499
10,32931,3002,1.0,5426,422,32509
4,32935,3002,0.0,5427,422,32513
4,32939,3002,0.0,5428,422,32517
3,32942,3002,0.0,5429,422,32520
4,32946,3002,0.0,5430,422,32524
2,32948,3002,0.0,5431,422,32526
6,32954,3003,1.0,5432,422,32532
8,32962,3004,1.0,5433,422,32540
4,32966,3004,0.0,5434,422,32544
6,32972,3005,1.0,5435,422,32550
7,32979,3006,1.0,5436,422,32557
6,32985,3007,1.0,5437,422,32563
6,32991,3008,1.0,5438,422,32569
2,32993,3008,0.0,5439,422,32571
11,33004,3009,1.0,5440,422,32582
8,33012,3010,1.0,5441,422,32590
6,33018,3011,1.0,5442,422,32596
7,33025,3012,1.0,5443,422,32603
4,33029,3012,0.0,5444,422,32607
10,33039,3013,1.0,5445,422,32617
6,33045,3013,0.0,5446,422,32623
14,33059,3014,1.0,5447,422,32637
8,33067,3015,1.0,5448,422,32645
6,33073,3016,1.0,5449,422,32651
9,33082,3017,1.0,5450,422,32660
3,33085,3017,0.0,5451,422,32663
4,33089,3017,0.0,5452,422,32667
7,33096,3018,1.0,5453,422,32674
7,33103,3019,1.0,5454,422,32681
6,33109,3020,1.0,5455,422,32687
8,33117,3021,1.0,5456,422,32695
16,33133,3022,1.0,5457,422,32711
12,33145,3023,1.0,5458,422,32723
7,33152,3024,1.0,5459,422,32730
7,33159,3024,0.0,5460,422,32737
6,33165,3025,1.0,5461,422,32743
4,33169,3025,0.0,5462,422,32747
6,33175,3026,1.0,5463,422,32753
3,33178,3026,0.0,5464,422,32756
8,33186,3027,1.0,5465,422,32764
7,33193,3028,1.0,5466,422,32771
8,33201,3029,1.0,5467,422,32779
5,33206,3029,0.0,5468,422,32784
6,33212,3030,1.0,5469,422,32790
4,33216,3030,0.0,5470,422,32794
7,33223,3030,0.0,5471,422,32801
8,33231,3031,1.0,5472,422,32809
4,33235,3031,0.0,5473,422,32813
7,33242,3032,1.0,5474,422,32820
2,33244,3032,0.0,5475,422,32822
7,33251,3033,1.0,5476,422,32829
6,33257,3034,1.0,5477,422,32835
7,33264,3035,1.0,5478,422,32842
7,33271,3036,1.0,5479,422,32849
7,33278,3037,1.0,5480,422,32856
9,33287,3038,1.0,5481,422,32865
4,33291,3038,0.0,5482,422,32869
7,33298,3039,1.0,5483,422,32876
13,33311,3040,1.0,5484,422,32889
2,33313,3040,0.0,5485,422,32891
9,33322,3041,1.0,5486,422,32900
8,33330,3041,0.0,5487,422,32908
6,33336,3042,1.0,5488,422,32914
6,33342,3043,1.0,5489,422,32920
7,33349,3043,0.0,5490,422,32927
3,33352,3043,0.0,5491,422,32930
4,33356,3043,0.0,5492,422,32934
6,33362,3044,1.0,5493,422,32940
2,33364,3044,0.0,5494,422,32942
8,33372,3045,1.0,5495,422,32950
7,33379,3046,1.0,5496,422,32957
4,33383,3046,0.0,5497,422,32961
7,33390,3047,1.0,5498,422,32968
2,33392,3047,0.0,5499,422,32970
8,33400,3048,1.0,5500,422,32978
7,33407,3049,1.0,5501,422,32985
8,33415,3049,0.0,5502,422,32993
7,33422,3050,1.0,5503,422,33000
3,33425,3050,0.0,5504,422,33003
7,33432,3051,1.0,5505,422,33010
2,33434,3051,0.0,5506,422,33012
3,33437,3051,0.0,5507,422,33015
4,33441,3051,0.0,5508,422,33019
6,33447,3052,1.0,5509,422,33025
2,33449,3052,0.0,5510,422,33027
7,33456,3053,1.0,5511,422,33034
7,33463,3054,1.0,5512,422,33041
7,33470,3055,1.0,5513,422,33048
6,33476,3056,1.0,5514,422,33054
10,33486,3057,1.0,5515,422,33064
7,33493,3057,0.0,5516,422,33071
7,33500,3058,1.0,5517,422,33078
4,33504,3058,0.0,5518,422,33082
9,33513,3059,1.0,5519,422,33091
11,33524,3060,1.0,5520,422,33102
2,33526,3060,0.0,5521,422,33104
7,33533,3061,1.0,5522,422,33111
6,33539,3061,0.0,5523,422,33117
10,33549,3062,1.0,5524,422,33127
8,33557,3063,1.0,5525,422,33135
10,33567,3064,1.0,5526,422,33145
6,33573,3064,0.0,5527,422,33151
7,33580,3065,1.0,5528,422,33158
6,33586,3066,1.0,5529,422,33164
6,33592,3066,0.0,5530,422,33170
7,33599,3067,1.0,5531,422,33177
3,33602,3067,0.0,5532,422,33180
12,33614,3067,0.0,5533,422,33192
6,33620,3068,1.0,5534,422,33198
6,33626,3069,1.0,5535,422,33204
2,33628,3069,0.0,5536,422,33206
13,33641,3070,1.0,5537,422,33219
7,33648,3071,1.0,5538,422,33226
5,33653,3071,0.0,5539,422,33231
6,33659,3071,0.0,5540,422,33237
7,33666,3072,1.0,5541,422,33244
6,33672,3073,1.0,5542,422,33250
10,33682,3074,1.0,5543,422,33260
7,33689,3075,1.0,5544,422,33267
6,33695,3075,0.0,5545,422,33273
2,33697,3075,0.0,5546,422,33275
8,33705,3076,1.0,5547,422,33283
7,33712,3077,1.0,5548,422,33290
5,33717,3077,0.0,5549,422,33295
8,33725,3078,1.0,5550,422,33303
8,33733,3079,1.0,5551,422,33311
3,33736,3079,0.0,5552,422,33314
3,33739,3079,0.0,5553,422,33317
5,33744,3079,0.0,5554,422,33322
6,33750,3080,1.0,5555,422,33328
11,33761,3081,1.0,5556,422,33339
4,33765,3081,0.0,5557,422,33343
4,33769,3081,0.0,5558,422,33347
6,33775,3082,1.0,5559,422,33353
6,33781,3083,1.0,5560,422,33359
6,33787,3084,1.0,5561,422,33365
8,33795,3085,1.0,5562,422,33373
5,33800,3085,0.0,5563,422,33378
3,33803,3085,0.0,5564,422,33381
6,33809,3086,1.0,5565,422,33387
11,33820,3087,1.0,5566,422,33398
7,33827,3088,1.0,5567,422,33405
3,33830,3088,0.0,5568,422,33408
9,33839,3089,1.0,5569,422,33417
6,33845,3090,1.0,5570,422,33423
8,33853,3091,1.0,5571,422,33431
7,33860,3092,1.0,5572,422,33438
7,33867,3093,1.0,5573,422,33445
6,33873,3094,1.0,5574,422,33451
10,33883,3095,1.0,5575,422,33461
6,33889,3096,1.0,5576,422,33467
5,33894,3096,0.0,5577,422,33472
6,33900,3097,1.0,5578,422,33478
6,33906,3098,1.0,5579,422,33484
2,33908,3098,0.0,5580,422,33486
3,33911,3098,0.0,5581,422,33489
7,33918,3098,0.0,5582,422,33496
6,33924,3099,1.0,5583,422,33502
6,33930,3100,1.0,5584,422,33508
2,33932,3100,0.0,5585,422,33510
6,33938,3101,1.0,5586,422,33516
6,33944,3102,1.0,5587,422,33522
4,33948,3102,0.0,5588,422,33526
6,33954,3102,0.0,5589,422,33532
4,33958,3102,0.0,5590,422,33536
4,33962,3102,0.0,5591,422,33540
3,33965,3102,0.0,5592,422,33543
16,33981,3102,0.0,5593,422,33559
4,33985,3102,0.0,5594,422,33563
7,33992,3103,1.0,5595,422,33570
4,33996,3103,0.0,5596,422,33574
6,34002,3104,1.0,5597,422,33580
6,34008,3104,0.0,5598,422,33586
2,34010,3104,0.0,5599,422,33588
6,34016,3105,1.0,5600,422,33594
6,34022,3106,1.0,5601,422,33600
3,34025,3106,0.0,5602,422,33603
9,34034,3107,1.0,5603,422,33612
7,34041,3108,1.0,5604,422,33619
7,34048,3108,0.0,5605,422,33626
3,34051,3108,0.0,5606,422,33629
6,34057,3109,1.0,5607,422,33635
6,34063,3110,1.0,5608,422,33641
6,34069,3111,1.0,5609,422,33647
6,34075,3112,1.0,5610,422,33653
4,34079,3112,0.0,5611,422,33657
8,34087,3113,1.0,5612,422,33665
13,34100,3114,1.0,5613,422,33678
5,34105,3114,0.0,5614,422,33683
4,34109,3114,0.0,5615,422,33687
6,34115,3115,1.0,5616,422,33693
8,34123,3116,1.0,5617,422,33701
3,34126,3116,0.0,5618,422,33704
5,34131,3116,0.0,5619,422,33709
11,34142,3117,1.0,5620,422,33720
8,34150,3118,1.0,5621,422,33728
8,34158,3119,1.0,5622,422,33736
12,34170,3120,1.0,5623,422,33748
5,34175,3120,0.0,5624,422,33753
7,34182,3120,0.0,5625,422,33760
6,34188,3121,1.0,5626,422,33766
4,34192,3121,0.0,5627,422,33770
6,34198,3122,1.0,5628,422,33776
4,34202,3122,0.0,5629,422,33780
6,34208,3123,1.0,5630,422,33786
9,34217,3124,1.0,5631,422,33795
6,34223,3124,0.0,5632,422,33801
2,34225,3124,0.0,5633,422,33803
6,34231,3125,1.0,5634,422,33809
8,34239,3126,1.0,5635,422,33817
6,34245,3127,1.0,5636,422,33823
2,34247,3127,0.0,5637,422,33825
9,34256,3128,1.0,5638,422,33834
6,34262,3129,1.0,5639,422,33840
3,34265,3129,0.0,5640,422,33843
7,34272,3130,1.0,5641,422,33850
6,34278,3131,1.0,5642,422,33856
14,34292,3131,0.0,5643,422,33870
8,34300,3132,1.0,5644,422,33878
7,34307,3133,1.0,5645,422,33885
7,34314,3134,1.0,5646,422,33892
7,34321,3134,0.0,5647,422,33899
4,34325,3134,0.0,5648,422,33903
7,34332,3135,1.0,5649,422,33910
5,34337,3135,0.0,5650,422,33915
8,34345,3135,0.0,5651,422,33923
4,34349,3135,0.0,5652,422,33927
7,34356,3136,1.0,5653,422,33934
4,34360,3136,0.0,5654,422,33938
2,34362,3136,0.0,5655,422,33940
6,34368,3137,1.0,5656,422,33946
7,34375,3138,1.0,5657,422,33953
4,34379,3138,0.0,5658,422,33957
6,34385,3139,1.0,5659,422,33963
8,34393,3140,1.0,5660,422,33971
6,34399,3141,1.0,5661,422,33977
2,34401,3141,0.0,5662,422,33979
10,34411,3142,1.0,5663,422,33989
6,34417,3143,1.0,5664,422,33995
4,34421,3143,0.0,5665,422,33999
8,34429,3144,1.0,5666,422,34007
11,34440,3145,1.0,5667,422,34018
10,34450,3146,1.0,5668,422,34028
6,34456,3147,1.0,5669,422,34034
5,34461,3147,0.0,5670,422,34039
3,34464,3147,0.0,5671,422,34042
2,34466,3147,0.0,5672,422,34044
6,34472,3148,1.0,5673,422,34050
6,34478,3148,0.0,5674,422,34056
6,34484,3149,1.0,5675,422,34062
3,34487,3149,0.0,5676,422,34065
6,34493,3150,1.0,5677,422,34071
8,34501,3151,1.0,5678,422,34079
6,34507,3151,0.0,5679,422,34085
6,34513,3152,1.0,5680,422,34091
5,34518,3152,0.0,5681,422,34096
7,34525,3153,1.0,5682,422,34103
6,34531,3154,1.0,5683,422,34109
6,34537,3155,1.0,5684,422,34115
2,34539,3155,0.0,5685,422,34117
6,34545,3155,0.0,5686,422,34123
2,34547,3155,0.0,5687,422,34125
6,34553,3156,1.0,5688,422,34131
9,34562,3157,1.0,5689,422,34140
3,34565,3157,0.0,5690,422,34143
6,34571,3158,1.0,5691,422,34149
9,34580,3159,1.0,5692,422,34158
18,34598,3160,1.0,5693,422,34176
6,34604,3161,1.0,5694,422,34182
6,34610,3162,1.0,5695,422,34188
11,34621,3163,1.0,5696,422,34199
7,34628,3164,1.0,5697,422,34206
4,34632,3164,0.0,5698,422,34210
6,34638,3165,1.0,5699,422,34216
3,34641,3165,0.0,5700,422,34219
4,34645,3165,0.0,5701,422,34223
6,34651,3166,1.0,5702,422,34229
7,34658,3167,1.0,5703,422,34236
3,34661,3167,0.0,5704,422,34239
12,34673,3168,1.0,5705,422,34251
2,34675,3168,0.0,5706,422,34253
14,34689,3169,1.0,5707,422,34267
7,34696,3170,1.0,5708,422,34274
4,34700,3170,0.0,5709,422,34278
4,34704,3170,0.0,5710,422,34282
4,34708,3170,0.0,5711,422,34286
7,34715,3171,1.0,5712,422,34293
8,34723,3172,1.0,5713,422,34301
3,34726,3172,0.0,5714,422,34304
7,34733,3173,1.0,5715,422,34311
9,34742,3173,0.0,5716,422,34320
8,34750,3174,1.0,5717,422,34328
7,34757,3175,1.0,5718,422,34335
6,34763,3176,1.0,5719,422,34341
9,34772,3177,1.0,5720,422,34350
6,34778,3178,1.0,5721,422,34356
6,34784,3179,1.0,5722,422,34362
4,34788,3179,0.0,5723,422,34366
6,34794,3180,1.0,5724,422,34372
6,34800,3181,1.0,5725,422,34378
6,34806,3182,1.0,5726,422,34384
2,34808,3182,0.0,5727,422,34386
7,34815,3183,1.0,5728,422,34393
9,34824,3184,1.0,5729,422,34402
6,34830,3184,0.0,5730,422,34408
7,34837,3184,0.0,5731,422,34415
3,34840,3184,0.0,5732,422,34418
6,34846,3185,1.0,5733,422,34424
7,34853,3186,1.0,5734,422,34431
7,34860,3187,1.0,5735,422,34438
6,34866,3188,1.0,5736,422,34444
6,34872,3189,1.0,5737,422,34450
2,34874,3189,0.0,5738,422,34452
6,34880,3190,1.0,5739,422,34458
7,34887,3191,1.0,5740,422,34465
7,34894,3192,1.0,5741,422,34472
9,34903,3193,1.0,5742,422,34481
2,34905,3193,0.0,5743,422,34483
6,34911,3194,1.0,5744,422,34489
6,34917,3195,1.0,5745,422,34495
5,34922,3195,0.0,5746,422,34500
9,34931,3196,1.0,5747,422,34509
6,34937,3196,0.0,5748,422,34515
8,34945,3197,1.0,5749,422,34523
6,34951,3198,1.0,5750,422,34529
13,34964,3198,0.0,5751,422,34542
2,34966,3198,0.0,5752,422,34544
5,34971,3198,0.0,5753,422,34549
6,34977,3199,1.0,5754,422,34555
7,34984,3200,1.0,5755,422,34562
7,34991,3201,1.0,5756,422,34569
6,34997,3201,0.0,5757,422,34575
3,35000,3201,0.0,5758,422,34578
7,35007,3202,1.0,5759,422,34585
10,35017,3203,1.0,5760,422,34595
7,35024,3204,1.0,5761,422,34602
8,35032,3204,0.0,5762,422,34610
20,35052,3205,1.0,5763,422,34630
4,35056,3205,0.0,5764,422,34634
3,35059,3205,0.0,5765,422,34637
6,35065,3206,1.0,5766,422,34643
3,35068,3206,0.0,5767,422,34646
4,35072,3206,0.0,5768,422,34650
10,35082,3207,1.0,5769,422,34660
7,35089,3208,1.0,5770,422,34667
2,35091,3208,0.0,5771,422,34669
9,35100,3208,0.0,5772,422,34678
10,35110,3209,1.0,5773,422,34688
6,35116,3209,0.0,5774,422,34694
6,35122,3210,1.0,5775,422,34700
6,35128,3211,1.0,5776,422,34706
2,35130,3211,0.0,5777,422,34708
7,35137,3212,1.0,5778,422,34715
7,35144,3212,0.0,5779,422,34722
6,35150,3213,1.0,5780,422,34728
12,35162,3214,1.0,5781,422,34740
2,35164,3214,0.0,5782,422,34742
4,35168,3214,0.0,5783,422,34746
6,35174,3215,1.0,5784,422,34752
4,35178,3215,0.0,5785,422,34756
8,35186,3215,0.0,5786,422,34764
9,35195,3216,1.0,5787,422,34773
9,35204,3217,1.0,5788,422,34782
5,35209,3217,0.0,5789,422,34787
6,35215,3218,1.0,5790,422,34793
10,35225,3218,0.0,5791,422,34803
2,35227,3218,0.0,5792,422,34805
4,35231,3218,0.0,5793,422,34809
5,35236,3218,0.0,5794,422,34814
12,35248,3219,1.0,5795,422,34826
6,35254,3220,1.0,5796,422,34832
8,35262,3221,1.0,5797,422,34840
6,35268,3222,1.0,5798,422,34846
8,35276,3223,1.0,5799,422,34854
8,35284,3224,1.0,5800,422,34862
3,35287,3224,0.0,5801,422,34865
2,35289,3224,0.0,5802,422,34867
6,35295,3225,1.0,5803,422,34873
2,35297,3225,0.0,5804,422,34875
2,35299,3225,0.0,5805,422,34877
7,35306,3226,1.0,5806,422,34884
6,35312,3227,1.0,5807,422,34890
8,35320,3227,0.0,5808,422,34898
10,35330,3228,1.0,5809,422,34908
8,35338,3229,1.0,5810,422,34916
3,35341,3229,0.0,5811,422,34919
8,35349,3230,1.0,5812,422,34927
4,35353,3230,0.0,5813,422,34931
2,35355,3230,0.0,5814,422,34933
6,35361,3231,1.0,5815,422,34939
6,35367,3232,1.0,5816,422,34945
6,35373,3233,1.0,5817,422,34951
6,35379,3234,1.0,5818,422,34957
3,35382,3234,0.0,5819,422,34960
2,35384,3234,0.0,5820,422,34962
7,35391,3235,1.0,5821,422,34969
8,35399,3235,0.0,5822,422,34977
9,35408,3235,0.0,5823,422,34986
6,35414,3236,1.0,5824,422,34992
6,35420,3236,0.0,5825,422,34998
7,35427,3237,1.0,5826,422,35005
5,35432,3237,0.0,5827,422,35010
5,35437,3237,0.0,5828,422,35015
9,35446,3238,1.0,5829,422,35024
7,35453,3239,1.0,5830,422,35031
7,35460,3240,1.0,5831,422,35038
6,35466,3241,1.0,5832,422,35044
3,35469,3241,0.0,5833,422,35047
6,35475,3242,1.0,5834,422,35053
6,35481,3243,1.0,5835,422,35059
6,35487,3243,0.0,5836,422,35065
8,35495,3244,1.0,5837,422,35073
8,35503,3245,1.0,5838,422,35081
7,35510,3246,1.0,5839,422,35088
6,35516,3246,0.0,5840,422,35094
12,35528,3247,1.0,5841,422,35106
7,35535,3248,1.0,5842,422,35113
3,35538,3248,0.0,5843,422,35116
9,35547,3249,1.0,5844,422,35125
19,35566,3250,1.0,5845,422,35144
2,35568,3250,0.0,5846,422,35146
6,35574,3251,1.0,5847,422,35152
10,35584,3252,1.0,5848,422,35162
6,35590,3253,1.0,5849,422,35168
9,35599,3254,1.0,5850,422,35177
6,35605,3255,1.0,5851,422,35183
10,35615,3256,1.0,5852,422,35193
2,35617,3256,0.0,5853,422,35195
6,35623,3257,1.0,5854,422,35201
7,35630,3258,1.0,5855,422,35208
4,35634,3258,0.0,5856,422,35212
7,35641,3259,1.0,5857,422,35219
8,35649,3260,1.0,5858,422,35227
4,35653,3260,0.0,5859,422,35231
2,35655,3260,0.0,5860,422,35233
11,35666,3261,1.0,5861,422,35244
5,35671,3261,0.0,5862,422,35249
2,35673,3261,0.0,5863,422,35251
6,35679,3261,0.0,5864,422,35257
9,35688,3262,1.0,5865,422,35266
6,35694,3263,1.0,5866,422,35272
7,35701,3264,1.0,5867,422,35279
7,35708,3264,0.0,5868,422,35286
2,35710,3264,0.0,5869,422,35288
7,35717,3265,1.0,5870,422,35295
13,35730,3266,1.0,5871,422,35308
9,35739,3266,0.0,5872,422,35317
6,35745,3267,1.0,5873,422,35323
7,35752,3268,1.0,5874,422,35330
2,35754,3268,0.0,5875,422,35332
10,35764,3269,1.0,5876,422,35342
17,35781,3270,1.0,5877,422,35359
7,35788,3271,1.0,5878,422,35366
9,35797,3272,1.0,5879,422,35375
4,35801,3272,0.0,5880,422,35379
8,35809,3273,1.0,5881,422,35387
9,35818,3274,1.0,5882,422,35396
2,35820,3274,0.0,5883,422,35398
6,35826,3275,1.0,5884,422,35404
6,35832,3276,1.0,5885,422,35410
2,35834,3276,0.0,5886,422,35412
6,35840,3277,1.0,5887,422,35418
7,35847,3277,0.0,5888,422,35425
10,35857,3278,1.0,5889,422,35435
8,35865,3279,1.0,5890,422,35443
2,35867,3279,0.0,5891,422,35445
6,35873,3280,1.0,5892,422,35451
5,35878,3280,0.0,5893,422,35456
3,35881,3280,0.0,5894,422,35459
9,35890,3281,1.0,5895,422,35468
6,35896,3282,1.0,5896,422,35474
6,35902,3282,0.0,5897,422,35480
6,35908,3283,1.0,5898,422,35486
4,35912,3283,0.0,5899,422,35490
3,35915,3283,0.0,5900,422,35493
6,35921,3284,1.0,5901,422,35499
3,35924,3284,0.0,5902,422,35502
6,35930,3285,1.0,5903,422,35508
8,35938,3286,1.0,5904,422,35516
9,35947,3286,0.0,5905,422,35525
6,35953,3287,1.0,5906,422,35531
5,35958,3287,0.0,5907,422,35536
6,35964,3288,1.0,5908,422,35542
7,35971,3289,1.0,5909,422,35549
6,35977,3290,1.0,5910,422,35555
2,35979,3290,0.0,5911,422,35557
6,35985,3290,0.0,5912,422,35563
7,35992,3291,1.0,5913,422,35570
5,35997,3291,0.0,5914,422,35575
7,36004,3292,1.0,5915,422,35582
11,36015,3293,1.0,5916,422,35593
6,36021,3294,1.0,5917,422,35599
8,36029,3295,1.0,5918,422,35607
2,36031,3295,0.0,5919,422,35609
7,36038,3296,1.0,5920,422,35616
2,36040,3296,0.0,5921,422,35618
7,36047,3297,1.0,5922,422,35625
14,36061,3298,1.0,5923,422,35639
5,36066,3298,0.0,5924,422,35644
2,36068,3298,0.0,5925,422,35646
13,36081,3299,1.0,5926,422,35659
7,36088,3300,1.0,5927,422,35666
6,36094,3301,1.0,5928,422,35672
2,36096,3301,0.0,5929,422,35674
10,36106,3302,1.0,5930,422,35684
6,36112,3302,0.0,5931,422,35690
13,36125,3303,1.0,5932,422,35703
15,36140,3304,1.0,5933,422,35718
11,36151,3304,0.0,5934,422,35729
7,36158,3305,1.0,5935,422,35736
3,36161,3305,0.0,5936,422,35739
7,36168,3306,1.0,5937,422,35746
4,36172,3306,0.0,5938,422,35750
2,36174,3306,0.0,5939,422,35752
8,36182,3307,1.0,5940,422,35760
10,36192,3308,1.0,5941,422,35770
6,36198,3309,1.0,5942,422,35776
5,36203,3309,0.0,5943,422,35781
6,36209,3310,1.0,5944,422,35787
16,36225,3311,1.0,5945,422,35803
7,36232,3311,0.0,5946,422,35810
6,36238,3312,1.0,5947,422,35816
6,36244,3313,1.0,5948,422,35822
6,36250,3314,1.0,5949,422,35828
8,36258,3314,0.0,5950,422,35836
10,36268,3315,1.0,5951,422,35846
10,36278,3315,0.0,5952,422,35856
9,36287,3316,1.0,5953,422,35865
7,36294,3316,0.0,5954,422,35872
4,36298,3316,0.0,5955,422,35876
10,36308,3317,1.0,5956,422,35886
7,36315,3318,1.0,5957,422,35893
7,36322,3319,1.0,5958,422,35900
9,36331,3320,1.0,5959,422,35909
6,36337,3321,1.0,5960,422,35915
6,36343,3322,1.0,5961,422,35921
6,36349,3323,1.0,5962,422,35927
11,36360,3324,1.0,5963,422,35938
2,36362,3324,0.0,5964,422,35940
6,36368,3325,1.0,5965,422,35946
2,36370,3325,0.0,5966,422,35948
8,36378,3326,1.0,5967,422,35956
8,36386,3327,1.0,5968,422,35964
4,36390,3327,0.0,5969,422,35968
3,36393,3327,0.0,5970,422,35971
6,36399,3327,0.0,5971,422,35977
10,36409,3328,1.0,5972,422,35987
2,36411,3328,0.0,5973,422,35989
4,36415,3328,0.0,5974,422,35993
3,36418,3328,0.0,5975,422,35996
3,36421,3328,0.0,5976,422,35999
8,36429,3328,0.0,5977,422,36007
3,36432,3328,0.0,5978,422,36010
2,36434,3328,0.0,5979,422,36012
7,36441,3329,1.0,5980,422,36019
10,36451,3330,1.0,5981,422,36029
7,36458,3331,1.0,5982,422,36036
13,36471,3332,1.0,5983,422,36049
6,36477,3333,1.0,5984,422,36055
12,36489,3333,0.0,5985,422,36067
7,36496,3334,1.0,5986,422,36074
8,36504,3335,1.0,5987,422,36082
7,36511,3335,0.0,5988,422,36089
7,36518,3336,1.0,5989,422,36096
5,36523,3336,0.0,5990,422,36101
6,36529,3337,1.0,5991,422,36107
7,36536,3338,1.0,5992,422,36114
9,36545,3339,1.0,5993,422,36123
4,36549,3339,0.0,5994,422,36127
4,36553,3339,0.0,5995,422,36131
4,36557,3339,0.0,5996,422,36135
6,36563,3340,1.0,5997,422,36141
6,36569,3341,1.0,5998,422,36147
14,36583,3342,1.0,5999,422,36161
7,36590,3343,1.0,6000,422,36168
6,36596,3344,1.0,6001,422,36174
8,36604,3345,1.0,6002,422,36182
3,36607,3345,0.0,6003,422,36185
6,36613,3346,1.0,6004,422,36191
22,36635,3346,0.0,6005,422,36213
4,36639,3346,0.0,6006,422,36217
8,36647,3347,1.0,6007,422,36225
3,36650,3347,0.0,6008,422,36228
6,36656,3348,1.0,6009,422,36234
7,36663,3349,1.0,6010,422,36241
6,36669,3350,1.0,6011,422,36247
10,36679,3351,1.0,6012,422,36257
5,36684,3351,0.0,6013,422,36262
4,36688,3351,0.0,6014,422,36266
3,36691,3351,0.0,6015,422,36269
9,36700,3352,1.0,6016,422,36278
4,36704,3352,0.0,6017,422,36282
2,36706,3352,0.0,6018,422,36284
10,36716,3352,0.0,6019,422,36294
4,36720,3352,0.0,6020,422,36298
10,36730,3353,1.0,6021,422,36308
7,36737,3354,1.0,6022,422,36315
2,36739,3354,0.0,6023,422,36317
4,36743,3354,0.0,6024,422,36321
7,36750,3355,1.0,6025,422,36328
7,36757,3356,1.0,6026,422,36335
6,36763,3357,1.0,6027,422,36341
8,36771,3358,1.0,6028,422,36349
10,36781,3359,1.0,6029,422,36359
6,36787,3360,1.0,6030,422,36365
2,36789,3360,0.0,6031,422,36367
7,36796,3361,1.0,6032,422,36374
5,36801,3361,0.0,6033,422,36379
13,36814,3361,0.0,6034,422,36392
2,36816,3361,0.0,6035,422,36394
9,36825,3362,1.0,6036,422,36403
6,36831,3362,0.0,6037,422,36409
6,36837,3363,1.0,6038,422,36415
4,36841,3363,0.0,6039,422,36419
9,36850,3364,1.0,6040,422,36428
6,36856,3365,1.0,6041,422,36434
6,36862,3366,1.0,6042,422,36440
9,36871,3367,1.0,6043,422,36449
9,36880,3367,0.0,6044,422,36458
3,36883,3367,0.0,6045,422,36461
7,36890,3368,1.0,6046,422,36468
6,36896,3369,1.0,6047,422,36474
4,36900,3369,0.0,6048,422,36478
6,36906,3370,1.0,6049,422,36484
6,36912,3371,1.0,6050,422,36490
7,36919,3371,0.0,6051,422,36497
6,36925,3372,1.0,6052,422,36503
8,36933,3373,1.0,6053,422,36511
7,36940,3374,1.0,6054,422,36518
7,36947,3375,1.0,6055,422,36525
7,36954,3376,1.0,6056,422,36532
10,36964,3377,1.0,6057,422,36542
6,36970,3378,1.0,6058,422,36548
6,36976,3379,1.0,6059,422,36554
7,36983,3380,1.0,6060,422,36561
6,36989,3381,1.0,6061,422,36567
11,37000,3382,1.0,6062,422,36578
5,37005,3382,0.0,6063,422,36583
5,37010,3382,0.0,6064,422,36588
5,37015,3382,0.0,6065,422,36593
2,37017,3382,0.0,6066,422,36595
4,37021,3382,0.0,6067,422,36599
6,37027,3382,0.0,6068,422,36605
6,37033,3383,1.0,6069,422,36611
2,37035,3383,0.0,6070,422,36613
6,37041,3384,1.0,6071,422,36619
7,37048,3385,1.0,6072,422,36626
6,37054,3386,1.0,6073,422,36632
6,37060,3387,1.0,6074,422,36638
6,37066,3388,1.0,6075,422,36644
6,37072,3389,1.0,6076,422,36650
6,37078,3389,0.0,6077,422,36656
4,37082,3389,0.0,6078,422,36660
2,37084,3389,0.0,6079,422,36662
6,37090,3390,1.0,6080,422,36668
8,37098,3390,0.0,6081,422,36676
7,37105,3391,1.0,6082,422,36683
5,37110,3391,0.0,6083,422,36688
6,37116,3391,0.0,6084,422,36694
6,37122,3392,1.0,6085,422,36700
8,37130,3393,1.0,6086,422,36708
7,37137,3394,1.0,6087,422,36715
6,37143,3395,1.0,6088,422,36721
6,37149,3396,1.0,6089,422,36727
7,37156,3397,1.0,6090,422,36734
7,37163,3397,0.0,6091,422,36741
8,37171,3398,1.0,6092,422,36749
6,37177,3399,1.0,6093,422,36755
6,37183,3399,0.0,6094,422,36761
7,37190,3400,1.0,6095,422,36768
8,37198,3401,1.0,6096,422,36776
7,37205,3402,1.0,6097,422,36783
9,37214,3403,1.0,6098,422,36792
7,37221,3404,1.0,6099,422,36799
2,37223,3404,0.0,6100,422,36801
18,37241,3404,0.0,6101,422,36819
5,37246,3404,0.0,6102,422,36824
8,37254,3405,1.0,6103,422,36832
12,37266,3406,1.0,6104,422,36844
8,37274,3407,1.0,6105,422,36852
10,37284,3408,1.0,6106,422,36862
11,37295,3408,0.0,6107,422,36873
9,37304,3409,1.0,6108,422,36882
6,37310,3410,1.0,6109,422,36888
6,37316,3411,1.0,6110,422,36894
6,37322,3412,1.0,6111,422,36900
9,37331,3413,1.0,6112,422,36909
7,37338,3414,1.0,6113,422,36916
5,37343,3414,0.0,6114,422,36921
3,37346,3414,0.0,6115,422,36924
5,37351,3414,0.0,6116,422,36929
8,37359,3414,0.0,6117,422,36937
11,37370,3414,0.0,6118,422,36948
15,37385,3415,1.0,6119,422,36963
6,37391,3416,1.0,6120,422,36969
6,37397,3417,1.0,6121,422,36975
6,37403,3418,1.0,6122,422,36981
10,37413,3419,1.0,6123,422,36991
9,37422,3420,1.0,6124,422,37000
13,37435,3420,0.0,6125,422,37013
6,37441,3421,1.0,6126,422,37019
9,37450,3422,1.0,6127,422,37028
7,37457,3423,1.0,6128,422,37035
6,37463,3424,1.0,6129,422,37041
6,37469,3425,1.0,6130,422,37047
6,37475,3426,1.0,6131,422,37053
6,37481,3427,1.0,6132,422,37059
9,37490,3428,1.0,6133,422,37068
6,37496,3429,1.0,6134,422,37074
6,37502,3430,1.0,6135,422,37080
2,37504,3430,0.0,6136,422,37082
7,37511,3431,1.0,6137,422,37089
5,37516,3431,0.0,6138,422,37094
6,37522,3432,1.0,6139,422,37100
6,37528,3433,1.0,6140,422,37106
8,37536,3434,1.0,6141,422,37114
8,37544,3435,1.0,6142,422,37122
6,37550,3436,1.0,6143,422,37128
8,37558,3437,1.0,6144,422,37136
6,37564,3438,1.0,6145,422,37142
6,37570,3439,1.0,6146,422,37148
5,37575,3439,0.0,6147,422,37153
8,37583,3440,1.0,6148,422,37161
3,37586,3440,0.0,6149,422,37164
10,37596,3441,1.0,6150,422,37174
8,37604,3442,1.0,6151,422,37182
7,37611,3443,1.0,6152,422,37189
5,37616,3443,0.0,6153,422,37194
4,37620,3443,0.0,6154,422,37198
6,37626,3444,1.0,6155,422,37204
12,37638,3445,1.0,6156,422,37216
7,37645,3446,1.0,6157,422,37223
10,37655,3447,1.0,6158,422,37233
3,37658,3447,0.0,6159,422,37236
6,37664,3448,1.0,6160,422,37242
7,37671,3449,1.0,6161,422,37249
6,37677,3450,1.0,6162,422,37255
10,37687,3451,1.0,6163,422,37265
6,37693,3452,1.0,6164,422,37271
7,37700,3452,0.0,6165,422,37278
6,37706,3452,0.0,6166,422,37284
8,37714,3452,0.0,6167,422,37292
6,37720,3452,0.0,6168,422,37298
6,37726,3452,0.0,6169,422,37304
7,37733,3453,1.0,6170,422,37311
7,37740,3454,1.0,6171,422,37318
4,37744,3454,0.0,6172,422,37322
3,37747,3454,0.0,6173,422,37325
5,37752,3454,0.0,6174,422,37330
10,37762,3455,1.0,6175,422,37340
8,37770,3455,0.0,6176,422,37348
4,37774,3455,0.0,6177,422,37352
3,37777,3455,0.0,6178,422,37355
7,37784,3456,1.0,6179,422,37362
13,37797,3456,0.0,6180,422,37375
7,37804,3457,1.0,6181,422,37382
10,37814,3458,1.0,6182,422,37392
2,37816,3458,0.0,6183,422,37394
6,37822,3459,1.0,6184,422,37400
9,37831,3460,1.0,6185,422,37409
11,37842,3461,1.0,6186,422,37420
10,37852,3462,1.0,6187,422,37430
8,37860,3463,1.0,6188,422,37438
2,37862,3463,0.0,6189,422,37440
2,37864,3463,0.0,6190,422,37442
6,37870,3464,1.0,6191,422,37448
3,37873,3464,0.0,6192,422,37451
2,37875,3464,0.0,6193,422,37453
2,37877,3464,0.0,6194,422,37455
10,37887,3465,1.0,6195,422,37465
7,37894,3466,1.0,6196,422,37472
7,37901,3466,0.0,6197,422,37479
11,37912,3466,0.0,6198,422,37490
14,37926,3467,1.0,6199,422,37504
6,37932,3468,1.0,6200,422,37510
2,37934,3468,0.0,6201,422,37512
3,37937,3468,0.0,6202,422,37515
7,37944,3469,1.0,6203,422,37522
8,37952,3470,1.0,6204,422,37530
6,37958,3471,1.0,6205,422,37536
10,37968,3472,1.0,6206,422,37546
8,37976,3472,0.0,6207,422,37554
7,37983,3473,1.0,6208,422,37561
2,37985,3473,0.0,6209,422,37563
6,37991,3474,1.0,6210,422,37569
6,37997,3475,1.0,6211,422,37575
7,38004,3476,1.0,6212,422,37582
6,38010,3477,1.0,6213,422,37588
7,38017,3477,0.0,6214,422,37595
6,38023,3477,0.0,6215,422,37601
2,38025,3477,0.0,6216,422,37603
11,38036,3478,1.0,6217,422,37614
9,38045,3479,1.0,6218,422,37623
10,38055,3480,1.0,6219,422,37633
8,38063,3481,1.0,6220,422,37641
3,38066,3481,0.0,6221,422,37644
9,38075,3482,1.0,6222,422,37653
6,38081,3483,1.0,6223,422,37659
8,38089,3484,1.0,6224,422,37667
12,38101,3485,1.0,6225,422,37679
6,38107,3486,1.0,6226,422,37685
2,38109,3486,0.0,6227,422,37687
10,38119,3487,1.0,6228,422,37697
6,38125,3488,1.0,6229,422,37703
4,38129,3488,0.0,6230,422,37707
10,38139,3489,1.0,6231,422,37717
7,38146,3490,1.0,6232,422,37724
7,38153,3491,1.0,6233,422,37731
6,38159,3492,1.0,6234,422,37737
6,38165,3493,1.0,6235,422,37743
7,38172,3494,1.0,6236,422,37750
7,38179,3495,1.0,6237,422,37757
6,38185,3495,0.0,6238,422,37763
5,38190,3495,0.0,6239,422,37768
5,38195,3495,0.0,6240,422,37773
7,38202,3496,1.0,6241,422,37780
5,38207,3496,0.0,6242,422,37785
5,38212,3496,0.0,6243,422,37790
4,38216,3496,0.0,6244,422,37794
8,38224,3497,1.0,6245,422,37802
6,38230,3498,1.0,6246,422,37808
3,38233,3498,0.0,6247,422,37811
10,38243,3499,1.0,6248,422,37821
7,38250,3500,1.0,6249,422,37828
7,38257,3500,0.0,6250,422,37835
6,38263,3500,0.0,6251,422,37841
8,38271,3501,1.0,6252,422,37849
7,38278,3502,1.0,6253,422,37856
6,38284,3503,1.0,6254,422,37862
6,38290,3504,1.0,6255,422,37868
3,38293,3504,0.0,6256,422,37871
9,38302,3505,1.0,6257,422,37880
6,38308,3505,0.0,6258,422,37886
7,38315,3506,1.0,6259,422,37893
10,38325,3507,1.0,6260,422,37903
6,38331,3508,1.0,6261,422,37909
3,38334,3508,0.0,6262,422,37912
6,38340,3508,0.0,6263,422,37918
3,38343,3508,0.0,6264,422,37921
6,38349,3509,1.0,6265,422,37927
6,38355,3509,0.0,6266,422,37933
3,38358,3509,0.0,6267,422,37936
10,38368,3510,1.0,6268,422,37946
2,38370,3510,0.0,6269,422,37948
8,38378,3510,0.0,6270,422,37956
2,38380,3510,0.0,6271,422,37958
13,38393,3511,1.0,6272,422,37971
3,38396,3511,0.0,6273,422,37974
6,38402,3512,1.0,6274,422,37980
8,38410,3513,1.0,6275,422,37988
9,38419,3513,0.0,6276,422,37997
4,38423,3513,0.0,6277,422,38001
7,38430,3514,1.0,6278,422,38008
4,38434,3514,0.0,6279,422,38012
6,38440,3515,1.0,6280,422,38018
6,38446,3516,1.0,6281,422,38024
10,38456,3517,1.0,6282,422,38034
8,38464,3518,1.0,6283,422,38042
7,38471,3519,1.0,6284,422,38049
6,38477,3519,0.0,6285,422,38055
6,38483,3520,1.0,6286,422,38061
7,38490,3521,1.0,6287,422,38068
7,38497,3522,1.0,6288,422,38075
7,38504,3523,1.0,6289,422,38082
4,38508,3523,0.0,6290,422,38086
11,38519,3524,1.0,6291,422,38097
7,38526,3525,1.0,6292,422,38104
7,38533,3526,1.0,6293,422,38111
6,38539,3527,1.0,6294,422,38117
3,38542,3527,0.0,6295,422,38120
6,38548,3528,1.0,6296,422,38126
6,38554,3529,1.0,6297,422,38132
7,38561,3530,1.0,6298,422,38139
6,38567,3531,1.0,6299,422,38145
5,38572,3531,0.0,6300,422,38150
7,38579,3532,1.0,6301,422,38157
6,38585,3533,1.0,6302,422,38163
7,38592,3534,1.0,6303,422,38170
10,38602,3535,1.0,6304,422,38180
7,38609,3536,1.0,6305,422,38187
7,38616,3536,0.0,6306,422,38194
6,38622,3537,1.0,6307,422,38200
6,38628,3538,1.0,6308,422,38206
7,38635,3539,1.0,6309,422,38213
3,38638,3539,0.0,6310,422,38216
3,38641,3539,0.0,6311,422,38219
8,38649,3540,1.0,6312,422,38227
6,38655,3541,1.0,6313,422,38233
6,38661,3542,1.0,6314,422,38239
6,38667,3542,0.0,6315,422,38245
11,38678,3543,1.0,6316,422,38256
11,38689,3544,1.0,6317,422,38267
6,38695,3545,1.0,6318,422,38273
3,38698,3545,0.0,6319,422,38276
5,38703,3545,0.0,6320,422,38281
2,38705,3545,0.0,6321,422,38283
3,38708,3545,0.0,6322,422,38286
6,38714,3545,0.0,6323,422,38292
12,38726,3546,1.0,6324,422,38304
2,38728,3546,0.0,6325,422,38306
2,38730,3546,0.0,6326,422,38308
5,38735,3546,0.0,6327,422,38313
7,38742,3547,1.0,6328,422,38320
6,38748,3548,1.0,6329,422,38326
10,38758,3549,1.0,6330,422,38336
5,38763,3549,0.0,6331,422,38341
5,38768,3549,0.0,6332,422,38346
3,38771,3549,0.0,6333,422,38349
9,38780,3550,1.0,6334,422,38358
6,38786,3551,1.0,6335,422,38364
4,38790,3551,0.0,6336,422,38368
4,38794,3551,0.0,6337,422,38372
6,38800,3552,1.0,6338,422,38378
7,38807,3553,1.0,6339,422,38385
6,38813,3554,1.0,6340,422,38391
6,38819,3554,0.0,6341,422,38397
8,38827,3555,1.0,6342,422,38405
6,38833,3556,1.0,6343,422,38411
7,38840,3557,1.0,6344,422,38418
6,38846,3558,1.0,6345,422,38424
7,38853,3559,1.0,6346,422,38431
8,38861,3560,1.0,6347,422,38439
7,38868,3561,1.0,6348,422,38446
2,38870,3561,0.0,6349,422,38448
6,38876,3562,1.0,6350,422,38454
7,38883,3563,1.0,6351,422,38461
6,38889,3564,1.0,6352,422,38467
6,38895,3565,1.0,6353,422,38473
7,38902,3565,0.0,6354,422,38480
2,38904,3565,0.0,6355,422,38482
3,38907,3565,0.0,6356,422,38485
10,38917,3566,1.0,6357,422,38495
16,38933,3566,0.0,6358,422,38511
4,38937,3566,0.0,6359,422,38515
6,38943,3567,1.0,6360,422,38521
5,38948,3567,0.0,6361,422,38526
3,38951,3567,0.0,6362,422,38529
11,38962,3568,1.0,6363,422,38540
2,38964,3568,0.0,6364,422,38542
6,38970,3569,1.0,6365,422,38548
9,38979,3570,1.0,6366,422,38557
5,38984,3570,0.0,6367,422,38562
8,38992,3570,0.0,6368,422,38570
6,38998,3571,1.0,6369,422,38576
8,39006,3572,1.0,6370,422,38584
8,39014,3573,1.0,6371,422,38592
2,39016,3573,0.0,6372,422,38594
6,39022,3574,1.0,6373,422,38600
4,39026,3574,0.0,6374,422,38604
16,39042,3575,1.0,6375,422,38620
6,39048,3576,1.0,6376,422,38626
6,39054,3577,1.0,6377,422,38632
7,39061,3578,1.0,6378,422,38639
7,39068,3579,1.0,6379,422,38646
11,39079,3580,1.0,6380,422,38657
3,39082,3580,0.0,6381,422,38660
5,39087,3580,0.0,6382,422,38665
6,39093,3581,1.0,6383,422,38671
2,39095,3581,0.0,6384,422,38673
6,39101,3582,1.0,6385,422,38679
4,39105,3582,0.0,6386,422,38683
11,39116,3583,1.0,6387,422,38694
7,39123,3584,1.0,6388,422,38701
6,39129,3585,1.0,6389,422,38707
7,39136,3586,1.0,6390,422,38714
6,39142,3587,1.0,6391,422,38720
4,39146,3587,0.0,6392,422,38724
6,39152,3588,1.0,6393,422,38730
8,39160,3589,1.0,6394,422,38738
8,39168,3590,1.0,6395,422,38746
6,39174,3590,0.0,6396,422,38752
5,39179,3590,0.0,6397,422,38757
7,39186,3591,1.0,6398,422,38764
10,39196,3592,1.0,6399,422,38774
6,39202,3593,1.0,6400,422,38780
9,39211,3593,0.0,6401,422,38789
10,39221,3594,1.0,6402,422,38799
4,39225,3594,0.0,6403,422,38803
2,39227,3594,0.0,6404,422,38805
4,39231,3594,0.0,6405,422,38809
2,39233,3594,0.0,6406,422,38811
9,39242,3595,1.0,6407,422,38820
7,39249,3596,1.0,6408,422,38827
8,39257,3597,1.0,6409,422,38835
8,39265,3598,1.0,6410,422,38843
8,39273,3599,1.0,6411,422,38851
6,39279,3600,1.0,6412,422,38857
6,39285,3601,1.0,6413,422,38863
6,39291,3602,1.0,6414,422,38869
8,39299,3602,0.0,6415,422,38877
2,39301,3602,0.0,6416,422,38879
7,39308,3603,1.0,6417,422,38886
5,39313,3603,0.0,6418,422,38891
4,39317,3603,0.0,6419,422,38895
6,39323,3604,1.0,6420,422,38901
8,39331,3604,0.0,6421,422,38909
6,39337,3605,1.0,6422,422,38915
6,39343,3606,1.0,6423,422,38921
2,39345,3606,0.0,6424,422,38923
8,39353,3607,1.0,6425,422,38931
6,39359,3608,1.0,6426,422,38937
4,39363,3608,0.0,6427,422,38941
8,39371,3609,1.0,6428,422,38949
2,39373,3609,0.0,6429,422,38951
3,39376,3609,0.0,6430,422,38954
4,39380,3609,0.0,6431,422,38958
9,39389,3610,1.0,6432,422,38967
5,39394,3610,0.0,6433,422,38972
7,39401,3610,0.0,6434,422,38979
2,39403,3610,0.0,6435,422,38981
6,39409,3611,1.0,6436,422,38987
4,39413,3611,0.0,6437,422,38991
2,39415,3611,0.0,6438,422,38993
6,39421,3612,1.0,6439,422,38999
5,39426,3612,0.0,6440,422,39004
5,39431,3612,0.0,6441,422,39009
4,39435,3612,0.0,6442,422,39013
7,39442,3613,1.0,6443,422,39020
2,39444,3613,0.0,6444,422,39022
7,39451,3614,1.0,6445,422,39029
2,39453,3614,0.0,6446,422,39031
2,39455,3614,0.0,6447,422,39033
8,39463,3614,0.0,6448,422,39041
6,39469,3615,1.0,6449,422,39047
6,39475,3616,1.0,6450,422,39053
4,39479,3616,0.0,6451,422,39057
7,39486,3617,1.0,6452,422,39064
7,39493,3618,1.0,6453,422,39071
6,39499,3619,1.0,6454,422,39077
6,39505,3620,1.0,6455,422,39083
6,39511,3621,1.0,6456,422,39089
2,39513,3621,0.0,6457,422,39091
9,39522,3622,1.0,6458,422,39100
8,39530,3623,1.0,6459,422,39108
8,39538,3624,1.0,6460,422,39116
4,39542,3624,0.0,6461,422,39120
4,39546,3624,0.0,6462,422,39124
6,39552,3625,1.0,6463,422,39130
8,39560,3626,1.0,6464,422,39138
8,39568,3627,1.0,6465,422,39146
5,39573,3627,0.0,6466,422,39151
4,39577,3627,0.0,6467,422,39155
3,39580,3627,0.0,6468,422,39158
4,39584,3627,0.0,6469,422,39162
6,39590,3628,1.0,6470,422,39168
6,39596,3628,0.0,6471,422,39174
7,39603,3629,1.0,6472,422,39181
6,39609,3630,1.0,6473,422,39187
5,39614,3630,0.0,6474,422,39192
6,39620,3631,1.0,6475,422,39198
7,39627,3632,1.0,6476,422,39205
6,39633,3633,1.0,6477,422,39211
8,39641,3634,1.0,6478,422,39219
6,39647,3635,1.0,6479,422,39225
6,39653,3636,1.0,6480,422,39231
8,39661,3637,1.0,6481,422,39239
7,39668,3638,1.0,6482,422,39246
7,39675,3639,1.0,6483,422,39253
4,39679,3639,0.0,6484,422,39257
9,39688,3640,1.0,6485,422,39266
6,39694,3641,1.0,6486,422,39272
6,39700,3642,1.0,6487,422,39278
8,39708,3643,1.0,6488,422,39286
7,39715,3644,1.0,6489,422,39293
10,39725,3645,1.0,6490,422,39303
6,39731,3645,0.0,6491,422,39309
6,39737,3646,1.0,6492,422,39315
6,39743,3647,1.0,6493,422,39321
6,39749,3648,1.0,6494,422,39327
6,39755,3648,0.0,6495,422,39333
4,39759,3648,0.0,6496,422,39337
12,39771,3649,1.0,6497,422,39349
9,39780,3650,1.0,6498,422,39358
6,39786,3651,1.0,6499,422,39364
4,39790,3651,0.0,6500,422,39368
6,39796,3652,1.0,6501,422,39374
2,39798,3652,0.0,6502,422,39376
6,39804,3653,1.0,6503,422,39382
6,39810,3654,1.0,6504,422,39388
9,39819,3655,1.0,6505,422,39397
8,39827,3656,1.0,6506,422,39405
6,39833,3657,1.0,6507,422,39411
6,39839,3658,1.0,6508,422,39417
6,39845,3659,1.0,6509,422,39423
8,39853,3659,0.0,6510,422,39431
2,39855,3659,0.0,6511,422,39433
3,39858,3659,0.0,6512,422,39436
4,39862,3659,0.0,6513,422,39440
8,39870,3660,1.0,6514,422,39448
7,39877,3661,1.0,6515,422,39455
7,39884,3662,1.0,6516,422,39462
6,39890,3663,1.0,6517,422,39468
4,39894,3663,0.0,6518,422,39472
8,39902,3664,1.0,6519,422,39480
5,39907,3664,0.0,6520,422,39485
4,39911,3664,0.0,6521,422,39489
7,39918,3665,1.0,6522,422,39496
6,39924,3666,1.0,6523,422,39502
3,39927,3666,0.0,6524,422,39505
6,39933,3667,1.0,6525,422,39511
7,39940,3668,1.0,6526,422,39518
2,39942,3668,0.0,6527,422,39520
5,39947,3668,0.0,6528,422,39525
9,39956,3669,1.0,6529,422,39534
4,39960,3669,0.0,6530,422,39538
9,39969,3669,0.0,6531,422,39547
8,39977,3670,1.0,6532,422,39555
14,39991,3671,1.0,6533,422,39569
7,39998,3672,1.0,6534,422,39576
2,40000,3672,0.0,6535,422,39578
7,40007,3673,1.0,6536,422,39585
2,40009,3673,0.0,6537,422,39587
8,40017,3674,1.0,6538,422,39595
6,40023,3675,1.0,6539,422,39601
3,40026,3675,0.0,6540,422,39604
8,40034,3675,0.0,6541,422,39612
4,40038,3675,0.0,6542,422,39616
7,40045,3676,1.0,6543,422,39623
2,40047,3676,0.0,6544,422,39625
6,40053,3677,1.0,6545,422,39631
7,40060,3678,1.0,6546,422,39638
7,40067,3678,0.0,6547,422,39645
6,40073,3679,1.0,6548,422,39651
6,40079,3679,0.0,6549,422,39657
5,40084,3679,0.0,6550,422,39662
3,40087,3679,0.0,6551,422,39665
7,40094,3680,1.0,6552,422,39672
5,40099,3680,0.0,6553,422,39677
6,40105,3681,1.0,6554,422,39683
13,40118,3682,1.0,6555,422,39696
4,40122,3682,0.0,6556,422,39700
11,40133,3683,1.0,6557,422,39711
7,40140,3684,1.0,6558,422,39718
2,40142,3684,0.0,6559,422,39720
10,40152,3685,1.0,6560,422,39730
6,40158,3685,0.0,6561,422,39736
7,40165,3686,1.0,6562,422,39743
8,40173,3687,1.0,6563,422,39751
3,40176,3687,0.0,6564,422,39754
8,40184,3688,1.0,6565,422,39762
9,40193,3689,1.0,6566,422,39771
6,40199,3690,1.0,6567,422,39777
7,40206,3691,1.0,6568,422,39784
7,40213,3692,1.0,6569,422,39791
8,40221,3693,1.0,6570,422,39799
6,40227,3694,1.0,6571,422,39805
8,40235,3695,1.0,6572,422,39813
11,40246,3696,1.0,6573,422,39824
7,40253,3697,1.0,6574,422,39831
3,40256,3697,0.0,6575,422,39834
2,40258,3697,0.0,6576,422,39836
7,40265,3698,1.0,6577,422,39843
12,40277,3699,1.0,6578,422,39855
7,40284,3700,1.0,6579,422,39862
10,40294,3701,1.0,6580,422,39872
9,40303,3702,1.0,6581,422,39881
7,40310,3702,0.0,6582,422,39888
4,40314,3702,0.0,6583,422,39892
5,40319,3702,0.0,6584,422,39897
9,40328,3703,1.0,6585,422,39906
3,40331,3703,0.0,6586,422,39909
3,40334,3703,0.0,6587,422,39912
8,40342,3704,1.0,6588,422,39920
3,40345,3704,0.0,6589,422,39923
6,40351,3705,1.0,6590,422,39929
6,40357,3706,1.0,6591,422,39935
8,40365,3707,1.0,6592,422,39943
6,40371,3708,1.0,6593,422,39949
6,40377,3709,1.0,6594,422,39955
6,40383,3710,1.0,6595,422,39961
2,40385,3710,0.0,6596,422,39963
11,40396,3711,1.0,6597,422,39974
6,40402,3712,1.0,6598,422,39980
2,40404,3712,0.0,6599,422,39982
5,40409,3712,0.0,6600,422,39987
7,40416,3713,1.0,6601,422,39994
7,40423,3714,1.0,6602,422,40001
6,40429,3715,1.0,6603,422,40007
2,40431,3715,0.0,6604,422,40009
8,40439,3716,1.0,6605,422,40017
7,40446,3717,1.0,6606,422,40024
6,40452,3718,1.0,6607,422,40030
10,40462,3719,1.0,6608,422,40040
5,40467,3719,0.0,6609,422,40045
2,40469,3719,0.0,6610,422,40047
8,40477,3720,1.0,6611,422,40055
3,40480,3720,0.0,6612,422,40058
6,40486,3721,1.0,6613,422,40064
2,40488,3721,0.0,6614,422,40066
2,40490,3721,0.0,6615,422,40068
2,40492,3721,0.0,6616,422,40070
7,40499,3722,1.0,6617,422,40077
6,40505,3723,1.0,6618,422,40083
3,40508,3723,0.0,6619,422,40086
6,40514,3724,1.0,6620,422,40092
9,40523,3725,1.0,6621,422,40101
6,40529,3726,1.0,6622,422,40107
9,40538,3727,1.0,6623,422,40116
4,40542,3727,0.0,6624,422,40120
6,40548,3728,1.0,6625,422,40126
7,40555,3729,1.0,6626,422,40133
7,40562,3730,1.0,6627,422,40140
13,40575,3731,1.0,6628,422,40153
13,40588,3732,1.0,6629,422,40166
8,40596,3733,1.0,6630,422,40174
8,40604,3734,1.0,6631,422,40182
5,40609,3734,0.0,6632,422,40187
2,40611,3734,0.0,6633,422,40189
6,40617,3735,1.0,6634,422,40195
9,40626,3736,1.0,6635,422,40204
7,40633,3737,1.0,6636,422,40211
15,40648,3738,1.0,6637,422,40226
7,40655,3739,1.0,6638,422,40233
6,40661,3740,1.0,6639,422,40239
12,40673,3741,1.0,6640,422,40251
5,40678,3741,0.0,6641,422,40256
5,40683,3741,0.0,6642,422,40261
3,40686,3741,0.0,6643,422,40264
6,40692,3741,0.0,6644,422,40270
6,40698,3742,1.0,6645,422,40276
2,40700,3742,0.0,6646,422,40278
6,40706,3743,1.0,6647,422,40284
7,40713,3744,1.0,6648,422,40291
4,40717,3744,0.0,6649,422,40295
7,40724,3745,1.0,6650,422,40302
2,40726,3745,0.0,6651,422,40304
6,40732,3746,1.0,6652,422,40310
6,40738,3747,1.0,6653,422,40316
6,40744,3748,1.0,6654,422,40322
4,40748,3748,0.0,6655,422,40326
2,40750,3748,0.0,6656,422,40328
6,40756,3749,1.0,6657,422,40334
2,40758,3749,0.0,6658,422,40336
6,40764,3750,1.0,6659,422,40342
3,40767,3750,0.0,6660,422,40345
6,40773,3750,0.0,6661,422,40351
2,40775,3750,0.0,6662,422,40353
9,40784,3751,1.0,6663,422,40362
6,40790,3751,0.0,6664,422,40368
2,40792,3751,0.0,6665,422,40370
3,40795,3751,0.0,6666,422,40373
5,40800,3751,0.0,6667,422,40378
3,40803,3751,0.0,6668,422,40381
6,40809,3752,1.0,6669,422,40387
6,40815,3753,1.0,6670,422,40393
6,40821,3754,1.0,6671,422,40399
6,40827,3754,0.0,6672,422,40405
4,40831,3754,0.0,6673,422,40409
8,40839,3755,1.0,6674,422,40417
7,40846,3756,1.0,6675,422,40424
6,40852,3757,1.0,6676,422,40430
6,40858,3758,1.0,6677,422,40436
3,40861,3758,0.0,6678,422,40439
3,40864,3758,0.0,6679,422,40442
6,40870,3759,1.0,6680,422,40448
3,40873,3759,0.0,6681,422,40451
6,40879,3760,1.0,6682,422,40457
6,40885,3760,0.0,6683,422,40463
6,40891,3760,0.0,6684,422,40469
6,40897,3761,1.0,6685,422,40475
11,40908,3762,1.0,6686,422,40486
9,40917,3763,1.0,6687,422,40495
8,40925,3763,0.0,6688,422,40503
8,40933,3763,0.0,6689,422,40511
6,40939,3764,1.0,6690,422,40517
10,40949,3765,1.0,6691,422,40527
4,40953,3765,0.0,6692,422,40531
7,40960,3765,0.0,6693,422,40538
6,40966,3765,0.0,6694,422,40544
3,40969,3765,0.0,6695,422,40547
7,40976,3765,0.0,6696,422,40554
6,40982,3766,1.0,6697,422,40560
5,40987,3766,0.0,6698,422,40565
7,40994,3767,1.0,6699,422,40572
3,40997,3767,0.0,6700,422,40575
6,41003,3767,0.0,6701,422,40581
10,41013,3768,1.0,6702,422,40591
13,41026,3768,0.0,6703,422,40604
3,41029,3768,0.0,6704,422,40607
5,41034,3768,0.0,6705,422,40612
6,41040,3769,1.0,6706,422,40618
6,41046,3770,1.0,6707,422,40624
8,41054,3771,1.0,6708,422,40632
6,41060,3772,1.0,6709,422,40638
8,41068,3773,1.0,6710,422,40646
10,41078,3773,0.0,6711,422,40656
6,41084,3774,1.0,6712,422,40662
8,41092,3775,1.0,6713,422,40670
3,41095,3775,0.0,6714,422,40673
6,41101,3776,1.0,6715,422,40679
3,41104,3776,0.0,6716,422,40682
6,41110,3777,1.0,6717,422,40688
6,41116,3778,1.0,6718,422,40694
6,41122,3778,0.0,6719,422,40700
6,41128,3779,1.0,6720,422,40706
6,41134,3780,1.0,6721,422,40712
3,41137,3780,0.0,6722,422,40715
3,41140,3780,0.0,6723,422,40718
7,41147,3781,1.0,6724,422,40725
5,41152,3781,0.0,6725,422,40730
5,41157,3781,0.0,6726,422,40735
6,41163,3782,1.0,6727,422,40741
6,41169,3783,1.0,6728,422,40747
8,41177,3784,1.0,6729,422,40755
6,41183,3785,1.0,6730,422,40761
4,41187,3785,0.0,6731,422,40765
9,41196,3786,1.0,6732,422,40774
7,41203,3787,1.0,6733,422,40781
8,41211,3788,1.0,6734,422,40789
3,41214,3788,0.0,6735,422,40792
2,41216,3788,0.0,6736,422,40794
3,41219,3788,0.0,6737,422,40797
6,41225,3789,1.0,6738,422,40803
7,41232,3790,1.0,6739,422,40810
4,41236,3790,0.0,6740,422,40814
4,41240,3790,0.0,6741,422,40818
6,41246,3791,1.0,6742,422,40824
2,41248,3791,0.0,6743,422,40826
6,41254,3791,0.0,6744,422,40832
3,41257,3791,0.0,6745,422,40835
6,41263,3792,1.0,6746,422,40841
6,41269,3793,1.0,6747,422,40847
9,41278,3794,1.0,6748,422,40856
3,41281,3794,0.0,6749,422,40859
14,41295,3795,1.0,6750,422,40873
8,41303,3796,1.0,6751,422,40881
6,41309,3797,1.0,6752,422,40887
6,41315,3798,1.0,6753,422,40893
6,41321,3799,1.0,6754,422,40899
8,41329,3800,1.0,6755,422,40907
7,41336,3801,1.0,6756,422,40914
7,41343,3802,1.0,6757,422,40921
8,41351,3803,1.0,6758,422,40929
5,41356,3803,0.0,6759,422,40934
9,41365,3804,1.0,6760,422,40943
7,41372,3804,0.0,6761,422,40950
8,41380,3805,1.0,6762,422,40958
10,41390,3806,1.0,6763,422,40968
6,41396,3807,1.0,6764,422,40974
8,41404,3808,1.0,6765,422,40982
3,41407,3808,0.0,6766,422,40985
5,41412,3808,0.0,6767,422,40990
9,41421,3809,1.0,6768,422,40999
7,41428,3810,1.0,6769,422,41006
6,41434,3811,1.0,6770,422,41012
6,41440,3812,1.0,6771,422,41018
3,41443,3812,0.0,6772,422,41021
9,41452,3813,1.0,6773,422,41030
9,41461,3813,0.0,6774,422,41039
7,41468,3814,1.0,6775,422,41046
6,41474,3815,1.0,6776,422,41052
6,41480,3816,1.0,6777,422,41058
3,41483,3816,0.0,6778,422,41061
13,41496,3816,0.0,6779,422,41074
6,41502,3816,0.0,6780,422,41080
7,41509,3817,1.0,6781,422,41087
6,41515,3818,1.0,6782,422,41093
9,41524,3819,1.0,6783,422,41102
7,41531,3820,1.0,6784,422,41109
5,41536,3820,0.0,6785,422,41114
6,41542,3821,1.0,6786,422,41120
6,41548,3822,1.0,6787,422,41126
6,41554,3823,1.0,6788,422,41132
17,41571,3824,1.0,6789,422,41149
2,41573,3824,0.0,6790,422,41151
6,41579,3825,1.0,6791,422,41157
6,41585,3826,1.0,6792,422,41163
8,41593,3827,1.0,6793,422,41171
8,41601,3828,1.0,6794,422,41179
6,41607,3829,1.0,6795,422,41185
6,41613,3830,1.0,6796,422,41191
4,41617,3830,0.0,6797,422,41195
2,41619,3830,0.0,6798,422,41197
11,41630,3831,1.0,6799,422,41208
5,41635,3831,0.0,6800,422,41213
7,41642,3831,0.0,6801,422,41220
9,41651,3832,1.0,6802,422,41229
8,41659,3833,1.0,6803,422,41237
9,41668,3834,1.0,6804,422,41246
6,41674,3834,0.0,6805,422,41252
5,41679,3834,0.0,6806,422,41257
2,41681,3834,0.0,6807,422,41259
4,41685,3834,0.0,6808,422,41263
9,41694,3835,1.0,6809,422,41272
6,41700,3836,1.0,6810,422,41278
7,41707,3837,1.0,6811,422,41285
9,41716,3838,1.0,6812,422,41294
9,41725,3839,1.0,6813,422,41303
6,41731,3840,1.0,6814,422,41309
4,41735,3840,0.0,6815,422,41313
7,41742,3841,1.0,6816,422,41320
6,41748,3842,1.0,6817,422,41326
6,41754,3843,1.0,6818,422,41332
6,41760,3844,1.0,6819,422,41338
6,41766,3845,1.0,6820,422,41344
11,41777,3846,1.0,6821,422,41355
6,41783,3847,1.0,6822,422,41361
4,41787,3847,0.0,6823,422,41365
7,41794,3848,1.0,6824,422,41372
5,41799,3848,0.0,6825,422,41377
10,41809,3849,1.0,6826,422,41387
7,41816,3850,1.0,6827,422,41394
12,41828,3851,1.0,6828,422,41406
3,41831,3851,0.0,6829,422,41409
2,41833,3851,0.0,6830,422,41411
9,41842,3852,1.0,6831,422,41420
2,41844,3852,0.0,6832,422,41422
7,41851,3853,1.0,6833,422,41429
7,41858,3854,1.0,6834,422,41436
4,41862,3854,0.0,6835,422,41440
8,41870,3855,1.0,6836,422,41448
6,41876,3855,0.0,6837,422,41454
7,41883,3856,1.0,6838,422,41461
2,41885,3856,0.0,6839,422,41463
6,41891,3857,1.0,6840,422,41469
15,41906,3857,0.0,6841,422,41484
7,41913,3858,1.0,6842,422,41491
5,41918,3858,0.0,6843,422,41496
7,41925,3859,1.0,6844,422,41503
6,41931,3859,0.0,6845,422,41509
6,41937,3860,1.0,6846,422,41515
6,41943,3861,1.0,6847,422,41521
9,41952,3862,1.0,6848,422,41530
7,41959,3863,1.0,6849,422,41537
9,41968,3864,1.0,6850,422,41546
9,41977,3865,1.0,6851,422,41555
8,41985,3865,0.0,6852,422,41563
7,41992,3866,1.0,6853,422,41570
11,42003,3867,1.0,6854,422,41581
2,42005,3867,0.0,6855,422,41583
7,42012,3868,1.0,6856,422,41590
6,42018,3869,1.0,6857,422,41596
8,42026,3870,1.0,6858,422,41604
7,42033,3870,0.0,6859,422,41611
13,42046,3870,0.0,6860,422,41624
11,42057,3871,1.0,6861,422,41635
9,42066,3872,1.0,6862,422,41644
6,42072,3873,1.0,6863,422,41650
6,42078,3874,1.0,6864,422,41656
4,42082,3874,0.0,6865,422,41660
3,42085,3874,0.0,6866,422,41663
10,42095,3875,1.0,6867,422,41673
9,42104,3876,1.0,6868,422,41682
6,42110,3876,0.0,6869,422,41688
4,42114,3876,0.0,6870,422,41692
10,42124,3877,1.0,6871,422,41702
6,42130,3878,1.0,6872,422,41708
7,42137,3879,1.0,6873,422,41715
2,42139,3879,0.0,6874,422,41717
2,42141,3879,0.0,6875,422,41719
6,42147,3880,1.0,6876,422,41725
12,42159,3881,1.0,6877,422,41737
4,42163,3881,0.0,6878,422,41741
2,42165,3881,0.0,6879,422,41743
5,42170,3881,0.0,6880,422,41748
9,42179,3882,1.0,6881,422,41757
11,42190,3883,1.0,6882,422,41768
7,42197,3884,1.0,6883,422,41775
10,42207,3885,1.0,6884,422,41785
2,42209,3885,0.0,6885,422,41787
6,42215,3886,1.0,6886,422,41793
8,42223,3886,0.0,6887,422,41801
6,42229,3887,1.0,6888,422,41807
7,42236,3888,1.0,6889,422,41814
7,42243,3888,0.0,6890,422,41821
6,42249,3889,1.0,6891,422,41827
6,42255,3890,1.0,6892,422,41833
8,42263,3891,1.0,6893,422,41841
8,42271,3892,1.0,6894,422,41849
2,42273,3892,0.0,6895,422,41851
11,42284,3893,1.0,6896,422,41862
3,42287,3893,0.0,6897,422,41865
7,42294,3894,1.0,6898,422,41872
3,42297,3894,0.0,6899,422,41875
14,42311,3895,1.0,6900,422,41889
6,42317,3896,1.0,6901,422,41895
6,42323,3897,1.0,6902,422,41901
6,42329,3898,1.0,6903,422,41907
8,42337,3899,1.0,6904,422,41915
4,42341,3899,0.0,6905,422,41919
4,42345,3899,0.0,6906,422,41923
9,42354,3900,1.0,6907,422,41932
3,42357,3900,0.0,6908,422,41935
5,42362,3900,0.0,6909,422,41940
9,42371,3901,1.0,6910,422,41949
7,42378,3901,0.0,6911,422,41956
6,42384,3901,0.0,6912,422,41962
4,42388,3901,0.0,6913,422,41966
4,42392,3901,0.0,6914,422,41970
2,42394,3901,0.0,6915,422,41972
6,42400,3902,1.0,6916,422,41978
5,42405,3902,0.0,6917,422,41983
4,42409,3902,0.0,6918,422,41987
6,42415,3903,1.0,6919,422,41993
2,42417,3903,0.0,6920,422,41995
9,42426,3904,1.0,6921,422,42004
7,42433,3905,1.0,6922,422,42011
6,42439,3906,1.0,6923,422,42017
7,42446,3907,1.0,6924,422,42024
6,42452,3907,0.0,6925,422,42030
5,42457,3907,0.0,6926,422,42035
2,42459,3907,0.0,6927,422,42037
13,42472,3908,1.0,6928,422,42050
6,42478,3909,1.0,6929,422,42056
6,42484,3910,1.0,6930,422,42062
8,42492,3911,1.0,6931,422,42070
9,42501,3911,0.0,6932,422,42079
7,42508,3912,1.0,6933,422,42086
5,42513,3912,0.0,6934,422,42091
4,42517,3912,0.0,6935,422,42095
6,42523,3912,0.0,6936,422,42101
2,42525,3912,0.0,6937,422,42103
2,42527,3912,0.0,6938,422,42105
9,42536,3913,1.0,6939,422,42114
6,42542,3914,1.0,6940,422,42120
9,42551,3914,0.0,6941,422,42129
6,42557,3915,1.0,6942,422,42135
4,42561,3915,0.0,6943,422,42139
4,42565,3915,0.0,6944,422,42143
6,42571,3915,0.0,6945,422,42149
10,42581,3916,1.0,6946,422,42159
14,42595,3917,1.0,6947,422,42173
7,42602,3918,1.0,6948,422,42180
6,42608,3919,1.0,6949,422,42186
9,42617,3920,1.0,6950,422,42195
6,42623,3921,1.0,6951,422,42201
2,42625,3921,0.0,6952,422,42203
10,42635,3922,1.0,6953,422,42213
10,42645,3922,0.0,6954,422,42223
2,42647,3922,0.0,6955,422,42225
4,42651,3922,0.0,6956,422,42229
9,42660,3922,0.0,6957,422,42238
9,42669,3923,1.0,6958,422,42247
7,42676,3924,1.0,6959,422,42254
12,42688,3925,1.0,6960,422,42266
2,42690,3925,0.0,6961,422,42268
2,42692,3925,0.0,6962,422,42270
6,42698,3926,1.0,6963,422,42276
4,42702,3926,0.0,6964,422,42280
7,42709,3927,1.0,6965,422,42287
6,42715,3928,1.0,6966,422,42293
6,42721,3929,1.0,6967,422,42299
11,42732,3930,1.0,6968,422,42310
6,42738,3931,1.0,6969,422,42316
4,42742,3931,0.0,6970,422,42320
2,42744,3931,0.0,6971,422,42322
12,42756,3932,1.0,6972,422,42334
2,42758,3932,0.0,6973,422,42336
7,42765,3932,0.0,6974,422,42343
8,42773,3933,1.0,6975,422,42351
5,42778,3933,0.0,6976,422,42356
6,42784,3934,1.0,6977,422,42362
6,42790,3935,1.0,6978,422,42368
6,42796,3936,1.0,6979,422,42374
10,42806,3936,0.0,6980,422,42384
13,42819,3936,0.0,6981,422,42397
7,42826,3937,1.0,6982,422,42404
9,42835,3938,1.0,6983,422,42413
7,42842,3938,0.0,6984,422,42420
6,42848,3939,1.0,6985,422,42426
2,42850,3939,0.0,6986,422,42428
6,42856,3939,0.0,6987,422,42434
2,42858,3939,0.0,6988,422,42436
8,42866,3940,1.0,6989,422,42444
7,42873,3941,1.0,6990,422,42451
7,42880,3942,1.0,6991,422,42458
7,42887,3943,1.0,6992,422,42465
5,42892,3943,0.0,6993,422,42470
13,42905,3944,1.0,6994,422,42483
4,42909,3944,0.0,6995,422,42487
9,42918,3945,1.0,6996,422,42496
6,42924,3946,1.0,6997,422,42502
8,42932,3947,1.0,6998,422,42510
5,42937,3947,0.0,6999,422,42515
2,42939,3947,0.0,7000,422,42517
7,42946,3948,1.0,7001,422,42524
8,42954,3949,1.0,7002,422,42532
7,42961,3950,1.0,7003,422,42539
6,42967,3951,1.0,7004,422,42545
6,42973,3952,1.0,7005,422,42551
6,42979,3953,1.0,7006,422,42557
3,42982,3953,0.0,7007,422,42560
2,42984,3953,0.0,7008,422,42562
10,42994,3954,1.0,7009,422,42572
6,43000,3955,1.0,7010,422,42578
7,43007,3956,1.0,7011,422,42585
6,43013,3957,1.0,7012,422,42591
3,43016,3957,0.0,7013,422,42594
6,43022,3958,1.0,7014,422,42600
2,43024,3958,0.0,7015,422,42602
11,43035,3959,1.0,7016,422,42613
2,43037,3959,0.0,7017,422,42615
11,43048,3960,1.0,7018,422,42626
6,43054,3960,0.0,7019,422,42632
9,43063,3961,1.0,7020,422,42641
4,43067,3961,0.0,7021,422,42645
11,43078,3962,1.0,7022,422,42656
6,43084,3963,1.0,7023,422,42662
6,43090,3964,1.0,7024,422,42668
6,43096,3965,1.0,7025,422,42674
6,43102,3966,1.0,7026,422,42680
9,43111,3967,1.0,7027,422,42689
6,43117,3968,1.0,7028,422,42695
7,43124,3969,1.0,7029,422,42702
7,43131,3970,1.0,7030,422,42709
4,43135,3970,0.0,7031,422,42713
7,43142,3971,1.0,7032,422,42720
12,43154,3972,1.0,7033,422,42732
8,43162,3973,1.0,7034,422,42740
8,43170,3974,1.0,7035,422,42748
5,43175,3974,0.0,7036,422,42753
2,43177,3974,0.0,7037,422,42755
7,43184,3975,1.0,7038,422,42762
7,43191,3975,0.0,7039,422,42769
8,43199,3976,1.0,7040,422,42777
6,43205,3977,1.0,7041,422,42783
8,43213,3978,1.0,7042,422,42791
6,43219,3979,1.0,7043,422,42797
8,43227,3980,1.0,7044,422,42805
11,43238,3981,1.0,7045,422,42816
6,43244,3981,0.0,7046,422,42822
6,43250,3982,1.0,7047,422,42828
8,43258,3982,0.0,7048,422,42836
6,43264,3983,1.0,7049,422,42842
7,43271,3984,1.0,7050,422,42849
4,43275,3984,0.0,7051,422,42853
4,43279,3984,0.0,7052,422,42857
6,43285,3985,1.0,7053,422,42863
8,43293,3986,1.0,7054,422,42871
7,43300,3987,1.0,7055,422,42878
11,43311,3988,1.0,7056,422,42889
9,43320,3989,1.0,7057,422,42898
7,43327,3990,1.0,7058,422,42905
9,43336,3991,1.0,7059,422,42914
8,43344,3992,1.0,7060,422,42922
2,43346,3992,0.0,7061,422,42924
7,43353,3993,1.0,7062,422,42931
7,43360,3994,1.0,7063,422,42938
6,43366,3995,1.0,7064,422,42944
10,43376,3996,1.0,7065,422,42954
8,43384,3997,1.0,7066,422,42962
9,43393,3998,1.0,7067,422,42971
10,43403,3999,1.0,7068,422,42981
7,43410,4000,1.0,7069,422,42988
7,43417,4000,0.0,7070,422,42995
7,43424,4001,1.0,7071,422,43002
2,43426,4001,0.0,7072,422,43004
3,43429,4001,0.0,7073,422,43007
6,43435,4002,1.0,7074,422,43013
9,43444,4003,1.0,7075,422,43022
4,43448,4003,0.0,7076,422,43026
9,43457,4003,0.0,7077,422,43035
6,43463,4003,0.0,7078,422,43041
10,43473,4004,1.0,7079,422,43051
5,43478,4004,0.0,7080,422,43056
8,43486,4005,1.0,7081,422,43064
2,43488,4005,0.0,7082,422,43066
6,43494,4006,1.0,7083,422,43072
4,43498,4006,0.0,7084,422,43076
8,43506,4007,1.0,7085,422,43084
9,43515,4008,1.0,7086,422,43093
4,43519,4008,0.0,7087,422,43097
2,43521,4008,0.0,7088,422,43099
10,43531,4009,1.0,7089,422,43109
9,43540,4009,0.0,7090,422,43118
6,43546,4010,1.0,7091,422,43124
4,43550,4010,0.0,7092,422,43128
8,43558,4011,1.0,7093,422,43136
7,43565,4011,0.0,7094,422,43143
7,43572,4012,1.0,7095,422,43150
6,43578,4013,1.0,7096,422,43156
7,43585,4014,1.0,7097,422,43163
2,43587,4014,0.0,7098,422,43165
6,43593,4015,1.0,7099,422,43171
10,43603,4015,0.0,7100,422,43181
7,43610,4016,1.0,7101,422,43188
7,43617,4016,0.0,7102,422,43195
7,43624,4017,1.0,7103,422,43202
2,43626,4017,0.0,7104,422,43204
2,43628,4017,0.0,7105,422,43206
12,43640,4017,0.0,7106,422,43218
7,43647,4018,1.0,7107,422,43225
4,43651,4018,0.0,7108,422,43229
8,43659,4019,1.0,7109,422,43237
4,43663,4019,0.0,7110,422,43241
5,43668,4019,0.0,7111,422,43246
11,43679,4020,1.0,7112,422,43257
4,43683,4020,0.0,7113,422,43261
9,43692,4021,1.0,7114,422,43270
6,43698,4022,1.0,7115,422,43276
8,43706,4023,1.0,7116,422,43284
7,43713,4024,1.0,7117,422,43291
4,43717,4024,0.0,7118,422,43295
9,43726,4025,1.0,7119,422,43304
5,43731,4025,0.0,7120,422,43309
11,43742,4026,1.0,7121,422,43320
8,43750,4027,1.0,7122,422,43328
10,43760,4028,1.0,7123,422,43338
6,43766,4029,1.0,7124,422,43344
6,43772,4030,1.0,7125,422,43350
2,43774,4030,0.0,7126,422,43352
9,43783,4030,0.0,7127,422,43361
9,43792,4031,1.0,7128,422,43370
3,43795,4031,0.0,7129,422,43373
10,43805,4032,1.0,7130,422,43383
8,43813,4033,1.0,7131,422,43391
7,43820,4034,1.0,7132,422,43398
7,43827,4035,1.0,7133,422,43405
7,43834,4036,1.0,7134,422,43412
3,43837,4036,0.0,7135,422,43415
8,43845,4037,1.0,7136,422,43423
4,43849,4037,0.0,7137,422,43427
4,43853,4037,0.0,7138,422,43431
6,43859,4038,1.0,7139,422,43437
2,43861,4038,0.0,7140,422,43439
10,43871,4039,1.0,7141,422,43449
9,43880,4040,1.0,7142,422,43458
2,43882,4040,0.0,7143,422,43460
4,43886,4040,0.0,7144,422,43464
6,43892,4041,1.0,7145,422,43470
8,43900,4042,1.0,7146,422,43478
6,43906,4043,1.0,7147,422,43484
5,43911,4043,0.0,7148,422,43489
3,43914,4043,0.0,7149,422,43492
7,43921,4044,1.0,7150,422,43499
6,43927,4045,1.0,7151,422,43505
3,43930,4045,0.0,7152,422,43508
6,43936,4046,1.0,7153,422,43514
2,43938,4046,0.0,7154,422,43516
7,43945,4047,1.0,7155,422,43523
7,43952,4048,1.0,7156,422,43530
6,43958,4048,0.0,7157,422,43536
6,43964,4049,1.0,7158,422,43542
3,43967,4049,0.0,7159,422,43545
8,43975,4050,1.0,7160,422,43553
4,43979,4050,0.0,7161,422,43557
5,43984,4050,0.0,7162,422,43562
4,43988,4050,0.0,7163,422,43566
6,43994,4051,1.0,7164,422,43572
6,44000,4052,1.0,7165,422,43578
6,44006,4053,1.0,7166,422,43584
3,44009,4053,0.0,7167,422,43587
6,44015,4054,1.0,7168,422,43593
6,44021,4055,1.0,7169,422,43599
5,44026,4055,0.0,7170,422,43604
6,44032,4056,1.0,7171,422,43610
6,44038,4057,1.0,7172,422,43616
4,44042,4057,0.0,7173,422,43620
6,44048,4058,1.0,7174,422,43626
6,44054,4059,1.0,7175,422,43632
3,44057,4059,0.0,7176,422,43635
3,44060,4059,0.0,7177,422,43638
3,44063,4059,0.0,7178,422,43641
10,44073,4060,1.0,7179,422,43651
7,44080,4061,1.0,7180,422,43658
10,44090,4062,1.0,7181,422,43668
4,44094,4062,0.0,7182,422,43672
7,44101,4063,1.0,7183,422,43679
9,44110,4064,1.0,7184,422,43688
6,44116,4065,1.0,7185,422,43694
3,44119,4065,0.0,7186,422,43697
4,44123,4065,0.0,7187,422,43701
6,44129,4066,1.0,7188,422,43707
9,44138,4067,1.0,7189,422,43716
14,44152,4068,1.0,7190,422,43730
10,44162,4069,1.0,7191,422,43740
8,44170,4070,1.0,7192,422,43748
4,44174,4070,0.0,7193,422,43752
9,44183,4071,1.0,7194,422,43761
6,44189,4071,0.0,7195,422,43767
7,44196,4072,1.0,7196,422,43774
6,44202,4073,1.0,7197,422,43780
6,44208,4073,0.0,7198,422,43786
6,44214,4074,1.0,7199,422,43792
7,44221,4075,1.0,7200,422,43799
7,44228,4076,1.0,7201,422,43806
7,44235,4077,1.0,7202,422,43813
6,44241,4078,1.0,7203,422,43819
8,44249,4079,1.0,7204,422,43827
13,44262,4080,1.0,7205,422,43840
6,44268,4081,1.0,7206,422,43846
6,44274,4082,1.0,7207,422,43852
8,44282,4082,0.0,7208,422,43860
8,44290,4083,1.0,7209,422,43868
2,44292,4083,0.0,7210,422,43870
6,44298,4084,1.0,7211,422,43876
6,44304,4085,1.0,7212,422,43882
4,44308,4085,0.0,7213,422,43886
3,44311,4085,0.0,7214,422,43889
6,44317,4086,1.0,7215,422,43895
8,44325,4086,0.0,7216,422,43903
4,44329,4086,0.0,7217,422,43907
6,44335,4087,1.0,7218,422,43913
7,44342,4088,1.0,7219,422,43920
6,44348,4089,1.0,7220,422,43926
6,44354,4090,1.0,7221,422,43932
4,44358,4090,0.0,7222,422,43936
6,44364,4091,1.0,7223,422,43942
6,44370,4092,1.0,7224,422,43948
10,44380,4093,1.0,7225,422,43958
9,44389,4094,1.0,7226,422,43967
6,44395,4095,1.0,7227,422,43973
6,44401,4096,1.0,7228,422,43979
2,44403,4096,0.0,7229,422,43981
6,44409,4097,1.0,7230,422,43987
7,44416,4098,1.0,7231,422,43994
10,44426,4099,1.0,7232,422,44004
6,44432,4100,1.0,7233,422,44010
4,44436,4100,0.0,7234,422,44014
5,44441,4100,0.0,7235,422,44019
7,44448,4101,1.0,7236,422,44026
8,44456,4102,1.0,7237,422,44034
10,44466,4103,1.0,7238,422,44044
9,44475,4104,1.0,7239,422,44053
6,44481,4105,1.0,7240,422,44059
7,44488,4105,0.0,7241,422,44066
11,44499,4106,1.0,7242,422,44077
7,44506,4107,1.0,7243,422,44084
2,44508,4107,0.0,7244,422,44086
2,44510,4107,0.0,7245,422,44088
9,44519,4108,1.0,7246,422,44097
14,44533,4109,1.0,7247,422,44111
6,44539,4109,0.0,7248,422,44117
6,44545,4109,0.0,7249,422,44123
7,44552,4110,1.0,7250,422,44130
6,44558,4111,1.0,7251,422,44136
8,44566,4112,1.0,7252,422,44144
9,44575,4113,1.0,7253,422,44153
7,44582,4114,1.0,7254,422,44160
4,44586,4114,0.0,7255,422,44164
7,44593,4115,1.0,7256,422,44171
6,44599,4116,1.0,7257,422,44177
13,44612,4117,1.0,7258,422,44190
15,44627,4118,1.0,7259,422,44205
2,44629,4118,0.0,7260,422,44207
6,44635,4119,1.0,7261,422,44213
14,44649,4120,1.0,7262,422,44227
10,44659,4121,1.0,7263,422,44237
12,44671,4122,1.0,7264,422,44249
3,44674,4122,0.0,7265,422,44252
9,44683,4123,1.0,7266,422,44261
10,44693,4124,1.0,7267,422,44271
7,44700,4125,1.0,7268,422,44278
4,44704,4125,0.0,7269,422,44282
4,44708,4125,0.0,7270,422,44286
6,44714,4126,1.0,7271,422,44292
3,44717,4126,0.0,7272,422,44295
8,44725,4127,1.0,7273,422,44303
4,44729,4127,0.0,7274,422,44307
3,44732,4127,0.0,7275,422,44310
7,44739,4127,0.0,7276,422,44317
6,44745,4128,1.0,7277,422,44323
2,44747,4128,0.0,7278,422,44325
6,44753,4129,1.0,7279,422,44331
7,44760,4130,1.0,7280,422,44338
9,44769,4130,0.0,7281,422,44347
5,44774,4130,0.0,7282,422,44352
12,44786,4131,1.0,7283,422,44364
6,44792,4132,1.0,7284,422,44370
7,44799,4133,1.0,7285,422,44377
8,44807,4134,1.0,7286,422,44385
5,44812,4134,0.0,7287,422,44390
3,44815,4134,0.0,7288,422,44393
2,44817,4134,0.0,7289,422,44395
10,44827,4135,1.0,7290,422,44405
6,44833,4136,1.0,7291,422,44411
6,44839,4137,1.0,7292,422,44417
13,44852,4138,1.0,7293,422,44430
8,44860,4139,1.0,7294,422,44438
4,44864,4139,0.0,7295,422,44442
6,44870,4140,1.0,7296,422,44448
2,44872,4140,0.0,7297,422,44450
3,44875,4140,0.0,7298,422,44453
12,44887,4140,0.0,7299,422,44465
4,44891,4140,0.0,7300,422,44469
6,44897,4141,1.0,7301,422,44475
3,44900,4141,0.0,7302,422,44478
2,44902,4141,0.0,7303,422,44480
2,44904,4141,0.0,7304,422,44482
6,44910,4142,1.0,7305,422,44488
12,44922,4143,1.0,7306,422,44500
11,44933,4144,1.0,7307,422,44511
6,44939,4145,1.0,7308,422,44517
12,44951,4146,1.0,7309,422,44529
6,44957,4146,0.0,7310,422,44535
7,44964,4147,1.0,7311,422,44542
6,44970,4148,1.0,7312,422,44548
6,44976,4149,1.0,7313,422,44554
2,44978,4149,0.0,7314,422,44556
4,44982,4149,0.0,7315,422,44560
3,44985,4149,0.0,7316,422,44563
8,44993,4150,1.0,7317,422,44571
6,44999,4151,1.0,7318,422,44577
8,45007,4152,1.0,7319,422,44585
5,45012,4152,0.0,7320,422,44590
8,45020,4153,1.0,7321,422,44598
12,45032,4154,1.0,7322,422,44610
4,45036,4154,0.0,7323,422,44614
2,45038,4154,0.0,7324,422,44616
6,45044,4155,1.0,7325,422,44622
2,45046,4155,0.0,7326,422,44624
7,45053,4156,1.0,7327,422,44631
12,45065,4157,1.0,7328,422,44643
6,45071,4158,1.0,7329,422,44649
6,45077,4159,1.0,7330,422,44655
6,45083,4160,1.0,7331,422,44661
7,45090,4161,1.0,7332,422,44668
6,45096,4162,1.0,7333,422,44674
3,45099,4162,0.0,7334,422,44677
6,45105,4163,1.0,7335,422,44683
11,45116,4164,1.0,7336,422,44694
3,45119,4164,0.0,7337,422,44697
12,45131,4165,1.0,7338,422,44709
4,45135,4165,0.0,7339,422,44713
2,45137,4165,0.0,7340,422,44715
8,45145,4165,0.0,7341,422,44723
7,45152,4165,0.0,7342,422,44730
5,45157,4165,0.0,7343,422,44735
7,45164,4166,1.0,7344,422,44742
6,45170,4167,1.0,7345,422,44748
8,45178,4168,1.0,7346,422,44756
8,45186,4169,1.0,7347,422,44764
6,45192,4169,0.0,7348,422,44770
4,45196,4169,0.0,7349,422,44774
2,45198,4169,0.0,7350,422,44776
5,45203,4169,0.0,7351,422,44781
8,45211,4170,1.0,7352,422,44789
5,45216,4170,0.0,7353,422,44794
5,45221,4170,0.0,7354,422,44799
6,45227,4171,1.0,7355,422,44805
7,45234,4172,1.0,7356,422,44812
6,45240,4173,1.0,7357,422,44818
6,45246,4174,1.0,7358,422,44824
2,45248,4174,0.0,7359,422,44826
6,45254,4175,1.0,7360,422,44832
13,45267,4176,1.0,7361,422,44845
12,45279,4177,1.0,7362,422,44857
6,45285,4178,1.0,7363,422,44863
6,45291,4179,1.0,7364,422,44869
2,45293,4179,0.0,7365,422,44871
8,45301,4180,1.0,7366,422,44879
8,45309,4181,1.0,7367,422,44887
6,45315,4182,1.0,7368,422,44893
7,45322,4183,1.0,7369,422,44900
7,45329,4184,1.0,7370,422,44907
6,45335,4185,1.0,7371,422,44913
8,45343,4186,1.0,7372,422,44921
5,45348,4186,0.0,7373,422,44926
6,45354,4187,1.0,7374,422,44932
11,45365,4188,1.0,7375,422,44943
6,45371,4188,0.0,7376,422,44949
9,45380,4189,1.0,7377,422,44958
8,45388,4189,0.0,7378,422,44966
7,45395,4190,1.0,7379,422,44973
6,45401,4191,1.0,7380,422,44979
8,45409,4192,1.0,7381,422,44987
3,45412,4192,0.0,7382,422,44990
8,45420,4193,1.0,7383,422,44998
7,45427,4194,1.0,7384,422,45005
11,45438,4195,1.0,7385,422,45016
8,45446,4195,0.0,7386,422,45024
3,45449,4195,0.0,7387,422,45027
3,45452,4195,0.0,7388,422,45030
8,45460,4196,1.0,7389,422,45038
2,45462,4196,0.0,7390,422,45040
4,45466,4196,0.0,7391,422,45044
4,45470,4196,0.0,7392,422,45048
4,45474,4196,0.0,7393,422,45052
6,45480,4197,1.0,7394,422,45058
4,45484,4197,0.0,7395,422,45062
8,45492,4198,1.0,7396,422,45070
3,45495,4198,0.0,7397,422,45073
4,45499,4198,0.0,7398,422,45077
6,45505,4199,1.0,7399,422,45083
6,45511,4200,1.0,7400,422,45089
7,45518,4201,1.0,7401,422,45096
3,45521,4201,0.0,7402,422,45099
5,45526,4201,0.0,7403,422,45104
5,45531,4201,0.0,7404,422,45109
4,45535,4201,0.0,7405,422,45113
6,45541,4202,1.0,7406,422,45119
8,45549,4203,1.0,7407,422,45127
7,45556,4204,1.0,7408,422,45134
4,45560,4204,0.0,7409,422,45138
6,45566,4205,1.0,7410,422,45144
8,45574,4206,1.0,7411,422,45152
2,45576,4206,0.0,7412,422,45154
6,45582,4207,1.0,7413,422,45160
10,45592,4208,1.0,7414,422,45170
7,45599,4209,1.0,7415,422,45177
6,45605,4209,0.0,7416,422,45183
4,45609,4209,0.0,7417,422,45187
4,45613,4209,0.0,7418,422,45191
4,45617,4209,0.0,7419,422,45195
12,45629,4210,1.0,7420,422,45207
5,45634,4210,0.0,7421,422,45212
6,45640,4211,1.0,7422,422,45218
8,45648,4212,1.0,7423,422,45226
6,45654,4212,0.0,7424,422,45232
6,45660,4213,1.0,7425,422,45238
6,45666,4214,1.0,7426,422,45244
8,45674,4215,1.0,7427,422,45252
4,45678,4215,0.0,7428,422,45256
6,45684,4216,1.0,7429,422,45262
6,45690,4217,1.0,7430,422,45268
3,45693,4217,0.0,7431,422,45271
5,45698,4217,0.0,7432,422,45276
7,45705,4218,1.0,7433,422,45283
9,45714,4219,1.0,7434,422,45292
3,45717,4219,0.0,7435,422,45295
10,45727,4220,1.0,7436,422,45305
2,45729,4220,0.0,7437,422,45307
6,45735,4220,0.0,7438,422,45313
6,45741,4221,1.0,7439,422,45319
3,45744,4221,0.0,7440,422,45322
6,45750,4222,1.0,7441,422,45328
4,45754,4222,0.0,7442,422,45332
6,45760,4223,1.0,7443,422,45338
16,45776,4223,0.0,7444,422,45354
6,45782,4224,1.0,7445,422,45360
6,45788,4225,1.0,7446,422,45366
2,45790,4225,0.0,7447,422,45368
6,45796,4226,1.0,7448,422,45374
3,45799,4226,0.0,7449,422,45377
7,45806,4226,0.0,7450,422,45384
10,45816,4227,1.0,7451,422,45394
9,45825,4228,1.0,7452,422,45403
2,45827,4228,0.0,7453,422,45405
6,45833,4229,1.0,7454,422,45411
6,45839,4230,1.0,7455,422,45417
4,45843,4230,0.0,7456,422,45421
7,45850,4231,1.0,7457,422,45428
7,45857,4232,1.0,7458,422,45435
6,45863,4233,1.0,7459,422,45441
6,45869,4234,1.0,7460,422,45447
2,45871,4234,0.0,7461,422,45449
7,45878,4235,1.0,7462,422,45456
8,45886,4236,1.0,7463,422,45464
3,45889,4236,0.0,7464,422,45467
7,45896,4237,1.0,7465,422,45474
9,45905,4238,1.0,7466,422,45483
7,45912,4238,0.0,7467,422,45490
8,45920,4239,1.0,7468,422,45498
3,45923,4239,0.0,7469,422,45501
2,45925,4239,0.0,7470,422,45503
2,45927,4239,0.0,7471,422,45505
6,45933,4240,1.0,7472,422,45511
2,45935,4240,0.0,7473,422,45513
3,45938,4240,0.0,7474,422,45516
8,45946,4241,1.0,7475,422,45524
6,45952,4242,1.0,7476,422,45530
7,45959,4242,0.0,7477,422,45537
9,45968,4243,1.0,7478,422,45546
2,45970,4243,0.0,7479,422,45548
6,45976,4243,0.0,7480,422,45554
2,45978,4243,0.0,7481,422,45556
6,45984,4244,1.0,7482,422,45562
6,45990,4245,1.0,7483,422,45568
3,45993,4245,0.0,7484,422,45571
12,46005,4246,1.0,7485,422,45583
4,46009,4246,0.0,7486,422,45587
6,46015,4246,0.0,7487,422,45593
8,46023,4247,1.0,7488,422,45601
3,46026,4247,0.0,7489,422,45604
9,46035,4248,1.0,7490,422,45613
2,46037,4248,0.0,7491,422,45615
2,46039,4248,0.0,7492,422,45617
2,46041,4248,0.0,7493,422,45619
6,46047,4249,1.0,7494,422,45625
6,46053,4250,1.0,7495,422,45631
9,46062,4251,1.0,7496,422,45640
10,46072,4252,1.0,7497,422,45650
6,46078,4253,1.0,7498,422,45656
4,46082,4253,0.0,7499,422,45660
7,46089,4254,1.0,7500,422,45667
2,46091,4254,0.0,7501,422,45669
6,46097,4255,1.0,7502,422,45675
5,46102,4255,0.0,7503,422,45680
4,46106,4255,0.0,7504,422,45684
6,46112,4256,1.0,7505,422,45690
6,46118,4257,1.0,7506,422,45696
7,46125,4258,1.0,7507,422,45703
12,46137,4259,1.0,7508,422,45715
2,46139,4259,0.0,7509,422,45717
8,46147,4260,1.0,7510,422,45725
3,46150,4260,0.0,7511,422,45728
8,46158,4260,0.0,7512,422,45736
3,46161,4260,0.0,7513,422,45739
6,46167,4261,1.0,7514,422,45745
8,46175,4262,1.0,7515,422,45753
2,46177,4262,0.0,7516,422,45755
6,46183,4263,1.0,7517,422,45761
6,46189,4263,0.0,7518,422,45767
8,46197,4264,1.0,7519,422,45775
9,46206,4265,1.0,7520,422,45784
8,46214,4265,0.0,7521,422,45792
5,46219,4265,0.0,7522,422,45797
6,46225,4266,1.0,7523,422,45803
7,46232,4266,0.0,7524,422,45810
5,46237,4266,0.0,7525,422,45815
7,46244,4267,1.0,7526,422,45822
4,46248,4267,0.0,7527,422,45826
13,46261,4268,1.0,7528,422,45839
3,46264,4268,0.0,7529,422,45842
8,46272,4269,1.0,7530,422,45850
11,46283,4270,1.0,7531,422,45861
7,46290,4271,1.0,7532,422,45868
8,46298,4272,1.0,7533,422,45876
2,46300,4272,0.0,7534,422,45878
6,46306,4273,1.0,7535,422,45884
2,46308,4273,0.0,7536,422,45886
11,46319,4274,1.0,7537,422,45897
6,46325,4275,1.0,7538,422,45903
2,46327,4275,0.0,7539,422,45905
7,46334,4275,0.0,7540,422,45912
4,46338,4275,0.0,7541,422,45916
6,46344,4276,1.0,7542,422,45922
7,46351,4277,1.0,7543,422,45929
6,46357,4278,1.0,7544,422,45935
2,46359,4278,0.0,7545,422,45937
6,46365,4279,1.0,7546,422,45943
2,46367,4279,0.0,7547,422,45945
7,46374,4280,1.0,7548,422,45952
2,46376,4280,0.0,7549,422,45954
4,46380,4280,0.0,7550,422,45958
6,46386,4281,1.0,7551,422,45964
2,46388,4281,0.0,7552,422,45966
6,46394,4282,1.0,7553,422,45972
6,46400,4283,1.0,7554,422,45978
6,46406,4284,1.0,7555,422,45984
5,46411,4284,0.0,7556,422,45989
6,46417,4285,1.0,7557,422,45995
6,46423,4286,1.0,7558,422,46001
6,46429,4287,1.0,7559,422,46007
3,46432,4287,0.0,7560,422,46010
6,46438,4288,1.0,7561,422,46016
7,46445,4289,1.0,7562,422,46023
11,46456,4290,1.0,7563,422,46034
6,46462,4291,1.0,7564,422,46040
9,46471,4292,1.0,7565,422,46049
6,46477,4293,1.0,7566,422,46055
8,46485,4294,1.0,7567,422,46063
10,46495,4294,0.0,7568,422,46073
4,46499,4294,0.0,7569,422,46077
4,46503,4294,0.0,7570,422,46081
3,46506,4294,0.0,7571,422,46084
9,46515,4295,1.0,7572,422,46093
4,46519,4295,0.0,7573,422,46097
6,46525,4295,0.0,7574,422,46103
6,46531,4296,1.0,7575,422,46109
6,46537,4297,1.0,7576,422,46115
11,46548,4298,1.0,7577,422,46126
10,46558,4299,1.0,7578,422,46136
6,46564,4300,1.0,7579,422,46142
10,46574,4301,1.0,7580,422,46152
7,46581,4302,1.0,7581,422,46159
8,46589,4303,1.0,7582,422,46167
6,46595,4304,1.0,7583,422,46173
7,46602,4304,0.0,7584,422,46180
6,46608,4305,1.0,7585,422,46186
4,46612,4305,0.0,7586,422,46190
6,46618,4306,1.0,7587,422,46196
9,46627,4307,1.0,7588,422,46205
6,46633,4308,1.0,7589,422,46211
7,46640,4309,1.0,7590,422,46218
7,46647,4310,1.0,7591,422,46225
10,46657,4310,0.0,7592,422,46235
9,46666,4311,1.0,7593,422,46244
4,46670,4311,0.0,7594,422,46248
11,46681,4312,1.0,7595,422,46259
3,46684,4312,0.0,7596,422,46262
8,46692,4313,1.0,7597,422,46270
6,46698,4314,1.0,7598,422,46276
6,46704,4315,1.0,7599,422,46282
6,46710,4316,1.0,7600,422,46288
2,46712,4316,0.0,7601,422,46290
6,46718,4317,1.0,7602,422,46296
6,46724,4318,1.0,7603,422,46302
9,46733,4319,1.0,7604,422,46311
6,46739,4320,1.0,7605,422,46317
2,46741,4320,0.0,7606,422,46319
3,46744,4320,0.0,7607,422,46322
8,46752,4321,1.0,7608,422,46330
7,46759,4322,1.0,7609,422,46337
11,46770,4323,1.0,7610,422,46348
8,46778,4324,1.0,7611,422,46356
8,46786,4325,1.0,7612,422,46364
7,46793,4326,1.0,7613,422,46371
3,46796,4326,0.0,7614,422,46374
6,46802,4327,1.0,7615,422,46380
5,46807,4327,0.0,7616,422,46385
6,46813,4328,1.0,7617,422,46391
10,46823,4329,1.0,7618,422,46401
8,46831,4330,1.0,7619,422,46409
7,46838,4331,1.0,7620,422,46416
10,46848,4332,1.0,7621,422,46426
7,46855,4333,1.0,7622,422,46433
11,46866,4334,1.0,7623,422,46444
3,46869,4334,0.0,7624,422,46447
7,46876,4335,1.0,7625,422,46454
2,46878,4335,0.0,7626,422,46456
5,46883,4335,0.0,7627,422,46461
9,46892,4336,1.0,7628,422,46470
9,46901,4337,1.0,7629,422,46479
2,46903,4337,0.0,7630,422,46481
4,46907,4337,0.0,7631,422,46485
8,46915,4338,1.0,7632,422,46493
10,46925,4339,1.0,7633,422,46503
4,46929,4339,0.0,7634,422,46507
5,46934,4339,0.0,7635,422,46512
6,46940,4340,1.0,7636,422,46518
8,46948,4341,1.0,7637,422,46526
6,46954,4342,1.0,7638,422,46532
10,46964,4343,1.0,7639,422,46542
8,46972,4344,1.0,7640,422,46550
6,46978,4345,1.0,7641,422,46556
6,46984,4346,1.0,7642,422,46562
10,46994,4347,1.0,7643,422,46572
8,47002,4348,1.0,7644,422,46580
9,47011,4349,1.0,7645,422,46589
3,47014,4349,0.0,7646,422,46592
6,47020,4350,1.0,7647,422,46598
6,47026,4351,1.0,7648,422,46604
8,47034,4352,1.0,7649,422,46612
3,47037,4352,0.0,7650,422,46615
6,47043,4353,1.0,7651,422,46621
2,47045,4353,0.0,7652,422,46623
8,47053,4354,1.0,7653,422,46631
8,47061,4355,1.0,7654,422,46639
9,47070,4356,1.0,7655,422,46648
7,47077,4357,1.0,7656,422,46655
6,47083,4358,1.0,7657,422,46661
9,47092,4359,1.0,7658,422,46670
2,47094,4359,0.0,7659,422,46672
9,47103,4360,1.0,7660,422,46681
3,47106,4360,0.0,7661,422,46684
6,47112,4361,1.0,7662,422,46690
10,47122,4362,1.0,7663,422,46700
6,47128,4363,1.0,7664,422,46706
6,47134,4364,1.0,7665,422,46712
3,47137,4364,0.0,7666,422,46715
7,47144,4365,1.0,7667,422,46722
8,47152,4366,1.0,7668,422,46730
6,47158,4367,1.0,7669,422,46736
11,47169,4368,1.0,7670,422,46747
7,47176,4369,1.0,7671,422,46754
8,47184,4370,1.0,7672,422,46762
3,47187,4370,0.0,7673,422,46765
5,47192,4370,0.0,7674,422,46770
6,47198,4370,0.0,7675,422,46776
4,47202,4370,0.0,7676,422,46780
4,47206,4370,0.0,7677,422,46784
9,47215,4371,1.0,7678,422,46793
7,47222,4372,1.0,7679,422,46800
5,47227,4372,0.0,7680,422,46805
13,47240,4373,1.0,7681,422,46818
8,47248,4374,1.0,7682,422,46826
9,47257,4375,1.0,7683,422,46835
8,47265,4376,1.0,7684,422,46843
7,47272,4377,1.0,7685,422,46850
8,47280,4377,0.0,7686,422,46858
6,47286,4378,1.0,7687,422,46864
8,47294,4379,1.0,7688,422,46872
3,47297,4379,0.0,7689,422,46875
9,47306,4380,1.0,7690,422,46884
7,47313,4381,1.0,7691,422,46891
6,47319,4382,1.0,7692,422,46897
7,47326,4383,1.0,7693,422,46904
9,47335,4384,1.0,7694,422,46913
6,47341,4385,1.0,7695,422,46919
2,47343,4385,0.0,7696,422,46921
6,47349,4386,1.0,7697,422,46927
6,47355,4387,1.0,7698,422,46933
3,47358,4387,0.0,7699,422,46936
6,47364,4388,1.0,7700,422,46942
11,47375,4389,1.0,7701,422,46953
6,47381,4390,1.0,7702,422,46959
6,47387,4391,1.0,7703,422,46965
10,47397,4392,1.0,7704,422,46975
6,47403,4393,1.0,7705,422,46981
9,47412,4394,1.0,7706,422,46990
10,47422,4395,1.0,7707,422,47000
11,47433,4396,1.0,7708,422,47011
9,47442,4396,0.0,7709,422,47020
11,47453,4397,1.0,7710,422,47031
3,47456,4397,0.0,7711,422,47034
7,47463,4398,1.0,7712,422,47041
8,47471,4398,0.0,7713,422,47049
6,47477,4399,1.0,7714,422,47055
6,47483,4400,1.0,7715,422,47061
8,47491,4401,1.0,7716,422,47069
8,47499,4402,1.0,7717,422,47077
10,47509,4403,1.0,7718,422,47087
8,47517,4404,1.0,7719,422,47095
2,47519,4404,0.0,7720,422,47097
6,47525,4405,1.0,7721,422,47103
8,47533,4406,1.0,7722,422,47111
7,47540,4407,1.0,7723,422,47118
7,47547,4408,1.0,7724,422,47125
8,47555,4409,1.0,7725,422,47133
6,47561,4410,1.0,7726,422,47139
5,47566,4410,0.0,7727,422,47144
6,47572,4411,1.0,7728,422,47150
5,47577,4411,0.0,7729,422,47155
5,47582,4411,0.0,7730,422,47160
6,47588,4412,1.0,7731,422,47166
8,47596,4413,1.0,7732,422,47174
7,47603,4413,0.0,7733,422,47181
2,47605,4413,0.0,7734,422,47183
7,47612,4414,1.0,7735,422,47190
6,47618,4415,1.0,7736,422,47196
4,47622,4415,0.0,7737,422,47200
7,47629,4416,1.0,7738,422,47207
6,47635,4417,1.0,7739,422,47213
9,47644,4417,0.0,7740,422,47222
9,47653,4418,1.0,7741,422,47231
12,47665,4419,1.0,7742,422,47243
6,47671,4419,0.0,7743,422,47249
4,47675,4419,0.0,7744,422,47253
8,47683,4420,1.0,7745,422,47261
8,47691,4421,1.0,7746,422,47269
8,47699,4422,1.0,7747,422,47277
10,47709,4423,1.0,7748,422,47287
2,47711,4423,0.0,7749,422,47289
6,47717,4424,1.0,7750,422,47295
6,47723,4425,1.0,7751,422,47301
6,47729,4426,1.0,7752,422,47307
6,47735,4427,1.0,7753,422,47313
6,47741,4428,1.0,7754,422,47319
8,47749,4429,1.0,7755,422,47327
12,47761,4430,1.0,7756,422,47339
6,47767,4431,1.0,7757,422,47345
7,47774,4432,1.0,7758,422,47352
2,47776,4432,0.0,7759,422,47354
8,47784,4433,1.0,7760,422,47362
6,47790,4434,1.0,7761,422,47368
8,47798,4435,1.0,7762,422,47376
7,47805,4436,1.0,7763,422,47383
7,47812,4437,1.0,7764,422,47390
3,47815,4437,0.0,7765,422,47393
6,47821,4438,1.0,7766,422,47399
4,47825,4438,0.0,7767,422,47403
4,47829,4438,0.0,7768,422,47407
8,47837,4439,1.0,7769,422,47415
4,47841,4439,0.0,7770,422,47419
7,47848,4440,1.0,7771,422,47426
6,47854,4440,0.0,7772,422,47432
9,47863,4441,1.0,7773,422,47441
6,47869,4442,1.0,7774,422,47447
3,47872,4442,0.0,7775,422,47450
5,47877,4442,0.0,7776,422,47455
9,47886,4442,0.0,7777,422,47464
8,47894,4443,1.0,7778,422,47472
6,47900,4443,0.0,7779,422,47478
3,47903,4443,0.0,7780,422,47481
4,47907,4443,0.0,7781,422,47485
8,47915,4443,0.0,7782,422,47493
8,47923,4444,1.0,7783,422,47501
8,47931,4445,1.0,7784,422,47509
8,47939,4446,1.0,7785,422,47517
6,47945,4447,1.0,7786,422,47523
7,47952,4448,1.0,7787,422,47530
6,47958,4449,1.0,7788,422,47536
6,47964,4450,1.0,7789,422,47542
6,47970,4451,1.0,7790,422,47548
9,47979,4452,1.0,7791,422,47557
2,47981,4452,0.0,7792,422,47559
3,47984,4452,0.0,7793,422,47562
2,47986,4452,0.0,7794,422,47564
9,47995,4453,1.0,7795,422,47573
3,47998,4453,0.0,7796,422,47576
2,48000,4453,0.0,7797,422,47578
5,48005,4453,0.0,7798,422,47583
3,48008,4453,0.0,7799,422,47586
6,48014,4454,1.0,7800,422,47592
4,48018,4454,0.0,7801,422,47596
8,48026,4454,0.0,7802,422,47604
2,48028,4454,0.0,7803,422,47606
6,48034,4455,1.0,7804,422,47612
2,48036,4455,0.0,7805,422,47614
7,48043,4456,1.0,7806,422,47621
2,48045,4456,0.0,7807,422,47623
6,48051,4457,1.0,7808,422,47629
10,48061,4458,1.0,7809,422,47639
6,48067,4459,1.0,7810,422,47645
10,48077,4460,1.0,7811,422,47655
7,48084,4461,1.0,7812,422,47662
3,48087,4461,0.0,7813,422,47665
7,48094,4462,1.0,7814,422,47672
7,48101,4463,1.0,7815,422,47679
6,48107,4464,1.0,7816,422,47685
6,48113,4465,1.0,7817,422,47691
6,48119,4465,0.0,7818,422,47697
8,48127,4465,0.0,7819,422,47705
4,48131,4465,0.0,7820,422,47709
3,48134,4465,0.0,7821,422,47712
7,48141,4466,1.0,7822,422,47719
2,48143,4466,0.0,7823,422,47721
4,48147,4466,0.0,7824,422,47725
6,48153,4467,1.0,7825,422,47731
9,48162,4467,0.0,7826,422,47740
10,48172,4467,0.0,7827,422,47750
2,48174,4467,0.0,7828,422,47752
2,48176,4467,0.0,7829,422,47754
9,48185,4468,1.0,7830,422,47763
2,48187,4468,0.0,7831,422,47765
8,48195,4469,1.0,7832,422,47773
6,48201,4470,1.0,7833,422,47779
7,48208,4470,0.0,7834,422,47786
4,48212,4470,0.0,7835,422,47790
3,48215,4470,0.0,7836,422,47793
8,48223,4471,1.0,7837,422,47801
5,48228,4471,0.0,7838,422,47806
7,48235,4472,1.0,7839,422,47813
3,48238,4472,0.0,7840,422,47816
8,48246,4473,1.0,7841,422,47824
6,48252,4473,0.0,7842,422,47830
6,48258,4474,1.0,7843,422,47836
6,48264,4475,1.0,7844,422,47842
6,48270,4476,1.0,7845,422,47848
6,48276,4476,0.0,7846,422,47854
6,48282,4476,0.0,7847,422,47860
6,48288,4477,1.0,7848,422,47866
8,48296,4478,1.0,7849,422,47874
8,48304,4479,1.0,7850,422,47882
5,48309,4479,0.0,7851,422,47887
6,48315,4480,1.0,7852,422,47893
6,48321,4481,1.0,7853,422,47899
2,48323,4481,0.0,7854,422,47901
6,48329,4482,1.0,7855,422,47907
6,48335,4483,1.0,7856,422,47913
6,48341,4484,1.0,7857,422,47919
5,48346,4484,0.0,7858,422,47924
6,48352,4485,1.0,7859,422,47930
10,48362,4486,1.0,7860,422,47940
6,48368,4487,1.0,7861,422,47946
9,48377,4488,1.0,7862,422,47955
6,48383,4489,1.0,7863,422,47961
6,48389,4489,0.0,7864,422,47967
6,48395,4490,1.0,7865,422,47973
10,48405,4491,1.0,7866,422,47983
11,48416,4492,1.0,7867,422,47994
6,48422,4493,1.0,7868,422,48000
6,48428,4494,1.0,7869,422,48006
6,48434,4495,1.0,7870,422,48012
6,48440,4496,1.0,7871,422,48018
7,48447,4497,1.0,7872,422,48025
6,48453,4497,0.0,7873,422,48031
6,48459,4497,0.0,7874,422,48037
2,48461,4497,0.0,7875,422,48039
6,48467,4498,1.0,7876,422,48045
4,48471,4498,0.0,7877,422,48049
4,48475,4498,0.0,7878,422,48053
18,48493,4499,1.0,7879,422,48071
6,48499,4500,1.0,7880,422,48077
6,48505,4501,1.0,7881,422,48083
6,48511,4502,1.0,7882,422,48089
6,48517,4503,1.0,7883,422,48095
8,48525,4504,1.0,7884,422,48103
5,48530,4504,0.0,7885,422,48108
3,48533,4504,0.0,7886,422,48111
7,48540,4505,1.0,7887,422,48118
7,48547,4506,1.0,7888,422,48125
8,48555,4507,1.0,7889,422,48133
6,48561,4508,1.0,7890,422,48139
6,48567,4508,0.0,7891,422,48145
6,48573,4508,0.0,7892,422,48151
6,48579,4509,1.0,7893,422,48157
5,48584,4509,0.0,7894,422,48162
9,48593,4510,1.0,7895,422,48171
7,48600,4511,1.0,7896,422,48178
6,48606,4512,1.0,7897,422,48184
8,48614,4513,1.0,7898,422,48192
7,48621,4514,1.0,7899,422,48199
4,48625,4514,0.0,7900,422,48203
6,48631,4515,1.0,7901,422,48209
9,48640,4516,1.0,7902,422,48218
2,48642,4516,0.0,7903,422,48220
2,48644,4516,0.0,7904,422,48222
6,48650,4517,1.0,7905,422,48228
7,48657,4518,1.0,7906,422,48235
5,48662,4518,0.0,7907,422,48240
2,48664,4518,0.0,7908,422,48242
10,48674,4519,1.0,7909,422,48252
2,48676,4519,0.0,7910,422,48254
6,48682,4520,1.0,7911,422,48260
6,48688,4521,1.0,7912,422,48266
13,48701,4522,1.0,7913,422,48279
5,48706,4522,0.0,7914,422,48284
6,48712,4523,1.0,7915,422,48290
2,48714,4523,0.0,7916,422,48292
8,48722,4524,1.0,7917,422,48300
8,48730,4525,1.0,7918,422,48308
7,48737,4525,0.0,7919,422,48315
4,48741,4525,0.0,7920,422,48319
2,48743,4525,0.0,7921,422,48321
6,48749,4526,1.0,7922,422,48327
14,48763,4527,1.0,7923,422,48341
5,48768,4527,0.0,7924,422,48346
6,48774,4528,1.0,7925,422,48352
4,48778,4528,0.0,7926,422,48356
5,48783,4528,0.0,7927,422,48361
7,48790,4528,0.0,7928,422,48368
4,48794,4528,0.0,7929,422,48372
6,48800,4528,0.0,7930,422,48378
7,48807,4529,1.0,7931,422,48385
3,48810,4529,0.0,7932,422,48388
7,48817,4530,1.0,7933,422,48395
7,48824,4530,0.0,7934,422,48402
8,48832,4531,1.0,7935,422,48410
11,48843,4532,1.0,7936,422,48421
8,48851,4533,1.0,7937,422,48429
2,48853,4533,0.0,7938,422,48431
5,48858,4533,0.0,7939,422,48436
3,48861,4533,0.0,7940,422,48439
7,48868,4534,1.0,7941,422,48446
6,48874,4535,1.0,7942,422,48452
8,48882,4536,1.0,7943,422,48460
4,48886,4536,0.0,7944,422,48464
10,48896,4537,1.0,7945,422,48474
4,48900,4537,0.0,7946,422,48478
7,48907,4538,1.0,7947,422,48485
4,48911,4538,0.0,7948,422,48489
2,48913,4538,0.0,7949,422,48491
2,48915,4538,0.0,7950,422,48493
7,48922,4539,1.0,7951,422,48500
6,48928,4540,1.0,7952,422,48506
8,48936,4540,0.0,7953,422,48514
7,48943,4541,1.0,7954,422,48521
6,48949,4542,1.0,7955,422,48527
6,48955,4543,1.0,7956,422,48533
8,48963,4544,1.0,7957,422,48541
2,48965,4544,0.0,7958,422,48543
9,48974,4545,1.0,7959,422,48552
9,48983,4546,1.0,7960,422,48561
6,48989,4547,1.0,7961,422,48567
2,48991,4547,0.0,7962,422,48569
7,48998,4548,1.0,7963,422,48576
7,49005,4549,1.0,7964,422,48583
5,49010,4549,0.0,7965,422,48588
12,49022,4549,0.0,7966,422,48600
8,49030,4550,1.0,7967,422,48608
7,49037,4551,1.0,7968,422,48615
2,49039,4551,0.0,7969,422,48617
5,49044,4551,0.0,7970,422,48622
3,49047,4551,0.0,7971,422,48625
12,49059,4552,1.0,7972,422,48637
8,49067,4552,0.0,7973,422,48645
5,49072,4552,0.0,7974,422,48650
7,49079,4553,1.0,7975,422,48657
2,49081,4553,0.0,7976,422,48659
7,49088,4554,1.0,7977,422,48666
4,49092,4554,0.0,7978,422,48670
9,49101,4555,1.0,7979,422,48679
9,49110,4556,1.0,7980,422,48688
7,49117,4557,1.0,7981,422,48695
6,49123,4558,1.0,7982,422,48701
8,49131,4558,0.0,7983,422,48709
7,49138,4559,1.0,7984,422,48716
8,49146,4560,1.0,7985,422,48724
6,49152,4561,1.0,7986,422,48730
3,49155,4561,0.0,7987,422,48733
5,49160,4561,0.0,7988,422,48738
8,49168,4562,1.0,7989,422,48746
2,49170,4562,0.0,7990,422,48748
8,49178,4563,1.0,7991,422,48756
4,49182,4563,0.0,7992,422,48760
5,49187,4563,0.0,7993,422,48765
2,49189,4563,0.0,7994,422,48767
4,49193,4563,0.0,7995,422,48771
7,49200,4564,1.0,7996,422,48778
6,49206,4565,1.0,7997,422,48784
6,49212,4566,1.0,7998,422,48790
7,49219,4567,1.0,7999,422,48797
10,49229,4568,1.0,8000,422,48807
4,49233,4568,0.0,8001,422,48811
10,49243,4569,1.0,8002,422,48821
10,49253,4570,1.0,8003,422,48831
8,49261,4571,1.0,8004,422,48839
8,49269,4572,1.0,8005,422,48847
9,49278,4573,1.0,8006,422,48856
8,49286,4574,1.0,8007,422,48864
7,49293,4574,0.0,8008,422,48871
9,49302,4575,1.0,8009,422,48880
5,49307,4575,0.0,8010,422,48885
12,49319,4576,1.0,8011,422,48897
6,49325,4577,1.0,8012,422,48903
7,49332,4578,1.0,8013,422,48910
9,49341,4579,1.0,8014,422,48919
9,49350,4580,1.0,8015,422,48928
6,49356,4581,1.0,8016,422,48934
10,49366,4582,1.0,8017,422,48944
6,49372,4583,1.0,8018,422,48950
7,49379,4583,0.0,8019,422,48957
2,49381,4583,0.0,8020,422,48959
2,49383,4583,0.0,8021,422,48961
2,49385,4583,0.0,8022,422,48963
6,49391,4584,1.0,8023,422,48969
6,49397,4584,0.0,8024,422,48975
15,49412,4584,0.0,8025,422,48990
2,49414,4584,0.0,8026,422,48992
4,49418,4584,0.0,8027,422,48996
4,49422,4584,0.0,8028,422,49000
7,49429,4585,1.0,8029,422,49007
4,49433,4585,0.0,8030,422,49011
9,49442,4586,1.0,8031,422,49020
6,49448,4587,1.0,8032,422,49026
3,49451,4587,0.0,8033,422,49029
8,49459,4588,1.0,8034,422,49037
7,49466,4589,1.0,8035,422,49044
6,49472,4589,0.0,8036,422,49050
9,49481,4590,1.0,8037,422,49059
3,49484,4590,0.0,8038,422,49062
3,49487,4590,0.0,8039,422,49065
2,49489,4590,0.0,8040,422,49067
3,49492,4590,0.0,8041,422,49070
6,49498,4591,1.0,8042,422,49076
2,49500,4591,0.0,8043,422,49078
7,49507,4592,1.0,8044,422,49085
9,49516,4593,1.0,8045,422,49094
6,49522,4593,0.0,8046,422,49100
19,49541,4594,1.0,8047,422,49119
9,49550,4595,1.0,8048,422,49128
7,49557,4596,1.0,8049,422,49135
5,49562,4596,0.0,8050,422,49140
2,49564,4596,0.0,8051,422,49142
9,49573,4597,1.0,8052,422,49151
9,49582,4598,1.0,8053,422,49160
10,49592,4599,1.0,8054,422,49170
5,49597,4599,0.0,8055,422,49175
6,49603,4599,0.0,8056,422,49181
7,49610,4600,1.0,8057,422,49188
6,49616,4601,1.0,8058,422,49194
6,49622,4602,1.0,8059,422,49200
6,49628,4603,1.0,8060,422,49206
7,49635,4604,1.0,8061,422,49213
7,49642,4605,1.0,8062,422,49220
3,49645,4605,0.0,8063,422,49223
8,49653,4605,0.0,8064,422,49231
6,49659,4606,1.0,8065,422,49237
14,49673,4607,1.0,8066,422,49251
2,49675,4607,0.0,8067,422,49253
11,49686,4607,0.0,8068,422,49264
7,49693,4607,0.0,8069,422,49271
6,49699,4608,1.0,8070,422,49277
9,49708,4608,0.0,8071,422,49286
9,49717,4609,1.0,8072,422,49295
6,49723,4610,1.0,8073,422,49301
3,49726,4610,0.0,8074,422,49304
9,49735,4611,1.0,8075,422,49313
7,49742,4611,0.0,8076,422,49320
8,49750,4611,0.0,8077,422,49328
6,49756,4611,0.0,8078,422,49334
5,49761,4611,0.0,8079,422,49339
11,49772,4612,1.0,8080,422,49350
5,49777,4612,0.0,8081,422,49355
7,49784,4612,0.0,8082,422,49362
2,49786,4612,0.0,8083,422,49364
9,49795,4612,0.0,8084,422,49373
7,49802,4613,1.0,8085,422,49380
13,49815,4614,1.0,8086,422,49393
3,49818,4614,0.0,8087,422,49396
5,49823,4614,0.0,8088,422,49401
6,49829,4615,1.0,8089,422,49407
6,49835,4615,0.0,8090,422,49413
8,49843,4616,1.0,8091,422,49421
7,49850,4616,0.0,8092,422,49428
2,49852,4616,0.0,8093,422,49430
8,49860,4617,1.0,8094,422,49438
7,49867,4618,1.0,8095,422,49445
10,49877,4618,0.0,8096,422,49455
14,49891,4619,1.0,8097,422,49469
6,49897,4620,1.0,8098,422,49475
4,49901,4620,0.0,8099,422,49479
2,49903,4620,0.0,8100,422,49481
2,49905,4620,0.0,8101,422,49483
7,49912,4621,1.0,8102,422,49490
6,49918,4622,1.0,8103,422,49496
4,49922,4622,0.0,8104,422,49500
8,49930,4623,1.0,8105,422,49508
7,49937,4624,1.0,8106,422,49515
4,49941,4624,0.0,8107,422,49519
14,49955,4625,1.0,8108,422,49533
9,49964,4626,1.0,8109,422,49542
6,49970,4626,0.0,8110,422,49548
4,49974,4626,0.0,8111,422,49552
3,49977,4626,0.0,8112,422,49555
5,49982,4626,0.0,8113,422,49560
6,49988,4627,1.0,8114,422,49566
3,49991,4627,0.0,8115,422,49569
3,49994,4627,0.0,8116,422,49572
4,49998,4627,0.0,8117,422,49576
6,50004,4628,1.0,8118,422,49582
6,50010,4628,0.0,8119,422,49588
9,50019,4629,1.0,8120,422,49597
3,50022,4629,0.0,8121,422,49600
2,50024,4629,0.0,8122,422,49602
7,50031,4630,1.0,8123,422,49609
9,50040,4630,0.0,8124,422,49618
8,50048,4631,1.0,8125,422,49626
6,50054,4632,1.0,8126,422,49632
6,50060,4633,1.0,8127,422,49638
10,50070,4634,1.0,8128,422,49648
6,50076,4635,1.0,8129,422,49654
6,50082,4636,1.0,8130,422,49660
3,50085,4636,0.0,8131,422,49663
2,50087,4636,0.0,8132,422,49665
4,50091,4636,0.0,8133,422,49669
6,50097,4637,1.0,8134,422,49675
10,50107,4637,0.0,8135,422,49685
6,50113,4638,1.0,8136,422,49691
8,50121,4639,1.0,8137,422,49699
6,50127,4640,1.0,8138,422,49705
9,50136,4641,1.0,8139,422,49714
12,50148,4642,1.0,8140,422,49726
7,50155,4643,1.0,8141,422,49733
7,50162,4644,1.0,8142,422,49740
6,50168,4645,1.0,8143,422,49746
7,50175,4646,1.0,8144,422,49753
6,50181,4647,1.0,8145,422,49759
6,50187,4648,1.0,8146,422,49765
4,50191,4648,0.0,8147,422,49769
4,50195,4648,0.0,8148,422,49773
6,50201,4649,1.0,8149,422,49779
7,50208,4650,1.0,8150,422,49786
5,50213,4650,0.0,8151,422,49791
6,50219,4651,1.0,8152,422,49797
2,50221,4651,0.0,8153,422,49799
3,50224,4651,0.0,8154,422,49802
8,50232,4652,1.0,8155,422,49810
2,50234,4652,0.0,8156,422,49812
6,50240,4653,1.0,8157,422,49818
6,50246,4654,1.0,8158,422,49824
9,50255,4655,1.0,8159,422,49833
6,50261,4656,1.0,8160,422,49839
6,50267,4657,1.0,8161,422,49845
3,50270,4657,0.0,8162,422,49848
6,50276,4658,1.0,8163,422,49854
5,50281,4658,0.0,8164,422,49859
8,50289,4659,1.0,8165,422,49867
9,50298,4660,1.0,8166,422,49876
2,50300,4660,0.0,8167,422,49878
7,50307,4661,1.0,8168,422,49885
7,50314,4662,1.0,8169,422,49892
5,50319,4662,0.0,8170,422,49897
6,50325,4663,1.0,8171,422,49903
6,50331,4664,1.0,8172,422,49909
7,50338,4665,1.0,8173,422,49916
11,50349,4666,1.0,8174,422,49927
7,50356,4667,1.0,8175,422,49934
6,50362,4668,1.0,8176,422,49940
9,50371,4669,1.0,8177,422,49949
8,50379,4670,1.0,8178,422,49957
7,50386,4671,1.0,8179,422,49964
6,50392,4672,1.0,8180,422,49970
8,50400,4673,1.0,8181,422,49978
8,50408,4674,1.0,8182,422,49986
8,50416,4675,1.0,8183,422,49994
3,50419,4675,0.0,8184,422,49997
5,50424,4675,0.0,8185,422,50002
6,50430,4676,1.0,8186,422,50008
7,50437,4677,1.0,8187,422,50015
7,50444,4678,1.0,8188,422,50022
6,50450,4679,1.0,8189,422,50028
6,50456,4680,1.0,8190,422,50034
9,50465,4681,1.0,8191,422,50043
6,50471,4682,1.0,8192,422,50049
6,50477,4683,1.0,8193,422,50055
6,50483,4684,1.0,8194,422,50061
6,50489,4685,1.0,8195,422,50067
7,50496,4686,1.0,8196,422,50074
6,50502,4687,1.0,8197,422,50080
7,50509,4688,1.0,8198,422,50087
7,50516,4689,1.0,8199,422,50094
6,50522,4689,0.0,8200,422,50100
7,50529,4689,0.0,8201,422,50107
6,50535,4690,1.0,8202,422,50113
6,50541,4691,1.0,8203,422,50119
3,50544,4691,0.0,8204,422,50122
6,50550,4692,1.0,8205,422,50128
2,50552,4692,0.0,8206,422,50130
6,50558,4693,1.0,8207,422,50136
6,50564,4694,1.0,8208,422,50142
9,50573,4695,1.0,8209,422,50151
9,50582,4696,1.0,8210,422,50160
8,50590,4697,1.0,8211,422,50168
6,50596,4698,1.0,8212,422,50174
10,50606,4699,1.0,8213,422,50184
7,50613,4700,1.0,8214,422,50191
10,50623,4701,1.0,8215,422,50201
7,50630,4702,1.0,8216,422,50208
2,50632,4702,0.0,8217,422,50210
5,50637,4702,0.0,8218,422,50215
6,50643,4703,1.0,8219,422,50221
6,50649,4704,1.0,8220,422,50227
6,50655,4705,1.0,8221,422,50233
4,50659,4705,0.0,8222,422,50237
6,50665,4706,1.0,8223,422,50243
2,50667,4706,0.0,8224,422,50245
4,50671,4706,0.0,8225,422,50249
6,50677,4707,1.0,8226,422,50255
3,50680,4707,0.0,8227,422,50258
10,50690,4708,1.0,8228,422,50268
10,50700,4709,1.0,8229,422,50278
6,50706,4710,1.0,8230,422,50284
4,50710,4710,0.0,8231,422,50288
2,50712,4710,0.0,8232,422,50290
6,50718,4711,1.0,8233,422,50296
6,50724,4712,1.0,8234,422,50302
6,50730,4713,1.0,8235,422,50308
5,50735,4713,0.0,8236,422,50313
2,50737,4713,0.0,8237,422,50315
4,50741,4713,0.0,8238,422,50319
5,50746,4713,0.0,8239,422,50324
7,50753,4714,1.0,8240,422,50331
7,50760,4715,1.0,8241,422,50338
4,50764,4715,0.0,8242,422,50342
3,50767,4715,0.0,8243,422,50345
6,50773,4716,1.0,8244,422,50351
6,50779,4717,1.0,8245,422,50357
4,50783,4717,0.0,8246,422,50361
10,50793,4718,1.0,8247,422,50371
6,50799,4719,1.0,8248,422,50377
7,50806,4720,1.0,8249,422,50384
7,50813,4721,1.0,8250,422,50391
6,50819,4722,1.0,8251,422,50397
7,50826,4723,1.0,8252,422,50404
6,50832,4724,1.0,8253,422,50410
6,50838,4725,1.0,8254,422,50416
6,50844,4726,1.0,8255,422,50422
9,50853,4727,1.0,8256,422,50431
6,50859,4728,1.0,8257,422,50437
2,50861,4728,0.0,8258,422,50439
7,50868,4729,1.0,8259,422,50446
6,50874,4730,1.0,8260,422,50452
7,50881,4731,1.0,8261,422,50459
3,50884,4731,0.0,8262,422,50462
7,50891,4732,1.0,8263,422,50469
6,50897,4733,1.0,8264,422,50475
9,50906,4734,1.0,8265,422,50484
7,50913,4735,1.0,8266,422,50491
8,50921,4736,1.0,8267,422,50499
5,50926,4736,0.0,8268,422,50504
6,50932,4737,1.0,8269,422,50510
6,50938,4738,1.0,8270,422,50516
8,50946,4739,1.0,8271,422,50524
6,50952,4740,1.0,8272,422,50530
6,50958,4741,1.0,8273,422,50536
4,50962,4741,0.0,8274,422,50540
4,50966,4741,0.0,8275,422,50544
3,50969,4741,0.0,8276,422,50547
7,50976,4742,1.0,8277,422,50554
8,50984,4743,1.0,8278,422,50562
7,50991,4744,1.0,8279,422,50569
12,51003,4745,1.0,8280,422,50581
6,51009,4746,1.0,8281,422,50587
7,51016,4746,0.0,8282,422,50594
6,51022,4747,1.0,8283,422,50600
4,51026,4747,0.0,8284,422,50604
6,51032,4748,1.0,8285,422,50610
4,51036,4748,0.0,8286,422,50614
6,51042,4749,1.0,8287,422,50620
6,51048,4750,1.0,8288,422,50626
6,51054,4751,1.0,8289,422,50632
8,51062,4752,1.0,8290,422,50640
7,51069,4752,0.0,8291,422,50647
6,51075,4753,1.0,8292,422,50653
6,51081,4754,1.0,8293,422,50659
6,51087,4755,1.0,8294,422,50665
6,51093,4756,1.0,8295,422,50671
9,51102,4757,1.0,8296,422,50680
6,51108,4758,1.0,8297,422,50686
9,51117,4759,1.0,8298,422,50695
6,51123,4760,1.0,8299,422,50701
8,51131,4761,1.0,8300,422,50709
2,51133,4761,0.0,8301,422,50711
9,51142,4762,1.0,8302,422,50720
7,51149,4763,1.0,8303,422,50727
10,51159,4764,1.0,8304,422,50737
10,51169,4765,1.0,8305,422,50747
6,51175,4766,1.0,8306,422,50753
6,51181,4767,1.0,8307,422,50759
2,51183,4767,0.0,8308,422,50761
8,51191,4768,1.0,8309,422,50769
6,51197,4769,1.0,8310,422,50775
4,51201,4769,0.0,8311,422,50779
12,51213,4770,1.0,8312,422,50791
6,51219,4771,1.0,8313,422,50797
8,51227,4772,1.0,8314,422,50805
8,51235,4773,1.0,8315,422,50813
4,51239,4773,0.0,8316,422,50817
2,51241,4773,0.0,8317,422,50819
8,51249,4774,1.0,8318,422,50827
8,51257,4775,1.0,8319,422,50835
5,51262,4775,0.0,8320,422,50840
4,51266,4775,0.0,8321,422,50844
6,51272,4776,1.0,8322,422,50850
6,51278,4777,1.0,8323,422,50856
8,51286,4778,1.0,8324,422,50864
11,51297,4779,1.0,8325,422,50875
6,51303,4780,1.0,8326,422,50881
7,51310,4781,1.0,8327,422,50888
8,51318,4782,1.0,8328,422,50896
8,51326,4783,1.0,8329,422,50904
14,51340,4784,1.0,8330,422,50918
4,51344,4784,0.0,8331,422,50922
6,51350,4785,1.0,8332,422,50928
6,51356,4786,1.0,8333,422,50934
6,51362,4787,1.0,8334,422,50940
8,51370,4788,1.0,8335,422,50948
11,51381,4789,1.0,8336,422,50959
10,51391,4790,1.0,8337,422,50969
6,51397,4791,1.0,8338,422,50975
2,51399,4791,0.0,8339,422,50977
13,51412,4792,1.0,8340,422,50990
6,51418,4792,0.0,8341,422,50996
6,51424,4793,1.0,8342,422,51002
2,51426,4793,0.0,8343,422,51004
8,51434,4794,1.0,8344,422,51012
7,51441,4795,1.0,8345,422,51019
4,51445,4795,0.0,8346,422,51023
6,51451,4796,1.0,8347,422,51029
7,51458,4796,0.0,8348,422,51036
8,51466,4797,1.0,8349,422,51044
6,51472,4798,1.0,8350,422,51050
10,51482,4799,1.0,8351,422,51060
2,51484,4799,0.0,8352,422,51062
6,51490,4800,1.0,8353,422,51068
7,51497,4801,1.0,8354,422,51075
6,51503,4802,1.0,8355,422,51081
8,51511,4803,1.0,8356,422,51089
10,51521,4804,1.0,8357,422,51099
6,51527,4805,1.0,8358,422,51105
6,51533,4806,1.0,8359,422,51111
6,51539,4806,0.0,8360,422,51117
9,51548,4807,1.0,8361,422,51126
9,51557,4808,1.0,8362,422,51135
5,51562,4808,0.0,8363,422,51140
9,51571,4809,1.0,8364,422,51149
6,51577,4810,1.0,8365,422,51155
6,51583,4810,0.0,8366,422,51161
6,51589,4811,1.0,8367,422,51167
6,51595,4812,1.0,8368,422,51173
8,51603,4813,1.0,8369,422,51181
6,51609,4814,1.0,8370,422,51187
4,51613,4814,0.0,8371,422,51191
6,51619,4815,1.0,8372,422,51197
3,51622,4815,0.0,8373,422,51200
12,51634,4816,1.0,8374,422,51212
6,51640,4817,1.0,8375,422,51218
5,51645,4817,0.0,8376,422,51223
10,51655,4818,1.0,8377,422,51233
7,51662,4819,1.0,8378,422,51240
7,51669,4820,1.0,8379,422,51247
2,51671,4820,0.0,8380,422,51249
6,51677,4821,1.0,8381,422,51255
6,51683,4822,1.0,8382,422,51261
8,51691,4823,1.0,8383,422,51269
6,51697,4824,1.0,8384,422,51275
9,51706,4825,1.0,8385,422,51284
7,51713,4826,1.0,8386,422,51291
4,51717,4826,0.0,8387,422,51295
6,51723,4827,1.0,8388,422,51301
2,51725,4827,0.0,8389,422,51303
6,51731,4827,0.0,8390,422,51309
7,51738,4827,0.0,8391,422,51316
9,51747,4828,1.0,8392,422,51325
3,51750,4828,0.0,8393,422,51328
3,51753,4828,0.0,8394,422,51331
6,51759,4829,1.0,8395,422,51337
8,51767,4830,1.0,8396,422,51345
6,51773,4831,1.0,8397,422,51351
6,51779,4832,1.0,8398,422,51357
6,51785,4833,1.0,8399,422,51363
10,51795,4834,1.0,8400,422,51373
9,51804,4835,1.0,8401,422,51382
9,51813,4836,1.0,8402,422,51391
6,51819,4836,0.0,8403,422,51397
6,51825,4837,1.0,8404,422,51403
9,51834,4837,0.0,8405,422,51412
6,51840,4838,1.0,8406,422,51418
8,51848,4839,1.0,8407,422,51426
8,51856,4840,1.0,8408,422,51434
9,51865,4841,1.0,8409,422,51443
2,51867,4841,0.0,8410,422,51445
8,51875,4842,1.0,8411,422,51453
6,51881,4843,1.0,8412,422,51459
6,51887,4843,0.0,8413,422,51465
4,51891,4843,0.0,8414,422,51469
5,51896,4843,0.0,8415,422,51474
2,51898,4843,0.0,8416,422,51476
6,51904,4844,1.0,8417,422,51482
7,51911,4845,1.0,8418,422,51489
6,51917,4846,1.0,8419,422,51495
6,51923,4847,1.0,8420,422,51501
2,51925,4847,0.0,8421,422,51503
6,51931,4848,1.0,8422,422,51509
4,51935,4848,0.0,8423,422,51513
6,51941,4849,1.0,8424,422,51519
4,51945,4849,0.0,8425,422,51523
8,51953,4850,1.0,8426,422,51531
3,51956,4850,0.0,8427,422,51534
6,51962,4851,1.0,8428,422,51540
9,51971,4852,1.0,8429,422,51549
9,51980,4853,1.0,8430,422,51558
8,51988,4854,1.0,8431,422,51566
8,51996,4855,1.0,8432,422,51574
6,52002,4856,1.0,8433,422,51580
2,52004,4856,0.0,8434,422,51582
4,52008,4856,0.0,8435,422,51586
6,52014,4857,1.0,8436,422,51592
7,52021,4858,1.0,8437,422,51599
9,52030,4859,1.0,8438,422,51608
8,52038,4860,1.0,8439,422,51616
7,52045,4861,1.0,8440,422,51623
9,52054,4862,1.0,8441,422,51632
12,52066,4863,1.0,8442,422,51644
6,52072,4864,1.0,8443,422,51650
6,52078,4865,1.0,8444,422,51656
4,52082,4865,0.0,8445,422,51660
8,52090,4866,1.0,8446,422,51668
8,52098,4867,1.0,8447,422,51676
3,52101,4867,0.0,8448,422,51679
2,52103,4867,0.0,8449,422,51681
8,52111,4868,1.0,8450,422,51689
4,52115,4868,0.0,8451,422,51693
15,52130,4869,1.0,8452,422,51708
6,52136,4870,1.0,8453,422,51714
6,52142,4871,1.0,8454,422,51720
8,52150,4872,1.0,8455,422,51728
2,52152,4872,0.0,8456,422,51730
12,52164,4873,1.0,8457,422,51742
6,52170,4874,1.0,8458,422,51748
8,52178,4875,1.0,8459,422,51756
6,52184,4876,1.0,8460,422,51762
6,52190,4877,1.0,8461,422,51768
2,52192,4877,0.0,8462,422,51770
6,52198,4878,1.0,8463,422,51776
6,52204,4879,1.0,8464,422,51782
7,52211,4880,1.0,8465,422,51789
6,52217,4881,1.0,8466,422,51795
7,52224,4882,1.0,8467,422,51802
7,52231,4883,1.0,8468,422,51809
9,52240,4884,1.0,8469,422,51818
6,52246,4885,1.0,8470,422,51824
6,52252,4886,1.0,8471,422,51830
7,52259,4887,1.0,8472,422,51837
4,52263,4887,0.0,8473,422,51841
10,52273,4888,1.0,8474,422,51851
2,52275,4888,0.0,8475,422,51853
6,52281,4889,1.0,8476,422,51859
6,52287,4890,1.0,8477,422,51865
8,52295,4891,1.0,8478,422,51873
6,52301,4892,1.0,8479,422,51879
7,52308,4893,1.0,8480,422,51886
9,52317,4894,1.0,8481,422,51895
6,52323,4895,1.0,8482,422,51901
6,52329,4896,1.0,8483,422,51907
10,52339,4897,1.0,8484,422,51917
7,52346,4898,1.0,8485,422,51924
2,52348,4898,0.0,8486,422,51926
6,52354,4899,1.0,8487,422,51932
4,52358,4899,0.0,8488,422,51936
6,52364,4900,1.0,8489,422,51942
7,52371,4901,1.0,8490,422,51949
7,52378,4902,1.0,8491,422,51956
9,52387,4903,1.0,8492,422,51965
6,52393,4904,1.0,8493,422,51971
6,52399,4905,1.0,8494,422,51977
2,52401,4905,0.0,8495,422,51979
11,52412,4906,1.0,8496,422,51990
9,52421,4907,1.0,8497,422,51999
6,52427,4908,1.0,8498,422,52005
6,52433,4909,1.0,8499,422,52011
6,52439,4910,1.0,8500,422,52017
6,52445,4911,1.0,8501,422,52023
2,52447,4911,0.0,8502,422,52025
6,52453,4912,1.0,8503,422,52031
3,52456,4912,0.0,8504,422,52034
4,52460,4912,0.0,8505,422,52038
6,52466,4913,1.0,8506,422,52044
8,52474,4914,1.0,8507,422,52052
7,52481,4915,1.0,8508,422,52059
8,52489,4916,1.0,8509,422,52067
6,52495,4917,1.0,8510,422,52073
7,52502,4918,1.0,8511,422,52080
4,52506,4918,0.0,8512,422,52084
6,52512,4919,1.0,8513,422,52090
6,52518,4920,1.0,8514,422,52096
6,52524,4921,1.0,8515,422,52102
7,52531,4922,1.0,8516,422,52109
6,52537,4923,1.0,8517,422,52115
7,52544,4924,1.0,8518,422,52122
6,52550,4925,1.0,8519,422,52128
6,52556,4926,1.0,8520,422,52134
4,52560,4926,0.0,8521,422,52138
3,52563,4926,0.0,8522,422,52141
6,52569,4927,1.0,8523,422,52147
6,52575,4928,1.0,8524,422,52153
8,52583,4929,1.0,8525,422,52161
6,52589,4929,0.0,8526,422,52167
9,52598,4930,1.0,8527,422,52176
4,52602,4930,0.0,8528,422,52180
4,52606,4930,0.0,8529,422,52184
11,52617,4931,1.0,8530,422,52195
6,52623,4932,1.0,8531,422,52201
6,52629,4933,1.0,8532,422,52207
3,52632,4933,0.0,8533,422,52210
6,52638,4934,1.0,8534,422,52216
3,52641,4934,0.0,8535,422,52219
9,52650,4935,1.0,8536,422,52228
6,52656,4936,1.0,8537,422,52234
6,52662,4937,1.0,8538,422,52240
5,52667,4937,0.0,8539,422,52245
6,52673,4938,1.0,8540,422,52251
6,52679,4939,1.0,8541,422,52257
10,52689,4940,1.0,8542,422,52267
4,52693,4940,0.0,8543,422,52271
2,52695,4940,0.0,8544,422,52273
6,52701,4941,1.0,8545,422,52279
6,52707,4942,1.0,8546,422,52285
8,52715,4943,1.0,8547,422,52293
8,52723,4944,1.0,8548,422,52301
7,52730,4945,1.0,8549,422,52308
6,52736,4946,1.0,8550,422,52314
6,52742,4947,1.0,8551,422,52320
4,52746,4947,0.0,8552,422,52324
4,52750,4947,0.0,8553,422,52328
7,52757,4948,1.0,8554,422,52335
6,52763,4949,1.0,8555,422,52341
6,52769,4950,1.0,8556,422,52347
8,52777,4951,1.0,8557,422,52355
10,52787,4952,1.0,8558,422,52365
6,52793,4952,0.0,8559,422,52371
6,52799,4953,1.0,8560,422,52377
6,52805,4954,1.0,8561,422,52383
6,52811,4955,1.0,8562,422,52389
7,52818,4955,0.0,8563,422,52396
7,52825,4956,1.0,8564,422,52403
7,52832,4956,0.0,8565,422,52410
6,52838,4957,1.0,8566,422,52416
6,52844,4957,0.0,8567,422,52422
8,52852,4958,1.0,8568,422,52430
6,52858,4959,1.0,8569,422,52436
6,52864,4960,1.0,8570,422,52442
8,52872,4961,1.0,8571,422,52450
6,52878,4962,1.0,8572,422,52456
8,52886,4963,1.0,8573,422,52464
8,52894,4964,1.0,8574,422,52472
7,52901,4965,1.0,8575,422,52479
7,52908,4966,1.0,8576,422,52486
10,52918,4967,1.0,8577,422,52496
2,52920,4967,0.0,8578,422,52498
6,52926,4968,1.0,8579,422,52504
3,52929,4968,0.0,8580,422,52507
8,52937,4969,1.0,8581,422,52515
2,52939,4969,0.0,8582,422,52517
4,52943,4969,0.0,8583,422,52521
6,52949,4970,1.0,8584,422,52527
2,52951,4970,0.0,8585,422,52529
3,52954,4970,0.0,8586,422,52532
7,52961,4971,1.0,8587,422,52539
6,52967,4972,1.0,8588,422,52545
4,52971,4972,0.0,8589,422,52549
7,52978,4973,1.0,8590,422,52556
6,52984,4974,1.0,8591,422,52562
6,52990,4975,1.0,8592,422,52568
8,52998,4975,0.0,8593,422,52576
3,53001,4975,0.0,8594,422,52579
6,53007,4976,1.0,8595,422,52585
6,53013,4977,1.0,8596,422,52591
3,53016,4977,0.0,8597,422,52594
2,53018,4977,0.0,8598,422,52596
3,53021,4977,0.0,8599,422,52599
5,53026,4977,0.0,8600,422,52604
2,53028,4977,0.0,8601,422,52606
2,53030,4977,0.0,8602,422,52608
6,53036,4978,1.0,8603,422,52614
4,53040,4978,0.0,8604,422,52618
8,53048,4979,1.0,8605,422,52626
8,53056,4980,1.0,8606,422,52634
5,53061,4980,0.0,8607,422,52639
4,53065,4980,0.0,8608,422,52643
9,53074,4981,1.0,8609,422,52652
4,53078,4981,0.0,8610,422,52656
7,53085,4981,0.0,8611,422,52663
7,53092,4981,0.0,8612,422,52670
9,53101,4982,1.0,8613,422,52679
8,53109,4983,1.0,8614,422,52687
13,53122,4984,1.0,8615,422,52700
6,53128,4985,1.0,8616,422,52706
9,53137,4986,1.0,8617,422,52715
6,53143,4987,1.0,8618,422,52721
2,53145,4987,0.0,8619,422,52723
7,53152,4988,1.0,8620,422,52730
6,53158,4989,1.0,8621,422,52736
7,53165,4990,1.0,8622,422,52743
6,53171,4991,1.0,8623,422,52749
6,53177,4992,1.0,8624,422,52755
8,53185,4993,1.0,8625,422,52763
7,53192,4994,1.0,8626,422,52770
2,53194,4994,0.0,8627,422,52772
8,53202,4995,1.0,8628,422,52780
2,53204,4995,0.0,8629,422,52782
7,53211,4996,1.0,8630,422,52789
2,53213,4996,0.0,8631,422,52791
6,53219,4997,1.0,8632,422,52797
6,53225,4998,1.0,8633,422,52803
7,53232,4999,1.0,8634,422,52810
6,53238,5000,1.0,8635,422,52816
9,53247,5001,1.0,8636,422,52825
7,53254,5002,1.0,8637,422,52832
7,53261,5003,1.0,8638,422,52839
6,53267,5004,1.0,8639,422,52845
7,53274,5005,1.0,8640,422,52852
7,53281,5006,1.0,8641,422,52859
7,53288,5007,1.0,8642,422,52866
7,53295,5008,1.0,8643,422,52873
7,53302,5009,1.0,8644,422,52880
8,53310,5010,1.0,8645,422,52888
6,53316,5011,1.0,8646,422,52894
2,53318,5011,0.0,8647,422,52896
8,53326,5012,1.0,8648,422,52904
6,53332,5013,1.0,8649,422,52910
2,53334,5013,0.0,8650,422,52912
4,53338,5013,0.0,8651,422,52916
7,53345,5014,1.0,8652,422,52923
6,53351,5014,0.0,8653,422,52929
4,53355,5014,0.0,8654,422,52933
8,53363,5015,1.0,8655,422,52941
11,53374,5016,1.0,8656,422,52952
6,53380,5017,1.0,8657,422,52958
6,53386,5018,1.0,8658,422,52964
10,53396,5019,1.0,8659,422,52974
6,53402,5020,1.0,8660,422,52980
6,53408,5021,1.0,8661,422,52986
6,53414,5022,1.0,8662,422,52992
7,53421,5023,1.0,8663,422,52999
7,53428,5024,1.0,8664,422,53006
5,53433,5024,0.0,8665,422,53011
7,53440,5025,1.0,8666,422,53018
7,53447,5026,1.0,8667,422,53025
6,53453,5027,1.0,8668,422,53031
7,53460,5028,1.0,8669,422,53038
2,53462,5028,0.0,8670,422,53040
4,53466,5028,0.0,8671,422,53044
7,53473,5028,0.0,8672,422,53051
7,53480,5029,1.0,8673,422,53058
8,53488,5030,1.0,8674,422,53066
6,53494,5031,1.0,8675,422,53072
7,53501,5031,0.0,8676,422,53079
8,53509,5032,1.0,8677,422,53087
9,53518,5033,1.0,8678,422,53096
6,53524,5034,1.0,8679,422,53102
6,53530,5035,1.0,8680,422,53108
6,53536,5036,1.0,8681,422,53114
7,53543,5037,1.0,8682,422,53121
7,53550,5038,1.0,8683,422,53128
2,53552,5038,0.0,8684,422,53130
4,53556,5038,0.0,8685,422,53134
6,53562,5039,1.0,8686,422,53140
7,53569,5040,1.0,8687,422,53147
7,53576,5041,1.0,8688,422,53154
6,53582,5042,1.0,8689,422,53160
7,53589,5043,1.0,8690,422,53167
6,53595,5044,1.0,8691,422,53173
4,53599,5044,0.0,8692,422,53177
7,53606,5045,1.0,8693,422,53184
6,53612,5046,1.0,8694,422,53190
6,53618,5047,1.0,8695,422,53196
7,53625,5048,1.0,8696,422,53203
6,53631,5049,1.0,8697,422,53209
6,53637,5050,1.0,8698,422,53215
6,53643,5051,1.0,8699,422,53221
2,53645,5051,0.0,8700,422,53223
8,53653,5052,1.0,8701,422,53231
4,53657,5052,0.0,8702,422,53235
6,53663,5053,1.0,8703,422,53241
5,53668,5053,0.0,8704,422,53246
3,53671,5053,0.0,8705,422,53249
2,53673,5053,0.0,8706,422,53251
6,53679,5054,1.0,8707,422,53257
2,53681,5054,0.0,8708,422,53259
6,53687,5055,1.0,8709,422,53265
4,53691,5055,0.0,8710,422,53269
9,53700,5056,1.0,8711,422,53278
6,53706,5056,0.0,8712,422,53284
6,53712,5057,1.0,8713,422,53290
8,53720,5058,1.0,8714,422,53298
3,53723,5058,0.0,8715,422,53301
8,53731,5059,1.0,8716,422,53309
11,53742,5060,1.0,8717,422,53320
2,53744,5060,0.0,8718,422,53322
2,53746,5060,0.0,8719,422,53324
4,53750,5060,0.0,8720,422,53328
6,53756,5060,0.0,8721,422,53334
4,53760,5060,0.0,8722,422,53338
6,53766,5061,1.0,8723,422,53344
5,53771,5061,0.0,8724,422,53349
8,53779,5062,1.0,8725,422,53357
6,53785,5063,1.0,8726,422,53363
6,53791,5064,1.0,8727,422,53369
6,53797,5065,1.0,8728,422,53375
7,53804,5066,1.0,8729,422,53382
6,53810,5067,1.0,8730,422,53388
6,53816,5068,1.0,8731,422,53394
4,53820,5068,0.0,8732,422,53398
8,53828,5069,1.0,8733,422,53406
7,53835,5070,1.0,8734,422,53413
9,53844,5071,1.0,8735,422,53422
6,53850,5072,1.0,8736,422,53428
10,53860,5073,1.0,8737,422,53438
8,53868,5074,1.0,8738,422,53446
3,53871,5074,0.0,8739,422,53449
7,53878,5075,1.0,8740,422,53456
8,53886,5076,1.0,8741,422,53464
8,53894,5077,1.0,8742,422,53472
6,53900,5078,1.0,8743,422,53478
6,53906,5079,1.0,8744,422,53484
7,53913,5080,1.0,8745,422,53491
6,53919,5081,1.0,8746,422,53497
5,53924,5081,0.0,8747,422,53502
7,53931,5082,1.0,8748,422,53509
5,53936,5082,0.0,8749,422,53514
4,53940,5082,0.0,8750,422,53518
9,53949,5083,1.0,8751,422,53527
11,53960,5084,1.0,8752,422,53538
10,53970,5085,1.0,8753,422,53548
6,53976,5086,1.0,8754,422,53554
6,53982,5087,1.0,8755,422,53560
9,53991,5088,1.0,8756,422,53569
11,54002,5089,1.0,8757,422,53580
7,54009,5090,1.0,8758,422,53587
3,54012,5090,0.0,8759,422,53590
7,54019,5091,1.0,8760,422,53597
6,54025,5092,1.0,8761,422,53603
10,54035,5093,1.0,8762,422,53613
6,54041,5094,1.0,8763,422,53619
5,54046,5094,0.0,8764,422,53624
3,54049,5094,0.0,8765,422,53627
6,54055,5095,1.0,8766,422,53633
11,54066,5096,1.0,8767,422,53644
4,54070,5096,0.0,8768,422,53648
3,54073,5096,0.0,8769,422,53651
3,54076,5096,0.0,8770,422,53654
4,54080,5096,0.0,8771,422,53658
7,54087,5097,1.0,8772,422,53665
4,54091,5097,0.0,8773,422,53669
7,54098,5097,0.0,8774,422,53676
10,54108,5098,1.0,8775,422,53686
8,54116,5099,1.0,8776,422,53694
6,54122,5100,1.0,8777,422,53700
6,54128,5101,1.0,8778,422,53706
6,54134,5102,1.0,8779,422,53712
6,54140,5102,0.0,8780,422,53718
2,54142,5102,0.0,8781,422,53720
6,54148,5103,1.0,8782,422,53726
6,54154,5104,1.0,8783,422,53732
6,54160,5105,1.0,8784,422,53738
8,54168,5106,1.0,8785,422,53746
8,54176,5107,1.0,8786,422,53754
10,54186,5108,1.0,8787,422,53764
10,54196,5108,0.0,8788,422,53774
7,54203,5109,1.0,8789,422,53781
6,54209,5110,1.0,8790,422,53787
8,54217,5111,1.0,8791,422,53795
9,54226,5112,1.0,8792,422,53804
6,54232,5113,1.0,8793,422,53810
6,54238,5114,1.0,8794,422,53816
6,54244,5115,1.0,8795,422,53822
6,54250,5116,1.0,8796,422,53828
9,54259,5117,1.0,8797,422,53837
6,54265,5118,1.0,8798,422,53843
6,54271,5119,1.0,8799,422,53849
6,54277,5119,0.0,8800,422,53855
4,54281,5119,0.0,8801,422,53859
7,54288,5120,1.0,8802,422,53866
3,54291,5120,0.0,8803,422,53869
8,54299,5120,0.0,8804,422,53877
7,54306,5121,1.0,8805,422,53884
3,54309,5121,0.0,8806,422,53887
8,54317,5122,1.0,8807,422,53895
6,54323,5123,1.0,8808,422,53901
4,54327,5123,0.0,8809,422,53905
2,54329,5123,0.0,8810,422,53907
8,54337,5124,1.0,8811,422,53915
6,54343,5125,1.0,8812,422,53921
9,54352,5126,1.0,8813,422,53930
7,54359,5127,1.0,8814,422,53937
2,54361,5127,0.0,8815,422,53939
3,54364,5127,0.0,8816,422,53942
5,54369,5127,0.0,8817,422,53947
7,54376,5128,1.0,8818,422,53954
6,54382,5129,1.0,8819,422,53960
4,54386,5129,0.0,8820,422,53964
6,54392,5130,1.0,8821,422,53970
11,54403,5131,1.0,8822,422,53981
7,54410,5132,1.0,8823,422,53988
8,54418,5133,1.0,8824,422,53996
5,54423,5133,0.0,8825,422,54001
2,54425,5133,0.0,8826,422,54003
8,54433,5134,1.0,8827,422,54011
7,54440,5135,1.0,8828,422,54018
5,54445,5135,0.0,8829,422,54023
8,54453,5136,1.0,8830,422,54031
4,54457,5136,0.0,8831,422,54035
2,54459,5136,0.0,8832,422,54037
6,54465,5137,1.0,8833,422,54043
8,54473,5138,1.0,8834,422,54051
4,54477,5138,0.0,8835,422,54055
4,54481,5138,0.0,8836,422,54059
6,54487,5139,1.0,8837,422,54065
8,54495,5139,0.0,8838,422,54073
7,54502,5140,1.0,8839,422,54080
6,54508,5141,1.0,8840,422,54086
6,54514,5142,1.0,8841,422,54092
6,54520,5143,1.0,8842,422,54098
4,54524,5143,0.0,8843,422,54102
7,54531,5144,1.0,8844,422,54109
6,54537,5145,1.0,8845,422,54115
6,54543,5146,1.0,8846,422,54121
6,54549,5147,1.0,8847,422,54127
11,54560,5148,1.0,8848,422,54138
6,54566,5149,1.0,8849,422,54144
6,54572,5150,1.0,8850,422,54150
7,54579,5151,1.0,8851,422,54157
6,54585,5152,1.0,8852,422,54163
6,54591,5153,1.0,8853,422,54169
9,54600,5154,1.0,8854,422,54178
8,54608,5155,1.0,8855,422,54186
6,54614,5156,1.0,8856,422,54192
7,54621,5157,1.0,8857,422,54199
8,54629,5158,1.0,8858,422,54207
6,54635,5159,1.0,8859,422,54213
7,54642,5160,1.0,8860,422,54220
6,54648,5161,1.0,8861,422,54226
6,54654,5162,1.0,8862,422,54232
6,54660,5163,1.0,8863,422,54238
7,54667,5163,0.0,8864,422,54245
2,54669,5163,0.0,8865,422,54247
6,54675,5164,1.0,8866,422,54253
2,54677,5164,0.0,8867,422,54255
8,54685,5165,1.0,8868,422,54263
8,54693,5166,1.0,8869,422,54271
6,54699,5167,1.0,8870,422,54277
4,54703,5167,0.0,8871,422,54281
6,54709,5168,1.0,8872,422,54287
11,54720,5169,1.0,8873,422,54298
7,54727,5170,1.0,8874,422,54305
7,54734,5171,1.0,8875,422,54312
2,54736,5171,0.0,8876,422,54314
6,54742,5172,1.0,8877,422,54320
9,54751,5173,1.0,8878,422,54329
6,54757,5173,0.0,8879,422,54335
11,54768,5174,1.0,8880,422,54346
2,54770,5174,0.0,8881,422,54348
10,54780,5175,1.0,8882,422,54358
6,54786,5176,1.0,8883,422,54364
6,54792,5177,1.0,8884,422,54370
8,54800,5178,1.0,8885,422,54378
6,54806,5179,1.0,8886,422,54384
7,54813,5180,1.0,8887,422,54391
3,54816,5180,0.0,8888,422,54394
6,54822,5181,1.0,8889,422,54400
9,54831,5182,1.0,8890,422,54409
6,54837,5183,1.0,8891,422,54415
7,54844,5184,1.0,8892,422,54422
2,54846,5184,0.0,8893,422,54424
5,54851,5184,0.0,8894,422,54429
4,54855,5184,0.0,8895,422,54433
9,54864,5185,1.0,8896,422,54442
8,54872,5186,1.0,8897,422,54450
6,54878,5187,1.0,8898,422,54456
6,54884,5188,1.0,8899,422,54462
2,54886,5188,0.0,8900,422,54464
8,54894,5189,1.0,8901,422,54472
6,54900,5190,1.0,8902,422,54478
6,54906,5191,1.0,8903,422,54484
6,54912,5192,1.0,8904,422,54490
7,54919,5193,1.0,8905,422,54497
6,54925,5194,1.0,8906,422,54503
8,54933,5195,1.0,8907,422,54511
6,54939,5196,1.0,8908,422,54517
6,54945,5197,1.0,8909,422,54523
3,54948,5197,0.0,8910,422,54526
8,54956,5198,1.0,8911,422,54534
4,54960,5198,0.0,8912,422,54538
7,54967,5199,1.0,8913,422,54545
7,54974,5200,1.0,8914,422,54552
6,54980,5201,1.0,8915,422,54558
7,54987,5202,1.0,8916,422,54565
8,54995,5203,1.0,8917,422,54573
3,54998,5203,0.0,8918,422,54576
3,55001,5203,0.0,8919,422,54579
7,55008,5204,1.0,8920,422,54586
8,55016,5205,1.0,8921,422,54594
6,55022,5206,1.0,8922,422,54600
7,55029,5207,1.0,8923,422,54607
6,55035,5208,1.0,8924,422,54613
6,55041,5209,1.0,8925,422,54619
6,55047,5210,1.0,8926,422,54625
2,55049,5210,0.0,8927,422,54627
6,55055,5211,1.0,8928,422,54633
6,55061,5212,1.0,8929,422,54639
7,55068,5213,1.0,8930,422,54646
6,55074,5214,1.0,8931,422,54652
7,55081,5214,0.0,8932,422,54659
8,55089,5215,1.0,8933,422,54667
7,55096,5215,0.0,8934,422,54674
11,55107,5216,1.0,8935,422,54685
10,55117,5217,1.0,8936,422,54695
6,55123,5218,1.0,8937,422,54701
7,55130,5219,1.0,8938,422,54708
6,55136,5220,1.0,8939,422,54714
6,55142,5221,1.0,8940,422,54720
7,55149,5222,1.0,8941,422,54727
6,55155,5223,1.0,8942,422,54733
6,55161,5224,1.0,8943,422,54739
2,55163,5224,0.0,8944,422,54741
8,55171,5225,1.0,8945,422,54749
9,55180,5226,1.0,8946,422,54758
4,55184,5226,0.0,8947,422,54762
7,55191,5227,1.0,8948,422,54769
6,55197,5228,1.0,8949,422,54775
6,55203,5229,1.0,8950,422,54781
8,55211,5230,1.0,8951,422,54789
11,55222,5231,1.0,8952,422,54800
8,55230,5232,1.0,8953,422,54808
2,55232,5232,0.0,8954,422,54810
7,55239,5233,1.0,8955,422,54817
3,55242,5233,0.0,8956,422,54820
2,55244,5233,0.0,8957,422,54822
5,55249,5233,0.0,8958,422,54827
6,55255,5234,1.0,8959,422,54833
6,55261,5235,1.0,8960,422,54839
6,55267,5236,1.0,8961,422,54845
8,55275,5236,0.0,8962,422,54853
7,55282,5237,1.0,8963,422,54860
3,55285,5237,0.0,8964,422,54863
6,55291,5238,1.0,8965,422,54869
3,55294,5238,0.0,8966,422,54872
6,55300,5239,1.0,8967,422,54878
9,55309,5240,1.0,8968,422,54887
3,55312,5240,0.0,8969,422,54890
7,55319,5241,1.0,8970,422,54897
10,55329,5241,0.0,8971,422,54907
8,55337,5242,1.0,8972,422,54915
7,55344,5243,1.0,8973,422,54922
6,55350,5244,1.0,8974,422,54928
2,55352,5244,0.0,8975,422,54930
7,55359,5245,1.0,8976,422,54937
6,55365,5246,1.0,8977,422,54943
6,55371,5247,1.0,8978,422,54949
11,55382,5248,1.0,8979,422,54960
7,55389,5249,1.0,8980,422,54967
8,55397,5250,1.0,8981,422,54975
6,55403,5251,1.0,8982,422,54981
8,55411,5252,1.0,8983,422,54989
2,55413,5252,0.0,8984,422,54991
6,55419,5253,1.0,8985,422,54997
6,55425,5254,1.0,8986,422,55003
6,55431,5254,0.0,8987,422,55009
6,55437,5255,1.0,8988,422,55015
2,55439,5255,0.0,8989,422,55017
7,55446,5256,1.0,8990,422,55024
6,55452,5257,1.0,8991,422,55030
4,55456,5257,0.0,8992,422,55034
6,55462,5258,1.0,8993,422,55040
2,55464,5258,0.0,8994,422,55042
15,55479,5259,1.0,8995,422,55057
2,55481,5259,0.0,8996,422,55059
9,55490,5260,1.0,8997,422,55068
6,55496,5261,1.0,8998,422,55074
9,55505,5261,0.0,8999,422,55083
6,55511,5262,1.0,9000,422,55089
5,55516,5262,0.0,9001,422,55094
6,55522,5263,1.0,9002,422,55100
6,55528,5264,1.0,9003,422,55106
2,55530,5264,0.0,9004,422,55108
10,55540,5265,1.0,9005,422,55118
6,55546,5266,1.0,9006,422,55124
6,55552,5267,1.0,9007,422,55130
6,55558,5268,1.0,9008,422,55136
6,55564,5269,1.0,9009,422,55142
10,55574,5270,1.0,9010,422,55152
6,55580,5271,1.0,9011,422,55158
7,55587,5272,1.0,9012,422,55165
6,55593,5272,0.0,9013,422,55171
8,55601,5273,1.0,9014,422,55179
7,55608,5274,1.0,9015,422,55186
8,55616,5275,1.0,9016,422,55194
3,55619,5275,0.0,9017,422,55197
6,55625,5276,1.0,9018,422,55203
2,55627,5276,0.0,9019,422,55205
7,55634,5277,1.0,9020,422,55212
6,55640,5278,1.0,9021,422,55218
3,55643,5278,0.0,9022,422,55221
8,55651,5279,1.0,9023,422,55229
7,55658,5280,1.0,9024,422,55236
9,55667,5281,1.0,9025,422,55245
3,55670,5281,0.0,9026,422,55248
8,55678,5282,1.0,9027,422,55256
8,55686,5283,1.0,9028,422,55264
6,55692,5284,1.0,9029,422,55270
6,55698,5285,1.0,9030,422,55276
6,55704,5286,1.0,9031,422,55282
6,55710,5287,1.0,9032,422,55288
9,55719,5288,1.0,9033,422,55297
6,55725,5289,1.0,9034,422,55303
11,55736,5290,1.0,9035,422,55314
11,55747,5291,1.0,9036,422,55325
2,55749,5291,0.0,9037,422,55327
6,55755,5292,1.0,9038,422,55333
6,55761,5293,1.0,9039,422,55339
8,55769,5294,1.0,9040,422,55347
8,55777,5295,1.0,9041,422,55355
6,55783,5296,1.0,9042,422,55361
6,55789,5297,1.0,9043,422,55367
7,55796,5298,1.0,9044,422,55374
8,55804,5299,1.0,9045,422,55382
4,55808,5299,0.0,9046,422,55386
6,55814,5300,1.0,9047,422,55392
6,55820,5301,1.0,9048,422,55398
6,55826,5302,1.0,9049,422,55404
2,55828,5302,0.0,9050,422,55406
5,55833,5302,0.0,9051,422,55411
8,55841,5303,1.0,9052,422,55419
3,55844,5303,0.0,9053,422,55422
3,55847,5303,0.0,9054,422,55425
10,55857,5304,1.0,9055,422,55435
6,55863,5304,0.0,9056,422,55441
6,55869,5305,1.0,9057,422,55447
10,55879,5306,1.0,9058,422,55457
5,55884,5306,0.0,9059,422,55462
8,55892,5307,1.0,9060,422,55470
7,55899,5308,1.0,9061,422,55477
6,55905,5309,1.0,9062,422,55483
3,55908,5309,0.0,9063,422,55486
10,55918,5310,1.0,9064,422,55496
8,55926,5311,1.0,9065,422,55504
6,55932,5312,1.0,9066,422,55510
7,55939,5313,1.0,9067,422,55517
6,55945,5314,1.0,9068,422,55523
7,55952,5315,1.0,9069,422,55530
6,55958,5316,1.0,9070,422,55536
6,55964,5317,1.0,9071,422,55542
2,55966,5317,0.0,9072,422,55544
8,55974,5318,1.0,9073,422,55552
6,55980,5319,1.0,9074,422,55558
6,55986,5320,1.0,9075,422,55564
4,55990,5320,0.0,9076,422,55568
7,55997,5321,1.0,9077,422,55575
8,56005,5322,1.0,9078,422,55583
7,56012,5323,1.0,9079,422,55590
3,56015,5323,0.0,9080,422,55593
7,56022,5324,1.0,9081,422,55600
6,56028,5325,1.0,9082,422,55606
4,56032,5325,0.0,9083,422,55610
6,56038,5325,0.0,9084,422,55616
6,56044,5326,1.0,9085,422,55622
4,56048,5326,0.0,9086,422,55626
10,56058,5327,1.0,9087,422,55636
6,56064,5328,1.0,9088,422,55642
7,56071,5329,1.0,9089,422,55649
6,56077,5330,1.0,9090,422,55655
2,56079,5330,0.0,9091,422,55657
6,56085,5331,1.0,9092,422,55663
6,56091,5332,1.0,9093,422,55669
6,56097,5333,1.0,9094,422,55675
3,56100,5333,0.0,9095,422,55678
2,56102,5333,0.0,9096,422,55680
10,56112,5334,1.0,9097,422,55690
4,56116,5334,0.0,9098,422,55694
8,56124,5335,1.0,9099,422,55702
6,56130,5335,0.0,9100,422,55708
2,56132,5335,0.0,9101,422,55710
6,56138,5336,1.0,9102,422,55716
6,56144,5337,1.0,9103,422,55722
2,56146,5337,0.0,9104,422,55724
6,56152,5338,1.0,9105,422,55730
6,56158,5339,1.0,9106,422,55736
6,56164,5340,1.0,9107,422,55742
6,56170,5341,1.0,9108,422,55748
9,56179,5342,1.0,9109,422,55757
9,56188,5343,1.0,9110,422,55766
7,56195,5344,1.0,9111,422,55773
10,56205,5345,1.0,9112,422,55783
6,56211,5346,1.0,9113,422,55789
6,56217,5347,1.0,9114,422,55795
6,56223,5348,1.0,9115,422,55801
6,56229,5349,1.0,9116,422,55807
6,56235,5350,1.0,9117,422,55813
8,56243,5351,1.0,9118,422,55821
7,56250,5352,1.0,9119,422,55828
4,56254,5352,0.0,9120,422,55832
7,56261,5353,1.0,9121,422,55839
2,56263,5353,0.0,9122,422,55841
2,56265,5353,0.0,9123,422,55843
7,56272,5354,1.0,9124,422,55850
7,56279,5355,1.0,9125,422,55857
6,56285,5356,1.0,9126,422,55863
6,56291,5357,1.0,9127,422,55869
6,56297,5358,1.0,9128,422,55875
2,56299,5358,0.0,9129,422,55877
8,56307,5359,1.0,9130,422,55885
4,56311,5359,0.0,9131,422,55889
8,56319,5360,1.0,9132,422,55897
6,56325,5361,1.0,9133,422,55903
8,56333,5362,1.0,9134,422,55911
6,56339,5363,1.0,9135,422,55917
6,56345,5364,1.0,9136,422,55923
6,56351,5365,1.0,9137,422,55929
8,56359,5366,1.0,9138,422,55937
7,56366,5367,1.0,9139,422,55944
6,56372,5368,1.0,9140,422,55950
6,56378,5369,1.0,9141,422,55956
7,56385,5370,1.0,9142,422,55963
6,56391,5371,1.0,9143,422,55969
6,56397,5372,1.0,9144,422,55975
8,56405,5373,1.0,9145,422,55983
8,56413,5374,1.0,9146,422,55991
7,56420,5375,1.0,9147,422,55998
2,56422,5375,0.0,9148,422,56000
7,56429,5376,1.0,9149,422,56007
3,56432,5376,0.0,9150,422,56010
6,56438,5377,1.0,9151,422,56016
6,56444,5378,1.0,9152,422,56022
7,56451,5379,1.0,9153,422,56029
6,56457,5380,1.0,9154,422,56035
2,56459,5380,0.0,9155,422,56037
6,56465,5381,1.0,9156,422,56043
6,56471,5382,1.0,9157,422,56049
7,56478,5383,1.0,9158,422,56056
8,56486,5384,1.0,9159,422,56064
6,56492,5385,1.0,9160,422,56070
9,56501,5386,1.0,9161,422,56079
5,56506,5386,0.0,9162,422,56084
6,56512,5387,1.0,9163,422,56090
7,56519,5388,1.0,9164,422,56097
6,56525,5389,1.0,9165,422,56103
4,56529,5389,0.0,9166,422,56107
6,56535,5390,1.0,9167,422,56113
8,56543,5391,1.0,9168,422,56121
9,56552,5392,1.0,9169,422,56130
6,56558,5393,1.0,9170,422,56136
6,56564,5394,1.0,9171,422,56142
3,56567,5394,0.0,9172,422,56145
4,56571,5394,0.0,9173,422,56149
11,56582,5395,1.0,9174,422,56160
7,56589,5396,1.0,9175,422,56167
6,56595,5397,1.0,9176,422,56173
2,56597,5397,0.0,9177,422,56175
7,56604,5398,1.0,9178,422,56182
6,56610,5399,1.0,9179,422,56188
3,56613,5399,0.0,9180,422,56191
7,56620,5400,1.0,9181,422,56198
3,56623,5400,0.0,9182,422,56201
8,56631,5401,1.0,9183,422,56209
2,56633,5401,0.0,9184,422,56211
13,56646,5402,1.0,9185,422,56224
11,56657,5403,1.0,9186,422,56235
4,56661,5403,0.0,9187,422,56239
6,56667,5403,0.0,9188,422,56245
2,56669,5403,0.0,9189,422,56247
4,56673,5403,0.0,9190,422,56251
3,56676,5403,0.0,9191,422,56254
4,56680,5403,0.0,9192,422,56258
6,56686,5404,1.0,9193,422,56264
6,56692,5405,1.0,9194,422,56270
4,56696,5405,0.0,9195,422,56274
8,56704,5406,1.0,9196,422,56282
6,56710,5407,1.0,9197,422,56288
4,56714,5407,0.0,9198,422,56292
6,56720,5408,1.0,9199,422,56298
6,56726,5409,1.0,9200,422,56304
6,56732,5410,1.0,9201,422,56310
9,56741,5411,1.0,9202,422,56319
6,56747,5412,1.0,9203,422,56325
6,56753,5413,1.0,9204,422,56331
8,56761,5413,0.0,9205,422,56339
2,56763,5413,0.0,9206,422,56341
7,56770,5414,1.0,9207,422,56348
5,56775,5414,0.0,9208,422,56353
4,56779,5414,0.0,9209,422,56357
6,56785,5415,1.0,9210,422,56363
5,56790,5415,0.0,9211,422,56368
3,56793,5415,0.0,9212,422,56371
6,56799,5416,1.0,9213,422,56377
8,56807,5417,1.0,9214,422,56385
6,56813,5418,1.0,9215,422,56391
7,56820,5419,1.0,9216,422,56398
7,56827,5420,1.0,9217,422,56405
6,56833,5421,1.0,9218,422,56411
7,56840,5422,1.0,9219,422,56418
8,56848,5423,1.0,9220,422,56426
6,56854,5424,1.0,9221,422,56432
8,56862,5425,1.0,9222,422,56440
6,56868,5425,0.0,9223,422,56446
4,56872,5425,0.0,9224,422,56450
9,56881,5426,1.0,9225,422,56459
2,56883,5426,0.0,9226,422,56461
6,56889,5427,1.0,9227,422,56467
2,56891,5427,0.0,9228,422,56469
6,56897,5428,1.0,9229,422,56475
6,56903,5429,1.0,9230,422,56481
6,56909,5430,1.0,9231,422,56487
6,56915,5431,1.0,9232,422,56493
6,56921,5432,1.0,9233,422,56499
8,56929,5433,1.0,9234,422,56507
6,56935,5433,0.0,9235,422,56513
9,56944,5434,1.0,9236,422,56522
8,56952,5435,1.0,9237,422,56530
6,56958,5436,1.0,9238,422,56536
6,56964,5436,0.0,9239,422,56542
6,56970,5437,1.0,9240,422,56548
8,56978,5438,1.0,9241,422,56556
2,56980,5438,0.0,9242,422,56558
6,56986,5439,1.0,9243,422,56564
6,56992,5440,1.0,9244,422,56570
6,56998,5441,1.0,9245,422,56576
6,57004,5442,1.0,9246,422,56582
8,57012,5443,1.0,9247,422,56590
8,57020,5444,1.0,9248,422,56598
7,57027,5445,1.0,9249,422,56605
7,57034,5446,1.0,9250,422,56612
7,57041,5447,1.0,9251,422,56619
2,57043,5447,0.0,9252,422,56621
9,57052,5448,1.0,9253,422,56630
6,57058,5449,1.0,9254,422,56636
7,57065,5450,1.0,9255,422,56643
7,57072,5451,1.0,9256,422,56650
2,57074,5451,0.0,9257,422,56652
7,57081,5452,1.0,9258,422,56659
6,57087,5453,1.0,9259,422,56665
6,57093,5454,1.0,9260,422,56671
9,57102,5455,1.0,9261,422,56680
6,57108,5455,0.0,9262,422,56686
7,57115,5456,1.0,9263,422,56693
8,57123,5457,1.0,9264,422,56701
5,57128,5457,0.0,9265,422,56706
6,57134,5458,1.0,9266,422,56712
9,57143,5459,1.0,9267,422,56721
8,57151,5460,1.0,9268,422,56729
9,57160,5461,1.0,9269,422,56738
6,57166,5462,1.0,9270,422,56744
6,57172,5463,1.0,9271,422,56750
16,57188,5464,1.0,9272,422,56766
6,57194,5465,1.0,9273,422,56772
6,57200,5466,1.0,9274,422,56778
8,57208,5467,1.0,9275,422,56786
17,57225,5467,0.0,9276,422,56803
8,57233,5468,1.0,9277,422,56811
2,57235,5468,0.0,9278,422,56813
4,57239,5468,0.0,9279,422,56817
7,57246,5469,1.0,9280,422,56824
7,57253,5470,1.0,9281,422,56831
6,57259,5471,1.0,9282,422,56837
4,57263,5471,0.0,9283,422,56841
8,57271,5472,1.0,9284,422,56849
6,57277,5473,1.0,9285,422,56855
4,57281,5473,0.0,9286,422,56859
7,57288,5474,1.0,9287,422,56866
2,57290,5474,0.0,9288,422,56868
6,57296,5475,1.0,9289,422,56874
9,57305,5476,1.0,9290,422,56883
6,57311,5477,1.0,9291,422,56889
6,57317,5477,0.0,9292,422,56895
7,57324,5478,1.0,9293,422,56902
5,57329,5478,0.0,9294,422,56907
3,57332,5478,0.0,9295,422,56910
8,57340,5479,1.0,9296,422,56918
6,57346,5480,1.0,9297,422,56924
2,57348,5480,0.0,9298,422,56926
6,57354,5481,1.0,9299,422,56932
9,57363,5482,1.0,9300,422,56941
10,57373,5483,1.0,9301,422,56951
7,57380,5484,1.0,9302,422,56958
2,57382,5484,0.0,9303,422,56960
6,57388,5485,1.0,9304,422,56966
8,57396,5486,1.0,9305,422,56974
6,57402,5487,1.0,9306,422,56980
4,57406,5487,0.0,9307,422,56984
7,57413,5488,1.0,9308,422,56991
6,57419,5489,1.0,9309,422,56997
3,57422,5489,0.0,9310,422,57000
2,57424,5489,0.0,9311,422,57002
6,57430,5489,0.0,9312,422,57008
8,57438,5490,1.0,9313,422,57016
6,57444,5491,1.0,9314,422,57022
4,57448,5491,0.0,9315,422,57026
6,57454,5492,1.0,9316,422,57032
6,57460,5493,1.0,9317,422,57038
7,57467,5494,1.0,9318,422,57045
7,57474,5495,1.0,9319,422,57052
2,57476,5495,0.0,9320,422,57054
6,57482,5496,1.0,9321,422,57060
9,57491,5496,0.0,9322,422,57069
7,57498,5497,1.0,9323,422,57076
9,57507,5498,1.0,9324,422,57085
7,57514,5499,1.0,9325,422,57092
9,57523,5500,1.0,9326,422,57101
9,57532,5501,1.0,9327,422,57110
12,57544,5502,1.0,9328,422,57122
8,57552,5503,1.0,9329,422,57130
3,57555,5503,0.0,9330,422,57133
9,57564,5504,1.0,9331,422,57142
6,57570,5505,1.0,9332,422,57148
6,57576,5506,1.0,9333,422,57154
8,57584,5507,1.0,9334,422,57162
6,57590,5508,1.0,9335,422,57168
7,57597,5509,1.0,9336,422,57175
3,57600,5509,0.0,9337,422,57178
7,57607,5510,1.0,9338,422,57185
6,57613,5511,1.0,9339,422,57191
7,57620,5512,1.0,9340,422,57198
6,57626,5513,1.0,9341,422,57204
6,57632,5514,1.0,9342,422,57210
7,57639,5515,1.0,9343,422,57217
6,57645,5516,1.0,9344,422,57223
8,57653,5517,1.0,9345,422,57231
6,57659,5518,1.0,9346,422,57237
6,57665,5519,1.0,9347,422,57243
6,57671,5520,1.0,9348,422,57249
4,57675,5520,0.0,9349,422,57253
6,57681,5521,1.0,9350,422,57259
11,57692,5522,1.0,9351,422,57270
6,57698,5523,1.0,9352,422,57276
8,57706,5524,1.0,9353,422,57284
3,57709,5524,0.0,9354,422,57287
2,57711,5524,0.0,9355,422,57289
6,57717,5525,1.0,9356,422,57295
6,57723,5526,1.0,9357,422,57301
6,57729,5527,1.0,9358,422,57307
4,57733,5527,0.0,9359,422,57311
6,57739,5528,1.0,9360,422,57317
6,57745,5529,1.0,9361,422,57323
6,57751,5530,1.0,9362,422,57329
6,57757,5531,1.0,9363,422,57335
9,57766,5532,1.0,9364,422,57344
4,57770,5532,0.0,9365,422,57348
8,57778,5533,1.0,9366,422,57356
9,57787,5534,1.0,9367,422,57365
7,57794,5535,1.0,9368,422,57372
6,57800,5536,1.0,9369,422,57378
2,57802,5536,0.0,9370,422,57380
7,57809,5537,1.0,9371,422,57387
6,57815,5538,1.0,9372,422,57393
6,57821,5539,1.0,9373,422,57399
6,57827,5540,1.0,9374,422,57405
4,57831,5540,0.0,9375,422,57409
6,57837,5541,1.0,9376,422,57415
6,57843,5542,1.0,9377,422,57421
2,57845,5542,0.0,9378,422,57423
6,57851,5543,1.0,9379,422,57429
6,57857,5543,0.0,9380,422,57435
7,57864,5544,1.0,9381,422,57442
2,57866,5544,0.0,9382,422,57444
2,57868,5544,0.0,9383,422,57446
8,57876,5545,1.0,9384,422,57454
6,57882,5546,1.0,9385,422,57460
6,57888,5547,1.0,9386,422,57466
7,57895,5548,1.0,9387,422,57473
2,57897,5548,0.0,9388,422,57475
6,57903,5549,1.0,9389,422,57481
6,57909,5549,0.0,9390,422,57487
6,57915,5550,1.0,9391,422,57493
6,57921,5551,1.0,9392,422,57499
4,57925,5551,0.0,9393,422,57503
7,57932,5552,1.0,9394,422,57510
6,57938,5553,1.0,9395,422,57516
6,57944,5554,1.0,9396,422,57522
6,57950,5555,1.0,9397,422,57528
6,57956,5556,1.0,9398,422,57534
4,57960,5556,0.0,9399,422,57538
4,57964,5556,0.0,9400,422,57542
8,57972,5556,0.0,9401,422,57550
9,57981,5557,1.0,9402,422,57559
10,57991,5558,1.0,9403,422,57569
9,58000,5559,1.0,9404,422,57578
6,58006,5559,0.0,9405,422,57584
4,58010,5559,0.0,9406,422,57588
8,58018,5560,1.0,9407,422,57596
6,58024,5561,1.0,9408,422,57602
6,58030,5562,1.0,9409,422,57608
9,58039,5563,1.0,9410,422,57617
6,58045,5564,1.0,9411,422,57623
4,58049,5564,0.0,9412,422,57627
11,58060,5565,1.0,9413,422,57638
2,58062,5565,0.0,9414,422,57640
9,58071,5565,0.0,9415,422,57649
10,58081,5566,1.0,9416,422,57659
6,58087,5567,1.0,9417,422,57665
10,58097,5568,1.0,9418,422,57675
6,58103,5569,1.0,9419,422,57681
8,58111,5570,1.0,9420,422,57689
9,58120,5571,1.0,9421,422,57698
6,58126,5572,1.0,9422,422,57704
2,58128,5572,0.0,9423,422,57706
6,58134,5573,1.0,9424,422,57712
6,58140,5574,1.0,9425,422,57718
6,58146,5575,1.0,9426,422,57724
6,58152,5576,1.0,9427,422,57730
6,58158,5577,1.0,9428,422,57736
5,58163,5577,0.0,9429,422,57741
10,58173,5578,1.0,9430,422,57751
8,58181,5579,1.0,9431,422,57759
10,58191,5580,1.0,9432,422,57769
8,58199,5581,1.0,9433,422,57777
6,58205,5582,1.0,9434,422,57783
9,58214,5583,1.0,9435,422,57792
3,58217,5583,0.0,9436,422,57795
6,58223,5584,1.0,9437,422,57801
8,58231,5585,1.0,9438,422,57809
6,58237,5586,1.0,9439,422,57815
10,58247,5587,1.0,9440,422,57825
2,58249,5587,0.0,9441,422,57827
7,58256,5588,1.0,9442,422,57834
6,58262,5589,1.0,9443,422,57840
2,58264,5589,0.0,9444,422,57842
7,58271,5590,1.0,9445,422,57849
7,58278,5591,1.0,9446,422,57856
6,58284,5592,1.0,9447,422,57862
3,58287,5592,0.0,9448,422,57865
6,58293,5593,1.0,9449,422,57871
2,58295,5593,0.0,9450,422,57873
8,58303,5594,1.0,9451,422,57881
6,58309,5595,1.0,9452,422,57887
8,58317,5596,1.0,9453,422,57895
6,58323,5597,1.0,9454,422,57901
8,58331,5598,1.0,9455,422,57909
6,58337,5599,1.0,9456,422,57915
4,58341,5599,0.0,9457,422,57919
2,58343,5599,0.0,9458,422,57921
10,58353,5600,1.0,9459,422,57931
5,58358,5600,0.0,9460,422,57936
7,58365,5601,1.0,9461,422,57943
7,58372,5602,1.0,9462,422,57950
9,58381,5603,1.0,9463,422,57959
5,58386,5603,0.0,9464,422,57964
2,58388,5603,0.0,9465,422,57966
9,58397,5604,1.0,9466,422,57975
8,58405,5605,1.0,9467,422,57983
7,58412,5606,1.0,9468,422,57990
6,58418,5607,1.0,9469,422,57996
2,58420,5607,0.0,9470,422,57998
8,58428,5608,1.0,9471,422,58006
7,58435,5609,1.0,9472,422,58013
9,58444,5610,1.0,9473,422,58022
7,58451,5611,1.0,9474,422,58029
6,58457,5612,1.0,9475,422,58035
7,58464,5613,1.0,9476,422,58042
8,58472,5614,1.0,9477,422,58050
5,58477,5614,0.0,9478,422,58055
10,58487,5615,1.0,9479,422,58065
6,58493,5616,1.0,9480,422,58071
3,58496,5616,0.0,9481,422,58074
6,58502,5617,1.0,9482,422,58080
10,58512,5618,1.0,9483,422,58090
3,58515,5618,0.0,9484,422,58093
9,58524,5619,1.0,9485,422,58102
8,58532,5620,1.0,9486,422,58110
6,58538,5621,1.0,9487,422,58116
4,58542,5621,0.0,9488,422,58120
10,58552,5622,1.0,9489,422,58130
11,58563,5623,1.0,9490,422,58141
6,58569,5624,1.0,9491,422,58147
6,58575,5625,1.0,9492,422,58153
2,58577,5625,0.0,9493,422,58155
8,58585,5626,1.0,9494,422,58163
6,58591,5627,1.0,9495,422,58169
8,58599,5628,1.0,9496,422,58177
6,58605,5629,1.0,9497,422,58183
6,58611,5630,1.0,9498,422,58189
11,58622,5631,1.0,9499,422,58200
10,58632,5632,1.0,9500,422,58210
2,58634,5632,0.0,9501,422,58212
6,58640,5633,1.0,9502,422,58218
6,58646,5634,1.0,9503,422,58224
9,58655,5635,1.0,9504,422,58233
6,58661,5636,1.0,9505,422,58239
6,58667,5637,1.0,9506,422,58245
4,58671,5637,0.0,9507,422,58249
3,58674,5637,0.0,9508,422,58252
6,58680,5638,1.0,9509,422,58258
8,58688,5639,1.0,9510,422,58266
5,58693,5639,0.0,9511,422,58271
10,58703,5640,1.0,9512,422,58281
6,58709,5641,1.0,9513,422,58287
5,58714,5641,0.0,9514,422,58292
6,58720,5642,1.0,9515,422,58298
6,58726,5643,1.0,9516,422,58304
6,58732,5644,1.0,9517,422,58310
8,58740,5644,0.0,9518,422,58318
7,58747,5645,1.0,9519,422,58325
7,58754,5646,1.0,9520,422,58332
6,58760,5647,1.0,9521,422,58338
2,58762,5647,0.0,9522,422,58340
2,58764,5647,0.0,9523,422,58342
7,58771,5648,1.0,9524,422,58349
7,58778,5649,1.0,9525,422,58356
9,58787,5649,0.0,9526,422,58365
6,58793,5650,1.0,9527,422,58371
5,58798,5650,0.0,9528,422,58376
8,58806,5651,1.0,9529,422,58384
2,58808,5651,0.0,9530,422,58386
8,58816,5652,1.0,9531,422,58394
6,58822,5653,1.0,9532,422,58400
6,58828,5654,1.0,9533,422,58406
7,58835,5655,1.0,9534,422,58413
9,58844,5656,1.0,9535,422,58422
7,58851,5657,1.0,9536,422,58429
2,58853,5657,0.0,9537,422,58431
6,58859,5658,1.0,9538,422,58437
6,58865,5659,1.0,9539,422,58443
6,58871,5660,1.0,9540,422,58449
6,58877,5661,1.0,9541,422,58455
6,58883,5662,1.0,9542,422,58461
6,58889,5663,1.0,9543,422,58467
7,58896,5664,1.0,9544,422,58474
10,58906,5665,1.0,9545,422,58484
6,58912,5666,1.0,9546,422,58490
13,58925,5667,1.0,9547,422,58503
5,58930,5667,0.0,9548,422,58508
6,58936,5668,1.0,9549,422,58514
6,58942,5669,1.0,9550,422,58520
10,58952,5670,1.0,9551,422,58530
2,58954,5670,0.0,9552,422,58532
7,58961,5671,1.0,9553,422,58539
6,58967,5672,1.0,9554,422,58545
8,58975,5673,1.0,9555,422,58553
6,58981,5674,1.0,9556,422,58559
4,58985,5674,0.0,9557,422,58563
2,58987,5674,0.0,9558,422,58565
6,58993,5675,1.0,9559,422,58571
8,59001,5676,1.0,9560,422,58579
8,59009,5677,1.0,9561,422,58587
8,59017,5678,1.0,9562,422,58595
4,59021,5678,0.0,9563,422,58599
12,59033,5679,1.0,9564,422,58611
6,59039,5680,1.0,9565,422,58617
6,59045,5681,1.0,9566,422,58623
4,59049,5681,0.0,9567,422,58627
6,59055,5682,1.0,9568,422,58633
6,59061,5683,1.0,9569,422,58639
6,59067,5684,1.0,9570,422,58645
2,59069,5684,0.0,9571,422,58647
3,59072,5684,0.0,9572,422,58650
7,59079,5685,1.0,9573,422,58657
6,59085,5686,1.0,9574,422,58663
2,59087,5686,0.0,9575,422,58665
7,59094,5686,0.0,9576,422,58672
8,59102,5687,1.0,9577,422,58680
7,59109,5688,1.0,9578,422,58687
6,59115,5689,1.0,9579,422,58693
7,59122,5690,1.0,9580,422,58700
4,59126,5690,0.0,9581,422,58704
11,59137,5690,0.0,9582,422,58715
7,59144,5691,1.0,9583,422,58722
9,59153,5692,1.0,9584,422,58731
6,59159,5693,1.0,9585,422,58737
11,59170,5694,1.0,9586,422,58748
3,59173,5694,0.0,9587,422,58751
6,59179,5695,1.0,9588,422,58757
4,59183,5695,0.0,9589,422,58761
10,59193,5696,1.0,9590,422,58771
6,59199,5697,1.0,9591,422,58777
6,59205,5698,1.0,9592,422,58783
2,59207,5698,0.0,9593,422,58785
4,59211,5698,0.0,9594,422,58789
6,59217,5699,1.0,9595,422,58795
7,59224,5700,1.0,9596,422,58802
2,59226,5700,0.0,9597,422,58804
8,59234,5701,1.0,9598,422,58812
7,59241,5702,1.0,9599,422,58819
9,59250,5703,1.0,9600,422,58828
6,59256,5704,1.0,9601,422,58834
6,59262,5705,1.0,9602,422,58840
9,59271,5706,1.0,9603,422,58849
3,59274,5706,0.0,9604,422,58852
4,59278,5706,0.0,9605,422,58856
7,59285,5707,1.0,9606,422,58863
2,59287,5707,0.0,9607,422,58865
7,59294,5708,1.0,9608,422,58872
8,59302,5709,1.0,9609,422,58880
6,59308,5710,1.0,9610,422,58886
6,59314,5711,1.0,9611,422,58892
3,59317,5711,0.0,9612,422,58895
6,59323,5712,1.0,9613,422,58901
13,59336,5713,1.0,9614,422,58914
6,59342,5714,1.0,9615,422,58920
9,59351,5715,1.0,9616,422,58929
7,59358,5716,1.0,9617,422,58936
6,59364,5717,1.0,9618,422,58942
6,59370,5718,1.0,9619,422,58948
6,59376,5718,0.0,9620,422,58954
4,59380,5718,0.0,9621,422,58958
6,59386,5718,0.0,9622,422,58964
7,59393,5719,1.0,9623,422,58971
11,59404,5720,1.0,9624,422,58982
10,59414,5721,1.0,9625,422,58992
5,59419,5721,0.0,9626,422,58997
10,59429,5722,1.0,9627,422,59007
9,59438,5723,1.0,9628,422,59016
6,59444,5724,1.0,9629,422,59022
8,59452,5725,1.0,9630,422,59030
6,59458,5726,1.0,9631,422,59036
3,59461,5726,0.0,9632,422,59039
9,59470,5727,1.0,9633,422,59048
6,59476,5728,1.0,9634,422,59054
4,59480,5728,0.0,9635,422,59058
10,59490,5729,1.0,9636,422,59068
2,59492,5729,0.0,9637,422,59070
2,59494,5729,0.0,9638,422,59072
7,59501,5729,0.0,9639,422,59079
6,59507,5730,1.0,9640,422,59085
6,59513,5731,1.0,9641,422,59091
11,59524,5732,1.0,9642,422,59102
8,59532,5733,1.0,9643,422,59110
7,59539,5734,1.0,9644,422,59117
8,59547,5734,0.0,9645,422,59125
3,59550,5734,0.0,9646,422,59128
6,59556,5735,1.0,9647,422,59134
6,59562,5736,1.0,9648,422,59140
6,59568,5737,1.0,9649,422,59146
8,59576,5738,1.0,9650,422,59154
7,59583,5739,1.0,9651,422,59161
8,59591,5740,1.0,9652,422,59169
6,59597,5741,1.0,9653,422,59175
6,59603,5742,1.0,9654,422,59181
9,59612,5743,1.0,9655,422,59190
9,59621,5744,1.0,9656,422,59199
4,59625,5744,0.0,9657,422,59203
6,59631,5745,1.0,9658,422,59209
6,59637,5746,1.0,9659,422,59215
2,59639,5746,0.0,9660,422,59217
5,59644,5746,0.0,9661,422,59222
2,59646,5746,0.0,9662,422,59224
6,59652,5747,1.0,9663,422,59230
7,59659,5748,1.0,9664,422,59237
6,59665,5749,1.0,9665,422,59243
9,59674,5750,1.0,9666,422,59252
6,59680,5751,1.0,9667,422,59258
10,59690,5752,1.0,9668,422,59268
7,59697,5753,1.0,9669,422,59275
6,59703,5754,1.0,9670,422,59281
2,59705,5754,0.0,9671,422,59283
6,59711,5755,1.0,9672,422,59289
6,59717,5756,1.0,9673,422,59295
7,59724,5757,1.0,9674,422,59302
7,59731,5758,1.0,9675,422,59309
11,59742,5759,1.0,9676,422,59320
2,59744,5759,0.0,9677,422,59322
4,59748,5759,0.0,9678,422,59326
11,59759,5760,1.0,9679,422,59337
3,59762,5760,0.0,9680,422,59340
6,59768,5761,1.0,9681,422,59346
7,59775,5762,1.0,9682,422,59353
6,59781,5763,1.0,9683,422,59359
9,59790,5764,1.0,9684,422,59368
8,59798,5765,1.0,9685,422,59376
7,59805,5766,1.0,9686,422,59383
9,59814,5767,1.0,9687,422,59392
8,59822,5768,1.0,9688,422,59400
6,59828,5769,1.0,9689,422,59406
6,59834,5770,1.0,9690,422,59412
8,59842,5771,1.0,9691,422,59420
6,59848,5772,1.0,9692,422,59426
10,59858,5773,1.0,9693,422,59436
4,59862,5773,0.0,9694,422,59440
7,59869,5774,1.0,9695,422,59447
5,59874,5774,0.0,9696,422,59452
7,59881,5774,0.0,9697,422,59459
12,59893,5775,1.0,9698,422,59471
6,59899,5776,1.0,9699,422,59477
9,59908,5777,1.0,9700,422,59486
8,59916,5777,0.0,9701,422,59494
6,59922,5778,1.0,9702,422,59500
7,59929,5779,1.0,9703,422,59507
6,59935,5780,1.0,9704,422,59513
9,59944,5781,1.0,9705,422,59522
12,59956,5782,1.0,9706,422,59534
6,59962,5783,1.0,9707,422,59540
17,59979,5784,1.0,9708,422,59557
7,59986,5785,1.0,9709,422,59564
7,59993,5786,1.0,9710,422,59571
6,59999,5787,1.0,9711,422,59577
6,60005,5788,1.0,9712,422,59583
4,60009,5788,0.0,9713,422,59587
2,60011,5788,0.0,9714,422,59589
6,60017,5789,1.0,9715,422,59595
6,60023,5790,1.0,9716,422,59601
9,60032,5791,1.0,9717,422,59610
3,60035,5791,0.0,9718,422,59613
6,60041,5792,1.0,9719,422,59619
6,60047,5793,1.0,9720,422,59625
9,60056,5793,0.0,9721,422,59634
6,60062,5794,1.0,9722,422,59640
10,60072,5795,1.0,9723,422,59650
7,60079,5796,1.0,9724,422,59657
2,60081,5796,0.0,9725,422,59659
6,60087,5797,1.0,9726,422,59665
9,60096,5798,1.0,9727,422,59674
9,60105,5799,1.0,9728,422,59683
12,60117,5800,1.0,9729,422,59695
6,60123,5801,1.0,9730,422,59701
8,60131,5802,1.0,9731,422,59709
7,60138,5802,0.0,9732,422,59716
7,60145,5803,1.0,9733,422,59723
6,60151,5804,1.0,9734,422,59729
3,60154,5804,0.0,9735,422,59732
7,60161,5805,1.0,9736,422,59739
4,60165,5805,0.0,9737,422,59743
3,60168,5805,0.0,9738,422,59746
6,60174,5806,1.0,9739,422,59752
5,60179,5806,0.0,9740,422,59757
6,60185,5807,1.0,9741,422,59763
2,60187,5807,0.0,9742,422,59765
6,60193,5808,1.0,9743,422,59771
11,60204,5809,1.0,9744,422,59782
6,60210,5810,1.0,9745,422,59788
7,60217,5811,1.0,9746,422,59795
6,60223,5812,1.0,9747,422,59801
6,60229,5813,1.0,9748,422,59807
2,60231,5813,0.0,9749,422,59809
7,60238,5814,1.0,9750,422,59816
6,60244,5815,1.0,9751,422,59822
7,60251,5816,1.0,9752,422,59829
9,60260,5817,1.0,9753,422,59838
6,60266,5818,1.0,9754,422,59844
4,60270,5818,0.0,9755,422,59848
6,60276,5819,1.0,9756,422,59854
6,60282,5820,1.0,9757,422,59860
6,60288,5821,1.0,9758,422,59866
3,60291,5821,0.0,9759,422,59869
6,60297,5822,1.0,9760,422,59875
6,60303,5823,1.0,9761,422,59881
2,60305,5823,0.0,9762,422,59883
8,60313,5824,1.0,9763,422,59891
6,60319,5825,1.0,9764,422,59897
5,60324,5825,0.0,9765,422,59902
6,60330,5826,1.0,9766,422,59908
3,60333,5826,0.0,9767,422,59911
7,60340,5827,1.0,9768,422,59918
6,60346,5828,1.0,9769,422,59924
3,60349,5828,0.0,9770,422,59927
6,60355,5829,1.0,9771,422,59933
11,60366,5830,1.0,9772,422,59944
6,60372,5831,1.0,9773,422,59950
9,60381,5832,1.0,9774,422,59959
6,60387,5833,1.0,9775,422,59965
6,60393,5834,1.0,9776,422,59971
6,60399,5835,1.0,9777,422,59977
6,60405,5836,1.0,9778,422,59983
10,60415,5837,1.0,9779,422,59993
12,60427,5837,0.0,9780,422,60005
10,60437,5838,1.0,9781,422,60015
6,60443,5839,1.0,9782,422,60021
6,60449,5840,1.0,9783,422,60027
6,60455,5841,1.0,9784,422,60033
8,60463,5842,1.0,9785,422,60041
6,60469,5843,1.0,9786,422,60047
10,60479,5843,0.0,9787,422,60057
8,60487,5844,1.0,9788,422,60065
9,60496,5845,1.0,9789,422,60074
7,60503,5845,0.0,9790,422,60081
6,60509,5846,1.0,9791,422,60087
2,60511,5846,0.0,9792,422,60089
8,60519,5847,1.0,9793,422,60097
6,60525,5848,1.0,9794,422,60103
6,60531,5849,1.0,9795,422,60109
9,60540,5850,1.0,9796,422,60118
6,60546,5851,1.0,9797,422,60124
7,60553,5852,1.0,9798,422,60131
7,60560,5852,0.0,9799,422,60138
9,60569,5853,1.0,9800,422,60147
4,60573,5853,0.0,9801,422,60151
6,60579,5854,1.0,9802,422,60157
8,60587,5855,1.0,9803,422,60165
10,60597,5856,1.0,9804,422,60175
12,60609,5857,1.0,9805,422,60187
10,60619,5857,0.0,9806,422,60197
6,60625,5858,1.0,9807,422,60203
6,60631,5858,0.0,9808,422,60209
2,60633,5858,0.0,9809,422,60211
10,60643,5859,1.0,9810,422,60221
6,60649,5860,1.0,9811,422,60227
2,60651,5860,0.0,9812,422,60229
8,60659,5861,1.0,9813,422,60237
4,60663,5861,0.0,9814,422,60241
6,60669,5862,1.0,9815,422,60247
6,60675,5862,0.0,9816,422,60253
6,60681,5863,1.0,9817,422,60259
6,60687,5864,1.0,9818,422,60265
15,60702,5865,1.0,9819,422,60280
6,60708,5866,1.0,9820,422,60286
8,60716,5867,1.0,9821,422,60294
7,60723,5868,1.0,9822,422,60301
8,60731,5869,1.0,9823,422,60309
16,60747,5870,1.0,9824,422,60325
2,60749,5870,0.0,9825,422,60327
6,60755,5871,1.0,9826,422,60333
13,60768,5872,1.0,9827,422,60346
3,60771,5872,0.0,9828,422,60349
8,60779,5873,1.0,9829,422,60357
6,60785,5874,1.0,9830,422,60363
4,60789,5874,0.0,9831,422,60367
8,60797,5875,1.0,9832,422,60375
10,60807,5876,1.0,9833,422,60385
9,60816,5877,1.0,9834,422,60394
6,60822,5878,1.0,9835,422,60400
4,60826,5878,0.0,9836,422,60404
2,60828,5878,0.0,9837,422,60406
6,60834,5879,1.0,9838,422,60412
7,60841,5880,1.0,9839,422,60419
7,60848,5881,1.0,9840,422,60426
6,60854,5882,1.0,9841,422,60432
10,60864,5883,1.0,9842,422,60442
3,60867,5883,0.0,9843,422,60445
6,60873,5884,1.0,9844,422,60451
8,60881,5885,1.0,9845,422,60459
9,60890,5886,1.0,9846,422,60468
7,60897,5887,1.0,9847,422,60475
8,60905,5888,1.0,9848,422,60483
6,60911,5889,1.0,9849,422,60489
6,60917,5890,1.0,9850,422,60495
7,60924,5891,1.0,9851,422,60502
6,60930,5892,1.0,9852,422,60508
6,60936,5893,1.0,9853,422,60514
2,60938,5893,0.0,9854,422,60516
2,60940,5893,0.0,9855,422,60518
6,60946,5894,1.0,9856,422,60524
8,60954,5895,1.0,9857,422,60532
7,60961,5896,1.0,9858,422,60539
7,60968,5897,1.0,9859,422,60546
6,60974,5898,1.0,9860,422,60552
7,60981,5899,1.0,9861,422,60559
6,60987,5900,1.0,9862,422,60565
6,60993,5901,1.0,9863,422,60571
8,61001,5902,1.0,9864,422,60579
4,61005,5902,0.0,9865,422,60583
8,61013,5903,1.0,9866,422,60591
6,61019,5904,1.0,9867,422,60597
4,61023,5904,0.0,9868,422,60601
18,61041,5905,1.0,9869,422,60619
8,61049,5906,1.0,9870,422,60627
8,61057,5906,0.0,9871,422,60635
5,61062,5906,0.0,9872,422,60640
8,61070,5907,1.0,9873,422,60648
3,61073,5907,0.0,9874,422,60651
6,61079,5908,1.0,9875,422,60657
3,61082,5908,0.0,9876,422,60660
6,61088,5909,1.0,9877,422,60666
6,61094,5910,1.0,9878,422,60672
4,61098,5910,0.0,9879,422,60676
4,61102,5910,0.0,9880,422,60680
5,61107,5910,0.0,9881,422,60685
9,61116,5911,1.0,9882,422,60694
4,61120,5911,0.0,9883,422,60698
9,61129,5912,1.0,9884,422,60707
6,61135,5913,1.0,9885,422,60713
5,61140,5913,0.0,9886,422,60718
7,61147,5914,1.0,9887,422,60725
3,61150,5914,0.0,9888,422,60728
4,61154,5914,0.0,9889,422,60732
12,61166,5915,1.0,9890,422,60744
6,61172,5916,1.0,9891,422,60750
6,61178,5917,1.0,9892,422,60756
9,61187,5918,1.0,9893,422,60765
13,61200,5919,1.0,9894,422,60778
4,61204,5919,0.0,9895,422,60782
4,61208,5919,0.0,9896,422,60786
6,61214,5920,1.0,9897,422,60792
8,61222,5921,1.0,9898,422,60800
8,61230,5922,1.0,9899,422,60808
11,61241,5922,0.0,9900,422,60819
4,61245,5922,0.0,9901,422,60823
8,61253,5923,1.0,9902,422,60831
6,61259,5924,1.0,9903,422,60837
3,61262,5924,0.0,9904,422,60840
5,61267,5924,0.0,9905,422,60845
5,61272,5924,0.0,9906,422,60850
9,61281,5925,1.0,9907,422,60859
8,61289,5926,1.0,9908,422,60867
11,61300,5927,1.0,9909,422,60878
6,61306,5928,1.0,9910,422,60884
4,61310,5928,0.0,9911,422,60888
6,61316,5929,1.0,9912,422,60894
7,61323,5930,1.0,9913,422,60901
6,61329,5931,1.0,9914,422,60907
6,61335,5932,1.0,9915,422,60913
4,61339,5932,0.0,9916,422,60917
6,61345,5933,1.0,9917,422,60923
6,61351,5934,1.0,9918,422,60929
6,61357,5935,1.0,9919,422,60935
7,61364,5935,0.0,9920,422,60942
6,61370,5936,1.0,9921,422,60948
7,61377,5937,1.0,9922,422,60955
4,61381,5937,0.0,9923,422,60959
6,61387,5938,1.0,9924,422,60965
5,61392,5938,0.0,9925,422,60970
6,61398,5938,0.0,9926,422,60976
9,61407,5939,1.0,9927,422,60985
6,61413,5939,0.0,9928,422,60991
14,61427,5940,1.0,9929,422,61005
7,61434,5941,1.0,9930,422,61012
7,61441,5942,1.0,9931,422,61019
7,61448,5943,1.0,9932,422,61026
6,61454,5944,1.0,9933,422,61032
4,61458,5944,0.0,9934,422,61036
6,61464,5945,1.0,9935,422,61042
7,61471,5946,1.0,9936,422,61049
8,61479,5947,1.0,9937,422,61057
6,61485,5948,1.0,9938,422,61063
10,61495,5949,1.0,9939,422,61073
6,61501,5950,1.0,9940,422,61079
9,61510,5951,1.0,9941,422,61088
8,61518,5952,1.0,9942,422,61096
7,61525,5953,1.0,9943,422,61103
6,61531,5954,1.0,9944,422,61109
7,61538,5955,1.0,9945,422,61116
2,61540,5955,0.0,9946,422,61118
6,61546,5956,1.0,9947,422,61124
9,61555,5957,1.0,9948,422,61133
6,61561,5958,1.0,9949,422,61139
6,61567,5959,1.0,9950,422,61145
6,61573,5960,1.0,9951,422,61151
5,61578,5960,0.0,9952,422,61156
7,61585,5961,1.0,9953,422,61163
7,61592,5962,1.0,9954,422,61170
4,61596,5962,0.0,9955,422,61174
3,61599,5962,0.0,9956,422,61177
8,61607,5963,1.0,9957,422,61185
2,61609,5963,0.0,9958,422,61187
8,61617,5964,1.0,9959,422,61195
4,61621,5964,0.0,9960,422,61199
6,61627,5965,1.0,9961,422,61205
7,61634,5966,1.0,9962,422,61212
7,61641,5967,1.0,9963,422,61219
6,61647,5968,1.0,9964,422,61225
6,61653,5969,1.0,9965,422,61231
4,61657,5969,0.0,9966,422,61235
3,61660,5969,0.0,9967,422,61238
6,61666,5970,1.0,9968,422,61244
14,61680,5971,1.0,9969,422,61258
2,61682,5971,0.0,9970,422,61260
4,61686,5971,0.0,9971,422,61264
10,61696,5972,1.0,9972,422,61274
6,61702,5973,1.0,9973,422,61280
8,61710,5974,1.0,9974,422,61288
8,61718,5975,1.0,9975,422,61296
9,61727,5976,1.0,9976,422,61305
5,61732,5976,0.0,9977,422,61310
6,61738,5977,1.0,9978,422,61316
2,61740,5977,0.0,9979,422,61318
7,61747,5978,1.0,9980,422,61325
6,61753,5979,1.0,9981,422,61331
6,61759,5980,1.0,9982,422,61337
6,61765,5981,1.0,9983,422,61343
6,61771,5982,1.0,9984,422,61349
6,61777,5983,1.0,9985,422,61355
6,61783,5984,1.0,9986,422,61361
6,61789,5985,1.0,9987,422,61367
4,61793,5985,0.0,9988,422,61371
6,61799,5986,1.0,9989,422,61377
2,61801,5986,0.0,9990,422,61379
8,61809,5987,1.0,9991,422,61387
6,61815,5988,1.0,9992,422,61393
6,61821,5989,1.0,9993,422,61399
6,61827,5990,1.0,9994,422,61405
6,61833,5991,1.0,9995,422,61411
6,61839,5992,1.0,9996,422,61417
5,61844,5992,0.0,9997,422,61422
6,61850,5993,1.0,9998,422,61428
6,61856,5994,1.0,9999,422,61434
5,61861,5994,0.0,10000,422,61439
8,61869,5995,1.0,10001,422,61447
3,61872,5995,0.0,10002,422,61450
6,61878,5996,1.0,10003,422,61456
6,61884,5997,1.0,10004,422,61462
7,61891,5997,0.0,10005,422,61469
6,61897,5997,0.0,10006,422,61475
10,61907,5998,1.0,10007,422,61485
6,61913,5999,1.0,10008,422,61491
6,61919,6000,1.0,10009,422,61497
7,61926,6001,1.0,10010,422,61504
6,61932,6002,1.0,10011,422,61510
7,61939,6002,0.0,10012,422,61517
2,61941,6002,0.0,10013,422,61519
4,61945,6002,0.0,10014,422,61523
8,61953,6003,1.0,10015,422,61531
6,61959,6004,1.0,10016,422,61537
2,61961,6004,0.0,10017,422,61539
6,61967,6005,1.0,10018,422,61545
5,61972,6005,0.0,10019,422,61550
8,61980,6006,1.0,10020,422,61558
6,61986,6007,1.0,10021,422,61564
8,61994,6008,1.0,10022,422,61572
7,62001,6009,1.0,10023,422,61579
6,62007,6010,1.0,10024,422,61585
5,62012,6010,0.0,10025,422,61590
6,62018,6011,1.0,10026,422,61596
2,62020,6011,0.0,10027,422,61598
6,62026,6012,1.0,10028,422,61604
8,62034,6013,1.0,10029,422,61612
4,62038,6013,0.0,10030,422,61616
11,62049,6014,1.0,10031,422,61627
8,62057,6015,1.0,10032,422,61635
2,62059,6015,0.0,10033,422,61637
2,62061,6015,0.0,10034,422,61639
5,62066,6015,0.0,10035,422,61644
8,62074,6016,1.0,10036,422,61652
6,62080,6017,1.0,10037,422,61658
6,62086,6018,1.0,10038,422,61664
6,62092,6019,1.0,10039,422,61670
6,62098,6020,1.0,10040,422,61676
10,62108,6021,1.0,10041,422,61686
10,62118,6022,1.0,10042,422,61696
8,62126,6023,1.0,10043,422,61704
8,62134,6024,1.0,10044,422,61712
7,62141,6025,1.0,10045,422,61719
6,62147,6026,1.0,10046,422,61725
6,62153,6026,0.0,10047,422,61731
6,62159,6027,1.0,10048,422,61737
6,62165,6028,1.0,10049,422,61743
8,62173,6029,1.0,10050,422,61751
6,62179,6030,1.0,10051,422,61757
6,62185,6031,1.0,10052,422,61763
8,62193,6032,1.0,10053,422,61771
5,62198,6032,0.0,10054,422,61776
6,62204,6033,1.0,10055,422,61782
7,62211,6034,1.0,10056,422,61789
6,62217,6035,1.0,10057,422,61795
6,62223,6036,1.0,10058,422,61801
9,62232,6037,1.0,10059,422,61810
8,62240,6038,1.0,10060,422,61818
7,62247,6039,1.0,10061,422,61825
2,62249,6039,0.0,10062,422,61827
8,62257,6040,1.0,10063,422,61835
7,62264,6041,1.0,10064,422,61842
12,62276,6042,1.0,10065,422,61854
11,62287,6043,1.0,10066,422,61865
9,62296,6044,1.0,10067,422,61874
4,62300,6044,0.0,10068,422,61878
6,62306,6045,1.0,10069,422,61884
2,62308,6045,0.0,10070,422,61886
7,62315,6046,1.0,10071,422,61893
7,62322,6046,0.0,10072,422,61900
3,62325,6046,0.0,10073,422,61903
4,62329,6046,0.0,10074,422,61907
5,62334,6046,0.0,10075,422,61912
6,62340,6047,1.0,10076,422,61918
3,62343,6047,0.0,10077,422,61921
6,62349,6048,1.0,10078,422,61927
6,62355,6049,1.0,10079,422,61933
7,62362,6050,1.0,10080,422,61940
6,62368,6051,1.0,10081,422,61946
7,62375,6052,1.0,10082,422,61953
4,62379,6052,0.0,10083,422,61957
6,62385,6053,1.0,10084,422,61963
7,62392,6054,1.0,10085,422,61970
6,62398,6055,1.0,10086,422,61976
5,62403,6055,0.0,10087,422,61981
6,62409,6055,0.0,10088,422,61987
6,62415,6056,1.0,10089,422,61993
6,62421,6057,1.0,10090,422,61999
11,62432,6058,1.0,10091,422,62010
8,62440,6059,1.0,10092,422,62018
6,62446,6060,1.0,10093,422,62024
2,62448,6060,0.0,10094,422,62026
7,62455,6060,0.0,10095,422,62033
2,62457,6060,0.0,10096,422,62035
6,62463,6061,1.0,10097,422,62041
11,62474,6062,1.0,10098,422,62052
3,62477,6062,0.0,10099,422,62055
4,62481,6062,0.0,10100,422,62059
9,62490,6063,1.0,10101,422,62068
9,62499,6064,1.0,10102,422,62077
3,62502,6064,0.0,10103,422,62080
5,62507,6064,0.0,10104,422,62085
7,62514,6065,1.0,10105,422,62092
4,62518,6065,0.0,10106,422,62096
6,62524,6066,1.0,10107,422,62102
5,62529,6066,0.0,10108,422,62107
8,62537,6067,1.0,10109,422,62115
6,62543,6068,1.0,10110,422,62121
5,62548,6068,0.0,10111,422,62126
2,62550,6068,0.0,10112,422,62128
7,62557,6069,1.0,10113,422,62135
6,62563,6070,1.0,10114,422,62141
6,62569,6071,1.0,10115,422,62147
6,62575,6072,1.0,10116,422,62153
7,62582,6073,1.0,10117,422,62160
6,62588,6074,1.0,10118,422,62166
4,62592,6074,0.0,10119,422,62170
11,62603,6075,1.0,10120,422,62181
6,62609,6076,1.0,10121,422,62187
6,62615,6077,1.0,10122,422,62193
2,62617,6077,0.0,10123,422,62195
6,62623,6078,1.0,10124,422,62201
8,62631,6079,1.0,10125,422,62209
6,62637,6080,1.0,10126,422,62215
6,62643,6081,1.0,10127,422,62221
6,62649,6082,1.0,10128,422,62227
8,62657,6083,1.0,10129,422,62235
6,62663,6083,0.0,10130,422,62241
7,62670,6084,1.0,10131,422,62248
7,62677,6085,1.0,10132,422,62255
6,62683,6086,1.0,10133,422,62261
7,62690,6087,1.0,10134,422,62268
7,62697,6088,1.0,10135,422,62275
4,62701,6088,0.0,10136,422,62279
6,62707,6089,1.0,10137,422,62285
12,62719,6090,1.0,10138,422,62297
6,62725,6091,1.0,10139,422,62303
6,62731,6092,1.0,10140,422,62309
6,62737,6093,1.0,10141,422,62315
7,62744,6094,1.0,10142,422,62322
7,62751,6095,1.0,10143,422,62329
6,62757,6096,1.0,10144,422,62335
13,62770,6097,1.0,10145,422,62348
3,62773,6097,0.0,10146,422,62351
6,62779,6098,1.0,10147,422,62357
8,62787,6099,1.0,10148,422,62365
6,62793,6100,1.0,10149,422,62371
4,62797,6100,0.0,10150,422,62375
8,62805,6100,0.0,10151,422,62383
4,62809,6100,0.0,10152,422,62387
6,62815,6101,1.0,10153,422,62393
4,62819,6101,0.0,10154,422,62397
2,62821,6101,0.0,10155,422,62399
9,62830,6102,1.0,10156,422,62408
7,62837,6103,1.0,10157,422,62415
3,62840,6103,0.0,10158,422,62418
6,62846,6104,1.0,10159,422,62424
6,62852,6105,1.0,10160,422,62430
2,62854,6105,0.0,10161,422,62432
8,62862,6106,1.0,10162,422,62440
7,62869,6107,1.0,10163,422,62447
8,62877,6108,1.0,10164,422,62455
6,62883,6109,1.0,10165,422,62461
4,62887,6109,0.0,10166,422,62465
5,62892,6109,0.0,10167,422,62470
8,62900,6110,1.0,10168,422,62478
7,62907,6111,1.0,10169,422,62485
3,62910,6111,0.0,10170,422,62488
10,62920,6112,1.0,10171,422,62498
7,62927,6113,1.0,10172,422,62505
9,62936,6114,1.0,10173,422,62514
6,62942,6115,1.0,10174,422,62520
2,62944,6115,0.0,10175,422,62522
4,62948,6115,0.0,10176,422,62526
3,62951,6115,0.0,10177,422,62529
6,62957,6115,0.0,10178,422,62535
6,62963,6116,1.0,10179,422,62541
4,62967,6116,0.0,10180,422,62545
5,62972,6116,0.0,10181,422,62550
7,62979,6117,1.0,10182,422,62557
4,62983,6117,0.0,10183,422,62561
6,62989,6118,1.0,10184,422,62567
6,62995,6119,1.0,10185,422,62573
6,63001,6120,1.0,10186,422,62579
9,63010,6121,1.0,10187,422,62588
6,63016,6122,1.0,10188,422,62594
2,63018,6122,0.0,10189,422,62596
6,63024,6123,1.0,10190,422,62602
14,63038,6124,1.0,10191,422,62616
2,63040,6124,0.0,10192,422,62618
10,63050,6125,1.0,10193,422,62628
8,63058,6126,1.0,10194,422,62636
4,63062,6126,0.0,10195,422,62640
7,63069,6127,1.0,10196,422,62647
6,63075,6128,1.0,10197,422,62653
6,63081,6129,1.0,10198,422,62659
7,63088,6130,1.0,10199,422,62666
5,63093,6130,0.0,10200,422,62671
6,63099,6131,1.0,10201,422,62677
6,63105,6132,1.0,10202,422,62683
6,63111,6133,1.0,10203,422,62689
2,63113,6133,0.0,10204,422,62691
4,63117,6133,0.0,10205,422,62695
3,63120,6133,0.0,10206,422,62698
3,63123,6133,0.0,10207,422,62701
6,63129,6134,1.0,10208,422,62707
3,63132,6134,0.0,10209,422,62710
6,63138,6135,1.0,10210,422,62716
6,63144,6136,1.0,10211,422,62722
5,63149,6136,0.0,10212,422,62727
6,63155,6137,1.0,10213,422,62733
8,63163,6138,1.0,10214,422,62741
9,63172,6139,1.0,10215,422,62750
4,63176,6139,0.0,10216,422,62754
9,63185,6140,1.0,10217,422,62763
7,63192,6141,1.0,10218,422,62770
6,63198,6142,1.0,10219,422,62776
2,63200,6142,0.0,10220,422,62778
7,63207,6143,1.0,10221,422,62785
6,63213,6143,0.0,10222,422,62791
4,63217,6143,0.0,10223,422,62795
6,63223,6144,1.0,10224,422,62801
4,63227,6144,0.0,10225,422,62805
6,63233,6145,1.0,10226,422,62811
10,63243,6146,1.0,10227,422,62821
9,63252,6147,1.0,10228,422,62830
8,63260,6148,1.0,10229,422,62838
6,63266,6149,1.0,10230,422,62844
6,63272,6150,1.0,10231,422,62850
6,63278,6151,1.0,10232,422,62856
6,63284,6151,0.0,10233,422,62862
7,63291,6152,1.0,10234,422,62869
3,63294,6152,0.0,10235,422,62872
6,63300,6153,1.0,10236,422,62878
9,63309,6154,1.0,10237,422,62887
8,63317,6155,1.0,10238,422,62895
7,63324,6156,1.0,10239,422,62902
6,63330,6157,1.0,10240,422,62908
7,63337,6158,1.0,10241,422,62915
7,63344,6159,1.0,10242,422,62922
8,63352,6160,1.0,10243,422,62930
7,63359,6161,1.0,10244,422,62937
6,63365,6162,1.0,10245,422,62943
7,63372,6163,1.0,10246,422,62950
9,63381,6164,1.0,10247,422,62959
8,63389,6165,1.0,10248,422,62967
7,63396,6166,1.0,10249,422,62974
6,63402,6167,1.0,10250,422,62980
4,63406,6167,0.0,10251,422,62984
7,63413,6168,1.0,10252,422,62991
2,63415,6168,0.0,10253,422,62993
7,63422,6169,1.0,10254,422,63000
7,63429,6170,1.0,10255,422,63007
8,63437,6171,1.0,10256,422,63015
8,63445,6172,1.0,10257,422,63023
6,63451,6173,1.0,10258,422,63029
2,63453,6173,0.0,10259,422,63031
6,63459,6174,1.0,10260,422,63037
7,63466,6175,1.0,10261,422,63044
8,63474,6175,0.0,10262,422,63052
6,63480,6176,1.0,10263,422,63058
6,63486,6177,1.0,10264,422,63064
6,63492,6177,0.0,10265,422,63070
7,63499,6178,1.0,10266,422,63077
10,63509,6179,1.0,10267,422,63087
6,63515,6180,1.0,10268,422,63093
7,63522,6181,1.0,10269,422,63100
6,63528,6182,1.0,10270,422,63106
9,63537,6183,1.0,10271,422,63115
13,63550,6184,1.0,10272,422,63128
3,63553,6184,0.0,10273,422,63131
8,63561,6185,1.0,10274,422,63139
6,63567,6186,1.0,10275,422,63145
2,63569,6186,0.0,10276,422,63147
6,63575,6187,1.0,10277,422,63153
9,63584,6188,1.0,10278,422,63162
4,63588,6188,0.0,10279,422,63166
6,63594,6189,1.0,10280,422,63172
2,63596,6189,0.0,10281,422,63174
9,63605,6190,1.0,10282,422,63183
7,63612,6191,1.0,10283,422,63190
5,63617,6191,0.0,10284,422,63195
7,63624,6191,0.0,10285,422,63202
6,63630,6192,1.0,10286,422,63208
6,63636,6193,1.0,10287,422,63214
4,63640,6193,0.0,10288,422,63218
6,63646,6194,1.0,10289,422,63224
6,63652,6195,1.0,10290,422,63230
7,63659,6196,1.0,10291,422,63237
7,63666,6197,1.0,10292,422,63244
4,63670,6197,0.0,10293,422,63248
8,63678,6198,1.0,10294,422,63256
10,63688,6199,1.0,10295,422,63266
6,63694,6200,1.0,10296,422,63272
6,63700,6201,1.0,10297,422,63278
2,63702,6201,0.0,10298,422,63280
4,63706,6201,0.0,10299,422,63284
6,63712,6202,1.0,10300,422,63290
7,63719,6203,1.0,10301,422,63297
3,63722,6203,0.0,10302,422,63300
2,63724,6203,0.0,10303,422,63302
7,63731,6204,1.0,10304,422,63309
6,63737,6205,1.0,10305,422,63315
6,63743,6206,1.0,10306,422,63321
6,63749,6207,1.0,10307,422,63327
4,63753,6207,0.0,10308,422,63331
9,63762,6208,1.0,10309,422,63340
3,63765,6208,0.0,10310,422,63343
8,63773,6209,1.0,10311,422,63351
8,63781,6210,1.0,10312,422,63359
6,63787,6210,0.0,10313,422,63365
6,63793,6211,1.0,10314,422,63371
7,63800,6212,1.0,10315,422,63378
6,63806,6213,1.0,10316,422,63384
7,63813,6214,1.0,10317,422,63391
2,63815,6214,0.0,10318,422,63393
4,63819,6214,0.0,10319,422,63397
4,63823,6214,0.0,10320,422,63401
7,63830,6215,1.0,10321,422,63408
6,63836,6216,1.0,10322,422,63414
4,63840,6216,0.0,10323,422,63418
6,63846,6217,1.0,10324,422,63424
6,63852,6218,1.0,10325,422,63430
13,63865,6219,1.0,10326,422,63443
6,63871,6220,1.0,10327,422,63449
8,63879,6221,1.0,10328,422,63457
7,63886,6222,1.0,10329,422,63464
6,63892,6223,1.0,10330,422,63470
6,63898,6223,0.0,10331,422,63476
2,63900,6223,0.0,10332,422,63478
3,63903,6223,0.0,10333,422,63481
6,63909,6224,1.0,10334,422,63487
6,63915,6225,1.0,10335,422,63493
7,63922,6226,1.0,10336,422,63500
7,63929,6227,1.0,10337,422,63507
6,63935,6228,1.0,10338,422,63513
6,63941,6229,1.0,10339,422,63519
2,63943,6229,0.0,10340,422,63521
6,63949,6230,1.0,10341,422,63527
6,63955,6231,1.0,10342,422,63533
4,63959,6231,0.0,10343,422,63537
2,63961,6231,0.0,10344,422,63539
7,63968,6232,1.0,10345,422,63546
7,63975,6233,1.0,10346,422,63553
7,63982,6234,1.0,10347,422,63560
6,63988,6235,1.0,10348,422,63566
6,63994,6236,1.0,10349,422,63572
6,64000,6237,1.0,10350,422,63578
2,64002,6237,0.0,10351,422,63580
2,64004,6237,0.0,10352,422,63582
9,64013,6238,1.0,10353,422,63591
6,64019,6239,1.0,10354,422,63597
2,64021,6239,0.0,10355,422,63599
4,64025,6239,0.0,10356,422,63603
6,64031,6240,1.0,10357,422,63609
6,64037,6241,1.0,10358,422,63615
7,64044,6242,1.0,10359,422,63622
7,64051,6243,1.0,10360,422,63629
6,64057,6244,1.0,10361,422,63635
4,64061,6244,0.0,10362,422,63639
6,64067,6245,1.0,10363,422,63645
17,64084,6246,1.0,10364,422,63662
8,64092,6247,1.0,10365,422,63670
9,64101,6248,1.0,10366,422,63679
8,64109,6249,1.0,10367,422,63687
2,64111,6249,0.0,10368,422,63689
7,64118,6250,1.0,10369,422,63696
4,64122,6250,0.0,10370,422,63700
6,64128,6251,1.0,10371,422,63706
8,64136,6252,1.0,10372,422,63714
6,64142,6253,1.0,10373,422,63720
3,64145,6253,0.0,10374,422,63723
7,64152,6254,1.0,10375,422,63730
2,64154,6254,0.0,10376,422,63732
5,64159,6254,0.0,10377,422,63737
4,64163,6254,0.0,10378,422,63741
2,64165,6254,0.0,10379,422,63743
8,64173,6255,1.0,10380,422,63751
6,64179,6256,1.0,10381,422,63757
6,64185,6256,0.0,10382,422,63763
4,64189,6256,0.0,10383,422,63767
7,64196,6257,1.0,10384,422,63774
8,64204,6258,1.0,10385,422,63782
10,64214,6259,1.0,10386,422,63792
7,64221,6260,1.0,10387,422,63799
3,64224,6260,0.0,10388,422,63802
9,64233,6261,1.0,10389,422,63811
6,64239,6262,1.0,10390,422,63817
10,64249,6263,1.0,10391,422,63827
7,64256,6264,1.0,10392,422,63834
6,64262,6265,1.0,10393,422,63840
2,64264,6265,0.0,10394,422,63842
7,64271,6266,1.0,10395,422,63849
4,64275,6266,0.0,10396,422,63853
7,64282,6267,1.0,10397,422,63860
7,64289,6268,1.0,10398,422,63867
6,64295,6269,1.0,10399,422,63873
6,64301,6270,1.0,10400,422,63879
4,64305,6270,0.0,10401,422,63883
6,64311,6271,1.0,10402,422,63889
4,64315,6271,0.0,10403,422,63893
8,64323,6272,1.0,10404,422,63901
7,64330,6273,1.0,10405,422,63908
6,64336,6274,1.0,10406,422,63914
8,64344,6275,1.0,10407,422,63922
6,64350,6276,1.0,10408,422,63928
6,64356,6277,1.0,10409,422,63934
6,64362,6278,1.0,10410,422,63940
10,64372,6279,1.0,10411,422,63950
6,64378,6280,1.0,10412,422,63956
6,64384,6281,1.0,10413,422,63962
6,64390,6282,1.0,10414,422,63968
6,64396,6283,1.0,10415,422,63974
5,64401,6283,0.0,10416,422,63979
5,64406,6283,0.0,10417,422,63984
5,64411,6283,0.0,10418,422,63989
6,64417,6284,1.0,10419,422,63995
6,64423,6285,1.0,10420,422,64001
2,64425,6285,0.0,10421,422,64003
3,64428,6285,0.0,10422,422,64006
9,64437,6286,1.0,10423,422,64015
6,64443,6287,1.0,10424,422,64021
6,64449,6288,1.0,10425,422,64027
6,64455,6289,1.0,10426,422,64033
5,64460,6289,0.0,10427,422,64038
2,64462,6289,0.0,10428,422,64040
6,64468,6290,1.0,10429,422,64046
6,64474,6291,1.0,10430,422,64052
9,64483,6292,1.0,10431,422,64061
6,64489,6293,1.0,10432,422,64067
10,64499,6294,1.0,10433,422,64077
5,64504,6294,0.0,10434,422,64082
7,64511,6295,1.0,10435,422,64089
6,64517,6296,1.0,10436,422,64095
6,64523,6296,0.0,10437,422,64101
9,64532,6297,1.0,10438,422,64110
6,64538,6298,1.0,10439,422,64116
8,64546,6299,1.0,10440,422,64124
6,64552,6300,1.0,10441,422,64130
8,64560,6300,0.0,10442,422,64138
5,64565,6300,0.0,10443,422,64143
10,64575,6301,1.0,10444,422,64153
7,64582,6302,1.0,10445,422,64160
2,64584,6302,0.0,10446,422,64162
5,64589,6302,0.0,10447,422,64167
7,64596,6303,1.0,10448,422,64174
7,64603,6304,1.0,10449,422,64181
6,64609,6305,1.0,10450,422,64187
13,64622,6306,1.0,10451,422,64200
6,64628,6307,1.0,10452,422,64206
6,64634,6308,1.0,10453,422,64212
7,64641,6308,0.0,10454,422,64219
2,64643,6308,0.0,10455,422,64221
7,64650,6309,1.0,10456,422,64228
3,64653,6309,0.0,10457,422,64231
7,64660,6310,1.0,10458,422,64238
3,64663,6310,0.0,10459,422,64241
9,64672,6311,1.0,10460,422,64250
2,64674,6311,0.0,10461,422,64252
6,64680,6312,1.0,10462,422,64258
6,64686,6313,1.0,10463,422,64264
7,64693,6314,1.0,10464,422,64271
6,64699,6315,1.0,10465,422,64277
3,64702,6315,0.0,10466,422,64280
2,64704,6315,0.0,10467,422,64282
6,64710,6316,1.0,10468,422,64288
2,64712,6316,0.0,10469,422,64290
6,64718,6317,1.0,10470,422,64296
6,64724,6318,1.0,10471,422,64302
6,64730,6319,1.0,10472,422,64308
6,64736,6319,0.0,10473,422,64314
8,64744,6320,1.0,10474,422,64322
10,64754,6321,1.0,10475,422,64332
8,64762,6322,1.0,10476,422,64340
6,64768,6323,1.0,10477,422,64346
8,64776,6324,1.0,10478,422,64354
6,64782,6325,1.0,10479,422,64360
4,64786,6325,0.0,10480,422,64364
9,64795,6326,1.0,10481,422,64373
19,64814,6327,1.0,10482,422,64392
6,64820,6328,1.0,10483,422,64398
4,64824,6328,0.0,10484,422,64402
8,64832,6329,1.0,10485,422,64410
9,64841,6330,1.0,10486,422,64419
8,64849,6331,1.0,10487,422,64427
6,64855,6331,0.0,10488,422,64433
6,64861,6332,1.0,10489,422,64439
15,64876,6333,1.0,10490,422,64454
6,64882,6334,1.0,10491,422,64460
2,64884,6334,0.0,10492,422,64462
7,64891,6335,1.0,10493,422,64469
6,64897,6336,1.0,10494,422,64475
6,64903,6337,1.0,10495,422,64481
7,64910,6338,1.0,10496,422,64488
14,64924,6339,1.0,10497,422,64502
3,64927,6339,0.0,10498,422,64505
6,64933,6340,1.0,10499,422,64511
8,64941,6341,1.0,10500,422,64519
2,64943,6341,0.0,10501,422,64521
6,64949,6342,1.0,10502,422,64527
6,64955,6343,1.0,10503,422,64533
5,64960,6343,0.0,10504,422,64538
7,64967,6344,1.0,10505,422,64545
5,64972,6344,0.0,10506,422,64550
7,64979,6345,1.0,10507,422,64557
9,64988,6346,1.0,10508,422,64566
2,64990,6346,0.0,10509,422,64568
6,64996,6346,0.0,10510,422,64574
4,65000,6346,0.0,10511,422,64578
7,65007,6347,1.0,10512,422,64585
6,65013,6348,1.0,10513,422,64591
6,65019,6349,1.0,10514,422,64597
2,65021,6349,0.0,10515,422,64599
9,65030,6350,1.0,10516,422,64608
7,65037,6351,1.0,10517,422,64615
5,65042,6351,0.0,10518,422,64620
6,65048,6352,1.0,10519,422,64626
8,65056,6353,1.0,10520,422,64634
6,65062,6354,1.0,10521,422,64640
8,65070,6355,1.0,10522,422,64648
6,65076,6355,0.0,10523,422,64654
3,65079,6355,0.0,10524,422,64657
4,65083,6355,0.0,10525,422,64661
4,65087,6355,0.0,10526,422,64665
10,65097,6356,1.0,10527,422,64675
7,65104,6357,1.0,10528,422,64682
6,65110,6358,1.0,10529,422,64688
6,65116,6359,1.0,10530,422,64694
6,65122,6360,1.0,10531,422,64700
6,65128,6361,1.0,10532,422,64706
6,65134,6362,1.0,10533,422,64712
6,65140,6363,1.0,10534,422,64718
11,65151,6364,1.0,10535,422,64729
11,65162,6365,1.0,10536,422,64740
2,65164,6365,0.0,10537,422,64742
8,65172,6366,1.0,10538,422,64750
6,65178,6367,1.0,10539,422,64756
4,65182,6367,0.0,10540,422,64760
7,65189,6368,1.0,10541,422,64767
6,65195,6368,0.0,10542,422,64773
3,65198,6368,0.0,10543,422,64776
6,65204,6369,1.0,10544,422,64782
2,65206,6369,0.0,10545,422,64784
6,65212,6370,1.0,10546,422,64790
2,65214,6370,0.0,10547,422,64792
6,65220,6371,1.0,10548,422,64798
6,65226,6372,1.0,10549,422,64804
7,65233,6373,1.0,10550,422,64811
6,65239,6374,1.0,10551,422,64817
6,65245,6375,1.0,10552,422,64823
6,65251,6376,1.0,10553,422,64829
6,65257,6377,1.0,10554,422,64835
6,65263,6378,1.0,10555,422,64841
6,65269,6379,1.0,10556,422,64847
5,65274,6379,0.0,10557,422,64852
12,65286,6380,1.0,10558,422,64864
7,65293,6381,1.0,10559,422,64871
7,65300,6382,1.0,10560,422,64878
7,65307,6383,1.0,10561,422,64885
10,65317,6384,1.0,10562,422,64895
6,65323,6385,1.0,10563,422,64901
6,65329,6386,1.0,10564,422,64907
6,65335,6387,1.0,10565,422,64913
6,65341,6388,1.0,10566,422,64919
7,65348,6389,1.0,10567,422,64926
6,65354,6390,1.0,10568,422,64932
6,65360,6391,1.0,10569,422,64938
9,65369,6392,1.0,10570,422,64947
6,65375,6393,1.0,10571,422,64953
6,65381,6394,1.0,10572,422,64959
6,65387,6395,1.0,10573,422,64965
3,65390,6395,0.0,10574,422,64968
7,65397,6396,1.0,10575,422,64975
9,65406,6397,1.0,10576,422,64984
10,65416,6398,1.0,10577,422,64994
7,65423,6399,1.0,10578,422,65001
6,65429,6400,1.0,10579,422,65007
6,65435,6401,1.0,10580,422,65013
10,65445,6402,1.0,10581,422,65023
5,65450,6402,0.0,10582,422,65028
6,65456,6403,1.0,10583,422,65034
2,65458,6403,0.0,10584,422,65036
2,65460,6403,0.0,10585,422,65038
6,65466,6404,1.0,10586,422,65044
12,65478,6405,1.0,10587,422,65056
8,65486,6406,1.0,10588,422,65064
7,65493,6407,1.0,10589,422,65071
6,65499,6408,1.0,10590,422,65077
8,65507,6409,1.0,10591,422,65085
9,65516,6410,1.0,10592,422,65094
6,65522,6411,1.0,10593,422,65100
8,65530,6412,1.0,10594,422,65108
6,65536,6412,0.0,10595,422,65114
7,65543,6413,1.0,10596,422,65121
6,65549,6414,1.0,10597,422,65127
8,65557,6415,1.0,10598,422,65135
6,65563,6416,1.0,10599,422,65141
7,65570,6417,1.0,10600,422,65148
6,65576,6418,1.0,10601,422,65154
6,65582,6419,1.0,10602,422,65160
9,65591,6420,1.0,10603,422,65169
7,65598,6421,1.0,10604,422,65176
2,65600,6421,0.0,10605,422,65178
6,65606,6422,1.0,10606,422,65184
7,65613,6423,1.0,10607,422,65191
9,65622,6424,1.0,10608,422,65200
6,65628,6425,1.0,10609,422,65206
5,65633,6425,0.0,10610,422,65211
6,65639,6426,1.0,10611,422,65217
4,65643,6426,0.0,10612,422,65221
10,65653,6427,1.0,10613,422,65231
2,65655,6427,0.0,10614,422,65233
3,65658,6427,0.0,10615,422,65236
6,65664,6428,1.0,10616,422,65242
5,65669,6428,0.0,10617,422,65247
6,65675,6429,1.0,10618,422,65253
6,65681,6430,1.0,10619,422,65259
2,65683,6430,0.0,10620,422,65261
6,65689,6431,1.0,10621,422,65267
4,65693,6431,0.0,10622,422,65271
6,65699,6432,1.0,10623,422,65277
6,65705,6433,1.0,10624,422,65283
8,65713,6434,1.0,10625,422,65291
9,65722,6435,1.0,10626,422,65300
7,65729,6436,1.0,10627,422,65307
6,65735,6437,1.0,10628,422,65313
8,65743,6438,1.0,10629,422,65321
9,65752,6439,1.0,10630,422,65330
7,65759,6440,1.0,10631,422,65337
7,65766,6441,1.0,10632,422,65344
7,65773,6442,1.0,10633,422,65351
8,65781,6443,1.0,10634,422,65359
11,65792,6444,1.0,10635,422,65370
8,65800,6445,1.0,10636,422,65378
6,65806,6446,1.0,10637,422,65384
6,65812,6447,1.0,10638,422,65390
11,65823,6448,1.0,10639,422,65401
12,65835,6449,1.0,10640,422,65413
7,65842,6450,1.0,10641,422,65420
6,65848,6451,1.0,10642,422,65426
6,65854,6452,1.0,10643,422,65432
6,65860,6453,1.0,10644,422,65438
5,65865,6453,0.0,10645,422,65443
9,65874,6454,1.0,10646,422,65452
8,65882,6455,1.0,10647,422,65460
7,65889,6456,1.0,10648,422,65467
7,65896,6457,1.0,10649,422,65474
6,65902,6458,1.0,10650,422,65480
6,65908,6459,1.0,10651,422,65486
4,65912,6459,0.0,10652,422,65490
6,65918,6460,1.0,10653,422,65496
7,65925,6461,1.0,10654,422,65503
6,65931,6462,1.0,10655,422,65509
6,65937,6463,1.0,10656,422,65515
8,65945,6464,1.0,10657,422,65523
6,65951,6465,1.0,10658,422,65529
6,65957,6466,1.0,10659,422,65535
10,65967,6467,1.0,10660,422,65545
10,65977,6468,1.0,10661,422,65555
2,65979,6468,0.0,10662,422,65557
4,65983,6468,0.0,10663,422,65561
7,65990,6468,0.0,10664,422,65568
6,65996,6469,1.0,10665,422,65574
7,66003,6470,1.0,10666,422,65581
6,66009,6471,1.0,10667,422,65587
6,66015,6472,1.0,10668,422,65593
6,66021,6473,1.0,10669,422,65599
7,66028,6474,1.0,10670,422,65606
6,66034,6475,1.0,10671,422,65612
6,66040,6475,0.0,10672,422,65618
3,66043,6475,0.0,10673,422,65621
6,66049,6476,1.0,10674,422,65627
6,66055,6477,1.0,10675,422,65633
6,66061,6478,1.0,10676,422,65639
6,66067,6479,1.0,10677,422,65645
5,66072,6479,0.0,10678,422,65650
6,66078,6480,1.0,10679,422,65656
6,66084,6481,1.0,10680,422,65662
6,66090,6482,1.0,10681,422,65668
6,66096,6483,1.0,10682,422,65674
6,66102,6484,1.0,10683,422,65680
8,66110,6485,1.0,10684,422,65688
6,66116,6486,1.0,10685,422,65694
6,66122,6487,1.0,10686,422,65700
6,66128,6488,1.0,10687,422,65706
6,66134,6489,1.0,10688,422,65712
7,66141,6490,1.0,10689,422,65719
7,66148,6491,1.0,10690,422,65726
6,66154,6492,1.0,10691,422,65732
8,66162,6493,1.0,10692,422,65740
6,66168,6494,1.0,10693,422,65746
8,66176,6495,1.0,10694,422,65754
6,66182,6496,1.0,10695,422,65760
7,66189,6497,1.0,10696,422,65767
6,66195,6498,1.0,10697,422,65773
3,66198,6498,0.0,10698,422,65776
9,66207,6499,1.0,10699,422,65785
4,66211,6499,0.0,10700,422,65789
3,66214,6499,0.0,10701,422,65792
9,66223,6500,1.0,10702,422,65801
6,66229,6501,1.0,10703,422,65807
6,66235,6502,1.0,10704,422,65813
5,66240,6502,0.0,10705,422,65818
8,66248,6503,1.0,10706,422,65826
8,66256,6504,1.0,10707,422,65834
3,66259,6504,0.0,10708,422,65837
9,66268,6505,1.0,10709,422,65846
8,66276,6506,1.0,10710,422,65854
8,66284,6506,0.0,10711,422,65862
7,66291,6507,1.0,10712,422,65869
6,66297,6508,1.0,10713,422,65875
6,66303,6509,1.0,10714,422,65881
10,66313,6510,1.0,10715,422,65891
2,66315,6510,0.0,10716,422,65893
7,66322,6511,1.0,10717,422,65900
6,66328,6512,1.0,10718,422,65906
6,66334,6513,1.0,10719,422,65912
6,66340,6514,1.0,10720,422,65918
9,66349,6515,1.0,10721,422,65927
2,66351,6515,0.0,10722,422,65929
7,66358,6516,1.0,10723,422,65936
6,66364,6517,1.0,10724,422,65942
6,66370,6518,1.0,10725,422,65948
9,66379,6519,1.0,10726,422,65957
6,66385,6520,1.0,10727,422,65963
4,66389,6520,0.0,10728,422,65967
6,66395,6521,1.0,10729,422,65973
7,66402,6522,1.0,10730,422,65980
6,66408,6522,0.0,10731,422,65986
6,66414,6523,1.0,10732,422,65992
4,66418,6523,0.0,10733,422,65996
11,66429,6524,1.0,10734,422,66007
3,66432,6524,0.0,10735,422,66010
8,66440,6525,1.0,10736,422,66018
6,66446,6526,1.0,10737,422,66024
9,66455,6527,1.0,10738,422,66033
8,66463,6528,1.0,10739,422,66041
3,66466,6528,0.0,10740,422,66044
6,66472,6529,1.0,10741,422,66050
2,66474,6529,0.0,10742,422,66052
3,66477,6529,0.0,10743,422,66055
6,66483,6529,0.0,10744,422,66061
8,66491,6530,1.0,10745,422,66069
6,66497,6531,1.0,10746,422,66075
6,66503,6532,1.0,10747,422,66081
7,66510,6533,1.0,10748,422,66088
10,66520,6534,1.0,10749,422,66098
4,66524,6534,0.0,10750,422,66102
6,66530,6535,1.0,10751,422,66108
7,66537,6536,1.0,10752,422,66115
11,66548,6537,1.0,10753,422,66126
6,66554,6538,1.0,10754,422,66132
9,66563,6539,1.0,10755,422,66141
7,66570,6539,0.0,10756,422,66148
6,66576,6540,1.0,10757,422,66154
7,66583,6541,1.0,10758,422,66161
13,66596,6542,1.0,10759,422,66174
7,66603,6543,1.0,10760,422,66181
3,66606,6543,0.0,10761,422,66184
10,66616,6544,1.0,10762,422,66194
6,66622,6545,1.0,10763,422,66200
7,66629,6546,1.0,10764,422,66207
5,66634,6546,0.0,10765,422,66212
6,66640,6547,1.0,10766,422,66218
11,66651,6548,1.0,10767,422,66229
8,66659,6549,1.0,10768,422,66237
6,66665,6550,1.0,10769,422,66243
4,66669,6550,0.0,10770,422,66247
6,66675,6551,1.0,10771,422,66253
7,66682,6552,1.0,10772,422,66260
7,66689,6553,1.0,10773,422,66267
6,66695,6554,1.0,10774,422,66273
7,66702,6555,1.0,10775,422,66280
6,66708,6556,1.0,10776,422,66286
6,66714,6557,1.0,10777,422,66292
6,66720,6558,1.0,10778,422,66298
6,66726,6559,1.0,10779,422,66304
2,66728,6559,0.0,10780,422,66306
6,66734,6560,1.0,10781,422,66312
11,66745,6561,1.0,10782,422,66323
8,66753,6562,1.0,10783,422,66331
3,66756,6562,0.0,10784,422,66334
3,66759,6562,0.0,10785,422,66337
7,66766,6563,1.0,10786,422,66344
6,66772,6564,1.0,10787,422,66350
6,66778,6564,0.0,10788,422,66356
6,66784,6565,1.0,10789,422,66362
6,66790,6566,1.0,10790,422,66368
10,66800,6567,1.0,10791,422,66378
2,66802,6567,0.0,10792,422,66380
8,66810,6568,1.0,10793,422,66388
8,66818,6569,1.0,10794,422,66396
10,66828,6570,1.0,10795,422,66406
6,66834,6571,1.0,10796,422,66412
8,66842,6572,1.0,10797,422,66420
7,66849,6573,1.0,10798,422,66427
7,66856,6574,1.0,10799,422,66434
6,66862,6575,1.0,10800,422,66440
6,66868,6576,1.0,10801,422,66446
6,66874,6577,1.0,10802,422,66452
10,66884,6578,1.0,10803,422,66462
10,66894,6579,1.0,10804,422,66472
3,66897,6579,0.0,10805,422,66475
6,66903,6579,0.0,10806,422,66481
6,66909,6580,1.0,10807,422,66487
7,66916,6581,1.0,10808,422,66494
8,66924,6582,1.0,10809,422,66502
9,66933,6583,1.0,10810,422,66511
4,66937,6583,0.0,10811,422,66515
6,66943,6583,0.0,10812,422,66521
7,66950,6584,1.0,10813,422,66528
2,66952,6584,0.0,10814,422,66530
6,66958,6585,1.0,10815,422,66536
7,66965,6586,1.0,10816,422,66543
4,66969,6586,0.0,10817,422,66547
9,66978,6587,1.0,10818,422,66556
6,66984,6588,1.0,10819,422,66562
7,66991,6589,1.0,10820,422,66569
8,66999,6590,1.0,10821,422,66577
9,67008,6591,1.0,10822,422,66586
3,67011,6591,0.0,10823,422,66589
6,67017,6592,1.0,10824,422,66595
6,67023,6593,1.0,10825,422,66601
9,67032,6594,1.0,10826,422,66610
3,67035,6594,0.0,10827,422,66613
7,67042,6595,1.0,10828,422,66620
8,67050,6596,1.0,10829,422,66628
8,67058,6597,1.0,10830,422,66636
7,67065,6598,1.0,10831,422,66643
6,67071,6599,1.0,10832,422,66649
6,67077,6600,1.0,10833,422,66655
6,67083,6601,1.0,10834,422,66661
6,67089,6602,1.0,10835,422,66667
4,67093,6602,0.0,10836,422,66671
6,67099,6603,1.0,10837,422,66677
3,67102,6603,0.0,10838,422,66680
6,67108,6604,1.0,10839,422,66686
4,67112,6604,0.0,10840,422,66690
8,67120,6605,1.0,10841,422,66698
4,67124,6605,0.0,10842,422,66702
8,67132,6606,1.0,10843,422,66710
6,67138,6607,1.0,10844,422,66716
3,67141,6607,0.0,10845,422,66719
8,67149,6607,0.0,10846,422,66727
6,67155,6608,1.0,10847,422,66733
6,67161,6609,1.0,10848,422,66739
9,67170,6610,1.0,10849,422,66748
3,67173,6610,0.0,10850,422,66751
6,67179,6611,1.0,10851,422,66757
6,67185,6612,1.0,10852,422,66763
6,67191,6613,1.0,10853,422,66769
6,67197,6614,1.0,10854,422,66775
6,67203,6615,1.0,10855,422,66781
2,67205,6615,0.0,10856,422,66783
9,67214,6616,1.0,10857,422,66792
11,67225,6617,1.0,10858,422,66803
2,67227,6617,0.0,10859,422,66805
7,67234,6618,1.0,10860,422,66812
6,67240,6618,0.0,10861,422,66818
9,67249,6619,1.0,10862,422,66827
4,67253,6619,0.0,10863,422,66831
6,67259,6620,1.0,10864,422,66837
6,67265,6621,1.0,10865,422,66843
4,67269,6621,0.0,10866,422,66847
6,67275,6622,1.0,10867,422,66853
7,67282,6623,1.0,10868,422,66860
9,67291,6624,1.0,10869,422,66869
6,67297,6625,1.0,10870,422,66875
8,67305,6626,1.0,10871,422,66883
8,67313,6627,1.0,10872,422,66891
7,67320,6628,1.0,10873,422,66898
7,67327,6629,1.0,10874,422,66905
6,67333,6630,1.0,10875,422,66911
6,67339,6631,1.0,10876,422,66917
6,67345,6632,1.0,10877,422,66923
2,67347,6632,0.0,10878,422,66925
6,67353,6633,1.0,10879,422,66931
7,67360,6634,1.0,10880,422,66938
8,67368,6635,1.0,10881,422,66946
7,67375,6636,1.0,10882,422,66953
6,67381,6637,1.0,10883,422,66959
6,67387,6638,1.0,10884,422,66965
10,67397,6639,1.0,10885,422,66975
4,67401,6639,0.0,10886,422,66979
7,67408,6640,1.0,10887,422,66986
10,67418,6641,1.0,10888,422,66996
8,67426,6642,1.0,10889,422,67004
10,67436,6643,1.0,10890,422,67014
8,67444,6644,1.0,10891,422,67022
6,67450,6645,1.0,10892,422,67028
8,67458,6646,1.0,10893,422,67036
12,67470,6647,1.0,10894,422,67048
6,67476,6648,1.0,10895,422,67054
6,67482,6649,1.0,10896,422,67060
6,67488,6650,1.0,10897,422,67066
6,67494,6651,1.0,10898,422,67072
8,67502,6652,1.0,10899,422,67080
10,67512,6653,1.0,10900,422,67090
8,67520,6654,1.0,10901,422,67098
7,67527,6655,1.0,10902,422,67105
8,67535,6656,1.0,10903,422,67113
12,67547,6657,1.0,10904,422,67125
6,67553,6658,1.0,10905,422,67131
9,67562,6659,1.0,10906,422,67140
8,67570,6660,1.0,10907,422,67148
6,67576,6661,1.0,10908,422,67154
6,67582,6662,1.0,10909,422,67160
6,67588,6662,0.0,10910,422,67166
9,67597,6663,1.0,10911,422,67175
6,67603,6664,1.0,10912,422,67181
7,67610,6665,1.0,10913,422,67188
7,67617,6666,1.0,10914,422,67195
9,67626,6667,1.0,10915,422,67204
6,67632,6668,1.0,10916,422,67210
8,67640,6669,1.0,10917,422,67218
7,67647,6670,1.0,10918,422,67225
2,67649,6670,0.0,10919,422,67227
6,67655,6671,1.0,10920,422,67233
6,67661,6672,1.0,10921,422,67239
6,67667,6673,1.0,10922,422,67245
4,67671,6673,0.0,10923,422,67249
6,67677,6674,1.0,10924,422,67255
10,67687,6675,1.0,10925,422,67265
7,67694,6676,1.0,10926,422,67272
6,67700,6677,1.0,10927,422,67278
4,67704,6677,0.0,10928,422,67282
2,67706,6677,0.0,10929,422,67284
6,67712,6678,1.0,10930,422,67290
6,67718,6678,0.0,10931,422,67296
9,67727,6679,1.0,10932,422,67305
10,67737,6680,1.0,10933,422,67315
6,67743,6681,1.0,10934,422,67321
6,67749,6682,1.0,10935,422,67327
4,67753,6682,0.0,10936,422,67331
6,67759,6683,1.0,10937,422,67337
6,67765,6684,1.0,10938,422,67343
6,67771,6685,1.0,10939,422,67349
6,67777,6686,1.0,10940,422,67355
4,67781,6686,0.0,10941,422,67359
6,67787,6687,1.0,10942,422,67365
6,67793,6688,1.0,10943,422,67371
9,67802,6689,1.0,10944,422,67380
9,67811,6690,1.0,10945,422,67389
2,67813,6690,0.0,10946,422,67391
7,67820,6691,1.0,10947,422,67398
6,67826,6692,1.0,10948,422,67404
10,67836,6693,1.0,10949,422,67414
6,67842,6694,1.0,10950,422,67420
8,67850,6695,1.0,10951,422,67428
3,67853,6695,0.0,10952,422,67431
6,67859,6696,1.0,10953,422,67437
7,67866,6697,1.0,10954,422,67444
7,67873,6698,1.0,10955,422,67451
6,67879,6698,0.0,10956,422,67457
7,67886,6699,1.0,10957,422,67464
9,67895,6700,1.0,10958,422,67473
7,67902,6700,0.0,10959,422,67480
6,67908,6701,1.0,10960,422,67486
6,67914,6702,1.0,10961,422,67492
6,67920,6703,1.0,10962,422,67498
3,67923,6703,0.0,10963,422,67501
11,67934,6704,1.0,10964,422,67512
6,67940,6705,1.0,10965,422,67518
8,67948,6706,1.0,10966,422,67526
6,67954,6707,1.0,10967,422,67532
6,67960,6708,1.0,10968,422,67538
6,67966,6709,1.0,10969,422,67544
6,67972,6710,1.0,10970,422,67550
6,67978,6711,1.0,10971,422,67556
6,67984,6712,1.0,10972,422,67562
7,67991,6713,1.0,10973,422,67569
6,67997,6714,1.0,10974,422,67575
6,68003,6715,1.0,10975,422,67581
6,68009,6716,1.0,10976,422,67587
6,68015,6717,1.0,10977,422,67593
9,68024,6718,1.0,10978,422,67602
2,68026,6718,0.0,10979,422,67604
8,68034,6719,1.0,10980,422,67612
6,68040,6720,1.0,10981,422,67618
6,68046,6720,0.0,10982,422,67624
6,68052,6721,1.0,10983,422,67630
6,68058,6722,1.0,10984,422,67636
8,68066,6723,1.0,10985,422,67644
8,68074,6724,1.0,10986,422,67652
7,68081,6725,1.0,10987,422,67659
7,68088,6726,1.0,10988,422,67666
8,68096,6727,1.0,10989,422,67674
7,68103,6728,1.0,10990,422,67681
12,68115,6729,1.0,10991,422,67693
6,68121,6730,1.0,10992,422,67699
8,68129,6731,1.0,10993,422,67707
6,68135,6732,1.0,10994,422,67713
4,68139,6732,0.0,10995,422,67717
6,68145,6733,1.0,10996,422,67723
3,68148,6733,0.0,10997,422,67726
5,68153,6733,0.0,10998,422,67731
6,68159,6734,1.0,10999,422,67737
6,68165,6735,1.0,11000,422,67743
8,68173,6736,1.0,11001,422,67751
4,68177,6736,0.0,11002,422,67755
2,68179,6736,0.0,11003,422,67757
10,68189,6737,1.0,11004,422,67767
6,68195,6738,1.0,11005,422,67773
6,68201,6739,1.0,11006,422,67779
4,68205,6739,0.0,11007,422,67783
6,68211,6740,1.0,11008,422,67789
3,68214,6740,0.0,11009,422,67792
6,68220,6741,1.0,11010,422,67798
7,68227,6742,1.0,11011,422,67805
7,68234,6743,1.0,11012,422,67812
6,68240,6744,1.0,11013,422,67818
6,68246,6745,1.0,11014,422,67824
6,68252,6746,1.0,11015,422,67830
6,68258,6747,1.0,11016,422,67836
7,68265,6748,1.0,11017,422,67843
4,68269,6748,0.0,11018,422,67847
7,68276,6749,1.0,11019,422,67854
2,68278,6749,0.0,11020,422,67856
12,68290,6750,1.0,11021,422,67868
6,68296,6750,0.0,11022,422,67874
7,68303,6751,1.0,11023,422,67881
6,68309,6752,1.0,11024,422,67887
7,68316,6753,1.0,11025,422,67894
10,68326,6754,1.0,11026,422,67904
7,68333,6755,1.0,11027,422,67911
7,68340,6756,1.0,11028,422,67918
5,68345,6756,0.0,11029,422,67923
4,68349,6756,0.0,11030,422,67927
8,68357,6757,1.0,11031,422,67935
4,68361,6757,0.0,11032,422,67939
6,68367,6758,1.0,11033,422,67945
6,68373,6758,0.0,11034,422,67951
10,68383,6759,1.0,11035,422,67961
6,68389,6760,1.0,11036,422,67967
5,68394,6760,0.0,11037,422,67972
6,68400,6761,1.0,11038,422,67978
6,68406,6762,1.0,11039,422,67984
6,68412,6763,1.0,11040,422,67990
6,68418,6764,1.0,11041,422,67996
6,68424,6765,1.0,11042,422,68002
8,68432,6766,1.0,11043,422,68010
7,68439,6767,1.0,11044,422,68017
3,68442,6767,0.0,11045,422,68020
8,68450,6768,1.0,11046,422,68028
6,68456,6769,1.0,11047,422,68034
2,68458,6769,0.0,11048,422,68036
9,68467,6770,1.0,11049,422,68045
6,68473,6771,1.0,11050,422,68051
3,68476,6771,0.0,11051,422,68054
10,68486,6772,1.0,11052,422,68064
7,68493,6773,1.0,11053,422,68071
6,68499,6774,1.0,11054,422,68077
6,68505,6775,1.0,11055,422,68083
6,68511,6775,0.0,11056,422,68089
13,68524,6776,1.0,11057,422,68102
9,68533,6777,1.0,11058,422,68111
14,68547,6778,1.0,11059,422,68125
8,68555,6779,1.0,11060,422,68133
2,68557,6779,0.0,11061,422,68135
6,68563,6780,1.0,11062,422,68141
6,68569,6781,1.0,11063,422,68147
6,68575,6782,1.0,11064,422,68153
6,68581,6783,1.0,11065,422,68159
6,68587,6784,1.0,11066,422,68165
6,68593,6785,1.0,11067,422,68171
8,68601,6786,1.0,11068,422,68179
6,68607,6787,1.0,11069,422,68185
7,68614,6788,1.0,11070,422,68192
6,68620,6789,1.0,11071,422,68198
6,68626,6790,1.0,11072,422,68204
6,68632,6791,1.0,11073,422,68210
5,68637,6791,0.0,11074,422,68215
13,68650,6792,1.0,11075,422,68228
2,68652,6792,0.0,11076,422,68230
2,68654,6792,0.0,11077,422,68232
2,68656,6792,0.0,11078,422,68234
6,68662,6793,1.0,11079,422,68240
7,68669,6794,1.0,11080,422,68247
6,68675,6795,1.0,11081,422,68253
6,68681,6796,1.0,11082,422,68259
6,68687,6797,1.0,11083,422,68265
6,68693,6798,1.0,11084,422,68271
2,68695,6798,0.0,11085,422,68273
6,68701,6799,1.0,11086,422,68279
11,68712,6800,1.0,11087,422,68290
6,68718,6801,1.0,11088,422,68296
2,68720,6801,0.0,11089,422,68298
7,68727,6802,1.0,11090,422,68305
8,68735,6803,1.0,11091,422,68313
6,68741,6804,1.0,11092,422,68319
5,68746,6804,0.0,11093,422,68324
8,68754,6805,1.0,11094,422,68332
6,68760,6806,1.0,11095,422,68338
6,68766,6807,1.0,11096,422,68344
6,68772,6808,1.0,11097,422,68350
9,68781,6809,1.0,11098,422,68359
6,68787,6810,1.0,11099,422,68365
6,68793,6811,1.0,11100,422,68371
6,68799,6812,1.0,11101,422,68377
4,68803,6812,0.0,11102,422,68381
3,68806,6812,0.0,11103,422,68384
9,68815,6813,1.0,11104,422,68393
3,68818,6813,0.0,11105,422,68396
6,68824,6814,1.0,11106,422,68402
7,68831,6815,1.0,11107,422,68409
6,68837,6816,1.0,11108,422,68415
6,68843,6817,1.0,11109,422,68421
4,68847,6817,0.0,11110,422,68425
6,68853,6818,1.0,11111,422,68431
11,68864,6818,0.0,11112,422,68442
8,68872,6819,1.0,11113,422,68450
8,68880,6820,1.0,11114,422,68458
11,68891,6821,1.0,11115,422,68469
6,68897,6822,1.0,11116,422,68475
6,68903,6823,1.0,11117,422,68481
6,68909,6824,1.0,11118,422,68487
6,68915,6825,1.0,11119,422,68493
7,68922,6826,1.0,11120,422,68500
6,68928,6827,1.0,11121,422,68506
6,68934,6828,1.0,11122,422,68512
6,68940,6829,1.0,11123,422,68518
9,68949,6830,1.0,11124,422,68527
3,68952,6830,0.0,11125,422,68530
6,68958,6831,1.0,11126,422,68536
6,68964,6831,0.0,11127,422,68542
5,68969,6831,0.0,11128,422,68547
2,68971,6831,0.0,11129,422,68549
2,68973,6831,0.0,11130,422,68551
6,68979,6832,1.0,11131,422,68557
9,68988,6833,1.0,11132,422,68566
2,68990,6833,0.0,11133,422,68568
7,68997,6833,0.0,11134,422,68575
6,69003,6834,1.0,11135,422,68581
6,69009,6835,1.0,11136,422,68587
6,69015,6836,1.0,11137,422,68593
6,69021,6837,1.0,11138,422,68599
8,69029,6838,1.0,11139,422,68607
7,69036,6838,0.0,11140,422,68614
6,69042,6838,0.0,11141,422,68620
3,69045,6838,0.0,11142,422,68623
6,69051,6839,1.0,11143,422,68629
7,69058,6840,1.0,11144,422,68636
9,69067,6841,1.0,11145,422,68645
7,69074,6842,1.0,11146,422,68652
8,69082,6842,0.0,11147,422,68660
6,69088,6843,1.0,11148,422,68666
6,69094,6844,1.0,11149,422,68672
8,69102,6845,1.0,11150,422,68680
6,69108,6846,1.0,11151,422,68686
2,69110,6846,0.0,11152,422,68688
9,69119,6847,1.0,11153,422,68697
6,69125,6848,1.0,11154,422,68703
7,69132,6849,1.0,11155,422,68710
7,69139,6850,1.0,11156,422,68717
6,69145,6851,1.0,11157,422,68723
8,69153,6852,1.0,11158,422,68731
4,69157,6852,0.0,11159,422,68735
2,69159,6852,0.0,11160,422,68737
4,69163,6852,0.0,11161,422,68741
12,69175,6853,1.0,11162,422,68753
5,69180,6853,0.0,11163,422,68758
6,69186,6854,1.0,11164,422,68764
7,69193,6855,1.0,11165,422,68771
7,69200,6856,1.0,11166,422,68778
6,69206,6857,1.0,11167,422,68784
10,69216,6858,1.0,11168,422,68794
6,69222,6859,1.0,11169,422,68800
6,69228,6860,1.0,11170,422,68806
6,69234,6861,1.0,11171,422,68812
6,69240,6862,1.0,11172,422,68818
6,69246,6863,1.0,11173,422,68824
6,69252,6864,1.0,11174,422,68830
6,69258,6865,1.0,11175,422,68836
3,69261,6865,0.0,11176,422,68839
6,69267,6866,1.0,11177,422,68845
6,69273,6867,1.0,11178,422,68851
6,69279,6868,1.0,11179,422,68857
3,69282,6868,0.0,11180,422,68860
6,69288,6869,1.0,11181,422,68866
7,69295,6870,1.0,11182,422,68873
6,69301,6871,1.0,11183,422,68879
6,69307,6872,1.0,11184,422,68885
8,69315,6873,1.0,11185,422,68893
6,69321,6874,1.0,11186,422,68899
11,69332,6875,1.0,11187,422,68910
6,69338,6876,1.0,11188,422,68916
8,69346,6877,1.0,11189,422,68924
6,69352,6878,1.0,11190,422,68930
6,69358,6879,1.0,11191,422,68936
6,69364,6880,1.0,11192,422,68942
7,69371,6881,1.0,11193,422,68949
8,69379,6882,1.0,11194,422,68957
11,69390,6883,1.0,11195,422,68968
7,69397,6884,1.0,11196,422,68975
4,69401,6884,0.0,11197,422,68979
10,69411,6885,1.0,11198,422,68989
4,69415,6885,0.0,11199,422,68993
8,69423,6886,1.0,11200,422,69001
5,69428,6886,0.0,11201,422,69006
6,69434,6887,1.0,11202,422,69012
11,69445,6888,1.0,11203,422,69023
6,69451,6889,1.0,11204,422,69029
8,69459,6890,1.0,11205,422,69037
8,69467,6891,1.0,11206,422,69045
10,69477,6892,1.0,11207,422,69055
10,69487,6893,1.0,11208,422,69065
6,69493,6894,1.0,11209,422,69071
6,69499,6895,1.0,11210,422,69077
6,69505,6896,1.0,11211,422,69083
7,69512,6897,1.0,11212,422,69090
8,69520,6897,0.0,11213,422,69098
3,69523,6897,0.0,11214,422,69101
6,69529,6898,1.0,11215,422,69107
6,69535,6899,1.0,11216,422,69113
4,69539,6899,0.0,11217,422,69117
6,69545,6900,1.0,11218,422,69123
6,69551,6901,1.0,11219,422,69129
6,69557,6902,1.0,11220,422,69135
2,69559,6902,0.0,11221,422,69137
4,69563,6902,0.0,11222,422,69141
6,69569,6903,1.0,11223,422,69147
4,69573,6903,0.0,11224,422,69151
3,69576,6903,0.0,11225,422,69154
2,69578,6903,0.0,11226,422,69156
9,69587,6904,1.0,11227,422,69165
6,69593,6905,1.0,11228,422,69171
7,69600,6906,1.0,11229,422,69178
6,69606,6907,1.0,11230,422,69184
8,69614,6908,1.0,11231,422,69192
6,69620,6909,1.0,11232,422,69198
4,69624,6909,0.0,11233,422,69202
3,69627,6909,0.0,11234,422,69205
11,69638,6910,1.0,11235,422,69216
6,69644,6911,1.0,11236,422,69222
6,69650,6912,1.0,11237,422,69228
6,69656,6913,1.0,11238,422,69234
3,69659,6913,0.0,11239,422,69237
6,69665,6914,1.0,11240,422,69243
6,69671,6915,1.0,11241,422,69249
7,69678,6915,0.0,11242,422,69256
7,69685,6916,1.0,11243,422,69263
6,69691,6917,1.0,11244,422,69269
7,69698,6918,1.0,11245,422,69276
6,69704,6919,1.0,11246,422,69282
6,69710,6920,1.0,11247,422,69288
3,69713,6920,0.0,11248,422,69291
6,69719,6921,1.0,11249,422,69297
8,69727,6922,1.0,11250,422,69305
7,69734,6923,1.0,11251,422,69312
6,69740,6924,1.0,11252,422,69318
2,69742,6924,0.0,11253,422,69320
8,69750,6925,1.0,11254,422,69328
4,69754,6925,0.0,11255,422,69332
7,69761,6926,1.0,11256,422,69339
8,69769,6927,1.0,11257,422,69347
6,69775,6928,1.0,11258,422,69353
6,69781,6929,1.0,11259,422,69359
8,69789,6930,1.0,11260,422,69367
6,69795,6931,1.0,11261,422,69373
3,69798,6931,0.0,11262,422,69376
4,69802,6931,0.0,11263,422,69380
2,69804,6931,0.0,11264,422,69382
10,69814,6932,1.0,11265,422,69392
6,69820,6933,1.0,11266,422,69398
10,69830,6934,1.0,11267,422,69408
9,69839,6935,1.0,11268,422,69417
6,69845,6936,1.0,11269,422,69423
2,69847,6936,0.0,11270,422,69425
6,69853,6937,1.0,11271,422,69431
6,69859,6938,1.0,11272,422,69437
8,69867,6939,1.0,11273,422,69445
6,69873,6940,1.0,11274,422,69451
6,69879,6941,1.0,11275,422,69457
10,69889,6942,1.0,11276,422,69467
6,69895,6943,1.0,11277,422,69473
10,69905,6944,1.0,11278,422,69483
6,69911,6945,1.0,11279,422,69489
9,69920,6946,1.0,11280,422,69498
7,69927,6947,1.0,11281,422,69505
6,69933,6947,0.0,11282,422,69511
9,69942,6948,1.0,11283,422,69520
8,69950,6949,1.0,11284,422,69528
3,69953,6949,0.0,11285,422,69531
6,69959,6950,1.0,11286,422,69537
4,69963,6950,0.0,11287,422,69541
8,69971,6951,1.0,11288,422,69549
3,69974,6951,0.0,11289,422,69552
6,69980,6952,1.0,11290,422,69558
3,69983,6952,0.0,11291,422,69561
3,69986,6952,0.0,11292,422,69564
7,69993,6953,1.0,11293,422,69571
9,70002,6954,1.0,11294,422,69580
5,70007,6954,0.0,11295,422,69585
6,70013,6954,0.0,11296,422,69591
7,70020,6955,1.0,11297,422,69598
8,70028,6956,1.0,11298,422,69606
2,70030,6956,0.0,11299,422,69608
6,70036,6957,1.0,11300,422,69614
10,70046,6958,1.0,11301,422,69624
6,70052,6959,1.0,11302,422,69630
6,70058,6960,1.0,11303,422,69636
6,70064,6961,1.0,11304,422,69642
6,70070,6962,1.0,11305,422,69648
6,70076,6963,1.0,11306,422,69654
7,70083,6964,1.0,11307,422,69661
7,70090,6965,1.0,11308,422,69668
12,70102,6966,1.0,11309,422,69680
8,70110,6967,1.0,11310,422,69688
14,70124,6968,1.0,11311,422,69702
2,70126,6968,0.0,11312,422,69704
3,70129,6968,0.0,11313,422,69707
5,70134,6968,0.0,11314,422,69712
6,70140,6969,1.0,11315,422,69718
4,70144,6969,0.0,11316,422,69722
6,70150,6970,1.0,11317,422,69728
7,70157,6971,1.0,11318,422,69735
7,70164,6972,1.0,11319,422,69742
7,70171,6973,1.0,11320,422,69749
6,70177,6974,1.0,11321,422,69755
6,70183,6975,1.0,11322,422,69761
7,70190,6976,1.0,11323,422,69768
14,70204,6977,1.0,11324,422,69782
9,70213,6978,1.0,11325,422,69791
7,70220,6979,1.0,11326,422,69798
4,70224,6979,0.0,11327,422,69802
6,70230,6980,1.0,11328,422,69808
6,70236,6981,1.0,11329,422,69814
7,70243,6982,1.0,11330,422,69821
6,70249,6983,1.0,11331,422,69827
8,70257,6984,1.0,11332,422,69835
3,70260,6984,0.0,11333,422,69838
2,70262,6984,0.0,11334,422,69840
6,70268,6985,1.0,11335,422,69846
4,70272,6985,0.0,11336,422,69850
2,70274,6985,0.0,11337,422,69852
7,70281,6986,1.0,11338,422,69859
7,70288,6987,1.0,11339,422,69866
6,70294,6988,1.0,11340,422,69872
10,70304,6989,1.0,11341,422,69882
8,70312,6990,1.0,11342,422,69890
8,70320,6991,1.0,11343,422,69898
4,70324,6991,0.0,11344,422,69902
6,70330,6992,1.0,11345,422,69908
7,70337,6993,1.0,11346,422,69915
6,70343,6994,1.0,11347,422,69921
8,70351,6995,1.0,11348,422,69929
7,70358,6996,1.0,11349,422,69936
6,70364,6997,1.0,11350,422,69942
10,70374,6998,1.0,11351,422,69952
6,70380,6999,1.0,11352,422,69958
6,70386,7000,1.0,11353,422,69964
7,70393,7001,1.0,11354,422,69971
7,70400,7002,1.0,11355,422,69978
2,70402,7002,0.0,11356,422,69980
7,70409,7003,1.0,11357,422,69987
6,70415,7004,1.0,11358,422,69993
7,70422,7004,0.0,11359,422,70000
8,70430,7005,1.0,11360,422,70008
2,70432,7005,0.0,11361,422,70010
6,70438,7006,1.0,11362,422,70016
7,70445,7007,1.0,11363,422,70023
2,70447,7007,0.0,11364,422,70025
7,70454,7008,1.0,11365,422,70032
5,70459,7008,0.0,11366,422,70037
2,70461,7008,0.0,11367,422,70039
6,70467,7009,1.0,11368,422,70045
6,70473,7010,1.0,11369,422,70051
6,70479,7011,1.0,11370,422,70057
8,70487,7012,1.0,11371,422,70065
6,70493,7013,1.0,11372,422,70071
3,70496,7013,0.0,11373,422,70074
8,70504,7014,1.0,11374,422,70082
6,70510,7015,1.0,11375,422,70088
8,70518,7016,1.0,11376,422,70096
3,70521,7016,0.0,11377,422,70099
6,70527,7016,0.0,11378,422,70105
7,70534,7017,1.0,11379,422,70112
7,70541,7018,1.0,11380,422,70119
8,70549,7019,1.0,11381,422,70127
7,70556,7020,1.0,11382,422,70134
6,70562,7021,1.0,11383,422,70140
6,70568,7022,1.0,11384,422,70146
6,70574,7023,1.0,11385,422,70152
10,70584,7024,1.0,11386,422,70162
8,70592,7025,1.0,11387,422,70170
3,70595,7025,0.0,11388,422,70173
6,70601,7026,1.0,11389,422,70179
6,70607,7027,1.0,11390,422,70185
8,70615,7028,1.0,11391,422,70193
6,70621,7029,1.0,11392,422,70199
6,70627,7030,1.0,11393,422,70205
7,70634,7031,1.0,11394,422,70212
6,70640,7032,1.0,11395,422,70218
6,70646,7033,1.0,11396,422,70224
7,70653,7034,1.0,11397,422,70231
8,70661,7034,0.0,11398,422,70239
8,70669,7034,0.0,11399,422,70247
8,70677,7035,1.0,11400,422,70255
9,70686,7036,1.0,11401,422,70264
7,70693,7037,1.0,11402,422,70271
7,70700,7038,1.0,11403,422,70278
7,70707,7039,1.0,11404,422,70285
5,70712,7039,0.0,11405,422,70290
13,70725,7040,1.0,11406,422,70303
4,70729,7040,0.0,11407,422,70307
6,70735,7041,1.0,11408,422,70313
7,70742,7042,1.0,11409,422,70320
4,70746,7042,0.0,11410,422,70324
4,70750,7042,0.0,11411,422,70328
9,70759,7043,1.0,11412,422,70337
5,70764,7043,0.0,11413,422,70342
2,70766,7043,0.0,11414,422,70344
11,70777,7044,1.0,11415,422,70355
7,70784,7045,1.0,11416,422,70362
4,70788,7045,0.0,11417,422,70366
8,70796,7046,1.0,11418,422,70374
6,70802,7047,1.0,11419,422,70380
6,70808,7048,1.0,11420,422,70386
10,70818,7049,1.0,11421,422,70396
7,70825,7050,1.0,11422,422,70403
7,70832,7050,0.0,11423,422,70410
6,70838,7051,1.0,11424,422,70416
9,70847,7052,1.0,11425,422,70425
5,70852,7052,0.0,11426,422,70430
7,70859,7053,1.0,11427,422,70437
4,70863,7053,0.0,11428,422,70441
8,70871,7054,1.0,11429,422,70449
6,70877,7055,1.0,11430,422,70455
8,70885,7056,1.0,11431,422,70463
4,70889,7056,0.0,11432,422,70467
8,70897,7057,1.0,11433,422,70475
9,70906,7058,1.0,11434,422,70484
6,70912,7059,1.0,11435,422,70490
6,70918,7060,1.0,11436,422,70496
2,70920,7060,0.0,11437,422,70498
7,70927,7061,1.0,11438,422,70505
8,70935,7062,1.0,11439,422,70513
4,70939,7062,0.0,11440,422,70517
6,70945,7063,1.0,11441,422,70523
7,70952,7064,1.0,11442,422,70530
6,70958,7065,1.0,11443,422,70536
6,70964,7066,1.0,11444,422,70542
6,70970,7067,1.0,11445,422,70548
4,70974,7067,0.0,11446,422,70552
7,70981,7068,1.0,11447,422,70559
2,70983,7068,0.0,11448,422,70561
7,70990,7069,1.0,11449,422,70568
8,70998,7070,1.0,11450,422,70576
8,71006,7071,1.0,11451,422,70584
7,71013,7072,1.0,11452,422,70591
9,71022,7073,1.0,11453,422,70600
10,71032,7074,1.0,11454,422,70610
9,71041,7075,1.0,11455,422,70619
6,71047,7076,1.0,11456,422,70625
6,71053,7077,1.0,11457,422,70631
6,71059,7078,1.0,11458,422,70637
3,71062,7078,0.0,11459,422,70640
8,71070,7079,1.0,11460,422,70648
2,71072,7079,0.0,11461,422,70650
7,71079,7080,1.0,11462,422,70657
3,71082,7080,0.0,11463,422,70660
7,71089,7081,1.0,11464,422,70667
9,71098,7082,1.0,11465,422,70676
5,71103,7082,0.0,11466,422,70681
6,71109,7083,1.0,11467,422,70687
11,71120,7084,1.0,11468,422,70698
9,71129,7085,1.0,11469,422,70707
5,71134,7085,0.0,11470,422,70712
9,71143,7086,1.0,11471,422,70721
4,71147,7086,0.0,11472,422,70725
2,71149,7086,0.0,11473,422,70727
5,71154,7086,0.0,11474,422,70732
8,71162,7087,1.0,11475,422,70740
7,71169,7088,1.0,11476,422,70747
6,71175,7089,1.0,11477,422,70753
8,71183,7090,1.0,11478,422,70761
6,71189,7091,1.0,11479,422,70767
2,71191,7091,0.0,11480,422,70769
5,71196,7091,0.0,11481,422,70774
3,71199,7091,0.0,11482,422,70777
6,71205,7092,1.0,11483,422,70783
8,71213,7093,1.0,11484,422,70791
9,71222,7094,1.0,11485,422,70800
6,71228,7095,1.0,11486,422,70806
4,71232,7095,0.0,11487,422,70810
6,71238,7096,1.0,11488,422,70816
10,71248,7097,1.0,11489,422,70826
6,71254,7098,1.0,11490,422,70832
6,71260,7099,1.0,11491,422,70838
9,71269,7100,1.0,11492,422,70847
6,71275,7101,1.0,11493,422,70853
11,71286,7102,1.0,11494,422,70864
8,71294,7103,1.0,11495,422,70872
4,71298,7103,0.0,11496,422,70876
7,71305,7104,1.0,11497,422,70883
7,71312,7105,1.0,11498,422,70890
7,71319,7106,1.0,11499,422,70897
3,71322,7106,0.0,11500,422,70900
6,71328,7107,1.0,11501,422,70906
6,71334,7108,1.0,11502,422,70912
4,71338,7108,0.0,11503,422,70916
10,71348,7108,0.0,11504,422,70926
6,71354,7109,1.0,11505,422,70932
2,71356,7109,0.0,11506,422,70934
6,71362,7110,1.0,11507,422,70940
7,71369,7111,1.0,11508,422,70947
6,71375,7112,1.0,11509,422,70953
8,71383,7113,1.0,11510,422,70961
4,71387,7113,0.0,11511,422,70965
6,71393,7114,1.0,11512,422,70971
2,71395,7114,0.0,11513,422,70973
6,71401,7115,1.0,11514,422,70979
6,71407,7116,1.0,11515,422,70985
9,71416,7117,1.0,11516,422,70994
3,71419,7117,0.0,11517,422,70997
6,71425,7118,1.0,11518,422,71003
8,71433,7119,1.0,11519,422,71011
2,71435,7119,0.0,11520,422,71013
7,71442,7120,1.0,11521,422,71020
7,71449,7121,1.0,11522,422,71027
6,71455,7122,1.0,11523,422,71033
3,71458,7122,0.0,11524,422,71036
9,71467,7123,1.0,11525,422,71045
3,71470,7123,0.0,11526,422,71048
9,71479,7124,1.0,11527,422,71057
10,71489,7125,1.0,11528,422,71067
4,71493,7125,0.0,11529,422,71071
8,71501,7126,1.0,11530,422,71079
6,71507,7127,1.0,11531,422,71085
6,71513,7128,1.0,11532,422,71091
2,71515,7128,0.0,11533,422,71093
6,71521,7129,1.0,11534,422,71099
9,71530,7130,1.0,11535,422,71108
18,71548,7131,1.0,11536,422,71126
12,71560,7132,1.0,11537,422,71138
2,71562,7132,0.0,11538,422,71140
5,71567,7132,0.0,11539,422,71145
6,71573,7133,1.0,11540,422,71151
5,71578,7133,0.0,11541,422,71156
6,71584,7134,1.0,11542,422,71162
7,71591,7135,1.0,11543,422,71169
2,71593,7135,0.0,11544,422,71171
2,71595,7135,0.0,11545,422,71173
6,71601,7136,1.0,11546,422,71179
3,71604,7136,0.0,11547,422,71182
8,71612,7137,1.0,11548,422,71190
8,71620,7137,0.0,11549,422,71198
9,71629,7138,1.0,11550,422,71207
8,71637,7139,1.0,11551,422,71215
3,71640,7139,0.0,11552,422,71218
6,71646,7140,1.0,11553,422,71224
8,71654,7141,1.0,11554,422,71232
7,71661,7142,1.0,11555,422,71239
10,71671,7143,1.0,11556,422,71249
6,71677,7144,1.0,11557,422,71255
6,71683,7145,1.0,11558,422,71261
5,71688,7145,0.0,11559,422,71266
6,71694,7146,1.0,11560,422,71272
6,71700,7147,1.0,11561,422,71278
5,71705,7147,0.0,11562,422,71283
3,71708,7147,0.0,11563,422,71286
6,71714,7148,1.0,11564,422,71292
10,71724,7149,1.0,11565,422,71302
6,71730,7150,1.0,11566,422,71308
6,71736,7151,1.0,11567,422,71314
7,71743,7152,1.0,11568,422,71321
6,71749,7153,1.0,11569,422,71327
8,71757,7154,1.0,11570,422,71335
6,71763,7155,1.0,11571,422,71341
6,71769,7156,1.0,11572,422,71347
4,71773,7156,0.0,11573,422,71351
6,71779,7157,1.0,11574,422,71357
8,71787,7157,0.0,11575,422,71365
6,71793,7158,1.0,11576,422,71371
6,71799,7159,1.0,11577,422,71377
6,71805,7160,1.0,11578,422,71383
6,71811,7161,1.0,11579,422,71389
5,71816,7161,0.0,11580,422,71394
10,71826,7162,1.0,11581,422,71404
7,71833,7163,1.0,11582,422,71411
5,71838,7163,0.0,11583,422,71416
6,71844,7164,1.0,11584,422,71422
9,71853,7165,1.0,11585,422,71431
11,71864,7166,1.0,11586,422,71442
6,71870,7167,1.0,11587,422,71448
6,71876,7168,1.0,11588,422,71454
6,71882,7169,1.0,11589,422,71460
6,71888,7170,1.0,11590,422,71466
6,71894,7171,1.0,11591,422,71472
7,71901,7172,1.0,11592,422,71479
6,71907,7173,1.0,11593,422,71485
6,71913,7174,1.0,11594,422,71491
6,71919,7175,1.0,11595,422,71497
6,71925,7176,1.0,11596,422,71503
3,71928,7176,0.0,11597,422,71506
3,71931,7176,0.0,11598,422,71509
9,71940,7177,1.0,11599,422,71518
8,71948,7178,1.0,11600,422,71526
6,71954,7179,1.0,11601,422,71532
4,71958,7179,0.0,11602,422,71536
9,71967,7180,1.0,11603,422,71545
8,71975,7181,1.0,11604,422,71553
6,71981,7182,1.0,11605,422,71559
7,71988,7183,1.0,11606,422,71566
2,71990,7183,0.0,11607,422,71568
8,71998,7184,1.0,11608,422,71576
8,72006,7184,0.0,11609,422,71584
4,72010,7184,0.0,11610,422,71588
6,72016,7185,1.0,11611,422,71594
6,72022,7186,1.0,11612,422,71600
6,72028,7187,1.0,11613,422,71606
6,72034,7188,1.0,11614,422,71612
9,72043,7189,1.0,11615,422,71621
6,72049,7190,1.0,11616,422,71627
8,72057,7191,1.0,11617,422,71635
6,72063,7191,0.0,11618,422,71641
11,72074,7192,1.0,11619,422,71652
10,72084,7193,1.0,11620,422,71662
8,72092,7194,1.0,11621,422,71670
3,72095,7194,0.0,11622,422,71673
7,72102,7195,1.0,11623,422,71680
2,72104,7195,0.0,11624,422,71682
9,72113,7196,1.0,11625,422,71691
6,72119,7197,1.0,11626,422,71697
2,72121,7197,0.0,11627,422,71699
6,72127,7198,1.0,11628,422,71705
10,72137,7199,1.0,11629,422,71715
12,72149,7199,0.0,11630,422,71727
10,72159,7200,1.0,11631,422,71737
6,72165,7201,1.0,11632,422,71743
3,72168,7201,0.0,11633,422,71746
2,72170,7201,0.0,11634,422,71748
8,72178,7202,1.0,11635,422,71756
7,72185,7203,1.0,11636,422,71763
6,72191,7204,1.0,11637,422,71769
6,72197,7205,1.0,11638,422,71775
2,72199,7205,0.0,11639,422,71777
8,72207,7206,1.0,11640,422,71785
7,72214,7207,1.0,11641,422,71792
2,72216,7207,0.0,11642,422,71794
6,72222,7208,1.0,11643,422,71800
6,72228,7209,1.0,11644,422,71806
2,72230,7209,0.0,11645,422,71808
6,72236,7209,0.0,11646,422,71814
6,72242,7210,1.0,11647,422,71820
6,72248,7211,1.0,11648,422,71826
7,72255,7212,1.0,11649,422,71833
8,72263,7212,0.0,11650,422,71841
6,72269,7213,1.0,11651,422,71847
7,72276,7214,1.0,11652,422,71854
10,72286,7215,1.0,11653,422,71864
4,72290,7215,0.0,11654,422,71868
7,72297,7216,1.0,11655,422,71875
5,72302,7216,0.0,11656,422,71880
6,72308,7217,1.0,11657,422,71886
6,72314,7218,1.0,11658,422,71892
3,72317,7218,0.0,11659,422,71895
8,72325,7219,1.0,11660,422,71903
6,72331,7220,1.0,11661,422,71909
6,72337,7221,1.0,11662,422,71915
7,72344,7222,1.0,11663,422,71922
8,72352,7223,1.0,11664,422,71930
9,72361,7224,1.0,11665,422,71939
3,72364,7224,0.0,11666,422,71942
8,72372,7225,1.0,11667,422,71950
6,72378,7226,1.0,11668,422,71956
13,72391,7227,1.0,11669,422,71969
6,72397,7228,1.0,11670,422,71975
3,72400,7228,0.0,11671,422,71978
6,72406,7229,1.0,11672,422,71984
6,72412,7230,1.0,11673,422,71990
7,72419,7230,0.0,11674,422,71997
6,72425,7231,1.0,11675,422,72003
7,72432,7232,1.0,11676,422,72010
6,72438,7233,1.0,11677,422,72016
8,72446,7234,1.0,11678,422,72024
2,72448,7234,0.0,11679,422,72026
6,72454,7235,1.0,11680,422,72032
6,72460,7236,1.0,11681,422,72038
6,72466,7237,1.0,11682,422,72044
8,72474,7238,1.0,11683,422,72052
6,72480,7239,1.0,11684,422,72058
9,72489,7240,1.0,11685,422,72067
6,72495,7241,1.0,11686,422,72073
11,72506,7242,1.0,11687,422,72084
13,72519,7243,1.0,11688,422,72097
6,72525,7244,1.0,11689,422,72103
9,72534,7245,1.0,11690,422,72112
6,72540,7246,1.0,11691,422,72118
6,72546,7247,1.0,11692,422,72124
4,72550,7247,0.0,11693,422,72128
6,72556,7247,0.0,11694,422,72134
6,72562,7248,1.0,11695,422,72140
7,72569,7249,1.0,11696,422,72147
6,72575,7250,1.0,11697,422,72153
6,72581,7251,1.0,11698,422,72159
8,72589,7252,1.0,11699,422,72167
11,72600,7253,1.0,11700,422,72178
4,72604,7253,0.0,11701,422,72182
8,72612,7254,1.0,11702,422,72190
6,72618,7254,0.0,11703,422,72196
8,72626,7255,1.0,11704,422,72204
5,72631,7255,0.0,11705,422,72209
8,72639,7256,1.0,11706,422,72217
6,72645,7257,1.0,11707,422,72223
10,72655,7258,1.0,11708,422,72233
6,72661,7259,1.0,11709,422,72239
9,72670,7260,1.0,11710,422,72248
6,72676,7261,1.0,11711,422,72254
10,72686,7262,1.0,11712,422,72264
6,72692,7262,0.0,11713,422,72270
6,72698,7263,1.0,11714,422,72276
6,72704,7263,0.0,11715,422,72282
6,72710,7264,1.0,11716,422,72288
8,72718,7265,1.0,11717,422,72296
6,72724,7266,1.0,11718,422,72302
6,72730,7267,1.0,11719,422,72308
7,72737,7267,0.0,11720,422,72315
7,72744,7268,1.0,11721,422,72322
8,72752,7269,1.0,11722,422,72330
6,72758,7270,1.0,11723,422,72336
6,72764,7271,1.0,11724,422,72342
6,72770,7272,1.0,11725,422,72348
15,72785,7273,1.0,11726,422,72363
7,72792,7274,1.0,11727,422,72370
3,72795,7274,0.0,11728,422,72373
7,72802,7275,1.0,11729,422,72380
8,72810,7276,1.0,11730,422,72388
5,72815,7276,0.0,11731,422,72393
4,72819,7276,0.0,11732,422,72397
2,72821,7276,0.0,11733,422,72399
6,72827,7277,1.0,11734,422,72405
6,72833,7277,0.0,11735,422,72411
6,72839,7278,1.0,11736,422,72417
5,72844,7278,0.0,11737,422,72422
6,72850,7279,1.0,11738,422,72428
6,72856,7280,1.0,11739,422,72434
7,72863,7281,1.0,11740,422,72441
6,72869,7282,1.0,11741,422,72447
6,72875,7283,1.0,11742,422,72453
3,72878,7283,0.0,11743,422,72456
9,72887,7284,1.0,11744,422,72465
3,72890,7284,0.0,11745,422,72468
11,72901,7285,1.0,11746,422,72479
7,72908,7286,1.0,11747,422,72486
6,72914,7287,1.0,11748,422,72492
4,72918,7287,0.0,11749,422,72496
9,72927,7288,1.0,11750,422,72505
9,72936,7289,1.0,11751,422,72514
10,72946,7290,1.0,11752,422,72524
7,72953,7291,1.0,11753,422,72531
11,72964,7292,1.0,11754,422,72542
6,72970,7293,1.0,11755,422,72548
6,72976,7294,1.0,11756,422,72554
7,72983,7294,0.0,11757,422,72561
3,72986,7294,0.0,11758,422,72564
6,72992,7295,1.0,11759,422,72570
3,72995,7295,0.0,11760,422,72573
6,73001,7296,1.0,11761,422,72579
4,73005,7296,0.0,11762,422,72583
3,73008,7296,0.0,11763,422,72586
6,73014,7297,1.0,11764,422,72592
3,73017,7297,0.0,11765,422,72595
6,73023,7298,1.0,11766,422,72601
3,73026,7298,0.0,11767,422,72604
9,73035,7299,1.0,11768,422,72613
6,73041,7300,1.0,11769,422,72619
3,73044,7300,0.0,11770,422,72622
6,73050,7301,1.0,11771,422,72628
13,73063,7302,1.0,11772,422,72641
2,73065,7302,0.0,11773,422,72643
6,73071,7303,1.0,11774,422,72649
8,73079,7304,1.0,11775,422,72657
6,73085,7305,1.0,11776,422,72663
9,73094,7306,1.0,11777,422,72672
7,73101,7307,1.0,11778,422,72679
6,73107,7308,1.0,11779,422,72685
5,73112,7308,0.0,11780,422,72690
6,73118,7309,1.0,11781,422,72696
6,73124,7310,1.0,11782,422,72702
6,73130,7311,1.0,11783,422,72708
6,73136,7312,1.0,11784,422,72714
11,73147,7313,1.0,11785,422,72725
7,73154,7314,1.0,11786,422,72732
7,73161,7314,0.0,11787,422,72739
5,73166,7314,0.0,11788,422,72744
8,73174,7315,1.0,11789,422,72752
2,73176,7315,0.0,11790,422,72754
4,73180,7315,0.0,11791,422,72758
6,73186,7316,1.0,11792,422,72764
6,73192,7317,1.0,11793,422,72770
6,73198,7318,1.0,11794,422,72776
7,73205,7318,0.0,11795,422,72783
10,73215,7319,1.0,11796,422,72793
4,73219,7319,0.0,11797,422,72797
4,73223,7319,0.0,11798,422,72801
10,73233,7320,1.0,11799,422,72811
6,73239,7321,1.0,11800,422,72817
4,73243,7321,0.0,11801,422,72821
2,73245,7321,0.0,11802,422,72823
11,73256,7322,1.0,11803,422,72834
8,73264,7323,1.0,11804,422,72842
6,73270,7324,1.0,11805,422,72848
2,73272,7324,0.0,11806,422,72850
6,73278,7325,1.0,11807,422,72856
6,73284,7326,1.0,11808,422,72862
7,73291,7326,0.0,11809,422,72869
4,73295,7326,0.0,11810,422,72873
6,73301,7327,1.0,11811,422,72879
7,73308,7328,1.0,11812,422,72886
6,73314,7329,1.0,11813,422,72892
7,73321,7330,1.0,11814,422,72899
7,73328,7331,1.0,11815,422,72906
6,73334,7332,1.0,11816,422,72912
6,73340,7333,1.0,11817,422,72918
3,73343,7333,0.0,11818,422,72921
6,73349,7334,1.0,11819,422,72927
8,73357,7335,1.0,11820,422,72935
5,73362,7335,0.0,11821,422,72940
10,73372,7336,1.0,11822,422,72950
6,73378,7337,1.0,11823,422,72956
6,73384,7338,1.0,11824,422,72962
10,73394,7339,1.0,11825,422,72972
10,73404,7340,1.0,11826,422,72982
2,73406,7340,0.0,11827,422,72984
8,73414,7341,1.0,11828,422,72992
8,73422,7342,1.0,11829,422,73000
4,73426,7342,0.0,11830,422,73004
6,73432,7343,1.0,11831,422,73010
6,73438,7344,1.0,11832,422,73016
4,73442,7344,0.0,11833,422,73020
4,73446,7344,0.0,11834,422,73024
2,73448,7344,0.0,11835,422,73026
9,73457,7345,1.0,11836,422,73035
9,73466,7346,1.0,11837,422,73044
6,73472,7347,1.0,11838,422,73050
6,73478,7348,1.0,11839,422,73056
6,73484,7349,1.0,11840,422,73062
7,73491,7350,1.0,11841,422,73069
6,73497,7351,1.0,11842,422,73075
7,73504,7352,1.0,11843,422,73082
6,73510,7353,1.0,11844,422,73088
6,73516,7354,1.0,11845,422,73094
9,73525,7355,1.0,11846,422,73103
7,73532,7356,1.0,11847,422,73110
7,73539,7357,1.0,11848,422,73117
8,73547,7358,1.0,11849,422,73125
6,73553,7359,1.0,11850,422,73131
6,73559,7360,1.0,11851,422,73137
7,73566,7361,1.0,11852,422,73144
6,73572,7362,1.0,11853,422,73150
7,73579,7363,1.0,11854,422,73157
6,73585,7364,1.0,11855,422,73163
6,73591,7365,1.0,11856,422,73169
2,73593,7365,0.0,11857,422,73171
8,73601,7366,1.0,11858,422,73179
6,73607,7367,1.0,11859,422,73185
7,73614,7367,0.0,11860,422,73192
9,73623,7368,1.0,11861,422,73201
6,73629,7369,1.0,11862,422,73207
6,73635,7370,1.0,11863,422,73213
10,73645,7371,1.0,11864,422,73223
13,73658,7372,1.0,11865,422,73236
3,73661,7372,0.0,11866,422,73239
6,73667,7372,0.0,11867,422,73245
6,73673,7373,1.0,11868,422,73251
8,73681,7374,1.0,11869,422,73259
6,73687,7375,1.0,11870,422,73265
6,73693,7376,1.0,11871,422,73271
7,73700,7377,1.0,11872,422,73278
6,73706,7378,1.0,11873,422,73284
7,73713,7379,1.0,11874,422,73291
7,73720,7380,1.0,11875,422,73298
7,73727,7381,1.0,11876,422,73305
3,73730,7381,0.0,11877,422,73308
6,73736,7382,1.0,11878,422,73314
6,73742,7383,1.0,11879,422,73320
6,73748,7384,1.0,11880,422,73326
6,73754,7385,1.0,11881,422,73332
4,73758,7385,0.0,11882,422,73336
7,73765,7385,0.0,11883,422,73343
6,73771,7386,1.0,11884,422,73349
6,73777,7387,1.0,11885,422,73355
7,73784,7388,1.0,11886,422,73362
6,73790,7389,1.0,11887,422,73368
2,73792,7389,0.0,11888,422,73370
8,73800,7390,1.0,11889,422,73378
6,73806,7391,1.0,11890,422,73384
6,73812,7391,0.0,11891,422,73390
6,73818,7392,1.0,11892,422,73396
11,73829,7393,1.0,11893,422,73407
4,73833,7393,0.0,11894,422,73411
7,73840,7394,1.0,11895,422,73418
6,73846,7395,1.0,11896,422,73424
6,73852,7396,1.0,11897,422,73430
4,73856,7396,0.0,11898,422,73434
6,73862,7397,1.0,11899,422,73440
14,73876,7398,1.0,11900,422,73454
7,73883,7398,0.0,11901,422,73461
2,73885,7398,0.0,11902,422,73463
4,73889,7398,0.0,11903,422,73467
6,73895,7399,1.0,11904,422,73473
6,73901,7400,1.0,11905,422,73479
6,73907,7401,1.0,11906,422,73485
9,73916,7402,1.0,11907,422,73494
6,73922,7403,1.0,11908,422,73500
7,73929,7404,1.0,11909,422,73507
9,73938,7405,1.0,11910,422,73516
2,73940,7405,0.0,11911,422,73518
6,73946,7406,1.0,11912,422,73524
7,73953,7407,1.0,11913,422,73531
6,73959,7408,1.0,11914,422,73537
8,73967,7409,1.0,11915,422,73545
8,73975,7410,1.0,11916,422,73553
8,73983,7411,1.0,11917,422,73561
8,73991,7412,1.0,11918,422,73569
2,73993,7412,0.0,11919,422,73571
6,73999,7413,1.0,11920,422,73577
6,74005,7414,1.0,11921,422,73583
6,74011,7414,0.0,11922,422,73589
4,74015,7414,0.0,11923,422,73593
4,74019,7414,0.0,11924,422,73597
2,74021,7414,0.0,11925,422,73599
8,74029,7415,1.0,11926,422,73607
6,74035,7416,1.0,11927,422,73613
7,74042,7417,1.0,11928,422,73620
6,74048,7418,1.0,11929,422,73626
8,74056,7419,1.0,11930,422,73634
3,74059,7419,0.0,11931,422,73637
9,74068,7420,1.0,11932,422,73646
4,74072,7420,0.0,11933,422,73650
9,74081,7421,1.0,11934,422,73659
6,74087,7422,1.0,11935,422,73665
6,74093,7423,1.0,11936,422,73671
2,74095,7423,0.0,11937,422,73673
6,74101,7424,1.0,11938,422,73679
6,74107,7424,0.0,11939,422,73685
6,74113,7425,1.0,11940,422,73691
10,74123,7426,1.0,11941,422,73701
6,74129,7427,1.0,11942,422,73707
6,74135,7428,1.0,11943,422,73713
6,74141,7429,1.0,11944,422,73719
6,74147,7430,1.0,11945,422,73725
4,74151,7430,0.0,11946,422,73729
6,74157,7431,1.0,11947,422,73735
6,74163,7432,1.0,11948,422,73741
6,74169,7433,1.0,11949,422,73747
4,74173,7433,0.0,11950,422,73751
3,74176,7433,0.0,11951,422,73754
9,74185,7434,1.0,11952,422,73763
6,74191,7435,1.0,11953,422,73769
7,74198,7436,1.0,11954,422,73776
6,74204,7437,1.0,11955,422,73782
6,74210,7438,1.0,11956,422,73788
7,74217,7439,1.0,11957,422,73795
6,74223,7440,1.0,11958,422,73801
6,74229,7441,1.0,11959,422,73807
3,74232,7441,0.0,11960,422,73810
7,74239,7442,1.0,11961,422,73817
3,74242,7442,0.0,11962,422,73820
10,74252,7443,1.0,11963,422,73830
6,74258,7444,1.0,11964,422,73836
6,74264,7445,1.0,11965,422,73842
6,74270,7446,1.0,11966,422,73848
9,74279,7447,1.0,11967,422,73857
6,74285,7448,1.0,11968,422,73863
6,74291,7449,1.0,11969,422,73869
3,74294,7449,0.0,11970,422,73872
8,74302,7450,1.0,11971,422,73880
8,74310,7450,0.0,11972,422,73888
6,74316,7451,1.0,11973,422,73894
7,74323,7452,1.0,11974,422,73901
8,74331,7453,1.0,11975,422,73909
7,74338,7453,0.0,11976,422,73916
10,74348,7454,1.0,11977,422,73926
9,74357,7455,1.0,11978,422,73935
5,74362,7455,0.0,11979,422,73940
10,74372,7455,0.0,11980,422,73950
5,74377,7455,0.0,11981,422,73955
6,74383,7456,1.0,11982,422,73961
6,74389,7457,1.0,11983,422,73967
5,74394,7457,0.0,11984,422,73972
11,74405,7458,1.0,11985,422,73983
3,74408,7458,0.0,11986,422,73986
4,74412,7458,0.0,11987,422,73990
9,74421,7459,1.0,11988,422,73999
8,74429,7460,1.0,11989,422,74007
8,74437,7461,1.0,11990,422,74015
6,74443,7462,1.0,11991,422,74021
4,74447,7462,0.0,11992,422,74025
6,74453,7463,1.0,11993,422,74031
6,74459,7464,1.0,11994,422,74037
7,74466,7465,1.0,11995,422,74044
6,74472,7466,1.0,11996,422,74050
7,74479,7467,1.0,11997,422,74057
6,74485,7467,0.0,11998,422,74063
7,74492,7468,1.0,11999,422,74070
4,74496,7468,0.0,12000,422,74074
6,74502,7469,1.0,12001,422,74080
2,74504,7469,0.0,12002,422,74082
7,74511,7470,1.0,12003,422,74089
4,74515,7470,0.0,12004,422,74093
7,74522,7470,0.0,12005,422,74100
10,74532,7471,1.0,12006,422,74110
8,74540,7472,1.0,12007,422,74118
3,74543,7472,0.0,12008,422,74121
8,74551,7473,1.0,12009,422,74129
9,74560,7474,1.0,12010,422,74138
7,74567,7475,1.0,12011,422,74145
6,74573,7476,1.0,12012,422,74151
7,74580,7477,1.0,12013,422,74158
7,74587,7477,0.0,12014,422,74165
7,74594,7478,1.0,12015,422,74172
6,74600,7479,1.0,12016,422,74178
6,74606,7480,1.0,12017,422,74184
6,74612,7481,1.0,12018,422,74190
6,74618,7482,1.0,12019,422,74196
4,74622,7482,0.0,12020,422,74200
8,74630,7483,1.0,12021,422,74208
4,74634,7483,0.0,12022,422,74212
7,74641,7484,1.0,12023,422,74219
7,74648,7484,0.0,12024,422,74226
6,74654,7485,1.0,12025,422,74232
6,74660,7486,1.0,12026,422,74238
9,74669,7487,1.0,12027,422,74247
6,74675,7488,1.0,12028,422,74253
4,74679,7488,0.0,12029,422,74257
10,74689,7489,1.0,12030,422,74267
6,74695,7490,1.0,12031,422,74273
7,74702,7491,1.0,12032,422,74280
6,74708,7492,1.0,12033,422,74286
6,74714,7493,1.0,12034,422,74292
6,74720,7494,1.0,12035,422,74298
6,74726,7495,1.0,12036,422,74304
8,74734,7496,1.0,12037,422,74312
8,74742,7497,1.0,12038,422,74320
8,74750,7498,1.0,12039,422,74328
6,74756,7499,1.0,12040,422,74334
4,74760,7499,0.0,12041,422,74338
6,74766,7500,1.0,12042,422,74344
6,74772,7501,1.0,12043,422,74350
2,74774,7501,0.0,12044,422,74352
6,74780,7501,0.0,12045,422,74358
6,74786,7502,1.0,12046,422,74364
7,74793,7503,1.0,12047,422,74371
3,74796,7503,0.0,12048,422,74374
8,74804,7504,1.0,12049,422,74382
9,74813,7504,0.0,12050,422,74391
3,74816,7504,0.0,12051,422,74394
6,74822,7505,1.0,12052,422,74400
6,74828,7506,1.0,12053,422,74406
6,74834,7507,1.0,12054,422,74412
8,74842,7508,1.0,12055,422,74420
6,74848,7509,1.0,12056,422,74426
8,74856,7510,1.0,12057,422,74434
7,74863,7511,1.0,12058,422,74441
7,74870,7512,1.0,12059,422,74448
7,74877,7512,0.0,12060,422,74455
4,74881,7512,0.0,12061,422,74459
4,74885,7512,0.0,12062,422,74463
6,74891,7513,1.0,12063,422,74469
6,74897,7514,1.0,12064,422,74475
2,74899,7514,0.0,12065,422,74477
6,74905,7515,1.0,12066,422,74483
4,74909,7515,0.0,12067,422,74487
7,74916,7516,1.0,12068,422,74494
9,74925,7517,1.0,12069,422,74503
9,74934,7518,1.0,12070,422,74512
7,74941,7519,1.0,12071,422,74519
6,74947,7520,1.0,12072,422,74525
7,74954,7521,1.0,12073,422,74532
8,74962,7522,1.0,12074,422,74540
5,74967,7522,0.0,12075,422,74545
6,74973,7523,1.0,12076,422,74551
8,74981,7524,1.0,12077,422,74559
7,74988,7525,1.0,12078,422,74566
2,74990,7525,0.0,12079,422,74568
9,74999,7526,1.0,12080,422,74577
6,75005,7527,1.0,12081,422,74583
4,75009,7527,0.0,12082,422,74587
8,75017,7528,1.0,12083,422,74595
6,75023,7529,1.0,12084,422,74601
6,75029,7530,1.0,12085,422,74607
7,75036,7531,1.0,12086,422,74614
6,75042,7532,1.0,12087,422,74620
9,75051,7533,1.0,12088,422,74629
8,75059,7534,1.0,12089,422,74637
8,75067,7535,1.0,12090,422,74645
2,75069,7535,0.0,12091,422,74647
6,75075,7536,1.0,12092,422,74653
6,75081,7537,1.0,12093,422,74659
9,75090,7538,1.0,12094,422,74668
4,75094,7538,0.0,12095,422,74672
7,75101,7538,0.0,12096,422,74679
6,75107,7539,1.0,12097,422,74685
4,75111,7539,0.0,12098,422,74689
6,75117,7540,1.0,12099,422,74695
6,75123,7541,1.0,12100,422,74701
6,75129,7542,1.0,12101,422,74707
6,75135,7543,1.0,12102,422,74713
5,75140,7543,0.0,12103,422,74718
7,75147,7544,1.0,12104,422,74725
3,75150,7544,0.0,12105,422,74728
8,75158,7545,1.0,12106,422,74736
6,75164,7546,1.0,12107,422,74742
6,75170,7547,1.0,12108,422,74748
8,75178,7548,1.0,12109,422,74756
9,75187,7549,1.0,12110,422,74765
4,75191,7549,0.0,12111,422,74769
6,75197,7550,1.0,12112,422,74775
7,75204,7551,1.0,12113,422,74782
15,75219,7551,0.0,12114,422,74797
11,75230,7552,1.0,12115,422,74808
6,75236,7553,1.0,12116,422,74814
9,75245,7554,1.0,12117,422,74823
7,75252,7555,1.0,12118,422,74830
6,75258,7556,1.0,12119,422,74836
9,75267,7557,1.0,12120,422,74845
6,75273,7558,1.0,12121,422,74851
6,75279,7559,1.0,12122,422,74857
6,75285,7560,1.0,12123,422,74863
6,75291,7561,1.0,12124,422,74869
6,75297,7562,1.0,12125,422,74875
7,75304,7563,1.0,12126,422,74882
4,75308,7563,0.0,12127,422,74886
7,75315,7564,1.0,12128,422,74893
3,75318,7564,0.0,12129,422,74896
8,75326,7565,1.0,12130,422,74904
6,75332,7566,1.0,12131,422,74910
6,75338,7567,1.0,12132,422,74916
7,75345,7568,1.0,12133,422,74923
4,75349,7568,0.0,12134,422,74927
6,75355,7569,1.0,12135,422,74933
8,75363,7570,1.0,12136,422,74941
8,75371,7571,1.0,12137,422,74949
12,75383,7572,1.0,12138,422,74961
4,75387,7572,0.0,12139,422,74965
9,75396,7573,1.0,12140,422,74974
7,75403,7574,1.0,12141,422,74981
6,75409,7575,1.0,12142,422,74987
2,75411,7575,0.0,12143,422,74989
7,75418,7576,1.0,12144,422,74996
4,75422,7576,0.0,12145,422,75000
3,75425,7576,0.0,12146,422,75003
2,75427,7576,0.0,12147,422,75005
3,75430,7576,0.0,12148,422,75008
7,75437,7577,1.0,12149,422,75015
6,75443,7578,1.0,12150,422,75021
2,75445,7578,0.0,12151,422,75023
3,75448,7578,0.0,12152,422,75026
7,75455,7579,1.0,12153,422,75033
2,75457,7579,0.0,12154,422,75035
2,75459,7579,0.0,12155,422,75037
9,75468,7579,0.0,12156,422,75046
8,75476,7580,1.0,12157,422,75054
6,75482,7581,1.0,12158,422,75060
8,75490,7582,1.0,12159,422,75068
8,75498,7583,1.0,12160,422,75076
9,75507,7584,1.0,12161,422,75085
9,75516,7585,1.0,12162,422,75094
5,75521,7585,0.0,12163,422,75099
7,75528,7586,1.0,12164,422,75106
6,75534,7587,1.0,12165,422,75112
6,75540,7587,0.0,12166,422,75118
6,75546,7588,1.0,12167,422,75124
6,75552,7589,1.0,12168,422,75130
6,75558,7590,1.0,12169,422,75136
9,75567,7591,1.0,12170,422,75145
6,75573,7592,1.0,12171,422,75151
5,75578,7592,0.0,12172,422,75156
9,75587,7593,1.0,12173,422,75165
6,75593,7594,1.0,12174,422,75171
6,75599,7595,1.0,12175,422,75177
4,75603,7595,0.0,12176,422,75181
10,75613,7596,1.0,12177,422,75191
4,75617,7596,0.0,12178,422,75195
6,75623,7597,1.0,12179,422,75201
6,75629,7598,1.0,12180,422,75207
4,75633,7598,0.0,12181,422,75211
6,75639,7599,1.0,12182,422,75217
6,75645,7600,1.0,12183,422,75223
3,75648,7600,0.0,12184,422,75226
8,75656,7601,1.0,12185,422,75234
6,75662,7602,1.0,12186,422,75240
8,75670,7603,1.0,12187,422,75248
6,75676,7604,1.0,12188,422,75254
8,75684,7605,1.0,12189,422,75262
3,75687,7605,0.0,12190,422,75265
6,75693,7606,1.0,12191,422,75271
9,75702,7607,1.0,12192,422,75280
6,75708,7608,1.0,12193,422,75286
9,75717,7609,1.0,12194,422,75295
6,75723,7610,1.0,12195,422,75301
4,75727,7610,0.0,12196,422,75305
7,75734,7611,1.0,12197,422,75312
7,75741,7612,1.0,12198,422,75319
8,75749,7613,1.0,12199,422,75327
6,75755,7614,1.0,12200,422,75333
13,75768,7615,1.0,12201,422,75346
7,75775,7616,1.0,12202,422,75353
6,75781,7617,1.0,12203,422,75359
3,75784,7617,0.0,12204,422,75362
3,75787,7617,0.0,12205,422,75365
8,75795,7618,1.0,12206,422,75373
6,75801,7619,1.0,12207,422,75379
6,75807,7620,1.0,12208,422,75385
6,75813,7621,1.0,12209,422,75391
6,75819,7621,0.0,12210,422,75397
5,75824,7621,0.0,12211,422,75402
5,75829,7621,0.0,12212,422,75407
6,75835,7622,1.0,12213,422,75413
7,75842,7623,1.0,12214,422,75420
4,75846,7623,0.0,12215,422,75424
6,75852,7624,1.0,12216,422,75430
3,75855,7624,0.0,12217,422,75433
6,75861,7625,1.0,12218,422,75439
7,75868,7626,1.0,12219,422,75446
6,75874,7626,0.0,12220,422,75452
6,75880,7627,1.0,12221,422,75458
8,75888,7628,1.0,12222,422,75466
7,75895,7629,1.0,12223,422,75473
6,75901,7630,1.0,12224,422,75479
6,75907,7631,1.0,12225,422,75485
6,75913,7632,1.0,12226,422,75491
12,75925,7633,1.0,12227,422,75503
4,75929,7633,0.0,12228,422,75507
6,75935,7634,1.0,12229,422,75513
4,75939,7634,0.0,12230,422,75517
6,75945,7634,0.0,12231,422,75523
6,75951,7635,1.0,12232,422,75529
9,75960,7636,1.0,12233,422,75538
5,75965,7636,0.0,12234,422,75543
5,75970,7636,0.0,12235,422,75548
12,75982,7637,1.0,12236,422,75560
7,75989,7638,1.0,12237,422,75567
7,75996,7639,1.0,12238,422,75574
2,75998,7639,0.0,12239,422,75576
6,76004,7640,1.0,12240,422,75582
4,76008,7640,0.0,12241,422,75586
4,76012,7640,0.0,12242,422,75590
3,76015,7640,0.0,12243,422,75593
6,76021,7641,1.0,12244,422,75599
7,76028,7642,1.0,12245,422,75606
7,76035,7643,1.0,12246,422,75613
4,76039,7643,0.0,12247,422,75617
6,76045,7644,1.0,12248,422,75623
6,76051,7645,1.0,12249,422,75629
6,76057,7646,1.0,12250,422,75635
6,76063,7646,0.0,12251,422,75641
6,76069,7647,1.0,12252,422,75647
6,76075,7648,1.0,12253,422,75653
9,76084,7649,1.0,12254,422,75662
6,76090,7650,1.0,12255,422,75668
9,76099,7650,0.0,12256,422,75677
6,76105,7651,1.0,12257,422,75683
7,76112,7652,1.0,12258,422,75690
7,76119,7653,1.0,12259,422,75697
7,76126,7654,1.0,12260,422,75704
7,76133,7655,1.0,12261,422,75711
10,76143,7656,1.0,12262,422,75721
6,76149,7657,1.0,12263,422,75727
9,76158,7658,1.0,12264,422,75736
6,76164,7659,1.0,12265,422,75742
8,76172,7660,1.0,12266,422,75750
4,76176,7660,0.0,12267,422,75754
2,76178,7660,0.0,12268,422,75756
8,76186,7661,1.0,12269,422,75764
3,76189,7661,0.0,12270,422,75767
4,76193,7661,0.0,12271,422,75771
6,76199,7661,0.0,12272,422,75777
4,76203,7661,0.0,12273,422,75781
6,76209,7661,0.0,12274,422,75787
6,76215,7661,0.0,12275,422,75793
4,76219,7661,0.0,12276,422,75797
7,76226,7662,1.0,12277,422,75804
7,76233,7663,1.0,12278,422,75811
8,76241,7664,1.0,12279,422,75819
7,76248,7665,1.0,12280,422,75826
9,76257,7666,1.0,12281,422,75835
7,76264,7667,1.0,12282,422,75842
8,76272,7668,1.0,12283,422,75850
6,76278,7669,1.0,12284,422,75856
6,76284,7670,1.0,12285,422,75862
6,76290,7671,1.0,12286,422,75868
8,76298,7672,1.0,12287,422,75876
6,76304,7673,1.0,12288,422,75882
6,76310,7674,1.0,12289,422,75888
3,76313,7674,0.0,12290,422,75891
7,76320,7675,1.0,12291,422,75898
6,76326,7675,0.0,12292,422,75904
11,76337,7676,1.0,12293,422,75915
8,76345,7677,1.0,12294,422,75923
9,76354,7678,1.0,12295,422,75932
6,76360,7679,1.0,12296,422,75938
9,76369,7680,1.0,12297,422,75947
5,76374,7680,0.0,12298,422,75952
6,76380,7681,1.0,12299,422,75958
6,76386,7682,1.0,12300,422,75964
6,76392,7683,1.0,12301,422,75970
8,76400,7684,1.0,12302,422,75978
6,76406,7685,1.0,12303,422,75984
6,76412,7685,0.0,12304,422,75990
7,76419,7685,0.0,12305,422,75997
9,76428,7686,1.0,12306,422,76006
6,76434,7687,1.0,12307,422,76012
6,76440,7688,1.0,12308,422,76018
6,76446,7689,1.0,12309,422,76024
6,76452,7690,1.0,12310,422,76030
7,76459,7691,1.0,12311,422,76037
6,76465,7692,1.0,12312,422,76043
6,76471,7693,1.0,12313,422,76049
7,76478,7694,1.0,12314,422,76056
7,76485,7695,1.0,12315,422,76063
8,76493,7696,1.0,12316,422,76071
6,76499,7696,0.0,12317,422,76077
2,76501,7696,0.0,12318,422,76079
6,76507,7697,1.0,12319,422,76085
8,76515,7698,1.0,12320,422,76093
2,76517,7698,0.0,12321,422,76095
8,76525,7699,1.0,12322,422,76103
9,76534,7700,1.0,12323,422,76112
6,76540,7701,1.0,12324,422,76118
6,76546,7702,1.0,12325,422,76124
9,76555,7703,1.0,12326,422,76133
7,76562,7704,1.0,12327,422,76140
2,76564,7704,0.0,12328,422,76142
6,76570,7705,1.0,12329,422,76148
4,76574,7705,0.0,12330,422,76152
8,76582,7705,0.0,12331,422,76160
6,76588,7706,1.0,12332,422,76166
6,76594,7707,1.0,12333,422,76172
2,76596,7707,0.0,12334,422,76174
6,76602,7708,1.0,12335,422,76180
6,76608,7709,1.0,12336,422,76186
2,76610,7709,0.0,12337,422,76188
2,76612,7709,0.0,12338,422,76190
6,76618,7710,1.0,12339,422,76196
9,76627,7711,1.0,12340,422,76205
7,76634,7712,1.0,12341,422,76212
6,76640,7713,1.0,12342,422,76218
9,76649,7714,1.0,12343,422,76227
6,76655,7715,1.0,12344,422,76233
6,76661,7716,1.0,12345,422,76239
6,76667,7717,1.0,12346,422,76245
6,76673,7718,1.0,12347,422,76251
6,76679,7719,1.0,12348,422,76257
2,76681,7719,0.0,12349,422,76259
8,76689,7720,1.0,12350,422,76267
8,76697,7721,1.0,12351,422,76275
6,76703,7722,1.0,12352,422,76281
6,76709,7723,1.0,12353,422,76287
10,76719,7724,1.0,12354,422,76297
8,76727,7725,1.0,12355,422,76305
8,76735,7726,1.0,12356,422,76313
6,76741,7727,1.0,12357,422,76319
7,76748,7728,1.0,12358,422,76326
8,76756,7729,1.0,12359,422,76334
6,76762,7730,1.0,12360,422,76340
6,76768,7731,1.0,12361,422,76346
7,76775,7732,1.0,12362,422,76353
6,76781,7733,1.0,12363,422,76359
7,76788,7733,0.0,12364,422,76366
8,76796,7734,1.0,12365,422,76374
8,76804,7734,0.0,12366,422,76382
4,76808,7734,0.0,12367,422,76386
6,76814,7735,1.0,12368,422,76392
7,76821,7736,1.0,12369,422,76399
7,76828,7737,1.0,12370,422,76406
9,76837,7738,1.0,12371,422,76415
7,76844,7738,0.0,12372,422,76422
3,76847,7738,0.0,12373,422,76425
2,76849,7738,0.0,12374,422,76427
6,76855,7739,1.0,12375,422,76433
7,76862,7740,1.0,12376,422,76440
4,76866,7740,0.0,12377,422,76444
6,76872,7741,1.0,12378,422,76450
6,76878,7742,1.0,12379,422,76456
6,76884,7743,1.0,12380,422,76462
6,76890,7744,1.0,12381,422,76468
5,76895,7744,0.0,12382,422,76473
6,76901,7745,1.0,12383,422,76479
4,76905,7745,0.0,12384,422,76483
12,76917,7746,1.0,12385,422,76495
7,76924,7747,1.0,12386,422,76502
6,76930,7747,0.0,12387,422,76508
6,76936,7748,1.0,12388,422,76514
6,76942,7749,1.0,12389,422,76520
6,76948,7750,1.0,12390,422,76526
6,76954,7751,1.0,12391,422,76532
6,76960,7752,1.0,12392,422,76538
8,76968,7753,1.0,12393,422,76546
8,76976,7754,1.0,12394,422,76554
6,76982,7755,1.0,12395,422,76560
6,76988,7756,1.0,12396,422,76566
14,77002,7757,1.0,12397,422,76580
6,77008,7758,1.0,12398,422,76586
8,77016,7759,1.0,12399,422,76594
7,77023,7760,1.0,12400,422,76601
7,77030,7761,1.0,12401,422,76608
7,77037,7762,1.0,12402,422,76615
7,77044,7763,1.0,12403,422,76622
6,77050,7764,1.0,12404,422,76628
10,77060,7765,1.0,12405,422,76638
9,77069,7766,1.0,12406,422,76647
6,77075,7767,1.0,12407,422,76653
2,77077,7767,0.0,12408,422,76655
2,77079,7767,0.0,12409,422,76657
3,77082,7767,0.0,12410,422,76660
6,77088,7767,0.0,12411,422,76666
6,77094,7768,1.0,12412,422,76672
6,77100,7769,1.0,12413,422,76678
6,77106,7770,1.0,12414,422,76684
2,77108,7770,0.0,12415,422,76686
6,77114,7771,1.0,12416,422,76692
6,77120,7772,1.0,12417,422,76698
6,77126,7773,1.0,12418,422,76704
7,77133,7774,1.0,12419,422,76711
7,77140,7774,0.0,12420,422,76718
9,77149,7775,1.0,12421,422,76727
8,77157,7776,1.0,12422,422,76735
7,77164,7777,1.0,12423,422,76742
10,77174,7778,1.0,12424,422,76752
7,77181,7779,1.0,12425,422,76759
7,77188,7780,1.0,12426,422,76766
3,77191,7780,0.0,12427,422,76769
6,77197,7781,1.0,12428,422,76775
6,77203,7782,1.0,12429,422,76781
3,77206,7782,0.0,12430,422,76784
6,77212,7783,1.0,12431,422,76790
7,77219,7784,1.0,12432,422,76797
9,77228,7785,1.0,12433,422,76806
6,77234,7786,1.0,12434,422,76812
8,77242,7787,1.0,12435,422,76820
10,77252,7788,1.0,12436,422,76830
6,77258,7789,1.0,12437,422,76836
8,77266,7790,1.0,12438,422,76844
2,77268,7790,0.0,12439,422,76846
11,77279,7791,1.0,12440,422,76857
9,77288,7792,1.0,12441,422,76866
7,77295,7793,1.0,12442,422,76873
2,77297,7793,0.0,12443,422,76875
6,77303,7794,1.0,12444,422,76881
5,77308,7794,0.0,12445,422,76886
6,77314,7795,1.0,12446,422,76892
8,77322,7796,1.0,12447,422,76900
7,77329,7797,1.0,12448,422,76907
7,77336,7798,1.0,12449,422,76914
4,77340,7798,0.0,12450,422,76918
8,77348,7799,1.0,12451,422,76926
7,77355,7800,1.0,12452,422,76933
8,77363,7801,1.0,12453,422,76941
7,77370,7802,1.0,12454,422,76948
9,77379,7803,1.0,12455,422,76957
6,77385,7804,1.0,12456,422,76963
6,77391,7805,1.0,12457,422,76969
10,77401,7806,1.0,12458,422,76979
6,77407,7807,1.0,12459,422,76985
6,77413,7808,1.0,12460,422,76991
2,77415,7808,0.0,12461,422,76993
9,77424,7808,0.0,12462,422,77002
6,77430,7809,1.0,12463,422,77008
9,77439,7810,1.0,12464,422,77017
8,77447,7811,1.0,12465,422,77025
6,77453,7812,1.0,12466,422,77031
4,77457,7812,0.0,12467,422,77035
6,77463,7813,1.0,12468,422,77041
11,77474,7814,1.0,12469,422,77052
4,77478,7814,0.0,12470,422,77056
9,77487,7815,1.0,12471,422,77065
5,77492,7815,0.0,12472,422,77070
4,77496,7815,0.0,12473,422,77074
11,77507,7816,1.0,12474,422,77085
8,77515,7817,1.0,12475,422,77093
6,77521,7818,1.0,12476,422,77099
2,77523,7818,0.0,12477,422,77101
6,77529,7819,1.0,12478,422,77107
8,77537,7820,1.0,12479,422,77115
7,77544,7821,1.0,12480,422,77122
4,77548,7821,0.0,12481,422,77126
6,77554,7822,1.0,12482,422,77132
7,77561,7823,1.0,12483,422,77139
6,77567,7824,1.0,12484,422,77145
8,77575,7825,1.0,12485,422,77153
6,77581,7826,1.0,12486,422,77159
7,77588,7827,1.0,12487,422,77166
9,77597,7828,1.0,12488,422,77175
6,77603,7829,1.0,12489,422,77181
6,77609,7830,1.0,12490,422,77187
8,77617,7831,1.0,12491,422,77195
6,77623,7832,1.0,12492,422,77201
6,77629,7833,1.0,12493,422,77207
8,77637,7834,1.0,12494,422,77215
6,77643,7835,1.0,12495,422,77221
7,77650,7836,1.0,12496,422,77228
7,77657,7837,1.0,12497,422,77235
6,77663,7838,1.0,12498,422,77241
8,77671,7839,1.0,12499,422,77249
7,77678,7839,0.0,12500,422,77256
6,77684,7840,1.0,12501,422,77262
6,77690,7841,1.0,12502,422,77268
2,77692,7841,0.0,12503,422,77270
6,77698,7842,1.0,12504,422,77276
7,77705,7843,1.0,12505,422,77283
2,77707,7843,0.0,12506,422,77285
6,77713,7843,0.0,12507,422,77291
6,77719,7844,1.0,12508,422,77297
2,77721,7844,0.0,12509,422,77299
6,77727,7844,0.0,12510,422,77305
7,77734,7845,1.0,12511,422,77312
4,77738,7845,0.0,12512,422,77316
6,77744,7846,1.0,12513,422,77322
6,77750,7847,1.0,12514,422,77328
2,77752,7847,0.0,12515,422,77330
6,77758,7848,1.0,12516,422,77336
6,77764,7849,1.0,12517,422,77342
8,77772,7850,1.0,12518,422,77350
6,77778,7851,1.0,12519,422,77356
6,77784,7852,1.0,12520,422,77362
3,77787,7852,0.0,12521,422,77365
9,77796,7853,1.0,12522,422,77374
6,77802,7854,1.0,12523,422,77380
6,77808,7855,1.0,12524,422,77386
6,77814,7856,1.0,12525,422,77392
7,77821,7857,1.0,12526,422,77399
9,77830,7858,1.0,12527,422,77408
7,77837,7859,1.0,12528,422,77415
3,77840,7859,0.0,12529,422,77418
8,77848,7860,1.0,12530,422,77426
9,77857,7861,1.0,12531,422,77435
9,77866,7862,1.0,12532,422,77444
8,77874,7863,1.0,12533,422,77452
2,77876,7863,0.0,12534,422,77454
6,77882,7864,1.0,12535,422,77460
6,77888,7865,1.0,12536,422,77466
6,77894,7865,0.0,12537,422,77472
6,77900,7866,1.0,12538,422,77478
6,77906,7867,1.0,12539,422,77484
7,77913,7868,1.0,12540,422,77491
2,77915,7868,0.0,12541,422,77493
6,77921,7869,1.0,12542,422,77499
8,77929,7870,1.0,12543,422,77507
6,77935,7871,1.0,12544,422,77513
4,77939,7871,0.0,12545,422,77517
7,77946,7872,1.0,12546,422,77524
7,77953,7873,1.0,12547,422,77531
6,77959,7874,1.0,12548,422,77537
8,77967,7875,1.0,12549,422,77545
6,77973,7876,1.0,12550,422,77551
12,77985,7877,1.0,12551,422,77563
3,77988,7877,0.0,12552,422,77566
8,77996,7878,1.0,12553,422,77574
8,78004,7879,1.0,12554,422,77582
8,78012,7880,1.0,12555,422,77590
9,78021,7881,1.0,12556,422,77599
4,78025,7881,0.0,12557,422,77603
8,78033,7882,1.0,12558,422,77611
9,78042,7883,1.0,12559,422,77620
7,78049,7884,1.0,12560,422,77627
6,78055,7885,1.0,12561,422,77633
6,78061,7886,1.0,12562,422,77639
7,78068,7887,1.0,12563,422,77646
9,78077,7888,1.0,12564,422,77655
7,78084,7888,0.0,12565,422,77662
7,78091,7889,1.0,12566,422,77669
4,78095,7889,0.0,12567,422,77673
4,78099,7889,0.0,12568,422,77677
6,78105,7890,1.0,12569,422,77683
7,78112,7891,1.0,12570,422,77690
6,78118,7892,1.0,12571,422,77696
6,78124,7893,1.0,12572,422,77702
8,78132,7894,1.0,12573,422,77710
7,78139,7895,1.0,12574,422,77717
10,78149,7896,1.0,12575,422,77727
6,78155,7897,1.0,12576,422,77733
6,78161,7898,1.0,12577,422,77739
3,78164,7898,0.0,12578,422,77742
8,78172,7899,1.0,12579,422,77750
5,78177,7899,0.0,12580,422,77755
6,78183,7900,1.0,12581,422,77761
7,78190,7901,1.0,12582,422,77768
2,78192,7901,0.0,12583,422,77770
6,78198,7902,1.0,12584,422,77776
9,78207,7903,1.0,12585,422,77785
6,78213,7904,1.0,12586,422,77791
2,78215,7904,0.0,12587,422,77793
2,78217,7904,0.0,12588,422,77795
4,78221,7904,0.0,12589,422,77799
6,78227,7905,1.0,12590,422,77805
6,78233,7906,1.0,12591,422,77811
3,78236,7906,0.0,12592,422,77814
6,78242,7906,0.0,12593,422,77820
7,78249,7907,1.0,12594,422,77827
6,78255,7908,1.0,12595,422,77833
6,78261,7909,1.0,12596,422,77839
8,78269,7910,1.0,12597,422,77847
4,78273,7910,0.0,12598,422,77851
2,78275,7910,0.0,12599,422,77853
6,78281,7911,1.0,12600,422,77859
4,78285,7911,0.0,12601,422,77863
6,78291,7912,1.0,12602,422,77869
6,78297,7913,1.0,12603,422,77875
6,78303,7914,1.0,12604,422,77881
2,78305,7914,0.0,12605,422,77883
2,78307,7914,0.0,12606,422,77885
7,78314,7915,1.0,12607,422,77892
7,78321,7916,1.0,12608,422,77899
10,78331,7917,1.0,12609,422,77909
7,78338,7918,1.0,12610,422,77916
6,78344,7919,1.0,12611,422,77922
8,78352,7920,1.0,12612,422,77930
10,78362,7921,1.0,12613,422,77940
6,78368,7922,1.0,12614,422,77946
6,78374,7923,1.0,12615,422,77952
11,78385,7924,1.0,12616,422,77963
6,78391,7925,1.0,12617,422,77969
6,78397,7926,1.0,12618,422,77975
8,78405,7927,1.0,12619,422,77983
9,78414,7928,1.0,12620,422,77992
9,78423,7929,1.0,12621,422,78001
10,78433,7930,1.0,12622,422,78011
3,78436,7930,0.0,12623,422,78014
7,78443,7930,0.0,12624,422,78021
7,78450,7931,1.0,12625,422,78028
3,78453,7931,0.0,12626,422,78031
3,78456,7931,0.0,12627,422,78034
8,78464,7932,1.0,12628,422,78042
4,78468,7932,0.0,12629,422,78046
7,78475,7933,1.0,12630,422,78053
2,78477,7933,0.0,12631,422,78055
6,78483,7934,1.0,12632,422,78061
3,78486,7934,0.0,12633,422,78064
14,78500,7935,1.0,12634,422,78078
6,78506,7936,1.0,12635,422,78084
2,78508,7936,0.0,12636,422,78086
6,78514,7937,1.0,12637,422,78092
6,78520,7938,1.0,12638,422,78098
11,78531,7939,1.0,12639,422,78109
4,78535,7939,0.0,12640,422,78113
7,78542,7940,1.0,12641,422,78120
7,78549,7941,1.0,12642,422,78127
6,78555,7942,1.0,12643,422,78133
6,78561,7943,1.0,12644,422,78139
6,78567,7944,1.0,12645,422,78145
6,78573,7945,1.0,12646,422,78151
10,78583,7945,0.0,12647,422,78161
6,78589,7946,1.0,12648,422,78167
6,78595,7947,1.0,12649,422,78173
2,78597,7947,0.0,12650,422,78175
8,78605,7948,1.0,12651,422,78183
6,78611,7949,1.0,12652,422,78189
7,78618,7950,1.0,12653,422,78196
4,78622,7950,0.0,12654,422,78200
4,78626,7950,0.0,12655,422,78204
6,78632,7951,1.0,12656,422,78210
6,78638,7951,0.0,12657,422,78216
5,78643,7951,0.0,12658,422,78221
6,78649,7952,1.0,12659,422,78227
6,78655,7953,1.0,12660,422,78233
11,78666,7954,1.0,12661,422,78244
4,78670,7954,0.0,12662,422,78248
7,78677,7955,1.0,12663,422,78255
7,78684,7956,1.0,12664,422,78262
9,78693,7957,1.0,12665,422,78271
5,78698,7957,0.0,12666,422,78276
6,78704,7958,1.0,12667,422,78282
6,78710,7959,1.0,12668,422,78288
4,78714,7959,0.0,12669,422,78292
6,78720,7960,1.0,12670,422,78298
6,78726,7961,1.0,12671,422,78304
7,78733,7962,1.0,12672,422,78311
5,78738,7962,0.0,12673,422,78316
6,78744,7963,1.0,12674,422,78322
6,78750,7964,1.0,12675,422,78328
6,78756,7965,1.0,12676,422,78334
12,78768,7966,1.0,12677,422,78346
3,78771,7966,0.0,12678,422,78349
6,78777,7967,1.0,12679,422,78355
6,78783,7968,1.0,12680,422,78361
14,78797,7969,1.0,12681,422,78375
7,78804,7970,1.0,12682,422,78382
2,78806,7970,0.0,12683,422,78384
7,78813,7971,1.0,12684,422,78391
6,78819,7972,1.0,12685,422,78397
6,78825,7973,1.0,12686,422,78403
8,78833,7974,1.0,12687,422,78411
6,78839,7975,1.0,12688,422,78417
6,78845,7976,1.0,12689,422,78423
6,78851,7977,1.0,12690,422,78429
6,78857,7978,1.0,12691,422,78435
7,78864,7979,1.0,12692,422,78442
6,78870,7979,0.0,12693,422,78448
4,78874,7979,0.0,12694,422,78452
6,78880,7980,1.0,12695,422,78458
10,78890,7981,1.0,12696,422,78468
11,78901,7982,1.0,12697,422,78479
7,78908,7982,0.0,12698,422,78486
9,78917,7983,1.0,12699,422,78495
9,78926,7984,1.0,12700,422,78504
5,78931,7984,0.0,12701,422,78509
2,78933,7984,0.0,12702,422,78511
12,78945,7985,1.0,12703,422,78523
7,78952,7986,1.0,12704,422,78530
6,78958,7987,1.0,12705,422,78536
6,78964,7988,1.0,12706,422,78542
6,78970,7989,1.0,12707,422,78548
11,78981,7990,1.0,12708,422,78559
6,78987,7991,1.0,12709,422,78565
6,78993,7991,0.0,12710,422,78571
5,78998,7991,0.0,12711,422,78576
6,79004,7992,1.0,12712,422,78582
3,79007,7992,0.0,12713,422,78585
2,79009,7992,0.0,12714,422,78587
6,79015,7992,0.0,12715,422,78593
7,79022,7993,1.0,12716,422,78600
6,79028,7994,1.0,12717,422,78606
3,79031,7994,0.0,12718,422,78609
8,79039,7995,1.0,12719,422,78617
6,79045,7996,1.0,12720,422,78623
9,79054,7997,1.0,12721,422,78632
6,79060,7998,1.0,12722,422,78638
7,79067,7999,1.0,12723,422,78645
10,79077,8000,1.0,12724,422,78655
6,79083,8001,1.0,12725,422,78661
9,79092,8002,1.0,12726,422,78670
6,79098,8003,1.0,12727,422,78676
6,79104,8004,1.0,12728,422,78682
6,79110,8005,1.0,12729,422,78688
5,79115,8005,0.0,12730,422,78693
3,79118,8005,0.0,12731,422,78696
8,79126,8006,1.0,12732,422,78704
8,79134,8007,1.0,12733,422,78712
8,79142,8008,1.0,12734,422,78720
8,79150,8009,1.0,12735,422,78728
4,79154,8009,0.0,12736,422,78732
6,79160,8010,1.0,12737,422,78738
4,79164,8010,0.0,12738,422,78742
14,79178,8011,1.0,12739,422,78756
6,79184,8012,1.0,12740,422,78762
6,79190,8013,1.0,12741,422,78768
6,79196,8014,1.0,12742,422,78774
6,79202,8015,1.0,12743,422,78780
4,79206,8015,0.0,12744,422,78784
6,79212,8016,1.0,12745,422,78790
3,79215,8016,0.0,12746,422,78793
6,79221,8017,1.0,12747,422,78799
6,79227,8018,1.0,12748,422,78805
9,79236,8019,1.0,12749,422,78814
2,79238,8019,0.0,12750,422,78816
6,79244,8020,1.0,12751,422,78822
6,79250,8021,1.0,12752,422,78828
6,79256,8022,1.0,12753,422,78834
8,79264,8023,1.0,12754,422,78842
8,79272,8024,1.0,12755,422,78850
5,79277,8024,0.0,12756,422,78855
6,79283,8025,1.0,12757,422,78861
6,79289,8026,1.0,12758,422,78867
3,79292,8026,0.0,12759,422,78870
6,79298,8027,1.0,12760,422,78876
8,79306,8028,1.0,12761,422,78884
6,79312,8029,1.0,12762,422,78890
6,79318,8030,1.0,12763,422,78896
8,79326,8031,1.0,12764,422,78904
6,79332,8032,1.0,12765,422,78910
4,79336,8032,0.0,12766,422,78914
6,79342,8033,1.0,12767,422,78920
4,79346,8033,0.0,12768,422,78924
6,79352,8034,1.0,12769,422,78930
2,79354,8034,0.0,12770,422,78932
11,79365,8035,1.0,12771,422,78943
6,79371,8036,1.0,12772,422,78949
6,79377,8037,1.0,12773,422,78955
6,79383,8038,1.0,12774,422,78961
7,79390,8039,1.0,12775,422,78968
6,79396,8040,1.0,12776,422,78974
9,79405,8041,1.0,12777,422,78983
10,79415,8042,1.0,12778,422,78993
8,79423,8043,1.0,12779,422,79001
6,79429,8044,1.0,12780,422,79007
11,79440,8045,1.0,12781,422,79018
10,79450,8046,1.0,12782,422,79028
6,79456,8047,1.0,12783,422,79034
6,79462,8048,1.0,12784,422,79040
2,79464,8048,0.0,12785,422,79042
7,79471,8049,1.0,12786,422,79049
6,79477,8050,1.0,12787,422,79055
6,79483,8051,1.0,12788,422,79061
6,79489,8052,1.0,12789,422,79067
6,79495,8053,1.0,12790,422,79073
8,79503,8054,1.0,12791,422,79081
11,79514,8055,1.0,12792,422,79092
6,79520,8056,1.0,12793,422,79098
2,79522,8056,0.0,12794,422,79100
6,79528,8057,1.0,12795,422,79106
8,79536,8058,1.0,12796,422,79114
8,79544,8059,1.0,12797,422,79122
2,79546,8059,0.0,12798,422,79124
8,79554,8060,1.0,12799,422,79132
6,79560,8061,1.0,12800,422,79138
7,79567,8062,1.0,12801,422,79145
6,79573,8063,1.0,12802,422,79151
3,79576,8063,0.0,12803,422,79154
8,79584,8064,1.0,12804,422,79162
3,79587,8064,0.0,12805,422,79165
8,79595,8065,1.0,12806,422,79173
6,79601,8066,1.0,12807,422,79179
6,79607,8067,1.0,12808,422,79185
4,79611,8067,0.0,12809,422,79189
7,79618,8068,1.0,12810,422,79196
4,79622,8068,0.0,12811,422,79200
6,79628,8069,1.0,12812,422,79206
5,79633,8069,0.0,12813,422,79211
10,79643,8070,1.0,12814,422,79221
6,79649,8071,1.0,12815,422,79227
8,79657,8072,1.0,12816,422,79235
6,79663,8073,1.0,12817,422,79241
11,79674,8074,1.0,12818,422,79252
6,79680,8075,1.0,12819,422,79258
2,79682,8075,0.0,12820,422,79260
2,79684,8075,0.0,12821,422,79262
2,79686,8075,0.0,12822,422,79264
6,79692,8075,0.0,12823,422,79270
6,79698,8076,1.0,12824,422,79276
11,79709,8077,1.0,12825,422,79287
6,79715,8078,1.0,12826,422,79293
6,79721,8079,1.0,12827,422,79299
6,79727,8080,1.0,12828,422,79305
6,79733,8081,1.0,12829,422,79311
7,79740,8082,1.0,12830,422,79318
6,79746,8083,1.0,12831,422,79324
6,79752,8084,1.0,12832,422,79330
6,79758,8085,1.0,12833,422,79336
6,79764,8086,1.0,12834,422,79342
6,79770,8087,1.0,12835,422,79348
2,79772,8087,0.0,12836,422,79350
11,79783,8088,1.0,12837,422,79361
7,79790,8089,1.0,12838,422,79368
6,79796,8090,1.0,12839,422,79374
7,79803,8091,1.0,12840,422,79381
6,79809,8092,1.0,12841,422,79387
7,79816,8093,1.0,12842,422,79394
10,79826,8094,1.0,12843,422,79404
7,79833,8095,1.0,12844,422,79411
8,79841,8096,1.0,12845,422,79419
7,79848,8097,1.0,12846,422,79426
6,79854,8098,1.0,12847,422,79432
8,79862,8099,1.0,12848,422,79440
6,79868,8100,1.0,12849,422,79446
3,79871,8100,0.0,12850,422,79449
6,79877,8101,1.0,12851,422,79455
10,79887,8102,1.0,12852,422,79465
11,79898,8103,1.0,12853,422,79476
6,79904,8104,1.0,12854,422,79482
6,79910,8105,1.0,12855,422,79488
9,79919,8106,1.0,12856,422,79497
4,79923,8106,0.0,12857,422,79501
9,79932,8107,1.0,12858,422,79510
6,79938,8108,1.0,12859,422,79516
6,79944,8109,1.0,12860,422,79522
8,79952,8110,1.0,12861,422,79530
11,79963,8111,1.0,12862,422,79541
6,79969,8112,1.0,12863,422,79547
6,79975,8113,1.0,12864,422,79553
6,79981,8114,1.0,12865,422,79559
5,79986,8114,0.0,12866,422,79564
9,79995,8115,1.0,12867,422,79573
10,80005,8116,1.0,12868,422,79583
8,80013,8117,1.0,12869,422,79591
4,80017,8117,0.0,12870,422,79595
8,80025,8118,1.0,12871,422,79603
6,80031,8119,1.0,12872,422,79609
4,80035,8119,0.0,12873,422,79613
16,80051,8120,1.0,12874,422,79629
2,80053,8120,0.0,12875,422,79631
6,80059,8121,1.0,12876,422,79637
10,80069,8122,1.0,12877,422,79647
3,80072,8122,0.0,12878,422,79650
6,80078,8123,1.0,12879,422,79656
6,80084,8124,1.0,12880,422,79662
10,80094,8125,1.0,12881,422,79672
2,80096,8125,0.0,12882,422,79674
4,80100,8125,0.0,12883,422,79678
6,80106,8126,1.0,12884,422,79684
4,80110,8126,0.0,12885,422,79688
8,80118,8127,1.0,12886,422,79696
4,80122,8127,0.0,12887,422,79700
6,80128,8128,1.0,12888,422,79706
7,80135,8129,1.0,12889,422,79713
6,80141,8130,1.0,12890,422,79719
6,80147,8131,1.0,12891,422,79725
8,80155,8132,1.0,12892,422,79733
2,80157,8132,0.0,12893,422,79735
6,80163,8133,1.0,12894,422,79741
2,80165,8133,0.0,12895,422,79743
4,80169,8133,0.0,12896,422,79747
2,80171,8133,0.0,12897,422,79749
4,80175,8133,0.0,12898,422,79753
6,80181,8134,1.0,12899,422,79759
3,80184,8134,0.0,12900,422,79762
3,80187,8134,0.0,12901,422,79765
6,80193,8135,1.0,12902,422,79771
6,80199,8136,1.0,12903,422,79777
12,80211,8137,1.0,12904,422,79789
8,80219,8138,1.0,12905,422,79797
2,80221,8138,0.0,12906,422,79799
7,80228,8139,1.0,12907,422,79806
6,80234,8140,1.0,12908,422,79812
6,80240,8141,1.0,12909,422,79818
7,80247,8142,1.0,12910,422,79825
6,80253,8143,1.0,12911,422,79831
6,80259,8144,1.0,12912,422,79837
3,80262,8144,0.0,12913,422,79840
6,80268,8145,1.0,12914,422,79846
9,80277,8146,1.0,12915,422,79855
6,80283,8147,1.0,12916,422,79861
8,80291,8148,1.0,12917,422,79869
6,80297,8149,1.0,12918,422,79875
7,80304,8150,1.0,12919,422,79882
5,80309,8150,0.0,12920,422,79887
8,80317,8151,1.0,12921,422,79895
8,80325,8152,1.0,12922,422,79903
7,80332,8153,1.0,12923,422,79910
7,80339,8154,1.0,12924,422,79917
8,80347,8155,1.0,12925,422,79925
6,80353,8156,1.0,12926,422,79931
6,80359,8157,1.0,12927,422,79937
7,80366,8158,1.0,12928,422,79944
6,80372,8159,1.0,12929,422,79950
8,80380,8160,1.0,12930,422,79958
9,80389,8161,1.0,12931,422,79967
6,80395,8162,1.0,12932,422,79973
6,80401,8163,1.0,12933,422,79979
3,80404,8163,0.0,12934,422,79982
7,80411,8164,1.0,12935,422,79989
6,80417,8165,1.0,12936,422,79995
5,80422,8165,0.0,12937,422,80000
8,80430,8166,1.0,12938,422,80008
4,80434,8166,0.0,12939,422,80012
6,80440,8167,1.0,12940,422,80018
2,80442,8167,0.0,12941,422,80020
8,80450,8167,0.0,12942,422,80028
10,80460,8168,1.0,12943,422,80038
3,80463,8168,0.0,12944,422,80041
6,80469,8169,1.0,12945,422,80047
16,80485,8169,0.0,12946,422,80063
6,80491,8170,1.0,12947,422,80069
4,80495,8170,0.0,12948,422,80073
7,80502,8171,1.0,12949,422,80080
6,80508,8172,1.0,12950,422,80086
2,80510,8172,0.0,12951,422,80088
12,80522,8173,1.0,12952,422,80100
5,80527,8173,0.0,12953,422,80105
3,80530,8173,0.0,12954,422,80108
9,80539,8174,1.0,12955,422,80117
6,80545,8175,1.0,12956,422,80123
6,80551,8176,1.0,12957,422,80129
5,80556,8176,0.0,12958,422,80134
8,80564,8176,0.0,12959,422,80142
7,80571,8177,1.0,12960,422,80149
7,80578,8178,1.0,12961,422,80156
6,80584,8179,1.0,12962,422,80162
8,80592,8180,1.0,12963,422,80170
6,80598,8181,1.0,12964,422,80176
6,80604,8182,1.0,12965,422,80182
9,80613,8183,1.0,12966,422,80191
6,80619,8184,1.0,12967,422,80197
9,80628,8185,1.0,12968,422,80206
4,80632,8185,0.0,12969,422,80210
4,80636,8185,0.0,12970,422,80214
6,80642,8186,1.0,12971,422,80220
6,80648,8187,1.0,12972,422,80226
6,80654,8188,1.0,12973,422,80232
8,80662,8189,1.0,12974,422,80240
9,80671,8190,1.0,12975,422,80249
6,80677,8191,1.0,12976,422,80255
2,80679,8191,0.0,12977,422,80257
7,80686,8192,1.0,12978,422,80264
2,80688,8192,0.0,12979,422,80266
6,80694,8193,1.0,12980,422,80272
6,80700,8194,1.0,12981,422,80278
9,80709,8195,1.0,12982,422,80287
6,80715,8196,1.0,12983,422,80293
8,80723,8197,1.0,12984,422,80301
7,80730,8198,1.0,12985,422,80308
4,80734,8198,0.0,12986,422,80312
4,80738,8198,0.0,12987,422,80316
6,80744,8199,1.0,12988,422,80322
6,80750,8200,1.0,12989,422,80328
6,80756,8201,1.0,12990,422,80334
4,80760,8201,0.0,12991,422,80338
10,80770,8202,1.0,12992,422,80348
8,80778,8203,1.0,12993,422,80356
6,80784,8204,1.0,12994,422,80362
4,80788,8204,0.0,12995,422,80366
4,80792,8204,0.0,12996,422,80370
6,80798,8205,1.0,12997,422,80376
3,80801,8205,0.0,12998,422,80379
6,80807,8206,1.0,12999,422,80385
7,80814,8207,1.0,13000,422,80392
8,80822,8208,1.0,13001,422,80400
6,80828,8208,0.0,13002,422,80406
6,80834,8209,1.0,13003,422,80412
6,80840,8210,1.0,13004,422,80418
9,80849,8211,1.0,13005,422,80427
10,80859,8212,1.0,13006,422,80437
6,80865,8213,1.0,13007,422,80443
2,80867,8213,0.0,13008,422,80445
2,80869,8213,0.0,13009,422,80447
7,80876,8214,1.0,13010,422,80454
8,80884,8215,1.0,13011,422,80462
6,80890,8216,1.0,13012,422,80468
2,80892,8216,0.0,13013,422,80470
6,80898,8217,1.0,13014,422,80476
7,80905,8218,1.0,13015,422,80483
6,80911,8219,1.0,13016,422,80489
6,80917,8220,1.0,13017,422,80495
6,80923,8221,1.0,13018,422,80501
6,80929,8222,1.0,13019,422,80507
6,80935,8223,1.0,13020,422,80513
7,80942,8224,1.0,13021,422,80520
10,80952,8225,1.0,13022,422,80530
6,80958,8226,1.0,13023,422,80536
6,80964,8227,1.0,13024,422,80542
9,80973,8228,1.0,13025,422,80551
6,80979,8229,1.0,13026,422,80557
8,80987,8229,0.0,13027,422,80565
6,80993,8230,1.0,13028,422,80571
3,80996,8230,0.0,13029,422,80574
6,81002,8231,1.0,13030,422,80580
7,81009,8232,1.0,13031,422,80587
7,81016,8233,1.0,13032,422,80594
8,81024,8234,1.0,13033,422,80602
9,81033,8235,1.0,13034,422,80611
6,81039,8236,1.0,13035,422,80617
7,81046,8237,1.0,13036,422,80624
7,81053,8238,1.0,13037,422,80631
7,81060,8239,1.0,13038,422,80638
7,81067,8240,1.0,13039,422,80645
7,81074,8241,1.0,13040,422,80652
2,81076,8241,0.0,13041,422,80654
6,81082,8242,1.0,13042,422,80660
8,81090,8243,1.0,13043,422,80668
9,81099,8244,1.0,13044,422,80677
6,81105,8245,1.0,13045,422,80683
2,81107,8245,0.0,13046,422,80685
7,81114,8246,1.0,13047,422,80692
9,81123,8247,1.0,13048,422,80701
6,81129,8248,1.0,13049,422,80707
9,81138,8249,1.0,13050,422,80716
9,81147,8250,1.0,13051,422,80725
3,81150,8250,0.0,13052,422,80728
9,81159,8250,0.0,13053,422,80737
6,81165,8251,1.0,13054,422,80743
8,81173,8252,1.0,13055,422,80751
6,81179,8253,1.0,13056,422,80757
4,81183,8253,0.0,13057,422,80761
7,81190,8254,1.0,13058,422,80768
7,81197,8255,1.0,13059,422,80775
7,81204,8256,1.0,13060,422,80782
8,81212,8257,1.0,13061,422,80790
6,81218,8258,1.0,13062,422,80796
6,81224,8259,1.0,13063,422,80802
6,81230,8260,1.0,13064,422,80808
6,81236,8261,1.0,13065,422,80814
6,81242,8262,1.0,13066,422,80820
7,81249,8263,1.0,13067,422,80827
9,81258,8264,1.0,13068,422,80836
6,81264,8265,1.0,13069,422,80842
7,81271,8266,1.0,13070,422,80849
2,81273,8266,0.0,13071,422,80851
6,81279,8267,1.0,13072,422,80857
11,81290,8268,1.0,13073,422,80868
6,81296,8269,1.0,13074,422,80874
7,81303,8270,1.0,13075,422,80881
6,81309,8271,1.0,13076,422,80887
7,81316,8272,1.0,13077,422,80894
6,81322,8273,1.0,13078,422,80900
3,81325,8273,0.0,13079,422,80903
3,81328,8273,0.0,13080,422,80906
6,81334,8274,1.0,13081,422,80912
6,81340,8275,1.0,13082,422,80918
8,81348,8275,0.0,13083,422,80926
7,81355,8276,1.0,13084,422,80933
6,81361,8277,1.0,13085,422,80939
7,81368,8278,1.0,13086,422,80946
4,81372,8278,0.0,13087,422,80950
6,81378,8279,1.0,13088,422,80956
10,81388,8280,1.0,13089,422,80966
10,81398,8281,1.0,13090,422,80976
4,81402,8281,0.0,13091,422,80980
7,81409,8282,1.0,13092,422,80987
8,81417,8283,1.0,13093,422,80995
6,81423,8284,1.0,13094,422,81001
6,81429,8285,1.0,13095,422,81007
6,81435,8286,1.0,13096,422,81013
7,81442,8287,1.0,13097,422,81020
7,81449,8288,1.0,13098,422,81027
6,81455,8289,1.0,13099,422,81033
8,81463,8290,1.0,13100,422,81041
6,81469,8291,1.0,13101,422,81047
8,81477,8292,1.0,13102,422,81055
6,81483,8293,1.0,13103,422,81061
7,81490,8294,1.0,13104,422,81068
8,81498,8295,1.0,13105,422,81076
7,81505,8295,0.0,13106,422,81083
2,81507,8295,0.0,13107,422,81085
6,81513,8296,1.0,13108,422,81091
6,81519,8297,1.0,13109,422,81097
10,81529,8298,1.0,13110,422,81107
6,81535,8299,1.0,13111,422,81113
2,81537,8299,0.0,13112,422,81115
7,81544,8300,1.0,13113,422,81122
6,81550,8301,1.0,13114,422,81128
8,81558,8302,1.0,13115,422,81136
7,81565,8303,1.0,13116,422,81143
10,81575,8304,1.0,13117,422,81153
6,81581,8305,1.0,13118,422,81159
6,81587,8306,1.0,13119,422,81165
7,81594,8307,1.0,13120,422,81172
6,81600,8308,1.0,13121,422,81178
6,81606,8309,1.0,13122,422,81184
6,81612,8310,1.0,13123,422,81190
6,81618,8311,1.0,13124,422,81196
7,81625,8312,1.0,13125,422,81203
6,81631,8313,1.0,13126,422,81209
6,81637,8314,1.0,13127,422,81215
4,81641,8314,0.0,13128,422,81219
4,81645,8314,0.0,13129,422,81223
7,81652,8315,1.0,13130,422,81230
6,81658,8316,1.0,13131,422,81236
7,81665,8317,1.0,13132,422,81243
14,81679,8318,1.0,13133,422,81257
7,81686,8319,1.0,13134,422,81264
2,81688,8319,0.0,13135,422,81266
8,81696,8320,1.0,13136,422,81274
6,81702,8321,1.0,13137,422,81280
2,81704,8321,0.0,13138,422,81282
8,81712,8322,1.0,13139,422,81290
11,81723,8323,1.0,13140,422,81301
10,81733,8324,1.0,13141,422,81311
6,81739,8325,1.0,13142,422,81317
9,81748,8326,1.0,13143,422,81326
7,81755,8327,1.0,13144,422,81333
2,81757,8327,0.0,13145,422,81335
6,81763,8328,1.0,13146,422,81341
4,81767,8328,0.0,13147,422,81345
6,81773,8329,1.0,13148,422,81351
6,81779,8330,1.0,13149,422,81357
6,81785,8331,1.0,13150,422,81363
9,81794,8332,1.0,13151,422,81372
6,81800,8333,1.0,13152,422,81378
6,81806,8334,1.0,13153,422,81384
2,81808,8334,0.0,13154,422,81386
4,81812,8334,0.0,13155,422,81390
6,81818,8335,1.0,13156,422,81396
6,81824,8335,0.0,13157,422,81402
2,81826,8335,0.0,13158,422,81404
6,81832,8336,1.0,13159,422,81410
6,81838,8337,1.0,13160,422,81416
4,81842,8337,0.0,13161,422,81420
13,81855,8338,1.0,13162,422,81433
4,81859,8338,0.0,13163,422,81437
6,81865,8338,0.0,13164,422,81443
6,81871,8338,0.0,13165,422,81449
6,81877,8339,1.0,13166,422,81455
6,81883,8340,1.0,13167,422,81461
6,81889,8341,1.0,13168,422,81467
6,81895,8342,1.0,13169,422,81473
4,81899,8342,0.0,13170,422,81477
7,81906,8343,1.0,13171,422,81484
8,81914,8344,1.0,13172,422,81492
2,81916,8344,0.0,13173,422,81494
6,81922,8345,1.0,13174,422,81500
7,81929,8345,0.0,13175,422,81507
7,81936,8346,1.0,13176,422,81514
7,81943,8347,1.0,13177,422,81521
6,81949,8348,1.0,13178,422,81527
6,81955,8349,1.0,13179,422,81533
10,81965,8350,1.0,13180,422,81543
6,81971,8351,1.0,13181,422,81549
7,81978,8352,1.0,13182,422,81556
6,81984,8353,1.0,13183,422,81562
8,81992,8354,1.0,13184,422,81570
8,82000,8355,1.0,13185,422,81578
8,82008,8356,1.0,13186,422,81586
9,82017,8357,1.0,13187,422,81595
10,82027,8358,1.0,13188,422,81605
6,82033,8359,1.0,13189,422,81611
6,82039,8360,1.0,13190,422,81617
2,82041,8360,0.0,13191,422,81619
8,82049,8361,1.0,13192,422,81627
6,82055,8362,1.0,13193,422,81633
6,82061,8363,1.0,13194,422,81639
7,82068,8364,1.0,13195,422,81646
6,82074,8365,1.0,13196,422,81652
11,82085,8366,1.0,13197,422,81663
9,82094,8367,1.0,13198,422,81672
11,82105,8368,1.0,13199,422,81683
7,82112,8369,1.0,13200,422,81690
6,82118,8370,1.0,13201,422,81696
6,82124,8371,1.0,13202,422,81702
7,82131,8372,1.0,13203,422,81709
4,82135,8372,0.0,13204,422,81713
8,82143,8373,1.0,13205,422,81721
6,82149,8374,1.0,13206,422,81727
8,82157,8375,1.0,13207,422,81735
6,82163,8376,1.0,13208,422,81741
7,82170,8377,1.0,13209,422,81748
8,82178,8378,1.0,13210,422,81756
8,82186,8379,1.0,13211,422,81764
8,82194,8380,1.0,13212,422,81772
2,82196,8380,0.0,13213,422,81774
8,82204,8381,1.0,13214,422,81782
4,82208,8381,0.0,13215,422,81786
6,82214,8382,1.0,13216,422,81792
8,82222,8383,1.0,13217,422,81800
6,82228,8384,1.0,13218,422,81806
6,82234,8385,1.0,13219,422,81812
6,82240,8386,1.0,13220,422,81818
6,82246,8387,1.0,13221,422,81824
7,82253,8388,1.0,13222,422,81831
9,82262,8389,1.0,13223,422,81840
10,82272,8390,1.0,13224,422,81850
7,82279,8391,1.0,13225,422,81857
12,82291,8392,1.0,13226,422,81869
7,82298,8393,1.0,13227,422,81876
6,82304,8394,1.0,13228,422,81882
4,82308,8394,0.0,13229,422,81886
10,82318,8395,1.0,13230,422,81896
8,82326,8396,1.0,13231,422,81904
11,82337,8397,1.0,13232,422,81915
7,82344,8398,1.0,13233,422,81922
6,82350,8399,1.0,13234,422,81928
6,82356,8400,1.0,13235,422,81934
4,82360,8400,0.0,13236,422,81938
6,82366,8401,1.0,13237,422,81944
2,82368,8401,0.0,13238,422,81946
6,82374,8402,1.0,13239,422,81952
6,82380,8403,1.0,13240,422,81958
2,82382,8403,0.0,13241,422,81960
6,82388,8404,1.0,13242,422,81966
10,82398,8405,1.0,13243,422,81976
2,82400,8405,0.0,13244,422,81978
8,82408,8406,1.0,13245,422,81986
3,82411,8406,0.0,13246,422,81989
2,82413,8406,0.0,13247,422,81991
3,82416,8406,0.0,13248,422,81994
10,82426,8407,1.0,13249,422,82004
6,82432,8408,1.0,13250,422,82010
10,82442,8409,1.0,13251,422,82020
9,82451,8410,1.0,13252,422,82029
6,82457,8411,1.0,13253,422,82035
4,82461,8411,0.0,13254,422,82039
6,82467,8412,1.0,13255,422,82045
6,82473,8413,1.0,13256,422,82051
9,82482,8414,1.0,13257,422,82060
7,82489,8415,1.0,13258,422,82067
4,82493,8415,0.0,13259,422,82071
8,82501,8416,1.0,13260,422,82079
5,82506,8416,0.0,13261,422,82084
4,82510,8416,0.0,13262,422,82088
11,82521,8417,1.0,13263,422,82099
7,82528,8418,1.0,13264,422,82106
3,82531,8418,0.0,13265,422,82109
7,82538,8419,1.0,13266,422,82116
6,82544,8420,1.0,13267,422,82122
3,82547,8420,0.0,13268,422,82125
7,82554,8421,1.0,13269,422,82132
4,82558,8421,0.0,13270,422,82136
6,82564,8422,1.0,13271,422,82142
9,82573,8423,1.0,13272,422,82151
6,82579,8424,1.0,13273,422,82157
10,82589,8425,1.0,13274,422,82167
12,82601,8426,1.0,13275,422,82179
6,82607,8427,1.0,13276,422,82185
7,82614,8428,1.0,13277,422,82192
8,82622,8429,1.0,13278,422,82200
4,82626,8429,0.0,13279,422,82204
7,82633,8430,1.0,13280,422,82211
7,82640,8431,1.0,13281,422,82218
7,82647,8432,1.0,13282,422,82225
6,82653,8433,1.0,13283,422,82231
9,82662,8434,1.0,13284,422,82240
6,82668,8435,1.0,13285,422,82246
7,82675,8436,1.0,13286,422,82253
2,82677,8436,0.0,13287,422,82255
6,82683,8436,0.0,13288,422,82261
2,82685,8436,0.0,13289,422,82263
6,82691,8437,1.0,13290,422,82269
7,82698,8438,1.0,13291,422,82276
5,82703,8438,0.0,13292,422,82281
6,82709,8439,1.0,13293,422,82287
5,82714,8439,0.0,13294,422,82292
21,82735,8440,1.0,13295,422,82313
7,82742,8441,1.0,13296,422,82320
8,82750,8442,1.0,13297,422,82328
7,82757,8443,1.0,13298,422,82335
6,82763,8444,1.0,13299,422,82341
6,82769,8445,1.0,13300,422,82347
6,82775,8446,1.0,13301,422,82353
6,82781,8447,1.0,13302,422,82359
9,82790,8448,1.0,13303,422,82368
3,82793,8448,0.0,13304,422,82371
6,82799,8449,1.0,13305,422,82377
4,82803,8449,0.0,13306,422,82381
2,82805,8449,0.0,13307,422,82383
6,82811,8450,1.0,13308,422,82389
7,82818,8451,1.0,13309,422,82396
6,82824,8452,1.0,13310,422,82402
7,82831,8453,1.0,13311,422,82409
6,82837,8454,1.0,13312,422,82415
6,82843,8455,1.0,13313,422,82421
4,82847,8455,0.0,13314,422,82425
7,82854,8456,1.0,13315,422,82432
7,82861,8456,0.0,13316,422,82439
8,82869,8457,1.0,13317,422,82447
11,82880,8458,1.0,13318,422,82458
10,82890,8459,1.0,13319,422,82468
7,82897,8460,1.0,13320,422,82475
6,82903,8461,1.0,13321,422,82481
7,82910,8462,1.0,13322,422,82488
13,82923,8463,1.0,13323,422,82501
11,82934,8464,1.0,13324,422,82512
4,82938,8464,0.0,13325,422,82516
8,82946,8465,1.0,13326,422,82524
8,82954,8466,1.0,13327,422,82532
11,82965,8467,1.0,13328,422,82543
6,82971,8468,1.0,13329,422,82549
3,82974,8468,0.0,13330,422,82552
2,82976,8468,0.0,13331,422,82554
10,82986,8469,1.0,13332,422,82564
7,82993,8470,1.0,13333,422,82571
6,82999,8471,1.0,13334,422,82577
12,83011,8472,1.0,13335,422,82589
8,83019,8473,1.0,13336,422,82597
12,83031,8474,1.0,13337,422,82609
7,83038,8475,1.0,13338,422,82616
7,83045,8476,1.0,13339,422,82623
6,83051,8477,1.0,13340,422,82629
2,83053,8477,0.0,13341,422,82631
6,83059,8478,1.0,13342,422,82637
5,83064,8478,0.0,13343,422,82642
6,83070,8479,1.0,13344,422,82648
4,83074,8479,0.0,13345,422,82652
6,83080,8480,1.0,13346,422,82658
8,83088,8481,1.0,13347,422,82666
6,83094,8482,1.0,13348,422,82672
6,83100,8483,1.0,13349,422,82678
10,83110,8484,1.0,13350,422,82688
7,83117,8485,1.0,13351,422,82695
7,83124,8486,1.0,13352,422,82702
6,83130,8487,1.0,13353,422,82708
6,83136,8488,1.0,13354,422,82714
6,83142,8489,1.0,13355,422,82720
6,83148,8490,1.0,13356,422,82726
6,83154,8490,0.0,13357,422,82732
8,83162,8491,1.0,13358,422,82740
2,83164,8491,0.0,13359,422,82742
6,83170,8492,1.0,13360,422,82748
9,83179,8493,1.0,13361,422,82757
2,83181,8493,0.0,13362,422,82759
2,83183,8493,0.0,13363,422,82761
6,83189,8494,1.0,13364,422,82767
6,83195,8495,1.0,13365,422,82773
9,83204,8496,1.0,13366,422,82782
2,83206,8496,0.0,13367,422,82784
6,83212,8497,1.0,13368,422,82790
6,83218,8498,1.0,13369,422,82796
8,83226,8499,1.0,13370,422,82804
4,83230,8499,0.0,13371,422,82808
9,83239,8500,1.0,13372,422,82817
6,83245,8501,1.0,13373,422,82823
6,83251,8502,1.0,13374,422,82829
7,83258,8503,1.0,13375,422,82836
6,83264,8504,1.0,13376,422,82842
6,83270,8505,1.0,13377,422,82848
3,83273,8505,0.0,13378,422,82851
7,83280,8506,1.0,13379,422,82858
6,83286,8507,1.0,13380,422,82864
4,83290,8507,0.0,13381,422,82868
3,83293,8507,0.0,13382,422,82871
2,83295,8507,0.0,13383,422,82873
12,83307,8508,1.0,13384,422,82885
15,83322,8509,1.0,13385,422,82900
5,83327,8509,0.0,13386,422,82905
8,83335,8510,1.0,13387,422,82913
11,83346,8511,1.0,13388,422,82924
8,83354,8512,1.0,13389,422,82932
6,83360,8513,1.0,13390,422,82938
6,83366,8514,1.0,13391,422,82944
9,83375,8515,1.0,13392,422,82953
10,83385,8516,1.0,13393,422,82963
7,83392,8517,1.0,13394,422,82970
6,83398,8518,1.0,13395,422,82976
6,83404,8519,1.0,13396,422,82982
7,83411,8519,0.0,13397,422,82989
6,83417,8520,1.0,13398,422,82995
5,83422,8520,0.0,13399,422,83000
8,83430,8521,1.0,13400,422,83008
7,83437,8522,1.0,13401,422,83015
5,83442,8522,0.0,13402,422,83020
5,83447,8522,0.0,13403,422,83025
7,83454,8523,1.0,13404,422,83032
7,83461,8524,1.0,13405,422,83039
6,83467,8525,1.0,13406,422,83045
3,83470,8525,0.0,13407,422,83048
7,83477,8526,1.0,13408,422,83055
8,83485,8527,1.0,13409,422,83063
6,83491,8527,0.0,13410,422,83069
7,83498,8528,1.0,13411,422,83076
2,83500,8528,0.0,13412,422,83078
10,83510,8529,1.0,13413,422,83088
7,83517,8530,1.0,13414,422,83095
6,83523,8531,1.0,13415,422,83101
7,83530,8531,0.0,13416,422,83108
7,83537,8532,1.0,13417,422,83115
8,83545,8533,1.0,13418,422,83123
6,83551,8534,1.0,13419,422,83129
3,83554,8534,0.0,13420,422,83132
6,83560,8535,1.0,13421,422,83138
6,83566,8536,1.0,13422,422,83144
8,83574,8537,1.0,13423,422,83152
6,83580,8538,1.0,13424,422,83158
7,83587,8539,1.0,13425,422,83165
7,83594,8540,1.0,13426,422,83172
6,83600,8541,1.0,13427,422,83178
8,83608,8542,1.0,13428,422,83186
4,83612,8542,0.0,13429,422,83190
6,83618,8543,1.0,13430,422,83196
8,83626,8544,1.0,13431,422,83204
5,83631,8544,0.0,13432,422,83209
6,83637,8545,1.0,13433,422,83215
2,83639,8545,0.0,13434,422,83217
2,83641,8545,0.0,13435,422,83219
8,83649,8546,1.0,13436,422,83227
7,83656,8546,0.0,13437,422,83234
3,83659,8546,0.0,13438,422,83237
12,83671,8547,1.0,13439,422,83249
5,83676,8547,0.0,13440,422,83254
2,83678,8547,0.0,13441,422,83256
9,83687,8548,1.0,13442,422,83265
7,83694,8549,1.0,13443,422,83272
7,83701,8550,1.0,13444,422,83279
6,83707,8551,1.0,13445,422,83285
3,83710,8551,0.0,13446,422,83288
6,83716,8552,1.0,13447,422,83294
13,83729,8552,0.0,13448,422,83307
8,83737,8553,1.0,13449,422,83315
5,83742,8553,0.0,13450,422,83320
6,83748,8554,1.0,13451,422,83326
2,83750,8554,0.0,13452,422,83328
6,83756,8555,1.0,13453,422,83334
10,83766,8556,1.0,13454,422,83344
9,83775,8556,0.0,13455,422,83353
8,83783,8557,1.0,13456,422,83361
4,83787,8557,0.0,13457,422,83365
6,83793,8558,1.0,13458,422,83371
9,83802,8559,1.0,13459,422,83380
4,83806,8559,0.0,13460,422,83384
9,83815,8560,1.0,13461,422,83393
4,83819,8560,0.0,13462,422,83397
7,83826,8561,1.0,13463,422,83404
6,83832,8562,1.0,13464,422,83410
2,83834,8562,0.0,13465,422,83412
8,83842,8563,1.0,13466,422,83420
2,83844,8563,0.0,13467,422,83422
2,83846,8563,0.0,13468,422,83424
6,83852,8564,1.0,13469,422,83430
8,83860,8565,1.0,13470,422,83438
8,83868,8566,1.0,13471,422,83446
7,83875,8567,1.0,13472,422,83453
8,83883,8568,1.0,13473,422,83461
7,83890,8568,0.0,13474,422,83468
7,83897,8569,1.0,13475,422,83475
6,83903,8570,1.0,13476,422,83481
6,83909,8571,1.0,13477,422,83487
6,83915,8572,1.0,13478,422,83493
2,83917,8572,0.0,13479,422,83495
6,83923,8573,1.0,13480,422,83501
6,83929,8573,0.0,13481,422,83507
6,83935,8574,1.0,13482,422,83513
6,83941,8575,1.0,13483,422,83519
6,83947,8576,1.0,13484,422,83525
6,83953,8577,1.0,13485,422,83531
8,83961,8578,1.0,13486,422,83539
9,83970,8579,1.0,13487,422,83548
6,83976,8580,1.0,13488,422,83554
5,83981,8580,0.0,13489,422,83559
7,83988,8581,1.0,13490,422,83566
6,83994,8582,1.0,13491,422,83572
6,84000,8582,0.0,13492,422,83578
6,84006,8583,1.0,13493,422,83584
8,84014,8584,1.0,13494,422,83592
8,84022,8585,1.0,13495,422,83600
8,84030,8586,1.0,13496,422,83608
13,84043,8587,1.0,13497,422,83621
7,84050,8588,1.0,13498,422,83628
3,84053,8588,0.0,13499,422,83631
6,84059,8589,1.0,13500,422,83637
6,84065,8590,1.0,13501,422,83643
3,84068,8590,0.0,13502,422,83646
6,84074,8591,1.0,13503,422,83652
6,84080,8592,1.0,13504,422,83658
6,84086,8593,1.0,13505,422,83664
6,84092,8594,1.0,13506,422,83670
7,84099,8595,1.0,13507,422,83677
6,84105,8595,0.0,13508,422,83683
6,84111,8596,1.0,13509,422,83689
6,84117,8597,1.0,13510,422,83695
8,84125,8598,1.0,13511,422,83703
7,84132,8598,0.0,13512,422,83710
7,84139,8598,0.0,13513,422,83717
6,84145,8598,0.0,13514,422,83723
7,84152,8599,1.0,13515,422,83730
12,84164,8600,1.0,13516,422,83742
5,84169,8600,0.0,13517,422,83747
8,84177,8601,1.0,13518,422,83755
6,84183,8602,1.0,13519,422,83761
6,84189,8603,1.0,13520,422,83767
7,84196,8604,1.0,13521,422,83774
2,84198,8604,0.0,13522,422,83776
6,84204,8605,1.0,13523,422,83782
6,84210,8606,1.0,13524,422,83788
6,84216,8607,1.0,13525,422,83794
7,84223,8608,1.0,13526,422,83801
6,84229,8609,1.0,13527,422,83807
6,84235,8610,1.0,13528,422,83813
7,84242,8611,1.0,13529,422,83820
6,84248,8612,1.0,13530,422,83826
8,84256,8613,1.0,13531,422,83834
9,84265,8614,1.0,13532,422,83843
8,84273,8615,1.0,13533,422,83851
6,84279,8616,1.0,13534,422,83857
2,84281,8616,0.0,13535,422,83859
7,84288,8617,1.0,13536,422,83866
6,84294,8618,1.0,13537,422,83872
4,84298,8618,0.0,13538,422,83876
9,84307,8619,1.0,13539,422,83885
11,84318,8620,1.0,13540,422,83896
6,84324,8621,1.0,13541,422,83902
4,84328,8621,0.0,13542,422,83906
3,84331,8621,0.0,13543,422,83909
6,84337,8622,1.0,13544,422,83915
7,84344,8623,1.0,13545,422,83922
8,84352,8624,1.0,13546,422,83930
2,84354,8624,0.0,13547,422,83932
6,84360,8625,1.0,13548,422,83938
6,84366,8626,1.0,13549,422,83944
8,84374,8627,1.0,13550,422,83952
2,84376,8627,0.0,13551,422,83954
6,84382,8628,1.0,13552,422,83960
6,84388,8629,1.0,13553,422,83966
7,84395,8630,1.0,13554,422,83973
6,84401,8631,1.0,13555,422,83979
5,84406,8631,0.0,13556,422,83984
6,84412,8632,1.0,13557,422,83990
2,84414,8632,0.0,13558,422,83992
2,84416,8632,0.0,13559,422,83994
2,84418,8632,0.0,13560,422,83996
7,84425,8632,0.0,13561,422,84003
6,84431,8633,1.0,13562,422,84009
2,84433,8633,0.0,13563,422,84011
7,84440,8634,1.0,13564,422,84018
18,84458,8635,1.0,13565,422,84036
7,84465,8636,1.0,13566,422,84043
6,84471,8637,1.0,13567,422,84049
8,84479,8638,1.0,13568,422,84057
6,84485,8639,1.0,13569,422,84063
14,84499,8640,1.0,13570,422,84077
4,84503,8640,0.0,13571,422,84081
6,84509,8641,1.0,13572,422,84087
6,84515,8642,1.0,13573,422,84093
7,84522,8643,1.0,13574,422,84100
7,84529,8644,1.0,13575,422,84107
8,84537,8645,1.0,13576,422,84115
12,84549,8646,1.0,13577,422,84127
6,84555,8647,1.0,13578,422,84133
8,84563,8648,1.0,13579,422,84141
6,84569,8649,1.0,13580,422,84147
3,84572,8649,0.0,13581,422,84150
8,84580,8650,1.0,13582,422,84158
4,84584,8650,0.0,13583,422,84162
6,84590,8651,1.0,13584,422,84168
3,84593,8651,0.0,13585,422,84171
6,84599,8652,1.0,13586,422,84177
8,84607,8653,1.0,13587,422,84185
10,84617,8654,1.0,13588,422,84195
4,84621,8654,0.0,13589,422,84199
4,84625,8654,0.0,13590,422,84203
6,84631,8655,1.0,13591,422,84209
6,84637,8656,1.0,13592,422,84215
9,84646,8657,1.0,13593,422,84224
9,84655,8658,1.0,13594,422,84233
2,84657,8658,0.0,13595,422,84235
6,84663,8659,1.0,13596,422,84241
6,84669,8660,1.0,13597,422,84247
2,84671,8660,0.0,13598,422,84249
6,84677,8661,1.0,13599,422,84255
6,84683,8662,1.0,13600,422,84261
2,84685,8662,0.0,13601,422,84263
6,84691,8663,1.0,13602,422,84269
7,84698,8664,1.0,13603,422,84276
7,84705,8665,1.0,13604,422,84283
7,84712,8665,0.0,13605,422,84290
10,84722,8666,1.0,13606,422,84300
6,84728,8667,1.0,13607,422,84306
8,84736,8668,1.0,13608,422,84314
6,84742,8669,1.0,13609,422,84320
8,84750,8670,1.0,13610,422,84328
7,84757,8671,1.0,13611,422,84335
7,84764,8672,1.0,13612,422,84342
2,84766,8672,0.0,13613,422,84344
4,84770,8672,0.0,13614,422,84348
6,84776,8673,1.0,13615,422,84354
8,84784,8674,1.0,13616,422,84362
9,84793,8675,1.0,13617,422,84371
6,84799,8676,1.0,13618,422,84377
7,84806,8677,1.0,13619,422,84384
2,84808,8677,0.0,13620,422,84386
6,84814,8678,1.0,13621,422,84392
7,84821,8679,1.0,13622,422,84399
8,84829,8680,1.0,13623,422,84407
2,84831,8680,0.0,13624,422,84409
6,84837,8681,1.0,13625,422,84415
13,84850,8682,1.0,13626,422,84428
9,84859,8683,1.0,13627,422,84437
8,84867,8683,0.0,13628,422,84445
6,84873,8684,1.0,13629,422,84451
6,84879,8685,1.0,13630,422,84457
5,84884,8685,0.0,13631,422,84462
12,84896,8686,1.0,13632,422,84474
9,84905,8687,1.0,13633,422,84483
4,84909,8687,0.0,13634,422,84487
6,84915,8688,1.0,13635,422,84493
6,84921,8689,1.0,13636,422,84499
6,84927,8690,1.0,13637,422,84505
8,84935,8691,1.0,13638,422,84513
7,84942,8692,1.0,13639,422,84520
7,84949,8693,1.0,13640,422,84527
2,84951,8693,0.0,13641,422,84529
6,84957,8694,1.0,13642,422,84535
4,84961,8694,0.0,13643,422,84539
8,84969,8695,1.0,13644,422,84547
6,84975,8696,1.0,13645,422,84553
6,84981,8697,1.0,13646,422,84559
8,84989,8698,1.0,13647,422,84567
15,85004,8699,1.0,13648,422,84582
5,85009,8699,0.0,13649,422,84587
3,85012,8699,0.0,13650,422,84590
8,85020,8700,1.0,13651,422,84598
6,85026,8701,1.0,13652,422,84604
4,85030,8701,0.0,13653,422,84608
6,85036,8702,1.0,13654,422,84614
8,85044,8703,1.0,13655,422,84622
8,85052,8704,1.0,13656,422,84630
9,85061,8705,1.0,13657,422,84639
6,85067,8706,1.0,13658,422,84645
6,85073,8707,1.0,13659,422,84651
3,85076,8707,0.0,13660,422,84654
2,85078,8707,0.0,13661,422,84656
6,85084,8708,1.0,13662,422,84662
7,85091,8709,1.0,13663,422,84669
6,85097,8710,1.0,13664,422,84675
3,85100,8710,0.0,13665,422,84678
6,85106,8711,1.0,13666,422,84684
2,85108,8711,0.0,13667,422,84686
6,85114,8712,1.0,13668,422,84692
4,85118,8712,0.0,13669,422,84696
5,85123,8712,0.0,13670,422,84701
8,85131,8713,1.0,13671,422,84709
2,85133,8713,0.0,13672,422,84711
9,85142,8714,1.0,13673,422,84720
8,85150,8715,1.0,13674,422,84728
11,85161,8716,1.0,13675,422,84739
10,85171,8717,1.0,13676,422,84749
8,85179,8718,1.0,13677,422,84757
6,85185,8719,1.0,13678,422,84763
7,85192,8720,1.0,13679,422,84770
9,85201,8721,1.0,13680,422,84779
6,85207,8722,1.0,13681,422,84785
5,85212,8722,0.0,13682,422,84790
6,85218,8723,1.0,13683,422,84796
8,85226,8724,1.0,13684,422,84804
6,85232,8725,1.0,13685,422,84810
3,85235,8725,0.0,13686,422,84813
7,85242,8726,1.0,13687,422,84820
7,85249,8727,1.0,13688,422,84827
6,85255,8728,1.0,13689,422,84833
9,85264,8729,1.0,13690,422,84842
6,85270,8730,1.0,13691,422,84848
6,85276,8731,1.0,13692,422,84854
6,85282,8732,1.0,13693,422,84860
6,85288,8733,1.0,13694,422,84866
8,85296,8734,1.0,13695,422,84874
4,85300,8734,0.0,13696,422,84878
7,85307,8735,1.0,13697,422,84885
2,85309,8735,0.0,13698,422,84887
9,85318,8736,1.0,13699,422,84896
8,85326,8737,1.0,13700,422,84904
6,85332,8738,1.0,13701,422,84910
7,85339,8739,1.0,13702,422,84917
6,85345,8740,1.0,13703,422,84923
6,85351,8741,1.0,13704,422,84929
5,85356,8741,0.0,13705,422,84934
6,85362,8742,1.0,13706,422,84940
6,85368,8743,1.0,13707,422,84946
10,85378,8744,1.0,13708,422,84956
6,85384,8745,1.0,13709,422,84962
8,85392,8746,1.0,13710,422,84970
6,85398,8747,1.0,13711,422,84976
7,85405,8748,1.0,13712,422,84983
2,85407,8748,0.0,13713,422,84985
6,85413,8749,1.0,13714,422,84991
8,85421,8750,1.0,13715,422,84999
6,85427,8751,1.0,13716,422,85005
9,85436,8751,0.0,13717,422,85014
6,85442,8752,1.0,13718,422,85020
2,85444,8752,0.0,13719,422,85022
6,85450,8753,1.0,13720,422,85028
10,85460,8754,1.0,13721,422,85038
6,85466,8755,1.0,13722,422,85044
6,85472,8756,1.0,13723,422,85050
6,85478,8757,1.0,13724,422,85056
9,85487,8758,1.0,13725,422,85065
6,85493,8759,1.0,13726,422,85071
3,85496,8759,0.0,13727,422,85074
8,85504,8760,1.0,13728,422,85082
9,85513,8761,1.0,13729,422,85091
4,85517,8761,0.0,13730,422,85095
6,85523,8762,1.0,13731,422,85101
2,85525,8762,0.0,13732,422,85103
7,85532,8763,1.0,13733,422,85110
8,85540,8764,1.0,13734,422,85118
6,85546,8765,1.0,13735,422,85124
6,85552,8765,0.0,13736,422,85130
8,85560,8766,1.0,13737,422,85138
9,85569,8766,0.0,13738,422,85147
11,85580,8767,1.0,13739,422,85158
6,85586,8768,1.0,13740,422,85164
6,85592,8769,1.0,13741,422,85170
7,85599,8770,1.0,13742,422,85177
3,85602,8770,0.0,13743,422,85180
7,85609,8771,1.0,13744,422,85187
7,85616,8772,1.0,13745,422,85194
7,85623,8773,1.0,13746,422,85201
10,85633,8774,1.0,13747,422,85211
6,85639,8775,1.0,13748,422,85217
4,85643,8775,0.0,13749,422,85221
8,85651,8776,1.0,13750,422,85229
6,85657,8777,1.0,13751,422,85235
10,85667,8778,1.0,13752,422,85245
6,85673,8779,1.0,13753,422,85251
8,85681,8780,1.0,13754,422,85259
4,85685,8780,0.0,13755,422,85263
6,85691,8781,1.0,13756,422,85269
12,85703,8782,1.0,13757,422,85281
12,85715,8783,1.0,13758,422,85293
7,85722,8784,1.0,13759,422,85300
7,85729,8784,0.0,13760,422,85307
6,85735,8785,1.0,13761,422,85313
2,85737,8785,0.0,13762,422,85315
6,85743,8786,1.0,13763,422,85321
7,85750,8787,1.0,13764,422,85328
6,85756,8788,1.0,13765,422,85334
6,85762,8789,1.0,13766,422,85340
6,85768,8790,1.0,13767,422,85346
9,85777,8791,1.0,13768,422,85355
4,85781,8791,0.0,13769,422,85359
9,85790,8792,1.0,13770,422,85368
2,85792,8792,0.0,13771,422,85370
7,85799,8793,1.0,13772,422,85377
6,85805,8794,1.0,13773,422,85383
6,85811,8795,1.0,13774,422,85389
8,85819,8796,1.0,13775,422,85397
7,85826,8797,1.0,13776,422,85404
10,85836,8798,1.0,13777,422,85414
6,85842,8799,1.0,13778,422,85420
6,85848,8800,1.0,13779,422,85426
4,85852,8800,0.0,13780,422,85430
8,85860,8801,1.0,13781,422,85438
6,85866,8802,1.0,13782,422,85444
3,85869,8802,0.0,13783,422,85447
8,85877,8803,1.0,13784,422,85455
6,85883,8804,1.0,13785,422,85461
7,85890,8805,1.0,13786,422,85468
2,85892,8805,0.0,13787,422,85470
10,85902,8806,1.0,13788,422,85480
9,85911,8807,1.0,13789,422,85489
7,85918,8808,1.0,13790,422,85496
5,85923,8808,0.0,13791,422,85501
7,85930,8808,0.0,13792,422,85508
7,85937,8809,1.0,13793,422,85515
3,85940,8809,0.0,13794,422,85518
6,85946,8810,1.0,13795,422,85524
6,85952,8811,1.0,13796,422,85530
8,85960,8812,1.0,13797,422,85538
7,85967,8813,1.0,13798,422,85545
6,85973,8814,1.0,13799,422,85551
6,85979,8815,1.0,13800,422,85557
6,85985,8816,1.0,13801,422,85563
7,85992,8817,1.0,13802,422,85570
6,85998,8818,1.0,13803,422,85576
6,86004,8819,1.0,13804,422,85582
6,86010,8819,0.0,13805,422,85588
6,86016,8820,1.0,13806,422,85594
4,86020,8820,0.0,13807,422,85598
4,86024,8820,0.0,13808,422,85602
3,86027,8820,0.0,13809,422,85605
6,86033,8821,1.0,13810,422,85611
6,86039,8822,1.0,13811,422,85617
7,86046,8823,1.0,13812,422,85624
16,86062,8824,1.0,13813,422,85640
7,86069,8825,1.0,13814,422,85647
9,86078,8826,1.0,13815,422,85656
7,86085,8827,1.0,13816,422,85663
8,86093,8828,1.0,13817,422,85671
11,86104,8829,1.0,13818,422,85682
7,86111,8830,1.0,13819,422,85689
7,86118,8830,0.0,13820,422,85696
6,86124,8830,0.0,13821,422,85702
6,86130,8831,1.0,13822,422,85708
2,86132,8831,0.0,13823,422,85710
3,86135,8831,0.0,13824,422,85713
10,86145,8832,1.0,13825,422,85723
7,86152,8833,1.0,13826,422,85730
7,86159,8834,1.0,13827,422,85737
6,86165,8835,1.0,13828,422,85743
6,86171,8836,1.0,13829,422,85749
10,86181,8837,1.0,13830,422,85759
8,86189,8838,1.0,13831,422,85767
8,86197,8839,1.0,13832,422,85775
8,86205,8840,1.0,13833,422,85783
7,86212,8841,1.0,13834,422,85790
8,86220,8842,1.0,13835,422,85798
8,86228,8843,1.0,13836,422,85806
3,86231,8843,0.0,13837,422,85809
7,86238,8844,1.0,13838,422,85816
7,86245,8845,1.0,13839,422,85823
5,86250,8845,0.0,13840,422,85828
10,86260,8846,1.0,13841,422,85838
3,86263,8846,0.0,13842,422,85841
6,86269,8847,1.0,13843,422,85847
8,86277,8848,1.0,13844,422,85855
2,86279,8848,0.0,13845,422,85857
6,86285,8849,1.0,13846,422,85863
6,86291,8849,0.0,13847,422,85869
7,86298,8850,1.0,13848,422,85876
10,86308,8851,1.0,13849,422,85886
4,86312,8851,0.0,13850,422,85890
8,86320,8852,1.0,13851,422,85898
8,86328,8853,1.0,13852,422,85906
6,86334,8854,1.0,13853,422,85912
8,86342,8855,1.0,13854,422,85920
6,86348,8856,1.0,13855,422,85926
13,86361,8857,1.0,13856,422,85939
7,86368,8858,1.0,13857,422,85946
8,86376,8859,1.0,13858,422,85954
8,86384,8860,1.0,13859,422,85962
6,86390,8861,1.0,13860,422,85968
10,86400,8862,1.0,13861,422,85978
8,86408,8863,1.0,13862,422,85986
2,86410,8863,0.0,13863,422,85988
2,86412,8863,0.0,13864,422,85990
6,86418,8864,1.0,13865,422,85996
2,86420,8864,0.0,13866,422,85998
2,86422,8864,0.0,13867,422,86000
8,86430,8865,1.0,13868,422,86008
7,86437,8866,1.0,13869,422,86015
2,86439,8866,0.0,13870,422,86017
6,86445,8867,1.0,13871,422,86023
2,86447,8867,0.0,13872,422,86025
9,86456,8868,1.0,13873,422,86034
5,86461,8868,0.0,13874,422,86039
6,86467,8869,1.0,13875,422,86045
6,86473,8870,1.0,13876,422,86051
9,86482,8871,1.0,13877,422,86060
6,86488,8872,1.0,13878,422,86066
7,86495,8873,1.0,13879,422,86073
12,86507,8874,1.0,13880,422,86085
6,86513,8875,1.0,13881,422,86091
3,86516,8875,0.0,13882,422,86094
5,86521,8875,0.0,13883,422,86099
2,86523,8875,0.0,13884,422,86101
8,86531,8876,1.0,13885,422,86109
8,86539,8877,1.0,13886,422,86117
10,86549,8877,0.0,13887,422,86127
9,86558,8878,1.0,13888,422,86136
6,86564,8879,1.0,13889,422,86142
6,86570,8880,1.0,13890,422,86148
3,86573,8880,0.0,13891,422,86151
6,86579,8881,1.0,13892,422,86157
6,86585,8882,1.0,13893,422,86163
2,86587,8882,0.0,13894,422,86165
9,86596,8883,1.0,13895,422,86174
6,86602,8884,1.0,13896,422,86180
6,86608,8885,1.0,13897,422,86186
6,86614,8886,1.0,13898,422,86192
7,86621,8887,1.0,13899,422,86199
6,86627,8888,1.0,13900,422,86205
4,86631,8888,0.0,13901,422,86209
8,86639,8889,1.0,13902,422,86217
6,86645,8890,1.0,13903,422,86223
6,86651,8891,1.0,13904,422,86229
7,86658,8891,0.0,13905,422,86236
4,86662,8891,0.0,13906,422,86240
8,86670,8892,1.0,13907,422,86248
6,86676,8893,1.0,13908,422,86254
6,86682,8894,1.0,13909,422,86260
5,86687,8894,0.0,13910,422,86265
4,86691,8894,0.0,13911,422,86269
6,86697,8895,1.0,13912,422,86275
6,86703,8896,1.0,13913,422,86281
7,86710,8897,1.0,13914,422,86288
6,86716,8898,1.0,13915,422,86294
6,86722,8899,1.0,13916,422,86300
3,86725,8899,0.0,13917,422,86303
2,86727,8899,0.0,13918,422,86305
2,86729,8899,0.0,13919,422,86307
6,86735,8900,1.0,13920,422,86313
8,86743,8901,1.0,13921,422,86321
8,86751,8901,0.0,13922,422,86329
6,86757,8902,1.0,13923,422,86335
6,86763,8903,1.0,13924,422,86341
6,86769,8904,1.0,13925,422,86347
6,86775,8905,1.0,13926,422,86353
2,86777,8905,0.0,13927,422,86355
3,86780,8905,0.0,13928,422,86358
6,86786,8906,1.0,13929,422,86364
7,86793,8906,0.0,13930,422,86371
4,86797,8906,0.0,13931,422,86375
6,86803,8907,1.0,13932,422,86381
8,86811,8908,1.0,13933,422,86389
7,86818,8909,1.0,13934,422,86396
3,86821,8909,0.0,13935,422,86399
4,86825,8909,0.0,13936,422,86403
6,86831,8910,1.0,13937,422,86409
5,86836,8910,0.0,13938,422,86414
9,86845,8911,1.0,13939,422,86423
4,86849,8911,0.0,13940,422,86427
6,86855,8912,1.0,13941,422,86433
8,86863,8913,1.0,13942,422,86441
8,86871,8914,1.0,13943,422,86449
8,86879,8915,1.0,13944,422,86457
6,86885,8916,1.0,13945,422,86463
7,86892,8917,1.0,13946,422,86470
7,86899,8918,1.0,13947,422,86477
6,86905,8918,0.0,13948,422,86483
6,86911,8919,1.0,13949,422,86489
14,86925,8920,1.0,13950,422,86503
6,86931,8920,0.0,13951,422,86509
6,86937,8921,1.0,13952,422,86515
6,86943,8922,1.0,13953,422,86521
7,86950,8923,1.0,13954,422,86528
6,86956,8924,1.0,13955,422,86534
5,86961,8924,0.0,13956,422,86539
3,86964,8924,0.0,13957,422,86542
7,86971,8925,1.0,13958,422,86549
4,86975,8925,0.0,13959,422,86553
9,86984,8926,1.0,13960,422,86562
7,86991,8927,1.0,13961,422,86569
6,86997,8928,1.0,13962,422,86575
6,87003,8929,1.0,13963,422,86581
5,87008,8929,0.0,13964,422,86586
12,87020,8930,1.0,13965,422,86598
8,87028,8931,1.0,13966,422,86606
10,87038,8932,1.0,13967,422,86616
2,87040,8932,0.0,13968,422,86618
6,87046,8933,1.0,13969,422,86624
2,87048,8933,0.0,13970,422,86626
3,87051,8933,0.0,13971,422,86629
4,87055,8933,0.0,13972,422,86633
10,87065,8934,1.0,13973,422,86643
7,87072,8935,1.0,13974,422,86650
6,87078,8936,1.0,13975,422,86656
2,87080,8936,0.0,13976,422,86658
6,87086,8937,1.0,13977,422,86664
6,87092,8938,1.0,13978,422,86670
3,87095,8938,0.0,13979,422,86673
9,87104,8939,1.0,13980,422,86682
6,87110,8940,1.0,13981,422,86688
9,87119,8941,1.0,13982,422,86697
6,87125,8942,1.0,13983,422,86703
6,87131,8943,1.0,13984,422,86709
6,87137,8944,1.0,13985,422,86715
17,87154,8945,1.0,13986,422,86732
9,87163,8945,0.0,13987,422,86741
6,87169,8946,1.0,13988,422,86747
7,87176,8947,1.0,13989,422,86754
6,87182,8948,1.0,13990,422,86760
8,87190,8949,1.0,13991,422,86768
6,87196,8950,1.0,13992,422,86774
6,87202,8951,1.0,13993,422,86780
12,87214,8951,0.0,13994,422,86792
3,87217,8951,0.0,13995,422,86795
8,87225,8952,1.0,13996,422,86803
7,87232,8953,1.0,13997,422,86810
6,87238,8954,1.0,13998,422,86816
9,87247,8955,1.0,13999,422,86825
7,87254,8956,1.0,14000,422,86832
7,87261,8956,0.0,14001,422,86839
4,87265,8956,0.0,14002,422,86843
8,87273,8957,1.0,14003,422,86851
6,87279,8958,1.0,14004,422,86857
10,87289,8959,1.0,14005,422,86867
9,87298,8960,1.0,14006,422,86876
6,87304,8961,1.0,14007,422,86882
8,87312,8962,1.0,14008,422,86890
8,87320,8963,1.0,14009,422,86898
7,87327,8964,1.0,14010,422,86905
3,87330,8964,0.0,14011,422,86908
7,87337,8965,1.0,14012,422,86915
9,87346,8966,1.0,14013,422,86924
6,87352,8967,1.0,14014,422,86930
8,87360,8968,1.0,14015,422,86938
5,87365,8968,0.0,14016,422,86943
6,87371,8969,1.0,14017,422,86949
6,87377,8970,1.0,14018,422,86955
4,87381,8970,0.0,14019,422,86959
8,87389,8971,1.0,14020,422,86967
6,87395,8972,1.0,14021,422,86973
6,87401,8973,1.0,14022,422,86979
6,87407,8973,0.0,14023,422,86985
2,87409,8973,0.0,14024,422,86987
9,87418,8973,0.0,14025,422,86996
6,87424,8974,1.0,14026,422,87002
6,87430,8975,1.0,14027,422,87008
6,87436,8976,1.0,14028,422,87014
6,87442,8977,1.0,14029,422,87020
2,87444,8977,0.0,14030,422,87022
10,87454,8978,1.0,14031,422,87032
6,87460,8979,1.0,14032,422,87038
3,87463,8979,0.0,14033,422,87041
7,87470,8980,1.0,14034,422,87048
8,87478,8981,1.0,14035,422,87056
6,87484,8981,0.0,14036,422,87062
8,87492,8982,1.0,14037,422,87070
6,87498,8983,1.0,14038,422,87076
6,87504,8984,1.0,14039,422,87082
9,87513,8985,1.0,14040,422,87091
10,87523,8985,0.0,14041,422,87101
5,87528,8985,0.0,14042,422,87106
9,87537,8986,1.0,14043,422,87115
9,87546,8987,1.0,14044,422,87124
9,87555,8988,1.0,14045,422,87133
3,87558,8988,0.0,14046,422,87136
2,87560,8988,0.0,14047,422,87138
11,87571,8989,1.0,14048,422,87149
6,87577,8990,1.0,14049,422,87155
7,87584,8991,1.0,14050,422,87162
7,87591,8992,1.0,14051,422,87169
6,87597,8993,1.0,14052,422,87175
11,87608,8994,1.0,14053,422,87186
2,87610,8994,0.0,14054,422,87188
6,87616,8995,1.0,14055,422,87194
7,87623,8996,1.0,14056,422,87201
6,87629,8997,1.0,14057,422,87207
6,87635,8998,1.0,14058,422,87213
8,87643,8999,1.0,14059,422,87221
10,87653,9000,1.0,14060,422,87231
10,87663,9001,1.0,14061,422,87241
3,87666,9001,0.0,14062,422,87244
6,87672,9002,1.0,14063,422,87250
8,87680,9003,1.0,14064,422,87258
6,87686,9004,1.0,14065,422,87264
3,87689,9004,0.0,14066,422,87267
12,87701,9005,1.0,14067,422,87279
7,87708,9006,1.0,14068,422,87286
3,87711,9006,0.0,14069,422,87289
3,87714,9006,0.0,14070,422,87292
11,87725,9007,1.0,14071,422,87303
8,87733,9008,1.0,14072,422,87311
6,87739,9009,1.0,14073,422,87317
6,87745,9010,1.0,14074,422,87323
9,87754,9011,1.0,14075,422,87332
7,87761,9012,1.0,14076,422,87339
6,87767,9013,1.0,14077,422,87345
6,87773,9014,1.0,14078,422,87351
7,87780,9015,1.0,14079,422,87358
6,87786,9016,1.0,14080,422,87364
5,87791,9016,0.0,14081,422,87369
4,87795,9016,0.0,14082,422,87373
6,87801,9017,1.0,14083,422,87379
6,87807,9018,1.0,14084,422,87385
6,87813,9019,1.0,14085,422,87391
2,87815,9019,0.0,14086,422,87393
6,87821,9020,1.0,14087,422,87399
6,87827,9021,1.0,14088,422,87405
6,87833,9022,1.0,14089,422,87411
4,87837,9022,0.0,14090,422,87415
7,87844,9023,1.0,14091,422,87422
7,87851,9024,1.0,14092,422,87429
6,87857,9025,1.0,14093,422,87435
2,87859,9025,0.0,14094,422,87437
6,87865,9025,0.0,14095,422,87443
7,87872,9026,1.0,14096,422,87450
6,87878,9026,0.0,14097,422,87456
2,87880,9026,0.0,14098,422,87458
6,87886,9027,1.0,14099,422,87464
7,87893,9028,1.0,14100,422,87471
8,87901,9029,1.0,14101,422,87479
8,87909,9030,1.0,14102,422,87487
8,87917,9031,1.0,14103,422,87495
6,87923,9032,1.0,14104,422,87501
6,87929,9033,1.0,14105,422,87507
6,87935,9034,1.0,14106,422,87513
6,87941,9035,1.0,14107,422,87519
3,87944,9035,0.0,14108,422,87522
6,87950,9036,1.0,14109,422,87528
6,87956,9037,1.0,14110,422,87534
9,87965,9038,1.0,14111,422,87543
6,87971,9039,1.0,14112,422,87549
10,87981,9040,1.0,14113,422,87559
6,87987,9041,1.0,14114,422,87565
6,87993,9042,1.0,14115,422,87571
14,88007,9043,1.0,14116,422,87585
9,88016,9044,1.0,14117,422,87594
6,88022,9045,1.0,14118,422,87600
2,88024,9045,0.0,14119,422,87602
9,88033,9046,1.0,14120,422,87611
6,88039,9047,1.0,14121,422,87617
6,88045,9048,1.0,14122,422,87623
12,88057,9049,1.0,14123,422,87635
6,88063,9049,0.0,14124,422,87641
6,88069,9050,1.0,14125,422,87647
6,88075,9050,0.0,14126,422,87653
7,88082,9051,1.0,14127,422,87660
8,88090,9052,1.0,14128,422,87668
6,88096,9053,1.0,14129,422,87674
8,88104,9054,1.0,14130,422,87682
6,88110,9055,1.0,14131,422,87688
6,88116,9056,1.0,14132,422,87694
7,88123,9057,1.0,14133,422,87701
6,88129,9058,1.0,14134,422,87707
9,88138,9059,1.0,14135,422,87716
4,88142,9059,0.0,14136,422,87720
8,88150,9060,1.0,14137,422,87728
9,88159,9061,1.0,14138,422,87737
4,88163,9061,0.0,14139,422,87741
3,88166,9061,0.0,14140,422,87744
13,88179,9062,1.0,14141,422,87757
4,88183,9062,0.0,14142,422,87761
11,88194,9063,1.0,14143,422,87772
6,88200,9064,1.0,14144,422,87778
8,88208,9065,1.0,14145,422,87786
6,88214,9066,1.0,14146,422,87792
8,88222,9067,1.0,14147,422,87800
2,88224,9067,0.0,14148,422,87802
4,88228,9067,0.0,14149,422,87806
7,88235,9068,1.0,14150,422,87813
7,88242,9068,0.0,14151,422,87820
10,88252,9069,1.0,14152,422,87830
6,88258,9070,1.0,14153,422,87836
6,88264,9070,0.0,14154,422,87842
3,88267,9070,0.0,14155,422,87845
4,88271,9070,0.0,14156,422,87849
6,88277,9071,1.0,14157,422,87855
3,88280,9071,0.0,14158,422,87858
2,88282,9071,0.0,14159,422,87860
8,88290,9072,1.0,14160,422,87868
6,88296,9073,1.0,14161,422,87874
6,88302,9073,0.0,14162,422,87880
6,88308,9074,1.0,14163,422,87886
4,88312,9074,0.0,14164,422,87890
6,88318,9075,1.0,14165,422,87896
12,88330,9076,1.0,14166,422,87908
6,88336,9077,1.0,14167,422,87914
8,88344,9078,1.0,14168,422,87922
10,88354,9079,1.0,14169,422,87932
2,88356,9079,0.0,14170,422,87934
5,88361,9079,0.0,14171,422,87939
8,88369,9080,1.0,14172,422,87947
6,88375,9081,1.0,14173,422,87953
6,88381,9082,1.0,14174,422,87959
2,88383,9082,0.0,14175,422,87961
4,88387,9082,0.0,14176,422,87965
6,88393,9083,1.0,14177,422,87971
6,88399,9084,1.0,14178,422,87977
7,88406,9085,1.0,14179,422,87984
7,88413,9086,1.0,14180,422,87991
6,88419,9087,1.0,14181,422,87997
3,88422,9087,0.0,14182,422,88000
4,88426,9087,0.0,14183,422,88004
8,88434,9087,0.0,14184,422,88012
8,88442,9088,1.0,14185,422,88020
6,88448,9089,1.0,14186,422,88026
2,88450,9089,0.0,14187,422,88028
9,88459,9090,1.0,14188,422,88037
3,88462,9090,0.0,14189,422,88040
2,88464,9090,0.0,14190,422,88042
7,88471,9091,1.0,14191,422,88049
6,88477,9092,1.0,14192,422,88055
7,88484,9093,1.0,14193,422,88062
2,88486,9093,0.0,14194,422,88064
6,88492,9094,1.0,14195,422,88070
4,88496,9094,0.0,14196,422,88074
3,88499,9094,0.0,14197,422,88077
3,88502,9094,0.0,14198,422,88080
7,88509,9095,1.0,14199,422,88087
6,88515,9096,1.0,14200,422,88093
6,88521,9097,1.0,14201,422,88099
5,88526,9097,0.0,14202,422,88104
6,88532,9098,1.0,14203,422,88110
2,88534,9098,0.0,14204,422,88112
8,88542,9099,1.0,14205,422,88120
6,88548,9100,1.0,14206,422,88126
6,88554,9101,1.0,14207,422,88132
2,88556,9101,0.0,14208,422,88134
2,88558,9101,0.0,14209,422,88136
4,88562,9101,0.0,14210,422,88140
9,88571,9102,1.0,14211,422,88149
6,88577,9103,1.0,14212,422,88155
6,88583,9104,1.0,14213,422,88161
7,88590,9105,1.0,14214,422,88168
7,88597,9106,1.0,14215,422,88175
6,88603,9107,1.0,14216,422,88181
4,88607,9107,0.0,14217,422,88185
6,88613,9108,1.0,14218,422,88191
8,88621,9109,1.0,14219,422,88199
6,88627,9110,1.0,14220,422,88205
6,88633,9111,1.0,14221,422,88211
6,88639,9112,1.0,14222,422,88217
6,88645,9113,1.0,14223,422,88223
8,88653,9114,1.0,14224,422,88231
6,88659,9115,1.0,14225,422,88237
9,88668,9116,1.0,14226,422,88246
13,88681,9117,1.0,14227,422,88259
12,88693,9118,1.0,14228,422,88271
11,88704,9119,1.0,14229,422,88282
4,88708,9119,0.0,14230,422,88286
8,88716,9120,1.0,14231,422,88294
11,88727,9121,1.0,14232,422,88305
8,88735,9122,1.0,14233,422,88313
6,88741,9123,1.0,14234,422,88319
4,88745,9123,0.0,14235,422,88323
10,88755,9124,1.0,14236,422,88333
7,88762,9125,1.0,14237,422,88340
3,88765,9125,0.0,14238,422,88343
9,88774,9126,1.0,14239,422,88352
8,88782,9127,1.0,14240,422,88360
8,88790,9128,1.0,14241,422,88368
6,88796,9129,1.0,14242,422,88374
7,88803,9130,1.0,14243,422,88381
9,88812,9131,1.0,14244,422,88390
7,88819,9132,1.0,14245,422,88397
3,88822,9132,0.0,14246,422,88400
6,88828,9133,1.0,14247,422,88406
8,88836,9134,1.0,14248,422,88414
6,88842,9134,0.0,14249,422,88420
7,88849,9135,1.0,14250,422,88427
11,88860,9136,1.0,14251,422,88438
4,88864,9136,0.0,14252,422,88442
7,88871,9137,1.0,14253,422,88449
5,88876,9137,0.0,14254,422,88454
6,88882,9138,1.0,14255,422,88460
6,88888,9139,1.0,14256,422,88466
3,88891,9139,0.0,14257,422,88469
11,88902,9140,1.0,14258,422,88480
5,88907,9140,0.0,14259,422,88485
6,88913,9141,1.0,14260,422,88491
6,88919,9142,1.0,14261,422,88497
4,88923,9142,0.0,14262,422,88501
2,88925,9142,0.0,14263,422,88503
4,88929,9142,0.0,14264,422,88507
10,88939,9143,1.0,14265,422,88517
14,88953,9144,1.0,14266,422,88531
6,88959,9145,1.0,14267,422,88537
11,88970,9146,1.0,14268,422,88548
2,88972,9146,0.0,14269,422,88550
6,88978,9147,1.0,14270,422,88556
6,88984,9148,1.0,14271,422,88562
10,88994,9149,1.0,14272,422,88572
7,89001,9150,1.0,14273,422,88579
6,89007,9151,1.0,14274,422,88585
7,89014,9152,1.0,14275,422,88592
6,89020,9153,1.0,14276,422,88598
8,89028,9154,1.0,14277,422,88606
9,89037,9155,1.0,14278,422,88615
8,89045,9155,0.0,14279,422,88623
6,89051,9156,1.0,14280,422,88629
8,89059,9156,0.0,14281,422,88637
12,89071,9157,1.0,14282,422,88649
4,89075,9157,0.0,14283,422,88653
6,89081,9158,1.0,14284,422,88659
11,89092,9159,1.0,14285,422,88670
6,89098,9160,1.0,14286,422,88676
6,89104,9160,0.0,14287,422,88682
6,89110,9161,1.0,14288,422,88688
7,89117,9162,1.0,14289,422,88695
7,89124,9163,1.0,14290,422,88702
6,89130,9164,1.0,14291,422,88708
4,89134,9164,0.0,14292,422,88712
9,89143,9165,1.0,14293,422,88721
6,89149,9166,1.0,14294,422,88727
6,89155,9167,1.0,14295,422,88733
12,89167,9168,1.0,14296,422,88745
13,89180,9169,1.0,14297,422,88758
6,89186,9170,1.0,14298,422,88764
10,89196,9171,1.0,14299,422,88774
6,89202,9171,0.0,14300,422,88780
7,89209,9172,1.0,14301,422,88787
2,89211,9172,0.0,14302,422,88789
7,89218,9172,0.0,14303,422,88796
6,89224,9173,1.0,14304,422,88802
6,89230,9174,1.0,14305,422,88808
6,89236,9175,1.0,14306,422,88814
6,89242,9176,1.0,14307,422,88820
8,89250,9177,1.0,14308,422,88828
6,89256,9178,1.0,14309,422,88834
9,89265,9179,1.0,14310,422,88843
6,89271,9179,0.0,14311,422,88849
6,89277,9180,1.0,14312,422,88855
7,89284,9181,1.0,14313,422,88862
6,89290,9182,1.0,14314,422,88868
7,89297,9182,0.0,14315,422,88875
2,89299,9182,0.0,14316,422,88877
6,89305,9183,1.0,14317,422,88883
7,89312,9184,1.0,14318,422,88890
6,89318,9185,1.0,14319,422,88896
7,89325,9186,1.0,14320,422,88903
8,89333,9187,1.0,14321,422,88911
6,89339,9188,1.0,14322,422,88917
6,89345,9189,1.0,14323,422,88923
7,89352,9190,1.0,14324,422,88930
9,89361,9191,1.0,14325,422,88939
8,89369,9192,1.0,14326,422,88947
6,89375,9193,1.0,14327,422,88953
7,89382,9194,1.0,14328,422,88960
6,89388,9195,1.0,14329,422,88966
10,89398,9196,1.0,14330,422,88976
4,89402,9196,0.0,14331,422,88980
7,89409,9197,1.0,14332,422,88987
7,89416,9198,1.0,14333,422,88994
3,89419,9198,0.0,14334,422,88997
8,89427,9199,1.0,14335,422,89005
6,89433,9200,1.0,14336,422,89011
6,89439,9201,1.0,14337,422,89017
7,89446,9202,1.0,14338,422,89024
4,89450,9202,0.0,14339,422,89028
6,89456,9202,0.0,14340,422,89034
9,89465,9203,1.0,14341,422,89043
6,89471,9204,1.0,14342,422,89049
6,89477,9205,1.0,14343,422,89055
6,89483,9206,1.0,14344,422,89061
8,89491,9207,1.0,14345,422,89069
9,89500,9208,1.0,14346,422,89078
4,89504,9208,0.0,14347,422,89082
6,89510,9209,1.0,14348,422,89088
6,89516,9210,1.0,14349,422,89094
6,89522,9211,1.0,14350,422,89100
6,89528,9212,1.0,14351,422,89106
8,89536,9213,1.0,14352,422,89114
8,89544,9214,1.0,14353,422,89122
6,89550,9214,0.0,14354,422,89128
6,89556,9215,1.0,14355,422,89134
9,89565,9216,1.0,14356,422,89143
8,89573,9217,1.0,14357,422,89151
7,89580,9218,1.0,14358,422,89158
6,89586,9219,1.0,14359,422,89164
9,89595,9220,1.0,14360,422,89173
6,89601,9221,1.0,14361,422,89179
8,89609,9222,1.0,14362,422,89187
6,89615,9223,1.0,14363,422,89193
3,89618,9223,0.0,14364,422,89196
11,89629,9224,1.0,14365,422,89207
10,89639,9225,1.0,14366,422,89217
6,89645,9226,1.0,14367,422,89223
10,89655,9226,0.0,14368,422,89233
7,89662,9226,0.0,14369,422,89240
6,89668,9227,1.0,14370,422,89246
6,89674,9228,1.0,14371,422,89252
10,89684,9229,1.0,14372,422,89262
7,89691,9230,1.0,14373,422,89269
9,89700,9231,1.0,14374,422,89278
7,89707,9232,1.0,14375,422,89285
7,89714,9233,1.0,14376,422,89292
6,89720,9234,1.0,14377,422,89298
6,89726,9235,1.0,14378,422,89304
8,89734,9236,1.0,14379,422,89312
2,89736,9236,0.0,14380,422,89314
8,89744,9237,1.0,14381,422,89322
7,89751,9238,1.0,14382,422,89329
6,89757,9239,1.0,14383,422,89335
11,89768,9240,1.0,14384,422,89346
6,89774,9241,1.0,14385,422,89352
7,89781,9242,1.0,14386,422,89359
6,89787,9243,1.0,14387,422,89365
8,89795,9244,1.0,14388,422,89373
8,89803,9245,1.0,14389,422,89381
6,89809,9246,1.0,14390,422,89387
3,89812,9246,0.0,14391,422,89390
12,89824,9247,1.0,14392,422,89402
3,89827,9247,0.0,14393,422,89405
6,89833,9248,1.0,14394,422,89411
6,89839,9249,1.0,14395,422,89417
10,89849,9250,1.0,14396,422,89427
8,89857,9251,1.0,14397,422,89435
10,89867,9252,1.0,14398,422,89445
8,89875,9253,1.0,14399,422,89453
7,89882,9254,1.0,14400,422,89460
4,89886,9254,0.0,14401,422,89464
2,89888,9254,0.0,14402,422,89466
9,89897,9255,1.0,14403,422,89475
9,89906,9256,1.0,14404,422,89484
4,89910,9256,0.0,14405,422,89488
6,89916,9257,1.0,14406,422,89494
7,89923,9258,1.0,14407,422,89501
11,89934,9259,1.0,14408,422,89512
3,89937,9259,0.0,14409,422,89515
4,89941,9259,0.0,14410,422,89519
6,89947,9260,1.0,14411,422,89525
8,89955,9261,1.0,14412,422,89533
8,89963,9262,1.0,14413,422,89541
6,89969,9263,1.0,14414,422,89547
10,89979,9264,1.0,14415,422,89557
6,89985,9265,1.0,14416,422,89563
5,89990,9265,0.0,14417,422,89568
8,89998,9266,1.0,14418,422,89576
8,90006,9267,1.0,14419,422,89584
11,90017,9268,1.0,14420,422,89595
6,90023,9268,0.0,14421,422,89601
9,90032,9269,1.0,14422,422,89610
2,90034,9269,0.0,14423,422,89612
8,90042,9270,1.0,14424,422,89620
9,90051,9271,1.0,14425,422,89629
10,90061,9272,1.0,14426,422,89639
6,90067,9273,1.0,14427,422,89645
7,90074,9273,0.0,14428,422,89652
8,90082,9274,1.0,14429,422,89660
2,90084,9274,0.0,14430,422,89662
8,90092,9275,1.0,14431,422,89670
4,90096,9275,0.0,14432,422,89674
6,90102,9276,1.0,14433,422,89680
2,90104,9276,0.0,14434,422,89682
5,90109,9276,0.0,14435,422,89687
3,90112,9276,0.0,14436,422,89690
6,90118,9277,1.0,14437,422,89696
7,90125,9278,1.0,14438,422,89703
13,90138,9278,0.0,14439,422,89716
5,90143,9278,0.0,14440,422,89721
7,90150,9279,1.0,14441,422,89728
7,90157,9280,1.0,14442,422,89735
6,90163,9281,1.0,14443,422,89741
2,90165,9281,0.0,14444,422,89743
6,90171,9282,1.0,14445,422,89749
6,90177,9283,1.0,14446,422,89755
8,90185,9284,1.0,14447,422,89763
4,90189,9284,0.0,14448,422,89767
6,90195,9285,1.0,14449,422,89773
6,90201,9286,1.0,14450,422,89779
6,90207,9287,1.0,14451,422,89785
6,90213,9288,1.0,14452,422,89791
7,90220,9288,0.0,14453,422,89798
9,90229,9289,1.0,14454,422,89807
4,90233,9289,0.0,14455,422,89811
8,90241,9290,1.0,14456,422,89819
7,90248,9291,1.0,14457,422,89826
6,90254,9292,1.0,14458,422,89832
8,90262,9292,0.0,14459,422,89840
11,90273,9293,1.0,14460,422,89851
8,90281,9294,1.0,14461,422,89859
6,90287,9295,1.0,14462,422,89865
7,90294,9296,1.0,14463,422,89872
2,90296,9296,0.0,14464,422,89874
8,90304,9297,1.0,14465,422,89882
6,90310,9298,1.0,14466,422,89888
10,90320,9299,1.0,14467,422,89898
8,90328,9300,1.0,14468,422,89906
4,90332,9300,0.0,14469,422,89910
10,90342,9301,1.0,14470,422,89920
6,90348,9302,1.0,14471,422,89926
6,90354,9303,1.0,14472,422,89932
8,90362,9304,1.0,14473,422,89940
6,90368,9305,1.0,14474,422,89946
8,90376,9306,1.0,14475,422,89954
6,90382,9307,1.0,14476,422,89960
7,90389,9308,1.0,14477,422,89967
7,90396,9309,1.0,14478,422,89974
6,90402,9310,1.0,14479,422,89980
6,90408,9310,0.0,14480,422,89986
2,90410,9310,0.0,14481,422,89988
6,90416,9311,1.0,14482,422,89994
7,90423,9312,1.0,14483,422,90001
3,90426,9312,0.0,14484,422,90004
7,90433,9313,1.0,14485,422,90011
4,90437,9313,0.0,14486,422,90015
6,90443,9314,1.0,14487,422,90021
4,90447,9314,0.0,14488,422,90025
6,90453,9315,1.0,14489,422,90031
6,90459,9316,1.0,14490,422,90037
6,90465,9317,1.0,14491,422,90043
8,90473,9318,1.0,14492,422,90051
2,90475,9318,0.0,14493,422,90053
6,90481,9319,1.0,14494,422,90059
8,90489,9320,1.0,14495,422,90067
7,90496,9321,1.0,14496,422,90074
7,90503,9322,1.0,14497,422,90081
5,90508,9322,0.0,14498,422,90086
7,90515,9323,1.0,14499,422,90093
7,90522,9323,0.0,14500,422,90100
6,90528,9324,1.0,14501,422,90106
3,90531,9324,0.0,14502,422,90109
9,90540,9325,1.0,14503,422,90118
6,90546,9326,1.0,14504,422,90124
10,90556,9327,1.0,14505,422,90134
6,90562,9328,1.0,14506,422,90140
6,90568,9329,1.0,14507,422,90146
8,90576,9330,1.0,14508,422,90154
7,90583,9330,0.0,14509,422,90161
9,90592,9331,1.0,14510,422,90170
6,90598,9332,1.0,14511,422,90176
4,90602,9332,0.0,14512,422,90180
6,90608,9333,1.0,14513,422,90186
6,90614,9334,1.0,14514,422,90192
7,90621,9335,1.0,14515,422,90199
6,90627,9336,1.0,14516,422,90205
2,90629,9336,0.0,14517,422,90207
6,90635,9337,1.0,14518,422,90213
4,90639,9337,0.0,14519,422,90217
6,90645,9338,1.0,14520,422,90223
6,90651,9339,1.0,14521,422,90229
6,90657,9340,1.0,14522,422,90235
8,90665,9341,1.0,14523,422,90243
11,90676,9342,1.0,14524,422,90254
3,90679,9342,0.0,14525,422,90257
6,90685,9343,1.0,14526,422,90263
6,90691,9344,1.0,14527,422,90269
9,90700,9345,1.0,14528,422,90278
4,90704,9345,0.0,14529,422,90282
8,90712,9346,1.0,14530,422,90290
9,90721,9347,1.0,14531,422,90299
7,90728,9347,0.0,14532,422,90306
7,90735,9347,0.0,14533,422,90313
6,90741,9348,1.0,14534,422,90319
6,90747,9349,1.0,14535,422,90325
6,90753,9350,1.0,14536,422,90331
7,90760,9351,1.0,14537,422,90338
6,90766,9352,1.0,14538,422,90344
6,90772,9353,1.0,14539,422,90350
4,90776,9353,0.0,14540,422,90354
8,90784,9353,0.0,14541,422,90362
8,90792,9354,1.0,14542,422,90370
6,90798,9354,0.0,14543,422,90376
2,90800,9354,0.0,14544,422,90378
6,90806,9355,1.0,14545,422,90384
8,90814,9356,1.0,14546,422,90392
7,90821,9357,1.0,14547,422,90399
6,90827,9358,1.0,14548,422,90405
8,90835,9359,1.0,14549,422,90413
8,90843,9360,1.0,14550,422,90421
4,90847,9360,0.0,14551,422,90425
10,90857,9361,1.0,14552,422,90435
12,90869,9362,1.0,14553,422,90447
7,90876,9363,1.0,14554,422,90454
6,90882,9364,1.0,14555,422,90460
7,90889,9365,1.0,14556,422,90467
8,90897,9366,1.0,14557,422,90475
2,90899,9366,0.0,14558,422,90477
9,90908,9367,1.0,14559,422,90486
3,90911,9367,0.0,14560,422,90489
6,90917,9368,1.0,14561,422,90495
9,90926,9369,1.0,14562,422,90504
8,90934,9370,1.0,14563,422,90512
6,90940,9371,1.0,14564,422,90518
8,90948,9372,1.0,14565,422,90526
2,90950,9372,0.0,14566,422,90528
6,90956,9373,1.0,14567,422,90534
6,90962,9374,1.0,14568,422,90540
9,90971,9375,1.0,14569,422,90549
6,90977,9376,1.0,14570,422,90555
6,90983,9377,1.0,14571,422,90561
6,90989,9378,1.0,14572,422,90567
3,90992,9378,0.0,14573,422,90570
6,90998,9379,1.0,14574,422,90576
4,91002,9379,0.0,14575,422,90580
6,91008,9380,1.0,14576,422,90586
6,91014,9380,0.0,14577,422,90592
6,91020,9381,1.0,14578,422,90598
10,91030,9382,1.0,14579,422,90608
5,91035,9382,0.0,14580,422,90613
8,91043,9383,1.0,14581,422,90621
7,91050,9384,1.0,14582,422,90628
6,91056,9385,1.0,14583,422,90634
6,91062,9386,1.0,14584,422,90640
7,91069,9387,1.0,14585,422,90647
7,91076,9388,1.0,14586,422,90654
6,91082,9388,0.0,14587,422,90660
8,91090,9389,1.0,14588,422,90668
6,91096,9390,1.0,14589,422,90674
2,91098,9390,0.0,14590,422,90676
4,91102,9390,0.0,14591,422,90680
2,91104,9390,0.0,14592,422,90682
11,91115,9391,1.0,14593,422,90693
6,91121,9392,1.0,14594,422,90699
6,91127,9393,1.0,14595,422,90705
7,91134,9394,1.0,14596,422,90712
6,91140,9395,1.0,14597,422,90718
7,91147,9396,1.0,14598,422,90725
7,91154,9396,0.0,14599,422,90732
6,91160,9397,1.0,14600,422,90738
6,91166,9398,1.0,14601,422,90744
6,91172,9399,1.0,14602,422,90750
2,91174,9399,0.0,14603,422,90752
3,91177,9399,0.0,14604,422,90755
7,91184,9400,1.0,14605,422,90762
2,91186,9400,0.0,14606,422,90764
3,91189,9400,0.0,14607,422,90767
13,91202,9401,1.0,14608,422,90780
6,91208,9402,1.0,14609,422,90786
6,91214,9403,1.0,14610,422,90792
4,91218,9403,0.0,14611,422,90796
8,91226,9404,1.0,14612,422,90804
7,91233,9405,1.0,14613,422,90811
4,91237,9405,0.0,14614,422,90815
6,91243,9406,1.0,14615,422,90821
4,91247,9406,0.0,14616,422,90825
7,91254,9407,1.0,14617,422,90832
7,91261,9408,1.0,14618,422,90839
6,91267,9409,1.0,14619,422,90845
6,91273,9410,1.0,14620,422,90851
4,91277,9410,0.0,14621,422,90855
7,91284,9411,1.0,14622,422,90862
6,91290,9411,0.0,14623,422,90868
8,91298,9412,1.0,14624,422,90876
4,91302,9412,0.0,14625,422,90880
6,91308,9413,1.0,14626,422,90886
6,91314,9414,1.0,14627,422,90892
2,91316,9414,0.0,14628,422,90894
6,91322,9415,1.0,14629,422,90900
8,91330,9416,1.0,14630,422,90908
8,91338,9417,1.0,14631,422,90916
6,91344,9418,1.0,14632,422,90922
9,91353,9419,1.0,14633,422,90931
6,91359,9420,1.0,14634,422,90937
6,91365,9421,1.0,14635,422,90943
6,91371,9422,1.0,14636,422,90949
6,91377,9423,1.0,14637,422,90955
2,91379,9423,0.0,14638,422,90957
8,91387,9424,1.0,14639,422,90965
6,91393,9425,1.0,14640,422,90971
6,91399,9426,1.0,14641,422,90977
6,91405,9427,1.0,14642,422,90983
9,91414,9428,1.0,14643,422,90992
6,91420,9429,1.0,14644,422,90998
2,91422,9429,0.0,14645,422,91000
4,91426,9429,0.0,14646,422,91004
9,91435,9430,1.0,14647,422,91013
6,91441,9431,1.0,14648,422,91019
7,91448,9431,0.0,14649,422,91026
6,91454,9432,1.0,14650,422,91032
6,91460,9433,1.0,14651,422,91038
6,91466,9434,1.0,14652,422,91044
6,91472,9434,0.0,14653,422,91050
2,91474,9434,0.0,14654,422,91052
11,91485,9435,1.0,14655,422,91063
6,91491,9436,1.0,14656,422,91069
4,91495,9436,0.0,14657,422,91073
6,91501,9437,1.0,14658,422,91079
10,91511,9438,1.0,14659,422,91089
8,91519,9439,1.0,14660,422,91097
9,91528,9440,1.0,14661,422,91106
11,91539,9441,1.0,14662,422,91117
2,91541,9441,0.0,14663,422,91119
6,91547,9442,1.0,14664,422,91125
2,91549,9442,0.0,14665,422,91127
7,91556,9443,1.0,14666,422,91134
9,91565,9444,1.0,14667,422,91143
3,91568,9444,0.0,14668,422,91146
8,91576,9445,1.0,14669,422,91154
8,91584,9446,1.0,14670,422,91162
8,91592,9447,1.0,14671,422,91170
5,91597,9447,0.0,14672,422,91175
4,91601,9447,0.0,14673,422,91179
4,91605,9447,0.0,14674,422,91183
4,91609,9447,0.0,14675,422,91187
6,91615,9448,1.0,14676,422,91193
8,91623,9449,1.0,14677,422,91201
8,91631,9450,1.0,14678,422,91209
6,91637,9451,1.0,14679,422,91215
10,91647,9452,1.0,14680,422,91225
6,91653,9453,1.0,14681,422,91231
6,91659,9454,1.0,14682,422,91237
6,91665,9455,1.0,14683,422,91243
6,91671,9456,1.0,14684,422,91249
8,91679,9457,1.0,14685,422,91257
7,91686,9457,0.0,14686,422,91264
7,91693,9458,1.0,14687,422,91271
6,91699,9459,1.0,14688,422,91277
6,91705,9460,1.0,14689,422,91283
2,91707,9460,0.0,14690,422,91285
6,91713,9460,0.0,14691,422,91291
12,91725,9461,1.0,14692,422,91303
2,91727,9461,0.0,14693,422,91305
9,91736,9462,1.0,14694,422,91314
3,91739,9462,0.0,14695,422,91317
9,91748,9463,1.0,14696,422,91326
6,91754,9464,1.0,14697,422,91332
7,91761,9465,1.0,14698,422,91339
6,91767,9466,1.0,14699,422,91345
9,91776,9467,1.0,14700,422,91354
6,91782,9468,1.0,14701,422,91360
3,91785,9468,0.0,14702,422,91363
11,91796,9469,1.0,14703,422,91374
10,91806,9469,0.0,14704,422,91384
9,91815,9470,1.0,14705,422,91393
6,91821,9470,0.0,14706,422,91399
7,91828,9471,1.0,14707,422,91406
6,91834,9472,1.0,14708,422,91412
9,91843,9473,1.0,14709,422,91421
2,91845,9473,0.0,14710,422,91423
8,91853,9474,1.0,14711,422,91431
3,91856,9474,0.0,14712,422,91434
9,91865,9475,1.0,14713,422,91443
7,91872,9475,0.0,14714,422,91450
11,91883,9476,1.0,14715,422,91461
8,91891,9477,1.0,14716,422,91469
6,91897,9478,1.0,14717,422,91475
6,91903,9479,1.0,14718,422,91481
9,91912,9480,1.0,14719,422,91490
6,91918,9481,1.0,14720,422,91496
8,91926,9482,1.0,14721,422,91504
4,91930,9482,0.0,14722,422,91508
7,91937,9482,0.0,14723,422,91515
4,91941,9482,0.0,14724,422,91519
6,91947,9483,1.0,14725,422,91525
6,91953,9484,1.0,14726,422,91531
8,91961,9485,1.0,14727,422,91539
6,91967,9486,1.0,14728,422,91545
8,91975,9487,1.0,14729,422,91553
2,91977,9487,0.0,14730,422,91555
10,91987,9488,1.0,14731,422,91565
7,91994,9489,1.0,14732,422,91572
5,91999,9489,0.0,14733,422,91577
7,92006,9490,1.0,14734,422,91584
9,92015,9491,1.0,14735,422,91593
6,92021,9492,1.0,14736,422,91599
4,92025,9492,0.0,14737,422,91603
6,92031,9493,1.0,14738,422,91609
6,92037,9494,1.0,14739,422,91615
7,92044,9495,1.0,14740,422,91622
8,92052,9496,1.0,14741,422,91630
6,92058,9497,1.0,14742,422,91636
6,92064,9498,1.0,14743,422,91642
4,92068,9498,0.0,14744,422,91646
11,92079,9499,1.0,14745,422,91657
7,92086,9500,1.0,14746,422,91664
6,92092,9501,1.0,14747,422,91670
4,92096,9501,0.0,14748,422,91674
4,92100,9501,0.0,14749,422,91678
6,92106,9502,1.0,14750,422,91684
3,92109,9502,0.0,14751,422,91687
6,92115,9503,1.0,14752,422,91693
13,92128,9504,1.0,14753,422,91706
3,92131,9504,0.0,14754,422,91709
6,92137,9504,0.0,14755,422,91715
6,92143,9505,1.0,14756,422,91721
6,92149,9506,1.0,14757,422,91727
6,92155,9507,1.0,14758,422,91733
7,92162,9508,1.0,14759,422,91740
5,92167,9508,0.0,14760,422,91745
7,92174,9509,1.0,14761,422,91752
6,92180,9510,1.0,14762,422,91758
6,92186,9511,1.0,14763,422,91764
7,92193,9512,1.0,14764,422,91771
7,92200,9513,1.0,14765,422,91778
2,92202,9513,0.0,14766,422,91780
9,92211,9514,1.0,14767,422,91789
6,92217,9515,1.0,14768,422,91795
7,92224,9516,1.0,14769,422,91802
6,92230,9517,1.0,14770,422,91808
6,92236,9518,1.0,14771,422,91814
6,92242,9519,1.0,14772,422,91820
9,92251,9520,1.0,14773,422,91829
11,92262,9521,1.0,14774,422,91840
6,92268,9522,1.0,14775,422,91846
7,92275,9522,0.0,14776,422,91853
3,92278,9522,0.0,14777,422,91856
7,92285,9523,1.0,14778,422,91863
7,92292,9524,1.0,14779,422,91870
6,92298,9525,1.0,14780,422,91876
7,92305,9526,1.0,14781,422,91883
8,92313,9527,1.0,14782,422,91891
6,92319,9527,0.0,14783,422,91897
6,92325,9528,1.0,14784,422,91903
6,92331,9529,1.0,14785,422,91909
6,92337,9530,1.0,14786,422,91915
2,92339,9530,0.0,14787,422,91917
7,92346,9531,1.0,14788,422,91924
6,92352,9532,1.0,14789,422,91930
11,92363,9533,1.0,14790,422,91941
2,92365,9533,0.0,14791,422,91943
10,92375,9534,1.0,14792,422,91953
5,92380,9534,0.0,14793,422,91958
8,92388,9535,1.0,14794,422,91966
7,92395,9536,1.0,14795,422,91973
11,92406,9537,1.0,14796,422,91984
8,92414,9538,1.0,14797,422,91992
6,92420,9539,1.0,14798,422,91998
3,92423,9539,0.0,14799,422,92001
3,92426,9539,0.0,14800,422,92004
6,92432,9540,1.0,14801,422,92010
6,92438,9541,1.0,14802,422,92016
2,92440,9541,0.0,14803,422,92018
8,92448,9542,1.0,14804,422,92026
8,92456,9543,1.0,14805,422,92034
4,92460,9543,0.0,14806,422,92038
9,92469,9544,1.0,14807,422,92047
6,92475,9545,1.0,14808,422,92053
4,92479,9545,0.0,14809,422,92057
6,92485,9546,1.0,14810,422,92063
2,92487,9546,0.0,14811,422,92065
3,92490,9546,0.0,14812,422,92068
2,92492,9546,0.0,14813,422,92070
6,92498,9547,1.0,14814,422,92076
7,92505,9548,1.0,14815,422,92083
7,92512,9549,1.0,14816,422,92090
7,92519,9550,1.0,14817,422,92097
7,92526,9551,1.0,14818,422,92104
9,92535,9552,1.0,14819,422,92113
4,92539,9552,0.0,14820,422,92117
6,92545,9553,1.0,14821,422,92123
5,92550,9553,0.0,14822,422,92128
6,92556,9554,1.0,14823,422,92134
6,92562,9555,1.0,14824,422,92140
2,92564,9555,0.0,14825,422,92142
6,92570,9556,1.0,14826,422,92148
6,92576,9557,1.0,14827,422,92154
4,92580,9557,0.0,14828,422,92158
2,92582,9557,0.0,14829,422,92160
2,92584,9557,0.0,14830,422,92162
7,92591,9558,1.0,14831,422,92169
6,92597,9559,1.0,14832,422,92175
6,92603,9559,0.0,14833,422,92181
6,92609,9560,1.0,14834,422,92187
5,92614,9560,0.0,14835,422,92192
7,92621,9561,1.0,14836,422,92199
4,92625,9561,0.0,14837,422,92203
6,92631,9562,1.0,14838,422,92209
6,92637,9563,1.0,14839,422,92215
6,92643,9564,1.0,14840,422,92221
2,92645,9564,0.0,14841,422,92223
6,92651,9565,1.0,14842,422,92229
2,92653,9565,0.0,14843,422,92231
6,92659,9566,1.0,14844,422,92237
6,92665,9567,1.0,14845,422,92243
6,92671,9568,1.0,14846,422,92249
2,92673,9568,0.0,14847,422,92251
6,92679,9569,1.0,14848,422,92257
6,92685,9570,1.0,14849,422,92263
6,92691,9571,1.0,14850,422,92269
6,92697,9572,1.0,14851,422,92275
6,92703,9573,1.0,14852,422,92281
6,92709,9574,1.0,14853,422,92287
8,92717,9575,1.0,14854,422,92295
3,92720,9575,0.0,14855,422,92298
7,92727,9575,0.0,14856,422,92305
8,92735,9576,1.0,14857,422,92313
7,92742,9577,1.0,14858,422,92320
8,92750,9578,1.0,14859,422,92328
3,92753,9578,0.0,14860,422,92331
11,92764,9578,0.0,14861,422,92342
2,92766,9578,0.0,14862,422,92344
6,92772,9579,1.0,14863,422,92350
8,92780,9580,1.0,14864,422,92358
6,92786,9581,1.0,14865,422,92364
6,92792,9582,1.0,14866,422,92370
4,92796,9582,0.0,14867,422,92374
8,92804,9583,1.0,14868,422,92382
7,92811,9583,0.0,14869,422,92389
10,92821,9584,1.0,14870,422,92399
3,92824,9584,0.0,14871,422,92402
6,92830,9585,1.0,14872,422,92408
3,92833,9585,0.0,14873,422,92411
6,92839,9586,1.0,14874,422,92417
7,92846,9587,1.0,14875,422,92424
8,92854,9588,1.0,14876,422,92432
7,92861,9589,1.0,14877,422,92439
12,92873,9590,1.0,14878,422,92451
8,92881,9591,1.0,14879,422,92459
3,92884,9591,0.0,14880,422,92462
4,92888,9591,0.0,14881,422,92466
6,92894,9592,1.0,14882,422,92472
7,92901,9593,1.0,14883,422,92479
2,92903,9593,0.0,14884,422,92481
2,92905,9593,0.0,14885,422,92483
4,92909,9593,0.0,14886,422,92487
6,92915,9594,1.0,14887,422,92493
9,92924,9595,1.0,14888,422,92502
2,92926,9595,0.0,14889,422,92504
2,92928,9595,0.0,14890,422,92506
6,92934,9596,1.0,14891,422,92512
9,92943,9597,1.0,14892,422,92521
2,92945,9597,0.0,14893,422,92523
6,92951,9598,1.0,14894,422,92529
4,92955,9598,0.0,14895,422,92533
5,92960,9598,0.0,14896,422,92538
6,92966,9599,1.0,14897,422,92544
7,92973,9600,1.0,14898,422,92551
6,92979,9601,1.0,14899,422,92557
6,92985,9602,1.0,14900,422,92563
6,92991,9603,1.0,14901,422,92569
9,93000,9604,1.0,14902,422,92578
3,93003,9604,0.0,14903,422,92581
2,93005,9604,0.0,14904,422,92583
2,93007,9604,0.0,14905,422,92585
6,93013,9605,1.0,14906,422,92591
6,93019,9606,1.0,14907,422,92597
2,93021,9606,0.0,14908,422,92599
6,93027,9607,1.0,14909,422,92605
7,93034,9608,1.0,14910,422,92612
6,93040,9609,1.0,14911,422,92618
6,93046,9610,1.0,14912,422,92624
6,93052,9611,1.0,14913,422,92630
6,93058,9612,1.0,14914,422,92636
9,93067,9613,1.0,14915,422,92645
8,93075,9614,1.0,14916,422,92653
6,93081,9615,1.0,14917,422,92659
9,93090,9616,1.0,14918,422,92668
7,93097,9617,1.0,14919,422,92675
8,93105,9618,1.0,14920,422,92683
8,93113,9619,1.0,14921,422,92691
2,93115,9619,0.0,14922,422,92693
7,93122,9620,1.0,14923,422,92700
5,93127,9620,0.0,14924,422,92705
2,93129,9620,0.0,14925,422,92707
6,93135,9621,1.0,14926,422,92713
8,93143,9622,1.0,14927,422,92721
7,93150,9623,1.0,14928,422,92728
8,93158,9624,1.0,14929,422,92736
7,93165,9625,1.0,14930,422,92743
2,93167,9625,0.0,14931,422,92745
6,93173,9626,1.0,14932,422,92751
7,93180,9627,1.0,14933,422,92758
8,93188,9628,1.0,14934,422,92766
5,93193,9628,0.0,14935,422,92771
8,93201,9629,1.0,14936,422,92779
2,93203,9629,0.0,14937,422,92781
11,93214,9630,1.0,14938,422,92792
6,93220,9631,1.0,14939,422,92798
4,93224,9631,0.0,14940,422,92802
4,93228,9631,0.0,14941,422,92806
9,93237,9632,1.0,14942,422,92815
6,93243,9633,1.0,14943,422,92821
8,93251,9634,1.0,14944,422,92829
8,93259,9635,1.0,14945,422,92837
4,93263,9635,0.0,14946,422,92841
7,93270,9636,1.0,14947,422,92848
4,93274,9636,0.0,14948,422,92852
3,93277,9636,0.0,14949,422,92855
7,93284,9637,1.0,14950,422,92862
6,93290,9638,1.0,14951,422,92868
7,93297,9639,1.0,14952,422,92875
6,93303,9640,1.0,14953,422,92881
6,93309,9641,1.0,14954,422,92887
9,93318,9642,1.0,14955,422,92896
7,93325,9643,1.0,14956,422,92903
3,93328,9643,0.0,14957,422,92906
6,93334,9644,1.0,14958,422,92912
9,93343,9645,1.0,14959,422,92921
6,93349,9646,1.0,14960,422,92927
6,93355,9647,1.0,14961,422,92933
7,93362,9647,0.0,14962,422,92940
2,93364,9647,0.0,14963,422,92942
6,93370,9648,1.0,14964,422,92948
9,93379,9649,1.0,14965,422,92957
6,93385,9650,1.0,14966,422,92963
7,93392,9651,1.0,14967,422,92970
8,93400,9652,1.0,14968,422,92978
6,93406,9653,1.0,14969,422,92984
8,93414,9654,1.0,14970,422,92992
2,93416,9654,0.0,14971,422,92994
6,93422,9655,1.0,14972,422,93000
7,93429,9656,1.0,14973,422,93007
6,93435,9657,1.0,14974,422,93013
5,93440,9657,0.0,14975,422,93018
6,93446,9658,1.0,14976,422,93024
6,93452,9659,1.0,14977,422,93030
10,93462,9660,1.0,14978,422,93040
6,93468,9661,1.0,14979,422,93046
6,93474,9662,1.0,14980,422,93052
6,93480,9663,1.0,14981,422,93058
4,93484,9663,0.0,14982,422,93062
6,93490,9664,1.0,14983,422,93068
6,93496,9665,1.0,14984,422,93074
8,93504,9666,1.0,14985,422,93082
3,93507,9666,0.0,14986,422,93085
6,93513,9667,1.0,14987,422,93091
6,93519,9668,1.0,14988,422,93097
6,93525,9669,1.0,14989,422,93103
7,93532,9670,1.0,14990,422,93110
6,93538,9670,0.0,14991,422,93116
3,93541,9670,0.0,14992,422,93119
6,93547,9671,1.0,14993,422,93125
4,93551,9671,0.0,14994,422,93129
6,93557,9672,1.0,14995,422,93135
6,93563,9672,0.0,14996,422,93141
12,93575,9673,1.0,14997,422,93153
8,93583,9674,1.0,14998,422,93161
3,93586,9674,0.0,14999,422,93164
6,93592,9674,0.0,15000,422,93170
13,93605,9675,1.0,15001,422,93183
6,93611,9676,1.0,15002,422,93189
2,93613,9676,0.0,15003,422,93191
6,93619,9677,1.0,15004,422,93197
5,93624,9677,0.0,15005,422,93202
6,93630,9678,1.0,15006,422,93208
6,93636,9679,1.0,15007,422,93214
6,93642,9679,0.0,15008,422,93220
5,93647,9679,0.0,15009,422,93225
8,93655,9680,1.0,15010,422,93233
6,93661,9681,1.0,15011,422,93239
14,93675,9682,1.0,15012,422,93253
6,93681,9683,1.0,15013,422,93259
7,93688,9684,1.0,15014,422,93266
2,93690,9684,0.0,15015,422,93268
11,93701,9685,1.0,15016,422,93279
6,93707,9686,1.0,15017,422,93285
8,93715,9687,1.0,15018,422,93293
3,93718,9687,0.0,15019,422,93296
4,93722,9687,0.0,15020,422,93300
8,93730,9688,1.0,15021,422,93308
5,93735,9688,0.0,15022,422,93313
6,93741,9689,1.0,15023,422,93319
3,93744,9689,0.0,15024,422,93322
6,93750,9690,1.0,15025,422,93328
8,93758,9691,1.0,15026,422,93336
8,93766,9692,1.0,15027,422,93344
4,93770,9692,0.0,15028,422,93348
7,93777,9693,1.0,15029,422,93355
6,93783,9694,1.0,15030,422,93361
3,93786,9694,0.0,15031,422,93364
6,93792,9695,1.0,15032,422,93370
4,93796,9695,0.0,15033,422,93374
6,93802,9696,1.0,15034,422,93380
6,93808,9697,1.0,15035,422,93386
7,93815,9698,1.0,15036,422,93393
3,93818,9698,0.0,15037,422,93396
8,93826,9699,1.0,15038,422,93404
8,93834,9700,1.0,15039,422,93412
6,93840,9701,1.0,15040,422,93418
6,93846,9702,1.0,15041,422,93424
4,93850,9702,0.0,15042,422,93428
6,93856,9703,1.0,15043,422,93434
10,93866,9704,1.0,15044,422,93444
9,93875,9705,1.0,15045,422,93453
6,93881,9706,1.0,15046,422,93459
6,93887,9707,1.0,15047,422,93465
4,93891,9707,0.0,15048,422,93469
6,93897,9708,1.0,15049,422,93475
6,93903,9709,1.0,15050,422,93481
7,93910,9710,1.0,15051,422,93488
13,93923,9711,1.0,15052,422,93501
2,93925,9711,0.0,15053,422,93503
6,93931,9712,1.0,15054,422,93509
8,93939,9713,1.0,15055,422,93517
6,93945,9714,1.0,15056,422,93523
6,93951,9715,1.0,15057,422,93529
4,93955,9715,0.0,15058,422,93533
4,93959,9715,0.0,15059,422,93537
6,93965,9716,1.0,15060,422,93543
9,93974,9717,1.0,15061,422,93552
7,93981,9718,1.0,15062,422,93559
4,93985,9718,0.0,15063,422,93563
2,93987,9718,0.0,15064,422,93565
6,93993,9719,1.0,15065,422,93571
7,94000,9720,1.0,15066,422,93578
6,94006,9721,1.0,15067,422,93584
6,94012,9722,1.0,15068,422,93590
8,94020,9723,1.0,15069,422,93598
7,94027,9724,1.0,15070,422,93605
5,94032,9724,0.0,15071,422,93610
8,94040,9725,1.0,15072,422,93618
4,94044,9725,0.0,15073,422,93622
6,94050,9726,1.0,15074,422,93628
12,94062,9727,1.0,15075,422,93640
6,94068,9728,1.0,15076,422,93646
6,94074,9728,0.0,15077,422,93652
6,94080,9729,1.0,15078,422,93658
7,94087,9730,1.0,15079,422,93665
7,94094,9730,0.0,15080,422,93672
8,94102,9731,1.0,15081,422,93680
3,94105,9731,0.0,15082,422,93683
7,94112,9732,1.0,15083,422,93690
6,94118,9733,1.0,15084,422,93696
6,94124,9734,1.0,15085,422,93702
6,94130,9735,1.0,15086,422,93708
6,94136,9736,1.0,15087,422,93714
7,94143,9737,1.0,15088,422,93721
7,94150,9738,1.0,15089,422,93728
6,94156,9739,1.0,15090,422,93734
8,94164,9740,1.0,15091,422,93742
8,94172,9741,1.0,15092,422,93750
6,94178,9742,1.0,15093,422,93756
7,94185,9743,1.0,15094,422,93763
6,94191,9744,1.0,15095,422,93769
2,94193,9744,0.0,15096,422,93771
6,94199,9745,1.0,15097,422,93777
6,94205,9746,1.0,15098,422,93783
5,94210,9746,0.0,15099,422,93788
7,94217,9747,1.0,15100,422,93795
6,94223,9748,1.0,15101,422,93801
7,94230,9749,1.0,15102,422,93808
2,94232,9749,0.0,15103,422,93810
4,94236,9749,0.0,15104,422,93814
5,94241,9749,0.0,15105,422,93819
6,94247,9749,0.0,15106,422,93825
2,94249,9749,0.0,15107,422,93827
6,94255,9750,1.0,15108,422,93833
8,94263,9751,1.0,15109,422,93841
6,94269,9752,1.0,15110,422,93847
5,94274,9752,0.0,15111,422,93852
6,94280,9753,1.0,15112,422,93858
5,94285,9753,0.0,15113,422,93863
6,94291,9754,1.0,15114,422,93869
2,94293,9754,0.0,15115,422,93871
6,94299,9755,1.0,15116,422,93877
6,94305,9756,1.0,15117,422,93883
12,94317,9757,1.0,15118,422,93895
6,94323,9758,1.0,15119,422,93901
4,94327,9758,0.0,15120,422,93905
8,94335,9759,1.0,15121,422,93913
6,94341,9760,1.0,15122,422,93919
7,94348,9761,1.0,15123,422,93926
2,94350,9761,0.0,15124,422,93928
6,94356,9762,1.0,15125,422,93934
14,94370,9763,1.0,15126,422,93948
10,94380,9764,1.0,15127,422,93958
7,94387,9765,1.0,15128,422,93965
8,94395,9766,1.0,15129,422,93973
8,94403,9767,1.0,15130,422,93981
7,94410,9768,1.0,15131,422,93988
7,94417,9769,1.0,15132,422,93995
8,94425,9770,1.0,15133,422,94003
7,94432,9771,1.0,15134,422,94010
5,94437,9771,0.0,15135,422,94015
6,94443,9772,1.0,15136,422,94021
12,94455,9773,1.0,15137,422,94033
6,94461,9774,1.0,15138,422,94039
6,94467,9775,1.0,15139,422,94045
7,94474,9776,1.0,15140,422,94052
6,94480,9777,1.0,15141,422,94058
6,94486,9778,1.0,15142,422,94064
6,94492,9779,1.0,15143,422,94070
9,94501,9780,1.0,15144,422,94079
3,94504,9780,0.0,15145,422,94082
9,94513,9781,1.0,15146,422,94091
6,94519,9782,1.0,15147,422,94097
9,94528,9782,0.0,15148,422,94106
16,94544,9783,1.0,15149,422,94122
6,94550,9784,1.0,15150,422,94128
6,94556,9785,1.0,15151,422,94134
6,94562,9786,1.0,15152,422,94140
6,94568,9787,1.0,15153,422,94146
11,94579,9788,1.0,15154,422,94157
8,94587,9788,0.0,15155,422,94165
9,94596,9789,1.0,15156,422,94174
6,94602,9790,1.0,15157,422,94180
6,94608,9791,1.0,15158,422,94186
3,94611,9791,0.0,15159,422,94189
10,94621,9792,1.0,15160,422,94199
4,94625,9792,0.0,15161,422,94203
6,94631,9793,1.0,15162,422,94209
7,94638,9794,1.0,15163,422,94216
3,94641,9794,0.0,15164,422,94219
8,94649,9795,1.0,15165,422,94227
8,94657,9796,1.0,15166,422,94235
8,94665,9797,1.0,15167,422,94243
5,94670,9797,0.0,15168,422,94248
6,94676,9798,1.0,15169,422,94254
7,94683,9799,1.0,15170,422,94261
6,94689,9800,1.0,15171,422,94267
12,94701,9801,1.0,15172,422,94279
3,94704,9801,0.0,15173,422,94282
2,94706,9801,0.0,15174,422,94284
2,94708,9801,0.0,15175,422,94286
6,94714,9802,1.0,15176,422,94292
6,94720,9803,1.0,15177,422,94298
7,94727,9803,0.0,15178,422,94305
8,94735,9804,1.0,15179,422,94313
7,94742,9805,1.0,15180,422,94320
8,94750,9806,1.0,15181,422,94328
6,94756,9807,1.0,15182,422,94334
7,94763,9808,1.0,15183,422,94341
8,94771,9809,1.0,15184,422,94349
8,94779,9810,1.0,15185,422,94357
3,94782,9810,0.0,15186,422,94360
6,94788,9811,1.0,15187,422,94366
10,94798,9812,1.0,15188,422,94376
14,94812,9813,1.0,15189,422,94390
6,94818,9814,1.0,15190,422,94396
6,94824,9815,1.0,15191,422,94402
6,94830,9816,1.0,15192,422,94408
5,94835,9816,0.0,15193,422,94413
6,94841,9817,1.0,15194,422,94419
7,94848,9818,1.0,15195,422,94426
6,94854,9819,1.0,15196,422,94432
6,94860,9820,1.0,15197,422,94438
8,94868,9821,1.0,15198,422,94446
6,94874,9822,1.0,15199,422,94452
6,94880,9823,1.0,15200,422,94458
6,94886,9824,1.0,15201,422,94464
6,94892,9825,1.0,15202,422,94470
8,94900,9826,1.0,15203,422,94478
5,94905,9826,0.0,15204,422,94483
9,94914,9827,1.0,15205,422,94492
6,94920,9828,1.0,15206,422,94498
6,94926,9829,1.0,15207,422,94504
4,94930,9829,0.0,15208,422,94508
6,94936,9830,1.0,15209,422,94514
9,94945,9831,1.0,15210,422,94523
6,94951,9832,1.0,15211,422,94529
6,94957,9833,1.0,15212,422,94535
9,94966,9834,1.0,15213,422,94544
6,94972,9835,1.0,15214,422,94550
7,94979,9836,1.0,15215,422,94557
6,94985,9837,1.0,15216,422,94563
2,94987,9837,0.0,15217,422,94565
6,94993,9838,1.0,15218,422,94571
6,94999,9839,1.0,15219,422,94577
6,95005,9840,1.0,15220,422,94583
3,95008,9840,0.0,15221,422,94586
2,95010,9840,0.0,15222,422,94588
6,95016,9841,1.0,15223,422,94594
10,95026,9842,1.0,15224,422,94604
7,95033,9843,1.0,15225,422,94611
7,95040,9844,1.0,15226,422,94618
4,95044,9844,0.0,15227,422,94622
2,95046,9844,0.0,15228,422,94624
9,95055,9845,1.0,15229,422,94633
6,95061,9846,1.0,15230,422,94639
9,95070,9847,1.0,15231,422,94648
7,95077,9848,1.0,15232,422,94655
7,95084,9849,1.0,15233,422,94662
8,95092,9850,1.0,15234,422,94670
9,95101,9851,1.0,15235,422,94679
4,95105,9851,0.0,15236,422,94683
6,95111,9852,1.0,15237,422,94689
10,95121,9853,1.0,15238,422,94699
8,95129,9854,1.0,15239,422,94707
7,95136,9855,1.0,15240,422,94714
8,95144,9856,1.0,15241,422,94722
10,95154,9856,0.0,15242,422,94732
6,95160,9857,1.0,15243,422,94738
6,95166,9858,1.0,15244,422,94744
2,95168,9858,0.0,15245,422,94746
7,95175,9859,1.0,15246,422,94753
7,95182,9860,1.0,15247,422,94760
9,95191,9861,1.0,15248,422,94769
3,95194,9861,0.0,15249,422,94772
8,95202,9862,1.0,15250,422,94780
6,95208,9863,1.0,15251,422,94786
7,95215,9864,1.0,15252,422,94793
13,95228,9864,0.0,15253,422,94806
7,95235,9865,1.0,15254,422,94813
2,95237,9865,0.0,15255,422,94815
7,95244,9866,1.0,15256,422,94822
6,95250,9867,1.0,15257,422,94828
8,95258,9868,1.0,15258,422,94836
6,95264,9869,1.0,15259,422,94842
6,95270,9870,1.0,15260,422,94848
4,95274,9870,0.0,15261,422,94852
2,95276,9870,0.0,15262,422,94854
6,95282,9871,1.0,15263,422,94860
4,95286,9871,0.0,15264,422,94864
6,95292,9872,1.0,15265,422,94870
8,95300,9873,1.0,15266,422,94878
6,95306,9874,1.0,15267,422,94884
6,95312,9875,1.0,15268,422,94890
6,95318,9876,1.0,15269,422,94896
11,95329,9877,1.0,15270,422,94907
6,95335,9877,0.0,15271,422,94913
8,95343,9878,1.0,15272,422,94921
6,95349,9879,1.0,15273,422,94927
6,95355,9879,0.0,15274,422,94933
6,95361,9880,1.0,15275,422,94939
4,95365,9880,0.0,15276,422,94943
7,95372,9880,0.0,15277,422,94950
6,95378,9881,1.0,15278,422,94956
6,95384,9882,1.0,15279,422,94962
9,95393,9883,1.0,15280,422,94971
2,95395,9883,0.0,15281,422,94973
2,95397,9883,0.0,15282,422,94975
6,95403,9884,1.0,15283,422,94981
6,95409,9885,1.0,15284,422,94987
8,95417,9886,1.0,15285,422,94995
6,95423,9887,1.0,15286,422,95001
4,95427,9887,0.0,15287,422,95005
6,95433,9888,1.0,15288,422,95011
7,95440,9889,1.0,15289,422,95018
8,95448,9890,1.0,15290,422,95026
6,95454,9891,1.0,15291,422,95032
6,95460,9892,1.0,15292,422,95038
8,95468,9893,1.0,15293,422,95046
6,95474,9894,1.0,15294,422,95052
6,95480,9895,1.0,15295,422,95058
8,95488,9896,1.0,15296,422,95066
6,95494,9897,1.0,15297,422,95072
6,95500,9898,1.0,15298,422,95078
5,95505,9898,0.0,15299,422,95083
7,95512,9899,1.0,15300,422,95090
7,95519,9900,1.0,15301,422,95097
6,95525,9901,1.0,15302,422,95103
5,95530,9901,0.0,15303,422,95108
6,95536,9902,1.0,15304,422,95114
10,95546,9903,1.0,15305,422,95124
7,95553,9904,1.0,15306,422,95131
2,95555,9904,0.0,15307,422,95133
8,95563,9905,1.0,15308,422,95141
6,95569,9906,1.0,15309,422,95147
6,95575,9907,1.0,15310,422,95153
5,95580,9907,0.0,15311,422,95158
2,95582,9907,0.0,15312,422,95160
6,95588,9908,1.0,15313,422,95166
8,95596,9909,1.0,15314,422,95174
6,95602,9910,1.0,15315,422,95180
6,95608,9911,1.0,15316,422,95186
4,95612,9911,0.0,15317,422,95190
6,95618,9912,1.0,15318,422,95196
3,95621,9912,0.0,15319,422,95199
9,95630,9913,1.0,15320,422,95208
8,95638,9914,1.0,15321,422,95216
7,95645,9915,1.0,15322,422,95223
7,95652,9916,1.0,15323,422,95230
10,95662,9917,1.0,15324,422,95240
11,95673,9917,0.0,15325,422,95251
6,95679,9918,1.0,15326,422,95257
6,95685,9918,0.0,15327,422,95263
4,95689,9918,0.0,15328,422,95267
4,95693,9918,0.0,15329,422,95271
7,95700,9918,0.0,15330,422,95278
7,95707,9919,1.0,15331,422,95285
7,95714,9920,1.0,15332,422,95292
2,95716,9920,0.0,15333,422,95294
7,95723,9921,1.0,15334,422,95301
2,95725,9921,0.0,15335,422,95303
9,95734,9922,1.0,15336,422,95312
6,95740,9923,1.0,15337,422,95318
7,95747,9924,1.0,15338,422,95325
8,95755,9925,1.0,15339,422,95333
8,95763,9926,1.0,15340,422,95341
7,95770,9927,1.0,15341,422,95348
7,95777,9928,1.0,15342,422,95355
3,95780,9928,0.0,15343,422,95358
3,95783,9928,0.0,15344,422,95361
6,95789,9929,1.0,15345,422,95367
7,95796,9930,1.0,15346,422,95374
6,95802,9931,1.0,15347,422,95380
6,95808,9932,1.0,15348,422,95386
2,95810,9932,0.0,15349,422,95388
6,95816,9933,1.0,15350,422,95394
6,95822,9934,1.0,15351,422,95400
6,95828,9935,1.0,15352,422,95406
11,95839,9936,1.0,15353,422,95417
6,95845,9937,1.0,15354,422,95423
6,95851,9938,1.0,15355,422,95429
2,95853,9938,0.0,15356,422,95431
6,95859,9939,1.0,15357,422,95437
7,95866,9940,1.0,15358,422,95444
5,95871,9940,0.0,15359,422,95449
8,95879,9941,1.0,15360,422,95457
6,95885,9942,1.0,15361,422,95463
8,95893,9943,1.0,15362,422,95471
8,95901,9944,1.0,15363,422,95479
8,95909,9945,1.0,15364,422,95487
5,95914,9945,0.0,15365,422,95492
6,95920,9946,1.0,15366,422,95498
7,95927,9947,1.0,15367,422,95505
6,95933,9948,1.0,15368,422,95511
8,95941,9949,1.0,15369,422,95519
6,95947,9950,1.0,15370,422,95525
6,95953,9951,1.0,15371,422,95531
6,95959,9951,0.0,15372,422,95537
6,95965,9952,1.0,15373,422,95543
8,95973,9953,1.0,15374,422,95551
7,95980,9954,1.0,15375,422,95558
6,95986,9955,1.0,15376,422,95564
6,95992,9956,1.0,15377,422,95570
3,95995,9956,0.0,15378,422,95573
2,95997,9956,0.0,15379,422,95575
6,96003,9957,1.0,15380,422,95581
3,96006,9957,0.0,15381,422,95584
6,96012,9958,1.0,15382,422,95590
6,96018,9959,1.0,15383,422,95596
7,96025,9960,1.0,15384,422,95603
9,96034,9961,1.0,15385,422,95612
10,96044,9962,1.0,15386,422,95622
4,96048,9962,0.0,15387,422,95626
6,96054,9963,1.0,15388,422,95632
7,96061,9964,1.0,15389,422,95639
8,96069,9965,1.0,15390,422,95647
9,96078,9966,1.0,15391,422,95656
2,96080,9966,0.0,15392,422,95658
6,96086,9967,1.0,15393,422,95664
6,96092,9968,1.0,15394,422,95670
3,96095,9968,0.0,15395,422,95673
7,96102,9969,1.0,15396,422,95680
9,96111,9970,1.0,15397,422,95689
6,96117,9971,1.0,15398,422,95695
9,96126,9972,1.0,15399,422,95704
5,96131,9972,0.0,15400,422,95709
6,96137,9973,1.0,15401,422,95715
7,96144,9974,1.0,15402,422,95722
2,96146,9974,0.0,15403,422,95724
9,96155,9975,1.0,15404,422,95733
2,96157,9975,0.0,15405,422,95735
4,96161,9975,0.0,15406,422,95739
3,96164,9975,0.0,15407,422,95742
7,96171,9976,1.0,15408,422,95749
6,96177,9977,1.0,15409,422,95755
7,96184,9978,1.0,15410,422,95762
6,96190,9979,1.0,15411,422,95768
8,96198,9980,1.0,15412,422,95776
6,96204,9981,1.0,15413,422,95782
8,96212,9982,1.0,15414,422,95790
7,96219,9983,1.0,15415,422,95797
2,96221,9983,0.0,15416,422,95799
4,96225,9983,0.0,15417,422,95803
6,96231,9984,1.0,15418,422,95809
4,96235,9984,0.0,15419,422,95813
6,96241,9985,1.0,15420,422,95819
7,96248,9986,1.0,15421,422,95826
9,96257,9987,1.0,15422,422,95835
12,96269,9988,1.0,15423,422,95847
6,96275,9989,1.0,15424,422,95853
11,96286,9990,1.0,15425,422,95864
5,96291,9990,0.0,15426,422,95869
6,96297,9991,1.0,15427,422,95875
7,96304,9992,1.0,15428,422,95882
6,96310,9993,1.0,15429,422,95888
2,96312,9993,0.0,15430,422,95890
11,96323,9994,1.0,15431,422,95901
8,96331,9995,1.0,15432,422,95909
7,96338,9996,1.0,15433,422,95916
3,96341,9996,0.0,15434,422,95919
2,96343,9996,0.0,15435,422,95921
6,96349,9997,1.0,15436,422,95927
7,96356,9998,1.0,15437,422,95934
8,96364,9999,1.0,15438,422,95942
6,96370,10000,1.0,15439,422,95948
6,96376,10001,1.0,15440,422,95954
6,96382,10002,1.0,15441,422,95960
2,96384,10002,0.0,15442,422,95962
6,96390,10003,1.0,15443,422,95968
2,96392,10003,0.0,15444,422,95970
6,96398,10004,1.0,15445,422,95976
2,96400,10004,0.0,15446,422,95978
7,96407,10005,1.0,15447,422,95985
10,96417,10006,1.0,15448,422,95995
7,96424,10007,1.0,15449,422,96002
2,96426,10007,0.0,15450,422,96004
7,96433,10008,1.0,15451,422,96011
6,96439,10009,1.0,15452,422,96017
12,96451,10010,1.0,15453,422,96029
4,96455,10010,0.0,15454,422,96033
5,96460,10010,0.0,15455,422,96038
6,96466,10011,1.0,15456,422,96044
7,96473,10012,1.0,15457,422,96051
9,96482,10013,1.0,15458,422,96060
6,96488,10014,1.0,15459,422,96066
2,96490,10014,0.0,15460,422,96068
9,96499,10015,1.0,15461,422,96077
6,96505,10016,1.0,15462,422,96083
10,96515,10017,1.0,15463,422,96093
9,96524,10018,1.0,15464,422,96102
6,96530,10019,1.0,15465,422,96108
7,96537,10019,0.0,15466,422,96115
6,96543,10020,1.0,15467,422,96121
9,96552,10021,1.0,15468,422,96130
8,96560,10022,1.0,15469,422,96138
8,96568,10023,1.0,15470,422,96146
6,96574,10024,1.0,15471,422,96152
7,96581,10025,1.0,15472,422,96159
6,96587,10026,1.0,15473,422,96165
8,96595,10027,1.0,15474,422,96173
2,96597,10027,0.0,15475,422,96175
7,96604,10028,1.0,15476,422,96182
8,96612,10029,1.0,15477,422,96190
6,96618,10030,1.0,15478,422,96196
3,96621,10030,0.0,15479,422,96199
11,96632,10031,1.0,15480,422,96210
8,96640,10032,1.0,15481,422,96218
6,96646,10033,1.0,15482,422,96224
3,96649,10033,0.0,15483,422,96227
6,96655,10034,1.0,15484,422,96233
4,96659,10034,0.0,15485,422,96237
6,96665,10035,1.0,15486,422,96243
11,96676,10036,1.0,15487,422,96254
8,96684,10036,0.0,15488,422,96262
6,96690,10036,0.0,15489,422,96268
6,96696,10037,1.0,15490,422,96274
4,96700,10037,0.0,15491,422,96278
6,96706,10038,1.0,15492,422,96284
2,96708,10038,0.0,15493,422,96286
6,96714,10039,1.0,15494,422,96292
3,96717,10039,0.0,15495,422,96295
8,96725,10039,0.0,15496,422,96303
8,96733,10039,0.0,15497,422,96311
11,96744,10040,1.0,15498,422,96322
2,96746,10040,0.0,15499,422,96324
9,96755,10041,1.0,15500,422,96333
8,96763,10042,1.0,15501,422,96341
6,96769,10043,1.0,15502,422,96347
6,96775,10044,1.0,15503,422,96353
12,96787,10045,1.0,15504,422,96365
2,96789,10045,0.0,15505,422,96367
6,96795,10046,1.0,15506,422,96373
8,96803,10047,1.0,15507,422,96381
3,96806,10047,0.0,15508,422,96384
3,96809,10047,0.0,15509,422,96387
6,96815,10048,1.0,15510,422,96393
13,96828,10049,1.0,15511,422,96406
4,96832,10049,0.0,15512,422,96410
2,96834,10049,0.0,15513,422,96412
9,96843,10049,0.0,15514,422,96421
6,96849,10050,1.0,15515,422,96427
2,96851,10050,0.0,15516,422,96429
10,96861,10051,1.0,15517,422,96439
2,96863,10051,0.0,15518,422,96441
6,96869,10052,1.0,15519,422,96447
6,96875,10053,1.0,15520,422,96453
5,96880,10053,0.0,15521,422,96458
3,96883,10053,0.0,15522,422,96461
7,96890,10054,1.0,15523,422,96468
6,96896,10055,1.0,15524,422,96474
7,96903,10056,1.0,15525,422,96481
6,96909,10057,1.0,15526,422,96487
3,96912,10057,0.0,15527,422,96490
11,96923,10058,1.0,15528,422,96501
9,96932,10059,1.0,15529,422,96510
6,96938,10060,1.0,15530,422,96516
9,96947,10061,1.0,15531,422,96525
5,96952,10061,0.0,15532,422,96530
4,96956,10061,0.0,15533,422,96534
6,96962,10062,1.0,15534,422,96540
2,96964,10062,0.0,15535,422,96542
8,96972,10063,1.0,15536,422,96550
7,96979,10064,1.0,15537,422,96557
8,96987,10065,1.0,15538,422,96565
3,96990,10065,0.0,15539,422,96568
6,96996,10066,1.0,15540,422,96574
8,97004,10067,1.0,15541,422,96582
6,97010,10068,1.0,15542,422,96588
7,97017,10069,1.0,15543,422,96595
9,97026,10070,1.0,15544,422,96604
4,97030,10070,0.0,15545,422,96608
6,97036,10071,1.0,15546,422,96614
6,97042,10072,1.0,15547,422,96620
4,97046,10072,0.0,15548,422,96624
7,97053,10073,1.0,15549,422,96631
6,97059,10074,1.0,15550,422,96637
4,97063,10074,0.0,15551,422,96641
7,97070,10075,1.0,15552,422,96648
8,97078,10076,1.0,15553,422,96656
6,97084,10077,1.0,15554,422,96662
6,97090,10078,1.0,15555,422,96668
2,97092,10078,0.0,15556,422,96670
10,97102,10079,1.0,15557,422,96680
2,97104,10079,0.0,15558,422,96682
8,97112,10079,0.0,15559,422,96690
9,97121,10080,1.0,15560,422,96699
7,97128,10081,1.0,15561,422,96706
10,97138,10082,1.0,15562,422,96716
6,97144,10083,1.0,15563,422,96722
7,97151,10084,1.0,15564,422,96729
8,97159,10085,1.0,15565,422,96737
6,97165,10086,1.0,15566,422,96743
15,97180,10087,1.0,15567,422,96758
2,97182,10087,0.0,15568,422,96760
9,97191,10088,1.0,15569,422,96769
8,97199,10089,1.0,15570,422,96777
6,97205,10090,1.0,15571,422,96783
4,97209,10090,0.0,15572,422,96787
6,97215,10091,1.0,15573,422,96793
7,97222,10092,1.0,15574,422,96800
4,97226,10092,0.0,15575,422,96804
3,97229,10092,0.0,15576,422,96807
7,97236,10093,1.0,15577,422,96814
2,97238,10093,0.0,15578,422,96816
6,97244,10094,1.0,15579,422,96822
10,97254,10095,1.0,15580,422,96832
11,97265,10096,1.0,15581,422,96843
2,97267,10096,0.0,15582,422,96845
6,97273,10097,1.0,15583,422,96851
6,97279,10098,1.0,15584,422,96857
9,97288,10098,0.0,15585,422,96866
10,97298,10099,1.0,15586,422,96876
10,97308,10100,1.0,15587,422,96886
2,97310,10100,0.0,15588,422,96888
3,97313,10100,0.0,15589,422,96891
7,97320,10101,1.0,15590,422,96898
5,97325,10101,0.0,15591,422,96903
7,97332,10102,1.0,15592,422,96910
6,97338,10103,1.0,15593,422,96916
6,97344,10104,1.0,15594,422,96922
6,97350,10105,1.0,15595,422,96928
2,97352,10105,0.0,15596,422,96930
7,97359,10105,0.0,15597,422,96937
9,97368,10105,0.0,15598,422,96946
6,97374,10106,1.0,15599,422,96952
7,97381,10107,1.0,15600,422,96959
6,97387,10108,1.0,15601,422,96965
5,97392,10108,0.0,15602,422,96970
3,97395,10108,0.0,15603,422,96973
4,97399,10108,0.0,15604,422,96977
3,97402,10108,0.0,15605,422,96980
2,97404,10108,0.0,15606,422,96982
6,97410,10109,1.0,15607,422,96988
6,97416,10110,1.0,15608,422,96994
5,97421,10110,0.0,15609,422,96999
6,97427,10111,1.0,15610,422,97005
9,97436,10112,1.0,15611,422,97014
4,97440,10112,0.0,15612,422,97018
11,97451,10113,1.0,15613,422,97029
7,97458,10114,1.0,15614,422,97036
4,97462,10114,0.0,15615,422,97040
4,97466,10114,0.0,15616,422,97044
7,97473,10115,1.0,15617,422,97051
6,97479,10116,1.0,15618,422,97057
11,97490,10117,1.0,15619,422,97068
6,97496,10118,1.0,15620,422,97074
6,97502,10119,1.0,15621,422,97080
8,97510,10120,1.0,15622,422,97088
7,97517,10120,0.0,15623,422,97095
6,97523,10121,1.0,15624,422,97101
7,97530,10122,1.0,15625,422,97108
6,97536,10123,1.0,15626,422,97114
6,97542,10124,1.0,15627,422,97120
8,97550,10125,1.0,15628,422,97128
8,97558,10126,1.0,15629,422,97136
9,97567,10127,1.0,15630,422,97145
6,97573,10128,1.0,15631,422,97151
2,97575,10128,0.0,15632,422,97153
7,97582,10129,1.0,15633,422,97160
6,97588,10130,1.0,15634,422,97166
6,97594,10131,1.0,15635,422,97172
7,97601,10132,1.0,15636,422,97179
6,97607,10133,1.0,15637,422,97185
6,97613,10134,1.0,15638,422,97191
4,97617,10134,0.0,15639,422,97195
6,97623,10135,1.0,15640,422,97201
9,97632,10136,1.0,15641,422,97210
6,97638,10137,1.0,15642,422,97216
9,97647,10138,1.0,15643,422,97225
6,97653,10139,1.0,15644,422,97231
4,97657,10139,0.0,15645,422,97235
6,97663,10140,1.0,15646,422,97241
8,97671,10141,1.0,15647,422,97249
6,97677,10142,1.0,15648,422,97255
4,97681,10142,0.0,15649,422,97259
6,97687,10143,1.0,15650,422,97265
6,97693,10144,1.0,15651,422,97271
3,97696,10144,0.0,15652,422,97274
6,97702,10145,1.0,15653,422,97280
2,97704,10145,0.0,15654,422,97282
6,97710,10146,1.0,15655,422,97288
6,97716,10147,1.0,15656,422,97294
6,97722,10148,1.0,15657,422,97300
7,97729,10149,1.0,15658,422,97307
3,97732,10149,0.0,15659,422,97310
8,97740,10150,1.0,15660,422,97318
6,97746,10151,1.0,15661,422,97324
7,97753,10152,1.0,15662,422,97331
7,97760,10152,0.0,15663,422,97338
3,97763,10152,0.0,15664,422,97341
6,97769,10153,1.0,15665,422,97347
6,97775,10154,1.0,15666,422,97353
6,97781,10155,1.0,15667,422,97359
12,97793,10156,1.0,15668,422,97371
7,97800,10157,1.0,15669,422,97378
2,97802,10157,0.0,15670,422,97380
7,97809,10158,1.0,15671,422,97387
8,97817,10159,1.0,15672,422,97395
9,97826,10160,1.0,15673,422,97404
4,97830,10160,0.0,15674,422,97408
6,97836,10161,1.0,15675,422,97414
6,97842,10162,1.0,15676,422,97420
2,97844,10162,0.0,15677,422,97422
6,97850,10163,1.0,15678,422,97428
8,97858,10163,0.0,15679,422,97436
4,97862,10163,0.0,15680,422,97440
7,97869,10164,1.0,15681,422,97447
8,97877,10164,0.0,15682,422,97455
4,97881,10164,0.0,15683,422,97459
7,97888,10165,1.0,15684,422,97466
6,97894,10166,1.0,15685,422,97472
2,97896,10166,0.0,15686,422,97474
7,97903,10167,1.0,15687,422,97481
8,97911,10168,1.0,15688,422,97489
11,97922,10169,1.0,15689,422,97500
6,97928,10170,1.0,15690,422,97506
7,97935,10171,1.0,15691,422,97513
6,97941,10172,1.0,15692,422,97519
6,97947,10173,1.0,15693,422,97525
3,97950,10173,0.0,15694,422,97528
6,97956,10174,1.0,15695,422,97534
6,97962,10175,1.0,15696,422,97540
5,97967,10175,0.0,15697,422,97545
5,97972,10175,0.0,15698,422,97550
9,97981,10176,1.0,15699,422,97559
4,97985,10176,0.0,15700,422,97563
6,97991,10177,1.0,15701,422,97569
8,97999,10178,1.0,15702,422,97577
6,98005,10179,1.0,15703,422,97583
6,98011,10180,1.0,15704,422,97589
2,98013,10180,0.0,15705,422,97591
11,98024,10181,1.0,15706,422,97602
7,98031,10182,1.0,15707,422,97609
6,98037,10183,1.0,15708,422,97615
6,98043,10184,1.0,15709,422,97621
3,98046,10184,0.0,15710,422,97624
6,98052,10185,1.0,15711,422,97630
6,98058,10186,1.0,15712,422,97636
9,98067,10187,1.0,15713,422,97645
6,98073,10188,1.0,15714,422,97651
7,98080,10189,1.0,15715,422,97658
3,98083,10189,0.0,15716,422,97661
6,98089,10190,1.0,15717,422,97667
7,98096,10191,1.0,15718,422,97674
7,98103,10192,1.0,15719,422,97681
7,98110,10193,1.0,15720,422,97688
6,98116,10194,1.0,15721,422,97694
2,98118,10194,0.0,15722,422,97696
6,98124,10195,1.0,15723,422,97702
6,98130,10196,1.0,15724,422,97708
6,98136,10197,1.0,15725,422,97714
3,98139,10197,0.0,15726,422,97717
6,98145,10198,1.0,15727,422,97723
6,98151,10199,1.0,15728,422,97729
2,98153,10199,0.0,15729,422,97731
9,98162,10200,1.0,15730,422,97740
4,98166,10200,0.0,15731,422,97744
7,98173,10201,1.0,15732,422,97751
6,98179,10201,0.0,15733,422,97757
6,98185,10202,1.0,15734,422,97763
6,98191,10203,1.0,15735,422,97769
6,98197,10204,1.0,15736,422,97775
6,98203,10204,0.0,15737,422,97781
8,98211,10205,1.0,15738,422,97789
10,98221,10206,1.0,15739,422,97799
6,98227,10207,1.0,15740,422,97805
6,98233,10207,0.0,15741,422,97811
6,98239,10208,1.0,15742,422,97817
8,98247,10209,1.0,15743,422,97825
8,98255,10210,1.0,15744,422,97833
3,98258,10210,0.0,15745,422,97836
6,98264,10210,0.0,15746,422,97842
6,98270,10211,1.0,15747,422,97848
8,98278,10212,1.0,15748,422,97856
6,98284,10213,1.0,15749,422,97862
6,98290,10214,1.0,15750,422,97868
6,98296,10215,1.0,15751,422,97874
6,98302,10215,0.0,15752,422,97880
6,98308,10216,1.0,15753,422,97886
8,98316,10217,1.0,15754,422,97894
8,98324,10218,1.0,15755,422,97902
6,98330,10219,1.0,15756,422,97908
8,98338,10220,1.0,15757,422,97916
9,98347,10221,1.0,15758,422,97925
9,98356,10222,1.0,15759,422,97934
13,98369,10223,1.0,15760,422,97947
6,98375,10224,1.0,15761,422,97953
4,98379,10224,0.0,15762,422,97957
8,98387,10225,1.0,15763,422,97965
6,98393,10226,1.0,15764,422,97971
8,98401,10227,1.0,15765,422,97979
2,98403,10227,0.0,15766,422,97981
4,98407,10227,0.0,15767,422,97985
10,98417,10228,1.0,15768,422,97995
6,98423,10229,1.0,15769,422,98001
6,98429,10230,1.0,15770,422,98007
6,98435,10231,1.0,15771,422,98013
7,98442,10232,1.0,15772,422,98020
2,98444,10232,0.0,15773,422,98022
5,98449,10232,0.0,15774,422,98027
6,98455,10233,1.0,15775,422,98033
6,98461,10234,1.0,15776,422,98039
6,98467,10235,1.0,15777,422,98045
6,98473,10236,1.0,15778,422,98051
12,98485,10237,1.0,15779,422,98063
6,98491,10238,1.0,15780,422,98069
8,98499,10239,1.0,15781,422,98077
7,98506,10240,1.0,15782,422,98084
6,98512,10241,1.0,15783,422,98090
10,98522,10242,1.0,15784,422,98100
2,98524,10242,0.0,15785,422,98102
6,98530,10243,1.0,15786,422,98108
6,98536,10244,1.0,15787,422,98114
9,98545,10245,1.0,15788,422,98123
6,98551,10246,1.0,15789,422,98129
4,98555,10246,0.0,15790,422,98133
7,98562,10247,1.0,15791,422,98140
6,98568,10248,1.0,15792,422,98146
10,98578,10249,1.0,15793,422,98156
8,98586,10250,1.0,15794,422,98164
7,98593,10251,1.0,15795,422,98171
2,98595,10251,0.0,15796,422,98173
6,98601,10252,1.0,15797,422,98179
4,98605,10252,0.0,15798,422,98183
4,98609,10252,0.0,15799,422,98187
3,98612,10252,0.0,15800,422,98190
7,98619,10253,1.0,15801,422,98197
6,98625,10254,1.0,15802,422,98203
6,98631,10254,0.0,15803,422,98209
6,98637,10255,1.0,15804,422,98215
9,98646,10256,1.0,15805,422,98224
4,98650,10256,0.0,15806,422,98228
7,98657,10257,1.0,15807,422,98235
2,98659,10257,0.0,15808,422,98237
6,98665,10258,1.0,15809,422,98243
3,98668,10258,0.0,15810,422,98246
3,98671,10258,0.0,15811,422,98249
9,98680,10259,1.0,15812,422,98258
7,98687,10260,1.0,15813,422,98265
6,98693,10261,1.0,15814,422,98271
6,98699,10262,1.0,15815,422,98277
6,98705,10263,1.0,15816,422,98283
4,98709,10263,0.0,15817,422,98287
6,98715,10264,1.0,15818,422,98293
7,98722,10265,1.0,15819,422,98300
9,98731,10266,1.0,15820,422,98309
11,98742,10267,1.0,15821,422,98320
7,98749,10268,1.0,15822,422,98327
4,98753,10268,0.0,15823,422,98331
6,98759,10269,1.0,15824,422,98337
3,98762,10269,0.0,15825,422,98340
6,98768,10270,1.0,15826,422,98346
6,98774,10271,1.0,15827,422,98352
6,98780,10272,1.0,15828,422,98358
10,98790,10273,1.0,15829,422,98368
3,98793,10273,0.0,15830,422,98371
8,98801,10274,1.0,15831,422,98379
6,98807,10275,1.0,15832,422,98385
5,98812,10275,0.0,15833,422,98390
8,98820,10276,1.0,15834,422,98398
6,98826,10277,1.0,15835,422,98404
6,98832,10278,1.0,15836,422,98410
3,98835,10278,0.0,15837,422,98413
10,98845,10279,1.0,15838,422,98423
3,98848,10279,0.0,15839,422,98426
8,98856,10280,1.0,15840,422,98434
3,98859,10280,0.0,15841,422,98437
6,98865,10281,1.0,15842,422,98443
7,98872,10282,1.0,15843,422,98450
6,98878,10283,1.0,15844,422,98456
6,98884,10284,1.0,15845,422,98462
6,98890,10285,1.0,15846,422,98468
7,98897,10286,1.0,15847,422,98475
8,98905,10287,1.0,15848,422,98483
7,98912,10288,1.0,15849,422,98490
6,98918,10289,1.0,15850,422,98496
7,98925,10290,1.0,15851,422,98503
7,98932,10291,1.0,15852,422,98510
2,98934,10291,0.0,15853,422,98512
6,98940,10292,1.0,15854,422,98518
7,98947,10293,1.0,15855,422,98525
6,98953,10294,1.0,15856,422,98531
7,98960,10295,1.0,15857,422,98538
6,98966,10296,1.0,15858,422,98544
9,98975,10297,1.0,15859,422,98553
6,98981,10298,1.0,15860,422,98559
9,98990,10299,1.0,15861,422,98568
13,99003,10300,1.0,15862,422,98581
7,99010,10301,1.0,15863,422,98588
9,99019,10302,1.0,15864,422,98597
6,99025,10303,1.0,15865,422,98603
5,99030,10303,0.0,15866,422,98608
6,99036,10304,1.0,15867,422,98614
9,99045,10305,1.0,15868,422,98623
7,99052,10306,1.0,15869,422,98630
6,99058,10307,1.0,15870,422,98636
13,99071,10308,1.0,15871,422,98649
4,99075,10308,0.0,15872,422,98653
6,99081,10308,0.0,15873,422,98659
6,99087,10309,1.0,15874,422,98665
6,99093,10310,1.0,15875,422,98671
10,99103,10311,1.0,15876,422,98681
4,99107,10311,0.0,15877,422,98685
2,99109,10311,0.0,15878,422,98687
7,99116,10312,1.0,15879,422,98694
7,99123,10313,1.0,15880,422,98701
6,99129,10314,1.0,15881,422,98707
8,99137,10315,1.0,15882,422,98715
6,99143,10316,1.0,15883,422,98721
6,99149,10317,1.0,15884,422,98727
6,99155,10318,1.0,15885,422,98733
6,99161,10319,1.0,15886,422,98739
10,99171,10320,1.0,15887,422,98749
6,99177,10321,1.0,15888,422,98755
11,99188,10322,1.0,15889,422,98766
6,99194,10323,1.0,15890,422,98772
10,99204,10324,1.0,15891,422,98782
6,99210,10325,1.0,15892,422,98788
7,99217,10326,1.0,15893,422,98795
6,99223,10327,1.0,15894,422,98801
11,99234,10328,1.0,15895,422,98812
6,99240,10329,1.0,15896,422,98818
6,99246,10330,1.0,15897,422,98824
6,99252,10331,1.0,15898,422,98830
6,99258,10332,1.0,15899,422,98836
3,99261,10332,0.0,15900,422,98839
8,99269,10333,1.0,15901,422,98847
7,99276,10334,1.0,15902,422,98854
2,99278,10334,0.0,15903,422,98856
6,99284,10334,0.0,15904,422,98862
6,99290,10335,1.0,15905,422,98868
8,99298,10336,1.0,15906,422,98876
8,99306,10336,0.0,15907,422,98884
6,99312,10337,1.0,15908,422,98890
2,99314,10337,0.0,15909,422,98892
10,99324,10338,1.0,15910,422,98902
7,99331,10339,1.0,15911,422,98909
5,99336,10339,0.0,15912,422,98914
4,99340,10339,0.0,15913,422,98918
6,99346,10340,1.0,15914,422,98924
6,99352,10341,1.0,15915,422,98930
7,99359,10342,1.0,15916,422,98937
6,99365,10343,1.0,15917,422,98943
6,99371,10344,1.0,15918,422,98949
2,99373,10344,0.0,15919,422,98951
11,99384,10345,1.0,15920,422,98962
2,99386,10345,0.0,15921,422,98964
6,99392,10346,1.0,15922,422,98970
9,99401,10347,1.0,15923,422,98979
10,99411,10348,1.0,15924,422,98989
8,99419,10349,1.0,15925,422,98997
7,99426,10350,1.0,15926,422,99004
7,99433,10351,1.0,15927,422,99011
6,99439,10352,1.0,15928,422,99017
8,99447,10353,1.0,15929,422,99025
6,99453,10354,1.0,15930,422,99031
3,99456,10354,0.0,15931,422,99034
7,99463,10355,1.0,15932,422,99041
10,99473,10356,1.0,15933,422,99051
7,99480,10357,1.0,15934,422,99058
9,99489,10358,1.0,15935,422,99067
7,99496,10359,1.0,15936,422,99074
9,99505,10360,1.0,15937,422,99083
7,99512,10361,1.0,15938,422,99090
8,99520,10362,1.0,15939,422,99098
6,99526,10363,1.0,15940,422,99104
4,99530,10363,0.0,15941,422,99108
6,99536,10364,1.0,15942,422,99114
2,99538,10364,0.0,15943,422,99116
9,99547,10364,0.0,15944,422,99125
6,99553,10365,1.0,15945,422,99131
2,99555,10365,0.0,15946,422,99133
9,99564,10366,1.0,15947,422,99142
6,99570,10367,1.0,15948,422,99148
6,99576,10368,1.0,15949,422,99154
6,99582,10369,1.0,15950,422,99160
6,99588,10370,1.0,15951,422,99166
6,99594,10371,1.0,15952,422,99172
8,99602,10372,1.0,15953,422,99180
7,99609,10373,1.0,15954,422,99187
6,99615,10374,1.0,15955,422,99193
6,99621,10375,1.0,15956,422,99199
6,99627,10376,1.0,15957,422,99205
6,99633,10377,1.0,15958,422,99211
8,99641,10378,1.0,15959,422,99219
8,99649,10379,1.0,15960,422,99227
5,99654,10379,0.0,15961,422,99232
8,99662,10380,1.0,15962,422,99240
5,99667,10380,0.0,15963,422,99245
6,99673,10381,1.0,15964,422,99251
13,99686,10382,1.0,15965,422,99264
6,99692,10383,1.0,15966,422,99270
6,99698,10384,1.0,15967,422,99276
6,99704,10385,1.0,15968,422,99282
6,99710,10386,1.0,15969,422,99288
6,99716,10387,1.0,15970,422,99294
9,99725,10388,1.0,15971,422,99303
6,99731,10389,1.0,15972,422,99309
7,99738,10390,1.0,15973,422,99316
11,99749,10391,1.0,15974,422,99327
8,99757,10391,0.0,15975,422,99335
7,99764,10392,1.0,15976,422,99342
4,99768,10392,0.0,15977,422,99346
6,99774,10393,1.0,15978,422,99352
5,99779,10393,0.0,15979,422,99357
6,99785,10394,1.0,15980,422,99363
6,99791,10395,1.0,15981,422,99369
4,99795,10395,0.0,15982,422,99373
10,99805,10396,1.0,15983,422,99383
6,99811,10397,1.0,15984,422,99389
9,99820,10398,1.0,15985,422,99398
7,99827,10399,1.0,15986,422,99405
3,99830,10399,0.0,15987,422,99408
3,99833,10399,0.0,15988,422,99411
5,99838,10399,0.0,15989,422,99416
8,99846,10400,1.0,15990,422,99424
7,99853,10401,1.0,15991,422,99431
7,99860,10402,1.0,15992,422,99438
6,99866,10403,1.0,15993,422,99444
6,99872,10404,1.0,15994,422,99450
6,99878,10405,1.0,15995,422,99456
7,99885,10406,1.0,15996,422,99463
12,99897,10407,1.0,15997,422,99475
7,99904,10408,1.0,15998,422,99482
6,99910,10409,1.0,15999,422,99488
6,99916,10410,1.0,16000,422,99494
6,99922,10411,1.0,16001,422,99500
7,99929,10412,1.0,16002,422,99507
9,99938,10413,1.0,16003,422,99516
6,99944,10414,1.0,16004,422,99522
6,99950,10415,1.0,16005,422,99528
6,99956,10416,1.0,16006,422,99534
6,99962,10417,1.0,16007,422,99540
9,99971,10418,1.0,16008,422,99549
7,99978,10419,1.0,16009,422,99556
9,99987,10420,1.0,16010,422,99565
2,99989,10420,0.0,16011,422,99567
6,99995,10421,1.0,16012,422,99573
2,99997,10421,0.0,16013,422,99575
