iteration,successes,successes_episode,reward_episode,episode_count,random_act,timestep
5,5,0,0.0,1,4,1
12,17,0,0.0,2,10,7
3,20,0,0.0,3,11,9
2,22,0,0.0,4,12,10
6,28,0,0.0,5,18,10
2,30,0,0.0,6,19,11
2,32,0,0.0,7,20,12
2,34,0,0.0,8,22,12
3,37,0,0.0,9,25,12
5,42,0,0.0,10,28,14
2,44,0,0.0,11,29,15
3,47,0,0.0,12,32,15
2,49,0,0.0,13,32,17
6,55,0,0.0,14,36,19
5,60,0,0.0,15,38,22
6,66,0,0.0,16,43,23
2,68,0,0.0,17,44,24
8,76,0,0.0,18,50,26
8,84,0,0.0,19,55,29
7,91,1,1.0,20,61,30
2,93,1,0.0,21,62,31
2,95,1,0.0,22,63,32
2,97,1,0.0,23,63,34
3,100,1,0.0,24,63,37
14,114,1,0.0,25,67,47
19,133,1,0.0,26,70,63
5,138,1,0.0,27,70,68
4,142,1,0.0,28,71,71
5,147,1,0.0,29,71,76
2,149,1,0.0,30,72,77
2,151,1,0.0,31,72,79
17,168,1,0.0,32,80,88
4,172,1,0.0,33,82,90
23,195,1,0.0,34,83,112
12,207,1,0.0,35,86,121
3,210,1,0.0,36,86,124
10,220,1,0.0,37,89,131
8,228,1,0.0,38,91,137
3,231,1,0.0,39,91,140
19,250,1,0.0,40,95,155
9,259,1,0.0,41,98,161
29,288,1,0.0,42,107,181
3,291,1,0.0,43,107,184
6,297,1,0.0,44,107,190
8,305,1,0.0,45,108,197
3,308,1,0.0,46,108,200
3,311,1,0.0,47,108,203
3,314,1,0.0,48,109,205
7,321,1,0.0,49,110,211
9,330,1,0.0,50,114,216
2,332,1,0.0,51,114,218
19,351,1,0.0,52,117,234
4,355,1,0.0,53,119,236
26,381,1,0.0,54,124,257
3,384,1,0.0,55,125,259
8,392,1,0.0,56,127,265
8,400,1,0.0,57,128,272
2,402,1,0.0,58,129,273
6,408,1,0.0,59,129,279
11,419,1,0.0,60,130,289
5,424,1,0.0,61,130,294
4,428,1,0.0,62,130,298
2,430,1,0.0,63,130,300
4,434,1,0.0,64,130,304
11,445,1,0.0,65,134,311
13,458,1,0.0,66,136,322
4,462,1,0.0,67,136,326
4,466,1,0.0,68,138,328
6,472,1,0.0,69,138,334
4,476,1,0.0,70,140,336
3,479,1,0.0,71,140,339
10,489,1,0.0,72,142,347
7,496,1,0.0,73,144,352
15,511,1,0.0,74,147,364
3,514,1,0.0,75,147,367
8,522,1,0.0,76,148,374
11,533,1,0.0,77,148,385
7,540,2,1.0,78,152,388
2,542,2,0.0,79,152,390
3,545,2,0.0,80,152,393
8,553,2,0.0,81,152,401
10,563,2,0.0,82,152,411
6,569,2,0.0,83,152,417
5,574,2,0.0,84,152,422
25,599,2,0.0,85,152,447
5,604,2,0.0,86,152,452
5,609,2,0.0,87,152,457
4,613,2,0.0,88,152,461
8,621,3,1.0,89,152,469
5,626,3,0.0,90,152,474
6,632,3,0.0,91,152,480
9,641,3,0.0,92,152,489
9,650,3,0.0,93,152,498
4,654,3,0.0,94,152,502
9,663,3,0.0,95,152,511
10,673,3,0.0,96,152,521
3,676,3,0.0,97,152,524
12,688,3,0.0,98,152,536
6,694,3,0.0,99,152,542
13,707,3,0.0,100,153,554
2,709,3,0.0,101,153,556
8,717,3,0.0,102,153,564
5,722,3,0.0,103,153,569
19,741,4,1.0,104,153,588
3,744,4,0.0,105,153,591
9,753,4,0.0,106,153,600
4,757,4,0.0,107,153,604
9,766,4,0.0,108,153,613
12,778,4,0.0,109,153,625
13,791,4,0.0,110,153,638
3,794,4,0.0,111,153,641
2,796,4,0.0,112,153,643
15,811,4,0.0,113,153,658
21,832,4,0.0,114,153,679
5,837,4,0.0,115,153,684
14,851,4,0.0,116,153,698
11,862,4,0.0,117,153,709
10,872,4,0.0,118,153,719
9,881,4,0.0,119,153,728
9,890,4,0.0,120,153,737
8,898,4,0.0,121,153,745
6,904,4,0.0,122,153,751
6,910,4,0.0,123,153,757
14,924,4,0.0,124,153,771
13,937,4,0.0,125,153,784
4,941,4,0.0,126,154,787
3,944,4,0.0,127,154,790
2,946,4,0.0,128,154,792
2,948,4,0.0,129,154,794
4,952,4,0.0,130,154,798
6,958,4,0.0,131,154,804
20,978,4,0.0,132,154,824
3,981,4,0.0,133,154,827
6,987,4,0.0,134,154,833
15,1002,4,0.0,135,154,848
2,1004,4,0.0,136,154,850
2,1006,4,0.0,137,154,852
8,1014,5,1.0,138,154,860
8,1022,5,0.0,139,154,868
2,1024,5,0.0,140,154,870
12,1036,5,0.0,141,154,882
14,1050,5,0.0,142,154,896
3,1053,5,0.0,143,154,899
5,1058,5,0.0,144,154,904
2,1060,5,0.0,145,154,906
8,1068,5,0.0,146,154,914
3,1071,5,0.0,147,154,917
5,1076,5,0.0,148,154,922
6,1082,5,0.0,149,155,927
4,1086,5,0.0,150,155,931
19,1105,6,1.0,151,155,950
7,1112,6,0.0,152,155,957
3,1115,6,0.0,153,155,960
2,1117,6,0.0,154,155,962
15,1132,6,0.0,155,155,977
4,1136,6,0.0,156,155,981
17,1153,6,0.0,157,155,998
23,1176,6,0.0,158,155,1021
5,1181,6,0.0,159,155,1026
8,1189,6,0.0,160,155,1034
7,1196,6,0.0,161,155,1041
13,1209,6,0.0,162,155,1054
3,1212,6,0.0,163,155,1057
15,1227,6,0.0,164,155,1072
2,1229,6,0.0,165,155,1074
4,1233,6,0.0,166,155,1078
2,1235,6,0.0,167,155,1080
8,1243,6,0.0,168,155,1088
7,1250,6,0.0,169,155,1095
19,1269,6,0.0,170,155,1114
10,1279,6,0.0,171,155,1124
17,1296,7,1.0,172,155,1141
19,1315,7,0.0,173,155,1160
5,1320,7,0.0,174,155,1165
8,1328,7,0.0,175,155,1173
3,1331,7,0.0,176,155,1176
7,1338,7,0.0,177,155,1183
5,1343,7,0.0,178,155,1188
2,1345,7,0.0,179,155,1190
3,1348,7,0.0,180,155,1193
4,1352,7,0.0,181,155,1197
2,1354,7,0.0,182,155,1199
13,1367,7,0.0,183,155,1212
2,1369,7,0.0,184,155,1214
10,1379,7,0.0,185,155,1224
5,1384,7,0.0,186,155,1229
14,1398,7,0.0,187,155,1243
11,1409,7,0.0,188,155,1254
6,1415,7,0.0,189,155,1260
7,1422,7,0.0,190,155,1267
8,1430,7,0.0,191,155,1275
12,1442,7,0.0,192,155,1287
7,1449,7,0.0,193,155,1294
13,1462,7,0.0,194,155,1307
5,1467,7,0.0,195,155,1312
10,1477,7,0.0,196,155,1322
5,1482,7,0.0,197,155,1327
6,1488,7,0.0,198,155,1333
6,1494,8,1.0,199,155,1339
8,1502,8,0.0,200,155,1347
23,1525,8,0.0,201,155,1370
5,1530,8,0.0,202,155,1375
2,1532,8,0.0,203,155,1377
6,1538,8,0.0,204,155,1383
6,1544,8,0.0,205,155,1389
4,1548,8,0.0,206,155,1393
7,1555,8,0.0,207,155,1400
7,1562,8,0.0,208,155,1407
7,1569,8,0.0,209,155,1414
2,1571,8,0.0,210,155,1416
5,1576,8,0.0,211,155,1421
5,1581,8,0.0,212,155,1426
6,1587,9,1.0,213,155,1432
4,1591,9,0.0,214,155,1436
6,1597,9,0.0,215,155,1442
23,1620,9,0.0,216,155,1465
5,1625,9,0.0,217,155,1470
2,1627,9,0.0,218,155,1472
6,1633,9,0.0,219,155,1478
3,1636,9,0.0,220,155,1481
4,1640,9,0.0,221,155,1485
4,1644,9,0.0,222,155,1489
16,1660,9,0.0,223,155,1505
14,1674,9,0.0,224,155,1519
5,1679,9,0.0,225,155,1524
6,1685,9,0.0,226,155,1530
10,1695,9,0.0,227,155,1540
30,1725,9,0.0,228,155,1570
5,1730,9,0.0,229,155,1575
3,1733,9,0.0,230,155,1578
7,1740,9,0.0,231,155,1585
3,1743,9,0.0,232,155,1588
21,1764,9,0.0,233,155,1609
6,1770,9,0.0,234,155,1615
12,1782,9,0.0,235,155,1627
25,1807,9,0.0,236,155,1652
3,1810,9,0.0,237,155,1655
6,1816,9,0.0,238,155,1661
2,1818,9,0.0,239,155,1663
4,1822,9,0.0,240,155,1667
13,1835,9,0.0,241,155,1680
10,1845,9,0.0,242,155,1690
3,1848,9,0.0,243,155,1693
8,1856,9,0.0,244,155,1701
6,1862,9,0.0,245,155,1707
3,1865,9,0.0,246,155,1710
15,1880,9,0.0,247,155,1725
2,1882,9,0.0,248,155,1727
6,1888,9,0.0,249,155,1733
2,1890,9,0.0,250,155,1735
8,1898,9,0.0,251,155,1743
14,1912,9,0.0,252,155,1757
11,1923,9,0.0,253,155,1768
13,1936,9,0.0,254,155,1781
4,1940,9,0.0,255,155,1785
6,1946,9,0.0,256,155,1791
6,1952,9,0.0,257,155,1797
7,1959,9,0.0,258,155,1804
6,1965,10,1.0,259,155,1810
7,1972,10,0.0,260,155,1817
5,1977,10,0.0,261,155,1822
9,1986,10,0.0,262,155,1831
3,1989,10,0.0,263,155,1834
6,1995,11,1.0,264,155,1840
8,2003,11,0.0,265,155,1848
6,2009,11,0.0,266,155,1854
4,2013,11,0.0,267,155,1858
12,2025,11,0.0,268,155,1870
7,2032,11,0.0,269,155,1877
4,2036,11,0.0,270,155,1881
3,2039,11,0.0,271,155,1884
8,2047,11,0.0,272,155,1892
11,2058,11,0.0,273,155,1903
6,2064,11,0.0,274,155,1909
7,2071,11,0.0,275,155,1916
4,2075,11,0.0,276,155,1920
2,2077,11,0.0,277,155,1922
3,2080,11,0.0,278,155,1925
6,2086,12,1.0,279,155,1931
6,2092,12,0.0,280,155,1937
4,2096,12,0.0,281,155,1941
5,2101,12,0.0,282,155,1946
8,2109,12,0.0,283,155,1954
8,2117,12,0.0,284,155,1962
6,2123,12,0.0,285,155,1968
23,2146,12,0.0,286,155,1991
6,2152,12,0.0,287,155,1997
17,2169,12,0.0,288,155,2014
8,2177,12,0.0,289,155,2022
19,2196,12,0.0,290,155,2041
6,2202,12,0.0,291,155,2047
6,2208,13,1.0,292,155,2053
6,2214,13,0.0,293,155,2059
4,2218,13,0.0,294,155,2063
3,2221,13,0.0,295,155,2066
14,2235,13,0.0,296,155,2080
7,2242,13,0.0,297,155,2087
17,2259,13,0.0,298,155,2104
17,2276,13,0.0,299,155,2121
2,2278,13,0.0,300,155,2123
2,2280,13,0.0,301,155,2125
3,2283,13,0.0,302,155,2128
5,2288,13,0.0,303,155,2133
4,2292,13,0.0,304,155,2137
17,2309,13,0.0,305,155,2154
28,2337,13,0.0,306,155,2182
2,2339,13,0.0,307,155,2184
6,2345,13,0.0,308,155,2190
6,2351,13,0.0,309,155,2196
16,2367,13,0.0,310,155,2212
11,2378,13,0.0,311,155,2223
3,2381,13,0.0,312,155,2226
12,2393,13,0.0,313,155,2238
3,2396,13,0.0,314,155,2241
20,2416,13,0.0,315,155,2261
17,2433,13,0.0,316,155,2278
5,2438,13,0.0,317,155,2283
5,2443,13,0.0,318,155,2288
11,2454,13,0.0,319,155,2299
23,2477,13,0.0,320,155,2322
12,2489,13,0.0,321,155,2334
2,2491,13,0.0,322,155,2336
11,2502,13,0.0,323,155,2347
8,2510,13,0.0,324,156,2354
4,2514,13,0.0,325,156,2358
10,2524,13,0.0,326,156,2368
8,2532,13,0.0,327,156,2376
4,2536,13,0.0,328,156,2380
13,2549,13,0.0,329,156,2393
6,2555,13,0.0,330,156,2399
9,2564,13,0.0,331,156,2408
7,2571,13,0.0,332,156,2415
2,2573,13,0.0,333,156,2417
3,2576,13,0.0,334,156,2420
21,2597,13,0.0,335,156,2441
6,2603,13,0.0,336,156,2447
22,2625,13,0.0,337,156,2469
14,2639,13,0.0,338,156,2483
20,2659,13,0.0,339,156,2503
6,2665,13,0.0,340,156,2509
6,2671,14,1.0,341,156,2515
14,2685,14,0.0,342,156,2529
16,2701,14,0.0,343,156,2545
6,2707,15,1.0,344,156,2551
18,2725,15,0.0,345,156,2569
3,2728,15,0.0,346,156,2572
2,2730,15,0.0,347,156,2574
6,2736,15,0.0,348,156,2580
5,2741,15,0.0,349,156,2585
6,2747,15,0.0,350,156,2591
3,2750,15,0.0,351,156,2594
5,2755,15,0.0,352,156,2599
14,2769,15,0.0,353,156,2613
8,2777,16,1.0,354,156,2621
2,2779,16,0.0,355,156,2623
4,2783,16,0.0,356,156,2627
4,2787,16,0.0,357,156,2631
20,2807,16,0.0,358,156,2651
14,2821,16,0.0,359,156,2665
2,2823,16,0.0,360,156,2667
3,2826,16,0.0,361,156,2670
4,2830,16,0.0,362,156,2674
8,2838,16,0.0,363,156,2682
6,2844,17,1.0,364,156,2688
5,2849,17,0.0,365,156,2693
2,2851,17,0.0,366,156,2695
4,2855,17,0.0,367,156,2699
11,2866,17,0.0,368,156,2710
8,2874,17,0.0,369,156,2718
6,2880,17,0.0,370,156,2724
7,2887,17,0.0,371,156,2731
5,2892,17,0.0,372,156,2736
9,2901,17,0.0,373,156,2745
12,2913,17,0.0,374,156,2757
5,2918,17,0.0,375,156,2762
3,2921,17,0.0,376,156,2765
6,2927,17,0.0,377,156,2771
10,2937,17,0.0,378,156,2781
14,2951,17,0.0,379,156,2795
12,2963,17,0.0,380,156,2807
3,2966,17,0.0,381,156,2810
8,2974,17,0.0,382,156,2818
5,2979,17,0.0,383,156,2823
2,2981,17,0.0,384,156,2825
7,2988,17,0.0,385,156,2832
12,3000,17,0.0,386,156,2844
3,3003,17,0.0,387,156,2847
9,3012,17,0.0,388,156,2856
6,3018,17,0.0,389,156,2862
20,3038,17,0.0,390,156,2882
33,3071,17,0.0,391,156,2915
6,3077,17,0.0,392,156,2921
6,3083,17,0.0,393,156,2927
3,3086,17,0.0,394,156,2930
2,3088,17,0.0,395,156,2932
3,3091,17,0.0,396,156,2935
3,3094,17,0.0,397,156,2938
2,3096,17,0.0,398,156,2940
6,3102,17,0.0,399,156,2946
6,3108,17,0.0,400,156,2952
8,3116,17,0.0,401,156,2960
2,3118,17,0.0,402,156,2962
7,3125,17,0.0,403,156,2969
14,3139,17,0.0,404,156,2983
3,3142,17,0.0,405,156,2986
6,3148,18,1.0,406,156,2992
4,3152,18,0.0,407,156,2996
6,3158,18,0.0,408,156,3002
2,3160,18,0.0,409,156,3004
3,3163,18,0.0,410,156,3007
7,3170,18,0.0,411,156,3014
3,3173,18,0.0,412,156,3017
6,3179,18,0.0,413,156,3023
4,3183,18,0.0,414,156,3027
6,3189,19,1.0,415,156,3033
10,3199,19,0.0,416,156,3043
2,3201,19,0.0,417,156,3045
4,3205,19,0.0,418,156,3049
13,3218,19,0.0,419,156,3062
16,3234,19,0.0,420,156,3078
2,3236,19,0.0,421,156,3080
2,3238,19,0.0,422,156,3082
12,3250,19,0.0,423,156,3094
3,3253,19,0.0,424,156,3097
5,3258,19,0.0,425,156,3102
12,3270,19,0.0,426,156,3114
2,3272,19,0.0,427,156,3116
25,3297,19,0.0,428,156,3141
3,3300,19,0.0,429,156,3144
2,3302,19,0.0,430,156,3146
5,3307,19,0.0,431,156,3151
4,3311,19,0.0,432,156,3155
2,3313,19,0.0,433,156,3157
3,3316,19,0.0,434,156,3160
10,3326,19,0.0,435,156,3170
9,3335,19,0.0,436,156,3179
3,3338,19,0.0,437,156,3182
3,3341,19,0.0,438,156,3185
8,3349,20,1.0,439,156,3193
5,3354,20,0.0,440,156,3198
10,3364,20,0.0,441,156,3208
14,3378,20,0.0,442,156,3222
5,3383,20,0.0,443,156,3227
2,3385,20,0.0,444,156,3229
3,3388,20,0.0,445,156,3232
8,3396,21,1.0,446,156,3240
8,3404,21,0.0,447,156,3248
8,3412,21,0.0,448,156,3256
4,3416,21,0.0,449,156,3260
7,3423,21,0.0,450,156,3267
14,3437,21,0.0,451,156,3281
6,3443,21,0.0,452,156,3287
19,3462,21,0.0,453,156,3306
10,3472,21,0.0,454,156,3316
10,3482,21,0.0,455,156,3326
6,3488,21,0.0,456,156,3332
6,3494,21,0.0,457,156,3338
8,3502,21,0.0,458,156,3346
19,3521,21,0.0,459,156,3365
7,3528,21,0.0,460,156,3372
5,3533,21,0.0,461,156,3377
20,3553,21,0.0,462,156,3397
4,3557,21,0.0,463,156,3401
3,3560,21,0.0,464,156,3404
7,3567,21,0.0,465,156,3411
2,3569,21,0.0,466,156,3413
11,3580,21,0.0,467,156,3424
15,3595,21,0.0,468,156,3439
2,3597,21,0.0,469,156,3441
4,3601,21,0.0,470,156,3445
17,3618,21,0.0,471,156,3462
9,3627,21,0.0,472,156,3471
9,3636,21,0.0,473,156,3480
5,3641,21,0.0,474,156,3485
13,3654,21,0.0,475,156,3498
4,3658,21,0.0,476,156,3502
8,3666,22,1.0,477,156,3510
10,3676,22,0.0,478,156,3520
3,3679,22,0.0,479,156,3523
7,3686,22,0.0,480,156,3530
5,3691,22,0.0,481,156,3535
4,3695,22,0.0,482,156,3539
6,3701,22,0.0,483,156,3545
29,3730,22,0.0,484,156,3574
3,3733,22,0.0,485,156,3577
2,3735,22,0.0,486,156,3579
8,3743,23,1.0,487,156,3587
2,3745,23,0.0,488,156,3589
5,3750,23,0.0,489,156,3594
45,3795,23,0.0,490,156,3639
5,3800,23,0.0,491,156,3644
2,3802,23,0.0,492,156,3646
14,3816,23,0.0,493,156,3660
9,3825,23,0.0,494,156,3669
13,3838,23,0.0,495,156,3682
5,3843,23,0.0,496,156,3687
4,3847,23,0.0,497,156,3691
6,3853,24,1.0,498,156,3697
8,3861,24,0.0,499,156,3705
5,3866,24,0.0,500,156,3710
5,3871,24,0.0,501,156,3715
6,3877,24,0.0,502,156,3721
7,3884,24,0.0,503,156,3728
4,3888,24,0.0,504,156,3732
7,3895,24,0.0,505,156,3739
7,3902,24,0.0,506,156,3746
9,3911,24,0.0,507,156,3755
5,3916,24,0.0,508,156,3760
7,3923,24,0.0,509,156,3767
17,3940,24,0.0,510,156,3784
8,3948,25,1.0,511,156,3792
18,3966,25,0.0,512,156,3810
2,3968,25,0.0,513,156,3812
6,3974,26,1.0,514,156,3818
6,3980,26,0.0,515,156,3824
2,3982,26,0.0,516,156,3826
6,3988,26,0.0,517,156,3832
2,3990,26,0.0,518,156,3834
7,3997,26,0.0,519,156,3841
4,4001,26,0.0,520,156,3845
3,4004,26,0.0,521,156,3848
2,4006,26,0.0,522,156,3850
2,4008,26,0.0,523,156,3852
8,4016,27,1.0,524,156,3860
3,4019,27,0.0,525,156,3863
5,4024,27,0.0,526,156,3868
2,4026,27,0.0,527,156,3870
8,4034,28,1.0,528,156,3878
8,4042,28,0.0,529,156,3886
4,4046,28,0.0,530,156,3890
4,4050,28,0.0,531,156,3894
10,4060,28,0.0,532,156,3904
13,4073,28,0.0,533,156,3917
13,4086,28,0.0,534,156,3930
5,4091,28,0.0,535,156,3935
5,4096,28,0.0,536,156,3940
5,4101,28,0.0,537,156,3945
9,4110,28,0.0,538,156,3954
18,4128,28,0.0,539,156,3972
6,4134,29,1.0,540,156,3978
2,4136,29,0.0,541,156,3980
11,4147,29,0.0,542,156,3991
2,4149,29,0.0,543,156,3993
8,4157,29,0.0,544,156,4001
4,4161,29,0.0,545,156,4005
3,4164,29,0.0,546,156,4008
9,4173,29,0.0,547,156,4017
11,4184,29,0.0,548,156,4028
6,4190,30,1.0,549,156,4034
8,4198,30,0.0,550,156,4042
6,4204,30,0.0,551,156,4048
13,4217,30,0.0,552,156,4061
15,4232,30,0.0,553,156,4076
2,4234,30,0.0,554,156,4078
14,4248,30,0.0,555,156,4092
5,4253,30,0.0,556,156,4097
11,4264,30,0.0,557,156,4108
4,4268,30,0.0,558,156,4112
4,4272,30,0.0,559,156,4116
16,4288,30,0.0,560,156,4132
6,4294,31,1.0,561,156,4138
14,4308,31,0.0,562,156,4152
3,4311,31,0.0,563,156,4155
10,4321,31,0.0,564,156,4165
5,4326,31,0.0,565,156,4170
6,4332,31,0.0,566,156,4176
13,4345,31,0.0,567,156,4189
15,4360,31,0.0,568,156,4204
4,4364,31,0.0,569,156,4208
8,4372,31,0.0,570,156,4216
5,4377,31,0.0,571,156,4221
10,4387,31,0.0,572,156,4231
3,4390,31,0.0,573,156,4234
6,4396,31,0.0,574,156,4240
6,4402,32,1.0,575,156,4246
4,4406,32,0.0,576,156,4250
8,4414,32,0.0,577,156,4258
12,4426,32,0.0,578,156,4270
2,4428,32,0.0,579,156,4272
5,4433,32,0.0,580,156,4277
16,4449,32,0.0,581,156,4293
5,4454,32,0.0,582,156,4298
7,4461,32,0.0,583,156,4305
5,4466,32,0.0,584,156,4310
6,4472,32,0.0,585,156,4316
3,4475,32,0.0,586,156,4319
5,4480,32,0.0,587,156,4324
7,4487,32,0.0,588,156,4331
8,4495,33,1.0,589,156,4339
21,4516,33,0.0,590,156,4360
11,4527,33,0.0,591,156,4371
8,4535,33,0.0,592,156,4379
15,4550,33,0.0,593,156,4394
5,4555,33,0.0,594,156,4399
6,4561,34,1.0,595,156,4405
7,4568,34,0.0,596,156,4412
2,4570,34,0.0,597,156,4414
14,4584,34,0.0,598,156,4428
8,4592,34,0.0,599,156,4436
3,4595,34,0.0,600,156,4439
5,4600,34,0.0,601,156,4444
15,4615,34,0.0,602,156,4459
3,4618,34,0.0,603,156,4462
16,4634,34,0.0,604,156,4478
2,4636,34,0.0,605,156,4480
21,4657,34,0.0,606,156,4501
11,4668,34,0.0,607,156,4512
3,4671,34,0.0,608,156,4515
11,4682,34,0.0,609,156,4526
6,4688,34,0.0,610,156,4532
14,4702,34,0.0,611,156,4546
4,4706,34,0.0,612,156,4550
2,4708,34,0.0,613,156,4552
2,4710,34,0.0,614,156,4554
13,4723,34,0.0,615,156,4567
25,4748,34,0.0,616,156,4592
10,4758,34,0.0,617,156,4602
5,4763,34,0.0,618,156,4607
9,4772,34,0.0,619,156,4616
5,4777,34,0.0,620,156,4621
9,4786,34,0.0,621,156,4630
2,4788,34,0.0,622,156,4632
9,4797,34,0.0,623,156,4641
13,4810,34,0.0,624,156,4654
6,4816,34,0.0,625,156,4660
4,4820,34,0.0,626,156,4664
9,4829,34,0.0,627,156,4673
12,4841,34,0.0,628,156,4685
7,4848,34,0.0,629,156,4692
16,4864,34,0.0,630,156,4708
2,4866,34,0.0,631,156,4710
5,4871,34,0.0,632,156,4715
11,4882,34,0.0,633,156,4726
2,4884,34,0.0,634,156,4728
10,4894,34,0.0,635,156,4738
26,4920,34,0.0,636,156,4764
10,4930,34,0.0,637,156,4774
6,4936,34,0.0,638,156,4780
5,4941,34,0.0,639,156,4785
14,4955,34,0.0,640,156,4799
3,4958,34,0.0,641,156,4802
6,4964,34,0.0,642,156,4808
2,4966,34,0.0,643,156,4810
3,4969,34,0.0,644,156,4813
2,4971,34,0.0,645,156,4815
10,4981,34,0.0,646,156,4825
4,4985,34,0.0,647,156,4829
7,4992,34,0.0,648,156,4836
5,4997,34,0.0,649,156,4841
8,5005,35,1.0,650,156,4849
3,5008,35,0.0,651,156,4852
6,5014,35,0.0,652,156,4858
3,5017,35,0.0,653,156,4861
4,5021,35,0.0,654,156,4865
7,5028,35,0.0,655,156,4872
8,5036,35,0.0,656,156,4880
11,5047,35,0.0,657,156,4891
4,5051,35,0.0,658,156,4895
5,5056,35,0.0,659,156,4900
15,5071,35,0.0,660,156,4915
2,5073,35,0.0,661,156,4917
2,5075,35,0.0,662,156,4919
5,5080,35,0.0,663,156,4924
11,5091,35,0.0,664,156,4935
5,5096,35,0.0,665,156,4940
2,5098,35,0.0,666,156,4942
7,5105,35,0.0,667,156,4949
11,5116,35,0.0,668,156,4960
2,5118,35,0.0,669,156,4962
5,5123,35,0.0,670,156,4967
6,5129,36,1.0,671,156,4973
7,5136,36,0.0,672,156,4980
6,5142,37,1.0,673,156,4986
10,5152,37,0.0,674,156,4996
5,5157,37,0.0,675,156,5001
4,5161,37,0.0,676,156,5005
11,5172,37,0.0,677,156,5016
3,5175,37,0.0,678,156,5019
12,5187,37,0.0,679,156,5031
2,5189,37,0.0,680,156,5033
10,5199,37,0.0,681,156,5043
8,5207,37,0.0,682,156,5051
10,5217,37,0.0,683,156,5061
2,5219,37,0.0,684,156,5063
17,5236,37,0.0,685,156,5080
2,5238,37,0.0,686,156,5082
8,5246,37,0.0,687,156,5090
4,5250,37,0.0,688,156,5094
2,5252,37,0.0,689,156,5096
5,5257,37,0.0,690,156,5101
15,5272,37,0.0,691,156,5116
8,5280,38,1.0,692,156,5124
2,5282,38,0.0,693,156,5126
18,5300,38,0.0,694,156,5144
13,5313,38,0.0,695,156,5157
2,5315,38,0.0,696,156,5159
8,5323,39,1.0,697,156,5167
2,5325,39,0.0,698,156,5169
4,5329,39,0.0,699,156,5173
2,5331,39,0.0,700,156,5175
4,5335,39,0.0,701,156,5179
6,5341,39,0.0,702,156,5185
6,5347,40,1.0,703,156,5191
5,5352,40,0.0,704,156,5196
2,5354,40,0.0,705,156,5198
5,5359,40,0.0,706,156,5203
2,5361,40,0.0,707,156,5205
8,5369,40,0.0,708,156,5213
5,5374,40,0.0,709,156,5218
8,5382,40,0.0,710,156,5226
12,5394,40,0.0,711,156,5238
8,5402,40,0.0,712,156,5246
8,5410,40,0.0,713,156,5254
8,5418,40,0.0,714,156,5262
3,5421,40,0.0,715,156,5265
2,5423,40,0.0,716,156,5267
6,5429,40,0.0,717,156,5273
18,5447,40,0.0,718,156,5291
3,5450,40,0.0,719,156,5294
9,5459,40,0.0,720,156,5303
5,5464,40,0.0,721,156,5308
10,5474,40,0.0,722,156,5318
8,5482,40,0.0,723,156,5326
18,5500,40,0.0,724,156,5344
19,5519,40,0.0,725,156,5363
2,5521,40,0.0,726,156,5365
10,5531,40,0.0,727,156,5375
4,5535,40,0.0,728,156,5379
3,5538,40,0.0,729,156,5382
3,5541,40,0.0,730,156,5385
4,5545,40,0.0,731,156,5389
4,5549,40,0.0,732,156,5393
2,5551,40,0.0,733,156,5395
6,5557,40,0.0,734,156,5401
12,5569,40,0.0,735,156,5413
5,5574,40,0.0,736,156,5418
5,5579,40,0.0,737,156,5423
4,5583,40,0.0,738,156,5427
5,5588,40,0.0,739,156,5432
3,5591,40,0.0,740,156,5435
7,5598,40,0.0,741,156,5442
4,5602,40,0.0,742,156,5446
7,5609,40,0.0,743,156,5453
3,5612,40,0.0,744,156,5456
5,5617,40,0.0,745,156,5461
6,5623,41,1.0,746,156,5467
32,5655,41,0.0,747,156,5499
2,5657,41,0.0,748,156,5501
4,5661,41,0.0,749,156,5505
21,5682,41,0.0,750,156,5526
2,5684,41,0.0,751,156,5528
6,5690,41,0.0,752,156,5534
5,5695,41,0.0,753,156,5539
3,5698,41,0.0,754,156,5542
10,5708,41,0.0,755,156,5552
9,5717,41,0.0,756,156,5561
4,5721,41,0.0,757,156,5565
2,5723,41,0.0,758,156,5567
16,5739,41,0.0,759,156,5583
4,5743,41,0.0,760,156,5587
4,5747,41,0.0,761,156,5591
27,5774,41,0.0,762,156,5618
13,5787,41,0.0,763,156,5631
3,5790,41,0.0,764,156,5634
19,5809,41,0.0,765,156,5653
7,5816,41,0.0,766,156,5660
16,5832,41,0.0,767,156,5676
4,5836,41,0.0,768,156,5680
6,5842,41,0.0,769,156,5686
6,5848,42,1.0,770,156,5692
6,5854,42,0.0,771,156,5698
27,5881,42,0.0,772,156,5725
4,5885,42,0.0,773,156,5729
5,5890,42,0.0,774,156,5734
2,5892,42,0.0,775,156,5736
5,5897,42,0.0,776,156,5741
16,5913,42,0.0,777,156,5757
9,5922,42,0.0,778,156,5766
4,5926,42,0.0,779,156,5770
10,5936,42,0.0,780,156,5780
9,5945,42,0.0,781,156,5789
3,5948,42,0.0,782,156,5792
3,5951,42,0.0,783,156,5795
4,5955,42,0.0,784,156,5799
18,5973,42,0.0,785,156,5817
4,5977,42,0.0,786,156,5821
8,5985,42,0.0,787,156,5829
7,5992,42,0.0,788,156,5836
3,5995,42,0.0,789,156,5839
4,5999,42,0.0,790,156,5843
9,6008,42,0.0,791,156,5852
2,6010,42,0.0,792,156,5854
6,6016,43,1.0,793,156,5860
13,6029,43,0.0,794,156,5873
4,6033,43,0.0,795,156,5877
14,6047,43,0.0,796,156,5891
12,6059,43,0.0,797,156,5903
22,6081,43,0.0,798,156,5925
12,6093,43,0.0,799,156,5937
3,6096,43,0.0,800,156,5940
8,6104,44,1.0,801,156,5948
6,6110,44,0.0,802,156,5954
4,6114,44,0.0,803,156,5958
6,6120,44,0.0,804,156,5964
4,6124,44,0.0,805,156,5968
12,6136,44,0.0,806,156,5980
9,6145,44,0.0,807,156,5989
4,6149,44,0.0,808,156,5993
6,6155,45,1.0,809,156,5999
2,6157,45,0.0,810,156,6001
6,6163,45,0.0,811,156,6007
5,6168,45,0.0,812,156,6012
6,6174,45,0.0,813,156,6018
16,6190,45,0.0,814,156,6034
2,6192,45,0.0,815,156,6036
7,6199,45,0.0,816,156,6043
9,6208,45,0.0,817,156,6052
2,6210,45,0.0,818,156,6054
6,6216,46,1.0,819,156,6060
4,6220,46,0.0,820,156,6064
3,6223,46,0.0,821,156,6067
7,6230,46,0.0,822,156,6074
6,6236,46,0.0,823,156,6080
25,6261,46,0.0,824,156,6105
2,6263,46,0.0,825,156,6107
6,6269,46,0.0,826,156,6113
11,6280,46,0.0,827,156,6124
4,6284,46,0.0,828,156,6128
7,6291,46,0.0,829,156,6135
6,6297,47,1.0,830,156,6141
3,6300,47,0.0,831,156,6144
2,6302,47,0.0,832,156,6146
5,6307,47,0.0,833,156,6151
6,6313,48,1.0,834,156,6157
4,6317,48,0.0,835,156,6161
8,6325,48,0.0,836,156,6169
6,6331,48,0.0,837,156,6175
7,6338,48,0.0,838,156,6182
5,6343,48,0.0,839,156,6187
8,6351,48,0.0,840,156,6195
8,6359,48,0.0,841,156,6203
2,6361,48,0.0,842,156,6205
8,6369,48,0.0,843,156,6213
2,6371,48,0.0,844,156,6215
18,6389,48,0.0,845,156,6233
6,6395,49,1.0,846,156,6239
3,6398,49,0.0,847,156,6242
2,6400,49,0.0,848,156,6244
6,6406,50,1.0,849,156,6250
16,6422,50,0.0,850,156,6266
26,6448,50,0.0,851,156,6292
4,6452,50,0.0,852,156,6296
10,6462,50,0.0,853,156,6306
6,6468,50,0.0,854,156,6312
16,6484,50,0.0,855,156,6328
2,6486,50,0.0,856,156,6330
6,6492,50,0.0,857,156,6336
6,6498,50,0.0,858,156,6342
4,6502,50,0.0,859,156,6346
19,6521,50,0.0,860,156,6365
2,6523,50,0.0,861,156,6367
6,6529,50,0.0,862,156,6373
5,6534,50,0.0,863,156,6378
7,6541,50,0.0,864,156,6385
3,6544,50,0.0,865,156,6388
3,6547,50,0.0,866,156,6391
13,6560,50,0.0,867,156,6404
13,6573,50,0.0,868,156,6417
6,6579,50,0.0,869,156,6423
4,6583,50,0.0,870,156,6427
5,6588,50,0.0,871,156,6432
12,6600,50,0.0,872,156,6444
8,6608,50,0.0,873,156,6452
11,6619,50,0.0,874,156,6463
6,6625,51,1.0,875,156,6469
7,6632,51,0.0,876,156,6476
18,6650,51,0.0,877,156,6494
8,6658,51,0.0,878,156,6502
6,6664,51,0.0,879,156,6508
2,6666,51,0.0,880,156,6510
6,6672,52,1.0,881,156,6516
21,6693,52,0.0,882,156,6537
21,6714,52,0.0,883,156,6558
6,6720,52,0.0,884,156,6564
14,6734,52,0.0,885,156,6578
5,6739,52,0.0,886,156,6583
8,6747,52,0.0,887,156,6591
13,6760,52,0.0,888,156,6604
7,6767,52,0.0,889,156,6611
2,6769,52,0.0,890,156,6613
8,6777,52,0.0,891,156,6621
6,6783,52,0.0,892,156,6627
9,6792,52,0.0,893,156,6636
5,6797,52,0.0,894,156,6641
4,6801,52,0.0,895,156,6645
9,6810,52,0.0,896,156,6654
5,6815,52,0.0,897,156,6659
12,6827,52,0.0,898,156,6671
13,6840,52,0.0,899,156,6684
3,6843,52,0.0,900,156,6687
13,6856,52,0.0,901,156,6700
3,6859,52,0.0,902,156,6703
4,6863,52,0.0,903,156,6707
4,6867,52,0.0,904,156,6711
7,6874,52,0.0,905,156,6718
6,6880,52,0.0,906,156,6724
12,6892,52,0.0,907,156,6736
4,6896,52,0.0,908,156,6740
24,6920,52,0.0,909,156,6764
8,6928,52,0.0,910,156,6772
4,6932,52,0.0,911,156,6776
4,6936,52,0.0,912,156,6780
7,6943,52,0.0,913,156,6787
3,6946,52,0.0,914,156,6790
3,6949,52,0.0,915,156,6793
6,6955,52,0.0,916,156,6799
4,6959,52,0.0,917,156,6803
11,6970,52,0.0,918,156,6814
23,6993,53,1.0,919,156,6837
20,7013,53,0.0,920,156,6857
9,7022,53,0.0,921,156,6866
2,7024,53,0.0,922,156,6868
2,7026,53,0.0,923,156,6870
4,7030,53,0.0,924,156,6874
8,7038,53,0.0,925,156,6882
2,7040,53,0.0,926,156,6884
5,7045,53,0.0,927,156,6889
3,7048,53,0.0,928,156,6892
3,7051,53,0.0,929,156,6895
8,7059,54,1.0,930,156,6903
18,7077,54,0.0,931,156,6921
19,7096,54,0.0,932,156,6940
9,7105,54,0.0,933,156,6949
9,7114,54,0.0,934,156,6958
11,7125,54,0.0,935,156,6969
2,7127,54,0.0,936,156,6971
18,7145,54,0.0,937,156,6989
2,7147,54,0.0,938,156,6991
4,7151,54,0.0,939,156,6995
18,7169,54,0.0,940,156,7013
10,7179,54,0.0,941,156,7023
16,7195,54,0.0,942,156,7039
6,7201,55,1.0,943,156,7045
18,7219,55,0.0,944,156,7063
6,7225,55,0.0,945,156,7069
12,7237,55,0.0,946,156,7081
7,7244,55,0.0,947,156,7088
2,7246,55,0.0,948,156,7090
19,7265,55,0.0,949,156,7109
9,7274,55,0.0,950,156,7118
6,7280,56,1.0,951,156,7124
3,7283,56,0.0,952,156,7127
5,7288,56,0.0,953,156,7132
3,7291,56,0.0,954,156,7135
7,7298,56,0.0,955,156,7142
12,7310,56,0.0,956,156,7154
6,7316,56,0.0,957,156,7160
4,7320,56,0.0,958,156,7164
20,7340,56,0.0,959,156,7184
8,7348,56,0.0,960,156,7192
2,7350,56,0.0,961,156,7194
2,7352,56,0.0,962,156,7196
6,7358,56,0.0,963,156,7202
3,7361,56,0.0,964,156,7205
13,7374,56,0.0,965,156,7218
6,7380,57,1.0,966,156,7224
5,7385,57,0.0,967,156,7229
5,7390,57,0.0,968,156,7234
4,7394,57,0.0,969,156,7238
4,7398,57,0.0,970,156,7242
18,7416,57,0.0,971,156,7260
2,7418,57,0.0,972,156,7262
2,7420,57,0.0,973,156,7264
6,7426,57,0.0,974,156,7270
20,7446,57,0.0,975,156,7290
3,7449,57,0.0,976,156,7293
10,7459,57,0.0,977,156,7303
6,7465,57,0.0,978,156,7309
14,7479,57,0.0,979,156,7323
2,7481,57,0.0,980,156,7325
2,7483,57,0.0,981,156,7327
11,7494,57,0.0,982,156,7338
6,7500,57,0.0,983,156,7344
9,7509,57,0.0,984,156,7353
2,7511,57,0.0,985,156,7355
20,7531,57,0.0,986,156,7375
13,7544,57,0.0,987,156,7388
7,7551,57,0.0,988,156,7395
7,7558,57,0.0,989,156,7402
2,7560,57,0.0,990,156,7404
2,7562,57,0.0,991,156,7406
7,7569,57,0.0,992,156,7413
3,7572,57,0.0,993,156,7416
2,7574,57,0.0,994,156,7418
5,7579,57,0.0,995,156,7423
8,7587,58,1.0,996,156,7431
6,7593,59,1.0,997,156,7437
8,7601,59,0.0,998,156,7445
12,7613,59,0.0,999,156,7457
13,7626,59,0.0,1000,156,7470
3,7629,59,0.0,1001,156,7473
6,7635,59,0.0,1002,156,7479
11,7646,59,0.0,1003,156,7490
4,7650,59,0.0,1004,156,7494
6,7656,59,0.0,1005,156,7500
12,7668,59,0.0,1006,156,7512
10,7678,59,0.0,1007,156,7522
2,7680,59,0.0,1008,156,7524
9,7689,59,0.0,1009,156,7533
2,7691,59,0.0,1010,156,7535
6,7697,60,1.0,1011,156,7541
6,7703,61,1.0,1012,156,7547
3,7706,61,0.0,1013,156,7550
6,7712,61,0.0,1014,156,7556
2,7714,61,0.0,1015,156,7558
11,7725,61,0.0,1016,156,7569
8,7733,61,0.0,1017,156,7577
5,7738,61,0.0,1018,156,7582
6,7744,62,1.0,1019,156,7588
13,7757,62,0.0,1020,156,7601
11,7768,62,0.0,1021,156,7612
18,7786,62,0.0,1022,156,7630
7,7793,62,0.0,1023,156,7637
6,7799,62,0.0,1024,156,7643
8,7807,62,0.0,1025,156,7651
4,7811,62,0.0,1026,156,7655
6,7817,63,1.0,1027,156,7661
18,7835,63,0.0,1028,156,7679
6,7841,63,0.0,1029,156,7685
4,7845,63,0.0,1030,156,7689
2,7847,63,0.0,1031,156,7691
11,7858,63,0.0,1032,156,7702
9,7867,63,0.0,1033,156,7711
12,7879,63,0.0,1034,156,7723
3,7882,63,0.0,1035,156,7726
6,7888,64,1.0,1036,156,7732
2,7890,64,0.0,1037,156,7734
2,7892,64,0.0,1038,156,7736
2,7894,64,0.0,1039,156,7738
7,7901,64,0.0,1040,156,7745
18,7919,64,0.0,1041,156,7763
2,7921,64,0.0,1042,156,7765
10,7931,64,0.0,1043,156,7775
4,7935,64,0.0,1044,156,7779
18,7953,64,0.0,1045,156,7797
4,7957,64,0.0,1046,156,7801
4,7961,64,0.0,1047,156,7805
6,7967,64,0.0,1048,156,7811
4,7971,64,0.0,1049,156,7815
6,7977,65,1.0,1050,156,7821
16,7993,65,0.0,1051,156,7837
4,7997,65,0.0,1052,156,7841
5,8002,65,0.0,1053,156,7846
7,8009,65,0.0,1054,156,7853
2,8011,65,0.0,1055,156,7855
8,8019,65,0.0,1056,156,7863
7,8026,65,0.0,1057,156,7870
4,8030,65,0.0,1058,156,7874
11,8041,65,0.0,1059,156,7885
6,8047,66,1.0,1060,156,7891
7,8054,66,0.0,1061,156,7898
4,8058,66,0.0,1062,156,7902
23,8081,66,0.0,1063,156,7925
2,8083,66,0.0,1064,156,7927
11,8094,66,0.0,1065,156,7938
23,8117,66,0.0,1066,156,7961
18,8135,66,0.0,1067,156,7979
8,8143,67,1.0,1068,156,7987
25,8168,67,0.0,1069,156,8012
3,8171,67,0.0,1070,156,8015
2,8173,67,0.0,1071,156,8017
10,8183,67,0.0,1072,156,8027
19,8202,67,0.0,1073,156,8046
20,8222,67,0.0,1074,156,8066
6,8228,68,1.0,1075,156,8072
14,8242,68,0.0,1076,156,8086
8,8250,68,0.0,1077,156,8094
12,8262,68,0.0,1078,156,8106
11,8273,68,0.0,1079,156,8117
13,8286,68,0.0,1080,156,8130
9,8295,68,0.0,1081,156,8139
17,8312,68,0.0,1082,156,8156
7,8319,68,0.0,1083,156,8163
8,8327,68,0.0,1084,156,8171
14,8341,68,0.0,1085,156,8185
9,8350,68,0.0,1086,156,8194
2,8352,68,0.0,1087,156,8196
8,8360,69,1.0,1088,156,8204
2,8362,69,0.0,1089,156,8206
6,8368,70,1.0,1090,156,8212
6,8374,71,1.0,1091,156,8218
17,8391,71,0.0,1092,156,8235
6,8397,71,0.0,1093,156,8241
22,8419,71,0.0,1094,156,8263
5,8424,71,0.0,1095,156,8268
7,8431,71,0.0,1096,156,8275
10,8441,71,0.0,1097,156,8285
13,8454,71,0.0,1098,156,8298
7,8461,71,0.0,1099,156,8305
4,8465,71,0.0,1100,156,8309
14,8479,71,0.0,1101,156,8323
2,8481,71,0.0,1102,156,8325
16,8497,71,0.0,1103,156,8341
4,8501,71,0.0,1104,156,8345
5,8506,71,0.0,1105,156,8350
4,8510,71,0.0,1106,156,8354
20,8530,71,0.0,1107,156,8374
9,8539,71,0.0,1108,156,8383
8,8547,71,0.0,1109,156,8391
5,8552,71,0.0,1110,156,8396
8,8560,71,0.0,1111,156,8404
2,8562,71,0.0,1112,156,8406
18,8580,71,0.0,1113,156,8424
5,8585,71,0.0,1114,156,8429
10,8595,71,0.0,1115,156,8439
3,8598,71,0.0,1116,156,8442
8,8606,71,0.0,1117,156,8450
2,8608,71,0.0,1118,156,8452
5,8613,71,0.0,1119,156,8457
14,8627,71,0.0,1120,156,8471
10,8637,71,0.0,1121,156,8481
16,8653,71,0.0,1122,156,8497
6,8659,72,1.0,1123,156,8503
18,8677,72,0.0,1124,156,8521
20,8697,72,0.0,1125,156,8541
8,8705,73,1.0,1126,156,8549
9,8714,73,0.0,1127,156,8558
6,8720,74,1.0,1128,156,8564
8,8728,74,0.0,1129,156,8572
6,8734,75,1.0,1130,156,8578
21,8755,75,0.0,1131,156,8599
11,8766,75,0.0,1132,156,8610
10,8776,75,0.0,1133,156,8620
3,8779,75,0.0,1134,156,8623
6,8785,76,1.0,1135,156,8629
6,8791,76,0.0,1136,156,8635
9,8800,76,0.0,1137,156,8644
7,8807,76,0.0,1138,156,8651
12,8819,76,0.0,1139,156,8663
6,8825,77,1.0,1140,156,8669
8,8833,77,0.0,1141,156,8677
6,8839,77,0.0,1142,156,8683
8,8847,77,0.0,1143,156,8691
4,8851,77,0.0,1144,156,8695
7,8858,77,0.0,1145,156,8702
7,8865,77,0.0,1146,156,8709
5,8870,77,0.0,1147,156,8714
6,8876,77,0.0,1148,156,8720
5,8881,77,0.0,1149,156,8725
6,8887,78,1.0,1150,156,8731
6,8893,79,1.0,1151,156,8737
5,8898,79,0.0,1152,156,8742
8,8906,80,1.0,1153,156,8750
8,8914,81,1.0,1154,156,8758
9,8923,81,0.0,1155,156,8767
4,8927,81,0.0,1156,156,8771
2,8929,81,0.0,1157,156,8773
11,8940,81,0.0,1158,156,8784
6,8946,81,0.0,1159,156,8790
3,8949,81,0.0,1160,156,8793
6,8955,82,1.0,1161,156,8799
13,8968,82,0.0,1162,156,8812
2,8970,82,0.0,1163,156,8814
6,8976,82,0.0,1164,156,8820
8,8984,83,1.0,1165,156,8828
13,8997,83,0.0,1166,156,8841
19,9016,83,0.0,1167,156,8860
3,9019,83,0.0,1168,156,8863
18,9037,83,0.0,1169,156,8881
3,9040,83,0.0,1170,156,8884
3,9043,83,0.0,1171,156,8887
9,9052,83,0.0,1172,156,8896
8,9060,84,1.0,1173,156,8904
6,9066,84,0.0,1174,156,8910
4,9070,84,0.0,1175,156,8914
10,9080,84,0.0,1176,156,8924
8,9088,84,0.0,1177,156,8932
9,9097,84,0.0,1178,156,8941
6,9103,85,1.0,1179,156,8947
13,9116,85,0.0,1180,156,8960
8,9124,86,1.0,1181,156,8968
4,9128,86,0.0,1182,156,8972
11,9139,86,0.0,1183,156,8983
4,9143,86,0.0,1184,156,8987
9,9152,86,0.0,1185,156,8996
17,9169,86,0.0,1186,156,9013
9,9178,86,0.0,1187,156,9022
5,9183,86,0.0,1188,156,9027
18,9201,86,0.0,1189,156,9045
7,9208,86,0.0,1190,156,9052
14,9222,86,0.0,1191,156,9066
3,9225,86,0.0,1192,156,9069
5,9230,86,0.0,1193,156,9074
8,9238,86,0.0,1194,156,9082
4,9242,86,0.0,1195,156,9086
6,9248,87,1.0,1196,156,9092
4,9252,87,0.0,1197,156,9096
11,9263,87,0.0,1198,156,9107
3,9266,87,0.0,1199,156,9110
2,9268,87,0.0,1200,156,9112
16,9284,87,0.0,1201,156,9128
4,9288,87,0.0,1202,156,9132
6,9294,88,1.0,1203,156,9138
12,9306,88,0.0,1204,156,9150
13,9319,88,0.0,1205,156,9163
2,9321,88,0.0,1206,156,9165
5,9326,88,0.0,1207,156,9170
4,9330,88,0.0,1208,156,9174
4,9334,88,0.0,1209,156,9178
17,9351,88,0.0,1210,156,9195
20,9371,88,0.0,1211,156,9215
6,9377,88,0.0,1212,156,9221
6,9383,88,0.0,1213,156,9227
6,9389,88,0.0,1214,156,9233
3,9392,88,0.0,1215,156,9236
5,9397,88,0.0,1216,156,9241
6,9403,89,1.0,1217,156,9247
6,9409,89,0.0,1218,156,9253
15,9424,89,0.0,1219,156,9268
8,9432,90,1.0,1220,156,9276
15,9447,90,0.0,1221,156,9291
8,9455,91,1.0,1222,156,9299
3,9458,91,0.0,1223,156,9302
3,9461,91,0.0,1224,156,9305
5,9466,91,0.0,1225,156,9310
27,9493,91,0.0,1226,156,9337
14,9507,91,0.0,1227,156,9351
9,9516,91,0.0,1228,156,9360
4,9520,91,0.0,1229,156,9364
14,9534,91,0.0,1230,156,9378
8,9542,91,0.0,1231,156,9386
6,9548,91,0.0,1232,156,9392
20,9568,91,0.0,1233,156,9412
3,9571,91,0.0,1234,156,9415
8,9579,91,0.0,1235,156,9423
17,9596,91,0.0,1236,156,9440
2,9598,91,0.0,1237,156,9442
6,9604,92,1.0,1238,156,9448
4,9608,92,0.0,1239,156,9452
4,9612,92,0.0,1240,156,9456
20,9632,92,0.0,1241,156,9476
11,9643,92,0.0,1242,156,9487
11,9654,92,0.0,1243,156,9498
6,9660,93,1.0,1244,156,9504
26,9686,93,0.0,1245,156,9530
6,9692,93,0.0,1246,156,9536
8,9700,93,0.0,1247,156,9544
6,9706,94,1.0,1248,156,9550
19,9725,94,0.0,1249,156,9569
13,9738,94,0.0,1250,156,9582
4,9742,94,0.0,1251,156,9586
6,9748,95,1.0,1252,156,9592
2,9750,95,0.0,1253,156,9594
4,9754,95,0.0,1254,156,9598
6,9760,96,1.0,1255,156,9604
6,9766,96,0.0,1256,156,9610
2,9768,96,0.0,1257,156,9612
35,9803,96,0.0,1258,156,9647
4,9807,96,0.0,1259,156,9651
6,9813,96,0.0,1260,156,9657
5,9818,96,0.0,1261,156,9662
6,9824,97,1.0,1262,156,9668
3,9827,97,0.0,1263,156,9671
4,9831,97,0.0,1264,156,9675
2,9833,97,0.0,1265,156,9677
19,9852,97,0.0,1266,156,9696
4,9856,97,0.0,1267,156,9700
20,9876,97,0.0,1268,156,9720
4,9880,97,0.0,1269,156,9724
29,9909,97,0.0,1270,156,9753
8,9917,98,1.0,1271,156,9761
14,9931,98,0.0,1272,156,9775
15,9946,98,0.0,1273,156,9790
6,9952,99,1.0,1274,156,9796
4,9956,99,0.0,1275,156,9800
6,9962,100,1.0,1276,156,9806
6,9968,100,0.0,1277,156,9812
9,9977,100,0.0,1278,156,9821
8,9985,100,0.0,1279,156,9829
2,9987,100,0.0,1280,156,9831
6,9993,101,1.0,1281,156,9837
4,9997,101,0.0,1282,156,9841
18,10015,101,0.0,1283,156,9859
3,10018,101,0.0,1284,156,9862
13,10031,101,0.0,1285,156,9875
6,10037,102,1.0,1286,156,9881
4,10041,102,0.0,1287,156,9885
8,10049,103,1.0,1288,156,9893
9,10058,103,0.0,1289,156,9902
14,10072,103,0.0,1290,156,9916
11,10083,103,0.0,1291,156,9927
6,10089,103,0.0,1292,156,9933
2,10091,103,0.0,1293,156,9935
6,10097,104,1.0,1294,156,9941
8,10105,104,0.0,1295,156,9949
9,10114,104,0.0,1296,156,9958
3,10117,104,0.0,1297,156,9961
4,10121,104,0.0,1298,156,9965
7,10128,104,0.0,1299,156,9972
6,10134,104,0.0,1300,156,9978
11,10145,104,0.0,1301,156,9989
2,10147,104,0.0,1302,156,9991
2,10149,104,0.0,1303,156,9993
5,10154,104,0.0,1304,156,9998
22,10176,104,0.0,1305,156,10020
6,10182,104,0.0,1306,156,10026
2,10184,104,0.0,1307,156,10028
6,10190,105,1.0,1308,156,10034
9,10199,105,0.0,1309,156,10043
8,10207,105,0.0,1310,156,10051
5,10212,105,0.0,1311,156,10056
6,10218,106,1.0,1312,156,10062
17,10235,106,0.0,1313,156,10079
19,10254,106,0.0,1314,156,10098
3,10257,106,0.0,1315,156,10101
4,10261,106,0.0,1316,156,10105
12,10273,106,0.0,1317,156,10117
4,10277,106,0.0,1318,156,10121
13,10290,106,0.0,1319,156,10134
5,10295,106,0.0,1320,156,10139
12,10307,106,0.0,1321,156,10151
3,10310,106,0.0,1322,156,10154
16,10326,106,0.0,1323,156,10170
9,10335,106,0.0,1324,156,10179
8,10343,106,0.0,1325,156,10187
6,10349,107,1.0,1326,156,10193
20,10369,107,0.0,1327,156,10213
15,10384,107,0.0,1328,156,10228
31,10415,107,0.0,1329,156,10259
12,10427,107,0.0,1330,156,10271
2,10429,107,0.0,1331,156,10273
6,10435,108,1.0,1332,156,10279
26,10461,108,0.0,1333,156,10305
8,10469,108,0.0,1334,156,10313
19,10488,108,0.0,1335,156,10332
41,10529,108,0.0,1336,156,10373
4,10533,108,0.0,1337,156,10377
6,10539,108,0.0,1338,156,10383
3,10542,108,0.0,1339,156,10386
12,10554,108,0.0,1340,156,10398
16,10570,108,0.0,1341,156,10414
5,10575,108,0.0,1342,156,10419
11,10586,108,0.0,1343,156,10430
2,10588,108,0.0,1344,156,10432
6,10594,108,0.0,1345,156,10438
16,10610,108,0.0,1346,156,10454
6,10616,109,1.0,1347,156,10460
6,10622,109,0.0,1348,156,10466
7,10629,109,0.0,1349,156,10473
9,10638,109,0.0,1350,156,10482
11,10649,109,0.0,1351,156,10493
5,10654,109,0.0,1352,156,10498
8,10662,110,1.0,1353,156,10506
3,10665,110,0.0,1354,156,10509
6,10671,111,1.0,1355,156,10515
3,10674,111,0.0,1356,156,10518
3,10677,111,0.0,1357,156,10521
3,10680,111,0.0,1358,156,10524
3,10683,111,0.0,1359,156,10527
4,10687,111,0.0,1360,156,10531
2,10689,111,0.0,1361,156,10533
6,10695,111,0.0,1362,156,10539
20,10715,111,0.0,1363,156,10559
12,10727,111,0.0,1364,156,10571
8,10735,112,1.0,1365,156,10579
18,10753,112,0.0,1366,156,10597
5,10758,112,0.0,1367,156,10602
2,10760,112,0.0,1368,156,10604
8,10768,112,0.0,1369,156,10612
4,10772,112,0.0,1370,156,10616
11,10783,112,0.0,1371,156,10627
17,10800,112,0.0,1372,156,10644
3,10803,112,0.0,1373,156,10647
4,10807,112,0.0,1374,156,10651
5,10812,112,0.0,1375,156,10656
8,10820,113,1.0,1376,156,10664
5,10825,113,0.0,1377,156,10669
8,10833,113,0.0,1378,156,10677
4,10837,113,0.0,1379,156,10681
2,10839,113,0.0,1380,156,10683
2,10841,113,0.0,1381,156,10685
8,10849,113,0.0,1382,156,10693
15,10864,113,0.0,1383,156,10708
5,10869,113,0.0,1384,156,10713
3,10872,113,0.0,1385,156,10716
13,10885,113,0.0,1386,156,10729
2,10887,113,0.0,1387,156,10731
6,10893,114,1.0,1388,156,10737
6,10899,114,0.0,1389,156,10743
2,10901,114,0.0,1390,156,10745
7,10908,114,0.0,1391,156,10752
6,10914,114,0.0,1392,156,10758
7,10921,114,0.0,1393,156,10765
15,10936,114,0.0,1394,156,10780
23,10959,114,0.0,1395,156,10803
2,10961,114,0.0,1396,156,10805
6,10967,114,0.0,1397,156,10811
8,10975,114,0.0,1398,156,10819
16,10991,114,0.0,1399,156,10835
20,11011,114,0.0,1400,156,10855
13,11024,114,0.0,1401,156,10868
17,11041,114,0.0,1402,156,10885
16,11057,114,0.0,1403,156,10901
7,11064,114,0.0,1404,156,10908
2,11066,114,0.0,1405,156,10910
6,11072,115,1.0,1406,156,10916
6,11078,115,0.0,1407,156,10922
16,11094,115,0.0,1408,156,10938
16,11110,115,0.0,1409,156,10954
18,11128,115,0.0,1410,156,10972
10,11138,115,0.0,1411,156,10982
6,11144,116,1.0,1412,156,10988
15,11159,116,0.0,1413,156,11003
7,11166,116,0.0,1414,156,11010
13,11179,116,0.0,1415,156,11023
9,11188,116,0.0,1416,156,11032
11,11199,116,0.0,1417,156,11043
8,11207,116,0.0,1418,156,11051
11,11218,116,0.0,1419,156,11062
6,11224,116,0.0,1420,156,11068
8,11232,117,1.0,1421,156,11076
5,11237,117,0.0,1422,156,11081
6,11243,118,1.0,1423,156,11087
8,11251,118,0.0,1424,156,11095
2,11253,118,0.0,1425,156,11097
8,11261,118,0.0,1426,156,11105
15,11276,118,0.0,1427,156,11120
3,11279,118,0.0,1428,156,11123
6,11285,119,1.0,1429,156,11129
30,11315,119,0.0,1430,156,11159
4,11319,119,0.0,1431,156,11163
7,11326,119,0.0,1432,156,11170
5,11331,119,0.0,1433,156,11175
2,11333,119,0.0,1434,156,11177
11,11344,119,0.0,1435,156,11188
9,11353,119,0.0,1436,156,11197
6,11359,120,1.0,1437,156,11203
6,11365,120,0.0,1438,156,11209
6,11371,121,1.0,1439,156,11215
21,11392,121,0.0,1440,156,11236
3,11395,121,0.0,1441,156,11239
6,11401,121,0.0,1442,156,11245
5,11406,121,0.0,1443,156,11250
5,11411,121,0.0,1444,156,11255
9,11420,121,0.0,1445,156,11264
3,11423,121,0.0,1446,156,11267
4,11427,121,0.0,1447,156,11271
12,11439,121,0.0,1448,156,11283
7,11446,121,0.0,1449,156,11290
2,11448,121,0.0,1450,156,11292
3,11451,121,0.0,1451,156,11295
7,11458,121,0.0,1452,156,11302
5,11463,121,0.0,1453,156,11307
2,11465,121,0.0,1454,156,11309
15,11480,121,0.0,1455,156,11324
3,11483,121,0.0,1456,156,11327
8,11491,121,0.0,1457,156,11335
2,11493,121,0.0,1458,156,11337
12,11505,121,0.0,1459,156,11349
5,11510,121,0.0,1460,156,11354
6,11516,122,1.0,1461,156,11360
4,11520,122,0.0,1462,156,11364
6,11526,123,1.0,1463,156,11370
2,11528,123,0.0,1464,156,11372
2,11530,123,0.0,1465,156,11374
2,11532,123,0.0,1466,156,11376
13,11545,123,0.0,1467,156,11389
6,11551,124,1.0,1468,156,11395
6,11557,125,1.0,1469,156,11401
2,11559,125,0.0,1470,156,11403
21,11580,125,0.0,1471,156,11424
15,11595,125,0.0,1472,156,11439
6,11601,125,0.0,1473,156,11445
6,11607,126,1.0,1474,156,11451
2,11609,126,0.0,1475,156,11453
6,11615,127,1.0,1476,156,11459
11,11626,127,0.0,1477,156,11470
8,11634,127,0.0,1478,156,11478
6,11640,128,1.0,1479,156,11484
3,11643,128,0.0,1480,156,11487
2,11645,128,0.0,1481,156,11489
12,11657,128,0.0,1482,156,11501
6,11663,129,1.0,1483,156,11507
11,11674,129,0.0,1484,156,11518
8,11682,129,0.0,1485,156,11526
6,11688,130,1.0,1486,156,11532
12,11700,130,0.0,1487,156,11544
2,11702,130,0.0,1488,156,11546
3,11705,130,0.0,1489,156,11549
6,11711,131,1.0,1490,156,11555
17,11728,131,0.0,1491,156,11572
6,11734,132,1.0,1492,156,11578
3,11737,132,0.0,1493,156,11581
21,11758,132,0.0,1494,156,11602
6,11764,132,0.0,1495,156,11608
8,11772,132,0.0,1496,156,11616
6,11778,133,1.0,1497,156,11622
8,11786,133,0.0,1498,156,11630
6,11792,133,0.0,1499,156,11636
2,11794,133,0.0,1500,156,11638
5,11799,133,0.0,1501,156,11643
6,11805,133,0.0,1502,156,11649
19,11824,133,0.0,1503,156,11668
23,11847,133,0.0,1504,156,11691
4,11851,133,0.0,1505,156,11695
16,11867,133,0.0,1506,156,11711
11,11878,133,0.0,1507,156,11722
6,11884,134,1.0,1508,156,11728
6,11890,135,1.0,1509,156,11734
26,11916,135,0.0,1510,156,11760
11,11927,135,0.0,1511,156,11771
6,11933,136,1.0,1512,156,11777
15,11948,136,0.0,1513,156,11792
3,11951,136,0.0,1514,156,11795
6,11957,137,1.0,1515,156,11801
6,11963,138,1.0,1516,156,11807
6,11969,139,1.0,1517,156,11813
7,11976,139,0.0,1518,156,11820
6,11982,140,1.0,1519,156,11826
8,11990,140,0.0,1520,156,11834
6,11996,140,0.0,1521,156,11840
21,12017,140,0.0,1522,156,11861
8,12025,140,0.0,1523,156,11869
3,12028,140,0.0,1524,156,11872
9,12037,140,0.0,1525,156,11881
6,12043,141,1.0,1526,156,11887
6,12049,142,1.0,1527,156,11893
3,12052,142,0.0,1528,156,11896
6,12058,143,1.0,1529,156,11902
2,12060,143,0.0,1530,156,11904
2,12062,143,0.0,1531,156,11906
6,12068,144,1.0,1532,156,11912
10,12078,144,0.0,1533,156,11922
4,12082,144,0.0,1534,156,11926
2,12084,144,0.0,1535,156,11928
2,12086,144,0.0,1536,156,11930
19,12105,144,0.0,1537,156,11949
18,12123,144,0.0,1538,156,11967
9,12132,144,0.0,1539,156,11976
16,12148,144,0.0,1540,156,11992
6,12154,145,1.0,1541,156,11998
19,12173,145,0.0,1542,156,12017
6,12179,146,1.0,1543,156,12023
6,12185,147,1.0,1544,156,12029
18,12203,147,0.0,1545,156,12047
6,12209,148,1.0,1546,156,12053
6,12215,148,0.0,1547,156,12059
4,12219,148,0.0,1548,156,12063
8,12227,149,1.0,1549,156,12071
2,12229,149,0.0,1550,156,12073
8,12237,149,0.0,1551,156,12081
12,12249,149,0.0,1552,156,12093
43,12292,149,0.0,1553,156,12136
8,12300,150,1.0,1554,156,12144
9,12309,150,0.0,1555,156,12153
6,12315,151,1.0,1556,156,12159
6,12321,152,1.0,1557,156,12165
3,12324,152,0.0,1558,156,12168
11,12335,152,0.0,1559,156,12179
9,12344,152,0.0,1560,156,12188
8,12352,152,0.0,1561,156,12196
9,12361,152,0.0,1562,156,12205
3,12364,152,0.0,1563,156,12208
6,12370,153,1.0,1564,156,12214
11,12381,153,0.0,1565,156,12225
29,12410,154,1.0,1566,156,12254
4,12414,154,0.0,1567,156,12258
6,12420,155,1.0,1568,156,12264
3,12423,155,0.0,1569,156,12267
31,12454,155,0.0,1570,156,12298
8,12462,155,0.0,1571,156,12306
18,12480,155,0.0,1572,156,12324
8,12488,155,0.0,1573,156,12332
9,12497,155,0.0,1574,156,12341
3,12500,155,0.0,1575,156,12344
18,12518,155,0.0,1576,156,12362
13,12531,155,0.0,1577,156,12375
2,12533,155,0.0,1578,156,12377
5,12538,155,0.0,1579,156,12382
15,12553,155,0.0,1580,156,12397
2,12555,155,0.0,1581,156,12399
4,12559,155,0.0,1582,156,12403
9,12568,155,0.0,1583,156,12412
13,12581,155,0.0,1584,156,12425
5,12586,155,0.0,1585,156,12430
12,12598,155,0.0,1586,156,12442
2,12600,155,0.0,1587,156,12444
8,12608,155,0.0,1588,156,12452
9,12617,155,0.0,1589,156,12461
12,12629,155,0.0,1590,156,12473
18,12647,155,0.0,1591,156,12491
6,12653,156,1.0,1592,156,12497
2,12655,156,0.0,1593,156,12499
5,12660,156,0.0,1594,156,12504
7,12667,156,0.0,1595,156,12511
6,12673,157,1.0,1596,156,12517
8,12681,158,1.0,1597,156,12525
6,12687,158,0.0,1598,156,12531
6,12693,159,1.0,1599,156,12537
2,12695,159,0.0,1600,156,12539
4,12699,159,0.0,1601,156,12543
14,12713,159,0.0,1602,156,12557
4,12717,159,0.0,1603,156,12561
9,12726,159,0.0,1604,156,12570
10,12736,159,0.0,1605,156,12580
6,12742,160,1.0,1606,156,12586
12,12754,160,0.0,1607,156,12598
18,12772,160,0.0,1608,156,12616
6,12778,160,0.0,1609,156,12622
9,12787,160,0.0,1610,156,12631
6,12793,160,0.0,1611,156,12637
8,12801,160,0.0,1612,156,12645
2,12803,160,0.0,1613,156,12647
8,12811,160,0.0,1614,156,12655
2,12813,160,0.0,1615,156,12657
27,12840,160,0.0,1616,156,12684
18,12858,160,0.0,1617,156,12702
16,12874,160,0.0,1618,156,12718
10,12884,160,0.0,1619,156,12728
14,12898,160,0.0,1620,156,12742
18,12916,160,0.0,1621,156,12760
18,12934,160,0.0,1622,156,12778
2,12936,160,0.0,1623,156,12780
2,12938,160,0.0,1624,156,12782
3,12941,160,0.0,1625,156,12785
6,12947,161,1.0,1626,156,12791
6,12953,162,1.0,1627,156,12797
6,12959,163,1.0,1628,156,12803
6,12965,164,1.0,1629,156,12809
2,12967,164,0.0,1630,156,12811
8,12975,164,0.0,1631,156,12819
6,12981,165,1.0,1632,156,12825
13,12994,165,0.0,1633,156,12838
7,13001,165,0.0,1634,156,12845
18,13019,165,0.0,1635,156,12863
2,13021,165,0.0,1636,156,12865
4,13025,165,0.0,1637,156,12869
11,13036,165,0.0,1638,156,12880
21,13057,165,0.0,1639,156,12901
9,13066,165,0.0,1640,156,12910
3,13069,165,0.0,1641,156,12913
8,13077,166,1.0,1642,156,12921
2,13079,166,0.0,1643,156,12923
3,13082,166,0.0,1644,156,12926
6,13088,166,0.0,1645,156,12932
2,13090,166,0.0,1646,156,12934
6,13096,167,1.0,1647,156,12940
4,13100,167,0.0,1648,156,12944
2,13102,167,0.0,1649,156,12946
16,13118,167,0.0,1650,156,12962
4,13122,167,0.0,1651,156,12966
6,13128,168,1.0,1652,156,12972
11,13139,168,0.0,1653,156,12983
6,13145,169,1.0,1654,156,12989
18,13163,169,0.0,1655,156,13007
6,13169,170,1.0,1656,156,13013
6,13175,170,0.0,1657,156,13019
3,13178,170,0.0,1658,156,13022
4,13182,170,0.0,1659,156,13026
6,13188,171,1.0,1660,156,13032
6,13194,171,0.0,1661,156,13038
3,13197,171,0.0,1662,156,13041
6,13203,172,1.0,1663,156,13047
14,13217,172,0.0,1664,156,13061
2,13219,172,0.0,1665,156,13063
4,13223,172,0.0,1666,156,13067
7,13230,172,0.0,1667,156,13074
6,13236,173,1.0,1668,156,13080
2,13238,173,0.0,1669,156,13082
4,13242,173,0.0,1670,156,13086
18,13260,173,0.0,1671,156,13104
4,13264,173,0.0,1672,156,13108
6,13270,174,1.0,1673,156,13114
7,13277,174,0.0,1674,156,13121
6,13283,174,0.0,1675,156,13127
6,13289,175,1.0,1676,156,13133
7,13296,175,0.0,1677,156,13140
6,13302,176,1.0,1678,156,13146
7,13309,176,0.0,1679,156,13153
6,13315,177,1.0,1680,156,13159
10,13325,177,0.0,1681,156,13169
2,13327,177,0.0,1682,156,13171
18,13345,177,0.0,1683,156,13189
6,13351,178,1.0,1684,156,13195
15,13366,178,0.0,1685,156,13210
8,13374,178,0.0,1686,156,13218
10,13384,178,0.0,1687,156,13228
6,13390,179,1.0,1688,156,13234
7,13397,179,0.0,1689,156,13241
6,13403,180,1.0,1690,156,13247
2,13405,180,0.0,1691,156,13249
9,13414,180,0.0,1692,156,13258
22,13436,180,0.0,1693,156,13280
4,13440,180,0.0,1694,156,13284
6,13446,181,1.0,1695,156,13290
2,13448,181,0.0,1696,156,13292
3,13451,181,0.0,1697,156,13295
2,13453,181,0.0,1698,156,13297
12,13465,181,0.0,1699,156,13309
2,13467,181,0.0,1700,156,13311
6,13473,181,0.0,1701,156,13317
4,13477,181,0.0,1702,156,13321
11,13488,181,0.0,1703,156,13332
5,13493,181,0.0,1704,156,13337
21,13514,181,0.0,1705,156,13358
13,13527,181,0.0,1706,156,13371
2,13529,181,0.0,1707,156,13373
4,13533,181,0.0,1708,156,13377
2,13535,181,0.0,1709,156,13379
18,13553,181,0.0,1710,156,13397
3,13556,181,0.0,1711,156,13400
6,13562,182,1.0,1712,156,13406
2,13564,182,0.0,1713,156,13408
6,13570,183,1.0,1714,156,13414
2,13572,183,0.0,1715,156,13416
11,13583,183,0.0,1716,156,13427
13,13596,183,0.0,1717,156,13440
2,13598,183,0.0,1718,156,13442
2,13600,183,0.0,1719,156,13444
6,13606,184,1.0,1720,156,13450
7,13613,184,0.0,1721,156,13457
8,13621,184,0.0,1722,156,13465
3,13624,184,0.0,1723,156,13468
6,13630,185,1.0,1724,156,13474
6,13636,186,1.0,1725,156,13480
6,13642,187,1.0,1726,156,13486
6,13648,188,1.0,1727,156,13492
8,13656,188,0.0,1728,156,13500
8,13664,188,0.0,1729,156,13508
8,13672,188,0.0,1730,156,13516
4,13676,188,0.0,1731,156,13520
3,13679,188,0.0,1732,156,13523
19,13698,188,0.0,1733,156,13542
6,13704,189,1.0,1734,156,13548
5,13709,189,0.0,1735,156,13553
6,13715,190,1.0,1736,156,13559
13,13728,190,0.0,1737,156,13572
6,13734,191,1.0,1738,156,13578
17,13751,191,0.0,1739,156,13595
4,13755,191,0.0,1740,156,13599
5,13760,191,0.0,1741,156,13604
6,13766,191,0.0,1742,156,13610
10,13776,191,0.0,1743,156,13620
6,13782,192,1.0,1744,156,13626
4,13786,192,0.0,1745,156,13630
9,13795,192,0.0,1746,156,13639
2,13797,192,0.0,1747,156,13641
8,13805,192,0.0,1748,156,13649
3,13808,192,0.0,1749,156,13652
18,13826,192,0.0,1750,156,13670
2,13828,192,0.0,1751,156,13672
5,13833,192,0.0,1752,156,13677
5,13838,192,0.0,1753,156,13682
6,13844,192,0.0,1754,156,13688
20,13864,192,0.0,1755,156,13708
4,13868,192,0.0,1756,156,13712
7,13875,192,0.0,1757,156,13719
40,13915,192,0.0,1758,156,13759
2,13917,192,0.0,1759,156,13761
6,13923,192,0.0,1760,156,13767
6,13929,193,1.0,1761,156,13773
9,13938,193,0.0,1762,156,13782
6,13944,194,1.0,1763,156,13788
2,13946,194,0.0,1764,156,13790
6,13952,195,1.0,1765,156,13796
5,13957,195,0.0,1766,156,13801
17,13974,195,0.0,1767,156,13818
3,13977,195,0.0,1768,156,13821
2,13979,195,0.0,1769,156,13823
6,13985,195,0.0,1770,156,13829
2,13987,195,0.0,1771,156,13831
3,13990,195,0.0,1772,156,13834
7,13997,195,0.0,1773,156,13841
6,14003,196,1.0,1774,156,13847
2,14005,196,0.0,1775,156,13849
21,14026,196,0.0,1776,156,13870
9,14035,196,0.0,1777,156,13879
2,14037,196,0.0,1778,156,13881
18,14055,196,0.0,1779,156,13899
8,14063,196,0.0,1780,156,13907
2,14065,196,0.0,1781,156,13909
4,14069,196,0.0,1782,156,13913
6,14075,197,1.0,1783,156,13919
4,14079,197,0.0,1784,156,13923
6,14085,197,0.0,1785,156,13929
2,14087,197,0.0,1786,156,13931
50,14137,197,0.0,1787,156,13981
6,14143,197,0.0,1788,156,13987
18,14161,197,0.0,1789,156,14005
5,14166,197,0.0,1790,156,14010
12,14178,197,0.0,1791,156,14022
18,14196,197,0.0,1792,156,14040
4,14200,197,0.0,1793,156,14044
7,14207,197,0.0,1794,156,14051
6,14213,198,1.0,1795,156,14057
9,14222,198,0.0,1796,156,14066
16,14238,198,0.0,1797,156,14082
2,14240,198,0.0,1798,156,14084
2,14242,198,0.0,1799,156,14086
3,14245,198,0.0,1800,156,14089
16,14261,198,0.0,1801,156,14105
10,14271,198,0.0,1802,156,14115
19,14290,198,0.0,1803,156,14134
6,14296,199,1.0,1804,156,14140
4,14300,199,0.0,1805,156,14144
16,14316,199,0.0,1806,156,14160
13,14329,199,0.0,1807,156,14173
4,14333,199,0.0,1808,156,14177
2,14335,199,0.0,1809,156,14179
16,14351,199,0.0,1810,156,14195
6,14357,200,1.0,1811,156,14201
3,14360,200,0.0,1812,156,14204
5,14365,200,0.0,1813,156,14209
2,14367,200,0.0,1814,156,14211
4,14371,200,0.0,1815,156,14215
6,14377,200,0.0,1816,156,14221
4,14381,200,0.0,1817,156,14225
6,14387,200,0.0,1818,156,14231
10,14397,200,0.0,1819,156,14241
2,14399,200,0.0,1820,156,14243
10,14409,200,0.0,1821,156,14253
15,14424,200,0.0,1822,156,14268
6,14430,201,1.0,1823,156,14274
2,14432,201,0.0,1824,156,14276
6,14438,201,0.0,1825,156,14282
13,14451,201,0.0,1826,156,14295
17,14468,201,0.0,1827,156,14312
2,14470,201,0.0,1828,156,14314
6,14476,201,0.0,1829,156,14320
6,14482,202,1.0,1830,156,14326
6,14488,202,0.0,1831,156,14332
6,14494,203,1.0,1832,156,14338
4,14498,203,0.0,1833,156,14342
4,14502,203,0.0,1834,156,14346
3,14505,203,0.0,1835,156,14349
4,14509,203,0.0,1836,156,14353
8,14517,203,0.0,1837,156,14361
4,14521,203,0.0,1838,156,14365
11,14532,203,0.0,1839,156,14376
11,14543,203,0.0,1840,156,14387
11,14554,203,0.0,1841,156,14398
10,14564,203,0.0,1842,156,14408
8,14572,204,1.0,1843,156,14416
6,14578,205,1.0,1844,156,14422
19,14597,205,0.0,1845,156,14441
7,14604,205,0.0,1846,156,14448
3,14607,205,0.0,1847,156,14451
4,14611,205,0.0,1848,156,14455
7,14618,205,0.0,1849,156,14462
5,14623,205,0.0,1850,156,14467
6,14629,206,1.0,1851,156,14473
10,14639,206,0.0,1852,156,14483
18,14657,206,0.0,1853,156,14501
6,14663,207,1.0,1854,156,14507
2,14665,207,0.0,1855,156,14509
3,14668,207,0.0,1856,156,14512
2,14670,207,0.0,1857,156,14514
7,14677,207,0.0,1858,156,14521
6,14683,208,1.0,1859,156,14527
13,14696,208,0.0,1860,156,14540
3,14699,208,0.0,1861,156,14543
14,14713,208,0.0,1862,156,14557
13,14726,208,0.0,1863,156,14570
2,14728,208,0.0,1864,156,14572
11,14739,208,0.0,1865,156,14583
6,14745,209,1.0,1866,156,14589
2,14747,209,0.0,1867,156,14591
3,14750,209,0.0,1868,156,14594
7,14757,209,0.0,1869,156,14601
13,14770,209,0.0,1870,156,14614
6,14776,210,1.0,1871,156,14620
3,14779,210,0.0,1872,156,14623
6,14785,211,1.0,1873,156,14629
6,14791,211,0.0,1874,156,14635
9,14800,211,0.0,1875,156,14644
10,14810,211,0.0,1876,156,14654
10,14820,211,0.0,1877,156,14664
8,14828,212,1.0,1878,156,14672
4,14832,212,0.0,1879,156,14676
6,14838,213,1.0,1880,156,14682
6,14844,213,0.0,1881,156,14688
7,14851,213,0.0,1882,156,14695
6,14857,214,1.0,1883,156,14701
6,14863,215,1.0,1884,156,14707
20,14883,215,0.0,1885,156,14727
14,14897,215,0.0,1886,156,14741
6,14903,216,1.0,1887,156,14747
20,14923,216,0.0,1888,156,14767
7,14930,216,0.0,1889,156,14774
2,14932,216,0.0,1890,156,14776
2,14934,216,0.0,1891,156,14778
6,14940,217,1.0,1892,156,14784
4,14944,217,0.0,1893,156,14788
6,14950,218,1.0,1894,156,14794
3,14953,218,0.0,1895,156,14797
13,14966,218,0.0,1896,156,14810
3,14969,218,0.0,1897,156,14813
6,14975,219,1.0,1898,156,14819
6,14981,220,1.0,1899,156,14825
11,14992,220,0.0,1900,156,14836
13,15005,220,0.0,1901,156,14849
31,15036,220,0.0,1902,156,14880
3,15039,220,0.0,1903,156,14883
6,15045,220,0.0,1904,156,14889
2,15047,220,0.0,1905,156,14891
8,15055,220,0.0,1906,156,14899
3,15058,220,0.0,1907,156,14902
3,15061,220,0.0,1908,156,14905
6,15067,220,0.0,1909,156,14911
6,15073,220,0.0,1910,156,14917
6,15079,221,1.0,1911,156,14923
2,15081,221,0.0,1912,156,14925
8,15089,221,0.0,1913,156,14933
2,15091,221,0.0,1914,156,14935
3,15094,221,0.0,1915,156,14938
6,15100,222,1.0,1916,156,14944
6,15106,223,1.0,1917,156,14950
8,15114,223,0.0,1918,156,14958
7,15121,223,0.0,1919,156,14965
11,15132,223,0.0,1920,156,14976
6,15138,224,1.0,1921,156,14982
2,15140,224,0.0,1922,156,14984
2,15142,224,0.0,1923,156,14986
16,15158,224,0.0,1924,156,15002
2,15160,224,0.0,1925,156,15004
8,15168,224,0.0,1926,156,15012
6,15174,224,0.0,1927,156,15018
6,15180,225,1.0,1928,156,15024
22,15202,225,0.0,1929,156,15046
2,15204,225,0.0,1930,156,15048
6,15210,226,1.0,1931,156,15054
2,15212,226,0.0,1932,156,15056
15,15227,226,0.0,1933,156,15071
2,15229,226,0.0,1934,156,15073
4,15233,226,0.0,1935,156,15077
6,15239,227,1.0,1936,156,15083
14,15253,227,0.0,1937,156,15097
3,15256,227,0.0,1938,156,15100
2,15258,227,0.0,1939,156,15102
2,15260,227,0.0,1940,156,15104
4,15264,227,0.0,1941,156,15108
8,15272,227,0.0,1942,156,15116
6,15278,228,1.0,1943,156,15122
2,15280,228,0.0,1944,156,15124
6,15286,228,0.0,1945,156,15130
6,15292,229,1.0,1946,156,15136
14,15306,229,0.0,1947,156,15150
18,15324,229,0.0,1948,156,15168
2,15326,229,0.0,1949,156,15170
5,15331,229,0.0,1950,156,15175
4,15335,229,0.0,1951,156,15179
3,15338,229,0.0,1952,156,15182
9,15347,229,0.0,1953,156,15191
3,15350,229,0.0,1954,156,15194
2,15352,229,0.0,1955,156,15196
6,15358,229,0.0,1956,156,15202
6,15364,230,1.0,1957,156,15208
8,15372,230,0.0,1958,156,15216
6,15378,231,1.0,1959,156,15222
4,15382,231,0.0,1960,156,15226
17,15399,231,0.0,1961,156,15243
5,15404,231,0.0,1962,156,15248
8,15412,232,1.0,1963,156,15256
15,15427,232,0.0,1964,156,15271
3,15430,232,0.0,1965,156,15274
5,15435,232,0.0,1966,156,15279
9,15444,232,0.0,1967,156,15288
7,15451,232,0.0,1968,156,15295
8,15459,232,0.0,1969,156,15303
3,15462,232,0.0,1970,156,15306
18,15480,232,0.0,1971,156,15324
5,15485,232,0.0,1972,156,15329
5,15490,232,0.0,1973,156,15334
8,15498,232,0.0,1974,156,15342
6,15504,233,1.0,1975,156,15348
6,15510,233,0.0,1976,156,15354
2,15512,233,0.0,1977,156,15356
5,15517,233,0.0,1978,156,15361
7,15524,233,0.0,1979,156,15368
2,15526,233,0.0,1980,156,15370
3,15529,233,0.0,1981,156,15373
3,15532,233,0.0,1982,156,15376
6,15538,233,0.0,1983,156,15382
11,15549,233,0.0,1984,156,15393
2,15551,233,0.0,1985,156,15395
2,15553,233,0.0,1986,156,15397
7,15560,233,0.0,1987,156,15404
2,15562,233,0.0,1988,156,15406
13,15575,233,0.0,1989,156,15419
6,15581,234,1.0,1990,156,15425
18,15599,234,0.0,1991,156,15443
17,15616,234,0.0,1992,156,15460
2,15618,234,0.0,1993,156,15462
6,15624,235,1.0,1994,156,15468
2,15626,235,0.0,1995,156,15470
6,15632,236,1.0,1996,156,15476
3,15635,236,0.0,1997,156,15479
6,15641,237,1.0,1998,156,15485
5,15646,237,0.0,1999,156,15490
7,15653,237,0.0,2000,156,15497
6,15659,238,1.0,2001,156,15503
2,15661,238,0.0,2002,156,15505
15,15676,238,0.0,2003,156,15520
6,15682,239,1.0,2004,156,15526
5,15687,239,0.0,2005,156,15531
3,15690,239,0.0,2006,156,15534
2,15692,239,0.0,2007,156,15536
3,15695,239,0.0,2008,156,15539
4,15699,239,0.0,2009,156,15543
18,15717,239,0.0,2010,156,15561
6,15723,240,1.0,2011,156,15567
6,15729,241,1.0,2012,156,15573
8,15737,242,1.0,2013,156,15581
6,15743,242,0.0,2014,156,15587
16,15759,242,0.0,2015,156,15603
6,15765,243,1.0,2016,156,15609
2,15767,243,0.0,2017,156,15611
2,15769,243,0.0,2018,156,15613
12,15781,243,0.0,2019,156,15625
20,15801,243,0.0,2020,156,15645
18,15819,243,0.0,2021,156,15663
6,15825,244,1.0,2022,156,15669
5,15830,244,0.0,2023,156,15674
4,15834,244,0.0,2024,156,15678
6,15840,244,0.0,2025,156,15684
8,15848,244,0.0,2026,156,15692
6,15854,245,1.0,2027,156,15698
2,15856,245,0.0,2028,156,15700
8,15864,245,0.0,2029,156,15708
6,15870,246,1.0,2030,156,15714
3,15873,246,0.0,2031,156,15717
7,15880,246,0.0,2032,156,15724
6,15886,246,0.0,2033,156,15730
2,15888,246,0.0,2034,156,15732
8,15896,246,0.0,2035,156,15740
8,15904,246,0.0,2036,156,15748
7,15911,246,0.0,2037,156,15755
10,15921,246,0.0,2038,156,15765
13,15934,246,0.0,2039,156,15778
6,15940,246,0.0,2040,156,15784
5,15945,246,0.0,2041,156,15789
19,15964,246,0.0,2042,156,15808
6,15970,247,1.0,2043,156,15814
6,15976,248,1.0,2044,156,15820
18,15994,248,0.0,2045,156,15838
9,16003,248,0.0,2046,156,15847
6,16009,248,0.0,2047,156,15853
9,16018,248,0.0,2048,156,15862
3,16021,248,0.0,2049,156,15865
2,16023,248,0.0,2050,156,15867
6,16029,248,0.0,2051,156,15873
5,16034,248,0.0,2052,156,15878
6,16040,249,1.0,2053,156,15884
6,16046,249,0.0,2054,156,15890
15,16061,249,0.0,2055,156,15905
6,16067,250,1.0,2056,156,15911
9,16076,250,0.0,2057,156,15920
6,16082,250,0.0,2058,156,15926
6,16088,251,1.0,2059,156,15932
8,16096,251,0.0,2060,156,15940
15,16111,251,0.0,2061,156,15955
18,16129,251,0.0,2062,156,15973
6,16135,252,1.0,2063,156,15979
12,16147,252,0.0,2064,156,15991
3,16150,252,0.0,2065,156,15994
2,16152,252,0.0,2066,156,15996
6,16158,253,1.0,2067,156,16002
2,16160,253,0.0,2068,156,16004
6,16166,254,1.0,2069,156,16010
6,16172,255,1.0,2070,156,16016
3,16175,255,0.0,2071,156,16019
18,16193,255,0.0,2072,156,16037
6,16199,256,1.0,2073,156,16043
18,16217,256,0.0,2074,156,16061
2,16219,256,0.0,2075,156,16063
3,16222,256,0.0,2076,156,16066
4,16226,256,0.0,2077,156,16070
14,16240,256,0.0,2078,156,16084
4,16244,256,0.0,2079,156,16088
2,16246,256,0.0,2080,156,16090
20,16266,256,0.0,2081,156,16110
6,16272,257,1.0,2082,156,16116
2,16274,257,0.0,2083,156,16118
7,16281,257,0.0,2084,156,16125
6,16287,258,1.0,2085,156,16131
6,16293,259,1.0,2086,156,16137
21,16314,259,0.0,2087,156,16158
7,16321,259,0.0,2088,156,16165
6,16327,260,1.0,2089,156,16171
9,16336,260,0.0,2090,156,16180
2,16338,260,0.0,2091,156,16182
8,16346,260,0.0,2092,156,16190
6,16352,260,0.0,2093,156,16196
6,16358,261,1.0,2094,156,16202
33,16391,261,0.0,2095,156,16235
19,16410,261,0.0,2096,156,16254
13,16423,261,0.0,2097,156,16267
29,16452,262,1.0,2098,156,16296
6,16458,263,1.0,2099,156,16302
2,16460,263,0.0,2100,156,16304
2,16462,263,0.0,2101,156,16306
3,16465,263,0.0,2102,156,16309
3,16468,263,0.0,2103,156,16312
6,16474,264,1.0,2104,156,16318
6,16480,265,1.0,2105,156,16324
6,16486,266,1.0,2106,156,16330
16,16502,266,0.0,2107,156,16346
6,16508,267,1.0,2108,156,16352
11,16519,267,0.0,2109,156,16363
12,16531,267,0.0,2110,156,16375
7,16538,267,0.0,2111,156,16382
6,16544,268,1.0,2112,156,16388
6,16550,269,1.0,2113,156,16394
29,16579,270,1.0,2114,156,16423
4,16583,270,0.0,2115,156,16427
2,16585,270,0.0,2116,156,16429
6,16591,271,1.0,2117,156,16435
9,16600,271,0.0,2118,156,16444
6,16606,272,1.0,2119,156,16450
6,16612,273,1.0,2120,156,16456
10,16622,273,0.0,2121,156,16466
6,16628,273,0.0,2122,156,16472
14,16642,273,0.0,2123,156,16486
3,16645,273,0.0,2124,156,16489
6,16651,273,0.0,2125,156,16495
14,16665,273,0.0,2126,156,16509
6,16671,274,1.0,2127,156,16515
9,16680,274,0.0,2128,156,16524
2,16682,274,0.0,2129,156,16526
6,16688,274,0.0,2130,156,16532
4,16692,274,0.0,2131,156,16536
15,16707,274,0.0,2132,156,16551
6,16713,275,1.0,2133,156,16557
12,16725,275,0.0,2134,156,16569
3,16728,275,0.0,2135,156,16572
4,16732,275,0.0,2136,156,16576
7,16739,275,0.0,2137,156,16583
6,16745,276,1.0,2138,156,16589
2,16747,276,0.0,2139,156,16591
31,16778,276,0.0,2140,156,16622
6,16784,277,1.0,2141,156,16628
10,16794,277,0.0,2142,156,16638
9,16803,277,0.0,2143,156,16647
7,16810,277,0.0,2144,156,16654
13,16823,277,0.0,2145,156,16667
3,16826,277,0.0,2146,156,16670
12,16838,277,0.0,2147,156,16682
7,16845,277,0.0,2148,156,16689
13,16858,277,0.0,2149,156,16702
6,16864,278,1.0,2150,156,16708
15,16879,278,0.0,2151,156,16723
7,16886,278,0.0,2152,156,16730
5,16891,278,0.0,2153,156,16735
4,16895,278,0.0,2154,156,16739
7,16902,278,0.0,2155,156,16746
3,16905,278,0.0,2156,156,16749
2,16907,278,0.0,2157,156,16751
5,16912,278,0.0,2158,156,16756
12,16924,278,0.0,2159,156,16768
2,16926,278,0.0,2160,156,16770
13,16939,278,0.0,2161,156,16783
6,16945,279,1.0,2162,156,16789
25,16970,279,0.0,2163,156,16814
6,16976,280,1.0,2164,156,16820
6,16982,280,0.0,2165,156,16826
6,16988,281,1.0,2166,156,16832
7,16995,281,0.0,2167,156,16839
4,16999,281,0.0,2168,156,16843
3,17002,281,0.0,2169,156,16846
3,17005,281,0.0,2170,156,16849
4,17009,281,0.0,2171,156,16853
16,17025,281,0.0,2172,156,16869
6,17031,282,1.0,2173,156,16875
6,17037,283,1.0,2174,156,16881
4,17041,283,0.0,2175,156,16885
4,17045,283,0.0,2176,156,16889
3,17048,283,0.0,2177,156,16892
7,17055,283,0.0,2178,156,16899
11,17066,283,0.0,2179,156,16910
3,17069,283,0.0,2180,156,16913
3,17072,283,0.0,2181,156,16916
17,17089,283,0.0,2182,156,16933
6,17095,283,0.0,2183,156,16939
5,17100,283,0.0,2184,156,16944
16,17116,283,0.0,2185,156,16960
4,17120,283,0.0,2186,156,16964
2,17122,283,0.0,2187,156,16966
8,17130,284,1.0,2188,156,16974
3,17133,284,0.0,2189,156,16977
9,17142,284,0.0,2190,156,16986
3,17145,284,0.0,2191,156,16989
3,17148,284,0.0,2192,156,16992
2,17150,284,0.0,2193,156,16994
8,17158,284,0.0,2194,156,17002
7,17165,284,0.0,2195,156,17009
6,17171,285,1.0,2196,156,17015
6,17177,286,1.0,2197,156,17021
13,17190,286,0.0,2198,156,17034
6,17196,287,1.0,2199,156,17040
8,17204,287,0.0,2200,156,17048
2,17206,287,0.0,2201,156,17050
7,17213,287,0.0,2202,156,17057
12,17225,287,0.0,2203,156,17069
6,17231,288,1.0,2204,156,17075
6,17237,289,1.0,2205,156,17081
5,17242,289,0.0,2206,156,17086
4,17246,289,0.0,2207,156,17090
12,17258,289,0.0,2208,156,17102
6,17264,289,0.0,2209,156,17108
8,17272,290,1.0,2210,156,17116
6,17278,290,0.0,2211,156,17122
11,17289,290,0.0,2212,156,17133
9,17298,290,0.0,2213,156,17142
7,17305,290,0.0,2214,156,17149
8,17313,291,1.0,2215,156,17157
6,17319,292,1.0,2216,156,17163
2,17321,292,0.0,2217,156,17165
2,17323,292,0.0,2218,156,17167
7,17330,292,0.0,2219,156,17174
3,17333,292,0.0,2220,156,17177
14,17347,292,0.0,2221,156,17191
30,17377,292,0.0,2222,156,17221
8,17385,292,0.0,2223,156,17229
15,17400,292,0.0,2224,156,17244
2,17402,292,0.0,2225,156,17246
6,17408,293,1.0,2226,156,17252
6,17414,294,1.0,2227,156,17258
18,17432,294,0.0,2228,156,17276
11,17443,294,0.0,2229,156,17287
20,17463,294,0.0,2230,156,17307
6,17469,294,0.0,2231,156,17313
6,17475,295,1.0,2232,156,17319
18,17493,295,0.0,2233,156,17337
8,17501,295,0.0,2234,156,17345
15,17516,295,0.0,2235,156,17360
6,17522,296,1.0,2236,156,17366
18,17540,296,0.0,2237,156,17384
17,17557,296,0.0,2238,156,17401
4,17561,296,0.0,2239,156,17405
6,17567,296,0.0,2240,156,17411
2,17569,296,0.0,2241,156,17413
6,17575,297,1.0,2242,156,17419
9,17584,297,0.0,2243,156,17428
2,17586,297,0.0,2244,156,17430
3,17589,297,0.0,2245,156,17433
23,17612,297,0.0,2246,156,17456
14,17626,297,0.0,2247,156,17470
2,17628,297,0.0,2248,156,17472
5,17633,297,0.0,2249,156,17477
6,17639,298,1.0,2250,156,17483
6,17645,299,1.0,2251,156,17489
2,17647,299,0.0,2252,156,17491
5,17652,299,0.0,2253,156,17496
6,17658,300,1.0,2254,156,17502
8,17666,300,0.0,2255,156,17510
9,17675,300,0.0,2256,156,17519
14,17689,300,0.0,2257,156,17533
6,17695,301,1.0,2258,156,17539
6,17701,302,1.0,2259,156,17545
2,17703,302,0.0,2260,156,17547
6,17709,303,1.0,2261,156,17553
8,17717,303,0.0,2262,156,17561
6,17723,304,1.0,2263,156,17567
3,17726,304,0.0,2264,156,17570
6,17732,305,1.0,2265,156,17576
6,17738,306,1.0,2266,156,17582
7,17745,306,0.0,2267,156,17589
2,17747,306,0.0,2268,156,17591
6,17753,307,1.0,2269,156,17597
6,17759,308,1.0,2270,156,17603
17,17776,308,0.0,2271,156,17620
2,17778,308,0.0,2272,156,17622
11,17789,308,0.0,2273,156,17633
6,17795,309,1.0,2274,156,17639
2,17797,309,0.0,2275,156,17641
9,17806,309,0.0,2276,156,17650
21,17827,309,0.0,2277,156,17671
2,17829,309,0.0,2278,156,17673
7,17836,309,0.0,2279,156,17680
2,17838,309,0.0,2280,156,17682
6,17844,309,0.0,2281,156,17688
16,17860,309,0.0,2282,156,17704
3,17863,309,0.0,2283,156,17707
6,17869,310,1.0,2284,156,17713
6,17875,311,1.0,2285,156,17719
4,17879,311,0.0,2286,156,17723
4,17883,311,0.0,2287,156,17727
6,17889,312,1.0,2288,156,17733
7,17896,312,0.0,2289,156,17740
4,17900,312,0.0,2290,156,17744
18,17918,312,0.0,2291,156,17762
2,17920,312,0.0,2292,156,17764
2,17922,312,0.0,2293,156,17766
4,17926,312,0.0,2294,156,17770
33,17959,312,0.0,2295,156,17803
3,17962,312,0.0,2296,156,17806
25,17987,312,0.0,2297,156,17831
6,17993,313,1.0,2298,156,17837
6,17999,313,0.0,2299,156,17843
7,18006,313,0.0,2300,156,17850
6,18012,314,1.0,2301,156,17856
4,18016,314,0.0,2302,156,17860
36,18052,314,0.0,2303,156,17896
19,18071,314,0.0,2304,156,17915
6,18077,314,0.0,2305,156,17921
15,18092,314,0.0,2306,156,17936
12,18104,314,0.0,2307,156,17948
8,18112,314,0.0,2308,156,17956
3,18115,314,0.0,2309,156,17959
4,18119,314,0.0,2310,156,17963
11,18130,314,0.0,2311,156,17974
5,18135,314,0.0,2312,156,17979
16,18151,314,0.0,2313,156,17995
10,18161,314,0.0,2314,156,18005
6,18167,315,1.0,2315,156,18011
11,18178,315,0.0,2316,156,18022
6,18184,316,1.0,2317,156,18028
6,18190,317,1.0,2318,156,18034
9,18199,317,0.0,2319,156,18043
6,18205,318,1.0,2320,156,18049
18,18223,318,0.0,2321,156,18067
11,18234,318,0.0,2322,156,18078
5,18239,318,0.0,2323,156,18083
6,18245,319,1.0,2324,156,18089
6,18251,320,1.0,2325,156,18095
6,18257,321,1.0,2326,156,18101
15,18272,321,0.0,2327,156,18116
4,18276,321,0.0,2328,156,18120
2,18278,321,0.0,2329,156,18122
19,18297,321,0.0,2330,156,18141
8,18305,322,1.0,2331,156,18149
9,18314,322,0.0,2332,156,18158
9,18323,322,0.0,2333,156,18167
6,18329,323,1.0,2334,156,18173
8,18337,323,0.0,2335,156,18181
6,18343,324,1.0,2336,156,18187
2,18345,324,0.0,2337,156,18189
2,18347,324,0.0,2338,156,18191
18,18365,324,0.0,2339,156,18209
14,18379,324,0.0,2340,156,18223
16,18395,324,0.0,2341,156,18239
6,18401,325,1.0,2342,156,18245
6,18407,325,0.0,2343,156,18251
6,18413,326,1.0,2344,156,18257
9,18422,326,0.0,2345,156,18266
7,18429,326,0.0,2346,156,18273
15,18444,326,0.0,2347,156,18288
9,18453,326,0.0,2348,156,18297
2,18455,326,0.0,2349,156,18299
18,18473,326,0.0,2350,156,18317
20,18493,326,0.0,2351,156,18337
6,18499,327,1.0,2352,156,18343
2,18501,327,0.0,2353,156,18345
7,18508,327,0.0,2354,156,18352
4,18512,327,0.0,2355,156,18356
3,18515,327,0.0,2356,156,18359
4,18519,327,0.0,2357,156,18363
9,18528,327,0.0,2358,156,18372
2,18530,327,0.0,2359,156,18374
5,18535,327,0.0,2360,156,18379
2,18537,327,0.0,2361,156,18381
7,18544,327,0.0,2362,156,18388
2,18546,327,0.0,2363,156,18390
6,18552,327,0.0,2364,156,18396
4,18556,327,0.0,2365,156,18400
6,18562,328,1.0,2366,156,18406
12,18574,328,0.0,2367,156,18418
18,18592,328,0.0,2368,156,18436
18,18610,328,0.0,2369,156,18454
8,18618,329,1.0,2370,156,18462
3,18621,329,0.0,2371,156,18465
3,18624,329,0.0,2372,156,18468
7,18631,329,0.0,2373,156,18475
8,18639,329,0.0,2374,156,18483
14,18653,329,0.0,2375,156,18497
2,18655,329,0.0,2376,156,18499
4,18659,329,0.0,2377,156,18503
4,18663,329,0.0,2378,156,18507
8,18671,329,0.0,2379,156,18515
2,18673,329,0.0,2380,156,18517
6,18679,330,1.0,2381,156,18523
8,18687,330,0.0,2382,156,18531
6,18693,330,0.0,2383,156,18537
6,18699,331,1.0,2384,156,18543
2,18701,331,0.0,2385,156,18545
18,18719,331,0.0,2386,156,18563
7,18726,331,0.0,2387,156,18570
8,18734,332,1.0,2388,156,18578
6,18740,333,1.0,2389,156,18584
20,18760,333,0.0,2390,156,18604
6,18766,334,1.0,2391,156,18610
6,18772,335,1.0,2392,156,18616
11,18783,335,0.0,2393,156,18627
21,18804,335,0.0,2394,156,18648
3,18807,335,0.0,2395,156,18651
4,18811,335,0.0,2396,156,18655
2,18813,335,0.0,2397,156,18657
9,18822,335,0.0,2398,156,18666
10,18832,335,0.0,2399,156,18676
14,18846,335,0.0,2400,156,18690
13,18859,335,0.0,2401,156,18703
8,18867,336,1.0,2402,156,18711
7,18874,336,0.0,2403,156,18718
14,18888,336,0.0,2404,156,18732
6,18894,337,1.0,2405,156,18738
18,18912,337,0.0,2406,156,18756
6,18918,338,1.0,2407,156,18762
8,18926,338,0.0,2408,156,18770
3,18929,338,0.0,2409,156,18773
21,18950,338,0.0,2410,156,18794
4,18954,338,0.0,2411,156,18798
6,18960,339,1.0,2412,156,18804
3,18963,339,0.0,2413,156,18807
9,18972,339,0.0,2414,156,18816
6,18978,340,1.0,2415,156,18822
6,18984,341,1.0,2416,156,18828
4,18988,341,0.0,2417,156,18832
2,18990,341,0.0,2418,156,18834
5,18995,341,0.0,2419,156,18839
2,18997,341,0.0,2420,156,18841
8,19005,341,0.0,2421,156,18849
6,19011,341,0.0,2422,156,18855
18,19029,341,0.0,2423,156,18873
4,19033,341,0.0,2424,156,18877
7,19040,341,0.0,2425,156,18884
14,19054,341,0.0,2426,156,18898
3,19057,341,0.0,2427,156,18901
2,19059,341,0.0,2428,156,18903
3,19062,341,0.0,2429,156,18906
7,19069,341,0.0,2430,156,18913
2,19071,341,0.0,2431,156,18915
5,19076,341,0.0,2432,156,18920
6,19082,341,0.0,2433,156,18926
6,19088,342,1.0,2434,156,18932
21,19109,342,0.0,2435,156,18953
12,19121,342,0.0,2436,156,18965
6,19127,343,1.0,2437,156,18971
5,19132,343,0.0,2438,156,18976
6,19138,344,1.0,2439,156,18982
6,19144,344,0.0,2440,156,18988
5,19149,344,0.0,2441,156,18993
6,19155,345,1.0,2442,156,18999
12,19167,345,0.0,2443,156,19011
6,19173,345,0.0,2444,156,19017
22,19195,345,0.0,2445,156,19039
6,19201,345,0.0,2446,156,19045
6,19207,346,1.0,2447,156,19051
3,19210,346,0.0,2448,156,19054
4,19214,346,0.0,2449,156,19058
18,19232,346,0.0,2450,156,19076
4,19236,346,0.0,2451,156,19080
6,19242,347,1.0,2452,156,19086
2,19244,347,0.0,2453,156,19088
2,19246,347,0.0,2454,156,19090
2,19248,347,0.0,2455,156,19092
4,19252,347,0.0,2456,156,19096
15,19267,347,0.0,2457,156,19111
15,19282,347,0.0,2458,156,19126
2,19284,347,0.0,2459,156,19128
2,19286,347,0.0,2460,156,19130
4,19290,347,0.0,2461,156,19134
6,19296,347,0.0,2462,156,19140
18,19314,347,0.0,2463,156,19158
6,19320,348,1.0,2464,156,19164
2,19322,348,0.0,2465,156,19166
14,19336,348,0.0,2466,156,19180
4,19340,348,0.0,2467,156,19184
18,19358,348,0.0,2468,156,19202
3,19361,348,0.0,2469,156,19205
6,19367,349,1.0,2470,156,19211
8,19375,350,1.0,2471,156,19219
2,19377,350,0.0,2472,156,19221
12,19389,350,0.0,2473,156,19233
11,19400,350,0.0,2474,156,19244
17,19417,350,0.0,2475,156,19261
6,19423,350,0.0,2476,156,19267
10,19433,350,0.0,2477,156,19277
5,19438,350,0.0,2478,156,19282
9,19447,350,0.0,2479,156,19291
18,19465,350,0.0,2480,156,19309
2,19467,350,0.0,2481,156,19311
7,19474,350,0.0,2482,156,19318
6,19480,351,1.0,2483,156,19324
3,19483,351,0.0,2484,156,19327
8,19491,352,1.0,2485,156,19335
6,19497,353,1.0,2486,156,19341
15,19512,353,0.0,2487,156,19356
13,19525,353,0.0,2488,156,19369
6,19531,354,1.0,2489,156,19375
6,19537,355,1.0,2490,156,19381
6,19543,356,1.0,2491,156,19387
2,19545,356,0.0,2492,156,19389
6,19551,356,0.0,2493,156,19395
9,19560,356,0.0,2494,156,19404
2,19562,356,0.0,2495,156,19406
15,19577,356,0.0,2496,156,19421
2,19579,356,0.0,2497,156,19423
7,19586,356,0.0,2498,156,19430
3,19589,356,0.0,2499,156,19433
23,19612,356,0.0,2500,156,19456
7,19619,356,0.0,2501,156,19463
7,19626,356,0.0,2502,156,19470
2,19628,356,0.0,2503,156,19472
5,19633,356,0.0,2504,156,19477
6,19639,357,1.0,2505,156,19483
4,19643,357,0.0,2506,156,19487
6,19649,357,0.0,2507,156,19493
7,19656,357,0.0,2508,156,19500
2,19658,357,0.0,2509,156,19502
11,19669,357,0.0,2510,156,19513
7,19676,357,0.0,2511,156,19520
2,19678,357,0.0,2512,156,19522
10,19688,357,0.0,2513,156,19532
2,19690,357,0.0,2514,156,19534
4,19694,357,0.0,2515,156,19538
6,19700,358,1.0,2516,156,19544
4,19704,358,0.0,2517,156,19548
3,19707,358,0.0,2518,156,19551
6,19713,358,0.0,2519,156,19557
8,19721,358,0.0,2520,156,19565
7,19728,358,0.0,2521,156,19572
11,19739,358,0.0,2522,156,19583
6,19745,359,1.0,2523,156,19589
34,19779,359,0.0,2524,156,19623
7,19786,359,0.0,2525,156,19630
13,19799,359,0.0,2526,156,19643
14,19813,359,0.0,2527,156,19657
3,19816,359,0.0,2528,156,19660
6,19822,359,0.0,2529,156,19666
8,19830,359,0.0,2530,156,19674
10,19840,359,0.0,2531,156,19684
17,19857,359,0.0,2532,156,19701
2,19859,359,0.0,2533,156,19703
4,19863,359,0.0,2534,156,19707
2,19865,359,0.0,2535,156,19709
6,19871,360,1.0,2536,156,19715
7,19878,360,0.0,2537,156,19722
18,19896,360,0.0,2538,156,19740
4,19900,360,0.0,2539,156,19744
4,19904,360,0.0,2540,156,19748
2,19906,360,0.0,2541,156,19750
8,19914,361,1.0,2542,156,19758
8,19922,361,0.0,2543,156,19766
4,19926,361,0.0,2544,156,19770
2,19928,361,0.0,2545,156,19772
8,19936,362,1.0,2546,156,19780
2,19938,362,0.0,2547,156,19782
3,19941,362,0.0,2548,156,19785
18,19959,362,0.0,2549,156,19803
20,19979,362,0.0,2550,156,19823
13,19992,362,0.0,2551,156,19836
6,19998,362,0.0,2552,156,19842
3,20001,362,0.0,2553,156,19845
18,20019,362,0.0,2554,156,19863
4,20023,362,0.0,2555,156,19867
9,20032,362,0.0,2556,156,19876
6,20038,363,1.0,2557,156,19882
3,20041,363,0.0,2558,156,19885
3,20044,363,0.0,2559,156,19888
6,20050,364,1.0,2560,156,19894
3,20053,364,0.0,2561,156,19897
6,20059,365,1.0,2562,156,19903
6,20065,366,1.0,2563,156,19909
3,20068,366,0.0,2564,156,19912
6,20074,367,1.0,2565,156,19918
2,20076,367,0.0,2566,156,19920
9,20085,367,0.0,2567,156,19929
6,20091,368,1.0,2568,156,19935
2,20093,368,0.0,2569,156,19937
6,20099,368,0.0,2570,156,19943
6,20105,369,1.0,2571,156,19949
4,20109,369,0.0,2572,156,19953
6,20115,370,1.0,2573,156,19959
2,20117,370,0.0,2574,156,19961
11,20128,370,0.0,2575,156,19972
2,20130,370,0.0,2576,156,19974
16,20146,370,0.0,2577,156,19990
6,20152,371,1.0,2578,156,19996
6,20158,372,1.0,2579,156,20002
6,20164,373,1.0,2580,156,20008
8,20172,374,1.0,2581,156,20016
3,20175,374,0.0,2582,156,20019
3,20178,374,0.0,2583,156,20022
3,20181,374,0.0,2584,156,20025
6,20187,375,1.0,2585,156,20031
13,20200,375,0.0,2586,156,20044
2,20202,375,0.0,2587,156,20046
2,20204,375,0.0,2588,156,20048
2,20206,375,0.0,2589,156,20050
2,20208,375,0.0,2590,156,20052
6,20214,376,1.0,2591,156,20058
2,20216,376,0.0,2592,156,20060
2,20218,376,0.0,2593,156,20062
13,20231,376,0.0,2594,156,20075
18,20249,376,0.0,2595,156,20093
4,20253,376,0.0,2596,156,20097
7,20260,376,0.0,2597,156,20104
6,20266,376,0.0,2598,156,20110
7,20273,376,0.0,2599,156,20117
3,20276,376,0.0,2600,156,20120
6,20282,377,1.0,2601,156,20126
18,20300,377,0.0,2602,156,20144
3,20303,377,0.0,2603,156,20147
2,20305,377,0.0,2604,156,20149
6,20311,378,1.0,2605,156,20155
3,20314,378,0.0,2606,156,20158
16,20330,378,0.0,2607,156,20174
7,20337,378,0.0,2608,156,20181
10,20347,378,0.0,2609,156,20191
5,20352,378,0.0,2610,156,20196
11,20363,378,0.0,2611,156,20207
6,20369,379,1.0,2612,156,20213
3,20372,379,0.0,2613,156,20216
6,20378,380,1.0,2614,156,20222
8,20386,380,0.0,2615,156,20230
8,20394,380,0.0,2616,156,20238
4,20398,380,0.0,2617,156,20242
8,20406,380,0.0,2618,156,20250
2,20408,380,0.0,2619,156,20252
6,20414,381,1.0,2620,156,20258
10,20424,381,0.0,2621,156,20268
2,20426,381,0.0,2622,156,20270
8,20434,382,1.0,2623,156,20278
10,20444,382,0.0,2624,156,20288
5,20449,382,0.0,2625,156,20293
6,20455,383,1.0,2626,156,20299
17,20472,383,0.0,2627,156,20316
6,20478,384,1.0,2628,156,20322
6,20484,385,1.0,2629,156,20328
6,20490,385,0.0,2630,156,20334
8,20498,385,0.0,2631,156,20342
2,20500,385,0.0,2632,156,20344
6,20506,386,1.0,2633,156,20350
11,20517,386,0.0,2634,156,20361
2,20519,386,0.0,2635,156,20363
4,20523,386,0.0,2636,156,20367
7,20530,386,0.0,2637,156,20374
7,20537,386,0.0,2638,156,20381
10,20547,386,0.0,2639,156,20391
6,20553,387,1.0,2640,156,20397
12,20565,387,0.0,2641,156,20409
2,20567,387,0.0,2642,156,20411
6,20573,388,1.0,2643,156,20417
8,20581,388,0.0,2644,156,20425
4,20585,388,0.0,2645,156,20429
13,20598,388,0.0,2646,156,20442
18,20616,388,0.0,2647,156,20460
6,20622,389,1.0,2648,156,20466
7,20629,389,0.0,2649,156,20473
9,20638,389,0.0,2650,156,20482
11,20649,389,0.0,2651,156,20493
18,20667,389,0.0,2652,156,20511
5,20672,389,0.0,2653,156,20516
5,20677,389,0.0,2654,156,20521
6,20683,389,0.0,2655,156,20527
5,20688,389,0.0,2656,156,20532
15,20703,389,0.0,2657,156,20547
10,20713,389,0.0,2658,156,20557
5,20718,389,0.0,2659,156,20562
2,20720,389,0.0,2660,156,20564
12,20732,389,0.0,2661,156,20576
6,20738,390,1.0,2662,156,20582
9,20747,390,0.0,2663,156,20591
3,20750,390,0.0,2664,156,20594
13,20763,390,0.0,2665,156,20607
3,20766,390,0.0,2666,156,20610
14,20780,390,0.0,2667,156,20624
6,20786,391,1.0,2668,156,20630
5,20791,391,0.0,2669,156,20635
6,20797,392,1.0,2670,156,20641
18,20815,392,0.0,2671,156,20659
18,20833,392,0.0,2672,156,20677
9,20842,392,0.0,2673,156,20686
5,20847,392,0.0,2674,156,20691
6,20853,393,1.0,2675,156,20697
6,20859,393,0.0,2676,156,20703
2,20861,393,0.0,2677,156,20705
15,20876,393,0.0,2678,156,20720
2,20878,393,0.0,2679,156,20722
2,20880,393,0.0,2680,156,20724
4,20884,393,0.0,2681,156,20728
11,20895,393,0.0,2682,156,20739
4,20899,393,0.0,2683,156,20743
2,20901,393,0.0,2684,156,20745
6,20907,393,0.0,2685,156,20751
6,20913,394,1.0,2686,156,20757
16,20929,394,0.0,2687,156,20773
4,20933,394,0.0,2688,156,20777
8,20941,395,1.0,2689,156,20785
3,20944,395,0.0,2690,156,20788
6,20950,396,1.0,2691,156,20794
6,20956,396,0.0,2692,156,20800
6,20962,397,1.0,2693,156,20806
5,20967,397,0.0,2694,156,20811
6,20973,398,1.0,2695,156,20817
6,20979,399,1.0,2696,156,20823
6,20985,399,0.0,2697,156,20829
3,20988,399,0.0,2698,156,20832
6,20994,399,0.0,2699,156,20838
6,21000,400,1.0,2700,156,20844
7,21007,400,0.0,2701,156,20851
18,21025,400,0.0,2702,156,20869
6,21031,400,0.0,2703,156,20875
8,21039,400,0.0,2704,156,20883
6,21045,401,1.0,2705,156,20889
2,21047,401,0.0,2706,156,20891
5,21052,401,0.0,2707,156,20896
18,21070,401,0.0,2708,156,20914
6,21076,402,1.0,2709,156,20920
3,21079,402,0.0,2710,156,20923
18,21097,402,0.0,2711,156,20941
18,21115,402,0.0,2712,156,20959
6,21121,403,1.0,2713,156,20965
4,21125,403,0.0,2714,156,20969
6,21131,403,0.0,2715,156,20975
4,21135,403,0.0,2716,156,20979
20,21155,403,0.0,2717,156,20999
22,21177,403,0.0,2718,156,21021
2,21179,403,0.0,2719,156,21023
6,21185,403,0.0,2720,156,21029
2,21187,403,0.0,2721,156,21031
5,21192,403,0.0,2722,156,21036
8,21200,404,1.0,2723,156,21044
6,21206,404,0.0,2724,156,21050
5,21211,404,0.0,2725,156,21055
2,21213,404,0.0,2726,156,21057
6,21219,405,1.0,2727,156,21063
10,21229,405,0.0,2728,156,21073
3,21232,405,0.0,2729,156,21076
2,21234,405,0.0,2730,156,21078
3,21237,405,0.0,2731,156,21081
35,21272,405,0.0,2732,156,21116
9,21281,405,0.0,2733,156,21125
2,21283,405,0.0,2734,156,21127
6,21289,405,0.0,2735,156,21133
15,21304,405,0.0,2736,156,21148
9,21313,405,0.0,2737,156,21157
8,21321,405,0.0,2738,156,21165
8,21329,405,0.0,2739,156,21173
6,21335,406,1.0,2740,156,21179
6,21341,406,0.0,2741,156,21185
6,21347,407,1.0,2742,156,21191
5,21352,407,0.0,2743,156,21196
3,21355,407,0.0,2744,156,21199
6,21361,407,0.0,2745,156,21205
7,21368,407,0.0,2746,156,21212
13,21381,407,0.0,2747,156,21225
3,21384,407,0.0,2748,156,21228
6,21390,408,1.0,2749,156,21234
6,21396,409,1.0,2750,156,21240
6,21402,410,1.0,2751,156,21246
8,21410,410,0.0,2752,156,21254
6,21416,411,1.0,2753,156,21260
2,21418,411,0.0,2754,156,21262
6,21424,412,1.0,2755,156,21268
18,21442,412,0.0,2756,156,21286
5,21447,412,0.0,2757,156,21291
2,21449,412,0.0,2758,156,21293
5,21454,412,0.0,2759,156,21298
8,21462,412,0.0,2760,156,21306
5,21467,412,0.0,2761,156,21311
20,21487,412,0.0,2762,156,21331
4,21491,412,0.0,2763,156,21335
6,21497,413,1.0,2764,156,21341
6,21503,414,1.0,2765,156,21347
3,21506,414,0.0,2766,156,21350
2,21508,414,0.0,2767,156,21352
6,21514,414,0.0,2768,156,21358
6,21520,415,1.0,2769,156,21364
5,21525,415,0.0,2770,156,21369
2,21527,415,0.0,2771,156,21371
6,21533,415,0.0,2772,156,21377
5,21538,415,0.0,2773,156,21382
8,21546,416,1.0,2774,156,21390
13,21559,416,0.0,2775,156,21403
4,21563,416,0.0,2776,156,21407
10,21573,416,0.0,2777,156,21417
6,21579,417,1.0,2778,156,21423
6,21585,418,1.0,2779,156,21429
2,21587,418,0.0,2780,156,21431
6,21593,418,0.0,2781,156,21437
3,21596,418,0.0,2782,156,21440
12,21608,418,0.0,2783,156,21452
23,21631,418,0.0,2784,156,21475
6,21637,418,0.0,2785,156,21481
15,21652,418,0.0,2786,156,21496
8,21660,419,1.0,2787,156,21504
3,21663,419,0.0,2788,156,21507
6,21669,420,1.0,2789,156,21513
18,21687,420,0.0,2790,156,21531
3,21690,420,0.0,2791,156,21534
8,21698,420,0.0,2792,156,21542
18,21716,420,0.0,2793,156,21560
6,21722,420,0.0,2794,156,21566
15,21737,420,0.0,2795,156,21581
13,21750,420,0.0,2796,156,21594
2,21752,420,0.0,2797,156,21596
7,21759,420,0.0,2798,156,21603
3,21762,420,0.0,2799,156,21606
17,21779,420,0.0,2800,156,21623
13,21792,420,0.0,2801,156,21636
3,21795,420,0.0,2802,156,21639
3,21798,420,0.0,2803,156,21642
6,21804,421,1.0,2804,156,21648
18,21822,421,0.0,2805,156,21666
6,21828,421,0.0,2806,156,21672
12,21840,421,0.0,2807,156,21684
6,21846,422,1.0,2808,156,21690
3,21849,422,0.0,2809,156,21693
6,21855,423,1.0,2810,156,21699
5,21860,423,0.0,2811,156,21704
2,21862,423,0.0,2812,156,21706
7,21869,423,0.0,2813,156,21713
6,21875,424,1.0,2814,156,21719
6,21881,425,1.0,2815,156,21725
20,21901,425,0.0,2816,156,21745
6,21907,425,0.0,2817,156,21751
13,21920,425,0.0,2818,156,21764
3,21923,425,0.0,2819,156,21767
19,21942,425,0.0,2820,156,21786
12,21954,425,0.0,2821,156,21798
14,21968,425,0.0,2822,156,21812
7,21975,425,0.0,2823,156,21819
2,21977,425,0.0,2824,156,21821
2,21979,425,0.0,2825,156,21823
12,21991,425,0.0,2826,156,21835
2,21993,425,0.0,2827,156,21837
3,21996,425,0.0,2828,156,21840
6,22002,426,1.0,2829,156,21846
6,22008,427,1.0,2830,156,21852
2,22010,427,0.0,2831,156,21854
15,22025,427,0.0,2832,156,21869
13,22038,427,0.0,2833,156,21882
8,22046,428,1.0,2834,156,21890
6,22052,429,1.0,2835,156,21896
11,22063,429,0.0,2836,156,21907
6,22069,430,1.0,2837,156,21913
4,22073,430,0.0,2838,156,21917
13,22086,430,0.0,2839,156,21930
6,22092,431,1.0,2840,156,21936
6,22098,432,1.0,2841,156,21942
19,22117,432,0.0,2842,156,21961
6,22123,432,0.0,2843,156,21967
9,22132,432,0.0,2844,156,21976
2,22134,432,0.0,2845,156,21978
6,22140,432,0.0,2846,156,21984
7,22147,432,0.0,2847,156,21991
2,22149,432,0.0,2848,156,21993
18,22167,432,0.0,2849,156,22011
9,22176,432,0.0,2850,156,22020
9,22185,432,0.0,2851,156,22029
2,22187,432,0.0,2852,156,22031
6,22193,433,1.0,2853,156,22037
24,22217,433,0.0,2854,156,22061
8,22225,433,0.0,2855,156,22069
18,22243,433,0.0,2856,156,22087
10,22253,433,0.0,2857,156,22097
15,22268,433,0.0,2858,156,22112
8,22276,433,0.0,2859,156,22120
6,22282,433,0.0,2860,156,22126
6,22288,434,1.0,2861,156,22132
18,22306,434,0.0,2862,156,22150
11,22317,434,0.0,2863,156,22161
10,22327,434,0.0,2864,156,22171
5,22332,434,0.0,2865,156,22176
18,22350,434,0.0,2866,156,22194
7,22357,434,0.0,2867,156,22201
18,22375,434,0.0,2868,156,22219
3,22378,434,0.0,2869,156,22222
12,22390,434,0.0,2870,156,22234
8,22398,435,1.0,2871,156,22242
18,22416,435,0.0,2872,156,22260
6,22422,436,1.0,2873,156,22266
10,22432,436,0.0,2874,156,22276
5,22437,436,0.0,2875,156,22281
18,22455,436,0.0,2876,156,22299
3,22458,436,0.0,2877,156,22302
2,22460,436,0.0,2878,156,22304
9,22469,436,0.0,2879,156,22313
3,22472,436,0.0,2880,156,22316
2,22474,436,0.0,2881,156,22318
12,22486,436,0.0,2882,156,22330
6,22492,437,1.0,2883,156,22336
4,22496,437,0.0,2884,156,22340
9,22505,437,0.0,2885,156,22349
6,22511,438,1.0,2886,156,22355
8,22519,438,0.0,2887,156,22363
13,22532,438,0.0,2888,156,22376
6,22538,439,1.0,2889,156,22382
4,22542,439,0.0,2890,156,22386
3,22545,439,0.0,2891,156,22389
3,22548,439,0.0,2892,156,22392
6,22554,440,1.0,2893,156,22398
11,22565,440,0.0,2894,156,22409
6,22571,441,1.0,2895,156,22415
14,22585,441,0.0,2896,156,22429
2,22587,441,0.0,2897,156,22431
20,22607,441,0.0,2898,156,22451
8,22615,441,0.0,2899,156,22459
6,22621,442,1.0,2900,156,22465
9,22630,442,0.0,2901,156,22474
24,22654,442,0.0,2902,156,22498
2,22656,442,0.0,2903,156,22500
6,22662,443,1.0,2904,156,22506
3,22665,443,0.0,2905,156,22509
8,22673,444,1.0,2906,156,22517
15,22688,444,0.0,2907,156,22532
6,22694,445,1.0,2908,156,22538
8,22702,445,0.0,2909,156,22546
6,22708,445,0.0,2910,156,22552
8,22716,445,0.0,2911,156,22560
3,22719,445,0.0,2912,156,22563
6,22725,445,0.0,2913,156,22569
3,22728,445,0.0,2914,156,22572
7,22735,445,0.0,2915,156,22579
6,22741,445,0.0,2916,156,22585
5,22746,445,0.0,2917,156,22590
9,22755,445,0.0,2918,156,22599
53,22808,445,0.0,2919,156,22652
6,22814,446,1.0,2920,156,22658
2,22816,446,0.0,2921,156,22660
6,22822,447,1.0,2922,156,22666
6,22828,448,1.0,2923,156,22672
11,22839,448,0.0,2924,156,22683
16,22855,448,0.0,2925,156,22699
18,22873,448,0.0,2926,156,22717
2,22875,448,0.0,2927,156,22719
6,22881,449,1.0,2928,156,22725
6,22887,450,1.0,2929,156,22731
8,22895,450,0.0,2930,156,22739
10,22905,450,0.0,2931,156,22749
2,22907,450,0.0,2932,156,22751
6,22913,450,0.0,2933,156,22757
5,22918,450,0.0,2934,156,22762
6,22924,450,0.0,2935,156,22768
6,22930,451,1.0,2936,156,22774
7,22937,451,0.0,2937,156,22781
4,22941,451,0.0,2938,156,22785
6,22947,451,0.0,2939,156,22791
8,22955,451,0.0,2940,156,22799
2,22957,451,0.0,2941,156,22801
8,22965,451,0.0,2942,156,22809
15,22980,451,0.0,2943,156,22824
2,22982,451,0.0,2944,156,22826
4,22986,451,0.0,2945,156,22830
4,22990,451,0.0,2946,156,22834
7,22997,451,0.0,2947,156,22841
5,23002,451,0.0,2948,156,22846
11,23013,451,0.0,2949,156,22857
2,23015,451,0.0,2950,156,22859
2,23017,451,0.0,2951,156,22861
2,23019,451,0.0,2952,156,22863
16,23035,451,0.0,2953,156,22879
6,23041,452,1.0,2954,156,22885
2,23043,452,0.0,2955,156,22887
18,23061,452,0.0,2956,156,22905
10,23071,452,0.0,2957,156,22915
2,23073,452,0.0,2958,156,22917
3,23076,452,0.0,2959,156,22920
7,23083,452,0.0,2960,156,22927
4,23087,452,0.0,2961,156,22931
11,23098,452,0.0,2962,156,22942
15,23113,452,0.0,2963,156,22957
23,23136,452,0.0,2964,156,22980
13,23149,452,0.0,2965,156,22993
32,23181,452,0.0,2966,156,23025
2,23183,452,0.0,2967,156,23027
6,23189,453,1.0,2968,156,23033
7,23196,453,0.0,2969,156,23040
36,23232,453,0.0,2970,156,23076
32,23264,453,0.0,2971,156,23108
8,23272,453,0.0,2972,156,23116
6,23278,453,0.0,2973,156,23122
3,23281,453,0.0,2974,156,23125
9,23290,453,0.0,2975,156,23134
6,23296,453,0.0,2976,156,23140
6,23302,454,1.0,2977,156,23146
6,23308,455,1.0,2978,156,23152
6,23314,456,1.0,2979,156,23158
6,23320,457,1.0,2980,156,23164
8,23328,458,1.0,2981,156,23172
4,23332,458,0.0,2982,156,23176
6,23338,459,1.0,2983,156,23182
18,23356,459,0.0,2984,156,23200
18,23374,459,0.0,2985,156,23218
2,23376,459,0.0,2986,156,23220
6,23382,460,1.0,2987,156,23226
6,23388,460,0.0,2988,156,23232
29,23417,461,1.0,2989,156,23261
8,23425,462,1.0,2990,156,23269
2,23427,462,0.0,2991,156,23271
6,23433,463,1.0,2992,156,23277
8,23441,464,1.0,2993,156,23285
6,23447,464,0.0,2994,156,23291
7,23454,464,0.0,2995,156,23298
4,23458,464,0.0,2996,156,23302
4,23462,464,0.0,2997,156,23306
6,23468,465,1.0,2998,156,23312
14,23482,465,0.0,2999,156,23326
20,23502,465,0.0,3000,156,23346
14,23516,465,0.0,3001,156,23360
2,23518,465,0.0,3002,156,23362
3,23521,465,0.0,3003,156,23365
8,23529,465,0.0,3004,156,23373
3,23532,465,0.0,3005,156,23376
6,23538,466,1.0,3006,156,23382
2,23540,466,0.0,3007,156,23384
6,23546,466,0.0,3008,156,23390
2,23548,466,0.0,3009,156,23392
4,23552,466,0.0,3010,156,23396
12,23564,466,0.0,3011,156,23408
7,23571,466,0.0,3012,156,23415
8,23579,466,0.0,3013,156,23423
2,23581,466,0.0,3014,156,23425
5,23586,466,0.0,3015,156,23430
5,23591,466,0.0,3016,156,23435
20,23611,466,0.0,3017,156,23455
2,23613,466,0.0,3018,156,23457
2,23615,466,0.0,3019,156,23459
6,23621,467,1.0,3020,156,23465
3,23624,467,0.0,3021,156,23468
6,23630,468,1.0,3022,156,23474
3,23633,468,0.0,3023,156,23477
10,23643,468,0.0,3024,156,23487
2,23645,468,0.0,3025,156,23489
19,23664,468,0.0,3026,156,23508
15,23679,468,0.0,3027,156,23523
6,23685,469,1.0,3028,156,23529
14,23699,469,0.0,3029,156,23543
6,23705,470,1.0,3030,156,23549
7,23712,470,0.0,3031,156,23556
11,23723,470,0.0,3032,156,23567
4,23727,470,0.0,3033,156,23571
7,23734,470,0.0,3034,156,23578
3,23737,470,0.0,3035,156,23581
2,23739,470,0.0,3036,156,23583
21,23760,470,0.0,3037,156,23604
18,23778,470,0.0,3038,156,23622
18,23796,470,0.0,3039,156,23640
18,23814,470,0.0,3040,156,23658
7,23821,470,0.0,3041,156,23665
11,23832,470,0.0,3042,156,23676
4,23836,470,0.0,3043,156,23680
20,23856,470,0.0,3044,156,23700
7,23863,470,0.0,3045,156,23707
19,23882,470,0.0,3046,156,23726
20,23902,470,0.0,3047,156,23746
6,23908,471,1.0,3048,156,23752
8,23916,472,1.0,3049,156,23760
6,23922,472,0.0,3050,156,23766
7,23929,472,0.0,3051,156,23773
10,23939,472,0.0,3052,156,23783
12,23951,472,0.0,3053,156,23795
7,23958,472,0.0,3054,156,23802
3,23961,472,0.0,3055,156,23805
8,23969,473,1.0,3056,156,23813
7,23976,473,0.0,3057,156,23820
6,23982,474,1.0,3058,156,23826
3,23985,474,0.0,3059,156,23829
6,23991,474,0.0,3060,156,23835
6,23997,474,0.0,3061,156,23841
13,24010,474,0.0,3062,156,23854
2,24012,474,0.0,3063,156,23856
6,24018,475,1.0,3064,156,23862
6,24024,476,1.0,3065,156,23868
7,24031,476,0.0,3066,156,23875
6,24037,477,1.0,3067,156,23881
17,24054,477,0.0,3068,156,23898
11,24065,477,0.0,3069,156,23909
7,24072,477,0.0,3070,156,23916
3,24075,477,0.0,3071,156,23919
18,24093,477,0.0,3072,156,23937
2,24095,477,0.0,3073,156,23939
3,24098,477,0.0,3074,156,23942
6,24104,478,1.0,3075,156,23948
2,24106,478,0.0,3076,156,23950
6,24112,479,1.0,3077,156,23956
5,24117,479,0.0,3078,156,23961
6,24123,479,0.0,3079,156,23967
4,24127,479,0.0,3080,156,23971
4,24131,479,0.0,3081,156,23975
6,24137,480,1.0,3082,156,23981
3,24140,480,0.0,3083,156,23984
6,24146,481,1.0,3084,156,23990
6,24152,482,1.0,3085,156,23996
6,24158,483,1.0,3086,156,24002
2,24160,483,0.0,3087,156,24004
6,24166,484,1.0,3088,156,24010
6,24172,484,0.0,3089,156,24016
15,24187,484,0.0,3090,156,24031
8,24195,484,0.0,3091,156,24039
6,24201,484,0.0,3092,156,24045
8,24209,484,0.0,3093,156,24053
4,24213,484,0.0,3094,156,24057
6,24219,485,1.0,3095,156,24063
3,24222,485,0.0,3096,156,24066
2,24224,485,0.0,3097,156,24068
7,24231,485,0.0,3098,156,24075
2,24233,485,0.0,3099,156,24077
34,24267,485,0.0,3100,156,24111
5,24272,485,0.0,3101,156,24116
2,24274,485,0.0,3102,156,24118
6,24280,486,1.0,3103,156,24124
2,24282,486,0.0,3104,156,24126
18,24300,486,0.0,3105,156,24144
8,24308,487,1.0,3106,156,24152
2,24310,487,0.0,3107,156,24154
17,24327,487,0.0,3108,156,24171
24,24351,487,0.0,3109,156,24195
15,24366,487,0.0,3110,156,24210
7,24373,487,0.0,3111,156,24217
20,24393,487,0.0,3112,156,24237
2,24395,487,0.0,3113,156,24239
3,24398,487,0.0,3114,156,24242
3,24401,487,0.0,3115,156,24245
6,24407,488,1.0,3116,156,24251
2,24409,488,0.0,3117,156,24253
6,24415,488,0.0,3118,156,24259
15,24430,488,0.0,3119,156,24274
11,24441,488,0.0,3120,156,24285
6,24447,489,1.0,3121,156,24291
20,24467,489,0.0,3122,156,24311
2,24469,489,0.0,3123,156,24313
6,24475,490,1.0,3124,156,24319
5,24480,490,0.0,3125,156,24324
18,24498,490,0.0,3126,156,24342
17,24515,490,0.0,3127,156,24359
5,24520,490,0.0,3128,156,24364
13,24533,490,0.0,3129,156,24377
8,24541,490,0.0,3130,156,24385
6,24547,491,1.0,3131,156,24391
11,24558,491,0.0,3132,156,24402
2,24560,491,0.0,3133,156,24404
8,24568,491,0.0,3134,156,24412
6,24574,492,1.0,3135,156,24418
18,24592,492,0.0,3136,156,24436
6,24598,493,1.0,3137,156,24442
3,24601,493,0.0,3138,156,24445
2,24603,493,0.0,3139,156,24447
6,24609,493,0.0,3140,156,24453
2,24611,493,0.0,3141,156,24455
2,24613,493,0.0,3142,156,24457
7,24620,493,0.0,3143,156,24464
8,24628,494,1.0,3144,156,24472
6,24634,495,1.0,3145,156,24478
4,24638,495,0.0,3146,156,24482
2,24640,495,0.0,3147,156,24484
8,24648,495,0.0,3148,156,24492
21,24669,495,0.0,3149,156,24513
19,24688,495,0.0,3150,156,24532
16,24704,495,0.0,3151,156,24548
6,24710,496,1.0,3152,156,24554
7,24717,496,0.0,3153,156,24561
3,24720,496,0.0,3154,156,24564
5,24725,496,0.0,3155,156,24569
3,24728,496,0.0,3156,156,24572
3,24731,496,0.0,3157,156,24575
9,24740,496,0.0,3158,156,24584
7,24747,496,0.0,3159,156,24591
2,24749,496,0.0,3160,156,24593
9,24758,496,0.0,3161,156,24602
6,24764,497,1.0,3162,156,24608
22,24786,497,0.0,3163,156,24630
12,24798,497,0.0,3164,156,24642
6,24804,498,1.0,3165,156,24648
6,24810,499,1.0,3166,156,24654
6,24816,500,1.0,3167,156,24660
8,24824,500,0.0,3168,156,24668
4,24828,500,0.0,3169,156,24672
13,24841,500,0.0,3170,156,24685
10,24851,500,0.0,3171,156,24695
6,24857,501,1.0,3172,156,24701
6,24863,502,1.0,3173,156,24707
17,24880,502,0.0,3174,156,24724
2,24882,502,0.0,3175,156,24726
4,24886,502,0.0,3176,156,24730
5,24891,502,0.0,3177,156,24735
6,24897,503,1.0,3178,156,24741
6,24903,503,0.0,3179,156,24747
6,24909,504,1.0,3180,156,24753
2,24911,504,0.0,3181,156,24755
6,24917,505,1.0,3182,156,24761
4,24921,505,0.0,3183,156,24765
8,24929,505,0.0,3184,156,24773
6,24935,506,1.0,3185,156,24779
3,24938,506,0.0,3186,156,24782
16,24954,506,0.0,3187,156,24798
19,24973,506,0.0,3188,156,24817
2,24975,506,0.0,3189,156,24819
15,24990,506,0.0,3190,156,24834
6,24996,507,1.0,3191,156,24840
4,25000,507,0.0,3192,156,24844
9,25009,507,0.0,3193,156,24853
11,25020,507,0.0,3194,156,24864
7,25027,507,0.0,3195,156,24871
2,25029,507,0.0,3196,156,24873
8,25037,507,0.0,3197,156,24881
4,25041,507,0.0,3198,156,24885
3,25044,507,0.0,3199,156,24888
3,25047,507,0.0,3200,156,24891
18,25065,507,0.0,3201,156,24909
2,25067,507,0.0,3202,156,24911
9,25076,507,0.0,3203,156,24920
12,25088,507,0.0,3204,156,24932
9,25097,507,0.0,3205,156,24941
2,25099,507,0.0,3206,156,24943
6,25105,508,1.0,3207,156,24949
3,25108,508,0.0,3208,156,24952
6,25114,509,1.0,3209,156,24958
8,25122,509,0.0,3210,156,24966
2,25124,509,0.0,3211,156,24968
15,25139,509,0.0,3212,156,24983
4,25143,509,0.0,3213,156,24987
2,25145,509,0.0,3214,156,24989
2,25147,509,0.0,3215,156,24991
2,25149,509,0.0,3216,156,24993
9,25158,509,0.0,3217,156,25002
9,25167,509,0.0,3218,156,25011
10,25177,509,0.0,3219,156,25021
4,25181,509,0.0,3220,156,25025
5,25186,509,0.0,3221,156,25030
6,25192,510,1.0,3222,156,25036
11,25203,510,0.0,3223,156,25047
14,25217,510,0.0,3224,156,25061
16,25233,510,0.0,3225,156,25077
2,25235,510,0.0,3226,156,25079
20,25255,510,0.0,3227,156,25099
22,25277,510,0.0,3228,156,25121
20,25297,510,0.0,3229,156,25141
12,25309,510,0.0,3230,156,25153
15,25324,510,0.0,3231,156,25168
6,25330,511,1.0,3232,156,25174
4,25334,511,0.0,3233,156,25178
11,25345,511,0.0,3234,156,25189
6,25351,512,1.0,3235,156,25195
4,25355,512,0.0,3236,156,25199
2,25357,512,0.0,3237,156,25201
3,25360,512,0.0,3238,156,25204
12,25372,512,0.0,3239,156,25216
3,25375,512,0.0,3240,156,25219
4,25379,512,0.0,3241,156,25223
7,25386,512,0.0,3242,156,25230
18,25404,512,0.0,3243,156,25248
29,25433,512,0.0,3244,156,25277
8,25441,512,0.0,3245,156,25285
2,25443,512,0.0,3246,156,25287
35,25478,512,0.0,3247,156,25322
3,25481,512,0.0,3248,156,25325
6,25487,513,1.0,3249,156,25331
6,25493,514,1.0,3250,156,25337
13,25506,514,0.0,3251,156,25350
3,25509,514,0.0,3252,156,25353
6,25515,515,1.0,3253,156,25359
2,25517,515,0.0,3254,156,25361
8,25525,515,0.0,3255,156,25369
3,25528,515,0.0,3256,156,25372
6,25534,515,0.0,3257,156,25378
3,25537,515,0.0,3258,156,25381
4,25541,515,0.0,3259,156,25385
5,25546,515,0.0,3260,156,25390
12,25558,515,0.0,3261,156,25402
6,25564,516,1.0,3262,156,25408
6,25570,517,1.0,3263,156,25414
16,25586,517,0.0,3264,156,25430
4,25590,517,0.0,3265,156,25434
6,25596,518,1.0,3266,156,25440
18,25614,518,0.0,3267,156,25458
18,25632,518,0.0,3268,156,25476
6,25638,518,0.0,3269,156,25482
6,25644,518,0.0,3270,156,25488
10,25654,518,0.0,3271,156,25498
6,25660,519,1.0,3272,156,25504
2,25662,519,0.0,3273,156,25506
3,25665,519,0.0,3274,156,25509
4,25669,519,0.0,3275,156,25513
21,25690,519,0.0,3276,156,25534
4,25694,519,0.0,3277,156,25538
6,25700,519,0.0,3278,156,25544
5,25705,519,0.0,3279,156,25549
6,25711,520,1.0,3280,156,25555
6,25717,521,1.0,3281,156,25561
6,25723,521,0.0,3282,156,25567
6,25729,522,1.0,3283,156,25573
32,25761,522,0.0,3284,156,25605
3,25764,522,0.0,3285,156,25608
6,25770,523,1.0,3286,156,25614
12,25782,523,0.0,3287,156,25626
6,25788,524,1.0,3288,156,25632
2,25790,524,0.0,3289,156,25634
3,25793,524,0.0,3290,156,25637
18,25811,524,0.0,3291,156,25655
6,25817,525,1.0,3292,156,25661
4,25821,525,0.0,3293,156,25665
22,25843,525,0.0,3294,156,25687
19,25862,525,0.0,3295,156,25706
15,25877,525,0.0,3296,156,25721
6,25883,526,1.0,3297,156,25727
2,25885,526,0.0,3298,156,25729
11,25896,526,0.0,3299,156,25740
7,25903,526,0.0,3300,156,25747
25,25928,526,0.0,3301,156,25772
3,25931,526,0.0,3302,156,25775
6,25937,526,0.0,3303,156,25781
9,25946,526,0.0,3304,156,25790
2,25948,526,0.0,3305,156,25792
13,25961,526,0.0,3306,156,25805
4,25965,526,0.0,3307,156,25809
6,25971,527,1.0,3308,156,25815
7,25978,527,0.0,3309,156,25822
3,25981,527,0.0,3310,156,25825
4,25985,527,0.0,3311,156,25829
5,25990,527,0.0,3312,156,25834
2,25992,527,0.0,3313,156,25836
20,26012,527,0.0,3314,156,25856
12,26024,527,0.0,3315,156,25868
14,26038,527,0.0,3316,156,25882
20,26058,527,0.0,3317,156,25902
4,26062,527,0.0,3318,156,25906
6,26068,528,1.0,3319,156,25912
15,26083,528,0.0,3320,156,25927
6,26089,529,1.0,3321,156,25933
8,26097,529,0.0,3322,156,25941
35,26132,529,0.0,3323,156,25976
2,26134,529,0.0,3324,156,25978
3,26137,529,0.0,3325,156,25981
6,26143,530,1.0,3326,156,25987
6,26149,531,1.0,3327,156,25993
22,26171,531,0.0,3328,156,26015
6,26177,532,1.0,3329,156,26021
6,26183,533,1.0,3330,156,26027
8,26191,534,1.0,3331,156,26035
2,26193,534,0.0,3332,156,26037
6,26199,535,1.0,3333,156,26043
11,26210,535,0.0,3334,156,26054
4,26214,535,0.0,3335,156,26058
6,26220,535,0.0,3336,156,26064
4,26224,535,0.0,3337,156,26068
6,26230,536,1.0,3338,156,26074
6,26236,537,1.0,3339,156,26080
12,26248,537,0.0,3340,156,26092
4,26252,537,0.0,3341,156,26096
4,26256,537,0.0,3342,156,26100
4,26260,537,0.0,3343,156,26104
12,26272,537,0.0,3344,156,26116
6,26278,538,1.0,3345,156,26122
6,26284,539,1.0,3346,156,26128
6,26290,540,1.0,3347,156,26134
6,26296,541,1.0,3348,156,26140
6,26302,541,0.0,3349,156,26146
2,26304,541,0.0,3350,156,26148
2,26306,541,0.0,3351,156,26150
2,26308,541,0.0,3352,156,26152
8,26316,541,0.0,3353,156,26160
19,26335,541,0.0,3354,156,26179
3,26338,541,0.0,3355,156,26182
6,26344,541,0.0,3356,156,26188
2,26346,541,0.0,3357,156,26190
6,26352,542,1.0,3358,156,26196
10,26362,542,0.0,3359,156,26206
18,26380,542,0.0,3360,156,26224
2,26382,542,0.0,3361,156,26226
6,26388,543,1.0,3362,156,26232
7,26395,543,0.0,3363,156,26239
15,26410,543,0.0,3364,156,26254
6,26416,544,1.0,3365,156,26260
7,26423,544,0.0,3366,156,26267
6,26429,545,1.0,3367,156,26273
4,26433,545,0.0,3368,156,26277
5,26438,545,0.0,3369,156,26282
4,26442,545,0.0,3370,156,26286
18,26460,545,0.0,3371,156,26304
2,26462,545,0.0,3372,156,26306
2,26464,545,0.0,3373,156,26308
6,26470,545,0.0,3374,156,26314
2,26472,545,0.0,3375,156,26316
16,26488,545,0.0,3376,156,26332
9,26497,545,0.0,3377,156,26341
6,26503,546,1.0,3378,156,26347
13,26516,546,0.0,3379,156,26360
10,26526,546,0.0,3380,156,26370
2,26528,546,0.0,3381,156,26372
3,26531,546,0.0,3382,156,26375
5,26536,546,0.0,3383,156,26380
7,26543,546,0.0,3384,156,26387
19,26562,546,0.0,3385,156,26406
2,26564,546,0.0,3386,156,26408
14,26578,546,0.0,3387,156,26422
4,26582,546,0.0,3388,156,26426
21,26603,546,0.0,3389,156,26447
5,26608,546,0.0,3390,156,26452
5,26613,546,0.0,3391,156,26457
4,26617,546,0.0,3392,156,26461
12,26629,546,0.0,3393,156,26473
6,26635,547,1.0,3394,156,26479
18,26653,547,0.0,3395,156,26497
6,26659,548,1.0,3396,156,26503
3,26662,548,0.0,3397,156,26506
6,26668,549,1.0,3398,156,26512
3,26671,549,0.0,3399,156,26515
2,26673,549,0.0,3400,156,26517
7,26680,549,0.0,3401,156,26524
9,26689,549,0.0,3402,156,26533
6,26695,549,0.0,3403,156,26539
6,26701,550,1.0,3404,156,26545
14,26715,550,0.0,3405,156,26559
12,26727,550,0.0,3406,156,26571
6,26733,551,1.0,3407,156,26577
2,26735,551,0.0,3408,156,26579
2,26737,551,0.0,3409,156,26581
6,26743,552,1.0,3410,156,26587
4,26747,552,0.0,3411,156,26591
2,26749,552,0.0,3412,156,26593
14,26763,552,0.0,3413,156,26607
6,26769,552,0.0,3414,156,26613
18,26787,552,0.0,3415,156,26631
6,26793,552,0.0,3416,156,26637
27,26820,552,0.0,3417,156,26664
6,26826,553,1.0,3418,156,26670
3,26829,553,0.0,3419,156,26673
6,26835,554,1.0,3420,156,26679
10,26845,554,0.0,3421,156,26689
8,26853,554,0.0,3422,156,26697
12,26865,554,0.0,3423,156,26709
6,26871,555,1.0,3424,156,26715
6,26877,556,1.0,3425,156,26721
2,26879,556,0.0,3426,156,26723
28,26907,556,0.0,3427,156,26751
13,26920,556,0.0,3428,156,26764
6,26926,557,1.0,3429,156,26770
3,26929,557,0.0,3430,156,26773
6,26935,558,1.0,3431,156,26779
19,26954,558,0.0,3432,156,26798
6,26960,559,1.0,3433,156,26804
13,26973,559,0.0,3434,156,26817
3,26976,559,0.0,3435,156,26820
13,26989,559,0.0,3436,156,26833
6,26995,560,1.0,3437,156,26839
8,27003,561,1.0,3438,156,26847
2,27005,561,0.0,3439,156,26849
20,27025,561,0.0,3440,156,26869
5,27030,561,0.0,3441,156,26874
7,27037,561,0.0,3442,156,26881
12,27049,561,0.0,3443,156,26893
6,27055,561,0.0,3444,156,26899
24,27079,561,0.0,3445,156,26923
7,27086,561,0.0,3446,156,26930
10,27096,561,0.0,3447,156,26940
18,27114,561,0.0,3448,156,26958
6,27120,561,0.0,3449,156,26964
4,27124,561,0.0,3450,156,26968
5,27129,561,0.0,3451,156,26973
18,27147,561,0.0,3452,156,26991
2,27149,561,0.0,3453,156,26993
6,27155,562,1.0,3454,156,26999
2,27157,562,0.0,3455,156,27001
4,27161,562,0.0,3456,156,27005
9,27170,562,0.0,3457,156,27014
2,27172,562,0.0,3458,156,27016
6,27178,563,1.0,3459,156,27022
3,27181,563,0.0,3460,156,27025
12,27193,563,0.0,3461,156,27037
2,27195,563,0.0,3462,156,27039
3,27198,563,0.0,3463,156,27042
15,27213,563,0.0,3464,156,27057
6,27219,564,1.0,3465,156,27063
5,27224,564,0.0,3466,156,27068
6,27230,565,1.0,3467,156,27074
2,27232,565,0.0,3468,156,27076
14,27246,565,0.0,3469,156,27090
12,27258,565,0.0,3470,156,27102
3,27261,565,0.0,3471,156,27105
2,27263,565,0.0,3472,156,27107
3,27266,565,0.0,3473,156,27110
32,27298,565,0.0,3474,156,27142
2,27300,565,0.0,3475,156,27144
6,27306,566,1.0,3476,156,27150
4,27310,566,0.0,3477,156,27154
6,27316,567,1.0,3478,156,27160
13,27329,567,0.0,3479,156,27173
3,27332,567,0.0,3480,156,27176
14,27346,567,0.0,3481,156,27190
15,27361,567,0.0,3482,156,27205
6,27367,567,0.0,3483,156,27211
6,27373,568,1.0,3484,156,27217
6,27379,569,1.0,3485,156,27223
6,27385,570,1.0,3486,156,27229
7,27392,570,0.0,3487,156,27236
8,27400,570,0.0,3488,156,27244
3,27403,570,0.0,3489,156,27247
2,27405,570,0.0,3490,156,27249
7,27412,570,0.0,3491,156,27256
7,27419,570,0.0,3492,156,27263
12,27431,570,0.0,3493,156,27275
3,27434,570,0.0,3494,156,27278
7,27441,570,0.0,3495,156,27285
2,27443,570,0.0,3496,156,27287
5,27448,570,0.0,3497,156,27292
15,27463,570,0.0,3498,156,27307
9,27472,570,0.0,3499,156,27316
9,27481,570,0.0,3500,156,27325
7,27488,570,0.0,3501,156,27332
21,27509,570,0.0,3502,156,27353
7,27516,570,0.0,3503,156,27360
3,27519,570,0.0,3504,156,27363
5,27524,570,0.0,3505,156,27368
3,27527,570,0.0,3506,156,27371
14,27541,570,0.0,3507,156,27385
2,27543,570,0.0,3508,156,27387
18,27561,570,0.0,3509,156,27405
10,27571,570,0.0,3510,156,27415
2,27573,570,0.0,3511,156,27417
18,27591,570,0.0,3512,156,27435
18,27609,570,0.0,3513,156,27453
10,27619,570,0.0,3514,156,27463
2,27621,570,0.0,3515,156,27465
12,27633,570,0.0,3516,156,27477
3,27636,570,0.0,3517,156,27480
6,27642,570,0.0,3518,156,27486
22,27664,570,0.0,3519,156,27508
5,27669,570,0.0,3520,156,27513
2,27671,570,0.0,3521,156,27515
5,27676,570,0.0,3522,156,27520
2,27678,570,0.0,3523,156,27522
4,27682,570,0.0,3524,156,27526
7,27689,570,0.0,3525,156,27533
6,27695,571,1.0,3526,156,27539
18,27713,571,0.0,3527,156,27557
3,27716,571,0.0,3528,156,27560
4,27720,571,0.0,3529,156,27564
6,27726,571,0.0,3530,156,27570
6,27732,572,1.0,3531,156,27576
7,27739,572,0.0,3532,156,27583
12,27751,572,0.0,3533,156,27595
3,27754,572,0.0,3534,156,27598
15,27769,572,0.0,3535,156,27613
6,27775,573,1.0,3536,156,27619
6,27781,574,1.0,3537,156,27625
7,27788,574,0.0,3538,156,27632
13,27801,574,0.0,3539,156,27645
6,27807,575,1.0,3540,156,27651
6,27813,576,1.0,3541,156,27657
12,27825,576,0.0,3542,156,27669
7,27832,576,0.0,3543,156,27676
24,27856,576,0.0,3544,156,27700
2,27858,576,0.0,3545,156,27702
6,27864,577,1.0,3546,156,27708
2,27866,577,0.0,3547,156,27710
20,27886,577,0.0,3548,156,27730
2,27888,577,0.0,3549,156,27732
4,27892,577,0.0,3550,156,27736
15,27907,577,0.0,3551,156,27751
10,27917,577,0.0,3552,156,27761
4,27921,577,0.0,3553,156,27765
18,27939,577,0.0,3554,156,27783
10,27949,577,0.0,3555,156,27793
10,27959,577,0.0,3556,156,27803
18,27977,577,0.0,3557,156,27821
10,27987,577,0.0,3558,156,27831
6,27993,578,1.0,3559,156,27837
5,27998,578,0.0,3560,156,27842
13,28011,578,0.0,3561,156,27855
4,28015,578,0.0,3562,156,27859
6,28021,579,1.0,3563,156,27865
6,28027,580,1.0,3564,156,27871
3,28030,580,0.0,3565,156,27874
6,28036,581,1.0,3566,156,27880
2,28038,581,0.0,3567,156,27882
12,28050,581,0.0,3568,156,27894
3,28053,581,0.0,3569,156,27897
20,28073,581,0.0,3570,156,27917
6,28079,582,1.0,3571,156,27923
2,28081,582,0.0,3572,156,27925
3,28084,582,0.0,3573,156,27928
21,28105,582,0.0,3574,156,27949
13,28118,582,0.0,3575,156,27962
2,28120,582,0.0,3576,156,27964
6,28126,583,1.0,3577,156,27970
8,28134,583,0.0,3578,156,27978
8,28142,583,0.0,3579,156,27986
9,28151,583,0.0,3580,156,27995
12,28163,583,0.0,3581,156,28007
21,28184,583,0.0,3582,156,28028
2,28186,583,0.0,3583,156,28030
12,28198,583,0.0,3584,156,28042
2,28200,583,0.0,3585,156,28044
19,28219,583,0.0,3586,156,28063
6,28225,584,1.0,3587,156,28069
3,28228,584,0.0,3588,156,28072
2,28230,584,0.0,3589,156,28074
2,28232,584,0.0,3590,156,28076
4,28236,584,0.0,3591,156,28080
6,28242,585,1.0,3592,156,28086
4,28246,585,0.0,3593,156,28090
5,28251,585,0.0,3594,156,28095
4,28255,585,0.0,3595,156,28099
4,28259,585,0.0,3596,156,28103
7,28266,585,0.0,3597,156,28110
2,28268,585,0.0,3598,156,28112
6,28274,586,1.0,3599,156,28118
2,28276,586,0.0,3600,156,28120
18,28294,586,0.0,3601,156,28138
7,28301,586,0.0,3602,156,28145
2,28303,586,0.0,3603,156,28147
13,28316,586,0.0,3604,156,28160
4,28320,586,0.0,3605,156,28164
2,28322,586,0.0,3606,156,28166
6,28328,587,1.0,3607,156,28172
6,28334,588,1.0,3608,156,28178
6,28340,589,1.0,3609,156,28184
12,28352,589,0.0,3610,156,28196
14,28366,589,0.0,3611,156,28210
6,28372,589,0.0,3612,156,28216
6,28378,590,1.0,3613,156,28222
4,28382,590,0.0,3614,156,28226
6,28388,591,1.0,3615,156,28232
2,28390,591,0.0,3616,156,28234
15,28405,591,0.0,3617,156,28249
19,28424,591,0.0,3618,156,28268
6,28430,592,1.0,3619,156,28274
8,28438,592,0.0,3620,156,28282
6,28444,593,1.0,3621,156,28288
18,28462,593,0.0,3622,156,28306
2,28464,593,0.0,3623,156,28308
12,28476,593,0.0,3624,156,28320
2,28478,593,0.0,3625,156,28322
29,28507,593,0.0,3626,156,28351
12,28519,593,0.0,3627,156,28363
12,28531,593,0.0,3628,156,28375
2,28533,593,0.0,3629,156,28377
2,28535,593,0.0,3630,156,28379
2,28537,593,0.0,3631,156,28381
6,28543,594,1.0,3632,156,28387
3,28546,594,0.0,3633,156,28390
12,28558,594,0.0,3634,156,28402
10,28568,594,0.0,3635,156,28412
6,28574,595,1.0,3636,156,28418
2,28576,595,0.0,3637,156,28420
8,28584,596,1.0,3638,156,28428
2,28586,596,0.0,3639,156,28430
20,28606,596,0.0,3640,156,28450
2,28608,596,0.0,3641,156,28452
7,28615,596,0.0,3642,156,28459
12,28627,596,0.0,3643,156,28471
8,28635,596,0.0,3644,156,28479
6,28641,596,0.0,3645,156,28485
6,28647,597,1.0,3646,156,28491
6,28653,598,1.0,3647,156,28497
7,28660,598,0.0,3648,156,28504
10,28670,598,0.0,3649,156,28514
2,28672,598,0.0,3650,156,28516
10,28682,598,0.0,3651,156,28526
3,28685,598,0.0,3652,156,28529
2,28687,598,0.0,3653,156,28531
6,28693,598,0.0,3654,156,28537
8,28701,598,0.0,3655,156,28545
15,28716,598,0.0,3656,156,28560
3,28719,598,0.0,3657,156,28563
3,28722,598,0.0,3658,156,28566
5,28727,598,0.0,3659,156,28571
16,28743,598,0.0,3660,156,28587
12,28755,598,0.0,3661,156,28599
4,28759,598,0.0,3662,156,28603
20,28779,598,0.0,3663,156,28623
6,28785,598,0.0,3664,156,28629
14,28799,598,0.0,3665,156,28643
11,28810,598,0.0,3666,156,28654
19,28829,598,0.0,3667,156,28673
5,28834,598,0.0,3668,156,28678
2,28836,598,0.0,3669,156,28680
19,28855,598,0.0,3670,156,28699
6,28861,599,1.0,3671,156,28705
2,28863,599,0.0,3672,156,28707
32,28895,599,0.0,3673,156,28739
6,28901,600,1.0,3674,156,28745
2,28903,600,0.0,3675,156,28747
12,28915,600,0.0,3676,156,28759
6,28921,601,1.0,3677,156,28765
6,28927,601,0.0,3678,156,28771
10,28937,601,0.0,3679,156,28781
4,28941,601,0.0,3680,156,28785
2,28943,601,0.0,3681,156,28787
11,28954,601,0.0,3682,156,28798
12,28966,601,0.0,3683,156,28810
7,28973,601,0.0,3684,156,28817
6,28979,602,1.0,3685,156,28823
3,28982,602,0.0,3686,156,28826
7,28989,602,0.0,3687,156,28833
18,29007,602,0.0,3688,156,28851
11,29018,602,0.0,3689,156,28862
6,29024,603,1.0,3690,156,28868
11,29035,603,0.0,3691,156,28879
2,29037,603,0.0,3692,156,28881
11,29048,603,0.0,3693,156,28892
2,29050,603,0.0,3694,156,28894
6,29056,604,1.0,3695,156,28900
15,29071,604,0.0,3696,156,28915
6,29077,605,1.0,3697,156,28921
21,29098,605,0.0,3698,156,28942
44,29142,605,0.0,3699,156,28986
6,29148,606,1.0,3700,156,28992
6,29154,606,0.0,3701,156,28998
6,29160,607,1.0,3702,156,29004
22,29182,607,0.0,3703,156,29026
2,29184,607,0.0,3704,156,29028
21,29205,607,0.0,3705,156,29049
5,29210,607,0.0,3706,156,29054
4,29214,607,0.0,3707,156,29058
6,29220,608,1.0,3708,156,29064
8,29228,608,0.0,3709,156,29072
18,29246,608,0.0,3710,156,29090
9,29255,608,0.0,3711,156,29099
13,29268,608,0.0,3712,156,29112
6,29274,609,1.0,3713,156,29118
17,29291,609,0.0,3714,156,29135
2,29293,609,0.0,3715,156,29137
8,29301,609,0.0,3716,156,29145
12,29313,609,0.0,3717,156,29157
5,29318,609,0.0,3718,156,29162
6,29324,609,0.0,3719,156,29168
5,29329,609,0.0,3720,156,29173
2,29331,609,0.0,3721,156,29175
6,29337,610,1.0,3722,156,29181
8,29345,611,1.0,3723,156,29189
5,29350,611,0.0,3724,156,29194
8,29358,611,0.0,3725,156,29202
13,29371,611,0.0,3726,156,29215
4,29375,611,0.0,3727,156,29219
14,29389,611,0.0,3728,156,29233
6,29395,611,0.0,3729,156,29239
6,29401,612,1.0,3730,156,29245
6,29407,613,1.0,3731,156,29251
14,29421,613,0.0,3732,156,29265
5,29426,613,0.0,3733,156,29270
4,29430,613,0.0,3734,156,29274
33,29463,613,0.0,3735,156,29307
6,29469,614,1.0,3736,156,29313
4,29473,614,0.0,3737,156,29317
12,29485,614,0.0,3738,156,29329
6,29491,615,1.0,3739,156,29335
6,29497,616,1.0,3740,156,29341
4,29501,616,0.0,3741,156,29345
6,29507,616,0.0,3742,156,29351
18,29525,616,0.0,3743,156,29369
14,29539,616,0.0,3744,156,29383
7,29546,616,0.0,3745,156,29390
2,29548,616,0.0,3746,156,29392
11,29559,616,0.0,3747,156,29403
4,29563,616,0.0,3748,156,29407
6,29569,617,1.0,3749,156,29413
6,29575,618,1.0,3750,156,29419
9,29584,618,0.0,3751,156,29428
3,29587,618,0.0,3752,156,29431
3,29590,618,0.0,3753,156,29434
11,29601,618,0.0,3754,156,29445
2,29603,618,0.0,3755,156,29447
15,29618,618,0.0,3756,156,29462
2,29620,618,0.0,3757,156,29464
2,29622,618,0.0,3758,156,29466
2,29624,618,0.0,3759,156,29468
6,29630,619,1.0,3760,156,29474
6,29636,620,1.0,3761,156,29480
2,29638,620,0.0,3762,156,29482
51,29689,620,0.0,3763,156,29533
3,29692,620,0.0,3764,156,29536
5,29697,620,0.0,3765,156,29541
10,29707,620,0.0,3766,156,29551
13,29720,620,0.0,3767,156,29564
6,29726,621,1.0,3768,156,29570
12,29738,621,0.0,3769,156,29582
11,29749,621,0.0,3770,156,29593
4,29753,621,0.0,3771,156,29597
5,29758,621,0.0,3772,156,29602
10,29768,621,0.0,3773,156,29612
4,29772,621,0.0,3774,156,29616
11,29783,621,0.0,3775,156,29627
2,29785,621,0.0,3776,156,29629
6,29791,622,1.0,3777,156,29635
16,29807,622,0.0,3778,156,29651
6,29813,623,1.0,3779,156,29657
20,29833,623,0.0,3780,156,29677
2,29835,623,0.0,3781,156,29679
6,29841,624,1.0,3782,156,29685
2,29843,624,0.0,3783,156,29687
2,29845,624,0.0,3784,156,29689
6,29851,625,1.0,3785,156,29695
6,29857,625,0.0,3786,156,29701
6,29863,626,1.0,3787,156,29707
3,29866,626,0.0,3788,156,29710
6,29872,626,0.0,3789,156,29716
18,29890,626,0.0,3790,156,29734
2,29892,626,0.0,3791,156,29736
6,29898,627,1.0,3792,156,29742
10,29908,627,0.0,3793,156,29752
21,29929,627,0.0,3794,156,29773
2,29931,627,0.0,3795,156,29775
2,29933,627,0.0,3796,156,29777
15,29948,627,0.0,3797,156,29792
4,29952,627,0.0,3798,156,29796
5,29957,627,0.0,3799,156,29801
6,29963,628,1.0,3800,156,29807
3,29966,628,0.0,3801,156,29810
16,29982,628,0.0,3802,156,29826
11,29993,628,0.0,3803,156,29837
6,29999,628,0.0,3804,156,29843
3,30002,628,0.0,3805,156,29846
6,30008,629,1.0,3806,156,29852
3,30011,629,0.0,3807,156,29855
3,30014,629,0.0,3808,156,29858
6,30020,630,1.0,3809,156,29864
13,30033,630,0.0,3810,156,29877
7,30040,630,0.0,3811,156,29884
6,30046,631,1.0,3812,156,29890
10,30056,631,0.0,3813,156,29900
6,30062,632,1.0,3814,156,29906
6,30068,632,0.0,3815,156,29912
6,30074,633,1.0,3816,156,29918
13,30087,633,0.0,3817,156,29931
2,30089,633,0.0,3818,156,29933
2,30091,633,0.0,3819,156,29935
3,30094,633,0.0,3820,156,29938
2,30096,633,0.0,3821,156,29940
18,30114,633,0.0,3822,156,29958
4,30118,633,0.0,3823,156,29962
6,30124,634,1.0,3824,156,29968
7,30131,634,0.0,3825,156,29975
4,30135,634,0.0,3826,156,29979
13,30148,634,0.0,3827,156,29992
10,30158,634,0.0,3828,156,30002
2,30160,634,0.0,3829,156,30004
2,30162,634,0.0,3830,156,30006
2,30164,634,0.0,3831,156,30008
6,30170,635,1.0,3832,156,30014
6,30176,636,1.0,3833,156,30020
6,30182,637,1.0,3834,156,30026
15,30197,637,0.0,3835,156,30041
17,30214,637,0.0,3836,156,30058
6,30220,638,1.0,3837,156,30064
3,30223,638,0.0,3838,156,30067
5,30228,638,0.0,3839,156,30072
7,30235,638,0.0,3840,156,30079
18,30253,638,0.0,3841,156,30097
18,30271,638,0.0,3842,156,30115
6,30277,639,1.0,3843,156,30121
5,30282,639,0.0,3844,156,30126
3,30285,639,0.0,3845,156,30129
6,30291,639,0.0,3846,156,30135
13,30304,639,0.0,3847,156,30148
24,30328,639,0.0,3848,156,30172
6,30334,640,1.0,3849,156,30178
7,30341,640,0.0,3850,156,30185
39,30380,640,0.0,3851,156,30224
2,30382,640,0.0,3852,156,30226
18,30400,640,0.0,3853,156,30244
2,30402,640,0.0,3854,156,30246
2,30404,640,0.0,3855,156,30248
6,30410,641,1.0,3856,156,30254
3,30413,641,0.0,3857,156,30257
18,30431,641,0.0,3858,156,30275
20,30451,641,0.0,3859,156,30295
13,30464,641,0.0,3860,156,30308
14,30478,641,0.0,3861,156,30322
7,30485,641,0.0,3862,156,30329
6,30491,642,1.0,3863,156,30335
14,30505,642,0.0,3864,156,30349
9,30514,642,0.0,3865,156,30358
5,30519,642,0.0,3866,156,30363
7,30526,642,0.0,3867,156,30370
3,30529,642,0.0,3868,156,30373
7,30536,642,0.0,3869,156,30380
6,30542,643,1.0,3870,156,30386
6,30548,644,1.0,3871,156,30392
3,30551,644,0.0,3872,156,30395
9,30560,644,0.0,3873,156,30404
6,30566,645,1.0,3874,156,30410
6,30572,646,1.0,3875,156,30416
6,30578,646,0.0,3876,156,30422
6,30584,647,1.0,3877,156,30428
6,30590,648,1.0,3878,156,30434
9,30599,648,0.0,3879,156,30443
7,30606,648,0.0,3880,156,30450
4,30610,648,0.0,3881,156,30454
10,30620,648,0.0,3882,156,30464
6,30626,649,1.0,3883,156,30470
18,30644,649,0.0,3884,156,30488
6,30650,649,0.0,3885,156,30494
21,30671,649,0.0,3886,156,30515
3,30674,649,0.0,3887,156,30518
6,30680,650,1.0,3888,156,30524
8,30688,651,1.0,3889,156,30532
2,30690,651,0.0,3890,156,30534
11,30701,651,0.0,3891,156,30545
6,30707,652,1.0,3892,156,30551
10,30717,652,0.0,3893,156,30561
2,30719,652,0.0,3894,156,30563
6,30725,653,1.0,3895,156,30569
27,30752,653,0.0,3896,156,30596
7,30759,653,0.0,3897,156,30603
14,30773,653,0.0,3898,156,30617
6,30779,653,0.0,3899,156,30623
18,30797,653,0.0,3900,156,30641
18,30815,653,0.0,3901,156,30659
2,30817,653,0.0,3902,156,30661
18,30835,653,0.0,3903,156,30679
22,30857,653,0.0,3904,156,30701
7,30864,653,0.0,3905,156,30708
4,30868,653,0.0,3906,156,30712
6,30874,654,1.0,3907,156,30718
21,30895,654,0.0,3908,156,30739
12,30907,654,0.0,3909,156,30751
6,30913,654,0.0,3910,156,30757
2,30915,654,0.0,3911,156,30759
6,30921,655,1.0,3912,156,30765
18,30939,655,0.0,3913,156,30783
6,30945,656,1.0,3914,156,30789
20,30965,656,0.0,3915,156,30809
6,30971,657,1.0,3916,156,30815
4,30975,657,0.0,3917,156,30819
2,30977,657,0.0,3918,156,30821
16,30993,657,0.0,3919,156,30837
10,31003,657,0.0,3920,156,30847
2,31005,657,0.0,3921,156,30849
8,31013,657,0.0,3922,156,30857
3,31016,657,0.0,3923,156,30860
15,31031,657,0.0,3924,156,30875
11,31042,657,0.0,3925,156,30886
3,31045,657,0.0,3926,156,30889
6,31051,658,1.0,3927,156,30895
7,31058,658,0.0,3928,156,30902
6,31064,659,1.0,3929,156,30908
13,31077,659,0.0,3930,156,30921
18,31095,659,0.0,3931,156,30939
2,31097,659,0.0,3932,156,30941
18,31115,659,0.0,3933,156,30959
6,31121,660,1.0,3934,156,30965
21,31142,660,0.0,3935,156,30986
7,31149,660,0.0,3936,156,30993
11,31160,660,0.0,3937,156,31004
6,31166,661,1.0,3938,156,31010
8,31174,661,0.0,3939,156,31018
5,31179,661,0.0,3940,156,31023
6,31185,662,1.0,3941,156,31029
32,31217,662,0.0,3942,156,31061
6,31223,663,1.0,3943,156,31067
6,31229,664,1.0,3944,156,31073
10,31239,664,0.0,3945,156,31083
2,31241,664,0.0,3946,156,31085
10,31251,664,0.0,3947,156,31095
9,31260,664,0.0,3948,156,31104
6,31266,665,1.0,3949,156,31110
8,31274,665,0.0,3950,156,31118
7,31281,665,0.0,3951,156,31125
17,31298,665,0.0,3952,156,31142
4,31302,665,0.0,3953,156,31146
2,31304,665,0.0,3954,156,31148
6,31310,666,1.0,3955,156,31154
6,31316,667,1.0,3956,156,31160
2,31318,667,0.0,3957,156,31162
4,31322,667,0.0,3958,156,31166
6,31328,668,1.0,3959,156,31172
2,31330,668,0.0,3960,156,31174
5,31335,668,0.0,3961,156,31179
7,31342,668,0.0,3962,156,31186
8,31350,669,1.0,3963,156,31194
6,31356,670,1.0,3964,156,31200
9,31365,670,0.0,3965,156,31209
6,31371,671,1.0,3966,156,31215
7,31378,671,0.0,3967,156,31222
6,31384,671,0.0,3968,156,31228
6,31390,672,1.0,3969,156,31234
3,31393,672,0.0,3970,156,31237
12,31405,672,0.0,3971,156,31249
2,31407,672,0.0,3972,156,31251
3,31410,672,0.0,3973,156,31254
3,31413,672,0.0,3974,156,31257
9,31422,672,0.0,3975,156,31266
6,31428,673,1.0,3976,156,31272
13,31441,673,0.0,3977,156,31285
3,31444,673,0.0,3978,156,31288
2,31446,673,0.0,3979,156,31290
13,31459,673,0.0,3980,156,31303
6,31465,674,1.0,3981,156,31309
6,31471,675,1.0,3982,156,31315
16,31487,675,0.0,3983,156,31331
20,31507,675,0.0,3984,156,31351
6,31513,676,1.0,3985,156,31357
6,31519,677,1.0,3986,156,31363
7,31526,677,0.0,3987,156,31370
3,31529,677,0.0,3988,156,31373
2,31531,677,0.0,3989,156,31375
27,31558,677,0.0,3990,156,31402
2,31560,677,0.0,3991,156,31404
17,31577,677,0.0,3992,156,31421
2,31579,677,0.0,3993,156,31423
3,31582,677,0.0,3994,156,31426
3,31585,677,0.0,3995,156,31429
7,31592,677,0.0,3996,156,31436
18,31610,677,0.0,3997,156,31454
3,31613,677,0.0,3998,156,31457
8,31621,677,0.0,3999,156,31465
6,31627,677,0.0,4000,156,31471
9,31636,677,0.0,4001,156,31480
2,31638,677,0.0,4002,156,31482
6,31644,678,1.0,4003,156,31488
8,31652,678,0.0,4004,156,31496
6,31658,679,1.0,4005,156,31502
6,31664,680,1.0,4006,156,31508
5,31669,680,0.0,4007,156,31513
8,31677,680,0.0,4008,156,31521
25,31702,680,0.0,4009,156,31546
2,31704,680,0.0,4010,156,31548
3,31707,680,0.0,4011,156,31551
2,31709,680,0.0,4012,156,31553
6,31715,681,1.0,4013,156,31559
2,31717,681,0.0,4014,156,31561
5,31722,681,0.0,4015,156,31566
13,31735,681,0.0,4016,156,31579
2,31737,681,0.0,4017,156,31581
5,31742,681,0.0,4018,156,31586
20,31762,681,0.0,4019,156,31606
27,31789,681,0.0,4020,156,31633
16,31805,681,0.0,4021,156,31649
7,31812,681,0.0,4022,156,31656
3,31815,681,0.0,4023,156,31659
16,31831,681,0.0,4024,156,31675
2,31833,681,0.0,4025,156,31677
18,31851,681,0.0,4026,156,31695
15,31866,681,0.0,4027,156,31710
18,31884,681,0.0,4028,156,31728
2,31886,681,0.0,4029,156,31730
10,31896,681,0.0,4030,156,31740
6,31902,682,1.0,4031,156,31746
20,31922,682,0.0,4032,156,31766
9,31931,682,0.0,4033,156,31775
21,31952,682,0.0,4034,156,31796
7,31959,682,0.0,4035,156,31803
3,31962,682,0.0,4036,156,31806
7,31969,682,0.0,4037,156,31813
23,31992,682,0.0,4038,156,31836
7,31999,682,0.0,4039,156,31843
6,32005,682,0.0,4040,156,31849
6,32011,683,1.0,4041,156,31855
6,32017,684,1.0,4042,156,31861
6,32023,685,1.0,4043,156,31867
6,32029,686,1.0,4044,156,31873
6,32035,687,1.0,4045,156,31879
12,32047,687,0.0,4046,156,31891
6,32053,688,1.0,4047,156,31897
15,32068,688,0.0,4048,156,31912
6,32074,689,1.0,4049,156,31918
2,32076,689,0.0,4050,156,31920
15,32091,689,0.0,4051,156,31935
7,32098,689,0.0,4052,156,31942
15,32113,689,0.0,4053,156,31957
4,32117,689,0.0,4054,156,31961
5,32122,689,0.0,4055,156,31966
6,32128,690,1.0,4056,156,31972
4,32132,690,0.0,4057,156,31976
2,32134,690,0.0,4058,156,31978
5,32139,690,0.0,4059,156,31983
8,32147,691,1.0,4060,156,31991
4,32151,691,0.0,4061,156,31995
6,32157,691,0.0,4062,156,32001
10,32167,691,0.0,4063,156,32011
6,32173,692,1.0,4064,156,32017
4,32177,692,0.0,4065,156,32021
5,32182,692,0.0,4066,156,32026
6,32188,692,0.0,4067,156,32032
2,32190,692,0.0,4068,156,32034
7,32197,692,0.0,4069,156,32041
6,32203,693,1.0,4070,156,32047
8,32211,694,1.0,4071,156,32055
16,32227,694,0.0,4072,156,32071
9,32236,694,0.0,4073,156,32080
2,32238,694,0.0,4074,156,32082
7,32245,694,0.0,4075,156,32089
6,32251,694,0.0,4076,156,32095
3,32254,694,0.0,4077,156,32098
13,32267,694,0.0,4078,156,32111
3,32270,694,0.0,4079,156,32114
18,32288,694,0.0,4080,156,32132
12,32300,694,0.0,4081,156,32144
8,32308,694,0.0,4082,156,32152
4,32312,694,0.0,4083,156,32156
6,32318,695,1.0,4084,156,32162
7,32325,695,0.0,4085,156,32169
13,32338,695,0.0,4086,156,32182
9,32347,695,0.0,4087,156,32191
2,32349,695,0.0,4088,156,32193
14,32363,695,0.0,4089,156,32207
2,32365,695,0.0,4090,156,32209
3,32368,695,0.0,4091,156,32212
2,32370,695,0.0,4092,156,32214
9,32379,695,0.0,4093,156,32223
6,32385,696,1.0,4094,156,32229
4,32389,696,0.0,4095,156,32233
2,32391,696,0.0,4096,156,32235
6,32397,697,1.0,4097,156,32241
10,32407,697,0.0,4098,156,32251
7,32414,697,0.0,4099,156,32258
2,32416,697,0.0,4100,156,32260
3,32419,697,0.0,4101,156,32263
15,32434,697,0.0,4102,156,32278
12,32446,697,0.0,4103,156,32290
2,32448,697,0.0,4104,156,32292
2,32450,697,0.0,4105,156,32294
6,32456,698,1.0,4106,156,32300
18,32474,698,0.0,4107,156,32318
6,32480,699,1.0,4108,156,32324
3,32483,699,0.0,4109,156,32327
17,32500,699,0.0,4110,156,32344
6,32506,700,1.0,4111,156,32350
8,32514,700,0.0,4112,156,32358
6,32520,701,1.0,4113,156,32364
2,32522,701,0.0,4114,156,32366
8,32530,701,0.0,4115,156,32374
18,32548,701,0.0,4116,156,32392
16,32564,701,0.0,4117,156,32408
7,32571,701,0.0,4118,156,32415
3,32574,701,0.0,4119,156,32418
7,32581,701,0.0,4120,156,32425
6,32587,702,1.0,4121,156,32431
6,32593,703,1.0,4122,156,32437
6,32599,703,0.0,4123,156,32443
18,32617,703,0.0,4124,156,32461
6,32623,704,1.0,4125,156,32467
4,32627,704,0.0,4126,156,32471
2,32629,704,0.0,4127,156,32473
4,32633,704,0.0,4128,156,32477
18,32651,704,0.0,4129,156,32495
15,32666,704,0.0,4130,156,32510
6,32672,705,1.0,4131,156,32516
5,32677,705,0.0,4132,156,32521
9,32686,705,0.0,4133,156,32530
9,32695,705,0.0,4134,156,32539
14,32709,705,0.0,4135,156,32553
2,32711,705,0.0,4136,156,32555
6,32717,706,1.0,4137,156,32561
6,32723,707,1.0,4138,156,32567
12,32735,707,0.0,4139,156,32579
21,32756,707,0.0,4140,156,32600
6,32762,708,1.0,4141,156,32606
5,32767,708,0.0,4142,156,32611
8,32775,708,0.0,4143,156,32619
15,32790,708,0.0,4144,156,32634
18,32808,708,0.0,4145,156,32652
6,32814,708,0.0,4146,156,32658
4,32818,708,0.0,4147,156,32662
5,32823,708,0.0,4148,156,32667
5,32828,708,0.0,4149,156,32672
8,32836,708,0.0,4150,156,32680
10,32846,708,0.0,4151,156,32690
6,32852,709,1.0,4152,156,32696
13,32865,709,0.0,4153,156,32709
27,32892,709,0.0,4154,156,32736
2,32894,709,0.0,4155,156,32738
3,32897,709,0.0,4156,156,32741
6,32903,710,1.0,4157,156,32747
2,32905,710,0.0,4158,156,32749
2,32907,710,0.0,4159,156,32751
5,32912,710,0.0,4160,156,32756
2,32914,710,0.0,4161,156,32758
6,32920,711,1.0,4162,156,32764
6,32926,712,1.0,4163,156,32770
12,32938,712,0.0,4164,156,32782
6,32944,713,1.0,4165,156,32788
6,32950,714,1.0,4166,156,32794
6,32956,715,1.0,4167,156,32800
6,32962,715,0.0,4168,156,32806
3,32965,715,0.0,4169,156,32809
8,32973,715,0.0,4170,156,32817
2,32975,715,0.0,4171,156,32819
9,32984,715,0.0,4172,156,32828
8,32992,715,0.0,4173,156,32836
2,32994,715,0.0,4174,156,32838
6,33000,716,1.0,4175,156,32844
13,33013,716,0.0,4176,156,32857
13,33026,716,0.0,4177,156,32870
6,33032,717,1.0,4178,156,32876
7,33039,717,0.0,4179,156,32883
13,33052,717,0.0,4180,156,32896
14,33066,717,0.0,4181,156,32910
6,33072,718,1.0,4182,156,32916
8,33080,719,1.0,4183,156,32924
6,33086,720,1.0,4184,156,32930
9,33095,720,0.0,4185,156,32939
2,33097,720,0.0,4186,156,32941
6,33103,721,1.0,4187,156,32947
8,33111,722,1.0,4188,156,32955
12,33123,722,0.0,4189,156,32967
7,33130,722,0.0,4190,156,32974
7,33137,722,0.0,4191,156,32981
6,33143,723,1.0,4192,156,32987
3,33146,723,0.0,4193,156,32990
9,33155,723,0.0,4194,156,32999
16,33171,723,0.0,4195,156,33015
9,33180,723,0.0,4196,156,33024
3,33183,723,0.0,4197,156,33027
6,33189,724,1.0,4198,156,33033
9,33198,724,0.0,4199,156,33042
18,33216,724,0.0,4200,156,33060
4,33220,724,0.0,4201,156,33064
4,33224,724,0.0,4202,156,33068
3,33227,724,0.0,4203,156,33071
12,33239,724,0.0,4204,156,33083
10,33249,724,0.0,4205,156,33093
2,33251,724,0.0,4206,156,33095
4,33255,724,0.0,4207,156,33099
6,33261,725,1.0,4208,156,33105
2,33263,725,0.0,4209,156,33107
6,33269,726,1.0,4210,156,33113
6,33275,726,0.0,4211,156,33119
10,33285,726,0.0,4212,156,33129
2,33287,726,0.0,4213,156,33131
18,33305,726,0.0,4214,156,33149
2,33307,726,0.0,4215,156,33151
4,33311,726,0.0,4216,156,33155
6,33317,727,1.0,4217,156,33161
13,33330,727,0.0,4218,156,33174
19,33349,727,0.0,4219,156,33193
9,33358,727,0.0,4220,156,33202
15,33373,727,0.0,4221,156,33217
37,33410,727,0.0,4222,156,33254
6,33416,728,1.0,4223,156,33260
5,33421,728,0.0,4224,156,33265
14,33435,728,0.0,4225,156,33279
3,33438,728,0.0,4226,156,33282
13,33451,728,0.0,4227,156,33295
18,33469,728,0.0,4228,156,33313
6,33475,729,1.0,4229,156,33319
4,33479,729,0.0,4230,156,33323
12,33491,729,0.0,4231,156,33335
6,33497,730,1.0,4232,156,33341
13,33510,730,0.0,4233,156,33354
14,33524,730,0.0,4234,156,33368
3,33527,730,0.0,4235,156,33371
3,33530,730,0.0,4236,156,33374
4,33534,730,0.0,4237,156,33378
11,33545,730,0.0,4238,156,33389
5,33550,730,0.0,4239,156,33394
9,33559,730,0.0,4240,156,33403
6,33565,731,1.0,4241,156,33409
6,33571,732,1.0,4242,156,33415
15,33586,732,0.0,4243,156,33430
2,33588,732,0.0,4244,156,33432
8,33596,732,0.0,4245,156,33440
18,33614,732,0.0,4246,156,33458
23,33637,732,0.0,4247,156,33481
16,33653,732,0.0,4248,156,33497
2,33655,732,0.0,4249,156,33499
2,33657,732,0.0,4250,156,33501
3,33660,732,0.0,4251,156,33504
26,33686,732,0.0,4252,156,33530
13,33699,732,0.0,4253,156,33543
6,33705,733,1.0,4254,156,33549
3,33708,733,0.0,4255,156,33552
6,33714,734,1.0,4256,156,33558
3,33717,734,0.0,4257,156,33561
6,33723,735,1.0,4258,156,33567
4,33727,735,0.0,4259,156,33571
12,33739,735,0.0,4260,156,33583
3,33742,735,0.0,4261,156,33586
2,33744,735,0.0,4262,156,33588
17,33761,735,0.0,4263,156,33605
20,33781,735,0.0,4264,156,33625
6,33787,736,1.0,4265,156,33631
2,33789,736,0.0,4266,156,33633
3,33792,736,0.0,4267,156,33636
4,33796,736,0.0,4268,156,33640
6,33802,736,0.0,4269,156,33646
4,33806,736,0.0,4270,156,33650
7,33813,736,0.0,4271,156,33657
16,33829,736,0.0,4272,156,33673
11,33840,736,0.0,4273,156,33684
39,33879,736,0.0,4274,156,33723
7,33886,736,0.0,4275,156,33730
11,33897,736,0.0,4276,156,33741
6,33903,737,1.0,4277,156,33747
3,33906,737,0.0,4278,156,33750
18,33924,737,0.0,4279,156,33768
6,33930,737,0.0,4280,156,33774
7,33937,737,0.0,4281,156,33781
18,33955,737,0.0,4282,156,33799
32,33987,737,0.0,4283,156,33831
6,33993,738,1.0,4284,156,33837
6,33999,739,1.0,4285,156,33843
2,34001,739,0.0,4286,156,33845
2,34003,739,0.0,4287,156,33847
18,34021,739,0.0,4288,156,33865
2,34023,739,0.0,4289,156,33867
16,34039,739,0.0,4290,156,33883
6,34045,740,1.0,4291,156,33889
6,34051,741,1.0,4292,156,33895
18,34069,741,0.0,4293,156,33913
11,34080,741,0.0,4294,156,33924
6,34086,742,1.0,4295,156,33930
3,34089,742,0.0,4296,156,33933
9,34098,742,0.0,4297,156,33942
8,34106,743,1.0,4298,156,33950
15,34121,743,0.0,4299,156,33965
15,34136,743,0.0,4300,156,33980
7,34143,743,0.0,4301,156,33987
7,34150,743,0.0,4302,156,33994
5,34155,743,0.0,4303,156,33999
8,34163,743,0.0,4304,156,34007
19,34182,743,0.0,4305,156,34026
16,34198,743,0.0,4306,156,34042
7,34205,743,0.0,4307,156,34049
4,34209,743,0.0,4308,156,34053
6,34215,744,1.0,4309,156,34059
2,34217,744,0.0,4310,156,34061
3,34220,744,0.0,4311,156,34064
9,34229,744,0.0,4312,156,34073
15,34244,744,0.0,4313,156,34088
9,34253,744,0.0,4314,156,34097
6,34259,745,1.0,4315,156,34103
6,34265,746,1.0,4316,156,34109
18,34283,746,0.0,4317,156,34127
3,34286,746,0.0,4318,156,34130
6,34292,747,1.0,4319,156,34136
6,34298,748,1.0,4320,156,34142
2,34300,748,0.0,4321,156,34144
20,34320,748,0.0,4322,156,34164
6,34326,749,1.0,4323,156,34170
7,34333,749,0.0,4324,156,34177
2,34335,749,0.0,4325,156,34179
8,34343,749,0.0,4326,156,34187
9,34352,749,0.0,4327,156,34196
6,34358,750,1.0,4328,156,34202
18,34376,750,0.0,4329,156,34220
23,34399,750,0.0,4330,156,34243
14,34413,750,0.0,4331,156,34257
4,34417,750,0.0,4332,156,34261
6,34423,751,1.0,4333,156,34267
15,34438,751,0.0,4334,156,34282
8,34446,751,0.0,4335,156,34290
8,34454,751,0.0,4336,156,34298
5,34459,751,0.0,4337,156,34303
6,34465,752,1.0,4338,156,34309
20,34485,752,0.0,4339,156,34329
11,34496,752,0.0,4340,156,34340
9,34505,752,0.0,4341,156,34349
2,34507,752,0.0,4342,156,34351
25,34532,752,0.0,4343,156,34376
18,34550,752,0.0,4344,156,34394
6,34556,753,1.0,4345,156,34400
3,34559,753,0.0,4346,156,34403
17,34576,753,0.0,4347,156,34420
4,34580,753,0.0,4348,156,34424
6,34586,754,1.0,4349,156,34430
19,34605,754,0.0,4350,156,34449
6,34611,755,1.0,4351,156,34455
6,34617,755,0.0,4352,156,34461
18,34635,755,0.0,4353,156,34479
7,34642,755,0.0,4354,156,34486
13,34655,755,0.0,4355,156,34499
6,34661,756,1.0,4356,156,34505
2,34663,756,0.0,4357,156,34507
21,34684,756,0.0,4358,156,34528
22,34706,756,0.0,4359,156,34550
6,34712,756,0.0,4360,156,34556
5,34717,756,0.0,4361,156,34561
17,34734,756,0.0,4362,156,34578
6,34740,757,1.0,4363,156,34584
18,34758,757,0.0,4364,156,34602
7,34765,757,0.0,4365,156,34609
7,34772,757,0.0,4366,156,34616
2,34774,757,0.0,4367,156,34618
18,34792,757,0.0,4368,156,34636
6,34798,757,0.0,4369,156,34642
6,34804,758,1.0,4370,156,34648
4,34808,758,0.0,4371,156,34652
2,34810,758,0.0,4372,156,34654
11,34821,758,0.0,4373,156,34665
16,34837,758,0.0,4374,156,34681
8,34845,758,0.0,4375,156,34689
5,34850,758,0.0,4376,156,34694
5,34855,758,0.0,4377,156,34699
19,34874,758,0.0,4378,156,34718
2,34876,758,0.0,4379,156,34720
7,34883,758,0.0,4380,156,34727
13,34896,758,0.0,4381,156,34740
4,34900,758,0.0,4382,156,34744
8,34908,758,0.0,4383,156,34752
2,34910,758,0.0,4384,156,34754
7,34917,758,0.0,4385,156,34761
2,34919,758,0.0,4386,156,34763
3,34922,758,0.0,4387,156,34766
2,34924,758,0.0,4388,156,34768
4,34928,758,0.0,4389,156,34772
6,34934,759,1.0,4390,156,34778
18,34952,759,0.0,4391,156,34796
6,34958,760,1.0,4392,156,34802
6,34964,760,0.0,4393,156,34808
11,34975,760,0.0,4394,156,34819
3,34978,760,0.0,4395,156,34822
2,34980,760,0.0,4396,156,34824
6,34986,760,0.0,4397,156,34830
14,35000,760,0.0,4398,156,34844
29,35029,761,1.0,4399,156,34873
19,35048,761,0.0,4400,156,34892
2,35050,761,0.0,4401,156,34894
5,35055,761,0.0,4402,156,34899
8,35063,762,1.0,4403,156,34907
20,35083,762,0.0,4404,156,34927
17,35100,762,0.0,4405,156,34944
6,35106,762,0.0,4406,156,34950
6,35112,763,1.0,4407,156,34956
18,35130,763,0.0,4408,156,34974
5,35135,763,0.0,4409,156,34979
3,35138,763,0.0,4410,156,34982
14,35152,763,0.0,4411,156,34996
9,35161,763,0.0,4412,156,35005
6,35167,764,1.0,4413,156,35011
5,35172,764,0.0,4414,156,35016
13,35185,764,0.0,4415,156,35029
3,35188,764,0.0,4416,156,35032
4,35192,764,0.0,4417,156,35036
6,35198,765,1.0,4418,156,35042
8,35206,765,0.0,4419,156,35050
6,35212,766,1.0,4420,156,35056
6,35218,767,1.0,4421,156,35062
3,35221,767,0.0,4422,156,35065
6,35227,767,0.0,4423,156,35071
3,35230,767,0.0,4424,156,35074
3,35233,767,0.0,4425,156,35077
3,35236,767,0.0,4426,156,35080
6,35242,768,1.0,4427,156,35086
6,35248,769,1.0,4428,156,35092
3,35251,769,0.0,4429,156,35095
7,35258,769,0.0,4430,156,35102
23,35281,770,1.0,4431,156,35125
4,35285,770,0.0,4432,156,35129
8,35293,771,1.0,4433,156,35137
2,35295,771,0.0,4434,156,35139
6,35301,772,1.0,4435,156,35145
2,35303,772,0.0,4436,156,35147
13,35316,772,0.0,4437,156,35160
6,35322,773,1.0,4438,156,35166
17,35339,773,0.0,4439,156,35183
4,35343,773,0.0,4440,156,35187
4,35347,773,0.0,4441,156,35191
18,35365,773,0.0,4442,156,35209
3,35368,773,0.0,4443,156,35212
30,35398,773,0.0,4444,156,35242
6,35404,773,0.0,4445,156,35248
10,35414,773,0.0,4446,156,35258
4,35418,773,0.0,4447,156,35262
5,35423,773,0.0,4448,156,35267
6,35429,774,1.0,4449,156,35273
9,35438,774,0.0,4450,156,35282
9,35447,774,0.0,4451,156,35291
4,35451,774,0.0,4452,156,35295
4,35455,774,0.0,4453,156,35299
2,35457,774,0.0,4454,156,35301
3,35460,774,0.0,4455,156,35304
13,35473,774,0.0,4456,156,35317
2,35475,774,0.0,4457,156,35319
30,35505,774,0.0,4458,156,35349
6,35511,774,0.0,4459,156,35355
9,35520,774,0.0,4460,156,35364
8,35528,774,0.0,4461,156,35372
2,35530,774,0.0,4462,156,35374
19,35549,774,0.0,4463,156,35393
6,35555,775,1.0,4464,156,35399
3,35558,775,0.0,4465,156,35402
2,35560,775,0.0,4466,156,35404
7,35567,775,0.0,4467,156,35411
15,35582,775,0.0,4468,156,35426
5,35587,775,0.0,4469,156,35431
13,35600,775,0.0,4470,156,35444
6,35606,776,1.0,4471,156,35450
8,35614,776,0.0,4472,156,35458
8,35622,776,0.0,4473,156,35466
20,35642,776,0.0,4474,156,35486
2,35644,776,0.0,4475,156,35488
4,35648,776,0.0,4476,156,35492
16,35664,776,0.0,4477,156,35508
3,35667,776,0.0,4478,156,35511
10,35677,776,0.0,4479,156,35521
13,35690,776,0.0,4480,156,35534
6,35696,777,1.0,4481,156,35540
6,35702,777,0.0,4482,156,35546
20,35722,777,0.0,4483,156,35566
15,35737,777,0.0,4484,156,35581
18,35755,777,0.0,4485,156,35599
12,35767,777,0.0,4486,156,35611
2,35769,777,0.0,4487,156,35613
3,35772,777,0.0,4488,156,35616
6,35778,778,1.0,4489,156,35622
6,35784,778,0.0,4490,156,35628
5,35789,778,0.0,4491,156,35633
18,35807,778,0.0,4492,156,35651
6,35813,779,1.0,4493,156,35657
25,35838,779,0.0,4494,156,35682
6,35844,780,1.0,4495,156,35688
2,35846,780,0.0,4496,156,35690
6,35852,781,1.0,4497,156,35696
2,35854,781,0.0,4498,156,35698
5,35859,781,0.0,4499,156,35703
6,35865,782,1.0,4500,156,35709
18,35883,782,0.0,4501,156,35727
6,35889,783,1.0,4502,156,35733
5,35894,783,0.0,4503,156,35738
6,35900,784,1.0,4504,156,35744
2,35902,784,0.0,4505,156,35746
21,35923,784,0.0,4506,156,35767
15,35938,784,0.0,4507,156,35782
6,35944,785,1.0,4508,156,35788
6,35950,786,1.0,4509,156,35794
22,35972,786,0.0,4510,156,35816
3,35975,786,0.0,4511,156,35819
2,35977,786,0.0,4512,156,35821
8,35985,786,0.0,4513,156,35829
11,35996,786,0.0,4514,156,35840
2,35998,786,0.0,4515,156,35842
6,36004,787,1.0,4516,156,35848
2,36006,787,0.0,4517,156,35850
8,36014,787,0.0,4518,156,35858
6,36020,788,1.0,4519,156,35864
29,36049,789,1.0,4520,156,35893
13,36062,789,0.0,4521,156,35906
21,36083,789,0.0,4522,156,35927
21,36104,789,0.0,4523,156,35948
18,36122,789,0.0,4524,156,35966
4,36126,789,0.0,4525,156,35970
12,36138,789,0.0,4526,156,35982
6,36144,789,0.0,4527,156,35988
2,36146,789,0.0,4528,156,35990
9,36155,789,0.0,4529,156,35999
6,36161,790,1.0,4530,156,36005
6,36167,791,1.0,4531,156,36011
15,36182,791,0.0,4532,156,36026
18,36200,791,0.0,4533,156,36044
3,36203,791,0.0,4534,156,36047
7,36210,791,0.0,4535,156,36054
19,36229,791,0.0,4536,156,36073
2,36231,791,0.0,4537,156,36075
6,36237,792,1.0,4538,156,36081
6,36243,793,1.0,4539,156,36087
7,36250,793,0.0,4540,156,36094
3,36253,793,0.0,4541,156,36097
3,36256,793,0.0,4542,156,36100
5,36261,793,0.0,4543,156,36105
4,36265,793,0.0,4544,156,36109
6,36271,794,1.0,4545,156,36115
2,36273,794,0.0,4546,156,36117
12,36285,794,0.0,4547,156,36129
5,36290,794,0.0,4548,156,36134
8,36298,795,1.0,4549,156,36142
2,36300,795,0.0,4550,156,36144
10,36310,795,0.0,4551,156,36154
6,36316,796,1.0,4552,156,36160
8,36324,796,0.0,4553,156,36168
4,36328,796,0.0,4554,156,36172
2,36330,796,0.0,4555,156,36174
14,36344,796,0.0,4556,156,36188
7,36351,796,0.0,4557,156,36195
6,36357,797,1.0,4558,156,36201
8,36365,797,0.0,4559,156,36209
8,36373,797,0.0,4560,156,36217
5,36378,797,0.0,4561,156,36222
6,36384,797,0.0,4562,156,36228
19,36403,797,0.0,4563,156,36247
13,36416,797,0.0,4564,156,36260
2,36418,797,0.0,4565,156,36262
8,36426,798,1.0,4566,156,36270
12,36438,798,0.0,4567,156,36282
3,36441,798,0.0,4568,156,36285
6,36447,799,1.0,4569,156,36291
18,36465,799,0.0,4570,156,36309
12,36477,799,0.0,4571,156,36321
3,36480,799,0.0,4572,156,36324
13,36493,799,0.0,4573,156,36337
13,36506,799,0.0,4574,156,36350
6,36512,800,1.0,4575,156,36356
21,36533,800,0.0,4576,156,36377
2,36535,800,0.0,4577,156,36379
3,36538,800,0.0,4578,156,36382
14,36552,800,0.0,4579,156,36396
6,36558,800,0.0,4580,156,36402
2,36560,800,0.0,4581,156,36404
14,36574,800,0.0,4582,156,36418
11,36585,800,0.0,4583,156,36429
15,36600,800,0.0,4584,156,36444
2,36602,800,0.0,4585,156,36446
7,36609,800,0.0,4586,156,36453
5,36614,800,0.0,4587,156,36458
6,36620,801,1.0,4588,156,36464
6,36626,802,1.0,4589,156,36470
12,36638,802,0.0,4590,156,36482
5,36643,802,0.0,4591,156,36487
11,36654,802,0.0,4592,156,36498
18,36672,802,0.0,4593,156,36516
6,36678,802,0.0,4594,156,36522
18,36696,802,0.0,4595,156,36540
6,36702,803,1.0,4596,156,36546
2,36704,803,0.0,4597,156,36548
6,36710,804,1.0,4598,156,36554
8,36718,805,1.0,4599,156,36562
6,36724,806,1.0,4600,156,36568
13,36737,806,0.0,4601,156,36581
22,36759,806,0.0,4602,156,36603
6,36765,807,1.0,4603,156,36609
6,36771,808,1.0,4604,156,36615
3,36774,808,0.0,4605,156,36618
4,36778,808,0.0,4606,156,36622
3,36781,808,0.0,4607,156,36625
7,36788,808,0.0,4608,156,36632
7,36795,808,0.0,4609,156,36639
4,36799,808,0.0,4610,156,36643
8,36807,808,0.0,4611,156,36651
9,36816,808,0.0,4612,156,36660
3,36819,808,0.0,4613,156,36663
3,36822,808,0.0,4614,156,36666
6,36828,809,1.0,4615,156,36672
6,36834,809,0.0,4616,156,36678
5,36839,809,0.0,4617,156,36683
6,36845,810,1.0,4618,156,36689
4,36849,810,0.0,4619,156,36693
2,36851,810,0.0,4620,156,36695
7,36858,810,0.0,4621,156,36702
2,36860,810,0.0,4622,156,36704
4,36864,810,0.0,4623,156,36708
3,36867,810,0.0,4624,156,36711
16,36883,810,0.0,4625,156,36727
12,36895,810,0.0,4626,156,36739
3,36898,810,0.0,4627,156,36742
6,36904,811,1.0,4628,156,36748
6,36910,812,1.0,4629,156,36754
19,36929,812,0.0,4630,156,36773
5,36934,812,0.0,4631,156,36778
6,36940,812,0.0,4632,156,36784
2,36942,812,0.0,4633,156,36786
6,36948,813,1.0,4634,156,36792
9,36957,813,0.0,4635,156,36801
2,36959,813,0.0,4636,156,36803
7,36966,813,0.0,4637,156,36810
18,36984,813,0.0,4638,156,36828
15,36999,813,0.0,4639,156,36843
6,37005,814,1.0,4640,156,36849
6,37011,815,1.0,4641,156,36855
3,37014,815,0.0,4642,156,36858
6,37020,816,1.0,4643,156,36864
6,37026,817,1.0,4644,156,36870
13,37039,817,0.0,4645,156,36883
19,37058,817,0.0,4646,156,36902
7,37065,817,0.0,4647,156,36909
5,37070,817,0.0,4648,156,36914
15,37085,817,0.0,4649,156,36929
20,37105,817,0.0,4650,156,36949
7,37112,817,0.0,4651,156,36956
12,37124,817,0.0,4652,156,36968
15,37139,817,0.0,4653,156,36983
6,37145,818,1.0,4654,156,36989
10,37155,818,0.0,4655,156,36999
6,37161,818,0.0,4656,156,37005
7,37168,818,0.0,4657,156,37012
6,37174,819,1.0,4658,156,37018
9,37183,819,0.0,4659,156,37027
3,37186,819,0.0,4660,156,37030
4,37190,819,0.0,4661,156,37034
20,37210,819,0.0,4662,156,37054
8,37218,819,0.0,4663,156,37062
6,37224,820,1.0,4664,156,37068
6,37230,821,1.0,4665,156,37074
21,37251,821,0.0,4666,156,37095
9,37260,821,0.0,4667,156,37104
13,37273,821,0.0,4668,156,37117
29,37302,822,1.0,4669,156,37146
6,37308,823,1.0,4670,156,37152
15,37323,823,0.0,4671,156,37167
8,37331,823,0.0,4672,156,37175
6,37337,824,1.0,4673,156,37181
2,37339,824,0.0,4674,156,37183
27,37366,824,0.0,4675,156,37210
6,37372,825,1.0,4676,156,37216
6,37378,826,1.0,4677,156,37222
5,37383,826,0.0,4678,156,37227
6,37389,826,0.0,4679,156,37233
4,37393,826,0.0,4680,156,37237
7,37400,826,0.0,4681,156,37244
2,37402,826,0.0,4682,156,37246
17,37419,826,0.0,4683,156,37263
8,37427,827,1.0,4684,156,37271
6,37433,828,1.0,4685,156,37277
2,37435,828,0.0,4686,156,37279
19,37454,828,0.0,4687,156,37298
14,37468,828,0.0,4688,156,37312
2,37470,828,0.0,4689,156,37314
6,37476,829,1.0,4690,156,37320
2,37478,829,0.0,4691,156,37322
3,37481,829,0.0,4692,156,37325
2,37483,829,0.0,4693,156,37327
19,37502,829,0.0,4694,156,37346
6,37508,830,1.0,4695,156,37352
8,37516,830,0.0,4696,156,37360
3,37519,830,0.0,4697,156,37363
6,37525,831,1.0,4698,156,37369
6,37531,832,1.0,4699,156,37375
2,37533,832,0.0,4700,156,37377
3,37536,832,0.0,4701,156,37380
27,37563,832,0.0,4702,156,37407
4,37567,832,0.0,4703,156,37411
3,37570,832,0.0,4704,156,37414
19,37589,832,0.0,4705,156,37433
6,37595,833,1.0,4706,156,37439
9,37604,833,0.0,4707,156,37448
6,37610,834,1.0,4708,156,37454
6,37616,834,0.0,4709,156,37460
21,37637,834,0.0,4710,156,37481
3,37640,834,0.0,4711,156,37484
2,37642,834,0.0,4712,156,37486
18,37660,834,0.0,4713,156,37504
6,37666,835,1.0,4714,156,37510
7,37673,835,0.0,4715,156,37517
5,37678,835,0.0,4716,156,37522
6,37684,836,1.0,4717,156,37528
6,37690,837,1.0,4718,156,37534
18,37708,837,0.0,4719,156,37552
8,37716,837,0.0,4720,156,37560
6,37722,837,0.0,4721,156,37566
10,37732,837,0.0,4722,156,37576
11,37743,837,0.0,4723,156,37587
6,37749,837,0.0,4724,156,37593
6,37755,837,0.0,4725,156,37599
3,37758,837,0.0,4726,156,37602
6,37764,837,0.0,4727,156,37608
2,37766,837,0.0,4728,156,37610
9,37775,837,0.0,4729,156,37619
15,37790,837,0.0,4730,156,37634
18,37808,837,0.0,4731,156,37652
3,37811,837,0.0,4732,156,37655
6,37817,838,1.0,4733,156,37661
6,37823,839,1.0,4734,156,37667
3,37826,839,0.0,4735,156,37670
6,37832,840,1.0,4736,156,37676
6,37838,840,0.0,4737,156,37682
3,37841,840,0.0,4738,156,37685
42,37883,840,0.0,4739,156,37727
6,37889,841,1.0,4740,156,37733
5,37894,841,0.0,4741,156,37738
6,37900,841,0.0,4742,156,37744
6,37906,842,1.0,4743,156,37750
12,37918,842,0.0,4744,156,37762
6,37924,843,1.0,4745,156,37768
6,37930,843,0.0,4746,156,37774
12,37942,843,0.0,4747,156,37786
5,37947,843,0.0,4748,156,37791
4,37951,843,0.0,4749,156,37795
5,37956,843,0.0,4750,156,37800
3,37959,843,0.0,4751,156,37803
6,37965,844,1.0,4752,156,37809
8,37973,844,0.0,4753,156,37817
2,37975,844,0.0,4754,156,37819
6,37981,845,1.0,4755,156,37825
12,37993,845,0.0,4756,156,37837
6,37999,845,0.0,4757,156,37843
4,38003,845,0.0,4758,156,37847
2,38005,845,0.0,4759,156,37849
5,38010,845,0.0,4760,156,37854
6,38016,846,1.0,4761,156,37860
20,38036,846,0.0,4762,156,37880
2,38038,846,0.0,4763,156,37882
2,38040,846,0.0,4764,156,37884
6,38046,847,1.0,4765,156,37890
8,38054,848,1.0,4766,156,37898
5,38059,848,0.0,4767,156,37903
12,38071,848,0.0,4768,156,37915
6,38077,849,1.0,4769,156,37921
13,38090,849,0.0,4770,156,37934
8,38098,849,0.0,4771,156,37942
6,38104,850,1.0,4772,156,37948
3,38107,850,0.0,4773,156,37951
3,38110,850,0.0,4774,156,37954
12,38122,850,0.0,4775,156,37966
6,38128,850,0.0,4776,156,37972
6,38134,850,0.0,4777,156,37978
13,38147,850,0.0,4778,156,37991
2,38149,850,0.0,4779,156,37993
8,38157,851,1.0,4780,156,38001
3,38160,851,0.0,4781,156,38004
6,38166,852,1.0,4782,156,38010
24,38190,852,0.0,4783,156,38034
6,38196,852,0.0,4784,156,38040
15,38211,852,0.0,4785,156,38055
3,38214,852,0.0,4786,156,38058
6,38220,853,1.0,4787,156,38064
8,38228,853,0.0,4788,156,38072
6,38234,854,1.0,4789,156,38078
6,38240,854,0.0,4790,156,38084
5,38245,854,0.0,4791,156,38089
13,38258,854,0.0,4792,156,38102
6,38264,855,1.0,4793,156,38108
6,38270,856,1.0,4794,156,38114
3,38273,856,0.0,4795,156,38117
15,38288,856,0.0,4796,156,38132
11,38299,856,0.0,4797,156,38143
9,38308,856,0.0,4798,156,38152
8,38316,856,0.0,4799,156,38160
32,38348,856,0.0,4800,156,38192
11,38359,856,0.0,4801,156,38203
2,38361,856,0.0,4802,156,38205
3,38364,856,0.0,4803,156,38208
5,38369,856,0.0,4804,156,38213
6,38375,857,1.0,4805,156,38219
8,38383,857,0.0,4806,156,38227
6,38389,857,0.0,4807,156,38233
2,38391,857,0.0,4808,156,38235
13,38404,857,0.0,4809,156,38248
6,38410,858,1.0,4810,156,38254
9,38419,858,0.0,4811,156,38263
6,38425,859,1.0,4812,156,38269
6,38431,860,1.0,4813,156,38275
6,38437,860,0.0,4814,156,38281
32,38469,860,0.0,4815,156,38313
16,38485,860,0.0,4816,156,38329
2,38487,860,0.0,4817,156,38331
10,38497,860,0.0,4818,156,38341
6,38503,861,1.0,4819,156,38347
6,38509,862,1.0,4820,156,38353
12,38521,862,0.0,4821,156,38365
6,38527,863,1.0,4822,156,38371
6,38533,864,1.0,4823,156,38377
6,38539,865,1.0,4824,156,38383
13,38552,865,0.0,4825,156,38396
18,38570,865,0.0,4826,156,38414
6,38576,866,1.0,4827,156,38420
6,38582,867,1.0,4828,156,38426
13,38595,867,0.0,4829,156,38439
13,38608,867,0.0,4830,156,38452
22,38630,867,0.0,4831,156,38474
12,38642,867,0.0,4832,156,38486
6,38648,868,1.0,4833,156,38492
5,38653,868,0.0,4834,156,38497
8,38661,869,1.0,4835,156,38505
8,38669,869,0.0,4836,156,38513
11,38680,869,0.0,4837,156,38524
6,38686,870,1.0,4838,156,38530
2,38688,870,0.0,4839,156,38532
28,38716,870,0.0,4840,156,38560
6,38722,871,1.0,4841,156,38566
14,38736,871,0.0,4842,156,38580
13,38749,871,0.0,4843,156,38593
6,38755,872,1.0,4844,156,38599
3,38758,872,0.0,4845,156,38602
6,38764,873,1.0,4846,156,38608
2,38766,873,0.0,4847,156,38610
6,38772,873,0.0,4848,156,38616
6,38778,874,1.0,4849,156,38622
4,38782,874,0.0,4850,156,38626
8,38790,875,1.0,4851,156,38634
6,38796,876,1.0,4852,156,38640
5,38801,876,0.0,4853,156,38645
23,38824,876,0.0,4854,156,38668
8,38832,877,1.0,4855,156,38676
10,38842,877,0.0,4856,156,38686
6,38848,878,1.0,4857,156,38692
19,38867,878,0.0,4858,156,38711
5,38872,878,0.0,4859,156,38716
2,38874,878,0.0,4860,156,38718
2,38876,878,0.0,4861,156,38720
2,38878,878,0.0,4862,156,38722
4,38882,878,0.0,4863,156,38726
18,38900,878,0.0,4864,156,38744
5,38905,878,0.0,4865,156,38749
6,38911,879,1.0,4866,156,38755
22,38933,879,0.0,4867,156,38777
3,38936,879,0.0,4868,156,38780
6,38942,880,1.0,4869,156,38786
2,38944,880,0.0,4870,156,38788
8,38952,880,0.0,4871,156,38796
8,38960,881,1.0,4872,156,38804
4,38964,881,0.0,4873,156,38808
18,38982,881,0.0,4874,156,38826
6,38988,881,0.0,4875,156,38832
6,38994,881,0.0,4876,156,38838
4,38998,881,0.0,4877,156,38842
2,39000,881,0.0,4878,156,38844
6,39006,882,1.0,4879,156,38850
4,39010,882,0.0,4880,156,38854
6,39016,882,0.0,4881,156,38860
8,39024,882,0.0,4882,156,38868
2,39026,882,0.0,4883,156,38870
6,39032,883,1.0,4884,156,38876
9,39041,883,0.0,4885,156,38885
24,39065,883,0.0,4886,156,38909
10,39075,883,0.0,4887,156,38919
3,39078,883,0.0,4888,156,38922
9,39087,883,0.0,4889,156,38931
6,39093,884,1.0,4890,156,38937
4,39097,884,0.0,4891,156,38941
16,39113,884,0.0,4892,156,38957
2,39115,884,0.0,4893,156,38959
6,39121,884,0.0,4894,156,38965
2,39123,884,0.0,4895,156,38967
5,39128,884,0.0,4896,156,38972
5,39133,884,0.0,4897,156,38977
6,39139,884,0.0,4898,156,38983
6,39145,885,1.0,4899,156,38989
17,39162,885,0.0,4900,156,39006
3,39165,885,0.0,4901,156,39009
15,39180,885,0.0,4902,156,39024
26,39206,885,0.0,4903,156,39050
10,39216,885,0.0,4904,156,39060
18,39234,885,0.0,4905,156,39078
4,39238,885,0.0,4906,156,39082
13,39251,885,0.0,4907,156,39095
2,39253,885,0.0,4908,156,39097
11,39264,885,0.0,4909,156,39108
18,39282,885,0.0,4910,156,39126
33,39315,885,0.0,4911,156,39159
6,39321,886,1.0,4912,156,39165
13,39334,886,0.0,4913,156,39178
4,39338,886,0.0,4914,156,39182
2,39340,886,0.0,4915,156,39184
6,39346,887,1.0,4916,156,39190
5,39351,887,0.0,4917,156,39195
5,39356,887,0.0,4918,156,39200
4,39360,887,0.0,4919,156,39204
4,39364,887,0.0,4920,156,39208
7,39371,887,0.0,4921,156,39215
3,39374,887,0.0,4922,156,39218
11,39385,887,0.0,4923,156,39229
13,39398,887,0.0,4924,156,39242
8,39406,888,1.0,4925,156,39250
6,39412,889,1.0,4926,156,39256
10,39422,889,0.0,4927,156,39266
11,39433,889,0.0,4928,156,39277
4,39437,889,0.0,4929,156,39281
10,39447,889,0.0,4930,156,39291
2,39449,889,0.0,4931,156,39293
6,39455,890,1.0,4932,156,39299
4,39459,890,0.0,4933,156,39303
12,39471,890,0.0,4934,156,39315
2,39473,890,0.0,4935,156,39317
12,39485,890,0.0,4936,156,39329
3,39488,890,0.0,4937,156,39332
6,39494,891,1.0,4938,156,39338
2,39496,891,0.0,4939,156,39340
2,39498,891,0.0,4940,156,39342
22,39520,891,0.0,4941,156,39364
15,39535,891,0.0,4942,156,39379
2,39537,891,0.0,4943,156,39381
2,39539,891,0.0,4944,156,39383
6,39545,892,1.0,4945,156,39389
18,39563,892,0.0,4946,156,39407
13,39576,892,0.0,4947,156,39420
6,39582,893,1.0,4948,156,39426
2,39584,893,0.0,4949,156,39428
9,39593,893,0.0,4950,156,39437
3,39596,893,0.0,4951,156,39440
15,39611,893,0.0,4952,156,39455
13,39624,893,0.0,4953,156,39468
8,39632,894,1.0,4954,156,39476
8,39640,894,0.0,4955,156,39484
6,39646,894,0.0,4956,156,39490
7,39653,894,0.0,4957,156,39497
13,39666,894,0.0,4958,156,39510
7,39673,894,0.0,4959,156,39517
17,39690,894,0.0,4960,156,39534
17,39707,894,0.0,4961,156,39551
6,39713,895,1.0,4962,156,39557
6,39719,896,1.0,4963,156,39563
18,39737,896,0.0,4964,156,39581
4,39741,896,0.0,4965,156,39585
15,39756,896,0.0,4966,156,39600
17,39773,896,0.0,4967,156,39617
12,39785,896,0.0,4968,156,39629
6,39791,896,0.0,4969,156,39635
6,39797,897,1.0,4970,156,39641
10,39807,897,0.0,4971,156,39651
18,39825,897,0.0,4972,156,39669
3,39828,897,0.0,4973,156,39672
3,39831,897,0.0,4974,156,39675
6,39837,897,0.0,4975,156,39681
7,39844,897,0.0,4976,156,39688
7,39851,897,0.0,4977,156,39695
15,39866,897,0.0,4978,156,39710
2,39868,897,0.0,4979,156,39712
8,39876,897,0.0,4980,156,39720
17,39893,897,0.0,4981,156,39737
6,39899,898,1.0,4982,156,39743
8,39907,898,0.0,4983,156,39751
14,39921,898,0.0,4984,156,39765
2,39923,898,0.0,4985,156,39767
18,39941,898,0.0,4986,156,39785
3,39944,898,0.0,4987,156,39788
6,39950,898,0.0,4988,156,39794
7,39957,898,0.0,4989,156,39801
16,39973,898,0.0,4990,156,39817
8,39981,898,0.0,4991,156,39825
2,39983,898,0.0,4992,156,39827
7,39990,898,0.0,4993,156,39834
3,39993,898,0.0,4994,156,39837
6,39999,899,1.0,4995,156,39843
2,40001,899,0.0,4996,156,39845
6,40007,900,1.0,4997,156,39851
6,40013,900,0.0,4998,156,39857
6,40019,901,1.0,4999,156,39863
6,40025,902,1.0,5000,156,39869
3,40028,902,0.0,5001,156,39872
18,40046,902,0.0,5002,156,39890
14,40060,902,0.0,5003,156,39904
7,40067,902,0.0,5004,156,39911
20,40087,902,0.0,5005,156,39931
3,40090,902,0.0,5006,156,39934
6,40096,903,1.0,5007,156,39940
6,40102,904,1.0,5008,156,39946
11,40113,904,0.0,5009,156,39957
3,40116,904,0.0,5010,156,39960
6,40122,905,1.0,5011,156,39966
4,40126,905,0.0,5012,156,39970
6,40132,906,1.0,5013,156,39976
9,40141,906,0.0,5014,156,39985
2,40143,906,0.0,5015,156,39987
8,40151,907,1.0,5016,156,39995
14,40165,907,0.0,5017,156,40009
18,40183,907,0.0,5018,156,40027
3,40186,907,0.0,5019,156,40030
11,40197,907,0.0,5020,156,40041
7,40204,907,0.0,5021,156,40048
18,40222,907,0.0,5022,156,40066
3,40225,907,0.0,5023,156,40069
8,40233,907,0.0,5024,156,40077
6,40239,908,1.0,5025,156,40083
6,40245,909,1.0,5026,156,40089
12,40257,909,0.0,5027,156,40101
5,40262,909,0.0,5028,156,40106
19,40281,909,0.0,5029,156,40125
5,40286,909,0.0,5030,156,40130
5,40291,909,0.0,5031,156,40135
6,40297,909,0.0,5032,156,40141
6,40303,910,1.0,5033,156,40147
6,40309,911,1.0,5034,156,40153
6,40315,912,1.0,5035,156,40159
9,40324,912,0.0,5036,156,40168
8,40332,912,0.0,5037,156,40176
3,40335,912,0.0,5038,156,40179
3,40338,912,0.0,5039,156,40182
6,40344,913,1.0,5040,156,40188
6,40350,914,1.0,5041,156,40194
5,40355,914,0.0,5042,156,40199
8,40363,914,0.0,5043,156,40207
9,40372,914,0.0,5044,156,40216
6,40378,915,1.0,5045,156,40222
5,40383,915,0.0,5046,156,40227
11,40394,915,0.0,5047,156,40238
4,40398,915,0.0,5048,156,40242
10,40408,915,0.0,5049,156,40252
6,40414,916,1.0,5050,156,40258
8,40422,916,0.0,5051,156,40266
18,40440,916,0.0,5052,156,40284
2,40442,916,0.0,5053,156,40286
3,40445,916,0.0,5054,156,40289
6,40451,917,1.0,5055,156,40295
9,40460,917,0.0,5056,156,40304
6,40466,918,1.0,5057,156,40310
4,40470,918,0.0,5058,156,40314
9,40479,918,0.0,5059,156,40323
6,40485,919,1.0,5060,156,40329
6,40491,920,1.0,5061,156,40335
3,40494,920,0.0,5062,156,40338
16,40510,920,0.0,5063,156,40354
6,40516,920,0.0,5064,156,40360
5,40521,920,0.0,5065,156,40365
8,40529,921,1.0,5066,156,40373
13,40542,921,0.0,5067,156,40386
6,40548,922,1.0,5068,156,40392
7,40555,922,0.0,5069,156,40399
5,40560,922,0.0,5070,156,40404
7,40567,922,0.0,5071,156,40411
5,40572,922,0.0,5072,156,40416
8,40580,923,1.0,5073,156,40424
20,40600,923,0.0,5074,156,40444
5,40605,923,0.0,5075,156,40449
11,40616,923,0.0,5076,156,40460
15,40631,923,0.0,5077,156,40475
18,40649,923,0.0,5078,156,40493
7,40656,923,0.0,5079,156,40500
3,40659,923,0.0,5080,156,40503
8,40667,923,0.0,5081,156,40511
2,40669,923,0.0,5082,156,40513
6,40675,924,1.0,5083,156,40519
2,40677,924,0.0,5084,156,40521
6,40683,924,0.0,5085,156,40527
5,40688,924,0.0,5086,156,40532
3,40691,924,0.0,5087,156,40535
9,40700,924,0.0,5088,156,40544
6,40706,925,1.0,5089,156,40550
6,40712,926,1.0,5090,156,40556
3,40715,926,0.0,5091,156,40559
7,40722,926,0.0,5092,156,40566
6,40728,927,1.0,5093,156,40572
14,40742,927,0.0,5094,156,40586
4,40746,927,0.0,5095,156,40590
8,40754,927,0.0,5096,156,40598
18,40772,927,0.0,5097,156,40616
18,40790,927,0.0,5098,156,40634
16,40806,927,0.0,5099,156,40650
2,40808,927,0.0,5100,156,40652
7,40815,927,0.0,5101,156,40659
4,40819,927,0.0,5102,156,40663
7,40826,927,0.0,5103,156,40670
6,40832,928,1.0,5104,156,40676
10,40842,928,0.0,5105,156,40686
6,40848,929,1.0,5106,156,40692
10,40858,929,0.0,5107,156,40702
4,40862,929,0.0,5108,156,40706
15,40877,929,0.0,5109,156,40721
4,40881,929,0.0,5110,156,40725
2,40883,929,0.0,5111,156,40727
6,40889,929,0.0,5112,156,40733
6,40895,930,1.0,5113,156,40739
3,40898,930,0.0,5114,156,40742
10,40908,930,0.0,5115,156,40752
13,40921,930,0.0,5116,156,40765
4,40925,930,0.0,5117,156,40769
6,40931,931,1.0,5118,156,40775
6,40937,932,1.0,5119,156,40781
20,40957,932,0.0,5120,156,40801
27,40984,932,0.0,5121,156,40828
2,40986,932,0.0,5122,156,40830
4,40990,932,0.0,5123,156,40834
2,40992,932,0.0,5124,156,40836
10,41002,932,0.0,5125,156,40846
2,41004,932,0.0,5126,156,40848
12,41016,932,0.0,5127,156,40860
4,41020,932,0.0,5128,156,40864
3,41023,932,0.0,5129,156,40867
2,41025,932,0.0,5130,156,40869
12,41037,932,0.0,5131,156,40881
2,41039,932,0.0,5132,156,40883
16,41055,932,0.0,5133,156,40899
15,41070,932,0.0,5134,156,40914
23,41093,932,0.0,5135,156,40937
6,41099,932,0.0,5136,156,40943
6,41105,933,1.0,5137,156,40949
2,41107,933,0.0,5138,156,40951
5,41112,933,0.0,5139,156,40956
5,41117,933,0.0,5140,156,40961
15,41132,933,0.0,5141,156,40976
2,41134,933,0.0,5142,156,40978
3,41137,933,0.0,5143,156,40981
4,41141,933,0.0,5144,156,40985
6,41147,933,0.0,5145,156,40991
6,41153,933,0.0,5146,156,40997
8,41161,933,0.0,5147,156,41005
3,41164,933,0.0,5148,156,41008
11,41175,933,0.0,5149,156,41019
6,41181,934,1.0,5150,156,41025
9,41190,934,0.0,5151,156,41034
9,41199,934,0.0,5152,156,41043
6,41205,935,1.0,5153,156,41049
12,41217,935,0.0,5154,156,41061
2,41219,935,0.0,5155,156,41063
3,41222,935,0.0,5156,156,41066
2,41224,935,0.0,5157,156,41068
6,41230,935,0.0,5158,156,41074
6,41236,936,1.0,5159,156,41080
4,41240,936,0.0,5160,156,41084
12,41252,936,0.0,5161,156,41096
15,41267,936,0.0,5162,156,41111
7,41274,936,0.0,5163,156,41118
9,41283,936,0.0,5164,156,41127
9,41292,936,0.0,5165,156,41136
2,41294,936,0.0,5166,156,41138
4,41298,936,0.0,5167,156,41142
6,41304,937,1.0,5168,156,41148
6,41310,938,1.0,5169,156,41154
6,41316,938,0.0,5170,156,41160
6,41322,939,1.0,5171,156,41166
7,41329,939,0.0,5172,156,41173
4,41333,939,0.0,5173,156,41177
2,41335,939,0.0,5174,156,41179
7,41342,939,0.0,5175,156,41186
6,41348,939,0.0,5176,156,41192
8,41356,940,1.0,5177,156,41200
3,41359,940,0.0,5178,156,41203
6,41365,940,0.0,5179,156,41209
3,41368,940,0.0,5180,156,41212
5,41373,940,0.0,5181,156,41217
5,41378,940,0.0,5182,156,41222
6,41384,941,1.0,5183,156,41228
12,41396,941,0.0,5184,156,41240
15,41411,941,0.0,5185,156,41255
15,41426,941,0.0,5186,156,41270
2,41428,941,0.0,5187,156,41272
7,41435,941,0.0,5188,156,41279
10,41445,941,0.0,5189,156,41289
2,41447,941,0.0,5190,156,41291
9,41456,941,0.0,5191,156,41300
2,41458,941,0.0,5192,156,41302
2,41460,941,0.0,5193,156,41304
4,41464,941,0.0,5194,156,41308
6,41470,942,1.0,5195,156,41314
6,41476,943,1.0,5196,156,41320
8,41484,943,0.0,5197,156,41328
17,41501,943,0.0,5198,156,41345
7,41508,943,0.0,5199,156,41352
11,41519,943,0.0,5200,156,41363
7,41526,943,0.0,5201,156,41370
3,41529,943,0.0,5202,156,41373
3,41532,943,0.0,5203,156,41376
3,41535,943,0.0,5204,156,41379
7,41542,943,0.0,5205,156,41386
6,41548,944,1.0,5206,156,41392
18,41566,944,0.0,5207,156,41410
11,41577,944,0.0,5208,156,41421
6,41583,944,0.0,5209,156,41427
18,41601,944,0.0,5210,156,41445
2,41603,944,0.0,5211,156,41447
13,41616,944,0.0,5212,156,41460
18,41634,944,0.0,5213,156,41478
6,41640,945,1.0,5214,156,41484
3,41643,945,0.0,5215,156,41487
2,41645,945,0.0,5216,156,41489
3,41648,945,0.0,5217,156,41492
17,41665,945,0.0,5218,156,41509
2,41667,945,0.0,5219,156,41511
7,41674,945,0.0,5220,156,41518
35,41709,945,0.0,5221,156,41553
7,41716,945,0.0,5222,156,41560
6,41722,946,1.0,5223,156,41566
6,41728,947,1.0,5224,156,41572
3,41731,947,0.0,5225,156,41575
7,41738,947,0.0,5226,156,41582
4,41742,947,0.0,5227,156,41586
15,41757,947,0.0,5228,156,41601
8,41765,948,1.0,5229,156,41609
6,41771,949,1.0,5230,156,41615
5,41776,949,0.0,5231,156,41620
2,41778,949,0.0,5232,156,41622
6,41784,950,1.0,5233,156,41628
2,41786,950,0.0,5234,156,41630
2,41788,950,0.0,5235,156,41632
10,41798,950,0.0,5236,156,41642
14,41812,950,0.0,5237,156,41656
2,41814,950,0.0,5238,156,41658
6,41820,951,1.0,5239,156,41664
3,41823,951,0.0,5240,156,41667
6,41829,951,0.0,5241,156,41673
12,41841,951,0.0,5242,156,41685
15,41856,951,0.0,5243,156,41700
6,41862,952,1.0,5244,156,41706
9,41871,952,0.0,5245,156,41715
8,41879,952,0.0,5246,156,41723
2,41881,952,0.0,5247,156,41725
6,41887,953,1.0,5248,156,41731
20,41907,953,0.0,5249,156,41751
15,41922,953,0.0,5250,156,41766
6,41928,954,1.0,5251,156,41772
8,41936,954,0.0,5252,156,41780
21,41957,954,0.0,5253,156,41801
6,41963,955,1.0,5254,156,41807
10,41973,955,0.0,5255,156,41817
8,41981,955,0.0,5256,156,41825
13,41994,955,0.0,5257,156,41838
8,42002,955,0.0,5258,156,41846
8,42010,955,0.0,5259,156,41854
19,42029,955,0.0,5260,156,41873
15,42044,955,0.0,5261,156,41888
9,42053,955,0.0,5262,156,41897
6,42059,956,1.0,5263,156,41903
7,42066,956,0.0,5264,156,41910
11,42077,956,0.0,5265,156,41921
6,42083,957,1.0,5266,156,41927
6,42089,957,0.0,5267,156,41933
4,42093,957,0.0,5268,156,41937
4,42097,957,0.0,5269,156,41941
2,42099,957,0.0,5270,156,41943
2,42101,957,0.0,5271,156,41945
14,42115,957,0.0,5272,156,41959
13,42128,957,0.0,5273,156,41972
2,42130,957,0.0,5274,156,41974
6,42136,958,1.0,5275,156,41980
14,42150,958,0.0,5276,156,41994
6,42156,958,0.0,5277,156,42000
16,42172,958,0.0,5278,156,42016
15,42187,958,0.0,5279,156,42031
6,42193,959,1.0,5280,156,42037
6,42199,960,1.0,5281,156,42043
2,42201,960,0.0,5282,156,42045
6,42207,960,0.0,5283,156,42051
18,42225,960,0.0,5284,156,42069
6,42231,960,0.0,5285,156,42075
2,42233,960,0.0,5286,156,42077
6,42239,961,1.0,5287,156,42083
4,42243,961,0.0,5288,156,42087
6,42249,962,1.0,5289,156,42093
5,42254,962,0.0,5290,156,42098
2,42256,962,0.0,5291,156,42100
4,42260,962,0.0,5292,156,42104
2,42262,962,0.0,5293,156,42106
6,42268,963,1.0,5294,156,42112
4,42272,963,0.0,5295,156,42116
7,42279,963,0.0,5296,156,42123
8,42287,963,0.0,5297,156,42131
3,42290,963,0.0,5298,156,42134
2,42292,963,0.0,5299,156,42136
3,42295,963,0.0,5300,156,42139
6,42301,964,1.0,5301,156,42145
18,42319,964,0.0,5302,156,42163
6,42325,965,1.0,5303,156,42169
11,42336,965,0.0,5304,156,42180
3,42339,965,0.0,5305,156,42183
13,42352,965,0.0,5306,156,42196
11,42363,965,0.0,5307,156,42207
13,42376,965,0.0,5308,156,42220
6,42382,966,1.0,5309,156,42226
7,42389,966,0.0,5310,156,42233
3,42392,966,0.0,5311,156,42236
3,42395,966,0.0,5312,156,42239
7,42402,966,0.0,5313,156,42246
8,42410,966,0.0,5314,156,42254
9,42419,966,0.0,5315,156,42263
18,42437,966,0.0,5316,156,42281
13,42450,966,0.0,5317,156,42294
6,42456,967,1.0,5318,156,42300
2,42458,967,0.0,5319,156,42302
2,42460,967,0.0,5320,156,42304
29,42489,968,1.0,5321,156,42333
14,42503,968,0.0,5322,156,42347
6,42509,968,0.0,5323,156,42353
3,42512,968,0.0,5324,156,42356
10,42522,968,0.0,5325,156,42366
2,42524,968,0.0,5326,156,42368
9,42533,968,0.0,5327,156,42377
2,42535,968,0.0,5328,156,42379
17,42552,968,0.0,5329,156,42396
6,42558,969,1.0,5330,156,42402
6,42564,969,0.0,5331,156,42408
2,42566,969,0.0,5332,156,42410
5,42571,969,0.0,5333,156,42415
2,42573,969,0.0,5334,156,42417
29,42602,970,1.0,5335,156,42446
4,42606,970,0.0,5336,156,42450
19,42625,970,0.0,5337,156,42469
2,42627,970,0.0,5338,156,42471
3,42630,970,0.0,5339,156,42474
6,42636,971,1.0,5340,156,42480
6,42642,972,1.0,5341,156,42486
6,42648,973,1.0,5342,156,42492
15,42663,973,0.0,5343,156,42507
6,42669,974,1.0,5344,156,42513
4,42673,974,0.0,5345,156,42517
6,42679,975,1.0,5346,156,42523
12,42691,975,0.0,5347,156,42535
6,42697,976,1.0,5348,156,42541
3,42700,976,0.0,5349,156,42544
2,42702,976,0.0,5350,156,42546
3,42705,976,0.0,5351,156,42549
3,42708,976,0.0,5352,156,42552
5,42713,976,0.0,5353,156,42557
20,42733,976,0.0,5354,156,42577
2,42735,976,0.0,5355,156,42579
10,42745,976,0.0,5356,156,42589
4,42749,976,0.0,5357,156,42593
3,42752,976,0.0,5358,156,42596
3,42755,976,0.0,5359,156,42599
4,42759,976,0.0,5360,156,42603
6,42765,976,0.0,5361,156,42609
6,42771,976,0.0,5362,156,42615
7,42778,976,0.0,5363,156,42622
2,42780,976,0.0,5364,156,42624
14,42794,976,0.0,5365,156,42638
2,42796,976,0.0,5366,156,42640
8,42804,977,1.0,5367,156,42648
7,42811,977,0.0,5368,156,42655
8,42819,978,1.0,5369,156,42663
16,42835,978,0.0,5370,156,42679
19,42854,978,0.0,5371,156,42698
25,42879,978,0.0,5372,156,42723
4,42883,978,0.0,5373,156,42727
8,42891,978,0.0,5374,156,42735
2,42893,978,0.0,5375,156,42737
2,42895,978,0.0,5376,156,42739
2,42897,978,0.0,5377,156,42741
2,42899,978,0.0,5378,156,42743
7,42906,978,0.0,5379,156,42750
7,42913,978,0.0,5380,156,42757
6,42919,978,0.0,5381,156,42763
21,42940,978,0.0,5382,156,42784
8,42948,978,0.0,5383,156,42792
6,42954,978,0.0,5384,156,42798
11,42965,978,0.0,5385,156,42809
10,42975,978,0.0,5386,156,42819
4,42979,978,0.0,5387,156,42823
7,42986,978,0.0,5388,156,42830
6,42992,979,1.0,5389,156,42836
11,43003,979,0.0,5390,156,42847
9,43012,979,0.0,5391,156,42856
15,43027,979,0.0,5392,156,42871
7,43034,979,0.0,5393,156,42878
5,43039,979,0.0,5394,156,42883
11,43050,979,0.0,5395,156,42894
6,43056,979,0.0,5396,156,42900
2,43058,979,0.0,5397,156,42902
2,43060,979,0.0,5398,156,42904
7,43067,979,0.0,5399,156,42911
13,43080,979,0.0,5400,156,42924
2,43082,979,0.0,5401,156,42926
10,43092,979,0.0,5402,156,42936
6,43098,980,1.0,5403,156,42942
3,43101,980,0.0,5404,156,42945
2,43103,980,0.0,5405,156,42947
15,43118,980,0.0,5406,156,42962
6,43124,980,0.0,5407,156,42968
6,43130,981,1.0,5408,156,42974
2,43132,981,0.0,5409,156,42976
3,43135,981,0.0,5410,156,42979
4,43139,981,0.0,5411,156,42983
13,43152,981,0.0,5412,156,42996
8,43160,981,0.0,5413,156,43004
6,43166,982,1.0,5414,156,43010
6,43172,982,0.0,5415,156,43016
6,43178,983,1.0,5416,156,43022
3,43181,983,0.0,5417,156,43025
9,43190,983,0.0,5418,156,43034
19,43209,983,0.0,5419,156,43053
2,43211,983,0.0,5420,156,43055
2,43213,983,0.0,5421,156,43057
2,43215,983,0.0,5422,156,43059
6,43221,983,0.0,5423,156,43065
4,43225,983,0.0,5424,156,43069
7,43232,983,0.0,5425,156,43076
5,43237,983,0.0,5426,156,43081
18,43255,983,0.0,5427,156,43099
6,43261,984,1.0,5428,156,43105
36,43297,984,0.0,5429,156,43141
2,43299,984,0.0,5430,156,43143
11,43310,984,0.0,5431,156,43154
6,43316,985,1.0,5432,156,43160
6,43322,986,1.0,5433,156,43166
4,43326,986,0.0,5434,156,43170
2,43328,986,0.0,5435,156,43172
5,43333,986,0.0,5436,156,43177
2,43335,986,0.0,5437,156,43179
5,43340,986,0.0,5438,156,43184
2,43342,986,0.0,5439,156,43186
3,43345,986,0.0,5440,156,43189
4,43349,986,0.0,5441,156,43193
7,43356,986,0.0,5442,156,43200
9,43365,986,0.0,5443,156,43209
4,43369,986,0.0,5444,156,43213
9,43378,986,0.0,5445,156,43222
11,43389,986,0.0,5446,156,43233
17,43406,986,0.0,5447,156,43250
6,43412,987,1.0,5448,156,43256
7,43419,987,0.0,5449,156,43263
6,43425,988,1.0,5450,156,43269
29,43454,989,1.0,5451,156,43298
18,43472,989,0.0,5452,156,43316
18,43490,989,0.0,5453,156,43334
6,43496,989,0.0,5454,156,43340
7,43503,989,0.0,5455,156,43347
6,43509,989,0.0,5456,156,43353
22,43531,989,0.0,5457,156,43375
2,43533,989,0.0,5458,156,43377
11,43544,989,0.0,5459,156,43388
12,43556,989,0.0,5460,156,43400
3,43559,989,0.0,5461,156,43403
4,43563,989,0.0,5462,156,43407
3,43566,989,0.0,5463,156,43410
5,43571,989,0.0,5464,156,43415
3,43574,989,0.0,5465,156,43418
7,43581,989,0.0,5466,156,43425
18,43599,989,0.0,5467,156,43443
17,43616,989,0.0,5468,156,43460
12,43628,989,0.0,5469,156,43472
16,43644,989,0.0,5470,156,43488
2,43646,989,0.0,5471,156,43490
6,43652,990,1.0,5472,156,43496
2,43654,990,0.0,5473,156,43498
3,43657,990,0.0,5474,156,43501
3,43660,990,0.0,5475,156,43504
3,43663,990,0.0,5476,156,43507
12,43675,990,0.0,5477,156,43519
7,43682,990,0.0,5478,156,43526
6,43688,991,1.0,5479,156,43532
13,43701,991,0.0,5480,156,43545
3,43704,991,0.0,5481,156,43548
6,43710,992,1.0,5482,156,43554
6,43716,992,0.0,5483,156,43560
13,43729,992,0.0,5484,156,43573
5,43734,992,0.0,5485,156,43578
13,43747,992,0.0,5486,156,43591
13,43760,992,0.0,5487,156,43604
17,43777,992,0.0,5488,156,43621
11,43788,992,0.0,5489,156,43632
7,43795,992,0.0,5490,156,43639
3,43798,992,0.0,5491,156,43642
3,43801,992,0.0,5492,156,43645
3,43804,992,0.0,5493,156,43648
2,43806,992,0.0,5494,156,43650
26,43832,992,0.0,5495,156,43676
2,43834,992,0.0,5496,156,43678
6,43840,992,0.0,5497,156,43684
18,43858,992,0.0,5498,156,43702
6,43864,993,1.0,5499,156,43708
2,43866,993,0.0,5500,156,43710
8,43874,993,0.0,5501,156,43718
26,43900,993,0.0,5502,156,43744
5,43905,993,0.0,5503,156,43749
2,43907,993,0.0,5504,156,43751
13,43920,993,0.0,5505,156,43764
15,43935,993,0.0,5506,156,43779
12,43947,993,0.0,5507,156,43791
6,43953,993,0.0,5508,156,43797
6,43959,994,1.0,5509,156,43803
9,43968,994,0.0,5510,156,43812
43,44011,994,0.0,5511,156,43855
4,44015,994,0.0,5512,156,43859
6,44021,995,1.0,5513,156,43865
6,44027,996,1.0,5514,156,43871
2,44029,996,0.0,5515,156,43873
15,44044,996,0.0,5516,156,43888
6,44050,997,1.0,5517,156,43894
20,44070,997,0.0,5518,156,43914
2,44072,997,0.0,5519,156,43916
4,44076,997,0.0,5520,156,43920
8,44084,998,1.0,5521,156,43928
2,44086,998,0.0,5522,156,43930
2,44088,998,0.0,5523,156,43932
6,44094,999,1.0,5524,156,43938
11,44105,999,0.0,5525,156,43949
5,44110,999,0.0,5526,156,43954
7,44117,999,0.0,5527,156,43961
2,44119,999,0.0,5528,156,43963
18,44137,999,0.0,5529,156,43981
8,44145,1000,1.0,5530,156,43989
10,44155,1000,0.0,5531,156,43999
6,44161,1001,1.0,5532,156,44005
6,44167,1002,1.0,5533,156,44011
6,44173,1003,1.0,5534,156,44017
6,44179,1004,1.0,5535,156,44023
2,44181,1004,0.0,5536,156,44025
6,44187,1005,1.0,5537,156,44031
6,44193,1006,1.0,5538,156,44037
3,44196,1006,0.0,5539,156,44040
6,44202,1007,1.0,5540,156,44046
3,44205,1007,0.0,5541,156,44049
8,44213,1007,0.0,5542,156,44057
6,44219,1007,0.0,5543,156,44063
2,44221,1007,0.0,5544,156,44065
7,44228,1007,0.0,5545,156,44072
2,44230,1007,0.0,5546,156,44074
2,44232,1007,0.0,5547,156,44076
9,44241,1007,0.0,5548,156,44085
9,44250,1007,0.0,5549,156,44094
6,44256,1008,1.0,5550,156,44100
11,44267,1008,0.0,5551,156,44111
7,44274,1008,0.0,5552,156,44118
3,44277,1008,0.0,5553,156,44121
3,44280,1008,0.0,5554,156,44124
7,44287,1008,0.0,5555,156,44131
7,44294,1008,0.0,5556,156,44138
7,44301,1008,0.0,5557,156,44145
18,44319,1008,0.0,5558,156,44163
2,44321,1008,0.0,5559,156,44165
4,44325,1008,0.0,5560,156,44169
3,44328,1008,0.0,5561,156,44172
5,44333,1008,0.0,5562,156,44177
18,44351,1008,0.0,5563,156,44195
3,44354,1008,0.0,5564,156,44198
2,44356,1008,0.0,5565,156,44200
6,44362,1008,0.0,5566,156,44206
17,44379,1008,0.0,5567,156,44223
18,44397,1008,0.0,5568,156,44241
2,44399,1008,0.0,5569,156,44243
15,44414,1008,0.0,5570,156,44258
18,44432,1008,0.0,5571,156,44276
4,44436,1008,0.0,5572,156,44280
2,44438,1008,0.0,5573,156,44282
6,44444,1009,1.0,5574,156,44288
6,44450,1010,1.0,5575,156,44294
3,44453,1010,0.0,5576,156,44297
26,44479,1010,0.0,5577,156,44323
15,44494,1010,0.0,5578,156,44338
2,44496,1010,0.0,5579,156,44340
12,44508,1010,0.0,5580,156,44352
2,44510,1010,0.0,5581,156,44354
6,44516,1010,0.0,5582,156,44360
4,44520,1010,0.0,5583,156,44364
11,44531,1010,0.0,5584,156,44375
3,44534,1010,0.0,5585,156,44378
3,44537,1010,0.0,5586,156,44381
3,44540,1010,0.0,5587,156,44384
4,44544,1010,0.0,5588,156,44388
6,44550,1010,0.0,5589,156,44394
16,44566,1010,0.0,5590,156,44410
3,44569,1010,0.0,5591,156,44413
13,44582,1010,0.0,5592,156,44426
6,44588,1011,1.0,5593,156,44432
18,44606,1011,0.0,5594,156,44450
9,44615,1011,0.0,5595,156,44459
18,44633,1011,0.0,5596,156,44477
12,44645,1011,0.0,5597,156,44489
6,44651,1012,1.0,5598,156,44495
4,44655,1012,0.0,5599,156,44499
10,44665,1012,0.0,5600,156,44509
9,44674,1012,0.0,5601,156,44518
6,44680,1013,1.0,5602,156,44524
6,44686,1014,1.0,5603,156,44530
3,44689,1014,0.0,5604,156,44533
18,44707,1014,0.0,5605,156,44551
5,44712,1014,0.0,5606,156,44556
8,44720,1014,0.0,5607,156,44564
6,44726,1015,1.0,5608,156,44570
15,44741,1015,0.0,5609,156,44585
6,44747,1016,1.0,5610,156,44591
8,44755,1016,0.0,5611,156,44599
6,44761,1016,0.0,5612,156,44605
8,44769,1017,1.0,5613,156,44613
6,44775,1017,0.0,5614,156,44619
6,44781,1018,1.0,5615,156,44625
8,44789,1019,1.0,5616,156,44633
3,44792,1019,0.0,5617,156,44636
13,44805,1019,0.0,5618,156,44649
23,44828,1019,0.0,5619,156,44672
4,44832,1019,0.0,5620,156,44676
6,44838,1020,1.0,5621,156,44682
6,44844,1021,1.0,5622,156,44688
2,44846,1021,0.0,5623,156,44690
31,44877,1021,0.0,5624,156,44721
6,44883,1022,1.0,5625,156,44727
4,44887,1022,0.0,5626,156,44731
2,44889,1022,0.0,5627,156,44733
2,44891,1022,0.0,5628,156,44735
6,44897,1023,1.0,5629,156,44741
10,44907,1023,0.0,5630,156,44751
6,44913,1024,1.0,5631,156,44757
2,44915,1024,0.0,5632,156,44759
30,44945,1024,0.0,5633,156,44789
2,44947,1024,0.0,5634,156,44791
19,44966,1024,0.0,5635,156,44810
6,44972,1025,1.0,5636,156,44816
6,44978,1026,1.0,5637,156,44822
6,44984,1026,0.0,5638,156,44828
9,44993,1026,0.0,5639,156,44837
5,44998,1026,0.0,5640,156,44842
6,45004,1027,1.0,5641,156,44848
2,45006,1027,0.0,5642,156,44850
6,45012,1028,1.0,5643,156,44856
18,45030,1028,0.0,5644,156,44874
4,45034,1028,0.0,5645,156,44878
4,45038,1028,0.0,5646,156,44882
4,45042,1028,0.0,5647,156,44886
8,45050,1028,0.0,5648,156,44894
4,45054,1028,0.0,5649,156,44898
2,45056,1028,0.0,5650,156,44900
17,45073,1028,0.0,5651,156,44917
2,45075,1028,0.0,5652,156,44919
18,45093,1028,0.0,5653,156,44937
6,45099,1029,1.0,5654,156,44943
3,45102,1029,0.0,5655,156,44946
6,45108,1029,0.0,5656,156,44952
7,45115,1029,0.0,5657,156,44959
2,45117,1029,0.0,5658,156,44961
6,45123,1030,1.0,5659,156,44967
5,45128,1030,0.0,5660,156,44972
6,45134,1031,1.0,5661,156,44978
3,45137,1031,0.0,5662,156,44981
2,45139,1031,0.0,5663,156,44983
32,45171,1031,0.0,5664,156,45015
2,45173,1031,0.0,5665,156,45017
6,45179,1032,1.0,5666,156,45023
2,45181,1032,0.0,5667,156,45025
9,45190,1032,0.0,5668,156,45034
6,45196,1032,0.0,5669,156,45040
2,45198,1032,0.0,5670,156,45042
6,45204,1033,1.0,5671,156,45048
6,45210,1033,0.0,5672,156,45054
7,45217,1033,0.0,5673,156,45061
2,45219,1033,0.0,5674,156,45063
4,45223,1033,0.0,5675,156,45067
6,45229,1033,0.0,5676,156,45073
6,45235,1034,1.0,5677,156,45079
6,45241,1035,1.0,5678,156,45085
8,45249,1036,1.0,5679,156,45093
4,45253,1036,0.0,5680,156,45097
18,45271,1036,0.0,5681,156,45115
5,45276,1036,0.0,5682,156,45120
3,45279,1036,0.0,5683,156,45123
3,45282,1036,0.0,5684,156,45126
3,45285,1036,0.0,5685,156,45129
2,45287,1036,0.0,5686,156,45131
2,45289,1036,0.0,5687,156,45133
6,45295,1037,1.0,5688,156,45139
6,45301,1038,1.0,5689,156,45145
9,45310,1038,0.0,5690,156,45154
7,45317,1038,0.0,5691,156,45161
6,45323,1039,1.0,5692,156,45167
5,45328,1039,0.0,5693,156,45172
2,45330,1039,0.0,5694,156,45174
6,45336,1039,0.0,5695,156,45180
6,45342,1040,1.0,5696,156,45186
7,45349,1040,0.0,5697,156,45193
26,45375,1040,0.0,5698,156,45219
6,45381,1041,1.0,5699,156,45225
15,45396,1041,0.0,5700,156,45240
5,45401,1041,0.0,5701,156,45245
2,45403,1041,0.0,5702,156,45247
8,45411,1041,0.0,5703,156,45255
6,45417,1042,1.0,5704,156,45261
6,45423,1043,1.0,5705,156,45267
13,45436,1043,0.0,5706,156,45280
2,45438,1043,0.0,5707,156,45282
2,45440,1043,0.0,5708,156,45284
7,45447,1043,0.0,5709,156,45291
3,45450,1043,0.0,5710,156,45294
6,45456,1044,1.0,5711,156,45300
6,45462,1045,1.0,5712,156,45306
5,45467,1045,0.0,5713,156,45311
3,45470,1045,0.0,5714,156,45314
26,45496,1045,0.0,5715,156,45340
2,45498,1045,0.0,5716,156,45342
5,45503,1045,0.0,5717,156,45347
8,45511,1045,0.0,5718,156,45355
15,45526,1045,0.0,5719,156,45370
2,45528,1045,0.0,5720,156,45372
2,45530,1045,0.0,5721,156,45374
14,45544,1045,0.0,5722,156,45388
12,45556,1045,0.0,5723,156,45400
15,45571,1045,0.0,5724,156,45415
8,45579,1045,0.0,5725,156,45423
3,45582,1045,0.0,5726,156,45426
3,45585,1045,0.0,5727,156,45429
6,45591,1046,1.0,5728,156,45435
11,45602,1046,0.0,5729,156,45446
18,45620,1046,0.0,5730,156,45464
9,45629,1046,0.0,5731,156,45473
6,45635,1047,1.0,5732,156,45479
6,45641,1048,1.0,5733,156,45485
2,45643,1048,0.0,5734,156,45487
6,45649,1049,1.0,5735,156,45493
18,45667,1049,0.0,5736,156,45511
6,45673,1050,1.0,5737,156,45517
6,45679,1051,1.0,5738,156,45523
6,45685,1052,1.0,5739,156,45529
18,45703,1052,0.0,5740,156,45547
3,45706,1052,0.0,5741,156,45550
6,45712,1052,0.0,5742,156,45556
4,45716,1052,0.0,5743,156,45560
2,45718,1052,0.0,5744,156,45562
6,45724,1053,1.0,5745,156,45568
7,45731,1053,0.0,5746,156,45575
9,45740,1053,0.0,5747,156,45584
11,45751,1053,0.0,5748,156,45595
12,45763,1053,0.0,5749,156,45607
13,45776,1053,0.0,5750,156,45620
6,45782,1054,1.0,5751,156,45626
4,45786,1054,0.0,5752,156,45630
3,45789,1054,0.0,5753,156,45633
6,45795,1055,1.0,5754,156,45639
24,45819,1055,0.0,5755,156,45663
13,45832,1055,0.0,5756,156,45676
3,45835,1055,0.0,5757,156,45679
6,45841,1056,1.0,5758,156,45685
6,45847,1057,1.0,5759,156,45691
6,45853,1058,1.0,5760,156,45697
6,45859,1059,1.0,5761,156,45703
2,45861,1059,0.0,5762,156,45705
3,45864,1059,0.0,5763,156,45708
2,45866,1059,0.0,5764,156,45710
6,45872,1060,1.0,5765,156,45716
6,45878,1061,1.0,5766,156,45722
2,45880,1061,0.0,5767,156,45724
6,45886,1062,1.0,5768,156,45730
5,45891,1062,0.0,5769,156,45735
6,45897,1062,0.0,5770,156,45741
6,45903,1063,1.0,5771,156,45747
5,45908,1063,0.0,5772,156,45752
5,45913,1063,0.0,5773,156,45757
6,45919,1063,0.0,5774,156,45763
6,45925,1063,0.0,5775,156,45769
5,45930,1063,0.0,5776,156,45774
24,45954,1063,0.0,5777,156,45798
12,45966,1063,0.0,5778,156,45810
4,45970,1063,0.0,5779,156,45814
9,45979,1063,0.0,5780,156,45823
4,45983,1063,0.0,5781,156,45827
6,45989,1064,1.0,5782,156,45833
2,45991,1064,0.0,5783,156,45835
18,46009,1064,0.0,5784,156,45853
6,46015,1065,1.0,5785,156,45859
6,46021,1065,0.0,5786,156,45865
4,46025,1065,0.0,5787,156,45869
10,46035,1065,0.0,5788,156,45879
8,46043,1065,0.0,5789,156,45887
6,46049,1066,1.0,5790,156,45893
7,46056,1066,0.0,5791,156,45900
6,46062,1067,1.0,5792,156,45906
6,46068,1068,1.0,5793,156,45912
2,46070,1068,0.0,5794,156,45914
6,46076,1069,1.0,5795,156,45920
3,46079,1069,0.0,5796,156,45923
3,46082,1069,0.0,5797,156,45926
3,46085,1069,0.0,5798,156,45929
9,46094,1069,0.0,5799,156,45938
3,46097,1069,0.0,5800,156,45941
5,46102,1069,0.0,5801,156,45946
6,46108,1070,1.0,5802,156,45952
18,46126,1070,0.0,5803,156,45970
4,46130,1070,0.0,5804,156,45974
19,46149,1070,0.0,5805,156,45993
2,46151,1070,0.0,5806,156,45995
10,46161,1070,0.0,5807,156,46005
6,46167,1071,1.0,5808,156,46011
11,46178,1071,0.0,5809,156,46022
2,46180,1071,0.0,5810,156,46024
5,46185,1071,0.0,5811,156,46029
10,46195,1071,0.0,5812,156,46039
6,46201,1072,1.0,5813,156,46045
4,46205,1072,0.0,5814,156,46049
3,46208,1072,0.0,5815,156,46052
2,46210,1072,0.0,5816,156,46054
12,46222,1072,0.0,5817,156,46066
6,46228,1073,1.0,5818,156,46072
6,46234,1074,1.0,5819,156,46078
2,46236,1074,0.0,5820,156,46080
2,46238,1074,0.0,5821,156,46082
2,46240,1074,0.0,5822,156,46084
6,46246,1075,1.0,5823,156,46090
3,46249,1075,0.0,5824,156,46093
7,46256,1075,0.0,5825,156,46100
20,46276,1075,0.0,5826,156,46120
7,46283,1075,0.0,5827,156,46127
7,46290,1075,0.0,5828,156,46134
4,46294,1075,0.0,5829,156,46138
5,46299,1075,0.0,5830,156,46143
22,46321,1075,0.0,5831,156,46165
13,46334,1075,0.0,5832,156,46178
2,46336,1075,0.0,5833,156,46180
14,46350,1075,0.0,5834,156,46194
6,46356,1076,1.0,5835,156,46200
18,46374,1076,0.0,5836,156,46218
5,46379,1076,0.0,5837,156,46223
2,46381,1076,0.0,5838,156,46225
3,46384,1076,0.0,5839,156,46228
2,46386,1076,0.0,5840,156,46230
15,46401,1076,0.0,5841,156,46245
14,46415,1076,0.0,5842,156,46259
5,46420,1076,0.0,5843,156,46264
21,46441,1076,0.0,5844,156,46285
14,46455,1076,0.0,5845,156,46299
6,46461,1077,1.0,5846,156,46305
16,46477,1077,0.0,5847,156,46321
6,46483,1078,1.0,5848,156,46327
11,46494,1078,0.0,5849,156,46338
10,46504,1078,0.0,5850,156,46348
4,46508,1078,0.0,5851,156,46352
4,46512,1078,0.0,5852,156,46356
2,46514,1078,0.0,5853,156,46358
6,46520,1078,0.0,5854,156,46364
17,46537,1078,0.0,5855,156,46381
6,46543,1079,1.0,5856,156,46387
6,46549,1080,1.0,5857,156,46393
18,46567,1080,0.0,5858,156,46411
18,46585,1080,0.0,5859,156,46429
6,46591,1081,1.0,5860,156,46435
6,46597,1082,1.0,5861,156,46441
3,46600,1082,0.0,5862,156,46444
15,46615,1082,0.0,5863,156,46459
10,46625,1082,0.0,5864,156,46469
6,46631,1083,1.0,5865,156,46475
2,46633,1083,0.0,5866,156,46477
18,46651,1083,0.0,5867,156,46495
6,46657,1084,1.0,5868,156,46501
6,46663,1085,1.0,5869,156,46507
11,46674,1085,0.0,5870,156,46518
28,46702,1085,0.0,5871,156,46546
4,46706,1085,0.0,5872,156,46550
6,46712,1086,1.0,5873,156,46556
4,46716,1086,0.0,5874,156,46560
3,46719,1086,0.0,5875,156,46563
4,46723,1086,0.0,5876,156,46567
14,46737,1086,0.0,5877,156,46581
3,46740,1086,0.0,5878,156,46584
6,46746,1086,0.0,5879,156,46590
2,46748,1086,0.0,5880,156,46592
6,46754,1086,0.0,5881,156,46598
11,46765,1086,0.0,5882,156,46609
2,46767,1086,0.0,5883,156,46611
5,46772,1086,0.0,5884,156,46616
14,46786,1086,0.0,5885,156,46630
10,46796,1086,0.0,5886,156,46640
18,46814,1086,0.0,5887,156,46658
3,46817,1086,0.0,5888,156,46661
12,46829,1086,0.0,5889,156,46673
18,46847,1086,0.0,5890,156,46691
5,46852,1086,0.0,5891,156,46696
4,46856,1086,0.0,5892,156,46700
3,46859,1086,0.0,5893,156,46703
6,46865,1087,1.0,5894,156,46709
19,46884,1087,0.0,5895,156,46728
2,46886,1087,0.0,5896,156,46730
20,46906,1087,0.0,5897,156,46750
6,46912,1088,1.0,5898,156,46756
12,46924,1088,0.0,5899,156,46768
18,46942,1088,0.0,5900,156,46786
3,46945,1088,0.0,5901,156,46789
3,46948,1088,0.0,5902,156,46792
2,46950,1088,0.0,5903,156,46794
5,46955,1088,0.0,5904,156,46799
14,46969,1088,0.0,5905,156,46813
9,46978,1088,0.0,5906,156,46822
12,46990,1088,0.0,5907,156,46834
6,46996,1089,1.0,5908,156,46840
9,47005,1089,0.0,5909,156,46849
5,47010,1089,0.0,5910,156,46854
2,47012,1089,0.0,5911,156,46856
6,47018,1090,1.0,5912,156,46862
2,47020,1090,0.0,5913,156,46864
3,47023,1090,0.0,5914,156,46867
6,47029,1091,1.0,5915,156,46873
2,47031,1091,0.0,5916,156,46875
6,47037,1091,0.0,5917,156,46881
6,47043,1092,1.0,5918,156,46887
5,47048,1092,0.0,5919,156,46892
11,47059,1092,0.0,5920,156,46903
2,47061,1092,0.0,5921,156,46905
6,47067,1093,1.0,5922,156,46911
8,47075,1093,0.0,5923,156,46919
17,47092,1093,0.0,5924,156,46936
17,47109,1093,0.0,5925,156,46953
3,47112,1093,0.0,5926,156,46956
2,47114,1093,0.0,5927,156,46958
21,47135,1093,0.0,5928,156,46979
13,47148,1093,0.0,5929,156,46992
6,47154,1094,1.0,5930,156,46998
6,47160,1095,1.0,5931,156,47004
3,47163,1095,0.0,5932,156,47007
8,47171,1095,0.0,5933,156,47015
2,47173,1095,0.0,5934,156,47017
8,47181,1095,0.0,5935,156,47025
6,47187,1096,1.0,5936,156,47031
14,47201,1096,0.0,5937,156,47045
6,47207,1097,1.0,5938,156,47051
25,47232,1097,0.0,5939,156,47076
6,47238,1097,0.0,5940,156,47082
2,47240,1097,0.0,5941,156,47084
22,47262,1097,0.0,5942,156,47106
8,47270,1097,0.0,5943,156,47114
22,47292,1097,0.0,5944,156,47136
4,47296,1097,0.0,5945,156,47140
7,47303,1097,0.0,5946,156,47147
11,47314,1097,0.0,5947,156,47158
2,47316,1097,0.0,5948,156,47160
7,47323,1097,0.0,5949,156,47167
2,47325,1097,0.0,5950,156,47169
7,47332,1097,0.0,5951,156,47176
2,47334,1097,0.0,5952,156,47178
3,47337,1097,0.0,5953,156,47181
8,47345,1097,0.0,5954,156,47189
5,47350,1097,0.0,5955,156,47194
15,47365,1097,0.0,5956,156,47209
31,47396,1097,0.0,5957,156,47240
10,47406,1097,0.0,5958,156,47250
4,47410,1097,0.0,5959,156,47254
6,47416,1098,1.0,5960,156,47260
8,47424,1098,0.0,5961,156,47268
18,47442,1098,0.0,5962,156,47286
9,47451,1098,0.0,5963,156,47295
27,47478,1098,0.0,5964,156,47322
4,47482,1098,0.0,5965,156,47326
6,47488,1099,1.0,5966,156,47332
6,47494,1100,1.0,5967,156,47338
6,47500,1101,1.0,5968,156,47344
3,47503,1101,0.0,5969,156,47347
7,47510,1101,0.0,5970,156,47354
6,47516,1102,1.0,5971,156,47360
3,47519,1102,0.0,5972,156,47363
12,47531,1102,0.0,5973,156,47375
20,47551,1102,0.0,5974,156,47395
2,47553,1102,0.0,5975,156,47397
6,47559,1103,1.0,5976,156,47403
6,47565,1104,1.0,5977,156,47409
11,47576,1104,0.0,5978,156,47420
11,47587,1104,0.0,5979,156,47431
12,47599,1104,0.0,5980,156,47443
11,47610,1104,0.0,5981,156,47454
11,47621,1104,0.0,5982,156,47465
2,47623,1104,0.0,5983,156,47467
13,47636,1104,0.0,5984,156,47480
6,47642,1105,1.0,5985,156,47486
18,47660,1105,0.0,5986,156,47504
5,47665,1105,0.0,5987,156,47509
18,47683,1105,0.0,5988,156,47527
7,47690,1105,0.0,5989,156,47534
3,47693,1105,0.0,5990,156,47537
7,47700,1105,0.0,5991,156,47544
7,47707,1105,0.0,5992,156,47551
7,47714,1105,0.0,5993,156,47558
3,47717,1105,0.0,5994,156,47561
12,47729,1105,0.0,5995,156,47573
6,47735,1106,1.0,5996,156,47579
6,47741,1107,1.0,5997,156,47585
7,47748,1107,0.0,5998,156,47592
13,47761,1107,0.0,5999,156,47605
6,47767,1108,1.0,6000,156,47611
18,47785,1108,0.0,6001,156,47629
8,47793,1108,0.0,6002,156,47637
4,47797,1108,0.0,6003,156,47641
4,47801,1108,0.0,6004,156,47645
4,47805,1108,0.0,6005,156,47649
14,47819,1108,0.0,6006,156,47663
12,47831,1108,0.0,6007,156,47675
14,47845,1108,0.0,6008,156,47689
7,47852,1108,0.0,6009,156,47696
6,47858,1109,1.0,6010,156,47702
3,47861,1109,0.0,6011,156,47705
6,47867,1110,1.0,6012,156,47711
18,47885,1110,0.0,6013,156,47729
2,47887,1110,0.0,6014,156,47731
6,47893,1111,1.0,6015,156,47737
27,47920,1111,0.0,6016,156,47764
18,47938,1111,0.0,6017,156,47782
11,47949,1111,0.0,6018,156,47793
8,47957,1112,1.0,6019,156,47801
27,47984,1112,0.0,6020,156,47828
13,47997,1112,0.0,6021,156,47841
3,48000,1112,0.0,6022,156,47844
14,48014,1112,0.0,6023,156,47858
2,48016,1112,0.0,6024,156,47860
6,48022,1113,1.0,6025,156,47866
13,48035,1113,0.0,6026,156,47879
15,48050,1113,0.0,6027,156,47894
17,48067,1113,0.0,6028,156,47911
19,48086,1113,0.0,6029,156,47930
6,48092,1114,1.0,6030,156,47936
3,48095,1114,0.0,6031,156,47939
6,48101,1115,1.0,6032,156,47945
6,48107,1116,1.0,6033,156,47951
2,48109,1116,0.0,6034,156,47953
6,48115,1117,1.0,6035,156,47959
10,48125,1117,0.0,6036,156,47969
4,48129,1117,0.0,6037,156,47973
3,48132,1117,0.0,6038,156,47976
10,48142,1117,0.0,6039,156,47986
18,48160,1117,0.0,6040,156,48004
3,48163,1117,0.0,6041,156,48007
3,48166,1117,0.0,6042,156,48010
8,48174,1117,0.0,6043,156,48018
8,48182,1118,1.0,6044,156,48026
19,48201,1118,0.0,6045,156,48045
2,48203,1118,0.0,6046,156,48047
7,48210,1118,0.0,6047,156,48054
18,48228,1118,0.0,6048,156,48072
15,48243,1118,0.0,6049,156,48087
2,48245,1118,0.0,6050,156,48089
18,48263,1118,0.0,6051,156,48107
5,48268,1118,0.0,6052,156,48112
3,48271,1118,0.0,6053,156,48115
14,48285,1118,0.0,6054,156,48129
3,48288,1118,0.0,6055,156,48132
5,48293,1118,0.0,6056,156,48137
2,48295,1118,0.0,6057,156,48139
6,48301,1118,0.0,6058,156,48145
4,48305,1118,0.0,6059,156,48149
8,48313,1118,0.0,6060,156,48157
3,48316,1118,0.0,6061,156,48160
6,48322,1119,1.0,6062,156,48166
13,48335,1119,0.0,6063,156,48179
6,48341,1120,1.0,6064,156,48185
2,48343,1120,0.0,6065,156,48187
12,48355,1120,0.0,6066,156,48199
12,48367,1120,0.0,6067,156,48211
6,48373,1121,1.0,6068,156,48217
7,48380,1121,0.0,6069,156,48224
6,48386,1122,1.0,6070,156,48230
2,48388,1122,0.0,6071,156,48232
15,48403,1122,0.0,6072,156,48247
18,48421,1122,0.0,6073,156,48265
9,48430,1122,0.0,6074,156,48274
6,48436,1122,0.0,6075,156,48280
18,48454,1122,0.0,6076,156,48298
2,48456,1122,0.0,6077,156,48300
6,48462,1123,1.0,6078,156,48306
6,48468,1123,0.0,6079,156,48312
6,48474,1123,0.0,6080,156,48318
6,48480,1124,1.0,6081,156,48324
6,48486,1125,1.0,6082,156,48330
20,48506,1125,0.0,6083,156,48350
3,48509,1125,0.0,6084,156,48353
6,48515,1125,0.0,6085,156,48359
11,48526,1125,0.0,6086,156,48370
7,48533,1125,0.0,6087,156,48377
8,48541,1125,0.0,6088,156,48385
4,48545,1125,0.0,6089,156,48389
14,48559,1125,0.0,6090,156,48403
3,48562,1125,0.0,6091,156,48406
6,48568,1126,1.0,6092,156,48412
14,48582,1126,0.0,6093,156,48426
6,48588,1127,1.0,6094,156,48432
2,48590,1127,0.0,6095,156,48434
26,48616,1127,0.0,6096,156,48460
10,48626,1127,0.0,6097,156,48470
6,48632,1128,1.0,6098,156,48476
6,48638,1129,1.0,6099,156,48482
4,48642,1129,0.0,6100,156,48486
6,48648,1130,1.0,6101,156,48492
15,48663,1130,0.0,6102,156,48507
4,48667,1130,0.0,6103,156,48511
23,48690,1130,0.0,6104,156,48534
3,48693,1130,0.0,6105,156,48537
14,48707,1130,0.0,6106,156,48551
6,48713,1131,1.0,6107,156,48557
15,48728,1131,0.0,6108,156,48572
15,48743,1131,0.0,6109,156,48587
26,48769,1131,0.0,6110,156,48613
6,48775,1132,1.0,6111,156,48619
6,48781,1133,1.0,6112,156,48625
6,48787,1134,1.0,6113,156,48631
25,48812,1134,0.0,6114,156,48656
6,48818,1135,1.0,6115,156,48662
2,48820,1135,0.0,6116,156,48664
6,48826,1136,1.0,6117,156,48670
13,48839,1136,0.0,6118,156,48683
7,48846,1136,0.0,6119,156,48690
5,48851,1136,0.0,6120,156,48695
5,48856,1136,0.0,6121,156,48700
3,48859,1136,0.0,6122,156,48703
6,48865,1136,0.0,6123,156,48709
2,48867,1136,0.0,6124,156,48711
3,48870,1136,0.0,6125,156,48714
2,48872,1136,0.0,6126,156,48716
10,48882,1136,0.0,6127,156,48726
8,48890,1137,1.0,6128,156,48734
2,48892,1137,0.0,6129,156,48736
8,48900,1137,0.0,6130,156,48744
6,48906,1137,0.0,6131,156,48750
3,48909,1137,0.0,6132,156,48753
17,48926,1137,0.0,6133,156,48770
4,48930,1137,0.0,6134,156,48774
4,48934,1137,0.0,6135,156,48778
9,48943,1137,0.0,6136,156,48787
13,48956,1137,0.0,6137,156,48800
6,48962,1138,1.0,6138,156,48806
9,48971,1138,0.0,6139,156,48815
27,48998,1138,0.0,6140,156,48842
2,49000,1138,0.0,6141,156,48844
7,49007,1138,0.0,6142,156,48851
6,49013,1139,1.0,6143,156,48857
17,49030,1139,0.0,6144,156,48874
16,49046,1139,0.0,6145,156,48890
13,49059,1139,0.0,6146,156,48903
6,49065,1140,1.0,6147,156,48909
7,49072,1140,0.0,6148,156,48916
9,49081,1140,0.0,6149,156,48925
6,49087,1141,1.0,6150,156,48931
12,49099,1141,0.0,6151,156,48943
8,49107,1141,0.0,6152,156,48951
2,49109,1141,0.0,6153,156,48953
6,49115,1142,1.0,6154,156,48959
2,49117,1142,0.0,6155,156,48961
8,49125,1142,0.0,6156,156,48969
5,49130,1142,0.0,6157,156,48974
6,49136,1142,0.0,6158,156,48980
6,49142,1142,0.0,6159,156,48986
3,49145,1142,0.0,6160,156,48989
2,49147,1142,0.0,6161,156,48991
6,49153,1143,1.0,6162,156,48997
2,49155,1143,0.0,6163,156,48999
6,49161,1144,1.0,6164,156,49005
6,49167,1144,0.0,6165,156,49011
5,49172,1144,0.0,6166,156,49016
10,49182,1144,0.0,6167,156,49026
8,49190,1144,0.0,6168,156,49034
6,49196,1145,1.0,6169,156,49040
6,49202,1146,1.0,6170,156,49046
2,49204,1146,0.0,6171,156,49048
18,49222,1146,0.0,6172,156,49066
6,49228,1146,0.0,6173,156,49072
18,49246,1146,0.0,6174,156,49090
10,49256,1146,0.0,6175,156,49100
7,49263,1146,0.0,6176,156,49107
6,49269,1147,1.0,6177,156,49113
6,49275,1147,0.0,6178,156,49119
6,49281,1148,1.0,6179,156,49125
14,49295,1148,0.0,6180,156,49139
6,49301,1149,1.0,6181,156,49145
6,49307,1149,0.0,6182,156,49151
2,49309,1149,0.0,6183,156,49153
3,49312,1149,0.0,6184,156,49156
14,49326,1149,0.0,6185,156,49170
6,49332,1150,1.0,6186,156,49176
18,49350,1150,0.0,6187,156,49194
2,49352,1150,0.0,6188,156,49196
6,49358,1151,1.0,6189,156,49202
24,49382,1151,0.0,6190,156,49226
2,49384,1151,0.0,6191,156,49228
13,49397,1151,0.0,6192,156,49241
10,49407,1151,0.0,6193,156,49251
14,49421,1151,0.0,6194,156,49265
20,49441,1151,0.0,6195,156,49285
6,49447,1151,0.0,6196,156,49291
9,49456,1151,0.0,6197,156,49300
6,49462,1152,1.0,6198,156,49306
20,49482,1152,0.0,6199,156,49326
12,49494,1152,0.0,6200,156,49338
18,49512,1152,0.0,6201,156,49356
5,49517,1152,0.0,6202,156,49361
8,49525,1152,0.0,6203,156,49369
6,49531,1153,1.0,6204,156,49375
12,49543,1153,0.0,6205,156,49387
6,49549,1154,1.0,6206,156,49393
3,49552,1154,0.0,6207,156,49396
13,49565,1154,0.0,6208,156,49409
9,49574,1154,0.0,6209,156,49418
2,49576,1154,0.0,6210,156,49420
6,49582,1155,1.0,6211,156,49426
6,49588,1156,1.0,6212,156,49432
2,49590,1156,0.0,6213,156,49434
6,49596,1157,1.0,6214,156,49440
11,49607,1157,0.0,6215,156,49451
8,49615,1158,1.0,6216,156,49459
13,49628,1158,0.0,6217,156,49472
6,49634,1159,1.0,6218,156,49478
4,49638,1159,0.0,6219,156,49482
3,49641,1159,0.0,6220,156,49485
3,49644,1159,0.0,6221,156,49488
3,49647,1159,0.0,6222,156,49491
5,49652,1159,0.0,6223,156,49496
4,49656,1159,0.0,6224,156,49500
6,49662,1160,1.0,6225,156,49506
3,49665,1160,0.0,6226,156,49509
5,49670,1160,0.0,6227,156,49514
6,49676,1161,1.0,6228,156,49520
11,49687,1161,0.0,6229,156,49531
12,49699,1161,0.0,6230,156,49543
8,49707,1161,0.0,6231,156,49551
32,49739,1161,0.0,6232,156,49583
16,49755,1161,0.0,6233,156,49599
6,49761,1162,1.0,6234,156,49605
9,49770,1162,0.0,6235,156,49614
3,49773,1162,0.0,6236,156,49617
2,49775,1162,0.0,6237,156,49619
6,49781,1163,1.0,6238,156,49625
3,49784,1163,0.0,6239,156,49628
6,49790,1164,1.0,6240,156,49634
7,49797,1164,0.0,6241,156,49641
2,49799,1164,0.0,6242,156,49643
11,49810,1164,0.0,6243,156,49654
2,49812,1164,0.0,6244,156,49656
4,49816,1164,0.0,6245,156,49660
20,49836,1164,0.0,6246,156,49680
6,49842,1165,1.0,6247,156,49686
2,49844,1165,0.0,6248,156,49688
6,49850,1166,1.0,6249,156,49694
6,49856,1167,1.0,6250,156,49700
16,49872,1167,0.0,6251,156,49716
6,49878,1168,1.0,6252,156,49722
5,49883,1168,0.0,6253,156,49727
12,49895,1168,0.0,6254,156,49739
8,49903,1168,0.0,6255,156,49747
8,49911,1168,0.0,6256,156,49755
12,49923,1168,0.0,6257,156,49767
2,49925,1168,0.0,6258,156,49769
6,49931,1168,0.0,6259,156,49775
21,49952,1168,0.0,6260,156,49796
6,49958,1169,1.0,6261,156,49802
11,49969,1169,0.0,6262,156,49813
6,49975,1170,1.0,6263,156,49819
17,49992,1170,0.0,6264,156,49836
6,49998,1171,1.0,6265,156,49842
13,50011,1171,0.0,6266,156,49855
10,50021,1171,0.0,6267,156,49865
9,50030,1171,0.0,6268,156,49874
6,50036,1171,0.0,6269,156,49880
12,50048,1171,0.0,6270,156,49892
11,50059,1171,0.0,6271,156,49903
3,50062,1171,0.0,6272,156,49906
2,50064,1171,0.0,6273,156,49908
6,50070,1172,1.0,6274,156,49914
6,50076,1173,1.0,6275,156,49920
13,50089,1173,0.0,6276,156,49933
12,50101,1173,0.0,6277,156,49945
16,50117,1173,0.0,6278,156,49961
11,50128,1173,0.0,6279,156,49972
3,50131,1173,0.0,6280,156,49975
6,50137,1173,0.0,6281,156,49981
6,50143,1174,1.0,6282,156,49987
3,50146,1174,0.0,6283,156,49990
8,50154,1174,0.0,6284,156,49998
4,50158,1174,0.0,6285,156,50002
7,50165,1174,0.0,6286,156,50009
12,50177,1174,0.0,6287,156,50021
6,50183,1175,1.0,6288,156,50027
3,50186,1175,0.0,6289,156,50030
2,50188,1175,0.0,6290,156,50032
18,50206,1175,0.0,6291,156,50050
12,50218,1175,0.0,6292,156,50062
6,50224,1176,1.0,6293,156,50068
6,50230,1177,1.0,6294,156,50074
2,50232,1177,0.0,6295,156,50076
4,50236,1177,0.0,6296,156,50080
6,50242,1178,1.0,6297,156,50086
5,50247,1178,0.0,6298,156,50091
19,50266,1178,0.0,6299,156,50110
19,50285,1178,0.0,6300,156,50129
6,50291,1179,1.0,6301,156,50135
13,50304,1179,0.0,6302,156,50148
6,50310,1180,1.0,6303,156,50154
11,50321,1180,0.0,6304,156,50165
4,50325,1180,0.0,6305,156,50169
6,50331,1180,0.0,6306,156,50175
3,50334,1180,0.0,6307,156,50178
20,50354,1180,0.0,6308,156,50198
14,50368,1180,0.0,6309,156,50212
18,50386,1180,0.0,6310,156,50230
2,50388,1180,0.0,6311,156,50232
2,50390,1180,0.0,6312,156,50234
3,50393,1180,0.0,6313,156,50237
6,50399,1181,1.0,6314,156,50243
4,50403,1181,0.0,6315,156,50247
14,50417,1181,0.0,6316,156,50261
5,50422,1181,0.0,6317,156,50266
28,50450,1181,0.0,6318,156,50294
2,50452,1181,0.0,6319,156,50296
4,50456,1181,0.0,6320,156,50300
6,50462,1182,1.0,6321,156,50306
4,50466,1182,0.0,6322,156,50310
6,50472,1182,0.0,6323,156,50316
6,50478,1183,1.0,6324,156,50322
7,50485,1183,0.0,6325,156,50329
2,50487,1183,0.0,6326,156,50331
6,50493,1184,1.0,6327,156,50337
18,50511,1184,0.0,6328,156,50355
15,50526,1184,0.0,6329,156,50370
4,50530,1184,0.0,6330,156,50374
3,50533,1184,0.0,6331,156,50377
6,50539,1184,0.0,6332,156,50383
7,50546,1184,0.0,6333,156,50390
6,50552,1185,1.0,6334,156,50396
2,50554,1185,0.0,6335,156,50398
4,50558,1185,0.0,6336,156,50402
6,50564,1186,1.0,6337,156,50408
6,50570,1187,1.0,6338,156,50414
18,50588,1187,0.0,6339,156,50432
12,50600,1187,0.0,6340,156,50444
6,50606,1187,0.0,6341,156,50450
2,50608,1187,0.0,6342,156,50452
11,50619,1187,0.0,6343,156,50463
7,50626,1187,0.0,6344,156,50470
5,50631,1187,0.0,6345,156,50475
21,50652,1187,0.0,6346,156,50496
8,50660,1187,0.0,6347,156,50504
2,50662,1187,0.0,6348,156,50506
6,50668,1188,1.0,6349,156,50512
2,50670,1188,0.0,6350,156,50514
4,50674,1188,0.0,6351,156,50518
25,50699,1188,0.0,6352,156,50543
5,50704,1188,0.0,6353,156,50548
6,50710,1189,1.0,6354,156,50554
5,50715,1189,0.0,6355,156,50559
18,50733,1189,0.0,6356,156,50577
9,50742,1189,0.0,6357,156,50586
13,50755,1189,0.0,6358,156,50599
6,50761,1190,1.0,6359,156,50605
6,50767,1191,1.0,6360,156,50611
6,50773,1192,1.0,6361,156,50617
3,50776,1192,0.0,6362,156,50620
2,50778,1192,0.0,6363,156,50622
6,50784,1193,1.0,6364,156,50628
11,50795,1193,0.0,6365,156,50639
3,50798,1193,0.0,6366,156,50642
6,50804,1194,1.0,6367,156,50648
2,50806,1194,0.0,6368,156,50650
5,50811,1194,0.0,6369,156,50655
7,50818,1194,0.0,6370,156,50662
2,50820,1194,0.0,6371,156,50664
12,50832,1194,0.0,6372,156,50676
7,50839,1194,0.0,6373,156,50683
6,50845,1195,1.0,6374,156,50689
6,50851,1195,0.0,6375,156,50695
6,50857,1196,1.0,6376,156,50701
4,50861,1196,0.0,6377,156,50705
18,50879,1196,0.0,6378,156,50723
17,50896,1196,0.0,6379,156,50740
9,50905,1196,0.0,6380,156,50749
22,50927,1196,0.0,6381,156,50771
3,50930,1196,0.0,6382,156,50774
7,50937,1196,0.0,6383,156,50781
5,50942,1196,0.0,6384,156,50786
6,50948,1197,1.0,6385,156,50792
12,50960,1197,0.0,6386,156,50804
8,50968,1198,1.0,6387,156,50812
8,50976,1198,0.0,6388,156,50820
18,50994,1198,0.0,6389,156,50838
24,51018,1198,0.0,6390,156,50862
4,51022,1198,0.0,6391,156,50866
2,51024,1198,0.0,6392,156,50868
3,51027,1198,0.0,6393,156,50871
7,51034,1198,0.0,6394,156,50878
12,51046,1198,0.0,6395,156,50890
18,51064,1198,0.0,6396,156,50908
20,51084,1198,0.0,6397,156,50928
6,51090,1199,1.0,6398,156,50934
5,51095,1199,0.0,6399,156,50939
19,51114,1199,0.0,6400,156,50958
17,51131,1199,0.0,6401,156,50975
6,51137,1199,0.0,6402,156,50981
7,51144,1199,0.0,6403,156,50988
4,51148,1199,0.0,6404,156,50992
6,51154,1200,1.0,6405,156,50998
17,51171,1200,0.0,6406,156,51015
7,51178,1200,0.0,6407,156,51022
6,51184,1201,1.0,6408,156,51028
4,51188,1201,0.0,6409,156,51032
6,51194,1202,1.0,6410,156,51038
6,51200,1202,0.0,6411,156,51044
13,51213,1202,0.0,6412,156,51057
2,51215,1202,0.0,6413,156,51059
15,51230,1202,0.0,6414,156,51074
2,51232,1202,0.0,6415,156,51076
16,51248,1202,0.0,6416,156,51092
13,51261,1202,0.0,6417,156,51105
10,51271,1202,0.0,6418,156,51115
5,51276,1202,0.0,6419,156,51120
6,51282,1203,1.0,6420,156,51126
19,51301,1203,0.0,6421,156,51145
6,51307,1204,1.0,6422,156,51151
9,51316,1204,0.0,6423,156,51160
6,51322,1205,1.0,6424,156,51166
22,51344,1205,0.0,6425,156,51188
6,51350,1206,1.0,6426,156,51194
6,51356,1207,1.0,6427,156,51200
6,51362,1207,0.0,6428,156,51206
3,51365,1207,0.0,6429,156,51209
6,51371,1208,1.0,6430,156,51215
17,51388,1208,0.0,6431,156,51232
7,51395,1208,0.0,6432,156,51239
6,51401,1209,1.0,6433,156,51245
4,51405,1209,0.0,6434,156,51249
9,51414,1209,0.0,6435,156,51258
9,51423,1209,0.0,6436,156,51267
3,51426,1209,0.0,6437,156,51270
2,51428,1209,0.0,6438,156,51272
6,51434,1210,1.0,6439,156,51278
3,51437,1210,0.0,6440,156,51281
6,51443,1211,1.0,6441,156,51287
5,51448,1211,0.0,6442,156,51292
8,51456,1211,0.0,6443,156,51300
6,51462,1211,0.0,6444,156,51306
8,51470,1211,0.0,6445,156,51314
6,51476,1211,0.0,6446,156,51320
6,51482,1212,1.0,6447,156,51326
19,51501,1212,0.0,6448,156,51345
11,51512,1212,0.0,6449,156,51356
15,51527,1212,0.0,6450,156,51371
16,51543,1212,0.0,6451,156,51387
6,51549,1213,1.0,6452,156,51393
6,51555,1213,0.0,6453,156,51399
2,51557,1213,0.0,6454,156,51401
2,51559,1213,0.0,6455,156,51403
7,51566,1213,0.0,6456,156,51410
6,51572,1214,1.0,6457,156,51416
6,51578,1215,1.0,6458,156,51422
4,51582,1215,0.0,6459,156,51426
6,51588,1215,0.0,6460,156,51432
4,51592,1215,0.0,6461,156,51436
14,51606,1215,0.0,6462,156,51450
6,51612,1215,0.0,6463,156,51456
8,51620,1215,0.0,6464,156,51464
7,51627,1215,0.0,6465,156,51471
6,51633,1216,1.0,6466,156,51477
6,51639,1217,1.0,6467,156,51483
2,51641,1217,0.0,6468,156,51485
6,51647,1218,1.0,6469,156,51491
5,51652,1218,0.0,6470,156,51496
8,51660,1218,0.0,6471,156,51504
3,51663,1218,0.0,6472,156,51507
6,51669,1218,0.0,6473,156,51513
6,51675,1219,1.0,6474,156,51519
20,51695,1219,0.0,6475,156,51539
29,51724,1220,1.0,6476,156,51568
6,51730,1221,1.0,6477,156,51574
7,51737,1221,0.0,6478,156,51581
7,51744,1221,0.0,6479,156,51588
35,51779,1221,0.0,6480,156,51623
15,51794,1221,0.0,6481,156,51638
6,51800,1222,1.0,6482,156,51644
2,51802,1222,0.0,6483,156,51646
8,51810,1223,1.0,6484,156,51654
22,51832,1223,0.0,6485,156,51676
7,51839,1223,0.0,6486,156,51683
6,51845,1224,1.0,6487,156,51689
3,51848,1224,0.0,6488,156,51692
7,51855,1224,0.0,6489,156,51699
6,51861,1225,1.0,6490,156,51705
18,51879,1225,0.0,6491,156,51723
16,51895,1225,0.0,6492,156,51739
6,51901,1226,1.0,6493,156,51745
2,51903,1226,0.0,6494,156,51747
6,51909,1227,1.0,6495,156,51753
6,51915,1227,0.0,6496,156,51759
6,51921,1228,1.0,6497,156,51765
2,51923,1228,0.0,6498,156,51767
2,51925,1228,0.0,6499,156,51769
14,51939,1228,0.0,6500,156,51783
24,51963,1228,0.0,6501,156,51807
14,51977,1228,0.0,6502,156,51821
4,51981,1228,0.0,6503,156,51825
13,51994,1228,0.0,6504,156,51838
4,51998,1228,0.0,6505,156,51842
9,52007,1228,0.0,6506,156,51851
8,52015,1228,0.0,6507,156,51859
14,52029,1228,0.0,6508,156,51873
8,52037,1229,1.0,6509,156,51881
15,52052,1229,0.0,6510,156,51896
13,52065,1229,0.0,6511,156,51909
9,52074,1229,0.0,6512,156,51918
6,52080,1230,1.0,6513,156,51924
5,52085,1230,0.0,6514,156,51929
4,52089,1230,0.0,6515,156,51933
7,52096,1230,0.0,6516,156,51940
3,52099,1230,0.0,6517,156,51943
3,52102,1230,0.0,6518,156,51946
15,52117,1230,0.0,6519,156,51961
4,52121,1230,0.0,6520,156,51965
4,52125,1230,0.0,6521,156,51969
2,52127,1230,0.0,6522,156,51971
7,52134,1230,0.0,6523,156,51978
8,52142,1230,0.0,6524,156,51986
18,52160,1230,0.0,6525,156,52004
2,52162,1230,0.0,6526,156,52006
11,52173,1230,0.0,6527,156,52017
3,52176,1230,0.0,6528,156,52020
4,52180,1230,0.0,6529,156,52024
6,52186,1231,1.0,6530,156,52030
26,52212,1231,0.0,6531,156,52056
6,52218,1231,0.0,6532,156,52062
6,52224,1232,1.0,6533,156,52068
9,52233,1232,0.0,6534,156,52077
3,52236,1232,0.0,6535,156,52080
6,52242,1233,1.0,6536,156,52086
20,52262,1233,0.0,6537,156,52106
23,52285,1233,0.0,6538,156,52129
13,52298,1233,0.0,6539,156,52142
21,52319,1233,0.0,6540,156,52163
9,52328,1233,0.0,6541,156,52172
6,52334,1234,1.0,6542,156,52178
6,52340,1235,1.0,6543,156,52184
18,52358,1235,0.0,6544,156,52202
10,52368,1235,0.0,6545,156,52212
6,52374,1236,1.0,6546,156,52218
2,52376,1236,0.0,6547,156,52220
6,52382,1237,1.0,6548,156,52226
3,52385,1237,0.0,6549,156,52229
6,52391,1238,1.0,6550,156,52235
3,52394,1238,0.0,6551,156,52238
2,52396,1238,0.0,6552,156,52240
6,52402,1239,1.0,6553,156,52246
7,52409,1239,0.0,6554,156,52253
6,52415,1240,1.0,6555,156,52259
6,52421,1241,1.0,6556,156,52265
11,52432,1241,0.0,6557,156,52276
18,52450,1241,0.0,6558,156,52294
6,52456,1242,1.0,6559,156,52300
6,52462,1243,1.0,6560,156,52306
6,52468,1243,0.0,6561,156,52312
2,52470,1243,0.0,6562,156,52314
18,52488,1243,0.0,6563,156,52332
5,52493,1243,0.0,6564,156,52337
6,52499,1244,1.0,6565,156,52343
2,52501,1244,0.0,6566,156,52345
11,52512,1244,0.0,6567,156,52356
6,52518,1245,1.0,6568,156,52362
15,52533,1245,0.0,6569,156,52377
7,52540,1245,0.0,6570,156,52384
8,52548,1245,0.0,6571,156,52392
13,52561,1245,0.0,6572,156,52405
7,52568,1245,0.0,6573,156,52412
3,52571,1245,0.0,6574,156,52415
18,52589,1245,0.0,6575,156,52433
2,52591,1245,0.0,6576,156,52435
6,52597,1246,1.0,6577,156,52441
16,52613,1246,0.0,6578,156,52457
8,52621,1246,0.0,6579,156,52465
18,52639,1246,0.0,6580,156,52483
15,52654,1246,0.0,6581,156,52498
7,52661,1246,0.0,6582,156,52505
4,52665,1246,0.0,6583,156,52509
6,52671,1247,1.0,6584,156,52515
6,52677,1248,1.0,6585,156,52521
2,52679,1248,0.0,6586,156,52523
26,52705,1248,0.0,6587,156,52549
6,52711,1249,1.0,6588,156,52555
15,52726,1249,0.0,6589,156,52570
6,52732,1250,1.0,6590,156,52576
2,52734,1250,0.0,6591,156,52578
3,52737,1250,0.0,6592,156,52581
6,52743,1251,1.0,6593,156,52587
6,52749,1252,1.0,6594,156,52593
5,52754,1252,0.0,6595,156,52598
18,52772,1252,0.0,6596,156,52616
13,52785,1252,0.0,6597,156,52629
19,52804,1252,0.0,6598,156,52648
10,52814,1252,0.0,6599,156,52658
13,52827,1252,0.0,6600,156,52671
2,52829,1252,0.0,6601,156,52673
12,52841,1252,0.0,6602,156,52685
6,52847,1253,1.0,6603,156,52691
18,52865,1253,0.0,6604,156,52709
6,52871,1254,1.0,6605,156,52715
19,52890,1254,0.0,6606,156,52734
2,52892,1254,0.0,6607,156,52736
10,52902,1254,0.0,6608,156,52746
3,52905,1254,0.0,6609,156,52749
8,52913,1255,1.0,6610,156,52757
6,52919,1256,1.0,6611,156,52763
14,52933,1256,0.0,6612,156,52777
7,52940,1256,0.0,6613,156,52784
6,52946,1257,1.0,6614,156,52790
13,52959,1257,0.0,6615,156,52803
18,52977,1257,0.0,6616,156,52821
12,52989,1257,0.0,6617,156,52833
2,52991,1257,0.0,6618,156,52835
6,52997,1258,1.0,6619,156,52841
5,53002,1258,0.0,6620,156,52846
18,53020,1258,0.0,6621,156,52864
8,53028,1258,0.0,6622,156,52872
2,53030,1258,0.0,6623,156,52874
6,53036,1259,1.0,6624,156,52880
9,53045,1259,0.0,6625,156,52889
2,53047,1259,0.0,6626,156,52891
2,53049,1259,0.0,6627,156,52893
6,53055,1259,0.0,6628,156,52899
3,53058,1259,0.0,6629,156,52902
8,53066,1259,0.0,6630,156,52910
6,53072,1260,1.0,6631,156,52916
8,53080,1260,0.0,6632,156,52924
9,53089,1260,0.0,6633,156,52933
12,53101,1260,0.0,6634,156,52945
6,53107,1261,1.0,6635,156,52951
18,53125,1261,0.0,6636,156,52969
6,53131,1262,1.0,6637,156,52975
6,53137,1263,1.0,6638,156,52981
31,53168,1264,1.0,6639,156,53012
3,53171,1264,0.0,6640,156,53015
6,53177,1265,1.0,6641,156,53021
9,53186,1265,0.0,6642,156,53030
16,53202,1265,0.0,6643,156,53046
18,53220,1265,0.0,6644,156,53064
14,53234,1265,0.0,6645,156,53078
5,53239,1265,0.0,6646,156,53083
6,53245,1266,1.0,6647,156,53089
6,53251,1266,0.0,6648,156,53095
6,53257,1266,0.0,6649,156,53101
2,53259,1266,0.0,6650,156,53103
20,53279,1266,0.0,6651,156,53123
8,53287,1266,0.0,6652,156,53131
2,53289,1266,0.0,6653,156,53133
18,53307,1266,0.0,6654,156,53151
27,53334,1266,0.0,6655,156,53178
6,53340,1267,1.0,6656,156,53184
16,53356,1267,0.0,6657,156,53200
18,53374,1267,0.0,6658,156,53218
5,53379,1267,0.0,6659,156,53223
15,53394,1267,0.0,6660,156,53238
14,53408,1267,0.0,6661,156,53252
17,53425,1267,0.0,6662,156,53269
15,53440,1267,0.0,6663,156,53284
6,53446,1268,1.0,6664,156,53290
6,53452,1269,1.0,6665,156,53296
2,53454,1269,0.0,6666,156,53298
12,53466,1269,0.0,6667,156,53310
18,53484,1269,0.0,6668,156,53328
3,53487,1269,0.0,6669,156,53331
2,53489,1269,0.0,6670,156,53333
18,53507,1269,0.0,6671,156,53351
15,53522,1269,0.0,6672,156,53366
2,53524,1269,0.0,6673,156,53368
6,53530,1270,1.0,6674,156,53374
10,53540,1270,0.0,6675,156,53384
12,53552,1270,0.0,6676,156,53396
4,53556,1270,0.0,6677,156,53400
3,53559,1270,0.0,6678,156,53403
6,53565,1270,0.0,6679,156,53409
3,53568,1270,0.0,6680,156,53412
6,53574,1271,1.0,6681,156,53418
16,53590,1271,0.0,6682,156,53434
10,53600,1271,0.0,6683,156,53444
3,53603,1271,0.0,6684,156,53447
5,53608,1271,0.0,6685,156,53452
3,53611,1271,0.0,6686,156,53455
6,53617,1272,1.0,6687,156,53461
6,53623,1273,1.0,6688,156,53467
6,53629,1274,1.0,6689,156,53473
19,53648,1274,0.0,6690,156,53492
2,53650,1274,0.0,6691,156,53494
18,53668,1274,0.0,6692,156,53512
6,53674,1275,1.0,6693,156,53518
3,53677,1275,0.0,6694,156,53521
11,53688,1275,0.0,6695,156,53532
19,53707,1275,0.0,6696,156,53551
13,53720,1275,0.0,6697,156,53564
19,53739,1275,0.0,6698,156,53583
6,53745,1276,1.0,6699,156,53589
3,53748,1276,0.0,6700,156,53592
6,53754,1277,1.0,6701,156,53598
15,53769,1277,0.0,6702,156,53613
6,53775,1278,1.0,6703,156,53619
2,53777,1278,0.0,6704,156,53621
6,53783,1279,1.0,6705,156,53627
6,53789,1280,1.0,6706,156,53633
18,53807,1280,0.0,6707,156,53651
18,53825,1280,0.0,6708,156,53669
14,53839,1280,0.0,6709,156,53683
13,53852,1280,0.0,6710,156,53696
2,53854,1280,0.0,6711,156,53698
10,53864,1280,0.0,6712,156,53708
6,53870,1280,0.0,6713,156,53714
2,53872,1280,0.0,6714,156,53716
14,53886,1280,0.0,6715,156,53730
4,53890,1280,0.0,6716,156,53734
6,53896,1281,1.0,6717,156,53740
8,53904,1281,0.0,6718,156,53748
7,53911,1281,0.0,6719,156,53755
2,53913,1281,0.0,6720,156,53757
9,53922,1281,0.0,6721,156,53766
21,53943,1281,0.0,6722,156,53787
3,53946,1281,0.0,6723,156,53790
9,53955,1281,0.0,6724,156,53799
11,53966,1281,0.0,6725,156,53810
2,53968,1281,0.0,6726,156,53812
6,53974,1282,1.0,6727,156,53818
6,53980,1283,1.0,6728,156,53824
9,53989,1283,0.0,6729,156,53833
15,54004,1283,0.0,6730,156,53848
9,54013,1283,0.0,6731,156,53857
7,54020,1283,0.0,6732,156,53864
2,54022,1283,0.0,6733,156,53866
6,54028,1284,1.0,6734,156,53872
6,54034,1285,1.0,6735,156,53878
6,54040,1286,1.0,6736,156,53884
2,54042,1286,0.0,6737,156,53886
2,54044,1286,0.0,6738,156,53888
11,54055,1286,0.0,6739,156,53899
2,54057,1286,0.0,6740,156,53901
2,54059,1286,0.0,6741,156,53903
2,54061,1286,0.0,6742,156,53905
6,54067,1287,1.0,6743,156,53911
8,54075,1288,1.0,6744,156,53919
4,54079,1288,0.0,6745,156,53923
6,54085,1288,0.0,6746,156,53929
14,54099,1288,0.0,6747,156,53943
3,54102,1288,0.0,6748,156,53946
6,54108,1289,1.0,6749,156,53952
6,54114,1290,1.0,6750,156,53958
3,54117,1290,0.0,6751,156,53961
6,54123,1291,1.0,6752,156,53967
3,54126,1291,0.0,6753,156,53970
5,54131,1291,0.0,6754,156,53975
6,54137,1292,1.0,6755,156,53981
2,54139,1292,0.0,6756,156,53983
12,54151,1292,0.0,6757,156,53995
20,54171,1292,0.0,6758,156,54015
2,54173,1292,0.0,6759,156,54017
6,54179,1293,1.0,6760,156,54023
2,54181,1293,0.0,6761,156,54025
8,54189,1293,0.0,6762,156,54033
3,54192,1293,0.0,6763,156,54036
7,54199,1293,0.0,6764,156,54043
26,54225,1293,0.0,6765,156,54069
6,54231,1294,1.0,6766,156,54075
6,54237,1295,1.0,6767,156,54081
14,54251,1295,0.0,6768,156,54095
9,54260,1295,0.0,6769,156,54104
18,54278,1295,0.0,6770,156,54122
2,54280,1295,0.0,6771,156,54124
8,54288,1295,0.0,6772,156,54132
12,54300,1295,0.0,6773,156,54144
2,54302,1295,0.0,6774,156,54146
8,54310,1295,0.0,6775,156,54154
19,54329,1295,0.0,6776,156,54173
3,54332,1295,0.0,6777,156,54176
6,54338,1296,1.0,6778,156,54182
20,54358,1296,0.0,6779,156,54202
3,54361,1296,0.0,6780,156,54205
7,54368,1296,0.0,6781,156,54212
8,54376,1297,1.0,6782,156,54220
2,54378,1297,0.0,6783,156,54222
3,54381,1297,0.0,6784,156,54225
18,54399,1297,0.0,6785,156,54243
8,54407,1298,1.0,6786,156,54251
6,54413,1299,1.0,6787,156,54257
6,54419,1300,1.0,6788,156,54263
2,54421,1300,0.0,6789,156,54265
4,54425,1300,0.0,6790,156,54269
15,54440,1300,0.0,6791,156,54284
18,54458,1300,0.0,6792,156,54302
3,54461,1300,0.0,6793,156,54305
5,54466,1300,0.0,6794,156,54310
6,54472,1301,1.0,6795,156,54316
8,54480,1302,1.0,6796,156,54324
6,54486,1303,1.0,6797,156,54330
29,54515,1303,0.0,6798,156,54359
7,54522,1303,0.0,6799,156,54366
8,54530,1304,1.0,6800,156,54374
15,54545,1304,0.0,6801,156,54389
6,54551,1305,1.0,6802,156,54395
9,54560,1305,0.0,6803,156,54404
18,54578,1305,0.0,6804,156,54422
6,54584,1305,0.0,6805,156,54428
3,54587,1305,0.0,6806,156,54431
14,54601,1305,0.0,6807,156,54445
6,54607,1305,0.0,6808,156,54451
5,54612,1305,0.0,6809,156,54456
6,54618,1306,1.0,6810,156,54462
13,54631,1306,0.0,6811,156,54475
2,54633,1306,0.0,6812,156,54477
6,54639,1307,1.0,6813,156,54483
18,54657,1307,0.0,6814,156,54501
4,54661,1307,0.0,6815,156,54505
6,54667,1308,1.0,6816,156,54511
7,54674,1308,0.0,6817,156,54518
10,54684,1308,0.0,6818,156,54528
6,54690,1309,1.0,6819,156,54534
14,54704,1309,0.0,6820,156,54548
2,54706,1309,0.0,6821,156,54550
13,54719,1309,0.0,6822,156,54563
13,54732,1309,0.0,6823,156,54576
6,54738,1310,1.0,6824,156,54582
6,54744,1311,1.0,6825,156,54588
6,54750,1312,1.0,6826,156,54594
13,54763,1312,0.0,6827,156,54607
2,54765,1312,0.0,6828,156,54609
29,54794,1313,1.0,6829,156,54638
5,54799,1313,0.0,6830,156,54643
7,54806,1313,0.0,6831,156,54650
6,54812,1314,1.0,6832,156,54656
6,54818,1315,1.0,6833,156,54662
7,54825,1315,0.0,6834,156,54669
8,54833,1316,1.0,6835,156,54677
6,54839,1317,1.0,6836,156,54683
7,54846,1317,0.0,6837,156,54690
8,54854,1317,0.0,6838,156,54698
6,54860,1317,0.0,6839,156,54704
6,54866,1318,1.0,6840,156,54710
6,54872,1319,1.0,6841,156,54716
9,54881,1319,0.0,6842,156,54725
3,54884,1319,0.0,6843,156,54728
6,54890,1320,1.0,6844,156,54734
5,54895,1320,0.0,6845,156,54739
5,54900,1320,0.0,6846,156,54744
5,54905,1320,0.0,6847,156,54749
2,54907,1320,0.0,6848,156,54751
6,54913,1320,0.0,6849,156,54757
10,54923,1320,0.0,6850,156,54767
6,54929,1321,1.0,6851,156,54773
12,54941,1321,0.0,6852,156,54785
26,54967,1321,0.0,6853,156,54811
6,54973,1322,1.0,6854,156,54817
5,54978,1322,0.0,6855,156,54822
6,54984,1322,0.0,6856,156,54828
3,54987,1322,0.0,6857,156,54831
9,54996,1322,0.0,6858,156,54840
5,55001,1322,0.0,6859,156,54845
6,55007,1323,1.0,6860,156,54851
7,55014,1323,0.0,6861,156,54858
6,55020,1324,1.0,6862,156,54864
13,55033,1324,0.0,6863,156,54877
3,55036,1324,0.0,6864,156,54880
5,55041,1324,0.0,6865,156,54885
6,55047,1325,1.0,6866,156,54891
2,55049,1325,0.0,6867,156,54893
14,55063,1325,0.0,6868,156,54907
5,55068,1325,0.0,6869,156,54912
13,55081,1325,0.0,6870,156,54925
13,55094,1325,0.0,6871,156,54938
3,55097,1325,0.0,6872,156,54941
5,55102,1325,0.0,6873,156,54946
6,55108,1326,1.0,6874,156,54952
9,55117,1326,0.0,6875,156,54961
7,55124,1326,0.0,6876,156,54968
2,55126,1326,0.0,6877,156,54970
5,55131,1326,0.0,6878,156,54975
2,55133,1326,0.0,6879,156,54977
15,55148,1326,0.0,6880,156,54992
9,55157,1326,0.0,6881,156,55001
6,55163,1327,1.0,6882,156,55007
6,55169,1328,1.0,6883,156,55013
4,55173,1328,0.0,6884,156,55017
31,55204,1329,1.0,6885,156,55048
6,55210,1330,1.0,6886,156,55054
2,55212,1330,0.0,6887,156,55056
6,55218,1331,1.0,6888,156,55062
14,55232,1331,0.0,6889,156,55076
5,55237,1331,0.0,6890,156,55081
2,55239,1331,0.0,6891,156,55083
6,55245,1331,0.0,6892,156,55089
18,55263,1331,0.0,6893,156,55107
6,55269,1332,1.0,6894,156,55113
15,55284,1332,0.0,6895,156,55128
22,55306,1332,0.0,6896,156,55150
6,55312,1332,0.0,6897,156,55156
8,55320,1333,1.0,6898,156,55164
6,55326,1333,0.0,6899,156,55170
11,55337,1333,0.0,6900,156,55181
2,55339,1333,0.0,6901,156,55183
6,55345,1333,0.0,6902,156,55189
2,55347,1333,0.0,6903,156,55191
3,55350,1333,0.0,6904,156,55194
6,55356,1333,0.0,6905,156,55200
3,55359,1333,0.0,6906,156,55203
2,55361,1333,0.0,6907,156,55205
2,55363,1333,0.0,6908,156,55207
17,55380,1333,0.0,6909,156,55224
21,55401,1333,0.0,6910,156,55245
18,55419,1333,0.0,6911,156,55263
6,55425,1334,1.0,6912,156,55269
17,55442,1334,0.0,6913,156,55286
3,55445,1334,0.0,6914,156,55289
5,55450,1334,0.0,6915,156,55294
6,55456,1335,1.0,6916,156,55300
6,55462,1335,0.0,6917,156,55306
9,55471,1335,0.0,6918,156,55315
12,55483,1335,0.0,6919,156,55327
6,55489,1336,1.0,6920,156,55333
6,55495,1337,1.0,6921,156,55339
9,55504,1337,0.0,6922,156,55348
2,55506,1337,0.0,6923,156,55350
2,55508,1337,0.0,6924,156,55352
14,55522,1337,0.0,6925,156,55366
3,55525,1337,0.0,6926,156,55369
6,55531,1338,1.0,6927,156,55375
6,55537,1339,1.0,6928,156,55381
2,55539,1339,0.0,6929,156,55383
3,55542,1339,0.0,6930,156,55386
6,55548,1340,1.0,6931,156,55392
8,55556,1340,0.0,6932,156,55400
6,55562,1341,1.0,6933,156,55406
3,55565,1341,0.0,6934,156,55409
11,55576,1341,0.0,6935,156,55420
7,55583,1341,0.0,6936,156,55427
13,55596,1341,0.0,6937,156,55440
4,55600,1341,0.0,6938,156,55444
9,55609,1341,0.0,6939,156,55453
3,55612,1341,0.0,6940,156,55456
3,55615,1341,0.0,6941,156,55459
11,55626,1341,0.0,6942,156,55470
6,55632,1342,1.0,6943,156,55476
6,55638,1342,0.0,6944,156,55482
6,55644,1343,1.0,6945,156,55488
8,55652,1344,1.0,6946,156,55496
4,55656,1344,0.0,6947,156,55500
6,55662,1345,1.0,6948,156,55506
6,55668,1346,1.0,6949,156,55512
6,55674,1347,1.0,6950,156,55518
4,55678,1347,0.0,6951,156,55522
8,55686,1347,0.0,6952,156,55530
6,55692,1348,1.0,6953,156,55536
12,55704,1348,0.0,6954,156,55548
6,55710,1349,1.0,6955,156,55554
2,55712,1349,0.0,6956,156,55556
18,55730,1349,0.0,6957,156,55574
6,55736,1350,1.0,6958,156,55580
5,55741,1350,0.0,6959,156,55585
19,55760,1350,0.0,6960,156,55604
6,55766,1350,0.0,6961,156,55610
7,55773,1350,0.0,6962,156,55617
3,55776,1350,0.0,6963,156,55620
15,55791,1350,0.0,6964,156,55635
21,55812,1350,0.0,6965,156,55656
6,55818,1350,0.0,6966,156,55662
14,55832,1350,0.0,6967,156,55676
10,55842,1350,0.0,6968,156,55686
2,55844,1350,0.0,6969,156,55688
6,55850,1351,1.0,6970,156,55694
13,55863,1351,0.0,6971,156,55707
3,55866,1351,0.0,6972,156,55710
6,55872,1352,1.0,6973,156,55716
9,55881,1352,0.0,6974,156,55725
6,55887,1353,1.0,6975,156,55731
9,55896,1353,0.0,6976,156,55740
18,55914,1353,0.0,6977,156,55758
3,55917,1353,0.0,6978,156,55761
6,55923,1354,1.0,6979,156,55767
6,55929,1355,1.0,6980,156,55773
6,55935,1356,1.0,6981,156,55779
6,55941,1357,1.0,6982,156,55785
2,55943,1357,0.0,6983,156,55787
3,55946,1357,0.0,6984,156,55790
9,55955,1357,0.0,6985,156,55799
2,55957,1357,0.0,6986,156,55801
3,55960,1357,0.0,6987,156,55804
6,55966,1358,1.0,6988,156,55810
6,55972,1359,1.0,6989,156,55816
18,55990,1359,0.0,6990,156,55834
7,55997,1359,0.0,6991,156,55841
2,55999,1359,0.0,6992,156,55843
13,56012,1359,0.0,6993,156,55856
2,56014,1359,0.0,6994,156,55858
6,56020,1360,1.0,6995,156,55864
11,56031,1360,0.0,6996,156,55875
2,56033,1360,0.0,6997,156,55877
6,56039,1361,1.0,6998,156,55883
9,56048,1361,0.0,6999,156,55892
4,56052,1361,0.0,7000,156,55896
6,56058,1362,1.0,7001,156,55902
14,56072,1362,0.0,7002,156,55916
18,56090,1362,0.0,7003,156,55934
6,56096,1363,1.0,7004,156,55940
4,56100,1363,0.0,7005,156,55944
6,56106,1364,1.0,7006,156,55950
2,56108,1364,0.0,7007,156,55952
7,56115,1364,0.0,7008,156,55959
17,56132,1364,0.0,7009,156,55976
7,56139,1364,0.0,7010,156,55983
6,56145,1365,1.0,7011,156,55989
5,56150,1365,0.0,7012,156,55994
6,56156,1366,1.0,7013,156,56000
20,56176,1366,0.0,7014,156,56020
16,56192,1366,0.0,7015,156,56036
6,56198,1366,0.0,7016,156,56042
6,56204,1367,1.0,7017,156,56048
17,56221,1367,0.0,7018,156,56065
7,56228,1367,0.0,7019,156,56072
26,56254,1367,0.0,7020,156,56098
6,56260,1368,1.0,7021,156,56104
3,56263,1368,0.0,7022,156,56107
2,56265,1368,0.0,7023,156,56109
3,56268,1368,0.0,7024,156,56112
11,56279,1368,0.0,7025,156,56123
8,56287,1368,0.0,7026,156,56131
7,56294,1368,0.0,7027,156,56138
6,56300,1369,1.0,7028,156,56144
18,56318,1369,0.0,7029,156,56162
13,56331,1369,0.0,7030,156,56175
25,56356,1369,0.0,7031,156,56200
22,56378,1369,0.0,7032,156,56222
4,56382,1369,0.0,7033,156,56226
2,56384,1369,0.0,7034,156,56228
12,56396,1369,0.0,7035,156,56240
6,56402,1370,1.0,7036,156,56246
2,56404,1370,0.0,7037,156,56248
4,56408,1370,0.0,7038,156,56252
18,56426,1370,0.0,7039,156,56270
8,56434,1370,0.0,7040,156,56278
2,56436,1370,0.0,7041,156,56280
11,56447,1370,0.0,7042,156,56291
4,56451,1370,0.0,7043,156,56295
25,56476,1370,0.0,7044,156,56320
7,56483,1370,0.0,7045,156,56327
6,56489,1371,1.0,7046,156,56333
21,56510,1371,0.0,7047,156,56354
22,56532,1371,0.0,7048,156,56376
18,56550,1371,0.0,7049,156,56394
2,56552,1371,0.0,7050,156,56396
14,56566,1371,0.0,7051,156,56410
5,56571,1371,0.0,7052,156,56415
3,56574,1371,0.0,7053,156,56418
6,56580,1372,1.0,7054,156,56424
10,56590,1372,0.0,7055,156,56434
2,56592,1372,0.0,7056,156,56436
12,56604,1372,0.0,7057,156,56448
6,56610,1373,1.0,7058,156,56454
3,56613,1373,0.0,7059,156,56457
6,56619,1374,1.0,7060,156,56463
5,56624,1374,0.0,7061,156,56468
9,56633,1374,0.0,7062,156,56477
10,56643,1374,0.0,7063,156,56487
7,56650,1374,0.0,7064,156,56494
6,56656,1375,1.0,7065,156,56500
3,56659,1375,0.0,7066,156,56503
3,56662,1375,0.0,7067,156,56506
6,56668,1375,0.0,7068,156,56512
7,56675,1375,0.0,7069,156,56519
8,56683,1375,0.0,7070,156,56527
6,56689,1376,1.0,7071,156,56533
16,56705,1376,0.0,7072,156,56549
2,56707,1376,0.0,7073,156,56551
6,56713,1377,1.0,7074,156,56557
2,56715,1377,0.0,7075,156,56559
2,56717,1377,0.0,7076,156,56561
2,56719,1377,0.0,7077,156,56563
9,56728,1377,0.0,7078,156,56572
6,56734,1378,1.0,7079,156,56578
9,56743,1378,0.0,7080,156,56587
6,56749,1379,1.0,7081,156,56593
15,56764,1379,0.0,7082,156,56608
2,56766,1379,0.0,7083,156,56610
8,56774,1379,0.0,7084,156,56618
6,56780,1380,1.0,7085,156,56624
7,56787,1380,0.0,7086,156,56631
2,56789,1380,0.0,7087,156,56633
5,56794,1380,0.0,7088,156,56638
18,56812,1380,0.0,7089,156,56656
6,56818,1381,1.0,7090,156,56662
6,56824,1382,1.0,7091,156,56668
8,56832,1382,0.0,7092,156,56676
11,56843,1382,0.0,7093,156,56687
6,56849,1383,1.0,7094,156,56693
7,56856,1383,0.0,7095,156,56700
6,56862,1384,1.0,7096,156,56706
6,56868,1385,1.0,7097,156,56712
2,56870,1385,0.0,7098,156,56714
2,56872,1385,0.0,7099,156,56716
3,56875,1385,0.0,7100,156,56719
18,56893,1385,0.0,7101,156,56737
8,56901,1385,0.0,7102,156,56745
7,56908,1385,0.0,7103,156,56752
9,56917,1385,0.0,7104,156,56761
6,56923,1386,1.0,7105,156,56767
2,56925,1386,0.0,7106,156,56769
18,56943,1386,0.0,7107,156,56787
18,56961,1386,0.0,7108,156,56805
4,56965,1386,0.0,7109,156,56809
8,56973,1387,1.0,7110,156,56817
10,56983,1387,0.0,7111,156,56827
2,56985,1387,0.0,7112,156,56829
2,56987,1387,0.0,7113,156,56831
3,56990,1387,0.0,7114,156,56834
12,57002,1387,0.0,7115,156,56846
3,57005,1387,0.0,7116,156,56849
13,57018,1387,0.0,7117,156,56862
2,57020,1387,0.0,7118,156,56864
6,57026,1387,0.0,7119,156,56870
7,57033,1387,0.0,7120,156,56877
6,57039,1388,1.0,7121,156,56883
10,57049,1388,0.0,7122,156,56893
18,57067,1388,0.0,7123,156,56911
17,57084,1388,0.0,7124,156,56928
3,57087,1388,0.0,7125,156,56931
6,57093,1389,1.0,7126,156,56937
2,57095,1389,0.0,7127,156,56939
2,57097,1389,0.0,7128,156,56941
18,57115,1389,0.0,7129,156,56959
6,57121,1390,1.0,7130,156,56965
6,57127,1391,1.0,7131,156,56971
2,57129,1391,0.0,7132,156,56973
9,57138,1391,0.0,7133,156,56982
17,57155,1391,0.0,7134,156,56999
2,57157,1391,0.0,7135,156,57001
2,57159,1391,0.0,7136,156,57003
10,57169,1391,0.0,7137,156,57013
6,57175,1392,1.0,7138,156,57019
9,57184,1392,0.0,7139,156,57028
3,57187,1392,0.0,7140,156,57031
7,57194,1392,0.0,7141,156,57038
6,57200,1393,1.0,7142,156,57044
9,57209,1393,0.0,7143,156,57053
6,57215,1394,1.0,7144,156,57059
8,57223,1395,1.0,7145,156,57067
13,57236,1395,0.0,7146,156,57080
6,57242,1396,1.0,7147,156,57086
15,57257,1396,0.0,7148,156,57101
12,57269,1396,0.0,7149,156,57113
9,57278,1396,0.0,7150,156,57122
6,57284,1396,0.0,7151,156,57128
6,57290,1397,1.0,7152,156,57134
3,57293,1397,0.0,7153,156,57137
6,57299,1398,1.0,7154,156,57143
2,57301,1398,0.0,7155,156,57145
6,57307,1399,1.0,7156,156,57151
8,57315,1400,1.0,7157,156,57159
2,57317,1400,0.0,7158,156,57161
6,57323,1401,1.0,7159,156,57167
3,57326,1401,0.0,7160,156,57170
16,57342,1401,0.0,7161,156,57186
6,57348,1402,1.0,7162,156,57192
6,57354,1403,1.0,7163,156,57198
26,57380,1403,0.0,7164,156,57224
6,57386,1404,1.0,7165,156,57230
16,57402,1404,0.0,7166,156,57246
2,57404,1404,0.0,7167,156,57248
6,57410,1405,1.0,7168,156,57254
29,57439,1406,1.0,7169,156,57283
2,57441,1406,0.0,7170,156,57285
2,57443,1406,0.0,7171,156,57287
8,57451,1406,0.0,7172,156,57295
6,57457,1407,1.0,7173,156,57301
20,57477,1407,0.0,7174,156,57321
4,57481,1407,0.0,7175,156,57325
2,57483,1407,0.0,7176,156,57327
3,57486,1407,0.0,7177,156,57330
18,57504,1407,0.0,7178,156,57348
4,57508,1407,0.0,7179,156,57352
18,57526,1407,0.0,7180,156,57370
6,57532,1408,1.0,7181,156,57376
6,57538,1409,1.0,7182,156,57382
4,57542,1409,0.0,7183,156,57386
12,57554,1409,0.0,7184,156,57398
6,57560,1410,1.0,7185,156,57404
15,57575,1410,0.0,7186,156,57419
6,57581,1411,1.0,7187,156,57425
9,57590,1411,0.0,7188,156,57434
6,57596,1412,1.0,7189,156,57440
6,57602,1413,1.0,7190,156,57446
4,57606,1413,0.0,7191,156,57450
4,57610,1413,0.0,7192,156,57454
18,57628,1413,0.0,7193,156,57472
6,57634,1414,1.0,7194,156,57478
4,57638,1414,0.0,7195,156,57482
14,57652,1414,0.0,7196,156,57496
4,57656,1414,0.0,7197,156,57500
4,57660,1414,0.0,7198,156,57504
9,57669,1414,0.0,7199,156,57513
2,57671,1414,0.0,7200,156,57515
2,57673,1414,0.0,7201,156,57517
11,57684,1414,0.0,7202,156,57528
5,57689,1414,0.0,7203,156,57533
7,57696,1414,0.0,7204,156,57540
2,57698,1414,0.0,7205,156,57542
2,57700,1414,0.0,7206,156,57544
5,57705,1414,0.0,7207,156,57549
2,57707,1414,0.0,7208,156,57551
7,57714,1414,0.0,7209,156,57558
19,57733,1414,0.0,7210,156,57577
3,57736,1414,0.0,7211,156,57580
6,57742,1414,0.0,7212,156,57586
8,57750,1415,1.0,7213,156,57594
8,57758,1415,0.0,7214,156,57602
6,57764,1416,1.0,7215,156,57608
3,57767,1416,0.0,7216,156,57611
6,57773,1416,0.0,7217,156,57617
4,57777,1416,0.0,7218,156,57621
2,57779,1416,0.0,7219,156,57623
7,57786,1416,0.0,7220,156,57630
9,57795,1416,0.0,7221,156,57639
6,57801,1416,0.0,7222,156,57645
3,57804,1416,0.0,7223,156,57648
6,57810,1417,1.0,7224,156,57654
3,57813,1417,0.0,7225,156,57657
3,57816,1417,0.0,7226,156,57660
3,57819,1417,0.0,7227,156,57663
6,57825,1418,1.0,7228,156,57669
2,57827,1418,0.0,7229,156,57671
3,57830,1418,0.0,7230,156,57674
8,57838,1418,0.0,7231,156,57682
6,57844,1419,1.0,7232,156,57688
2,57846,1419,0.0,7233,156,57690
5,57851,1419,0.0,7234,156,57695
18,57869,1419,0.0,7235,156,57713
7,57876,1419,0.0,7236,156,57720
12,57888,1419,0.0,7237,156,57732
8,57896,1420,1.0,7238,156,57740
6,57902,1421,1.0,7239,156,57746
3,57905,1421,0.0,7240,156,57749
8,57913,1421,0.0,7241,156,57757
19,57932,1421,0.0,7242,156,57776
4,57936,1421,0.0,7243,156,57780
28,57964,1421,0.0,7244,156,57808
2,57966,1421,0.0,7245,156,57810
2,57968,1421,0.0,7246,156,57812
2,57970,1421,0.0,7247,156,57814
3,57973,1421,0.0,7248,156,57817
3,57976,1421,0.0,7249,156,57820
3,57979,1421,0.0,7250,156,57823
6,57985,1422,1.0,7251,156,57829
6,57991,1423,1.0,7252,156,57835
6,57997,1424,1.0,7253,156,57841
7,58004,1424,0.0,7254,156,57848
18,58022,1424,0.0,7255,156,57866
15,58037,1424,0.0,7256,156,57881
7,58044,1424,0.0,7257,156,57888
6,58050,1425,1.0,7258,156,57894
11,58061,1425,0.0,7259,156,57905
3,58064,1425,0.0,7260,156,57908
7,58071,1425,0.0,7261,156,57915
26,58097,1425,0.0,7262,156,57941
7,58104,1425,0.0,7263,156,57948
17,58121,1425,0.0,7264,156,57965
11,58132,1425,0.0,7265,156,57976
16,58148,1425,0.0,7266,156,57992
18,58166,1425,0.0,7267,156,58010
6,58172,1425,0.0,7268,156,58016
15,58187,1425,0.0,7269,156,58031
20,58207,1425,0.0,7270,156,58051
6,58213,1426,1.0,7271,156,58057
6,58219,1427,1.0,7272,156,58063
2,58221,1427,0.0,7273,156,58065
6,58227,1428,1.0,7274,156,58071
2,58229,1428,0.0,7275,156,58073
4,58233,1428,0.0,7276,156,58077
6,58239,1429,1.0,7277,156,58083
5,58244,1429,0.0,7278,156,58088
6,58250,1430,1.0,7279,156,58094
4,58254,1430,0.0,7280,156,58098
4,58258,1430,0.0,7281,156,58102
12,58270,1430,0.0,7282,156,58114
14,58284,1430,0.0,7283,156,58128
2,58286,1430,0.0,7284,156,58130
2,58288,1430,0.0,7285,156,58132
18,58306,1430,0.0,7286,156,58150
6,58312,1431,1.0,7287,156,58156
4,58316,1431,0.0,7288,156,58160
18,58334,1431,0.0,7289,156,58178
6,58340,1432,1.0,7290,156,58184
16,58356,1432,0.0,7291,156,58200
6,58362,1433,1.0,7292,156,58206
11,58373,1433,0.0,7293,156,58217
8,58381,1433,0.0,7294,156,58225
12,58393,1433,0.0,7295,156,58237
18,58411,1433,0.0,7296,156,58255
6,58417,1434,1.0,7297,156,58261
2,58419,1434,0.0,7298,156,58263
2,58421,1434,0.0,7299,156,58265
7,58428,1434,0.0,7300,156,58272
4,58432,1434,0.0,7301,156,58276
6,58438,1435,1.0,7302,156,58282
3,58441,1435,0.0,7303,156,58285
2,58443,1435,0.0,7304,156,58287
18,58461,1435,0.0,7305,156,58305
15,58476,1435,0.0,7306,156,58320
29,58505,1436,1.0,7307,156,58349
5,58510,1436,0.0,7308,156,58354
11,58521,1436,0.0,7309,156,58365
18,58539,1436,0.0,7310,156,58383
6,58545,1437,1.0,7311,156,58389
4,58549,1437,0.0,7312,156,58393
6,58555,1438,1.0,7313,156,58399
6,58561,1439,1.0,7314,156,58405
21,58582,1439,0.0,7315,156,58426
7,58589,1439,0.0,7316,156,58433
6,58595,1440,1.0,7317,156,58439
3,58598,1440,0.0,7318,156,58442
4,58602,1440,0.0,7319,156,58446
4,58606,1440,0.0,7320,156,58450
7,58613,1440,0.0,7321,156,58457
7,58620,1440,0.0,7322,156,58464
4,58624,1440,0.0,7323,156,58468
2,58626,1440,0.0,7324,156,58470
3,58629,1440,0.0,7325,156,58473
16,58645,1440,0.0,7326,156,58489
8,58653,1440,0.0,7327,156,58497
7,58660,1440,0.0,7328,156,58504
18,58678,1440,0.0,7329,156,58522
9,58687,1440,0.0,7330,156,58531
16,58703,1440,0.0,7331,156,58547
5,58708,1440,0.0,7332,156,58552
8,58716,1440,0.0,7333,156,58560
12,58728,1440,0.0,7334,156,58572
18,58746,1440,0.0,7335,156,58590
14,58760,1440,0.0,7336,156,58604
6,58766,1441,1.0,7337,156,58610
6,58772,1441,0.0,7338,156,58616
6,58778,1442,1.0,7339,156,58622
9,58787,1442,0.0,7340,156,58631
12,58799,1442,0.0,7341,156,58643
6,58805,1443,1.0,7342,156,58649
2,58807,1443,0.0,7343,156,58651
6,58813,1444,1.0,7344,156,58657
2,58815,1444,0.0,7345,156,58659
20,58835,1444,0.0,7346,156,58679
6,58841,1444,0.0,7347,156,58685
20,58861,1444,0.0,7348,156,58705
3,58864,1444,0.0,7349,156,58708
6,58870,1445,1.0,7350,156,58714
18,58888,1445,0.0,7351,156,58732
5,58893,1445,0.0,7352,156,58737
6,58899,1446,1.0,7353,156,58743
6,58905,1447,1.0,7354,156,58749
3,58908,1447,0.0,7355,156,58752
6,58914,1447,0.0,7356,156,58758
6,58920,1447,0.0,7357,156,58764
17,58937,1447,0.0,7358,156,58781
2,58939,1447,0.0,7359,156,58783
12,58951,1447,0.0,7360,156,58795
9,58960,1447,0.0,7361,156,58804
6,58966,1448,1.0,7362,156,58810
2,58968,1448,0.0,7363,156,58812
7,58975,1448,0.0,7364,156,58819
4,58979,1448,0.0,7365,156,58823
16,58995,1448,0.0,7366,156,58839
6,59001,1449,1.0,7367,156,58845
8,59009,1449,0.0,7368,156,58853
15,59024,1449,0.0,7369,156,58868
17,59041,1449,0.0,7370,156,58885
11,59052,1449,0.0,7371,156,58896
8,59060,1449,0.0,7372,156,58904
13,59073,1449,0.0,7373,156,58917
11,59084,1449,0.0,7374,156,58928
13,59097,1449,0.0,7375,156,58941
2,59099,1449,0.0,7376,156,58943
6,59105,1450,1.0,7377,156,58949
7,59112,1450,0.0,7378,156,58956
9,59121,1450,0.0,7379,156,58965
4,59125,1450,0.0,7380,156,58969
2,59127,1450,0.0,7381,156,58971
8,59135,1450,0.0,7382,156,58979
6,59141,1451,1.0,7383,156,58985
5,59146,1451,0.0,7384,156,58990
6,59152,1451,0.0,7385,156,58996
16,59168,1451,0.0,7386,156,59012
6,59174,1452,1.0,7387,156,59018
6,59180,1453,1.0,7388,156,59024
4,59184,1453,0.0,7389,156,59028
15,59199,1453,0.0,7390,156,59043
10,59209,1453,0.0,7391,156,59053
6,59215,1454,1.0,7392,156,59059
6,59221,1455,1.0,7393,156,59065
7,59228,1455,0.0,7394,156,59072
6,59234,1456,1.0,7395,156,59078
13,59247,1456,0.0,7396,156,59091
12,59259,1456,0.0,7397,156,59103
8,59267,1457,1.0,7398,156,59111
24,59291,1457,0.0,7399,156,59135
6,59297,1458,1.0,7400,156,59141
3,59300,1458,0.0,7401,156,59144
8,59308,1458,0.0,7402,156,59152
6,59314,1459,1.0,7403,156,59158
6,59320,1460,1.0,7404,156,59164
6,59326,1461,1.0,7405,156,59170
6,59332,1462,1.0,7406,156,59176
6,59338,1463,1.0,7407,156,59182
2,59340,1463,0.0,7408,156,59184
17,59357,1463,0.0,7409,156,59201
6,59363,1464,1.0,7410,156,59207
5,59368,1464,0.0,7411,156,59212
15,59383,1464,0.0,7412,156,59227
6,59389,1465,1.0,7413,156,59233
6,59395,1466,1.0,7414,156,59239
6,59401,1466,0.0,7415,156,59245
19,59420,1466,0.0,7416,156,59264
6,59426,1466,0.0,7417,156,59270
7,59433,1466,0.0,7418,156,59277
20,59453,1466,0.0,7419,156,59297
16,59469,1466,0.0,7420,156,59313
13,59482,1466,0.0,7421,156,59326
4,59486,1466,0.0,7422,156,59330
2,59488,1466,0.0,7423,156,59332
2,59490,1466,0.0,7424,156,59334
3,59493,1466,0.0,7425,156,59337
15,59508,1466,0.0,7426,156,59352
6,59514,1467,1.0,7427,156,59358
9,59523,1467,0.0,7428,156,59367
18,59541,1467,0.0,7429,156,59385
6,59547,1468,1.0,7430,156,59391
8,59555,1468,0.0,7431,156,59399
7,59562,1468,0.0,7432,156,59406
14,59576,1468,0.0,7433,156,59420
11,59587,1468,0.0,7434,156,59431
7,59594,1468,0.0,7435,156,59438
6,59600,1469,1.0,7436,156,59444
4,59604,1469,0.0,7437,156,59448
3,59607,1469,0.0,7438,156,59451
2,59609,1469,0.0,7439,156,59453
8,59617,1470,1.0,7440,156,59461
6,59623,1471,1.0,7441,156,59467
9,59632,1471,0.0,7442,156,59476
2,59634,1471,0.0,7443,156,59478
6,59640,1471,0.0,7444,156,59484
6,59646,1472,1.0,7445,156,59490
8,59654,1473,1.0,7446,156,59498
6,59660,1474,1.0,7447,156,59504
8,59668,1474,0.0,7448,156,59512
13,59681,1474,0.0,7449,156,59525
6,59687,1475,1.0,7450,156,59531
21,59708,1475,0.0,7451,156,59552
3,59711,1475,0.0,7452,156,59555
4,59715,1475,0.0,7453,156,59559
6,59721,1476,1.0,7454,156,59565
7,59728,1476,0.0,7455,156,59572
6,59734,1477,1.0,7456,156,59578
18,59752,1477,0.0,7457,156,59596
13,59765,1477,0.0,7458,156,59609
7,59772,1477,0.0,7459,156,59616
18,59790,1477,0.0,7460,156,59634
3,59793,1477,0.0,7461,156,59637
6,59799,1478,1.0,7462,156,59643
27,59826,1478,0.0,7463,156,59670
15,59841,1478,0.0,7464,156,59685
7,59848,1478,0.0,7465,156,59692
19,59867,1478,0.0,7466,156,59711
8,59875,1479,1.0,7467,156,59719
9,59884,1479,0.0,7468,156,59728
18,59902,1479,0.0,7469,156,59746
2,59904,1479,0.0,7470,156,59748
3,59907,1479,0.0,7471,156,59751
3,59910,1479,0.0,7472,156,59754
18,59928,1479,0.0,7473,156,59772
6,59934,1480,1.0,7474,156,59778
18,59952,1480,0.0,7475,156,59796
6,59958,1481,1.0,7476,156,59802
10,59968,1481,0.0,7477,156,59812
6,59974,1482,1.0,7478,156,59818
7,59981,1482,0.0,7479,156,59825
13,59994,1482,0.0,7480,156,59838
2,59996,1482,0.0,7481,156,59840
11,60007,1482,0.0,7482,156,59851
2,60009,1482,0.0,7483,156,59853
9,60018,1482,0.0,7484,156,59862
8,60026,1482,0.0,7485,156,59870
14,60040,1482,0.0,7486,156,59884
9,60049,1482,0.0,7487,156,59893
5,60054,1482,0.0,7488,156,59898
14,60068,1482,0.0,7489,156,59912
6,60074,1483,1.0,7490,156,59918
8,60082,1483,0.0,7491,156,59926
4,60086,1483,0.0,7492,156,59930
9,60095,1483,0.0,7493,156,59939
35,60130,1483,0.0,7494,156,59974
2,60132,1483,0.0,7495,156,59976
6,60138,1484,1.0,7496,156,59982
4,60142,1484,0.0,7497,156,59986
4,60146,1484,0.0,7498,156,59990
6,60152,1485,1.0,7499,156,59996
7,60159,1485,0.0,7500,156,60003
2,60161,1485,0.0,7501,156,60005
6,60167,1486,1.0,7502,156,60011
6,60173,1487,1.0,7503,156,60017
3,60176,1487,0.0,7504,156,60020
6,60182,1488,1.0,7505,156,60026
19,60201,1488,0.0,7506,156,60045
6,60207,1489,1.0,7507,156,60051
10,60217,1489,0.0,7508,156,60061
15,60232,1489,0.0,7509,156,60076
13,60245,1489,0.0,7510,156,60089
6,60251,1490,1.0,7511,156,60095
19,60270,1490,0.0,7512,156,60114
3,60273,1490,0.0,7513,156,60117
15,60288,1490,0.0,7514,156,60132
6,60294,1491,1.0,7515,156,60138
15,60309,1491,0.0,7516,156,60153
4,60313,1491,0.0,7517,156,60157
19,60332,1491,0.0,7518,156,60176
2,60334,1491,0.0,7519,156,60178
6,60340,1492,1.0,7520,156,60184
5,60345,1492,0.0,7521,156,60189
2,60347,1492,0.0,7522,156,60191
2,60349,1492,0.0,7523,156,60193
6,60355,1493,1.0,7524,156,60199
2,60357,1493,0.0,7525,156,60201
13,60370,1493,0.0,7526,156,60214
6,60376,1494,1.0,7527,156,60220
14,60390,1494,0.0,7528,156,60234
2,60392,1494,0.0,7529,156,60236
6,60398,1495,1.0,7530,156,60242
14,60412,1495,0.0,7531,156,60256
2,60414,1495,0.0,7532,156,60258
6,60420,1496,1.0,7533,156,60264
2,60422,1496,0.0,7534,156,60266
8,60430,1496,0.0,7535,156,60274
6,60436,1497,1.0,7536,156,60280
2,60438,1497,0.0,7537,156,60282
2,60440,1497,0.0,7538,156,60284
13,60453,1497,0.0,7539,156,60297
13,60466,1497,0.0,7540,156,60310
8,60474,1497,0.0,7541,156,60318
6,60480,1498,1.0,7542,156,60324
2,60482,1498,0.0,7543,156,60326
6,60488,1498,0.0,7544,156,60332
3,60491,1498,0.0,7545,156,60335
8,60499,1499,1.0,7546,156,60343
2,60501,1499,0.0,7547,156,60345
11,60512,1499,0.0,7548,156,60356
6,60518,1500,1.0,7549,156,60362
4,60522,1500,0.0,7550,156,60366
9,60531,1500,0.0,7551,156,60375
18,60549,1500,0.0,7552,156,60393
3,60552,1500,0.0,7553,156,60396
15,60567,1500,0.0,7554,156,60411
6,60573,1501,1.0,7555,156,60417
10,60583,1501,0.0,7556,156,60427
9,60592,1501,0.0,7557,156,60436
9,60601,1501,0.0,7558,156,60445
29,60630,1502,1.0,7559,156,60474
8,60638,1503,1.0,7560,156,60482
8,60646,1504,1.0,7561,156,60490
6,60652,1504,0.0,7562,156,60496
18,60670,1504,0.0,7563,156,60514
6,60676,1505,1.0,7564,156,60520
6,60682,1506,1.0,7565,156,60526
18,60700,1506,0.0,7566,156,60544
10,60710,1506,0.0,7567,156,60554
3,60713,1506,0.0,7568,156,60557
18,60731,1506,0.0,7569,156,60575
5,60736,1506,0.0,7570,156,60580
3,60739,1506,0.0,7571,156,60583
15,60754,1506,0.0,7572,156,60598
5,60759,1506,0.0,7573,156,60603
6,60765,1507,1.0,7574,156,60609
18,60783,1507,0.0,7575,156,60627
5,60788,1507,0.0,7576,156,60632
6,60794,1508,1.0,7577,156,60638
2,60796,1508,0.0,7578,156,60640
4,60800,1508,0.0,7579,156,60644
9,60809,1508,0.0,7580,156,60653
6,60815,1509,1.0,7581,156,60659
4,60819,1509,0.0,7582,156,60663
2,60821,1509,0.0,7583,156,60665
5,60826,1509,0.0,7584,156,60670
11,60837,1509,0.0,7585,156,60681
4,60841,1509,0.0,7586,156,60685
10,60851,1509,0.0,7587,156,60695
2,60853,1509,0.0,7588,156,60697
6,60859,1510,1.0,7589,156,60703
6,60865,1511,1.0,7590,156,60709
4,60869,1511,0.0,7591,156,60713
8,60877,1511,0.0,7592,156,60721
6,60883,1512,1.0,7593,156,60727
16,60899,1512,0.0,7594,156,60743
2,60901,1512,0.0,7595,156,60745
6,60907,1513,1.0,7596,156,60751
2,60909,1513,0.0,7597,156,60753
12,60921,1513,0.0,7598,156,60765
7,60928,1513,0.0,7599,156,60772
10,60938,1513,0.0,7600,156,60782
18,60956,1513,0.0,7601,156,60800
18,60974,1513,0.0,7602,156,60818
6,60980,1514,1.0,7603,156,60824
6,60986,1515,1.0,7604,156,60830
6,60992,1515,0.0,7605,156,60836
6,60998,1516,1.0,7606,156,60842
3,61001,1516,0.0,7607,156,60845
13,61014,1516,0.0,7608,156,60858
10,61024,1516,0.0,7609,156,60868
6,61030,1517,1.0,7610,156,60874
10,61040,1517,0.0,7611,156,60884
2,61042,1517,0.0,7612,156,60886
4,61046,1517,0.0,7613,156,60890
5,61051,1517,0.0,7614,156,60895
6,61057,1518,1.0,7615,156,60901
6,61063,1518,0.0,7616,156,60907
18,61081,1518,0.0,7617,156,60925
29,61110,1519,1.0,7618,156,60954
10,61120,1519,0.0,7619,156,60964
3,61123,1519,0.0,7620,156,60967
6,61129,1520,1.0,7621,156,60973
18,61147,1520,0.0,7622,156,60991
30,61177,1520,0.0,7623,156,61021
8,61185,1520,0.0,7624,156,61029
17,61202,1520,0.0,7625,156,61046
6,61208,1520,0.0,7626,156,61052
10,61218,1520,0.0,7627,156,61062
6,61224,1521,1.0,7628,156,61068
2,61226,1521,0.0,7629,156,61070
17,61243,1521,0.0,7630,156,61087
4,61247,1521,0.0,7631,156,61091
2,61249,1521,0.0,7632,156,61093
6,61255,1522,1.0,7633,156,61099
36,61291,1522,0.0,7634,156,61135
13,61304,1522,0.0,7635,156,61148
18,61322,1522,0.0,7636,156,61166
5,61327,1522,0.0,7637,156,61171
2,61329,1522,0.0,7638,156,61173
6,61335,1523,1.0,7639,156,61179
4,61339,1523,0.0,7640,156,61183
17,61356,1523,0.0,7641,156,61200
6,61362,1524,1.0,7642,156,61206
6,61368,1525,1.0,7643,156,61212
3,61371,1525,0.0,7644,156,61215
2,61373,1525,0.0,7645,156,61217
6,61379,1526,1.0,7646,156,61223
31,61410,1526,0.0,7647,156,61254
2,61412,1526,0.0,7648,156,61256
18,61430,1526,0.0,7649,156,61274
6,61436,1527,1.0,7650,156,61280
4,61440,1527,0.0,7651,156,61284
3,61443,1527,0.0,7652,156,61287
2,61445,1527,0.0,7653,156,61289
8,61453,1527,0.0,7654,156,61297
15,61468,1527,0.0,7655,156,61312
6,61474,1528,1.0,7656,156,61318
3,61477,1528,0.0,7657,156,61321
6,61483,1528,0.0,7658,156,61327
19,61502,1528,0.0,7659,156,61346
6,61508,1529,1.0,7660,156,61352
7,61515,1529,0.0,7661,156,61359
2,61517,1529,0.0,7662,156,61361
15,61532,1529,0.0,7663,156,61376
6,61538,1530,1.0,7664,156,61382
3,61541,1530,0.0,7665,156,61385
4,61545,1530,0.0,7666,156,61389
6,61551,1531,1.0,7667,156,61395
6,61557,1531,0.0,7668,156,61401
2,61559,1531,0.0,7669,156,61403
6,61565,1532,1.0,7670,156,61409
6,61571,1533,1.0,7671,156,61415
22,61593,1533,0.0,7672,156,61437
6,61599,1534,1.0,7673,156,61443
6,61605,1535,1.0,7674,156,61449
8,61613,1535,0.0,7675,156,61457
12,61625,1535,0.0,7676,156,61469
4,61629,1535,0.0,7677,156,61473
11,61640,1535,0.0,7678,156,61484
6,61646,1536,1.0,7679,156,61490
15,61661,1536,0.0,7680,156,61505
8,61669,1537,1.0,7681,156,61513
3,61672,1537,0.0,7682,156,61516
6,61678,1538,1.0,7683,156,61522
8,61686,1538,0.0,7684,156,61530
6,61692,1538,0.0,7685,156,61536
3,61695,1538,0.0,7686,156,61539
2,61697,1538,0.0,7687,156,61541
6,61703,1539,1.0,7688,156,61547
15,61718,1539,0.0,7689,156,61562
3,61721,1539,0.0,7690,156,61565
2,61723,1539,0.0,7691,156,61567
4,61727,1539,0.0,7692,156,61571
2,61729,1539,0.0,7693,156,61573
6,61735,1540,1.0,7694,156,61579
7,61742,1540,0.0,7695,156,61586
11,61753,1540,0.0,7696,156,61597
6,61759,1541,1.0,7697,156,61603
6,61765,1542,1.0,7698,156,61609
11,61776,1542,0.0,7699,156,61620
2,61778,1542,0.0,7700,156,61622
12,61790,1542,0.0,7701,156,61634
3,61793,1542,0.0,7702,156,61637
9,61802,1542,0.0,7703,156,61646
6,61808,1543,1.0,7704,156,61652
6,61814,1544,1.0,7705,156,61658
5,61819,1544,0.0,7706,156,61663
4,61823,1544,0.0,7707,156,61667
6,61829,1545,1.0,7708,156,61673
13,61842,1545,0.0,7709,156,61686
5,61847,1545,0.0,7710,156,61691
6,61853,1546,1.0,7711,156,61697
6,61859,1547,1.0,7712,156,61703
2,61861,1547,0.0,7713,156,61705
4,61865,1547,0.0,7714,156,61709
6,61871,1548,1.0,7715,156,61715
4,61875,1548,0.0,7716,156,61719
9,61884,1548,0.0,7717,156,61728
6,61890,1549,1.0,7718,156,61734
2,61892,1549,0.0,7719,156,61736
7,61899,1549,0.0,7720,156,61743
37,61936,1549,0.0,7721,156,61780
6,61942,1550,1.0,7722,156,61786
7,61949,1550,0.0,7723,156,61793
8,61957,1551,1.0,7724,156,61801
6,61963,1552,1.0,7725,156,61807
6,61969,1552,0.0,7726,156,61813
13,61982,1552,0.0,7727,156,61826
2,61984,1552,0.0,7728,156,61828
6,61990,1553,1.0,7729,156,61834
6,61996,1554,1.0,7730,156,61840
6,62002,1555,1.0,7731,156,61846
2,62004,1555,0.0,7732,156,61848
29,62033,1556,1.0,7733,156,61877
3,62036,1556,0.0,7734,156,61880
2,62038,1556,0.0,7735,156,61882
4,62042,1556,0.0,7736,156,61886
14,62056,1556,0.0,7737,156,61900
3,62059,1556,0.0,7738,156,61903
15,62074,1556,0.0,7739,156,61918
6,62080,1556,0.0,7740,156,61924
6,62086,1557,1.0,7741,156,61930
10,62096,1557,0.0,7742,156,61940
2,62098,1557,0.0,7743,156,61942
6,62104,1557,0.0,7744,156,61948
9,62113,1557,0.0,7745,156,61957
6,62119,1558,1.0,7746,156,61963
6,62125,1559,1.0,7747,156,61969
9,62134,1559,0.0,7748,156,61978
15,62149,1559,0.0,7749,156,61993
3,62152,1559,0.0,7750,156,61996
13,62165,1559,0.0,7751,156,62009
2,62167,1559,0.0,7752,156,62011
16,62183,1559,0.0,7753,156,62027
2,62185,1559,0.0,7754,156,62029
12,62197,1559,0.0,7755,156,62041
3,62200,1559,0.0,7756,156,62044
6,62206,1560,1.0,7757,156,62050
26,62232,1560,0.0,7758,156,62076
6,62238,1561,1.0,7759,156,62082
6,62244,1561,0.0,7760,156,62088
2,62246,1561,0.0,7761,156,62090
6,62252,1562,1.0,7762,156,62096
6,62258,1563,1.0,7763,156,62102
5,62263,1563,0.0,7764,156,62107
5,62268,1563,0.0,7765,156,62112
3,62271,1563,0.0,7766,156,62115
6,62277,1564,1.0,7767,156,62121
3,62280,1564,0.0,7768,156,62124
6,62286,1565,1.0,7769,156,62130
13,62299,1565,0.0,7770,156,62143
6,62305,1566,1.0,7771,156,62149
2,62307,1566,0.0,7772,156,62151
8,62315,1566,0.0,7773,156,62159
2,62317,1566,0.0,7774,156,62161
3,62320,1566,0.0,7775,156,62164
2,62322,1566,0.0,7776,156,62166
9,62331,1566,0.0,7777,156,62175
3,62334,1566,0.0,7778,156,62178
5,62339,1566,0.0,7779,156,62183
10,62349,1566,0.0,7780,156,62193
3,62352,1566,0.0,7781,156,62196
12,62364,1566,0.0,7782,156,62208
10,62374,1566,0.0,7783,156,62218
2,62376,1566,0.0,7784,156,62220
4,62380,1566,0.0,7785,156,62224
6,62386,1567,1.0,7786,156,62230
2,62388,1567,0.0,7787,156,62232
18,62406,1567,0.0,7788,156,62250
6,62412,1568,1.0,7789,156,62256
6,62418,1568,0.0,7790,156,62262
9,62427,1568,0.0,7791,156,62271
13,62440,1568,0.0,7792,156,62284
2,62442,1568,0.0,7793,156,62286
11,62453,1568,0.0,7794,156,62297
18,62471,1568,0.0,7795,156,62315
6,62477,1568,0.0,7796,156,62321
6,62483,1568,0.0,7797,156,62327
6,62489,1569,1.0,7798,156,62333
14,62503,1569,0.0,7799,156,62347
8,62511,1569,0.0,7800,156,62355
12,62523,1569,0.0,7801,156,62367
7,62530,1569,0.0,7802,156,62374
8,62538,1570,1.0,7803,156,62382
3,62541,1570,0.0,7804,156,62385
3,62544,1570,0.0,7805,156,62388
8,62552,1570,0.0,7806,156,62396
6,62558,1571,1.0,7807,156,62402
7,62565,1571,0.0,7808,156,62409
5,62570,1571,0.0,7809,156,62414
6,62576,1572,1.0,7810,156,62420
6,62582,1573,1.0,7811,156,62426
7,62589,1573,0.0,7812,156,62433
6,62595,1574,1.0,7813,156,62439
4,62599,1574,0.0,7814,156,62443
6,62605,1575,1.0,7815,156,62449
6,62611,1576,1.0,7816,156,62455
10,62621,1576,0.0,7817,156,62465
2,62623,1576,0.0,7818,156,62467
10,62633,1576,0.0,7819,156,62477
12,62645,1576,0.0,7820,156,62489
7,62652,1576,0.0,7821,156,62496
12,62664,1576,0.0,7822,156,62508
5,62669,1576,0.0,7823,156,62513
4,62673,1576,0.0,7824,156,62517
4,62677,1576,0.0,7825,156,62521
4,62681,1576,0.0,7826,156,62525
7,62688,1576,0.0,7827,156,62532
4,62692,1576,0.0,7828,156,62536
6,62698,1577,1.0,7829,156,62542
13,62711,1577,0.0,7830,156,62555
10,62721,1577,0.0,7831,156,62565
6,62727,1578,1.0,7832,156,62571
7,62734,1578,0.0,7833,156,62578
6,62740,1579,1.0,7834,156,62584
10,62750,1579,0.0,7835,156,62594
6,62756,1580,1.0,7836,156,62600
6,62762,1580,0.0,7837,156,62606
4,62766,1580,0.0,7838,156,62610
6,62772,1581,1.0,7839,156,62616
5,62777,1581,0.0,7840,156,62621
7,62784,1581,0.0,7841,156,62628
3,62787,1581,0.0,7842,156,62631
5,62792,1581,0.0,7843,156,62636
13,62805,1581,0.0,7844,156,62649
20,62825,1581,0.0,7845,156,62669
3,62828,1581,0.0,7846,156,62672
6,62834,1582,1.0,7847,156,62678
6,62840,1583,1.0,7848,156,62684
13,62853,1583,0.0,7849,156,62697
18,62871,1583,0.0,7850,156,62715
13,62884,1583,0.0,7851,156,62728
6,62890,1584,1.0,7852,156,62734
6,62896,1585,1.0,7853,156,62740
6,62902,1586,1.0,7854,156,62746
8,62910,1586,0.0,7855,156,62754
5,62915,1586,0.0,7856,156,62759
7,62922,1586,0.0,7857,156,62766
6,62928,1587,1.0,7858,156,62772
3,62931,1587,0.0,7859,156,62775
29,62960,1588,1.0,7860,156,62804
4,62964,1588,0.0,7861,156,62808
17,62981,1588,0.0,7862,156,62825
6,62987,1589,1.0,7863,156,62831
7,62994,1589,0.0,7864,156,62838
6,63000,1590,1.0,7865,156,62844
19,63019,1590,0.0,7866,156,62863
2,63021,1590,0.0,7867,156,62865
5,63026,1590,0.0,7868,156,62870
8,63034,1590,0.0,7869,156,62878
3,63037,1590,0.0,7870,156,62881
2,63039,1590,0.0,7871,156,62883
2,63041,1590,0.0,7872,156,62885
6,63047,1591,1.0,7873,156,62891
6,63053,1592,1.0,7874,156,62897
3,63056,1592,0.0,7875,156,62900
6,63062,1593,1.0,7876,156,62906
5,63067,1593,0.0,7877,156,62911
4,63071,1593,0.0,7878,156,62915
5,63076,1593,0.0,7879,156,62920
6,63082,1594,1.0,7880,156,62926
2,63084,1594,0.0,7881,156,62928
2,63086,1594,0.0,7882,156,62930
15,63101,1594,0.0,7883,156,62945
6,63107,1595,1.0,7884,156,62951
17,63124,1595,0.0,7885,156,62968
2,63126,1595,0.0,7886,156,62970
2,63128,1595,0.0,7887,156,62972
8,63136,1595,0.0,7888,156,62980
4,63140,1595,0.0,7889,156,62984
6,63146,1596,1.0,7890,156,62990
9,63155,1596,0.0,7891,156,62999
6,63161,1597,1.0,7892,156,63005
18,63179,1597,0.0,7893,156,63023
6,63185,1597,0.0,7894,156,63029
6,63191,1598,1.0,7895,156,63035
9,63200,1598,0.0,7896,156,63044
19,63219,1598,0.0,7897,156,63063
20,63239,1598,0.0,7898,156,63083
3,63242,1598,0.0,7899,156,63086
3,63245,1598,0.0,7900,156,63089
9,63254,1598,0.0,7901,156,63098
14,63268,1598,0.0,7902,156,63112
5,63273,1598,0.0,7903,156,63117
11,63284,1598,0.0,7904,156,63128
2,63286,1598,0.0,7905,156,63130
7,63293,1598,0.0,7906,156,63137
14,63307,1598,0.0,7907,156,63151
3,63310,1598,0.0,7908,156,63154
8,63318,1599,1.0,7909,156,63162
9,63327,1599,0.0,7910,156,63171
4,63331,1599,0.0,7911,156,63175
4,63335,1599,0.0,7912,156,63179
4,63339,1599,0.0,7913,156,63183
18,63357,1599,0.0,7914,156,63201
2,63359,1599,0.0,7915,156,63203
20,63379,1599,0.0,7916,156,63223
6,63385,1600,1.0,7917,156,63229
3,63388,1600,0.0,7918,156,63232
6,63394,1601,1.0,7919,156,63238
20,63414,1601,0.0,7920,156,63258
6,63420,1602,1.0,7921,156,63264
14,63434,1602,0.0,7922,156,63278
5,63439,1602,0.0,7923,156,63283
12,63451,1602,0.0,7924,156,63295
8,63459,1602,0.0,7925,156,63303
17,63476,1602,0.0,7926,156,63320
4,63480,1602,0.0,7927,156,63324
5,63485,1602,0.0,7928,156,63329
2,63487,1602,0.0,7929,156,63331
5,63492,1602,0.0,7930,156,63336
6,63498,1603,1.0,7931,156,63342
6,63504,1604,1.0,7932,156,63348
5,63509,1604,0.0,7933,156,63353
2,63511,1604,0.0,7934,156,63355
15,63526,1604,0.0,7935,156,63370
22,63548,1604,0.0,7936,156,63392
6,63554,1605,1.0,7937,156,63398
2,63556,1605,0.0,7938,156,63400
22,63578,1605,0.0,7939,156,63422
6,63584,1606,1.0,7940,156,63428
2,63586,1606,0.0,7941,156,63430
16,63602,1606,0.0,7942,156,63446
6,63608,1607,1.0,7943,156,63452
11,63619,1607,0.0,7944,156,63463
3,63622,1607,0.0,7945,156,63466
26,63648,1607,0.0,7946,156,63492
6,63654,1608,1.0,7947,156,63498
9,63663,1608,0.0,7948,156,63507
11,63674,1608,0.0,7949,156,63518
15,63689,1608,0.0,7950,156,63533
6,63695,1609,1.0,7951,156,63539
4,63699,1609,0.0,7952,156,63543
5,63704,1609,0.0,7953,156,63548
10,63714,1609,0.0,7954,156,63558
2,63716,1609,0.0,7955,156,63560
6,63722,1609,0.0,7956,156,63566
8,63730,1610,1.0,7957,156,63574
7,63737,1610,0.0,7958,156,63581
5,63742,1610,0.0,7959,156,63586
4,63746,1610,0.0,7960,156,63590
6,63752,1611,1.0,7961,156,63596
18,63770,1611,0.0,7962,156,63614
18,63788,1611,0.0,7963,156,63632
8,63796,1611,0.0,7964,156,63640
2,63798,1611,0.0,7965,156,63642
2,63800,1611,0.0,7966,156,63644
18,63818,1611,0.0,7967,156,63662
6,63824,1612,1.0,7968,156,63668
19,63843,1612,0.0,7969,156,63687
12,63855,1612,0.0,7970,156,63699
2,63857,1612,0.0,7971,156,63701
3,63860,1612,0.0,7972,156,63704
4,63864,1612,0.0,7973,156,63708
7,63871,1612,0.0,7974,156,63715
4,63875,1612,0.0,7975,156,63719
12,63887,1612,0.0,7976,156,63731
17,63904,1612,0.0,7977,156,63748
14,63918,1612,0.0,7978,156,63762
6,63924,1613,1.0,7979,156,63768
8,63932,1613,0.0,7980,156,63776
32,63964,1613,0.0,7981,156,63808
3,63967,1613,0.0,7982,156,63811
10,63977,1613,0.0,7983,156,63821
3,63980,1613,0.0,7984,156,63824
6,63986,1614,1.0,7985,156,63830
3,63989,1614,0.0,7986,156,63833
15,64004,1614,0.0,7987,156,63848
13,64017,1614,0.0,7988,156,63861
6,64023,1615,1.0,7989,156,63867
4,64027,1615,0.0,7990,156,63871
19,64046,1615,0.0,7991,156,63890
8,64054,1616,1.0,7992,156,63898
3,64057,1616,0.0,7993,156,63901
4,64061,1616,0.0,7994,156,63905
5,64066,1616,0.0,7995,156,63910
2,64068,1616,0.0,7996,156,63912
5,64073,1616,0.0,7997,156,63917
6,64079,1617,1.0,7998,156,63923
6,64085,1618,1.0,7999,156,63929
10,64095,1618,0.0,8000,156,63939
26,64121,1618,0.0,8001,156,63965
8,64129,1619,1.0,8002,156,63973
6,64135,1620,1.0,8003,156,63979
6,64141,1620,0.0,8004,156,63985
2,64143,1620,0.0,8005,156,63987
4,64147,1620,0.0,8006,156,63991
3,64150,1620,0.0,8007,156,63994
13,64163,1620,0.0,8008,156,64007
2,64165,1620,0.0,8009,156,64009
7,64172,1620,0.0,8010,156,64016
3,64175,1620,0.0,8011,156,64019
8,64183,1620,0.0,8012,156,64027
4,64187,1620,0.0,8013,156,64031
3,64190,1620,0.0,8014,156,64034
2,64192,1620,0.0,8015,156,64036
6,64198,1621,1.0,8016,156,64042
3,64201,1621,0.0,8017,156,64045
2,64203,1621,0.0,8018,156,64047
6,64209,1622,1.0,8019,156,64053
3,64212,1622,0.0,8020,156,64056
3,64215,1622,0.0,8021,156,64059
18,64233,1622,0.0,8022,156,64077
18,64251,1622,0.0,8023,156,64095
6,64257,1622,0.0,8024,156,64101
2,64259,1622,0.0,8025,156,64103
5,64264,1622,0.0,8026,156,64108
13,64277,1622,0.0,8027,156,64121
2,64279,1622,0.0,8028,156,64123
18,64297,1622,0.0,8029,156,64141
4,64301,1622,0.0,8030,156,64145
3,64304,1622,0.0,8031,156,64148
2,64306,1622,0.0,8032,156,64150
3,64309,1622,0.0,8033,156,64153
8,64317,1622,0.0,8034,156,64161
11,64328,1622,0.0,8035,156,64172
2,64330,1622,0.0,8036,156,64174
6,64336,1623,1.0,8037,156,64180
20,64356,1623,0.0,8038,156,64200
6,64362,1624,1.0,8039,156,64206
2,64364,1624,0.0,8040,156,64208
3,64367,1624,0.0,8041,156,64211
8,64375,1625,1.0,8042,156,64219
2,64377,1625,0.0,8043,156,64221
6,64383,1625,0.0,8044,156,64227
6,64389,1626,1.0,8045,156,64233
6,64395,1627,1.0,8046,156,64239
6,64401,1628,1.0,8047,156,64245
8,64409,1628,0.0,8048,156,64253
2,64411,1628,0.0,8049,156,64255
13,64424,1628,0.0,8050,156,64268
2,64426,1628,0.0,8051,156,64270
11,64437,1628,0.0,8052,156,64281
6,64443,1629,1.0,8053,156,64287
16,64459,1629,0.0,8054,156,64303
4,64463,1629,0.0,8055,156,64307
13,64476,1629,0.0,8056,156,64320
6,64482,1630,1.0,8057,156,64326
7,64489,1630,0.0,8058,156,64333
20,64509,1630,0.0,8059,156,64353
6,64515,1631,1.0,8060,156,64359
6,64521,1632,1.0,8061,156,64365
18,64539,1632,0.0,8062,156,64383
6,64545,1633,1.0,8063,156,64389
8,64553,1633,0.0,8064,156,64397
2,64555,1633,0.0,8065,156,64399
8,64563,1633,0.0,8066,156,64407
4,64567,1633,0.0,8067,156,64411
4,64571,1633,0.0,8068,156,64415
22,64593,1633,0.0,8069,156,64437
4,64597,1633,0.0,8070,156,64441
4,64601,1633,0.0,8071,156,64445
3,64604,1633,0.0,8072,156,64448
17,64621,1633,0.0,8073,156,64465
6,64627,1634,1.0,8074,156,64471
2,64629,1634,0.0,8075,156,64473
4,64633,1634,0.0,8076,156,64477
19,64652,1634,0.0,8077,156,64496
13,64665,1634,0.0,8078,156,64509
25,64690,1634,0.0,8079,156,64534
22,64712,1634,0.0,8080,156,64556
15,64727,1634,0.0,8081,156,64571
15,64742,1634,0.0,8082,156,64586
8,64750,1634,0.0,8083,156,64594
6,64756,1635,1.0,8084,156,64600
18,64774,1635,0.0,8085,156,64618
5,64779,1635,0.0,8086,156,64623
18,64797,1635,0.0,8087,156,64641
6,64803,1636,1.0,8088,156,64647
14,64817,1636,0.0,8089,156,64661
6,64823,1637,1.0,8090,156,64667
4,64827,1637,0.0,8091,156,64671
6,64833,1637,0.0,8092,156,64677
2,64835,1637,0.0,8093,156,64679
4,64839,1637,0.0,8094,156,64683
10,64849,1637,0.0,8095,156,64693
8,64857,1638,1.0,8096,156,64701
13,64870,1638,0.0,8097,156,64714
7,64877,1638,0.0,8098,156,64721
21,64898,1638,0.0,8099,156,64742
4,64902,1638,0.0,8100,156,64746
2,64904,1638,0.0,8101,156,64748
2,64906,1638,0.0,8102,156,64750
6,64912,1638,0.0,8103,156,64756
2,64914,1638,0.0,8104,156,64758
6,64920,1638,0.0,8105,156,64764
6,64926,1639,1.0,8106,156,64770
6,64932,1640,1.0,8107,156,64776
3,64935,1640,0.0,8108,156,64779
3,64938,1640,0.0,8109,156,64782
3,64941,1640,0.0,8110,156,64785
2,64943,1640,0.0,8111,156,64787
12,64955,1640,0.0,8112,156,64799
7,64962,1640,0.0,8113,156,64806
26,64988,1640,0.0,8114,156,64832
3,64991,1640,0.0,8115,156,64835
8,64999,1640,0.0,8116,156,64843
16,65015,1640,0.0,8117,156,64859
8,65023,1641,1.0,8118,156,64867
6,65029,1642,1.0,8119,156,64873
2,65031,1642,0.0,8120,156,64875
13,65044,1642,0.0,8121,156,64888
6,65050,1643,1.0,8122,156,64894
5,65055,1643,0.0,8123,156,64899
14,65069,1643,0.0,8124,156,64913
8,65077,1644,1.0,8125,156,64921
12,65089,1644,0.0,8126,156,64933
2,65091,1644,0.0,8127,156,64935
2,65093,1644,0.0,8128,156,64937
7,65100,1644,0.0,8129,156,64944
4,65104,1644,0.0,8130,156,64948
7,65111,1644,0.0,8131,156,64955
6,65117,1644,0.0,8132,156,64961
15,65132,1644,0.0,8133,156,64976
23,65155,1644,0.0,8134,156,64999
5,65160,1644,0.0,8135,156,65004
4,65164,1644,0.0,8136,156,65008
3,65167,1644,0.0,8137,156,65011
2,65169,1644,0.0,8138,156,65013
2,65171,1644,0.0,8139,156,65015
14,65185,1644,0.0,8140,156,65029
13,65198,1644,0.0,8141,156,65042
6,65204,1645,1.0,8142,156,65048
8,65212,1645,0.0,8143,156,65056
6,65218,1646,1.0,8144,156,65062
6,65224,1647,1.0,8145,156,65068
2,65226,1647,0.0,8146,156,65070
6,65232,1647,0.0,8147,156,65076
8,65240,1647,0.0,8148,156,65084
2,65242,1647,0.0,8149,156,65086
20,65262,1647,0.0,8150,156,65106
17,65279,1647,0.0,8151,156,65123
26,65305,1647,0.0,8152,156,65149
9,65314,1647,0.0,8153,156,65158
6,65320,1647,0.0,8154,156,65164
6,65326,1648,1.0,8155,156,65170
16,65342,1648,0.0,8156,156,65186
7,65349,1648,0.0,8157,156,65193
4,65353,1648,0.0,8158,156,65197
2,65355,1648,0.0,8159,156,65199
4,65359,1648,0.0,8160,156,65203
29,65388,1649,1.0,8161,156,65232
3,65391,1649,0.0,8162,156,65235
14,65405,1649,0.0,8163,156,65249
16,65421,1649,0.0,8164,156,65265
6,65427,1649,0.0,8165,156,65271
4,65431,1649,0.0,8166,156,65275
2,65433,1649,0.0,8167,156,65277
4,65437,1649,0.0,8168,156,65281
6,65443,1650,1.0,8169,156,65287
6,65449,1651,1.0,8170,156,65293
6,65455,1651,0.0,8171,156,65299
13,65468,1651,0.0,8172,156,65312
13,65481,1651,0.0,8173,156,65325
13,65494,1651,0.0,8174,156,65338
12,65506,1651,0.0,8175,156,65350
6,65512,1652,1.0,8176,156,65356
4,65516,1652,0.0,8177,156,65360
8,65524,1653,1.0,8178,156,65368
6,65530,1654,1.0,8179,156,65374
3,65533,1654,0.0,8180,156,65377
7,65540,1654,0.0,8181,156,65384
6,65546,1655,1.0,8182,156,65390
14,65560,1655,0.0,8183,156,65404
6,65566,1656,1.0,8184,156,65410
6,65572,1657,1.0,8185,156,65416
7,65579,1657,0.0,8186,156,65423
2,65581,1657,0.0,8187,156,65425
7,65588,1657,0.0,8188,156,65432
15,65603,1657,0.0,8189,156,65447
3,65606,1657,0.0,8190,156,65450
6,65612,1658,1.0,8191,156,65456
3,65615,1658,0.0,8192,156,65459
8,65623,1658,0.0,8193,156,65467
2,65625,1658,0.0,8194,156,65469
3,65628,1658,0.0,8195,156,65472
6,65634,1659,1.0,8196,156,65478
6,65640,1659,0.0,8197,156,65484
2,65642,1659,0.0,8198,156,65486
6,65648,1660,1.0,8199,156,65492
2,65650,1660,0.0,8200,156,65494
6,65656,1660,0.0,8201,156,65500
2,65658,1660,0.0,8202,156,65502
15,65673,1660,0.0,8203,156,65517
4,65677,1660,0.0,8204,156,65521
4,65681,1660,0.0,8205,156,65525
18,65699,1660,0.0,8206,156,65543
6,65705,1661,1.0,8207,156,65549
5,65710,1661,0.0,8208,156,65554
6,65716,1661,0.0,8209,156,65560
14,65730,1661,0.0,8210,156,65574
13,65743,1661,0.0,8211,156,65587
3,65746,1661,0.0,8212,156,65590
4,65750,1661,0.0,8213,156,65594
2,65752,1661,0.0,8214,156,65596
8,65760,1661,0.0,8215,156,65604
18,65778,1661,0.0,8216,156,65622
9,65787,1661,0.0,8217,156,65631
6,65793,1662,1.0,8218,156,65637
2,65795,1662,0.0,8219,156,65639
2,65797,1662,0.0,8220,156,65641
7,65804,1662,0.0,8221,156,65648
7,65811,1662,0.0,8222,156,65655
6,65817,1663,1.0,8223,156,65661
17,65834,1663,0.0,8224,156,65678
16,65850,1663,0.0,8225,156,65694
3,65853,1663,0.0,8226,156,65697
8,65861,1664,1.0,8227,156,65705
9,65870,1664,0.0,8228,156,65714
2,65872,1664,0.0,8229,156,65716
6,65878,1665,1.0,8230,156,65722
5,65883,1665,0.0,8231,156,65727
7,65890,1665,0.0,8232,156,65734
27,65917,1665,0.0,8233,156,65761
19,65936,1665,0.0,8234,156,65780
6,65942,1666,1.0,8235,156,65786
4,65946,1666,0.0,8236,156,65790
20,65966,1666,0.0,8237,156,65810
4,65970,1666,0.0,8238,156,65814
16,65986,1666,0.0,8239,156,65830
6,65992,1666,0.0,8240,156,65836
12,66004,1666,0.0,8241,156,65848
6,66010,1667,1.0,8242,156,65854
18,66028,1667,0.0,8243,156,65872
5,66033,1667,0.0,8244,156,65877
8,66041,1667,0.0,8245,156,65885
2,66043,1667,0.0,8246,156,65887
7,66050,1667,0.0,8247,156,65894
11,66061,1667,0.0,8248,156,65905
12,66073,1667,0.0,8249,156,65917
8,66081,1668,1.0,8250,156,65925
7,66088,1668,0.0,8251,156,65932
10,66098,1668,0.0,8252,156,65942
5,66103,1668,0.0,8253,156,65947
17,66120,1668,0.0,8254,156,65964
6,66126,1669,1.0,8255,156,65970
10,66136,1669,0.0,8256,156,65980
8,66144,1669,0.0,8257,156,65988
9,66153,1669,0.0,8258,156,65997
2,66155,1669,0.0,8259,156,65999
6,66161,1670,1.0,8260,156,66005
3,66164,1670,0.0,8261,156,66008
6,66170,1671,1.0,8262,156,66014
6,66176,1672,1.0,8263,156,66020
9,66185,1672,0.0,8264,156,66029
2,66187,1672,0.0,8265,156,66031
13,66200,1672,0.0,8266,156,66044
6,66206,1673,1.0,8267,156,66050
4,66210,1673,0.0,8268,156,66054
6,66216,1673,0.0,8269,156,66060
6,66222,1674,1.0,8270,156,66066
8,66230,1674,0.0,8271,156,66074
18,66248,1674,0.0,8272,156,66092
4,66252,1674,0.0,8273,156,66096
3,66255,1674,0.0,8274,156,66099
2,66257,1674,0.0,8275,156,66101
2,66259,1674,0.0,8276,156,66103
6,66265,1675,1.0,8277,156,66109
7,66272,1675,0.0,8278,156,66116
14,66286,1675,0.0,8279,156,66130
6,66292,1676,1.0,8280,156,66136
2,66294,1676,0.0,8281,156,66138
3,66297,1676,0.0,8282,156,66141
6,66303,1677,1.0,8283,156,66147
3,66306,1677,0.0,8284,156,66150
9,66315,1677,0.0,8285,156,66159
2,66317,1677,0.0,8286,156,66161
18,66335,1677,0.0,8287,156,66179
4,66339,1677,0.0,8288,156,66183
2,66341,1677,0.0,8289,156,66185
16,66357,1677,0.0,8290,156,66201
6,66363,1678,1.0,8291,156,66207
6,66369,1679,1.0,8292,156,66213
8,66377,1679,0.0,8293,156,66221
8,66385,1679,0.0,8294,156,66229
2,66387,1679,0.0,8295,156,66231
17,66404,1679,0.0,8296,156,66248
3,66407,1679,0.0,8297,156,66251
6,66413,1680,1.0,8298,156,66257
6,66419,1680,0.0,8299,156,66263
8,66427,1680,0.0,8300,156,66271
13,66440,1680,0.0,8301,156,66284
13,66453,1680,0.0,8302,156,66297
6,66459,1681,1.0,8303,156,66303
6,66465,1682,1.0,8304,156,66309
3,66468,1682,0.0,8305,156,66312
7,66475,1682,0.0,8306,156,66319
21,66496,1682,0.0,8307,156,66340
13,66509,1682,0.0,8308,156,66353
3,66512,1682,0.0,8309,156,66356
6,66518,1683,1.0,8310,156,66362
2,66520,1683,0.0,8311,156,66364
2,66522,1683,0.0,8312,156,66366
26,66548,1683,0.0,8313,156,66392
18,66566,1683,0.0,8314,156,66410
35,66601,1683,0.0,8315,156,66445
16,66617,1683,0.0,8316,156,66461
10,66627,1683,0.0,8317,156,66471
4,66631,1683,0.0,8318,156,66475
3,66634,1683,0.0,8319,156,66478
4,66638,1683,0.0,8320,156,66482
6,66644,1683,0.0,8321,156,66488
6,66650,1684,1.0,8322,156,66494
18,66668,1684,0.0,8323,156,66512
2,66670,1684,0.0,8324,156,66514
4,66674,1684,0.0,8325,156,66518
6,66680,1685,1.0,8326,156,66524
3,66683,1685,0.0,8327,156,66527
6,66689,1686,1.0,8328,156,66533
19,66708,1686,0.0,8329,156,66552
2,66710,1686,0.0,8330,156,66554
4,66714,1686,0.0,8331,156,66558
6,66720,1687,1.0,8332,156,66564
2,66722,1687,0.0,8333,156,66566
2,66724,1687,0.0,8334,156,66568
7,66731,1687,0.0,8335,156,66575
3,66734,1687,0.0,8336,156,66578
5,66739,1687,0.0,8337,156,66583
12,66751,1687,0.0,8338,156,66595
3,66754,1687,0.0,8339,156,66598
6,66760,1688,1.0,8340,156,66604
2,66762,1688,0.0,8341,156,66606
3,66765,1688,0.0,8342,156,66609
6,66771,1689,1.0,8343,156,66615
8,66779,1689,0.0,8344,156,66623
2,66781,1689,0.0,8345,156,66625
8,66789,1689,0.0,8346,156,66633
15,66804,1689,0.0,8347,156,66648
3,66807,1689,0.0,8348,156,66651
18,66825,1689,0.0,8349,156,66669
15,66840,1689,0.0,8350,156,66684
5,66845,1689,0.0,8351,156,66689
12,66857,1689,0.0,8352,156,66701
26,66883,1689,0.0,8353,156,66727
3,66886,1689,0.0,8354,156,66730
7,66893,1689,0.0,8355,156,66737
9,66902,1689,0.0,8356,156,66746
3,66905,1689,0.0,8357,156,66749
6,66911,1690,1.0,8358,156,66755
2,66913,1690,0.0,8359,156,66757
16,66929,1690,0.0,8360,156,66773
13,66942,1690,0.0,8361,156,66786
10,66952,1690,0.0,8362,156,66796
17,66969,1690,0.0,8363,156,66813
6,66975,1691,1.0,8364,156,66819
6,66981,1692,1.0,8365,156,66825
2,66983,1692,0.0,8366,156,66827
17,67000,1692,0.0,8367,156,66844
6,67006,1692,0.0,8368,156,66850
27,67033,1692,0.0,8369,156,66877
12,67045,1692,0.0,8370,156,66889
6,67051,1693,1.0,8371,156,66895
3,67054,1693,0.0,8372,156,66898
11,67065,1693,0.0,8373,156,66909
15,67080,1693,0.0,8374,156,66924
6,67086,1693,0.0,8375,156,66930
2,67088,1693,0.0,8376,156,66932
5,67093,1693,0.0,8377,156,66937
2,67095,1693,0.0,8378,156,66939
6,67101,1694,1.0,8379,156,66945
2,67103,1694,0.0,8380,156,66947
8,67111,1695,1.0,8381,156,66955
14,67125,1695,0.0,8382,156,66969
6,67131,1696,1.0,8383,156,66975
15,67146,1696,0.0,8384,156,66990
5,67151,1696,0.0,8385,156,66995
6,67157,1697,1.0,8386,156,67001
2,67159,1697,0.0,8387,156,67003
4,67163,1697,0.0,8388,156,67007
2,67165,1697,0.0,8389,156,67009
10,67175,1697,0.0,8390,156,67019
6,67181,1698,1.0,8391,156,67025
15,67196,1698,0.0,8392,156,67040
4,67200,1698,0.0,8393,156,67044
8,67208,1699,1.0,8394,156,67052
11,67219,1699,0.0,8395,156,67063
11,67230,1699,0.0,8396,156,67074
6,67236,1700,1.0,8397,156,67080
18,67254,1700,0.0,8398,156,67098
8,67262,1700,0.0,8399,156,67106
13,67275,1700,0.0,8400,156,67119
4,67279,1700,0.0,8401,156,67123
18,67297,1700,0.0,8402,156,67141
7,67304,1700,0.0,8403,156,67148
8,67312,1700,0.0,8404,156,67156
3,67315,1700,0.0,8405,156,67159
2,67317,1700,0.0,8406,156,67161
3,67320,1700,0.0,8407,156,67164
6,67326,1701,1.0,8408,156,67170
6,67332,1702,1.0,8409,156,67176
6,67338,1703,1.0,8410,156,67182
18,67356,1703,0.0,8411,156,67200
12,67368,1703,0.0,8412,156,67212
2,67370,1703,0.0,8413,156,67214
12,67382,1703,0.0,8414,156,67226
2,67384,1703,0.0,8415,156,67228
6,67390,1703,0.0,8416,156,67234
2,67392,1703,0.0,8417,156,67236
3,67395,1703,0.0,8418,156,67239
2,67397,1703,0.0,8419,156,67241
4,67401,1703,0.0,8420,156,67245
8,67409,1703,0.0,8421,156,67253
6,67415,1704,1.0,8422,156,67259
6,67421,1705,1.0,8423,156,67265
6,67427,1706,1.0,8424,156,67271
11,67438,1706,0.0,8425,156,67282
10,67448,1706,0.0,8426,156,67292
3,67451,1706,0.0,8427,156,67295
7,67458,1706,0.0,8428,156,67302
2,67460,1706,0.0,8429,156,67304
3,67463,1706,0.0,8430,156,67307
6,67469,1707,1.0,8431,156,67313
15,67484,1707,0.0,8432,156,67328
6,67490,1708,1.0,8433,156,67334
5,67495,1708,0.0,8434,156,67339
7,67502,1708,0.0,8435,156,67346
7,67509,1708,0.0,8436,156,67353
7,67516,1708,0.0,8437,156,67360
6,67522,1709,1.0,8438,156,67366
5,67527,1709,0.0,8439,156,67371
4,67531,1709,0.0,8440,156,67375
2,67533,1709,0.0,8441,156,67377
6,67539,1710,1.0,8442,156,67383
6,67545,1711,1.0,8443,156,67389
2,67547,1711,0.0,8444,156,67391
2,67549,1711,0.0,8445,156,67393
5,67554,1711,0.0,8446,156,67398
15,67569,1711,0.0,8447,156,67413
6,67575,1711,0.0,8448,156,67419
6,67581,1712,1.0,8449,156,67425
6,67587,1713,1.0,8450,156,67431
2,67589,1713,0.0,8451,156,67433
2,67591,1713,0.0,8452,156,67435
10,67601,1713,0.0,8453,156,67445
12,67613,1713,0.0,8454,156,67457
6,67619,1714,1.0,8455,156,67463
5,67624,1714,0.0,8456,156,67468
2,67626,1714,0.0,8457,156,67470
3,67629,1714,0.0,8458,156,67473
6,67635,1715,1.0,8459,156,67479
6,67641,1716,1.0,8460,156,67485
2,67643,1716,0.0,8461,156,67487
8,67651,1716,0.0,8462,156,67495
8,67659,1716,0.0,8463,156,67503
6,67665,1716,0.0,8464,156,67509
8,67673,1716,0.0,8465,156,67517
8,67681,1716,0.0,8466,156,67525
16,67697,1716,0.0,8467,156,67541
6,67703,1716,0.0,8468,156,67547
5,67708,1716,0.0,8469,156,67552
11,67719,1716,0.0,8470,156,67563
3,67722,1716,0.0,8471,156,67566
2,67724,1716,0.0,8472,156,67568
25,67749,1716,0.0,8473,156,67593
6,67755,1717,1.0,8474,156,67599
4,67759,1717,0.0,8475,156,67603
3,67762,1717,0.0,8476,156,67606
6,67768,1718,1.0,8477,156,67612
6,67774,1719,1.0,8478,156,67618
12,67786,1719,0.0,8479,156,67630
15,67801,1719,0.0,8480,156,67645
3,67804,1719,0.0,8481,156,67648
6,67810,1720,1.0,8482,156,67654
3,67813,1720,0.0,8483,156,67657
6,67819,1721,1.0,8484,156,67663
7,67826,1721,0.0,8485,156,67670
3,67829,1721,0.0,8486,156,67673
3,67832,1721,0.0,8487,156,67676
3,67835,1721,0.0,8488,156,67679
3,67838,1721,0.0,8489,156,67682
4,67842,1721,0.0,8490,156,67686
11,67853,1721,0.0,8491,156,67697
3,67856,1721,0.0,8492,156,67700
5,67861,1721,0.0,8493,156,67705
2,67863,1721,0.0,8494,156,67707
2,67865,1721,0.0,8495,156,67709
15,67880,1721,0.0,8496,156,67724
14,67894,1721,0.0,8497,156,67738
7,67901,1721,0.0,8498,156,67745
2,67903,1721,0.0,8499,156,67747
7,67910,1721,0.0,8500,156,67754
17,67927,1721,0.0,8501,156,67771
6,67933,1722,1.0,8502,156,67777
6,67939,1723,1.0,8503,156,67783
7,67946,1723,0.0,8504,156,67790
5,67951,1723,0.0,8505,156,67795
6,67957,1723,0.0,8506,156,67801
14,67971,1723,0.0,8507,156,67815
18,67989,1723,0.0,8508,156,67833
11,68000,1723,0.0,8509,156,67844
3,68003,1723,0.0,8510,156,67847
13,68016,1723,0.0,8511,156,67860
12,68028,1723,0.0,8512,156,67872
6,68034,1724,1.0,8513,156,67878
11,68045,1724,0.0,8514,156,67889
2,68047,1724,0.0,8515,156,67891
13,68060,1724,0.0,8516,156,67904
13,68073,1724,0.0,8517,156,67917
8,68081,1724,0.0,8518,156,67925
6,68087,1725,1.0,8519,156,67931
2,68089,1725,0.0,8520,156,67933
5,68094,1725,0.0,8521,156,67938
13,68107,1725,0.0,8522,156,67951
6,68113,1725,0.0,8523,156,67957
9,68122,1725,0.0,8524,156,67966
2,68124,1725,0.0,8525,156,67968
4,68128,1725,0.0,8526,156,67972
3,68131,1725,0.0,8527,156,67975
6,68137,1726,1.0,8528,156,67981
6,68143,1727,1.0,8529,156,67987
6,68149,1728,1.0,8530,156,67993
3,68152,1728,0.0,8531,156,67996
5,68157,1728,0.0,8532,156,68001
23,68180,1728,0.0,8533,156,68024
2,68182,1728,0.0,8534,156,68026
7,68189,1728,0.0,8535,156,68033
19,68208,1728,0.0,8536,156,68052
6,68214,1729,1.0,8537,156,68058
18,68232,1729,0.0,8538,156,68076
3,68235,1729,0.0,8539,156,68079
3,68238,1729,0.0,8540,156,68082
7,68245,1729,0.0,8541,156,68089
16,68261,1729,0.0,8542,156,68105
2,68263,1729,0.0,8543,156,68107
3,68266,1729,0.0,8544,156,68110
2,68268,1729,0.0,8545,156,68112
6,68274,1730,1.0,8546,156,68118
16,68290,1730,0.0,8547,156,68134
4,68294,1730,0.0,8548,156,68138
10,68304,1730,0.0,8549,156,68148
19,68323,1730,0.0,8550,156,68167
3,68326,1730,0.0,8551,156,68170
6,68332,1731,1.0,8552,156,68176
4,68336,1731,0.0,8553,156,68180
2,68338,1731,0.0,8554,156,68182
2,68340,1731,0.0,8555,156,68184
20,68360,1731,0.0,8556,156,68204
2,68362,1731,0.0,8557,156,68206
6,68368,1732,1.0,8558,156,68212
4,68372,1732,0.0,8559,156,68216
20,68392,1732,0.0,8560,156,68236
2,68394,1732,0.0,8561,156,68238
6,68400,1733,1.0,8562,156,68244
6,68406,1733,0.0,8563,156,68250
6,68412,1734,1.0,8564,156,68256
18,68430,1734,0.0,8565,156,68274
2,68432,1734,0.0,8566,156,68276
2,68434,1734,0.0,8567,156,68278
22,68456,1734,0.0,8568,156,68300
7,68463,1734,0.0,8569,156,68307
6,68469,1735,1.0,8570,156,68313
6,68475,1736,1.0,8571,156,68319
6,68481,1737,1.0,8572,156,68325
8,68489,1737,0.0,8573,156,68333
3,68492,1737,0.0,8574,156,68336
2,68494,1737,0.0,8575,156,68338
15,68509,1737,0.0,8576,156,68353
3,68512,1737,0.0,8577,156,68356
8,68520,1737,0.0,8578,156,68364
21,68541,1737,0.0,8579,156,68385
2,68543,1737,0.0,8580,156,68387
6,68549,1737,0.0,8581,156,68393
9,68558,1737,0.0,8582,156,68402
26,68584,1737,0.0,8583,156,68428
8,68592,1737,0.0,8584,156,68436
2,68594,1737,0.0,8585,156,68438
26,68620,1737,0.0,8586,156,68464
8,68628,1738,1.0,8587,156,68472
6,68634,1738,0.0,8588,156,68478
6,68640,1739,1.0,8589,156,68484
2,68642,1739,0.0,8590,156,68486
8,68650,1739,0.0,8591,156,68494
16,68666,1739,0.0,8592,156,68510
5,68671,1739,0.0,8593,156,68515
6,68677,1740,1.0,8594,156,68521
5,68682,1740,0.0,8595,156,68526
3,68685,1740,0.0,8596,156,68529
6,68691,1740,0.0,8597,156,68535
6,68697,1741,1.0,8598,156,68541
6,68703,1742,1.0,8599,156,68547
6,68709,1743,1.0,8600,156,68553
6,68715,1744,1.0,8601,156,68559
8,68723,1744,0.0,8602,156,68567
12,68735,1744,0.0,8603,156,68579
2,68737,1744,0.0,8604,156,68581
10,68747,1744,0.0,8605,156,68591
8,68755,1744,0.0,8606,156,68599
6,68761,1745,1.0,8607,156,68605
3,68764,1745,0.0,8608,156,68608
11,68775,1745,0.0,8609,156,68619
2,68777,1745,0.0,8610,156,68621
6,68783,1745,0.0,8611,156,68627
6,68789,1746,1.0,8612,156,68633
8,68797,1746,0.0,8613,156,68641
17,68814,1746,0.0,8614,156,68658
6,68820,1747,1.0,8615,156,68664
18,68838,1747,0.0,8616,156,68682
2,68840,1747,0.0,8617,156,68684
9,68849,1747,0.0,8618,156,68693
2,68851,1747,0.0,8619,156,68695
18,68869,1747,0.0,8620,156,68713
7,68876,1747,0.0,8621,156,68720
6,68882,1748,1.0,8622,156,68726
19,68901,1748,0.0,8623,156,68745
8,68909,1748,0.0,8624,156,68753
15,68924,1748,0.0,8625,156,68768
18,68942,1748,0.0,8626,156,68786
6,68948,1749,1.0,8627,156,68792
8,68956,1749,0.0,8628,156,68800
10,68966,1749,0.0,8629,156,68810
6,68972,1750,1.0,8630,156,68816
7,68979,1750,0.0,8631,156,68823
3,68982,1750,0.0,8632,156,68826
2,68984,1750,0.0,8633,156,68828
3,68987,1750,0.0,8634,156,68831
6,68993,1751,1.0,8635,156,68837
15,69008,1751,0.0,8636,156,68852
11,69019,1751,0.0,8637,156,68863
2,69021,1751,0.0,8638,156,68865
2,69023,1751,0.0,8639,156,68867
6,69029,1751,0.0,8640,156,68873
2,69031,1751,0.0,8641,156,68875
2,69033,1751,0.0,8642,156,68877
6,69039,1752,1.0,8643,156,68883
14,69053,1752,0.0,8644,156,68897
2,69055,1752,0.0,8645,156,68899
3,69058,1752,0.0,8646,156,68902
2,69060,1752,0.0,8647,156,68904
22,69082,1752,0.0,8648,156,68926
6,69088,1753,1.0,8649,156,68932
18,69106,1753,0.0,8650,156,68950
7,69113,1753,0.0,8651,156,68957
2,69115,1753,0.0,8652,156,68959
7,69122,1753,0.0,8653,156,68966
5,69127,1753,0.0,8654,156,68971
6,69133,1753,0.0,8655,156,68977
2,69135,1753,0.0,8656,156,68979
12,69147,1753,0.0,8657,156,68991
19,69166,1753,0.0,8658,156,69010
15,69181,1753,0.0,8659,156,69025
16,69197,1753,0.0,8660,156,69041
6,69203,1754,1.0,8661,156,69047
9,69212,1754,0.0,8662,156,69056
9,69221,1754,0.0,8663,156,69065
6,69227,1755,1.0,8664,156,69071
5,69232,1755,0.0,8665,156,69076
5,69237,1755,0.0,8666,156,69081
6,69243,1755,0.0,8667,156,69087
6,69249,1756,1.0,8668,156,69093
20,69269,1756,0.0,8669,156,69113
5,69274,1756,0.0,8670,156,69118
3,69277,1756,0.0,8671,156,69121
8,69285,1756,0.0,8672,156,69129
10,69295,1756,0.0,8673,156,69139
4,69299,1756,0.0,8674,156,69143
7,69306,1756,0.0,8675,156,69150
14,69320,1756,0.0,8676,156,69164
2,69322,1756,0.0,8677,156,69166
11,69333,1756,0.0,8678,156,69177
6,69339,1757,1.0,8679,156,69183
19,69358,1757,0.0,8680,156,69202
6,69364,1758,1.0,8681,156,69208
18,69382,1758,0.0,8682,156,69226
8,69390,1758,0.0,8683,156,69234
4,69394,1758,0.0,8684,156,69238
18,69412,1758,0.0,8685,156,69256
6,69418,1759,1.0,8686,156,69262
6,69424,1760,1.0,8687,156,69268
18,69442,1760,0.0,8688,156,69286
19,69461,1760,0.0,8689,156,69305
2,69463,1760,0.0,8690,156,69307
12,69475,1760,0.0,8691,156,69319
18,69493,1760,0.0,8692,156,69337
6,69499,1760,0.0,8693,156,69343
8,69507,1760,0.0,8694,156,69351
7,69514,1760,0.0,8695,156,69358
3,69517,1760,0.0,8696,156,69361
8,69525,1761,1.0,8697,156,69369
9,69534,1761,0.0,8698,156,69378
12,69546,1761,0.0,8699,156,69390
6,69552,1762,1.0,8700,156,69396
8,69560,1762,0.0,8701,156,69404
4,69564,1762,0.0,8702,156,69408
9,69573,1762,0.0,8703,156,69417
7,69580,1762,0.0,8704,156,69424
2,69582,1762,0.0,8705,156,69426
7,69589,1762,0.0,8706,156,69433
8,69597,1762,0.0,8707,156,69441
6,69603,1762,0.0,8708,156,69447
8,69611,1762,0.0,8709,156,69455
6,69617,1763,1.0,8710,156,69461
13,69630,1763,0.0,8711,156,69474
23,69653,1763,0.0,8712,156,69497
3,69656,1763,0.0,8713,156,69500
6,69662,1764,1.0,8714,156,69506
2,69664,1764,0.0,8715,156,69508
4,69668,1764,0.0,8716,156,69512
19,69687,1764,0.0,8717,156,69531
8,69695,1764,0.0,8718,156,69539
6,69701,1764,0.0,8719,156,69545
6,69707,1765,1.0,8720,156,69551
10,69717,1765,0.0,8721,156,69561
2,69719,1765,0.0,8722,156,69563
13,69732,1765,0.0,8723,156,69576
11,69743,1765,0.0,8724,156,69587
4,69747,1765,0.0,8725,156,69591
6,69753,1766,1.0,8726,156,69597
2,69755,1766,0.0,8727,156,69599
6,69761,1766,0.0,8728,156,69605
5,69766,1766,0.0,8729,156,69610
2,69768,1766,0.0,8730,156,69612
6,69774,1767,1.0,8731,156,69618
2,69776,1767,0.0,8732,156,69620
17,69793,1767,0.0,8733,156,69637
10,69803,1767,0.0,8734,156,69647
6,69809,1767,0.0,8735,156,69653
2,69811,1767,0.0,8736,156,69655
4,69815,1767,0.0,8737,156,69659
7,69822,1767,0.0,8738,156,69666
6,69828,1767,0.0,8739,156,69672
3,69831,1767,0.0,8740,156,69675
6,69837,1768,1.0,8741,156,69681
5,69842,1768,0.0,8742,156,69686
6,69848,1769,1.0,8743,156,69692
7,69855,1769,0.0,8744,156,69699
2,69857,1769,0.0,8745,156,69701
4,69861,1769,0.0,8746,156,69705
4,69865,1769,0.0,8747,156,69709
8,69873,1769,0.0,8748,156,69717
11,69884,1769,0.0,8749,156,69728
6,69890,1770,1.0,8750,156,69734
24,69914,1770,0.0,8751,156,69758
3,69917,1770,0.0,8752,156,69761
2,69919,1770,0.0,8753,156,69763
27,69946,1770,0.0,8754,156,69790
2,69948,1770,0.0,8755,156,69792
3,69951,1770,0.0,8756,156,69795
21,69972,1770,0.0,8757,156,69816
2,69974,1770,0.0,8758,156,69818
4,69978,1770,0.0,8759,156,69822
3,69981,1770,0.0,8760,156,69825
4,69985,1770,0.0,8761,156,69829
20,70005,1770,0.0,8762,156,69849
8,70013,1770,0.0,8763,156,69857
3,70016,1770,0.0,8764,156,69860
13,70029,1770,0.0,8765,156,69873
2,70031,1770,0.0,8766,156,69875
6,70037,1770,0.0,8767,156,69881
7,70044,1770,0.0,8768,156,69888
6,70050,1771,1.0,8769,156,69894
15,70065,1771,0.0,8770,156,69909
5,70070,1771,0.0,8771,156,69914
2,70072,1771,0.0,8772,156,69916
2,70074,1771,0.0,8773,156,69918
6,70080,1771,0.0,8774,156,69924
9,70089,1771,0.0,8775,156,69933
2,70091,1771,0.0,8776,156,69935
20,70111,1771,0.0,8777,156,69955
6,70117,1772,1.0,8778,156,69961
6,70123,1772,0.0,8779,156,69967
2,70125,1772,0.0,8780,156,69969
2,70127,1772,0.0,8781,156,69971
2,70129,1772,0.0,8782,156,69973
3,70132,1772,0.0,8783,156,69976
4,70136,1772,0.0,8784,156,69980
6,70142,1773,1.0,8785,156,69986
6,70148,1774,1.0,8786,156,69992
8,70156,1774,0.0,8787,156,70000
6,70162,1775,1.0,8788,156,70006
6,70168,1776,1.0,8789,156,70012
4,70172,1776,0.0,8790,156,70016
2,70174,1776,0.0,8791,156,70018
5,70179,1776,0.0,8792,156,70023
26,70205,1776,0.0,8793,156,70049
4,70209,1776,0.0,8794,156,70053
5,70214,1776,0.0,8795,156,70058
6,70220,1777,1.0,8796,156,70064
8,70228,1777,0.0,8797,156,70072
6,70234,1778,1.0,8798,156,70078
19,70253,1778,0.0,8799,156,70097
6,70259,1779,1.0,8800,156,70103
4,70263,1779,0.0,8801,156,70107
6,70269,1780,1.0,8802,156,70113
6,70275,1781,1.0,8803,156,70119
6,70281,1782,1.0,8804,156,70125
6,70287,1783,1.0,8805,156,70131
6,70293,1784,1.0,8806,156,70137
6,70299,1785,1.0,8807,156,70143
5,70304,1785,0.0,8808,156,70148
6,70310,1786,1.0,8809,156,70154
3,70313,1786,0.0,8810,156,70157
6,70319,1786,0.0,8811,156,70163
6,70325,1787,1.0,8812,156,70169
6,70331,1788,1.0,8813,156,70175
8,70339,1788,0.0,8814,156,70183
3,70342,1788,0.0,8815,156,70186
4,70346,1788,0.0,8816,156,70190
6,70352,1789,1.0,8817,156,70196
18,70370,1789,0.0,8818,156,70214
6,70376,1790,1.0,8819,156,70220
6,70382,1790,0.0,8820,156,70226
12,70394,1790,0.0,8821,156,70238
5,70399,1790,0.0,8822,156,70243
16,70415,1790,0.0,8823,156,70259
10,70425,1790,0.0,8824,156,70269
2,70427,1790,0.0,8825,156,70271
10,70437,1790,0.0,8826,156,70281
6,70443,1791,1.0,8827,156,70287
5,70448,1791,0.0,8828,156,70292
7,70455,1791,0.0,8829,156,70299
14,70469,1791,0.0,8830,156,70313
8,70477,1792,1.0,8831,156,70321
4,70481,1792,0.0,8832,156,70325
4,70485,1792,0.0,8833,156,70329
5,70490,1792,0.0,8834,156,70334
2,70492,1792,0.0,8835,156,70336
3,70495,1792,0.0,8836,156,70339
2,70497,1792,0.0,8837,156,70341
10,70507,1792,0.0,8838,156,70351
2,70509,1792,0.0,8839,156,70353
9,70518,1792,0.0,8840,156,70362
6,70524,1793,1.0,8841,156,70368
9,70533,1793,0.0,8842,156,70377
6,70539,1794,1.0,8843,156,70383
6,70545,1795,1.0,8844,156,70389
13,70558,1795,0.0,8845,156,70402
6,70564,1796,1.0,8846,156,70408
6,70570,1797,1.0,8847,156,70414
11,70581,1797,0.0,8848,156,70425
29,70610,1797,0.0,8849,156,70454
14,70624,1797,0.0,8850,156,70468
2,70626,1797,0.0,8851,156,70470
7,70633,1797,0.0,8852,156,70477
16,70649,1797,0.0,8853,156,70493
13,70662,1797,0.0,8854,156,70506
18,70680,1797,0.0,8855,156,70524
5,70685,1797,0.0,8856,156,70529
2,70687,1797,0.0,8857,156,70531
8,70695,1798,1.0,8858,156,70539
2,70697,1798,0.0,8859,156,70541
5,70702,1798,0.0,8860,156,70546
4,70706,1798,0.0,8861,156,70550
3,70709,1798,0.0,8862,156,70553
6,70715,1799,1.0,8863,156,70559
5,70720,1799,0.0,8864,156,70564
8,70728,1799,0.0,8865,156,70572
3,70731,1799,0.0,8866,156,70575
6,70737,1800,1.0,8867,156,70581
3,70740,1800,0.0,8868,156,70584
18,70758,1800,0.0,8869,156,70602
6,70764,1801,1.0,8870,156,70608
10,70774,1801,0.0,8871,156,70618
8,70782,1802,1.0,8872,156,70626
8,70790,1803,1.0,8873,156,70634
18,70808,1803,0.0,8874,156,70652
18,70826,1803,0.0,8875,156,70670
6,70832,1803,0.0,8876,156,70676
25,70857,1803,0.0,8877,156,70701
10,70867,1803,0.0,8878,156,70711
6,70873,1804,1.0,8879,156,70717
17,70890,1804,0.0,8880,156,70734
10,70900,1804,0.0,8881,156,70744
2,70902,1804,0.0,8882,156,70746
2,70904,1804,0.0,8883,156,70748
6,70910,1804,0.0,8884,156,70754
6,70916,1805,1.0,8885,156,70760
2,70918,1805,0.0,8886,156,70762
13,70931,1805,0.0,8887,156,70775
10,70941,1805,0.0,8888,156,70785
9,70950,1805,0.0,8889,156,70794
6,70956,1806,1.0,8890,156,70800
2,70958,1806,0.0,8891,156,70802
5,70963,1806,0.0,8892,156,70807
6,70969,1807,1.0,8893,156,70813
5,70974,1807,0.0,8894,156,70818
3,70977,1807,0.0,8895,156,70821
38,71015,1807,0.0,8896,156,70859
7,71022,1807,0.0,8897,156,70866
7,71029,1807,0.0,8898,156,70873
4,71033,1807,0.0,8899,156,70877
8,71041,1808,1.0,8900,156,70885
6,71047,1809,1.0,8901,156,70891
11,71058,1809,0.0,8902,156,70902
6,71064,1809,0.0,8903,156,70908
6,71070,1810,1.0,8904,156,70914
9,71079,1810,0.0,8905,156,70923
6,71085,1811,1.0,8906,156,70929
4,71089,1811,0.0,8907,156,70933
15,71104,1811,0.0,8908,156,70948
20,71124,1811,0.0,8909,156,70968
6,71130,1811,0.0,8910,156,70974
9,71139,1811,0.0,8911,156,70983
2,71141,1811,0.0,8912,156,70985
3,71144,1811,0.0,8913,156,70988
6,71150,1812,1.0,8914,156,70994
6,71156,1813,1.0,8915,156,71000
9,71165,1813,0.0,8916,156,71009
2,71167,1813,0.0,8917,156,71011
2,71169,1813,0.0,8918,156,71013
6,71175,1814,1.0,8919,156,71019
6,71181,1815,1.0,8920,156,71025
6,71187,1815,0.0,8921,156,71031
7,71194,1815,0.0,8922,156,71038
6,71200,1816,1.0,8923,156,71044
21,71221,1816,0.0,8924,156,71065
4,71225,1816,0.0,8925,156,71069
2,71227,1816,0.0,8926,156,71071
2,71229,1816,0.0,8927,156,71073
15,71244,1816,0.0,8928,156,71088
7,71251,1816,0.0,8929,156,71095
13,71264,1816,0.0,8930,156,71108
4,71268,1816,0.0,8931,156,71112
19,71287,1816,0.0,8932,156,71131
5,71292,1816,0.0,8933,156,71136
6,71298,1817,1.0,8934,156,71142
3,71301,1817,0.0,8935,156,71145
5,71306,1817,0.0,8936,156,71150
7,71313,1817,0.0,8937,156,71157
3,71316,1817,0.0,8938,156,71160
12,71328,1817,0.0,8939,156,71172
6,71334,1818,1.0,8940,156,71178
26,71360,1818,0.0,8941,156,71204
7,71367,1818,0.0,8942,156,71211
6,71373,1819,1.0,8943,156,71217
18,71391,1819,0.0,8944,156,71235
4,71395,1819,0.0,8945,156,71239
20,71415,1819,0.0,8946,156,71259
6,71421,1820,1.0,8947,156,71265
5,71426,1820,0.0,8948,156,71270
6,71432,1820,0.0,8949,156,71276
2,71434,1820,0.0,8950,156,71278
2,71436,1820,0.0,8951,156,71280
3,71439,1820,0.0,8952,156,71283
18,71457,1820,0.0,8953,156,71301
2,71459,1820,0.0,8954,156,71303
6,71465,1821,1.0,8955,156,71309
18,71483,1821,0.0,8956,156,71327
7,71490,1821,0.0,8957,156,71334
8,71498,1822,1.0,8958,156,71342
7,71505,1822,0.0,8959,156,71349
10,71515,1822,0.0,8960,156,71359
14,71529,1822,0.0,8961,156,71373
12,71541,1822,0.0,8962,156,71385
2,71543,1822,0.0,8963,156,71387
2,71545,1822,0.0,8964,156,71389
6,71551,1823,1.0,8965,156,71395
2,71553,1823,0.0,8966,156,71397
7,71560,1823,0.0,8967,156,71404
4,71564,1823,0.0,8968,156,71408
6,71570,1824,1.0,8969,156,71414
6,71576,1825,1.0,8970,156,71420
11,71587,1825,0.0,8971,156,71431
6,71593,1826,1.0,8972,156,71437
9,71602,1826,0.0,8973,156,71446
9,71611,1826,0.0,8974,156,71455
2,71613,1826,0.0,8975,156,71457
6,71619,1827,1.0,8976,156,71463
7,71626,1827,0.0,8977,156,71470
6,71632,1828,1.0,8978,156,71476
29,71661,1829,1.0,8979,156,71505
6,71667,1830,1.0,8980,156,71511
16,71683,1830,0.0,8981,156,71527
6,71689,1831,1.0,8982,156,71533
6,71695,1832,1.0,8983,156,71539
2,71697,1832,0.0,8984,156,71541
20,71717,1832,0.0,8985,156,71561
15,71732,1832,0.0,8986,156,71576
6,71738,1832,0.0,8987,156,71582
16,71754,1832,0.0,8988,156,71598
18,71772,1832,0.0,8989,156,71616
23,71795,1832,0.0,8990,156,71639
6,71801,1833,1.0,8991,156,71645
4,71805,1833,0.0,8992,156,71649
13,71818,1833,0.0,8993,156,71662
15,71833,1833,0.0,8994,156,71677
6,71839,1834,1.0,8995,156,71683
6,71845,1834,0.0,8996,156,71689
3,71848,1834,0.0,8997,156,71692
9,71857,1834,0.0,8998,156,71701
6,71863,1834,0.0,8999,156,71707
7,71870,1834,0.0,9000,156,71714
2,71872,1834,0.0,9001,156,71716
6,71878,1835,1.0,9002,156,71722
7,71885,1835,0.0,9003,156,71729
5,71890,1835,0.0,9004,156,71734
13,71903,1835,0.0,9005,156,71747
6,71909,1836,1.0,9006,156,71753
2,71911,1836,0.0,9007,156,71755
8,71919,1836,0.0,9008,156,71763
2,71921,1836,0.0,9009,156,71765
17,71938,1836,0.0,9010,156,71782
3,71941,1836,0.0,9011,156,71785
3,71944,1836,0.0,9012,156,71788
4,71948,1836,0.0,9013,156,71792
2,71950,1836,0.0,9014,156,71794
20,71970,1836,0.0,9015,156,71814
12,71982,1836,0.0,9016,156,71826
6,71988,1837,1.0,9017,156,71832
2,71990,1837,0.0,9018,156,71834
10,72000,1837,0.0,9019,156,71844
2,72002,1837,0.0,9020,156,71846
6,72008,1838,1.0,9021,156,71852
3,72011,1838,0.0,9022,156,71855
2,72013,1838,0.0,9023,156,71857
14,72027,1838,0.0,9024,156,71871
2,72029,1838,0.0,9025,156,71873
19,72048,1838,0.0,9026,156,71892
3,72051,1838,0.0,9027,156,71895
21,72072,1838,0.0,9028,156,71916
18,72090,1838,0.0,9029,156,71934
2,72092,1838,0.0,9030,156,71936
4,72096,1838,0.0,9031,156,71940
2,72098,1838,0.0,9032,156,71942
3,72101,1838,0.0,9033,156,71945
3,72104,1838,0.0,9034,156,71948
2,72106,1838,0.0,9035,156,71950
3,72109,1838,0.0,9036,156,71953
10,72119,1838,0.0,9037,156,71963
6,72125,1838,0.0,9038,156,71969
14,72139,1838,0.0,9039,156,71983
13,72152,1838,0.0,9040,156,71996
2,72154,1838,0.0,9041,156,71998
6,72160,1839,1.0,9042,156,72004
6,72166,1840,1.0,9043,156,72010
6,72172,1841,1.0,9044,156,72016
2,72174,1841,0.0,9045,156,72018
24,72198,1841,0.0,9046,156,72042
12,72210,1841,0.0,9047,156,72054
12,72222,1841,0.0,9048,156,72066
6,72228,1842,1.0,9049,156,72072
6,72234,1843,1.0,9050,156,72078
2,72236,1843,0.0,9051,156,72080
5,72241,1843,0.0,9052,156,72085
6,72247,1843,0.0,9053,156,72091
7,72254,1843,0.0,9054,156,72098
10,72264,1843,0.0,9055,156,72108
11,72275,1843,0.0,9056,156,72119
6,72281,1844,1.0,9057,156,72125
3,72284,1844,0.0,9058,156,72128
8,72292,1844,0.0,9059,156,72136
8,72300,1845,1.0,9060,156,72144
14,72314,1845,0.0,9061,156,72158
18,72332,1845,0.0,9062,156,72176
7,72339,1845,0.0,9063,156,72183
3,72342,1845,0.0,9064,156,72186
2,72344,1845,0.0,9065,156,72188
12,72356,1845,0.0,9066,156,72200
6,72362,1846,1.0,9067,156,72206
2,72364,1846,0.0,9068,156,72208
21,72385,1846,0.0,9069,156,72229
6,72391,1847,1.0,9070,156,72235
6,72397,1848,1.0,9071,156,72241
6,72403,1849,1.0,9072,156,72247
6,72409,1850,1.0,9073,156,72253
18,72427,1850,0.0,9074,156,72271
3,72430,1850,0.0,9075,156,72274
6,72436,1851,1.0,9076,156,72280
2,72438,1851,0.0,9077,156,72282
3,72441,1851,0.0,9078,156,72285
5,72446,1851,0.0,9079,156,72290
3,72449,1851,0.0,9080,156,72293
7,72456,1851,0.0,9081,156,72300
20,72476,1851,0.0,9082,156,72320
6,72482,1852,1.0,9083,156,72326
3,72485,1852,0.0,9084,156,72329
6,72491,1852,0.0,9085,156,72335
6,72497,1853,1.0,9086,156,72341
8,72505,1853,0.0,9087,156,72349
2,72507,1853,0.0,9088,156,72351
7,72514,1853,0.0,9089,156,72358
6,72520,1854,1.0,9090,156,72364
8,72528,1854,0.0,9091,156,72372
2,72530,1854,0.0,9092,156,72374
11,72541,1854,0.0,9093,156,72385
13,72554,1854,0.0,9094,156,72398
5,72559,1854,0.0,9095,156,72403
6,72565,1855,1.0,9096,156,72409
6,72571,1856,1.0,9097,156,72415
6,72577,1857,1.0,9098,156,72421
14,72591,1857,0.0,9099,156,72435
18,72609,1857,0.0,9100,156,72453
4,72613,1857,0.0,9101,156,72457
2,72615,1857,0.0,9102,156,72459
6,72621,1858,1.0,9103,156,72465
6,72627,1859,1.0,9104,156,72471
18,72645,1859,0.0,9105,156,72489
4,72649,1859,0.0,9106,156,72493
4,72653,1859,0.0,9107,156,72497
10,72663,1859,0.0,9108,156,72507
9,72672,1859,0.0,9109,156,72516
2,72674,1859,0.0,9110,156,72518
4,72678,1859,0.0,9111,156,72522
6,72684,1859,0.0,9112,156,72528
6,72690,1860,1.0,9113,156,72534
2,72692,1860,0.0,9114,156,72536
13,72705,1860,0.0,9115,156,72549
19,72724,1860,0.0,9116,156,72568
20,72744,1860,0.0,9117,156,72588
13,72757,1860,0.0,9118,156,72601
6,72763,1861,1.0,9119,156,72607
5,72768,1861,0.0,9120,156,72612
6,72774,1862,1.0,9121,156,72618
13,72787,1862,0.0,9122,156,72631
23,72810,1862,0.0,9123,156,72654
18,72828,1862,0.0,9124,156,72672
18,72846,1862,0.0,9125,156,72690
7,72853,1862,0.0,9126,156,72697
32,72885,1862,0.0,9127,156,72729
5,72890,1862,0.0,9128,156,72734
5,72895,1862,0.0,9129,156,72739
8,72903,1862,0.0,9130,156,72747
2,72905,1862,0.0,9131,156,72749
6,72911,1862,0.0,9132,156,72755
7,72918,1862,0.0,9133,156,72762
3,72921,1862,0.0,9134,156,72765
17,72938,1862,0.0,9135,156,72782
6,72944,1863,1.0,9136,156,72788
2,72946,1863,0.0,9137,156,72790
14,72960,1863,0.0,9138,156,72804
6,72966,1864,1.0,9139,156,72810
6,72972,1865,1.0,9140,156,72816
9,72981,1865,0.0,9141,156,72825
3,72984,1865,0.0,9142,156,72828
6,72990,1866,1.0,9143,156,72834
6,72996,1867,1.0,9144,156,72840
6,73002,1868,1.0,9145,156,72846
6,73008,1869,1.0,9146,156,72852
2,73010,1869,0.0,9147,156,72854
13,73023,1869,0.0,9148,156,72867
3,73026,1869,0.0,9149,156,72870
8,73034,1869,0.0,9150,156,72878
6,73040,1870,1.0,9151,156,72884
6,73046,1871,1.0,9152,156,72890
6,73052,1872,1.0,9153,156,72896
10,73062,1872,0.0,9154,156,72906
6,73068,1873,1.0,9155,156,72912
2,73070,1873,0.0,9156,156,72914
18,73088,1873,0.0,9157,156,72932
12,73100,1873,0.0,9158,156,72944
2,73102,1873,0.0,9159,156,72946
2,73104,1873,0.0,9160,156,72948
3,73107,1873,0.0,9161,156,72951
4,73111,1873,0.0,9162,156,72955
4,73115,1873,0.0,9163,156,72959
6,73121,1874,1.0,9164,156,72965
18,73139,1874,0.0,9165,156,72983
8,73147,1875,1.0,9166,156,72991
25,73172,1875,0.0,9167,156,73016
13,73185,1875,0.0,9168,156,73029
6,73191,1876,1.0,9169,156,73035
18,73209,1876,0.0,9170,156,73053
4,73213,1876,0.0,9171,156,73057
7,73220,1876,0.0,9172,156,73064
4,73224,1876,0.0,9173,156,73068
15,73239,1876,0.0,9174,156,73083
6,73245,1877,1.0,9175,156,73089
17,73262,1877,0.0,9176,156,73106
11,73273,1877,0.0,9177,156,73117
3,73276,1877,0.0,9178,156,73120
2,73278,1877,0.0,9179,156,73122
6,73284,1878,1.0,9180,156,73128
9,73293,1878,0.0,9181,156,73137
6,73299,1879,1.0,9182,156,73143
8,73307,1879,0.0,9183,156,73151
5,73312,1879,0.0,9184,156,73156
4,73316,1879,0.0,9185,156,73160
2,73318,1879,0.0,9186,156,73162
7,73325,1879,0.0,9187,156,73169
8,73333,1879,0.0,9188,156,73177
6,73339,1880,1.0,9189,156,73183
15,73354,1880,0.0,9190,156,73198
10,73364,1880,0.0,9191,156,73208
18,73382,1880,0.0,9192,156,73226
5,73387,1880,0.0,9193,156,73231
14,73401,1880,0.0,9194,156,73245
2,73403,1880,0.0,9195,156,73247
8,73411,1880,0.0,9196,156,73255
10,73421,1880,0.0,9197,156,73265
2,73423,1880,0.0,9198,156,73267
2,73425,1880,0.0,9199,156,73269
2,73427,1880,0.0,9200,156,73271
6,73433,1881,1.0,9201,156,73277
18,73451,1881,0.0,9202,156,73295
18,73469,1881,0.0,9203,156,73313
3,73472,1881,0.0,9204,156,73316
2,73474,1881,0.0,9205,156,73318
9,73483,1881,0.0,9206,156,73327
3,73486,1881,0.0,9207,156,73330
6,73492,1882,1.0,9208,156,73336
20,73512,1882,0.0,9209,156,73356
6,73518,1882,0.0,9210,156,73362
18,73536,1882,0.0,9211,156,73380
14,73550,1882,0.0,9212,156,73394
16,73566,1882,0.0,9213,156,73410
3,73569,1882,0.0,9214,156,73413
14,73583,1882,0.0,9215,156,73427
2,73585,1882,0.0,9216,156,73429
18,73603,1882,0.0,9217,156,73447
6,73609,1882,0.0,9218,156,73453
7,73616,1882,0.0,9219,156,73460
5,73621,1882,0.0,9220,156,73465
23,73644,1882,0.0,9221,156,73488
6,73650,1883,1.0,9222,156,73494
2,73652,1883,0.0,9223,156,73496
15,73667,1883,0.0,9224,156,73511
4,73671,1883,0.0,9225,156,73515
4,73675,1883,0.0,9226,156,73519
5,73680,1883,0.0,9227,156,73524
6,73686,1884,1.0,9228,156,73530
8,73694,1884,0.0,9229,156,73538
15,73709,1884,0.0,9230,156,73553
6,73715,1884,0.0,9231,156,73559
6,73721,1885,1.0,9232,156,73565
6,73727,1885,0.0,9233,156,73571
2,73729,1885,0.0,9234,156,73573
10,73739,1885,0.0,9235,156,73583
15,73754,1885,0.0,9236,156,73598
2,73756,1885,0.0,9237,156,73600
6,73762,1886,1.0,9238,156,73606
6,73768,1887,1.0,9239,156,73612
2,73770,1887,0.0,9240,156,73614
13,73783,1887,0.0,9241,156,73627
13,73796,1887,0.0,9242,156,73640
6,73802,1888,1.0,9243,156,73646
6,73808,1889,1.0,9244,156,73652
6,73814,1890,1.0,9245,156,73658
18,73832,1890,0.0,9246,156,73676
10,73842,1890,0.0,9247,156,73686
2,73844,1890,0.0,9248,156,73688
2,73846,1890,0.0,9249,156,73690
6,73852,1891,1.0,9250,156,73696
6,73858,1892,1.0,9251,156,73702
8,73866,1892,0.0,9252,156,73710
6,73872,1892,0.0,9253,156,73716
2,73874,1892,0.0,9254,156,73718
3,73877,1892,0.0,9255,156,73721
2,73879,1892,0.0,9256,156,73723
14,73893,1892,0.0,9257,156,73737
6,73899,1892,0.0,9258,156,73743
6,73905,1892,0.0,9259,156,73749
18,73923,1892,0.0,9260,156,73767
2,73925,1892,0.0,9261,156,73769
4,73929,1892,0.0,9262,156,73773
5,73934,1892,0.0,9263,156,73778
6,73940,1892,0.0,9264,156,73784
18,73958,1892,0.0,9265,156,73802
22,73980,1892,0.0,9266,156,73824
3,73983,1892,0.0,9267,156,73827
6,73989,1893,1.0,9268,156,73833
21,74010,1893,0.0,9269,156,73854
6,74016,1894,1.0,9270,156,73860
6,74022,1895,1.0,9271,156,73866
6,74028,1896,1.0,9272,156,73872
7,74035,1896,0.0,9273,156,73879
9,74044,1896,0.0,9274,156,73888
9,74053,1896,0.0,9275,156,73897
15,74068,1896,0.0,9276,156,73912
12,74080,1896,0.0,9277,156,73924
20,74100,1896,0.0,9278,156,73944
4,74104,1896,0.0,9279,156,73948
8,74112,1896,0.0,9280,156,73956
2,74114,1896,0.0,9281,156,73958
6,74120,1896,0.0,9282,156,73964
16,74136,1896,0.0,9283,156,73980
15,74151,1896,0.0,9284,156,73995
30,74181,1896,0.0,9285,156,74025
18,74199,1896,0.0,9286,156,74043
19,74218,1896,0.0,9287,156,74062
10,74228,1896,0.0,9288,156,74072
20,74248,1896,0.0,9289,156,74092
7,74255,1896,0.0,9290,156,74099
2,74257,1896,0.0,9291,156,74101
2,74259,1896,0.0,9292,156,74103
3,74262,1896,0.0,9293,156,74106
11,74273,1896,0.0,9294,156,74117
12,74285,1896,0.0,9295,156,74129
12,74297,1896,0.0,9296,156,74141
6,74303,1896,0.0,9297,156,74147
15,74318,1896,0.0,9298,156,74162
2,74320,1896,0.0,9299,156,74164
6,74326,1896,0.0,9300,156,74170
5,74331,1896,0.0,9301,156,74175
3,74334,1896,0.0,9302,156,74178
2,74336,1896,0.0,9303,156,74180
17,74353,1896,0.0,9304,156,74197
6,74359,1896,0.0,9305,156,74203
6,74365,1896,0.0,9306,156,74209
15,74380,1896,0.0,9307,156,74224
8,74388,1896,0.0,9308,156,74232
14,74402,1896,0.0,9309,156,74246
3,74405,1896,0.0,9310,156,74249
6,74411,1897,1.0,9311,156,74255
6,74417,1897,0.0,9312,156,74261
25,74442,1897,0.0,9313,156,74286
12,74454,1897,0.0,9314,156,74298
7,74461,1897,0.0,9315,156,74305
11,74472,1897,0.0,9316,156,74316
6,74478,1898,1.0,9317,156,74322
2,74480,1898,0.0,9318,156,74324
6,74486,1899,1.0,9319,156,74330
6,74492,1900,1.0,9320,156,74336
7,74499,1900,0.0,9321,156,74343
10,74509,1900,0.0,9322,156,74353
7,74516,1900,0.0,9323,156,74360
5,74521,1900,0.0,9324,156,74365
6,74527,1901,1.0,9325,156,74371
6,74533,1902,1.0,9326,156,74377
2,74535,1902,0.0,9327,156,74379
5,74540,1902,0.0,9328,156,74384
18,74558,1902,0.0,9329,156,74402
18,74576,1902,0.0,9330,156,74420
4,74580,1902,0.0,9331,156,74424
6,74586,1902,0.0,9332,156,74430
9,74595,1902,0.0,9333,156,74439
19,74614,1902,0.0,9334,156,74458
6,74620,1903,1.0,9335,156,74464
6,74626,1904,1.0,9336,156,74470
4,74630,1904,0.0,9337,156,74474
8,74638,1904,0.0,9338,156,74482
8,74646,1904,0.0,9339,156,74490
4,74650,1904,0.0,9340,156,74494
9,74659,1904,0.0,9341,156,74503
2,74661,1904,0.0,9342,156,74505
6,74667,1905,1.0,9343,156,74511
18,74685,1905,0.0,9344,156,74529
6,74691,1906,1.0,9345,156,74535
7,74698,1906,0.0,9346,156,74542
8,74706,1906,0.0,9347,156,74550
6,74712,1907,1.0,9348,156,74556
4,74716,1907,0.0,9349,156,74560
2,74718,1907,0.0,9350,156,74562
4,74722,1907,0.0,9351,156,74566
2,74724,1907,0.0,9352,156,74568
21,74745,1907,0.0,9353,156,74589
6,74751,1908,1.0,9354,156,74595
18,74769,1908,0.0,9355,156,74613
2,74771,1908,0.0,9356,156,74615
6,74777,1909,1.0,9357,156,74621
10,74787,1909,0.0,9358,156,74631
8,74795,1909,0.0,9359,156,74639
3,74798,1909,0.0,9360,156,74642
11,74809,1909,0.0,9361,156,74653
7,74816,1909,0.0,9362,156,74660
6,74822,1910,1.0,9363,156,74666
3,74825,1910,0.0,9364,156,74669
3,74828,1910,0.0,9365,156,74672
5,74833,1910,0.0,9366,156,74677
8,74841,1911,1.0,9367,156,74685
4,74845,1911,0.0,9368,156,74689
7,74852,1911,0.0,9369,156,74696
3,74855,1911,0.0,9370,156,74699
6,74861,1912,1.0,9371,156,74705
36,74897,1912,0.0,9372,156,74741
3,74900,1912,0.0,9373,156,74744
7,74907,1912,0.0,9374,156,74751
6,74913,1913,1.0,9375,156,74757
13,74926,1913,0.0,9376,156,74770
6,74932,1914,1.0,9377,156,74776
21,74953,1914,0.0,9378,156,74797
3,74956,1914,0.0,9379,156,74800
2,74958,1914,0.0,9380,156,74802
2,74960,1914,0.0,9381,156,74804
5,74965,1914,0.0,9382,156,74809
13,74978,1914,0.0,9383,156,74822
9,74987,1914,0.0,9384,156,74831
12,74999,1914,0.0,9385,156,74843
2,75001,1914,0.0,9386,156,74845
2,75003,1914,0.0,9387,156,74847
10,75013,1914,0.0,9388,156,74857
5,75018,1914,0.0,9389,156,74862
6,75024,1915,1.0,9390,156,74868
10,75034,1915,0.0,9391,156,74878
6,75040,1915,0.0,9392,156,74884
3,75043,1915,0.0,9393,156,74887
3,75046,1915,0.0,9394,156,74890
8,75054,1915,0.0,9395,156,74898
7,75061,1915,0.0,9396,156,74905
5,75066,1915,0.0,9397,156,74910
11,75077,1915,0.0,9398,156,74921
20,75097,1915,0.0,9399,156,74941
6,75103,1916,1.0,9400,156,74947
19,75122,1916,0.0,9401,156,74966
7,75129,1916,0.0,9402,156,74973
6,75135,1917,1.0,9403,156,74979
2,75137,1917,0.0,9404,156,74981
2,75139,1917,0.0,9405,156,74983
4,75143,1917,0.0,9406,156,74987
6,75149,1917,0.0,9407,156,74993
15,75164,1917,0.0,9408,156,75008
6,75170,1918,1.0,9409,156,75014
9,75179,1918,0.0,9410,156,75023
2,75181,1918,0.0,9411,156,75025
5,75186,1918,0.0,9412,156,75030
12,75198,1918,0.0,9413,156,75042
6,75204,1919,1.0,9414,156,75048
17,75221,1919,0.0,9415,156,75065
6,75227,1919,0.0,9416,156,75071
2,75229,1919,0.0,9417,156,75073
4,75233,1919,0.0,9418,156,75077
6,75239,1920,1.0,9419,156,75083
2,75241,1920,0.0,9420,156,75085
6,75247,1921,1.0,9421,156,75091
16,75263,1921,0.0,9422,156,75107
6,75269,1922,1.0,9423,156,75113
6,75275,1923,1.0,9424,156,75119
4,75279,1923,0.0,9425,156,75123
3,75282,1923,0.0,9426,156,75126
13,75295,1923,0.0,9427,156,75139
8,75303,1923,0.0,9428,156,75147
6,75309,1924,1.0,9429,156,75153
6,75315,1925,1.0,9430,156,75159
4,75319,1925,0.0,9431,156,75163
13,75332,1925,0.0,9432,156,75176
2,75334,1925,0.0,9433,156,75178
4,75338,1925,0.0,9434,156,75182
10,75348,1925,0.0,9435,156,75192
6,75354,1926,1.0,9436,156,75198
2,75356,1926,0.0,9437,156,75200
6,75362,1927,1.0,9438,156,75206
3,75365,1927,0.0,9439,156,75209
5,75370,1927,0.0,9440,156,75214
13,75383,1927,0.0,9441,156,75227
5,75388,1927,0.0,9442,156,75232
11,75399,1927,0.0,9443,156,75243
6,75405,1928,1.0,9444,156,75249
2,75407,1928,0.0,9445,156,75251
2,75409,1928,0.0,9446,156,75253
13,75422,1928,0.0,9447,156,75266
6,75428,1928,0.0,9448,156,75272
6,75434,1929,1.0,9449,156,75278
8,75442,1930,1.0,9450,156,75286
8,75450,1930,0.0,9451,156,75294
6,75456,1931,1.0,9452,156,75300
2,75458,1931,0.0,9453,156,75302
28,75486,1931,0.0,9454,156,75330
2,75488,1931,0.0,9455,156,75332
11,75499,1931,0.0,9456,156,75343
2,75501,1931,0.0,9457,156,75345
2,75503,1931,0.0,9458,156,75347
18,75521,1931,0.0,9459,156,75365
11,75532,1931,0.0,9460,156,75376
2,75534,1931,0.0,9461,156,75378
6,75540,1932,1.0,9462,156,75384
3,75543,1932,0.0,9463,156,75387
7,75550,1932,0.0,9464,156,75394
10,75560,1932,0.0,9465,156,75404
28,75588,1932,0.0,9466,156,75432
5,75593,1932,0.0,9467,156,75437
6,75599,1933,1.0,9468,156,75443
6,75605,1933,0.0,9469,156,75449
10,75615,1933,0.0,9470,156,75459
6,75621,1934,1.0,9471,156,75465
7,75628,1934,0.0,9472,156,75472
20,75648,1934,0.0,9473,156,75492
8,75656,1935,1.0,9474,156,75500
8,75664,1935,0.0,9475,156,75508
8,75672,1935,0.0,9476,156,75516
6,75678,1936,1.0,9477,156,75522
8,75686,1936,0.0,9478,156,75530
7,75693,1936,0.0,9479,156,75537
18,75711,1936,0.0,9480,156,75555
14,75725,1936,0.0,9481,156,75569
6,75731,1936,0.0,9482,156,75575
5,75736,1936,0.0,9483,156,75580
3,75739,1936,0.0,9484,156,75583
6,75745,1937,1.0,9485,156,75589
15,75760,1937,0.0,9486,156,75604
4,75764,1937,0.0,9487,156,75608
2,75766,1937,0.0,9488,156,75610
2,75768,1937,0.0,9489,156,75612
3,75771,1937,0.0,9490,156,75615
6,75777,1938,1.0,9491,156,75621
2,75779,1938,0.0,9492,156,75623
31,75810,1938,0.0,9493,156,75654
18,75828,1938,0.0,9494,156,75672
9,75837,1938,0.0,9495,156,75681
3,75840,1938,0.0,9496,156,75684
20,75860,1938,0.0,9497,156,75704
18,75878,1938,0.0,9498,156,75722
6,75884,1939,1.0,9499,156,75728
7,75891,1939,0.0,9500,156,75735
4,75895,1939,0.0,9501,156,75739
6,75901,1940,1.0,9502,156,75745
2,75903,1940,0.0,9503,156,75747
4,75907,1940,0.0,9504,156,75751
13,75920,1940,0.0,9505,156,75764
7,75927,1940,0.0,9506,156,75771
2,75929,1940,0.0,9507,156,75773
3,75932,1940,0.0,9508,156,75776
2,75934,1940,0.0,9509,156,75778
5,75939,1940,0.0,9510,156,75783
4,75943,1940,0.0,9511,156,75787
2,75945,1940,0.0,9512,156,75789
4,75949,1940,0.0,9513,156,75793
2,75951,1940,0.0,9514,156,75795
4,75955,1940,0.0,9515,156,75799
2,75957,1940,0.0,9516,156,75801
12,75969,1940,0.0,9517,156,75813
2,75971,1940,0.0,9518,156,75815
6,75977,1941,1.0,9519,156,75821
5,75982,1941,0.0,9520,156,75826
2,75984,1941,0.0,9521,156,75828
3,75987,1941,0.0,9522,156,75831
8,75995,1941,0.0,9523,156,75839
12,76007,1941,0.0,9524,156,75851
19,76026,1941,0.0,9525,156,75870
2,76028,1941,0.0,9526,156,75872
7,76035,1941,0.0,9527,156,75879
27,76062,1941,0.0,9528,156,75906
6,76068,1942,1.0,9529,156,75912
4,76072,1942,0.0,9530,156,75916
8,76080,1942,0.0,9531,156,75924
9,76089,1942,0.0,9532,156,75933
10,76099,1942,0.0,9533,156,75943
9,76108,1942,0.0,9534,156,75952
7,76115,1942,0.0,9535,156,75959
4,76119,1942,0.0,9536,156,75963
5,76124,1942,0.0,9537,156,75968
3,76127,1942,0.0,9538,156,75971
6,76133,1943,1.0,9539,156,75977
5,76138,1943,0.0,9540,156,75982
10,76148,1943,0.0,9541,156,75992
2,76150,1943,0.0,9542,156,75994
4,76154,1943,0.0,9543,156,75998
9,76163,1943,0.0,9544,156,76007
6,76169,1944,1.0,9545,156,76013
18,76187,1944,0.0,9546,156,76031
29,76216,1945,1.0,9547,156,76060
6,76222,1946,1.0,9548,156,76066
3,76225,1946,0.0,9549,156,76069
6,76231,1947,1.0,9550,156,76075
3,76234,1947,0.0,9551,156,76078
22,76256,1947,0.0,9552,156,76100
2,76258,1947,0.0,9553,156,76102
9,76267,1947,0.0,9554,156,76111
2,76269,1947,0.0,9555,156,76113
6,76275,1948,1.0,9556,156,76119
2,76277,1948,0.0,9557,156,76121
9,76286,1948,0.0,9558,156,76130
8,76294,1949,1.0,9559,156,76138
5,76299,1949,0.0,9560,156,76143
6,76305,1950,1.0,9561,156,76149
6,76311,1951,1.0,9562,156,76155
4,76315,1951,0.0,9563,156,76159
3,76318,1951,0.0,9564,156,76162
6,76324,1952,1.0,9565,156,76168
8,76332,1952,0.0,9566,156,76176
13,76345,1952,0.0,9567,156,76189
15,76360,1952,0.0,9568,156,76204
10,76370,1952,0.0,9569,156,76214
2,76372,1952,0.0,9570,156,76216
3,76375,1952,0.0,9571,156,76219
3,76378,1952,0.0,9572,156,76222
6,76384,1953,1.0,9573,156,76228
2,76386,1953,0.0,9574,156,76230
6,76392,1954,1.0,9575,156,76236
2,76394,1954,0.0,9576,156,76238
7,76401,1954,0.0,9577,156,76245
8,76409,1954,0.0,9578,156,76253
6,76415,1955,1.0,9579,156,76259
2,76417,1955,0.0,9580,156,76261
18,76435,1955,0.0,9581,156,76279
3,76438,1955,0.0,9582,156,76282
6,76444,1956,1.0,9583,156,76288
6,76450,1957,1.0,9584,156,76294
14,76464,1957,0.0,9585,156,76308
6,76470,1958,1.0,9586,156,76314
5,76475,1958,0.0,9587,156,76319
5,76480,1958,0.0,9588,156,76324
17,76497,1958,0.0,9589,156,76341
5,76502,1958,0.0,9590,156,76346
6,76508,1958,0.0,9591,156,76352
6,76514,1959,1.0,9592,156,76358
5,76519,1959,0.0,9593,156,76363
2,76521,1959,0.0,9594,156,76365
6,76527,1960,1.0,9595,156,76371
6,76533,1961,1.0,9596,156,76377
5,76538,1961,0.0,9597,156,76382
6,76544,1962,1.0,9598,156,76388
2,76546,1962,0.0,9599,156,76390
2,76548,1962,0.0,9600,156,76392
6,76554,1963,1.0,9601,156,76398
18,76572,1963,0.0,9602,156,76416
6,76578,1964,1.0,9603,156,76422
13,76591,1964,0.0,9604,156,76435
2,76593,1964,0.0,9605,156,76437
2,76595,1964,0.0,9606,156,76439
8,76603,1964,0.0,9607,156,76447
18,76621,1964,0.0,9608,156,76465
6,76627,1965,1.0,9609,156,76471
19,76646,1965,0.0,9610,156,76490
2,76648,1965,0.0,9611,156,76492
4,76652,1965,0.0,9612,156,76496
2,76654,1965,0.0,9613,156,76498
2,76656,1965,0.0,9614,156,76500
3,76659,1965,0.0,9615,156,76503
8,76667,1965,0.0,9616,156,76511
5,76672,1965,0.0,9617,156,76516
2,76674,1965,0.0,9618,156,76518
6,76680,1966,1.0,9619,156,76524
4,76684,1966,0.0,9620,156,76528
2,76686,1966,0.0,9621,156,76530
6,76692,1967,1.0,9622,156,76536
15,76707,1967,0.0,9623,156,76551
11,76718,1967,0.0,9624,156,76562
18,76736,1967,0.0,9625,156,76580
2,76738,1967,0.0,9626,156,76582
13,76751,1967,0.0,9627,156,76595
5,76756,1967,0.0,9628,156,76600
3,76759,1967,0.0,9629,156,76603
6,76765,1968,1.0,9630,156,76609
5,76770,1968,0.0,9631,156,76614
3,76773,1968,0.0,9632,156,76617
6,76779,1969,1.0,9633,156,76623
6,76785,1970,1.0,9634,156,76629
31,76816,1970,0.0,9635,156,76660
6,76822,1971,1.0,9636,156,76666
18,76840,1971,0.0,9637,156,76684
6,76846,1972,1.0,9638,156,76690
6,76852,1973,1.0,9639,156,76696
4,76856,1973,0.0,9640,156,76700
4,76860,1973,0.0,9641,156,76704
11,76871,1973,0.0,9642,156,76715
11,76882,1973,0.0,9643,156,76726
18,76900,1973,0.0,9644,156,76744
6,76906,1974,1.0,9645,156,76750
3,76909,1974,0.0,9646,156,76753
8,76917,1974,0.0,9647,156,76761
3,76920,1974,0.0,9648,156,76764
3,76923,1974,0.0,9649,156,76767
18,76941,1974,0.0,9650,156,76785
13,76954,1974,0.0,9651,156,76798
4,76958,1974,0.0,9652,156,76802
6,76964,1975,1.0,9653,156,76808
8,76972,1976,1.0,9654,156,76816
6,76978,1977,1.0,9655,156,76822
2,76980,1977,0.0,9656,156,76824
9,76989,1977,0.0,9657,156,76833
9,76998,1977,0.0,9658,156,76842
9,77007,1977,0.0,9659,156,76851
6,77013,1978,1.0,9660,156,76857
14,77027,1978,0.0,9661,156,76871
6,77033,1979,1.0,9662,156,76877
3,77036,1979,0.0,9663,156,76880
20,77056,1979,0.0,9664,156,76900
6,77062,1980,1.0,9665,156,76906
6,77068,1981,1.0,9666,156,76912
15,77083,1981,0.0,9667,156,76927
10,77093,1981,0.0,9668,156,76937
7,77100,1981,0.0,9669,156,76944
15,77115,1981,0.0,9670,156,76959
18,77133,1981,0.0,9671,156,76977
6,77139,1982,1.0,9672,156,76983
13,77152,1982,0.0,9673,156,76996
8,77160,1982,0.0,9674,156,77004
2,77162,1982,0.0,9675,156,77006
4,77166,1982,0.0,9676,156,77010
6,77172,1983,1.0,9677,156,77016
11,77183,1983,0.0,9678,156,77027
6,77189,1984,1.0,9679,156,77033
26,77215,1984,0.0,9680,156,77059
6,77221,1985,1.0,9681,156,77065
6,77227,1986,1.0,9682,156,77071
6,77233,1987,1.0,9683,156,77077
6,77239,1987,0.0,9684,156,77083
18,77257,1987,0.0,9685,156,77101
6,77263,1987,0.0,9686,156,77107
11,77274,1987,0.0,9687,156,77118
6,77280,1988,1.0,9688,156,77124
8,77288,1988,0.0,9689,156,77132
3,77291,1988,0.0,9690,156,77135
3,77294,1988,0.0,9691,156,77138
2,77296,1988,0.0,9692,156,77140
2,77298,1988,0.0,9693,156,77142
8,77306,1988,0.0,9694,156,77150
3,77309,1988,0.0,9695,156,77153
2,77311,1988,0.0,9696,156,77155
4,77315,1988,0.0,9697,156,77159
8,77323,1988,0.0,9698,156,77167
7,77330,1988,0.0,9699,156,77174
6,77336,1988,0.0,9700,156,77180
38,77374,1988,0.0,9701,156,77218
14,77388,1988,0.0,9702,156,77232
6,77394,1989,1.0,9703,156,77238
8,77402,1989,0.0,9704,156,77246
7,77409,1989,0.0,9705,156,77253
8,77417,1989,0.0,9706,156,77261
12,77429,1989,0.0,9707,156,77273
6,77435,1990,1.0,9708,156,77279
18,77453,1990,0.0,9709,156,77297
5,77458,1990,0.0,9710,156,77302
2,77460,1990,0.0,9711,156,77304
2,77462,1990,0.0,9712,156,77306
13,77475,1990,0.0,9713,156,77319
9,77484,1990,0.0,9714,156,77328
15,77499,1990,0.0,9715,156,77343
11,77510,1990,0.0,9716,156,77354
6,77516,1991,1.0,9717,156,77360
2,77518,1991,0.0,9718,156,77362
2,77520,1991,0.0,9719,156,77364
2,77522,1991,0.0,9720,156,77366
13,77535,1991,0.0,9721,156,77379
6,77541,1992,1.0,9722,156,77385
18,77559,1992,0.0,9723,156,77403
2,77561,1992,0.0,9724,156,77405
3,77564,1992,0.0,9725,156,77408
7,77571,1992,0.0,9726,156,77415
7,77578,1992,0.0,9727,156,77422
6,77584,1992,0.0,9728,156,77428
2,77586,1992,0.0,9729,156,77430
8,77594,1992,0.0,9730,156,77438
3,77597,1992,0.0,9731,156,77441
6,77603,1993,1.0,9732,156,77447
3,77606,1993,0.0,9733,156,77450
15,77621,1993,0.0,9734,156,77465
4,77625,1993,0.0,9735,156,77469
10,77635,1993,0.0,9736,156,77479
6,77641,1994,1.0,9737,156,77485
8,77649,1994,0.0,9738,156,77493
5,77654,1994,0.0,9739,156,77498
2,77656,1994,0.0,9740,156,77500
2,77658,1994,0.0,9741,156,77502
6,77664,1995,1.0,9742,156,77508
6,77670,1995,0.0,9743,156,77514
2,77672,1995,0.0,9744,156,77516
6,77678,1996,1.0,9745,156,77522
8,77686,1996,0.0,9746,156,77530
6,77692,1997,1.0,9747,156,77536
6,77698,1998,1.0,9748,156,77542
20,77718,1998,0.0,9749,156,77562
9,77727,1998,0.0,9750,156,77571
6,77733,1999,1.0,9751,156,77577
8,77741,1999,0.0,9752,156,77585
3,77744,1999,0.0,9753,156,77588
12,77756,1999,0.0,9754,156,77600
3,77759,1999,0.0,9755,156,77603
3,77762,1999,0.0,9756,156,77606
3,77765,1999,0.0,9757,156,77609
2,77767,1999,0.0,9758,156,77611
8,77775,2000,1.0,9759,156,77619
5,77780,2000,0.0,9760,156,77624
6,77786,2001,1.0,9761,156,77630
3,77789,2001,0.0,9762,156,77633
2,77791,2001,0.0,9763,156,77635
6,77797,2002,1.0,9764,156,77641
6,77803,2002,0.0,9765,156,77647
6,77809,2002,0.0,9766,156,77653
8,77817,2002,0.0,9767,156,77661
6,77823,2003,1.0,9768,156,77667
7,77830,2003,0.0,9769,156,77674
6,77836,2003,0.0,9770,156,77680
9,77845,2003,0.0,9771,156,77689
2,77847,2003,0.0,9772,156,77691
6,77853,2004,1.0,9773,156,77697
6,77859,2005,1.0,9774,156,77703
6,77865,2005,0.0,9775,156,77709
12,77877,2005,0.0,9776,156,77721
3,77880,2005,0.0,9777,156,77724
6,77886,2006,1.0,9778,156,77730
6,77892,2007,1.0,9779,156,77736
12,77904,2007,0.0,9780,156,77748
4,77908,2007,0.0,9781,156,77752
3,77911,2007,0.0,9782,156,77755
6,77917,2008,1.0,9783,156,77761
3,77920,2008,0.0,9784,156,77764
6,77926,2009,1.0,9785,156,77770
2,77928,2009,0.0,9786,156,77772
18,77946,2009,0.0,9787,156,77790
3,77949,2009,0.0,9788,156,77793
32,77981,2009,0.0,9789,156,77825
3,77984,2009,0.0,9790,156,77828
6,77990,2009,0.0,9791,156,77834
16,78006,2009,0.0,9792,156,77850
2,78008,2009,0.0,9793,156,77852
14,78022,2009,0.0,9794,156,77866
15,78037,2009,0.0,9795,156,77881
7,78044,2009,0.0,9796,156,77888
6,78050,2010,1.0,9797,156,77894
6,78056,2010,0.0,9798,156,77900
16,78072,2010,0.0,9799,156,77916
2,78074,2010,0.0,9800,156,77918
6,78080,2011,1.0,9801,156,77924
6,78086,2012,1.0,9802,156,77930
3,78089,2012,0.0,9803,156,77933
2,78091,2012,0.0,9804,156,77935
6,78097,2013,1.0,9805,156,77941
6,78103,2014,1.0,9806,156,77947
15,78118,2014,0.0,9807,156,77962
8,78126,2015,1.0,9808,156,77970
2,78128,2015,0.0,9809,156,77972
6,78134,2016,1.0,9810,156,77978
2,78136,2016,0.0,9811,156,77980
8,78144,2017,1.0,9812,156,77988
2,78146,2017,0.0,9813,156,77990
6,78152,2018,1.0,9814,156,77996
6,78158,2019,1.0,9815,156,78002
18,78176,2019,0.0,9816,156,78020
6,78182,2020,1.0,9817,156,78026
9,78191,2020,0.0,9818,156,78035
2,78193,2020,0.0,9819,156,78037
12,78205,2020,0.0,9820,156,78049
6,78211,2021,1.0,9821,156,78055
3,78214,2021,0.0,9822,156,78058
16,78230,2021,0.0,9823,156,78074
4,78234,2021,0.0,9824,156,78078
8,78242,2022,1.0,9825,156,78086
7,78249,2022,0.0,9826,156,78093
2,78251,2022,0.0,9827,156,78095
6,78257,2023,1.0,9828,156,78101
5,78262,2023,0.0,9829,156,78106
6,78268,2024,1.0,9830,156,78112
6,78274,2024,0.0,9831,156,78118
15,78289,2024,0.0,9832,156,78133
2,78291,2024,0.0,9833,156,78135
6,78297,2025,1.0,9834,156,78141
3,78300,2025,0.0,9835,156,78144
17,78317,2025,0.0,9836,156,78161
7,78324,2025,0.0,9837,156,78168
6,78330,2026,1.0,9838,156,78174
3,78333,2026,0.0,9839,156,78177
6,78339,2027,1.0,9840,156,78183
11,78350,2027,0.0,9841,156,78194
2,78352,2027,0.0,9842,156,78196
9,78361,2027,0.0,9843,156,78205
3,78364,2027,0.0,9844,156,78208
6,78370,2028,1.0,9845,156,78214
14,78384,2028,0.0,9846,156,78228
7,78391,2028,0.0,9847,156,78235
8,78399,2028,0.0,9848,156,78243
15,78414,2028,0.0,9849,156,78258
11,78425,2028,0.0,9850,156,78269
6,78431,2029,1.0,9851,156,78275
6,78437,2030,1.0,9852,156,78281
4,78441,2030,0.0,9853,156,78285
6,78447,2030,0.0,9854,156,78291
13,78460,2030,0.0,9855,156,78304
15,78475,2030,0.0,9856,156,78319
9,78484,2030,0.0,9857,156,78328
6,78490,2031,1.0,9858,156,78334
11,78501,2031,0.0,9859,156,78345
5,78506,2031,0.0,9860,156,78350
5,78511,2031,0.0,9861,156,78355
6,78517,2031,0.0,9862,156,78361
20,78537,2031,0.0,9863,156,78381
6,78543,2031,0.0,9864,156,78387
8,78551,2031,0.0,9865,156,78395
7,78558,2031,0.0,9866,156,78402
6,78564,2032,1.0,9867,156,78408
3,78567,2032,0.0,9868,156,78411
6,78573,2033,1.0,9869,156,78417
20,78593,2033,0.0,9870,156,78437
3,78596,2033,0.0,9871,156,78440
14,78610,2033,0.0,9872,156,78454
4,78614,2033,0.0,9873,156,78458
2,78616,2033,0.0,9874,156,78460
26,78642,2033,0.0,9875,156,78486
6,78648,2034,1.0,9876,156,78492
3,78651,2034,0.0,9877,156,78495
10,78661,2034,0.0,9878,156,78505
6,78667,2035,1.0,9879,156,78511
2,78669,2035,0.0,9880,156,78513
6,78675,2035,0.0,9881,156,78519
2,78677,2035,0.0,9882,156,78521
16,78693,2035,0.0,9883,156,78537
5,78698,2035,0.0,9884,156,78542
4,78702,2035,0.0,9885,156,78546
29,78731,2035,0.0,9886,156,78575
5,78736,2035,0.0,9887,156,78580
13,78749,2035,0.0,9888,156,78593
8,78757,2036,1.0,9889,156,78601
3,78760,2036,0.0,9890,156,78604
17,78777,2036,0.0,9891,156,78621
6,78783,2037,1.0,9892,156,78627
13,78796,2037,0.0,9893,156,78640
6,78802,2038,1.0,9894,156,78646
2,78804,2038,0.0,9895,156,78648
5,78809,2038,0.0,9896,156,78653
12,78821,2038,0.0,9897,156,78665
2,78823,2038,0.0,9898,156,78667
6,78829,2039,1.0,9899,156,78673
6,78835,2039,0.0,9900,156,78679
3,78838,2039,0.0,9901,156,78682
2,78840,2039,0.0,9902,156,78684
2,78842,2039,0.0,9903,156,78686
6,78848,2040,1.0,9904,156,78692
7,78855,2040,0.0,9905,156,78699
9,78864,2040,0.0,9906,156,78708
6,78870,2041,1.0,9907,156,78714
8,78878,2042,1.0,9908,156,78722
11,78889,2042,0.0,9909,156,78733
6,78895,2043,1.0,9910,156,78739
16,78911,2043,0.0,9911,156,78755
6,78917,2043,0.0,9912,156,78761
29,78946,2044,1.0,9913,156,78790
9,78955,2044,0.0,9914,156,78799
3,78958,2044,0.0,9915,156,78802
6,78964,2045,1.0,9916,156,78808
16,78980,2045,0.0,9917,156,78824
8,78988,2046,1.0,9918,156,78832
14,79002,2046,0.0,9919,156,78846
2,79004,2046,0.0,9920,156,78848
6,79010,2047,1.0,9921,156,78854
2,79012,2047,0.0,9922,156,78856
6,79018,2048,1.0,9923,156,78862
14,79032,2048,0.0,9924,156,78876
6,79038,2049,1.0,9925,156,78882
6,79044,2050,1.0,9926,156,78888
4,79048,2050,0.0,9927,156,78892
2,79050,2050,0.0,9928,156,78894
8,79058,2051,1.0,9929,156,78902
2,79060,2051,0.0,9930,156,78904
5,79065,2051,0.0,9931,156,78909
16,79081,2051,0.0,9932,156,78925
6,79087,2052,1.0,9933,156,78931
6,79093,2053,1.0,9934,156,78937
2,79095,2053,0.0,9935,156,78939
6,79101,2054,1.0,9936,156,78945
3,79104,2054,0.0,9937,156,78948
15,79119,2054,0.0,9938,156,78963
2,79121,2054,0.0,9939,156,78965
6,79127,2055,1.0,9940,156,78971
6,79133,2056,1.0,9941,156,78977
2,79135,2056,0.0,9942,156,78979
3,79138,2056,0.0,9943,156,78982
6,79144,2057,1.0,9944,156,78988
6,79150,2058,1.0,9945,156,78994
2,79152,2058,0.0,9946,156,78996
12,79164,2058,0.0,9947,156,79008
3,79167,2058,0.0,9948,156,79011
12,79179,2058,0.0,9949,156,79023
8,79187,2059,1.0,9950,156,79031
22,79209,2059,0.0,9951,156,79053
5,79214,2059,0.0,9952,156,79058
4,79218,2059,0.0,9953,156,79062
6,79224,2060,1.0,9954,156,79068
6,79230,2061,1.0,9955,156,79074
10,79240,2061,0.0,9956,156,79084
9,79249,2061,0.0,9957,156,79093
8,79257,2061,0.0,9958,156,79101
10,79267,2061,0.0,9959,156,79111
3,79270,2061,0.0,9960,156,79114
6,79276,2062,1.0,9961,156,79120
15,79291,2062,0.0,9962,156,79135
4,79295,2062,0.0,9963,156,79139
2,79297,2062,0.0,9964,156,79141
3,79300,2062,0.0,9965,156,79144
6,79306,2063,1.0,9966,156,79150
6,79312,2064,1.0,9967,156,79156
8,79320,2064,0.0,9968,156,79164
6,79326,2064,0.0,9969,156,79170
6,79332,2064,0.0,9970,156,79176
5,79337,2064,0.0,9971,156,79181
11,79348,2064,0.0,9972,156,79192
2,79350,2064,0.0,9973,156,79194
15,79365,2064,0.0,9974,156,79209
5,79370,2064,0.0,9975,156,79214
3,79373,2064,0.0,9976,156,79217
2,79375,2064,0.0,9977,156,79219
6,79381,2065,1.0,9978,156,79225
6,79387,2065,0.0,9979,156,79231
10,79397,2065,0.0,9980,156,79241
5,79402,2065,0.0,9981,156,79246
2,79404,2065,0.0,9982,156,79248
6,79410,2065,0.0,9983,156,79254
3,79413,2065,0.0,9984,156,79257
10,79423,2065,0.0,9985,156,79267
3,79426,2065,0.0,9986,156,79270
13,79439,2065,0.0,9987,156,79283
5,79444,2065,0.0,9988,156,79288
2,79446,2065,0.0,9989,156,79290
29,79475,2065,0.0,9990,156,79319
8,79483,2065,0.0,9991,156,79327
8,79491,2065,0.0,9992,156,79335
4,79495,2065,0.0,9993,156,79339
6,79501,2065,0.0,9994,156,79345
8,79509,2065,0.0,9995,156,79353
8,79517,2065,0.0,9996,156,79361
8,79525,2065,0.0,9997,156,79369
13,79538,2065,0.0,9998,156,79382
6,79544,2065,0.0,9999,156,79388
3,79547,2065,0.0,10000,156,79391
9,79556,2065,0.0,10001,156,79400
6,79562,2066,1.0,10002,156,79406
4,79566,2066,0.0,10003,156,79410
6,79572,2066,0.0,10004,156,79416
4,79576,2066,0.0,10005,156,79420
3,79579,2066,0.0,10006,156,79423
3,79582,2066,0.0,10007,156,79426
3,79585,2066,0.0,10008,156,79429
3,79588,2066,0.0,10009,156,79432
4,79592,2066,0.0,10010,156,79436
6,79598,2067,1.0,10011,156,79442
6,79604,2067,0.0,10012,156,79448
6,79610,2068,1.0,10013,156,79454
11,79621,2068,0.0,10014,156,79465
2,79623,2068,0.0,10015,156,79467
11,79634,2068,0.0,10016,156,79478
7,79641,2068,0.0,10017,156,79485
18,79659,2068,0.0,10018,156,79503
8,79667,2068,0.0,10019,156,79511
3,79670,2068,0.0,10020,156,79514
7,79677,2068,0.0,10021,156,79521
9,79686,2068,0.0,10022,156,79530
15,79701,2068,0.0,10023,156,79545
5,79706,2068,0.0,10024,156,79550
20,79726,2068,0.0,10025,156,79570
3,79729,2068,0.0,10026,156,79573
6,79735,2068,0.0,10027,156,79579
7,79742,2068,0.0,10028,156,79586
6,79748,2069,1.0,10029,156,79592
16,79764,2069,0.0,10030,156,79608
6,79770,2070,1.0,10031,156,79614
6,79776,2070,0.0,10032,156,79620
6,79782,2071,1.0,10033,156,79626
27,79809,2071,0.0,10034,156,79653
6,79815,2072,1.0,10035,156,79659
8,79823,2072,0.0,10036,156,79667
6,79829,2073,1.0,10037,156,79673
3,79832,2073,0.0,10038,156,79676
6,79838,2074,1.0,10039,156,79682
10,79848,2074,0.0,10040,156,79692
7,79855,2074,0.0,10041,156,79699
6,79861,2074,0.0,10042,156,79705
2,79863,2074,0.0,10043,156,79707
6,79869,2074,0.0,10044,156,79713
4,79873,2074,0.0,10045,156,79717
5,79878,2074,0.0,10046,156,79722
5,79883,2074,0.0,10047,156,79727
2,79885,2074,0.0,10048,156,79729
28,79913,2074,0.0,10049,156,79757
6,79919,2074,0.0,10050,156,79763
3,79922,2074,0.0,10051,156,79766
6,79928,2075,1.0,10052,156,79772
4,79932,2075,0.0,10053,156,79776
6,79938,2076,1.0,10054,156,79782
2,79940,2076,0.0,10055,156,79784
9,79949,2076,0.0,10056,156,79793
6,79955,2077,1.0,10057,156,79799
11,79966,2077,0.0,10058,156,79810
6,79972,2078,1.0,10059,156,79816
4,79976,2078,0.0,10060,156,79820
6,79982,2079,1.0,10061,156,79826
8,79990,2079,0.0,10062,156,79834
6,79996,2080,1.0,10063,156,79840
4,80000,2080,0.0,10064,156,79844
13,80013,2080,0.0,10065,156,79857
5,80018,2080,0.0,10066,156,79862
3,80021,2080,0.0,10067,156,79865
2,80023,2080,0.0,10068,156,79867
9,80032,2080,0.0,10069,156,79876
3,80035,2080,0.0,10070,156,79879
6,80041,2081,1.0,10071,156,79885
9,80050,2081,0.0,10072,156,79894
2,80052,2081,0.0,10073,156,79896
14,80066,2081,0.0,10074,156,79910
4,80070,2081,0.0,10075,156,79914
6,80076,2082,1.0,10076,156,79920
3,80079,2082,0.0,10077,156,79923
14,80093,2082,0.0,10078,156,79937
32,80125,2082,0.0,10079,156,79969
6,80131,2082,0.0,10080,156,79975
2,80133,2082,0.0,10081,156,79977
7,80140,2082,0.0,10082,156,79984
6,80146,2083,1.0,10083,156,79990
6,80152,2084,1.0,10084,156,79996
2,80154,2084,0.0,10085,156,79998
9,80163,2084,0.0,10086,156,80007
6,80169,2085,1.0,10087,156,80013
3,80172,2085,0.0,10088,156,80016
6,80178,2085,0.0,10089,156,80022
6,80184,2086,1.0,10090,156,80028
4,80188,2086,0.0,10091,156,80032
6,80194,2086,0.0,10092,156,80038
7,80201,2086,0.0,10093,156,80045
18,80219,2086,0.0,10094,156,80063
7,80226,2086,0.0,10095,156,80070
6,80232,2086,0.0,10096,156,80076
2,80234,2086,0.0,10097,156,80078
4,80238,2086,0.0,10098,156,80082
3,80241,2086,0.0,10099,156,80085
7,80248,2086,0.0,10100,156,80092
5,80253,2086,0.0,10101,156,80097
2,80255,2086,0.0,10102,156,80099
12,80267,2086,0.0,10103,156,80111
17,80284,2086,0.0,10104,156,80128
2,80286,2086,0.0,10105,156,80130
2,80288,2086,0.0,10106,156,80132
17,80305,2086,0.0,10107,156,80149
3,80308,2086,0.0,10108,156,80152
10,80318,2086,0.0,10109,156,80162
6,80324,2087,1.0,10110,156,80168
3,80327,2087,0.0,10111,156,80171
2,80329,2087,0.0,10112,156,80173
2,80331,2087,0.0,10113,156,80175
2,80333,2087,0.0,10114,156,80177
8,80341,2088,1.0,10115,156,80185
6,80347,2088,0.0,10116,156,80191
15,80362,2088,0.0,10117,156,80206
2,80364,2088,0.0,10118,156,80208
6,80370,2089,1.0,10119,156,80214
7,80377,2089,0.0,10120,156,80221
6,80383,2090,1.0,10121,156,80227
6,80389,2091,1.0,10122,156,80233
20,80409,2091,0.0,10123,156,80253
15,80424,2091,0.0,10124,156,80268
2,80426,2091,0.0,10125,156,80270
4,80430,2091,0.0,10126,156,80274
6,80436,2091,0.0,10127,156,80280
3,80439,2091,0.0,10128,156,80283
6,80445,2092,1.0,10129,156,80289
15,80460,2092,0.0,10130,156,80304
6,80466,2093,1.0,10131,156,80310
4,80470,2093,0.0,10132,156,80314
6,80476,2093,0.0,10133,156,80320
3,80479,2093,0.0,10134,156,80323
9,80488,2093,0.0,10135,156,80332
3,80491,2093,0.0,10136,156,80335
2,80493,2093,0.0,10137,156,80337
4,80497,2093,0.0,10138,156,80341
4,80501,2093,0.0,10139,156,80345
3,80504,2093,0.0,10140,156,80348
6,80510,2094,1.0,10141,156,80354
6,80516,2094,0.0,10142,156,80360
4,80520,2094,0.0,10143,156,80364
11,80531,2094,0.0,10144,156,80375
7,80538,2094,0.0,10145,156,80382
9,80547,2094,0.0,10146,156,80391
6,80553,2095,1.0,10147,156,80397
10,80563,2095,0.0,10148,156,80407
6,80569,2096,1.0,10149,156,80413
8,80577,2096,0.0,10150,156,80421
6,80583,2097,1.0,10151,156,80427
5,80588,2097,0.0,10152,156,80432
8,80596,2098,1.0,10153,156,80440
5,80601,2098,0.0,10154,156,80445
3,80604,2098,0.0,10155,156,80448
6,80610,2099,1.0,10156,156,80454
2,80612,2099,0.0,10157,156,80456
3,80615,2099,0.0,10158,156,80459
17,80632,2099,0.0,10159,156,80476
3,80635,2099,0.0,10160,156,80479
2,80637,2099,0.0,10161,156,80481
4,80641,2099,0.0,10162,156,80485
18,80659,2099,0.0,10163,156,80503
7,80666,2099,0.0,10164,156,80510
4,80670,2099,0.0,10165,156,80514
3,80673,2099,0.0,10166,156,80517
2,80675,2099,0.0,10167,156,80519
6,80681,2100,1.0,10168,156,80525
17,80698,2100,0.0,10169,156,80542
3,80701,2100,0.0,10170,156,80545
6,80707,2101,1.0,10171,156,80551
6,80713,2102,1.0,10172,156,80557
3,80716,2102,0.0,10173,156,80560
21,80737,2102,0.0,10174,156,80581
6,80743,2103,1.0,10175,156,80587
3,80746,2103,0.0,10176,156,80590
2,80748,2103,0.0,10177,156,80592
12,80760,2103,0.0,10178,156,80604
8,80768,2104,1.0,10179,156,80612
6,80774,2105,1.0,10180,156,80618
6,80780,2106,1.0,10181,156,80624
3,80783,2106,0.0,10182,156,80627
14,80797,2106,0.0,10183,156,80641
6,80803,2107,1.0,10184,156,80647
18,80821,2107,0.0,10185,156,80665
8,80829,2108,1.0,10186,156,80673
6,80835,2109,1.0,10187,156,80679
2,80837,2109,0.0,10188,156,80681
2,80839,2109,0.0,10189,156,80683
3,80842,2109,0.0,10190,156,80686
2,80844,2109,0.0,10191,156,80688
6,80850,2110,1.0,10192,156,80694
8,80858,2110,0.0,10193,156,80702
15,80873,2110,0.0,10194,156,80717
31,80904,2111,1.0,10195,156,80748
6,80910,2112,1.0,10196,156,80754
6,80916,2113,1.0,10197,156,80760
3,80919,2113,0.0,10198,156,80763
6,80925,2113,0.0,10199,156,80769
2,80927,2113,0.0,10200,156,80771
2,80929,2113,0.0,10201,156,80773
10,80939,2113,0.0,10202,156,80783
6,80945,2114,1.0,10203,156,80789
3,80948,2114,0.0,10204,156,80792
6,80954,2115,1.0,10205,156,80798
8,80962,2115,0.0,10206,156,80806
6,80968,2115,0.0,10207,156,80812
6,80974,2116,1.0,10208,156,80818
6,80980,2117,1.0,10209,156,80824
16,80996,2117,0.0,10210,156,80840
7,81003,2117,0.0,10211,156,80847
6,81009,2118,1.0,10212,156,80853
6,81015,2119,1.0,10213,156,80859
6,81021,2120,1.0,10214,156,80865
6,81027,2121,1.0,10215,156,80871
4,81031,2121,0.0,10216,156,80875
12,81043,2121,0.0,10217,156,80887
6,81049,2122,1.0,10218,156,80893
2,81051,2122,0.0,10219,156,80895
12,81063,2122,0.0,10220,156,80907
21,81084,2122,0.0,10221,156,80928
6,81090,2122,0.0,10222,156,80934
6,81096,2123,1.0,10223,156,80940
18,81114,2123,0.0,10224,156,80958
5,81119,2123,0.0,10225,156,80963
13,81132,2123,0.0,10226,156,80976
6,81138,2123,0.0,10227,156,80982
16,81154,2123,0.0,10228,156,80998
6,81160,2124,1.0,10229,156,81004
7,81167,2124,0.0,10230,156,81011
15,81182,2124,0.0,10231,156,81026
3,81185,2124,0.0,10232,156,81029
5,81190,2124,0.0,10233,156,81034
2,81192,2124,0.0,10234,156,81036
9,81201,2124,0.0,10235,156,81045
16,81217,2124,0.0,10236,156,81061
3,81220,2124,0.0,10237,156,81064
8,81228,2125,1.0,10238,156,81072
6,81234,2126,1.0,10239,156,81078
13,81247,2126,0.0,10240,156,81091
16,81263,2126,0.0,10241,156,81107
7,81270,2126,0.0,10242,156,81114
5,81275,2126,0.0,10243,156,81119
2,81277,2126,0.0,10244,156,81121
6,81283,2127,1.0,10245,156,81127
9,81292,2127,0.0,10246,156,81136
15,81307,2127,0.0,10247,156,81151
22,81329,2127,0.0,10248,156,81173
18,81347,2127,0.0,10249,156,81191
6,81353,2128,1.0,10250,156,81197
4,81357,2128,0.0,10251,156,81201
12,81369,2128,0.0,10252,156,81213
20,81389,2128,0.0,10253,156,81233
2,81391,2128,0.0,10254,156,81235
6,81397,2129,1.0,10255,156,81241
3,81400,2129,0.0,10256,156,81244
7,81407,2129,0.0,10257,156,81251
3,81410,2129,0.0,10258,156,81254
6,81416,2130,1.0,10259,156,81260
10,81426,2130,0.0,10260,156,81270
6,81432,2131,1.0,10261,156,81276
5,81437,2131,0.0,10262,156,81281
5,81442,2131,0.0,10263,156,81286
2,81444,2131,0.0,10264,156,81288
6,81450,2131,0.0,10265,156,81294
3,81453,2131,0.0,10266,156,81297
6,81459,2132,1.0,10267,156,81303
6,81465,2133,1.0,10268,156,81309
6,81471,2134,1.0,10269,156,81315
6,81477,2135,1.0,10270,156,81321
2,81479,2135,0.0,10271,156,81323
13,81492,2135,0.0,10272,156,81336
25,81517,2135,0.0,10273,156,81361
20,81537,2135,0.0,10274,156,81381
18,81555,2135,0.0,10275,156,81399
5,81560,2135,0.0,10276,156,81404
3,81563,2135,0.0,10277,156,81407
14,81577,2135,0.0,10278,156,81421
6,81583,2135,0.0,10279,156,81427
6,81589,2136,1.0,10280,156,81433
5,81594,2136,0.0,10281,156,81438
2,81596,2136,0.0,10282,156,81440
8,81604,2136,0.0,10283,156,81448
5,81609,2136,0.0,10284,156,81453
6,81615,2136,0.0,10285,156,81459
2,81617,2136,0.0,10286,156,81461
6,81623,2136,0.0,10287,156,81467
15,81638,2136,0.0,10288,156,81482
13,81651,2136,0.0,10289,156,81495
2,81653,2136,0.0,10290,156,81497
12,81665,2136,0.0,10291,156,81509
3,81668,2136,0.0,10292,156,81512
9,81677,2136,0.0,10293,156,81521
6,81683,2137,1.0,10294,156,81527
4,81687,2137,0.0,10295,156,81531
6,81693,2138,1.0,10296,156,81537
3,81696,2138,0.0,10297,156,81540
2,81698,2138,0.0,10298,156,81542
6,81704,2139,1.0,10299,156,81548
18,81722,2139,0.0,10300,156,81566
5,81727,2139,0.0,10301,156,81571
4,81731,2139,0.0,10302,156,81575
6,81737,2140,1.0,10303,156,81581
2,81739,2140,0.0,10304,156,81583
4,81743,2140,0.0,10305,156,81587
5,81748,2140,0.0,10306,156,81592
10,81758,2140,0.0,10307,156,81602
19,81777,2140,0.0,10308,156,81621
8,81785,2140,0.0,10309,156,81629
6,81791,2141,1.0,10310,156,81635
6,81797,2141,0.0,10311,156,81641
10,81807,2141,0.0,10312,156,81651
2,81809,2141,0.0,10313,156,81653
2,81811,2141,0.0,10314,156,81655
6,81817,2141,0.0,10315,156,81661
2,81819,2141,0.0,10316,156,81663
6,81825,2142,1.0,10317,156,81669
3,81828,2142,0.0,10318,156,81672
18,81846,2142,0.0,10319,156,81690
28,81874,2142,0.0,10320,156,81718
3,81877,2142,0.0,10321,156,81721
6,81883,2143,1.0,10322,156,81727
13,81896,2143,0.0,10323,156,81740
6,81902,2144,1.0,10324,156,81746
6,81908,2145,1.0,10325,156,81752
4,81912,2145,0.0,10326,156,81756
3,81915,2145,0.0,10327,156,81759
8,81923,2146,1.0,10328,156,81767
2,81925,2146,0.0,10329,156,81769
12,81937,2146,0.0,10330,156,81781
19,81956,2146,0.0,10331,156,81800
4,81960,2146,0.0,10332,156,81804
10,81970,2146,0.0,10333,156,81814
18,81988,2146,0.0,10334,156,81832
9,81997,2146,0.0,10335,156,81841
6,82003,2147,1.0,10336,156,81847
2,82005,2147,0.0,10337,156,81849
18,82023,2147,0.0,10338,156,81867
6,82029,2147,0.0,10339,156,81873
3,82032,2147,0.0,10340,156,81876
6,82038,2148,1.0,10341,156,81882
6,82044,2149,1.0,10342,156,81888
8,82052,2149,0.0,10343,156,81896
8,82060,2149,0.0,10344,156,81904
2,82062,2149,0.0,10345,156,81906
6,82068,2150,1.0,10346,156,81912
4,82072,2150,0.0,10347,156,81916
3,82075,2150,0.0,10348,156,81919
14,82089,2150,0.0,10349,156,81933
6,82095,2151,1.0,10350,156,81939
6,82101,2151,0.0,10351,156,81945
15,82116,2151,0.0,10352,156,81960
4,82120,2151,0.0,10353,156,81964
6,82126,2152,1.0,10354,156,81970
7,82133,2152,0.0,10355,156,81977
6,82139,2153,1.0,10356,156,81983
18,82157,2153,0.0,10357,156,82001
9,82166,2153,0.0,10358,156,82010
10,82176,2153,0.0,10359,156,82020
11,82187,2153,0.0,10360,156,82031
3,82190,2153,0.0,10361,156,82034
6,82196,2154,1.0,10362,156,82040
3,82199,2154,0.0,10363,156,82043
15,82214,2154,0.0,10364,156,82058
4,82218,2154,0.0,10365,156,82062
19,82237,2154,0.0,10366,156,82081
6,82243,2155,1.0,10367,156,82087
11,82254,2155,0.0,10368,156,82098
6,82260,2156,1.0,10369,156,82104
6,82266,2157,1.0,10370,156,82110
10,82276,2157,0.0,10371,156,82120
11,82287,2157,0.0,10372,156,82131
2,82289,2157,0.0,10373,156,82133
3,82292,2157,0.0,10374,156,82136
3,82295,2157,0.0,10375,156,82139
2,82297,2157,0.0,10376,156,82141
3,82300,2157,0.0,10377,156,82144
15,82315,2157,0.0,10378,156,82159
8,82323,2157,0.0,10379,156,82167
19,82342,2157,0.0,10380,156,82186
6,82348,2158,1.0,10381,156,82192
7,82355,2158,0.0,10382,156,82199
18,82373,2158,0.0,10383,156,82217
2,82375,2158,0.0,10384,156,82219
6,82381,2159,1.0,10385,156,82225
13,82394,2159,0.0,10386,156,82238
6,82400,2160,1.0,10387,156,82244
18,82418,2160,0.0,10388,156,82262
4,82422,2160,0.0,10389,156,82266
9,82431,2160,0.0,10390,156,82275
9,82440,2160,0.0,10391,156,82284
3,82443,2160,0.0,10392,156,82287
3,82446,2160,0.0,10393,156,82290
2,82448,2160,0.0,10394,156,82292
3,82451,2160,0.0,10395,156,82295
3,82454,2160,0.0,10396,156,82298
16,82470,2160,0.0,10397,156,82314
6,82476,2161,1.0,10398,156,82320
8,82484,2161,0.0,10399,156,82328
6,82490,2162,1.0,10400,156,82334
2,82492,2162,0.0,10401,156,82336
2,82494,2162,0.0,10402,156,82338
33,82527,2162,0.0,10403,156,82371
4,82531,2162,0.0,10404,156,82375
3,82534,2162,0.0,10405,156,82378
8,82542,2163,1.0,10406,156,82386
11,82553,2163,0.0,10407,156,82397
18,82571,2163,0.0,10408,156,82415
10,82581,2163,0.0,10409,156,82425
6,82587,2164,1.0,10410,156,82431
6,82593,2165,1.0,10411,156,82437
20,82613,2165,0.0,10412,156,82457
18,82631,2165,0.0,10413,156,82475
6,82637,2166,1.0,10414,156,82481
2,82639,2166,0.0,10415,156,82483
9,82648,2166,0.0,10416,156,82492
39,82687,2166,0.0,10417,156,82531
4,82691,2166,0.0,10418,156,82535
6,82697,2167,1.0,10419,156,82541
6,82703,2168,1.0,10420,156,82547
6,82709,2169,1.0,10421,156,82553
4,82713,2169,0.0,10422,156,82557
3,82716,2169,0.0,10423,156,82560
6,82722,2170,1.0,10424,156,82566
6,82728,2171,1.0,10425,156,82572
8,82736,2171,0.0,10426,156,82580
8,82744,2171,0.0,10427,156,82588
5,82749,2171,0.0,10428,156,82593
8,82757,2171,0.0,10429,156,82601
13,82770,2171,0.0,10430,156,82614
2,82772,2171,0.0,10431,156,82616
16,82788,2171,0.0,10432,156,82632
3,82791,2171,0.0,10433,156,82635
18,82809,2171,0.0,10434,156,82653
6,82815,2172,1.0,10435,156,82659
2,82817,2172,0.0,10436,156,82661
6,82823,2173,1.0,10437,156,82667
9,82832,2173,0.0,10438,156,82676
6,82838,2173,0.0,10439,156,82682
4,82842,2173,0.0,10440,156,82686
6,82848,2174,1.0,10441,156,82692
8,82856,2174,0.0,10442,156,82700
7,82863,2174,0.0,10443,156,82707
6,82869,2175,1.0,10444,156,82713
29,82898,2176,1.0,10445,156,82742
6,82904,2177,1.0,10446,156,82748
5,82909,2177,0.0,10447,156,82753
2,82911,2177,0.0,10448,156,82755
3,82914,2177,0.0,10449,156,82758
2,82916,2177,0.0,10450,156,82760
2,82918,2177,0.0,10451,156,82762
7,82925,2177,0.0,10452,156,82769
21,82946,2177,0.0,10453,156,82790
4,82950,2177,0.0,10454,156,82794
3,82953,2177,0.0,10455,156,82797
6,82959,2178,1.0,10456,156,82803
17,82976,2178,0.0,10457,156,82820
6,82982,2178,0.0,10458,156,82826
4,82986,2178,0.0,10459,156,82830
6,82992,2179,1.0,10460,156,82836
8,83000,2179,0.0,10461,156,82844
2,83002,2179,0.0,10462,156,82846
18,83020,2179,0.0,10463,156,82864
6,83026,2180,1.0,10464,156,82870
22,83048,2180,0.0,10465,156,82892
5,83053,2180,0.0,10466,156,82897
6,83059,2181,1.0,10467,156,82903
6,83065,2182,1.0,10468,156,82909
12,83077,2182,0.0,10469,156,82921
15,83092,2182,0.0,10470,156,82936
7,83099,2182,0.0,10471,156,82943
6,83105,2183,1.0,10472,156,82949
12,83117,2183,0.0,10473,156,82961
6,83123,2184,1.0,10474,156,82967
5,83128,2184,0.0,10475,156,82972
15,83143,2184,0.0,10476,156,82987
4,83147,2184,0.0,10477,156,82991
6,83153,2185,1.0,10478,156,82997
7,83160,2185,0.0,10479,156,83004
6,83166,2186,1.0,10480,156,83010
11,83177,2186,0.0,10481,156,83021
3,83180,2186,0.0,10482,156,83024
9,83189,2186,0.0,10483,156,83033
18,83207,2186,0.0,10484,156,83051
9,83216,2186,0.0,10485,156,83060
7,83223,2186,0.0,10486,156,83067
6,83229,2187,1.0,10487,156,83073
18,83247,2187,0.0,10488,156,83091
7,83254,2187,0.0,10489,156,83098
6,83260,2188,1.0,10490,156,83104
6,83266,2189,1.0,10491,156,83110
6,83272,2190,1.0,10492,156,83116
6,83278,2191,1.0,10493,156,83122
8,83286,2191,0.0,10494,156,83130
9,83295,2191,0.0,10495,156,83139
3,83298,2191,0.0,10496,156,83142
10,83308,2191,0.0,10497,156,83152
6,83314,2192,1.0,10498,156,83158
6,83320,2192,0.0,10499,156,83164
6,83326,2193,1.0,10500,156,83170
6,83332,2194,1.0,10501,156,83176
6,83338,2195,1.0,10502,156,83182
6,83344,2196,1.0,10503,156,83188
4,83348,2196,0.0,10504,156,83192
15,83363,2196,0.0,10505,156,83207
8,83371,2197,1.0,10506,156,83215
6,83377,2198,1.0,10507,156,83221
2,83379,2198,0.0,10508,156,83223
15,83394,2198,0.0,10509,156,83238
6,83400,2199,1.0,10510,156,83244
11,83411,2199,0.0,10511,156,83255
6,83417,2200,1.0,10512,156,83261
6,83423,2201,1.0,10513,156,83267
6,83429,2202,1.0,10514,156,83273
2,83431,2202,0.0,10515,156,83275
31,83462,2202,0.0,10516,156,83306
2,83464,2202,0.0,10517,156,83308
6,83470,2203,1.0,10518,156,83314
4,83474,2203,0.0,10519,156,83318
6,83480,2203,0.0,10520,156,83324
6,83486,2203,0.0,10521,156,83330
8,83494,2203,0.0,10522,156,83338
6,83500,2203,0.0,10523,156,83344
7,83507,2203,0.0,10524,156,83351
2,83509,2203,0.0,10525,156,83353
9,83518,2203,0.0,10526,156,83362
8,83526,2204,1.0,10527,156,83370
6,83532,2205,1.0,10528,156,83376
12,83544,2205,0.0,10529,156,83388
2,83546,2205,0.0,10530,156,83390
6,83552,2206,1.0,10531,156,83396
2,83554,2206,0.0,10532,156,83398
10,83564,2206,0.0,10533,156,83408
10,83574,2206,0.0,10534,156,83418
2,83576,2206,0.0,10535,156,83420
5,83581,2206,0.0,10536,156,83425
4,83585,2206,0.0,10537,156,83429
8,83593,2207,1.0,10538,156,83437
27,83620,2207,0.0,10539,156,83464
9,83629,2207,0.0,10540,156,83473
6,83635,2208,1.0,10541,156,83479
10,83645,2208,0.0,10542,156,83489
5,83650,2208,0.0,10543,156,83494
7,83657,2208,0.0,10544,156,83501
2,83659,2208,0.0,10545,156,83503
8,83667,2208,0.0,10546,156,83511
6,83673,2209,1.0,10547,156,83517
2,83675,2209,0.0,10548,156,83519
5,83680,2209,0.0,10549,156,83524
6,83686,2210,1.0,10550,156,83530
6,83692,2211,1.0,10551,156,83536
8,83700,2211,0.0,10552,156,83544
7,83707,2211,0.0,10553,156,83551
6,83713,2212,1.0,10554,156,83557
6,83719,2213,1.0,10555,156,83563
13,83732,2213,0.0,10556,156,83576
2,83734,2213,0.0,10557,156,83578
6,83740,2214,1.0,10558,156,83584
10,83750,2214,0.0,10559,156,83594
8,83758,2214,0.0,10560,156,83602
7,83765,2214,0.0,10561,156,83609
6,83771,2215,1.0,10562,156,83615
5,83776,2215,0.0,10563,156,83620
8,83784,2215,0.0,10564,156,83628
2,83786,2215,0.0,10565,156,83630
8,83794,2216,1.0,10566,156,83638
6,83800,2217,1.0,10567,156,83644
4,83804,2217,0.0,10568,156,83648
20,83824,2217,0.0,10569,156,83668
2,83826,2217,0.0,10570,156,83670
16,83842,2217,0.0,10571,156,83686
4,83846,2217,0.0,10572,156,83690
6,83852,2218,1.0,10573,156,83696
7,83859,2218,0.0,10574,156,83703
6,83865,2219,1.0,10575,156,83709
6,83871,2220,1.0,10576,156,83715
9,83880,2220,0.0,10577,156,83724
7,83887,2220,0.0,10578,156,83731
4,83891,2220,0.0,10579,156,83735
4,83895,2220,0.0,10580,156,83739
7,83902,2220,0.0,10581,156,83746
2,83904,2220,0.0,10582,156,83748
7,83911,2220,0.0,10583,156,83755
6,83917,2221,1.0,10584,156,83761
13,83930,2221,0.0,10585,156,83774
6,83936,2221,0.0,10586,156,83780
8,83944,2221,0.0,10587,156,83788
5,83949,2221,0.0,10588,156,83793
6,83955,2222,1.0,10589,156,83799
2,83957,2222,0.0,10590,156,83801
16,83973,2222,0.0,10591,156,83817
3,83976,2222,0.0,10592,156,83820
3,83979,2222,0.0,10593,156,83823
6,83985,2222,0.0,10594,156,83829
14,83999,2222,0.0,10595,156,83843
3,84002,2222,0.0,10596,156,83846
9,84011,2222,0.0,10597,156,83855
11,84022,2222,0.0,10598,156,83866
13,84035,2222,0.0,10599,156,83879
7,84042,2222,0.0,10600,156,83886
6,84048,2222,0.0,10601,156,83892
18,84066,2222,0.0,10602,156,83910
3,84069,2222,0.0,10603,156,83913
6,84075,2223,1.0,10604,156,83919
18,84093,2223,0.0,10605,156,83937
14,84107,2223,0.0,10606,156,83951
2,84109,2223,0.0,10607,156,83953
13,84122,2223,0.0,10608,156,83966
6,84128,2224,1.0,10609,156,83972
6,84134,2225,1.0,10610,156,83978
6,84140,2226,1.0,10611,156,83984
12,84152,2226,0.0,10612,156,83996
2,84154,2226,0.0,10613,156,83998
6,84160,2227,1.0,10614,156,84004
12,84172,2227,0.0,10615,156,84016
18,84190,2227,0.0,10616,156,84034
2,84192,2227,0.0,10617,156,84036
2,84194,2227,0.0,10618,156,84038
2,84196,2227,0.0,10619,156,84040
35,84231,2227,0.0,10620,156,84075
6,84237,2227,0.0,10621,156,84081
8,84245,2227,0.0,10622,156,84089
2,84247,2227,0.0,10623,156,84091
8,84255,2227,0.0,10624,156,84099
11,84266,2227,0.0,10625,156,84110
5,84271,2227,0.0,10626,156,84115
4,84275,2227,0.0,10627,156,84119
3,84278,2227,0.0,10628,156,84122
7,84285,2227,0.0,10629,156,84129
2,84287,2227,0.0,10630,156,84131
2,84289,2227,0.0,10631,156,84133
6,84295,2228,1.0,10632,156,84139
5,84300,2228,0.0,10633,156,84144
2,84302,2228,0.0,10634,156,84146
19,84321,2228,0.0,10635,156,84165
3,84324,2228,0.0,10636,156,84168
17,84341,2228,0.0,10637,156,84185
6,84347,2228,0.0,10638,156,84191
6,84353,2229,1.0,10639,156,84197
2,84355,2229,0.0,10640,156,84199
2,84357,2229,0.0,10641,156,84201
17,84374,2229,0.0,10642,156,84218
9,84383,2229,0.0,10643,156,84227
3,84386,2229,0.0,10644,156,84230
8,84394,2229,0.0,10645,156,84238
8,84402,2229,0.0,10646,156,84246
6,84408,2230,1.0,10647,156,84252
3,84411,2230,0.0,10648,156,84255
10,84421,2230,0.0,10649,156,84265
4,84425,2230,0.0,10650,156,84269
6,84431,2231,1.0,10651,156,84275
2,84433,2231,0.0,10652,156,84277
3,84436,2231,0.0,10653,156,84280
5,84441,2231,0.0,10654,156,84285
3,84444,2231,0.0,10655,156,84288
10,84454,2231,0.0,10656,156,84298
6,84460,2231,0.0,10657,156,84304
4,84464,2231,0.0,10658,156,84308
10,84474,2231,0.0,10659,156,84318
6,84480,2231,0.0,10660,156,84324
2,84482,2231,0.0,10661,156,84326
15,84497,2231,0.0,10662,156,84341
2,84499,2231,0.0,10663,156,84343
7,84506,2231,0.0,10664,156,84350
6,84512,2231,0.0,10665,156,84356
6,84518,2232,1.0,10666,156,84362
3,84521,2232,0.0,10667,156,84365
6,84527,2233,1.0,10668,156,84371
3,84530,2233,0.0,10669,156,84374
6,84536,2234,1.0,10670,156,84380
8,84544,2235,1.0,10671,156,84388
2,84546,2235,0.0,10672,156,84390
4,84550,2235,0.0,10673,156,84394
14,84564,2235,0.0,10674,156,84408
15,84579,2235,0.0,10675,156,84423
6,84585,2236,1.0,10676,156,84429
15,84600,2236,0.0,10677,156,84444
2,84602,2236,0.0,10678,156,84446
13,84615,2236,0.0,10679,156,84459
10,84625,2236,0.0,10680,156,84469
6,84631,2236,0.0,10681,156,84475
3,84634,2236,0.0,10682,156,84478
10,84644,2236,0.0,10683,156,84488
12,84656,2236,0.0,10684,156,84500
2,84658,2236,0.0,10685,156,84502
6,84664,2236,0.0,10686,156,84508
3,84667,2236,0.0,10687,156,84511
6,84673,2237,1.0,10688,156,84517
4,84677,2237,0.0,10689,156,84521
6,84683,2238,1.0,10690,156,84527
19,84702,2238,0.0,10691,156,84546
2,84704,2238,0.0,10692,156,84548
16,84720,2238,0.0,10693,156,84564
5,84725,2238,0.0,10694,156,84569
6,84731,2239,1.0,10695,156,84575
3,84734,2239,0.0,10696,156,84578
6,84740,2239,0.0,10697,156,84584
4,84744,2239,0.0,10698,156,84588
6,84750,2240,1.0,10699,156,84594
18,84768,2240,0.0,10700,156,84612
6,84774,2241,1.0,10701,156,84618
2,84776,2241,0.0,10702,156,84620
6,84782,2242,1.0,10703,156,84626
8,84790,2243,1.0,10704,156,84634
13,84803,2243,0.0,10705,156,84647
12,84815,2243,0.0,10706,156,84659
9,84824,2243,0.0,10707,156,84668
12,84836,2243,0.0,10708,156,84680
4,84840,2243,0.0,10709,156,84684
3,84843,2243,0.0,10710,156,84687
14,84857,2243,0.0,10711,156,84701
15,84872,2243,0.0,10712,156,84716
6,84878,2244,1.0,10713,156,84722
3,84881,2244,0.0,10714,156,84725
20,84901,2244,0.0,10715,156,84745
2,84903,2244,0.0,10716,156,84747
6,84909,2245,1.0,10717,156,84753
8,84917,2246,1.0,10718,156,84761
2,84919,2246,0.0,10719,156,84763
20,84939,2246,0.0,10720,156,84783
18,84957,2246,0.0,10721,156,84801
9,84966,2246,0.0,10722,156,84810
6,84972,2247,1.0,10723,156,84816
6,84978,2248,1.0,10724,156,84822
6,84984,2249,1.0,10725,156,84828
4,84988,2249,0.0,10726,156,84832
6,84994,2250,1.0,10727,156,84838
3,84997,2250,0.0,10728,156,84841
2,84999,2250,0.0,10729,156,84843
14,85013,2250,0.0,10730,156,84857
6,85019,2251,1.0,10731,156,84863
13,85032,2251,0.0,10732,156,84876
9,85041,2251,0.0,10733,156,84885
6,85047,2252,1.0,10734,156,84891
2,85049,2252,0.0,10735,156,84893
6,85055,2253,1.0,10736,156,84899
6,85061,2253,0.0,10737,156,84905
6,85067,2254,1.0,10738,156,84911
6,85073,2254,0.0,10739,156,84917
19,85092,2254,0.0,10740,156,84936
6,85098,2255,1.0,10741,156,84942
24,85122,2255,0.0,10742,156,84966
8,85130,2256,1.0,10743,156,84974
3,85133,2256,0.0,10744,156,84977
10,85143,2256,0.0,10745,156,84987
11,85154,2256,0.0,10746,156,84998
3,85157,2256,0.0,10747,156,85001
13,85170,2256,0.0,10748,156,85014
8,85178,2256,0.0,10749,156,85022
4,85182,2256,0.0,10750,156,85026
15,85197,2256,0.0,10751,156,85041
2,85199,2256,0.0,10752,156,85043
6,85205,2257,1.0,10753,156,85049
18,85223,2257,0.0,10754,156,85067
6,85229,2258,1.0,10755,156,85073
7,85236,2258,0.0,10756,156,85080
10,85246,2258,0.0,10757,156,85090
6,85252,2259,1.0,10758,156,85096
3,85255,2259,0.0,10759,156,85099
2,85257,2259,0.0,10760,156,85101
2,85259,2259,0.0,10761,156,85103
2,85261,2259,0.0,10762,156,85105
19,85280,2259,0.0,10763,156,85124
9,85289,2259,0.0,10764,156,85133
2,85291,2259,0.0,10765,156,85135
4,85295,2259,0.0,10766,156,85139
4,85299,2259,0.0,10767,156,85143
4,85303,2259,0.0,10768,156,85147
6,85309,2259,0.0,10769,156,85153
10,85319,2259,0.0,10770,156,85163
11,85330,2259,0.0,10771,156,85174
2,85332,2259,0.0,10772,156,85176
3,85335,2259,0.0,10773,156,85179
5,85340,2259,0.0,10774,156,85184
8,85348,2259,0.0,10775,156,85192
6,85354,2259,0.0,10776,156,85198
2,85356,2259,0.0,10777,156,85200
2,85358,2259,0.0,10778,156,85202
8,85366,2259,0.0,10779,156,85210
4,85370,2259,0.0,10780,156,85214
2,85372,2259,0.0,10781,156,85216
15,85387,2259,0.0,10782,156,85231
13,85400,2259,0.0,10783,156,85244
3,85403,2259,0.0,10784,156,85247
6,85409,2260,1.0,10785,156,85253
2,85411,2260,0.0,10786,156,85255
6,85417,2261,1.0,10787,156,85261
6,85423,2261,0.0,10788,156,85267
6,85429,2262,1.0,10789,156,85273
3,85432,2262,0.0,10790,156,85276
9,85441,2262,0.0,10791,156,85285
2,85443,2262,0.0,10792,156,85287
25,85468,2262,0.0,10793,156,85312
6,85474,2263,1.0,10794,156,85318
6,85480,2264,1.0,10795,156,85324
8,85488,2264,0.0,10796,156,85332
6,85494,2265,1.0,10797,156,85338
2,85496,2265,0.0,10798,156,85340
4,85500,2265,0.0,10799,156,85344
9,85509,2265,0.0,10800,156,85353
3,85512,2265,0.0,10801,156,85356
5,85517,2265,0.0,10802,156,85361
2,85519,2265,0.0,10803,156,85363
2,85521,2265,0.0,10804,156,85365
15,85536,2265,0.0,10805,156,85380
6,85542,2266,1.0,10806,156,85386
10,85552,2266,0.0,10807,156,85396
14,85566,2266,0.0,10808,156,85410
18,85584,2266,0.0,10809,156,85428
6,85590,2267,1.0,10810,156,85434
11,85601,2267,0.0,10811,156,85445
18,85619,2267,0.0,10812,156,85463
2,85621,2267,0.0,10813,156,85465
15,85636,2267,0.0,10814,156,85480
2,85638,2267,0.0,10815,156,85482
2,85640,2267,0.0,10816,156,85484
11,85651,2267,0.0,10817,156,85495
7,85658,2267,0.0,10818,156,85502
4,85662,2267,0.0,10819,156,85506
8,85670,2267,0.0,10820,156,85514
18,85688,2267,0.0,10821,156,85532
7,85695,2267,0.0,10822,156,85539
6,85701,2267,0.0,10823,156,85545
6,85707,2267,0.0,10824,156,85551
5,85712,2267,0.0,10825,156,85556
18,85730,2267,0.0,10826,156,85574
26,85756,2267,0.0,10827,156,85600
19,85775,2267,0.0,10828,156,85619
8,85783,2267,0.0,10829,156,85627
26,85809,2267,0.0,10830,156,85653
16,85825,2267,0.0,10831,156,85669
2,85827,2267,0.0,10832,156,85671
11,85838,2267,0.0,10833,156,85682
4,85842,2267,0.0,10834,156,85686
2,85844,2267,0.0,10835,156,85688
3,85847,2267,0.0,10836,156,85691
3,85850,2267,0.0,10837,156,85694
10,85860,2267,0.0,10838,156,85704
7,85867,2267,0.0,10839,156,85711
2,85869,2267,0.0,10840,156,85713
7,85876,2267,0.0,10841,156,85720
8,85884,2267,0.0,10842,156,85728
2,85886,2267,0.0,10843,156,85730
6,85892,2267,0.0,10844,156,85736
11,85903,2267,0.0,10845,156,85747
6,85909,2268,1.0,10846,156,85753
10,85919,2268,0.0,10847,156,85763
2,85921,2268,0.0,10848,156,85765
6,85927,2268,0.0,10849,156,85771
2,85929,2268,0.0,10850,156,85773
6,85935,2269,1.0,10851,156,85779
6,85941,2269,0.0,10852,156,85785
2,85943,2269,0.0,10853,156,85787
8,85951,2270,1.0,10854,156,85795
7,85958,2270,0.0,10855,156,85802
4,85962,2270,0.0,10856,156,85806
6,85968,2271,1.0,10857,156,85812
27,85995,2271,0.0,10858,156,85839
6,86001,2272,1.0,10859,156,85845
3,86004,2272,0.0,10860,156,85848
8,86012,2272,0.0,10861,156,85856
3,86015,2272,0.0,10862,156,85859
7,86022,2272,0.0,10863,156,85866
12,86034,2272,0.0,10864,156,85878
5,86039,2272,0.0,10865,156,85883
7,86046,2272,0.0,10866,156,85890
8,86054,2272,0.0,10867,156,85898
8,86062,2272,0.0,10868,156,85906
2,86064,2272,0.0,10869,156,85908
8,86072,2273,1.0,10870,156,85916
2,86074,2273,0.0,10871,156,85918
7,86081,2273,0.0,10872,156,85925
4,86085,2273,0.0,10873,156,85929
9,86094,2273,0.0,10874,156,85938
8,86102,2274,1.0,10875,156,85946
6,86108,2275,1.0,10876,156,85952
4,86112,2275,0.0,10877,156,85956
3,86115,2275,0.0,10878,156,85959
5,86120,2275,0.0,10879,156,85964
8,86128,2276,1.0,10880,156,85972
3,86131,2276,0.0,10881,156,85975
2,86133,2276,0.0,10882,156,85977
18,86151,2276,0.0,10883,156,85995
15,86166,2276,0.0,10884,156,86010
3,86169,2276,0.0,10885,156,86013
6,86175,2277,1.0,10886,156,86019
5,86180,2277,0.0,10887,156,86024
11,86191,2277,0.0,10888,156,86035
14,86205,2277,0.0,10889,156,86049
6,86211,2278,1.0,10890,156,86055
16,86227,2278,0.0,10891,156,86071
6,86233,2279,1.0,10892,156,86077
3,86236,2279,0.0,10893,156,86080
6,86242,2280,1.0,10894,156,86086
3,86245,2280,0.0,10895,156,86089
6,86251,2281,1.0,10896,156,86095
6,86257,2282,1.0,10897,156,86101
4,86261,2282,0.0,10898,156,86105
3,86264,2282,0.0,10899,156,86108
7,86271,2282,0.0,10900,156,86115
17,86288,2282,0.0,10901,156,86132
10,86298,2282,0.0,10902,156,86142
6,86304,2283,1.0,10903,156,86148
6,86310,2284,1.0,10904,156,86154
4,86314,2284,0.0,10905,156,86158
6,86320,2284,0.0,10906,156,86164
4,86324,2284,0.0,10907,156,86168
13,86337,2284,0.0,10908,156,86181
18,86355,2284,0.0,10909,156,86199
14,86369,2284,0.0,10910,156,86213
3,86372,2284,0.0,10911,156,86216
4,86376,2284,0.0,10912,156,86220
17,86393,2284,0.0,10913,156,86237
6,86399,2285,1.0,10914,156,86243
8,86407,2286,1.0,10915,156,86251
2,86409,2286,0.0,10916,156,86253
7,86416,2286,0.0,10917,156,86260
3,86419,2286,0.0,10918,156,86263
13,86432,2286,0.0,10919,156,86276
10,86442,2286,0.0,10920,156,86286
4,86446,2286,0.0,10921,156,86290
6,86452,2287,1.0,10922,156,86296
3,86455,2287,0.0,10923,156,86299
8,86463,2287,0.0,10924,156,86307
20,86483,2287,0.0,10925,156,86327
11,86494,2287,0.0,10926,156,86338
5,86499,2287,0.0,10927,156,86343
8,86507,2288,1.0,10928,156,86351
9,86516,2288,0.0,10929,156,86360
6,86522,2288,0.0,10930,156,86366
2,86524,2288,0.0,10931,156,86368
8,86532,2289,1.0,10932,156,86376
20,86552,2289,0.0,10933,156,86396
7,86559,2289,0.0,10934,156,86403
18,86577,2289,0.0,10935,156,86421
13,86590,2289,0.0,10936,156,86434
6,86596,2290,1.0,10937,156,86440
3,86599,2290,0.0,10938,156,86443
7,86606,2290,0.0,10939,156,86450
18,86624,2290,0.0,10940,156,86468
2,86626,2290,0.0,10941,156,86470
3,86629,2290,0.0,10942,156,86473
15,86644,2290,0.0,10943,156,86488
6,86650,2291,1.0,10944,156,86494
6,86656,2292,1.0,10945,156,86500
6,86662,2292,0.0,10946,156,86506
2,86664,2292,0.0,10947,156,86508
2,86666,2292,0.0,10948,156,86510
11,86677,2292,0.0,10949,156,86521
3,86680,2292,0.0,10950,156,86524
13,86693,2292,0.0,10951,156,86537
18,86711,2292,0.0,10952,156,86555
9,86720,2292,0.0,10953,156,86564
12,86732,2292,0.0,10954,156,86576
5,86737,2292,0.0,10955,156,86581
8,86745,2292,0.0,10956,156,86589
6,86751,2293,1.0,10957,156,86595
8,86759,2293,0.0,10958,156,86603
6,86765,2294,1.0,10959,156,86609
6,86771,2295,1.0,10960,156,86615
3,86774,2295,0.0,10961,156,86618
18,86792,2295,0.0,10962,156,86636
8,86800,2295,0.0,10963,156,86644
6,86806,2296,1.0,10964,156,86650
6,86812,2296,0.0,10965,156,86656
6,86818,2297,1.0,10966,156,86662
14,86832,2297,0.0,10967,156,86676
3,86835,2297,0.0,10968,156,86679
3,86838,2297,0.0,10969,156,86682
18,86856,2297,0.0,10970,156,86700
3,86859,2297,0.0,10971,156,86703
12,86871,2297,0.0,10972,156,86715
3,86874,2297,0.0,10973,156,86718
6,86880,2297,0.0,10974,156,86724
12,86892,2297,0.0,10975,156,86736
5,86897,2297,0.0,10976,156,86741
6,86903,2298,1.0,10977,156,86747
2,86905,2298,0.0,10978,156,86749
14,86919,2298,0.0,10979,156,86763
3,86922,2298,0.0,10980,156,86766
6,86928,2298,0.0,10981,156,86772
13,86941,2298,0.0,10982,156,86785
6,86947,2299,1.0,10983,156,86791
3,86950,2299,0.0,10984,156,86794
10,86960,2299,0.0,10985,156,86804
26,86986,2299,0.0,10986,156,86830
2,86988,2299,0.0,10987,156,86832
5,86993,2299,0.0,10988,156,86837
5,86998,2299,0.0,10989,156,86842
8,87006,2299,0.0,10990,156,86850
9,87015,2299,0.0,10991,156,86859
13,87028,2299,0.0,10992,156,86872
6,87034,2300,1.0,10993,156,86878
10,87044,2300,0.0,10994,156,86888
2,87046,2300,0.0,10995,156,86890
6,87052,2301,1.0,10996,156,86896
6,87058,2301,0.0,10997,156,86902
12,87070,2301,0.0,10998,156,86914
2,87072,2301,0.0,10999,156,86916
11,87083,2301,0.0,11000,156,86927
4,87087,2301,0.0,11001,156,86931
6,87093,2302,1.0,11002,156,86937
8,87101,2302,0.0,11003,156,86945
8,87109,2302,0.0,11004,156,86953
11,87120,2302,0.0,11005,156,86964
6,87126,2303,1.0,11006,156,86970
2,87128,2303,0.0,11007,156,86972
6,87134,2303,0.0,11008,156,86978
3,87137,2303,0.0,11009,156,86981
7,87144,2303,0.0,11010,156,86988
12,87156,2303,0.0,11011,156,87000
6,87162,2304,1.0,11012,156,87006
6,87168,2305,1.0,11013,156,87012
6,87174,2305,0.0,11014,156,87018
13,87187,2305,0.0,11015,156,87031
20,87207,2305,0.0,11016,156,87051
6,87213,2305,0.0,11017,156,87057
7,87220,2305,0.0,11018,156,87064
4,87224,2305,0.0,11019,156,87068
29,87253,2306,1.0,11020,156,87097
4,87257,2306,0.0,11021,156,87101
15,87272,2306,0.0,11022,156,87116
7,87279,2306,0.0,11023,156,87123
9,87288,2306,0.0,11024,156,87132
5,87293,2306,0.0,11025,156,87137
25,87318,2306,0.0,11026,156,87162
6,87324,2306,0.0,11027,156,87168
11,87335,2306,0.0,11028,156,87179
20,87355,2306,0.0,11029,156,87199
7,87362,2306,0.0,11030,156,87206
6,87368,2307,1.0,11031,156,87212
7,87375,2307,0.0,11032,156,87219
8,87383,2307,0.0,11033,156,87227
9,87392,2307,0.0,11034,156,87236
5,87397,2307,0.0,11035,156,87241
4,87401,2307,0.0,11036,156,87245
6,87407,2307,0.0,11037,156,87251
6,87413,2308,1.0,11038,156,87257
2,87415,2308,0.0,11039,156,87259
12,87427,2308,0.0,11040,156,87271
6,87433,2308,0.0,11041,156,87277
13,87446,2308,0.0,11042,156,87290
2,87448,2308,0.0,11043,156,87292
2,87450,2308,0.0,11044,156,87294
9,87459,2308,0.0,11045,156,87303
7,87466,2308,0.0,11046,156,87310
6,87472,2309,1.0,11047,156,87316
6,87478,2310,1.0,11048,156,87322
3,87481,2310,0.0,11049,156,87325
7,87488,2310,0.0,11050,156,87332
6,87494,2311,1.0,11051,156,87338
3,87497,2311,0.0,11052,156,87341
2,87499,2311,0.0,11053,156,87343
2,87501,2311,0.0,11054,156,87345
18,87519,2311,0.0,11055,156,87363
7,87526,2311,0.0,11056,156,87370
6,87532,2311,0.0,11057,156,87376
13,87545,2311,0.0,11058,156,87389
15,87560,2311,0.0,11059,156,87404
4,87564,2311,0.0,11060,156,87408
6,87570,2312,1.0,11061,156,87414
7,87577,2312,0.0,11062,156,87421
8,87585,2313,1.0,11063,156,87429
6,87591,2314,1.0,11064,156,87435
6,87597,2315,1.0,11065,156,87441
7,87604,2315,0.0,11066,156,87448
18,87622,2315,0.0,11067,156,87466
6,87628,2316,1.0,11068,156,87472
6,87634,2317,1.0,11069,156,87478
11,87645,2317,0.0,11070,156,87489
11,87656,2317,0.0,11071,156,87500
8,87664,2317,0.0,11072,156,87508
7,87671,2317,0.0,11073,156,87515
5,87676,2317,0.0,11074,156,87520
3,87679,2317,0.0,11075,156,87523
3,87682,2317,0.0,11076,156,87526
6,87688,2318,1.0,11077,156,87532
21,87709,2318,0.0,11078,156,87553
3,87712,2318,0.0,11079,156,87556
6,87718,2319,1.0,11080,156,87562
6,87724,2320,1.0,11081,156,87568
6,87730,2321,1.0,11082,156,87574
6,87736,2322,1.0,11083,156,87580
3,87739,2322,0.0,11084,156,87583
16,87755,2322,0.0,11085,156,87599
3,87758,2322,0.0,11086,156,87602
6,87764,2323,1.0,11087,156,87608
7,87771,2323,0.0,11088,156,87615
36,87807,2323,0.0,11089,156,87651
11,87818,2323,0.0,11090,156,87662
7,87825,2323,0.0,11091,156,87669
3,87828,2323,0.0,11092,156,87672
7,87835,2323,0.0,11093,156,87679
2,87837,2323,0.0,11094,156,87681
3,87840,2323,0.0,11095,156,87684
4,87844,2323,0.0,11096,156,87688
14,87858,2323,0.0,11097,156,87702
8,87866,2324,1.0,11098,156,87710
12,87878,2324,0.0,11099,156,87722
4,87882,2324,0.0,11100,156,87726
12,87894,2324,0.0,11101,156,87738
18,87912,2324,0.0,11102,156,87756
3,87915,2324,0.0,11103,156,87759
12,87927,2324,0.0,11104,156,87771
5,87932,2324,0.0,11105,156,87776
8,87940,2324,0.0,11106,156,87784
6,87946,2325,1.0,11107,156,87790
2,87948,2325,0.0,11108,156,87792
6,87954,2326,1.0,11109,156,87798
11,87965,2326,0.0,11110,156,87809
18,87983,2326,0.0,11111,156,87827
14,87997,2326,0.0,11112,156,87841
2,87999,2326,0.0,11113,156,87843
11,88010,2326,0.0,11114,156,87854
2,88012,2326,0.0,11115,156,87856
5,88017,2326,0.0,11116,156,87861
3,88020,2326,0.0,11117,156,87864
6,88026,2326,0.0,11118,156,87870
18,88044,2326,0.0,11119,156,87888
6,88050,2327,1.0,11120,156,87894
4,88054,2327,0.0,11121,156,87898
6,88060,2328,1.0,11122,156,87904
15,88075,2328,0.0,11123,156,87919
3,88078,2328,0.0,11124,156,87922
2,88080,2328,0.0,11125,156,87924
2,88082,2328,0.0,11126,156,87926
21,88103,2328,0.0,11127,156,87947
18,88121,2328,0.0,11128,156,87965
6,88127,2329,1.0,11129,156,87971
17,88144,2329,0.0,11130,156,87988
6,88150,2329,0.0,11131,156,87994
8,88158,2330,1.0,11132,156,88002
4,88162,2330,0.0,11133,156,88006
2,88164,2330,0.0,11134,156,88008
3,88167,2330,0.0,11135,156,88011
5,88172,2330,0.0,11136,156,88016
3,88175,2330,0.0,11137,156,88019
6,88181,2331,1.0,11138,156,88025
18,88199,2331,0.0,11139,156,88043
2,88201,2331,0.0,11140,156,88045
5,88206,2331,0.0,11141,156,88050
12,88218,2331,0.0,11142,156,88062
6,88224,2332,1.0,11143,156,88068
2,88226,2332,0.0,11144,156,88070
3,88229,2332,0.0,11145,156,88073
14,88243,2332,0.0,11146,156,88087
2,88245,2332,0.0,11147,156,88089
10,88255,2332,0.0,11148,156,88099
4,88259,2332,0.0,11149,156,88103
12,88271,2332,0.0,11150,156,88115
2,88273,2332,0.0,11151,156,88117
19,88292,2332,0.0,11152,156,88136
2,88294,2332,0.0,11153,156,88138
4,88298,2332,0.0,11154,156,88142
16,88314,2332,0.0,11155,156,88158
11,88325,2332,0.0,11156,156,88169
2,88327,2332,0.0,11157,156,88171
4,88331,2332,0.0,11158,156,88175
11,88342,2332,0.0,11159,156,88186
5,88347,2332,0.0,11160,156,88191
6,88353,2333,1.0,11161,156,88197
14,88367,2333,0.0,11162,156,88211
6,88373,2334,1.0,11163,156,88217
6,88379,2335,1.0,11164,156,88223
6,88385,2336,1.0,11165,156,88229
13,88398,2336,0.0,11166,156,88242
4,88402,2336,0.0,11167,156,88246
6,88408,2336,0.0,11168,156,88252
2,88410,2336,0.0,11169,156,88254
6,88416,2337,1.0,11170,156,88260
6,88422,2338,1.0,11171,156,88266
18,88440,2338,0.0,11172,156,88284
3,88443,2338,0.0,11173,156,88287
4,88447,2338,0.0,11174,156,88291
2,88449,2338,0.0,11175,156,88293
16,88465,2338,0.0,11176,156,88309
9,88474,2338,0.0,11177,156,88318
2,88476,2338,0.0,11178,156,88320
13,88489,2338,0.0,11179,156,88333
2,88491,2338,0.0,11180,156,88335
6,88497,2339,1.0,11181,156,88341
7,88504,2339,0.0,11182,156,88348
9,88513,2339,0.0,11183,156,88357
24,88537,2339,0.0,11184,156,88381
6,88543,2340,1.0,11185,156,88387
2,88545,2340,0.0,11186,156,88389
7,88552,2340,0.0,11187,156,88396
3,88555,2340,0.0,11188,156,88399
2,88557,2340,0.0,11189,156,88401
6,88563,2341,1.0,11190,156,88407
7,88570,2341,0.0,11191,156,88414
5,88575,2341,0.0,11192,156,88419
6,88581,2342,1.0,11193,156,88425
7,88588,2342,0.0,11194,156,88432
6,88594,2343,1.0,11195,156,88438
2,88596,2343,0.0,11196,156,88440
4,88600,2343,0.0,11197,156,88444
2,88602,2343,0.0,11198,156,88446
3,88605,2343,0.0,11199,156,88449
6,88611,2344,1.0,11200,156,88455
6,88617,2345,1.0,11201,156,88461
9,88626,2345,0.0,11202,156,88470
7,88633,2345,0.0,11203,156,88477
7,88640,2345,0.0,11204,156,88484
6,88646,2345,0.0,11205,156,88490
5,88651,2345,0.0,11206,156,88495
6,88657,2346,1.0,11207,156,88501
4,88661,2346,0.0,11208,156,88505
11,88672,2346,0.0,11209,156,88516
3,88675,2346,0.0,11210,156,88519
9,88684,2346,0.0,11211,156,88528
4,88688,2346,0.0,11212,156,88532
2,88690,2346,0.0,11213,156,88534
6,88696,2346,0.0,11214,156,88540
13,88709,2346,0.0,11215,156,88553
4,88713,2346,0.0,11216,156,88557
2,88715,2346,0.0,11217,156,88559
6,88721,2346,0.0,11218,156,88565
2,88723,2346,0.0,11219,156,88567
12,88735,2346,0.0,11220,156,88579
8,88743,2346,0.0,11221,156,88587
2,88745,2346,0.0,11222,156,88589
6,88751,2347,1.0,11223,156,88595
4,88755,2347,0.0,11224,156,88599
5,88760,2347,0.0,11225,156,88604
7,88767,2347,0.0,11226,156,88611
8,88775,2347,0.0,11227,156,88619
6,88781,2348,1.0,11228,156,88625
6,88787,2349,1.0,11229,156,88631
5,88792,2349,0.0,11230,156,88636
6,88798,2349,0.0,11231,156,88642
15,88813,2349,0.0,11232,156,88657
2,88815,2349,0.0,11233,156,88659
4,88819,2349,0.0,11234,156,88663
10,88829,2349,0.0,11235,156,88673
15,88844,2349,0.0,11236,156,88688
2,88846,2349,0.0,11237,156,88690
21,88867,2349,0.0,11238,156,88711
6,88873,2350,1.0,11239,156,88717
6,88879,2351,1.0,11240,156,88723
3,88882,2351,0.0,11241,156,88726
8,88890,2352,1.0,11242,156,88734
3,88893,2352,0.0,11243,156,88737
2,88895,2352,0.0,11244,156,88739
11,88906,2352,0.0,11245,156,88750
2,88908,2352,0.0,11246,156,88752
8,88916,2352,0.0,11247,156,88760
6,88922,2353,1.0,11248,156,88766
6,88928,2354,1.0,11249,156,88772
12,88940,2354,0.0,11250,156,88784
6,88946,2355,1.0,11251,156,88790
6,88952,2356,1.0,11252,156,88796
6,88958,2356,0.0,11253,156,88802
2,88960,2356,0.0,11254,156,88804
6,88966,2357,1.0,11255,156,88810
8,88974,2358,1.0,11256,156,88818
4,88978,2358,0.0,11257,156,88822
2,88980,2358,0.0,11258,156,88824
2,88982,2358,0.0,11259,156,88826
2,88984,2358,0.0,11260,156,88828
4,88988,2358,0.0,11261,156,88832
14,89002,2358,0.0,11262,156,88846
7,89009,2358,0.0,11263,156,88853
11,89020,2358,0.0,11264,156,88864
3,89023,2358,0.0,11265,156,88867
8,89031,2358,0.0,11266,156,88875
11,89042,2358,0.0,11267,156,88886
10,89052,2358,0.0,11268,156,88896
5,89057,2358,0.0,11269,156,88901
8,89065,2358,0.0,11270,156,88909
6,89071,2359,1.0,11271,156,88915
7,89078,2359,0.0,11272,156,88922
7,89085,2359,0.0,11273,156,88929
3,89088,2359,0.0,11274,156,88932
7,89095,2359,0.0,11275,156,88939
9,89104,2359,0.0,11276,156,88948
7,89111,2359,0.0,11277,156,88955
15,89126,2359,0.0,11278,156,88970
7,89133,2359,0.0,11279,156,88977
3,89136,2359,0.0,11280,156,88980
2,89138,2359,0.0,11281,156,88982
2,89140,2359,0.0,11282,156,88984
6,89146,2360,1.0,11283,156,88990
3,89149,2360,0.0,11284,156,88993
3,89152,2360,0.0,11285,156,88996
6,89158,2361,1.0,11286,156,89002
6,89164,2362,1.0,11287,156,89008
6,89170,2363,1.0,11288,156,89014
3,89173,2363,0.0,11289,156,89017
17,89190,2363,0.0,11290,156,89034
18,89208,2363,0.0,11291,156,89052
4,89212,2363,0.0,11292,156,89056
4,89216,2363,0.0,11293,156,89060
6,89222,2364,1.0,11294,156,89066
10,89232,2364,0.0,11295,156,89076
6,89238,2365,1.0,11296,156,89082
6,89244,2366,1.0,11297,156,89088
2,89246,2366,0.0,11298,156,89090
14,89260,2366,0.0,11299,156,89104
6,89266,2366,0.0,11300,156,89110
2,89268,2366,0.0,11301,156,89112
6,89274,2366,0.0,11302,156,89118
9,89283,2366,0.0,11303,156,89127
5,89288,2366,0.0,11304,156,89132
6,89294,2366,0.0,11305,156,89138
10,89304,2366,0.0,11306,156,89148
5,89309,2366,0.0,11307,156,89153
6,89315,2366,0.0,11308,156,89159
6,89321,2367,1.0,11309,156,89165
3,89324,2367,0.0,11310,156,89168
4,89328,2367,0.0,11311,156,89172
39,89367,2367,0.0,11312,156,89211
4,89371,2367,0.0,11313,156,89215
14,89385,2367,0.0,11314,156,89229
17,89402,2367,0.0,11315,156,89246
6,89408,2367,0.0,11316,156,89252
6,89414,2367,0.0,11317,156,89258
18,89432,2367,0.0,11318,156,89276
3,89435,2367,0.0,11319,156,89279
3,89438,2367,0.0,11320,156,89282
6,89444,2368,1.0,11321,156,89288
2,89446,2368,0.0,11322,156,89290
2,89448,2368,0.0,11323,156,89292
4,89452,2368,0.0,11324,156,89296
11,89463,2368,0.0,11325,156,89307
8,89471,2368,0.0,11326,156,89315
5,89476,2368,0.0,11327,156,89320
6,89482,2369,1.0,11328,156,89326
9,89491,2369,0.0,11329,156,89335
6,89497,2370,1.0,11330,156,89341
13,89510,2370,0.0,11331,156,89354
2,89512,2370,0.0,11332,156,89356
2,89514,2370,0.0,11333,156,89358
6,89520,2370,0.0,11334,156,89364
16,89536,2370,0.0,11335,156,89380
3,89539,2370,0.0,11336,156,89383
6,89545,2371,1.0,11337,156,89389
7,89552,2371,0.0,11338,156,89396
2,89554,2371,0.0,11339,156,89398
8,89562,2372,1.0,11340,156,89406
6,89568,2372,0.0,11341,156,89412
6,89574,2373,1.0,11342,156,89418
2,89576,2373,0.0,11343,156,89420
13,89589,2373,0.0,11344,156,89433
8,89597,2374,1.0,11345,156,89441
4,89601,2374,0.0,11346,156,89445
5,89606,2374,0.0,11347,156,89450
27,89633,2374,0.0,11348,156,89477
4,89637,2374,0.0,11349,156,89481
9,89646,2374,0.0,11350,156,89490
3,89649,2374,0.0,11351,156,89493
20,89669,2374,0.0,11352,156,89513
6,89675,2375,1.0,11353,156,89519
6,89681,2376,1.0,11354,156,89525
2,89683,2376,0.0,11355,156,89527
6,89689,2377,1.0,11356,156,89533
2,89691,2377,0.0,11357,156,89535
3,89694,2377,0.0,11358,156,89538
14,89708,2377,0.0,11359,156,89552
4,89712,2377,0.0,11360,156,89556
2,89714,2377,0.0,11361,156,89558
4,89718,2377,0.0,11362,156,89562
7,89725,2377,0.0,11363,156,89569
9,89734,2377,0.0,11364,156,89578
6,89740,2378,1.0,11365,156,89584
6,89746,2379,1.0,11366,156,89590
7,89753,2379,0.0,11367,156,89597
6,89759,2380,1.0,11368,156,89603
5,89764,2380,0.0,11369,156,89608
2,89766,2380,0.0,11370,156,89610
4,89770,2380,0.0,11371,156,89614
18,89788,2380,0.0,11372,156,89632
19,89807,2380,0.0,11373,156,89651
20,89827,2380,0.0,11374,156,89671
8,89835,2380,0.0,11375,156,89679
4,89839,2380,0.0,11376,156,89683
15,89854,2380,0.0,11377,156,89698
6,89860,2381,1.0,11378,156,89704
16,89876,2381,0.0,11379,156,89720
2,89878,2381,0.0,11380,156,89722
15,89893,2381,0.0,11381,156,89737
20,89913,2381,0.0,11382,156,89757
18,89931,2381,0.0,11383,156,89775
6,89937,2382,1.0,11384,156,89781
3,89940,2382,0.0,11385,156,89784
18,89958,2382,0.0,11386,156,89802
4,89962,2382,0.0,11387,156,89806
2,89964,2382,0.0,11388,156,89808
6,89970,2383,1.0,11389,156,89814
6,89976,2384,1.0,11390,156,89820
5,89981,2384,0.0,11391,156,89825
6,89987,2385,1.0,11392,156,89831
6,89993,2385,0.0,11393,156,89837
3,89996,2385,0.0,11394,156,89840
15,90011,2385,0.0,11395,156,89855
13,90024,2385,0.0,11396,156,89868
13,90037,2385,0.0,11397,156,89881
8,90045,2385,0.0,11398,156,89889
6,90051,2386,1.0,11399,156,89895
3,90054,2386,0.0,11400,156,89898
2,90056,2386,0.0,11401,156,89900
4,90060,2386,0.0,11402,156,89904
6,90066,2387,1.0,11403,156,89910
15,90081,2387,0.0,11404,156,89925
4,90085,2387,0.0,11405,156,89929
6,90091,2388,1.0,11406,156,89935
6,90097,2389,1.0,11407,156,89941
5,90102,2389,0.0,11408,156,89946
2,90104,2389,0.0,11409,156,89948
6,90110,2390,1.0,11410,156,89954
3,90113,2390,0.0,11411,156,89957
4,90117,2390,0.0,11412,156,89961
6,90123,2391,1.0,11413,156,89967
12,90135,2391,0.0,11414,156,89979
2,90137,2391,0.0,11415,156,89981
20,90157,2391,0.0,11416,156,90001
6,90163,2392,1.0,11417,156,90007
19,90182,2392,0.0,11418,156,90026
3,90185,2392,0.0,11419,156,90029
6,90191,2392,0.0,11420,156,90035
6,90197,2393,1.0,11421,156,90041
6,90203,2393,0.0,11422,156,90047
5,90208,2393,0.0,11423,156,90052
14,90222,2393,0.0,11424,156,90066
6,90228,2394,1.0,11425,156,90072
6,90234,2395,1.0,11426,156,90078
18,90252,2395,0.0,11427,156,90096
29,90281,2395,0.0,11428,156,90125
2,90283,2395,0.0,11429,156,90127
22,90305,2395,0.0,11430,156,90149
6,90311,2396,1.0,11431,156,90155
11,90322,2396,0.0,11432,156,90166
6,90328,2397,1.0,11433,156,90172
5,90333,2397,0.0,11434,156,90177
5,90338,2397,0.0,11435,156,90182
9,90347,2397,0.0,11436,156,90191
6,90353,2398,1.0,11437,156,90197
6,90359,2399,1.0,11438,156,90203
2,90361,2399,0.0,11439,156,90205
6,90367,2400,1.0,11440,156,90211
18,90385,2400,0.0,11441,156,90229
13,90398,2400,0.0,11442,156,90242
17,90415,2400,0.0,11443,156,90259
6,90421,2401,1.0,11444,156,90265
6,90427,2402,1.0,11445,156,90271
6,90433,2402,0.0,11446,156,90277
7,90440,2402,0.0,11447,156,90284
6,90446,2403,1.0,11448,156,90290
5,90451,2403,0.0,11449,156,90295
9,90460,2403,0.0,11450,156,90304
13,90473,2403,0.0,11451,156,90317
9,90482,2403,0.0,11452,156,90326
8,90490,2403,0.0,11453,156,90334
3,90493,2403,0.0,11454,156,90337
6,90499,2404,1.0,11455,156,90343
4,90503,2404,0.0,11456,156,90347
8,90511,2404,0.0,11457,156,90355
8,90519,2404,0.0,11458,156,90363
15,90534,2404,0.0,11459,156,90378
8,90542,2404,0.0,11460,156,90386
6,90548,2404,0.0,11461,156,90392
6,90554,2405,1.0,11462,156,90398
3,90557,2405,0.0,11463,156,90401
6,90563,2406,1.0,11464,156,90407
4,90567,2406,0.0,11465,156,90411
18,90585,2406,0.0,11466,156,90429
3,90588,2406,0.0,11467,156,90432
9,90597,2406,0.0,11468,156,90441
3,90600,2406,0.0,11469,156,90444
6,90606,2407,1.0,11470,156,90450
15,90621,2407,0.0,11471,156,90465
2,90623,2407,0.0,11472,156,90467
2,90625,2407,0.0,11473,156,90469
6,90631,2408,1.0,11474,156,90475
6,90637,2409,1.0,11475,156,90481
2,90639,2409,0.0,11476,156,90483
2,90641,2409,0.0,11477,156,90485
7,90648,2409,0.0,11478,156,90492
6,90654,2410,1.0,11479,156,90498
6,90660,2411,1.0,11480,156,90504
6,90666,2412,1.0,11481,156,90510
3,90669,2412,0.0,11482,156,90513
3,90672,2412,0.0,11483,156,90516
3,90675,2412,0.0,11484,156,90519
2,90677,2412,0.0,11485,156,90521
10,90687,2412,0.0,11486,156,90531
6,90693,2413,1.0,11487,156,90537
7,90700,2413,0.0,11488,156,90544
10,90710,2413,0.0,11489,156,90554
11,90721,2413,0.0,11490,156,90565
11,90732,2413,0.0,11491,156,90576
6,90738,2414,1.0,11492,156,90582
4,90742,2414,0.0,11493,156,90586
6,90748,2414,0.0,11494,156,90592
28,90776,2414,0.0,11495,156,90620
2,90778,2414,0.0,11496,156,90622
21,90799,2414,0.0,11497,156,90643
5,90804,2414,0.0,11498,156,90648
6,90810,2415,1.0,11499,156,90654
2,90812,2415,0.0,11500,156,90656
16,90828,2415,0.0,11501,156,90672
7,90835,2415,0.0,11502,156,90679
6,90841,2416,1.0,11503,156,90685
7,90848,2416,0.0,11504,156,90692
6,90854,2417,1.0,11505,156,90698
6,90860,2417,0.0,11506,156,90704
20,90880,2417,0.0,11507,156,90724
4,90884,2417,0.0,11508,156,90728
2,90886,2417,0.0,11509,156,90730
2,90888,2417,0.0,11510,156,90732
12,90900,2417,0.0,11511,156,90744
6,90906,2418,1.0,11512,156,90750
14,90920,2418,0.0,11513,156,90764
2,90922,2418,0.0,11514,156,90766
6,90928,2419,1.0,11515,156,90772
5,90933,2419,0.0,11516,156,90777
2,90935,2419,0.0,11517,156,90779
9,90944,2419,0.0,11518,156,90788
6,90950,2420,1.0,11519,156,90794
2,90952,2420,0.0,11520,156,90796
4,90956,2420,0.0,11521,156,90800
5,90961,2420,0.0,11522,156,90805
5,90966,2420,0.0,11523,156,90810
15,90981,2420,0.0,11524,156,90825
2,90983,2420,0.0,11525,156,90827
2,90985,2420,0.0,11526,156,90829
4,90989,2420,0.0,11527,156,90833
16,91005,2420,0.0,11528,156,90849
8,91013,2420,0.0,11529,156,90857
7,91020,2420,0.0,11530,156,90864
3,91023,2420,0.0,11531,156,90867
3,91026,2420,0.0,11532,156,90870
6,91032,2421,1.0,11533,156,90876
20,91052,2421,0.0,11534,156,90896
6,91058,2422,1.0,11535,156,90902
11,91069,2422,0.0,11536,156,90913
6,91075,2423,1.0,11537,156,90919
6,91081,2424,1.0,11538,156,90925
5,91086,2424,0.0,11539,156,90930
9,91095,2424,0.0,11540,156,90939
6,91101,2425,1.0,11541,156,90945
3,91104,2425,0.0,11542,156,90948
3,91107,2425,0.0,11543,156,90951
9,91116,2425,0.0,11544,156,90960
2,91118,2425,0.0,11545,156,90962
7,91125,2425,0.0,11546,156,90969
2,91127,2425,0.0,11547,156,90971
7,91134,2425,0.0,11548,156,90978
7,91141,2425,0.0,11549,156,90985
6,91147,2426,1.0,11550,156,90991
7,91154,2426,0.0,11551,156,90998
6,91160,2427,1.0,11552,156,91004
18,91178,2427,0.0,11553,156,91022
29,91207,2427,0.0,11554,156,91051
6,91213,2428,1.0,11555,156,91057
7,91220,2428,0.0,11556,156,91064
2,91222,2428,0.0,11557,156,91066
6,91228,2429,1.0,11558,156,91072
8,91236,2429,0.0,11559,156,91080
5,91241,2429,0.0,11560,156,91085
4,91245,2429,0.0,11561,156,91089
2,91247,2429,0.0,11562,156,91091
7,91254,2429,0.0,11563,156,91098
6,91260,2430,1.0,11564,156,91104
14,91274,2430,0.0,11565,156,91118
9,91283,2430,0.0,11566,156,91127
6,91289,2431,1.0,11567,156,91133
13,91302,2431,0.0,11568,156,91146
6,91308,2432,1.0,11569,156,91152
6,91314,2433,1.0,11570,156,91158
10,91324,2433,0.0,11571,156,91168
5,91329,2433,0.0,11572,156,91173
3,91332,2433,0.0,11573,156,91176
18,91350,2433,0.0,11574,156,91194
7,91357,2433,0.0,11575,156,91201
2,91359,2433,0.0,11576,156,91203
6,91365,2434,1.0,11577,156,91209
13,91378,2434,0.0,11578,156,91222
6,91384,2434,0.0,11579,156,91228
3,91387,2434,0.0,11580,156,91231
6,91393,2435,1.0,11581,156,91237
5,91398,2435,0.0,11582,156,91242
6,91404,2435,0.0,11583,156,91248
10,91414,2435,0.0,11584,156,91258
5,91419,2435,0.0,11585,156,91263
6,91425,2436,1.0,11586,156,91269
6,91431,2437,1.0,11587,156,91275
4,91435,2437,0.0,11588,156,91279
9,91444,2437,0.0,11589,156,91288
2,91446,2437,0.0,11590,156,91290
5,91451,2437,0.0,11591,156,91295
5,91456,2437,0.0,11592,156,91300
9,91465,2437,0.0,11593,156,91309
5,91470,2437,0.0,11594,156,91314
6,91476,2437,0.0,11595,156,91320
8,91484,2438,1.0,11596,156,91328
5,91489,2438,0.0,11597,156,91333
4,91493,2438,0.0,11598,156,91337
4,91497,2438,0.0,11599,156,91341
6,91503,2439,1.0,11600,156,91347
6,91509,2440,1.0,11601,156,91353
3,91512,2440,0.0,11602,156,91356
2,91514,2440,0.0,11603,156,91358
8,91522,2441,1.0,11604,156,91366
2,91524,2441,0.0,11605,156,91368
8,91532,2442,1.0,11606,156,91376
5,91537,2442,0.0,11607,156,91381
18,91555,2442,0.0,11608,156,91399
6,91561,2442,0.0,11609,156,91405
8,91569,2443,1.0,11610,156,91413
4,91573,2443,0.0,11611,156,91417
13,91586,2443,0.0,11612,156,91430
3,91589,2443,0.0,11613,156,91433
8,91597,2444,1.0,11614,156,91441
4,91601,2444,0.0,11615,156,91445
2,91603,2444,0.0,11616,156,91447
6,91609,2445,1.0,11617,156,91453
4,91613,2445,0.0,11618,156,91457
7,91620,2445,0.0,11619,156,91464
15,91635,2445,0.0,11620,156,91479
2,91637,2445,0.0,11621,156,91481
2,91639,2445,0.0,11622,156,91483
6,91645,2445,0.0,11623,156,91489
6,91651,2446,1.0,11624,156,91495
6,91657,2447,1.0,11625,156,91501
6,91663,2448,1.0,11626,156,91507
14,91677,2448,0.0,11627,156,91521
14,91691,2448,0.0,11628,156,91535
14,91705,2448,0.0,11629,156,91549
5,91710,2448,0.0,11630,156,91554
2,91712,2448,0.0,11631,156,91556
6,91718,2449,1.0,11632,156,91562
2,91720,2449,0.0,11633,156,91564
2,91722,2449,0.0,11634,156,91566
2,91724,2449,0.0,11635,156,91568
2,91726,2449,0.0,11636,156,91570
21,91747,2449,0.0,11637,156,91591
2,91749,2449,0.0,11638,156,91593
3,91752,2449,0.0,11639,156,91596
6,91758,2450,1.0,11640,156,91602
5,91763,2450,0.0,11641,156,91607
3,91766,2450,0.0,11642,156,91610
7,91773,2450,0.0,11643,156,91617
6,91779,2450,0.0,11644,156,91623
12,91791,2450,0.0,11645,156,91635
7,91798,2450,0.0,11646,156,91642
12,91810,2450,0.0,11647,156,91654
4,91814,2450,0.0,11648,156,91658
6,91820,2451,1.0,11649,156,91664
2,91822,2451,0.0,11650,156,91666
18,91840,2451,0.0,11651,156,91684
9,91849,2451,0.0,11652,156,91693
6,91855,2452,1.0,11653,156,91699
16,91871,2452,0.0,11654,156,91715
12,91883,2452,0.0,11655,156,91727
2,91885,2452,0.0,11656,156,91729
19,91904,2452,0.0,11657,156,91748
5,91909,2452,0.0,11658,156,91753
20,91929,2452,0.0,11659,156,91773
6,91935,2453,1.0,11660,156,91779
7,91942,2453,0.0,11661,156,91786
6,91948,2454,1.0,11662,156,91792
6,91954,2455,1.0,11663,156,91798
5,91959,2455,0.0,11664,156,91803
3,91962,2455,0.0,11665,156,91806
18,91980,2455,0.0,11666,156,91824
21,92001,2455,0.0,11667,156,91845
15,92016,2455,0.0,11668,156,91860
21,92037,2455,0.0,11669,156,91881
25,92062,2455,0.0,11670,156,91906
7,92069,2455,0.0,11671,156,91913
6,92075,2456,1.0,11672,156,91919
7,92082,2456,0.0,11673,156,91926
3,92085,2456,0.0,11674,156,91929
12,92097,2456,0.0,11675,156,91941
2,92099,2456,0.0,11676,156,91943
3,92102,2456,0.0,11677,156,91946
18,92120,2456,0.0,11678,156,91964
4,92124,2456,0.0,11679,156,91968
11,92135,2456,0.0,11680,156,91979
6,92141,2457,1.0,11681,156,91985
3,92144,2457,0.0,11682,156,91988
10,92154,2457,0.0,11683,156,91998
6,92160,2458,1.0,11684,156,92004
2,92162,2458,0.0,11685,156,92006
12,92174,2458,0.0,11686,156,92018
6,92180,2459,1.0,11687,156,92024
6,92186,2460,1.0,11688,156,92030
6,92192,2461,1.0,11689,156,92036
2,92194,2461,0.0,11690,156,92038
7,92201,2461,0.0,11691,156,92045
4,92205,2461,0.0,11692,156,92049
13,92218,2461,0.0,11693,156,92062
9,92227,2461,0.0,11694,156,92071
6,92233,2462,1.0,11695,156,92077
12,92245,2462,0.0,11696,156,92089
19,92264,2462,0.0,11697,156,92108
2,92266,2462,0.0,11698,156,92110
2,92268,2462,0.0,11699,156,92112
10,92278,2462,0.0,11700,156,92122
2,92280,2462,0.0,11701,156,92124
18,92298,2462,0.0,11702,156,92142
6,92304,2462,0.0,11703,156,92148
4,92308,2462,0.0,11704,156,92152
2,92310,2462,0.0,11705,156,92154
7,92317,2462,0.0,11706,156,92161
8,92325,2462,0.0,11707,156,92169
6,92331,2463,1.0,11708,156,92175
2,92333,2463,0.0,11709,156,92177
16,92349,2463,0.0,11710,156,92193
21,92370,2463,0.0,11711,156,92214
5,92375,2463,0.0,11712,156,92219
6,92381,2464,1.0,11713,156,92225
4,92385,2464,0.0,11714,156,92229
6,92391,2465,1.0,11715,156,92235
5,92396,2465,0.0,11716,156,92240
9,92405,2465,0.0,11717,156,92249
4,92409,2465,0.0,11718,156,92253
16,92425,2465,0.0,11719,156,92269
2,92427,2465,0.0,11720,156,92271
6,92433,2465,0.0,11721,156,92277
4,92437,2465,0.0,11722,156,92281
20,92457,2465,0.0,11723,156,92301
8,92465,2466,1.0,11724,156,92309
8,92473,2466,0.0,11725,156,92317
6,92479,2466,0.0,11726,156,92323
3,92482,2466,0.0,11727,156,92326
6,92488,2466,0.0,11728,156,92332
4,92492,2466,0.0,11729,156,92336
16,92508,2466,0.0,11730,156,92352
2,92510,2466,0.0,11731,156,92354
6,92516,2466,0.0,11732,156,92360
2,92518,2466,0.0,11733,156,92362
18,92536,2466,0.0,11734,156,92380
7,92543,2466,0.0,11735,156,92387
3,92546,2466,0.0,11736,156,92390
8,92554,2467,1.0,11737,156,92398
6,92560,2467,0.0,11738,156,92404
5,92565,2467,0.0,11739,156,92409
15,92580,2467,0.0,11740,156,92424
6,92586,2468,1.0,11741,156,92430
6,92592,2469,1.0,11742,156,92436
8,92600,2469,0.0,11743,156,92444
6,92606,2470,1.0,11744,156,92450
2,92608,2470,0.0,11745,156,92452
7,92615,2470,0.0,11746,156,92459
12,92627,2470,0.0,11747,156,92471
3,92630,2470,0.0,11748,156,92474
6,92636,2470,0.0,11749,156,92480
15,92651,2470,0.0,11750,156,92495
2,92653,2470,0.0,11751,156,92497
2,92655,2470,0.0,11752,156,92499
12,92667,2470,0.0,11753,156,92511
15,92682,2470,0.0,11754,156,92526
6,92688,2471,1.0,11755,156,92532
2,92690,2471,0.0,11756,156,92534
2,92692,2471,0.0,11757,156,92536
6,92698,2471,0.0,11758,156,92542
7,92705,2471,0.0,11759,156,92549
7,92712,2471,0.0,11760,156,92556
17,92729,2471,0.0,11761,156,92573
7,92736,2471,0.0,11762,156,92580
6,92742,2471,0.0,11763,156,92586
6,92748,2472,1.0,11764,156,92592
38,92786,2472,0.0,11765,156,92630
9,92795,2472,0.0,11766,156,92639
8,92803,2472,0.0,11767,156,92647
12,92815,2472,0.0,11768,156,92659
17,92832,2472,0.0,11769,156,92676
2,92834,2472,0.0,11770,156,92678
18,92852,2472,0.0,11771,156,92696
2,92854,2472,0.0,11772,156,92698
5,92859,2472,0.0,11773,156,92703
8,92867,2472,0.0,11774,156,92711
5,92872,2472,0.0,11775,156,92716
10,92882,2472,0.0,11776,156,92726
6,92888,2472,0.0,11777,156,92732
2,92890,2472,0.0,11778,156,92734
12,92902,2472,0.0,11779,156,92746
12,92914,2472,0.0,11780,156,92758
9,92923,2472,0.0,11781,156,92767
24,92947,2472,0.0,11782,156,92791
7,92954,2472,0.0,11783,156,92798
2,92956,2472,0.0,11784,156,92800
14,92970,2472,0.0,11785,156,92814
10,92980,2472,0.0,11786,156,92824
6,92986,2473,1.0,11787,156,92830
9,92995,2473,0.0,11788,156,92839
6,93001,2474,1.0,11789,156,92845
18,93019,2474,0.0,11790,156,92863
2,93021,2474,0.0,11791,156,92865
17,93038,2474,0.0,11792,156,92882
6,93044,2475,1.0,11793,156,92888
6,93050,2475,0.0,11794,156,92894
2,93052,2475,0.0,11795,156,92896
6,93058,2476,1.0,11796,156,92902
4,93062,2476,0.0,11797,156,92906
6,93068,2476,0.0,11798,156,92912
5,93073,2476,0.0,11799,156,92917
5,93078,2476,0.0,11800,156,92922
2,93080,2476,0.0,11801,156,92924
3,93083,2476,0.0,11802,156,92927
6,93089,2477,1.0,11803,156,92933
15,93104,2477,0.0,11804,156,92948
4,93108,2477,0.0,11805,156,92952
6,93114,2478,1.0,11806,156,92958
15,93129,2478,0.0,11807,156,92973
19,93148,2478,0.0,11808,156,92992
5,93153,2478,0.0,11809,156,92997
6,93159,2478,0.0,11810,156,93003
2,93161,2478,0.0,11811,156,93005
15,93176,2478,0.0,11812,156,93020
4,93180,2478,0.0,11813,156,93024
13,93193,2478,0.0,11814,156,93037
8,93201,2479,1.0,11815,156,93045
6,93207,2480,1.0,11816,156,93051
2,93209,2480,0.0,11817,156,93053
4,93213,2480,0.0,11818,156,93057
4,93217,2480,0.0,11819,156,93061
3,93220,2480,0.0,11820,156,93064
15,93235,2480,0.0,11821,156,93079
7,93242,2480,0.0,11822,156,93086
4,93246,2480,0.0,11823,156,93090
6,93252,2481,1.0,11824,156,93096
11,93263,2481,0.0,11825,156,93107
3,93266,2481,0.0,11826,156,93110
8,93274,2481,0.0,11827,156,93118
6,93280,2482,1.0,11828,156,93124
32,93312,2482,0.0,11829,156,93156
3,93315,2482,0.0,11830,156,93159
6,93321,2483,1.0,11831,156,93165
15,93336,2483,0.0,11832,156,93180
15,93351,2483,0.0,11833,156,93195
6,93357,2484,1.0,11834,156,93201
6,93363,2485,1.0,11835,156,93207
2,93365,2485,0.0,11836,156,93209
7,93372,2485,0.0,11837,156,93216
2,93374,2485,0.0,11838,156,93218
3,93377,2485,0.0,11839,156,93221
15,93392,2485,0.0,11840,156,93236
6,93398,2486,1.0,11841,156,93242
6,93404,2487,1.0,11842,156,93248
12,93416,2487,0.0,11843,156,93260
2,93418,2487,0.0,11844,156,93262
2,93420,2487,0.0,11845,156,93264
7,93427,2487,0.0,11846,156,93271
2,93429,2487,0.0,11847,156,93273
6,93435,2488,1.0,11848,156,93279
6,93441,2489,1.0,11849,156,93285
6,93447,2490,1.0,11850,156,93291
6,93453,2491,1.0,11851,156,93297
7,93460,2491,0.0,11852,156,93304
13,93473,2491,0.0,11853,156,93317
6,93479,2492,1.0,11854,156,93323
4,93483,2492,0.0,11855,156,93327
6,93489,2493,1.0,11856,156,93333
18,93507,2493,0.0,11857,156,93351
2,93509,2493,0.0,11858,156,93353
3,93512,2493,0.0,11859,156,93356
10,93522,2493,0.0,11860,156,93366
11,93533,2493,0.0,11861,156,93377
6,93539,2494,1.0,11862,156,93383
6,93545,2495,1.0,11863,156,93389
2,93547,2495,0.0,11864,156,93391
6,93553,2496,1.0,11865,156,93397
9,93562,2496,0.0,11866,156,93406
6,93568,2497,1.0,11867,156,93412
2,93570,2497,0.0,11868,156,93414
12,93582,2497,0.0,11869,156,93426
7,93589,2497,0.0,11870,156,93433
5,93594,2497,0.0,11871,156,93438
5,93599,2497,0.0,11872,156,93443
18,93617,2497,0.0,11873,156,93461
3,93620,2497,0.0,11874,156,93464
2,93622,2497,0.0,11875,156,93466
8,93630,2497,0.0,11876,156,93474
6,93636,2497,0.0,11877,156,93480
8,93644,2498,1.0,11878,156,93488
6,93650,2499,1.0,11879,156,93494
2,93652,2499,0.0,11880,156,93496
4,93656,2499,0.0,11881,156,93500
2,93658,2499,0.0,11882,156,93502
4,93662,2499,0.0,11883,156,93506
3,93665,2499,0.0,11884,156,93509
11,93676,2499,0.0,11885,156,93520
21,93697,2499,0.0,11886,156,93541
4,93701,2499,0.0,11887,156,93545
16,93717,2499,0.0,11888,156,93561
6,93723,2500,1.0,11889,156,93567
2,93725,2500,0.0,11890,156,93569
18,93743,2500,0.0,11891,156,93587
3,93746,2500,0.0,11892,156,93590
2,93748,2500,0.0,11893,156,93592
6,93754,2500,0.0,11894,156,93598
3,93757,2500,0.0,11895,156,93601
6,93763,2501,1.0,11896,156,93607
11,93774,2501,0.0,11897,156,93618
13,93787,2501,0.0,11898,156,93631
3,93790,2501,0.0,11899,156,93634
2,93792,2501,0.0,11900,156,93636
4,93796,2501,0.0,11901,156,93640
4,93800,2501,0.0,11902,156,93644
7,93807,2501,0.0,11903,156,93651
6,93813,2502,1.0,11904,156,93657
3,93816,2502,0.0,11905,156,93660
6,93822,2503,1.0,11906,156,93666
18,93840,2503,0.0,11907,156,93684
6,93846,2503,0.0,11908,156,93690
2,93848,2503,0.0,11909,156,93692
6,93854,2504,1.0,11910,156,93698
15,93869,2504,0.0,11911,156,93713
6,93875,2504,0.0,11912,156,93719
4,93879,2504,0.0,11913,156,93723
6,93885,2505,1.0,11914,156,93729
19,93904,2505,0.0,11915,156,93748
6,93910,2506,1.0,11916,156,93754
30,93940,2506,0.0,11917,156,93784
12,93952,2506,0.0,11918,156,93796
15,93967,2506,0.0,11919,156,93811
12,93979,2506,0.0,11920,156,93823
4,93983,2506,0.0,11921,156,93827
6,93989,2507,1.0,11922,156,93833
6,93995,2508,1.0,11923,156,93839
13,94008,2508,0.0,11924,156,93852
4,94012,2508,0.0,11925,156,93856
15,94027,2508,0.0,11926,156,93871
18,94045,2508,0.0,11927,156,93889
4,94049,2508,0.0,11928,156,93893
2,94051,2508,0.0,11929,156,93895
5,94056,2508,0.0,11930,156,93900
15,94071,2508,0.0,11931,156,93915
2,94073,2508,0.0,11932,156,93917
18,94091,2508,0.0,11933,156,93935
18,94109,2508,0.0,11934,156,93953
6,94115,2508,0.0,11935,156,93959
4,94119,2508,0.0,11936,156,93963
15,94134,2508,0.0,11937,156,93978
7,94141,2508,0.0,11938,156,93985
20,94161,2508,0.0,11939,156,94005
15,94176,2508,0.0,11940,156,94020
6,94182,2509,1.0,11941,156,94026
6,94188,2510,1.0,11942,156,94032
10,94198,2510,0.0,11943,156,94042
29,94227,2511,1.0,11944,156,94071
26,94253,2511,0.0,11945,156,94097
6,94259,2512,1.0,11946,156,94103
3,94262,2512,0.0,11947,156,94106
6,94268,2512,0.0,11948,156,94112
6,94274,2513,1.0,11949,156,94118
5,94279,2513,0.0,11950,156,94123
15,94294,2513,0.0,11951,156,94138
2,94296,2513,0.0,11952,156,94140
6,94302,2514,1.0,11953,156,94146
6,94308,2515,1.0,11954,156,94152
6,94314,2516,1.0,11955,156,94158
4,94318,2516,0.0,11956,156,94162
8,94326,2516,0.0,11957,156,94170
6,94332,2517,1.0,11958,156,94176
19,94351,2517,0.0,11959,156,94195
4,94355,2517,0.0,11960,156,94199
20,94375,2517,0.0,11961,156,94219
4,94379,2517,0.0,11962,156,94223
8,94387,2517,0.0,11963,156,94231
6,94393,2517,0.0,11964,156,94237
6,94399,2518,1.0,11965,156,94243
2,94401,2518,0.0,11966,156,94245
4,94405,2518,0.0,11967,156,94249
6,94411,2519,1.0,11968,156,94255
9,94420,2519,0.0,11969,156,94264
2,94422,2519,0.0,11970,156,94266
6,94428,2520,1.0,11971,156,94272
4,94432,2520,0.0,11972,156,94276
7,94439,2520,0.0,11973,156,94283
14,94453,2520,0.0,11974,156,94297
2,94455,2520,0.0,11975,156,94299
2,94457,2520,0.0,11976,156,94301
2,94459,2520,0.0,11977,156,94303
20,94479,2520,0.0,11978,156,94323
11,94490,2520,0.0,11979,156,94334
9,94499,2520,0.0,11980,156,94343
9,94508,2520,0.0,11981,156,94352
4,94512,2520,0.0,11982,156,94356
4,94516,2520,0.0,11983,156,94360
3,94519,2520,0.0,11984,156,94363
2,94521,2520,0.0,11985,156,94365
18,94539,2520,0.0,11986,156,94383
9,94548,2520,0.0,11987,156,94392
6,94554,2521,1.0,11988,156,94398
20,94574,2521,0.0,11989,156,94418
18,94592,2521,0.0,11990,156,94436
2,94594,2521,0.0,11991,156,94438
6,94600,2522,1.0,11992,156,94444
17,94617,2522,0.0,11993,156,94461
13,94630,2522,0.0,11994,156,94474
3,94633,2522,0.0,11995,156,94477
15,94648,2522,0.0,11996,156,94492
2,94650,2522,0.0,11997,156,94494
2,94652,2522,0.0,11998,156,94496
10,94662,2522,0.0,11999,156,94506
20,94682,2522,0.0,12000,156,94526
6,94688,2523,1.0,12001,156,94532
7,94695,2523,0.0,12002,156,94539
20,94715,2523,0.0,12003,156,94559
8,94723,2524,1.0,12004,156,94567
6,94729,2525,1.0,12005,156,94573
11,94740,2525,0.0,12006,156,94584
13,94753,2525,0.0,12007,156,94597
2,94755,2525,0.0,12008,156,94599
3,94758,2525,0.0,12009,156,94602
8,94766,2525,0.0,12010,156,94610
44,94810,2525,0.0,12011,156,94654
7,94817,2525,0.0,12012,156,94661
7,94824,2525,0.0,12013,156,94668
20,94844,2525,0.0,12014,156,94688
4,94848,2525,0.0,12015,156,94692
2,94850,2525,0.0,12016,156,94694
12,94862,2525,0.0,12017,156,94706
6,94868,2526,1.0,12018,156,94712
7,94875,2526,0.0,12019,156,94719
6,94881,2526,0.0,12020,156,94725
12,94893,2526,0.0,12021,156,94737
8,94901,2527,1.0,12022,156,94745
5,94906,2527,0.0,12023,156,94750
15,94921,2527,0.0,12024,156,94765
6,94927,2527,0.0,12025,156,94771
2,94929,2527,0.0,12026,156,94773
5,94934,2527,0.0,12027,156,94778
8,94942,2527,0.0,12028,156,94786
2,94944,2527,0.0,12029,156,94788
11,94955,2527,0.0,12030,156,94799
2,94957,2527,0.0,12031,156,94801
12,94969,2527,0.0,12032,156,94813
6,94975,2528,1.0,12033,156,94819
18,94993,2528,0.0,12034,156,94837
6,94999,2529,1.0,12035,156,94843
6,95005,2530,1.0,12036,156,94849
6,95011,2531,1.0,12037,156,94855
3,95014,2531,0.0,12038,156,94858
20,95034,2531,0.0,12039,156,94878
6,95040,2532,1.0,12040,156,94884
9,95049,2532,0.0,12041,156,94893
6,95055,2532,0.0,12042,156,94899
6,95061,2532,0.0,12043,156,94905
13,95074,2532,0.0,12044,156,94918
2,95076,2532,0.0,12045,156,94920
6,95082,2533,1.0,12046,156,94926
6,95088,2533,0.0,12047,156,94932
3,95091,2533,0.0,12048,156,94935
6,95097,2534,1.0,12049,156,94941
11,95108,2534,0.0,12050,156,94952
10,95118,2534,0.0,12051,156,94962
12,95130,2534,0.0,12052,156,94974
5,95135,2534,0.0,12053,156,94979
4,95139,2534,0.0,12054,156,94983
9,95148,2534,0.0,12055,156,94992
9,95157,2534,0.0,12056,156,95001
11,95168,2534,0.0,12057,156,95012
11,95179,2534,0.0,12058,156,95023
40,95219,2534,0.0,12059,156,95063
6,95225,2534,0.0,12060,156,95069
5,95230,2534,0.0,12061,156,95074
2,95232,2534,0.0,12062,156,95076
6,95238,2535,1.0,12063,156,95082
7,95245,2535,0.0,12064,156,95089
6,95251,2536,1.0,12065,156,95095
6,95257,2537,1.0,12066,156,95101
3,95260,2537,0.0,12067,156,95104
6,95266,2538,1.0,12068,156,95110
11,95277,2538,0.0,12069,156,95121
2,95279,2538,0.0,12070,156,95123
2,95281,2538,0.0,12071,156,95125
5,95286,2538,0.0,12072,156,95130
2,95288,2538,0.0,12073,156,95132
5,95293,2538,0.0,12074,156,95137
12,95305,2538,0.0,12075,156,95149
6,95311,2539,1.0,12076,156,95155
3,95314,2539,0.0,12077,156,95158
2,95316,2539,0.0,12078,156,95160
2,95318,2539,0.0,12079,156,95162
3,95321,2539,0.0,12080,156,95165
19,95340,2539,0.0,12081,156,95184
6,95346,2539,0.0,12082,156,95190
6,95352,2540,1.0,12083,156,95196
6,95358,2541,1.0,12084,156,95202
5,95363,2541,0.0,12085,156,95207
16,95379,2541,0.0,12086,156,95223
8,95387,2541,0.0,12087,156,95231
3,95390,2541,0.0,12088,156,95234
5,95395,2541,0.0,12089,156,95239
40,95435,2541,0.0,12090,156,95279
3,95438,2541,0.0,12091,156,95282
6,95444,2541,0.0,12092,156,95288
2,95446,2541,0.0,12093,156,95290
4,95450,2541,0.0,12094,156,95294
5,95455,2541,0.0,12095,156,95299
6,95461,2542,1.0,12096,156,95305
6,95467,2542,0.0,12097,156,95311
11,95478,2542,0.0,12098,156,95322
4,95482,2542,0.0,12099,156,95326
6,95488,2543,1.0,12100,156,95332
13,95501,2543,0.0,12101,156,95345
8,95509,2544,1.0,12102,156,95353
3,95512,2544,0.0,12103,156,95356
6,95518,2544,0.0,12104,156,95362
3,95521,2544,0.0,12105,156,95365
8,95529,2545,1.0,12106,156,95373
4,95533,2545,0.0,12107,156,95377
9,95542,2545,0.0,12108,156,95386
8,95550,2545,0.0,12109,156,95394
8,95558,2545,0.0,12110,156,95402
6,95564,2546,1.0,12111,156,95408
6,95570,2546,0.0,12112,156,95414
17,95587,2546,0.0,12113,156,95431
5,95592,2546,0.0,12114,156,95436
3,95595,2546,0.0,12115,156,95439
2,95597,2546,0.0,12116,156,95441
4,95601,2546,0.0,12117,156,95445
4,95605,2546,0.0,12118,156,95449
6,95611,2547,1.0,12119,156,95455
18,95629,2547,0.0,12120,156,95473
6,95635,2548,1.0,12121,156,95479
8,95643,2548,0.0,12122,156,95487
3,95646,2548,0.0,12123,156,95490
6,95652,2549,1.0,12124,156,95496
8,95660,2550,1.0,12125,156,95504
28,95688,2550,0.0,12126,156,95532
4,95692,2550,0.0,12127,156,95536
9,95701,2550,0.0,12128,156,95545
6,95707,2551,1.0,12129,156,95551
6,95713,2552,1.0,12130,156,95557
5,95718,2552,0.0,12131,156,95562
15,95733,2552,0.0,12132,156,95577
5,95738,2552,0.0,12133,156,95582
8,95746,2552,0.0,12134,156,95590
7,95753,2552,0.0,12135,156,95597
12,95765,2552,0.0,12136,156,95609
7,95772,2552,0.0,12137,156,95616
7,95779,2552,0.0,12138,156,95623
9,95788,2552,0.0,12139,156,95632
6,95794,2553,1.0,12140,156,95638
6,95800,2554,1.0,12141,156,95644
8,95808,2554,0.0,12142,156,95652
18,95826,2554,0.0,12143,156,95670
4,95830,2554,0.0,12144,156,95674
2,95832,2554,0.0,12145,156,95676
3,95835,2554,0.0,12146,156,95679
6,95841,2554,0.0,12147,156,95685
3,95844,2554,0.0,12148,156,95688
3,95847,2554,0.0,12149,156,95691
29,95876,2554,0.0,12150,156,95720
15,95891,2554,0.0,12151,156,95735
3,95894,2554,0.0,12152,156,95738
6,95900,2555,1.0,12153,156,95744
2,95902,2555,0.0,12154,156,95746
15,95917,2555,0.0,12155,156,95761
7,95924,2555,0.0,12156,156,95768
2,95926,2555,0.0,12157,156,95770
6,95932,2556,1.0,12158,156,95776
7,95939,2556,0.0,12159,156,95783
9,95948,2556,0.0,12160,156,95792
5,95953,2556,0.0,12161,156,95797
20,95973,2556,0.0,12162,156,95817
6,95979,2556,0.0,12163,156,95823
5,95984,2556,0.0,12164,156,95828
6,95990,2557,1.0,12165,156,95834
8,95998,2557,0.0,12166,156,95842
6,96004,2558,1.0,12167,156,95848
11,96015,2558,0.0,12168,156,95859
2,96017,2558,0.0,12169,156,95861
20,96037,2558,0.0,12170,156,95881
18,96055,2558,0.0,12171,156,95899
6,96061,2559,1.0,12172,156,95905
2,96063,2559,0.0,12173,156,95907
8,96071,2559,0.0,12174,156,95915
2,96073,2559,0.0,12175,156,95917
8,96081,2560,1.0,12176,156,95925
4,96085,2560,0.0,12177,156,95929
4,96089,2560,0.0,12178,156,95933
6,96095,2561,1.0,12179,156,95939
18,96113,2561,0.0,12180,156,95957
6,96119,2562,1.0,12181,156,95963
5,96124,2562,0.0,12182,156,95968
8,96132,2562,0.0,12183,156,95976
18,96150,2562,0.0,12184,156,95994
15,96165,2562,0.0,12185,156,96009
7,96172,2562,0.0,12186,156,96016
4,96176,2562,0.0,12187,156,96020
16,96192,2562,0.0,12188,156,96036
12,96204,2562,0.0,12189,156,96048
4,96208,2562,0.0,12190,156,96052
6,96214,2563,1.0,12191,156,96058
6,96220,2564,1.0,12192,156,96064
2,96222,2564,0.0,12193,156,96066
2,96224,2564,0.0,12194,156,96068
2,96226,2564,0.0,12195,156,96070
18,96244,2564,0.0,12196,156,96088
7,96251,2564,0.0,12197,156,96095
5,96256,2564,0.0,12198,156,96100
15,96271,2564,0.0,12199,156,96115
2,96273,2564,0.0,12200,156,96117
13,96286,2564,0.0,12201,156,96130
6,96292,2565,1.0,12202,156,96136
6,96298,2566,1.0,12203,156,96142
6,96304,2567,1.0,12204,156,96148
2,96306,2567,0.0,12205,156,96150
8,96314,2567,0.0,12206,156,96158
4,96318,2567,0.0,12207,156,96162
9,96327,2567,0.0,12208,156,96171
12,96339,2567,0.0,12209,156,96183
3,96342,2567,0.0,12210,156,96186
27,96369,2567,0.0,12211,156,96213
4,96373,2567,0.0,12212,156,96217
9,96382,2567,0.0,12213,156,96226
21,96403,2567,0.0,12214,156,96247
4,96407,2567,0.0,12215,156,96251
2,96409,2567,0.0,12216,156,96253
2,96411,2567,0.0,12217,156,96255
8,96419,2568,1.0,12218,156,96263
11,96430,2568,0.0,12219,156,96274
7,96437,2568,0.0,12220,156,96281
21,96458,2568,0.0,12221,156,96302
6,96464,2569,1.0,12222,156,96308
3,96467,2569,0.0,12223,156,96311
7,96474,2569,0.0,12224,156,96318
6,96480,2570,1.0,12225,156,96324
19,96499,2570,0.0,12226,156,96343
7,96506,2570,0.0,12227,156,96350
6,96512,2570,0.0,12228,156,96356
6,96518,2571,1.0,12229,156,96362
3,96521,2571,0.0,12230,156,96365
10,96531,2571,0.0,12231,156,96375
11,96542,2571,0.0,12232,156,96386
24,96566,2571,0.0,12233,156,96410
2,96568,2571,0.0,12234,156,96412
15,96583,2571,0.0,12235,156,96427
2,96585,2571,0.0,12236,156,96429
6,96591,2571,0.0,12237,156,96435
3,96594,2571,0.0,12238,156,96438
6,96600,2572,1.0,12239,156,96444
13,96613,2572,0.0,12240,156,96457
10,96623,2572,0.0,12241,156,96467
6,96629,2573,1.0,12242,156,96473
6,96635,2573,0.0,12243,156,96479
4,96639,2573,0.0,12244,156,96483
2,96641,2573,0.0,12245,156,96485
6,96647,2574,1.0,12246,156,96491
22,96669,2574,0.0,12247,156,96513
2,96671,2574,0.0,12248,156,96515
5,96676,2574,0.0,12249,156,96520
13,96689,2574,0.0,12250,156,96533
16,96705,2574,0.0,12251,156,96549
17,96722,2574,0.0,12252,156,96566
11,96733,2574,0.0,12253,156,96577
2,96735,2574,0.0,12254,156,96579
18,96753,2574,0.0,12255,156,96597
3,96756,2574,0.0,12256,156,96600
6,96762,2575,1.0,12257,156,96606
3,96765,2575,0.0,12258,156,96609
6,96771,2576,1.0,12259,156,96615
7,96778,2576,0.0,12260,156,96622
2,96780,2576,0.0,12261,156,96624
2,96782,2576,0.0,12262,156,96626
6,96788,2577,1.0,12263,156,96632
6,96794,2578,1.0,12264,156,96638
6,96800,2579,1.0,12265,156,96644
7,96807,2579,0.0,12266,156,96651
9,96816,2579,0.0,12267,156,96660
10,96826,2579,0.0,12268,156,96670
19,96845,2579,0.0,12269,156,96689
9,96854,2579,0.0,12270,156,96698
3,96857,2579,0.0,12271,156,96701
13,96870,2579,0.0,12272,156,96714
14,96884,2579,0.0,12273,156,96728
6,96890,2580,1.0,12274,156,96734
4,96894,2580,0.0,12275,156,96738
7,96901,2580,0.0,12276,156,96745
6,96907,2580,0.0,12277,156,96751
6,96913,2581,1.0,12278,156,96757
20,96933,2581,0.0,12279,156,96777
14,96947,2581,0.0,12280,156,96791
8,96955,2581,0.0,12281,156,96799
7,96962,2581,0.0,12282,156,96806
6,96968,2582,1.0,12283,156,96812
3,96971,2582,0.0,12284,156,96815
4,96975,2582,0.0,12285,156,96819
6,96981,2583,1.0,12286,156,96825
15,96996,2583,0.0,12287,156,96840
6,97002,2584,1.0,12288,156,96846
3,97005,2584,0.0,12289,156,96849
6,97011,2585,1.0,12290,156,96855
6,97017,2586,1.0,12291,156,96861
4,97021,2586,0.0,12292,156,96865
6,97027,2587,1.0,12293,156,96871
9,97036,2587,0.0,12294,156,96880
2,97038,2587,0.0,12295,156,96882
2,97040,2587,0.0,12296,156,96884
6,97046,2588,1.0,12297,156,96890
2,97048,2588,0.0,12298,156,96892
12,97060,2588,0.0,12299,156,96904
5,97065,2588,0.0,12300,156,96909
13,97078,2588,0.0,12301,156,96922
2,97080,2588,0.0,12302,156,96924
3,97083,2588,0.0,12303,156,96927
6,97089,2589,1.0,12304,156,96933
8,97097,2589,0.0,12305,156,96941
3,97100,2589,0.0,12306,156,96944
18,97118,2589,0.0,12307,156,96962
6,97124,2589,0.0,12308,156,96968
4,97128,2589,0.0,12309,156,96972
4,97132,2589,0.0,12310,156,96976
6,97138,2590,1.0,12311,156,96982
4,97142,2590,0.0,12312,156,96986
13,97155,2590,0.0,12313,156,96999
2,97157,2590,0.0,12314,156,97001
6,97163,2590,0.0,12315,156,97007
6,97169,2591,1.0,12316,156,97013
2,97171,2591,0.0,12317,156,97015
15,97186,2591,0.0,12318,156,97030
6,97192,2591,0.0,12319,156,97036
17,97209,2591,0.0,12320,156,97053
6,97215,2591,0.0,12321,156,97059
4,97219,2591,0.0,12322,156,97063
6,97225,2591,0.0,12323,156,97069
5,97230,2591,0.0,12324,156,97074
3,97233,2591,0.0,12325,156,97077
12,97245,2591,0.0,12326,156,97089
6,97251,2591,0.0,12327,156,97095
11,97262,2591,0.0,12328,156,97106
8,97270,2592,1.0,12329,156,97114
11,97281,2592,0.0,12330,156,97125
20,97301,2592,0.0,12331,156,97145
3,97304,2592,0.0,12332,156,97148
9,97313,2592,0.0,12333,156,97157
3,97316,2592,0.0,12334,156,97160
2,97318,2592,0.0,12335,156,97162
13,97331,2592,0.0,12336,156,97175
8,97339,2592,0.0,12337,156,97183
4,97343,2592,0.0,12338,156,97187
11,97354,2592,0.0,12339,156,97198
18,97372,2592,0.0,12340,156,97216
9,97381,2592,0.0,12341,156,97225
7,97388,2592,0.0,12342,156,97232
2,97390,2592,0.0,12343,156,97234
18,97408,2592,0.0,12344,156,97252
5,97413,2592,0.0,12345,156,97257
8,97421,2592,0.0,12346,156,97265
13,97434,2592,0.0,12347,156,97278
2,97436,2592,0.0,12348,156,97280
11,97447,2592,0.0,12349,156,97291
12,97459,2592,0.0,12350,156,97303
7,97466,2592,0.0,12351,156,97310
4,97470,2592,0.0,12352,156,97314
2,97472,2592,0.0,12353,156,97316
2,97474,2592,0.0,12354,156,97318
3,97477,2592,0.0,12355,156,97321
2,97479,2592,0.0,12356,156,97323
6,97485,2593,1.0,12357,156,97329
26,97511,2593,0.0,12358,156,97355
10,97521,2593,0.0,12359,156,97365
2,97523,2593,0.0,12360,156,97367
11,97534,2593,0.0,12361,156,97378
16,97550,2593,0.0,12362,156,97394
6,97556,2594,1.0,12363,156,97400
3,97559,2594,0.0,12364,156,97403
5,97564,2594,0.0,12365,156,97408
3,97567,2594,0.0,12366,156,97411
7,97574,2594,0.0,12367,156,97418
2,97576,2594,0.0,12368,156,97420
6,97582,2595,1.0,12369,156,97426
18,97600,2595,0.0,12370,156,97444
8,97608,2596,1.0,12371,156,97452
7,97615,2596,0.0,12372,156,97459
41,97656,2596,0.0,12373,156,97500
6,97662,2597,1.0,12374,156,97506
3,97665,2597,0.0,12375,156,97509
4,97669,2597,0.0,12376,156,97513
6,97675,2598,1.0,12377,156,97519
18,97693,2598,0.0,12378,156,97537
6,97699,2599,1.0,12379,156,97543
4,97703,2599,0.0,12380,156,97547
4,97707,2599,0.0,12381,156,97551
13,97720,2599,0.0,12382,156,97564
4,97724,2599,0.0,12383,156,97568
6,97730,2600,1.0,12384,156,97574
14,97744,2600,0.0,12385,156,97588
4,97748,2600,0.0,12386,156,97592
4,97752,2600,0.0,12387,156,97596
15,97767,2600,0.0,12388,156,97611
62,97829,2600,0.0,12389,156,97673
7,97836,2600,0.0,12390,156,97680
2,97838,2600,0.0,12391,156,97682
18,97856,2600,0.0,12392,156,97700
8,97864,2600,0.0,12393,156,97708
6,97870,2600,0.0,12394,156,97714
2,97872,2600,0.0,12395,156,97716
11,97883,2600,0.0,12396,156,97727
2,97885,2600,0.0,12397,156,97729
3,97888,2600,0.0,12398,156,97732
6,97894,2601,1.0,12399,156,97738
2,97896,2601,0.0,12400,156,97740
2,97898,2601,0.0,12401,156,97742
6,97904,2602,1.0,12402,156,97748
16,97920,2602,0.0,12403,156,97764
2,97922,2602,0.0,12404,156,97766
6,97928,2603,1.0,12405,156,97772
17,97945,2603,0.0,12406,156,97789
7,97952,2603,0.0,12407,156,97796
4,97956,2603,0.0,12408,156,97800
2,97958,2603,0.0,12409,156,97802
3,97961,2603,0.0,12410,156,97805
11,97972,2603,0.0,12411,156,97816
8,97980,2604,1.0,12412,156,97824
6,97986,2605,1.0,12413,156,97830
12,97998,2605,0.0,12414,156,97842
16,98014,2605,0.0,12415,156,97858
3,98017,2605,0.0,12416,156,97861
8,98025,2605,0.0,12417,156,97869
2,98027,2605,0.0,12418,156,97871
7,98034,2605,0.0,12419,156,97878
2,98036,2605,0.0,12420,156,97880
6,98042,2606,1.0,12421,156,97886
10,98052,2606,0.0,12422,156,97896
12,98064,2606,0.0,12423,156,97908
11,98075,2606,0.0,12424,156,97919
5,98080,2606,0.0,12425,156,97924
35,98115,2606,0.0,12426,156,97959
9,98124,2606,0.0,12427,156,97968
3,98127,2606,0.0,12428,156,97971
12,98139,2606,0.0,12429,156,97983
2,98141,2606,0.0,12430,156,97985
2,98143,2606,0.0,12431,156,97987
21,98164,2606,0.0,12432,156,98008
3,98167,2606,0.0,12433,156,98011
2,98169,2606,0.0,12434,156,98013
4,98173,2606,0.0,12435,156,98017
3,98176,2606,0.0,12436,156,98020
18,98194,2606,0.0,12437,156,98038
3,98197,2606,0.0,12438,156,98041
2,98199,2606,0.0,12439,156,98043
9,98208,2606,0.0,12440,156,98052
6,98214,2607,1.0,12441,156,98058
3,98217,2607,0.0,12442,156,98061
4,98221,2607,0.0,12443,156,98065
9,98230,2607,0.0,12444,156,98074
18,98248,2607,0.0,12445,156,98092
9,98257,2607,0.0,12446,156,98101
4,98261,2607,0.0,12447,156,98105
13,98274,2607,0.0,12448,156,98118
18,98292,2607,0.0,12449,156,98136
2,98294,2607,0.0,12450,156,98138
7,98301,2607,0.0,12451,156,98145
6,98307,2607,0.0,12452,156,98151
3,98310,2607,0.0,12453,156,98154
6,98316,2607,0.0,12454,156,98160
18,98334,2607,0.0,12455,156,98178
2,98336,2607,0.0,12456,156,98180
6,98342,2607,0.0,12457,156,98186
19,98361,2607,0.0,12458,156,98205
3,98364,2607,0.0,12459,156,98208
15,98379,2607,0.0,12460,156,98223
3,98382,2607,0.0,12461,156,98226
4,98386,2607,0.0,12462,156,98230
2,98388,2607,0.0,12463,156,98232
4,98392,2607,0.0,12464,156,98236
18,98410,2607,0.0,12465,156,98254
6,98416,2608,1.0,12466,156,98260
6,98422,2608,0.0,12467,156,98266
6,98428,2609,1.0,12468,156,98272
2,98430,2609,0.0,12469,156,98274
6,98436,2610,1.0,12470,156,98280
13,98449,2610,0.0,12471,156,98293
15,98464,2610,0.0,12472,156,98308
2,98466,2610,0.0,12473,156,98310
2,98468,2610,0.0,12474,156,98312
6,98474,2611,1.0,12475,156,98318
6,98480,2612,1.0,12476,156,98324
6,98486,2613,1.0,12477,156,98330
2,98488,2613,0.0,12478,156,98332
2,98490,2613,0.0,12479,156,98334
2,98492,2613,0.0,12480,156,98336
8,98500,2613,0.0,12481,156,98344
19,98519,2613,0.0,12482,156,98363
2,98521,2613,0.0,12483,156,98365
8,98529,2613,0.0,12484,156,98373
29,98558,2613,0.0,12485,156,98402
6,98564,2613,0.0,12486,156,98408
6,98570,2614,1.0,12487,156,98414
13,98583,2614,0.0,12488,156,98427
13,98596,2614,0.0,12489,156,98440
6,98602,2615,1.0,12490,156,98446
6,98608,2616,1.0,12491,156,98452
28,98636,2616,0.0,12492,156,98480
6,98642,2617,1.0,12493,156,98486
2,98644,2617,0.0,12494,156,98488
2,98646,2617,0.0,12495,156,98490
6,98652,2618,1.0,12496,156,98496
10,98662,2618,0.0,12497,156,98506
20,98682,2618,0.0,12498,156,98526
2,98684,2618,0.0,12499,156,98528
2,98686,2618,0.0,12500,156,98530
3,98689,2618,0.0,12501,156,98533
10,98699,2618,0.0,12502,156,98543
6,98705,2619,1.0,12503,156,98549
12,98717,2619,0.0,12504,156,98561
18,98735,2619,0.0,12505,156,98579
6,98741,2620,1.0,12506,156,98585
2,98743,2620,0.0,12507,156,98587
7,98750,2620,0.0,12508,156,98594
2,98752,2620,0.0,12509,156,98596
3,98755,2620,0.0,12510,156,98599
8,98763,2621,1.0,12511,156,98607
4,98767,2621,0.0,12512,156,98611
6,98773,2622,1.0,12513,156,98617
15,98788,2622,0.0,12514,156,98632
6,98794,2622,0.0,12515,156,98638
2,98796,2622,0.0,12516,156,98640
4,98800,2622,0.0,12517,156,98644
3,98803,2622,0.0,12518,156,98647
11,98814,2622,0.0,12519,156,98658
3,98817,2622,0.0,12520,156,98661
6,98823,2623,1.0,12521,156,98667
18,98841,2623,0.0,12522,156,98685
16,98857,2623,0.0,12523,156,98701
6,98863,2624,1.0,12524,156,98707
18,98881,2624,0.0,12525,156,98725
6,98887,2625,1.0,12526,156,98731
5,98892,2625,0.0,12527,156,98736
3,98895,2625,0.0,12528,156,98739
4,98899,2625,0.0,12529,156,98743
7,98906,2625,0.0,12530,156,98750
9,98915,2625,0.0,12531,156,98759
2,98917,2625,0.0,12532,156,98761
18,98935,2625,0.0,12533,156,98779
12,98947,2625,0.0,12534,156,98791
6,98953,2626,1.0,12535,156,98797
6,98959,2626,0.0,12536,156,98803
6,98965,2627,1.0,12537,156,98809
6,98971,2628,1.0,12538,156,98815
9,98980,2628,0.0,12539,156,98824
6,98986,2629,1.0,12540,156,98830
6,98992,2630,1.0,12541,156,98836
6,98998,2631,1.0,12542,156,98842
6,99004,2632,1.0,12543,156,98848
6,99010,2633,1.0,12544,156,98854
14,99024,2633,0.0,12545,156,98868
6,99030,2634,1.0,12546,156,98874
14,99044,2634,0.0,12547,156,98888
6,99050,2635,1.0,12548,156,98894
6,99056,2635,0.0,12549,156,98900
6,99062,2636,1.0,12550,156,98906
14,99076,2636,0.0,12551,156,98920
4,99080,2636,0.0,12552,156,98924
17,99097,2636,0.0,12553,156,98941
6,99103,2637,1.0,12554,156,98947
6,99109,2637,0.0,12555,156,98953
4,99113,2637,0.0,12556,156,98957
2,99115,2637,0.0,12557,156,98959
18,99133,2637,0.0,12558,156,98977
13,99146,2637,0.0,12559,156,98990
2,99148,2637,0.0,12560,156,98992
17,99165,2637,0.0,12561,156,99009
3,99168,2637,0.0,12562,156,99012
35,99203,2637,0.0,12563,156,99047
9,99212,2637,0.0,12564,156,99056
7,99219,2637,0.0,12565,156,99063
9,99228,2637,0.0,12566,156,99072
6,99234,2638,1.0,12567,156,99078
15,99249,2638,0.0,12568,156,99093
8,99257,2638,0.0,12569,156,99101
6,99263,2639,1.0,12570,156,99107
6,99269,2640,1.0,12571,156,99113
2,99271,2640,0.0,12572,156,99115
6,99277,2641,1.0,12573,156,99121
17,99294,2641,0.0,12574,156,99138
6,99300,2642,1.0,12575,156,99144
3,99303,2642,0.0,12576,156,99147
11,99314,2642,0.0,12577,156,99158
6,99320,2643,1.0,12578,156,99164
8,99328,2643,0.0,12579,156,99172
2,99330,2643,0.0,12580,156,99174
13,99343,2643,0.0,12581,156,99187
6,99349,2644,1.0,12582,156,99193
17,99366,2644,0.0,12583,156,99210
18,99384,2644,0.0,12584,156,99228
6,99390,2645,1.0,12585,156,99234
14,99404,2645,0.0,12586,156,99248
12,99416,2645,0.0,12587,156,99260
3,99419,2645,0.0,12588,156,99263
8,99427,2645,0.0,12589,156,99271
6,99433,2646,1.0,12590,156,99277
2,99435,2646,0.0,12591,156,99279
6,99441,2647,1.0,12592,156,99285
2,99443,2647,0.0,12593,156,99287
2,99445,2647,0.0,12594,156,99289
5,99450,2647,0.0,12595,156,99294
2,99452,2647,0.0,12596,156,99296
8,99460,2647,0.0,12597,156,99304
6,99466,2648,1.0,12598,156,99310
6,99472,2648,0.0,12599,156,99316
7,99479,2648,0.0,12600,156,99323
12,99491,2648,0.0,12601,156,99335
8,99499,2648,0.0,12602,156,99343
6,99505,2649,1.0,12603,156,99349
14,99519,2649,0.0,12604,156,99363
8,99527,2649,0.0,12605,156,99371
20,99547,2649,0.0,12606,156,99391
11,99558,2649,0.0,12607,156,99402
8,99566,2649,0.0,12608,156,99410
18,99584,2649,0.0,12609,156,99428
4,99588,2649,0.0,12610,156,99432
6,99594,2650,1.0,12611,156,99438
13,99607,2650,0.0,12612,156,99451
5,99612,2650,0.0,12613,156,99456
10,99622,2650,0.0,12614,156,99466
3,99625,2650,0.0,12615,156,99469
6,99631,2651,1.0,12616,156,99475
6,99637,2651,0.0,12617,156,99481
6,99643,2651,0.0,12618,156,99487
2,99645,2651,0.0,12619,156,99489
4,99649,2651,0.0,12620,156,99493
6,99655,2652,1.0,12621,156,99499
18,99673,2652,0.0,12622,156,99517
3,99676,2652,0.0,12623,156,99520
6,99682,2653,1.0,12624,156,99526
6,99688,2654,1.0,12625,156,99532
12,99700,2654,0.0,12626,156,99544
2,99702,2654,0.0,12627,156,99546
2,99704,2654,0.0,12628,156,99548
2,99706,2654,0.0,12629,156,99550
10,99716,2654,0.0,12630,156,99560
3,99719,2654,0.0,12631,156,99563
31,99750,2654,0.0,12632,156,99594
2,99752,2654,0.0,12633,156,99596
6,99758,2655,1.0,12634,156,99602
2,99760,2655,0.0,12635,156,99604
3,99763,2655,0.0,12636,156,99607
14,99777,2655,0.0,12637,156,99621
17,99794,2655,0.0,12638,156,99638
7,99801,2655,0.0,12639,156,99645
6,99807,2656,1.0,12640,156,99651
15,99822,2656,0.0,12641,156,99666
16,99838,2656,0.0,12642,156,99682
6,99844,2657,1.0,12643,156,99688
6,99850,2658,1.0,12644,156,99694
2,99852,2658,0.0,12645,156,99696
19,99871,2658,0.0,12646,156,99715
17,99888,2658,0.0,12647,156,99732
4,99892,2658,0.0,12648,156,99736
14,99906,2658,0.0,12649,156,99750
6,99912,2659,1.0,12650,156,99756
6,99918,2659,0.0,12651,156,99762
7,99925,2659,0.0,12652,156,99769
6,99931,2660,1.0,12653,156,99775
6,99937,2661,1.0,12654,156,99781
6,99943,2662,1.0,12655,156,99787
5,99948,2662,0.0,12656,156,99792
6,99954,2662,0.0,12657,156,99798
11,99965,2662,0.0,12658,156,99809
2,99967,2662,0.0,12659,156,99811
6,99973,2663,1.0,12660,156,99817
14,99987,2663,0.0,12661,156,99831
6,99993,2663,0.0,12662,156,99837
4,99997,2663,0.0,12663,156,99841
