iteration,successes,successes_episode,reward_episode,episode_count,random_act,timestep
5,5,0,0.0,1,4,1
5,10,0,0.0,2,7,3
9,19,0,0.0,3,11,8
6,25,0,0.0,4,15,10
6,31,0,0.0,5,20,11
2,33,0,0.0,6,21,12
13,46,0,0.0,7,31,15
15,61,0,0.0,8,39,22
5,66,0,0.0,9,43,23
7,73,0,0.0,10,48,25
14,87,0,0.0,11,57,30
10,97,0,0.0,12,67,30
2,99,0,0.0,13,69,30
3,102,0,0.0,14,72,30
2,104,0,0.0,15,72,32
7,111,0,0.0,16,79,32
16,127,0,0.0,17,90,37
6,133,0,0.0,18,94,39
3,136,0,0.0,19,96,40
2,138,0,0.0,20,98,40
4,142,0,0.0,21,102,40
16,158,0,0.0,22,117,41
17,175,0,0.0,23,130,45
7,182,0,0.0,24,137,45
16,198,0,0.0,25,150,48
7,205,0,0.0,26,154,51
44,249,0,0.0,27,189,60
5,254,0,0.0,28,193,61
4,258,0,0.0,29,196,62
5,263,0,0.0,30,200,63
4,267,0,0.0,31,203,64
3,270,0,0.0,32,205,65
24,294,0,0.0,33,223,71
4,298,0,0.0,34,225,73
7,305,0,0.0,35,230,75
5,310,0,0.0,36,234,76
5,315,0,0.0,37,238,77
25,340,0,0.0,38,257,83
17,357,0,0.0,39,272,85
6,363,0,0.0,40,278,85
7,370,0,0.0,41,284,86
6,376,0,0.0,42,290,86
12,388,0,0.0,43,301,87
3,391,0,0.0,44,304,87
12,403,0,0.0,45,315,88
6,409,0,0.0,46,321,88
4,413,0,0.0,47,324,89
8,421,0,0.0,48,331,90
7,428,0,0.0,49,338,90
4,432,0,0.0,50,341,91
12,444,0,0.0,51,352,92
19,463,0,0.0,52,366,97
3,466,0,0.0,53,367,99
9,475,0,0.0,54,375,100
4,479,0,0.0,55,377,102
3,482,0,0.0,56,380,102
2,484,0,0.0,57,382,102
5,489,0,0.0,58,384,105
6,495,0,0.0,59,389,106
12,507,0,0.0,60,398,109
11,518,0,0.0,61,407,111
2,520,0,0.0,62,408,112
4,524,0,0.0,63,412,112
7,531,0,0.0,64,417,114
7,538,0,0.0,65,423,115
9,547,0,0.0,66,430,117
3,550,0,0.0,67,433,117
9,559,1,1.0,68,441,118
4,563,1,0.0,69,441,122
4,567,1,0.0,70,442,125
2,569,1,0.0,71,442,127
16,585,1,0.0,72,446,139
9,594,1,0.0,73,448,146
9,603,1,0.0,74,450,153
9,612,1,0.0,75,453,159
30,642,1,0.0,76,462,180
9,651,1,0.0,77,462,189
2,653,1,0.0,78,462,191
9,662,1,0.0,79,463,199
13,675,1,0.0,80,465,210
3,678,1,0.0,81,467,211
5,683,1,0.0,82,468,215
5,688,1,0.0,83,471,217
2,690,1,0.0,84,471,219
13,703,1,0.0,85,472,231
2,705,1,0.0,86,472,233
7,712,1,0.0,87,474,238
2,714,1,0.0,88,474,240
17,731,1,0.0,89,478,253
4,735,1,0.0,90,480,255
10,745,1,0.0,91,483,262
11,756,1,0.0,92,486,270
2,758,1,0.0,93,486,272
4,762,1,0.0,94,486,276
12,774,1,0.0,95,488,286
7,781,1,0.0,96,488,293
7,788,1,0.0,97,488,300
10,798,1,0.0,98,490,308
3,801,1,0.0,99,492,309
7,808,1,0.0,100,492,316
2,810,1,0.0,101,492,318
2,812,1,0.0,102,493,319
5,817,1,0.0,103,494,323
4,821,1,0.0,104,495,326
7,828,1,0.0,105,496,332
5,833,1,0.0,106,498,335
8,841,1,0.0,107,499,342
5,846,1,0.0,108,500,346
7,853,1,0.0,109,502,351
5,858,1,0.0,110,503,355
2,860,1,0.0,111,503,357
2,862,1,0.0,112,504,358
5,867,1,0.0,113,504,363
13,880,1,0.0,114,506,374
5,885,1,0.0,115,506,379
9,894,1,0.0,116,508,386
2,896,1,0.0,117,509,387
16,912,1,0.0,118,513,399
3,915,1,0.0,119,513,402
2,917,1,0.0,120,513,404
14,931,1,0.0,121,515,416
9,940,1,0.0,122,516,424
3,943,1,0.0,123,516,427
6,949,1,0.0,124,517,432
2,951,1,0.0,125,517,434
5,956,1,0.0,126,518,438
5,961,1,0.0,127,519,442
5,966,1,0.0,128,519,447
6,972,1,0.0,129,519,453
3,975,1,0.0,130,519,456
12,987,1,0.0,131,521,466
14,1001,1,0.0,132,522,479
14,1015,1,0.0,133,524,491
3,1018,1,0.0,134,524,494
2,1020,1,0.0,135,524,496
7,1027,1,0.0,136,524,503
5,1032,1,0.0,137,524,508
13,1045,1,0.0,138,525,520
17,1062,1,0.0,139,526,536
7,1069,1,0.0,140,526,543
4,1073,1,0.0,141,529,544
5,1078,1,0.0,142,530,548
7,1085,1,0.0,143,532,553
11,1096,1,0.0,144,534,562
5,1101,1,0.0,145,534,567
4,1105,1,0.0,146,535,570
7,1112,1,0.0,147,536,576
14,1126,1,0.0,148,536,590
5,1131,1,0.0,149,536,595
13,1144,1,0.0,150,537,607
19,1163,1,0.0,151,541,622
5,1168,1,0.0,152,541,627
6,1174,1,0.0,153,542,632
2,1176,1,0.0,154,543,633
3,1179,1,0.0,155,543,636
3,1182,1,0.0,156,543,639
5,1187,1,0.0,157,545,642
2,1189,1,0.0,158,545,644
8,1197,1,0.0,159,546,651
11,1208,1,0.0,160,546,662
4,1212,1,0.0,161,548,664
7,1219,1,0.0,162,548,671
7,1226,1,0.0,163,550,676
5,1231,1,0.0,164,550,681
11,1242,1,0.0,165,552,690
6,1248,1,0.0,166,552,696
3,1251,1,0.0,167,552,699
8,1259,1,0.0,168,553,706
6,1265,1,0.0,169,553,712
6,1271,1,0.0,170,553,718
6,1277,1,0.0,171,554,723
5,1282,1,0.0,172,554,728
5,1287,1,0.0,173,555,732
20,1307,1,0.0,174,555,752
4,1311,1,0.0,175,555,756
4,1315,1,0.0,176,556,759
6,1321,1,0.0,177,558,763
6,1327,1,0.0,178,559,768
7,1334,1,0.0,179,563,771
2,1336,1,0.0,180,564,772
5,1341,1,0.0,181,564,777
12,1353,1,0.0,182,566,787
5,1358,1,0.0,183,567,791
7,1365,1,0.0,184,567,798
6,1371,1,0.0,185,568,803
2,1373,1,0.0,186,569,804
40,1413,1,0.0,187,575,838
4,1417,1,0.0,188,575,842
7,1424,1,0.0,189,577,847
18,1442,2,1.0,190,577,865
13,1455,2,0.0,191,577,878
7,1462,2,0.0,192,577,885
4,1466,2,0.0,193,577,889
5,1471,2,0.0,194,577,894
22,1493,2,0.0,195,577,916
11,1504,2,0.0,196,577,927
8,1512,2,0.0,197,578,934
19,1531,2,0.0,198,578,953
7,1538,2,0.0,199,578,960
2,1540,2,0.0,200,578,962
5,1545,2,0.0,201,578,967
4,1549,2,0.0,202,578,971
5,1554,2,0.0,203,578,976
9,1563,2,0.0,204,578,985
4,1567,2,0.0,205,578,989
6,1573,2,0.0,206,578,995
6,1579,2,0.0,207,578,1001
4,1583,2,0.0,208,578,1005
2,1585,2,0.0,209,578,1007
7,1592,2,0.0,210,578,1014
6,1598,2,0.0,211,578,1020
2,1600,2,0.0,212,578,1022
14,1614,2,0.0,213,578,1036
10,1624,2,0.0,214,578,1046
9,1633,2,0.0,215,579,1054
7,1640,2,0.0,216,579,1061
3,1643,2,0.0,217,579,1064
3,1646,2,0.0,218,579,1067
6,1652,2,0.0,219,579,1073
5,1657,2,0.0,220,579,1078
2,1659,2,0.0,221,579,1080
2,1661,2,0.0,222,579,1082
12,1673,2,0.0,223,579,1094
2,1675,2,0.0,224,579,1096
5,1680,2,0.0,225,579,1101
2,1682,2,0.0,226,580,1102
10,1692,2,0.0,227,580,1112
15,1707,2,0.0,228,580,1127
5,1712,2,0.0,229,581,1131
4,1716,2,0.0,230,581,1135
15,1731,2,0.0,231,582,1149
2,1733,2,0.0,232,582,1151
2,1735,2,0.0,233,582,1153
3,1738,2,0.0,234,582,1156
11,1749,2,0.0,235,582,1167
14,1763,2,0.0,236,582,1181
5,1768,2,0.0,237,582,1186
12,1780,2,0.0,238,582,1198
12,1792,2,0.0,239,582,1210
5,1797,2,0.0,240,582,1215
2,1799,2,0.0,241,582,1217
5,1804,2,0.0,242,582,1222
4,1808,2,0.0,243,582,1226
7,1815,2,0.0,244,582,1233
2,1817,2,0.0,245,583,1234
14,1831,2,0.0,246,583,1248
2,1833,2,0.0,247,583,1250
9,1842,2,0.0,248,583,1259
15,1857,2,0.0,249,584,1273
5,1862,2,0.0,250,584,1278
7,1869,2,0.0,251,584,1285
11,1880,2,0.0,252,584,1296
15,1895,2,0.0,253,584,1311
8,1903,3,1.0,254,584,1319
3,1906,3,0.0,255,584,1322
3,1909,3,0.0,256,584,1325
5,1914,3,0.0,257,584,1330
5,1919,3,0.0,258,584,1335
4,1923,3,0.0,259,584,1339
10,1933,3,0.0,260,584,1349
5,1938,3,0.0,261,584,1354
19,1957,3,0.0,262,584,1373
8,1965,3,0.0,263,584,1381
2,1967,3,0.0,264,584,1383
11,1978,3,0.0,265,584,1394
2,1980,3,0.0,266,584,1396
10,1990,3,0.0,267,584,1406
3,1993,3,0.0,268,584,1409
7,2000,3,0.0,269,584,1416
17,2017,3,0.0,270,584,1433
10,2027,3,0.0,271,584,1443
4,2031,3,0.0,272,584,1447
4,2035,3,0.0,273,584,1451
5,2040,3,0.0,274,584,1456
9,2049,3,0.0,275,584,1465
2,2051,3,0.0,276,584,1467
8,2059,3,0.0,277,584,1475
18,2077,3,0.0,278,584,1493
9,2086,3,0.0,279,584,1502
5,2091,3,0.0,280,584,1507
6,2097,3,0.0,281,584,1513
9,2106,3,0.0,282,584,1522
8,2114,3,0.0,283,584,1530
9,2123,3,0.0,284,584,1539
12,2135,4,1.0,285,584,1551
2,2137,4,0.0,286,584,1553
5,2142,4,0.0,287,584,1558
5,2147,4,0.0,288,584,1563
2,2149,4,0.0,289,584,1565
7,2156,4,0.0,290,584,1572
8,2164,5,1.0,291,584,1580
8,2172,5,0.0,292,584,1588
6,2178,5,0.0,293,584,1594
16,2194,5,0.0,294,584,1610
2,2196,5,0.0,295,584,1612
15,2211,5,0.0,296,584,1627
3,2214,5,0.0,297,584,1630
5,2219,5,0.0,298,584,1635
7,2226,5,0.0,299,584,1642
5,2231,5,0.0,300,584,1647
9,2240,5,0.0,301,584,1656
4,2244,5,0.0,302,584,1660
4,2248,5,0.0,303,584,1664
13,2261,5,0.0,304,584,1677
20,2281,5,0.0,305,584,1697
8,2289,5,0.0,306,584,1705
4,2293,5,0.0,307,584,1709
20,2313,6,1.0,308,584,1729
4,2317,6,0.0,309,584,1733
11,2328,6,0.0,310,584,1744
5,2333,6,0.0,311,584,1749
5,2338,6,0.0,312,584,1754
16,2354,6,0.0,313,584,1770
3,2357,6,0.0,314,584,1773
4,2361,6,0.0,315,584,1777
5,2366,6,0.0,316,584,1782
24,2390,6,0.0,317,584,1806
20,2410,6,0.0,318,584,1826
9,2419,6,0.0,319,584,1835
8,2427,6,0.0,320,584,1843
12,2439,6,0.0,321,584,1855
7,2446,6,0.0,322,584,1862
4,2450,6,0.0,323,584,1866
5,2455,6,0.0,324,584,1871
9,2464,6,0.0,325,584,1880
3,2467,6,0.0,326,584,1883
7,2474,6,0.0,327,584,1890
6,2480,6,0.0,328,584,1896
7,2487,6,0.0,329,584,1903
5,2492,6,0.0,330,584,1908
3,2495,6,0.0,331,584,1911
23,2518,6,0.0,332,584,1934
3,2521,6,0.0,333,584,1937
9,2530,6,0.0,334,584,1946
6,2536,6,0.0,335,584,1952
20,2556,7,1.0,336,584,1972
4,2560,7,0.0,337,584,1976
9,2569,7,0.0,338,584,1985
5,2574,7,0.0,339,584,1990
3,2577,7,0.0,340,584,1993
13,2590,7,0.0,341,584,2006
3,2593,7,0.0,342,584,2009
4,2597,7,0.0,343,584,2013
2,2599,7,0.0,344,584,2015
5,2604,7,0.0,345,584,2020
9,2613,7,0.0,346,584,2029
10,2623,7,0.0,347,584,2039
10,2633,7,0.0,348,584,2049
12,2645,7,0.0,349,584,2061
3,2648,7,0.0,350,584,2064
9,2657,7,0.0,351,584,2073
10,2667,7,0.0,352,584,2083
3,2670,7,0.0,353,584,2086
18,2688,7,0.0,354,584,2104
9,2697,7,0.0,355,584,2113
2,2699,7,0.0,356,584,2115
6,2705,7,0.0,357,585,2120
6,2711,7,0.0,358,585,2126
6,2717,7,0.0,359,585,2132
15,2732,7,0.0,360,585,2147
7,2739,7,0.0,361,585,2154
18,2757,7,0.0,362,585,2172
2,2759,7,0.0,363,585,2174
5,2764,7,0.0,364,585,2179
5,2769,7,0.0,365,585,2184
2,2771,7,0.0,366,585,2186
9,2780,7,0.0,367,585,2195
12,2792,7,0.0,368,585,2207
8,2800,7,0.0,369,585,2215
11,2811,7,0.0,370,585,2226
4,2815,7,0.0,371,585,2230
8,2823,7,0.0,372,585,2238
2,2825,7,0.0,373,585,2240
15,2840,7,0.0,374,585,2255
15,2855,7,0.0,375,585,2270
10,2865,7,0.0,376,585,2280
2,2867,7,0.0,377,585,2282
8,2875,7,0.0,378,585,2290
11,2886,7,0.0,379,585,2301
8,2894,8,1.0,380,585,2309
10,2904,8,0.0,381,585,2319
9,2913,8,0.0,382,585,2328
2,2915,8,0.0,383,585,2330
5,2920,8,0.0,384,585,2335
11,2931,8,0.0,385,585,2346
2,2933,8,0.0,386,585,2348
3,2936,8,0.0,387,585,2351
8,2944,8,0.0,388,585,2359
5,2949,8,0.0,389,585,2364
3,2952,8,0.0,390,585,2367
3,2955,8,0.0,391,585,2370
9,2964,8,0.0,392,585,2379
4,2968,8,0.0,393,585,2383
8,2976,8,0.0,394,585,2391
6,2982,8,0.0,395,585,2397
20,3002,8,0.0,396,585,2417
7,3009,8,0.0,397,585,2424
13,3022,8,0.0,398,585,2437
5,3027,8,0.0,399,585,2442
5,3032,8,0.0,400,585,2447
6,3038,8,0.0,401,585,2453
10,3048,8,0.0,402,585,2463
16,3064,9,1.0,403,585,2479
2,3066,9,0.0,404,585,2481
2,3068,9,0.0,405,585,2483
30,3098,9,0.0,406,585,2513
11,3109,9,0.0,407,585,2524
10,3119,9,0.0,408,585,2534
4,3123,9,0.0,409,585,2538
17,3140,9,0.0,410,585,2555
2,3142,9,0.0,411,585,2557
8,3150,10,1.0,412,585,2565
4,3154,10,0.0,413,585,2569
17,3171,10,0.0,414,585,2586
11,3182,10,0.0,415,585,2597
2,3184,10,0.0,416,585,2599
9,3193,10,0.0,417,585,2608
6,3199,10,0.0,418,585,2614
2,3201,10,0.0,419,585,2616
4,3205,10,0.0,420,585,2620
3,3208,10,0.0,421,585,2623
7,3215,10,0.0,422,585,2630
6,3221,10,0.0,423,585,2636
2,3223,10,0.0,424,585,2638
6,3229,10,0.0,425,585,2644
30,3259,10,0.0,426,585,2674
2,3261,10,0.0,427,585,2676
5,3266,10,0.0,428,585,2681
2,3268,10,0.0,429,585,2683
2,3270,10,0.0,430,585,2685
10,3280,10,0.0,431,585,2695
2,3282,10,0.0,432,585,2697
9,3291,10,0.0,433,585,2706
5,3296,10,0.0,434,585,2711
3,3299,10,0.0,435,585,2714
20,3319,11,1.0,436,585,2734
5,3324,11,0.0,437,585,2739
3,3327,11,0.0,438,585,2742
9,3336,11,0.0,439,585,2751
5,3341,11,0.0,440,585,2756
8,3349,11,0.0,441,585,2764
9,3358,11,0.0,442,585,2773
3,3361,11,0.0,443,585,2776
15,3376,11,0.0,444,585,2791
24,3400,11,0.0,445,585,2815
9,3409,11,0.0,446,585,2824
15,3424,11,0.0,447,585,2839
4,3428,11,0.0,448,585,2843
2,3430,11,0.0,449,585,2845
28,3458,11,0.0,450,585,2873
8,3466,11,0.0,451,585,2881
8,3474,11,0.0,452,585,2889
18,3492,12,1.0,453,585,2907
11,3503,12,0.0,454,585,2918
10,3513,12,0.0,455,585,2928
5,3518,12,0.0,456,585,2933
16,3534,12,0.0,457,585,2949
9,3543,12,0.0,458,585,2958
20,3563,13,1.0,459,585,2978
8,3571,13,0.0,460,585,2986
5,3576,13,0.0,461,585,2991
7,3583,13,0.0,462,585,2998
4,3587,13,0.0,463,585,3002
27,3614,13,0.0,464,585,3029
8,3622,14,1.0,465,585,3037
11,3633,14,0.0,466,585,3048
2,3635,14,0.0,467,585,3050
6,3641,14,0.0,468,585,3056
4,3645,14,0.0,469,585,3060
6,3651,14,0.0,470,585,3066
21,3672,14,0.0,471,585,3087
4,3676,14,0.0,472,585,3091
2,3678,14,0.0,473,585,3093
7,3685,14,0.0,474,585,3100
5,3690,14,0.0,475,585,3105
8,3698,14,0.0,476,585,3113
2,3700,14,0.0,477,585,3115
15,3715,14,0.0,478,585,3130
10,3725,14,0.0,479,585,3140
17,3742,14,0.0,480,585,3157
2,3744,14,0.0,481,585,3159
5,3749,14,0.0,482,585,3164
38,3787,14,0.0,483,585,3202
16,3803,14,0.0,484,585,3218
21,3824,14,0.0,485,585,3239
2,3826,14,0.0,486,585,3241
7,3833,14,0.0,487,585,3248
5,3838,14,0.0,488,585,3253
14,3852,14,0.0,489,585,3267
6,3858,14,0.0,490,585,3273
3,3861,14,0.0,491,585,3276
11,3872,14,0.0,492,585,3287
4,3876,14,0.0,493,585,3291
11,3887,14,0.0,494,585,3302
16,3903,14,0.0,495,585,3318
6,3909,14,0.0,496,585,3324
8,3917,14,0.0,497,585,3332
10,3927,14,0.0,498,585,3342
5,3932,14,0.0,499,585,3347
26,3958,14,0.0,500,585,3373
3,3961,14,0.0,501,585,3376
10,3971,14,0.0,502,585,3386
4,3975,14,0.0,503,585,3390
8,3983,14,0.0,504,585,3398
4,3987,14,0.0,505,585,3402
2,3989,14,0.0,506,585,3404
12,4001,14,0.0,507,585,3416
3,4004,14,0.0,508,585,3419
10,4014,14,0.0,509,585,3429
6,4020,14,0.0,510,585,3435
4,4024,14,0.0,511,585,3439
11,4035,14,0.0,512,585,3450
3,4038,14,0.0,513,585,3453
11,4049,14,0.0,514,585,3464
3,4052,14,0.0,515,585,3467
11,4063,14,0.0,516,585,3478
9,4072,14,0.0,517,585,3487
8,4080,14,0.0,518,585,3495
11,4091,14,0.0,519,585,3506
29,4120,15,1.0,520,585,3535
7,4127,15,0.0,521,585,3542
10,4137,15,0.0,522,585,3552
11,4148,15,0.0,523,585,3563
10,4158,15,0.0,524,585,3573
8,4166,16,1.0,525,585,3581
2,4168,16,0.0,526,585,3583
7,4175,16,0.0,527,585,3590
7,4182,16,0.0,528,585,3597
3,4185,16,0.0,529,585,3600
2,4187,16,0.0,530,585,3602
8,4195,17,1.0,531,585,3610
8,4203,17,0.0,532,585,3618
21,4224,17,0.0,533,585,3639
5,4229,17,0.0,534,585,3644
11,4240,17,0.0,535,585,3655
6,4246,17,0.0,536,585,3661
10,4256,17,0.0,537,585,3671
2,4258,17,0.0,538,585,3673
5,4263,17,0.0,539,585,3678
6,4269,17,0.0,540,585,3684
10,4279,17,0.0,541,585,3694
4,4283,17,0.0,542,585,3698
6,4289,17,0.0,543,585,3704
16,4305,17,0.0,544,585,3720
6,4311,17,0.0,545,585,3726
9,4320,17,0.0,546,585,3735
27,4347,17,0.0,547,585,3762
3,4350,17,0.0,548,585,3765
5,4355,17,0.0,549,585,3770
11,4366,17,0.0,550,585,3781
5,4371,17,0.0,551,585,3786
7,4378,17,0.0,552,585,3793
7,4385,17,0.0,553,585,3800
4,4389,17,0.0,554,585,3804
5,4394,17,0.0,555,585,3809
3,4397,17,0.0,556,585,3812
9,4406,17,0.0,557,585,3821
10,4416,17,0.0,558,585,3831
3,4419,17,0.0,559,585,3834
7,4426,17,0.0,560,585,3841
3,4429,17,0.0,561,585,3844
2,4431,17,0.0,562,585,3846
2,4433,17,0.0,563,585,3848
2,4435,17,0.0,564,585,3850
11,4446,17,0.0,565,585,3861
17,4463,17,0.0,566,585,3878
4,4467,17,0.0,567,585,3882
4,4471,17,0.0,568,585,3886
10,4481,17,0.0,569,585,3896
7,4488,17,0.0,570,585,3903
4,4492,17,0.0,571,585,3907
7,4499,17,0.0,572,585,3914
7,4506,17,0.0,573,585,3921
13,4519,17,0.0,574,585,3934
11,4530,17,0.0,575,585,3945
29,4559,17,0.0,576,585,3974
32,4591,17,0.0,577,585,4006
2,4593,17,0.0,578,585,4008
9,4602,17,0.0,579,585,4017
19,4621,17,0.0,580,585,4036
10,4631,17,0.0,581,585,4046
7,4638,17,0.0,582,585,4053
5,4643,17,0.0,583,585,4058
10,4653,17,0.0,584,585,4068
11,4664,17,0.0,585,585,4079
16,4680,18,1.0,586,585,4095
8,4688,19,1.0,587,585,4103
7,4695,19,0.0,588,585,4110
3,4698,19,0.0,589,585,4113
9,4707,19,0.0,590,585,4122
10,4717,19,0.0,591,585,4132
9,4726,19,0.0,592,585,4141
5,4731,19,0.0,593,585,4146
6,4737,19,0.0,594,585,4152
3,4740,19,0.0,595,585,4155
2,4742,19,0.0,596,585,4157
8,4750,19,0.0,597,585,4165
3,4753,19,0.0,598,585,4168
8,4761,20,1.0,599,585,4176
7,4768,20,0.0,600,585,4183
5,4773,20,0.0,601,585,4188
8,4781,20,0.0,602,585,4196
25,4806,20,0.0,603,585,4221
7,4813,20,0.0,604,585,4228
3,4816,20,0.0,605,585,4231
2,4818,20,0.0,606,585,4233
11,4829,20,0.0,607,585,4244
23,4852,20,0.0,608,585,4267
18,4870,21,1.0,609,585,4285
11,4881,21,0.0,610,585,4296
2,4883,21,0.0,611,585,4298
9,4892,21,0.0,612,585,4307
14,4906,21,0.0,613,585,4321
5,4911,21,0.0,614,585,4326
11,4922,21,0.0,615,585,4337
3,4925,21,0.0,616,585,4340
8,4933,21,0.0,617,585,4348
4,4937,21,0.0,618,585,4352
12,4949,21,0.0,619,585,4364
2,4951,21,0.0,620,585,4366
5,4956,21,0.0,621,585,4371
7,4963,21,0.0,622,585,4378
18,4981,22,1.0,623,585,4396
10,4991,22,0.0,624,585,4406
8,4999,23,1.0,625,585,4414
8,5007,24,1.0,626,585,4422
4,5011,24,0.0,627,585,4426
2,5013,24,0.0,628,585,4428
6,5019,24,0.0,629,585,4434
3,5022,24,0.0,630,585,4437
7,5029,24,0.0,631,585,4444
3,5032,24,0.0,632,585,4447
8,5040,25,1.0,633,585,4455
2,5042,25,0.0,634,585,4457
9,5051,25,0.0,635,585,4466
9,5060,25,0.0,636,585,4475
8,5068,25,0.0,637,585,4483
34,5102,26,1.0,638,585,4517
10,5112,26,0.0,639,585,4527
8,5120,26,0.0,640,585,4535
6,5126,26,0.0,641,585,4541
3,5129,26,0.0,642,585,4544
13,5142,26,0.0,643,585,4557
2,5144,26,0.0,644,585,4559
6,5150,26,0.0,645,585,4565
2,5152,26,0.0,646,585,4567
8,5160,26,0.0,647,585,4575
2,5162,26,0.0,648,585,4577
15,5177,26,0.0,649,585,4592
10,5187,26,0.0,650,585,4602
11,5198,26,0.0,651,585,4613
29,5227,27,1.0,652,585,4642
10,5237,27,0.0,653,585,4652
18,5255,28,1.0,654,585,4670
8,5263,28,0.0,655,585,4678
9,5272,28,0.0,656,585,4687
2,5274,28,0.0,657,585,4689
8,5282,29,1.0,658,585,4697
7,5289,29,0.0,659,585,4704
12,5301,29,0.0,660,585,4716
11,5312,29,0.0,661,585,4727
11,5323,29,0.0,662,585,4738
6,5329,29,0.0,663,585,4744
2,5331,29,0.0,664,585,4746
12,5343,30,1.0,665,585,4758
3,5346,30,0.0,666,585,4761
2,5348,30,0.0,667,585,4763
2,5350,30,0.0,668,585,4765
9,5359,30,0.0,669,585,4774
2,5361,30,0.0,670,585,4776
11,5372,30,0.0,671,585,4787
2,5374,30,0.0,672,585,4789
7,5381,30,0.0,673,585,4796
3,5384,30,0.0,674,585,4799
2,5386,30,0.0,675,585,4801
9,5395,30,0.0,676,585,4810
8,5403,31,1.0,677,585,4818
8,5411,31,0.0,678,585,4826
9,5420,31,0.0,679,585,4835
7,5427,31,0.0,680,585,4842
4,5431,31,0.0,681,585,4846
5,5436,31,0.0,682,585,4851
2,5438,31,0.0,683,585,4853
9,5447,31,0.0,684,585,4862
32,5479,31,0.0,685,585,4894
10,5489,31,0.0,686,585,4904
8,5497,32,1.0,687,585,4912
4,5501,32,0.0,688,585,4916
8,5509,33,1.0,689,585,4924
19,5528,33,0.0,690,585,4943
20,5548,33,0.0,691,585,4963
3,5551,33,0.0,692,585,4966
2,5553,33,0.0,693,585,4968
4,5557,33,0.0,694,585,4972
9,5566,33,0.0,695,585,4981
5,5571,33,0.0,696,585,4986
2,5573,33,0.0,697,585,4988
8,5581,34,1.0,698,585,4996
8,5589,34,0.0,699,585,5004
11,5600,34,0.0,700,585,5015
15,5615,34,0.0,701,585,5030
14,5629,34,0.0,702,585,5044
4,5633,34,0.0,703,585,5048
9,5642,34,0.0,704,585,5057
8,5650,34,0.0,705,585,5065
2,5652,34,0.0,706,585,5067
8,5660,34,0.0,707,585,5075
14,5674,34,0.0,708,585,5089
29,5703,35,1.0,709,585,5118
5,5708,35,0.0,710,585,5123
6,5714,35,0.0,711,585,5129
4,5718,35,0.0,712,585,5133
5,5723,35,0.0,713,585,5138
8,5731,35,0.0,714,585,5146
8,5739,35,0.0,715,585,5154
8,5747,36,1.0,716,585,5162
16,5763,37,1.0,717,585,5178
9,5772,37,0.0,718,585,5187
6,5778,37,0.0,719,585,5193
9,5787,37,0.0,720,585,5202
8,5795,37,0.0,721,585,5210
9,5804,37,0.0,722,585,5219
7,5811,37,0.0,723,585,5226
8,5819,37,0.0,724,585,5234
3,5822,37,0.0,725,585,5237
7,5829,37,0.0,726,585,5244
11,5840,37,0.0,727,585,5255
8,5848,37,0.0,728,585,5263
8,5856,37,0.0,729,585,5271
2,5858,37,0.0,730,585,5273
9,5867,37,0.0,731,585,5282
2,5869,37,0.0,732,585,5284
8,5877,37,0.0,733,585,5292
8,5885,38,1.0,734,585,5300
4,5889,38,0.0,735,585,5304
4,5893,38,0.0,736,585,5308
3,5896,38,0.0,737,585,5311
29,5925,38,0.0,738,585,5340
8,5933,38,0.0,739,585,5348
29,5962,39,1.0,740,585,5377
16,5978,40,1.0,741,585,5393
11,5989,40,0.0,742,585,5404
9,5998,40,0.0,743,585,5413
3,6001,40,0.0,744,585,5416
4,6005,40,0.0,745,585,5420
14,6019,40,0.0,746,585,5434
4,6023,40,0.0,747,585,5438
4,6027,40,0.0,748,585,5442
5,6032,40,0.0,749,585,5447
3,6035,40,0.0,750,585,5450
3,6038,40,0.0,751,585,5453
17,6055,40,0.0,752,585,5470
2,6057,40,0.0,753,585,5472
8,6065,40,0.0,754,585,5480
15,6080,40,0.0,755,585,5495
2,6082,40,0.0,756,585,5497
9,6091,40,0.0,757,585,5506
3,6094,40,0.0,758,585,5509
10,6104,40,0.0,759,585,5519
2,6106,40,0.0,760,585,5521
2,6108,40,0.0,761,585,5523
6,6114,40,0.0,762,585,5529
9,6123,40,0.0,763,585,5538
6,6129,40,0.0,764,585,5544
8,6137,40,0.0,765,585,5552
6,6143,40,0.0,766,585,5558
16,6159,40,0.0,767,585,5574
4,6163,40,0.0,768,585,5578
6,6169,40,0.0,769,585,5584
13,6182,40,0.0,770,585,5597
2,6184,40,0.0,771,585,5599
13,6197,40,0.0,772,585,5612
9,6206,40,0.0,773,585,5621
2,6208,40,0.0,774,585,5623
2,6210,40,0.0,775,585,5625
6,6216,40,0.0,776,585,5631
8,6224,40,0.0,777,585,5639
17,6241,40,0.0,778,585,5656
29,6270,41,1.0,779,585,5685
2,6272,41,0.0,780,585,5687
4,6276,41,0.0,781,585,5691
17,6293,41,0.0,782,585,5708
13,6306,41,0.0,783,585,5721
5,6311,41,0.0,784,585,5726
8,6319,41,0.0,785,585,5734
8,6327,42,1.0,786,585,5742
7,6334,42,0.0,787,585,5749
20,6354,43,1.0,788,585,5769
3,6357,43,0.0,789,585,5772
12,6369,43,0.0,790,585,5784
9,6378,43,0.0,791,585,5793
9,6387,43,0.0,792,585,5802
8,6395,43,0.0,793,585,5810
11,6406,43,0.0,794,585,5821
8,6414,43,0.0,795,585,5829
13,6427,43,0.0,796,585,5842
7,6434,43,0.0,797,585,5849
2,6436,43,0.0,798,585,5851
5,6441,43,0.0,799,585,5856
14,6455,43,0.0,800,585,5870
3,6458,43,0.0,801,585,5873
2,6460,43,0.0,802,585,5875
3,6463,43,0.0,803,585,5878
7,6470,43,0.0,804,585,5885
7,6477,43,0.0,805,585,5892
3,6480,43,0.0,806,585,5895
6,6486,43,0.0,807,585,5901
9,6495,43,0.0,808,585,5910
8,6503,43,0.0,809,585,5918
3,6506,43,0.0,810,585,5921
6,6512,43,0.0,811,585,5927
2,6514,43,0.0,812,585,5929
8,6522,44,1.0,813,585,5937
3,6525,44,0.0,814,585,5940
7,6532,44,0.0,815,585,5947
12,6544,44,0.0,816,585,5959
9,6553,44,0.0,817,585,5968
5,6558,44,0.0,818,585,5973
2,6560,44,0.0,819,585,5975
2,6562,44,0.0,820,585,5977
5,6567,44,0.0,821,585,5982
8,6575,44,0.0,822,585,5990
13,6588,44,0.0,823,585,6003
10,6598,44,0.0,824,585,6013
4,6602,44,0.0,825,585,6017
5,6607,44,0.0,826,585,6022
11,6618,44,0.0,827,585,6033
6,6624,44,0.0,828,585,6039
29,6653,45,1.0,829,585,6068
8,6661,46,1.0,830,585,6076
8,6669,46,0.0,831,585,6084
29,6698,47,1.0,832,585,6113
29,6727,48,1.0,833,585,6142
18,6745,49,1.0,834,585,6160
14,6759,49,0.0,835,585,6174
11,6770,49,0.0,836,585,6185
3,6773,49,0.0,837,585,6188
9,6782,49,0.0,838,585,6197
9,6791,49,0.0,839,585,6206
21,6812,49,0.0,840,585,6227
4,6816,49,0.0,841,585,6231
3,6819,49,0.0,842,585,6234
23,6842,49,0.0,843,585,6257
5,6847,49,0.0,844,585,6262
9,6856,49,0.0,845,585,6271
5,6861,49,0.0,846,585,6276
3,6864,49,0.0,847,585,6279
10,6874,49,0.0,848,585,6289
3,6877,49,0.0,849,585,6292
9,6886,49,0.0,850,585,6301
5,6891,49,0.0,851,585,6306
11,6902,49,0.0,852,585,6317
8,6910,49,0.0,853,585,6325
14,6924,49,0.0,854,585,6339
2,6926,49,0.0,855,585,6341
2,6928,49,0.0,856,585,6343
8,6936,50,1.0,857,585,6351
2,6938,50,0.0,858,585,6353
5,6943,50,0.0,859,585,6358
8,6951,51,1.0,860,585,6366
8,6959,52,1.0,861,585,6374
8,6967,52,0.0,862,585,6382
24,6991,52,0.0,863,585,6406
4,6995,52,0.0,864,585,6410
11,7006,52,0.0,865,585,6421
8,7014,52,0.0,866,585,6429
9,7023,52,0.0,867,585,6438
3,7026,52,0.0,868,585,6441
8,7034,52,0.0,869,585,6449
23,7057,52,0.0,870,585,6472
21,7078,52,0.0,871,585,6493
6,7084,52,0.0,872,585,6499
8,7092,52,0.0,873,585,6507
5,7097,52,0.0,874,585,6512
22,7119,52,0.0,875,585,6534
3,7122,52,0.0,876,585,6537
8,7130,52,0.0,877,585,6545
5,7135,52,0.0,878,585,6550
8,7143,52,0.0,879,585,6558
8,7151,53,1.0,880,585,6566
4,7155,53,0.0,881,585,6570
18,7173,53,0.0,882,585,6588
8,7181,53,0.0,883,585,6596
15,7196,53,0.0,884,585,6611
3,7199,53,0.0,885,585,6614
8,7207,53,0.0,886,585,6622
8,7215,53,0.0,887,585,6630
8,7223,53,0.0,888,585,6638
8,7231,53,0.0,889,585,6646
5,7236,53,0.0,890,585,6651
12,7248,53,0.0,891,585,6663
12,7260,53,0.0,892,585,6675
4,7264,53,0.0,893,585,6679
3,7267,53,0.0,894,585,6682
3,7270,53,0.0,895,585,6685
2,7272,53,0.0,896,585,6687
8,7280,54,1.0,897,585,6695
6,7286,54,0.0,898,585,6701
4,7290,54,0.0,899,585,6705
8,7298,55,1.0,900,585,6713
10,7308,55,0.0,901,585,6723
10,7318,55,0.0,902,585,6733
6,7324,55,0.0,903,585,6739
5,7329,55,0.0,904,585,6744
2,7331,55,0.0,905,585,6746
6,7337,55,0.0,906,585,6752
16,7353,56,1.0,907,585,6768
3,7356,56,0.0,908,585,6771
20,7376,57,1.0,909,585,6791
8,7384,58,1.0,910,585,6799
9,7393,58,0.0,911,585,6808
6,7399,58,0.0,912,585,6814
3,7402,58,0.0,913,585,6817
12,7414,58,0.0,914,585,6829
3,7417,58,0.0,915,585,6832
10,7427,58,0.0,916,585,6842
6,7433,58,0.0,917,585,6848
5,7438,58,0.0,918,585,6853
16,7454,58,0.0,919,585,6869
2,7456,58,0.0,920,585,6871
8,7464,58,0.0,921,585,6879
29,7493,59,1.0,922,585,6908
2,7495,59,0.0,923,585,6910
6,7501,59,0.0,924,585,6916
5,7506,59,0.0,925,585,6921
9,7515,59,0.0,926,585,6930
29,7544,60,1.0,927,585,6959
9,7553,60,0.0,928,585,6968
7,7560,60,0.0,929,585,6975
2,7562,60,0.0,930,585,6977
5,7567,60,0.0,931,585,6982
3,7570,60,0.0,932,585,6985
2,7572,60,0.0,933,585,6987
2,7574,60,0.0,934,585,6989
8,7582,60,0.0,935,585,6997
4,7586,60,0.0,936,585,7001
9,7595,60,0.0,937,585,7010
8,7603,60,0.0,938,585,7018
18,7621,61,1.0,939,585,7036
14,7635,61,0.0,940,585,7050
8,7643,61,0.0,941,585,7058
6,7649,61,0.0,942,585,7064
6,7655,61,0.0,943,585,7070
2,7657,61,0.0,944,585,7072
8,7665,62,1.0,945,585,7080
9,7674,62,0.0,946,585,7089
2,7676,62,0.0,947,585,7091
4,7680,62,0.0,948,585,7095
8,7688,63,1.0,949,585,7103
8,7696,63,0.0,950,585,7111
21,7717,63,0.0,951,585,7132
13,7730,63,0.0,952,585,7145
6,7736,63,0.0,953,585,7151
5,7741,63,0.0,954,585,7156
3,7744,63,0.0,955,585,7159
4,7748,63,0.0,956,585,7163
5,7753,63,0.0,957,585,7168
14,7767,63,0.0,958,585,7182
2,7769,63,0.0,959,585,7184
8,7777,63,0.0,960,585,7192
18,7795,64,1.0,961,585,7210
4,7799,64,0.0,962,585,7214
40,7839,64,0.0,963,585,7254
3,7842,64,0.0,964,585,7257
18,7860,65,1.0,965,585,7275
4,7864,65,0.0,966,585,7279
2,7866,65,0.0,967,585,7281
8,7874,65,0.0,968,585,7289
8,7882,66,1.0,969,585,7297
2,7884,66,0.0,970,585,7299
6,7890,66,0.0,971,585,7305
9,7899,66,0.0,972,585,7314
8,7907,66,0.0,973,585,7322
2,7909,66,0.0,974,585,7324
8,7917,66,0.0,975,585,7332
3,7920,66,0.0,976,585,7335
30,7950,66,0.0,977,585,7365
26,7976,66,0.0,978,585,7391
3,7979,66,0.0,979,585,7394
2,7981,66,0.0,980,585,7396
5,7986,66,0.0,981,585,7401
38,8024,66,0.0,982,585,7439
8,8032,67,1.0,983,585,7447
10,8042,67,0.0,984,585,7457
2,8044,67,0.0,985,585,7459
5,8049,67,0.0,986,585,7464
2,8051,67,0.0,987,585,7466
2,8053,67,0.0,988,585,7468
13,8066,67,0.0,989,585,7481
5,8071,67,0.0,990,585,7486
8,8079,67,0.0,991,585,7494
3,8082,67,0.0,992,585,7497
4,8086,67,0.0,993,585,7501
7,8093,67,0.0,994,585,7508
7,8100,67,0.0,995,585,7515
8,8108,68,1.0,996,585,7523
9,8117,68,0.0,997,585,7532
3,8120,68,0.0,998,585,7535
7,8127,68,0.0,999,585,7542
2,8129,68,0.0,1000,585,7544
4,8133,68,0.0,1001,585,7548
4,8137,68,0.0,1002,585,7552
5,8142,68,0.0,1003,585,7557
9,8151,68,0.0,1004,585,7566
11,8162,68,0.0,1005,585,7577
20,8182,69,1.0,1006,585,7597
9,8191,69,0.0,1007,585,7606
3,8194,69,0.0,1008,585,7609
8,8202,69,0.0,1009,585,7617
2,8204,69,0.0,1010,585,7619
16,8220,69,0.0,1011,585,7635
2,8222,69,0.0,1012,585,7637
8,8230,69,0.0,1013,585,7645
29,8259,70,1.0,1014,585,7674
8,8267,71,1.0,1015,585,7682
16,8283,72,1.0,1016,585,7698
18,8301,73,1.0,1017,585,7716
8,8309,73,0.0,1018,585,7724
2,8311,73,0.0,1019,585,7726
2,8313,73,0.0,1020,585,7728
10,8323,73,0.0,1021,585,7738
20,8343,74,1.0,1022,585,7758
9,8352,74,0.0,1023,585,7767
6,8358,74,0.0,1024,585,7773
2,8360,74,0.0,1025,585,7775
6,8366,74,0.0,1026,585,7781
2,8368,74,0.0,1027,585,7783
3,8371,74,0.0,1028,585,7786
6,8377,74,0.0,1029,585,7792
15,8392,74,0.0,1030,585,7807
2,8394,74,0.0,1031,585,7809
46,8440,74,0.0,1032,585,7855
7,8447,74,0.0,1033,585,7862
9,8456,74,0.0,1034,585,7871
3,8459,74,0.0,1035,585,7874
2,8461,74,0.0,1036,585,7876
16,8477,74,0.0,1037,585,7892
9,8486,74,0.0,1038,585,7901
16,8502,75,1.0,1039,585,7917
9,8511,75,0.0,1040,585,7926
9,8520,75,0.0,1041,585,7935
8,8528,75,0.0,1042,585,7943
9,8537,75,0.0,1043,585,7952
8,8545,76,1.0,1044,585,7960
6,8551,76,0.0,1045,585,7966
6,8557,76,0.0,1046,585,7972
9,8566,76,0.0,1047,585,7981
10,8576,76,0.0,1048,585,7991
3,8579,76,0.0,1049,585,7994
10,8589,76,0.0,1050,585,8004
4,8593,76,0.0,1051,585,8008
4,8597,76,0.0,1052,585,8012
5,8602,76,0.0,1053,585,8017
13,8615,76,0.0,1054,585,8030
8,8623,77,1.0,1055,585,8038
8,8631,77,0.0,1056,585,8046
8,8639,77,0.0,1057,585,8054
8,8647,78,1.0,1058,585,8062
16,8663,79,1.0,1059,585,8078
14,8677,79,0.0,1060,585,8092
4,8681,79,0.0,1061,585,8096
18,8699,79,0.0,1062,585,8114
7,8706,79,0.0,1063,585,8121
4,8710,79,0.0,1064,585,8125
3,8713,79,0.0,1065,585,8128
3,8716,79,0.0,1066,585,8131
8,8724,79,0.0,1067,585,8139
6,8730,79,0.0,1068,585,8145
8,8738,80,1.0,1069,585,8153
9,8747,80,0.0,1070,585,8162
8,8755,81,1.0,1071,585,8170
8,8763,81,0.0,1072,585,8178
7,8770,81,0.0,1073,585,8185
2,8772,81,0.0,1074,585,8187
6,8778,81,0.0,1075,585,8193
7,8785,81,0.0,1076,585,8200
9,8794,81,0.0,1077,585,8209
5,8799,81,0.0,1078,585,8214
16,8815,81,0.0,1079,585,8230
3,8818,81,0.0,1080,585,8233
8,8826,81,0.0,1081,585,8241
3,8829,81,0.0,1082,585,8244
4,8833,81,0.0,1083,585,8248
4,8837,81,0.0,1084,585,8252
5,8842,81,0.0,1085,585,8257
8,8850,82,1.0,1086,585,8265
5,8855,82,0.0,1087,585,8270
6,8861,82,0.0,1088,585,8276
10,8871,82,0.0,1089,585,8286
10,8881,82,0.0,1090,585,8296
8,8889,83,1.0,1091,585,8304
3,8892,83,0.0,1092,585,8307
4,8896,83,0.0,1093,585,8311
8,8904,84,1.0,1094,585,8319
5,8909,84,0.0,1095,585,8324
7,8916,84,0.0,1096,585,8331
8,8924,84,0.0,1097,585,8339
3,8927,84,0.0,1098,585,8342
2,8929,84,0.0,1099,585,8344
8,8937,84,0.0,1100,585,8352
11,8948,84,0.0,1101,585,8363
18,8966,84,0.0,1102,585,8381
8,8974,85,1.0,1103,585,8389
8,8982,86,1.0,1104,585,8397
8,8990,86,0.0,1105,585,8405
4,8994,86,0.0,1106,585,8409
9,9003,86,0.0,1107,585,8418
16,9019,87,1.0,1108,585,8434
2,9021,87,0.0,1109,585,8436
8,9029,88,1.0,1110,585,8444
8,9037,88,0.0,1111,585,8452
29,9066,89,1.0,1112,585,8481
6,9072,89,0.0,1113,585,8487
3,9075,89,0.0,1114,585,8490
6,9081,89,0.0,1115,585,8496
4,9085,89,0.0,1116,585,8500
3,9088,89,0.0,1117,585,8503
8,9096,89,0.0,1118,585,8511
7,9103,89,0.0,1119,585,8518
10,9113,89,0.0,1120,585,8528
9,9122,89,0.0,1121,585,8537
9,9131,89,0.0,1122,585,8546
2,9133,89,0.0,1123,585,8548
8,9141,90,1.0,1124,585,8556
4,9145,90,0.0,1125,585,8560
3,9148,90,0.0,1126,585,8563
29,9177,91,1.0,1127,585,8592
6,9183,91,0.0,1128,585,8598
19,9202,91,0.0,1129,585,8617
7,9209,91,0.0,1130,585,8624
4,9213,91,0.0,1131,585,8628
7,9220,91,0.0,1132,585,8635
12,9232,91,0.0,1133,585,8647
16,9248,91,0.0,1134,585,8663
8,9256,91,0.0,1135,585,8671
6,9262,91,0.0,1136,585,8677
9,9271,91,0.0,1137,585,8686
2,9273,91,0.0,1138,585,8688
4,9277,91,0.0,1139,585,8692
15,9292,91,0.0,1140,585,8707
12,9304,91,0.0,1141,585,8719
3,9307,91,0.0,1142,585,8722
6,9313,91,0.0,1143,585,8728
8,9321,92,1.0,1144,585,8736
3,9324,92,0.0,1145,585,8739
11,9335,92,0.0,1146,585,8750
7,9342,92,0.0,1147,585,8757
12,9354,92,0.0,1148,585,8769
2,9356,92,0.0,1149,585,8771
13,9369,92,0.0,1150,585,8784
19,9388,92,0.0,1151,585,8803
9,9397,92,0.0,1152,585,8812
7,9404,92,0.0,1153,585,8819
18,9422,93,1.0,1154,585,8837
8,9430,93,0.0,1155,585,8845
11,9441,93,0.0,1156,585,8856
3,9444,93,0.0,1157,585,8859
8,9452,94,1.0,1158,585,8867
2,9454,94,0.0,1159,585,8869
8,9462,95,1.0,1160,585,8877
2,9464,95,0.0,1161,585,8879
9,9473,95,0.0,1162,585,8888
9,9482,95,0.0,1163,585,8897
10,9492,95,0.0,1164,585,8907
2,9494,95,0.0,1165,585,8909
29,9523,96,1.0,1166,585,8938
14,9537,96,0.0,1167,585,8952
3,9540,96,0.0,1168,585,8955
2,9542,96,0.0,1169,585,8957
2,9544,96,0.0,1170,585,8959
9,9553,96,0.0,1171,585,8968
2,9555,96,0.0,1172,585,8970
20,9575,96,0.0,1173,585,8990
9,9584,96,0.0,1174,585,8999
4,9588,96,0.0,1175,585,9003
14,9602,96,0.0,1176,585,9017
9,9611,96,0.0,1177,585,9026
8,9619,96,0.0,1178,585,9034
2,9621,96,0.0,1179,585,9036
4,9625,96,0.0,1180,585,9040
18,9643,96,0.0,1181,585,9058
5,9648,96,0.0,1182,585,9063
3,9651,96,0.0,1183,585,9066
2,9653,96,0.0,1184,585,9068
2,9655,96,0.0,1185,585,9070
4,9659,96,0.0,1186,585,9074
29,9688,97,1.0,1187,585,9103
3,9691,97,0.0,1188,585,9106
4,9695,97,0.0,1189,585,9110
3,9698,97,0.0,1190,585,9113
8,9706,97,0.0,1191,585,9121
7,9713,97,0.0,1192,585,9128
4,9717,97,0.0,1193,585,9132
15,9732,97,0.0,1194,585,9147
2,9734,97,0.0,1195,585,9149
4,9738,97,0.0,1196,585,9153
2,9740,97,0.0,1197,585,9155
3,9743,97,0.0,1198,585,9158
20,9763,98,1.0,1199,585,9178
2,9765,98,0.0,1200,585,9180
8,9773,99,1.0,1201,585,9188
8,9781,100,1.0,1202,585,9196
7,9788,100,0.0,1203,585,9203
13,9801,100,0.0,1204,585,9216
5,9806,100,0.0,1205,585,9221
7,9813,100,0.0,1206,585,9228
2,9815,100,0.0,1207,585,9230
9,9824,100,0.0,1208,585,9239
9,9833,100,0.0,1209,585,9248
29,9862,101,1.0,1210,585,9277
5,9867,101,0.0,1211,585,9282
4,9871,101,0.0,1212,585,9286
8,9879,102,1.0,1213,585,9294
5,9884,102,0.0,1214,585,9299
2,9886,102,0.0,1215,585,9301
5,9891,102,0.0,1216,585,9306
3,9894,102,0.0,1217,585,9309
29,9923,103,1.0,1218,585,9338
29,9952,104,1.0,1219,585,9367
3,9955,104,0.0,1220,585,9370
7,9962,104,0.0,1221,585,9377
8,9970,104,0.0,1222,585,9385
10,9980,104,0.0,1223,585,9395
6,9986,104,0.0,1224,585,9401
3,9989,104,0.0,1225,585,9404
8,9997,105,1.0,1226,585,9412
12,10009,105,0.0,1227,585,9424
5,10014,105,0.0,1228,585,9429
4,10018,105,0.0,1229,585,9433
4,10022,105,0.0,1230,585,9437
9,10031,105,0.0,1231,585,9446
12,10043,105,0.0,1232,585,9458
10,10053,105,0.0,1233,585,9468
13,10066,105,0.0,1234,585,9481
8,10074,105,0.0,1235,585,9489
4,10078,105,0.0,1236,585,9493
4,10082,105,0.0,1237,585,9497
9,10091,105,0.0,1238,585,9506
3,10094,105,0.0,1239,585,9509
8,10102,106,1.0,1240,585,9517
25,10127,106,0.0,1241,585,9542
8,10135,107,1.0,1242,585,9550
7,10142,107,0.0,1243,585,9557
8,10150,108,1.0,1244,585,9565
8,10158,108,0.0,1245,585,9573
3,10161,108,0.0,1246,585,9576
4,10165,108,0.0,1247,585,9580
14,10179,108,0.0,1248,585,9594
5,10184,108,0.0,1249,585,9599
8,10192,108,0.0,1250,585,9607
13,10205,108,0.0,1251,585,9620
4,10209,108,0.0,1252,585,9624
8,10217,109,1.0,1253,585,9632
8,10225,109,0.0,1254,585,9640
2,10227,109,0.0,1255,585,9642
8,10235,110,1.0,1256,585,9650
4,10239,110,0.0,1257,585,9654
8,10247,111,1.0,1258,585,9662
8,10255,111,0.0,1259,585,9670
9,10264,111,0.0,1260,585,9679
2,10266,111,0.0,1261,585,9681
20,10286,111,0.0,1262,585,9701
2,10288,111,0.0,1263,585,9703
5,10293,111,0.0,1264,585,9708
7,10300,111,0.0,1265,585,9715
9,10309,111,0.0,1266,585,9724
4,10313,111,0.0,1267,585,9728
6,10319,111,0.0,1268,585,9734
2,10321,111,0.0,1269,585,9736
8,10329,111,0.0,1270,585,9744
20,10349,111,0.0,1271,585,9764
8,10357,111,0.0,1272,585,9772
4,10361,111,0.0,1273,585,9776
10,10371,111,0.0,1274,585,9786
8,10379,111,0.0,1275,585,9794
2,10381,111,0.0,1276,585,9796
16,10397,112,1.0,1277,585,9812
5,10402,112,0.0,1278,585,9817
10,10412,112,0.0,1279,585,9827
8,10420,113,1.0,1280,585,9835
16,10436,114,1.0,1281,585,9851
14,10450,114,0.0,1282,585,9865
9,10459,114,0.0,1283,585,9874
12,10471,114,0.0,1284,585,9886
4,10475,114,0.0,1285,585,9890
9,10484,114,0.0,1286,585,9899
8,10492,115,1.0,1287,585,9907
2,10494,115,0.0,1288,585,9909
5,10499,115,0.0,1289,585,9914
2,10501,115,0.0,1290,585,9916
2,10503,115,0.0,1291,585,9918
9,10512,115,0.0,1292,585,9927
5,10517,115,0.0,1293,585,9932
4,10521,115,0.0,1294,585,9936
3,10524,115,0.0,1295,585,9939
4,10528,115,0.0,1296,585,9943
8,10536,115,0.0,1297,585,9951
8,10544,115,0.0,1298,585,9959
11,10555,115,0.0,1299,585,9970
2,10557,115,0.0,1300,585,9972
29,10586,116,1.0,1301,585,10001
3,10589,116,0.0,1302,585,10004
10,10599,116,0.0,1303,585,10014
5,10604,116,0.0,1304,585,10019
2,10606,116,0.0,1305,585,10021
7,10613,116,0.0,1306,585,10028
4,10617,116,0.0,1307,585,10032
8,10625,116,0.0,1308,585,10040
3,10628,116,0.0,1309,585,10043
3,10631,116,0.0,1310,585,10046
4,10635,116,0.0,1311,585,10050
3,10638,116,0.0,1312,585,10053
4,10642,116,0.0,1313,585,10057
8,10650,116,0.0,1314,585,10065
14,10664,116,0.0,1315,585,10079
9,10673,116,0.0,1316,585,10088
8,10681,117,1.0,1317,585,10096
2,10683,117,0.0,1318,585,10098
3,10686,117,0.0,1319,585,10101
8,10694,117,0.0,1320,585,10109
6,10700,117,0.0,1321,585,10115
8,10708,118,1.0,1322,585,10123
6,10714,118,0.0,1323,585,10129
17,10731,118,0.0,1324,585,10146
8,10739,119,1.0,1325,585,10154
3,10742,119,0.0,1326,585,10157
2,10744,119,0.0,1327,585,10159
11,10755,119,0.0,1328,585,10170
12,10767,119,0.0,1329,585,10182
9,10776,119,0.0,1330,585,10191
13,10789,119,0.0,1331,585,10204
7,10796,119,0.0,1332,585,10211
2,10798,119,0.0,1333,585,10213
7,10805,119,0.0,1334,585,10220
3,10808,119,0.0,1335,585,10223
8,10816,119,0.0,1336,585,10231
9,10825,119,0.0,1337,585,10240
18,10843,119,0.0,1338,585,10258
9,10852,119,0.0,1339,585,10267
6,10858,119,0.0,1340,585,10273
7,10865,119,0.0,1341,585,10280
3,10868,119,0.0,1342,585,10283
8,10876,119,0.0,1343,585,10291
8,10884,119,0.0,1344,585,10299
18,10902,120,1.0,1345,585,10317
8,10910,120,0.0,1346,585,10325
8,10918,120,0.0,1347,585,10333
9,10927,120,0.0,1348,585,10342
2,10929,120,0.0,1349,585,10344
5,10934,120,0.0,1350,585,10349
7,10941,120,0.0,1351,585,10356
4,10945,120,0.0,1352,585,10360
4,10949,120,0.0,1353,585,10364
2,10951,120,0.0,1354,585,10366
8,10959,121,1.0,1355,585,10374
9,10968,121,0.0,1356,585,10383
3,10971,121,0.0,1357,585,10386
9,10980,121,0.0,1358,585,10395
3,10983,121,0.0,1359,585,10398
3,10986,121,0.0,1360,585,10401
11,10997,121,0.0,1361,585,10412
5,11002,121,0.0,1362,585,10417
3,11005,121,0.0,1363,585,10420
8,11013,121,0.0,1364,585,10428
14,11027,121,0.0,1365,585,10442
2,11029,121,0.0,1366,585,10444
6,11035,121,0.0,1367,585,10450
3,11038,121,0.0,1368,585,10453
6,11044,121,0.0,1369,585,10459
5,11049,121,0.0,1370,585,10464
8,11057,121,0.0,1371,585,10472
4,11061,121,0.0,1372,585,10476
16,11077,121,0.0,1373,585,10492
5,11082,121,0.0,1374,585,10497
4,11086,121,0.0,1375,585,10501
3,11089,121,0.0,1376,585,10504
4,11093,121,0.0,1377,585,10508
4,11097,121,0.0,1378,585,10512
7,11104,121,0.0,1379,585,10519
9,11113,121,0.0,1380,585,10528
8,11121,122,1.0,1381,585,10536
12,11133,122,0.0,1382,585,10548
14,11147,122,0.0,1383,585,10562
5,11152,122,0.0,1384,585,10567
16,11168,122,0.0,1385,585,10583
8,11176,123,1.0,1386,585,10591
8,11184,124,1.0,1387,585,10599
6,11190,124,0.0,1388,585,10605
6,11196,124,0.0,1389,585,10611
2,11198,124,0.0,1390,585,10613
2,11200,124,0.0,1391,585,10615
9,11209,124,0.0,1392,585,10624
4,11213,124,0.0,1393,585,10628
9,11222,124,0.0,1394,585,10637
3,11225,124,0.0,1395,585,10640
17,11242,124,0.0,1396,585,10657
3,11245,124,0.0,1397,585,10660
29,11274,125,1.0,1398,585,10689
7,11281,125,0.0,1399,585,10696
5,11286,125,0.0,1400,585,10701
9,11295,125,0.0,1401,585,10710
3,11298,125,0.0,1402,585,10713
9,11307,125,0.0,1403,585,10722
6,11313,125,0.0,1404,585,10728
11,11324,125,0.0,1405,585,10739
3,11327,125,0.0,1406,585,10742
14,11341,125,0.0,1407,585,10756
16,11357,125,0.0,1408,585,10772
5,11362,125,0.0,1409,585,10777
5,11367,125,0.0,1410,585,10782
3,11370,125,0.0,1411,585,10785
8,11378,126,1.0,1412,585,10793
11,11389,126,0.0,1413,585,10804
8,11397,127,1.0,1414,585,10812
7,11404,127,0.0,1415,585,10819
9,11413,127,0.0,1416,585,10828
17,11430,127,0.0,1417,585,10845
9,11439,127,0.0,1418,585,10854
3,11442,127,0.0,1419,585,10857
16,11458,127,0.0,1420,585,10873
5,11463,127,0.0,1421,585,10878
8,11471,128,1.0,1422,585,10886
19,11490,128,0.0,1423,585,10905
7,11497,128,0.0,1424,585,10912
3,11500,128,0.0,1425,585,10915
4,11504,128,0.0,1426,585,10919
5,11509,128,0.0,1427,585,10924
5,11514,128,0.0,1428,585,10929
8,11522,129,1.0,1429,585,10937
9,11531,129,0.0,1430,585,10946
3,11534,129,0.0,1431,585,10949
8,11542,130,1.0,1432,585,10957
8,11550,130,0.0,1433,585,10965
7,11557,130,0.0,1434,585,10972
17,11574,130,0.0,1435,585,10989
7,11581,130,0.0,1436,585,10996
8,11589,131,1.0,1437,585,11004
8,11597,131,0.0,1438,585,11012
20,11617,131,0.0,1439,585,11032
15,11632,131,0.0,1440,585,11047
16,11648,131,0.0,1441,585,11063
3,11651,131,0.0,1442,585,11066
6,11657,131,0.0,1443,585,11072
7,11664,131,0.0,1444,585,11079
7,11671,131,0.0,1445,585,11086
2,11673,131,0.0,1446,585,11088
12,11685,131,0.0,1447,585,11100
6,11691,131,0.0,1448,585,11106
6,11697,131,0.0,1449,585,11112
29,11726,132,1.0,1450,585,11141
3,11729,132,0.0,1451,585,11144
4,11733,132,0.0,1452,585,11148
7,11740,132,0.0,1453,585,11155
2,11742,132,0.0,1454,585,11157
8,11750,133,1.0,1455,585,11165
2,11752,133,0.0,1456,585,11167
16,11768,134,1.0,1457,585,11183
2,11770,134,0.0,1458,585,11185
6,11776,134,0.0,1459,585,11191
3,11779,134,0.0,1460,585,11194
3,11782,134,0.0,1461,585,11197
8,11790,135,1.0,1462,585,11205
8,11798,135,0.0,1463,585,11213
6,11804,135,0.0,1464,585,11219
4,11808,135,0.0,1465,585,11223
29,11837,136,1.0,1466,585,11252
2,11839,136,0.0,1467,585,11254
3,11842,136,0.0,1468,585,11257
8,11850,136,0.0,1469,585,11265
5,11855,136,0.0,1470,585,11270
3,11858,136,0.0,1471,585,11273
2,11860,136,0.0,1472,585,11275
3,11863,136,0.0,1473,585,11278
4,11867,136,0.0,1474,585,11282
9,11876,136,0.0,1475,585,11291
3,11879,136,0.0,1476,585,11294
14,11893,136,0.0,1477,585,11308
4,11897,136,0.0,1478,585,11312
3,11900,136,0.0,1479,585,11315
5,11905,136,0.0,1480,585,11320
14,11919,136,0.0,1481,585,11334
23,11942,136,0.0,1482,585,11357
13,11955,136,0.0,1483,585,11370
2,11957,136,0.0,1484,585,11372
9,11966,136,0.0,1485,585,11381
5,11971,136,0.0,1486,585,11386
9,11980,136,0.0,1487,585,11395
4,11984,136,0.0,1488,585,11399
2,11986,136,0.0,1489,585,11401
2,11988,136,0.0,1490,585,11403
8,11996,137,1.0,1491,585,11411
2,11998,137,0.0,1492,585,11413
8,12006,137,0.0,1493,585,11421
21,12027,137,0.0,1494,585,11442
7,12034,137,0.0,1495,585,11449
14,12048,137,0.0,1496,585,11463
7,12055,137,0.0,1497,585,11470
2,12057,137,0.0,1498,585,11472
4,12061,137,0.0,1499,585,11476
2,12063,137,0.0,1500,585,11478
8,12071,138,1.0,1501,585,11486
2,12073,138,0.0,1502,585,11488
3,12076,138,0.0,1503,585,11491
9,12085,138,0.0,1504,585,11500
3,12088,138,0.0,1505,585,11503
4,12092,138,0.0,1506,585,11507
15,12107,138,0.0,1507,585,11522
4,12111,138,0.0,1508,585,11526
11,12122,138,0.0,1509,585,11537
6,12128,138,0.0,1510,585,11543
29,12157,139,1.0,1511,585,11572
2,12159,139,0.0,1512,585,11574
11,12170,139,0.0,1513,585,11585
8,12178,139,0.0,1514,585,11593
4,12182,139,0.0,1515,585,11597
8,12190,139,0.0,1516,585,11605
5,12195,139,0.0,1517,585,11610
8,12203,139,0.0,1518,585,11618
4,12207,139,0.0,1519,585,11622
10,12217,139,0.0,1520,585,11632
9,12226,139,0.0,1521,585,11641
2,12228,139,0.0,1522,585,11643
3,12231,139,0.0,1523,585,11646
6,12237,139,0.0,1524,585,11652
2,12239,139,0.0,1525,585,11654
2,12241,139,0.0,1526,585,11656
10,12251,139,0.0,1527,585,11666
3,12254,139,0.0,1528,585,11669
10,12264,139,0.0,1529,585,11679
6,12270,139,0.0,1530,585,11685
8,12278,139,0.0,1531,585,11693
12,12290,139,0.0,1532,585,11705
13,12303,139,0.0,1533,585,11718
6,12309,139,0.0,1534,585,11724
2,12311,139,0.0,1535,585,11726
8,12319,140,1.0,1536,585,11734
4,12323,140,0.0,1537,585,11738
2,12325,140,0.0,1538,585,11740
9,12334,140,0.0,1539,585,11749
9,12343,140,0.0,1540,585,11758
4,12347,140,0.0,1541,585,11762
14,12361,140,0.0,1542,585,11776
3,12364,140,0.0,1543,585,11779
12,12376,140,0.0,1544,585,11791
13,12389,140,0.0,1545,585,11804
4,12393,140,0.0,1546,585,11808
11,12404,140,0.0,1547,585,11819
5,12409,140,0.0,1548,585,11824
8,12417,140,0.0,1549,585,11832
8,12425,140,0.0,1550,585,11840
8,12433,141,1.0,1551,585,11848
3,12436,141,0.0,1552,585,11851
9,12445,141,0.0,1553,585,11860
4,12449,141,0.0,1554,585,11864
4,12453,141,0.0,1555,585,11868
8,12461,142,1.0,1556,585,11876
3,12464,142,0.0,1557,585,11879
11,12475,142,0.0,1558,585,11890
4,12479,142,0.0,1559,585,11894
4,12483,142,0.0,1560,585,11898
3,12486,142,0.0,1561,585,11901
16,12502,142,0.0,1562,585,11917
6,12508,142,0.0,1563,585,11923
3,12511,142,0.0,1564,585,11926
8,12519,143,1.0,1565,585,11934
3,12522,143,0.0,1566,585,11937
3,12525,143,0.0,1567,585,11940
3,12528,143,0.0,1568,585,11943
3,12531,143,0.0,1569,585,11946
8,12539,143,0.0,1570,585,11954
3,12542,143,0.0,1571,585,11957
2,12544,143,0.0,1572,585,11959
5,12549,143,0.0,1573,585,11964
24,12573,143,0.0,1574,585,11988
6,12579,143,0.0,1575,585,11994
4,12583,143,0.0,1576,585,11998
16,12599,144,1.0,1577,585,12014
4,12603,144,0.0,1578,585,12018
14,12617,144,0.0,1579,585,12032
4,12621,144,0.0,1580,585,12036
8,12629,144,0.0,1581,585,12044
11,12640,144,0.0,1582,585,12055
7,12647,144,0.0,1583,585,12062
10,12657,144,0.0,1584,585,12072
3,12660,144,0.0,1585,585,12075
4,12664,144,0.0,1586,585,12079
8,12672,144,0.0,1587,585,12087
9,12681,144,0.0,1588,585,12096
8,12689,145,1.0,1589,585,12104
5,12694,145,0.0,1590,585,12109
8,12702,146,1.0,1591,585,12117
9,12711,146,0.0,1592,585,12126
4,12715,146,0.0,1593,585,12130
5,12720,146,0.0,1594,585,12135
8,12728,147,1.0,1595,585,12143
8,12736,147,0.0,1596,585,12151
6,12742,147,0.0,1597,585,12157
19,12761,147,0.0,1598,585,12176
5,12766,147,0.0,1599,585,12181
11,12777,147,0.0,1600,585,12192
2,12779,147,0.0,1601,585,12194
13,12792,147,0.0,1602,585,12207
5,12797,147,0.0,1603,585,12212
3,12800,147,0.0,1604,585,12215
14,12814,147,0.0,1605,585,12229
8,12822,147,0.0,1606,585,12237
5,12827,147,0.0,1607,585,12242
7,12834,147,0.0,1608,585,12249
8,12842,147,0.0,1609,585,12257
5,12847,147,0.0,1610,585,12262
3,12850,147,0.0,1611,585,12265
2,12852,147,0.0,1612,585,12267
4,12856,147,0.0,1613,585,12271
13,12869,147,0.0,1614,585,12284
2,12871,147,0.0,1615,585,12286
3,12874,147,0.0,1616,585,12289
4,12878,147,0.0,1617,585,12293
3,12881,147,0.0,1618,585,12296
9,12890,147,0.0,1619,585,12305
6,12896,147,0.0,1620,585,12311
5,12901,147,0.0,1621,585,12316
8,12909,147,0.0,1622,585,12324
4,12913,147,0.0,1623,585,12328
23,12936,147,0.0,1624,585,12351
4,12940,147,0.0,1625,585,12355
5,12945,147,0.0,1626,585,12360
6,12951,147,0.0,1627,585,12366
10,12961,147,0.0,1628,585,12376
3,12964,147,0.0,1629,585,12379
11,12975,147,0.0,1630,585,12390
8,12983,147,0.0,1631,585,12398
5,12988,147,0.0,1632,585,12403
9,12997,147,0.0,1633,585,12412
4,13001,147,0.0,1634,585,12416
4,13005,147,0.0,1635,585,12420
6,13011,147,0.0,1636,585,12426
8,13019,147,0.0,1637,585,12434
13,13032,147,0.0,1638,585,12447
8,13040,147,0.0,1639,585,12455
13,13053,147,0.0,1640,585,12468
14,13067,147,0.0,1641,585,12482
6,13073,147,0.0,1642,585,12488
12,13085,147,0.0,1643,585,12500
4,13089,147,0.0,1644,585,12504
4,13093,147,0.0,1645,585,12508
4,13097,147,0.0,1646,585,12512
3,13100,147,0.0,1647,585,12515
12,13112,147,0.0,1648,585,12527
14,13126,147,0.0,1649,585,12541
3,13129,147,0.0,1650,585,12544
7,13136,147,0.0,1651,585,12551
5,13141,147,0.0,1652,585,12556
29,13170,148,1.0,1653,585,12585
9,13179,148,0.0,1654,585,12594
5,13184,148,0.0,1655,585,12599
29,13213,149,1.0,1656,585,12628
10,13223,149,0.0,1657,585,12638
4,13227,149,0.0,1658,585,12642
8,13235,149,0.0,1659,585,12650
15,13250,149,0.0,1660,585,12665
2,13252,149,0.0,1661,585,12667
10,13262,149,0.0,1662,585,12677
4,13266,149,0.0,1663,585,12681
24,13290,149,0.0,1664,585,12705
10,13300,149,0.0,1665,585,12715
2,13302,149,0.0,1666,585,12717
20,13322,150,1.0,1667,585,12737
9,13331,150,0.0,1668,585,12746
2,13333,150,0.0,1669,585,12748
8,13341,151,1.0,1670,585,12756
8,13349,151,0.0,1671,585,12764
4,13353,151,0.0,1672,585,12768
18,13371,151,0.0,1673,585,12786
27,13398,151,0.0,1674,585,12813
4,13402,151,0.0,1675,585,12817
4,13406,151,0.0,1676,585,12821
8,13414,152,1.0,1677,585,12829
5,13419,152,0.0,1678,585,12834
2,13421,152,0.0,1679,585,12836
2,13423,152,0.0,1680,585,12838
5,13428,152,0.0,1681,585,12843
12,13440,152,0.0,1682,585,12855
12,13452,152,0.0,1683,585,12867
9,13461,152,0.0,1684,585,12876
16,13477,152,0.0,1685,585,12892
14,13491,152,0.0,1686,585,12906
12,13503,152,0.0,1687,585,12918
8,13511,152,0.0,1688,585,12926
9,13520,152,0.0,1689,585,12935
8,13528,152,0.0,1690,585,12943
12,13540,152,0.0,1691,585,12955
3,13543,152,0.0,1692,585,12958
16,13559,153,1.0,1693,585,12974
29,13588,154,1.0,1694,585,13003
2,13590,154,0.0,1695,585,13005
16,13606,155,1.0,1696,585,13021
5,13611,155,0.0,1697,585,13026
4,13615,155,0.0,1698,585,13030
9,13624,155,0.0,1699,585,13039
6,13630,155,0.0,1700,585,13045
29,13659,156,1.0,1701,585,13074
4,13663,156,0.0,1702,585,13078
5,13668,156,0.0,1703,585,13083
15,13683,156,0.0,1704,585,13098
13,13696,156,0.0,1705,585,13111
9,13705,156,0.0,1706,585,13120
14,13719,156,0.0,1707,585,13134
8,13727,156,0.0,1708,585,13142
5,13732,156,0.0,1709,585,13147
6,13738,156,0.0,1710,585,13153
12,13750,156,0.0,1711,585,13165
20,13770,157,1.0,1712,585,13185
4,13774,157,0.0,1713,585,13189
8,13782,157,0.0,1714,585,13197
2,13784,157,0.0,1715,585,13199
8,13792,158,1.0,1716,585,13207
7,13799,158,0.0,1717,585,13214
8,13807,159,1.0,1718,585,13222
29,13836,160,1.0,1719,585,13251
2,13838,160,0.0,1720,585,13253
2,13840,160,0.0,1721,585,13255
8,13848,160,0.0,1722,585,13263
5,13853,160,0.0,1723,585,13268
9,13862,160,0.0,1724,585,13277
8,13870,161,1.0,1725,585,13285
11,13881,161,0.0,1726,585,13296
11,13892,161,0.0,1727,585,13307
4,13896,161,0.0,1728,585,13311
29,13925,162,1.0,1729,585,13340
11,13936,162,0.0,1730,585,13351
29,13965,163,1.0,1731,585,13380
3,13968,163,0.0,1732,585,13383
9,13977,163,0.0,1733,585,13392
40,14017,163,0.0,1734,585,13432
18,14035,163,0.0,1735,585,13450
8,14043,164,1.0,1736,585,13458
8,14051,165,1.0,1737,585,13466
8,14059,165,0.0,1738,585,13474
9,14068,165,0.0,1739,585,13483
10,14078,165,0.0,1740,585,13493
4,14082,165,0.0,1741,585,13497
8,14090,165,0.0,1742,585,13505
15,14105,165,0.0,1743,585,13520
18,14123,166,1.0,1744,585,13538
4,14127,166,0.0,1745,585,13542
6,14133,166,0.0,1746,585,13548
6,14139,166,0.0,1747,585,13554
3,14142,166,0.0,1748,585,13557
4,14146,166,0.0,1749,585,13561
8,14154,167,1.0,1750,585,13569
4,14158,167,0.0,1751,585,13573
10,14168,167,0.0,1752,585,13583
6,14174,167,0.0,1753,585,13589
6,14180,167,0.0,1754,585,13595
11,14191,167,0.0,1755,585,13606
5,14196,167,0.0,1756,585,13611
9,14205,167,0.0,1757,585,13620
20,14225,168,1.0,1758,585,13640
9,14234,168,0.0,1759,585,13649
5,14239,168,0.0,1760,585,13654
13,14252,168,0.0,1761,585,13667
2,14254,168,0.0,1762,585,13669
3,14257,168,0.0,1763,585,13672
12,14269,168,0.0,1764,585,13684
9,14278,168,0.0,1765,585,13693
12,14290,168,0.0,1766,585,13705
9,14299,168,0.0,1767,585,13714
8,14307,169,1.0,1768,585,13722
15,14322,169,0.0,1769,585,13737
8,14330,169,0.0,1770,585,13745
8,14338,170,1.0,1771,585,13753
8,14346,171,1.0,1772,585,13761
9,14355,171,0.0,1773,585,13770
8,14363,172,1.0,1774,585,13778
9,14372,172,0.0,1775,585,13787
8,14380,173,1.0,1776,585,13795
4,14384,173,0.0,1777,585,13799
4,14388,173,0.0,1778,585,13803
8,14396,173,0.0,1779,585,13811
2,14398,173,0.0,1780,585,13813
10,14408,173,0.0,1781,585,13823
4,14412,173,0.0,1782,585,13827
5,14417,173,0.0,1783,585,13832
2,14419,173,0.0,1784,585,13834
3,14422,173,0.0,1785,585,13837
8,14430,174,1.0,1786,585,13845
2,14432,174,0.0,1787,585,13847
14,14446,174,0.0,1788,585,13861
3,14449,174,0.0,1789,585,13864
7,14456,174,0.0,1790,585,13871
4,14460,174,0.0,1791,585,13875
14,14474,174,0.0,1792,585,13889
9,14483,174,0.0,1793,585,13898
5,14488,174,0.0,1794,585,13903
8,14496,175,1.0,1795,585,13911
5,14501,175,0.0,1796,585,13916
6,14507,175,0.0,1797,585,13922
4,14511,175,0.0,1798,585,13926
8,14519,176,1.0,1799,585,13934
7,14526,176,0.0,1800,585,13941
7,14533,176,0.0,1801,585,13948
10,14543,176,0.0,1802,585,13958
4,14547,176,0.0,1803,585,13962
11,14558,176,0.0,1804,585,13973
8,14566,177,1.0,1805,585,13981
10,14576,177,0.0,1806,585,13991
3,14579,177,0.0,1807,585,13994
5,14584,177,0.0,1808,585,13999
8,14592,177,0.0,1809,585,14007
8,14600,177,0.0,1810,585,14015
8,14608,177,0.0,1811,585,14023
11,14619,177,0.0,1812,585,14034
8,14627,178,1.0,1813,585,14042
8,14635,179,1.0,1814,585,14050
6,14641,179,0.0,1815,585,14056
8,14649,180,1.0,1816,585,14064
9,14658,180,0.0,1817,585,14073
3,14661,180,0.0,1818,585,14076
5,14666,180,0.0,1819,585,14081
10,14676,180,0.0,1820,585,14091
11,14687,180,0.0,1821,585,14102
9,14696,180,0.0,1822,585,14111
2,14698,180,0.0,1823,585,14113
15,14713,180,0.0,1824,585,14128
13,14726,180,0.0,1825,585,14141
16,14742,181,1.0,1826,585,14157
8,14750,181,0.0,1827,585,14165
3,14753,181,0.0,1828,585,14168
8,14761,181,0.0,1829,585,14176
7,14768,181,0.0,1830,585,14183
6,14774,181,0.0,1831,585,14189
2,14776,181,0.0,1832,585,14191
5,14781,181,0.0,1833,585,14196
6,14787,181,0.0,1834,585,14202
4,14791,181,0.0,1835,585,14206
3,14794,181,0.0,1836,585,14209
11,14805,181,0.0,1837,585,14220
5,14810,181,0.0,1838,585,14225
8,14818,182,1.0,1839,585,14233
10,14828,182,0.0,1840,585,14243
12,14840,182,0.0,1841,585,14255
3,14843,182,0.0,1842,585,14258
9,14852,182,0.0,1843,585,14267
8,14860,183,1.0,1844,585,14275
14,14874,183,0.0,1845,585,14289
4,14878,183,0.0,1846,585,14293
3,14881,183,0.0,1847,585,14296
3,14884,183,0.0,1848,585,14299
5,14889,183,0.0,1849,585,14304
2,14891,183,0.0,1850,585,14306
4,14895,183,0.0,1851,585,14310
4,14899,183,0.0,1852,585,14314
4,14903,183,0.0,1853,585,14318
9,14912,183,0.0,1854,585,14327
8,14920,184,1.0,1855,585,14335
8,14928,184,0.0,1856,585,14343
22,14950,184,0.0,1857,585,14365
5,14955,184,0.0,1858,585,14370
8,14963,184,0.0,1859,585,14378
8,14971,185,1.0,1860,585,14386
25,14996,185,0.0,1861,585,14411
8,15004,185,0.0,1862,585,14419
4,15008,185,0.0,1863,585,14423
8,15016,186,1.0,1864,585,14431
8,15024,186,0.0,1865,585,14439
8,15032,186,0.0,1866,585,14447
3,15035,186,0.0,1867,585,14450
13,15048,186,0.0,1868,585,14463
2,15050,186,0.0,1869,585,14465
8,15058,186,0.0,1870,585,14473
5,15063,186,0.0,1871,585,14478
11,15074,186,0.0,1872,585,14489
6,15080,186,0.0,1873,585,14495
5,15085,186,0.0,1874,585,14500
2,15087,186,0.0,1875,585,14502
3,15090,186,0.0,1876,585,14505
4,15094,186,0.0,1877,585,14509
3,15097,186,0.0,1878,585,14512
4,15101,186,0.0,1879,585,14516
10,15111,186,0.0,1880,585,14526
9,15120,186,0.0,1881,585,14535
7,15127,186,0.0,1882,585,14542
5,15132,186,0.0,1883,585,14547
11,15143,186,0.0,1884,585,14558
16,15159,186,0.0,1885,585,14574
4,15163,186,0.0,1886,585,14578
13,15176,186,0.0,1887,585,14591
13,15189,186,0.0,1888,585,14604
2,15191,186,0.0,1889,585,14606
7,15198,186,0.0,1890,585,14613
16,15214,186,0.0,1891,585,14629
5,15219,186,0.0,1892,585,14634
9,15228,186,0.0,1893,585,14643
3,15231,186,0.0,1894,585,14646
5,15236,186,0.0,1895,585,14651
6,15242,186,0.0,1896,585,14657
11,15253,186,0.0,1897,585,14668
4,15257,186,0.0,1898,585,14672
2,15259,186,0.0,1899,585,14674
8,15267,186,0.0,1900,585,14682
11,15278,186,0.0,1901,585,14693
8,15286,187,1.0,1902,585,14701
2,15288,187,0.0,1903,585,14703
2,15290,187,0.0,1904,585,14705
10,15300,187,0.0,1905,585,14715
6,15306,187,0.0,1906,585,14721
6,15312,187,0.0,1907,585,14727
7,15319,187,0.0,1908,585,14734
8,15327,188,1.0,1909,585,14742
7,15334,188,0.0,1910,585,14749
5,15339,188,0.0,1911,585,14754
12,15351,188,0.0,1912,585,14766
4,15355,188,0.0,1913,585,14770
8,15363,188,0.0,1914,585,14778
31,15394,188,0.0,1915,585,14809
2,15396,188,0.0,1916,585,14811
2,15398,188,0.0,1917,585,14813
9,15407,188,0.0,1918,585,14822
11,15418,188,0.0,1919,585,14833
8,15426,189,1.0,1920,585,14841
9,15435,189,0.0,1921,585,14850
4,15439,189,0.0,1922,585,14854
5,15444,189,0.0,1923,585,14859
7,15451,189,0.0,1924,585,14866
16,15467,190,1.0,1925,585,14882
8,15475,190,0.0,1926,585,14890
4,15479,190,0.0,1927,585,14894
8,15487,190,0.0,1928,585,14902
16,15503,191,1.0,1929,585,14918
4,15507,191,0.0,1930,585,14922
11,15518,191,0.0,1931,585,14933
4,15522,191,0.0,1932,585,14937
13,15535,191,0.0,1933,585,14950
10,15545,191,0.0,1934,585,14960
4,15549,191,0.0,1935,585,14964
9,15558,191,0.0,1936,585,14973
9,15567,191,0.0,1937,585,14982
8,15575,192,1.0,1938,585,14990
5,15580,192,0.0,1939,585,14995
8,15588,192,0.0,1940,585,15003
9,15597,192,0.0,1941,585,15012
12,15609,192,0.0,1942,585,15024
14,15623,192,0.0,1943,585,15038
6,15629,192,0.0,1944,585,15044
4,15633,192,0.0,1945,585,15048
4,15637,192,0.0,1946,585,15052
8,15645,192,0.0,1947,585,15060
4,15649,192,0.0,1948,585,15064
3,15652,192,0.0,1949,585,15067
29,15681,193,1.0,1950,585,15096
3,15684,193,0.0,1951,585,15099
6,15690,193,0.0,1952,585,15105
9,15699,193,0.0,1953,585,15114
9,15708,193,0.0,1954,585,15123
6,15714,193,0.0,1955,585,15129
16,15730,193,0.0,1956,585,15145
13,15743,193,0.0,1957,585,15158
6,15749,193,0.0,1958,585,15164
8,15757,193,0.0,1959,585,15172
9,15766,193,0.0,1960,585,15181
4,15770,193,0.0,1961,585,15185
7,15777,193,0.0,1962,585,15192
4,15781,193,0.0,1963,585,15196
12,15793,193,0.0,1964,585,15208
6,15799,193,0.0,1965,585,15214
5,15804,193,0.0,1966,585,15219
5,15809,193,0.0,1967,585,15224
6,15815,193,0.0,1968,585,15230
8,15823,193,0.0,1969,585,15238
6,15829,193,0.0,1970,585,15244
5,15834,193,0.0,1971,585,15249
2,15836,193,0.0,1972,585,15251
9,15845,193,0.0,1973,585,15260
8,15853,193,0.0,1974,585,15268
8,15861,193,0.0,1975,585,15276
2,15863,193,0.0,1976,585,15278
3,15866,193,0.0,1977,585,15281
8,15874,193,0.0,1978,585,15289
8,15882,194,1.0,1979,585,15297
8,15890,194,0.0,1980,585,15305
10,15900,194,0.0,1981,585,15315
2,15902,194,0.0,1982,585,15317
19,15921,194,0.0,1983,585,15336
21,15942,194,0.0,1984,585,15357
8,15950,194,0.0,1985,585,15365
7,15957,194,0.0,1986,585,15372
3,15960,194,0.0,1987,585,15375
8,15968,195,1.0,1988,585,15383
9,15977,195,0.0,1989,585,15392
8,15985,195,0.0,1990,585,15400
18,16003,195,0.0,1991,585,15418
8,16011,196,1.0,1992,585,15426
3,16014,196,0.0,1993,585,15429
2,16016,196,0.0,1994,585,15431
8,16024,196,0.0,1995,585,15439
7,16031,196,0.0,1996,585,15446
11,16042,196,0.0,1997,585,15457
8,16050,196,0.0,1998,585,15465
14,16064,196,0.0,1999,585,15479
4,16068,196,0.0,2000,585,15483
2,16070,196,0.0,2001,585,15485
4,16074,196,0.0,2002,585,15489
29,16103,197,1.0,2003,585,15518
8,16111,198,1.0,2004,585,15526
4,16115,198,0.0,2005,585,15530
19,16134,198,0.0,2006,585,15549
3,16137,198,0.0,2007,585,15552
6,16143,198,0.0,2008,585,15558
8,16151,199,1.0,2009,585,15566
10,16161,199,0.0,2010,585,15576
3,16164,199,0.0,2011,585,15579
8,16172,199,0.0,2012,585,15587
5,16177,199,0.0,2013,585,15592
8,16185,199,0.0,2014,585,15600
5,16190,199,0.0,2015,585,15605
8,16198,200,1.0,2016,585,15613
6,16204,200,0.0,2017,585,15619
7,16211,200,0.0,2018,585,15626
5,16216,200,0.0,2019,585,15631
7,16223,200,0.0,2020,585,15638
13,16236,200,0.0,2021,585,15651
21,16257,200,0.0,2022,585,15672
5,16262,200,0.0,2023,585,15677
6,16268,200,0.0,2024,585,15683
8,16276,200,0.0,2025,585,15691
3,16279,200,0.0,2026,585,15694
4,16283,200,0.0,2027,585,15698
4,16287,200,0.0,2028,585,15702
6,16293,200,0.0,2029,585,15708
6,16299,200,0.0,2030,585,15714
8,16307,200,0.0,2031,585,15722
8,16315,200,0.0,2032,585,15730
27,16342,200,0.0,2033,585,15757
2,16344,200,0.0,2034,585,15759
8,16352,201,1.0,2035,585,15767
10,16362,201,0.0,2036,585,15777
6,16368,201,0.0,2037,585,15783
3,16371,201,0.0,2038,585,15786
8,16379,202,1.0,2039,585,15794
7,16386,202,0.0,2040,585,15801
7,16393,202,0.0,2041,585,15808
5,16398,202,0.0,2042,585,15813
16,16414,203,1.0,2043,585,15829
14,16428,203,0.0,2044,585,15843
7,16435,203,0.0,2045,585,15850
7,16442,203,0.0,2046,585,15857
2,16444,203,0.0,2047,585,15859
8,16452,204,1.0,2048,585,15867
8,16460,204,0.0,2049,585,15875
13,16473,204,0.0,2050,585,15888
5,16478,204,0.0,2051,585,15893
2,16480,204,0.0,2052,585,15895
8,16488,204,0.0,2053,585,15903
6,16494,204,0.0,2054,585,15909
29,16523,205,1.0,2055,585,15938
8,16531,206,1.0,2056,585,15946
5,16536,206,0.0,2057,585,15951
14,16550,206,0.0,2058,585,15965
30,16580,206,0.0,2059,585,15995
11,16591,206,0.0,2060,585,16006
10,16601,206,0.0,2061,585,16016
8,16609,206,0.0,2062,585,16024
8,16617,206,0.0,2063,585,16032
6,16623,206,0.0,2064,585,16038
8,16631,207,1.0,2065,585,16046
15,16646,207,0.0,2066,585,16061
9,16655,207,0.0,2067,585,16070
5,16660,207,0.0,2068,585,16075
6,16666,207,0.0,2069,585,16081
12,16678,207,0.0,2070,585,16093
11,16689,207,0.0,2071,585,16104
9,16698,207,0.0,2072,585,16113
8,16706,207,0.0,2073,585,16121
6,16712,207,0.0,2074,585,16127
8,16720,207,0.0,2075,585,16135
9,16729,207,0.0,2076,585,16144
4,16733,207,0.0,2077,585,16148
5,16738,207,0.0,2078,585,16153
5,16743,207,0.0,2079,585,16158
6,16749,207,0.0,2080,585,16164
3,16752,207,0.0,2081,585,16167
16,16768,208,1.0,2082,585,16183
14,16782,208,0.0,2083,585,16197
8,16790,208,0.0,2084,585,16205
9,16799,208,0.0,2085,585,16214
3,16802,208,0.0,2086,585,16217
3,16805,208,0.0,2087,585,16220
29,16834,209,1.0,2088,585,16249
8,16842,210,1.0,2089,585,16257
4,16846,210,0.0,2090,585,16261
3,16849,210,0.0,2091,585,16264
21,16870,210,0.0,2092,585,16285
3,16873,210,0.0,2093,585,16288
5,16878,210,0.0,2094,585,16293
9,16887,210,0.0,2095,585,16302
7,16894,210,0.0,2096,585,16309
8,16902,211,1.0,2097,585,16317
4,16906,211,0.0,2098,585,16321
8,16914,211,0.0,2099,585,16329
8,16922,211,0.0,2100,585,16337
8,16930,212,1.0,2101,585,16345
3,16933,212,0.0,2102,585,16348
8,16941,212,0.0,2103,585,16356
8,16949,212,0.0,2104,585,16364
8,16957,212,0.0,2105,585,16372
6,16963,212,0.0,2106,585,16378
5,16968,212,0.0,2107,585,16383
4,16972,212,0.0,2108,585,16387
3,16975,212,0.0,2109,585,16390
8,16983,213,1.0,2110,585,16398
3,16986,213,0.0,2111,585,16401
2,16988,213,0.0,2112,585,16403
10,16998,213,0.0,2113,585,16413
11,17009,213,0.0,2114,585,16424
4,17013,213,0.0,2115,585,16428
3,17016,213,0.0,2116,585,16431
4,17020,213,0.0,2117,585,16435
4,17024,213,0.0,2118,585,16439
22,17046,213,0.0,2119,585,16461
3,17049,213,0.0,2120,585,16464
7,17056,213,0.0,2121,585,16471
9,17065,213,0.0,2122,585,16480
9,17074,213,0.0,2123,585,16489
14,17088,213,0.0,2124,585,16503
4,17092,213,0.0,2125,585,16507
9,17101,213,0.0,2126,585,16516
2,17103,213,0.0,2127,585,16518
2,17105,213,0.0,2128,585,16520
3,17108,213,0.0,2129,585,16523
7,17115,213,0.0,2130,585,16530
29,17144,214,1.0,2131,585,16559
19,17163,214,0.0,2132,585,16578
5,17168,214,0.0,2133,585,16583
7,17175,214,0.0,2134,585,16590
8,17183,214,0.0,2135,585,16598
8,17191,214,0.0,2136,585,16606
8,17199,214,0.0,2137,585,16614
6,17205,214,0.0,2138,585,16620
8,17213,214,0.0,2139,585,16628
2,17215,214,0.0,2140,585,16630
4,17219,214,0.0,2141,585,16634
7,17226,214,0.0,2142,585,16641
5,17231,214,0.0,2143,585,16646
3,17234,214,0.0,2144,585,16649
9,17243,214,0.0,2145,585,16658
6,17249,214,0.0,2146,585,16664
12,17261,214,0.0,2147,585,16676
10,17271,214,0.0,2148,585,16686
27,17298,214,0.0,2149,585,16713
3,17301,214,0.0,2150,585,16716
8,17309,215,1.0,2151,585,16724
5,17314,215,0.0,2152,585,16729
2,17316,215,0.0,2153,585,16731
8,17324,215,0.0,2154,585,16739
18,17342,216,1.0,2155,585,16757
3,17345,216,0.0,2156,585,16760
5,17350,216,0.0,2157,585,16765
16,17366,216,0.0,2158,585,16781
6,17372,216,0.0,2159,585,16787
2,17374,216,0.0,2160,585,16789
7,17381,216,0.0,2161,585,16796
3,17384,216,0.0,2162,585,16799
3,17387,216,0.0,2163,585,16802
10,17397,216,0.0,2164,585,16812
18,17415,216,0.0,2165,585,16830
8,17423,217,1.0,2166,585,16838
3,17426,217,0.0,2167,585,16841
8,17434,218,1.0,2168,585,16849
6,17440,218,0.0,2169,585,16855
3,17443,218,0.0,2170,585,16858
2,17445,218,0.0,2171,585,16860
8,17453,219,1.0,2172,585,16868
8,17461,219,0.0,2173,585,16876
7,17468,219,0.0,2174,585,16883
4,17472,219,0.0,2175,585,16887
2,17474,219,0.0,2176,585,16889
6,17480,219,0.0,2177,585,16895
21,17501,219,0.0,2178,585,16916
4,17505,219,0.0,2179,585,16920
5,17510,219,0.0,2180,585,16925
2,17512,219,0.0,2181,585,16927
15,17527,219,0.0,2182,585,16942
6,17533,219,0.0,2183,585,16948
6,17539,219,0.0,2184,585,16954
7,17546,219,0.0,2185,585,16961
29,17575,220,1.0,2186,585,16990
2,17577,220,0.0,2187,585,16992
6,17583,220,0.0,2188,585,16998
8,17591,220,0.0,2189,585,17006
9,17600,220,0.0,2190,585,17015
5,17605,220,0.0,2191,585,17020
8,17613,221,1.0,2192,585,17028
11,17624,221,0.0,2193,585,17039
5,17629,221,0.0,2194,585,17044
9,17638,221,0.0,2195,585,17053
9,17647,221,0.0,2196,585,17062
4,17651,221,0.0,2197,585,17066
4,17655,221,0.0,2198,585,17070
29,17684,222,1.0,2199,585,17099
10,17694,222,0.0,2200,585,17109
8,17702,222,0.0,2201,585,17117
11,17713,222,0.0,2202,585,17128
2,17715,222,0.0,2203,585,17130
2,17717,222,0.0,2204,585,17132
9,17726,222,0.0,2205,585,17141
16,17742,223,1.0,2206,585,17157
5,17747,223,0.0,2207,585,17162
2,17749,223,0.0,2208,585,17164
11,17760,223,0.0,2209,585,17175
9,17769,223,0.0,2210,585,17184
5,17774,223,0.0,2211,585,17189
9,17783,223,0.0,2212,585,17198
7,17790,223,0.0,2213,585,17205
2,17792,223,0.0,2214,585,17207
10,17802,223,0.0,2215,585,17217
16,17818,224,1.0,2216,585,17233
14,17832,224,0.0,2217,585,17247
16,17848,225,1.0,2218,585,17263
2,17850,225,0.0,2219,585,17265
8,17858,226,1.0,2220,585,17273
8,17866,227,1.0,2221,585,17281
6,17872,227,0.0,2222,585,17287
29,17901,228,1.0,2223,585,17316
3,17904,228,0.0,2224,585,17319
14,17918,228,0.0,2225,585,17333
3,17921,228,0.0,2226,585,17336
7,17928,228,0.0,2227,585,17343
2,17930,228,0.0,2228,585,17345
13,17943,228,0.0,2229,585,17358
3,17946,228,0.0,2230,585,17361
6,17952,228,0.0,2231,585,17367
4,17956,228,0.0,2232,585,17371
11,17967,228,0.0,2233,585,17382
8,17975,228,0.0,2234,585,17390
3,17978,228,0.0,2235,585,17393
3,17981,228,0.0,2236,585,17396
16,17997,229,1.0,2237,585,17412
8,18005,229,0.0,2238,585,17420
4,18009,229,0.0,2239,585,17424
7,18016,229,0.0,2240,585,17431
6,18022,229,0.0,2241,585,17437
4,18026,229,0.0,2242,585,17441
5,18031,229,0.0,2243,585,17446
8,18039,230,1.0,2244,585,17454
3,18042,230,0.0,2245,585,17457
5,18047,230,0.0,2246,585,17462
8,18055,230,0.0,2247,585,17470
2,18057,230,0.0,2248,585,17472
7,18064,230,0.0,2249,585,17479
10,18074,230,0.0,2250,585,17489
5,18079,230,0.0,2251,585,17494
2,18081,230,0.0,2252,585,17496
11,18092,230,0.0,2253,585,17507
5,18097,230,0.0,2254,585,17512
14,18111,230,0.0,2255,585,17526
9,18120,230,0.0,2256,585,17535
4,18124,230,0.0,2257,585,17539
6,18130,230,0.0,2258,585,17545
7,18137,230,0.0,2259,585,17552
20,18157,231,1.0,2260,585,17572
8,18165,231,0.0,2261,585,17580
2,18167,231,0.0,2262,585,17582
16,18183,231,0.0,2263,585,17598
8,18191,232,1.0,2264,585,17606
7,18198,232,0.0,2265,585,17613
3,18201,232,0.0,2266,585,17616
29,18230,233,1.0,2267,585,17645
4,18234,233,0.0,2268,585,17649
8,18242,233,0.0,2269,585,17657
5,18247,233,0.0,2270,585,17662
8,18255,233,0.0,2271,585,17670
15,18270,233,0.0,2272,585,17685
8,18278,234,1.0,2273,585,17693
16,18294,234,0.0,2274,585,17709
2,18296,234,0.0,2275,585,17711
10,18306,234,0.0,2276,585,17721
10,18316,234,0.0,2277,585,17731
8,18324,234,0.0,2278,585,17739
7,18331,234,0.0,2279,585,17746
8,18339,234,0.0,2280,585,17754
9,18348,234,0.0,2281,585,17763
4,18352,234,0.0,2282,585,17767
2,18354,234,0.0,2283,585,17769
13,18367,234,0.0,2284,585,17782
3,18370,234,0.0,2285,585,17785
7,18377,234,0.0,2286,585,17792
12,18389,234,0.0,2287,585,17804
5,18394,234,0.0,2288,585,17809
5,18399,234,0.0,2289,585,17814
22,18421,234,0.0,2290,585,17836
14,18435,234,0.0,2291,585,17850
10,18445,234,0.0,2292,585,17860
7,18452,234,0.0,2293,585,17867
7,18459,234,0.0,2294,585,17874
2,18461,234,0.0,2295,585,17876
8,18469,235,1.0,2296,585,17884
4,18473,235,0.0,2297,585,17888
6,18479,235,0.0,2298,585,17894
4,18483,235,0.0,2299,585,17898
8,18491,235,0.0,2300,585,17906
2,18493,235,0.0,2301,585,17908
6,18499,235,0.0,2302,585,17914
11,18510,235,0.0,2303,585,17925
2,18512,235,0.0,2304,585,17927
8,18520,235,0.0,2305,585,17935
3,18523,235,0.0,2306,585,17938
9,18532,235,0.0,2307,585,17947
3,18535,235,0.0,2308,585,17950
8,18543,235,0.0,2309,585,17958
8,18551,235,0.0,2310,585,17966
12,18563,235,0.0,2311,585,17978
12,18575,235,0.0,2312,585,17990
10,18585,235,0.0,2313,585,18000
2,18587,235,0.0,2314,585,18002
5,18592,235,0.0,2315,585,18007
4,18596,235,0.0,2316,585,18011
4,18600,235,0.0,2317,585,18015
29,18629,236,1.0,2318,585,18044
8,18637,236,0.0,2319,585,18052
5,18642,236,0.0,2320,585,18057
8,18650,236,0.0,2321,585,18065
14,18664,236,0.0,2322,585,18079
18,18682,236,0.0,2323,585,18097
9,18691,236,0.0,2324,585,18106
16,18707,237,1.0,2325,585,18122
2,18709,237,0.0,2326,585,18124
5,18714,237,0.0,2327,585,18129
8,18722,237,0.0,2328,585,18137
4,18726,237,0.0,2329,585,18141
18,18744,237,0.0,2330,585,18159
4,18748,237,0.0,2331,585,18163
8,18756,237,0.0,2332,585,18171
4,18760,237,0.0,2333,585,18175
4,18764,237,0.0,2334,585,18179
5,18769,237,0.0,2335,585,18184
7,18776,237,0.0,2336,585,18191
9,18785,237,0.0,2337,585,18200
8,18793,237,0.0,2338,585,18208
8,18801,237,0.0,2339,585,18216
2,18803,237,0.0,2340,585,18218
4,18807,237,0.0,2341,585,18222
4,18811,237,0.0,2342,585,18226
8,18819,237,0.0,2343,585,18234
7,18826,237,0.0,2344,585,18241
7,18833,237,0.0,2345,585,18248
17,18850,237,0.0,2346,585,18265
9,18859,237,0.0,2347,585,18274
7,18866,237,0.0,2348,585,18281
3,18869,237,0.0,2349,585,18284
4,18873,237,0.0,2350,585,18288
8,18881,237,0.0,2351,585,18296
8,18889,237,0.0,2352,585,18304
11,18900,237,0.0,2353,585,18315
3,18903,237,0.0,2354,585,18318
4,18907,237,0.0,2355,585,18322
8,18915,238,1.0,2356,585,18330
4,18919,238,0.0,2357,585,18334
7,18926,238,0.0,2358,585,18341
3,18929,238,0.0,2359,585,18344
3,18932,238,0.0,2360,585,18347
8,18940,238,0.0,2361,585,18355
3,18943,238,0.0,2362,585,18358
5,18948,238,0.0,2363,585,18363
9,18957,238,0.0,2364,585,18372
8,18965,238,0.0,2365,585,18380
18,18983,239,1.0,2366,585,18398
2,18985,239,0.0,2367,585,18400
6,18991,239,0.0,2368,585,18406
2,18993,239,0.0,2369,585,18408
3,18996,239,0.0,2370,585,18411
9,19005,239,0.0,2371,585,18420
11,19016,239,0.0,2372,585,18431
3,19019,239,0.0,2373,585,18434
8,19027,239,0.0,2374,585,18442
7,19034,239,0.0,2375,585,18449
2,19036,239,0.0,2376,585,18451
7,19043,239,0.0,2377,585,18458
7,19050,239,0.0,2378,585,18465
15,19065,239,0.0,2379,585,18480
29,19094,240,1.0,2380,585,18509
8,19102,240,0.0,2381,585,18517
10,19112,240,0.0,2382,585,18527
3,19115,240,0.0,2383,585,18530
8,19123,241,1.0,2384,585,18538
4,19127,241,0.0,2385,585,18542
8,19135,242,1.0,2386,585,18550
3,19138,242,0.0,2387,585,18553
5,19143,242,0.0,2388,585,18558
7,19150,242,0.0,2389,585,18565
8,19158,243,1.0,2390,585,18573
4,19162,243,0.0,2391,585,18577
8,19170,243,0.0,2392,585,18585
4,19174,243,0.0,2393,585,18589
4,19178,243,0.0,2394,585,18593
3,19181,243,0.0,2395,585,18596
4,19185,243,0.0,2396,585,18600
2,19187,243,0.0,2397,585,18602
6,19193,243,0.0,2398,585,18608
14,19207,243,0.0,2399,585,18622
8,19215,244,1.0,2400,585,18630
8,19223,244,0.0,2401,585,18638
3,19226,244,0.0,2402,585,18641
3,19229,244,0.0,2403,585,18644
9,19238,244,0.0,2404,585,18653
8,19246,244,0.0,2405,585,18661
11,19257,244,0.0,2406,585,18672
2,19259,244,0.0,2407,585,18674
9,19268,244,0.0,2408,585,18683
9,19277,244,0.0,2409,585,18692
2,19279,244,0.0,2410,585,18694
2,19281,244,0.0,2411,585,18696
8,19289,244,0.0,2412,585,18704
9,19298,244,0.0,2413,585,18713
8,19306,244,0.0,2414,585,18721
13,19319,244,0.0,2415,585,18734
8,19327,244,0.0,2416,585,18742
6,19333,244,0.0,2417,585,18748
3,19336,244,0.0,2418,585,18751
4,19340,244,0.0,2419,585,18755
4,19344,244,0.0,2420,585,18759
12,19356,244,0.0,2421,585,18771
8,19364,245,1.0,2422,585,18779
13,19377,245,0.0,2423,585,18792
6,19383,245,0.0,2424,585,18798
8,19391,245,0.0,2425,585,18806
12,19403,245,0.0,2426,585,18818
6,19409,245,0.0,2427,585,18824
8,19417,246,1.0,2428,585,18832
8,19425,246,0.0,2429,585,18840
6,19431,246,0.0,2430,585,18846
4,19435,246,0.0,2431,585,18850
10,19445,246,0.0,2432,585,18860
2,19447,246,0.0,2433,585,18862
16,19463,247,1.0,2434,585,18878
2,19465,247,0.0,2435,585,18880
3,19468,247,0.0,2436,585,18883
7,19475,247,0.0,2437,585,18890
6,19481,247,0.0,2438,585,18896
3,19484,247,0.0,2439,585,18899
10,19494,247,0.0,2440,585,18909
8,19502,248,1.0,2441,585,18917
5,19507,248,0.0,2442,585,18922
8,19515,248,0.0,2443,585,18930
4,19519,248,0.0,2444,585,18934
8,19527,249,1.0,2445,585,18942
6,19533,249,0.0,2446,585,18948
10,19543,249,0.0,2447,585,18958
19,19562,249,0.0,2448,585,18977
11,19573,249,0.0,2449,585,18988
3,19576,249,0.0,2450,585,18991
8,19584,249,0.0,2451,585,18999
7,19591,249,0.0,2452,585,19006
7,19598,249,0.0,2453,585,19013
8,19606,249,0.0,2454,585,19021
8,19614,249,0.0,2455,585,19029
8,19622,250,1.0,2456,585,19037
43,19665,250,0.0,2457,585,19080
8,19673,250,0.0,2458,585,19088
2,19675,250,0.0,2459,585,19090
3,19678,250,0.0,2460,585,19093
9,19687,250,0.0,2461,585,19102
8,19695,251,1.0,2462,585,19110
16,19711,252,1.0,2463,585,19126
4,19715,252,0.0,2464,585,19130
14,19729,252,0.0,2465,585,19144
6,19735,252,0.0,2466,585,19150
8,19743,253,1.0,2467,585,19158
11,19754,253,0.0,2468,585,19169
3,19757,253,0.0,2469,585,19172
8,19765,253,0.0,2470,585,19180
8,19773,254,1.0,2471,585,19188
9,19782,254,0.0,2472,585,19197
9,19791,254,0.0,2473,585,19206
4,19795,254,0.0,2474,585,19210
20,19815,255,1.0,2475,585,19230
29,19844,256,1.0,2476,585,19259
5,19849,256,0.0,2477,585,19264
13,19862,256,0.0,2478,585,19277
8,19870,257,1.0,2479,585,19285
4,19874,257,0.0,2480,585,19289
2,19876,257,0.0,2481,585,19291
8,19884,257,0.0,2482,585,19299
2,19886,257,0.0,2483,585,19301
8,19894,257,0.0,2484,585,19309
8,19902,258,1.0,2485,585,19317
8,19910,258,0.0,2486,585,19325
11,19921,258,0.0,2487,585,19336
9,19930,258,0.0,2488,585,19345
8,19938,258,0.0,2489,585,19353
8,19946,258,0.0,2490,585,19361
13,19959,258,0.0,2491,585,19374
8,19967,258,0.0,2492,585,19382
13,19980,258,0.0,2493,585,19395
8,19988,258,0.0,2494,585,19403
8,19996,258,0.0,2495,585,19411
8,20004,258,0.0,2496,585,19419
2,20006,258,0.0,2497,585,19421
4,20010,258,0.0,2498,585,19425
2,20012,258,0.0,2499,585,19427
4,20016,258,0.0,2500,585,19431
8,20024,258,0.0,2501,585,19439
31,20055,258,0.0,2502,585,19470
8,20063,258,0.0,2503,585,19478
10,20073,258,0.0,2504,585,19488
3,20076,258,0.0,2505,585,19491
8,20084,258,0.0,2506,585,19499
9,20093,258,0.0,2507,585,19508
4,20097,258,0.0,2508,585,19512
8,20105,259,1.0,2509,585,19520
2,20107,259,0.0,2510,585,19522
8,20115,260,1.0,2511,585,19530
2,20117,260,0.0,2512,585,19532
2,20119,260,0.0,2513,585,19534
2,20121,260,0.0,2514,585,19536
11,20132,260,0.0,2515,585,19547
7,20139,260,0.0,2516,585,19554
29,20168,261,1.0,2517,585,19583
8,20176,261,0.0,2518,585,19591
2,20178,261,0.0,2519,585,19593
8,20186,261,0.0,2520,585,19601
5,20191,261,0.0,2521,585,19606
8,20199,262,1.0,2522,585,19614
2,20201,262,0.0,2523,585,19616
13,20214,262,0.0,2524,585,19629
5,20219,262,0.0,2525,585,19634
16,20235,263,1.0,2526,585,19650
8,20243,264,1.0,2527,585,19658
13,20256,264,0.0,2528,585,19671
8,20264,264,0.0,2529,585,19679
2,20266,264,0.0,2530,585,19681
8,20274,265,1.0,2531,585,19689
9,20283,265,0.0,2532,585,19698
2,20285,265,0.0,2533,585,19700
8,20293,265,0.0,2534,585,19708
8,20301,265,0.0,2535,585,19716
12,20313,265,0.0,2536,585,19728
9,20322,265,0.0,2537,585,19737
7,20329,265,0.0,2538,585,19744
8,20337,265,0.0,2539,585,19752
6,20343,265,0.0,2540,585,19758
4,20347,265,0.0,2541,585,19762
9,20356,265,0.0,2542,585,19771
9,20365,265,0.0,2543,585,19780
8,20373,265,0.0,2544,585,19788
9,20382,265,0.0,2545,585,19797
8,20390,265,0.0,2546,585,19805
8,20398,265,0.0,2547,585,19813
4,20402,265,0.0,2548,585,19817
9,20411,265,0.0,2549,585,19826
14,20425,265,0.0,2550,585,19840
9,20434,265,0.0,2551,585,19849
3,20437,265,0.0,2552,585,19852
9,20446,265,0.0,2553,585,19861
4,20450,265,0.0,2554,585,19865
5,20455,265,0.0,2555,585,19870
29,20484,266,1.0,2556,585,19899
18,20502,267,1.0,2557,585,19917
4,20506,267,0.0,2558,585,19921
5,20511,267,0.0,2559,585,19926
8,20519,267,0.0,2560,585,19934
3,20522,267,0.0,2561,585,19937
8,20530,267,0.0,2562,585,19945
8,20538,268,1.0,2563,585,19953
2,20540,268,0.0,2564,585,19955
20,20560,269,1.0,2565,585,19975
9,20569,269,0.0,2566,585,19984
11,20580,269,0.0,2567,585,19995
11,20591,269,0.0,2568,585,20006
8,20599,269,0.0,2569,585,20014
15,20614,269,0.0,2570,585,20029
4,20618,269,0.0,2571,585,20033
2,20620,269,0.0,2572,585,20035
29,20649,270,1.0,2573,585,20064
9,20658,270,0.0,2574,585,20073
5,20663,270,0.0,2575,585,20078
9,20672,270,0.0,2576,585,20087
4,20676,270,0.0,2577,585,20091
9,20685,270,0.0,2578,585,20100
3,20688,270,0.0,2579,585,20103
9,20697,270,0.0,2580,585,20112
9,20706,270,0.0,2581,585,20121
2,20708,270,0.0,2582,585,20123
12,20720,270,0.0,2583,585,20135
8,20728,271,1.0,2584,585,20143
4,20732,271,0.0,2585,585,20147
3,20735,271,0.0,2586,585,20150
8,20743,272,1.0,2587,585,20158
8,20751,273,1.0,2588,585,20166
8,20759,274,1.0,2589,585,20174
9,20768,274,0.0,2590,585,20183
29,20797,275,1.0,2591,585,20212
8,20805,275,0.0,2592,585,20220
15,20820,275,0.0,2593,585,20235
11,20831,275,0.0,2594,585,20246
2,20833,275,0.0,2595,585,20248
3,20836,275,0.0,2596,585,20251
5,20841,275,0.0,2597,585,20256
3,20844,275,0.0,2598,585,20259
9,20853,275,0.0,2599,585,20268
3,20856,275,0.0,2600,585,20271
4,20860,275,0.0,2601,585,20275
8,20868,275,0.0,2602,585,20283
8,20876,276,1.0,2603,585,20291
8,20884,276,0.0,2604,585,20299
15,20899,276,0.0,2605,585,20314
4,20903,276,0.0,2606,585,20318
8,20911,276,0.0,2607,585,20326
3,20914,276,0.0,2608,585,20329
3,20917,276,0.0,2609,585,20332
8,20925,276,0.0,2610,585,20340
10,20935,276,0.0,2611,585,20350
4,20939,276,0.0,2612,585,20354
5,20944,276,0.0,2613,585,20359
2,20946,276,0.0,2614,585,20361
8,20954,276,0.0,2615,585,20369
2,20956,276,0.0,2616,585,20371
17,20973,276,0.0,2617,585,20388
10,20983,276,0.0,2618,585,20398
4,20987,276,0.0,2619,585,20402
2,20989,276,0.0,2620,585,20404
8,20997,277,1.0,2621,585,20412
10,21007,277,0.0,2622,585,20422
4,21011,277,0.0,2623,585,20426
6,21017,277,0.0,2624,585,20432
6,21023,277,0.0,2625,585,20438
4,21027,277,0.0,2626,585,20442
6,21033,277,0.0,2627,585,20448
3,21036,277,0.0,2628,585,20451
8,21044,278,1.0,2629,585,20459
9,21053,278,0.0,2630,585,20468
6,21059,278,0.0,2631,585,20474
29,21088,279,1.0,2632,585,20503
3,21091,279,0.0,2633,585,20506
8,21099,280,1.0,2634,585,20514
12,21111,280,0.0,2635,585,20526
10,21121,280,0.0,2636,585,20536
8,21129,280,0.0,2637,585,20544
3,21132,280,0.0,2638,585,20547
5,21137,280,0.0,2639,585,20552
15,21152,280,0.0,2640,585,20567
3,21155,280,0.0,2641,585,20570
8,21163,280,0.0,2642,585,20578
8,21171,281,1.0,2643,585,20586
3,21174,281,0.0,2644,585,20589
5,21179,281,0.0,2645,585,20594
2,21181,281,0.0,2646,585,20596
8,21189,281,0.0,2647,585,20604
4,21193,281,0.0,2648,585,20608
9,21202,281,0.0,2649,585,20617
4,21206,281,0.0,2650,585,20621
8,21214,281,0.0,2651,585,20629
8,21222,282,1.0,2652,585,20637
2,21224,282,0.0,2653,585,20639
8,21232,283,1.0,2654,585,20647
8,21240,284,1.0,2655,585,20655
16,21256,284,0.0,2656,585,20671
9,21265,284,0.0,2657,585,20680
23,21288,284,0.0,2658,585,20703
4,21292,284,0.0,2659,585,20707
9,21301,284,0.0,2660,585,20716
5,21306,284,0.0,2661,585,20721
9,21315,284,0.0,2662,585,20730
5,21320,284,0.0,2663,585,20735
8,21328,284,0.0,2664,585,20743
8,21336,284,0.0,2665,585,20751
9,21345,284,0.0,2666,585,20760
8,21353,284,0.0,2667,585,20768
8,21361,285,1.0,2668,585,20776
5,21366,285,0.0,2669,585,20781
8,21374,286,1.0,2670,585,20789
9,21383,286,0.0,2671,585,20798
9,21392,286,0.0,2672,585,20807
9,21401,286,0.0,2673,585,20816
5,21406,286,0.0,2674,585,20821
8,21414,286,0.0,2675,585,20829
8,21422,287,1.0,2676,585,20837
8,21430,287,0.0,2677,585,20845
9,21439,287,0.0,2678,585,20854
10,21449,287,0.0,2679,585,20864
8,21457,287,0.0,2680,585,20872
29,21486,288,1.0,2681,585,20901
11,21497,288,0.0,2682,585,20912
8,21505,288,0.0,2683,585,20920
3,21508,288,0.0,2684,585,20923
2,21510,288,0.0,2685,585,20925
8,21518,288,0.0,2686,585,20933
14,21532,288,0.0,2687,585,20947
2,21534,288,0.0,2688,585,20949
2,21536,288,0.0,2689,585,20951
7,21543,288,0.0,2690,585,20958
7,21550,288,0.0,2691,585,20965
8,21558,288,0.0,2692,585,20973
8,21566,289,1.0,2693,585,20981
9,21575,289,0.0,2694,585,20990
2,21577,289,0.0,2695,585,20992
8,21585,289,0.0,2696,585,21000
11,21596,289,0.0,2697,585,21011
8,21604,290,1.0,2698,585,21019
8,21612,291,1.0,2699,585,21027
2,21614,291,0.0,2700,585,21029
2,21616,291,0.0,2701,585,21031
8,21624,291,0.0,2702,585,21039
9,21633,291,0.0,2703,585,21048
10,21643,291,0.0,2704,585,21058
5,21648,291,0.0,2705,585,21063
14,21662,291,0.0,2706,585,21077
4,21666,291,0.0,2707,585,21081
8,21674,292,1.0,2708,585,21089
4,21678,292,0.0,2709,585,21093
2,21680,292,0.0,2710,585,21095
8,21688,293,1.0,2711,585,21103
9,21697,293,0.0,2712,585,21112
11,21708,293,0.0,2713,585,21123
15,21723,293,0.0,2714,585,21138
16,21739,294,1.0,2715,585,21154
8,21747,295,1.0,2716,585,21162
8,21755,295,0.0,2717,585,21170
8,21763,295,0.0,2718,585,21178
8,21771,295,0.0,2719,585,21186
4,21775,295,0.0,2720,585,21190
3,21778,295,0.0,2721,585,21193
7,21785,295,0.0,2722,585,21200
13,21798,295,0.0,2723,585,21213
8,21806,295,0.0,2724,585,21221
8,21814,296,1.0,2725,585,21229
8,21822,296,0.0,2726,585,21237
10,21832,296,0.0,2727,585,21247
21,21853,296,0.0,2728,585,21268
8,21861,297,1.0,2729,585,21276
4,21865,297,0.0,2730,585,21280
3,21868,297,0.0,2731,585,21283
4,21872,297,0.0,2732,585,21287
4,21876,297,0.0,2733,585,21291
8,21884,298,1.0,2734,585,21299
7,21891,298,0.0,2735,585,21306
9,21900,298,0.0,2736,585,21315
2,21902,298,0.0,2737,585,21317
8,21910,298,0.0,2738,585,21325
4,21914,298,0.0,2739,585,21329
8,21922,298,0.0,2740,585,21337
9,21931,298,0.0,2741,585,21346
5,21936,298,0.0,2742,585,21351
8,21944,298,0.0,2743,585,21359
6,21950,298,0.0,2744,585,21365
9,21959,298,0.0,2745,585,21374
9,21968,298,0.0,2746,585,21383
5,21973,298,0.0,2747,585,21388
9,21982,298,0.0,2748,585,21397
12,21994,298,0.0,2749,585,21409
3,21997,298,0.0,2750,585,21412
8,22005,298,0.0,2751,585,21420
6,22011,298,0.0,2752,585,21426
8,22019,298,0.0,2753,585,21434
8,22027,299,1.0,2754,585,21442
8,22035,299,0.0,2755,585,21450
8,22043,299,0.0,2756,585,21458
8,22051,299,0.0,2757,585,21466
7,22058,299,0.0,2758,585,21473
2,22060,299,0.0,2759,585,21475
8,22068,299,0.0,2760,585,21483
6,22074,299,0.0,2761,585,21489
18,22092,300,1.0,2762,585,21507
9,22101,300,0.0,2763,585,21516
29,22130,301,1.0,2764,585,21545
10,22140,301,0.0,2765,585,21555
9,22149,301,0.0,2766,585,21564
8,22157,301,0.0,2767,585,21572
8,22165,302,1.0,2768,585,21580
2,22167,302,0.0,2769,585,21582
13,22180,302,0.0,2770,585,21595
14,22194,302,0.0,2771,585,21609
3,22197,302,0.0,2772,585,21612
4,22201,302,0.0,2773,585,21616
4,22205,302,0.0,2774,585,21620
6,22211,302,0.0,2775,585,21626
6,22217,302,0.0,2776,585,21632
2,22219,302,0.0,2777,585,21634
10,22229,302,0.0,2778,585,21644
3,22232,302,0.0,2779,585,21647
5,22237,302,0.0,2780,585,21652
8,22245,302,0.0,2781,585,21660
4,22249,302,0.0,2782,585,21664
8,22257,302,0.0,2783,585,21672
8,22265,303,1.0,2784,585,21680
9,22274,303,0.0,2785,585,21689
2,22276,303,0.0,2786,585,21691
9,22285,303,0.0,2787,585,21700
2,22287,303,0.0,2788,585,21702
8,22295,303,0.0,2789,585,21710
16,22311,304,1.0,2790,585,21726
29,22340,305,1.0,2791,585,21755
9,22349,305,0.0,2792,585,21764
11,22360,305,0.0,2793,585,21775
4,22364,305,0.0,2794,585,21779
7,22371,305,0.0,2795,585,21786
8,22379,305,0.0,2796,585,21794
8,22387,306,1.0,2797,585,21802
2,22389,306,0.0,2798,585,21804
5,22394,306,0.0,2799,585,21809
28,22422,306,0.0,2800,585,21837
2,22424,306,0.0,2801,585,21839
13,22437,306,0.0,2802,585,21852
20,22457,307,1.0,2803,585,21872
4,22461,307,0.0,2804,585,21876
2,22463,307,0.0,2805,585,21878
18,22481,307,0.0,2806,585,21896
2,22483,307,0.0,2807,585,21898
9,22492,307,0.0,2808,585,21907
6,22498,307,0.0,2809,585,21913
5,22503,307,0.0,2810,585,21918
9,22512,307,0.0,2811,585,21927
8,22520,307,0.0,2812,585,21935
3,22523,307,0.0,2813,585,21938
4,22527,307,0.0,2814,585,21942
3,22530,307,0.0,2815,585,21945
16,22546,308,1.0,2816,585,21961
2,22548,308,0.0,2817,585,21963
9,22557,308,0.0,2818,585,21972
9,22566,308,0.0,2819,585,21981
4,22570,308,0.0,2820,585,21985
5,22575,308,0.0,2821,585,21990
7,22582,308,0.0,2822,585,21997
11,22593,308,0.0,2823,585,22008
5,22598,308,0.0,2824,585,22013
18,22616,309,1.0,2825,585,22031
9,22625,309,0.0,2826,585,22040
8,22633,309,0.0,2827,585,22048
2,22635,309,0.0,2828,585,22050
5,22640,309,0.0,2829,585,22055
3,22643,309,0.0,2830,585,22058
4,22647,309,0.0,2831,585,22062
3,22650,309,0.0,2832,585,22065
9,22659,309,0.0,2833,585,22074
7,22666,309,0.0,2834,585,22081
8,22674,310,1.0,2835,585,22089
25,22699,310,0.0,2836,585,22114
29,22728,311,1.0,2837,585,22143
8,22736,311,0.0,2838,585,22151
9,22745,311,0.0,2839,585,22160
5,22750,311,0.0,2840,585,22165
29,22779,312,1.0,2841,585,22194
8,22787,312,0.0,2842,585,22202
4,22791,312,0.0,2843,585,22206
4,22795,312,0.0,2844,585,22210
8,22803,312,0.0,2845,585,22218
8,22811,312,0.0,2846,585,22226
3,22814,312,0.0,2847,585,22229
9,22823,312,0.0,2848,585,22238
8,22831,312,0.0,2849,585,22246
4,22835,312,0.0,2850,585,22250
9,22844,312,0.0,2851,585,22259
9,22853,312,0.0,2852,585,22268
8,22861,312,0.0,2853,585,22276
13,22874,312,0.0,2854,585,22289
8,22882,312,0.0,2855,585,22297
2,22884,312,0.0,2856,585,22299
5,22889,312,0.0,2857,585,22304
2,22891,312,0.0,2858,585,22306
9,22900,312,0.0,2859,585,22315
8,22908,313,1.0,2860,585,22323
29,22937,314,1.0,2861,585,22352
8,22945,314,0.0,2862,585,22360
3,22948,314,0.0,2863,585,22363
2,22950,314,0.0,2864,585,22365
2,22952,314,0.0,2865,585,22367
4,22956,314,0.0,2866,585,22371
8,22964,314,0.0,2867,585,22379
9,22973,314,0.0,2868,585,22388
8,22981,315,1.0,2869,585,22396
10,22991,315,0.0,2870,585,22406
8,22999,316,1.0,2871,585,22414
13,23012,316,0.0,2872,585,22427
8,23020,316,0.0,2873,585,22435
2,23022,316,0.0,2874,585,22437
11,23033,316,0.0,2875,585,22448
11,23044,316,0.0,2876,585,22459
8,23052,317,1.0,2877,585,22467
5,23057,317,0.0,2878,585,22472
16,23073,318,1.0,2879,585,22488
6,23079,318,0.0,2880,585,22494
8,23087,319,1.0,2881,585,22502
10,23097,319,0.0,2882,585,22512
2,23099,319,0.0,2883,585,22514
8,23107,320,1.0,2884,585,22522
8,23115,320,0.0,2885,585,22530
2,23117,320,0.0,2886,585,22532
8,23125,320,0.0,2887,585,22540
2,23127,320,0.0,2888,585,22542
4,23131,320,0.0,2889,585,22546
9,23140,320,0.0,2890,585,22555
8,23148,321,1.0,2891,585,22563
11,23159,321,0.0,2892,585,22574
8,23167,321,0.0,2893,585,22582
4,23171,321,0.0,2894,585,22586
6,23177,321,0.0,2895,585,22592
8,23185,321,0.0,2896,585,22600
10,23195,321,0.0,2897,585,22610
4,23199,321,0.0,2898,585,22614
18,23217,322,1.0,2899,585,22632
8,23225,323,1.0,2900,585,22640
8,23233,323,0.0,2901,585,22648
2,23235,323,0.0,2902,585,22650
6,23241,323,0.0,2903,585,22656
4,23245,323,0.0,2904,585,22660
6,23251,323,0.0,2905,585,22666
8,23259,323,0.0,2906,585,22674
3,23262,323,0.0,2907,585,22677
5,23267,323,0.0,2908,585,22682
8,23275,323,0.0,2909,585,22690
9,23284,323,0.0,2910,585,22699
2,23286,323,0.0,2911,585,22701
8,23294,323,0.0,2912,585,22709
4,23298,323,0.0,2913,585,22713
8,23306,324,1.0,2914,585,22721
8,23314,325,1.0,2915,585,22729
9,23323,325,0.0,2916,585,22738
7,23330,325,0.0,2917,585,22745
11,23341,325,0.0,2918,585,22756
18,23359,326,1.0,2919,585,22774
9,23368,326,0.0,2920,585,22783
5,23373,326,0.0,2921,585,22788
8,23381,327,1.0,2922,585,22796
3,23384,327,0.0,2923,585,22799
2,23386,327,0.0,2924,585,22801
2,23388,327,0.0,2925,585,22803
8,23396,328,1.0,2926,585,22811
29,23425,329,1.0,2927,585,22840
10,23435,329,0.0,2928,585,22850
6,23441,329,0.0,2929,585,22856
5,23446,329,0.0,2930,585,22861
16,23462,330,1.0,2931,585,22877
2,23464,330,0.0,2932,585,22879
8,23472,330,0.0,2933,585,22887
5,23477,330,0.0,2934,585,22892
4,23481,330,0.0,2935,585,22896
8,23489,330,0.0,2936,585,22904
8,23497,331,1.0,2937,585,22912
8,23505,331,0.0,2938,585,22920
5,23510,331,0.0,2939,585,22925
18,23528,332,1.0,2940,585,22943
9,23537,332,0.0,2941,585,22952
10,23547,332,0.0,2942,585,22962
4,23551,332,0.0,2943,585,22966
3,23554,332,0.0,2944,585,22969
8,23562,332,0.0,2945,585,22977
9,23571,332,0.0,2946,585,22986
8,23579,332,0.0,2947,585,22994
18,23597,332,0.0,2948,585,23012
3,23600,332,0.0,2949,585,23015
10,23610,332,0.0,2950,585,23025
6,23616,332,0.0,2951,585,23031
3,23619,332,0.0,2952,585,23034
11,23630,332,0.0,2953,585,23045
3,23633,332,0.0,2954,585,23048
8,23641,333,1.0,2955,585,23056
5,23646,333,0.0,2956,585,23061
13,23659,333,0.0,2957,585,23074
8,23667,334,1.0,2958,585,23082
4,23671,334,0.0,2959,585,23086
5,23676,334,0.0,2960,585,23091
7,23683,334,0.0,2961,585,23098
2,23685,334,0.0,2962,585,23100
9,23694,334,0.0,2963,585,23109
9,23703,334,0.0,2964,585,23118
6,23709,334,0.0,2965,585,23124
8,23717,335,1.0,2966,585,23132
2,23719,335,0.0,2967,585,23134
18,23737,336,1.0,2968,585,23152
9,23746,336,0.0,2969,585,23161
8,23754,336,0.0,2970,585,23169
8,23762,336,0.0,2971,585,23177
8,23770,337,1.0,2972,585,23185
14,23784,337,0.0,2973,585,23199
29,23813,338,1.0,2974,585,23228
6,23819,338,0.0,2975,585,23234
4,23823,338,0.0,2976,585,23238
8,23831,338,0.0,2977,585,23246
9,23840,338,0.0,2978,585,23255
4,23844,338,0.0,2979,585,23259
11,23855,338,0.0,2980,585,23270
2,23857,338,0.0,2981,585,23272
2,23859,338,0.0,2982,585,23274
8,23867,338,0.0,2983,585,23282
8,23875,339,1.0,2984,585,23290
9,23884,339,0.0,2985,585,23299
16,23900,339,0.0,2986,585,23315
8,23908,340,1.0,2987,585,23323
8,23916,341,1.0,2988,585,23331
9,23925,341,0.0,2989,585,23340
5,23930,341,0.0,2990,585,23345
4,23934,341,0.0,2991,585,23349
5,23939,341,0.0,2992,585,23354
12,23951,341,0.0,2993,585,23366
13,23964,341,0.0,2994,585,23379
9,23973,341,0.0,2995,585,23388
8,23981,341,0.0,2996,585,23396
4,23985,341,0.0,2997,585,23400
8,23993,342,1.0,2998,585,23408
7,24000,342,0.0,2999,585,23415
8,24008,343,1.0,3000,585,23423
29,24037,344,1.0,3001,585,23452
8,24045,344,0.0,3002,585,23460
3,24048,344,0.0,3003,585,23463
8,24056,344,0.0,3004,585,23471
11,24067,344,0.0,3005,585,23482
8,24075,345,1.0,3006,585,23490
7,24082,345,0.0,3007,585,23497
6,24088,345,0.0,3008,585,23503
5,24093,345,0.0,3009,585,23508
7,24100,345,0.0,3010,585,23515
18,24118,346,1.0,3011,585,23533
15,24133,346,0.0,3012,585,23548
8,24141,346,0.0,3013,585,23556
3,24144,346,0.0,3014,585,23559
15,24159,346,0.0,3015,585,23574
6,24165,346,0.0,3016,585,23580
13,24178,346,0.0,3017,585,23593
4,24182,346,0.0,3018,585,23597
6,24188,346,0.0,3019,585,23603
3,24191,346,0.0,3020,585,23606
8,24199,346,0.0,3021,585,23614
14,24213,346,0.0,3022,585,23628
8,24221,347,1.0,3023,585,23636
11,24232,347,0.0,3024,585,23647
6,24238,347,0.0,3025,585,23653
4,24242,347,0.0,3026,585,23657
8,24250,348,1.0,3027,585,23665
13,24263,348,0.0,3028,585,23678
6,24269,348,0.0,3029,585,23684
9,24278,348,0.0,3030,585,23693
9,24287,348,0.0,3031,585,23702
29,24316,349,1.0,3032,585,23731
29,24345,350,1.0,3033,585,23760
8,24353,350,0.0,3034,585,23768
4,24357,350,0.0,3035,585,23772
13,24370,350,0.0,3036,585,23785
8,24378,351,1.0,3037,585,23793
3,24381,351,0.0,3038,585,23796
7,24388,351,0.0,3039,585,23803
5,24393,351,0.0,3040,585,23808
3,24396,351,0.0,3041,585,23811
4,24400,351,0.0,3042,585,23815
2,24402,351,0.0,3043,585,23817
2,24404,351,0.0,3044,585,23819
8,24412,351,0.0,3045,585,23827
2,24414,351,0.0,3046,585,23829
10,24424,351,0.0,3047,585,23839
4,24428,351,0.0,3048,585,23843
8,24436,351,0.0,3049,585,23851
8,24444,352,1.0,3050,585,23859
22,24466,352,0.0,3051,585,23881
5,24471,352,0.0,3052,585,23886
5,24476,352,0.0,3053,585,23891
17,24493,352,0.0,3054,585,23908
8,24501,353,1.0,3055,585,23916
17,24518,353,0.0,3056,585,23933
8,24526,354,1.0,3057,585,23941
8,24534,355,1.0,3058,585,23949
8,24542,355,0.0,3059,585,23957
13,24555,355,0.0,3060,585,23970
3,24558,355,0.0,3061,585,23973
29,24587,356,1.0,3062,585,24002
8,24595,356,0.0,3063,585,24010
11,24606,356,0.0,3064,585,24021
8,24614,357,1.0,3065,585,24029
18,24632,358,1.0,3066,585,24047
5,24637,358,0.0,3067,585,24052
8,24645,359,1.0,3068,585,24060
10,24655,359,0.0,3069,585,24070
7,24662,359,0.0,3070,585,24077
3,24665,359,0.0,3071,585,24080
8,24673,359,0.0,3072,585,24088
2,24675,359,0.0,3073,585,24090
3,24678,359,0.0,3074,585,24093
5,24683,359,0.0,3075,585,24098
11,24694,359,0.0,3076,585,24109
17,24711,359,0.0,3077,585,24126
4,24715,359,0.0,3078,585,24130
6,24721,359,0.0,3079,585,24136
12,24733,359,0.0,3080,585,24148
4,24737,359,0.0,3081,585,24152
8,24745,359,0.0,3082,585,24160
14,24759,359,0.0,3083,585,24174
11,24770,359,0.0,3084,585,24185
5,24775,359,0.0,3085,585,24190
4,24779,359,0.0,3086,585,24194
2,24781,359,0.0,3087,585,24196
8,24789,359,0.0,3088,585,24204
9,24798,359,0.0,3089,585,24213
11,24809,359,0.0,3090,585,24224
4,24813,359,0.0,3091,585,24228
7,24820,359,0.0,3092,585,24235
29,24849,360,1.0,3093,585,24264
9,24858,360,0.0,3094,585,24273
8,24866,360,0.0,3095,585,24281
9,24875,360,0.0,3096,585,24290
8,24883,361,1.0,3097,585,24298
16,24899,362,1.0,3098,585,24314
9,24908,362,0.0,3099,585,24323
3,24911,362,0.0,3100,585,24326
4,24915,362,0.0,3101,585,24330
8,24923,363,1.0,3102,585,24338
3,24926,363,0.0,3103,585,24341
6,24932,363,0.0,3104,585,24347
3,24935,363,0.0,3105,585,24350
8,24943,363,0.0,3106,585,24358
3,24946,363,0.0,3107,585,24361
16,24962,363,0.0,3108,585,24377
9,24971,363,0.0,3109,585,24386
6,24977,363,0.0,3110,585,24392
12,24989,363,0.0,3111,585,24404
48,25037,363,0.0,3112,585,24452
29,25066,364,1.0,3113,585,24481
4,25070,364,0.0,3114,585,24485
9,25079,364,0.0,3115,585,24494
8,25087,364,0.0,3116,585,24502
3,25090,364,0.0,3117,585,24505
8,25098,364,0.0,3118,585,24513
5,25103,364,0.0,3119,585,24518
8,25111,364,0.0,3120,585,24526
9,25120,364,0.0,3121,585,24535
10,25130,364,0.0,3122,585,24545
5,25135,364,0.0,3123,585,24550
27,25162,364,0.0,3124,585,24577
11,25173,364,0.0,3125,585,24588
8,25181,364,0.0,3126,585,24596
7,25188,364,0.0,3127,585,24603
8,25196,365,1.0,3128,585,24611
8,25204,365,0.0,3129,585,24619
5,25209,365,0.0,3130,585,24624
2,25211,365,0.0,3131,585,24626
18,25229,365,0.0,3132,585,24644
8,25237,366,1.0,3133,585,24652
4,25241,366,0.0,3134,585,24656
8,25249,366,0.0,3135,585,24664
8,25257,366,0.0,3136,585,24672
9,25266,366,0.0,3137,585,24681
14,25280,366,0.0,3138,585,24695
8,25288,366,0.0,3139,585,24703
3,25291,366,0.0,3140,585,24706
8,25299,367,1.0,3141,585,24714
16,25315,367,0.0,3142,585,24730
16,25331,367,0.0,3143,585,24746
20,25351,367,0.0,3144,585,24766
8,25359,368,1.0,3145,585,24774
3,25362,368,0.0,3146,585,24777
16,25378,369,1.0,3147,585,24793
11,25389,369,0.0,3148,585,24804
29,25418,370,1.0,3149,585,24833
6,25424,370,0.0,3150,585,24839
6,25430,370,0.0,3151,585,24845
3,25433,370,0.0,3152,585,24848
8,25441,371,1.0,3153,585,24856
3,25444,371,0.0,3154,585,24859
8,25452,371,0.0,3155,585,24867
9,25461,371,0.0,3156,585,24876
11,25472,371,0.0,3157,585,24887
8,25480,371,0.0,3158,585,24895
3,25483,371,0.0,3159,585,24898
11,25494,371,0.0,3160,585,24909
6,25500,371,0.0,3161,585,24915
8,25508,372,1.0,3162,585,24923
4,25512,372,0.0,3163,585,24927
10,25522,372,0.0,3164,585,24937
8,25530,373,1.0,3165,585,24945
4,25534,373,0.0,3166,585,24949
2,25536,373,0.0,3167,585,24951
18,25554,374,1.0,3168,585,24969
6,25560,374,0.0,3169,585,24975
2,25562,374,0.0,3170,585,24977
10,25572,374,0.0,3171,585,24987
2,25574,374,0.0,3172,585,24989
13,25587,374,0.0,3173,585,25002
8,25595,374,0.0,3174,585,25010
2,25597,374,0.0,3175,585,25012
3,25600,374,0.0,3176,585,25015
8,25608,374,0.0,3177,585,25023
4,25612,374,0.0,3178,585,25027
8,25620,375,1.0,3179,585,25035
2,25622,375,0.0,3180,585,25037
8,25630,375,0.0,3181,585,25045
8,25638,376,1.0,3182,585,25053
10,25648,376,0.0,3183,585,25063
8,25656,377,1.0,3184,585,25071
8,25664,377,0.0,3185,585,25079
4,25668,377,0.0,3186,585,25083
16,25684,377,0.0,3187,585,25099
8,25692,378,1.0,3188,585,25107
7,25699,378,0.0,3189,585,25114
8,25707,378,0.0,3190,585,25122
16,25723,379,1.0,3191,585,25138
9,25732,379,0.0,3192,585,25147
5,25737,379,0.0,3193,585,25152
16,25753,380,1.0,3194,585,25168
8,25761,380,0.0,3195,585,25176
21,25782,380,0.0,3196,585,25197
4,25786,380,0.0,3197,585,25201
2,25788,380,0.0,3198,585,25203
9,25797,380,0.0,3199,585,25212
2,25799,380,0.0,3200,585,25214
8,25807,380,0.0,3201,585,25222
29,25836,381,1.0,3202,585,25251
8,25844,381,0.0,3203,585,25259
8,25852,381,0.0,3204,585,25267
8,25860,381,0.0,3205,585,25275
4,25864,381,0.0,3206,585,25279
4,25868,381,0.0,3207,585,25283
8,25876,382,1.0,3208,585,25291
9,25885,382,0.0,3209,585,25300
5,25890,382,0.0,3210,585,25305
8,25898,383,1.0,3211,585,25313
9,25907,383,0.0,3212,585,25322
20,25927,383,0.0,3213,585,25342
3,25930,383,0.0,3214,585,25345
4,25934,383,0.0,3215,585,25349
3,25937,383,0.0,3216,585,25352
3,25940,383,0.0,3217,585,25355
9,25949,383,0.0,3218,585,25364
2,25951,383,0.0,3219,585,25366
8,25959,383,0.0,3220,585,25374
24,25983,383,0.0,3221,585,25398
2,25985,383,0.0,3222,585,25400
8,25993,384,1.0,3223,585,25408
8,26001,384,0.0,3224,585,25416
8,26009,384,0.0,3225,585,25424
8,26017,384,0.0,3226,585,25432
2,26019,384,0.0,3227,585,25434
8,26027,384,0.0,3228,585,25442
8,26035,384,0.0,3229,585,25450
17,26052,384,0.0,3230,585,25467
8,26060,385,1.0,3231,585,25475
9,26069,385,0.0,3232,585,25484
6,26075,385,0.0,3233,585,25490
4,26079,385,0.0,3234,585,25494
8,26087,385,0.0,3235,585,25502
3,26090,385,0.0,3236,585,25505
8,26098,386,1.0,3237,585,25513
8,26106,387,1.0,3238,585,25521
8,26114,387,0.0,3239,585,25529
2,26116,387,0.0,3240,585,25531
8,26124,387,0.0,3241,585,25539
8,26132,388,1.0,3242,585,25547
8,26140,388,0.0,3243,585,25555
8,26148,389,1.0,3244,585,25563
4,26152,389,0.0,3245,585,25567
9,26161,389,0.0,3246,585,25576
4,26165,389,0.0,3247,585,25580
29,26194,390,1.0,3248,585,25609
9,26203,390,0.0,3249,585,25618
7,26210,390,0.0,3250,585,25625
16,26226,391,1.0,3251,585,25641
3,26229,391,0.0,3252,585,25644
15,26244,391,0.0,3253,585,25659
5,26249,391,0.0,3254,585,25664
4,26253,391,0.0,3255,585,25668
5,26258,391,0.0,3256,585,25673
8,26266,391,0.0,3257,585,25681
8,26274,391,0.0,3258,585,25689
8,26282,392,1.0,3259,585,25697
5,26287,392,0.0,3260,585,25702
7,26294,392,0.0,3261,585,25709
29,26323,393,1.0,3262,585,25738
8,26331,393,0.0,3263,585,25746
8,26339,393,0.0,3264,585,25754
8,26347,393,0.0,3265,585,25762
3,26350,393,0.0,3266,585,25765
8,26358,393,0.0,3267,585,25773
8,26366,393,0.0,3268,585,25781
9,26375,393,0.0,3269,585,25790
8,26383,393,0.0,3270,585,25798
5,26388,393,0.0,3271,585,25803
5,26393,393,0.0,3272,585,25808
7,26400,393,0.0,3273,585,25815
13,26413,393,0.0,3274,585,25828
3,26416,393,0.0,3275,585,25831
4,26420,393,0.0,3276,585,25835
4,26424,393,0.0,3277,585,25839
8,26432,393,0.0,3278,585,25847
10,26442,393,0.0,3279,585,25857
8,26450,394,1.0,3280,585,25865
8,26458,395,1.0,3281,585,25873
11,26469,395,0.0,3282,585,25884
4,26473,395,0.0,3283,585,25888
11,26484,395,0.0,3284,585,25899
16,26500,396,1.0,3285,585,25915
29,26529,397,1.0,3286,585,25944
2,26531,397,0.0,3287,585,25946
8,26539,397,0.0,3288,585,25954
2,26541,397,0.0,3289,585,25956
3,26544,397,0.0,3290,585,25959
3,26547,397,0.0,3291,585,25962
16,26563,398,1.0,3292,585,25978
8,26571,398,0.0,3293,585,25986
8,26579,398,0.0,3294,585,25994
9,26588,398,0.0,3295,585,26003
9,26597,398,0.0,3296,585,26012
8,26605,399,1.0,3297,585,26020
8,26613,399,0.0,3298,585,26028
9,26622,399,0.0,3299,585,26037
8,26630,400,1.0,3300,585,26045
14,26644,400,0.0,3301,585,26059
2,26646,400,0.0,3302,585,26061
6,26652,400,0.0,3303,585,26067
9,26661,400,0.0,3304,585,26076
8,26669,400,0.0,3305,585,26084
3,26672,400,0.0,3306,585,26087
9,26681,400,0.0,3307,585,26096
8,26689,401,1.0,3308,585,26104
11,26700,401,0.0,3309,585,26115
8,26708,402,1.0,3310,585,26123
9,26717,402,0.0,3311,585,26132
2,26719,402,0.0,3312,585,26134
11,26730,402,0.0,3313,585,26145
15,26745,402,0.0,3314,585,26160
7,26752,402,0.0,3315,585,26167
4,26756,402,0.0,3316,585,26171
5,26761,402,0.0,3317,585,26176
8,26769,403,1.0,3318,585,26184
2,26771,403,0.0,3319,585,26186
3,26774,403,0.0,3320,585,26189
6,26780,403,0.0,3321,585,26195
2,26782,403,0.0,3322,585,26197
14,26796,403,0.0,3323,585,26211
6,26802,403,0.0,3324,585,26217
6,26808,403,0.0,3325,585,26223
8,26816,403,0.0,3326,585,26231
28,26844,403,0.0,3327,585,26259
4,26848,403,0.0,3328,585,26263
10,26858,403,0.0,3329,585,26273
8,26866,403,0.0,3330,585,26281
9,26875,403,0.0,3331,585,26290
8,26883,404,1.0,3332,585,26298
8,26891,405,1.0,3333,585,26306
5,26896,405,0.0,3334,585,26311
8,26904,405,0.0,3335,585,26319
8,26912,406,1.0,3336,585,26327
15,26927,406,0.0,3337,585,26342
7,26934,406,0.0,3338,585,26349
8,26942,407,1.0,3339,585,26357
8,26950,408,1.0,3340,585,26365
8,26958,409,1.0,3341,585,26373
2,26960,409,0.0,3342,585,26375
11,26971,409,0.0,3343,585,26386
8,26979,409,0.0,3344,585,26394
9,26988,409,0.0,3345,585,26403
29,27017,410,1.0,3346,585,26432
8,27025,410,0.0,3347,585,26440
8,27033,410,0.0,3348,585,26448
10,27043,410,0.0,3349,585,26458
32,27075,410,0.0,3350,585,26490
7,27082,410,0.0,3351,585,26497
8,27090,410,0.0,3352,585,26505
3,27093,410,0.0,3353,585,26508
9,27102,410,0.0,3354,585,26517
8,27110,410,0.0,3355,585,26525
8,27118,410,0.0,3356,585,26533
5,27123,410,0.0,3357,585,26538
8,27131,411,1.0,3358,585,26546
9,27140,411,0.0,3359,585,26555
4,27144,411,0.0,3360,585,26559
12,27156,411,0.0,3361,585,26571
9,27165,411,0.0,3362,585,26580
7,27172,411,0.0,3363,585,26587
2,27174,411,0.0,3364,585,26589
8,27182,412,1.0,3365,585,26597
2,27184,412,0.0,3366,585,26599
8,27192,412,0.0,3367,585,26607
11,27203,412,0.0,3368,585,26618
8,27211,413,1.0,3369,585,26626
5,27216,413,0.0,3370,585,26631
2,27218,413,0.0,3371,585,26633
8,27226,413,0.0,3372,585,26641
8,27234,413,0.0,3373,585,26649
8,27242,413,0.0,3374,585,26657
3,27245,413,0.0,3375,585,26660
7,27252,413,0.0,3376,585,26667
10,27262,413,0.0,3377,585,26677
8,27270,413,0.0,3378,585,26685
3,27273,413,0.0,3379,585,26688
9,27282,413,0.0,3380,585,26697
8,27290,414,1.0,3381,585,26705
5,27295,414,0.0,3382,585,26710
8,27303,414,0.0,3383,585,26718
16,27319,415,1.0,3384,585,26734
9,27328,415,0.0,3385,585,26743
2,27330,415,0.0,3386,585,26745
8,27338,415,0.0,3387,585,26753
8,27346,415,0.0,3388,585,26761
4,27350,415,0.0,3389,585,26765
9,27359,415,0.0,3390,585,26774
9,27368,415,0.0,3391,585,26783
4,27372,415,0.0,3392,585,26787
8,27380,415,0.0,3393,585,26795
3,27383,415,0.0,3394,585,26798
16,27399,415,0.0,3395,585,26814
10,27409,415,0.0,3396,585,26824
8,27417,415,0.0,3397,585,26832
4,27421,415,0.0,3398,585,26836
11,27432,415,0.0,3399,585,26847
7,27439,415,0.0,3400,585,26854
9,27448,415,0.0,3401,585,26863
5,27453,415,0.0,3402,585,26868
8,27461,416,1.0,3403,585,26876
5,27466,416,0.0,3404,585,26881
8,27474,416,0.0,3405,585,26889
8,27482,416,0.0,3406,585,26897
6,27488,416,0.0,3407,585,26903
2,27490,416,0.0,3408,585,26905
5,27495,416,0.0,3409,585,26910
4,27499,416,0.0,3410,585,26914
8,27507,417,1.0,3411,585,26922
3,27510,417,0.0,3412,585,26925
20,27530,418,1.0,3413,585,26945
8,27538,419,1.0,3414,585,26953
12,27550,419,0.0,3415,585,26965
14,27564,419,0.0,3416,585,26979
11,27575,419,0.0,3417,585,26990
8,27583,419,0.0,3418,585,26998
9,27592,419,0.0,3419,585,27007
8,27600,420,1.0,3420,585,27015
3,27603,420,0.0,3421,585,27018
8,27611,420,0.0,3422,585,27026
5,27616,420,0.0,3423,585,27031
2,27618,420,0.0,3424,585,27033
9,27627,420,0.0,3425,585,27042
2,27629,420,0.0,3426,585,27044
8,27637,420,0.0,3427,585,27052
4,27641,420,0.0,3428,585,27056
5,27646,420,0.0,3429,585,27061
4,27650,420,0.0,3430,585,27065
3,27653,420,0.0,3431,585,27068
8,27661,421,1.0,3432,585,27076
5,27666,421,0.0,3433,585,27081
8,27674,422,1.0,3434,585,27089
4,27678,422,0.0,3435,585,27093
4,27682,422,0.0,3436,585,27097
18,27700,422,0.0,3437,585,27115
18,27718,423,1.0,3438,585,27133
4,27722,423,0.0,3439,585,27137
2,27724,423,0.0,3440,585,27139
16,27740,424,1.0,3441,585,27155
8,27748,425,1.0,3442,585,27163
10,27758,425,0.0,3443,585,27173
14,27772,425,0.0,3444,585,27187
13,27785,425,0.0,3445,585,27200
8,27793,426,1.0,3446,585,27208
6,27799,426,0.0,3447,585,27214
8,27807,427,1.0,3448,585,27222
29,27836,428,1.0,3449,585,27251
8,27844,428,0.0,3450,585,27259
22,27866,428,0.0,3451,585,27281
4,27870,428,0.0,3452,585,27285
29,27899,429,1.0,3453,585,27314
3,27902,429,0.0,3454,585,27317
8,27910,430,1.0,3455,585,27325
6,27916,430,0.0,3456,585,27331
20,27936,430,0.0,3457,585,27351
20,27956,431,1.0,3458,585,27371
18,27974,431,0.0,3459,585,27389
2,27976,431,0.0,3460,585,27391
8,27984,431,0.0,3461,585,27399
8,27992,432,1.0,3462,585,27407
8,28000,432,0.0,3463,585,27415
8,28008,432,0.0,3464,585,27423
5,28013,432,0.0,3465,585,27428
11,28024,432,0.0,3466,585,27439
8,28032,432,0.0,3467,585,27447
4,28036,432,0.0,3468,585,27451
5,28041,432,0.0,3469,585,27456
29,28070,433,1.0,3470,585,27485
4,28074,433,0.0,3471,585,27489
4,28078,433,0.0,3472,585,27493
6,28084,433,0.0,3473,585,27499
7,28091,433,0.0,3474,585,27506
4,28095,433,0.0,3475,585,27510
9,28104,433,0.0,3476,585,27519
4,28108,433,0.0,3477,585,27523
8,28116,434,1.0,3478,585,27531
10,28126,434,0.0,3479,585,27541
15,28141,434,0.0,3480,585,27556
8,28149,435,1.0,3481,585,27564
6,28155,435,0.0,3482,585,27570
6,28161,435,0.0,3483,585,27576
9,28170,435,0.0,3484,585,27585
8,28178,436,1.0,3485,585,27593
8,28186,437,1.0,3486,585,27601
12,28198,437,0.0,3487,585,27613
3,28201,437,0.0,3488,585,27616
9,28210,437,0.0,3489,585,27625
8,28218,438,1.0,3490,585,27633
2,28220,438,0.0,3491,585,27635
9,28229,438,0.0,3492,585,27644
5,28234,438,0.0,3493,585,27649
6,28240,438,0.0,3494,585,27655
8,28248,438,0.0,3495,585,27663
3,28251,438,0.0,3496,585,27666
9,28260,438,0.0,3497,585,27675
8,28268,438,0.0,3498,585,27683
8,28276,438,0.0,3499,585,27691
16,28292,439,1.0,3500,585,27707
5,28297,439,0.0,3501,585,27712
8,28305,439,0.0,3502,585,27720
6,28311,439,0.0,3503,585,27726
5,28316,439,0.0,3504,585,27731
8,28324,440,1.0,3505,585,27739
29,28353,441,1.0,3506,585,27768
8,28361,441,0.0,3507,585,27776
8,28369,442,1.0,3508,585,27784
8,28377,443,1.0,3509,585,27792
6,28383,443,0.0,3510,585,27798
8,28391,444,1.0,3511,585,27806
5,28396,444,0.0,3512,585,27811
10,28406,444,0.0,3513,585,27821
8,28414,444,0.0,3514,585,27829
8,28422,445,1.0,3515,585,27837
4,28426,445,0.0,3516,585,27841
9,28435,445,0.0,3517,585,27850
8,28443,446,1.0,3518,585,27858
8,28451,447,1.0,3519,585,27866
8,28459,447,0.0,3520,585,27874
11,28470,447,0.0,3521,585,27885
2,28472,447,0.0,3522,585,27887
6,28478,447,0.0,3523,585,27893
2,28480,447,0.0,3524,585,27895
10,28490,447,0.0,3525,585,27905
11,28501,447,0.0,3526,585,27916
5,28506,447,0.0,3527,585,27921
15,28521,447,0.0,3528,585,27936
11,28532,447,0.0,3529,585,27947
9,28541,447,0.0,3530,585,27956
3,28544,447,0.0,3531,585,27959
6,28550,447,0.0,3532,585,27965
4,28554,447,0.0,3533,585,27969
9,28563,447,0.0,3534,585,27978
16,28579,447,0.0,3535,585,27994
19,28598,447,0.0,3536,585,28013
8,28606,448,1.0,3537,585,28021
3,28609,448,0.0,3538,585,28024
8,28617,448,0.0,3539,585,28032
8,28625,449,1.0,3540,585,28040
8,28633,450,1.0,3541,585,28048
2,28635,450,0.0,3542,585,28050
10,28645,450,0.0,3543,585,28060
5,28650,450,0.0,3544,585,28065
7,28657,450,0.0,3545,585,28072
10,28667,450,0.0,3546,585,28082
8,28675,450,0.0,3547,585,28090
32,28707,450,0.0,3548,585,28122
8,28715,451,1.0,3549,585,28130
8,28723,451,0.0,3550,585,28138
7,28730,451,0.0,3551,585,28145
4,28734,451,0.0,3552,585,28149
3,28737,451,0.0,3553,585,28152
9,28746,451,0.0,3554,585,28161
8,28754,451,0.0,3555,585,28169
9,28763,451,0.0,3556,585,28178
7,28770,451,0.0,3557,585,28185
3,28773,451,0.0,3558,585,28188
9,28782,451,0.0,3559,585,28197
8,28790,452,1.0,3560,585,28205
3,28793,452,0.0,3561,585,28208
4,28797,452,0.0,3562,585,28212
3,28800,452,0.0,3563,585,28215
8,28808,452,0.0,3564,585,28223
2,28810,452,0.0,3565,585,28225
5,28815,452,0.0,3566,585,28230
4,28819,452,0.0,3567,585,28234
6,28825,452,0.0,3568,585,28240
3,28828,452,0.0,3569,585,28243
4,28832,452,0.0,3570,585,28247
3,28835,452,0.0,3571,585,28250
4,28839,452,0.0,3572,585,28254
14,28853,452,0.0,3573,585,28268
9,28862,452,0.0,3574,585,28277
8,28870,453,1.0,3575,585,28285
29,28899,454,1.0,3576,585,28314
8,28907,454,0.0,3577,585,28322
4,28911,454,0.0,3578,585,28326
8,28919,454,0.0,3579,585,28334
8,28927,454,0.0,3580,585,28342
9,28936,454,0.0,3581,585,28351
8,28944,454,0.0,3582,585,28359
4,28948,454,0.0,3583,585,28363
9,28957,454,0.0,3584,585,28372
3,28960,454,0.0,3585,585,28375
29,28989,455,1.0,3586,585,28404
4,28993,455,0.0,3587,585,28408
2,28995,455,0.0,3588,585,28410
2,28997,455,0.0,3589,585,28412
2,28999,455,0.0,3590,585,28414
18,29017,455,0.0,3591,585,28432
3,29020,455,0.0,3592,585,28435
3,29023,455,0.0,3593,585,28438
14,29037,455,0.0,3594,585,28452
13,29050,455,0.0,3595,585,28465
8,29058,455,0.0,3596,585,28473
8,29066,455,0.0,3597,585,28481
18,29084,456,1.0,3598,585,28499
8,29092,457,1.0,3599,585,28507
29,29121,458,1.0,3600,585,28536
8,29129,459,1.0,3601,585,28544
3,29132,459,0.0,3602,585,28547
2,29134,459,0.0,3603,585,28549
8,29142,460,1.0,3604,585,28557
5,29147,460,0.0,3605,585,28562
6,29153,460,0.0,3606,585,28568
9,29162,460,0.0,3607,585,28577
14,29176,460,0.0,3608,585,28591
9,29185,460,0.0,3609,585,28600
16,29201,460,0.0,3610,585,28616
11,29212,460,0.0,3611,585,28627
9,29221,460,0.0,3612,585,28636
8,29229,460,0.0,3613,585,28644
6,29235,460,0.0,3614,585,28650
8,29243,460,0.0,3615,585,28658
2,29245,460,0.0,3616,585,28660
8,29253,461,1.0,3617,585,28668
19,29272,461,0.0,3618,585,28687
8,29280,462,1.0,3619,585,28695
8,29288,462,0.0,3620,585,28703
8,29296,462,0.0,3621,585,28711
9,29305,462,0.0,3622,585,28720
6,29311,462,0.0,3623,585,28726
8,29319,463,1.0,3624,585,28734
5,29324,463,0.0,3625,585,28739
3,29327,463,0.0,3626,585,28742
3,29330,463,0.0,3627,585,28745
8,29338,463,0.0,3628,585,28753
2,29340,463,0.0,3629,585,28755
3,29343,463,0.0,3630,585,28758
3,29346,463,0.0,3631,585,28761
8,29354,463,0.0,3632,585,28769
8,29362,464,1.0,3633,585,28777
18,29380,464,0.0,3634,585,28795
4,29384,464,0.0,3635,585,28799
8,29392,464,0.0,3636,585,28807
3,29395,464,0.0,3637,585,28810
5,29400,464,0.0,3638,585,28815
4,29404,464,0.0,3639,585,28819
4,29408,464,0.0,3640,585,28823
2,29410,464,0.0,3641,585,28825
5,29415,464,0.0,3642,585,28830
4,29419,464,0.0,3643,585,28834
4,29423,464,0.0,3644,585,28838
4,29427,464,0.0,3645,585,28842
8,29435,464,0.0,3646,585,28850
11,29446,464,0.0,3647,585,28861
6,29452,464,0.0,3648,585,28867
8,29460,464,0.0,3649,585,28875
8,29468,464,0.0,3650,585,28883
4,29472,464,0.0,3651,585,28887
5,29477,464,0.0,3652,585,28892
4,29481,464,0.0,3653,585,28896
4,29485,464,0.0,3654,585,28900
4,29489,464,0.0,3655,585,28904
6,29495,464,0.0,3656,585,28910
8,29503,464,0.0,3657,585,28918
8,29511,464,0.0,3658,585,28926
10,29521,464,0.0,3659,585,28936
8,29529,464,0.0,3660,585,28944
2,29531,464,0.0,3661,585,28946
14,29545,464,0.0,3662,585,28960
12,29557,464,0.0,3663,585,28972
9,29566,464,0.0,3664,585,28981
8,29574,465,1.0,3665,585,28989
8,29582,465,0.0,3666,585,28997
29,29611,466,1.0,3667,585,29026
8,29619,467,1.0,3668,585,29034
3,29622,467,0.0,3669,585,29037
7,29629,467,0.0,3670,585,29044
6,29635,467,0.0,3671,585,29050
8,29643,467,0.0,3672,585,29058
8,29651,467,0.0,3673,585,29066
8,29659,467,0.0,3674,585,29074
8,29667,467,0.0,3675,585,29082
16,29683,468,1.0,3676,585,29098
9,29692,468,0.0,3677,585,29107
5,29697,468,0.0,3678,585,29112
4,29701,468,0.0,3679,585,29116
5,29706,468,0.0,3680,585,29121
3,29709,468,0.0,3681,585,29124
5,29714,468,0.0,3682,585,29129
9,29723,468,0.0,3683,585,29138
8,29731,469,1.0,3684,585,29146
19,29750,469,0.0,3685,585,29165
13,29763,469,0.0,3686,585,29178
5,29768,469,0.0,3687,585,29183
7,29775,469,0.0,3688,585,29190
9,29784,469,0.0,3689,585,29199
4,29788,469,0.0,3690,585,29203
15,29803,469,0.0,3691,585,29218
4,29807,469,0.0,3692,585,29222
6,29813,469,0.0,3693,585,29228
8,29821,470,1.0,3694,585,29236
25,29846,470,0.0,3695,585,29261
7,29853,470,0.0,3696,585,29268
29,29882,471,1.0,3697,585,29297
8,29890,471,0.0,3698,585,29305
3,29893,471,0.0,3699,585,29308
23,29916,471,0.0,3700,585,29331
13,29929,471,0.0,3701,585,29344
8,29937,471,0.0,3702,585,29352
6,29943,471,0.0,3703,585,29358
5,29948,471,0.0,3704,585,29363
8,29956,472,1.0,3705,585,29371
3,29959,472,0.0,3706,585,29374
16,29975,473,1.0,3707,585,29390
8,29983,473,0.0,3708,585,29398
8,29991,473,0.0,3709,585,29406
5,29996,473,0.0,3710,585,29411
9,30005,473,0.0,3711,585,29420
7,30012,473,0.0,3712,585,29427
8,30020,473,0.0,3713,585,29435
8,30028,473,0.0,3714,585,29443
4,30032,473,0.0,3715,585,29447
11,30043,473,0.0,3716,585,29458
6,30049,473,0.0,3717,585,29464
11,30060,473,0.0,3718,585,29475
7,30067,473,0.0,3719,585,29482
8,30075,473,0.0,3720,585,29490
13,30088,473,0.0,3721,585,29503
17,30105,473,0.0,3722,585,29520
12,30117,473,0.0,3723,585,29532
10,30127,473,0.0,3724,585,29542
10,30137,473,0.0,3725,585,29552
6,30143,473,0.0,3726,585,29558
18,30161,474,1.0,3727,585,29576
7,30168,474,0.0,3728,585,29583
9,30177,474,0.0,3729,585,29592
8,30185,474,0.0,3730,585,29600
29,30214,475,1.0,3731,585,29629
9,30223,475,0.0,3732,585,29638
13,30236,475,0.0,3733,585,29651
4,30240,475,0.0,3734,585,29655
4,30244,475,0.0,3735,585,29659
8,30252,475,0.0,3736,585,29667
2,30254,475,0.0,3737,585,29669
8,30262,475,0.0,3738,585,29677
3,30265,475,0.0,3739,585,29680
3,30268,475,0.0,3740,585,29683
8,30276,476,1.0,3741,585,29691
3,30279,476,0.0,3742,585,29694
2,30281,476,0.0,3743,585,29696
11,30292,476,0.0,3744,585,29707
8,30300,476,0.0,3745,585,29715
2,30302,476,0.0,3746,585,29717
2,30304,476,0.0,3747,585,29719
8,30312,476,0.0,3748,585,29727
8,30320,477,1.0,3749,585,29735
8,30328,478,1.0,3750,585,29743
9,30337,478,0.0,3751,585,29752
4,30341,478,0.0,3752,585,29756
8,30349,478,0.0,3753,585,29764
8,30357,478,0.0,3754,585,29772
8,30365,479,1.0,3755,585,29780
8,30373,479,0.0,3756,585,29788
5,30378,479,0.0,3757,585,29793
6,30384,479,0.0,3758,585,29799
9,30393,479,0.0,3759,585,29808
8,30401,480,1.0,3760,585,29816
4,30405,480,0.0,3761,585,29820
27,30432,480,0.0,3762,585,29847
2,30434,480,0.0,3763,585,29849
3,30437,480,0.0,3764,585,29852
8,30445,480,0.0,3765,585,29860
8,30453,480,0.0,3766,585,29868
3,30456,480,0.0,3767,585,29871
8,30464,480,0.0,3768,585,29879
3,30467,480,0.0,3769,585,29882
3,30470,480,0.0,3770,585,29885
5,30475,480,0.0,3771,585,29890
6,30481,480,0.0,3772,585,29896
6,30487,480,0.0,3773,585,29902
8,30495,481,1.0,3774,585,29910
8,30503,481,0.0,3775,585,29918
2,30505,481,0.0,3776,585,29920
8,30513,481,0.0,3777,585,29928
7,30520,481,0.0,3778,585,29935
3,30523,481,0.0,3779,585,29938
9,30532,481,0.0,3780,585,29947
10,30542,481,0.0,3781,585,29957
18,30560,481,0.0,3782,585,29975
4,30564,481,0.0,3783,585,29979
8,30572,481,0.0,3784,585,29987
2,30574,481,0.0,3785,585,29989
3,30577,481,0.0,3786,585,29992
11,30588,481,0.0,3787,585,30003
2,30590,481,0.0,3788,585,30005
2,30592,481,0.0,3789,585,30007
4,30596,481,0.0,3790,585,30011
8,30604,481,0.0,3791,585,30019
6,30610,481,0.0,3792,585,30025
8,30618,481,0.0,3793,585,30033
8,30626,481,0.0,3794,585,30041
12,30638,481,0.0,3795,585,30053
2,30640,481,0.0,3796,585,30055
7,30647,481,0.0,3797,585,30062
9,30656,481,0.0,3798,585,30071
3,30659,481,0.0,3799,585,30074
6,30665,481,0.0,3800,585,30080
8,30673,481,0.0,3801,585,30088
2,30675,481,0.0,3802,585,30090
4,30679,481,0.0,3803,585,30094
7,30686,481,0.0,3804,585,30101
3,30689,481,0.0,3805,585,30104
6,30695,481,0.0,3806,585,30110
9,30704,481,0.0,3807,585,30119
2,30706,481,0.0,3808,585,30121
9,30715,481,0.0,3809,585,30130
8,30723,482,1.0,3810,585,30138
8,30731,483,1.0,3811,585,30146
22,30753,483,0.0,3812,585,30168
8,30761,483,0.0,3813,585,30176
8,30769,483,0.0,3814,585,30184
9,30778,483,0.0,3815,585,30193
8,30786,483,0.0,3816,585,30201
6,30792,483,0.0,3817,585,30207
9,30801,483,0.0,3818,585,30216
5,30806,483,0.0,3819,585,30221
8,30814,483,0.0,3820,585,30229
4,30818,483,0.0,3821,585,30233
13,30831,483,0.0,3822,585,30246
8,30839,484,1.0,3823,585,30254
9,30848,484,0.0,3824,585,30263
8,30856,485,1.0,3825,585,30271
2,30858,485,0.0,3826,585,30273
9,30867,485,0.0,3827,585,30282
2,30869,485,0.0,3828,585,30284
8,30877,485,0.0,3829,585,30292
29,30906,486,1.0,3830,585,30321
8,30914,486,0.0,3831,585,30329
3,30917,486,0.0,3832,585,30332
10,30927,486,0.0,3833,585,30342
11,30938,486,0.0,3834,585,30353
4,30942,486,0.0,3835,585,30357
15,30957,486,0.0,3836,585,30372
8,30965,486,0.0,3837,585,30380
8,30973,486,0.0,3838,585,30388
4,30977,486,0.0,3839,585,30392
2,30979,486,0.0,3840,585,30394
3,30982,486,0.0,3841,585,30397
5,30987,486,0.0,3842,585,30402
10,30997,486,0.0,3843,585,30412
3,31000,486,0.0,3844,585,30415
16,31016,486,0.0,3845,585,30431
2,31018,486,0.0,3846,585,30433
8,31026,487,1.0,3847,585,30441
2,31028,487,0.0,3848,585,30443
10,31038,487,0.0,3849,585,30453
8,31046,487,0.0,3850,585,30461
8,31054,487,0.0,3851,585,30469
8,31062,487,0.0,3852,585,30477
4,31066,487,0.0,3853,585,30481
22,31088,487,0.0,3854,585,30503
2,31090,487,0.0,3855,585,30505
4,31094,487,0.0,3856,585,30509
29,31123,488,1.0,3857,585,30538
7,31130,488,0.0,3858,585,30545
12,31142,488,0.0,3859,585,30557
2,31144,488,0.0,3860,585,30559
8,31152,488,0.0,3861,585,30567
5,31157,488,0.0,3862,585,30572
11,31168,488,0.0,3863,585,30583
3,31171,488,0.0,3864,585,30586
8,31179,488,0.0,3865,585,30594
5,31184,488,0.0,3866,585,30599
2,31186,488,0.0,3867,585,30601
6,31192,488,0.0,3868,585,30607
4,31196,488,0.0,3869,585,30611
8,31204,489,1.0,3870,585,30619
5,31209,489,0.0,3871,585,30624
3,31212,489,0.0,3872,585,30627
8,31220,489,0.0,3873,585,30635
9,31229,489,0.0,3874,585,30644
2,31231,489,0.0,3875,585,30646
13,31244,489,0.0,3876,585,30659
2,31246,489,0.0,3877,585,30661
16,31262,490,1.0,3878,585,30677
9,31271,490,0.0,3879,585,30686
2,31273,490,0.0,3880,585,30688
8,31281,490,0.0,3881,585,30696
8,31289,491,1.0,3882,585,30704
8,31297,492,1.0,3883,585,30712
14,31311,492,0.0,3884,585,30726
12,31323,492,0.0,3885,585,30738
5,31328,492,0.0,3886,585,30743
9,31337,492,0.0,3887,585,30752
8,31345,492,0.0,3888,585,30760
2,31347,492,0.0,3889,585,30762
8,31355,493,1.0,3890,585,30770
2,31357,493,0.0,3891,585,30772
8,31365,493,0.0,3892,585,30780
10,31375,493,0.0,3893,585,30790
8,31383,494,1.0,3894,585,30798
2,31385,494,0.0,3895,585,30800
3,31388,494,0.0,3896,585,30803
3,31391,494,0.0,3897,585,30806
8,31399,494,0.0,3898,585,30814
14,31413,494,0.0,3899,585,30828
8,31421,494,0.0,3900,585,30836
29,31450,494,0.0,3901,585,30865
2,31452,494,0.0,3902,585,30867
2,31454,494,0.0,3903,585,30869
11,31465,494,0.0,3904,585,30880
8,31473,494,0.0,3905,585,30888
2,31475,494,0.0,3906,585,30890
8,31483,494,0.0,3907,585,30898
8,31491,494,0.0,3908,585,30906
16,31507,495,1.0,3909,585,30922
29,31536,496,1.0,3910,585,30951
3,31539,496,0.0,3911,585,30954
8,31547,496,0.0,3912,585,30962
8,31555,496,0.0,3913,585,30970
10,31565,496,0.0,3914,585,30980
3,31568,496,0.0,3915,585,30983
2,31570,496,0.0,3916,585,30985
14,31584,496,0.0,3917,585,30999
6,31590,496,0.0,3918,585,31005
19,31609,496,0.0,3919,585,31024
8,31617,497,1.0,3920,585,31032
8,31625,497,0.0,3921,585,31040
8,31633,497,0.0,3922,585,31048
8,31641,498,1.0,3923,585,31056
6,31647,498,0.0,3924,585,31062
4,31651,498,0.0,3925,585,31066
8,31659,498,0.0,3926,585,31074
4,31663,498,0.0,3927,585,31078
9,31672,498,0.0,3928,585,31087
14,31686,498,0.0,3929,585,31101
11,31697,498,0.0,3930,585,31112
2,31699,498,0.0,3931,585,31114
8,31707,499,1.0,3932,585,31122
9,31716,499,0.0,3933,585,31131
4,31720,499,0.0,3934,585,31135
4,31724,499,0.0,3935,585,31139
3,31727,499,0.0,3936,585,31142
8,31735,499,0.0,3937,585,31150
13,31748,499,0.0,3938,585,31163
2,31750,499,0.0,3939,585,31165
8,31758,499,0.0,3940,585,31173
3,31761,499,0.0,3941,585,31176
2,31763,499,0.0,3942,585,31178
8,31771,500,1.0,3943,585,31186
5,31776,500,0.0,3944,585,31191
4,31780,500,0.0,3945,585,31195
5,31785,500,0.0,3946,585,31200
8,31793,501,1.0,3947,585,31208
9,31802,501,0.0,3948,585,31217
8,31810,502,1.0,3949,585,31225
17,31827,502,0.0,3950,585,31242
4,31831,502,0.0,3951,585,31246
6,31837,502,0.0,3952,585,31252
8,31845,503,1.0,3953,585,31260
2,31847,503,0.0,3954,585,31262
8,31855,504,1.0,3955,585,31270
9,31864,504,0.0,3956,585,31279
6,31870,504,0.0,3957,585,31285
2,31872,504,0.0,3958,585,31287
3,31875,504,0.0,3959,585,31290
5,31880,504,0.0,3960,585,31295
8,31888,505,1.0,3961,585,31303
8,31896,506,1.0,3962,585,31311
8,31904,506,0.0,3963,585,31319
3,31907,506,0.0,3964,585,31322
7,31914,506,0.0,3965,585,31329
3,31917,506,0.0,3966,585,31332
5,31922,506,0.0,3967,585,31337
2,31924,506,0.0,3968,585,31339
3,31927,506,0.0,3969,585,31342
8,31935,507,1.0,3970,585,31350
9,31944,507,0.0,3971,585,31359
8,31952,507,0.0,3972,585,31367
2,31954,507,0.0,3973,585,31369
5,31959,507,0.0,3974,585,31374
8,31967,507,0.0,3975,585,31382
5,31972,507,0.0,3976,585,31387
8,31980,507,0.0,3977,585,31395
8,31988,507,0.0,3978,585,31403
9,31997,507,0.0,3979,585,31412
29,32026,508,1.0,3980,585,31441
4,32030,508,0.0,3981,585,31445
7,32037,508,0.0,3982,585,31452
8,32045,509,1.0,3983,585,31460
9,32054,509,0.0,3984,585,31469
25,32079,509,0.0,3985,585,31494
11,32090,509,0.0,3986,585,31505
10,32100,509,0.0,3987,585,31515
23,32123,509,0.0,3988,585,31538
18,32141,510,1.0,3989,585,31556
18,32159,510,0.0,3990,585,31574
9,32168,510,0.0,3991,585,31583
8,32176,510,0.0,3992,585,31591
16,32192,511,1.0,3993,585,31607
3,32195,511,0.0,3994,585,31610
4,32199,511,0.0,3995,585,31614
7,32206,511,0.0,3996,585,31621
5,32211,511,0.0,3997,585,31626
9,32220,511,0.0,3998,585,31635
9,32229,511,0.0,3999,585,31644
9,32238,511,0.0,4000,585,31653
8,32246,511,0.0,4001,585,31661
8,32254,511,0.0,4002,585,31669
2,32256,511,0.0,4003,585,31671
8,32264,511,0.0,4004,585,31679
2,32266,511,0.0,4005,585,31681
5,32271,511,0.0,4006,585,31686
19,32290,511,0.0,4007,585,31705
2,32292,511,0.0,4008,585,31707
8,32300,512,1.0,4009,585,31715
29,32329,513,1.0,4010,585,31744
8,32337,513,0.0,4011,585,31752
8,32345,514,1.0,4012,585,31760
8,32353,514,0.0,4013,585,31768
9,32362,514,0.0,4014,585,31777
29,32391,515,1.0,4015,585,31806
13,32404,515,0.0,4016,585,31819
8,32412,516,1.0,4017,585,31827
16,32428,516,0.0,4018,585,31843
8,32436,516,0.0,4019,585,31851
9,32445,516,0.0,4020,585,31860
9,32454,516,0.0,4021,585,31869
5,32459,516,0.0,4022,585,31874
3,32462,516,0.0,4023,585,31877
19,32481,516,0.0,4024,585,31896
8,32489,516,0.0,4025,585,31904
8,32497,516,0.0,4026,585,31912
9,32506,516,0.0,4027,585,31921
5,32511,516,0.0,4028,585,31926
8,32519,516,0.0,4029,585,31934
7,32526,516,0.0,4030,585,31941
16,32542,517,1.0,4031,585,31957
8,32550,518,1.0,4032,585,31965
8,32558,519,1.0,4033,585,31973
8,32566,520,1.0,4034,585,31981
11,32577,520,0.0,4035,585,31992
8,32585,521,1.0,4036,585,32000
2,32587,521,0.0,4037,585,32002
3,32590,521,0.0,4038,585,32005
19,32609,521,0.0,4039,585,32024
7,32616,521,0.0,4040,585,32031
2,32618,521,0.0,4041,585,32033
5,32623,521,0.0,4042,585,32038
5,32628,521,0.0,4043,585,32043
8,32636,521,0.0,4044,585,32051
16,32652,522,1.0,4045,585,32067
18,32670,523,1.0,4046,585,32085
7,32677,523,0.0,4047,585,32092
8,32685,524,1.0,4048,585,32100
8,32693,524,0.0,4049,585,32108
8,32701,524,0.0,4050,585,32116
5,32706,524,0.0,4051,585,32121
6,32712,524,0.0,4052,585,32127
8,32720,524,0.0,4053,585,32135
10,32730,524,0.0,4054,585,32145
4,32734,524,0.0,4055,585,32149
20,32754,525,1.0,4056,585,32169
3,32757,525,0.0,4057,585,32172
8,32765,525,0.0,4058,585,32180
4,32769,525,0.0,4059,585,32184
6,32775,525,0.0,4060,585,32190
2,32777,525,0.0,4061,585,32192
2,32779,525,0.0,4062,585,32194
29,32808,526,1.0,4063,585,32223
4,32812,526,0.0,4064,585,32227
3,32815,526,0.0,4065,585,32230
2,32817,526,0.0,4066,585,32232
8,32825,526,0.0,4067,585,32240
8,32833,527,1.0,4068,585,32248
3,32836,527,0.0,4069,585,32251
9,32845,527,0.0,4070,585,32260
3,32848,527,0.0,4071,585,32263
4,32852,527,0.0,4072,585,32267
8,32860,527,0.0,4073,585,32275
8,32868,527,0.0,4074,585,32283
5,32873,527,0.0,4075,585,32288
8,32881,527,0.0,4076,585,32296
6,32887,527,0.0,4077,585,32302
7,32894,527,0.0,4078,585,32309
8,32902,527,0.0,4079,585,32317
2,32904,527,0.0,4080,585,32319
8,32912,527,0.0,4081,585,32327
4,32916,527,0.0,4082,585,32331
2,32918,527,0.0,4083,585,32333
9,32927,527,0.0,4084,585,32342
18,32945,528,1.0,4085,585,32360
8,32953,529,1.0,4086,585,32368
4,32957,529,0.0,4087,585,32372
8,32965,530,1.0,4088,585,32380
4,32969,530,0.0,4089,585,32384
4,32973,530,0.0,4090,585,32388
8,32981,530,0.0,4091,585,32396
8,32989,530,0.0,4092,585,32404
4,32993,530,0.0,4093,585,32408
12,33005,530,0.0,4094,585,32420
10,33015,530,0.0,4095,585,32430
9,33024,530,0.0,4096,585,32439
8,33032,530,0.0,4097,585,32447
3,33035,530,0.0,4098,585,32450
3,33038,530,0.0,4099,585,32453
5,33043,530,0.0,4100,585,32458
8,33051,530,0.0,4101,585,32466
10,33061,530,0.0,4102,585,32476
2,33063,530,0.0,4103,585,32478
41,33104,530,0.0,4104,585,32519
8,33112,530,0.0,4105,585,32527
8,33120,531,1.0,4106,585,32535
22,33142,531,0.0,4107,585,32557
9,33151,531,0.0,4108,585,32566
13,33164,531,0.0,4109,585,32579
2,33166,531,0.0,4110,585,32581
3,33169,531,0.0,4111,585,32584
8,33177,531,0.0,4112,585,32592
8,33185,531,0.0,4113,585,32600
7,33192,531,0.0,4114,585,32607
8,33200,531,0.0,4115,585,32615
18,33218,531,0.0,4116,585,32633
9,33227,531,0.0,4117,585,32642
9,33236,531,0.0,4118,585,32651
8,33244,531,0.0,4119,585,32659
8,33252,531,0.0,4120,585,32667
4,33256,531,0.0,4121,585,32671
8,33264,531,0.0,4122,585,32679
4,33268,531,0.0,4123,585,32683
8,33276,531,0.0,4124,585,32691
4,33280,531,0.0,4125,585,32695
2,33282,531,0.0,4126,585,32697
6,33288,531,0.0,4127,585,32703
2,33290,531,0.0,4128,585,32705
4,33294,531,0.0,4129,585,32709
8,33302,531,0.0,4130,585,32717
21,33323,531,0.0,4131,585,32738
5,33328,531,0.0,4132,585,32743
9,33337,531,0.0,4133,585,32752
5,33342,531,0.0,4134,585,32757
5,33347,531,0.0,4135,585,32762
3,33350,531,0.0,4136,585,32765
8,33358,531,0.0,4137,585,32773
8,33366,531,0.0,4138,585,32781
3,33369,531,0.0,4139,585,32784
3,33372,531,0.0,4140,585,32787
24,33396,531,0.0,4141,585,32811
8,33404,532,1.0,4142,585,32819
11,33415,532,0.0,4143,585,32830
5,33420,532,0.0,4144,585,32835
9,33429,532,0.0,4145,585,32844
9,33438,532,0.0,4146,585,32853
5,33443,532,0.0,4147,585,32858
6,33449,532,0.0,4148,585,32864
2,33451,532,0.0,4149,585,32866
4,33455,532,0.0,4150,585,32870
29,33484,533,1.0,4151,585,32899
2,33486,533,0.0,4152,585,32901
6,33492,533,0.0,4153,585,32907
8,33500,533,0.0,4154,585,32915
4,33504,533,0.0,4155,585,32919
8,33512,533,0.0,4156,585,32927
8,33520,534,1.0,4157,585,32935
8,33528,535,1.0,4158,585,32943
8,33536,535,0.0,4159,585,32951
9,33545,535,0.0,4160,585,32960
9,33554,535,0.0,4161,585,32969
11,33565,535,0.0,4162,585,32980
6,33571,535,0.0,4163,585,32986
9,33580,535,0.0,4164,585,32995
9,33589,535,0.0,4165,585,33004
6,33595,535,0.0,4166,585,33010
10,33605,535,0.0,4167,585,33020
8,33613,535,0.0,4168,585,33028
2,33615,535,0.0,4169,585,33030
8,33623,536,1.0,4170,585,33038
2,33625,536,0.0,4171,585,33040
8,33633,537,1.0,4172,585,33048
8,33641,537,0.0,4173,585,33056
3,33644,537,0.0,4174,585,33059
8,33652,538,1.0,4175,585,33067
8,33660,538,0.0,4176,585,33075
2,33662,538,0.0,4177,585,33077
4,33666,538,0.0,4178,585,33081
8,33674,538,0.0,4179,585,33089
3,33677,538,0.0,4180,585,33092
6,33683,538,0.0,4181,585,33098
2,33685,538,0.0,4182,585,33100
8,33693,539,1.0,4183,585,33108
5,33698,539,0.0,4184,585,33113
8,33706,539,0.0,4185,585,33121
7,33713,539,0.0,4186,585,33128
8,33721,540,1.0,4187,585,33136
9,33730,540,0.0,4188,585,33145
17,33747,540,0.0,4189,585,33162
8,33755,540,0.0,4190,585,33170
5,33760,540,0.0,4191,585,33175
8,33768,540,0.0,4192,585,33183
7,33775,540,0.0,4193,585,33190
8,33783,541,1.0,4194,585,33198
8,33791,542,1.0,4195,585,33206
9,33800,542,0.0,4196,585,33215
15,33815,542,0.0,4197,585,33230
3,33818,542,0.0,4198,585,33233
8,33826,543,1.0,4199,585,33241
8,33834,543,0.0,4200,585,33249
5,33839,543,0.0,4201,585,33254
8,33847,544,1.0,4202,585,33262
3,33850,544,0.0,4203,585,33265
4,33854,544,0.0,4204,585,33269
8,33862,545,1.0,4205,585,33277
8,33870,545,0.0,4206,585,33285
8,33878,546,1.0,4207,585,33293
10,33888,546,0.0,4208,585,33303
4,33892,546,0.0,4209,585,33307
4,33896,546,0.0,4210,585,33311
5,33901,546,0.0,4211,585,33316
21,33922,546,0.0,4212,585,33337
11,33933,546,0.0,4213,585,33348
2,33935,546,0.0,4214,585,33350
12,33947,546,0.0,4215,585,33362
8,33955,547,1.0,4216,585,33370
8,33963,547,0.0,4217,585,33378
8,33971,548,1.0,4218,585,33386
16,33987,549,1.0,4219,585,33402
8,33995,549,0.0,4220,585,33410
8,34003,549,0.0,4221,585,33418
6,34009,549,0.0,4222,585,33424
4,34013,549,0.0,4223,585,33428
4,34017,549,0.0,4224,585,33432
28,34045,549,0.0,4225,585,33460
6,34051,549,0.0,4226,585,33466
9,34060,549,0.0,4227,585,33475
9,34069,549,0.0,4228,585,33484
16,34085,549,0.0,4229,585,33500
3,34088,549,0.0,4230,585,33503
29,34117,550,1.0,4231,585,33532
9,34126,550,0.0,4232,585,33541
7,34133,550,0.0,4233,585,33548
2,34135,550,0.0,4234,585,33550
4,34139,550,0.0,4235,585,33554
10,34149,550,0.0,4236,585,33564
3,34152,550,0.0,4237,585,33567
10,34162,550,0.0,4238,585,33577
29,34191,551,1.0,4239,585,33606
8,34199,551,0.0,4240,585,33614
5,34204,551,0.0,4241,585,33619
9,34213,551,0.0,4242,585,33628
8,34221,551,0.0,4243,585,33636
4,34225,551,0.0,4244,585,33640
8,34233,551,0.0,4245,585,33648
5,34238,551,0.0,4246,585,33653
8,34246,552,1.0,4247,585,33661
2,34248,552,0.0,4248,585,33663
7,34255,552,0.0,4249,585,33670
9,34264,552,0.0,4250,585,33679
19,34283,552,0.0,4251,585,33698
29,34312,553,1.0,4252,585,33727
9,34321,553,0.0,4253,585,33736
4,34325,553,0.0,4254,585,33740
29,34354,554,1.0,4255,585,33769
7,34361,554,0.0,4256,585,33776
8,34369,554,0.0,4257,585,33784
23,34392,554,0.0,4258,585,33807
5,34397,554,0.0,4259,585,33812
8,34405,555,1.0,4260,585,33820
6,34411,555,0.0,4261,585,33826
10,34421,555,0.0,4262,585,33836
7,34428,555,0.0,4263,585,33843
18,34446,556,1.0,4264,585,33861
8,34454,556,0.0,4265,585,33869
3,34457,556,0.0,4266,585,33872
5,34462,556,0.0,4267,585,33877
10,34472,556,0.0,4268,585,33887
24,34496,556,0.0,4269,585,33911
8,34504,557,1.0,4270,585,33919
8,34512,558,1.0,4271,585,33927
8,34520,558,0.0,4272,585,33935
14,34534,558,0.0,4273,585,33949
4,34538,558,0.0,4274,585,33953
17,34555,558,0.0,4275,585,33970
8,34563,558,0.0,4276,585,33978
10,34573,558,0.0,4277,585,33988
8,34581,558,0.0,4278,585,33996
5,34586,558,0.0,4279,585,34001
16,34602,559,1.0,4280,585,34017
8,34610,559,0.0,4281,585,34025
8,34618,560,1.0,4282,585,34033
3,34621,560,0.0,4283,585,34036
8,34629,561,1.0,4284,585,34044
9,34638,561,0.0,4285,585,34053
5,34643,561,0.0,4286,585,34058
8,34651,561,0.0,4287,585,34066
6,34657,561,0.0,4288,585,34072
8,34665,561,0.0,4289,585,34080
9,34674,561,0.0,4290,585,34089
29,34703,562,1.0,4291,585,34118
2,34705,562,0.0,4292,585,34120
8,34713,562,0.0,4293,585,34128
3,34716,562,0.0,4294,585,34131
17,34733,562,0.0,4295,585,34148
3,34736,562,0.0,4296,585,34151
4,34740,562,0.0,4297,585,34155
8,34748,562,0.0,4298,585,34163
7,34755,562,0.0,4299,585,34170
29,34784,563,1.0,4300,585,34199
4,34788,563,0.0,4301,585,34203
3,34791,563,0.0,4302,585,34206
8,34799,563,0.0,4303,585,34214
20,34819,563,0.0,4304,585,34234
3,34822,563,0.0,4305,585,34237
10,34832,563,0.0,4306,585,34247
3,34835,563,0.0,4307,585,34250
8,34843,563,0.0,4308,585,34258
6,34849,563,0.0,4309,585,34264
4,34853,563,0.0,4310,585,34268
8,34861,564,1.0,4311,585,34276
9,34870,564,0.0,4312,585,34285
2,34872,564,0.0,4313,585,34287
8,34880,565,1.0,4314,585,34295
8,34888,565,0.0,4315,585,34303
8,34896,566,1.0,4316,585,34311
3,34899,566,0.0,4317,585,34314
2,34901,566,0.0,4318,585,34316
8,34909,566,0.0,4319,585,34324
2,34911,566,0.0,4320,585,34326
3,34914,566,0.0,4321,585,34329
16,34930,567,1.0,4322,585,34345
9,34939,567,0.0,4323,585,34354
8,34947,567,0.0,4324,585,34362
8,34955,568,1.0,4325,585,34370
8,34963,569,1.0,4326,585,34378
2,34965,569,0.0,4327,585,34380
9,34974,569,0.0,4328,585,34389
6,34980,569,0.0,4329,585,34395
4,34984,569,0.0,4330,585,34399
19,35003,569,0.0,4331,585,34418
3,35006,569,0.0,4332,585,34421
9,35015,569,0.0,4333,585,34430
5,35020,569,0.0,4334,585,34435
6,35026,569,0.0,4335,585,34441
2,35028,569,0.0,4336,585,34443
5,35033,569,0.0,4337,585,34448
8,35041,569,0.0,4338,585,34456
8,35049,570,1.0,4339,585,34464
7,35056,570,0.0,4340,585,34471
4,35060,570,0.0,4341,585,34475
2,35062,570,0.0,4342,585,34477
8,35070,570,0.0,4343,585,34485
3,35073,570,0.0,4344,585,34488
14,35087,570,0.0,4345,585,34502
14,35101,570,0.0,4346,585,34516
2,35103,570,0.0,4347,585,34518
8,35111,570,0.0,4348,585,34526
8,35119,570,0.0,4349,585,34534
3,35122,570,0.0,4350,585,34537
8,35130,571,1.0,4351,585,34545
9,35139,571,0.0,4352,585,34554
8,35147,571,0.0,4353,585,34562
9,35156,571,0.0,4354,585,34571
5,35161,571,0.0,4355,585,34576
6,35167,571,0.0,4356,585,34582
8,35175,572,1.0,4357,585,34590
8,35183,572,0.0,4358,585,34598
19,35202,572,0.0,4359,585,34617
8,35210,572,0.0,4360,585,34625
8,35218,573,1.0,4361,585,34633
8,35226,574,1.0,4362,585,34641
6,35232,574,0.0,4363,585,34647
4,35236,574,0.0,4364,585,34651
3,35239,574,0.0,4365,585,34654
4,35243,574,0.0,4366,585,34658
9,35252,574,0.0,4367,585,34667
8,35260,574,0.0,4368,585,34675
2,35262,574,0.0,4369,585,34677
4,35266,574,0.0,4370,585,34681
7,35273,574,0.0,4371,585,34688
11,35284,574,0.0,4372,585,34699
9,35293,574,0.0,4373,585,34708
6,35299,574,0.0,4374,585,34714
11,35310,574,0.0,4375,585,34725
9,35319,574,0.0,4376,585,34734
4,35323,574,0.0,4377,585,34738
31,35354,574,0.0,4378,585,34769
8,35362,574,0.0,4379,585,34777
9,35371,574,0.0,4380,585,34786
4,35375,574,0.0,4381,585,34790
8,35383,574,0.0,4382,585,34798
2,35385,574,0.0,4383,585,34800
10,35395,574,0.0,4384,585,34810
8,35403,574,0.0,4385,585,34818
8,35411,575,1.0,4386,585,34826
8,35419,576,1.0,4387,585,34834
5,35424,576,0.0,4388,585,34839
13,35437,576,0.0,4389,585,34852
8,35445,576,0.0,4390,585,34860
5,35450,576,0.0,4391,585,34865
8,35458,577,1.0,4392,585,34873
18,35476,578,1.0,4393,585,34891
8,35484,578,0.0,4394,585,34899
10,35494,578,0.0,4395,585,34909
16,35510,578,0.0,4396,585,34925
2,35512,578,0.0,4397,585,34927
8,35520,578,0.0,4398,585,34935
4,35524,578,0.0,4399,585,34939
8,35532,578,0.0,4400,585,34947
4,35536,578,0.0,4401,585,34951
6,35542,578,0.0,4402,585,34957
9,35551,578,0.0,4403,585,34966
9,35560,578,0.0,4404,585,34975
8,35568,578,0.0,4405,585,34983
29,35597,579,1.0,4406,585,35012
8,35605,579,0.0,4407,585,35020
10,35615,579,0.0,4408,585,35030
2,35617,579,0.0,4409,585,35032
19,35636,579,0.0,4410,585,35051
5,35641,579,0.0,4411,585,35056
18,35659,580,1.0,4412,585,35074
9,35668,580,0.0,4413,585,35083
4,35672,580,0.0,4414,585,35087
4,35676,580,0.0,4415,585,35091
3,35679,580,0.0,4416,585,35094
8,35687,580,0.0,4417,585,35102
8,35695,580,0.0,4418,585,35110
8,35703,580,0.0,4419,585,35118
8,35711,581,1.0,4420,585,35126
3,35714,581,0.0,4421,585,35129
9,35723,581,0.0,4422,585,35138
8,35731,581,0.0,4423,585,35146
9,35740,581,0.0,4424,585,35155
14,35754,581,0.0,4425,585,35169
11,35765,581,0.0,4426,585,35180
12,35777,581,0.0,4427,585,35192
8,35785,581,0.0,4428,585,35200
8,35793,582,1.0,4429,585,35208
22,35815,582,0.0,4430,585,35230
7,35822,582,0.0,4431,585,35237
16,35838,583,1.0,4432,585,35253
8,35846,583,0.0,4433,585,35261
8,35854,583,0.0,4434,585,35269
8,35862,584,1.0,4435,585,35277
2,35864,584,0.0,4436,585,35279
7,35871,584,0.0,4437,585,35286
7,35878,584,0.0,4438,585,35293
5,35883,584,0.0,4439,585,35298
8,35891,584,0.0,4440,585,35306
8,35899,584,0.0,4441,585,35314
4,35903,584,0.0,4442,585,35318
8,35911,584,0.0,4443,585,35326
6,35917,584,0.0,4444,585,35332
8,35925,585,1.0,4445,585,35340
8,35933,586,1.0,4446,585,35348
8,35941,586,0.0,4447,585,35356
2,35943,586,0.0,4448,585,35358
3,35946,586,0.0,4449,585,35361
6,35952,586,0.0,4450,585,35367
5,35957,586,0.0,4451,585,35372
9,35966,586,0.0,4452,585,35381
2,35968,586,0.0,4453,585,35383
4,35972,586,0.0,4454,585,35387
8,35980,587,1.0,4455,585,35395
8,35988,587,0.0,4456,585,35403
11,35999,587,0.0,4457,585,35414
8,36007,588,1.0,4458,585,35422
8,36015,588,0.0,4459,585,35430
9,36024,588,0.0,4460,585,35439
4,36028,588,0.0,4461,585,35443
5,36033,588,0.0,4462,585,35448
3,36036,588,0.0,4463,585,35451
7,36043,588,0.0,4464,585,35458
16,36059,588,0.0,4465,585,35474
2,36061,588,0.0,4466,585,35476
2,36063,588,0.0,4467,585,35478
8,36071,588,0.0,4468,585,35486
8,36079,589,1.0,4469,585,35494
8,36087,589,0.0,4470,585,35502
2,36089,589,0.0,4471,585,35504
2,36091,589,0.0,4472,585,35506
20,36111,589,0.0,4473,585,35526
8,36119,589,0.0,4474,585,35534
10,36129,589,0.0,4475,585,35544
5,36134,589,0.0,4476,585,35549
9,36143,589,0.0,4477,585,35558
5,36148,589,0.0,4478,585,35563
9,36157,589,0.0,4479,585,35572
3,36160,589,0.0,4480,585,35575
4,36164,589,0.0,4481,585,35579
8,36172,589,0.0,4482,585,35587
9,36181,589,0.0,4483,585,35596
4,36185,589,0.0,4484,585,35600
8,36193,590,1.0,4485,585,35608
8,36201,590,0.0,4486,585,35616
5,36206,590,0.0,4487,585,35621
4,36210,590,0.0,4488,585,35625
8,36218,591,1.0,4489,585,35633
9,36227,591,0.0,4490,585,35642
9,36236,591,0.0,4491,585,35651
8,36244,592,1.0,4492,585,35659
6,36250,592,0.0,4493,585,35665
29,36279,593,1.0,4494,585,35694
9,36288,593,0.0,4495,585,35703
9,36297,593,0.0,4496,585,35712
5,36302,593,0.0,4497,585,35717
3,36305,593,0.0,4498,585,35720
16,36321,593,0.0,4499,585,35736
4,36325,593,0.0,4500,585,35740
16,36341,594,1.0,4501,585,35756
8,36349,595,1.0,4502,585,35764
3,36352,595,0.0,4503,585,35767
8,36360,595,0.0,4504,585,35775
5,36365,595,0.0,4505,585,35780
6,36371,595,0.0,4506,585,35786
4,36375,595,0.0,4507,585,35790
9,36384,595,0.0,4508,585,35799
16,36400,596,1.0,4509,585,35815
8,36408,596,0.0,4510,585,35823
9,36417,596,0.0,4511,585,35832
5,36422,596,0.0,4512,585,35837
29,36451,597,1.0,4513,585,35866
9,36460,597,0.0,4514,585,35875
2,36462,597,0.0,4515,585,35877
4,36466,597,0.0,4516,585,35881
8,36474,597,0.0,4517,585,35889
5,36479,597,0.0,4518,585,35894
7,36486,597,0.0,4519,585,35901
6,36492,597,0.0,4520,585,35907
11,36503,597,0.0,4521,585,35918
5,36508,597,0.0,4522,585,35923
8,36516,597,0.0,4523,585,35931
4,36520,597,0.0,4524,585,35935
6,36526,597,0.0,4525,585,35941
29,36555,598,1.0,4526,585,35970
4,36559,598,0.0,4527,585,35974
9,36568,598,0.0,4528,585,35983
8,36576,599,1.0,4529,585,35991
18,36594,599,0.0,4530,585,36009
11,36605,599,0.0,4531,585,36020
11,36616,599,0.0,4532,585,36031
8,36624,600,1.0,4533,585,36039
12,36636,600,0.0,4534,585,36051
18,36654,601,1.0,4535,585,36069
2,36656,601,0.0,4536,585,36071
8,36664,601,0.0,4537,585,36079
8,36672,602,1.0,4538,585,36087
16,36688,603,1.0,4539,585,36103
8,36696,604,1.0,4540,585,36111
4,36700,604,0.0,4541,585,36115
2,36702,604,0.0,4542,585,36117
8,36710,604,0.0,4543,585,36125
8,36718,605,1.0,4544,585,36133
9,36727,605,0.0,4545,585,36142
3,36730,605,0.0,4546,585,36145
2,36732,605,0.0,4547,585,36147
4,36736,605,0.0,4548,585,36151
9,36745,605,0.0,4549,585,36160
8,36753,605,0.0,4550,585,36168
8,36761,606,1.0,4551,585,36176
3,36764,606,0.0,4552,585,36179
8,36772,606,0.0,4553,585,36187
11,36783,606,0.0,4554,585,36198
29,36812,607,1.0,4555,585,36227
11,36823,607,0.0,4556,585,36238
8,36831,607,0.0,4557,585,36246
34,36865,607,0.0,4558,585,36280
8,36873,607,0.0,4559,585,36288
5,36878,607,0.0,4560,585,36293
2,36880,607,0.0,4561,585,36295
5,36885,607,0.0,4562,585,36300
29,36914,608,1.0,4563,585,36329
2,36916,608,0.0,4564,585,36331
9,36925,608,0.0,4565,585,36340
8,36933,608,0.0,4566,585,36348
3,36936,608,0.0,4567,585,36351
30,36966,608,0.0,4568,585,36381
9,36975,608,0.0,4569,585,36390
8,36983,608,0.0,4570,585,36398
2,36985,608,0.0,4571,585,36400
18,37003,609,1.0,4572,585,36418
11,37014,609,0.0,4573,585,36429
2,37016,609,0.0,4574,585,36431
10,37026,609,0.0,4575,585,36441
7,37033,609,0.0,4576,585,36448
8,37041,609,0.0,4577,585,36456
8,37049,609,0.0,4578,585,36464
20,37069,610,1.0,4579,585,36484
8,37077,610,0.0,4580,585,36492
2,37079,610,0.0,4581,585,36494
2,37081,610,0.0,4582,585,36496
5,37086,610,0.0,4583,585,36501
7,37093,610,0.0,4584,585,36508
8,37101,611,1.0,4585,585,36516
8,37109,611,0.0,4586,585,36524
2,37111,611,0.0,4587,585,36526
9,37120,611,0.0,4588,585,36535
8,37128,611,0.0,4589,585,36543
9,37137,611,0.0,4590,585,36552
8,37145,612,1.0,4591,585,36560
8,37153,613,1.0,4592,585,36568
8,37161,614,1.0,4593,585,36576
3,37164,614,0.0,4594,585,36579
8,37172,615,1.0,4595,585,36587
10,37182,615,0.0,4596,585,36597
10,37192,615,0.0,4597,585,36607
7,37199,615,0.0,4598,585,36614
9,37208,615,0.0,4599,585,36623
9,37217,615,0.0,4600,585,36632
8,37225,615,0.0,4601,585,36640
8,37233,616,1.0,4602,585,36648
5,37238,616,0.0,4603,585,36653
8,37246,617,1.0,4604,585,36661
7,37253,617,0.0,4605,585,36668
9,37262,617,0.0,4606,585,36677
27,37289,617,0.0,4607,585,36704
9,37298,617,0.0,4608,585,36713
8,37306,617,0.0,4609,585,36721
8,37314,617,0.0,4610,585,36729
8,37322,618,1.0,4611,585,36737
5,37327,618,0.0,4612,585,36742
8,37335,618,0.0,4613,585,36750
8,37343,619,1.0,4614,585,36758
8,37351,619,0.0,4615,585,36766
3,37354,619,0.0,4616,585,36769
8,37362,620,1.0,4617,585,36777
8,37370,620,0.0,4618,585,36785
8,37378,620,0.0,4619,585,36793
7,37385,620,0.0,4620,585,36800
14,37399,620,0.0,4621,585,36814
9,37408,620,0.0,4622,585,36823
4,37412,620,0.0,4623,585,36827
2,37414,620,0.0,4624,585,36829
3,37417,620,0.0,4625,585,36832
5,37422,620,0.0,4626,585,36837
9,37431,620,0.0,4627,585,36846
4,37435,620,0.0,4628,585,36850
7,37442,620,0.0,4629,585,36857
5,37447,620,0.0,4630,585,36862
9,37456,620,0.0,4631,585,36871
8,37464,621,1.0,4632,585,36879
2,37466,621,0.0,4633,585,36881
8,37474,622,1.0,4634,585,36889
8,37482,623,1.0,4635,585,36897
29,37511,624,1.0,4636,585,36926
2,37513,624,0.0,4637,585,36928
8,37521,624,0.0,4638,585,36936
8,37529,624,0.0,4639,585,36944
3,37532,624,0.0,4640,585,36947
4,37536,624,0.0,4641,585,36951
2,37538,624,0.0,4642,585,36953
5,37543,624,0.0,4643,585,36958
8,37551,624,0.0,4644,585,36966
8,37559,624,0.0,4645,585,36974
11,37570,624,0.0,4646,585,36985
8,37578,624,0.0,4647,585,36993
9,37587,624,0.0,4648,585,37002
16,37603,624,0.0,4649,585,37018
14,37617,624,0.0,4650,585,37032
6,37623,624,0.0,4651,585,37038
2,37625,624,0.0,4652,585,37040
8,37633,624,0.0,4653,585,37048
29,37662,625,1.0,4654,585,37077
10,37672,625,0.0,4655,585,37087
2,37674,625,0.0,4656,585,37089
8,37682,625,0.0,4657,585,37097
10,37692,625,0.0,4658,585,37107
3,37695,625,0.0,4659,585,37110
8,37703,626,1.0,4660,585,37118
5,37708,626,0.0,4661,585,37123
6,37714,626,0.0,4662,585,37129
3,37717,626,0.0,4663,585,37132
8,37725,626,0.0,4664,585,37140
5,37730,626,0.0,4665,585,37145
8,37738,626,0.0,4666,585,37153
5,37743,626,0.0,4667,585,37158
3,37746,626,0.0,4668,585,37161
8,37754,626,0.0,4669,585,37169
4,37758,626,0.0,4670,585,37173
21,37779,626,0.0,4671,585,37194
2,37781,626,0.0,4672,585,37196
3,37784,626,0.0,4673,585,37199
2,37786,626,0.0,4674,585,37201
4,37790,626,0.0,4675,585,37205
8,37798,626,0.0,4676,585,37213
15,37813,626,0.0,4677,585,37228
8,37821,626,0.0,4678,585,37236
29,37850,627,1.0,4679,585,37265
8,37858,627,0.0,4680,585,37273
8,37866,628,1.0,4681,585,37281
16,37882,629,1.0,4682,585,37297
19,37901,629,0.0,4683,585,37316
2,37903,629,0.0,4684,585,37318
8,37911,630,1.0,4685,585,37326
16,37927,630,0.0,4686,585,37342
13,37940,630,0.0,4687,585,37355
8,37948,630,0.0,4688,585,37363
7,37955,630,0.0,4689,585,37370
3,37958,630,0.0,4690,585,37373
6,37964,630,0.0,4691,585,37379
15,37979,630,0.0,4692,585,37394
8,37987,630,0.0,4693,585,37402
8,37995,631,1.0,4694,585,37410
8,38003,632,1.0,4695,585,37418
4,38007,632,0.0,4696,585,37422
7,38014,632,0.0,4697,585,37429
2,38016,632,0.0,4698,585,37431
14,38030,632,0.0,4699,585,37445
12,38042,632,0.0,4700,585,37457
8,38050,633,1.0,4701,585,37465
8,38058,633,0.0,4702,585,37473
3,38061,633,0.0,4703,585,37476
8,38069,634,1.0,4704,585,37484
4,38073,634,0.0,4705,585,37488
9,38082,634,0.0,4706,585,37497
29,38111,635,1.0,4707,585,37526
8,38119,635,0.0,4708,585,37534
3,38122,635,0.0,4709,585,37537
11,38133,635,0.0,4710,585,37548
10,38143,635,0.0,4711,585,37558
5,38148,635,0.0,4712,585,37563
9,38157,635,0.0,4713,585,37572
17,38174,635,0.0,4714,585,37589
2,38176,635,0.0,4715,585,37591
13,38189,635,0.0,4716,585,37604
4,38193,635,0.0,4717,585,37608
16,38209,635,0.0,4718,585,37624
8,38217,636,1.0,4719,585,37632
3,38220,636,0.0,4720,585,37635
3,38223,636,0.0,4721,585,37638
29,38252,637,1.0,4722,585,37667
2,38254,637,0.0,4723,585,37669
9,38263,637,0.0,4724,585,37678
5,38268,637,0.0,4725,585,37683
8,38276,637,0.0,4726,585,37691
9,38285,637,0.0,4727,585,37700
10,38295,637,0.0,4728,585,37710
5,38300,637,0.0,4729,585,37715
3,38303,637,0.0,4730,585,37718
18,38321,637,0.0,4731,585,37736
3,38324,637,0.0,4732,585,37739
14,38338,637,0.0,4733,585,37753
8,38346,637,0.0,4734,585,37761
6,38352,637,0.0,4735,585,37767
2,38354,637,0.0,4736,585,37769
2,38356,637,0.0,4737,585,37771
9,38365,637,0.0,4738,585,37780
10,38375,637,0.0,4739,585,37790
9,38384,637,0.0,4740,585,37799
4,38388,637,0.0,4741,585,37803
4,38392,637,0.0,4742,585,37807
9,38401,637,0.0,4743,585,37816
11,38412,637,0.0,4744,585,37827
8,38420,637,0.0,4745,585,37835
20,38440,638,1.0,4746,585,37855
11,38451,638,0.0,4747,585,37866
2,38453,638,0.0,4748,585,37868
8,38461,638,0.0,4749,585,37876
3,38464,638,0.0,4750,585,37879
15,38479,638,0.0,4751,585,37894
4,38483,638,0.0,4752,585,37898
8,38491,638,0.0,4753,585,37906
4,38495,638,0.0,4754,585,37910
6,38501,638,0.0,4755,585,37916
8,38509,638,0.0,4756,585,37924
4,38513,638,0.0,4757,585,37928
29,38542,639,1.0,4758,585,37957
8,38550,640,1.0,4759,585,37965
3,38553,640,0.0,4760,585,37968
9,38562,640,0.0,4761,585,37977
8,38570,641,1.0,4762,585,37985
8,38578,641,0.0,4763,585,37993
4,38582,641,0.0,4764,585,37997
5,38587,641,0.0,4765,585,38002
9,38596,641,0.0,4766,585,38011
9,38605,641,0.0,4767,585,38020
3,38608,641,0.0,4768,585,38023
8,38616,641,0.0,4769,585,38031
3,38619,641,0.0,4770,585,38034
13,38632,641,0.0,4771,585,38047
2,38634,641,0.0,4772,585,38049
9,38643,641,0.0,4773,585,38058
2,38645,641,0.0,4774,585,38060
3,38648,641,0.0,4775,585,38063
13,38661,641,0.0,4776,585,38076
14,38675,641,0.0,4777,585,38090
13,38688,641,0.0,4778,585,38103
8,38696,641,0.0,4779,585,38111
7,38703,641,0.0,4780,585,38118
13,38716,641,0.0,4781,585,38131
3,38719,641,0.0,4782,585,38134
14,38733,641,0.0,4783,585,38148
3,38736,641,0.0,4784,585,38151
8,38744,641,0.0,4785,585,38159
8,38752,641,0.0,4786,585,38167
3,38755,641,0.0,4787,585,38170
8,38763,642,1.0,4788,585,38178
5,38768,642,0.0,4789,585,38183
4,38772,642,0.0,4790,585,38187
4,38776,642,0.0,4791,585,38191
8,38784,643,1.0,4792,585,38199
5,38789,643,0.0,4793,585,38204
4,38793,643,0.0,4794,585,38208
8,38801,644,1.0,4795,585,38216
13,38814,644,0.0,4796,585,38229
16,38830,644,0.0,4797,585,38245
4,38834,644,0.0,4798,585,38249
8,38842,644,0.0,4799,585,38257
2,38844,644,0.0,4800,585,38259
3,38847,644,0.0,4801,585,38262
8,38855,644,0.0,4802,585,38270
7,38862,644,0.0,4803,585,38277
2,38864,644,0.0,4804,585,38279
8,38872,645,1.0,4805,585,38287
8,38880,646,1.0,4806,585,38295
8,38888,647,1.0,4807,585,38303
9,38897,647,0.0,4808,585,38312
8,38905,647,0.0,4809,585,38320
9,38914,647,0.0,4810,585,38329
4,38918,647,0.0,4811,585,38333
13,38931,647,0.0,4812,585,38346
7,38938,647,0.0,4813,585,38353
9,38947,647,0.0,4814,585,38362
8,38955,648,1.0,4815,585,38370
31,38986,648,0.0,4816,585,38401
19,39005,648,0.0,4817,585,38420
8,39013,649,1.0,4818,585,38428
10,39023,649,0.0,4819,585,38438
8,39031,650,1.0,4820,585,38446
6,39037,650,0.0,4821,585,38452
11,39048,650,0.0,4822,585,38463
8,39056,650,0.0,4823,585,38471
8,39064,650,0.0,4824,585,38479
29,39093,651,1.0,4825,585,38508
9,39102,651,0.0,4826,585,38517
4,39106,651,0.0,4827,585,38521
16,39122,651,0.0,4828,585,38537
7,39129,651,0.0,4829,585,38544
9,39138,651,0.0,4830,585,38553
9,39147,651,0.0,4831,585,38562
7,39154,651,0.0,4832,585,38569
2,39156,651,0.0,4833,585,38571
8,39164,651,0.0,4834,585,38579
9,39173,651,0.0,4835,585,38588
4,39177,651,0.0,4836,585,38592
8,39185,652,1.0,4837,585,38600
13,39198,652,0.0,4838,585,38613
4,39202,652,0.0,4839,585,38617
8,39210,652,0.0,4840,585,38625
8,39218,653,1.0,4841,585,38633
2,39220,653,0.0,4842,585,38635
6,39226,653,0.0,4843,585,38641
4,39230,653,0.0,4844,585,38645
6,39236,653,0.0,4845,585,38651
9,39245,653,0.0,4846,585,38660
2,39247,653,0.0,4847,585,38662
7,39254,653,0.0,4848,585,38669
3,39257,653,0.0,4849,585,38672
4,39261,653,0.0,4850,585,38676
5,39266,653,0.0,4851,585,38681
5,39271,653,0.0,4852,585,38686
8,39279,653,0.0,4853,585,38694
8,39287,653,0.0,4854,585,38702
2,39289,653,0.0,4855,585,38704
9,39298,653,0.0,4856,585,38713
11,39309,653,0.0,4857,585,38724
2,39311,653,0.0,4858,585,38726
6,39317,653,0.0,4859,585,38732
9,39326,653,0.0,4860,585,38741
8,39334,653,0.0,4861,585,38749
29,39363,654,1.0,4862,585,38778
5,39368,654,0.0,4863,585,38783
8,39376,654,0.0,4864,585,38791
9,39385,654,0.0,4865,585,38800
8,39393,655,1.0,4866,585,38808
13,39406,655,0.0,4867,585,38821
16,39422,656,1.0,4868,585,38837
2,39424,656,0.0,4869,585,38839
9,39433,656,0.0,4870,585,38848
8,39441,656,0.0,4871,585,38856
8,39449,656,0.0,4872,585,38864
4,39453,656,0.0,4873,585,38868
8,39461,656,0.0,4874,585,38876
8,39469,657,1.0,4875,585,38884
8,39477,658,1.0,4876,585,38892
8,39485,658,0.0,4877,585,38900
8,39493,658,0.0,4878,585,38908
4,39497,658,0.0,4879,585,38912
4,39501,658,0.0,4880,585,38916
5,39506,658,0.0,4881,585,38921
6,39512,658,0.0,4882,585,38927
2,39514,658,0.0,4883,585,38929
3,39517,658,0.0,4884,585,38932
2,39519,658,0.0,4885,585,38934
8,39527,658,0.0,4886,585,38942
9,39536,658,0.0,4887,585,38951
3,39539,658,0.0,4888,585,38954
8,39547,658,0.0,4889,585,38962
6,39553,658,0.0,4890,585,38968
3,39556,658,0.0,4891,585,38971
5,39561,658,0.0,4892,585,38976
19,39580,658,0.0,4893,585,38995
8,39588,658,0.0,4894,585,39003
4,39592,658,0.0,4895,585,39007
8,39600,659,1.0,4896,585,39015
14,39614,659,0.0,4897,585,39029
16,39630,660,1.0,4898,585,39045
5,39635,660,0.0,4899,585,39050
4,39639,660,0.0,4900,585,39054
7,39646,660,0.0,4901,585,39061
2,39648,660,0.0,4902,585,39063
8,39656,661,1.0,4903,585,39071
8,39664,661,0.0,4904,585,39079
9,39673,661,0.0,4905,585,39088
2,39675,661,0.0,4906,585,39090
4,39679,661,0.0,4907,585,39094
2,39681,661,0.0,4908,585,39096
2,39683,661,0.0,4909,585,39098
8,39691,662,1.0,4910,585,39106
9,39700,662,0.0,4911,585,39115
11,39711,662,0.0,4912,585,39126
4,39715,662,0.0,4913,585,39130
2,39717,662,0.0,4914,585,39132
5,39722,662,0.0,4915,585,39137
7,39729,662,0.0,4916,585,39144
8,39737,662,0.0,4917,585,39152
9,39746,662,0.0,4918,585,39161
8,39754,662,0.0,4919,585,39169
7,39761,662,0.0,4920,585,39176
8,39769,662,0.0,4921,585,39184
5,39774,662,0.0,4922,585,39189
5,39779,662,0.0,4923,585,39194
8,39787,662,0.0,4924,585,39202
7,39794,662,0.0,4925,585,39209
8,39802,663,1.0,4926,585,39217
2,39804,663,0.0,4927,585,39219
8,39812,663,0.0,4928,585,39227
8,39820,663,0.0,4929,585,39235
29,39849,664,1.0,4930,585,39264
5,39854,664,0.0,4931,585,39269
29,39883,665,1.0,4932,585,39298
8,39891,665,0.0,4933,585,39306
5,39896,665,0.0,4934,585,39311
11,39907,665,0.0,4935,585,39322
6,39913,665,0.0,4936,585,39328
29,39942,666,1.0,4937,585,39357
8,39950,666,0.0,4938,585,39365
7,39957,666,0.0,4939,585,39372
8,39965,666,0.0,4940,585,39380
3,39968,666,0.0,4941,585,39383
4,39972,666,0.0,4942,585,39387
9,39981,666,0.0,4943,585,39396
9,39990,666,0.0,4944,585,39405
3,39993,666,0.0,4945,585,39408
7,40000,666,0.0,4946,585,39415
8,40008,666,0.0,4947,585,39423
11,40019,666,0.0,4948,585,39434
16,40035,667,1.0,4949,585,39450
8,40043,668,1.0,4950,585,39458
8,40051,669,1.0,4951,585,39466
14,40065,669,0.0,4952,585,39480
2,40067,669,0.0,4953,585,39482
3,40070,669,0.0,4954,585,39485
2,40072,669,0.0,4955,585,39487
2,40074,669,0.0,4956,585,39489
8,40082,670,1.0,4957,585,39497
2,40084,670,0.0,4958,585,39499
10,40094,670,0.0,4959,585,39509
5,40099,670,0.0,4960,585,39514
9,40108,670,0.0,4961,585,39523
9,40117,670,0.0,4962,585,39532
3,40120,670,0.0,4963,585,39535
8,40128,670,0.0,4964,585,39543
19,40147,670,0.0,4965,585,39562
11,40158,670,0.0,4966,585,39573
9,40167,670,0.0,4967,585,39582
8,40175,671,1.0,4968,585,39590
5,40180,671,0.0,4969,585,39595
3,40183,671,0.0,4970,585,39598
29,40212,672,1.0,4971,585,39627
8,40220,673,1.0,4972,585,39635
9,40229,673,0.0,4973,585,39644
9,40238,673,0.0,4974,585,39653
7,40245,673,0.0,4975,585,39660
8,40253,673,0.0,4976,585,39668
13,40266,673,0.0,4977,585,39681
13,40279,673,0.0,4978,585,39694
8,40287,674,1.0,4979,585,39702
29,40316,675,1.0,4980,585,39731
6,40322,675,0.0,4981,585,39737
7,40329,675,0.0,4982,585,39744
3,40332,675,0.0,4983,585,39747
9,40341,675,0.0,4984,585,39756
10,40351,675,0.0,4985,585,39766
10,40361,675,0.0,4986,585,39776
14,40375,675,0.0,4987,585,39790
8,40383,675,0.0,4988,585,39798
3,40386,675,0.0,4989,585,39801
8,40394,675,0.0,4990,585,39809
3,40397,675,0.0,4991,585,39812
7,40404,675,0.0,4992,585,39819
8,40412,675,0.0,4993,585,39827
18,40430,676,1.0,4994,585,39845
16,40446,676,0.0,4995,585,39861
7,40453,676,0.0,4996,585,39868
11,40464,676,0.0,4997,585,39879
9,40473,676,0.0,4998,585,39888
6,40479,676,0.0,4999,585,39894
4,40483,676,0.0,5000,585,39898
9,40492,676,0.0,5001,585,39907
8,40500,677,1.0,5002,585,39915
6,40506,677,0.0,5003,585,39921
8,40514,677,0.0,5004,585,39929
8,40522,677,0.0,5005,585,39937
4,40526,677,0.0,5006,585,39941
8,40534,677,0.0,5007,585,39949
8,40542,678,1.0,5008,585,39957
5,40547,678,0.0,5009,585,39962
3,40550,678,0.0,5010,585,39965
8,40558,678,0.0,5011,585,39973
8,40566,678,0.0,5012,585,39981
5,40571,678,0.0,5013,585,39986
37,40608,678,0.0,5014,585,40023
3,40611,678,0.0,5015,585,40026
8,40619,678,0.0,5016,585,40034
9,40628,678,0.0,5017,585,40043
5,40633,678,0.0,5018,585,40048
8,40641,678,0.0,5019,585,40056
6,40647,678,0.0,5020,585,40062
4,40651,678,0.0,5021,585,40066
8,40659,678,0.0,5022,585,40074
13,40672,678,0.0,5023,585,40087
8,40680,678,0.0,5024,585,40095
30,40710,678,0.0,5025,585,40125
3,40713,678,0.0,5026,585,40128
4,40717,678,0.0,5027,585,40132
14,40731,678,0.0,5028,585,40146
46,40777,679,1.0,5029,585,40192
8,40785,680,1.0,5030,585,40200
2,40787,680,0.0,5031,585,40202
8,40795,681,1.0,5032,585,40210
2,40797,681,0.0,5033,585,40212
16,40813,681,0.0,5034,585,40228
2,40815,681,0.0,5035,585,40230
12,40827,681,0.0,5036,585,40242
8,40835,682,1.0,5037,585,40250
8,40843,683,1.0,5038,585,40258
8,40851,683,0.0,5039,585,40266
13,40864,683,0.0,5040,585,40279
7,40871,683,0.0,5041,585,40286
8,40879,684,1.0,5042,585,40294
2,40881,684,0.0,5043,585,40296
2,40883,684,0.0,5044,585,40298
9,40892,684,0.0,5045,585,40307
12,40904,684,0.0,5046,585,40319
15,40919,684,0.0,5047,585,40334
8,40927,685,1.0,5048,585,40342
4,40931,685,0.0,5049,585,40346
9,40940,685,0.0,5050,585,40355
7,40947,685,0.0,5051,585,40362
9,40956,685,0.0,5052,585,40371
10,40966,685,0.0,5053,585,40381
12,40978,685,0.0,5054,585,40393
5,40983,685,0.0,5055,585,40398
11,40994,685,0.0,5056,585,40409
8,41002,686,1.0,5057,585,40417
8,41010,687,1.0,5058,585,40425
4,41014,687,0.0,5059,585,40429
7,41021,687,0.0,5060,585,40436
10,41031,687,0.0,5061,585,40446
8,41039,687,0.0,5062,585,40454
2,41041,687,0.0,5063,585,40456
29,41070,688,1.0,5064,585,40485
6,41076,688,0.0,5065,585,40491
8,41084,688,0.0,5066,585,40499
8,41092,688,0.0,5067,585,40507
3,41095,688,0.0,5068,585,40510
8,41103,688,0.0,5069,585,40518
4,41107,688,0.0,5070,585,40522
8,41115,688,0.0,5071,585,40530
3,41118,688,0.0,5072,585,40533
10,41128,688,0.0,5073,585,40543
8,41136,688,0.0,5074,585,40551
9,41145,688,0.0,5075,585,40560
8,41153,688,0.0,5076,585,40568
9,41162,688,0.0,5077,585,40577
8,41170,688,0.0,5078,585,40585
3,41173,688,0.0,5079,585,40588
8,41181,688,0.0,5080,585,40596
8,41189,688,0.0,5081,585,40604
8,41197,688,0.0,5082,585,40612
11,41208,688,0.0,5083,585,40623
4,41212,688,0.0,5084,585,40627
9,41221,688,0.0,5085,585,40636
2,41223,688,0.0,5086,585,40638
12,41235,688,0.0,5087,585,40650
2,41237,688,0.0,5088,585,40652
2,41239,688,0.0,5089,585,40654
8,41247,688,0.0,5090,585,40662
3,41250,688,0.0,5091,585,40665
8,41258,688,0.0,5092,585,40673
5,41263,688,0.0,5093,585,40678
2,41265,688,0.0,5094,585,40680
12,41277,688,0.0,5095,585,40692
2,41279,688,0.0,5096,585,40694
5,41284,688,0.0,5097,585,40699
6,41290,688,0.0,5098,585,40705
2,41292,688,0.0,5099,585,40707
5,41297,688,0.0,5100,585,40712
8,41305,689,1.0,5101,585,40720
11,41316,689,0.0,5102,585,40731
16,41332,690,1.0,5103,585,40747
8,41340,690,0.0,5104,585,40755
6,41346,690,0.0,5105,585,40761
9,41355,690,0.0,5106,585,40770
5,41360,690,0.0,5107,585,40775
8,41368,690,0.0,5108,585,40783
15,41383,690,0.0,5109,585,40798
29,41412,691,1.0,5110,585,40827
7,41419,691,0.0,5111,585,40834
9,41428,691,0.0,5112,585,40843
8,41436,692,1.0,5113,585,40851
4,41440,692,0.0,5114,585,40855
3,41443,692,0.0,5115,585,40858
8,41451,692,0.0,5116,585,40866
3,41454,692,0.0,5117,585,40869
8,41462,692,0.0,5118,585,40877
6,41468,692,0.0,5119,585,40883
7,41475,692,0.0,5120,585,40890
3,41478,692,0.0,5121,585,40893
2,41480,692,0.0,5122,585,40895
29,41509,693,1.0,5123,585,40924
13,41522,693,0.0,5124,585,40937
8,41530,693,0.0,5125,585,40945
3,41533,693,0.0,5126,585,40948
5,41538,693,0.0,5127,585,40953
8,41546,693,0.0,5128,585,40961
5,41551,693,0.0,5129,585,40966
2,41553,693,0.0,5130,585,40968
8,41561,694,1.0,5131,585,40976
9,41570,694,0.0,5132,585,40985
11,41581,694,0.0,5133,585,40996
9,41590,694,0.0,5134,585,41005
17,41607,694,0.0,5135,585,41022
6,41613,694,0.0,5136,585,41028
13,41626,694,0.0,5137,585,41041
9,41635,694,0.0,5138,585,41050
8,41643,694,0.0,5139,585,41058
8,41651,694,0.0,5140,585,41066
8,41659,694,0.0,5141,585,41074
3,41662,694,0.0,5142,585,41077
4,41666,694,0.0,5143,585,41081
8,41674,694,0.0,5144,585,41089
19,41693,694,0.0,5145,585,41108
7,41700,694,0.0,5146,585,41115
3,41703,694,0.0,5147,585,41118
3,41706,694,0.0,5148,585,41121
29,41735,695,1.0,5149,585,41150
3,41738,695,0.0,5150,585,41153
8,41746,696,1.0,5151,585,41161
10,41756,696,0.0,5152,585,41171
8,41764,697,1.0,5153,585,41179
9,41773,697,0.0,5154,585,41188
8,41781,697,0.0,5155,585,41196
8,41789,698,1.0,5156,585,41204
9,41798,698,0.0,5157,585,41213
11,41809,698,0.0,5158,585,41224
4,41813,698,0.0,5159,585,41228
2,41815,698,0.0,5160,585,41230
2,41817,698,0.0,5161,585,41232
8,41825,699,1.0,5162,585,41240
13,41838,699,0.0,5163,585,41253
9,41847,699,0.0,5164,585,41262
7,41854,699,0.0,5165,585,41269
3,41857,699,0.0,5166,585,41272
7,41864,699,0.0,5167,585,41279
8,41872,699,0.0,5168,585,41287
4,41876,699,0.0,5169,585,41291
3,41879,699,0.0,5170,585,41294
21,41900,699,0.0,5171,585,41315
16,41916,700,1.0,5172,585,41331
2,41918,700,0.0,5173,585,41333
4,41922,700,0.0,5174,585,41337
5,41927,700,0.0,5175,585,41342
8,41935,700,0.0,5176,585,41350
2,41937,700,0.0,5177,585,41352
8,41945,701,1.0,5178,585,41360
3,41948,701,0.0,5179,585,41363
9,41957,701,0.0,5180,585,41372
8,41965,701,0.0,5181,585,41380
8,41973,701,0.0,5182,585,41388
8,41981,701,0.0,5183,585,41396
2,41983,701,0.0,5184,585,41398
4,41987,701,0.0,5185,585,41402
2,41989,701,0.0,5186,585,41404
2,41991,701,0.0,5187,585,41406
8,41999,701,0.0,5188,585,41414
8,42007,701,0.0,5189,585,41422
9,42016,701,0.0,5190,585,41431
8,42024,702,1.0,5191,585,41439
16,42040,702,0.0,5192,585,41455
5,42045,702,0.0,5193,585,41460
7,42052,702,0.0,5194,585,41467
2,42054,702,0.0,5195,585,41469
8,42062,703,1.0,5196,585,41477
5,42067,703,0.0,5197,585,41482
8,42075,704,1.0,5198,585,41490
6,42081,704,0.0,5199,585,41496
3,42084,704,0.0,5200,585,41499
2,42086,704,0.0,5201,585,41501
18,42104,705,1.0,5202,585,41519
8,42112,705,0.0,5203,585,41527
4,42116,705,0.0,5204,585,41531
3,42119,705,0.0,5205,585,41534
15,42134,705,0.0,5206,585,41549
9,42143,705,0.0,5207,585,41558
2,42145,705,0.0,5208,585,41560
11,42156,705,0.0,5209,585,41571
3,42159,705,0.0,5210,585,41574
5,42164,705,0.0,5211,585,41579
5,42169,705,0.0,5212,585,41584
10,42179,705,0.0,5213,585,41594
4,42183,705,0.0,5214,585,41598
8,42191,705,0.0,5215,585,41606
8,42199,705,0.0,5216,585,41614
8,42207,706,1.0,5217,585,41622
6,42213,706,0.0,5218,585,41628
8,42221,707,1.0,5219,585,41636
2,42223,707,0.0,5220,585,41638
7,42230,707,0.0,5221,585,41645
9,42239,707,0.0,5222,585,41654
9,42248,707,0.0,5223,585,41663
9,42257,707,0.0,5224,585,41672
8,42265,708,1.0,5225,585,41680
7,42272,708,0.0,5226,585,41687
4,42276,708,0.0,5227,585,41691
29,42305,709,1.0,5228,585,41720
4,42309,709,0.0,5229,585,41724
25,42334,709,0.0,5230,585,41749
3,42337,709,0.0,5231,585,41752
9,42346,709,0.0,5232,585,41761
8,42354,710,1.0,5233,585,41769
5,42359,710,0.0,5234,585,41774
9,42368,710,0.0,5235,585,41783
8,42376,710,0.0,5236,585,41791
2,42378,710,0.0,5237,585,41793
16,42394,711,1.0,5238,585,41809
4,42398,711,0.0,5239,585,41813
18,42416,712,1.0,5240,585,41831
8,42424,713,1.0,5241,585,41839
8,42432,713,0.0,5242,585,41847
8,42440,713,0.0,5243,585,41855
8,42448,714,1.0,5244,585,41863
8,42456,714,0.0,5245,585,41871
2,42458,714,0.0,5246,585,41873
6,42464,714,0.0,5247,585,41879
4,42468,714,0.0,5248,585,41883
2,42470,714,0.0,5249,585,41885
15,42485,714,0.0,5250,585,41900
8,42493,714,0.0,5251,585,41908
8,42501,714,0.0,5252,585,41916
9,42510,714,0.0,5253,585,41925
9,42519,714,0.0,5254,585,41934
29,42548,715,1.0,5255,585,41963
3,42551,715,0.0,5256,585,41966
11,42562,715,0.0,5257,585,41977
9,42571,715,0.0,5258,585,41986
4,42575,715,0.0,5259,585,41990
3,42578,715,0.0,5260,585,41993
10,42588,715,0.0,5261,585,42003
16,42604,715,0.0,5262,585,42019
4,42608,715,0.0,5263,585,42023
8,42616,715,0.0,5264,585,42031
8,42624,716,1.0,5265,585,42039
9,42633,716,0.0,5266,585,42048
8,42641,717,1.0,5267,585,42056
6,42647,717,0.0,5268,585,42062
8,42655,717,0.0,5269,585,42070
14,42669,717,0.0,5270,585,42084
8,42677,717,0.0,5271,585,42092
9,42686,717,0.0,5272,585,42101
8,42694,718,1.0,5273,585,42109
4,42698,718,0.0,5274,585,42113
6,42704,718,0.0,5275,585,42119
9,42713,718,0.0,5276,585,42128
3,42716,718,0.0,5277,585,42131
8,42724,719,1.0,5278,585,42139
3,42727,719,0.0,5279,585,42142
2,42729,719,0.0,5280,585,42144
29,42758,720,1.0,5281,585,42173
8,42766,721,1.0,5282,585,42181
16,42782,721,0.0,5283,585,42197
3,42785,721,0.0,5284,585,42200
7,42792,721,0.0,5285,585,42207
8,42800,721,0.0,5286,585,42215
8,42808,722,1.0,5287,585,42223
18,42826,722,0.0,5288,585,42241
2,42828,722,0.0,5289,585,42243
8,42836,723,1.0,5290,585,42251
10,42846,723,0.0,5291,585,42261
5,42851,723,0.0,5292,585,42266
8,42859,723,0.0,5293,585,42274
2,42861,723,0.0,5294,585,42276
8,42869,724,1.0,5295,585,42284
8,42877,724,0.0,5296,585,42292
29,42906,725,1.0,5297,585,42321
2,42908,725,0.0,5298,585,42323
3,42911,725,0.0,5299,585,42326
6,42917,725,0.0,5300,585,42332
4,42921,725,0.0,5301,585,42336
6,42927,725,0.0,5302,585,42342
8,42935,725,0.0,5303,585,42350
6,42941,725,0.0,5304,585,42356
4,42945,725,0.0,5305,585,42360
8,42953,726,1.0,5306,585,42368
6,42959,726,0.0,5307,585,42374
3,42962,726,0.0,5308,585,42377
6,42968,726,0.0,5309,585,42383
3,42971,726,0.0,5310,585,42386
8,42979,726,0.0,5311,585,42394
8,42987,726,0.0,5312,585,42402
9,42996,726,0.0,5313,585,42411
8,43004,726,0.0,5314,585,42419
10,43014,726,0.0,5315,585,42429
9,43023,726,0.0,5316,585,42438
3,43026,726,0.0,5317,585,42441
8,43034,727,1.0,5318,585,42449
8,43042,727,0.0,5319,585,42457
4,43046,727,0.0,5320,585,42461
2,43048,727,0.0,5321,585,42463
16,43064,727,0.0,5322,585,42479
9,43073,727,0.0,5323,585,42488
5,43078,727,0.0,5324,585,42493
9,43087,727,0.0,5325,585,42502
11,43098,727,0.0,5326,585,42513
8,43106,728,1.0,5327,585,42521
14,43120,728,0.0,5328,585,42535
3,43123,728,0.0,5329,585,42538
24,43147,728,0.0,5330,585,42562
11,43158,728,0.0,5331,585,42573
12,43170,728,0.0,5332,585,42585
8,43178,729,1.0,5333,585,42593
8,43186,729,0.0,5334,585,42601
5,43191,729,0.0,5335,585,42606
5,43196,729,0.0,5336,585,42611
3,43199,729,0.0,5337,585,42614
8,43207,729,0.0,5338,585,42622
8,43215,730,1.0,5339,585,42630
8,43223,731,1.0,5340,585,42638
18,43241,731,0.0,5341,585,42656
9,43250,731,0.0,5342,585,42665
4,43254,731,0.0,5343,585,42669
9,43263,731,0.0,5344,585,42678
9,43272,731,0.0,5345,585,42687
8,43280,732,1.0,5346,585,42695
2,43282,732,0.0,5347,585,42697
4,43286,732,0.0,5348,585,42701
3,43289,732,0.0,5349,585,42704
8,43297,732,0.0,5350,585,42712
29,43326,733,1.0,5351,585,42741
6,43332,733,0.0,5352,585,42747
9,43341,733,0.0,5353,585,42756
8,43349,733,0.0,5354,585,42764
5,43354,733,0.0,5355,585,42769
10,43364,733,0.0,5356,585,42779
11,43375,733,0.0,5357,585,42790
7,43382,733,0.0,5358,585,42797
8,43390,734,1.0,5359,585,42805
14,43404,734,0.0,5360,585,42819
5,43409,734,0.0,5361,585,42824
2,43411,734,0.0,5362,585,42826
4,43415,734,0.0,5363,585,42830
13,43428,734,0.0,5364,585,42843
8,43436,734,0.0,5365,585,42851
9,43445,734,0.0,5366,585,42860
12,43457,734,0.0,5367,585,42872
2,43459,734,0.0,5368,585,42874
8,43467,734,0.0,5369,585,42882
15,43482,734,0.0,5370,585,42897
7,43489,734,0.0,5371,585,42904
8,43497,734,0.0,5372,585,42912
8,43505,734,0.0,5373,585,42920
4,43509,734,0.0,5374,585,42924
8,43517,734,0.0,5375,585,42932
4,43521,734,0.0,5376,585,42936
3,43524,734,0.0,5377,585,42939
2,43526,734,0.0,5378,585,42941
11,43537,734,0.0,5379,585,42952
5,43542,734,0.0,5380,585,42957
2,43544,734,0.0,5381,585,42959
8,43552,734,0.0,5382,585,42967
14,43566,734,0.0,5383,585,42981
9,43575,734,0.0,5384,585,42990
8,43583,734,0.0,5385,585,42998
9,43592,734,0.0,5386,585,43007
9,43601,734,0.0,5387,585,43016
8,43609,734,0.0,5388,585,43024
8,43617,734,0.0,5389,585,43032
20,43637,734,0.0,5390,585,43052
8,43645,734,0.0,5391,585,43060
9,43654,734,0.0,5392,585,43069
6,43660,734,0.0,5393,585,43075
12,43672,734,0.0,5394,585,43087
4,43676,734,0.0,5395,585,43091
3,43679,734,0.0,5396,585,43094
8,43687,734,0.0,5397,585,43102
4,43691,734,0.0,5398,585,43106
9,43700,734,0.0,5399,585,43115
10,43710,734,0.0,5400,585,43125
8,43718,735,1.0,5401,585,43133
8,43726,736,1.0,5402,585,43141
4,43730,736,0.0,5403,585,43145
7,43737,736,0.0,5404,585,43152
9,43746,736,0.0,5405,585,43161
8,43754,737,1.0,5406,585,43169
2,43756,737,0.0,5407,585,43171
13,43769,737,0.0,5408,585,43184
4,43773,737,0.0,5409,585,43188
29,43802,738,1.0,5410,585,43217
4,43806,738,0.0,5411,585,43221
29,43835,739,1.0,5412,585,43250
32,43867,739,0.0,5413,585,43282
6,43873,739,0.0,5414,585,43288
9,43882,739,0.0,5415,585,43297
10,43892,739,0.0,5416,585,43307
5,43897,739,0.0,5417,585,43312
6,43903,739,0.0,5418,585,43318
3,43906,739,0.0,5419,585,43321
8,43914,739,0.0,5420,585,43329
8,43922,739,0.0,5421,585,43337
21,43943,739,0.0,5422,585,43358
2,43945,739,0.0,5423,585,43360
4,43949,739,0.0,5424,585,43364
8,43957,739,0.0,5425,585,43372
4,43961,739,0.0,5426,585,43376
8,43969,740,1.0,5427,585,43384
11,43980,740,0.0,5428,585,43395
9,43989,740,0.0,5429,585,43404
10,43999,740,0.0,5430,585,43414
6,44005,740,0.0,5431,585,43420
8,44013,740,0.0,5432,585,43428
8,44021,740,0.0,5433,585,43436
7,44028,740,0.0,5434,585,43443
8,44036,740,0.0,5435,585,43451
4,44040,740,0.0,5436,585,43455
17,44057,740,0.0,5437,585,43472
8,44065,740,0.0,5438,585,43480
3,44068,740,0.0,5439,585,43483
8,44076,741,1.0,5440,585,43491
8,44084,741,0.0,5441,585,43499
5,44089,741,0.0,5442,585,43504
8,44097,741,0.0,5443,585,43512
16,44113,742,1.0,5444,585,43528
4,44117,742,0.0,5445,585,43532
3,44120,742,0.0,5446,585,43535
6,44126,742,0.0,5447,585,43541
3,44129,742,0.0,5448,585,43544
9,44138,742,0.0,5449,585,43553
11,44149,742,0.0,5450,585,43564
2,44151,742,0.0,5451,585,43566
8,44159,742,0.0,5452,585,43574
11,44170,742,0.0,5453,585,43585
8,44178,743,1.0,5454,585,43593
3,44181,743,0.0,5455,585,43596
5,44186,743,0.0,5456,585,43601
18,44204,744,1.0,5457,585,43619
4,44208,744,0.0,5458,585,43623
3,44211,744,0.0,5459,585,43626
3,44214,744,0.0,5460,585,43629
25,44239,744,0.0,5461,585,43654
4,44243,744,0.0,5462,585,43658
8,44251,744,0.0,5463,585,43666
2,44253,744,0.0,5464,585,43668
3,44256,744,0.0,5465,585,43671
5,44261,744,0.0,5466,585,43676
8,44269,744,0.0,5467,585,43684
10,44279,744,0.0,5468,585,43694
2,44281,744,0.0,5469,585,43696
9,44290,744,0.0,5470,585,43705
8,44298,745,1.0,5471,585,43713
4,44302,745,0.0,5472,585,43717
4,44306,745,0.0,5473,585,43721
8,44314,745,0.0,5474,585,43729
8,44322,745,0.0,5475,585,43737
2,44324,745,0.0,5476,585,43739
4,44328,745,0.0,5477,585,43743
8,44336,745,0.0,5478,585,43751
4,44340,745,0.0,5479,585,43755
6,44346,745,0.0,5480,585,43761
5,44351,745,0.0,5481,585,43766
3,44354,745,0.0,5482,585,43769
8,44362,745,0.0,5483,585,43777
4,44366,745,0.0,5484,585,43781
5,44371,745,0.0,5485,585,43786
8,44379,745,0.0,5486,585,43794
5,44384,745,0.0,5487,585,43799
14,44398,745,0.0,5488,585,43813
6,44404,745,0.0,5489,585,43819
8,44412,746,1.0,5490,585,43827
14,44426,746,0.0,5491,585,43841
13,44439,746,0.0,5492,585,43854
2,44441,746,0.0,5493,585,43856
6,44447,746,0.0,5494,585,43862
8,44455,746,0.0,5495,585,43870
8,44463,747,1.0,5496,585,43878
8,44471,747,0.0,5497,585,43886
8,44479,747,0.0,5498,585,43894
4,44483,747,0.0,5499,585,43898
4,44487,747,0.0,5500,585,43902
9,44496,747,0.0,5501,585,43911
8,44504,747,0.0,5502,585,43919
11,44515,747,0.0,5503,585,43930
3,44518,747,0.0,5504,585,43933
2,44520,747,0.0,5505,585,43935
3,44523,747,0.0,5506,585,43938
8,44531,748,1.0,5507,585,43946
8,44539,749,1.0,5508,585,43954
2,44541,749,0.0,5509,585,43956
9,44550,749,0.0,5510,585,43965
4,44554,749,0.0,5511,585,43969
9,44563,749,0.0,5512,585,43978
15,44578,749,0.0,5513,585,43993
19,44597,749,0.0,5514,585,44012
3,44600,749,0.0,5515,585,44015
7,44607,749,0.0,5516,585,44022
9,44616,749,0.0,5517,585,44031
9,44625,749,0.0,5518,585,44040
9,44634,749,0.0,5519,585,44049
8,44642,749,0.0,5520,585,44057
8,44650,749,0.0,5521,585,44065
3,44653,749,0.0,5522,585,44068
9,44662,749,0.0,5523,585,44077
5,44667,749,0.0,5524,585,44082
4,44671,749,0.0,5525,585,44086
8,44679,750,1.0,5526,585,44094
9,44688,750,0.0,5527,585,44103
6,44694,750,0.0,5528,585,44109
8,44702,750,0.0,5529,585,44117
8,44710,750,0.0,5530,585,44125
8,44718,751,1.0,5531,585,44133
5,44723,751,0.0,5532,585,44138
8,44731,751,0.0,5533,585,44146
8,44739,751,0.0,5534,585,44154
9,44748,751,0.0,5535,585,44163
8,44756,751,0.0,5536,585,44171
3,44759,751,0.0,5537,585,44174
7,44766,751,0.0,5538,585,44181
19,44785,751,0.0,5539,585,44200
8,44793,751,0.0,5540,585,44208
8,44801,752,1.0,5541,585,44216
6,44807,752,0.0,5542,585,44222
8,44815,752,0.0,5543,585,44230
8,44823,752,0.0,5544,585,44238
9,44832,752,0.0,5545,585,44247
4,44836,752,0.0,5546,585,44251
6,44842,752,0.0,5547,585,44257
5,44847,752,0.0,5548,585,44262
16,44863,752,0.0,5549,585,44278
8,44871,752,0.0,5550,585,44286
3,44874,752,0.0,5551,585,44289
12,44886,752,0.0,5552,585,44301
4,44890,752,0.0,5553,585,44305
5,44895,752,0.0,5554,585,44310
8,44903,753,1.0,5555,585,44318
4,44907,753,0.0,5556,585,44322
8,44915,754,1.0,5557,585,44330
8,44923,754,0.0,5558,585,44338
8,44931,754,0.0,5559,585,44346
14,44945,754,0.0,5560,585,44360
3,44948,754,0.0,5561,585,44363
8,44956,754,0.0,5562,585,44371
8,44964,754,0.0,5563,585,44379
5,44969,754,0.0,5564,585,44384
2,44971,754,0.0,5565,585,44386
19,44990,754,0.0,5566,585,44405
13,45003,754,0.0,5567,585,44418
7,45010,754,0.0,5568,585,44425
13,45023,754,0.0,5569,585,44438
8,45031,755,1.0,5570,585,44446
8,45039,755,0.0,5571,585,44454
9,45048,755,0.0,5572,585,44463
8,45056,756,1.0,5573,585,44471
3,45059,756,0.0,5574,585,44474
9,45068,756,0.0,5575,585,44483
8,45076,757,1.0,5576,585,44491
29,45105,758,1.0,5577,585,44520
3,45108,758,0.0,5578,585,44523
6,45114,758,0.0,5579,585,44529
9,45123,758,0.0,5580,585,44538
10,45133,758,0.0,5581,585,44548
9,45142,758,0.0,5582,585,44557
8,45150,758,0.0,5583,585,44565
2,45152,758,0.0,5584,585,44567
8,45160,758,0.0,5585,585,44575
9,45169,758,0.0,5586,585,44584
12,45181,758,0.0,5587,585,44596
2,45183,758,0.0,5588,585,44598
9,45192,758,0.0,5589,585,44607
4,45196,758,0.0,5590,585,44611
5,45201,758,0.0,5591,585,44616
4,45205,758,0.0,5592,585,44620
10,45215,758,0.0,5593,585,44630
8,45223,759,1.0,5594,585,44638
19,45242,759,0.0,5595,585,44657
6,45248,759,0.0,5596,585,44663
18,45266,760,1.0,5597,585,44681
2,45268,760,0.0,5598,585,44683
11,45279,760,0.0,5599,585,44694
20,45299,760,0.0,5600,585,44714
21,45320,760,0.0,5601,585,44735
2,45322,760,0.0,5602,585,44737
2,45324,760,0.0,5603,585,44739
5,45329,760,0.0,5604,585,44744
7,45336,760,0.0,5605,585,44751
11,45347,760,0.0,5606,585,44762
4,45351,760,0.0,5607,585,44766
2,45353,760,0.0,5608,585,44768
3,45356,760,0.0,5609,585,44771
8,45364,760,0.0,5610,585,44779
3,45367,760,0.0,5611,585,44782
9,45376,760,0.0,5612,585,44791
3,45379,760,0.0,5613,585,44794
2,45381,760,0.0,5614,585,44796
9,45390,760,0.0,5615,585,44805
5,45395,760,0.0,5616,585,44810
4,45399,760,0.0,5617,585,44814
9,45408,760,0.0,5618,585,44823
4,45412,760,0.0,5619,585,44827
5,45417,760,0.0,5620,585,44832
9,45426,760,0.0,5621,585,44841
8,45434,761,1.0,5622,585,44849
2,45436,761,0.0,5623,585,44851
8,45444,762,1.0,5624,585,44859
5,45449,762,0.0,5625,585,44864
4,45453,762,0.0,5626,585,44868
8,45461,762,0.0,5627,585,44876
8,45469,763,1.0,5628,585,44884
29,45498,764,1.0,5629,585,44913
8,45506,764,0.0,5630,585,44921
8,45514,764,0.0,5631,585,44929
16,45530,764,0.0,5632,585,44945
16,45546,765,1.0,5633,585,44961
8,45554,765,0.0,5634,585,44969
5,45559,765,0.0,5635,585,44974
10,45569,765,0.0,5636,585,44984
11,45580,765,0.0,5637,585,44995
13,45593,765,0.0,5638,585,45008
6,45599,765,0.0,5639,585,45014
8,45607,766,1.0,5640,585,45022
2,45609,766,0.0,5641,585,45024
3,45612,766,0.0,5642,585,45027
4,45616,766,0.0,5643,585,45031
2,45618,766,0.0,5644,585,45033
6,45624,766,0.0,5645,585,45039
10,45634,766,0.0,5646,585,45049
29,45663,767,1.0,5647,585,45078
8,45671,767,0.0,5648,585,45086
2,45673,767,0.0,5649,585,45088
3,45676,767,0.0,5650,585,45091
11,45687,767,0.0,5651,585,45102
3,45690,767,0.0,5652,585,45105
9,45699,767,0.0,5653,585,45114
8,45707,767,0.0,5654,585,45122
9,45716,767,0.0,5655,585,45131
3,45719,767,0.0,5656,585,45134
4,45723,767,0.0,5657,585,45138
9,45732,767,0.0,5658,585,45147
4,45736,767,0.0,5659,585,45151
8,45744,768,1.0,5660,585,45159
4,45748,768,0.0,5661,585,45163
2,45750,768,0.0,5662,585,45165
8,45758,769,1.0,5663,585,45173
4,45762,769,0.0,5664,585,45177
8,45770,769,0.0,5665,585,45185
8,45778,770,1.0,5666,585,45193
2,45780,770,0.0,5667,585,45195
18,45798,771,1.0,5668,585,45213
4,45802,771,0.0,5669,585,45217
13,45815,771,0.0,5670,585,45230
8,45823,771,0.0,5671,585,45238
9,45832,771,0.0,5672,585,45247
11,45843,771,0.0,5673,585,45258
8,45851,771,0.0,5674,585,45266
8,45859,771,0.0,5675,585,45274
8,45867,772,1.0,5676,585,45282
4,45871,772,0.0,5677,585,45286
5,45876,772,0.0,5678,585,45291
10,45886,772,0.0,5679,585,45301
18,45904,773,1.0,5680,585,45319
8,45912,773,0.0,5681,585,45327
7,45919,773,0.0,5682,585,45334
8,45927,773,0.0,5683,585,45342
28,45955,773,0.0,5684,585,45370
8,45963,774,1.0,5685,585,45378
9,45972,774,0.0,5686,585,45387
3,45975,774,0.0,5687,585,45390
8,45983,774,0.0,5688,585,45398
5,45988,774,0.0,5689,585,45403
3,45991,774,0.0,5690,585,45406
4,45995,774,0.0,5691,585,45410
8,46003,775,1.0,5692,585,45418
2,46005,775,0.0,5693,585,45420
8,46013,775,0.0,5694,585,45428
5,46018,775,0.0,5695,585,45433
5,46023,775,0.0,5696,585,45438
4,46027,775,0.0,5697,585,45442
2,46029,775,0.0,5698,585,45444
8,46037,775,0.0,5699,585,45452
29,46066,776,1.0,5700,585,45481
8,46074,776,0.0,5701,585,45489
4,46078,776,0.0,5702,585,45493
21,46099,776,0.0,5703,585,45514
8,46107,777,1.0,5704,585,45522
16,46123,777,0.0,5705,585,45538
8,46131,777,0.0,5706,585,45546
4,46135,777,0.0,5707,585,45550
20,46155,777,0.0,5708,585,45570
4,46159,777,0.0,5709,585,45574
8,46167,777,0.0,5710,585,45582
19,46186,777,0.0,5711,585,45601
4,46190,777,0.0,5712,585,45605
2,46192,777,0.0,5713,585,45607
14,46206,777,0.0,5714,585,45621
3,46209,777,0.0,5715,585,45624
11,46220,777,0.0,5716,585,45635
8,46228,777,0.0,5717,585,45643
4,46232,777,0.0,5718,585,45647
15,46247,777,0.0,5719,585,45662
6,46253,777,0.0,5720,585,45668
8,46261,777,0.0,5721,585,45676
6,46267,777,0.0,5722,585,45682
2,46269,777,0.0,5723,585,45684
8,46277,778,1.0,5724,585,45692
2,46279,778,0.0,5725,585,45694
8,46287,778,0.0,5726,585,45702
8,46295,779,1.0,5727,585,45710
8,46303,779,0.0,5728,585,45718
9,46312,779,0.0,5729,585,45727
6,46318,779,0.0,5730,585,45733
3,46321,779,0.0,5731,585,45736
8,46329,780,1.0,5732,585,45744
8,46337,780,0.0,5733,585,45752
8,46345,780,0.0,5734,585,45760
20,46365,780,0.0,5735,585,45780
8,46373,780,0.0,5736,585,45788
4,46377,780,0.0,5737,585,45792
19,46396,780,0.0,5738,585,45811
7,46403,780,0.0,5739,585,45818
11,46414,780,0.0,5740,585,45829
8,46422,780,0.0,5741,585,45837
2,46424,780,0.0,5742,585,45839
8,46432,781,1.0,5743,585,45847
9,46441,781,0.0,5744,585,45856
5,46446,781,0.0,5745,585,45861
5,46451,781,0.0,5746,585,45866
5,46456,781,0.0,5747,585,45871
8,46464,781,0.0,5748,585,45879
9,46473,781,0.0,5749,585,45888
10,46483,781,0.0,5750,585,45898
8,46491,781,0.0,5751,585,45906
2,46493,781,0.0,5752,585,45908
8,46501,781,0.0,5753,585,45916
16,46517,782,1.0,5754,585,45932
4,46521,782,0.0,5755,585,45936
9,46530,782,0.0,5756,585,45945
6,46536,782,0.0,5757,585,45951
8,46544,783,1.0,5758,585,45959
8,46552,784,1.0,5759,585,45967
8,46560,785,1.0,5760,585,45975
5,46565,785,0.0,5761,585,45980
8,46573,785,0.0,5762,585,45988
4,46577,785,0.0,5763,585,45992
8,46585,785,0.0,5764,585,46000
7,46592,785,0.0,5765,585,46007
11,46603,785,0.0,5766,585,46018
16,46619,785,0.0,5767,585,46034
11,46630,785,0.0,5768,585,46045
4,46634,785,0.0,5769,585,46049
8,46642,785,0.0,5770,585,46057
16,46658,785,0.0,5771,585,46073
6,46664,785,0.0,5772,585,46079
8,46672,785,0.0,5773,585,46087
8,46680,785,0.0,5774,585,46095
8,46688,785,0.0,5775,585,46103
8,46696,785,0.0,5776,585,46111
3,46699,785,0.0,5777,585,46114
2,46701,785,0.0,5778,585,46116
4,46705,785,0.0,5779,585,46120
8,46713,785,0.0,5780,585,46128
2,46715,785,0.0,5781,585,46130
6,46721,785,0.0,5782,585,46136
9,46730,785,0.0,5783,585,46145
9,46739,785,0.0,5784,585,46154
29,46768,786,1.0,5785,585,46183
6,46774,786,0.0,5786,585,46189
8,46782,787,1.0,5787,585,46197
2,46784,787,0.0,5788,585,46199
19,46803,787,0.0,5789,585,46218
5,46808,787,0.0,5790,585,46223
14,46822,787,0.0,5791,585,46237
8,46830,788,1.0,5792,585,46245
2,46832,788,0.0,5793,585,46247
21,46853,788,0.0,5794,585,46268
6,46859,788,0.0,5795,585,46274
8,46867,789,1.0,5796,585,46282
8,46875,789,0.0,5797,585,46290
5,46880,789,0.0,5798,585,46295
8,46888,790,1.0,5799,585,46303
5,46893,790,0.0,5800,585,46308
3,46896,790,0.0,5801,585,46311
4,46900,790,0.0,5802,585,46315
9,46909,790,0.0,5803,585,46324
8,46917,791,1.0,5804,585,46332
3,46920,791,0.0,5805,585,46335
7,46927,791,0.0,5806,585,46342
17,46944,791,0.0,5807,585,46359
6,46950,791,0.0,5808,585,46365
4,46954,791,0.0,5809,585,46369
4,46958,791,0.0,5810,585,46373
8,46966,791,0.0,5811,585,46381
5,46971,791,0.0,5812,585,46386
8,46979,791,0.0,5813,585,46394
6,46985,791,0.0,5814,585,46400
9,46994,791,0.0,5815,585,46409
5,46999,791,0.0,5816,585,46414
9,47008,791,0.0,5817,585,46423
7,47015,791,0.0,5818,585,46430
3,47018,791,0.0,5819,585,46433
4,47022,791,0.0,5820,585,46437
9,47031,791,0.0,5821,585,46446
3,47034,791,0.0,5822,585,46449
8,47042,791,0.0,5823,585,46457
2,47044,791,0.0,5824,585,46459
14,47058,791,0.0,5825,585,46473
8,47066,791,0.0,5826,585,46481
8,47074,791,0.0,5827,585,46489
8,47082,791,0.0,5828,585,46497
6,47088,791,0.0,5829,585,46503
8,47096,792,1.0,5830,585,46511
5,47101,792,0.0,5831,585,46516
2,47103,792,0.0,5832,585,46518
8,47111,793,1.0,5833,585,46526
8,47119,794,1.0,5834,585,46534
21,47140,794,0.0,5835,585,46555
8,47148,794,0.0,5836,585,46563
4,47152,794,0.0,5837,585,46567
8,47160,794,0.0,5838,585,46575
2,47162,794,0.0,5839,585,46577
23,47185,794,0.0,5840,585,46600
7,47192,794,0.0,5841,585,46607
8,47200,795,1.0,5842,585,46615
8,47208,795,0.0,5843,585,46623
20,47228,795,0.0,5844,585,46643
3,47231,795,0.0,5845,585,46646
8,47239,795,0.0,5846,585,46654
3,47242,795,0.0,5847,585,46657
8,47250,795,0.0,5848,585,46665
5,47255,795,0.0,5849,585,46670
9,47264,795,0.0,5850,585,46679
9,47273,795,0.0,5851,585,46688
8,47281,795,0.0,5852,585,46696
9,47290,795,0.0,5853,585,46705
4,47294,795,0.0,5854,585,46709
4,47298,795,0.0,5855,585,46713
4,47302,795,0.0,5856,585,46717
8,47310,796,1.0,5857,585,46725
16,47326,797,1.0,5858,585,46741
8,47334,797,0.0,5859,585,46749
11,47345,797,0.0,5860,585,46760
5,47350,797,0.0,5861,585,46765
8,47358,797,0.0,5862,585,46773
4,47362,797,0.0,5863,585,46777
11,47373,797,0.0,5864,585,46788
8,47381,797,0.0,5865,585,46796
16,47397,798,1.0,5866,585,46812
10,47407,798,0.0,5867,585,46822
3,47410,798,0.0,5868,585,46825
5,47415,798,0.0,5869,585,46830
14,47429,798,0.0,5870,585,46844
8,47437,798,0.0,5871,585,46852
5,47442,798,0.0,5872,585,46857
11,47453,798,0.0,5873,585,46868
5,47458,798,0.0,5874,585,46873
6,47464,798,0.0,5875,585,46879
10,47474,798,0.0,5876,585,46889
8,47482,798,0.0,5877,585,46897
5,47487,798,0.0,5878,585,46902
9,47496,798,0.0,5879,585,46911
8,47504,798,0.0,5880,585,46919
3,47507,798,0.0,5881,585,46922
4,47511,798,0.0,5882,585,46926
8,47519,798,0.0,5883,585,46934
3,47522,798,0.0,5884,585,46937
17,47539,798,0.0,5885,585,46954
8,47547,799,1.0,5886,585,46962
8,47555,799,0.0,5887,585,46970
2,47557,799,0.0,5888,585,46972
5,47562,799,0.0,5889,585,46977
9,47571,799,0.0,5890,585,46986
2,47573,799,0.0,5891,585,46988
8,47581,800,1.0,5892,585,46996
7,47588,800,0.0,5893,585,47003
8,47596,801,1.0,5894,585,47011
3,47599,801,0.0,5895,585,47014
8,47607,801,0.0,5896,585,47022
8,47615,801,0.0,5897,585,47030
8,47623,802,1.0,5898,585,47038
7,47630,802,0.0,5899,585,47045
13,47643,802,0.0,5900,585,47058
8,47651,803,1.0,5901,585,47066
6,47657,803,0.0,5902,585,47072
4,47661,803,0.0,5903,585,47076
3,47664,803,0.0,5904,585,47079
6,47670,803,0.0,5905,585,47085
2,47672,803,0.0,5906,585,47087
16,47688,804,1.0,5907,585,47103
8,47696,804,0.0,5908,585,47111
4,47700,804,0.0,5909,585,47115
4,47704,804,0.0,5910,585,47119
8,47712,805,1.0,5911,585,47127
4,47716,805,0.0,5912,585,47131
8,47724,805,0.0,5913,585,47139
5,47729,805,0.0,5914,585,47144
5,47734,805,0.0,5915,585,47149
8,47742,806,1.0,5916,585,47157
7,47749,806,0.0,5917,585,47164
8,47757,807,1.0,5918,585,47172
4,47761,807,0.0,5919,585,47176
16,47777,807,0.0,5920,585,47192
8,47785,808,1.0,5921,585,47200
8,47793,808,0.0,5922,585,47208
8,47801,808,0.0,5923,585,47216
12,47813,808,0.0,5924,585,47228
5,47818,808,0.0,5925,585,47233
7,47825,808,0.0,5926,585,47240
6,47831,808,0.0,5927,585,47246
8,47839,808,0.0,5928,585,47254
3,47842,808,0.0,5929,585,47257
10,47852,808,0.0,5930,585,47267
2,47854,808,0.0,5931,585,47269
8,47862,808,0.0,5932,585,47277
9,47871,808,0.0,5933,585,47286
8,47879,809,1.0,5934,585,47294
4,47883,809,0.0,5935,585,47298
4,47887,809,0.0,5936,585,47302
8,47895,810,1.0,5937,585,47310
7,47902,810,0.0,5938,585,47317
2,47904,810,0.0,5939,585,47319
8,47912,811,1.0,5940,585,47327
3,47915,811,0.0,5941,585,47330
8,47923,811,0.0,5942,585,47338
9,47932,811,0.0,5943,585,47347
21,47953,811,0.0,5944,585,47368
3,47956,811,0.0,5945,585,47371
4,47960,811,0.0,5946,585,47375
9,47969,811,0.0,5947,585,47384
2,47971,811,0.0,5948,585,47386
4,47975,811,0.0,5949,585,47390
9,47984,811,0.0,5950,585,47399
9,47993,811,0.0,5951,585,47408
4,47997,811,0.0,5952,585,47412
2,47999,811,0.0,5953,585,47414
7,48006,811,0.0,5954,585,47421
8,48014,812,1.0,5955,585,47429
11,48025,812,0.0,5956,585,47440
9,48034,812,0.0,5957,585,47449
10,48044,812,0.0,5958,585,47459
4,48048,812,0.0,5959,585,47463
8,48056,812,0.0,5960,585,47471
4,48060,812,0.0,5961,585,47475
5,48065,812,0.0,5962,585,47480
4,48069,812,0.0,5963,585,47484
8,48077,813,1.0,5964,585,47492
8,48085,814,1.0,5965,585,47500
7,48092,814,0.0,5966,585,47507
9,48101,814,0.0,5967,585,47516
2,48103,814,0.0,5968,585,47518
8,48111,815,1.0,5969,585,47526
9,48120,815,0.0,5970,585,47535
8,48128,815,0.0,5971,585,47543
8,48136,815,0.0,5972,585,47551
6,48142,815,0.0,5973,585,47557
2,48144,815,0.0,5974,585,47559
8,48152,816,1.0,5975,585,47567
8,48160,817,1.0,5976,585,47575
5,48165,817,0.0,5977,585,47580
8,48173,817,0.0,5978,585,47588
3,48176,817,0.0,5979,585,47591
9,48185,817,0.0,5980,585,47600
6,48191,817,0.0,5981,585,47606
8,48199,817,0.0,5982,585,47614
6,48205,817,0.0,5983,585,47620
5,48210,817,0.0,5984,585,47625
5,48215,817,0.0,5985,585,47630
5,48220,817,0.0,5986,585,47635
9,48229,817,0.0,5987,585,47644
4,48233,817,0.0,5988,585,47648
8,48241,818,1.0,5989,585,47656
9,48250,818,0.0,5990,585,47665
19,48269,818,0.0,5991,585,47684
8,48277,818,0.0,5992,585,47692
8,48285,819,1.0,5993,585,47700
4,48289,819,0.0,5994,585,47704
5,48294,819,0.0,5995,585,47709
8,48302,819,0.0,5996,585,47717
8,48310,820,1.0,5997,585,47725
11,48321,820,0.0,5998,585,47736
5,48326,820,0.0,5999,585,47741
16,48342,820,0.0,6000,585,47757
2,48344,820,0.0,6001,585,47759
8,48352,821,1.0,6002,585,47767
13,48365,821,0.0,6003,585,47780
8,48373,821,0.0,6004,585,47788
13,48386,821,0.0,6005,585,47801
6,48392,821,0.0,6006,585,47807
2,48394,821,0.0,6007,585,47809
8,48402,821,0.0,6008,585,47817
8,48410,821,0.0,6009,585,47825
6,48416,821,0.0,6010,585,47831
8,48424,822,1.0,6011,585,47839
8,48432,822,0.0,6012,585,47847
5,48437,822,0.0,6013,585,47852
9,48446,822,0.0,6014,585,47861
10,48456,822,0.0,6015,585,47871
7,48463,822,0.0,6016,585,47878
8,48471,823,1.0,6017,585,47886
9,48480,823,0.0,6018,585,47895
8,48488,824,1.0,6019,585,47903
2,48490,824,0.0,6020,585,47905
8,48498,824,0.0,6021,585,47913
7,48505,824,0.0,6022,585,47920
8,48513,825,1.0,6023,585,47928
9,48522,825,0.0,6024,585,47937
3,48525,825,0.0,6025,585,47940
11,48536,825,0.0,6026,585,47951
2,48538,825,0.0,6027,585,47953
6,48544,825,0.0,6028,585,47959
9,48553,825,0.0,6029,585,47968
17,48570,825,0.0,6030,585,47985
16,48586,826,1.0,6031,585,48001
6,48592,826,0.0,6032,585,48007
8,48600,826,0.0,6033,585,48015
9,48609,826,0.0,6034,585,48024
3,48612,826,0.0,6035,585,48027
11,48623,826,0.0,6036,585,48038
4,48627,826,0.0,6037,585,48042
18,48645,826,0.0,6038,585,48060
10,48655,826,0.0,6039,585,48070
8,48663,827,1.0,6040,585,48078
4,48667,827,0.0,6041,585,48082
5,48672,827,0.0,6042,585,48087
8,48680,828,1.0,6043,585,48095
8,48688,828,0.0,6044,585,48103
8,48696,829,1.0,6045,585,48111
2,48698,829,0.0,6046,585,48113
8,48706,830,1.0,6047,585,48121
8,48714,830,0.0,6048,585,48129
8,48722,831,1.0,6049,585,48137
9,48731,831,0.0,6050,585,48146
9,48740,831,0.0,6051,585,48155
4,48744,831,0.0,6052,585,48159
8,48752,831,0.0,6053,585,48167
21,48773,831,0.0,6054,585,48188
7,48780,831,0.0,6055,585,48195
11,48791,831,0.0,6056,585,48206
12,48803,831,0.0,6057,585,48218
4,48807,831,0.0,6058,585,48222
8,48815,831,0.0,6059,585,48230
9,48824,831,0.0,6060,585,48239
2,48826,831,0.0,6061,585,48241
20,48846,831,0.0,6062,585,48261
8,48854,831,0.0,6063,585,48269
5,48859,831,0.0,6064,585,48274
16,48875,831,0.0,6065,585,48290
5,48880,831,0.0,6066,585,48295
9,48889,831,0.0,6067,585,48304
8,48897,831,0.0,6068,585,48312
8,48905,831,0.0,6069,585,48320
8,48913,831,0.0,6070,585,48328
5,48918,831,0.0,6071,585,48333
4,48922,831,0.0,6072,585,48337
8,48930,831,0.0,6073,585,48345
8,48938,832,1.0,6074,585,48353
9,48947,832,0.0,6075,585,48362
9,48956,832,0.0,6076,585,48371
20,48976,833,1.0,6077,585,48391
15,48991,833,0.0,6078,585,48406
8,48999,834,1.0,6079,585,48414
15,49014,834,0.0,6080,585,48429
5,49019,834,0.0,6081,585,48434
8,49027,834,0.0,6082,585,48442
5,49032,834,0.0,6083,585,48447
8,49040,834,0.0,6084,585,48455
3,49043,834,0.0,6085,585,48458
3,49046,834,0.0,6086,585,48461
5,49051,834,0.0,6087,585,48466
6,49057,834,0.0,6088,585,48472
5,49062,834,0.0,6089,585,48477
3,49065,834,0.0,6090,585,48480
3,49068,834,0.0,6091,585,48483
8,49076,834,0.0,6092,585,48491
9,49085,834,0.0,6093,585,48500
5,49090,834,0.0,6094,585,48505
8,49098,834,0.0,6095,585,48513
5,49103,834,0.0,6096,585,48518
8,49111,834,0.0,6097,585,48526
9,49120,834,0.0,6098,585,48535
14,49134,834,0.0,6099,585,48549
8,49142,834,0.0,6100,585,48557
14,49156,834,0.0,6101,585,48571
3,49159,834,0.0,6102,585,48574
5,49164,834,0.0,6103,585,48579
29,49193,835,1.0,6104,585,48608
13,49206,835,0.0,6105,585,48621
11,49217,835,0.0,6106,585,48632
12,49229,835,0.0,6107,585,48644
7,49236,835,0.0,6108,585,48651
8,49244,836,1.0,6109,585,48659
8,49252,837,1.0,6110,585,48667
9,49261,837,0.0,6111,585,48676
5,49266,837,0.0,6112,585,48681
8,49274,838,1.0,6113,585,48689
29,49303,839,1.0,6114,585,48718
2,49305,839,0.0,6115,585,48720
7,49312,839,0.0,6116,585,48727
2,49314,839,0.0,6117,585,48729
8,49322,839,0.0,6118,585,48737
13,49335,839,0.0,6119,585,48750
8,49343,839,0.0,6120,585,48758
4,49347,839,0.0,6121,585,48762
8,49355,840,1.0,6122,585,48770
4,49359,840,0.0,6123,585,48774
8,49367,840,0.0,6124,585,48782
9,49376,840,0.0,6125,585,48791
8,49384,840,0.0,6126,585,48799
5,49389,840,0.0,6127,585,48804
29,49418,841,1.0,6128,585,48833
8,49426,842,1.0,6129,585,48841
3,49429,842,0.0,6130,585,48844
8,49437,842,0.0,6131,585,48852
20,49457,842,0.0,6132,585,48872
5,49462,842,0.0,6133,585,48877
2,49464,842,0.0,6134,585,48879
12,49476,842,0.0,6135,585,48891
15,49491,842,0.0,6136,585,48906
8,49499,842,0.0,6137,585,48914
20,49519,843,1.0,6138,585,48934
29,49548,844,1.0,6139,585,48963
4,49552,844,0.0,6140,585,48967
6,49558,844,0.0,6141,585,48973
21,49579,844,0.0,6142,585,48994
8,49587,844,0.0,6143,585,49002
8,49595,845,1.0,6144,585,49010
4,49599,845,0.0,6145,585,49014
8,49607,846,1.0,6146,585,49022
9,49616,846,0.0,6147,585,49031
3,49619,846,0.0,6148,585,49034
4,49623,846,0.0,6149,585,49038
6,49629,846,0.0,6150,585,49044
5,49634,846,0.0,6151,585,49049
2,49636,846,0.0,6152,585,49051
3,49639,846,0.0,6153,585,49054
8,49647,846,0.0,6154,585,49062
12,49659,846,0.0,6155,585,49074
19,49678,846,0.0,6156,585,49093
9,49687,846,0.0,6157,585,49102
8,49695,846,0.0,6158,585,49110
3,49698,846,0.0,6159,585,49113
8,49706,846,0.0,6160,585,49121
9,49715,846,0.0,6161,585,49130
8,49723,846,0.0,6162,585,49138
9,49732,846,0.0,6163,585,49147
8,49740,846,0.0,6164,585,49155
9,49749,846,0.0,6165,585,49164
9,49758,846,0.0,6166,585,49173
2,49760,846,0.0,6167,585,49175
10,49770,846,0.0,6168,585,49185
2,49772,846,0.0,6169,585,49187
9,49781,846,0.0,6170,585,49196
9,49790,846,0.0,6171,585,49205
2,49792,846,0.0,6172,585,49207
3,49795,846,0.0,6173,585,49210
8,49803,846,0.0,6174,585,49218
4,49807,846,0.0,6175,585,49222
2,49809,846,0.0,6176,585,49224
5,49814,846,0.0,6177,585,49229
7,49821,846,0.0,6178,585,49236
8,49829,847,1.0,6179,585,49244
12,49841,847,0.0,6180,585,49256
9,49850,847,0.0,6181,585,49265
2,49852,847,0.0,6182,585,49267
8,49860,848,1.0,6183,585,49275
29,49889,849,1.0,6184,585,49304
8,49897,849,0.0,6185,585,49312
14,49911,849,0.0,6186,585,49326
14,49925,849,0.0,6187,585,49340
5,49930,849,0.0,6188,585,49345
14,49944,849,0.0,6189,585,49359
8,49952,850,1.0,6190,585,49367
4,49956,850,0.0,6191,585,49371
8,49964,850,0.0,6192,585,49379
3,49967,850,0.0,6193,585,49382
8,49975,851,1.0,6194,585,49390
5,49980,851,0.0,6195,585,49395
8,49988,851,0.0,6196,585,49403
9,49997,851,0.0,6197,585,49412
8,50005,851,0.0,6198,585,49420
7,50012,851,0.0,6199,585,49427
11,50023,851,0.0,6200,585,49438
5,50028,851,0.0,6201,585,49443
8,50036,851,0.0,6202,585,49451
8,50044,852,1.0,6203,585,49459
6,50050,852,0.0,6204,585,49465
10,50060,852,0.0,6205,585,49475
3,50063,852,0.0,6206,585,49478
9,50072,852,0.0,6207,585,49487
8,50080,852,0.0,6208,585,49495
9,50089,852,0.0,6209,585,49504
8,50097,852,0.0,6210,585,49512
8,50105,852,0.0,6211,585,49520
13,50118,852,0.0,6212,585,49533
7,50125,852,0.0,6213,585,49540
16,50141,853,1.0,6214,585,49556
8,50149,854,1.0,6215,585,49564
2,50151,854,0.0,6216,585,49566
5,50156,854,0.0,6217,585,49571
11,50167,854,0.0,6218,585,49582
9,50176,854,0.0,6219,585,49591
7,50183,854,0.0,6220,585,49598
4,50187,854,0.0,6221,585,49602
2,50189,854,0.0,6222,585,49604
22,50211,854,0.0,6223,585,49626
8,50219,855,1.0,6224,585,49634
2,50221,855,0.0,6225,585,49636
8,50229,855,0.0,6226,585,49644
8,50237,855,0.0,6227,585,49652
8,50245,856,1.0,6228,585,49660
8,50253,856,0.0,6229,585,49668
29,50282,857,1.0,6230,585,49697
6,50288,857,0.0,6231,585,49703
8,50296,857,0.0,6232,585,49711
4,50300,857,0.0,6233,585,49715
8,50308,858,1.0,6234,585,49723
8,50316,858,0.0,6235,585,49731
8,50324,859,1.0,6236,585,49739
8,50332,860,1.0,6237,585,49747
23,50355,860,0.0,6238,585,49770
13,50368,860,0.0,6239,585,49783
8,50376,860,0.0,6240,585,49791
6,50382,860,0.0,6241,585,49797
8,50390,861,1.0,6242,585,49805
7,50397,861,0.0,6243,585,49812
6,50403,861,0.0,6244,585,49818
8,50411,862,1.0,6245,585,49826
8,50419,863,1.0,6246,585,49834
3,50422,863,0.0,6247,585,49837
5,50427,863,0.0,6248,585,49842
8,50435,864,1.0,6249,585,49850
3,50438,864,0.0,6250,585,49853
4,50442,864,0.0,6251,585,49857
13,50455,864,0.0,6252,585,49870
8,50463,865,1.0,6253,585,49878
8,50471,866,1.0,6254,585,49886
7,50478,866,0.0,6255,585,49893
11,50489,866,0.0,6256,585,49904
6,50495,866,0.0,6257,585,49910
3,50498,866,0.0,6258,585,49913
16,50514,867,1.0,6259,585,49929
14,50528,867,0.0,6260,585,49943
6,50534,867,0.0,6261,585,49949
2,50536,867,0.0,6262,585,49951
9,50545,867,0.0,6263,585,49960
8,50553,867,0.0,6264,585,49968
6,50559,867,0.0,6265,585,49974
5,50564,867,0.0,6266,585,49979
14,50578,867,0.0,6267,585,49993
2,50580,867,0.0,6268,585,49995
2,50582,867,0.0,6269,585,49997
3,50585,867,0.0,6270,585,50000
8,50593,867,0.0,6271,585,50008
4,50597,867,0.0,6272,585,50012
9,50606,867,0.0,6273,585,50021
6,50612,867,0.0,6274,585,50027
5,50617,867,0.0,6275,585,50032
2,50619,867,0.0,6276,585,50034
8,50627,867,0.0,6277,585,50042
9,50636,867,0.0,6278,585,50051
4,50640,867,0.0,6279,585,50055
8,50648,867,0.0,6280,585,50063
8,50656,867,0.0,6281,585,50071
3,50659,867,0.0,6282,585,50074
8,50667,867,0.0,6283,585,50082
9,50676,867,0.0,6284,585,50091
3,50679,867,0.0,6285,585,50094
8,50687,867,0.0,6286,585,50102
8,50695,868,1.0,6287,585,50110
8,50703,869,1.0,6288,585,50118
8,50711,869,0.0,6289,585,50126
8,50719,870,1.0,6290,585,50134
13,50732,870,0.0,6291,585,50147
3,50735,870,0.0,6292,585,50150
8,50743,870,0.0,6293,585,50158
3,50746,870,0.0,6294,585,50161
4,50750,870,0.0,6295,585,50165
16,50766,870,0.0,6296,585,50181
19,50785,870,0.0,6297,585,50200
16,50801,870,0.0,6298,585,50216
5,50806,870,0.0,6299,585,50221
8,50814,870,0.0,6300,585,50229
8,50822,871,1.0,6301,585,50237
9,50831,871,0.0,6302,585,50246
6,50837,871,0.0,6303,585,50252
9,50846,871,0.0,6304,585,50261
8,50854,872,1.0,6305,585,50269
29,50883,873,1.0,6306,585,50298
8,50891,873,0.0,6307,585,50306
4,50895,873,0.0,6308,585,50310
8,50903,874,1.0,6309,585,50318
18,50921,875,1.0,6310,585,50336
8,50929,876,1.0,6311,585,50344
5,50934,876,0.0,6312,585,50349
14,50948,876,0.0,6313,585,50363
7,50955,876,0.0,6314,585,50370
8,50963,876,0.0,6315,585,50378
22,50985,876,0.0,6316,585,50400
8,50993,876,0.0,6317,585,50408
8,51001,876,0.0,6318,585,50416
8,51009,876,0.0,6319,585,50424
8,51017,876,0.0,6320,585,50432
8,51025,877,1.0,6321,585,50440
8,51033,877,0.0,6322,585,50448
3,51036,877,0.0,6323,585,50451
13,51049,877,0.0,6324,585,50464
19,51068,877,0.0,6325,585,50483
2,51070,877,0.0,6326,585,50485
29,51099,878,1.0,6327,585,50514
8,51107,879,1.0,6328,585,50522
8,51115,879,0.0,6329,585,50530
14,51129,879,0.0,6330,585,50544
8,51137,880,1.0,6331,585,50552
14,51151,880,0.0,6332,585,50566
5,51156,880,0.0,6333,585,50571
8,51164,880,0.0,6334,585,50579
8,51172,880,0.0,6335,585,50587
3,51175,880,0.0,6336,585,50590
3,51178,880,0.0,6337,585,50593
5,51183,880,0.0,6338,585,50598
3,51186,880,0.0,6339,585,50601
8,51194,880,0.0,6340,585,50609
3,51197,880,0.0,6341,585,50612
12,51209,880,0.0,6342,585,50624
3,51212,880,0.0,6343,585,50627
9,51221,880,0.0,6344,585,50636
8,51229,880,0.0,6345,585,50644
3,51232,880,0.0,6346,585,50647
29,51261,881,1.0,6347,585,50676
8,51269,881,0.0,6348,585,50684
2,51271,881,0.0,6349,585,50686
8,51279,881,0.0,6350,585,50694
11,51290,881,0.0,6351,585,50705
12,51302,881,0.0,6352,585,50717
8,51310,881,0.0,6353,585,50725
6,51316,881,0.0,6354,585,50731
9,51325,881,0.0,6355,585,50740
6,51331,881,0.0,6356,585,50746
10,51341,881,0.0,6357,585,50756
19,51360,881,0.0,6358,585,50775
2,51362,881,0.0,6359,585,50777
8,51370,881,0.0,6360,585,50785
2,51372,881,0.0,6361,585,50787
3,51375,881,0.0,6362,585,50790
8,51383,882,1.0,6363,585,50798
29,51412,883,1.0,6364,585,50827
4,51416,883,0.0,6365,585,50831
9,51425,883,0.0,6366,585,50840
29,51454,884,1.0,6367,585,50869
17,51471,884,0.0,6368,585,50886
8,51479,884,0.0,6369,585,50894
8,51487,885,1.0,6370,585,50902
11,51498,885,0.0,6371,585,50913
29,51527,886,1.0,6372,585,50942
4,51531,886,0.0,6373,585,50946
8,51539,887,1.0,6374,585,50954
2,51541,887,0.0,6375,585,50956
14,51555,887,0.0,6376,585,50970
2,51557,887,0.0,6377,585,50972
8,51565,887,0.0,6378,585,50980
4,51569,887,0.0,6379,585,50984
8,51577,887,0.0,6380,585,50992
3,51580,887,0.0,6381,585,50995
9,51589,887,0.0,6382,585,51004
8,51597,887,0.0,6383,585,51012
6,51603,887,0.0,6384,585,51018
4,51607,887,0.0,6385,585,51022
11,51618,887,0.0,6386,585,51033
8,51626,887,0.0,6387,585,51041
8,51634,887,0.0,6388,585,51049
23,51657,887,0.0,6389,585,51072
8,51665,888,1.0,6390,585,51080
6,51671,888,0.0,6391,585,51086
2,51673,888,0.0,6392,585,51088
30,51703,888,0.0,6393,585,51118
13,51716,888,0.0,6394,585,51131
8,51724,888,0.0,6395,585,51139
17,51741,888,0.0,6396,585,51156
8,51749,888,0.0,6397,585,51164
8,51757,889,1.0,6398,585,51172
8,51765,890,1.0,6399,585,51180
8,51773,891,1.0,6400,585,51188
9,51782,891,0.0,6401,585,51197
8,51790,892,1.0,6402,585,51205
11,51801,892,0.0,6403,585,51216
14,51815,892,0.0,6404,585,51230
14,51829,892,0.0,6405,585,51244
14,51843,892,0.0,6406,585,51258
8,51851,892,0.0,6407,585,51266
8,51859,893,1.0,6408,585,51274
3,51862,893,0.0,6409,585,51277
20,51882,894,1.0,6410,585,51297
8,51890,895,1.0,6411,585,51305
9,51899,895,0.0,6412,585,51314
8,51907,895,0.0,6413,585,51322
8,51915,895,0.0,6414,585,51330
5,51920,895,0.0,6415,585,51335
2,51922,895,0.0,6416,585,51337
3,51925,895,0.0,6417,585,51340
8,51933,895,0.0,6418,585,51348
8,51941,895,0.0,6419,585,51356
4,51945,895,0.0,6420,585,51360
12,51957,895,0.0,6421,585,51372
8,51965,896,1.0,6422,585,51380
3,51968,896,0.0,6423,585,51383
8,51976,896,0.0,6424,585,51391
18,51994,897,1.0,6425,585,51409
8,52002,897,0.0,6426,585,51417
8,52010,898,1.0,6427,585,51425
4,52014,898,0.0,6428,585,51429
9,52023,898,0.0,6429,585,51438
9,52032,898,0.0,6430,585,51447
4,52036,898,0.0,6431,585,51451
37,52073,898,0.0,6432,585,51488
8,52081,899,1.0,6433,585,51496
8,52089,899,0.0,6434,585,51504
2,52091,899,0.0,6435,585,51506
9,52100,899,0.0,6436,585,51515
7,52107,899,0.0,6437,585,51522
6,52113,899,0.0,6438,585,51528
8,52121,899,0.0,6439,585,51536
8,52129,900,1.0,6440,585,51544
11,52140,900,0.0,6441,585,51555
8,52148,900,0.0,6442,585,51563
8,52156,900,0.0,6443,585,51571
5,52161,900,0.0,6444,585,51576
2,52163,900,0.0,6445,585,51578
19,52182,900,0.0,6446,585,51597
18,52200,901,1.0,6447,585,51615
18,52218,902,1.0,6448,585,51633
16,52234,902,0.0,6449,585,51649
9,52243,902,0.0,6450,585,51658
10,52253,902,0.0,6451,585,51668
5,52258,902,0.0,6452,585,51673
8,52266,903,1.0,6453,585,51681
4,52270,903,0.0,6454,585,51685
2,52272,903,0.0,6455,585,51687
2,52274,903,0.0,6456,585,51689
16,52290,904,1.0,6457,585,51705
29,52319,905,1.0,6458,585,51734
8,52327,905,0.0,6459,585,51742
9,52336,905,0.0,6460,585,51751
4,52340,905,0.0,6461,585,51755
3,52343,905,0.0,6462,585,51758
4,52347,905,0.0,6463,585,51762
15,52362,905,0.0,6464,585,51777
17,52379,905,0.0,6465,585,51794
4,52383,905,0.0,6466,585,51798
3,52386,905,0.0,6467,585,51801
5,52391,905,0.0,6468,585,51806
5,52396,905,0.0,6469,585,51811
3,52399,905,0.0,6470,585,51814
2,52401,905,0.0,6471,585,51816
23,52424,905,0.0,6472,585,51839
7,52431,905,0.0,6473,585,51846
8,52439,906,1.0,6474,585,51854
9,52448,906,0.0,6475,585,51863
8,52456,906,0.0,6476,585,51871
8,52464,907,1.0,6477,585,51879
2,52466,907,0.0,6478,585,51881
10,52476,907,0.0,6479,585,51891
2,52478,907,0.0,6480,585,51893
5,52483,907,0.0,6481,585,51898
3,52486,907,0.0,6482,585,51901
8,52494,907,0.0,6483,585,51909
8,52502,908,1.0,6484,585,51917
5,52507,908,0.0,6485,585,51922
2,52509,908,0.0,6486,585,51924
29,52538,909,1.0,6487,585,51953
29,52567,910,1.0,6488,585,51982
2,52569,910,0.0,6489,585,51984
5,52574,910,0.0,6490,585,51989
2,52576,910,0.0,6491,585,51991
5,52581,910,0.0,6492,585,51996
8,52589,910,0.0,6493,585,52004
8,52597,911,1.0,6494,585,52012
2,52599,911,0.0,6495,585,52014
6,52605,911,0.0,6496,585,52020
2,52607,911,0.0,6497,585,52022
29,52636,912,1.0,6498,585,52051
2,52638,912,0.0,6499,585,52053
8,52646,912,0.0,6500,585,52061
8,52654,912,0.0,6501,585,52069
2,52656,912,0.0,6502,585,52071
3,52659,912,0.0,6503,585,52074
8,52667,912,0.0,6504,585,52082
9,52676,912,0.0,6505,585,52091
8,52684,912,0.0,6506,585,52099
3,52687,912,0.0,6507,585,52102
3,52690,912,0.0,6508,585,52105
6,52696,912,0.0,6509,585,52111
18,52714,913,1.0,6510,585,52129
8,52722,914,1.0,6511,585,52137
15,52737,914,0.0,6512,585,52152
12,52749,914,0.0,6513,585,52164
9,52758,914,0.0,6514,585,52173
2,52760,914,0.0,6515,585,52175
8,52768,914,0.0,6516,585,52183
6,52774,914,0.0,6517,585,52189
8,52782,914,0.0,6518,585,52197
11,52793,914,0.0,6519,585,52208
2,52795,914,0.0,6520,585,52210
8,52803,914,0.0,6521,585,52218
6,52809,914,0.0,6522,585,52224
8,52817,915,1.0,6523,585,52232
4,52821,915,0.0,6524,585,52236
12,52833,915,0.0,6525,585,52248
2,52835,915,0.0,6526,585,52250
2,52837,915,0.0,6527,585,52252
9,52846,915,0.0,6528,585,52261
6,52852,915,0.0,6529,585,52267
8,52860,915,0.0,6530,585,52275
5,52865,915,0.0,6531,585,52280
8,52873,916,1.0,6532,585,52288
6,52879,916,0.0,6533,585,52294
8,52887,917,1.0,6534,585,52302
8,52895,917,0.0,6535,585,52310
8,52903,918,1.0,6536,585,52318
21,52924,918,0.0,6537,585,52339
4,52928,918,0.0,6538,585,52343
6,52934,918,0.0,6539,585,52349
8,52942,918,0.0,6540,585,52357
9,52951,918,0.0,6541,585,52366
15,52966,918,0.0,6542,585,52381
2,52968,918,0.0,6543,585,52383
3,52971,918,0.0,6544,585,52386
18,52989,919,1.0,6545,585,52404
4,52993,919,0.0,6546,585,52408
3,52996,919,0.0,6547,585,52411
8,53004,919,0.0,6548,585,52419
9,53013,919,0.0,6549,585,52428
8,53021,920,1.0,6550,585,52436
9,53030,920,0.0,6551,585,52445
9,53039,920,0.0,6552,585,52454
4,53043,920,0.0,6553,585,52458
8,53051,921,1.0,6554,585,52466
5,53056,921,0.0,6555,585,52471
7,53063,921,0.0,6556,585,52478
2,53065,921,0.0,6557,585,52480
8,53073,922,1.0,6558,585,52488
9,53082,922,0.0,6559,585,52497
4,53086,922,0.0,6560,585,52501
2,53088,922,0.0,6561,585,52503
3,53091,922,0.0,6562,585,52506
9,53100,922,0.0,6563,585,52515
9,53109,922,0.0,6564,585,52524
8,53117,923,1.0,6565,585,52532
13,53130,923,0.0,6566,585,52545
8,53138,924,1.0,6567,585,52553
9,53147,924,0.0,6568,585,52562
8,53155,924,0.0,6569,585,52570
4,53159,924,0.0,6570,585,52574
9,53168,924,0.0,6571,585,52583
8,53176,924,0.0,6572,585,52591
6,53182,924,0.0,6573,585,52597
8,53190,924,0.0,6574,585,52605
8,53198,924,0.0,6575,585,52613
18,53216,925,1.0,6576,585,52631
3,53219,925,0.0,6577,585,52634
2,53221,925,0.0,6578,585,52636
8,53229,925,0.0,6579,585,52644
11,53240,925,0.0,6580,585,52655
2,53242,925,0.0,6581,585,52657
40,53282,925,0.0,6582,585,52697
8,53290,925,0.0,6583,585,52705
5,53295,925,0.0,6584,585,52710
8,53303,925,0.0,6585,585,52718
8,53311,925,0.0,6586,585,52726
8,53319,925,0.0,6587,585,52734
3,53322,925,0.0,6588,585,52737
3,53325,925,0.0,6589,585,52740
8,53333,926,1.0,6590,585,52748
5,53338,926,0.0,6591,585,52753
3,53341,926,0.0,6592,585,52756
8,53349,927,1.0,6593,585,52764
18,53367,928,1.0,6594,585,52782
8,53375,928,0.0,6595,585,52790
5,53380,928,0.0,6596,585,52795
9,53389,928,0.0,6597,585,52804
3,53392,928,0.0,6598,585,52807
9,53401,928,0.0,6599,585,52816
7,53408,928,0.0,6600,585,52823
10,53418,928,0.0,6601,585,52833
10,53428,928,0.0,6602,585,52843
5,53433,928,0.0,6603,585,52848
22,53455,928,0.0,6604,585,52870
5,53460,928,0.0,6605,585,52875
18,53478,928,0.0,6606,585,52893
8,53486,928,0.0,6607,585,52901
5,53491,928,0.0,6608,585,52906
5,53496,928,0.0,6609,585,52911
4,53500,928,0.0,6610,585,52915
17,53517,928,0.0,6611,585,52932
8,53525,929,1.0,6612,585,52940
3,53528,929,0.0,6613,585,52943
9,53537,929,0.0,6614,585,52952
8,53545,930,1.0,6615,585,52960
8,53553,930,0.0,6616,585,52968
8,53561,931,1.0,6617,585,52976
8,53569,932,1.0,6618,585,52984
8,53577,932,0.0,6619,585,52992
9,53586,932,0.0,6620,585,53001
11,53597,932,0.0,6621,585,53012
9,53606,932,0.0,6622,585,53021
9,53615,932,0.0,6623,585,53030
2,53617,932,0.0,6624,585,53032
13,53630,932,0.0,6625,585,53045
8,53638,933,1.0,6626,585,53053
8,53646,933,0.0,6627,585,53061
3,53649,933,0.0,6628,585,53064
8,53657,933,0.0,6629,585,53072
8,53665,934,1.0,6630,585,53080
8,53673,934,0.0,6631,585,53088
8,53681,934,0.0,6632,585,53096
8,53689,934,0.0,6633,585,53104
2,53691,934,0.0,6634,585,53106
8,53699,935,1.0,6635,585,53114
6,53705,935,0.0,6636,585,53120
11,53716,935,0.0,6637,585,53131
18,53734,936,1.0,6638,585,53149
9,53743,936,0.0,6639,585,53158
5,53748,936,0.0,6640,585,53163
6,53754,936,0.0,6641,585,53169
5,53759,936,0.0,6642,585,53174
16,53775,937,1.0,6643,585,53190
8,53783,938,1.0,6644,585,53198
2,53785,938,0.0,6645,585,53200
8,53793,938,0.0,6646,585,53208
8,53801,938,0.0,6647,585,53216
4,53805,938,0.0,6648,585,53220
12,53817,938,0.0,6649,585,53232
11,53828,938,0.0,6650,585,53243
8,53836,938,0.0,6651,585,53251
8,53844,939,1.0,6652,585,53259
8,53852,940,1.0,6653,585,53267
8,53860,940,0.0,6654,585,53275
3,53863,940,0.0,6655,585,53278
8,53871,941,1.0,6656,585,53286
8,53879,941,0.0,6657,585,53294
8,53887,942,1.0,6658,585,53302
12,53899,942,0.0,6659,585,53314
19,53918,942,0.0,6660,585,53333
8,53926,942,0.0,6661,585,53341
9,53935,942,0.0,6662,585,53350
5,53940,942,0.0,6663,585,53355
2,53942,942,0.0,6664,585,53357
8,53950,942,0.0,6665,585,53365
6,53956,942,0.0,6666,585,53371
9,53965,942,0.0,6667,585,53380
26,53991,942,0.0,6668,585,53406
8,53999,942,0.0,6669,585,53414
3,54002,942,0.0,6670,585,53417
9,54011,942,0.0,6671,585,53426
8,54019,942,0.0,6672,585,53434
8,54027,942,0.0,6673,585,53442
6,54033,942,0.0,6674,585,53448
3,54036,942,0.0,6675,585,53451
25,54061,942,0.0,6676,585,53476
6,54067,942,0.0,6677,585,53482
2,54069,942,0.0,6678,585,53484
8,54077,942,0.0,6679,585,53492
5,54082,942,0.0,6680,585,53497
8,54090,943,1.0,6681,585,53505
9,54099,943,0.0,6682,585,53514
13,54112,943,0.0,6683,585,53527
3,54115,943,0.0,6684,585,53530
15,54130,943,0.0,6685,585,53545
20,54150,943,0.0,6686,585,53565
10,54160,943,0.0,6687,585,53575
6,54166,943,0.0,6688,585,53581
9,54175,943,0.0,6689,585,53590
11,54186,943,0.0,6690,585,53601
7,54193,943,0.0,6691,585,53608
4,54197,943,0.0,6692,585,53612
8,54205,943,0.0,6693,585,53620
8,54213,944,1.0,6694,585,53628
9,54222,944,0.0,6695,585,53637
8,54230,944,0.0,6696,585,53645
4,54234,944,0.0,6697,585,53649
9,54243,944,0.0,6698,585,53658
8,54251,945,1.0,6699,585,53666
5,54256,945,0.0,6700,585,53671
4,54260,945,0.0,6701,585,53675
5,54265,945,0.0,6702,585,53680
7,54272,945,0.0,6703,585,53687
4,54276,945,0.0,6704,585,53691
8,54284,945,0.0,6705,585,53699
5,54289,945,0.0,6706,585,53704
11,54300,945,0.0,6707,585,53715
8,54308,945,0.0,6708,585,53723
7,54315,945,0.0,6709,585,53730
2,54317,945,0.0,6710,585,53732
4,54321,945,0.0,6711,585,53736
16,54337,946,1.0,6712,585,53752
10,54347,946,0.0,6713,585,53762
9,54356,946,0.0,6714,585,53771
8,54364,946,0.0,6715,585,53779
8,54372,946,0.0,6716,585,53787
13,54385,946,0.0,6717,585,53800
8,54393,946,0.0,6718,585,53808
3,54396,946,0.0,6719,585,53811
9,54405,946,0.0,6720,585,53820
10,54415,946,0.0,6721,585,53830
27,54442,946,0.0,6722,585,53857
8,54450,947,1.0,6723,585,53865
3,54453,947,0.0,6724,585,53868
16,54469,948,1.0,6725,585,53884
6,54475,948,0.0,6726,585,53890
4,54479,948,0.0,6727,585,53894
4,54483,948,0.0,6728,585,53898
10,54493,948,0.0,6729,585,53908
3,54496,948,0.0,6730,585,53911
9,54505,948,0.0,6731,585,53920
8,54513,949,1.0,6732,585,53928
6,54519,949,0.0,6733,585,53934
5,54524,949,0.0,6734,585,53939
8,54532,949,0.0,6735,585,53947
21,54553,949,0.0,6736,585,53968
8,54561,949,0.0,6737,585,53976
29,54590,950,1.0,6738,585,54005
4,54594,950,0.0,6739,585,54009
9,54603,950,0.0,6740,585,54018
4,54607,950,0.0,6741,585,54022
7,54614,950,0.0,6742,585,54029
20,54634,951,1.0,6743,585,54049
26,54660,951,0.0,6744,585,54075
8,54668,951,0.0,6745,585,54083
5,54673,951,0.0,6746,585,54088
8,54681,952,1.0,6747,585,54096
8,54689,952,0.0,6748,585,54104
4,54693,952,0.0,6749,585,54108
7,54700,952,0.0,6750,585,54115
4,54704,952,0.0,6751,585,54119
2,54706,952,0.0,6752,585,54121
9,54715,952,0.0,6753,585,54130
4,54719,952,0.0,6754,585,54134
8,54727,952,0.0,6755,585,54142
29,54756,953,1.0,6756,585,54171
9,54765,953,0.0,6757,585,54180
12,54777,953,0.0,6758,585,54192
9,54786,953,0.0,6759,585,54201
8,54794,954,1.0,6760,585,54209
6,54800,954,0.0,6761,585,54215
2,54802,954,0.0,6762,585,54217
8,54810,954,0.0,6763,585,54225
9,54819,954,0.0,6764,585,54234
8,54827,954,0.0,6765,585,54242
8,54835,955,1.0,6766,585,54250
8,54843,956,1.0,6767,585,54258
8,54851,956,0.0,6768,585,54266
9,54860,956,0.0,6769,585,54275
4,54864,956,0.0,6770,585,54279
15,54879,956,0.0,6771,585,54294
3,54882,956,0.0,6772,585,54297
4,54886,956,0.0,6773,585,54301
8,54894,956,0.0,6774,585,54309
8,54902,956,0.0,6775,585,54317
3,54905,956,0.0,6776,585,54320
8,54913,957,1.0,6777,585,54328
8,54921,957,0.0,6778,585,54336
9,54930,957,0.0,6779,585,54345
3,54933,957,0.0,6780,585,54348
2,54935,957,0.0,6781,585,54350
15,54950,957,0.0,6782,585,54365
16,54966,958,1.0,6783,585,54381
2,54968,958,0.0,6784,585,54383
2,54970,958,0.0,6785,585,54385
3,54973,958,0.0,6786,585,54388
6,54979,958,0.0,6787,585,54394
4,54983,958,0.0,6788,585,54398
8,54991,958,0.0,6789,585,54406
8,54999,959,1.0,6790,585,54414
5,55004,959,0.0,6791,585,54419
10,55014,959,0.0,6792,585,54429
8,55022,959,0.0,6793,585,54437
16,55038,960,1.0,6794,585,54453
8,55046,960,0.0,6795,585,54461
11,55057,960,0.0,6796,585,54472
5,55062,960,0.0,6797,585,54477
4,55066,960,0.0,6798,585,54481
8,55074,961,1.0,6799,585,54489
8,55082,962,1.0,6800,585,54497
8,55090,962,0.0,6801,585,54505
8,55098,962,0.0,6802,585,54513
4,55102,962,0.0,6803,585,54517
8,55110,962,0.0,6804,585,54525
8,55118,962,0.0,6805,585,54533
8,55126,963,1.0,6806,585,54541
16,55142,964,1.0,6807,585,54557
8,55150,964,0.0,6808,585,54565
8,55158,965,1.0,6809,585,54573
6,55164,965,0.0,6810,585,54579
18,55182,965,0.0,6811,585,54597
8,55190,965,0.0,6812,585,54605
3,55193,965,0.0,6813,585,54608
11,55204,965,0.0,6814,585,54619
8,55212,965,0.0,6815,585,54627
8,55220,965,0.0,6816,585,54635
10,55230,965,0.0,6817,585,54645
4,55234,965,0.0,6818,585,54649
16,55250,966,1.0,6819,585,54665
8,55258,966,0.0,6820,585,54673
4,55262,966,0.0,6821,585,54677
9,55271,966,0.0,6822,585,54686
9,55280,966,0.0,6823,585,54695
5,55285,966,0.0,6824,585,54700
19,55304,966,0.0,6825,585,54719
5,55309,966,0.0,6826,585,54724
8,55317,967,1.0,6827,585,54732
5,55322,967,0.0,6828,585,54737
2,55324,967,0.0,6829,585,54739
7,55331,967,0.0,6830,585,54746
7,55338,967,0.0,6831,585,54753
2,55340,967,0.0,6832,585,54755
8,55348,967,0.0,6833,585,54763
10,55358,967,0.0,6834,585,54773
8,55366,967,0.0,6835,585,54781
8,55374,967,0.0,6836,585,54789
16,55390,967,0.0,6837,585,54805
9,55399,967,0.0,6838,585,54814
8,55407,968,1.0,6839,585,54822
8,55415,968,0.0,6840,585,54830
2,55417,968,0.0,6841,585,54832
2,55419,968,0.0,6842,585,54834
8,55427,969,1.0,6843,585,54842
9,55436,969,0.0,6844,585,54851
5,55441,969,0.0,6845,585,54856
10,55451,969,0.0,6846,585,54866
11,55462,969,0.0,6847,585,54877
9,55471,969,0.0,6848,585,54886
2,55473,969,0.0,6849,585,54888
8,55481,969,0.0,6850,585,54896
9,55490,969,0.0,6851,585,54905
4,55494,969,0.0,6852,585,54909
11,55505,969,0.0,6853,585,54920
8,55513,970,1.0,6854,585,54928
8,55521,971,1.0,6855,585,54936
8,55529,972,1.0,6856,585,54944
2,55531,972,0.0,6857,585,54946
9,55540,972,0.0,6858,585,54955
3,55543,972,0.0,6859,585,54958
8,55551,972,0.0,6860,585,54966
3,55554,972,0.0,6861,585,54969
4,55558,972,0.0,6862,585,54973
6,55564,972,0.0,6863,585,54979
8,55572,972,0.0,6864,585,54987
9,55581,972,0.0,6865,585,54996
8,55589,973,1.0,6866,585,55004
9,55598,973,0.0,6867,585,55013
8,55606,973,0.0,6868,585,55021
24,55630,973,0.0,6869,585,55045
4,55634,973,0.0,6870,585,55049
4,55638,973,0.0,6871,585,55053
5,55643,973,0.0,6872,585,55058
29,55672,974,1.0,6873,585,55087
4,55676,974,0.0,6874,585,55091
8,55684,974,0.0,6875,585,55099
14,55698,974,0.0,6876,585,55113
10,55708,974,0.0,6877,585,55123
18,55726,975,1.0,6878,585,55141
5,55731,975,0.0,6879,585,55146
6,55737,975,0.0,6880,585,55152
3,55740,975,0.0,6881,585,55155
3,55743,975,0.0,6882,585,55158
5,55748,975,0.0,6883,585,55163
12,55760,975,0.0,6884,585,55175
9,55769,975,0.0,6885,585,55184
8,55777,975,0.0,6886,585,55192
4,55781,975,0.0,6887,585,55196
8,55789,975,0.0,6888,585,55204
4,55793,975,0.0,6889,585,55208
9,55802,975,0.0,6890,585,55217
9,55811,975,0.0,6891,585,55226
29,55840,976,1.0,6892,585,55255
6,55846,976,0.0,6893,585,55261
8,55854,977,1.0,6894,585,55269
10,55864,977,0.0,6895,585,55279
9,55873,977,0.0,6896,585,55288
8,55881,978,1.0,6897,585,55296
3,55884,978,0.0,6898,585,55299
6,55890,978,0.0,6899,585,55305
10,55900,978,0.0,6900,585,55315
6,55906,978,0.0,6901,585,55321
3,55909,978,0.0,6902,585,55324
2,55911,978,0.0,6903,585,55326
8,55919,978,0.0,6904,585,55334
2,55921,978,0.0,6905,585,55336
10,55931,978,0.0,6906,585,55346
14,55945,978,0.0,6907,585,55360
9,55954,978,0.0,6908,585,55369
11,55965,978,0.0,6909,585,55380
8,55973,979,1.0,6910,585,55388
4,55977,979,0.0,6911,585,55392
8,55985,980,1.0,6912,585,55400
13,55998,980,0.0,6913,585,55413
8,56006,980,0.0,6914,585,55421
8,56014,981,1.0,6915,585,55429
14,56028,981,0.0,6916,585,55443
2,56030,981,0.0,6917,585,55445
7,56037,981,0.0,6918,585,55452
9,56046,981,0.0,6919,585,55461
8,56054,982,1.0,6920,585,55469
16,56070,982,0.0,6921,585,55485
8,56078,982,0.0,6922,585,55493
3,56081,982,0.0,6923,585,55496
8,56089,982,0.0,6924,585,55504
14,56103,982,0.0,6925,585,55518
7,56110,982,0.0,6926,585,55525
2,56112,982,0.0,6927,585,55527
3,56115,982,0.0,6928,585,55530
8,56123,983,1.0,6929,585,55538
9,56132,983,0.0,6930,585,55547
19,56151,983,0.0,6931,585,55566
9,56160,983,0.0,6932,585,55575
4,56164,983,0.0,6933,585,55579
11,56175,983,0.0,6934,585,55590
8,56183,983,0.0,6935,585,55598
2,56185,983,0.0,6936,585,55600
11,56196,983,0.0,6937,585,55611
3,56199,983,0.0,6938,585,55614
8,56207,984,1.0,6939,585,55622
8,56215,984,0.0,6940,585,55630
4,56219,984,0.0,6941,585,55634
9,56228,984,0.0,6942,585,55643
12,56240,984,0.0,6943,585,55655
8,56248,985,1.0,6944,585,55663
33,56281,985,0.0,6945,585,55696
8,56289,985,0.0,6946,585,55704
11,56300,985,0.0,6947,585,55715
9,56309,985,0.0,6948,585,55724
18,56327,985,0.0,6949,585,55742
8,56335,985,0.0,6950,585,55750
21,56356,985,0.0,6951,585,55771
4,56360,985,0.0,6952,585,55775
29,56389,986,1.0,6953,585,55804
16,56405,986,0.0,6954,585,55820
8,56413,987,1.0,6955,585,55828
3,56416,987,0.0,6956,585,55831
2,56418,987,0.0,6957,585,55833
6,56424,987,0.0,6958,585,55839
8,56432,987,0.0,6959,585,55847
9,56441,987,0.0,6960,585,55856
29,56470,988,1.0,6961,585,55885
13,56483,988,0.0,6962,585,55898
8,56491,989,1.0,6963,585,55906
4,56495,989,0.0,6964,585,55910
2,56497,989,0.0,6965,585,55912
3,56500,989,0.0,6966,585,55915
2,56502,989,0.0,6967,585,55917
8,56510,989,0.0,6968,585,55925
6,56516,989,0.0,6969,585,55931
8,56524,990,1.0,6970,585,55939
4,56528,990,0.0,6971,585,55943
3,56531,990,0.0,6972,585,55946
3,56534,990,0.0,6973,585,55949
9,56543,990,0.0,6974,585,55958
13,56556,990,0.0,6975,585,55971
9,56565,990,0.0,6976,585,55980
18,56583,991,1.0,6977,585,55998
7,56590,991,0.0,6978,585,56005
13,56603,991,0.0,6979,585,56018
2,56605,991,0.0,6980,585,56020
8,56613,992,1.0,6981,585,56028
3,56616,992,0.0,6982,585,56031
8,56624,993,1.0,6983,585,56039
10,56634,993,0.0,6984,585,56049
13,56647,993,0.0,6985,585,56062
8,56655,994,1.0,6986,585,56070
8,56663,995,1.0,6987,585,56078
11,56674,995,0.0,6988,585,56089
8,56682,995,0.0,6989,585,56097
5,56687,995,0.0,6990,585,56102
14,56701,995,0.0,6991,585,56116
8,56709,995,0.0,6992,585,56124
7,56716,995,0.0,6993,585,56131
21,56737,995,0.0,6994,585,56152
2,56739,995,0.0,6995,585,56154
8,56747,995,0.0,6996,585,56162
2,56749,995,0.0,6997,585,56164
8,56757,996,1.0,6998,585,56172
8,56765,996,0.0,6999,585,56180
8,56773,996,0.0,7000,585,56188
8,56781,996,0.0,7001,585,56196
3,56784,996,0.0,7002,585,56199
8,56792,996,0.0,7003,585,56207
9,56801,996,0.0,7004,585,56216
2,56803,996,0.0,7005,585,56218
9,56812,996,0.0,7006,585,56227
8,56820,996,0.0,7007,585,56235
2,56822,996,0.0,7008,585,56237
2,56824,996,0.0,7009,585,56239
2,56826,996,0.0,7010,585,56241
20,56846,997,1.0,7011,585,56261
4,56850,997,0.0,7012,585,56265
8,56858,997,0.0,7013,585,56273
13,56871,997,0.0,7014,585,56286
6,56877,997,0.0,7015,585,56292
4,56881,997,0.0,7016,585,56296
8,56889,998,1.0,7017,585,56304
18,56907,999,1.0,7018,585,56322
8,56915,999,0.0,7019,585,56330
2,56917,999,0.0,7020,585,56332
8,56925,999,0.0,7021,585,56340
14,56939,999,0.0,7022,585,56354
8,56947,1000,1.0,7023,585,56362
3,56950,1000,0.0,7024,585,56365
2,56952,1000,0.0,7025,585,56367
2,56954,1000,0.0,7026,585,56369
8,56962,1000,0.0,7027,585,56377
6,56968,1000,0.0,7028,585,56383
2,56970,1000,0.0,7029,585,56385
16,56986,1000,0.0,7030,585,56401
2,56988,1000,0.0,7031,585,56403
4,56992,1000,0.0,7032,585,56407
6,56998,1000,0.0,7033,585,56413
9,57007,1000,0.0,7034,585,56422
8,57015,1000,0.0,7035,585,56430
6,57021,1000,0.0,7036,585,56436
8,57029,1001,1.0,7037,585,56444
8,57037,1001,0.0,7038,585,56452
5,57042,1001,0.0,7039,585,56457
2,57044,1001,0.0,7040,585,56459
18,57062,1002,1.0,7041,585,56477
3,57065,1002,0.0,7042,585,56480
4,57069,1002,0.0,7043,585,56484
5,57074,1002,0.0,7044,585,56489
4,57078,1002,0.0,7045,585,56493
6,57084,1002,0.0,7046,585,56499
6,57090,1002,0.0,7047,585,56505
7,57097,1002,0.0,7048,585,56512
11,57108,1002,0.0,7049,585,56523
9,57117,1002,0.0,7050,585,56532
6,57123,1002,0.0,7051,585,56538
8,57131,1002,0.0,7052,585,56546
19,57150,1002,0.0,7053,585,56565
3,57153,1002,0.0,7054,585,56568
8,57161,1002,0.0,7055,585,56576
8,57169,1003,1.0,7056,585,56584
4,57173,1003,0.0,7057,585,56588
4,57177,1003,0.0,7058,585,56592
2,57179,1003,0.0,7059,585,56594
11,57190,1003,0.0,7060,585,56605
8,57198,1003,0.0,7061,585,56613
8,57206,1003,0.0,7062,585,56621
8,57214,1003,0.0,7063,585,56629
9,57223,1003,0.0,7064,585,56638
3,57226,1003,0.0,7065,585,56641
8,57234,1004,1.0,7066,585,56649
5,57239,1004,0.0,7067,585,56654
8,57247,1004,0.0,7068,585,56662
11,57258,1004,0.0,7069,585,56673
14,57272,1004,0.0,7070,585,56687
8,57280,1004,0.0,7071,585,56695
6,57286,1004,0.0,7072,585,56701
8,57294,1004,0.0,7073,585,56709
8,57302,1004,0.0,7074,585,56717
8,57310,1004,0.0,7075,585,56725
2,57312,1004,0.0,7076,585,56727
4,57316,1004,0.0,7077,585,56731
3,57319,1004,0.0,7078,585,56734
2,57321,1004,0.0,7079,585,56736
9,57330,1004,0.0,7080,585,56745
10,57340,1004,0.0,7081,585,56755
4,57344,1004,0.0,7082,585,56759
18,57362,1004,0.0,7083,585,56777
8,57370,1005,1.0,7084,585,56785
11,57381,1005,0.0,7085,585,56796
3,57384,1005,0.0,7086,585,56799
2,57386,1005,0.0,7087,585,56801
6,57392,1005,0.0,7088,585,56807
20,57412,1006,1.0,7089,585,56827
2,57414,1006,0.0,7090,585,56829
8,57422,1006,0.0,7091,585,56837
5,57427,1006,0.0,7092,585,56842
6,57433,1006,0.0,7093,585,56848
13,57446,1006,0.0,7094,585,56861
8,57454,1006,0.0,7095,585,56869
8,57462,1006,0.0,7096,585,56877
16,57478,1006,0.0,7097,585,56893
5,57483,1006,0.0,7098,585,56898
5,57488,1006,0.0,7099,585,56903
8,57496,1006,0.0,7100,585,56911
8,57504,1006,0.0,7101,585,56919
9,57513,1006,0.0,7102,585,56928
4,57517,1006,0.0,7103,585,56932
18,57535,1007,1.0,7104,585,56950
8,57543,1007,0.0,7105,585,56958
8,57551,1007,0.0,7106,585,56966
9,57560,1007,0.0,7107,585,56975
2,57562,1007,0.0,7108,585,56977
33,57595,1007,0.0,7109,585,57010
4,57599,1007,0.0,7110,585,57014
2,57601,1007,0.0,7111,585,57016
8,57609,1008,1.0,7112,585,57024
8,57617,1008,0.0,7113,585,57032
8,57625,1008,0.0,7114,585,57040
3,57628,1008,0.0,7115,585,57043
7,57635,1008,0.0,7116,585,57050
11,57646,1008,0.0,7117,585,57061
7,57653,1008,0.0,7118,585,57068
8,57661,1008,0.0,7119,585,57076
4,57665,1008,0.0,7120,585,57080
12,57677,1008,0.0,7121,585,57092
8,57685,1009,1.0,7122,585,57100
13,57698,1009,0.0,7123,585,57113
2,57700,1009,0.0,7124,585,57115
15,57715,1009,0.0,7125,585,57130
10,57725,1009,0.0,7126,585,57140
5,57730,1009,0.0,7127,585,57145
8,57738,1009,0.0,7128,585,57153
16,57754,1009,0.0,7129,585,57169
6,57760,1009,0.0,7130,585,57175
4,57764,1009,0.0,7131,585,57179
6,57770,1009,0.0,7132,585,57185
14,57784,1009,0.0,7133,585,57199
22,57806,1009,0.0,7134,585,57221
4,57810,1009,0.0,7135,585,57225
8,57818,1009,0.0,7136,585,57233
8,57826,1010,1.0,7137,585,57241
8,57834,1010,0.0,7138,585,57249
8,57842,1010,0.0,7139,585,57257
6,57848,1010,0.0,7140,585,57263
8,57856,1010,0.0,7141,585,57271
10,57866,1010,0.0,7142,585,57281
3,57869,1010,0.0,7143,585,57284
2,57871,1010,0.0,7144,585,57286
8,57879,1010,0.0,7145,585,57294
5,57884,1010,0.0,7146,585,57299
7,57891,1010,0.0,7147,585,57306
2,57893,1010,0.0,7148,585,57308
3,57896,1010,0.0,7149,585,57311
3,57899,1010,0.0,7150,585,57314
13,57912,1010,0.0,7151,585,57327
9,57921,1010,0.0,7152,585,57336
8,57929,1010,0.0,7153,585,57344
8,57937,1010,0.0,7154,585,57352
9,57946,1010,0.0,7155,585,57361
8,57954,1011,1.0,7156,585,57369
9,57963,1011,0.0,7157,585,57378
2,57965,1011,0.0,7158,585,57380
2,57967,1011,0.0,7159,585,57382
8,57975,1011,0.0,7160,585,57390
8,57983,1012,1.0,7161,585,57398
2,57985,1012,0.0,7162,585,57400
8,57993,1013,1.0,7163,585,57408
9,58002,1013,0.0,7164,585,57417
8,58010,1014,1.0,7165,585,57425
4,58014,1014,0.0,7166,585,57429
8,58022,1015,1.0,7167,585,57437
9,58031,1015,0.0,7168,585,57446
4,58035,1015,0.0,7169,585,57450
8,58043,1016,1.0,7170,585,57458
2,58045,1016,0.0,7171,585,57460
4,58049,1016,0.0,7172,585,57464
3,58052,1016,0.0,7173,585,57467
8,58060,1016,0.0,7174,585,57475
8,58068,1017,1.0,7175,585,57483
10,58078,1017,0.0,7176,585,57493
11,58089,1017,0.0,7177,585,57504
8,58097,1018,1.0,7178,585,57512
8,58105,1018,0.0,7179,585,57520
3,58108,1018,0.0,7180,585,57523
4,58112,1018,0.0,7181,585,57527
9,58121,1018,0.0,7182,585,57536
6,58127,1018,0.0,7183,585,57542
9,58136,1018,0.0,7184,585,57551
8,58144,1018,0.0,7185,585,57559
2,58146,1018,0.0,7186,585,57561
17,58163,1018,0.0,7187,585,57578
2,58165,1018,0.0,7188,585,57580
8,58173,1018,0.0,7189,585,57588
8,58181,1019,1.0,7190,585,57596
8,58189,1020,1.0,7191,585,57604
5,58194,1020,0.0,7192,585,57609
2,58196,1020,0.0,7193,585,57611
10,58206,1020,0.0,7194,585,57621
8,58214,1021,1.0,7195,585,57629
15,58229,1021,0.0,7196,585,57644
14,58243,1021,0.0,7197,585,57658
2,58245,1021,0.0,7198,585,57660
10,58255,1021,0.0,7199,585,57670
15,58270,1021,0.0,7200,585,57685
9,58279,1021,0.0,7201,585,57694
5,58284,1021,0.0,7202,585,57699
8,58292,1022,1.0,7203,585,57707
9,58301,1022,0.0,7204,585,57716
8,58309,1022,0.0,7205,585,57724
5,58314,1022,0.0,7206,585,57729
8,58322,1023,1.0,7207,585,57737
9,58331,1023,0.0,7208,585,57746
3,58334,1023,0.0,7209,585,57749
21,58355,1023,0.0,7210,585,57770
2,58357,1023,0.0,7211,585,57772
2,58359,1023,0.0,7212,585,57774
2,58361,1023,0.0,7213,585,57776
22,58383,1023,0.0,7214,585,57798
4,58387,1023,0.0,7215,585,57802
8,58395,1023,0.0,7216,585,57810
5,58400,1023,0.0,7217,585,57815
6,58406,1023,0.0,7218,585,57821
6,58412,1023,0.0,7219,585,57827
4,58416,1023,0.0,7220,585,57831
2,58418,1023,0.0,7221,585,57833
8,58426,1024,1.0,7222,585,57841
8,58434,1024,0.0,7223,585,57849
6,58440,1024,0.0,7224,585,57855
11,58451,1024,0.0,7225,585,57866
11,58462,1024,0.0,7226,585,57877
29,58491,1025,1.0,7227,585,57906
18,58509,1026,1.0,7228,585,57924
14,58523,1026,0.0,7229,585,57938
2,58525,1026,0.0,7230,585,57940
7,58532,1026,0.0,7231,585,57947
9,58541,1026,0.0,7232,585,57956
8,58549,1027,1.0,7233,585,57964
8,58557,1027,0.0,7234,585,57972
8,58565,1027,0.0,7235,585,57980
5,58570,1027,0.0,7236,585,57985
8,58578,1028,1.0,7237,585,57993
5,58583,1028,0.0,7238,585,57998
2,58585,1028,0.0,7239,585,58000
8,58593,1028,0.0,7240,585,58008
29,58622,1029,1.0,7241,585,58037
7,58629,1029,0.0,7242,585,58044
6,58635,1029,0.0,7243,585,58050
16,58651,1030,1.0,7244,585,58066
13,58664,1030,0.0,7245,585,58079
14,58678,1030,0.0,7246,585,58093
5,58683,1030,0.0,7247,585,58098
29,58712,1031,1.0,7248,585,58127
8,58720,1031,0.0,7249,585,58135
18,58738,1031,0.0,7250,585,58153
11,58749,1031,0.0,7251,585,58164
8,58757,1031,0.0,7252,585,58172
8,58765,1031,0.0,7253,585,58180
8,58773,1031,0.0,7254,585,58188
3,58776,1031,0.0,7255,585,58191
8,58784,1032,1.0,7256,585,58199
9,58793,1032,0.0,7257,585,58208
8,58801,1032,0.0,7258,585,58216
14,58815,1032,0.0,7259,585,58230
2,58817,1032,0.0,7260,585,58232
5,58822,1032,0.0,7261,585,58237
8,58830,1032,0.0,7262,585,58245
5,58835,1032,0.0,7263,585,58250
2,58837,1032,0.0,7264,585,58252
10,58847,1032,0.0,7265,585,58262
9,58856,1032,0.0,7266,585,58271
8,58864,1032,0.0,7267,585,58279
9,58873,1032,0.0,7268,585,58288
8,58881,1032,0.0,7269,585,58296
5,58886,1032,0.0,7270,585,58301
3,58889,1032,0.0,7271,585,58304
3,58892,1032,0.0,7272,585,58307
18,58910,1033,1.0,7273,585,58325
19,58929,1033,0.0,7274,585,58344
9,58938,1033,0.0,7275,585,58353
8,58946,1033,0.0,7276,585,58361
3,58949,1033,0.0,7277,585,58364
8,58957,1033,0.0,7278,585,58372
8,58965,1034,1.0,7279,585,58380
6,58971,1034,0.0,7280,585,58386
9,58980,1034,0.0,7281,585,58395
16,58996,1034,0.0,7282,585,58411
8,59004,1034,0.0,7283,585,58419
8,59012,1035,1.0,7284,585,58427
2,59014,1035,0.0,7285,585,58429
8,59022,1035,0.0,7286,585,58437
29,59051,1036,1.0,7287,585,58466
6,59057,1036,0.0,7288,585,58472
12,59069,1036,0.0,7289,585,58484
4,59073,1036,0.0,7290,585,58488
3,59076,1036,0.0,7291,585,58491
3,59079,1036,0.0,7292,585,58494
29,59108,1037,1.0,7293,585,58523
12,59120,1037,0.0,7294,585,58535
4,59124,1037,0.0,7295,585,58539
14,59138,1037,0.0,7296,585,58553
8,59146,1038,1.0,7297,585,58561
29,59175,1039,1.0,7298,585,58590
11,59186,1039,0.0,7299,585,58601
8,59194,1039,0.0,7300,585,58609
9,59203,1039,0.0,7301,585,58618
8,59211,1040,1.0,7302,585,58626
8,59219,1040,0.0,7303,585,58634
8,59227,1041,1.0,7304,585,58642
16,59243,1042,1.0,7305,585,58658
7,59250,1042,0.0,7306,585,58665
9,59259,1042,0.0,7307,585,58674
8,59267,1042,0.0,7308,585,58682
2,59269,1042,0.0,7309,585,58684
14,59283,1042,0.0,7310,585,58698
4,59287,1042,0.0,7311,585,58702
8,59295,1043,1.0,7312,585,58710
8,59303,1043,0.0,7313,585,58718
15,59318,1043,0.0,7314,585,58733
8,59326,1043,0.0,7315,585,58741
3,59329,1043,0.0,7316,585,58744
8,59337,1043,0.0,7317,585,58752
11,59348,1043,0.0,7318,585,58763
8,59356,1044,1.0,7319,585,58771
8,59364,1044,0.0,7320,585,58779
14,59378,1044,0.0,7321,585,58793
27,59405,1044,0.0,7322,585,58820
8,59413,1045,1.0,7323,585,58828
5,59418,1045,0.0,7324,585,58833
5,59423,1045,0.0,7325,585,58838
8,59431,1046,1.0,7326,585,58846
18,59449,1047,1.0,7327,585,58864
10,59459,1047,0.0,7328,585,58874
7,59466,1047,0.0,7329,585,58881
9,59475,1047,0.0,7330,585,58890
2,59477,1047,0.0,7331,585,58892
9,59486,1047,0.0,7332,585,58901
15,59501,1047,0.0,7333,585,58916
8,59509,1047,0.0,7334,585,58924
14,59523,1047,0.0,7335,585,58938
18,59541,1047,0.0,7336,585,58956
2,59543,1047,0.0,7337,585,58958
3,59546,1047,0.0,7338,585,58961
13,59559,1047,0.0,7339,585,58974
2,59561,1047,0.0,7340,585,58976
3,59564,1047,0.0,7341,585,58979
3,59567,1047,0.0,7342,585,58982
9,59576,1047,0.0,7343,585,58991
6,59582,1047,0.0,7344,585,58997
4,59586,1047,0.0,7345,585,59001
8,59594,1048,1.0,7346,585,59009
2,59596,1048,0.0,7347,585,59011
8,59604,1048,0.0,7348,585,59019
4,59608,1048,0.0,7349,585,59023
2,59610,1048,0.0,7350,585,59025
3,59613,1048,0.0,7351,585,59028
8,59621,1048,0.0,7352,585,59036
8,59629,1048,0.0,7353,585,59044
8,59637,1048,0.0,7354,585,59052
8,59645,1048,0.0,7355,585,59060
5,59650,1048,0.0,7356,585,59065
11,59661,1048,0.0,7357,585,59076
3,59664,1048,0.0,7358,585,59079
6,59670,1048,0.0,7359,585,59085
29,59699,1049,1.0,7360,585,59114
12,59711,1049,0.0,7361,585,59126
11,59722,1049,0.0,7362,585,59137
9,59731,1049,0.0,7363,585,59146
9,59740,1049,0.0,7364,585,59155
4,59744,1049,0.0,7365,585,59159
5,59749,1049,0.0,7366,585,59164
8,59757,1050,1.0,7367,585,59172
10,59767,1050,0.0,7368,585,59182
8,59775,1050,0.0,7369,585,59190
9,59784,1050,0.0,7370,585,59199
23,59807,1050,0.0,7371,585,59222
8,59815,1050,0.0,7372,585,59230
9,59824,1050,0.0,7373,585,59239
8,59832,1050,0.0,7374,585,59247
4,59836,1050,0.0,7375,585,59251
9,59845,1050,0.0,7376,585,59260
8,59853,1051,1.0,7377,585,59268
8,59861,1051,0.0,7378,585,59276
3,59864,1051,0.0,7379,585,59279
8,59872,1051,0.0,7380,585,59287
2,59874,1051,0.0,7381,585,59289
8,59882,1051,0.0,7382,585,59297
29,59911,1052,1.0,7383,585,59326
9,59920,1052,0.0,7384,585,59335
5,59925,1052,0.0,7385,585,59340
3,59928,1052,0.0,7386,585,59343
4,59932,1052,0.0,7387,585,59347
8,59940,1052,0.0,7388,585,59355
2,59942,1052,0.0,7389,585,59357
4,59946,1052,0.0,7390,585,59361
13,59959,1052,0.0,7391,585,59374
9,59968,1052,0.0,7392,585,59383
29,59997,1053,1.0,7393,585,59412
21,60018,1053,0.0,7394,585,59433
2,60020,1053,0.0,7395,585,59435
13,60033,1053,0.0,7396,585,59448
6,60039,1053,0.0,7397,585,59454
4,60043,1053,0.0,7398,585,59458
8,60051,1053,0.0,7399,585,59466
8,60059,1054,1.0,7400,585,59474
4,60063,1054,0.0,7401,585,59478
8,60071,1055,1.0,7402,585,59486
8,60079,1056,1.0,7403,585,59494
2,60081,1056,0.0,7404,585,59496
7,60088,1056,0.0,7405,585,59503
5,60093,1056,0.0,7406,585,59508
6,60099,1056,0.0,7407,585,59514
13,60112,1056,0.0,7408,585,59527
9,60121,1056,0.0,7409,585,59536
8,60129,1057,1.0,7410,585,59544
3,60132,1057,0.0,7411,585,59547
8,60140,1057,0.0,7412,585,59555
8,60148,1058,1.0,7413,585,59563
24,60172,1058,0.0,7414,585,59587
20,60192,1059,1.0,7415,585,59607
8,60200,1060,1.0,7416,585,59615
8,60208,1060,0.0,7417,585,59623
9,60217,1060,0.0,7418,585,59632
3,60220,1060,0.0,7419,585,59635
8,60228,1060,0.0,7420,585,59643
21,60249,1060,0.0,7421,585,59664
20,60269,1061,1.0,7422,585,59684
8,60277,1061,0.0,7423,585,59692
8,60285,1062,1.0,7424,585,59700
8,60293,1062,0.0,7425,585,59708
4,60297,1062,0.0,7426,585,59712
14,60311,1062,0.0,7427,585,59726
8,60319,1062,0.0,7428,585,59734
7,60326,1062,0.0,7429,585,59741
12,60338,1062,0.0,7430,585,59753
2,60340,1062,0.0,7431,585,59755
10,60350,1062,0.0,7432,585,59765
29,60379,1063,1.0,7433,585,59794
10,60389,1063,0.0,7434,585,59804
8,60397,1063,0.0,7435,585,59812
29,60426,1064,1.0,7436,585,59841
9,60435,1064,0.0,7437,585,59850
5,60440,1064,0.0,7438,585,59855
19,60459,1064,0.0,7439,585,59874
4,60463,1064,0.0,7440,585,59878
8,60471,1065,1.0,7441,585,59886
5,60476,1065,0.0,7442,585,59891
9,60485,1065,0.0,7443,585,59900
6,60491,1065,0.0,7444,585,59906
18,60509,1066,1.0,7445,585,59924
6,60515,1066,0.0,7446,585,59930
8,60523,1066,0.0,7447,585,59938
9,60532,1066,0.0,7448,585,59947
3,60535,1066,0.0,7449,585,59950
5,60540,1066,0.0,7450,585,59955
8,60548,1066,0.0,7451,585,59963
8,60556,1067,1.0,7452,585,59971
2,60558,1067,0.0,7453,585,59973
8,60566,1068,1.0,7454,585,59981
22,60588,1068,0.0,7455,585,60003
8,60596,1069,1.0,7456,585,60011
11,60607,1069,0.0,7457,585,60022
7,60614,1069,0.0,7458,585,60029
3,60617,1069,0.0,7459,585,60032
8,60625,1069,0.0,7460,585,60040
2,60627,1069,0.0,7461,585,60042
6,60633,1069,0.0,7462,585,60048
5,60638,1069,0.0,7463,585,60053
9,60647,1069,0.0,7464,585,60062
11,60658,1069,0.0,7465,585,60073
15,60673,1069,0.0,7466,585,60088
4,60677,1069,0.0,7467,585,60092
8,60685,1069,0.0,7468,585,60100
4,60689,1069,0.0,7469,585,60104
5,60694,1069,0.0,7470,585,60109
2,60696,1069,0.0,7471,585,60111
2,60698,1069,0.0,7472,585,60113
6,60704,1069,0.0,7473,585,60119
2,60706,1069,0.0,7474,585,60121
4,60710,1069,0.0,7475,585,60125
8,60718,1069,0.0,7476,585,60133
4,60722,1069,0.0,7477,585,60137
2,60724,1069,0.0,7478,585,60139
8,60732,1069,0.0,7479,585,60147
5,60737,1069,0.0,7480,585,60152
8,60745,1070,1.0,7481,585,60160
18,60763,1070,0.0,7482,585,60178
2,60765,1070,0.0,7483,585,60180
5,60770,1070,0.0,7484,585,60185
8,60778,1070,0.0,7485,585,60193
4,60782,1070,0.0,7486,585,60197
10,60792,1070,0.0,7487,585,60207
19,60811,1070,0.0,7488,585,60226
8,60819,1070,0.0,7489,585,60234
2,60821,1070,0.0,7490,585,60236
9,60830,1070,0.0,7491,585,60245
8,60838,1070,0.0,7492,585,60253
5,60843,1070,0.0,7493,585,60258
5,60848,1070,0.0,7494,585,60263
6,60854,1070,0.0,7495,585,60269
3,60857,1070,0.0,7496,585,60272
9,60866,1070,0.0,7497,585,60281
8,60874,1071,1.0,7498,585,60289
8,60882,1072,1.0,7499,585,60297
6,60888,1072,0.0,7500,585,60303
9,60897,1072,0.0,7501,585,60312
5,60902,1072,0.0,7502,585,60317
5,60907,1072,0.0,7503,585,60322
8,60915,1072,0.0,7504,585,60330
12,60927,1072,0.0,7505,585,60342
8,60935,1073,1.0,7506,585,60350
2,60937,1073,0.0,7507,585,60352
2,60939,1073,0.0,7508,585,60354
8,60947,1073,0.0,7509,585,60362
9,60956,1073,0.0,7510,585,60371
8,60964,1073,0.0,7511,585,60379
2,60966,1073,0.0,7512,585,60381
2,60968,1073,0.0,7513,585,60383
8,60976,1074,1.0,7514,585,60391
4,60980,1074,0.0,7515,585,60395
19,60999,1074,0.0,7516,585,60414
10,61009,1074,0.0,7517,585,60424
8,61017,1074,0.0,7518,585,60432
3,61020,1074,0.0,7519,585,60435
7,61027,1074,0.0,7520,585,60442
2,61029,1074,0.0,7521,585,60444
9,61038,1074,0.0,7522,585,60453
8,61046,1074,0.0,7523,585,60461
8,61054,1074,0.0,7524,585,60469
3,61057,1074,0.0,7525,585,60472
9,61066,1074,0.0,7526,585,60481
6,61072,1074,0.0,7527,585,60487
8,61080,1074,0.0,7528,585,60495
3,61083,1074,0.0,7529,585,60498
3,61086,1074,0.0,7530,585,60501
5,61091,1074,0.0,7531,585,60506
16,61107,1074,0.0,7532,585,60522
6,61113,1074,0.0,7533,585,60528
8,61121,1074,0.0,7534,585,60536
2,61123,1074,0.0,7535,585,60538
3,61126,1074,0.0,7536,585,60541
9,61135,1074,0.0,7537,585,60550
8,61143,1074,0.0,7538,585,60558
3,61146,1074,0.0,7539,585,60561
8,61154,1074,0.0,7540,585,60569
9,61163,1074,0.0,7541,585,60578
9,61172,1074,0.0,7542,585,60587
4,61176,1074,0.0,7543,585,60591
16,61192,1075,1.0,7544,585,60607
2,61194,1075,0.0,7545,585,60609
8,61202,1075,0.0,7546,585,60617
8,61210,1075,0.0,7547,585,60625
5,61215,1075,0.0,7548,585,60630
9,61224,1075,0.0,7549,585,60639
6,61230,1075,0.0,7550,585,60645
10,61240,1075,0.0,7551,585,60655
8,61248,1076,1.0,7552,585,60663
9,61257,1076,0.0,7553,585,60672
8,61265,1077,1.0,7554,585,60680
7,61272,1077,0.0,7555,585,60687
3,61275,1077,0.0,7556,585,60690
9,61284,1077,0.0,7557,585,60699
3,61287,1077,0.0,7558,585,60702
8,61295,1077,0.0,7559,585,60710
8,61303,1077,0.0,7560,585,60718
3,61306,1077,0.0,7561,585,60721
17,61323,1077,0.0,7562,585,60738
13,61336,1077,0.0,7563,585,60751
19,61355,1077,0.0,7564,585,60770
9,61364,1077,0.0,7565,585,60779
8,61372,1078,1.0,7566,585,60787
8,61380,1078,0.0,7567,585,60795
8,61388,1079,1.0,7568,585,60803
8,61396,1079,0.0,7569,585,60811
7,61403,1079,0.0,7570,585,60818
8,61411,1079,0.0,7571,585,60826
8,61419,1080,1.0,7572,585,60834
5,61424,1080,0.0,7573,585,60839
8,61432,1080,0.0,7574,585,60847
4,61436,1080,0.0,7575,585,60851
9,61445,1080,0.0,7576,585,60860
16,61461,1080,0.0,7577,585,60876
9,61470,1080,0.0,7578,585,60885
2,61472,1080,0.0,7579,585,60887
8,61480,1081,1.0,7580,585,60895
7,61487,1081,0.0,7581,585,60902
8,61495,1082,1.0,7582,585,60910
3,61498,1082,0.0,7583,585,60913
3,61501,1082,0.0,7584,585,60916
3,61504,1082,0.0,7585,585,60919
12,61516,1082,0.0,7586,585,60931
15,61531,1082,0.0,7587,585,60946
8,61539,1082,0.0,7588,585,60954
22,61561,1082,0.0,7589,585,60976
8,61569,1082,0.0,7590,585,60984
15,61584,1082,0.0,7591,585,60999
2,61586,1082,0.0,7592,585,61001
6,61592,1082,0.0,7593,585,61007
8,61600,1082,0.0,7594,585,61015
4,61604,1082,0.0,7595,585,61019
7,61611,1082,0.0,7596,585,61026
25,61636,1082,0.0,7597,585,61051
7,61643,1082,0.0,7598,585,61058
8,61651,1082,0.0,7599,585,61066
6,61657,1082,0.0,7600,585,61072
7,61664,1082,0.0,7601,585,61079
6,61670,1082,0.0,7602,585,61085
8,61678,1082,0.0,7603,585,61093
5,61683,1082,0.0,7604,585,61098
3,61686,1082,0.0,7605,585,61101
6,61692,1082,0.0,7606,585,61107
8,61700,1082,0.0,7607,585,61115
4,61704,1082,0.0,7608,585,61119
29,61733,1083,1.0,7609,585,61148
8,61741,1084,1.0,7610,585,61156
8,61749,1085,1.0,7611,585,61164
7,61756,1085,0.0,7612,585,61171
29,61785,1086,1.0,7613,585,61200
3,61788,1086,0.0,7614,585,61203
9,61797,1086,0.0,7615,585,61212
8,61805,1087,1.0,7616,585,61220
14,61819,1087,0.0,7617,585,61234
8,61827,1087,0.0,7618,585,61242
7,61834,1087,0.0,7619,585,61249
2,61836,1087,0.0,7620,585,61251
5,61841,1087,0.0,7621,585,61256
5,61846,1087,0.0,7622,585,61261
4,61850,1087,0.0,7623,585,61265
4,61854,1087,0.0,7624,585,61269
9,61863,1087,0.0,7625,585,61278
3,61866,1087,0.0,7626,585,61281
4,61870,1087,0.0,7627,585,61285
4,61874,1087,0.0,7628,585,61289
11,61885,1087,0.0,7629,585,61300
8,61893,1087,0.0,7630,585,61308
5,61898,1087,0.0,7631,585,61313
6,61904,1087,0.0,7632,585,61319
9,61913,1087,0.0,7633,585,61328
6,61919,1087,0.0,7634,585,61334
8,61927,1087,0.0,7635,585,61342
8,61935,1087,0.0,7636,585,61350
3,61938,1087,0.0,7637,585,61353
2,61940,1087,0.0,7638,585,61355
8,61948,1087,0.0,7639,585,61363
7,61955,1087,0.0,7640,585,61370
8,61963,1087,0.0,7641,585,61378
7,61970,1087,0.0,7642,585,61385
7,61977,1087,0.0,7643,585,61392
5,61982,1087,0.0,7644,585,61397
8,61990,1088,1.0,7645,585,61405
8,61998,1089,1.0,7646,585,61413
8,62006,1089,0.0,7647,585,61421
3,62009,1089,0.0,7648,585,61424
9,62018,1089,0.0,7649,585,61433
29,62047,1090,1.0,7650,585,61462
5,62052,1090,0.0,7651,585,61467
5,62057,1090,0.0,7652,585,61472
8,62065,1090,0.0,7653,585,61480
5,62070,1090,0.0,7654,585,61485
2,62072,1090,0.0,7655,585,61487
17,62089,1090,0.0,7656,585,61504
2,62091,1090,0.0,7657,585,61506
8,62099,1090,0.0,7658,585,61514
4,62103,1090,0.0,7659,585,61518
6,62109,1090,0.0,7660,585,61524
8,62117,1090,0.0,7661,585,61532
8,62125,1091,1.0,7662,585,61540
6,62131,1091,0.0,7663,585,61546
2,62133,1091,0.0,7664,585,61548
4,62137,1091,0.0,7665,585,61552
4,62141,1091,0.0,7666,585,61556
9,62150,1091,0.0,7667,585,61565
7,62157,1091,0.0,7668,585,61572
9,62166,1091,0.0,7669,585,61581
9,62175,1091,0.0,7670,585,61590
5,62180,1091,0.0,7671,585,61595
9,62189,1091,0.0,7672,585,61604
2,62191,1091,0.0,7673,585,61606
8,62199,1091,0.0,7674,585,61614
8,62207,1091,0.0,7675,585,61622
12,62219,1091,0.0,7676,585,61634
8,62227,1092,1.0,7677,585,61642
12,62239,1092,0.0,7678,585,61654
2,62241,1092,0.0,7679,585,61656
8,62249,1093,1.0,7680,585,61664
4,62253,1093,0.0,7681,585,61668
7,62260,1093,0.0,7682,585,61675
2,62262,1093,0.0,7683,585,61677
8,62270,1094,1.0,7684,585,61685
4,62274,1094,0.0,7685,585,61689
18,62292,1095,1.0,7686,585,61707
8,62300,1096,1.0,7687,585,61715
8,62308,1097,1.0,7688,585,61723
2,62310,1097,0.0,7689,585,61725
4,62314,1097,0.0,7690,585,61729
16,62330,1098,1.0,7691,585,61745
2,62332,1098,0.0,7692,585,61747
5,62337,1098,0.0,7693,585,61752
13,62350,1098,0.0,7694,585,61765
4,62354,1098,0.0,7695,585,61769
8,62362,1099,1.0,7696,585,61777
14,62376,1099,0.0,7697,585,61791
8,62384,1100,1.0,7698,585,61799
33,62417,1100,0.0,7699,585,61832
8,62425,1100,0.0,7700,585,61840
2,62427,1100,0.0,7701,585,61842
8,62435,1101,1.0,7702,585,61850
8,62443,1101,0.0,7703,585,61858
8,62451,1101,0.0,7704,585,61866
8,62459,1101,0.0,7705,585,61874
29,62488,1102,1.0,7706,585,61903
8,62496,1103,1.0,7707,585,61911
14,62510,1103,0.0,7708,585,61925
2,62512,1103,0.0,7709,585,61927
9,62521,1103,0.0,7710,585,61936
2,62523,1103,0.0,7711,585,61938
9,62532,1103,0.0,7712,585,61947
5,62537,1103,0.0,7713,585,61952
3,62540,1103,0.0,7714,585,61955
2,62542,1103,0.0,7715,585,61957
8,62550,1104,1.0,7716,585,61965
11,62561,1104,0.0,7717,585,61976
9,62570,1104,0.0,7718,585,61985
3,62573,1104,0.0,7719,585,61988
8,62581,1104,0.0,7720,585,61996
2,62583,1104,0.0,7721,585,61998
2,62585,1104,0.0,7722,585,62000
29,62614,1105,1.0,7723,585,62029
5,62619,1105,0.0,7724,585,62034
8,62627,1106,1.0,7725,585,62042
10,62637,1106,0.0,7726,585,62052
3,62640,1106,0.0,7727,585,62055
12,62652,1106,0.0,7728,585,62067
8,62660,1106,0.0,7729,585,62075
8,62668,1107,1.0,7730,585,62083
8,62676,1108,1.0,7731,585,62091
9,62685,1108,0.0,7732,585,62100
7,62692,1108,0.0,7733,585,62107
8,62700,1109,1.0,7734,585,62115
2,62702,1109,0.0,7735,585,62117
9,62711,1109,0.0,7736,585,62126
4,62715,1109,0.0,7737,585,62130
9,62724,1109,0.0,7738,585,62139
29,62753,1110,1.0,7739,585,62168
8,62761,1110,0.0,7740,585,62176
8,62769,1111,1.0,7741,585,62184
8,62777,1111,0.0,7742,585,62192
3,62780,1111,0.0,7743,585,62195
8,62788,1112,1.0,7744,585,62203
2,62790,1112,0.0,7745,585,62205
8,62798,1112,0.0,7746,585,62213
9,62807,1112,0.0,7747,585,62222
8,62815,1113,1.0,7748,585,62230
7,62822,1113,0.0,7749,585,62237
19,62841,1113,0.0,7750,585,62256
8,62849,1114,1.0,7751,585,62264
12,62861,1114,0.0,7752,585,62276
8,62869,1114,0.0,7753,585,62284
2,62871,1114,0.0,7754,585,62286
2,62873,1114,0.0,7755,585,62288
2,62875,1114,0.0,7756,585,62290
9,62884,1114,0.0,7757,585,62299
20,62904,1114,0.0,7758,585,62319
10,62914,1114,0.0,7759,585,62329
8,62922,1114,0.0,7760,585,62337
7,62929,1114,0.0,7761,585,62344
2,62931,1114,0.0,7762,585,62346
8,62939,1114,0.0,7763,585,62354
2,62941,1114,0.0,7764,585,62356
3,62944,1114,0.0,7765,585,62359
4,62948,1114,0.0,7766,585,62363
2,62950,1114,0.0,7767,585,62365
2,62952,1114,0.0,7768,585,62367
5,62957,1114,0.0,7769,585,62372
8,62965,1115,1.0,7770,585,62380
8,62973,1115,0.0,7771,585,62388
8,62981,1116,1.0,7772,585,62396
8,62989,1116,0.0,7773,585,62404
2,62991,1116,0.0,7774,585,62406
2,62993,1116,0.0,7775,585,62408
8,63001,1117,1.0,7776,585,62416
14,63015,1117,0.0,7777,585,62430
2,63017,1117,0.0,7778,585,62432
8,63025,1118,1.0,7779,585,62440
8,63033,1118,0.0,7780,585,62448
9,63042,1118,0.0,7781,585,62457
3,63045,1118,0.0,7782,585,62460
8,63053,1118,0.0,7783,585,62468
5,63058,1118,0.0,7784,585,62473
14,63072,1118,0.0,7785,585,62487
3,63075,1118,0.0,7786,585,62490
5,63080,1118,0.0,7787,585,62495
5,63085,1118,0.0,7788,585,62500
8,63093,1118,0.0,7789,585,62508
15,63108,1118,0.0,7790,585,62523
8,63116,1118,0.0,7791,585,62531
18,63134,1119,1.0,7792,585,62549
3,63137,1119,0.0,7793,585,62552
9,63146,1119,0.0,7794,585,62561
6,63152,1119,0.0,7795,585,62567
8,63160,1119,0.0,7796,585,62575
9,63169,1119,0.0,7797,585,62584
3,63172,1119,0.0,7798,585,62587
8,63180,1119,0.0,7799,585,62595
5,63185,1119,0.0,7800,585,62600
2,63187,1119,0.0,7801,585,62602
6,63193,1119,0.0,7802,585,62608
8,63201,1119,0.0,7803,585,62616
8,63209,1119,0.0,7804,585,62624
9,63218,1119,0.0,7805,585,62633
9,63227,1119,0.0,7806,585,62642
8,63235,1119,0.0,7807,585,62650
7,63242,1119,0.0,7808,585,62657
3,63245,1119,0.0,7809,585,62660
22,63267,1119,0.0,7810,585,62682
20,63287,1120,1.0,7811,585,62702
6,63293,1120,0.0,7812,585,62708
20,63313,1121,1.0,7813,585,62728
8,63321,1121,0.0,7814,585,62736
9,63330,1121,0.0,7815,585,62745
9,63339,1121,0.0,7816,585,62754
3,63342,1121,0.0,7817,585,62757
8,63350,1122,1.0,7818,585,62765
3,63353,1122,0.0,7819,585,62768
6,63359,1122,0.0,7820,585,62774
7,63366,1122,0.0,7821,585,62781
7,63373,1122,0.0,7822,585,62788
3,63376,1122,0.0,7823,585,62791
8,63384,1122,0.0,7824,585,62799
4,63388,1122,0.0,7825,585,62803
8,63396,1123,1.0,7826,585,62811
2,63398,1123,0.0,7827,585,62813
7,63405,1123,0.0,7828,585,62820
17,63422,1123,0.0,7829,585,62837
7,63429,1123,0.0,7830,585,62844
3,63432,1123,0.0,7831,585,62847
8,63440,1124,1.0,7832,585,62855
6,63446,1124,0.0,7833,585,62861
4,63450,1124,0.0,7834,585,62865
29,63479,1125,1.0,7835,585,62894
8,63487,1126,1.0,7836,585,62902
5,63492,1126,0.0,7837,585,62907
8,63500,1126,0.0,7838,585,62915
9,63509,1126,0.0,7839,585,62924
24,63533,1126,0.0,7840,585,62948
8,63541,1126,0.0,7841,585,62956
3,63544,1126,0.0,7842,585,62959
2,63546,1126,0.0,7843,585,62961
4,63550,1126,0.0,7844,585,62965
8,63558,1126,0.0,7845,585,62973
9,63567,1126,0.0,7846,585,62982
8,63575,1126,0.0,7847,585,62990
8,63583,1126,0.0,7848,585,62998
2,63585,1126,0.0,7849,585,63000
8,63593,1127,1.0,7850,585,63008
8,63601,1127,0.0,7851,585,63016
2,63603,1127,0.0,7852,585,63018
8,63611,1127,0.0,7853,585,63026
8,63619,1127,0.0,7854,585,63034
2,63621,1127,0.0,7855,585,63036
8,63629,1127,0.0,7856,585,63044
9,63638,1127,0.0,7857,585,63053
4,63642,1127,0.0,7858,585,63057
8,63650,1127,0.0,7859,585,63065
5,63655,1127,0.0,7860,585,63070
8,63663,1127,0.0,7861,585,63078
2,63665,1127,0.0,7862,585,63080
4,63669,1127,0.0,7863,585,63084
11,63680,1127,0.0,7864,585,63095
8,63688,1128,1.0,7865,585,63103
8,63696,1128,0.0,7866,585,63111
11,63707,1128,0.0,7867,585,63122
8,63715,1128,0.0,7868,585,63130
5,63720,1128,0.0,7869,585,63135
5,63725,1128,0.0,7870,585,63140
6,63731,1128,0.0,7871,585,63146
8,63739,1129,1.0,7872,585,63154
19,63758,1129,0.0,7873,585,63173
6,63764,1129,0.0,7874,585,63179
14,63778,1129,0.0,7875,585,63193
4,63782,1129,0.0,7876,585,63197
9,63791,1129,0.0,7877,585,63206
35,63826,1129,0.0,7878,585,63241
8,63834,1129,0.0,7879,585,63249
9,63843,1129,0.0,7880,585,63258
2,63845,1129,0.0,7881,585,63260
4,63849,1129,0.0,7882,585,63264
8,63857,1129,0.0,7883,585,63272
11,63868,1129,0.0,7884,585,63283
10,63878,1129,0.0,7885,585,63293
7,63885,1129,0.0,7886,585,63300
17,63902,1129,0.0,7887,585,63317
2,63904,1129,0.0,7888,585,63319
2,63906,1129,0.0,7889,585,63321
10,63916,1129,0.0,7890,585,63331
8,63924,1129,0.0,7891,585,63339
18,63942,1129,0.0,7892,585,63357
16,63958,1130,1.0,7893,585,63373
8,63966,1130,0.0,7894,585,63381
27,63993,1130,0.0,7895,585,63408
8,64001,1130,0.0,7896,585,63416
6,64007,1130,0.0,7897,585,63422
8,64015,1130,0.0,7898,585,63430
8,64023,1131,1.0,7899,585,63438
3,64026,1131,0.0,7900,585,63441
3,64029,1131,0.0,7901,585,63444
2,64031,1131,0.0,7902,585,63446
7,64038,1131,0.0,7903,585,63453
7,64045,1131,0.0,7904,585,63460
18,64063,1132,1.0,7905,585,63478
7,64070,1132,0.0,7906,585,63485
29,64099,1132,0.0,7907,585,63514
10,64109,1132,0.0,7908,585,63524
6,64115,1132,0.0,7909,585,63530
8,64123,1132,0.0,7910,585,63538
6,64129,1132,0.0,7911,585,63544
8,64137,1132,0.0,7912,585,63552
2,64139,1132,0.0,7913,585,63554
7,64146,1132,0.0,7914,585,63561
4,64150,1132,0.0,7915,585,63565
8,64158,1132,0.0,7916,585,63573
8,64166,1132,0.0,7917,585,63581
8,64174,1132,0.0,7918,585,63589
4,64178,1132,0.0,7919,585,63593
6,64184,1132,0.0,7920,585,63599
6,64190,1132,0.0,7921,585,63605
3,64193,1132,0.0,7922,585,63608
29,64222,1133,1.0,7923,585,63637
6,64228,1133,0.0,7924,585,63643
11,64239,1133,0.0,7925,585,63654
4,64243,1133,0.0,7926,585,63658
9,64252,1133,0.0,7927,585,63667
18,64270,1134,1.0,7928,585,63685
4,64274,1134,0.0,7929,585,63689
8,64282,1134,0.0,7930,585,63697
8,64290,1135,1.0,7931,585,63705
5,64295,1135,0.0,7932,585,63710
9,64304,1135,0.0,7933,585,63719
9,64313,1135,0.0,7934,585,63728
2,64315,1135,0.0,7935,585,63730
3,64318,1135,0.0,7936,585,63733
8,64326,1135,0.0,7937,585,63741
8,64334,1136,1.0,7938,585,63749
3,64337,1136,0.0,7939,585,63752
16,64353,1136,0.0,7940,585,63768
14,64367,1136,0.0,7941,585,63782
8,64375,1136,0.0,7942,585,63790
8,64383,1136,0.0,7943,585,63798
4,64387,1136,0.0,7944,585,63802
12,64399,1136,0.0,7945,585,63814
21,64420,1136,0.0,7946,585,63835
2,64422,1136,0.0,7947,585,63837
3,64425,1136,0.0,7948,585,63840
6,64431,1136,0.0,7949,585,63846
29,64460,1137,1.0,7950,585,63875
2,64462,1137,0.0,7951,585,63877
10,64472,1137,0.0,7952,585,63887
8,64480,1138,1.0,7953,585,63895
29,64509,1139,1.0,7954,585,63924
3,64512,1139,0.0,7955,585,63927
5,64517,1139,0.0,7956,585,63932
11,64528,1139,0.0,7957,585,63943
9,64537,1139,0.0,7958,585,63952
8,64545,1139,0.0,7959,585,63960
14,64559,1139,0.0,7960,585,63974
2,64561,1139,0.0,7961,585,63976
8,64569,1140,1.0,7962,585,63984
6,64575,1140,0.0,7963,585,63990
8,64583,1140,0.0,7964,585,63998
4,64587,1140,0.0,7965,585,64002
6,64593,1140,0.0,7966,585,64008
8,64601,1140,0.0,7967,585,64016
8,64609,1140,0.0,7968,585,64024
9,64618,1140,0.0,7969,585,64033
6,64624,1140,0.0,7970,585,64039
11,64635,1140,0.0,7971,585,64050
14,64649,1140,0.0,7972,585,64064
4,64653,1140,0.0,7973,585,64068
8,64661,1140,0.0,7974,585,64076
29,64690,1141,1.0,7975,585,64105
8,64698,1141,0.0,7976,585,64113
8,64706,1141,0.0,7977,585,64121
8,64714,1141,0.0,7978,585,64129
9,64723,1141,0.0,7979,585,64138
4,64727,1141,0.0,7980,585,64142
17,64744,1141,0.0,7981,585,64159
11,64755,1141,0.0,7982,585,64170
5,64760,1141,0.0,7983,585,64175
9,64769,1141,0.0,7984,585,64184
3,64772,1141,0.0,7985,585,64187
8,64780,1141,0.0,7986,585,64195
18,64798,1142,1.0,7987,585,64213
9,64807,1142,0.0,7988,585,64222
29,64836,1143,1.0,7989,585,64251
8,64844,1144,1.0,7990,585,64259
5,64849,1144,0.0,7991,585,64264
8,64857,1145,1.0,7992,585,64272
3,64860,1145,0.0,7993,585,64275
8,64868,1145,0.0,7994,585,64283
29,64897,1146,1.0,7995,585,64312
4,64901,1146,0.0,7996,585,64316
29,64930,1147,1.0,7997,585,64345
8,64938,1147,0.0,7998,585,64353
8,64946,1147,0.0,7999,585,64361
8,64954,1147,0.0,8000,585,64369
2,64956,1147,0.0,8001,585,64371
3,64959,1147,0.0,8002,585,64374
8,64967,1147,0.0,8003,585,64382
11,64978,1147,0.0,8004,585,64393
6,64984,1147,0.0,8005,585,64399
20,65004,1148,1.0,8006,585,64419
3,65007,1148,0.0,8007,585,64422
17,65024,1148,0.0,8008,585,64439
6,65030,1148,0.0,8009,585,64445
13,65043,1148,0.0,8010,585,64458
8,65051,1149,1.0,8011,585,64466
8,65059,1149,0.0,8012,585,64474
8,65067,1149,0.0,8013,585,64482
8,65075,1149,0.0,8014,585,64490
8,65083,1150,1.0,8015,585,64498
11,65094,1150,0.0,8016,585,64509
9,65103,1150,0.0,8017,585,64518
8,65111,1150,0.0,8018,585,64526
11,65122,1150,0.0,8019,585,64537
2,65124,1150,0.0,8020,585,64539
9,65133,1150,0.0,8021,585,64548
2,65135,1150,0.0,8022,585,64550
5,65140,1150,0.0,8023,585,64555
9,65149,1150,0.0,8024,585,64564
3,65152,1150,0.0,8025,585,64567
8,65160,1151,1.0,8026,585,64575
4,65164,1151,0.0,8027,585,64579
3,65167,1151,0.0,8028,585,64582
16,65183,1152,1.0,8029,585,64598
8,65191,1153,1.0,8030,585,64606
9,65200,1153,0.0,8031,585,64615
21,65221,1153,0.0,8032,585,64636
8,65229,1154,1.0,8033,585,64644
8,65237,1154,0.0,8034,585,64652
8,65245,1154,0.0,8035,585,64660
8,65253,1154,0.0,8036,585,64668
9,65262,1154,0.0,8037,585,64677
9,65271,1154,0.0,8038,585,64686
8,65279,1155,1.0,8039,585,64694
8,65287,1156,1.0,8040,585,64702
8,65295,1157,1.0,8041,585,64710
3,65298,1157,0.0,8042,585,64713
8,65306,1157,0.0,8043,585,64721
4,65310,1157,0.0,8044,585,64725
8,65318,1157,0.0,8045,585,64733
5,65323,1157,0.0,8046,585,64738
9,65332,1157,0.0,8047,585,64747
3,65335,1157,0.0,8048,585,64750
2,65337,1157,0.0,8049,585,64752
20,65357,1157,0.0,8050,585,64772
8,65365,1158,1.0,8051,585,64780
3,65368,1158,0.0,8052,585,64783
8,65376,1158,0.0,8053,585,64791
12,65388,1158,0.0,8054,585,64803
8,65396,1158,0.0,8055,585,64811
4,65400,1158,0.0,8056,585,64815
6,65406,1158,0.0,8057,585,64821
2,65408,1158,0.0,8058,585,64823
6,65414,1158,0.0,8059,585,64829
29,65443,1159,1.0,8060,585,64858
8,65451,1159,0.0,8061,585,64866
4,65455,1159,0.0,8062,585,64870
5,65460,1159,0.0,8063,585,64875
8,65468,1159,0.0,8064,585,64883
8,65476,1159,0.0,8065,585,64891
8,65484,1159,0.0,8066,585,64899
8,65492,1159,0.0,8067,585,64907
8,65500,1159,0.0,8068,585,64915
29,65529,1160,1.0,8069,585,64944
8,65537,1160,0.0,8070,585,64952
9,65546,1160,0.0,8071,585,64961
8,65554,1160,0.0,8072,585,64969
8,65562,1160,0.0,8073,585,64977
9,65571,1160,0.0,8074,585,64986
11,65582,1160,0.0,8075,585,64997
8,65590,1160,0.0,8076,585,65005
4,65594,1160,0.0,8077,585,65009
11,65605,1160,0.0,8078,585,65020
18,65623,1161,1.0,8079,585,65038
9,65632,1161,0.0,8080,585,65047
5,65637,1161,0.0,8081,585,65052
3,65640,1161,0.0,8082,585,65055
8,65648,1162,1.0,8083,585,65063
8,65656,1162,0.0,8084,585,65071
4,65660,1162,0.0,8085,585,65075
2,65662,1162,0.0,8086,585,65077
9,65671,1162,0.0,8087,585,65086
3,65674,1162,0.0,8088,585,65089
12,65686,1162,0.0,8089,585,65101
8,65694,1162,0.0,8090,585,65109
14,65708,1162,0.0,8091,585,65123
5,65713,1162,0.0,8092,585,65128
2,65715,1162,0.0,8093,585,65130
8,65723,1162,0.0,8094,585,65138
9,65732,1162,0.0,8095,585,65147
9,65741,1162,0.0,8096,585,65156
2,65743,1162,0.0,8097,585,65158
3,65746,1162,0.0,8098,585,65161
16,65762,1163,1.0,8099,585,65177
11,65773,1163,0.0,8100,585,65188
14,65787,1163,0.0,8101,585,65202
7,65794,1163,0.0,8102,585,65209
2,65796,1163,0.0,8103,585,65211
8,65804,1163,0.0,8104,585,65219
3,65807,1163,0.0,8105,585,65222
8,65815,1163,0.0,8106,585,65230
8,65823,1163,0.0,8107,585,65238
16,65839,1163,0.0,8108,585,65254
10,65849,1163,0.0,8109,585,65264
8,65857,1164,1.0,8110,585,65272
8,65865,1165,1.0,8111,585,65280
2,65867,1165,0.0,8112,585,65282
8,65875,1166,1.0,8113,585,65290
4,65879,1166,0.0,8114,585,65294
9,65888,1166,0.0,8115,585,65303
3,65891,1166,0.0,8116,585,65306
9,65900,1166,0.0,8117,585,65315
5,65905,1166,0.0,8118,585,65320
7,65912,1166,0.0,8119,585,65327
8,65920,1166,0.0,8120,585,65335
10,65930,1166,0.0,8121,585,65345
5,65935,1166,0.0,8122,585,65350
7,65942,1166,0.0,8123,585,65357
8,65950,1166,0.0,8124,585,65365
29,65979,1167,1.0,8125,585,65394
10,65989,1167,0.0,8126,585,65404
2,65991,1167,0.0,8127,585,65406
29,66020,1168,1.0,8128,585,65435
10,66030,1168,0.0,8129,585,65445
7,66037,1168,0.0,8130,585,65452
5,66042,1168,0.0,8131,585,65457
2,66044,1168,0.0,8132,585,65459
13,66057,1168,0.0,8133,585,65472
8,66065,1168,0.0,8134,585,65480
4,66069,1168,0.0,8135,585,65484
3,66072,1168,0.0,8136,585,65487
8,66080,1169,1.0,8137,585,65495
8,66088,1170,1.0,8138,585,65503
3,66091,1170,0.0,8139,585,65506
8,66099,1170,0.0,8140,585,65514
12,66111,1170,0.0,8141,585,65526
2,66113,1170,0.0,8142,585,65528
8,66121,1170,0.0,8143,585,65536
9,66130,1170,0.0,8144,585,65545
9,66139,1170,0.0,8145,585,65554
8,66147,1171,1.0,8146,585,65562
8,66155,1171,0.0,8147,585,65570
8,66163,1171,0.0,8148,585,65578
9,66172,1171,0.0,8149,585,65587
8,66180,1172,1.0,8150,585,65595
21,66201,1172,0.0,8151,585,65616
2,66203,1172,0.0,8152,585,65618
8,66211,1173,1.0,8153,585,65626
2,66213,1173,0.0,8154,585,65628
4,66217,1173,0.0,8155,585,65632
8,66225,1174,1.0,8156,585,65640
9,66234,1174,0.0,8157,585,65649
29,66263,1175,1.0,8158,585,65678
6,66269,1175,0.0,8159,585,65684
8,66277,1175,0.0,8160,585,65692
4,66281,1175,0.0,8161,585,65696
10,66291,1175,0.0,8162,585,65706
29,66320,1176,1.0,8163,585,65735
25,66345,1176,0.0,8164,585,65760
8,66353,1177,1.0,8165,585,65768
11,66364,1177,0.0,8166,585,65779
8,66372,1177,0.0,8167,585,65787
6,66378,1177,0.0,8168,585,65793
8,66386,1178,1.0,8169,585,65801
11,66397,1178,0.0,8170,585,65812
8,66405,1178,0.0,8171,585,65820
9,66414,1178,0.0,8172,585,65829
2,66416,1178,0.0,8173,585,65831
8,66424,1178,0.0,8174,585,65839
8,66432,1179,1.0,8175,585,65847
9,66441,1179,0.0,8176,585,65856
4,66445,1179,0.0,8177,585,65860
4,66449,1179,0.0,8178,585,65864
2,66451,1179,0.0,8179,585,65866
3,66454,1179,0.0,8180,585,65869
13,66467,1179,0.0,8181,585,65882
11,66478,1179,0.0,8182,585,65893
3,66481,1179,0.0,8183,585,65896
9,66490,1179,0.0,8184,585,65905
8,66498,1179,0.0,8185,585,65913
8,66506,1179,0.0,8186,585,65921
18,66524,1180,1.0,8187,585,65939
8,66532,1181,1.0,8188,585,65947
6,66538,1181,0.0,8189,585,65953
3,66541,1181,0.0,8190,585,65956
8,66549,1181,0.0,8191,585,65964
8,66557,1182,1.0,8192,585,65972
8,66565,1182,0.0,8193,585,65980
9,66574,1182,0.0,8194,585,65989
5,66579,1182,0.0,8195,585,65994
3,66582,1182,0.0,8196,585,65997
8,66590,1182,0.0,8197,585,66005
16,66606,1182,0.0,8198,585,66021
6,66612,1182,0.0,8199,585,66027
8,66620,1182,0.0,8200,585,66035
8,66628,1182,0.0,8201,585,66043
9,66637,1182,0.0,8202,585,66052
2,66639,1182,0.0,8203,585,66054
8,66647,1182,0.0,8204,585,66062
7,66654,1182,0.0,8205,585,66069
9,66663,1182,0.0,8206,585,66078
11,66674,1182,0.0,8207,585,66089
20,66694,1183,1.0,8208,585,66109
8,66702,1184,1.0,8209,585,66117
6,66708,1184,0.0,8210,585,66123
15,66723,1184,0.0,8211,585,66138
9,66732,1184,0.0,8212,585,66147
4,66736,1184,0.0,8213,585,66151
9,66745,1184,0.0,8214,585,66160
4,66749,1184,0.0,8215,585,66164
21,66770,1184,0.0,8216,585,66185
2,66772,1184,0.0,8217,585,66187
10,66782,1184,0.0,8218,585,66197
6,66788,1184,0.0,8219,585,66203
2,66790,1184,0.0,8220,585,66205
6,66796,1184,0.0,8221,585,66211
8,66804,1184,0.0,8222,585,66219
8,66812,1184,0.0,8223,585,66227
4,66816,1184,0.0,8224,585,66231
8,66824,1185,1.0,8225,585,66239
8,66832,1185,0.0,8226,585,66247
3,66835,1185,0.0,8227,585,66250
8,66843,1185,0.0,8228,585,66258
2,66845,1185,0.0,8229,585,66260
8,66853,1186,1.0,8230,585,66268
8,66861,1187,1.0,8231,585,66276
9,66870,1187,0.0,8232,585,66285
3,66873,1187,0.0,8233,585,66288
9,66882,1187,0.0,8234,585,66297
7,66889,1187,0.0,8235,585,66304
8,66897,1187,0.0,8236,585,66312
3,66900,1187,0.0,8237,585,66315
6,66906,1187,0.0,8238,585,66321
2,66908,1187,0.0,8239,585,66323
2,66910,1187,0.0,8240,585,66325
8,66918,1188,1.0,8241,585,66333
16,66934,1189,1.0,8242,585,66349
14,66948,1189,0.0,8243,585,66363
8,66956,1190,1.0,8244,585,66371
7,66963,1190,0.0,8245,585,66378
8,66971,1190,0.0,8246,585,66386
8,66979,1190,0.0,8247,585,66394
10,66989,1190,0.0,8248,585,66404
2,66991,1190,0.0,8249,585,66406
10,67001,1190,0.0,8250,585,66416
6,67007,1190,0.0,8251,585,66422
8,67015,1190,0.0,8252,585,66430
4,67019,1190,0.0,8253,585,66434
7,67026,1190,0.0,8254,585,66441
7,67033,1190,0.0,8255,585,66448
3,67036,1190,0.0,8256,585,66451
8,67044,1190,0.0,8257,585,66459
9,67053,1190,0.0,8258,585,66468
2,67055,1190,0.0,8259,585,66470
8,67063,1191,1.0,8260,585,66478
8,67071,1191,0.0,8261,585,66486
8,67079,1192,1.0,8262,585,66494
29,67108,1193,1.0,8263,585,66523
2,67110,1193,0.0,8264,585,66525
29,67139,1194,1.0,8265,585,66554
19,67158,1194,0.0,8266,585,66573
5,67163,1194,0.0,8267,585,66578
8,67171,1194,0.0,8268,585,66586
29,67200,1195,1.0,8269,585,66615
11,67211,1195,0.0,8270,585,66626
8,67219,1195,0.0,8271,585,66634
3,67222,1195,0.0,8272,585,66637
8,67230,1196,1.0,8273,585,66645
8,67238,1196,0.0,8274,585,66653
8,67246,1197,1.0,8275,585,66661
8,67254,1198,1.0,8276,585,66669
29,67283,1199,1.0,8277,585,66698
9,67292,1199,0.0,8278,585,66707
11,67303,1199,0.0,8279,585,66718
29,67332,1199,0.0,8280,585,66747
18,67350,1200,1.0,8281,585,66765
8,67358,1200,0.0,8282,585,66773
11,67369,1200,0.0,8283,585,66784
9,67378,1200,0.0,8284,585,66793
8,67386,1200,0.0,8285,585,66801
5,67391,1200,0.0,8286,585,66806
9,67400,1200,0.0,8287,585,66815
29,67429,1201,1.0,8288,585,66844
8,67437,1202,1.0,8289,585,66852
8,67445,1203,1.0,8290,585,66860
14,67459,1203,0.0,8291,585,66874
8,67467,1203,0.0,8292,585,66882
29,67496,1204,1.0,8293,585,66911
8,67504,1204,0.0,8294,585,66919
5,67509,1204,0.0,8295,585,66924
9,67518,1204,0.0,8296,585,66933
8,67526,1204,0.0,8297,585,66941
5,67531,1204,0.0,8298,585,66946
20,67551,1205,1.0,8299,585,66966
8,67559,1205,0.0,8300,585,66974
5,67564,1205,0.0,8301,585,66979
8,67572,1206,1.0,8302,585,66987
6,67578,1206,0.0,8303,585,66993
8,67586,1206,0.0,8304,585,67001
8,67594,1206,0.0,8305,585,67009
5,67599,1206,0.0,8306,585,67014
9,67608,1206,0.0,8307,585,67023
5,67613,1206,0.0,8308,585,67028
8,67621,1207,1.0,8309,585,67036
8,67629,1207,0.0,8310,585,67044
8,67637,1207,0.0,8311,585,67052
19,67656,1207,0.0,8312,585,67071
8,67664,1207,0.0,8313,585,67079
17,67681,1207,0.0,8314,585,67096
8,67689,1207,0.0,8315,585,67104
4,67693,1207,0.0,8316,585,67108
8,67701,1208,1.0,8317,585,67116
8,67709,1208,0.0,8318,585,67124
9,67718,1208,0.0,8319,585,67133
8,67726,1209,1.0,8320,585,67141
8,67734,1210,1.0,8321,585,67149
8,67742,1210,0.0,8322,585,67157
11,67753,1210,0.0,8323,585,67168
2,67755,1210,0.0,8324,585,67170
2,67757,1210,0.0,8325,585,67172
3,67760,1210,0.0,8326,585,67175
3,67763,1210,0.0,8327,585,67178
8,67771,1210,0.0,8328,585,67186
6,67777,1210,0.0,8329,585,67192
3,67780,1210,0.0,8330,585,67195
14,67794,1210,0.0,8331,585,67209
2,67796,1210,0.0,8332,585,67211
4,67800,1210,0.0,8333,585,67215
8,67808,1211,1.0,8334,585,67223
8,67816,1212,1.0,8335,585,67231
7,67823,1212,0.0,8336,585,67238
3,67826,1212,0.0,8337,585,67241
8,67834,1213,1.0,8338,585,67249
5,67839,1213,0.0,8339,585,67254
2,67841,1213,0.0,8340,585,67256
9,67850,1213,0.0,8341,585,67265
10,67860,1213,0.0,8342,585,67275
4,67864,1213,0.0,8343,585,67279
8,67872,1213,0.0,8344,585,67287
2,67874,1213,0.0,8345,585,67289
11,67885,1213,0.0,8346,585,67300
10,67895,1213,0.0,8347,585,67310
8,67903,1213,0.0,8348,585,67318
4,67907,1213,0.0,8349,585,67322
8,67915,1214,1.0,8350,585,67330
3,67918,1214,0.0,8351,585,67333
2,67920,1214,0.0,8352,585,67335
10,67930,1214,0.0,8353,585,67345
3,67933,1214,0.0,8354,585,67348
16,67949,1214,0.0,8355,585,67364
9,67958,1214,0.0,8356,585,67373
8,67966,1214,0.0,8357,585,67381
8,67974,1214,0.0,8358,585,67389
9,67983,1214,0.0,8359,585,67398
8,67991,1214,0.0,8360,585,67406
7,67998,1214,0.0,8361,585,67413
8,68006,1214,0.0,8362,585,67421
3,68009,1214,0.0,8363,585,67424
23,68032,1214,0.0,8364,585,67447
9,68041,1214,0.0,8365,585,67456
18,68059,1214,0.0,8366,585,67474
7,68066,1214,0.0,8367,585,67481
3,68069,1214,0.0,8368,585,67484
9,68078,1214,0.0,8369,585,67493
9,68087,1214,0.0,8370,585,67502
8,68095,1214,0.0,8371,585,67510
8,68103,1214,0.0,8372,585,67518
9,68112,1214,0.0,8373,585,67527
4,68116,1214,0.0,8374,585,67531
3,68119,1214,0.0,8375,585,67534
18,68137,1214,0.0,8376,585,67552
3,68140,1214,0.0,8377,585,67555
8,68148,1214,0.0,8378,585,67563
13,68161,1214,0.0,8379,585,67576
8,68169,1215,1.0,8380,585,67584
8,68177,1216,1.0,8381,585,67592
17,68194,1216,0.0,8382,585,67609
9,68203,1216,0.0,8383,585,67618
8,68211,1216,0.0,8384,585,67626
18,68229,1217,1.0,8385,585,67644
7,68236,1217,0.0,8386,585,67651
4,68240,1217,0.0,8387,585,67655
9,68249,1217,0.0,8388,585,67664
16,68265,1217,0.0,8389,585,67680
8,68273,1217,0.0,8390,585,67688
3,68276,1217,0.0,8391,585,67691
4,68280,1217,0.0,8392,585,67695
11,68291,1217,0.0,8393,585,67706
4,68295,1217,0.0,8394,585,67710
21,68316,1217,0.0,8395,585,67731
9,68325,1217,0.0,8396,585,67740
8,68333,1217,0.0,8397,585,67748
4,68337,1217,0.0,8398,585,67752
2,68339,1217,0.0,8399,585,67754
2,68341,1217,0.0,8400,585,67756
8,68349,1217,0.0,8401,585,67764
8,68357,1217,0.0,8402,585,67772
8,68365,1218,1.0,8403,585,67780
5,68370,1218,0.0,8404,585,67785
8,68378,1218,0.0,8405,585,67793
8,68386,1218,0.0,8406,585,67801
7,68393,1218,0.0,8407,585,67808
14,68407,1218,0.0,8408,585,67822
2,68409,1218,0.0,8409,585,67824
5,68414,1218,0.0,8410,585,67829
9,68423,1218,0.0,8411,585,67838
2,68425,1218,0.0,8412,585,67840
3,68428,1218,0.0,8413,585,67843
22,68450,1218,0.0,8414,585,67865
6,68456,1218,0.0,8415,585,67871
8,68464,1218,0.0,8416,585,67879
5,68469,1218,0.0,8417,585,67884
8,68477,1218,0.0,8418,585,67892
7,68484,1218,0.0,8419,585,67899
8,68492,1218,0.0,8420,585,67907
21,68513,1218,0.0,8421,585,67928
8,68521,1219,1.0,8422,585,67936
9,68530,1219,0.0,8423,585,67945
8,68538,1219,0.0,8424,585,67953
29,68567,1220,1.0,8425,585,67982
6,68573,1220,0.0,8426,585,67988
29,68602,1221,1.0,8427,585,68017
2,68604,1221,0.0,8428,585,68019
8,68612,1221,0.0,8429,585,68027
5,68617,1221,0.0,8430,585,68032
8,68625,1221,0.0,8431,585,68040
5,68630,1221,0.0,8432,585,68045
4,68634,1221,0.0,8433,585,68049
29,68663,1222,1.0,8434,585,68078
3,68666,1222,0.0,8435,585,68081
3,68669,1222,0.0,8436,585,68084
7,68676,1222,0.0,8437,585,68091
3,68679,1222,0.0,8438,585,68094
2,68681,1222,0.0,8439,585,68096
10,68691,1222,0.0,8440,585,68106
9,68700,1222,0.0,8441,585,68115
6,68706,1222,0.0,8442,585,68121
9,68715,1222,0.0,8443,585,68130
8,68723,1222,0.0,8444,585,68138
2,68725,1222,0.0,8445,585,68140
3,68728,1222,0.0,8446,585,68143
8,68736,1222,0.0,8447,585,68151
8,68744,1222,0.0,8448,585,68159
8,68752,1223,1.0,8449,585,68167
21,68773,1223,0.0,8450,585,68188
8,68781,1223,0.0,8451,585,68196
4,68785,1223,0.0,8452,585,68200
4,68789,1223,0.0,8453,585,68204
11,68800,1223,0.0,8454,585,68215
8,68808,1224,1.0,8455,585,68223
8,68816,1224,0.0,8456,585,68231
3,68819,1224,0.0,8457,585,68234
5,68824,1224,0.0,8458,585,68239
8,68832,1224,0.0,8459,585,68247
6,68838,1224,0.0,8460,585,68253
10,68848,1224,0.0,8461,585,68263
2,68850,1224,0.0,8462,585,68265
9,68859,1224,0.0,8463,585,68274
5,68864,1224,0.0,8464,585,68279
9,68873,1224,0.0,8465,585,68288
13,68886,1224,0.0,8466,585,68301
14,68900,1224,0.0,8467,585,68315
2,68902,1224,0.0,8468,585,68317
8,68910,1224,0.0,8469,585,68325
4,68914,1224,0.0,8470,585,68329
4,68918,1224,0.0,8471,585,68333
8,68926,1224,0.0,8472,585,68341
8,68934,1225,1.0,8473,585,68349
8,68942,1226,1.0,8474,585,68357
11,68953,1226,0.0,8475,585,68368
8,68961,1227,1.0,8476,585,68376
11,68972,1227,0.0,8477,585,68387
16,68988,1227,0.0,8478,585,68403
9,68997,1227,0.0,8479,585,68412
8,69005,1227,0.0,8480,585,68420
5,69010,1227,0.0,8481,585,68425
8,69018,1227,0.0,8482,585,68433
9,69027,1227,0.0,8483,585,68442
6,69033,1227,0.0,8484,585,68448
3,69036,1227,0.0,8485,585,68451
8,69044,1227,0.0,8486,585,68459
18,69062,1228,1.0,8487,585,68477
18,69080,1229,1.0,8488,585,68495
2,69082,1229,0.0,8489,585,68497
16,69098,1229,0.0,8490,585,68513
2,69100,1229,0.0,8491,585,68515
12,69112,1229,0.0,8492,585,68527
4,69116,1229,0.0,8493,585,68531
11,69127,1229,0.0,8494,585,68542
4,69131,1229,0.0,8495,585,68546
8,69139,1230,1.0,8496,585,68554
2,69141,1230,0.0,8497,585,68556
8,69149,1230,0.0,8498,585,68564
8,69157,1231,1.0,8499,585,68572
8,69165,1231,0.0,8500,585,68580
11,69176,1231,0.0,8501,585,68591
2,69178,1231,0.0,8502,585,68593
8,69186,1231,0.0,8503,585,68601
8,69194,1231,0.0,8504,585,68609
4,69198,1231,0.0,8505,585,68613
8,69206,1231,0.0,8506,585,68621
8,69214,1231,0.0,8507,585,68629
8,69222,1232,1.0,8508,585,68637
8,69230,1232,0.0,8509,585,68645
6,69236,1232,0.0,8510,585,68651
19,69255,1232,0.0,8511,585,68670
5,69260,1232,0.0,8512,585,68675
4,69264,1232,0.0,8513,585,68679
8,69272,1232,0.0,8514,585,68687
4,69276,1232,0.0,8515,585,68691
5,69281,1232,0.0,8516,585,68696
3,69284,1232,0.0,8517,585,68699
8,69292,1232,0.0,8518,585,68707
4,69296,1232,0.0,8519,585,68711
9,69305,1232,0.0,8520,585,68720
6,69311,1232,0.0,8521,585,68726
8,69319,1232,0.0,8522,585,68734
16,69335,1233,1.0,8523,585,68750
8,69343,1234,1.0,8524,585,68758
4,69347,1234,0.0,8525,585,68762
8,69355,1235,1.0,8526,585,68770
9,69364,1235,0.0,8527,585,68779
2,69366,1235,0.0,8528,585,68781
3,69369,1235,0.0,8529,585,68784
2,69371,1235,0.0,8530,585,68786
9,69380,1235,0.0,8531,585,68795
7,69387,1235,0.0,8532,585,68802
8,69395,1235,0.0,8533,585,68810
9,69404,1235,0.0,8534,585,68819
5,69409,1235,0.0,8535,585,68824
29,69438,1236,1.0,8536,585,68853
2,69440,1236,0.0,8537,585,68855
10,69450,1236,0.0,8538,585,68865
27,69477,1236,0.0,8539,585,68892
3,69480,1236,0.0,8540,585,68895
5,69485,1236,0.0,8541,585,68900
2,69487,1236,0.0,8542,585,68902
8,69495,1236,0.0,8543,585,68910
3,69498,1236,0.0,8544,585,68913
2,69500,1236,0.0,8545,585,68915
13,69513,1236,0.0,8546,585,68928
6,69519,1236,0.0,8547,585,68934
4,69523,1236,0.0,8548,585,68938
8,69531,1236,0.0,8549,585,68946
4,69535,1236,0.0,8550,585,68950
2,69537,1236,0.0,8551,585,68952
8,69545,1236,0.0,8552,585,68960
17,69562,1236,0.0,8553,585,68977
8,69570,1236,0.0,8554,585,68985
4,69574,1236,0.0,8555,585,68989
6,69580,1236,0.0,8556,585,68995
8,69588,1236,0.0,8557,585,69003
11,69599,1236,0.0,8558,585,69014
5,69604,1236,0.0,8559,585,69019
3,69607,1236,0.0,8560,585,69022
29,69636,1237,1.0,8561,585,69051
27,69663,1237,0.0,8562,585,69078
4,69667,1237,0.0,8563,585,69082
10,69677,1237,0.0,8564,585,69092
6,69683,1237,0.0,8565,585,69098
4,69687,1237,0.0,8566,585,69102
8,69695,1237,0.0,8567,585,69110
2,69697,1237,0.0,8568,585,69112
6,69703,1237,0.0,8569,585,69118
3,69706,1237,0.0,8570,585,69121
8,69714,1237,0.0,8571,585,69129
5,69719,1237,0.0,8572,585,69134
6,69725,1237,0.0,8573,585,69140
29,69754,1238,1.0,8574,585,69169
8,69762,1238,0.0,8575,585,69177
8,69770,1238,0.0,8576,585,69185
5,69775,1238,0.0,8577,585,69190
7,69782,1238,0.0,8578,585,69197
2,69784,1238,0.0,8579,585,69199
15,69799,1238,0.0,8580,585,69214
10,69809,1238,0.0,8581,585,69224
22,69831,1238,0.0,8582,585,69246
11,69842,1238,0.0,8583,585,69257
8,69850,1238,0.0,8584,585,69265
7,69857,1238,0.0,8585,585,69272
4,69861,1238,0.0,8586,585,69276
8,69869,1238,0.0,8587,585,69284
5,69874,1238,0.0,8588,585,69289
4,69878,1238,0.0,8589,585,69293
8,69886,1239,1.0,8590,585,69301
18,69904,1239,0.0,8591,585,69319
4,69908,1239,0.0,8592,585,69323
40,69948,1239,0.0,8593,585,69363
8,69956,1240,1.0,8594,585,69371
8,69964,1241,1.0,8595,585,69379
8,69972,1241,0.0,8596,585,69387
12,69984,1241,0.0,8597,585,69399
9,69993,1241,0.0,8598,585,69408
7,70000,1241,0.0,8599,585,69415
9,70009,1241,0.0,8600,585,69424
4,70013,1241,0.0,8601,585,69428
8,70021,1241,0.0,8602,585,69436
4,70025,1241,0.0,8603,585,69440
9,70034,1241,0.0,8604,585,69449
3,70037,1241,0.0,8605,585,69452
9,70046,1241,0.0,8606,585,69461
18,70064,1242,1.0,8607,585,69479
7,70071,1242,0.0,8608,585,69486
14,70085,1242,0.0,8609,585,69500
8,70093,1243,1.0,8610,585,69508
4,70097,1243,0.0,8611,585,69512
4,70101,1243,0.0,8612,585,69516
3,70104,1243,0.0,8613,585,69519
2,70106,1243,0.0,8614,585,69521
4,70110,1243,0.0,8615,585,69525
8,70118,1243,0.0,8616,585,69533
17,70135,1243,0.0,8617,585,69550
8,70143,1243,0.0,8618,585,69558
25,70168,1243,0.0,8619,585,69583
8,70176,1243,0.0,8620,585,69591
3,70179,1243,0.0,8621,585,69594
3,70182,1243,0.0,8622,585,69597
2,70184,1243,0.0,8623,585,69599
17,70201,1243,0.0,8624,585,69616
8,70209,1244,1.0,8625,585,69624
16,70225,1244,0.0,8626,585,69640
8,70233,1245,1.0,8627,585,69648
29,70262,1246,1.0,8628,585,69677
5,70267,1246,0.0,8629,585,69682
8,70275,1246,0.0,8630,585,69690
7,70282,1246,0.0,8631,585,69697
9,70291,1246,0.0,8632,585,69706
3,70294,1246,0.0,8633,585,69709
8,70302,1247,1.0,8634,585,69717
5,70307,1247,0.0,8635,585,69722
16,70323,1248,1.0,8636,585,69738
8,70331,1249,1.0,8637,585,69746
8,70339,1250,1.0,8638,585,69754
10,70349,1250,0.0,8639,585,69764
9,70358,1250,0.0,8640,585,69773
13,70371,1250,0.0,8641,585,69786
3,70374,1250,0.0,8642,585,69789
4,70378,1250,0.0,8643,585,69793
8,70386,1251,1.0,8644,585,69801
2,70388,1251,0.0,8645,585,69803
9,70397,1251,0.0,8646,585,69812
4,70401,1251,0.0,8647,585,69816
14,70415,1251,0.0,8648,585,69830
8,70423,1252,1.0,8649,585,69838
14,70437,1252,0.0,8650,585,69852
9,70446,1252,0.0,8651,585,69861
8,70454,1252,0.0,8652,585,69869
3,70457,1252,0.0,8653,585,69872
6,70463,1252,0.0,8654,585,69878
8,70471,1253,1.0,8655,585,69886
5,70476,1253,0.0,8656,585,69891
8,70484,1253,0.0,8657,585,69899
8,70492,1253,0.0,8658,585,69907
16,70508,1254,1.0,8659,585,69923
5,70513,1254,0.0,8660,585,69928
6,70519,1254,0.0,8661,585,69934
9,70528,1254,0.0,8662,585,69943
9,70537,1254,0.0,8663,585,69952
8,70545,1254,0.0,8664,585,69960
3,70548,1254,0.0,8665,585,69963
3,70551,1254,0.0,8666,585,69966
8,70559,1254,0.0,8667,585,69974
8,70567,1255,1.0,8668,585,69982
8,70575,1255,0.0,8669,585,69990
20,70595,1255,0.0,8670,585,70010
8,70603,1256,1.0,8671,585,70018
8,70611,1257,1.0,8672,585,70026
2,70613,1257,0.0,8673,585,70028
9,70622,1257,0.0,8674,585,70037
8,70630,1257,0.0,8675,585,70045
4,70634,1257,0.0,8676,585,70049
7,70641,1257,0.0,8677,585,70056
3,70644,1257,0.0,8678,585,70059
15,70659,1257,0.0,8679,585,70074
6,70665,1257,0.0,8680,585,70080
8,70673,1257,0.0,8681,585,70088
8,70681,1257,0.0,8682,585,70096
6,70687,1257,0.0,8683,585,70102
3,70690,1257,0.0,8684,585,70105
9,70699,1257,0.0,8685,585,70114
3,70702,1257,0.0,8686,585,70117
2,70704,1257,0.0,8687,585,70119
8,70712,1257,0.0,8688,585,70127
8,70720,1257,0.0,8689,585,70135
12,70732,1257,0.0,8690,585,70147
8,70740,1257,0.0,8691,585,70155
28,70768,1257,0.0,8692,585,70183
2,70770,1257,0.0,8693,585,70185
9,70779,1257,0.0,8694,585,70194
3,70782,1257,0.0,8695,585,70197
8,70790,1258,1.0,8696,585,70205
5,70795,1258,0.0,8697,585,70210
9,70804,1258,0.0,8698,585,70219
8,70812,1258,0.0,8699,585,70227
10,70822,1258,0.0,8700,585,70237
6,70828,1258,0.0,8701,585,70243
8,70836,1259,1.0,8702,585,70251
2,70838,1259,0.0,8703,585,70253
18,70856,1259,0.0,8704,585,70271
14,70870,1259,0.0,8705,585,70285
13,70883,1259,0.0,8706,585,70298
6,70889,1259,0.0,8707,585,70304
5,70894,1259,0.0,8708,585,70309
8,70902,1260,1.0,8709,585,70317
16,70918,1260,0.0,8710,585,70333
2,70920,1260,0.0,8711,585,70335
8,70928,1260,0.0,8712,585,70343
18,70946,1261,1.0,8713,585,70361
11,70957,1261,0.0,8714,585,70372
8,70965,1262,1.0,8715,585,70380
14,70979,1262,0.0,8716,585,70394
6,70985,1262,0.0,8717,585,70400
3,70988,1262,0.0,8718,585,70403
8,70996,1262,0.0,8719,585,70411
3,70999,1262,0.0,8720,585,70414
6,71005,1262,0.0,8721,585,70420
8,71013,1263,1.0,8722,585,70428
8,71021,1264,1.0,8723,585,70436
10,71031,1264,0.0,8724,585,70446
9,71040,1264,0.0,8725,585,70455
8,71048,1264,0.0,8726,585,70463
7,71055,1264,0.0,8727,585,70470
2,71057,1264,0.0,8728,585,70472
8,71065,1265,1.0,8729,585,70480
8,71073,1265,0.0,8730,585,70488
17,71090,1265,0.0,8731,585,70505
4,71094,1265,0.0,8732,585,70509
8,71102,1265,0.0,8733,585,70517
5,71107,1265,0.0,8734,585,70522
5,71112,1265,0.0,8735,585,70527
6,71118,1265,0.0,8736,585,70533
2,71120,1265,0.0,8737,585,70535
18,71138,1266,1.0,8738,585,70553
8,71146,1266,0.0,8739,585,70561
3,71149,1266,0.0,8740,585,70564
2,71151,1266,0.0,8741,585,70566
6,71157,1266,0.0,8742,585,70572
8,71165,1266,0.0,8743,585,70580
2,71167,1266,0.0,8744,585,70582
2,71169,1266,0.0,8745,585,70584
8,71177,1266,0.0,8746,585,70592
8,71185,1266,0.0,8747,585,70600
4,71189,1266,0.0,8748,585,70604
3,71192,1266,0.0,8749,585,70607
5,71197,1266,0.0,8750,585,70612
8,71205,1266,0.0,8751,585,70620
2,71207,1266,0.0,8752,585,70622
3,71210,1266,0.0,8753,585,70625
5,71215,1266,0.0,8754,585,70630
3,71218,1266,0.0,8755,585,70633
6,71224,1266,0.0,8756,585,70639
7,71231,1266,0.0,8757,585,70646
8,71239,1267,1.0,8758,585,70654
6,71245,1267,0.0,8759,585,70660
16,71261,1267,0.0,8760,585,70676
14,71275,1267,0.0,8761,585,70690
7,71282,1267,0.0,8762,585,70697
3,71285,1267,0.0,8763,585,70700
20,71305,1267,0.0,8764,585,70720
8,71313,1267,0.0,8765,585,70728
8,71321,1268,1.0,8766,585,70736
8,71329,1269,1.0,8767,585,70744
9,71338,1269,0.0,8768,585,70753
8,71346,1269,0.0,8769,585,70761
5,71351,1269,0.0,8770,585,70766
8,71359,1269,0.0,8771,585,70774
2,71361,1269,0.0,8772,585,70776
4,71365,1269,0.0,8773,585,70780
8,71373,1269,0.0,8774,585,70788
8,71381,1269,0.0,8775,585,70796
8,71389,1269,0.0,8776,585,70804
3,71392,1269,0.0,8777,585,70807
22,71414,1269,0.0,8778,585,70829
10,71424,1269,0.0,8779,585,70839
8,71432,1270,1.0,8780,585,70847
11,71443,1270,0.0,8781,585,70858
3,71446,1270,0.0,8782,585,70861
12,71458,1270,0.0,8783,585,70873
9,71467,1270,0.0,8784,585,70882
8,71475,1270,0.0,8785,585,70890
2,71477,1270,0.0,8786,585,70892
8,71485,1270,0.0,8787,585,70900
14,71499,1270,0.0,8788,585,70914
3,71502,1270,0.0,8789,585,70917
3,71505,1270,0.0,8790,585,70920
5,71510,1270,0.0,8791,585,70925
8,71518,1270,0.0,8792,585,70933
8,71526,1270,0.0,8793,585,70941
8,71534,1271,1.0,8794,585,70949
8,71542,1272,1.0,8795,585,70957
8,71550,1272,0.0,8796,585,70965
15,71565,1272,0.0,8797,585,70980
15,71580,1272,0.0,8798,585,70995
6,71586,1272,0.0,8799,585,71001
8,71594,1273,1.0,8800,585,71009
3,71597,1273,0.0,8801,585,71012
3,71600,1273,0.0,8802,585,71015
16,71616,1273,0.0,8803,585,71031
4,71620,1273,0.0,8804,585,71035
8,71628,1273,0.0,8805,585,71043
8,71636,1273,0.0,8806,585,71051
9,71645,1273,0.0,8807,585,71060
8,71653,1274,1.0,8808,585,71068
3,71656,1274,0.0,8809,585,71071
18,71674,1275,1.0,8810,585,71089
4,71678,1275,0.0,8811,585,71093
6,71684,1275,0.0,8812,585,71099
4,71688,1275,0.0,8813,585,71103
3,71691,1275,0.0,8814,585,71106
8,71699,1276,1.0,8815,585,71114
11,71710,1276,0.0,8816,585,71125
29,71739,1277,1.0,8817,585,71154
29,71768,1278,1.0,8818,585,71183
8,71776,1279,1.0,8819,585,71191
4,71780,1279,0.0,8820,585,71195
5,71785,1279,0.0,8821,585,71200
8,71793,1280,1.0,8822,585,71208
18,71811,1281,1.0,8823,585,71226
2,71813,1281,0.0,8824,585,71228
2,71815,1281,0.0,8825,585,71230
8,71823,1281,0.0,8826,585,71238
4,71827,1281,0.0,8827,585,71242
4,71831,1281,0.0,8828,585,71246
9,71840,1281,0.0,8829,585,71255
3,71843,1281,0.0,8830,585,71258
5,71848,1281,0.0,8831,585,71263
3,71851,1281,0.0,8832,585,71266
11,71862,1281,0.0,8833,585,71277
8,71870,1281,0.0,8834,585,71285
8,71878,1281,0.0,8835,585,71293
9,71887,1281,0.0,8836,585,71302
8,71895,1281,0.0,8837,585,71310
10,71905,1281,0.0,8838,585,71320
9,71914,1281,0.0,8839,585,71329
5,71919,1281,0.0,8840,585,71334
9,71928,1281,0.0,8841,585,71343
4,71932,1281,0.0,8842,585,71347
8,71940,1281,0.0,8843,585,71355
2,71942,1281,0.0,8844,585,71357
7,71949,1281,0.0,8845,585,71364
5,71954,1281,0.0,8846,585,71369
9,71963,1281,0.0,8847,585,71378
8,71971,1281,0.0,8848,585,71386
8,71979,1281,0.0,8849,585,71394
8,71987,1282,1.0,8850,585,71402
18,72005,1283,1.0,8851,585,71420
8,72013,1284,1.0,8852,585,71428
18,72031,1285,1.0,8853,585,71446
8,72039,1285,0.0,8854,585,71454
2,72041,1285,0.0,8855,585,71456
9,72050,1285,0.0,8856,585,71465
5,72055,1285,0.0,8857,585,71470
8,72063,1285,0.0,8858,585,71478
5,72068,1285,0.0,8859,585,71483
8,72076,1285,0.0,8860,585,71491
10,72086,1285,0.0,8861,585,71501
6,72092,1285,0.0,8862,585,71507
9,72101,1285,0.0,8863,585,71516
29,72130,1286,1.0,8864,585,71545
2,72132,1286,0.0,8865,585,71547
2,72134,1286,0.0,8866,585,71549
3,72137,1286,0.0,8867,585,71552
9,72146,1286,0.0,8868,585,71561
12,72158,1286,0.0,8869,585,71573
8,72166,1286,0.0,8870,585,71581
3,72169,1286,0.0,8871,585,71584
5,72174,1286,0.0,8872,585,71589
3,72177,1286,0.0,8873,585,71592
9,72186,1286,0.0,8874,585,71601
13,72199,1286,0.0,8875,585,71614
3,72202,1286,0.0,8876,585,71617
5,72207,1286,0.0,8877,585,71622
8,72215,1286,0.0,8878,585,71630
11,72226,1286,0.0,8879,585,71641
15,72241,1286,0.0,8880,585,71656
2,72243,1286,0.0,8881,585,71658
3,72246,1286,0.0,8882,585,71661
8,72254,1287,1.0,8883,585,71669
28,72282,1287,0.0,8884,585,71697
3,72285,1287,0.0,8885,585,71700
8,72293,1288,1.0,8886,585,71708
8,72301,1288,0.0,8887,585,71716
9,72310,1288,0.0,8888,585,71725
9,72319,1288,0.0,8889,585,71734
9,72328,1288,0.0,8890,585,71743
9,72337,1288,0.0,8891,585,71752
8,72345,1288,0.0,8892,585,71760
11,72356,1288,0.0,8893,585,71771
8,72364,1288,0.0,8894,585,71779
16,72380,1289,1.0,8895,585,71795
7,72387,1289,0.0,8896,585,71802
8,72395,1290,1.0,8897,585,71810
29,72424,1291,1.0,8898,585,71839
14,72438,1291,0.0,8899,585,71853
7,72445,1291,0.0,8900,585,71860
3,72448,1291,0.0,8901,585,71863
8,72456,1291,0.0,8902,585,71871
3,72459,1291,0.0,8903,585,71874
7,72466,1291,0.0,8904,585,71881
4,72470,1291,0.0,8905,585,71885
4,72474,1291,0.0,8906,585,71889
8,72482,1291,0.0,8907,585,71897
9,72491,1291,0.0,8908,585,71906
4,72495,1291,0.0,8909,585,71910
4,72499,1291,0.0,8910,585,71914
7,72506,1291,0.0,8911,585,71921
8,72514,1291,0.0,8912,585,71929
8,72522,1292,1.0,8913,585,71937
16,72538,1293,1.0,8914,585,71953
9,72547,1293,0.0,8915,585,71962
4,72551,1293,0.0,8916,585,71966
8,72559,1293,0.0,8917,585,71974
3,72562,1293,0.0,8918,585,71977
8,72570,1294,1.0,8919,585,71985
2,72572,1294,0.0,8920,585,71987
7,72579,1294,0.0,8921,585,71994
29,72608,1295,1.0,8922,585,72023
10,72618,1295,0.0,8923,585,72033
19,72637,1295,0.0,8924,585,72052
7,72644,1295,0.0,8925,585,72059
17,72661,1295,0.0,8926,585,72076
5,72666,1295,0.0,8927,585,72081
8,72674,1296,1.0,8928,585,72089
8,72682,1296,0.0,8929,585,72097
8,72690,1296,0.0,8930,585,72105
8,72698,1296,0.0,8931,585,72113
4,72702,1296,0.0,8932,585,72117
3,72705,1296,0.0,8933,585,72120
3,72708,1296,0.0,8934,585,72123
5,72713,1296,0.0,8935,585,72128
4,72717,1296,0.0,8936,585,72132
5,72722,1296,0.0,8937,585,72137
3,72725,1296,0.0,8938,585,72140
29,72754,1297,1.0,8939,585,72169
8,72762,1298,1.0,8940,585,72177
16,72778,1298,0.0,8941,585,72193
5,72783,1298,0.0,8942,585,72198
2,72785,1298,0.0,8943,585,72200
8,72793,1299,1.0,8944,585,72208
2,72795,1299,0.0,8945,585,72210
16,72811,1300,1.0,8946,585,72226
4,72815,1300,0.0,8947,585,72230
8,72823,1301,1.0,8948,585,72238
29,72852,1302,1.0,8949,585,72267
11,72863,1302,0.0,8950,585,72278
5,72868,1302,0.0,8951,585,72283
4,72872,1302,0.0,8952,585,72287
8,72880,1303,1.0,8953,585,72295
5,72885,1303,0.0,8954,585,72300
3,72888,1303,0.0,8955,585,72303
4,72892,1303,0.0,8956,585,72307
19,72911,1303,0.0,8957,585,72326
11,72922,1303,0.0,8958,585,72337
8,72930,1304,1.0,8959,585,72345
7,72937,1304,0.0,8960,585,72352
18,72955,1305,1.0,8961,585,72370
3,72958,1305,0.0,8962,585,72373
8,72966,1306,1.0,8963,585,72381
10,72976,1306,0.0,8964,585,72391
8,72984,1306,0.0,8965,585,72399
9,72993,1306,0.0,8966,585,72408
8,73001,1307,1.0,8967,585,72416
4,73005,1307,0.0,8968,585,72420
8,73013,1307,0.0,8969,585,72428
11,73024,1307,0.0,8970,585,72439
8,73032,1307,0.0,8971,585,72447
8,73040,1307,0.0,8972,585,72455
8,73048,1307,0.0,8973,585,72463
2,73050,1307,0.0,8974,585,72465
13,73063,1307,0.0,8975,585,72478
4,73067,1307,0.0,8976,585,72482
5,73072,1307,0.0,8977,585,72487
3,73075,1307,0.0,8978,585,72490
6,73081,1307,0.0,8979,585,72496
2,73083,1307,0.0,8980,585,72498
2,73085,1307,0.0,8981,585,72500
4,73089,1307,0.0,8982,585,72504
8,73097,1308,1.0,8983,585,72512
10,73107,1308,0.0,8984,585,72522
16,73123,1308,0.0,8985,585,72538
7,73130,1308,0.0,8986,585,72545
18,73148,1309,1.0,8987,585,72563
8,73156,1309,0.0,8988,585,72571
9,73165,1309,0.0,8989,585,72580
4,73169,1309,0.0,8990,585,72584
9,73178,1309,0.0,8991,585,72593
4,73182,1309,0.0,8992,585,72597
6,73188,1309,0.0,8993,585,72603
8,73196,1309,0.0,8994,585,72611
8,73204,1310,1.0,8995,585,72619
13,73217,1310,0.0,8996,585,72632
4,73221,1310,0.0,8997,585,72636
4,73225,1310,0.0,8998,585,72640
5,73230,1310,0.0,8999,585,72645
4,73234,1310,0.0,9000,585,72649
22,73256,1310,0.0,9001,585,72671
3,73259,1310,0.0,9002,585,72674
18,73277,1311,1.0,9003,585,72692
8,73285,1311,0.0,9004,585,72700
9,73294,1311,0.0,9005,585,72709
19,73313,1311,0.0,9006,585,72728
6,73319,1311,0.0,9007,585,72734
4,73323,1311,0.0,9008,585,72738
29,73352,1311,0.0,9009,585,72767
10,73362,1311,0.0,9010,585,72777
8,73370,1311,0.0,9011,585,72785
3,73373,1311,0.0,9012,585,72788
6,73379,1311,0.0,9013,585,72794
7,73386,1311,0.0,9014,585,72801
15,73401,1311,0.0,9015,585,72816
21,73422,1311,0.0,9016,585,72837
11,73433,1311,0.0,9017,585,72848
9,73442,1311,0.0,9018,585,72857
9,73451,1311,0.0,9019,585,72866
6,73457,1311,0.0,9020,585,72872
5,73462,1311,0.0,9021,585,72877
17,73479,1311,0.0,9022,585,72894
4,73483,1311,0.0,9023,585,72898
8,73491,1311,0.0,9024,585,72906
29,73520,1312,1.0,9025,585,72935
5,73525,1312,0.0,9026,585,72940
5,73530,1312,0.0,9027,585,72945
29,73559,1313,1.0,9028,585,72974
10,73569,1313,0.0,9029,585,72984
8,73577,1313,0.0,9030,585,72992
2,73579,1313,0.0,9031,585,72994
6,73585,1313,0.0,9032,585,73000
8,73593,1313,0.0,9033,585,73008
8,73601,1314,1.0,9034,585,73016
2,73603,1314,0.0,9035,585,73018
8,73611,1314,0.0,9036,585,73026
8,73619,1314,0.0,9037,585,73034
8,73627,1314,0.0,9038,585,73042
15,73642,1314,0.0,9039,585,73057
8,73650,1315,1.0,9040,585,73065
8,73658,1316,1.0,9041,585,73073
17,73675,1316,0.0,9042,585,73090
3,73678,1316,0.0,9043,585,73093
2,73680,1316,0.0,9044,585,73095
8,73688,1317,1.0,9045,585,73103
8,73696,1317,0.0,9046,585,73111
5,73701,1317,0.0,9047,585,73116
6,73707,1317,0.0,9048,585,73122
3,73710,1317,0.0,9049,585,73125
10,73720,1317,0.0,9050,585,73135
9,73729,1317,0.0,9051,585,73144
4,73733,1317,0.0,9052,585,73148
8,73741,1317,0.0,9053,585,73156
9,73750,1317,0.0,9054,585,73165
8,73758,1317,0.0,9055,585,73173
12,73770,1317,0.0,9056,585,73185
2,73772,1317,0.0,9057,585,73187
8,73780,1317,0.0,9058,585,73195
18,73798,1318,1.0,9059,585,73213
3,73801,1318,0.0,9060,585,73216
8,73809,1318,0.0,9061,585,73224
8,73817,1318,0.0,9062,585,73232
9,73826,1318,0.0,9063,585,73241
3,73829,1318,0.0,9064,585,73244
3,73832,1318,0.0,9065,585,73247
9,73841,1318,0.0,9066,585,73256
5,73846,1318,0.0,9067,585,73261
8,73854,1319,1.0,9068,585,73269
8,73862,1320,1.0,9069,585,73277
12,73874,1320,0.0,9070,585,73289
9,73883,1320,0.0,9071,585,73298
7,73890,1320,0.0,9072,585,73305
8,73898,1321,1.0,9073,585,73313
6,73904,1321,0.0,9074,585,73319
7,73911,1321,0.0,9075,585,73326
4,73915,1321,0.0,9076,585,73330
5,73920,1321,0.0,9077,585,73335
18,73938,1322,1.0,9078,585,73353
9,73947,1322,0.0,9079,585,73362
8,73955,1322,0.0,9080,585,73370
8,73963,1322,0.0,9081,585,73378
12,73975,1322,0.0,9082,585,73390
3,73978,1322,0.0,9083,585,73393
9,73987,1322,0.0,9084,585,73402
8,73995,1323,1.0,9085,585,73410
6,74001,1323,0.0,9086,585,73416
8,74009,1323,0.0,9087,585,73424
9,74018,1323,0.0,9088,585,73433
8,74026,1324,1.0,9089,585,73441
3,74029,1324,0.0,9090,585,73444
8,74037,1324,0.0,9091,585,73452
8,74045,1324,0.0,9092,585,73460
2,74047,1324,0.0,9093,585,73462
9,74056,1324,0.0,9094,585,73471
8,74064,1324,0.0,9095,585,73479
21,74085,1324,0.0,9096,585,73500
8,74093,1324,0.0,9097,585,73508
9,74102,1324,0.0,9098,585,73517
9,74111,1324,0.0,9099,585,73526
8,74119,1324,0.0,9100,585,73534
4,74123,1324,0.0,9101,585,73538
15,74138,1324,0.0,9102,585,73553
28,74166,1324,0.0,9103,585,73581
4,74170,1324,0.0,9104,585,73585
8,74178,1325,1.0,9105,585,73593
7,74185,1325,0.0,9106,585,73600
8,74193,1325,0.0,9107,585,73608
3,74196,1325,0.0,9108,585,73611
7,74203,1325,0.0,9109,585,73618
9,74212,1325,0.0,9110,585,73627
8,74220,1326,1.0,9111,585,73635
9,74229,1326,0.0,9112,585,73644
3,74232,1326,0.0,9113,585,73647
8,74240,1326,0.0,9114,585,73655
14,74254,1326,0.0,9115,585,73669
5,74259,1326,0.0,9116,585,73674
8,74267,1327,1.0,9117,585,73682
8,74275,1327,0.0,9118,585,73690
17,74292,1327,0.0,9119,585,73707
4,74296,1327,0.0,9120,585,73711
4,74300,1327,0.0,9121,585,73715
2,74302,1327,0.0,9122,585,73717
5,74307,1327,0.0,9123,585,73722
8,74315,1327,0.0,9124,585,73730
8,74323,1328,1.0,9125,585,73738
14,74337,1328,0.0,9126,585,73752
8,74345,1328,0.0,9127,585,73760
9,74354,1328,0.0,9128,585,73769
2,74356,1328,0.0,9129,585,73771
8,74364,1328,0.0,9130,585,73779
13,74377,1328,0.0,9131,585,73792
9,74386,1328,0.0,9132,585,73801
2,74388,1328,0.0,9133,585,73803
5,74393,1328,0.0,9134,585,73808
7,74400,1328,0.0,9135,585,73815
8,74408,1328,0.0,9136,585,73823
3,74411,1328,0.0,9137,585,73826
8,74419,1328,0.0,9138,585,73834
21,74440,1328,0.0,9139,585,73855
18,74458,1329,1.0,9140,585,73873
13,74471,1329,0.0,9141,585,73886
5,74476,1329,0.0,9142,585,73891
10,74486,1329,0.0,9143,585,73901
8,74494,1329,0.0,9144,585,73909
4,74498,1329,0.0,9145,585,73913
8,74506,1329,0.0,9146,585,73921
22,74528,1329,0.0,9147,585,73943
14,74542,1329,0.0,9148,585,73957
8,74550,1329,0.0,9149,585,73965
3,74553,1329,0.0,9150,585,73968
9,74562,1329,0.0,9151,585,73977
29,74591,1330,1.0,9152,585,74006
8,74599,1330,0.0,9153,585,74014
2,74601,1330,0.0,9154,585,74016
4,74605,1330,0.0,9155,585,74020
21,74626,1330,0.0,9156,585,74041
2,74628,1330,0.0,9157,585,74043
9,74637,1330,0.0,9158,585,74052
16,74653,1330,0.0,9159,585,74068
6,74659,1330,0.0,9160,585,74074
5,74664,1330,0.0,9161,585,74079
8,74672,1330,0.0,9162,585,74087
3,74675,1330,0.0,9163,585,74090
2,74677,1330,0.0,9164,585,74092
5,74682,1330,0.0,9165,585,74097
8,74690,1331,1.0,9166,585,74105
9,74699,1331,0.0,9167,585,74114
5,74704,1331,0.0,9168,585,74119
5,74709,1331,0.0,9169,585,74124
8,74717,1331,0.0,9170,585,74132
8,74725,1331,0.0,9171,585,74140
2,74727,1331,0.0,9172,585,74142
12,74739,1331,0.0,9173,585,74154
8,74747,1331,0.0,9174,585,74162
4,74751,1331,0.0,9175,585,74166
8,74759,1331,0.0,9176,585,74174
9,74768,1331,0.0,9177,585,74183
5,74773,1331,0.0,9178,585,74188
8,74781,1331,0.0,9179,585,74196
10,74791,1331,0.0,9180,585,74206
13,74804,1331,0.0,9181,585,74219
8,74812,1332,1.0,9182,585,74227
8,74820,1333,1.0,9183,585,74235
8,74828,1333,0.0,9184,585,74243
13,74841,1333,0.0,9185,585,74256
9,74850,1333,0.0,9186,585,74265
8,74858,1333,0.0,9187,585,74273
9,74867,1333,0.0,9188,585,74282
5,74872,1333,0.0,9189,585,74287
14,74886,1333,0.0,9190,585,74301
8,74894,1333,0.0,9191,585,74309
6,74900,1333,0.0,9192,585,74315
5,74905,1333,0.0,9193,585,74320
4,74909,1333,0.0,9194,585,74324
4,74913,1333,0.0,9195,585,74328
9,74922,1333,0.0,9196,585,74337
8,74930,1334,1.0,9197,585,74345
4,74934,1334,0.0,9198,585,74349
8,74942,1335,1.0,9199,585,74357
11,74953,1335,0.0,9200,585,74368
10,74963,1335,0.0,9201,585,74378
8,74971,1335,0.0,9202,585,74386
13,74984,1335,0.0,9203,585,74399
6,74990,1335,0.0,9204,585,74405
8,74998,1335,0.0,9205,585,74413
4,75002,1335,0.0,9206,585,74417
29,75031,1336,1.0,9207,585,74446
8,75039,1336,0.0,9208,585,74454
5,75044,1336,0.0,9209,585,74459
11,75055,1336,0.0,9210,585,74470
5,75060,1336,0.0,9211,585,74475
21,75081,1336,0.0,9212,585,74496
5,75086,1336,0.0,9213,585,74501
9,75095,1336,0.0,9214,585,74510
2,75097,1336,0.0,9215,585,74512
8,75105,1336,0.0,9216,585,74520
8,75113,1337,1.0,9217,585,74528
12,75125,1337,0.0,9218,585,74540
8,75133,1338,1.0,9219,585,74548
8,75141,1339,1.0,9220,585,74556
3,75144,1339,0.0,9221,585,74559
3,75147,1339,0.0,9222,585,74562
8,75155,1339,0.0,9223,585,74570
8,75163,1339,0.0,9224,585,74578
3,75166,1339,0.0,9225,585,74581
3,75169,1339,0.0,9226,585,74584
8,75177,1339,0.0,9227,585,74592
8,75185,1339,0.0,9228,585,74600
5,75190,1339,0.0,9229,585,74605
11,75201,1339,0.0,9230,585,74616
9,75210,1339,0.0,9231,585,74625
3,75213,1339,0.0,9232,585,74628
8,75221,1340,1.0,9233,585,74636
7,75228,1340,0.0,9234,585,74643
4,75232,1340,0.0,9235,585,74647
9,75241,1340,0.0,9236,585,74656
8,75249,1341,1.0,9237,585,74664
6,75255,1341,0.0,9238,585,74670
2,75257,1341,0.0,9239,585,74672
8,75265,1342,1.0,9240,585,74680
4,75269,1342,0.0,9241,585,74684
8,75277,1342,0.0,9242,585,74692
7,75284,1342,0.0,9243,585,74699
6,75290,1342,0.0,9244,585,74705
11,75301,1342,0.0,9245,585,74716
5,75306,1342,0.0,9246,585,74721
9,75315,1342,0.0,9247,585,74730
8,75323,1342,0.0,9248,585,74738
8,75331,1343,1.0,9249,585,74746
9,75340,1343,0.0,9250,585,74755
8,75348,1344,1.0,9251,585,74763
4,75352,1344,0.0,9252,585,74767
8,75360,1345,1.0,9253,585,74775
5,75365,1345,0.0,9254,585,74780
34,75399,1346,1.0,9255,585,74814
7,75406,1346,0.0,9256,585,74821
5,75411,1346,0.0,9257,585,74826
8,75419,1346,0.0,9258,585,74834
6,75425,1346,0.0,9259,585,74840
3,75428,1346,0.0,9260,585,74843
8,75436,1346,0.0,9261,585,74851
4,75440,1346,0.0,9262,585,74855
3,75443,1346,0.0,9263,585,74858
10,75453,1346,0.0,9264,585,74868
9,75462,1346,0.0,9265,585,74877
9,75471,1346,0.0,9266,585,74886
8,75479,1346,0.0,9267,585,74894
17,75496,1346,0.0,9268,585,74911
16,75512,1346,0.0,9269,585,74927
5,75517,1346,0.0,9270,585,74932
5,75522,1346,0.0,9271,585,74937
8,75530,1347,1.0,9272,585,74945
11,75541,1347,0.0,9273,585,74956
4,75545,1347,0.0,9274,585,74960
7,75552,1347,0.0,9275,585,74967
9,75561,1347,0.0,9276,585,74976
2,75563,1347,0.0,9277,585,74978
8,75571,1347,0.0,9278,585,74986
3,75574,1347,0.0,9279,585,74989
16,75590,1347,0.0,9280,585,75005
8,75598,1348,1.0,9281,585,75013
9,75607,1348,0.0,9282,585,75022
9,75616,1348,0.0,9283,585,75031
8,75624,1348,0.0,9284,585,75039
16,75640,1349,1.0,9285,585,75055
11,75651,1349,0.0,9286,585,75066
29,75680,1350,1.0,9287,585,75095
9,75689,1350,0.0,9288,585,75104
4,75693,1350,0.0,9289,585,75108
9,75702,1350,0.0,9290,585,75117
9,75711,1350,0.0,9291,585,75126
4,75715,1350,0.0,9292,585,75130
14,75729,1350,0.0,9293,585,75144
8,75737,1351,1.0,9294,585,75152
8,75745,1351,0.0,9295,585,75160
3,75748,1351,0.0,9296,585,75163
9,75757,1351,0.0,9297,585,75172
8,75765,1352,1.0,9298,585,75180
5,75770,1352,0.0,9299,585,75185
14,75784,1352,0.0,9300,585,75199
9,75793,1352,0.0,9301,585,75208
21,75814,1352,0.0,9302,585,75229
2,75816,1352,0.0,9303,585,75231
8,75824,1353,1.0,9304,585,75239
3,75827,1353,0.0,9305,585,75242
19,75846,1353,0.0,9306,585,75261
9,75855,1353,0.0,9307,585,75270
8,75863,1354,1.0,9308,585,75278
8,75871,1354,0.0,9309,585,75286
8,75879,1354,0.0,9310,585,75294
9,75888,1354,0.0,9311,585,75303
9,75897,1354,0.0,9312,585,75312
8,75905,1355,1.0,9313,585,75320
4,75909,1355,0.0,9314,585,75324
15,75924,1355,0.0,9315,585,75339
5,75929,1355,0.0,9316,585,75344
2,75931,1355,0.0,9317,585,75346
9,75940,1355,0.0,9318,585,75355
17,75957,1355,0.0,9319,585,75372
5,75962,1355,0.0,9320,585,75377
29,75991,1355,0.0,9321,585,75406
3,75994,1355,0.0,9322,585,75409
8,76002,1355,0.0,9323,585,75417
5,76007,1355,0.0,9324,585,75422
2,76009,1355,0.0,9325,585,75424
5,76014,1355,0.0,9326,585,75429
4,76018,1355,0.0,9327,585,75433
11,76029,1355,0.0,9328,585,75444
8,76037,1355,0.0,9329,585,75452
9,76046,1355,0.0,9330,585,75461
3,76049,1355,0.0,9331,585,75464
8,76057,1356,1.0,9332,585,75472
7,76064,1356,0.0,9333,585,75479
7,76071,1356,0.0,9334,585,75486
7,76078,1356,0.0,9335,585,75493
4,76082,1356,0.0,9336,585,75497
5,76087,1356,0.0,9337,585,75502
9,76096,1356,0.0,9338,585,75511
10,76106,1356,0.0,9339,585,75521
8,76114,1356,0.0,9340,585,75529
8,76122,1357,1.0,9341,585,75537
9,76131,1357,0.0,9342,585,75546
2,76133,1357,0.0,9343,585,75548
8,76141,1357,0.0,9344,585,75556
29,76170,1358,1.0,9345,585,75585
8,76178,1359,1.0,9346,585,75593
3,76181,1359,0.0,9347,585,75596
8,76189,1360,1.0,9348,585,75604
8,76197,1360,0.0,9349,585,75612
8,76205,1361,1.0,9350,585,75620
3,76208,1361,0.0,9351,585,75623
5,76213,1361,0.0,9352,585,75628
8,76221,1361,0.0,9353,585,75636
5,76226,1361,0.0,9354,585,75641
3,76229,1361,0.0,9355,585,75644
5,76234,1361,0.0,9356,585,75649
14,76248,1361,0.0,9357,585,75663
9,76257,1361,0.0,9358,585,75672
8,76265,1361,0.0,9359,585,75680
8,76273,1361,0.0,9360,585,75688
8,76281,1361,0.0,9361,585,75696
2,76283,1361,0.0,9362,585,75698
29,76312,1362,1.0,9363,585,75727
8,76320,1362,0.0,9364,585,75735
8,76328,1362,0.0,9365,585,75743
9,76337,1362,0.0,9366,585,75752
8,76345,1362,0.0,9367,585,75760
19,76364,1362,0.0,9368,585,75779
8,76372,1363,1.0,9369,585,75787
11,76383,1363,0.0,9370,585,75798
8,76391,1364,1.0,9371,585,75806
9,76400,1364,0.0,9372,585,75815
3,76403,1364,0.0,9373,585,75818
8,76411,1365,1.0,9374,585,75826
2,76413,1365,0.0,9375,585,75828
29,76442,1366,1.0,9376,585,75857
9,76451,1366,0.0,9377,585,75866
8,76459,1366,0.0,9378,585,75874
8,76467,1366,0.0,9379,585,75882
18,76485,1367,1.0,9380,585,75900
9,76494,1367,0.0,9381,585,75909
10,76504,1367,0.0,9382,585,75919
4,76508,1367,0.0,9383,585,75923
8,76516,1367,0.0,9384,585,75931
8,76524,1367,0.0,9385,585,75939
3,76527,1367,0.0,9386,585,75942
8,76535,1368,1.0,9387,585,75950
8,76543,1369,1.0,9388,585,75958
8,76551,1369,0.0,9389,585,75966
8,76559,1369,0.0,9390,585,75974
20,76579,1369,0.0,9391,585,75994
11,76590,1369,0.0,9392,585,76005
2,76592,1369,0.0,9393,585,76007
4,76596,1369,0.0,9394,585,76011
8,76604,1369,0.0,9395,585,76019
8,76612,1369,0.0,9396,585,76027
4,76616,1369,0.0,9397,585,76031
8,76624,1369,0.0,9398,585,76039
5,76629,1369,0.0,9399,585,76044
7,76636,1369,0.0,9400,585,76051
8,76644,1370,1.0,9401,585,76059
8,76652,1371,1.0,9402,585,76067
14,76666,1371,0.0,9403,585,76081
2,76668,1371,0.0,9404,585,76083
12,76680,1371,0.0,9405,585,76095
8,76688,1371,0.0,9406,585,76103
3,76691,1371,0.0,9407,585,76106
2,76693,1371,0.0,9408,585,76108
2,76695,1371,0.0,9409,585,76110
8,76703,1372,1.0,9410,585,76118
3,76706,1372,0.0,9411,585,76121
8,76714,1372,0.0,9412,585,76129
8,76722,1373,1.0,9413,585,76137
11,76733,1373,0.0,9414,585,76148
8,76741,1373,0.0,9415,585,76156
5,76746,1373,0.0,9416,585,76161
6,76752,1373,0.0,9417,585,76167
9,76761,1373,0.0,9418,585,76176
5,76766,1373,0.0,9419,585,76181
8,76774,1373,0.0,9420,585,76189
6,76780,1373,0.0,9421,585,76195
8,76788,1374,1.0,9422,585,76203
7,76795,1374,0.0,9423,585,76210
3,76798,1374,0.0,9424,585,76213
4,76802,1374,0.0,9425,585,76217
2,76804,1374,0.0,9426,585,76219
16,76820,1374,0.0,9427,585,76235
8,76828,1374,0.0,9428,585,76243
4,76832,1374,0.0,9429,585,76247
8,76840,1374,0.0,9430,585,76255
8,76848,1374,0.0,9431,585,76263
9,76857,1374,0.0,9432,585,76272
9,76866,1374,0.0,9433,585,76281
6,76872,1374,0.0,9434,585,76287
3,76875,1374,0.0,9435,585,76290
5,76880,1374,0.0,9436,585,76295
11,76891,1374,0.0,9437,585,76306
8,76899,1375,1.0,9438,585,76314
5,76904,1375,0.0,9439,585,76319
8,76912,1376,1.0,9440,585,76327
9,76921,1376,0.0,9441,585,76336
10,76931,1376,0.0,9442,585,76346
18,76949,1377,1.0,9443,585,76364
2,76951,1377,0.0,9444,585,76366
29,76980,1378,1.0,9445,585,76395
7,76987,1378,0.0,9446,585,76402
8,76995,1379,1.0,9447,585,76410
8,77003,1380,1.0,9448,585,76418
8,77011,1380,0.0,9449,585,76426
8,77019,1381,1.0,9450,585,76434
4,77023,1381,0.0,9451,585,76438
15,77038,1381,0.0,9452,585,76453
8,77046,1381,0.0,9453,585,76461
11,77057,1381,0.0,9454,585,76472
2,77059,1381,0.0,9455,585,76474
2,77061,1381,0.0,9456,585,76476
8,77069,1382,1.0,9457,585,76484
3,77072,1382,0.0,9458,585,76487
8,77080,1383,1.0,9459,585,76495
8,77088,1384,1.0,9460,585,76503
4,77092,1384,0.0,9461,585,76507
4,77096,1384,0.0,9462,585,76511
42,77138,1384,0.0,9463,585,76553
5,77143,1384,0.0,9464,585,76558
2,77145,1384,0.0,9465,585,76560
6,77151,1384,0.0,9466,585,76566
2,77153,1384,0.0,9467,585,76568
3,77156,1384,0.0,9468,585,76571
8,77164,1385,1.0,9469,585,76579
29,77193,1386,1.0,9470,585,76608
8,77201,1386,0.0,9471,585,76616
9,77210,1386,0.0,9472,585,76625
16,77226,1386,0.0,9473,585,76641
3,77229,1386,0.0,9474,585,76644
3,77232,1386,0.0,9475,585,76647
2,77234,1386,0.0,9476,585,76649
8,77242,1386,0.0,9477,585,76657
20,77262,1387,1.0,9478,585,76677
4,77266,1387,0.0,9479,585,76681
8,77274,1388,1.0,9480,585,76689
18,77292,1388,0.0,9481,585,76707
10,77302,1388,0.0,9482,585,76717
8,77310,1388,0.0,9483,585,76725
8,77318,1388,0.0,9484,585,76733
8,77326,1389,1.0,9485,585,76741
5,77331,1389,0.0,9486,585,76746
14,77345,1389,0.0,9487,585,76760
6,77351,1389,0.0,9488,585,76766
4,77355,1389,0.0,9489,585,76770
12,77367,1389,0.0,9490,585,76782
2,77369,1389,0.0,9491,585,76784
5,77374,1389,0.0,9492,585,76789
19,77393,1389,0.0,9493,585,76808
5,77398,1389,0.0,9494,585,76813
8,77406,1390,1.0,9495,585,76821
9,77415,1390,0.0,9496,585,76830
9,77424,1390,0.0,9497,585,76839
8,77432,1391,1.0,9498,585,76847
2,77434,1391,0.0,9499,585,76849
18,77452,1392,1.0,9500,585,76867
7,77459,1392,0.0,9501,585,76874
8,77467,1393,1.0,9502,585,76882
3,77470,1393,0.0,9503,585,76885
5,77475,1393,0.0,9504,585,76890
5,77480,1393,0.0,9505,585,76895
7,77487,1393,0.0,9506,585,76902
8,77495,1393,0.0,9507,585,76910
5,77500,1393,0.0,9508,585,76915
6,77506,1393,0.0,9509,585,76921
9,77515,1393,0.0,9510,585,76930
4,77519,1393,0.0,9511,585,76934
2,77521,1393,0.0,9512,585,76936
10,77531,1393,0.0,9513,585,76946
8,77539,1393,0.0,9514,585,76954
7,77546,1393,0.0,9515,585,76961
2,77548,1393,0.0,9516,585,76963
29,77577,1394,1.0,9517,585,76992
9,77586,1394,0.0,9518,585,77001
16,77602,1394,0.0,9519,585,77017
6,77608,1394,0.0,9520,585,77023
6,77614,1394,0.0,9521,585,77029
8,77622,1395,1.0,9522,585,77037
29,77651,1396,1.0,9523,585,77066
5,77656,1396,0.0,9524,585,77071
4,77660,1396,0.0,9525,585,77075
8,77668,1397,1.0,9526,585,77083
9,77677,1397,0.0,9527,585,77092
18,77695,1398,1.0,9528,585,77110
8,77703,1398,0.0,9529,585,77118
6,77709,1398,0.0,9530,585,77124
16,77725,1398,0.0,9531,585,77140
6,77731,1398,0.0,9532,585,77146
2,77733,1398,0.0,9533,585,77148
8,77741,1399,1.0,9534,585,77156
5,77746,1399,0.0,9535,585,77161
4,77750,1399,0.0,9536,585,77165
9,77759,1399,0.0,9537,585,77174
10,77769,1399,0.0,9538,585,77184
8,77777,1399,0.0,9539,585,77192
8,77785,1399,0.0,9540,585,77200
3,77788,1399,0.0,9541,585,77203
8,77796,1399,0.0,9542,585,77211
5,77801,1399,0.0,9543,585,77216
13,77814,1399,0.0,9544,585,77229
8,77822,1399,0.0,9545,585,77237
3,77825,1399,0.0,9546,585,77240
8,77833,1399,0.0,9547,585,77248
15,77848,1399,0.0,9548,585,77263
6,77854,1399,0.0,9549,585,77269
16,77870,1400,1.0,9550,585,77285
8,77878,1401,1.0,9551,585,77293
8,77886,1401,0.0,9552,585,77301
8,77894,1402,1.0,9553,585,77309
8,77902,1402,0.0,9554,585,77317
8,77910,1402,0.0,9555,585,77325
5,77915,1402,0.0,9556,585,77330
10,77925,1402,0.0,9557,585,77340
14,77939,1402,0.0,9558,585,77354
8,77947,1402,0.0,9559,585,77362
4,77951,1402,0.0,9560,585,77366
6,77957,1402,0.0,9561,585,77372
8,77965,1402,0.0,9562,585,77380
8,77973,1403,1.0,9563,585,77388
3,77976,1403,0.0,9564,585,77391
9,77985,1403,0.0,9565,585,77400
2,77987,1403,0.0,9566,585,77402
12,77999,1403,0.0,9567,585,77414
3,78002,1403,0.0,9568,585,77417
6,78008,1403,0.0,9569,585,77423
4,78012,1403,0.0,9570,585,77427
18,78030,1403,0.0,9571,585,77445
4,78034,1403,0.0,9572,585,77449
8,78042,1403,0.0,9573,585,77457
6,78048,1403,0.0,9574,585,77463
2,78050,1403,0.0,9575,585,77465
8,78058,1403,0.0,9576,585,77473
7,78065,1403,0.0,9577,585,77480
9,78074,1403,0.0,9578,585,77489
16,78090,1403,0.0,9579,585,77505
16,78106,1404,1.0,9580,585,77521
15,78121,1404,0.0,9581,585,77536
16,78137,1405,1.0,9582,585,77552
8,78145,1405,0.0,9583,585,77560
8,78153,1406,1.0,9584,585,77568
8,78161,1406,0.0,9585,585,77576
5,78166,1406,0.0,9586,585,77581
8,78174,1407,1.0,9587,585,77589
4,78178,1407,0.0,9588,585,77593
4,78182,1407,0.0,9589,585,77597
8,78190,1407,0.0,9590,585,77605
16,78206,1408,1.0,9591,585,77621
6,78212,1408,0.0,9592,585,77627
6,78218,1408,0.0,9593,585,77633
11,78229,1408,0.0,9594,585,77644
8,78237,1408,0.0,9595,585,77652
2,78239,1408,0.0,9596,585,77654
5,78244,1408,0.0,9597,585,77659
11,78255,1408,0.0,9598,585,77670
9,78264,1408,0.0,9599,585,77679
4,78268,1408,0.0,9600,585,77683
5,78273,1408,0.0,9601,585,77688
8,78281,1408,0.0,9602,585,77696
3,78284,1408,0.0,9603,585,77699
8,78292,1409,1.0,9604,585,77707
18,78310,1410,1.0,9605,585,77725
3,78313,1410,0.0,9606,585,77728
8,78321,1410,0.0,9607,585,77736
6,78327,1410,0.0,9608,585,77742
4,78331,1410,0.0,9609,585,77746
8,78339,1410,0.0,9610,585,77754
9,78348,1410,0.0,9611,585,77763
8,78356,1411,1.0,9612,585,77771
5,78361,1411,0.0,9613,585,77776
9,78370,1411,0.0,9614,585,77785
8,78378,1411,0.0,9615,585,77793
8,78386,1411,0.0,9616,585,77801
8,78394,1411,0.0,9617,585,77809
13,78407,1411,0.0,9618,585,77822
9,78416,1411,0.0,9619,585,77831
5,78421,1411,0.0,9620,585,77836
8,78429,1411,0.0,9621,585,77844
5,78434,1411,0.0,9622,585,77849
8,78442,1411,0.0,9623,585,77857
4,78446,1411,0.0,9624,585,77861
29,78475,1412,1.0,9625,585,77890
8,78483,1412,0.0,9626,585,77898
8,78491,1413,1.0,9627,585,77906
6,78497,1413,0.0,9628,585,77912
3,78500,1413,0.0,9629,585,77915
10,78510,1413,0.0,9630,585,77925
3,78513,1413,0.0,9631,585,77928
17,78530,1413,0.0,9632,585,77945
10,78540,1413,0.0,9633,585,77955
8,78548,1413,0.0,9634,585,77963
8,78556,1413,0.0,9635,585,77971
5,78561,1413,0.0,9636,585,77976
7,78568,1413,0.0,9637,585,77983
5,78573,1413,0.0,9638,585,77988
8,78581,1413,0.0,9639,585,77996
4,78585,1413,0.0,9640,585,78000
2,78587,1413,0.0,9641,585,78002
23,78610,1413,0.0,9642,585,78025
5,78615,1413,0.0,9643,585,78030
9,78624,1413,0.0,9644,585,78039
8,78632,1413,0.0,9645,585,78047
3,78635,1413,0.0,9646,585,78050
29,78664,1414,1.0,9647,585,78079
7,78671,1414,0.0,9648,585,78086
3,78674,1414,0.0,9649,585,78089
5,78679,1414,0.0,9650,585,78094
9,78688,1414,0.0,9651,585,78103
12,78700,1414,0.0,9652,585,78115
6,78706,1414,0.0,9653,585,78121
8,78714,1415,1.0,9654,585,78129
4,78718,1415,0.0,9655,585,78133
8,78726,1416,1.0,9656,585,78141
2,78728,1416,0.0,9657,585,78143
8,78736,1416,0.0,9658,585,78151
7,78743,1416,0.0,9659,585,78158
6,78749,1416,0.0,9660,585,78164
9,78758,1416,0.0,9661,585,78173
8,78766,1416,0.0,9662,585,78181
3,78769,1416,0.0,9663,585,78184
8,78777,1416,0.0,9664,585,78192
9,78786,1416,0.0,9665,585,78201
8,78794,1417,1.0,9666,585,78209
8,78802,1418,1.0,9667,585,78217
12,78814,1418,0.0,9668,585,78229
3,78817,1418,0.0,9669,585,78232
14,78831,1418,0.0,9670,585,78246
5,78836,1418,0.0,9671,585,78251
3,78839,1418,0.0,9672,585,78254
8,78847,1418,0.0,9673,585,78262
8,78855,1419,1.0,9674,585,78270
8,78863,1419,0.0,9675,585,78278
9,78872,1419,0.0,9676,585,78287
8,78880,1420,1.0,9677,585,78295
9,78889,1420,0.0,9678,585,78304
29,78918,1421,1.0,9679,585,78333
8,78926,1421,0.0,9680,585,78341
2,78928,1421,0.0,9681,585,78343
8,78936,1421,0.0,9682,585,78351
6,78942,1421,0.0,9683,585,78357
31,78973,1421,0.0,9684,585,78388
8,78981,1421,0.0,9685,585,78396
11,78992,1421,0.0,9686,585,78407
18,79010,1422,1.0,9687,585,78425
8,79018,1422,0.0,9688,585,78433
3,79021,1422,0.0,9689,585,78436
4,79025,1422,0.0,9690,585,78440
8,79033,1422,0.0,9691,585,78448
8,79041,1423,1.0,9692,585,78456
19,79060,1423,0.0,9693,585,78475
2,79062,1423,0.0,9694,585,78477
5,79067,1423,0.0,9695,585,78482
7,79074,1423,0.0,9696,585,78489
21,79095,1423,0.0,9697,585,78510
8,79103,1423,0.0,9698,585,78518
29,79132,1424,1.0,9699,585,78547
4,79136,1424,0.0,9700,585,78551
8,79144,1424,0.0,9701,585,78559
5,79149,1424,0.0,9702,585,78564
9,79158,1424,0.0,9703,585,78573
17,79175,1424,0.0,9704,585,78590
2,79177,1424,0.0,9705,585,78592
5,79182,1424,0.0,9706,585,78597
8,79190,1424,0.0,9707,585,78605
4,79194,1424,0.0,9708,585,78609
8,79202,1424,0.0,9709,585,78617
4,79206,1424,0.0,9710,585,78621
4,79210,1424,0.0,9711,585,78625
8,79218,1424,0.0,9712,585,78633
5,79223,1424,0.0,9713,585,78638
8,79231,1425,1.0,9714,585,78646
8,79239,1425,0.0,9715,585,78654
29,79268,1426,1.0,9716,585,78683
3,79271,1426,0.0,9717,585,78686
8,79279,1426,0.0,9718,585,78694
3,79282,1426,0.0,9719,585,78697
9,79291,1426,0.0,9720,585,78706
8,79299,1427,1.0,9721,585,78714
9,79308,1427,0.0,9722,585,78723
10,79318,1427,0.0,9723,585,78733
11,79329,1427,0.0,9724,585,78744
8,79337,1427,0.0,9725,585,78752
8,79345,1428,1.0,9726,585,78760
8,79353,1429,1.0,9727,585,78768
8,79361,1429,0.0,9728,585,78776
8,79369,1429,0.0,9729,585,78784
2,79371,1429,0.0,9730,585,78786
8,79379,1429,0.0,9731,585,78794
17,79396,1429,0.0,9732,585,78811
22,79418,1429,0.0,9733,585,78833
8,79426,1430,1.0,9734,585,78841
8,79434,1431,1.0,9735,585,78849
8,79442,1431,0.0,9736,585,78857
4,79446,1431,0.0,9737,585,78861
9,79455,1431,0.0,9738,585,78870
8,79463,1431,0.0,9739,585,78878
7,79470,1431,0.0,9740,585,78885
5,79475,1431,0.0,9741,585,78890
8,79483,1431,0.0,9742,585,78898
6,79489,1431,0.0,9743,585,78904
8,79497,1431,0.0,9744,585,78912
9,79506,1431,0.0,9745,585,78921
9,79515,1431,0.0,9746,585,78930
11,79526,1431,0.0,9747,585,78941
9,79535,1431,0.0,9748,585,78950
4,79539,1431,0.0,9749,585,78954
6,79545,1431,0.0,9750,585,78960
9,79554,1431,0.0,9751,585,78969
8,79562,1432,1.0,9752,585,78977
8,79570,1432,0.0,9753,585,78985
8,79578,1432,0.0,9754,585,78993
10,79588,1432,0.0,9755,585,79003
12,79600,1432,0.0,9756,585,79015
4,79604,1432,0.0,9757,585,79019
2,79606,1432,0.0,9758,585,79021
8,79614,1433,1.0,9759,585,79029
19,79633,1433,0.0,9760,585,79048
6,79639,1433,0.0,9761,585,79054
2,79641,1433,0.0,9762,585,79056
4,79645,1433,0.0,9763,585,79060
5,79650,1433,0.0,9764,585,79065
7,79657,1433,0.0,9765,585,79072
2,79659,1433,0.0,9766,585,79074
2,79661,1433,0.0,9767,585,79076
3,79664,1433,0.0,9768,585,79079
8,79672,1434,1.0,9769,585,79087
8,79680,1435,1.0,9770,585,79095
12,79692,1435,0.0,9771,585,79107
4,79696,1435,0.0,9772,585,79111
19,79715,1435,0.0,9773,585,79130
8,79723,1435,0.0,9774,585,79138
8,79731,1436,1.0,9775,585,79146
3,79734,1436,0.0,9776,585,79149
8,79742,1437,1.0,9777,585,79157
9,79751,1437,0.0,9778,585,79166
8,79759,1438,1.0,9779,585,79174
3,79762,1438,0.0,9780,585,79177
16,79778,1439,1.0,9781,585,79193
3,79781,1439,0.0,9782,585,79196
2,79783,1439,0.0,9783,585,79198
2,79785,1439,0.0,9784,585,79200
14,79799,1439,0.0,9785,585,79214
7,79806,1439,0.0,9786,585,79221
8,79814,1439,0.0,9787,585,79229
21,79835,1439,0.0,9788,585,79250
6,79841,1439,0.0,9789,585,79256
9,79850,1439,0.0,9790,585,79265
8,79858,1439,0.0,9791,585,79273
9,79867,1439,0.0,9792,585,79282
8,79875,1439,0.0,9793,585,79290
5,79880,1439,0.0,9794,585,79295
16,79896,1439,0.0,9795,585,79311
8,79904,1439,0.0,9796,585,79319
11,79915,1439,0.0,9797,585,79330
8,79923,1440,1.0,9798,585,79338
5,79928,1440,0.0,9799,585,79343
5,79933,1440,0.0,9800,585,79348
9,79942,1440,0.0,9801,585,79357
14,79956,1440,0.0,9802,585,79371
12,79968,1440,0.0,9803,585,79383
9,79977,1440,0.0,9804,585,79392
8,79985,1440,0.0,9805,585,79400
10,79995,1440,0.0,9806,585,79410
16,80011,1441,1.0,9807,585,79426
2,80013,1441,0.0,9808,585,79428
3,80016,1441,0.0,9809,585,79431
8,80024,1442,1.0,9810,585,79439
8,80032,1442,0.0,9811,585,79447
8,80040,1442,0.0,9812,585,79455
8,80048,1442,0.0,9813,585,79463
29,80077,1443,1.0,9814,585,79492
9,80086,1443,0.0,9815,585,79501
14,80100,1443,0.0,9816,585,79515
16,80116,1443,0.0,9817,585,79531
12,80128,1443,0.0,9818,585,79543
5,80133,1443,0.0,9819,585,79548
8,80141,1443,0.0,9820,585,79556
9,80150,1443,0.0,9821,585,79565
4,80154,1443,0.0,9822,585,79569
2,80156,1443,0.0,9823,585,79571
16,80172,1443,0.0,9824,585,79587
8,80180,1444,1.0,9825,585,79595
3,80183,1444,0.0,9826,585,79598
21,80204,1444,0.0,9827,585,79619
8,80212,1444,0.0,9828,585,79627
9,80221,1444,0.0,9829,585,79636
18,80239,1444,0.0,9830,585,79654
3,80242,1444,0.0,9831,585,79657
7,80249,1444,0.0,9832,585,79664
8,80257,1444,0.0,9833,585,79672
5,80262,1444,0.0,9834,585,79677
8,80270,1444,0.0,9835,585,79685
8,80278,1444,0.0,9836,585,79693
8,80286,1444,0.0,9837,585,79701
8,80294,1444,0.0,9838,585,79709
8,80302,1444,0.0,9839,585,79717
5,80307,1444,0.0,9840,585,79722
8,80315,1444,0.0,9841,585,79730
29,80344,1445,1.0,9842,585,79759
2,80346,1445,0.0,9843,585,79761
9,80355,1445,0.0,9844,585,79770
3,80358,1445,0.0,9845,585,79773
2,80360,1445,0.0,9846,585,79775
3,80363,1445,0.0,9847,585,79778
5,80368,1445,0.0,9848,585,79783
8,80376,1445,0.0,9849,585,79791
8,80384,1445,0.0,9850,585,79799
3,80387,1445,0.0,9851,585,79802
4,80391,1445,0.0,9852,585,79806
8,80399,1445,0.0,9853,585,79814
11,80410,1445,0.0,9854,585,79825
8,80418,1445,0.0,9855,585,79833
8,80426,1445,0.0,9856,585,79841
2,80428,1445,0.0,9857,585,79843
2,80430,1445,0.0,9858,585,79845
4,80434,1445,0.0,9859,585,79849
16,80450,1445,0.0,9860,585,79865
10,80460,1445,0.0,9861,585,79875
6,80466,1445,0.0,9862,585,79881
8,80474,1445,0.0,9863,585,79889
5,80479,1445,0.0,9864,585,79894
7,80486,1445,0.0,9865,585,79901
8,80494,1446,1.0,9866,585,79909
7,80501,1446,0.0,9867,585,79916
3,80504,1446,0.0,9868,585,79919
5,80509,1446,0.0,9869,585,79924
9,80518,1446,0.0,9870,585,79933
4,80522,1446,0.0,9871,585,79937
3,80525,1446,0.0,9872,585,79940
8,80533,1446,0.0,9873,585,79948
4,80537,1446,0.0,9874,585,79952
2,80539,1446,0.0,9875,585,79954
16,80555,1446,0.0,9876,585,79970
9,80564,1446,0.0,9877,585,79979
9,80573,1446,0.0,9878,585,79988
8,80581,1447,1.0,9879,585,79996
8,80589,1447,0.0,9880,585,80004
8,80597,1448,1.0,9881,585,80012
8,80605,1448,0.0,9882,585,80020
12,80617,1448,0.0,9883,585,80032
19,80636,1448,0.0,9884,585,80051
5,80641,1448,0.0,9885,585,80056
8,80649,1449,1.0,9886,585,80064
9,80658,1449,0.0,9887,585,80073
11,80669,1449,0.0,9888,585,80084
4,80673,1449,0.0,9889,585,80088
9,80682,1449,0.0,9890,585,80097
3,80685,1449,0.0,9891,585,80100
4,80689,1449,0.0,9892,585,80104
6,80695,1449,0.0,9893,585,80110
29,80724,1450,1.0,9894,585,80139
4,80728,1450,0.0,9895,585,80143
14,80742,1450,0.0,9896,585,80157
9,80751,1450,0.0,9897,585,80166
3,80754,1450,0.0,9898,585,80169
10,80764,1450,0.0,9899,585,80179
2,80766,1450,0.0,9900,585,80181
9,80775,1450,0.0,9901,585,80190
8,80783,1451,1.0,9902,585,80198
2,80785,1451,0.0,9903,585,80200
2,80787,1451,0.0,9904,585,80202
4,80791,1451,0.0,9905,585,80206
11,80802,1451,0.0,9906,585,80217
9,80811,1451,0.0,9907,585,80226
6,80817,1451,0.0,9908,585,80232
3,80820,1451,0.0,9909,585,80235
15,80835,1451,0.0,9910,585,80250
8,80843,1451,0.0,9911,585,80258
3,80846,1451,0.0,9912,585,80261
8,80854,1451,0.0,9913,585,80269
9,80863,1451,0.0,9914,585,80278
8,80871,1452,1.0,9915,585,80286
10,80881,1452,0.0,9916,585,80296
2,80883,1452,0.0,9917,585,80298
8,80891,1452,0.0,9918,585,80306
3,80894,1452,0.0,9919,585,80309
2,80896,1452,0.0,9920,585,80311
15,80911,1452,0.0,9921,585,80326
31,80942,1452,0.0,9922,585,80357
8,80950,1452,0.0,9923,585,80365
8,80958,1452,0.0,9924,585,80373
7,80965,1452,0.0,9925,585,80380
8,80973,1453,1.0,9926,585,80388
15,80988,1453,0.0,9927,585,80403
4,80992,1453,0.0,9928,585,80407
8,81000,1454,1.0,9929,585,80415
4,81004,1454,0.0,9930,585,80419
5,81009,1454,0.0,9931,585,80424
3,81012,1454,0.0,9932,585,80427
9,81021,1454,0.0,9933,585,80436
9,81030,1454,0.0,9934,585,80445
6,81036,1454,0.0,9935,585,80451
2,81038,1454,0.0,9936,585,80453
8,81046,1455,1.0,9937,585,80461
9,81055,1455,0.0,9938,585,80470
29,81084,1456,1.0,9939,585,80499
6,81090,1456,0.0,9940,585,80505
6,81096,1456,0.0,9941,585,80511
10,81106,1456,0.0,9942,585,80521
3,81109,1456,0.0,9943,585,80524
8,81117,1457,1.0,9944,585,80532
3,81120,1457,0.0,9945,585,80535
6,81126,1457,0.0,9946,585,80541
8,81134,1457,0.0,9947,585,80549
5,81139,1457,0.0,9948,585,80554
13,81152,1457,0.0,9949,585,80567
8,81160,1458,1.0,9950,585,80575
8,81168,1458,0.0,9951,585,80583
10,81178,1458,0.0,9952,585,80593
8,81186,1458,0.0,9953,585,80601
8,81194,1458,0.0,9954,585,80609
3,81197,1458,0.0,9955,585,80612
5,81202,1458,0.0,9956,585,80617
9,81211,1458,0.0,9957,585,80626
7,81218,1458,0.0,9958,585,80633
7,81225,1458,0.0,9959,585,80640
8,81233,1458,0.0,9960,585,80648
29,81262,1459,1.0,9961,585,80677
3,81265,1459,0.0,9962,585,80680
8,81273,1459,0.0,9963,585,80688
8,81281,1459,0.0,9964,585,80696
8,81289,1460,1.0,9965,585,80704
18,81307,1460,0.0,9966,585,80722
18,81325,1461,1.0,9967,585,80740
4,81329,1461,0.0,9968,585,80744
2,81331,1461,0.0,9969,585,80746
7,81338,1461,0.0,9970,585,80753
9,81347,1461,0.0,9971,585,80762
8,81355,1461,0.0,9972,585,80770
9,81364,1461,0.0,9973,585,80779
8,81372,1461,0.0,9974,585,80787
8,81380,1461,0.0,9975,585,80795
5,81385,1461,0.0,9976,585,80800
5,81390,1461,0.0,9977,585,80805
9,81399,1461,0.0,9978,585,80814
9,81408,1461,0.0,9979,585,80823
6,81414,1461,0.0,9980,585,80829
8,81422,1461,0.0,9981,585,80837
9,81431,1461,0.0,9982,585,80846
18,81449,1462,1.0,9983,585,80864
2,81451,1462,0.0,9984,585,80866
4,81455,1462,0.0,9985,585,80870
11,81466,1462,0.0,9986,585,80881
2,81468,1462,0.0,9987,585,80883
4,81472,1462,0.0,9988,585,80887
9,81481,1462,0.0,9989,585,80896
3,81484,1462,0.0,9990,585,80899
8,81492,1463,1.0,9991,585,80907
14,81506,1463,0.0,9992,585,80921
9,81515,1463,0.0,9993,585,80930
5,81520,1463,0.0,9994,585,80935
3,81523,1463,0.0,9995,585,80938
8,81531,1463,0.0,9996,585,80946
20,81551,1464,1.0,9997,585,80966
15,81566,1464,0.0,9998,585,80981
8,81574,1465,1.0,9999,585,80989
3,81577,1465,0.0,10000,585,80992
9,81586,1465,0.0,10001,585,81001
5,81591,1465,0.0,10002,585,81006
3,81594,1465,0.0,10003,585,81009
9,81603,1465,0.0,10004,585,81018
11,81614,1465,0.0,10005,585,81029
8,81622,1465,0.0,10006,585,81037
23,81645,1465,0.0,10007,585,81060
2,81647,1465,0.0,10008,585,81062
8,81655,1465,0.0,10009,585,81070
9,81664,1465,0.0,10010,585,81079
3,81667,1465,0.0,10011,585,81082
8,81675,1466,1.0,10012,585,81090
9,81684,1466,0.0,10013,585,81099
6,81690,1466,0.0,10014,585,81105
5,81695,1466,0.0,10015,585,81110
18,81713,1467,1.0,10016,585,81128
29,81742,1468,1.0,10017,585,81157
9,81751,1468,0.0,10018,585,81166
2,81753,1468,0.0,10019,585,81168
4,81757,1468,0.0,10020,585,81172
5,81762,1468,0.0,10021,585,81177
11,81773,1468,0.0,10022,585,81188
8,81781,1469,1.0,10023,585,81196
3,81784,1469,0.0,10024,585,81199
8,81792,1470,1.0,10025,585,81207
2,81794,1470,0.0,10026,585,81209
29,81823,1471,1.0,10027,585,81238
10,81833,1471,0.0,10028,585,81248
8,81841,1472,1.0,10029,585,81256
8,81849,1472,0.0,10030,585,81264
5,81854,1472,0.0,10031,585,81269
5,81859,1472,0.0,10032,585,81274
8,81867,1472,0.0,10033,585,81282
10,81877,1472,0.0,10034,585,81292
11,81888,1472,0.0,10035,585,81303
40,81928,1472,0.0,10036,585,81343
2,81930,1472,0.0,10037,585,81345
4,81934,1472,0.0,10038,585,81349
5,81939,1472,0.0,10039,585,81354
6,81945,1472,0.0,10040,585,81360
20,81965,1473,1.0,10041,585,81380
18,81983,1473,0.0,10042,585,81398
8,81991,1473,0.0,10043,585,81406
5,81996,1473,0.0,10044,585,81411
3,81999,1473,0.0,10045,585,81414
8,82007,1473,0.0,10046,585,81422
12,82019,1473,0.0,10047,585,81434
8,82027,1474,1.0,10048,585,81442
2,82029,1474,0.0,10049,585,81444
4,82033,1474,0.0,10050,585,81448
29,82062,1475,1.0,10051,585,81477
19,82081,1475,0.0,10052,585,81496
5,82086,1475,0.0,10053,585,81501
6,82092,1475,0.0,10054,585,81507
7,82099,1475,0.0,10055,585,81514
5,82104,1475,0.0,10056,585,81519
8,82112,1476,1.0,10057,585,81527
2,82114,1476,0.0,10058,585,81529
9,82123,1476,0.0,10059,585,81538
8,82131,1476,0.0,10060,585,81546
9,82140,1476,0.0,10061,585,81555
8,82148,1476,0.0,10062,585,81563
12,82160,1476,0.0,10063,585,81575
8,82168,1477,1.0,10064,585,81583
29,82197,1478,1.0,10065,585,81612
12,82209,1478,0.0,10066,585,81624
8,82217,1479,1.0,10067,585,81632
9,82226,1479,0.0,10068,585,81641
3,82229,1479,0.0,10069,585,81644
2,82231,1479,0.0,10070,585,81646
8,82239,1480,1.0,10071,585,81654
8,82247,1480,0.0,10072,585,81662
10,82257,1480,0.0,10073,585,81672
9,82266,1480,0.0,10074,585,81681
3,82269,1480,0.0,10075,585,81684
6,82275,1480,0.0,10076,585,81690
2,82277,1480,0.0,10077,585,81692
8,82285,1481,1.0,10078,585,81700
4,82289,1481,0.0,10079,585,81704
9,82298,1481,0.0,10080,585,81713
8,82306,1482,1.0,10081,585,81721
9,82315,1482,0.0,10082,585,81730
8,82323,1482,0.0,10083,585,81738
5,82328,1482,0.0,10084,585,81743
8,82336,1482,0.0,10085,585,81751
5,82341,1482,0.0,10086,585,81756
11,82352,1482,0.0,10087,585,81767
8,82360,1482,0.0,10088,585,81775
21,82381,1482,0.0,10089,585,81796
7,82388,1482,0.0,10090,585,81803
8,82396,1482,0.0,10091,585,81811
10,82406,1482,0.0,10092,585,81821
6,82412,1482,0.0,10093,585,81827
10,82422,1482,0.0,10094,585,81837
29,82451,1483,1.0,10095,585,81866
21,82472,1483,0.0,10096,585,81887
9,82481,1483,0.0,10097,585,81896
4,82485,1483,0.0,10098,585,81900
9,82494,1483,0.0,10099,585,81909
4,82498,1483,0.0,10100,585,81913
4,82502,1483,0.0,10101,585,81917
8,82510,1484,1.0,10102,585,81925
5,82515,1484,0.0,10103,585,81930
4,82519,1484,0.0,10104,585,81934
2,82521,1484,0.0,10105,585,81936
8,82529,1484,0.0,10106,585,81944
8,82537,1485,1.0,10107,585,81952
8,82545,1486,1.0,10108,585,81960
3,82548,1486,0.0,10109,585,81963
8,82556,1487,1.0,10110,585,81971
8,82564,1488,1.0,10111,585,81979
6,82570,1488,0.0,10112,585,81985
7,82577,1488,0.0,10113,585,81992
9,82586,1488,0.0,10114,585,82001
22,82608,1488,0.0,10115,585,82023
10,82618,1488,0.0,10116,585,82033
4,82622,1488,0.0,10117,585,82037
9,82631,1488,0.0,10118,585,82046
11,82642,1488,0.0,10119,585,82057
8,82650,1488,0.0,10120,585,82065
29,82679,1489,1.0,10121,585,82094
7,82686,1489,0.0,10122,585,82101
7,82693,1489,0.0,10123,585,82108
8,82701,1490,1.0,10124,585,82116
4,82705,1490,0.0,10125,585,82120
8,82713,1491,1.0,10126,585,82128
13,82726,1491,0.0,10127,585,82141
11,82737,1491,0.0,10128,585,82152
3,82740,1491,0.0,10129,585,82155
13,82753,1491,0.0,10130,585,82168
8,82761,1491,0.0,10131,585,82176
4,82765,1491,0.0,10132,585,82180
9,82774,1491,0.0,10133,585,82189
5,82779,1491,0.0,10134,585,82194
3,82782,1491,0.0,10135,585,82197
3,82785,1491,0.0,10136,585,82200
7,82792,1491,0.0,10137,585,82207
8,82800,1491,0.0,10138,585,82215
4,82804,1491,0.0,10139,585,82219
2,82806,1491,0.0,10140,585,82221
18,82824,1491,0.0,10141,585,82239
10,82834,1491,0.0,10142,585,82249
8,82842,1491,0.0,10143,585,82257
4,82846,1491,0.0,10144,585,82261
5,82851,1491,0.0,10145,585,82266
21,82872,1491,0.0,10146,585,82287
16,82888,1491,0.0,10147,585,82303
7,82895,1491,0.0,10148,585,82310
18,82913,1492,1.0,10149,585,82328
2,82915,1492,0.0,10150,585,82330
3,82918,1492,0.0,10151,585,82333
8,82926,1492,0.0,10152,585,82341
9,82935,1492,0.0,10153,585,82350
8,82943,1493,1.0,10154,585,82358
8,82951,1493,0.0,10155,585,82366
9,82960,1493,0.0,10156,585,82375
6,82966,1493,0.0,10157,585,82381
2,82968,1493,0.0,10158,585,82383
3,82971,1493,0.0,10159,585,82386
8,82979,1493,0.0,10160,585,82394
3,82982,1493,0.0,10161,585,82397
6,82988,1493,0.0,10162,585,82403
9,82997,1493,0.0,10163,585,82412
8,83005,1493,0.0,10164,585,82420
2,83007,1493,0.0,10165,585,82422
16,83023,1494,1.0,10166,585,82438
29,83052,1495,1.0,10167,585,82467
9,83061,1495,0.0,10168,585,82476
2,83063,1495,0.0,10169,585,82478
3,83066,1495,0.0,10170,585,82481
9,83075,1495,0.0,10171,585,82490
6,83081,1495,0.0,10172,585,82496
8,83089,1496,1.0,10173,585,82504
8,83097,1497,1.0,10174,585,82512
4,83101,1497,0.0,10175,585,82516
10,83111,1497,0.0,10176,585,82526
9,83120,1497,0.0,10177,585,82535
2,83122,1497,0.0,10178,585,82537
11,83133,1497,0.0,10179,585,82548
9,83142,1497,0.0,10180,585,82557
8,83150,1497,0.0,10181,585,82565
5,83155,1497,0.0,10182,585,82570
29,83184,1498,1.0,10183,585,82599
16,83200,1498,0.0,10184,585,82615
4,83204,1498,0.0,10185,585,82619
4,83208,1498,0.0,10186,585,82623
4,83212,1498,0.0,10187,585,82627
8,83220,1499,1.0,10188,585,82635
5,83225,1499,0.0,10189,585,82640
8,83233,1499,0.0,10190,585,82648
3,83236,1499,0.0,10191,585,82651
4,83240,1499,0.0,10192,585,82655
8,83248,1499,0.0,10193,585,82663
9,83257,1499,0.0,10194,585,82672
8,83265,1500,1.0,10195,585,82680
31,83296,1500,0.0,10196,585,82711
8,83304,1500,0.0,10197,585,82719
4,83308,1500,0.0,10198,585,82723
2,83310,1500,0.0,10199,585,82725
20,83330,1500,0.0,10200,585,82745
4,83334,1500,0.0,10201,585,82749
14,83348,1500,0.0,10202,585,82763
9,83357,1500,0.0,10203,585,82772
5,83362,1500,0.0,10204,585,82777
8,83370,1500,0.0,10205,585,82785
7,83377,1500,0.0,10206,585,82792
10,83387,1500,0.0,10207,585,82802
2,83389,1500,0.0,10208,585,82804
4,83393,1500,0.0,10209,585,82808
4,83397,1500,0.0,10210,585,82812
4,83401,1500,0.0,10211,585,82816
2,83403,1500,0.0,10212,585,82818
6,83409,1500,0.0,10213,585,82824
2,83411,1500,0.0,10214,585,82826
13,83424,1500,0.0,10215,585,82839
8,83432,1500,0.0,10216,585,82847
8,83440,1500,0.0,10217,585,82855
7,83447,1500,0.0,10218,585,82862
8,83455,1501,1.0,10219,585,82870
3,83458,1501,0.0,10220,585,82873
4,83462,1501,0.0,10221,585,82877
3,83465,1501,0.0,10222,585,82880
9,83474,1501,0.0,10223,585,82889
8,83482,1501,0.0,10224,585,82897
8,83490,1502,1.0,10225,585,82905
8,83498,1503,1.0,10226,585,82913
6,83504,1503,0.0,10227,585,82919
14,83518,1503,0.0,10228,585,82933
5,83523,1503,0.0,10229,585,82938
8,83531,1504,1.0,10230,585,82946
2,83533,1504,0.0,10231,585,82948
11,83544,1504,0.0,10232,585,82959
8,83552,1504,0.0,10233,585,82967
8,83560,1505,1.0,10234,585,82975
2,83562,1505,0.0,10235,585,82977
11,83573,1505,0.0,10236,585,82988
10,83583,1505,0.0,10237,585,82998
8,83591,1505,0.0,10238,585,83006
8,83599,1505,0.0,10239,585,83014
29,83628,1506,1.0,10240,585,83043
10,83638,1506,0.0,10241,585,83053
7,83645,1506,0.0,10242,585,83060
2,83647,1506,0.0,10243,585,83062
3,83650,1506,0.0,10244,585,83065
20,83670,1507,1.0,10245,585,83085
14,83684,1507,0.0,10246,585,83099
4,83688,1507,0.0,10247,585,83103
8,83696,1508,1.0,10248,585,83111
8,83704,1509,1.0,10249,585,83119
8,83712,1509,0.0,10250,585,83127
8,83720,1509,0.0,10251,585,83135
11,83731,1509,0.0,10252,585,83146
15,83746,1509,0.0,10253,585,83161
14,83760,1509,0.0,10254,585,83175
21,83781,1509,0.0,10255,585,83196
8,83789,1509,0.0,10256,585,83204
5,83794,1509,0.0,10257,585,83209
8,83802,1509,0.0,10258,585,83217
14,83816,1509,0.0,10259,585,83231
9,83825,1509,0.0,10260,585,83240
8,83833,1510,1.0,10261,585,83248
4,83837,1510,0.0,10262,585,83252
8,83845,1511,1.0,10263,585,83260
9,83854,1511,0.0,10264,585,83269
3,83857,1511,0.0,10265,585,83272
5,83862,1511,0.0,10266,585,83277
10,83872,1511,0.0,10267,585,83287
29,83901,1512,1.0,10268,585,83316
23,83924,1512,0.0,10269,585,83339
4,83928,1512,0.0,10270,585,83343
8,83936,1513,1.0,10271,585,83351
8,83944,1514,1.0,10272,585,83359
8,83952,1515,1.0,10273,585,83367
8,83960,1515,0.0,10274,585,83375
11,83971,1515,0.0,10275,585,83386
9,83980,1515,0.0,10276,585,83395
8,83988,1516,1.0,10277,585,83403
3,83991,1516,0.0,10278,585,83406
7,83998,1516,0.0,10279,585,83413
5,84003,1516,0.0,10280,585,83418
4,84007,1516,0.0,10281,585,83422
3,84010,1516,0.0,10282,585,83425
8,84018,1516,0.0,10283,585,83433
5,84023,1516,0.0,10284,585,83438
3,84026,1516,0.0,10285,585,83441
8,84034,1517,1.0,10286,585,83449
4,84038,1517,0.0,10287,585,83453
14,84052,1517,0.0,10288,585,83467
7,84059,1517,0.0,10289,585,83474
3,84062,1517,0.0,10290,585,83477
5,84067,1517,0.0,10291,585,83482
3,84070,1517,0.0,10292,585,83485
8,84078,1517,0.0,10293,585,83493
8,84086,1517,0.0,10294,585,83501
8,84094,1517,0.0,10295,585,83509
8,84102,1518,1.0,10296,585,83517
4,84106,1518,0.0,10297,585,83521
11,84117,1518,0.0,10298,585,83532
8,84125,1518,0.0,10299,585,83540
4,84129,1518,0.0,10300,585,83544
8,84137,1518,0.0,10301,585,83552
4,84141,1518,0.0,10302,585,83556
9,84150,1518,0.0,10303,585,83565
12,84162,1518,0.0,10304,585,83577
2,84164,1518,0.0,10305,585,83579
4,84168,1518,0.0,10306,585,83583
8,84176,1518,0.0,10307,585,83591
14,84190,1518,0.0,10308,585,83605
16,84206,1518,0.0,10309,585,83621
3,84209,1518,0.0,10310,585,83624
9,84218,1518,0.0,10311,585,83633
17,84235,1518,0.0,10312,585,83650
2,84237,1518,0.0,10313,585,83652
8,84245,1518,0.0,10314,585,83660
14,84259,1518,0.0,10315,585,83674
8,84267,1518,0.0,10316,585,83682
6,84273,1518,0.0,10317,585,83688
10,84283,1518,0.0,10318,585,83698
16,84299,1518,0.0,10319,585,83714
8,84307,1518,0.0,10320,585,83722
8,84315,1519,1.0,10321,585,83730
3,84318,1519,0.0,10322,585,83733
21,84339,1519,0.0,10323,585,83754
8,84347,1519,0.0,10324,585,83762
2,84349,1519,0.0,10325,585,83764
7,84356,1519,0.0,10326,585,83771
3,84359,1519,0.0,10327,585,83774
8,84367,1519,0.0,10328,585,83782
5,84372,1519,0.0,10329,585,83787
8,84380,1520,1.0,10330,585,83795
6,84386,1520,0.0,10331,585,83801
8,84394,1521,1.0,10332,585,83809
3,84397,1521,0.0,10333,585,83812
20,84417,1522,1.0,10334,585,83832
2,84419,1522,0.0,10335,585,83834
10,84429,1522,0.0,10336,585,83844
3,84432,1522,0.0,10337,585,83847
8,84440,1523,1.0,10338,585,83855
4,84444,1523,0.0,10339,585,83859
8,84452,1523,0.0,10340,585,83867
5,84457,1523,0.0,10341,585,83872
9,84466,1523,0.0,10342,585,83881
9,84475,1523,0.0,10343,585,83890
13,84488,1523,0.0,10344,585,83903
8,84496,1523,0.0,10345,585,83911
8,84504,1523,0.0,10346,585,83919
8,84512,1524,1.0,10347,585,83927
5,84517,1524,0.0,10348,585,83932
11,84528,1524,0.0,10349,585,83943
8,84536,1524,0.0,10350,585,83951
3,84539,1524,0.0,10351,585,83954
8,84547,1524,0.0,10352,585,83962
7,84554,1524,0.0,10353,585,83969
8,84562,1524,0.0,10354,585,83977
8,84570,1525,1.0,10355,585,83985
11,84581,1525,0.0,10356,585,83996
8,84589,1526,1.0,10357,585,84004
8,84597,1526,0.0,10358,585,84012
9,84606,1526,0.0,10359,585,84021
3,84609,1526,0.0,10360,585,84024
9,84618,1526,0.0,10361,585,84033
8,84626,1526,0.0,10362,585,84041
6,84632,1526,0.0,10363,585,84047
8,84640,1526,0.0,10364,585,84055
4,84644,1526,0.0,10365,585,84059
8,84652,1527,1.0,10366,585,84067
5,84657,1527,0.0,10367,585,84072
8,84665,1528,1.0,10368,585,84080
16,84681,1528,0.0,10369,585,84096
19,84700,1528,0.0,10370,585,84115
9,84709,1528,0.0,10371,585,84124
8,84717,1529,1.0,10372,585,84132
16,84733,1530,1.0,10373,585,84148
9,84742,1530,0.0,10374,585,84157
16,84758,1530,0.0,10375,585,84173
5,84763,1530,0.0,10376,585,84178
8,84771,1531,1.0,10377,585,84186
2,84773,1531,0.0,10378,585,84188
14,84787,1531,0.0,10379,585,84202
11,84798,1531,0.0,10380,585,84213
8,84806,1531,0.0,10381,585,84221
19,84825,1531,0.0,10382,585,84240
4,84829,1531,0.0,10383,585,84244
29,84858,1532,1.0,10384,585,84273
16,84874,1533,1.0,10385,585,84289
2,84876,1533,0.0,10386,585,84291
9,84885,1533,0.0,10387,585,84300
4,84889,1533,0.0,10388,585,84304
8,84897,1533,0.0,10389,585,84312
4,84901,1533,0.0,10390,585,84316
8,84909,1534,1.0,10391,585,84324
6,84915,1534,0.0,10392,585,84330
10,84925,1534,0.0,10393,585,84340
7,84932,1534,0.0,10394,585,84347
5,84937,1534,0.0,10395,585,84352
10,84947,1534,0.0,10396,585,84362
3,84950,1534,0.0,10397,585,84365
3,84953,1534,0.0,10398,585,84368
29,84982,1535,1.0,10399,585,84397
7,84989,1535,0.0,10400,585,84404
7,84996,1535,0.0,10401,585,84411
8,85004,1536,1.0,10402,585,84419
8,85012,1536,0.0,10403,585,84427
9,85021,1536,0.0,10404,585,84436
8,85029,1536,0.0,10405,585,84444
2,85031,1536,0.0,10406,585,84446
8,85039,1536,0.0,10407,585,84454
8,85047,1536,0.0,10408,585,84462
3,85050,1536,0.0,10409,585,84465
7,85057,1536,0.0,10410,585,84472
8,85065,1536,0.0,10411,585,84480
10,85075,1536,0.0,10412,585,84490
9,85084,1536,0.0,10413,585,84499
12,85096,1536,0.0,10414,585,84511
8,85104,1536,0.0,10415,585,84519
2,85106,1536,0.0,10416,585,84521
9,85115,1536,0.0,10417,585,84530
21,85136,1536,0.0,10418,585,84551
8,85144,1536,0.0,10419,585,84559
5,85149,1536,0.0,10420,585,84564
13,85162,1536,0.0,10421,585,84577
2,85164,1536,0.0,10422,585,84579
3,85167,1536,0.0,10423,585,84582
8,85175,1536,0.0,10424,585,84590
5,85180,1536,0.0,10425,585,84595
7,85187,1536,0.0,10426,585,84602
4,85191,1536,0.0,10427,585,84606
9,85200,1536,0.0,10428,585,84615
7,85207,1536,0.0,10429,585,84622
8,85215,1536,0.0,10430,585,84630
9,85224,1536,0.0,10431,585,84639
8,85232,1536,0.0,10432,585,84647
8,85240,1536,0.0,10433,585,84655
4,85244,1536,0.0,10434,585,84659
8,85252,1537,1.0,10435,585,84667
2,85254,1537,0.0,10436,585,84669
5,85259,1537,0.0,10437,585,84674
10,85269,1537,0.0,10438,585,84684
8,85277,1537,0.0,10439,585,84692
3,85280,1537,0.0,10440,585,84695
8,85288,1538,1.0,10441,585,84703
8,85296,1538,0.0,10442,585,84711
11,85307,1538,0.0,10443,585,84722
3,85310,1538,0.0,10444,585,84725
8,85318,1538,0.0,10445,585,84733
8,85326,1538,0.0,10446,585,84741
4,85330,1538,0.0,10447,585,84745
2,85332,1538,0.0,10448,585,84747
8,85340,1538,0.0,10449,585,84755
4,85344,1538,0.0,10450,585,84759
2,85346,1538,0.0,10451,585,84761
8,85354,1538,0.0,10452,585,84769
9,85363,1538,0.0,10453,585,84778
4,85367,1538,0.0,10454,585,84782
6,85373,1538,0.0,10455,585,84788
8,85381,1539,1.0,10456,585,84796
19,85400,1539,0.0,10457,585,84815
4,85404,1539,0.0,10458,585,84819
8,85412,1539,0.0,10459,585,84827
5,85417,1539,0.0,10460,585,84832
9,85426,1539,0.0,10461,585,84841
6,85432,1539,0.0,10462,585,84847
2,85434,1539,0.0,10463,585,84849
11,85445,1539,0.0,10464,585,84860
4,85449,1539,0.0,10465,585,84864
7,85456,1539,0.0,10466,585,84871
8,85464,1540,1.0,10467,585,84879
5,85469,1540,0.0,10468,585,84884
9,85478,1540,0.0,10469,585,84893
2,85480,1540,0.0,10470,585,84895
11,85491,1540,0.0,10471,585,84906
9,85500,1540,0.0,10472,585,84915
3,85503,1540,0.0,10473,585,84918
4,85507,1540,0.0,10474,585,84922
13,85520,1540,0.0,10475,585,84935
5,85525,1540,0.0,10476,585,84940
16,85541,1540,0.0,10477,585,84956
3,85544,1540,0.0,10478,585,84959
11,85555,1540,0.0,10479,585,84970
8,85563,1540,0.0,10480,585,84978
2,85565,1540,0.0,10481,585,84980
8,85573,1541,1.0,10482,585,84988
25,85598,1541,0.0,10483,585,85013
8,85606,1541,0.0,10484,585,85021
10,85616,1541,0.0,10485,585,85031
5,85621,1541,0.0,10486,585,85036
12,85633,1541,0.0,10487,585,85048
16,85649,1542,1.0,10488,585,85064
2,85651,1542,0.0,10489,585,85066
18,85669,1543,1.0,10490,585,85084
3,85672,1543,0.0,10491,585,85087
3,85675,1543,0.0,10492,585,85090
5,85680,1543,0.0,10493,585,85095
8,85688,1544,1.0,10494,585,85103
13,85701,1544,0.0,10495,585,85116
3,85704,1544,0.0,10496,585,85119
8,85712,1545,1.0,10497,585,85127
7,85719,1545,0.0,10498,585,85134
9,85728,1545,0.0,10499,585,85143
15,85743,1545,0.0,10500,585,85158
30,85773,1545,0.0,10501,585,85188
5,85778,1545,0.0,10502,585,85193
7,85785,1545,0.0,10503,585,85200
5,85790,1545,0.0,10504,585,85205
9,85799,1545,0.0,10505,585,85214
3,85802,1545,0.0,10506,585,85217
3,85805,1545,0.0,10507,585,85220
4,85809,1545,0.0,10508,585,85224
8,85817,1545,0.0,10509,585,85232
4,85821,1545,0.0,10510,585,85236
10,85831,1545,0.0,10511,585,85246
9,85840,1545,0.0,10512,585,85255
8,85848,1546,1.0,10513,585,85263
18,85866,1547,1.0,10514,585,85281
12,85878,1547,0.0,10515,585,85293
2,85880,1547,0.0,10516,585,85295
8,85888,1547,0.0,10517,585,85303
7,85895,1547,0.0,10518,585,85310
16,85911,1548,1.0,10519,585,85326
2,85913,1548,0.0,10520,585,85328
9,85922,1548,0.0,10521,585,85337
12,85934,1548,0.0,10522,585,85349
8,85942,1549,1.0,10523,585,85357
2,85944,1549,0.0,10524,585,85359
23,85967,1549,0.0,10525,585,85382
3,85970,1549,0.0,10526,585,85385
16,85986,1550,1.0,10527,585,85401
8,85994,1550,0.0,10528,585,85409
8,86002,1550,0.0,10529,585,85417
2,86004,1550,0.0,10530,585,85419
4,86008,1550,0.0,10531,585,85423
2,86010,1550,0.0,10532,585,85425
6,86016,1550,0.0,10533,585,85431
8,86024,1550,0.0,10534,585,85439
8,86032,1550,0.0,10535,585,85447
29,86061,1551,1.0,10536,585,85476
11,86072,1551,0.0,10537,585,85487
11,86083,1551,0.0,10538,585,85498
9,86092,1551,0.0,10539,585,85507
3,86095,1551,0.0,10540,585,85510
8,86103,1552,1.0,10541,585,85518
2,86105,1552,0.0,10542,585,85520
10,86115,1552,0.0,10543,585,85530
8,86123,1552,0.0,10544,585,85538
8,86131,1552,0.0,10545,585,85546
8,86139,1552,0.0,10546,585,85554
5,86144,1552,0.0,10547,585,85559
8,86152,1553,1.0,10548,585,85567
3,86155,1553,0.0,10549,585,85570
8,86163,1553,0.0,10550,585,85578
10,86173,1553,0.0,10551,585,85588
20,86193,1554,1.0,10552,585,85608
3,86196,1554,0.0,10553,585,85611
14,86210,1554,0.0,10554,585,85625
8,86218,1555,1.0,10555,585,85633
8,86226,1555,0.0,10556,585,85641
8,86234,1556,1.0,10557,585,85649
3,86237,1556,0.0,10558,585,85652
3,86240,1556,0.0,10559,585,85655
5,86245,1556,0.0,10560,585,85660
30,86275,1556,0.0,10561,585,85690
8,86283,1557,1.0,10562,585,85698
7,86290,1557,0.0,10563,585,85705
3,86293,1557,0.0,10564,585,85708
32,86325,1557,0.0,10565,585,85740
9,86334,1557,0.0,10566,585,85749
29,86363,1558,1.0,10567,585,85778
9,86372,1558,0.0,10568,585,85787
9,86381,1558,0.0,10569,585,85796
6,86387,1558,0.0,10570,585,85802
2,86389,1558,0.0,10571,585,85804
8,86397,1559,1.0,10572,585,85812
8,86405,1559,0.0,10573,585,85820
2,86407,1559,0.0,10574,585,85822
12,86419,1559,0.0,10575,585,85834
2,86421,1559,0.0,10576,585,85836
8,86429,1559,0.0,10577,585,85844
9,86438,1559,0.0,10578,585,85853
8,86446,1559,0.0,10579,585,85861
29,86475,1560,1.0,10580,585,85890
9,86484,1560,0.0,10581,585,85899
4,86488,1560,0.0,10582,585,85903
8,86496,1560,0.0,10583,585,85911
9,86505,1560,0.0,10584,585,85920
7,86512,1560,0.0,10585,585,85927
4,86516,1560,0.0,10586,585,85931
2,86518,1560,0.0,10587,585,85933
7,86525,1560,0.0,10588,585,85940
8,86533,1561,1.0,10589,585,85948
8,86541,1561,0.0,10590,585,85956
22,86563,1561,0.0,10591,585,85978
11,86574,1561,0.0,10592,585,85989
5,86579,1561,0.0,10593,585,85994
12,86591,1561,0.0,10594,585,86006
8,86599,1562,1.0,10595,585,86014
9,86608,1562,0.0,10596,585,86023
8,86616,1563,1.0,10597,585,86031
11,86627,1563,0.0,10598,585,86042
8,86635,1563,0.0,10599,585,86050
9,86644,1563,0.0,10600,585,86059
9,86653,1563,0.0,10601,585,86068
8,86661,1563,0.0,10602,585,86076
4,86665,1563,0.0,10603,585,86080
8,86673,1564,1.0,10604,585,86088
21,86694,1564,0.0,10605,585,86109
9,86703,1564,0.0,10606,585,86118
24,86727,1564,0.0,10607,585,86142
3,86730,1564,0.0,10608,585,86145
4,86734,1564,0.0,10609,585,86149
7,86741,1564,0.0,10610,585,86156
3,86744,1564,0.0,10611,585,86159
4,86748,1564,0.0,10612,585,86163
6,86754,1564,0.0,10613,585,86169
8,86762,1564,0.0,10614,585,86177
3,86765,1564,0.0,10615,585,86180
11,86776,1564,0.0,10616,585,86191
8,86784,1564,0.0,10617,585,86199
3,86787,1564,0.0,10618,585,86202
2,86789,1564,0.0,10619,585,86204
8,86797,1564,0.0,10620,585,86212
5,86802,1564,0.0,10621,585,86217
8,86810,1564,0.0,10622,585,86225
9,86819,1564,0.0,10623,585,86234
12,86831,1564,0.0,10624,585,86246
3,86834,1564,0.0,10625,585,86249
8,86842,1565,1.0,10626,585,86257
8,86850,1565,0.0,10627,585,86265
8,86858,1565,0.0,10628,585,86273
8,86866,1565,0.0,10629,585,86281
8,86874,1565,0.0,10630,585,86289
4,86878,1565,0.0,10631,585,86293
4,86882,1565,0.0,10632,585,86297
9,86891,1565,0.0,10633,585,86306
9,86900,1565,0.0,10634,585,86315
8,86908,1566,1.0,10635,585,86323
5,86913,1566,0.0,10636,585,86328
9,86922,1566,0.0,10637,585,86337
20,86942,1566,0.0,10638,585,86357
9,86951,1566,0.0,10639,585,86366
8,86959,1567,1.0,10640,585,86374
7,86966,1567,0.0,10641,585,86381
2,86968,1567,0.0,10642,585,86383
2,86970,1567,0.0,10643,585,86385
10,86980,1567,0.0,10644,585,86395
8,86988,1567,0.0,10645,585,86403
3,86991,1567,0.0,10646,585,86406
18,87009,1568,1.0,10647,585,86424
9,87018,1568,0.0,10648,585,86433
10,87028,1568,0.0,10649,585,86443
8,87036,1568,0.0,10650,585,86451
5,87041,1568,0.0,10651,585,86456
2,87043,1568,0.0,10652,585,86458
8,87051,1568,0.0,10653,585,86466
29,87080,1569,1.0,10654,585,86495
8,87088,1569,0.0,10655,585,86503
8,87096,1569,0.0,10656,585,86511
12,87108,1569,0.0,10657,585,86523
8,87116,1569,0.0,10658,585,86531
8,87124,1569,0.0,10659,585,86539
4,87128,1569,0.0,10660,585,86543
8,87136,1569,0.0,10661,585,86551
18,87154,1569,0.0,10662,585,86569
14,87168,1569,0.0,10663,585,86583
4,87172,1569,0.0,10664,585,86587
8,87180,1570,1.0,10665,585,86595
4,87184,1570,0.0,10666,585,86599
8,87192,1570,0.0,10667,585,86607
13,87205,1570,0.0,10668,585,86620
2,87207,1570,0.0,10669,585,86622
2,87209,1570,0.0,10670,585,86624
6,87215,1570,0.0,10671,585,86630
8,87223,1571,1.0,10672,585,86638
4,87227,1571,0.0,10673,585,86642
8,87235,1571,0.0,10674,585,86650
8,87243,1572,1.0,10675,585,86658
14,87257,1572,0.0,10676,585,86672
29,87286,1573,1.0,10677,585,86701
6,87292,1573,0.0,10678,585,86707
29,87321,1574,1.0,10679,585,86736
4,87325,1574,0.0,10680,585,86740
11,87336,1574,0.0,10681,585,86751
9,87345,1574,0.0,10682,585,86760
8,87353,1575,1.0,10683,585,86768
9,87362,1575,0.0,10684,585,86777
2,87364,1575,0.0,10685,585,86779
8,87372,1575,0.0,10686,585,86787
16,87388,1576,1.0,10687,585,86803
8,87396,1577,1.0,10688,585,86811
16,87412,1578,1.0,10689,585,86827
11,87423,1578,0.0,10690,585,86838
8,87431,1578,0.0,10691,585,86846
8,87439,1578,0.0,10692,585,86854
5,87444,1578,0.0,10693,585,86859
5,87449,1578,0.0,10694,585,86864
8,87457,1578,0.0,10695,585,86872
8,87465,1579,1.0,10696,585,86880
9,87474,1579,0.0,10697,585,86889
16,87490,1580,1.0,10698,585,86905
8,87498,1580,0.0,10699,585,86913
8,87506,1581,1.0,10700,585,86921
8,87514,1582,1.0,10701,585,86929
8,87522,1582,0.0,10702,585,86937
8,87530,1583,1.0,10703,585,86945
9,87539,1583,0.0,10704,585,86954
6,87545,1583,0.0,10705,585,86960
6,87551,1583,0.0,10706,585,86966
4,87555,1583,0.0,10707,585,86970
11,87566,1583,0.0,10708,585,86981
3,87569,1583,0.0,10709,585,86984
21,87590,1583,0.0,10710,585,87005
6,87596,1583,0.0,10711,585,87011
8,87604,1583,0.0,10712,585,87019
9,87613,1583,0.0,10713,585,87028
8,87621,1583,0.0,10714,585,87036
6,87627,1583,0.0,10715,585,87042
8,87635,1583,0.0,10716,585,87050
3,87638,1583,0.0,10717,585,87053
9,87647,1583,0.0,10718,585,87062
9,87656,1583,0.0,10719,585,87071
8,87664,1584,1.0,10720,585,87079
8,87672,1585,1.0,10721,585,87087
9,87681,1585,0.0,10722,585,87096
6,87687,1585,0.0,10723,585,87102
14,87701,1585,0.0,10724,585,87116
14,87715,1585,0.0,10725,585,87130
4,87719,1585,0.0,10726,585,87134
4,87723,1585,0.0,10727,585,87138
8,87731,1585,0.0,10728,585,87146
3,87734,1585,0.0,10729,585,87149
4,87738,1585,0.0,10730,585,87153
2,87740,1585,0.0,10731,585,87155
7,87747,1585,0.0,10732,585,87162
10,87757,1585,0.0,10733,585,87172
8,87765,1586,1.0,10734,585,87180
4,87769,1586,0.0,10735,585,87184
9,87778,1586,0.0,10736,585,87193
8,87786,1586,0.0,10737,585,87201
5,87791,1586,0.0,10738,585,87206
4,87795,1586,0.0,10739,585,87210
9,87804,1586,0.0,10740,585,87219
8,87812,1586,0.0,10741,585,87227
8,87820,1586,0.0,10742,585,87235
33,87853,1586,0.0,10743,585,87268
5,87858,1586,0.0,10744,585,87273
6,87864,1586,0.0,10745,585,87279
8,87872,1586,0.0,10746,585,87287
7,87879,1586,0.0,10747,585,87294
9,87888,1586,0.0,10748,585,87303
4,87892,1586,0.0,10749,585,87307
8,87900,1586,0.0,10750,585,87315
3,87903,1586,0.0,10751,585,87318
6,87909,1586,0.0,10752,585,87324
5,87914,1586,0.0,10753,585,87329
8,87922,1587,1.0,10754,585,87337
7,87929,1587,0.0,10755,585,87344
2,87931,1587,0.0,10756,585,87346
16,87947,1588,1.0,10757,585,87362
3,87950,1588,0.0,10758,585,87365
11,87961,1588,0.0,10759,585,87376
16,87977,1588,0.0,10760,585,87392
2,87979,1588,0.0,10761,585,87394
17,87996,1588,0.0,10762,585,87411
3,87999,1588,0.0,10763,585,87414
3,88002,1588,0.0,10764,585,87417
9,88011,1588,0.0,10765,585,87426
8,88019,1589,1.0,10766,585,87434
8,88027,1589,0.0,10767,585,87442
8,88035,1589,0.0,10768,585,87450
8,88043,1589,0.0,10769,585,87458
2,88045,1589,0.0,10770,585,87460
9,88054,1589,0.0,10771,585,87469
6,88060,1589,0.0,10772,585,87475
3,88063,1589,0.0,10773,585,87478
7,88070,1589,0.0,10774,585,87485
8,88078,1590,1.0,10775,585,87493
8,88086,1590,0.0,10776,585,87501
4,88090,1590,0.0,10777,585,87505
9,88099,1590,0.0,10778,585,87514
2,88101,1590,0.0,10779,585,87516
2,88103,1590,0.0,10780,585,87518
17,88120,1590,0.0,10781,585,87535
8,88128,1590,0.0,10782,585,87543
9,88137,1590,0.0,10783,585,87552
8,88145,1590,0.0,10784,585,87560
8,88153,1590,0.0,10785,585,87568
3,88156,1590,0.0,10786,585,87571
6,88162,1590,0.0,10787,585,87577
4,88166,1590,0.0,10788,585,87581
9,88175,1590,0.0,10789,585,87590
9,88184,1590,0.0,10790,585,87599
2,88186,1590,0.0,10791,585,87601
8,88194,1590,0.0,10792,585,87609
4,88198,1590,0.0,10793,585,87613
9,88207,1590,0.0,10794,585,87622
8,88215,1591,1.0,10795,585,87630
8,88223,1591,0.0,10796,585,87638
6,88229,1591,0.0,10797,585,87644
8,88237,1592,1.0,10798,585,87652
8,88245,1593,1.0,10799,585,87660
6,88251,1593,0.0,10800,585,87666
3,88254,1593,0.0,10801,585,87669
9,88263,1593,0.0,10802,585,87678
8,88271,1594,1.0,10803,585,87686
20,88291,1594,0.0,10804,585,87706
16,88307,1595,1.0,10805,585,87722
8,88315,1595,0.0,10806,585,87730
14,88329,1595,0.0,10807,585,87744
3,88332,1595,0.0,10808,585,87747
9,88341,1595,0.0,10809,585,87756
8,88349,1595,0.0,10810,585,87764
4,88353,1595,0.0,10811,585,87768
29,88382,1596,1.0,10812,585,87797
14,88396,1596,0.0,10813,585,87811
8,88404,1597,1.0,10814,585,87819
4,88408,1597,0.0,10815,585,87823
15,88423,1597,0.0,10816,585,87838
8,88431,1597,0.0,10817,585,87846
21,88452,1597,0.0,10818,585,87867
8,88460,1598,1.0,10819,585,87875
9,88469,1598,0.0,10820,585,87884
5,88474,1598,0.0,10821,585,87889
7,88481,1598,0.0,10822,585,87896
3,88484,1598,0.0,10823,585,87899
6,88490,1598,0.0,10824,585,87905
10,88500,1598,0.0,10825,585,87915
3,88503,1598,0.0,10826,585,87918
9,88512,1598,0.0,10827,585,87927
13,88525,1598,0.0,10828,585,87940
20,88545,1599,1.0,10829,585,87960
2,88547,1599,0.0,10830,585,87962
8,88555,1600,1.0,10831,585,87970
8,88563,1600,0.0,10832,585,87978
9,88572,1600,0.0,10833,585,87987
4,88576,1600,0.0,10834,585,87991
4,88580,1600,0.0,10835,585,87995
4,88584,1600,0.0,10836,585,87999
9,88593,1600,0.0,10837,585,88008
9,88602,1600,0.0,10838,585,88017
16,88618,1601,1.0,10839,585,88033
8,88626,1602,1.0,10840,585,88041
8,88634,1603,1.0,10841,585,88049
8,88642,1603,0.0,10842,585,88057
4,88646,1603,0.0,10843,585,88061
19,88665,1603,0.0,10844,585,88080
9,88674,1603,0.0,10845,585,88089
2,88676,1603,0.0,10846,585,88091
10,88686,1603,0.0,10847,585,88101
2,88688,1603,0.0,10848,585,88103
2,88690,1603,0.0,10849,585,88105
14,88704,1603,0.0,10850,585,88119
15,88719,1603,0.0,10851,585,88134
13,88732,1603,0.0,10852,585,88147
7,88739,1603,0.0,10853,585,88154
9,88748,1603,0.0,10854,585,88163
16,88764,1604,1.0,10855,585,88179
8,88772,1605,1.0,10856,585,88187
2,88774,1605,0.0,10857,585,88189
8,88782,1605,0.0,10858,585,88197
12,88794,1605,0.0,10859,585,88209
2,88796,1605,0.0,10860,585,88211
8,88804,1605,0.0,10861,585,88219
4,88808,1605,0.0,10862,585,88223
16,88824,1605,0.0,10863,585,88239
13,88837,1605,0.0,10864,585,88252
3,88840,1605,0.0,10865,585,88255
15,88855,1605,0.0,10866,585,88270
8,88863,1605,0.0,10867,585,88278
14,88877,1605,0.0,10868,585,88292
8,88885,1605,0.0,10869,585,88300
13,88898,1605,0.0,10870,585,88313
4,88902,1605,0.0,10871,585,88317
29,88931,1606,1.0,10872,585,88346
9,88940,1606,0.0,10873,585,88355
5,88945,1606,0.0,10874,585,88360
10,88955,1606,0.0,10875,585,88370
9,88964,1606,0.0,10876,585,88379
29,88993,1607,1.0,10877,585,88408
8,89001,1607,0.0,10878,585,88416
8,89009,1607,0.0,10879,585,88424
9,89018,1607,0.0,10880,585,88433
8,89026,1607,0.0,10881,585,88441
8,89034,1608,1.0,10882,585,88449
3,89037,1608,0.0,10883,585,88452
6,89043,1608,0.0,10884,585,88458
15,89058,1608,0.0,10885,585,88473
8,89066,1608,0.0,10886,585,88481
8,89074,1609,1.0,10887,585,88489
5,89079,1609,0.0,10888,585,88494
8,89087,1610,1.0,10889,585,88502
8,89095,1611,1.0,10890,585,88510
11,89106,1611,0.0,10891,585,88521
7,89113,1611,0.0,10892,585,88528
7,89120,1611,0.0,10893,585,88535
9,89129,1611,0.0,10894,585,88544
9,89138,1611,0.0,10895,585,88553
8,89146,1611,0.0,10896,585,88561
3,89149,1611,0.0,10897,585,88564
16,89165,1611,0.0,10898,585,88580
5,89170,1611,0.0,10899,585,88585
20,89190,1612,1.0,10900,585,88605
3,89193,1612,0.0,10901,585,88608
4,89197,1612,0.0,10902,585,88612
8,89205,1612,0.0,10903,585,88620
29,89234,1613,1.0,10904,585,88649
3,89237,1613,0.0,10905,585,88652
22,89259,1613,0.0,10906,585,88674
12,89271,1613,0.0,10907,585,88686
5,89276,1613,0.0,10908,585,88691
8,89284,1613,0.0,10909,585,88699
9,89293,1613,0.0,10910,585,88708
29,89322,1614,1.0,10911,585,88737
5,89327,1614,0.0,10912,585,88742
5,89332,1614,0.0,10913,585,88747
18,89350,1615,1.0,10914,585,88765
4,89354,1615,0.0,10915,585,88769
9,89363,1615,0.0,10916,585,88778
8,89371,1615,0.0,10917,585,88786
3,89374,1615,0.0,10918,585,88789
11,89385,1615,0.0,10919,585,88800
4,89389,1615,0.0,10920,585,88804
11,89400,1615,0.0,10921,585,88815
9,89409,1615,0.0,10922,585,88824
9,89418,1615,0.0,10923,585,88833
4,89422,1615,0.0,10924,585,88837
9,89431,1615,0.0,10925,585,88846
3,89434,1615,0.0,10926,585,88849
4,89438,1615,0.0,10927,585,88853
8,89446,1616,1.0,10928,585,88861
9,89455,1616,0.0,10929,585,88870
8,89463,1616,0.0,10930,585,88878
2,89465,1616,0.0,10931,585,88880
12,89477,1616,0.0,10932,585,88892
11,89488,1616,0.0,10933,585,88903
14,89502,1616,0.0,10934,585,88917
4,89506,1616,0.0,10935,585,88921
8,89514,1616,0.0,10936,585,88929
8,89522,1617,1.0,10937,585,88937
6,89528,1617,0.0,10938,585,88943
8,89536,1617,0.0,10939,585,88951
8,89544,1617,0.0,10940,585,88959
16,89560,1618,1.0,10941,585,88975
8,89568,1618,0.0,10942,585,88983
3,89571,1618,0.0,10943,585,88986
8,89579,1618,0.0,10944,585,88994
8,89587,1618,0.0,10945,585,89002
10,89597,1618,0.0,10946,585,89012
18,89615,1619,1.0,10947,585,89030
11,89626,1619,0.0,10948,585,89041
8,89634,1619,0.0,10949,585,89049
4,89638,1619,0.0,10950,585,89053
2,89640,1619,0.0,10951,585,89055
8,89648,1619,0.0,10952,585,89063
10,89658,1619,0.0,10953,585,89073
8,89666,1620,1.0,10954,585,89081
16,89682,1621,1.0,10955,585,89097
8,89690,1621,0.0,10956,585,89105
5,89695,1621,0.0,10957,585,89110
10,89705,1621,0.0,10958,585,89120
6,89711,1621,0.0,10959,585,89126
8,89719,1621,0.0,10960,585,89134
8,89727,1621,0.0,10961,585,89142
8,89735,1621,0.0,10962,585,89150
9,89744,1621,0.0,10963,585,89159
25,89769,1621,0.0,10964,585,89184
8,89777,1621,0.0,10965,585,89192
4,89781,1621,0.0,10966,585,89196
2,89783,1621,0.0,10967,585,89198
12,89795,1621,0.0,10968,585,89210
5,89800,1621,0.0,10969,585,89215
3,89803,1621,0.0,10970,585,89218
3,89806,1621,0.0,10971,585,89221
3,89809,1621,0.0,10972,585,89224
3,89812,1621,0.0,10973,585,89227
4,89816,1621,0.0,10974,585,89231
8,89824,1621,0.0,10975,585,89239
2,89826,1621,0.0,10976,585,89241
8,89834,1621,0.0,10977,585,89249
8,89842,1621,0.0,10978,585,89257
8,89850,1621,0.0,10979,585,89265
6,89856,1621,0.0,10980,585,89271
5,89861,1621,0.0,10981,585,89276
8,89869,1621,0.0,10982,585,89284
8,89877,1622,1.0,10983,585,89292
14,89891,1622,0.0,10984,585,89306
9,89900,1622,0.0,10985,585,89315
3,89903,1622,0.0,10986,585,89318
8,89911,1622,0.0,10987,585,89326
4,89915,1622,0.0,10988,585,89330
8,89923,1623,1.0,10989,585,89338
9,89932,1623,0.0,10990,585,89347
8,89940,1623,0.0,10991,585,89355
8,89948,1624,1.0,10992,585,89363
4,89952,1624,0.0,10993,585,89367
5,89957,1624,0.0,10994,585,89372
8,89965,1624,0.0,10995,585,89380
14,89979,1624,0.0,10996,585,89394
4,89983,1624,0.0,10997,585,89398
2,89985,1624,0.0,10998,585,89400
8,89993,1625,1.0,10999,585,89408
4,89997,1625,0.0,11000,585,89412
11,90008,1625,0.0,11001,585,89423
25,90033,1625,0.0,11002,585,89448
16,90049,1625,0.0,11003,585,89464
11,90060,1625,0.0,11004,585,89475
11,90071,1625,0.0,11005,585,89486
4,90075,1625,0.0,11006,585,89490
9,90084,1625,0.0,11007,585,89499
13,90097,1625,0.0,11008,585,89512
10,90107,1625,0.0,11009,585,89522
6,90113,1625,0.0,11010,585,89528
8,90121,1625,0.0,11011,585,89536
8,90129,1625,0.0,11012,585,89544
15,90144,1625,0.0,11013,585,89559
8,90152,1625,0.0,11014,585,89567
4,90156,1625,0.0,11015,585,89571
4,90160,1625,0.0,11016,585,89575
8,90168,1626,1.0,11017,585,89583
8,90176,1626,0.0,11018,585,89591
9,90185,1626,0.0,11019,585,89600
12,90197,1626,0.0,11020,585,89612
6,90203,1626,0.0,11021,585,89618
4,90207,1626,0.0,11022,585,89622
3,90210,1626,0.0,11023,585,89625
4,90214,1626,0.0,11024,585,89629
13,90227,1626,0.0,11025,585,89642
16,90243,1626,0.0,11026,585,89658
11,90254,1626,0.0,11027,585,89669
20,90274,1627,1.0,11028,585,89689
39,90313,1627,0.0,11029,585,89728
6,90319,1627,0.0,11030,585,89734
11,90330,1627,0.0,11031,585,89745
16,90346,1628,1.0,11032,585,89761
18,90364,1628,0.0,11033,585,89779
14,90378,1628,0.0,11034,585,89793
18,90396,1629,1.0,11035,585,89811
6,90402,1629,0.0,11036,585,89817
8,90410,1629,0.0,11037,585,89825
9,90419,1629,0.0,11038,585,89834
8,90427,1629,0.0,11039,585,89842
8,90435,1629,0.0,11040,585,89850
8,90443,1629,0.0,11041,585,89858
4,90447,1629,0.0,11042,585,89862
8,90455,1629,0.0,11043,585,89870
3,90458,1629,0.0,11044,585,89873
2,90460,1629,0.0,11045,585,89875
8,90468,1629,0.0,11046,585,89883
9,90477,1629,0.0,11047,585,89892
8,90485,1629,0.0,11048,585,89900
6,90491,1629,0.0,11049,585,89906
2,90493,1629,0.0,11050,585,89908
8,90501,1630,1.0,11051,585,89916
6,90507,1630,0.0,11052,585,89922
7,90514,1630,0.0,11053,585,89929
2,90516,1630,0.0,11054,585,89931
16,90532,1631,1.0,11055,585,89947
8,90540,1632,1.0,11056,585,89955
9,90549,1632,0.0,11057,585,89964
8,90557,1632,0.0,11058,585,89972
8,90565,1633,1.0,11059,585,89980
10,90575,1633,0.0,11060,585,89990
9,90584,1633,0.0,11061,585,89999
5,90589,1633,0.0,11062,585,90004
4,90593,1633,0.0,11063,585,90008
14,90607,1633,0.0,11064,585,90022
8,90615,1634,1.0,11065,585,90030
4,90619,1634,0.0,11066,585,90034
7,90626,1634,0.0,11067,585,90041
9,90635,1634,0.0,11068,585,90050
8,90643,1634,0.0,11069,585,90058
8,90651,1635,1.0,11070,585,90066
6,90657,1635,0.0,11071,585,90072
16,90673,1636,1.0,11072,585,90088
10,90683,1636,0.0,11073,585,90098
9,90692,1636,0.0,11074,585,90107
33,90725,1636,0.0,11075,585,90140
9,90734,1636,0.0,11076,585,90149
18,90752,1637,1.0,11077,585,90167
8,90760,1637,0.0,11078,585,90175
16,90776,1638,1.0,11079,585,90191
16,90792,1638,0.0,11080,585,90207
29,90821,1639,1.0,11081,585,90236
8,90829,1639,0.0,11082,585,90244
9,90838,1639,0.0,11083,585,90253
5,90843,1639,0.0,11084,585,90258
6,90849,1639,0.0,11085,585,90264
2,90851,1639,0.0,11086,585,90266
16,90867,1640,1.0,11087,585,90282
9,90876,1640,0.0,11088,585,90291
10,90886,1640,0.0,11089,585,90301
18,90904,1641,1.0,11090,585,90319
8,90912,1641,0.0,11091,585,90327
11,90923,1641,0.0,11092,585,90338
8,90931,1641,0.0,11093,585,90346
4,90935,1641,0.0,11094,585,90350
9,90944,1641,0.0,11095,585,90359
9,90953,1641,0.0,11096,585,90368
2,90955,1641,0.0,11097,585,90370
6,90961,1641,0.0,11098,585,90376
20,90981,1642,1.0,11099,585,90396
29,91010,1643,1.0,11100,585,90425
5,91015,1643,0.0,11101,585,90430
8,91023,1643,0.0,11102,585,90438
4,91027,1643,0.0,11103,585,90442
2,91029,1643,0.0,11104,585,90444
3,91032,1643,0.0,11105,585,90447
8,91040,1643,0.0,11106,585,90455
9,91049,1643,0.0,11107,585,90464
8,91057,1643,0.0,11108,585,90472
8,91065,1643,0.0,11109,585,90480
12,91077,1643,0.0,11110,585,90492
4,91081,1643,0.0,11111,585,90496
3,91084,1643,0.0,11112,585,90499
4,91088,1643,0.0,11113,585,90503
9,91097,1643,0.0,11114,585,90512
8,91105,1643,0.0,11115,585,90520
12,91117,1643,0.0,11116,585,90532
14,91131,1643,0.0,11117,585,90546
3,91134,1643,0.0,11118,585,90549
2,91136,1643,0.0,11119,585,90551
8,91144,1643,0.0,11120,585,90559
8,91152,1643,0.0,11121,585,90567
9,91161,1643,0.0,11122,585,90576
8,91169,1643,0.0,11123,585,90584
3,91172,1643,0.0,11124,585,90587
4,91176,1643,0.0,11125,585,90591
2,91178,1643,0.0,11126,585,90593
12,91190,1643,0.0,11127,585,90605
11,91201,1643,0.0,11128,585,90616
8,91209,1644,1.0,11129,585,90624
2,91211,1644,0.0,11130,585,90626
6,91217,1644,0.0,11131,585,90632
9,91226,1644,0.0,11132,585,90641
15,91241,1644,0.0,11133,585,90656
8,91249,1645,1.0,11134,585,90664
5,91254,1645,0.0,11135,585,90669
3,91257,1645,0.0,11136,585,90672
8,91265,1645,0.0,11137,585,90680
4,91269,1645,0.0,11138,585,90684
8,91277,1645,0.0,11139,585,90692
3,91280,1645,0.0,11140,585,90695
2,91282,1645,0.0,11141,585,90697
8,91290,1645,0.0,11142,585,90705
9,91299,1645,0.0,11143,585,90714
2,91301,1645,0.0,11144,585,90716
6,91307,1645,0.0,11145,585,90722
4,91311,1645,0.0,11146,585,90726
6,91317,1645,0.0,11147,585,90732
4,91321,1645,0.0,11148,585,90736
2,91323,1645,0.0,11149,585,90738
3,91326,1645,0.0,11150,585,90741
4,91330,1645,0.0,11151,585,90745
9,91339,1645,0.0,11152,585,90754
8,91347,1645,0.0,11153,585,90762
8,91355,1645,0.0,11154,585,90770
9,91364,1645,0.0,11155,585,90779
18,91382,1646,1.0,11156,585,90797
8,91390,1647,1.0,11157,585,90805
3,91393,1647,0.0,11158,585,90808
11,91404,1647,0.0,11159,585,90819
8,91412,1647,0.0,11160,585,90827
3,91415,1647,0.0,11161,585,90830
5,91420,1647,0.0,11162,585,90835
8,91428,1648,1.0,11163,585,90843
4,91432,1648,0.0,11164,585,90847
5,91437,1648,0.0,11165,585,90852
8,91445,1649,1.0,11166,585,90860
8,91453,1649,0.0,11167,585,90868
3,91456,1649,0.0,11168,585,90871
9,91465,1649,0.0,11169,585,90880
9,91474,1649,0.0,11170,585,90889
9,91483,1649,0.0,11171,585,90898
29,91512,1650,1.0,11172,585,90927
9,91521,1650,0.0,11173,585,90936
6,91527,1650,0.0,11174,585,90942
14,91541,1650,0.0,11175,585,90956
4,91545,1650,0.0,11176,585,90960
6,91551,1650,0.0,11177,585,90966
9,91560,1650,0.0,11178,585,90975
25,91585,1650,0.0,11179,585,91000
3,91588,1650,0.0,11180,585,91003
5,91593,1650,0.0,11181,585,91008
8,91601,1650,0.0,11182,585,91016
8,91609,1650,0.0,11183,585,91024
9,91618,1650,0.0,11184,585,91033
8,91626,1650,0.0,11185,585,91041
5,91631,1650,0.0,11186,585,91046
8,91639,1650,0.0,11187,585,91054
2,91641,1650,0.0,11188,585,91056
30,91671,1650,0.0,11189,585,91086
8,91679,1650,0.0,11190,585,91094
8,91687,1650,0.0,11191,585,91102
10,91697,1650,0.0,11192,585,91112
8,91705,1650,0.0,11193,585,91120
2,91707,1650,0.0,11194,585,91122
2,91709,1650,0.0,11195,585,91124
8,91717,1650,0.0,11196,585,91132
9,91726,1650,0.0,11197,585,91141
8,91734,1650,0.0,11198,585,91149
5,91739,1650,0.0,11199,585,91154
8,91747,1650,0.0,11200,585,91162
8,91755,1650,0.0,11201,585,91170
3,91758,1650,0.0,11202,585,91173
3,91761,1650,0.0,11203,585,91176
4,91765,1650,0.0,11204,585,91180
9,91774,1650,0.0,11205,585,91189
12,91786,1650,0.0,11206,585,91201
9,91795,1650,0.0,11207,585,91210
5,91800,1650,0.0,11208,585,91215
8,91808,1651,1.0,11209,585,91223
8,91816,1651,0.0,11210,585,91231
8,91824,1651,0.0,11211,585,91239
8,91832,1651,0.0,11212,585,91247
9,91841,1651,0.0,11213,585,91256
7,91848,1651,0.0,11214,585,91263
13,91861,1651,0.0,11215,585,91276
7,91868,1651,0.0,11216,585,91283
26,91894,1651,0.0,11217,585,91309
9,91903,1651,0.0,11218,585,91318
10,91913,1651,0.0,11219,585,91328
29,91942,1652,1.0,11220,585,91357
3,91945,1652,0.0,11221,585,91360
2,91947,1652,0.0,11222,585,91362
6,91953,1652,0.0,11223,585,91368
8,91961,1653,1.0,11224,585,91376
8,91969,1654,1.0,11225,585,91384
3,91972,1654,0.0,11226,585,91387
8,91980,1654,0.0,11227,585,91395
2,91982,1654,0.0,11228,585,91397
7,91989,1654,0.0,11229,585,91404
18,92007,1655,1.0,11230,585,91422
4,92011,1655,0.0,11231,585,91426
3,92014,1655,0.0,11232,585,91429
2,92016,1655,0.0,11233,585,91431
5,92021,1655,0.0,11234,585,91436
9,92030,1655,0.0,11235,585,91445
4,92034,1655,0.0,11236,585,91449
4,92038,1655,0.0,11237,585,91453
9,92047,1655,0.0,11238,585,91462
8,92055,1655,0.0,11239,585,91470
8,92063,1655,0.0,11240,585,91478
11,92074,1655,0.0,11241,585,91489
8,92082,1655,0.0,11242,585,91497
6,92088,1655,0.0,11243,585,91503
4,92092,1655,0.0,11244,585,91507
8,92100,1655,0.0,11245,585,91515
2,92102,1655,0.0,11246,585,91517
9,92111,1655,0.0,11247,585,91526
9,92120,1655,0.0,11248,585,91535
20,92140,1656,1.0,11249,585,91555
8,92148,1657,1.0,11250,585,91563
9,92157,1657,0.0,11251,585,91572
8,92165,1657,0.0,11252,585,91580
8,92173,1657,0.0,11253,585,91588
5,92178,1657,0.0,11254,585,91593
21,92199,1657,0.0,11255,585,91614
8,92207,1658,1.0,11256,585,91622
29,92236,1659,1.0,11257,585,91651
11,92247,1659,0.0,11258,585,91662
8,92255,1660,1.0,11259,585,91670
8,92263,1661,1.0,11260,585,91678
8,92271,1662,1.0,11261,585,91686
8,92279,1662,0.0,11262,585,91694
8,92287,1662,0.0,11263,585,91702
8,92295,1662,0.0,11264,585,91710
2,92297,1662,0.0,11265,585,91712
8,92305,1663,1.0,11266,585,91720
2,92307,1663,0.0,11267,585,91722
3,92310,1663,0.0,11268,585,91725
3,92313,1663,0.0,11269,585,91728
3,92316,1663,0.0,11270,585,91731
4,92320,1663,0.0,11271,585,91735
9,92329,1663,0.0,11272,585,91744
43,92372,1663,0.0,11273,585,91787
2,92374,1663,0.0,11274,585,91789
19,92393,1663,0.0,11275,585,91808
4,92397,1663,0.0,11276,585,91812
4,92401,1663,0.0,11277,585,91816
8,92409,1663,0.0,11278,585,91824
8,92417,1663,0.0,11279,585,91832
8,92425,1663,0.0,11280,585,91840
2,92427,1663,0.0,11281,585,91842
29,92456,1664,1.0,11282,585,91871
7,92463,1664,0.0,11283,585,91878
9,92472,1664,0.0,11284,585,91887
8,92480,1665,1.0,11285,585,91895
8,92488,1665,0.0,11286,585,91903
3,92491,1665,0.0,11287,585,91906
4,92495,1665,0.0,11288,585,91910
2,92497,1665,0.0,11289,585,91912
9,92506,1665,0.0,11290,585,91921
8,92514,1666,1.0,11291,585,91929
10,92524,1666,0.0,11292,585,91939
9,92533,1666,0.0,11293,585,91948
9,92542,1666,0.0,11294,585,91957
8,92550,1666,0.0,11295,585,91965
8,92558,1667,1.0,11296,585,91973
2,92560,1667,0.0,11297,585,91975
11,92571,1667,0.0,11298,585,91986
2,92573,1667,0.0,11299,585,91988
9,92582,1667,0.0,11300,585,91997
7,92589,1667,0.0,11301,585,92004
3,92592,1667,0.0,11302,585,92007
6,92598,1667,0.0,11303,585,92013
6,92604,1667,0.0,11304,585,92019
13,92617,1667,0.0,11305,585,92032
6,92623,1667,0.0,11306,585,92038
29,92652,1668,1.0,11307,585,92067
8,92660,1669,1.0,11308,585,92075
15,92675,1669,0.0,11309,585,92090
8,92683,1670,1.0,11310,585,92098
8,92691,1670,0.0,11311,585,92106
3,92694,1670,0.0,11312,585,92109
4,92698,1670,0.0,11313,585,92113
9,92707,1670,0.0,11314,585,92122
2,92709,1670,0.0,11315,585,92124
29,92738,1671,1.0,11316,585,92153
8,92746,1672,1.0,11317,585,92161
8,92754,1673,1.0,11318,585,92169
17,92771,1673,0.0,11319,585,92186
10,92781,1673,0.0,11320,585,92196
3,92784,1673,0.0,11321,585,92199
5,92789,1673,0.0,11322,585,92204
4,92793,1673,0.0,11323,585,92208
9,92802,1673,0.0,11324,585,92217
2,92804,1673,0.0,11325,585,92219
18,92822,1673,0.0,11326,585,92237
4,92826,1673,0.0,11327,585,92241
23,92849,1673,0.0,11328,585,92264
6,92855,1673,0.0,11329,585,92270
3,92858,1673,0.0,11330,585,92273
2,92860,1673,0.0,11331,585,92275
11,92871,1673,0.0,11332,585,92286
5,92876,1673,0.0,11333,585,92291
4,92880,1673,0.0,11334,585,92295
8,92888,1673,0.0,11335,585,92303
8,92896,1674,1.0,11336,585,92311
8,92904,1675,1.0,11337,585,92319
8,92912,1675,0.0,11338,585,92327
14,92926,1675,0.0,11339,585,92341
11,92937,1675,0.0,11340,585,92352
11,92948,1675,0.0,11341,585,92363
3,92951,1675,0.0,11342,585,92366
3,92954,1675,0.0,11343,585,92369
3,92957,1675,0.0,11344,585,92372
8,92965,1675,0.0,11345,585,92380
13,92978,1675,0.0,11346,585,92393
12,92990,1675,0.0,11347,585,92405
7,92997,1675,0.0,11348,585,92412
8,93005,1675,0.0,11349,585,92420
8,93013,1676,1.0,11350,585,92428
29,93042,1677,1.0,11351,585,92457
8,93050,1677,0.0,11352,585,92465
9,93059,1677,0.0,11353,585,92474
8,93067,1678,1.0,11354,585,92482
28,93095,1678,0.0,11355,585,92510
5,93100,1678,0.0,11356,585,92515
8,93108,1678,0.0,11357,585,92523
5,93113,1678,0.0,11358,585,92528
5,93118,1678,0.0,11359,585,92533
29,93147,1679,1.0,11360,585,92562
29,93176,1680,1.0,11361,585,92591
17,93193,1680,0.0,11362,585,92608
8,93201,1681,1.0,11363,585,92616
9,93210,1681,0.0,11364,585,92625
8,93218,1681,0.0,11365,585,92633
9,93227,1681,0.0,11366,585,92642
10,93237,1681,0.0,11367,585,92652
8,93245,1681,0.0,11368,585,92660
20,93265,1681,0.0,11369,585,92680
8,93273,1681,0.0,11370,585,92688
8,93281,1681,0.0,11371,585,92696
8,93289,1681,0.0,11372,585,92704
2,93291,1681,0.0,11373,585,92706
8,93299,1681,0.0,11374,585,92714
18,93317,1682,1.0,11375,585,92732
8,93325,1682,0.0,11376,585,92740
8,93333,1682,0.0,11377,585,92748
9,93342,1682,0.0,11378,585,92757
3,93345,1682,0.0,11379,585,92760
9,93354,1682,0.0,11380,585,92769
9,93363,1682,0.0,11381,585,92778
6,93369,1682,0.0,11382,585,92784
12,93381,1682,0.0,11383,585,92796
4,93385,1682,0.0,11384,585,92800
2,93387,1682,0.0,11385,585,92802
3,93390,1682,0.0,11386,585,92805
8,93398,1683,1.0,11387,585,92813
4,93402,1683,0.0,11388,585,92817
2,93404,1683,0.0,11389,585,92819
8,93412,1684,1.0,11390,585,92827
4,93416,1684,0.0,11391,585,92831
8,93424,1685,1.0,11392,585,92839
8,93432,1685,0.0,11393,585,92847
2,93434,1685,0.0,11394,585,92849
8,93442,1685,0.0,11395,585,92857
17,93459,1685,0.0,11396,585,92874
8,93467,1685,0.0,11397,585,92882
8,93475,1686,1.0,11398,585,92890
3,93478,1686,0.0,11399,585,92893
17,93495,1686,0.0,11400,585,92910
8,93503,1686,0.0,11401,585,92918
8,93511,1686,0.0,11402,585,92926
2,93513,1686,0.0,11403,585,92928
8,93521,1686,0.0,11404,585,92936
3,93524,1686,0.0,11405,585,92939
11,93535,1686,0.0,11406,585,92950
8,93543,1686,0.0,11407,585,92958
9,93552,1686,0.0,11408,585,92967
8,93560,1686,0.0,11409,585,92975
14,93574,1686,0.0,11410,585,92989
9,93583,1686,0.0,11411,585,92998
2,93585,1686,0.0,11412,585,93000
16,93601,1686,0.0,11413,585,93016
8,93609,1686,0.0,11414,585,93024
2,93611,1686,0.0,11415,585,93026
8,93619,1686,0.0,11416,585,93034
3,93622,1686,0.0,11417,585,93037
5,93627,1686,0.0,11418,585,93042
11,93638,1686,0.0,11419,585,93053
3,93641,1686,0.0,11420,585,93056
2,93643,1686,0.0,11421,585,93058
7,93650,1686,0.0,11422,585,93065
8,93658,1686,0.0,11423,585,93073
4,93662,1686,0.0,11424,585,93077
3,93665,1686,0.0,11425,585,93080
2,93667,1686,0.0,11426,585,93082
5,93672,1686,0.0,11427,585,93087
2,93674,1686,0.0,11428,585,93089
3,93677,1686,0.0,11429,585,93092
18,93695,1686,0.0,11430,585,93110
8,93703,1686,0.0,11431,585,93118
9,93712,1686,0.0,11432,585,93127
11,93723,1686,0.0,11433,585,93138
8,93731,1687,1.0,11434,585,93146
8,93739,1687,0.0,11435,585,93154
2,93741,1687,0.0,11436,585,93156
18,93759,1688,1.0,11437,585,93174
8,93767,1689,1.0,11438,585,93182
2,93769,1689,0.0,11439,585,93184
6,93775,1689,0.0,11440,585,93190
2,93777,1689,0.0,11441,585,93192
16,93793,1690,1.0,11442,585,93208
3,93796,1690,0.0,11443,585,93211
8,93804,1691,1.0,11444,585,93219
16,93820,1691,0.0,11445,585,93235
3,93823,1691,0.0,11446,585,93238
8,93831,1692,1.0,11447,585,93246
6,93837,1692,0.0,11448,585,93252
9,93846,1692,0.0,11449,585,93261
2,93848,1692,0.0,11450,585,93263
8,93856,1693,1.0,11451,585,93271
8,93864,1693,0.0,11452,585,93279
5,93869,1693,0.0,11453,585,93284
12,93881,1693,0.0,11454,585,93296
3,93884,1693,0.0,11455,585,93299
29,93913,1694,1.0,11456,585,93328
8,93921,1695,1.0,11457,585,93336
6,93927,1695,0.0,11458,585,93342
2,93929,1695,0.0,11459,585,93344
3,93932,1695,0.0,11460,585,93347
29,93961,1696,1.0,11461,585,93376
10,93971,1696,0.0,11462,585,93386
2,93973,1696,0.0,11463,585,93388
8,93981,1696,0.0,11464,585,93396
8,93989,1696,0.0,11465,585,93404
3,93992,1696,0.0,11466,585,93407
8,94000,1696,0.0,11467,585,93415
8,94008,1696,0.0,11468,585,93423
9,94017,1696,0.0,11469,585,93432
4,94021,1696,0.0,11470,585,93436
3,94024,1696,0.0,11471,585,93439
8,94032,1696,0.0,11472,585,93447
6,94038,1696,0.0,11473,585,93453
9,94047,1696,0.0,11474,585,93462
18,94065,1697,1.0,11475,585,93480
5,94070,1697,0.0,11476,585,93485
2,94072,1697,0.0,11477,585,93487
2,94074,1697,0.0,11478,585,93489
5,94079,1697,0.0,11479,585,93494
3,94082,1697,0.0,11480,585,93497
2,94084,1697,0.0,11481,585,93499
16,94100,1698,1.0,11482,585,93515
12,94112,1698,0.0,11483,585,93527
21,94133,1698,0.0,11484,585,93548
8,94141,1699,1.0,11485,585,93556
14,94155,1699,0.0,11486,585,93570
8,94163,1699,0.0,11487,585,93578
6,94169,1699,0.0,11488,585,93584
7,94176,1699,0.0,11489,585,93591
8,94184,1699,0.0,11490,585,93599
19,94203,1699,0.0,11491,585,93618
5,94208,1699,0.0,11492,585,93623
8,94216,1700,1.0,11493,585,93631
8,94224,1700,0.0,11494,585,93639
8,94232,1700,0.0,11495,585,93647
7,94239,1700,0.0,11496,585,93654
8,94247,1701,1.0,11497,585,93662
8,94255,1701,0.0,11498,585,93670
9,94264,1701,0.0,11499,585,93679
8,94272,1701,0.0,11500,585,93687
29,94301,1702,1.0,11501,585,93716
9,94310,1702,0.0,11502,585,93725
4,94314,1702,0.0,11503,585,93729
8,94322,1702,0.0,11504,585,93737
2,94324,1702,0.0,11505,585,93739
4,94328,1702,0.0,11506,585,93743
8,94336,1703,1.0,11507,585,93751
4,94340,1703,0.0,11508,585,93755
6,94346,1703,0.0,11509,585,93761
5,94351,1703,0.0,11510,585,93766
4,94355,1703,0.0,11511,585,93770
15,94370,1703,0.0,11512,585,93785
9,94379,1703,0.0,11513,585,93794
3,94382,1703,0.0,11514,585,93797
15,94397,1703,0.0,11515,585,93812
2,94399,1703,0.0,11516,585,93814
29,94428,1704,1.0,11517,585,93843
4,94432,1704,0.0,11518,585,93847
8,94440,1704,0.0,11519,585,93855
8,94448,1704,0.0,11520,585,93863
11,94459,1704,0.0,11521,585,93874
2,94461,1704,0.0,11522,585,93876
6,94467,1704,0.0,11523,585,93882
23,94490,1704,0.0,11524,585,93905
18,94508,1705,1.0,11525,585,93923
8,94516,1705,0.0,11526,585,93931
9,94525,1705,0.0,11527,585,93940
9,94534,1705,0.0,11528,585,93949
8,94542,1705,0.0,11529,585,93957
4,94546,1705,0.0,11530,585,93961
2,94548,1705,0.0,11531,585,93963
2,94550,1705,0.0,11532,585,93965
20,94570,1705,0.0,11533,585,93985
13,94583,1705,0.0,11534,585,93998
14,94597,1705,0.0,11535,585,94012
12,94609,1705,0.0,11536,585,94024
4,94613,1705,0.0,11537,585,94028
9,94622,1705,0.0,11538,585,94037
8,94630,1706,1.0,11539,585,94045
8,94638,1706,0.0,11540,585,94053
8,94646,1706,0.0,11541,585,94061
12,94658,1706,0.0,11542,585,94073
9,94667,1706,0.0,11543,585,94082
16,94683,1707,1.0,11544,585,94098
12,94695,1707,0.0,11545,585,94110
9,94704,1707,0.0,11546,585,94119
4,94708,1707,0.0,11547,585,94123
8,94716,1708,1.0,11548,585,94131
8,94724,1709,1.0,11549,585,94139
8,94732,1709,0.0,11550,585,94147
5,94737,1709,0.0,11551,585,94152
9,94746,1709,0.0,11552,585,94161
17,94763,1709,0.0,11553,585,94178
8,94771,1709,0.0,11554,585,94186
5,94776,1709,0.0,11555,585,94191
8,94784,1710,1.0,11556,585,94199
9,94793,1710,0.0,11557,585,94208
8,94801,1710,0.0,11558,585,94216
8,94809,1710,0.0,11559,585,94224
9,94818,1710,0.0,11560,585,94233
3,94821,1710,0.0,11561,585,94236
4,94825,1710,0.0,11562,585,94240
8,94833,1710,0.0,11563,585,94248
5,94838,1710,0.0,11564,585,94253
13,94851,1710,0.0,11565,585,94266
4,94855,1710,0.0,11566,585,94270
8,94863,1710,0.0,11567,585,94278
5,94868,1710,0.0,11568,585,94283
6,94874,1710,0.0,11569,585,94289
9,94883,1710,0.0,11570,585,94298
13,94896,1710,0.0,11571,585,94311
7,94903,1710,0.0,11572,585,94318
5,94908,1710,0.0,11573,585,94323
8,94916,1711,1.0,11574,585,94331
8,94924,1711,0.0,11575,585,94339
9,94933,1711,0.0,11576,585,94348
9,94942,1711,0.0,11577,585,94357
4,94946,1711,0.0,11578,585,94361
8,94954,1712,1.0,11579,585,94369
16,94970,1713,1.0,11580,585,94385
2,94972,1713,0.0,11581,585,94387
16,94988,1714,1.0,11582,585,94403
16,95004,1715,1.0,11583,585,94419
3,95007,1715,0.0,11584,585,94422
3,95010,1715,0.0,11585,585,94425
6,95016,1715,0.0,11586,585,94431
12,95028,1715,0.0,11587,585,94443
4,95032,1715,0.0,11588,585,94447
4,95036,1715,0.0,11589,585,94451
8,95044,1715,0.0,11590,585,94459
2,95046,1715,0.0,11591,585,94461
8,95054,1715,0.0,11592,585,94469
6,95060,1715,0.0,11593,585,94475
5,95065,1715,0.0,11594,585,94480
14,95079,1715,0.0,11595,585,94494
8,95087,1715,0.0,11596,585,94502
4,95091,1715,0.0,11597,585,94506
8,95099,1716,1.0,11598,585,94514
8,95107,1717,1.0,11599,585,94522
5,95112,1717,0.0,11600,585,94527
8,95120,1717,0.0,11601,585,94535
9,95129,1717,0.0,11602,585,94544
8,95137,1717,0.0,11603,585,94552
2,95139,1717,0.0,11604,585,94554
3,95142,1717,0.0,11605,585,94557
9,95151,1717,0.0,11606,585,94566
4,95155,1717,0.0,11607,585,94570
8,95163,1717,0.0,11608,585,94578
26,95189,1717,0.0,11609,585,94604
10,95199,1717,0.0,11610,585,94614
19,95218,1717,0.0,11611,585,94633
8,95226,1717,0.0,11612,585,94641
4,95230,1717,0.0,11613,585,94645
2,95232,1717,0.0,11614,585,94647
4,95236,1717,0.0,11615,585,94651
9,95245,1717,0.0,11616,585,94660
8,95253,1717,0.0,11617,585,94668
6,95259,1717,0.0,11618,585,94674
3,95262,1717,0.0,11619,585,94677
10,95272,1717,0.0,11620,585,94687
3,95275,1717,0.0,11621,585,94690
8,95283,1717,0.0,11622,585,94698
5,95288,1717,0.0,11623,585,94703
7,95295,1717,0.0,11624,585,94710
13,95308,1717,0.0,11625,585,94723
5,95313,1717,0.0,11626,585,94728
8,95321,1718,1.0,11627,585,94736
3,95324,1718,0.0,11628,585,94739
6,95330,1718,0.0,11629,585,94745
9,95339,1718,0.0,11630,585,94754
3,95342,1718,0.0,11631,585,94757
6,95348,1718,0.0,11632,585,94763
9,95357,1718,0.0,11633,585,94772
8,95365,1719,1.0,11634,585,94780
6,95371,1719,0.0,11635,585,94786
2,95373,1719,0.0,11636,585,94788
8,95381,1719,0.0,11637,585,94796
9,95390,1719,0.0,11638,585,94805
2,95392,1719,0.0,11639,585,94807
8,95400,1720,1.0,11640,585,94815
8,95408,1721,1.0,11641,585,94823
3,95411,1721,0.0,11642,585,94826
16,95427,1722,1.0,11643,585,94842
8,95435,1723,1.0,11644,585,94850
9,95444,1723,0.0,11645,585,94859
7,95451,1723,0.0,11646,585,94866
8,95459,1723,0.0,11647,585,94874
5,95464,1723,0.0,11648,585,94879
29,95493,1724,1.0,11649,585,94908
2,95495,1724,0.0,11650,585,94910
8,95503,1725,1.0,11651,585,94918
16,95519,1726,1.0,11652,585,94934
7,95526,1726,0.0,11653,585,94941
2,95528,1726,0.0,11654,585,94943
8,95536,1726,0.0,11655,585,94951
6,95542,1726,0.0,11656,585,94957
11,95553,1726,0.0,11657,585,94968
5,95558,1726,0.0,11658,585,94973
5,95563,1726,0.0,11659,585,94978
3,95566,1726,0.0,11660,585,94981
2,95568,1726,0.0,11661,585,94983
8,95576,1727,1.0,11662,585,94991
17,95593,1727,0.0,11663,585,95008
9,95602,1727,0.0,11664,585,95017
8,95610,1727,0.0,11665,585,95025
8,95618,1727,0.0,11666,585,95033
8,95626,1728,1.0,11667,585,95041
8,95634,1729,1.0,11668,585,95049
5,95639,1729,0.0,11669,585,95054
3,95642,1729,0.0,11670,585,95057
8,95650,1730,1.0,11671,585,95065
8,95658,1730,0.0,11672,585,95073
8,95666,1731,1.0,11673,585,95081
6,95672,1731,0.0,11674,585,95087
8,95680,1732,1.0,11675,585,95095
10,95690,1732,0.0,11676,585,95105
8,95698,1733,1.0,11677,585,95113
8,95706,1734,1.0,11678,585,95121
3,95709,1734,0.0,11679,585,95124
8,95717,1734,0.0,11680,585,95132
18,95735,1735,1.0,11681,585,95150
16,95751,1736,1.0,11682,585,95166
2,95753,1736,0.0,11683,585,95168
10,95763,1736,0.0,11684,585,95178
8,95771,1736,0.0,11685,585,95186
4,95775,1736,0.0,11686,585,95190
5,95780,1736,0.0,11687,585,95195
7,95787,1736,0.0,11688,585,95202
8,95795,1736,0.0,11689,585,95210
7,95802,1736,0.0,11690,585,95217
3,95805,1736,0.0,11691,585,95220
20,95825,1737,1.0,11692,585,95240
9,95834,1737,0.0,11693,585,95249
4,95838,1737,0.0,11694,585,95253
3,95841,1737,0.0,11695,585,95256
9,95850,1737,0.0,11696,585,95265
4,95854,1737,0.0,11697,585,95269
8,95862,1737,0.0,11698,585,95277
9,95871,1737,0.0,11699,585,95286
4,95875,1737,0.0,11700,585,95290
8,95883,1737,0.0,11701,585,95298
8,95891,1737,0.0,11702,585,95306
7,95898,1737,0.0,11703,585,95313
14,95912,1737,0.0,11704,585,95327
43,95955,1738,1.0,11705,585,95370
9,95964,1738,0.0,11706,585,95379
29,95993,1739,1.0,11707,585,95408
29,96022,1740,1.0,11708,585,95437
7,96029,1740,0.0,11709,585,95444
9,96038,1740,0.0,11710,585,95453
8,96046,1740,0.0,11711,585,95461
16,96062,1741,1.0,11712,585,95477
4,96066,1741,0.0,11713,585,95481
3,96069,1741,0.0,11714,585,95484
2,96071,1741,0.0,11715,585,95486
8,96079,1742,1.0,11716,585,95494
11,96090,1742,0.0,11717,585,95505
4,96094,1742,0.0,11718,585,95509
8,96102,1742,0.0,11719,585,95517
8,96110,1743,1.0,11720,585,95525
8,96118,1743,0.0,11721,585,95533
7,96125,1743,0.0,11722,585,95540
29,96154,1744,1.0,11723,585,95569
8,96162,1744,0.0,11724,585,95577
2,96164,1744,0.0,11725,585,95579
8,96172,1744,0.0,11726,585,95587
8,96180,1744,0.0,11727,585,95595
7,96187,1744,0.0,11728,585,95602
2,96189,1744,0.0,11729,585,95604
21,96210,1744,0.0,11730,585,95625
11,96221,1744,0.0,11731,585,95636
6,96227,1744,0.0,11732,585,95642
8,96235,1744,0.0,11733,585,95650
2,96237,1744,0.0,11734,585,95652
8,96245,1745,1.0,11735,585,95660
8,96253,1745,0.0,11736,585,95668
2,96255,1745,0.0,11737,585,95670
9,96264,1745,0.0,11738,585,95679
8,96272,1746,1.0,11739,585,95687
10,96282,1746,0.0,11740,585,95697
16,96298,1747,1.0,11741,585,95713
5,96303,1747,0.0,11742,585,95718
10,96313,1747,0.0,11743,585,95728
8,96321,1748,1.0,11744,585,95736
8,96329,1748,0.0,11745,585,95744
4,96333,1748,0.0,11746,585,95748
20,96353,1749,1.0,11747,585,95768
2,96355,1749,0.0,11748,585,95770
8,96363,1749,0.0,11749,585,95778
6,96369,1749,0.0,11750,585,95784
10,96379,1749,0.0,11751,585,95794
3,96382,1749,0.0,11752,585,95797
9,96391,1749,0.0,11753,585,95806
9,96400,1749,0.0,11754,585,95815
7,96407,1749,0.0,11755,585,95822
13,96420,1749,0.0,11756,585,95835
6,96426,1749,0.0,11757,585,95841
5,96431,1749,0.0,11758,585,95846
3,96434,1749,0.0,11759,585,95849
16,96450,1750,1.0,11760,585,95865
2,96452,1750,0.0,11761,585,95867
30,96482,1750,0.0,11762,585,95897
8,96490,1750,0.0,11763,585,95905
9,96499,1750,0.0,11764,585,95914
4,96503,1750,0.0,11765,585,95918
9,96512,1750,0.0,11766,585,95927
20,96532,1751,1.0,11767,585,95947
6,96538,1751,0.0,11768,585,95953
19,96557,1751,0.0,11769,585,95972
26,96583,1751,0.0,11770,585,95998
10,96593,1751,0.0,11771,585,96008
2,96595,1751,0.0,11772,585,96010
9,96604,1751,0.0,11773,585,96019
13,96617,1751,0.0,11774,585,96032
8,96625,1752,1.0,11775,585,96040
14,96639,1752,0.0,11776,585,96054
8,96647,1753,1.0,11777,585,96062
8,96655,1753,0.0,11778,585,96070
3,96658,1753,0.0,11779,585,96073
8,96666,1754,1.0,11780,585,96081
6,96672,1754,0.0,11781,585,96087
15,96687,1754,0.0,11782,585,96102
14,96701,1754,0.0,11783,585,96116
2,96703,1754,0.0,11784,585,96118
5,96708,1754,0.0,11785,585,96123
16,96724,1754,0.0,11786,585,96139
8,96732,1754,0.0,11787,585,96147
16,96748,1755,1.0,11788,585,96163
8,96756,1756,1.0,11789,585,96171
3,96759,1756,0.0,11790,585,96174
8,96767,1756,0.0,11791,585,96182
8,96775,1757,1.0,11792,585,96190
8,96783,1757,0.0,11793,585,96198
8,96791,1758,1.0,11794,585,96206
21,96812,1758,0.0,11795,585,96227
6,96818,1758,0.0,11796,585,96233
8,96826,1758,0.0,11797,585,96241
4,96830,1758,0.0,11798,585,96245
5,96835,1758,0.0,11799,585,96250
8,96843,1758,0.0,11800,585,96258
8,96851,1758,0.0,11801,585,96266
8,96859,1758,0.0,11802,585,96274
8,96867,1758,0.0,11803,585,96282
8,96875,1758,0.0,11804,585,96290
9,96884,1758,0.0,11805,585,96299
14,96898,1758,0.0,11806,585,96313
8,96906,1758,0.0,11807,585,96321
8,96914,1758,0.0,11808,585,96329
8,96922,1758,0.0,11809,585,96337
8,96930,1759,1.0,11810,585,96345
8,96938,1759,0.0,11811,585,96353
8,96946,1759,0.0,11812,585,96361
12,96958,1759,0.0,11813,585,96373
3,96961,1759,0.0,11814,585,96376
9,96970,1759,0.0,11815,585,96385
2,96972,1759,0.0,11816,585,96387
8,96980,1759,0.0,11817,585,96395
9,96989,1759,0.0,11818,585,96404
7,96996,1759,0.0,11819,585,96411
29,97025,1760,1.0,11820,585,96440
4,97029,1760,0.0,11821,585,96444
2,97031,1760,0.0,11822,585,96446
8,97039,1760,0.0,11823,585,96454
8,97047,1760,0.0,11824,585,96462
8,97055,1760,0.0,11825,585,96470
2,97057,1760,0.0,11826,585,96472
8,97065,1760,0.0,11827,585,96480
8,97073,1760,0.0,11828,585,96488
4,97077,1760,0.0,11829,585,96492
8,97085,1760,0.0,11830,585,96500
3,97088,1760,0.0,11831,585,96503
8,97096,1760,0.0,11832,585,96511
7,97103,1760,0.0,11833,585,96518
5,97108,1760,0.0,11834,585,96523
11,97119,1760,0.0,11835,585,96534
19,97138,1760,0.0,11836,585,96553
6,97144,1760,0.0,11837,585,96559
8,97152,1760,0.0,11838,585,96567
5,97157,1760,0.0,11839,585,96572
11,97168,1760,0.0,11840,585,96583
4,97172,1760,0.0,11841,585,96587
4,97176,1760,0.0,11842,585,96591
9,97185,1760,0.0,11843,585,96600
29,97214,1761,1.0,11844,585,96629
17,97231,1761,0.0,11845,585,96646
4,97235,1761,0.0,11846,585,96650
4,97239,1761,0.0,11847,585,96654
29,97268,1762,1.0,11848,585,96683
8,97276,1763,1.0,11849,585,96691
3,97279,1763,0.0,11850,585,96694
9,97288,1763,0.0,11851,585,96703
6,97294,1763,0.0,11852,585,96709
5,97299,1763,0.0,11853,585,96714
3,97302,1763,0.0,11854,585,96717
16,97318,1764,1.0,11855,585,96733
4,97322,1764,0.0,11856,585,96737
3,97325,1764,0.0,11857,585,96740
8,97333,1764,0.0,11858,585,96748
4,97337,1764,0.0,11859,585,96752
5,97342,1764,0.0,11860,585,96757
8,97350,1764,0.0,11861,585,96765
5,97355,1764,0.0,11862,585,96770
8,97363,1765,1.0,11863,585,96778
2,97365,1765,0.0,11864,585,96780
8,97373,1766,1.0,11865,585,96788
8,97381,1766,0.0,11866,585,96796
2,97383,1766,0.0,11867,585,96798
8,97391,1766,0.0,11868,585,96806
8,97399,1766,0.0,11869,585,96814
3,97402,1766,0.0,11870,585,96817
9,97411,1766,0.0,11871,585,96826
4,97415,1766,0.0,11872,585,96830
8,97423,1767,1.0,11873,585,96838
2,97425,1767,0.0,11874,585,96840
2,97427,1767,0.0,11875,585,96842
8,97435,1768,1.0,11876,585,96850
3,97438,1768,0.0,11877,585,96853
8,97446,1768,0.0,11878,585,96861
20,97466,1768,0.0,11879,585,96881
3,97469,1768,0.0,11880,585,96884
18,97487,1769,1.0,11881,585,96902
4,97491,1769,0.0,11882,585,96906
8,97499,1769,0.0,11883,585,96914
13,97512,1769,0.0,11884,585,96927
2,97514,1769,0.0,11885,585,96929
17,97531,1769,0.0,11886,585,96946
8,97539,1769,0.0,11887,585,96954
8,97547,1769,0.0,11888,585,96962
2,97549,1769,0.0,11889,585,96964
32,97581,1769,0.0,11890,585,96996
20,97601,1770,1.0,11891,585,97016
6,97607,1770,0.0,11892,585,97022
8,97615,1770,0.0,11893,585,97030
7,97622,1770,0.0,11894,585,97037
29,97651,1771,1.0,11895,585,97066
5,97656,1771,0.0,11896,585,97071
4,97660,1771,0.0,11897,585,97075
8,97668,1771,0.0,11898,585,97083
2,97670,1771,0.0,11899,585,97085
9,97679,1771,0.0,11900,585,97094
3,97682,1771,0.0,11901,585,97097
5,97687,1771,0.0,11902,585,97102
10,97697,1771,0.0,11903,585,97112
7,97704,1771,0.0,11904,585,97119
15,97719,1771,0.0,11905,585,97134
8,97727,1771,0.0,11906,585,97142
2,97729,1771,0.0,11907,585,97144
8,97737,1771,0.0,11908,585,97152
8,97745,1772,1.0,11909,585,97160
3,97748,1772,0.0,11910,585,97163
8,97756,1772,0.0,11911,585,97171
3,97759,1772,0.0,11912,585,97174
8,97767,1772,0.0,11913,585,97182
8,97775,1773,1.0,11914,585,97190
4,97779,1773,0.0,11915,585,97194
8,97787,1773,0.0,11916,585,97202
9,97796,1773,0.0,11917,585,97211
4,97800,1773,0.0,11918,585,97215
5,97805,1773,0.0,11919,585,97220
13,97818,1773,0.0,11920,585,97233
4,97822,1773,0.0,11921,585,97237
8,97830,1773,0.0,11922,585,97245
8,97838,1774,1.0,11923,585,97253
4,97842,1774,0.0,11924,585,97257
8,97850,1774,0.0,11925,585,97265
3,97853,1774,0.0,11926,585,97268
3,97856,1774,0.0,11927,585,97271
5,97861,1774,0.0,11928,585,97276
5,97866,1774,0.0,11929,585,97281
11,97877,1774,0.0,11930,585,97292
2,97879,1774,0.0,11931,585,97294
8,97887,1774,0.0,11932,585,97302
8,97895,1775,1.0,11933,585,97310
8,97903,1775,0.0,11934,585,97318
8,97911,1776,1.0,11935,585,97326
23,97934,1776,0.0,11936,585,97349
9,97943,1776,0.0,11937,585,97358
28,97971,1776,0.0,11938,585,97386
5,97976,1776,0.0,11939,585,97391
8,97984,1777,1.0,11940,585,97399
8,97992,1778,1.0,11941,585,97407
16,98008,1779,1.0,11942,585,97423
8,98016,1779,0.0,11943,585,97431
2,98018,1779,0.0,11944,585,97433
5,98023,1779,0.0,11945,585,97438
7,98030,1779,0.0,11946,585,97445
20,98050,1780,1.0,11947,585,97465
5,98055,1780,0.0,11948,585,97470
2,98057,1780,0.0,11949,585,97472
5,98062,1780,0.0,11950,585,97477
9,98071,1780,0.0,11951,585,97486
2,98073,1780,0.0,11952,585,97488
12,98085,1780,0.0,11953,585,97500
4,98089,1780,0.0,11954,585,97504
5,98094,1780,0.0,11955,585,97509
8,98102,1780,0.0,11956,585,97517
14,98116,1780,0.0,11957,585,97531
3,98119,1780,0.0,11958,585,97534
29,98148,1781,1.0,11959,585,97563
9,98157,1781,0.0,11960,585,97572
8,98165,1781,0.0,11961,585,97580
8,98173,1782,1.0,11962,585,97588
7,98180,1782,0.0,11963,585,97595
16,98196,1782,0.0,11964,585,97611
3,98199,1782,0.0,11965,585,97614
18,98217,1783,1.0,11966,585,97632
9,98226,1783,0.0,11967,585,97641
18,98244,1784,1.0,11968,585,97659
10,98254,1784,0.0,11969,585,97669
2,98256,1784,0.0,11970,585,97671
2,98258,1784,0.0,11971,585,97673
9,98267,1784,0.0,11972,585,97682
5,98272,1784,0.0,11973,585,97687
5,98277,1784,0.0,11974,585,97692
4,98281,1784,0.0,11975,585,97696
8,98289,1785,1.0,11976,585,97704
9,98298,1785,0.0,11977,585,97713
8,98306,1786,1.0,11978,585,97721
8,98314,1786,0.0,11979,585,97729
3,98317,1786,0.0,11980,585,97732
4,98321,1786,0.0,11981,585,97736
9,98330,1786,0.0,11982,585,97745
9,98339,1786,0.0,11983,585,97754
9,98348,1786,0.0,11984,585,97763
8,98356,1786,0.0,11985,585,97771
8,98364,1786,0.0,11986,585,97779
3,98367,1786,0.0,11987,585,97782
8,98375,1787,1.0,11988,585,97790
8,98383,1788,1.0,11989,585,97798
8,98391,1788,0.0,11990,585,97806
8,98399,1789,1.0,11991,585,97814
14,98413,1789,0.0,11992,585,97828
30,98443,1789,0.0,11993,585,97858
12,98455,1789,0.0,11994,585,97870
8,98463,1789,0.0,11995,585,97878
8,98471,1789,0.0,11996,585,97886
29,98500,1790,1.0,11997,585,97915
8,98508,1790,0.0,11998,585,97923
8,98516,1790,0.0,11999,585,97931
13,98529,1790,0.0,12000,585,97944
13,98542,1790,0.0,12001,585,97957
5,98547,1790,0.0,12002,585,97962
3,98550,1790,0.0,12003,585,97965
2,98552,1790,0.0,12004,585,97967
8,98560,1790,0.0,12005,585,97975
3,98563,1790,0.0,12006,585,97978
3,98566,1790,0.0,12007,585,97981
4,98570,1790,0.0,12008,585,97985
2,98572,1790,0.0,12009,585,97987
11,98583,1790,0.0,12010,585,97998
8,98591,1790,0.0,12011,585,98006
8,98599,1791,1.0,12012,585,98014
9,98608,1791,0.0,12013,585,98023
2,98610,1791,0.0,12014,585,98025
30,98640,1791,0.0,12015,585,98055
14,98654,1791,0.0,12016,585,98069
8,98662,1791,0.0,12017,585,98077
8,98670,1791,0.0,12018,585,98085
8,98678,1791,0.0,12019,585,98093
8,98686,1792,1.0,12020,585,98101
3,98689,1792,0.0,12021,585,98104
10,98699,1792,0.0,12022,585,98114
3,98702,1792,0.0,12023,585,98117
8,98710,1793,1.0,12024,585,98125
12,98722,1793,0.0,12025,585,98137
6,98728,1793,0.0,12026,585,98143
8,98736,1793,0.0,12027,585,98151
20,98756,1793,0.0,12028,585,98171
5,98761,1793,0.0,12029,585,98176
8,98769,1793,0.0,12030,585,98184
29,98798,1794,1.0,12031,585,98213
5,98803,1794,0.0,12032,585,98218
8,98811,1795,1.0,12033,585,98226
9,98820,1795,0.0,12034,585,98235
8,98828,1795,0.0,12035,585,98243
8,98836,1796,1.0,12036,585,98251
3,98839,1796,0.0,12037,585,98254
8,98847,1796,0.0,12038,585,98262
4,98851,1796,0.0,12039,585,98266
4,98855,1796,0.0,12040,585,98270
2,98857,1796,0.0,12041,585,98272
5,98862,1796,0.0,12042,585,98277
24,98886,1796,0.0,12043,585,98301
2,98888,1796,0.0,12044,585,98303
5,98893,1796,0.0,12045,585,98308
8,98901,1796,0.0,12046,585,98316
3,98904,1796,0.0,12047,585,98319
9,98913,1796,0.0,12048,585,98328
5,98918,1796,0.0,12049,585,98333
7,98925,1796,0.0,12050,585,98340
11,98936,1796,0.0,12051,585,98351
8,98944,1797,1.0,12052,585,98359
5,98949,1797,0.0,12053,585,98364
7,98956,1797,0.0,12054,585,98371
5,98961,1797,0.0,12055,585,98376
16,98977,1797,0.0,12056,585,98392
9,98986,1797,0.0,12057,585,98401
8,98994,1798,1.0,12058,585,98409
9,99003,1798,0.0,12059,585,98418
9,99012,1798,0.0,12060,585,98427
8,99020,1799,1.0,12061,585,98435
29,99049,1800,1.0,12062,585,98464
8,99057,1801,1.0,12063,585,98472
18,99075,1802,1.0,12064,585,98490
11,99086,1802,0.0,12065,585,98501
9,99095,1802,0.0,12066,585,98510
4,99099,1802,0.0,12067,585,98514
8,99107,1802,0.0,12068,585,98522
4,99111,1802,0.0,12069,585,98526
8,99119,1802,0.0,12070,585,98534
4,99123,1802,0.0,12071,585,98538
4,99127,1802,0.0,12072,585,98542
3,99130,1802,0.0,12073,585,98545
8,99138,1802,0.0,12074,585,98553
9,99147,1802,0.0,12075,585,98562
9,99156,1802,0.0,12076,585,98571
8,99164,1802,0.0,12077,585,98579
8,99172,1802,0.0,12078,585,98587
6,99178,1802,0.0,12079,585,98593
5,99183,1802,0.0,12080,585,98598
4,99187,1802,0.0,12081,585,98602
3,99190,1802,0.0,12082,585,98605
2,99192,1802,0.0,12083,585,98607
7,99199,1802,0.0,12084,585,98614
8,99207,1802,0.0,12085,585,98622
7,99214,1802,0.0,12086,585,98629
13,99227,1802,0.0,12087,585,98642
8,99235,1802,0.0,12088,585,98650
10,99245,1802,0.0,12089,585,98660
2,99247,1802,0.0,12090,585,98662
3,99250,1802,0.0,12091,585,98665
16,99266,1803,1.0,12092,585,98681
2,99268,1803,0.0,12093,585,98683
8,99276,1804,1.0,12094,585,98691
8,99284,1804,0.0,12095,585,98699
20,99304,1805,1.0,12096,585,98719
7,99311,1805,0.0,12097,585,98726
2,99313,1805,0.0,12098,585,98728
8,99321,1805,0.0,12099,585,98736
5,99326,1805,0.0,12100,585,98741
8,99334,1805,0.0,12101,585,98749
15,99349,1805,0.0,12102,585,98764
2,99351,1805,0.0,12103,585,98766
5,99356,1805,0.0,12104,585,98771
2,99358,1805,0.0,12105,585,98773
8,99366,1806,1.0,12106,585,98781
7,99373,1806,0.0,12107,585,98788
8,99381,1806,0.0,12108,585,98796
9,99390,1806,0.0,12109,585,98805
8,99398,1806,0.0,12110,585,98813
2,99400,1806,0.0,12111,585,98815
6,99406,1806,0.0,12112,585,98821
4,99410,1806,0.0,12113,585,98825
9,99419,1806,0.0,12114,585,98834
8,99427,1807,1.0,12115,585,98842
9,99436,1807,0.0,12116,585,98851
2,99438,1807,0.0,12117,585,98853
4,99442,1807,0.0,12118,585,98857
29,99471,1808,1.0,12119,585,98886
4,99475,1808,0.0,12120,585,98890
4,99479,1808,0.0,12121,585,98894
2,99481,1808,0.0,12122,585,98896
3,99484,1808,0.0,12123,585,98899
16,99500,1808,0.0,12124,585,98915
9,99509,1808,0.0,12125,585,98924
12,99521,1808,0.0,12126,585,98936
25,99546,1808,0.0,12127,585,98961
3,99549,1808,0.0,12128,585,98964
3,99552,1808,0.0,12129,585,98967
10,99562,1808,0.0,12130,585,98977
3,99565,1808,0.0,12131,585,98980
9,99574,1808,0.0,12132,585,98989
8,99582,1808,0.0,12133,585,98997
14,99596,1808,0.0,12134,585,99011
8,99604,1808,0.0,12135,585,99019
4,99608,1808,0.0,12136,585,99023
9,99617,1808,0.0,12137,585,99032
16,99633,1809,1.0,12138,585,99048
8,99641,1809,0.0,12139,585,99056
9,99650,1809,0.0,12140,585,99065
6,99656,1809,0.0,12141,585,99071
11,99667,1809,0.0,12142,585,99082
3,99670,1809,0.0,12143,585,99085
9,99679,1809,0.0,12144,585,99094
2,99681,1809,0.0,12145,585,99096
2,99683,1809,0.0,12146,585,99098
2,99685,1809,0.0,12147,585,99100
8,99693,1809,0.0,12148,585,99108
3,99696,1809,0.0,12149,585,99111
16,99712,1810,1.0,12150,585,99127
8,99720,1810,0.0,12151,585,99135
2,99722,1810,0.0,12152,585,99137
8,99730,1811,1.0,12153,585,99145
7,99737,1811,0.0,12154,585,99152
9,99746,1811,0.0,12155,585,99161
2,99748,1811,0.0,12156,585,99163
7,99755,1811,0.0,12157,585,99170
8,99763,1811,0.0,12158,585,99178
19,99782,1811,0.0,12159,585,99197
8,99790,1811,0.0,12160,585,99205
8,99798,1812,1.0,12161,585,99213
9,99807,1812,0.0,12162,585,99222
8,99815,1812,0.0,12163,585,99230
5,99820,1812,0.0,12164,585,99235
9,99829,1812,0.0,12165,585,99244
2,99831,1812,0.0,12166,585,99246
8,99839,1812,0.0,12167,585,99254
16,99855,1812,0.0,12168,585,99270
8,99863,1812,0.0,12169,585,99278
7,99870,1812,0.0,12170,585,99285
4,99874,1812,0.0,12171,585,99289
4,99878,1812,0.0,12172,585,99293
9,99887,1812,0.0,12173,585,99302
8,99895,1812,0.0,12174,585,99310
8,99903,1812,0.0,12175,585,99318
8,99911,1813,1.0,12176,585,99326
6,99917,1813,0.0,12177,585,99332
9,99926,1813,0.0,12178,585,99341
8,99934,1813,0.0,12179,585,99349
2,99936,1813,0.0,12180,585,99351
3,99939,1813,0.0,12181,585,99354
9,99948,1813,0.0,12182,585,99363
8,99956,1813,0.0,12183,585,99371
8,99964,1813,0.0,12184,585,99379
3,99967,1813,0.0,12185,585,99382
3,99970,1813,0.0,12186,585,99385
8,99978,1814,1.0,12187,585,99393
16,99994,1815,1.0,12188,585,99409
