iteration,successes,successes_episode,reward_episode,episode_count,random_act,timestep,epsilon
5,5,0,0.0,1,5,0,1.0
10,15,0,0.0,2,15,0,0.9901493354116764
16,31,0,0.0,3,31,0,0.9803966865736877
4,35,0,0.0,4,35,0,0.970741078213023
5,40,0,0.0,5,40,0,0.9611815447608
2,42,0,0.0,6,42,0,0.9517171302557069
6,48,0,0.0,7,46,2,0.9423468882484062
2,50,0,0.0,8,48,2,0.9330698817068888
10,60,0,0.0,9,58,2,0.9238851829227694
9,69,0,0.0,10,67,2,0.9147918734185159
2,71,0,0.0,11,69,2,0.9057890438555999
3,74,0,0.0,12,72,2,0.896875793943563
7,81,0,0.0,13,79,2,0.888051232349986
6,87,0,0.0,14,85,2,0.8793144766113556
3,90,0,0.0,15,87,3,0.8706646530448178
18,108,0,0.0,16,102,6,0.8621008966608072
3,111,0,0.0,17,105,6,0.8536223510765493
3,114,0,0.0,18,108,6,0.8452281684304199
2,116,0,0.0,19,110,6,0.8369175092971592
9,125,0,0.0,20,118,7,0.8286895426039287
3,128,0,0.0,21,121,7,0.820543445547202
5,133,0,0.0,22,126,7,0.8124784035104852
6,139,0,0.0,23,131,8,0.8044936099828537
4,143,0,0.0,24,135,8,0.7965882664783007
15,158,0,0.0,25,148,10,0.7887615824558879
4,162,0,0.0,26,151,11,0.7810127752406908
3,165,0,0.0,27,152,13,0.7733410699455306
5,170,0,0.0,28,153,17,0.7657456993934846
4,174,0,0.0,29,154,20,0.7582259040411682
2,176,0,0.0,30,155,21,0.7507809319027796
9,185,0,0.0,31,162,23,0.7434100384749007
3,188,0,0.0,32,164,24,0.7361124866620463
7,195,0,0.0,33,169,26,0.7288875467029541
12,207,0,0.0,34,177,30,0.7217344960976069
4,211,0,0.0,35,179,32,0.7146526195349836
2,213,0,0.0,36,181,32,0.7076412088215263
15,228,0,0.0,37,195,33,0.7006995628103208
4,232,0,0.0,38,198,34,0.6938269873309811
4,236,0,0.0,39,200,36,0.6870227951202322
4,240,0,0.0,40,204,36,0.680286305753183
11,251,0,0.0,41,211,40,0.6736168455752829
3,254,0,0.0,42,214,40,0.6670137476349562
3,257,0,0.0,43,216,41,0.6604763516169062
10,267,1,1.0,44,224,43,0.6540040037760834
15,282,1,0.0,45,231,51,0.64759605687231
19,301,1,0.0,46,244,57,0.6412518701055556
29,330,1,0.0,47,266,64,0.6349708090518567
7,337,1,0.0,48,272,65,0.6287522455998737
8,345,1,0.0,49,279,66,0.6225955578880794
4,349,1,0.0,50,280,69,0.616500130242572
3,352,1,0.0,51,282,70,0.6104653531155071
6,358,1,0.0,52,286,72,0.6044906230241432
16,374,1,0.0,53,296,78,0.5985753424904925
16,390,1,0.0,54,308,82,0.5927189199815717
2,392,1,0.0,55,309,83,0.5869207698502498
15,407,1,0.0,56,319,88,0.5811803122766818
13,420,1,0.0,57,327,93,0.5754969732103268
11,431,2,1.0,58,333,98,0.5698701843125418
5,436,2,0.0,59,338,98,0.564299382899748
9,445,2,0.0,60,343,102,0.558784011887162
20,465,2,0.0,61,353,112,0.5533235197330862
7,472,2,0.0,62,356,116,0.5479173603837548
4,476,2,0.0,63,357,119,0.5425649932187278
5,481,2,0.0,64,360,121,0.5372658829968282
6,487,2,0.0,65,364,123,0.5320194998026181
5,492,2,0.0,66,367,125,0.5268253189934059
7,499,2,0.0,67,372,127,0.5216828211467822
14,513,2,0.0,68,381,132,0.516591492008677
3,516,2,0.0,69,382,134,0.5115508224419336
4,520,2,0.0,70,384,136,0.5065603083753949
5,525,2,0.0,71,387,138,0.5016194507534953
14,539,2,0.0,72,395,144,0.49672775548635545
4,543,2,0.0,73,396,147,0.491884733400372
7,550,2,0.0,74,399,151,0.48708990018930043
9,559,2,0.0,75,405,154,0.48234277636582407
4,563,2,0.0,76,407,156,0.47764288721360454
42,605,2,0.0,77,424,181,0.47298976273981014
4,609,2,0.0,78,427,182,0.4683829376281158
21,630,2,0.0,79,434,196,0.4638219511921713
19,649,2,0.0,80,440,209,0.4593063473295323
2,651,2,0.0,81,441,210,0.45483567447604933
4,655,2,0.0,82,442,213,0.4504094855607117
6,661,2,0.0,83,444,217,0.44602733796093924
24,685,2,0.0,84,458,227,0.4416887934583202
12,697,2,0.0,85,467,230,0.43739341819478894
14,711,2,0.0,86,472,239,0.43314078262923944
3,714,2,0.0,87,474,240,0.4289304614945713
7,721,2,0.0,88,476,245,0.42476203375516264
6,727,3,1.0,89,478,249,0.42063508256476556
15,742,3,0.0,90,481,261,0.41654919522482203
21,763,3,0.0,91,489,274,0.4125039631431931
22,785,3,0.0,92,498,287,0.40849898179329963
10,795,3,0.0,93,500,295,0.404533850673669
9,804,3,0.0,94,504,300,0.40060817326788506
19,823,3,0.0,95,509,314,0.3967215570049359
5,828,3,0.0,96,512,316,0.3928736132199562
13,841,3,0.0,97,518,323,0.38906395711536096
10,851,3,0.0,98,524,327,0.38529220772236483
33,884,3,0.0,99,539,345,0.3815579878628856
9,893,3,0.0,100,542,351,0.37786092411182526
10,903,3,0.0,101,545,358,0.3742006467597279
5,908,3,0.0,102,548,360,0.3705767897758081
2,910,3,0.0,103,550,360,0.3669889907713475
4,914,3,0.0,104,553,361,0.36343689096345594
2,916,3,0.0,105,554,362,0.35992013513919235
5,921,3,0.0,106,558,363,0.35643837162004377
6,927,3,0.0,107,560,367,0.3529912522267568
13,940,3,0.0,108,564,376,0.34957843224451957
6,946,3,0.0,109,569,377,0.34619957038848975
4,950,3,0.0,110,572,378,0.34285432876966604
17,967,4,1.0,111,578,389,0.3395423728610988
9,976,4,0.0,112,581,395,0.3362633714644372
7,983,4,0.0,113,583,400,0.33301699667680906
23,1006,4,0.0,114,592,414,0.3298029238580304
7,1013,4,0.0,115,595,418,0.3266208315981408
8,1021,4,0.0,116,597,424,0.32347040168526264
4,1025,4,0.0,117,598,427,0.3203513190737793
3,1028,4,0.0,118,599,429,0.3172632718528302
3,1031,4,0.0,119,600,431,0.31420595121511996
12,1043,4,0.0,120,604,439,0.311179051426037
3,1046,4,0.0,121,605,441,0.3081822697930801
8,1054,4,0.0,122,606,448,0.3052153066355885
2,1056,4,0.0,123,607,449,0.30227786525477407
9,1065,4,0.0,124,611,454,0.29936965190405085
2,1067,4,0.0,125,612,455,0.29649037575966014
2,1069,4,0.0,126,612,457,0.29363974889158817
16,1085,4,0.0,127,617,468,0.2908174862347727
7,1092,4,0.0,128,618,474,0.28802330556059597
2,1094,4,0.0,129,619,475,0.2852569274486622
6,1100,5,1.0,130,620,480,0.2825180752588548
18,1118,5,0.0,131,625,493,0.27980647510367246
8,1126,5,0.0,132,628,498,0.2771218558208399
25,1151,5,0.0,133,634,517,0.27446394894619186
7,1158,5,0.0,134,635,523,0.27183248868682575
15,1173,5,0.0,135,640,533,0.26922721189452276
12,1185,5,0.0,136,642,543,0.2666478580394326
3,1188,5,0.0,137,644,544,0.26409416918402034
5,1193,5,0.0,138,646,547,0.26156588995727226
7,1200,5,0.0,139,648,552,0.2590627675291589
5,1205,5,0.0,140,651,554,0.2565845515853515
17,1222,6,1.0,141,655,567,0.2541309943021904
27,1249,6,0.0,142,658,591,0.25170185032190273
9,1258,6,0.0,143,660,598,0.24929687672806608
7,1265,6,0.0,144,663,602,0.246915833021317
12,1277,6,0.0,145,664,613,0.24455848109530054
19,1296,6,0.0,146,666,630,0.2422245852128597
5,1301,6,0.0,147,666,635,0.23991391198246126
2,1303,6,0.0,148,667,636,0.2376262303348566
5,1308,6,0.0,149,667,641,0.2353613114999746
11,1319,6,0.0,150,669,650,0.23311892898404435
8,1327,6,0.0,151,671,656,0.23089885854694553
12,1339,6,0.0,152,674,665,0.22870087817978443
6,1345,6,0.0,153,677,668,0.22652476808269262
7,1352,6,0.0,154,677,675,0.22437031064284702
6,1358,6,0.0,155,681,677,0.22223729041270818
6,1364,6,0.0,156,683,681,0.22012549408847562
6,1370,6,0.0,157,686,684,0.21803471048875708
4,1374,6,0.0,158,686,688,0.21596473053345028
8,1382,6,0.0,159,687,695,0.21391534722283462
6,1388,6,0.0,160,689,699,0.2118863556168713
9,1397,6,0.0,161,690,707,0.20987755281470882
9,1406,6,0.0,162,692,714,0.20788873793439305
14,1420,6,0.0,163,696,724,0.2059197120927785
3,1423,6,0.0,164,696,727,0.20397027838564025
8,1431,6,0.0,165,696,735,0.20204024186798297
2,1433,6,0.0,166,697,736,0.20012940953454655
21,1454,6,0.0,167,704,750,0.1982375903005053
6,1460,6,0.0,168,707,753,0.19636459498235934
18,1478,6,0.0,169,710,768,0.19451023627901587
22,1500,6,0.0,170,714,786,0.19267432875305937
4,1504,6,0.0,171,714,790,0.19085668881220733
2,1506,6,0.0,172,714,792,0.1890571346909509
12,1518,6,0.0,173,716,802,0.1872754864323783
2,1520,6,0.0,174,717,803,0.18551156587017906
19,1539,6,0.0,175,723,816,0.1837651966108269
4,1543,6,0.0,176,724,819,0.1820362040159407
13,1556,6,0.0,177,724,832,0.18032441518482004
4,1560,6,0.0,178,725,835,0.17862965893715535
10,1570,6,0.0,179,730,840,0.17695176579590954
5,1575,6,0.0,180,732,843,0.1752905679703703
22,1597,6,0.0,181,734,863,0.17364589933937066
14,1611,6,0.0,182,735,876,0.172017595434677
19,1630,6,0.0,183,740,890,0.17040549342454195
11,1641,6,0.0,184,743,898,0.16880943209742102
12,1653,6,0.0,185,746,907,0.16722925184585147
14,1667,6,0.0,186,749,918,0.16566479465049133
27,1694,6,0.0,187,752,942,0.16411590406431734
36,1730,7,1.0,188,757,973,0.1625824251969801
4,1734,7,0.0,189,757,977,0.16106420469931504
14,1748,7,0.0,190,760,988,0.15956109074800714
6,1754,7,0.0,191,761,993,0.1580729330304087
12,1766,8,1.0,192,762,1004,0.15659958272950783
4,1770,8,0.0,193,764,1006,0.15514089250904667
4,1774,8,0.0,194,764,1010,0.1536967164987875
10,1784,8,0.0,195,768,1016,0.1522669102799259
7,1791,8,0.0,196,770,1021,0.15085133087064845
4,1795,8,0.0,197,770,1025,0.14944983671183457
9,1804,8,0.0,198,772,1032,0.14806228765290044
27,1831,8,0.0,199,774,1057,0.1466885449377839
6,1837,8,0.0,200,774,1063,0.14532847119106862
4,1841,8,0.0,201,775,1066,0.1439819304042466
4,1845,8,0.0,202,775,1070,0.14264878792211688
6,1851,8,0.0,203,775,1076,0.1413289104293205
12,1863,8,0.0,204,776,1087,0.14002216593700811
5,1868,8,0.0,205,776,1092,0.13872842376964165
5,1873,8,0.0,206,776,1097,0.1374475545519262
10,1883,9,1.0,207,776,1107,0.13617943019587256
4,1887,9,0.0,208,776,1111,0.13492392388798838
4,1891,9,0.0,209,776,1115,0.13368091007659658
4,1895,9,0.0,210,777,1118,0.1324502644592803
10,1905,9,0.0,211,778,1127,0.13123186397045208
9,1914,9,0.0,212,781,1133,0.13002558676904785
12,1926,10,1.0,213,782,1144,0.12883131222634217
5,1931,10,0.0,214,782,1149,0.12764892091388555
5,1936,10,0.0,215,784,1152,0.1264782945915614
11,1947,10,0.0,216,786,1161,0.125319316195762
5,1952,10,0.0,217,786,1166,0.12417186982768189
5,1957,10,0.0,218,786,1171,0.12303584074172813
2,1959,10,0.0,219,787,1172,0.12191111533404535
5,1964,10,0.0,220,787,1177,0.12079758113115559
2,1966,10,0.0,221,788,1178,0.11969512677871053
6,1972,10,0.0,222,788,1184,0.11860364203035628
6,1978,10,0.0,223,788,1190,0.11752301773670837
8,1986,10,0.0,224,789,1197,0.116453145834437
12,1998,11,1.0,225,792,1206,0.11539391933546027
9,2007,11,0.0,226,794,1213,0.11434523231624569
36,2043,11,0.0,227,798,1245,0.11330697990721733
13,2056,11,0.0,228,799,1257,0.1122790582822692
21,2077,11,0.0,229,801,1276,0.11126136464838206
11,2088,11,0.0,230,802,1286,0.11025379723534455
4,2092,11,0.0,231,803,1289,0.10925625528557566
17,2109,11,0.0,232,807,1302,0.1082686390440492
15,2124,11,0.0,233,807,1317,0.10729084974831793
11,2135,11,0.0,234,810,1325,0.10632278961863742
10,2145,11,0.0,235,811,1334,0.10536436184818809
12,2157,11,0.0,236,812,1345,0.10441547059339411
25,2182,11,0.0,237,813,1369,0.10347602096433932
12,2194,11,0.0,238,813,1381,0.10254591901527788
8,2202,11,0.0,239,814,1388,0.10162507173523985
9,2211,11,0.0,240,814,1397,0.10071338703872978
10,2221,11,0.0,241,815,1406,0.09981077375651838
3,2224,11,0.0,242,815,1409,0.09891714162652515
22,2246,11,0.0,243,816,1430,0.09803240128479247
13,2259,11,0.0,244,818,1441,0.09715646425654882
12,2271,11,0.0,245,819,1452,0.09628924294736148
18,2289,11,0.0,246,822,1467,0.09543065063437678
15,2304,11,0.0,247,822,1482,0.09458060145764802
22,2326,11,0.0,248,825,1501,0.09373901041154904
15,2341,11,0.0,249,825,1516,0.092905793336274
33,2374,11,0.0,250,829,1545,0.09208086690942092
15,2389,11,0.0,251,829,1560,0.0912641486376598
17,2406,12,1.0,252,830,1576,0.09045555684848275
14,2420,12,0.0,253,830,1590,0.08965501068203711
15,2435,12,0.0,254,830,1605,0.08886243008303903
11,2446,12,0.0,255,830,1616,0.08807773579276819
15,2461,12,0.0,256,832,1629,0.08730084934114159
15,2476,12,0.0,257,834,1642,0.08653169303886674
21,2497,12,0.0,258,836,1661,0.0857701899696724
14,2511,12,0.0,259,836,1675,0.08501626398261702
9,2520,12,0.0,260,837,1683,0.0842698396844737
20,2540,12,0.0,261,838,1702,0.08353084243219053
19,2559,12,0.0,262,840,1719,0.08279919832542652
26,2585,12,0.0,263,846,1739,0.08207483419916123
14,2599,12,0.0,264,848,1751,0.08135767761637844
14,2613,12,0.0,265,849,1764,0.08064765686082219
26,2639,12,0.0,266,851,1788,0.0799447009298253
12,2651,12,0.0,267,852,1799,0.0792487395272088
13,2664,12,0.0,268,854,1810,0.07855970305625253
11,2675,12,0.0,269,856,1819,0.07787752261273513
11,2686,12,0.0,270,856,1830,0.07720212997804382
4,2690,12,0.0,271,858,1832,0.07653345761235225
8,2698,12,0.0,272,860,1838,0.07587143864786668
11,2709,12,0.0,273,862,1847,0.07521600688213892
15,2724,12,0.0,274,862,1862,0.07456709677144624
11,2735,12,0.0,275,864,1871,0.07392464342423678
15,2750,12,0.0,276,864,1886,0.0732885825946405
15,2765,13,1.0,277,865,1900,0.07265885067604429
9,2774,13,0.0,278,868,1906,0.07203538469473161
8,2782,13,0.0,279,869,1913,0.0714181223035847
13,2795,13,0.0,280,870,1925,0.07080700177585013
8,2803,13,0.0,281,870,1933,0.07020196199896576
21,2824,13,0.0,282,872,1952,0.06960294246844981
14,2838,13,0.0,283,874,1964,0.06900988328184997
17,2855,13,0.0,284,874,1981,0.06842272513275337
36,2891,13,0.0,285,875,2016,0.06784140930485581
45,2936,13,0.0,286,877,2059,0.06726587766609007
8,2944,13,0.0,287,877,2067,0.06669607266281269
28,2972,13,0.0,288,879,2093,0.06613193731404843
4,2976,13,0.0,289,879,2097,0.06557341520579238
4,2980,13,0.0,290,879,2101,0.06502045048536823
12,2992,13,0.0,291,880,2112,0.06447298785584316
38,3030,13,0.0,292,885,2145,0.06393097257049796
6,3036,13,0.0,293,885,2151,0.06339435042735246
19,3055,13,0.0,294,885,2170,0.06286306776374512
4,3059,13,0.0,295,885,2174,0.06233707145096687
4,3063,13,0.0,296,885,2178,0.06181630888894806
28,3091,13,0.0,297,886,2205,0.061300728000998575
35,3126,13,0.0,298,889,2237,0.06079027722859992
37,3163,13,0.0,299,891,2272,0.060284905526249516
4,3167,13,0.0,300,891,2276,0.05978456235635595
16,3183,13,0.0,301,892,2291,0.05928919768418531
4,3187,13,0.0,302,892,2295,0.05879876197285753
4,3191,13,0.0,303,892,2299,0.058313206178392835
4,3195,13,0.0,304,892,2303,0.05783248174480709
9,3204,14,1.0,305,892,2312,0.057356540599256385
9,3213,15,1.0,306,893,2320,0.0568853351472295
9,3222,16,1.0,307,893,2329,0.0564188182677886
9,3231,17,1.0,308,893,2338,0.05595694330885694
9,3240,18,1.0,309,894,2346,0.05549966408255377
9,3249,19,1.0,310,895,2354,0.05504693486057535
9,3258,20,1.0,311,895,2363,0.05459871036962222
6,3264,20,0.0,312,896,2368,0.05415494578687179
9,3273,21,1.0,313,896,2377,0.05371559673549593
6,3279,21,0.0,314,897,2382,0.053280619280223436
9,3288,22,1.0,315,897,2391,0.05284996992294624
9,3297,23,1.0,316,897,2400,0.05242360559836979
9,3306,24,1.0,317,897,2409,0.05200148366970627
9,3315,25,1.0,318,897,2418,0.051583561924411096
4,3319,25,0.0,319,899,2420,0.05116979856996143
38,3357,25,0.0,320,901,2456,0.050760152229677065
10,3367,25,0.0,321,901,2466,0.05035458193858255
16,3383,25,0.0,322,902,2481,0.049953047139310834
9,3392,26,1.0,323,902,2490,0.04955550767804736
9,3401,27,1.0,324,903,2498,0.04916192380051474
16,3417,27,0.0,325,904,2513,0.0487722561479972
9,3426,28,1.0,326,904,2522,0.04838646575340479
29,3455,29,1.0,327,907,2548,0.04800451403737654
57,3512,29,0.0,328,910,2602,0.04762636280442257
4,3516,29,0.0,329,911,2605,0.04725197423910444
9,3525,30,1.0,330,911,2614,0.04688131090225365
23,3548,30,0.0,331,913,2635,0.046514335727227595
9,3557,31,1.0,332,913,2644,0.046151012016203
16,3573,31,0.0,333,914,2659,0.04579130343650595
38,3611,31,0.0,334,915,2696,0.04543517401697875
9,3620,31,0.0,335,915,2705,0.04508258814438266
9,3629,32,1.0,336,915,2714,0.04473351055983658
9,3638,33,1.0,337,915,2723,0.044387906355291176
8,3646,33,0.0,338,916,2730,0.04404574097003798
9,3655,34,1.0,339,916,2739,0.04370698018725335
9,3664,35,1.0,340,916,2748,0.043371590130576676
9,3673,36,1.0,341,916,2757,0.04303953726072282
9,3682,37,1.0,342,916,2766,0.042710788372128064
9,3691,38,1.0,343,916,2775,0.042385310589629625
9,3700,39,1.0,344,916,2784,0.04206307136517797
9,3709,40,1.0,345,916,2793,0.04174403847458216
11,3720,40,0.0,346,917,2803,0.04142818001428726
8,3728,41,1.0,347,918,2810,0.04111546439818403
8,3736,42,1.0,348,918,2818,0.04080586035445025
8,3744,42,0.0,349,919,2825,0.040499336922423565
8,3752,43,1.0,350,919,2833,0.040195863449505306
8,3760,44,1.0,351,919,2841,0.039895409588095315
20,3780,44,0.0,352,921,2859,0.039597945292557044
16,3796,44,0.0,353,921,2875,0.03930344081621308
8,3804,45,1.0,354,921,2883,0.03901186670837034
8,3812,46,1.0,355,921,2891,0.03872319381137508
8,3820,47,1.0,356,922,2898,0.03843739325769703
8,3828,47,0.0,357,924,2904,0.03815443646704266
10,3838,47,0.0,358,925,2913,0.03787429514349709
5,3843,47,0.0,359,926,2917,0.03759694127269454
8,3851,48,1.0,360,927,2924,0.037322347119016795
8,3859,49,1.0,361,927,2932,0.03705048522281963
8,3867,50,1.0,362,927,2940,0.03678132839768691
8,3875,51,1.0,363,927,2948,0.036514849727711796
2,3877,51,0.0,364,928,2949,0.03625102256480524
8,3885,52,1.0,365,928,2957,0.03598982052603108
8,3893,53,1.0,366,928,2965,0.0357312174909678
8,3901,54,1.0,367,928,2973,0.03547518759909634
8,3909,55,1.0,368,928,2981,0.035221705247214206
10,3919,56,1.0,369,929,2990,0.03497074508687494
8,3927,57,1.0,370,929,2998,0.034722282021853394
8,3935,58,1.0,371,929,3006,0.034476291205635994
4,3939,58,0.0,372,930,3009,0.034232748038936146
8,3947,59,1.0,373,930,3017,0.0339916281672342
8,3955,60,1.0,374,930,3025,0.03375290747834208
8,3963,61,1.0,375,930,3033,0.033516562099991945
8,3971,62,1.0,376,930,3041,0.03328256839744902
8,3979,63,1.0,377,930,3049,0.03305090297114803
8,3987,64,1.0,378,930,3057,0.03282154265435332
8,3995,65,1.0,379,930,3065,0.03259446451084204
8,4003,66,1.0,380,930,3073,0.03236964583261064
8,4011,67,1.0,381,930,3081,0.03214706413760394
8,4019,68,1.0,382,930,3089,0.03192669716746694
8,4027,69,1.0,383,930,3097,0.031708522885318995
8,4035,70,1.0,384,931,3104,0.031492519473550085
8,4043,71,1.0,385,931,3112,0.031278665331639026
8,4051,72,1.0,386,931,3120,0.031066939073993396
14,4065,72,0.0,387,932,3133,0.030857319527811018
6,4071,72,0.0,388,932,3139,0.030649785730962574
5,4076,72,0.0,389,932,3144,0.030444316929895437
36,4112,72,0.0,390,935,3177,0.030240892577558277
5,4117,72,0.0,391,935,3182,0.030039492331346347
31,4148,72,0.0,392,935,3213,0.029840096051067175
4,4152,72,0.0,393,935,3217,0.029642683796926583
11,4163,72,0.0,394,935,3228,0.02944723582753464
11,4174,72,0.0,395,936,3238,0.029253732597931535
8,4182,72,0.0,396,937,3245,0.029062154757633053
38,4220,72,0.0,397,938,3282,0.02887248314869552
9,4229,73,1.0,398,938,3291,0.028684698803799973
9,4238,74,1.0,399,939,3299,0.02849878294435545
9,4247,75,1.0,400,939,3308,0.02831471697862105
9,4256,76,1.0,401,939,3317,0.028132482499846838
9,4265,77,1.0,402,939,3326,0.027952061284433068
9,4274,78,1.0,403,939,3335,0.02777343529010782
9,4283,79,1.0,404,940,3343,0.027596586654122846
9,4292,80,1.0,405,940,3352,0.027421497691467157
13,4305,81,1.0,406,941,3364,0.02724815089309858
8,4313,81,0.0,407,942,3371,0.0270765289241928
8,4321,82,1.0,408,942,3379,0.026906614622409945
8,4329,83,1.0,409,942,3387,0.026738390996178224
8,4337,84,1.0,410,942,3395,0.026571841222994823
8,4345,85,1.0,411,942,3403,0.026406948647743643
8,4353,86,1.0,412,942,3411,0.026243696781029717
8,4361,87,1.0,413,942,3419,0.026082069297530375
8,4369,88,1.0,414,942,3427,0.02592205003436255
8,4377,89,1.0,415,942,3435,0.025763622989466578
8,4385,90,1.0,416,942,3443,0.025606772320005942
8,4393,91,1.0,417,942,3451,0.025451482340783003
38,4431,91,0.0,418,943,3488,0.02529773752267042
8,4439,91,0.0,419,944,3495,0.025145522491058264
20,4459,91,0.0,420,944,3515,0.02499482202431651
8,4467,92,1.0,421,944,3523,0.024845621052272927
20,4487,92,0.0,422,944,3543,0.024697904654705963
8,4495,92,0.0,423,944,3551,0.024551658059852766
38,4533,92,0.0,424,944,3589,0.024406866642931964
28,4561,92,0.0,425,944,3617,0.024263515924681227
10,4571,92,0.0,426,944,3627,0.024121591569909263
9,4580,92,0.0,427,945,3635,0.023981079386062323
31,4611,92,0.0,428,945,3666,0.023841965321804916
4,4615,92,0.0,429,945,3670,0.023704235465614704
20,4635,92,0.0,430,945,3690,0.023567876044391298
2,4637,92,0.0,431,945,3692,0.023432873422078924
2,4639,92,0.0,432,945,3694,0.02329921409830285
2,4641,92,0.0,433,945,3696,0.02316688470701933
8,4649,92,0.0,434,945,3704,0.023035872015178954
8,4657,92,0.0,435,945,3712,0.022906162921403357
11,4668,93,1.0,436,945,3723,0.022777744454675064
24,4692,93,0.0,437,945,3747,0.0226506037730404
8,4700,94,1.0,438,945,3755,0.02252472816232525
11,4711,94,0.0,439,945,3766,0.022400105034863643
8,4719,95,1.0,440,945,3774,0.02227672192823897
8,4727,96,1.0,441,945,3782,0.02215456650403775
8,4735,97,1.0,442,945,3790,0.022033626546615788
10,4745,97,0.0,443,946,3799,0.021913889961876536
5,4750,97,0.0,444,946,3804,0.02179534477606175
8,4758,98,1.0,445,946,3812,0.02167797913455405
8,4766,99,1.0,446,946,3820,0.021561781300691488
8,4774,99,0.0,447,947,3827,0.02144673965459385
6,4780,99,0.0,448,947,3833,0.021332842692000656
8,4788,100,1.0,449,947,3841,0.021220079023120713
8,4796,101,1.0,450,947,3849,0.02110843737149319
8,4804,102,1.0,451,947,3857,0.02099790657285988
8,4812,103,1.0,452,948,3864,0.020888475574048812
8,4820,104,1.0,453,949,3871,0.020780133431868894
8,4828,105,1.0,454,949,3879,0.020672869312015653
8,4836,106,1.0,455,949,3887,0.020566672487987697
8,4844,107,1.0,456,950,3894,0.02046153234001413
10,4854,107,0.0,457,951,3903,0.02035743835399253
5,4859,107,0.0,458,951,3908,0.020254380120437558
8,4867,108,1.0,459,951,3916,0.02015234733343998
8,4875,109,1.0,460,951,3924,0.020051329789636065
8,4883,110,1.0,461,951,3932,0.01995131738718724
8,4891,111,1.0,462,951,3940,0.019852300124769934
10,4901,112,1.0,463,952,3949,0.019754268100575387
8,4909,113,1.0,464,952,3957,0.019657211511319474
8,4917,114,1.0,465,952,3965,0.0195611206512624
8,4925,115,1.0,466,952,3973,0.01946598591123807
8,4933,116,1.0,467,952,3981,0.01937179777769322
8,4941,117,1.0,468,952,3989,0.019278546831735997
8,4949,118,1.0,469,952,3997,0.019186223748194096
8,4957,119,1.0,470,952,4005,0.01909481929468222
8,4965,120,1.0,471,952,4013,0.019004324330678855
8,4973,121,1.0,472,952,4021,0.018914729806612192
8,4981,122,1.0,473,952,4029,0.01882602676295516
8,4989,123,1.0,474,952,4037,0.018738206329329453
8,4997,124,1.0,475,952,4045,0.018651259723618557
8,5005,125,1.0,476,952,4053,0.01856517825108943
8,5013,126,1.0,477,952,4061,0.018479953303523082
8,5021,127,1.0,478,952,4069,0.018395576358353725
8,5029,128,1.0,479,952,4077,0.018312038977816556
8,5037,129,1.0,480,952,4085,0.018229332808103887
8,5045,130,1.0,481,952,4093,0.01814744957852983
8,5053,131,1.0,482,952,4101,0.01806638110070318
8,5061,132,1.0,483,952,4109,0.01798611926770862
8,5069,133,1.0,484,952,4117,0.017906656053295947
8,5077,134,1.0,485,952,4125,0.017827983511077505
8,5085,135,1.0,486,952,4133,0.01775009377373351
8,5093,136,1.0,487,952,4141,0.017672979052225327
8,5101,137,1.0,488,952,4149,0.017596631635016534
8,5109,138,1.0,489,952,4157,0.01752104388730179
8,5117,139,1.0,490,952,4165,0.017446208250243338
8,5125,140,1.0,491,952,4173,0.017372117240215094
8,5133,141,1.0,492,952,4181,0.01729876344805433
8,5141,142,1.0,493,952,4189,0.0172261395383207
8,5149,143,1.0,494,952,4197,0.017154238248562697
8,5157,144,1.0,495,952,4205,0.017083052388591435
8,5165,145,1.0,496,952,4213,0.017012574839761596
8,5173,146,1.0,497,952,4221,0.01694279855425957
8,5181,147,1.0,498,952,4229,0.016873716554398652
8,5189,148,1.0,499,952,4237,0.016805321931921288
8,5197,149,1.0,500,952,4245,0.01673760784730824
8,5205,150,1.0,501,952,4253,0.016670567529094613
8,5213,151,1.0,502,952,4261,0.01660419427319272
8,5221,152,1.0,503,952,4269,0.016538481442221656
8,5229,153,1.0,504,952,4277,0.016473422464843575
8,5237,154,1.0,505,952,4285,0.01640901083510651
8,5245,155,1.0,506,952,4293,0.01634524011179382
8,5253,156,1.0,507,952,4301,0.016282103917780018
8,5261,157,1.0,508,952,4309,0.01621959593939311
8,5269,158,1.0,509,952,4317,0.016157709925783147
11,5280,158,0.0,510,953,4327,0.016096439688297208
8,5288,159,1.0,511,953,4335,0.016035779099860478
38,5326,159,0.0,512,955,4371,0.01597572209436357
9,5335,160,1.0,513,955,4380,0.015916262666055885
15,5350,160,0.0,514,956,4394,0.015857394868945038
6,5356,160,0.0,515,956,4400,0.015799112816202266
19,5375,161,1.0,516,957,4418,0.01574141067957372
38,5413,161,0.0,517,957,4456,0.01568428268879766
12,5425,161,0.0,518,957,4468,0.0156277231310274
6,5431,161,0.0,519,957,4474,0.015571726350260025
6,5437,161,0.0,520,957,4480,0.015516286746770792
6,5443,161,0.0,521,957,4486,0.015461398776553163
15,5458,161,0.0,522,957,4501,0.015407056950764372
2,5460,161,0.0,523,957,4503,0.01535325583517655
8,5468,161,0.0,524,957,4511,0.015299990049633304
46,5514,161,0.0,525,959,4555,0.015247254267511699
6,5520,161,0.0,526,959,4561,0.015195043215189571
2,5522,161,0.0,527,959,4563,0.015143351671518179
34,5556,161,0.0,528,959,4597,0.015092174467300075
7,5563,161,0.0,529,959,4604,0.015041506484772198
21,5584,161,0.0,530,959,4625,0.01499134265709407
5,5589,161,0.0,531,959,4630,0.014941677967841115
11,5600,161,0.0,532,959,4641,0.01489250745050302
24,5624,161,0.0,533,959,4665,0.014843826187987082
6,5630,161,0.0,534,959,4671,0.014795629312126479
12,5642,161,0.0,535,959,4683,0.014747912003193458
9,5651,162,1.0,536,959,4692,0.014700669489417359
9,5660,163,1.0,537,959,4701,0.014653897046507443
9,5669,164,1.0,538,959,4710,0.01460758999718044
9,5678,165,1.0,539,959,4719,0.014561743710692824
9,5687,166,1.0,540,959,4728,0.014516353602377746
9,5696,167,1.0,541,959,4737,0.01447141513318654
9,5705,168,1.0,542,959,4746,0.014426923809234849
9,5714,169,1.0,543,959,4755,0.014382875181353196
9,5723,170,1.0,544,959,4764,0.01433926484464209
9,5732,171,1.0,545,959,4773,0.014296088438031505
9,5741,172,1.0,546,959,4782,0.014253341643844817
9,5750,173,1.0,547,959,4791,0.014211020187366974
9,5759,174,1.0,548,959,4800,0.014169119836417065
9,5768,175,1.0,549,959,4809,0.01412763640092507
9,5777,176,1.0,550,959,4818,0.014086565732512882
9,5786,177,1.0,551,959,4827,0.014045903724079427
9,5795,177,0.0,552,961,4834,0.014005646309389977
9,5804,178,1.0,553,961,4843,0.013965789462669513
9,5813,179,1.0,554,961,4852,0.013926329198200155
9,5822,180,1.0,555,961,4861,0.013887261569922569
9,5831,181,1.0,556,961,4870,0.01384858267104137
9,5840,182,1.0,557,961,4879,0.013810288633634434
9,5849,183,1.0,558,961,4888,0.013772375628266116
9,5858,184,1.0,559,961,4897,0.013734839863604284
9,5867,185,1.0,560,961,4906,0.013697677586041186
9,5876,186,1.0,561,961,4915,0.0136608850793181
25,5901,186,0.0,562,963,4938,0.013624458664153696
16,5917,186,0.0,563,963,4954,0.013588394697876097
9,5926,187,1.0,564,963,4963,0.013552689574058628
9,5935,188,1.0,565,963,4972,0.013517339722159148
20,5955,188,0.0,566,965,4990,0.013482341607163007
9,5964,189,1.0,567,965,4999,0.013447691729229546
9,5973,190,1.0,568,965,5008,0.013413386623342096
9,5982,191,1.0,569,965,5017,0.013379422858961477
9,5991,192,1.0,570,965,5026,0.013345797039682946
4,5995,192,0.0,571,966,5029,0.01331250580289656
2,5997,192,0.0,572,967,5030,0.013279545819450893
42,6039,192,0.0,573,967,5072,0.013246913793320138
4,6043,192,0.0,574,967,5076,0.01321460646127448
4,6047,192,0.0,575,967,5080,0.013182620592553802
16,6063,192,0.0,576,967,5096,0.01315095298854457
4,6067,192,0.0,577,967,5100,0.013119600482459998
38,6105,192,0.0,578,967,5138,0.013088559939023343
6,6111,192,0.0,579,967,5144,0.013057828254154401
5,6116,192,0.0,580,967,5149,0.013027402354659073
4,6120,192,0.0,581,967,5153,0.012997279197922058
13,6133,192,0.0,582,967,5166,0.012967455771602571
4,6137,192,0.0,583,967,5170,0.012937929093333135
45,6182,192,0.0,584,968,5214,0.012908696210421315
4,6186,192,0.0,585,968,5218,0.012879754199554458
4,6190,192,0.0,586,969,5221,0.012851100166507357
5,6195,192,0.0,587,969,5226,0.012822731245852837
20,6215,192,0.0,588,969,5246,0.012794644600675184
4,6219,192,0.0,589,969,5250,0.012766837422286476
6,6225,192,0.0,590,969,5256,0.012739306929945703
8,6233,192,0.0,591,969,5264,0.012712050370580685
12,6245,192,0.0,592,970,5275,0.012685065018512777
4,6249,192,0.0,593,970,5279,0.012658348175184284
6,6255,192,0.0,594,970,5285,0.012631897168888604
5,6260,192,0.0,595,970,5290,0.012605709354503067
7,6267,192,0.0,596,970,5297,0.012579782113224414
10,6277,192,0.0,597,970,5307,0.012554112852306908
15,6292,192,0.0,598,971,5321,0.012528699004803068
7,6299,193,1.0,599,971,5328,0.012503538029306963
7,6306,193,0.0,600,972,5334,0.012478627409700078
10,6316,193,0.0,601,972,5344,0.012453964654899695
6,6322,193,0.0,602,972,5350,0.012429547298609778
4,6326,193,0.0,603,972,5354,0.01240537289907435
17,6343,193,0.0,604,973,5370,0.012381439038833314
9,6352,194,1.0,605,973,5379,0.012357743324480702
9,6361,195,1.0,606,974,5387,0.01233428338642533
9,6370,196,1.0,607,974,5396,0.012311056878653841
9,6379,197,1.0,608,974,5405,0.012288061478496108
9,6388,198,1.0,609,975,5413,0.012265294886392948
9,6397,199,1.0,610,975,5422,0.01224275482566618
9,6406,200,1.0,611,975,5431,0.012220439042290943
9,6415,201,1.0,612,975,5440,0.012198345304670311
9,6424,202,1.0,613,975,5449,0.012176471403412107
9,6433,203,1.0,614,975,5458,0.012154815151107974
9,6442,204,1.0,615,975,5467,0.012133374382114637
9,6451,205,1.0,616,975,5476,0.012112146952337331
9,6460,206,1.0,617,975,5485,0.012091130739015387
11,6471,206,0.0,618,976,5495,0.012070323640509958
9,6480,207,1.0,619,976,5504,0.012049723576093858
9,6489,208,1.0,620,976,5513,0.012029328485743472
9,6498,209,1.0,621,977,5521,0.012009136329932777
9,6507,210,1.0,622,977,5530,0.01198914508942936
9,6516,211,1.0,623,977,5539,0.011969352765092513
9,6525,212,1.0,624,977,5548,0.011949757377673304
9,6534,213,1.0,625,977,5557,0.01193035696761667
9,6543,214,1.0,626,977,5566,0.011911149594865432
9,6552,215,1.0,627,977,5575,0.011892133338666311
9,6561,216,1.0,628,977,5584,0.01187330629737784
9,6570,217,1.0,629,977,5593,0.011854666588280199
9,6579,218,1.0,630,977,5602,0.011836212347386948
9,6588,219,1.0,631,977,5611,0.011817941729258619
9,6597,220,1.0,632,977,5620,0.011799852906818169
6,6603,220,0.0,633,978,5625,0.011781944071168286
5,6608,220,0.0,634,979,5629,0.011764213431410478
2,6610,220,0.0,635,979,5631,0.011746659214465993
9,6619,221,1.0,636,979,5640,0.011729279664898506
9,6628,222,1.0,637,979,5649,0.011712073044738584
9,6637,223,1.0,638,979,5658,0.011695037633309868
9,6646,224,1.0,639,979,5667,0.011678171727057018
9,6655,225,1.0,640,979,5676,0.011661473639375353
9,6664,226,1.0,641,979,5685,0.011644941700442194
9,6673,227,1.0,642,979,5694,0.011628574257049868
9,6682,228,1.0,643,979,5703,0.011612369672440398
9,6691,229,1.0,644,979,5712,0.011596326326141817
9,6700,230,1.0,645,979,5721,0.011580442613806126
9,6709,231,1.0,646,980,5729,0.011564716947048855
9,6718,232,1.0,647,980,5738,0.011549147753290225
9,6727,233,1.0,648,980,5747,0.011533733475597885
9,6736,234,1.0,649,980,5756,0.011518472572531219
9,6745,235,1.0,650,980,5765,0.011503363517987204
9,6754,236,1.0,651,980,5774,0.011488404801047796
9,6763,237,1.0,652,980,5783,0.011473594925828836
9,6772,238,1.0,653,980,5792,0.011458932411330456
9,6781,239,1.0,654,980,5801,0.01144441579128899
9,6790,240,1.0,655,980,5810,0.011430043614030338
9,6799,241,1.0,656,980,5819,0.011415814442324796
9,6808,242,1.0,657,980,5828,0.011401726853243335
9,6817,243,1.0,658,980,5837,0.011387779438015309
9,6826,244,1.0,659,980,5846,0.011373970801887569
9,6835,245,1.0,660,980,5855,0.011360299563985
9,6844,246,1.0,661,980,5864,0.011346764357172414
9,6853,247,1.0,662,980,5873,0.011333363827917855
9,6862,248,1.0,663,980,5882,0.011320096636157226
9,6871,249,1.0,664,980,5891,0.011306961455160297
8,6879,249,0.0,665,981,5898,0.011293956971398022
9,6888,250,1.0,666,981,5907,0.01128108188441119
9,6897,251,1.0,667,981,5916,0.01126833490668037
9,6906,252,1.0,668,981,5925,0.011255714763497167
6,6912,252,0.0,669,982,5930,0.011243220192836747
9,6921,253,1.0,670,982,5939,0.011230849945231628
9,6930,254,1.0,671,982,5948,0.011218602783646746
9,6939,255,1.0,672,982,5957,0.011206477483355735
9,6948,256,1.0,673,982,5966,0.01119447283181846
18,6966,256,0.0,674,983,5983,0.011182587628559764
8,6974,257,1.0,675,983,5991,0.011170820685049418
8,6982,258,1.0,676,983,5999,0.011159170824583262
8,6990,259,1.0,677,983,6007,0.011147636882165546
8,6998,260,1.0,678,983,6015,0.011136217704392411
8,7006,261,1.0,679,983,6023,0.011124912149336568
8,7014,262,1.0,680,983,6031,0.01111371908643309
8,7022,263,1.0,681,983,6039,0.011102637396366355
8,7030,264,1.0,682,983,6047,0.011091665970958125
8,7038,265,1.0,683,983,6055,0.011080803713056716
8,7046,266,1.0,684,983,6063,0.011070049536427285
8,7054,267,1.0,685,983,6071,0.011059402365643208
8,7062,268,1.0,686,983,6079,0.011048861135978534
8,7070,269,1.0,687,983,6087,0.011038424793301511
8,7078,270,1.0,688,983,6095,0.011028092293969175
8,7086,271,1.0,689,983,6103,0.011017862604722983
8,7094,272,1.0,690,983,6111,0.011007734702585483
8,7102,273,1.0,691,983,6119,0.010997707574758025
8,7110,274,1.0,692,983,6127,0.010987780218519469
8,7118,275,1.0,693,983,6135,0.010977951641125918
8,7126,276,1.0,694,983,6143,0.010968220859711442
8,7134,277,1.0,695,983,6151,0.010958586901189789
8,7142,278,1.0,696,983,6159,0.01094904880215708
8,7150,279,1.0,697,983,6167,0.010939605608795464
8,7158,280,1.0,698,984,6174,0.010930256376777735
8,7166,281,1.0,699,985,6181,0.010921000171172899
8,7174,282,1.0,700,985,6189,0.010911836066352685
8,7182,283,1.0,701,985,6197,0.010902763145898971
8,7190,284,1.0,702,985,6205,0.010893780502512152
8,7198,285,1.0,703,985,6213,0.010884887237920403
8,7206,286,1.0,704,985,6221,0.010876082462789857
8,7214,287,1.0,705,985,6229,0.010867365296635659
8,7222,288,1.0,706,985,6237,0.010858734867733933
8,7230,289,1.0,707,985,6245,0.010850190313034594
8,7238,290,1.0,708,985,6253,0.010841730778075053
8,7246,291,1.0,709,985,6261,0.010833355416894765
8,7254,292,1.0,710,985,6269,0.01082506339195063
8,7262,293,1.0,711,985,6277,0.010816853874033245
8,7270,294,1.0,712,985,6285,0.010808726042183978
8,7278,295,1.0,713,985,6293,0.01080067908361287
8,7286,296,1.0,714,985,6301,0.01079271219361736
8,7294,297,1.0,715,985,6309,0.010784824575501804
8,7302,298,1.0,716,985,6317,0.010777015440497823
8,7310,299,1.0,717,985,6325,0.010769284007685407
8,7318,300,1.0,718,985,6333,0.01076162950391483
8,7326,301,1.0,719,985,6341,0.01075405116372934
8,7334,302,1.0,720,985,6349,0.010746548229288598
8,7342,303,1.0,721,985,6357,0.010739119950292912
8,7350,304,1.0,722,985,6365,0.010731765583908192
8,7358,305,1.0,723,985,6373,0.010724484394691668
8,7366,306,1.0,724,985,6381,0.010717275654518353
8,7374,307,1.0,725,985,6389,0.010710138642508221
8,7382,308,1.0,726,985,6397,0.010703072644954124
8,7390,309,1.0,727,985,6405,0.010696076955250418
8,7398,310,1.0,728,985,6413,0.010689150873822304
8,7406,311,1.0,729,985,6421,0.010682293708055865
8,7414,312,1.0,730,985,6429,0.010675504772228813
8,7422,313,1.0,731,985,6437,0.010668783387441906
8,7430,314,1.0,732,985,6445,0.010662128881551065
8,7438,315,1.0,733,985,6453,0.010655540589100154
8,7446,316,1.0,734,985,6461,0.010649017851254439
8,7454,317,1.0,735,985,6469,0.0106425600157347
8,7462,318,1.0,736,985,6477,0.010636166436752002
8,7470,319,1.0,737,985,6485,0.01062983647494312
8,7478,320,1.0,738,985,6493,0.010623569497306598
8,7486,321,1.0,739,985,6501,0.01061736487713945
8,7494,322,1.0,740,985,6509,0.010611221993974488
8,7502,323,1.0,741,985,6517,0.010605140233518277
8,7510,324,1.0,742,985,6525,0.010599118987589702
8,7518,325,1.0,743,985,6533,0.010593157654059155
8,7526,326,1.0,744,985,6541,0.010587255636788313
5,7531,326,0.0,745,986,6545,0.01058141234557053
8,7539,327,1.0,746,986,6553,0.01057562719607182
4,7543,327,0.0,747,986,6557,0.010569899609772403
8,7551,328,1.0,748,986,6565,0.010564229013908884
8,7559,329,1.0,749,986,6573,0.010558614841416947
8,7567,330,1.0,750,986,6581,0.010553056530874667
8,7575,331,1.0,751,986,6589,0.010547553526446355
8,7583,332,1.0,752,986,6597,0.010542105277826985
8,7591,333,1.0,753,986,6605,0.010536711240187152
8,7599,334,1.0,754,986,6613,0.0105313708741186
8,7607,335,1.0,755,986,6621,0.01052608364558027
8,7615,336,1.0,756,986,6629,0.010520849025844903
8,7623,337,1.0,757,986,6637,0.010515666491446161
8,7631,338,1.0,758,986,6645,0.01051053552412629
8,7639,339,1.0,759,986,6653,0.010505455610784278
8,7647,340,1.0,760,986,6661,0.010500426243424558
8,7655,341,1.0,761,987,6668,0.010495446919106205
8,7663,342,1.0,762,987,6676,0.010490517139892635
8,7671,343,1.0,763,987,6684,0.010485636412801822
8,7679,344,1.0,764,987,6692,0.010480804249756986
8,7687,345,1.0,765,987,6700,0.010476020167537797
8,7695,346,1.0,766,987,6708,0.010471283687732046
8,7703,347,1.0,767,988,6715,0.010466594336687809
8,7711,348,1.0,768,988,6723,0.010461951645466068
8,7719,349,1.0,769,988,6731,0.010457355149793835
8,7727,350,1.0,770,988,6739,0.010452804390017712
8,7735,351,1.0,771,988,6747,0.010448298911057929
8,7743,352,1.0,772,988,6755,0.010443838262362837
8,7751,353,1.0,773,988,6763,0.010439421997863846
8,7759,354,1.0,774,988,6771,0.010435049675930827
8,7767,355,1.0,775,988,6779,0.010430720859327945
8,7775,356,1.0,776,988,6787,0.01042643511516993
8,7783,357,1.0,777,988,6795,0.010422192014878798
8,7791,358,1.0,778,989,6802,0.01041799113414098
5,7796,358,0.0,779,990,6806,0.010413832052864903
5,7801,358,0.0,780,990,6811,0.010409714355138974
4,7805,358,0.0,781,990,6815,0.010405637629189989
3,7808,358,0.0,782,990,6818,0.010401601467341955
38,7846,358,0.0,783,991,6855,0.010397605465975325
2,7848,358,0.0,784,991,6857,0.01039364922548663
2,7850,358,0.0,785,991,6859,0.010389732350248527
2,7852,358,0.0,786,991,6861,0.010385854448570228
8,7860,359,1.0,787,991,6869,0.01038201513265833
8,7868,360,1.0,788,991,6877,0.010378214018578047
8,7876,361,1.0,789,991,6885,0.0103744507262148
8,7884,362,1.0,790,991,6893,0.010370724879236218
8,7892,363,1.0,791,991,6901,0.010367036105054498
8,7900,364,1.0,792,991,6909,0.010363384034789147
8,7908,365,1.0,793,991,6917,0.010359768303230097
8,7916,366,1.0,794,991,6925,0.010356188548801179
8,7924,367,1.0,795,992,6932,0.010352644413523964
8,7932,368,1.0,796,992,6940,0.010349135542981974
8,7940,369,1.0,797,992,6948,0.010345661586285228
8,7948,370,1.0,798,992,6956,0.010342222196035164
7,7955,370,0.0,799,993,6962,0.01033881702828989
8,7963,371,1.0,800,993,6970,0.010335445742529792
8,7971,372,1.0,801,993,6978,0.010332108001623487
11,7982,372,0.0,802,994,6988,0.010328803471794101
8,7990,373,1.0,803,994,6996,0.0103255318225859
8,7998,374,1.0,804,994,7004,0.010322292726831234
8,8006,375,1.0,805,994,7012,0.01031908586061783
8,8014,376,1.0,806,994,7020,0.010315910903256391
8,8022,377,1.0,807,994,7028,0.01031276753724854
8,8030,378,1.0,808,994,7036,0.010309655448255054
8,8038,379,1.0,809,994,7044,0.01030657432506444
8,8046,380,1.0,810,994,7052,0.010303523859561813
8,8054,381,1.0,811,994,7060,0.01030050374669808
8,8062,382,1.0,812,994,7068,0.010297513684459435
8,8070,383,1.0,813,994,7076,0.010294553373837166
8,8078,384,1.0,814,994,7084,0.010291622518797741
9,8087,384,0.0,815,995,7092,0.010288720826253218
8,8095,385,1.0,816,995,7100,0.010285848006031922
8,8103,386,1.0,817,995,7108,0.010283003770849435
8,8111,387,1.0,818,995,7116,0.010280187836279871
8,8119,388,1.0,819,995,7124,0.010277399920727424
8,8127,389,1.0,820,996,7131,0.01027463974539822
8,8135,390,1.0,821,996,7139,0.010271907034272422
8,8143,391,1.0,822,996,7147,0.01026920151407664
8,8151,392,1.0,823,996,7155,0.010266522914256601
8,8159,393,1.0,824,996,7163,0.010263870966950093
8,8167,394,1.0,825,996,7171,0.01026124540696017
8,8175,395,1.0,826,997,7178,0.010258645971728651
17,8192,395,0.0,827,997,7195,0.010256072401309843
31,8223,396,1.0,828,998,7225,0.01025352443834456
8,8231,397,1.0,829,998,7233,0.010251001828034383
4,8235,397,0.0,830,999,7236,0.010248504318116178
8,8243,398,1.0,831,999,7244,0.010246031658836873
8,8251,399,1.0,832,999,7252,0.010243583602928479
8,8259,400,1.0,833,999,7260,0.010241159905583363
8,8267,401,1.0,834,999,7268,0.010238760324429774
8,8275,402,1.0,835,999,7276,0.010236384619507594
8,8283,403,1.0,836,999,7284,0.010234032553244354
8,8291,404,1.0,837,1000,7291,0.010231703890431466
8,8299,405,1.0,838,1000,7299,0.01022939839820071
8,8307,406,1.0,839,1000,7307,0.010227115846000938
8,8315,407,1.0,840,1000,7315,0.01022485600557503
8,8323,408,1.0,841,1000,7323,0.01022261865093706
8,8331,409,1.0,842,1000,7331,0.010220403558349701
8,8339,410,1.0,843,1000,7339,0.010218210506301846
8,8347,411,1.0,844,1000,7347,0.010216039275486465
8,8355,412,1.0,845,1000,7355,0.010213889648778665
8,8363,413,1.0,846,1000,7363,0.010211761411213984
8,8371,413,0.0,847,1001,7370,0.010209654349966894
8,8379,414,1.0,848,1001,7378,0.010207568254329514
8,8387,415,1.0,849,1001,7386,0.01020550291569054
8,8395,416,1.0,850,1001,7394,0.010203458127514388
8,8403,417,1.0,851,1001,7402,0.010201433685320538
8,8411,418,1.0,852,1001,7410,0.010199429386663081
2,8413,418,0.0,853,1002,7411,0.010197445031110482
8,8421,419,1.0,854,1002,7419,0.010195480420225531
8,8429,420,1.0,855,1002,7427,0.010193535357545505
8,8437,421,1.0,856,1002,7435,0.010191609648562514
8,8445,422,1.0,857,1002,7443,0.010189703100704052
8,8453,423,1.0,858,1002,7451,0.01018781552331375
8,8461,424,1.0,859,1002,7459,0.01018594672763229
8,8469,425,1.0,860,1002,7467,0.010184096526778551
8,8477,426,1.0,861,1002,7475,0.010182264735730903
8,8485,427,1.0,862,1002,7483,0.010180451171308717
8,8493,428,1.0,863,1002,7491,0.010178655652154037
8,8501,429,1.0,864,1002,7499,0.010176877998713455
8,8509,430,1.0,865,1002,7507,0.01017511803322014
8,8517,431,1.0,866,1002,7515,0.010173375579676082
7,8524,431,0.0,867,1003,7521,0.01017165046383447
8,8532,432,1.0,868,1003,7529,0.010169942513182286
8,8540,433,1.0,869,1003,7537,0.010168251556923037
8,8548,434,1.0,870,1003,7545,0.010166577425959692
8,8556,435,1.0,871,1003,7553,0.010164919952877757
8,8564,436,1.0,872,1003,7561,0.010163278971928544
8,8572,437,1.0,873,1003,7569,0.01016165431901259
28,8600,437,0.0,874,1006,7594,0.01016004583166325
9,8609,438,1.0,875,1006,7603,0.010158453349030448
9,8618,439,1.0,876,1006,7612,0.010156876711864594
9,8627,440,1.0,877,1006,7621,0.010155315762500658
9,8636,441,1.0,878,1006,7630,0.0101537703448424
9,8645,442,1.0,879,1006,7639,0.010152240304346772
9,8654,443,1.0,880,1006,7648,0.010150725488008444
9,8663,444,1.0,881,1006,7657,0.010149225744344521
9,8672,445,1.0,882,1006,7666,0.01014774092337939
9,8681,446,1.0,883,1006,7675,0.010146270876629714
9,8690,447,1.0,884,1006,7684,0.010144815457089593
8,8698,447,0.0,885,1007,7691,0.010143374519215861
9,8707,448,1.0,886,1007,7700,0.01014194791891353
9,8716,449,1.0,887,1007,7709,0.01014053551352138
9,8725,450,1.0,888,1007,7718,0.010139137161797698
9,8734,451,1.0,889,1007,7727,0.010137752723906142
9,8743,452,1.0,890,1007,7736,0.01013638206140177
9,8752,453,1.0,891,1007,7745,0.010135025037217192
9,8761,454,1.0,892,1007,7754,0.010133681515648855
9,8770,455,1.0,893,1007,7763,0.010132351362343486
9,8779,456,1.0,894,1007,7772,0.010131034444284644
9,8788,457,1.0,895,1007,7781,0.010129730629779427
9,8797,458,1.0,896,1007,7790,0.010128439788445296
9,8806,459,1.0,897,1007,7799,0.010127161791197044
9,8815,460,1.0,898,1007,7808,0.01012589651023388
9,8824,461,1.0,899,1007,7817,0.010124643819026653
9,8833,462,1.0,900,1007,7826,0.0101234035923052
16,8849,462,0.0,901,1009,7840,0.010122175706045813
9,8858,463,1.0,902,1009,7849,0.010120960037458845
9,8867,464,1.0,903,1009,7858,0.010119756464976423
9,8876,465,1.0,904,1009,7867,0.010118564868240294
9,8885,466,1.0,905,1009,7876,0.010117385128089795
9,8894,467,1.0,906,1009,7885,0.010116217126549927
9,8903,468,1.0,907,1009,7894,0.010115060746819561
15,8918,468,0.0,908,1010,7908,0.010113915873259762
13,8931,468,0.0,909,1010,7921,0.010112782391382219
11,8942,468,0.0,910,1010,7932,0.010111660187837799
9,8951,469,1.0,911,1010,7941,0.010110549150405214
9,8960,470,1.0,912,1010,7950,0.010109449167979795
16,8976,470,0.0,913,1010,7966,0.010108360130562379
16,8992,470,0.0,914,1010,7982,0.010107281929248322
18,9010,470,0.0,915,1010,8000,0.010106214456216591
37,9047,470,0.0,916,1010,8037,0.010105157604718994
8,9055,470,0.0,917,1010,8045,0.010104111269069502
4,9059,470,0.0,918,1010,8049,0.010103075344633675
9,9068,471,1.0,919,1010,8058,0.010102049727818207
9,9077,472,1.0,920,1010,8067,0.010101034316060565
9,9086,473,1.0,921,1010,8076,0.010100029007818723
9,9095,474,1.0,922,1010,8085,0.01009903370256102
9,9104,475,1.0,923,1010,8094,0.010098048300756102
9,9113,476,1.0,924,1010,8103,0.010097072703862968
9,9122,477,1.0,925,1010,8112,0.010096106814321115
9,9131,478,1.0,926,1010,8121,0.01009515053554078
9,9140,479,1.0,927,1010,8130,0.010094203771893295
9,9149,480,1.0,928,1010,8139,0.010093266428701501
9,9158,481,1.0,929,1010,8148,0.0100923384122303
9,9167,482,1.0,930,1010,8157,0.01009141962967727
9,9176,482,0.0,931,1011,8165,0.010090509989163391
9,9185,483,1.0,932,1011,8174,0.010089609399723856
9,9194,484,1.0,933,1011,8183,0.010088717771298966
9,9203,485,1.0,934,1011,8192,0.010087835014725138
9,9212,486,1.0,935,1011,8201,0.010086961041725979
9,9221,487,1.0,936,1011,8210,0.01008609576490346
9,9230,488,1.0,937,1011,8219,0.010085239097729176
9,9239,489,1.0,938,1011,8228,0.0100843909545357
9,9248,490,1.0,939,1011,8237,0.010083551250508005
9,9257,491,1.0,940,1011,8246,0.010082719901674985
9,9266,492,1.0,941,1011,8255,0.010081896824901066
9,9275,493,1.0,942,1011,8264,0.010081081937877885
9,9284,494,1.0,943,1012,8272,0.01008027515911606
9,9293,495,1.0,944,1012,8281,0.010079476407937044
9,9302,496,1.0,945,1012,8290,0.010078685604465051
9,9311,497,1.0,946,1012,8299,0.010077902669619077
9,9320,498,1.0,947,1012,8308,0.010077127525104984
7,9327,498,0.0,948,1013,8314,0.010076360093407673
9,9336,499,1.0,949,1013,8323,0.010075600297783338
9,9345,500,1.0,950,1013,8332,0.010074848062251781
9,9354,501,1.0,951,1013,8341,0.010074103311588823
9,9363,502,1.0,952,1013,8350,0.010073365971318778
9,9372,503,1.0,953,1013,8359,0.010072635967707003
8,9380,504,1.0,954,1014,8366,0.010071913227752527
11,9391,504,0.0,955,1014,8377,0.010071197679180756
9,9400,505,1.0,956,1014,8386,0.010070489250436234
9,9409,506,1.0,957,1014,8395,0.010069787870675497
9,9418,507,1.0,958,1014,8404,0.010069093469759984
9,9427,508,1.0,959,1014,8413,0.010068405978249026
9,9436,509,1.0,960,1014,8422,0.010067725327392897
9,9445,510,1.0,961,1014,8431,0.010067051449125945
9,9454,511,1.0,962,1014,8440,0.010066384276059784
9,9463,512,1.0,963,1014,8449,0.010065723741476547
9,9472,513,1.0,964,1014,8458,0.01006506977932223
11,9483,513,0.0,965,1015,8468,0.010064422324200068
9,9492,514,1.0,966,1015,8477,0.010063781311364012
9,9501,515,1.0,967,1015,8486,0.010063146676712244
9,9510,516,1.0,968,1015,8495,0.01006251835678077
9,9519,517,1.0,969,1015,8504,0.010061896288737071
9,9528,518,1.0,970,1015,8513,0.01006128041037383
9,9537,519,1.0,971,1015,8522,0.01006067066010269
9,9546,520,1.0,972,1015,8531,0.01006006697694812
7,9553,520,0.0,973,1016,8537,0.010059469300541302
9,9562,521,1.0,974,1016,8546,0.010058877571114096
9,9571,522,1.0,975,1016,8555,0.010058291729493065
9,9580,523,1.0,976,1016,8564,0.01005771171709356
6,9586,523,0.0,977,1017,8569,0.010057137475913858
9,9595,524,1.0,978,1017,8578,0.010056568948529363
7,9602,524,0.0,979,1018,8584,0.010056006078086861
9,9611,525,1.0,980,1018,8593,0.01005544880829884
6,9617,525,0.0,981,1019,8598,0.010054897083437856
9,9626,526,1.0,982,1019,8607,0.010054350848330963
9,9635,527,1.0,983,1019,8616,0.010053810048354195
9,9644,528,1.0,984,1019,8625,0.010053274629427107
9,9653,529,1.0,985,1019,8634,0.010052744538007355
9,9662,530,1.0,986,1019,8643,0.01005221972108536
9,9671,531,1.0,987,1019,8652,0.010051700126178988
9,9680,532,1.0,988,1019,8661,0.010051185701328317
9,9689,533,1.0,989,1019,8670,0.010050676395090436
9,9698,534,1.0,990,1019,8679,0.010050172156534292
9,9707,535,1.0,991,1019,8688,0.010049672935235614
9,9716,536,1.0,992,1019,8697,0.010049178681271852
8,9724,536,0.0,993,1020,8704,0.010048689345217202
29,9753,537,1.0,994,1020,8733,0.010048204878137646
29,9782,538,1.0,995,1020,8762,0.010047725231586075
29,9811,539,1.0,996,1021,8790,0.010047250357597435
29,9840,540,1.0,997,1021,8819,0.010046780208683928
47,9887,540,0.0,998,1022,8865,0.010046314737830275
16,9903,540,0.0,999,1022,8881,0.010045853898488999
16,9919,540,0.0,1000,1022,8897,0.010045397644575786
16,9935,540,0.0,1001,1022,8913,0.010044945930464861
16,9951,540,0.0,1002,1022,8929,0.010044498710984437
22,9973,540,0.0,1003,1022,8951,0.010044055941412194
22,9995,540,0.0,1004,1022,8973,0.010043617577470805
32,10027,540,0.0,1005,1022,9005,0.010043183575323512
20,10047,540,0.0,1006,1022,9025,0.010042753891569738
21,10068,540,0.0,1007,1022,9046,0.01004232848324075
5,10073,540,0.0,1008,1022,9051,0.010041907307795358
8,10081,540,0.0,1009,1022,9059,0.01004149032311567
4,10085,540,0.0,1010,1022,9063,0.010041077487502869
8,10093,540,0.0,1011,1022,9071,0.010040668759673048
23,10116,540,0.0,1012,1022,9094,0.010040264098753086
10,10126,540,0.0,1013,1022,9104,0.010039863464276553
7,10133,540,0.0,1014,1022,9111,0.010039466816179668
4,10137,540,0.0,1015,1022,9115,0.010039074114797288
3,10140,540,0.0,1016,1022,9118,0.01003868532085895
8,10148,540,0.0,1017,1022,9126,0.010038300395484938
11,10159,540,0.0,1018,1022,9137,0.01003791930018239
27,10186,540,0.0,1019,1022,9164,0.01003754199684146
11,10197,540,0.0,1020,1022,9175,0.0100371684477315
4,10201,540,0.0,1021,1022,9179,0.010036798615497286
4,10205,540,0.0,1022,1022,9183,0.010036432463155286
16,10221,540,0.0,1023,1022,9199,0.010036069954089965
10,10231,540,0.0,1024,1022,9209,0.01003571105205011
16,10247,540,0.0,1025,1022,9225,0.01003535572114522
35,10282,540,0.0,1026,1022,9260,0.010035003925841906
33,10315,540,0.0,1027,1022,9293,0.010034655630960348
67,10382,540,0.0,1028,1023,9359,0.010034310801670764
47,10429,540,0.0,1029,1024,9405,0.010033969403489941
24,10453,540,0.0,1030,1024,9429,0.010033631402277775
16,10469,540,0.0,1031,1024,9445,0.010033296764233863
10,10479,540,0.0,1032,1024,9455,0.01003296545589412
31,10510,540,0.0,1033,1024,9486,0.01003263744412744
16,10526,540,0.0,1034,1024,9502,0.010032312696132369
47,10573,540,0.0,1035,1025,9548,0.01003199117943384
21,10594,540,0.0,1036,1025,9569,0.010031672861879913
10,10604,540,0.0,1037,1025,9579,0.010031357711638567
29,10633,540,0.0,1038,1025,9608,0.010031045697194518
14,10647,540,0.0,1039,1025,9622,0.01003073678734606
16,10663,540,0.0,1040,1026,9637,0.01003043095120195
12,10675,540,0.0,1041,1026,9649,0.01003012815817832
12,10687,540,0.0,1042,1026,9661,0.010029828377995615
12,10699,540,0.0,1043,1026,9673,0.010029531580675564
12,10711,540,0.0,1044,1026,9685,0.010029237736538193
24,10735,540,0.0,1045,1026,9709,0.01002894681619884
14,10749,540,0.0,1046,1026,9723,0.010028658790565229
15,10764,540,0.0,1047,1026,9738,0.010028373630834558
12,10776,540,0.0,1048,1026,9750,0.010028091308490614
8,10784,540,0.0,1049,1026,9758,0.010027811795300929
13,10797,540,0.0,1050,1026,9771,0.01002753506331395
10,10807,540,0.0,1051,1026,9781,0.01002726108485625
8,10815,540,0.0,1052,1026,9789,0.010026989832529752
21,10836,540,0.0,1053,1026,9810,0.010026721279208999
11,10847,540,0.0,1054,1026,9821,0.010026455398038434
8,10855,540,0.0,1055,1026,9829,0.01002619216242972
5,10860,540,0.0,1056,1026,9834,0.010025931546059077
4,10864,540,0.0,1057,1026,9838,0.010025673522864646
2,10866,540,0.0,1058,1026,9840,0.0100254180670439
8,10874,540,0.0,1059,1026,9848,0.010025165153051038
6,10880,541,1.0,1060,1026,9854,0.010024914755594453
6,10886,542,1.0,1061,1026,9860,0.01002466684963419
6,10892,543,1.0,1062,1026,9866,0.010024421410379444
6,10898,544,1.0,1063,1026,9872,0.01002417841328609
6,10904,545,1.0,1064,1026,9878,0.010023937834054211
6,10910,546,1.0,1065,1026,9884,0.010023699648625687
6,10916,547,1.0,1066,1026,9890,0.010023463833181775
6,10922,548,1.0,1067,1026,9896,0.010023230364140734
5,10927,548,0.0,1068,1027,9900,0.010022999218155467
6,10933,549,1.0,1069,1027,9906,0.01002277037211118
6,10939,550,1.0,1070,1027,9912,0.01002254380312308
6,10945,551,1.0,1071,1027,9918,0.01002231948853408
6,10951,552,1.0,1072,1027,9924,0.010022097405912533
6,10957,553,1.0,1073,1027,9930,0.010021877533049992
6,10963,554,1.0,1074,1027,9936,0.010021659847958985
6,10969,555,1.0,1075,1027,9942,0.010021444328870826
6,10975,556,1.0,1076,1027,9948,0.010021230954233424
7,10982,557,1.0,1077,1028,9954,0.010021019702709136
2,10984,557,0.0,1078,1029,9955,0.010020810553172638
6,10990,558,1.0,1079,1029,9961,0.010020603484708799
6,10996,559,1.0,1080,1029,9967,0.0100203984766106
6,11002,560,1.0,1081,1029,9973,0.01002019550837706
6,11008,561,1.0,1082,1029,9979,0.010019994559711188
6,11014,562,1.0,1083,1029,9985,0.01001979561051795
6,11020,563,1.0,1084,1029,9991,0.01001959864090226
6,11026,564,1.0,1085,1029,9997,0.010019403631166992
6,11032,565,1.0,1086,1029,10003,0.01001921056181101
6,11038,566,1.0,1087,1029,10009,0.01001901941352722
6,11044,567,1.0,1088,1029,10015,0.01001883016720063
6,11050,568,1.0,1089,1029,10021,0.010018642803906453
6,11056,569,1.0,1090,1029,10027,0.010018457304908203
6,11062,570,1.0,1091,1029,10033,0.010018273651655822
6,11068,571,1.0,1092,1029,10039,0.010018091825783837
6,11074,571,0.0,1093,1030,10044,0.010017911809109508
6,11080,572,1.0,1094,1030,10050,0.010017733583631014
6,11086,573,1.0,1095,1030,10056,0.010017557131525663
6,11092,574,1.0,1096,1030,10062,0.010017382435148095
6,11098,575,1.0,1097,1030,10068,0.010017209477028527
6,11104,576,1.0,1098,1030,10074,0.010017038239871004
6,11110,577,1.0,1099,1030,10080,0.010016868706551666
6,11116,578,1.0,1100,1030,10086,0.01001670086011704
6,11122,579,1.0,1101,1030,10092,0.010016534683782344
6,11128,580,1.0,1102,1030,10098,0.010016370160929804
7,11135,581,1.0,1103,1031,10104,0.010016207275107
6,11141,582,1.0,1104,1031,10110,0.010016046010025212
6,11147,583,1.0,1105,1031,10116,0.0100158863495578
6,11153,584,1.0,1106,1031,10122,0.01001572827773858
6,11159,585,1.0,1107,1031,10128,0.010015571778760241
6,11165,586,1.0,1108,1031,10134,0.010015416836972756
6,11171,587,1.0,1109,1031,10140,0.010015263436881815
6,11177,588,1.0,1110,1031,10146,0.010015111563147282
6,11183,589,1.0,1111,1031,10152,0.010014961200581656
6,11189,590,1.0,1112,1031,10158,0.010014812334148557
6,11195,591,1.0,1113,1031,10164,0.010014664948961216
6,11201,592,1.0,1114,1031,10170,0.010014519030280992
6,11207,593,1.0,1115,1031,10176,0.010014374563515895
6,11213,594,1.0,1116,1031,10182,0.01001423153421913
6,11219,595,1.0,1117,1031,10188,0.010014089928087644
6,11225,596,1.0,1118,1031,10194,0.01001394973096071
6,11231,597,1.0,1119,1031,10200,0.010013810928818496
6,11237,598,1.0,1120,1031,10206,0.010013673507780674
6,11243,599,1.0,1121,1031,10212,0.010013537454105024
6,11249,600,1.0,1122,1031,10218,0.010013402754186067
6,11255,601,1.0,1123,1031,10224,0.010013269394553695
6,11261,602,1.0,1124,1031,10230,0.010013137361871838
6,11267,603,1.0,1125,1031,10236,0.010013006642937116
6,11273,604,1.0,1126,1031,10242,0.010012877224677526
17,11290,605,1.0,1127,1033,10257,0.010012749094151136
17,11307,606,1.0,1128,1033,10274,0.010012622238544785
35,11342,606,0.0,1129,1033,10309,0.010012496645172807
17,11359,607,1.0,1130,1035,10324,0.01001237230147576
9,11368,607,0.0,1131,1035,10333,0.01001224919501917
6,11374,608,1.0,1132,1035,10339,0.01001212731349229
6,11380,609,1.0,1133,1035,10345,0.010012006644706866
6,11386,610,1.0,1134,1035,10351,0.010011887176595919
6,11392,611,1.0,1135,1035,10357,0.010011768897212536
6,11398,612,1.0,1136,1035,10363,0.010011651794728682
6,11404,613,1.0,1137,1035,10369,0.010011535857434011
6,11410,614,1.0,1138,1035,10375,0.010011421073734697
6,11416,615,1.0,1139,1035,10381,0.010011307432152275
6,11422,616,1.0,1140,1035,10387,0.01001119492132249
6,11428,617,1.0,1141,1035,10393,0.010011083529994165
6,11434,618,1.0,1142,1035,10399,0.010010973247028078
6,11440,619,1.0,1143,1035,10405,0.010010864061395836
6,11446,620,1.0,1144,1035,10411,0.01001075596217879
6,11452,621,1.0,1145,1035,10417,0.010010648938566923
6,11458,622,1.0,1146,1035,10423,0.010010542979857786
6,11464,622,0.0,1147,1036,10428,0.010010438075455421
6,11470,623,1.0,1148,1036,10434,0.010010334214869302
6,11476,624,1.0,1149,1036,10440,0.010010231387713281
6,11482,625,1.0,1150,1036,10446,0.010010129583704556
6,11488,626,1.0,1151,1036,10452,0.010010028792662645
6,11494,627,1.0,1152,1036,10458,0.010009929004508356
6,11500,628,1.0,1153,1036,10464,0.010009830209262792
6,11506,629,1.0,1154,1036,10470,0.010009732397046348
6,11512,630,1.0,1155,1036,10476,0.010009635558077717
6,11518,631,1.0,1156,1036,10482,0.010009539682672925
6,11524,632,1.0,1157,1036,10488,0.010009444761244348
15,11539,632,0.0,1158,1038,10501,0.010009350784299768
6,11545,633,1.0,1159,1038,10507,0.01000925774244141
6,11551,634,1.0,1160,1038,10513,0.01000916562636501
6,11557,635,1.0,1161,1038,10519,0.010009074426858885
6,11563,636,1.0,1162,1038,10525,0.010008984134803008
6,11569,637,1.0,1163,1038,10531,0.010008894741168098
6,11575,638,1.0,1164,1038,10537,0.010008806237014717
6,11581,639,1.0,1165,1038,10543,0.010008718613492376
6,11587,640,1.0,1166,1038,10549,0.010008631861838651
6,11593,641,1.0,1167,1038,10555,0.010008545973378302
6,11599,642,1.0,1168,1038,10561,0.010008460939522413
6,11605,643,1.0,1169,1038,10567,0.010008376751767528
6,11611,644,1.0,1170,1038,10573,0.010008293401694799
6,11617,645,1.0,1171,1038,10579,0.01000821088096915
6,11623,646,1.0,1172,1038,10585,0.010008129181338442
6,11629,647,1.0,1173,1038,10591,0.01000804829463264
6,11635,648,1.0,1174,1038,10597,0.01000796821276301
6,11641,649,1.0,1175,1038,10603,0.010007888927721297
6,11647,650,1.0,1176,1038,10609,0.010007810431578928
6,11653,651,1.0,1177,1038,10615,0.010007732716486228
4,11657,651,0.0,1178,1039,10618,0.01000765577467162
6,11663,652,1.0,1179,1039,10624,0.010007579598440857
6,11669,653,1.0,1180,1039,10630,0.010007504180176256
6,11675,654,1.0,1181,1039,10636,0.010007429512335927
6,11681,655,1.0,1182,1039,10642,0.010007355587453021
6,11687,656,1.0,1183,1039,10648,0.010007282398134991
6,11693,657,1.0,1184,1039,10654,0.010007209937062844
6,11699,658,1.0,1185,1039,10660,0.01000713819699041
4,11703,658,0.0,1186,1040,10663,0.010007067170743624
6,11709,659,1.0,1187,1040,10669,0.010006996851219802
8,11717,659,0.0,1188,1041,10676,0.010006927231386933
6,11723,660,1.0,1189,1041,10682,0.010006858304282974
6,11729,661,1.0,1190,1041,10688,0.01000679006301516
6,11735,662,1.0,1191,1041,10694,0.010006722500759306
6,11741,663,1.0,1192,1041,10700,0.010006655610759129
8,11749,663,0.0,1193,1042,10707,0.010006589386325575
6,11755,664,1.0,1194,1042,10713,0.010006523820836145
6,11761,665,1.0,1195,1042,10719,0.010006458907734234
14,11775,665,0.0,1196,1043,10732,0.010006394640528481
6,11781,666,1.0,1197,1043,10738,0.010006331012792108
6,11787,667,1.0,1198,1043,10744,0.01000626801816229
6,11793,668,1.0,1199,1043,10750,0.010006205650339512
6,11799,669,1.0,1200,1043,10756,0.010006143903086939
6,11805,670,1.0,1201,1043,10762,0.010006082770229794
6,11811,671,1.0,1202,1043,10768,0.010006022245654743
6,11817,672,1.0,1203,1043,10774,0.010005962323309275
6,11823,673,1.0,1204,1043,10780,0.010005902997201107
6,11829,674,1.0,1205,1043,10786,0.010005844261397577
6,11835,675,1.0,1206,1043,10792,0.010005786110025058
6,11841,676,1.0,1207,1043,10798,0.010005728537268364
6,11847,677,1.0,1208,1043,10804,0.010005671537370168
6,11853,678,1.0,1209,1043,10810,0.010005615104630439
15,11868,678,0.0,1210,1044,10824,0.01000555923340585
6,11874,679,1.0,1211,1044,10830,0.010005503918109233
6,11880,680,1.0,1212,1044,10836,0.010005449153209016
6,11886,681,1.0,1213,1044,10842,0.01000539493322866
6,11892,682,1.0,1214,1044,10848,0.010005341252746124
6,11898,683,1.0,1215,1044,10854,0.010005288106393312
6,11904,684,1.0,1216,1044,10860,0.010005235488855546
6,11910,685,1.0,1217,1044,10866,0.010005183394871029
6,11916,686,1.0,1218,1044,10872,0.010005131819230318
6,11922,687,1.0,1219,1044,10878,0.010005080756775806
6,11928,688,1.0,1220,1044,10884,0.010005030202401208
6,11934,689,1.0,1221,1044,10890,0.01000498015105104
6,11940,690,1.0,1222,1044,10896,0.010004930597720129
6,11946,691,1.0,1223,1044,10902,0.010004881537453098
6,11952,692,1.0,1224,1044,10908,0.01000483296534388
6,11958,693,1.0,1225,1044,10914,0.010004784876535224
6,11964,694,1.0,1226,1044,10920,0.010004737266218209
6,11970,695,1.0,1227,1044,10926,0.010004690129631762
6,11976,696,1.0,1228,1044,10932,0.010004643462062188
6,11982,697,1.0,1229,1044,10938,0.01000459725884269
6,11988,698,1.0,1230,1044,10944,0.010004551515352907
6,11994,699,1.0,1231,1044,10950,0.010004506227018452
6,12000,700,1.0,1232,1044,10956,0.010004461389310455
6,12006,701,1.0,1233,1044,10962,0.010004416997745106
6,12012,702,1.0,1234,1044,10968,0.010004373047883213
6,12018,703,1.0,1235,1044,10974,0.010004329535329752
6,12024,704,1.0,1236,1044,10980,0.010004286455733433
6,12030,705,1.0,1237,1044,10986,0.010004243804786258
6,12036,706,1.0,1238,1044,10992,0.010004201578223099
6,12042,707,1.0,1239,1044,10998,0.010004159771821263
6,12048,708,1.0,1240,1044,11004,0.010004118381400076
6,12054,709,1.0,1241,1044,11010,0.010004077402820461
6,12060,710,1.0,1242,1044,11016,0.010004036831984526
6,12066,711,1.0,1243,1044,11022,0.010003996664835153
6,12072,712,1.0,1244,1044,11028,0.010003956897355594
6,12078,713,1.0,1245,1044,11034,0.010003917525569068
6,12084,714,1.0,1246,1044,11040,0.010003878545538364
6,12090,715,1.0,1247,1044,11046,0.010003839953365446
6,12096,716,1.0,1248,1044,11052,0.010003801745191065
6,12102,717,1.0,1249,1044,11058,0.01000376391719437
6,12108,718,1.0,1250,1044,11064,0.010003726465592533
6,12114,719,1.0,1251,1044,11070,0.010003689386640358
6,12120,720,1.0,1252,1044,11076,0.010003652676629922
6,12126,721,1.0,1253,1044,11082,0.010003616331890194
6,12132,722,1.0,1254,1044,11088,0.01000358034878667
6,12138,723,1.0,1255,1044,11094,0.010003544723721006
6,12144,724,1.0,1256,1044,11100,0.010003509453130669
6,12150,725,1.0,1257,1044,11106,0.01000347453348857
6,12156,726,1.0,1258,1044,11112,0.010003439961302714
6,12162,727,1.0,1259,1044,11118,0.010003405733115854
6,12168,728,1.0,1260,1044,11124,0.010003371845505146
6,12174,729,1.0,1261,1044,11130,0.010003338295081798
6,12180,730,1.0,1262,1044,11136,0.01000330507849074
6,12186,731,1.0,1263,1044,11142,0.010003272192410284
6,12192,732,1.0,1264,1044,11148,0.010003239633551798
6,12198,733,1.0,1265,1044,11154,0.010003207398659366
6,12204,734,1.0,1266,1044,11160,0.010003175484509472
6,12210,735,1.0,1267,1044,11166,0.010003143887910676
6,12216,736,1.0,1268,1044,11172,0.010003112605703291
6,12222,737,1.0,1269,1044,11178,0.01000308163475907
6,12228,738,1.0,1270,1044,11184,0.010003050971980893
6,12234,739,1.0,1271,1044,11190,0.010003020614302456
6,12240,740,1.0,1272,1044,11196,0.010002990558687967
6,12246,741,1.0,1273,1044,11202,0.010002960802131838
6,12252,742,1.0,1274,1044,11208,0.010002931341658392
6,12258,743,1.0,1275,1044,11214,0.010002902174321553
6,12264,744,1.0,1276,1044,11220,0.010002873297204564
6,12270,745,1.0,1277,1044,11226,0.01000284470741969
6,12276,746,1.0,1278,1044,11232,0.01000281640210793
6,12282,747,1.0,1279,1044,11238,0.010002788378438727
6,12288,748,1.0,1280,1044,11244,0.010002760633609692
6,12294,749,1.0,1281,1044,11250,0.010002733164846317
6,12300,750,1.0,1282,1044,11256,0.010002705969401705
6,12306,751,1.0,1283,1044,11262,0.010002679044556288
6,12312,752,1.0,1284,1044,11268,0.01000265238761756
6,12318,753,1.0,1285,1044,11274,0.010002625995919804
6,12324,754,1.0,1286,1044,11280,0.010002599866823827
6,12330,755,1.0,1287,1044,11286,0.0100025739977167
6,12336,756,1.0,1288,1044,11292,0.01000254838601149
6,12342,757,1.0,1289,1044,11298,0.010002523029147005
6,12348,758,1.0,1290,1044,11304,0.010002497924587536
6,12354,759,1.0,1291,1044,11310,0.010002473069822607
6,12360,760,1.0,1292,1044,11316,0.010002448462366724
6,12366,761,1.0,1293,1044,11322,0.010002424099759115
6,12372,762,1.0,1294,1044,11328,0.010002399979563504
6,12378,763,1.0,1295,1044,11334,0.010002376099367848
6,12384,764,1.0,1296,1044,11340,0.01000235245678411
6,12390,765,1.0,1297,1044,11346,0.01000232904944801
6,12396,766,1.0,1298,1044,11352,0.010002305875018797
6,12402,767,1.0,1299,1044,11358,0.010002282931179005
6,12408,768,1.0,1300,1044,11364,0.010002260215634235
6,12414,769,1.0,1301,1044,11370,0.010002237726112912
6,12420,770,1.0,1302,1044,11376,0.010002215460366065
6,12426,771,1.0,1303,1044,11382,0.0100021934161671
6,12432,772,1.0,1304,1044,11388,0.01000217159131158
6,12438,773,1.0,1305,1044,11394,0.010002149983617
6,12444,774,1.0,1306,1044,11400,0.010002128590922576
6,12450,775,1.0,1307,1044,11406,0.010002107411089015
6,12456,776,1.0,1308,1044,11412,0.01000208644199832
6,12462,777,1.0,1309,1044,11418,0.010002065681553565
6,12468,778,1.0,1310,1044,11424,0.010002045127678686
6,12474,779,1.0,1311,1044,11430,0.010002024778318278
6,12480,780,1.0,1312,1044,11436,0.01000200463143739
6,12486,781,1.0,1313,1044,11442,0.010001984685021318
6,12492,782,1.0,1314,1044,11448,0.010001964937075399
6,12498,783,1.0,1315,1044,11454,0.010001945385624827
6,12504,784,1.0,1316,1044,11460,0.010001926028714438
6,12510,785,1.0,1317,1044,11466,0.010001906864408525
6,12516,786,1.0,1318,1044,11472,0.010001887890790642
6,12522,787,1.0,1319,1044,11478,0.010001869105963412
6,12528,788,1.0,1320,1044,11484,0.010001850508048336
6,12534,789,1.0,1321,1044,11490,0.010001832095185606
6,12540,790,1.0,1322,1044,11496,0.010001813865533922
6,12546,791,1.0,1323,1044,11502,0.010001795817270303
6,12552,792,1.0,1324,1044,11508,0.010001777948589908
6,12558,793,1.0,1325,1044,11514,0.010001760257705852
6,12564,794,1.0,1326,1044,11520,0.010001742742849035
6,12570,795,1.0,1327,1044,11526,0.010001725402267955
6,12576,796,1.0,1328,1044,11532,0.010001708234228539
6,12582,797,1.0,1329,1044,11538,0.01000169123701397
6,12588,798,1.0,1330,1044,11544,0.010001674408924511
6,12594,799,1.0,1331,1044,11550,0.01000165774827734
6,12600,800,1.0,1332,1044,11556,0.010001641253406378
6,12606,801,1.0,1333,1044,11562,0.010001624922662126
6,12612,802,1.0,1334,1044,11568,0.010001608754411492
6,12618,803,1.0,1335,1044,11574,0.010001592747037642
6,12624,804,1.0,1336,1044,11580,0.010001576898939822
6,12630,805,1.0,1337,1044,11586,0.010001561208533209
6,12636,806,1.0,1338,1044,11592,0.010001545674248751
6,12642,807,1.0,1339,1044,11598,0.010001530294533007
6,12648,808,1.0,1340,1044,11604,0.01000151506784799
6,12654,809,1.0,1341,1044,11610,0.010001499992671022
6,12660,810,1.0,1342,1044,11616,0.01000148506749457
6,12666,811,1.0,1343,1044,11622,0.010001470290826106
6,12672,812,1.0,1344,1044,11628,0.01000145566118795
6,12678,813,1.0,1345,1044,11634,0.010001441177117125
6,12684,814,1.0,1346,1044,11640,0.010001426837165211
6,12690,815,1.0,1347,1044,11646,0.010001412639898205
6,12696,816,1.0,1348,1044,11652,0.010001398583896365
6,12702,817,1.0,1349,1044,11658,0.01000138466775408
6,12708,818,1.0,1350,1044,11664,0.010001370890079726
6,12714,819,1.0,1351,1044,11670,0.01000135724949552
6,12720,820,1.0,1352,1044,11676,0.010001343744637396
6,12726,821,1.0,1353,1044,11682,0.010001330374154856
6,12732,822,1.0,1354,1044,11688,0.010001317136710838
6,12738,823,1.0,1355,1044,11694,0.010001304030981591
6,12744,824,1.0,1356,1044,11700,0.010001291055656527
6,12750,825,1.0,1357,1044,11706,0.010001278209438106
6,12756,826,1.0,1358,1044,11712,0.010001265491041694
6,12762,827,1.0,1359,1044,11718,0.01000125289919544
6,12768,828,1.0,1360,1044,11724,0.01000124043264015
6,12774,829,1.0,1361,1044,11730,0.010001228090129157
6,12780,830,1.0,1362,1044,11736,0.0100012158704282
6,12786,831,1.0,1363,1044,11742,0.0100012037723153
6,12792,832,1.0,1364,1044,11748,0.010001191794580635
6,12798,833,1.0,1365,1044,11754,0.010001179936026422
6,12804,834,1.0,1366,1044,11760,0.010001168195466793
6,12810,835,1.0,1367,1044,11766,0.010001156571727685
6,12816,836,1.0,1368,1044,11772,0.010001145063646714
6,12822,837,1.0,1369,1044,11778,0.010001133670073062
6,12828,838,1.0,1370,1044,11784,0.01000112238986736
6,12834,839,1.0,1371,1044,11790,0.010001111221901582
6,12840,840,1.0,1372,1044,11796,0.01000110016505892
6,12846,841,1.0,1373,1044,11802,0.01000108921823368
6,12852,842,1.0,1374,1044,11808,0.010001078380331171
6,12858,843,1.0,1375,1044,11814,0.010001067650267596
6,12864,844,1.0,1376,1044,11820,0.010001057026969934
6,12870,845,1.0,1377,1044,11826,0.010001046509375852
6,12876,846,1.0,1378,1044,11832,0.01000103609643358
6,12882,847,1.0,1379,1044,11838,0.010001025787101813
6,12888,848,1.0,1380,1044,11844,0.010001015580349612
6,12894,849,1.0,1381,1044,11850,0.010001005475156293
6,12900,850,1.0,1382,1044,11856,0.010000995470511326
6,12906,851,1.0,1383,1044,11862,0.01000098556541424
6,12912,852,1.0,1384,1044,11868,0.010000975758874518
6,12918,853,1.0,1385,1044,11874,0.010000966049911497
6,12924,854,1.0,1386,1044,11880,0.01000095643755427
6,12930,855,1.0,1387,1044,11886,0.010000946920841596
6,12936,856,1.0,1388,1044,11892,0.010000937498821796
6,12942,857,1.0,1389,1045,11897,0.01000092817055266
6,12948,858,1.0,1390,1045,11903,0.010000918935101352
6,12954,859,1.0,1391,1045,11909,0.010000909791544318
8,12962,859,0.0,1392,1046,11916,0.0100009007389672
6,12968,859,0.0,1393,1047,11921,0.010000891776464727
17,12985,859,0.0,1394,1047,11938,0.010000882903140645
15,13000,859,0.0,1395,1047,11953,0.010000874118107612
15,13015,859,0.0,1396,1047,11968,0.010000865420487118
28,13043,859,0.0,1397,1047,11996,0.010000856809409394
27,13070,859,0.0,1398,1047,12023,0.010000848284013326
26,13096,859,0.0,1399,1047,12049,0.010000839843446366
6,13102,859,0.0,1400,1047,12055,0.01000083148686445
38,13140,859,0.0,1401,1047,12093,0.010000823213431913
7,13147,859,0.0,1402,1047,12100,0.010000815022321405
6,13153,860,1.0,1403,1047,12106,0.01000080691271381
6,13159,861,1.0,1404,1047,12112,0.010000798883798156
6,13165,862,1.0,1405,1047,12118,0.01000079093477155
6,13171,863,1.0,1406,1047,12124,0.01000078306483908
6,13177,864,1.0,1407,1047,12130,0.010000775273213745
6,13183,865,1.0,1408,1047,12136,0.010000767559116379
6,13189,866,1.0,1409,1047,12142,0.010000759921775564
6,13195,867,1.0,1410,1047,12148,0.01000075236042756
6,13201,868,1.0,1411,1047,12154,0.010000744874316224
6,13207,869,1.0,1412,1047,12160,0.010000737462692942
6,13213,870,1.0,1413,1047,12166,0.010000730124816544
6,13219,871,1.0,1414,1047,12172,0.010000722859953235
6,13225,872,1.0,1415,1047,12178,0.010000715667376524
6,13231,873,1.0,1416,1047,12184,0.010000708546367148
6,13237,874,1.0,1417,1047,12190,0.010000701496212999
6,13243,875,1.0,1418,1047,12196,0.010000694516209054
7,13250,876,1.0,1419,1048,12202,0.01000068760565731
6,13256,877,1.0,1420,1048,12208,0.010000680763866706
6,13262,878,1.0,1421,1048,12214,0.010000673990153053
6,13268,879,1.0,1422,1048,12220,0.01000066728383898
6,13274,880,1.0,1423,1049,12225,0.010000660644253844
6,13280,881,1.0,1424,1049,12231,0.010000654070733687
6,13286,882,1.0,1425,1049,12237,0.010000647562621147
6,13292,883,1.0,1426,1049,12243,0.01000064111926541
6,13298,884,1.0,1427,1049,12249,0.010000634740022132
6,13304,885,1.0,1428,1049,12255,0.010000628424253385
6,13310,886,1.0,1429,1049,12261,0.010000622171327588
6,13316,887,1.0,1430,1049,12267,0.010000615980619442
6,13322,888,1.0,1431,1049,12273,0.01000060985150987
6,13328,889,1.0,1432,1049,12279,0.010000603783385959
6,13334,890,1.0,1433,1049,12285,0.01000059777564089
6,13340,891,1.0,1434,1049,12291,0.010000591827673882
6,13346,892,1.0,1435,1049,12297,0.010000585938890135
6,13352,893,1.0,1436,1049,12303,0.010000580108700766
6,13358,894,1.0,1437,1049,12309,0.010000574336522749
6,13364,895,1.0,1438,1049,12315,0.010000568621778864
6,13370,896,1.0,1439,1049,12321,0.010000562963897631
6,13376,897,1.0,1440,1049,12327,0.010000557362313256
6,13382,898,1.0,1441,1049,12333,0.010000551816465577
6,13388,899,1.0,1442,1049,12339,0.010000546325800004
6,13394,900,1.0,1443,1049,12345,0.010000540889767467
6,13400,901,1.0,1444,1049,12351,0.010000535507824357
6,13406,902,1.0,1445,1049,12357,0.010000530179432476
6,13412,903,1.0,1446,1049,12363,0.01000052490405898
6,13418,904,1.0,1447,1049,12369,0.010000519681176328
6,13424,905,1.0,1448,1049,12375,0.010000514510262227
6,13430,906,1.0,1449,1049,12381,0.01000050939079958
6,13436,907,1.0,1450,1049,12387,0.010000504322276437
6,13442,908,1.0,1451,1049,12393,0.010000499304185942
6,13448,909,1.0,1452,1049,12399,0.010000494336026282
6,13454,910,1.0,1453,1049,12405,0.010000489417300638
6,13460,911,1.0,1454,1049,12411,0.01000048454751713
6,13466,912,1.0,1455,1049,12417,0.010000479726188779
6,13472,913,1.0,1456,1049,12423,0.010000474952833445
6,13478,914,1.0,1457,1049,12429,0.010000470226973791
6,13484,915,1.0,1458,1049,12435,0.010000465548137227
6,13490,916,1.0,1459,1049,12441,0.010000460915855863
6,13496,917,1.0,1460,1049,12447,0.010000456329666469
6,13502,918,1.0,1461,1049,12453,0.010000451789110423
6,13508,919,1.0,1462,1049,12459,0.010000447293733663
6,13514,920,1.0,1463,1049,12465,0.01000044284308665
6,13520,921,1.0,1464,1049,12471,0.010000438436724315
38,13558,921,0.0,1465,1051,12507,0.010000434074206019
6,13564,922,1.0,1466,1051,12513,0.010000429755095503
6,13570,923,1.0,1467,1051,12519,0.010000425478960856
6,13576,924,1.0,1468,1051,12525,0.01000042124537446
6,13582,925,1.0,1469,1051,12531,0.010000417053912952
6,13588,926,1.0,1470,1051,12537,0.010000412904157182
6,13594,927,1.0,1471,1051,12543,0.010000408795692172
6,13600,928,1.0,1472,1051,12549,0.010000404728107072
6,13606,929,1.0,1473,1051,12555,0.010000400700995121
6,13612,930,1.0,1474,1051,12561,0.010000396713953601
6,13618,931,1.0,1475,1051,12567,0.010000392766583809
6,13624,932,1.0,1476,1051,12573,0.010000388858491003
6,13630,933,1.0,1477,1051,12579,0.010000384989284369
6,13636,934,1.0,1478,1051,12585,0.010000381158576986
6,13642,935,1.0,1479,1051,12591,0.010000377365985776
6,13648,936,1.0,1480,1051,12597,0.01000037361113148
6,13654,937,1.0,1481,1051,12603,0.01000036989363861
6,13660,938,1.0,1482,1051,12609,0.010000366213135409
6,13666,939,1.0,1483,1051,12615,0.010000362569253829
6,13672,940,1.0,1484,1051,12621,0.010000358961629477
6,13678,941,1.0,1485,1051,12627,0.010000355389901586
6,13684,942,1.0,1486,1051,12633,0.01000035185371298
6,13690,943,1.0,1487,1051,12639,0.010000348352710041
6,13696,944,1.0,1488,1051,12645,0.010000344886542662
6,13702,945,1.0,1489,1051,12651,0.010000341454864224
6,13708,946,1.0,1490,1051,12657,0.010000338057331559
6,13714,947,1.0,1491,1051,12663,0.010000334693604907
6,13720,948,1.0,1492,1051,12669,0.010000331363347895
6,13726,949,1.0,1493,1051,12675,0.010000328066227493
6,13732,950,1.0,1494,1051,12681,0.01000032480191399
6,13738,951,1.0,1495,1051,12687,0.010000321570080946
6,13744,952,1.0,1496,1051,12693,0.01000031837040518
6,13750,953,1.0,1497,1051,12699,0.010000315202566718
6,13756,954,1.0,1498,1051,12705,0.010000312066248776
6,13762,955,1.0,1499,1051,12711,0.010000308961137721
38,13800,955,0.0,1500,1052,12748,0.010000305886923036
38,13838,955,0.0,1501,1053,12785,0.010000302843297297
6,13844,956,1.0,1502,1053,12791,0.010000299829956141
6,13850,957,1.0,1503,1053,12797,0.01000029684659823
6,13856,958,1.0,1504,1053,12803,0.010000293892925227
6,13862,959,1.0,1505,1053,12809,0.01000029096864176
6,13868,960,1.0,1506,1053,12815,0.010000288073455401
6,13874,961,1.0,1507,1053,12821,0.010000285207076628
6,13880,962,1.0,1508,1053,12827,0.010000282369218799
6,13886,963,1.0,1509,1053,12833,0.010000279559598129
6,13892,964,1.0,1510,1053,12839,0.01000027677793365
6,13898,965,1.0,1511,1053,12845,0.010000274023947195
6,13904,966,1.0,1512,1053,12851,0.010000271297363365
6,13910,967,1.0,1513,1053,12857,0.010000268597909496
6,13916,968,1.0,1514,1053,12863,0.010000265925315641
6,13922,969,1.0,1515,1053,12869,0.01000026327931454
6,13928,970,1.0,1516,1053,12875,0.01000026065964159
6,13934,971,1.0,1517,1053,12881,0.010000258066034821
6,13940,972,1.0,1518,1053,12887,0.010000255498234871
6,13946,973,1.0,1519,1053,12893,0.010000252955984957
6,13952,974,1.0,1520,1053,12899,0.010000250439030854
6,13958,975,1.0,1521,1054,12904,0.010000247947120861
6,13964,976,1.0,1522,1054,12910,0.010000245480005786
6,13970,977,1.0,1523,1054,12916,0.010000243037438917
6,13976,978,1.0,1524,1054,12922,0.010000240619175996
6,13982,979,1.0,1525,1054,12928,0.010000238224975191
6,13988,980,1.0,1526,1054,12934,0.010000235854597084
6,13994,981,1.0,1527,1054,12940,0.01000023350780463
6,14000,982,1.0,1528,1054,12946,0.010000231184363153
6,14006,983,1.0,1529,1054,12952,0.010000228884040306
6,14012,984,1.0,1530,1054,12958,0.010000226606606053
6,14018,985,1.0,1531,1054,12964,0.010000224351832648
6,14024,986,1.0,1532,1054,12970,0.010000222119494615
6,14030,987,1.0,1533,1054,12976,0.010000219909368717
6,14036,988,1.0,1534,1054,12982,0.010000217721233938
6,14042,989,1.0,1535,1054,12988,0.010000215554871463
6,14048,990,1.0,1536,1054,12994,0.010000213410064657
6,14054,991,1.0,1537,1054,13000,0.010000211286599033
6,14060,992,1.0,1538,1054,13006,0.010000209184262247
6,14066,993,1.0,1539,1054,13012,0.01000020710284406
6,14072,994,1.0,1540,1054,13018,0.01000020504213633
4,14076,994,0.0,1541,1055,13021,0.010000203001932986
6,14082,995,1.0,1542,1055,13027,0.010000200982030003
6,14088,996,1.0,1543,1055,13033,0.010000198982225391
6,14094,997,1.0,1544,1055,13039,0.010000197002319168
6,14100,998,1.0,1545,1055,13045,0.01000019504211334
6,14106,999,1.0,1546,1055,13051,0.010000193101411887
6,14112,1000,1.0,1547,1055,13057,0.010000191180020735
2,14114,1000,0.0,1548,1056,13058,0.010000189277747745
6,14120,1001,1.0,1549,1056,13064,0.010000187394402687
6,14126,1002,1.0,1550,1056,13070,0.010000185529797227
6,14132,1003,1.0,1551,1056,13076,0.010000183683744899
6,14138,1004,1.0,1552,1056,13082,0.010000181856061099
6,14144,1005,1.0,1553,1056,13088,0.010000180046563058
6,14150,1006,1.0,1554,1056,13094,0.010000178255069823
6,14156,1007,1.0,1555,1056,13100,0.010000176481402244
6,14162,1008,1.0,1556,1056,13106,0.01000017472538295
6,14168,1009,1.0,1557,1056,13112,0.010000172986836342
6,14174,1010,1.0,1558,1056,13118,0.010000171265588562
6,14180,1011,1.0,1559,1056,13124,0.010000169561467482
6,14186,1012,1.0,1560,1056,13130,0.01000016787430269
6,14192,1013,1.0,1561,1056,13136,0.01000016620392547
6,14198,1014,1.0,1562,1056,13142,0.01000016455016878
6,14204,1015,1.0,1563,1056,13148,0.010000162912867244
6,14210,1016,1.0,1564,1056,13154,0.010000161291857131
6,14216,1017,1.0,1565,1056,13160,0.010000159686976337
6,14222,1018,1.0,1566,1056,13166,0.010000158098064375
6,14228,1019,1.0,1567,1056,13172,0.01000015652496235
6,14234,1020,1.0,1568,1056,13178,0.010000154967512952
6,14240,1021,1.0,1569,1056,13184,0.010000153425560435
6,14246,1022,1.0,1570,1056,13190,0.010000151898950602
6,14252,1023,1.0,1571,1056,13196,0.01000015038753079
6,14258,1024,1.0,1572,1056,13202,0.010000148891149856
6,14264,1025,1.0,1573,1056,13208,0.010000147409658162
6,14270,1026,1.0,1574,1056,13214,0.010000145942907556
6,14276,1027,1.0,1575,1057,13219,0.010000144490751362
6,14282,1028,1.0,1576,1057,13225,0.010000143053044365
6,14288,1029,1.0,1577,1057,13231,0.010000141629642792
6,14294,1030,1.0,1578,1057,13237,0.010000140220404298
6,14300,1031,1.0,1579,1057,13243,0.010000138825187965
6,14306,1032,1.0,1580,1057,13249,0.010000137443854265
6,14312,1033,1.0,1581,1057,13255,0.010000136076265065
6,14318,1034,1.0,1582,1057,13261,0.010000134722283604
6,14324,1035,1.0,1583,1057,13267,0.010000133381774485
6,14330,1036,1.0,1584,1057,13273,0.010000132054603653
6,14336,1037,1.0,1585,1057,13279,0.010000130740638394
6,14342,1038,1.0,1586,1057,13285,0.010000129439747306
6,14348,1039,1.0,1587,1057,13291,0.0100001281518003
6,14354,1040,1.0,1588,1057,13297,0.010000126876668581
6,14360,1041,1.0,1589,1057,13303,0.010000125614224637
6,14366,1042,1.0,1590,1057,13309,0.010000124364342217
6,14372,1043,1.0,1591,1057,13315,0.010000123126896337
6,14378,1044,1.0,1592,1057,13321,0.010000121901763248
6,14384,1045,1.0,1593,1057,13327,0.010000120688820438
2,14386,1045,0.0,1594,1058,13328,0.01000011948794661
6,14392,1046,1.0,1595,1058,13334,0.010000118299021676
6,14398,1047,1.0,1596,1059,13339,0.010000117121926742
6,14404,1048,1.0,1597,1059,13345,0.010000115956544101
6,14410,1049,1.0,1598,1059,13351,0.010000114802757209
6,14416,1050,1.0,1599,1059,13357,0.010000113660450689
6,14422,1051,1.0,1600,1059,13363,0.010000112529510307
6,14428,1052,1.0,1601,1059,13369,0.010000111409822971
6,14434,1053,1.0,1602,1059,13375,0.010000110301276711
6,14440,1054,1.0,1603,1059,13381,0.010000109203760672
6,14446,1055,1.0,1604,1059,13387,0.010000108117165098
38,14484,1055,0.0,1605,1060,13424,0.01000010704138133
6,14490,1056,1.0,1606,1060,13430,0.01000010597630179
6,14496,1057,1.0,1607,1060,13436,0.010000104921819969
6,14502,1058,1.0,1608,1060,13442,0.010000103877830416
6,14508,1059,1.0,1609,1060,13448,0.010000102844228734
6,14514,1060,1.0,1610,1060,13454,0.01000010182091156
6,14520,1061,1.0,1611,1060,13460,0.010000100807776562
6,14526,1062,1.0,1612,1060,13466,0.010000099804722426
6,14532,1063,1.0,1613,1060,13472,0.010000098811648846
6,14538,1064,1.0,1614,1060,13478,0.010000097828456511
6,14544,1065,1.0,1615,1060,13484,0.010000096855047106
6,14550,1066,1.0,1616,1060,13490,0.010000095891323285
6,14556,1067,1.0,1617,1060,13496,0.010000094937188675
6,14562,1068,1.0,1618,1060,13502,0.010000093992547865
6,14568,1069,1.0,1619,1060,13508,0.010000093057306387
6,14574,1070,1.0,1620,1060,13514,0.010000092131370718
6,14580,1071,1.0,1621,1060,13520,0.010000091214648262
6,14586,1072,1.0,1622,1060,13526,0.010000090307047347
6,14592,1073,1.0,1623,1060,13532,0.010000089408477212
6,14598,1074,1.0,1624,1060,13538,0.010000088518848
6,14604,1075,1.0,1625,1060,13544,0.010000087638070747
6,14610,1076,1.0,1626,1060,13550,0.010000086766057372
6,14616,1077,1.0,1627,1060,13556,0.010000085902720677
6,14622,1078,1.0,1628,1060,13562,0.010000085047974325
6,14628,1079,1.0,1629,1060,13568,0.010000084201732842
6,14634,1080,1.0,1630,1060,13574,0.0100000833639116
6,14640,1081,1.0,1631,1060,13580,0.010000082534426821
6,14646,1082,1.0,1632,1060,13586,0.010000081713195552
6,14652,1083,1.0,1633,1060,13592,0.010000080900135672
6,14658,1084,1.0,1634,1060,13598,0.010000080095165871
6,14664,1085,1.0,1635,1060,13604,0.010000079298205657
6,14670,1086,1.0,1636,1060,13610,0.010000078509175326
6,14676,1087,1.0,1637,1060,13616,0.010000077727995979
6,14682,1088,1.0,1638,1060,13622,0.010000076954589498
6,14688,1089,1.0,1639,1060,13628,0.010000076188878538
6,14694,1090,1.0,1640,1060,13634,0.01000007543078653
38,14732,1090,0.0,1641,1061,13671,0.010000074680237664
6,14738,1091,1.0,1642,1061,13677,0.010000073937156883
6,14744,1092,1.0,1643,1061,13683,0.01000007320146988
6,14750,1093,1.0,1644,1061,13689,0.010000072473103085
6,14756,1094,1.0,1645,1061,13695,0.01000007175198366
6,14762,1095,1.0,1646,1061,13701,0.010000071038039494
6,14768,1096,1.0,1647,1061,13707,0.010000070331199191
6,14774,1097,1.0,1648,1061,13713,0.010000069631392067
6,14780,1098,1.0,1649,1061,13719,0.01000006893854814
6,14786,1099,1.0,1650,1061,13725,0.010000068252598124
6,14792,1100,1.0,1651,1061,13731,0.010000067573473426
6,14798,1101,1.0,1652,1061,13737,0.01000006690110613
6,14804,1102,1.0,1653,1061,13743,0.010000066235429003
6,14810,1103,1.0,1654,1061,13749,0.010000065576375472
6,14816,1104,1.0,1655,1061,13755,0.010000064923879634
6,14822,1105,1.0,1656,1061,13761,0.010000064277876239
6,14828,1106,1.0,1657,1061,13767,0.010000063638300683
6,14834,1107,1.0,1658,1061,13773,0.010000063005089013
6,14840,1108,1.0,1659,1061,13779,0.010000062378177901
6,14846,1109,1.0,1660,1061,13785,0.01000006175750466
6,14852,1110,1.0,1661,1061,13791,0.010000061143007222
6,14858,1111,1.0,1662,1061,13797,0.010000060534624135
6,14864,1112,1.0,1663,1061,13803,0.010000059932294561
6,14870,1113,1.0,1664,1061,13809,0.010000059335958267
6,14876,1114,1.0,1665,1061,13815,0.010000058745555618
6,14882,1115,1.0,1666,1061,13821,0.010000058161027572
6,14888,1116,1.0,1667,1061,13827,0.010000057582315678
6,14894,1117,1.0,1668,1062,13832,0.010000057009362065
6,14900,1118,1.0,1669,1062,13838,0.010000056442109434
6,14906,1119,1.0,1670,1062,13844,0.010000055880501062
6,14912,1120,1.0,1671,1062,13850,0.010000055324480787
6,14918,1121,1.0,1672,1062,13856,0.010000054773993005
6,14924,1122,1.0,1673,1062,13862,0.010000054228982667
6,14930,1123,1.0,1674,1062,13868,0.010000053689395275
6,14936,1124,1.0,1675,1062,13874,0.010000053155176866
6,14942,1125,1.0,1676,1063,13879,0.01000005262627402
6,14948,1126,1.0,1677,1063,13885,0.010000052102633843
6,14954,1127,1.0,1678,1063,13891,0.010000051584203975
6,14960,1128,1.0,1679,1063,13897,0.010000051070932568
6,14966,1129,1.0,1680,1063,13903,0.010000050562768299
6,14972,1130,1.0,1681,1063,13909,0.01000005005966035
6,14978,1131,1.0,1682,1063,13915,0.010000049561558406
6,14984,1132,1.0,1683,1063,13921,0.01000004906841266
6,14990,1133,1.0,1684,1064,13926,0.010000048580173797
6,14996,1134,1.0,1685,1064,13932,0.010000048096792991
6,15002,1135,1.0,1686,1064,13938,0.010000047618221904
6,15008,1136,1.0,1687,1064,13944,0.01000004714441268
6,15014,1137,1.0,1688,1064,13950,0.010000046675317936
6,15020,1138,1.0,1689,1064,13956,0.010000046210890762
6,15026,1139,1.0,1690,1064,13962,0.010000045751084716
6,15032,1140,1.0,1691,1064,13968,0.010000045295853818
6,15038,1141,1.0,1692,1065,13973,0.010000044845152541
6,15044,1142,1.0,1693,1065,13979,0.010000044398935818
6,15050,1143,1.0,1694,1065,13985,0.010000043957159026
6,15056,1144,1.0,1695,1065,13991,0.010000043519777985
6,15062,1145,1.0,1696,1065,13997,0.010000043086748959
6,15068,1146,1.0,1697,1065,14003,0.010000042658028644
6,15074,1147,1.0,1698,1065,14009,0.010000042233574168
6,15080,1148,1.0,1699,1065,14015,0.010000041813343083
6,15086,1149,1.0,1700,1065,14021,0.010000041397293368
6,15092,1150,1.0,1701,1065,14027,0.010000040985383415
6,15098,1151,1.0,1702,1065,14033,0.010000040577572037
6,15104,1152,1.0,1703,1065,14039,0.01000004017381845
6,15110,1153,1.0,1704,1065,14045,0.010000039774082276
6,15116,1154,1.0,1705,1065,14051,0.010000039378323547
6,15122,1155,1.0,1706,1065,14057,0.01000003898650268
6,15128,1156,1.0,1707,1065,14063,0.010000038598580497
6,15134,1157,1.0,1708,1065,14069,0.010000038214518205
6,15140,1158,1.0,1709,1065,14075,0.010000037834277395
6,15146,1159,1.0,1710,1065,14081,0.010000037457820044
6,15152,1160,1.0,1711,1065,14087,0.010000037085108507
6,15158,1161,1.0,1712,1065,14093,0.010000036716105512
6,15164,1162,1.0,1713,1065,14099,0.010000036350774158
6,15170,1163,1.0,1714,1065,14105,0.010000035989077912
6,15176,1164,1.0,1715,1065,14111,0.010000035630980604
2,15178,1164,0.0,1716,1066,14112,0.010000035276446424
6,15184,1165,1.0,1717,1066,14118,0.010000034925439917
6,15190,1166,1.0,1718,1066,14124,0.010000034577925983
6,15196,1167,1.0,1719,1066,14130,0.010000034233869871
6,15202,1168,1.0,1720,1066,14136,0.010000033893237174
6,15208,1169,1.0,1721,1066,14142,0.01000003355599383
6,15214,1170,1.0,1722,1066,14148,0.010000033222106111
6,15220,1171,1.0,1723,1066,14154,0.010000032891540634
6,15226,1172,1.0,1724,1066,14160,0.010000032564264336
6,15232,1173,1.0,1725,1066,14166,0.010000032240244492
6,15238,1174,1.0,1726,1066,14172,0.010000031919448699
6,15244,1175,1.0,1727,1066,14178,0.010000031601844877
6,15250,1176,1.0,1728,1066,14184,0.010000031287401267
6,15256,1177,1.0,1729,1066,14190,0.010000030976086424
6,15262,1178,1.0,1730,1066,14196,0.010000030667869213
6,15268,1179,1.0,1731,1067,14201,0.010000030362718817
6,15274,1180,1.0,1732,1067,14207,0.010000030060604716
6,15280,1181,1.0,1733,1067,14213,0.010000029761496701
6,15286,1182,1.0,1734,1067,14219,0.010000029465364862
6,15292,1183,1.0,1735,1067,14225,0.010000029172179582
6,15298,1184,1.0,1736,1067,14231,0.010000028881911547
6,15304,1185,1.0,1737,1067,14237,0.010000028594531725
6,15310,1186,1.0,1738,1067,14243,0.01000002831001138
6,15316,1187,1.0,1739,1067,14249,0.01000002802832206
6,15322,1188,1.0,1740,1067,14255,0.010000027749435597
6,15328,1189,1.0,1741,1067,14261,0.010000027473324099
6,15334,1190,1.0,1742,1067,14267,0.010000027199959956
6,15340,1191,1.0,1743,1067,14273,0.010000026929315833
6,15346,1192,1.0,1744,1067,14279,0.010000026661364663
6,15352,1193,1.0,1745,1067,14285,0.010000026396079652
6,15358,1194,1.0,1746,1067,14291,0.010000026133434271
6,15364,1195,1.0,1747,1067,14297,0.010000025873402256
6,15370,1196,1.0,1748,1067,14303,0.010000025615957602
14,15384,1196,0.0,1749,1068,14316,0.010000025361074565
6,15390,1197,1.0,1750,1068,14322,0.010000025108727656
6,15396,1198,1.0,1751,1068,14328,0.010000024858891642
6,15402,1199,1.0,1752,1068,14334,0.010000024611541538
6,15408,1200,1.0,1753,1068,14340,0.010000024366652607
6,15414,1201,1.0,1754,1068,14346,0.010000024124200363
6,15420,1202,1.0,1755,1068,14352,0.01000002388416056
6,15426,1203,1.0,1756,1068,14358,0.01000002364650919
6,15432,1204,1.0,1757,1068,14364,0.010000023411222492
6,15438,1205,1.0,1758,1068,14370,0.010000023178276937
6,15444,1206,1.0,1759,1068,14376,0.010000022947649227
6,15450,1207,1.0,1760,1068,14382,0.010000022719316303
6,15456,1208,1.0,1761,1068,14388,0.010000022493255328
6,15462,1209,1.0,1762,1068,14394,0.010000022269443699
6,15468,1210,1.0,1763,1068,14400,0.010000022047859032
6,15474,1211,1.0,1764,1068,14406,0.010000021828479169
6,15480,1212,1.0,1765,1068,14412,0.010000021611282172
6,15486,1213,1.0,1766,1068,14418,0.010000021396246322
6,15492,1214,1.0,1767,1068,14424,0.010000021183350114
6,15498,1215,1.0,1768,1068,14430,0.010000020972572257
6,15504,1216,1.0,1769,1068,14436,0.010000020763891677
6,15510,1217,1.0,1770,1068,14442,0.010000020557287503
6,15516,1218,1.0,1771,1068,14448,0.010000020352739074
6,15522,1219,1.0,1772,1068,14454,0.010000020150225938
6,15528,1220,1.0,1773,1068,14460,0.010000019949727839
6,15534,1221,1.0,1774,1068,14466,0.01000001975122473
6,15540,1222,1.0,1775,1068,14472,0.010000019554696761
6,15546,1223,1.0,1776,1068,14478,0.010000019360124277
6,15552,1224,1.0,1777,1068,14484,0.010000019167487823
6,15558,1225,1.0,1778,1068,14490,0.010000018976768131
6,15564,1226,1.0,1779,1068,14496,0.010000018787946133
6,15570,1227,1.0,1780,1068,14502,0.010000018601002946
6,15576,1228,1.0,1781,1068,14508,0.010000018415919874
6,15582,1229,1.0,1782,1068,14514,0.01000001823267841
6,15588,1230,1.0,1783,1068,14520,0.010000018051260228
6,15594,1231,1.0,1784,1068,14526,0.010000017871647188
6,15600,1232,1.0,1785,1068,14532,0.010000017693821328
6,15606,1233,1.0,1786,1068,14538,0.010000017517764864
6,15612,1234,1.0,1787,1068,14544,0.01000001734346019
6,15618,1235,1.0,1788,1068,14550,0.010000017170889879
6,15624,1236,1.0,1789,1068,14556,0.01000001700003667
6,15630,1237,1.0,1790,1068,14562,0.010000016830883479
6,15636,1238,1.0,1791,1068,14568,0.01000001666341339
6,15642,1239,1.0,1792,1068,14574,0.010000016497609657
6,15648,1240,1.0,1793,1068,14580,0.010000016333455698
6,15654,1241,1.0,1794,1068,14586,0.010000016170935098
6,15660,1242,1.0,1795,1068,14592,0.010000016010031604
6,15666,1243,1.0,1796,1068,14598,0.010000015850729129
6,15672,1244,1.0,1797,1068,14604,0.01000001569301174
6,15678,1245,1.0,1798,1068,14610,0.010000015536863664
6,15684,1246,1.0,1799,1068,14616,0.010000015382269287
6,15690,1247,1.0,1800,1068,14622,0.01000001522921315
6,15696,1248,1.0,1801,1068,14628,0.010000015077679947
6,15702,1249,1.0,1802,1068,14634,0.010000014927654526
6,15708,1250,1.0,1803,1068,14640,0.010000014779121881
6,15714,1251,1.0,1804,1068,14646,0.01000001463206716
15,15729,1251,0.0,1805,1069,14660,0.01000001448647566
15,15744,1251,0.0,1806,1070,14674,0.01000001434233282
15,15759,1251,0.0,1807,1070,14689,0.010000014199624223
15,15774,1251,0.0,1808,1070,14704,0.010000014058335602
30,15804,1251,0.0,1809,1070,14734,0.010000013918452825
14,15818,1251,0.0,1810,1070,14748,0.010000013779961906
15,15833,1251,0.0,1811,1070,14763,0.010000013642848993
15,15848,1251,0.0,1812,1070,14778,0.010000013507100378
30,15878,1251,0.0,1813,1070,14808,0.010000013372702484
38,15916,1251,0.0,1814,1070,14846,0.010000013239641871
10,15926,1251,0.0,1815,1071,14855,0.010000013107905234
5,15931,1251,0.0,1816,1071,14860,0.010000012977479397
15,15946,1251,0.0,1817,1071,14875,0.010000012848351319
4,15950,1251,0.0,1818,1071,14879,0.010000012720508088
17,15967,1252,1.0,1819,1071,14896,0.010000012593936918
6,15973,1252,0.0,1820,1071,14902,0.010000012468625152
36,16009,1252,0.0,1821,1071,14938,0.010000012344560258
3,16012,1252,0.0,1822,1071,14941,0.010000012221729832
14,16026,1252,0.0,1823,1071,14955,0.010000012100121587
17,16043,1252,0.0,1824,1071,14972,0.010000011979723366
14,16057,1252,0.0,1825,1071,14986,0.010000011860523126
27,16084,1252,0.0,1826,1071,15013,0.01000001174250895
14,16098,1252,0.0,1827,1071,15027,0.010000011625669034
5,16103,1252,0.0,1828,1071,15032,0.010000011509991694
6,16109,1253,1.0,1829,1071,15038,0.010000011395465363
6,16115,1254,1.0,1830,1071,15044,0.010000011282078588
6,16121,1255,1.0,1831,1071,15050,0.010000011169820031
6,16127,1256,1.0,1832,1071,15056,0.010000011058678464
6,16133,1257,1.0,1833,1071,15062,0.010000010948642776
6,16139,1258,1.0,1834,1071,15068,0.01000001083970196
6,16145,1259,1.0,1835,1071,15074,0.010000010731845123
6,16151,1260,1.0,1836,1071,15080,0.01000001062506148
6,16157,1261,1.0,1837,1071,15086,0.010000010519340352
6,16163,1262,1.0,1838,1071,15092,0.010000010414671166
6,16169,1263,1.0,1839,1071,15098,0.010000010311043457
6,16175,1264,1.0,1840,1071,15104,0.01000001020844686
6,16181,1265,1.0,1841,1071,15110,0.010000010106871116
6,16187,1266,1.0,1842,1071,15116,0.010000010006306069
6,16193,1267,1.0,1843,1071,15122,0.01000000990674166
6,16199,1268,1.0,1844,1071,15128,0.010000009808167933
6,16205,1269,1.0,1845,1071,15134,0.010000009710575032
6,16211,1270,1.0,1846,1071,15140,0.010000009613953196
6,16217,1271,1.0,1847,1071,15146,0.010000009518292764
6,16223,1272,1.0,1848,1071,15152,0.010000009423584168
6,16229,1273,1.0,1849,1071,15158,0.01000000932981794
6,16235,1274,1.0,1850,1071,15164,0.010000009236984698
6,16241,1275,1.0,1851,1071,15170,0.010000009145075166
6,16247,1276,1.0,1852,1071,15176,0.010000009054080147
6,16253,1277,1.0,1853,1071,15182,0.010000008963990545
6,16259,1278,1.0,1854,1071,15188,0.010000008874797349
6,16265,1279,1.0,1855,1071,15194,0.010000008786491639
6,16271,1280,1.0,1856,1071,15200,0.010000008699064587
6,16277,1281,1.0,1857,1071,15206,0.010000008612507449
6,16283,1282,1.0,1858,1071,15212,0.010000008526811568
6,16289,1283,1.0,1859,1071,15218,0.010000008441968375
6,16295,1284,1.0,1860,1071,15224,0.010000008357969386
6,16301,1285,1.0,1861,1071,15230,0.0100000082748062
6,16307,1286,1.0,1862,1071,15236,0.010000008192470503
6,16313,1287,1.0,1863,1071,15242,0.01000000811095406
6,16319,1288,1.0,1864,1071,15248,0.010000008030248718
6,16325,1289,1.0,1865,1071,15254,0.01000000795034641
6,16331,1290,1.0,1866,1071,15260,0.01000000787123914
6,16337,1291,1.0,1867,1071,15266,0.010000007792919001
6,16343,1292,1.0,1868,1071,15272,0.010000007715378163
6,16349,1293,1.0,1869,1071,15278,0.010000007638608867
6,16355,1294,1.0,1870,1071,15284,0.01000000756260344
6,16361,1295,1.0,1871,1071,15290,0.010000007487354277
6,16367,1296,1.0,1872,1071,15296,0.010000007412853857
6,16373,1297,1.0,1873,1071,15302,0.01000000733909473
6,16379,1298,1.0,1874,1071,15308,0.010000007266069517
6,16385,1299,1.0,1875,1071,15314,0.010000007193770916
6,16391,1300,1.0,1876,1071,15320,0.0100000071221917
6,16397,1301,1.0,1877,1071,15326,0.010000007051324708
6,16403,1302,1.0,1878,1071,15332,0.010000006981162856
6,16409,1303,1.0,1879,1071,15338,0.010000006911699125
6,16415,1304,1.0,1880,1071,15344,0.01000000684292657
6,16421,1305,1.0,1881,1071,15350,0.010000006774838312
6,16427,1306,1.0,1882,1071,15356,0.010000006707427544
6,16433,1307,1.0,1883,1071,15362,0.010000006640687526
6,16439,1308,1.0,1884,1071,15368,0.010000006574611581
6,16445,1309,1.0,1885,1071,15374,0.010000006509193103
6,16451,1310,1.0,1886,1071,15380,0.010000006444425549
6,16457,1311,1.0,1887,1071,15386,0.010000006380302443
6,16463,1312,1.0,1888,1071,15392,0.010000006316817373
6,16469,1313,1.0,1889,1071,15398,0.010000006253963991
6,16475,1314,1.0,1890,1071,15404,0.01000000619173601
6,16481,1315,1.0,1891,1071,15410,0.010000006130127206
6,16487,1316,1.0,1892,1071,15416,0.010000006069131422
6,16493,1317,1.0,1893,1071,15422,0.010000006008742554
6,16499,1318,1.0,1894,1071,15428,0.010000005948954567
6,16505,1319,1.0,1895,1071,15434,0.01000000588976148
6,16511,1320,1.0,1896,1071,15440,0.010000005831157375
6,16517,1321,1.0,1897,1071,15446,0.01000000577313639
6,16523,1322,1.0,1898,1071,15452,0.010000005715692721
4,16527,1322,0.0,1899,1072,15455,0.01000000565882063
6,16533,1323,1.0,1900,1072,15461,0.010000005602514423
6,16539,1324,1.0,1901,1072,15467,0.010000005546768474
6,16545,1325,1.0,1902,1072,15473,0.010000005491577205
6,16551,1326,1.0,1903,1072,15479,0.010000005436935099
6,16557,1327,1.0,1904,1072,15485,0.01000000538283669
6,16563,1328,1.0,1905,1072,15491,0.01000000532927657
6,16569,1329,1.0,1906,1072,15497,0.010000005276249382
6,16575,1330,1.0,1907,1072,15503,0.010000005223749824
6,16581,1331,1.0,1908,1072,15509,0.010000005171772646
6,16587,1332,1.0,1909,1072,15515,0.010000005120312648
6,16593,1333,1.0,1910,1072,15521,0.010000005069364685
6,16599,1334,1.0,1911,1072,15527,0.010000005018923664
6,16605,1335,1.0,1912,1072,15533,0.010000004968984538
6,16611,1336,1.0,1913,1072,15539,0.010000004919542317
6,16617,1337,1.0,1914,1072,15545,0.010000004870592053
6,16623,1338,1.0,1915,1072,15551,0.010000004822128853
6,16629,1339,1.0,1916,1072,15557,0.010000004774147869
6,16635,1340,1.0,1917,1072,15563,0.010000004726644304
6,16641,1341,1.0,1918,1072,15569,0.010000004679613407
6,16647,1342,1.0,1919,1072,15575,0.010000004633050475
6,16653,1343,1.0,1920,1072,15581,0.010000004586950852
6,16659,1344,1.0,1921,1072,15587,0.010000004541309929
6,16665,1345,1.0,1922,1072,15593,0.01000000449612314
6,16671,1346,1.0,1923,1072,15599,0.010000004451385968
6,16677,1347,1.0,1924,1072,15605,0.010000004407093938
6,16683,1348,1.0,1925,1072,15611,0.01000000436324262
6,16689,1349,1.0,1926,1072,15617,0.010000004319827631
6,16695,1350,1.0,1927,1072,15623,0.010000004276844627
6,16701,1351,1.0,1928,1072,15629,0.010000004234289312
6,16707,1352,1.0,1929,1072,15635,0.01000000419215743
6,16713,1353,1.0,1930,1072,15641,0.010000004150444766
6,16719,1354,1.0,1931,1072,15647,0.010000004109147151
38,16757,1354,0.0,1932,1073,15684,0.010000004068260454
6,16763,1355,1.0,1933,1073,15690,0.010000004027780587
6,16769,1356,1.0,1934,1073,15696,0.0100000039877035
6,16775,1357,1.0,1935,1073,15702,0.010000003948025186
6,16781,1358,1.0,1936,1073,15708,0.01000000390874168
6,16787,1359,1.0,1937,1073,15714,0.01000000386984905
6,16793,1360,1.0,1938,1073,15720,0.01000000383134341
6,16799,1361,1.0,1939,1073,15726,0.010000003793220904
6,16805,1362,1.0,1940,1073,15732,0.010000003755477726
6,16811,1363,1.0,1941,1073,15738,0.010000003718110098
6,16817,1364,1.0,1942,1073,15744,0.010000003681114285
6,16823,1365,1.0,1943,1073,15750,0.010000003644486586
6,16829,1366,1.0,1944,1073,15756,0.010000003608223338
6,16835,1367,1.0,1945,1073,15762,0.010000003572320917
38,16873,1367,0.0,1946,1075,15798,0.010000003536775728
6,16879,1368,1.0,1947,1075,15804,0.010000003501584222
38,16917,1368,0.0,1948,1076,15841,0.010000003466742877
6,16923,1369,1.0,1949,1076,15847,0.01000000343224821
6,16929,1370,1.0,1950,1076,15853,0.01000000339809677
6,16935,1371,1.0,1951,1076,15859,0.010000003364285142
6,16941,1372,1.0,1952,1076,15865,0.010000003330809946
6,16947,1373,1.0,1953,1076,15871,0.010000003297667832
6,16953,1374,1.0,1954,1076,15877,0.010000003264855489
6,16959,1375,1.0,1955,1076,15883,0.010000003232369634
6,16965,1376,1.0,1956,1076,15889,0.01000000320020702
6,16971,1377,1.0,1957,1076,15895,0.010000003168364427
6,16977,1378,1.0,1958,1076,15901,0.010000003136838674
6,16983,1379,1.0,1959,1076,15907,0.010000003105626609
6,16989,1380,1.0,1960,1076,15913,0.010000003074725107
6,16995,1381,1.0,1961,1076,15919,0.010000003044131081
6,17001,1382,1.0,1962,1076,15925,0.01000000301384147
6,17007,1383,1.0,1963,1076,15931,0.010000002983853246
6,17013,1384,1.0,1964,1076,15937,0.01000000295416341
6,17019,1385,1.0,1965,1076,15943,0.010000002924768993
6,17025,1386,1.0,1966,1076,15949,0.010000002895667057
6,17031,1387,1.0,1967,1076,15955,0.010000002866854688
6,17037,1388,1.0,1968,1076,15961,0.010000002838329006
6,17043,1389,1.0,1969,1076,15967,0.010000002810087161
6,17049,1390,1.0,1970,1076,15973,0.010000002782126326
6,17055,1391,1.0,1971,1076,15979,0.010000002754443708
6,17061,1392,1.0,1972,1076,15985,0.010000002727036534
79,17140,1392,0.0,1973,1078,16062,0.010000002699902068
14,17154,1392,0.0,1974,1078,16076,0.010000002673037594
6,17160,1393,1.0,1975,1078,16082,0.010000002646440425
6,17166,1394,1.0,1976,1078,16088,0.010000002620107903
6,17172,1395,1.0,1977,1078,16094,0.010000002594037393
6,17178,1396,1.0,1978,1078,16100,0.01000000256822629
6,17184,1397,1.0,1979,1078,16106,0.010000002542672012
6,17190,1398,1.0,1980,1078,16112,0.010000002517372002
6,17196,1399,1.0,1981,1078,16118,0.010000002492323733
6,17202,1400,1.0,1982,1078,16124,0.010000002467524697
6,17208,1401,1.0,1983,1078,16130,0.010000002442972417
6,17214,1402,1.0,1984,1078,16136,0.010000002418664434
6,17220,1403,1.0,1985,1078,16142,0.010000002394598322
6,17226,1404,1.0,1986,1078,16148,0.01000000237077167
6,17232,1405,1.0,1987,1078,16154,0.010000002347182098
6,17238,1406,1.0,1988,1078,16160,0.010000002323827245
6,17244,1407,1.0,1989,1078,16166,0.010000002300704778
6,17250,1408,1.0,1990,1078,16172,0.010000002277812383
6,17256,1409,1.0,1991,1078,16178,0.010000002255147772
6,17262,1410,1.0,1992,1078,16184,0.010000002232708676
6,17268,1411,1.0,1993,1078,16190,0.010000002210492853
6,17274,1412,1.0,1994,1078,16196,0.010000002188498083
6,17280,1413,1.0,1995,1078,16202,0.010000002166722161
4,17284,1413,0.0,1996,1079,16205,0.010000002145162916
6,17290,1414,1.0,1997,1079,16211,0.01000000212381819
6,17296,1415,1.0,1998,1079,16217,0.010000002102685845
6,17302,1416,1.0,1999,1079,16223,0.01000000208176377
6,17308,1417,1.0,2000,1079,16229,0.010000002061049876
6,17314,1418,1.0,2001,1079,16235,0.010000002040542086
6,17320,1419,1.0,2002,1079,16241,0.010000002020238354
6,17326,1420,1.0,2003,1079,16247,0.010000002000136647
6,17332,1421,1.0,2004,1079,16253,0.010000001980234954
6,17338,1422,1.0,2005,1079,16259,0.010000001960531286
6,17344,1423,1.0,2006,1079,16265,0.010000001941023675
6,17350,1424,1.0,2007,1079,16271,0.010000001921710166
6,17356,1425,1.0,2008,1079,16277,0.010000001902588831
6,17362,1426,1.0,2009,1079,16283,0.010000001883657756
6,17368,1427,1.0,2010,1079,16289,0.010000001864915047
6,17374,1428,1.0,2011,1079,16295,0.010000001846358833
7,17381,1428,0.0,2012,1080,16301,0.010000001827987255
6,17387,1429,1.0,2013,1080,16307,0.010000001809798478
6,17393,1430,1.0,2014,1080,16313,0.010000001791790683
6,17399,1431,1.0,2015,1080,16319,0.010000001773962068
6,17405,1432,1.0,2016,1080,16325,0.01000000175631085
6,17411,1433,1.0,2017,1080,16331,0.010000001738835265
6,17417,1434,1.0,2018,1080,16337,0.010000001721533565
6,17423,1435,1.0,2019,1080,16343,0.01000000170440402
6,17429,1436,1.0,2020,1080,16349,0.010000001687444917
6,17435,1437,1.0,2021,1080,16355,0.01000000167065456
6,17441,1438,1.0,2022,1080,16361,0.010000001654031268
6,17447,1439,1.0,2023,1080,16367,0.010000001637573383
15,17462,1439,0.0,2024,1081,16381,0.010000001621279255
6,17468,1440,1.0,2025,1081,16387,0.010000001605147257
38,17506,1440,0.0,2026,1082,16424,0.010000001589175776
6,17512,1441,1.0,2027,1082,16430,0.010000001573363212
6,17518,1442,1.0,2028,1082,16436,0.010000001557707985
6,17524,1443,1.0,2029,1082,16442,0.010000001542208533
6,17530,1444,1.0,2030,1082,16448,0.010000001526863301
6,17536,1445,1.0,2031,1082,16454,0.010000001511670758
6,17542,1446,1.0,2032,1082,16460,0.010000001496629383
6,17548,1447,1.0,2033,1082,16466,0.010000001481737672
6,17554,1448,1.0,2034,1082,16472,0.010000001466994136
6,17560,1449,1.0,2035,1082,16478,0.0100000014523973
6,17566,1450,1.0,2036,1082,16484,0.010000001437945705
6,17572,1451,1.0,2037,1082,16490,0.010000001423637906
6,17578,1452,1.0,2038,1082,16496,0.010000001409472473
6,17584,1453,1.0,2039,1082,16502,0.010000001395447987
6,17590,1454,1.0,2040,1082,16508,0.010000001381563048
6,17596,1455,1.0,2041,1082,16514,0.010000001367816265
6,17602,1456,1.0,2042,1082,16520,0.010000001354206266
6,17608,1457,1.0,2043,1082,16526,0.010000001340731689
6,17614,1458,1.0,2044,1082,16532,0.010000001327391185
6,17620,1459,1.0,2045,1082,16538,0.010000001314183422
6,17626,1460,1.0,2046,1082,16544,0.010000001301107078
6,17632,1461,1.0,2047,1082,16550,0.010000001288160847
6,17638,1462,1.0,2048,1082,16556,0.010000001275343432
6,17644,1463,1.0,2049,1082,16562,0.010000001262653553
6,17650,1464,1.0,2050,1082,16568,0.010000001250089941
6,17656,1465,1.0,2051,1082,16574,0.010000001237651338
6,17662,1466,1.0,2052,1082,16580,0.010000001225336501
6,17668,1467,1.0,2053,1082,16586,0.0100000012131442
6,17674,1468,1.0,2054,1082,16592,0.010000001201073213
6,17680,1469,1.0,2055,1082,16598,0.010000001189122336
6,17686,1470,1.0,2056,1082,16604,0.01000000117729037
6,17692,1471,1.0,2057,1082,16610,0.010000001165576136
6,17698,1472,1.0,2058,1082,16616,0.010000001153978458
6,17704,1473,1.0,2059,1082,16622,0.010000001142496181
6,17710,1474,1.0,2060,1082,16628,0.010000001131128155
6,17716,1475,1.0,2061,1082,16634,0.010000001119873241
6,17722,1476,1.0,2062,1082,16640,0.010000001108730316
6,17728,1477,1.0,2063,1082,16646,0.010000001097698266
6,17734,1478,1.0,2064,1082,16652,0.010000001086775985
6,17740,1479,1.0,2065,1082,16658,0.010000001075962384
7,17747,1480,1.0,2066,1083,16664,0.010000001065256378
6,17753,1481,1.0,2067,1083,16670,0.0100000010546569
6,17759,1482,1.0,2068,1083,16676,0.010000001044162888
6,17765,1483,1.0,2069,1083,16682,0.010000001033773295
6,17771,1484,1.0,2070,1083,16688,0.010000001023487078
6,17777,1485,1.0,2071,1083,16694,0.010000001013303212
6,17783,1486,1.0,2072,1083,16700,0.010000001003220677
6,17789,1487,1.0,2073,1083,16706,0.010000000993238464
6,17795,1488,1.0,2074,1083,16712,0.010000000983355576
6,17801,1489,1.0,2075,1083,16718,0.010000000973571024
6,17807,1490,1.0,2076,1083,16724,0.01000000096388383
6,17813,1491,1.0,2077,1083,16730,0.010000000954293027
6,17819,1492,1.0,2078,1083,16736,0.010000000944797652
6,17825,1493,1.0,2079,1083,16742,0.010000000935396759
6,17831,1494,1.0,2080,1083,16748,0.010000000926089405
6,17837,1495,1.0,2081,1083,16754,0.010000000916874661
6,17843,1496,1.0,2082,1083,16760,0.010000000907751607
6,17849,1497,1.0,2083,1083,16766,0.010000000898719327
6,17855,1498,1.0,2084,1083,16772,0.01000000088977692
6,17861,1499,1.0,2085,1083,16778,0.010000000880923492
6,17867,1500,1.0,2086,1083,16784,0.010000000872158157
6,17873,1501,1.0,2087,1083,16790,0.010000000863480038
6,17879,1502,1.0,2088,1083,16796,0.010000000854888268
6,17885,1503,1.0,2089,1083,16802,0.010000000846381987
6,17891,1504,1.0,2090,1083,16808,0.010000000837960347
7,17898,1504,0.0,2091,1084,16814,0.010000000829622501
6,17904,1505,1.0,2092,1084,16820,0.01000000082136762
6,17910,1506,1.0,2093,1084,16826,0.010000000813194876
6,17916,1507,1.0,2094,1084,16832,0.010000000805103451
6,17922,1508,1.0,2095,1084,16838,0.010000000797092538
6,17928,1509,1.0,2096,1084,16844,0.010000000789161335
6,17934,1510,1.0,2097,1084,16850,0.010000000781309049
6,17940,1511,1.0,2098,1084,16856,0.010000000773534894
6,17946,1512,1.0,2099,1084,16862,0.010000000765838093
6,17952,1513,1.0,2100,1084,16868,0.010000000758217876
6,17958,1514,1.0,2101,1084,16874,0.010000000750673482
6,17964,1515,1.0,2102,1084,16880,0.010000000743204156
6,17970,1516,1.0,2103,1084,16886,0.010000000735809152
6,17976,1517,1.0,2104,1084,16892,0.010000000728487729
6,17982,1518,1.0,2105,1084,16898,0.010000000721239154
6,17988,1519,1.0,2106,1084,16904,0.010000000714062705
6,17994,1520,1.0,2107,1084,16910,0.010000000706957663
6,18000,1521,1.0,2108,1084,16916,0.010000000699923316
6,18006,1522,1.0,2109,1084,16922,0.010000000692958963
6,18012,1523,1.0,2110,1084,16928,0.010000000686063906
6,18018,1524,1.0,2111,1084,16934,0.010000000679237456
6,18024,1525,1.0,2112,1084,16940,0.01000000067247893
6,18030,1526,1.0,2113,1084,16946,0.010000000665787653
6,18036,1527,1.0,2114,1084,16952,0.010000000659162955
6,18042,1528,1.0,2115,1084,16958,0.010000000652604174
6,18048,1529,1.0,2116,1084,16964,0.010000000646110655
6,18054,1530,1.0,2117,1084,16970,0.010000000639681745
6,18060,1531,1.0,2118,1084,16976,0.010000000633316805
6,18066,1532,1.0,2119,1084,16982,0.010000000627015199
6,18072,1533,1.0,2120,1084,16988,0.010000000620776293
6,18078,1534,1.0,2121,1084,16994,0.010000000614599465
6,18084,1535,1.0,2122,1084,17000,0.010000000608484098
6,18090,1536,1.0,2123,1084,17006,0.01000000060242958
6,18096,1537,1.0,2124,1084,17012,0.010000000596435306
9,18105,1538,1.0,2125,1085,17020,0.010000000590500676
6,18111,1539,1.0,2126,1085,17026,0.010000000584625097
6,18117,1540,1.0,2127,1085,17032,0.01000000057880798
6,18123,1541,1.0,2128,1085,17038,0.010000000573048744
6,18129,1542,1.0,2129,1085,17044,0.010000000567346814
6,18135,1543,1.0,2130,1085,17050,0.010000000561701618
6,18141,1543,0.0,2131,1086,17055,0.010000000556112594
6,18147,1544,1.0,2132,1086,17061,0.010000000550579181
6,18153,1545,1.0,2133,1087,17066,0.010000000545100826
6,18159,1546,1.0,2134,1087,17072,0.010000000539676982
6,18165,1547,1.0,2135,1087,17078,0.010000000534307107
6,18171,1548,1.0,2136,1087,17084,0.010000000528990662
6,18177,1549,1.0,2137,1087,17090,0.010000000523727117
6,18183,1550,1.0,2138,1087,17096,0.010000000518515946
6,18189,1551,1.0,2139,1087,17102,0.010000000513356627
6,18195,1552,1.0,2140,1087,17108,0.010000000508248641
6,18201,1553,1.0,2141,1087,17114,0.010000000503191483
6,18207,1554,1.0,2142,1087,17120,0.010000000498184645
6,18213,1555,1.0,2143,1087,17126,0.010000000493227624
6,18219,1556,1.0,2144,1087,17132,0.010000000488319928
6,18225,1557,1.0,2145,1087,17138,0.010000000483461063
6,18231,1558,1.0,2146,1087,17144,0.010000000478650545
6,18237,1559,1.0,2147,1087,17150,0.010000000473887893
6,18243,1560,1.0,2148,1088,17155,0.01000000046917263
6,18249,1561,1.0,2149,1088,17161,0.010000000464504284
6,18255,1562,1.0,2150,1088,17167,0.01000000045988239
2,18257,1562,0.0,2151,1089,17168,0.010000000455306482
6,18263,1563,1.0,2152,1089,17174,0.010000000450776108
6,18269,1564,1.0,2153,1089,17180,0.01000000044629081
6,18275,1565,1.0,2154,1089,17186,0.010000000441850142
6,18281,1566,1.0,2155,1089,17192,0.01000000043745366
6,18287,1567,1.0,2156,1089,17198,0.010000000433100923
6,18293,1568,1.0,2157,1089,17204,0.010000000428791497
6,18299,1569,1.0,2158,1089,17210,0.01000000042452495
6,18305,1570,1.0,2159,1089,17216,0.010000000420300857
6,18311,1571,1.0,2160,1089,17222,0.010000000416118794
6,18317,1572,1.0,2161,1089,17228,0.010000000411978342
6,18323,1573,1.0,2162,1089,17234,0.01000000040787909
6,18329,1574,1.0,2163,1089,17240,0.010000000403820625
6,18335,1575,1.0,2164,1090,17245,0.010000000399802542
6,18341,1576,1.0,2165,1090,17251,0.010000000395824441
6,18347,1577,1.0,2166,1090,17257,0.010000000391885921
6,18353,1578,1.0,2167,1090,17263,0.010000000387986591
6,18359,1579,1.0,2168,1090,17269,0.010000000384126061
6,18365,1580,1.0,2169,1090,17275,0.010000000380303941
6,18371,1581,1.0,2170,1090,17281,0.010000000376519855
6,18377,1582,1.0,2171,1090,17287,0.01000000037277342
6,18383,1583,1.0,2172,1090,17293,0.010000000369064262
6,18389,1584,1.0,2173,1090,17299,0.010000000365392012
6,18395,1585,1.0,2174,1090,17305,0.0100000003617563
6,18401,1586,1.0,2175,1090,17311,0.010000000358156765
6,18407,1587,1.0,2176,1090,17317,0.010000000354593046
6,18413,1588,1.0,2177,1090,17323,0.010000000351064785
6,18419,1589,1.0,2178,1090,17329,0.010000000347571633
6,18425,1590,1.0,2179,1090,17335,0.010000000344113236
6,18431,1591,1.0,2180,1090,17341,0.010000000340689253
6,18437,1592,1.0,2181,1090,17347,0.010000000337299338
6,18443,1593,1.0,2182,1090,17353,0.010000000333943155
6,18449,1594,1.0,2183,1090,17359,0.010000000330620365
6,18455,1595,1.0,2184,1090,17365,0.010000000327330637
6,18461,1596,1.0,2185,1090,17371,0.010000000324073641
6,18467,1597,1.0,2186,1090,17377,0.010000000320849056
6,18473,1598,1.0,2187,1090,17383,0.010000000317656554
6,18479,1599,1.0,2188,1090,17389,0.010000000314495818
6,18485,1600,1.0,2189,1090,17395,0.010000000311366533
6,18491,1601,1.0,2190,1090,17401,0.010000000308268385
6,18497,1602,1.0,2191,1090,17407,0.010000000305201063
6,18503,1603,1.0,2192,1090,17413,0.01000000030216426
6,18509,1604,1.0,2193,1090,17419,0.010000000299157676
6,18515,1605,1.0,2194,1090,17425,0.010000000296181009
6,18521,1606,1.0,2195,1090,17431,0.010000000293233958
6,18527,1607,1.0,2196,1090,17437,0.010000000290316231
6,18533,1608,1.0,2197,1090,17443,0.010000000287427537
6,18539,1609,1.0,2198,1090,17449,0.010000000284567585
6,18545,1610,1.0,2199,1090,17455,0.01000000028173609
6,18551,1611,1.0,2200,1090,17461,0.01000000027893277
6,18557,1611,0.0,2201,1091,17466,0.010000000276157342
6,18563,1612,1.0,2202,1091,17472,0.01000000027340953
6,18569,1613,1.0,2203,1092,17477,0.01000000027068906
6,18575,1614,1.0,2204,1092,17483,0.010000000267995659
6,18581,1615,1.0,2205,1092,17489,0.010000000265329058
6,18587,1616,1.0,2206,1092,17495,0.010000000262688989
6,18593,1617,1.0,2207,1092,17501,0.010000000260075189
6,18599,1618,1.0,2208,1092,17507,0.010000000257487398
6,18605,1619,1.0,2209,1092,17513,0.010000000254925355
6,18611,1620,1.0,2210,1092,17519,0.010000000252388806
6,18617,1621,1.0,2211,1092,17525,0.010000000249877496
6,18623,1622,1.0,2212,1092,17531,0.010000000247391174
6,18629,1623,1.0,2213,1093,17536,0.01000000024492959
6,18635,1624,1.0,2214,1093,17542,0.0100000002424925
6,18641,1625,1.0,2215,1093,17548,0.01000000024007966
6,18647,1626,1.0,2216,1093,17554,0.010000000237690827
38,18685,1626,0.0,2217,1094,17591,0.010000000235325763
6,18691,1627,1.0,2218,1094,17597,0.010000000232984233
6,18697,1628,1.0,2219,1094,17603,0.010000000230666
6,18703,1629,1.0,2220,1094,17609,0.010000000228370836
6,18709,1630,1.0,2221,1094,17615,0.010000000226098508
6,18715,1631,1.0,2222,1095,17620,0.01000000022384879
6,18721,1632,1.0,2223,1095,17626,0.010000000221621458
6,18727,1633,1.0,2224,1095,17632,0.010000000219416287
6,18733,1634,1.0,2225,1095,17638,0.010000000217233058
6,18739,1635,1.0,2226,1095,17644,0.010000000215071555
6,18745,1636,1.0,2227,1095,17650,0.010000000212931556
6,18751,1637,1.0,2228,1095,17656,0.010000000210812852
6,18757,1638,1.0,2229,1095,17662,0.01000000020871523
6,18763,1639,1.0,2230,1095,17668,0.010000000206638477
6,18769,1640,1.0,2231,1095,17674,0.010000000204582391
6,18775,1641,1.0,2232,1095,17680,0.01000000020254676
6,18781,1642,1.0,2233,1095,17686,0.010000000200531387
6,18787,1643,1.0,2234,1095,17692,0.010000000198536066
6,18793,1644,1.0,2235,1095,17698,0.0100000001965606
6,18799,1645,1.0,2236,1095,17704,0.010000000194604789
6,18805,1646,1.0,2237,1095,17710,0.010000000192668439
6,18811,1647,1.0,2238,1095,17716,0.010000000190751356
6,18817,1648,1.0,2239,1095,17722,0.010000000188853348
6,18823,1649,1.0,2240,1095,17728,0.010000000186974226
6,18829,1650,1.0,2241,1095,17734,0.010000000185113801
6,18835,1651,1.0,2242,1095,17740,0.01000000018327189
6,18841,1652,1.0,2243,1095,17746,0.010000000181448303
6,18847,1653,1.0,2244,1095,17752,0.010000000179642862
6,18853,1654,1.0,2245,1095,17758,0.010000000177855385
6,18859,1655,1.0,2246,1095,17764,0.010000000176085695
6,18865,1656,1.0,2247,1095,17770,0.010000000174333614
6,18871,1657,1.0,2248,1095,17776,0.010000000172598965
6,18877,1658,1.0,2249,1095,17782,0.010000000170881576
6,18883,1659,1.0,2250,1095,17788,0.010000000169181277
6,18889,1660,1.0,2251,1095,17794,0.010000000167497894
6,18895,1661,1.0,2252,1095,17800,0.010000000165831262
6,18901,1661,0.0,2253,1096,17805,0.010000000164181214
6,18907,1662,1.0,2254,1096,17811,0.010000000162547583
6,18913,1663,1.0,2255,1096,17817,0.010000000160930209
6,18919,1664,1.0,2256,1096,17823,0.010000000159328925
6,18925,1665,1.0,2257,1096,17829,0.010000000157743577
38,18963,1665,0.0,2258,1097,17866,0.010000000156174001
4,18967,1665,0.0,2259,1098,17869,0.010000000154620044
6,18973,1666,1.0,2260,1098,17875,0.01000000015308155
6,18979,1667,1.0,2261,1098,17881,0.010000000151558363
6,18985,1668,1.0,2262,1098,17887,0.010000000150050332
6,18991,1669,1.0,2263,1098,17893,0.010000000148557306
6,18997,1670,1.0,2264,1098,17899,0.010000000147079136
6,19003,1671,1.0,2265,1098,17905,0.010000000145615674
6,19009,1672,1.0,2266,1098,17911,0.010000000144166774
6,19015,1673,1.0,2267,1098,17917,0.01000000014273229
6,19021,1674,1.0,2268,1098,17923,0.01000000014131208
6,19027,1675,1.0,2269,1098,17929,0.010000000139906002
6,19033,1676,1.0,2270,1098,17935,0.010000000138513914
6,19039,1677,1.0,2271,1098,17941,0.010000000137135678
6,19045,1678,1.0,2272,1098,17947,0.010000000135771155
6,19051,1679,1.0,2273,1099,17952,0.01000000013442021
4,19055,1679,0.0,2274,1100,17955,0.010000000133082705
6,19061,1680,1.0,2275,1100,17961,0.01000000013175851
6,19067,1681,1.0,2276,1100,17967,0.010000000130447492
6,19073,1682,1.0,2277,1100,17973,0.010000000129149518
6,19079,1683,1.0,2278,1100,17979,0.010000000127864459
6,19085,1684,1.0,2279,1100,17985,0.010000000126592185
6,19091,1685,1.0,2280,1100,17991,0.010000000125332573
6,19097,1686,1.0,2281,1100,17997,0.010000000124085492
6,19103,1687,1.0,2282,1101,18002,0.010000000122850822
5,19108,1687,0.0,2283,1102,18006,0.010000000121628435
6,19114,1688,1.0,2284,1102,18012,0.010000000120418212
6,19120,1689,1.0,2285,1102,18018,0.01000000011922003
6,19126,1690,1.0,2286,1102,18024,0.010000000118033772
6,19132,1691,1.0,2287,1102,18030,0.010000000116859316
6,19138,1692,1.0,2288,1102,18036,0.010000000115696546
6,19144,1693,1.0,2289,1102,18042,0.010000000114545346
6,19150,1694,1.0,2290,1102,18048,0.010000000113405601
6,19156,1695,1.0,2291,1102,18054,0.010000000112277196
6,19162,1696,1.0,2292,1102,18060,0.010000000111160019
6,19168,1697,1.0,2293,1102,18066,0.01000000011005396
6,19174,1698,1.0,2294,1102,18072,0.010000000108958905
6,19180,1699,1.0,2295,1102,18078,0.010000000107874744
6,19186,1700,1.0,2296,1102,18084,0.010000000106801374
6,19192,1701,1.0,2297,1102,18090,0.010000000105738682
6,19198,1702,1.0,2298,1102,18096,0.010000000104686563
6,19204,1703,1.0,2299,1102,18102,0.010000000103644916
6,19210,1704,1.0,2300,1102,18108,0.010000000102613631
6,19216,1705,1.0,2301,1102,18114,0.010000000101592608
6,19222,1706,1.0,2302,1102,18120,0.010000000100581745
6,19228,1707,1.0,2303,1102,18126,0.010000000099580941
6,19234,1708,1.0,2304,1102,18132,0.010000000098590093
5,19239,1708,0.0,2305,1103,18136,0.010000000097609105
6,19245,1709,1.0,2306,1103,18142,0.010000000096637878
6,19251,1710,1.0,2307,1103,18148,0.010000000095676316
6,19257,1711,1.0,2308,1103,18154,0.01000000009472432
4,19261,1711,0.0,2309,1104,18157,0.010000000093781799
6,19267,1712,1.0,2310,1104,18163,0.010000000092848653
6,19273,1713,1.0,2311,1104,18169,0.010000000091924794
6,19279,1714,1.0,2312,1104,18175,0.010000000091010127
6,19285,1715,1.0,2313,1104,18181,0.010000000090104561
6,19291,1716,1.0,2314,1104,18187,0.010000000089208006
6,19297,1717,1.0,2315,1104,18193,0.01000000008832037
6,19303,1718,1.0,2316,1104,18199,0.010000000087441568
6,19309,1719,1.0,2317,1104,18205,0.01000000008657151
6,19315,1720,1.0,2318,1104,18211,0.01000000008571011
38,19353,1720,0.0,2319,1105,18248,0.01000000008485728
5,19358,1720,0.0,2320,1105,18253,0.010000000084012936
6,19364,1721,1.0,2321,1105,18259,0.010000000083176993
6,19370,1722,1.0,2322,1105,18265,0.010000000082349369
6,19376,1723,1.0,2323,1105,18271,0.010000000081529977
6,19382,1724,1.0,2324,1105,18277,0.010000000080718741
6,19388,1725,1.0,2325,1105,18283,0.010000000079915576
6,19394,1726,1.0,2326,1105,18289,0.010000000079120403
6,19400,1727,1.0,2327,1105,18295,0.010000000078333142
15,19415,1727,0.0,2328,1106,18309,0.010000000077553714
4,19419,1727,0.0,2329,1106,18313,0.010000000076782041
6,19425,1728,1.0,2330,1106,18319,0.010000000076018048
5,19430,1728,0.0,2331,1107,18323,0.010000000075261655
12,19442,1728,0.0,2332,1108,18334,0.01000000007451279
15,19457,1728,0.0,2333,1108,18349,0.010000000073771375
37,19494,1728,0.0,2334,1108,18386,0.010000000073037337
4,19498,1728,0.0,2335,1109,18389,0.010000000072310604
15,19513,1728,0.0,2336,1109,18404,0.010000000071591101
62,19575,1728,0.0,2337,1109,18466,0.010000000070878758
4,19579,1728,0.0,2338,1109,18470,0.010000000070173503
18,19597,1728,0.0,2339,1109,18488,0.010000000069475264
6,19603,1728,0.0,2340,1109,18494,0.010000000068783974
5,19608,1728,0.0,2341,1109,18499,0.010000000068099563
6,19614,1729,1.0,2342,1109,18505,0.01000000006742196
6,19620,1730,1.0,2343,1109,18511,0.0100000000667511
6,19626,1731,1.0,2344,1109,18517,0.010000000066086916
6,19632,1732,1.0,2345,1109,18523,0.01000000006542934
6,19638,1733,1.0,2346,1109,18529,0.010000000064778308
6,19644,1734,1.0,2347,1109,18535,0.010000000064133752
6,19650,1735,1.0,2348,1109,18541,0.01000000006349561
6,19656,1736,1.0,2349,1109,18547,0.010000000062863819
6,19662,1737,1.0,2350,1109,18553,0.010000000062238314
38,19700,1737,0.0,2351,1110,18590,0.010000000061619031
6,19706,1738,1.0,2352,1110,18596,0.010000000061005912
6,19712,1739,1.0,2353,1110,18602,0.010000000060398893
6,19718,1740,1.0,2354,1110,18608,0.010000000059797915
6,19724,1741,1.0,2355,1110,18614,0.010000000059202915
6,19730,1742,1.0,2356,1110,18620,0.010000000058613836
6,19736,1743,1.0,2357,1110,18626,0.010000000058030619
6,19742,1744,1.0,2358,1110,18632,0.010000000057453204
6,19748,1745,1.0,2359,1110,18638,0.010000000056881536
6,19754,1746,1.0,2360,1110,18644,0.010000000056315555
6,19760,1747,1.0,2361,1110,18650,0.010000000055755206
6,19766,1748,1.0,2362,1110,18656,0.010000000055200433
6,19772,1749,1.0,2363,1110,18662,0.01000000005465118
6,19778,1750,1.0,2364,1110,18668,0.01000000005410739
6,19784,1751,1.0,2365,1110,18674,0.010000000053569012
6,19790,1752,1.0,2366,1110,18680,0.010000000053035992
6,19796,1753,1.0,2367,1110,18686,0.010000000052508276
6,19802,1754,1.0,2368,1110,18692,0.01000000005198581
6,19808,1755,1.0,2369,1110,18698,0.010000000051468541
6,19814,1756,1.0,2370,1110,18704,0.010000000050956422
6,19820,1757,1.0,2371,1110,18710,0.010000000050449397
6,19826,1758,1.0,2372,1110,18716,0.010000000049947416
6,19832,1759,1.0,2373,1111,18721,0.010000000049450432
6,19838,1760,1.0,2374,1111,18727,0.010000000048958391
6,19844,1761,1.0,2375,1111,18733,0.010000000048471248
6,19850,1762,1.0,2376,1111,18739,0.01000000004798895
6,19856,1763,1.0,2377,1111,18745,0.010000000047511452
6,19862,1764,1.0,2378,1111,18751,0.010000000047038705
6,19868,1765,1.0,2379,1111,18757,0.010000000046570662
6,19874,1766,1.0,2380,1111,18763,0.010000000046107276
6,19880,1767,1.0,2381,1111,18769,0.010000000045648503
6,19886,1768,1.0,2382,1111,18775,0.010000000045194291
6,19892,1769,1.0,2383,1111,18781,0.0100000000447446
6,19898,1770,1.0,2384,1111,18787,0.010000000044299384
6,19904,1771,1.0,2385,1111,18793,0.010000000043858598
6,19910,1772,1.0,2386,1111,18799,0.010000000043422198
6,19916,1773,1.0,2387,1111,18805,0.01000000004299014
6,19922,1774,1.0,2388,1111,18811,0.010000000042562381
6,19928,1775,1.0,2389,1111,18817,0.010000000042138878
6,19934,1776,1.0,2390,1111,18823,0.01000000004171959
6,19940,1777,1.0,2391,1111,18829,0.010000000041304472
6,19946,1778,1.0,2392,1111,18835,0.010000000040893487
6,19952,1779,1.0,2393,1111,18841,0.010000000040486588
6,19958,1780,1.0,2394,1111,18847,0.01000000004008374
6,19964,1781,1.0,2395,1111,18853,0.010000000039684901
6,19970,1782,1.0,2396,1112,18858,0.01000000003929003
6,19976,1783,1.0,2397,1112,18864,0.010000000038899087
6,19982,1784,1.0,2398,1112,18870,0.010000000038512034
6,19988,1785,1.0,2399,1112,18876,0.010000000038128834
6,19994,1786,1.0,2400,1112,18882,0.010000000037749446
6,20000,1787,1.0,2401,1112,18888,0.010000000037373832
6,20006,1788,1.0,2402,1112,18894,0.010000000037001956
6,20012,1789,1.0,2403,1112,18900,0.010000000036633781
6,20018,1790,1.0,2404,1112,18906,0.010000000036269269
6,20024,1791,1.0,2405,1112,18912,0.010000000035908384
6,20030,1792,1.0,2406,1112,18918,0.010000000035551088
6,20036,1793,1.0,2407,1112,18924,0.01000000003519735
6,20042,1794,1.0,2408,1112,18930,0.01000000003484713
38,20080,1794,0.0,2409,1113,18967,0.010000000034500396
6,20086,1795,1.0,2410,1113,18973,0.010000000034157111
6,20092,1796,1.0,2411,1113,18979,0.010000000033817243
6,20098,1797,1.0,2412,1113,18985,0.010000000033480755
6,20104,1798,1.0,2413,1113,18991,0.010000000033147615
6,20110,1799,1.0,2414,1113,18997,0.010000000032817792
6,20116,1800,1.0,2415,1114,19002,0.01000000003249125
6,20122,1801,1.0,2416,1114,19008,0.010000000032167956
6,20128,1802,1.0,2417,1114,19014,0.010000000031847879
6,20134,1803,1.0,2418,1114,19020,0.010000000031530988
6,20140,1804,1.0,2419,1114,19026,0.01000000003121725
6,20146,1805,1.0,2420,1114,19032,0.010000000030906632
6,20152,1806,1.0,2421,1114,19038,0.010000000030599105
6,20158,1807,1.0,2422,1114,19044,0.01000000003029464
6,20164,1808,1.0,2423,1114,19050,0.010000000029993203
6,20170,1809,1.0,2424,1114,19056,0.010000000029694766
6,20176,1810,1.0,2425,1114,19062,0.010000000029399297
6,20182,1811,1.0,2426,1114,19068,0.01000000002910677
6,20188,1812,1.0,2427,1114,19074,0.010000000028817152
6,20194,1813,1.0,2428,1114,19080,0.010000000028530418
6,20200,1814,1.0,2429,1114,19086,0.010000000028246536
6,20206,1815,1.0,2430,1114,19092,0.010000000027965477
6,20212,1816,1.0,2431,1114,19098,0.010000000027687216
6,20218,1817,1.0,2432,1114,19104,0.010000000027411724
6,20224,1818,1.0,2433,1114,19110,0.010000000027138972
6,20230,1819,1.0,2434,1114,19116,0.010000000026868934
6,20236,1820,1.0,2435,1114,19122,0.010000000026601584
6,20242,1821,1.0,2436,1114,19128,0.010000000026336895
6,20248,1822,1.0,2437,1114,19134,0.010000000026074839
6,20254,1823,1.0,2438,1114,19140,0.010000000025815388
6,20260,1824,1.0,2439,1114,19146,0.01000000002555852
6,20266,1825,1.0,2440,1114,19152,0.01000000002530421
6,20272,1826,1.0,2441,1114,19158,0.010000000025052429
6,20278,1827,1.0,2442,1114,19164,0.010000000024803153
6,20284,1828,1.0,2443,1114,19170,0.010000000024556357
6,20290,1829,1.0,2444,1114,19176,0.010000000024312018
6,20296,1830,1.0,2445,1115,19181,0.010000000024070109
6,20302,1831,1.0,2446,1115,19187,0.010000000023830608
6,20308,1832,1.0,2447,1115,19193,0.010000000023593488
7,20315,1832,0.0,2448,1116,19199,0.01000000002335873
6,20321,1833,1.0,2449,1116,19205,0.010000000023126307
6,20327,1834,1.0,2450,1116,19211,0.010000000022896196
6,20333,1835,1.0,2451,1116,19217,0.010000000022668374
6,20339,1836,1.0,2452,1117,19222,0.01000000002244282
6,20345,1837,1.0,2453,1117,19228,0.010000000022219511
6,20351,1838,1.0,2454,1117,19234,0.010000000021998424
6,20357,1839,1.0,2455,1117,19240,0.010000000021779535
6,20363,1840,1.0,2456,1117,19246,0.010000000021562825
6,20369,1841,1.0,2457,1117,19252,0.010000000021348272
6,20375,1842,1.0,2458,1117,19258,0.010000000021135854
6,20381,1843,1.0,2459,1117,19264,0.010000000020925548
6,20387,1844,1.0,2460,1117,19270,0.010000000020717334
6,20393,1845,1.0,2461,1117,19276,0.010000000020511194
6,20399,1846,1.0,2462,1117,19282,0.010000000020307105
6,20405,1847,1.0,2463,1117,19288,0.010000000020105045
6,20411,1848,1.0,2464,1117,19294,0.010000000019904996
6,20417,1849,1.0,2465,1117,19300,0.01000000001970694
6,20423,1850,1.0,2466,1117,19306,0.010000000019510851
6,20429,1851,1.0,2467,1117,19312,0.010000000019316715
6,20435,1852,1.0,2468,1117,19318,0.010000000019124511
6,20441,1853,1.0,2469,1117,19324,0.010000000018934219
6,20447,1854,1.0,2470,1117,19330,0.01000000001874582
6,20453,1855,1.0,2471,1117,19336,0.010000000018559297
6,20459,1856,1.0,2472,1117,19342,0.010000000018374628
6,20465,1857,1.0,2473,1117,19348,0.010000000018191797
6,20471,1858,1.0,2474,1117,19354,0.010000000018010786
6,20477,1859,1.0,2475,1117,19360,0.010000000017831575
6,20483,1860,1.0,2476,1117,19366,0.01000000001765415
6,20489,1861,1.0,2477,1117,19372,0.010000000017478486
6,20495,1862,1.0,2478,1117,19378,0.010000000017304573
6,20501,1863,1.0,2479,1117,19384,0.01000000001713239
6,20507,1864,1.0,2480,1117,19390,0.01000000001696192
6,20513,1865,1.0,2481,1117,19396,0.010000000016793145
6,20519,1866,1.0,2482,1117,19402,0.010000000016626051
6,20525,1867,1.0,2483,1117,19408,0.01000000001646062
6,20531,1868,1.0,2484,1117,19414,0.010000000016296832
6,20537,1869,1.0,2485,1117,19420,0.010000000016134677
6,20543,1870,1.0,2486,1117,19426,0.010000000015974134
6,20549,1871,1.0,2487,1117,19432,0.010000000015815188
6,20555,1872,1.0,2488,1117,19438,0.010000000015657824
6,20561,1873,1.0,2489,1117,19444,0.010000000015502027
6,20567,1874,1.0,2490,1117,19450,0.010000000015347779
6,20573,1875,1.0,2491,1117,19456,0.010000000015195066
6,20579,1876,1.0,2492,1117,19462,0.010000000015043873
6,20585,1877,1.0,2493,1117,19468,0.010000000014894183
6,20591,1878,1.0,2494,1117,19474,0.010000000014745984
6,20597,1879,1.0,2495,1117,19480,0.01000000001459926
6,20603,1880,1.0,2496,1117,19486,0.010000000014453994
6,20609,1881,1.0,2497,1117,19492,0.010000000014310175
6,20615,1882,1.0,2498,1117,19498,0.010000000014167785
6,20621,1883,1.0,2499,1117,19504,0.010000000014026815
6,20627,1884,1.0,2500,1117,19510,0.010000000013887246
6,20633,1885,1.0,2501,1117,19516,0.010000000013749065
6,20639,1886,1.0,2502,1117,19522,0.010000000013612259
6,20645,1887,1.0,2503,1117,19528,0.010000000013476815
6,20651,1888,1.0,2504,1117,19534,0.010000000013342718
6,20657,1889,1.0,2505,1117,19540,0.010000000013209956
6,20663,1890,1.0,2506,1117,19546,0.010000000013078514
6,20669,1891,1.0,2507,1117,19552,0.010000000012948382
6,20675,1892,1.0,2508,1117,19558,0.010000000012819543
6,20681,1893,1.0,2509,1117,19564,0.010000000012691987
6,20687,1894,1.0,2510,1117,19570,0.010000000012565699
6,20693,1895,1.0,2511,1117,19576,0.010000000012440668
6,20699,1896,1.0,2512,1117,19582,0.010000000012316882
6,20705,1897,1.0,2513,1117,19588,0.010000000012194326
6,20711,1898,1.0,2514,1117,19594,0.01000000001207299
6,20717,1899,1.0,2515,1117,19600,0.010000000011952863
6,20723,1900,1.0,2516,1118,19605,0.01000000001183393
6,20729,1901,1.0,2517,1118,19611,0.01000000001171618
6,20735,1902,1.0,2518,1118,19617,0.010000000011599602
6,20741,1903,1.0,2519,1118,19623,0.010000000011484184
6,20747,1904,1.0,2520,1118,19629,0.010000000011369914
6,20753,1905,1.0,2521,1118,19635,0.010000000011256782
6,20759,1906,1.0,2522,1118,19641,0.010000000011144775
6,20765,1907,1.0,2523,1118,19647,0.010000000011033882
6,20771,1908,1.0,2524,1118,19653,0.010000000010924093
6,20777,1909,1.0,2525,1118,19659,0.010000000010815397
6,20783,1910,1.0,2526,1118,19665,0.010000000010707782
6,20789,1911,1.0,2527,1118,19671,0.010000000010601239
6,20795,1912,1.0,2528,1118,19677,0.010000000010495754
6,20801,1913,1.0,2529,1118,19683,0.01000000001039132
6,20807,1914,1.0,2530,1118,19689,0.010000000010287923
6,20813,1915,1.0,2531,1118,19695,0.010000000010185557
6,20819,1916,1.0,2532,1119,19700,0.01000000001008421
6,20825,1917,1.0,2533,1119,19706,0.01000000000998387
6,20831,1918,1.0,2534,1119,19712,0.01000000000988453
6,20837,1919,1.0,2535,1119,19718,0.010000000009786176
6,20843,1920,1.0,2536,1119,19724,0.010000000009688802
6,20849,1921,1.0,2537,1119,19730,0.010000000009592397
6,20855,1922,1.0,2538,1119,19736,0.01000000000949695
6,20861,1923,1.0,2539,1119,19742,0.010000000009402455
6,20867,1924,1.0,2540,1119,19748,0.0100000000093089
6,20873,1925,1.0,2541,1119,19754,0.010000000009216274
6,20879,1926,1.0,2542,1119,19760,0.010000000009124571
6,20885,1927,1.0,2543,1119,19766,0.01000000000903378
6,20891,1928,1.0,2544,1119,19772,0.010000000008943891
6,20897,1929,1.0,2545,1119,19778,0.010000000008854898
6,20903,1930,1.0,2546,1120,19783,0.010000000008766791
6,20909,1931,1.0,2547,1120,19789,0.010000000008679559
6,20915,1932,1.0,2548,1120,19795,0.010000000008593196
6,20921,1933,1.0,2549,1120,19801,0.010000000008507693
6,20927,1934,1.0,2550,1120,19807,0.01000000000842304
6,20933,1935,1.0,2551,1120,19813,0.010000000008339229
6,20939,1936,1.0,2552,1120,19819,0.010000000008256252
6,20945,1937,1.0,2553,1120,19825,0.010000000008174102
6,20951,1938,1.0,2554,1120,19831,0.010000000008092768
6,20957,1939,1.0,2555,1120,19837,0.010000000008012244
6,20963,1940,1.0,2556,1120,19843,0.010000000007932521
6,20969,1941,1.0,2557,1120,19849,0.010000000007853591
6,20975,1942,1.0,2558,1120,19855,0.010000000007775445
6,20981,1943,1.0,2559,1120,19861,0.010000000007698078
6,20987,1944,1.0,2560,1120,19867,0.010000000007621482
6,20993,1945,1.0,2561,1120,19873,0.010000000007545647
6,20999,1946,1.0,2562,1120,19879,0.010000000007470566
6,21005,1947,1.0,2563,1120,19885,0.010000000007396233
6,21011,1948,1.0,2564,1120,19891,0.01000000000732264
6,21017,1949,1.0,2565,1120,19897,0.010000000007249777
6,21023,1950,1.0,2566,1120,19903,0.01000000000717764
6,21029,1951,1.0,2567,1120,19909,0.010000000007106222
6,21035,1952,1.0,2568,1120,19915,0.010000000007035515
6,21041,1953,1.0,2569,1120,19921,0.01000000000696551
6,21047,1954,1.0,2570,1120,19927,0.010000000006896203
6,21053,1955,1.0,2571,1120,19933,0.010000000006827584
6,21059,1956,1.0,2572,1120,19939,0.010000000006759649
6,21065,1957,1.0,2573,1120,19945,0.010000000006692388
6,21071,1958,1.0,2574,1120,19951,0.010000000006625797
6,21077,1959,1.0,2575,1120,19957,0.010000000006559871
6,21083,1960,1.0,2576,1120,19963,0.010000000006494598
6,21089,1961,1.0,2577,1120,19969,0.010000000006429977
6,21095,1962,1.0,2578,1120,19975,0.010000000006365996
6,21101,1963,1.0,2579,1120,19981,0.010000000006302655
6,21107,1964,1.0,2580,1120,19987,0.010000000006239941
6,21113,1965,1.0,2581,1120,19993,0.010000000006177854
6,21119,1966,1.0,2582,1120,19999,0.010000000006116382
6,21125,1967,1.0,2583,1120,20005,0.010000000006055523
6,21131,1968,1.0,2584,1120,20011,0.01000000000599527
6,21137,1969,1.0,2585,1120,20017,0.010000000005935617
38,21175,1969,0.0,2586,1122,20053,0.010000000005876556
6,21181,1969,0.0,2587,1123,20058,0.010000000005818082
6,21187,1970,1.0,2588,1123,20064,0.010000000005760193
6,21193,1971,1.0,2589,1123,20070,0.010000000005702878
6,21199,1972,1.0,2590,1123,20076,0.010000000005646133
6,21205,1973,1.0,2591,1123,20082,0.010000000005589952
6,21211,1974,1.0,2592,1123,20088,0.010000000005534332
6,21217,1975,1.0,2593,1123,20094,0.010000000005479265
6,21223,1976,1.0,2594,1123,20100,0.010000000005424744
6,21229,1977,1.0,2595,1123,20106,0.010000000005370768
6,21235,1978,1.0,2596,1123,20112,0.010000000005317327
6,21241,1979,1.0,2597,1123,20118,0.01000000000526442
6,21247,1980,1.0,2598,1123,20124,0.010000000005212038
6,21253,1981,1.0,2599,1124,20129,0.010000000005160176
6,21259,1982,1.0,2600,1124,20135,0.010000000005108832
6,21265,1983,1.0,2601,1124,20141,0.010000000005057998
6,21271,1984,1.0,2602,1124,20147,0.01000000000500767
6,21277,1985,1.0,2603,1125,20152,0.010000000004957843
6,21283,1986,1.0,2604,1125,20158,0.010000000004908511
6,21289,1987,1.0,2605,1125,20164,0.010000000004859672
5,21294,1987,0.0,2606,1126,20168,0.010000000004811316
6,21300,1988,1.0,2607,1126,20174,0.010000000004763443
6,21306,1989,1.0,2608,1126,20180,0.010000000004716047
6,21312,1990,1.0,2609,1126,20186,0.010000000004669121
6,21318,1991,1.0,2610,1126,20192,0.010000000004622662
6,21324,1992,1.0,2611,1126,20198,0.010000000004576666
6,21330,1993,1.0,2612,1126,20204,0.010000000004531127
6,21336,1994,1.0,2613,1126,20210,0.010000000004486042
6,21342,1995,1.0,2614,1127,20215,0.010000000004441406
38,21380,1995,0.0,2615,1128,20252,0.010000000004397212
6,21386,1996,1.0,2616,1128,20258,0.010000000004353459
6,21392,1997,1.0,2617,1129,20263,0.010000000004310143
6,21398,1998,1.0,2618,1129,20269,0.010000000004267255
6,21404,1999,1.0,2619,1129,20275,0.010000000004224796
6,21410,2000,1.0,2620,1129,20281,0.010000000004182759
6,21416,2001,1.0,2621,1129,20287,0.010000000004141139
6,21422,2002,1.0,2622,1129,20293,0.010000000004099934
6,21428,2003,1.0,2623,1129,20299,0.010000000004059139
6,21434,2004,1.0,2624,1129,20305,0.010000000004018749
6,21440,2005,1.0,2625,1129,20311,0.010000000003978762
6,21446,2006,1.0,2626,1129,20317,0.010000000003939174
6,21452,2007,1.0,2627,1129,20323,0.010000000003899978
6,21458,2008,1.0,2628,1129,20329,0.010000000003861172
6,21464,2009,1.0,2629,1129,20335,0.010000000003822753
6,21470,2010,1.0,2630,1129,20341,0.010000000003784716
6,21476,2011,1.0,2631,1129,20347,0.010000000003747057
6,21482,2012,1.0,2632,1129,20353,0.010000000003709774
6,21488,2013,1.0,2633,1129,20359,0.01000000000367286
6,21494,2014,1.0,2634,1129,20365,0.010000000003636315
6,21500,2015,1.0,2635,1129,20371,0.010000000003600133
6,21506,2016,1.0,2636,1129,20377,0.01000000000356431
6,21512,2017,1.0,2637,1129,20383,0.010000000003528846
6,21518,2018,1.0,2638,1129,20389,0.010000000003493733
6,21524,2019,1.0,2639,1129,20395,0.01000000000345897
6,21530,2020,1.0,2640,1129,20401,0.010000000003424553
6,21536,2021,1.0,2641,1129,20407,0.010000000003390477
6,21542,2022,1.0,2642,1129,20413,0.010000000003356742
6,21548,2023,1.0,2643,1129,20419,0.010000000003323342
6,21554,2024,1.0,2644,1129,20425,0.010000000003290275
6,21560,2025,1.0,2645,1129,20431,0.010000000003257535
6,21566,2026,1.0,2646,1129,20437,0.010000000003225122
6,21572,2027,1.0,2647,1129,20443,0.010000000003193031
6,21578,2028,1.0,2648,1129,20449,0.01000000000316126
6,21584,2029,1.0,2649,1129,20455,0.010000000003129806
6,21590,2030,1.0,2650,1129,20461,0.010000000003098664
6,21596,2031,1.0,2651,1129,20467,0.010000000003067831
6,21602,2032,1.0,2652,1129,20473,0.010000000003037305
4,21606,2032,0.0,2653,1130,20476,0.010000000003007084
6,21612,2033,1.0,2654,1130,20482,0.010000000002977164
6,21618,2034,1.0,2655,1130,20488,0.01000000000294754
6,21624,2035,1.0,2656,1130,20494,0.010000000002918211
6,21630,2036,1.0,2657,1130,20500,0.010000000002889175
6,21636,2037,1.0,2658,1130,20506,0.010000000002860427
6,21642,2038,1.0,2659,1130,20512,0.010000000002831966
6,21648,2039,1.0,2660,1130,20518,0.010000000002803787
6,21654,2040,1.0,2661,1130,20524,0.010000000002775889
6,21660,2041,1.0,2662,1130,20530,0.010000000002748267
6,21666,2042,1.0,2663,1130,20536,0.010000000002720923
6,21672,2043,1.0,2664,1130,20542,0.010000000002693849
6,21678,2044,1.0,2665,1131,20547,0.010000000002667044
6,21684,2045,1.0,2666,1131,20553,0.010000000002640506
6,21690,2046,1.0,2667,1131,20559,0.010000000002614234
6,21696,2047,1.0,2668,1131,20565,0.010000000002588222
38,21734,2047,0.0,2669,1132,20602,0.010000000002562468
6,21740,2047,0.0,2670,1133,20607,0.01000000000253697
36,21776,2047,0.0,2671,1133,20643,0.010000000002511727
4,21780,2047,0.0,2672,1133,20647,0.010000000002486735
4,21784,2047,0.0,2673,1133,20651,0.010000000002461993
6,21790,2048,1.0,2674,1133,20657,0.010000000002437495
30,21820,2048,0.0,2675,1133,20687,0.010000000002413242
4,21824,2048,0.0,2676,1133,20691,0.01000000000238923
4,21828,2048,0.0,2677,1133,20695,0.010000000002365455
15,21843,2048,0.0,2678,1133,20710,0.01000000000234192
15,21858,2048,0.0,2679,1133,20725,0.010000000002318618
15,21873,2048,0.0,2680,1133,20740,0.010000000002295546
27,21900,2049,1.0,2681,1133,20767,0.010000000002272705
14,21914,2049,0.0,2682,1133,20781,0.010000000002250091
27,21941,2049,0.0,2683,1134,20807,0.010000000002227703
14,21955,2049,0.0,2684,1135,20820,0.010000000002205536
13,21968,2049,0.0,2685,1135,20833,0.010000000002183592
15,21983,2049,0.0,2686,1135,20848,0.010000000002161865
13,21996,2049,0.0,2687,1135,20861,0.010000000002140354
15,22011,2049,0.0,2688,1135,20876,0.010000000002119057
13,22024,2049,0.0,2689,1135,20889,0.010000000002097971
17,22041,2050,1.0,2690,1135,20906,0.010000000002077096
19,22060,2050,0.0,2691,1135,20925,0.010000000002056428
38,22098,2050,0.0,2692,1136,20962,0.010000000002035967
4,22102,2050,0.0,2693,1136,20966,0.010000000002015709
4,22106,2050,0.0,2694,1136,20970,0.010000000001995652
4,22110,2050,0.0,2695,1136,20974,0.010000000001975795
17,22127,2050,0.0,2696,1136,20991,0.010000000001956135
3,22130,2050,0.0,2697,1136,20994,0.010000000001936672
15,22145,2050,0.0,2698,1136,21009,0.010000000001917402
36,22181,2050,0.0,2699,1137,21044,0.010000000001898324
17,22198,2051,1.0,2700,1137,21061,0.010000000001879434
17,22215,2052,1.0,2701,1137,21078,0.010000000001860734
17,22232,2053,1.0,2702,1137,21095,0.01000000000184222
17,22249,2054,1.0,2703,1137,21112,0.010000000001823888
17,22266,2055,1.0,2704,1137,21129,0.010000000001805742
17,22283,2056,1.0,2705,1137,21146,0.010000000001787773
17,22300,2057,1.0,2706,1137,21163,0.010000000001769985
15,22315,2057,0.0,2707,1138,21177,0.010000000001752373
18,22333,2057,0.0,2708,1138,21195,0.010000000001734937
18,22351,2057,0.0,2709,1138,21213,0.010000000001717673
18,22369,2057,0.0,2710,1138,21231,0.010000000001700583
15,22384,2057,0.0,2711,1138,21246,0.010000000001683662
15,22399,2057,0.0,2712,1138,21261,0.010000000001666908
12,22411,2057,0.0,2713,1139,21272,0.010000000001650322
15,22426,2057,0.0,2714,1139,21287,0.010000000001633902
16,22442,2057,0.0,2715,1140,21302,0.010000000001617644
15,22457,2057,0.0,2716,1140,21317,0.010000000001601549
18,22475,2057,0.0,2717,1140,21335,0.010000000001585612
27,22502,2057,0.0,2718,1140,21362,0.010000000001569836
18,22520,2057,0.0,2719,1140,21380,0.010000000001554215
18,22538,2057,0.0,2720,1140,21398,0.01000000000153875
9,22547,2057,0.0,2721,1140,21407,0.01000000000152344
3,22550,2057,0.0,2722,1140,21410,0.010000000001508282
15,22565,2057,0.0,2723,1140,21425,0.010000000001493274
15,22580,2057,0.0,2724,1140,21440,0.010000000001478415
15,22595,2057,0.0,2725,1141,21454,0.010000000001463704
15,22610,2057,0.0,2726,1141,21469,0.010000000001449141
15,22625,2057,0.0,2727,1141,21484,0.010000000001434722
27,22652,2057,0.0,2728,1141,21511,0.010000000001420446
15,22667,2057,0.0,2729,1141,21526,0.010000000001406313
15,22682,2057,0.0,2730,1141,21541,0.010000000001392319
15,22697,2057,0.0,2731,1141,21556,0.010000000001378465
17,22714,2058,1.0,2732,1141,21573,0.010000000001364749
4,22718,2058,0.0,2733,1142,21576,0.01000000000135117
7,22725,2058,0.0,2734,1143,21582,0.010000000001337725
8,22733,2058,0.0,2735,1143,21590,0.010000000001324415
17,22750,2059,1.0,2736,1143,21607,0.010000000001311238
10,22760,2059,0.0,2737,1143,21617,0.01000000000129819
47,22807,2059,0.0,2738,1145,21662,0.010000000001285272
15,22822,2059,0.0,2739,1145,21677,0.010000000001272484
10,22832,2059,0.0,2740,1145,21687,0.010000000001259822
10,22842,2059,0.0,2741,1145,21697,0.010000000001247287
8,22850,2059,0.0,2742,1145,21705,0.010000000001234877
15,22865,2059,0.0,2743,1145,21720,0.01000000000122259
10,22875,2059,0.0,2744,1145,21730,0.010000000001210424
6,22881,2059,0.0,2745,1146,21735,0.01000000000119838
10,22891,2059,0.0,2746,1146,21745,0.010000000001186456
5,22896,2059,0.0,2747,1146,21750,0.01000000000117465
9,22905,2059,0.0,2748,1146,21759,0.010000000001162962
17,22922,2060,1.0,2749,1147,21775,0.010000000001151392
9,22931,2060,0.0,2750,1147,21784,0.010000000001139934
9,22940,2060,0.0,2751,1147,21793,0.010000000001128592
9,22949,2060,0.0,2752,1147,21802,0.010000000001117362
9,22958,2060,0.0,2753,1147,21811,0.010000000001106244
9,22967,2060,0.0,2754,1147,21820,0.010000000001095237
9,22976,2060,0.0,2755,1147,21829,0.01000000000108434
9,22985,2060,0.0,2756,1147,21838,0.01000000000107355
9,22994,2060,0.0,2757,1147,21847,0.010000000001062869
14,23008,2060,0.0,2758,1147,21861,0.010000000001052292
16,23024,2060,0.0,2759,1147,21877,0.010000000001041821
5,23029,2060,0.0,2760,1147,21882,0.010000000001031456
17,23046,2061,1.0,2761,1147,21899,0.010000000001021192
9,23055,2061,0.0,2762,1147,21908,0.010000000001011032
22,23077,2061,0.0,2763,1147,21930,0.010000000001000972
9,23086,2061,0.0,2764,1147,21939,0.010000000000991011
9,23095,2061,0.0,2765,1147,21948,0.010000000000981151
9,23104,2061,0.0,2766,1147,21957,0.010000000000971388
9,23113,2061,0.0,2767,1147,21966,0.010000000000961722
9,23122,2061,0.0,2768,1147,21975,0.010000000000952153
9,23131,2061,0.0,2769,1147,21984,0.01000000000094268
9,23140,2061,0.0,2770,1147,21993,0.010000000000933299
9,23149,2061,0.0,2771,1147,22002,0.010000000000924013
9,23158,2061,0.0,2772,1147,22011,0.010000000000914819
14,23172,2061,0.0,2773,1147,22025,0.010000000000905717
14,23186,2061,0.0,2774,1147,22039,0.010000000000896705
9,23195,2061,0.0,2775,1147,22048,0.010000000000887781
9,23204,2061,0.0,2776,1147,22057,0.010000000000878948
8,23212,2061,0.0,2777,1147,22065,0.010000000000870203
5,23217,2061,0.0,2778,1147,22070,0.010000000000861544
17,23234,2062,1.0,2779,1147,22087,0.010000000000852972
12,23246,2062,0.0,2780,1147,22099,0.010000000000844484
3,23249,2062,0.0,2781,1147,22102,0.010000000000836081
17,23266,2062,0.0,2782,1147,22119,0.010000000000827762
19,23285,2062,0.0,2783,1148,22137,0.010000000000819527
7,23292,2062,0.0,2784,1148,22144,0.010000000000811372
7,23299,2062,0.0,2785,1148,22151,0.010000000000803299
7,23306,2062,0.0,2786,1148,22158,0.010000000000795305
7,23313,2062,0.0,2787,1148,22165,0.010000000000787393
7,23320,2062,0.0,2788,1148,22172,0.010000000000779557
7,23327,2062,0.0,2789,1148,22179,0.010000000000771801
7,23334,2062,0.0,2790,1148,22186,0.010000000000764122
7,23341,2062,0.0,2791,1148,22193,0.010000000000756518
7,23348,2062,0.0,2792,1148,22200,0.010000000000748991
7,23355,2062,0.0,2793,1148,22207,0.010000000000741537
8,23363,2062,0.0,2794,1148,22215,0.01000000000073416
14,23377,2062,0.0,2795,1148,22229,0.010000000000726855
26,23403,2062,0.0,2796,1149,22254,0.010000000000719622
14,23417,2062,0.0,2797,1149,22268,0.010000000000712462
6,23423,2062,0.0,2798,1149,22274,0.010000000000705373
3,23426,2062,0.0,2799,1149,22277,0.010000000000698355
18,23444,2062,0.0,2800,1149,22295,0.010000000000691405
2,23446,2062,0.0,2801,1149,22297,0.010000000000684526
8,23454,2062,0.0,2802,1149,22305,0.010000000000677715
6,23460,2062,0.0,2803,1150,22310,0.010000000000670972
3,23463,2062,0.0,2804,1150,22313,0.010000000000664295
8,23471,2062,0.0,2805,1150,22321,0.010000000000657686
6,23477,2062,0.0,2806,1150,22327,0.01000000000065114
8,23485,2062,0.0,2807,1150,22335,0.010000000000644662
2,23487,2062,0.0,2808,1150,22337,0.010000000000638248
6,23493,2062,0.0,2809,1150,22343,0.010000000000631898
3,23496,2062,0.0,2810,1150,22346,0.01000000000062561
3,23499,2062,0.0,2811,1150,22349,0.010000000000619385
4,23503,2062,0.0,2812,1151,22352,0.010000000000613221
12,23515,2062,0.0,2813,1152,22363,0.01000000000060712
5,23520,2062,0.0,2814,1152,22368,0.010000000000601078
18,23538,2062,0.0,2815,1152,22386,0.010000000000595099
15,23553,2062,0.0,2816,1152,22401,0.010000000000589176
14,23567,2062,0.0,2817,1152,22415,0.010000000000583315
24,23591,2062,0.0,2818,1152,22439,0.01000000000057751
15,23606,2062,0.0,2819,1152,22454,0.010000000000571763
23,23629,2062,0.0,2820,1152,22477,0.010000000000566075
14,23643,2062,0.0,2821,1152,22491,0.010000000000560443
4,23647,2062,0.0,2822,1152,22495,0.010000000000554865
2,23649,2062,0.0,2823,1152,22497,0.010000000000549345
4,23653,2062,0.0,2824,1152,22501,0.01000000000054388
15,23668,2062,0.0,2825,1153,22515,0.010000000000538467
7,23675,2062,0.0,2826,1153,22522,0.010000000000533108
6,23681,2062,0.0,2827,1153,22528,0.010000000000527805
6,23687,2062,0.0,2828,1153,22534,0.010000000000522553
5,23692,2062,0.0,2829,1153,22539,0.010000000000517354
8,23700,2062,0.0,2830,1153,22547,0.010000000000512205
8,23708,2062,0.0,2831,1153,22555,0.010000000000507108
10,23718,2062,0.0,2832,1153,22565,0.010000000000502064
8,23726,2062,0.0,2833,1153,22573,0.010000000000497068
8,23734,2062,0.0,2834,1153,22581,0.010000000000492122
7,23741,2062,0.0,2835,1153,22588,0.010000000000487225
4,23745,2062,0.0,2836,1153,22592,0.010000000000482376
5,23750,2062,0.0,2837,1153,22597,0.010000000000477578
6,23756,2062,0.0,2838,1153,22603,0.010000000000472825
3,23759,2062,0.0,2839,1153,22606,0.01000000000046812
3,23762,2062,0.0,2840,1153,22609,0.010000000000463463
2,23764,2062,0.0,2841,1153,22611,0.010000000000458852
5,23769,2062,0.0,2842,1153,22616,0.010000000000454286
4,23773,2062,0.0,2843,1153,22620,0.010000000000449765
10,23783,2062,0.0,2844,1153,22630,0.01000000000044529
30,23813,2063,1.0,2845,1154,22659,0.01000000000044086
8,23821,2063,0.0,2846,1154,22667,0.010000000000436472
7,23828,2064,1.0,2847,1154,22674,0.01000000000043213
3,23831,2064,0.0,2848,1154,22677,0.01000000000042783
6,23837,2064,0.0,2849,1154,22683,0.010000000000423573
4,23841,2064,0.0,2850,1154,22687,0.01000000000041936
4,23845,2064,0.0,2851,1154,22691,0.010000000000415185
4,23849,2064,0.0,2852,1154,22695,0.010000000000411055
4,23853,2064,0.0,2853,1154,22699,0.010000000000406965
4,23857,2064,0.0,2854,1154,22703,0.010000000000402916
4,23861,2064,0.0,2855,1155,22706,0.010000000000398907
4,23865,2064,0.0,2856,1155,22710,0.010000000000394938
4,23869,2064,0.0,2857,1155,22714,0.010000000000391007
4,23873,2064,0.0,2858,1155,22718,0.010000000000387118
4,23877,2064,0.0,2859,1155,22722,0.010000000000383265
4,23881,2064,0.0,2860,1155,22726,0.010000000000379452
4,23885,2064,0.0,2861,1155,22730,0.010000000000375675
4,23889,2064,0.0,2862,1155,22734,0.010000000000371937
4,23893,2064,0.0,2863,1155,22738,0.010000000000368237
2,23895,2064,0.0,2864,1156,22739,0.010000000000364573
4,23899,2064,0.0,2865,1156,22743,0.010000000000360946
4,23903,2064,0.0,2866,1156,22747,0.010000000000357353
29,23932,2064,0.0,2867,1158,22774,0.010000000000353799
6,23938,2065,1.0,2868,1158,22780,0.010000000000350277
6,23944,2066,1.0,2869,1158,22786,0.010000000000346792
6,23950,2067,1.0,2870,1158,22792,0.010000000000343342
6,23956,2068,1.0,2871,1158,22798,0.010000000000339926
6,23962,2069,1.0,2872,1158,22804,0.010000000000336544
6,23968,2070,1.0,2873,1158,22810,0.010000000000333194
6,23974,2071,1.0,2874,1158,22816,0.010000000000329879
6,23980,2072,1.0,2875,1158,22822,0.010000000000326597
6,23986,2073,1.0,2876,1158,22828,0.010000000000323347
6,23992,2074,1.0,2877,1158,22834,0.01000000000032013
6,23998,2075,1.0,2878,1158,22840,0.010000000000316945
6,24004,2076,1.0,2879,1158,22846,0.010000000000313791
6,24010,2077,1.0,2880,1158,22852,0.010000000000310668
6,24016,2078,1.0,2881,1158,22858,0.010000000000307577
15,24031,2078,0.0,2882,1159,22872,0.010000000000304517
4,24035,2078,0.0,2883,1159,22876,0.010000000000301486
6,24041,2079,1.0,2884,1159,22882,0.010000000000298487
6,24047,2080,1.0,2885,1159,22888,0.010000000000295517
6,24053,2081,1.0,2886,1159,22894,0.010000000000292577
6,24059,2082,1.0,2887,1159,22900,0.010000000000289666
6,24065,2083,1.0,2888,1159,22906,0.010000000000286783
7,24072,2084,1.0,2889,1160,22912,0.01000000000028393
6,24078,2085,1.0,2890,1160,22918,0.010000000000281105
6,24084,2086,1.0,2891,1160,22924,0.010000000000278307
6,24090,2087,1.0,2892,1160,22930,0.010000000000275538
6,24096,2088,1.0,2893,1160,22936,0.010000000000272796
6,24102,2089,1.0,2894,1160,22942,0.010000000000270083
6,24108,2090,1.0,2895,1160,22948,0.010000000000267396
6,24114,2091,1.0,2896,1160,22954,0.010000000000264735
6,24120,2092,1.0,2897,1160,22960,0.0100000000002621
6,24126,2093,1.0,2898,1160,22966,0.010000000000259492
6,24132,2094,1.0,2899,1160,22972,0.010000000000256911
6,24138,2095,1.0,2900,1160,22978,0.010000000000254354
6,24144,2096,1.0,2901,1160,22984,0.010000000000251823
6,24150,2097,1.0,2902,1160,22990,0.010000000000249318
6,24156,2098,1.0,2903,1160,22996,0.010000000000246837
6,24162,2099,1.0,2904,1160,23002,0.010000000000244381
6,24168,2100,1.0,2905,1160,23008,0.010000000000241949
6,24174,2101,1.0,2906,1160,23014,0.010000000000239541
6,24180,2102,1.0,2907,1160,23020,0.010000000000237158
6,24186,2103,1.0,2908,1160,23026,0.010000000000234799
6,24192,2104,1.0,2909,1160,23032,0.010000000000232462
6,24198,2105,1.0,2910,1160,23038,0.01000000000023015
6,24204,2106,1.0,2911,1160,23044,0.01000000000022786
6,24210,2107,1.0,2912,1160,23050,0.010000000000225592
6,24216,2108,1.0,2913,1160,23056,0.010000000000223348
7,24223,2109,1.0,2914,1161,23062,0.010000000000221125
6,24229,2110,1.0,2915,1161,23068,0.010000000000218924
6,24235,2111,1.0,2916,1161,23074,0.010000000000216747
6,24241,2112,1.0,2917,1161,23080,0.010000000000214589
6,24247,2113,1.0,2918,1161,23086,0.010000000000212454
6,24253,2114,1.0,2919,1161,23092,0.01000000000021034
6,24259,2115,1.0,2920,1161,23098,0.010000000000208247
6,24265,2116,1.0,2921,1161,23104,0.010000000000206176
6,24271,2117,1.0,2922,1161,23110,0.010000000000204123
6,24277,2118,1.0,2923,1161,23116,0.010000000000202092
6,24283,2119,1.0,2924,1161,23122,0.010000000000200081
6,24289,2120,1.0,2925,1161,23128,0.010000000000198092
6,24295,2121,1.0,2926,1161,23134,0.01000000000019612
6,24301,2122,1.0,2927,1161,23140,0.010000000000194168
6,24307,2123,1.0,2928,1161,23146,0.010000000000192237
6,24313,2124,1.0,2929,1161,23152,0.010000000000190324
6,24319,2125,1.0,2930,1161,23158,0.01000000000018843
6,24325,2126,1.0,2931,1161,23164,0.010000000000186556
6,24331,2127,1.0,2932,1161,23170,0.0100000000001847
6,24337,2128,1.0,2933,1161,23176,0.010000000000182861
6,24343,2129,1.0,2934,1161,23182,0.010000000000181041
6,24349,2130,1.0,2935,1161,23188,0.01000000000017924
6,24355,2131,1.0,2936,1161,23194,0.010000000000177457
6,24361,2132,1.0,2937,1161,23200,0.010000000000175691
6,24367,2133,1.0,2938,1161,23206,0.010000000000173943
6,24373,2134,1.0,2939,1161,23212,0.010000000000172211
6,24379,2135,1.0,2940,1161,23218,0.0100000000001705
6,24385,2136,1.0,2941,1161,23224,0.010000000000168803
6,24391,2137,1.0,2942,1161,23230,0.010000000000167122
6,24397,2138,1.0,2943,1162,23235,0.01000000000016546
6,24403,2139,1.0,2944,1162,23241,0.010000000000163814
6,24409,2140,1.0,2945,1162,23247,0.010000000000162183
6,24415,2141,1.0,2946,1162,23253,0.01000000000016057
9,24424,2142,1.0,2947,1163,23261,0.010000000000158972
6,24430,2143,1.0,2948,1163,23267,0.01000000000015739
6,24436,2144,1.0,2949,1163,23273,0.010000000000155823
6,24442,2145,1.0,2950,1163,23279,0.010000000000154274
6,24448,2146,1.0,2951,1163,23285,0.01000000000015274
6,24454,2147,1.0,2952,1163,23291,0.01000000000015122
6,24460,2148,1.0,2953,1163,23297,0.010000000000149714
6,24466,2149,1.0,2954,1164,23302,0.010000000000148224
6,24472,2150,1.0,2955,1164,23308,0.01000000000014675
6,24478,2151,1.0,2956,1164,23314,0.01000000000014529
6,24484,2152,1.0,2957,1164,23320,0.010000000000143843
6,24490,2153,1.0,2958,1164,23326,0.010000000000142412
6,24496,2154,1.0,2959,1164,23332,0.010000000000140995
6,24502,2155,1.0,2960,1164,23338,0.010000000000139592
6,24508,2156,1.0,2961,1164,23344,0.010000000000138204
6,24514,2157,1.0,2962,1164,23350,0.010000000000136828
6,24520,2158,1.0,2963,1164,23356,0.010000000000135466
15,24535,2158,0.0,2964,1165,23370,0.010000000000134119
15,24550,2158,0.0,2965,1166,23384,0.010000000000132785
47,24597,2158,0.0,2966,1167,23430,0.010000000000131463
15,24612,2158,0.0,2967,1167,23445,0.010000000000130155
15,24627,2158,0.0,2968,1167,23460,0.01000000000012886
15,24642,2158,0.0,2969,1167,23475,0.010000000000127579
8,24650,2158,0.0,2970,1167,23483,0.010000000000126309
15,24665,2158,0.0,2971,1168,23497,0.010000000000125051
15,24680,2158,0.0,2972,1168,23512,0.010000000000123807
15,24695,2158,0.0,2973,1168,23527,0.010000000000122576
6,24701,2159,1.0,2974,1168,23533,0.010000000000121356
15,24716,2159,0.0,2975,1168,23548,0.010000000000120149
6,24722,2160,1.0,2976,1168,23554,0.010000000000118954
8,24730,2160,0.0,2977,1168,23562,0.010000000000117769
4,24734,2160,0.0,2978,1168,23566,0.010000000000116598
8,24742,2160,0.0,2979,1168,23574,0.010000000000115437
15,24757,2160,0.0,2980,1169,23588,0.010000000000114289
6,24763,2161,1.0,2981,1169,23594,0.010000000000113151
6,24769,2162,1.0,2982,1169,23600,0.010000000000112025
6,24775,2163,1.0,2983,1169,23606,0.010000000000110911
6,24781,2164,1.0,2984,1169,23612,0.010000000000109808
6,24787,2165,1.0,2985,1169,23618,0.010000000000108715
6,24793,2166,1.0,2986,1169,23624,0.010000000000107633
6,24799,2167,1.0,2987,1169,23630,0.010000000000106563
6,24805,2168,1.0,2988,1169,23636,0.010000000000105503
6,24811,2169,1.0,2989,1169,23642,0.010000000000104451
6,24817,2170,1.0,2990,1169,23648,0.010000000000103412
6,24823,2171,1.0,2991,1170,23653,0.010000000000102384
6,24829,2172,1.0,2992,1170,23659,0.010000000000101365
6,24835,2173,1.0,2993,1170,23665,0.010000000000100356
6,24841,2174,1.0,2994,1170,23671,0.010000000000099358
6,24847,2175,1.0,2995,1170,23677,0.01000000000009837
6,24853,2176,1.0,2996,1170,23683,0.010000000000097391
6,24859,2177,1.0,2997,1170,23689,0.010000000000096421
6,24865,2178,1.0,2998,1170,23695,0.010000000000095462
6,24871,2179,1.0,2999,1170,23701,0.010000000000094511
6,24877,2180,1.0,3000,1170,23707,0.010000000000093571
6,24883,2181,1.0,3001,1170,23713,0.010000000000092641
6,24889,2182,1.0,3002,1170,23719,0.010000000000091719
6,24895,2183,1.0,3003,1170,23725,0.010000000000090806
6,24901,2184,1.0,3004,1170,23731,0.010000000000089902
6,24907,2185,1.0,3005,1170,23737,0.010000000000089009
6,24913,2186,1.0,3006,1170,23743,0.010000000000088122
15,24928,2186,0.0,3007,1171,23757,0.010000000000087246
15,24943,2186,0.0,3008,1171,23772,0.010000000000086377
15,24958,2186,0.0,3009,1171,23787,0.010000000000085519
15,24973,2186,0.0,3010,1171,23802,0.010000000000084667
15,24988,2186,0.0,3011,1171,23817,0.010000000000083826
15,25003,2186,0.0,3012,1171,23832,0.010000000000082991
15,25018,2186,0.0,3013,1171,23847,0.010000000000082165
6,25024,2187,1.0,3014,1171,23853,0.010000000000081347
30,25054,2187,0.0,3015,1173,23881,0.010000000000080538
6,25060,2188,1.0,3016,1173,23887,0.010000000000079737
15,25075,2188,0.0,3017,1173,23902,0.010000000000078944
15,25090,2188,0.0,3018,1173,23917,0.010000000000078158
15,25105,2188,0.0,3019,1173,23932,0.01000000000007738
15,25120,2188,0.0,3020,1173,23947,0.01000000000007661
15,25135,2188,0.0,3021,1173,23962,0.010000000000075848
15,25150,2188,0.0,3022,1173,23977,0.010000000000075093
15,25165,2188,0.0,3023,1173,23992,0.010000000000074345
15,25180,2188,0.0,3024,1173,24007,0.010000000000073606
15,25195,2188,0.0,3025,1173,24022,0.010000000000072874
6,25201,2189,1.0,3026,1173,24028,0.010000000000072149
42,25243,2189,0.0,3027,1173,24070,0.010000000000071431
4,25247,2189,0.0,3028,1173,24074,0.01000000000007072
41,25288,2189,0.0,3029,1173,24115,0.010000000000070017
4,25292,2189,0.0,3030,1173,24119,0.01000000000006932
4,25296,2189,0.0,3031,1173,24123,0.01000000000006863
4,25300,2189,0.0,3032,1173,24127,0.010000000000067948
4,25304,2189,0.0,3033,1173,24131,0.010000000000067271
15,25319,2189,0.0,3034,1173,24146,0.010000000000066601
4,25323,2189,0.0,3035,1173,24150,0.010000000000065939
4,25327,2189,0.0,3036,1173,24154,0.010000000000065283
4,25331,2189,0.0,3037,1173,24158,0.010000000000064633
4,25335,2189,0.0,3038,1173,24162,0.01000000000006399
4,25339,2189,0.0,3039,1173,24166,0.010000000000063354
15,25354,2189,0.0,3040,1173,24181,0.010000000000062723
15,25369,2189,0.0,3041,1173,24196,0.010000000000062098
18,25387,2189,0.0,3042,1174,24213,0.01000000000006148
23,25410,2189,0.0,3043,1174,24236,0.01000000000006087
67,25477,2189,0.0,3044,1175,24302,0.010000000000060265
15,25492,2189,0.0,3045,1175,24317,0.010000000000059664
67,25559,2189,0.0,3046,1175,24384,0.010000000000059071
15,25574,2189,0.0,3047,1175,24399,0.010000000000058483
67,25641,2189,0.0,3048,1175,24466,0.0100000000000579
14,25655,2189,0.0,3049,1176,24479,0.010000000000057324
14,25669,2189,0.0,3050,1176,24493,0.010000000000056753
14,25683,2189,0.0,3051,1176,24507,0.01000000000005619
14,25697,2189,0.0,3052,1176,24521,0.010000000000055631
15,25712,2189,0.0,3053,1176,24536,0.010000000000055078
16,25728,2189,0.0,3054,1176,24552,0.01000000000005453
79,25807,2189,0.0,3055,1176,24631,0.010000000000053987
18,25825,2189,0.0,3056,1176,24649,0.010000000000053449
4,25829,2189,0.0,3057,1176,24653,0.010000000000052918
4,25833,2189,0.0,3058,1176,24657,0.01000000000005239
4,25837,2189,0.0,3059,1176,24661,0.01000000000005187
4,25841,2189,0.0,3060,1176,24665,0.010000000000051353
47,25888,2189,0.0,3061,1176,24712,0.010000000000050843
15,25903,2189,0.0,3062,1176,24727,0.010000000000050337
54,25957,2189,0.0,3063,1176,24781,0.010000000000049835
4,25961,2189,0.0,3064,1176,24785,0.01000000000004934
6,25967,2190,1.0,3065,1176,24791,0.010000000000048848
6,25973,2191,1.0,3066,1176,24797,0.010000000000048363
6,25979,2192,1.0,3067,1176,24803,0.010000000000047882
6,25985,2193,1.0,3068,1176,24809,0.010000000000047405
6,25991,2194,1.0,3069,1176,24815,0.010000000000046933
6,25997,2195,1.0,3070,1176,24821,0.010000000000046467
6,26003,2196,1.0,3071,1176,24827,0.010000000000046003
6,26009,2197,1.0,3072,1176,24833,0.010000000000045547
6,26015,2198,1.0,3073,1176,24839,0.010000000000045093
6,26021,2199,1.0,3074,1176,24845,0.010000000000044645
6,26027,2200,1.0,3075,1176,24851,0.010000000000044201
6,26033,2201,1.0,3076,1176,24857,0.01000000000004376
6,26039,2202,1.0,3077,1176,24863,0.010000000000043325
6,26045,2203,1.0,3078,1176,24869,0.010000000000042895
6,26051,2204,1.0,3079,1176,24875,0.010000000000042468
6,26057,2205,1.0,3080,1176,24881,0.010000000000042045
6,26063,2206,1.0,3081,1176,24887,0.010000000000041627
6,26069,2207,1.0,3082,1176,24893,0.010000000000041212
6,26075,2208,1.0,3083,1176,24899,0.010000000000040803
6,26081,2209,1.0,3084,1176,24905,0.010000000000040397
6,26087,2210,1.0,3085,1176,24911,0.010000000000039994
6,26093,2211,1.0,3086,1176,24917,0.010000000000039595
6,26099,2212,1.0,3087,1176,24923,0.010000000000039201
6,26105,2213,1.0,3088,1176,24929,0.010000000000038813
6,26111,2214,1.0,3089,1176,24935,0.010000000000038426
6,26117,2215,1.0,3090,1176,24941,0.010000000000038043
6,26123,2216,1.0,3091,1176,24947,0.010000000000037665
6,26129,2217,1.0,3092,1176,24953,0.01000000000003729
6,26135,2218,1.0,3093,1176,24959,0.010000000000036919
6,26141,2219,1.0,3094,1176,24965,0.010000000000036553
6,26147,2220,1.0,3095,1176,24971,0.010000000000036188
6,26153,2221,1.0,3096,1176,24977,0.010000000000035827
6,26159,2222,1.0,3097,1176,24983,0.010000000000035472
6,26165,2223,1.0,3098,1176,24989,0.010000000000035118
6,26171,2224,1.0,3099,1176,24995,0.01000000000003477
6,26177,2225,1.0,3100,1176,25001,0.010000000000034424
6,26183,2226,1.0,3101,1176,25007,0.01000000000003408
6,26189,2227,1.0,3102,1176,25013,0.010000000000033742
6,26195,2228,1.0,3103,1176,25019,0.010000000000033406
6,26201,2229,1.0,3104,1176,25025,0.010000000000033073
6,26207,2230,1.0,3105,1176,25031,0.010000000000032745
6,26213,2231,1.0,3106,1176,25037,0.010000000000032419
6,26219,2232,1.0,3107,1176,25043,0.010000000000032096
6,26225,2233,1.0,3108,1176,25049,0.010000000000031777
6,26231,2234,1.0,3109,1176,25055,0.010000000000031461
6,26237,2235,1.0,3110,1176,25061,0.010000000000031147
6,26243,2236,1.0,3111,1176,25067,0.010000000000030838
6,26249,2237,1.0,3112,1176,25073,0.010000000000030531
6,26255,2238,1.0,3113,1176,25079,0.010000000000030228
6,26261,2239,1.0,3114,1176,25085,0.010000000000029926
6,26267,2240,1.0,3115,1176,25091,0.010000000000029628
6,26273,2241,1.0,3116,1176,25097,0.010000000000029334
6,26279,2242,1.0,3117,1176,25103,0.010000000000029041
6,26285,2243,1.0,3118,1176,25109,0.010000000000028753
6,26291,2244,1.0,3119,1176,25115,0.010000000000028467
6,26297,2245,1.0,3120,1176,25121,0.010000000000028184
6,26303,2246,1.0,3121,1176,25127,0.010000000000027903
6,26309,2247,1.0,3122,1176,25133,0.010000000000027626
6,26315,2248,1.0,3123,1176,25139,0.01000000000002735
6,26321,2249,1.0,3124,1176,25145,0.010000000000027078
6,26327,2250,1.0,3125,1176,25151,0.010000000000026809
6,26333,2251,1.0,3126,1176,25157,0.010000000000026541
6,26339,2252,1.0,3127,1176,25163,0.010000000000026278
6,26345,2253,1.0,3128,1176,25169,0.010000000000026016
6,26351,2254,1.0,3129,1176,25175,0.010000000000025757
6,26357,2255,1.0,3130,1176,25181,0.0100000000000255
6,26363,2256,1.0,3131,1176,25187,0.010000000000025247
6,26369,2257,1.0,3132,1176,25193,0.010000000000024996
6,26375,2258,1.0,3133,1176,25199,0.010000000000024748
6,26381,2259,1.0,3134,1176,25205,0.010000000000024501
6,26387,2260,1.0,3135,1176,25211,0.010000000000024257
6,26393,2261,1.0,3136,1176,25217,0.010000000000024016
6,26399,2262,1.0,3137,1176,25223,0.010000000000023778
6,26405,2263,1.0,3138,1176,25229,0.01000000000002354
6,26411,2264,1.0,3139,1176,25235,0.010000000000023306
6,26417,2265,1.0,3140,1176,25241,0.010000000000023075
6,26423,2266,1.0,3141,1176,25247,0.010000000000022845
6,26429,2267,1.0,3142,1176,25253,0.010000000000022618
6,26435,2268,1.0,3143,1176,25259,0.010000000000022392
6,26441,2269,1.0,3144,1176,25265,0.01000000000002217
6,26447,2270,1.0,3145,1176,25271,0.01000000000002195
6,26453,2271,1.0,3146,1176,25277,0.010000000000021731
6,26459,2272,1.0,3147,1176,25283,0.010000000000021514
6,26465,2273,1.0,3148,1176,25289,0.010000000000021301
6,26471,2274,1.0,3149,1176,25295,0.01000000000002109
6,26477,2275,1.0,3150,1176,25301,0.01000000000002088
6,26483,2276,1.0,3151,1176,25307,0.010000000000020671
6,26489,2277,1.0,3152,1176,25313,0.010000000000020465
6,26495,2278,1.0,3153,1176,25319,0.010000000000020262
6,26501,2279,1.0,3154,1176,25325,0.01000000000002006
6,26507,2280,1.0,3155,1176,25331,0.010000000000019861
6,26513,2281,1.0,3156,1176,25337,0.010000000000019663
6,26519,2282,1.0,3157,1176,25343,0.010000000000019467
6,26525,2283,1.0,3158,1176,25349,0.010000000000019273
6,26531,2284,1.0,3159,1176,25355,0.010000000000019082
6,26537,2285,1.0,3160,1176,25361,0.010000000000018891
6,26543,2286,1.0,3161,1177,25366,0.010000000000018704
6,26549,2287,1.0,3162,1177,25372,0.010000000000018518
6,26555,2288,1.0,3163,1177,25378,0.010000000000018335
6,26561,2289,1.0,3164,1177,25384,0.01000000000001815
6,26567,2290,1.0,3165,1177,25390,0.01000000000001797
6,26573,2291,1.0,3166,1177,25396,0.010000000000017792
6,26579,2292,1.0,3167,1177,25402,0.010000000000017615
6,26585,2293,1.0,3168,1177,25408,0.01000000000001744
6,26591,2294,1.0,3169,1177,25414,0.010000000000017266
6,26597,2295,1.0,3170,1177,25420,0.010000000000017094
6,26603,2296,1.0,3171,1177,25426,0.010000000000016924
6,26609,2297,1.0,3172,1177,25432,0.010000000000016756
6,26615,2298,1.0,3173,1177,25438,0.01000000000001659
6,26621,2299,1.0,3174,1177,25444,0.010000000000016425
6,26627,2300,1.0,3175,1177,25450,0.01000000000001626
6,26633,2301,1.0,3176,1177,25456,0.010000000000016098
6,26639,2302,1.0,3177,1177,25462,0.010000000000015939
6,26645,2303,1.0,3178,1177,25468,0.01000000000001578
6,26651,2304,1.0,3179,1177,25474,0.010000000000015623
6,26657,2305,1.0,3180,1178,25479,0.010000000000015467
6,26663,2306,1.0,3181,1178,25485,0.010000000000015314
6,26669,2307,1.0,3182,1178,25491,0.010000000000015162
6,26675,2308,1.0,3183,1178,25497,0.01000000000001501
6,26681,2309,1.0,3184,1179,25502,0.010000000000014862
6,26687,2310,1.0,3185,1179,25508,0.010000000000014712
6,26693,2311,1.0,3186,1179,25514,0.010000000000014567
6,26699,2312,1.0,3187,1179,25520,0.010000000000014421
6,26705,2313,1.0,3188,1179,25526,0.010000000000014279
6,26711,2314,1.0,3189,1179,25532,0.010000000000014136
6,26717,2315,1.0,3190,1179,25538,0.010000000000013996
6,26723,2316,1.0,3191,1179,25544,0.010000000000013857
6,26729,2317,1.0,3192,1179,25550,0.010000000000013718
6,26735,2318,1.0,3193,1179,25556,0.010000000000013581
6,26741,2319,1.0,3194,1179,25562,0.010000000000013446
6,26747,2320,1.0,3195,1179,25568,0.010000000000013312
6,26753,2321,1.0,3196,1179,25574,0.01000000000001318
6,26759,2322,1.0,3197,1180,25579,0.010000000000013049
6,26765,2323,1.0,3198,1180,25585,0.010000000000012919
6,26771,2324,1.0,3199,1180,25591,0.01000000000001279
6,26777,2325,1.0,3200,1180,25597,0.010000000000012664
6,26783,2326,1.0,3201,1180,25603,0.010000000000012537
6,26789,2327,1.0,3202,1180,25609,0.010000000000012412
6,26795,2328,1.0,3203,1180,25615,0.010000000000012289
6,26801,2329,1.0,3204,1180,25621,0.010000000000012168
6,26807,2330,1.0,3205,1180,25627,0.010000000000012046
6,26813,2331,1.0,3206,1180,25633,0.010000000000011926
6,26819,2332,1.0,3207,1180,25639,0.010000000000011808
6,26825,2333,1.0,3208,1180,25645,0.01000000000001169
6,26831,2334,1.0,3209,1180,25651,0.010000000000011574
6,26837,2335,1.0,3210,1180,25657,0.010000000000011458
6,26843,2336,1.0,3211,1180,25663,0.010000000000011345
6,26849,2337,1.0,3212,1180,25669,0.010000000000011233
6,26855,2338,1.0,3213,1180,25675,0.01000000000001112
6,26861,2339,1.0,3214,1180,25681,0.010000000000011009
6,26867,2340,1.0,3215,1180,25687,0.0100000000000109
6,26873,2341,1.0,3216,1180,25693,0.010000000000010792
6,26879,2342,1.0,3217,1180,25699,0.010000000000010684
6,26885,2343,1.0,3218,1180,25705,0.010000000000010577
6,26891,2344,1.0,3219,1180,25711,0.010000000000010473
6,26897,2345,1.0,3220,1180,25717,0.010000000000010369
6,26903,2346,1.0,3221,1180,25723,0.010000000000010265
6,26909,2347,1.0,3222,1180,25729,0.010000000000010162
6,26915,2348,1.0,3223,1180,25735,0.010000000000010062
6,26921,2349,1.0,3224,1181,25740,0.010000000000009961
6,26927,2350,1.0,3225,1181,25746,0.010000000000009862
6,26933,2351,1.0,3226,1181,25752,0.010000000000009765
6,26939,2352,1.0,3227,1181,25758,0.010000000000009668
6,26945,2353,1.0,3228,1181,25764,0.01000000000000957
6,26951,2354,1.0,3229,1181,25770,0.010000000000009475
6,26957,2355,1.0,3230,1181,25776,0.010000000000009382
6,26963,2356,1.0,3231,1181,25782,0.010000000000009288
6,26969,2357,1.0,3232,1181,25788,0.010000000000009196
6,26975,2358,1.0,3233,1181,25794,0.010000000000009104
6,26981,2359,1.0,3234,1181,25800,0.010000000000009014
6,26987,2360,1.0,3235,1181,25806,0.010000000000008924
6,26993,2361,1.0,3236,1181,25812,0.010000000000008835
6,26999,2362,1.0,3237,1181,25818,0.010000000000008747
6,27005,2363,1.0,3238,1181,25824,0.01000000000000866
6,27011,2364,1.0,3239,1181,25830,0.010000000000008575
15,27026,2364,0.0,3240,1182,25844,0.010000000000008488
15,27041,2364,0.0,3241,1182,25859,0.010000000000008405
15,27056,2364,0.0,3242,1182,25874,0.01000000000000832
15,27071,2364,0.0,3243,1182,25889,0.010000000000008238
15,27086,2364,0.0,3244,1183,25903,0.010000000000008155
15,27101,2364,0.0,3245,1183,25918,0.010000000000008075
15,27116,2364,0.0,3246,1183,25933,0.010000000000007994
6,27122,2365,1.0,3247,1183,25939,0.010000000000007916
15,27137,2365,0.0,3248,1183,25954,0.010000000000007836
15,27152,2365,0.0,3249,1183,25969,0.010000000000007758
15,27167,2365,0.0,3250,1183,25984,0.010000000000007682
15,27182,2365,0.0,3251,1183,25999,0.010000000000007605
15,27197,2365,0.0,3252,1183,26014,0.010000000000007529
15,27212,2365,0.0,3253,1183,26029,0.010000000000007454
15,27227,2365,0.0,3254,1183,26044,0.01000000000000738
47,27274,2365,0.0,3255,1183,26091,0.010000000000007307
15,27289,2365,0.0,3256,1183,26106,0.010000000000007234
6,27295,2366,1.0,3257,1183,26112,0.010000000000007161
6,27301,2367,1.0,3258,1183,26118,0.01000000000000709
15,27316,2367,0.0,3259,1183,26133,0.01000000000000702
2,27318,2367,0.0,3260,1184,26134,0.01000000000000695
6,27324,2368,1.0,3261,1184,26140,0.01000000000000688
6,27330,2369,1.0,3262,1184,26146,0.010000000000006812
6,27336,2370,1.0,3263,1184,26152,0.010000000000006745
6,27342,2371,1.0,3264,1184,26158,0.010000000000006677
6,27348,2372,1.0,3265,1184,26164,0.010000000000006611
6,27354,2373,1.0,3266,1184,26170,0.010000000000006545
6,27360,2374,1.0,3267,1184,26176,0.01000000000000648
6,27366,2375,1.0,3268,1184,26182,0.010000000000006415
6,27372,2376,1.0,3269,1184,26188,0.010000000000006353
7,27379,2376,0.0,3270,1185,26194,0.010000000000006289
5,27384,2376,0.0,3271,1186,26198,0.010000000000006226
6,27390,2377,1.0,3272,1186,26204,0.010000000000006164
6,27396,2378,1.0,3273,1187,26209,0.010000000000006103
6,27402,2379,1.0,3274,1187,26215,0.010000000000006042
6,27408,2380,1.0,3275,1187,26221,0.010000000000005982
6,27414,2381,1.0,3276,1188,26226,0.010000000000005923
6,27420,2382,1.0,3277,1188,26232,0.010000000000005864
6,27426,2383,1.0,3278,1188,26238,0.010000000000005805
6,27432,2384,1.0,3279,1188,26244,0.010000000000005747
6,27438,2385,1.0,3280,1188,26250,0.01000000000000569
6,27444,2386,1.0,3281,1188,26256,0.010000000000005633
6,27450,2387,1.0,3282,1188,26262,0.010000000000005577
6,27456,2388,1.0,3283,1188,26268,0.010000000000005522
6,27462,2389,1.0,3284,1188,26274,0.010000000000005466
6,27468,2390,1.0,3285,1188,26280,0.010000000000005413
6,27474,2391,1.0,3286,1188,26286,0.010000000000005359
6,27480,2392,1.0,3287,1188,26292,0.010000000000005305
6,27486,2393,1.0,3288,1188,26298,0.010000000000005253
6,27492,2394,1.0,3289,1188,26304,0.010000000000005201
6,27498,2395,1.0,3290,1188,26310,0.010000000000005149
6,27504,2396,1.0,3291,1188,26316,0.010000000000005097
6,27510,2397,1.0,3292,1188,26322,0.010000000000005047
6,27516,2398,1.0,3293,1189,26327,0.010000000000004996
6,27522,2399,1.0,3294,1189,26333,0.010000000000004948
6,27528,2400,1.0,3295,1189,26339,0.010000000000004897
6,27534,2401,1.0,3296,1189,26345,0.010000000000004849
6,27540,2402,1.0,3297,1189,26351,0.0100000000000048
6,27546,2403,1.0,3298,1189,26357,0.010000000000004753
6,27552,2404,1.0,3299,1189,26363,0.010000000000004707
6,27558,2405,1.0,3300,1189,26369,0.01000000000000466
6,27564,2406,1.0,3301,1189,26375,0.010000000000004613
6,27570,2407,1.0,3302,1189,26381,0.010000000000004566
6,27576,2408,1.0,3303,1189,26387,0.010000000000004521
6,27582,2409,1.0,3304,1189,26393,0.010000000000004476
6,27588,2410,1.0,3305,1189,26399,0.010000000000004432
6,27594,2411,1.0,3306,1189,26405,0.010000000000004387
6,27600,2412,1.0,3307,1189,26411,0.010000000000004344
6,27606,2413,1.0,3308,1189,26417,0.0100000000000043
6,27612,2414,1.0,3309,1189,26423,0.010000000000004257
6,27618,2415,1.0,3310,1190,26428,0.010000000000004216
6,27624,2416,1.0,3311,1190,26434,0.010000000000004174
6,27630,2417,1.0,3312,1190,26440,0.010000000000004132
6,27636,2418,1.0,3313,1190,26446,0.01000000000000409
6,27642,2419,1.0,3314,1190,26452,0.01000000000000405
6,27648,2420,1.0,3315,1190,26458,0.01000000000000401
6,27654,2421,1.0,3316,1190,26464,0.01000000000000397
6,27660,2422,1.0,3317,1190,26470,0.010000000000003931
6,27666,2423,1.0,3318,1190,26476,0.010000000000003891
6,27672,2424,1.0,3319,1190,26482,0.010000000000003853
6,27678,2425,1.0,3320,1190,26488,0.010000000000003815
6,27684,2426,1.0,3321,1190,26494,0.010000000000003777
6,27690,2427,1.0,3322,1190,26500,0.010000000000003739
6,27696,2428,1.0,3323,1190,26506,0.010000000000003702
6,27702,2429,1.0,3324,1190,26512,0.010000000000003666
6,27708,2430,1.0,3325,1190,26518,0.010000000000003628
6,27714,2431,1.0,3326,1190,26524,0.010000000000003593
6,27720,2432,1.0,3327,1190,26530,0.010000000000003556
6,27726,2433,1.0,3328,1190,26536,0.010000000000003522
6,27732,2434,1.0,3329,1190,26542,0.010000000000003485
6,27738,2435,1.0,3330,1190,26548,0.01000000000000345
6,27744,2436,1.0,3331,1190,26554,0.010000000000003418
6,27750,2437,1.0,3332,1190,26560,0.010000000000003383
6,27756,2438,1.0,3333,1190,26566,0.01000000000000335
6,27762,2439,1.0,3334,1190,26572,0.010000000000003315
6,27768,2440,1.0,3335,1190,26578,0.010000000000003282
6,27774,2441,1.0,3336,1190,26584,0.010000000000003251
6,27780,2442,1.0,3337,1190,26590,0.010000000000003218
6,27786,2443,1.0,3338,1190,26596,0.010000000000003187
6,27792,2444,1.0,3339,1190,26602,0.010000000000003154
6,27798,2445,1.0,3340,1190,26608,0.010000000000003123
6,27804,2446,1.0,3341,1190,26614,0.010000000000003091
6,27810,2447,1.0,3342,1190,26620,0.010000000000003062
6,27816,2448,1.0,3343,1190,26626,0.01000000000000303
8,27824,2448,0.0,3344,1191,26633,0.010000000000003001
6,27830,2449,1.0,3345,1191,26639,0.01000000000000297
6,27836,2450,1.0,3346,1191,26645,0.01000000000000294
6,27842,2451,1.0,3347,1191,26651,0.010000000000002911
6,27848,2452,1.0,3348,1191,26657,0.010000000000002883
6,27854,2453,1.0,3349,1191,26663,0.010000000000002854
6,27860,2454,1.0,3350,1191,26669,0.010000000000002826
6,27866,2455,1.0,3351,1191,26675,0.010000000000002798
6,27872,2456,1.0,3352,1191,26681,0.01000000000000277
4,27876,2456,0.0,3353,1192,26684,0.010000000000002743
6,27882,2457,1.0,3354,1192,26690,0.010000000000002715
6,27888,2458,1.0,3355,1192,26696,0.010000000000002687
6,27894,2459,1.0,3356,1192,26702,0.010000000000002661
6,27900,2460,1.0,3357,1192,26708,0.010000000000002635
6,27906,2461,1.0,3358,1192,26714,0.01000000000000261
6,27912,2462,1.0,3359,1192,26720,0.010000000000002583
6,27918,2463,1.0,3360,1192,26726,0.010000000000002557
6,27924,2464,1.0,3361,1192,26732,0.010000000000002531
6,27930,2465,1.0,3362,1192,26738,0.010000000000002507
6,27936,2466,1.0,3363,1192,26744,0.01000000000000248
6,27942,2467,1.0,3364,1192,26750,0.010000000000002457
6,27948,2468,1.0,3365,1192,26756,0.010000000000002432
6,27954,2469,1.0,3366,1192,26762,0.010000000000002408
5,27959,2469,0.0,3367,1193,26766,0.010000000000002384
6,27965,2470,1.0,3368,1193,26772,0.010000000000002361
5,27970,2470,0.0,3369,1193,26777,0.010000000000002337
6,27976,2471,1.0,3370,1193,26783,0.010000000000002314
5,27981,2471,0.0,3371,1193,26788,0.01000000000000229
6,27987,2472,1.0,3372,1193,26794,0.010000000000002267
6,27993,2473,1.0,3373,1193,26800,0.010000000000002245
6,27999,2474,1.0,3374,1193,26806,0.010000000000002222
6,28005,2475,1.0,3375,1193,26812,0.010000000000002202
6,28011,2476,1.0,3376,1193,26818,0.010000000000002179
6,28017,2477,1.0,3377,1193,26824,0.010000000000002156
6,28023,2478,1.0,3378,1193,26830,0.010000000000002136
6,28029,2479,1.0,3379,1193,26836,0.010000000000002115
6,28035,2480,1.0,3380,1193,26842,0.010000000000002094
2,28037,2480,0.0,3381,1194,26843,0.010000000000002073
6,28043,2481,1.0,3382,1194,26849,0.010000000000002052
6,28049,2482,1.0,3383,1194,26855,0.010000000000002032
6,28055,2483,1.0,3384,1194,26861,0.01000000000000201
6,28061,2484,1.0,3385,1194,26867,0.010000000000001992
6,28067,2485,1.0,3386,1194,26873,0.01000000000000197
6,28073,2486,1.0,3387,1194,26879,0.010000000000001952
6,28079,2487,1.0,3388,1194,26885,0.010000000000001933
6,28085,2488,1.0,3389,1194,26891,0.010000000000001914
6,28091,2489,1.0,3390,1194,26897,0.010000000000001895
6,28097,2490,1.0,3391,1194,26903,0.010000000000001875
6,28103,2491,1.0,3392,1194,26909,0.010000000000001856
6,28109,2492,1.0,3393,1194,26915,0.010000000000001839
6,28115,2493,1.0,3394,1194,26921,0.01000000000000182
6,28121,2494,1.0,3395,1194,26927,0.010000000000001803
6,28127,2495,1.0,3396,1195,26932,0.010000000000001784
6,28133,2496,1.0,3397,1195,26938,0.010000000000001766
6,28139,2497,1.0,3398,1195,26944,0.010000000000001749
6,28145,2498,1.0,3399,1195,26950,0.010000000000001731
6,28151,2499,1.0,3400,1195,26956,0.010000000000001714
6,28157,2500,1.0,3401,1195,26962,0.010000000000001697
6,28163,2501,1.0,3402,1195,26968,0.01000000000000168
6,28169,2502,1.0,3403,1195,26974,0.010000000000001664
47,28216,2502,0.0,3404,1197,27019,0.010000000000001646
6,28222,2503,1.0,3405,1197,27025,0.01000000000000163
6,28228,2504,1.0,3406,1197,27031,0.010000000000001614
6,28234,2505,1.0,3407,1198,27036,0.010000000000001598
6,28240,2506,1.0,3408,1198,27042,0.010000000000001582
6,28246,2507,1.0,3409,1198,27048,0.010000000000001567
6,28252,2508,1.0,3410,1198,27054,0.010000000000001551
4,28256,2508,0.0,3411,1199,27057,0.010000000000001535
6,28262,2509,1.0,3412,1199,27063,0.01000000000000152
6,28268,2510,1.0,3413,1199,27069,0.010000000000001506
6,28274,2511,1.0,3414,1199,27075,0.01000000000000149
6,28280,2512,1.0,3415,1199,27081,0.010000000000001475
6,28286,2513,1.0,3416,1199,27087,0.01000000000000146
6,28292,2514,1.0,3417,1199,27093,0.010000000000001445
6,28298,2515,1.0,3418,1199,27099,0.010000000000001431
21,28319,2515,0.0,3419,1200,27119,0.010000000000001417
6,28325,2516,1.0,3420,1200,27125,0.010000000000001404
5,28330,2516,0.0,3421,1201,27129,0.01000000000000139
6,28336,2517,1.0,3422,1201,27135,0.010000000000001376
6,28342,2518,1.0,3423,1202,27140,0.010000000000001362
6,28348,2519,1.0,3424,1202,27146,0.010000000000001348
36,28384,2519,0.0,3425,1203,27181,0.010000000000001334
15,28399,2519,0.0,3426,1203,27196,0.010000000000001322
15,28414,2519,0.0,3427,1203,27211,0.010000000000001308
36,28450,2520,1.0,3428,1203,27247,0.010000000000001296
15,28465,2520,0.0,3429,1203,27262,0.010000000000001282
15,28480,2520,0.0,3430,1203,27277,0.01000000000000127
10,28490,2520,0.0,3431,1204,27286,0.010000000000001258
15,28505,2520,0.0,3432,1204,27301,0.010000000000001244
15,28520,2520,0.0,3433,1204,27316,0.010000000000001232
41,28561,2520,0.0,3434,1204,27357,0.01000000000000122
14,28575,2520,0.0,3435,1204,27371,0.010000000000001208
16,28591,2520,0.0,3436,1204,27387,0.010000000000001195
6,28597,2521,1.0,3437,1204,27393,0.010000000000001183
18,28615,2521,0.0,3438,1204,27411,0.010000000000001173
15,28630,2521,0.0,3439,1204,27426,0.01000000000000116
22,28652,2521,0.0,3440,1204,27448,0.010000000000001149
16,28668,2521,0.0,3441,1205,27463,0.010000000000001138
12,28680,2521,0.0,3442,1207,27473,0.010000000000001126
16,28696,2521,0.0,3443,1207,27489,0.010000000000001116
16,28712,2521,0.0,3444,1207,27505,0.010000000000001103
16,28728,2521,0.0,3445,1207,27521,0.010000000000001093
16,28744,2521,0.0,3446,1207,27537,0.010000000000001083
20,28764,2521,0.0,3447,1207,27557,0.01000000000000107
14,28778,2521,0.0,3448,1207,27571,0.01000000000000106
15,28793,2521,0.0,3449,1207,27586,0.01000000000000105
18,28811,2521,0.0,3450,1207,27604,0.01000000000000104
13,28824,2521,0.0,3451,1207,27617,0.010000000000001029
15,28839,2521,0.0,3452,1207,27632,0.010000000000001018
19,28858,2521,0.0,3453,1208,27650,0.01000000000000101
21,28879,2521,0.0,3454,1208,27671,0.010000000000001
13,28892,2521,0.0,3455,1208,27684,0.010000000000000989
15,28907,2521,0.0,3456,1208,27699,0.010000000000000979
5,28912,2521,0.0,3457,1208,27704,0.01000000000000097
5,28917,2521,0.0,3458,1208,27709,0.01000000000000096
16,28933,2521,0.0,3459,1208,27725,0.01000000000000095
21,28954,2521,0.0,3460,1208,27746,0.01000000000000094
19,28973,2521,0.0,3461,1208,27765,0.010000000000000932
20,28993,2521,0.0,3462,1209,27784,0.010000000000000921
5,28998,2521,0.0,3463,1209,27789,0.010000000000000913
7,29005,2521,0.0,3464,1209,27796,0.010000000000000904
14,29019,2521,0.0,3465,1209,27810,0.010000000000000895
9,29028,2521,0.0,3466,1209,27819,0.010000000000000887
14,29042,2521,0.0,3467,1209,27833,0.010000000000000878
15,29057,2522,1.0,3468,1209,27848,0.01000000000000087
15,29072,2523,1.0,3469,1209,27863,0.01000000000000086
20,29092,2523,0.0,3470,1209,27883,0.010000000000000852
22,29114,2523,0.0,3471,1209,27905,0.010000000000000843
7,29121,2523,0.0,3472,1209,27912,0.010000000000000835
15,29136,2524,1.0,3473,1209,27927,0.010000000000000826
15,29151,2525,1.0,3474,1209,27942,0.010000000000000817
15,29166,2526,1.0,3475,1210,27956,0.01000000000000081
14,29180,2526,0.0,3476,1211,27969,0.010000000000000802
15,29195,2527,1.0,3477,1211,27984,0.010000000000000793
15,29210,2528,1.0,3478,1211,27999,0.010000000000000786
15,29225,2529,1.0,3479,1211,28014,0.010000000000000777
9,29234,2529,0.0,3480,1212,28022,0.01000000000000077
15,29249,2530,1.0,3481,1212,28037,0.010000000000000762
9,29258,2530,0.0,3482,1212,28046,0.010000000000000755
15,29273,2531,1.0,3483,1212,28061,0.010000000000000748
14,29287,2531,0.0,3484,1212,28075,0.010000000000000741
46,29333,2531,0.0,3485,1212,28121,0.010000000000000732
15,29348,2531,0.0,3486,1212,28136,0.010000000000000725
15,29363,2531,0.0,3487,1212,28151,0.010000000000000718
14,29377,2531,0.0,3488,1212,28165,0.010000000000000711
14,29391,2531,0.0,3489,1212,28179,0.010000000000000705
14,29405,2531,0.0,3490,1212,28193,0.010000000000000698
47,29452,2531,0.0,3491,1213,28239,0.01000000000000069
21,29473,2531,0.0,3492,1213,28260,0.010000000000000684
47,29520,2531,0.0,3493,1214,28306,0.010000000000000677
14,29534,2531,0.0,3494,1214,28320,0.01000000000000067
5,29539,2531,0.0,3495,1214,28325,0.010000000000000663
14,29553,2531,0.0,3496,1214,28339,0.010000000000000656
5,29558,2531,0.0,3497,1214,28344,0.01000000000000065
14,29572,2531,0.0,3498,1214,28358,0.010000000000000644
15,29587,2532,1.0,3499,1214,28373,0.010000000000000637
15,29602,2532,0.0,3500,1214,28388,0.01000000000000063
15,29617,2532,0.0,3501,1214,28403,0.010000000000000625
54,29671,2532,0.0,3502,1215,28456,0.010000000000000618
15,29686,2532,0.0,3503,1215,28471,0.010000000000000613
4,29690,2532,0.0,3504,1215,28475,0.010000000000000606
15,29705,2532,0.0,3505,1215,28490,0.0100000000000006
4,29709,2532,0.0,3506,1215,28494,0.010000000000000593
21,29730,2532,0.0,3507,1215,28515,0.010000000000000588
14,29744,2532,0.0,3508,1215,28529,0.010000000000000583
15,29759,2532,0.0,3509,1215,28544,0.010000000000000576
4,29763,2532,0.0,3510,1215,28548,0.010000000000000571
15,29778,2532,0.0,3511,1216,28562,0.010000000000000566
14,29792,2532,0.0,3512,1216,28576,0.010000000000000559
21,29813,2532,0.0,3513,1216,28597,0.010000000000000554
47,29860,2532,0.0,3514,1216,28644,0.010000000000000548
17,29877,2532,0.0,3515,1217,28660,0.010000000000000543
16,29893,2532,0.0,3516,1217,28676,0.010000000000000538
16,29909,2532,0.0,3517,1217,28692,0.010000000000000533
16,29925,2532,0.0,3518,1217,28708,0.010000000000000528
16,29941,2532,0.0,3519,1217,28724,0.010000000000000522
16,29957,2532,0.0,3520,1217,28740,0.010000000000000517
16,29973,2532,0.0,3521,1217,28756,0.010000000000000512
16,29989,2532,0.0,3522,1218,28771,0.010000000000000507
16,30005,2532,0.0,3523,1218,28787,0.010000000000000502
16,30021,2532,0.0,3524,1218,28803,0.010000000000000496
14,30035,2532,0.0,3525,1219,28816,0.010000000000000491
20,30055,2532,0.0,3526,1219,28836,0.010000000000000486
5,30060,2532,0.0,3527,1219,28841,0.01000000000000048
23,30083,2532,0.0,3528,1219,28864,0.010000000000000477
17,30100,2533,1.0,3529,1219,28881,0.010000000000000472
26,30126,2533,0.0,3530,1219,28907,0.010000000000000467
15,30141,2533,0.0,3531,1219,28922,0.010000000000000463
14,30155,2533,0.0,3532,1219,28936,0.010000000000000458
15,30170,2533,0.0,3533,1219,28951,0.010000000000000453
15,30185,2533,0.0,3534,1220,28965,0.01000000000000045
15,30200,2533,0.0,3535,1220,28980,0.010000000000000444
16,30216,2533,0.0,3536,1220,28996,0.01000000000000044
16,30232,2533,0.0,3537,1221,29011,0.010000000000000436
16,30248,2533,0.0,3538,1221,29027,0.010000000000000432
14,30262,2533,0.0,3539,1222,29040,0.010000000000000427
15,30277,2533,0.0,3540,1222,29055,0.010000000000000423
13,30290,2533,0.0,3541,1222,29068,0.010000000000000418
22,30312,2533,0.0,3542,1222,29090,0.010000000000000415
37,30349,2533,0.0,3543,1222,29127,0.01000000000000041
15,30364,2533,0.0,3544,1222,29142,0.010000000000000406
27,30391,2533,0.0,3545,1223,29168,0.010000000000000403
14,30405,2533,0.0,3546,1223,29182,0.010000000000000397
14,30419,2533,0.0,3547,1224,29195,0.010000000000000394
14,30433,2533,0.0,3548,1225,29208,0.01000000000000039
16,30449,2533,0.0,3549,1225,29224,0.010000000000000387
36,30485,2533,0.0,3550,1225,29260,0.010000000000000382
14,30499,2533,0.0,3551,1225,29274,0.010000000000000378
12,30511,2533,0.0,3552,1225,29286,0.010000000000000375
18,30529,2533,0.0,3553,1226,29303,0.010000000000000371
18,30547,2533,0.0,3554,1226,29321,0.010000000000000368
29,30576,2533,0.0,3555,1226,29350,0.010000000000000365
10,30586,2533,0.0,3556,1226,29360,0.010000000000000361
16,30602,2533,0.0,3557,1227,29375,0.010000000000000358
14,30616,2533,0.0,3558,1227,29389,0.010000000000000352
18,30634,2533,0.0,3559,1227,29407,0.010000000000000349
9,30643,2533,0.0,3560,1227,29416,0.010000000000000345
6,30649,2533,0.0,3561,1227,29422,0.010000000000000342
17,30666,2533,0.0,3562,1227,29439,0.01000000000000034
17,30683,2533,0.0,3563,1227,29456,0.010000000000000337
22,30705,2533,0.0,3564,1227,29478,0.010000000000000333
18,30723,2533,0.0,3565,1227,29496,0.01000000000000033
5,30728,2533,0.0,3566,1227,29501,0.010000000000000326
5,30733,2533,0.0,3567,1227,29506,0.010000000000000323
7,30740,2533,0.0,3568,1227,29513,0.01000000000000032
7,30747,2533,0.0,3569,1227,29520,0.010000000000000316
6,30753,2533,0.0,3570,1227,29526,0.010000000000000312
7,30760,2534,1.0,3571,1227,29533,0.01000000000000031
7,30767,2535,1.0,3572,1227,29540,0.010000000000000307
7,30774,2536,1.0,3573,1227,29547,0.010000000000000304
7,30781,2537,1.0,3574,1227,29554,0.0100000000000003
7,30788,2538,1.0,3575,1227,29561,0.010000000000000299
7,30795,2539,1.0,3576,1227,29568,0.010000000000000295
7,30802,2540,1.0,3577,1227,29575,0.010000000000000292
7,30809,2541,1.0,3578,1227,29582,0.01000000000000029
7,30816,2542,1.0,3579,1227,29589,0.010000000000000286
7,30823,2543,1.0,3580,1227,29596,0.010000000000000283
7,30830,2544,1.0,3581,1227,29603,0.010000000000000281
7,30837,2545,1.0,3582,1227,29610,0.010000000000000278
7,30844,2546,1.0,3583,1227,29617,0.010000000000000274
7,30851,2547,1.0,3584,1227,29624,0.010000000000000273
7,30858,2548,1.0,3585,1227,29631,0.010000000000000269
7,30865,2549,1.0,3586,1227,29638,0.010000000000000267
7,30872,2550,1.0,3587,1227,29645,0.010000000000000264
7,30879,2551,1.0,3588,1227,29652,0.010000000000000262
7,30886,2552,1.0,3589,1227,29659,0.010000000000000259
7,30893,2553,1.0,3590,1227,29666,0.010000000000000257
7,30900,2554,1.0,3591,1227,29673,0.010000000000000253
7,30907,2555,1.0,3592,1227,29680,0.010000000000000252
7,30914,2556,1.0,3593,1227,29687,0.010000000000000248
7,30921,2557,1.0,3594,1227,29694,0.010000000000000247
7,30928,2558,1.0,3595,1228,29700,0.010000000000000245
7,30935,2559,1.0,3596,1228,29707,0.010000000000000241
7,30942,2560,1.0,3597,1228,29714,0.01000000000000024
7,30949,2561,1.0,3598,1228,29721,0.010000000000000236
7,30956,2562,1.0,3599,1228,29728,0.010000000000000234
7,30963,2563,1.0,3600,1228,29735,0.010000000000000233
10,30973,2563,0.0,3601,1229,29744,0.01000000000000023
7,30980,2564,1.0,3602,1229,29751,0.010000000000000227
7,30987,2565,1.0,3603,1229,29758,0.010000000000000226
7,30994,2566,1.0,3604,1229,29765,0.010000000000000222
7,31001,2567,1.0,3605,1229,29772,0.01000000000000022
7,31008,2568,1.0,3606,1229,29779,0.010000000000000219
7,31015,2569,1.0,3607,1229,29786,0.010000000000000217
7,31022,2570,1.0,3608,1229,29793,0.010000000000000214
7,31029,2571,1.0,3609,1229,29800,0.010000000000000212
7,31036,2572,1.0,3610,1229,29807,0.01000000000000021
7,31043,2573,1.0,3611,1229,29814,0.010000000000000208
7,31050,2574,1.0,3612,1229,29821,0.010000000000000207
7,31057,2575,1.0,3613,1229,29828,0.010000000000000203
7,31064,2575,0.0,3614,1231,29833,0.010000000000000201
21,31085,2575,0.0,3615,1231,29854,0.0100000000000002
18,31103,2575,0.0,3616,1232,29871,0.010000000000000198
18,31121,2575,0.0,3617,1232,29889,0.010000000000000196
18,31139,2575,0.0,3618,1232,29907,0.010000000000000194
19,31158,2575,0.0,3619,1232,29926,0.010000000000000193
7,31165,2576,1.0,3620,1232,29933,0.01000000000000019
6,31171,2576,0.0,3621,1232,29939,0.010000000000000188
6,31177,2576,0.0,3622,1232,29945,0.010000000000000186
6,31183,2576,0.0,3623,1232,29951,0.010000000000000184
6,31189,2576,0.0,3624,1232,29957,0.010000000000000182
6,31195,2576,0.0,3625,1232,29963,0.01000000000000018
6,31201,2576,0.0,3626,1232,29969,0.010000000000000179
5,31206,2576,0.0,3627,1232,29974,0.010000000000000177
7,31213,2577,1.0,3628,1232,29981,0.010000000000000175
6,31219,2577,0.0,3629,1232,29987,0.010000000000000174
6,31225,2577,0.0,3630,1232,29993,0.010000000000000172
6,31231,2577,0.0,3631,1232,29999,0.01000000000000017
6,31237,2577,0.0,3632,1232,30005,0.010000000000000168
6,31243,2577,0.0,3633,1232,30011,0.010000000000000167
9,31252,2578,1.0,3634,1233,30019,0.010000000000000165
9,31261,2579,1.0,3635,1233,30028,0.010000000000000163
9,31270,2580,1.0,3636,1233,30037,0.010000000000000162
9,31279,2581,1.0,3637,1233,30046,0.01000000000000016
9,31288,2582,1.0,3638,1233,30055,0.010000000000000158
9,31297,2583,1.0,3639,1233,30064,0.010000000000000158
9,31306,2584,1.0,3640,1233,30073,0.010000000000000156
9,31315,2585,1.0,3641,1233,30082,0.010000000000000155
15,31330,2585,0.0,3642,1234,30096,0.010000000000000153
9,31339,2586,1.0,3643,1234,30105,0.010000000000000151
9,31348,2587,1.0,3644,1234,30114,0.01000000000000015
9,31357,2588,1.0,3645,1234,30123,0.010000000000000148
9,31366,2589,1.0,3646,1234,30132,0.010000000000000146
9,31375,2590,1.0,3647,1234,30141,0.010000000000000146
9,31384,2591,1.0,3648,1234,30150,0.010000000000000144
4,31388,2591,0.0,3649,1235,30153,0.010000000000000142
9,31397,2592,1.0,3650,1235,30162,0.01000000000000014
9,31406,2593,1.0,3651,1235,30171,0.010000000000000139
9,31415,2594,1.0,3652,1235,30180,0.010000000000000137
16,31431,2594,0.0,3653,1236,30195,0.010000000000000137
9,31440,2595,1.0,3654,1236,30204,0.010000000000000136
9,31449,2596,1.0,3655,1236,30213,0.010000000000000134
9,31458,2597,1.0,3656,1236,30222,0.010000000000000132
9,31467,2598,1.0,3657,1236,30231,0.010000000000000132
9,31476,2599,1.0,3658,1236,30240,0.01000000000000013
9,31485,2600,1.0,3659,1236,30249,0.010000000000000129
9,31494,2601,1.0,3660,1236,30258,0.010000000000000127
9,31503,2602,1.0,3661,1236,30267,0.010000000000000127
9,31512,2603,1.0,3662,1236,30276,0.010000000000000125
9,31521,2604,1.0,3663,1236,30285,0.010000000000000123
9,31530,2605,1.0,3664,1236,30294,0.010000000000000123
9,31539,2606,1.0,3665,1236,30303,0.010000000000000122
9,31548,2607,1.0,3666,1236,30312,0.01000000000000012
9,31557,2608,1.0,3667,1236,30321,0.010000000000000118
9,31566,2609,1.0,3668,1236,30330,0.010000000000000118
9,31575,2610,1.0,3669,1237,30338,0.010000000000000116
9,31584,2611,1.0,3670,1237,30347,0.010000000000000115
9,31593,2612,1.0,3671,1237,30356,0.010000000000000115
9,31602,2613,1.0,3672,1237,30365,0.010000000000000113
9,31611,2614,1.0,3673,1237,30374,0.010000000000000111
9,31620,2615,1.0,3674,1238,30382,0.010000000000000111
9,31629,2616,1.0,3675,1238,30391,0.01000000000000011
9,31638,2617,1.0,3676,1239,30399,0.01000000000000011
9,31647,2618,1.0,3677,1239,30408,0.010000000000000108
9,31656,2619,1.0,3678,1239,30417,0.010000000000000106
9,31665,2620,1.0,3679,1239,30426,0.010000000000000106
9,31674,2621,1.0,3680,1239,30435,0.010000000000000104
9,31683,2622,1.0,3681,1239,30444,0.010000000000000103
9,31692,2623,1.0,3682,1239,30453,0.010000000000000103
9,31701,2624,1.0,3683,1239,30462,0.0100000000000001
9,31710,2625,1.0,3684,1239,30471,0.0100000000000001
9,31719,2626,1.0,3685,1239,30480,0.010000000000000099
9,31728,2627,1.0,3686,1239,30489,0.010000000000000099
9,31737,2628,1.0,3687,1239,30498,0.010000000000000097
9,31746,2629,1.0,3688,1239,30507,0.010000000000000096
9,31755,2630,1.0,3689,1239,30516,0.010000000000000096
9,31764,2631,1.0,3690,1239,30525,0.010000000000000094
9,31773,2632,1.0,3691,1240,30533,0.010000000000000094
9,31782,2633,1.0,3692,1240,30542,0.010000000000000092
9,31791,2634,1.0,3693,1240,30551,0.010000000000000092
9,31800,2635,1.0,3694,1240,30560,0.01000000000000009
9,31809,2636,1.0,3695,1240,30569,0.01000000000000009
9,31818,2637,1.0,3696,1240,30578,0.010000000000000089
9,31827,2638,1.0,3697,1240,30587,0.010000000000000089
9,31836,2639,1.0,3698,1240,30596,0.010000000000000087
9,31845,2640,1.0,3699,1240,30605,0.010000000000000087
9,31854,2641,1.0,3700,1240,30614,0.010000000000000085
9,31863,2642,1.0,3701,1240,30623,0.010000000000000085
9,31872,2643,1.0,3702,1240,30632,0.010000000000000083
9,31881,2644,1.0,3703,1240,30641,0.010000000000000083
9,31890,2645,1.0,3704,1240,30650,0.010000000000000082
9,31899,2646,1.0,3705,1240,30659,0.010000000000000082
9,31908,2647,1.0,3706,1241,30667,0.01000000000000008
9,31917,2648,1.0,3707,1241,30676,0.01000000000000008
9,31926,2649,1.0,3708,1241,30685,0.010000000000000078
9,31935,2650,1.0,3709,1241,30694,0.010000000000000078
9,31944,2651,1.0,3710,1241,30703,0.010000000000000078
9,31953,2652,1.0,3711,1241,30712,0.010000000000000077
9,31962,2653,1.0,3712,1241,30721,0.010000000000000077
9,31971,2654,1.0,3713,1241,30730,0.010000000000000075
9,31980,2655,1.0,3714,1241,30739,0.010000000000000075
9,31989,2656,1.0,3715,1241,30748,0.010000000000000073
9,31998,2657,1.0,3716,1242,30756,0.010000000000000073
9,32007,2658,1.0,3717,1242,30765,0.010000000000000071
9,32016,2659,1.0,3718,1242,30774,0.010000000000000071
9,32025,2660,1.0,3719,1242,30783,0.010000000000000071
9,32034,2661,1.0,3720,1242,30792,0.01000000000000007
9,32043,2662,1.0,3721,1242,30801,0.01000000000000007
9,32052,2663,1.0,3722,1242,30810,0.010000000000000068
9,32061,2664,1.0,3723,1242,30819,0.010000000000000068
9,32070,2665,1.0,3724,1242,30828,0.010000000000000068
9,32079,2666,1.0,3725,1242,30837,0.010000000000000066
9,32088,2667,1.0,3726,1242,30846,0.010000000000000066
9,32097,2668,1.0,3727,1242,30855,0.010000000000000066
9,32106,2669,1.0,3728,1242,30864,0.010000000000000064
9,32115,2670,1.0,3729,1242,30873,0.010000000000000064
9,32124,2671,1.0,3730,1242,30882,0.010000000000000063
9,32133,2672,1.0,3731,1242,30891,0.010000000000000063
9,32142,2673,1.0,3732,1242,30900,0.010000000000000063
9,32151,2674,1.0,3733,1242,30909,0.010000000000000061
9,32160,2675,1.0,3734,1242,30918,0.010000000000000061
9,32169,2676,1.0,3735,1242,30927,0.010000000000000061
9,32178,2677,1.0,3736,1242,30936,0.01000000000000006
9,32187,2678,1.0,3737,1243,30944,0.01000000000000006
9,32196,2679,1.0,3738,1243,30953,0.01000000000000006
9,32205,2680,1.0,3739,1244,30961,0.010000000000000057
9,32214,2681,1.0,3740,1244,30970,0.010000000000000057
9,32223,2682,1.0,3741,1244,30979,0.010000000000000057
9,32232,2683,1.0,3742,1244,30988,0.010000000000000056
9,32241,2684,1.0,3743,1245,30996,0.010000000000000056
9,32250,2685,1.0,3744,1245,31005,0.010000000000000056
9,32259,2686,1.0,3745,1245,31014,0.010000000000000054
9,32268,2687,1.0,3746,1245,31023,0.010000000000000054
9,32277,2688,1.0,3747,1245,31032,0.010000000000000054
9,32286,2689,1.0,3748,1245,31041,0.010000000000000052
9,32295,2690,1.0,3749,1245,31050,0.010000000000000052
9,32304,2691,1.0,3750,1245,31059,0.010000000000000052
9,32313,2692,1.0,3751,1245,31068,0.010000000000000052
9,32322,2693,1.0,3752,1245,31077,0.01000000000000005
9,32331,2694,1.0,3753,1245,31086,0.01000000000000005
9,32340,2695,1.0,3754,1245,31095,0.01000000000000005
9,32349,2696,1.0,3755,1245,31104,0.010000000000000049
9,32358,2697,1.0,3756,1245,31113,0.010000000000000049
9,32367,2698,1.0,3757,1245,31122,0.010000000000000049
9,32376,2699,1.0,3758,1245,31131,0.010000000000000049
9,32385,2700,1.0,3759,1245,31140,0.010000000000000047
9,32394,2701,1.0,3760,1245,31149,0.010000000000000047
8,32402,2701,0.0,3761,1246,31156,0.010000000000000047
9,32411,2702,1.0,3762,1246,31165,0.010000000000000045
9,32420,2703,1.0,3763,1246,31174,0.010000000000000045
9,32429,2704,1.0,3764,1246,31183,0.010000000000000045
9,32438,2705,1.0,3765,1246,31192,0.010000000000000045
9,32447,2706,1.0,3766,1246,31201,0.010000000000000044
9,32456,2707,1.0,3767,1246,31210,0.010000000000000044
9,32465,2708,1.0,3768,1246,31219,0.010000000000000044
9,32474,2709,1.0,3769,1246,31228,0.010000000000000044
9,32483,2710,1.0,3770,1246,31237,0.010000000000000042
9,32492,2711,1.0,3771,1246,31246,0.010000000000000042
9,32501,2712,1.0,3772,1246,31255,0.010000000000000042
9,32510,2713,1.0,3773,1246,31264,0.010000000000000042
9,32519,2714,1.0,3774,1246,31273,0.01000000000000004
9,32528,2715,1.0,3775,1246,31282,0.01000000000000004
9,32537,2716,1.0,3776,1246,31291,0.01000000000000004
9,32546,2717,1.0,3777,1246,31300,0.01000000000000004
9,32555,2718,1.0,3778,1246,31309,0.01000000000000004
6,32561,2718,0.0,3779,1248,31313,0.010000000000000038
9,32570,2719,1.0,3780,1248,31322,0.010000000000000038
9,32579,2720,1.0,3781,1248,31331,0.010000000000000038
9,32588,2721,1.0,3782,1248,31340,0.010000000000000038
9,32597,2722,1.0,3783,1248,31349,0.010000000000000037
9,32606,2723,1.0,3784,1248,31358,0.010000000000000037
9,32615,2724,1.0,3785,1248,31367,0.010000000000000037
9,32624,2725,1.0,3786,1248,31376,0.010000000000000037
9,32633,2726,1.0,3787,1248,31385,0.010000000000000037
9,32642,2727,1.0,3788,1248,31394,0.010000000000000035
9,32651,2728,1.0,3789,1248,31403,0.010000000000000035
9,32660,2729,1.0,3790,1248,31412,0.010000000000000035
9,32669,2730,1.0,3791,1248,31421,0.010000000000000035
9,32678,2731,1.0,3792,1248,31430,0.010000000000000035
9,32687,2732,1.0,3793,1248,31439,0.010000000000000033
9,32696,2733,1.0,3794,1248,31448,0.010000000000000033
9,32705,2734,1.0,3795,1248,31457,0.010000000000000033
9,32714,2735,1.0,3796,1248,31466,0.010000000000000033
9,32723,2736,1.0,3797,1248,31475,0.010000000000000033
9,32732,2737,1.0,3798,1248,31484,0.010000000000000031
9,32741,2738,1.0,3799,1248,31493,0.010000000000000031
9,32750,2739,1.0,3800,1248,31502,0.010000000000000031
9,32759,2740,1.0,3801,1248,31511,0.010000000000000031
9,32768,2741,1.0,3802,1248,31520,0.010000000000000031
9,32777,2742,1.0,3803,1248,31529,0.010000000000000031
9,32786,2743,1.0,3804,1248,31538,0.01000000000000003
9,32795,2744,1.0,3805,1248,31547,0.01000000000000003
9,32804,2745,1.0,3806,1248,31556,0.01000000000000003
9,32813,2746,1.0,3807,1248,31565,0.01000000000000003
9,32822,2747,1.0,3808,1248,31574,0.01000000000000003
9,32831,2748,1.0,3809,1248,31583,0.01000000000000003
9,32840,2749,1.0,3810,1248,31592,0.010000000000000028
9,32849,2750,1.0,3811,1248,31601,0.010000000000000028
9,32858,2751,1.0,3812,1248,31610,0.010000000000000028
9,32867,2752,1.0,3813,1248,31619,0.010000000000000028
9,32876,2753,1.0,3814,1248,31628,0.010000000000000028
9,32885,2754,1.0,3815,1248,31637,0.010000000000000028
9,32894,2755,1.0,3816,1248,31646,0.010000000000000026
9,32903,2756,1.0,3817,1248,31655,0.010000000000000026
9,32912,2757,1.0,3818,1248,31664,0.010000000000000026
9,32921,2758,1.0,3819,1248,31673,0.010000000000000026
9,32930,2759,1.0,3820,1248,31682,0.010000000000000026
9,32939,2760,1.0,3821,1248,31691,0.010000000000000026
9,32948,2761,1.0,3822,1249,31699,0.010000000000000026
9,32957,2762,1.0,3823,1249,31708,0.010000000000000024
9,32966,2763,1.0,3824,1249,31717,0.010000000000000024
8,32974,2763,0.0,3825,1250,31724,0.010000000000000024
9,32983,2764,1.0,3826,1250,31733,0.010000000000000024
9,32992,2765,1.0,3827,1250,31742,0.010000000000000024
9,33001,2766,1.0,3828,1250,31751,0.010000000000000024
9,33010,2767,1.0,3829,1250,31760,0.010000000000000024
9,33019,2768,1.0,3830,1250,31769,0.010000000000000023
9,33028,2769,1.0,3831,1250,31778,0.010000000000000023
9,33037,2770,1.0,3832,1250,31787,0.010000000000000023
9,33046,2771,1.0,3833,1250,31796,0.010000000000000023
9,33055,2772,1.0,3834,1250,31805,0.010000000000000023
9,33064,2773,1.0,3835,1250,31814,0.010000000000000023
9,33073,2774,1.0,3836,1250,31823,0.010000000000000023
9,33082,2775,1.0,3837,1250,31832,0.010000000000000021
5,33087,2775,0.0,3838,1251,31836,0.010000000000000021
18,33105,2775,0.0,3839,1251,31854,0.010000000000000021
21,33126,2775,0.0,3840,1252,31874,0.010000000000000021
5,33131,2775,0.0,3841,1252,31879,0.010000000000000021
8,33139,2775,0.0,3842,1252,31887,0.010000000000000021
5,33144,2775,0.0,3843,1252,31892,0.010000000000000021
8,33152,2775,0.0,3844,1252,31900,0.010000000000000021
5,33157,2775,0.0,3845,1252,31905,0.010000000000000021
8,33165,2775,0.0,3846,1252,31913,0.01000000000000002
16,33181,2775,0.0,3847,1252,31929,0.01000000000000002
9,33190,2776,1.0,3848,1252,31938,0.01000000000000002
9,33199,2777,1.0,3849,1252,31947,0.01000000000000002
9,33208,2778,1.0,3850,1252,31956,0.01000000000000002
9,33217,2779,1.0,3851,1252,31965,0.01000000000000002
9,33226,2780,1.0,3852,1252,31974,0.01000000000000002
9,33235,2781,1.0,3853,1252,31983,0.01000000000000002
9,33244,2782,1.0,3854,1252,31992,0.01000000000000002
9,33253,2783,1.0,3855,1252,32001,0.010000000000000018
9,33262,2784,1.0,3856,1252,32010,0.010000000000000018
9,33271,2785,1.0,3857,1252,32019,0.010000000000000018
9,33280,2786,1.0,3858,1252,32028,0.010000000000000018
5,33285,2786,0.0,3859,1253,32032,0.010000000000000018
2,33287,2786,0.0,3860,1253,32034,0.010000000000000018
9,33296,2787,1.0,3861,1253,32043,0.010000000000000018
9,33305,2788,1.0,3862,1253,32052,0.010000000000000018
9,33314,2789,1.0,3863,1253,32061,0.010000000000000018
9,33323,2790,1.0,3864,1253,32070,0.010000000000000018
5,33328,2790,0.0,3865,1254,32074,0.010000000000000016
5,33333,2790,0.0,3866,1254,32079,0.010000000000000016
5,33338,2790,0.0,3867,1254,32084,0.010000000000000016
2,33340,2790,0.0,3868,1254,32086,0.010000000000000016
5,33345,2790,0.0,3869,1254,32091,0.010000000000000016
10,33355,2790,0.0,3870,1254,32101,0.010000000000000016
2,33357,2790,0.0,3871,1254,32103,0.010000000000000016
2,33359,2790,0.0,3872,1254,32105,0.010000000000000016
2,33361,2790,0.0,3873,1254,32107,0.010000000000000016
2,33363,2790,0.0,3874,1254,32109,0.010000000000000016
2,33365,2790,0.0,3875,1254,32111,0.010000000000000016
21,33386,2790,0.0,3876,1254,32132,0.010000000000000014
8,33394,2790,0.0,3877,1254,32140,0.010000000000000014
2,33396,2790,0.0,3878,1254,32142,0.010000000000000014
2,33398,2790,0.0,3879,1254,32144,0.010000000000000014
2,33400,2790,0.0,3880,1254,32146,0.010000000000000014
2,33402,2790,0.0,3881,1254,32148,0.010000000000000014
2,33404,2790,0.0,3882,1254,32150,0.010000000000000014
2,33406,2790,0.0,3883,1254,32152,0.010000000000000014
9,33415,2791,1.0,3884,1254,32161,0.010000000000000014
9,33424,2792,1.0,3885,1254,32170,0.010000000000000014
9,33433,2793,1.0,3886,1254,32179,0.010000000000000014
9,33442,2794,1.0,3887,1254,32188,0.010000000000000014
9,33451,2795,1.0,3888,1254,32197,0.010000000000000014
9,33460,2796,1.0,3889,1254,32206,0.010000000000000012
9,33469,2797,1.0,3890,1254,32215,0.010000000000000012
9,33478,2798,1.0,3891,1254,32224,0.010000000000000012
9,33487,2799,1.0,3892,1254,32233,0.010000000000000012
9,33496,2800,1.0,3893,1254,32242,0.010000000000000012
9,33505,2801,1.0,3894,1254,32251,0.010000000000000012
9,33514,2802,1.0,3895,1254,32260,0.010000000000000012
9,33523,2803,1.0,3896,1254,32269,0.010000000000000012
9,33532,2804,1.0,3897,1254,32278,0.010000000000000012
9,33541,2805,1.0,3898,1254,32287,0.010000000000000012
9,33550,2806,1.0,3899,1254,32296,0.010000000000000012
9,33559,2807,1.0,3900,1254,32305,0.010000000000000012
9,33568,2808,1.0,3901,1254,32314,0.010000000000000012
9,33577,2809,1.0,3902,1254,32323,0.010000000000000012
9,33586,2810,1.0,3903,1254,32332,0.01000000000000001
9,33595,2811,1.0,3904,1254,32341,0.01000000000000001
9,33604,2812,1.0,3905,1254,32350,0.01000000000000001
9,33613,2813,1.0,3906,1254,32359,0.01000000000000001
9,33622,2814,1.0,3907,1254,32368,0.01000000000000001
9,33631,2815,1.0,3908,1254,32377,0.01000000000000001
9,33640,2816,1.0,3909,1254,32386,0.01000000000000001
9,33649,2817,1.0,3910,1254,32395,0.01000000000000001
9,33658,2818,1.0,3911,1254,32404,0.01000000000000001
9,33667,2819,1.0,3912,1254,32413,0.01000000000000001
9,33676,2820,1.0,3913,1254,32422,0.01000000000000001
9,33685,2821,1.0,3914,1254,32431,0.01000000000000001
9,33694,2822,1.0,3915,1254,32440,0.01000000000000001
9,33703,2823,1.0,3916,1254,32449,0.01000000000000001
9,33712,2824,1.0,3917,1254,32458,0.01000000000000001
9,33721,2825,1.0,3918,1254,32467,0.01000000000000001
9,33730,2826,1.0,3919,1254,32476,0.01000000000000001
9,33739,2827,1.0,3920,1254,32485,0.010000000000000009
9,33748,2828,1.0,3921,1254,32494,0.010000000000000009
5,33753,2828,0.0,3922,1255,32498,0.010000000000000009
5,33758,2828,0.0,3923,1255,32503,0.010000000000000009
16,33774,2828,0.0,3924,1255,32519,0.010000000000000009
18,33792,2828,0.0,3925,1256,32536,0.010000000000000009
10,33802,2828,0.0,3926,1256,32546,0.010000000000000009
9,33811,2829,1.0,3927,1256,32555,0.010000000000000009
9,33820,2830,1.0,3928,1256,32564,0.010000000000000009
9,33829,2831,1.0,3929,1256,32573,0.010000000000000009
9,33838,2832,1.0,3930,1256,32582,0.010000000000000009
9,33847,2833,1.0,3931,1256,32591,0.010000000000000009
9,33856,2834,1.0,3932,1256,32600,0.010000000000000009
9,33865,2835,1.0,3933,1256,32609,0.010000000000000009
9,33874,2836,1.0,3934,1256,32618,0.010000000000000009
9,33883,2837,1.0,3935,1256,32627,0.010000000000000009
9,33892,2838,1.0,3936,1257,32635,0.010000000000000009
9,33901,2839,1.0,3937,1257,32644,0.010000000000000009
9,33910,2840,1.0,3938,1257,32653,0.010000000000000009
9,33919,2841,1.0,3939,1257,32662,0.010000000000000009
9,33928,2842,1.0,3940,1257,32671,0.010000000000000007
9,33937,2843,1.0,3941,1257,32680,0.010000000000000007
9,33946,2844,1.0,3942,1257,32689,0.010000000000000007
9,33955,2845,1.0,3943,1258,32697,0.010000000000000007
9,33964,2846,1.0,3944,1258,32706,0.010000000000000007
9,33973,2847,1.0,3945,1258,32715,0.010000000000000007
9,33982,2848,1.0,3946,1258,32724,0.010000000000000007
9,33991,2849,1.0,3947,1258,32733,0.010000000000000007
9,34000,2850,1.0,3948,1258,32742,0.010000000000000007
9,34009,2851,1.0,3949,1258,32751,0.010000000000000007
9,34018,2852,1.0,3950,1258,32760,0.010000000000000007
9,34027,2853,1.0,3951,1258,32769,0.010000000000000007
10,34037,2853,0.0,3952,1259,32778,0.010000000000000007
9,34046,2854,1.0,3953,1259,32787,0.010000000000000007
9,34055,2855,1.0,3954,1259,32796,0.010000000000000007
9,34064,2856,1.0,3955,1259,32805,0.010000000000000007
4,34068,2856,0.0,3956,1259,32809,0.010000000000000007
9,34077,2857,1.0,3957,1259,32818,0.010000000000000007
5,34082,2857,0.0,3958,1260,32822,0.010000000000000007
9,34091,2857,0.0,3959,1261,32830,0.010000000000000007
10,34101,2857,0.0,3960,1261,32840,0.010000000000000007
8,34109,2857,0.0,3961,1261,32848,0.010000000000000007
10,34119,2857,0.0,3962,1261,32858,0.010000000000000007
8,34127,2857,0.0,3963,1261,32866,0.010000000000000007
10,34137,2857,0.0,3964,1261,32876,0.010000000000000007
8,34145,2857,0.0,3965,1261,32884,0.010000000000000005
5,34150,2857,0.0,3966,1261,32889,0.010000000000000005
3,34153,2857,0.0,3967,1261,32892,0.010000000000000005
5,34158,2857,0.0,3968,1261,32897,0.010000000000000005
3,34161,2857,0.0,3969,1261,32900,0.010000000000000005
5,34166,2857,0.0,3970,1261,32905,0.010000000000000005
3,34169,2857,0.0,3971,1261,32908,0.010000000000000005
6,34175,2857,0.0,3972,1261,32914,0.010000000000000005
3,34178,2857,0.0,3973,1261,32917,0.010000000000000005
18,34196,2857,0.0,3974,1261,32935,0.010000000000000005
24,34220,2857,0.0,3975,1261,32959,0.010000000000000005
12,34232,2857,0.0,3976,1261,32971,0.010000000000000005
2,34234,2857,0.0,3977,1261,32973,0.010000000000000005
2,34236,2857,0.0,3978,1261,32975,0.010000000000000005
2,34238,2857,0.0,3979,1261,32977,0.010000000000000005
4,34242,2857,0.0,3980,1261,32981,0.010000000000000005
5,34247,2857,0.0,3981,1262,32985,0.010000000000000005
8,34255,2857,0.0,3982,1262,32993,0.010000000000000005
21,34276,2857,0.0,3983,1262,33014,0.010000000000000005
5,34281,2857,0.0,3984,1262,33019,0.010000000000000005
4,34285,2857,0.0,3985,1263,33022,0.010000000000000005
9,34294,2858,1.0,3986,1263,33031,0.010000000000000005
9,34303,2859,1.0,3987,1263,33040,0.010000000000000005
11,34314,2859,0.0,3988,1264,33050,0.010000000000000005
9,34323,2860,1.0,3989,1264,33059,0.010000000000000005
9,34332,2861,1.0,3990,1264,33068,0.010000000000000005
9,34341,2862,1.0,3991,1264,33077,0.010000000000000005
9,34350,2863,1.0,3992,1264,33086,0.010000000000000005
9,34359,2864,1.0,3993,1264,33095,0.010000000000000005
9,34368,2865,1.0,3994,1264,33104,0.010000000000000005
9,34377,2866,1.0,3995,1264,33113,0.010000000000000005
9,34386,2867,1.0,3996,1264,33122,0.010000000000000005
9,34395,2868,1.0,3997,1264,33131,0.010000000000000005
9,34404,2869,1.0,3998,1264,33140,0.010000000000000004
9,34413,2870,1.0,3999,1264,33149,0.010000000000000004
9,34422,2871,1.0,4000,1264,33158,0.010000000000000004
9,34431,2872,1.0,4001,1264,33167,0.010000000000000004
9,34440,2873,1.0,4002,1264,33176,0.010000000000000004
9,34449,2874,1.0,4003,1264,33185,0.010000000000000004
9,34458,2875,1.0,4004,1264,33194,0.010000000000000004
9,34467,2876,1.0,4005,1264,33203,0.010000000000000004
9,34476,2877,1.0,4006,1264,33212,0.010000000000000004
9,34485,2878,1.0,4007,1264,33221,0.010000000000000004
9,34494,2879,1.0,4008,1264,33230,0.010000000000000004
9,34503,2880,1.0,4009,1265,33238,0.010000000000000004
9,34512,2881,1.0,4010,1265,33247,0.010000000000000004
9,34521,2882,1.0,4011,1265,33256,0.010000000000000004
9,34530,2883,1.0,4012,1265,33265,0.010000000000000004
9,34539,2884,1.0,4013,1265,33274,0.010000000000000004
9,34548,2885,1.0,4014,1265,33283,0.010000000000000004
9,34557,2886,1.0,4015,1265,33292,0.010000000000000004
9,34566,2887,1.0,4016,1265,33301,0.010000000000000004
9,34575,2888,1.0,4017,1265,33310,0.010000000000000004
9,34584,2889,1.0,4018,1265,33319,0.010000000000000004
9,34593,2890,1.0,4019,1265,33328,0.010000000000000004
9,34602,2891,1.0,4020,1265,33337,0.010000000000000004
9,34611,2892,1.0,4021,1265,33346,0.010000000000000004
9,34620,2893,1.0,4022,1265,33355,0.010000000000000004
9,34629,2894,1.0,4023,1265,33364,0.010000000000000004
9,34638,2895,1.0,4024,1265,33373,0.010000000000000004
9,34647,2896,1.0,4025,1265,33382,0.010000000000000004
9,34656,2897,1.0,4026,1266,33390,0.010000000000000004
9,34665,2898,1.0,4027,1266,33399,0.010000000000000004
9,34674,2899,1.0,4028,1266,33408,0.010000000000000004
9,34683,2900,1.0,4029,1266,33417,0.010000000000000004
9,34692,2901,1.0,4030,1266,33426,0.010000000000000004
9,34701,2902,1.0,4031,1266,33435,0.010000000000000004
9,34710,2903,1.0,4032,1266,33444,0.010000000000000004
9,34719,2904,1.0,4033,1266,33453,0.010000000000000004
9,34728,2905,1.0,4034,1266,33462,0.010000000000000004
10,34738,2905,0.0,4035,1268,33470,0.010000000000000004
2,34740,2905,0.0,4036,1268,33472,0.010000000000000004
9,34749,2906,1.0,4037,1268,33481,0.010000000000000004
9,34758,2907,1.0,4038,1268,33490,0.010000000000000004
9,34767,2908,1.0,4039,1268,33499,0.010000000000000004
9,34776,2909,1.0,4040,1268,33508,0.010000000000000004
9,34785,2910,1.0,4041,1269,33516,0.010000000000000004
9,34794,2911,1.0,4042,1269,33525,0.010000000000000004
9,34803,2912,1.0,4043,1269,33534,0.010000000000000004
9,34812,2913,1.0,4044,1269,33543,0.010000000000000004
9,34821,2914,1.0,4045,1269,33552,0.010000000000000004
9,34830,2915,1.0,4046,1269,33561,0.010000000000000004
16,34846,2915,0.0,4047,1270,33576,0.010000000000000004
11,34857,2915,0.0,4048,1271,33586,0.010000000000000004
11,34868,2915,0.0,4049,1271,33597,0.010000000000000004
10,34878,2915,0.0,4050,1271,33607,0.010000000000000002
11,34889,2915,0.0,4051,1271,33618,0.010000000000000002
11,34900,2916,1.0,4052,1271,33629,0.010000000000000002
10,34910,2916,0.0,4053,1271,33639,0.010000000000000002
2,34912,2916,0.0,4054,1271,33641,0.010000000000000002
5,34917,2916,0.0,4055,1271,33646,0.010000000000000002
2,34919,2916,0.0,4056,1271,33648,0.010000000000000002
10,34929,2916,0.0,4057,1271,33658,0.010000000000000002
16,34945,2916,0.0,4058,1272,33673,0.010000000000000002
5,34950,2916,0.0,4059,1272,33678,0.010000000000000002
10,34960,2916,0.0,4060,1273,33687,0.010000000000000002
8,34968,2916,0.0,4061,1274,33694,0.010000000000000002
15,34983,2916,0.0,4062,1274,33709,0.010000000000000002
10,34993,2916,0.0,4063,1274,33719,0.010000000000000002
2,34995,2916,0.0,4064,1274,33721,0.010000000000000002
4,34999,2916,0.0,4065,1274,33725,0.010000000000000002
21,35020,2916,0.0,4066,1274,33746,0.010000000000000002
12,35032,2916,0.0,4067,1274,33758,0.010000000000000002
4,35036,2916,0.0,4068,1274,33762,0.010000000000000002
10,35046,2916,0.0,4069,1274,33772,0.010000000000000002
4,35050,2916,0.0,4070,1274,33776,0.010000000000000002
5,35055,2916,0.0,4071,1274,33781,0.010000000000000002
21,35076,2916,0.0,4072,1274,33802,0.010000000000000002
2,35078,2916,0.0,4073,1274,33804,0.010000000000000002
3,35081,2916,0.0,4074,1274,33807,0.010000000000000002
23,35104,2916,0.0,4075,1274,33830,0.010000000000000002
4,35108,2916,0.0,4076,1274,33834,0.010000000000000002
10,35118,2916,0.0,4077,1274,33844,0.010000000000000002
4,35122,2916,0.0,4078,1274,33848,0.010000000000000002
4,35126,2916,0.0,4079,1274,33852,0.010000000000000002
4,35130,2916,0.0,4080,1274,33856,0.010000000000000002
4,35134,2916,0.0,4081,1274,33860,0.010000000000000002
4,35138,2916,0.0,4082,1274,33864,0.010000000000000002
4,35142,2916,0.0,4083,1274,33868,0.010000000000000002
4,35146,2916,0.0,4084,1274,33872,0.010000000000000002
4,35150,2916,0.0,4085,1274,33876,0.010000000000000002
6,35156,2916,0.0,4086,1274,33882,0.010000000000000002
10,35166,2916,0.0,4087,1274,33892,0.010000000000000002
21,35187,2916,0.0,4088,1274,33913,0.010000000000000002
3,35190,2916,0.0,4089,1274,33916,0.010000000000000002
6,35196,2916,0.0,4090,1274,33922,0.010000000000000002
4,35200,2916,0.0,4091,1274,33926,0.010000000000000002
2,35202,2916,0.0,4092,1274,33928,0.010000000000000002
4,35206,2916,0.0,4093,1274,33932,0.010000000000000002
4,35210,2916,0.0,4094,1274,33936,0.010000000000000002
4,35214,2916,0.0,4095,1275,33939,0.010000000000000002
4,35218,2916,0.0,4096,1275,33943,0.010000000000000002
4,35222,2916,0.0,4097,1275,33947,0.010000000000000002
4,35226,2916,0.0,4098,1275,33951,0.010000000000000002
4,35230,2916,0.0,4099,1275,33955,0.010000000000000002
4,35234,2916,0.0,4100,1275,33959,0.010000000000000002
4,35238,2916,0.0,4101,1275,33963,0.010000000000000002
4,35242,2916,0.0,4102,1275,33967,0.010000000000000002
4,35246,2916,0.0,4103,1275,33971,0.010000000000000002
4,35250,2916,0.0,4104,1275,33975,0.010000000000000002
4,35254,2916,0.0,4105,1275,33979,0.010000000000000002
15,35269,2916,0.0,4106,1275,33994,0.010000000000000002
21,35290,2916,0.0,4107,1275,34015,0.010000000000000002
4,35294,2916,0.0,4108,1275,34019,0.010000000000000002
20,35314,2916,0.0,4109,1275,34039,0.010000000000000002
5,35319,2916,0.0,4110,1275,34044,0.010000000000000002
16,35335,2916,0.0,4111,1275,34060,0.010000000000000002
4,35339,2916,0.0,4112,1275,34064,0.010000000000000002
6,35345,2916,0.0,4113,1275,34070,0.010000000000000002
4,35349,2916,0.0,4114,1275,34074,0.010000000000000002
35,35384,2916,0.0,4115,1275,34109,0.010000000000000002
16,35400,2916,0.0,4116,1275,34125,0.010000000000000002
20,35420,2916,0.0,4117,1276,34144,0.010000000000000002
27,35447,2916,0.0,4118,1276,34171,0.010000000000000002
20,35467,2916,0.0,4119,1276,34191,0.010000000000000002
11,35478,2916,0.0,4120,1277,34201,0.010000000000000002
20,35498,2916,0.0,4121,1277,34221,0.010000000000000002
5,35503,2916,0.0,4122,1277,34226,0.010000000000000002
2,35505,2916,0.0,4123,1277,34228,0.010000000000000002
2,35507,2916,0.0,4124,1277,34230,0.010000000000000002
4,35511,2916,0.0,4125,1277,34234,0.010000000000000002
4,35515,2916,0.0,4126,1277,34238,0.010000000000000002
4,35519,2916,0.0,4127,1277,34242,0.010000000000000002
23,35542,2916,0.0,4128,1277,34265,0.010000000000000002
8,35550,2916,0.0,4129,1277,34273,0.010000000000000002
25,35575,2916,0.0,4130,1277,34298,0.010000000000000002
10,35585,2916,0.0,4131,1277,34308,0.010000000000000002
3,35588,2916,0.0,4132,1277,34311,0.010000000000000002
16,35604,2916,0.0,4133,1277,34327,0.010000000000000002
5,35609,2916,0.0,4134,1277,34332,0.010000000000000002
5,35614,2916,0.0,4135,1277,34337,0.010000000000000002
5,35619,2916,0.0,4136,1277,34342,0.010000000000000002
17,35636,2916,0.0,4137,1277,34359,0.010000000000000002
17,35653,2916,0.0,4138,1277,34376,0.010000000000000002
17,35670,2916,0.0,4139,1277,34393,0.010000000000000002
11,35681,2916,0.0,4140,1277,34404,0.010000000000000002
11,35692,2917,1.0,4141,1277,34415,0.010000000000000002
17,35709,2917,0.0,4142,1277,34432,0.010000000000000002
17,35726,2917,0.0,4143,1277,34449,0.010000000000000002
17,35743,2917,0.0,4144,1278,34465,0.010000000000000002
17,35760,2917,0.0,4145,1278,34482,0.010000000000000002
17,35777,2917,0.0,4146,1278,34499,0.010000000000000002
17,35794,2917,0.0,4147,1278,34516,0.010000000000000002
14,35808,2917,0.0,4148,1280,34528,0.010000000000000002
7,35815,2918,1.0,4149,1280,34535,0.010000000000000002
7,35822,2919,1.0,4150,1280,34542,0.010000000000000002
7,35829,2920,1.0,4151,1280,34549,0.010000000000000002
7,35836,2921,1.0,4152,1280,34556,0.010000000000000002
7,35843,2922,1.0,4153,1280,34563,0.010000000000000002
7,35850,2923,1.0,4154,1280,34570,0.010000000000000002
7,35857,2924,1.0,4155,1280,34577,0.010000000000000002
7,35864,2925,1.0,4156,1280,34584,0.010000000000000002
7,35871,2926,1.0,4157,1280,34591,0.010000000000000002
7,35878,2927,1.0,4158,1280,34598,0.010000000000000002
7,35885,2928,1.0,4159,1280,34605,0.01
7,35892,2929,1.0,4160,1280,34612,0.01
7,35899,2930,1.0,4161,1280,34619,0.01
7,35906,2931,1.0,4162,1280,34626,0.01
7,35913,2932,1.0,4163,1280,34633,0.01
7,35920,2933,1.0,4164,1280,34640,0.01
7,35927,2934,1.0,4165,1280,34647,0.01
7,35934,2935,1.0,4166,1280,34654,0.01
7,35941,2936,1.0,4167,1280,34661,0.01
7,35948,2937,1.0,4168,1280,34668,0.01
7,35955,2938,1.0,4169,1280,34675,0.01
4,35959,2938,0.0,4170,1281,34678,0.01
7,35966,2939,1.0,4171,1281,34685,0.01
7,35973,2940,1.0,4172,1281,34692,0.01
7,35980,2941,1.0,4173,1281,34699,0.01
7,35987,2942,1.0,4174,1281,34706,0.01
7,35994,2943,1.0,4175,1281,34713,0.01
7,36001,2944,1.0,4176,1281,34720,0.01
7,36008,2945,1.0,4177,1281,34727,0.01
7,36015,2946,1.0,4178,1281,34734,0.01
7,36022,2947,1.0,4179,1281,34741,0.01
7,36029,2948,1.0,4180,1281,34748,0.01
7,36036,2949,1.0,4181,1281,34755,0.01
7,36043,2950,1.0,4182,1281,34762,0.01
7,36050,2951,1.0,4183,1281,34769,0.01
7,36057,2952,1.0,4184,1281,34776,0.01
17,36074,2952,0.0,4185,1283,34791,0.01
7,36081,2953,1.0,4186,1283,34798,0.01
7,36088,2954,1.0,4187,1283,34805,0.01
7,36095,2955,1.0,4188,1283,34812,0.01
7,36102,2956,1.0,4189,1283,34819,0.01
7,36109,2957,1.0,4190,1283,34826,0.01
7,36116,2958,1.0,4191,1283,34833,0.01
7,36123,2959,1.0,4192,1283,34840,0.01
7,36130,2960,1.0,4193,1283,34847,0.01
7,36137,2961,1.0,4194,1283,34854,0.01
6,36143,2961,0.0,4195,1284,34859,0.01
5,36148,2961,0.0,4196,1284,34864,0.01
10,36158,2961,0.0,4197,1284,34874,0.01
6,36164,2961,0.0,4198,1284,34880,0.01
5,36169,2961,0.0,4199,1284,34885,0.01
10,36179,2961,0.0,4200,1284,34895,0.01
6,36185,2961,0.0,4201,1284,34901,0.01
5,36190,2961,0.0,4202,1284,34906,0.01
10,36200,2961,0.0,4203,1284,34916,0.01
6,36206,2961,0.0,4204,1284,34922,0.01
5,36211,2961,0.0,4205,1284,34927,0.01
11,36222,2961,0.0,4206,1285,34937,0.01
4,36226,2961,0.0,4207,1285,34941,0.01
4,36230,2961,0.0,4208,1285,34945,0.01
11,36241,2961,0.0,4209,1285,34956,0.01
11,36252,2961,0.0,4210,1285,34967,0.01
11,36263,2961,0.0,4211,1286,34977,0.01
11,36274,2961,0.0,4212,1286,34988,0.01
11,36285,2961,0.0,4213,1286,34999,0.01
3,36288,2961,0.0,4214,1286,35002,0.01
11,36299,2961,0.0,4215,1286,35013,0.01
4,36303,2961,0.0,4216,1286,35017,0.01
11,36314,2961,0.0,4217,1286,35028,0.01
10,36324,2961,0.0,4218,1286,35038,0.01
4,36328,2961,0.0,4219,1286,35042,0.01
11,36339,2961,0.0,4220,1286,35053,0.01
11,36350,2961,0.0,4221,1286,35064,0.01
4,36354,2961,0.0,4222,1286,35068,0.01
10,36364,2961,0.0,4223,1286,35078,0.01
11,36375,2961,0.0,4224,1287,35088,0.01
3,36378,2961,0.0,4225,1287,35091,0.01
4,36382,2961,0.0,4226,1287,35095,0.01
7,36389,2962,1.0,4227,1287,35102,0.01
6,36395,2962,0.0,4228,1287,35108,0.01
4,36399,2962,0.0,4229,1288,35111,0.01
4,36403,2962,0.0,4230,1288,35115,0.01
13,36416,2962,0.0,4231,1288,35128,0.01
11,36427,2962,0.0,4232,1288,35139,0.01
8,36435,2962,0.0,4233,1289,35146,0.01
11,36446,2962,0.0,4234,1289,35157,0.01
7,36453,2963,1.0,4235,1289,35164,0.01
11,36464,2963,0.0,4236,1289,35175,0.01
11,36475,2963,0.0,4237,1289,35186,0.01
11,36486,2963,0.0,4238,1289,35197,0.01
11,36497,2963,0.0,4239,1290,35207,0.01
11,36508,2963,0.0,4240,1291,35217,0.01
11,36519,2963,0.0,4241,1291,35228,0.01
11,36530,2963,0.0,4242,1291,35239,0.01
11,36541,2963,0.0,4243,1291,35250,0.01
11,36552,2963,0.0,4244,1291,35261,0.01
6,36558,2963,0.0,4245,1291,35267,0.01
7,36565,2964,1.0,4246,1291,35274,0.01
6,36571,2964,0.0,4247,1291,35280,0.01
3,36574,2964,0.0,4248,1291,35283,0.01
5,36579,2964,0.0,4249,1291,35288,0.01
2,36581,2964,0.0,4250,1291,35290,0.01
4,36585,2964,0.0,4251,1291,35294,0.01
16,36601,2964,0.0,4252,1291,35310,0.01
21,36622,2964,0.0,4253,1291,35331,0.01
7,36629,2965,1.0,4254,1291,35338,0.01
7,36636,2966,1.0,4255,1291,35345,0.01
7,36643,2967,1.0,4256,1291,35352,0.01
7,36650,2968,1.0,4257,1291,35359,0.01
7,36657,2969,1.0,4258,1291,35366,0.01
7,36664,2970,1.0,4259,1291,35373,0.01
17,36681,2970,0.0,4260,1292,35389,0.01
7,36688,2971,1.0,4261,1292,35396,0.01
7,36695,2972,1.0,4262,1292,35403,0.01
7,36702,2973,1.0,4263,1292,35410,0.01
7,36709,2974,1.0,4264,1293,35416,0.01
7,36716,2975,1.0,4265,1293,35423,0.01
7,36723,2976,1.0,4266,1293,35430,0.01
7,36730,2977,1.0,4267,1293,35437,0.01
5,36735,2977,0.0,4268,1294,35441,0.01
7,36742,2978,1.0,4269,1294,35448,0.01
4,36746,2978,0.0,4270,1294,35452,0.01
4,36750,2978,0.0,4271,1294,35456,0.01
7,36757,2979,1.0,4272,1294,35463,0.01
7,36764,2980,1.0,4273,1294,35470,0.01
7,36771,2981,1.0,4274,1294,35477,0.01
7,36778,2982,1.0,4275,1295,35483,0.01
7,36785,2983,1.0,4276,1295,35490,0.01
7,36792,2984,1.0,4277,1295,35497,0.01
7,36799,2985,1.0,4278,1295,35504,0.01
7,36806,2986,1.0,4279,1295,35511,0.01
7,36813,2987,1.0,4280,1295,35518,0.01
7,36820,2988,1.0,4281,1295,35525,0.01
7,36827,2989,1.0,4282,1295,35532,0.01
4,36831,2989,0.0,4283,1296,35535,0.01
7,36838,2990,1.0,4284,1296,35542,0.01
7,36845,2991,1.0,4285,1296,35549,0.01
7,36852,2992,1.0,4286,1296,35556,0.01
7,36859,2993,1.0,4287,1296,35563,0.01
7,36866,2994,1.0,4288,1296,35570,0.01
7,36873,2995,1.0,4289,1296,35577,0.01
7,36880,2996,1.0,4290,1296,35584,0.01
7,36887,2997,1.0,4291,1296,35591,0.01
7,36894,2998,1.0,4292,1296,35598,0.01
7,36901,2999,1.0,4293,1296,35605,0.01
7,36908,3000,1.0,4294,1296,35612,0.01
7,36915,3001,1.0,4295,1296,35619,0.01
7,36922,3002,1.0,4296,1296,35626,0.01
7,36929,3003,1.0,4297,1296,35633,0.01
7,36936,3004,1.0,4298,1296,35640,0.01
7,36943,3005,1.0,4299,1296,35647,0.01
7,36950,3006,1.0,4300,1296,35654,0.01
7,36957,3007,1.0,4301,1296,35661,0.01
7,36964,3008,1.0,4302,1296,35668,0.01
7,36971,3009,1.0,4303,1296,35675,0.01
7,36978,3010,1.0,4304,1296,35682,0.01
7,36985,3011,1.0,4305,1296,35689,0.01
7,36992,3012,1.0,4306,1296,35696,0.01
7,36999,3013,1.0,4307,1296,35703,0.01
7,37006,3014,1.0,4308,1296,35710,0.01
6,37012,3014,0.0,4309,1297,35715,0.01
7,37019,3015,1.0,4310,1297,35722,0.01
7,37026,3016,1.0,4311,1297,35729,0.01
7,37033,3017,1.0,4312,1297,35736,0.01
7,37040,3018,1.0,4313,1297,35743,0.01
7,37047,3019,1.0,4314,1297,35750,0.01
7,37054,3020,1.0,4315,1297,35757,0.01
7,37061,3021,1.0,4316,1297,35764,0.01
7,37068,3022,1.0,4317,1298,35770,0.01
7,37075,3023,1.0,4318,1298,35777,0.01
7,37082,3024,1.0,4319,1298,35784,0.01
17,37099,3024,0.0,4320,1299,35800,0.01
7,37106,3025,1.0,4321,1299,35807,0.01
7,37113,3026,1.0,4322,1299,35814,0.01
7,37120,3027,1.0,4323,1299,35821,0.01
7,37127,3028,1.0,4324,1299,35828,0.01
7,37134,3029,1.0,4325,1299,35835,0.01
7,37141,3030,1.0,4326,1299,35842,0.01
7,37148,3031,1.0,4327,1299,35849,0.01
7,37155,3032,1.0,4328,1299,35856,0.01
7,37162,3033,1.0,4329,1299,35863,0.01
7,37169,3034,1.0,4330,1299,35870,0.01
7,37176,3035,1.0,4331,1299,35877,0.01
7,37183,3036,1.0,4332,1299,35884,0.01
7,37190,3037,1.0,4333,1299,35891,0.01
7,37197,3038,1.0,4334,1299,35898,0.01
7,37204,3039,1.0,4335,1299,35905,0.01
7,37211,3040,1.0,4336,1299,35912,0.01
7,37218,3040,0.0,4337,1300,35918,0.01
7,37225,3041,1.0,4338,1300,35925,0.01
7,37232,3042,1.0,4339,1300,35932,0.01
7,37239,3043,1.0,4340,1300,35939,0.01
5,37244,3043,0.0,4341,1301,35943,0.01
7,37251,3044,1.0,4342,1301,35950,0.01
7,37258,3045,1.0,4343,1301,35957,0.01
7,37265,3046,1.0,4344,1301,35964,0.01
7,37272,3047,1.0,4345,1301,35971,0.01
7,37279,3048,1.0,4346,1301,35978,0.01
7,37286,3049,1.0,4347,1301,35985,0.01
7,37293,3050,1.0,4348,1301,35992,0.01
7,37300,3051,1.0,4349,1301,35999,0.01
7,37307,3052,1.0,4350,1301,36006,0.01
7,37314,3053,1.0,4351,1301,36013,0.01
7,37321,3054,1.0,4352,1301,36020,0.01
7,37328,3055,1.0,4353,1301,36027,0.01
7,37335,3056,1.0,4354,1301,36034,0.01
7,37342,3057,1.0,4355,1301,36041,0.01
7,37349,3058,1.0,4356,1301,36048,0.01
7,37356,3059,1.0,4357,1301,36055,0.01
7,37363,3060,1.0,4358,1301,36062,0.01
7,37370,3061,1.0,4359,1301,36069,0.01
7,37377,3062,1.0,4360,1301,36076,0.01
7,37384,3063,1.0,4361,1301,36083,0.01
7,37391,3064,1.0,4362,1301,36090,0.01
7,37398,3065,1.0,4363,1301,36097,0.01
7,37405,3066,1.0,4364,1301,36104,0.01
7,37412,3067,1.0,4365,1301,36111,0.01
7,37419,3068,1.0,4366,1301,36118,0.01
7,37426,3069,1.0,4367,1301,36125,0.01
7,37433,3070,1.0,4368,1301,36132,0.01
7,37440,3071,1.0,4369,1301,36139,0.01
7,37447,3072,1.0,4370,1301,36146,0.01
7,37454,3073,1.0,4371,1301,36153,0.01
7,37461,3074,1.0,4372,1301,36160,0.01
7,37468,3075,1.0,4373,1301,36167,0.01
7,37475,3076,1.0,4374,1301,36174,0.01
7,37482,3077,1.0,4375,1301,36181,0.01
7,37489,3078,1.0,4376,1301,36188,0.01
7,37496,3079,1.0,4377,1301,36195,0.01
7,37503,3080,1.0,4378,1301,36202,0.01
7,37510,3081,1.0,4379,1301,36209,0.01
7,37517,3082,1.0,4380,1301,36216,0.01
7,37524,3083,1.0,4381,1301,36223,0.01
7,37531,3084,1.0,4382,1301,36230,0.01
7,37538,3085,1.0,4383,1301,36237,0.01
7,37545,3086,1.0,4384,1301,36244,0.01
7,37552,3086,0.0,4385,1302,36250,0.01
7,37559,3087,1.0,4386,1302,36257,0.01
7,37566,3088,1.0,4387,1302,36264,0.01
7,37573,3089,1.0,4388,1302,36271,0.01
7,37580,3090,1.0,4389,1302,36278,0.01
7,37587,3091,1.0,4390,1302,36285,0.01
7,37594,3092,1.0,4391,1302,36292,0.01
7,37601,3093,1.0,4392,1302,36299,0.01
7,37608,3094,1.0,4393,1302,36306,0.01
7,37615,3095,1.0,4394,1302,36313,0.01
7,37622,3096,1.0,4395,1302,36320,0.01
7,37629,3097,1.0,4396,1302,36327,0.01
7,37636,3098,1.0,4397,1302,36334,0.01
7,37643,3099,1.0,4398,1302,36341,0.01
7,37650,3100,1.0,4399,1302,36348,0.01
7,37657,3101,1.0,4400,1302,36355,0.01
7,37664,3102,1.0,4401,1303,36361,0.01
7,37671,3103,1.0,4402,1303,36368,0.01
7,37678,3104,1.0,4403,1303,36375,0.01
7,37685,3105,1.0,4404,1303,36382,0.01
7,37692,3106,1.0,4405,1303,36389,0.01
7,37699,3107,1.0,4406,1303,36396,0.01
7,37706,3108,1.0,4407,1303,36403,0.01
7,37713,3109,1.0,4408,1303,36410,0.01
7,37720,3110,1.0,4409,1303,36417,0.01
7,37727,3111,1.0,4410,1303,36424,0.01
7,37734,3112,1.0,4411,1303,36431,0.01
7,37741,3113,1.0,4412,1303,36438,0.01
7,37748,3114,1.0,4413,1303,36445,0.01
7,37755,3115,1.0,4414,1303,36452,0.01
7,37762,3116,1.0,4415,1303,36459,0.01
7,37769,3117,1.0,4416,1303,36466,0.01
7,37776,3118,1.0,4417,1303,36473,0.01
7,37783,3119,1.0,4418,1303,36480,0.01
7,37790,3120,1.0,4419,1303,36487,0.01
7,37797,3121,1.0,4420,1303,36494,0.01
22,37819,3121,0.0,4421,1304,36515,0.01
7,37826,3122,1.0,4422,1304,36522,0.01
7,37833,3123,1.0,4423,1304,36529,0.01
7,37840,3124,1.0,4424,1304,36536,0.01
7,37847,3125,1.0,4425,1304,36543,0.01
7,37854,3125,0.0,4426,1305,36549,0.01
7,37861,3126,1.0,4427,1305,36556,0.01
7,37868,3127,1.0,4428,1305,36563,0.01
7,37875,3128,1.0,4429,1305,36570,0.01
7,37882,3129,1.0,4430,1305,36577,0.01
7,37889,3130,1.0,4431,1305,36584,0.01
7,37896,3131,1.0,4432,1305,36591,0.01
7,37903,3132,1.0,4433,1305,36598,0.01
7,37910,3133,1.0,4434,1305,36605,0.01
9,37919,3133,0.0,4435,1306,36613,0.01
7,37926,3134,1.0,4436,1306,36620,0.01
7,37933,3135,1.0,4437,1306,36627,0.01
7,37940,3136,1.0,4438,1306,36634,0.01
7,37947,3137,1.0,4439,1306,36641,0.01
7,37954,3138,1.0,4440,1307,36647,0.01
7,37961,3139,1.0,4441,1307,36654,0.01
7,37968,3140,1.0,4442,1307,36661,0.01
7,37975,3141,1.0,4443,1307,36668,0.01
7,37982,3142,1.0,4444,1307,36675,0.01
7,37989,3143,1.0,4445,1307,36682,0.01
7,37996,3144,1.0,4446,1307,36689,0.01
7,38003,3145,1.0,4447,1307,36696,0.01
7,38010,3146,1.0,4448,1307,36703,0.01
7,38017,3147,1.0,4449,1307,36710,0.01
7,38024,3148,1.0,4450,1307,36717,0.01
7,38031,3149,1.0,4451,1307,36724,0.01
7,38038,3150,1.0,4452,1307,36731,0.01
7,38045,3151,1.0,4453,1307,36738,0.01
7,38052,3152,1.0,4454,1307,36745,0.01
7,38059,3153,1.0,4455,1307,36752,0.01
7,38066,3154,1.0,4456,1307,36759,0.01
7,38073,3155,1.0,4457,1307,36766,0.01
7,38080,3156,1.0,4458,1307,36773,0.01
7,38087,3157,1.0,4459,1307,36780,0.01
7,38094,3158,1.0,4460,1307,36787,0.01
7,38101,3159,1.0,4461,1307,36794,0.01
9,38110,3160,1.0,4462,1309,36801,0.01
7,38117,3161,1.0,4463,1309,36808,0.01
7,38124,3162,1.0,4464,1309,36815,0.01
7,38131,3163,1.0,4465,1309,36822,0.01
7,38138,3164,1.0,4466,1309,36829,0.01
7,38145,3165,1.0,4467,1309,36836,0.01
7,38152,3166,1.0,4468,1309,36843,0.01
7,38159,3167,1.0,4469,1309,36850,0.01
7,38166,3168,1.0,4470,1309,36857,0.01
7,38173,3169,1.0,4471,1309,36864,0.01
7,38180,3170,1.0,4472,1309,36871,0.01
7,38187,3171,1.0,4473,1309,36878,0.01
7,38194,3172,1.0,4474,1309,36885,0.01
7,38201,3173,1.0,4475,1309,36892,0.01
7,38208,3174,1.0,4476,1309,36899,0.01
7,38215,3175,1.0,4477,1309,36906,0.01
7,38222,3176,1.0,4478,1309,36913,0.01
7,38229,3177,1.0,4479,1309,36920,0.01
7,38236,3178,1.0,4480,1309,36927,0.01
7,38243,3179,1.0,4481,1309,36934,0.01
7,38250,3180,1.0,4482,1309,36941,0.01
7,38257,3181,1.0,4483,1309,36948,0.01
7,38264,3182,1.0,4484,1309,36955,0.01
7,38271,3183,1.0,4485,1309,36962,0.01
7,38278,3184,1.0,4486,1309,36969,0.01
7,38285,3185,1.0,4487,1309,36976,0.01
7,38292,3186,1.0,4488,1309,36983,0.01
7,38299,3187,1.0,4489,1309,36990,0.01
6,38305,3187,0.0,4490,1310,36995,0.01
7,38312,3188,1.0,4491,1310,37002,0.01
7,38319,3189,1.0,4492,1310,37009,0.01
7,38326,3190,1.0,4493,1310,37016,0.01
7,38333,3191,1.0,4494,1310,37023,0.01
7,38340,3192,1.0,4495,1310,37030,0.01
7,38347,3193,1.0,4496,1310,37037,0.01
7,38354,3194,1.0,4497,1310,37044,0.01
7,38361,3195,1.0,4498,1310,37051,0.01
7,38368,3196,1.0,4499,1310,37058,0.01
7,38375,3197,1.0,4500,1310,37065,0.01
7,38382,3198,1.0,4501,1310,37072,0.01
7,38389,3199,1.0,4502,1310,37079,0.01
7,38396,3200,1.0,4503,1310,37086,0.01
7,38403,3201,1.0,4504,1310,37093,0.01
7,38410,3202,1.0,4505,1310,37100,0.01
7,38417,3203,1.0,4506,1310,37107,0.01
7,38424,3204,1.0,4507,1310,37114,0.01
7,38431,3205,1.0,4508,1310,37121,0.01
7,38438,3206,1.0,4509,1310,37128,0.01
7,38445,3207,1.0,4510,1310,37135,0.01
7,38452,3208,1.0,4511,1310,37142,0.01
7,38459,3209,1.0,4512,1310,37149,0.01
7,38466,3210,1.0,4513,1310,37156,0.01
7,38473,3211,1.0,4514,1310,37163,0.01
7,38480,3212,1.0,4515,1310,37170,0.01
7,38487,3213,1.0,4516,1310,37177,0.01
7,38494,3214,1.0,4517,1310,37184,0.01
7,38501,3215,1.0,4518,1310,37191,0.01
7,38508,3216,1.0,4519,1310,37198,0.01
7,38515,3217,1.0,4520,1310,37205,0.01
7,38522,3218,1.0,4521,1310,37212,0.01
7,38529,3219,1.0,4522,1310,37219,0.01
7,38536,3220,1.0,4523,1310,37226,0.01
7,38543,3221,1.0,4524,1310,37233,0.01
7,38550,3222,1.0,4525,1310,37240,0.01
7,38557,3223,1.0,4526,1310,37247,0.01
7,38564,3224,1.0,4527,1310,37254,0.01
7,38571,3225,1.0,4528,1310,37261,0.01
7,38578,3226,1.0,4529,1310,37268,0.01
7,38585,3227,1.0,4530,1310,37275,0.01
7,38592,3228,1.0,4531,1310,37282,0.01
7,38599,3229,1.0,4532,1310,37289,0.01
7,38606,3230,1.0,4533,1310,37296,0.01
7,38613,3231,1.0,4534,1310,37303,0.01
9,38622,3232,1.0,4535,1311,37311,0.01
7,38629,3233,1.0,4536,1311,37318,0.01
7,38636,3234,1.0,4537,1311,37325,0.01
7,38643,3235,1.0,4538,1311,37332,0.01
7,38650,3236,1.0,4539,1311,37339,0.01
7,38657,3237,1.0,4540,1311,37346,0.01
7,38664,3238,1.0,4541,1311,37353,0.01
7,38671,3239,1.0,4542,1311,37360,0.01
7,38678,3240,1.0,4543,1311,37367,0.01
7,38685,3241,1.0,4544,1311,37374,0.01
7,38692,3242,1.0,4545,1311,37381,0.01
7,38699,3243,1.0,4546,1311,37388,0.01
7,38706,3244,1.0,4547,1311,37395,0.01
7,38713,3245,1.0,4548,1311,37402,0.01
6,38719,3245,0.0,4549,1312,37407,0.01
5,38724,3245,0.0,4550,1312,37412,0.01
12,38736,3245,0.0,4551,1312,37424,0.01
12,38748,3245,0.0,4552,1313,37435,0.01
11,38759,3245,0.0,4553,1313,37446,0.01
11,38770,3245,0.0,4554,1313,37457,0.01
14,38784,3245,0.0,4555,1313,37471,0.01
14,38798,3245,0.0,4556,1313,37485,0.01
6,38804,3245,0.0,4557,1313,37491,0.01
8,38812,3245,0.0,4558,1313,37499,0.01
6,38818,3245,0.0,4559,1313,37505,0.01
4,38822,3245,0.0,4560,1313,37509,0.01
4,38826,3245,0.0,4561,1313,37513,0.01
4,38830,3245,0.0,4562,1313,37517,0.01
4,38834,3245,0.0,4563,1313,37521,0.01
4,38838,3245,0.0,4564,1314,37524,0.01
8,38846,3245,0.0,4565,1314,37532,0.01
4,38850,3245,0.0,4566,1314,37536,0.01
14,38864,3245,0.0,4567,1314,37550,0.01
4,38868,3245,0.0,4568,1314,37554,0.01
13,38881,3245,0.0,4569,1314,37567,0.01
14,38895,3245,0.0,4570,1315,37580,0.01
12,38907,3245,0.0,4571,1315,37592,0.01
12,38919,3245,0.0,4572,1315,37604,0.01
14,38933,3245,0.0,4573,1315,37618,0.01
14,38947,3245,0.0,4574,1315,37632,0.01
20,38967,3245,0.0,4575,1315,37652,0.01
12,38979,3245,0.0,4576,1315,37664,0.01
13,38992,3245,0.0,4577,1316,37676,0.01
12,39004,3245,0.0,4578,1316,37688,0.01
12,39016,3245,0.0,4579,1316,37700,0.01
14,39030,3245,0.0,4580,1316,37714,0.01
14,39044,3245,0.0,4581,1316,37728,0.01
14,39058,3245,0.0,4582,1316,37742,0.01
11,39069,3245,0.0,4583,1317,37752,0.01
14,39083,3245,0.0,4584,1317,37766,0.01
4,39087,3245,0.0,4585,1317,37770,0.01
4,39091,3245,0.0,4586,1317,37774,0.01
4,39095,3245,0.0,4587,1317,37778,0.01
4,39099,3245,0.0,4588,1317,37782,0.01
19,39118,3245,0.0,4589,1317,37801,0.01
8,39126,3245,0.0,4590,1317,37809,0.01
2,39128,3245,0.0,4591,1317,37811,0.01
4,39132,3245,0.0,4592,1317,37815,0.01
6,39138,3245,0.0,4593,1317,37821,0.01
10,39148,3245,0.0,4594,1318,37830,0.01
13,39161,3245,0.0,4595,1318,37843,0.01
8,39169,3245,0.0,4596,1318,37851,0.01
6,39175,3245,0.0,4597,1318,37857,0.01
4,39179,3245,0.0,4598,1318,37861,0.01
14,39193,3245,0.0,4599,1318,37875,0.01
14,39207,3245,0.0,4600,1318,37889,0.01
4,39211,3245,0.0,4601,1318,37893,0.01
4,39215,3245,0.0,4602,1318,37897,0.01
14,39229,3245,0.0,4603,1318,37911,0.01
32,39261,3245,0.0,4604,1318,37943,0.01
13,39274,3245,0.0,4605,1318,37956,0.01
15,39289,3245,0.0,4606,1318,37971,0.01
13,39302,3245,0.0,4607,1318,37984,0.01
30,39332,3246,1.0,4608,1318,38014,0.01
10,39342,3246,0.0,4609,1318,38024,0.01
4,39346,3246,0.0,4610,1318,38028,0.01
6,39352,3246,0.0,4611,1318,38034,0.01
3,39355,3246,0.0,4612,1318,38037,0.01
13,39368,3246,0.0,4613,1318,38050,0.01
14,39382,3246,0.0,4614,1318,38064,0.01
7,39389,3246,0.0,4615,1318,38071,0.01
12,39401,3246,0.0,4616,1318,38083,0.01
24,39425,3246,0.0,4617,1319,38106,0.01
12,39437,3246,0.0,4618,1319,38118,0.01
12,39449,3246,0.0,4619,1319,38130,0.01
12,39461,3246,0.0,4620,1319,38142,0.01
12,39473,3246,0.0,4621,1319,38154,0.01
12,39485,3246,0.0,4622,1319,38166,0.01
12,39497,3246,0.0,4623,1319,38178,0.01
12,39509,3246,0.0,4624,1319,38190,0.01
12,39521,3246,0.0,4625,1319,38202,0.01
12,39533,3246,0.0,4626,1319,38214,0.01
12,39545,3246,0.0,4627,1319,38226,0.01
12,39557,3246,0.0,4628,1319,38238,0.01
12,39569,3246,0.0,4629,1319,38250,0.01
12,39581,3246,0.0,4630,1319,38262,0.01
14,39595,3246,0.0,4631,1319,38276,0.01
14,39609,3246,0.0,4632,1319,38290,0.01
14,39623,3246,0.0,4633,1320,38303,0.01
14,39637,3246,0.0,4634,1320,38317,0.01
14,39651,3246,0.0,4635,1320,38331,0.01
4,39655,3246,0.0,4636,1320,38335,0.01
14,39669,3246,0.0,4637,1320,38349,0.01
12,39681,3246,0.0,4638,1320,38361,0.01
4,39685,3246,0.0,4639,1320,38365,0.01
12,39697,3246,0.0,4640,1320,38377,0.01
4,39701,3246,0.0,4641,1320,38381,0.01
5,39706,3246,0.0,4642,1320,38386,0.01
14,39720,3246,0.0,4643,1320,38400,0.01
10,39730,3246,0.0,4644,1320,38410,0.01
4,39734,3246,0.0,4645,1320,38414,0.01
21,39755,3246,0.0,4646,1320,38435,0.01
4,39759,3246,0.0,4647,1320,38439,0.01
14,39773,3246,0.0,4648,1320,38453,0.01
18,39791,3246,0.0,4649,1321,38470,0.01
3,39794,3246,0.0,4650,1321,38473,0.01
12,39806,3246,0.0,4651,1321,38485,0.01
16,39822,3246,0.0,4652,1321,38501,0.01
5,39827,3246,0.0,4653,1322,38505,0.01
47,39874,3246,0.0,4654,1323,38551,0.01
23,39897,3246,0.0,4655,1323,38574,0.01
10,39907,3246,0.0,4656,1323,38584,0.01
4,39911,3246,0.0,4657,1323,38588,0.01
4,39915,3246,0.0,4658,1323,38592,0.01
4,39919,3246,0.0,4659,1323,38596,0.01
8,39927,3246,0.0,4660,1323,38604,0.01
9,39936,3247,1.0,4661,1323,38613,0.01
9,39945,3248,1.0,4662,1323,38622,0.01
9,39954,3249,1.0,4663,1323,38631,0.01
9,39963,3250,1.0,4664,1323,38640,0.01
9,39972,3251,1.0,4665,1323,38649,0.01
9,39981,3252,1.0,4666,1323,38658,0.01
9,39990,3253,1.0,4667,1323,38667,0.01
9,39999,3254,1.0,4668,1323,38676,0.01
9,40008,3255,1.0,4669,1323,38685,0.01
9,40017,3256,1.0,4670,1324,38693,0.01
9,40026,3257,1.0,4671,1324,38702,0.01
9,40035,3258,1.0,4672,1324,38711,0.01
8,40043,3258,0.0,4673,1325,38718,0.01
9,40052,3259,1.0,4674,1325,38727,0.01
9,40061,3260,1.0,4675,1325,38736,0.01
9,40070,3261,1.0,4676,1325,38745,0.01
9,40079,3262,1.0,4677,1325,38754,0.01
9,40088,3263,1.0,4678,1325,38763,0.01
9,40097,3264,1.0,4679,1325,38772,0.01
9,40106,3265,1.0,4680,1325,38781,0.01
9,40115,3266,1.0,4681,1325,38790,0.01
9,40124,3267,1.0,4682,1325,38799,0.01
9,40133,3268,1.0,4683,1325,38808,0.01
9,40142,3269,1.0,4684,1325,38817,0.01
9,40151,3270,1.0,4685,1325,38826,0.01
9,40160,3271,1.0,4686,1325,38835,0.01
9,40169,3272,1.0,4687,1325,38844,0.01
9,40178,3273,1.0,4688,1325,38853,0.01
9,40187,3274,1.0,4689,1325,38862,0.01
9,40196,3275,1.0,4690,1325,38871,0.01
9,40205,3276,1.0,4691,1325,38880,0.01
22,40227,3276,0.0,4692,1327,38900,0.01
9,40236,3277,1.0,4693,1327,38909,0.01
9,40245,3278,1.0,4694,1327,38918,0.01
9,40254,3279,1.0,4695,1327,38927,0.01
9,40263,3280,1.0,4696,1327,38936,0.01
9,40272,3281,1.0,4697,1327,38945,0.01
9,40281,3282,1.0,4698,1327,38954,0.01
9,40290,3283,1.0,4699,1327,38963,0.01
9,40299,3284,1.0,4700,1327,38972,0.01
9,40308,3285,1.0,4701,1327,38981,0.01
9,40317,3286,1.0,4702,1327,38990,0.01
9,40326,3287,1.0,4703,1327,38999,0.01
9,40335,3288,1.0,4704,1327,39008,0.01
9,40344,3289,1.0,4705,1327,39017,0.01
9,40353,3290,1.0,4706,1327,39026,0.01
9,40362,3291,1.0,4707,1327,39035,0.01
9,40371,3292,1.0,4708,1327,39044,0.01
9,40380,3293,1.0,4709,1327,39053,0.01
9,40389,3294,1.0,4710,1327,39062,0.01
9,40398,3295,1.0,4711,1327,39071,0.01
9,40407,3296,1.0,4712,1327,39080,0.01
9,40416,3297,1.0,4713,1327,39089,0.01
9,40425,3298,1.0,4714,1327,39098,0.01
9,40434,3299,1.0,4715,1327,39107,0.01
9,40443,3300,1.0,4716,1327,39116,0.01
9,40452,3301,1.0,4717,1327,39125,0.01
9,40461,3302,1.0,4718,1327,39134,0.01
10,40471,3302,0.0,4719,1328,39143,0.01
5,40476,3302,0.0,4720,1328,39148,0.01
9,40485,3303,1.0,4721,1328,39157,0.01
9,40494,3304,1.0,4722,1328,39166,0.01
9,40503,3305,1.0,4723,1328,39175,0.01
9,40512,3306,1.0,4724,1328,39184,0.01
9,40521,3307,1.0,4725,1328,39193,0.01
9,40530,3308,1.0,4726,1328,39202,0.01
9,40539,3309,1.0,4727,1328,39211,0.01
9,40548,3310,1.0,4728,1328,39220,0.01
9,40557,3311,1.0,4729,1328,39229,0.01
9,40566,3312,1.0,4730,1328,39238,0.01
9,40575,3313,1.0,4731,1328,39247,0.01
9,40584,3314,1.0,4732,1328,39256,0.01
9,40593,3315,1.0,4733,1328,39265,0.01
9,40602,3316,1.0,4734,1328,39274,0.01
9,40611,3317,1.0,4735,1328,39283,0.01
9,40620,3318,1.0,4736,1328,39292,0.01
9,40629,3319,1.0,4737,1328,39301,0.01
9,40638,3320,1.0,4738,1328,39310,0.01
9,40647,3321,1.0,4739,1328,39319,0.01
9,40656,3322,1.0,4740,1328,39328,0.01
9,40665,3323,1.0,4741,1328,39337,0.01
9,40674,3324,1.0,4742,1328,39346,0.01
9,40683,3325,1.0,4743,1328,39355,0.01
9,40692,3326,1.0,4744,1328,39364,0.01
23,40715,3326,0.0,4745,1330,39385,0.01
9,40724,3327,1.0,4746,1330,39394,0.01
9,40733,3328,1.0,4747,1330,39403,0.01
9,40742,3329,1.0,4748,1330,39412,0.01
9,40751,3330,1.0,4749,1330,39421,0.01
9,40760,3331,1.0,4750,1330,39430,0.01
9,40769,3332,1.0,4751,1330,39439,0.01
9,40778,3333,1.0,4752,1330,39448,0.01
4,40782,3333,0.0,4753,1331,39451,0.01
9,40791,3334,1.0,4754,1331,39460,0.01
10,40801,3334,0.0,4755,1332,39469,0.01
9,40810,3335,1.0,4756,1332,39478,0.01
9,40819,3336,1.0,4757,1332,39487,0.01
9,40828,3337,1.0,4758,1332,39496,0.01
9,40837,3338,1.0,4759,1332,39505,0.01
9,40846,3339,1.0,4760,1332,39514,0.01
9,40855,3340,1.0,4761,1332,39523,0.01
9,40864,3341,1.0,4762,1332,39532,0.01
16,40880,3341,0.0,4763,1333,39547,0.01
17,40897,3342,1.0,4764,1333,39564,0.01
9,40906,3343,1.0,4765,1333,39573,0.01
9,40915,3344,1.0,4766,1333,39582,0.01
9,40924,3345,1.0,4767,1333,39591,0.01
9,40933,3346,1.0,4768,1333,39600,0.01
9,40942,3347,1.0,4769,1333,39609,0.01
9,40951,3348,1.0,4770,1333,39618,0.01
9,40960,3349,1.0,4771,1333,39627,0.01
9,40969,3350,1.0,4772,1333,39636,0.01
9,40978,3351,1.0,4773,1333,39645,0.01
4,40982,3351,0.0,4774,1334,39648,0.01
39,41021,3351,0.0,4775,1334,39687,0.01
4,41025,3351,0.0,4776,1334,39691,0.01
4,41029,3351,0.0,4777,1334,39695,0.01
4,41033,3351,0.0,4778,1334,39699,0.01
20,41053,3351,0.0,4779,1334,39719,0.01
6,41059,3351,0.0,4780,1334,39725,0.01
8,41067,3351,0.0,4781,1334,39733,0.01
4,41071,3351,0.0,4782,1334,39737,0.01
4,41075,3351,0.0,4783,1334,39741,0.01
8,41083,3351,0.0,4784,1335,39748,0.01
2,41085,3351,0.0,4785,1335,39750,0.01
4,41089,3351,0.0,4786,1335,39754,0.01
4,41093,3351,0.0,4787,1335,39758,0.01
4,41097,3351,0.0,4788,1335,39762,0.01
4,41101,3351,0.0,4789,1335,39766,0.01
4,41105,3351,0.0,4790,1335,39770,0.01
9,41114,3352,1.0,4791,1335,39779,0.01
8,41122,3352,0.0,4792,1335,39787,0.01
4,41126,3352,0.0,4793,1335,39791,0.01
8,41134,3352,0.0,4794,1335,39799,0.01
8,41142,3352,0.0,4795,1335,39807,0.01
8,41150,3352,0.0,4796,1335,39815,0.01
4,41154,3352,0.0,4797,1335,39819,0.01
4,41158,3352,0.0,4798,1335,39823,0.01
4,41162,3352,0.0,4799,1335,39827,0.01
4,41166,3352,0.0,4800,1335,39831,0.01
8,41174,3352,0.0,4801,1335,39839,0.01
9,41183,3353,1.0,4802,1335,39848,0.01
10,41193,3353,0.0,4803,1335,39858,0.01
10,41203,3353,0.0,4804,1335,39868,0.01
4,41207,3353,0.0,4805,1335,39872,0.01
4,41211,3353,0.0,4806,1335,39876,0.01
4,41215,3353,0.0,4807,1336,39879,0.01
4,41219,3353,0.0,4808,1336,39883,0.01
4,41223,3353,0.0,4809,1336,39887,0.01
4,41227,3353,0.0,4810,1336,39891,0.01
4,41231,3353,0.0,4811,1336,39895,0.01
8,41239,3353,0.0,4812,1337,39902,0.01
8,41247,3353,0.0,4813,1337,39910,0.01
8,41255,3353,0.0,4814,1338,39917,0.01
8,41263,3353,0.0,4815,1338,39925,0.01
2,41265,3353,0.0,4816,1339,39926,0.01
4,41269,3353,0.0,4817,1339,39930,0.01
4,41273,3353,0.0,4818,1339,39934,0.01
4,41277,3353,0.0,4819,1339,39938,0.01
2,41279,3353,0.0,4820,1340,39939,0.01
4,41283,3353,0.0,4821,1340,39943,0.01
4,41287,3353,0.0,4822,1340,39947,0.01
4,41291,3353,0.0,4823,1340,39951,0.01
8,41299,3353,0.0,4824,1340,39959,0.01
4,41303,3353,0.0,4825,1340,39963,0.01
8,41311,3353,0.0,4826,1340,39971,0.01
5,41316,3353,0.0,4827,1340,39976,0.01
9,41325,3354,1.0,4828,1340,39985,0.01
8,41333,3354,0.0,4829,1340,39993,0.01
9,41342,3355,1.0,4830,1340,40002,0.01
6,41348,3355,0.0,4831,1340,40008,0.01
9,41357,3356,1.0,4832,1340,40017,0.01
9,41366,3357,1.0,4833,1340,40026,0.01
9,41375,3358,1.0,4834,1340,40035,0.01
9,41384,3359,1.0,4835,1340,40044,0.01
4,41388,3359,0.0,4836,1341,40047,0.01
9,41397,3360,1.0,4837,1341,40056,0.01
9,41406,3361,1.0,4838,1341,40065,0.01
9,41415,3362,1.0,4839,1341,40074,0.01
9,41424,3363,1.0,4840,1341,40083,0.01
9,41433,3364,1.0,4841,1341,40092,0.01
9,41442,3365,1.0,4842,1341,40101,0.01
9,41451,3366,1.0,4843,1341,40110,0.01
9,41460,3367,1.0,4844,1341,40119,0.01
9,41469,3368,1.0,4845,1341,40128,0.01
9,41478,3369,1.0,4846,1341,40137,0.01
9,41487,3370,1.0,4847,1341,40146,0.01
9,41496,3371,1.0,4848,1341,40155,0.01
9,41505,3372,1.0,4849,1341,40164,0.01
9,41514,3373,1.0,4850,1341,40173,0.01
9,41523,3374,1.0,4851,1341,40182,0.01
9,41532,3375,1.0,4852,1341,40191,0.01
9,41541,3376,1.0,4853,1341,40200,0.01
9,41550,3377,1.0,4854,1341,40209,0.01
9,41559,3378,1.0,4855,1341,40218,0.01
9,41568,3379,1.0,4856,1341,40227,0.01
9,41577,3380,1.0,4857,1341,40236,0.01
9,41586,3381,1.0,4858,1341,40245,0.01
9,41595,3382,1.0,4859,1341,40254,0.01
9,41604,3383,1.0,4860,1341,40263,0.01
9,41613,3384,1.0,4861,1341,40272,0.01
9,41622,3385,1.0,4862,1341,40281,0.01
9,41631,3386,1.0,4863,1341,40290,0.01
9,41640,3387,1.0,4864,1341,40299,0.01
9,41649,3388,1.0,4865,1341,40308,0.01
9,41658,3389,1.0,4866,1341,40317,0.01
9,41667,3390,1.0,4867,1341,40326,0.01
9,41676,3391,1.0,4868,1341,40335,0.01
9,41685,3392,1.0,4869,1341,40344,0.01
9,41694,3393,1.0,4870,1341,40353,0.01
9,41703,3394,1.0,4871,1341,40362,0.01
9,41712,3395,1.0,4872,1341,40371,0.01
9,41721,3396,1.0,4873,1341,40380,0.01
9,41730,3397,1.0,4874,1341,40389,0.01
9,41739,3398,1.0,4875,1341,40398,0.01
9,41748,3399,1.0,4876,1341,40407,0.01
9,41757,3400,1.0,4877,1342,40415,0.01
6,41763,3400,0.0,4878,1343,40420,0.01
9,41772,3401,1.0,4879,1343,40429,0.01
9,41781,3402,1.0,4880,1343,40438,0.01
9,41790,3403,1.0,4881,1343,40447,0.01
9,41799,3404,1.0,4882,1344,40455,0.01
9,41808,3405,1.0,4883,1344,40464,0.01
9,41817,3406,1.0,4884,1344,40473,0.01
9,41826,3407,1.0,4885,1344,40482,0.01
9,41835,3408,1.0,4886,1344,40491,0.01
9,41844,3409,1.0,4887,1344,40500,0.01
9,41853,3410,1.0,4888,1344,40509,0.01
9,41862,3411,1.0,4889,1344,40518,0.01
9,41871,3412,1.0,4890,1344,40527,0.01
9,41880,3413,1.0,4891,1344,40536,0.01
9,41889,3414,1.0,4892,1344,40545,0.01
9,41898,3415,1.0,4893,1344,40554,0.01
9,41907,3416,1.0,4894,1344,40563,0.01
9,41916,3417,1.0,4895,1344,40572,0.01
9,41925,3418,1.0,4896,1344,40581,0.01
10,41935,3418,0.0,4897,1345,40590,0.01
22,41957,3418,0.0,4898,1347,40610,0.01
9,41966,3419,1.0,4899,1347,40619,0.01
9,41975,3420,1.0,4900,1347,40628,0.01
10,41985,3420,0.0,4901,1347,40638,0.01
10,41995,3420,0.0,4902,1348,40647,0.01
10,42005,3420,0.0,4903,1348,40657,0.01
4,42009,3420,0.0,4904,1348,40661,0.01
9,42018,3421,1.0,4905,1348,40670,0.01
4,42022,3421,0.0,4906,1348,40674,0.01
4,42026,3421,0.0,4907,1348,40678,0.01
4,42030,3421,0.0,4908,1348,40682,0.01
4,42034,3421,0.0,4909,1348,40686,0.01
4,42038,3421,0.0,4910,1348,40690,0.01
9,42047,3422,1.0,4911,1348,40699,0.01
4,42051,3422,0.0,4912,1348,40703,0.01
4,42055,3422,0.0,4913,1348,40707,0.01
4,42059,3422,0.0,4914,1348,40711,0.01
4,42063,3422,0.0,4915,1348,40715,0.01
4,42067,3422,0.0,4916,1348,40719,0.01
4,42071,3422,0.0,4917,1348,40723,0.01
9,42080,3423,1.0,4918,1348,40732,0.01
4,42084,3423,0.0,4919,1348,40736,0.01
4,42088,3423,0.0,4920,1348,40740,0.01
4,42092,3423,0.0,4921,1348,40744,0.01
4,42096,3423,0.0,4922,1348,40748,0.01
4,42100,3423,0.0,4923,1348,40752,0.01
4,42104,3423,0.0,4924,1348,40756,0.01
4,42108,3423,0.0,4925,1348,40760,0.01
9,42117,3424,1.0,4926,1348,40769,0.01
9,42126,3425,1.0,4927,1348,40778,0.01
4,42130,3425,0.0,4928,1349,40781,0.01
4,42134,3425,0.0,4929,1349,40785,0.01
46,42180,3425,0.0,4930,1349,40831,0.01
8,42188,3425,0.0,4931,1349,40839,0.01
8,42196,3425,0.0,4932,1349,40847,0.01
10,42206,3425,0.0,4933,1349,40857,0.01
4,42210,3425,0.0,4934,1349,40861,0.01
9,42219,3426,1.0,4935,1349,40870,0.01
4,42223,3426,0.0,4936,1349,40874,0.01
4,42227,3426,0.0,4937,1349,40878,0.01
4,42231,3426,0.0,4938,1349,40882,0.01
9,42240,3427,1.0,4939,1349,40891,0.01
4,42244,3427,0.0,4940,1349,40895,0.01
4,42248,3427,0.0,4941,1349,40899,0.01
4,42252,3427,0.0,4942,1349,40903,0.01
4,42256,3427,0.0,4943,1349,40907,0.01
4,42260,3427,0.0,4944,1349,40911,0.01
4,42264,3427,0.0,4945,1349,40915,0.01
9,42273,3428,1.0,4946,1349,40924,0.01
4,42277,3428,0.0,4947,1349,40928,0.01
4,42281,3428,0.0,4948,1349,40932,0.01
4,42285,3428,0.0,4949,1349,40936,0.01
4,42289,3428,0.0,4950,1349,40940,0.01
4,42293,3428,0.0,4951,1349,40944,0.01
4,42297,3428,0.0,4952,1349,40948,0.01
4,42301,3428,0.0,4953,1349,40952,0.01
9,42310,3429,1.0,4954,1349,40961,0.01
4,42314,3429,0.0,4955,1349,40965,0.01
4,42318,3429,0.0,4956,1349,40969,0.01
4,42322,3429,0.0,4957,1349,40973,0.01
47,42369,3429,0.0,4958,1350,41019,0.01
47,42416,3429,0.0,4959,1350,41066,0.01
54,42470,3429,0.0,4960,1352,41118,0.01
4,42474,3429,0.0,4961,1352,41122,0.01
4,42478,3429,0.0,4962,1352,41126,0.01
4,42482,3429,0.0,4963,1352,41130,0.01
4,42486,3429,0.0,4964,1352,41134,0.01
9,42495,3430,1.0,4965,1352,41143,0.01
4,42499,3430,0.0,4966,1352,41147,0.01
4,42503,3430,0.0,4967,1352,41151,0.01
4,42507,3430,0.0,4968,1352,41155,0.01
4,42511,3430,0.0,4969,1352,41159,0.01
4,42515,3430,0.0,4970,1352,41163,0.01
4,42519,3430,0.0,4971,1352,41167,0.01
4,42523,3430,0.0,4972,1352,41171,0.01
4,42527,3430,0.0,4973,1352,41175,0.01
21,42548,3430,0.0,4974,1352,41196,0.01
8,42556,3430,0.0,4975,1352,41204,0.01
54,42610,3430,0.0,4976,1352,41258,0.01
2,42612,3430,0.0,4977,1352,41260,0.01
4,42616,3430,0.0,4978,1352,41264,0.01
8,42624,3430,0.0,4979,1352,41272,0.01
8,42632,3430,0.0,4980,1352,41280,0.01
8,42640,3430,0.0,4981,1352,41288,0.01
22,42662,3430,0.0,4982,1352,41310,0.01
19,42681,3430,0.0,4983,1352,41329,0.01
59,42740,3430,0.0,4984,1352,41388,0.01
15,42755,3430,0.0,4985,1352,41403,0.01
10,42765,3430,0.0,4986,1352,41413,0.01
11,42776,3430,0.0,4987,1352,41424,0.01
4,42780,3430,0.0,4988,1352,41428,0.01
4,42784,3430,0.0,4989,1352,41432,0.01
8,42792,3430,0.0,4990,1352,41440,0.01
10,42802,3430,0.0,4991,1352,41450,0.01
10,42812,3430,0.0,4992,1352,41460,0.01
11,42823,3430,0.0,4993,1352,41471,0.01
8,42831,3430,0.0,4994,1352,41479,0.01
8,42839,3430,0.0,4995,1352,41487,0.01
4,42843,3430,0.0,4996,1352,41491,0.01
9,42852,3431,1.0,4997,1352,41500,0.01
21,42873,3431,0.0,4998,1352,41521,0.01
21,42894,3431,0.0,4999,1352,41542,0.01
67,42961,3431,0.0,5000,1353,41608,0.01
84,43045,3431,0.0,5001,1354,41691,0.01
29,43074,3431,0.0,5002,1355,41719,0.01
16,43090,3431,0.0,5003,1355,41735,0.01
67,43157,3431,0.0,5004,1355,41802,0.01
67,43224,3431,0.0,5005,1355,41869,0.01
16,43240,3431,0.0,5006,1355,41885,0.01
67,43307,3431,0.0,5007,1355,41952,0.01
3,43310,3431,0.0,5008,1356,41954,0.01
80,43390,3431,0.0,5009,1356,42034,0.01
67,43457,3431,0.0,5010,1356,42101,0.01
8,43465,3431,0.0,5011,1357,42108,0.01
8,43473,3431,0.0,5012,1357,42116,0.01
8,43481,3431,0.0,5013,1357,42124,0.01
8,43489,3431,0.0,5014,1357,42132,0.01
16,43505,3431,0.0,5015,1357,42148,0.01
67,43572,3431,0.0,5016,1357,42215,0.01
16,43588,3431,0.0,5017,1357,42231,0.01
67,43655,3431,0.0,5018,1357,42298,0.01
70,43725,3431,0.0,5019,1358,42367,0.01
27,43752,3431,0.0,5020,1359,42393,0.01
20,43772,3431,0.0,5021,1359,42413,0.01
17,43789,3431,0.0,5022,1360,42429,0.01
31,43820,3431,0.0,5023,1360,42460,0.01
35,43855,3432,1.0,5024,1360,42495,0.01
29,43884,3433,1.0,5025,1360,42524,0.01
29,43913,3434,1.0,5026,1360,42553,0.01
29,43942,3435,1.0,5027,1360,42582,0.01
29,43971,3436,1.0,5028,1360,42611,0.01
29,44000,3437,1.0,5029,1360,42640,0.01
29,44029,3438,1.0,5030,1360,42669,0.01
29,44058,3439,1.0,5031,1360,42698,0.01
29,44087,3440,1.0,5032,1360,42727,0.01
19,44106,3440,0.0,5033,1361,42745,0.01
29,44135,3441,1.0,5034,1361,42774,0.01
29,44164,3442,1.0,5035,1361,42803,0.01
29,44193,3443,1.0,5036,1361,42832,0.01
29,44222,3444,1.0,5037,1362,42860,0.01
29,44251,3445,1.0,5038,1362,42889,0.01
29,44280,3446,1.0,5039,1362,42918,0.01
29,44309,3447,1.0,5040,1362,42947,0.01
29,44338,3448,1.0,5041,1362,42976,0.01
29,44367,3449,1.0,5042,1362,43005,0.01
29,44396,3450,1.0,5043,1362,43034,0.01
29,44425,3451,1.0,5044,1362,43063,0.01
29,44454,3452,1.0,5045,1362,43092,0.01
29,44483,3453,1.0,5046,1362,43121,0.01
29,44512,3454,1.0,5047,1362,43150,0.01
29,44541,3455,1.0,5048,1362,43179,0.01
29,44570,3456,1.0,5049,1363,43207,0.01
29,44599,3457,1.0,5050,1363,43236,0.01
29,44628,3458,1.0,5051,1363,43265,0.01
29,44657,3459,1.0,5052,1363,43294,0.01
29,44686,3460,1.0,5053,1363,43323,0.01
29,44715,3461,1.0,5054,1363,43352,0.01
29,44744,3462,1.0,5055,1363,43381,0.01
29,44773,3463,1.0,5056,1363,43410,0.01
29,44802,3464,1.0,5057,1363,43439,0.01
29,44831,3465,1.0,5058,1363,43468,0.01
29,44860,3466,1.0,5059,1363,43497,0.01
29,44889,3467,1.0,5060,1363,43526,0.01
29,44918,3468,1.0,5061,1363,43555,0.01
29,44947,3469,1.0,5062,1363,43584,0.01
29,44976,3470,1.0,5063,1363,43613,0.01
29,45005,3471,1.0,5064,1364,43641,0.01
29,45034,3472,1.0,5065,1365,43669,0.01
29,45063,3473,1.0,5066,1365,43698,0.01
29,45092,3474,1.0,5067,1365,43727,0.01
29,45121,3475,1.0,5068,1365,43756,0.01
29,45150,3476,1.0,5069,1365,43785,0.01
29,45179,3477,1.0,5070,1365,43814,0.01
29,45208,3478,1.0,5071,1365,43843,0.01
23,45231,3478,0.0,5072,1366,43865,0.01
11,45242,3478,0.0,5073,1366,43876,0.01
8,45250,3478,0.0,5074,1366,43884,0.01
10,45260,3478,0.0,5075,1366,43894,0.01
10,45270,3478,0.0,5076,1366,43904,0.01
10,45280,3478,0.0,5077,1366,43914,0.01
10,45290,3478,0.0,5078,1366,43924,0.01
10,45300,3478,0.0,5079,1366,43934,0.01
13,45313,3478,0.0,5080,1366,43947,0.01
10,45323,3478,0.0,5081,1366,43957,0.01
31,45354,3478,0.0,5082,1367,43987,0.01
11,45365,3478,0.0,5083,1367,43998,0.01
11,45376,3478,0.0,5084,1367,44009,0.01
15,45391,3478,0.0,5085,1367,44024,0.01
12,45403,3478,0.0,5086,1367,44036,0.01
20,45423,3478,0.0,5087,1367,44056,0.01
8,45431,3478,0.0,5088,1367,44064,0.01
10,45441,3478,0.0,5089,1367,44074,0.01
10,45451,3478,0.0,5090,1367,44084,0.01
8,45459,3478,0.0,5091,1367,44092,0.01
10,45469,3478,0.0,5092,1367,44102,0.01
8,45477,3478,0.0,5093,1367,44110,0.01
13,45490,3478,0.0,5094,1368,44122,0.01
15,45505,3478,0.0,5095,1368,44137,0.01
8,45513,3478,0.0,5096,1368,44145,0.01
15,45528,3478,0.0,5097,1368,44160,0.01
20,45548,3478,0.0,5098,1368,44180,0.01
11,45559,3478,0.0,5099,1368,44191,0.01
23,45582,3478,0.0,5100,1368,44214,0.01
10,45592,3478,0.0,5101,1368,44224,0.01
8,45600,3478,0.0,5102,1368,44232,0.01
11,45611,3478,0.0,5103,1368,44243,0.01
33,45644,3478,0.0,5104,1369,44275,0.01
20,45664,3478,0.0,5105,1370,44294,0.01
11,45675,3478,0.0,5106,1370,44305,0.01
2,45677,3478,0.0,5107,1370,44307,0.01
5,45682,3478,0.0,5108,1370,44312,0.01
5,45687,3478,0.0,5109,1370,44317,0.01
5,45692,3478,0.0,5110,1370,44322,0.01
5,45697,3478,0.0,5111,1370,44327,0.01
4,45701,3478,0.0,5112,1370,44331,0.01
4,45705,3478,0.0,5113,1371,44334,0.01
4,45709,3478,0.0,5114,1371,44338,0.01
4,45713,3478,0.0,5115,1371,44342,0.01
4,45717,3478,0.0,5116,1371,44346,0.01
21,45738,3478,0.0,5117,1372,44366,0.01
25,45763,3478,0.0,5118,1372,44391,0.01
4,45767,3478,0.0,5119,1372,44395,0.01
2,45769,3478,0.0,5120,1372,44397,0.01
4,45773,3478,0.0,5121,1372,44401,0.01
4,45777,3478,0.0,5122,1372,44405,0.01
4,45781,3478,0.0,5123,1372,44409,0.01
38,45819,3478,0.0,5124,1373,44446,0.01
14,45833,3478,0.0,5125,1373,44460,0.01
2,45835,3478,0.0,5126,1373,44462,0.01
6,45841,3478,0.0,5127,1373,44468,0.01
12,45853,3478,0.0,5128,1373,44480,0.01
6,45859,3478,0.0,5129,1373,44486,0.01
6,45865,3478,0.0,5130,1373,44492,0.01
6,45871,3478,0.0,5131,1373,44498,0.01
6,45877,3478,0.0,5132,1373,44504,0.01
6,45883,3478,0.0,5133,1373,44510,0.01
6,45889,3478,0.0,5134,1373,44516,0.01
6,45895,3478,0.0,5135,1373,44522,0.01
6,45901,3478,0.0,5136,1373,44528,0.01
4,45905,3478,0.0,5137,1373,44532,0.01
4,45909,3478,0.0,5138,1373,44536,0.01
4,45913,3478,0.0,5139,1373,44540,0.01
4,45917,3478,0.0,5140,1373,44544,0.01
4,45921,3478,0.0,5141,1373,44548,0.01
4,45925,3478,0.0,5142,1373,44552,0.01
4,45929,3478,0.0,5143,1373,44556,0.01
4,45933,3478,0.0,5144,1373,44560,0.01
4,45937,3478,0.0,5145,1373,44564,0.01
4,45941,3478,0.0,5146,1373,44568,0.01
4,45945,3478,0.0,5147,1373,44572,0.01
4,45949,3478,0.0,5148,1373,44576,0.01
6,45955,3478,0.0,5149,1373,44582,0.01
10,45965,3478,0.0,5150,1373,44592,0.01
4,45969,3478,0.0,5151,1373,44596,0.01
8,45977,3478,0.0,5152,1373,44604,0.01
10,45987,3478,0.0,5153,1373,44614,0.01
14,46001,3478,0.0,5154,1373,44628,0.01
15,46016,3478,0.0,5155,1373,44643,0.01
15,46031,3478,0.0,5156,1374,44657,0.01
15,46046,3478,0.0,5157,1374,44672,0.01
15,46061,3478,0.0,5158,1374,44687,0.01
15,46076,3478,0.0,5159,1374,44702,0.01
38,46114,3478,0.0,5160,1375,44739,0.01
15,46129,3478,0.0,5161,1376,44753,0.01
4,46133,3478,0.0,5162,1376,44757,0.01
15,46148,3478,0.0,5163,1376,44772,0.01
4,46152,3478,0.0,5164,1376,44776,0.01
15,46167,3478,0.0,5165,1376,44791,0.01
4,46171,3478,0.0,5166,1376,44795,0.01
70,46241,3478,0.0,5167,1376,44865,0.01
15,46256,3478,0.0,5168,1376,44880,0.01
6,46262,3478,0.0,5169,1376,44886,0.01
10,46272,3478,0.0,5170,1376,44896,0.01
53,46325,3478,0.0,5171,1376,44949,0.01
3,46328,3478,0.0,5172,1376,44952,0.01
6,46334,3478,0.0,5173,1376,44958,0.01
4,46338,3478,0.0,5174,1376,44962,0.01
10,46348,3478,0.0,5175,1376,44972,0.01
2,46350,3478,0.0,5176,1376,44974,0.01
9,46359,3478,0.0,5177,1376,44983,0.01
16,46375,3478,0.0,5178,1376,44999,0.01
13,46388,3478,0.0,5179,1376,45012,0.01
2,46390,3478,0.0,5180,1376,45014,0.01
2,46392,3478,0.0,5181,1376,45016,0.01
2,46394,3478,0.0,5182,1376,45018,0.01
16,46410,3478,0.0,5183,1376,45034,0.01
20,46430,3478,0.0,5184,1376,45054,0.01
16,46446,3478,0.0,5185,1376,45070,0.01
18,46464,3478,0.0,5186,1376,45088,0.01
6,46470,3478,0.0,5187,1376,45094,0.01
6,46476,3478,0.0,5188,1376,45100,0.01
6,46482,3478,0.0,5189,1376,45106,0.01
6,46488,3478,0.0,5190,1376,45112,0.01
6,46494,3478,0.0,5191,1376,45118,0.01
6,46500,3478,0.0,5192,1376,45124,0.01
6,46506,3478,0.0,5193,1377,45129,0.01
6,46512,3478,0.0,5194,1377,45135,0.01
6,46518,3478,0.0,5195,1377,45141,0.01
6,46524,3478,0.0,5196,1377,45147,0.01
6,46530,3478,0.0,5197,1377,45153,0.01
6,46536,3478,0.0,5198,1377,45159,0.01
6,46542,3478,0.0,5199,1377,45165,0.01
6,46548,3478,0.0,5200,1377,45171,0.01
6,46554,3478,0.0,5201,1377,45177,0.01
27,46581,3478,0.0,5202,1378,45203,0.01
29,46610,3479,1.0,5203,1382,45228,0.01
9,46619,3480,1.0,5204,1382,45237,0.01
4,46623,3480,0.0,5205,1382,45241,0.01
10,46633,3480,0.0,5206,1382,45251,0.01
6,46639,3480,0.0,5207,1382,45257,0.01
10,46649,3480,0.0,5208,1383,45266,0.01
6,46655,3480,0.0,5209,1383,45272,0.01
6,46661,3480,0.0,5210,1383,45278,0.01
29,46690,3481,1.0,5211,1384,45306,0.01
29,46719,3482,1.0,5212,1384,45335,0.01
10,46729,3482,0.0,5213,1384,45345,0.01
6,46735,3482,0.0,5214,1384,45351,0.01
6,46741,3482,0.0,5215,1384,45357,0.01
6,46747,3482,0.0,5216,1384,45363,0.01
30,46777,3483,1.0,5217,1385,45392,0.01
35,46812,3484,1.0,5218,1385,45427,0.01
29,46841,3485,1.0,5219,1385,45456,0.01
29,46870,3486,1.0,5220,1385,45485,0.01
29,46899,3487,1.0,5221,1385,45514,0.01
29,46928,3488,1.0,5222,1385,45543,0.01
29,46957,3489,1.0,5223,1385,45572,0.01
29,46986,3490,1.0,5224,1385,45601,0.01
29,47015,3491,1.0,5225,1385,45630,0.01
29,47044,3492,1.0,5226,1386,45658,0.01
29,47073,3493,1.0,5227,1386,45687,0.01
29,47102,3494,1.0,5228,1387,45715,0.01
29,47131,3495,1.0,5229,1387,45744,0.01
29,47160,3496,1.0,5230,1387,45773,0.01
55,47215,3496,0.0,5231,1388,45827,0.01
20,47235,3496,0.0,5232,1388,45847,0.01
16,47251,3496,0.0,5233,1388,45863,0.01
29,47280,3497,1.0,5234,1388,45892,0.01
29,47309,3498,1.0,5235,1389,45920,0.01
29,47338,3499,1.0,5236,1389,45949,0.01
29,47367,3500,1.0,5237,1389,45978,0.01
29,47396,3501,1.0,5238,1389,46007,0.01
29,47425,3502,1.0,5239,1389,46036,0.01
26,47451,3502,0.0,5240,1391,46060,0.01
6,47457,3502,0.0,5241,1391,46066,0.01
29,47486,3503,1.0,5242,1392,46094,0.01
29,47515,3504,1.0,5243,1392,46123,0.01
29,47544,3505,1.0,5244,1392,46152,0.01
10,47554,3505,0.0,5245,1392,46162,0.01
6,47560,3505,0.0,5246,1392,46168,0.01
29,47589,3506,1.0,5247,1393,46196,0.01
29,47618,3507,1.0,5248,1393,46225,0.01
29,47647,3508,1.0,5249,1393,46254,0.01
29,47676,3509,1.0,5250,1393,46283,0.01
29,47705,3510,1.0,5251,1393,46312,0.01
29,47734,3511,1.0,5252,1393,46341,0.01
29,47763,3512,1.0,5253,1393,46370,0.01
29,47792,3513,1.0,5254,1393,46399,0.01
29,47821,3514,1.0,5255,1393,46428,0.01
29,47850,3515,1.0,5256,1394,46456,0.01
29,47879,3516,1.0,5257,1394,46485,0.01
29,47908,3517,1.0,5258,1394,46514,0.01
30,47938,3517,0.0,5259,1397,46541,0.01
29,47967,3518,1.0,5260,1397,46570,0.01
29,47996,3519,1.0,5261,1397,46599,0.01
25,48021,3519,0.0,5262,1398,46623,0.01
12,48033,3519,0.0,5263,1398,46635,0.01
12,48045,3519,0.0,5264,1399,46646,0.01
14,48059,3519,0.0,5265,1399,46660,0.01
14,48073,3519,0.0,5266,1399,46674,0.01
25,48098,3519,0.0,5267,1399,46699,0.01
25,48123,3519,0.0,5268,1399,46724,0.01
6,48129,3519,0.0,5269,1399,46730,0.01
6,48135,3519,0.0,5270,1399,46736,0.01
46,48181,3519,0.0,5271,1400,46781,0.01
11,48192,3519,0.0,5272,1401,46791,0.01
53,48245,3519,0.0,5273,1401,46844,0.01
25,48270,3519,0.0,5274,1401,46869,0.01
71,48341,3519,0.0,5275,1401,46940,0.01
12,48353,3519,0.0,5276,1401,46952,0.01
20,48373,3519,0.0,5277,1401,46972,0.01
44,48417,3519,0.0,5278,1401,47016,0.01
51,48468,3519,0.0,5279,1401,47067,0.01
48,48516,3519,0.0,5280,1401,47115,0.01
3,48519,3519,0.0,5281,1401,47118,0.01
28,48547,3520,1.0,5282,1401,47146,0.01
24,48571,3520,0.0,5283,1401,47170,0.01
24,48595,3520,0.0,5284,1401,47194,0.01
24,48619,3520,0.0,5285,1401,47218,0.01
14,48633,3520,0.0,5286,1402,47231,0.01
14,48647,3520,0.0,5287,1403,47244,0.01
14,48661,3520,0.0,5288,1403,47258,0.01
14,48675,3520,0.0,5289,1403,47272,0.01
14,48689,3520,0.0,5290,1403,47286,0.01
14,48703,3520,0.0,5291,1403,47300,0.01
14,48717,3520,0.0,5292,1403,47314,0.01
4,48721,3520,0.0,5293,1403,47318,0.01
14,48735,3520,0.0,5294,1403,47332,0.01
32,48767,3520,0.0,5295,1403,47364,0.01
4,48771,3520,0.0,5296,1403,47368,0.01
4,48775,3520,0.0,5297,1403,47372,0.01
4,48779,3520,0.0,5298,1403,47376,0.01
4,48783,3520,0.0,5299,1403,47380,0.01
9,48792,3521,1.0,5300,1403,47389,0.01
9,48801,3522,1.0,5301,1403,47398,0.01
9,48810,3523,1.0,5302,1403,47407,0.01
9,48819,3524,1.0,5303,1403,47416,0.01
9,48828,3525,1.0,5304,1403,47425,0.01
9,48837,3526,1.0,5305,1403,47434,0.01
9,48846,3527,1.0,5306,1403,47443,0.01
9,48855,3528,1.0,5307,1403,47452,0.01
9,48864,3529,1.0,5308,1403,47461,0.01
9,48873,3530,1.0,5309,1403,47470,0.01
26,48899,3530,0.0,5310,1404,47495,0.01
9,48908,3531,1.0,5311,1404,47504,0.01
9,48917,3532,1.0,5312,1404,47513,0.01
9,48926,3533,1.0,5313,1404,47522,0.01
9,48935,3534,1.0,5314,1404,47531,0.01
9,48944,3535,1.0,5315,1404,47540,0.01
17,48961,3536,1.0,5316,1405,47556,0.01
9,48970,3537,1.0,5317,1405,47565,0.01
9,48979,3538,1.0,5318,1405,47574,0.01
9,48988,3539,1.0,5319,1405,47583,0.01
9,48997,3540,1.0,5320,1405,47592,0.01
9,49006,3541,1.0,5321,1405,47601,0.01
9,49015,3542,1.0,5322,1405,47610,0.01
9,49024,3543,1.0,5323,1405,47619,0.01
9,49033,3544,1.0,5324,1405,47628,0.01
9,49042,3545,1.0,5325,1405,47637,0.01
9,49051,3546,1.0,5326,1405,47646,0.01
9,49060,3547,1.0,5327,1405,47655,0.01
8,49068,3547,0.0,5328,1406,47662,0.01
9,49077,3548,1.0,5329,1406,47671,0.01
9,49086,3549,1.0,5330,1406,47680,0.01
8,49094,3549,0.0,5331,1408,47686,0.01
4,49098,3549,0.0,5332,1409,47689,0.01
10,49108,3549,0.0,5333,1409,47699,0.01
15,49123,3549,0.0,5334,1409,47714,0.01
9,49132,3550,1.0,5335,1409,47723,0.01
10,49142,3550,0.0,5336,1409,47733,0.01
9,49151,3551,1.0,5337,1409,47742,0.01
9,49160,3552,1.0,5338,1409,47751,0.01
9,49169,3553,1.0,5339,1409,47760,0.01
9,49178,3554,1.0,5340,1409,47769,0.01
9,49187,3555,1.0,5341,1409,47778,0.01
9,49196,3556,1.0,5342,1409,47787,0.01
9,49205,3557,1.0,5343,1409,47796,0.01
9,49214,3558,1.0,5344,1409,47805,0.01
9,49223,3559,1.0,5345,1409,47814,0.01
9,49232,3560,1.0,5346,1409,47823,0.01
9,49241,3561,1.0,5347,1409,47832,0.01
9,49250,3562,1.0,5348,1409,47841,0.01
9,49259,3563,1.0,5349,1409,47850,0.01
16,49275,3563,0.0,5350,1411,47864,0.01
13,49288,3563,0.0,5351,1411,47877,0.01
11,49299,3563,0.0,5352,1411,47888,0.01
10,49309,3563,0.0,5353,1411,47898,0.01
11,49320,3563,0.0,5354,1411,47909,0.01
10,49330,3564,1.0,5355,1411,47919,0.01
10,49340,3564,0.0,5356,1411,47929,0.01
4,49344,3564,0.0,5357,1411,47933,0.01
8,49352,3565,1.0,5358,1411,47941,0.01
4,49356,3565,0.0,5359,1411,47945,0.01
2,49358,3565,0.0,5360,1411,47947,0.01
4,49362,3565,0.0,5361,1411,47951,0.01
15,49377,3565,0.0,5362,1411,47966,0.01
4,49381,3565,0.0,5363,1411,47970,0.01
8,49389,3566,1.0,5364,1411,47978,0.01
4,49393,3566,0.0,5365,1411,47982,0.01
2,49395,3566,0.0,5366,1411,47984,0.01
4,49399,3566,0.0,5367,1411,47988,0.01
4,49403,3566,0.0,5368,1411,47992,0.01
4,49407,3566,0.0,5369,1411,47996,0.01
4,49411,3566,0.0,5370,1411,48000,0.01
4,49415,3566,0.0,5371,1411,48004,0.01
8,49423,3567,1.0,5372,1411,48012,0.01
8,49431,3568,1.0,5373,1411,48020,0.01
20,49451,3568,0.0,5374,1411,48040,0.01
2,49453,3568,0.0,5375,1411,48042,0.01
2,49455,3568,0.0,5376,1411,48044,0.01
2,49457,3568,0.0,5377,1411,48046,0.01
2,49459,3568,0.0,5378,1411,48048,0.01
15,49474,3568,0.0,5379,1411,48063,0.01
8,49482,3569,1.0,5380,1411,48071,0.01
8,49490,3570,1.0,5381,1411,48079,0.01
8,49498,3571,1.0,5382,1411,48087,0.01
8,49506,3572,1.0,5383,1411,48095,0.01
8,49514,3573,1.0,5384,1411,48103,0.01
8,49522,3574,1.0,5385,1411,48111,0.01
8,49530,3575,1.0,5386,1411,48119,0.01
8,49538,3576,1.0,5387,1411,48127,0.01
8,49546,3577,1.0,5388,1411,48135,0.01
8,49554,3578,1.0,5389,1411,48143,0.01
8,49562,3579,1.0,5390,1411,48151,0.01
8,49570,3580,1.0,5391,1411,48159,0.01
8,49578,3581,1.0,5392,1411,48167,0.01
8,49586,3582,1.0,5393,1411,48175,0.01
8,49594,3583,1.0,5394,1411,48183,0.01
8,49602,3584,1.0,5395,1411,48191,0.01
8,49610,3585,1.0,5396,1411,48199,0.01
8,49618,3586,1.0,5397,1411,48207,0.01
8,49626,3587,1.0,5398,1411,48215,0.01
8,49634,3588,1.0,5399,1411,48223,0.01
8,49642,3589,1.0,5400,1411,48231,0.01
8,49650,3590,1.0,5401,1411,48239,0.01
8,49658,3590,0.0,5402,1412,48246,0.01
8,49666,3591,1.0,5403,1412,48254,0.01
8,49674,3592,1.0,5404,1412,48262,0.01
8,49682,3593,1.0,5405,1412,48270,0.01
8,49690,3594,1.0,5406,1412,48278,0.01
8,49698,3595,1.0,5407,1412,48286,0.01
8,49706,3596,1.0,5408,1412,48294,0.01
8,49714,3597,1.0,5409,1412,48302,0.01
8,49722,3598,1.0,5410,1412,48310,0.01
8,49730,3599,1.0,5411,1412,48318,0.01
8,49738,3600,1.0,5412,1412,48326,0.01
8,49746,3601,1.0,5413,1412,48334,0.01
26,49772,3601,0.0,5414,1413,48359,0.01
8,49780,3602,1.0,5415,1413,48367,0.01
8,49788,3603,1.0,5416,1413,48375,0.01
8,49796,3604,1.0,5417,1413,48383,0.01
8,49804,3605,1.0,5418,1413,48391,0.01
8,49812,3606,1.0,5419,1413,48399,0.01
53,49865,3606,0.0,5420,1414,48451,0.01
8,49873,3607,1.0,5421,1414,48459,0.01
8,49881,3608,1.0,5422,1414,48467,0.01
8,49889,3609,1.0,5423,1414,48475,0.01
8,49897,3610,1.0,5424,1414,48483,0.01
8,49905,3611,1.0,5425,1414,48491,0.01
8,49913,3612,1.0,5426,1414,48499,0.01
8,49921,3613,1.0,5427,1414,48507,0.01
8,49929,3614,1.0,5428,1414,48515,0.01
8,49937,3615,1.0,5429,1414,48523,0.01
8,49945,3616,1.0,5430,1414,48531,0.01
8,49953,3617,1.0,5431,1414,48539,0.01
8,49961,3618,1.0,5432,1414,48547,0.01
8,49969,3619,1.0,5433,1414,48555,0.01
8,49977,3620,1.0,5434,1414,48563,0.01
8,49985,3621,1.0,5435,1414,48571,0.01
8,49993,3622,1.0,5436,1414,48579,0.01
8,50001,3623,1.0,5437,1414,48587,0.01
8,50009,3624,1.0,5438,1414,48595,0.01
31,50040,3625,1.0,5439,1415,48625,0.01
8,50048,3626,1.0,5440,1415,48633,0.01
8,50056,3627,1.0,5441,1415,48641,0.01
8,50064,3628,1.0,5442,1415,48649,0.01
8,50072,3629,1.0,5443,1415,48657,0.01
8,50080,3630,1.0,5444,1415,48665,0.01
8,50088,3631,1.0,5445,1415,48673,0.01
8,50096,3632,1.0,5446,1415,48681,0.01
8,50104,3633,1.0,5447,1415,48689,0.01
8,50112,3634,1.0,5448,1415,48697,0.01
8,50120,3635,1.0,5449,1415,48705,0.01
8,50128,3636,1.0,5450,1415,48713,0.01
8,50136,3637,1.0,5451,1415,48721,0.01
8,50144,3638,1.0,5452,1415,48729,0.01
8,50152,3639,1.0,5453,1415,48737,0.01
8,50160,3640,1.0,5454,1415,48745,0.01
8,50168,3641,1.0,5455,1415,48753,0.01
8,50176,3642,1.0,5456,1415,48761,0.01
8,50184,3643,1.0,5457,1415,48769,0.01
8,50192,3644,1.0,5458,1415,48777,0.01
8,50200,3645,1.0,5459,1415,48785,0.01
8,50208,3646,1.0,5460,1415,48793,0.01
8,50216,3647,1.0,5461,1415,48801,0.01
8,50224,3648,1.0,5462,1415,48809,0.01
10,50234,3648,0.0,5463,1416,48818,0.01
8,50242,3649,1.0,5464,1416,48826,0.01
8,50250,3650,1.0,5465,1416,48834,0.01
8,50258,3651,1.0,5466,1416,48842,0.01
8,50266,3652,1.0,5467,1416,48850,0.01
8,50274,3653,1.0,5468,1416,48858,0.01
8,50282,3654,1.0,5469,1416,48866,0.01
8,50290,3655,1.0,5470,1416,48874,0.01
8,50298,3656,1.0,5471,1416,48882,0.01
8,50306,3657,1.0,5472,1416,48890,0.01
8,50314,3658,1.0,5473,1416,48898,0.01
8,50322,3659,1.0,5474,1416,48906,0.01
8,50330,3660,1.0,5475,1416,48914,0.01
8,50338,3661,1.0,5476,1416,48922,0.01
8,50346,3662,1.0,5477,1416,48930,0.01
8,50354,3663,1.0,5478,1416,48938,0.01
8,50362,3664,1.0,5479,1416,48946,0.01
8,50370,3665,1.0,5480,1416,48954,0.01
8,50378,3666,1.0,5481,1416,48962,0.01
8,50386,3667,1.0,5482,1416,48970,0.01
8,50394,3668,1.0,5483,1416,48978,0.01
8,50402,3669,1.0,5484,1416,48986,0.01
8,50410,3670,1.0,5485,1416,48994,0.01
8,50418,3671,1.0,5486,1416,49002,0.01
8,50426,3672,1.0,5487,1416,49010,0.01
42,50468,3672,0.0,5488,1419,49049,0.01
18,50486,3672,0.0,5489,1419,49067,0.01
14,50500,3672,0.0,5490,1419,49081,0.01
34,50534,3672,0.0,5491,1420,49114,0.01
4,50538,3672,0.0,5492,1420,49118,0.01
4,50542,3672,0.0,5493,1420,49122,0.01
4,50546,3672,0.0,5494,1420,49126,0.01
33,50579,3672,0.0,5495,1421,49158,0.01
22,50601,3672,0.0,5496,1421,49180,0.01
20,50621,3672,0.0,5497,1421,49200,0.01
4,50625,3672,0.0,5498,1421,49204,0.01
4,50629,3672,0.0,5499,1421,49208,0.01
18,50647,3672,0.0,5500,1421,49226,0.01
4,50651,3672,0.0,5501,1421,49230,0.01
4,50655,3672,0.0,5502,1421,49234,0.01
4,50659,3672,0.0,5503,1421,49238,0.01
4,50663,3672,0.0,5504,1421,49242,0.01
4,50667,3672,0.0,5505,1421,49246,0.01
24,50691,3672,0.0,5506,1421,49270,0.01
24,50715,3672,0.0,5507,1421,49294,0.01
54,50769,3672,0.0,5508,1424,49345,0.01
12,50781,3672,0.0,5509,1424,49357,0.01
9,50790,3672,0.0,5510,1425,49365,0.01
11,50801,3672,0.0,5511,1425,49376,0.01
8,50809,3673,1.0,5512,1425,49384,0.01
12,50821,3673,0.0,5513,1425,49396,0.01
6,50827,3673,0.0,5514,1425,49402,0.01
4,50831,3673,0.0,5515,1425,49406,0.01
4,50835,3673,0.0,5516,1425,49410,0.01
4,50839,3673,0.0,5517,1425,49414,0.01
39,50878,3673,0.0,5518,1425,49453,0.01
53,50931,3673,0.0,5519,1426,49505,0.01
25,50956,3673,0.0,5520,1427,49529,0.01
7,50963,3673,0.0,5521,1427,49536,0.01
20,50983,3673,0.0,5522,1427,49556,0.01
5,50988,3673,0.0,5523,1428,49560,0.01
4,50992,3673,0.0,5524,1428,49564,0.01
4,50996,3673,0.0,5525,1428,49568,0.01
4,51000,3673,0.0,5526,1428,49572,0.01
4,51004,3673,0.0,5527,1428,49576,0.01
4,51008,3673,0.0,5528,1428,49580,0.01
4,51012,3673,0.0,5529,1428,49584,0.01
4,51016,3673,0.0,5530,1428,49588,0.01
4,51020,3673,0.0,5531,1428,49592,0.01
4,51024,3673,0.0,5532,1428,49596,0.01
80,51104,3673,0.0,5533,1428,49676,0.01
12,51116,3673,0.0,5534,1428,49688,0.01
3,51119,3673,0.0,5535,1428,49691,0.01
10,51129,3673,0.0,5536,1428,49701,0.01
3,51132,3673,0.0,5537,1428,49704,0.01
26,51158,3673,0.0,5538,1429,49729,0.01
20,51178,3673,0.0,5539,1429,49749,0.01
39,51217,3673,0.0,5540,1429,49788,0.01
16,51233,3673,0.0,5541,1429,49804,0.01
16,51249,3673,0.0,5542,1431,49818,0.01
27,51276,3673,0.0,5543,1432,49844,0.01
27,51303,3673,0.0,5544,1432,49871,0.01
27,51330,3673,0.0,5545,1432,49898,0.01
27,51357,3673,0.0,5546,1432,49925,0.01
27,51384,3673,0.0,5547,1432,49952,0.01
27,51411,3673,0.0,5548,1432,49979,0.01
31,51442,3674,1.0,5549,1432,50010,0.01
22,51464,3674,0.0,5550,1433,50031,0.01
16,51480,3674,0.0,5551,1433,50047,0.01
15,51495,3674,0.0,5552,1433,50062,0.01
16,51511,3674,0.0,5553,1433,50078,0.01
16,51527,3674,0.0,5554,1433,50094,0.01
15,51542,3674,0.0,5555,1433,50109,0.01
16,51558,3674,0.0,5556,1433,50125,0.01
16,51574,3674,0.0,5557,1433,50141,0.01
10,51584,3674,0.0,5558,1434,50150,0.01
15,51599,3674,0.0,5559,1434,50165,0.01
16,51615,3674,0.0,5560,1434,50181,0.01
16,51631,3674,0.0,5561,1434,50197,0.01
15,51646,3674,0.0,5562,1434,50212,0.01
16,51662,3674,0.0,5563,1434,50228,0.01
16,51678,3674,0.0,5564,1434,50244,0.01
15,51693,3674,0.0,5565,1434,50259,0.01
16,51709,3674,0.0,5566,1434,50275,0.01
16,51725,3674,0.0,5567,1434,50291,0.01
15,51740,3674,0.0,5568,1434,50306,0.01
13,51753,3674,0.0,5569,1434,50319,0.01
59,51812,3674,0.0,5570,1435,50377,0.01
12,51824,3674,0.0,5571,1435,50389,0.01
3,51827,3674,0.0,5572,1435,50392,0.01
24,51851,3674,0.0,5573,1435,50416,0.01
40,51891,3674,0.0,5574,1435,50456,0.01
40,51931,3674,0.0,5575,1435,50496,0.01
49,51980,3675,1.0,5576,1436,50544,0.01
10,51990,3675,0.0,5577,1436,50554,0.01
2,51992,3675,0.0,5578,1436,50556,0.01
2,51994,3675,0.0,5579,1436,50558,0.01
2,51996,3675,0.0,5580,1436,50560,0.01
2,51998,3675,0.0,5581,1436,50562,0.01
2,52000,3675,0.0,5582,1436,50564,0.01
2,52002,3675,0.0,5583,1436,50566,0.01
2,52004,3675,0.0,5584,1436,50568,0.01
10,52014,3675,0.0,5585,1437,50577,0.01
15,52029,3675,0.0,5586,1437,50592,0.01
15,52044,3675,0.0,5587,1437,50607,0.01
8,52052,3676,1.0,5588,1437,50615,0.01
8,52060,3677,1.0,5589,1437,50623,0.01
15,52075,3677,0.0,5590,1438,50637,0.01
8,52083,3678,1.0,5591,1438,50645,0.01
15,52098,3678,0.0,5592,1439,50659,0.01
8,52106,3679,1.0,5593,1439,50667,0.01
8,52114,3680,1.0,5594,1439,50675,0.01
8,52122,3681,1.0,5595,1439,50683,0.01
8,52130,3682,1.0,5596,1439,50691,0.01
8,52138,3683,1.0,5597,1439,50699,0.01
8,52146,3684,1.0,5598,1439,50707,0.01
8,52154,3685,1.0,5599,1439,50715,0.01
8,52162,3686,1.0,5600,1439,50723,0.01
8,52170,3687,1.0,5601,1439,50731,0.01
8,52178,3688,1.0,5602,1439,50739,0.01
8,52186,3689,1.0,5603,1439,50747,0.01
8,52194,3690,1.0,5604,1439,50755,0.01
8,52202,3691,1.0,5605,1439,50763,0.01
8,52210,3692,1.0,5606,1439,50771,0.01
8,52218,3693,1.0,5607,1439,50779,0.01
8,52226,3694,1.0,5608,1439,50787,0.01
8,52234,3695,1.0,5609,1439,50795,0.01
8,52242,3696,1.0,5610,1439,50803,0.01
8,52250,3697,1.0,5611,1439,50811,0.01
8,52258,3698,1.0,5612,1439,50819,0.01
8,52266,3699,1.0,5613,1439,50827,0.01
8,52274,3700,1.0,5614,1439,50835,0.01
8,52282,3701,1.0,5615,1439,50843,0.01
8,52290,3702,1.0,5616,1439,50851,0.01
8,52298,3703,1.0,5617,1439,50859,0.01
8,52306,3704,1.0,5618,1439,50867,0.01
8,52314,3705,1.0,5619,1439,50875,0.01
8,52322,3706,1.0,5620,1439,50883,0.01
8,52330,3707,1.0,5621,1439,50891,0.01
8,52338,3708,1.0,5622,1439,50899,0.01
8,52346,3709,1.0,5623,1439,50907,0.01
8,52354,3710,1.0,5624,1439,50915,0.01
8,52362,3711,1.0,5625,1439,50923,0.01
8,52370,3712,1.0,5626,1439,50931,0.01
8,52378,3713,1.0,5627,1439,50939,0.01
8,52386,3714,1.0,5628,1440,50946,0.01
8,52394,3715,1.0,5629,1440,50954,0.01
8,52402,3716,1.0,5630,1440,50962,0.01
8,52410,3717,1.0,5631,1440,50970,0.01
8,52418,3718,1.0,5632,1440,50978,0.01
8,52426,3719,1.0,5633,1440,50986,0.01
8,52434,3720,1.0,5634,1440,50994,0.01
8,52442,3721,1.0,5635,1440,51002,0.01
8,52450,3722,1.0,5636,1440,51010,0.01
8,52458,3723,1.0,5637,1440,51018,0.01
5,52463,3723,0.0,5638,1441,51022,0.01
8,52471,3724,1.0,5639,1441,51030,0.01
8,52479,3725,1.0,5640,1441,51038,0.01
8,52487,3726,1.0,5641,1441,51046,0.01
8,52495,3727,1.0,5642,1441,51054,0.01
8,52503,3728,1.0,5643,1441,51062,0.01
8,52511,3729,1.0,5644,1441,51070,0.01
8,52519,3730,1.0,5645,1441,51078,0.01
8,52527,3731,1.0,5646,1441,51086,0.01
8,52535,3732,1.0,5647,1441,51094,0.01
8,52543,3733,1.0,5648,1441,51102,0.01
8,52551,3733,0.0,5649,1442,51109,0.01
8,52559,3734,1.0,5650,1442,51117,0.01
8,52567,3735,1.0,5651,1442,51125,0.01
8,52575,3736,1.0,5652,1442,51133,0.01
8,52583,3737,1.0,5653,1442,51141,0.01
8,52591,3738,1.0,5654,1442,51149,0.01
8,52599,3739,1.0,5655,1442,51157,0.01
8,52607,3740,1.0,5656,1442,51165,0.01
6,52613,3740,0.0,5657,1443,51170,0.01
8,52621,3741,1.0,5658,1443,51178,0.01
8,52629,3742,1.0,5659,1443,51186,0.01
8,52637,3743,1.0,5660,1443,51194,0.01
8,52645,3744,1.0,5661,1443,51202,0.01
8,52653,3745,1.0,5662,1443,51210,0.01
8,52661,3746,1.0,5663,1443,51218,0.01
8,52669,3747,1.0,5664,1443,51226,0.01
8,52677,3748,1.0,5665,1443,51234,0.01
8,52685,3749,1.0,5666,1443,51242,0.01
8,52693,3750,1.0,5667,1443,51250,0.01
8,52701,3751,1.0,5668,1443,51258,0.01
8,52709,3752,1.0,5669,1443,51266,0.01
8,52717,3753,1.0,5670,1443,51274,0.01
8,52725,3754,1.0,5671,1443,51282,0.01
8,52733,3755,1.0,5672,1443,51290,0.01
8,52741,3756,1.0,5673,1443,51298,0.01
8,52749,3757,1.0,5674,1443,51306,0.01
8,52757,3758,1.0,5675,1443,51314,0.01
8,52765,3759,1.0,5676,1443,51322,0.01
8,52773,3760,1.0,5677,1443,51330,0.01
8,52781,3761,1.0,5678,1443,51338,0.01
8,52789,3762,1.0,5679,1443,51346,0.01
8,52797,3763,1.0,5680,1443,51354,0.01
8,52805,3764,1.0,5681,1443,51362,0.01
8,52813,3765,1.0,5682,1443,51370,0.01
8,52821,3766,1.0,5683,1443,51378,0.01
8,52829,3767,1.0,5684,1443,51386,0.01
8,52837,3768,1.0,5685,1443,51394,0.01
8,52845,3769,1.0,5686,1443,51402,0.01
8,52853,3770,1.0,5687,1443,51410,0.01
8,52861,3771,1.0,5688,1443,51418,0.01
15,52876,3771,0.0,5689,1444,51432,0.01
15,52891,3771,0.0,5690,1444,51447,0.01
15,52906,3771,0.0,5691,1445,51461,0.01
42,52948,3771,0.0,5692,1445,51503,0.01
43,52991,3771,0.0,5693,1445,51546,0.01
70,53061,3771,0.0,5694,1447,51614,0.01
15,53076,3771,0.0,5695,1447,51629,0.01
15,53091,3771,0.0,5696,1447,51644,0.01
15,53106,3771,0.0,5697,1447,51659,0.01
15,53121,3771,0.0,5698,1447,51674,0.01
15,53136,3771,0.0,5699,1447,51689,0.01
15,53151,3771,0.0,5700,1447,51704,0.01
15,53166,3771,0.0,5701,1447,51719,0.01
15,53181,3771,0.0,5702,1447,51734,0.01
4,53185,3771,0.0,5703,1447,51738,0.01
15,53200,3771,0.0,5704,1447,51753,0.01
15,53215,3771,0.0,5705,1447,51768,0.01
15,53230,3771,0.0,5706,1448,51782,0.01
4,53234,3771,0.0,5707,1448,51786,0.01
100,53334,3771,0.0,5708,1448,51886,0.01
18,53352,3771,0.0,5709,1448,51904,0.01
37,53389,3771,0.0,5710,1448,51941,0.01
6,53395,3771,0.0,5711,1448,51947,0.01
16,53411,3771,0.0,5712,1448,51963,0.01
3,53414,3771,0.0,5713,1448,51966,0.01
3,53417,3771,0.0,5714,1448,51969,0.01
12,53429,3771,0.0,5715,1448,51981,0.01
22,53451,3771,0.0,5716,1448,52003,0.01
22,53473,3771,0.0,5717,1448,52025,0.01
22,53495,3771,0.0,5718,1448,52047,0.01
22,53517,3771,0.0,5719,1448,52069,0.01
3,53520,3771,0.0,5720,1449,52071,0.01
22,53542,3771,0.0,5721,1450,52092,0.01
22,53564,3771,0.0,5722,1450,52114,0.01
14,53578,3771,0.0,5723,1451,52127,0.01
22,53600,3771,0.0,5724,1451,52149,0.01
22,53622,3771,0.0,5725,1451,52171,0.01
22,53644,3771,0.0,5726,1451,52193,0.01
14,53658,3771,0.0,5727,1451,52207,0.01
25,53683,3771,0.0,5728,1451,52232,0.01
7,53690,3771,0.0,5729,1451,52239,0.01
7,53697,3771,0.0,5730,1451,52246,0.01
7,53704,3771,0.0,5731,1451,52253,0.01
8,53712,3771,0.0,5732,1451,52261,0.01
13,53725,3771,0.0,5733,1451,52274,0.01
13,53738,3771,0.0,5734,1451,52287,0.01
8,53746,3771,0.0,5735,1451,52295,0.01
13,53759,3771,0.0,5736,1451,52308,0.01
12,53771,3771,0.0,5737,1452,52319,0.01
8,53779,3771,0.0,5738,1452,52327,0.01
2,53781,3771,0.0,5739,1452,52329,0.01
2,53783,3771,0.0,5740,1452,52331,0.01
2,53785,3771,0.0,5741,1452,52333,0.01
2,53787,3771,0.0,5742,1452,52335,0.01
33,53820,3771,0.0,5743,1454,52366,0.01
8,53828,3771,0.0,5744,1454,52374,0.01
13,53841,3771,0.0,5745,1454,52387,0.01
8,53849,3771,0.0,5746,1454,52395,0.01
13,53862,3771,0.0,5747,1454,52408,0.01
8,53870,3771,0.0,5748,1454,52416,0.01
13,53883,3771,0.0,5749,1454,52429,0.01
11,53894,3771,0.0,5750,1455,52439,0.01
2,53896,3771,0.0,5751,1455,52441,0.01
2,53898,3771,0.0,5752,1455,52443,0.01
20,53918,3771,0.0,5753,1455,52463,0.01
2,53920,3771,0.0,5754,1455,52465,0.01
2,53922,3771,0.0,5755,1455,52467,0.01
8,53930,3771,0.0,5756,1455,52475,0.01
2,53932,3771,0.0,5757,1455,52477,0.01
2,53934,3771,0.0,5758,1455,52479,0.01
2,53936,3771,0.0,5759,1455,52481,0.01
20,53956,3771,0.0,5760,1455,52501,0.01
2,53958,3771,0.0,5761,1455,52503,0.01
2,53960,3771,0.0,5762,1455,52505,0.01
2,53962,3771,0.0,5763,1455,52507,0.01
2,53964,3771,0.0,5764,1455,52509,0.01
8,53972,3771,0.0,5765,1455,52517,0.01
2,53974,3771,0.0,5766,1455,52519,0.01
2,53976,3771,0.0,5767,1455,52521,0.01
2,53978,3771,0.0,5768,1455,52523,0.01
2,53980,3771,0.0,5769,1455,52525,0.01
2,53982,3771,0.0,5770,1455,52527,0.01
16,53998,3771,0.0,5771,1455,52543,0.01
8,54006,3771,0.0,5772,1455,52551,0.01
8,54014,3772,1.0,5773,1455,52559,0.01
8,54022,3773,1.0,5774,1455,52567,0.01
8,54030,3774,1.0,5775,1455,52575,0.01
8,54038,3775,1.0,5776,1455,52583,0.01
8,54046,3776,1.0,5777,1455,52591,0.01
8,54054,3777,1.0,5778,1455,52599,0.01
8,54062,3778,1.0,5779,1455,52607,0.01
8,54070,3779,1.0,5780,1455,52615,0.01
8,54078,3780,1.0,5781,1455,52623,0.01
8,54086,3781,1.0,5782,1455,52631,0.01
8,54094,3782,1.0,5783,1455,52639,0.01
8,54102,3783,1.0,5784,1455,52647,0.01
8,54110,3784,1.0,5785,1455,52655,0.01
8,54118,3785,1.0,5786,1455,52663,0.01
8,54126,3786,1.0,5787,1455,52671,0.01
8,54134,3787,1.0,5788,1455,52679,0.01
8,54142,3788,1.0,5789,1455,52687,0.01
8,54150,3789,1.0,5790,1455,52695,0.01
8,54158,3790,1.0,5791,1455,52703,0.01
8,54166,3791,1.0,5792,1455,52711,0.01
8,54174,3792,1.0,5793,1455,52719,0.01
8,54182,3793,1.0,5794,1455,52727,0.01
8,54190,3794,1.0,5795,1455,52735,0.01
8,54198,3795,1.0,5796,1455,52743,0.01
8,54206,3796,1.0,5797,1455,52751,0.01
8,54214,3797,1.0,5798,1455,52759,0.01
8,54222,3798,1.0,5799,1455,52767,0.01
8,54230,3799,1.0,5800,1455,52775,0.01
8,54238,3800,1.0,5801,1455,52783,0.01
8,54246,3801,1.0,5802,1455,52791,0.01
8,54254,3802,1.0,5803,1455,52799,0.01
8,54262,3803,1.0,5804,1455,52807,0.01
8,54270,3804,1.0,5805,1455,52815,0.01
8,54278,3805,1.0,5806,1455,52823,0.01
8,54286,3806,1.0,5807,1455,52831,0.01
8,54294,3807,1.0,5808,1455,52839,0.01
8,54302,3808,1.0,5809,1455,52847,0.01
8,54310,3809,1.0,5810,1455,52855,0.01
8,54318,3810,1.0,5811,1455,52863,0.01
8,54326,3811,1.0,5812,1455,52871,0.01
8,54334,3812,1.0,5813,1455,52879,0.01
8,54342,3813,1.0,5814,1455,52887,0.01
8,54350,3814,1.0,5815,1455,52895,0.01
8,54358,3815,1.0,5816,1455,52903,0.01
11,54369,3815,0.0,5817,1457,52912,0.01
8,54377,3816,1.0,5818,1457,52920,0.01
15,54392,3816,0.0,5819,1458,52934,0.01
8,54400,3817,1.0,5820,1458,52942,0.01
8,54408,3818,1.0,5821,1458,52950,0.01
8,54416,3819,1.0,5822,1458,52958,0.01
8,54424,3820,1.0,5823,1458,52966,0.01
6,54430,3820,0.0,5824,1460,52970,0.01
8,54438,3821,1.0,5825,1460,52978,0.01
16,54454,3821,0.0,5826,1461,52993,0.01
8,54462,3822,1.0,5827,1461,53001,0.01
8,54470,3823,1.0,5828,1461,53009,0.01
8,54478,3824,1.0,5829,1461,53017,0.01
8,54486,3825,1.0,5830,1461,53025,0.01
8,54494,3826,1.0,5831,1461,53033,0.01
8,54502,3827,1.0,5832,1461,53041,0.01
8,54510,3828,1.0,5833,1462,53048,0.01
8,54518,3829,1.0,5834,1462,53056,0.01
8,54526,3830,1.0,5835,1462,53064,0.01
8,54534,3831,1.0,5836,1462,53072,0.01
8,54542,3832,1.0,5837,1462,53080,0.01
8,54550,3833,1.0,5838,1462,53088,0.01
8,54558,3834,1.0,5839,1462,53096,0.01
8,54566,3835,1.0,5840,1462,53104,0.01
8,54574,3836,1.0,5841,1462,53112,0.01
8,54582,3837,1.0,5842,1462,53120,0.01
8,54590,3837,0.0,5843,1463,53127,0.01
8,54598,3838,1.0,5844,1463,53135,0.01
8,54606,3839,1.0,5845,1463,53143,0.01
8,54614,3840,1.0,5846,1463,53151,0.01
8,54622,3841,1.0,5847,1463,53159,0.01
8,54630,3842,1.0,5848,1463,53167,0.01
8,54638,3843,1.0,5849,1463,53175,0.01
8,54646,3844,1.0,5850,1464,53182,0.01
8,54654,3845,1.0,5851,1464,53190,0.01
8,54662,3846,1.0,5852,1464,53198,0.01
8,54670,3847,1.0,5853,1464,53206,0.01
8,54678,3848,1.0,5854,1464,53214,0.01
8,54686,3849,1.0,5855,1464,53222,0.01
8,54694,3850,1.0,5856,1464,53230,0.01
8,54702,3851,1.0,5857,1464,53238,0.01
8,54710,3852,1.0,5858,1464,53246,0.01
8,54718,3853,1.0,5859,1464,53254,0.01
8,54726,3854,1.0,5860,1464,53262,0.01
8,54734,3855,1.0,5861,1465,53269,0.01
8,54742,3856,1.0,5862,1465,53277,0.01
8,54750,3857,1.0,5863,1465,53285,0.01
8,54758,3858,1.0,5864,1465,53293,0.01
8,54766,3859,1.0,5865,1465,53301,0.01
8,54774,3860,1.0,5866,1465,53309,0.01
8,54782,3860,0.0,5867,1466,53316,0.01
8,54790,3861,1.0,5868,1466,53324,0.01
8,54798,3862,1.0,5869,1466,53332,0.01
8,54806,3863,1.0,5870,1466,53340,0.01
8,54814,3864,1.0,5871,1466,53348,0.01
8,54822,3865,1.0,5872,1466,53356,0.01
8,54830,3866,1.0,5873,1466,53364,0.01
8,54838,3867,1.0,5874,1466,53372,0.01
8,54846,3868,1.0,5875,1466,53380,0.01
8,54854,3869,1.0,5876,1466,53388,0.01
8,54862,3870,1.0,5877,1466,53396,0.01
8,54870,3871,1.0,5878,1466,53404,0.01
8,54878,3872,1.0,5879,1466,53412,0.01
8,54886,3873,1.0,5880,1466,53420,0.01
8,54894,3874,1.0,5881,1466,53428,0.01
8,54902,3875,1.0,5882,1466,53436,0.01
8,54910,3876,1.0,5883,1466,53444,0.01
8,54918,3877,1.0,5884,1466,53452,0.01
8,54926,3878,1.0,5885,1466,53460,0.01
8,54934,3879,1.0,5886,1466,53468,0.01
8,54942,3880,1.0,5887,1466,53476,0.01
8,54950,3881,1.0,5888,1466,53484,0.01
8,54958,3882,1.0,5889,1466,53492,0.01
8,54966,3883,1.0,5890,1466,53500,0.01
8,54974,3884,1.0,5891,1466,53508,0.01
8,54982,3885,1.0,5892,1466,53516,0.01
8,54990,3886,1.0,5893,1466,53524,0.01
8,54998,3887,1.0,5894,1466,53532,0.01
8,55006,3888,1.0,5895,1466,53540,0.01
8,55014,3889,1.0,5896,1466,53548,0.01
8,55022,3890,1.0,5897,1466,53556,0.01
8,55030,3891,1.0,5898,1466,53564,0.01
8,55038,3892,1.0,5899,1466,53572,0.01
8,55046,3893,1.0,5900,1466,53580,0.01
24,55070,3893,0.0,5901,1467,53603,0.01
8,55078,3894,1.0,5902,1467,53611,0.01
8,55086,3895,1.0,5903,1467,53619,0.01
8,55094,3896,1.0,5904,1467,53627,0.01
8,55102,3897,1.0,5905,1467,53635,0.01
8,55110,3898,1.0,5906,1467,53643,0.01
8,55118,3899,1.0,5907,1467,53651,0.01
8,55126,3900,1.0,5908,1467,53659,0.01
8,55134,3901,1.0,5909,1467,53667,0.01
8,55142,3902,1.0,5910,1467,53675,0.01
8,55150,3903,1.0,5911,1467,53683,0.01
8,55158,3904,1.0,5912,1467,53691,0.01
8,55166,3905,1.0,5913,1467,53699,0.01
8,55174,3906,1.0,5914,1467,53707,0.01
8,55182,3907,1.0,5915,1467,53715,0.01
8,55190,3908,1.0,5916,1467,53723,0.01
8,55198,3909,1.0,5917,1467,53731,0.01
6,55204,3909,0.0,5918,1468,53736,0.01
8,55212,3910,1.0,5919,1468,53744,0.01
8,55220,3911,1.0,5920,1468,53752,0.01
8,55228,3912,1.0,5921,1468,53760,0.01
8,55236,3913,1.0,5922,1468,53768,0.01
8,55244,3914,1.0,5923,1468,53776,0.01
8,55252,3915,1.0,5924,1468,53784,0.01
8,55260,3916,1.0,5925,1468,53792,0.01
8,55268,3917,1.0,5926,1468,53800,0.01
24,55292,3917,0.0,5927,1469,53823,0.01
8,55300,3918,1.0,5928,1469,53831,0.01
8,55308,3919,1.0,5929,1469,53839,0.01
8,55316,3920,1.0,5930,1469,53847,0.01
8,55324,3921,1.0,5931,1469,53855,0.01
8,55332,3922,1.0,5932,1470,53862,0.01
8,55340,3923,1.0,5933,1470,53870,0.01
8,55348,3924,1.0,5934,1470,53878,0.01
8,55356,3925,1.0,5935,1470,53886,0.01
8,55364,3926,1.0,5936,1470,53894,0.01
8,55372,3927,1.0,5937,1470,53902,0.01
8,55380,3928,1.0,5938,1470,53910,0.01
8,55388,3929,1.0,5939,1470,53918,0.01
8,55396,3930,1.0,5940,1470,53926,0.01
8,55404,3930,0.0,5941,1471,53933,0.01
8,55412,3931,1.0,5942,1471,53941,0.01
8,55420,3932,1.0,5943,1471,53949,0.01
4,55424,3932,0.0,5944,1472,53952,0.01
8,55432,3933,1.0,5945,1472,53960,0.01
8,55440,3934,1.0,5946,1472,53968,0.01
8,55448,3935,1.0,5947,1472,53976,0.01
8,55456,3936,1.0,5948,1472,53984,0.01
8,55464,3937,1.0,5949,1472,53992,0.01
8,55472,3938,1.0,5950,1472,54000,0.01
8,55480,3939,1.0,5951,1472,54008,0.01
8,55488,3940,1.0,5952,1472,54016,0.01
8,55496,3941,1.0,5953,1472,54024,0.01
8,55504,3942,1.0,5954,1472,54032,0.01
8,55512,3943,1.0,5955,1472,54040,0.01
8,55520,3944,1.0,5956,1472,54048,0.01
8,55528,3945,1.0,5957,1472,54056,0.01
8,55536,3946,1.0,5958,1472,54064,0.01
8,55544,3947,1.0,5959,1472,54072,0.01
8,55552,3948,1.0,5960,1472,54080,0.01
8,55560,3949,1.0,5961,1472,54088,0.01
8,55568,3950,1.0,5962,1472,54096,0.01
8,55576,3951,1.0,5963,1472,54104,0.01
8,55584,3952,1.0,5964,1472,54112,0.01
8,55592,3953,1.0,5965,1472,54120,0.01
8,55600,3954,1.0,5966,1472,54128,0.01
8,55608,3955,1.0,5967,1472,54136,0.01
6,55614,3955,0.0,5968,1473,54141,0.01
8,55622,3956,1.0,5969,1473,54149,0.01
8,55630,3957,1.0,5970,1473,54157,0.01
8,55638,3958,1.0,5971,1473,54165,0.01
8,55646,3959,1.0,5972,1473,54173,0.01
8,55654,3960,1.0,5973,1473,54181,0.01
24,55678,3960,0.0,5974,1474,54204,0.01
8,55686,3961,1.0,5975,1474,54212,0.01
8,55694,3962,1.0,5976,1474,54220,0.01
7,55701,3962,0.0,5977,1475,54226,0.01
8,55709,3963,1.0,5978,1475,54234,0.01
8,55717,3964,1.0,5979,1475,54242,0.01
8,55725,3965,1.0,5980,1475,54250,0.01
8,55733,3966,1.0,5981,1475,54258,0.01
8,55741,3967,1.0,5982,1475,54266,0.01
8,55749,3968,1.0,5983,1475,54274,0.01
8,55757,3969,1.0,5984,1475,54282,0.01
8,55765,3970,1.0,5985,1475,54290,0.01
8,55773,3971,1.0,5986,1475,54298,0.01
8,55781,3972,1.0,5987,1475,54306,0.01
8,55789,3973,1.0,5988,1475,54314,0.01
8,55797,3974,1.0,5989,1475,54322,0.01
8,55805,3975,1.0,5990,1475,54330,0.01
8,55813,3976,1.0,5991,1476,54337,0.01
8,55821,3977,1.0,5992,1476,54345,0.01
6,55827,3977,0.0,5993,1477,54350,0.01
8,55835,3978,1.0,5994,1477,54358,0.01
8,55843,3979,1.0,5995,1477,54366,0.01
8,55851,3980,1.0,5996,1477,54374,0.01
8,55859,3981,1.0,5997,1477,54382,0.01
8,55867,3982,1.0,5998,1477,54390,0.01
8,55875,3983,1.0,5999,1477,54398,0.01
8,55883,3984,1.0,6000,1477,54406,0.01
8,55891,3985,1.0,6001,1477,54414,0.01
8,55899,3986,1.0,6002,1477,54422,0.01
8,55907,3987,1.0,6003,1477,54430,0.01
10,55917,3987,0.0,6004,1478,54439,0.01
8,55925,3988,1.0,6005,1478,54447,0.01
8,55933,3989,1.0,6006,1478,54455,0.01
8,55941,3989,0.0,6007,1479,54462,0.01
8,55949,3990,1.0,6008,1479,54470,0.01
8,55957,3991,1.0,6009,1479,54478,0.01
8,55965,3992,1.0,6010,1479,54486,0.01
8,55973,3993,1.0,6011,1479,54494,0.01
8,55981,3994,1.0,6012,1479,54502,0.01
8,55989,3995,1.0,6013,1479,54510,0.01
8,55997,3995,0.0,6014,1480,54517,0.01
6,56003,3995,0.0,6015,1481,54522,0.01
8,56011,3995,0.0,6016,1481,54530,0.01
8,56019,3995,0.0,6017,1481,54538,0.01
16,56035,3995,0.0,6018,1481,54554,0.01
15,56050,3995,0.0,6019,1481,54569,0.01
16,56066,3995,0.0,6020,1481,54585,0.01
41,56107,3995,0.0,6021,1481,54626,0.01
8,56115,3996,1.0,6022,1481,54634,0.01
16,56131,3996,0.0,6023,1481,54650,0.01
8,56139,3997,1.0,6024,1481,54658,0.01
8,56147,3998,1.0,6025,1481,54666,0.01
8,56155,3999,1.0,6026,1481,54674,0.01
8,56163,4000,1.0,6027,1481,54682,0.01
8,56171,4001,1.0,6028,1481,54690,0.01
8,56179,4002,1.0,6029,1481,54698,0.01
10,56189,4002,0.0,6030,1482,54707,0.01
5,56194,4002,0.0,6031,1483,54711,0.01
8,56202,4003,1.0,6032,1483,54719,0.01
8,56210,4004,1.0,6033,1483,54727,0.01
10,56220,4004,0.0,6034,1483,54737,0.01
5,56225,4004,0.0,6035,1483,54742,0.01
10,56235,4004,0.0,6036,1483,54752,0.01
5,56240,4004,0.0,6037,1483,54757,0.01
8,56248,4004,0.0,6038,1483,54765,0.01
8,56256,4005,1.0,6039,1483,54773,0.01
6,56262,4005,0.0,6040,1483,54779,0.01
8,56270,4006,1.0,6041,1483,54787,0.01
8,56278,4007,1.0,6042,1483,54795,0.01
8,56286,4008,1.0,6043,1483,54803,0.01
8,56294,4009,1.0,6044,1483,54811,0.01
8,56302,4010,1.0,6045,1483,54819,0.01
8,56310,4011,1.0,6046,1483,54827,0.01
8,56318,4012,1.0,6047,1483,54835,0.01
8,56326,4013,1.0,6048,1483,54843,0.01
8,56334,4014,1.0,6049,1483,54851,0.01
8,56342,4015,1.0,6050,1483,54859,0.01
8,56350,4016,1.0,6051,1483,54867,0.01
8,56358,4017,1.0,6052,1483,54875,0.01
8,56366,4018,1.0,6053,1483,54883,0.01
8,56374,4019,1.0,6054,1483,54891,0.01
8,56382,4020,1.0,6055,1483,54899,0.01
8,56390,4021,1.0,6056,1483,54907,0.01
8,56398,4022,1.0,6057,1483,54915,0.01
8,56406,4023,1.0,6058,1483,54923,0.01
8,56414,4024,1.0,6059,1483,54931,0.01
8,56422,4025,1.0,6060,1483,54939,0.01
8,56430,4026,1.0,6061,1483,54947,0.01
8,56438,4027,1.0,6062,1483,54955,0.01
8,56446,4028,1.0,6063,1483,54963,0.01
8,56454,4029,1.0,6064,1483,54971,0.01
8,56462,4030,1.0,6065,1483,54979,0.01
8,56470,4031,1.0,6066,1483,54987,0.01
8,56478,4032,1.0,6067,1483,54995,0.01
8,56486,4033,1.0,6068,1483,55003,0.01
8,56494,4034,1.0,6069,1483,55011,0.01
8,56502,4035,1.0,6070,1483,55019,0.01
8,56510,4036,1.0,6071,1483,55027,0.01
8,56518,4037,1.0,6072,1483,55035,0.01
8,56526,4037,0.0,6073,1484,55042,0.01
8,56534,4038,1.0,6074,1484,55050,0.01
8,56542,4039,1.0,6075,1484,55058,0.01
8,56550,4040,1.0,6076,1484,55066,0.01
8,56558,4041,1.0,6077,1484,55074,0.01
8,56566,4042,1.0,6078,1484,55082,0.01
8,56574,4043,1.0,6079,1484,55090,0.01
8,56582,4044,1.0,6080,1484,55098,0.01
8,56590,4045,1.0,6081,1484,55106,0.01
8,56598,4046,1.0,6082,1485,55113,0.01
8,56606,4047,1.0,6083,1485,55121,0.01
8,56614,4048,1.0,6084,1485,55129,0.01
8,56622,4049,1.0,6085,1485,55137,0.01
8,56630,4050,1.0,6086,1485,55145,0.01
8,56638,4051,1.0,6087,1485,55153,0.01
8,56646,4052,1.0,6088,1485,55161,0.01
8,56654,4053,1.0,6089,1485,55169,0.01
8,56662,4054,1.0,6090,1485,55177,0.01
8,56670,4055,1.0,6091,1485,55185,0.01
8,56678,4056,1.0,6092,1485,55193,0.01
8,56686,4057,1.0,6093,1485,55201,0.01
8,56694,4058,1.0,6094,1485,55209,0.01
8,56702,4059,1.0,6095,1485,55217,0.01
8,56710,4060,1.0,6096,1485,55225,0.01
8,56718,4061,1.0,6097,1485,55233,0.01
8,56726,4062,1.0,6098,1485,55241,0.01
8,56734,4063,1.0,6099,1485,55249,0.01
8,56742,4064,1.0,6100,1485,55257,0.01
8,56750,4065,1.0,6101,1485,55265,0.01
8,56758,4066,1.0,6102,1485,55273,0.01
8,56766,4067,1.0,6103,1485,55281,0.01
8,56774,4068,1.0,6104,1485,55289,0.01
8,56782,4069,1.0,6105,1485,55297,0.01
8,56790,4070,1.0,6106,1485,55305,0.01
8,56798,4071,1.0,6107,1485,55313,0.01
24,56822,4071,0.0,6108,1486,55336,0.01
10,56832,4071,0.0,6109,1486,55346,0.01
8,56840,4072,1.0,6110,1486,55354,0.01
8,56848,4073,1.0,6111,1486,55362,0.01
8,56856,4073,0.0,6112,1487,55369,0.01
8,56864,4074,1.0,6113,1487,55377,0.01
8,56872,4075,1.0,6114,1487,55385,0.01
8,56880,4076,1.0,6115,1487,55393,0.01
8,56888,4077,1.0,6116,1487,55401,0.01
8,56896,4078,1.0,6117,1487,55409,0.01
8,56904,4079,1.0,6118,1487,55417,0.01
8,56912,4080,1.0,6119,1487,55425,0.01
8,56920,4081,1.0,6120,1487,55433,0.01
8,56928,4082,1.0,6121,1487,55441,0.01
8,56936,4083,1.0,6122,1487,55449,0.01
8,56944,4084,1.0,6123,1487,55457,0.01
8,56952,4085,1.0,6124,1487,55465,0.01
8,56960,4086,1.0,6125,1487,55473,0.01
8,56968,4087,1.0,6126,1487,55481,0.01
7,56975,4087,0.0,6127,1488,55487,0.01
8,56983,4088,1.0,6128,1488,55495,0.01
8,56991,4089,1.0,6129,1488,55503,0.01
8,56999,4090,1.0,6130,1488,55511,0.01
8,57007,4091,1.0,6131,1488,55519,0.01
8,57015,4092,1.0,6132,1488,55527,0.01
8,57023,4093,1.0,6133,1488,55535,0.01
8,57031,4094,1.0,6134,1488,55543,0.01
8,57039,4095,1.0,6135,1488,55551,0.01
8,57047,4096,1.0,6136,1488,55559,0.01
8,57055,4097,1.0,6137,1488,55567,0.01
8,57063,4098,1.0,6138,1488,55575,0.01
8,57071,4099,1.0,6139,1488,55583,0.01
8,57079,4100,1.0,6140,1488,55591,0.01
8,57087,4101,1.0,6141,1488,55599,0.01
8,57095,4102,1.0,6142,1488,55607,0.01
8,57103,4103,1.0,6143,1488,55615,0.01
8,57111,4104,1.0,6144,1488,55623,0.01
8,57119,4105,1.0,6145,1488,55631,0.01
8,57127,4106,1.0,6146,1488,55639,0.01
80,57207,4106,0.0,6147,1492,55715,0.01
8,57215,4107,1.0,6148,1492,55723,0.01
8,57223,4108,1.0,6149,1492,55731,0.01
8,57231,4109,1.0,6150,1492,55739,0.01
8,57239,4110,1.0,6151,1492,55747,0.01
8,57247,4111,1.0,6152,1492,55755,0.01
10,57257,4111,0.0,6153,1493,55764,0.01
8,57265,4112,1.0,6154,1493,55772,0.01
10,57275,4112,0.0,6155,1493,55782,0.01
8,57283,4113,1.0,6156,1494,55789,0.01
10,57293,4113,0.0,6157,1494,55799,0.01
8,57301,4113,0.0,6158,1494,55807,0.01
8,57309,4114,1.0,6159,1494,55815,0.01
10,57319,4114,0.0,6160,1494,55825,0.01
8,57327,4115,1.0,6161,1494,55833,0.01
8,57335,4116,1.0,6162,1494,55841,0.01
8,57343,4117,1.0,6163,1494,55849,0.01
8,57351,4118,1.0,6164,1494,55857,0.01
8,57359,4119,1.0,6165,1494,55865,0.01
8,57367,4120,1.0,6166,1494,55873,0.01
8,57375,4121,1.0,6167,1494,55881,0.01
8,57383,4122,1.0,6168,1494,55889,0.01
8,57391,4123,1.0,6169,1494,55897,0.01
8,57399,4124,1.0,6170,1494,55905,0.01
8,57407,4125,1.0,6171,1494,55913,0.01
8,57415,4126,1.0,6172,1494,55921,0.01
8,57423,4127,1.0,6173,1494,55929,0.01
8,57431,4128,1.0,6174,1494,55937,0.01
8,57439,4129,1.0,6175,1494,55945,0.01
8,57447,4130,1.0,6176,1494,55953,0.01
8,57455,4131,1.0,6177,1494,55961,0.01
8,57463,4132,1.0,6178,1494,55969,0.01
8,57471,4133,1.0,6179,1494,55977,0.01
8,57479,4134,1.0,6180,1494,55985,0.01
8,57487,4135,1.0,6181,1494,55993,0.01
8,57495,4136,1.0,6182,1494,56001,0.01
8,57503,4137,1.0,6183,1494,56009,0.01
8,57511,4138,1.0,6184,1494,56017,0.01
8,57519,4139,1.0,6185,1494,56025,0.01
8,57527,4140,1.0,6186,1494,56033,0.01
8,57535,4141,1.0,6187,1494,56041,0.01
8,57543,4142,1.0,6188,1494,56049,0.01
8,57551,4143,1.0,6189,1494,56057,0.01
8,57559,4144,1.0,6190,1494,56065,0.01
8,57567,4145,1.0,6191,1494,56073,0.01
8,57575,4146,1.0,6192,1494,56081,0.01
8,57583,4147,1.0,6193,1494,56089,0.01
8,57591,4148,1.0,6194,1494,56097,0.01
8,57599,4149,1.0,6195,1494,56105,0.01
8,57607,4150,1.0,6196,1494,56113,0.01
8,57615,4151,1.0,6197,1494,56121,0.01
23,57638,4151,0.0,6198,1496,56142,0.01
8,57646,4152,1.0,6199,1496,56150,0.01
8,57654,4153,1.0,6200,1496,56158,0.01
8,57662,4154,1.0,6201,1496,56166,0.01
8,57670,4155,1.0,6202,1496,56174,0.01
10,57680,4155,0.0,6203,1497,56183,0.01
5,57685,4155,0.0,6204,1497,56188,0.01
41,57726,4155,0.0,6205,1497,56229,0.01
4,57730,4155,0.0,6206,1497,56233,0.01
32,57762,4155,0.0,6207,1497,56265,0.01
4,57766,4155,0.0,6208,1497,56269,0.01
4,57770,4155,0.0,6209,1497,56273,0.01
4,57774,4155,0.0,6210,1497,56277,0.01
10,57784,4155,0.0,6211,1497,56287,0.01
4,57788,4155,0.0,6212,1497,56291,0.01
15,57803,4155,0.0,6213,1497,56306,0.01
18,57821,4155,0.0,6214,1498,56323,0.01
42,57863,4155,0.0,6215,1499,56364,0.01
12,57875,4155,0.0,6216,1499,56376,0.01
8,57883,4155,0.0,6217,1499,56384,0.01
7,57890,4155,0.0,6218,1499,56391,0.01
13,57903,4155,0.0,6219,1499,56404,0.01
15,57918,4155,0.0,6220,1499,56419,0.01
6,57924,4155,0.0,6221,1499,56425,0.01
8,57932,4155,0.0,6222,1499,56433,0.01
6,57938,4155,0.0,6223,1499,56439,0.01
7,57945,4155,0.0,6224,1499,56446,0.01
14,57959,4155,0.0,6225,1499,56460,0.01
5,57964,4155,0.0,6226,1499,56465,0.01
4,57968,4155,0.0,6227,1499,56469,0.01
30,57998,4155,0.0,6228,1500,56498,0.01
10,58008,4155,0.0,6229,1500,56508,0.01
4,58012,4155,0.0,6230,1500,56512,0.01
10,58022,4155,0.0,6231,1501,56521,0.01
13,58035,4155,0.0,6232,1501,56534,0.01
4,58039,4155,0.0,6233,1501,56538,0.01
8,58047,4155,0.0,6234,1501,56546,0.01
24,58071,4155,0.0,6235,1501,56570,0.01
5,58076,4155,0.0,6236,1501,56575,0.01
4,58080,4155,0.0,6237,1501,56579,0.01
8,58088,4155,0.0,6238,1501,56587,0.01
6,58094,4155,0.0,6239,1501,56593,0.01
23,58117,4155,0.0,6240,1502,56615,0.01
32,58149,4155,0.0,6241,1503,56646,0.01
31,58180,4155,0.0,6242,1504,56676,0.01
5,58185,4155,0.0,6243,1504,56681,0.01
4,58189,4155,0.0,6244,1504,56685,0.01
8,58197,4156,1.0,6245,1504,56693,0.01
11,58208,4156,0.0,6246,1504,56704,0.01
4,58212,4156,0.0,6247,1504,56708,0.01
4,58216,4156,0.0,6248,1504,56712,0.01
4,58220,4156,0.0,6249,1504,56716,0.01
41,58261,4156,0.0,6250,1505,56756,0.01
4,58265,4156,0.0,6251,1505,56760,0.01
15,58280,4156,0.0,6252,1505,56775,0.01
4,58284,4156,0.0,6253,1505,56779,0.01
4,58288,4156,0.0,6254,1505,56783,0.01
4,58292,4156,0.0,6255,1505,56787,0.01
15,58307,4156,0.0,6256,1505,56802,0.01
4,58311,4156,0.0,6257,1505,56806,0.01
4,58315,4156,0.0,6258,1505,56810,0.01
15,58330,4156,0.0,6259,1505,56825,0.01
4,58334,4156,0.0,6260,1505,56829,0.01
4,58338,4156,0.0,6261,1505,56833,0.01
15,58353,4156,0.0,6262,1505,56848,0.01
8,58361,4157,1.0,6263,1505,56856,0.01
4,58365,4157,0.0,6264,1505,56860,0.01
4,58369,4157,0.0,6265,1505,56864,0.01
4,58373,4157,0.0,6266,1505,56868,0.01
4,58377,4157,0.0,6267,1505,56872,0.01
4,58381,4157,0.0,6268,1505,56876,0.01
4,58385,4157,0.0,6269,1505,56880,0.01
4,58389,4157,0.0,6270,1505,56884,0.01
4,58393,4157,0.0,6271,1505,56888,0.01
4,58397,4157,0.0,6272,1505,56892,0.01
4,58401,4157,0.0,6273,1505,56896,0.01
24,58425,4157,0.0,6274,1505,56920,0.01
27,58452,4157,0.0,6275,1506,56946,0.01
38,58490,4157,0.0,6276,1506,56984,0.01
32,58522,4157,0.0,6277,1507,57015,0.01
13,58535,4157,0.0,6278,1509,57026,0.01
12,58547,4157,0.0,6279,1511,57036,0.01
4,58551,4157,0.0,6280,1511,57040,0.01
12,58563,4157,0.0,6281,1511,57052,0.01
14,58577,4157,0.0,6282,1511,57066,0.01
16,58593,4157,0.0,6283,1511,57082,0.01
3,58596,4157,0.0,6284,1511,57085,0.01
12,58608,4157,0.0,6285,1511,57097,0.01
13,58621,4157,0.0,6286,1511,57110,0.01
3,58624,4157,0.0,6287,1511,57113,0.01
12,58636,4157,0.0,6288,1511,57125,0.01
13,58649,4157,0.0,6289,1511,57138,0.01
14,58663,4157,0.0,6290,1511,57152,0.01
6,58669,4157,0.0,6291,1511,57158,0.01
14,58683,4157,0.0,6292,1512,57171,0.01
32,58715,4157,0.0,6293,1513,57202,0.01
45,58760,4157,0.0,6294,1514,57246,0.01
24,58784,4157,0.0,6295,1514,57270,0.01
3,58787,4157,0.0,6296,1514,57273,0.01
26,58813,4157,0.0,6297,1514,57299,0.01
14,58827,4157,0.0,6298,1514,57313,0.01
24,58851,4157,0.0,6299,1514,57337,0.01
3,58854,4157,0.0,6300,1514,57340,0.01
5,58859,4157,0.0,6301,1514,57345,0.01
8,58867,4157,0.0,6302,1514,57353,0.01
4,58871,4157,0.0,6303,1514,57357,0.01
6,58877,4157,0.0,6304,1514,57363,0.01
4,58881,4157,0.0,6305,1514,57367,0.01
8,58889,4158,1.0,6306,1514,57375,0.01
11,58900,4158,0.0,6307,1514,57386,0.01
4,58904,4158,0.0,6308,1514,57390,0.01
67,58971,4158,0.0,6309,1514,57457,0.01
24,58995,4158,0.0,6310,1514,57481,0.01
24,59019,4158,0.0,6311,1515,57504,0.01
24,59043,4158,0.0,6312,1515,57528,0.01
24,59067,4158,0.0,6313,1515,57552,0.01
24,59091,4158,0.0,6314,1515,57576,0.01
24,59115,4158,0.0,6315,1515,57600,0.01
24,59139,4158,0.0,6316,1516,57623,0.01
24,59163,4158,0.0,6317,1516,57647,0.01
24,59187,4158,0.0,6318,1516,57671,0.01
22,59209,4158,0.0,6319,1517,57692,0.01
6,59215,4158,0.0,6320,1517,57698,0.01
19,59234,4158,0.0,6321,1517,57717,0.01
16,59250,4158,0.0,6322,1517,57733,0.01
6,59256,4158,0.0,6323,1517,57739,0.01
24,59280,4158,0.0,6324,1517,57763,0.01
11,59291,4158,0.0,6325,1517,57774,0.01
19,59310,4158,0.0,6326,1517,57793,0.01
67,59377,4158,0.0,6327,1519,57858,0.01
24,59401,4158,0.0,6328,1519,57882,0.01
24,59425,4158,0.0,6329,1519,57906,0.01
24,59449,4158,0.0,6330,1519,57930,0.01
67,59516,4158,0.0,6331,1520,57996,0.01
24,59540,4158,0.0,6332,1520,58020,0.01
41,59581,4158,0.0,6333,1520,58061,0.01
24,59605,4158,0.0,6334,1520,58085,0.01
24,59629,4158,0.0,6335,1520,58109,0.01
41,59670,4158,0.0,6336,1520,58150,0.01
8,59678,4158,0.0,6337,1520,58158,0.01
38,59716,4158,0.0,6338,1520,58196,0.01
16,59732,4158,0.0,6339,1520,58212,0.01
19,59751,4158,0.0,6340,1520,58231,0.01
21,59772,4158,0.0,6341,1520,58252,0.01
19,59791,4158,0.0,6342,1521,58270,0.01
14,59805,4158,0.0,6343,1521,58284,0.01
12,59817,4158,0.0,6344,1521,58296,0.01
5,59822,4158,0.0,6345,1521,58301,0.01
12,59834,4158,0.0,6346,1521,58313,0.01
20,59854,4158,0.0,6347,1521,58333,0.01
12,59866,4158,0.0,6348,1521,58345,0.01
8,59874,4158,0.0,6349,1521,58353,0.01
4,59878,4158,0.0,6350,1521,58357,0.01
6,59884,4158,0.0,6351,1521,58363,0.01
10,59894,4158,0.0,6352,1521,58373,0.01
14,59908,4158,0.0,6353,1521,58387,0.01
2,59910,4158,0.0,6354,1521,58389,0.01
7,59917,4158,0.0,6355,1521,58396,0.01
26,59943,4158,0.0,6356,1521,58422,0.01
2,59945,4158,0.0,6357,1521,58424,0.01
11,59956,4158,0.0,6358,1521,58435,0.01
2,59958,4158,0.0,6359,1521,58437,0.01
5,59963,4158,0.0,6360,1521,58442,0.01
7,59970,4158,0.0,6361,1522,58448,0.01
12,59982,4158,0.0,6362,1523,58459,0.01
2,59984,4158,0.0,6363,1523,58461,0.01
8,59992,4158,0.0,6364,1523,58469,0.01
10,60002,4158,0.0,6365,1523,58479,0.01
20,60022,4158,0.0,6366,1523,58499,0.01
6,60028,4158,0.0,6367,1523,58505,0.01
8,60036,4158,0.0,6368,1523,58513,0.01
10,60046,4158,0.0,6369,1523,58523,0.01
8,60054,4158,0.0,6370,1523,58531,0.01
11,60065,4158,0.0,6371,1523,58542,0.01
8,60073,4158,0.0,6372,1523,58550,0.01
11,60084,4158,0.0,6373,1523,58561,0.01
7,60091,4158,0.0,6374,1523,58568,0.01
8,60099,4158,0.0,6375,1523,58576,0.01
14,60113,4158,0.0,6376,1523,58590,0.01
11,60124,4158,0.0,6377,1523,58601,0.01
11,60135,4158,0.0,6378,1523,58612,0.01
9,60144,4158,0.0,6379,1523,58621,0.01
8,60152,4158,0.0,6380,1523,58629,0.01
13,60165,4158,0.0,6381,1523,58642,0.01
13,60178,4158,0.0,6382,1523,58655,0.01
11,60189,4158,0.0,6383,1523,58666,0.01
10,60199,4158,0.0,6384,1523,58676,0.01
14,60213,4158,0.0,6385,1523,58690,0.01
13,60226,4158,0.0,6386,1523,58703,0.01
3,60229,4158,0.0,6387,1523,58706,0.01
5,60234,4158,0.0,6388,1523,58711,0.01
2,60236,4158,0.0,6389,1523,58713,0.01
6,60242,4158,0.0,6390,1523,58719,0.01
4,60246,4158,0.0,6391,1523,58723,0.01
4,60250,4158,0.0,6392,1523,58727,0.01
15,60265,4158,0.0,6393,1524,58741,0.01
14,60279,4158,0.0,6394,1524,58755,0.01
12,60291,4158,0.0,6395,1524,58767,0.01
20,60311,4158,0.0,6396,1524,58787,0.01
16,60327,4158,0.0,6397,1524,58803,0.01
21,60348,4158,0.0,6398,1525,58823,0.01
12,60360,4159,1.0,6399,1525,58835,0.01
3,60363,4159,0.0,6400,1525,58838,0.01
9,60372,4159,0.0,6401,1525,58847,0.01
10,60382,4159,0.0,6402,1525,58857,0.01
11,60393,4159,0.0,6403,1525,58868,0.01
4,60397,4159,0.0,6404,1525,58872,0.01
18,60415,4159,0.0,6405,1525,58890,0.01
6,60421,4159,0.0,6406,1525,58896,0.01
6,60427,4159,0.0,6407,1525,58902,0.01
6,60433,4159,0.0,6408,1525,58908,0.01
6,60439,4159,0.0,6409,1525,58914,0.01
6,60445,4159,0.0,6410,1525,58920,0.01
6,60451,4159,0.0,6411,1525,58926,0.01
6,60457,4159,0.0,6412,1525,58932,0.01
6,60463,4159,0.0,6413,1525,58938,0.01
6,60469,4159,0.0,6414,1525,58944,0.01
6,60475,4159,0.0,6415,1525,58950,0.01
6,60481,4159,0.0,6416,1525,58956,0.01
6,60487,4159,0.0,6417,1525,58962,0.01
6,60493,4159,0.0,6418,1525,58968,0.01
8,60501,4159,0.0,6419,1525,58976,0.01
8,60509,4159,0.0,6420,1525,58984,0.01
8,60517,4159,0.0,6421,1525,58992,0.01
8,60525,4159,0.0,6422,1525,59000,0.01
8,60533,4159,0.0,6423,1525,59008,0.01
8,60541,4159,0.0,6424,1525,59016,0.01
8,60549,4159,0.0,6425,1525,59024,0.01
6,60555,4159,0.0,6426,1525,59030,0.01
6,60561,4159,0.0,6427,1525,59036,0.01
41,60602,4159,0.0,6428,1525,59077,0.01
7,60609,4159,0.0,6429,1525,59084,0.01
7,60616,4159,0.0,6430,1525,59091,0.01
11,60627,4159,0.0,6431,1525,59102,0.01
35,60662,4159,0.0,6432,1525,59137,0.01
21,60683,4159,0.0,6433,1525,59158,0.01
4,60687,4159,0.0,6434,1525,59162,0.01
4,60691,4159,0.0,6435,1525,59166,0.01
4,60695,4159,0.0,6436,1525,59170,0.01
4,60699,4159,0.0,6437,1525,59174,0.01
4,60703,4159,0.0,6438,1525,59178,0.01
4,60707,4159,0.0,6439,1525,59182,0.01
4,60711,4159,0.0,6440,1525,59186,0.01
4,60715,4159,0.0,6441,1525,59190,0.01
4,60719,4159,0.0,6442,1525,59194,0.01
4,60723,4159,0.0,6443,1525,59198,0.01
4,60727,4159,0.0,6444,1525,59202,0.01
4,60731,4159,0.0,6445,1525,59206,0.01
4,60735,4159,0.0,6446,1525,59210,0.01
4,60739,4159,0.0,6447,1525,59214,0.01
4,60743,4159,0.0,6448,1525,59218,0.01
4,60747,4159,0.0,6449,1525,59222,0.01
5,60752,4159,0.0,6450,1525,59227,0.01
22,60774,4159,0.0,6451,1525,59249,0.01
22,60796,4159,0.0,6452,1525,59271,0.01
41,60837,4159,0.0,6453,1526,59311,0.01
45,60882,4159,0.0,6454,1527,59355,0.01
22,60904,4159,0.0,6455,1527,59377,0.01
20,60924,4159,0.0,6456,1528,59396,0.01
20,60944,4159,0.0,6457,1528,59416,0.01
8,60952,4159,0.0,6458,1528,59424,0.01
20,60972,4159,0.0,6459,1528,59444,0.01
41,61013,4159,0.0,6460,1528,59485,0.01
41,61054,4159,0.0,6461,1528,59526,0.01
8,61062,4159,0.0,6462,1528,59534,0.01
16,61078,4159,0.0,6463,1528,59550,0.01
14,61092,4159,0.0,6464,1529,59563,0.01
41,61133,4159,0.0,6465,1529,59604,0.01
12,61145,4159,0.0,6466,1529,59616,0.01
9,61154,4159,0.0,6467,1529,59625,0.01
22,61176,4159,0.0,6468,1529,59647,0.01
41,61217,4159,0.0,6469,1529,59688,0.01
22,61239,4159,0.0,6470,1529,59710,0.01
14,61253,4159,0.0,6471,1530,59723,0.01
8,61261,4159,0.0,6472,1530,59731,0.01
15,61276,4159,0.0,6473,1530,59746,0.01
15,61291,4159,0.0,6474,1530,59761,0.01
15,61306,4159,0.0,6475,1530,59776,0.01
15,61321,4159,0.0,6476,1530,59791,0.01
14,61335,4159,0.0,6477,1531,59804,0.01
15,61350,4159,0.0,6478,1531,59819,0.01
15,61365,4159,0.0,6479,1531,59834,0.01
15,61380,4159,0.0,6480,1531,59849,0.01
15,61395,4159,0.0,6481,1531,59864,0.01
15,61410,4159,0.0,6482,1531,59879,0.01
11,61421,4159,0.0,6483,1532,59889,0.01
15,61436,4159,0.0,6484,1532,59904,0.01
15,61451,4159,0.0,6485,1533,59918,0.01
15,61466,4159,0.0,6486,1533,59933,0.01
15,61481,4159,0.0,6487,1533,59948,0.01
15,61496,4159,0.0,6488,1533,59963,0.01
22,61518,4159,0.0,6489,1533,59985,0.01
16,61534,4159,0.0,6490,1533,60001,0.01
10,61544,4159,0.0,6491,1533,60011,0.01
16,61560,4159,0.0,6492,1533,60027,0.01
29,61589,4159,0.0,6493,1534,60055,0.01
41,61630,4159,0.0,6494,1534,60096,0.01
41,61671,4159,0.0,6495,1534,60137,0.01
41,61712,4159,0.0,6496,1534,60178,0.01
10,61722,4159,0.0,6497,1534,60188,0.01
16,61738,4159,0.0,6498,1534,60204,0.01
16,61754,4159,0.0,6499,1534,60220,0.01
90,61844,4159,0.0,6500,1536,60308,0.01
14,61858,4159,0.0,6501,1537,60321,0.01
16,61874,4159,0.0,6502,1538,60336,0.01
16,61890,4159,0.0,6503,1538,60352,0.01
16,61906,4159,0.0,6504,1538,60368,0.01
16,61922,4159,0.0,6505,1538,60384,0.01
16,61938,4159,0.0,6506,1538,60400,0.01
16,61954,4159,0.0,6507,1538,60416,0.01
16,61970,4159,0.0,6508,1538,60432,0.01
16,61986,4159,0.0,6509,1538,60448,0.01
16,62002,4159,0.0,6510,1538,60464,0.01
16,62018,4159,0.0,6511,1538,60480,0.01
43,62061,4159,0.0,6512,1539,60522,0.01
15,62076,4159,0.0,6513,1539,60537,0.01
15,62091,4159,0.0,6514,1539,60552,0.01
28,62119,4159,0.0,6515,1540,60579,0.01
14,62133,4159,0.0,6516,1540,60593,0.01
15,62148,4159,0.0,6517,1540,60608,0.01
14,62162,4159,0.0,6518,1540,60622,0.01
15,62177,4159,0.0,6519,1540,60637,0.01
14,62191,4159,0.0,6520,1540,60651,0.01
41,62232,4159,0.0,6521,1540,60692,0.01
15,62247,4159,0.0,6522,1540,60707,0.01
5,62252,4159,0.0,6523,1540,60712,0.01
18,62270,4159,0.0,6524,1540,60730,0.01
19,62289,4159,0.0,6525,1540,60749,0.01
71,62360,4159,0.0,6526,1540,60820,0.01
22,62382,4159,0.0,6527,1541,60841,0.01
32,62414,4159,0.0,6528,1541,60873,0.01
4,62418,4159,0.0,6529,1541,60877,0.01
43,62461,4160,1.0,6530,1541,60920,0.01
26,62487,4160,0.0,6531,1541,60946,0.01
24,62511,4160,0.0,6532,1541,60970,0.01
28,62539,4160,0.0,6533,1541,60998,0.01
7,62546,4160,0.0,6534,1541,61005,0.01
2,62548,4160,0.0,6535,1541,61007,0.01
22,62570,4160,0.0,6536,1541,61029,0.01
27,62597,4160,0.0,6537,1541,61056,0.01
4,62601,4160,0.0,6538,1541,61060,0.01
4,62605,4160,0.0,6539,1541,61064,0.01
15,62620,4160,0.0,6540,1541,61079,0.01
16,62636,4160,0.0,6541,1541,61095,0.01
15,62651,4160,0.0,6542,1541,61110,0.01
2,62653,4160,0.0,6543,1541,61112,0.01
17,62670,4160,0.0,6544,1541,61129,0.01
63,62733,4160,0.0,6545,1541,61192,0.01
10,62743,4160,0.0,6546,1541,61202,0.01
37,62780,4160,0.0,6547,1541,61239,0.01
4,62784,4160,0.0,6548,1541,61243,0.01
6,62790,4160,0.0,6549,1542,61248,0.01
5,62795,4160,0.0,6550,1542,61253,0.01
14,62809,4160,0.0,6551,1542,61267,0.01
17,62826,4160,0.0,6552,1542,61284,0.01
3,62829,4160,0.0,6553,1542,61287,0.01
3,62832,4160,0.0,6554,1542,61290,0.01
12,62844,4160,0.0,6555,1542,61302,0.01
24,62868,4160,0.0,6556,1543,61325,0.01
16,62884,4160,0.0,6557,1543,61341,0.01
17,62901,4160,0.0,6558,1543,61358,0.01
11,62912,4160,0.0,6559,1543,61369,0.01
4,62916,4160,0.0,6560,1543,61373,0.01
16,62932,4160,0.0,6561,1543,61389,0.01
16,62948,4160,0.0,6562,1543,61405,0.01
14,62962,4160,0.0,6563,1544,61418,0.01
19,62981,4160,0.0,6564,1545,61436,0.01
20,63001,4160,0.0,6565,1545,61456,0.01
4,63005,4160,0.0,6566,1545,61460,0.01
31,63036,4160,0.0,6567,1546,61490,0.01
18,63054,4160,0.0,6568,1546,61508,0.01
18,63072,4160,0.0,6569,1546,61526,0.01
18,63090,4160,0.0,6570,1546,61544,0.01
18,63108,4160,0.0,6571,1546,61562,0.01
18,63126,4160,0.0,6572,1547,61579,0.01
21,63147,4160,0.0,6573,1547,61600,0.01
19,63166,4160,0.0,6574,1548,61618,0.01
18,63184,4160,0.0,6575,1548,61636,0.01
21,63205,4160,0.0,6576,1548,61657,0.01
17,63222,4160,0.0,6577,1548,61674,0.01
18,63240,4160,0.0,6578,1548,61692,0.01
18,63258,4160,0.0,6579,1548,61710,0.01
18,63276,4160,0.0,6580,1548,61728,0.01
18,63294,4160,0.0,6581,1548,61746,0.01
18,63312,4160,0.0,6582,1548,61764,0.01
8,63320,4160,0.0,6583,1549,61771,0.01
8,63328,4160,0.0,6584,1549,61779,0.01
8,63336,4160,0.0,6585,1549,61787,0.01
8,63344,4160,0.0,6586,1549,61795,0.01
8,63352,4160,0.0,6587,1549,61803,0.01
8,63360,4160,0.0,6588,1549,61811,0.01
8,63368,4160,0.0,6589,1549,61819,0.01
18,63386,4160,0.0,6590,1549,61837,0.01
8,63394,4160,0.0,6591,1549,61845,0.01
5,63399,4160,0.0,6592,1550,61849,0.01
3,63402,4160,0.0,6593,1550,61852,0.01
8,63410,4160,0.0,6594,1550,61860,0.01
6,63416,4160,0.0,6595,1551,61865,0.01
6,63422,4160,0.0,6596,1551,61871,0.01
7,63429,4160,0.0,6597,1551,61878,0.01
8,63437,4160,0.0,6598,1551,61886,0.01
8,63445,4160,0.0,6599,1551,61894,0.01
8,63453,4160,0.0,6600,1551,61902,0.01
18,63471,4160,0.0,6601,1552,61919,0.01
6,63477,4160,0.0,6602,1552,61925,0.01
6,63483,4160,0.0,6603,1552,61931,0.01
6,63489,4160,0.0,6604,1552,61937,0.01
7,63496,4160,0.0,6605,1552,61944,0.01
8,63504,4160,0.0,6606,1552,61952,0.01
8,63512,4160,0.0,6607,1552,61960,0.01
43,63555,4160,0.0,6608,1553,62002,0.01
6,63561,4160,0.0,6609,1553,62008,0.01
6,63567,4160,0.0,6610,1553,62014,0.01
6,63573,4160,0.0,6611,1553,62020,0.01
6,63579,4160,0.0,6612,1553,62026,0.01
31,63610,4160,0.0,6613,1553,62057,0.01
6,63616,4160,0.0,6614,1553,62063,0.01
6,63622,4160,0.0,6615,1553,62069,0.01
6,63628,4160,0.0,6616,1553,62075,0.01
6,63634,4160,0.0,6617,1553,62081,0.01
6,63640,4160,0.0,6618,1553,62087,0.01
6,63646,4160,0.0,6619,1553,62093,0.01
26,63672,4160,0.0,6620,1553,62119,0.01
18,63690,4160,0.0,6621,1553,62137,0.01
31,63721,4160,0.0,6622,1553,62168,0.01
6,63727,4160,0.0,6623,1553,62174,0.01
6,63733,4160,0.0,6624,1553,62180,0.01
6,63739,4160,0.0,6625,1553,62186,0.01
6,63745,4160,0.0,6626,1553,62192,0.01
6,63751,4160,0.0,6627,1553,62198,0.01
31,63782,4160,0.0,6628,1554,62228,0.01
6,63788,4160,0.0,6629,1554,62234,0.01
6,63794,4160,0.0,6630,1554,62240,0.01
6,63800,4160,0.0,6631,1554,62246,0.01
6,63806,4160,0.0,6632,1554,62252,0.01
6,63812,4160,0.0,6633,1554,62258,0.01
27,63839,4160,0.0,6634,1555,62284,0.01
24,63863,4160,0.0,6635,1555,62308,0.01
6,63869,4160,0.0,6636,1555,62314,0.01
14,63883,4160,0.0,6637,1556,62327,0.01
6,63889,4160,0.0,6638,1556,62333,0.01
6,63895,4160,0.0,6639,1556,62339,0.01
6,63901,4160,0.0,6640,1556,62345,0.01
6,63907,4160,0.0,6641,1556,62351,0.01
6,63913,4160,0.0,6642,1556,62357,0.01
6,63919,4160,0.0,6643,1556,62363,0.01
26,63945,4160,0.0,6644,1556,62389,0.01
28,63973,4160,0.0,6645,1556,62417,0.01
21,63994,4160,0.0,6646,1557,62437,0.01
24,64018,4160,0.0,6647,1557,62461,0.01
16,64034,4161,1.0,6648,1557,62477,0.01
12,64046,4161,0.0,6649,1557,62489,0.01
6,64052,4161,0.0,6650,1557,62495,0.01
6,64058,4161,0.0,6651,1557,62501,0.01
6,64064,4161,0.0,6652,1557,62507,0.01
6,64070,4161,0.0,6653,1557,62513,0.01
6,64076,4161,0.0,6654,1557,62519,0.01
6,64082,4161,0.0,6655,1557,62525,0.01
6,64088,4161,0.0,6656,1557,62531,0.01
26,64114,4161,0.0,6657,1557,62557,0.01
6,64120,4161,0.0,6658,1557,62563,0.01
6,64126,4161,0.0,6659,1557,62569,0.01
12,64138,4161,0.0,6660,1557,62581,0.01
6,64144,4161,0.0,6661,1557,62587,0.01
7,64151,4161,0.0,6662,1558,62593,0.01
18,64169,4161,0.0,6663,1558,62611,0.01
6,64175,4161,0.0,6664,1558,62617,0.01
6,64181,4161,0.0,6665,1558,62623,0.01
6,64187,4161,0.0,6666,1558,62629,0.01
6,64193,4161,0.0,6667,1558,62635,0.01
7,64200,4161,0.0,6668,1558,62642,0.01
11,64211,4161,0.0,6669,1558,62653,0.01
16,64227,4161,0.0,6670,1558,62669,0.01
6,64233,4161,0.0,6671,1558,62675,0.01
7,64240,4161,0.0,6672,1558,62682,0.01
8,64248,4161,0.0,6673,1558,62690,0.01
18,64266,4161,0.0,6674,1558,62708,0.01
6,64272,4161,0.0,6675,1558,62714,0.01
6,64278,4161,0.0,6676,1558,62720,0.01
6,64284,4161,0.0,6677,1558,62726,0.01
6,64290,4161,0.0,6678,1558,62732,0.01
6,64296,4161,0.0,6679,1558,62738,0.01
6,64302,4161,0.0,6680,1558,62744,0.01
6,64308,4161,0.0,6681,1558,62750,0.01
6,64314,4161,0.0,6682,1558,62756,0.01
6,64320,4161,0.0,6683,1558,62762,0.01
6,64326,4161,0.0,6684,1558,62768,0.01
22,64348,4161,0.0,6685,1558,62790,0.01
7,64355,4161,0.0,6686,1558,62797,0.01
13,64368,4161,0.0,6687,1558,62810,0.01
35,64403,4161,0.0,6688,1558,62845,0.01
35,64438,4161,0.0,6689,1559,62879,0.01
22,64460,4161,0.0,6690,1559,62901,0.01
11,64471,4161,0.0,6691,1559,62912,0.01
6,64477,4161,0.0,6692,1559,62918,0.01
10,64487,4161,0.0,6693,1559,62928,0.01
6,64493,4161,0.0,6694,1559,62934,0.01
17,64510,4161,0.0,6695,1559,62951,0.01
6,64516,4161,0.0,6696,1559,62957,0.01
6,64522,4161,0.0,6697,1559,62963,0.01
6,64528,4161,0.0,6698,1559,62969,0.01
2,64530,4161,0.0,6699,1560,62970,0.01
18,64548,4161,0.0,6700,1561,62987,0.01
6,64554,4161,0.0,6701,1561,62993,0.01
4,64558,4161,0.0,6702,1561,62997,0.01
18,64576,4161,0.0,6703,1562,63014,0.01
42,64618,4161,0.0,6704,1562,63056,0.01
16,64634,4161,0.0,6705,1563,63071,0.01
6,64640,4161,0.0,6706,1563,63077,0.01
6,64646,4161,0.0,6707,1563,63083,0.01
6,64652,4161,0.0,6708,1563,63089,0.01
6,64658,4161,0.0,6709,1563,63095,0.01
6,64664,4161,0.0,6710,1563,63101,0.01
6,64670,4161,0.0,6711,1563,63107,0.01
6,64676,4161,0.0,6712,1563,63113,0.01
6,64682,4161,0.0,6713,1564,63118,0.01
6,64688,4161,0.0,6714,1564,63124,0.01
6,64694,4161,0.0,6715,1564,63130,0.01
7,64701,4161,0.0,6716,1564,63137,0.01
26,64727,4161,0.0,6717,1564,63163,0.01
17,64744,4161,0.0,6718,1564,63180,0.01
18,64762,4161,0.0,6719,1564,63198,0.01
18,64780,4161,0.0,6720,1564,63216,0.01
18,64798,4161,0.0,6721,1564,63234,0.01
18,64816,4161,0.0,6722,1564,63252,0.01
18,64834,4161,0.0,6723,1564,63270,0.01
18,64852,4161,0.0,6724,1564,63288,0.01
18,64870,4161,0.0,6725,1564,63306,0.01
17,64887,4161,0.0,6726,1565,63322,0.01
18,64905,4161,0.0,6727,1565,63340,0.01
18,64923,4161,0.0,6728,1565,63358,0.01
17,64940,4161,0.0,6729,1565,63375,0.01
18,64958,4161,0.0,6730,1565,63393,0.01
18,64976,4161,0.0,6731,1565,63411,0.01
8,64984,4161,0.0,6732,1566,63418,0.01
24,65008,4161,0.0,6733,1568,63440,0.01
18,65026,4161,0.0,6734,1569,63457,0.01
18,65044,4161,0.0,6735,1570,63474,0.01
18,65062,4161,0.0,6736,1570,63492,0.01
20,65082,4161,0.0,6737,1571,63511,0.01
18,65100,4161,0.0,6738,1571,63529,0.01
8,65108,4161,0.0,6739,1572,63536,0.01
35,65143,4161,0.0,6740,1572,63571,0.01
18,65161,4161,0.0,6741,1572,63589,0.01
18,65179,4161,0.0,6742,1572,63607,0.01
18,65197,4161,0.0,6743,1572,63625,0.01
18,65215,4161,0.0,6744,1572,63643,0.01
17,65232,4161,0.0,6745,1572,63660,0.01
18,65250,4161,0.0,6746,1572,63678,0.01
18,65268,4161,0.0,6747,1572,63696,0.01
24,65292,4161,0.0,6748,1572,63720,0.01
18,65310,4161,0.0,6749,1572,63738,0.01
18,65328,4161,0.0,6750,1572,63756,0.01
18,65346,4161,0.0,6751,1573,63773,0.01
18,65364,4161,0.0,6752,1573,63791,0.01
18,65382,4161,0.0,6753,1573,63809,0.01
18,65400,4161,0.0,6754,1573,63827,0.01
18,65418,4161,0.0,6755,1573,63845,0.01
18,65436,4161,0.0,6756,1573,63863,0.01
18,65454,4161,0.0,6757,1573,63881,0.01
18,65472,4161,0.0,6758,1573,63899,0.01
18,65490,4161,0.0,6759,1573,63917,0.01
18,65508,4161,0.0,6760,1573,63935,0.01
14,65522,4161,0.0,6761,1573,63949,0.01
23,65545,4161,0.0,6762,1573,63972,0.01
18,65563,4161,0.0,6763,1573,63990,0.01
18,65581,4161,0.0,6764,1574,64007,0.01
8,65589,4161,0.0,6765,1574,64015,0.01
18,65607,4161,0.0,6766,1574,64033,0.01
14,65621,4161,0.0,6767,1574,64047,0.01
18,65639,4161,0.0,6768,1574,64065,0.01
18,65657,4161,0.0,6769,1574,64083,0.01
12,65669,4161,0.0,6770,1574,64095,0.01
23,65692,4161,0.0,6771,1574,64118,0.01
18,65710,4161,0.0,6772,1574,64136,0.01
18,65728,4161,0.0,6773,1574,64154,0.01
17,65745,4161,0.0,6774,1574,64171,0.01
18,65763,4161,0.0,6775,1574,64189,0.01
18,65781,4161,0.0,6776,1574,64207,0.01
8,65789,4161,0.0,6777,1574,64215,0.01
23,65812,4161,0.0,6778,1574,64238,0.01
18,65830,4161,0.0,6779,1575,64255,0.01
6,65836,4161,0.0,6780,1575,64261,0.01
24,65860,4161,0.0,6781,1575,64285,0.01
16,65876,4161,0.0,6782,1575,64301,0.01
6,65882,4161,0.0,6783,1576,64306,0.01
29,65911,4161,0.0,6784,1577,64334,0.01
18,65929,4161,0.0,6785,1577,64352,0.01
6,65935,4161,0.0,6786,1577,64358,0.01
3,65938,4161,0.0,6787,1577,64361,0.01
6,65944,4161,0.0,6788,1577,64367,0.01
4,65948,4161,0.0,6789,1578,64370,0.01
19,65967,4161,0.0,6790,1578,64389,0.01
4,65971,4161,0.0,6791,1578,64393,0.01
4,65975,4161,0.0,6792,1578,64397,0.01
7,65982,4161,0.0,6793,1578,64404,0.01
22,66004,4161,0.0,6794,1578,64426,0.01
4,66008,4161,0.0,6795,1578,64430,0.01
5,66013,4161,0.0,6796,1578,64435,0.01
5,66018,4161,0.0,6797,1578,64440,0.01
4,66022,4161,0.0,6798,1578,64444,0.01
15,66037,4161,0.0,6799,1578,64459,0.01
4,66041,4161,0.0,6800,1578,64463,0.01
15,66056,4161,0.0,6801,1578,64478,0.01
15,66071,4161,0.0,6802,1578,64493,0.01
15,66086,4161,0.0,6803,1578,64508,0.01
15,66101,4161,0.0,6804,1578,64523,0.01
15,66116,4161,0.0,6805,1578,64538,0.01
15,66131,4161,0.0,6806,1578,64553,0.01
4,66135,4161,0.0,6807,1578,64557,0.01
15,66150,4161,0.0,6808,1578,64572,0.01
4,66154,4161,0.0,6809,1578,64576,0.01
15,66169,4161,0.0,6810,1578,64591,0.01
4,66173,4161,0.0,6811,1578,64595,0.01
23,66196,4161,0.0,6812,1578,64618,0.01
4,66200,4161,0.0,6813,1578,64622,0.01
4,66204,4161,0.0,6814,1578,64626,0.01
4,66208,4161,0.0,6815,1578,64630,0.01
4,66212,4161,0.0,6816,1578,64634,0.01
4,66216,4161,0.0,6817,1578,64638,0.01
4,66220,4161,0.0,6818,1579,64641,0.01
4,66224,4161,0.0,6819,1579,64645,0.01
4,66228,4161,0.0,6820,1579,64649,0.01
4,66232,4161,0.0,6821,1579,64653,0.01
4,66236,4161,0.0,6822,1579,64657,0.01
4,66240,4161,0.0,6823,1579,64661,0.01
4,66244,4161,0.0,6824,1579,64665,0.01
15,66259,4161,0.0,6825,1580,64679,0.01
24,66283,4161,0.0,6826,1580,64703,0.01
41,66324,4161,0.0,6827,1580,64744,0.01
4,66328,4161,0.0,6828,1580,64748,0.01
4,66332,4161,0.0,6829,1580,64752,0.01
4,66336,4161,0.0,6830,1580,64756,0.01
4,66340,4161,0.0,6831,1580,64760,0.01
4,66344,4161,0.0,6832,1580,64764,0.01
4,66348,4161,0.0,6833,1580,64768,0.01
4,66352,4161,0.0,6834,1580,64772,0.01
4,66356,4161,0.0,6835,1580,64776,0.01
4,66360,4161,0.0,6836,1580,64780,0.01
15,66375,4161,0.0,6837,1580,64795,0.01
4,66379,4161,0.0,6838,1580,64799,0.01
15,66394,4161,0.0,6839,1580,64814,0.01
4,66398,4161,0.0,6840,1580,64818,0.01
15,66413,4161,0.0,6841,1580,64833,0.01
8,66421,4161,0.0,6842,1581,64840,0.01
8,66429,4161,0.0,6843,1581,64848,0.01
8,66437,4161,0.0,6844,1581,64856,0.01
8,66445,4161,0.0,6845,1581,64864,0.01
47,66492,4161,0.0,6846,1581,64911,0.01
54,66546,4161,0.0,6847,1581,64965,0.01
4,66550,4161,0.0,6848,1581,64969,0.01
4,66554,4161,0.0,6849,1581,64973,0.01
4,66558,4161,0.0,6850,1581,64977,0.01
4,66562,4161,0.0,6851,1581,64981,0.01
4,66566,4161,0.0,6852,1581,64985,0.01
4,66570,4161,0.0,6853,1581,64989,0.01
4,66574,4161,0.0,6854,1581,64993,0.01
4,66578,4161,0.0,6855,1581,64997,0.01
4,66582,4161,0.0,6856,1581,65001,0.01
4,66586,4161,0.0,6857,1581,65005,0.01
15,66601,4161,0.0,6858,1581,65020,0.01
4,66605,4161,0.0,6859,1581,65024,0.01
15,66620,4161,0.0,6860,1582,65038,0.01
23,66643,4161,0.0,6861,1582,65061,0.01
5,66648,4161,0.0,6862,1582,65066,0.01
8,66656,4161,0.0,6863,1582,65074,0.01
15,66671,4161,0.0,6864,1582,65089,0.01
23,66694,4161,0.0,6865,1583,65111,0.01
42,66736,4161,0.0,6866,1583,65153,0.01
4,66740,4161,0.0,6867,1583,65157,0.01
4,66744,4161,0.0,6868,1583,65161,0.01
15,66759,4162,1.0,6869,1583,65176,0.01
13,66772,4162,0.0,6870,1584,65188,0.01
12,66784,4162,0.0,6871,1585,65199,0.01
6,66790,4162,0.0,6872,1586,65204,0.01
15,66805,4162,0.0,6873,1586,65219,0.01
16,66821,4162,0.0,6874,1586,65235,0.01
8,66829,4162,0.0,6875,1586,65243,0.01
10,66839,4162,0.0,6876,1586,65253,0.01
2,66841,4162,0.0,6877,1586,65255,0.01
2,66843,4162,0.0,6878,1586,65257,0.01
2,66845,4162,0.0,6879,1586,65259,0.01
2,66847,4162,0.0,6880,1586,65261,0.01
2,66849,4162,0.0,6881,1586,65263,0.01
2,66851,4162,0.0,6882,1586,65265,0.01
2,66853,4162,0.0,6883,1586,65267,0.01
2,66855,4162,0.0,6884,1586,65269,0.01
6,66861,4162,0.0,6885,1586,65275,0.01
6,66867,4162,0.0,6886,1586,65281,0.01
6,66873,4162,0.0,6887,1586,65287,0.01
6,66879,4162,0.0,6888,1586,65293,0.01
6,66885,4162,0.0,6889,1586,65299,0.01
6,66891,4162,0.0,6890,1586,65305,0.01
6,66897,4162,0.0,6891,1586,65311,0.01
6,66903,4162,0.0,6892,1586,65317,0.01
6,66909,4162,0.0,6893,1586,65323,0.01
6,66915,4162,0.0,6894,1586,65329,0.01
6,66921,4162,0.0,6895,1586,65335,0.01
6,66927,4162,0.0,6896,1586,65341,0.01
6,66933,4162,0.0,6897,1586,65347,0.01
9,66942,4162,0.0,6898,1586,65356,0.01
3,66945,4162,0.0,6899,1586,65359,0.01
10,66955,4162,0.0,6900,1586,65369,0.01
6,66961,4162,0.0,6901,1587,65374,0.01
11,66972,4162,0.0,6902,1587,65385,0.01
15,66987,4162,0.0,6903,1587,65400,0.01
15,67002,4162,0.0,6904,1587,65415,0.01
15,67017,4162,0.0,6905,1587,65430,0.01
15,67032,4162,0.0,6906,1587,65445,0.01
15,67047,4162,0.0,6907,1588,65459,0.01
12,67059,4162,0.0,6908,1588,65471,0.01
3,67062,4162,0.0,6909,1588,65474,0.01
18,67080,4162,0.0,6910,1588,65492,0.01
7,67087,4162,0.0,6911,1588,65499,0.01
12,67099,4162,0.0,6912,1588,65511,0.01
4,67103,4162,0.0,6913,1589,65514,0.01
9,67112,4162,0.0,6914,1589,65523,0.01
11,67123,4162,0.0,6915,1589,65534,0.01
11,67134,4162,0.0,6916,1589,65545,0.01
19,67153,4162,0.0,6917,1590,65563,0.01
43,67196,4162,0.0,6918,1592,65604,0.01
7,67203,4162,0.0,6919,1592,65611,0.01
3,67206,4162,0.0,6920,1592,65614,0.01
15,67221,4162,0.0,6921,1592,65629,0.01
15,67236,4162,0.0,6922,1592,65644,0.01
15,67251,4162,0.0,6923,1592,65659,0.01
15,67266,4162,0.0,6924,1592,65674,0.01
15,67281,4162,0.0,6925,1592,65689,0.01
15,67296,4162,0.0,6926,1592,65704,0.01
15,67311,4162,0.0,6927,1592,65719,0.01
15,67326,4162,0.0,6928,1592,65734,0.01
66,67392,4162,0.0,6929,1594,65798,0.01
16,67408,4162,0.0,6930,1594,65814,0.01
16,67424,4162,0.0,6931,1594,65830,0.01
16,67440,4162,0.0,6932,1594,65846,0.01
16,67456,4162,0.0,6933,1594,65862,0.01
16,67472,4162,0.0,6934,1594,65878,0.01
16,67488,4162,0.0,6935,1594,65894,0.01
16,67504,4162,0.0,6936,1594,65910,0.01
16,67520,4162,0.0,6937,1594,65926,0.01
16,67536,4162,0.0,6938,1594,65942,0.01
16,67552,4162,0.0,6939,1594,65958,0.01
16,67568,4162,0.0,6940,1594,65974,0.01
16,67584,4162,0.0,6941,1594,65990,0.01
14,67598,4162,0.0,6942,1594,66004,0.01
15,67613,4162,0.0,6943,1594,66019,0.01
14,67627,4162,0.0,6944,1594,66033,0.01
15,67642,4162,0.0,6945,1594,66048,0.01
43,67685,4162,0.0,6946,1594,66091,0.01
66,67751,4162,0.0,6947,1594,66157,0.01
69,67820,4162,0.0,6948,1594,66226,0.01
15,67835,4162,0.0,6949,1594,66241,0.01
23,67858,4162,0.0,6950,1596,66262,0.01
17,67875,4163,1.0,6951,1597,66278,0.01
17,67892,4164,1.0,6952,1597,66295,0.01
15,67907,4164,0.0,6953,1598,66309,0.01
16,67923,4164,0.0,6954,1598,66325,0.01
22,67945,4164,0.0,6955,1598,66347,0.01
16,67961,4164,0.0,6956,1598,66363,0.01
15,67976,4164,0.0,6957,1598,66378,0.01
17,67993,4165,1.0,6958,1598,66395,0.01
16,68009,4165,0.0,6959,1598,66411,0.01
16,68025,4165,0.0,6960,1598,66427,0.01
15,68040,4165,0.0,6961,1598,66442,0.01
16,68056,4165,0.0,6962,1598,66458,0.01
16,68072,4165,0.0,6963,1599,66473,0.01
15,68087,4165,0.0,6964,1599,66488,0.01
17,68104,4166,1.0,6965,1599,66505,0.01
22,68126,4166,0.0,6966,1599,66527,0.01
17,68143,4167,1.0,6967,1600,66543,0.01
17,68160,4168,1.0,6968,1600,66560,0.01
17,68177,4169,1.0,6969,1600,66577,0.01
17,68194,4170,1.0,6970,1600,66594,0.01
17,68211,4171,1.0,6971,1600,66611,0.01
17,68228,4172,1.0,6972,1600,66628,0.01
17,68245,4173,1.0,6973,1600,66645,0.01
17,68262,4174,1.0,6974,1600,66662,0.01
17,68279,4175,1.0,6975,1600,66679,0.01
17,68296,4176,1.0,6976,1601,66695,0.01
17,68313,4177,1.0,6977,1601,66712,0.01
17,68330,4178,1.0,6978,1601,66729,0.01
17,68347,4179,1.0,6979,1601,66746,0.01
17,68364,4180,1.0,6980,1601,66763,0.01
17,68381,4181,1.0,6981,1601,66780,0.01
17,68398,4182,1.0,6982,1601,66797,0.01
17,68415,4183,1.0,6983,1601,66814,0.01
17,68432,4184,1.0,6984,1601,66831,0.01
14,68446,4184,0.0,6985,1602,66844,0.01
17,68463,4185,1.0,6986,1602,66861,0.01
17,68480,4186,1.0,6987,1602,66878,0.01
22,68502,4186,0.0,6988,1602,66900,0.01
17,68519,4187,1.0,6989,1602,66917,0.01
17,68536,4188,1.0,6990,1602,66934,0.01
17,68553,4189,1.0,6991,1602,66951,0.01
17,68570,4190,1.0,6992,1602,66968,0.01
17,68587,4191,1.0,6993,1602,66985,0.01
17,68604,4192,1.0,6994,1602,67002,0.01
17,68621,4193,1.0,6995,1602,67019,0.01
5,68626,4193,0.0,6996,1603,67023,0.01
22,68648,4193,0.0,6997,1604,67044,0.01
17,68665,4194,1.0,6998,1604,67061,0.01
17,68682,4195,1.0,6999,1604,67078,0.01
17,68699,4196,1.0,7000,1604,67095,0.01
17,68716,4197,1.0,7001,1604,67112,0.01
17,68733,4198,1.0,7002,1604,67129,0.01
16,68749,4198,0.0,7003,1606,67143,0.01
22,68771,4198,0.0,7004,1606,67165,0.01
16,68787,4198,0.0,7005,1606,67181,0.01
14,68801,4198,0.0,7006,1607,67194,0.01
15,68816,4198,0.0,7007,1607,67209,0.01
3,68819,4198,0.0,7008,1608,67211,0.01
17,68836,4199,1.0,7009,1608,67228,0.01
16,68852,4199,0.0,7010,1608,67244,0.01
16,68868,4199,0.0,7011,1608,67260,0.01
15,68883,4199,0.0,7012,1608,67275,0.01
4,68887,4199,0.0,7013,1608,67279,0.01
17,68904,4199,0.0,7014,1609,67295,0.01
13,68917,4199,0.0,7015,1609,67308,0.01
9,68926,4199,0.0,7016,1609,67317,0.01
14,68940,4199,0.0,7017,1609,67331,0.01
6,68946,4199,0.0,7018,1609,67337,0.01
15,68961,4200,1.0,7019,1610,67351,0.01
9,68970,4200,0.0,7020,1610,67360,0.01
17,68987,4200,0.0,7021,1611,67376,0.01
3,68990,4200,0.0,7022,1611,67379,0.01
38,69028,4200,0.0,7023,1611,67417,0.01
16,69044,4200,0.0,7024,1611,67433,0.01
20,69064,4200,0.0,7025,1611,67453,0.01
22,69086,4200,0.0,7026,1611,67475,0.01
22,69108,4200,0.0,7027,1611,67497,0.01
15,69123,4201,1.0,7028,1611,67512,0.01
22,69145,4201,0.0,7029,1611,67534,0.01
15,69160,4202,1.0,7030,1612,67548,0.01
15,69175,4203,1.0,7031,1612,67563,0.01
15,69190,4204,1.0,7032,1612,67578,0.01
15,69205,4205,1.0,7033,1612,67593,0.01
15,69220,4206,1.0,7034,1612,67608,0.01
15,69235,4207,1.0,7035,1612,67623,0.01
15,69250,4208,1.0,7036,1612,67638,0.01
15,69265,4209,1.0,7037,1612,67653,0.01
15,69280,4209,0.0,7038,1613,67667,0.01
15,69295,4210,1.0,7039,1613,67682,0.01
15,69310,4211,1.0,7040,1613,67697,0.01
15,69325,4212,1.0,7041,1614,67711,0.01
15,69340,4213,1.0,7042,1614,67726,0.01
15,69355,4214,1.0,7043,1614,67741,0.01
15,69370,4215,1.0,7044,1614,67756,0.01
5,69375,4215,0.0,7045,1615,67760,0.01
15,69390,4216,1.0,7046,1615,67775,0.01
14,69404,4216,0.0,7047,1615,67789,0.01
5,69409,4216,0.0,7048,1615,67794,0.01
41,69450,4216,0.0,7049,1615,67835,0.01
5,69455,4216,0.0,7050,1615,67840,0.01
15,69470,4216,0.0,7051,1616,67854,0.01
44,69514,4217,1.0,7052,1617,67897,0.01
2,69516,4217,0.0,7053,1617,67899,0.01
41,69557,4217,0.0,7054,1617,67940,0.01
16,69573,4217,0.0,7055,1617,67956,0.01
16,69589,4217,0.0,7056,1618,67971,0.01
10,69599,4217,0.0,7057,1618,67981,0.01
16,69615,4217,0.0,7058,1619,67996,0.01
22,69637,4217,0.0,7059,1620,68017,0.01
16,69653,4217,0.0,7060,1620,68033,0.01
15,69668,4217,0.0,7061,1620,68048,0.01
16,69684,4217,0.0,7062,1620,68064,0.01
15,69699,4217,0.0,7063,1620,68079,0.01
16,69715,4217,0.0,7064,1620,68095,0.01
15,69730,4217,0.0,7065,1620,68110,0.01
22,69752,4217,0.0,7066,1620,68132,0.01
15,69767,4217,0.0,7067,1620,68147,0.01
15,69782,4217,0.0,7068,1620,68162,0.01
15,69797,4217,0.0,7069,1620,68177,0.01
15,69812,4217,0.0,7070,1620,68192,0.01
16,69828,4217,0.0,7071,1621,68207,0.01
16,69844,4217,0.0,7072,1621,68223,0.01
16,69860,4217,0.0,7073,1622,68238,0.01
15,69875,4217,0.0,7074,1622,68253,0.01
22,69897,4217,0.0,7075,1622,68275,0.01
15,69912,4217,0.0,7076,1622,68290,0.01
16,69928,4218,1.0,7077,1623,68305,0.01
23,69951,4218,0.0,7078,1623,68328,0.01
22,69973,4218,0.0,7079,1623,68350,0.01
35,70008,4218,0.0,7080,1623,68385,0.01
82,70090,4219,1.0,7081,1624,68466,0.01
10,70100,4219,0.0,7082,1624,68476,0.01
15,70115,4219,0.0,7083,1624,68491,0.01
14,70129,4219,0.0,7084,1624,68505,0.01
5,70134,4219,0.0,7085,1624,68510,0.01
15,70149,4219,0.0,7086,1624,68525,0.01
5,70154,4219,0.0,7087,1625,68529,0.01
5,70159,4219,0.0,7088,1625,68534,0.01
24,70183,4219,0.0,7089,1626,68557,0.01
5,70188,4219,0.0,7090,1626,68562,0.01
2,70190,4219,0.0,7091,1627,68563,0.01
5,70195,4219,0.0,7092,1627,68568,0.01
5,70200,4219,0.0,7093,1627,68573,0.01
5,70205,4219,0.0,7094,1627,68578,0.01
15,70220,4219,0.0,7095,1627,68593,0.01
8,70228,4220,1.0,7096,1627,68601,0.01
15,70243,4220,0.0,7097,1627,68616,0.01
24,70267,4220,0.0,7098,1627,68640,0.01
41,70308,4220,0.0,7099,1627,68681,0.01
14,70322,4220,0.0,7100,1627,68695,0.01
20,70342,4220,0.0,7101,1628,68714,0.01
18,70360,4220,0.0,7102,1628,68732,0.01
8,70368,4220,0.0,7103,1628,68740,0.01
37,70405,4220,0.0,7104,1628,68777,0.01
17,70422,4220,0.0,7105,1628,68794,0.01
16,70438,4220,0.0,7106,1628,68810,0.01
16,70454,4220,0.0,7107,1628,68826,0.01
16,70470,4220,0.0,7108,1628,68842,0.01
16,70486,4220,0.0,7109,1628,68858,0.01
16,70502,4220,0.0,7110,1628,68874,0.01
16,70518,4220,0.0,7111,1628,68890,0.01
22,70540,4220,0.0,7112,1628,68912,0.01
22,70562,4220,0.0,7113,1628,68934,0.01
14,70576,4220,0.0,7114,1629,68947,0.01
26,70602,4220,0.0,7115,1629,68973,0.01
16,70618,4221,1.0,7116,1629,68989,0.01
14,70632,4221,0.0,7117,1629,69003,0.01
10,70642,4221,0.0,7118,1629,69013,0.01
14,70656,4221,0.0,7119,1629,69027,0.01
21,70677,4221,0.0,7120,1629,69048,0.01
19,70696,4221,0.0,7121,1629,69067,0.01
24,70720,4221,0.0,7122,1630,69090,0.01
14,70734,4221,0.0,7123,1630,69104,0.01
16,70750,4222,1.0,7124,1630,69120,0.01
16,70766,4223,1.0,7125,1630,69136,0.01
16,70782,4224,1.0,7126,1630,69152,0.01
16,70798,4225,1.0,7127,1630,69168,0.01
18,70816,4225,0.0,7128,1631,69185,0.01
16,70832,4226,1.0,7129,1631,69201,0.01
16,70848,4227,1.0,7130,1631,69217,0.01
14,70862,4227,0.0,7131,1632,69230,0.01
16,70878,4228,1.0,7132,1632,69246,0.01
16,70894,4229,1.0,7133,1632,69262,0.01
16,70910,4230,1.0,7134,1632,69278,0.01
16,70926,4231,1.0,7135,1632,69294,0.01
16,70942,4232,1.0,7136,1632,69310,0.01
16,70958,4233,1.0,7137,1632,69326,0.01
16,70974,4234,1.0,7138,1632,69342,0.01
16,70990,4235,1.0,7139,1632,69358,0.01
37,71027,4235,0.0,7140,1634,69393,0.01
16,71043,4236,1.0,7141,1634,69409,0.01
24,71067,4236,0.0,7142,1635,69432,0.01
6,71073,4236,0.0,7143,1635,69438,0.01
6,71079,4236,0.0,7144,1635,69444,0.01
7,71086,4236,0.0,7145,1636,69450,0.01
7,71093,4236,0.0,7146,1637,69456,0.01
26,71119,4236,0.0,7147,1637,69482,0.01
7,71126,4236,0.0,7148,1637,69489,0.01
3,71129,4236,0.0,7149,1637,69492,0.01
24,71153,4236,0.0,7150,1637,69516,0.01
24,71177,4236,0.0,7151,1637,69540,0.01
23,71200,4236,0.0,7152,1639,69561,0.01
6,71206,4236,0.0,7153,1639,69567,0.01
20,71226,4236,0.0,7154,1639,69587,0.01
7,71233,4236,0.0,7155,1640,69593,0.01
8,71241,4236,0.0,7156,1640,69601,0.01
2,71243,4236,0.0,7157,1640,69603,0.01
8,71251,4237,1.0,7158,1640,69611,0.01
8,71259,4238,1.0,7159,1640,69619,0.01
8,71267,4239,1.0,7160,1640,69627,0.01
8,71275,4240,1.0,7161,1640,69635,0.01
8,71283,4241,1.0,7162,1640,69643,0.01
8,71291,4242,1.0,7163,1640,69651,0.01
8,71299,4243,1.0,7164,1640,69659,0.01
8,71307,4244,1.0,7165,1640,69667,0.01
8,71315,4245,1.0,7166,1640,69675,0.01
8,71323,4246,1.0,7167,1640,69683,0.01
8,71331,4247,1.0,7168,1640,69691,0.01
8,71339,4248,1.0,7169,1640,69699,0.01
8,71347,4249,1.0,7170,1640,69707,0.01
8,71355,4250,1.0,7171,1640,69715,0.01
8,71363,4251,1.0,7172,1640,69723,0.01
8,71371,4252,1.0,7173,1640,69731,0.01
8,71379,4253,1.0,7174,1640,69739,0.01
8,71387,4254,1.0,7175,1640,69747,0.01
7,71394,4254,0.0,7176,1641,69753,0.01
8,71402,4255,1.0,7177,1641,69761,0.01
8,71410,4256,1.0,7178,1641,69769,0.01
8,71418,4257,1.0,7179,1641,69777,0.01
8,71426,4258,1.0,7180,1641,69785,0.01
8,71434,4259,1.0,7181,1641,69793,0.01
8,71442,4260,1.0,7182,1641,69801,0.01
8,71450,4261,1.0,7183,1641,69809,0.01
8,71458,4262,1.0,7184,1641,69817,0.01
8,71466,4263,1.0,7185,1641,69825,0.01
8,71474,4264,1.0,7186,1641,69833,0.01
8,71482,4265,1.0,7187,1641,69841,0.01
8,71490,4266,1.0,7188,1641,69849,0.01
8,71498,4267,1.0,7189,1641,69857,0.01
8,71506,4268,1.0,7190,1641,69865,0.01
8,71514,4269,1.0,7191,1641,69873,0.01
8,71522,4270,1.0,7192,1641,69881,0.01
8,71530,4271,1.0,7193,1641,69889,0.01
8,71538,4272,1.0,7194,1641,69897,0.01
8,71546,4273,1.0,7195,1641,69905,0.01
8,71554,4274,1.0,7196,1641,69913,0.01
8,71562,4275,1.0,7197,1641,69921,0.01
8,71570,4276,1.0,7198,1641,69929,0.01
8,71578,4277,1.0,7199,1641,69937,0.01
8,71586,4278,1.0,7200,1641,69945,0.01
8,71594,4279,1.0,7201,1641,69953,0.01
8,71602,4280,1.0,7202,1641,69961,0.01
8,71610,4281,1.0,7203,1641,69969,0.01
8,71618,4282,1.0,7204,1641,69977,0.01
8,71626,4283,1.0,7205,1641,69985,0.01
8,71634,4284,1.0,7206,1641,69993,0.01
8,71642,4285,1.0,7207,1641,70001,0.01
8,71650,4286,1.0,7208,1641,70009,0.01
8,71658,4287,1.0,7209,1641,70017,0.01
8,71666,4288,1.0,7210,1641,70025,0.01
8,71674,4289,1.0,7211,1641,70033,0.01
8,71682,4290,1.0,7212,1641,70041,0.01
8,71690,4291,1.0,7213,1641,70049,0.01
8,71698,4292,1.0,7214,1641,70057,0.01
8,71706,4293,1.0,7215,1641,70065,0.01
8,71714,4293,0.0,7216,1642,70072,0.01
24,71738,4293,0.0,7217,1642,70096,0.01
41,71779,4293,0.0,7218,1643,70136,0.01
15,71794,4293,0.0,7219,1643,70151,0.01
8,71802,4294,1.0,7220,1643,70159,0.01
8,71810,4295,1.0,7221,1643,70167,0.01
8,71818,4296,1.0,7222,1643,70175,0.01
8,71826,4297,1.0,7223,1643,70183,0.01
8,71834,4298,1.0,7224,1643,70191,0.01
8,71842,4299,1.0,7225,1643,70199,0.01
8,71850,4300,1.0,7226,1643,70207,0.01
8,71858,4301,1.0,7227,1643,70215,0.01
8,71866,4302,1.0,7228,1643,70223,0.01
8,71874,4303,1.0,7229,1643,70231,0.01
8,71882,4304,1.0,7230,1643,70239,0.01
8,71890,4305,1.0,7231,1643,70247,0.01
8,71898,4306,1.0,7232,1643,70255,0.01
8,71906,4307,1.0,7233,1643,70263,0.01
8,71914,4308,1.0,7234,1643,70271,0.01
8,71922,4309,1.0,7235,1643,70279,0.01
8,71930,4310,1.0,7236,1643,70287,0.01
8,71938,4311,1.0,7237,1643,70295,0.01
8,71946,4312,1.0,7238,1643,70303,0.01
8,71954,4313,1.0,7239,1643,70311,0.01
8,71962,4314,1.0,7240,1643,70319,0.01
8,71970,4315,1.0,7241,1643,70327,0.01
8,71978,4316,1.0,7242,1643,70335,0.01
8,71986,4317,1.0,7243,1643,70343,0.01
8,71994,4318,1.0,7244,1643,70351,0.01
8,72002,4319,1.0,7245,1643,70359,0.01
8,72010,4320,1.0,7246,1643,70367,0.01
8,72018,4321,1.0,7247,1643,70375,0.01
8,72026,4322,1.0,7248,1644,70382,0.01
8,72034,4323,1.0,7249,1644,70390,0.01
11,72045,4323,0.0,7250,1645,70400,0.01
10,72055,4323,0.0,7251,1645,70410,0.01
8,72063,4324,1.0,7252,1645,70418,0.01
8,72071,4325,1.0,7253,1645,70426,0.01
8,72079,4326,1.0,7254,1645,70434,0.01
8,72087,4327,1.0,7255,1645,70442,0.01
8,72095,4328,1.0,7256,1645,70450,0.01
8,72103,4329,1.0,7257,1645,70458,0.01
8,72111,4330,1.0,7258,1645,70466,0.01
8,72119,4331,1.0,7259,1645,70474,0.01
8,72127,4332,1.0,7260,1645,70482,0.01
8,72135,4333,1.0,7261,1645,70490,0.01
8,72143,4334,1.0,7262,1645,70498,0.01
8,72151,4335,1.0,7263,1646,70505,0.01
8,72159,4336,1.0,7264,1646,70513,0.01
2,72161,4336,0.0,7265,1647,70514,0.01
8,72169,4337,1.0,7266,1647,70522,0.01
8,72177,4338,1.0,7267,1647,70530,0.01
8,72185,4339,1.0,7268,1647,70538,0.01
8,72193,4340,1.0,7269,1647,70546,0.01
8,72201,4341,1.0,7270,1647,70554,0.01
8,72209,4342,1.0,7271,1647,70562,0.01
8,72217,4343,1.0,7272,1647,70570,0.01
8,72225,4344,1.0,7273,1647,70578,0.01
8,72233,4345,1.0,7274,1647,70586,0.01
8,72241,4346,1.0,7275,1647,70594,0.01
8,72249,4347,1.0,7276,1648,70601,0.01
6,72255,4348,1.0,7277,1649,70606,0.01
9,72264,4349,1.0,7278,1649,70615,0.01
6,72270,4350,1.0,7279,1649,70621,0.01
6,72276,4351,1.0,7280,1649,70627,0.01
6,72282,4352,1.0,7281,1649,70633,0.01
6,72288,4353,1.0,7282,1649,70639,0.01
6,72294,4354,1.0,7283,1649,70645,0.01
6,72300,4355,1.0,7284,1649,70651,0.01
6,72306,4356,1.0,7285,1649,70657,0.01
6,72312,4357,1.0,7286,1649,70663,0.01
6,72318,4358,1.0,7287,1649,70669,0.01
6,72324,4359,1.0,7288,1649,70675,0.01
6,72330,4360,1.0,7289,1649,70681,0.01
6,72336,4361,1.0,7290,1649,70687,0.01
6,72342,4362,1.0,7291,1649,70693,0.01
6,72348,4363,1.0,7292,1649,70699,0.01
6,72354,4364,1.0,7293,1649,70705,0.01
9,72363,4365,1.0,7294,1650,70713,0.01
6,72369,4366,1.0,7295,1650,70719,0.01
6,72375,4367,1.0,7296,1650,70725,0.01
6,72381,4368,1.0,7297,1650,70731,0.01
6,72387,4369,1.0,7298,1650,70737,0.01
6,72393,4370,1.0,7299,1650,70743,0.01
6,72399,4371,1.0,7300,1650,70749,0.01
6,72405,4372,1.0,7301,1650,70755,0.01
6,72411,4373,1.0,7302,1650,70761,0.01
6,72417,4374,1.0,7303,1650,70767,0.01
6,72423,4375,1.0,7304,1651,70772,0.01
6,72429,4376,1.0,7305,1651,70778,0.01
6,72435,4377,1.0,7306,1651,70784,0.01
6,72441,4378,1.0,7307,1651,70790,0.01
6,72447,4379,1.0,7308,1651,70796,0.01
6,72453,4380,1.0,7309,1651,70802,0.01
6,72459,4381,1.0,7310,1651,70808,0.01
6,72465,4382,1.0,7311,1651,70814,0.01
6,72471,4383,1.0,7312,1651,70820,0.01
6,72477,4384,1.0,7313,1651,70826,0.01
6,72483,4385,1.0,7314,1651,70832,0.01
6,72489,4386,1.0,7315,1651,70838,0.01
6,72495,4387,1.0,7316,1651,70844,0.01
6,72501,4388,1.0,7317,1651,70850,0.01
6,72507,4389,1.0,7318,1651,70856,0.01
6,72513,4390,1.0,7319,1651,70862,0.01
6,72519,4391,1.0,7320,1651,70868,0.01
6,72525,4392,1.0,7321,1651,70874,0.01
7,72532,4393,1.0,7322,1652,70880,0.01
6,72538,4394,1.0,7323,1652,70886,0.01
6,72544,4395,1.0,7324,1652,70892,0.01
6,72550,4396,1.0,7325,1652,70898,0.01
6,72556,4397,1.0,7326,1652,70904,0.01
6,72562,4398,1.0,7327,1652,70910,0.01
6,72568,4399,1.0,7328,1652,70916,0.01
6,72574,4400,1.0,7329,1652,70922,0.01
6,72580,4401,1.0,7330,1652,70928,0.01
6,72586,4402,1.0,7331,1652,70934,0.01
6,72592,4403,1.0,7332,1652,70940,0.01
6,72598,4404,1.0,7333,1652,70946,0.01
6,72604,4405,1.0,7334,1652,70952,0.01
6,72610,4406,1.0,7335,1652,70958,0.01
6,72616,4407,1.0,7336,1652,70964,0.01
6,72622,4408,1.0,7337,1652,70970,0.01
6,72628,4409,1.0,7338,1652,70976,0.01
6,72634,4410,1.0,7339,1652,70982,0.01
6,72640,4411,1.0,7340,1652,70988,0.01
6,72646,4412,1.0,7341,1652,70994,0.01
6,72652,4413,1.0,7342,1652,71000,0.01
6,72658,4414,1.0,7343,1652,71006,0.01
6,72664,4415,1.0,7344,1652,71012,0.01
6,72670,4416,1.0,7345,1652,71018,0.01
6,72676,4417,1.0,7346,1652,71024,0.01
6,72682,4418,1.0,7347,1652,71030,0.01
6,72688,4419,1.0,7348,1652,71036,0.01
6,72694,4420,1.0,7349,1652,71042,0.01
6,72700,4421,1.0,7350,1652,71048,0.01
6,72706,4422,1.0,7351,1652,71054,0.01
6,72712,4423,1.0,7352,1652,71060,0.01
6,72718,4424,1.0,7353,1652,71066,0.01
4,72722,4424,0.0,7354,1653,71069,0.01
6,72728,4425,1.0,7355,1653,71075,0.01
6,72734,4426,1.0,7356,1653,71081,0.01
6,72740,4427,1.0,7357,1653,71087,0.01
6,72746,4428,1.0,7358,1653,71093,0.01
6,72752,4429,1.0,7359,1653,71099,0.01
6,72758,4430,1.0,7360,1653,71105,0.01
6,72764,4431,1.0,7361,1653,71111,0.01
6,72770,4432,1.0,7362,1653,71117,0.01
6,72776,4433,1.0,7363,1653,71123,0.01
6,72782,4434,1.0,7364,1653,71129,0.01
6,72788,4435,1.0,7365,1653,71135,0.01
6,72794,4436,1.0,7366,1653,71141,0.01
6,72800,4437,1.0,7367,1653,71147,0.01
6,72806,4438,1.0,7368,1654,71152,0.01
6,72812,4439,1.0,7369,1654,71158,0.01
6,72818,4440,1.0,7370,1654,71164,0.01
6,72824,4441,1.0,7371,1654,71170,0.01
6,72830,4442,1.0,7372,1654,71176,0.01
6,72836,4443,1.0,7373,1654,71182,0.01
6,72842,4444,1.0,7374,1654,71188,0.01
6,72848,4445,1.0,7375,1654,71194,0.01
6,72854,4446,1.0,7376,1654,71200,0.01
6,72860,4447,1.0,7377,1654,71206,0.01
6,72866,4448,1.0,7378,1654,71212,0.01
6,72872,4449,1.0,7379,1654,71218,0.01
6,72878,4450,1.0,7380,1654,71224,0.01
6,72884,4451,1.0,7381,1654,71230,0.01
6,72890,4452,1.0,7382,1654,71236,0.01
6,72896,4453,1.0,7383,1654,71242,0.01
6,72902,4454,1.0,7384,1654,71248,0.01
6,72908,4455,1.0,7385,1654,71254,0.01
6,72914,4456,1.0,7386,1654,71260,0.01
6,72920,4457,1.0,7387,1654,71266,0.01
6,72926,4458,1.0,7388,1654,71272,0.01
6,72932,4459,1.0,7389,1654,71278,0.01
6,72938,4460,1.0,7390,1654,71284,0.01
6,72944,4461,1.0,7391,1654,71290,0.01
6,72950,4462,1.0,7392,1654,71296,0.01
6,72956,4463,1.0,7393,1654,71302,0.01
6,72962,4464,1.0,7394,1654,71308,0.01
6,72968,4465,1.0,7395,1654,71314,0.01
6,72974,4466,1.0,7396,1654,71320,0.01
6,72980,4467,1.0,7397,1654,71326,0.01
6,72986,4468,1.0,7398,1654,71332,0.01
6,72992,4469,1.0,7399,1654,71338,0.01
6,72998,4470,1.0,7400,1654,71344,0.01
6,73004,4471,1.0,7401,1654,71350,0.01
6,73010,4472,1.0,7402,1654,71356,0.01
6,73016,4473,1.0,7403,1654,71362,0.01
6,73022,4474,1.0,7404,1654,71368,0.01
6,73028,4475,1.0,7405,1654,71374,0.01
6,73034,4476,1.0,7406,1654,71380,0.01
6,73040,4477,1.0,7407,1654,71386,0.01
6,73046,4478,1.0,7408,1654,71392,0.01
6,73052,4479,1.0,7409,1654,71398,0.01
6,73058,4480,1.0,7410,1654,71404,0.01
6,73064,4481,1.0,7411,1654,71410,0.01
6,73070,4482,1.0,7412,1654,71416,0.01
6,73076,4483,1.0,7413,1654,71422,0.01
6,73082,4484,1.0,7414,1654,71428,0.01
6,73088,4485,1.0,7415,1654,71434,0.01
6,73094,4486,1.0,7416,1654,71440,0.01
6,73100,4487,1.0,7417,1654,71446,0.01
6,73106,4488,1.0,7418,1654,71452,0.01
6,73112,4489,1.0,7419,1654,71458,0.01
6,73118,4490,1.0,7420,1654,71464,0.01
6,73124,4491,1.0,7421,1654,71470,0.01
24,73148,4491,0.0,7422,1655,71493,0.01
7,73155,4492,1.0,7423,1656,71499,0.01
6,73161,4493,1.0,7424,1656,71505,0.01
6,73167,4494,1.0,7425,1656,71511,0.01
6,73173,4495,1.0,7426,1656,71517,0.01
6,73179,4496,1.0,7427,1656,71523,0.01
6,73185,4497,1.0,7428,1656,71529,0.01
6,73191,4498,1.0,7429,1656,71535,0.01
6,73197,4499,1.0,7430,1656,71541,0.01
6,73203,4500,1.0,7431,1656,71547,0.01
6,73209,4501,1.0,7432,1656,71553,0.01
6,73215,4502,1.0,7433,1656,71559,0.01
6,73221,4503,1.0,7434,1656,71565,0.01
6,73227,4504,1.0,7435,1656,71571,0.01
6,73233,4505,1.0,7436,1656,71577,0.01
6,73239,4506,1.0,7437,1656,71583,0.01
6,73245,4507,1.0,7438,1656,71589,0.01
6,73251,4508,1.0,7439,1656,71595,0.01
6,73257,4509,1.0,7440,1656,71601,0.01
6,73263,4510,1.0,7441,1656,71607,0.01
6,73269,4511,1.0,7442,1656,71613,0.01
6,73275,4512,1.0,7443,1656,71619,0.01
6,73281,4513,1.0,7444,1656,71625,0.01
6,73287,4514,1.0,7445,1656,71631,0.01
6,73293,4515,1.0,7446,1656,71637,0.01
6,73299,4516,1.0,7447,1656,71643,0.01
6,73305,4517,1.0,7448,1656,71649,0.01
6,73311,4518,1.0,7449,1656,71655,0.01
6,73317,4519,1.0,7450,1656,71661,0.01
6,73323,4520,1.0,7451,1656,71667,0.01
6,73329,4521,1.0,7452,1657,71672,0.01
6,73335,4522,1.0,7453,1657,71678,0.01
6,73341,4523,1.0,7454,1657,71684,0.01
6,73347,4524,1.0,7455,1657,71690,0.01
6,73353,4525,1.0,7456,1657,71696,0.01
6,73359,4526,1.0,7457,1657,71702,0.01
6,73365,4527,1.0,7458,1657,71708,0.01
6,73371,4528,1.0,7459,1657,71714,0.01
6,73377,4529,1.0,7460,1657,71720,0.01
6,73383,4530,1.0,7461,1657,71726,0.01
6,73389,4531,1.0,7462,1657,71732,0.01
6,73395,4532,1.0,7463,1657,71738,0.01
6,73401,4533,1.0,7464,1657,71744,0.01
6,73407,4534,1.0,7465,1657,71750,0.01
6,73413,4535,1.0,7466,1657,71756,0.01
6,73419,4536,1.0,7467,1657,71762,0.01
6,73425,4537,1.0,7468,1657,71768,0.01
6,73431,4538,1.0,7469,1657,71774,0.01
6,73437,4539,1.0,7470,1657,71780,0.01
6,73443,4540,1.0,7471,1657,71786,0.01
6,73449,4541,1.0,7472,1657,71792,0.01
15,73464,4541,0.0,7473,1658,71806,0.01
6,73470,4542,1.0,7474,1658,71812,0.01
6,73476,4543,1.0,7475,1658,71818,0.01
6,73482,4544,1.0,7476,1658,71824,0.01
6,73488,4545,1.0,7477,1658,71830,0.01
6,73494,4546,1.0,7478,1658,71836,0.01
6,73500,4547,1.0,7479,1658,71842,0.01
6,73506,4548,1.0,7480,1658,71848,0.01
6,73512,4549,1.0,7481,1658,71854,0.01
6,73518,4550,1.0,7482,1658,71860,0.01
6,73524,4551,1.0,7483,1658,71866,0.01
6,73530,4552,1.0,7484,1658,71872,0.01
6,73536,4553,1.0,7485,1658,71878,0.01
6,73542,4554,1.0,7486,1658,71884,0.01
6,73548,4555,1.0,7487,1658,71890,0.01
6,73554,4556,1.0,7488,1659,71895,0.01
6,73560,4557,1.0,7489,1659,71901,0.01
6,73566,4558,1.0,7490,1659,71907,0.01
6,73572,4559,1.0,7491,1659,71913,0.01
6,73578,4560,1.0,7492,1659,71919,0.01
6,73584,4561,1.0,7493,1660,71924,0.01
6,73590,4562,1.0,7494,1660,71930,0.01
6,73596,4563,1.0,7495,1660,71936,0.01
6,73602,4564,1.0,7496,1661,71941,0.01
6,73608,4565,1.0,7497,1661,71947,0.01
6,73614,4566,1.0,7498,1661,71953,0.01
6,73620,4567,1.0,7499,1661,71959,0.01
6,73626,4568,1.0,7500,1661,71965,0.01
6,73632,4569,1.0,7501,1661,71971,0.01
6,73638,4570,1.0,7502,1661,71977,0.01
6,73644,4571,1.0,7503,1661,71983,0.01
6,73650,4572,1.0,7504,1661,71989,0.01
6,73656,4573,1.0,7505,1661,71995,0.01
6,73662,4574,1.0,7506,1661,72001,0.01
6,73668,4575,1.0,7507,1661,72007,0.01
6,73674,4576,1.0,7508,1661,72013,0.01
6,73680,4577,1.0,7509,1661,72019,0.01
6,73686,4578,1.0,7510,1661,72025,0.01
6,73692,4579,1.0,7511,1661,72031,0.01
6,73698,4580,1.0,7512,1661,72037,0.01
6,73704,4581,1.0,7513,1661,72043,0.01
41,73745,4581,0.0,7514,1662,72083,0.01
6,73751,4582,1.0,7515,1662,72089,0.01
6,73757,4583,1.0,7516,1662,72095,0.01
6,73763,4584,1.0,7517,1662,72101,0.01
6,73769,4585,1.0,7518,1662,72107,0.01
6,73775,4586,1.0,7519,1662,72113,0.01
6,73781,4587,1.0,7520,1662,72119,0.01
6,73787,4588,1.0,7521,1662,72125,0.01
9,73796,4589,1.0,7522,1663,72133,0.01
6,73802,4590,1.0,7523,1663,72139,0.01
6,73808,4591,1.0,7524,1663,72145,0.01
6,73814,4592,1.0,7525,1664,72150,0.01
6,73820,4593,1.0,7526,1664,72156,0.01
6,73826,4594,1.0,7527,1664,72162,0.01
6,73832,4595,1.0,7528,1664,72168,0.01
6,73838,4596,1.0,7529,1664,72174,0.01
6,73844,4597,1.0,7530,1664,72180,0.01
6,73850,4598,1.0,7531,1664,72186,0.01
6,73856,4599,1.0,7532,1664,72192,0.01
6,73862,4600,1.0,7533,1664,72198,0.01
6,73868,4601,1.0,7534,1664,72204,0.01
6,73874,4602,1.0,7535,1664,72210,0.01
6,73880,4603,1.0,7536,1664,72216,0.01
6,73886,4604,1.0,7537,1664,72222,0.01
6,73892,4605,1.0,7538,1664,72228,0.01
6,73898,4606,1.0,7539,1664,72234,0.01
6,73904,4607,1.0,7540,1664,72240,0.01
6,73910,4608,1.0,7541,1664,72246,0.01
6,73916,4609,1.0,7542,1664,72252,0.01
6,73922,4610,1.0,7543,1664,72258,0.01
6,73928,4611,1.0,7544,1664,72264,0.01
6,73934,4612,1.0,7545,1664,72270,0.01
6,73940,4613,1.0,7546,1664,72276,0.01
6,73946,4614,1.0,7547,1664,72282,0.01
6,73952,4615,1.0,7548,1664,72288,0.01
6,73958,4616,1.0,7549,1664,72294,0.01
6,73964,4617,1.0,7550,1664,72300,0.01
6,73970,4618,1.0,7551,1664,72306,0.01
6,73976,4619,1.0,7552,1664,72312,0.01
6,73982,4620,1.0,7553,1664,72318,0.01
6,73988,4621,1.0,7554,1664,72324,0.01
6,73994,4622,1.0,7555,1664,72330,0.01
6,74000,4623,1.0,7556,1664,72336,0.01
6,74006,4624,1.0,7557,1664,72342,0.01
6,74012,4625,1.0,7558,1664,72348,0.01
6,74018,4626,1.0,7559,1664,72354,0.01
6,74024,4627,1.0,7560,1664,72360,0.01
6,74030,4628,1.0,7561,1664,72366,0.01
6,74036,4629,1.0,7562,1664,72372,0.01
6,74042,4630,1.0,7563,1664,72378,0.01
6,74048,4631,1.0,7564,1664,72384,0.01
6,74054,4632,1.0,7565,1664,72390,0.01
6,74060,4633,1.0,7566,1664,72396,0.01
6,74066,4634,1.0,7567,1664,72402,0.01
6,74072,4635,1.0,7568,1664,72408,0.01
6,74078,4636,1.0,7569,1664,72414,0.01
6,74084,4637,1.0,7570,1664,72420,0.01
6,74090,4638,1.0,7571,1664,72426,0.01
15,74105,4638,0.0,7572,1665,72440,0.01
15,74120,4638,0.0,7573,1665,72455,0.01
15,74135,4638,0.0,7574,1666,72469,0.01
15,74150,4638,0.0,7575,1666,72484,0.01
15,74165,4638,0.0,7576,1666,72499,0.01
6,74171,4639,1.0,7577,1666,72505,0.01
15,74186,4639,0.0,7578,1666,72520,0.01
20,74206,4639,0.0,7579,1667,72539,0.01
15,74221,4639,0.0,7580,1667,72554,0.01
6,74227,4640,1.0,7581,1667,72560,0.01
6,74233,4641,1.0,7582,1667,72566,0.01
8,74241,4641,0.0,7583,1669,72572,0.01
6,74247,4642,1.0,7584,1669,72578,0.01
6,74253,4643,1.0,7585,1669,72584,0.01
6,74259,4644,1.0,7586,1669,72590,0.01
6,74265,4645,1.0,7587,1669,72596,0.01
6,74271,4646,1.0,7588,1669,72602,0.01
6,74277,4647,1.0,7589,1669,72608,0.01
6,74283,4648,1.0,7590,1669,72614,0.01
6,74289,4649,1.0,7591,1669,72620,0.01
6,74295,4650,1.0,7592,1669,72626,0.01
6,74301,4651,1.0,7593,1669,72632,0.01
6,74307,4652,1.0,7594,1669,72638,0.01
6,74313,4653,1.0,7595,1669,72644,0.01
6,74319,4654,1.0,7596,1669,72650,0.01
6,74325,4655,1.0,7597,1669,72656,0.01
6,74331,4656,1.0,7598,1669,72662,0.01
6,74337,4657,1.0,7599,1669,72668,0.01
6,74343,4658,1.0,7600,1669,72674,0.01
9,74352,4659,1.0,7601,1670,72682,0.01
6,74358,4660,1.0,7602,1670,72688,0.01
6,74364,4661,1.0,7603,1670,72694,0.01
6,74370,4662,1.0,7604,1670,72700,0.01
6,74376,4663,1.0,7605,1670,72706,0.01
6,74382,4664,1.0,7606,1670,72712,0.01
6,74388,4665,1.0,7607,1670,72718,0.01
6,74394,4666,1.0,7608,1670,72724,0.01
6,74400,4667,1.0,7609,1670,72730,0.01
6,74406,4668,1.0,7610,1670,72736,0.01
6,74412,4669,1.0,7611,1670,72742,0.01
6,74418,4670,1.0,7612,1670,72748,0.01
6,74424,4671,1.0,7613,1670,72754,0.01
6,74430,4672,1.0,7614,1670,72760,0.01
6,74436,4673,1.0,7615,1670,72766,0.01
6,74442,4674,1.0,7616,1670,72772,0.01
6,74448,4675,1.0,7617,1670,72778,0.01
6,74454,4676,1.0,7618,1670,72784,0.01
6,74460,4677,1.0,7619,1670,72790,0.01
6,74466,4678,1.0,7620,1670,72796,0.01
6,74472,4679,1.0,7621,1670,72802,0.01
6,74478,4680,1.0,7622,1670,72808,0.01
6,74484,4681,1.0,7623,1671,72813,0.01
6,74490,4682,1.0,7624,1671,72819,0.01
6,74496,4683,1.0,7625,1671,72825,0.01
6,74502,4684,1.0,7626,1671,72831,0.01
6,74508,4685,1.0,7627,1671,72837,0.01
6,74514,4686,1.0,7628,1671,72843,0.01
6,74520,4687,1.0,7629,1671,72849,0.01
6,74526,4688,1.0,7630,1671,72855,0.01
6,74532,4689,1.0,7631,1671,72861,0.01
6,74538,4690,1.0,7632,1671,72867,0.01
6,74544,4691,1.0,7633,1671,72873,0.01
6,74550,4692,1.0,7634,1672,72878,0.01
6,74556,4693,1.0,7635,1672,72884,0.01
6,74562,4694,1.0,7636,1672,72890,0.01
6,74568,4695,1.0,7637,1672,72896,0.01
8,74576,4695,0.0,7638,1673,72903,0.01
6,74582,4696,1.0,7639,1673,72909,0.01
6,74588,4697,1.0,7640,1673,72915,0.01
6,74594,4698,1.0,7641,1673,72921,0.01
6,74600,4699,1.0,7642,1673,72927,0.01
6,74606,4700,1.0,7643,1673,72933,0.01
6,74612,4701,1.0,7644,1673,72939,0.01
6,74618,4702,1.0,7645,1673,72945,0.01
6,74624,4703,1.0,7646,1673,72951,0.01
6,74630,4704,1.0,7647,1673,72957,0.01
6,74636,4705,1.0,7648,1673,72963,0.01
6,74642,4706,1.0,7649,1673,72969,0.01
4,74646,4706,0.0,7650,1674,72972,0.01
6,74652,4707,1.0,7651,1674,72978,0.01
6,74658,4708,1.0,7652,1674,72984,0.01
6,74664,4709,1.0,7653,1674,72990,0.01
6,74670,4710,1.0,7654,1674,72996,0.01
6,74676,4711,1.0,7655,1674,73002,0.01
6,74682,4712,1.0,7656,1674,73008,0.01
6,74688,4713,1.0,7657,1674,73014,0.01
6,74694,4714,1.0,7658,1674,73020,0.01
6,74700,4715,1.0,7659,1674,73026,0.01
6,74706,4716,1.0,7660,1674,73032,0.01
6,74712,4717,1.0,7661,1674,73038,0.01
6,74718,4718,1.0,7662,1674,73044,0.01
6,74724,4719,1.0,7663,1674,73050,0.01
6,74730,4720,1.0,7664,1674,73056,0.01
6,74736,4721,1.0,7665,1674,73062,0.01
6,74742,4722,1.0,7666,1674,73068,0.01
6,74748,4723,1.0,7667,1674,73074,0.01
6,74754,4724,1.0,7668,1674,73080,0.01
6,74760,4725,1.0,7669,1674,73086,0.01
6,74766,4726,1.0,7670,1674,73092,0.01
6,74772,4727,1.0,7671,1674,73098,0.01
6,74778,4728,1.0,7672,1674,73104,0.01
6,74784,4729,1.0,7673,1674,73110,0.01
6,74790,4730,1.0,7674,1674,73116,0.01
6,74796,4731,1.0,7675,1674,73122,0.01
6,74802,4732,1.0,7676,1674,73128,0.01
6,74808,4733,1.0,7677,1674,73134,0.01
6,74814,4734,1.0,7678,1674,73140,0.01
6,74820,4735,1.0,7679,1674,73146,0.01
5,74825,4735,0.0,7680,1675,73150,0.01
6,74831,4736,1.0,7681,1675,73156,0.01
6,74837,4737,1.0,7682,1675,73162,0.01
6,74843,4738,1.0,7683,1675,73168,0.01
6,74849,4739,1.0,7684,1675,73174,0.01
6,74855,4740,1.0,7685,1675,73180,0.01
6,74861,4741,1.0,7686,1675,73186,0.01
6,74867,4742,1.0,7687,1675,73192,0.01
6,74873,4743,1.0,7688,1675,73198,0.01
7,74880,4744,1.0,7689,1676,73204,0.01
6,74886,4745,1.0,7690,1676,73210,0.01
6,74892,4746,1.0,7691,1676,73216,0.01
6,74898,4747,1.0,7692,1677,73221,0.01
6,74904,4748,1.0,7693,1677,73227,0.01
6,74910,4749,1.0,7694,1677,73233,0.01
6,74916,4750,1.0,7695,1677,73239,0.01
6,74922,4751,1.0,7696,1677,73245,0.01
6,74928,4752,1.0,7697,1677,73251,0.01
6,74934,4753,1.0,7698,1677,73257,0.01
6,74940,4754,1.0,7699,1677,73263,0.01
6,74946,4755,1.0,7700,1677,73269,0.01
6,74952,4756,1.0,7701,1677,73275,0.01
6,74958,4757,1.0,7702,1677,73281,0.01
6,74964,4758,1.0,7703,1677,73287,0.01
6,74970,4759,1.0,7704,1677,73293,0.01
6,74976,4760,1.0,7705,1677,73299,0.01
6,74982,4761,1.0,7706,1677,73305,0.01
6,74988,4762,1.0,7707,1677,73311,0.01
6,74994,4763,1.0,7708,1677,73317,0.01
6,75000,4764,1.0,7709,1677,73323,0.01
6,75006,4765,1.0,7710,1677,73329,0.01
6,75012,4766,1.0,7711,1677,73335,0.01
6,75018,4767,1.0,7712,1677,73341,0.01
6,75024,4768,1.0,7713,1677,73347,0.01
6,75030,4769,1.0,7714,1677,73353,0.01
6,75036,4770,1.0,7715,1677,73359,0.01
6,75042,4771,1.0,7716,1677,73365,0.01
6,75048,4772,1.0,7717,1677,73371,0.01
6,75054,4773,1.0,7718,1677,73377,0.01
6,75060,4774,1.0,7719,1677,73383,0.01
6,75066,4775,1.0,7720,1677,73389,0.01
6,75072,4776,1.0,7721,1677,73395,0.01
6,75078,4777,1.0,7722,1677,73401,0.01
6,75084,4778,1.0,7723,1677,73407,0.01
6,75090,4779,1.0,7724,1677,73413,0.01
6,75096,4780,1.0,7725,1677,73419,0.01
6,75102,4781,1.0,7726,1677,73425,0.01
6,75108,4782,1.0,7727,1677,73431,0.01
6,75114,4783,1.0,7728,1677,73437,0.01
6,75120,4784,1.0,7729,1677,73443,0.01
6,75126,4785,1.0,7730,1677,73449,0.01
6,75132,4786,1.0,7731,1677,73455,0.01
6,75138,4787,1.0,7732,1677,73461,0.01
6,75144,4788,1.0,7733,1677,73467,0.01
6,75150,4789,1.0,7734,1677,73473,0.01
6,75156,4790,1.0,7735,1677,73479,0.01
6,75162,4791,1.0,7736,1677,73485,0.01
6,75168,4792,1.0,7737,1677,73491,0.01
6,75174,4793,1.0,7738,1677,73497,0.01
6,75180,4794,1.0,7739,1678,73502,0.01
6,75186,4795,1.0,7740,1678,73508,0.01
6,75192,4796,1.0,7741,1678,73514,0.01
6,75198,4797,1.0,7742,1678,73520,0.01
6,75204,4798,1.0,7743,1678,73526,0.01
6,75210,4799,1.0,7744,1678,73532,0.01
6,75216,4800,1.0,7745,1678,73538,0.01
6,75222,4801,1.0,7746,1678,73544,0.01
6,75228,4801,0.0,7747,1679,73549,0.01
6,75234,4801,0.0,7748,1681,73553,0.01
6,75240,4802,1.0,7749,1681,73559,0.01
6,75246,4803,1.0,7750,1681,73565,0.01
6,75252,4804,1.0,7751,1681,73571,0.01
6,75258,4805,1.0,7752,1681,73577,0.01
6,75264,4806,1.0,7753,1681,73583,0.01
7,75271,4807,1.0,7754,1682,73589,0.01
6,75277,4808,1.0,7755,1682,73595,0.01
6,75283,4809,1.0,7756,1682,73601,0.01
6,75289,4810,1.0,7757,1682,73607,0.01
6,75295,4811,1.0,7758,1682,73613,0.01
6,75301,4812,1.0,7759,1682,73619,0.01
6,75307,4813,1.0,7760,1682,73625,0.01
6,75313,4814,1.0,7761,1682,73631,0.01
6,75319,4815,1.0,7762,1682,73637,0.01
6,75325,4816,1.0,7763,1682,73643,0.01
6,75331,4817,1.0,7764,1682,73649,0.01
6,75337,4818,1.0,7765,1682,73655,0.01
6,75343,4819,1.0,7766,1682,73661,0.01
6,75349,4820,1.0,7767,1682,73667,0.01
6,75355,4821,1.0,7768,1682,73673,0.01
6,75361,4822,1.0,7769,1682,73679,0.01
6,75367,4823,1.0,7770,1682,73685,0.01
6,75373,4824,1.0,7771,1682,73691,0.01
6,75379,4825,1.0,7772,1682,73697,0.01
6,75385,4826,1.0,7773,1682,73703,0.01
6,75391,4827,1.0,7774,1682,73709,0.01
6,75397,4828,1.0,7775,1682,73715,0.01
6,75403,4829,1.0,7776,1682,73721,0.01
6,75409,4830,1.0,7777,1682,73727,0.01
6,75415,4831,1.0,7778,1682,73733,0.01
6,75421,4832,1.0,7779,1682,73739,0.01
6,75427,4833,1.0,7780,1682,73745,0.01
6,75433,4834,1.0,7781,1682,73751,0.01
6,75439,4835,1.0,7782,1682,73757,0.01
6,75445,4836,1.0,7783,1682,73763,0.01
6,75451,4837,1.0,7784,1682,73769,0.01
6,75457,4838,1.0,7785,1682,73775,0.01
6,75463,4839,1.0,7786,1682,73781,0.01
6,75469,4840,1.0,7787,1682,73787,0.01
6,75475,4841,1.0,7788,1682,73793,0.01
6,75481,4842,1.0,7789,1682,73799,0.01
6,75487,4843,1.0,7790,1682,73805,0.01
6,75493,4844,1.0,7791,1682,73811,0.01
6,75499,4845,1.0,7792,1682,73817,0.01
6,75505,4846,1.0,7793,1682,73823,0.01
6,75511,4847,1.0,7794,1682,73829,0.01
6,75517,4848,1.0,7795,1682,73835,0.01
6,75523,4849,1.0,7796,1682,73841,0.01
6,75529,4850,1.0,7797,1682,73847,0.01
6,75535,4851,1.0,7798,1682,73853,0.01
6,75541,4852,1.0,7799,1682,73859,0.01
6,75547,4853,1.0,7800,1682,73865,0.01
6,75553,4854,1.0,7801,1682,73871,0.01
4,75557,4854,0.0,7802,1683,73874,0.01
6,75563,4855,1.0,7803,1683,73880,0.01
6,75569,4856,1.0,7804,1683,73886,0.01
6,75575,4857,1.0,7805,1683,73892,0.01
6,75581,4858,1.0,7806,1683,73898,0.01
6,75587,4859,1.0,7807,1683,73904,0.01
6,75593,4860,1.0,7808,1683,73910,0.01
6,75599,4861,1.0,7809,1683,73916,0.01
6,75605,4862,1.0,7810,1683,73922,0.01
6,75611,4863,1.0,7811,1683,73928,0.01
6,75617,4864,1.0,7812,1683,73934,0.01
6,75623,4865,1.0,7813,1683,73940,0.01
6,75629,4866,1.0,7814,1683,73946,0.01
6,75635,4867,1.0,7815,1683,73952,0.01
6,75641,4868,1.0,7816,1683,73958,0.01
2,75643,4868,0.0,7817,1684,73959,0.01
6,75649,4869,1.0,7818,1684,73965,0.01
6,75655,4870,1.0,7819,1684,73971,0.01
6,75661,4871,1.0,7820,1684,73977,0.01
6,75667,4872,1.0,7821,1684,73983,0.01
6,75673,4873,1.0,7822,1684,73989,0.01
6,75679,4874,1.0,7823,1684,73995,0.01
6,75685,4875,1.0,7824,1684,74001,0.01
6,75691,4876,1.0,7825,1684,74007,0.01
6,75697,4877,1.0,7826,1684,74013,0.01
6,75703,4878,1.0,7827,1684,74019,0.01
6,75709,4879,1.0,7828,1684,74025,0.01
6,75715,4880,1.0,7829,1684,74031,0.01
6,75721,4881,1.0,7830,1684,74037,0.01
6,75727,4882,1.0,7831,1684,74043,0.01
6,75733,4883,1.0,7832,1684,74049,0.01
6,75739,4884,1.0,7833,1684,74055,0.01
6,75745,4885,1.0,7834,1684,74061,0.01
6,75751,4886,1.0,7835,1684,74067,0.01
6,75757,4887,1.0,7836,1684,74073,0.01
6,75763,4888,1.0,7837,1684,74079,0.01
6,75769,4889,1.0,7838,1684,74085,0.01
6,75775,4890,1.0,7839,1684,74091,0.01
6,75781,4891,1.0,7840,1684,74097,0.01
6,75787,4892,1.0,7841,1684,74103,0.01
6,75793,4893,1.0,7842,1684,74109,0.01
6,75799,4894,1.0,7843,1684,74115,0.01
6,75805,4895,1.0,7844,1684,74121,0.01
6,75811,4896,1.0,7845,1684,74127,0.01
6,75817,4897,1.0,7846,1684,74133,0.01
6,75823,4898,1.0,7847,1684,74139,0.01
6,75829,4899,1.0,7848,1684,74145,0.01
6,75835,4900,1.0,7849,1684,74151,0.01
6,75841,4901,1.0,7850,1684,74157,0.01
6,75847,4902,1.0,7851,1684,74163,0.01
6,75853,4903,1.0,7852,1684,74169,0.01
6,75859,4904,1.0,7853,1684,74175,0.01
6,75865,4905,1.0,7854,1684,74181,0.01
6,75871,4906,1.0,7855,1684,74187,0.01
6,75877,4907,1.0,7856,1684,74193,0.01
6,75883,4908,1.0,7857,1684,74199,0.01
6,75889,4909,1.0,7858,1684,74205,0.01
5,75894,4909,0.0,7859,1685,74209,0.01
6,75900,4910,1.0,7860,1685,74215,0.01
6,75906,4911,1.0,7861,1685,74221,0.01
6,75912,4912,1.0,7862,1685,74227,0.01
6,75918,4913,1.0,7863,1685,74233,0.01
6,75924,4914,1.0,7864,1685,74239,0.01
6,75930,4915,1.0,7865,1685,74245,0.01
6,75936,4916,1.0,7866,1685,74251,0.01
6,75942,4917,1.0,7867,1685,74257,0.01
6,75948,4918,1.0,7868,1685,74263,0.01
6,75954,4919,1.0,7869,1685,74269,0.01
6,75960,4920,1.0,7870,1685,74275,0.01
6,75966,4921,1.0,7871,1685,74281,0.01
6,75972,4922,1.0,7872,1685,74287,0.01
6,75978,4923,1.0,7873,1685,74293,0.01
5,75983,4923,0.0,7874,1686,74297,0.01
6,75989,4924,1.0,7875,1686,74303,0.01
6,75995,4925,1.0,7876,1686,74309,0.01
6,76001,4926,1.0,7877,1686,74315,0.01
6,76007,4927,1.0,7878,1686,74321,0.01
6,76013,4928,1.0,7879,1686,74327,0.01
6,76019,4929,1.0,7880,1686,74333,0.01
6,76025,4930,1.0,7881,1686,74339,0.01
6,76031,4931,1.0,7882,1686,74345,0.01
6,76037,4932,1.0,7883,1686,74351,0.01
6,76043,4933,1.0,7884,1686,74357,0.01
6,76049,4934,1.0,7885,1686,74363,0.01
6,76055,4935,1.0,7886,1686,74369,0.01
2,76057,4935,0.0,7887,1687,74370,0.01
6,76063,4936,1.0,7888,1687,74376,0.01
6,76069,4937,1.0,7889,1687,74382,0.01
6,76075,4938,1.0,7890,1687,74388,0.01
6,76081,4939,1.0,7891,1687,74394,0.01
6,76087,4940,1.0,7892,1687,74400,0.01
6,76093,4941,1.0,7893,1687,74406,0.01
6,76099,4942,1.0,7894,1687,74412,0.01
6,76105,4943,1.0,7895,1687,74418,0.01
6,76111,4944,1.0,7896,1687,74424,0.01
6,76117,4945,1.0,7897,1687,74430,0.01
6,76123,4946,1.0,7898,1687,74436,0.01
6,76129,4947,1.0,7899,1687,74442,0.01
6,76135,4948,1.0,7900,1687,74448,0.01
6,76141,4949,1.0,7901,1687,74454,0.01
6,76147,4950,1.0,7902,1687,74460,0.01
6,76153,4951,1.0,7903,1687,74466,0.01
6,76159,4952,1.0,7904,1687,74472,0.01
9,76168,4953,1.0,7905,1688,74480,0.01
6,76174,4954,1.0,7906,1688,74486,0.01
41,76215,4954,0.0,7907,1689,74526,0.01
6,76221,4955,1.0,7908,1689,74532,0.01
6,76227,4956,1.0,7909,1689,74538,0.01
6,76233,4957,1.0,7910,1689,74544,0.01
6,76239,4958,1.0,7911,1689,74550,0.01
6,76245,4959,1.0,7912,1689,74556,0.01
6,76251,4960,1.0,7913,1689,74562,0.01
6,76257,4961,1.0,7914,1689,74568,0.01
5,76262,4961,0.0,7915,1690,74572,0.01
6,76268,4962,1.0,7916,1690,74578,0.01
6,76274,4963,1.0,7917,1690,74584,0.01
6,76280,4964,1.0,7918,1690,74590,0.01
6,76286,4965,1.0,7919,1690,74596,0.01
6,76292,4966,1.0,7920,1690,74602,0.01
6,76298,4967,1.0,7921,1690,74608,0.01
6,76304,4968,1.0,7922,1690,74614,0.01
6,76310,4969,1.0,7923,1690,74620,0.01
6,76316,4970,1.0,7924,1690,74626,0.01
6,76322,4971,1.0,7925,1690,74632,0.01
23,76345,4971,0.0,7926,1693,74652,0.01
2,76347,4971,0.0,7927,1693,74654,0.01
5,76352,4971,0.0,7928,1693,74659,0.01
6,76358,4972,1.0,7929,1693,74665,0.01
6,76364,4973,1.0,7930,1693,74671,0.01
6,76370,4974,1.0,7931,1693,74677,0.01
6,76376,4975,1.0,7932,1693,74683,0.01
6,76382,4976,1.0,7933,1693,74689,0.01
6,76388,4977,1.0,7934,1693,74695,0.01
6,76394,4978,1.0,7935,1693,74701,0.01
6,76400,4979,1.0,7936,1693,74707,0.01
16,76416,4979,0.0,7937,1695,74721,0.01
15,76431,4979,0.0,7938,1695,74736,0.01
6,76437,4980,1.0,7939,1695,74742,0.01
6,76443,4981,1.0,7940,1695,74748,0.01
6,76449,4982,1.0,7941,1695,74754,0.01
6,76455,4983,1.0,7942,1695,74760,0.01
6,76461,4984,1.0,7943,1695,74766,0.01
6,76467,4985,1.0,7944,1695,74772,0.01
6,76473,4986,1.0,7945,1695,74778,0.01
6,76479,4987,1.0,7946,1695,74784,0.01
6,76485,4988,1.0,7947,1695,74790,0.01
6,76491,4989,1.0,7948,1695,74796,0.01
6,76497,4990,1.0,7949,1695,74802,0.01
6,76503,4991,1.0,7950,1695,74808,0.01
6,76509,4992,1.0,7951,1695,74814,0.01
6,76515,4993,1.0,7952,1695,74820,0.01
6,76521,4994,1.0,7953,1695,74826,0.01
6,76527,4995,1.0,7954,1695,74832,0.01
6,76533,4996,1.0,7955,1695,74838,0.01
6,76539,4997,1.0,7956,1695,74844,0.01
6,76545,4998,1.0,7957,1695,74850,0.01
6,76551,4999,1.0,7958,1695,74856,0.01
6,76557,5000,1.0,7959,1695,74862,0.01
6,76563,5001,1.0,7960,1695,74868,0.01
6,76569,5002,1.0,7961,1695,74874,0.01
6,76575,5003,1.0,7962,1695,74880,0.01
6,76581,5004,1.0,7963,1695,74886,0.01
6,76587,5005,1.0,7964,1695,74892,0.01
6,76593,5006,1.0,7965,1695,74898,0.01
6,76599,5007,1.0,7966,1695,74904,0.01
6,76605,5008,1.0,7967,1695,74910,0.01
6,76611,5009,1.0,7968,1695,74916,0.01
6,76617,5010,1.0,7969,1695,74922,0.01
6,76623,5011,1.0,7970,1695,74928,0.01
6,76629,5012,1.0,7971,1695,74934,0.01
6,76635,5013,1.0,7972,1695,74940,0.01
6,76641,5014,1.0,7973,1695,74946,0.01
6,76647,5015,1.0,7974,1695,74952,0.01
6,76653,5016,1.0,7975,1695,74958,0.01
4,76657,5016,0.0,7976,1696,74961,0.01
6,76663,5017,1.0,7977,1696,74967,0.01
6,76669,5018,1.0,7978,1696,74973,0.01
6,76675,5019,1.0,7979,1696,74979,0.01
6,76681,5020,1.0,7980,1697,74984,0.01
6,76687,5021,1.0,7981,1697,74990,0.01
6,76693,5022,1.0,7982,1697,74996,0.01
6,76699,5023,1.0,7983,1697,75002,0.01
6,76705,5024,1.0,7984,1697,75008,0.01
6,76711,5025,1.0,7985,1697,75014,0.01
6,76717,5026,1.0,7986,1697,75020,0.01
6,76723,5027,1.0,7987,1697,75026,0.01
6,76729,5028,1.0,7988,1697,75032,0.01
6,76735,5029,1.0,7989,1697,75038,0.01
6,76741,5030,1.0,7990,1697,75044,0.01
6,76747,5031,1.0,7991,1697,75050,0.01
6,76753,5032,1.0,7992,1697,75056,0.01
6,76759,5033,1.0,7993,1697,75062,0.01
6,76765,5034,1.0,7994,1697,75068,0.01
6,76771,5035,1.0,7995,1697,75074,0.01
6,76777,5036,1.0,7996,1697,75080,0.01
6,76783,5037,1.0,7997,1697,75086,0.01
6,76789,5038,1.0,7998,1697,75092,0.01
6,76795,5039,1.0,7999,1697,75098,0.01
6,76801,5040,1.0,8000,1697,75104,0.01
6,76807,5041,1.0,8001,1697,75110,0.01
6,76813,5042,1.0,8002,1697,75116,0.01
6,76819,5043,1.0,8003,1697,75122,0.01
6,76825,5044,1.0,8004,1697,75128,0.01
6,76831,5045,1.0,8005,1697,75134,0.01
6,76837,5046,1.0,8006,1697,75140,0.01
6,76843,5047,1.0,8007,1697,75146,0.01
6,76849,5048,1.0,8008,1697,75152,0.01
6,76855,5049,1.0,8009,1697,75158,0.01
6,76861,5050,1.0,8010,1697,75164,0.01
6,76867,5051,1.0,8011,1697,75170,0.01
6,76873,5052,1.0,8012,1697,75176,0.01
6,76879,5053,1.0,8013,1697,75182,0.01
6,76885,5054,1.0,8014,1697,75188,0.01
6,76891,5055,1.0,8015,1697,75194,0.01
6,76897,5056,1.0,8016,1697,75200,0.01
6,76903,5057,1.0,8017,1697,75206,0.01
6,76909,5058,1.0,8018,1697,75212,0.01
6,76915,5059,1.0,8019,1697,75218,0.01
6,76921,5060,1.0,8020,1697,75224,0.01
6,76927,5061,1.0,8021,1697,75230,0.01
6,76933,5062,1.0,8022,1697,75236,0.01
6,76939,5063,1.0,8023,1697,75242,0.01
6,76945,5064,1.0,8024,1697,75248,0.01
6,76951,5065,1.0,8025,1697,75254,0.01
6,76957,5066,1.0,8026,1697,75260,0.01
6,76963,5067,1.0,8027,1697,75266,0.01
6,76969,5068,1.0,8028,1697,75272,0.01
6,76975,5069,1.0,8029,1697,75278,0.01
6,76981,5070,1.0,8030,1697,75284,0.01
6,76987,5071,1.0,8031,1697,75290,0.01
6,76993,5072,1.0,8032,1697,75296,0.01
6,76999,5073,1.0,8033,1697,75302,0.01
6,77005,5074,1.0,8034,1697,75308,0.01
6,77011,5075,1.0,8035,1697,75314,0.01
6,77017,5076,1.0,8036,1697,75320,0.01
6,77023,5077,1.0,8037,1697,75326,0.01
6,77029,5078,1.0,8038,1697,75332,0.01
6,77035,5079,1.0,8039,1697,75338,0.01
6,77041,5080,1.0,8040,1697,75344,0.01
6,77047,5081,1.0,8041,1697,75350,0.01
6,77053,5082,1.0,8042,1697,75356,0.01
6,77059,5083,1.0,8043,1697,75362,0.01
6,77065,5084,1.0,8044,1697,75368,0.01
6,77071,5085,1.0,8045,1697,75374,0.01
6,77077,5086,1.0,8046,1697,75380,0.01
6,77083,5087,1.0,8047,1697,75386,0.01
6,77089,5088,1.0,8048,1697,75392,0.01
6,77095,5089,1.0,8049,1697,75398,0.01
6,77101,5090,1.0,8050,1697,75404,0.01
6,77107,5091,1.0,8051,1697,75410,0.01
6,77113,5092,1.0,8052,1697,75416,0.01
6,77119,5093,1.0,8053,1697,75422,0.01
24,77143,5093,0.0,8054,1698,75445,0.01
6,77149,5094,1.0,8055,1698,75451,0.01
6,77155,5095,1.0,8056,1698,75457,0.01
6,77161,5096,1.0,8057,1698,75463,0.01
8,77169,5096,0.0,8058,1700,75469,0.01
6,77175,5097,1.0,8059,1700,75475,0.01
6,77181,5098,1.0,8060,1700,75481,0.01
6,77187,5099,1.0,8061,1700,75487,0.01
6,77193,5100,1.0,8062,1700,75493,0.01
6,77199,5101,1.0,8063,1700,75499,0.01
9,77208,5102,1.0,8064,1702,75506,0.01
6,77214,5103,1.0,8065,1702,75512,0.01
6,77220,5104,1.0,8066,1702,75518,0.01
6,77226,5105,1.0,8067,1702,75524,0.01
6,77232,5106,1.0,8068,1702,75530,0.01
15,77247,5106,0.0,8069,1703,75544,0.01
41,77288,5106,0.0,8070,1704,75584,0.01
8,77296,5106,0.0,8071,1704,75592,0.01
18,77314,5106,0.0,8072,1704,75610,0.01
11,77325,5106,0.0,8073,1704,75621,0.01
30,77355,5106,0.0,8074,1705,75650,0.01
17,77372,5106,0.0,8075,1706,75666,0.01
7,77379,5106,0.0,8076,1706,75673,0.01
7,77386,5106,0.0,8077,1706,75680,0.01
12,77398,5106,0.0,8078,1707,75691,0.01
16,77414,5106,0.0,8079,1707,75707,0.01
14,77428,5106,0.0,8080,1707,75721,0.01
7,77435,5106,0.0,8081,1707,75728,0.01
12,77447,5106,0.0,8082,1707,75740,0.01
24,77471,5106,0.0,8083,1707,75764,0.01
6,77477,5106,0.0,8084,1707,75770,0.01
6,77483,5106,0.0,8085,1707,75776,0.01
6,77489,5106,0.0,8086,1707,75782,0.01
6,77495,5106,0.0,8087,1707,75788,0.01
7,77502,5106,0.0,8088,1707,75795,0.01
17,77519,5106,0.0,8089,1707,75812,0.01
33,77552,5106,0.0,8090,1707,75845,0.01
8,77560,5106,0.0,8091,1707,75853,0.01
10,77570,5106,0.0,8092,1707,75863,0.01
10,77580,5106,0.0,8093,1707,75873,0.01
10,77590,5106,0.0,8094,1707,75883,0.01
7,77597,5106,0.0,8095,1707,75890,0.01
8,77605,5106,0.0,8096,1707,75898,0.01
11,77616,5106,0.0,8097,1707,75909,0.01
15,77631,5106,0.0,8098,1707,75924,0.01
28,77659,5106,0.0,8099,1707,75952,0.01
15,77674,5106,0.0,8100,1707,75967,0.01
15,77689,5106,0.0,8101,1707,75982,0.01
15,77704,5106,0.0,8102,1707,75997,0.01
15,77719,5106,0.0,8103,1707,76012,0.01
15,77734,5106,0.0,8104,1707,76027,0.01
15,77749,5106,0.0,8105,1707,76042,0.01
15,77764,5106,0.0,8106,1707,76057,0.01
35,77799,5106,0.0,8107,1708,76091,0.01
41,77840,5106,0.0,8108,1709,76131,0.01
15,77855,5106,0.0,8109,1709,76146,0.01
15,77870,5106,0.0,8110,1709,76161,0.01
15,77885,5106,0.0,8111,1709,76176,0.01
5,77890,5106,0.0,8112,1710,76180,0.01
15,77905,5106,0.0,8113,1710,76195,0.01
5,77910,5106,0.0,8114,1710,76200,0.01
15,77925,5106,0.0,8115,1710,76215,0.01
18,77943,5106,0.0,8116,1711,76232,0.01
13,77956,5106,0.0,8117,1711,76245,0.01
18,77974,5106,0.0,8118,1711,76263,0.01
7,77981,5106,0.0,8119,1711,76270,0.01
13,77994,5106,0.0,8120,1711,76283,0.01
18,78012,5106,0.0,8121,1711,76301,0.01
18,78030,5106,0.0,8122,1711,76319,0.01
18,78048,5106,0.0,8123,1711,76337,0.01
18,78066,5106,0.0,8124,1711,76355,0.01
38,78104,5106,0.0,8125,1711,76393,0.01
5,78109,5106,0.0,8126,1711,76398,0.01
5,78114,5106,0.0,8127,1711,76403,0.01
16,78130,5106,0.0,8128,1711,76419,0.01
5,78135,5106,0.0,8129,1711,76424,0.01
24,78159,5106,0.0,8130,1711,76448,0.01
27,78186,5106,0.0,8131,1711,76475,0.01
10,78196,5106,0.0,8132,1711,76485,0.01
15,78211,5106,0.0,8133,1712,76499,0.01
24,78235,5106,0.0,8134,1712,76523,0.01
31,78266,5106,0.0,8135,1713,76553,0.01
8,78274,5106,0.0,8136,1714,76560,0.01
4,78278,5106,0.0,8137,1714,76564,0.01
8,78286,5106,0.0,8138,1714,76572,0.01
36,78322,5106,0.0,8139,1715,76607,0.01
33,78355,5106,0.0,8140,1715,76640,0.01
18,78373,5106,0.0,8141,1715,76658,0.01
18,78391,5106,0.0,8142,1715,76676,0.01
13,78404,5106,0.0,8143,1715,76689,0.01
16,78420,5106,0.0,8144,1715,76705,0.01
13,78433,5106,0.0,8145,1715,76718,0.01
18,78451,5106,0.0,8146,1716,76735,0.01
16,78467,5106,0.0,8147,1716,76751,0.01
13,78480,5106,0.0,8148,1716,76764,0.01
18,78498,5106,0.0,8149,1716,76782,0.01
18,78516,5106,0.0,8150,1716,76800,0.01
18,78534,5106,0.0,8151,1716,76818,0.01
18,78552,5106,0.0,8152,1716,76836,0.01
16,78568,5106,0.0,8153,1716,76852,0.01
13,78581,5106,0.0,8154,1716,76865,0.01
16,78597,5106,0.0,8155,1716,76881,0.01
16,78613,5106,0.0,8156,1716,76897,0.01
13,78626,5106,0.0,8157,1716,76910,0.01
18,78644,5106,0.0,8158,1716,76928,0.01
18,78662,5106,0.0,8159,1716,76946,0.01
18,78680,5106,0.0,8160,1717,76963,0.01
13,78693,5106,0.0,8161,1717,76976,0.01
13,78706,5106,0.0,8162,1717,76989,0.01
7,78713,5106,0.0,8163,1717,76996,0.01
7,78720,5106,0.0,8164,1717,77003,0.01
14,78734,5106,0.0,8165,1717,77017,0.01
25,78759,5106,0.0,8166,1717,77042,0.01
14,78773,5106,0.0,8167,1717,77056,0.01
4,78777,5106,0.0,8168,1718,77059,0.01
9,78786,5106,0.0,8169,1718,77068,0.01
7,78793,5106,0.0,8170,1718,77075,0.01
2,78795,5106,0.0,8171,1718,77077,0.01
2,78797,5106,0.0,8172,1718,77079,0.01
2,78799,5106,0.0,8173,1718,77081,0.01
2,78801,5106,0.0,8174,1718,77083,0.01
26,78827,5107,1.0,8175,1718,77109,0.01
15,78842,5107,0.0,8176,1718,77124,0.01
13,78855,5108,1.0,8177,1718,77137,0.01
13,78868,5109,1.0,8178,1718,77150,0.01
13,78881,5110,1.0,8179,1718,77163,0.01
13,78894,5111,1.0,8180,1718,77176,0.01
13,78907,5112,1.0,8181,1718,77189,0.01
13,78920,5113,1.0,8182,1718,77202,0.01
13,78933,5114,1.0,8183,1718,77215,0.01
13,78946,5115,1.0,8184,1718,77228,0.01
8,78954,5115,0.0,8185,1719,77235,0.01
13,78967,5116,1.0,8186,1719,77248,0.01
13,78980,5117,1.0,8187,1719,77261,0.01
13,78993,5118,1.0,8188,1719,77274,0.01
11,79004,5118,0.0,8189,1720,77284,0.01
13,79017,5119,1.0,8190,1720,77297,0.01
13,79030,5120,1.0,8191,1720,77310,0.01
13,79043,5121,1.0,8192,1720,77323,0.01
13,79056,5122,1.0,8193,1720,77336,0.01
13,79069,5123,1.0,8194,1720,77349,0.01
13,79082,5124,1.0,8195,1720,77362,0.01
13,79095,5125,1.0,8196,1720,77375,0.01
13,79108,5126,1.0,8197,1720,77388,0.01
13,79121,5127,1.0,8198,1720,77401,0.01
13,79134,5128,1.0,8199,1720,77414,0.01
13,79147,5129,1.0,8200,1720,77427,0.01
13,79160,5130,1.0,8201,1720,77440,0.01
13,79173,5131,1.0,8202,1720,77453,0.01
13,79186,5132,1.0,8203,1720,77466,0.01
13,79199,5133,1.0,8204,1720,77479,0.01
13,79212,5134,1.0,8205,1721,77491,0.01
13,79225,5135,1.0,8206,1721,77504,0.01
13,79238,5136,1.0,8207,1721,77517,0.01
13,79251,5137,1.0,8208,1721,77530,0.01
13,79264,5138,1.0,8209,1721,77543,0.01
13,79277,5139,1.0,8210,1721,77556,0.01
13,79290,5140,1.0,8211,1721,77569,0.01
13,79303,5141,1.0,8212,1721,77582,0.01
13,79316,5142,1.0,8213,1721,77595,0.01
13,79329,5143,1.0,8214,1721,77608,0.01
13,79342,5144,1.0,8215,1721,77621,0.01
16,79358,5144,0.0,8216,1722,77636,0.01
18,79376,5145,1.0,8217,1723,77653,0.01
15,79391,5145,0.0,8218,1723,77668,0.01
15,79406,5145,0.0,8219,1723,77683,0.01
23,79429,5145,0.0,8220,1723,77706,0.01
15,79444,5145,0.0,8221,1723,77721,0.01
15,79459,5145,0.0,8222,1723,77736,0.01
5,79464,5145,0.0,8223,1723,77741,0.01
22,79486,5145,0.0,8224,1724,77762,0.01
7,79493,5145,0.0,8225,1724,77769,0.01
13,79506,5145,0.0,8226,1724,77782,0.01
5,79511,5145,0.0,8227,1724,77787,0.01
30,79541,5145,0.0,8228,1724,77817,0.01
14,79555,5146,1.0,8229,1724,77831,0.01
12,79567,5146,0.0,8230,1724,77843,0.01
14,79581,5146,0.0,8231,1724,77857,0.01
5,79586,5146,0.0,8232,1724,77862,0.01
14,79600,5146,0.0,8233,1724,77876,0.01
14,79614,5147,1.0,8234,1724,77890,0.01
6,79620,5147,0.0,8235,1724,77896,0.01
5,79625,5147,0.0,8236,1724,77901,0.01
15,79640,5147,0.0,8237,1724,77916,0.01
15,79655,5147,0.0,8238,1724,77931,0.01
14,79669,5148,1.0,8239,1724,77945,0.01
7,79676,5148,0.0,8240,1724,77952,0.01
15,79691,5148,0.0,8241,1724,77967,0.01
7,79698,5148,0.0,8242,1725,77973,0.01
15,79713,5148,0.0,8243,1725,77988,0.01
15,79728,5148,0.0,8244,1725,78003,0.01
15,79743,5148,0.0,8245,1725,78018,0.01
5,79748,5148,0.0,8246,1725,78023,0.01
15,79763,5148,0.0,8247,1725,78038,0.01
15,79778,5148,0.0,8248,1725,78053,0.01
15,79793,5148,0.0,8249,1725,78068,0.01
14,79807,5149,1.0,8250,1725,78082,0.01
15,79822,5149,0.0,8251,1725,78097,0.01
23,79845,5149,0.0,8252,1726,78119,0.01
15,79860,5149,0.0,8253,1726,78134,0.01
15,79875,5149,0.0,8254,1726,78149,0.01
22,79897,5149,0.0,8255,1726,78171,0.01
14,79911,5149,0.0,8256,1726,78185,0.01
15,79926,5149,0.0,8257,1726,78200,0.01
5,79931,5149,0.0,8258,1726,78205,0.01
15,79946,5149,0.0,8259,1726,78220,0.01
15,79961,5149,0.0,8260,1726,78235,0.01
15,79976,5149,0.0,8261,1726,78250,0.01
15,79991,5149,0.0,8262,1726,78265,0.01
23,80014,5149,0.0,8263,1726,78288,0.01
22,80036,5149,0.0,8264,1726,78310,0.01
5,80041,5149,0.0,8265,1726,78315,0.01
15,80056,5149,0.0,8266,1726,78330,0.01
15,80071,5149,0.0,8267,1726,78345,0.01
15,80086,5149,0.0,8268,1726,78360,0.01
14,80100,5150,1.0,8269,1727,78373,0.01
15,80115,5150,0.0,8270,1727,78388,0.01
15,80130,5150,0.0,8271,1727,78403,0.01
15,80145,5150,0.0,8272,1727,78418,0.01
15,80160,5150,0.0,8273,1727,78433,0.01
5,80165,5150,0.0,8274,1727,78438,0.01
15,80180,5150,0.0,8275,1727,78453,0.01
15,80195,5150,0.0,8276,1727,78468,0.01
15,80210,5150,0.0,8277,1728,78482,0.01
14,80224,5150,0.0,8278,1729,78495,0.01
6,80230,5150,0.0,8279,1730,78500,0.01
4,80234,5150,0.0,8280,1730,78504,0.01
4,80238,5150,0.0,8281,1730,78508,0.01
4,80242,5150,0.0,8282,1730,78512,0.01
4,80246,5150,0.0,8283,1730,78516,0.01
4,80250,5150,0.0,8284,1730,78520,0.01
4,80254,5150,0.0,8285,1730,78524,0.01
15,80269,5150,0.0,8286,1731,78538,0.01
4,80273,5150,0.0,8287,1731,78542,0.01
23,80296,5150,0.0,8288,1731,78565,0.01
4,80300,5150,0.0,8289,1731,78569,0.01
15,80315,5150,0.0,8290,1732,78583,0.01
6,80321,5150,0.0,8291,1732,78589,0.01
40,80361,5150,0.0,8292,1733,78628,0.01
4,80365,5150,0.0,8293,1733,78632,0.01
28,80393,5150,0.0,8294,1734,78659,0.01
2,80395,5150,0.0,8295,1735,78660,0.01
4,80399,5150,0.0,8296,1735,78664,0.01
5,80404,5150,0.0,8297,1735,78669,0.01
4,80408,5150,0.0,8298,1735,78673,0.01
5,80413,5150,0.0,8299,1735,78678,0.01
4,80417,5150,0.0,8300,1735,78682,0.01
7,80424,5150,0.0,8301,1735,78689,0.01
4,80428,5150,0.0,8302,1735,78693,0.01
4,80432,5150,0.0,8303,1735,78697,0.01
4,80436,5150,0.0,8304,1735,78701,0.01
4,80440,5150,0.0,8305,1735,78705,0.01
4,80444,5150,0.0,8306,1735,78709,0.01
4,80448,5150,0.0,8307,1735,78713,0.01
4,80452,5150,0.0,8308,1735,78717,0.01
4,80456,5150,0.0,8309,1735,78721,0.01
5,80461,5150,0.0,8310,1735,78726,0.01
2,80463,5150,0.0,8311,1735,78728,0.01
5,80468,5150,0.0,8312,1735,78733,0.01
2,80470,5150,0.0,8313,1735,78735,0.01
15,80485,5150,0.0,8314,1735,78750,0.01
2,80487,5150,0.0,8315,1735,78752,0.01
15,80502,5150,0.0,8316,1735,78767,0.01
15,80517,5150,0.0,8317,1735,78782,0.01
15,80532,5150,0.0,8318,1735,78797,0.01
15,80547,5150,0.0,8319,1735,78812,0.01
4,80551,5150,0.0,8320,1736,78815,0.01
12,80563,5150,0.0,8321,1736,78827,0.01
15,80578,5150,0.0,8322,1736,78842,0.01
7,80585,5150,0.0,8323,1736,78849,0.01
19,80604,5150,0.0,8324,1737,78867,0.01
2,80606,5150,0.0,8325,1737,78869,0.01
2,80608,5150,0.0,8326,1737,78871,0.01
12,80620,5151,1.0,8327,1737,78883,0.01
2,80622,5151,0.0,8328,1737,78885,0.01
19,80641,5151,0.0,8329,1737,78904,0.01
12,80653,5151,0.0,8330,1737,78916,0.01
24,80677,5151,0.0,8331,1737,78940,0.01
10,80687,5151,0.0,8332,1737,78950,0.01
14,80701,5151,0.0,8333,1737,78964,0.01
3,80704,5151,0.0,8334,1738,78966,0.01
29,80733,5151,0.0,8335,1738,78995,0.01
6,80739,5151,0.0,8336,1738,79001,0.01
13,80752,5151,0.0,8337,1738,79014,0.01
13,80765,5151,0.0,8338,1738,79027,0.01
6,80771,5151,0.0,8339,1738,79033,0.01
3,80774,5151,0.0,8340,1738,79036,0.01
13,80787,5151,0.0,8341,1740,79047,0.01
7,80794,5151,0.0,8342,1740,79054,0.01
8,80802,5151,0.0,8343,1740,79062,0.01
15,80817,5151,0.0,8344,1740,79077,0.01
17,80834,5151,0.0,8345,1740,79094,0.01
16,80850,5152,1.0,8346,1740,79110,0.01
16,80866,5153,1.0,8347,1741,79125,0.01
16,80882,5154,1.0,8348,1741,79141,0.01
16,80898,5155,1.0,8349,1741,79157,0.01
16,80914,5156,1.0,8350,1741,79173,0.01
16,80930,5157,1.0,8351,1741,79189,0.01
16,80946,5158,1.0,8352,1741,79205,0.01
16,80962,5159,1.0,8353,1741,79221,0.01
16,80978,5160,1.0,8354,1741,79237,0.01
16,80994,5161,1.0,8355,1742,79252,0.01
16,81010,5162,1.0,8356,1742,79268,0.01
16,81026,5163,1.0,8357,1742,79284,0.01
16,81042,5164,1.0,8358,1742,79300,0.01
16,81058,5165,1.0,8359,1742,79316,0.01
16,81074,5166,1.0,8360,1742,79332,0.01
16,81090,5167,1.0,8361,1742,79348,0.01
16,81106,5168,1.0,8362,1742,79364,0.01
16,81122,5169,1.0,8363,1742,79380,0.01
16,81138,5170,1.0,8364,1742,79396,0.01
16,81154,5171,1.0,8365,1742,79412,0.01
16,81170,5172,1.0,8366,1742,79428,0.01
16,81186,5173,1.0,8367,1742,79444,0.01
16,81202,5174,1.0,8368,1742,79460,0.01
16,81218,5175,1.0,8369,1742,79476,0.01
16,81234,5176,1.0,8370,1742,79492,0.01
16,81250,5177,1.0,8371,1742,79508,0.01
16,81266,5178,1.0,8372,1742,79524,0.01
16,81282,5179,1.0,8373,1742,79540,0.01
16,81298,5180,1.0,8374,1742,79556,0.01
16,81314,5181,1.0,8375,1742,79572,0.01
16,81330,5182,1.0,8376,1742,79588,0.01
16,81346,5183,1.0,8377,1742,79604,0.01
16,81362,5184,1.0,8378,1742,79620,0.01
16,81378,5185,1.0,8379,1742,79636,0.01
16,81394,5186,1.0,8380,1742,79652,0.01
16,81410,5187,1.0,8381,1742,79668,0.01
16,81426,5188,1.0,8382,1742,79684,0.01
16,81442,5189,1.0,8383,1743,79699,0.01
16,81458,5190,1.0,8384,1743,79715,0.01
16,81474,5191,1.0,8385,1743,79731,0.01
16,81490,5192,1.0,8386,1743,79747,0.01
16,81506,5193,1.0,8387,1743,79763,0.01
16,81522,5194,1.0,8388,1743,79779,0.01
16,81538,5195,1.0,8389,1743,79795,0.01
16,81554,5196,1.0,8390,1743,79811,0.01
16,81570,5197,1.0,8391,1743,79827,0.01
16,81586,5198,1.0,8392,1744,79842,0.01
16,81602,5199,1.0,8393,1744,79858,0.01
24,81626,5199,0.0,8394,1745,79881,0.01
15,81641,5199,0.0,8395,1745,79896,0.01
16,81657,5200,1.0,8396,1745,79912,0.01
16,81673,5201,1.0,8397,1745,79928,0.01
16,81689,5202,1.0,8398,1745,79944,0.01
16,81705,5203,1.0,8399,1745,79960,0.01
16,81721,5204,1.0,8400,1745,79976,0.01
16,81737,5205,1.0,8401,1745,79992,0.01
16,81753,5206,1.0,8402,1745,80008,0.01
16,81769,5207,1.0,8403,1745,80024,0.01
16,81785,5208,1.0,8404,1745,80040,0.01
16,81801,5209,1.0,8405,1745,80056,0.01
14,81815,5209,0.0,8406,1746,80069,0.01
15,81830,5209,0.0,8407,1747,80083,0.01
17,81847,5209,0.0,8408,1748,80099,0.01
17,81864,5209,0.0,8409,1748,80116,0.01
17,81881,5209,0.0,8410,1748,80133,0.01
17,81898,5209,0.0,8411,1748,80150,0.01
17,81915,5210,1.0,8412,1748,80167,0.01
15,81930,5210,0.0,8413,1748,80182,0.01
15,81945,5210,0.0,8414,1748,80197,0.01
22,81967,5210,0.0,8415,1748,80219,0.01
14,81981,5210,0.0,8416,1749,80232,0.01
15,81996,5210,0.0,8417,1749,80247,0.01
3,81999,5210,0.0,8418,1749,80250,0.01
22,82021,5210,0.0,8419,1749,80272,0.01
13,82034,5210,0.0,8420,1750,80284,0.01
24,82058,5210,0.0,8421,1751,80307,0.01
17,82075,5210,0.0,8422,1752,80323,0.01
9,82084,5210,0.0,8423,1752,80332,0.01
15,82099,5210,0.0,8424,1752,80347,0.01
3,82102,5210,0.0,8425,1752,80350,0.01
6,82108,5210,0.0,8426,1752,80356,0.01
15,82123,5210,0.0,8427,1752,80371,0.01
15,82138,5210,0.0,8428,1752,80386,0.01
15,82153,5210,0.0,8429,1752,80401,0.01
15,82168,5210,0.0,8430,1752,80416,0.01
17,82185,5210,0.0,8431,1752,80433,0.01
15,82200,5210,0.0,8432,1752,80448,0.01
19,82219,5210,0.0,8433,1753,80466,0.01
15,82234,5211,1.0,8434,1753,80481,0.01
15,82249,5211,0.0,8435,1753,80496,0.01
15,82264,5211,0.0,8436,1753,80511,0.01
15,82279,5211,0.0,8437,1753,80526,0.01
15,82294,5211,0.0,8438,1753,80541,0.01
15,82309,5211,0.0,8439,1753,80556,0.01
14,82323,5212,1.0,8440,1754,80569,0.01
24,82347,5212,0.0,8441,1754,80593,0.01
24,82371,5212,0.0,8442,1755,80616,0.01
24,82395,5212,0.0,8443,1755,80640,0.01
25,82420,5212,0.0,8444,1755,80665,0.01
9,82429,5212,0.0,8445,1755,80674,0.01
9,82438,5212,0.0,8446,1755,80683,0.01
9,82447,5212,0.0,8447,1755,80692,0.01
9,82456,5212,0.0,8448,1755,80701,0.01
9,82465,5212,0.0,8449,1755,80710,0.01
15,82480,5212,0.0,8450,1755,80725,0.01
19,82499,5213,1.0,8451,1755,80744,0.01
15,82514,5213,0.0,8452,1755,80759,0.01
9,82523,5213,0.0,8453,1755,80768,0.01
9,82532,5213,0.0,8454,1755,80777,0.01
9,82541,5213,0.0,8455,1755,80786,0.01
9,82550,5213,0.0,8456,1755,80795,0.01
15,82565,5213,0.0,8457,1755,80810,0.01
15,82580,5213,0.0,8458,1755,80825,0.01
10,82590,5213,0.0,8459,1755,80835,0.01
22,82612,5213,0.0,8460,1755,80857,0.01
15,82627,5213,0.0,8461,1755,80872,0.01
15,82642,5213,0.0,8462,1755,80887,0.01
15,82657,5213,0.0,8463,1755,80902,0.01
15,82672,5213,0.0,8464,1755,80917,0.01
17,82689,5213,0.0,8465,1755,80934,0.01
18,82707,5214,1.0,8466,1755,80952,0.01
15,82722,5214,0.0,8467,1755,80967,0.01
15,82737,5214,0.0,8468,1755,80982,0.01
15,82752,5214,0.0,8469,1755,80997,0.01
15,82767,5214,0.0,8470,1755,81012,0.01
15,82782,5214,0.0,8471,1755,81027,0.01
15,82797,5214,0.0,8472,1755,81042,0.01
15,82812,5214,0.0,8473,1755,81057,0.01
15,82827,5214,0.0,8474,1755,81072,0.01
29,82856,5215,1.0,8475,1755,81101,0.01
15,82871,5215,0.0,8476,1755,81116,0.01
12,82883,5215,0.0,8477,1756,81127,0.01
22,82905,5215,0.0,8478,1757,81148,0.01
15,82920,5215,0.0,8479,1757,81163,0.01
15,82935,5215,0.0,8480,1757,81178,0.01
22,82957,5215,0.0,8481,1757,81200,0.01
15,82972,5215,0.0,8482,1757,81215,0.01
15,82987,5215,0.0,8483,1757,81230,0.01
15,83002,5215,0.0,8484,1757,81245,0.01
15,83017,5215,0.0,8485,1757,81260,0.01
15,83032,5215,0.0,8486,1757,81275,0.01
15,83047,5215,0.0,8487,1758,81289,0.01
15,83062,5215,0.0,8488,1758,81304,0.01
29,83091,5216,1.0,8489,1758,81333,0.01
15,83106,5216,0.0,8490,1758,81348,0.01
15,83121,5216,0.0,8491,1758,81363,0.01
15,83136,5216,0.0,8492,1758,81378,0.01
15,83151,5216,0.0,8493,1758,81393,0.01
22,83173,5216,0.0,8494,1759,81414,0.01
15,83188,5216,0.0,8495,1759,81429,0.01
15,83203,5216,0.0,8496,1759,81444,0.01
15,83218,5216,0.0,8497,1759,81459,0.01
15,83233,5216,0.0,8498,1759,81474,0.01
15,83248,5216,0.0,8499,1759,81489,0.01
15,83263,5216,0.0,8500,1760,81503,0.01
15,83278,5216,0.0,8501,1760,81518,0.01
15,83293,5216,0.0,8502,1760,81533,0.01
15,83308,5216,0.0,8503,1760,81548,0.01
15,83323,5216,0.0,8504,1760,81563,0.01
12,83335,5216,0.0,8505,1761,81574,0.01
15,83350,5216,0.0,8506,1761,81589,0.01
22,83372,5216,0.0,8507,1761,81611,0.01
15,83387,5216,0.0,8508,1761,81626,0.01
15,83402,5216,0.0,8509,1761,81641,0.01
23,83425,5216,0.0,8510,1762,81663,0.01
17,83442,5217,1.0,8511,1762,81680,0.01
22,83464,5217,0.0,8512,1762,81702,0.01
17,83481,5218,1.0,8513,1762,81719,0.01
17,83498,5219,1.0,8514,1762,81736,0.01
14,83512,5219,0.0,8515,1762,81750,0.01
22,83534,5219,0.0,8516,1762,81772,0.01
10,83544,5219,0.0,8517,1762,81782,0.01
10,83554,5219,0.0,8518,1762,81792,0.01
5,83559,5219,0.0,8519,1762,81797,0.01
10,83569,5219,0.0,8520,1762,81807,0.01
17,83586,5220,1.0,8521,1762,81824,0.01
24,83610,5220,0.0,8522,1762,81848,0.01
16,83626,5220,0.0,8523,1763,81863,0.01
17,83643,5221,1.0,8524,1763,81880,0.01
17,83660,5222,1.0,8525,1763,81897,0.01
17,83677,5223,1.0,8526,1763,81914,0.01
17,83694,5224,1.0,8527,1763,81931,0.01
17,83711,5225,1.0,8528,1763,81948,0.01
17,83728,5226,1.0,8529,1763,81965,0.01
19,83747,5227,1.0,8530,1764,81983,0.01
17,83764,5228,1.0,8531,1764,82000,0.01
17,83781,5229,1.0,8532,1764,82017,0.01
17,83798,5230,1.0,8533,1764,82034,0.01
17,83815,5231,1.0,8534,1764,82051,0.01
17,83832,5232,1.0,8535,1764,82068,0.01
17,83849,5233,1.0,8536,1764,82085,0.01
17,83866,5234,1.0,8537,1764,82102,0.01
17,83883,5235,1.0,8538,1764,82119,0.01
17,83900,5236,1.0,8539,1764,82136,0.01
17,83917,5237,1.0,8540,1764,82153,0.01
17,83934,5238,1.0,8541,1764,82170,0.01
17,83951,5239,1.0,8542,1764,82187,0.01
17,83968,5240,1.0,8543,1764,82204,0.01
14,83982,5240,0.0,8544,1765,82217,0.01
22,84004,5240,0.0,8545,1765,82239,0.01
17,84021,5241,1.0,8546,1765,82256,0.01
17,84038,5242,1.0,8547,1765,82273,0.01
14,84052,5242,0.0,8548,1765,82287,0.01
5,84057,5242,0.0,8549,1765,82292,0.01
22,84079,5242,0.0,8550,1765,82314,0.01
17,84096,5243,1.0,8551,1765,82331,0.01
17,84113,5244,1.0,8552,1766,82347,0.01
22,84135,5244,0.0,8553,1767,82368,0.01
17,84152,5245,1.0,8554,1767,82385,0.01
17,84169,5246,1.0,8555,1767,82402,0.01
17,84186,5247,1.0,8556,1767,82419,0.01
17,84203,5248,1.0,8557,1767,82436,0.01
17,84220,5249,1.0,8558,1767,82453,0.01
17,84237,5250,1.0,8559,1767,82470,0.01
17,84254,5251,1.0,8560,1767,82487,0.01
16,84270,5251,0.0,8561,1768,82502,0.01
17,84287,5252,1.0,8562,1768,82519,0.01
17,84304,5253,1.0,8563,1768,82536,0.01
17,84321,5254,1.0,8564,1769,82552,0.01
17,84338,5255,1.0,8565,1769,82569,0.01
17,84355,5256,1.0,8566,1769,82586,0.01
17,84372,5257,1.0,8567,1769,82603,0.01
17,84389,5258,1.0,8568,1769,82620,0.01
22,84411,5258,0.0,8569,1770,82641,0.01
17,84428,5259,1.0,8570,1770,82658,0.01
17,84445,5260,1.0,8571,1770,82675,0.01
22,84467,5260,0.0,8572,1770,82697,0.01
17,84484,5261,1.0,8573,1770,82714,0.01
17,84501,5262,1.0,8574,1770,82731,0.01
17,84518,5263,1.0,8575,1770,82748,0.01
17,84535,5264,1.0,8576,1770,82765,0.01
17,84552,5265,1.0,8577,1770,82782,0.01
17,84569,5266,1.0,8578,1770,82799,0.01
17,84586,5267,1.0,8579,1770,82816,0.01
17,84603,5268,1.0,8580,1770,82833,0.01
17,84620,5269,1.0,8581,1770,82850,0.01
17,84637,5270,1.0,8582,1770,82867,0.01
17,84654,5271,1.0,8583,1770,82884,0.01
17,84671,5272,1.0,8584,1771,82900,0.01
17,84688,5273,1.0,8585,1772,82916,0.01
17,84705,5274,1.0,8586,1772,82933,0.01
17,84722,5275,1.0,8587,1772,82950,0.01
17,84739,5276,1.0,8588,1772,82967,0.01
17,84756,5277,1.0,8589,1772,82984,0.01
17,84773,5278,1.0,8590,1772,83001,0.01
17,84790,5279,1.0,8591,1772,83018,0.01
9,84799,5279,0.0,8592,1773,83026,0.01
17,84816,5280,1.0,8593,1773,83043,0.01
17,84833,5281,1.0,8594,1773,83060,0.01
17,84850,5282,1.0,8595,1773,83077,0.01
17,84867,5283,1.0,8596,1773,83094,0.01
10,84877,5283,0.0,8597,1774,83103,0.01
17,84894,5284,1.0,8598,1774,83120,0.01
26,84920,5284,0.0,8599,1776,83144,0.01
31,84951,5284,0.0,8600,1777,83174,0.01
17,84968,5285,1.0,8601,1777,83191,0.01
17,84985,5286,1.0,8602,1777,83208,0.01
17,85002,5287,1.0,8603,1777,83225,0.01
22,85024,5287,0.0,8604,1777,83247,0.01
17,85041,5288,1.0,8605,1777,83264,0.01
17,85058,5289,1.0,8606,1777,83281,0.01
17,85075,5290,1.0,8607,1777,83298,0.01
17,85092,5291,1.0,8608,1777,83315,0.01
17,85109,5292,1.0,8609,1777,83332,0.01
17,85126,5293,1.0,8610,1777,83349,0.01
17,85143,5294,1.0,8611,1777,83366,0.01
17,85160,5295,1.0,8612,1777,83383,0.01
17,85177,5296,1.0,8613,1778,83399,0.01
17,85194,5297,1.0,8614,1778,83416,0.01
22,85216,5297,0.0,8615,1779,83437,0.01
17,85233,5298,1.0,8616,1779,83454,0.01
17,85250,5299,1.0,8617,1779,83471,0.01
22,85272,5299,0.0,8618,1779,83493,0.01
22,85294,5299,0.0,8619,1780,83514,0.01
17,85311,5300,1.0,8620,1780,83531,0.01
17,85328,5301,1.0,8621,1780,83548,0.01
17,85345,5302,1.0,8622,1782,83563,0.01
17,85362,5303,1.0,8623,1782,83580,0.01
22,85384,5303,0.0,8624,1783,83601,0.01
46,85430,5303,0.0,8625,1783,83647,0.01
6,85436,5304,1.0,8626,1783,83653,0.01
8,85444,5304,0.0,8627,1783,83661,0.01
10,85454,5304,0.0,8628,1783,83671,0.01
22,85476,5304,0.0,8629,1783,83693,0.01
18,85494,5304,0.0,8630,1784,83710,0.01
17,85511,5305,1.0,8631,1784,83727,0.01
17,85528,5306,1.0,8632,1784,83744,0.01
17,85545,5307,1.0,8633,1785,83760,0.01
17,85562,5308,1.0,8634,1785,83777,0.01
17,85579,5309,1.0,8635,1785,83794,0.01
14,85593,5309,0.0,8636,1786,83807,0.01
14,85607,5309,0.0,8637,1786,83821,0.01
14,85621,5309,0.0,8638,1786,83835,0.01
11,85632,5309,0.0,8639,1787,83845,0.01
10,85642,5309,0.0,8640,1787,83855,0.01
17,85659,5310,1.0,8641,1788,83871,0.01
17,85676,5311,1.0,8642,1788,83888,0.01
17,85693,5312,1.0,8643,1788,83905,0.01
17,85710,5313,1.0,8644,1788,83922,0.01
17,85727,5314,1.0,8645,1788,83939,0.01
17,85744,5315,1.0,8646,1788,83956,0.01
17,85761,5316,1.0,8647,1788,83973,0.01
17,85778,5317,1.0,8648,1788,83990,0.01
17,85795,5318,1.0,8649,1788,84007,0.01
17,85812,5319,1.0,8650,1788,84024,0.01
17,85829,5320,1.0,8651,1788,84041,0.01
16,85845,5320,0.0,8652,1789,84056,0.01
17,85862,5321,1.0,8653,1790,84072,0.01
17,85879,5322,1.0,8654,1790,84089,0.01
17,85896,5323,1.0,8655,1790,84106,0.01
17,85913,5324,1.0,8656,1790,84123,0.01
17,85930,5325,1.0,8657,1790,84140,0.01
17,85947,5326,1.0,8658,1790,84157,0.01
17,85964,5327,1.0,8659,1790,84174,0.01
12,85976,5327,0.0,8660,1791,84185,0.01
14,85990,5327,0.0,8661,1792,84198,0.01
17,86007,5328,1.0,8662,1792,84215,0.01
17,86024,5329,1.0,8663,1792,84232,0.01
17,86041,5330,1.0,8664,1792,84249,0.01
17,86058,5331,1.0,8665,1792,84266,0.01
17,86075,5332,1.0,8666,1792,84283,0.01
16,86091,5333,1.0,8667,1793,84298,0.01
19,86110,5334,1.0,8668,1793,84317,0.01
18,86128,5334,0.0,8669,1795,84333,0.01
17,86145,5335,1.0,8670,1795,84350,0.01
17,86162,5336,1.0,8671,1795,84367,0.01
17,86179,5337,1.0,8672,1795,84384,0.01
18,86197,5337,0.0,8673,1796,84401,0.01
17,86214,5338,1.0,8674,1796,84418,0.01
17,86231,5339,1.0,8675,1796,84435,0.01
17,86248,5340,1.0,8676,1796,84452,0.01
17,86265,5341,1.0,8677,1796,84469,0.01
17,86282,5342,1.0,8678,1796,84486,0.01
17,86299,5343,1.0,8679,1796,84503,0.01
19,86318,5344,1.0,8680,1797,84521,0.01
17,86335,5345,1.0,8681,1797,84538,0.01
17,86352,5346,1.0,8682,1797,84555,0.01
17,86369,5347,1.0,8683,1797,84572,0.01
17,86386,5348,1.0,8684,1797,84589,0.01
17,86403,5349,1.0,8685,1797,84606,0.01
17,86420,5350,1.0,8686,1797,84623,0.01
17,86437,5351,1.0,8687,1797,84640,0.01
17,86454,5352,1.0,8688,1797,84657,0.01
17,86471,5353,1.0,8689,1797,84674,0.01
17,86488,5354,1.0,8690,1797,84691,0.01
17,86505,5355,1.0,8691,1797,84708,0.01
12,86517,5355,0.0,8692,1798,84719,0.01
17,86534,5356,1.0,8693,1798,84736,0.01
17,86551,5357,1.0,8694,1798,84753,0.01
14,86565,5357,0.0,8695,1799,84766,0.01
17,86582,5358,1.0,8696,1799,84783,0.01
17,86599,5359,1.0,8697,1799,84800,0.01
15,86614,5359,0.0,8698,1800,84814,0.01
17,86631,5360,1.0,8699,1800,84831,0.01
17,86648,5361,1.0,8700,1800,84848,0.01
17,86665,5362,1.0,8701,1800,84865,0.01
17,86682,5363,1.0,8702,1800,84882,0.01
17,86699,5364,1.0,8703,1800,84899,0.01
17,86716,5365,1.0,8704,1800,84916,0.01
17,86733,5366,1.0,8705,1800,84933,0.01
17,86750,5367,1.0,8706,1800,84950,0.01
17,86767,5368,1.0,8707,1800,84967,0.01
17,86784,5369,1.0,8708,1800,84984,0.01
17,86801,5370,1.0,8709,1800,85001,0.01
17,86818,5371,1.0,8710,1801,85017,0.01
17,86835,5372,1.0,8711,1801,85034,0.01
17,86852,5373,1.0,8712,1801,85051,0.01
17,86869,5374,1.0,8713,1801,85068,0.01
17,86886,5375,1.0,8714,1801,85085,0.01
17,86903,5376,1.0,8715,1801,85102,0.01
17,86920,5377,1.0,8716,1801,85119,0.01
17,86937,5378,1.0,8717,1801,85136,0.01
17,86954,5379,1.0,8718,1801,85153,0.01
17,86971,5380,1.0,8719,1801,85170,0.01
17,86988,5381,1.0,8720,1801,85187,0.01
14,87002,5381,0.0,8721,1802,85200,0.01
17,87019,5382,1.0,8722,1802,85217,0.01
17,87036,5383,1.0,8723,1802,85234,0.01
17,87053,5384,1.0,8724,1802,85251,0.01
17,87070,5385,1.0,8725,1802,85268,0.01
18,87088,5386,1.0,8726,1803,85285,0.01
17,87105,5387,1.0,8727,1803,85302,0.01
17,87122,5388,1.0,8728,1803,85319,0.01
17,87139,5389,1.0,8729,1803,85336,0.01
17,87156,5390,1.0,8730,1803,85353,0.01
17,87173,5391,1.0,8731,1803,85370,0.01
17,87190,5392,1.0,8732,1803,85387,0.01
17,87207,5393,1.0,8733,1803,85404,0.01
17,87224,5394,1.0,8734,1803,85421,0.01
17,87241,5395,1.0,8735,1803,85438,0.01
18,87259,5396,1.0,8736,1804,85455,0.01
17,87276,5397,1.0,8737,1804,85472,0.01
17,87293,5398,1.0,8738,1804,85489,0.01
17,87310,5399,1.0,8739,1804,85506,0.01
17,87327,5400,1.0,8740,1804,85523,0.01
17,87344,5401,1.0,8741,1804,85540,0.01
17,87361,5402,1.0,8742,1804,85557,0.01
17,87378,5403,1.0,8743,1804,85574,0.01
17,87395,5404,1.0,8744,1805,85590,0.01
17,87412,5405,1.0,8745,1805,85607,0.01
17,87429,5406,1.0,8746,1805,85624,0.01
17,87446,5407,1.0,8747,1805,85641,0.01
17,87463,5408,1.0,8748,1805,85658,0.01
17,87480,5409,1.0,8749,1805,85675,0.01
17,87497,5410,1.0,8750,1805,85692,0.01
17,87514,5411,1.0,8751,1806,85708,0.01
18,87532,5411,0.0,8752,1806,85726,0.01
18,87550,5411,0.0,8753,1807,85743,0.01
17,87567,5412,1.0,8754,1807,85760,0.01
7,87574,5412,0.0,8755,1807,85767,0.01
8,87582,5412,0.0,8756,1809,85773,0.01
18,87600,5412,0.0,8757,1809,85791,0.01
17,87617,5413,1.0,8758,1809,85808,0.01
14,87631,5413,0.0,8759,1809,85822,0.01
27,87658,5414,1.0,8760,1809,85849,0.01
18,87676,5414,0.0,8761,1810,85866,0.01
18,87694,5414,0.0,8762,1811,85883,0.01
18,87712,5414,0.0,8763,1811,85901,0.01
45,87757,5415,1.0,8764,1811,85946,0.01
5,87762,5415,0.0,8765,1811,85951,0.01
6,87768,5416,1.0,8766,1811,85957,0.01
6,87774,5417,1.0,8767,1811,85963,0.01
6,87780,5418,1.0,8768,1811,85969,0.01
6,87786,5419,1.0,8769,1811,85975,0.01
6,87792,5420,1.0,8770,1811,85981,0.01
6,87798,5421,1.0,8771,1811,85987,0.01
6,87804,5422,1.0,8772,1811,85993,0.01
6,87810,5423,1.0,8773,1811,85999,0.01
6,87816,5424,1.0,8774,1811,86005,0.01
6,87822,5425,1.0,8775,1811,86011,0.01
6,87828,5426,1.0,8776,1811,86017,0.01
6,87834,5427,1.0,8777,1811,86023,0.01
6,87840,5428,1.0,8778,1811,86029,0.01
6,87846,5429,1.0,8779,1811,86035,0.01
6,87852,5430,1.0,8780,1811,86041,0.01
6,87858,5431,1.0,8781,1811,86047,0.01
6,87864,5432,1.0,8782,1811,86053,0.01
6,87870,5433,1.0,8783,1811,86059,0.01
6,87876,5434,1.0,8784,1811,86065,0.01
6,87882,5435,1.0,8785,1811,86071,0.01
6,87888,5436,1.0,8786,1811,86077,0.01
6,87894,5437,1.0,8787,1811,86083,0.01
6,87900,5438,1.0,8788,1811,86089,0.01
6,87906,5439,1.0,8789,1811,86095,0.01
6,87912,5440,1.0,8790,1811,86101,0.01
6,87918,5441,1.0,8791,1811,86107,0.01
6,87924,5442,1.0,8792,1811,86113,0.01
6,87930,5443,1.0,8793,1811,86119,0.01
6,87936,5444,1.0,8794,1811,86125,0.01
6,87942,5445,1.0,8795,1811,86131,0.01
6,87948,5446,1.0,8796,1811,86137,0.01
6,87954,5447,1.0,8797,1811,86143,0.01
6,87960,5448,1.0,8798,1811,86149,0.01
6,87966,5449,1.0,8799,1811,86155,0.01
6,87972,5450,1.0,8800,1811,86161,0.01
6,87978,5451,1.0,8801,1811,86167,0.01
6,87984,5452,1.0,8802,1811,86173,0.01
11,87995,5452,0.0,8803,1812,86183,0.01
3,87998,5452,0.0,8804,1813,86185,0.01
3,88001,5452,0.0,8805,1813,86188,0.01
3,88004,5452,0.0,8806,1813,86191,0.01
6,88010,5453,1.0,8807,1813,86197,0.01
6,88016,5454,1.0,8808,1813,86203,0.01
6,88022,5455,1.0,8809,1813,86209,0.01
6,88028,5456,1.0,8810,1813,86215,0.01
6,88034,5457,1.0,8811,1813,86221,0.01
6,88040,5458,1.0,8812,1813,86227,0.01
6,88046,5459,1.0,8813,1813,86233,0.01
6,88052,5460,1.0,8814,1813,86239,0.01
6,88058,5461,1.0,8815,1813,86245,0.01
6,88064,5462,1.0,8816,1813,86251,0.01
6,88070,5463,1.0,8817,1814,86256,0.01
6,88076,5464,1.0,8818,1814,86262,0.01
6,88082,5465,1.0,8819,1814,86268,0.01
6,88088,5466,1.0,8820,1814,86274,0.01
6,88094,5467,1.0,8821,1814,86280,0.01
6,88100,5468,1.0,8822,1814,86286,0.01
6,88106,5469,1.0,8823,1814,86292,0.01
6,88112,5470,1.0,8824,1814,86298,0.01
6,88118,5471,1.0,8825,1814,86304,0.01
6,88124,5472,1.0,8826,1815,86309,0.01
6,88130,5473,1.0,8827,1815,86315,0.01
6,88136,5474,1.0,8828,1815,86321,0.01
6,88142,5475,1.0,8829,1815,86327,0.01
6,88148,5476,1.0,8830,1815,86333,0.01
6,88154,5477,1.0,8831,1815,86339,0.01
6,88160,5478,1.0,8832,1815,86345,0.01
6,88166,5479,1.0,8833,1815,86351,0.01
6,88172,5480,1.0,8834,1815,86357,0.01
6,88178,5481,1.0,8835,1815,86363,0.01
6,88184,5482,1.0,8836,1815,86369,0.01
6,88190,5483,1.0,8837,1815,86375,0.01
6,88196,5484,1.0,8838,1815,86381,0.01
6,88202,5485,1.0,8839,1815,86387,0.01
6,88208,5486,1.0,8840,1815,86393,0.01
6,88214,5487,1.0,8841,1815,86399,0.01
6,88220,5488,1.0,8842,1815,86405,0.01
6,88226,5489,1.0,8843,1815,86411,0.01
6,88232,5490,1.0,8844,1815,86417,0.01
6,88238,5491,1.0,8845,1815,86423,0.01
6,88244,5492,1.0,8846,1815,86429,0.01
6,88250,5493,1.0,8847,1815,86435,0.01
6,88256,5494,1.0,8848,1815,86441,0.01
6,88262,5495,1.0,8849,1815,86447,0.01
6,88268,5496,1.0,8850,1815,86453,0.01
6,88274,5497,1.0,8851,1815,86459,0.01
6,88280,5498,1.0,8852,1815,86465,0.01
6,88286,5499,1.0,8853,1815,86471,0.01
6,88292,5500,1.0,8854,1815,86477,0.01
6,88298,5501,1.0,8855,1815,86483,0.01
6,88304,5502,1.0,8856,1815,86489,0.01
6,88310,5503,1.0,8857,1815,86495,0.01
6,88316,5504,1.0,8858,1815,86501,0.01
6,88322,5505,1.0,8859,1815,86507,0.01
6,88328,5506,1.0,8860,1815,86513,0.01
6,88334,5507,1.0,8861,1815,86519,0.01
6,88340,5508,1.0,8862,1815,86525,0.01
6,88346,5509,1.0,8863,1815,86531,0.01
6,88352,5510,1.0,8864,1815,86537,0.01
6,88358,5511,1.0,8865,1815,86543,0.01
6,88364,5512,1.0,8866,1815,86549,0.01
6,88370,5513,1.0,8867,1815,86555,0.01
6,88376,5514,1.0,8868,1815,86561,0.01
6,88382,5515,1.0,8869,1815,86567,0.01
6,88388,5516,1.0,8870,1815,86573,0.01
6,88394,5517,1.0,8871,1815,86579,0.01
6,88400,5518,1.0,8872,1815,86585,0.01
6,88406,5519,1.0,8873,1815,86591,0.01
6,88412,5520,1.0,8874,1815,86597,0.01
6,88418,5521,1.0,8875,1815,86603,0.01
6,88424,5522,1.0,8876,1815,86609,0.01
6,88430,5523,1.0,8877,1815,86615,0.01
6,88436,5524,1.0,8878,1815,86621,0.01
6,88442,5525,1.0,8879,1815,86627,0.01
6,88448,5526,1.0,8880,1815,86633,0.01
6,88454,5527,1.0,8881,1815,86639,0.01
5,88459,5527,0.0,8882,1816,86643,0.01
6,88465,5528,1.0,8883,1816,86649,0.01
6,88471,5529,1.0,8884,1816,86655,0.01
6,88477,5530,1.0,8885,1816,86661,0.01
6,88483,5531,1.0,8886,1816,86667,0.01
6,88489,5532,1.0,8887,1816,86673,0.01
6,88495,5533,1.0,8888,1816,86679,0.01
6,88501,5534,1.0,8889,1816,86685,0.01
6,88507,5535,1.0,8890,1816,86691,0.01
6,88513,5536,1.0,8891,1816,86697,0.01
6,88519,5537,1.0,8892,1816,86703,0.01
6,88525,5538,1.0,8893,1816,86709,0.01
6,88531,5539,1.0,8894,1816,86715,0.01
6,88537,5540,1.0,8895,1816,86721,0.01
6,88543,5541,1.0,8896,1816,86727,0.01
6,88549,5542,1.0,8897,1816,86733,0.01
6,88555,5543,1.0,8898,1816,86739,0.01
6,88561,5544,1.0,8899,1816,86745,0.01
6,88567,5545,1.0,8900,1816,86751,0.01
6,88573,5546,1.0,8901,1816,86757,0.01
6,88579,5547,1.0,8902,1816,86763,0.01
6,88585,5548,1.0,8903,1816,86769,0.01
6,88591,5549,1.0,8904,1816,86775,0.01
6,88597,5550,1.0,8905,1816,86781,0.01
6,88603,5551,1.0,8906,1816,86787,0.01
6,88609,5552,1.0,8907,1816,86793,0.01
6,88615,5553,1.0,8908,1816,86799,0.01
6,88621,5554,1.0,8909,1816,86805,0.01
6,88627,5555,1.0,8910,1816,86811,0.01
6,88633,5556,1.0,8911,1816,86817,0.01
6,88639,5557,1.0,8912,1816,86823,0.01
6,88645,5558,1.0,8913,1816,86829,0.01
6,88651,5559,1.0,8914,1816,86835,0.01
6,88657,5560,1.0,8915,1816,86841,0.01
6,88663,5561,1.0,8916,1816,86847,0.01
6,88669,5562,1.0,8917,1816,86853,0.01
6,88675,5562,0.0,8918,1817,86858,0.01
6,88681,5563,1.0,8919,1817,86864,0.01
6,88687,5564,1.0,8920,1817,86870,0.01
6,88693,5565,1.0,8921,1817,86876,0.01
6,88699,5566,1.0,8922,1817,86882,0.01
6,88705,5567,1.0,8923,1817,86888,0.01
6,88711,5568,1.0,8924,1817,86894,0.01
6,88717,5569,1.0,8925,1817,86900,0.01
6,88723,5570,1.0,8926,1817,86906,0.01
6,88729,5571,1.0,8927,1817,86912,0.01
9,88738,5572,1.0,8928,1819,86919,0.01
6,88744,5573,1.0,8929,1819,86925,0.01
6,88750,5574,1.0,8930,1819,86931,0.01
6,88756,5575,1.0,8931,1819,86937,0.01
6,88762,5576,1.0,8932,1819,86943,0.01
6,88768,5577,1.0,8933,1819,86949,0.01
6,88774,5578,1.0,8934,1819,86955,0.01
11,88785,5578,0.0,8935,1820,86965,0.01
6,88791,5579,1.0,8936,1820,86971,0.01
6,88797,5580,1.0,8937,1820,86977,0.01
6,88803,5581,1.0,8938,1820,86983,0.01
6,88809,5582,1.0,8939,1820,86989,0.01
6,88815,5583,1.0,8940,1820,86995,0.01
6,88821,5584,1.0,8941,1821,87000,0.01
6,88827,5585,1.0,8942,1821,87006,0.01
6,88833,5586,1.0,8943,1821,87012,0.01
6,88839,5587,1.0,8944,1821,87018,0.01
6,88845,5588,1.0,8945,1821,87024,0.01
6,88851,5589,1.0,8946,1821,87030,0.01
6,88857,5590,1.0,8947,1821,87036,0.01
6,88863,5591,1.0,8948,1821,87042,0.01
6,88869,5592,1.0,8949,1821,87048,0.01
6,88875,5593,1.0,8950,1821,87054,0.01
6,88881,5594,1.0,8951,1821,87060,0.01
6,88887,5595,1.0,8952,1821,87066,0.01
6,88893,5596,1.0,8953,1821,87072,0.01
6,88899,5597,1.0,8954,1821,87078,0.01
6,88905,5598,1.0,8955,1821,87084,0.01
6,88911,5599,1.0,8956,1821,87090,0.01
6,88917,5600,1.0,8957,1821,87096,0.01
6,88923,5601,1.0,8958,1821,87102,0.01
6,88929,5602,1.0,8959,1821,87108,0.01
6,88935,5603,1.0,8960,1821,87114,0.01
6,88941,5604,1.0,8961,1821,87120,0.01
6,88947,5605,1.0,8962,1821,87126,0.01
6,88953,5606,1.0,8963,1821,87132,0.01
6,88959,5607,1.0,8964,1821,87138,0.01
6,88965,5608,1.0,8965,1821,87144,0.01
6,88971,5609,1.0,8966,1821,87150,0.01
6,88977,5610,1.0,8967,1821,87156,0.01
6,88983,5611,1.0,8968,1821,87162,0.01
6,88989,5612,1.0,8969,1821,87168,0.01
6,88995,5613,1.0,8970,1821,87174,0.01
6,89001,5614,1.0,8971,1821,87180,0.01
6,89007,5615,1.0,8972,1821,87186,0.01
6,89013,5616,1.0,8973,1821,87192,0.01
6,89019,5617,1.0,8974,1821,87198,0.01
6,89025,5618,1.0,8975,1821,87204,0.01
6,89031,5619,1.0,8976,1821,87210,0.01
6,89037,5620,1.0,8977,1821,87216,0.01
6,89043,5621,1.0,8978,1821,87222,0.01
6,89049,5622,1.0,8979,1821,87228,0.01
6,89055,5623,1.0,8980,1822,87233,0.01
6,89061,5624,1.0,8981,1822,87239,0.01
6,89067,5625,1.0,8982,1822,87245,0.01
6,89073,5626,1.0,8983,1822,87251,0.01
6,89079,5627,1.0,8984,1822,87257,0.01
6,89085,5628,1.0,8985,1822,87263,0.01
6,89091,5629,1.0,8986,1822,87269,0.01
6,89097,5630,1.0,8987,1822,87275,0.01
6,89103,5631,1.0,8988,1822,87281,0.01
6,89109,5632,1.0,8989,1822,87287,0.01
6,89115,5633,1.0,8990,1822,87293,0.01
6,89121,5634,1.0,8991,1822,87299,0.01
6,89127,5635,1.0,8992,1822,87305,0.01
6,89133,5636,1.0,8993,1822,87311,0.01
6,89139,5637,1.0,8994,1822,87317,0.01
6,89145,5638,1.0,8995,1822,87323,0.01
15,89160,5638,0.0,8996,1823,87337,0.01
6,89166,5639,1.0,8997,1823,87343,0.01
6,89172,5640,1.0,8998,1823,87349,0.01
6,89178,5641,1.0,8999,1823,87355,0.01
6,89184,5642,1.0,9000,1823,87361,0.01
6,89190,5643,1.0,9001,1823,87367,0.01
6,89196,5644,1.0,9002,1823,87373,0.01
6,89202,5645,1.0,9003,1823,87379,0.01
6,89208,5646,1.0,9004,1823,87385,0.01
6,89214,5647,1.0,9005,1823,87391,0.01
6,89220,5648,1.0,9006,1823,87397,0.01
6,89226,5649,1.0,9007,1823,87403,0.01
6,89232,5650,1.0,9008,1823,87409,0.01
6,89238,5651,1.0,9009,1823,87415,0.01
6,89244,5652,1.0,9010,1823,87421,0.01
6,89250,5653,1.0,9011,1823,87427,0.01
6,89256,5654,1.0,9012,1823,87433,0.01
6,89262,5655,1.0,9013,1823,87439,0.01
6,89268,5656,1.0,9014,1823,87445,0.01
6,89274,5657,1.0,9015,1823,87451,0.01
6,89280,5658,1.0,9016,1823,87457,0.01
6,89286,5659,1.0,9017,1823,87463,0.01
6,89292,5660,1.0,9018,1823,87469,0.01
6,89298,5661,1.0,9019,1823,87475,0.01
6,89304,5662,1.0,9020,1823,87481,0.01
6,89310,5663,1.0,9021,1823,87487,0.01
9,89319,5664,1.0,9022,1824,87495,0.01
6,89325,5665,1.0,9023,1824,87501,0.01
6,89331,5666,1.0,9024,1824,87507,0.01
6,89337,5667,1.0,9025,1824,87513,0.01
6,89343,5668,1.0,9026,1824,87519,0.01
6,89349,5669,1.0,9027,1824,87525,0.01
6,89355,5670,1.0,9028,1824,87531,0.01
6,89361,5671,1.0,9029,1824,87537,0.01
6,89367,5672,1.0,9030,1824,87543,0.01
6,89373,5673,1.0,9031,1824,87549,0.01
6,89379,5674,1.0,9032,1824,87555,0.01
6,89385,5675,1.0,9033,1824,87561,0.01
6,89391,5676,1.0,9034,1824,87567,0.01
6,89397,5677,1.0,9035,1824,87573,0.01
6,89403,5678,1.0,9036,1824,87579,0.01
6,89409,5679,1.0,9037,1824,87585,0.01
6,89415,5680,1.0,9038,1824,87591,0.01
6,89421,5681,1.0,9039,1824,87597,0.01
6,89427,5682,1.0,9040,1824,87603,0.01
6,89433,5683,1.0,9041,1824,87609,0.01
9,89442,5684,1.0,9042,1825,87617,0.01
6,89448,5685,1.0,9043,1825,87623,0.01
6,89454,5686,1.0,9044,1825,87629,0.01
6,89460,5687,1.0,9045,1825,87635,0.01
6,89466,5688,1.0,9046,1825,87641,0.01
6,89472,5689,1.0,9047,1825,87647,0.01
6,89478,5690,1.0,9048,1825,87653,0.01
6,89484,5691,1.0,9049,1825,87659,0.01
6,89490,5692,1.0,9050,1825,87665,0.01
6,89496,5693,1.0,9051,1825,87671,0.01
6,89502,5694,1.0,9052,1825,87677,0.01
6,89508,5695,1.0,9053,1825,87683,0.01
6,89514,5696,1.0,9054,1825,87689,0.01
6,89520,5697,1.0,9055,1825,87695,0.01
6,89526,5698,1.0,9056,1825,87701,0.01
6,89532,5699,1.0,9057,1825,87707,0.01
6,89538,5700,1.0,9058,1825,87713,0.01
6,89544,5701,1.0,9059,1825,87719,0.01
6,89550,5702,1.0,9060,1825,87725,0.01
6,89556,5703,1.0,9061,1825,87731,0.01
6,89562,5704,1.0,9062,1825,87737,0.01
6,89568,5705,1.0,9063,1825,87743,0.01
6,89574,5706,1.0,9064,1825,87749,0.01
6,89580,5707,1.0,9065,1825,87755,0.01
6,89586,5708,1.0,9066,1825,87761,0.01
6,89592,5709,1.0,9067,1825,87767,0.01
6,89598,5710,1.0,9068,1825,87773,0.01
6,89604,5711,1.0,9069,1825,87779,0.01
6,89610,5712,1.0,9070,1825,87785,0.01
6,89616,5713,1.0,9071,1825,87791,0.01
6,89622,5714,1.0,9072,1825,87797,0.01
6,89628,5715,1.0,9073,1825,87803,0.01
6,89634,5716,1.0,9074,1826,87808,0.01
6,89640,5717,1.0,9075,1826,87814,0.01
3,89643,5717,0.0,9076,1827,87816,0.01
6,89649,5718,1.0,9077,1827,87822,0.01
6,89655,5719,1.0,9078,1827,87828,0.01
6,89661,5720,1.0,9079,1827,87834,0.01
4,89665,5720,0.0,9080,1828,87837,0.01
6,89671,5721,1.0,9081,1828,87843,0.01
6,89677,5722,1.0,9082,1828,87849,0.01
6,89683,5723,1.0,9083,1828,87855,0.01
6,89689,5724,1.0,9084,1828,87861,0.01
6,89695,5725,1.0,9085,1828,87867,0.01
6,89701,5726,1.0,9086,1828,87873,0.01
6,89707,5727,1.0,9087,1828,87879,0.01
6,89713,5728,1.0,9088,1828,87885,0.01
11,89724,5728,0.0,9089,1829,87895,0.01
6,89730,5729,1.0,9090,1829,87901,0.01
6,89736,5730,1.0,9091,1829,87907,0.01
6,89742,5731,1.0,9092,1829,87913,0.01
6,89748,5732,1.0,9093,1829,87919,0.01
6,89754,5733,1.0,9094,1829,87925,0.01
6,89760,5734,1.0,9095,1829,87931,0.01
6,89766,5735,1.0,9096,1829,87937,0.01
6,89772,5736,1.0,9097,1829,87943,0.01
6,89778,5737,1.0,9098,1829,87949,0.01
6,89784,5738,1.0,9099,1829,87955,0.01
6,89790,5739,1.0,9100,1829,87961,0.01
6,89796,5740,1.0,9101,1829,87967,0.01
6,89802,5741,1.0,9102,1829,87973,0.01
3,89805,5741,0.0,9103,1830,87975,0.01
6,89811,5742,1.0,9104,1830,87981,0.01
6,89817,5743,1.0,9105,1830,87987,0.01
6,89823,5744,1.0,9106,1830,87993,0.01
6,89829,5745,1.0,9107,1830,87999,0.01
6,89835,5746,1.0,9108,1830,88005,0.01
6,89841,5747,1.0,9109,1830,88011,0.01
6,89847,5748,1.0,9110,1830,88017,0.01
6,89853,5749,1.0,9111,1830,88023,0.01
6,89859,5750,1.0,9112,1830,88029,0.01
6,89865,5751,1.0,9113,1830,88035,0.01
6,89871,5752,1.0,9114,1831,88040,0.01
6,89877,5753,1.0,9115,1831,88046,0.01
6,89883,5754,1.0,9116,1831,88052,0.01
6,89889,5755,1.0,9117,1831,88058,0.01
6,89895,5756,1.0,9118,1831,88064,0.01
6,89901,5757,1.0,9119,1831,88070,0.01
6,89907,5758,1.0,9120,1831,88076,0.01
6,89913,5759,1.0,9121,1831,88082,0.01
6,89919,5760,1.0,9122,1831,88088,0.01
6,89925,5761,1.0,9123,1831,88094,0.01
6,89931,5762,1.0,9124,1831,88100,0.01
6,89937,5763,1.0,9125,1831,88106,0.01
5,89942,5763,0.0,9126,1832,88110,0.01
6,89948,5764,1.0,9127,1832,88116,0.01
6,89954,5765,1.0,9128,1832,88122,0.01
6,89960,5766,1.0,9129,1832,88128,0.01
6,89966,5767,1.0,9130,1832,88134,0.01
6,89972,5768,1.0,9131,1832,88140,0.01
6,89978,5769,1.0,9132,1832,88146,0.01
6,89984,5770,1.0,9133,1832,88152,0.01
6,89990,5771,1.0,9134,1832,88158,0.01
6,89996,5772,1.0,9135,1832,88164,0.01
6,90002,5773,1.0,9136,1832,88170,0.01
2,90004,5773,0.0,9137,1833,88171,0.01
6,90010,5774,1.0,9138,1833,88177,0.01
6,90016,5775,1.0,9139,1833,88183,0.01
6,90022,5775,0.0,9140,1834,88188,0.01
6,90028,5776,1.0,9141,1834,88194,0.01
6,90034,5777,1.0,9142,1834,88200,0.01
6,90040,5778,1.0,9143,1834,88206,0.01
6,90046,5779,1.0,9144,1834,88212,0.01
6,90052,5780,1.0,9145,1834,88218,0.01
6,90058,5781,1.0,9146,1834,88224,0.01
6,90064,5782,1.0,9147,1834,88230,0.01
6,90070,5783,1.0,9148,1834,88236,0.01
6,90076,5784,1.0,9149,1834,88242,0.01
11,90087,5784,0.0,9150,1835,88252,0.01
6,90093,5785,1.0,9151,1835,88258,0.01
6,90099,5786,1.0,9152,1835,88264,0.01
6,90105,5787,1.0,9153,1835,88270,0.01
6,90111,5788,1.0,9154,1835,88276,0.01
6,90117,5789,1.0,9155,1835,88282,0.01
6,90123,5790,1.0,9156,1835,88288,0.01
6,90129,5791,1.0,9157,1835,88294,0.01
6,90135,5792,1.0,9158,1835,88300,0.01
6,90141,5793,1.0,9159,1835,88306,0.01
6,90147,5794,1.0,9160,1835,88312,0.01
11,90158,5794,0.0,9161,1836,88322,0.01
6,90164,5795,1.0,9162,1836,88328,0.01
6,90170,5796,1.0,9163,1836,88334,0.01
6,90176,5797,1.0,9164,1836,88340,0.01
6,90182,5798,1.0,9165,1836,88346,0.01
6,90188,5799,1.0,9166,1836,88352,0.01
6,90194,5800,1.0,9167,1836,88358,0.01
6,90200,5801,1.0,9168,1836,88364,0.01
6,90206,5802,1.0,9169,1836,88370,0.01
6,90212,5803,1.0,9170,1836,88376,0.01
6,90218,5804,1.0,9171,1836,88382,0.01
6,90224,5805,1.0,9172,1836,88388,0.01
6,90230,5806,1.0,9173,1836,88394,0.01
6,90236,5807,1.0,9174,1836,88400,0.01
6,90242,5808,1.0,9175,1836,88406,0.01
6,90248,5809,1.0,9176,1836,88412,0.01
6,90254,5810,1.0,9177,1836,88418,0.01
6,90260,5811,1.0,9178,1836,88424,0.01
6,90266,5812,1.0,9179,1836,88430,0.01
6,90272,5813,1.0,9180,1836,88436,0.01
6,90278,5814,1.0,9181,1836,88442,0.01
6,90284,5815,1.0,9182,1836,88448,0.01
6,90290,5816,1.0,9183,1836,88454,0.01
6,90296,5817,1.0,9184,1836,88460,0.01
6,90302,5818,1.0,9185,1836,88466,0.01
6,90308,5819,1.0,9186,1836,88472,0.01
6,90314,5820,1.0,9187,1836,88478,0.01
6,90320,5821,1.0,9188,1836,88484,0.01
6,90326,5822,1.0,9189,1836,88490,0.01
6,90332,5823,1.0,9190,1836,88496,0.01
6,90338,5824,1.0,9191,1836,88502,0.01
6,90344,5825,1.0,9192,1836,88508,0.01
6,90350,5826,1.0,9193,1836,88514,0.01
6,90356,5827,1.0,9194,1836,88520,0.01
6,90362,5828,1.0,9195,1836,88526,0.01
6,90368,5829,1.0,9196,1836,88532,0.01
6,90374,5830,1.0,9197,1836,88538,0.01
6,90380,5831,1.0,9198,1836,88544,0.01
6,90386,5832,1.0,9199,1836,88550,0.01
6,90392,5833,1.0,9200,1836,88556,0.01
6,90398,5834,1.0,9201,1836,88562,0.01
6,90404,5835,1.0,9202,1836,88568,0.01
6,90410,5836,1.0,9203,1836,88574,0.01
11,90421,5836,0.0,9204,1837,88584,0.01
6,90427,5837,1.0,9205,1837,88590,0.01
6,90433,5838,1.0,9206,1837,88596,0.01
6,90439,5839,1.0,9207,1837,88602,0.01
6,90445,5840,1.0,9208,1837,88608,0.01
6,90451,5841,1.0,9209,1837,88614,0.01
6,90457,5842,1.0,9210,1837,88620,0.01
6,90463,5843,1.0,9211,1837,88626,0.01
6,90469,5844,1.0,9212,1837,88632,0.01
6,90475,5845,1.0,9213,1837,88638,0.01
6,90481,5846,1.0,9214,1837,88644,0.01
6,90487,5847,1.0,9215,1837,88650,0.01
6,90493,5848,1.0,9216,1837,88656,0.01
6,90499,5849,1.0,9217,1837,88662,0.01
6,90505,5850,1.0,9218,1837,88668,0.01
6,90511,5851,1.0,9219,1837,88674,0.01
6,90517,5852,1.0,9220,1837,88680,0.01
6,90523,5853,1.0,9221,1837,88686,0.01
6,90529,5854,1.0,9222,1837,88692,0.01
6,90535,5855,1.0,9223,1837,88698,0.01
6,90541,5856,1.0,9224,1837,88704,0.01
6,90547,5857,1.0,9225,1837,88710,0.01
6,90553,5858,1.0,9226,1837,88716,0.01
6,90559,5859,1.0,9227,1837,88722,0.01
6,90565,5860,1.0,9228,1837,88728,0.01
6,90571,5861,1.0,9229,1837,88734,0.01
6,90577,5862,1.0,9230,1837,88740,0.01
6,90583,5863,1.0,9231,1837,88746,0.01
6,90589,5864,1.0,9232,1837,88752,0.01
6,90595,5865,1.0,9233,1837,88758,0.01
6,90601,5866,1.0,9234,1837,88764,0.01
6,90607,5867,1.0,9235,1837,88770,0.01
6,90613,5868,1.0,9236,1837,88776,0.01
6,90619,5869,1.0,9237,1837,88782,0.01
6,90625,5870,1.0,9238,1837,88788,0.01
11,90636,5870,0.0,9239,1838,88798,0.01
6,90642,5871,1.0,9240,1838,88804,0.01
6,90648,5872,1.0,9241,1838,88810,0.01
6,90654,5873,1.0,9242,1838,88816,0.01
6,90660,5874,1.0,9243,1839,88821,0.01
6,90666,5875,1.0,9244,1839,88827,0.01
6,90672,5876,1.0,9245,1839,88833,0.01
6,90678,5877,1.0,9246,1839,88839,0.01
6,90684,5878,1.0,9247,1839,88845,0.01
6,90690,5879,1.0,9248,1839,88851,0.01
6,90696,5880,1.0,9249,1839,88857,0.01
6,90702,5881,1.0,9250,1839,88863,0.01
6,90708,5882,1.0,9251,1839,88869,0.01
6,90714,5883,1.0,9252,1839,88875,0.01
6,90720,5884,1.0,9253,1839,88881,0.01
6,90726,5885,1.0,9254,1839,88887,0.01
6,90732,5886,1.0,9255,1839,88893,0.01
6,90738,5887,1.0,9256,1839,88899,0.01
6,90744,5888,1.0,9257,1839,88905,0.01
6,90750,5889,1.0,9258,1839,88911,0.01
6,90756,5890,1.0,9259,1839,88917,0.01
6,90762,5891,1.0,9260,1839,88923,0.01
6,90768,5892,1.0,9261,1839,88929,0.01
6,90774,5893,1.0,9262,1839,88935,0.01
6,90780,5894,1.0,9263,1839,88941,0.01
6,90786,5895,1.0,9264,1839,88947,0.01
6,90792,5896,1.0,9265,1839,88953,0.01
6,90798,5897,1.0,9266,1839,88959,0.01
6,90804,5898,1.0,9267,1839,88965,0.01
6,90810,5899,1.0,9268,1839,88971,0.01
6,90816,5900,1.0,9269,1839,88977,0.01
6,90822,5901,1.0,9270,1839,88983,0.01
6,90828,5902,1.0,9271,1839,88989,0.01
6,90834,5903,1.0,9272,1839,88995,0.01
6,90840,5904,1.0,9273,1839,89001,0.01
6,90846,5905,1.0,9274,1839,89007,0.01
6,90852,5906,1.0,9275,1839,89013,0.01
6,90858,5907,1.0,9276,1839,89019,0.01
6,90864,5908,1.0,9277,1839,89025,0.01
6,90870,5909,1.0,9278,1839,89031,0.01
6,90876,5910,1.0,9279,1839,89037,0.01
6,90882,5911,1.0,9280,1839,89043,0.01
6,90888,5912,1.0,9281,1839,89049,0.01
6,90894,5913,1.0,9282,1839,89055,0.01
6,90900,5914,1.0,9283,1839,89061,0.01
6,90906,5915,1.0,9284,1839,89067,0.01
6,90912,5916,1.0,9285,1839,89073,0.01
6,90918,5917,1.0,9286,1839,89079,0.01
6,90924,5918,1.0,9287,1839,89085,0.01
6,90930,5919,1.0,9288,1839,89091,0.01
6,90936,5920,1.0,9289,1839,89097,0.01
6,90942,5921,1.0,9290,1839,89103,0.01
6,90948,5922,1.0,9291,1839,89109,0.01
4,90952,5922,0.0,9292,1840,89112,0.01
6,90958,5923,1.0,9293,1840,89118,0.01
6,90964,5924,1.0,9294,1840,89124,0.01
6,90970,5925,1.0,9295,1840,89130,0.01
6,90976,5926,1.0,9296,1840,89136,0.01
6,90982,5927,1.0,9297,1841,89141,0.01
6,90988,5928,1.0,9298,1841,89147,0.01
6,90994,5929,1.0,9299,1841,89153,0.01
6,91000,5930,1.0,9300,1841,89159,0.01
6,91006,5931,1.0,9301,1841,89165,0.01
6,91012,5932,1.0,9302,1841,89171,0.01
6,91018,5933,1.0,9303,1841,89177,0.01
6,91024,5934,1.0,9304,1841,89183,0.01
6,91030,5935,1.0,9305,1841,89189,0.01
6,91036,5936,1.0,9306,1841,89195,0.01
6,91042,5937,1.0,9307,1841,89201,0.01
6,91048,5938,1.0,9308,1841,89207,0.01
6,91054,5939,1.0,9309,1841,89213,0.01
6,91060,5940,1.0,9310,1841,89219,0.01
6,91066,5941,1.0,9311,1841,89225,0.01
6,91072,5942,1.0,9312,1841,89231,0.01
6,91078,5943,1.0,9313,1841,89237,0.01
6,91084,5944,1.0,9314,1841,89243,0.01
6,91090,5945,1.0,9315,1841,89249,0.01
6,91096,5946,1.0,9316,1841,89255,0.01
45,91141,5947,1.0,9317,1842,89299,0.01
5,91146,5947,0.0,9318,1842,89304,0.01
6,91152,5948,1.0,9319,1842,89310,0.01
6,91158,5949,1.0,9320,1843,89315,0.01
6,91164,5950,1.0,9321,1843,89321,0.01
6,91170,5951,1.0,9322,1843,89327,0.01
6,91176,5952,1.0,9323,1843,89333,0.01
6,91182,5953,1.0,9324,1843,89339,0.01
6,91188,5954,1.0,9325,1843,89345,0.01
6,91194,5955,1.0,9326,1843,89351,0.01
6,91200,5956,1.0,9327,1843,89357,0.01
6,91206,5957,1.0,9328,1843,89363,0.01
6,91212,5958,1.0,9329,1843,89369,0.01
6,91218,5959,1.0,9330,1843,89375,0.01
6,91224,5960,1.0,9331,1843,89381,0.01
6,91230,5961,1.0,9332,1843,89387,0.01
6,91236,5962,1.0,9333,1843,89393,0.01
6,91242,5963,1.0,9334,1843,89399,0.01
6,91248,5964,1.0,9335,1843,89405,0.01
6,91254,5965,1.0,9336,1843,89411,0.01
6,91260,5966,1.0,9337,1843,89417,0.01
6,91266,5967,1.0,9338,1843,89423,0.01
6,91272,5968,1.0,9339,1843,89429,0.01
6,91278,5969,1.0,9340,1843,89435,0.01
6,91284,5970,1.0,9341,1843,89441,0.01
45,91329,5971,1.0,9342,1844,89485,0.01
24,91353,5971,0.0,9343,1844,89509,0.01
6,91359,5972,1.0,9344,1844,89515,0.01
6,91365,5973,1.0,9345,1844,89521,0.01
6,91371,5974,1.0,9346,1844,89527,0.01
6,91377,5975,1.0,9347,1844,89533,0.01
6,91383,5976,1.0,9348,1844,89539,0.01
6,91389,5977,1.0,9349,1844,89545,0.01
6,91395,5978,1.0,9350,1844,89551,0.01
6,91401,5979,1.0,9351,1844,89557,0.01
6,91407,5980,1.0,9352,1844,89563,0.01
6,91413,5981,1.0,9353,1844,89569,0.01
6,91419,5982,1.0,9354,1844,89575,0.01
6,91425,5983,1.0,9355,1844,89581,0.01
6,91431,5984,1.0,9356,1844,89587,0.01
6,91437,5985,1.0,9357,1844,89593,0.01
6,91443,5986,1.0,9358,1844,89599,0.01
6,91449,5987,1.0,9359,1844,89605,0.01
6,91455,5988,1.0,9360,1844,89611,0.01
6,91461,5989,1.0,9361,1844,89617,0.01
6,91467,5990,1.0,9362,1844,89623,0.01
6,91473,5991,1.0,9363,1844,89629,0.01
6,91479,5992,1.0,9364,1844,89635,0.01
6,91485,5993,1.0,9365,1844,89641,0.01
6,91491,5994,1.0,9366,1844,89647,0.01
6,91497,5995,1.0,9367,1844,89653,0.01
6,91503,5996,1.0,9368,1844,89659,0.01
6,91509,5997,1.0,9369,1844,89665,0.01
6,91515,5998,1.0,9370,1844,89671,0.01
6,91521,5999,1.0,9371,1844,89677,0.01
6,91527,6000,1.0,9372,1844,89683,0.01
6,91533,6001,1.0,9373,1844,89689,0.01
6,91539,6002,1.0,9374,1844,89695,0.01
6,91545,6003,1.0,9375,1844,89701,0.01
6,91551,6004,1.0,9376,1844,89707,0.01
6,91557,6005,1.0,9377,1845,89712,0.01
6,91563,6006,1.0,9378,1845,89718,0.01
6,91569,6007,1.0,9379,1845,89724,0.01
6,91575,6008,1.0,9380,1845,89730,0.01
4,91579,6008,0.0,9381,1847,89732,0.01
6,91585,6009,1.0,9382,1847,89738,0.01
6,91591,6010,1.0,9383,1847,89744,0.01
6,91597,6011,1.0,9384,1847,89750,0.01
6,91603,6012,1.0,9385,1847,89756,0.01
6,91609,6013,1.0,9386,1847,89762,0.01
6,91615,6014,1.0,9387,1847,89768,0.01
6,91621,6015,1.0,9388,1847,89774,0.01
6,91627,6016,1.0,9389,1847,89780,0.01
6,91633,6017,1.0,9390,1847,89786,0.01
6,91639,6018,1.0,9391,1847,89792,0.01
6,91645,6019,1.0,9392,1847,89798,0.01
6,91651,6020,1.0,9393,1847,89804,0.01
6,91657,6021,1.0,9394,1847,89810,0.01
6,91663,6022,1.0,9395,1847,89816,0.01
6,91669,6023,1.0,9396,1847,89822,0.01
6,91675,6024,1.0,9397,1847,89828,0.01
6,91681,6025,1.0,9398,1847,89834,0.01
6,91687,6026,1.0,9399,1847,89840,0.01
6,91693,6027,1.0,9400,1847,89846,0.01
45,91738,6028,1.0,9401,1848,89890,0.01
6,91744,6029,1.0,9402,1848,89896,0.01
6,91750,6030,1.0,9403,1848,89902,0.01
6,91756,6031,1.0,9404,1848,89908,0.01
6,91762,6032,1.0,9405,1848,89914,0.01
6,91768,6033,1.0,9406,1848,89920,0.01
6,91774,6034,1.0,9407,1848,89926,0.01
6,91780,6035,1.0,9408,1848,89932,0.01
6,91786,6036,1.0,9409,1848,89938,0.01
6,91792,6037,1.0,9410,1848,89944,0.01
6,91798,6038,1.0,9411,1848,89950,0.01
6,91804,6039,1.0,9412,1848,89956,0.01
6,91810,6040,1.0,9413,1848,89962,0.01
6,91816,6041,1.0,9414,1848,89968,0.01
6,91822,6042,1.0,9415,1848,89974,0.01
6,91828,6043,1.0,9416,1848,89980,0.01
6,91834,6044,1.0,9417,1848,89986,0.01
6,91840,6045,1.0,9418,1848,89992,0.01
6,91846,6046,1.0,9419,1848,89998,0.01
6,91852,6047,1.0,9420,1848,90004,0.01
6,91858,6048,1.0,9421,1848,90010,0.01
6,91864,6049,1.0,9422,1848,90016,0.01
6,91870,6050,1.0,9423,1848,90022,0.01
6,91876,6051,1.0,9424,1848,90028,0.01
6,91882,6052,1.0,9425,1848,90034,0.01
24,91906,6052,0.0,9426,1849,90057,0.01
19,91925,6052,0.0,9427,1850,90075,0.01
6,91931,6053,1.0,9428,1850,90081,0.01
6,91937,6054,1.0,9429,1850,90087,0.01
6,91943,6055,1.0,9430,1850,90093,0.01
6,91949,6056,1.0,9431,1850,90099,0.01
6,91955,6057,1.0,9432,1850,90105,0.01
6,91961,6058,1.0,9433,1850,90111,0.01
9,91970,6059,1.0,9434,1851,90119,0.01
6,91976,6060,1.0,9435,1851,90125,0.01
6,91982,6061,1.0,9436,1851,90131,0.01
6,91988,6062,1.0,9437,1852,90136,0.01
6,91994,6063,1.0,9438,1852,90142,0.01
6,92000,6064,1.0,9439,1852,90148,0.01
6,92006,6065,1.0,9440,1852,90154,0.01
6,92012,6066,1.0,9441,1852,90160,0.01
6,92018,6067,1.0,9442,1852,90166,0.01
6,92024,6068,1.0,9443,1852,90172,0.01
6,92030,6069,1.0,9444,1852,90178,0.01
6,92036,6070,1.0,9445,1852,90184,0.01
6,92042,6071,1.0,9446,1852,90190,0.01
6,92048,6072,1.0,9447,1852,90196,0.01
6,92054,6073,1.0,9448,1852,90202,0.01
6,92060,6074,1.0,9449,1852,90208,0.01
6,92066,6075,1.0,9450,1852,90214,0.01
6,92072,6076,1.0,9451,1852,90220,0.01
6,92078,6077,1.0,9452,1852,90226,0.01
6,92084,6078,1.0,9453,1852,90232,0.01
6,92090,6079,1.0,9454,1852,90238,0.01
6,92096,6080,1.0,9455,1852,90244,0.01
6,92102,6081,1.0,9456,1852,90250,0.01
6,92108,6082,1.0,9457,1852,90256,0.01
6,92114,6083,1.0,9458,1852,90262,0.01
6,92120,6084,1.0,9459,1852,90268,0.01
6,92126,6085,1.0,9460,1852,90274,0.01
6,92132,6086,1.0,9461,1852,90280,0.01
6,92138,6087,1.0,9462,1852,90286,0.01
6,92144,6088,1.0,9463,1852,90292,0.01
6,92150,6089,1.0,9464,1852,90298,0.01
6,92156,6090,1.0,9465,1852,90304,0.01
15,92171,6090,0.0,9466,1853,90318,0.01
15,92186,6090,0.0,9467,1853,90333,0.01
15,92201,6090,0.0,9468,1853,90348,0.01
68,92269,6090,0.0,9469,1854,90415,0.01
5,92274,6090,0.0,9470,1854,90420,0.01
5,92279,6090,0.0,9471,1854,90425,0.01
5,92284,6090,0.0,9472,1854,90430,0.01
6,92290,6090,0.0,9473,1854,90436,0.01
24,92314,6090,0.0,9474,1854,90460,0.01
26,92340,6090,0.0,9475,1854,90486,0.01
28,92368,6090,0.0,9476,1854,90514,0.01
35,92403,6090,0.0,9477,1854,90549,0.01
17,92420,6091,1.0,9478,1854,90566,0.01
17,92437,6092,1.0,9479,1854,90583,0.01
17,92454,6093,1.0,9480,1855,90599,0.01
17,92471,6094,1.0,9481,1855,90616,0.01
17,92488,6095,1.0,9482,1855,90633,0.01
18,92506,6096,1.0,9483,1856,90650,0.01
17,92523,6097,1.0,9484,1856,90667,0.01
17,92540,6098,1.0,9485,1856,90684,0.01
15,92555,6098,0.0,9486,1857,90698,0.01
17,92572,6099,1.0,9487,1857,90715,0.01
17,92589,6100,1.0,9488,1857,90732,0.01
17,92606,6101,1.0,9489,1857,90749,0.01
17,92623,6102,1.0,9490,1858,90765,0.01
17,92640,6103,1.0,9491,1858,90782,0.01
17,92657,6104,1.0,9492,1858,90799,0.01
17,92674,6105,1.0,9493,1858,90816,0.01
17,92691,6106,1.0,9494,1858,90833,0.01
17,92708,6107,1.0,9495,1859,90849,0.01
17,92725,6108,1.0,9496,1859,90866,0.01
17,92742,6109,1.0,9497,1860,90882,0.01
17,92759,6110,1.0,9498,1860,90899,0.01
17,92776,6111,1.0,9499,1860,90916,0.01
17,92793,6112,1.0,9500,1860,90933,0.01
17,92810,6113,1.0,9501,1860,90950,0.01
17,92827,6114,1.0,9502,1860,90967,0.01
17,92844,6115,1.0,9503,1860,90984,0.01
17,92861,6116,1.0,9504,1860,91001,0.01
17,92878,6117,1.0,9505,1860,91018,0.01
17,92895,6118,1.0,9506,1860,91035,0.01
18,92913,6118,0.0,9507,1861,91052,0.01
17,92930,6119,1.0,9508,1862,91068,0.01
17,92947,6120,1.0,9509,1862,91085,0.01
15,92962,6120,0.0,9510,1863,91099,0.01
17,92979,6121,1.0,9511,1863,91116,0.01
17,92996,6122,1.0,9512,1863,91133,0.01
17,93013,6123,1.0,9513,1863,91150,0.01
17,93030,6124,1.0,9514,1863,91167,0.01
17,93047,6125,1.0,9515,1863,91184,0.01
17,93064,6126,1.0,9516,1863,91201,0.01
17,93081,6127,1.0,9517,1863,91218,0.01
17,93098,6128,1.0,9518,1863,91235,0.01
17,93115,6129,1.0,9519,1863,91252,0.01
17,93132,6130,1.0,9520,1863,91269,0.01
17,93149,6131,1.0,9521,1864,91285,0.01
17,93166,6132,1.0,9522,1864,91302,0.01
17,93183,6133,1.0,9523,1864,91319,0.01
17,93200,6134,1.0,9524,1864,91336,0.01
17,93217,6135,1.0,9525,1864,91353,0.01
17,93234,6136,1.0,9526,1864,91370,0.01
17,93251,6137,1.0,9527,1864,91387,0.01
17,93268,6138,1.0,9528,1864,91404,0.01
17,93285,6139,1.0,9529,1864,91421,0.01
17,93302,6140,1.0,9530,1864,91438,0.01
17,93319,6141,1.0,9531,1864,91455,0.01
14,93333,6141,0.0,9532,1865,91468,0.01
17,93350,6142,1.0,9533,1865,91485,0.01
17,93367,6143,1.0,9534,1865,91502,0.01
17,93384,6144,1.0,9535,1865,91519,0.01
17,93401,6145,1.0,9536,1865,91536,0.01
18,93419,6145,0.0,9537,1866,91553,0.01
27,93446,6145,0.0,9538,1866,91580,0.01
17,93463,6146,1.0,9539,1866,91597,0.01
35,93498,6146,0.0,9540,1866,91632,0.01
18,93516,6146,0.0,9541,1866,91650,0.01
27,93543,6146,0.0,9542,1867,91676,0.01
17,93560,6147,1.0,9543,1867,91693,0.01
17,93577,6148,1.0,9544,1867,91710,0.01
18,93595,6148,0.0,9545,1868,91727,0.01
17,93612,6149,1.0,9546,1868,91744,0.01
18,93630,6149,0.0,9547,1869,91761,0.01
17,93647,6150,1.0,9548,1869,91778,0.01
17,93664,6151,1.0,9549,1869,91795,0.01
17,93681,6152,1.0,9550,1869,91812,0.01
9,93690,6152,0.0,9551,1870,91820,0.01
18,93708,6152,0.0,9552,1871,91837,0.01
17,93725,6153,1.0,9553,1872,91853,0.01
17,93742,6154,1.0,9554,1873,91869,0.01
17,93759,6155,1.0,9555,1873,91886,0.01
17,93776,6156,1.0,9556,1873,91903,0.01
17,93793,6157,1.0,9557,1873,91920,0.01
17,93810,6158,1.0,9558,1873,91937,0.01
17,93827,6159,1.0,9559,1873,91954,0.01
9,93836,6159,0.0,9560,1874,91962,0.01
17,93853,6160,1.0,9561,1874,91979,0.01
17,93870,6161,1.0,9562,1874,91996,0.01
17,93887,6162,1.0,9563,1874,92013,0.01
17,93904,6163,1.0,9564,1874,92030,0.01
17,93921,6164,1.0,9565,1874,92047,0.01
17,93938,6165,1.0,9566,1874,92064,0.01
17,93955,6166,1.0,9567,1874,92081,0.01
17,93972,6167,1.0,9568,1874,92098,0.01
17,93989,6168,1.0,9569,1875,92114,0.01
17,94006,6169,1.0,9570,1876,92130,0.01
17,94023,6170,1.0,9571,1877,92146,0.01
17,94040,6171,1.0,9572,1877,92163,0.01
17,94057,6172,1.0,9573,1877,92180,0.01
17,94074,6173,1.0,9574,1877,92197,0.01
17,94091,6174,1.0,9575,1877,92214,0.01
17,94108,6175,1.0,9576,1877,92231,0.01
17,94125,6176,1.0,9577,1877,92248,0.01
17,94142,6177,1.0,9578,1877,92265,0.01
17,94159,6178,1.0,9579,1878,92281,0.01
17,94176,6179,1.0,9580,1878,92298,0.01
17,94193,6180,1.0,9581,1878,92315,0.01
17,94210,6181,1.0,9582,1878,92332,0.01
17,94227,6182,1.0,9583,1878,92349,0.01
17,94244,6183,1.0,9584,1878,92366,0.01
17,94261,6184,1.0,9585,1878,92383,0.01
17,94278,6185,1.0,9586,1878,92400,0.01
17,94295,6186,1.0,9587,1878,92417,0.01
17,94312,6187,1.0,9588,1878,92434,0.01
17,94329,6188,1.0,9589,1878,92451,0.01
17,94346,6189,1.0,9590,1878,92468,0.01
17,94363,6190,1.0,9591,1878,92485,0.01
17,94380,6191,1.0,9592,1879,92501,0.01
17,94397,6192,1.0,9593,1879,92518,0.01
17,94414,6193,1.0,9594,1879,92535,0.01
17,94431,6194,1.0,9595,1879,92552,0.01
17,94448,6195,1.0,9596,1879,92569,0.01
17,94465,6196,1.0,9597,1879,92586,0.01
17,94482,6197,1.0,9598,1879,92603,0.01
17,94499,6198,1.0,9599,1879,92620,0.01
17,94516,6199,1.0,9600,1879,92637,0.01
17,94533,6200,1.0,9601,1879,92654,0.01
17,94550,6201,1.0,9602,1879,92671,0.01
17,94567,6202,1.0,9603,1879,92688,0.01
17,94584,6203,1.0,9604,1879,92705,0.01
17,94601,6204,1.0,9605,1879,92722,0.01
17,94618,6205,1.0,9606,1879,92739,0.01
17,94635,6206,1.0,9607,1879,92756,0.01
17,94652,6207,1.0,9608,1879,92773,0.01
17,94669,6208,1.0,9609,1879,92790,0.01
14,94683,6208,0.0,9610,1880,92803,0.01
17,94700,6209,1.0,9611,1880,92820,0.01
17,94717,6210,1.0,9612,1880,92837,0.01
17,94734,6211,1.0,9613,1880,92854,0.01
17,94751,6212,1.0,9614,1880,92871,0.01
17,94768,6213,1.0,9615,1880,92888,0.01
17,94785,6214,1.0,9616,1880,92905,0.01
17,94802,6215,1.0,9617,1880,92922,0.01
17,94819,6216,1.0,9618,1881,92938,0.01
17,94836,6217,1.0,9619,1881,92955,0.01
17,94853,6218,1.0,9620,1881,92972,0.01
17,94870,6219,1.0,9621,1881,92989,0.01
17,94887,6220,1.0,9622,1881,93006,0.01
17,94904,6221,1.0,9623,1881,93023,0.01
17,94921,6222,1.0,9624,1881,93040,0.01
17,94938,6223,1.0,9625,1881,93057,0.01
17,94955,6224,1.0,9626,1881,93074,0.01
17,94972,6225,1.0,9627,1881,93091,0.01
17,94989,6226,1.0,9628,1881,93108,0.01
17,95006,6227,1.0,9629,1881,93125,0.01
18,95024,6227,0.0,9630,1882,93142,0.01
17,95041,6228,1.0,9631,1882,93159,0.01
17,95058,6229,1.0,9632,1882,93176,0.01
17,95075,6230,1.0,9633,1882,93193,0.01
17,95092,6231,1.0,9634,1883,93209,0.01
17,95109,6232,1.0,9635,1883,93226,0.01
17,95126,6233,1.0,9636,1883,93243,0.01
17,95143,6234,1.0,9637,1883,93260,0.01
17,95160,6235,1.0,9638,1883,93277,0.01
17,95177,6236,1.0,9639,1883,93294,0.01
17,95194,6237,1.0,9640,1883,93311,0.01
15,95209,6237,0.0,9641,1885,93324,0.01
18,95227,6237,0.0,9642,1885,93342,0.01
17,95244,6238,1.0,9643,1885,93359,0.01
17,95261,6239,1.0,9644,1885,93376,0.01
18,95279,6239,0.0,9645,1887,93392,0.01
17,95296,6240,1.0,9646,1887,93409,0.01
17,95313,6241,1.0,9647,1887,93426,0.01
17,95330,6242,1.0,9648,1888,93442,0.01
17,95347,6243,1.0,9649,1888,93459,0.01
17,95364,6244,1.0,9650,1888,93476,0.01
17,95381,6245,1.0,9651,1888,93493,0.01
17,95398,6246,1.0,9652,1888,93510,0.01
17,95415,6247,1.0,9653,1889,93526,0.01
17,95432,6248,1.0,9654,1889,93543,0.01
17,95449,6249,1.0,9655,1889,93560,0.01
17,95466,6250,1.0,9656,1889,93577,0.01
17,95483,6251,1.0,9657,1889,93594,0.01
17,95500,6252,1.0,9658,1889,93611,0.01
17,95517,6253,1.0,9659,1889,93628,0.01
17,95534,6254,1.0,9660,1889,93645,0.01
17,95551,6255,1.0,9661,1889,93662,0.01
17,95568,6256,1.0,9662,1889,93679,0.01
17,95585,6257,1.0,9663,1890,93695,0.01
16,95601,6257,0.0,9664,1891,93710,0.01
17,95618,6258,1.0,9665,1892,93726,0.01
17,95635,6259,1.0,9666,1892,93743,0.01
17,95652,6260,1.0,9667,1892,93760,0.01
12,95664,6260,0.0,9668,1893,93771,0.01
17,95681,6261,1.0,9669,1893,93788,0.01
35,95716,6261,0.0,9670,1895,93821,0.01
17,95733,6262,1.0,9671,1895,93838,0.01
17,95750,6263,1.0,9672,1895,93855,0.01
17,95767,6264,1.0,9673,1895,93872,0.01
17,95784,6265,1.0,9674,1895,93889,0.01
17,95801,6266,1.0,9675,1895,93906,0.01
17,95818,6267,1.0,9676,1895,93923,0.01
17,95835,6268,1.0,9677,1895,93940,0.01
17,95852,6269,1.0,9678,1895,93957,0.01
17,95869,6270,1.0,9679,1895,93974,0.01
17,95886,6271,1.0,9680,1895,93991,0.01
17,95903,6272,1.0,9681,1896,94007,0.01
17,95920,6273,1.0,9682,1896,94024,0.01
17,95937,6274,1.0,9683,1896,94041,0.01
17,95954,6275,1.0,9684,1896,94058,0.01
3,95957,6275,0.0,9685,1897,94060,0.01
17,95974,6276,1.0,9686,1897,94077,0.01
18,95992,6276,0.0,9687,1898,94094,0.01
17,96009,6277,1.0,9688,1898,94111,0.01
17,96026,6278,1.0,9689,1899,94127,0.01
17,96043,6279,1.0,9690,1899,94144,0.01
17,96060,6280,1.0,9691,1899,94161,0.01
17,96077,6281,1.0,9692,1899,94178,0.01
17,96094,6282,1.0,9693,1899,94195,0.01
17,96111,6283,1.0,9694,1899,94212,0.01
17,96128,6284,1.0,9695,1900,94228,0.01
17,96145,6285,1.0,9696,1900,94245,0.01
18,96163,6285,0.0,9697,1901,94262,0.01
18,96181,6285,0.0,9698,1901,94280,0.01
18,96199,6285,0.0,9699,1901,94298,0.01
18,96217,6285,0.0,9700,1902,94315,0.01
17,96234,6285,0.0,9701,1903,94331,0.01
24,96258,6285,0.0,9702,1903,94355,0.01
17,96275,6285,0.0,9703,1903,94372,0.01
20,96295,6285,0.0,9704,1903,94392,0.01
24,96319,6285,0.0,9705,1903,94416,0.01
24,96343,6285,0.0,9706,1903,94440,0.01
10,96353,6285,0.0,9707,1903,94450,0.01
5,96358,6285,0.0,9708,1903,94455,0.01
17,96375,6286,1.0,9709,1903,94472,0.01
11,96386,6286,0.0,9710,1903,94483,0.01
4,96390,6286,0.0,9711,1903,94487,0.01
5,96395,6286,0.0,9712,1903,94492,0.01
4,96399,6286,0.0,9713,1903,94496,0.01
14,96413,6286,0.0,9714,1903,94510,0.01
15,96428,6286,0.0,9715,1903,94525,0.01
15,96443,6286,0.0,9716,1903,94540,0.01
6,96449,6287,1.0,9717,1903,94546,0.01
6,96455,6288,1.0,9718,1903,94552,0.01
6,96461,6289,1.0,9719,1903,94558,0.01
6,96467,6290,1.0,9720,1903,94564,0.01
6,96473,6291,1.0,9721,1903,94570,0.01
6,96479,6292,1.0,9722,1903,94576,0.01
6,96485,6293,1.0,9723,1904,94581,0.01
6,96491,6294,1.0,9724,1904,94587,0.01
6,96497,6295,1.0,9725,1904,94593,0.01
6,96503,6296,1.0,9726,1904,94599,0.01
6,96509,6297,1.0,9727,1904,94605,0.01
6,96515,6298,1.0,9728,1904,94611,0.01
6,96521,6299,1.0,9729,1904,94617,0.01
6,96527,6300,1.0,9730,1904,94623,0.01
6,96533,6301,1.0,9731,1904,94629,0.01
6,96539,6302,1.0,9732,1904,94635,0.01
6,96545,6303,1.0,9733,1904,94641,0.01
6,96551,6304,1.0,9734,1904,94647,0.01
6,96557,6305,1.0,9735,1904,94653,0.01
6,96563,6306,1.0,9736,1904,94659,0.01
6,96569,6307,1.0,9737,1904,94665,0.01
6,96575,6308,1.0,9738,1904,94671,0.01
6,96581,6309,1.0,9739,1904,94677,0.01
6,96587,6310,1.0,9740,1904,94683,0.01
6,96593,6311,1.0,9741,1904,94689,0.01
6,96599,6312,1.0,9742,1904,94695,0.01
6,96605,6313,1.0,9743,1904,94701,0.01
6,96611,6314,1.0,9744,1904,94707,0.01
6,96617,6315,1.0,9745,1904,94713,0.01
6,96623,6316,1.0,9746,1904,94719,0.01
6,96629,6317,1.0,9747,1904,94725,0.01
6,96635,6318,1.0,9748,1904,94731,0.01
6,96641,6319,1.0,9749,1904,94737,0.01
6,96647,6320,1.0,9750,1905,94742,0.01
6,96653,6321,1.0,9751,1905,94748,0.01
6,96659,6322,1.0,9752,1905,94754,0.01
6,96665,6323,1.0,9753,1905,94760,0.01
6,96671,6324,1.0,9754,1906,94765,0.01
45,96716,6325,1.0,9755,1907,94809,0.01
24,96740,6325,0.0,9756,1907,94833,0.01
6,96746,6326,1.0,9757,1907,94839,0.01
6,96752,6327,1.0,9758,1907,94845,0.01
4,96756,6327,0.0,9759,1908,94848,0.01
6,96762,6328,1.0,9760,1908,94854,0.01
6,96768,6329,1.0,9761,1908,94860,0.01
6,96774,6330,1.0,9762,1908,94866,0.01
6,96780,6331,1.0,9763,1908,94872,0.01
6,96786,6332,1.0,9764,1908,94878,0.01
6,96792,6333,1.0,9765,1908,94884,0.01
6,96798,6334,1.0,9766,1908,94890,0.01
45,96843,6335,1.0,9767,1909,94934,0.01
6,96849,6336,1.0,9768,1909,94940,0.01
6,96855,6337,1.0,9769,1909,94946,0.01
6,96861,6338,1.0,9770,1909,94952,0.01
7,96868,6339,1.0,9771,1910,94958,0.01
6,96874,6340,1.0,9772,1910,94964,0.01
6,96880,6341,1.0,9773,1910,94970,0.01
14,96894,6341,0.0,9774,1911,94983,0.01
6,96900,6342,1.0,9775,1911,94989,0.01
6,96906,6343,1.0,9776,1911,94995,0.01
6,96912,6344,1.0,9777,1911,95001,0.01
6,96918,6345,1.0,9778,1911,95007,0.01
45,96963,6346,1.0,9779,1912,95051,0.01
6,96969,6347,1.0,9780,1912,95057,0.01
6,96975,6348,1.0,9781,1912,95063,0.01
6,96981,6349,1.0,9782,1912,95069,0.01
6,96987,6350,1.0,9783,1912,95075,0.01
6,96993,6351,1.0,9784,1912,95081,0.01
6,96999,6352,1.0,9785,1912,95087,0.01
6,97005,6353,1.0,9786,1912,95093,0.01
6,97011,6354,1.0,9787,1912,95099,0.01
45,97056,6355,1.0,9788,1913,95143,0.01
15,97071,6355,0.0,9789,1913,95158,0.01
45,97116,6356,1.0,9790,1914,95202,0.01
45,97161,6357,1.0,9791,1914,95247,0.01
45,97206,6358,1.0,9792,1914,95292,0.01
24,97230,6358,0.0,9793,1914,95316,0.01
6,97236,6359,1.0,9794,1914,95322,0.01
6,97242,6360,1.0,9795,1914,95328,0.01
6,97248,6361,1.0,9796,1914,95334,0.01
6,97254,6362,1.0,9797,1914,95340,0.01
6,97260,6363,1.0,9798,1914,95346,0.01
6,97266,6364,1.0,9799,1914,95352,0.01
6,97272,6365,1.0,9800,1914,95358,0.01
6,97278,6366,1.0,9801,1914,95364,0.01
6,97284,6367,1.0,9802,1914,95370,0.01
6,97290,6368,1.0,9803,1914,95376,0.01
6,97296,6369,1.0,9804,1914,95382,0.01
6,97302,6370,1.0,9805,1914,95388,0.01
6,97308,6371,1.0,9806,1914,95394,0.01
6,97314,6372,1.0,9807,1914,95400,0.01
6,97320,6373,1.0,9808,1914,95406,0.01
6,97326,6374,1.0,9809,1914,95412,0.01
6,97332,6375,1.0,9810,1914,95418,0.01
6,97338,6376,1.0,9811,1914,95424,0.01
6,97344,6377,1.0,9812,1914,95430,0.01
6,97350,6378,1.0,9813,1914,95436,0.01
6,97356,6379,1.0,9814,1915,95441,0.01
6,97362,6380,1.0,9815,1915,95447,0.01
6,97368,6381,1.0,9816,1915,95453,0.01
6,97374,6382,1.0,9817,1915,95459,0.01
6,97380,6383,1.0,9818,1915,95465,0.01
6,97386,6384,1.0,9819,1916,95470,0.01
6,97392,6385,1.0,9820,1916,95476,0.01
6,97398,6386,1.0,9821,1916,95482,0.01
6,97404,6387,1.0,9822,1916,95488,0.01
6,97410,6388,1.0,9823,1916,95494,0.01
6,97416,6389,1.0,9824,1916,95500,0.01
6,97422,6390,1.0,9825,1916,95506,0.01
6,97428,6391,1.0,9826,1916,95512,0.01
6,97434,6392,1.0,9827,1916,95518,0.01
6,97440,6393,1.0,9828,1916,95524,0.01
6,97446,6394,1.0,9829,1916,95530,0.01
6,97452,6395,1.0,9830,1916,95536,0.01
6,97458,6396,1.0,9831,1916,95542,0.01
6,97464,6397,1.0,9832,1916,95548,0.01
6,97470,6398,1.0,9833,1916,95554,0.01
6,97476,6399,1.0,9834,1916,95560,0.01
6,97482,6400,1.0,9835,1916,95566,0.01
6,97488,6401,1.0,9836,1916,95572,0.01
6,97494,6402,1.0,9837,1916,95578,0.01
6,97500,6403,1.0,9838,1916,95584,0.01
6,97506,6404,1.0,9839,1916,95590,0.01
9,97515,6405,1.0,9840,1917,95598,0.01
6,97521,6406,1.0,9841,1917,95604,0.01
6,97527,6407,1.0,9842,1918,95609,0.01
6,97533,6408,1.0,9843,1918,95615,0.01
6,97539,6409,1.0,9844,1918,95621,0.01
6,97545,6410,1.0,9845,1918,95627,0.01
6,97551,6411,1.0,9846,1918,95633,0.01
6,97557,6412,1.0,9847,1918,95639,0.01
6,97563,6413,1.0,9848,1918,95645,0.01
6,97569,6414,1.0,9849,1918,95651,0.01
6,97575,6415,1.0,9850,1918,95657,0.01
6,97581,6416,1.0,9851,1918,95663,0.01
6,97587,6417,1.0,9852,1918,95669,0.01
6,97593,6418,1.0,9853,1918,95675,0.01
6,97599,6419,1.0,9854,1918,95681,0.01
6,97605,6420,1.0,9855,1918,95687,0.01
6,97611,6421,1.0,9856,1918,95693,0.01
6,97617,6422,1.0,9857,1918,95699,0.01
6,97623,6423,1.0,9858,1918,95705,0.01
6,97629,6424,1.0,9859,1918,95711,0.01
6,97635,6425,1.0,9860,1918,95717,0.01
6,97641,6426,1.0,9861,1918,95723,0.01
6,97647,6427,1.0,9862,1918,95729,0.01
6,97653,6428,1.0,9863,1918,95735,0.01
6,97659,6429,1.0,9864,1918,95741,0.01
6,97665,6430,1.0,9865,1918,95747,0.01
6,97671,6431,1.0,9866,1918,95753,0.01
6,97677,6432,1.0,9867,1918,95759,0.01
6,97683,6433,1.0,9868,1918,95765,0.01
6,97689,6434,1.0,9869,1918,95771,0.01
6,97695,6435,1.0,9870,1918,95777,0.01
6,97701,6436,1.0,9871,1918,95783,0.01
6,97707,6437,1.0,9872,1918,95789,0.01
6,97713,6438,1.0,9873,1918,95795,0.01
6,97719,6439,1.0,9874,1918,95801,0.01
6,97725,6440,1.0,9875,1918,95807,0.01
6,97731,6441,1.0,9876,1918,95813,0.01
6,97737,6442,1.0,9877,1918,95819,0.01
6,97743,6443,1.0,9878,1918,95825,0.01
6,97749,6444,1.0,9879,1918,95831,0.01
9,97758,6445,1.0,9880,1919,95839,0.01
6,97764,6446,1.0,9881,1919,95845,0.01
6,97770,6447,1.0,9882,1919,95851,0.01
6,97776,6448,1.0,9883,1919,95857,0.01
6,97782,6449,1.0,9884,1919,95863,0.01
6,97788,6450,1.0,9885,1919,95869,0.01
6,97794,6451,1.0,9886,1919,95875,0.01
6,97800,6452,1.0,9887,1919,95881,0.01
6,97806,6453,1.0,9888,1919,95887,0.01
6,97812,6454,1.0,9889,1919,95893,0.01
6,97818,6455,1.0,9890,1919,95899,0.01
6,97824,6456,1.0,9891,1919,95905,0.01
6,97830,6457,1.0,9892,1919,95911,0.01
6,97836,6458,1.0,9893,1919,95917,0.01
6,97842,6459,1.0,9894,1919,95923,0.01
6,97848,6460,1.0,9895,1919,95929,0.01
6,97854,6461,1.0,9896,1919,95935,0.01
6,97860,6462,1.0,9897,1919,95941,0.01
6,97866,6463,1.0,9898,1919,95947,0.01
6,97872,6464,1.0,9899,1919,95953,0.01
6,97878,6465,1.0,9900,1919,95959,0.01
6,97884,6466,1.0,9901,1919,95965,0.01
6,97890,6467,1.0,9902,1919,95971,0.01
6,97896,6468,1.0,9903,1919,95977,0.01
6,97902,6469,1.0,9904,1919,95983,0.01
6,97908,6470,1.0,9905,1919,95989,0.01
6,97914,6471,1.0,9906,1919,95995,0.01
6,97920,6472,1.0,9907,1920,96000,0.01
6,97926,6473,1.0,9908,1920,96006,0.01
6,97932,6474,1.0,9909,1920,96012,0.01
6,97938,6475,1.0,9910,1920,96018,0.01
6,97944,6476,1.0,9911,1920,96024,0.01
6,97950,6477,1.0,9912,1920,96030,0.01
6,97956,6478,1.0,9913,1920,96036,0.01
9,97965,6479,1.0,9914,1921,96044,0.01
6,97971,6480,1.0,9915,1921,96050,0.01
6,97977,6481,1.0,9916,1921,96056,0.01
6,97983,6482,1.0,9917,1921,96062,0.01
9,97992,6483,1.0,9918,1922,96070,0.01
6,97998,6484,1.0,9919,1922,96076,0.01
6,98004,6485,1.0,9920,1922,96082,0.01
6,98010,6486,1.0,9921,1922,96088,0.01
6,98016,6487,1.0,9922,1922,96094,0.01
6,98022,6488,1.0,9923,1922,96100,0.01
6,98028,6489,1.0,9924,1922,96106,0.01
15,98043,6489,0.0,9925,1923,96120,0.01
15,98058,6489,0.0,9926,1923,96135,0.01
15,98073,6489,0.0,9927,1923,96150,0.01
15,98088,6489,0.0,9928,1923,96165,0.01
15,98103,6489,0.0,9929,1923,96180,0.01
15,98118,6489,0.0,9930,1923,96195,0.01
15,98133,6489,0.0,9931,1923,96210,0.01
19,98152,6489,0.0,9932,1923,96229,0.01
15,98167,6489,0.0,9933,1923,96244,0.01
28,98195,6489,0.0,9934,1923,96272,0.01
24,98219,6489,0.0,9935,1923,96296,0.01
5,98224,6489,0.0,9936,1923,96301,0.01
6,98230,6490,1.0,9937,1923,96307,0.01
6,98236,6491,1.0,9938,1923,96313,0.01
6,98242,6492,1.0,9939,1923,96319,0.01
6,98248,6493,1.0,9940,1923,96325,0.01
6,98254,6494,1.0,9941,1923,96331,0.01
6,98260,6495,1.0,9942,1923,96337,0.01
6,98266,6496,1.0,9943,1923,96343,0.01
6,98272,6497,1.0,9944,1923,96349,0.01
6,98278,6498,1.0,9945,1923,96355,0.01
6,98284,6499,1.0,9946,1923,96361,0.01
6,98290,6500,1.0,9947,1923,96367,0.01
6,98296,6501,1.0,9948,1923,96373,0.01
6,98302,6502,1.0,9949,1923,96379,0.01
6,98308,6503,1.0,9950,1923,96385,0.01
6,98314,6504,1.0,9951,1923,96391,0.01
6,98320,6505,1.0,9952,1923,96397,0.01
6,98326,6506,1.0,9953,1923,96403,0.01
6,98332,6507,1.0,9954,1923,96409,0.01
6,98338,6508,1.0,9955,1923,96415,0.01
6,98344,6509,1.0,9956,1923,96421,0.01
6,98350,6510,1.0,9957,1923,96427,0.01
6,98356,6511,1.0,9958,1923,96433,0.01
6,98362,6512,1.0,9959,1923,96439,0.01
6,98368,6513,1.0,9960,1923,96445,0.01
6,98374,6514,1.0,9961,1923,96451,0.01
6,98380,6515,1.0,9962,1923,96457,0.01
6,98386,6516,1.0,9963,1923,96463,0.01
6,98392,6517,1.0,9964,1923,96469,0.01
6,98398,6518,1.0,9965,1923,96475,0.01
6,98404,6519,1.0,9966,1923,96481,0.01
6,98410,6520,1.0,9967,1923,96487,0.01
6,98416,6520,0.0,9968,1924,96492,0.01
4,98420,6520,0.0,9969,1925,96495,0.01
6,98426,6521,1.0,9970,1925,96501,0.01
6,98432,6522,1.0,9971,1925,96507,0.01
6,98438,6523,1.0,9972,1925,96513,0.01
6,98444,6524,1.0,9973,1925,96519,0.01
6,98450,6525,1.0,9974,1925,96525,0.01
6,98456,6526,1.0,9975,1925,96531,0.01
6,98462,6527,1.0,9976,1925,96537,0.01
6,98468,6528,1.0,9977,1925,96543,0.01
6,98474,6529,1.0,9978,1925,96549,0.01
6,98480,6530,1.0,9979,1925,96555,0.01
6,98486,6531,1.0,9980,1925,96561,0.01
6,98492,6532,1.0,9981,1925,96567,0.01
6,98498,6533,1.0,9982,1925,96573,0.01
6,98504,6534,1.0,9983,1925,96579,0.01
6,98510,6535,1.0,9984,1925,96585,0.01
6,98516,6536,1.0,9985,1925,96591,0.01
6,98522,6537,1.0,9986,1925,96597,0.01
6,98528,6538,1.0,9987,1925,96603,0.01
6,98534,6539,1.0,9988,1925,96609,0.01
6,98540,6540,1.0,9989,1925,96615,0.01
6,98546,6541,1.0,9990,1925,96621,0.01
6,98552,6542,1.0,9991,1925,96627,0.01
6,98558,6543,1.0,9992,1925,96633,0.01
6,98564,6544,1.0,9993,1925,96639,0.01
6,98570,6545,1.0,9994,1925,96645,0.01
6,98576,6546,1.0,9995,1925,96651,0.01
6,98582,6547,1.0,9996,1925,96657,0.01
6,98588,6548,1.0,9997,1925,96663,0.01
6,98594,6549,1.0,9998,1925,96669,0.01
6,98600,6550,1.0,9999,1925,96675,0.01
6,98606,6551,1.0,10000,1925,96681,0.01
6,98612,6552,1.0,10001,1925,96687,0.01
6,98618,6553,1.0,10002,1925,96693,0.01
6,98624,6554,1.0,10003,1925,96699,0.01
6,98630,6555,1.0,10004,1926,96704,0.01
6,98636,6556,1.0,10005,1926,96710,0.01
6,98642,6557,1.0,10006,1926,96716,0.01
6,98648,6558,1.0,10007,1926,96722,0.01
6,98654,6559,1.0,10008,1926,96728,0.01
6,98660,6560,1.0,10009,1926,96734,0.01
6,98666,6561,1.0,10010,1926,96740,0.01
6,98672,6562,1.0,10011,1926,96746,0.01
6,98678,6563,1.0,10012,1926,96752,0.01
6,98684,6564,1.0,10013,1926,96758,0.01
6,98690,6565,1.0,10014,1926,96764,0.01
6,98696,6566,1.0,10015,1926,96770,0.01
6,98702,6567,1.0,10016,1926,96776,0.01
6,98708,6568,1.0,10017,1926,96782,0.01
6,98714,6569,1.0,10018,1926,96788,0.01
6,98720,6570,1.0,10019,1926,96794,0.01
6,98726,6571,1.0,10020,1926,96800,0.01
6,98732,6572,1.0,10021,1926,96806,0.01
6,98738,6573,1.0,10022,1926,96812,0.01
6,98744,6574,1.0,10023,1926,96818,0.01
6,98750,6575,1.0,10024,1926,96824,0.01
6,98756,6576,1.0,10025,1926,96830,0.01
6,98762,6577,1.0,10026,1926,96836,0.01
6,98768,6578,1.0,10027,1926,96842,0.01
6,98774,6579,1.0,10028,1927,96847,0.01
6,98780,6580,1.0,10029,1927,96853,0.01
6,98786,6581,1.0,10030,1927,96859,0.01
6,98792,6582,1.0,10031,1927,96865,0.01
6,98798,6583,1.0,10032,1927,96871,0.01
6,98804,6584,1.0,10033,1927,96877,0.01
6,98810,6585,1.0,10034,1927,96883,0.01
6,98816,6586,1.0,10035,1927,96889,0.01
6,98822,6587,1.0,10036,1927,96895,0.01
6,98828,6588,1.0,10037,1927,96901,0.01
6,98834,6589,1.0,10038,1927,96907,0.01
6,98840,6590,1.0,10039,1927,96913,0.01
6,98846,6591,1.0,10040,1927,96919,0.01
6,98852,6592,1.0,10041,1927,96925,0.01
6,98858,6593,1.0,10042,1927,96931,0.01
6,98864,6594,1.0,10043,1927,96937,0.01
6,98870,6595,1.0,10044,1927,96943,0.01
6,98876,6596,1.0,10045,1927,96949,0.01
6,98882,6597,1.0,10046,1927,96955,0.01
6,98888,6598,1.0,10047,1927,96961,0.01
6,98894,6599,1.0,10048,1927,96967,0.01
45,98939,6600,1.0,10049,1928,97011,0.01
6,98945,6601,1.0,10050,1928,97017,0.01
6,98951,6602,1.0,10051,1928,97023,0.01
6,98957,6603,1.0,10052,1928,97029,0.01
6,98963,6604,1.0,10053,1928,97035,0.01
6,98969,6605,1.0,10054,1928,97041,0.01
6,98975,6606,1.0,10055,1928,97047,0.01
6,98981,6607,1.0,10056,1928,97053,0.01
6,98987,6608,1.0,10057,1928,97059,0.01
6,98993,6609,1.0,10058,1928,97065,0.01
45,99038,6610,1.0,10059,1929,97109,0.01
6,99044,6611,1.0,10060,1929,97115,0.01
6,99050,6612,1.0,10061,1929,97121,0.01
6,99056,6613,1.0,10062,1929,97127,0.01
6,99062,6614,1.0,10063,1929,97133,0.01
6,99068,6615,1.0,10064,1929,97139,0.01
6,99074,6616,1.0,10065,1929,97145,0.01
6,99080,6617,1.0,10066,1929,97151,0.01
6,99086,6618,1.0,10067,1929,97157,0.01
6,99092,6619,1.0,10068,1929,97163,0.01
6,99098,6620,1.0,10069,1929,97169,0.01
6,99104,6621,1.0,10070,1929,97175,0.01
6,99110,6622,1.0,10071,1929,97181,0.01
6,99116,6623,1.0,10072,1929,97187,0.01
6,99122,6624,1.0,10073,1929,97193,0.01
6,99128,6625,1.0,10074,1930,97198,0.01
6,99134,6626,1.0,10075,1930,97204,0.01
6,99140,6627,1.0,10076,1930,97210,0.01
6,99146,6628,1.0,10077,1930,97216,0.01
6,99152,6629,1.0,10078,1930,97222,0.01
6,99158,6630,1.0,10079,1930,97228,0.01
6,99164,6631,1.0,10080,1930,97234,0.01
6,99170,6632,1.0,10081,1930,97240,0.01
6,99176,6633,1.0,10082,1930,97246,0.01
6,99182,6634,1.0,10083,1930,97252,0.01
6,99188,6635,1.0,10084,1930,97258,0.01
15,99203,6635,0.0,10085,1931,97272,0.01
70,99273,6635,0.0,10086,1932,97341,0.01
6,99279,6636,1.0,10087,1932,97347,0.01
70,99349,6636,0.0,10088,1932,97417,0.01
24,99373,6636,0.0,10089,1932,97441,0.01
52,99425,6636,0.0,10090,1933,97492,0.01
6,99431,6637,1.0,10091,1933,97498,0.01
6,99437,6638,1.0,10092,1933,97504,0.01
24,99461,6638,0.0,10093,1934,97527,0.01
6,99467,6639,1.0,10094,1934,97533,0.01
6,99473,6640,1.0,10095,1934,97539,0.01
6,99479,6641,1.0,10096,1934,97545,0.01
6,99485,6642,1.0,10097,1934,97551,0.01
6,99491,6643,1.0,10098,1934,97557,0.01
6,99497,6644,1.0,10099,1934,97563,0.01
6,99503,6645,1.0,10100,1934,97569,0.01
6,99509,6646,1.0,10101,1934,97575,0.01
6,99515,6647,1.0,10102,1934,97581,0.01
6,99521,6648,1.0,10103,1934,97587,0.01
6,99527,6649,1.0,10104,1934,97593,0.01
6,99533,6650,1.0,10105,1934,97599,0.01
6,99539,6651,1.0,10106,1934,97605,0.01
6,99545,6652,1.0,10107,1934,97611,0.01
6,99551,6653,1.0,10108,1934,97617,0.01
6,99557,6654,1.0,10109,1934,97623,0.01
6,99563,6655,1.0,10110,1934,97629,0.01
6,99569,6656,1.0,10111,1934,97635,0.01
6,99575,6657,1.0,10112,1934,97641,0.01
6,99581,6658,1.0,10113,1934,97647,0.01
6,99587,6659,1.0,10114,1934,97653,0.01
6,99593,6660,1.0,10115,1934,97659,0.01
6,99599,6661,1.0,10116,1934,97665,0.01
6,99605,6662,1.0,10117,1934,97671,0.01
6,99611,6663,1.0,10118,1934,97677,0.01
6,99617,6664,1.0,10119,1934,97683,0.01
15,99632,6664,0.0,10120,1935,97697,0.01
18,99650,6664,0.0,10121,1936,97714,0.01
15,99665,6664,0.0,10122,1936,97729,0.01
15,99680,6664,0.0,10123,1936,97744,0.01
15,99695,6664,0.0,10124,1936,97759,0.01
14,99709,6664,0.0,10125,1936,97773,0.01
45,99754,6665,1.0,10126,1936,97818,0.01
20,99774,6665,0.0,10127,1936,97838,0.01
14,99788,6665,0.0,10128,1936,97852,0.01
74,99862,6665,0.0,10129,1939,97923,0.01
17,99879,6666,1.0,10130,1939,97940,0.01
17,99896,6667,1.0,10131,1939,97957,0.01
17,99913,6668,1.0,10132,1939,97974,0.01
17,99930,6669,1.0,10133,1939,97991,0.01
17,99947,6670,1.0,10134,1939,98008,0.01
17,99964,6671,1.0,10135,1939,98025,0.01
17,99981,6672,1.0,10136,1939,98042,0.01
17,99998,6673,1.0,10137,1939,98059,0.01
