iteration,successes,successes_episode,reward_episode,episode_count,random_act,timestep,epsilon
18,18,0,0.0,1,18,0,1.0
16,34,0,0.0,2,34,0,0.9901493354116764
7,41,0,0.0,3,41,0,0.9803966865736877
7,48,0,0.0,4,48,0,0.970741078213023
11,59,0,0.0,5,59,0,0.9611815447608
22,81,0,0.0,6,79,2,0.9517171302557069
9,90,0,0.0,7,88,2,0.9423468882484062
15,105,0,0.0,8,100,5,0.9330698817068888
6,111,0,0.0,9,106,5,0.9238851829227694
2,113,0,0.0,10,108,5,0.9147918734185159
3,116,0,0.0,11,111,5,0.9057890438555999
3,119,0,0.0,12,114,5,0.896875793943563
2,121,0,0.0,13,116,5,0.888051232349986
2,123,0,0.0,14,118,5,0.8793144766113556
2,125,0,0.0,15,120,5,0.8706646530448178
13,138,0,0.0,16,132,6,0.8621008966608072
13,151,0,0.0,17,143,8,0.8536223510765493
11,162,0,0.0,18,153,9,0.8452281684304199
8,170,0,0.0,19,160,10,0.8369175092971592
11,181,0,0.0,20,169,12,0.8286895426039287
5,186,0,0.0,21,174,12,0.820543445547202
6,192,0,0.0,22,179,13,0.8124784035104852
3,195,0,0.0,23,181,14,0.8044936099828537
2,197,0,0.0,24,183,14,0.7965882664783007
13,210,0,0.0,25,192,18,0.7887615824558879
5,215,0,0.0,26,196,19,0.7810127752406908
24,239,0,0.0,27,214,25,0.7733410699455306
2,241,0,0.0,28,216,25,0.7657456993934846
26,267,0,0.0,29,235,32,0.7582259040411682
24,291,0,0.0,30,250,41,0.7507809319027796
5,296,0,0.0,31,255,41,0.7434100384749007
5,301,0,0.0,32,259,42,0.7361124866620463
24,325,0,0.0,33,275,50,0.7288875467029541
29,354,0,0.0,34,290,64,0.7217344960976069
23,377,0,0.0,35,303,74,0.7146526195349836
10,387,0,0.0,36,308,79,0.7076412088215263
8,395,0,0.0,37,314,81,0.7006995628103208
6,401,0,0.0,38,319,82,0.6938269873309811
11,412,0,0.0,39,324,88,0.6870227951202322
21,433,0,0.0,40,337,96,0.680286305753183
14,447,0,0.0,41,346,101,0.6736168455752829
16,463,0,0.0,42,353,110,0.6670137476349562
15,478,0,0.0,43,360,118,0.6604763516169062
3,481,0,0.0,44,363,118,0.6540040037760834
9,490,0,0.0,45,368,122,0.64759605687231
19,509,0,0.0,46,379,130,0.6412518701055556
12,521,0,0.0,47,386,135,0.6349708090518567
14,535,0,0.0,48,395,140,0.6287522455998737
7,542,0,0.0,49,401,141,0.6225955578880794
20,562,0,0.0,50,412,150,0.616500130242572
31,593,0,0.0,51,431,162,0.6104653531155071
15,608,0,0.0,52,442,166,0.6044906230241432
4,612,0,0.0,53,444,168,0.5985753424904925
3,615,0,0.0,54,447,168,0.5927189199815717
4,619,0,0.0,55,451,168,0.5869207698502498
11,630,0,0.0,56,457,173,0.5811803122766818
24,654,0,0.0,57,470,184,0.5754969732103268
10,664,0,0.0,58,479,185,0.5698701843125418
10,674,0,0.0,59,486,188,0.564299382899748
54,728,0,0.0,60,509,219,0.558784011887162
27,755,0,0.0,61,525,230,0.5533235197330862
11,766,0,0.0,62,531,235,0.5479173603837548
16,782,0,0.0,63,537,245,0.5425649932187278
8,790,0,0.0,64,544,246,0.5372658829968282
11,801,0,0.0,65,550,251,0.5320194998026181
39,840,0,0.0,66,564,276,0.5268253189934059
14,854,0,0.0,67,573,281,0.5216828211467822
13,867,0,0.0,68,577,290,0.516591492008677
22,889,0,0.0,69,590,299,0.5115508224419336
5,894,0,0.0,70,593,301,0.5065603083753949
10,904,0,0.0,71,597,307,0.5016194507534953
2,906,0,0.0,72,599,307,0.49672775548635545
4,910,0,0.0,73,602,308,0.491884733400372
11,921,0,0.0,74,605,316,0.48708990018930043
18,939,0,0.0,75,617,322,0.48234277636582407
9,948,0,0.0,76,620,328,0.47764288721360454
14,962,0,0.0,77,632,330,0.47298976273981014
32,994,0,0.0,78,647,347,0.4683829376281158
27,1021,0,0.0,79,656,365,0.4638219511921713
21,1042,0,0.0,80,667,375,0.4593063473295323
8,1050,0,0.0,81,671,379,0.45483567447604933
6,1056,0,0.0,82,676,380,0.4504094855607117
13,1069,0,0.0,83,682,387,0.44602733796093924
31,1100,0,0.0,84,693,407,0.4416887934583202
6,1106,0,0.0,85,697,409,0.43739341819478894
8,1114,0,0.0,86,700,414,0.43314078262923944
13,1127,0,0.0,87,705,422,0.4289304614945713
14,1141,0,0.0,88,711,430,0.42476203375516264
17,1158,0,0.0,89,717,441,0.42063508256476556
5,1163,0,0.0,90,721,442,0.41654919522482203
5,1168,0,0.0,91,724,444,0.4125039631431931
5,1173,0,0.0,92,726,447,0.40849898179329963
50,1223,0,0.0,93,744,479,0.404533850673669
5,1228,0,0.0,94,747,481,0.40060817326788506
5,1233,0,0.0,95,750,483,0.3967215570049359
20,1253,0,0.0,96,757,496,0.3928736132199562
5,1258,0,0.0,97,761,497,0.38906395711536096
28,1286,0,0.0,98,770,516,0.38529220772236483
24,1310,0,0.0,99,780,530,0.3815579878628856
6,1316,0,0.0,100,782,534,0.37786092411182526
10,1326,0,0.0,101,786,540,0.3742006467597279
7,1333,0,0.0,102,789,544,0.3705767897758081
33,1366,0,0.0,103,804,562,0.3669889907713475
5,1371,0,0.0,104,807,564,0.36343689096345594
20,1391,0,0.0,105,817,574,0.35992013513919235
43,1434,0,0.0,106,833,601,0.35643837162004377
9,1443,0,0.0,107,837,606,0.3529912522267568
32,1475,0,0.0,108,847,628,0.34957843224451957
35,1510,0,0.0,109,858,652,0.34619957038848975
64,1574,0,0.0,110,883,691,0.34285432876966604
5,1579,0,0.0,111,885,694,0.3395423728610988
7,1586,0,0.0,112,888,698,0.3362633714644372
13,1599,0,0.0,113,894,705,0.33301699667680906
91,1690,0,0.0,114,921,769,0.3298029238580304
62,1752,0,0.0,115,936,816,0.3266208315981408
36,1788,0,0.0,116,944,844,0.32347040168526264
25,1813,0,0.0,117,949,864,0.3203513190737793
41,1854,0,0.0,118,959,895,0.3172632718528302
44,1898,0,0.0,119,972,926,0.31420595121511996
64,1962,0,0.0,120,987,975,0.311179051426037
12,1974,0,0.0,121,993,981,0.3081822697930801
12,1986,0,0.0,122,996,990,0.3052153066355885
100,2086,0,0.0,123,1021,1065,0.30227786525477407
29,2115,0,0.0,124,1032,1083,0.29936965190405085
18,2133,0,0.0,125,1038,1095,0.29649037575966014
6,2139,0,0.0,126,1040,1099,0.29363974889158817
38,2177,0,0.0,127,1045,1132,0.2908174862347727
11,2188,0,0.0,128,1047,1141,0.28802330556059597
3,2191,0,0.0,129,1049,1142,0.2852569274486622
43,2234,0,0.0,130,1055,1179,0.2825180752588548
12,2246,0,0.0,131,1058,1188,0.27980647510367246
28,2274,0,0.0,132,1065,1209,0.2771218558208399
31,2305,0,0.0,133,1076,1229,0.27446394894619186
33,2338,0,0.0,134,1081,1257,0.27183248868682575
38,2376,0,0.0,135,1093,1283,0.26922721189452276
31,2407,0,0.0,136,1104,1303,0.2666478580394326
22,2429,0,0.0,137,1109,1320,0.26409416918402034
67,2496,0,0.0,138,1126,1370,0.26156588995727226
48,2544,0,0.0,139,1138,1406,0.2590627675291589
34,2578,0,0.0,140,1144,1434,0.2565845515853515
100,2678,0,0.0,141,1167,1511,0.2541309943021904
89,2767,0,0.0,142,1188,1579,0.25170185032190273
44,2811,0,0.0,143,1193,1618,0.24929687672806608
61,2872,0,0.0,144,1203,1669,0.246915833021317
29,2901,0,0.0,145,1210,1691,0.24455848109530054
100,3001,0,0.0,146,1229,1772,0.2422245852128597
55,3056,0,0.0,147,1244,1812,0.23991391198246126
36,3092,0,0.0,148,1253,1839,0.2376262303348566
39,3131,0,0.0,149,1261,1870,0.2353613114999746
19,3150,0,0.0,150,1267,1883,0.23311892898404435
37,3187,0,0.0,151,1273,1914,0.23089885854694553
18,3205,0,0.0,152,1279,1926,0.22870087817978443
54,3259,0,0.0,153,1288,1971,0.22652476808269262
34,3293,0,0.0,154,1295,1998,0.22437031064284702
56,3349,0,0.0,155,1312,2037,0.22223729041270818
26,3375,0,0.0,156,1320,2055,0.22012549408847562
30,3405,0,0.0,157,1324,2081,0.21803471048875708
29,3434,0,0.0,158,1330,2104,0.21596473053345028
29,3463,0,0.0,159,1337,2126,0.21391534722283462
3,3466,0,0.0,160,1339,2127,0.2118863556168713
34,3500,0,0.0,161,1345,2155,0.20987755281470882
9,3509,0,0.0,162,1350,2159,0.20788873793439305
14,3523,0,0.0,163,1353,2170,0.2059197120927785
36,3559,0,0.0,164,1360,2199,0.20397027838564025
24,3583,0,0.0,165,1363,2220,0.20204024186798297
67,3650,0,0.0,166,1375,2275,0.20012940953454655
38,3688,0,0.0,167,1385,2303,0.1982375903005053
55,3743,0,0.0,168,1391,2352,0.19636459498235934
18,3761,0,0.0,169,1394,2367,0.19451023627901587
27,3788,0,0.0,170,1400,2388,0.19267432875305937
50,3838,0,0.0,171,1407,2431,0.19085668881220733
20,3858,0,0.0,172,1411,2447,0.1890571346909509
100,3958,0,0.0,173,1429,2529,0.1872754864323783
100,4058,0,0.0,174,1440,2618,0.18551156587017906
16,4074,0,0.0,175,1444,2630,0.1837651966108269
39,4113,0,0.0,176,1453,2660,0.1820362040159407
80,4193,0,0.0,177,1470,2723,0.18032441518482004
48,4241,0,0.0,178,1481,2760,0.17862965893715535
94,4335,0,0.0,179,1505,2830,0.17695176579590954
9,4344,0,0.0,180,1507,2837,0.1752905679703703
59,4403,0,0.0,181,1517,2886,0.17364589933937066
27,4430,0,0.0,182,1522,2908,0.172017595434677
100,4530,0,0.0,183,1536,2994,0.17040549342454195
51,4581,0,0.0,184,1545,3036,0.16880943209742102
100,4681,0,0.0,185,1559,3122,0.16722925184585147
100,4781,0,0.0,186,1575,3206,0.16566479465049133
10,4791,0,0.0,187,1577,3214,0.16411590406431734
42,4833,0,0.0,188,1583,3250,0.1625824251969801
49,4882,0,0.0,189,1591,3291,0.16106420469931504
61,4943,0,0.0,190,1597,3346,0.15956109074800714
100,5043,0,0.0,191,1608,3435,0.1580729330304087
100,5143,0,0.0,192,1626,3517,0.15659958272950783
75,5218,0,0.0,193,1637,3581,0.15514089250904667
100,5318,0,0.0,194,1650,3668,0.1536967164987875
28,5346,0,0.0,195,1655,3691,0.1522669102799259
22,5368,0,0.0,196,1660,3708,0.15085133087064845
100,5468,0,0.0,197,1673,3795,0.14944983671183457
50,5518,0,0.0,198,1685,3833,0.14806228765290044
69,5587,0,0.0,199,1697,3890,0.1466885449377839
21,5608,0,0.0,200,1701,3907,0.14532847119106862
100,5708,0,0.0,201,1717,3991,0.1439819304042466
38,5746,0,0.0,202,1723,4023,0.14264878792211688
85,5831,0,0.0,203,1736,4095,0.1413289104293205
66,5897,0,0.0,204,1743,4154,0.14002216593700811
73,5970,0,0.0,205,1752,4218,0.13872842376964165
19,5989,0,0.0,206,1756,4233,0.1374475545519262
100,6089,0,0.0,207,1773,4316,0.13617943019587256
8,6097,0,0.0,208,1775,4322,0.13492392388798838
100,6197,0,0.0,209,1783,4414,0.13368091007659658
78,6275,0,0.0,210,1791,4484,0.1324502644592803
100,6375,0,0.0,211,1801,4574,0.13123186397045208
62,6437,0,0.0,212,1813,4624,0.13002558676904785
100,6537,0,0.0,213,1827,4710,0.12883131222634217
38,6575,0,0.0,214,1835,4740,0.12764892091388555
52,6627,0,0.0,215,1843,4784,0.1264782945915614
33,6660,0,0.0,216,1848,4812,0.125319316195762
73,6733,0,0.0,217,1857,4876,0.12417186982768189
35,6768,0,0.0,218,1865,4903,0.12303584074172813
56,6824,0,0.0,219,1870,4954,0.12191111533404535
50,6874,0,0.0,220,1875,4999,0.12079758113115559
85,6959,0,0.0,221,1883,5076,0.11969512677871053
84,7043,0,0.0,222,1892,5151,0.11860364203035628
67,7110,0,0.0,223,1902,5208,0.11752301773670837
39,7149,0,0.0,224,1905,5244,0.116453145834437
100,7249,0,0.0,225,1915,5334,0.11539391933546027
87,7336,0,0.0,226,1923,5413,0.11434523231624569
37,7373,0,0.0,227,1928,5445,0.11330697990721733
16,7389,0,0.0,228,1933,5456,0.1122790582822692
16,7405,0,0.0,229,1936,5469,0.11126136464838206
100,7505,0,0.0,230,1943,5562,0.11025379723534455
26,7531,0,0.0,231,1946,5585,0.10925625528557566
43,7574,0,0.0,232,1950,5624,0.1082686390440492
80,7654,0,0.0,233,1964,5690,0.10729084974831793
15,7669,0,0.0,234,1966,5703,0.10632278961863742
18,7687,0,0.0,235,1968,5719,0.10536436184818809
54,7741,0,0.0,236,1976,5765,0.10441547059339411
8,7749,0,0.0,237,1979,5770,0.10347602096433932
26,7775,0,0.0,238,1983,5792,0.10254591901527788
78,7853,0,0.0,239,1994,5859,0.10162507173523985
100,7953,0,0.0,240,2008,5945,0.10071338703872978
20,7973,0,0.0,241,2010,5963,0.09981077375651838
33,8006,0,0.0,242,2013,5993,0.09891714162652515
98,8104,0,0.0,243,2026,6078,0.09803240128479247
19,8123,0,0.0,244,2028,6095,0.09715646425654882
100,8223,0,0.0,245,2038,6185,0.09628924294736148
100,8323,0,0.0,246,2050,6273,0.09543065063437678
58,8381,0,0.0,247,2054,6327,0.09458060145764802
77,8458,0,0.0,248,2063,6395,0.09373901041154904
100,8558,0,0.0,249,2072,6486,0.092905793336274
93,8651,0,0.0,250,2083,6568,0.09208086690942092
41,8692,0,0.0,251,2087,6605,0.0912641486376598
92,8784,0,0.0,252,2096,6688,0.09045555684848275
100,8884,0,0.0,253,2104,6780,0.08965501068203711
100,8984,0,0.0,254,2112,6872,0.08886243008303903
100,9084,0,0.0,255,2121,6963,0.08807773579276819
100,9184,0,0.0,256,2123,7061,0.08730084934114159
96,9280,0,0.0,257,2129,7151,0.08653169303886674
100,9380,0,0.0,258,2136,7244,0.0857701899696724
52,9432,0,0.0,259,2141,7291,0.08501626398261702
22,9454,0,0.0,260,2145,7309,0.0842698396844737
47,9501,0,0.0,261,2151,7350,0.08353084243219053
64,9565,0,0.0,262,2159,7406,0.08279919832542652
100,9665,0,0.0,263,2168,7497,0.08207483419916123
100,9765,0,0.0,264,2173,7592,0.08135767761637844
73,9838,0,0.0,265,2179,7659,0.08064765686082219
100,9938,0,0.0,266,2183,7755,0.0799447009298253
38,9976,0,0.0,267,2186,7790,0.0792487395272088
100,10076,0,0.0,268,2193,7883,0.07855970305625253
60,10136,0,0.0,269,2196,7940,0.07787752261273513
66,10202,0,0.0,270,2204,7998,0.07720212997804382
58,10260,0,0.0,271,2208,8052,0.07653345761235225
100,10360,0,0.0,272,2212,8148,0.07587143864786668
24,10384,0,0.0,273,2216,8168,0.07521600688213892
100,10484,0,0.0,274,2220,8264,0.07456709677144624
6,10490,0,0.0,275,2222,8268,0.07392464342423678
46,10536,0,0.0,276,2226,8310,0.0732885825946405
100,10636,0,0.0,277,2236,8400,0.07265885067604429
100,10736,0,0.0,278,2244,8492,0.07203538469473161
100,10836,0,0.0,279,2248,8588,0.0714181223035847
100,10936,0,0.0,280,2252,8684,0.07080700177585013
100,11036,0,0.0,281,2258,8778,0.07020196199896576
66,11102,0,0.0,282,2264,8838,0.06960294246844981
57,11159,0,0.0,283,2269,8890,0.06900988328184997
56,11215,0,0.0,284,2274,8941,0.06842272513275337
100,11315,0,0.0,285,2284,9031,0.06784140930485581
100,11415,0,0.0,286,2288,9127,0.06726587766609007
66,11481,0,0.0,287,2294,9187,0.06669607266281269
100,11581,0,0.0,288,2298,9283,0.06613193731404843
100,11681,0,0.0,289,2303,9378,0.06557341520579238
100,11781,0,0.0,290,2311,9470,0.06502045048536823
28,11809,0,0.0,291,2314,9495,0.06447298785584316
100,11909,0,0.0,292,2322,9587,0.06393097257049796
97,12006,0,0.0,293,2327,9679,0.06339435042735246
100,12106,0,0.0,294,2332,9774,0.06286306776374512
100,12206,0,0.0,295,2337,9869,0.06233707145096687
100,12306,0,0.0,296,2340,9966,0.06181630888894806
29,12335,0,0.0,297,2343,9992,0.061300728000998575
100,12435,0,0.0,298,2348,10087,0.06079027722859992
100,12535,0,0.0,299,2357,10178,0.060284905526249516
77,12612,0,0.0,300,2365,10247,0.05978456235635595
100,12712,0,0.0,301,2371,10341,0.05928919768418531
100,12812,0,0.0,302,2374,10438,0.05879876197285753
100,12912,0,0.0,303,2378,10534,0.058313206178392835
8,12920,0,0.0,304,2380,10540,0.05783248174480709
7,12927,0,0.0,305,2382,10545,0.057356540599256385
100,13027,0,0.0,306,2386,10641,0.0568853351472295
72,13099,0,0.0,307,2390,10709,0.0564188182677886
17,13116,0,0.0,308,2393,10723,0.05595694330885694
100,13216,0,0.0,309,2398,10818,0.05549966408255377
57,13273,0,0.0,310,2403,10870,0.05504693486057535
100,13373,0,0.0,311,2408,10965,0.05459871036962222
100,13473,0,0.0,312,2410,11063,0.05415494578687179
16,13489,0,0.0,313,2413,11076,0.05371559673549593
100,13589,0,0.0,314,2419,11170,0.053280619280223436
100,13689,0,0.0,315,2422,11267,0.05284996992294624
100,13789,0,0.0,316,2426,11363,0.05242360559836979
20,13809,0,0.0,317,2429,11380,0.05200148366970627
100,13909,0,0.0,318,2437,11472,0.051583561924411096
100,14009,0,0.0,319,2439,11570,0.05116979856996143
100,14109,0,0.0,320,2445,11664,0.050760152229677065
100,14209,0,0.0,321,2449,11760,0.05035458193858255
79,14288,0,0.0,322,2453,11835,0.049953047139310834
100,14388,0,0.0,323,2456,11932,0.04955550767804736
100,14488,0,0.0,324,2462,12026,0.04916192380051474
100,14588,0,0.0,325,2468,12120,0.0487722561479972
100,14688,0,0.0,326,2475,12213,0.04838646575340479
100,14788,0,0.0,327,2478,12310,0.04800451403737654
100,14888,0,0.0,328,2480,12408,0.04762636280442257
100,14988,0,0.0,329,2487,12501,0.04725197423910444
100,15088,0,0.0,330,2494,12594,0.04688131090225365
100,15188,0,0.0,331,2501,12687,0.046514335727227595
100,15288,0,0.0,332,2504,12784,0.046151012016203
100,15388,0,0.0,333,2507,12881,0.04579130343650595
97,15485,0,0.0,334,2513,12972,0.04543517401697875
100,15585,0,0.0,335,2517,13068,0.04508258814438266
92,15677,0,0.0,336,2523,13154,0.04473351055983658
39,15716,0,0.0,337,2528,13188,0.044387906355291176
33,15749,0,0.0,338,2531,13218,0.04404574097003798
100,15849,0,0.0,339,2535,13314,0.04370698018725335
100,15949,0,0.0,340,2540,13409,0.043371590130576676
100,16049,0,0.0,341,2544,13505,0.04303953726072282
100,16149,0,0.0,342,2547,13602,0.042710788372128064
100,16249,0,0.0,343,2550,13699,0.042385310589629625
9,16258,0,0.0,344,2552,13706,0.04206307136517797
100,16358,0,0.0,345,2555,13803,0.04174403847458216
100,16458,0,0.0,346,2557,13901,0.04142818001428726
100,16558,0,0.0,347,2559,13999,0.04111546439818403
100,16658,0,0.0,348,2563,14095,0.04080586035445025
100,16758,0,0.0,349,2567,14191,0.040499336922423565
100,16858,0,0.0,350,2569,14289,0.040195863449505306
69,16927,0,0.0,351,2572,14355,0.039895409588095315
100,17027,0,0.0,352,2573,14454,0.039597945292557044
100,17127,0,0.0,353,2579,14548,0.03930344081621308
100,17227,0,0.0,354,2584,14643,0.03901186670837034
100,17327,0,0.0,355,2586,14741,0.03872319381137508
34,17361,0,0.0,356,2589,14772,0.03843739325769703
100,17461,0,0.0,357,2593,14868,0.03815443646704266
100,17561,0,0.0,358,2596,14965,0.03787429514349709
100,17661,0,0.0,359,2599,15062,0.03759694127269454
100,17761,0,0.0,360,2604,15157,0.037322347119016795
100,17861,0,0.0,361,2607,15254,0.03705048522281963
100,17961,0,0.0,362,2612,15349,0.03678132839768691
29,17990,0,0.0,363,2615,15375,0.036514849727711796
100,18090,0,0.0,364,2615,15475,0.03625102256480524
100,18190,0,0.0,365,2620,15570,0.03598982052603108
5,18195,0,0.0,366,2622,15573,0.0357312174909678
100,18295,0,0.0,367,2626,15669,0.03547518759909634
100,18395,0,0.0,368,2627,15768,0.035221705247214206
86,18481,0,0.0,369,2633,15848,0.03497074508687494
100,18581,0,0.0,370,2635,15946,0.034722282021853394
100,18681,0,0.0,371,2639,16042,0.034476291205635994
100,18781,0,0.0,372,2640,16141,0.034232748038936146
100,18881,0,0.0,373,2644,16237,0.0339916281672342
100,18981,0,0.0,374,2649,16332,0.03375290747834208
100,19081,0,0.0,375,2652,16429,0.033516562099991945
76,19157,0,0.0,376,2654,16503,0.03328256839744902
100,19257,0,0.0,377,2659,16598,0.03305090297114803
100,19357,0,0.0,378,2661,16696,0.03282154265435332
100,19457,0,0.0,379,2664,16793,0.03259446451084204
94,19551,0,0.0,380,2668,16883,0.03236964583261064
100,19651,0,0.0,381,2670,16981,0.03214706413760394
100,19751,0,0.0,382,2673,17078,0.03192669716746694
100,19851,0,0.0,383,2678,17173,0.031708522885318995
100,19951,0,0.0,384,2680,17271,0.031492519473550085
100,20051,0,0.0,385,2684,17367,0.031278665331639026
100,20151,0,0.0,386,2690,17461,0.031066939073993396
100,20251,0,0.0,387,2694,17557,0.030857319527811018
100,20351,0,0.0,388,2696,17655,0.030649785730962574
100,20451,0,0.0,389,2699,17752,0.030444316929895437
100,20551,0,0.0,390,2701,17850,0.030240892577558277
100,20651,0,0.0,391,2702,17949,0.030039492331346347
40,20691,0,0.0,392,2704,17987,0.029840096051067175
100,20791,0,0.0,393,2711,18080,0.029642683796926583
100,20891,0,0.0,394,2713,18178,0.02944723582753464
100,20991,0,0.0,395,2718,18273,0.029253732597931535
100,21091,0,0.0,396,2718,18373,0.029062154757633053
100,21191,0,0.0,397,2722,18469,0.02887248314869552
100,21291,0,0.0,398,2723,18568,0.028684698803799973
100,21391,0,0.0,399,2725,18666,0.02849878294435545
100,21491,0,0.0,400,2727,18764,0.02831471697862105
100,21591,0,0.0,401,2727,18864,0.028132482499846838
100,21691,0,0.0,402,2730,18961,0.027952061284433068
100,21791,0,0.0,403,2732,19059,0.02777343529010782
100,21891,0,0.0,404,2736,19155,0.027596586654122846
100,21991,0,0.0,405,2737,19254,0.027421497691467157
100,22091,0,0.0,406,2741,19350,0.02724815089309858
100,22191,0,0.0,407,2742,19449,0.0270765289241928
100,22291,0,0.0,408,2745,19546,0.026906614622409945
100,22391,0,0.0,409,2747,19644,0.026738390996178224
100,22491,0,0.0,410,2749,19742,0.026571841222994823
29,22520,0,0.0,411,2751,19769,0.026406948647743643
74,22594,0,0.0,412,2754,19840,0.026243696781029717
100,22694,0,0.0,413,2758,19936,0.026082069297530375
67,22761,0,0.0,414,2761,20000,0.02592205003436255
100,22861,0,0.0,415,2764,20097,0.025763622989466578
100,22961,0,0.0,416,2766,20195,0.025606772320005942
100,23061,0,0.0,417,2770,20291,0.025451482340783003
100,23161,0,0.0,418,2775,20386,0.02529773752267042
60,23221,0,0.0,419,2781,20440,0.025145522491058264
100,23321,0,0.0,420,2783,20538,0.02499482202431651
100,23421,0,0.0,421,2784,20637,0.024845621052272927
100,23521,0,0.0,422,2784,20737,0.024697904654705963
79,23600,0,0.0,423,2789,20811,0.024551658059852766
100,23700,0,0.0,424,2791,20909,0.024406866642931964
100,23800,0,0.0,425,2792,21008,0.024263515924681227
100,23900,0,0.0,426,2795,21105,0.024121591569909263
100,24000,0,0.0,427,2795,21205,0.023981079386062323
100,24100,0,0.0,428,2799,21301,0.023841965321804916
72,24172,0,0.0,429,2804,21368,0.023704235465614704
100,24272,0,0.0,430,2808,21464,0.023567876044391298
100,24372,0,0.0,431,2809,21563,0.023432873422078924
100,24472,0,0.0,432,2812,21660,0.02329921409830285
100,24572,0,0.0,433,2813,21759,0.02316688470701933
100,24672,0,0.0,434,2814,21858,0.023035872015178954
100,24772,0,0.0,435,2817,21955,0.022906162921403357
100,24872,0,0.0,436,2820,22052,0.022777744454675064
100,24972,0,0.0,437,2822,22150,0.0226506037730404
100,25072,0,0.0,438,2825,22247,0.02252472816232525
100,25172,0,0.0,439,2827,22345,0.022400105034863643
100,25272,0,0.0,440,2830,22442,0.02227672192823897
100,25372,0,0.0,441,2831,22541,0.02215456650403775
100,25472,0,0.0,442,2833,22639,0.022033626546615788
100,25572,0,0.0,443,2835,22737,0.021913889961876536
100,25672,0,0.0,444,2836,22836,0.02179534477606175
100,25772,0,0.0,445,2837,22935,0.02167797913455405
100,25872,0,0.0,446,2838,23034,0.021561781300691488
100,25972,0,0.0,447,2839,23133,0.02144673965459385
100,26072,0,0.0,448,2842,23230,0.021332842692000656
100,26172,0,0.0,449,2843,23329,0.021220079023120713
100,26272,0,0.0,450,2844,23428,0.02110843737149319
100,26372,0,0.0,451,2844,23528,0.02099790657285988
100,26472,0,0.0,452,2848,23624,0.020888475574048812
100,26572,0,0.0,453,2850,23722,0.020780133431868894
100,26672,0,0.0,454,2852,23820,0.020672869312015653
100,26772,0,0.0,455,2852,23920,0.020566672487987697
100,26872,0,0.0,456,2853,24019,0.02046153234001413
85,26957,0,0.0,457,2856,24101,0.02035743835399253
100,27057,0,0.0,458,2859,24198,0.020254380120437558
100,27157,0,0.0,459,2860,24297,0.02015234733343998
100,27257,0,0.0,460,2861,24396,0.020051329789636065
100,27357,0,0.0,461,2863,24494,0.01995131738718724
100,27457,0,0.0,462,2864,24593,0.019852300124769934
100,27557,0,0.0,463,2865,24692,0.019754268100575387
100,27657,0,0.0,464,2865,24792,0.019657211511319474
100,27757,0,0.0,465,2866,24891,0.0195611206512624
100,27857,0,0.0,466,2867,24990,0.01946598591123807
100,27957,0,0.0,467,2868,25089,0.01937179777769322
100,28057,0,0.0,468,2870,25187,0.019278546831735997
100,28157,0,0.0,469,2871,25286,0.019186223748194096
100,28257,0,0.0,470,2871,25386,0.01909481929468222
100,28357,0,0.0,471,2871,25486,0.019004324330678855
100,28457,0,0.0,472,2872,25585,0.018914729806612192
100,28557,0,0.0,473,2874,25683,0.01882602676295516
100,28657,0,0.0,474,2874,25783,0.018738206329329453
100,28757,0,0.0,475,2874,25883,0.018651259723618557
100,28857,0,0.0,476,2875,25982,0.01856517825108943
100,28957,0,0.0,477,2876,26081,0.018479953303523082
100,29057,0,0.0,478,2878,26179,0.018395576358353725
100,29157,0,0.0,479,2879,26278,0.018312038977816556
100,29257,0,0.0,480,2882,26375,0.018229332808103887
100,29357,0,0.0,481,2884,26473,0.01814744957852983
100,29457,0,0.0,482,2886,26571,0.01806638110070318
100,29557,0,0.0,483,2888,26669,0.01798611926770862
100,29657,0,0.0,484,2888,26769,0.017906656053295947
100,29757,0,0.0,485,2891,26866,0.017827983511077505
100,29857,0,0.0,486,2892,26965,0.01775009377373351
100,29957,0,0.0,487,2894,27063,0.017672979052225327
100,30057,0,0.0,488,2900,27157,0.017596631635016534
100,30157,0,0.0,489,2902,27255,0.01752104388730179
100,30257,0,0.0,490,2906,27351,0.017446208250243338
100,30357,0,0.0,491,2908,27449,0.017372117240215094
100,30457,0,0.0,492,2909,27548,0.01729876344805433
100,30557,0,0.0,493,2914,27643,0.0172261395383207
100,30657,0,0.0,494,2914,27743,0.017154238248562697
100,30757,0,0.0,495,2915,27842,0.017083052388591435
100,30857,0,0.0,496,2915,27942,0.017012574839761596
100,30957,0,0.0,497,2916,28041,0.01694279855425957
100,31057,0,0.0,498,2916,28141,0.016873716554398652
100,31157,0,0.0,499,2918,28239,0.016805321931921288
100,31257,0,0.0,500,2920,28337,0.01673760784730824
100,31357,0,0.0,501,2920,28437,0.016670567529094613
100,31457,0,0.0,502,2920,28537,0.01660419427319272
100,31557,0,0.0,503,2924,28633,0.016538481442221656
100,31657,0,0.0,504,2925,28732,0.016473422464843575
100,31757,0,0.0,505,2927,28830,0.01640901083510651
100,31857,0,0.0,506,2929,28928,0.01634524011179382
100,31957,0,0.0,507,2929,29028,0.016282103917780018
100,32057,0,0.0,508,2931,29126,0.01621959593939311
100,32157,0,0.0,509,2932,29225,0.016157709925783147
100,32257,0,0.0,510,2935,29322,0.016096439688297208
100,32357,0,0.0,511,2936,29421,0.016035779099860478
100,32457,0,0.0,512,2937,29520,0.01597572209436357
100,32557,0,0.0,513,2938,29619,0.015916262666055885
100,32657,0,0.0,514,2940,29717,0.015857394868945038
100,32757,0,0.0,515,2940,29817,0.015799112816202266
100,32857,0,0.0,516,2941,29916,0.01574141067957372
100,32957,0,0.0,517,2943,30014,0.01568428268879766
100,33057,0,0.0,518,2944,30113,0.0156277231310274
100,33157,0,0.0,519,2946,30211,0.015571726350260025
100,33257,0,0.0,520,2947,30310,0.015516286746770792
100,33357,0,0.0,521,2952,30405,0.015461398776553163
100,33457,0,0.0,522,2956,30501,0.015407056950764372
100,33557,0,0.0,523,2956,30601,0.01535325583517655
100,33657,0,0.0,524,2958,30699,0.015299990049633304
100,33757,0,0.0,525,2959,30798,0.015247254267511699
100,33857,0,0.0,526,2961,30896,0.015195043215189571
100,33957,0,0.0,527,2963,30994,0.015143351671518179
100,34057,0,0.0,528,2965,31092,0.015092174467300075
100,34157,0,0.0,529,2965,31192,0.015041506484772198
100,34257,0,0.0,530,2965,31292,0.01499134265709407
100,34357,0,0.0,531,2966,31391,0.014941677967841115
100,34457,0,0.0,532,2969,31488,0.01489250745050302
100,34557,0,0.0,533,2971,31586,0.014843826187987082
100,34657,0,0.0,534,2973,31684,0.014795629312126479
100,34757,0,0.0,535,2974,31783,0.014747912003193458
93,34850,0,0.0,536,2976,31874,0.014700669489417359
100,34950,0,0.0,537,2977,31973,0.014653897046507443
100,35050,0,0.0,538,2979,32071,0.01460758999718044
100,35150,0,0.0,539,2980,32170,0.014561743710692824
100,35250,0,0.0,540,2985,32265,0.014516353602377746
90,35340,0,0.0,541,2990,32350,0.01447141513318654
100,35440,0,0.0,542,2990,32450,0.014426923809234849
100,35540,0,0.0,543,2993,32547,0.014382875181353196
100,35640,0,0.0,544,2993,32647,0.01433926484464209
100,35740,0,0.0,545,2993,32747,0.014296088438031505
77,35817,0,0.0,546,2996,32821,0.014253341643844817
100,35917,0,0.0,547,2996,32921,0.014211020187366974
100,36017,0,0.0,548,2996,33021,0.014169119836417065
100,36117,0,0.0,549,2999,33118,0.01412763640092507
100,36217,0,0.0,550,2999,33218,0.014086565732512882
100,36317,0,0.0,551,2999,33318,0.014045903724079427
100,36417,0,0.0,552,2999,33418,0.014005646309389977
100,36517,0,0.0,553,2999,33518,0.013965789462669513
100,36617,0,0.0,554,3000,33617,0.013926329198200155
100,36717,0,0.0,555,3002,33715,0.013887261569922569
100,36817,0,0.0,556,3004,33813,0.01384858267104137
100,36917,0,0.0,557,3004,33913,0.013810288633634434
100,37017,0,0.0,558,3006,34011,0.013772375628266116
100,37117,0,0.0,559,3007,34110,0.013734839863604284
100,37217,0,0.0,560,3008,34209,0.013697677586041186
100,37317,0,0.0,561,3010,34307,0.0136608850793181
100,37417,0,0.0,562,3014,34403,0.013624458664153696
100,37517,0,0.0,563,3014,34503,0.013588394697876097
100,37617,0,0.0,564,3015,34602,0.013552689574058628
27,37644,0,0.0,565,3018,34626,0.013517339722159148
100,37744,0,0.0,566,3019,34725,0.013482341607163007
100,37844,0,0.0,567,3021,34823,0.013447691729229546
76,37920,0,0.0,568,3023,34897,0.013413386623342096
100,38020,0,0.0,569,3024,34996,0.013379422858961477
100,38120,0,0.0,570,3025,35095,0.013345797039682946
100,38220,0,0.0,571,3026,35194,0.01331250580289656
100,38320,0,0.0,572,3026,35294,0.013279545819450893
100,38420,0,0.0,573,3026,35394,0.013246913793320138
100,38520,0,0.0,574,3029,35491,0.01321460646127448
100,38620,0,0.0,575,3032,35588,0.013182620592553802
100,38720,0,0.0,576,3035,35685,0.01315095298854457
61,38781,0,0.0,577,3038,35743,0.013119600482459998
100,38881,0,0.0,578,3039,35842,0.013088559939023343
100,38981,0,0.0,579,3039,35942,0.013057828254154401
100,39081,0,0.0,580,3039,36042,0.013027402354659073
100,39181,0,0.0,581,3043,36138,0.012997279197922058
100,39281,0,0.0,582,3044,36237,0.012967455771602571
100,39381,0,0.0,583,3045,36336,0.012937929093333135
100,39481,0,0.0,584,3045,36436,0.012908696210421315
100,39581,0,0.0,585,3048,36533,0.012879754199554458
100,39681,0,0.0,586,3049,36632,0.012851100166507357
100,39781,0,0.0,587,3051,36730,0.012822731245852837
100,39881,0,0.0,588,3051,36830,0.012794644600675184
100,39981,0,0.0,589,3052,36929,0.012766837422286476
100,40081,0,0.0,590,3052,37029,0.012739306929945703
100,40181,0,0.0,591,3053,37128,0.012712050370580685
100,40281,0,0.0,592,3055,37226,0.012685065018512777
100,40381,0,0.0,593,3055,37326,0.012658348175184284
100,40481,0,0.0,594,3057,37424,0.012631897168888604
100,40581,0,0.0,595,3057,37524,0.012605709354503067
100,40681,0,0.0,596,3058,37623,0.012579782113224414
100,40781,0,0.0,597,3058,37723,0.012554112852306908
100,40881,0,0.0,598,3058,37823,0.012528699004803068
100,40981,0,0.0,599,3058,37923,0.012503538029306963
100,41081,0,0.0,600,3058,38023,0.012478627409700078
100,41181,0,0.0,601,3059,38122,0.012453964654899695
100,41281,0,0.0,602,3060,38221,0.012429547298609778
100,41381,0,0.0,603,3063,38318,0.01240537289907435
100,41481,0,0.0,604,3063,38418,0.012381439038833314
100,41581,0,0.0,605,3064,38517,0.012357743324480702
100,41681,0,0.0,606,3066,38615,0.01233428338642533
100,41781,0,0.0,607,3066,38715,0.012311056878653841
100,41881,0,0.0,608,3068,38813,0.012288061478496108
100,41981,0,0.0,609,3068,38913,0.012265294886392948
100,42081,0,0.0,610,3069,39012,0.01224275482566618
100,42181,0,0.0,611,3069,39112,0.012220439042290943
100,42281,0,0.0,612,3071,39210,0.012198345304670311
100,42381,0,0.0,613,3072,39309,0.012176471403412107
100,42481,0,0.0,614,3074,39407,0.012154815151107974
100,42581,0,0.0,615,3074,39507,0.012133374382114637
100,42681,0,0.0,616,3074,39607,0.012112146952337331
100,42781,0,0.0,617,3074,39707,0.012091130739015387
100,42881,0,0.0,618,3075,39806,0.012070323640509958
100,42981,0,0.0,619,3076,39905,0.012049723576093858
100,43081,0,0.0,620,3078,40003,0.012029328485743472
100,43181,0,0.0,621,3079,40102,0.012009136329932777
100,43281,0,0.0,622,3081,40200,0.01198914508942936
100,43381,0,0.0,623,3082,40299,0.011969352765092513
100,43481,0,0.0,624,3083,40398,0.011949757377673304
100,43581,0,0.0,625,3083,40498,0.01193035696761667
100,43681,0,0.0,626,3083,40598,0.011911149594865432
100,43781,0,0.0,627,3084,40697,0.011892133338666311
100,43881,0,0.0,628,3086,40795,0.01187330629737784
100,43981,0,0.0,629,3087,40894,0.011854666588280199
100,44081,0,0.0,630,3087,40994,0.011836212347386948
100,44181,0,0.0,631,3088,41093,0.011817941729258619
100,44281,0,0.0,632,3088,41193,0.011799852906818169
100,44381,0,0.0,633,3088,41293,0.011781944071168286
100,44481,0,0.0,634,3089,41392,0.011764213431410478
100,44581,0,0.0,635,3091,41490,0.011746659214465993
100,44681,0,0.0,636,3093,41588,0.011729279664898506
100,44781,0,0.0,637,3095,41686,0.011712073044738584
100,44881,0,0.0,638,3095,41786,0.011695037633309868
100,44981,0,0.0,639,3096,41885,0.011678171727057018
100,45081,0,0.0,640,3096,41985,0.011661473639375353
100,45181,0,0.0,641,3096,42085,0.011644941700442194
100,45281,0,0.0,642,3096,42185,0.011628574257049868
100,45381,0,0.0,643,3100,42281,0.011612369672440398
100,45481,0,0.0,644,3101,42380,0.011596326326141817
100,45581,0,0.0,645,3102,42479,0.011580442613806126
96,45677,0,0.0,646,3105,42572,0.011564716947048855
100,45777,0,0.0,647,3106,42671,0.011549147753290225
61,45838,0,0.0,648,3108,42730,0.011533733475597885
100,45938,0,0.0,649,3109,42829,0.011518472572531219
100,46038,0,0.0,650,3111,42927,0.011503363517987204
100,46138,0,0.0,651,3111,43027,0.011488404801047796
100,46238,0,0.0,652,3112,43126,0.011473594925828836
100,46338,0,0.0,653,3114,43224,0.011458932411330456
100,46438,0,0.0,654,3118,43320,0.01144441579128899
100,46538,0,0.0,655,3118,43420,0.011430043614030338
100,46638,0,0.0,656,3120,43518,0.011415814442324796
100,46738,0,0.0,657,3121,43617,0.011401726853243335
100,46838,0,0.0,658,3121,43717,0.011387779438015309
100,46938,0,0.0,659,3123,43815,0.011373970801887569
100,47038,0,0.0,660,3124,43914,0.011360299563985
100,47138,0,0.0,661,3125,44013,0.011346764357172414
100,47238,0,0.0,662,3125,44113,0.011333363827917855
100,47338,0,0.0,663,3125,44213,0.011320096636157226
100,47438,0,0.0,664,3128,44310,0.011306961455160297
100,47538,0,0.0,665,3129,44409,0.011293956971398022
100,47638,0,0.0,666,3130,44508,0.01128108188441119
100,47738,0,0.0,667,3130,44608,0.01126833490668037
100,47838,0,0.0,668,3131,44707,0.011255714763497167
100,47938,0,0.0,669,3131,44807,0.011243220192836747
100,48038,0,0.0,670,3132,44906,0.011230849945231628
100,48138,0,0.0,671,3134,45004,0.011218602783646746
100,48238,0,0.0,672,3135,45103,0.011206477483355735
100,48338,0,0.0,673,3135,45203,0.01119447283181846
100,48438,0,0.0,674,3135,45303,0.011182587628559764
100,48538,0,0.0,675,3136,45402,0.011170820685049418
100,48638,0,0.0,676,3137,45501,0.011159170824583262
100,48738,0,0.0,677,3138,45600,0.011147636882165546
100,48838,0,0.0,678,3138,45700,0.011136217704392411
63,48901,0,0.0,679,3140,45761,0.011124912149336568
100,49001,0,0.0,680,3140,45861,0.01111371908643309
100,49101,0,0.0,681,3140,45961,0.011102637396366355
100,49201,0,0.0,682,3141,46060,0.011091665970958125
100,49301,0,0.0,683,3142,46159,0.011080803713056716
100,49401,0,0.0,684,3144,46257,0.011070049536427285
100,49501,0,0.0,685,3146,46355,0.011059402365643208
100,49601,0,0.0,686,3147,46454,0.011048861135978534
100,49701,0,0.0,687,3147,46554,0.011038424793301511
100,49801,0,0.0,688,3148,46653,0.011028092293969175
100,49901,0,0.0,689,3149,46752,0.011017862604722983
100,50001,0,0.0,690,3150,46851,0.011007734702585483
100,50101,0,0.0,691,3151,46950,0.010997707574758025
100,50201,0,0.0,692,3152,47049,0.010987780218519469
100,50301,0,0.0,693,3152,47149,0.010977951641125918
100,50401,0,0.0,694,3153,47248,0.010968220859711442
100,50501,0,0.0,695,3154,47347,0.010958586901189789
100,50601,0,0.0,696,3154,47447,0.01094904880215708
100,50701,0,0.0,697,3154,47547,0.010939605608795464
100,50801,0,0.0,698,3154,47647,0.010930256376777735
100,50901,0,0.0,699,3155,47746,0.010921000171172899
100,51001,0,0.0,700,3156,47845,0.010911836066352685
100,51101,0,0.0,701,3156,47945,0.010902763145898971
100,51201,0,0.0,702,3158,48043,0.010893780502512152
100,51301,0,0.0,703,3158,48143,0.010884887237920403
100,51401,0,0.0,704,3159,48242,0.010876082462789857
100,51501,0,0.0,705,3160,48341,0.010867365296635659
100,51601,0,0.0,706,3160,48441,0.010858734867733933
100,51701,0,0.0,707,3160,48541,0.010850190313034594
100,51801,0,0.0,708,3162,48639,0.010841730778075053
100,51901,0,0.0,709,3165,48736,0.010833355416894765
100,52001,0,0.0,710,3166,48835,0.01082506339195063
100,52101,0,0.0,711,3168,48933,0.010816853874033245
100,52201,0,0.0,712,3170,49031,0.010808726042183978
100,52301,0,0.0,713,3170,49131,0.01080067908361287
100,52401,0,0.0,714,3172,49229,0.01079271219361736
100,52501,0,0.0,715,3174,49327,0.010784824575501804
100,52601,0,0.0,716,3174,49427,0.010777015440497823
100,52701,0,0.0,717,3174,49527,0.010769284007685407
100,52801,0,0.0,718,3174,49627,0.01076162950391483
100,52901,0,0.0,719,3174,49727,0.01075405116372934
100,53001,0,0.0,720,3175,49826,0.010746548229288598
100,53101,0,0.0,721,3176,49925,0.010739119950292912
100,53201,0,0.0,722,3178,50023,0.010731765583908192
100,53301,0,0.0,723,3181,50120,0.010724484394691668
100,53401,0,0.0,724,3181,50220,0.010717275654518353
100,53501,0,0.0,725,3184,50317,0.010710138642508221
100,53601,0,0.0,726,3185,50416,0.010703072644954124
100,53701,0,0.0,727,3185,50516,0.010696076955250418
100,53801,0,0.0,728,3185,50616,0.010689150873822304
100,53901,0,0.0,729,3188,50713,0.010682293708055865
100,54001,0,0.0,730,3190,50811,0.010675504772228813
100,54101,0,0.0,731,3190,50911,0.010668783387441906
100,54201,0,0.0,732,3191,51010,0.010662128881551065
100,54301,0,0.0,733,3191,51110,0.010655540589100154
100,54401,0,0.0,734,3192,51209,0.010649017851254439
100,54501,0,0.0,735,3193,51308,0.0106425600157347
100,54601,0,0.0,736,3194,51407,0.010636166436752002
100,54701,0,0.0,737,3195,51506,0.01062983647494312
100,54801,0,0.0,738,3196,51605,0.010623569497306598
100,54901,0,0.0,739,3197,51704,0.01061736487713945
100,55001,0,0.0,740,3197,51804,0.010611221993974488
100,55101,0,0.0,741,3200,51901,0.010605140233518277
100,55201,0,0.0,742,3203,51998,0.010599118987589702
100,55301,0,0.0,743,3207,52094,0.010593157654059155
100,55401,0,0.0,744,3208,52193,0.010587255636788313
100,55501,0,0.0,745,3208,52293,0.01058141234557053
100,55601,0,0.0,746,3209,52392,0.01057562719607182
100,55701,0,0.0,747,3210,52491,0.010569899609772403
100,55801,0,0.0,748,3211,52590,0.010564229013908884
100,55901,0,0.0,749,3212,52689,0.010558614841416947
100,56001,0,0.0,750,3213,52788,0.010553056530874667
67,56068,0,0.0,751,3215,52853,0.010547553526446355
100,56168,0,0.0,752,3216,52952,0.010542105277826985
100,56268,0,0.0,753,3217,53051,0.010536711240187152
100,56368,0,0.0,754,3218,53150,0.0105313708741186
100,56468,0,0.0,755,3218,53250,0.01052608364558027
100,56568,0,0.0,756,3219,53349,0.010520849025844903
100,56668,0,0.0,757,3219,53449,0.010515666491446161
100,56768,0,0.0,758,3220,53548,0.01051053552412629
100,56868,0,0.0,759,3222,53646,0.010505455610784278
100,56968,0,0.0,760,3225,53743,0.010500426243424558
100,57068,0,0.0,761,3225,53843,0.010495446919106205
100,57168,0,0.0,762,3225,53943,0.010490517139892635
100,57268,0,0.0,763,3226,54042,0.010485636412801822
100,57368,0,0.0,764,3228,54140,0.010480804249756986
100,57468,0,0.0,765,3228,54240,0.010476020167537797
100,57568,0,0.0,766,3231,54337,0.010471283687732046
100,57668,0,0.0,767,3232,54436,0.010466594336687809
100,57768,0,0.0,768,3234,54534,0.010461951645466068
100,57868,0,0.0,769,3235,54633,0.010457355149793835
100,57968,0,0.0,770,3235,54733,0.010452804390017712
100,58068,0,0.0,771,3237,54831,0.010448298911057929
100,58168,0,0.0,772,3239,54929,0.010443838262362837
100,58268,0,0.0,773,3242,55026,0.010439421997863846
100,58368,0,0.0,774,3244,55124,0.010435049675930827
100,58468,0,0.0,775,3245,55223,0.010430720859327945
100,58568,0,0.0,776,3247,55321,0.01042643511516993
100,58668,0,0.0,777,3248,55420,0.010422192014878798
100,58768,0,0.0,778,3248,55520,0.01041799113414098
100,58868,0,0.0,779,3249,55619,0.010413832052864903
100,58968,0,0.0,780,3253,55715,0.010409714355138974
100,59068,0,0.0,781,3253,55815,0.010405637629189989
98,59166,0,0.0,782,3257,55909,0.010401601467341955
100,59266,0,0.0,783,3257,56009,0.010397605465975325
100,59366,0,0.0,784,3258,56108,0.01039364922548663
100,59466,0,0.0,785,3259,56207,0.010389732350248527
100,59566,0,0.0,786,3260,56306,0.010385854448570228
100,59666,0,0.0,787,3260,56406,0.01038201513265833
100,59766,0,0.0,788,3260,56506,0.010378214018578047
100,59866,0,0.0,789,3261,56605,0.0103744507262148
100,59966,0,0.0,790,3261,56705,0.010370724879236218
100,60066,0,0.0,791,3262,56804,0.010367036105054498
100,60166,0,0.0,792,3263,56903,0.010363384034789147
100,60266,0,0.0,793,3263,57003,0.010359768303230097
100,60366,0,0.0,794,3263,57103,0.010356188548801179
100,60466,0,0.0,795,3263,57203,0.010352644413523964
100,60566,0,0.0,796,3264,57302,0.010349135542981974
100,60666,0,0.0,797,3266,57400,0.010345661586285228
100,60766,0,0.0,798,3266,57500,0.010342222196035164
100,60866,0,0.0,799,3266,57600,0.01033881702828989
100,60966,0,0.0,800,3266,57700,0.010335445742529792
100,61066,0,0.0,801,3266,57800,0.010332108001623487
100,61166,0,0.0,802,3268,57898,0.010328803471794101
100,61266,0,0.0,803,3269,57997,0.0103255318225859
100,61366,0,0.0,804,3270,58096,0.010322292726831234
100,61466,0,0.0,805,3270,58196,0.01031908586061783
74,61540,0,0.0,806,3273,58267,0.010315910903256391
100,61640,0,0.0,807,3273,58367,0.01031276753724854
100,61740,0,0.0,808,3274,58466,0.010309655448255054
100,61840,0,0.0,809,3275,58565,0.01030657432506444
100,61940,0,0.0,810,3276,58664,0.010303523859561813
100,62040,0,0.0,811,3277,58763,0.01030050374669808
100,62140,0,0.0,812,3278,58862,0.010297513684459435
100,62240,0,0.0,813,3280,58960,0.010294553373837166
100,62340,0,0.0,814,3281,59059,0.010291622518797741
100,62440,0,0.0,815,3281,59159,0.010288720826253218
100,62540,0,0.0,816,3282,59258,0.010285848006031922
100,62640,0,0.0,817,3282,59358,0.010283003770849435
100,62740,0,0.0,818,3282,59458,0.010280187836279871
100,62840,0,0.0,819,3282,59558,0.010277399920727424
100,62940,0,0.0,820,3282,59658,0.01027463974539822
100,63040,0,0.0,821,3283,59757,0.010271907034272422
67,63107,0,0.0,822,3286,59821,0.01026920151407664
100,63207,0,0.0,823,3287,59920,0.010266522914256601
100,63307,0,0.0,824,3288,60019,0.010263870966950093
100,63407,0,0.0,825,3289,60118,0.01026124540696017
100,63507,0,0.0,826,3289,60218,0.010258645971728651
100,63607,0,0.0,827,3290,60317,0.010256072401309843
100,63707,0,0.0,828,3292,60415,0.01025352443834456
100,63807,0,0.0,829,3294,60513,0.010251001828034383
100,63907,0,0.0,830,3295,60612,0.010248504318116178
100,64007,0,0.0,831,3295,60712,0.010246031658836873
100,64107,0,0.0,832,3297,60810,0.010243583602928479
100,64207,0,0.0,833,3298,60909,0.010241159905583363
100,64307,0,0.0,834,3298,61009,0.010238760324429774
100,64407,0,0.0,835,3298,61109,0.010236384619507594
100,64507,0,0.0,836,3300,61207,0.010234032553244354
100,64607,0,0.0,837,3300,61307,0.010231703890431466
100,64707,0,0.0,838,3301,61406,0.01022939839820071
100,64807,0,0.0,839,3302,61505,0.010227115846000938
100,64907,0,0.0,840,3302,61605,0.01022485600557503
100,65007,0,0.0,841,3303,61704,0.01022261865093706
100,65107,0,0.0,842,3305,61802,0.010220403558349701
100,65207,0,0.0,843,3306,61901,0.010218210506301846
100,65307,0,0.0,844,3310,61997,0.010216039275486465
100,65407,0,0.0,845,3311,62096,0.010213889648778665
100,65507,0,0.0,846,3313,62194,0.010211761411213984
100,65607,0,0.0,847,3315,62292,0.010209654349966894
100,65707,0,0.0,848,3315,62392,0.010207568254329514
100,65807,0,0.0,849,3315,62492,0.01020550291569054
100,65907,0,0.0,850,3315,62592,0.010203458127514388
100,66007,0,0.0,851,3317,62690,0.010201433685320538
100,66107,0,0.0,852,3318,62789,0.010199429386663081
100,66207,0,0.0,853,3320,62887,0.010197445031110482
100,66307,0,0.0,854,3321,62986,0.010195480420225531
100,66407,0,0.0,855,3322,63085,0.010193535357545505
100,66507,0,0.0,856,3323,63184,0.010191609648562514
100,66607,0,0.0,857,3323,63284,0.010189703100704052
100,66707,0,0.0,858,3323,63384,0.01018781552331375
100,66807,0,0.0,859,3325,63482,0.01018594672763229
100,66907,0,0.0,860,3325,63582,0.010184096526778551
100,67007,0,0.0,861,3326,63681,0.010182264735730903
100,67107,0,0.0,862,3326,63781,0.010180451171308717
100,67207,0,0.0,863,3326,63881,0.010178655652154037
100,67307,0,0.0,864,3330,63977,0.010176877998713455
100,67407,0,0.0,865,3330,64077,0.01017511803322014
100,67507,0,0.0,866,3330,64177,0.010173375579676082
100,67607,0,0.0,867,3330,64277,0.01017165046383447
100,67707,0,0.0,868,3331,64376,0.010169942513182286
100,67807,0,0.0,869,3333,64474,0.010168251556923037
100,67907,0,0.0,870,3333,64574,0.010166577425959692
100,68007,0,0.0,871,3333,64674,0.010164919952877757
100,68107,0,0.0,872,3333,64774,0.010163278971928544
100,68207,0,0.0,873,3333,64874,0.01016165431901259
100,68307,0,0.0,874,3333,64974,0.01016004583166325
100,68407,0,0.0,875,3334,65073,0.010158453349030448
100,68507,0,0.0,876,3334,65173,0.010156876711864594
100,68607,0,0.0,877,3335,65272,0.010155315762500658
100,68707,0,0.0,878,3336,65371,0.0101537703448424
100,68807,0,0.0,879,3337,65470,0.010152240304346772
100,68907,0,0.0,880,3337,65570,0.010150725488008444
100,69007,0,0.0,881,3340,65667,0.010149225744344521
100,69107,0,0.0,882,3340,65767,0.01014774092337939
100,69207,0,0.0,883,3340,65867,0.010146270876629714
100,69307,0,0.0,884,3341,65966,0.010144815457089593
100,69407,0,0.0,885,3341,66066,0.010143374519215861
100,69507,0,0.0,886,3343,66164,0.01014194791891353
9,69516,0,0.0,887,3345,66171,0.01014053551352138
100,69616,0,0.0,888,3347,66269,0.010139137161797698
100,69716,0,0.0,889,3347,66369,0.010137752723906142
100,69816,0,0.0,890,3347,66469,0.01013638206140177
100,69916,0,0.0,891,3347,66569,0.010135025037217192
100,70016,0,0.0,892,3347,66669,0.010133681515648855
100,70116,0,0.0,893,3349,66767,0.010132351362343486
100,70216,0,0.0,894,3351,66865,0.010131034444284644
100,70316,0,0.0,895,3351,66965,0.010129730629779427
100,70416,0,0.0,896,3352,67064,0.010128439788445296
100,70516,0,0.0,897,3354,67162,0.010127161791197044
100,70616,0,0.0,898,3355,67261,0.01012589651023388
100,70716,0,0.0,899,3355,67361,0.010124643819026653
100,70816,0,0.0,900,3356,67460,0.0101234035923052
100,70916,0,0.0,901,3357,67559,0.010122175706045813
100,71016,0,0.0,902,3358,67658,0.010120960037458845
100,71116,0,0.0,903,3358,67758,0.010119756464976423
100,71216,0,0.0,904,3358,67858,0.010118564868240294
100,71316,0,0.0,905,3358,67958,0.010117385128089795
100,71416,0,0.0,906,3359,68057,0.010116217126549927
100,71516,0,0.0,907,3361,68155,0.010115060746819561
100,71616,0,0.0,908,3361,68255,0.010113915873259762
100,71716,0,0.0,909,3362,68354,0.010112782391382219
100,71816,0,0.0,910,3363,68453,0.010111660187837799
100,71916,0,0.0,911,3363,68553,0.010110549150405214
100,72016,0,0.0,912,3364,68652,0.010109449167979795
100,72116,0,0.0,913,3367,68749,0.010108360130562379
100,72216,0,0.0,914,3368,68848,0.010107281929248322
100,72316,0,0.0,915,3369,68947,0.010106214456216591
100,72416,0,0.0,916,3370,69046,0.010105157604718994
100,72516,0,0.0,917,3370,69146,0.010104111269069502
100,72616,0,0.0,918,3370,69246,0.010103075344633675
100,72716,0,0.0,919,3370,69346,0.010102049727818207
100,72816,0,0.0,920,3370,69446,0.010101034316060565
100,72916,0,0.0,921,3370,69546,0.010100029007818723
100,73016,0,0.0,922,3371,69645,0.01009903370256102
100,73116,0,0.0,923,3371,69745,0.010098048300756102
100,73216,0,0.0,924,3373,69843,0.010097072703862968
100,73316,0,0.0,925,3374,69942,0.010096106814321115
100,73416,0,0.0,926,3374,70042,0.01009515053554078
100,73516,0,0.0,927,3376,70140,0.010094203771893295
100,73616,0,0.0,928,3376,70240,0.010093266428701501
100,73716,0,0.0,929,3376,70340,0.0100923384122303
100,73816,0,0.0,930,3377,70439,0.01009141962967727
100,73916,0,0.0,931,3377,70539,0.010090509989163391
100,74016,0,0.0,932,3378,70638,0.010089609399723856
100,74116,0,0.0,933,3380,70736,0.010088717771298966
100,74216,0,0.0,934,3381,70835,0.010087835014725138
100,74316,0,0.0,935,3382,70934,0.010086961041725979
94,74410,0,0.0,936,3384,71026,0.01008609576490346
100,74510,0,0.0,937,3385,71125,0.010085239097729176
100,74610,0,0.0,938,3385,71225,0.0100843909545357
100,74710,0,0.0,939,3385,71325,0.010083551250508005
100,74810,0,0.0,940,3387,71423,0.010082719901674985
100,74910,0,0.0,941,3388,71522,0.010081896824901066
100,75010,0,0.0,942,3391,71619,0.010081081937877885
100,75110,0,0.0,943,3394,71716,0.01008027515911606
100,75210,0,0.0,944,3394,71816,0.010079476407937044
100,75310,0,0.0,945,3394,71916,0.010078685604465051
100,75410,0,0.0,946,3394,72016,0.010077902669619077
100,75510,0,0.0,947,3394,72116,0.010077127525104984
100,75610,0,0.0,948,3395,72215,0.010076360093407673
100,75710,0,0.0,949,3396,72314,0.010075600297783338
100,75810,0,0.0,950,3398,72412,0.010074848062251781
100,75910,0,0.0,951,3399,72511,0.010074103311588823
100,76010,0,0.0,952,3401,72609,0.010073365971318778
100,76110,0,0.0,953,3401,72709,0.010072635967707003
100,76210,0,0.0,954,3402,72808,0.010071913227752527
100,76310,0,0.0,955,3404,72906,0.010071197679180756
100,76410,0,0.0,956,3405,73005,0.010070489250436234
100,76510,0,0.0,957,3406,73104,0.010069787870675497
100,76610,0,0.0,958,3408,73202,0.010069093469759984
100,76710,0,0.0,959,3408,73302,0.010068405978249026
100,76810,0,0.0,960,3410,73400,0.010067725327392897
100,76910,0,0.0,961,3411,73499,0.010067051449125945
100,77010,0,0.0,962,3411,73599,0.010066384276059784
100,77110,0,0.0,963,3411,73699,0.010065723741476547
100,77210,0,0.0,964,3412,73798,0.01006506977932223
100,77310,0,0.0,965,3414,73896,0.010064422324200068
100,77410,0,0.0,966,3415,73995,0.010063781311364012
100,77510,0,0.0,967,3417,74093,0.010063146676712244
100,77610,0,0.0,968,3417,74193,0.01006251835678077
100,77710,0,0.0,969,3418,74292,0.010061896288737071
100,77810,0,0.0,970,3419,74391,0.01006128041037383
100,77910,0,0.0,971,3419,74491,0.01006067066010269
100,78010,0,0.0,972,3420,74590,0.01006006697694812
100,78110,0,0.0,973,3421,74689,0.010059469300541302
100,78210,0,0.0,974,3424,74786,0.010058877571114096
100,78310,0,0.0,975,3426,74884,0.010058291729493065
100,78410,0,0.0,976,3427,74983,0.01005771171709356
100,78510,0,0.0,977,3428,75082,0.010057137475913858
100,78610,0,0.0,978,3430,75180,0.010056568948529363
100,78710,0,0.0,979,3433,75277,0.010056006078086861
100,78810,0,0.0,980,3433,75377,0.01005544880829884
100,78910,0,0.0,981,3434,75476,0.010054897083437856
100,79010,0,0.0,982,3435,75575,0.010054350848330963
100,79110,0,0.0,983,3435,75675,0.010053810048354195
100,79210,0,0.0,984,3435,75775,0.010053274629427107
100,79310,0,0.0,985,3438,75872,0.010052744538007355
100,79410,0,0.0,986,3438,75972,0.01005221972108536
100,79510,0,0.0,987,3439,76071,0.010051700126178988
100,79610,0,0.0,988,3442,76168,0.010051185701328317
100,79710,0,0.0,989,3444,76266,0.010050676395090436
100,79810,0,0.0,990,3444,76366,0.010050172156534292
100,79910,0,0.0,991,3445,76465,0.010049672935235614
100,80010,0,0.0,992,3446,76564,0.010049178681271852
100,80110,0,0.0,993,3446,76664,0.010048689345217202
100,80210,0,0.0,994,3446,76764,0.010048204878137646
100,80310,0,0.0,995,3447,76863,0.010047725231586075
100,80410,0,0.0,996,3447,76963,0.010047250357597435
100,80510,0,0.0,997,3449,77061,0.010046780208683928
100,80610,0,0.0,998,3449,77161,0.010046314737830275
100,80710,0,0.0,999,3449,77261,0.010045853898488999
100,80810,0,0.0,1000,3449,77361,0.010045397644575786
100,80910,0,0.0,1001,3450,77460,0.010044945930464861
100,81010,0,0.0,1002,3451,77559,0.010044498710984437
100,81110,0,0.0,1003,3453,77657,0.010044055941412194
100,81210,0,0.0,1004,3454,77756,0.010043617577470805
100,81310,0,0.0,1005,3457,77853,0.010043183575323512
100,81410,0,0.0,1006,3457,77953,0.010042753891569738
100,81510,0,0.0,1007,3457,78053,0.01004232848324075
100,81610,0,0.0,1008,3460,78150,0.010041907307795358
100,81710,0,0.0,1009,3461,78249,0.01004149032311567
100,81810,0,0.0,1010,3462,78348,0.010041077487502869
100,81910,0,0.0,1011,3463,78447,0.010040668759673048
100,82010,0,0.0,1012,3463,78547,0.010040264098753086
100,82110,0,0.0,1013,3463,78647,0.010039863464276553
100,82210,0,0.0,1014,3463,78747,0.010039466816179668
100,82310,0,0.0,1015,3464,78846,0.010039074114797288
100,82410,0,0.0,1016,3466,78944,0.01003868532085895
100,82510,0,0.0,1017,3467,79043,0.010038300395484938
100,82610,0,0.0,1018,3467,79143,0.01003791930018239
100,82710,0,0.0,1019,3467,79243,0.01003754199684146
100,82810,0,0.0,1020,3467,79343,0.0100371684477315
100,82910,0,0.0,1021,3468,79442,0.010036798615497286
100,83010,0,0.0,1022,3468,79542,0.010036432463155286
100,83110,0,0.0,1023,3468,79642,0.010036069954089965
100,83210,0,0.0,1024,3468,79742,0.01003571105205011
100,83310,0,0.0,1025,3469,79841,0.01003535572114522
100,83410,0,0.0,1026,3470,79940,0.010035003925841906
100,83510,0,0.0,1027,3471,80039,0.010034655630960348
100,83610,0,0.0,1028,3473,80137,0.010034310801670764
100,83710,0,0.0,1029,3473,80237,0.010033969403489941
100,83810,0,0.0,1030,3475,80335,0.010033631402277775
100,83910,0,0.0,1031,3475,80435,0.010033296764233863
100,84010,0,0.0,1032,3475,80535,0.01003296545589412
100,84110,0,0.0,1033,3478,80632,0.01003263744412744
100,84210,0,0.0,1034,3479,80731,0.010032312696132369
100,84310,0,0.0,1035,3482,80828,0.01003199117943384
100,84410,0,0.0,1036,3482,80928,0.010031672861879913
100,84510,0,0.0,1037,3483,81027,0.010031357711638567
100,84610,0,0.0,1038,3484,81126,0.010031045697194518
100,84710,0,0.0,1039,3484,81226,0.01003073678734606
100,84810,0,0.0,1040,3485,81325,0.01003043095120195
100,84910,0,0.0,1041,3488,81422,0.01003012815817832
100,85010,0,0.0,1042,3489,81521,0.010029828377995615
100,85110,0,0.0,1043,3489,81621,0.010029531580675564
100,85210,0,0.0,1044,3490,81720,0.010029237736538193
100,85310,0,0.0,1045,3490,81820,0.01002894681619884
100,85410,0,0.0,1046,3490,81920,0.010028658790565229
100,85510,0,0.0,1047,3491,82019,0.010028373630834558
100,85610,0,0.0,1048,3492,82118,0.010028091308490614
100,85710,0,0.0,1049,3492,82218,0.010027811795300929
100,85810,0,0.0,1050,3492,82318,0.01002753506331395
100,85910,0,0.0,1051,3495,82415,0.01002726108485625
100,86010,0,0.0,1052,3496,82514,0.010026989832529752
100,86110,0,0.0,1053,3497,82613,0.010026721279208999
100,86210,0,0.0,1054,3497,82713,0.010026455398038434
100,86310,0,0.0,1055,3499,82811,0.01002619216242972
100,86410,0,0.0,1056,3500,82910,0.010025931546059077
100,86510,0,0.0,1057,3501,83009,0.010025673522864646
100,86610,0,0.0,1058,3501,83109,0.0100254180670439
100,86710,0,0.0,1059,3502,83208,0.010025165153051038
100,86810,0,0.0,1060,3504,83306,0.010024914755594453
100,86910,0,0.0,1061,3505,83405,0.01002466684963419
100,87010,0,0.0,1062,3507,83503,0.010024421410379444
100,87110,0,0.0,1063,3508,83602,0.01002417841328609
100,87210,0,0.0,1064,3509,83701,0.010023937834054211
100,87310,0,0.0,1065,3511,83799,0.010023699648625687
100,87410,0,0.0,1066,3511,83899,0.010023463833181775
100,87510,0,0.0,1067,3513,83997,0.010023230364140734
100,87610,0,0.0,1068,3514,84096,0.010022999218155467
100,87710,0,0.0,1069,3516,84194,0.01002277037211118
100,87810,0,0.0,1070,3517,84293,0.01002254380312308
100,87910,0,0.0,1071,3518,84392,0.01002231948853408
100,88010,0,0.0,1072,3518,84492,0.010022097405912533
100,88110,0,0.0,1073,3518,84592,0.010021877533049992
100,88210,0,0.0,1074,3519,84691,0.010021659847958985
100,88310,0,0.0,1075,3519,84791,0.010021444328870826
100,88410,0,0.0,1076,3521,84889,0.010021230954233424
100,88510,0,0.0,1077,3523,84987,0.010021019702709136
100,88610,0,0.0,1078,3525,85085,0.010020810553172638
100,88710,0,0.0,1079,3526,85184,0.010020603484708799
100,88810,0,0.0,1080,3528,85282,0.0100203984766106
100,88910,0,0.0,1081,3528,85382,0.01002019550837706
100,89010,0,0.0,1082,3528,85482,0.010019994559711188
100,89110,0,0.0,1083,3528,85582,0.01001979561051795
100,89210,0,0.0,1084,3530,85680,0.01001959864090226
88,89298,0,0.0,1085,3532,85766,0.010019403631166992
100,89398,0,0.0,1086,3532,85866,0.01001921056181101
100,89498,0,0.0,1087,3532,85966,0.01001901941352722
100,89598,0,0.0,1088,3533,86065,0.01001883016720063
100,89698,0,0.0,1089,3533,86165,0.010018642803906453
100,89798,0,0.0,1090,3533,86265,0.010018457304908203
100,89898,0,0.0,1091,3535,86363,0.010018273651655822
100,89998,0,0.0,1092,3535,86463,0.010018091825783837
100,90098,0,0.0,1093,3535,86563,0.010017911809109508
100,90198,0,0.0,1094,3537,86661,0.010017733583631014
100,90298,0,0.0,1095,3537,86761,0.010017557131525663
100,90398,0,0.0,1096,3539,86859,0.010017382435148095
100,90498,0,0.0,1097,3541,86957,0.010017209477028527
100,90598,0,0.0,1098,3541,87057,0.010017038239871004
100,90698,0,0.0,1099,3541,87157,0.010016868706551666
100,90798,0,0.0,1100,3542,87256,0.01001670086011704
100,90898,0,0.0,1101,3543,87355,0.010016534683782344
100,90998,0,0.0,1102,3544,87454,0.010016370160929804
100,91098,0,0.0,1103,3545,87553,0.010016207275107
100,91198,0,0.0,1104,3545,87653,0.010016046010025212
100,91298,0,0.0,1105,3545,87753,0.0100158863495578
100,91398,0,0.0,1106,3546,87852,0.01001572827773858
100,91498,0,0.0,1107,3546,87952,0.010015571778760241
100,91598,0,0.0,1108,3547,88051,0.010015416836972756
100,91698,0,0.0,1109,3550,88148,0.010015263436881815
100,91798,0,0.0,1110,3550,88248,0.010015111563147282
100,91898,0,0.0,1111,3550,88348,0.010014961200581656
100,91998,0,0.0,1112,3550,88448,0.010014812334148557
100,92098,0,0.0,1113,3550,88548,0.010014664948961216
100,92198,0,0.0,1114,3551,88647,0.010014519030280992
100,92298,0,0.0,1115,3551,88747,0.010014374563515895
100,92398,0,0.0,1116,3551,88847,0.01001423153421913
100,92498,0,0.0,1117,3553,88945,0.010014089928087644
100,92598,0,0.0,1118,3555,89043,0.01001394973096071
100,92698,0,0.0,1119,3555,89143,0.010013810928818496
100,92798,0,0.0,1120,3556,89242,0.010013673507780674
100,92898,0,0.0,1121,3556,89342,0.010013537454105024
100,92998,0,0.0,1122,3556,89442,0.010013402754186067
100,93098,0,0.0,1123,3556,89542,0.010013269394553695
100,93198,0,0.0,1124,3556,89642,0.010013137361871838
100,93298,0,0.0,1125,3558,89740,0.010013006642937116
100,93398,0,0.0,1126,3560,89838,0.010012877224677526
100,93498,0,0.0,1127,3562,89936,0.010012749094151136
100,93598,0,0.0,1128,3562,90036,0.010012622238544785
100,93698,0,0.0,1129,3562,90136,0.010012496645172807
100,93798,0,0.0,1130,3562,90236,0.01001237230147576
100,93898,0,0.0,1131,3563,90335,0.01001224919501917
100,93998,0,0.0,1132,3563,90435,0.01001212731349229
100,94098,0,0.0,1133,3563,90535,0.010012006644706866
100,94198,0,0.0,1134,3564,90634,0.010011887176595919
100,94298,0,0.0,1135,3566,90732,0.010011768897212536
100,94398,0,0.0,1136,3568,90830,0.010011651794728682
100,94498,0,0.0,1137,3569,90929,0.010011535857434011
100,94598,0,0.0,1138,3570,91028,0.010011421073734697
100,94698,0,0.0,1139,3571,91127,0.010011307432152275
100,94798,0,0.0,1140,3571,91227,0.01001119492132249
100,94898,0,0.0,1141,3571,91327,0.010011083529994165
100,94998,0,0.0,1142,3573,91425,0.010010973247028078
100,95098,0,0.0,1143,3575,91523,0.010010864061395836
100,95198,0,0.0,1144,3575,91623,0.01001075596217879
100,95298,0,0.0,1145,3576,91722,0.010010648938566923
100,95398,0,0.0,1146,3576,91822,0.010010542979857786
100,95498,0,0.0,1147,3578,91920,0.010010438075455421
100,95598,0,0.0,1148,3580,92018,0.010010334214869302
100,95698,0,0.0,1149,3581,92117,0.010010231387713281
100,95798,0,0.0,1150,3581,92217,0.010010129583704556
100,95898,0,0.0,1151,3582,92316,0.010010028792662645
100,95998,0,0.0,1152,3583,92415,0.010009929004508356
100,96098,0,0.0,1153,3584,92514,0.010009830209262792
100,96198,0,0.0,1154,3585,92613,0.010009732397046348
100,96298,0,0.0,1155,3585,92713,0.010009635558077717
100,96398,0,0.0,1156,3586,92812,0.010009539682672925
100,96498,0,0.0,1157,3587,92911,0.010009444761244348
100,96598,0,0.0,1158,3587,93011,0.010009350784299768
100,96698,0,0.0,1159,3588,93110,0.01000925774244141
100,96798,0,0.0,1160,3590,93208,0.01000916562636501
100,96898,0,0.0,1161,3591,93307,0.010009074426858885
100,96998,0,0.0,1162,3591,93407,0.010008984134803008
100,97098,0,0.0,1163,3591,93507,0.010008894741168098
100,97198,0,0.0,1164,3591,93607,0.010008806237014717
100,97298,0,0.0,1165,3593,93705,0.010008718613492376
100,97398,0,0.0,1166,3595,93803,0.010008631861838651
100,97498,0,0.0,1167,3595,93903,0.010008545973378302
100,97598,0,0.0,1168,3597,94001,0.010008460939522413
100,97698,0,0.0,1169,3598,94100,0.010008376751767528
100,97798,0,0.0,1170,3599,94199,0.010008293401694799
100,97898,0,0.0,1171,3600,94298,0.01000821088096915
100,97998,0,0.0,1172,3600,94398,0.010008129181338442
100,98098,0,0.0,1173,3600,94498,0.01000804829463264
100,98198,0,0.0,1174,3601,94597,0.01000796821276301
100,98298,0,0.0,1175,3602,94696,0.010007888927721297
100,98398,0,0.0,1176,3603,94795,0.010007810431578928
100,98498,0,0.0,1177,3603,94895,0.010007732716486228
41,98539,0,0.0,1178,3605,94934,0.01000765577467162
100,98639,0,0.0,1179,3605,95034,0.010007579598440857
100,98739,0,0.0,1180,3605,95134,0.010007504180176256
100,98839,0,0.0,1181,3607,95232,0.010007429512335927
100,98939,0,0.0,1182,3607,95332,0.010007355587453021
100,99039,0,0.0,1183,3608,95431,0.010007282398134991
100,99139,0,0.0,1184,3609,95530,0.010007209937062844
100,99239,0,0.0,1185,3610,95629,0.01000713819699041
100,99339,0,0.0,1186,3611,95728,0.010007067170743624
100,99439,0,0.0,1187,3611,95828,0.010006996851219802
100,99539,0,0.0,1188,3612,95927,0.010006927231386933
100,99639,0,0.0,1189,3613,96026,0.010006858304282974
100,99739,0,0.0,1190,3614,96125,0.01000679006301516
100,99839,0,0.0,1191,3614,96225,0.010006722500759306
100,99939,0,0.0,1192,3615,96324,0.010006655610759129
