iteration,successes,successes_episode,reward_episode,episode_count,random_act,timestep,epsilon
4,4,0,0.0,1,4,0,1.0
5,9,0,0.0,2,9,0,0.9901493354116764
4,13,0,0.0,3,13,0,0.9803966865736877
3,16,0,0.0,4,16,0,0.970741078213023
12,28,0,0.0,5,28,0,0.9611815447608
2,30,0,0.0,6,30,0,0.9517171302557069
7,37,0,0.0,7,36,1,0.9423468882484062
9,46,0,0.0,8,45,1,0.9330698817068888
5,51,0,0.0,9,50,1,0.9238851829227694
4,55,0,0.0,10,54,1,0.9147918734185159
3,58,0,0.0,11,57,1,0.9057890438555999
3,61,0,0.0,12,60,1,0.896875793943563
5,66,0,0.0,13,65,1,0.888051232349986
6,72,0,0.0,14,71,1,0.8793144766113556
4,76,0,0.0,15,75,1,0.8706646530448178
28,104,0,0.0,16,100,4,0.8621008966608072
6,110,0,0.0,17,106,4,0.8536223510765493
2,112,0,0.0,18,108,4,0.8452281684304199
9,121,0,0.0,19,117,4,0.8369175092971592
22,143,0,0.0,20,138,5,0.8286895426039287
5,148,0,0.0,21,143,5,0.820543445547202
4,152,0,0.0,22,146,6,0.8124784035104852
7,159,0,0.0,23,151,8,0.8044936099828537
27,186,0,0.0,24,172,14,0.7965882664783007
5,191,0,0.0,25,176,15,0.7887615824558879
8,199,0,0.0,26,183,16,0.7810127752406908
7,206,0,0.0,27,190,16,0.7733410699455306
10,216,0,0.0,28,197,19,0.7657456993934846
2,218,0,0.0,29,199,19,0.7582259040411682
7,225,0,0.0,30,205,20,0.7507809319027796
15,240,0,0.0,31,215,25,0.7434100384749007
12,252,0,0.0,32,224,28,0.7361124866620463
6,258,0,0.0,33,230,28,0.7288875467029541
8,266,0,0.0,34,236,30,0.7217344960976069
8,274,0,0.0,35,243,31,0.7146526195349836
9,283,0,0.0,36,250,33,0.7076412088215263
10,293,0,0.0,37,258,35,0.7006995628103208
12,305,0,0.0,38,267,38,0.6938269873309811
13,318,0,0.0,39,275,43,0.6870227951202322
9,327,0,0.0,40,280,47,0.680286305753183
2,329,0,0.0,41,282,47,0.6736168455752829
5,334,0,0.0,42,286,48,0.6670137476349562
2,336,0,0.0,43,288,48,0.6604763516169062
2,338,0,0.0,44,289,49,0.6540040037760834
8,346,0,0.0,45,294,52,0.64759605687231
18,364,0,0.0,46,305,59,0.6412518701055556
13,377,0,0.0,47,315,62,0.6349708090518567
9,386,0,0.0,48,322,64,0.6287522455998737
10,396,0,0.0,49,326,70,0.6225955578880794
13,409,0,0.0,50,334,75,0.616500130242572
2,411,0,0.0,51,336,75,0.6104653531155071
13,424,0,0.0,52,344,80,0.6044906230241432
12,436,0,0.0,53,351,85,0.5985753424904925
16,452,0,0.0,54,361,91,0.5927189199815717
10,462,0,0.0,55,364,98,0.5869207698502498
14,476,0,0.0,56,369,107,0.5811803122766818
5,481,0,0.0,57,372,109,0.5754969732103268
14,495,0,0.0,58,379,116,0.5698701843125418
2,497,0,0.0,59,380,117,0.564299382899748
11,508,0,0.0,60,384,124,0.558784011887162
6,514,0,0.0,61,388,126,0.5533235197330862
13,527,0,0.0,62,394,133,0.5479173603837548
6,533,0,0.0,63,398,135,0.5425649932187278
6,539,0,0.0,64,402,137,0.5372658829968282
16,555,0,0.0,65,408,147,0.5320194998026181
17,572,0,0.0,66,417,155,0.5268253189934059
10,582,0,0.0,67,421,161,0.5216828211467822
16,598,0,0.0,68,431,167,0.516591492008677
14,612,0,0.0,69,438,174,0.5115508224419336
6,618,0,0.0,70,440,178,0.5065603083753949
10,628,0,0.0,71,445,183,0.5016194507534953
6,634,0,0.0,72,448,186,0.49672775548635545
15,649,0,0.0,73,458,191,0.491884733400372
14,663,0,0.0,74,462,201,0.48708990018930043
13,676,0,0.0,75,464,212,0.48234277636582407
11,687,0,0.0,76,472,215,0.47764288721360454
27,714,0,0.0,77,485,229,0.47298976273981014
14,728,0,0.0,78,489,239,0.4683829376281158
10,738,0,0.0,79,492,246,0.4638219511921713
10,748,0,0.0,80,496,252,0.4593063473295323
14,762,0,0.0,81,500,262,0.45483567447604933
9,771,0,0.0,82,505,266,0.4504094855607117
18,789,0,0.0,83,513,276,0.44602733796093924
8,797,0,0.0,84,517,280,0.4416887934583202
13,810,0,0.0,85,521,289,0.43739341819478894
6,816,0,0.0,86,524,292,0.43314078262923944
10,826,0,0.0,87,527,299,0.4289304614945713
13,839,0,0.0,88,531,308,0.42476203375516264
7,846,0,0.0,89,535,311,0.42063508256476556
5,851,0,0.0,90,537,314,0.41654919522482203
8,859,0,0.0,91,539,320,0.4125039631431931
2,861,0,0.0,92,541,320,0.40849898179329963
2,863,0,0.0,93,542,321,0.404533850673669
2,865,0,0.0,94,543,322,0.40060817326788506
14,879,0,0.0,95,549,330,0.3967215570049359
14,893,0,0.0,96,555,338,0.3928736132199562
13,906,0,0.0,97,558,348,0.38906395711536096
5,911,0,0.0,98,561,350,0.38529220772236483
10,921,0,0.0,99,563,358,0.3815579878628856
13,934,0,0.0,100,567,367,0.37786092411182526
8,942,0,0.0,101,568,374,0.3742006467597279
16,958,0,0.0,102,572,386,0.3705767897758081
14,972,0,0.0,103,574,398,0.3669889907713475
14,986,0,0.0,104,577,409,0.36343689096345594
3,989,0,0.0,105,578,411,0.35992013513919235
13,1002,0,0.0,106,580,422,0.35643837162004377
14,1016,0,0.0,107,583,433,0.3529912522267568
10,1026,0,0.0,108,590,436,0.34957843224451957
14,1040,0,0.0,109,598,442,0.34619957038848975
2,1042,0,0.0,110,600,442,0.34285432876966604
14,1056,0,0.0,111,605,451,0.3395423728610988
2,1058,0,0.0,112,606,452,0.3362633714644372
8,1066,0,0.0,113,608,458,0.33301699667680906
10,1076,0,0.0,114,609,467,0.3298029238580304
8,1084,0,0.0,115,612,472,0.3266208315981408
8,1092,0,0.0,116,617,475,0.32347040168526264
3,1095,0,0.0,117,618,477,0.3203513190737793
13,1108,0,0.0,118,623,485,0.3172632718528302
7,1115,0,0.0,119,625,490,0.31420595121511996
14,1129,0,0.0,120,628,501,0.311179051426037
13,1142,0,0.0,121,630,512,0.3081822697930801
9,1151,0,0.0,122,632,519,0.3052153066355885
6,1157,0,0.0,123,635,522,0.30227786525477407
14,1171,0,0.0,124,637,534,0.29936965190405085
4,1175,0,0.0,125,640,535,0.29649037575966014
3,1178,0,0.0,126,642,536,0.29363974889158817
4,1182,0,0.0,127,644,538,0.2908174862347727
18,1200,0,0.0,128,651,549,0.28802330556059597
14,1214,0,0.0,129,658,556,0.2852569274486622
13,1227,0,0.0,130,661,566,0.2825180752588548
10,1237,0,0.0,131,663,574,0.27980647510367246
9,1246,0,0.0,132,668,578,0.2771218558208399
2,1248,0,0.0,133,669,579,0.27446394894619186
10,1258,0,0.0,134,672,586,0.27183248868682575
6,1264,0,0.0,135,675,589,0.26922721189452276
7,1271,0,0.0,136,680,591,0.2666478580394326
8,1279,0,0.0,137,682,597,0.26409416918402034
12,1291,0,0.0,138,688,603,0.26156588995727226
7,1298,0,0.0,139,690,608,0.2590627675291589
3,1301,0,0.0,140,691,610,0.2565845515853515
9,1310,0,0.0,141,693,617,0.2541309943021904
10,1320,0,0.0,142,694,626,0.25170185032190273
10,1330,0,0.0,143,697,633,0.24929687672806608
10,1340,0,0.0,144,699,641,0.246915833021317
13,1353,0,0.0,145,699,654,0.24455848109530054
13,1366,0,0.0,146,702,664,0.2422245852128597
13,1379,0,0.0,147,702,677,0.23991391198246126
13,1392,0,0.0,148,705,687,0.2376262303348566
16,1408,0,0.0,149,712,696,0.2353613114999746
8,1416,0,0.0,150,714,702,0.23311892898404435
6,1422,0,0.0,151,716,706,0.23089885854694553
14,1436,0,0.0,152,720,716,0.22870087817978443
13,1449,0,0.0,153,720,729,0.22652476808269262
6,1455,0,0.0,154,721,734,0.22437031064284702
6,1461,0,0.0,155,722,739,0.22223729041270818
10,1471,0,0.0,156,724,747,0.22012549408847562
10,1481,0,0.0,157,726,755,0.21803471048875708
14,1495,0,0.0,158,730,765,0.21596473053345028
13,1508,0,0.0,159,731,777,0.21391534722283462
8,1516,0,0.0,160,734,782,0.2118863556168713
14,1530,0,0.0,161,737,793,0.20987755281470882
14,1544,0,0.0,162,739,805,0.20788873793439305
14,1558,0,0.0,163,740,818,0.2059197120927785
13,1571,0,0.0,164,742,829,0.20397027838564025
6,1577,0,0.0,165,744,833,0.20204024186798297
8,1585,0,0.0,166,747,838,0.20012940953454655
13,1598,0,0.0,167,749,849,0.1982375903005053
14,1612,0,0.0,168,757,855,0.19636459498235934
9,1621,0,0.0,169,759,862,0.19451023627901587
11,1632,0,0.0,170,761,871,0.19267432875305937
10,1642,0,0.0,171,766,876,0.19085668881220733
13,1655,0,0.0,172,767,888,0.1890571346909509
13,1668,0,0.0,173,768,900,0.1872754864323783
10,1678,0,0.0,174,771,907,0.18551156587017906
14,1692,0,0.0,175,772,920,0.1837651966108269
13,1705,0,0.0,176,774,931,0.1820362040159407
3,1708,0,0.0,177,775,933,0.18032441518482004
12,1720,0,0.0,178,777,943,0.17862965893715535
16,1736,0,0.0,179,779,957,0.17695176579590954
13,1749,0,0.0,180,779,970,0.1752905679703703
13,1762,0,0.0,181,779,983,0.17364589933937066
8,1770,0,0.0,182,781,989,0.172017595434677
13,1783,0,0.0,183,783,1000,0.17040549342454195
10,1793,0,0.0,184,785,1008,0.16880943209742102
7,1800,0,0.0,185,787,1013,0.16722925184585147
16,1816,0,0.0,186,789,1027,0.16566479465049133
16,1832,0,0.0,187,792,1040,0.16411590406431734
10,1842,0,0.0,188,794,1048,0.1625824251969801
9,1851,0,0.0,189,796,1055,0.16106420469931504
9,1860,0,0.0,190,798,1062,0.15956109074800714
10,1870,0,0.0,191,801,1069,0.1580729330304087
5,1875,0,0.0,192,803,1072,0.15659958272950783
8,1883,0,0.0,193,804,1079,0.15514089250904667
6,1889,0,0.0,194,806,1083,0.1536967164987875
10,1899,0,0.0,195,807,1092,0.1522669102799259
7,1906,0,0.0,196,808,1098,0.15085133087064845
10,1916,0,0.0,197,809,1107,0.14944983671183457
8,1924,0,0.0,198,810,1114,0.14806228765290044
15,1939,0,0.0,199,811,1128,0.1466885449377839
13,1952,0,0.0,200,811,1141,0.14532847119106862
7,1959,0,0.0,201,813,1146,0.1439819304042466
10,1969,0,0.0,202,815,1154,0.14264878792211688
13,1982,0,0.0,203,816,1166,0.1413289104293205
8,1990,0,0.0,204,819,1171,0.14002216593700811
12,2002,0,0.0,205,821,1181,0.13872842376964165
13,2015,0,0.0,206,823,1192,0.1374475545519262
14,2029,0,0.0,207,824,1205,0.13617943019587256
13,2042,0,0.0,208,826,1216,0.13492392388798838
13,2055,0,0.0,209,826,1229,0.13368091007659658
10,2065,0,0.0,210,829,1236,0.1324502644592803
14,2079,0,0.0,211,831,1248,0.13123186397045208
14,2093,0,0.0,212,834,1259,0.13002558676904785
20,2113,0,0.0,213,838,1275,0.12883131222634217
10,2123,0,0.0,214,840,1283,0.12764892091388555
3,2126,0,0.0,215,841,1285,0.1264782945915614
13,2139,0,0.0,216,842,1297,0.125319316195762
9,2148,0,0.0,217,845,1303,0.12417186982768189
13,2161,0,0.0,218,845,1316,0.12303584074172813
13,2174,0,0.0,219,845,1329,0.12191111533404535
13,2187,0,0.0,220,845,1342,0.12079758113115559
13,2200,0,0.0,221,846,1354,0.11969512677871053
8,2208,0,0.0,222,847,1361,0.11860364203035628
13,2221,0,0.0,223,848,1373,0.11752301773670837
15,2236,0,0.0,224,850,1386,0.116453145834437
13,2249,0,0.0,225,854,1395,0.11539391933546027
10,2259,0,0.0,226,855,1404,0.11434523231624569
13,2272,0,0.0,227,855,1417,0.11330697990721733
13,2285,0,0.0,228,858,1427,0.1122790582822692
6,2291,0,0.0,229,859,1432,0.11126136464838206
10,2301,0,0.0,230,860,1441,0.11025379723534455
17,2318,0,0.0,231,863,1455,0.10925625528557566
13,2331,0,0.0,232,863,1468,0.1082686390440492
2,2333,0,0.0,233,864,1469,0.10729084974831793
13,2346,0,0.0,234,864,1482,0.10632278961863742
11,2357,0,0.0,235,868,1489,0.10536436184818809
6,2363,0,0.0,236,870,1493,0.10441547059339411
13,2376,0,0.0,237,870,1506,0.10347602096433932
13,2389,0,0.0,238,870,1519,0.10254591901527788
13,2402,0,0.0,239,870,1532,0.10162507173523985
8,2410,0,0.0,240,871,1539,0.10071338703872978
13,2423,0,0.0,241,872,1551,0.09981077375651838
14,2437,0,0.0,242,873,1564,0.09891714162652515
8,2445,0,0.0,243,875,1570,0.09803240128479247
12,2457,0,0.0,244,878,1579,0.09715646425654882
8,2465,0,0.0,245,879,1586,0.09628924294736148
13,2478,0,0.0,246,879,1599,0.09543065063437678
13,2491,0,0.0,247,879,1612,0.09458060145764802
14,2505,0,0.0,248,880,1625,0.09373901041154904
10,2515,0,0.0,249,883,1632,0.092905793336274
10,2525,0,0.0,250,884,1641,0.09208086690942092
13,2538,0,0.0,251,884,1654,0.0912641486376598
14,2552,0,0.0,252,885,1667,0.09045555684848275
13,2565,0,0.0,253,887,1678,0.08965501068203711
13,2578,0,0.0,254,888,1690,0.08886243008303903
13,2591,0,0.0,255,888,1703,0.08807773579276819
13,2604,0,0.0,256,889,1715,0.08730084934114159
13,2617,0,0.0,257,890,1727,0.08653169303886674
13,2630,0,0.0,258,890,1740,0.0857701899696724
10,2640,0,0.0,259,892,1748,0.08501626398261702
17,2657,0,0.0,260,896,1761,0.0842698396844737
13,2670,0,0.0,261,897,1773,0.08353084243219053
6,2676,0,0.0,262,898,1778,0.08279919832542652
13,2689,0,0.0,263,899,1790,0.08207483419916123
13,2702,0,0.0,264,900,1802,0.08135767761637844
10,2712,0,0.0,265,902,1810,0.08064765686082219
14,2726,0,0.0,266,903,1823,0.0799447009298253
16,2742,0,0.0,267,905,1837,0.0792487395272088
13,2755,0,0.0,268,905,1850,0.07855970305625253
13,2768,0,0.0,269,905,1863,0.07787752261273513
6,2774,0,0.0,270,907,1867,0.07720212997804382
7,2781,0,0.0,271,908,1873,0.07653345761235225
13,2794,0,0.0,272,909,1885,0.07587143864786668
14,2808,0,0.0,273,911,1897,0.07521600688213892
13,2821,0,0.0,274,912,1909,0.07456709677144624
14,2835,0,0.0,275,913,1922,0.07392464342423678
13,2848,0,0.0,276,913,1935,0.0732885825946405
13,2861,0,0.0,277,913,1948,0.07265885067604429
10,2871,0,0.0,278,914,1957,0.07203538469473161
2,2873,0,0.0,279,915,1958,0.0714181223035847
13,2886,0,0.0,280,916,1970,0.07080700177585013
13,2899,0,0.0,281,916,1983,0.07020196199896576
10,2909,0,0.0,282,917,1992,0.06960294246844981
17,2926,0,0.0,283,921,2005,0.06900988328184997
13,2939,0,0.0,284,923,2016,0.06842272513275337
13,2952,0,0.0,285,924,2028,0.06784140930485581
13,2965,0,0.0,286,925,2040,0.06726587766609007
13,2978,0,0.0,287,925,2053,0.06669607266281269
9,2987,0,0.0,288,926,2061,0.06613193731404843
13,3000,0,0.0,289,926,2074,0.06557341520579238
13,3013,0,0.0,290,926,2087,0.06502045048536823
13,3026,0,0.0,291,926,2100,0.06447298785584316
13,3039,0,0.0,292,926,2113,0.06393097257049796
13,3052,0,0.0,293,926,2126,0.06339435042735246
13,3065,0,0.0,294,926,2139,0.06286306776374512
7,3072,0,0.0,295,928,2144,0.06233707145096687
10,3082,0,0.0,296,929,2153,0.06181630888894806
13,3095,0,0.0,297,931,2164,0.061300728000998575
13,3108,0,0.0,298,931,2177,0.06079027722859992
13,3121,0,0.0,299,931,2190,0.060284905526249516
13,3134,0,0.0,300,931,2203,0.05978456235635595
13,3147,0,0.0,301,931,2216,0.05928919768418531
13,3160,0,0.0,302,932,2228,0.05879876197285753
9,3169,0,0.0,303,933,2236,0.058313206178392835
13,3182,0,0.0,304,934,2248,0.05783248174480709
13,3195,0,0.0,305,935,2260,0.057356540599256385
13,3208,0,0.0,306,935,2273,0.0568853351472295
15,3223,0,0.0,307,936,2287,0.0564188182677886
13,3236,0,0.0,308,936,2300,0.05595694330885694
13,3249,0,0.0,309,936,2313,0.05549966408255377
13,3262,0,0.0,310,936,2326,0.05504693486057535
13,3275,0,0.0,311,937,2338,0.05459871036962222
13,3288,0,0.0,312,938,2350,0.05415494578687179
13,3301,0,0.0,313,938,2363,0.05371559673549593
10,3311,0,0.0,314,940,2371,0.053280619280223436
13,3324,0,0.0,315,941,2383,0.05284996992294624
10,3334,0,0.0,316,942,2392,0.05242360559836979
13,3347,0,0.0,317,942,2405,0.05200148366970627
13,3360,0,0.0,318,942,2418,0.051583561924411096
13,3373,0,0.0,319,942,2431,0.05116979856996143
13,3386,0,0.0,320,942,2444,0.050760152229677065
16,3402,0,0.0,321,944,2458,0.05035458193858255
13,3415,0,0.0,322,944,2471,0.049953047139310834
10,3425,0,0.0,323,945,2480,0.04955550767804736
13,3438,0,0.0,324,945,2493,0.04916192380051474
13,3451,0,0.0,325,945,2506,0.0487722561479972
14,3465,0,0.0,326,946,2519,0.04838646575340479
13,3478,0,0.0,327,946,2532,0.04800451403737654
13,3491,0,0.0,328,946,2545,0.04762636280442257
10,3501,0,0.0,329,948,2553,0.04725197423910444
13,3514,0,0.0,330,948,2566,0.04688131090225365
13,3527,0,0.0,331,948,2579,0.046514335727227595
13,3540,0,0.0,332,949,2591,0.046151012016203
13,3553,0,0.0,333,949,2604,0.04579130343650595
13,3566,0,0.0,334,949,2617,0.04543517401697875
13,3579,0,0.0,335,949,2630,0.04508258814438266
13,3592,0,0.0,336,949,2643,0.04473351055983658
14,3606,0,0.0,337,950,2656,0.044387906355291176
13,3619,0,0.0,338,950,2669,0.04404574097003798
14,3633,0,0.0,339,952,2681,0.04370698018725335
13,3646,0,0.0,340,952,2694,0.043371590130576676
14,3660,0,0.0,341,953,2707,0.04303953726072282
13,3673,0,0.0,342,953,2720,0.042710788372128064
13,3686,0,0.0,343,953,2733,0.042385310589629625
13,3699,0,0.0,344,954,2745,0.04206307136517797
6,3705,0,0.0,345,955,2750,0.04174403847458216
13,3718,0,0.0,346,955,2763,0.04142818001428726
7,3725,0,0.0,347,956,2769,0.04111546439818403
3,3728,0,0.0,348,957,2771,0.04080586035445025
13,3741,0,0.0,349,957,2784,0.040499336922423565
13,3754,0,0.0,350,957,2797,0.040195863449505306
14,3768,0,0.0,351,958,2810,0.039895409588095315
6,3774,0,0.0,352,959,2815,0.039597945292557044
13,3787,0,0.0,353,959,2828,0.03930344081621308
13,3800,0,0.0,354,959,2841,0.03901186670837034
13,3813,0,0.0,355,959,2854,0.03872319381137508
6,3819,0,0.0,356,960,2859,0.03843739325769703
13,3832,0,0.0,357,960,2872,0.03815443646704266
13,3845,0,0.0,358,960,2885,0.03787429514349709
13,3858,0,0.0,359,960,2898,0.03759694127269454
10,3868,0,0.0,360,961,2907,0.037322347119016795
13,3881,0,0.0,361,962,2919,0.03705048522281963
13,3894,0,0.0,362,962,2932,0.03678132839768691
9,3903,0,0.0,363,963,2940,0.036514849727711796
10,3913,0,0.0,364,964,2949,0.03625102256480524
14,3927,0,0.0,365,966,2961,0.03598982052603108
7,3934,0,0.0,366,967,2967,0.0357312174909678
6,3940,0,0.0,367,968,2972,0.03547518759909634
13,3953,0,0.0,368,969,2984,0.035221705247214206
13,3966,0,0.0,369,969,2997,0.03497074508687494
13,3979,0,0.0,370,970,3009,0.034722282021853394
13,3992,0,0.0,371,971,3021,0.034476291205635994
13,4005,0,0.0,372,971,3034,0.034232748038936146
13,4018,0,0.0,373,971,3047,0.0339916281672342
14,4032,0,0.0,374,972,3060,0.03375290747834208
13,4045,0,0.0,375,972,3073,0.033516562099991945
13,4058,0,0.0,376,972,3086,0.03328256839744902
10,4068,0,0.0,377,973,3095,0.03305090297114803
13,4081,0,0.0,378,973,3108,0.03282154265435332
13,4094,0,0.0,379,973,3121,0.03259446451084204
13,4107,0,0.0,380,973,3134,0.03236964583261064
13,4120,0,0.0,381,973,3147,0.03214706413760394
9,4129,0,0.0,382,974,3155,0.03192669716746694
3,4132,0,0.0,383,975,3157,0.031708522885318995
13,4145,0,0.0,384,975,3170,0.031492519473550085
13,4158,0,0.0,385,975,3183,0.031278665331639026
13,4171,0,0.0,386,975,3196,0.031066939073993396
3,4174,0,0.0,387,976,3198,0.030857319527811018
13,4187,0,0.0,388,976,3211,0.030649785730962574
13,4200,0,0.0,389,976,3224,0.030444316929895437
13,4213,0,0.0,390,976,3237,0.030240892577558277
13,4226,0,0.0,391,976,3250,0.030039492331346347
13,4239,0,0.0,392,976,3263,0.029840096051067175
13,4252,0,0.0,393,976,3276,0.029642683796926583
13,4265,0,0.0,394,976,3289,0.02944723582753464
13,4278,0,0.0,395,976,3302,0.029253732597931535
13,4291,0,0.0,396,977,3314,0.029062154757633053
13,4304,0,0.0,397,977,3327,0.02887248314869552
13,4317,0,0.0,398,977,3340,0.028684698803799973
13,4330,0,0.0,399,977,3353,0.02849878294435545
13,4343,0,0.0,400,977,3366,0.02831471697862105
15,4358,0,0.0,401,978,3380,0.028132482499846838
13,4371,0,0.0,402,978,3393,0.027952061284433068
13,4384,0,0.0,403,978,3406,0.02777343529010782
13,4397,0,0.0,404,978,3419,0.027596586654122846
13,4410,0,0.0,405,978,3432,0.027421497691467157
13,4423,0,0.0,406,978,3445,0.02724815089309858
13,4436,0,0.0,407,978,3458,0.0270765289241928
13,4449,0,0.0,408,978,3471,0.026906614622409945
6,4455,0,0.0,409,979,3476,0.026738390996178224
13,4468,0,0.0,410,979,3489,0.026571841222994823
7,4475,0,0.0,411,980,3495,0.026406948647743643
13,4488,0,0.0,412,980,3508,0.026243696781029717
13,4501,0,0.0,413,981,3520,0.026082069297530375
13,4514,0,0.0,414,981,3533,0.02592205003436255
13,4527,0,0.0,415,981,3546,0.025763622989466578
13,4540,0,0.0,416,981,3559,0.025606772320005942
13,4553,0,0.0,417,981,3572,0.025451482340783003
13,4566,0,0.0,418,982,3584,0.02529773752267042
16,4582,0,0.0,419,983,3599,0.025145522491058264
13,4595,0,0.0,420,983,3612,0.02499482202431651
2,4597,0,0.0,421,984,3613,0.024845621052272927
13,4610,0,0.0,422,984,3626,0.024697904654705963
13,4623,0,0.0,423,984,3639,0.024551658059852766
13,4636,0,0.0,424,985,3651,0.024406866642931964
13,4649,0,0.0,425,985,3664,0.024263515924681227
13,4662,0,0.0,426,985,3677,0.024121591569909263
15,4677,0,0.0,427,987,3690,0.023981079386062323
13,4690,0,0.0,428,987,3703,0.023841965321804916
13,4703,0,0.0,429,987,3716,0.023704235465614704
13,4716,0,0.0,430,987,3729,0.023567876044391298
10,4726,0,0.0,431,988,3738,0.023432873422078924
13,4739,0,0.0,432,988,3751,0.02329921409830285
13,4752,0,0.0,433,988,3764,0.02316688470701933
13,4765,0,0.0,434,988,3777,0.023035872015178954
10,4775,0,0.0,435,989,3786,0.022906162921403357
13,4788,0,0.0,436,989,3799,0.022777744454675064
13,4801,0,0.0,437,989,3812,0.0226506037730404
13,4814,0,0.0,438,989,3825,0.02252472816232525
13,4827,0,0.0,439,989,3838,0.022400105034863643
16,4843,0,0.0,440,990,3853,0.02227672192823897
13,4856,0,0.0,441,990,3866,0.02215456650403775
13,4869,0,0.0,442,990,3879,0.022033626546615788
14,4883,0,0.0,443,991,3892,0.021913889961876536
13,4896,0,0.0,444,991,3905,0.02179534477606175
13,4909,0,0.0,445,991,3918,0.02167797913455405
13,4922,0,0.0,446,991,3931,0.021561781300691488
13,4935,0,0.0,447,991,3944,0.02144673965459385
13,4948,0,0.0,448,991,3957,0.021332842692000656
13,4961,0,0.0,449,991,3970,0.021220079023120713
13,4974,0,0.0,450,991,3983,0.02110843737149319
13,4987,0,0.0,451,991,3996,0.02099790657285988
13,5000,0,0.0,452,991,4009,0.020888475574048812
13,5013,0,0.0,453,991,4022,0.020780133431868894
13,5026,0,0.0,454,991,4035,0.020672869312015653
13,5039,0,0.0,455,991,4048,0.020566672487987697
13,5052,0,0.0,456,993,4059,0.02046153234001413
13,5065,0,0.0,457,993,4072,0.02035743835399253
13,5078,0,0.0,458,993,4085,0.020254380120437558
13,5091,0,0.0,459,993,4098,0.02015234733343998
13,5104,0,0.0,460,993,4111,0.020051329789636065
13,5117,0,0.0,461,993,4124,0.01995131738718724
13,5130,0,0.0,462,993,4137,0.019852300124769934
13,5143,0,0.0,463,993,4150,0.019754268100575387
13,5156,0,0.0,464,993,4163,0.019657211511319474
13,5169,0,0.0,465,993,4176,0.0195611206512624
13,5182,0,0.0,466,993,4189,0.01946598591123807
13,5195,0,0.0,467,993,4202,0.01937179777769322
13,5208,0,0.0,468,993,4215,0.019278546831735997
16,5224,0,0.0,469,994,4230,0.019186223748194096
13,5237,0,0.0,470,994,4243,0.01909481929468222
13,5250,0,0.0,471,994,4256,0.019004324330678855
13,5263,0,0.0,472,994,4269,0.018914729806612192
10,5273,0,0.0,473,995,4278,0.01882602676295516
13,5286,0,0.0,474,995,4291,0.018738206329329453
13,5299,0,0.0,475,995,4304,0.018651259723618557
13,5312,0,0.0,476,995,4317,0.01856517825108943
13,5325,0,0.0,477,995,4330,0.018479953303523082
13,5338,0,0.0,478,995,4343,0.018395576358353725
13,5351,0,0.0,479,995,4356,0.018312038977816556
13,5364,0,0.0,480,995,4369,0.018229332808103887
13,5377,0,0.0,481,995,4382,0.01814744957852983
12,5389,0,0.0,482,997,4392,0.01806638110070318
13,5402,0,0.0,483,997,4405,0.01798611926770862
10,5412,0,0.0,484,999,4413,0.017906656053295947
13,5425,0,0.0,485,999,4426,0.017827983511077505
13,5438,0,0.0,486,999,4439,0.01775009377373351
13,5451,0,0.0,487,1000,4451,0.017672979052225327
13,5464,0,0.0,488,1000,4464,0.017596631635016534
13,5477,0,0.0,489,1000,4477,0.01752104388730179
13,5490,0,0.0,490,1000,4490,0.017446208250243338
13,5503,0,0.0,491,1000,4503,0.017372117240215094
13,5516,0,0.0,492,1000,4516,0.01729876344805433
13,5529,0,0.0,493,1000,4529,0.0172261395383207
13,5542,0,0.0,494,1000,4542,0.017154238248562697
13,5555,0,0.0,495,1000,4555,0.017083052388591435
13,5568,0,0.0,496,1000,4568,0.017012574839761596
13,5581,0,0.0,497,1000,4581,0.01694279855425957
13,5594,0,0.0,498,1000,4594,0.016873716554398652
13,5607,0,0.0,499,1000,4607,0.016805321931921288
13,5620,0,0.0,500,1000,4620,0.01673760784730824
13,5633,0,0.0,501,1000,4633,0.016670567529094613
13,5646,0,0.0,502,1001,4645,0.01660419427319272
13,5659,0,0.0,503,1001,4658,0.016538481442221656
10,5669,0,0.0,504,1002,4667,0.016473422464843575
13,5682,0,0.0,505,1003,4679,0.01640901083510651
13,5695,0,0.0,506,1003,4692,0.01634524011179382
13,5708,0,0.0,507,1003,4705,0.016282103917780018
13,5721,0,0.0,508,1003,4718,0.01621959593939311
13,5734,0,0.0,509,1003,4731,0.016157709925783147
13,5747,0,0.0,510,1003,4744,0.016096439688297208
13,5760,0,0.0,511,1003,4757,0.016035779099860478
13,5773,0,0.0,512,1003,4770,0.01597572209436357
13,5786,0,0.0,513,1003,4783,0.015916262666055885
13,5799,0,0.0,514,1003,4796,0.015857394868945038
13,5812,0,0.0,515,1003,4809,0.015799112816202266
13,5825,0,0.0,516,1003,4822,0.01574141067957372
13,5838,0,0.0,517,1003,4835,0.01568428268879766
13,5851,0,0.0,518,1003,4848,0.0156277231310274
3,5854,0,0.0,519,1004,4850,0.015571726350260025
13,5867,0,0.0,520,1004,4863,0.015516286746770792
13,5880,0,0.0,521,1004,4876,0.015461398776553163
13,5893,0,0.0,522,1004,4889,0.015407056950764372
13,5906,0,0.0,523,1004,4902,0.01535325583517655
13,5919,0,0.0,524,1004,4915,0.015299990049633304
13,5932,0,0.0,525,1004,4928,0.015247254267511699
13,5945,0,0.0,526,1005,4940,0.015195043215189571
13,5958,0,0.0,527,1005,4953,0.015143351671518179
13,5971,0,0.0,528,1005,4966,0.015092174467300075
13,5984,0,0.0,529,1005,4979,0.015041506484772198
13,5997,0,0.0,530,1005,4992,0.01499134265709407
13,6010,0,0.0,531,1005,5005,0.014941677967841115
13,6023,0,0.0,532,1005,5018,0.01489250745050302
13,6036,0,0.0,533,1005,5031,0.014843826187987082
13,6049,0,0.0,534,1005,5044,0.014795629312126479
13,6062,0,0.0,535,1005,5057,0.014747912003193458
13,6075,0,0.0,536,1005,5070,0.014700669489417359
13,6088,0,0.0,537,1005,5083,0.014653897046507443
13,6101,0,0.0,538,1005,5096,0.01460758999718044
13,6114,0,0.0,539,1005,5109,0.014561743710692824
13,6127,0,0.0,540,1005,5122,0.014516353602377746
13,6140,0,0.0,541,1005,5135,0.01447141513318654
13,6153,0,0.0,542,1006,5147,0.014426923809234849
13,6166,0,0.0,543,1006,5160,0.014382875181353196
16,6182,0,0.0,544,1007,5175,0.01433926484464209
13,6195,0,0.0,545,1007,5188,0.014296088438031505
13,6208,0,0.0,546,1007,5201,0.014253341643844817
13,6221,0,0.0,547,1007,5214,0.014211020187366974
14,6235,0,0.0,548,1008,5227,0.014169119836417065
13,6248,0,0.0,549,1008,5240,0.01412763640092507
13,6261,0,0.0,550,1008,5253,0.014086565732512882
13,6274,0,0.0,551,1008,5266,0.014045903724079427
13,6287,0,0.0,552,1008,5279,0.014005646309389977
13,6300,0,0.0,553,1008,5292,0.013965789462669513
13,6313,0,0.0,554,1008,5305,0.013926329198200155
13,6326,0,0.0,555,1008,5318,0.013887261569922569
14,6340,0,0.0,556,1009,5331,0.01384858267104137
13,6353,0,0.0,557,1010,5343,0.013810288633634434
13,6366,0,0.0,558,1011,5355,0.013772375628266116
13,6379,0,0.0,559,1011,5368,0.013734839863604284
13,6392,0,0.0,560,1011,5381,0.013697677586041186
13,6405,0,0.0,561,1011,5394,0.0136608850793181
13,6418,0,0.0,562,1011,5407,0.013624458664153696
13,6431,0,0.0,563,1011,5420,0.013588394697876097
13,6444,0,0.0,564,1012,5432,0.013552689574058628
13,6457,0,0.0,565,1012,5445,0.013517339722159148
13,6470,0,0.0,566,1012,5458,0.013482341607163007
13,6483,0,0.0,567,1012,5471,0.013447691729229546
13,6496,0,0.0,568,1012,5484,0.013413386623342096
2,6498,0,0.0,569,1013,5485,0.013379422858961477
13,6511,0,0.0,570,1013,5498,0.013345797039682946
13,6524,0,0.0,571,1013,5511,0.01331250580289656
13,6537,0,0.0,572,1013,5524,0.013279545819450893
8,6545,0,0.0,573,1014,5531,0.013246913793320138
13,6558,0,0.0,574,1014,5544,0.01321460646127448
13,6571,0,0.0,575,1014,5557,0.013182620592553802
13,6584,0,0.0,576,1014,5570,0.01315095298854457
13,6597,0,0.0,577,1014,5583,0.013119600482459998
13,6610,0,0.0,578,1014,5596,0.013088559939023343
13,6623,0,0.0,579,1014,5609,0.013057828254154401
13,6636,0,0.0,580,1014,5622,0.013027402354659073
12,6648,0,0.0,581,1015,5633,0.012997279197922058
13,6661,0,0.0,582,1015,5646,0.012967455771602571
13,6674,0,0.0,583,1015,5659,0.012937929093333135
13,6687,0,0.0,584,1015,5672,0.012908696210421315
13,6700,0,0.0,585,1015,5685,0.012879754199554458
13,6713,0,0.0,586,1015,5698,0.012851100166507357
13,6726,0,0.0,587,1015,5711,0.012822731245852837
13,6739,0,0.0,588,1015,5724,0.012794644600675184
13,6752,0,0.0,589,1015,5737,0.012766837422286476
13,6765,0,0.0,590,1015,5750,0.012739306929945703
13,6778,0,0.0,591,1016,5762,0.012712050370580685
14,6792,0,0.0,592,1017,5775,0.012685065018512777
13,6805,0,0.0,593,1017,5788,0.012658348175184284
13,6818,0,0.0,594,1017,5801,0.012631897168888604
13,6831,0,0.0,595,1017,5814,0.012605709354503067
13,6844,0,0.0,596,1017,5827,0.012579782113224414
13,6857,0,0.0,597,1018,5839,0.012554112852306908
13,6870,0,0.0,598,1018,5852,0.012528699004803068
13,6883,0,0.0,599,1018,5865,0.012503538029306963
13,6896,0,0.0,600,1018,5878,0.012478627409700078
13,6909,0,0.0,601,1018,5891,0.012453964654899695
14,6923,0,0.0,602,1019,5904,0.012429547298609778
13,6936,0,0.0,603,1019,5917,0.01240537289907435
13,6949,0,0.0,604,1019,5930,0.012381439038833314
13,6962,0,0.0,605,1019,5943,0.012357743324480702
13,6975,0,0.0,606,1019,5956,0.01233428338642533
13,6988,0,0.0,607,1019,5969,0.012311056878653841
7,6995,0,0.0,608,1020,5975,0.012288061478496108
13,7008,0,0.0,609,1020,5988,0.012265294886392948
13,7021,0,0.0,610,1020,6001,0.01224275482566618
13,7034,0,0.0,611,1020,6014,0.012220439042290943
10,7044,0,0.0,612,1021,6023,0.012198345304670311
13,7057,0,0.0,613,1021,6036,0.012176471403412107
13,7070,0,0.0,614,1021,6049,0.012154815151107974
13,7083,0,0.0,615,1021,6062,0.012133374382114637
13,7096,0,0.0,616,1022,6074,0.012112146952337331
13,7109,0,0.0,617,1022,6087,0.012091130739015387
13,7122,0,0.0,618,1022,6100,0.012070323640509958
13,7135,0,0.0,619,1022,6113,0.012049723576093858
13,7148,0,0.0,620,1022,6126,0.012029328485743472
13,7161,0,0.0,621,1022,6139,0.012009136329932777
13,7174,0,0.0,622,1023,6151,0.01198914508942936
13,7187,0,0.0,623,1023,6164,0.011969352765092513
13,7200,0,0.0,624,1023,6177,0.011949757377673304
13,7213,0,0.0,625,1023,6190,0.01193035696761667
13,7226,0,0.0,626,1023,6203,0.011911149594865432
13,7239,0,0.0,627,1023,6216,0.011892133338666311
13,7252,0,0.0,628,1023,6229,0.01187330629737784
10,7262,0,0.0,629,1024,6238,0.011854666588280199
13,7275,0,0.0,630,1024,6251,0.011836212347386948
13,7288,0,0.0,631,1024,6264,0.011817941729258619
13,7301,0,0.0,632,1024,6277,0.011799852906818169
13,7314,0,0.0,633,1024,6290,0.011781944071168286
13,7327,0,0.0,634,1025,6302,0.011764213431410478
13,7340,0,0.0,635,1026,6314,0.011746659214465993
13,7353,0,0.0,636,1026,6327,0.011729279664898506
13,7366,0,0.0,637,1026,6340,0.011712073044738584
13,7379,0,0.0,638,1026,6353,0.011695037633309868
13,7392,0,0.0,639,1026,6366,0.011678171727057018
13,7405,0,0.0,640,1026,6379,0.011661473639375353
13,7418,0,0.0,641,1026,6392,0.011644941700442194
13,7431,0,0.0,642,1026,6405,0.011628574257049868
13,7444,0,0.0,643,1026,6418,0.011612369672440398
13,7457,0,0.0,644,1026,6431,0.011596326326141817
13,7470,0,0.0,645,1026,6444,0.011580442613806126
13,7483,0,0.0,646,1026,6457,0.011564716947048855
13,7496,0,0.0,647,1026,6470,0.011549147753290225
13,7509,0,0.0,648,1026,6483,0.011533733475597885
13,7522,0,0.0,649,1026,6496,0.011518472572531219
13,7535,0,0.0,650,1026,6509,0.011503363517987204
13,7548,0,0.0,651,1026,6522,0.011488404801047796
13,7561,0,0.0,652,1026,6535,0.011473594925828836
13,7574,0,0.0,653,1026,6548,0.011458932411330456
13,7587,0,0.0,654,1026,6561,0.01144441579128899
13,7600,0,0.0,655,1026,6574,0.011430043614030338
13,7613,0,0.0,656,1026,6587,0.011415814442324796
13,7626,0,0.0,657,1026,6600,0.011401726853243335
13,7639,0,0.0,658,1026,6613,0.011387779438015309
13,7652,0,0.0,659,1026,6626,0.011373970801887569
13,7665,0,0.0,660,1026,6639,0.011360299563985
13,7678,0,0.0,661,1026,6652,0.011346764357172414
10,7688,0,0.0,662,1027,6661,0.011333363827917855
13,7701,0,0.0,663,1027,6674,0.011320096636157226
13,7714,0,0.0,664,1027,6687,0.011306961455160297
13,7727,0,0.0,665,1027,6700,0.011293956971398022
13,7740,0,0.0,666,1027,6713,0.01128108188441119
13,7753,0,0.0,667,1027,6726,0.01126833490668037
13,7766,0,0.0,668,1027,6739,0.011255714763497167
13,7779,0,0.0,669,1027,6752,0.011243220192836747
13,7792,0,0.0,670,1027,6765,0.011230849945231628
13,7805,0,0.0,671,1027,6778,0.011218602783646746
13,7818,0,0.0,672,1027,6791,0.011206477483355735
13,7831,0,0.0,673,1027,6804,0.01119447283181846
13,7844,0,0.0,674,1027,6817,0.011182587628559764
13,7857,0,0.0,675,1027,6830,0.011170820685049418
13,7870,0,0.0,676,1027,6843,0.011159170824583262
13,7883,0,0.0,677,1027,6856,0.011147636882165546
13,7896,0,0.0,678,1027,6869,0.011136217704392411
13,7909,0,0.0,679,1027,6882,0.011124912149336568
13,7922,0,0.0,680,1027,6895,0.01111371908643309
10,7932,0,0.0,681,1028,6904,0.011102637396366355
13,7945,0,0.0,682,1028,6917,0.011091665970958125
13,7958,0,0.0,683,1028,6930,0.011080803713056716
13,7971,0,0.0,684,1028,6943,0.011070049536427285
13,7984,0,0.0,685,1028,6956,0.011059402365643208
13,7997,0,0.0,686,1029,6968,0.011048861135978534
13,8010,0,0.0,687,1029,6981,0.011038424793301511
13,8023,0,0.0,688,1029,6994,0.011028092293969175
13,8036,0,0.0,689,1029,7007,0.011017862604722983
13,8049,0,0.0,690,1029,7020,0.011007734702585483
13,8062,0,0.0,691,1030,7032,0.010997707574758025
13,8075,0,0.0,692,1030,7045,0.010987780218519469
13,8088,0,0.0,693,1030,7058,0.010977951641125918
13,8101,0,0.0,694,1030,7071,0.010968220859711442
13,8114,0,0.0,695,1030,7084,0.010958586901189789
13,8127,0,0.0,696,1030,7097,0.01094904880215708
13,8140,0,0.0,697,1030,7110,0.010939605608795464
13,8153,0,0.0,698,1030,7123,0.010930256376777735
14,8167,0,0.0,699,1031,7136,0.010921000171172899
13,8180,0,0.0,700,1031,7149,0.010911836066352685
13,8193,0,0.0,701,1032,7161,0.010902763145898971
13,8206,0,0.0,702,1032,7174,0.010893780502512152
13,8219,0,0.0,703,1032,7187,0.010884887237920403
13,8232,0,0.0,704,1032,7200,0.010876082462789857
10,8242,0,0.0,705,1033,7209,0.010867365296635659
13,8255,0,0.0,706,1033,7222,0.010858734867733933
13,8268,0,0.0,707,1033,7235,0.010850190313034594
13,8281,0,0.0,708,1033,7248,0.010841730778075053
13,8294,0,0.0,709,1033,7261,0.010833355416894765
13,8307,0,0.0,710,1033,7274,0.01082506339195063
13,8320,0,0.0,711,1033,7287,0.010816853874033245
13,8333,0,0.0,712,1033,7300,0.010808726042183978
13,8346,0,0.0,713,1033,7313,0.01080067908361287
13,8359,0,0.0,714,1033,7326,0.01079271219361736
13,8372,0,0.0,715,1034,7338,0.010784824575501804
13,8385,0,0.0,716,1034,7351,0.010777015440497823
13,8398,0,0.0,717,1034,7364,0.010769284007685407
13,8411,0,0.0,718,1034,7377,0.01076162950391483
13,8424,0,0.0,719,1034,7390,0.01075405116372934
13,8437,0,0.0,720,1034,7403,0.010746548229288598
13,8450,0,0.0,721,1034,7416,0.010739119950292912
13,8463,0,0.0,722,1034,7429,0.010731765583908192
13,8476,0,0.0,723,1034,7442,0.010724484394691668
13,8489,0,0.0,724,1034,7455,0.010717275654518353
13,8502,0,0.0,725,1034,7468,0.010710138642508221
13,8515,0,0.0,726,1034,7481,0.010703072644954124
13,8528,0,0.0,727,1034,7494,0.010696076955250418
13,8541,0,0.0,728,1034,7507,0.010689150873822304
13,8554,0,0.0,729,1034,7520,0.010682293708055865
13,8567,0,0.0,730,1034,7533,0.010675504772228813
13,8580,0,0.0,731,1034,7546,0.010668783387441906
13,8593,0,0.0,732,1034,7559,0.010662128881551065
13,8606,0,0.0,733,1034,7572,0.010655540589100154
13,8619,0,0.0,734,1034,7585,0.010649017851254439
13,8632,0,0.0,735,1034,7598,0.0106425600157347
13,8645,0,0.0,736,1034,7611,0.010636166436752002
13,8658,0,0.0,737,1034,7624,0.01062983647494312
13,8671,0,0.0,738,1034,7637,0.010623569497306598
13,8684,0,0.0,739,1034,7650,0.01061736487713945
13,8697,0,0.0,740,1034,7663,0.010611221993974488
13,8710,0,0.0,741,1034,7676,0.010605140233518277
13,8723,0,0.0,742,1034,7689,0.010599118987589702
13,8736,0,0.0,743,1034,7702,0.010593157654059155
13,8749,0,0.0,744,1034,7715,0.010587255636788313
13,8762,0,0.0,745,1034,7728,0.01058141234557053
13,8775,0,0.0,746,1035,7740,0.01057562719607182
13,8788,0,0.0,747,1035,7753,0.010569899609772403
13,8801,0,0.0,748,1035,7766,0.010564229013908884
13,8814,0,0.0,749,1036,7778,0.010558614841416947
13,8827,0,0.0,750,1036,7791,0.010553056530874667
13,8840,0,0.0,751,1036,7804,0.010547553526446355
13,8853,0,0.0,752,1036,7817,0.010542105277826985
13,8866,0,0.0,753,1036,7830,0.010536711240187152
13,8879,0,0.0,754,1036,7843,0.0105313708741186
13,8892,0,0.0,755,1036,7856,0.01052608364558027
13,8905,0,0.0,756,1038,7867,0.010520849025844903
13,8918,0,0.0,757,1038,7880,0.010515666491446161
13,8931,0,0.0,758,1038,7893,0.01051053552412629
13,8944,0,0.0,759,1038,7906,0.010505455610784278
13,8957,0,0.0,760,1038,7919,0.010500426243424558
13,8970,0,0.0,761,1038,7932,0.010495446919106205
13,8983,0,0.0,762,1039,7944,0.010490517139892635
13,8996,0,0.0,763,1039,7957,0.010485636412801822
13,9009,0,0.0,764,1039,7970,0.010480804249756986
13,9022,0,0.0,765,1039,7983,0.010476020167537797
13,9035,0,0.0,766,1039,7996,0.010471283687732046
10,9045,0,0.0,767,1040,8005,0.010466594336687809
14,9059,0,0.0,768,1041,8018,0.010461951645466068
13,9072,0,0.0,769,1041,8031,0.010457355149793835
10,9082,0,0.0,770,1043,8039,0.010452804390017712
13,9095,0,0.0,771,1043,8052,0.010448298911057929
13,9108,0,0.0,772,1043,8065,0.010443838262362837
13,9121,0,0.0,773,1043,8078,0.010439421997863846
13,9134,0,0.0,774,1043,8091,0.010435049675930827
13,9147,0,0.0,775,1043,8104,0.010430720859327945
13,9160,0,0.0,776,1043,8117,0.01042643511516993
16,9176,0,0.0,777,1044,8132,0.010422192014878798
13,9189,0,0.0,778,1044,8145,0.01041799113414098
13,9202,0,0.0,779,1044,8158,0.010413832052864903
13,9215,0,0.0,780,1044,8171,0.010409714355138974
13,9228,0,0.0,781,1044,8184,0.010405637629189989
13,9241,0,0.0,782,1044,8197,0.010401601467341955
13,9254,0,0.0,783,1044,8210,0.010397605465975325
13,9267,0,0.0,784,1044,8223,0.01039364922548663
13,9280,0,0.0,785,1044,8236,0.010389732350248527
13,9293,0,0.0,786,1045,8248,0.010385854448570228
13,9306,0,0.0,787,1045,8261,0.01038201513265833
13,9319,0,0.0,788,1045,8274,0.010378214018578047
13,9332,0,0.0,789,1045,8287,0.0103744507262148
13,9345,0,0.0,790,1045,8300,0.010370724879236218
13,9358,0,0.0,791,1045,8313,0.010367036105054498
13,9371,0,0.0,792,1045,8326,0.010363384034789147
13,9384,0,0.0,793,1045,8339,0.010359768303230097
13,9397,0,0.0,794,1045,8352,0.010356188548801179
13,9410,0,0.0,795,1045,8365,0.010352644413523964
13,9423,0,0.0,796,1045,8378,0.010349135542981974
13,9436,0,0.0,797,1045,8391,0.010345661586285228
13,9449,0,0.0,798,1045,8404,0.010342222196035164
13,9462,0,0.0,799,1046,8416,0.01033881702828989
13,9475,0,0.0,800,1046,8429,0.010335445742529792
13,9488,0,0.0,801,1046,8442,0.010332108001623487
13,9501,0,0.0,802,1046,8455,0.010328803471794101
13,9514,0,0.0,803,1046,8468,0.0103255318225859
13,9527,0,0.0,804,1046,8481,0.010322292726831234
13,9540,0,0.0,805,1047,8493,0.01031908586061783
13,9553,0,0.0,806,1047,8506,0.010315910903256391
13,9566,0,0.0,807,1047,8519,0.01031276753724854
13,9579,0,0.0,808,1047,8532,0.010309655448255054
13,9592,0,0.0,809,1047,8545,0.01030657432506444
13,9605,0,0.0,810,1047,8558,0.010303523859561813
13,9618,0,0.0,811,1047,8571,0.01030050374669808
13,9631,0,0.0,812,1047,8584,0.010297513684459435
13,9644,0,0.0,813,1047,8597,0.010294553373837166
13,9657,0,0.0,814,1047,8610,0.010291622518797741
13,9670,0,0.0,815,1047,8623,0.010288720826253218
13,9683,0,0.0,816,1047,8636,0.010285848006031922
13,9696,0,0.0,817,1047,8649,0.010283003770849435
13,9709,0,0.0,818,1047,8662,0.010280187836279871
13,9722,0,0.0,819,1047,8675,0.010277399920727424
13,9735,0,0.0,820,1047,8688,0.01027463974539822
13,9748,0,0.0,821,1047,8701,0.010271907034272422
13,9761,0,0.0,822,1047,8714,0.01026920151407664
13,9774,0,0.0,823,1047,8727,0.010266522914256601
13,9787,0,0.0,824,1047,8740,0.010263870966950093
13,9800,0,0.0,825,1047,8753,0.01026124540696017
13,9813,0,0.0,826,1047,8766,0.010258645971728651
10,9823,0,0.0,827,1048,8775,0.010256072401309843
13,9836,0,0.0,828,1048,8788,0.01025352443834456
13,9849,0,0.0,829,1048,8801,0.010251001828034383
13,9862,0,0.0,830,1049,8813,0.010248504318116178
13,9875,0,0.0,831,1049,8826,0.010246031658836873
13,9888,0,0.0,832,1049,8839,0.010243583602928479
6,9894,0,0.0,833,1050,8844,0.010241159905583363
13,9907,0,0.0,834,1050,8857,0.010238760324429774
13,9920,0,0.0,835,1050,8870,0.010236384619507594
13,9933,0,0.0,836,1050,8883,0.010234032553244354
13,9946,0,0.0,837,1050,8896,0.010231703890431466
13,9959,0,0.0,838,1050,8909,0.01022939839820071
14,9973,0,0.0,839,1051,8922,0.010227115846000938
13,9986,0,0.0,840,1051,8935,0.01022485600557503
13,9999,0,0.0,841,1051,8948,0.01022261865093706
13,10012,0,0.0,842,1051,8961,0.010220403558349701
13,10025,0,0.0,843,1051,8974,0.010218210506301846
13,10038,0,0.0,844,1051,8987,0.010216039275486465
13,10051,0,0.0,845,1051,9000,0.010213889648778665
13,10064,0,0.0,846,1051,9013,0.010211761411213984
13,10077,0,0.0,847,1051,9026,0.010209654349966894
13,10090,0,0.0,848,1051,9039,0.010207568254329514
13,10103,0,0.0,849,1052,9051,0.01020550291569054
13,10116,0,0.0,850,1052,9064,0.010203458127514388
13,10129,0,0.0,851,1052,9077,0.010201433685320538
13,10142,0,0.0,852,1052,9090,0.010199429386663081
13,10155,0,0.0,853,1052,9103,0.010197445031110482
13,10168,0,0.0,854,1052,9116,0.010195480420225531
15,10183,0,0.0,855,1053,9130,0.010193535357545505
13,10196,0,0.0,856,1053,9143,0.010191609648562514
13,10209,0,0.0,857,1053,9156,0.010189703100704052
13,10222,0,0.0,858,1053,9169,0.01018781552331375
13,10235,0,0.0,859,1054,9181,0.01018594672763229
13,10248,0,0.0,860,1054,9194,0.010184096526778551
13,10261,0,0.0,861,1054,9207,0.010182264735730903
14,10275,0,0.0,862,1055,9220,0.010180451171308717
13,10288,0,0.0,863,1055,9233,0.010178655652154037
13,10301,0,0.0,864,1055,9246,0.010176877998713455
14,10315,0,0.0,865,1056,9259,0.01017511803322014
13,10328,0,0.0,866,1056,9272,0.010173375579676082
13,10341,0,0.0,867,1056,9285,0.01017165046383447
13,10354,0,0.0,868,1056,9298,0.010169942513182286
13,10367,0,0.0,869,1056,9311,0.010168251556923037
13,10380,0,0.0,870,1056,9324,0.010166577425959692
13,10393,0,0.0,871,1056,9337,0.010164919952877757
13,10406,0,0.0,872,1056,9350,0.010163278971928544
13,10419,0,0.0,873,1057,9362,0.01016165431901259
13,10432,0,0.0,874,1057,9375,0.01016004583166325
13,10445,0,0.0,875,1057,9388,0.010158453349030448
13,10458,0,0.0,876,1057,9401,0.010156876711864594
13,10471,0,0.0,877,1057,9414,0.010155315762500658
13,10484,0,0.0,878,1057,9427,0.0101537703448424
13,10497,0,0.0,879,1057,9440,0.010152240304346772
13,10510,0,0.0,880,1057,9453,0.010150725488008444
13,10523,0,0.0,881,1057,9466,0.010149225744344521
6,10529,0,0.0,882,1058,9471,0.01014774092337939
13,10542,0,0.0,883,1058,9484,0.010146270876629714
13,10555,0,0.0,884,1058,9497,0.010144815457089593
13,10568,0,0.0,885,1058,9510,0.010143374519215861
13,10581,0,0.0,886,1058,9523,0.01014194791891353
13,10594,0,0.0,887,1058,9536,0.01014053551352138
13,10607,0,0.0,888,1058,9549,0.010139137161797698
13,10620,0,0.0,889,1058,9562,0.010137752723906142
13,10633,0,0.0,890,1058,9575,0.01013638206140177
13,10646,0,0.0,891,1059,9587,0.010135025037217192
13,10659,0,0.0,892,1059,9600,0.010133681515648855
13,10672,0,0.0,893,1059,9613,0.010132351362343486
13,10685,0,0.0,894,1059,9626,0.010131034444284644
13,10698,0,0.0,895,1059,9639,0.010129730629779427
13,10711,0,0.0,896,1059,9652,0.010128439788445296
13,10724,0,0.0,897,1059,9665,0.010127161791197044
13,10737,0,0.0,898,1059,9678,0.01012589651023388
13,10750,0,0.0,899,1059,9691,0.010124643819026653
13,10763,0,0.0,900,1059,9704,0.0101234035923052
13,10776,0,0.0,901,1059,9717,0.010122175706045813
13,10789,0,0.0,902,1059,9730,0.010120960037458845
13,10802,0,0.0,903,1059,9743,0.010119756464976423
13,10815,0,0.0,904,1059,9756,0.010118564868240294
13,10828,0,0.0,905,1059,9769,0.010117385128089795
13,10841,0,0.0,906,1059,9782,0.010116217126549927
13,10854,0,0.0,907,1059,9795,0.010115060746819561
13,10867,0,0.0,908,1059,9808,0.010113915873259762
13,10880,0,0.0,909,1059,9821,0.010112782391382219
13,10893,0,0.0,910,1060,9833,0.010111660187837799
13,10906,0,0.0,911,1060,9846,0.010110549150405214
13,10919,0,0.0,912,1060,9859,0.010109449167979795
13,10932,0,0.0,913,1060,9872,0.010108360130562379
13,10945,0,0.0,914,1060,9885,0.010107281929248322
13,10958,0,0.0,915,1060,9898,0.010106214456216591
13,10971,0,0.0,916,1060,9911,0.010105157604718994
13,10984,0,0.0,917,1060,9924,0.010104111269069502
13,10997,0,0.0,918,1060,9937,0.010103075344633675
12,11009,0,0.0,919,1061,9948,0.010102049727818207
13,11022,0,0.0,920,1061,9961,0.010101034316060565
13,11035,0,0.0,921,1061,9974,0.010100029007818723
13,11048,0,0.0,922,1061,9987,0.01009903370256102
13,11061,0,0.0,923,1061,10000,0.010098048300756102
13,11074,0,0.0,924,1062,10012,0.010097072703862968
13,11087,0,0.0,925,1062,10025,0.010096106814321115
13,11100,0,0.0,926,1062,10038,0.01009515053554078
13,11113,0,0.0,927,1063,10050,0.010094203771893295
13,11126,0,0.0,928,1065,10061,0.010093266428701501
13,11139,0,0.0,929,1065,10074,0.0100923384122303
13,11152,0,0.0,930,1065,10087,0.01009141962967727
13,11165,0,0.0,931,1066,10099,0.010090509989163391
13,11178,0,0.0,932,1066,10112,0.010089609399723856
13,11191,0,0.0,933,1066,10125,0.010088717771298966
13,11204,0,0.0,934,1066,10138,0.010087835014725138
13,11217,0,0.0,935,1066,10151,0.010086961041725979
13,11230,0,0.0,936,1066,10164,0.01008609576490346
13,11243,0,0.0,937,1066,10177,0.010085239097729176
13,11256,0,0.0,938,1066,10190,0.0100843909545357
13,11269,0,0.0,939,1066,10203,0.010083551250508005
10,11279,0,0.0,940,1067,10212,0.010082719901674985
13,11292,0,0.0,941,1067,10225,0.010081896824901066
13,11305,0,0.0,942,1067,10238,0.010081081937877885
13,11318,0,0.0,943,1067,10251,0.01008027515911606
13,11331,0,0.0,944,1067,10264,0.010079476407937044
14,11345,0,0.0,945,1068,10277,0.010078685604465051
13,11358,0,0.0,946,1068,10290,0.010077902669619077
13,11371,0,0.0,947,1068,10303,0.010077127525104984
13,11384,0,0.0,948,1068,10316,0.010076360093407673
13,11397,0,0.0,949,1068,10329,0.010075600297783338
13,11410,0,0.0,950,1068,10342,0.010074848062251781
13,11423,0,0.0,951,1068,10355,0.010074103311588823
13,11436,0,0.0,952,1068,10368,0.010073365971318778
13,11449,0,0.0,953,1068,10381,0.010072635967707003
13,11462,0,0.0,954,1068,10394,0.010071913227752527
13,11475,0,0.0,955,1068,10407,0.010071197679180756
13,11488,0,0.0,956,1068,10420,0.010070489250436234
13,11501,0,0.0,957,1068,10433,0.010069787870675497
2,11503,0,0.0,958,1069,10434,0.010069093469759984
13,11516,0,0.0,959,1069,10447,0.010068405978249026
13,11529,0,0.0,960,1069,10460,0.010067725327392897
13,11542,0,0.0,961,1069,10473,0.010067051449125945
13,11555,0,0.0,962,1070,10485,0.010066384276059784
13,11568,0,0.0,963,1070,10498,0.010065723741476547
13,11581,0,0.0,964,1070,10511,0.01006506977932223
13,11594,0,0.0,965,1070,10524,0.010064422324200068
13,11607,0,0.0,966,1070,10537,0.010063781311364012
13,11620,0,0.0,967,1070,10550,0.010063146676712244
13,11633,0,0.0,968,1070,10563,0.01006251835678077
13,11646,0,0.0,969,1070,10576,0.010061896288737071
13,11659,0,0.0,970,1070,10589,0.01006128041037383
13,11672,0,0.0,971,1070,10602,0.01006067066010269
13,11685,0,0.0,972,1070,10615,0.01006006697694812
13,11698,0,0.0,973,1070,10628,0.010059469300541302
13,11711,0,0.0,974,1070,10641,0.010058877571114096
13,11724,0,0.0,975,1070,10654,0.010058291729493065
13,11737,0,0.0,976,1070,10667,0.01005771171709356
13,11750,0,0.0,977,1070,10680,0.010057137475913858
13,11763,0,0.0,978,1070,10693,0.010056568948529363
13,11776,0,0.0,979,1070,10706,0.010056006078086861
13,11789,0,0.0,980,1070,10719,0.01005544880829884
13,11802,0,0.0,981,1070,10732,0.010054897083437856
13,11815,0,0.0,982,1070,10745,0.010054350848330963
13,11828,0,0.0,983,1070,10758,0.010053810048354195
13,11841,0,0.0,984,1070,10771,0.010053274629427107
13,11854,0,0.0,985,1070,10784,0.010052744538007355
13,11867,0,0.0,986,1070,10797,0.01005221972108536
13,11880,0,0.0,987,1070,10810,0.010051700126178988
13,11893,0,0.0,988,1070,10823,0.010051185701328317
13,11906,0,0.0,989,1070,10836,0.010050676395090436
13,11919,0,0.0,990,1070,10849,0.010050172156534292
13,11932,0,0.0,991,1070,10862,0.010049672935235614
13,11945,0,0.0,992,1070,10875,0.010049178681271852
13,11958,0,0.0,993,1071,10887,0.010048689345217202
13,11971,0,0.0,994,1071,10900,0.010048204878137646
13,11984,0,0.0,995,1071,10913,0.010047725231586075
13,11997,0,0.0,996,1071,10926,0.010047250357597435
13,12010,0,0.0,997,1071,10939,0.010046780208683928
13,12023,0,0.0,998,1071,10952,0.010046314737830275
13,12036,0,0.0,999,1071,10965,0.010045853898488999
13,12049,0,0.0,1000,1071,10978,0.010045397644575786
13,12062,0,0.0,1001,1071,10991,0.010044945930464861
13,12075,0,0.0,1002,1071,11004,0.010044498710984437
13,12088,0,0.0,1003,1071,11017,0.010044055941412194
13,12101,0,0.0,1004,1071,11030,0.010043617577470805
13,12114,0,0.0,1005,1071,11043,0.010043183575323512
13,12127,0,0.0,1006,1071,11056,0.010042753891569738
13,12140,0,0.0,1007,1071,11069,0.01004232848324075
13,12153,0,0.0,1008,1071,11082,0.010041907307795358
13,12166,0,0.0,1009,1071,11095,0.01004149032311567
6,12172,0,0.0,1010,1072,11100,0.010041077487502869
13,12185,0,0.0,1011,1072,11113,0.010040668759673048
13,12198,0,0.0,1012,1072,11126,0.010040264098753086
13,12211,0,0.0,1013,1072,11139,0.010039863464276553
13,12224,0,0.0,1014,1072,11152,0.010039466816179668
13,12237,0,0.0,1015,1073,11164,0.010039074114797288
13,12250,0,0.0,1016,1073,11177,0.01003868532085895
13,12263,0,0.0,1017,1073,11190,0.010038300395484938
13,12276,0,0.0,1018,1073,11203,0.01003791930018239
11,12287,0,0.0,1019,1074,11213,0.01003754199684146
13,12300,0,0.0,1020,1074,11226,0.0100371684477315
13,12313,0,0.0,1021,1074,11239,0.010036798615497286
13,12326,0,0.0,1022,1074,11252,0.010036432463155286
13,12339,0,0.0,1023,1074,11265,0.010036069954089965
13,12352,0,0.0,1024,1074,11278,0.01003571105205011
10,12362,0,0.0,1025,1075,11287,0.01003535572114522
13,12375,0,0.0,1026,1075,11300,0.010035003925841906
13,12388,0,0.0,1027,1075,11313,0.010034655630960348
13,12401,0,0.0,1028,1075,11326,0.010034310801670764
13,12414,0,0.0,1029,1075,11339,0.010033969403489941
13,12427,0,0.0,1030,1075,11352,0.010033631402277775
13,12440,0,0.0,1031,1075,11365,0.010033296764233863
13,12453,0,0.0,1032,1075,11378,0.01003296545589412
13,12466,0,0.0,1033,1075,11391,0.01003263744412744
12,12478,0,0.0,1034,1076,11402,0.010032312696132369
13,12491,0,0.0,1035,1076,11415,0.01003199117943384
13,12504,0,0.0,1036,1076,11428,0.010031672861879913
13,12517,0,0.0,1037,1077,11440,0.010031357711638567
13,12530,0,0.0,1038,1077,11453,0.010031045697194518
13,12543,0,0.0,1039,1078,11465,0.01003073678734606
13,12556,0,0.0,1040,1078,11478,0.01003043095120195
13,12569,0,0.0,1041,1079,11490,0.01003012815817832
13,12582,0,0.0,1042,1079,11503,0.010029828377995615
13,12595,0,0.0,1043,1079,11516,0.010029531580675564
13,12608,0,0.0,1044,1080,11528,0.010029237736538193
13,12621,0,0.0,1045,1080,11541,0.01002894681619884
13,12634,0,0.0,1046,1080,11554,0.010028658790565229
13,12647,0,0.0,1047,1080,11567,0.010028373630834558
13,12660,0,0.0,1048,1080,11580,0.010028091308490614
13,12673,0,0.0,1049,1080,11593,0.010027811795300929
13,12686,0,0.0,1050,1080,11606,0.01002753506331395
13,12699,0,0.0,1051,1080,11619,0.01002726108485625
13,12712,0,0.0,1052,1080,11632,0.010026989832529752
13,12725,0,0.0,1053,1080,11645,0.010026721279208999
13,12738,0,0.0,1054,1080,11658,0.010026455398038434
13,12751,0,0.0,1055,1080,11671,0.01002619216242972
13,12764,0,0.0,1056,1080,11684,0.010025931546059077
13,12777,0,0.0,1057,1080,11697,0.010025673522864646
13,12790,0,0.0,1058,1080,11710,0.0100254180670439
13,12803,0,0.0,1059,1080,11723,0.010025165153051038
13,12816,0,0.0,1060,1080,11736,0.010024914755594453
13,12829,0,0.0,1061,1080,11749,0.01002466684963419
13,12842,0,0.0,1062,1080,11762,0.010024421410379444
13,12855,0,0.0,1063,1080,11775,0.01002417841328609
13,12868,0,0.0,1064,1080,11788,0.010023937834054211
13,12881,0,0.0,1065,1080,11801,0.010023699648625687
13,12894,0,0.0,1066,1080,11814,0.010023463833181775
13,12907,0,0.0,1067,1080,11827,0.010023230364140734
13,12920,0,0.0,1068,1080,11840,0.010022999218155467
13,12933,0,0.0,1069,1080,11853,0.01002277037211118
13,12946,0,0.0,1070,1081,11865,0.01002254380312308
13,12959,0,0.0,1071,1081,11878,0.01002231948853408
13,12972,0,0.0,1072,1081,11891,0.010022097405912533
13,12985,0,0.0,1073,1081,11904,0.010021877533049992
13,12998,0,0.0,1074,1081,11917,0.010021659847958985
13,13011,0,0.0,1075,1081,11930,0.010021444328870826
13,13024,0,0.0,1076,1081,11943,0.010021230954233424
13,13037,0,0.0,1077,1081,11956,0.010021019702709136
13,13050,0,0.0,1078,1081,11969,0.010020810553172638
13,13063,0,0.0,1079,1081,11982,0.010020603484708799
13,13076,0,0.0,1080,1081,11995,0.0100203984766106
13,13089,0,0.0,1081,1081,12008,0.01002019550837706
13,13102,0,0.0,1082,1081,12021,0.010019994559711188
6,13108,0,0.0,1083,1082,12026,0.01001979561051795
13,13121,0,0.0,1084,1083,12038,0.01001959864090226
13,13134,0,0.0,1085,1083,12051,0.010019403631166992
13,13147,0,0.0,1086,1083,12064,0.01001921056181101
13,13160,0,0.0,1087,1083,12077,0.01001901941352722
13,13173,0,0.0,1088,1083,12090,0.01001883016720063
13,13186,0,0.0,1089,1083,12103,0.010018642803906453
13,13199,0,0.0,1090,1083,12116,0.010018457304908203
13,13212,0,0.0,1091,1083,12129,0.010018273651655822
14,13226,0,0.0,1092,1084,12142,0.010018091825783837
15,13241,0,0.0,1093,1085,12156,0.010017911809109508
13,13254,0,0.0,1094,1085,12169,0.010017733583631014
13,13267,0,0.0,1095,1085,12182,0.010017557131525663
13,13280,0,0.0,1096,1085,12195,0.010017382435148095
6,13286,0,0.0,1097,1087,12199,0.010017209477028527
13,13299,0,0.0,1098,1087,12212,0.010017038239871004
13,13312,0,0.0,1099,1087,12225,0.010016868706551666
7,13319,0,0.0,1100,1088,12231,0.01001670086011704
13,13332,0,0.0,1101,1088,12244,0.010016534683782344
13,13345,0,0.0,1102,1088,12257,0.010016370160929804
13,13358,0,0.0,1103,1088,12270,0.010016207275107
15,13373,0,0.0,1104,1089,12284,0.010016046010025212
13,13386,0,0.0,1105,1089,12297,0.0100158863495578
13,13399,0,0.0,1106,1089,12310,0.01001572827773858
13,13412,0,0.0,1107,1089,12323,0.010015571778760241
13,13425,0,0.0,1108,1089,12336,0.010015416836972756
13,13438,0,0.0,1109,1089,12349,0.010015263436881815
13,13451,0,0.0,1110,1089,12362,0.010015111563147282
13,13464,0,0.0,1111,1090,12374,0.010014961200581656
13,13477,0,0.0,1112,1090,12387,0.010014812334148557
13,13490,0,0.0,1113,1090,12400,0.010014664948961216
13,13503,0,0.0,1114,1090,12413,0.010014519030280992
13,13516,0,0.0,1115,1090,12426,0.010014374563515895
13,13529,0,0.0,1116,1090,12439,0.01001423153421913
13,13542,0,0.0,1117,1090,12452,0.010014089928087644
13,13555,0,0.0,1118,1090,12465,0.01001394973096071
8,13563,0,0.0,1119,1091,12472,0.010013810928818496
13,13576,0,0.0,1120,1091,12485,0.010013673507780674
10,13586,0,0.0,1121,1092,12494,0.010013537454105024
14,13600,0,0.0,1122,1093,12507,0.010013402754186067
13,13613,0,0.0,1123,1093,12520,0.010013269394553695
13,13626,0,0.0,1124,1093,12533,0.010013137361871838
14,13640,0,0.0,1125,1094,12546,0.010013006642937116
13,13653,0,0.0,1126,1094,12559,0.010012877224677526
13,13666,0,0.0,1127,1094,12572,0.010012749094151136
13,13679,0,0.0,1128,1094,12585,0.010012622238544785
13,13692,0,0.0,1129,1094,12598,0.010012496645172807
13,13705,0,0.0,1130,1094,12611,0.01001237230147576
13,13718,0,0.0,1131,1094,12624,0.01001224919501917
13,13731,0,0.0,1132,1094,12637,0.01001212731349229
13,13744,0,0.0,1133,1094,12650,0.010012006644706866
13,13757,0,0.0,1134,1094,12663,0.010011887176595919
13,13770,0,0.0,1135,1094,12676,0.010011768897212536
13,13783,0,0.0,1136,1094,12689,0.010011651794728682
13,13796,0,0.0,1137,1094,12702,0.010011535857434011
13,13809,0,0.0,1138,1095,12714,0.010011421073734697
13,13822,0,0.0,1139,1095,12727,0.010011307432152275
13,13835,0,0.0,1140,1095,12740,0.01001119492132249
13,13848,0,0.0,1141,1095,12753,0.010011083529994165
13,13861,0,0.0,1142,1095,12766,0.010010973247028078
13,13874,0,0.0,1143,1095,12779,0.010010864061395836
13,13887,0,0.0,1144,1095,12792,0.01001075596217879
13,13900,0,0.0,1145,1095,12805,0.010010648938566923
13,13913,0,0.0,1146,1095,12818,0.010010542979857786
13,13926,0,0.0,1147,1095,12831,0.010010438075455421
13,13939,0,0.0,1148,1095,12844,0.010010334214869302
13,13952,0,0.0,1149,1095,12857,0.010010231387713281
16,13968,0,0.0,1150,1096,12872,0.010010129583704556
13,13981,0,0.0,1151,1096,12885,0.010010028792662645
13,13994,0,0.0,1152,1096,12898,0.010009929004508356
13,14007,0,0.0,1153,1096,12911,0.010009830209262792
13,14020,0,0.0,1154,1096,12924,0.010009732397046348
13,14033,0,0.0,1155,1096,12937,0.010009635558077717
13,14046,0,0.0,1156,1096,12950,0.010009539682672925
13,14059,0,0.0,1157,1096,12963,0.010009444761244348
13,14072,0,0.0,1158,1096,12976,0.010009350784299768
13,14085,0,0.0,1159,1096,12989,0.01000925774244141
15,14100,0,0.0,1160,1098,13002,0.01000916562636501
13,14113,0,0.0,1161,1098,13015,0.010009074426858885
13,14126,0,0.0,1162,1098,13028,0.010008984134803008
13,14139,0,0.0,1163,1098,13041,0.010008894741168098
7,14146,0,0.0,1164,1099,13047,0.010008806237014717
13,14159,0,0.0,1165,1099,13060,0.010008718613492376
13,14172,0,0.0,1166,1099,13073,0.010008631861838651
13,14185,0,0.0,1167,1099,13086,0.010008545973378302
13,14198,0,0.0,1168,1099,13099,0.010008460939522413
13,14211,0,0.0,1169,1099,13112,0.010008376751767528
13,14224,0,0.0,1170,1099,13125,0.010008293401694799
13,14237,0,0.0,1171,1099,13138,0.01000821088096915
13,14250,0,0.0,1172,1099,13151,0.010008129181338442
13,14263,0,0.0,1173,1099,13164,0.01000804829463264
13,14276,0,0.0,1174,1099,13177,0.01000796821276301
13,14289,0,0.0,1175,1100,13189,0.010007888927721297
13,14302,0,0.0,1176,1100,13202,0.010007810431578928
13,14315,0,0.0,1177,1100,13215,0.010007732716486228
13,14328,0,0.0,1178,1100,13228,0.01000765577467162
13,14341,0,0.0,1179,1100,13241,0.010007579598440857
13,14354,0,0.0,1180,1100,13254,0.010007504180176256
13,14367,0,0.0,1181,1100,13267,0.010007429512335927
13,14380,0,0.0,1182,1100,13280,0.010007355587453021
13,14393,0,0.0,1183,1100,13293,0.010007282398134991
13,14406,0,0.0,1184,1100,13306,0.010007209937062844
13,14419,0,0.0,1185,1100,13319,0.01000713819699041
14,14433,0,0.0,1186,1101,13332,0.010007067170743624
13,14446,0,0.0,1187,1101,13345,0.010006996851219802
13,14459,0,0.0,1188,1101,13358,0.010006927231386933
13,14472,0,0.0,1189,1101,13371,0.010006858304282974
13,14485,0,0.0,1190,1101,13384,0.01000679006301516
13,14498,0,0.0,1191,1101,13397,0.010006722500759306
13,14511,0,0.0,1192,1101,13410,0.010006655610759129
13,14524,0,0.0,1193,1101,13423,0.010006589386325575
13,14537,0,0.0,1194,1101,13436,0.010006523820836145
13,14550,0,0.0,1195,1101,13449,0.010006458907734234
13,14563,0,0.0,1196,1101,13462,0.010006394640528481
13,14576,0,0.0,1197,1101,13475,0.010006331012792108
13,14589,0,0.0,1198,1101,13488,0.01000626801816229
13,14602,0,0.0,1199,1101,13501,0.010006205650339512
13,14615,0,0.0,1200,1101,13514,0.010006143903086939
13,14628,0,0.0,1201,1101,13527,0.010006082770229794
13,14641,0,0.0,1202,1101,13540,0.010006022245654743
13,14654,0,0.0,1203,1101,13553,0.010005962323309275
13,14667,0,0.0,1204,1101,13566,0.010005902997201107
13,14680,0,0.0,1205,1101,13579,0.010005844261397577
13,14693,0,0.0,1206,1101,13592,0.010005786110025058
6,14699,0,0.0,1207,1102,13597,0.010005728537268364
13,14712,0,0.0,1208,1102,13610,0.010005671537370168
10,14722,0,0.0,1209,1103,13619,0.010005615104630439
13,14735,0,0.0,1210,1103,13632,0.01000555923340585
13,14748,0,0.0,1211,1103,13645,0.010005503918109233
13,14761,0,0.0,1212,1103,13658,0.010005449153209016
13,14774,0,0.0,1213,1103,13671,0.01000539493322866
13,14787,0,0.0,1214,1103,13684,0.010005341252746124
13,14800,0,0.0,1215,1103,13697,0.010005288106393312
10,14810,0,0.0,1216,1104,13706,0.010005235488855546
13,14823,0,0.0,1217,1104,13719,0.010005183394871029
13,14836,0,0.0,1218,1105,13731,0.010005131819230318
13,14849,0,0.0,1219,1105,13744,0.010005080756775806
13,14862,0,0.0,1220,1105,13757,0.010005030202401208
13,14875,0,0.0,1221,1105,13770,0.01000498015105104
13,14888,0,0.0,1222,1105,13783,0.010004930597720129
13,14901,0,0.0,1223,1105,13796,0.010004881537453098
13,14914,0,0.0,1224,1105,13809,0.01000483296534388
13,14927,0,0.0,1225,1105,13822,0.010004784876535224
13,14940,0,0.0,1226,1105,13835,0.010004737266218209
13,14953,0,0.0,1227,1105,13848,0.010004690129631762
13,14966,0,0.0,1228,1105,13861,0.010004643462062188
13,14979,0,0.0,1229,1105,13874,0.01000459725884269
13,14992,0,0.0,1230,1105,13887,0.010004551515352907
13,15005,0,0.0,1231,1106,13899,0.010004506227018452
13,15018,0,0.0,1232,1106,13912,0.010004461389310455
13,15031,0,0.0,1233,1106,13925,0.010004416997745106
13,15044,0,0.0,1234,1106,13938,0.010004373047883213
13,15057,0,0.0,1235,1106,13951,0.010004329535329752
13,15070,0,0.0,1236,1106,13964,0.010004286455733433
13,15083,0,0.0,1237,1106,13977,0.010004243804786258
13,15096,0,0.0,1238,1106,13990,0.010004201578223099
14,15110,0,0.0,1239,1107,14003,0.010004159771821263
13,15123,0,0.0,1240,1107,14016,0.010004118381400076
13,15136,0,0.0,1241,1107,14029,0.010004077402820461
13,15149,0,0.0,1242,1107,14042,0.010004036831984526
13,15162,0,0.0,1243,1107,14055,0.010003996664835153
13,15175,0,0.0,1244,1107,14068,0.010003956897355594
13,15188,0,0.0,1245,1107,14081,0.010003917525569068
13,15201,0,0.0,1246,1107,14094,0.010003878545538364
13,15214,0,0.0,1247,1107,14107,0.010003839953365446
13,15227,0,0.0,1248,1109,14118,0.010003801745191065
13,15240,0,0.0,1249,1109,14131,0.01000376391719437
13,15253,0,0.0,1250,1109,14144,0.010003726465592533
13,15266,0,0.0,1251,1109,14157,0.010003689386640358
13,15279,0,0.0,1252,1109,14170,0.010003652676629922
13,15292,0,0.0,1253,1109,14183,0.010003616331890194
13,15305,0,0.0,1254,1109,14196,0.01000358034878667
10,15315,0,0.0,1255,1110,14205,0.010003544723721006
13,15328,0,0.0,1256,1110,14218,0.010003509453130669
13,15341,0,0.0,1257,1110,14231,0.01000347453348857
13,15354,0,0.0,1258,1110,14244,0.010003439961302714
13,15367,0,0.0,1259,1110,14257,0.010003405733115854
13,15380,0,0.0,1260,1110,14270,0.010003371845505146
13,15393,0,0.0,1261,1110,14283,0.010003338295081798
13,15406,0,0.0,1262,1110,14296,0.01000330507849074
13,15419,0,0.0,1263,1110,14309,0.010003272192410284
13,15432,0,0.0,1264,1110,14322,0.010003239633551798
13,15445,0,0.0,1265,1110,14335,0.010003207398659366
10,15455,0,0.0,1266,1111,14344,0.010003175484509472
13,15468,0,0.0,1267,1111,14357,0.010003143887910676
13,15481,0,0.0,1268,1112,14369,0.010003112605703291
13,15494,0,0.0,1269,1112,14382,0.01000308163475907
13,15507,0,0.0,1270,1112,14395,0.010003050971980893
13,15520,0,0.0,1271,1112,14408,0.010003020614302456
13,15533,0,0.0,1272,1112,14421,0.010002990558687967
13,15546,0,0.0,1273,1113,14433,0.010002960802131838
13,15559,0,0.0,1274,1113,14446,0.010002931341658392
13,15572,0,0.0,1275,1113,14459,0.010002902174321553
13,15585,0,0.0,1276,1113,14472,0.010002873297204564
13,15598,0,0.0,1277,1113,14485,0.01000284470741969
13,15611,0,0.0,1278,1113,14498,0.01000281640210793
13,15624,0,0.0,1279,1113,14511,0.010002788378438727
13,15637,0,0.0,1280,1113,14524,0.010002760633609692
13,15650,0,0.0,1281,1113,14537,0.010002733164846317
13,15663,0,0.0,1282,1113,14550,0.010002705969401705
13,15676,0,0.0,1283,1113,14563,0.010002679044556288
13,15689,0,0.0,1284,1113,14576,0.01000265238761756
13,15702,0,0.0,1285,1113,14589,0.010002625995919804
13,15715,0,0.0,1286,1115,14600,0.010002599866823827
13,15728,0,0.0,1287,1116,14612,0.0100025739977167
13,15741,0,0.0,1288,1116,14625,0.01000254838601149
2,15743,0,0.0,1289,1117,14626,0.010002523029147005
15,15758,0,0.0,1290,1118,14640,0.010002497924587536
13,15771,0,0.0,1291,1118,14653,0.010002473069822607
13,15784,0,0.0,1292,1118,14666,0.010002448462366724
13,15797,0,0.0,1293,1120,14677,0.010002424099759115
13,15810,0,0.0,1294,1120,14690,0.010002399979563504
13,15823,0,0.0,1295,1120,14703,0.010002376099367848
13,15836,0,0.0,1296,1120,14716,0.01000235245678411
13,15849,0,0.0,1297,1120,14729,0.01000232904944801
13,15862,0,0.0,1298,1120,14742,0.010002305875018797
13,15875,0,0.0,1299,1120,14755,0.010002282931179005
13,15888,0,0.0,1300,1120,14768,0.010002260215634235
13,15901,0,0.0,1301,1120,14781,0.010002237726112912
13,15914,0,0.0,1302,1120,14794,0.010002215460366065
13,15927,0,0.0,1303,1120,14807,0.0100021934161671
13,15940,0,0.0,1304,1120,14820,0.01000217159131158
14,15954,0,0.0,1305,1121,14833,0.010002149983617
13,15967,0,0.0,1306,1121,14846,0.010002128590922576
13,15980,0,0.0,1307,1121,14859,0.010002107411089015
2,15982,0,0.0,1308,1122,14860,0.01000208644199832
13,15995,0,0.0,1309,1122,14873,0.010002065681553565
13,16008,0,0.0,1310,1122,14886,0.010002045127678686
13,16021,0,0.0,1311,1122,14899,0.010002024778318278
13,16034,0,0.0,1312,1122,14912,0.01000200463143739
13,16047,0,0.0,1313,1122,14925,0.010001984685021318
13,16060,0,0.0,1314,1122,14938,0.010001964937075399
13,16073,0,0.0,1315,1122,14951,0.010001945385624827
13,16086,0,0.0,1316,1122,14964,0.010001926028714438
13,16099,0,0.0,1317,1122,14977,0.010001906864408525
13,16112,0,0.0,1318,1122,14990,0.010001887890790642
13,16125,0,0.0,1319,1122,15003,0.010001869105963412
13,16138,0,0.0,1320,1122,15016,0.010001850508048336
13,16151,0,0.0,1321,1122,15029,0.010001832095185606
13,16164,0,0.0,1322,1122,15042,0.010001813865533922
13,16177,0,0.0,1323,1122,15055,0.010001795817270303
13,16190,0,0.0,1324,1122,15068,0.010001777948589908
13,16203,0,0.0,1325,1122,15081,0.010001760257705852
13,16216,0,0.0,1326,1122,15094,0.010001742742849035
9,16225,0,0.0,1327,1123,15102,0.010001725402267955
13,16238,0,0.0,1328,1123,15115,0.010001708234228539
13,16251,0,0.0,1329,1123,15128,0.01000169123701397
13,16264,0,0.0,1330,1123,15141,0.010001674408924511
13,16277,0,0.0,1331,1123,15154,0.01000165774827734
13,16290,0,0.0,1332,1124,15166,0.010001641253406378
13,16303,0,0.0,1333,1124,15179,0.010001624922662126
13,16316,0,0.0,1334,1124,15192,0.010001608754411492
13,16329,0,0.0,1335,1124,15205,0.010001592747037642
13,16342,0,0.0,1336,1125,15217,0.010001576898939822
13,16355,0,0.0,1337,1125,15230,0.010001561208533209
14,16369,0,0.0,1338,1126,15243,0.010001545674248751
13,16382,0,0.0,1339,1126,15256,0.010001530294533007
13,16395,0,0.0,1340,1126,15269,0.01000151506784799
10,16405,0,0.0,1341,1127,15278,0.010001499992671022
13,16418,0,0.0,1342,1127,15291,0.01000148506749457
13,16431,0,0.0,1343,1127,15304,0.010001470290826106
13,16444,0,0.0,1344,1127,15317,0.01000145566118795
13,16457,0,0.0,1345,1127,15330,0.010001441177117125
13,16470,0,0.0,1346,1127,15343,0.010001426837165211
13,16483,0,0.0,1347,1127,15356,0.010001412639898205
13,16496,0,0.0,1348,1127,15369,0.010001398583896365
13,16509,0,0.0,1349,1127,15382,0.01000138466775408
13,16522,0,0.0,1350,1128,15394,0.010001370890079726
13,16535,0,0.0,1351,1128,15407,0.01000135724949552
13,16548,0,0.0,1352,1128,15420,0.010001343744637396
13,16561,0,0.0,1353,1128,15433,0.010001330374154856
14,16575,0,0.0,1354,1129,15446,0.010001317136710838
13,16588,0,0.0,1355,1129,15459,0.010001304030981591
13,16601,0,0.0,1356,1129,15472,0.010001291055656527
13,16614,0,0.0,1357,1129,15485,0.010001278209438106
13,16627,0,0.0,1358,1129,15498,0.010001265491041694
13,16640,0,0.0,1359,1129,15511,0.01000125289919544
11,16651,0,0.0,1360,1130,15521,0.01000124043264015
13,16664,0,0.0,1361,1130,15534,0.010001228090129157
13,16677,0,0.0,1362,1130,15547,0.0100012158704282
13,16690,0,0.0,1363,1130,15560,0.0100012037723153
13,16703,0,0.0,1364,1130,15573,0.010001191794580635
13,16716,0,0.0,1365,1130,15586,0.010001179936026422
13,16729,0,0.0,1366,1130,15599,0.010001168195466793
13,16742,0,0.0,1367,1130,15612,0.010001156571727685
13,16755,0,0.0,1368,1130,15625,0.010001145063646714
13,16768,0,0.0,1369,1130,15638,0.010001133670073062
13,16781,0,0.0,1370,1131,15650,0.01000112238986736
13,16794,0,0.0,1371,1131,15663,0.010001111221901582
13,16807,0,0.0,1372,1131,15676,0.01000110016505892
13,16820,0,0.0,1373,1131,15689,0.01000108921823368
13,16833,0,0.0,1374,1131,15702,0.010001078380331171
13,16846,0,0.0,1375,1131,15715,0.010001067650267596
13,16859,0,0.0,1376,1131,15728,0.010001057026969934
13,16872,0,0.0,1377,1131,15741,0.010001046509375852
13,16885,0,0.0,1378,1131,15754,0.01000103609643358
13,16898,0,0.0,1379,1131,15767,0.010001025787101813
13,16911,0,0.0,1380,1131,15780,0.010001015580349612
15,16926,0,0.0,1381,1132,15794,0.010001005475156293
13,16939,0,0.0,1382,1132,15807,0.010000995470511326
13,16952,0,0.0,1383,1132,15820,0.01000098556541424
13,16965,0,0.0,1384,1132,15833,0.010000975758874518
13,16978,0,0.0,1385,1132,15846,0.010000966049911497
13,16991,0,0.0,1386,1132,15859,0.01000095643755427
13,17004,0,0.0,1387,1132,15872,0.010000946920841596
13,17017,0,0.0,1388,1132,15885,0.010000937498821796
2,17019,0,0.0,1389,1133,15886,0.01000092817055266
13,17032,0,0.0,1390,1133,15899,0.010000918935101352
13,17045,0,0.0,1391,1133,15912,0.010000909791544318
13,17058,0,0.0,1392,1133,15925,0.0100009007389672
13,17071,0,0.0,1393,1133,15938,0.010000891776464727
13,17084,0,0.0,1394,1133,15951,0.010000882903140645
13,17097,0,0.0,1395,1133,15964,0.010000874118107612
13,17110,0,0.0,1396,1133,15977,0.010000865420487118
13,17123,0,0.0,1397,1133,15990,0.010000856809409394
13,17136,0,0.0,1398,1133,16003,0.010000848284013326
13,17149,0,0.0,1399,1133,16016,0.010000839843446366
13,17162,0,0.0,1400,1133,16029,0.01000083148686445
13,17175,0,0.0,1401,1133,16042,0.010000823213431913
13,17188,0,0.0,1402,1133,16055,0.010000815022321405
13,17201,0,0.0,1403,1133,16068,0.01000080691271381
13,17214,0,0.0,1404,1133,16081,0.010000798883798156
13,17227,0,0.0,1405,1133,16094,0.01000079093477155
13,17240,0,0.0,1406,1133,16107,0.01000078306483908
16,17256,0,0.0,1407,1134,16122,0.010000775273213745
13,17269,0,0.0,1408,1134,16135,0.010000767559116379
13,17282,0,0.0,1409,1134,16148,0.010000759921775564
13,17295,0,0.0,1410,1134,16161,0.01000075236042756
13,17308,0,0.0,1411,1134,16174,0.010000744874316224
13,17321,0,0.0,1412,1134,16187,0.010000737462692942
13,17334,0,0.0,1413,1134,16200,0.010000730124816544
13,17347,0,0.0,1414,1134,16213,0.010000722859953235
13,17360,0,0.0,1415,1134,16226,0.010000715667376524
13,17373,0,0.0,1416,1134,16239,0.010000708546367148
13,17386,0,0.0,1417,1134,16252,0.010000701496212999
13,17399,0,0.0,1418,1134,16265,0.010000694516209054
13,17412,0,0.0,1419,1134,16278,0.01000068760565731
13,17425,0,0.0,1420,1134,16291,0.010000680763866706
13,17438,0,0.0,1421,1134,16304,0.010000673990153053
13,17451,0,0.0,1422,1134,16317,0.01000066728383898
13,17464,0,0.0,1423,1134,16330,0.010000660644253844
13,17477,0,0.0,1424,1134,16343,0.010000654070733687
13,17490,0,0.0,1425,1134,16356,0.010000647562621147
13,17503,0,0.0,1426,1134,16369,0.01000064111926541
13,17516,0,0.0,1427,1135,16381,0.010000634740022132
13,17529,0,0.0,1428,1135,16394,0.010000628424253385
13,17542,0,0.0,1429,1135,16407,0.010000622171327588
13,17555,0,0.0,1430,1135,16420,0.010000615980619442
13,17568,0,0.0,1431,1135,16433,0.01000060985150987
13,17581,0,0.0,1432,1135,16446,0.010000603783385959
13,17594,0,0.0,1433,1135,16459,0.01000059777564089
13,17607,0,0.0,1434,1135,16472,0.010000591827673882
13,17620,0,0.0,1435,1135,16485,0.010000585938890135
13,17633,0,0.0,1436,1135,16498,0.010000580108700766
10,17643,0,0.0,1437,1136,16507,0.010000574336522749
13,17656,0,0.0,1438,1136,16520,0.010000568621778864
13,17669,0,0.0,1439,1136,16533,0.010000562963897631
13,17682,0,0.0,1440,1136,16546,0.010000557362313256
13,17695,0,0.0,1441,1136,16559,0.010000551816465577
13,17708,0,0.0,1442,1136,16572,0.010000546325800004
13,17721,0,0.0,1443,1136,16585,0.010000540889767467
13,17734,0,0.0,1444,1136,16598,0.010000535507824357
13,17747,0,0.0,1445,1137,16610,0.010000530179432476
13,17760,0,0.0,1446,1138,16622,0.01000052490405898
13,17773,0,0.0,1447,1138,16635,0.010000519681176328
13,17786,0,0.0,1448,1138,16648,0.010000514510262227
13,17799,0,0.0,1449,1140,16659,0.01000050939079958
13,17812,0,0.0,1450,1140,16672,0.010000504322276437
13,17825,0,0.0,1451,1140,16685,0.010000499304185942
13,17838,0,0.0,1452,1140,16698,0.010000494336026282
13,17851,0,0.0,1453,1140,16711,0.010000489417300638
13,17864,0,0.0,1454,1140,16724,0.01000048454751713
13,17877,0,0.0,1455,1140,16737,0.010000479726188779
13,17890,0,0.0,1456,1140,16750,0.010000474952833445
13,17903,0,0.0,1457,1140,16763,0.010000470226973791
13,17916,0,0.0,1458,1140,16776,0.010000465548137227
13,17929,0,0.0,1459,1140,16789,0.010000460915855863
13,17942,0,0.0,1460,1140,16802,0.010000456329666469
13,17955,0,0.0,1461,1140,16815,0.010000451789110423
13,17968,0,0.0,1462,1140,16828,0.010000447293733663
13,17981,0,0.0,1463,1140,16841,0.01000044284308665
13,17994,0,0.0,1464,1140,16854,0.010000438436724315
13,18007,0,0.0,1465,1140,16867,0.010000434074206019
13,18020,0,0.0,1466,1140,16880,0.010000429755095503
13,18033,0,0.0,1467,1141,16892,0.010000425478960856
13,18046,0,0.0,1468,1141,16905,0.01000042124537446
13,18059,0,0.0,1469,1141,16918,0.010000417053912952
13,18072,0,0.0,1470,1141,16931,0.010000412904157182
13,18085,0,0.0,1471,1141,16944,0.010000408795692172
13,18098,0,0.0,1472,1142,16956,0.010000404728107072
13,18111,0,0.0,1473,1142,16969,0.010000400700995121
13,18124,0,0.0,1474,1142,16982,0.010000396713953601
13,18137,0,0.0,1475,1142,16995,0.010000392766583809
13,18150,0,0.0,1476,1142,17008,0.010000388858491003
13,18163,0,0.0,1477,1142,17021,0.010000384989284369
13,18176,0,0.0,1478,1142,17034,0.010000381158576986
13,18189,0,0.0,1479,1142,17047,0.010000377365985776
13,18202,0,0.0,1480,1142,17060,0.01000037361113148
13,18215,0,0.0,1481,1142,17073,0.01000036989363861
13,18228,0,0.0,1482,1142,17086,0.010000366213135409
13,18241,0,0.0,1483,1142,17099,0.010000362569253829
13,18254,0,0.0,1484,1142,17112,0.010000358961629477
13,18267,0,0.0,1485,1142,17125,0.010000355389901586
13,18280,0,0.0,1486,1142,17138,0.01000035185371298
13,18293,0,0.0,1487,1143,17150,0.010000348352710041
13,18306,0,0.0,1488,1143,17163,0.010000344886542662
13,18319,0,0.0,1489,1143,17176,0.010000341454864224
13,18332,0,0.0,1490,1143,17189,0.010000338057331559
13,18345,0,0.0,1491,1143,17202,0.010000334693604907
13,18358,0,0.0,1492,1143,17215,0.010000331363347895
13,18371,0,0.0,1493,1143,17228,0.010000328066227493
13,18384,0,0.0,1494,1143,17241,0.01000032480191399
13,18397,0,0.0,1495,1143,17254,0.010000321570080946
13,18410,0,0.0,1496,1143,17267,0.01000031837040518
13,18423,0,0.0,1497,1143,17280,0.010000315202566718
10,18433,0,0.0,1498,1144,17289,0.010000312066248776
6,18439,0,0.0,1499,1145,17294,0.010000308961137721
13,18452,0,0.0,1500,1145,17307,0.010000305886923036
13,18465,0,0.0,1501,1145,17320,0.010000302843297297
13,18478,0,0.0,1502,1145,17333,0.010000299829956141
13,18491,0,0.0,1503,1145,17346,0.01000029684659823
13,18504,0,0.0,1504,1145,17359,0.010000293892925227
13,18517,0,0.0,1505,1145,17372,0.01000029096864176
14,18531,0,0.0,1506,1146,17385,0.010000288073455401
13,18544,0,0.0,1507,1146,17398,0.010000285207076628
13,18557,0,0.0,1508,1146,17411,0.010000282369218799
13,18570,0,0.0,1509,1146,17424,0.010000279559598129
13,18583,0,0.0,1510,1146,17437,0.01000027677793365
13,18596,0,0.0,1511,1146,17450,0.010000274023947195
13,18609,0,0.0,1512,1146,17463,0.010000271297363365
13,18622,0,0.0,1513,1147,17475,0.010000268597909496
10,18632,0,0.0,1514,1148,17484,0.010000265925315641
13,18645,0,0.0,1515,1148,17497,0.01000026327931454
13,18658,0,0.0,1516,1148,17510,0.01000026065964159
13,18671,0,0.0,1517,1148,17523,0.010000258066034821
3,18674,0,0.0,1518,1149,17525,0.010000255498234871
13,18687,0,0.0,1519,1149,17538,0.010000252955984957
13,18700,0,0.0,1520,1149,17551,0.010000250439030854
13,18713,0,0.0,1521,1149,17564,0.010000247947120861
13,18726,0,0.0,1522,1149,17577,0.010000245480005786
13,18739,0,0.0,1523,1149,17590,0.010000243037438917
13,18752,0,0.0,1524,1149,17603,0.010000240619175996
13,18765,0,0.0,1525,1149,17616,0.010000238224975191
13,18778,0,0.0,1526,1149,17629,0.010000235854597084
13,18791,0,0.0,1527,1149,17642,0.01000023350780463
13,18804,0,0.0,1528,1150,17654,0.010000231184363153
13,18817,0,0.0,1529,1150,17667,0.010000228884040306
13,18830,0,0.0,1530,1150,17680,0.010000226606606053
13,18843,0,0.0,1531,1150,17693,0.010000224351832648
13,18856,0,0.0,1532,1150,17706,0.010000222119494615
14,18870,0,0.0,1533,1151,17719,0.010000219909368717
13,18883,0,0.0,1534,1151,17732,0.010000217721233938
13,18896,0,0.0,1535,1151,17745,0.010000215554871463
13,18909,0,0.0,1536,1151,17758,0.010000213410064657
13,18922,0,0.0,1537,1151,17771,0.010000211286599033
13,18935,0,0.0,1538,1151,17784,0.010000209184262247
13,18948,0,0.0,1539,1151,17797,0.01000020710284406
13,18961,0,0.0,1540,1151,17810,0.01000020504213633
13,18974,0,0.0,1541,1151,17823,0.010000203001932986
13,18987,0,0.0,1542,1151,17836,0.010000200982030003
6,18993,0,0.0,1543,1152,17841,0.010000198982225391
13,19006,0,0.0,1544,1152,17854,0.010000197002319168
13,19019,0,0.0,1545,1152,17867,0.01000019504211334
13,19032,0,0.0,1546,1153,17879,0.010000193101411887
13,19045,0,0.0,1547,1153,17892,0.010000191180020735
13,19058,0,0.0,1548,1153,17905,0.010000189277747745
13,19071,0,0.0,1549,1154,17917,0.010000187394402687
13,19084,0,0.0,1550,1154,17930,0.010000185529797227
13,19097,0,0.0,1551,1154,17943,0.010000183683744899
13,19110,0,0.0,1552,1154,17956,0.010000181856061099
13,19123,0,0.0,1553,1154,17969,0.010000180046563058
13,19136,0,0.0,1554,1154,17982,0.010000178255069823
13,19149,0,0.0,1555,1154,17995,0.010000176481402244
13,19162,0,0.0,1556,1154,18008,0.01000017472538295
13,19175,0,0.0,1557,1154,18021,0.010000172986836342
13,19188,0,0.0,1558,1154,18034,0.010000171265588562
13,19201,0,0.0,1559,1154,18047,0.010000169561467482
13,19214,0,0.0,1560,1154,18060,0.01000016787430269
13,19227,0,0.0,1561,1154,18073,0.01000016620392547
13,19240,0,0.0,1562,1154,18086,0.01000016455016878
13,19253,0,0.0,1563,1154,18099,0.010000162912867244
13,19266,0,0.0,1564,1154,18112,0.010000161291857131
6,19272,0,0.0,1565,1155,18117,0.010000159686976337
13,19285,0,0.0,1566,1155,18130,0.010000158098064375
13,19298,0,0.0,1567,1155,18143,0.01000015652496235
13,19311,0,0.0,1568,1155,18156,0.010000154967512952
13,19324,0,0.0,1569,1155,18169,0.010000153425560435
13,19337,0,0.0,1570,1155,18182,0.010000151898950602
13,19350,0,0.0,1571,1155,18195,0.01000015038753079
13,19363,0,0.0,1572,1155,18208,0.010000148891149856
13,19376,0,0.0,1573,1155,18221,0.010000147409658162
13,19389,0,0.0,1574,1155,18234,0.010000145942907556
13,19402,0,0.0,1575,1155,18247,0.010000144490751362
13,19415,0,0.0,1576,1155,18260,0.010000143053044365
13,19428,0,0.0,1577,1155,18273,0.010000141629642792
13,19441,0,0.0,1578,1155,18286,0.010000140220404298
13,19454,0,0.0,1579,1155,18299,0.010000138825187965
13,19467,0,0.0,1580,1155,18312,0.010000137443854265
13,19480,0,0.0,1581,1155,18325,0.010000136076265065
13,19493,0,0.0,1582,1155,18338,0.010000134722283604
13,19506,0,0.0,1583,1155,18351,0.010000133381774485
13,19519,0,0.0,1584,1155,18364,0.010000132054603653
13,19532,0,0.0,1585,1155,18377,0.010000130740638394
13,19545,0,0.0,1586,1155,18390,0.010000129439747306
13,19558,0,0.0,1587,1155,18403,0.0100001281518003
13,19571,0,0.0,1588,1155,18416,0.010000126876668581
6,19577,0,0.0,1589,1156,18421,0.010000125614224637
13,19590,0,0.0,1590,1156,18434,0.010000124364342217
13,19603,0,0.0,1591,1156,18447,0.010000123126896337
13,19616,0,0.0,1592,1156,18460,0.010000121901763248
13,19629,0,0.0,1593,1156,18473,0.010000120688820438
13,19642,0,0.0,1594,1156,18486,0.01000011948794661
13,19655,0,0.0,1595,1156,18499,0.010000118299021676
13,19668,0,0.0,1596,1156,18512,0.010000117121926742
13,19681,0,0.0,1597,1156,18525,0.010000115956544101
13,19694,0,0.0,1598,1156,18538,0.010000114802757209
13,19707,0,0.0,1599,1156,18551,0.010000113660450689
13,19720,0,0.0,1600,1156,18564,0.010000112529510307
13,19733,0,0.0,1601,1156,18577,0.010000111409822971
13,19746,0,0.0,1602,1156,18590,0.010000110301276711
10,19756,0,0.0,1603,1157,18599,0.010000109203760672
13,19769,0,0.0,1604,1157,18612,0.010000108117165098
13,19782,0,0.0,1605,1157,18625,0.01000010704138133
13,19795,0,0.0,1606,1157,18638,0.01000010597630179
13,19808,0,0.0,1607,1157,18651,0.010000104921819969
13,19821,0,0.0,1608,1157,18664,0.010000103877830416
13,19834,0,0.0,1609,1157,18677,0.010000102844228734
13,19847,0,0.0,1610,1157,18690,0.01000010182091156
13,19860,0,0.0,1611,1157,18703,0.010000100807776562
13,19873,0,0.0,1612,1157,18716,0.010000099804722426
14,19887,0,0.0,1613,1158,18729,0.010000098811648846
13,19900,0,0.0,1614,1158,18742,0.010000097828456511
13,19913,0,0.0,1615,1158,18755,0.010000096855047106
13,19926,0,0.0,1616,1158,18768,0.010000095891323285
13,19939,0,0.0,1617,1158,18781,0.010000094937188675
13,19952,0,0.0,1618,1158,18794,0.010000093992547865
13,19965,0,0.0,1619,1158,18807,0.010000093057306387
13,19978,0,0.0,1620,1158,18820,0.010000092131370718
13,19991,0,0.0,1621,1158,18833,0.010000091214648262
13,20004,0,0.0,1622,1158,18846,0.010000090307047347
11,20015,0,0.0,1623,1159,18856,0.010000089408477212
13,20028,0,0.0,1624,1159,18869,0.010000088518848
13,20041,0,0.0,1625,1159,18882,0.010000087638070747
13,20054,0,0.0,1626,1159,18895,0.010000086766057372
13,20067,0,0.0,1627,1159,18908,0.010000085902720677
13,20080,0,0.0,1628,1159,18921,0.010000085047974325
13,20093,0,0.0,1629,1159,18934,0.010000084201732842
13,20106,0,0.0,1630,1159,18947,0.0100000833639116
13,20119,0,0.0,1631,1159,18960,0.010000082534426821
13,20132,0,0.0,1632,1159,18973,0.010000081713195552
13,20145,0,0.0,1633,1159,18986,0.010000080900135672
13,20158,0,0.0,1634,1159,18999,0.010000080095165871
13,20171,0,0.0,1635,1159,19012,0.010000079298205657
13,20184,0,0.0,1636,1159,19025,0.010000078509175326
9,20193,0,0.0,1637,1160,19033,0.010000077727995979
13,20206,0,0.0,1638,1160,19046,0.010000076954589498
10,20216,0,0.0,1639,1161,19055,0.010000076188878538
13,20229,0,0.0,1640,1161,19068,0.01000007543078653
13,20242,0,0.0,1641,1161,19081,0.010000074680237664
13,20255,0,0.0,1642,1161,19094,0.010000073937156883
13,20268,0,0.0,1643,1161,19107,0.01000007320146988
13,20281,0,0.0,1644,1161,19120,0.010000072473103085
13,20294,0,0.0,1645,1161,19133,0.01000007175198366
13,20307,0,0.0,1646,1161,19146,0.010000071038039494
13,20320,0,0.0,1647,1161,19159,0.010000070331199191
13,20333,0,0.0,1648,1161,19172,0.010000069631392067
13,20346,0,0.0,1649,1161,19185,0.01000006893854814
13,20359,0,0.0,1650,1161,19198,0.010000068252598124
13,20372,0,0.0,1651,1161,19211,0.010000067573473426
13,20385,0,0.0,1652,1161,19224,0.01000006690110613
13,20398,0,0.0,1653,1161,19237,0.010000066235429003
13,20411,0,0.0,1654,1161,19250,0.010000065576375472
13,20424,0,0.0,1655,1161,19263,0.010000064923879634
13,20437,0,0.0,1656,1161,19276,0.010000064277876239
13,20450,0,0.0,1657,1161,19289,0.010000063638300683
13,20463,0,0.0,1658,1161,19302,0.010000063005089013
14,20477,0,0.0,1659,1162,19315,0.010000062378177901
13,20490,0,0.0,1660,1162,19328,0.01000006175750466
13,20503,0,0.0,1661,1162,19341,0.010000061143007222
13,20516,0,0.0,1662,1162,19354,0.010000060534624135
13,20529,0,0.0,1663,1162,19367,0.010000059932294561
13,20542,0,0.0,1664,1162,19380,0.010000059335958267
13,20555,0,0.0,1665,1162,19393,0.010000058745555618
13,20568,0,0.0,1666,1162,19406,0.010000058161027572
13,20581,0,0.0,1667,1162,19419,0.010000057582315678
13,20594,0,0.0,1668,1162,19432,0.010000057009362065
13,20607,0,0.0,1669,1162,19445,0.010000056442109434
13,20620,0,0.0,1670,1162,19458,0.010000055880501062
13,20633,0,0.0,1671,1163,19470,0.010000055324480787
13,20646,0,0.0,1672,1163,19483,0.010000054773993005
13,20659,0,0.0,1673,1163,19496,0.010000054228982667
13,20672,0,0.0,1674,1163,19509,0.010000053689395275
13,20685,0,0.0,1675,1163,19522,0.010000053155176866
13,20698,0,0.0,1676,1163,19535,0.01000005262627402
13,20711,0,0.0,1677,1163,19548,0.010000052102633843
13,20724,0,0.0,1678,1163,19561,0.010000051584203975
13,20737,0,0.0,1679,1163,19574,0.010000051070932568
13,20750,0,0.0,1680,1163,19587,0.010000050562768299
13,20763,0,0.0,1681,1163,19600,0.01000005005966035
13,20776,0,0.0,1682,1164,19612,0.010000049561558406
13,20789,0,0.0,1683,1164,19625,0.01000004906841266
13,20802,0,0.0,1684,1164,19638,0.010000048580173797
13,20815,0,0.0,1685,1164,19651,0.010000048096792991
13,20828,0,0.0,1686,1164,19664,0.010000047618221904
13,20841,0,0.0,1687,1164,19677,0.01000004714441268
13,20854,0,0.0,1688,1164,19690,0.010000046675317936
13,20867,0,0.0,1689,1164,19703,0.010000046210890762
13,20880,0,0.0,1690,1164,19716,0.010000045751084716
10,20890,0,0.0,1691,1165,19725,0.010000045295853818
13,20903,0,0.0,1692,1165,19738,0.010000044845152541
13,20916,0,0.0,1693,1165,19751,0.010000044398935818
13,20929,0,0.0,1694,1166,19763,0.010000043957159026
13,20942,0,0.0,1695,1166,19776,0.010000043519777985
13,20955,0,0.0,1696,1168,19787,0.010000043086748959
13,20968,0,0.0,1697,1168,19800,0.010000042658028644
13,20981,0,0.0,1698,1168,19813,0.010000042233574168
13,20994,0,0.0,1699,1168,19826,0.010000041813343083
13,21007,0,0.0,1700,1168,19839,0.010000041397293368
13,21020,0,0.0,1701,1168,19852,0.010000040985383415
13,21033,0,0.0,1702,1168,19865,0.010000040577572037
13,21046,0,0.0,1703,1168,19878,0.01000004017381845
13,21059,0,0.0,1704,1168,19891,0.010000039774082276
13,21072,0,0.0,1705,1168,19904,0.010000039378323547
10,21082,0,0.0,1706,1169,19913,0.01000003898650268
13,21095,0,0.0,1707,1169,19926,0.010000038598580497
13,21108,0,0.0,1708,1170,19938,0.010000038214518205
13,21121,0,0.0,1709,1171,19950,0.010000037834277395
13,21134,0,0.0,1710,1171,19963,0.010000037457820044
13,21147,0,0.0,1711,1171,19976,0.010000037085108507
13,21160,0,0.0,1712,1171,19989,0.010000036716105512
13,21173,0,0.0,1713,1172,20001,0.010000036350774158
13,21186,0,0.0,1714,1172,20014,0.010000035989077912
13,21199,0,0.0,1715,1172,20027,0.010000035630980604
13,21212,0,0.0,1716,1172,20040,0.010000035276446424
13,21225,0,0.0,1717,1172,20053,0.010000034925439917
13,21238,0,0.0,1718,1172,20066,0.010000034577925983
13,21251,0,0.0,1719,1172,20079,0.010000034233869871
13,21264,0,0.0,1720,1172,20092,0.010000033893237174
13,21277,0,0.0,1721,1172,20105,0.01000003355599383
13,21290,0,0.0,1722,1172,20118,0.010000033222106111
13,21303,0,0.0,1723,1172,20131,0.010000032891540634
13,21316,0,0.0,1724,1172,20144,0.010000032564264336
8,21324,0,0.0,1725,1173,20151,0.010000032240244492
13,21337,0,0.0,1726,1173,20164,0.010000031919448699
10,21347,0,0.0,1727,1174,20173,0.010000031601844877
13,21360,0,0.0,1728,1174,20186,0.010000031287401267
13,21373,0,0.0,1729,1174,20199,0.010000030976086424
8,21381,0,0.0,1730,1175,20206,0.010000030667869213
10,21391,0,0.0,1731,1176,20215,0.010000030362718817
14,21405,0,0.0,1732,1177,20228,0.010000030060604716
13,21418,0,0.0,1733,1177,20241,0.010000029761496701
13,21431,0,0.0,1734,1177,20254,0.010000029465364862
13,21444,0,0.0,1735,1177,20267,0.010000029172179582
11,21455,0,0.0,1736,1178,20277,0.010000028881911547
13,21468,0,0.0,1737,1178,20290,0.010000028594531725
13,21481,0,0.0,1738,1178,20303,0.01000002831001138
13,21494,0,0.0,1739,1178,20316,0.01000002802832206
13,21507,0,0.0,1740,1178,20329,0.010000027749435597
13,21520,0,0.0,1741,1178,20342,0.010000027473324099
13,21533,0,0.0,1742,1178,20355,0.010000027199959956
13,21546,0,0.0,1743,1178,20368,0.010000026929315833
13,21559,0,0.0,1744,1178,20381,0.010000026661364663
13,21572,0,0.0,1745,1178,20394,0.010000026396079652
13,21585,0,0.0,1746,1178,20407,0.010000026133434271
13,21598,0,0.0,1747,1178,20420,0.010000025873402256
13,21611,0,0.0,1748,1178,20433,0.010000025615957602
13,21624,0,0.0,1749,1178,20446,0.010000025361074565
14,21638,0,0.0,1750,1179,20459,0.010000025108727656
13,21651,0,0.0,1751,1179,20472,0.010000024858891642
13,21664,0,0.0,1752,1179,20485,0.010000024611541538
13,21677,0,0.0,1753,1180,20497,0.010000024366652607
13,21690,0,0.0,1754,1180,20510,0.010000024124200363
13,21703,0,0.0,1755,1180,20523,0.01000002388416056
13,21716,0,0.0,1756,1180,20536,0.01000002364650919
13,21729,0,0.0,1757,1180,20549,0.010000023411222492
13,21742,0,0.0,1758,1180,20562,0.010000023178276937
16,21758,0,0.0,1759,1181,20577,0.010000022947649227
13,21771,0,0.0,1760,1182,20589,0.010000022719316303
13,21784,0,0.0,1761,1182,20602,0.010000022493255328
13,21797,0,0.0,1762,1182,20615,0.010000022269443699
13,21810,0,0.0,1763,1182,20628,0.010000022047859032
13,21823,0,0.0,1764,1182,20641,0.010000021828479169
13,21836,0,0.0,1765,1182,20654,0.010000021611282172
13,21849,0,0.0,1766,1182,20667,0.010000021396246322
13,21862,0,0.0,1767,1182,20680,0.010000021183350114
13,21875,0,0.0,1768,1182,20693,0.010000020972572257
13,21888,0,0.0,1769,1182,20706,0.010000020763891677
13,21901,0,0.0,1770,1182,20719,0.010000020557287503
13,21914,0,0.0,1771,1182,20732,0.010000020352739074
15,21929,0,0.0,1772,1183,20746,0.010000020150225938
13,21942,0,0.0,1773,1183,20759,0.010000019949727839
14,21956,0,0.0,1774,1184,20772,0.01000001975122473
13,21969,0,0.0,1775,1184,20785,0.010000019554696761
13,21982,0,0.0,1776,1184,20798,0.010000019360124277
13,21995,0,0.0,1777,1184,20811,0.010000019167487823
13,22008,0,0.0,1778,1184,20824,0.010000018976768131
13,22021,0,0.0,1779,1184,20837,0.010000018787946133
13,22034,0,0.0,1780,1184,20850,0.010000018601002946
13,22047,0,0.0,1781,1184,20863,0.010000018415919874
13,22060,0,0.0,1782,1184,20876,0.01000001823267841
13,22073,0,0.0,1783,1184,20889,0.010000018051260228
13,22086,0,0.0,1784,1184,20902,0.010000017871647188
13,22099,0,0.0,1785,1184,20915,0.010000017693821328
13,22112,0,0.0,1786,1184,20928,0.010000017517764864
13,22125,0,0.0,1787,1184,20941,0.01000001734346019
13,22138,0,0.0,1788,1184,20954,0.010000017170889879
13,22151,0,0.0,1789,1184,20967,0.01000001700003667
13,22164,0,0.0,1790,1184,20980,0.010000016830883479
13,22177,0,0.0,1791,1184,20993,0.01000001666341339
13,22190,0,0.0,1792,1184,21006,0.010000016497609657
13,22203,0,0.0,1793,1184,21019,0.010000016333455698
13,22216,0,0.0,1794,1184,21032,0.010000016170935098
13,22229,0,0.0,1795,1184,21045,0.010000016010031604
13,22242,0,0.0,1796,1184,21058,0.010000015850729129
13,22255,0,0.0,1797,1184,21071,0.01000001569301174
13,22268,0,0.0,1798,1184,21084,0.010000015536863664
13,22281,0,0.0,1799,1184,21097,0.010000015382269287
13,22294,0,0.0,1800,1184,21110,0.01000001522921315
13,22307,0,0.0,1801,1184,21123,0.010000015077679947
13,22320,0,0.0,1802,1184,21136,0.010000014927654526
2,22322,0,0.0,1803,1185,21137,0.010000014779121881
13,22335,0,0.0,1804,1185,21150,0.01000001463206716
13,22348,0,0.0,1805,1185,21163,0.01000001448647566
13,22361,0,0.0,1806,1185,21176,0.01000001434233282
13,22374,0,0.0,1807,1185,21189,0.010000014199624223
13,22387,0,0.0,1808,1185,21202,0.010000014058335602
13,22400,0,0.0,1809,1185,21215,0.010000013918452825
13,22413,0,0.0,1810,1186,21227,0.010000013779961906
13,22426,0,0.0,1811,1186,21240,0.010000013642848993
13,22439,0,0.0,1812,1186,21253,0.010000013507100378
13,22452,0,0.0,1813,1186,21266,0.010000013372702484
13,22465,0,0.0,1814,1186,21279,0.010000013239641871
13,22478,0,0.0,1815,1186,21292,0.010000013107905234
13,22491,0,0.0,1816,1186,21305,0.010000012977479397
13,22504,0,0.0,1817,1186,21318,0.010000012848351319
13,22517,0,0.0,1818,1186,21331,0.010000012720508088
13,22530,0,0.0,1819,1186,21344,0.010000012593936918
13,22543,0,0.0,1820,1186,21357,0.010000012468625152
13,22556,0,0.0,1821,1187,21369,0.010000012344560258
13,22569,0,0.0,1822,1187,21382,0.010000012221729832
13,22582,0,0.0,1823,1187,21395,0.010000012100121587
13,22595,0,0.0,1824,1187,21408,0.010000011979723366
13,22608,0,0.0,1825,1187,21421,0.010000011860523126
13,22621,0,0.0,1826,1187,21434,0.01000001174250895
13,22634,0,0.0,1827,1187,21447,0.010000011625669034
13,22647,0,0.0,1828,1187,21460,0.010000011509991694
13,22660,0,0.0,1829,1187,21473,0.010000011395465363
13,22673,0,0.0,1830,1187,21486,0.010000011282078588
13,22686,0,0.0,1831,1187,21499,0.010000011169820031
13,22699,0,0.0,1832,1187,21512,0.010000011058678464
13,22712,0,0.0,1833,1187,21525,0.010000010948642776
13,22725,0,0.0,1834,1187,21538,0.01000001083970196
13,22738,0,0.0,1835,1187,21551,0.010000010731845123
13,22751,0,0.0,1836,1187,21564,0.01000001062506148
13,22764,0,0.0,1837,1187,21577,0.010000010519340352
2,22766,0,0.0,1838,1188,21578,0.010000010414671166
13,22779,0,0.0,1839,1188,21591,0.010000010311043457
13,22792,0,0.0,1840,1188,21604,0.01000001020844686
13,22805,0,0.0,1841,1188,21617,0.010000010106871116
13,22818,0,0.0,1842,1188,21630,0.010000010006306069
13,22831,0,0.0,1843,1188,21643,0.01000000990674166
13,22844,0,0.0,1844,1188,21656,0.010000009808167933
8,22852,0,0.0,1845,1189,21663,0.010000009710575032
13,22865,0,0.0,1846,1189,21676,0.010000009613953196
13,22878,0,0.0,1847,1189,21689,0.010000009518292764
13,22891,0,0.0,1848,1189,21702,0.010000009423584168
13,22904,0,0.0,1849,1189,21715,0.01000000932981794
12,22916,0,0.0,1850,1190,21726,0.010000009236984698
13,22929,0,0.0,1851,1190,21739,0.010000009145075166
13,22942,0,0.0,1852,1190,21752,0.010000009054080147
13,22955,0,0.0,1853,1190,21765,0.010000008963990545
13,22968,0,0.0,1854,1190,21778,0.010000008874797349
13,22981,0,0.0,1855,1190,21791,0.010000008786491639
13,22994,0,0.0,1856,1190,21804,0.010000008699064587
13,23007,0,0.0,1857,1190,21817,0.010000008612507449
13,23020,0,0.0,1858,1190,21830,0.010000008526811568
13,23033,0,0.0,1859,1190,21843,0.010000008441968375
13,23046,0,0.0,1860,1190,21856,0.010000008357969386
13,23059,0,0.0,1861,1190,21869,0.0100000082748062
13,23072,0,0.0,1862,1190,21882,0.010000008192470503
13,23085,0,0.0,1863,1190,21895,0.01000000811095406
13,23098,0,0.0,1864,1190,21908,0.010000008030248718
13,23111,0,0.0,1865,1190,21921,0.01000000795034641
13,23124,0,0.0,1866,1190,21934,0.01000000787123914
13,23137,0,0.0,1867,1190,21947,0.010000007792919001
13,23150,0,0.0,1868,1190,21960,0.010000007715378163
13,23163,0,0.0,1869,1190,21973,0.010000007638608867
13,23176,0,0.0,1870,1190,21986,0.01000000756260344
13,23189,0,0.0,1871,1190,21999,0.010000007487354277
13,23202,0,0.0,1872,1190,22012,0.010000007412853857
13,23215,0,0.0,1873,1190,22025,0.01000000733909473
13,23228,0,0.0,1874,1190,22038,0.010000007266069517
13,23241,0,0.0,1875,1190,22051,0.010000007193770916
13,23254,0,0.0,1876,1190,22064,0.0100000071221917
13,23267,0,0.0,1877,1190,22077,0.010000007051324708
13,23280,0,0.0,1878,1190,22090,0.010000006981162856
13,23293,0,0.0,1879,1190,22103,0.010000006911699125
13,23306,0,0.0,1880,1190,22116,0.01000000684292657
13,23319,0,0.0,1881,1190,22129,0.010000006774838312
13,23332,0,0.0,1882,1190,22142,0.010000006707427544
13,23345,0,0.0,1883,1190,22155,0.010000006640687526
13,23358,0,0.0,1884,1190,22168,0.010000006574611581
13,23371,0,0.0,1885,1190,22181,0.010000006509193103
13,23384,0,0.0,1886,1190,22194,0.010000006444425549
13,23397,0,0.0,1887,1190,22207,0.010000006380302443
13,23410,0,0.0,1888,1191,22219,0.010000006316817373
13,23423,0,0.0,1889,1191,22232,0.010000006253963991
13,23436,0,0.0,1890,1191,22245,0.01000000619173601
13,23449,0,0.0,1891,1191,22258,0.010000006130127206
13,23462,0,0.0,1892,1191,22271,0.010000006069131422
13,23475,0,0.0,1893,1191,22284,0.010000006008742554
13,23488,0,0.0,1894,1191,22297,0.010000005948954567
13,23501,0,0.0,1895,1191,22310,0.01000000588976148
13,23514,0,0.0,1896,1191,22323,0.010000005831157375
14,23528,0,0.0,1897,1192,22336,0.01000000577313639
13,23541,0,0.0,1898,1192,22349,0.010000005715692721
13,23554,0,0.0,1899,1192,22362,0.01000000565882063
13,23567,0,0.0,1900,1192,22375,0.010000005602514423
13,23580,0,0.0,1901,1192,22388,0.010000005546768474
13,23593,0,0.0,1902,1192,22401,0.010000005491577205
13,23606,0,0.0,1903,1192,22414,0.010000005436935099
13,23619,0,0.0,1904,1192,22427,0.01000000538283669
13,23632,0,0.0,1905,1192,22440,0.01000000532927657
13,23645,0,0.0,1906,1192,22453,0.010000005276249382
13,23658,0,0.0,1907,1192,22466,0.010000005223749824
13,23671,0,0.0,1908,1193,22478,0.010000005171772646
13,23684,0,0.0,1909,1193,22491,0.010000005120312648
10,23694,0,0.0,1910,1194,22500,0.010000005069364685
16,23710,0,0.0,1911,1195,22515,0.010000005018923664
13,23723,0,0.0,1912,1195,22528,0.010000004968984538
13,23736,0,0.0,1913,1195,22541,0.010000004919542317
13,23749,0,0.0,1914,1195,22554,0.010000004870592053
13,23762,0,0.0,1915,1195,22567,0.010000004822128853
13,23775,0,0.0,1916,1195,22580,0.010000004774147869
13,23788,0,0.0,1917,1195,22593,0.010000004726644304
13,23801,0,0.0,1918,1195,22606,0.010000004679613407
13,23814,0,0.0,1919,1196,22618,0.010000004633050475
13,23827,0,0.0,1920,1196,22631,0.010000004586950852
13,23840,0,0.0,1921,1196,22644,0.010000004541309929
13,23853,0,0.0,1922,1196,22657,0.01000000449612314
13,23866,0,0.0,1923,1196,22670,0.010000004451385968
13,23879,0,0.0,1924,1196,22683,0.010000004407093938
13,23892,0,0.0,1925,1196,22696,0.01000000436324262
13,23905,0,0.0,1926,1196,22709,0.010000004319827631
13,23918,0,0.0,1927,1196,22722,0.010000004276844627
13,23931,0,0.0,1928,1196,22735,0.010000004234289312
13,23944,0,0.0,1929,1196,22748,0.01000000419215743
13,23957,0,0.0,1930,1196,22761,0.010000004150444766
13,23970,0,0.0,1931,1196,22774,0.010000004109147151
13,23983,0,0.0,1932,1197,22786,0.010000004068260454
13,23996,0,0.0,1933,1197,22799,0.010000004027780587
13,24009,0,0.0,1934,1197,22812,0.0100000039877035
13,24022,0,0.0,1935,1197,22825,0.010000003948025186
13,24035,0,0.0,1936,1197,22838,0.01000000390874168
13,24048,0,0.0,1937,1197,22851,0.01000000386984905
13,24061,0,0.0,1938,1197,22864,0.01000000383134341
13,24074,0,0.0,1939,1197,22877,0.010000003793220904
14,24088,0,0.0,1940,1198,22890,0.010000003755477726
13,24101,0,0.0,1941,1198,22903,0.010000003718110098
13,24114,0,0.0,1942,1198,22916,0.010000003681114285
13,24127,0,0.0,1943,1198,22929,0.010000003644486586
13,24140,0,0.0,1944,1198,22942,0.010000003608223338
13,24153,0,0.0,1945,1198,22955,0.010000003572320917
13,24166,0,0.0,1946,1198,22968,0.010000003536775728
13,24179,0,0.0,1947,1198,22981,0.010000003501584222
13,24192,0,0.0,1948,1198,22994,0.010000003466742877
13,24205,0,0.0,1949,1198,23007,0.01000000343224821
16,24221,0,0.0,1950,1199,23022,0.01000000339809677
13,24234,0,0.0,1951,1200,23034,0.010000003364285142
14,24248,0,0.0,1952,1201,23047,0.010000003330809946
13,24261,0,0.0,1953,1201,23060,0.010000003297667832
13,24274,0,0.0,1954,1201,23073,0.010000003264855489
13,24287,0,0.0,1955,1201,23086,0.010000003232369634
11,24298,0,0.0,1956,1202,23096,0.01000000320020702
13,24311,0,0.0,1957,1202,23109,0.010000003168364427
13,24324,0,0.0,1958,1202,23122,0.010000003136838674
13,24337,0,0.0,1959,1202,23135,0.010000003105626609
13,24350,0,0.0,1960,1202,23148,0.010000003074725107
13,24363,0,0.0,1961,1202,23161,0.010000003044131081
13,24376,0,0.0,1962,1202,23174,0.01000000301384147
13,24389,0,0.0,1963,1202,23187,0.010000002983853246
13,24402,0,0.0,1964,1202,23200,0.01000000295416341
16,24418,0,0.0,1965,1203,23215,0.010000002924768993
13,24431,0,0.0,1966,1203,23228,0.010000002895667057
13,24444,0,0.0,1967,1203,23241,0.010000002866854688
13,24457,0,0.0,1968,1204,23253,0.010000002838329006
13,24470,0,0.0,1969,1204,23266,0.010000002810087161
13,24483,0,0.0,1970,1204,23279,0.010000002782126326
13,24496,0,0.0,1971,1204,23292,0.010000002754443708
13,24509,0,0.0,1972,1205,23304,0.010000002727036534
13,24522,0,0.0,1973,1205,23317,0.010000002699902068
13,24535,0,0.0,1974,1205,23330,0.010000002673037594
13,24548,0,0.0,1975,1205,23343,0.010000002646440425
13,24561,0,0.0,1976,1205,23356,0.010000002620107903
13,24574,0,0.0,1977,1205,23369,0.010000002594037393
13,24587,0,0.0,1978,1205,23382,0.01000000256822629
13,24600,0,0.0,1979,1205,23395,0.010000002542672012
13,24613,0,0.0,1980,1205,23408,0.010000002517372002
14,24627,0,0.0,1981,1206,23421,0.010000002492323733
13,24640,0,0.0,1982,1206,23434,0.010000002467524697
8,24648,0,0.0,1983,1207,23441,0.010000002442972417
13,24661,0,0.0,1984,1207,23454,0.010000002418664434
13,24674,0,0.0,1985,1207,23467,0.010000002394598322
13,24687,0,0.0,1986,1207,23480,0.01000000237077167
13,24700,0,0.0,1987,1207,23493,0.010000002347182098
13,24713,0,0.0,1988,1207,23506,0.010000002323827245
7,24720,0,0.0,1989,1209,23511,0.010000002300704778
13,24733,0,0.0,1990,1210,23523,0.010000002277812383
13,24746,0,0.0,1991,1210,23536,0.010000002255147772
13,24759,0,0.0,1992,1210,23549,0.010000002232708676
13,24772,0,0.0,1993,1210,23562,0.010000002210492853
13,24785,0,0.0,1994,1210,23575,0.010000002188498083
13,24798,0,0.0,1995,1210,23588,0.010000002166722161
13,24811,0,0.0,1996,1210,23601,0.010000002145162916
13,24824,0,0.0,1997,1210,23614,0.01000000212381819
13,24837,0,0.0,1998,1210,23627,0.010000002102685845
13,24850,0,0.0,1999,1210,23640,0.01000000208176377
13,24863,0,0.0,2000,1210,23653,0.010000002061049876
13,24876,0,0.0,2001,1210,23666,0.010000002040542086
13,24889,0,0.0,2002,1210,23679,0.010000002020238354
13,24902,0,0.0,2003,1210,23692,0.010000002000136647
13,24915,0,0.0,2004,1210,23705,0.010000001980234954
13,24928,0,0.0,2005,1210,23718,0.010000001960531286
13,24941,0,0.0,2006,1210,23731,0.010000001941023675
13,24954,0,0.0,2007,1210,23744,0.010000001921710166
13,24967,0,0.0,2008,1210,23757,0.010000001902588831
13,24980,0,0.0,2009,1210,23770,0.010000001883657756
13,24993,0,0.0,2010,1210,23783,0.010000001864915047
13,25006,0,0.0,2011,1210,23796,0.010000001846358833
13,25019,0,0.0,2012,1210,23809,0.010000001827987255
13,25032,0,0.0,2013,1210,23822,0.010000001809798478
13,25045,0,0.0,2014,1210,23835,0.010000001791790683
13,25058,0,0.0,2015,1210,23848,0.010000001773962068
13,25071,0,0.0,2016,1210,23861,0.01000000175631085
13,25084,0,0.0,2017,1210,23874,0.010000001738835265
13,25097,0,0.0,2018,1210,23887,0.010000001721533565
13,25110,0,0.0,2019,1210,23900,0.01000000170440402
13,25123,0,0.0,2020,1210,23913,0.010000001687444917
13,25136,0,0.0,2021,1210,23926,0.01000000167065456
13,25149,0,0.0,2022,1210,23939,0.010000001654031268
13,25162,0,0.0,2023,1210,23952,0.010000001637573383
13,25175,0,0.0,2024,1210,23965,0.010000001621279255
13,25188,0,0.0,2025,1210,23978,0.010000001605147257
13,25201,0,0.0,2026,1210,23991,0.010000001589175776
13,25214,0,0.0,2027,1210,24004,0.010000001573363212
13,25227,0,0.0,2028,1210,24017,0.010000001557707985
13,25240,0,0.0,2029,1210,24030,0.010000001542208533
13,25253,0,0.0,2030,1210,24043,0.010000001526863301
13,25266,0,0.0,2031,1210,24056,0.010000001511670758
13,25279,0,0.0,2032,1210,24069,0.010000001496629383
13,25292,0,0.0,2033,1211,24081,0.010000001481737672
13,25305,0,0.0,2034,1211,24094,0.010000001466994136
11,25316,0,0.0,2035,1212,24104,0.0100000014523973
13,25329,0,0.0,2036,1212,24117,0.010000001437945705
13,25342,0,0.0,2037,1212,24130,0.010000001423637906
13,25355,0,0.0,2038,1212,24143,0.010000001409472473
13,25368,0,0.0,2039,1212,24156,0.010000001395447987
13,25381,0,0.0,2040,1212,24169,0.010000001381563048
13,25394,0,0.0,2041,1212,24182,0.010000001367816265
13,25407,0,0.0,2042,1212,24195,0.010000001354206266
13,25420,0,0.0,2043,1212,24208,0.010000001340731689
15,25435,0,0.0,2044,1213,24222,0.010000001327391185
15,25450,0,0.0,2045,1214,24236,0.010000001314183422
13,25463,0,0.0,2046,1214,24249,0.010000001301107078
13,25476,0,0.0,2047,1214,24262,0.010000001288160847
13,25489,0,0.0,2048,1214,24275,0.010000001275343432
13,25502,0,0.0,2049,1214,24288,0.010000001262653553
13,25515,0,0.0,2050,1214,24301,0.010000001250089941
13,25528,0,0.0,2051,1214,24314,0.010000001237651338
13,25541,0,0.0,2052,1214,24327,0.010000001225336501
13,25554,0,0.0,2053,1214,24340,0.0100000012131442
10,25564,0,0.0,2054,1216,24348,0.010000001201073213
13,25577,0,0.0,2055,1216,24361,0.010000001189122336
13,25590,0,0.0,2056,1216,24374,0.01000000117729037
13,25603,0,0.0,2057,1216,24387,0.010000001165576136
13,25616,0,0.0,2058,1216,24400,0.010000001153978458
13,25629,0,0.0,2059,1216,24413,0.010000001142496181
13,25642,0,0.0,2060,1216,24426,0.010000001131128155
13,25655,0,0.0,2061,1217,24438,0.010000001119873241
13,25668,0,0.0,2062,1217,24451,0.010000001108730316
13,25681,0,0.0,2063,1217,24464,0.010000001097698266
13,25694,0,0.0,2064,1217,24477,0.010000001086775985
13,25707,0,0.0,2065,1217,24490,0.010000001075962384
13,25720,0,0.0,2066,1217,24503,0.010000001065256378
13,25733,0,0.0,2067,1217,24516,0.0100000010546569
13,25746,0,0.0,2068,1217,24529,0.010000001044162888
13,25759,0,0.0,2069,1217,24542,0.010000001033773295
13,25772,0,0.0,2070,1217,24555,0.010000001023487078
13,25785,0,0.0,2071,1217,24568,0.010000001013303212
13,25798,0,0.0,2072,1217,24581,0.010000001003220677
13,25811,0,0.0,2073,1217,24594,0.010000000993238464
13,25824,0,0.0,2074,1217,24607,0.010000000983355576
13,25837,0,0.0,2075,1217,24620,0.010000000973571024
13,25850,0,0.0,2076,1218,24632,0.01000000096388383
13,25863,0,0.0,2077,1218,24645,0.010000000954293027
13,25876,0,0.0,2078,1218,24658,0.010000000944797652
13,25889,0,0.0,2079,1218,24671,0.010000000935396759
14,25903,0,0.0,2080,1219,24684,0.010000000926089405
13,25916,0,0.0,2081,1219,24697,0.010000000916874661
13,25929,0,0.0,2082,1219,24710,0.010000000907751607
13,25942,0,0.0,2083,1219,24723,0.010000000898719327
13,25955,0,0.0,2084,1220,24735,0.01000000088977692
13,25968,0,0.0,2085,1220,24748,0.010000000880923492
13,25981,0,0.0,2086,1220,24761,0.010000000872158157
13,25994,0,0.0,2087,1220,24774,0.010000000863480038
13,26007,0,0.0,2088,1220,24787,0.010000000854888268
13,26020,0,0.0,2089,1221,24799,0.010000000846381987
13,26033,0,0.0,2090,1221,24812,0.010000000837960347
13,26046,0,0.0,2091,1221,24825,0.010000000829622501
13,26059,0,0.0,2092,1221,24838,0.01000000082136762
13,26072,0,0.0,2093,1221,24851,0.010000000813194876
13,26085,0,0.0,2094,1221,24864,0.010000000805103451
13,26098,0,0.0,2095,1221,24877,0.010000000797092538
13,26111,0,0.0,2096,1221,24890,0.010000000789161335
13,26124,0,0.0,2097,1221,24903,0.010000000781309049
13,26137,0,0.0,2098,1221,24916,0.010000000773534894
13,26150,0,0.0,2099,1221,24929,0.010000000765838093
11,26161,0,0.0,2100,1222,24939,0.010000000758217876
13,26174,0,0.0,2101,1222,24952,0.010000000750673482
13,26187,0,0.0,2102,1222,24965,0.010000000743204156
13,26200,0,0.0,2103,1222,24978,0.010000000735809152
13,26213,0,0.0,2104,1222,24991,0.010000000728487729
13,26226,0,0.0,2105,1222,25004,0.010000000721239154
10,26236,0,0.0,2106,1223,25013,0.010000000714062705
13,26249,0,0.0,2107,1223,25026,0.010000000706957663
13,26262,0,0.0,2108,1223,25039,0.010000000699923316
13,26275,0,0.0,2109,1223,25052,0.010000000692958963
13,26288,0,0.0,2110,1223,25065,0.010000000686063906
13,26301,0,0.0,2111,1223,25078,0.010000000679237456
13,26314,0,0.0,2112,1223,25091,0.01000000067247893
13,26327,0,0.0,2113,1223,25104,0.010000000665787653
13,26340,0,0.0,2114,1223,25117,0.010000000659162955
13,26353,0,0.0,2115,1223,25130,0.010000000652604174
13,26366,0,0.0,2116,1223,25143,0.010000000646110655
13,26379,0,0.0,2117,1223,25156,0.010000000639681745
13,26392,0,0.0,2118,1224,25168,0.010000000633316805
14,26406,0,0.0,2119,1225,25181,0.010000000627015199
13,26419,0,0.0,2120,1225,25194,0.010000000620776293
13,26432,0,0.0,2121,1225,25207,0.010000000614599465
13,26445,0,0.0,2122,1225,25220,0.010000000608484098
13,26458,0,0.0,2123,1226,25232,0.01000000060242958
13,26471,0,0.0,2124,1226,25245,0.010000000596435306
13,26484,0,0.0,2125,1226,25258,0.010000000590500676
13,26497,0,0.0,2126,1226,25271,0.010000000584625097
13,26510,0,0.0,2127,1226,25284,0.01000000057880798
13,26523,0,0.0,2128,1226,25297,0.010000000573048744
13,26536,0,0.0,2129,1226,25310,0.010000000567346814
13,26549,0,0.0,2130,1226,25323,0.010000000561701618
13,26562,0,0.0,2131,1226,25336,0.010000000556112594
13,26575,0,0.0,2132,1226,25349,0.010000000550579181
13,26588,0,0.0,2133,1226,25362,0.010000000545100826
13,26601,0,0.0,2134,1226,25375,0.010000000539676982
13,26614,0,0.0,2135,1226,25388,0.010000000534307107
13,26627,0,0.0,2136,1226,25401,0.010000000528990662
13,26640,0,0.0,2137,1226,25414,0.010000000523727117
13,26653,0,0.0,2138,1226,25427,0.010000000518515946
13,26666,0,0.0,2139,1226,25440,0.010000000513356627
13,26679,0,0.0,2140,1226,25453,0.010000000508248641
13,26692,0,0.0,2141,1226,25466,0.010000000503191483
13,26705,0,0.0,2142,1226,25479,0.010000000498184645
13,26718,0,0.0,2143,1226,25492,0.010000000493227624
13,26731,0,0.0,2144,1227,25504,0.010000000488319928
13,26744,0,0.0,2145,1227,25517,0.010000000483461063
13,26757,0,0.0,2146,1227,25530,0.010000000478650545
13,26770,0,0.0,2147,1227,25543,0.010000000473887893
13,26783,0,0.0,2148,1227,25556,0.01000000046917263
13,26796,0,0.0,2149,1227,25569,0.010000000464504284
13,26809,0,0.0,2150,1227,25582,0.01000000045988239
13,26822,0,0.0,2151,1227,25595,0.010000000455306482
13,26835,0,0.0,2152,1227,25608,0.010000000450776108
13,26848,0,0.0,2153,1227,25621,0.01000000044629081
13,26861,0,0.0,2154,1227,25634,0.010000000441850142
13,26874,0,0.0,2155,1227,25647,0.01000000043745366
13,26887,0,0.0,2156,1227,25660,0.010000000433100923
13,26900,0,0.0,2157,1227,25673,0.010000000428791497
13,26913,0,0.0,2158,1227,25686,0.01000000042452495
13,26926,0,0.0,2159,1227,25699,0.010000000420300857
13,26939,0,0.0,2160,1228,25711,0.010000000416118794
13,26952,0,0.0,2161,1229,25723,0.010000000411978342
13,26965,0,0.0,2162,1229,25736,0.01000000040787909
13,26978,0,0.0,2163,1229,25749,0.010000000403820625
13,26991,0,0.0,2164,1229,25762,0.010000000399802542
13,27004,0,0.0,2165,1229,25775,0.010000000395824441
13,27017,0,0.0,2166,1229,25788,0.010000000391885921
13,27030,0,0.0,2167,1229,25801,0.010000000387986591
13,27043,0,0.0,2168,1229,25814,0.010000000384126061
13,27056,0,0.0,2169,1229,25827,0.010000000380303941
13,27069,0,0.0,2170,1229,25840,0.010000000376519855
13,27082,0,0.0,2171,1229,25853,0.01000000037277342
13,27095,0,0.0,2172,1229,25866,0.010000000369064262
13,27108,0,0.0,2173,1229,25879,0.010000000365392012
13,27121,0,0.0,2174,1230,25891,0.0100000003617563
13,27134,0,0.0,2175,1230,25904,0.010000000358156765
13,27147,0,0.0,2176,1230,25917,0.010000000354593046
15,27162,0,0.0,2177,1231,25931,0.010000000351064785
13,27175,0,0.0,2178,1231,25944,0.010000000347571633
13,27188,0,0.0,2179,1231,25957,0.010000000344113236
13,27201,0,0.0,2180,1232,25969,0.010000000340689253
13,27214,0,0.0,2181,1232,25982,0.010000000337299338
13,27227,0,0.0,2182,1232,25995,0.010000000333943155
13,27240,0,0.0,2183,1232,26008,0.010000000330620365
13,27253,0,0.0,2184,1232,26021,0.010000000327330637
13,27266,0,0.0,2185,1232,26034,0.010000000324073641
13,27279,0,0.0,2186,1232,26047,0.010000000320849056
13,27292,0,0.0,2187,1232,26060,0.010000000317656554
13,27305,0,0.0,2188,1232,26073,0.010000000314495818
13,27318,0,0.0,2189,1232,26086,0.010000000311366533
13,27331,0,0.0,2190,1232,26099,0.010000000308268385
13,27344,0,0.0,2191,1232,26112,0.010000000305201063
13,27357,0,0.0,2192,1232,26125,0.01000000030216426
13,27370,0,0.0,2193,1232,26138,0.010000000299157676
13,27383,0,0.0,2194,1232,26151,0.010000000296181009
7,27390,0,0.0,2195,1233,26157,0.010000000293233958
13,27403,0,0.0,2196,1233,26170,0.010000000290316231
13,27416,0,0.0,2197,1233,26183,0.010000000287427537
13,27429,0,0.0,2198,1234,26195,0.010000000284567585
13,27442,0,0.0,2199,1234,26208,0.01000000028173609
13,27455,0,0.0,2200,1234,26221,0.01000000027893277
13,27468,0,0.0,2201,1234,26234,0.010000000276157342
13,27481,0,0.0,2202,1234,26247,0.01000000027340953
13,27494,0,0.0,2203,1235,26259,0.01000000027068906
13,27507,0,0.0,2204,1235,26272,0.010000000267995659
13,27520,0,0.0,2205,1235,26285,0.010000000265329058
13,27533,0,0.0,2206,1235,26298,0.010000000262688989
13,27546,0,0.0,2207,1235,26311,0.010000000260075189
13,27559,0,0.0,2208,1235,26324,0.010000000257487398
13,27572,0,0.0,2209,1235,26337,0.010000000254925355
13,27585,0,0.0,2210,1236,26349,0.010000000252388806
13,27598,0,0.0,2211,1236,26362,0.010000000249877496
13,27611,0,0.0,2212,1236,26375,0.010000000247391174
13,27624,0,0.0,2213,1237,26387,0.01000000024492959
13,27637,0,0.0,2214,1237,26400,0.0100000002424925
13,27650,0,0.0,2215,1237,26413,0.01000000024007966
13,27663,0,0.0,2216,1237,26426,0.010000000237690827
13,27676,0,0.0,2217,1237,26439,0.010000000235325763
13,27689,0,0.0,2218,1237,26452,0.010000000232984233
13,27702,0,0.0,2219,1237,26465,0.010000000230666
13,27715,0,0.0,2220,1237,26478,0.010000000228370836
13,27728,0,0.0,2221,1237,26491,0.010000000226098508
13,27741,0,0.0,2222,1237,26504,0.01000000022384879
13,27754,0,0.0,2223,1237,26517,0.010000000221621458
13,27767,0,0.0,2224,1237,26530,0.010000000219416287
13,27780,0,0.0,2225,1237,26543,0.010000000217233058
13,27793,0,0.0,2226,1237,26556,0.010000000215071555
13,27806,0,0.0,2227,1237,26569,0.010000000212931556
13,27819,0,0.0,2228,1237,26582,0.010000000210812852
13,27832,0,0.0,2229,1237,26595,0.01000000020871523
13,27845,0,0.0,2230,1237,26608,0.010000000206638477
13,27858,0,0.0,2231,1237,26621,0.010000000204582391
13,27871,0,0.0,2232,1237,26634,0.01000000020254676
13,27884,0,0.0,2233,1237,26647,0.010000000200531387
13,27897,0,0.0,2234,1237,26660,0.010000000198536066
13,27910,0,0.0,2235,1237,26673,0.0100000001965606
13,27923,0,0.0,2236,1238,26685,0.010000000194604789
13,27936,0,0.0,2237,1238,26698,0.010000000192668439
13,27949,0,0.0,2238,1238,26711,0.010000000190751356
13,27962,0,0.0,2239,1238,26724,0.010000000188853348
13,27975,0,0.0,2240,1238,26737,0.010000000186974226
13,27988,0,0.0,2241,1238,26750,0.010000000185113801
13,28001,0,0.0,2242,1238,26763,0.01000000018327189
13,28014,0,0.0,2243,1238,26776,0.010000000181448303
13,28027,0,0.0,2244,1238,26789,0.010000000179642862
13,28040,0,0.0,2245,1238,26802,0.010000000177855385
13,28053,0,0.0,2246,1238,26815,0.010000000176085695
13,28066,0,0.0,2247,1238,26828,0.010000000174333614
13,28079,0,0.0,2248,1238,26841,0.010000000172598965
13,28092,0,0.0,2249,1239,26853,0.010000000170881576
13,28105,0,0.0,2250,1239,26866,0.010000000169181277
13,28118,0,0.0,2251,1239,26879,0.010000000167497894
13,28131,0,0.0,2252,1239,26892,0.010000000165831262
13,28144,0,0.0,2253,1239,26905,0.010000000164181214
13,28157,0,0.0,2254,1239,26918,0.010000000162547583
13,28170,0,0.0,2255,1240,26930,0.010000000160930209
13,28183,0,0.0,2256,1240,26943,0.010000000159328925
8,28191,0,0.0,2257,1241,26950,0.010000000157743577
13,28204,0,0.0,2258,1241,26963,0.010000000156174001
13,28217,0,0.0,2259,1241,26976,0.010000000154620044
13,28230,0,0.0,2260,1241,26989,0.01000000015308155
13,28243,0,0.0,2261,1241,27002,0.010000000151558363
13,28256,0,0.0,2262,1241,27015,0.010000000150050332
13,28269,0,0.0,2263,1242,27027,0.010000000148557306
13,28282,0,0.0,2264,1242,27040,0.010000000147079136
13,28295,0,0.0,2265,1242,27053,0.010000000145615674
13,28308,0,0.0,2266,1242,27066,0.010000000144166774
15,28323,0,0.0,2267,1243,27080,0.01000000014273229
13,28336,0,0.0,2268,1243,27093,0.01000000014131208
13,28349,0,0.0,2269,1243,27106,0.010000000139906002
13,28362,0,0.0,2270,1243,27119,0.010000000138513914
14,28376,0,0.0,2271,1244,27132,0.010000000137135678
13,28389,0,0.0,2272,1244,27145,0.010000000135771155
13,28402,0,0.0,2273,1244,27158,0.01000000013442021
13,28415,0,0.0,2274,1244,27171,0.010000000133082705
13,28428,0,0.0,2275,1244,27184,0.01000000013175851
13,28441,0,0.0,2276,1245,27196,0.010000000130447492
13,28454,0,0.0,2277,1245,27209,0.010000000129149518
13,28467,0,0.0,2278,1246,27221,0.010000000127864459
13,28480,0,0.0,2279,1246,27234,0.010000000126592185
13,28493,0,0.0,2280,1246,27247,0.010000000125332573
10,28503,0,0.0,2281,1247,27256,0.010000000124085492
13,28516,0,0.0,2282,1247,27269,0.010000000122850822
13,28529,0,0.0,2283,1247,27282,0.010000000121628435
13,28542,0,0.0,2284,1247,27295,0.010000000120418212
13,28555,0,0.0,2285,1247,27308,0.01000000011922003
13,28568,0,0.0,2286,1247,27321,0.010000000118033772
13,28581,0,0.0,2287,1247,27334,0.010000000116859316
13,28594,0,0.0,2288,1247,27347,0.010000000115696546
13,28607,0,0.0,2289,1247,27360,0.010000000114545346
13,28620,0,0.0,2290,1247,27373,0.010000000113405601
13,28633,0,0.0,2291,1247,27386,0.010000000112277196
13,28646,0,0.0,2292,1247,27399,0.010000000111160019
13,28659,0,0.0,2293,1247,27412,0.01000000011005396
13,28672,0,0.0,2294,1247,27425,0.010000000108958905
13,28685,0,0.0,2295,1247,27438,0.010000000107874744
13,28698,0,0.0,2296,1247,27451,0.010000000106801374
13,28711,0,0.0,2297,1247,27464,0.010000000105738682
13,28724,0,0.0,2298,1247,27477,0.010000000104686563
13,28737,0,0.0,2299,1247,27490,0.010000000103644916
13,28750,0,0.0,2300,1247,27503,0.010000000102613631
13,28763,0,0.0,2301,1247,27516,0.010000000101592608
13,28776,0,0.0,2302,1247,27529,0.010000000100581745
13,28789,0,0.0,2303,1247,27542,0.010000000099580941
13,28802,0,0.0,2304,1247,27555,0.010000000098590093
13,28815,0,0.0,2305,1247,27568,0.010000000097609105
13,28828,0,0.0,2306,1247,27581,0.010000000096637878
13,28841,0,0.0,2307,1247,27594,0.010000000095676316
13,28854,0,0.0,2308,1247,27607,0.01000000009472432
13,28867,0,0.0,2309,1247,27620,0.010000000093781799
13,28880,0,0.0,2310,1247,27633,0.010000000092848653
13,28893,0,0.0,2311,1247,27646,0.010000000091924794
13,28906,0,0.0,2312,1247,27659,0.010000000091010127
13,28919,0,0.0,2313,1247,27672,0.010000000090104561
13,28932,0,0.0,2314,1248,27684,0.010000000089208006
13,28945,0,0.0,2315,1248,27697,0.01000000008832037
13,28958,0,0.0,2316,1248,27710,0.010000000087441568
13,28971,0,0.0,2317,1248,27723,0.01000000008657151
13,28984,0,0.0,2318,1248,27736,0.01000000008571011
13,28997,0,0.0,2319,1248,27749,0.01000000008485728
13,29010,0,0.0,2320,1248,27762,0.010000000084012936
13,29023,0,0.0,2321,1248,27775,0.010000000083176993
13,29036,0,0.0,2322,1248,27788,0.010000000082349369
13,29049,0,0.0,2323,1248,27801,0.010000000081529977
13,29062,0,0.0,2324,1248,27814,0.010000000080718741
13,29075,0,0.0,2325,1248,27827,0.010000000079915576
13,29088,0,0.0,2326,1248,27840,0.010000000079120403
13,29101,0,0.0,2327,1248,27853,0.010000000078333142
13,29114,0,0.0,2328,1248,27866,0.010000000077553714
13,29127,0,0.0,2329,1248,27879,0.010000000076782041
13,29140,0,0.0,2330,1248,27892,0.010000000076018048
13,29153,0,0.0,2331,1248,27905,0.010000000075261655
13,29166,0,0.0,2332,1248,27918,0.01000000007451279
13,29179,0,0.0,2333,1248,27931,0.010000000073771375
13,29192,0,0.0,2334,1248,27944,0.010000000073037337
13,29205,0,0.0,2335,1248,27957,0.010000000072310604
13,29218,0,0.0,2336,1248,27970,0.010000000071591101
13,29231,0,0.0,2337,1248,27983,0.010000000070878758
13,29244,0,0.0,2338,1248,27996,0.010000000070173503
13,29257,0,0.0,2339,1248,28009,0.010000000069475264
13,29270,0,0.0,2340,1248,28022,0.010000000068783974
13,29283,0,0.0,2341,1248,28035,0.010000000068099563
13,29296,0,0.0,2342,1248,28048,0.01000000006742196
13,29309,0,0.0,2343,1248,28061,0.0100000000667511
13,29322,0,0.0,2344,1248,28074,0.010000000066086916
13,29335,0,0.0,2345,1248,28087,0.01000000006542934
14,29349,0,0.0,2346,1249,28100,0.010000000064778308
13,29362,0,0.0,2347,1249,28113,0.010000000064133752
13,29375,0,0.0,2348,1249,28126,0.01000000006349561
13,29388,0,0.0,2349,1249,28139,0.010000000062863819
13,29401,0,0.0,2350,1249,28152,0.010000000062238314
13,29414,0,0.0,2351,1249,28165,0.010000000061619031
13,29427,0,0.0,2352,1249,28178,0.010000000061005912
13,29440,0,0.0,2353,1249,28191,0.010000000060398893
13,29453,0,0.0,2354,1249,28204,0.010000000059797915
13,29466,0,0.0,2355,1249,28217,0.010000000059202915
13,29479,0,0.0,2356,1249,28230,0.010000000058613836
13,29492,0,0.0,2357,1249,28243,0.010000000058030619
13,29505,0,0.0,2358,1250,28255,0.010000000057453204
13,29518,0,0.0,2359,1250,28268,0.010000000056881536
13,29531,0,0.0,2360,1250,28281,0.010000000056315555
9,29540,0,0.0,2361,1251,28289,0.010000000055755206
13,29553,0,0.0,2362,1251,28302,0.010000000055200433
13,29566,0,0.0,2363,1251,28315,0.01000000005465118
13,29579,0,0.0,2364,1251,28328,0.01000000005410739
13,29592,0,0.0,2365,1251,28341,0.010000000053569012
13,29605,0,0.0,2366,1251,28354,0.010000000053035992
13,29618,0,0.0,2367,1251,28367,0.010000000052508276
13,29631,0,0.0,2368,1251,28380,0.01000000005198581
13,29644,0,0.0,2369,1252,28392,0.010000000051468541
13,29657,0,0.0,2370,1253,28404,0.010000000050956422
13,29670,0,0.0,2371,1253,28417,0.010000000050449397
13,29683,0,0.0,2372,1253,28430,0.010000000049947416
13,29696,0,0.0,2373,1254,28442,0.010000000049450432
13,29709,0,0.0,2374,1254,28455,0.010000000048958391
13,29722,0,0.0,2375,1254,28468,0.010000000048471248
13,29735,0,0.0,2376,1254,28481,0.01000000004798895
13,29748,0,0.0,2377,1254,28494,0.010000000047511452
13,29761,0,0.0,2378,1254,28507,0.010000000047038705
13,29774,0,0.0,2379,1254,28520,0.010000000046570662
13,29787,0,0.0,2380,1254,28533,0.010000000046107276
13,29800,0,0.0,2381,1254,28546,0.010000000045648503
13,29813,0,0.0,2382,1254,28559,0.010000000045194291
13,29826,0,0.0,2383,1254,28572,0.0100000000447446
13,29839,0,0.0,2384,1254,28585,0.010000000044299384
13,29852,0,0.0,2385,1254,28598,0.010000000043858598
13,29865,0,0.0,2386,1255,28610,0.010000000043422198
13,29878,0,0.0,2387,1255,28623,0.01000000004299014
13,29891,0,0.0,2388,1256,28635,0.010000000042562381
13,29904,0,0.0,2389,1256,28648,0.010000000042138878
13,29917,0,0.0,2390,1256,28661,0.01000000004171959
13,29930,0,0.0,2391,1256,28674,0.010000000041304472
13,29943,0,0.0,2392,1256,28687,0.010000000040893487
13,29956,0,0.0,2393,1256,28700,0.010000000040486588
13,29969,0,0.0,2394,1256,28713,0.01000000004008374
13,29982,0,0.0,2395,1256,28726,0.010000000039684901
13,29995,0,0.0,2396,1256,28739,0.01000000003929003
13,30008,0,0.0,2397,1256,28752,0.010000000038899087
13,30021,0,0.0,2398,1256,28765,0.010000000038512034
13,30034,0,0.0,2399,1256,28778,0.010000000038128834
13,30047,0,0.0,2400,1256,28791,0.010000000037749446
13,30060,0,0.0,2401,1256,28804,0.010000000037373832
13,30073,0,0.0,2402,1256,28817,0.010000000037001956
13,30086,0,0.0,2403,1256,28830,0.010000000036633781
13,30099,0,0.0,2404,1256,28843,0.010000000036269269
13,30112,0,0.0,2405,1257,28855,0.010000000035908384
13,30125,0,0.0,2406,1257,28868,0.010000000035551088
13,30138,0,0.0,2407,1257,28881,0.01000000003519735
14,30152,0,0.0,2408,1258,28894,0.01000000003484713
13,30165,0,0.0,2409,1258,28907,0.010000000034500396
13,30178,0,0.0,2410,1258,28920,0.010000000034157111
13,30191,0,0.0,2411,1258,28933,0.010000000033817243
13,30204,0,0.0,2412,1258,28946,0.010000000033480755
13,30217,0,0.0,2413,1258,28959,0.010000000033147615
13,30230,0,0.0,2414,1260,28970,0.010000000032817792
13,30243,0,0.0,2415,1260,28983,0.01000000003249125
13,30256,0,0.0,2416,1260,28996,0.010000000032167956
13,30269,0,0.0,2417,1260,29009,0.010000000031847879
13,30282,0,0.0,2418,1260,29022,0.010000000031530988
13,30295,0,0.0,2419,1260,29035,0.01000000003121725
13,30308,0,0.0,2420,1260,29048,0.010000000030906632
13,30321,0,0.0,2421,1260,29061,0.010000000030599105
13,30334,0,0.0,2422,1260,29074,0.01000000003029464
14,30348,0,0.0,2423,1261,29087,0.010000000029993203
13,30361,0,0.0,2424,1261,29100,0.010000000029694766
13,30374,0,0.0,2425,1262,29112,0.010000000029399297
13,30387,0,0.0,2426,1262,29125,0.01000000002910677
13,30400,0,0.0,2427,1262,29138,0.010000000028817152
13,30413,0,0.0,2428,1262,29151,0.010000000028530418
13,30426,0,0.0,2429,1262,29164,0.010000000028246536
13,30439,0,0.0,2430,1262,29177,0.010000000027965477
13,30452,0,0.0,2431,1262,29190,0.010000000027687216
13,30465,0,0.0,2432,1262,29203,0.010000000027411724
13,30478,0,0.0,2433,1263,29215,0.010000000027138972
13,30491,0,0.0,2434,1263,29228,0.010000000026868934
13,30504,0,0.0,2435,1263,29241,0.010000000026601584
13,30517,0,0.0,2436,1263,29254,0.010000000026336895
13,30530,0,0.0,2437,1263,29267,0.010000000026074839
13,30543,0,0.0,2438,1263,29280,0.010000000025815388
13,30556,0,0.0,2439,1263,29293,0.01000000002555852
13,30569,0,0.0,2440,1263,29306,0.01000000002530421
14,30583,0,0.0,2441,1264,29319,0.010000000025052429
13,30596,0,0.0,2442,1264,29332,0.010000000024803153
13,30609,0,0.0,2443,1265,29344,0.010000000024556357
13,30622,0,0.0,2444,1266,29356,0.010000000024312018
13,30635,0,0.0,2445,1266,29369,0.010000000024070109
13,30648,0,0.0,2446,1266,29382,0.010000000023830608
13,30661,0,0.0,2447,1266,29395,0.010000000023593488
13,30674,0,0.0,2448,1266,29408,0.01000000002335873
13,30687,0,0.0,2449,1266,29421,0.010000000023126307
13,30700,0,0.0,2450,1266,29434,0.010000000022896196
10,30710,0,0.0,2451,1267,29443,0.010000000022668374
13,30723,0,0.0,2452,1267,29456,0.01000000002244282
13,30736,0,0.0,2453,1267,29469,0.010000000022219511
13,30749,0,0.0,2454,1267,29482,0.010000000021998424
13,30762,0,0.0,2455,1267,29495,0.010000000021779535
13,30775,0,0.0,2456,1267,29508,0.010000000021562825
13,30788,0,0.0,2457,1267,29521,0.010000000021348272
13,30801,0,0.0,2458,1267,29534,0.010000000021135854
13,30814,0,0.0,2459,1267,29547,0.010000000020925548
13,30827,0,0.0,2460,1267,29560,0.010000000020717334
13,30840,0,0.0,2461,1267,29573,0.010000000020511194
13,30853,0,0.0,2462,1267,29586,0.010000000020307105
13,30866,0,0.0,2463,1267,29599,0.010000000020105045
13,30879,0,0.0,2464,1267,29612,0.010000000019904996
13,30892,0,0.0,2465,1267,29625,0.01000000001970694
13,30905,0,0.0,2466,1267,29638,0.010000000019510851
13,30918,0,0.0,2467,1267,29651,0.010000000019316715
13,30931,0,0.0,2468,1267,29664,0.010000000019124511
13,30944,0,0.0,2469,1267,29677,0.010000000018934219
14,30958,0,0.0,2470,1268,29690,0.01000000001874582
13,30971,0,0.0,2471,1268,29703,0.010000000018559297
13,30984,0,0.0,2472,1268,29716,0.010000000018374628
13,30997,0,0.0,2473,1268,29729,0.010000000018191797
14,31011,0,0.0,2474,1269,29742,0.010000000018010786
13,31024,0,0.0,2475,1269,29755,0.010000000017831575
13,31037,0,0.0,2476,1271,29766,0.01000000001765415
13,31050,0,0.0,2477,1271,29779,0.010000000017478486
13,31063,0,0.0,2478,1271,29792,0.010000000017304573
13,31076,0,0.0,2479,1271,29805,0.01000000001713239
10,31086,0,0.0,2480,1272,29814,0.01000000001696192
13,31099,0,0.0,2481,1272,29827,0.010000000016793145
13,31112,0,0.0,2482,1272,29840,0.010000000016626051
13,31125,0,0.0,2483,1272,29853,0.01000000001646062
13,31138,0,0.0,2484,1272,29866,0.010000000016296832
13,31151,0,0.0,2485,1272,29879,0.010000000016134677
13,31164,0,0.0,2486,1272,29892,0.010000000015974134
13,31177,0,0.0,2487,1272,29905,0.010000000015815188
13,31190,0,0.0,2488,1272,29918,0.010000000015657824
13,31203,0,0.0,2489,1272,29931,0.010000000015502027
13,31216,0,0.0,2490,1272,29944,0.010000000015347779
13,31229,0,0.0,2491,1272,29957,0.010000000015195066
13,31242,0,0.0,2492,1272,29970,0.010000000015043873
13,31255,0,0.0,2493,1272,29983,0.010000000014894183
13,31268,0,0.0,2494,1272,29996,0.010000000014745984
13,31281,0,0.0,2495,1272,30009,0.01000000001459926
13,31294,0,0.0,2496,1272,30022,0.010000000014453994
13,31307,0,0.0,2497,1272,30035,0.010000000014310175
13,31320,0,0.0,2498,1273,30047,0.010000000014167785
13,31333,0,0.0,2499,1273,30060,0.010000000014026815
13,31346,0,0.0,2500,1274,30072,0.010000000013887246
13,31359,0,0.0,2501,1274,30085,0.010000000013749065
13,31372,0,0.0,2502,1274,30098,0.010000000013612259
13,31385,0,0.0,2503,1274,30111,0.010000000013476815
13,31398,0,0.0,2504,1274,30124,0.010000000013342718
13,31411,0,0.0,2505,1274,30137,0.010000000013209956
7,31418,0,0.0,2506,1275,30143,0.010000000013078514
13,31431,0,0.0,2507,1275,30156,0.010000000012948382
13,31444,0,0.0,2508,1275,30169,0.010000000012819543
13,31457,0,0.0,2509,1275,30182,0.010000000012691987
13,31470,0,0.0,2510,1275,30195,0.010000000012565699
13,31483,0,0.0,2511,1275,30208,0.010000000012440668
13,31496,0,0.0,2512,1275,30221,0.010000000012316882
13,31509,0,0.0,2513,1275,30234,0.010000000012194326
13,31522,0,0.0,2514,1275,30247,0.01000000001207299
13,31535,0,0.0,2515,1275,30260,0.010000000011952863
13,31548,0,0.0,2516,1276,30272,0.01000000001183393
13,31561,0,0.0,2517,1276,30285,0.01000000001171618
13,31574,0,0.0,2518,1276,30298,0.010000000011599602
13,31587,0,0.0,2519,1276,30311,0.010000000011484184
13,31600,0,0.0,2520,1276,30324,0.010000000011369914
13,31613,0,0.0,2521,1276,30337,0.010000000011256782
13,31626,0,0.0,2522,1277,30349,0.010000000011144775
13,31639,0,0.0,2523,1277,30362,0.010000000011033882
13,31652,0,0.0,2524,1277,30375,0.010000000010924093
13,31665,0,0.0,2525,1277,30388,0.010000000010815397
13,31678,0,0.0,2526,1277,30401,0.010000000010707782
6,31684,0,0.0,2527,1278,30406,0.010000000010601239
14,31698,0,0.0,2528,1279,30419,0.010000000010495754
13,31711,0,0.0,2529,1279,30432,0.01000000001039132
13,31724,0,0.0,2530,1279,30445,0.010000000010287923
7,31731,0,0.0,2531,1280,30451,0.010000000010185557
13,31744,0,0.0,2532,1280,30464,0.01000000001008421
13,31757,0,0.0,2533,1280,30477,0.01000000000998387
6,31763,0,0.0,2534,1281,30482,0.01000000000988453
13,31776,0,0.0,2535,1281,30495,0.010000000009786176
13,31789,0,0.0,2536,1281,30508,0.010000000009688802
13,31802,0,0.0,2537,1281,30521,0.010000000009592397
13,31815,0,0.0,2538,1281,30534,0.01000000000949695
13,31828,0,0.0,2539,1281,30547,0.010000000009402455
13,31841,0,0.0,2540,1281,30560,0.0100000000093089
13,31854,0,0.0,2541,1281,30573,0.010000000009216274
13,31867,0,0.0,2542,1281,30586,0.010000000009124571
13,31880,0,0.0,2543,1281,30599,0.01000000000903378
13,31893,0,0.0,2544,1281,30612,0.010000000008943891
13,31906,0,0.0,2545,1281,30625,0.010000000008854898
13,31919,0,0.0,2546,1281,30638,0.010000000008766791
13,31932,0,0.0,2547,1281,30651,0.010000000008679559
13,31945,0,0.0,2548,1281,30664,0.010000000008593196
13,31958,0,0.0,2549,1281,30677,0.010000000008507693
13,31971,0,0.0,2550,1282,30689,0.01000000000842304
10,31981,0,0.0,2551,1283,30698,0.010000000008339229
13,31994,0,0.0,2552,1283,30711,0.010000000008256252
6,32000,0,0.0,2553,1284,30716,0.010000000008174102
13,32013,0,0.0,2554,1284,30729,0.010000000008092768
10,32023,0,0.0,2555,1285,30738,0.010000000008012244
13,32036,0,0.0,2556,1285,30751,0.010000000007932521
13,32049,0,0.0,2557,1285,30764,0.010000000007853591
13,32062,0,0.0,2558,1285,30777,0.010000000007775445
13,32075,0,0.0,2559,1285,30790,0.010000000007698078
13,32088,0,0.0,2560,1285,30803,0.010000000007621482
13,32101,0,0.0,2561,1285,30816,0.010000000007545647
13,32114,0,0.0,2562,1285,30829,0.010000000007470566
13,32127,0,0.0,2563,1285,30842,0.010000000007396233
13,32140,0,0.0,2564,1285,30855,0.01000000000732264
13,32153,0,0.0,2565,1285,30868,0.010000000007249777
10,32163,0,0.0,2566,1286,30877,0.01000000000717764
13,32176,0,0.0,2567,1286,30890,0.010000000007106222
13,32189,0,0.0,2568,1286,30903,0.010000000007035515
13,32202,0,0.0,2569,1286,30916,0.01000000000696551
13,32215,0,0.0,2570,1287,30928,0.010000000006896203
13,32228,0,0.0,2571,1287,30941,0.010000000006827584
7,32235,0,0.0,2572,1289,30946,0.010000000006759649
13,32248,0,0.0,2573,1289,30959,0.010000000006692388
13,32261,0,0.0,2574,1289,30972,0.010000000006625797
13,32274,0,0.0,2575,1289,30985,0.010000000006559871
13,32287,0,0.0,2576,1289,30998,0.010000000006494598
13,32300,0,0.0,2577,1289,31011,0.010000000006429977
13,32313,0,0.0,2578,1289,31024,0.010000000006365996
13,32326,0,0.0,2579,1289,31037,0.010000000006302655
13,32339,0,0.0,2580,1289,31050,0.010000000006239941
13,32352,0,0.0,2581,1289,31063,0.010000000006177854
13,32365,0,0.0,2582,1289,31076,0.010000000006116382
13,32378,0,0.0,2583,1289,31089,0.010000000006055523
13,32391,0,0.0,2584,1289,31102,0.01000000000599527
2,32393,0,0.0,2585,1290,31103,0.010000000005935617
13,32406,0,0.0,2586,1290,31116,0.010000000005876556
13,32419,0,0.0,2587,1291,31128,0.010000000005818082
13,32432,0,0.0,2588,1291,31141,0.010000000005760193
13,32445,0,0.0,2589,1291,31154,0.010000000005702878
13,32458,0,0.0,2590,1291,31167,0.010000000005646133
13,32471,0,0.0,2591,1291,31180,0.010000000005589952
13,32484,0,0.0,2592,1292,31192,0.010000000005534332
13,32497,0,0.0,2593,1293,31204,0.010000000005479265
13,32510,0,0.0,2594,1293,31217,0.010000000005424744
13,32523,0,0.0,2595,1293,31230,0.010000000005370768
13,32536,0,0.0,2596,1293,31243,0.010000000005317327
13,32549,0,0.0,2597,1293,31256,0.01000000000526442
13,32562,0,0.0,2598,1293,31269,0.010000000005212038
13,32575,0,0.0,2599,1293,31282,0.010000000005160176
13,32588,0,0.0,2600,1294,31294,0.010000000005108832
13,32601,0,0.0,2601,1294,31307,0.010000000005057998
13,32614,0,0.0,2602,1294,31320,0.01000000000500767
13,32627,0,0.0,2603,1294,31333,0.010000000004957843
10,32637,0,0.0,2604,1295,31342,0.010000000004908511
13,32650,0,0.0,2605,1295,31355,0.010000000004859672
13,32663,0,0.0,2606,1295,31368,0.010000000004811316
13,32676,0,0.0,2607,1295,31381,0.010000000004763443
13,32689,0,0.0,2608,1295,31394,0.010000000004716047
13,32702,0,0.0,2609,1296,31406,0.010000000004669121
13,32715,0,0.0,2610,1296,31419,0.010000000004622662
13,32728,0,0.0,2611,1296,31432,0.010000000004576666
13,32741,0,0.0,2612,1296,31445,0.010000000004531127
13,32754,0,0.0,2613,1296,31458,0.010000000004486042
13,32767,0,0.0,2614,1296,31471,0.010000000004441406
13,32780,0,0.0,2615,1296,31484,0.010000000004397212
13,32793,0,0.0,2616,1296,31497,0.010000000004353459
13,32806,0,0.0,2617,1296,31510,0.010000000004310143
11,32817,0,0.0,2618,1297,31520,0.010000000004267255
13,32830,0,0.0,2619,1297,31533,0.010000000004224796
10,32840,0,0.0,2620,1298,31542,0.010000000004182759
13,32853,0,0.0,2621,1298,31555,0.010000000004141139
13,32866,0,0.0,2622,1298,31568,0.010000000004099934
13,32879,0,0.0,2623,1298,31581,0.010000000004059139
13,32892,0,0.0,2624,1298,31594,0.010000000004018749
13,32905,0,0.0,2625,1298,31607,0.010000000003978762
13,32918,0,0.0,2626,1298,31620,0.010000000003939174
13,32931,0,0.0,2627,1298,31633,0.010000000003899978
13,32944,0,0.0,2628,1298,31646,0.010000000003861172
13,32957,0,0.0,2629,1298,31659,0.010000000003822753
13,32970,0,0.0,2630,1298,31672,0.010000000003784716
13,32983,0,0.0,2631,1298,31685,0.010000000003747057
13,32996,0,0.0,2632,1298,31698,0.010000000003709774
13,33009,0,0.0,2633,1298,31711,0.01000000000367286
14,33023,0,0.0,2634,1299,31724,0.010000000003636315
13,33036,0,0.0,2635,1299,31737,0.010000000003600133
13,33049,0,0.0,2636,1299,31750,0.01000000000356431
13,33062,0,0.0,2637,1299,31763,0.010000000003528846
13,33075,0,0.0,2638,1300,31775,0.010000000003493733
13,33088,0,0.0,2639,1300,31788,0.01000000000345897
13,33101,0,0.0,2640,1300,31801,0.010000000003424553
13,33114,0,0.0,2641,1300,31814,0.010000000003390477
13,33127,0,0.0,2642,1300,31827,0.010000000003356742
8,33135,0,0.0,2643,1301,31834,0.010000000003323342
11,33146,0,0.0,2644,1302,31844,0.010000000003290275
13,33159,0,0.0,2645,1302,31857,0.010000000003257535
13,33172,0,0.0,2646,1302,31870,0.010000000003225122
13,33185,0,0.0,2647,1302,31883,0.010000000003193031
13,33198,0,0.0,2648,1303,31895,0.01000000000316126
10,33208,0,0.0,2649,1304,31904,0.010000000003129806
13,33221,0,0.0,2650,1304,31917,0.010000000003098664
13,33234,0,0.0,2651,1304,31930,0.010000000003067831
13,33247,0,0.0,2652,1304,31943,0.010000000003037305
13,33260,0,0.0,2653,1304,31956,0.010000000003007084
13,33273,0,0.0,2654,1304,31969,0.010000000002977164
13,33286,0,0.0,2655,1304,31982,0.01000000000294754
2,33288,0,0.0,2656,1305,31983,0.010000000002918211
13,33301,0,0.0,2657,1305,31996,0.010000000002889175
13,33314,0,0.0,2658,1305,32009,0.010000000002860427
13,33327,0,0.0,2659,1305,32022,0.010000000002831966
13,33340,0,0.0,2660,1305,32035,0.010000000002803787
13,33353,0,0.0,2661,1305,32048,0.010000000002775889
13,33366,0,0.0,2662,1305,32061,0.010000000002748267
13,33379,0,0.0,2663,1305,32074,0.010000000002720923
13,33392,0,0.0,2664,1305,32087,0.010000000002693849
13,33405,0,0.0,2665,1305,32100,0.010000000002667044
13,33418,0,0.0,2666,1305,32113,0.010000000002640506
13,33431,0,0.0,2667,1305,32126,0.010000000002614234
13,33444,0,0.0,2668,1305,32139,0.010000000002588222
13,33457,0,0.0,2669,1305,32152,0.010000000002562468
13,33470,0,0.0,2670,1305,32165,0.01000000000253697
13,33483,0,0.0,2671,1306,32177,0.010000000002511727
13,33496,0,0.0,2672,1306,32190,0.010000000002486735
13,33509,0,0.0,2673,1306,32203,0.010000000002461993
3,33512,0,0.0,2674,1307,32205,0.010000000002437495
13,33525,0,0.0,2675,1307,32218,0.010000000002413242
13,33538,0,0.0,2676,1308,32230,0.01000000000238923
13,33551,0,0.0,2677,1308,32243,0.010000000002365455
13,33564,0,0.0,2678,1308,32256,0.01000000000234192
13,33577,0,0.0,2679,1308,32269,0.010000000002318618
13,33590,0,0.0,2680,1308,32282,0.010000000002295546
16,33606,0,0.0,2681,1309,32297,0.010000000002272705
13,33619,0,0.0,2682,1309,32310,0.010000000002250091
13,33632,0,0.0,2683,1309,32323,0.010000000002227703
13,33645,0,0.0,2684,1309,32336,0.010000000002205536
10,33655,0,0.0,2685,1310,32345,0.010000000002183592
13,33668,0,0.0,2686,1310,32358,0.010000000002161865
13,33681,0,0.0,2687,1310,32371,0.010000000002140354
13,33694,0,0.0,2688,1310,32384,0.010000000002119057
13,33707,0,0.0,2689,1310,32397,0.010000000002097971
13,33720,0,0.0,2690,1310,32410,0.010000000002077096
13,33733,0,0.0,2691,1310,32423,0.010000000002056428
13,33746,0,0.0,2692,1310,32436,0.010000000002035967
13,33759,0,0.0,2693,1310,32449,0.010000000002015709
13,33772,0,0.0,2694,1310,32462,0.010000000001995652
13,33785,0,0.0,2695,1310,32475,0.010000000001975795
13,33798,0,0.0,2696,1310,32488,0.010000000001956135
13,33811,0,0.0,2697,1310,32501,0.010000000001936672
13,33824,0,0.0,2698,1310,32514,0.010000000001917402
13,33837,0,0.0,2699,1310,32527,0.010000000001898324
13,33850,0,0.0,2700,1310,32540,0.010000000001879434
13,33863,0,0.0,2701,1310,32553,0.010000000001860734
13,33876,0,0.0,2702,1311,32565,0.01000000000184222
13,33889,0,0.0,2703,1311,32578,0.010000000001823888
13,33902,0,0.0,2704,1311,32591,0.010000000001805742
13,33915,0,0.0,2705,1311,32604,0.010000000001787773
13,33928,0,0.0,2706,1311,32617,0.010000000001769985
13,33941,0,0.0,2707,1311,32630,0.010000000001752373
13,33954,0,0.0,2708,1311,32643,0.010000000001734937
13,33967,0,0.0,2709,1311,32656,0.010000000001717673
13,33980,0,0.0,2710,1311,32669,0.010000000001700583
13,33993,0,0.0,2711,1311,32682,0.010000000001683662
13,34006,0,0.0,2712,1311,32695,0.010000000001666908
13,34019,0,0.0,2713,1311,32708,0.010000000001650322
13,34032,0,0.0,2714,1312,32720,0.010000000001633902
15,34047,0,0.0,2715,1313,32734,0.010000000001617644
13,34060,0,0.0,2716,1313,32747,0.010000000001601549
13,34073,0,0.0,2717,1313,32760,0.010000000001585612
13,34086,0,0.0,2718,1313,32773,0.010000000001569836
13,34099,0,0.0,2719,1313,32786,0.010000000001554215
13,34112,0,0.0,2720,1313,32799,0.01000000000153875
13,34125,0,0.0,2721,1313,32812,0.01000000000152344
13,34138,0,0.0,2722,1313,32825,0.010000000001508282
13,34151,0,0.0,2723,1313,32838,0.010000000001493274
13,34164,0,0.0,2724,1313,32851,0.010000000001478415
13,34177,0,0.0,2725,1313,32864,0.010000000001463704
13,34190,0,0.0,2726,1313,32877,0.010000000001449141
13,34203,0,0.0,2727,1313,32890,0.010000000001434722
13,34216,0,0.0,2728,1313,32903,0.010000000001420446
13,34229,0,0.0,2729,1314,32915,0.010000000001406313
13,34242,0,0.0,2730,1314,32928,0.010000000001392319
13,34255,0,0.0,2731,1314,32941,0.010000000001378465
10,34265,0,0.0,2732,1315,32950,0.010000000001364749
10,34275,0,0.0,2733,1316,32959,0.01000000000135117
13,34288,0,0.0,2734,1316,32972,0.010000000001337725
13,34301,0,0.0,2735,1316,32985,0.010000000001324415
13,34314,0,0.0,2736,1316,32998,0.010000000001311238
13,34327,0,0.0,2737,1316,33011,0.01000000000129819
13,34340,0,0.0,2738,1316,33024,0.010000000001285272
13,34353,0,0.0,2739,1316,33037,0.010000000001272484
13,34366,0,0.0,2740,1316,33050,0.010000000001259822
10,34376,0,0.0,2741,1317,33059,0.010000000001247287
13,34389,0,0.0,2742,1317,33072,0.010000000001234877
13,34402,0,0.0,2743,1317,33085,0.01000000000122259
13,34415,0,0.0,2744,1317,33098,0.010000000001210424
13,34428,0,0.0,2745,1317,33111,0.01000000000119838
13,34441,0,0.0,2746,1317,33124,0.010000000001186456
13,34454,0,0.0,2747,1317,33137,0.01000000000117465
13,34467,0,0.0,2748,1317,33150,0.010000000001162962
13,34480,0,0.0,2749,1317,33163,0.010000000001151392
13,34493,0,0.0,2750,1317,33176,0.010000000001139934
13,34506,0,0.0,2751,1317,33189,0.010000000001128592
13,34519,0,0.0,2752,1317,33202,0.010000000001117362
3,34522,0,0.0,2753,1318,33204,0.010000000001106244
14,34536,0,0.0,2754,1319,33217,0.010000000001095237
8,34544,0,0.0,2755,1320,33224,0.01000000000108434
13,34557,0,0.0,2756,1320,33237,0.01000000000107355
13,34570,0,0.0,2757,1320,33250,0.010000000001062869
13,34583,0,0.0,2758,1320,33263,0.010000000001052292
13,34596,0,0.0,2759,1320,33276,0.010000000001041821
13,34609,0,0.0,2760,1320,33289,0.010000000001031456
13,34622,0,0.0,2761,1320,33302,0.010000000001021192
13,34635,0,0.0,2762,1320,33315,0.010000000001011032
13,34648,0,0.0,2763,1320,33328,0.010000000001000972
13,34661,0,0.0,2764,1321,33340,0.010000000000991011
13,34674,0,0.0,2765,1321,33353,0.010000000000981151
13,34687,0,0.0,2766,1321,33366,0.010000000000971388
13,34700,0,0.0,2767,1321,33379,0.010000000000961722
13,34713,0,0.0,2768,1321,33392,0.010000000000952153
13,34726,0,0.0,2769,1321,33405,0.01000000000094268
13,34739,0,0.0,2770,1321,33418,0.010000000000933299
13,34752,0,0.0,2771,1321,33431,0.010000000000924013
13,34765,0,0.0,2772,1321,33444,0.010000000000914819
13,34778,0,0.0,2773,1321,33457,0.010000000000905717
13,34791,0,0.0,2774,1321,33470,0.010000000000896705
13,34804,0,0.0,2775,1321,33483,0.010000000000887781
13,34817,0,0.0,2776,1321,33496,0.010000000000878948
13,34830,0,0.0,2777,1321,33509,0.010000000000870203
6,34836,0,0.0,2778,1322,33514,0.010000000000861544
13,34849,0,0.0,2779,1322,33527,0.010000000000852972
13,34862,0,0.0,2780,1322,33540,0.010000000000844484
13,34875,0,0.0,2781,1323,33552,0.010000000000836081
13,34888,0,0.0,2782,1323,33565,0.010000000000827762
13,34901,0,0.0,2783,1323,33578,0.010000000000819527
13,34914,0,0.0,2784,1323,33591,0.010000000000811372
13,34927,0,0.0,2785,1323,33604,0.010000000000803299
13,34940,0,0.0,2786,1323,33617,0.010000000000795305
13,34953,0,0.0,2787,1323,33630,0.010000000000787393
13,34966,0,0.0,2788,1323,33643,0.010000000000779557
13,34979,0,0.0,2789,1323,33656,0.010000000000771801
13,34992,0,0.0,2790,1323,33669,0.010000000000764122
15,35007,0,0.0,2791,1325,33682,0.010000000000756518
13,35020,0,0.0,2792,1325,33695,0.010000000000748991
13,35033,0,0.0,2793,1325,33708,0.010000000000741537
13,35046,0,0.0,2794,1325,33721,0.01000000000073416
13,35059,0,0.0,2795,1325,33734,0.010000000000726855
13,35072,0,0.0,2796,1325,33747,0.010000000000719622
13,35085,0,0.0,2797,1325,33760,0.010000000000712462
13,35098,0,0.0,2798,1325,33773,0.010000000000705373
13,35111,0,0.0,2799,1325,33786,0.010000000000698355
13,35124,0,0.0,2800,1325,33799,0.010000000000691405
13,35137,0,0.0,2801,1325,33812,0.010000000000684526
13,35150,0,0.0,2802,1325,33825,0.010000000000677715
13,35163,0,0.0,2803,1325,33838,0.010000000000670972
13,35176,0,0.0,2804,1325,33851,0.010000000000664295
13,35189,0,0.0,2805,1325,33864,0.010000000000657686
13,35202,0,0.0,2806,1325,33877,0.01000000000065114
13,35215,0,0.0,2807,1325,33890,0.010000000000644662
13,35228,0,0.0,2808,1325,33903,0.010000000000638248
13,35241,0,0.0,2809,1325,33916,0.010000000000631898
13,35254,0,0.0,2810,1325,33929,0.01000000000062561
13,35267,0,0.0,2811,1325,33942,0.010000000000619385
10,35277,0,0.0,2812,1326,33951,0.010000000000613221
13,35290,0,0.0,2813,1326,33964,0.01000000000060712
13,35303,0,0.0,2814,1326,33977,0.010000000000601078
13,35316,0,0.0,2815,1326,33990,0.010000000000595099
13,35329,0,0.0,2816,1326,34003,0.010000000000589176
13,35342,0,0.0,2817,1326,34016,0.010000000000583315
13,35355,0,0.0,2818,1326,34029,0.01000000000057751
13,35368,0,0.0,2819,1326,34042,0.010000000000571763
13,35381,0,0.0,2820,1326,34055,0.010000000000566075
13,35394,0,0.0,2821,1326,34068,0.010000000000560443
13,35407,0,0.0,2822,1326,34081,0.010000000000554865
13,35420,0,0.0,2823,1326,34094,0.010000000000549345
13,35433,0,0.0,2824,1326,34107,0.01000000000054388
13,35446,0,0.0,2825,1326,34120,0.010000000000538467
13,35459,0,0.0,2826,1326,34133,0.010000000000533108
13,35472,0,0.0,2827,1326,34146,0.010000000000527805
13,35485,0,0.0,2828,1326,34159,0.010000000000522553
13,35498,0,0.0,2829,1326,34172,0.010000000000517354
13,35511,0,0.0,2830,1326,34185,0.010000000000512205
13,35524,0,0.0,2831,1326,34198,0.010000000000507108
13,35537,0,0.0,2832,1326,34211,0.010000000000502064
13,35550,0,0.0,2833,1326,34224,0.010000000000497068
13,35563,0,0.0,2834,1326,34237,0.010000000000492122
13,35576,0,0.0,2835,1326,34250,0.010000000000487225
13,35589,0,0.0,2836,1326,34263,0.010000000000482376
13,35602,0,0.0,2837,1328,34274,0.010000000000477578
13,35615,0,0.0,2838,1328,34287,0.010000000000472825
13,35628,0,0.0,2839,1328,34300,0.01000000000046812
13,35641,0,0.0,2840,1328,34313,0.010000000000463463
13,35654,0,0.0,2841,1329,34325,0.010000000000458852
3,35657,0,0.0,2842,1330,34327,0.010000000000454286
13,35670,0,0.0,2843,1330,34340,0.010000000000449765
13,35683,0,0.0,2844,1330,34353,0.01000000000044529
13,35696,0,0.0,2845,1330,34366,0.01000000000044086
13,35709,0,0.0,2846,1330,34379,0.010000000000436472
13,35722,0,0.0,2847,1330,34392,0.01000000000043213
13,35735,0,0.0,2848,1330,34405,0.01000000000042783
13,35748,0,0.0,2849,1330,34418,0.010000000000423573
13,35761,0,0.0,2850,1330,34431,0.01000000000041936
13,35774,0,0.0,2851,1330,34444,0.010000000000415185
13,35787,0,0.0,2852,1330,34457,0.010000000000411055
9,35796,0,0.0,2853,1331,34465,0.010000000000406965
13,35809,0,0.0,2854,1331,34478,0.010000000000402916
13,35822,0,0.0,2855,1332,34490,0.010000000000398907
13,35835,0,0.0,2856,1332,34503,0.010000000000394938
13,35848,0,0.0,2857,1332,34516,0.010000000000391007
13,35861,0,0.0,2858,1332,34529,0.010000000000387118
10,35871,0,0.0,2859,1333,34538,0.010000000000383265
13,35884,0,0.0,2860,1333,34551,0.010000000000379452
13,35897,0,0.0,2861,1333,34564,0.010000000000375675
13,35910,0,0.0,2862,1333,34577,0.010000000000371937
13,35923,0,0.0,2863,1333,34590,0.010000000000368237
13,35936,0,0.0,2864,1333,34603,0.010000000000364573
13,35949,0,0.0,2865,1333,34616,0.010000000000360946
13,35962,0,0.0,2866,1333,34629,0.010000000000357353
13,35975,0,0.0,2867,1333,34642,0.010000000000353799
13,35988,0,0.0,2868,1334,34654,0.010000000000350277
13,36001,0,0.0,2869,1334,34667,0.010000000000346792
13,36014,0,0.0,2870,1334,34680,0.010000000000343342
13,36027,0,0.0,2871,1334,34693,0.010000000000339926
13,36040,0,0.0,2872,1334,34706,0.010000000000336544
13,36053,0,0.0,2873,1334,34719,0.010000000000333194
13,36066,0,0.0,2874,1334,34732,0.010000000000329879
13,36079,0,0.0,2875,1334,34745,0.010000000000326597
13,36092,0,0.0,2876,1334,34758,0.010000000000323347
16,36108,0,0.0,2877,1336,34772,0.01000000000032013
13,36121,0,0.0,2878,1336,34785,0.010000000000316945
13,36134,0,0.0,2879,1336,34798,0.010000000000313791
13,36147,0,0.0,2880,1336,34811,0.010000000000310668
13,36160,0,0.0,2881,1336,34824,0.010000000000307577
13,36173,0,0.0,2882,1336,34837,0.010000000000304517
13,36186,0,0.0,2883,1336,34850,0.010000000000301486
13,36199,0,0.0,2884,1336,34863,0.010000000000298487
13,36212,0,0.0,2885,1336,34876,0.010000000000295517
16,36228,0,0.0,2886,1337,34891,0.010000000000292577
13,36241,0,0.0,2887,1337,34904,0.010000000000289666
13,36254,0,0.0,2888,1337,34917,0.010000000000286783
13,36267,0,0.0,2889,1337,34930,0.01000000000028393
13,36280,0,0.0,2890,1337,34943,0.010000000000281105
13,36293,0,0.0,2891,1337,34956,0.010000000000278307
13,36306,0,0.0,2892,1337,34969,0.010000000000275538
13,36319,0,0.0,2893,1337,34982,0.010000000000272796
13,36332,0,0.0,2894,1337,34995,0.010000000000270083
13,36345,0,0.0,2895,1337,35008,0.010000000000267396
13,36358,0,0.0,2896,1337,35021,0.010000000000264735
13,36371,0,0.0,2897,1337,35034,0.0100000000002621
13,36384,0,0.0,2898,1337,35047,0.010000000000259492
13,36397,0,0.0,2899,1337,35060,0.010000000000256911
13,36410,0,0.0,2900,1337,35073,0.010000000000254354
13,36423,0,0.0,2901,1337,35086,0.010000000000251823
13,36436,0,0.0,2902,1337,35099,0.010000000000249318
13,36449,0,0.0,2903,1337,35112,0.010000000000246837
13,36462,0,0.0,2904,1337,35125,0.010000000000244381
13,36475,0,0.0,2905,1338,35137,0.010000000000241949
13,36488,0,0.0,2906,1338,35150,0.010000000000239541
13,36501,0,0.0,2907,1338,35163,0.010000000000237158
13,36514,0,0.0,2908,1338,35176,0.010000000000234799
13,36527,0,0.0,2909,1338,35189,0.010000000000232462
13,36540,0,0.0,2910,1338,35202,0.01000000000023015
13,36553,0,0.0,2911,1338,35215,0.01000000000022786
13,36566,0,0.0,2912,1338,35228,0.010000000000225592
13,36579,0,0.0,2913,1338,35241,0.010000000000223348
13,36592,0,0.0,2914,1338,35254,0.010000000000221125
13,36605,0,0.0,2915,1338,35267,0.010000000000218924
13,36618,0,0.0,2916,1338,35280,0.010000000000216747
13,36631,0,0.0,2917,1339,35292,0.010000000000214589
13,36644,0,0.0,2918,1339,35305,0.010000000000212454
13,36657,0,0.0,2919,1339,35318,0.01000000000021034
13,36670,0,0.0,2920,1340,35330,0.010000000000208247
13,36683,0,0.0,2921,1340,35343,0.010000000000206176
13,36696,0,0.0,2922,1340,35356,0.010000000000204123
13,36709,0,0.0,2923,1340,35369,0.010000000000202092
13,36722,0,0.0,2924,1340,35382,0.010000000000200081
13,36735,0,0.0,2925,1340,35395,0.010000000000198092
16,36751,0,0.0,2926,1341,35410,0.01000000000019612
13,36764,0,0.0,2927,1341,35423,0.010000000000194168
13,36777,0,0.0,2928,1341,35436,0.010000000000192237
13,36790,0,0.0,2929,1341,35449,0.010000000000190324
13,36803,0,0.0,2930,1341,35462,0.01000000000018843
13,36816,0,0.0,2931,1341,35475,0.010000000000186556
13,36829,0,0.0,2932,1342,35487,0.0100000000001847
9,36838,0,0.0,2933,1343,35495,0.010000000000182861
13,36851,0,0.0,2934,1343,35508,0.010000000000181041
13,36864,0,0.0,2935,1343,35521,0.01000000000017924
13,36877,0,0.0,2936,1343,35534,0.010000000000177457
13,36890,0,0.0,2937,1343,35547,0.010000000000175691
13,36903,0,0.0,2938,1343,35560,0.010000000000173943
13,36916,0,0.0,2939,1344,35572,0.010000000000172211
13,36929,0,0.0,2940,1344,35585,0.0100000000001705
13,36942,0,0.0,2941,1344,35598,0.010000000000168803
13,36955,0,0.0,2942,1344,35611,0.010000000000167122
13,36968,0,0.0,2943,1344,35624,0.01000000000016546
13,36981,0,0.0,2944,1344,35637,0.010000000000163814
13,36994,0,0.0,2945,1345,35649,0.010000000000162183
13,37007,0,0.0,2946,1345,35662,0.01000000000016057
13,37020,0,0.0,2947,1345,35675,0.010000000000158972
13,37033,0,0.0,2948,1345,35688,0.01000000000015739
13,37046,0,0.0,2949,1345,35701,0.010000000000155823
10,37056,0,0.0,2950,1346,35710,0.010000000000154274
13,37069,0,0.0,2951,1347,35722,0.01000000000015274
13,37082,0,0.0,2952,1347,35735,0.01000000000015122
13,37095,0,0.0,2953,1347,35748,0.010000000000149714
13,37108,0,0.0,2954,1347,35761,0.010000000000148224
13,37121,0,0.0,2955,1347,35774,0.01000000000014675
13,37134,0,0.0,2956,1347,35787,0.01000000000014529
13,37147,0,0.0,2957,1347,35800,0.010000000000143843
13,37160,0,0.0,2958,1347,35813,0.010000000000142412
13,37173,0,0.0,2959,1347,35826,0.010000000000140995
15,37188,0,0.0,2960,1348,35840,0.010000000000139592
13,37201,0,0.0,2961,1348,35853,0.010000000000138204
13,37214,0,0.0,2962,1348,35866,0.010000000000136828
15,37229,0,0.0,2963,1349,35880,0.010000000000135466
13,37242,0,0.0,2964,1349,35893,0.010000000000134119
13,37255,0,0.0,2965,1349,35906,0.010000000000132785
13,37268,0,0.0,2966,1349,35919,0.010000000000131463
13,37281,0,0.0,2967,1349,35932,0.010000000000130155
13,37294,0,0.0,2968,1349,35945,0.01000000000012886
13,37307,0,0.0,2969,1349,35958,0.010000000000127579
13,37320,0,0.0,2970,1349,35971,0.010000000000126309
13,37333,0,0.0,2971,1349,35984,0.010000000000125051
13,37346,0,0.0,2972,1349,35997,0.010000000000123807
13,37359,0,0.0,2973,1349,36010,0.010000000000122576
13,37372,0,0.0,2974,1349,36023,0.010000000000121356
10,37382,0,0.0,2975,1350,36032,0.010000000000120149
13,37395,0,0.0,2976,1350,36045,0.010000000000118954
13,37408,0,0.0,2977,1350,36058,0.010000000000117769
13,37421,0,0.0,2978,1350,36071,0.010000000000116598
13,37434,0,0.0,2979,1350,36084,0.010000000000115437
13,37447,0,0.0,2980,1350,36097,0.010000000000114289
13,37460,0,0.0,2981,1350,36110,0.010000000000113151
13,37473,0,0.0,2982,1350,36123,0.010000000000112025
13,37486,0,0.0,2983,1350,36136,0.010000000000110911
13,37499,0,0.0,2984,1350,36149,0.010000000000109808
13,37512,0,0.0,2985,1350,36162,0.010000000000108715
13,37525,0,0.0,2986,1350,36175,0.010000000000107633
13,37538,0,0.0,2987,1350,36188,0.010000000000106563
13,37551,0,0.0,2988,1350,36201,0.010000000000105503
13,37564,0,0.0,2989,1350,36214,0.010000000000104451
13,37577,0,0.0,2990,1350,36227,0.010000000000103412
13,37590,0,0.0,2991,1350,36240,0.010000000000102384
13,37603,0,0.0,2992,1350,36253,0.010000000000101365
13,37616,0,0.0,2993,1350,36266,0.010000000000100356
13,37629,0,0.0,2994,1350,36279,0.010000000000099358
13,37642,0,0.0,2995,1350,36292,0.01000000000009837
13,37655,0,0.0,2996,1350,36305,0.010000000000097391
13,37668,0,0.0,2997,1350,36318,0.010000000000096421
13,37681,0,0.0,2998,1350,36331,0.010000000000095462
10,37691,0,0.0,2999,1351,36340,0.010000000000094511
13,37704,0,0.0,3000,1351,36353,0.010000000000093571
13,37717,0,0.0,3001,1351,36366,0.010000000000092641
13,37730,0,0.0,3002,1351,36379,0.010000000000091719
13,37743,0,0.0,3003,1351,36392,0.010000000000090806
13,37756,0,0.0,3004,1351,36405,0.010000000000089902
13,37769,0,0.0,3005,1351,36418,0.010000000000089009
13,37782,0,0.0,3006,1351,36431,0.010000000000088122
8,37790,0,0.0,3007,1352,36438,0.010000000000087246
13,37803,0,0.0,3008,1352,36451,0.010000000000086377
13,37816,0,0.0,3009,1352,36464,0.010000000000085519
13,37829,0,0.0,3010,1352,36477,0.010000000000084667
13,37842,0,0.0,3011,1352,36490,0.010000000000083826
3,37845,0,0.0,3012,1353,36492,0.010000000000082991
13,37858,0,0.0,3013,1353,36505,0.010000000000082165
13,37871,0,0.0,3014,1353,36518,0.010000000000081347
13,37884,0,0.0,3015,1353,36531,0.010000000000080538
13,37897,0,0.0,3016,1353,36544,0.010000000000079737
13,37910,0,0.0,3017,1353,36557,0.010000000000078944
13,37923,0,0.0,3018,1353,36570,0.010000000000078158
6,37929,0,0.0,3019,1354,36575,0.01000000000007738
13,37942,0,0.0,3020,1354,36588,0.01000000000007661
13,37955,0,0.0,3021,1355,36600,0.010000000000075848
13,37968,0,0.0,3022,1355,36613,0.010000000000075093
13,37981,0,0.0,3023,1355,36626,0.010000000000074345
13,37994,0,0.0,3024,1355,36639,0.010000000000073606
13,38007,0,0.0,3025,1355,36652,0.010000000000072874
13,38020,0,0.0,3026,1355,36665,0.010000000000072149
13,38033,0,0.0,3027,1355,36678,0.010000000000071431
13,38046,0,0.0,3028,1355,36691,0.01000000000007072
13,38059,0,0.0,3029,1355,36704,0.010000000000070017
13,38072,0,0.0,3030,1355,36717,0.01000000000006932
13,38085,0,0.0,3031,1355,36730,0.01000000000006863
13,38098,0,0.0,3032,1355,36743,0.010000000000067948
7,38105,0,0.0,3033,1356,36749,0.010000000000067271
13,38118,0,0.0,3034,1356,36762,0.010000000000066601
13,38131,0,0.0,3035,1356,36775,0.010000000000065939
13,38144,0,0.0,3036,1356,36788,0.010000000000065283
13,38157,0,0.0,3037,1356,36801,0.010000000000064633
13,38170,0,0.0,3038,1356,36814,0.01000000000006399
13,38183,0,0.0,3039,1356,36827,0.010000000000063354
13,38196,0,0.0,3040,1356,36840,0.010000000000062723
13,38209,0,0.0,3041,1356,36853,0.010000000000062098
13,38222,0,0.0,3042,1356,36866,0.01000000000006148
13,38235,0,0.0,3043,1357,36878,0.01000000000006087
13,38248,0,0.0,3044,1357,36891,0.010000000000060265
13,38261,0,0.0,3045,1357,36904,0.010000000000059664
13,38274,0,0.0,3046,1357,36917,0.010000000000059071
13,38287,0,0.0,3047,1357,36930,0.010000000000058483
13,38300,0,0.0,3048,1357,36943,0.0100000000000579
13,38313,0,0.0,3049,1357,36956,0.010000000000057324
13,38326,0,0.0,3050,1357,36969,0.010000000000056753
13,38339,0,0.0,3051,1357,36982,0.01000000000005619
13,38352,0,0.0,3052,1357,36995,0.010000000000055631
13,38365,0,0.0,3053,1357,37008,0.010000000000055078
13,38378,0,0.0,3054,1357,37021,0.01000000000005453
13,38391,0,0.0,3055,1357,37034,0.010000000000053987
13,38404,0,0.0,3056,1357,37047,0.010000000000053449
13,38417,0,0.0,3057,1357,37060,0.010000000000052918
13,38430,0,0.0,3058,1357,37073,0.01000000000005239
13,38443,0,0.0,3059,1357,37086,0.01000000000005187
13,38456,0,0.0,3060,1357,37099,0.010000000000051353
13,38469,0,0.0,3061,1357,37112,0.010000000000050843
13,38482,0,0.0,3062,1357,37125,0.010000000000050337
13,38495,0,0.0,3063,1357,37138,0.010000000000049835
13,38508,0,0.0,3064,1357,37151,0.01000000000004934
13,38521,0,0.0,3065,1357,37164,0.010000000000048848
13,38534,0,0.0,3066,1357,37177,0.010000000000048363
13,38547,0,0.0,3067,1357,37190,0.010000000000047882
13,38560,0,0.0,3068,1357,37203,0.010000000000047405
10,38570,0,0.0,3069,1358,37212,0.010000000000046933
13,38583,0,0.0,3070,1358,37225,0.010000000000046467
13,38596,0,0.0,3071,1358,37238,0.010000000000046003
13,38609,0,0.0,3072,1358,37251,0.010000000000045547
13,38622,0,0.0,3073,1359,37263,0.010000000000045093
13,38635,0,0.0,3074,1359,37276,0.010000000000044645
13,38648,0,0.0,3075,1359,37289,0.010000000000044201
13,38661,0,0.0,3076,1359,37302,0.01000000000004376
14,38675,0,0.0,3077,1360,37315,0.010000000000043325
13,38688,0,0.0,3078,1360,37328,0.010000000000042895
13,38701,0,0.0,3079,1360,37341,0.010000000000042468
13,38714,0,0.0,3080,1360,37354,0.010000000000042045
13,38727,0,0.0,3081,1360,37367,0.010000000000041627
13,38740,0,0.0,3082,1360,37380,0.010000000000041212
13,38753,0,0.0,3083,1360,37393,0.010000000000040803
13,38766,0,0.0,3084,1360,37406,0.010000000000040397
13,38779,0,0.0,3085,1360,37419,0.010000000000039994
13,38792,0,0.0,3086,1360,37432,0.010000000000039595
10,38802,0,0.0,3087,1361,37441,0.010000000000039201
13,38815,0,0.0,3088,1361,37454,0.010000000000038813
13,38828,0,0.0,3089,1361,37467,0.010000000000038426
13,38841,0,0.0,3090,1361,37480,0.010000000000038043
13,38854,0,0.0,3091,1361,37493,0.010000000000037665
13,38867,0,0.0,3092,1361,37506,0.01000000000003729
7,38874,0,0.0,3093,1362,37512,0.010000000000036919
13,38887,0,0.0,3094,1362,37525,0.010000000000036553
13,38900,0,0.0,3095,1362,37538,0.010000000000036188
13,38913,0,0.0,3096,1362,37551,0.010000000000035827
13,38926,0,0.0,3097,1363,37563,0.010000000000035472
13,38939,0,0.0,3098,1363,37576,0.010000000000035118
13,38952,0,0.0,3099,1363,37589,0.01000000000003477
14,38966,0,0.0,3100,1364,37602,0.010000000000034424
13,38979,0,0.0,3101,1364,37615,0.01000000000003408
13,38992,0,0.0,3102,1365,37627,0.010000000000033742
13,39005,0,0.0,3103,1365,37640,0.010000000000033406
13,39018,0,0.0,3104,1365,37653,0.010000000000033073
13,39031,0,0.0,3105,1365,37666,0.010000000000032745
13,39044,0,0.0,3106,1365,37679,0.010000000000032419
13,39057,0,0.0,3107,1365,37692,0.010000000000032096
13,39070,0,0.0,3108,1365,37705,0.010000000000031777
13,39083,0,0.0,3109,1365,37718,0.010000000000031461
13,39096,0,0.0,3110,1365,37731,0.010000000000031147
13,39109,0,0.0,3111,1366,37743,0.010000000000030838
13,39122,0,0.0,3112,1366,37756,0.010000000000030531
13,39135,0,0.0,3113,1366,37769,0.010000000000030228
13,39148,0,0.0,3114,1366,37782,0.010000000000029926
13,39161,0,0.0,3115,1366,37795,0.010000000000029628
13,39174,0,0.0,3116,1366,37808,0.010000000000029334
13,39187,0,0.0,3117,1366,37821,0.010000000000029041
13,39200,0,0.0,3118,1366,37834,0.010000000000028753
13,39213,0,0.0,3119,1366,37847,0.010000000000028467
13,39226,0,0.0,3120,1366,37860,0.010000000000028184
13,39239,0,0.0,3121,1366,37873,0.010000000000027903
13,39252,0,0.0,3122,1366,37886,0.010000000000027626
13,39265,0,0.0,3123,1366,37899,0.01000000000002735
13,39278,0,0.0,3124,1367,37911,0.010000000000027078
13,39291,0,0.0,3125,1367,37924,0.010000000000026809
13,39304,0,0.0,3126,1367,37937,0.010000000000026541
13,39317,0,0.0,3127,1367,37950,0.010000000000026278
13,39330,0,0.0,3128,1367,37963,0.010000000000026016
13,39343,0,0.0,3129,1367,37976,0.010000000000025757
13,39356,0,0.0,3130,1367,37989,0.0100000000000255
13,39369,0,0.0,3131,1367,38002,0.010000000000025247
13,39382,0,0.0,3132,1367,38015,0.010000000000024996
13,39395,0,0.0,3133,1367,38028,0.010000000000024748
13,39408,0,0.0,3134,1367,38041,0.010000000000024501
13,39421,0,0.0,3135,1367,38054,0.010000000000024257
13,39434,0,0.0,3136,1367,38067,0.010000000000024016
13,39447,0,0.0,3137,1367,38080,0.010000000000023778
13,39460,0,0.0,3138,1367,38093,0.01000000000002354
13,39473,0,0.0,3139,1367,38106,0.010000000000023306
13,39486,0,0.0,3140,1367,38119,0.010000000000023075
13,39499,0,0.0,3141,1367,38132,0.010000000000022845
13,39512,0,0.0,3142,1367,38145,0.010000000000022618
13,39525,0,0.0,3143,1367,38158,0.010000000000022392
13,39538,0,0.0,3144,1367,38171,0.01000000000002217
13,39551,0,0.0,3145,1367,38184,0.01000000000002195
13,39564,0,0.0,3146,1367,38197,0.010000000000021731
13,39577,0,0.0,3147,1367,38210,0.010000000000021514
13,39590,0,0.0,3148,1367,38223,0.010000000000021301
13,39603,0,0.0,3149,1367,38236,0.01000000000002109
13,39616,0,0.0,3150,1367,38249,0.01000000000002088
13,39629,0,0.0,3151,1367,38262,0.010000000000020671
13,39642,0,0.0,3152,1367,38275,0.010000000000020465
13,39655,0,0.0,3153,1367,38288,0.010000000000020262
13,39668,0,0.0,3154,1367,38301,0.01000000000002006
13,39681,0,0.0,3155,1367,38314,0.010000000000019861
13,39694,0,0.0,3156,1367,38327,0.010000000000019663
13,39707,0,0.0,3157,1367,38340,0.010000000000019467
13,39720,0,0.0,3158,1367,38353,0.010000000000019273
13,39733,0,0.0,3159,1367,38366,0.010000000000019082
13,39746,0,0.0,3160,1367,38379,0.010000000000018891
13,39759,0,0.0,3161,1367,38392,0.010000000000018704
13,39772,0,0.0,3162,1367,38405,0.010000000000018518
14,39786,0,0.0,3163,1368,38418,0.010000000000018335
13,39799,0,0.0,3164,1368,38431,0.01000000000001815
13,39812,0,0.0,3165,1368,38444,0.01000000000001797
13,39825,0,0.0,3166,1368,38457,0.010000000000017792
13,39838,0,0.0,3167,1368,38470,0.010000000000017615
13,39851,0,0.0,3168,1368,38483,0.01000000000001744
13,39864,0,0.0,3169,1368,38496,0.010000000000017266
13,39877,0,0.0,3170,1368,38509,0.010000000000017094
13,39890,0,0.0,3171,1368,38522,0.010000000000016924
13,39903,0,0.0,3172,1368,38535,0.010000000000016756
13,39916,0,0.0,3173,1368,38548,0.01000000000001659
13,39929,0,0.0,3174,1368,38561,0.010000000000016425
13,39942,0,0.0,3175,1368,38574,0.01000000000001626
13,39955,0,0.0,3176,1368,38587,0.010000000000016098
13,39968,0,0.0,3177,1368,38600,0.010000000000015939
13,39981,0,0.0,3178,1368,38613,0.01000000000001578
13,39994,0,0.0,3179,1368,38626,0.010000000000015623
13,40007,0,0.0,3180,1369,38638,0.010000000000015467
13,40020,0,0.0,3181,1369,38651,0.010000000000015314
13,40033,0,0.0,3182,1369,38664,0.010000000000015162
14,40047,0,0.0,3183,1370,38677,0.01000000000001501
14,40061,0,0.0,3184,1371,38690,0.010000000000014862
13,40074,0,0.0,3185,1371,38703,0.010000000000014712
13,40087,0,0.0,3186,1371,38716,0.010000000000014567
13,40100,0,0.0,3187,1371,38729,0.010000000000014421
14,40114,0,0.0,3188,1372,38742,0.010000000000014279
13,40127,0,0.0,3189,1372,38755,0.010000000000014136
13,40140,0,0.0,3190,1372,38768,0.010000000000013996
13,40153,0,0.0,3191,1372,38781,0.010000000000013857
13,40166,0,0.0,3192,1372,38794,0.010000000000013718
13,40179,0,0.0,3193,1372,38807,0.010000000000013581
13,40192,0,0.0,3194,1372,38820,0.010000000000013446
13,40205,0,0.0,3195,1372,38833,0.010000000000013312
14,40219,0,0.0,3196,1374,38845,0.01000000000001318
13,40232,0,0.0,3197,1374,38858,0.010000000000013049
13,40245,0,0.0,3198,1374,38871,0.010000000000012919
13,40258,0,0.0,3199,1374,38884,0.01000000000001279
13,40271,0,0.0,3200,1374,38897,0.010000000000012664
13,40284,0,0.0,3201,1374,38910,0.010000000000012537
13,40297,0,0.0,3202,1374,38923,0.010000000000012412
13,40310,0,0.0,3203,1374,38936,0.010000000000012289
13,40323,0,0.0,3204,1374,38949,0.010000000000012168
13,40336,0,0.0,3205,1374,38962,0.010000000000012046
13,40349,0,0.0,3206,1374,38975,0.010000000000011926
13,40362,0,0.0,3207,1374,38988,0.010000000000011808
13,40375,0,0.0,3208,1374,39001,0.01000000000001169
13,40388,0,0.0,3209,1374,39014,0.010000000000011574
13,40401,0,0.0,3210,1374,39027,0.010000000000011458
14,40415,0,0.0,3211,1375,39040,0.010000000000011345
13,40428,0,0.0,3212,1375,39053,0.010000000000011233
13,40441,0,0.0,3213,1375,39066,0.01000000000001112
13,40454,0,0.0,3214,1375,39079,0.010000000000011009
13,40467,0,0.0,3215,1375,39092,0.0100000000000109
13,40480,0,0.0,3216,1375,39105,0.010000000000010792
13,40493,0,0.0,3217,1376,39117,0.010000000000010684
13,40506,0,0.0,3218,1376,39130,0.010000000000010577
13,40519,0,0.0,3219,1376,39143,0.010000000000010473
13,40532,0,0.0,3220,1376,39156,0.010000000000010369
13,40545,0,0.0,3221,1376,39169,0.010000000000010265
10,40555,0,0.0,3222,1377,39178,0.010000000000010162
13,40568,0,0.0,3223,1377,39191,0.010000000000010062
13,40581,0,0.0,3224,1377,39204,0.010000000000009961
13,40594,0,0.0,3225,1377,39217,0.010000000000009862
13,40607,0,0.0,3226,1378,39229,0.010000000000009765
10,40617,0,0.0,3227,1379,39238,0.010000000000009668
13,40630,0,0.0,3228,1379,39251,0.01000000000000957
13,40643,0,0.0,3229,1379,39264,0.010000000000009475
13,40656,0,0.0,3230,1379,39277,0.010000000000009382
13,40669,0,0.0,3231,1379,39290,0.010000000000009288
13,40682,0,0.0,3232,1379,39303,0.010000000000009196
13,40695,0,0.0,3233,1380,39315,0.010000000000009104
13,40708,0,0.0,3234,1380,39328,0.010000000000009014
13,40721,0,0.0,3235,1380,39341,0.010000000000008924
13,40734,0,0.0,3236,1380,39354,0.010000000000008835
13,40747,0,0.0,3237,1380,39367,0.010000000000008747
13,40760,0,0.0,3238,1380,39380,0.01000000000000866
13,40773,0,0.0,3239,1380,39393,0.010000000000008575
13,40786,0,0.0,3240,1380,39406,0.010000000000008488
13,40799,0,0.0,3241,1381,39418,0.010000000000008405
13,40812,0,0.0,3242,1381,39431,0.01000000000000832
10,40822,0,0.0,3243,1382,39440,0.010000000000008238
13,40835,0,0.0,3244,1382,39453,0.010000000000008155
13,40848,0,0.0,3245,1382,39466,0.010000000000008075
10,40858,0,0.0,3246,1384,39474,0.010000000000007994
13,40871,0,0.0,3247,1384,39487,0.010000000000007916
13,40884,0,0.0,3248,1385,39499,0.010000000000007836
13,40897,0,0.0,3249,1385,39512,0.010000000000007758
13,40910,0,0.0,3250,1385,39525,0.010000000000007682
13,40923,0,0.0,3251,1385,39538,0.010000000000007605
13,40936,0,0.0,3252,1385,39551,0.010000000000007529
13,40949,0,0.0,3253,1385,39564,0.010000000000007454
12,40961,0,0.0,3254,1387,39574,0.01000000000000738
13,40974,0,0.0,3255,1387,39587,0.010000000000007307
13,40987,0,0.0,3256,1387,39600,0.010000000000007234
13,41000,0,0.0,3257,1387,39613,0.010000000000007161
13,41013,0,0.0,3258,1387,39626,0.01000000000000709
13,41026,0,0.0,3259,1387,39639,0.01000000000000702
13,41039,0,0.0,3260,1388,39651,0.01000000000000695
13,41052,0,0.0,3261,1389,39663,0.01000000000000688
13,41065,0,0.0,3262,1389,39676,0.010000000000006812
13,41078,0,0.0,3263,1389,39689,0.010000000000006745
13,41091,0,0.0,3264,1390,39701,0.010000000000006677
13,41104,0,0.0,3265,1390,39714,0.010000000000006611
13,41117,0,0.0,3266,1390,39727,0.010000000000006545
13,41130,0,0.0,3267,1390,39740,0.01000000000000648
13,41143,0,0.0,3268,1390,39753,0.010000000000006415
13,41156,0,0.0,3269,1390,39766,0.010000000000006353
13,41169,0,0.0,3270,1390,39779,0.010000000000006289
13,41182,0,0.0,3271,1390,39792,0.010000000000006226
13,41195,0,0.0,3272,1391,39804,0.010000000000006164
13,41208,0,0.0,3273,1391,39817,0.010000000000006103
13,41221,0,0.0,3274,1391,39830,0.010000000000006042
13,41234,0,0.0,3275,1391,39843,0.010000000000005982
13,41247,0,0.0,3276,1391,39856,0.010000000000005923
13,41260,0,0.0,3277,1391,39869,0.010000000000005864
13,41273,0,0.0,3278,1391,39882,0.010000000000005805
13,41286,0,0.0,3279,1391,39895,0.010000000000005747
13,41299,0,0.0,3280,1391,39908,0.01000000000000569
13,41312,0,0.0,3281,1391,39921,0.010000000000005633
13,41325,0,0.0,3282,1391,39934,0.010000000000005577
13,41338,0,0.0,3283,1392,39946,0.010000000000005522
16,41354,0,0.0,3284,1393,39961,0.010000000000005466
13,41367,0,0.0,3285,1393,39974,0.010000000000005413
13,41380,0,0.0,3286,1393,39987,0.010000000000005359
13,41393,0,0.0,3287,1393,40000,0.010000000000005305
2,41395,0,0.0,3288,1394,40001,0.010000000000005253
13,41408,0,0.0,3289,1394,40014,0.010000000000005201
7,41415,0,0.0,3290,1395,40020,0.010000000000005149
13,41428,0,0.0,3291,1395,40033,0.010000000000005097
13,41441,0,0.0,3292,1395,40046,0.010000000000005047
13,41454,0,0.0,3293,1395,40059,0.010000000000004996
13,41467,0,0.0,3294,1395,40072,0.010000000000004948
13,41480,0,0.0,3295,1395,40085,0.010000000000004897
2,41482,0,0.0,3296,1396,40086,0.010000000000004849
13,41495,0,0.0,3297,1396,40099,0.0100000000000048
13,41508,0,0.0,3298,1396,40112,0.010000000000004753
13,41521,0,0.0,3299,1396,40125,0.010000000000004707
13,41534,0,0.0,3300,1396,40138,0.01000000000000466
13,41547,0,0.0,3301,1396,40151,0.010000000000004613
13,41560,0,0.0,3302,1396,40164,0.010000000000004566
13,41573,0,0.0,3303,1396,40177,0.010000000000004521
13,41586,0,0.0,3304,1396,40190,0.010000000000004476
13,41599,0,0.0,3305,1396,40203,0.010000000000004432
15,41614,0,0.0,3306,1397,40217,0.010000000000004387
13,41627,0,0.0,3307,1397,40230,0.010000000000004344
13,41640,0,0.0,3308,1397,40243,0.0100000000000043
13,41653,0,0.0,3309,1397,40256,0.010000000000004257
13,41666,0,0.0,3310,1397,40269,0.010000000000004216
13,41679,0,0.0,3311,1397,40282,0.010000000000004174
13,41692,0,0.0,3312,1397,40295,0.010000000000004132
13,41705,0,0.0,3313,1397,40308,0.01000000000000409
13,41718,0,0.0,3314,1397,40321,0.01000000000000405
13,41731,0,0.0,3315,1397,40334,0.01000000000000401
13,41744,0,0.0,3316,1397,40347,0.01000000000000397
13,41757,0,0.0,3317,1397,40360,0.010000000000003931
13,41770,0,0.0,3318,1397,40373,0.010000000000003891
13,41783,0,0.0,3319,1397,40386,0.010000000000003853
13,41796,0,0.0,3320,1397,40399,0.010000000000003815
13,41809,0,0.0,3321,1397,40412,0.010000000000003777
13,41822,0,0.0,3322,1397,40425,0.010000000000003739
13,41835,0,0.0,3323,1397,40438,0.010000000000003702
13,41848,0,0.0,3324,1397,40451,0.010000000000003666
13,41861,0,0.0,3325,1397,40464,0.010000000000003628
13,41874,0,0.0,3326,1397,40477,0.010000000000003593
13,41887,0,0.0,3327,1397,40490,0.010000000000003556
13,41900,0,0.0,3328,1397,40503,0.010000000000003522
13,41913,0,0.0,3329,1397,40516,0.010000000000003485
13,41926,0,0.0,3330,1397,40529,0.01000000000000345
13,41939,0,0.0,3331,1397,40542,0.010000000000003418
13,41952,0,0.0,3332,1397,40555,0.010000000000003383
14,41966,0,0.0,3333,1398,40568,0.01000000000000335
13,41979,0,0.0,3334,1398,40581,0.010000000000003315
13,41992,0,0.0,3335,1399,40593,0.010000000000003282
13,42005,0,0.0,3336,1399,40606,0.010000000000003251
13,42018,0,0.0,3337,1399,40619,0.010000000000003218
13,42031,0,0.0,3338,1399,40632,0.010000000000003187
13,42044,0,0.0,3339,1399,40645,0.010000000000003154
13,42057,0,0.0,3340,1399,40658,0.010000000000003123
13,42070,0,0.0,3341,1399,40671,0.010000000000003091
13,42083,0,0.0,3342,1399,40684,0.010000000000003062
13,42096,0,0.0,3343,1399,40697,0.01000000000000303
13,42109,0,0.0,3344,1399,40710,0.010000000000003001
13,42122,0,0.0,3345,1399,40723,0.01000000000000297
13,42135,0,0.0,3346,1399,40736,0.01000000000000294
13,42148,0,0.0,3347,1399,40749,0.010000000000002911
13,42161,0,0.0,3348,1399,40762,0.010000000000002883
13,42174,0,0.0,3349,1399,40775,0.010000000000002854
13,42187,0,0.0,3350,1399,40788,0.010000000000002826
13,42200,0,0.0,3351,1399,40801,0.010000000000002798
13,42213,0,0.0,3352,1399,40814,0.01000000000000277
13,42226,0,0.0,3353,1399,40827,0.010000000000002743
13,42239,0,0.0,3354,1399,40840,0.010000000000002715
13,42252,0,0.0,3355,1399,40853,0.010000000000002687
13,42265,0,0.0,3356,1399,40866,0.010000000000002661
16,42281,0,0.0,3357,1400,40881,0.010000000000002635
13,42294,0,0.0,3358,1400,40894,0.01000000000000261
13,42307,0,0.0,3359,1400,40907,0.010000000000002583
10,42317,0,0.0,3360,1401,40916,0.010000000000002557
13,42330,0,0.0,3361,1401,40929,0.010000000000002531
13,42343,0,0.0,3362,1401,40942,0.010000000000002507
13,42356,0,0.0,3363,1401,40955,0.01000000000000248
14,42370,0,0.0,3364,1402,40968,0.010000000000002457
13,42383,0,0.0,3365,1403,40980,0.010000000000002432
6,42389,0,0.0,3366,1404,40985,0.010000000000002408
13,42402,0,0.0,3367,1404,40998,0.010000000000002384
13,42415,0,0.0,3368,1404,41011,0.010000000000002361
13,42428,0,0.0,3369,1405,41023,0.010000000000002337
13,42441,0,0.0,3370,1405,41036,0.010000000000002314
13,42454,0,0.0,3371,1405,41049,0.01000000000000229
10,42464,0,0.0,3372,1407,41057,0.010000000000002267
13,42477,0,0.0,3373,1407,41070,0.010000000000002245
13,42490,0,0.0,3374,1407,41083,0.010000000000002222
14,42504,0,0.0,3375,1408,41096,0.010000000000002202
13,42517,0,0.0,3376,1408,41109,0.010000000000002179
10,42527,0,0.0,3377,1409,41118,0.010000000000002156
13,42540,0,0.0,3378,1409,41131,0.010000000000002136
13,42553,0,0.0,3379,1409,41144,0.010000000000002115
13,42566,0,0.0,3380,1409,41157,0.010000000000002094
13,42579,0,0.0,3381,1409,41170,0.010000000000002073
13,42592,0,0.0,3382,1409,41183,0.010000000000002052
13,42605,0,0.0,3383,1409,41196,0.010000000000002032
13,42618,0,0.0,3384,1409,41209,0.01000000000000201
13,42631,0,0.0,3385,1409,41222,0.010000000000001992
13,42644,0,0.0,3386,1409,41235,0.01000000000000197
13,42657,0,0.0,3387,1409,41248,0.010000000000001952
13,42670,0,0.0,3388,1410,41260,0.010000000000001933
13,42683,0,0.0,3389,1410,41273,0.010000000000001914
13,42696,0,0.0,3390,1410,41286,0.010000000000001895
10,42706,0,0.0,3391,1411,41295,0.010000000000001875
13,42719,0,0.0,3392,1412,41307,0.010000000000001856
13,42732,0,0.0,3393,1412,41320,0.010000000000001839
13,42745,0,0.0,3394,1412,41333,0.01000000000000182
13,42758,0,0.0,3395,1412,41346,0.010000000000001803
13,42771,0,0.0,3396,1412,41359,0.010000000000001784
13,42784,0,0.0,3397,1412,41372,0.010000000000001766
13,42797,0,0.0,3398,1412,41385,0.010000000000001749
13,42810,0,0.0,3399,1412,41398,0.010000000000001731
13,42823,0,0.0,3400,1412,41411,0.010000000000001714
13,42836,0,0.0,3401,1412,41424,0.010000000000001697
13,42849,0,0.0,3402,1412,41437,0.01000000000000168
13,42862,0,0.0,3403,1412,41450,0.010000000000001664
13,42875,0,0.0,3404,1412,41463,0.010000000000001646
13,42888,0,0.0,3405,1412,41476,0.01000000000000163
13,42901,0,0.0,3406,1412,41489,0.010000000000001614
13,42914,0,0.0,3407,1412,41502,0.010000000000001598
13,42927,0,0.0,3408,1412,41515,0.010000000000001582
13,42940,0,0.0,3409,1412,41528,0.010000000000001567
13,42953,0,0.0,3410,1412,41541,0.010000000000001551
13,42966,0,0.0,3411,1412,41554,0.010000000000001535
13,42979,0,0.0,3412,1412,41567,0.01000000000000152
13,42992,0,0.0,3413,1412,41580,0.010000000000001506
13,43005,0,0.0,3414,1412,41593,0.01000000000000149
13,43018,0,0.0,3415,1412,41606,0.010000000000001475
13,43031,0,0.0,3416,1412,41619,0.01000000000000146
13,43044,0,0.0,3417,1412,41632,0.010000000000001445
13,43057,0,0.0,3418,1412,41645,0.010000000000001431
13,43070,0,0.0,3419,1413,41657,0.010000000000001417
13,43083,0,0.0,3420,1414,41669,0.010000000000001404
13,43096,0,0.0,3421,1414,41682,0.01000000000000139
13,43109,0,0.0,3422,1414,41695,0.010000000000001376
13,43122,0,0.0,3423,1414,41708,0.010000000000001362
13,43135,0,0.0,3424,1414,41721,0.010000000000001348
13,43148,0,0.0,3425,1414,41734,0.010000000000001334
13,43161,0,0.0,3426,1414,41747,0.010000000000001322
13,43174,0,0.0,3427,1415,41759,0.010000000000001308
13,43187,0,0.0,3428,1415,41772,0.010000000000001296
13,43200,0,0.0,3429,1415,41785,0.010000000000001282
13,43213,0,0.0,3430,1415,41798,0.01000000000000127
13,43226,0,0.0,3431,1415,41811,0.010000000000001258
13,43239,0,0.0,3432,1415,41824,0.010000000000001244
13,43252,0,0.0,3433,1415,41837,0.010000000000001232
13,43265,0,0.0,3434,1415,41850,0.01000000000000122
13,43278,0,0.0,3435,1415,41863,0.010000000000001208
13,43291,0,0.0,3436,1415,41876,0.010000000000001195
13,43304,0,0.0,3437,1415,41889,0.010000000000001183
13,43317,0,0.0,3438,1415,41902,0.010000000000001173
13,43330,0,0.0,3439,1415,41915,0.01000000000000116
13,43343,0,0.0,3440,1415,41928,0.010000000000001149
13,43356,0,0.0,3441,1415,41941,0.010000000000001138
13,43369,0,0.0,3442,1415,41954,0.010000000000001126
13,43382,0,0.0,3443,1415,41967,0.010000000000001116
13,43395,0,0.0,3444,1415,41980,0.010000000000001103
13,43408,0,0.0,3445,1415,41993,0.010000000000001093
14,43422,0,0.0,3446,1416,42006,0.010000000000001083
13,43435,0,0.0,3447,1416,42019,0.01000000000000107
13,43448,0,0.0,3448,1416,42032,0.01000000000000106
13,43461,0,0.0,3449,1416,42045,0.01000000000000105
13,43474,0,0.0,3450,1416,42058,0.01000000000000104
13,43487,0,0.0,3451,1416,42071,0.010000000000001029
13,43500,0,0.0,3452,1416,42084,0.010000000000001018
13,43513,0,0.0,3453,1416,42097,0.01000000000000101
13,43526,0,0.0,3454,1417,42109,0.010000000000001
13,43539,0,0.0,3455,1417,42122,0.010000000000000989
13,43552,0,0.0,3456,1417,42135,0.010000000000000979
13,43565,0,0.0,3457,1417,42148,0.01000000000000097
13,43578,0,0.0,3458,1417,42161,0.01000000000000096
13,43591,0,0.0,3459,1417,42174,0.01000000000000095
13,43604,0,0.0,3460,1417,42187,0.01000000000000094
13,43617,0,0.0,3461,1417,42200,0.010000000000000932
13,43630,0,0.0,3462,1417,42213,0.010000000000000921
13,43643,0,0.0,3463,1417,42226,0.010000000000000913
13,43656,0,0.0,3464,1417,42239,0.010000000000000904
13,43669,0,0.0,3465,1417,42252,0.010000000000000895
13,43682,0,0.0,3466,1417,42265,0.010000000000000887
13,43695,0,0.0,3467,1417,42278,0.010000000000000878
6,43701,0,0.0,3468,1418,42283,0.01000000000000087
13,43714,0,0.0,3469,1419,42295,0.01000000000000086
13,43727,0,0.0,3470,1419,42308,0.010000000000000852
13,43740,0,0.0,3471,1419,42321,0.010000000000000843
13,43753,0,0.0,3472,1419,42334,0.010000000000000835
13,43766,0,0.0,3473,1419,42347,0.010000000000000826
13,43779,0,0.0,3474,1421,42358,0.010000000000000817
13,43792,0,0.0,3475,1421,42371,0.01000000000000081
13,43805,0,0.0,3476,1421,42384,0.010000000000000802
13,43818,0,0.0,3477,1421,42397,0.010000000000000793
13,43831,0,0.0,3478,1421,42410,0.010000000000000786
13,43844,0,0.0,3479,1421,42423,0.010000000000000777
13,43857,0,0.0,3480,1421,42436,0.01000000000000077
13,43870,0,0.0,3481,1421,42449,0.010000000000000762
13,43883,0,0.0,3482,1421,42462,0.010000000000000755
13,43896,0,0.0,3483,1421,42475,0.010000000000000748
13,43909,0,0.0,3484,1421,42488,0.010000000000000741
13,43922,0,0.0,3485,1421,42501,0.010000000000000732
13,43935,0,0.0,3486,1421,42514,0.010000000000000725
11,43946,0,0.0,3487,1422,42524,0.010000000000000718
13,43959,0,0.0,3488,1422,42537,0.010000000000000711
7,43966,0,0.0,3489,1423,42543,0.010000000000000705
13,43979,0,0.0,3490,1423,42556,0.010000000000000698
13,43992,0,0.0,3491,1424,42568,0.01000000000000069
13,44005,0,0.0,3492,1424,42581,0.010000000000000684
13,44018,0,0.0,3493,1424,42594,0.010000000000000677
13,44031,0,0.0,3494,1424,42607,0.01000000000000067
13,44044,0,0.0,3495,1424,42620,0.010000000000000663
13,44057,0,0.0,3496,1424,42633,0.010000000000000656
13,44070,0,0.0,3497,1424,42646,0.01000000000000065
13,44083,0,0.0,3498,1424,42659,0.010000000000000644
13,44096,0,0.0,3499,1424,42672,0.010000000000000637
13,44109,0,0.0,3500,1424,42685,0.01000000000000063
13,44122,0,0.0,3501,1424,42698,0.010000000000000625
13,44135,0,0.0,3502,1424,42711,0.010000000000000618
13,44148,0,0.0,3503,1424,42724,0.010000000000000613
13,44161,0,0.0,3504,1424,42737,0.010000000000000606
13,44174,0,0.0,3505,1424,42750,0.0100000000000006
13,44187,0,0.0,3506,1424,42763,0.010000000000000593
13,44200,0,0.0,3507,1424,42776,0.010000000000000588
13,44213,0,0.0,3508,1424,42789,0.010000000000000583
13,44226,0,0.0,3509,1424,42802,0.010000000000000576
13,44239,0,0.0,3510,1425,42814,0.010000000000000571
13,44252,0,0.0,3511,1426,42826,0.010000000000000566
13,44265,0,0.0,3512,1426,42839,0.010000000000000559
13,44278,0,0.0,3513,1426,42852,0.010000000000000554
13,44291,0,0.0,3514,1426,42865,0.010000000000000548
13,44304,0,0.0,3515,1426,42878,0.010000000000000543
13,44317,0,0.0,3516,1426,42891,0.010000000000000538
13,44330,0,0.0,3517,1426,42904,0.010000000000000533
13,44343,0,0.0,3518,1426,42917,0.010000000000000528
13,44356,0,0.0,3519,1426,42930,0.010000000000000522
13,44369,0,0.0,3520,1426,42943,0.010000000000000517
13,44382,0,0.0,3521,1426,42956,0.010000000000000512
13,44395,0,0.0,3522,1426,42969,0.010000000000000507
13,44408,0,0.0,3523,1426,42982,0.010000000000000502
13,44421,0,0.0,3524,1426,42995,0.010000000000000496
13,44434,0,0.0,3525,1427,43007,0.010000000000000491
13,44447,0,0.0,3526,1427,43020,0.010000000000000486
13,44460,0,0.0,3527,1427,43033,0.01000000000000048
13,44473,0,0.0,3528,1427,43046,0.010000000000000477
13,44486,0,0.0,3529,1427,43059,0.010000000000000472
13,44499,0,0.0,3530,1427,43072,0.010000000000000467
13,44512,0,0.0,3531,1427,43085,0.010000000000000463
13,44525,0,0.0,3532,1427,43098,0.010000000000000458
13,44538,0,0.0,3533,1427,43111,0.010000000000000453
13,44551,0,0.0,3534,1427,43124,0.01000000000000045
13,44564,0,0.0,3535,1427,43137,0.010000000000000444
13,44577,0,0.0,3536,1427,43150,0.01000000000000044
13,44590,0,0.0,3537,1427,43163,0.010000000000000436
2,44592,0,0.0,3538,1428,43164,0.010000000000000432
13,44605,0,0.0,3539,1428,43177,0.010000000000000427
13,44618,0,0.0,3540,1428,43190,0.010000000000000423
13,44631,0,0.0,3541,1428,43203,0.010000000000000418
13,44644,0,0.0,3542,1428,43216,0.010000000000000415
13,44657,0,0.0,3543,1428,43229,0.01000000000000041
13,44670,0,0.0,3544,1428,43242,0.010000000000000406
13,44683,0,0.0,3545,1428,43255,0.010000000000000403
13,44696,0,0.0,3546,1428,43268,0.010000000000000397
13,44709,0,0.0,3547,1428,43281,0.010000000000000394
13,44722,0,0.0,3548,1428,43294,0.01000000000000039
13,44735,0,0.0,3549,1429,43306,0.010000000000000387
13,44748,0,0.0,3550,1429,43319,0.010000000000000382
13,44761,0,0.0,3551,1430,43331,0.010000000000000378
13,44774,0,0.0,3552,1430,43344,0.010000000000000375
13,44787,0,0.0,3553,1430,43357,0.010000000000000371
13,44800,0,0.0,3554,1430,43370,0.010000000000000368
13,44813,0,0.0,3555,1430,43383,0.010000000000000365
13,44826,0,0.0,3556,1430,43396,0.010000000000000361
13,44839,0,0.0,3557,1430,43409,0.010000000000000358
13,44852,0,0.0,3558,1430,43422,0.010000000000000352
10,44862,0,0.0,3559,1431,43431,0.010000000000000349
12,44874,0,0.0,3560,1432,43442,0.010000000000000345
13,44887,0,0.0,3561,1432,43455,0.010000000000000342
13,44900,0,0.0,3562,1432,43468,0.01000000000000034
13,44913,0,0.0,3563,1432,43481,0.010000000000000337
10,44923,0,0.0,3564,1433,43490,0.010000000000000333
3,44926,0,0.0,3565,1434,43492,0.01000000000000033
13,44939,0,0.0,3566,1434,43505,0.010000000000000326
13,44952,0,0.0,3567,1434,43518,0.010000000000000323
12,44964,0,0.0,3568,1435,43529,0.01000000000000032
13,44977,0,0.0,3569,1435,43542,0.010000000000000316
13,44990,0,0.0,3570,1435,43555,0.010000000000000312
13,45003,0,0.0,3571,1435,43568,0.01000000000000031
13,45016,0,0.0,3572,1435,43581,0.010000000000000307
13,45029,0,0.0,3573,1435,43594,0.010000000000000304
13,45042,0,0.0,3574,1435,43607,0.0100000000000003
13,45055,0,0.0,3575,1435,43620,0.010000000000000299
13,45068,0,0.0,3576,1435,43633,0.010000000000000295
13,45081,0,0.0,3577,1435,43646,0.010000000000000292
13,45094,0,0.0,3578,1435,43659,0.01000000000000029
13,45107,0,0.0,3579,1435,43672,0.010000000000000286
13,45120,0,0.0,3580,1435,43685,0.010000000000000283
13,45133,0,0.0,3581,1435,43698,0.010000000000000281
13,45146,0,0.0,3582,1435,43711,0.010000000000000278
13,45159,0,0.0,3583,1435,43724,0.010000000000000274
13,45172,0,0.0,3584,1435,43737,0.010000000000000273
13,45185,0,0.0,3585,1435,43750,0.010000000000000269
13,45198,0,0.0,3586,1436,43762,0.010000000000000267
13,45211,0,0.0,3587,1436,43775,0.010000000000000264
13,45224,0,0.0,3588,1436,43788,0.010000000000000262
13,45237,0,0.0,3589,1436,43801,0.010000000000000259
13,45250,0,0.0,3590,1436,43814,0.010000000000000257
13,45263,0,0.0,3591,1437,43826,0.010000000000000253
14,45277,0,0.0,3592,1438,43839,0.010000000000000252
13,45290,0,0.0,3593,1438,43852,0.010000000000000248
13,45303,0,0.0,3594,1438,43865,0.010000000000000247
13,45316,0,0.0,3595,1438,43878,0.010000000000000245
13,45329,0,0.0,3596,1438,43891,0.010000000000000241
13,45342,0,0.0,3597,1438,43904,0.01000000000000024
13,45355,0,0.0,3598,1438,43917,0.010000000000000236
13,45368,0,0.0,3599,1438,43930,0.010000000000000234
13,45381,0,0.0,3600,1438,43943,0.010000000000000233
13,45394,0,0.0,3601,1438,43956,0.01000000000000023
13,45407,0,0.0,3602,1438,43969,0.010000000000000227
13,45420,0,0.0,3603,1438,43982,0.010000000000000226
13,45433,0,0.0,3604,1438,43995,0.010000000000000222
13,45446,0,0.0,3605,1438,44008,0.01000000000000022
13,45459,0,0.0,3606,1438,44021,0.010000000000000219
13,45472,0,0.0,3607,1438,44034,0.010000000000000217
13,45485,0,0.0,3608,1438,44047,0.010000000000000214
13,45498,0,0.0,3609,1438,44060,0.010000000000000212
13,45511,0,0.0,3610,1438,44073,0.01000000000000021
13,45524,0,0.0,3611,1438,44086,0.010000000000000208
13,45537,0,0.0,3612,1438,44099,0.010000000000000207
13,45550,0,0.0,3613,1438,44112,0.010000000000000203
13,45563,0,0.0,3614,1438,44125,0.010000000000000201
13,45576,0,0.0,3615,1438,44138,0.0100000000000002
13,45589,0,0.0,3616,1438,44151,0.010000000000000198
13,45602,0,0.0,3617,1438,44164,0.010000000000000196
13,45615,0,0.0,3618,1438,44177,0.010000000000000194
13,45628,0,0.0,3619,1438,44190,0.010000000000000193
13,45641,0,0.0,3620,1438,44203,0.01000000000000019
13,45654,0,0.0,3621,1438,44216,0.010000000000000188
13,45667,0,0.0,3622,1439,44228,0.010000000000000186
13,45680,0,0.0,3623,1439,44241,0.010000000000000184
13,45693,0,0.0,3624,1439,44254,0.010000000000000182
13,45706,0,0.0,3625,1439,44267,0.01000000000000018
13,45719,0,0.0,3626,1439,44280,0.010000000000000179
13,45732,0,0.0,3627,1439,44293,0.010000000000000177
13,45745,0,0.0,3628,1439,44306,0.010000000000000175
13,45758,0,0.0,3629,1439,44319,0.010000000000000174
13,45771,0,0.0,3630,1439,44332,0.010000000000000172
13,45784,0,0.0,3631,1439,44345,0.01000000000000017
13,45797,0,0.0,3632,1439,44358,0.010000000000000168
13,45810,0,0.0,3633,1439,44371,0.010000000000000167
13,45823,0,0.0,3634,1439,44384,0.010000000000000165
13,45836,0,0.0,3635,1441,44395,0.010000000000000163
13,45849,0,0.0,3636,1441,44408,0.010000000000000162
13,45862,0,0.0,3637,1441,44421,0.01000000000000016
7,45869,0,0.0,3638,1442,44427,0.010000000000000158
13,45882,0,0.0,3639,1442,44440,0.010000000000000158
16,45898,0,0.0,3640,1443,44455,0.010000000000000156
13,45911,0,0.0,3641,1443,44468,0.010000000000000155
13,45924,0,0.0,3642,1443,44481,0.010000000000000153
13,45937,0,0.0,3643,1443,44494,0.010000000000000151
13,45950,0,0.0,3644,1444,44506,0.01000000000000015
13,45963,0,0.0,3645,1444,44519,0.010000000000000148
13,45976,0,0.0,3646,1444,44532,0.010000000000000146
13,45989,0,0.0,3647,1444,44545,0.010000000000000146
13,46002,0,0.0,3648,1444,44558,0.010000000000000144
13,46015,0,0.0,3649,1444,44571,0.010000000000000142
13,46028,0,0.0,3650,1444,44584,0.01000000000000014
13,46041,0,0.0,3651,1444,44597,0.010000000000000139
13,46054,0,0.0,3652,1444,44610,0.010000000000000137
13,46067,0,0.0,3653,1444,44623,0.010000000000000137
13,46080,0,0.0,3654,1444,44636,0.010000000000000136
13,46093,0,0.0,3655,1444,44649,0.010000000000000134
9,46102,0,0.0,3656,1445,44657,0.010000000000000132
13,46115,0,0.0,3657,1445,44670,0.010000000000000132
16,46131,0,0.0,3658,1446,44685,0.01000000000000013
13,46144,0,0.0,3659,1446,44698,0.010000000000000129
13,46157,0,0.0,3660,1446,44711,0.010000000000000127
13,46170,0,0.0,3661,1446,44724,0.010000000000000127
13,46183,0,0.0,3662,1446,44737,0.010000000000000125
13,46196,0,0.0,3663,1446,44750,0.010000000000000123
13,46209,0,0.0,3664,1446,44763,0.010000000000000123
13,46222,0,0.0,3665,1446,44776,0.010000000000000122
13,46235,0,0.0,3666,1446,44789,0.01000000000000012
13,46248,0,0.0,3667,1446,44802,0.010000000000000118
13,46261,0,0.0,3668,1446,44815,0.010000000000000118
13,46274,0,0.0,3669,1446,44828,0.010000000000000116
13,46287,0,0.0,3670,1446,44841,0.010000000000000115
13,46300,0,0.0,3671,1446,44854,0.010000000000000115
13,46313,0,0.0,3672,1446,44867,0.010000000000000113
13,46326,0,0.0,3673,1446,44880,0.010000000000000111
13,46339,0,0.0,3674,1446,44893,0.010000000000000111
13,46352,0,0.0,3675,1446,44906,0.01000000000000011
13,46365,0,0.0,3676,1447,44918,0.01000000000000011
13,46378,0,0.0,3677,1447,44931,0.010000000000000108
13,46391,0,0.0,3678,1447,44944,0.010000000000000106
13,46404,0,0.0,3679,1448,44956,0.010000000000000106
13,46417,0,0.0,3680,1448,44969,0.010000000000000104
13,46430,0,0.0,3681,1448,44982,0.010000000000000103
13,46443,0,0.0,3682,1448,44995,0.010000000000000103
13,46456,0,0.0,3683,1448,45008,0.0100000000000001
10,46466,0,0.0,3684,1449,45017,0.0100000000000001
13,46479,0,0.0,3685,1449,45030,0.010000000000000099
13,46492,0,0.0,3686,1449,45043,0.010000000000000099
13,46505,0,0.0,3687,1449,45056,0.010000000000000097
13,46518,0,0.0,3688,1449,45069,0.010000000000000096
13,46531,0,0.0,3689,1449,45082,0.010000000000000096
13,46544,0,0.0,3690,1449,45095,0.010000000000000094
13,46557,0,0.0,3691,1449,45108,0.010000000000000094
14,46571,0,0.0,3692,1450,45121,0.010000000000000092
13,46584,0,0.0,3693,1450,45134,0.010000000000000092
13,46597,0,0.0,3694,1450,45147,0.01000000000000009
13,46610,0,0.0,3695,1450,45160,0.01000000000000009
13,46623,0,0.0,3696,1450,45173,0.010000000000000089
13,46636,0,0.0,3697,1450,45186,0.010000000000000089
13,46649,0,0.0,3698,1450,45199,0.010000000000000087
13,46662,0,0.0,3699,1450,45212,0.010000000000000087
13,46675,0,0.0,3700,1451,45224,0.010000000000000085
13,46688,0,0.0,3701,1451,45237,0.010000000000000085
13,46701,0,0.0,3702,1451,45250,0.010000000000000083
13,46714,0,0.0,3703,1451,45263,0.010000000000000083
13,46727,0,0.0,3704,1451,45276,0.010000000000000082
13,46740,0,0.0,3705,1451,45289,0.010000000000000082
13,46753,0,0.0,3706,1451,45302,0.01000000000000008
13,46766,0,0.0,3707,1451,45315,0.01000000000000008
13,46779,0,0.0,3708,1451,45328,0.010000000000000078
13,46792,0,0.0,3709,1451,45341,0.010000000000000078
13,46805,0,0.0,3710,1451,45354,0.010000000000000078
13,46818,0,0.0,3711,1451,45367,0.010000000000000077
13,46831,0,0.0,3712,1451,45380,0.010000000000000077
13,46844,0,0.0,3713,1451,45393,0.010000000000000075
13,46857,0,0.0,3714,1451,45406,0.010000000000000075
13,46870,0,0.0,3715,1451,45419,0.010000000000000073
13,46883,0,0.0,3716,1451,45432,0.010000000000000073
8,46891,0,0.0,3717,1452,45439,0.010000000000000071
13,46904,0,0.0,3718,1452,45452,0.010000000000000071
13,46917,0,0.0,3719,1452,45465,0.010000000000000071
13,46930,0,0.0,3720,1452,45478,0.01000000000000007
13,46943,0,0.0,3721,1452,45491,0.01000000000000007
13,46956,0,0.0,3722,1452,45504,0.010000000000000068
13,46969,0,0.0,3723,1452,45517,0.010000000000000068
13,46982,0,0.0,3724,1452,45530,0.010000000000000068
13,46995,0,0.0,3725,1452,45543,0.010000000000000066
13,47008,0,0.0,3726,1452,45556,0.010000000000000066
13,47021,0,0.0,3727,1452,45569,0.010000000000000066
13,47034,0,0.0,3728,1452,45582,0.010000000000000064
13,47047,0,0.0,3729,1452,45595,0.010000000000000064
13,47060,0,0.0,3730,1452,45608,0.010000000000000063
13,47073,0,0.0,3731,1452,45621,0.010000000000000063
13,47086,0,0.0,3732,1452,45634,0.010000000000000063
13,47099,0,0.0,3733,1452,45647,0.010000000000000061
13,47112,0,0.0,3734,1452,45660,0.010000000000000061
13,47125,0,0.0,3735,1452,45673,0.010000000000000061
13,47138,0,0.0,3736,1452,45686,0.01000000000000006
13,47151,0,0.0,3737,1452,45699,0.01000000000000006
13,47164,0,0.0,3738,1452,45712,0.01000000000000006
13,47177,0,0.0,3739,1452,45725,0.010000000000000057
13,47190,0,0.0,3740,1452,45738,0.010000000000000057
13,47203,0,0.0,3741,1452,45751,0.010000000000000057
13,47216,0,0.0,3742,1452,45764,0.010000000000000056
13,47229,0,0.0,3743,1452,45777,0.010000000000000056
13,47242,0,0.0,3744,1452,45790,0.010000000000000056
13,47255,0,0.0,3745,1452,45803,0.010000000000000054
13,47268,0,0.0,3746,1452,45816,0.010000000000000054
13,47281,0,0.0,3747,1453,45828,0.010000000000000054
13,47294,0,0.0,3748,1453,45841,0.010000000000000052
13,47307,0,0.0,3749,1453,45854,0.010000000000000052
13,47320,0,0.0,3750,1453,45867,0.010000000000000052
13,47333,0,0.0,3751,1453,45880,0.010000000000000052
13,47346,0,0.0,3752,1453,45893,0.01000000000000005
13,47359,0,0.0,3753,1453,45906,0.01000000000000005
13,47372,0,0.0,3754,1453,45919,0.01000000000000005
13,47385,0,0.0,3755,1453,45932,0.010000000000000049
13,47398,0,0.0,3756,1453,45945,0.010000000000000049
13,47411,0,0.0,3757,1453,45958,0.010000000000000049
13,47424,0,0.0,3758,1453,45971,0.010000000000000049
13,47437,0,0.0,3759,1453,45984,0.010000000000000047
13,47450,0,0.0,3760,1454,45996,0.010000000000000047
13,47463,0,0.0,3761,1454,46009,0.010000000000000047
13,47476,0,0.0,3762,1454,46022,0.010000000000000045
13,47489,0,0.0,3763,1454,46035,0.010000000000000045
13,47502,0,0.0,3764,1454,46048,0.010000000000000045
13,47515,0,0.0,3765,1454,46061,0.010000000000000045
13,47528,0,0.0,3766,1454,46074,0.010000000000000044
13,47541,0,0.0,3767,1454,46087,0.010000000000000044
13,47554,0,0.0,3768,1454,46100,0.010000000000000044
13,47567,0,0.0,3769,1454,46113,0.010000000000000044
13,47580,0,0.0,3770,1454,46126,0.010000000000000042
13,47593,0,0.0,3771,1454,46139,0.010000000000000042
13,47606,0,0.0,3772,1454,46152,0.010000000000000042
13,47619,0,0.0,3773,1454,46165,0.010000000000000042
13,47632,0,0.0,3774,1454,46178,0.01000000000000004
13,47645,0,0.0,3775,1454,46191,0.01000000000000004
13,47658,0,0.0,3776,1454,46204,0.01000000000000004
13,47671,0,0.0,3777,1454,46217,0.01000000000000004
13,47684,0,0.0,3778,1455,46229,0.01000000000000004
13,47697,0,0.0,3779,1455,46242,0.010000000000000038
13,47710,0,0.0,3780,1455,46255,0.010000000000000038
13,47723,0,0.0,3781,1455,46268,0.010000000000000038
13,47736,0,0.0,3782,1455,46281,0.010000000000000038
3,47739,0,0.0,3783,1456,46283,0.010000000000000037
13,47752,0,0.0,3784,1457,46295,0.010000000000000037
13,47765,0,0.0,3785,1457,46308,0.010000000000000037
13,47778,0,0.0,3786,1458,46320,0.010000000000000037
13,47791,0,0.0,3787,1459,46332,0.010000000000000037
13,47804,0,0.0,3788,1459,46345,0.010000000000000035
13,47817,0,0.0,3789,1459,46358,0.010000000000000035
13,47830,0,0.0,3790,1459,46371,0.010000000000000035
13,47843,0,0.0,3791,1459,46384,0.010000000000000035
13,47856,0,0.0,3792,1459,46397,0.010000000000000035
13,47869,0,0.0,3793,1459,46410,0.010000000000000033
13,47882,0,0.0,3794,1459,46423,0.010000000000000033
13,47895,0,0.0,3795,1459,46436,0.010000000000000033
13,47908,0,0.0,3796,1459,46449,0.010000000000000033
13,47921,0,0.0,3797,1459,46462,0.010000000000000033
13,47934,0,0.0,3798,1459,46475,0.010000000000000031
13,47947,0,0.0,3799,1459,46488,0.010000000000000031
13,47960,0,0.0,3800,1459,46501,0.010000000000000031
13,47973,0,0.0,3801,1460,46513,0.010000000000000031
13,47986,0,0.0,3802,1460,46526,0.010000000000000031
13,47999,0,0.0,3803,1460,46539,0.010000000000000031
13,48012,0,0.0,3804,1460,46552,0.01000000000000003
13,48025,0,0.0,3805,1460,46565,0.01000000000000003
13,48038,0,0.0,3806,1460,46578,0.01000000000000003
13,48051,0,0.0,3807,1460,46591,0.01000000000000003
13,48064,0,0.0,3808,1460,46604,0.01000000000000003
13,48077,0,0.0,3809,1460,46617,0.01000000000000003
13,48090,0,0.0,3810,1460,46630,0.010000000000000028
13,48103,0,0.0,3811,1460,46643,0.010000000000000028
13,48116,0,0.0,3812,1460,46656,0.010000000000000028
13,48129,0,0.0,3813,1460,46669,0.010000000000000028
13,48142,0,0.0,3814,1460,46682,0.010000000000000028
13,48155,0,0.0,3815,1460,46695,0.010000000000000028
13,48168,0,0.0,3816,1461,46707,0.010000000000000026
13,48181,0,0.0,3817,1462,46719,0.010000000000000026
13,48194,0,0.0,3818,1462,46732,0.010000000000000026
13,48207,0,0.0,3819,1462,46745,0.010000000000000026
13,48220,0,0.0,3820,1462,46758,0.010000000000000026
13,48233,0,0.0,3821,1462,46771,0.010000000000000026
13,48246,0,0.0,3822,1462,46784,0.010000000000000026
13,48259,0,0.0,3823,1462,46797,0.010000000000000024
13,48272,0,0.0,3824,1462,46810,0.010000000000000024
13,48285,0,0.0,3825,1462,46823,0.010000000000000024
13,48298,0,0.0,3826,1462,46836,0.010000000000000024
13,48311,0,0.0,3827,1462,46849,0.010000000000000024
13,48324,0,0.0,3828,1462,46862,0.010000000000000024
13,48337,0,0.0,3829,1462,46875,0.010000000000000024
13,48350,0,0.0,3830,1462,46888,0.010000000000000023
13,48363,0,0.0,3831,1463,46900,0.010000000000000023
13,48376,0,0.0,3832,1464,46912,0.010000000000000023
13,48389,0,0.0,3833,1464,46925,0.010000000000000023
13,48402,0,0.0,3834,1464,46938,0.010000000000000023
13,48415,0,0.0,3835,1464,46951,0.010000000000000023
13,48428,0,0.0,3836,1464,46964,0.010000000000000023
13,48441,0,0.0,3837,1464,46977,0.010000000000000021
14,48455,0,0.0,3838,1465,46990,0.010000000000000021
13,48468,0,0.0,3839,1465,47003,0.010000000000000021
13,48481,0,0.0,3840,1465,47016,0.010000000000000021
13,48494,0,0.0,3841,1465,47029,0.010000000000000021
13,48507,0,0.0,3842,1465,47042,0.010000000000000021
13,48520,0,0.0,3843,1465,47055,0.010000000000000021
13,48533,0,0.0,3844,1465,47068,0.010000000000000021
13,48546,0,0.0,3845,1465,47081,0.010000000000000021
13,48559,0,0.0,3846,1465,47094,0.01000000000000002
13,48572,0,0.0,3847,1465,47107,0.01000000000000002
8,48580,0,0.0,3848,1466,47114,0.01000000000000002
13,48593,0,0.0,3849,1466,47127,0.01000000000000002
13,48606,0,0.0,3850,1466,47140,0.01000000000000002
16,48622,0,0.0,3851,1467,47155,0.01000000000000002
13,48635,0,0.0,3852,1467,47168,0.01000000000000002
13,48648,0,0.0,3853,1467,47181,0.01000000000000002
13,48661,0,0.0,3854,1467,47194,0.01000000000000002
13,48674,0,0.0,3855,1467,47207,0.010000000000000018
13,48687,0,0.0,3856,1467,47220,0.010000000000000018
13,48700,0,0.0,3857,1467,47233,0.010000000000000018
13,48713,0,0.0,3858,1467,47246,0.010000000000000018
16,48729,0,0.0,3859,1468,47261,0.010000000000000018
13,48742,0,0.0,3860,1468,47274,0.010000000000000018
13,48755,0,0.0,3861,1468,47287,0.010000000000000018
13,48768,0,0.0,3862,1468,47300,0.010000000000000018
13,48781,0,0.0,3863,1468,47313,0.010000000000000018
13,48794,0,0.0,3864,1468,47326,0.010000000000000018
13,48807,0,0.0,3865,1468,47339,0.010000000000000016
14,48821,0,0.0,3866,1469,47352,0.010000000000000016
13,48834,0,0.0,3867,1470,47364,0.010000000000000016
13,48847,0,0.0,3868,1470,47377,0.010000000000000016
13,48860,0,0.0,3869,1470,47390,0.010000000000000016
14,48874,0,0.0,3870,1471,47403,0.010000000000000016
13,48887,0,0.0,3871,1471,47416,0.010000000000000016
13,48900,0,0.0,3872,1471,47429,0.010000000000000016
13,48913,0,0.0,3873,1472,47441,0.010000000000000016
14,48927,0,0.0,3874,1473,47454,0.010000000000000016
13,48940,0,0.0,3875,1473,47467,0.010000000000000016
13,48953,0,0.0,3876,1473,47480,0.010000000000000014
13,48966,0,0.0,3877,1473,47493,0.010000000000000014
13,48979,0,0.0,3878,1473,47506,0.010000000000000014
13,48992,0,0.0,3879,1473,47519,0.010000000000000014
13,49005,0,0.0,3880,1473,47532,0.010000000000000014
13,49018,0,0.0,3881,1473,47545,0.010000000000000014
13,49031,0,0.0,3882,1473,47558,0.010000000000000014
13,49044,0,0.0,3883,1475,47569,0.010000000000000014
10,49054,0,0.0,3884,1476,47578,0.010000000000000014
13,49067,0,0.0,3885,1476,47591,0.010000000000000014
13,49080,0,0.0,3886,1476,47604,0.010000000000000014
13,49093,0,0.0,3887,1476,47617,0.010000000000000014
13,49106,0,0.0,3888,1476,47630,0.010000000000000014
13,49119,0,0.0,3889,1476,47643,0.010000000000000012
13,49132,0,0.0,3890,1477,47655,0.010000000000000012
13,49145,0,0.0,3891,1477,47668,0.010000000000000012
13,49158,0,0.0,3892,1477,47681,0.010000000000000012
13,49171,0,0.0,3893,1477,47694,0.010000000000000012
13,49184,0,0.0,3894,1477,47707,0.010000000000000012
13,49197,0,0.0,3895,1477,47720,0.010000000000000012
13,49210,0,0.0,3896,1477,47733,0.010000000000000012
13,49223,0,0.0,3897,1477,47746,0.010000000000000012
13,49236,0,0.0,3898,1477,47759,0.010000000000000012
13,49249,0,0.0,3899,1477,47772,0.010000000000000012
13,49262,0,0.0,3900,1477,47785,0.010000000000000012
13,49275,0,0.0,3901,1477,47798,0.010000000000000012
13,49288,0,0.0,3902,1477,47811,0.010000000000000012
13,49301,0,0.0,3903,1477,47824,0.01000000000000001
13,49314,0,0.0,3904,1477,47837,0.01000000000000001
13,49327,0,0.0,3905,1477,47850,0.01000000000000001
13,49340,0,0.0,3906,1477,47863,0.01000000000000001
13,49353,0,0.0,3907,1477,47876,0.01000000000000001
13,49366,0,0.0,3908,1477,47889,0.01000000000000001
13,49379,0,0.0,3909,1477,47902,0.01000000000000001
13,49392,0,0.0,3910,1477,47915,0.01000000000000001
13,49405,0,0.0,3911,1477,47928,0.01000000000000001
13,49418,0,0.0,3912,1477,47941,0.01000000000000001
13,49431,0,0.0,3913,1477,47954,0.01000000000000001
10,49441,0,0.0,3914,1478,47963,0.01000000000000001
13,49454,0,0.0,3915,1478,47976,0.01000000000000001
13,49467,0,0.0,3916,1478,47989,0.01000000000000001
13,49480,0,0.0,3917,1478,48002,0.01000000000000001
13,49493,0,0.0,3918,1478,48015,0.01000000000000001
13,49506,0,0.0,3919,1478,48028,0.01000000000000001
13,49519,0,0.0,3920,1478,48041,0.010000000000000009
13,49532,0,0.0,3921,1478,48054,0.010000000000000009
13,49545,0,0.0,3922,1478,48067,0.010000000000000009
13,49558,0,0.0,3923,1479,48079,0.010000000000000009
13,49571,0,0.0,3924,1479,48092,0.010000000000000009
13,49584,0,0.0,3925,1479,48105,0.010000000000000009
13,49597,0,0.0,3926,1479,48118,0.010000000000000009
13,49610,0,0.0,3927,1479,48131,0.010000000000000009
13,49623,0,0.0,3928,1479,48144,0.010000000000000009
13,49636,0,0.0,3929,1479,48157,0.010000000000000009
13,49649,0,0.0,3930,1479,48170,0.010000000000000009
13,49662,0,0.0,3931,1479,48183,0.010000000000000009
13,49675,0,0.0,3932,1479,48196,0.010000000000000009
13,49688,0,0.0,3933,1480,48208,0.010000000000000009
13,49701,0,0.0,3934,1480,48221,0.010000000000000009
13,49714,0,0.0,3935,1480,48234,0.010000000000000009
13,49727,0,0.0,3936,1480,48247,0.010000000000000009
13,49740,0,0.0,3937,1480,48260,0.010000000000000009
13,49753,0,0.0,3938,1480,48273,0.010000000000000009
13,49766,0,0.0,3939,1480,48286,0.010000000000000009
16,49782,0,0.0,3940,1481,48301,0.010000000000000007
13,49795,0,0.0,3941,1481,48314,0.010000000000000007
13,49808,0,0.0,3942,1481,48327,0.010000000000000007
13,49821,0,0.0,3943,1481,48340,0.010000000000000007
10,49831,0,0.0,3944,1482,48349,0.010000000000000007
13,49844,0,0.0,3945,1482,48362,0.010000000000000007
13,49857,0,0.0,3946,1482,48375,0.010000000000000007
13,49870,0,0.0,3947,1482,48388,0.010000000000000007
13,49883,0,0.0,3948,1482,48401,0.010000000000000007
13,49896,0,0.0,3949,1482,48414,0.010000000000000007
13,49909,0,0.0,3950,1482,48427,0.010000000000000007
13,49922,0,0.0,3951,1482,48440,0.010000000000000007
13,49935,0,0.0,3952,1482,48453,0.010000000000000007
13,49948,0,0.0,3953,1482,48466,0.010000000000000007
13,49961,0,0.0,3954,1482,48479,0.010000000000000007
13,49974,0,0.0,3955,1482,48492,0.010000000000000007
13,49987,0,0.0,3956,1482,48505,0.010000000000000007
13,50000,0,0.0,3957,1482,48518,0.010000000000000007
7,50007,0,0.0,3958,1483,48524,0.010000000000000007
13,50020,0,0.0,3959,1483,48537,0.010000000000000007
13,50033,0,0.0,3960,1483,48550,0.010000000000000007
13,50046,0,0.0,3961,1483,48563,0.010000000000000007
13,50059,0,0.0,3962,1483,48576,0.010000000000000007
13,50072,0,0.0,3963,1483,48589,0.010000000000000007
13,50085,0,0.0,3964,1483,48602,0.010000000000000007
13,50098,0,0.0,3965,1483,48615,0.010000000000000005
13,50111,0,0.0,3966,1483,48628,0.010000000000000005
13,50124,0,0.0,3967,1483,48641,0.010000000000000005
13,50137,0,0.0,3968,1483,48654,0.010000000000000005
13,50150,0,0.0,3969,1483,48667,0.010000000000000005
13,50163,0,0.0,3970,1483,48680,0.010000000000000005
13,50176,0,0.0,3971,1483,48693,0.010000000000000005
13,50189,0,0.0,3972,1483,48706,0.010000000000000005
13,50202,0,0.0,3973,1483,48719,0.010000000000000005
13,50215,0,0.0,3974,1483,48732,0.010000000000000005
10,50225,0,0.0,3975,1484,48741,0.010000000000000005
13,50238,0,0.0,3976,1484,48754,0.010000000000000005
13,50251,0,0.0,3977,1484,48767,0.010000000000000005
13,50264,0,0.0,3978,1484,48780,0.010000000000000005
13,50277,0,0.0,3979,1484,48793,0.010000000000000005
13,50290,0,0.0,3980,1484,48806,0.010000000000000005
13,50303,0,0.0,3981,1484,48819,0.010000000000000005
13,50316,0,0.0,3982,1484,48832,0.010000000000000005
13,50329,0,0.0,3983,1484,48845,0.010000000000000005
14,50343,0,0.0,3984,1485,48858,0.010000000000000005
13,50356,0,0.0,3985,1485,48871,0.010000000000000005
13,50369,0,0.0,3986,1485,48884,0.010000000000000005
13,50382,0,0.0,3987,1485,48897,0.010000000000000005
14,50396,0,0.0,3988,1486,48910,0.010000000000000005
13,50409,0,0.0,3989,1486,48923,0.010000000000000005
13,50422,0,0.0,3990,1487,48935,0.010000000000000005
13,50435,0,0.0,3991,1487,48948,0.010000000000000005
13,50448,0,0.0,3992,1487,48961,0.010000000000000005
16,50464,0,0.0,3993,1488,48976,0.010000000000000005
13,50477,0,0.0,3994,1488,48989,0.010000000000000005
13,50490,0,0.0,3995,1488,49002,0.010000000000000005
13,50503,0,0.0,3996,1488,49015,0.010000000000000005
13,50516,0,0.0,3997,1488,49028,0.010000000000000005
13,50529,0,0.0,3998,1488,49041,0.010000000000000004
13,50542,0,0.0,3999,1488,49054,0.010000000000000004
13,50555,0,0.0,4000,1488,49067,0.010000000000000004
13,50568,0,0.0,4001,1488,49080,0.010000000000000004
13,50581,0,0.0,4002,1488,49093,0.010000000000000004
13,50594,0,0.0,4003,1488,49106,0.010000000000000004
13,50607,0,0.0,4004,1488,49119,0.010000000000000004
13,50620,0,0.0,4005,1488,49132,0.010000000000000004
13,50633,0,0.0,4006,1488,49145,0.010000000000000004
13,50646,0,0.0,4007,1488,49158,0.010000000000000004
13,50659,0,0.0,4008,1488,49171,0.010000000000000004
13,50672,0,0.0,4009,1489,49183,0.010000000000000004
13,50685,0,0.0,4010,1489,49196,0.010000000000000004
13,50698,0,0.0,4011,1489,49209,0.010000000000000004
13,50711,0,0.0,4012,1489,49222,0.010000000000000004
13,50724,0,0.0,4013,1489,49235,0.010000000000000004
13,50737,0,0.0,4014,1490,49247,0.010000000000000004
13,50750,0,0.0,4015,1490,49260,0.010000000000000004
13,50763,0,0.0,4016,1491,49272,0.010000000000000004
13,50776,0,0.0,4017,1491,49285,0.010000000000000004
13,50789,0,0.0,4018,1491,49298,0.010000000000000004
13,50802,0,0.0,4019,1491,49311,0.010000000000000004
10,50812,0,0.0,4020,1492,49320,0.010000000000000004
13,50825,0,0.0,4021,1492,49333,0.010000000000000004
13,50838,0,0.0,4022,1492,49346,0.010000000000000004
13,50851,0,0.0,4023,1492,49359,0.010000000000000004
13,50864,0,0.0,4024,1493,49371,0.010000000000000004
13,50877,0,0.0,4025,1493,49384,0.010000000000000004
13,50890,0,0.0,4026,1493,49397,0.010000000000000004
13,50903,0,0.0,4027,1493,49410,0.010000000000000004
13,50916,0,0.0,4028,1493,49423,0.010000000000000004
13,50929,0,0.0,4029,1493,49436,0.010000000000000004
13,50942,0,0.0,4030,1493,49449,0.010000000000000004
13,50955,0,0.0,4031,1493,49462,0.010000000000000004
13,50968,0,0.0,4032,1493,49475,0.010000000000000004
10,50978,0,0.0,4033,1494,49484,0.010000000000000004
13,50991,0,0.0,4034,1494,49497,0.010000000000000004
13,51004,0,0.0,4035,1494,49510,0.010000000000000004
13,51017,0,0.0,4036,1494,49523,0.010000000000000004
13,51030,0,0.0,4037,1494,49536,0.010000000000000004
13,51043,0,0.0,4038,1494,49549,0.010000000000000004
13,51056,0,0.0,4039,1494,49562,0.010000000000000004
13,51069,0,0.0,4040,1494,49575,0.010000000000000004
13,51082,0,0.0,4041,1494,49588,0.010000000000000004
13,51095,0,0.0,4042,1494,49601,0.010000000000000004
13,51108,0,0.0,4043,1494,49614,0.010000000000000004
13,51121,0,0.0,4044,1494,49627,0.010000000000000004
13,51134,0,0.0,4045,1494,49640,0.010000000000000004
13,51147,0,0.0,4046,1494,49653,0.010000000000000004
13,51160,0,0.0,4047,1494,49666,0.010000000000000004
13,51173,0,0.0,4048,1494,49679,0.010000000000000004
16,51189,0,0.0,4049,1495,49694,0.010000000000000004
13,51202,0,0.0,4050,1495,49707,0.010000000000000002
13,51215,0,0.0,4051,1495,49720,0.010000000000000002
13,51228,0,0.0,4052,1495,49733,0.010000000000000002
13,51241,0,0.0,4053,1495,49746,0.010000000000000002
13,51254,0,0.0,4054,1495,49759,0.010000000000000002
13,51267,0,0.0,4055,1495,49772,0.010000000000000002
13,51280,0,0.0,4056,1495,49785,0.010000000000000002
13,51293,0,0.0,4057,1495,49798,0.010000000000000002
13,51306,0,0.0,4058,1495,49811,0.010000000000000002
13,51319,0,0.0,4059,1495,49824,0.010000000000000002
13,51332,0,0.0,4060,1495,49837,0.010000000000000002
13,51345,0,0.0,4061,1495,49850,0.010000000000000002
13,51358,0,0.0,4062,1495,49863,0.010000000000000002
13,51371,0,0.0,4063,1495,49876,0.010000000000000002
13,51384,0,0.0,4064,1495,49889,0.010000000000000002
13,51397,0,0.0,4065,1495,49902,0.010000000000000002
13,51410,0,0.0,4066,1495,49915,0.010000000000000002
13,51423,0,0.0,4067,1496,49927,0.010000000000000002
13,51436,0,0.0,4068,1496,49940,0.010000000000000002
10,51446,0,0.0,4069,1498,49948,0.010000000000000002
13,51459,0,0.0,4070,1498,49961,0.010000000000000002
14,51473,0,0.0,4071,1499,49974,0.010000000000000002
13,51486,0,0.0,4072,1499,49987,0.010000000000000002
13,51499,0,0.0,4073,1499,50000,0.010000000000000002
13,51512,0,0.0,4074,1499,50013,0.010000000000000002
13,51525,0,0.0,4075,1499,50026,0.010000000000000002
13,51538,0,0.0,4076,1499,50039,0.010000000000000002
13,51551,0,0.0,4077,1499,50052,0.010000000000000002
13,51564,0,0.0,4078,1499,50065,0.010000000000000002
8,51572,0,0.0,4079,1500,50072,0.010000000000000002
13,51585,0,0.0,4080,1500,50085,0.010000000000000002
13,51598,0,0.0,4081,1500,50098,0.010000000000000002
13,51611,0,0.0,4082,1500,50111,0.010000000000000002
13,51624,0,0.0,4083,1500,50124,0.010000000000000002
13,51637,0,0.0,4084,1500,50137,0.010000000000000002
13,51650,0,0.0,4085,1500,50150,0.010000000000000002
13,51663,0,0.0,4086,1500,50163,0.010000000000000002
13,51676,0,0.0,4087,1500,50176,0.010000000000000002
13,51689,0,0.0,4088,1500,50189,0.010000000000000002
13,51702,0,0.0,4089,1500,50202,0.010000000000000002
13,51715,0,0.0,4090,1500,50215,0.010000000000000002
13,51728,0,0.0,4091,1500,50228,0.010000000000000002
13,51741,0,0.0,4092,1500,50241,0.010000000000000002
13,51754,0,0.0,4093,1500,50254,0.010000000000000002
13,51767,0,0.0,4094,1500,50267,0.010000000000000002
13,51780,0,0.0,4095,1500,50280,0.010000000000000002
13,51793,0,0.0,4096,1500,50293,0.010000000000000002
13,51806,0,0.0,4097,1500,50306,0.010000000000000002
14,51820,0,0.0,4098,1501,50319,0.010000000000000002
13,51833,0,0.0,4099,1501,50332,0.010000000000000002
13,51846,0,0.0,4100,1501,50345,0.010000000000000002
13,51859,0,0.0,4101,1501,50358,0.010000000000000002
13,51872,0,0.0,4102,1501,50371,0.010000000000000002
13,51885,0,0.0,4103,1501,50384,0.010000000000000002
13,51898,0,0.0,4104,1501,50397,0.010000000000000002
13,51911,0,0.0,4105,1501,50410,0.010000000000000002
14,51925,0,0.0,4106,1502,50423,0.010000000000000002
13,51938,0,0.0,4107,1502,50436,0.010000000000000002
13,51951,0,0.0,4108,1502,50449,0.010000000000000002
13,51964,0,0.0,4109,1502,50462,0.010000000000000002
13,51977,0,0.0,4110,1502,50475,0.010000000000000002
13,51990,0,0.0,4111,1502,50488,0.010000000000000002
13,52003,0,0.0,4112,1502,50501,0.010000000000000002
13,52016,0,0.0,4113,1503,50513,0.010000000000000002
13,52029,0,0.0,4114,1503,50526,0.010000000000000002
14,52043,0,0.0,4115,1504,50539,0.010000000000000002
13,52056,0,0.0,4116,1504,50552,0.010000000000000002
13,52069,0,0.0,4117,1504,50565,0.010000000000000002
13,52082,0,0.0,4118,1505,50577,0.010000000000000002
13,52095,0,0.0,4119,1505,50590,0.010000000000000002
13,52108,0,0.0,4120,1505,50603,0.010000000000000002
13,52121,0,0.0,4121,1505,50616,0.010000000000000002
13,52134,0,0.0,4122,1505,50629,0.010000000000000002
16,52150,0,0.0,4123,1506,50644,0.010000000000000002
13,52163,0,0.0,4124,1506,50657,0.010000000000000002
13,52176,0,0.0,4125,1506,50670,0.010000000000000002
13,52189,0,0.0,4126,1506,50683,0.010000000000000002
13,52202,0,0.0,4127,1506,50696,0.010000000000000002
13,52215,0,0.0,4128,1506,50709,0.010000000000000002
13,52228,0,0.0,4129,1506,50722,0.010000000000000002
13,52241,0,0.0,4130,1506,50735,0.010000000000000002
13,52254,0,0.0,4131,1506,50748,0.010000000000000002
14,52268,0,0.0,4132,1507,50761,0.010000000000000002
13,52281,0,0.0,4133,1507,50774,0.010000000000000002
13,52294,0,0.0,4134,1508,50786,0.010000000000000002
13,52307,0,0.0,4135,1508,50799,0.010000000000000002
13,52320,0,0.0,4136,1508,50812,0.010000000000000002
13,52333,0,0.0,4137,1508,50825,0.010000000000000002
13,52346,0,0.0,4138,1508,50838,0.010000000000000002
10,52356,0,0.0,4139,1509,50847,0.010000000000000002
15,52371,0,0.0,4140,1510,50861,0.010000000000000002
13,52384,0,0.0,4141,1510,50874,0.010000000000000002
13,52397,0,0.0,4142,1510,50887,0.010000000000000002
13,52410,0,0.0,4143,1510,50900,0.010000000000000002
13,52423,0,0.0,4144,1510,50913,0.010000000000000002
13,52436,0,0.0,4145,1510,50926,0.010000000000000002
13,52449,0,0.0,4146,1510,50939,0.010000000000000002
13,52462,0,0.0,4147,1510,50952,0.010000000000000002
13,52475,0,0.0,4148,1510,50965,0.010000000000000002
13,52488,0,0.0,4149,1510,50978,0.010000000000000002
13,52501,0,0.0,4150,1510,50991,0.010000000000000002
13,52514,0,0.0,4151,1510,51004,0.010000000000000002
13,52527,0,0.0,4152,1510,51017,0.010000000000000002
13,52540,0,0.0,4153,1510,51030,0.010000000000000002
13,52553,0,0.0,4154,1510,51043,0.010000000000000002
13,52566,0,0.0,4155,1510,51056,0.010000000000000002
13,52579,0,0.0,4156,1510,51069,0.010000000000000002
13,52592,0,0.0,4157,1510,51082,0.010000000000000002
13,52605,0,0.0,4158,1510,51095,0.010000000000000002
13,52618,0,0.0,4159,1510,51108,0.01
14,52632,0,0.0,4160,1511,51121,0.01
13,52645,0,0.0,4161,1511,51134,0.01
13,52658,0,0.0,4162,1511,51147,0.01
13,52671,0,0.0,4163,1511,51160,0.01
13,52684,0,0.0,4164,1511,51173,0.01
13,52697,0,0.0,4165,1511,51186,0.01
13,52710,0,0.0,4166,1511,51199,0.01
13,52723,0,0.0,4167,1511,51212,0.01
13,52736,0,0.0,4168,1511,51225,0.01
13,52749,0,0.0,4169,1511,51238,0.01
13,52762,0,0.0,4170,1511,51251,0.01
13,52775,0,0.0,4171,1511,51264,0.01
13,52788,0,0.0,4172,1511,51277,0.01
13,52801,0,0.0,4173,1511,51290,0.01
13,52814,0,0.0,4174,1512,51302,0.01
14,52828,0,0.0,4175,1513,51315,0.01
13,52841,0,0.0,4176,1513,51328,0.01
13,52854,0,0.0,4177,1513,51341,0.01
13,52867,0,0.0,4178,1513,51354,0.01
10,52877,0,0.0,4179,1514,51363,0.01
13,52890,0,0.0,4180,1514,51376,0.01
13,52903,0,0.0,4181,1514,51389,0.01
13,52916,0,0.0,4182,1514,51402,0.01
13,52929,0,0.0,4183,1514,51415,0.01
13,52942,0,0.0,4184,1514,51428,0.01
13,52955,0,0.0,4185,1514,51441,0.01
13,52968,0,0.0,4186,1514,51454,0.01
13,52981,0,0.0,4187,1514,51467,0.01
13,52994,0,0.0,4188,1514,51480,0.01
13,53007,0,0.0,4189,1514,51493,0.01
13,53020,0,0.0,4190,1514,51506,0.01
13,53033,0,0.0,4191,1514,51519,0.01
13,53046,0,0.0,4192,1514,51532,0.01
13,53059,0,0.0,4193,1514,51545,0.01
13,53072,0,0.0,4194,1514,51558,0.01
13,53085,0,0.0,4195,1514,51571,0.01
13,53098,0,0.0,4196,1514,51584,0.01
13,53111,0,0.0,4197,1514,51597,0.01
13,53124,0,0.0,4198,1514,51610,0.01
13,53137,0,0.0,4199,1514,51623,0.01
13,53150,0,0.0,4200,1514,51636,0.01
13,53163,0,0.0,4201,1514,51649,0.01
13,53176,0,0.0,4202,1514,51662,0.01
13,53189,0,0.0,4203,1514,51675,0.01
13,53202,0,0.0,4204,1514,51688,0.01
13,53215,0,0.0,4205,1514,51701,0.01
13,53228,0,0.0,4206,1514,51714,0.01
13,53241,0,0.0,4207,1514,51727,0.01
13,53254,0,0.0,4208,1514,51740,0.01
13,53267,0,0.0,4209,1514,51753,0.01
13,53280,0,0.0,4210,1514,51766,0.01
13,53293,0,0.0,4211,1514,51779,0.01
13,53306,0,0.0,4212,1514,51792,0.01
13,53319,0,0.0,4213,1514,51805,0.01
13,53332,0,0.0,4214,1514,51818,0.01
13,53345,0,0.0,4215,1514,51831,0.01
13,53358,0,0.0,4216,1514,51844,0.01
13,53371,0,0.0,4217,1514,51857,0.01
13,53384,0,0.0,4218,1514,51870,0.01
13,53397,0,0.0,4219,1514,51883,0.01
13,53410,0,0.0,4220,1514,51896,0.01
13,53423,0,0.0,4221,1514,51909,0.01
13,53436,0,0.0,4222,1514,51922,0.01
13,53449,0,0.0,4223,1514,51935,0.01
13,53462,0,0.0,4224,1514,51948,0.01
13,53475,0,0.0,4225,1514,51961,0.01
13,53488,0,0.0,4226,1514,51974,0.01
13,53501,0,0.0,4227,1514,51987,0.01
13,53514,0,0.0,4228,1514,52000,0.01
3,53517,0,0.0,4229,1515,52002,0.01
13,53530,0,0.0,4230,1515,52015,0.01
13,53543,0,0.0,4231,1515,52028,0.01
13,53556,0,0.0,4232,1515,52041,0.01
13,53569,0,0.0,4233,1515,52054,0.01
13,53582,0,0.0,4234,1515,52067,0.01
13,53595,0,0.0,4235,1515,52080,0.01
13,53608,0,0.0,4236,1515,52093,0.01
13,53621,0,0.0,4237,1515,52106,0.01
13,53634,0,0.0,4238,1515,52119,0.01
13,53647,0,0.0,4239,1515,52132,0.01
13,53660,0,0.0,4240,1515,52145,0.01
13,53673,0,0.0,4241,1515,52158,0.01
13,53686,0,0.0,4242,1515,52171,0.01
13,53699,0,0.0,4243,1515,52184,0.01
13,53712,0,0.0,4244,1515,52197,0.01
13,53725,0,0.0,4245,1515,52210,0.01
13,53738,0,0.0,4246,1515,52223,0.01
13,53751,0,0.0,4247,1515,52236,0.01
13,53764,0,0.0,4248,1515,52249,0.01
13,53777,0,0.0,4249,1515,52262,0.01
13,53790,0,0.0,4250,1515,52275,0.01
10,53800,0,0.0,4251,1516,52284,0.01
13,53813,0,0.0,4252,1516,52297,0.01
13,53826,0,0.0,4253,1517,52309,0.01
7,53833,0,0.0,4254,1518,52315,0.01
13,53846,0,0.0,4255,1518,52328,0.01
13,53859,0,0.0,4256,1518,52341,0.01
13,53872,0,0.0,4257,1518,52354,0.01
13,53885,0,0.0,4258,1518,52367,0.01
13,53898,0,0.0,4259,1518,52380,0.01
13,53911,0,0.0,4260,1518,52393,0.01
13,53924,0,0.0,4261,1518,52406,0.01
13,53937,0,0.0,4262,1518,52419,0.01
13,53950,0,0.0,4263,1518,52432,0.01
13,53963,0,0.0,4264,1518,52445,0.01
13,53976,0,0.0,4265,1518,52458,0.01
13,53989,0,0.0,4266,1518,52471,0.01
13,54002,0,0.0,4267,1518,52484,0.01
13,54015,0,0.0,4268,1518,52497,0.01
13,54028,0,0.0,4269,1518,52510,0.01
13,54041,0,0.0,4270,1518,52523,0.01
16,54057,0,0.0,4271,1519,52538,0.01
13,54070,0,0.0,4272,1520,52550,0.01
2,54072,0,0.0,4273,1521,52551,0.01
13,54085,0,0.0,4274,1521,52564,0.01
13,54098,0,0.0,4275,1521,52577,0.01
13,54111,0,0.0,4276,1521,52590,0.01
13,54124,0,0.0,4277,1521,52603,0.01
13,54137,0,0.0,4278,1521,52616,0.01
13,54150,0,0.0,4279,1521,52629,0.01
13,54163,0,0.0,4280,1521,52642,0.01
13,54176,0,0.0,4281,1521,52655,0.01
13,54189,0,0.0,4282,1521,52668,0.01
13,54202,0,0.0,4283,1521,52681,0.01
13,54215,0,0.0,4284,1521,52694,0.01
10,54225,0,0.0,4285,1522,52703,0.01
13,54238,0,0.0,4286,1522,52716,0.01
13,54251,0,0.0,4287,1522,52729,0.01
13,54264,0,0.0,4288,1522,52742,0.01
14,54278,0,0.0,4289,1523,52755,0.01
14,54292,0,0.0,4290,1524,52768,0.01
13,54305,0,0.0,4291,1524,52781,0.01
13,54318,0,0.0,4292,1524,52794,0.01
13,54331,0,0.0,4293,1524,52807,0.01
13,54344,0,0.0,4294,1524,52820,0.01
13,54357,0,0.0,4295,1524,52833,0.01
13,54370,0,0.0,4296,1524,52846,0.01
13,54383,0,0.0,4297,1524,52859,0.01
13,54396,0,0.0,4298,1525,52871,0.01
13,54409,0,0.0,4299,1526,52883,0.01
13,54422,0,0.0,4300,1526,52896,0.01
13,54435,0,0.0,4301,1526,52909,0.01
13,54448,0,0.0,4302,1526,52922,0.01
13,54461,0,0.0,4303,1526,52935,0.01
13,54474,0,0.0,4304,1526,52948,0.01
13,54487,0,0.0,4305,1526,52961,0.01
13,54500,0,0.0,4306,1526,52974,0.01
14,54514,0,0.0,4307,1527,52987,0.01
13,54527,0,0.0,4308,1527,53000,0.01
10,54537,0,0.0,4309,1528,53009,0.01
13,54550,0,0.0,4310,1528,53022,0.01
13,54563,0,0.0,4311,1528,53035,0.01
13,54576,0,0.0,4312,1528,53048,0.01
13,54589,0,0.0,4313,1528,53061,0.01
13,54602,0,0.0,4314,1528,53074,0.01
13,54615,0,0.0,4315,1528,53087,0.01
13,54628,0,0.0,4316,1528,53100,0.01
13,54641,0,0.0,4317,1528,53113,0.01
13,54654,0,0.0,4318,1528,53126,0.01
13,54667,0,0.0,4319,1528,53139,0.01
13,54680,0,0.0,4320,1528,53152,0.01
13,54693,0,0.0,4321,1528,53165,0.01
2,54695,0,0.0,4322,1529,53166,0.01
10,54705,0,0.0,4323,1530,53175,0.01
13,54718,0,0.0,4324,1530,53188,0.01
13,54731,0,0.0,4325,1530,53201,0.01
13,54744,0,0.0,4326,1530,53214,0.01
13,54757,0,0.0,4327,1530,53227,0.01
13,54770,0,0.0,4328,1530,53240,0.01
13,54783,0,0.0,4329,1530,53253,0.01
13,54796,0,0.0,4330,1530,53266,0.01
13,54809,0,0.0,4331,1530,53279,0.01
13,54822,0,0.0,4332,1530,53292,0.01
13,54835,0,0.0,4333,1530,53305,0.01
13,54848,0,0.0,4334,1530,53318,0.01
13,54861,0,0.0,4335,1530,53331,0.01
13,54874,0,0.0,4336,1530,53344,0.01
13,54887,0,0.0,4337,1530,53357,0.01
13,54900,0,0.0,4338,1530,53370,0.01
13,54913,0,0.0,4339,1530,53383,0.01
13,54926,0,0.0,4340,1530,53396,0.01
13,54939,0,0.0,4341,1530,53409,0.01
13,54952,0,0.0,4342,1530,53422,0.01
13,54965,0,0.0,4343,1530,53435,0.01
13,54978,0,0.0,4344,1530,53448,0.01
10,54988,0,0.0,4345,1531,53457,0.01
13,55001,0,0.0,4346,1531,53470,0.01
13,55014,0,0.0,4347,1531,53483,0.01
13,55027,0,0.0,4348,1531,53496,0.01
10,55037,0,0.0,4349,1532,53505,0.01
13,55050,0,0.0,4350,1532,53518,0.01
13,55063,0,0.0,4351,1532,53531,0.01
13,55076,0,0.0,4352,1532,53544,0.01
13,55089,0,0.0,4353,1532,53557,0.01
13,55102,0,0.0,4354,1532,53570,0.01
13,55115,0,0.0,4355,1532,53583,0.01
13,55128,0,0.0,4356,1532,53596,0.01
13,55141,0,0.0,4357,1532,53609,0.01
13,55154,0,0.0,4358,1532,53622,0.01
13,55167,0,0.0,4359,1532,53635,0.01
10,55177,0,0.0,4360,1533,53644,0.01
13,55190,0,0.0,4361,1533,53657,0.01
13,55203,0,0.0,4362,1533,53670,0.01
13,55216,0,0.0,4363,1533,53683,0.01
13,55229,0,0.0,4364,1533,53696,0.01
13,55242,0,0.0,4365,1533,53709,0.01
14,55256,0,0.0,4366,1534,53722,0.01
13,55269,0,0.0,4367,1534,53735,0.01
13,55282,0,0.0,4368,1534,53748,0.01
13,55295,0,0.0,4369,1534,53761,0.01
13,55308,0,0.0,4370,1534,53774,0.01
13,55321,0,0.0,4371,1534,53787,0.01
13,55334,0,0.0,4372,1534,53800,0.01
13,55347,0,0.0,4373,1534,53813,0.01
13,55360,0,0.0,4374,1534,53826,0.01
13,55373,0,0.0,4375,1534,53839,0.01
13,55386,0,0.0,4376,1534,53852,0.01
11,55397,0,0.0,4377,1535,53862,0.01
13,55410,0,0.0,4378,1535,53875,0.01
13,55423,0,0.0,4379,1535,53888,0.01
13,55436,0,0.0,4380,1535,53901,0.01
13,55449,0,0.0,4381,1535,53914,0.01
13,55462,0,0.0,4382,1535,53927,0.01
13,55475,0,0.0,4383,1535,53940,0.01
13,55488,0,0.0,4384,1535,53953,0.01
13,55501,0,0.0,4385,1535,53966,0.01
13,55514,0,0.0,4386,1535,53979,0.01
13,55527,0,0.0,4387,1535,53992,0.01
13,55540,0,0.0,4388,1535,54005,0.01
13,55553,0,0.0,4389,1536,54017,0.01
13,55566,0,0.0,4390,1536,54030,0.01
13,55579,0,0.0,4391,1537,54042,0.01
13,55592,0,0.0,4392,1537,54055,0.01
13,55605,0,0.0,4393,1537,54068,0.01
10,55615,0,0.0,4394,1539,54076,0.01
13,55628,0,0.0,4395,1539,54089,0.01
13,55641,0,0.0,4396,1539,54102,0.01
14,55655,0,0.0,4397,1540,54115,0.01
13,55668,0,0.0,4398,1540,54128,0.01
13,55681,0,0.0,4399,1540,54141,0.01
13,55694,0,0.0,4400,1540,54154,0.01
13,55707,0,0.0,4401,1540,54167,0.01
6,55713,0,0.0,4402,1541,54172,0.01
13,55726,0,0.0,4403,1541,54185,0.01
13,55739,0,0.0,4404,1541,54198,0.01
13,55752,0,0.0,4405,1541,54211,0.01
13,55765,0,0.0,4406,1541,54224,0.01
13,55778,0,0.0,4407,1541,54237,0.01
13,55791,0,0.0,4408,1541,54250,0.01
13,55804,0,0.0,4409,1541,54263,0.01
13,55817,0,0.0,4410,1541,54276,0.01
13,55830,0,0.0,4411,1541,54289,0.01
13,55843,0,0.0,4412,1541,54302,0.01
13,55856,0,0.0,4413,1541,54315,0.01
13,55869,0,0.0,4414,1541,54328,0.01
13,55882,0,0.0,4415,1541,54341,0.01
13,55895,0,0.0,4416,1541,54354,0.01
13,55908,0,0.0,4417,1541,54367,0.01
13,55921,0,0.0,4418,1541,54380,0.01
13,55934,0,0.0,4419,1541,54393,0.01
13,55947,0,0.0,4420,1541,54406,0.01
13,55960,0,0.0,4421,1541,54419,0.01
13,55973,0,0.0,4422,1541,54432,0.01
13,55986,0,0.0,4423,1541,54445,0.01
13,55999,0,0.0,4424,1542,54457,0.01
13,56012,0,0.0,4425,1542,54470,0.01
13,56025,0,0.0,4426,1542,54483,0.01
14,56039,0,0.0,4427,1543,54496,0.01
13,56052,0,0.0,4428,1543,54509,0.01
13,56065,0,0.0,4429,1543,54522,0.01
13,56078,0,0.0,4430,1543,54535,0.01
13,56091,0,0.0,4431,1543,54548,0.01
13,56104,0,0.0,4432,1543,54561,0.01
13,56117,0,0.0,4433,1543,54574,0.01
13,56130,0,0.0,4434,1543,54587,0.01
13,56143,0,0.0,4435,1543,54600,0.01
13,56156,0,0.0,4436,1543,54613,0.01
13,56169,0,0.0,4437,1543,54626,0.01
13,56182,0,0.0,4438,1543,54639,0.01
13,56195,0,0.0,4439,1543,54652,0.01
13,56208,0,0.0,4440,1543,54665,0.01
13,56221,0,0.0,4441,1543,54678,0.01
13,56234,0,0.0,4442,1543,54691,0.01
13,56247,0,0.0,4443,1543,54704,0.01
13,56260,0,0.0,4444,1543,54717,0.01
13,56273,0,0.0,4445,1543,54730,0.01
13,56286,0,0.0,4446,1543,54743,0.01
13,56299,0,0.0,4447,1543,54756,0.01
13,56312,0,0.0,4448,1544,54768,0.01
13,56325,0,0.0,4449,1544,54781,0.01
13,56338,0,0.0,4450,1544,54794,0.01
13,56351,0,0.0,4451,1544,54807,0.01
13,56364,0,0.0,4452,1544,54820,0.01
13,56377,0,0.0,4453,1544,54833,0.01
13,56390,0,0.0,4454,1544,54846,0.01
13,56403,0,0.0,4455,1544,54859,0.01
13,56416,0,0.0,4456,1544,54872,0.01
13,56429,0,0.0,4457,1544,54885,0.01
13,56442,0,0.0,4458,1544,54898,0.01
13,56455,0,0.0,4459,1544,54911,0.01
13,56468,0,0.0,4460,1544,54924,0.01
13,56481,0,0.0,4461,1544,54937,0.01
13,56494,0,0.0,4462,1544,54950,0.01
13,56507,0,0.0,4463,1544,54963,0.01
13,56520,0,0.0,4464,1544,54976,0.01
13,56533,0,0.0,4465,1544,54989,0.01
13,56546,0,0.0,4466,1544,55002,0.01
13,56559,0,0.0,4467,1544,55015,0.01
10,56569,0,0.0,4468,1545,55024,0.01
13,56582,0,0.0,4469,1545,55037,0.01
13,56595,0,0.0,4470,1545,55050,0.01
13,56608,0,0.0,4471,1545,55063,0.01
13,56621,0,0.0,4472,1545,55076,0.01
13,56634,0,0.0,4473,1545,55089,0.01
13,56647,0,0.0,4474,1545,55102,0.01
13,56660,0,0.0,4475,1545,55115,0.01
13,56673,0,0.0,4476,1545,55128,0.01
13,56686,0,0.0,4477,1545,55141,0.01
13,56699,0,0.0,4478,1545,55154,0.01
13,56712,0,0.0,4479,1545,55167,0.01
7,56719,0,0.0,4480,1546,55173,0.01
13,56732,0,0.0,4481,1547,55185,0.01
13,56745,0,0.0,4482,1547,55198,0.01
13,56758,0,0.0,4483,1547,55211,0.01
13,56771,0,0.0,4484,1547,55224,0.01
13,56784,0,0.0,4485,1548,55236,0.01
13,56797,0,0.0,4486,1548,55249,0.01
13,56810,0,0.0,4487,1548,55262,0.01
13,56823,0,0.0,4488,1548,55275,0.01
13,56836,0,0.0,4489,1548,55288,0.01
13,56849,0,0.0,4490,1548,55301,0.01
13,56862,0,0.0,4491,1548,55314,0.01
13,56875,0,0.0,4492,1548,55327,0.01
13,56888,0,0.0,4493,1548,55340,0.01
13,56901,0,0.0,4494,1548,55353,0.01
13,56914,0,0.0,4495,1548,55366,0.01
14,56928,0,0.0,4496,1549,55379,0.01
13,56941,0,0.0,4497,1549,55392,0.01
13,56954,0,0.0,4498,1549,55405,0.01
13,56967,0,0.0,4499,1549,55418,0.01
13,56980,0,0.0,4500,1549,55431,0.01
13,56993,0,0.0,4501,1549,55444,0.01
13,57006,0,0.0,4502,1550,55456,0.01
13,57019,0,0.0,4503,1550,55469,0.01
13,57032,0,0.0,4504,1550,55482,0.01
13,57045,0,0.0,4505,1550,55495,0.01
13,57058,0,0.0,4506,1550,55508,0.01
13,57071,0,0.0,4507,1550,55521,0.01
13,57084,0,0.0,4508,1550,55534,0.01
13,57097,0,0.0,4509,1550,55547,0.01
13,57110,0,0.0,4510,1550,55560,0.01
13,57123,0,0.0,4511,1550,55573,0.01
13,57136,0,0.0,4512,1550,55586,0.01
13,57149,0,0.0,4513,1550,55599,0.01
13,57162,0,0.0,4514,1550,55612,0.01
13,57175,0,0.0,4515,1550,55625,0.01
13,57188,0,0.0,4516,1550,55638,0.01
13,57201,0,0.0,4517,1550,55651,0.01
13,57214,0,0.0,4518,1550,55664,0.01
13,57227,0,0.0,4519,1550,55677,0.01
13,57240,0,0.0,4520,1550,55690,0.01
13,57253,0,0.0,4521,1550,55703,0.01
14,57267,0,0.0,4522,1551,55716,0.01
13,57280,0,0.0,4523,1551,55729,0.01
13,57293,0,0.0,4524,1551,55742,0.01
13,57306,0,0.0,4525,1551,55755,0.01
13,57319,0,0.0,4526,1551,55768,0.01
13,57332,0,0.0,4527,1551,55781,0.01
13,57345,0,0.0,4528,1551,55794,0.01
13,57358,0,0.0,4529,1552,55806,0.01
13,57371,0,0.0,4530,1552,55819,0.01
14,57385,0,0.0,4531,1554,55831,0.01
13,57398,0,0.0,4532,1554,55844,0.01
13,57411,0,0.0,4533,1554,55857,0.01
13,57424,0,0.0,4534,1554,55870,0.01
13,57437,0,0.0,4535,1554,55883,0.01
13,57450,0,0.0,4536,1554,55896,0.01
13,57463,0,0.0,4537,1555,55908,0.01
13,57476,0,0.0,4538,1555,55921,0.01
13,57489,0,0.0,4539,1555,55934,0.01
13,57502,0,0.0,4540,1555,55947,0.01
13,57515,0,0.0,4541,1555,55960,0.01
13,57528,0,0.0,4542,1555,55973,0.01
13,57541,0,0.0,4543,1555,55986,0.01
13,57554,0,0.0,4544,1555,55999,0.01
16,57570,0,0.0,4545,1557,56013,0.01
13,57583,0,0.0,4546,1557,56026,0.01
3,57586,0,0.0,4547,1558,56028,0.01
13,57599,0,0.0,4548,1558,56041,0.01
13,57612,0,0.0,4549,1558,56054,0.01
16,57628,0,0.0,4550,1559,56069,0.01
13,57641,0,0.0,4551,1559,56082,0.01
13,57654,0,0.0,4552,1559,56095,0.01
13,57667,0,0.0,4553,1559,56108,0.01
13,57680,0,0.0,4554,1559,56121,0.01
13,57693,0,0.0,4555,1559,56134,0.01
14,57707,0,0.0,4556,1560,56147,0.01
13,57720,0,0.0,4557,1560,56160,0.01
13,57733,0,0.0,4558,1560,56173,0.01
13,57746,0,0.0,4559,1560,56186,0.01
13,57759,0,0.0,4560,1560,56199,0.01
6,57765,0,0.0,4561,1561,56204,0.01
13,57778,0,0.0,4562,1561,56217,0.01
7,57785,0,0.0,4563,1562,56223,0.01
13,57798,0,0.0,4564,1562,56236,0.01
13,57811,0,0.0,4565,1562,56249,0.01
7,57818,0,0.0,4566,1563,56255,0.01
13,57831,0,0.0,4567,1563,56268,0.01
11,57842,0,0.0,4568,1564,56278,0.01
13,57855,0,0.0,4569,1564,56291,0.01
13,57868,0,0.0,4570,1564,56304,0.01
10,57878,0,0.0,4571,1565,56313,0.01
13,57891,0,0.0,4572,1565,56326,0.01
13,57904,0,0.0,4573,1565,56339,0.01
13,57917,0,0.0,4574,1565,56352,0.01
13,57930,0,0.0,4575,1565,56365,0.01
13,57943,0,0.0,4576,1565,56378,0.01
13,57956,0,0.0,4577,1565,56391,0.01
13,57969,0,0.0,4578,1565,56404,0.01
13,57982,0,0.0,4579,1565,56417,0.01
13,57995,0,0.0,4580,1565,56430,0.01
13,58008,0,0.0,4581,1565,56443,0.01
13,58021,0,0.0,4582,1565,56456,0.01
13,58034,0,0.0,4583,1565,56469,0.01
13,58047,0,0.0,4584,1565,56482,0.01
13,58060,0,0.0,4585,1565,56495,0.01
13,58073,0,0.0,4586,1565,56508,0.01
10,58083,0,0.0,4587,1566,56517,0.01
13,58096,0,0.0,4588,1566,56530,0.01
13,58109,0,0.0,4589,1566,56543,0.01
13,58122,0,0.0,4590,1566,56556,0.01
13,58135,0,0.0,4591,1567,56568,0.01
13,58148,0,0.0,4592,1567,56581,0.01
13,58161,0,0.0,4593,1567,56594,0.01
13,58174,0,0.0,4594,1567,56607,0.01
13,58187,0,0.0,4595,1567,56620,0.01
14,58201,0,0.0,4596,1569,56632,0.01
14,58215,0,0.0,4597,1570,56645,0.01
13,58228,0,0.0,4598,1570,56658,0.01
13,58241,0,0.0,4599,1570,56671,0.01
13,58254,0,0.0,4600,1570,56684,0.01
13,58267,0,0.0,4601,1570,56697,0.01
13,58280,0,0.0,4602,1570,56710,0.01
13,58293,0,0.0,4603,1570,56723,0.01
13,58306,0,0.0,4604,1570,56736,0.01
13,58319,0,0.0,4605,1570,56749,0.01
13,58332,0,0.0,4606,1571,56761,0.01
13,58345,0,0.0,4607,1571,56774,0.01
13,58358,0,0.0,4608,1571,56787,0.01
13,58371,0,0.0,4609,1571,56800,0.01
13,58384,0,0.0,4610,1571,56813,0.01
13,58397,0,0.0,4611,1571,56826,0.01
13,58410,0,0.0,4612,1571,56839,0.01
13,58423,0,0.0,4613,1571,56852,0.01
13,58436,0,0.0,4614,1571,56865,0.01
13,58449,0,0.0,4615,1571,56878,0.01
13,58462,0,0.0,4616,1571,56891,0.01
13,58475,0,0.0,4617,1571,56904,0.01
13,58488,0,0.0,4618,1571,56917,0.01
13,58501,0,0.0,4619,1571,56930,0.01
13,58514,0,0.0,4620,1571,56943,0.01
13,58527,0,0.0,4621,1571,56956,0.01
13,58540,0,0.0,4622,1571,56969,0.01
13,58553,0,0.0,4623,1571,56982,0.01
13,58566,0,0.0,4624,1571,56995,0.01
13,58579,0,0.0,4625,1571,57008,0.01
13,58592,0,0.0,4626,1571,57021,0.01
13,58605,0,0.0,4627,1571,57034,0.01
13,58618,0,0.0,4628,1571,57047,0.01
13,58631,0,0.0,4629,1571,57060,0.01
10,58641,0,0.0,4630,1572,57069,0.01
13,58654,0,0.0,4631,1572,57082,0.01
10,58664,0,0.0,4632,1573,57091,0.01
13,58677,0,0.0,4633,1573,57104,0.01
13,58690,0,0.0,4634,1573,57117,0.01
13,58703,0,0.0,4635,1573,57130,0.01
13,58716,0,0.0,4636,1573,57143,0.01
13,58729,0,0.0,4637,1573,57156,0.01
13,58742,0,0.0,4638,1573,57169,0.01
13,58755,0,0.0,4639,1573,57182,0.01
13,58768,0,0.0,4640,1573,57195,0.01
13,58781,0,0.0,4641,1573,57208,0.01
13,58794,0,0.0,4642,1573,57221,0.01
13,58807,0,0.0,4643,1573,57234,0.01
13,58820,0,0.0,4644,1573,57247,0.01
13,58833,0,0.0,4645,1573,57260,0.01
13,58846,0,0.0,4646,1573,57273,0.01
13,58859,0,0.0,4647,1573,57286,0.01
13,58872,0,0.0,4648,1573,57299,0.01
13,58885,0,0.0,4649,1573,57312,0.01
13,58898,0,0.0,4650,1573,57325,0.01
13,58911,0,0.0,4651,1573,57338,0.01
13,58924,0,0.0,4652,1573,57351,0.01
13,58937,0,0.0,4653,1573,57364,0.01
13,58950,0,0.0,4654,1573,57377,0.01
13,58963,0,0.0,4655,1573,57390,0.01
13,58976,0,0.0,4656,1573,57403,0.01
13,58989,0,0.0,4657,1573,57416,0.01
13,59002,0,0.0,4658,1573,57429,0.01
13,59015,0,0.0,4659,1573,57442,0.01
13,59028,0,0.0,4660,1573,57455,0.01
13,59041,0,0.0,4661,1573,57468,0.01
13,59054,0,0.0,4662,1573,57481,0.01
13,59067,0,0.0,4663,1573,57494,0.01
13,59080,0,0.0,4664,1573,57507,0.01
13,59093,0,0.0,4665,1573,57520,0.01
13,59106,0,0.0,4666,1573,57533,0.01
13,59119,0,0.0,4667,1573,57546,0.01
13,59132,0,0.0,4668,1574,57558,0.01
13,59145,0,0.0,4669,1574,57571,0.01
13,59158,0,0.0,4670,1574,57584,0.01
13,59171,0,0.0,4671,1574,57597,0.01
13,59184,0,0.0,4672,1574,57610,0.01
13,59197,0,0.0,4673,1574,57623,0.01
13,59210,0,0.0,4674,1574,57636,0.01
13,59223,0,0.0,4675,1574,57649,0.01
13,59236,0,0.0,4676,1574,57662,0.01
13,59249,0,0.0,4677,1574,57675,0.01
13,59262,0,0.0,4678,1574,57688,0.01
13,59275,0,0.0,4679,1574,57701,0.01
13,59288,0,0.0,4680,1574,57714,0.01
13,59301,0,0.0,4681,1574,57727,0.01
13,59314,0,0.0,4682,1575,57739,0.01
13,59327,0,0.0,4683,1575,57752,0.01
13,59340,0,0.0,4684,1575,57765,0.01
14,59354,0,0.0,4685,1576,57778,0.01
13,59367,0,0.0,4686,1576,57791,0.01
13,59380,0,0.0,4687,1576,57804,0.01
13,59393,0,0.0,4688,1576,57817,0.01
13,59406,0,0.0,4689,1576,57830,0.01
13,59419,0,0.0,4690,1576,57843,0.01
13,59432,0,0.0,4691,1576,57856,0.01
13,59445,0,0.0,4692,1576,57869,0.01
13,59458,0,0.0,4693,1576,57882,0.01
13,59471,0,0.0,4694,1576,57895,0.01
13,59484,0,0.0,4695,1576,57908,0.01
13,59497,0,0.0,4696,1576,57921,0.01
13,59510,0,0.0,4697,1576,57934,0.01
13,59523,0,0.0,4698,1576,57947,0.01
13,59536,0,0.0,4699,1576,57960,0.01
13,59549,0,0.0,4700,1576,57973,0.01
13,59562,0,0.0,4701,1576,57986,0.01
13,59575,0,0.0,4702,1576,57999,0.01
13,59588,0,0.0,4703,1576,58012,0.01
8,59596,0,0.0,4704,1577,58019,0.01
13,59609,0,0.0,4705,1577,58032,0.01
13,59622,0,0.0,4706,1577,58045,0.01
13,59635,0,0.0,4707,1577,58058,0.01
13,59648,0,0.0,4708,1577,58071,0.01
13,59661,0,0.0,4709,1577,58084,0.01
8,59669,0,0.0,4710,1578,58091,0.01
13,59682,0,0.0,4711,1578,58104,0.01
8,59690,0,0.0,4712,1580,58110,0.01
13,59703,0,0.0,4713,1580,58123,0.01
16,59719,0,0.0,4714,1581,58138,0.01
13,59732,0,0.0,4715,1581,58151,0.01
13,59745,0,0.0,4716,1581,58164,0.01
13,59758,0,0.0,4717,1582,58176,0.01
13,59771,0,0.0,4718,1582,58189,0.01
13,59784,0,0.0,4719,1582,58202,0.01
13,59797,0,0.0,4720,1582,58215,0.01
13,59810,0,0.0,4721,1582,58228,0.01
13,59823,0,0.0,4722,1582,58241,0.01
13,59836,0,0.0,4723,1582,58254,0.01
13,59849,0,0.0,4724,1582,58267,0.01
14,59863,0,0.0,4725,1583,58280,0.01
13,59876,0,0.0,4726,1583,58293,0.01
13,59889,0,0.0,4727,1583,58306,0.01
13,59902,0,0.0,4728,1583,58319,0.01
10,59912,0,0.0,4729,1584,58328,0.01
13,59925,0,0.0,4730,1584,58341,0.01
13,59938,0,0.0,4731,1584,58354,0.01
13,59951,0,0.0,4732,1584,58367,0.01
13,59964,0,0.0,4733,1584,58380,0.01
13,59977,0,0.0,4734,1584,58393,0.01
2,59979,0,0.0,4735,1585,58394,0.01
13,59992,0,0.0,4736,1585,58407,0.01
13,60005,0,0.0,4737,1585,58420,0.01
13,60018,0,0.0,4738,1585,58433,0.01
13,60031,0,0.0,4739,1585,58446,0.01
13,60044,0,0.0,4740,1585,58459,0.01
13,60057,0,0.0,4741,1585,58472,0.01
13,60070,0,0.0,4742,1585,58485,0.01
13,60083,0,0.0,4743,1586,58497,0.01
13,60096,0,0.0,4744,1586,58510,0.01
13,60109,0,0.0,4745,1586,58523,0.01
10,60119,0,0.0,4746,1587,58532,0.01
13,60132,0,0.0,4747,1587,58545,0.01
13,60145,0,0.0,4748,1587,58558,0.01
6,60151,0,0.0,4749,1588,58563,0.01
13,60164,0,0.0,4750,1588,58576,0.01
13,60177,0,0.0,4751,1588,58589,0.01
13,60190,0,0.0,4752,1588,58602,0.01
13,60203,0,0.0,4753,1588,58615,0.01
13,60216,0,0.0,4754,1588,58628,0.01
13,60229,0,0.0,4755,1588,58641,0.01
13,60242,0,0.0,4756,1588,58654,0.01
13,60255,0,0.0,4757,1588,58667,0.01
13,60268,0,0.0,4758,1588,58680,0.01
13,60281,0,0.0,4759,1588,58693,0.01
13,60294,0,0.0,4760,1588,58706,0.01
13,60307,0,0.0,4761,1588,58719,0.01
13,60320,0,0.0,4762,1588,58732,0.01
13,60333,0,0.0,4763,1588,58745,0.01
13,60346,0,0.0,4764,1588,58758,0.01
13,60359,0,0.0,4765,1588,58771,0.01
13,60372,0,0.0,4766,1588,58784,0.01
13,60385,0,0.0,4767,1588,58797,0.01
13,60398,0,0.0,4768,1588,58810,0.01
13,60411,0,0.0,4769,1588,58823,0.01
13,60424,0,0.0,4770,1588,58836,0.01
14,60438,0,0.0,4771,1589,58849,0.01
13,60451,0,0.0,4772,1589,58862,0.01
13,60464,0,0.0,4773,1589,58875,0.01
13,60477,0,0.0,4774,1589,58888,0.01
13,60490,0,0.0,4775,1589,58901,0.01
13,60503,0,0.0,4776,1589,58914,0.01
13,60516,0,0.0,4777,1589,58927,0.01
13,60529,0,0.0,4778,1589,58940,0.01
13,60542,0,0.0,4779,1589,58953,0.01
13,60555,0,0.0,4780,1589,58966,0.01
13,60568,0,0.0,4781,1589,58979,0.01
13,60581,0,0.0,4782,1589,58992,0.01
13,60594,0,0.0,4783,1589,59005,0.01
13,60607,0,0.0,4784,1589,59018,0.01
13,60620,0,0.0,4785,1589,59031,0.01
13,60633,0,0.0,4786,1589,59044,0.01
13,60646,0,0.0,4787,1589,59057,0.01
13,60659,0,0.0,4788,1589,59070,0.01
13,60672,0,0.0,4789,1589,59083,0.01
14,60686,0,0.0,4790,1591,59095,0.01
13,60699,0,0.0,4791,1591,59108,0.01
13,60712,0,0.0,4792,1591,59121,0.01
13,60725,0,0.0,4793,1592,59133,0.01
13,60738,0,0.0,4794,1592,59146,0.01
13,60751,0,0.0,4795,1592,59159,0.01
13,60764,0,0.0,4796,1592,59172,0.01
13,60777,0,0.0,4797,1592,59185,0.01
13,60790,0,0.0,4798,1592,59198,0.01
13,60803,0,0.0,4799,1592,59211,0.01
13,60816,0,0.0,4800,1592,59224,0.01
13,60829,0,0.0,4801,1593,59236,0.01
13,60842,0,0.0,4802,1593,59249,0.01
13,60855,0,0.0,4803,1593,59262,0.01
13,60868,0,0.0,4804,1593,59275,0.01
13,60881,0,0.0,4805,1593,59288,0.01
13,60894,0,0.0,4806,1593,59301,0.01
13,60907,0,0.0,4807,1593,59314,0.01
13,60920,0,0.0,4808,1593,59327,0.01
13,60933,0,0.0,4809,1593,59340,0.01
13,60946,0,0.0,4810,1593,59353,0.01
13,60959,0,0.0,4811,1593,59366,0.01
13,60972,0,0.0,4812,1593,59379,0.01
13,60985,0,0.0,4813,1593,59392,0.01
13,60998,0,0.0,4814,1593,59405,0.01
13,61011,0,0.0,4815,1593,59418,0.01
13,61024,0,0.0,4816,1593,59431,0.01
13,61037,0,0.0,4817,1594,59443,0.01
13,61050,0,0.0,4818,1594,59456,0.01
13,61063,0,0.0,4819,1594,59469,0.01
13,61076,0,0.0,4820,1594,59482,0.01
13,61089,0,0.0,4821,1594,59495,0.01
13,61102,0,0.0,4822,1594,59508,0.01
13,61115,0,0.0,4823,1594,59521,0.01
16,61131,0,0.0,4824,1595,59536,0.01
13,61144,0,0.0,4825,1595,59549,0.01
13,61157,0,0.0,4826,1596,59561,0.01
10,61167,0,0.0,4827,1597,59570,0.01
13,61180,0,0.0,4828,1597,59583,0.01
13,61193,0,0.0,4829,1597,59596,0.01
13,61206,0,0.0,4830,1597,59609,0.01
13,61219,0,0.0,4831,1597,59622,0.01
14,61233,0,0.0,4832,1598,59635,0.01
13,61246,0,0.0,4833,1598,59648,0.01
13,61259,0,0.0,4834,1598,59661,0.01
13,61272,0,0.0,4835,1598,59674,0.01
13,61285,0,0.0,4836,1598,59687,0.01
13,61298,0,0.0,4837,1598,59700,0.01
13,61311,0,0.0,4838,1598,59713,0.01
13,61324,0,0.0,4839,1598,59726,0.01
14,61338,0,0.0,4840,1599,59739,0.01
13,61351,0,0.0,4841,1599,59752,0.01
13,61364,0,0.0,4842,1600,59764,0.01
13,61377,0,0.0,4843,1600,59777,0.01
13,61390,0,0.0,4844,1600,59790,0.01
13,61403,0,0.0,4845,1600,59803,0.01
13,61416,0,0.0,4846,1600,59816,0.01
13,61429,0,0.0,4847,1600,59829,0.01
14,61443,0,0.0,4848,1601,59842,0.01
14,61457,0,0.0,4849,1602,59855,0.01
13,61470,0,0.0,4850,1602,59868,0.01
13,61483,0,0.0,4851,1602,59881,0.01
13,61496,0,0.0,4852,1602,59894,0.01
14,61510,0,0.0,4853,1603,59907,0.01
13,61523,0,0.0,4854,1604,59919,0.01
13,61536,0,0.0,4855,1604,59932,0.01
13,61549,0,0.0,4856,1604,59945,0.01
13,61562,0,0.0,4857,1604,59958,0.01
13,61575,0,0.0,4858,1604,59971,0.01
13,61588,0,0.0,4859,1604,59984,0.01
13,61601,0,0.0,4860,1604,59997,0.01
6,61607,0,0.0,4861,1605,60002,0.01
13,61620,0,0.0,4862,1605,60015,0.01
13,61633,0,0.0,4863,1605,60028,0.01
13,61646,0,0.0,4864,1605,60041,0.01
13,61659,0,0.0,4865,1605,60054,0.01
13,61672,0,0.0,4866,1605,60067,0.01
13,61685,0,0.0,4867,1605,60080,0.01
13,61698,0,0.0,4868,1605,60093,0.01
13,61711,0,0.0,4869,1605,60106,0.01
13,61724,0,0.0,4870,1605,60119,0.01
13,61737,0,0.0,4871,1605,60132,0.01
13,61750,0,0.0,4872,1605,60145,0.01
13,61763,0,0.0,4873,1605,60158,0.01
13,61776,0,0.0,4874,1605,60171,0.01
13,61789,0,0.0,4875,1605,60184,0.01
13,61802,0,0.0,4876,1605,60197,0.01
13,61815,0,0.0,4877,1605,60210,0.01
13,61828,0,0.0,4878,1605,60223,0.01
13,61841,0,0.0,4879,1605,60236,0.01
13,61854,0,0.0,4880,1605,60249,0.01
13,61867,0,0.0,4881,1605,60262,0.01
13,61880,0,0.0,4882,1605,60275,0.01
13,61893,0,0.0,4883,1605,60288,0.01
13,61906,0,0.0,4884,1606,60300,0.01
13,61919,0,0.0,4885,1606,60313,0.01
10,61929,0,0.0,4886,1607,60322,0.01
13,61942,0,0.0,4887,1607,60335,0.01
13,61955,0,0.0,4888,1607,60348,0.01
13,61968,0,0.0,4889,1607,60361,0.01
10,61978,0,0.0,4890,1608,60370,0.01
13,61991,0,0.0,4891,1608,60383,0.01
13,62004,0,0.0,4892,1608,60396,0.01
13,62017,0,0.0,4893,1608,60409,0.01
13,62030,0,0.0,4894,1608,60422,0.01
11,62041,0,0.0,4895,1609,60432,0.01
13,62054,0,0.0,4896,1609,60445,0.01
13,62067,0,0.0,4897,1609,60458,0.01
13,62080,0,0.0,4898,1609,60471,0.01
13,62093,0,0.0,4899,1609,60484,0.01
13,62106,0,0.0,4900,1609,60497,0.01
13,62119,0,0.0,4901,1610,60509,0.01
13,62132,0,0.0,4902,1610,60522,0.01
13,62145,0,0.0,4903,1610,60535,0.01
13,62158,0,0.0,4904,1610,60548,0.01
13,62171,0,0.0,4905,1610,60561,0.01
13,62184,0,0.0,4906,1610,60574,0.01
13,62197,0,0.0,4907,1611,60586,0.01
13,62210,0,0.0,4908,1611,60599,0.01
13,62223,0,0.0,4909,1611,60612,0.01
13,62236,0,0.0,4910,1611,60625,0.01
13,62249,0,0.0,4911,1611,60638,0.01
13,62262,0,0.0,4912,1611,60651,0.01
13,62275,0,0.0,4913,1611,60664,0.01
13,62288,0,0.0,4914,1611,60677,0.01
13,62301,0,0.0,4915,1611,60690,0.01
13,62314,0,0.0,4916,1611,60703,0.01
13,62327,0,0.0,4917,1611,60716,0.01
16,62343,0,0.0,4918,1612,60731,0.01
13,62356,0,0.0,4919,1612,60744,0.01
13,62369,0,0.0,4920,1612,60757,0.01
13,62382,0,0.0,4921,1612,60770,0.01
13,62395,0,0.0,4922,1613,60782,0.01
13,62408,0,0.0,4923,1613,60795,0.01
13,62421,0,0.0,4924,1613,60808,0.01
13,62434,0,0.0,4925,1613,60821,0.01
13,62447,0,0.0,4926,1613,60834,0.01
13,62460,0,0.0,4927,1613,60847,0.01
13,62473,0,0.0,4928,1613,60860,0.01
13,62486,0,0.0,4929,1614,60872,0.01
13,62499,0,0.0,4930,1614,60885,0.01
13,62512,0,0.0,4931,1614,60898,0.01
13,62525,0,0.0,4932,1614,60911,0.01
13,62538,0,0.0,4933,1614,60924,0.01
13,62551,0,0.0,4934,1614,60937,0.01
8,62559,0,0.0,4935,1615,60944,0.01
13,62572,0,0.0,4936,1615,60957,0.01
13,62585,0,0.0,4937,1615,60970,0.01
13,62598,0,0.0,4938,1615,60983,0.01
13,62611,0,0.0,4939,1615,60996,0.01
13,62624,0,0.0,4940,1615,61009,0.01
13,62637,0,0.0,4941,1615,61022,0.01
13,62650,0,0.0,4942,1615,61035,0.01
16,62666,0,0.0,4943,1616,61050,0.01
13,62679,0,0.0,4944,1616,61063,0.01
13,62692,0,0.0,4945,1616,61076,0.01
13,62705,0,0.0,4946,1616,61089,0.01
16,62721,0,0.0,4947,1617,61104,0.01
13,62734,0,0.0,4948,1618,61116,0.01
13,62747,0,0.0,4949,1618,61129,0.01
13,62760,0,0.0,4950,1618,61142,0.01
13,62773,0,0.0,4951,1618,61155,0.01
13,62786,0,0.0,4952,1618,61168,0.01
13,62799,0,0.0,4953,1618,61181,0.01
14,62813,0,0.0,4954,1619,61194,0.01
13,62826,0,0.0,4955,1619,61207,0.01
13,62839,0,0.0,4956,1619,61220,0.01
13,62852,0,0.0,4957,1619,61233,0.01
13,62865,0,0.0,4958,1619,61246,0.01
13,62878,0,0.0,4959,1619,61259,0.01
13,62891,0,0.0,4960,1619,61272,0.01
13,62904,0,0.0,4961,1619,61285,0.01
13,62917,0,0.0,4962,1619,61298,0.01
13,62930,0,0.0,4963,1619,61311,0.01
13,62943,0,0.0,4964,1619,61324,0.01
13,62956,0,0.0,4965,1619,61337,0.01
13,62969,0,0.0,4966,1619,61350,0.01
13,62982,0,0.0,4967,1619,61363,0.01
16,62998,0,0.0,4968,1621,61377,0.01
13,63011,0,0.0,4969,1621,61390,0.01
13,63024,0,0.0,4970,1621,61403,0.01
13,63037,0,0.0,4971,1621,61416,0.01
13,63050,0,0.0,4972,1621,61429,0.01
13,63063,0,0.0,4973,1621,61442,0.01
13,63076,0,0.0,4974,1621,61455,0.01
13,63089,0,0.0,4975,1621,61468,0.01
13,63102,0,0.0,4976,1621,61481,0.01
13,63115,0,0.0,4977,1621,61494,0.01
13,63128,0,0.0,4978,1621,61507,0.01
13,63141,0,0.0,4979,1621,61520,0.01
13,63154,0,0.0,4980,1621,61533,0.01
13,63167,0,0.0,4981,1621,61546,0.01
13,63180,0,0.0,4982,1621,61559,0.01
13,63193,0,0.0,4983,1621,61572,0.01
13,63206,0,0.0,4984,1621,61585,0.01
13,63219,0,0.0,4985,1621,61598,0.01
13,63232,0,0.0,4986,1621,61611,0.01
13,63245,0,0.0,4987,1621,61624,0.01
13,63258,0,0.0,4988,1621,61637,0.01
13,63271,0,0.0,4989,1621,61650,0.01
13,63284,0,0.0,4990,1621,61663,0.01
13,63297,0,0.0,4991,1621,61676,0.01
13,63310,0,0.0,4992,1622,61688,0.01
10,63320,0,0.0,4993,1623,61697,0.01
13,63333,0,0.0,4994,1623,61710,0.01
13,63346,0,0.0,4995,1623,61723,0.01
13,63359,0,0.0,4996,1623,61736,0.01
13,63372,0,0.0,4997,1623,61749,0.01
13,63385,0,0.0,4998,1623,61762,0.01
13,63398,0,0.0,4999,1623,61775,0.01
13,63411,0,0.0,5000,1623,61788,0.01
13,63424,0,0.0,5001,1623,61801,0.01
13,63437,0,0.0,5002,1623,61814,0.01
13,63450,0,0.0,5003,1623,61827,0.01
13,63463,0,0.0,5004,1623,61840,0.01
13,63476,0,0.0,5005,1623,61853,0.01
13,63489,0,0.0,5006,1623,61866,0.01
13,63502,0,0.0,5007,1623,61879,0.01
13,63515,0,0.0,5008,1623,61892,0.01
13,63528,0,0.0,5009,1623,61905,0.01
14,63542,0,0.0,5010,1624,61918,0.01
14,63556,0,0.0,5011,1625,61931,0.01
13,63569,0,0.0,5012,1625,61944,0.01
13,63582,0,0.0,5013,1626,61956,0.01
13,63595,0,0.0,5014,1627,61968,0.01
13,63608,0,0.0,5015,1627,61981,0.01
13,63621,0,0.0,5016,1627,61994,0.01
13,63634,0,0.0,5017,1627,62007,0.01
13,63647,0,0.0,5018,1627,62020,0.01
13,63660,0,0.0,5019,1627,62033,0.01
10,63670,0,0.0,5020,1628,62042,0.01
14,63684,0,0.0,5021,1629,62055,0.01
13,63697,0,0.0,5022,1629,62068,0.01
13,63710,0,0.0,5023,1629,62081,0.01
13,63723,0,0.0,5024,1629,62094,0.01
13,63736,0,0.0,5025,1629,62107,0.01
13,63749,0,0.0,5026,1629,62120,0.01
13,63762,0,0.0,5027,1629,62133,0.01
13,63775,0,0.0,5028,1629,62146,0.01
13,63788,0,0.0,5029,1629,62159,0.01
13,63801,0,0.0,5030,1629,62172,0.01
13,63814,0,0.0,5031,1629,62185,0.01
13,63827,0,0.0,5032,1629,62198,0.01
13,63840,0,0.0,5033,1629,62211,0.01
13,63853,0,0.0,5034,1629,62224,0.01
13,63866,0,0.0,5035,1629,62237,0.01
13,63879,0,0.0,5036,1629,62250,0.01
13,63892,0,0.0,5037,1629,62263,0.01
13,63905,0,0.0,5038,1629,62276,0.01
13,63918,0,0.0,5039,1629,62289,0.01
13,63931,0,0.0,5040,1629,62302,0.01
13,63944,0,0.0,5041,1629,62315,0.01
14,63958,0,0.0,5042,1630,62328,0.01
13,63971,0,0.0,5043,1630,62341,0.01
13,63984,0,0.0,5044,1630,62354,0.01
13,63997,0,0.0,5045,1630,62367,0.01
10,64007,0,0.0,5046,1631,62376,0.01
13,64020,0,0.0,5047,1631,62389,0.01
13,64033,0,0.0,5048,1631,62402,0.01
13,64046,0,0.0,5049,1631,62415,0.01
13,64059,0,0.0,5050,1631,62428,0.01
13,64072,0,0.0,5051,1631,62441,0.01
13,64085,0,0.0,5052,1631,62454,0.01
10,64095,0,0.0,5053,1632,62463,0.01
13,64108,0,0.0,5054,1632,62476,0.01
13,64121,0,0.0,5055,1632,62489,0.01
13,64134,0,0.0,5056,1632,62502,0.01
13,64147,0,0.0,5057,1632,62515,0.01
13,64160,0,0.0,5058,1632,62528,0.01
13,64173,0,0.0,5059,1632,62541,0.01
13,64186,0,0.0,5060,1632,62554,0.01
13,64199,0,0.0,5061,1632,62567,0.01
13,64212,0,0.0,5062,1632,62580,0.01
13,64225,0,0.0,5063,1632,62593,0.01
13,64238,0,0.0,5064,1632,62606,0.01
13,64251,0,0.0,5065,1632,62619,0.01
15,64266,0,0.0,5066,1633,62633,0.01
13,64279,0,0.0,5067,1633,62646,0.01
13,64292,0,0.0,5068,1633,62659,0.01
13,64305,0,0.0,5069,1633,62672,0.01
13,64318,0,0.0,5070,1633,62685,0.01
13,64331,0,0.0,5071,1633,62698,0.01
13,64344,0,0.0,5072,1633,62711,0.01
13,64357,0,0.0,5073,1633,62724,0.01
13,64370,0,0.0,5074,1633,62737,0.01
13,64383,0,0.0,5075,1633,62750,0.01
13,64396,0,0.0,5076,1633,62763,0.01
13,64409,0,0.0,5077,1633,62776,0.01
13,64422,0,0.0,5078,1633,62789,0.01
13,64435,0,0.0,5079,1633,62802,0.01
13,64448,0,0.0,5080,1633,62815,0.01
13,64461,0,0.0,5081,1633,62828,0.01
13,64474,0,0.0,5082,1633,62841,0.01
13,64487,0,0.0,5083,1633,62854,0.01
13,64500,0,0.0,5084,1634,62866,0.01
13,64513,0,0.0,5085,1634,62879,0.01
13,64526,0,0.0,5086,1634,62892,0.01
13,64539,0,0.0,5087,1634,62905,0.01
13,64552,0,0.0,5088,1634,62918,0.01
13,64565,0,0.0,5089,1634,62931,0.01
13,64578,0,0.0,5090,1634,62944,0.01
13,64591,0,0.0,5091,1634,62957,0.01
13,64604,0,0.0,5092,1634,62970,0.01
13,64617,0,0.0,5093,1634,62983,0.01
13,64630,0,0.0,5094,1634,62996,0.01
13,64643,0,0.0,5095,1634,63009,0.01
13,64656,0,0.0,5096,1634,63022,0.01
13,64669,0,0.0,5097,1636,63033,0.01
13,64682,0,0.0,5098,1636,63046,0.01
13,64695,0,0.0,5099,1636,63059,0.01
13,64708,0,0.0,5100,1636,63072,0.01
13,64721,0,0.0,5101,1636,63085,0.01
13,64734,0,0.0,5102,1636,63098,0.01
8,64742,0,0.0,5103,1637,63105,0.01
13,64755,0,0.0,5104,1637,63118,0.01
13,64768,0,0.0,5105,1637,63131,0.01
11,64779,0,0.0,5106,1638,63141,0.01
13,64792,0,0.0,5107,1638,63154,0.01
13,64805,0,0.0,5108,1638,63167,0.01
13,64818,0,0.0,5109,1638,63180,0.01
13,64831,0,0.0,5110,1638,63193,0.01
13,64844,0,0.0,5111,1638,63206,0.01
13,64857,0,0.0,5112,1638,63219,0.01
13,64870,0,0.0,5113,1638,63232,0.01
13,64883,0,0.0,5114,1638,63245,0.01
13,64896,0,0.0,5115,1638,63258,0.01
13,64909,0,0.0,5116,1638,63271,0.01
13,64922,0,0.0,5117,1638,63284,0.01
13,64935,0,0.0,5118,1638,63297,0.01
13,64948,0,0.0,5119,1638,63310,0.01
13,64961,0,0.0,5120,1638,63323,0.01
13,64974,0,0.0,5121,1638,63336,0.01
13,64987,0,0.0,5122,1638,63349,0.01
13,65000,0,0.0,5123,1638,63362,0.01
13,65013,0,0.0,5124,1638,63375,0.01
13,65026,0,0.0,5125,1638,63388,0.01
11,65037,0,0.0,5126,1639,63398,0.01
13,65050,0,0.0,5127,1639,63411,0.01
13,65063,0,0.0,5128,1639,63424,0.01
13,65076,0,0.0,5129,1639,63437,0.01
13,65089,0,0.0,5130,1639,63450,0.01
14,65103,0,0.0,5131,1641,63462,0.01
14,65117,0,0.0,5132,1642,63475,0.01
13,65130,0,0.0,5133,1642,63488,0.01
13,65143,0,0.0,5134,1642,63501,0.01
13,65156,0,0.0,5135,1642,63514,0.01
13,65169,0,0.0,5136,1642,63527,0.01
13,65182,0,0.0,5137,1642,63540,0.01
13,65195,0,0.0,5138,1642,63553,0.01
13,65208,0,0.0,5139,1642,63566,0.01
13,65221,0,0.0,5140,1642,63579,0.01
13,65234,0,0.0,5141,1642,63592,0.01
13,65247,0,0.0,5142,1642,63605,0.01
13,65260,0,0.0,5143,1642,63618,0.01
13,65273,0,0.0,5144,1642,63631,0.01
13,65286,0,0.0,5145,1642,63644,0.01
13,65299,0,0.0,5146,1642,63657,0.01
13,65312,0,0.0,5147,1642,63670,0.01
13,65325,0,0.0,5148,1642,63683,0.01
13,65338,0,0.0,5149,1642,63696,0.01
13,65351,0,0.0,5150,1642,63709,0.01
13,65364,0,0.0,5151,1642,63722,0.01
13,65377,0,0.0,5152,1643,63734,0.01
13,65390,0,0.0,5153,1643,63747,0.01
13,65403,0,0.0,5154,1643,63760,0.01
13,65416,0,0.0,5155,1643,63773,0.01
13,65429,0,0.0,5156,1643,63786,0.01
13,65442,0,0.0,5157,1643,63799,0.01
13,65455,0,0.0,5158,1643,63812,0.01
13,65468,0,0.0,5159,1643,63825,0.01
13,65481,0,0.0,5160,1643,63838,0.01
13,65494,0,0.0,5161,1643,63851,0.01
13,65507,0,0.0,5162,1643,63864,0.01
13,65520,0,0.0,5163,1643,63877,0.01
6,65526,0,0.0,5164,1644,63882,0.01
13,65539,0,0.0,5165,1645,63894,0.01
13,65552,0,0.0,5166,1645,63907,0.01
13,65565,0,0.0,5167,1645,63920,0.01
13,65578,0,0.0,5168,1645,63933,0.01
13,65591,0,0.0,5169,1645,63946,0.01
13,65604,0,0.0,5170,1645,63959,0.01
13,65617,0,0.0,5171,1646,63971,0.01
13,65630,0,0.0,5172,1646,63984,0.01
13,65643,0,0.0,5173,1646,63997,0.01
13,65656,0,0.0,5174,1646,64010,0.01
13,65669,0,0.0,5175,1646,64023,0.01
13,65682,0,0.0,5176,1646,64036,0.01
13,65695,0,0.0,5177,1646,64049,0.01
13,65708,0,0.0,5178,1646,64062,0.01
13,65721,0,0.0,5179,1646,64075,0.01
13,65734,0,0.0,5180,1646,64088,0.01
14,65748,0,0.0,5181,1647,64101,0.01
13,65761,0,0.0,5182,1647,64114,0.01
2,65763,0,0.0,5183,1648,64115,0.01
13,65776,0,0.0,5184,1648,64128,0.01
13,65789,0,0.0,5185,1648,64141,0.01
13,65802,0,0.0,5186,1648,64154,0.01
13,65815,0,0.0,5187,1648,64167,0.01
13,65828,0,0.0,5188,1648,64180,0.01
13,65841,0,0.0,5189,1648,64193,0.01
13,65854,0,0.0,5190,1648,64206,0.01
13,65867,0,0.0,5191,1648,64219,0.01
13,65880,0,0.0,5192,1648,64232,0.01
13,65893,0,0.0,5193,1648,64245,0.01
13,65906,0,0.0,5194,1648,64258,0.01
13,65919,0,0.0,5195,1648,64271,0.01
13,65932,0,0.0,5196,1648,64284,0.01
13,65945,0,0.0,5197,1648,64297,0.01
13,65958,0,0.0,5198,1648,64310,0.01
13,65971,0,0.0,5199,1649,64322,0.01
13,65984,0,0.0,5200,1649,64335,0.01
13,65997,0,0.0,5201,1649,64348,0.01
13,66010,0,0.0,5202,1649,64361,0.01
13,66023,0,0.0,5203,1649,64374,0.01
13,66036,0,0.0,5204,1649,64387,0.01
13,66049,0,0.0,5205,1649,64400,0.01
13,66062,0,0.0,5206,1649,64413,0.01
13,66075,0,0.0,5207,1649,64426,0.01
13,66088,0,0.0,5208,1649,64439,0.01
13,66101,0,0.0,5209,1649,64452,0.01
13,66114,0,0.0,5210,1649,64465,0.01
13,66127,0,0.0,5211,1650,64477,0.01
13,66140,0,0.0,5212,1650,64490,0.01
13,66153,0,0.0,5213,1650,64503,0.01
10,66163,0,0.0,5214,1651,64512,0.01
13,66176,0,0.0,5215,1651,64525,0.01
13,66189,0,0.0,5216,1651,64538,0.01
13,66202,0,0.0,5217,1651,64551,0.01
13,66215,0,0.0,5218,1651,64564,0.01
13,66228,0,0.0,5219,1651,64577,0.01
13,66241,0,0.0,5220,1651,64590,0.01
13,66254,0,0.0,5221,1651,64603,0.01
13,66267,0,0.0,5222,1651,64616,0.01
13,66280,0,0.0,5223,1651,64629,0.01
13,66293,0,0.0,5224,1651,64642,0.01
13,66306,0,0.0,5225,1651,64655,0.01
13,66319,0,0.0,5226,1651,64668,0.01
13,66332,0,0.0,5227,1651,64681,0.01
13,66345,0,0.0,5228,1651,64694,0.01
13,66358,0,0.0,5229,1651,64707,0.01
13,66371,0,0.0,5230,1651,64720,0.01
13,66384,0,0.0,5231,1651,64733,0.01
13,66397,0,0.0,5232,1651,64746,0.01
13,66410,0,0.0,5233,1651,64759,0.01
13,66423,0,0.0,5234,1651,64772,0.01
13,66436,0,0.0,5235,1651,64785,0.01
13,66449,0,0.0,5236,1652,64797,0.01
13,66462,0,0.0,5237,1652,64810,0.01
13,66475,0,0.0,5238,1652,64823,0.01
13,66488,0,0.0,5239,1653,64835,0.01
13,66501,0,0.0,5240,1653,64848,0.01
13,66514,0,0.0,5241,1653,64861,0.01
13,66527,0,0.0,5242,1653,64874,0.01
13,66540,0,0.0,5243,1654,64886,0.01
13,66553,0,0.0,5244,1654,64899,0.01
13,66566,0,0.0,5245,1654,64912,0.01
13,66579,0,0.0,5246,1654,64925,0.01
13,66592,0,0.0,5247,1654,64938,0.01
9,66601,0,0.0,5248,1655,64946,0.01
13,66614,0,0.0,5249,1655,64959,0.01
13,66627,0,0.0,5250,1655,64972,0.01
13,66640,0,0.0,5251,1655,64985,0.01
13,66653,0,0.0,5252,1655,64998,0.01
13,66666,0,0.0,5253,1655,65011,0.01
13,66679,0,0.0,5254,1655,65024,0.01
13,66692,0,0.0,5255,1655,65037,0.01
13,66705,0,0.0,5256,1655,65050,0.01
13,66718,0,0.0,5257,1655,65063,0.01
13,66731,0,0.0,5258,1655,65076,0.01
13,66744,0,0.0,5259,1655,65089,0.01
13,66757,0,0.0,5260,1655,65102,0.01
13,66770,0,0.0,5261,1655,65115,0.01
16,66786,0,0.0,5262,1656,65130,0.01
13,66799,0,0.0,5263,1656,65143,0.01
13,66812,0,0.0,5264,1656,65156,0.01
13,66825,0,0.0,5265,1656,65169,0.01
13,66838,0,0.0,5266,1656,65182,0.01
13,66851,0,0.0,5267,1656,65195,0.01
13,66864,0,0.0,5268,1656,65208,0.01
13,66877,0,0.0,5269,1656,65221,0.01
13,66890,0,0.0,5270,1656,65234,0.01
16,66906,0,0.0,5271,1657,65249,0.01
13,66919,0,0.0,5272,1657,65262,0.01
13,66932,0,0.0,5273,1657,65275,0.01
13,66945,0,0.0,5274,1657,65288,0.01
13,66958,0,0.0,5275,1657,65301,0.01
13,66971,0,0.0,5276,1657,65314,0.01
13,66984,0,0.0,5277,1657,65327,0.01
13,66997,0,0.0,5278,1657,65340,0.01
13,67010,0,0.0,5279,1657,65353,0.01
13,67023,0,0.0,5280,1657,65366,0.01
13,67036,0,0.0,5281,1657,65379,0.01
13,67049,0,0.0,5282,1658,65391,0.01
13,67062,0,0.0,5283,1658,65404,0.01
16,67078,0,0.0,5284,1659,65419,0.01
13,67091,0,0.0,5285,1659,65432,0.01
14,67105,0,0.0,5286,1660,65445,0.01
13,67118,0,0.0,5287,1660,65458,0.01
13,67131,0,0.0,5288,1660,65471,0.01
13,67144,0,0.0,5289,1660,65484,0.01
13,67157,0,0.0,5290,1660,65497,0.01
13,67170,0,0.0,5291,1660,65510,0.01
13,67183,0,0.0,5292,1660,65523,0.01
13,67196,0,0.0,5293,1660,65536,0.01
13,67209,0,0.0,5294,1660,65549,0.01
13,67222,0,0.0,5295,1660,65562,0.01
13,67235,0,0.0,5296,1660,65575,0.01
13,67248,0,0.0,5297,1660,65588,0.01
13,67261,0,0.0,5298,1660,65601,0.01
13,67274,0,0.0,5299,1660,65614,0.01
13,67287,0,0.0,5300,1660,65627,0.01
13,67300,0,0.0,5301,1660,65640,0.01
13,67313,0,0.0,5302,1660,65653,0.01
13,67326,0,0.0,5303,1660,65666,0.01
13,67339,0,0.0,5304,1660,65679,0.01
13,67352,0,0.0,5305,1660,65692,0.01
13,67365,0,0.0,5306,1660,65705,0.01
13,67378,0,0.0,5307,1660,65718,0.01
13,67391,0,0.0,5308,1660,65731,0.01
13,67404,0,0.0,5309,1660,65744,0.01
13,67417,0,0.0,5310,1660,65757,0.01
13,67430,0,0.0,5311,1660,65770,0.01
15,67445,0,0.0,5312,1661,65784,0.01
13,67458,0,0.0,5313,1661,65797,0.01
13,67471,0,0.0,5314,1661,65810,0.01
13,67484,0,0.0,5315,1661,65823,0.01
13,67497,0,0.0,5316,1661,65836,0.01
13,67510,0,0.0,5317,1661,65849,0.01
13,67523,0,0.0,5318,1661,65862,0.01
13,67536,0,0.0,5319,1661,65875,0.01
13,67549,0,0.0,5320,1661,65888,0.01
13,67562,0,0.0,5321,1661,65901,0.01
13,67575,0,0.0,5322,1661,65914,0.01
13,67588,0,0.0,5323,1661,65927,0.01
13,67601,0,0.0,5324,1661,65940,0.01
13,67614,0,0.0,5325,1661,65953,0.01
13,67627,0,0.0,5326,1661,65966,0.01
13,67640,0,0.0,5327,1661,65979,0.01
13,67653,0,0.0,5328,1661,65992,0.01
13,67666,0,0.0,5329,1661,66005,0.01
13,67679,0,0.0,5330,1661,66018,0.01
13,67692,0,0.0,5331,1661,66031,0.01
13,67705,0,0.0,5332,1661,66044,0.01
13,67718,0,0.0,5333,1661,66057,0.01
13,67731,0,0.0,5334,1661,66070,0.01
13,67744,0,0.0,5335,1661,66083,0.01
13,67757,0,0.0,5336,1661,66096,0.01
13,67770,0,0.0,5337,1661,66109,0.01
9,67779,0,0.0,5338,1662,66117,0.01
13,67792,0,0.0,5339,1662,66130,0.01
13,67805,0,0.0,5340,1662,66143,0.01
13,67818,0,0.0,5341,1662,66156,0.01
13,67831,0,0.0,5342,1662,66169,0.01
13,67844,0,0.0,5343,1662,66182,0.01
13,67857,0,0.0,5344,1662,66195,0.01
13,67870,0,0.0,5345,1662,66208,0.01
13,67883,0,0.0,5346,1662,66221,0.01
13,67896,0,0.0,5347,1662,66234,0.01
13,67909,0,0.0,5348,1662,66247,0.01
13,67922,0,0.0,5349,1662,66260,0.01
13,67935,0,0.0,5350,1662,66273,0.01
10,67945,0,0.0,5351,1663,66282,0.01
13,67958,0,0.0,5352,1664,66294,0.01
13,67971,0,0.0,5353,1664,66307,0.01
13,67984,0,0.0,5354,1664,66320,0.01
13,67997,0,0.0,5355,1664,66333,0.01
13,68010,0,0.0,5356,1664,66346,0.01
13,68023,0,0.0,5357,1664,66359,0.01
13,68036,0,0.0,5358,1664,66372,0.01
13,68049,0,0.0,5359,1664,66385,0.01
13,68062,0,0.0,5360,1664,66398,0.01
13,68075,0,0.0,5361,1664,66411,0.01
13,68088,0,0.0,5362,1664,66424,0.01
13,68101,0,0.0,5363,1664,66437,0.01
13,68114,0,0.0,5364,1664,66450,0.01
13,68127,0,0.0,5365,1664,66463,0.01
13,68140,0,0.0,5366,1664,66476,0.01
13,68153,0,0.0,5367,1664,66489,0.01
13,68166,0,0.0,5368,1664,66502,0.01
13,68179,0,0.0,5369,1664,66515,0.01
13,68192,0,0.0,5370,1664,66528,0.01
13,68205,0,0.0,5371,1664,66541,0.01
13,68218,0,0.0,5372,1664,66554,0.01
13,68231,0,0.0,5373,1664,66567,0.01
13,68244,0,0.0,5374,1664,66580,0.01
13,68257,0,0.0,5375,1664,66593,0.01
13,68270,0,0.0,5376,1664,66606,0.01
13,68283,0,0.0,5377,1664,66619,0.01
13,68296,0,0.0,5378,1664,66632,0.01
13,68309,0,0.0,5379,1664,66645,0.01
13,68322,0,0.0,5380,1664,66658,0.01
13,68335,0,0.0,5381,1664,66671,0.01
13,68348,0,0.0,5382,1664,66684,0.01
13,68361,0,0.0,5383,1664,66697,0.01
13,68374,0,0.0,5384,1664,66710,0.01
13,68387,0,0.0,5385,1665,66722,0.01
13,68400,0,0.0,5386,1665,66735,0.01
13,68413,0,0.0,5387,1665,66748,0.01
13,68426,0,0.0,5388,1665,66761,0.01
13,68439,0,0.0,5389,1665,66774,0.01
13,68452,0,0.0,5390,1665,66787,0.01
13,68465,0,0.0,5391,1665,66800,0.01
13,68478,0,0.0,5392,1665,66813,0.01
13,68491,0,0.0,5393,1665,66826,0.01
13,68504,0,0.0,5394,1665,66839,0.01
13,68517,0,0.0,5395,1665,66852,0.01
13,68530,0,0.0,5396,1665,66865,0.01
13,68543,0,0.0,5397,1665,66878,0.01
10,68553,0,0.0,5398,1666,66887,0.01
13,68566,0,0.0,5399,1666,66900,0.01
13,68579,0,0.0,5400,1666,66913,0.01
13,68592,0,0.0,5401,1666,66926,0.01
13,68605,0,0.0,5402,1666,66939,0.01
13,68618,0,0.0,5403,1666,66952,0.01
13,68631,0,0.0,5404,1667,66964,0.01
13,68644,0,0.0,5405,1667,66977,0.01
13,68657,0,0.0,5406,1668,66989,0.01
13,68670,0,0.0,5407,1668,67002,0.01
13,68683,0,0.0,5408,1668,67015,0.01
13,68696,0,0.0,5409,1668,67028,0.01
14,68710,0,0.0,5410,1669,67041,0.01
13,68723,0,0.0,5411,1669,67054,0.01
13,68736,0,0.0,5412,1669,67067,0.01
13,68749,0,0.0,5413,1669,67080,0.01
13,68762,0,0.0,5414,1669,67093,0.01
13,68775,0,0.0,5415,1669,67106,0.01
13,68788,0,0.0,5416,1669,67119,0.01
13,68801,0,0.0,5417,1669,67132,0.01
13,68814,0,0.0,5418,1669,67145,0.01
13,68827,0,0.0,5419,1669,67158,0.01
13,68840,0,0.0,5420,1669,67171,0.01
13,68853,0,0.0,5421,1670,67183,0.01
13,68866,0,0.0,5422,1670,67196,0.01
13,68879,0,0.0,5423,1670,67209,0.01
13,68892,0,0.0,5424,1670,67222,0.01
2,68894,0,0.0,5425,1671,67223,0.01
13,68907,0,0.0,5426,1671,67236,0.01
13,68920,0,0.0,5427,1671,67249,0.01
13,68933,0,0.0,5428,1671,67262,0.01
13,68946,0,0.0,5429,1671,67275,0.01
13,68959,0,0.0,5430,1671,67288,0.01
13,68972,0,0.0,5431,1671,67301,0.01
13,68985,0,0.0,5432,1671,67314,0.01
13,68998,0,0.0,5433,1671,67327,0.01
13,69011,0,0.0,5434,1671,67340,0.01
13,69024,0,0.0,5435,1671,67353,0.01
13,69037,0,0.0,5436,1671,67366,0.01
13,69050,0,0.0,5437,1671,67379,0.01
13,69063,0,0.0,5438,1671,67392,0.01
13,69076,0,0.0,5439,1671,67405,0.01
13,69089,0,0.0,5440,1671,67418,0.01
13,69102,0,0.0,5441,1671,67431,0.01
13,69115,0,0.0,5442,1671,67444,0.01
13,69128,0,0.0,5443,1672,67456,0.01
13,69141,0,0.0,5444,1672,67469,0.01
13,69154,0,0.0,5445,1673,67481,0.01
16,69170,0,0.0,5446,1674,67496,0.01
13,69183,0,0.0,5447,1674,67509,0.01
13,69196,0,0.0,5448,1674,67522,0.01
13,69209,0,0.0,5449,1674,67535,0.01
13,69222,0,0.0,5450,1674,67548,0.01
13,69235,0,0.0,5451,1674,67561,0.01
13,69248,0,0.0,5452,1674,67574,0.01
13,69261,0,0.0,5453,1674,67587,0.01
13,69274,0,0.0,5454,1674,67600,0.01
13,69287,0,0.0,5455,1674,67613,0.01
13,69300,0,0.0,5456,1675,67625,0.01
13,69313,0,0.0,5457,1675,67638,0.01
14,69327,0,0.0,5458,1676,67651,0.01
13,69340,0,0.0,5459,1676,67664,0.01
13,69353,0,0.0,5460,1676,67677,0.01
13,69366,0,0.0,5461,1676,67690,0.01
13,69379,0,0.0,5462,1676,67703,0.01
13,69392,0,0.0,5463,1676,67716,0.01
13,69405,0,0.0,5464,1676,67729,0.01
13,69418,0,0.0,5465,1676,67742,0.01
13,69431,0,0.0,5466,1677,67754,0.01
13,69444,0,0.0,5467,1677,67767,0.01
13,69457,0,0.0,5468,1677,67780,0.01
13,69470,0,0.0,5469,1677,67793,0.01
13,69483,0,0.0,5470,1677,67806,0.01
13,69496,0,0.0,5471,1677,67819,0.01
13,69509,0,0.0,5472,1677,67832,0.01
13,69522,0,0.0,5473,1677,67845,0.01
13,69535,0,0.0,5474,1677,67858,0.01
13,69548,0,0.0,5475,1677,67871,0.01
13,69561,0,0.0,5476,1677,67884,0.01
13,69574,0,0.0,5477,1677,67897,0.01
3,69577,0,0.0,5478,1678,67899,0.01
13,69590,0,0.0,5479,1678,67912,0.01
13,69603,0,0.0,5480,1678,67925,0.01
6,69609,0,0.0,5481,1679,67930,0.01
13,69622,0,0.0,5482,1679,67943,0.01
13,69635,0,0.0,5483,1679,67956,0.01
13,69648,0,0.0,5484,1679,67969,0.01
13,69661,0,0.0,5485,1679,67982,0.01
13,69674,0,0.0,5486,1679,67995,0.01
13,69687,0,0.0,5487,1679,68008,0.01
13,69700,0,0.0,5488,1679,68021,0.01
13,69713,0,0.0,5489,1679,68034,0.01
13,69726,0,0.0,5490,1679,68047,0.01
13,69739,0,0.0,5491,1679,68060,0.01
13,69752,0,0.0,5492,1679,68073,0.01
13,69765,0,0.0,5493,1679,68086,0.01
13,69778,0,0.0,5494,1679,68099,0.01
13,69791,0,0.0,5495,1679,68112,0.01
13,69804,0,0.0,5496,1679,68125,0.01
13,69817,0,0.0,5497,1679,68138,0.01
14,69831,0,0.0,5498,1680,68151,0.01
13,69844,0,0.0,5499,1680,68164,0.01
13,69857,0,0.0,5500,1680,68177,0.01
13,69870,0,0.0,5501,1680,68190,0.01
13,69883,0,0.0,5502,1680,68203,0.01
13,69896,0,0.0,5503,1680,68216,0.01
13,69909,0,0.0,5504,1680,68229,0.01
13,69922,0,0.0,5505,1680,68242,0.01
10,69932,0,0.0,5506,1681,68251,0.01
13,69945,0,0.0,5507,1681,68264,0.01
13,69958,0,0.0,5508,1681,68277,0.01
13,69971,0,0.0,5509,1681,68290,0.01
13,69984,0,0.0,5510,1681,68303,0.01
13,69997,0,0.0,5511,1682,68315,0.01
13,70010,0,0.0,5512,1682,68328,0.01
13,70023,0,0.0,5513,1682,68341,0.01
13,70036,0,0.0,5514,1682,68354,0.01
13,70049,0,0.0,5515,1682,68367,0.01
13,70062,0,0.0,5516,1682,68380,0.01
13,70075,0,0.0,5517,1682,68393,0.01
13,70088,0,0.0,5518,1682,68406,0.01
13,70101,0,0.0,5519,1682,68419,0.01
13,70114,0,0.0,5520,1682,68432,0.01
15,70129,0,0.0,5521,1683,68446,0.01
13,70142,0,0.0,5522,1683,68459,0.01
13,70155,0,0.0,5523,1683,68472,0.01
13,70168,0,0.0,5524,1683,68485,0.01
13,70181,0,0.0,5525,1683,68498,0.01
13,70194,0,0.0,5526,1683,68511,0.01
13,70207,0,0.0,5527,1683,68524,0.01
13,70220,0,0.0,5528,1683,68537,0.01
13,70233,0,0.0,5529,1683,68550,0.01
13,70246,0,0.0,5530,1683,68563,0.01
13,70259,0,0.0,5531,1683,68576,0.01
13,70272,0,0.0,5532,1684,68588,0.01
13,70285,0,0.0,5533,1684,68601,0.01
13,70298,0,0.0,5534,1684,68614,0.01
13,70311,0,0.0,5535,1684,68627,0.01
14,70325,0,0.0,5536,1685,68640,0.01
13,70338,0,0.0,5537,1685,68653,0.01
13,70351,0,0.0,5538,1685,68666,0.01
13,70364,0,0.0,5539,1685,68679,0.01
13,70377,0,0.0,5540,1685,68692,0.01
13,70390,0,0.0,5541,1685,68705,0.01
13,70403,0,0.0,5542,1685,68718,0.01
13,70416,0,0.0,5543,1685,68731,0.01
8,70424,0,0.0,5544,1686,68738,0.01
13,70437,0,0.0,5545,1686,68751,0.01
13,70450,0,0.0,5546,1686,68764,0.01
13,70463,0,0.0,5547,1686,68777,0.01
14,70477,0,0.0,5548,1687,68790,0.01
13,70490,0,0.0,5549,1687,68803,0.01
13,70503,0,0.0,5550,1687,68816,0.01
13,70516,0,0.0,5551,1687,68829,0.01
13,70529,0,0.0,5552,1687,68842,0.01
13,70542,0,0.0,5553,1687,68855,0.01
13,70555,0,0.0,5554,1687,68868,0.01
13,70568,0,0.0,5555,1687,68881,0.01
13,70581,0,0.0,5556,1687,68894,0.01
9,70590,0,0.0,5557,1688,68902,0.01
13,70603,0,0.0,5558,1688,68915,0.01
13,70616,0,0.0,5559,1688,68928,0.01
13,70629,0,0.0,5560,1688,68941,0.01
6,70635,0,0.0,5561,1689,68946,0.01
13,70648,0,0.0,5562,1689,68959,0.01
13,70661,0,0.0,5563,1689,68972,0.01
13,70674,0,0.0,5564,1689,68985,0.01
13,70687,0,0.0,5565,1689,68998,0.01
13,70700,0,0.0,5566,1689,69011,0.01
13,70713,0,0.0,5567,1690,69023,0.01
13,70726,0,0.0,5568,1690,69036,0.01
13,70739,0,0.0,5569,1690,69049,0.01
13,70752,0,0.0,5570,1690,69062,0.01
13,70765,0,0.0,5571,1690,69075,0.01
13,70778,0,0.0,5572,1690,69088,0.01
13,70791,0,0.0,5573,1690,69101,0.01
13,70804,0,0.0,5574,1690,69114,0.01
13,70817,0,0.0,5575,1690,69127,0.01
13,70830,0,0.0,5576,1690,69140,0.01
11,70841,0,0.0,5577,1691,69150,0.01
13,70854,0,0.0,5578,1691,69163,0.01
13,70867,0,0.0,5579,1691,69176,0.01
13,70880,0,0.0,5580,1691,69189,0.01
13,70893,0,0.0,5581,1691,69202,0.01
13,70906,0,0.0,5582,1691,69215,0.01
13,70919,0,0.0,5583,1691,69228,0.01
13,70932,0,0.0,5584,1691,69241,0.01
13,70945,0,0.0,5585,1691,69254,0.01
13,70958,0,0.0,5586,1691,69267,0.01
13,70971,0,0.0,5587,1691,69280,0.01
13,70984,0,0.0,5588,1691,69293,0.01
13,70997,0,0.0,5589,1691,69306,0.01
13,71010,0,0.0,5590,1691,69319,0.01
13,71023,0,0.0,5591,1691,69332,0.01
13,71036,0,0.0,5592,1691,69345,0.01
13,71049,0,0.0,5593,1691,69358,0.01
2,71051,0,0.0,5594,1692,69359,0.01
13,71064,0,0.0,5595,1692,69372,0.01
13,71077,0,0.0,5596,1692,69385,0.01
13,71090,0,0.0,5597,1692,69398,0.01
13,71103,0,0.0,5598,1692,69411,0.01
13,71116,0,0.0,5599,1692,69424,0.01
13,71129,0,0.0,5600,1692,69437,0.01
13,71142,0,0.0,5601,1692,69450,0.01
13,71155,0,0.0,5602,1692,69463,0.01
14,71169,0,0.0,5603,1693,69476,0.01
13,71182,0,0.0,5604,1693,69489,0.01
13,71195,0,0.0,5605,1694,69501,0.01
13,71208,0,0.0,5606,1694,69514,0.01
13,71221,0,0.0,5607,1694,69527,0.01
13,71234,0,0.0,5608,1694,69540,0.01
13,71247,0,0.0,5609,1694,69553,0.01
13,71260,0,0.0,5610,1694,69566,0.01
13,71273,0,0.0,5611,1695,69578,0.01
13,71286,0,0.0,5612,1696,69590,0.01
13,71299,0,0.0,5613,1696,69603,0.01
13,71312,0,0.0,5614,1696,69616,0.01
13,71325,0,0.0,5615,1696,69629,0.01
13,71338,0,0.0,5616,1696,69642,0.01
13,71351,0,0.0,5617,1696,69655,0.01
13,71364,0,0.0,5618,1696,69668,0.01
13,71377,0,0.0,5619,1696,69681,0.01
13,71390,0,0.0,5620,1696,69694,0.01
13,71403,0,0.0,5621,1696,69707,0.01
13,71416,0,0.0,5622,1696,69720,0.01
6,71422,0,0.0,5623,1697,69725,0.01
13,71435,0,0.0,5624,1697,69738,0.01
13,71448,0,0.0,5625,1697,69751,0.01
14,71462,0,0.0,5626,1698,69764,0.01
13,71475,0,0.0,5627,1698,69777,0.01
13,71488,0,0.0,5628,1698,69790,0.01
13,71501,0,0.0,5629,1698,69803,0.01
10,71511,0,0.0,5630,1699,69812,0.01
13,71524,0,0.0,5631,1699,69825,0.01
13,71537,0,0.0,5632,1699,69838,0.01
13,71550,0,0.0,5633,1699,69851,0.01
13,71563,0,0.0,5634,1699,69864,0.01
13,71576,0,0.0,5635,1699,69877,0.01
13,71589,0,0.0,5636,1699,69890,0.01
13,71602,0,0.0,5637,1699,69903,0.01
13,71615,0,0.0,5638,1699,69916,0.01
13,71628,0,0.0,5639,1699,69929,0.01
13,71641,0,0.0,5640,1699,69942,0.01
13,71654,0,0.0,5641,1699,69955,0.01
13,71667,0,0.0,5642,1699,69968,0.01
13,71680,0,0.0,5643,1699,69981,0.01
13,71693,0,0.0,5644,1699,69994,0.01
13,71706,0,0.0,5645,1699,70007,0.01
13,71719,0,0.0,5646,1700,70019,0.01
13,71732,0,0.0,5647,1700,70032,0.01
13,71745,0,0.0,5648,1700,70045,0.01
13,71758,0,0.0,5649,1700,70058,0.01
13,71771,0,0.0,5650,1700,70071,0.01
13,71784,0,0.0,5651,1700,70084,0.01
13,71797,0,0.0,5652,1700,70097,0.01
13,71810,0,0.0,5653,1701,70109,0.01
13,71823,0,0.0,5654,1701,70122,0.01
13,71836,0,0.0,5655,1701,70135,0.01
13,71849,0,0.0,5656,1701,70148,0.01
13,71862,0,0.0,5657,1701,70161,0.01
13,71875,0,0.0,5658,1701,70174,0.01
13,71888,0,0.0,5659,1701,70187,0.01
13,71901,0,0.0,5660,1701,70200,0.01
13,71914,0,0.0,5661,1701,70213,0.01
13,71927,0,0.0,5662,1702,70225,0.01
13,71940,0,0.0,5663,1702,70238,0.01
13,71953,0,0.0,5664,1702,70251,0.01
13,71966,0,0.0,5665,1702,70264,0.01
13,71979,0,0.0,5666,1702,70277,0.01
13,71992,0,0.0,5667,1702,70290,0.01
13,72005,0,0.0,5668,1702,70303,0.01
13,72018,0,0.0,5669,1702,70316,0.01
13,72031,0,0.0,5670,1702,70329,0.01
13,72044,0,0.0,5671,1702,70342,0.01
13,72057,0,0.0,5672,1702,70355,0.01
13,72070,0,0.0,5673,1703,70367,0.01
13,72083,0,0.0,5674,1703,70380,0.01
13,72096,0,0.0,5675,1703,70393,0.01
13,72109,0,0.0,5676,1703,70406,0.01
13,72122,0,0.0,5677,1703,70419,0.01
13,72135,0,0.0,5678,1703,70432,0.01
13,72148,0,0.0,5679,1703,70445,0.01
13,72161,0,0.0,5680,1703,70458,0.01
13,72174,0,0.0,5681,1703,70471,0.01
13,72187,0,0.0,5682,1703,70484,0.01
13,72200,0,0.0,5683,1703,70497,0.01
13,72213,0,0.0,5684,1703,70510,0.01
13,72226,0,0.0,5685,1703,70523,0.01
13,72239,0,0.0,5686,1703,70536,0.01
13,72252,0,0.0,5687,1703,70549,0.01
13,72265,0,0.0,5688,1703,70562,0.01
13,72278,0,0.0,5689,1703,70575,0.01
13,72291,0,0.0,5690,1703,70588,0.01
13,72304,0,0.0,5691,1703,70601,0.01
13,72317,0,0.0,5692,1703,70614,0.01
13,72330,0,0.0,5693,1703,70627,0.01
13,72343,0,0.0,5694,1703,70640,0.01
13,72356,0,0.0,5695,1703,70653,0.01
13,72369,0,0.0,5696,1703,70666,0.01
13,72382,0,0.0,5697,1703,70679,0.01
13,72395,0,0.0,5698,1703,70692,0.01
13,72408,0,0.0,5699,1703,70705,0.01
13,72421,0,0.0,5700,1703,70718,0.01
13,72434,0,0.0,5701,1703,70731,0.01
13,72447,0,0.0,5702,1703,70744,0.01
13,72460,0,0.0,5703,1703,70757,0.01
13,72473,0,0.0,5704,1703,70770,0.01
13,72486,0,0.0,5705,1703,70783,0.01
13,72499,0,0.0,5706,1703,70796,0.01
13,72512,0,0.0,5707,1703,70809,0.01
13,72525,0,0.0,5708,1703,70822,0.01
13,72538,0,0.0,5709,1703,70835,0.01
13,72551,0,0.0,5710,1703,70848,0.01
13,72564,0,0.0,5711,1703,70861,0.01
13,72577,0,0.0,5712,1703,70874,0.01
13,72590,0,0.0,5713,1703,70887,0.01
13,72603,0,0.0,5714,1703,70900,0.01
13,72616,0,0.0,5715,1703,70913,0.01
13,72629,0,0.0,5716,1703,70926,0.01
13,72642,0,0.0,5717,1703,70939,0.01
13,72655,0,0.0,5718,1703,70952,0.01
13,72668,0,0.0,5719,1703,70965,0.01
13,72681,0,0.0,5720,1703,70978,0.01
13,72694,0,0.0,5721,1703,70991,0.01
13,72707,0,0.0,5722,1703,71004,0.01
13,72720,0,0.0,5723,1703,71017,0.01
13,72733,0,0.0,5724,1703,71030,0.01
13,72746,0,0.0,5725,1703,71043,0.01
13,72759,0,0.0,5726,1703,71056,0.01
13,72772,0,0.0,5727,1705,71067,0.01
13,72785,0,0.0,5728,1705,71080,0.01
13,72798,0,0.0,5729,1705,71093,0.01
13,72811,0,0.0,5730,1705,71106,0.01
13,72824,0,0.0,5731,1705,71119,0.01
13,72837,0,0.0,5732,1705,71132,0.01
13,72850,0,0.0,5733,1705,71145,0.01
13,72863,0,0.0,5734,1705,71158,0.01
13,72876,0,0.0,5735,1705,71171,0.01
13,72889,0,0.0,5736,1705,71184,0.01
13,72902,0,0.0,5737,1705,71197,0.01
13,72915,0,0.0,5738,1705,71210,0.01
13,72928,0,0.0,5739,1705,71223,0.01
13,72941,0,0.0,5740,1705,71236,0.01
13,72954,0,0.0,5741,1705,71249,0.01
13,72967,0,0.0,5742,1705,71262,0.01
13,72980,0,0.0,5743,1705,71275,0.01
13,72993,0,0.0,5744,1705,71288,0.01
13,73006,0,0.0,5745,1705,71301,0.01
13,73019,0,0.0,5746,1705,71314,0.01
13,73032,0,0.0,5747,1705,71327,0.01
13,73045,0,0.0,5748,1705,71340,0.01
13,73058,0,0.0,5749,1706,71352,0.01
13,73071,0,0.0,5750,1706,71365,0.01
13,73084,0,0.0,5751,1706,71378,0.01
13,73097,0,0.0,5752,1707,71390,0.01
13,73110,0,0.0,5753,1707,71403,0.01
13,73123,0,0.0,5754,1707,71416,0.01
13,73136,0,0.0,5755,1707,71429,0.01
13,73149,0,0.0,5756,1707,71442,0.01
13,73162,0,0.0,5757,1707,71455,0.01
13,73175,0,0.0,5758,1707,71468,0.01
13,73188,0,0.0,5759,1707,71481,0.01
13,73201,0,0.0,5760,1707,71494,0.01
13,73214,0,0.0,5761,1707,71507,0.01
13,73227,0,0.0,5762,1707,71520,0.01
13,73240,0,0.0,5763,1707,71533,0.01
6,73246,0,0.0,5764,1708,71538,0.01
13,73259,0,0.0,5765,1708,71551,0.01
13,73272,0,0.0,5766,1708,71564,0.01
13,73285,0,0.0,5767,1708,71577,0.01
13,73298,0,0.0,5768,1708,71590,0.01
13,73311,0,0.0,5769,1708,71603,0.01
13,73324,0,0.0,5770,1708,71616,0.01
13,73337,0,0.0,5771,1708,71629,0.01
13,73350,0,0.0,5772,1708,71642,0.01
9,73359,0,0.0,5773,1709,71650,0.01
13,73372,0,0.0,5774,1709,71663,0.01
13,73385,0,0.0,5775,1709,71676,0.01
13,73398,0,0.0,5776,1709,71689,0.01
13,73411,0,0.0,5777,1710,71701,0.01
13,73424,0,0.0,5778,1710,71714,0.01
13,73437,0,0.0,5779,1710,71727,0.01
10,73447,0,0.0,5780,1711,71736,0.01
13,73460,0,0.0,5781,1711,71749,0.01
13,73473,0,0.0,5782,1711,71762,0.01
13,73486,0,0.0,5783,1711,71775,0.01
13,73499,0,0.0,5784,1711,71788,0.01
13,73512,0,0.0,5785,1711,71801,0.01
14,73526,0,0.0,5786,1712,71814,0.01
13,73539,0,0.0,5787,1712,71827,0.01
13,73552,0,0.0,5788,1712,71840,0.01
13,73565,0,0.0,5789,1712,71853,0.01
13,73578,0,0.0,5790,1712,71866,0.01
13,73591,0,0.0,5791,1712,71879,0.01
13,73604,0,0.0,5792,1712,71892,0.01
13,73617,0,0.0,5793,1712,71905,0.01
13,73630,0,0.0,5794,1712,71918,0.01
12,73642,0,0.0,5795,1714,71928,0.01
13,73655,0,0.0,5796,1714,71941,0.01
13,73668,0,0.0,5797,1714,71954,0.01
13,73681,0,0.0,5798,1714,71967,0.01
13,73694,0,0.0,5799,1714,71980,0.01
13,73707,0,0.0,5800,1714,71993,0.01
13,73720,0,0.0,5801,1715,72005,0.01
13,73733,0,0.0,5802,1715,72018,0.01
13,73746,0,0.0,5803,1715,72031,0.01
13,73759,0,0.0,5804,1715,72044,0.01
13,73772,0,0.0,5805,1715,72057,0.01
13,73785,0,0.0,5806,1715,72070,0.01
13,73798,0,0.0,5807,1715,72083,0.01
13,73811,0,0.0,5808,1715,72096,0.01
13,73824,0,0.0,5809,1715,72109,0.01
13,73837,0,0.0,5810,1717,72120,0.01
13,73850,0,0.0,5811,1717,72133,0.01
13,73863,0,0.0,5812,1717,72146,0.01
13,73876,0,0.0,5813,1717,72159,0.01
13,73889,0,0.0,5814,1717,72172,0.01
13,73902,0,0.0,5815,1717,72185,0.01
13,73915,0,0.0,5816,1717,72198,0.01
13,73928,0,0.0,5817,1717,72211,0.01
13,73941,0,0.0,5818,1718,72223,0.01
14,73955,0,0.0,5819,1719,72236,0.01
13,73968,0,0.0,5820,1719,72249,0.01
13,73981,0,0.0,5821,1719,72262,0.01
13,73994,0,0.0,5822,1719,72275,0.01
13,74007,0,0.0,5823,1719,72288,0.01
13,74020,0,0.0,5824,1719,72301,0.01
13,74033,0,0.0,5825,1719,72314,0.01
13,74046,0,0.0,5826,1719,72327,0.01
13,74059,0,0.0,5827,1719,72340,0.01
13,74072,0,0.0,5828,1719,72353,0.01
13,74085,0,0.0,5829,1719,72366,0.01
13,74098,0,0.0,5830,1719,72379,0.01
13,74111,0,0.0,5831,1719,72392,0.01
13,74124,0,0.0,5832,1719,72405,0.01
13,74137,0,0.0,5833,1719,72418,0.01
14,74151,0,0.0,5834,1720,72431,0.01
14,74165,0,0.0,5835,1721,72444,0.01
13,74178,0,0.0,5836,1721,72457,0.01
13,74191,0,0.0,5837,1721,72470,0.01
13,74204,0,0.0,5838,1721,72483,0.01
13,74217,0,0.0,5839,1722,72495,0.01
13,74230,0,0.0,5840,1722,72508,0.01
13,74243,0,0.0,5841,1722,72521,0.01
13,74256,0,0.0,5842,1722,72534,0.01
13,74269,0,0.0,5843,1722,72547,0.01
13,74282,0,0.0,5844,1722,72560,0.01
13,74295,0,0.0,5845,1722,72573,0.01
13,74308,0,0.0,5846,1722,72586,0.01
13,74321,0,0.0,5847,1722,72599,0.01
13,74334,0,0.0,5848,1722,72612,0.01
13,74347,0,0.0,5849,1722,72625,0.01
12,74359,0,0.0,5850,1723,72636,0.01
13,74372,0,0.0,5851,1723,72649,0.01
13,74385,0,0.0,5852,1723,72662,0.01
13,74398,0,0.0,5853,1723,72675,0.01
13,74411,0,0.0,5854,1723,72688,0.01
13,74424,0,0.0,5855,1723,72701,0.01
13,74437,0,0.0,5856,1723,72714,0.01
13,74450,0,0.0,5857,1723,72727,0.01
13,74463,0,0.0,5858,1723,72740,0.01
13,74476,0,0.0,5859,1723,72753,0.01
13,74489,0,0.0,5860,1723,72766,0.01
13,74502,0,0.0,5861,1723,72779,0.01
13,74515,0,0.0,5862,1723,72792,0.01
13,74528,0,0.0,5863,1723,72805,0.01
13,74541,0,0.0,5864,1723,72818,0.01
13,74554,0,0.0,5865,1723,72831,0.01
13,74567,0,0.0,5866,1724,72843,0.01
10,74577,0,0.0,5867,1725,72852,0.01
13,74590,0,0.0,5868,1725,72865,0.01
13,74603,0,0.0,5869,1725,72878,0.01
13,74616,0,0.0,5870,1726,72890,0.01
13,74629,0,0.0,5871,1726,72903,0.01
13,74642,0,0.0,5872,1726,72916,0.01
13,74655,0,0.0,5873,1726,72929,0.01
13,74668,0,0.0,5874,1726,72942,0.01
13,74681,0,0.0,5875,1726,72955,0.01
13,74694,0,0.0,5876,1726,72968,0.01
13,74707,0,0.0,5877,1726,72981,0.01
13,74720,0,0.0,5878,1726,72994,0.01
13,74733,0,0.0,5879,1726,73007,0.01
13,74746,0,0.0,5880,1727,73019,0.01
13,74759,0,0.0,5881,1727,73032,0.01
13,74772,0,0.0,5882,1727,73045,0.01
13,74785,0,0.0,5883,1727,73058,0.01
13,74798,0,0.0,5884,1727,73071,0.01
13,74811,0,0.0,5885,1727,73084,0.01
13,74824,0,0.0,5886,1727,73097,0.01
13,74837,0,0.0,5887,1727,73110,0.01
13,74850,0,0.0,5888,1727,73123,0.01
13,74863,0,0.0,5889,1727,73136,0.01
13,74876,0,0.0,5890,1727,73149,0.01
13,74889,0,0.0,5891,1727,73162,0.01
13,74902,0,0.0,5892,1727,73175,0.01
13,74915,0,0.0,5893,1727,73188,0.01
13,74928,0,0.0,5894,1727,73201,0.01
13,74941,0,0.0,5895,1727,73214,0.01
13,74954,0,0.0,5896,1727,73227,0.01
13,74967,0,0.0,5897,1727,73240,0.01
14,74981,0,0.0,5898,1728,73253,0.01
13,74994,0,0.0,5899,1728,73266,0.01
13,75007,0,0.0,5900,1728,73279,0.01
13,75020,0,0.0,5901,1728,73292,0.01
13,75033,0,0.0,5902,1728,73305,0.01
13,75046,0,0.0,5903,1728,73318,0.01
13,75059,0,0.0,5904,1728,73331,0.01
13,75072,0,0.0,5905,1728,73344,0.01
13,75085,0,0.0,5906,1728,73357,0.01
13,75098,0,0.0,5907,1728,73370,0.01
13,75111,0,0.0,5908,1728,73383,0.01
13,75124,0,0.0,5909,1729,73395,0.01
13,75137,0,0.0,5910,1730,73407,0.01
13,75150,0,0.0,5911,1730,73420,0.01
13,75163,0,0.0,5912,1731,73432,0.01
6,75169,0,0.0,5913,1732,73437,0.01
13,75182,0,0.0,5914,1732,73450,0.01
13,75195,0,0.0,5915,1732,73463,0.01
13,75208,0,0.0,5916,1732,73476,0.01
13,75221,0,0.0,5917,1732,73489,0.01
13,75234,0,0.0,5918,1733,73501,0.01
13,75247,0,0.0,5919,1733,73514,0.01
13,75260,0,0.0,5920,1733,73527,0.01
13,75273,0,0.0,5921,1734,73539,0.01
13,75286,0,0.0,5922,1734,73552,0.01
13,75299,0,0.0,5923,1734,73565,0.01
13,75312,0,0.0,5924,1734,73578,0.01
15,75327,0,0.0,5925,1735,73592,0.01
13,75340,0,0.0,5926,1735,73605,0.01
13,75353,0,0.0,5927,1735,73618,0.01
6,75359,0,0.0,5928,1736,73623,0.01
13,75372,0,0.0,5929,1736,73636,0.01
13,75385,0,0.0,5930,1736,73649,0.01
13,75398,0,0.0,5931,1736,73662,0.01
13,75411,0,0.0,5932,1736,73675,0.01
13,75424,0,0.0,5933,1736,73688,0.01
13,75437,0,0.0,5934,1736,73701,0.01
13,75450,0,0.0,5935,1736,73714,0.01
10,75460,0,0.0,5936,1737,73723,0.01
13,75473,0,0.0,5937,1737,73736,0.01
8,75481,0,0.0,5938,1738,73743,0.01
13,75494,0,0.0,5939,1738,73756,0.01
13,75507,0,0.0,5940,1738,73769,0.01
13,75520,0,0.0,5941,1738,73782,0.01
13,75533,0,0.0,5942,1738,73795,0.01
13,75546,0,0.0,5943,1738,73808,0.01
13,75559,0,0.0,5944,1738,73821,0.01
13,75572,0,0.0,5945,1738,73834,0.01
13,75585,0,0.0,5946,1738,73847,0.01
13,75598,0,0.0,5947,1738,73860,0.01
13,75611,0,0.0,5948,1738,73873,0.01
13,75624,0,0.0,5949,1738,73886,0.01
13,75637,0,0.0,5950,1738,73899,0.01
10,75647,0,0.0,5951,1739,73908,0.01
13,75660,0,0.0,5952,1739,73921,0.01
13,75673,0,0.0,5953,1739,73934,0.01
13,75686,0,0.0,5954,1739,73947,0.01
13,75699,0,0.0,5955,1739,73960,0.01
13,75712,0,0.0,5956,1739,73973,0.01
13,75725,0,0.0,5957,1739,73986,0.01
13,75738,0,0.0,5958,1739,73999,0.01
13,75751,0,0.0,5959,1739,74012,0.01
13,75764,0,0.0,5960,1739,74025,0.01
13,75777,0,0.0,5961,1739,74038,0.01
13,75790,0,0.0,5962,1739,74051,0.01
13,75803,0,0.0,5963,1739,74064,0.01
13,75816,0,0.0,5964,1739,74077,0.01
13,75829,0,0.0,5965,1739,74090,0.01
13,75842,0,0.0,5966,1739,74103,0.01
14,75856,0,0.0,5967,1741,74115,0.01
13,75869,0,0.0,5968,1741,74128,0.01
13,75882,0,0.0,5969,1741,74141,0.01
13,75895,0,0.0,5970,1741,74154,0.01
13,75908,0,0.0,5971,1741,74167,0.01
13,75921,0,0.0,5972,1741,74180,0.01
13,75934,0,0.0,5973,1741,74193,0.01
13,75947,0,0.0,5974,1741,74206,0.01
13,75960,0,0.0,5975,1741,74219,0.01
13,75973,0,0.0,5976,1741,74232,0.01
13,75986,0,0.0,5977,1741,74245,0.01
13,75999,0,0.0,5978,1741,74258,0.01
13,76012,0,0.0,5979,1741,74271,0.01
14,76026,0,0.0,5980,1742,74284,0.01
13,76039,0,0.0,5981,1742,74297,0.01
13,76052,0,0.0,5982,1742,74310,0.01
13,76065,0,0.0,5983,1742,74323,0.01
13,76078,0,0.0,5984,1742,74336,0.01
13,76091,0,0.0,5985,1742,74349,0.01
13,76104,0,0.0,5986,1742,74362,0.01
13,76117,0,0.0,5987,1742,74375,0.01
13,76130,0,0.0,5988,1742,74388,0.01
13,76143,0,0.0,5989,1742,74401,0.01
13,76156,0,0.0,5990,1742,74414,0.01
13,76169,0,0.0,5991,1742,74427,0.01
13,76182,0,0.0,5992,1742,74440,0.01
15,76197,0,0.0,5993,1743,74454,0.01
13,76210,0,0.0,5994,1743,74467,0.01
13,76223,0,0.0,5995,1743,74480,0.01
13,76236,0,0.0,5996,1743,74493,0.01
13,76249,0,0.0,5997,1743,74506,0.01
13,76262,0,0.0,5998,1743,74519,0.01
13,76275,0,0.0,5999,1743,74532,0.01
13,76288,0,0.0,6000,1743,74545,0.01
10,76298,0,0.0,6001,1744,74554,0.01
13,76311,0,0.0,6002,1744,74567,0.01
13,76324,0,0.0,6003,1744,74580,0.01
13,76337,0,0.0,6004,1744,74593,0.01
13,76350,0,0.0,6005,1744,74606,0.01
13,76363,0,0.0,6006,1744,74619,0.01
13,76376,0,0.0,6007,1744,74632,0.01
13,76389,0,0.0,6008,1744,74645,0.01
13,76402,0,0.0,6009,1744,74658,0.01
12,76414,0,0.0,6010,1745,74669,0.01
13,76427,0,0.0,6011,1745,74682,0.01
13,76440,0,0.0,6012,1745,74695,0.01
13,76453,0,0.0,6013,1745,74708,0.01
13,76466,0,0.0,6014,1745,74721,0.01
13,76479,0,0.0,6015,1745,74734,0.01
13,76492,0,0.0,6016,1745,74747,0.01
13,76505,0,0.0,6017,1745,74760,0.01
13,76518,0,0.0,6018,1745,74773,0.01
13,76531,0,0.0,6019,1745,74786,0.01
13,76544,0,0.0,6020,1745,74799,0.01
13,76557,0,0.0,6021,1745,74812,0.01
13,76570,0,0.0,6022,1745,74825,0.01
13,76583,0,0.0,6023,1745,74838,0.01
13,76596,0,0.0,6024,1745,74851,0.01
13,76609,0,0.0,6025,1745,74864,0.01
13,76622,0,0.0,6026,1745,74877,0.01
13,76635,0,0.0,6027,1745,74890,0.01
13,76648,0,0.0,6028,1746,74902,0.01
13,76661,0,0.0,6029,1746,74915,0.01
13,76674,0,0.0,6030,1746,74928,0.01
13,76687,0,0.0,6031,1746,74941,0.01
14,76701,0,0.0,6032,1747,74954,0.01
13,76714,0,0.0,6033,1747,74967,0.01
13,76727,0,0.0,6034,1747,74980,0.01
13,76740,0,0.0,6035,1747,74993,0.01
13,76753,0,0.0,6036,1747,75006,0.01
13,76766,0,0.0,6037,1747,75019,0.01
13,76779,0,0.0,6038,1747,75032,0.01
13,76792,0,0.0,6039,1747,75045,0.01
13,76805,0,0.0,6040,1747,75058,0.01
13,76818,0,0.0,6041,1748,75070,0.01
13,76831,0,0.0,6042,1748,75083,0.01
10,76841,0,0.0,6043,1749,75092,0.01
17,76858,0,0.0,6044,1751,75107,0.01
13,76871,0,0.0,6045,1751,75120,0.01
13,76884,0,0.0,6046,1751,75133,0.01
13,76897,0,0.0,6047,1751,75146,0.01
13,76910,0,0.0,6048,1751,75159,0.01
13,76923,0,0.0,6049,1751,75172,0.01
13,76936,0,0.0,6050,1751,75185,0.01
13,76949,0,0.0,6051,1751,75198,0.01
13,76962,0,0.0,6052,1751,75211,0.01
13,76975,0,0.0,6053,1751,75224,0.01
13,76988,0,0.0,6054,1751,75237,0.01
13,77001,0,0.0,6055,1751,75250,0.01
13,77014,0,0.0,6056,1751,75263,0.01
13,77027,0,0.0,6057,1751,75276,0.01
13,77040,0,0.0,6058,1751,75289,0.01
13,77053,0,0.0,6059,1751,75302,0.01
13,77066,0,0.0,6060,1751,75315,0.01
13,77079,0,0.0,6061,1751,75328,0.01
13,77092,0,0.0,6062,1751,75341,0.01
13,77105,0,0.0,6063,1751,75354,0.01
13,77118,0,0.0,6064,1751,75367,0.01
10,77128,0,0.0,6065,1752,75376,0.01
13,77141,0,0.0,6066,1752,75389,0.01
13,77154,0,0.0,6067,1752,75402,0.01
13,77167,0,0.0,6068,1752,75415,0.01
13,77180,0,0.0,6069,1752,75428,0.01
13,77193,0,0.0,6070,1752,75441,0.01
13,77206,0,0.0,6071,1753,75453,0.01
11,77217,0,0.0,6072,1754,75463,0.01
13,77230,0,0.0,6073,1754,75476,0.01
13,77243,0,0.0,6074,1755,75488,0.01
13,77256,0,0.0,6075,1755,75501,0.01
13,77269,0,0.0,6076,1755,75514,0.01
13,77282,0,0.0,6077,1755,75527,0.01
13,77295,0,0.0,6078,1755,75540,0.01
13,77308,0,0.0,6079,1755,75553,0.01
13,77321,0,0.0,6080,1755,75566,0.01
10,77331,0,0.0,6081,1756,75575,0.01
13,77344,0,0.0,6082,1756,75588,0.01
13,77357,0,0.0,6083,1756,75601,0.01
10,77367,0,0.0,6084,1757,75610,0.01
13,77380,0,0.0,6085,1757,75623,0.01
13,77393,0,0.0,6086,1757,75636,0.01
13,77406,0,0.0,6087,1757,75649,0.01
13,77419,0,0.0,6088,1758,75661,0.01
13,77432,0,0.0,6089,1758,75674,0.01
13,77445,0,0.0,6090,1758,75687,0.01
13,77458,0,0.0,6091,1758,75700,0.01
13,77471,0,0.0,6092,1759,75712,0.01
13,77484,0,0.0,6093,1759,75725,0.01
13,77497,0,0.0,6094,1759,75738,0.01
13,77510,0,0.0,6095,1759,75751,0.01
13,77523,0,0.0,6096,1759,75764,0.01
13,77536,0,0.0,6097,1759,75777,0.01
13,77549,0,0.0,6098,1759,75790,0.01
13,77562,0,0.0,6099,1759,75803,0.01
13,77575,0,0.0,6100,1759,75816,0.01
13,77588,0,0.0,6101,1759,75829,0.01
13,77601,0,0.0,6102,1759,75842,0.01
13,77614,0,0.0,6103,1759,75855,0.01
13,77627,0,0.0,6104,1759,75868,0.01
13,77640,0,0.0,6105,1759,75881,0.01
13,77653,0,0.0,6106,1759,75894,0.01
13,77666,0,0.0,6107,1759,75907,0.01
13,77679,0,0.0,6108,1760,75919,0.01
13,77692,0,0.0,6109,1760,75932,0.01
13,77705,0,0.0,6110,1760,75945,0.01
13,77718,0,0.0,6111,1760,75958,0.01
13,77731,0,0.0,6112,1760,75971,0.01
13,77744,0,0.0,6113,1760,75984,0.01
10,77754,0,0.0,6114,1761,75993,0.01
13,77767,0,0.0,6115,1761,76006,0.01
13,77780,0,0.0,6116,1761,76019,0.01
13,77793,0,0.0,6117,1761,76032,0.01
13,77806,0,0.0,6118,1761,76045,0.01
13,77819,0,0.0,6119,1761,76058,0.01
13,77832,0,0.0,6120,1761,76071,0.01
13,77845,0,0.0,6121,1761,76084,0.01
13,77858,0,0.0,6122,1761,76097,0.01
13,77871,0,0.0,6123,1761,76110,0.01
13,77884,0,0.0,6124,1761,76123,0.01
13,77897,0,0.0,6125,1762,76135,0.01
13,77910,0,0.0,6126,1762,76148,0.01
13,77923,0,0.0,6127,1762,76161,0.01
13,77936,0,0.0,6128,1762,76174,0.01
13,77949,0,0.0,6129,1762,76187,0.01
13,77962,0,0.0,6130,1762,76200,0.01
13,77975,0,0.0,6131,1762,76213,0.01
13,77988,0,0.0,6132,1763,76225,0.01
13,78001,0,0.0,6133,1764,76237,0.01
13,78014,0,0.0,6134,1764,76250,0.01
13,78027,0,0.0,6135,1764,76263,0.01
13,78040,0,0.0,6136,1765,76275,0.01
13,78053,0,0.0,6137,1765,76288,0.01
13,78066,0,0.0,6138,1765,76301,0.01
13,78079,0,0.0,6139,1765,76314,0.01
13,78092,0,0.0,6140,1765,76327,0.01
13,78105,0,0.0,6141,1765,76340,0.01
13,78118,0,0.0,6142,1765,76353,0.01
14,78132,0,0.0,6143,1766,76366,0.01
13,78145,0,0.0,6144,1766,76379,0.01
13,78158,0,0.0,6145,1766,76392,0.01
13,78171,0,0.0,6146,1766,76405,0.01
13,78184,0,0.0,6147,1766,76418,0.01
13,78197,0,0.0,6148,1766,76431,0.01
13,78210,0,0.0,6149,1766,76444,0.01
13,78223,0,0.0,6150,1766,76457,0.01
13,78236,0,0.0,6151,1766,76470,0.01
13,78249,0,0.0,6152,1766,76483,0.01
13,78262,0,0.0,6153,1766,76496,0.01
13,78275,0,0.0,6154,1766,76509,0.01
13,78288,0,0.0,6155,1766,76522,0.01
13,78301,0,0.0,6156,1766,76535,0.01
13,78314,0,0.0,6157,1766,76548,0.01
13,78327,0,0.0,6158,1766,76561,0.01
13,78340,0,0.0,6159,1766,76574,0.01
13,78353,0,0.0,6160,1766,76587,0.01
13,78366,0,0.0,6161,1766,76600,0.01
13,78379,0,0.0,6162,1766,76613,0.01
13,78392,0,0.0,6163,1766,76626,0.01
13,78405,0,0.0,6164,1766,76639,0.01
13,78418,0,0.0,6165,1766,76652,0.01
13,78431,0,0.0,6166,1766,76665,0.01
13,78444,0,0.0,6167,1767,76677,0.01
13,78457,0,0.0,6168,1767,76690,0.01
13,78470,0,0.0,6169,1767,76703,0.01
13,78483,0,0.0,6170,1767,76716,0.01
13,78496,0,0.0,6171,1767,76729,0.01
13,78509,0,0.0,6172,1768,76741,0.01
13,78522,0,0.0,6173,1768,76754,0.01
13,78535,0,0.0,6174,1768,76767,0.01
13,78548,0,0.0,6175,1768,76780,0.01
13,78561,0,0.0,6176,1768,76793,0.01
13,78574,0,0.0,6177,1768,76806,0.01
10,78584,0,0.0,6178,1769,76815,0.01
13,78597,0,0.0,6179,1770,76827,0.01
13,78610,0,0.0,6180,1770,76840,0.01
13,78623,0,0.0,6181,1770,76853,0.01
13,78636,0,0.0,6182,1770,76866,0.01
13,78649,0,0.0,6183,1770,76879,0.01
13,78662,0,0.0,6184,1771,76891,0.01
13,78675,0,0.0,6185,1771,76904,0.01
13,78688,0,0.0,6186,1771,76917,0.01
13,78701,0,0.0,6187,1771,76930,0.01
13,78714,0,0.0,6188,1771,76943,0.01
13,78727,0,0.0,6189,1771,76956,0.01
13,78740,0,0.0,6190,1771,76969,0.01
13,78753,0,0.0,6191,1771,76982,0.01
13,78766,0,0.0,6192,1771,76995,0.01
2,78768,0,0.0,6193,1772,76996,0.01
13,78781,0,0.0,6194,1772,77009,0.01
13,78794,0,0.0,6195,1772,77022,0.01
13,78807,0,0.0,6196,1772,77035,0.01
13,78820,0,0.0,6197,1772,77048,0.01
13,78833,0,0.0,6198,1772,77061,0.01
13,78846,0,0.0,6199,1772,77074,0.01
13,78859,0,0.0,6200,1772,77087,0.01
13,78872,0,0.0,6201,1772,77100,0.01
13,78885,0,0.0,6202,1772,77113,0.01
13,78898,0,0.0,6203,1772,77126,0.01
13,78911,0,0.0,6204,1772,77139,0.01
13,78924,0,0.0,6205,1772,77152,0.01
13,78937,0,0.0,6206,1772,77165,0.01
13,78950,0,0.0,6207,1772,77178,0.01
13,78963,0,0.0,6208,1772,77191,0.01
10,78973,0,0.0,6209,1773,77200,0.01
13,78986,0,0.0,6210,1773,77213,0.01
13,78999,0,0.0,6211,1774,77225,0.01
13,79012,0,0.0,6212,1774,77238,0.01
13,79025,0,0.0,6213,1774,77251,0.01
13,79038,0,0.0,6214,1774,77264,0.01
13,79051,0,0.0,6215,1774,77277,0.01
13,79064,0,0.0,6216,1775,77289,0.01
13,79077,0,0.0,6217,1775,77302,0.01
13,79090,0,0.0,6218,1775,77315,0.01
13,79103,0,0.0,6219,1775,77328,0.01
13,79116,0,0.0,6220,1775,77341,0.01
13,79129,0,0.0,6221,1776,77353,0.01
13,79142,0,0.0,6222,1777,77365,0.01
13,79155,0,0.0,6223,1777,77378,0.01
13,79168,0,0.0,6224,1777,77391,0.01
13,79181,0,0.0,6225,1777,77404,0.01
13,79194,0,0.0,6226,1777,77417,0.01
13,79207,0,0.0,6227,1777,77430,0.01
13,79220,0,0.0,6228,1777,77443,0.01
13,79233,0,0.0,6229,1777,77456,0.01
13,79246,0,0.0,6230,1777,77469,0.01
13,79259,0,0.0,6231,1777,77482,0.01
13,79272,0,0.0,6232,1777,77495,0.01
13,79285,0,0.0,6233,1777,77508,0.01
13,79298,0,0.0,6234,1777,77521,0.01
13,79311,0,0.0,6235,1777,77534,0.01
13,79324,0,0.0,6236,1777,77547,0.01
13,79337,0,0.0,6237,1777,77560,0.01
13,79350,0,0.0,6238,1777,77573,0.01
13,79363,0,0.0,6239,1777,77586,0.01
13,79376,0,0.0,6240,1777,77599,0.01
13,79389,0,0.0,6241,1777,77612,0.01
13,79402,0,0.0,6242,1777,77625,0.01
13,79415,0,0.0,6243,1778,77637,0.01
15,79430,0,0.0,6244,1779,77651,0.01
13,79443,0,0.0,6245,1779,77664,0.01
13,79456,0,0.0,6246,1779,77677,0.01
13,79469,0,0.0,6247,1779,77690,0.01
13,79482,0,0.0,6248,1779,77703,0.01
13,79495,0,0.0,6249,1779,77716,0.01
13,79508,0,0.0,6250,1779,77729,0.01
13,79521,0,0.0,6251,1779,77742,0.01
13,79534,0,0.0,6252,1779,77755,0.01
15,79549,0,0.0,6253,1780,77769,0.01
13,79562,0,0.0,6254,1780,77782,0.01
13,79575,0,0.0,6255,1780,77795,0.01
13,79588,0,0.0,6256,1780,77808,0.01
13,79601,0,0.0,6257,1780,77821,0.01
13,79614,0,0.0,6258,1780,77834,0.01
13,79627,0,0.0,6259,1780,77847,0.01
13,79640,0,0.0,6260,1780,77860,0.01
13,79653,0,0.0,6261,1780,77873,0.01
13,79666,0,0.0,6262,1780,77886,0.01
13,79679,0,0.0,6263,1780,77899,0.01
14,79693,0,0.0,6264,1781,77912,0.01
13,79706,0,0.0,6265,1781,77925,0.01
13,79719,0,0.0,6266,1781,77938,0.01
13,79732,0,0.0,6267,1781,77951,0.01
13,79745,0,0.0,6268,1781,77964,0.01
10,79755,0,0.0,6269,1782,77973,0.01
13,79768,0,0.0,6270,1782,77986,0.01
13,79781,0,0.0,6271,1782,77999,0.01
13,79794,0,0.0,6272,1782,78012,0.01
13,79807,0,0.0,6273,1782,78025,0.01
13,79820,0,0.0,6274,1782,78038,0.01
13,79833,0,0.0,6275,1782,78051,0.01
13,79846,0,0.0,6276,1782,78064,0.01
13,79859,0,0.0,6277,1782,78077,0.01
13,79872,0,0.0,6278,1782,78090,0.01
13,79885,0,0.0,6279,1782,78103,0.01
13,79898,0,0.0,6280,1783,78115,0.01
13,79911,0,0.0,6281,1783,78128,0.01
13,79924,0,0.0,6282,1784,78140,0.01
13,79937,0,0.0,6283,1784,78153,0.01
13,79950,0,0.0,6284,1784,78166,0.01
13,79963,0,0.0,6285,1784,78179,0.01
13,79976,0,0.0,6286,1784,78192,0.01
13,79989,0,0.0,6287,1784,78205,0.01
13,80002,0,0.0,6288,1784,78218,0.01
13,80015,0,0.0,6289,1784,78231,0.01
13,80028,0,0.0,6290,1784,78244,0.01
13,80041,0,0.0,6291,1785,78256,0.01
13,80054,0,0.0,6292,1785,78269,0.01
13,80067,0,0.0,6293,1785,78282,0.01
13,80080,0,0.0,6294,1785,78295,0.01
13,80093,0,0.0,6295,1785,78308,0.01
14,80107,0,0.0,6296,1786,78321,0.01
10,80117,0,0.0,6297,1787,78330,0.01
13,80130,0,0.0,6298,1787,78343,0.01
13,80143,0,0.0,6299,1788,78355,0.01
13,80156,0,0.0,6300,1788,78368,0.01
13,80169,0,0.0,6301,1788,78381,0.01
13,80182,0,0.0,6302,1788,78394,0.01
13,80195,0,0.0,6303,1788,78407,0.01
13,80208,0,0.0,6304,1788,78420,0.01
13,80221,0,0.0,6305,1788,78433,0.01
13,80234,0,0.0,6306,1788,78446,0.01
13,80247,0,0.0,6307,1788,78459,0.01
13,80260,0,0.0,6308,1788,78472,0.01
13,80273,0,0.0,6309,1788,78485,0.01
13,80286,0,0.0,6310,1788,78498,0.01
13,80299,0,0.0,6311,1788,78511,0.01
13,80312,0,0.0,6312,1788,78524,0.01
13,80325,0,0.0,6313,1788,78537,0.01
13,80338,0,0.0,6314,1788,78550,0.01
13,80351,0,0.0,6315,1789,78562,0.01
3,80354,0,0.0,6316,1790,78564,0.01
13,80367,0,0.0,6317,1790,78577,0.01
13,80380,0,0.0,6318,1790,78590,0.01
13,80393,0,0.0,6319,1790,78603,0.01
13,80406,0,0.0,6320,1790,78616,0.01
13,80419,0,0.0,6321,1790,78629,0.01
13,80432,0,0.0,6322,1790,78642,0.01
13,80445,0,0.0,6323,1790,78655,0.01
13,80458,0,0.0,6324,1790,78668,0.01
13,80471,0,0.0,6325,1790,78681,0.01
13,80484,0,0.0,6326,1790,78694,0.01
13,80497,0,0.0,6327,1790,78707,0.01
13,80510,0,0.0,6328,1790,78720,0.01
13,80523,0,0.0,6329,1790,78733,0.01
13,80536,0,0.0,6330,1790,78746,0.01
13,80549,0,0.0,6331,1790,78759,0.01
13,80562,0,0.0,6332,1790,78772,0.01
13,80575,0,0.0,6333,1790,78785,0.01
13,80588,0,0.0,6334,1790,78798,0.01
13,80601,0,0.0,6335,1790,78811,0.01
13,80614,0,0.0,6336,1790,78824,0.01
13,80627,0,0.0,6337,1790,78837,0.01
13,80640,0,0.0,6338,1790,78850,0.01
13,80653,0,0.0,6339,1790,78863,0.01
13,80666,0,0.0,6340,1790,78876,0.01
13,80679,0,0.0,6341,1790,78889,0.01
13,80692,0,0.0,6342,1790,78902,0.01
13,80705,0,0.0,6343,1790,78915,0.01
13,80718,0,0.0,6344,1790,78928,0.01
10,80728,0,0.0,6345,1791,78937,0.01
14,80742,0,0.0,6346,1793,78949,0.01
13,80755,0,0.0,6347,1793,78962,0.01
13,80768,0,0.0,6348,1793,78975,0.01
14,80782,0,0.0,6349,1794,78988,0.01
6,80788,0,0.0,6350,1795,78993,0.01
13,80801,0,0.0,6351,1795,79006,0.01
13,80814,0,0.0,6352,1795,79019,0.01
16,80830,0,0.0,6353,1796,79034,0.01
13,80843,0,0.0,6354,1796,79047,0.01
13,80856,0,0.0,6355,1797,79059,0.01
13,80869,0,0.0,6356,1798,79071,0.01
13,80882,0,0.0,6357,1798,79084,0.01
2,80884,0,0.0,6358,1799,79085,0.01
13,80897,0,0.0,6359,1800,79097,0.01
13,80910,0,0.0,6360,1800,79110,0.01
13,80923,0,0.0,6361,1800,79123,0.01
13,80936,0,0.0,6362,1800,79136,0.01
13,80949,0,0.0,6363,1800,79149,0.01
13,80962,0,0.0,6364,1800,79162,0.01
15,80977,0,0.0,6365,1801,79176,0.01
13,80990,0,0.0,6366,1801,79189,0.01
13,81003,0,0.0,6367,1801,79202,0.01
13,81016,0,0.0,6368,1801,79215,0.01
13,81029,0,0.0,6369,1802,79227,0.01
13,81042,0,0.0,6370,1802,79240,0.01
13,81055,0,0.0,6371,1802,79253,0.01
13,81068,0,0.0,6372,1802,79266,0.01
13,81081,0,0.0,6373,1802,79279,0.01
13,81094,0,0.0,6374,1802,79292,0.01
13,81107,0,0.0,6375,1802,79305,0.01
13,81120,0,0.0,6376,1802,79318,0.01
13,81133,0,0.0,6377,1802,79331,0.01
13,81146,0,0.0,6378,1802,79344,0.01
15,81161,0,0.0,6379,1803,79358,0.01
13,81174,0,0.0,6380,1803,79371,0.01
13,81187,0,0.0,6381,1803,79384,0.01
13,81200,0,0.0,6382,1803,79397,0.01
13,81213,0,0.0,6383,1803,79410,0.01
13,81226,0,0.0,6384,1803,79423,0.01
14,81240,0,0.0,6385,1804,79436,0.01
13,81253,0,0.0,6386,1804,79449,0.01
13,81266,0,0.0,6387,1804,79462,0.01
13,81279,0,0.0,6388,1804,79475,0.01
13,81292,0,0.0,6389,1804,79488,0.01
13,81305,0,0.0,6390,1804,79501,0.01
13,81318,0,0.0,6391,1804,79514,0.01
13,81331,0,0.0,6392,1804,79527,0.01
13,81344,0,0.0,6393,1804,79540,0.01
13,81357,0,0.0,6394,1804,79553,0.01
13,81370,0,0.0,6395,1804,79566,0.01
13,81383,0,0.0,6396,1804,79579,0.01
13,81396,0,0.0,6397,1804,79592,0.01
13,81409,0,0.0,6398,1804,79605,0.01
13,81422,0,0.0,6399,1804,79618,0.01
13,81435,0,0.0,6400,1804,79631,0.01
13,81448,0,0.0,6401,1804,79644,0.01
13,81461,0,0.0,6402,1804,79657,0.01
13,81474,0,0.0,6403,1804,79670,0.01
14,81488,0,0.0,6404,1805,79683,0.01
3,81491,0,0.0,6405,1806,79685,0.01
13,81504,0,0.0,6406,1806,79698,0.01
13,81517,0,0.0,6407,1806,79711,0.01
13,81530,0,0.0,6408,1806,79724,0.01
13,81543,0,0.0,6409,1806,79737,0.01
13,81556,0,0.0,6410,1806,79750,0.01
13,81569,0,0.0,6411,1806,79763,0.01
10,81579,0,0.0,6412,1807,79772,0.01
13,81592,0,0.0,6413,1807,79785,0.01
13,81605,0,0.0,6414,1807,79798,0.01
6,81611,0,0.0,6415,1808,79803,0.01
13,81624,0,0.0,6416,1808,79816,0.01
13,81637,0,0.0,6417,1809,79828,0.01
9,81646,0,0.0,6418,1810,79836,0.01
13,81659,0,0.0,6419,1810,79849,0.01
13,81672,0,0.0,6420,1810,79862,0.01
13,81685,0,0.0,6421,1810,79875,0.01
13,81698,0,0.0,6422,1810,79888,0.01
12,81710,0,0.0,6423,1811,79899,0.01
13,81723,0,0.0,6424,1811,79912,0.01
13,81736,0,0.0,6425,1811,79925,0.01
2,81738,0,0.0,6426,1812,79926,0.01
13,81751,0,0.0,6427,1812,79939,0.01
13,81764,0,0.0,6428,1812,79952,0.01
13,81777,0,0.0,6429,1812,79965,0.01
13,81790,0,0.0,6430,1812,79978,0.01
13,81803,0,0.0,6431,1812,79991,0.01
13,81816,0,0.0,6432,1812,80004,0.01
13,81829,0,0.0,6433,1812,80017,0.01
13,81842,0,0.0,6434,1812,80030,0.01
13,81855,0,0.0,6435,1812,80043,0.01
13,81868,0,0.0,6436,1812,80056,0.01
13,81881,0,0.0,6437,1812,80069,0.01
13,81894,0,0.0,6438,1812,80082,0.01
13,81907,0,0.0,6439,1812,80095,0.01
13,81920,0,0.0,6440,1812,80108,0.01
13,81933,0,0.0,6441,1812,80121,0.01
13,81946,0,0.0,6442,1812,80134,0.01
13,81959,0,0.0,6443,1812,80147,0.01
13,81972,0,0.0,6444,1812,80160,0.01
13,81985,0,0.0,6445,1812,80173,0.01
13,81998,0,0.0,6446,1812,80186,0.01
13,82011,0,0.0,6447,1812,80199,0.01
13,82024,0,0.0,6448,1812,80212,0.01
13,82037,0,0.0,6449,1812,80225,0.01
13,82050,0,0.0,6450,1812,80238,0.01
13,82063,0,0.0,6451,1812,80251,0.01
13,82076,0,0.0,6452,1812,80264,0.01
13,82089,0,0.0,6453,1812,80277,0.01
6,82095,0,0.0,6454,1813,80282,0.01
13,82108,0,0.0,6455,1813,80295,0.01
3,82111,0,0.0,6456,1814,80297,0.01
13,82124,0,0.0,6457,1814,80310,0.01
13,82137,0,0.0,6458,1814,80323,0.01
13,82150,0,0.0,6459,1814,80336,0.01
13,82163,0,0.0,6460,1814,80349,0.01
13,82176,0,0.0,6461,1814,80362,0.01
13,82189,0,0.0,6462,1814,80375,0.01
13,82202,0,0.0,6463,1814,80388,0.01
13,82215,0,0.0,6464,1814,80401,0.01
14,82229,0,0.0,6465,1815,80414,0.01
13,82242,0,0.0,6466,1815,80427,0.01
13,82255,0,0.0,6467,1815,80440,0.01
13,82268,0,0.0,6468,1815,80453,0.01
13,82281,0,0.0,6469,1815,80466,0.01
13,82294,0,0.0,6470,1815,80479,0.01
13,82307,0,0.0,6471,1815,80492,0.01
13,82320,0,0.0,6472,1815,80505,0.01
13,82333,0,0.0,6473,1815,80518,0.01
13,82346,0,0.0,6474,1815,80531,0.01
13,82359,0,0.0,6475,1815,80544,0.01
13,82372,0,0.0,6476,1815,80557,0.01
16,82388,0,0.0,6477,1817,80571,0.01
13,82401,0,0.0,6478,1817,80584,0.01
13,82414,0,0.0,6479,1817,80597,0.01
13,82427,0,0.0,6480,1817,80610,0.01
13,82440,0,0.0,6481,1817,80623,0.01
13,82453,0,0.0,6482,1817,80636,0.01
13,82466,0,0.0,6483,1817,80649,0.01
13,82479,0,0.0,6484,1817,80662,0.01
6,82485,0,0.0,6485,1818,80667,0.01
13,82498,0,0.0,6486,1818,80680,0.01
13,82511,0,0.0,6487,1819,80692,0.01
13,82524,0,0.0,6488,1819,80705,0.01
13,82537,0,0.0,6489,1819,80718,0.01
13,82550,0,0.0,6490,1820,80730,0.01
13,82563,0,0.0,6491,1820,80743,0.01
13,82576,0,0.0,6492,1820,80756,0.01
13,82589,0,0.0,6493,1820,80769,0.01
13,82602,0,0.0,6494,1820,80782,0.01
13,82615,0,0.0,6495,1820,80795,0.01
13,82628,0,0.0,6496,1820,80808,0.01
13,82641,0,0.0,6497,1820,80821,0.01
13,82654,0,0.0,6498,1820,80834,0.01
13,82667,0,0.0,6499,1820,80847,0.01
13,82680,0,0.0,6500,1820,80860,0.01
13,82693,0,0.0,6501,1820,80873,0.01
13,82706,0,0.0,6502,1820,80886,0.01
13,82719,0,0.0,6503,1820,80899,0.01
13,82732,0,0.0,6504,1820,80912,0.01
13,82745,0,0.0,6505,1820,80925,0.01
16,82761,0,0.0,6506,1821,80940,0.01
13,82774,0,0.0,6507,1821,80953,0.01
13,82787,0,0.0,6508,1821,80966,0.01
13,82800,0,0.0,6509,1822,80978,0.01
13,82813,0,0.0,6510,1822,80991,0.01
13,82826,0,0.0,6511,1822,81004,0.01
13,82839,0,0.0,6512,1822,81017,0.01
13,82852,0,0.0,6513,1822,81030,0.01
13,82865,0,0.0,6514,1822,81043,0.01
10,82875,0,0.0,6515,1823,81052,0.01
13,82888,0,0.0,6516,1823,81065,0.01
13,82901,0,0.0,6517,1823,81078,0.01
13,82914,0,0.0,6518,1823,81091,0.01
10,82924,0,0.0,6519,1824,81100,0.01
13,82937,0,0.0,6520,1824,81113,0.01
13,82950,0,0.0,6521,1824,81126,0.01
13,82963,0,0.0,6522,1824,81139,0.01
13,82976,0,0.0,6523,1824,81152,0.01
10,82986,0,0.0,6524,1825,81161,0.01
13,82999,0,0.0,6525,1826,81173,0.01
13,83012,0,0.0,6526,1826,81186,0.01
13,83025,0,0.0,6527,1826,81199,0.01
13,83038,0,0.0,6528,1826,81212,0.01
13,83051,0,0.0,6529,1826,81225,0.01
12,83063,0,0.0,6530,1827,81236,0.01
9,83072,0,0.0,6531,1828,81244,0.01
13,83085,0,0.0,6532,1828,81257,0.01
13,83098,0,0.0,6533,1828,81270,0.01
13,83111,0,0.0,6534,1828,81283,0.01
13,83124,0,0.0,6535,1829,81295,0.01
13,83137,0,0.0,6536,1829,81308,0.01
13,83150,0,0.0,6537,1829,81321,0.01
13,83163,0,0.0,6538,1829,81334,0.01
13,83176,0,0.0,6539,1829,81347,0.01
13,83189,0,0.0,6540,1829,81360,0.01
7,83196,0,0.0,6541,1830,81366,0.01
13,83209,0,0.0,6542,1830,81379,0.01
13,83222,0,0.0,6543,1830,81392,0.01
13,83235,0,0.0,6544,1830,81405,0.01
13,83248,0,0.0,6545,1830,81418,0.01
13,83261,0,0.0,6546,1830,81431,0.01
13,83274,0,0.0,6547,1830,81444,0.01
14,83288,0,0.0,6548,1831,81457,0.01
13,83301,0,0.0,6549,1831,81470,0.01
13,83314,0,0.0,6550,1831,81483,0.01
13,83327,0,0.0,6551,1831,81496,0.01
13,83340,0,0.0,6552,1831,81509,0.01
13,83353,0,0.0,6553,1831,81522,0.01
13,83366,0,0.0,6554,1831,81535,0.01
13,83379,0,0.0,6555,1831,81548,0.01
13,83392,0,0.0,6556,1831,81561,0.01
13,83405,0,0.0,6557,1831,81574,0.01
13,83418,0,0.0,6558,1831,81587,0.01
14,83432,0,0.0,6559,1832,81600,0.01
13,83445,0,0.0,6560,1832,81613,0.01
13,83458,0,0.0,6561,1832,81626,0.01
13,83471,0,0.0,6562,1832,81639,0.01
13,83484,0,0.0,6563,1832,81652,0.01
13,83497,0,0.0,6564,1832,81665,0.01
13,83510,0,0.0,6565,1832,81678,0.01
10,83520,0,0.0,6566,1833,81687,0.01
13,83533,0,0.0,6567,1833,81700,0.01
16,83549,0,0.0,6568,1834,81715,0.01
13,83562,0,0.0,6569,1834,81728,0.01
13,83575,0,0.0,6570,1834,81741,0.01
13,83588,0,0.0,6571,1834,81754,0.01
13,83601,0,0.0,6572,1834,81767,0.01
13,83614,0,0.0,6573,1834,81780,0.01
13,83627,0,0.0,6574,1834,81793,0.01
13,83640,0,0.0,6575,1834,81806,0.01
13,83653,0,0.0,6576,1834,81819,0.01
13,83666,0,0.0,6577,1834,81832,0.01
13,83679,0,0.0,6578,1834,81845,0.01
13,83692,0,0.0,6579,1834,81858,0.01
13,83705,0,0.0,6580,1834,81871,0.01
13,83718,0,0.0,6581,1834,81884,0.01
13,83731,0,0.0,6582,1834,81897,0.01
13,83744,0,0.0,6583,1834,81910,0.01
13,83757,0,0.0,6584,1834,81923,0.01
13,83770,0,0.0,6585,1834,81936,0.01
13,83783,0,0.0,6586,1834,81949,0.01
13,83796,0,0.0,6587,1834,81962,0.01
13,83809,0,0.0,6588,1834,81975,0.01
6,83815,0,0.0,6589,1835,81980,0.01
13,83828,0,0.0,6590,1835,81993,0.01
13,83841,0,0.0,6591,1835,82006,0.01
13,83854,0,0.0,6592,1835,82019,0.01
13,83867,0,0.0,6593,1835,82032,0.01
13,83880,0,0.0,6594,1835,82045,0.01
13,83893,0,0.0,6595,1835,82058,0.01
13,83906,0,0.0,6596,1835,82071,0.01
13,83919,0,0.0,6597,1835,82084,0.01
13,83932,0,0.0,6598,1835,82097,0.01
13,83945,0,0.0,6599,1835,82110,0.01
13,83958,0,0.0,6600,1835,82123,0.01
13,83971,0,0.0,6601,1835,82136,0.01
13,83984,0,0.0,6602,1835,82149,0.01
13,83997,0,0.0,6603,1836,82161,0.01
13,84010,0,0.0,6604,1836,82174,0.01
13,84023,0,0.0,6605,1836,82187,0.01
13,84036,0,0.0,6606,1836,82200,0.01
13,84049,0,0.0,6607,1836,82213,0.01
13,84062,0,0.0,6608,1836,82226,0.01
13,84075,0,0.0,6609,1836,82239,0.01
13,84088,0,0.0,6610,1836,82252,0.01
13,84101,0,0.0,6611,1836,82265,0.01
13,84114,0,0.0,6612,1836,82278,0.01
13,84127,0,0.0,6613,1836,82291,0.01
13,84140,0,0.0,6614,1836,82304,0.01
11,84151,0,0.0,6615,1838,82313,0.01
13,84164,0,0.0,6616,1838,82326,0.01
13,84177,0,0.0,6617,1838,82339,0.01
13,84190,0,0.0,6618,1838,82352,0.01
13,84203,0,0.0,6619,1838,82365,0.01
13,84216,0,0.0,6620,1838,82378,0.01
13,84229,0,0.0,6621,1838,82391,0.01
13,84242,0,0.0,6622,1838,82404,0.01
13,84255,0,0.0,6623,1838,82417,0.01
13,84268,0,0.0,6624,1838,82430,0.01
13,84281,0,0.0,6625,1838,82443,0.01
13,84294,0,0.0,6626,1838,82456,0.01
13,84307,0,0.0,6627,1838,82469,0.01
13,84320,0,0.0,6628,1838,82482,0.01
13,84333,0,0.0,6629,1838,82495,0.01
13,84346,0,0.0,6630,1838,82508,0.01
13,84359,0,0.0,6631,1838,82521,0.01
10,84369,0,0.0,6632,1839,82530,0.01
13,84382,0,0.0,6633,1839,82543,0.01
13,84395,0,0.0,6634,1839,82556,0.01
13,84408,0,0.0,6635,1839,82569,0.01
13,84421,0,0.0,6636,1840,82581,0.01
13,84434,0,0.0,6637,1840,82594,0.01
14,84448,0,0.0,6638,1841,82607,0.01
13,84461,0,0.0,6639,1841,82620,0.01
13,84474,0,0.0,6640,1841,82633,0.01
13,84487,0,0.0,6641,1841,82646,0.01
13,84500,0,0.0,6642,1842,82658,0.01
13,84513,0,0.0,6643,1842,82671,0.01
14,84527,0,0.0,6644,1843,82684,0.01
13,84540,0,0.0,6645,1843,82697,0.01
13,84553,0,0.0,6646,1843,82710,0.01
13,84566,0,0.0,6647,1843,82723,0.01
13,84579,0,0.0,6648,1843,82736,0.01
13,84592,0,0.0,6649,1843,82749,0.01
13,84605,0,0.0,6650,1843,82762,0.01
13,84618,0,0.0,6651,1843,82775,0.01
13,84631,0,0.0,6652,1843,82788,0.01
13,84644,0,0.0,6653,1843,82801,0.01
13,84657,0,0.0,6654,1843,82814,0.01
13,84670,0,0.0,6655,1843,82827,0.01
13,84683,0,0.0,6656,1843,82840,0.01
13,84696,0,0.0,6657,1843,82853,0.01
13,84709,0,0.0,6658,1843,82866,0.01
13,84722,0,0.0,6659,1843,82879,0.01
13,84735,0,0.0,6660,1843,82892,0.01
13,84748,0,0.0,6661,1843,82905,0.01
15,84763,0,0.0,6662,1845,82918,0.01
13,84776,0,0.0,6663,1845,82931,0.01
13,84789,0,0.0,6664,1845,82944,0.01
13,84802,0,0.0,6665,1845,82957,0.01
13,84815,0,0.0,6666,1845,82970,0.01
13,84828,0,0.0,6667,1845,82983,0.01
13,84841,0,0.0,6668,1845,82996,0.01
13,84854,0,0.0,6669,1845,83009,0.01
10,84864,0,0.0,6670,1846,83018,0.01
13,84877,0,0.0,6671,1846,83031,0.01
13,84890,0,0.0,6672,1846,83044,0.01
13,84903,0,0.0,6673,1846,83057,0.01
13,84916,0,0.0,6674,1846,83070,0.01
13,84929,0,0.0,6675,1846,83083,0.01
13,84942,0,0.0,6676,1846,83096,0.01
13,84955,0,0.0,6677,1846,83109,0.01
13,84968,0,0.0,6678,1846,83122,0.01
13,84981,0,0.0,6679,1846,83135,0.01
10,84991,0,0.0,6680,1847,83144,0.01
13,85004,0,0.0,6681,1847,83157,0.01
14,85018,0,0.0,6682,1848,83170,0.01
13,85031,0,0.0,6683,1848,83183,0.01
13,85044,0,0.0,6684,1848,83196,0.01
13,85057,0,0.0,6685,1848,83209,0.01
13,85070,0,0.0,6686,1848,83222,0.01
13,85083,0,0.0,6687,1848,83235,0.01
13,85096,0,0.0,6688,1848,83248,0.01
13,85109,0,0.0,6689,1848,83261,0.01
13,85122,0,0.0,6690,1848,83274,0.01
13,85135,0,0.0,6691,1848,83287,0.01
13,85148,0,0.0,6692,1848,83300,0.01
13,85161,0,0.0,6693,1848,83313,0.01
13,85174,0,0.0,6694,1848,83326,0.01
13,85187,0,0.0,6695,1848,83339,0.01
13,85200,0,0.0,6696,1848,83352,0.01
13,85213,0,0.0,6697,1848,83365,0.01
13,85226,0,0.0,6698,1848,83378,0.01
13,85239,0,0.0,6699,1848,83391,0.01
13,85252,0,0.0,6700,1848,83404,0.01
13,85265,0,0.0,6701,1848,83417,0.01
13,85278,0,0.0,6702,1848,83430,0.01
8,85286,0,0.0,6703,1849,83437,0.01
13,85299,0,0.0,6704,1849,83450,0.01
13,85312,0,0.0,6705,1849,83463,0.01
13,85325,0,0.0,6706,1849,83476,0.01
13,85338,0,0.0,6707,1849,83489,0.01
13,85351,0,0.0,6708,1849,83502,0.01
13,85364,0,0.0,6709,1849,83515,0.01
14,85378,0,0.0,6710,1850,83528,0.01
13,85391,0,0.0,6711,1850,83541,0.01
13,85404,0,0.0,6712,1850,83554,0.01
13,85417,0,0.0,6713,1850,83567,0.01
13,85430,0,0.0,6714,1850,83580,0.01
13,85443,0,0.0,6715,1850,83593,0.01
15,85458,0,0.0,6716,1851,83607,0.01
13,85471,0,0.0,6717,1851,83620,0.01
13,85484,0,0.0,6718,1851,83633,0.01
13,85497,0,0.0,6719,1851,83646,0.01
6,85503,0,0.0,6720,1852,83651,0.01
14,85517,0,0.0,6721,1853,83664,0.01
13,85530,0,0.0,6722,1853,83677,0.01
10,85540,0,0.0,6723,1854,83686,0.01
13,85553,0,0.0,6724,1854,83699,0.01
13,85566,0,0.0,6725,1854,83712,0.01
13,85579,0,0.0,6726,1854,83725,0.01
13,85592,0,0.0,6727,1854,83738,0.01
13,85605,0,0.0,6728,1855,83750,0.01
13,85618,0,0.0,6729,1855,83763,0.01
13,85631,0,0.0,6730,1855,83776,0.01
13,85644,0,0.0,6731,1855,83789,0.01
13,85657,0,0.0,6732,1855,83802,0.01
13,85670,0,0.0,6733,1855,83815,0.01
13,85683,0,0.0,6734,1855,83828,0.01
13,85696,0,0.0,6735,1855,83841,0.01
13,85709,0,0.0,6736,1855,83854,0.01
13,85722,0,0.0,6737,1855,83867,0.01
13,85735,0,0.0,6738,1855,83880,0.01
13,85748,0,0.0,6739,1855,83893,0.01
13,85761,0,0.0,6740,1855,83906,0.01
13,85774,0,0.0,6741,1855,83919,0.01
13,85787,0,0.0,6742,1855,83932,0.01
13,85800,0,0.0,6743,1855,83945,0.01
13,85813,0,0.0,6744,1855,83958,0.01
13,85826,0,0.0,6745,1855,83971,0.01
13,85839,0,0.0,6746,1855,83984,0.01
13,85852,0,0.0,6747,1855,83997,0.01
13,85865,0,0.0,6748,1855,84010,0.01
13,85878,0,0.0,6749,1855,84023,0.01
13,85891,0,0.0,6750,1855,84036,0.01
13,85904,0,0.0,6751,1855,84049,0.01
13,85917,0,0.0,6752,1855,84062,0.01
13,85930,0,0.0,6753,1855,84075,0.01
13,85943,0,0.0,6754,1855,84088,0.01
2,85945,0,0.0,6755,1856,84089,0.01
13,85958,0,0.0,6756,1856,84102,0.01
13,85971,0,0.0,6757,1857,84114,0.01
13,85984,0,0.0,6758,1857,84127,0.01
13,85997,0,0.0,6759,1857,84140,0.01
13,86010,0,0.0,6760,1857,84153,0.01
13,86023,0,0.0,6761,1858,84165,0.01
13,86036,0,0.0,6762,1859,84177,0.01
13,86049,0,0.0,6763,1859,84190,0.01
13,86062,0,0.0,6764,1859,84203,0.01
13,86075,0,0.0,6765,1859,84216,0.01
13,86088,0,0.0,6766,1859,84229,0.01
13,86101,0,0.0,6767,1859,84242,0.01
13,86114,0,0.0,6768,1859,84255,0.01
13,86127,0,0.0,6769,1859,84268,0.01
13,86140,0,0.0,6770,1859,84281,0.01
13,86153,0,0.0,6771,1859,84294,0.01
13,86166,0,0.0,6772,1859,84307,0.01
10,86176,0,0.0,6773,1860,84316,0.01
13,86189,0,0.0,6774,1861,84328,0.01
13,86202,0,0.0,6775,1861,84341,0.01
13,86215,0,0.0,6776,1861,84354,0.01
13,86228,0,0.0,6777,1861,84367,0.01
13,86241,0,0.0,6778,1861,84380,0.01
13,86254,0,0.0,6779,1861,84393,0.01
13,86267,0,0.0,6780,1861,84406,0.01
13,86280,0,0.0,6781,1861,84419,0.01
13,86293,0,0.0,6782,1861,84432,0.01
13,86306,0,0.0,6783,1861,84445,0.01
13,86319,0,0.0,6784,1861,84458,0.01
13,86332,0,0.0,6785,1861,84471,0.01
13,86345,0,0.0,6786,1861,84484,0.01
13,86358,0,0.0,6787,1861,84497,0.01
13,86371,0,0.0,6788,1861,84510,0.01
11,86382,0,0.0,6789,1863,84519,0.01
13,86395,0,0.0,6790,1863,84532,0.01
13,86408,0,0.0,6791,1863,84545,0.01
13,86421,0,0.0,6792,1863,84558,0.01
13,86434,0,0.0,6793,1863,84571,0.01
13,86447,0,0.0,6794,1865,84582,0.01
13,86460,0,0.0,6795,1865,84595,0.01
13,86473,0,0.0,6796,1865,84608,0.01
13,86486,0,0.0,6797,1865,84621,0.01
13,86499,0,0.0,6798,1865,84634,0.01
13,86512,0,0.0,6799,1865,84647,0.01
13,86525,0,0.0,6800,1865,84660,0.01
13,86538,0,0.0,6801,1865,84673,0.01
13,86551,0,0.0,6802,1865,84686,0.01
13,86564,0,0.0,6803,1865,84699,0.01
17,86581,0,0.0,6804,1867,84714,0.01
13,86594,0,0.0,6805,1868,84726,0.01
13,86607,0,0.0,6806,1868,84739,0.01
13,86620,0,0.0,6807,1868,84752,0.01
13,86633,0,0.0,6808,1868,84765,0.01
13,86646,0,0.0,6809,1868,84778,0.01
13,86659,0,0.0,6810,1868,84791,0.01
13,86672,0,0.0,6811,1868,84804,0.01
13,86685,0,0.0,6812,1868,84817,0.01
13,86698,0,0.0,6813,1868,84830,0.01
13,86711,0,0.0,6814,1868,84843,0.01
13,86724,0,0.0,6815,1868,84856,0.01
13,86737,0,0.0,6816,1868,84869,0.01
13,86750,0,0.0,6817,1868,84882,0.01
13,86763,0,0.0,6818,1868,84895,0.01
13,86776,0,0.0,6819,1868,84908,0.01
13,86789,0,0.0,6820,1868,84921,0.01
13,86802,0,0.0,6821,1868,84934,0.01
13,86815,0,0.0,6822,1868,84947,0.01
12,86827,0,0.0,6823,1869,84958,0.01
13,86840,0,0.0,6824,1869,84971,0.01
13,86853,0,0.0,6825,1869,84984,0.01
13,86866,0,0.0,6826,1869,84997,0.01
14,86880,0,0.0,6827,1870,85010,0.01
13,86893,0,0.0,6828,1870,85023,0.01
13,86906,0,0.0,6829,1870,85036,0.01
13,86919,0,0.0,6830,1870,85049,0.01
13,86932,0,0.0,6831,1870,85062,0.01
14,86946,0,0.0,6832,1871,85075,0.01
13,86959,0,0.0,6833,1871,85088,0.01
13,86972,0,0.0,6834,1871,85101,0.01
13,86985,0,0.0,6835,1871,85114,0.01
13,86998,0,0.0,6836,1871,85127,0.01
15,87013,0,0.0,6837,1872,85141,0.01
13,87026,0,0.0,6838,1872,85154,0.01
13,87039,0,0.0,6839,1872,85167,0.01
13,87052,0,0.0,6840,1872,85180,0.01
13,87065,0,0.0,6841,1872,85193,0.01
13,87078,0,0.0,6842,1872,85206,0.01
13,87091,0,0.0,6843,1872,85219,0.01
13,87104,0,0.0,6844,1872,85232,0.01
13,87117,0,0.0,6845,1872,85245,0.01
13,87130,0,0.0,6846,1872,85258,0.01
13,87143,0,0.0,6847,1872,85271,0.01
13,87156,0,0.0,6848,1872,85284,0.01
10,87166,0,0.0,6849,1873,85293,0.01
13,87179,0,0.0,6850,1873,85306,0.01
13,87192,0,0.0,6851,1873,85319,0.01
13,87205,0,0.0,6852,1873,85332,0.01
13,87218,0,0.0,6853,1873,85345,0.01
13,87231,0,0.0,6854,1873,85358,0.01
13,87244,0,0.0,6855,1873,85371,0.01
13,87257,0,0.0,6856,1874,85383,0.01
13,87270,0,0.0,6857,1874,85396,0.01
13,87283,0,0.0,6858,1874,85409,0.01
7,87290,0,0.0,6859,1875,85415,0.01
14,87304,0,0.0,6860,1876,85428,0.01
13,87317,0,0.0,6861,1876,85441,0.01
13,87330,0,0.0,6862,1876,85454,0.01
13,87343,0,0.0,6863,1876,85467,0.01
13,87356,0,0.0,6864,1876,85480,0.01
13,87369,0,0.0,6865,1876,85493,0.01
13,87382,0,0.0,6866,1876,85506,0.01
13,87395,0,0.0,6867,1876,85519,0.01
13,87408,0,0.0,6868,1876,85532,0.01
14,87422,0,0.0,6869,1877,85545,0.01
13,87435,0,0.0,6870,1877,85558,0.01
13,87448,0,0.0,6871,1877,85571,0.01
13,87461,0,0.0,6872,1877,85584,0.01
13,87474,0,0.0,6873,1878,85596,0.01
13,87487,0,0.0,6874,1878,85609,0.01
13,87500,0,0.0,6875,1878,85622,0.01
13,87513,0,0.0,6876,1878,85635,0.01
13,87526,0,0.0,6877,1878,85648,0.01
13,87539,0,0.0,6878,1878,85661,0.01
13,87552,0,0.0,6879,1878,85674,0.01
13,87565,0,0.0,6880,1878,85687,0.01
13,87578,0,0.0,6881,1878,85700,0.01
13,87591,0,0.0,6882,1878,85713,0.01
13,87604,0,0.0,6883,1878,85726,0.01
13,87617,0,0.0,6884,1878,85739,0.01
13,87630,0,0.0,6885,1878,85752,0.01
13,87643,0,0.0,6886,1878,85765,0.01
13,87656,0,0.0,6887,1879,85777,0.01
13,87669,0,0.0,6888,1879,85790,0.01
13,87682,0,0.0,6889,1879,85803,0.01
13,87695,0,0.0,6890,1879,85816,0.01
13,87708,0,0.0,6891,1879,85829,0.01
10,87718,0,0.0,6892,1880,85838,0.01
13,87731,0,0.0,6893,1880,85851,0.01
13,87744,0,0.0,6894,1880,85864,0.01
13,87757,0,0.0,6895,1880,85877,0.01
13,87770,0,0.0,6896,1880,85890,0.01
13,87783,0,0.0,6897,1880,85903,0.01
13,87796,0,0.0,6898,1880,85916,0.01
13,87809,0,0.0,6899,1880,85929,0.01
13,87822,0,0.0,6900,1881,85941,0.01
13,87835,0,0.0,6901,1881,85954,0.01
13,87848,0,0.0,6902,1881,85967,0.01
13,87861,0,0.0,6903,1881,85980,0.01
13,87874,0,0.0,6904,1882,85992,0.01
13,87887,0,0.0,6905,1882,86005,0.01
13,87900,0,0.0,6906,1882,86018,0.01
13,87913,0,0.0,6907,1882,86031,0.01
13,87926,0,0.0,6908,1882,86044,0.01
13,87939,0,0.0,6909,1882,86057,0.01
13,87952,0,0.0,6910,1883,86069,0.01
13,87965,0,0.0,6911,1883,86082,0.01
13,87978,0,0.0,6912,1883,86095,0.01
13,87991,0,0.0,6913,1883,86108,0.01
14,88005,0,0.0,6914,1884,86121,0.01
10,88015,0,0.0,6915,1885,86130,0.01
13,88028,0,0.0,6916,1885,86143,0.01
13,88041,0,0.0,6917,1885,86156,0.01
13,88054,0,0.0,6918,1885,86169,0.01
13,88067,0,0.0,6919,1885,86182,0.01
13,88080,0,0.0,6920,1885,86195,0.01
13,88093,0,0.0,6921,1885,86208,0.01
13,88106,0,0.0,6922,1885,86221,0.01
13,88119,0,0.0,6923,1885,86234,0.01
13,88132,0,0.0,6924,1885,86247,0.01
13,88145,0,0.0,6925,1885,86260,0.01
13,88158,0,0.0,6926,1885,86273,0.01
13,88171,0,0.0,6927,1885,86286,0.01
13,88184,0,0.0,6928,1886,86298,0.01
13,88197,0,0.0,6929,1886,86311,0.01
13,88210,0,0.0,6930,1886,86324,0.01
13,88223,0,0.0,6931,1886,86337,0.01
13,88236,0,0.0,6932,1886,86350,0.01
13,88249,0,0.0,6933,1886,86363,0.01
13,88262,0,0.0,6934,1886,86376,0.01
13,88275,0,0.0,6935,1886,86389,0.01
13,88288,0,0.0,6936,1886,86402,0.01
13,88301,0,0.0,6937,1886,86415,0.01
14,88315,0,0.0,6938,1887,86428,0.01
13,88328,0,0.0,6939,1887,86441,0.01
13,88341,0,0.0,6940,1887,86454,0.01
13,88354,0,0.0,6941,1887,86467,0.01
13,88367,0,0.0,6942,1887,86480,0.01
13,88380,0,0.0,6943,1887,86493,0.01
13,88393,0,0.0,6944,1887,86506,0.01
13,88406,0,0.0,6945,1887,86519,0.01
13,88419,0,0.0,6946,1887,86532,0.01
13,88432,0,0.0,6947,1888,86544,0.01
13,88445,0,0.0,6948,1888,86557,0.01
13,88458,0,0.0,6949,1888,86570,0.01
13,88471,0,0.0,6950,1888,86583,0.01
13,88484,0,0.0,6951,1888,86596,0.01
13,88497,0,0.0,6952,1888,86609,0.01
13,88510,0,0.0,6953,1888,86622,0.01
6,88516,0,0.0,6954,1889,86627,0.01
13,88529,0,0.0,6955,1889,86640,0.01
13,88542,0,0.0,6956,1889,86653,0.01
13,88555,0,0.0,6957,1889,86666,0.01
13,88568,0,0.0,6958,1889,86679,0.01
13,88581,0,0.0,6959,1889,86692,0.01
13,88594,0,0.0,6960,1889,86705,0.01
13,88607,0,0.0,6961,1890,86717,0.01
13,88620,0,0.0,6962,1890,86730,0.01
13,88633,0,0.0,6963,1890,86743,0.01
13,88646,0,0.0,6964,1890,86756,0.01
13,88659,0,0.0,6965,1890,86769,0.01
13,88672,0,0.0,6966,1890,86782,0.01
13,88685,0,0.0,6967,1890,86795,0.01
13,88698,0,0.0,6968,1890,86808,0.01
13,88711,0,0.0,6969,1890,86821,0.01
13,88724,0,0.0,6970,1890,86834,0.01
13,88737,0,0.0,6971,1890,86847,0.01
13,88750,0,0.0,6972,1890,86860,0.01
13,88763,0,0.0,6973,1890,86873,0.01
10,88773,0,0.0,6974,1891,86882,0.01
13,88786,0,0.0,6975,1891,86895,0.01
13,88799,0,0.0,6976,1891,86908,0.01
13,88812,0,0.0,6977,1891,86921,0.01
13,88825,0,0.0,6978,1891,86934,0.01
13,88838,0,0.0,6979,1891,86947,0.01
13,88851,0,0.0,6980,1891,86960,0.01
13,88864,0,0.0,6981,1891,86973,0.01
13,88877,0,0.0,6982,1891,86986,0.01
13,88890,0,0.0,6983,1891,86999,0.01
13,88903,0,0.0,6984,1891,87012,0.01
13,88916,0,0.0,6985,1891,87025,0.01
10,88926,0,0.0,6986,1892,87034,0.01
13,88939,0,0.0,6987,1892,87047,0.01
13,88952,0,0.0,6988,1892,87060,0.01
13,88965,0,0.0,6989,1892,87073,0.01
13,88978,0,0.0,6990,1892,87086,0.01
13,88991,0,0.0,6991,1892,87099,0.01
13,89004,0,0.0,6992,1892,87112,0.01
13,89017,0,0.0,6993,1893,87124,0.01
13,89030,0,0.0,6994,1893,87137,0.01
13,89043,0,0.0,6995,1893,87150,0.01
13,89056,0,0.0,6996,1893,87163,0.01
13,89069,0,0.0,6997,1893,87176,0.01
13,89082,0,0.0,6998,1894,87188,0.01
13,89095,0,0.0,6999,1894,87201,0.01
13,89108,0,0.0,7000,1894,87214,0.01
13,89121,0,0.0,7001,1894,87227,0.01
13,89134,0,0.0,7002,1894,87240,0.01
13,89147,0,0.0,7003,1894,87253,0.01
13,89160,0,0.0,7004,1894,87266,0.01
13,89173,0,0.0,7005,1894,87279,0.01
13,89186,0,0.0,7006,1894,87292,0.01
13,89199,0,0.0,7007,1894,87305,0.01
13,89212,0,0.0,7008,1894,87318,0.01
13,89225,0,0.0,7009,1894,87331,0.01
13,89238,0,0.0,7010,1894,87344,0.01
13,89251,0,0.0,7011,1894,87357,0.01
13,89264,0,0.0,7012,1894,87370,0.01
13,89277,0,0.0,7013,1894,87383,0.01
10,89287,0,0.0,7014,1895,87392,0.01
13,89300,0,0.0,7015,1895,87405,0.01
13,89313,0,0.0,7016,1895,87418,0.01
13,89326,0,0.0,7017,1895,87431,0.01
13,89339,0,0.0,7018,1895,87444,0.01
13,89352,0,0.0,7019,1895,87457,0.01
14,89366,0,0.0,7020,1896,87470,0.01
13,89379,0,0.0,7021,1896,87483,0.01
13,89392,0,0.0,7022,1896,87496,0.01
13,89405,0,0.0,7023,1896,87509,0.01
13,89418,0,0.0,7024,1896,87522,0.01
13,89431,0,0.0,7025,1896,87535,0.01
13,89444,0,0.0,7026,1896,87548,0.01
13,89457,0,0.0,7027,1896,87561,0.01
13,89470,0,0.0,7028,1896,87574,0.01
13,89483,0,0.0,7029,1896,87587,0.01
13,89496,0,0.0,7030,1896,87600,0.01
8,89504,0,0.0,7031,1897,87607,0.01
13,89517,0,0.0,7032,1897,87620,0.01
13,89530,0,0.0,7033,1897,87633,0.01
13,89543,0,0.0,7034,1897,87646,0.01
13,89556,0,0.0,7035,1897,87659,0.01
13,89569,0,0.0,7036,1897,87672,0.01
13,89582,0,0.0,7037,1898,87684,0.01
13,89595,0,0.0,7038,1898,87697,0.01
13,89608,0,0.0,7039,1898,87710,0.01
13,89621,0,0.0,7040,1898,87723,0.01
13,89634,0,0.0,7041,1898,87736,0.01
13,89647,0,0.0,7042,1898,87749,0.01
13,89660,0,0.0,7043,1898,87762,0.01
13,89673,0,0.0,7044,1898,87775,0.01
13,89686,0,0.0,7045,1898,87788,0.01
13,89699,0,0.0,7046,1898,87801,0.01
13,89712,0,0.0,7047,1898,87814,0.01
13,89725,0,0.0,7048,1898,87827,0.01
13,89738,0,0.0,7049,1898,87840,0.01
13,89751,0,0.0,7050,1898,87853,0.01
13,89764,0,0.0,7051,1898,87866,0.01
13,89777,0,0.0,7052,1898,87879,0.01
13,89790,0,0.0,7053,1898,87892,0.01
14,89804,0,0.0,7054,1899,87905,0.01
13,89817,0,0.0,7055,1899,87918,0.01
13,89830,0,0.0,7056,1899,87931,0.01
13,89843,0,0.0,7057,1899,87944,0.01
13,89856,0,0.0,7058,1899,87957,0.01
14,89870,0,0.0,7059,1900,87970,0.01
13,89883,0,0.0,7060,1900,87983,0.01
13,89896,0,0.0,7061,1900,87996,0.01
13,89909,0,0.0,7062,1900,88009,0.01
13,89922,0,0.0,7063,1900,88022,0.01
13,89935,0,0.0,7064,1900,88035,0.01
14,89949,0,0.0,7065,1901,88048,0.01
13,89962,0,0.0,7066,1902,88060,0.01
13,89975,0,0.0,7067,1902,88073,0.01
13,89988,0,0.0,7068,1902,88086,0.01
13,90001,0,0.0,7069,1902,88099,0.01
13,90014,0,0.0,7070,1902,88112,0.01
13,90027,0,0.0,7071,1902,88125,0.01
13,90040,0,0.0,7072,1902,88138,0.01
13,90053,0,0.0,7073,1902,88151,0.01
13,90066,0,0.0,7074,1902,88164,0.01
13,90079,0,0.0,7075,1902,88177,0.01
13,90092,0,0.0,7076,1902,88190,0.01
13,90105,0,0.0,7077,1902,88203,0.01
13,90118,0,0.0,7078,1902,88216,0.01
13,90131,0,0.0,7079,1902,88229,0.01
13,90144,0,0.0,7080,1902,88242,0.01
13,90157,0,0.0,7081,1903,88254,0.01
13,90170,0,0.0,7082,1903,88267,0.01
14,90184,0,0.0,7083,1904,88280,0.01
13,90197,0,0.0,7084,1904,88293,0.01
13,90210,0,0.0,7085,1904,88306,0.01
13,90223,0,0.0,7086,1905,88318,0.01
13,90236,0,0.0,7087,1905,88331,0.01
13,90249,0,0.0,7088,1905,88344,0.01
13,90262,0,0.0,7089,1905,88357,0.01
13,90275,0,0.0,7090,1905,88370,0.01
13,90288,0,0.0,7091,1905,88383,0.01
13,90301,0,0.0,7092,1905,88396,0.01
13,90314,0,0.0,7093,1905,88409,0.01
13,90327,0,0.0,7094,1905,88422,0.01
13,90340,0,0.0,7095,1906,88434,0.01
13,90353,0,0.0,7096,1906,88447,0.01
13,90366,0,0.0,7097,1906,88460,0.01
13,90379,0,0.0,7098,1906,88473,0.01
13,90392,0,0.0,7099,1906,88486,0.01
13,90405,0,0.0,7100,1907,88498,0.01
13,90418,0,0.0,7101,1907,88511,0.01
13,90431,0,0.0,7102,1907,88524,0.01
13,90444,0,0.0,7103,1907,88537,0.01
6,90450,0,0.0,7104,1908,88542,0.01
13,90463,0,0.0,7105,1908,88555,0.01
13,90476,0,0.0,7106,1908,88568,0.01
13,90489,0,0.0,7107,1908,88581,0.01
14,90503,0,0.0,7108,1909,88594,0.01
13,90516,0,0.0,7109,1909,88607,0.01
13,90529,0,0.0,7110,1909,88620,0.01
13,90542,0,0.0,7111,1909,88633,0.01
13,90555,0,0.0,7112,1909,88646,0.01
13,90568,0,0.0,7113,1909,88659,0.01
13,90581,0,0.0,7114,1909,88672,0.01
13,90594,0,0.0,7115,1910,88684,0.01
13,90607,0,0.0,7116,1910,88697,0.01
13,90620,0,0.0,7117,1910,88710,0.01
13,90633,0,0.0,7118,1911,88722,0.01
13,90646,0,0.0,7119,1911,88735,0.01
11,90657,0,0.0,7120,1912,88745,0.01
13,90670,0,0.0,7121,1912,88758,0.01
10,90680,0,0.0,7122,1913,88767,0.01
13,90693,0,0.0,7123,1913,88780,0.01
13,90706,0,0.0,7124,1913,88793,0.01
13,90719,0,0.0,7125,1913,88806,0.01
13,90732,0,0.0,7126,1913,88819,0.01
13,90745,0,0.0,7127,1913,88832,0.01
13,90758,0,0.0,7128,1913,88845,0.01
13,90771,0,0.0,7129,1913,88858,0.01
13,90784,0,0.0,7130,1914,88870,0.01
13,90797,0,0.0,7131,1914,88883,0.01
16,90813,0,0.0,7132,1915,88898,0.01
13,90826,0,0.0,7133,1915,88911,0.01
13,90839,0,0.0,7134,1915,88924,0.01
13,90852,0,0.0,7135,1916,88936,0.01
13,90865,0,0.0,7136,1916,88949,0.01
13,90878,0,0.0,7137,1916,88962,0.01
13,90891,0,0.0,7138,1917,88974,0.01
13,90904,0,0.0,7139,1917,88987,0.01
13,90917,0,0.0,7140,1917,89000,0.01
13,90930,0,0.0,7141,1917,89013,0.01
13,90943,0,0.0,7142,1917,89026,0.01
13,90956,0,0.0,7143,1917,89039,0.01
13,90969,0,0.0,7144,1917,89052,0.01
13,90982,0,0.0,7145,1917,89065,0.01
14,90996,0,0.0,7146,1918,89078,0.01
13,91009,0,0.0,7147,1918,89091,0.01
13,91022,0,0.0,7148,1918,89104,0.01
13,91035,0,0.0,7149,1918,89117,0.01
13,91048,0,0.0,7150,1918,89130,0.01
13,91061,0,0.0,7151,1918,89143,0.01
13,91074,0,0.0,7152,1918,89156,0.01
13,91087,0,0.0,7153,1918,89169,0.01
13,91100,0,0.0,7154,1918,89182,0.01
13,91113,0,0.0,7155,1919,89194,0.01
13,91126,0,0.0,7156,1919,89207,0.01
13,91139,0,0.0,7157,1919,89220,0.01
13,91152,0,0.0,7158,1919,89233,0.01
13,91165,0,0.0,7159,1919,89246,0.01
13,91178,0,0.0,7160,1919,89259,0.01
16,91194,0,0.0,7161,1920,89274,0.01
13,91207,0,0.0,7162,1920,89287,0.01
13,91220,0,0.0,7163,1920,89300,0.01
13,91233,0,0.0,7164,1920,89313,0.01
13,91246,0,0.0,7165,1920,89326,0.01
13,91259,0,0.0,7166,1921,89338,0.01
13,91272,0,0.0,7167,1921,89351,0.01
12,91284,0,0.0,7168,1922,89362,0.01
13,91297,0,0.0,7169,1922,89375,0.01
13,91310,0,0.0,7170,1922,89388,0.01
13,91323,0,0.0,7171,1922,89401,0.01
13,91336,0,0.0,7172,1922,89414,0.01
13,91349,0,0.0,7173,1922,89427,0.01
13,91362,0,0.0,7174,1922,89440,0.01
13,91375,0,0.0,7175,1922,89453,0.01
13,91388,0,0.0,7176,1923,89465,0.01
13,91401,0,0.0,7177,1923,89478,0.01
13,91414,0,0.0,7178,1923,89491,0.01
13,91427,0,0.0,7179,1924,89503,0.01
13,91440,0,0.0,7180,1924,89516,0.01
13,91453,0,0.0,7181,1924,89529,0.01
13,91466,0,0.0,7182,1924,89542,0.01
13,91479,0,0.0,7183,1924,89555,0.01
13,91492,0,0.0,7184,1924,89568,0.01
13,91505,0,0.0,7185,1924,89581,0.01
13,91518,0,0.0,7186,1924,89594,0.01
13,91531,0,0.0,7187,1924,89607,0.01
13,91544,0,0.0,7188,1924,89620,0.01
13,91557,0,0.0,7189,1924,89633,0.01
13,91570,0,0.0,7190,1924,89646,0.01
13,91583,0,0.0,7191,1925,89658,0.01
13,91596,0,0.0,7192,1925,89671,0.01
13,91609,0,0.0,7193,1925,89684,0.01
13,91622,0,0.0,7194,1925,89697,0.01
13,91635,0,0.0,7195,1925,89710,0.01
13,91648,0,0.0,7196,1925,89723,0.01
10,91658,0,0.0,7197,1926,89732,0.01
13,91671,0,0.0,7198,1926,89745,0.01
13,91684,0,0.0,7199,1926,89758,0.01
13,91697,0,0.0,7200,1926,89771,0.01
13,91710,0,0.0,7201,1926,89784,0.01
13,91723,0,0.0,7202,1926,89797,0.01
13,91736,0,0.0,7203,1926,89810,0.01
13,91749,0,0.0,7204,1926,89823,0.01
13,91762,0,0.0,7205,1926,89836,0.01
13,91775,0,0.0,7206,1926,89849,0.01
13,91788,0,0.0,7207,1926,89862,0.01
13,91801,0,0.0,7208,1927,89874,0.01
13,91814,0,0.0,7209,1927,89887,0.01
13,91827,0,0.0,7210,1928,89899,0.01
13,91840,0,0.0,7211,1928,89912,0.01
13,91853,0,0.0,7212,1928,89925,0.01
13,91866,0,0.0,7213,1928,89938,0.01
13,91879,0,0.0,7214,1928,89951,0.01
13,91892,0,0.0,7215,1928,89964,0.01
13,91905,0,0.0,7216,1928,89977,0.01
13,91918,0,0.0,7217,1928,89990,0.01
13,91931,0,0.0,7218,1928,90003,0.01
13,91944,0,0.0,7219,1928,90016,0.01
13,91957,0,0.0,7220,1928,90029,0.01
13,91970,0,0.0,7221,1928,90042,0.01
13,91983,0,0.0,7222,1928,90055,0.01
13,91996,0,0.0,7223,1928,90068,0.01
13,92009,0,0.0,7224,1929,90080,0.01
13,92022,0,0.0,7225,1929,90093,0.01
13,92035,0,0.0,7226,1929,90106,0.01
13,92048,0,0.0,7227,1929,90119,0.01
13,92061,0,0.0,7228,1929,90132,0.01
13,92074,0,0.0,7229,1929,90145,0.01
13,92087,0,0.0,7230,1929,90158,0.01
13,92100,0,0.0,7231,1929,90171,0.01
13,92113,0,0.0,7232,1930,90183,0.01
13,92126,0,0.0,7233,1930,90196,0.01
13,92139,0,0.0,7234,1930,90209,0.01
14,92153,0,0.0,7235,1931,90222,0.01
13,92166,0,0.0,7236,1931,90235,0.01
13,92179,0,0.0,7237,1931,90248,0.01
13,92192,0,0.0,7238,1931,90261,0.01
13,92205,0,0.0,7239,1931,90274,0.01
13,92218,0,0.0,7240,1931,90287,0.01
13,92231,0,0.0,7241,1931,90300,0.01
13,92244,0,0.0,7242,1931,90313,0.01
13,92257,0,0.0,7243,1931,90326,0.01
13,92270,0,0.0,7244,1931,90339,0.01
13,92283,0,0.0,7245,1931,90352,0.01
13,92296,0,0.0,7246,1931,90365,0.01
13,92309,0,0.0,7247,1931,90378,0.01
13,92322,0,0.0,7248,1931,90391,0.01
13,92335,0,0.0,7249,1931,90404,0.01
13,92348,0,0.0,7250,1931,90417,0.01
13,92361,0,0.0,7251,1931,90430,0.01
13,92374,0,0.0,7252,1931,90443,0.01
14,92388,0,0.0,7253,1932,90456,0.01
13,92401,0,0.0,7254,1932,90469,0.01
13,92414,0,0.0,7255,1932,90482,0.01
13,92427,0,0.0,7256,1932,90495,0.01
13,92440,0,0.0,7257,1933,90507,0.01
13,92453,0,0.0,7258,1933,90520,0.01
13,92466,0,0.0,7259,1933,90533,0.01
13,92479,0,0.0,7260,1933,90546,0.01
13,92492,0,0.0,7261,1933,90559,0.01
13,92505,0,0.0,7262,1933,90572,0.01
2,92507,0,0.0,7263,1934,90573,0.01
13,92520,0,0.0,7264,1934,90586,0.01
13,92533,0,0.0,7265,1934,90599,0.01
13,92546,0,0.0,7266,1934,90612,0.01
13,92559,0,0.0,7267,1935,90624,0.01
13,92572,0,0.0,7268,1935,90637,0.01
13,92585,0,0.0,7269,1935,90650,0.01
10,92595,0,0.0,7270,1936,90659,0.01
13,92608,0,0.0,7271,1936,90672,0.01
13,92621,0,0.0,7272,1936,90685,0.01
13,92634,0,0.0,7273,1937,90697,0.01
13,92647,0,0.0,7274,1937,90710,0.01
13,92660,0,0.0,7275,1937,90723,0.01
13,92673,0,0.0,7276,1938,90735,0.01
13,92686,0,0.0,7277,1938,90748,0.01
13,92699,0,0.0,7278,1938,90761,0.01
13,92712,0,0.0,7279,1938,90774,0.01
13,92725,0,0.0,7280,1938,90787,0.01
13,92738,0,0.0,7281,1938,90800,0.01
13,92751,0,0.0,7282,1938,90813,0.01
13,92764,0,0.0,7283,1938,90826,0.01
13,92777,0,0.0,7284,1938,90839,0.01
13,92790,0,0.0,7285,1938,90852,0.01
8,92798,0,0.0,7286,1939,90859,0.01
13,92811,0,0.0,7287,1939,90872,0.01
13,92824,0,0.0,7288,1939,90885,0.01
13,92837,0,0.0,7289,1939,90898,0.01
13,92850,0,0.0,7290,1939,90911,0.01
13,92863,0,0.0,7291,1939,90924,0.01
13,92876,0,0.0,7292,1939,90937,0.01
13,92889,0,0.0,7293,1939,90950,0.01
13,92902,0,0.0,7294,1939,90963,0.01
13,92915,0,0.0,7295,1939,90976,0.01
13,92928,0,0.0,7296,1939,90989,0.01
13,92941,0,0.0,7297,1940,91001,0.01
13,92954,0,0.0,7298,1940,91014,0.01
13,92967,0,0.0,7299,1940,91027,0.01
13,92980,0,0.0,7300,1940,91040,0.01
13,92993,0,0.0,7301,1940,91053,0.01
13,93006,0,0.0,7302,1940,91066,0.01
13,93019,0,0.0,7303,1940,91079,0.01
13,93032,0,0.0,7304,1940,91092,0.01
13,93045,0,0.0,7305,1940,91105,0.01
13,93058,0,0.0,7306,1940,91118,0.01
13,93071,0,0.0,7307,1940,91131,0.01
13,93084,0,0.0,7308,1941,91143,0.01
13,93097,0,0.0,7309,1941,91156,0.01
13,93110,0,0.0,7310,1941,91169,0.01
13,93123,0,0.0,7311,1941,91182,0.01
13,93136,0,0.0,7312,1941,91195,0.01
13,93149,0,0.0,7313,1941,91208,0.01
13,93162,0,0.0,7314,1941,91221,0.01
13,93175,0,0.0,7315,1941,91234,0.01
13,93188,0,0.0,7316,1941,91247,0.01
13,93201,0,0.0,7317,1941,91260,0.01
13,93214,0,0.0,7318,1941,91273,0.01
13,93227,0,0.0,7319,1941,91286,0.01
13,93240,0,0.0,7320,1942,91298,0.01
13,93253,0,0.0,7321,1942,91311,0.01
13,93266,0,0.0,7322,1942,91324,0.01
13,93279,0,0.0,7323,1942,91337,0.01
13,93292,0,0.0,7324,1942,91350,0.01
12,93304,0,0.0,7325,1943,91361,0.01
13,93317,0,0.0,7326,1943,91374,0.01
13,93330,0,0.0,7327,1943,91387,0.01
13,93343,0,0.0,7328,1943,91400,0.01
13,93356,0,0.0,7329,1943,91413,0.01
13,93369,0,0.0,7330,1943,91426,0.01
13,93382,0,0.0,7331,1943,91439,0.01
13,93395,0,0.0,7332,1944,91451,0.01
13,93408,0,0.0,7333,1944,91464,0.01
13,93421,0,0.0,7334,1944,91477,0.01
13,93434,0,0.0,7335,1944,91490,0.01
13,93447,0,0.0,7336,1944,91503,0.01
13,93460,0,0.0,7337,1944,91516,0.01
13,93473,0,0.0,7338,1944,91529,0.01
13,93486,0,0.0,7339,1944,91542,0.01
13,93499,0,0.0,7340,1944,91555,0.01
13,93512,0,0.0,7341,1944,91568,0.01
14,93526,0,0.0,7342,1945,91581,0.01
13,93539,0,0.0,7343,1945,91594,0.01
13,93552,0,0.0,7344,1945,91607,0.01
13,93565,0,0.0,7345,1945,91620,0.01
13,93578,0,0.0,7346,1945,91633,0.01
13,93591,0,0.0,7347,1945,91646,0.01
13,93604,0,0.0,7348,1945,91659,0.01
13,93617,0,0.0,7349,1945,91672,0.01
13,93630,0,0.0,7350,1945,91685,0.01
15,93645,0,0.0,7351,1946,91699,0.01
13,93658,0,0.0,7352,1946,91712,0.01
13,93671,0,0.0,7353,1946,91725,0.01
13,93684,0,0.0,7354,1946,91738,0.01
16,93700,0,0.0,7355,1947,91753,0.01
13,93713,0,0.0,7356,1947,91766,0.01
13,93726,0,0.0,7357,1947,91779,0.01
13,93739,0,0.0,7358,1947,91792,0.01
13,93752,0,0.0,7359,1947,91805,0.01
13,93765,0,0.0,7360,1948,91817,0.01
13,93778,0,0.0,7361,1948,91830,0.01
13,93791,0,0.0,7362,1949,91842,0.01
13,93804,0,0.0,7363,1949,91855,0.01
13,93817,0,0.0,7364,1949,91868,0.01
13,93830,0,0.0,7365,1949,91881,0.01
13,93843,0,0.0,7366,1949,91894,0.01
13,93856,0,0.0,7367,1950,91906,0.01
13,93869,0,0.0,7368,1950,91919,0.01
13,93882,0,0.0,7369,1950,91932,0.01
13,93895,0,0.0,7370,1950,91945,0.01
13,93908,0,0.0,7371,1950,91958,0.01
13,93921,0,0.0,7372,1950,91971,0.01
13,93934,0,0.0,7373,1950,91984,0.01
13,93947,0,0.0,7374,1950,91997,0.01
13,93960,0,0.0,7375,1950,92010,0.01
13,93973,0,0.0,7376,1950,92023,0.01
13,93986,0,0.0,7377,1950,92036,0.01
13,93999,0,0.0,7378,1951,92048,0.01
13,94012,0,0.0,7379,1951,92061,0.01
13,94025,0,0.0,7380,1951,92074,0.01
13,94038,0,0.0,7381,1951,92087,0.01
13,94051,0,0.0,7382,1951,92100,0.01
13,94064,0,0.0,7383,1951,92113,0.01
13,94077,0,0.0,7384,1951,92126,0.01
13,94090,0,0.0,7385,1951,92139,0.01
13,94103,0,0.0,7386,1951,92152,0.01
13,94116,0,0.0,7387,1951,92165,0.01
13,94129,0,0.0,7388,1951,92178,0.01
13,94142,0,0.0,7389,1951,92191,0.01
13,94155,0,0.0,7390,1951,92204,0.01
13,94168,0,0.0,7391,1951,92217,0.01
13,94181,0,0.0,7392,1951,92230,0.01
13,94194,0,0.0,7393,1951,92243,0.01
13,94207,0,0.0,7394,1951,92256,0.01
13,94220,0,0.0,7395,1951,92269,0.01
13,94233,0,0.0,7396,1952,92281,0.01
13,94246,0,0.0,7397,1952,92294,0.01
13,94259,0,0.0,7398,1952,92307,0.01
13,94272,0,0.0,7399,1952,92320,0.01
11,94283,0,0.0,7400,1953,92330,0.01
13,94296,0,0.0,7401,1953,92343,0.01
13,94309,0,0.0,7402,1953,92356,0.01
13,94322,0,0.0,7403,1953,92369,0.01
13,94335,0,0.0,7404,1953,92382,0.01
13,94348,0,0.0,7405,1953,92395,0.01
13,94361,0,0.0,7406,1953,92408,0.01
13,94374,0,0.0,7407,1953,92421,0.01
13,94387,0,0.0,7408,1953,92434,0.01
13,94400,0,0.0,7409,1953,92447,0.01
13,94413,0,0.0,7410,1953,92460,0.01
13,94426,0,0.0,7411,1953,92473,0.01
13,94439,0,0.0,7412,1953,92486,0.01
13,94452,0,0.0,7413,1953,92499,0.01
13,94465,0,0.0,7414,1953,92512,0.01
13,94478,0,0.0,7415,1953,92525,0.01
13,94491,0,0.0,7416,1953,92538,0.01
13,94504,0,0.0,7417,1953,92551,0.01
13,94517,0,0.0,7418,1953,92564,0.01
13,94530,0,0.0,7419,1953,92577,0.01
13,94543,0,0.0,7420,1953,92590,0.01
13,94556,0,0.0,7421,1953,92603,0.01
13,94569,0,0.0,7422,1953,92616,0.01
13,94582,0,0.0,7423,1953,92629,0.01
13,94595,0,0.0,7424,1953,92642,0.01
10,94605,0,0.0,7425,1954,92651,0.01
11,94616,0,0.0,7426,1955,92661,0.01
13,94629,0,0.0,7427,1955,92674,0.01
13,94642,0,0.0,7428,1955,92687,0.01
13,94655,0,0.0,7429,1955,92700,0.01
13,94668,0,0.0,7430,1955,92713,0.01
13,94681,0,0.0,7431,1955,92726,0.01
13,94694,0,0.0,7432,1955,92739,0.01
13,94707,0,0.0,7433,1955,92752,0.01
13,94720,0,0.0,7434,1956,92764,0.01
13,94733,0,0.0,7435,1956,92777,0.01
8,94741,0,0.0,7436,1957,92784,0.01
13,94754,0,0.0,7437,1957,92797,0.01
13,94767,0,0.0,7438,1957,92810,0.01
13,94780,0,0.0,7439,1957,92823,0.01
13,94793,0,0.0,7440,1957,92836,0.01
13,94806,0,0.0,7441,1957,92849,0.01
13,94819,0,0.0,7442,1957,92862,0.01
13,94832,0,0.0,7443,1957,92875,0.01
13,94845,0,0.0,7444,1957,92888,0.01
13,94858,0,0.0,7445,1957,92901,0.01
13,94871,0,0.0,7446,1957,92914,0.01
13,94884,0,0.0,7447,1957,92927,0.01
13,94897,0,0.0,7448,1957,92940,0.01
13,94910,0,0.0,7449,1957,92953,0.01
13,94923,0,0.0,7450,1957,92966,0.01
13,94936,0,0.0,7451,1957,92979,0.01
13,94949,0,0.0,7452,1957,92992,0.01
8,94957,0,0.0,7453,1958,92999,0.01
13,94970,0,0.0,7454,1958,93012,0.01
13,94983,0,0.0,7455,1958,93025,0.01
13,94996,0,0.0,7456,1958,93038,0.01
13,95009,0,0.0,7457,1958,93051,0.01
13,95022,0,0.0,7458,1958,93064,0.01
13,95035,0,0.0,7459,1958,93077,0.01
13,95048,0,0.0,7460,1958,93090,0.01
13,95061,0,0.0,7461,1958,93103,0.01
13,95074,0,0.0,7462,1958,93116,0.01
13,95087,0,0.0,7463,1959,93128,0.01
13,95100,0,0.0,7464,1959,93141,0.01
13,95113,0,0.0,7465,1959,93154,0.01
13,95126,0,0.0,7466,1959,93167,0.01
13,95139,0,0.0,7467,1959,93180,0.01
13,95152,0,0.0,7468,1959,93193,0.01
13,95165,0,0.0,7469,1959,93206,0.01
13,95178,0,0.0,7470,1959,93219,0.01
13,95191,0,0.0,7471,1959,93232,0.01
13,95204,0,0.0,7472,1959,93245,0.01
3,95207,0,0.0,7473,1960,93247,0.01
13,95220,0,0.0,7474,1960,93260,0.01
13,95233,0,0.0,7475,1960,93273,0.01
13,95246,0,0.0,7476,1960,93286,0.01
13,95259,0,0.0,7477,1960,93299,0.01
13,95272,0,0.0,7478,1961,93311,0.01
13,95285,0,0.0,7479,1961,93324,0.01
13,95298,0,0.0,7480,1962,93336,0.01
13,95311,0,0.0,7481,1963,93348,0.01
13,95324,0,0.0,7482,1963,93361,0.01
13,95337,0,0.0,7483,1963,93374,0.01
13,95350,0,0.0,7484,1963,93387,0.01
13,95363,0,0.0,7485,1963,93400,0.01
14,95377,0,0.0,7486,1964,93413,0.01
13,95390,0,0.0,7487,1964,93426,0.01
13,95403,0,0.0,7488,1964,93439,0.01
13,95416,0,0.0,7489,1964,93452,0.01
13,95429,0,0.0,7490,1964,93465,0.01
13,95442,0,0.0,7491,1964,93478,0.01
13,95455,0,0.0,7492,1965,93490,0.01
13,95468,0,0.0,7493,1965,93503,0.01
13,95481,0,0.0,7494,1965,93516,0.01
13,95494,0,0.0,7495,1965,93529,0.01
13,95507,0,0.0,7496,1965,93542,0.01
13,95520,0,0.0,7497,1965,93555,0.01
13,95533,0,0.0,7498,1965,93568,0.01
13,95546,0,0.0,7499,1965,93581,0.01
13,95559,0,0.0,7500,1965,93594,0.01
13,95572,0,0.0,7501,1965,93607,0.01
13,95585,0,0.0,7502,1965,93620,0.01
13,95598,0,0.0,7503,1965,93633,0.01
13,95611,0,0.0,7504,1965,93646,0.01
13,95624,0,0.0,7505,1965,93659,0.01
13,95637,0,0.0,7506,1965,93672,0.01
13,95650,0,0.0,7507,1965,93685,0.01
13,95663,0,0.0,7508,1965,93698,0.01
13,95676,0,0.0,7509,1965,93711,0.01
13,95689,0,0.0,7510,1965,93724,0.01
13,95702,0,0.0,7511,1965,93737,0.01
13,95715,0,0.0,7512,1965,93750,0.01
13,95728,0,0.0,7513,1965,93763,0.01
13,95741,0,0.0,7514,1965,93776,0.01
13,95754,0,0.0,7515,1965,93789,0.01
13,95767,0,0.0,7516,1965,93802,0.01
13,95780,0,0.0,7517,1965,93815,0.01
13,95793,0,0.0,7518,1965,93828,0.01
13,95806,0,0.0,7519,1965,93841,0.01
13,95819,0,0.0,7520,1965,93854,0.01
13,95832,0,0.0,7521,1965,93867,0.01
13,95845,0,0.0,7522,1965,93880,0.01
13,95858,0,0.0,7523,1965,93893,0.01
13,95871,0,0.0,7524,1965,93906,0.01
13,95884,0,0.0,7525,1965,93919,0.01
13,95897,0,0.0,7526,1965,93932,0.01
13,95910,0,0.0,7527,1965,93945,0.01
13,95923,0,0.0,7528,1965,93958,0.01
13,95936,0,0.0,7529,1965,93971,0.01
13,95949,0,0.0,7530,1966,93983,0.01
13,95962,0,0.0,7531,1966,93996,0.01
13,95975,0,0.0,7532,1966,94009,0.01
13,95988,0,0.0,7533,1966,94022,0.01
13,96001,0,0.0,7534,1966,94035,0.01
13,96014,0,0.0,7535,1966,94048,0.01
13,96027,0,0.0,7536,1966,94061,0.01
13,96040,0,0.0,7537,1966,94074,0.01
13,96053,0,0.0,7538,1966,94087,0.01
13,96066,0,0.0,7539,1966,94100,0.01
13,96079,0,0.0,7540,1966,94113,0.01
13,96092,0,0.0,7541,1966,94126,0.01
13,96105,0,0.0,7542,1966,94139,0.01
13,96118,0,0.0,7543,1966,94152,0.01
8,96126,0,0.0,7544,1967,94159,0.01
13,96139,0,0.0,7545,1967,94172,0.01
13,96152,0,0.0,7546,1967,94185,0.01
13,96165,0,0.0,7547,1967,94198,0.01
13,96178,0,0.0,7548,1967,94211,0.01
13,96191,0,0.0,7549,1967,94224,0.01
13,96204,0,0.0,7550,1967,94237,0.01
13,96217,0,0.0,7551,1967,94250,0.01
13,96230,0,0.0,7552,1967,94263,0.01
13,96243,0,0.0,7553,1967,94276,0.01
13,96256,0,0.0,7554,1967,94289,0.01
13,96269,0,0.0,7555,1967,94302,0.01
13,96282,0,0.0,7556,1967,94315,0.01
13,96295,0,0.0,7557,1967,94328,0.01
13,96308,0,0.0,7558,1967,94341,0.01
13,96321,0,0.0,7559,1967,94354,0.01
13,96334,0,0.0,7560,1967,94367,0.01
13,96347,0,0.0,7561,1967,94380,0.01
13,96360,0,0.0,7562,1967,94393,0.01
13,96373,0,0.0,7563,1967,94406,0.01
13,96386,0,0.0,7564,1967,94419,0.01
13,96399,0,0.0,7565,1967,94432,0.01
13,96412,0,0.0,7566,1967,94445,0.01
13,96425,0,0.0,7567,1967,94458,0.01
13,96438,0,0.0,7568,1967,94471,0.01
13,96451,0,0.0,7569,1967,94484,0.01
6,96457,0,0.0,7570,1968,94489,0.01
13,96470,0,0.0,7571,1968,94502,0.01
13,96483,0,0.0,7572,1968,94515,0.01
13,96496,0,0.0,7573,1968,94528,0.01
13,96509,0,0.0,7574,1968,94541,0.01
13,96522,0,0.0,7575,1968,94554,0.01
13,96535,0,0.0,7576,1968,94567,0.01
13,96548,0,0.0,7577,1969,94579,0.01
14,96562,0,0.0,7578,1970,94592,0.01
13,96575,0,0.0,7579,1970,94605,0.01
13,96588,0,0.0,7580,1970,94618,0.01
13,96601,0,0.0,7581,1970,94631,0.01
13,96614,0,0.0,7582,1970,94644,0.01
13,96627,0,0.0,7583,1970,94657,0.01
13,96640,0,0.0,7584,1970,94670,0.01
13,96653,0,0.0,7585,1970,94683,0.01
13,96666,0,0.0,7586,1970,94696,0.01
13,96679,0,0.0,7587,1970,94709,0.01
13,96692,0,0.0,7588,1970,94722,0.01
13,96705,0,0.0,7589,1970,94735,0.01
13,96718,0,0.0,7590,1970,94748,0.01
13,96731,0,0.0,7591,1970,94761,0.01
13,96744,0,0.0,7592,1970,94774,0.01
13,96757,0,0.0,7593,1970,94787,0.01
13,96770,0,0.0,7594,1970,94800,0.01
13,96783,0,0.0,7595,1970,94813,0.01
13,96796,0,0.0,7596,1970,94826,0.01
13,96809,0,0.0,7597,1970,94839,0.01
13,96822,0,0.0,7598,1970,94852,0.01
13,96835,0,0.0,7599,1970,94865,0.01
13,96848,0,0.0,7600,1970,94878,0.01
13,96861,0,0.0,7601,1970,94891,0.01
13,96874,0,0.0,7602,1970,94904,0.01
13,96887,0,0.0,7603,1970,94917,0.01
13,96900,0,0.0,7604,1970,94930,0.01
14,96914,0,0.0,7605,1971,94943,0.01
13,96927,0,0.0,7606,1971,94956,0.01
13,96940,0,0.0,7607,1971,94969,0.01
13,96953,0,0.0,7608,1971,94982,0.01
6,96959,0,0.0,7609,1972,94987,0.01
13,96972,0,0.0,7610,1972,95000,0.01
13,96985,0,0.0,7611,1972,95013,0.01
13,96998,0,0.0,7612,1972,95026,0.01
13,97011,0,0.0,7613,1972,95039,0.01
13,97024,0,0.0,7614,1972,95052,0.01
13,97037,0,0.0,7615,1972,95065,0.01
13,97050,0,0.0,7616,1972,95078,0.01
13,97063,0,0.0,7617,1972,95091,0.01
13,97076,0,0.0,7618,1972,95104,0.01
13,97089,0,0.0,7619,1972,95117,0.01
13,97102,0,0.0,7620,1972,95130,0.01
13,97115,0,0.0,7621,1972,95143,0.01
13,97128,0,0.0,7622,1972,95156,0.01
13,97141,0,0.0,7623,1972,95169,0.01
13,97154,0,0.0,7624,1972,95182,0.01
13,97167,0,0.0,7625,1972,95195,0.01
13,97180,0,0.0,7626,1972,95208,0.01
13,97193,0,0.0,7627,1972,95221,0.01
13,97206,0,0.0,7628,1972,95234,0.01
13,97219,0,0.0,7629,1972,95247,0.01
13,97232,0,0.0,7630,1972,95260,0.01
13,97245,0,0.0,7631,1972,95273,0.01
13,97258,0,0.0,7632,1972,95286,0.01
13,97271,0,0.0,7633,1972,95299,0.01
13,97284,0,0.0,7634,1972,95312,0.01
13,97297,0,0.0,7635,1972,95325,0.01
13,97310,0,0.0,7636,1972,95338,0.01
13,97323,0,0.0,7637,1972,95351,0.01
13,97336,0,0.0,7638,1972,95364,0.01
13,97349,0,0.0,7639,1972,95377,0.01
13,97362,0,0.0,7640,1972,95390,0.01
13,97375,0,0.0,7641,1972,95403,0.01
13,97388,0,0.0,7642,1972,95416,0.01
13,97401,0,0.0,7643,1972,95429,0.01
13,97414,0,0.0,7644,1972,95442,0.01
13,97427,0,0.0,7645,1972,95455,0.01
13,97440,0,0.0,7646,1972,95468,0.01
13,97453,0,0.0,7647,1972,95481,0.01
9,97462,0,0.0,7648,1973,95489,0.01
13,97475,0,0.0,7649,1973,95502,0.01
10,97485,0,0.0,7650,1974,95511,0.01
13,97498,0,0.0,7651,1974,95524,0.01
13,97511,0,0.0,7652,1974,95537,0.01
13,97524,0,0.0,7653,1974,95550,0.01
12,97536,0,0.0,7654,1976,95560,0.01
13,97549,0,0.0,7655,1976,95573,0.01
13,97562,0,0.0,7656,1976,95586,0.01
13,97575,0,0.0,7657,1976,95599,0.01
2,97577,0,0.0,7658,1977,95600,0.01
13,97590,0,0.0,7659,1977,95613,0.01
13,97603,0,0.0,7660,1977,95626,0.01
13,97616,0,0.0,7661,1977,95639,0.01
13,97629,0,0.0,7662,1977,95652,0.01
13,97642,0,0.0,7663,1977,95665,0.01
13,97655,0,0.0,7664,1977,95678,0.01
13,97668,0,0.0,7665,1978,95690,0.01
13,97681,0,0.0,7666,1978,95703,0.01
13,97694,0,0.0,7667,1978,95716,0.01
13,97707,0,0.0,7668,1978,95729,0.01
13,97720,0,0.0,7669,1978,95742,0.01
13,97733,0,0.0,7670,1978,95755,0.01
13,97746,0,0.0,7671,1978,95768,0.01
13,97759,0,0.0,7672,1978,95781,0.01
13,97772,0,0.0,7673,1978,95794,0.01
13,97785,0,0.0,7674,1978,95807,0.01
13,97798,0,0.0,7675,1978,95820,0.01
8,97806,0,0.0,7676,1979,95827,0.01
13,97819,0,0.0,7677,1979,95840,0.01
13,97832,0,0.0,7678,1979,95853,0.01
13,97845,0,0.0,7679,1979,95866,0.01
13,97858,0,0.0,7680,1979,95879,0.01
2,97860,0,0.0,7681,1980,95880,0.01
13,97873,0,0.0,7682,1980,95893,0.01
13,97886,0,0.0,7683,1980,95906,0.01
13,97899,0,0.0,7684,1980,95919,0.01
13,97912,0,0.0,7685,1980,95932,0.01
13,97925,0,0.0,7686,1980,95945,0.01
13,97938,0,0.0,7687,1980,95958,0.01
13,97951,0,0.0,7688,1980,95971,0.01
13,97964,0,0.0,7689,1980,95984,0.01
14,97978,0,0.0,7690,1981,95997,0.01
13,97991,0,0.0,7691,1981,96010,0.01
13,98004,0,0.0,7692,1981,96023,0.01
13,98017,0,0.0,7693,1981,96036,0.01
16,98033,0,0.0,7694,1983,96050,0.01
15,98048,0,0.0,7695,1984,96064,0.01
13,98061,0,0.0,7696,1984,96077,0.01
13,98074,0,0.0,7697,1985,96089,0.01
13,98087,0,0.0,7698,1985,96102,0.01
13,98100,0,0.0,7699,1986,96114,0.01
13,98113,0,0.0,7700,1986,96127,0.01
13,98126,0,0.0,7701,1986,96140,0.01
13,98139,0,0.0,7702,1986,96153,0.01
13,98152,0,0.0,7703,1986,96166,0.01
13,98165,0,0.0,7704,1986,96179,0.01
13,98178,0,0.0,7705,1986,96192,0.01
13,98191,0,0.0,7706,1986,96205,0.01
13,98204,0,0.0,7707,1986,96218,0.01
13,98217,0,0.0,7708,1986,96231,0.01
13,98230,0,0.0,7709,1986,96244,0.01
13,98243,0,0.0,7710,1986,96257,0.01
13,98256,0,0.0,7711,1986,96270,0.01
13,98269,0,0.0,7712,1986,96283,0.01
13,98282,0,0.0,7713,1987,96295,0.01
13,98295,0,0.0,7714,1987,96308,0.01
13,98308,0,0.0,7715,1987,96321,0.01
13,98321,0,0.0,7716,1988,96333,0.01
13,98334,0,0.0,7717,1988,96346,0.01
13,98347,0,0.0,7718,1988,96359,0.01
13,98360,0,0.0,7719,1988,96372,0.01
13,98373,0,0.0,7720,1988,96385,0.01
8,98381,0,0.0,7721,1989,96392,0.01
13,98394,0,0.0,7722,1989,96405,0.01
13,98407,0,0.0,7723,1989,96418,0.01
13,98420,0,0.0,7724,1989,96431,0.01
15,98435,0,0.0,7725,1990,96445,0.01
13,98448,0,0.0,7726,1990,96458,0.01
13,98461,0,0.0,7727,1990,96471,0.01
13,98474,0,0.0,7728,1990,96484,0.01
13,98487,0,0.0,7729,1990,96497,0.01
13,98500,0,0.0,7730,1990,96510,0.01
13,98513,0,0.0,7731,1990,96523,0.01
13,98526,0,0.0,7732,1990,96536,0.01
13,98539,0,0.0,7733,1990,96549,0.01
13,98552,0,0.0,7734,1990,96562,0.01
13,98565,0,0.0,7735,1990,96575,0.01
13,98578,0,0.0,7736,1990,96588,0.01
13,98591,0,0.0,7737,1990,96601,0.01
13,98604,0,0.0,7738,1990,96614,0.01
13,98617,0,0.0,7739,1990,96627,0.01
13,98630,0,0.0,7740,1990,96640,0.01
13,98643,0,0.0,7741,1990,96653,0.01
13,98656,0,0.0,7742,1990,96666,0.01
13,98669,0,0.0,7743,1990,96679,0.01
13,98682,0,0.0,7744,1990,96692,0.01
13,98695,0,0.0,7745,1990,96705,0.01
13,98708,0,0.0,7746,1990,96718,0.01
13,98721,0,0.0,7747,1990,96731,0.01
13,98734,0,0.0,7748,1990,96744,0.01
13,98747,0,0.0,7749,1990,96757,0.01
13,98760,0,0.0,7750,1990,96770,0.01
13,98773,0,0.0,7751,1990,96783,0.01
13,98786,0,0.0,7752,1990,96796,0.01
13,98799,0,0.0,7753,1990,96809,0.01
13,98812,0,0.0,7754,1990,96822,0.01
14,98826,0,0.0,7755,1991,96835,0.01
13,98839,0,0.0,7756,1991,96848,0.01
13,98852,0,0.0,7757,1991,96861,0.01
9,98861,0,0.0,7758,1992,96869,0.01
13,98874,0,0.0,7759,1992,96882,0.01
13,98887,0,0.0,7760,1992,96895,0.01
14,98901,0,0.0,7761,1993,96908,0.01
13,98914,0,0.0,7762,1994,96920,0.01
13,98927,0,0.0,7763,1994,96933,0.01
13,98940,0,0.0,7764,1994,96946,0.01
13,98953,0,0.0,7765,1994,96959,0.01
13,98966,0,0.0,7766,1994,96972,0.01
13,98979,0,0.0,7767,1994,96985,0.01
13,98992,0,0.0,7768,1994,96998,0.01
12,99004,0,0.0,7769,1995,97009,0.01
13,99017,0,0.0,7770,1995,97022,0.01
13,99030,0,0.0,7771,1995,97035,0.01
13,99043,0,0.0,7772,1995,97048,0.01
13,99056,0,0.0,7773,1996,97060,0.01
8,99064,0,0.0,7774,1997,97067,0.01
13,99077,0,0.0,7775,1997,97080,0.01
13,99090,0,0.0,7776,1997,97093,0.01
13,99103,0,0.0,7777,1997,97106,0.01
13,99116,0,0.0,7778,1997,97119,0.01
13,99129,0,0.0,7779,1997,97132,0.01
13,99142,0,0.0,7780,1997,97145,0.01
13,99155,0,0.0,7781,1997,97158,0.01
13,99168,0,0.0,7782,1997,97171,0.01
13,99181,0,0.0,7783,1997,97184,0.01
13,99194,0,0.0,7784,1997,97197,0.01
13,99207,0,0.0,7785,1997,97210,0.01
13,99220,0,0.0,7786,1997,97223,0.01
13,99233,0,0.0,7787,1997,97236,0.01
13,99246,0,0.0,7788,1997,97249,0.01
13,99259,0,0.0,7789,1997,97262,0.01
13,99272,0,0.0,7790,1997,97275,0.01
13,99285,0,0.0,7791,1997,97288,0.01
13,99298,0,0.0,7792,1997,97301,0.01
13,99311,0,0.0,7793,1997,97314,0.01
13,99324,0,0.0,7794,1997,97327,0.01
13,99337,0,0.0,7795,1997,97340,0.01
13,99350,0,0.0,7796,1997,97353,0.01
13,99363,0,0.0,7797,1997,97366,0.01
13,99376,0,0.0,7798,1997,97379,0.01
13,99389,0,0.0,7799,1997,97392,0.01
13,99402,0,0.0,7800,1997,97405,0.01
13,99415,0,0.0,7801,1997,97418,0.01
13,99428,0,0.0,7802,1997,97431,0.01
13,99441,0,0.0,7803,1997,97444,0.01
13,99454,0,0.0,7804,1997,97457,0.01
2,99456,0,0.0,7805,1998,97458,0.01
13,99469,0,0.0,7806,1998,97471,0.01
13,99482,0,0.0,7807,1998,97484,0.01
13,99495,0,0.0,7808,1998,97497,0.01
13,99508,0,0.0,7809,1998,97510,0.01
13,99521,0,0.0,7810,1999,97522,0.01
13,99534,0,0.0,7811,1999,97535,0.01
13,99547,0,0.0,7812,1999,97548,0.01
13,99560,0,0.0,7813,1999,97561,0.01
13,99573,0,0.0,7814,1999,97574,0.01
13,99586,0,0.0,7815,1999,97587,0.01
13,99599,0,0.0,7816,1999,97600,0.01
10,99609,0,0.0,7817,2000,97609,0.01
13,99622,0,0.0,7818,2000,97622,0.01
13,99635,0,0.0,7819,2000,97635,0.01
13,99648,0,0.0,7820,2000,97648,0.01
13,99661,0,0.0,7821,2000,97661,0.01
13,99674,0,0.0,7822,2000,97674,0.01
13,99687,0,0.0,7823,2000,97687,0.01
13,99700,0,0.0,7824,2000,97700,0.01
13,99713,0,0.0,7825,2000,97713,0.01
13,99726,0,0.0,7826,2000,97726,0.01
13,99739,0,0.0,7827,2000,97739,0.01
13,99752,0,0.0,7828,2000,97752,0.01
13,99765,0,0.0,7829,2000,97765,0.01
13,99778,0,0.0,7830,2000,97778,0.01
13,99791,0,0.0,7831,2000,97791,0.01
13,99804,0,0.0,7832,2000,97804,0.01
13,99817,0,0.0,7833,2000,97817,0.01
13,99830,0,0.0,7834,2000,97830,0.01
13,99843,0,0.0,7835,2000,97843,0.01
13,99856,0,0.0,7836,2000,97856,0.01
13,99869,0,0.0,7837,2000,97869,0.01
13,99882,0,0.0,7838,2000,97882,0.01
13,99895,0,0.0,7839,2000,97895,0.01
13,99908,0,0.0,7840,2000,97908,0.01
13,99921,0,0.0,7841,2000,97921,0.01
13,99934,0,0.0,7842,2000,97934,0.01
16,99950,0,0.0,7843,2001,97949,0.01
13,99963,0,0.0,7844,2001,97962,0.01
13,99976,0,0.0,7845,2001,97975,0.01
13,99989,0,0.0,7846,2001,97988,0.01
