iteration,successes,successes_episode,reward_episode,episode_count,random_act,timestep,epsilon
2,2,0,0.0,1,2,0,1.0
16,18,0,0.0,2,18,0,0.9901493354116764
6,24,0,0.0,3,24,0,0.9803966865736877
15,39,0,0.0,4,38,1,0.970741078213023
3,42,0,0.0,5,40,2,0.9611815447608
8,50,0,0.0,6,48,2,0.9517171302557069
6,56,0,0.0,7,54,2,0.9423468882484062
13,69,0,0.0,8,64,5,0.9330698817068888
3,72,0,0.0,9,67,5,0.9238851829227694
3,75,0,0.0,10,69,6,0.9147918734185159
6,81,0,0.0,11,75,6,0.9057890438555999
11,92,0,0.0,12,86,6,0.896875793943563
6,98,0,0.0,13,92,6,0.888051232349986
7,105,0,0.0,14,99,6,0.8793144766113556
15,120,0,0.0,15,112,8,0.8706646530448178
5,125,0,0.0,16,116,9,0.8621008966608072
6,131,0,0.0,17,122,9,0.8536223510765493
3,134,0,0.0,18,125,9,0.8452281684304199
17,151,0,0.0,19,140,11,0.8369175092971592
16,167,0,0.0,20,156,11,0.8286895426039287
8,175,0,0.0,21,162,13,0.820543445547202
7,182,0,0.0,22,168,14,0.8124784035104852
5,187,0,0.0,23,172,15,0.8044936099828537
21,208,0,0.0,24,188,20,0.7965882664783007
2,210,0,0.0,25,190,20,0.7887615824558879
15,225,0,0.0,26,201,24,0.7810127752406908
11,236,0,0.0,27,211,25,0.7733410699455306
10,246,0,0.0,28,217,29,0.7657456993934846
23,269,0,0.0,29,237,32,0.7582259040411682
7,276,1,1.0,30,241,35,0.7507809319027796
4,280,1,0.0,31,244,36,0.7434100384749007
6,286,1,0.0,32,248,38,0.7361124866620463
4,290,1,0.0,33,251,39,0.7288875467029541
18,308,1,0.0,34,267,41,0.7217344960976069
5,313,1,0.0,35,272,41,0.7146526195349836
5,318,1,0.0,36,274,44,0.7076412088215263
4,322,1,0.0,37,277,45,0.7006995628103208
4,326,1,0.0,38,280,46,0.6938269873309811
6,332,1,0.0,39,284,48,0.6870227951202322
5,337,1,0.0,40,285,52,0.680286305753183
4,341,1,0.0,41,287,54,0.6736168455752829
10,351,1,0.0,42,295,56,0.6670137476349562
11,362,1,0.0,43,301,61,0.6604763516169062
15,377,1,0.0,44,310,67,0.6540040037760834
5,382,1,0.0,45,313,69,0.64759605687231
5,387,1,0.0,46,313,74,0.6412518701055556
5,392,1,0.0,47,314,78,0.6349708090518567
21,413,1,0.0,48,329,84,0.6287522455998737
13,426,1,0.0,49,339,87,0.6225955578880794
6,432,1,0.0,50,344,88,0.616500130242572
13,445,1,0.0,51,354,91,0.6104653531155071
6,451,1,0.0,52,358,93,0.6044906230241432
5,456,1,0.0,53,360,96,0.5985753424904925
4,460,1,0.0,54,361,99,0.5927189199815717
13,473,1,0.0,55,367,106,0.5869207698502498
6,479,1,0.0,56,371,108,0.5811803122766818
5,484,1,0.0,57,373,111,0.5754969732103268
3,487,1,0.0,58,375,112,0.5698701843125418
6,493,1,0.0,59,376,117,0.564299382899748
5,498,1,0.0,60,379,119,0.558784011887162
4,502,1,0.0,61,380,122,0.5533235197330862
6,508,1,0.0,62,383,125,0.5479173603837548
9,517,2,1.0,63,388,129,0.5425649932187278
5,522,2,0.0,64,389,133,0.5372658829968282
14,536,2,0.0,65,398,138,0.5320194998026181
6,542,2,0.0,66,401,141,0.5268253189934059
3,545,2,0.0,67,403,142,0.5216828211467822
5,550,2,0.0,68,406,144,0.516591492008677
2,552,2,0.0,69,408,144,0.5115508224419336
5,557,2,0.0,70,410,147,0.5065603083753949
3,560,2,0.0,71,412,148,0.5016194507534953
28,588,2,0.0,72,429,159,0.49672775548635545
2,590,2,0.0,73,430,160,0.491884733400372
16,606,2,0.0,74,438,168,0.48708990018930043
14,620,2,0.0,75,443,177,0.48234277636582407
8,628,2,0.0,76,446,182,0.47764288721360454
18,646,2,0.0,77,452,194,0.47298976273981014
12,658,2,0.0,78,462,196,0.4683829376281158
6,664,2,0.0,79,465,199,0.4638219511921713
6,670,2,0.0,80,468,202,0.4593063473295323
4,674,2,0.0,81,470,204,0.45483567447604933
7,681,2,0.0,82,473,208,0.4504094855607117
6,687,2,0.0,83,475,212,0.44602733796093924
3,690,2,0.0,84,477,213,0.4416887934583202
6,696,2,0.0,85,481,215,0.43739341819478894
20,716,2,0.0,86,490,226,0.43314078262923944
15,731,2,0.0,87,496,235,0.4289304614945713
7,738,2,0.0,88,501,237,0.42476203375516264
10,748,2,0.0,89,505,243,0.42063508256476556
7,755,2,0.0,90,508,247,0.41654919522482203
2,757,2,0.0,91,509,248,0.4125039631431931
3,760,2,0.0,92,510,250,0.40849898179329963
19,779,2,0.0,93,517,262,0.404533850673669
8,787,2,0.0,94,519,268,0.40060817326788506
21,808,2,0.0,95,532,276,0.3967215570049359
9,817,2,0.0,96,538,279,0.3928736132199562
4,821,2,0.0,97,540,281,0.38906395711536096
9,830,2,0.0,98,543,287,0.38529220772236483
9,839,2,0.0,99,548,291,0.3815579878628856
6,845,2,0.0,100,552,293,0.37786092411182526
14,859,2,0.0,101,558,301,0.3742006467597279
21,880,2,0.0,102,568,312,0.3705767897758081
9,889,2,0.0,103,572,317,0.3669889907713475
8,897,2,0.0,104,573,324,0.36343689096345594
6,903,2,0.0,105,575,328,0.35992013513919235
10,913,2,0.0,106,576,337,0.35643837162004377
17,930,2,0.0,107,585,345,0.3529912522267568
3,933,2,0.0,108,586,347,0.34957843224451957
2,935,2,0.0,109,586,349,0.34619957038848975
4,939,2,0.0,110,586,353,0.34285432876966604
6,945,3,1.0,111,587,358,0.3395423728610988
5,950,3,0.0,112,589,361,0.3362633714644372
4,954,3,0.0,113,590,364,0.33301699667680906
8,962,3,0.0,114,592,370,0.3298029238580304
8,970,3,0.0,115,596,374,0.3266208315981408
18,988,3,0.0,116,604,384,0.32347040168526264
5,993,3,0.0,117,606,387,0.3203513190737793
9,1002,3,0.0,118,610,392,0.3172632718528302
9,1011,3,0.0,119,612,399,0.31420595121511996
2,1013,3,0.0,120,613,400,0.311179051426037
12,1025,3,0.0,121,615,410,0.3081822697930801
9,1034,3,0.0,122,618,416,0.3052153066355885
9,1043,3,0.0,123,620,423,0.30227786525477407
9,1052,4,1.0,124,622,430,0.29936965190405085
9,1061,4,0.0,125,624,437,0.29649037575966014
2,1063,4,0.0,126,625,438,0.29363974889158817
27,1090,4,0.0,127,641,449,0.2908174862347727
2,1092,4,0.0,128,643,449,0.28802330556059597
2,1094,4,0.0,129,643,451,0.2852569274486622
9,1103,4,0.0,130,645,458,0.2825180752588548
5,1108,4,0.0,131,648,460,0.27980647510367246
13,1121,5,1.0,132,649,472,0.2771218558208399
20,1141,5,0.0,133,656,485,0.27446394894619186
9,1150,5,0.0,134,658,492,0.27183248868682575
9,1159,5,0.0,135,661,498,0.26922721189452276
14,1173,5,0.0,136,664,509,0.2666478580394326
11,1184,5,0.0,137,667,517,0.26409416918402034
6,1190,5,0.0,138,671,519,0.26156588995727226
7,1197,5,0.0,139,675,522,0.2590627675291589
26,1223,6,1.0,140,682,541,0.2565845515853515
19,1242,7,1.0,141,686,556,0.2541309943021904
10,1252,7,0.0,142,686,566,0.25170185032190273
2,1254,7,0.0,143,687,567,0.24929687672806608
21,1275,8,1.0,144,696,579,0.246915833021317
13,1288,9,1.0,145,701,587,0.24455848109530054
10,1298,9,0.0,146,705,593,0.2422245852128597
17,1315,10,1.0,147,709,606,0.23991391198246126
16,1331,10,0.0,148,712,619,0.2376262303348566
27,1358,10,0.0,149,719,639,0.2353613114999746
3,1361,10,0.0,150,720,641,0.23311892898404435
7,1368,11,1.0,151,720,648,0.23089885854694553
5,1373,11,0.0,152,721,652,0.22870087817978443
9,1382,11,0.0,153,724,658,0.22652476808269262
11,1393,11,0.0,154,727,666,0.22437031064284702
9,1402,11,0.0,155,730,672,0.22223729041270818
9,1411,11,0.0,156,733,678,0.22012549408847562
7,1418,11,0.0,157,733,685,0.21803471048875708
13,1431,11,0.0,158,733,698,0.21596473053345028
9,1440,11,0.0,159,734,706,0.21391534722283462
3,1443,11,0.0,160,735,708,0.2118863556168713
8,1451,11,0.0,161,738,713,0.20987755281470882
9,1460,11,0.0,162,738,722,0.20788873793439305
9,1469,11,0.0,163,738,731,0.2059197120927785
9,1478,11,0.0,164,740,738,0.20397027838564025
9,1487,12,1.0,165,740,747,0.20204024186798297
18,1505,12,0.0,166,743,762,0.20012940953454655
8,1513,12,0.0,167,745,768,0.1982375903005053
17,1530,12,0.0,168,753,777,0.19636459498235934
17,1547,13,1.0,169,753,794,0.19451023627901587
9,1556,13,0.0,170,755,801,0.19267432875305937
9,1565,13,0.0,171,757,808,0.19085668881220733
10,1575,13,0.0,172,758,817,0.1890571346909509
2,1577,13,0.0,173,759,818,0.1872754864323783
9,1586,13,0.0,174,762,824,0.18551156587017906
2,1588,13,0.0,175,763,825,0.1837651966108269
3,1591,13,0.0,176,763,828,0.1820362040159407
5,1596,13,0.0,177,765,831,0.18032441518482004
10,1606,13,0.0,178,767,839,0.17862965893715535
11,1617,13,0.0,179,768,849,0.17695176579590954
12,1629,13,0.0,180,770,859,0.1752905679703703
23,1652,14,1.0,181,772,880,0.17364589933937066
9,1661,14,0.0,182,774,887,0.172017595434677
3,1664,14,0.0,183,776,888,0.17040549342454195
7,1671,15,1.0,184,777,894,0.16880943209742102
13,1684,15,0.0,185,778,906,0.16722925184585147
7,1691,16,1.0,186,779,912,0.16566479465049133
6,1697,16,0.0,187,781,916,0.16411590406431734
4,1701,16,0.0,188,782,919,0.1625824251969801
13,1714,16,0.0,189,785,929,0.16106420469931504
9,1723,16,0.0,190,786,937,0.15956109074800714
7,1730,17,1.0,191,786,944,0.1580729330304087
7,1737,18,1.0,192,786,951,0.15659958272950783
7,1744,19,1.0,193,786,958,0.15514089250904667
7,1751,20,1.0,194,786,965,0.1536967164987875
4,1755,20,0.0,195,787,968,0.1522669102799259
7,1762,21,1.0,196,788,974,0.15085133087064845
7,1769,22,1.0,197,789,980,0.14944983671183457
7,1776,23,1.0,198,789,987,0.14806228765290044
7,1783,24,1.0,199,789,994,0.1466885449377839
5,1788,24,0.0,200,791,997,0.14532847119106862
9,1797,24,0.0,201,793,1004,0.1439819304042466
7,1804,25,1.0,202,793,1011,0.14264878792211688
10,1814,26,1.0,203,796,1018,0.1413289104293205
10,1824,27,1.0,204,798,1026,0.14002216593700811
7,1831,27,0.0,205,799,1032,0.13872842376964165
3,1834,27,0.0,206,800,1034,0.1374475545519262
9,1843,27,0.0,207,801,1042,0.13617943019587256
8,1851,27,0.0,208,803,1048,0.13492392388798838
17,1868,27,0.0,209,809,1059,0.13368091007659658
8,1876,27,0.0,210,809,1067,0.1324502644592803
11,1887,27,0.0,211,810,1077,0.13123186397045208
11,1898,27,0.0,212,812,1086,0.13002558676904785
8,1906,27,0.0,213,812,1094,0.12883131222634217
10,1916,28,1.0,214,813,1103,0.12764892091388555
5,1921,28,0.0,215,813,1108,0.1264782945915614
9,1930,28,0.0,216,813,1117,0.125319316195762
20,1950,28,0.0,217,817,1133,0.12417186982768189
4,1954,28,0.0,218,819,1135,0.12303584074172813
5,1959,28,0.0,219,820,1139,0.12191111533404535
20,1979,28,0.0,220,820,1159,0.12079758113115559
7,1986,28,0.0,221,823,1163,0.11969512677871053
17,2003,28,0.0,222,825,1178,0.11860364203035628
8,2011,28,0.0,223,826,1185,0.11752301773670837
9,2020,28,0.0,224,828,1192,0.116453145834437
16,2036,28,0.0,225,831,1205,0.11539391933546027
9,2045,28,0.0,226,833,1212,0.11434523231624569
4,2049,28,0.0,227,834,1215,0.11330697990721733
9,2058,29,1.0,228,835,1223,0.1122790582822692
10,2068,30,1.0,229,836,1232,0.11126136464838206
9,2077,31,1.0,230,837,1240,0.11025379723534455
7,2084,31,0.0,231,838,1246,0.10925625528557566
9,2093,32,1.0,232,838,1255,0.1082686390440492
4,2097,32,0.0,233,839,1258,0.10729084974831793
9,2106,32,0.0,234,840,1266,0.10632278961863742
5,2111,32,0.0,235,841,1270,0.10536436184818809
9,2120,33,1.0,236,841,1279,0.10441547059339411
9,2129,33,0.0,237,843,1286,0.10347602096433932
10,2139,33,0.0,238,846,1293,0.10254591901527788
19,2158,33,0.0,239,854,1304,0.10162507173523985
9,2167,34,1.0,240,855,1312,0.10071338703872978
9,2176,34,0.0,241,856,1320,0.09981077375651838
9,2185,34,0.0,242,858,1327,0.09891714162652515
9,2194,35,1.0,243,858,1336,0.09803240128479247
9,2203,36,1.0,244,858,1345,0.09715646425654882
9,2212,37,1.0,245,858,1354,0.09628924294736148
9,2221,37,0.0,246,858,1363,0.09543065063437678
9,2230,37,0.0,247,861,1369,0.09458060145764802
9,2239,38,1.0,248,861,1378,0.09373901041154904
9,2248,38,0.0,249,862,1386,0.092905793336274
9,2257,38,0.0,250,862,1395,0.09208086690942092
9,2266,38,0.0,251,862,1404,0.0912641486376598
18,2284,38,0.0,252,862,1422,0.09045555684848275
8,2292,38,0.0,253,862,1430,0.08965501068203711
5,2297,38,0.0,254,862,1435,0.08886243008303903
2,2299,38,0.0,255,862,1437,0.08807773579276819
3,2302,38,0.0,256,863,1439,0.08730084934114159
9,2311,39,1.0,257,864,1447,0.08653169303886674
3,2314,39,0.0,258,865,1449,0.0857701899696724
9,2323,39,0.0,259,867,1456,0.08501626398261702
9,2332,39,0.0,260,867,1465,0.0842698396844737
9,2341,40,1.0,261,868,1473,0.08353084243219053
9,2350,41,1.0,262,868,1482,0.08279919832542652
10,2360,42,1.0,263,870,1490,0.08207483419916123
5,2365,42,0.0,264,871,1494,0.08135767761637844
9,2374,43,1.0,265,871,1503,0.08064765686082219
9,2383,43,0.0,266,872,1511,0.0799447009298253
7,2390,43,0.0,267,873,1517,0.0792487395272088
9,2399,43,0.0,268,874,1525,0.07855970305625253
9,2408,44,1.0,269,874,1534,0.07787752261273513
30,2438,44,0.0,270,876,1562,0.07720212997804382
17,2455,44,0.0,271,876,1579,0.07653345761235225
17,2472,44,0.0,272,877,1595,0.07587143864786668
26,2498,45,1.0,273,877,1621,0.07521600688213892
9,2507,45,0.0,274,877,1630,0.07456709677144624
25,2532,46,1.0,275,880,1652,0.07392464342423678
7,2539,46,0.0,276,881,1658,0.0732885825946405
9,2548,46,0.0,277,881,1667,0.07265885067604429
7,2555,46,0.0,278,882,1673,0.07203538469473161
9,2564,46,0.0,279,882,1682,0.0714181223035847
13,2577,47,1.0,280,883,1694,0.07080700177585013
11,2588,47,0.0,281,883,1705,0.07020196199896576
7,2595,47,0.0,282,883,1712,0.06960294246844981
16,2611,47,0.0,283,883,1728,0.06900988328184997
7,2618,47,0.0,284,886,1732,0.06842272513275337
14,2632,47,0.0,285,889,1743,0.06784140930485581
7,2639,47,0.0,286,889,1750,0.06726587766609007
8,2647,47,0.0,287,891,1756,0.06669607266281269
10,2657,47,0.0,288,892,1765,0.06613193731404843
27,2684,47,0.0,289,895,1789,0.06557341520579238
9,2693,47,0.0,290,895,1798,0.06502045048536823
10,2703,47,0.0,291,896,1807,0.06447298785584316
9,2712,47,0.0,292,896,1816,0.06393097257049796
8,2720,47,0.0,293,897,1823,0.06339435042735246
9,2729,47,0.0,294,898,1831,0.06286306776374512
41,2770,47,0.0,295,898,1872,0.06233707145096687
30,2800,47,0.0,296,898,1902,0.06181630888894806
9,2809,47,0.0,297,901,1908,0.061300728000998575
16,2825,47,0.0,298,903,1922,0.06079027722859992
10,2835,47,0.0,299,903,1932,0.060284905526249516
16,2851,48,1.0,300,903,1948,0.05978456235635595
8,2859,49,1.0,301,904,1955,0.05928919768418531
9,2868,49,0.0,302,905,1963,0.05879876197285753
8,2876,50,1.0,303,905,1971,0.058313206178392835
8,2884,51,1.0,304,906,1978,0.05783248174480709
8,2892,52,1.0,305,908,1984,0.057356540599256385
2,2894,52,0.0,306,908,1986,0.0568853351472295
8,2902,52,0.0,307,909,1993,0.0564188182677886
12,2914,52,0.0,308,911,2003,0.05595694330885694
8,2922,53,1.0,309,912,2010,0.05549966408255377
10,2932,53,0.0,310,912,2020,0.05504693486057535
10,2942,54,1.0,311,913,2029,0.05459871036962222
9,2951,55,1.0,312,913,2038,0.05415494578687179
9,2960,56,1.0,313,913,2047,0.05371559673549593
9,2969,57,1.0,314,913,2056,0.053280619280223436
9,2978,58,1.0,315,914,2064,0.05284996992294624
9,2987,59,1.0,316,914,2073,0.05242360559836979
9,2996,60,1.0,317,914,2082,0.05200148366970627
9,3005,61,1.0,318,914,2091,0.051583561924411096
9,3014,62,1.0,319,914,2100,0.05116979856996143
9,3023,63,1.0,320,914,2109,0.050760152229677065
9,3032,64,1.0,321,914,2118,0.05035458193858255
9,3041,65,1.0,322,914,2127,0.049953047139310834
14,3055,65,0.0,323,916,2139,0.04955550767804736
4,3059,65,0.0,324,917,2142,0.04916192380051474
9,3068,66,1.0,325,917,2151,0.0487722561479972
9,3077,67,1.0,326,917,2160,0.04838646575340479
9,3086,68,1.0,327,918,2168,0.04800451403737654
9,3095,69,1.0,328,919,2176,0.04762636280442257
13,3108,69,0.0,329,922,2186,0.04725197423910444
9,3117,70,1.0,330,922,2195,0.04688131090225365
9,3126,71,1.0,331,922,2204,0.046514335727227595
9,3135,72,1.0,332,922,2213,0.046151012016203
9,3144,73,1.0,333,922,2222,0.04579130343650595
4,3148,73,0.0,334,923,2225,0.04543517401697875
9,3157,74,1.0,335,923,2234,0.04508258814438266
9,3166,75,1.0,336,923,2243,0.04473351055983658
9,3175,76,1.0,337,923,2252,0.044387906355291176
9,3184,76,0.0,338,924,2260,0.04404574097003798
2,3186,76,0.0,339,925,2261,0.04370698018725335
9,3195,77,1.0,340,926,2269,0.043371590130576676
8,3203,77,0.0,341,927,2276,0.04303953726072282
9,3212,77,0.0,342,927,2285,0.042710788372128064
9,3221,77,0.0,343,928,2293,0.042385310589629625
9,3230,78,1.0,344,928,2302,0.04206307136517797
9,3239,78,0.0,345,928,2311,0.04174403847458216
9,3248,79,1.0,346,928,2320,0.04142818001428726
9,3257,80,1.0,347,928,2329,0.04111546439818403
9,3266,81,1.0,348,928,2338,0.04080586035445025
9,3275,82,1.0,349,928,2347,0.040499336922423565
9,3284,83,1.0,350,928,2356,0.040195863449505306
9,3293,84,1.0,351,928,2365,0.039895409588095315
9,3302,85,1.0,352,928,2374,0.039597945292557044
9,3311,86,1.0,353,928,2383,0.03930344081621308
9,3320,87,1.0,354,928,2392,0.03901186670837034
9,3329,88,1.0,355,928,2401,0.03872319381137508
9,3338,89,1.0,356,928,2410,0.03843739325769703
9,3347,90,1.0,357,928,2419,0.03815443646704266
9,3356,91,1.0,358,928,2428,0.03787429514349709
9,3365,92,1.0,359,928,2437,0.03759694127269454
9,3374,93,1.0,360,928,2446,0.037322347119016795
9,3383,94,1.0,361,928,2455,0.03705048522281963
9,3392,95,1.0,362,928,2464,0.03678132839768691
9,3401,96,1.0,363,928,2473,0.036514849727711796
4,3405,96,0.0,364,929,2476,0.03625102256480524
9,3414,97,1.0,365,929,2485,0.03598982052603108
9,3423,98,1.0,366,929,2494,0.0357312174909678
9,3432,99,1.0,367,930,2502,0.03547518759909634
9,3441,100,1.0,368,930,2511,0.035221705247214206
16,3457,100,0.0,369,931,2526,0.03497074508687494
12,3469,100,0.0,370,933,2536,0.034722282021853394
3,3472,100,0.0,371,933,2539,0.034476291205635994
11,3483,100,0.0,372,933,2550,0.034232748038936146
8,3491,100,0.0,373,933,2558,0.0339916281672342
5,3496,100,0.0,374,933,2563,0.03375290747834208
9,3505,100,0.0,375,933,2572,0.033516562099991945
4,3509,100,0.0,376,933,2576,0.03328256839744902
9,3518,100,0.0,377,933,2585,0.03305090297114803
9,3527,100,0.0,378,934,2593,0.03282154265435332
9,3536,100,0.0,379,934,2602,0.03259446451084204
7,3543,100,0.0,380,936,2607,0.03236964583261064
31,3574,100,0.0,381,939,2635,0.03214706413760394
26,3600,100,0.0,382,940,2660,0.03192669716746694
9,3609,100,0.0,383,940,2669,0.031708522885318995
9,3618,101,1.0,384,940,2678,0.031492519473550085
9,3627,101,0.0,385,941,2686,0.031278665331639026
9,3636,101,0.0,386,941,2695,0.031066939073993396
9,3645,101,0.0,387,943,2702,0.030857319527811018
9,3654,101,0.0,388,943,2711,0.030649785730962574
27,3681,102,1.0,389,944,2737,0.030444316929895437
8,3689,102,0.0,390,944,2745,0.030240892577558277
10,3699,102,0.0,391,945,2754,0.030039492331346347
9,3708,102,0.0,392,946,2762,0.029840096051067175
9,3717,103,1.0,393,946,2771,0.029642683796926583
9,3726,104,1.0,394,946,2780,0.02944723582753464
9,3735,105,1.0,395,947,2788,0.029253732597931535
27,3762,106,1.0,396,948,2814,0.029062154757633053
9,3771,106,0.0,397,948,2823,0.02887248314869552
4,3775,106,0.0,398,948,2827,0.028684698803799973
9,3784,106,0.0,399,948,2836,0.02849878294435545
16,3800,106,0.0,400,948,2852,0.02831471697862105
9,3809,106,0.0,401,948,2861,0.028132482499846838
9,3818,106,0.0,402,948,2870,0.027952061284433068
9,3827,107,1.0,403,949,2878,0.02777343529010782
9,3836,107,0.0,404,949,2887,0.027596586654122846
9,3845,107,0.0,405,949,2896,0.027421497691467157
8,3853,107,0.0,406,949,2904,0.02724815089309858
8,3861,107,0.0,407,949,2912,0.0270765289241928
10,3871,107,0.0,408,949,2922,0.026906614622409945
8,3879,107,0.0,409,949,2930,0.026738390996178224
10,3889,107,0.0,410,949,2940,0.026571841222994823
8,3897,107,0.0,411,949,2948,0.026406948647743643
11,3908,107,0.0,412,949,2959,0.026243696781029717
9,3917,107,0.0,413,949,2968,0.026082069297530375
9,3926,107,0.0,414,949,2977,0.02592205003436255
9,3935,107,0.0,415,949,2986,0.025763622989466578
9,3944,107,0.0,416,949,2995,0.025606772320005942
10,3954,107,0.0,417,950,3004,0.025451482340783003
9,3963,107,0.0,418,951,3012,0.02529773752267042
8,3971,107,0.0,419,952,3019,0.025145522491058264
17,3988,107,0.0,420,953,3035,0.02499482202431651
7,3995,107,0.0,421,954,3041,0.024845621052272927
8,4003,107,0.0,422,954,3049,0.024697904654705963
10,4013,107,0.0,423,954,3059,0.024551658059852766
9,4022,107,0.0,424,954,3068,0.024406866642931964
8,4030,107,0.0,425,954,3076,0.024263515924681227
4,4034,107,0.0,426,954,3080,0.024121591569909263
12,4046,107,0.0,427,955,3091,0.023981079386062323
10,4056,108,1.0,428,955,3101,0.023841965321804916
31,4087,108,0.0,429,956,3131,0.023704235465614704
9,4096,109,1.0,430,956,3140,0.023567876044391298
9,4105,110,1.0,431,957,3148,0.023432873422078924
10,4115,110,0.0,432,957,3158,0.02329921409830285
9,4124,111,1.0,433,957,3167,0.02316688470701933
9,4133,112,1.0,434,957,3176,0.023035872015178954
9,4142,113,1.0,435,957,3185,0.022906162921403357
9,4151,114,1.0,436,957,3194,0.022777744454675064
9,4160,115,1.0,437,957,3203,0.0226506037730404
10,4170,115,0.0,438,959,3211,0.02252472816232525
10,4180,115,0.0,439,959,3221,0.022400105034863643
9,4189,116,1.0,440,959,3230,0.02227672192823897
10,4199,116,0.0,441,960,3239,0.02215456650403775
9,4208,117,1.0,442,960,3248,0.022033626546615788
9,4217,118,1.0,443,960,3257,0.021913889961876536
9,4226,119,1.0,444,960,3266,0.02179534477606175
4,4230,119,0.0,445,961,3269,0.02167797913455405
9,4239,120,1.0,446,961,3278,0.021561781300691488
9,4248,121,1.0,447,961,3287,0.02144673965459385
9,4257,122,1.0,448,961,3296,0.021332842692000656
9,4266,123,1.0,449,961,3305,0.021220079023120713
9,4275,124,1.0,450,961,3314,0.02110843737149319
9,4284,125,1.0,451,962,3322,0.02099790657285988
9,4293,126,1.0,452,962,3331,0.020888475574048812
9,4302,127,1.0,453,962,3340,0.020780133431868894
9,4311,128,1.0,454,962,3349,0.020672869312015653
9,4320,129,1.0,455,962,3358,0.020566672487987697
9,4329,130,1.0,456,962,3367,0.02046153234001413
9,4338,131,1.0,457,962,3376,0.02035743835399253
9,4347,132,1.0,458,962,3385,0.020254380120437558
9,4356,133,1.0,459,962,3394,0.02015234733343998
10,4366,133,0.0,460,963,3403,0.020051329789636065
9,4375,134,1.0,461,963,3412,0.01995131738718724
9,4384,135,1.0,462,963,3421,0.019852300124769934
9,4393,136,1.0,463,964,3429,0.019754268100575387
9,4402,137,1.0,464,965,3437,0.019657211511319474
9,4411,138,1.0,465,965,3446,0.0195611206512624
9,4420,139,1.0,466,965,3455,0.01946598591123807
9,4429,140,1.0,467,965,3464,0.01937179777769322
9,4438,141,1.0,468,965,3473,0.019278546831735997
9,4447,142,1.0,469,965,3482,0.019186223748194096
9,4456,143,1.0,470,965,3491,0.01909481929468222
7,4463,143,0.0,471,966,3497,0.019004324330678855
9,4472,144,1.0,472,966,3506,0.018914729806612192
9,4481,145,1.0,473,966,3515,0.01882602676295516
9,4490,146,1.0,474,966,3524,0.018738206329329453
9,4499,147,1.0,475,966,3533,0.018651259723618557
9,4508,148,1.0,476,966,3542,0.01856517825108943
9,4517,149,1.0,477,966,3551,0.018479953303523082
9,4526,150,1.0,478,966,3560,0.018395576358353725
9,4535,151,1.0,479,966,3569,0.018312038977816556
9,4544,152,1.0,480,966,3578,0.018229332808103887
9,4553,153,1.0,481,966,3587,0.01814744957852983
9,4562,154,1.0,482,967,3595,0.01806638110070318
7,4569,154,0.0,483,968,3601,0.01798611926770862
8,4577,154,0.0,484,968,3609,0.017906656053295947
9,4586,155,1.0,485,968,3618,0.017827983511077505
9,4595,156,1.0,486,968,3627,0.01775009377373351
9,4604,157,1.0,487,968,3636,0.017672979052225327
9,4613,158,1.0,488,968,3645,0.017596631635016534
9,4622,159,1.0,489,968,3654,0.01752104388730179
9,4631,160,1.0,490,968,3663,0.017446208250243338
9,4640,161,1.0,491,968,3672,0.017372117240215094
9,4649,162,1.0,492,968,3681,0.01729876344805433
17,4666,162,0.0,493,969,3697,0.0172261395383207
10,4676,162,0.0,494,969,3707,0.017154238248562697
10,4686,162,0.0,495,969,3717,0.017083052388591435
9,4695,163,1.0,496,969,3726,0.017012574839761596
24,4719,163,0.0,497,970,3749,0.01694279855425957
8,4727,163,0.0,498,970,3757,0.016873716554398652
11,4738,163,0.0,499,970,3768,0.016805321931921288
9,4747,164,1.0,500,970,3777,0.01673760784730824
25,4772,164,0.0,501,970,3802,0.016670567529094613
11,4783,164,0.0,502,971,3812,0.01660419427319272
30,4813,164,0.0,503,972,3841,0.016538481442221656
9,4822,164,0.0,504,972,3850,0.016473422464843575
7,4829,164,0.0,505,973,3856,0.01640901083510651
5,4834,164,0.0,506,974,3860,0.01634524011179382
8,4842,164,0.0,507,974,3868,0.016282103917780018
9,4851,165,1.0,508,974,3877,0.01621959593939311
27,4878,165,0.0,509,975,3903,0.016157709925783147
32,4910,165,0.0,510,975,3935,0.016096439688297208
27,4937,165,0.0,511,975,3962,0.016035779099860478
2,4939,165,0.0,512,975,3964,0.01597572209436357
12,4951,165,0.0,513,976,3975,0.015916262666055885
22,4973,165,0.0,514,976,3997,0.015857394868945038
27,5000,165,0.0,515,976,4024,0.015799112816202266
14,5014,165,0.0,516,977,4037,0.01574141067957372
11,5025,165,0.0,517,978,4047,0.01568428268879766
5,5030,165,0.0,518,978,4052,0.0156277231310274
10,5040,165,0.0,519,978,4062,0.015571726350260025
8,5048,165,0.0,520,980,4068,0.015516286746770792
2,5050,165,0.0,521,980,4070,0.015461398776553163
15,5065,165,0.0,522,982,4083,0.015407056950764372
14,5079,165,0.0,523,984,4095,0.01535325583517655
6,5085,165,0.0,524,984,4101,0.015299990049633304
9,5094,165,0.0,525,984,4110,0.015247254267511699
6,5100,165,0.0,526,984,4116,0.015195043215189571
9,5109,165,0.0,527,984,4125,0.015143351671518179
15,5124,165,0.0,528,985,4139,0.015092174467300075
9,5133,165,0.0,529,985,4148,0.015041506484772198
16,5149,165,0.0,530,985,4164,0.01499134265709407
8,5157,165,0.0,531,986,4171,0.014941677967841115
14,5171,166,1.0,532,986,4185,0.01489250745050302
16,5187,166,0.0,533,986,4201,0.014843826187987082
16,5203,166,0.0,534,987,4216,0.014795629312126479
2,5205,166,0.0,535,988,4217,0.014747912003193458
16,5221,166,0.0,536,988,4233,0.014700669489417359
16,5237,166,0.0,537,988,4249,0.014653897046507443
16,5253,166,0.0,538,988,4265,0.01460758999718044
9,5262,166,0.0,539,988,4274,0.014561743710692824
3,5265,166,0.0,540,988,4277,0.014516353602377746
16,5281,167,1.0,541,988,4293,0.01447141513318654
11,5292,167,0.0,542,989,4303,0.014426923809234849
30,5322,167,0.0,543,989,4333,0.014382875181353196
30,5352,167,0.0,544,989,4363,0.01433926484464209
25,5377,167,0.0,545,990,4387,0.014296088438031505
22,5399,168,1.0,546,990,4409,0.014253341643844817
7,5406,169,1.0,547,990,4416,0.014211020187366974
7,5413,170,1.0,548,990,4423,0.014169119836417065
24,5437,171,1.0,549,990,4447,0.01412763640092507
7,5444,172,1.0,550,990,4454,0.014086565732512882
7,5451,173,1.0,551,990,4461,0.014045903724079427
7,5458,174,1.0,552,990,4468,0.014005646309389977
7,5465,175,1.0,553,990,4475,0.013965789462669513
7,5472,176,1.0,554,990,4482,0.013926329198200155
7,5479,177,1.0,555,990,4489,0.013887261569922569
7,5486,178,1.0,556,990,4496,0.01384858267104137
7,5493,179,1.0,557,990,4503,0.013810288633634434
7,5500,180,1.0,558,990,4510,0.013772375628266116
7,5507,181,1.0,559,990,4517,0.013734839863604284
7,5514,182,1.0,560,990,4524,0.013697677586041186
7,5521,183,1.0,561,990,4531,0.0136608850793181
7,5528,184,1.0,562,990,4538,0.013624458664153696
7,5535,185,1.0,563,990,4545,0.013588394697876097
7,5542,186,1.0,564,990,4552,0.013552689574058628
7,5549,187,1.0,565,990,4559,0.013517339722159148
7,5556,188,1.0,566,990,4566,0.013482341607163007
7,5563,189,1.0,567,990,4573,0.013447691729229546
7,5570,190,1.0,568,990,4580,0.013413386623342096
7,5577,191,1.0,569,990,4587,0.013379422858961477
7,5584,192,1.0,570,990,4594,0.013345797039682946
7,5591,193,1.0,571,990,4601,0.01331250580289656
7,5598,194,1.0,572,990,4608,0.013279545819450893
7,5605,195,1.0,573,990,4615,0.013246913793320138
7,5612,196,1.0,574,990,4622,0.01321460646127448
7,5619,197,1.0,575,990,4629,0.013182620592553802
7,5626,198,1.0,576,990,4636,0.01315095298854457
7,5633,199,1.0,577,990,4643,0.013119600482459998
7,5640,200,1.0,578,990,4650,0.013088559939023343
7,5647,201,1.0,579,990,4657,0.013057828254154401
7,5654,202,1.0,580,990,4664,0.013027402354659073
7,5661,203,1.0,581,990,4671,0.012997279197922058
24,5685,204,1.0,582,991,4694,0.012967455771602571
7,5692,205,1.0,583,991,4701,0.012937929093333135
7,5699,206,1.0,584,991,4708,0.012908696210421315
7,5706,207,1.0,585,991,4715,0.012879754199554458
7,5713,208,1.0,586,991,4722,0.012851100166507357
9,5722,208,0.0,587,992,4730,0.012822731245852837
7,5729,209,1.0,588,992,4737,0.012794644600675184
7,5736,210,1.0,589,992,4744,0.012766837422286476
7,5743,211,1.0,590,992,4751,0.012739306929945703
7,5750,212,1.0,591,992,4758,0.012712050370580685
7,5757,213,1.0,592,992,4765,0.012685065018512777
7,5764,214,1.0,593,992,4772,0.012658348175184284
7,5771,215,1.0,594,992,4779,0.012631897168888604
7,5778,216,1.0,595,992,4786,0.012605709354503067
7,5785,217,1.0,596,992,4793,0.012579782113224414
4,5789,217,0.0,597,993,4796,0.012554112852306908
7,5796,218,1.0,598,993,4803,0.012528699004803068
7,5803,219,1.0,599,993,4810,0.012503538029306963
7,5810,220,1.0,600,993,4817,0.012478627409700078
7,5817,221,1.0,601,993,4824,0.012453964654899695
7,5824,222,1.0,602,993,4831,0.012429547298609778
7,5831,223,1.0,603,993,4838,0.01240537289907435
7,5838,224,1.0,604,993,4845,0.012381439038833314
6,5844,224,0.0,605,994,4850,0.012357743324480702
7,5851,225,1.0,606,994,4857,0.01233428338642533
7,5858,226,1.0,607,994,4864,0.012311056878653841
7,5865,227,1.0,608,994,4871,0.012288061478496108
7,5872,228,1.0,609,994,4878,0.012265294886392948
7,5879,229,1.0,610,994,4885,0.01224275482566618
7,5886,230,1.0,611,995,4891,0.012220439042290943
7,5893,231,1.0,612,995,4898,0.012198345304670311
7,5900,232,1.0,613,995,4905,0.012176471403412107
7,5907,233,1.0,614,995,4912,0.012154815151107974
7,5914,234,1.0,615,995,4919,0.012133374382114637
7,5921,235,1.0,616,995,4926,0.012112146952337331
7,5928,236,1.0,617,995,4933,0.012091130739015387
7,5935,237,1.0,618,995,4940,0.012070323640509958
7,5942,238,1.0,619,995,4947,0.012049723576093858
7,5949,239,1.0,620,995,4954,0.012029328485743472
7,5956,240,1.0,621,995,4961,0.012009136329932777
7,5963,241,1.0,622,995,4968,0.01198914508942936
7,5970,242,1.0,623,995,4975,0.011969352765092513
7,5977,243,1.0,624,995,4982,0.011949757377673304
7,5984,244,1.0,625,995,4989,0.01193035696761667
7,5991,245,1.0,626,995,4996,0.011911149594865432
7,5998,246,1.0,627,995,5003,0.011892133338666311
7,6005,247,1.0,628,995,5010,0.01187330629737784
7,6012,248,1.0,629,995,5017,0.011854666588280199
7,6019,249,1.0,630,995,5024,0.011836212347386948
9,6028,249,0.0,631,996,5032,0.011817941729258619
7,6035,250,1.0,632,996,5039,0.011799852906818169
7,6042,251,1.0,633,996,5046,0.011781944071168286
7,6049,252,1.0,634,996,5053,0.011764213431410478
7,6056,253,1.0,635,996,5060,0.011746659214465993
7,6063,254,1.0,636,996,5067,0.011729279664898506
7,6070,255,1.0,637,996,5074,0.011712073044738584
7,6077,256,1.0,638,996,5081,0.011695037633309868
7,6084,257,1.0,639,996,5088,0.011678171727057018
7,6091,258,1.0,640,996,5095,0.011661473639375353
7,6098,259,1.0,641,996,5102,0.011644941700442194
7,6105,260,1.0,642,996,5109,0.011628574257049868
7,6112,261,1.0,643,996,5116,0.011612369672440398
7,6119,262,1.0,644,996,5123,0.011596326326141817
7,6126,263,1.0,645,996,5130,0.011580442613806126
7,6133,264,1.0,646,996,5137,0.011564716947048855
7,6140,265,1.0,647,996,5144,0.011549147753290225
7,6147,266,1.0,648,996,5151,0.011533733475597885
7,6154,267,1.0,649,996,5158,0.011518472572531219
7,6161,268,1.0,650,996,5165,0.011503363517987204
7,6168,269,1.0,651,996,5172,0.011488404801047796
7,6175,270,1.0,652,996,5179,0.011473594925828836
7,6182,271,1.0,653,996,5186,0.011458932411330456
7,6189,272,1.0,654,996,5193,0.01144441579128899
5,6194,272,0.0,655,997,5197,0.011430043614030338
7,6201,273,1.0,656,997,5204,0.011415814442324796
7,6208,274,1.0,657,997,5211,0.011401726853243335
7,6215,275,1.0,658,997,5218,0.011387779438015309
7,6222,276,1.0,659,997,5225,0.011373970801887569
7,6229,277,1.0,660,997,5232,0.011360299563985
7,6236,278,1.0,661,997,5239,0.011346764357172414
7,6243,279,1.0,662,997,5246,0.011333363827917855
7,6250,280,1.0,663,997,5253,0.011320096636157226
7,6257,281,1.0,664,997,5260,0.011306961455160297
7,6264,282,1.0,665,997,5267,0.011293956971398022
7,6271,283,1.0,666,997,5274,0.01128108188441119
7,6278,284,1.0,667,997,5281,0.01126833490668037
7,6285,285,1.0,668,997,5288,0.011255714763497167
7,6292,286,1.0,669,997,5295,0.011243220192836747
7,6299,287,1.0,670,997,5302,0.011230849945231628
7,6306,288,1.0,671,997,5309,0.011218602783646746
7,6313,289,1.0,672,997,5316,0.011206477483355735
7,6320,290,1.0,673,997,5323,0.01119447283181846
7,6327,291,1.0,674,997,5330,0.011182587628559764
7,6334,292,1.0,675,997,5337,0.011170820685049418
7,6341,293,1.0,676,997,5344,0.011159170824583262
7,6348,294,1.0,677,997,5351,0.011147636882165546
7,6355,295,1.0,678,997,5358,0.011136217704392411
7,6362,296,1.0,679,997,5365,0.011124912149336568
7,6369,297,1.0,680,997,5372,0.01111371908643309
7,6376,298,1.0,681,997,5379,0.011102637396366355
7,6383,299,1.0,682,997,5386,0.011091665970958125
7,6390,300,1.0,683,997,5393,0.011080803713056716
7,6397,301,1.0,684,997,5400,0.011070049536427285
26,6423,302,1.0,685,998,5425,0.011059402365643208
7,6430,303,1.0,686,998,5432,0.011048861135978534
7,6437,304,1.0,687,998,5439,0.011038424793301511
7,6444,305,1.0,688,998,5446,0.011028092293969175
7,6451,306,1.0,689,998,5453,0.011017862604722983
7,6458,307,1.0,690,998,5460,0.011007734702585483
7,6465,308,1.0,691,998,5467,0.010997707574758025
7,6472,309,1.0,692,998,5474,0.010987780218519469
7,6479,310,1.0,693,998,5481,0.010977951641125918
7,6486,311,1.0,694,998,5488,0.010968220859711442
7,6493,312,1.0,695,998,5495,0.010958586901189789
7,6500,313,1.0,696,998,5502,0.01094904880215708
7,6507,314,1.0,697,998,5509,0.010939605608795464
7,6514,315,1.0,698,998,5516,0.010930256376777735
7,6521,316,1.0,699,998,5523,0.010921000171172899
7,6528,317,1.0,700,998,5530,0.010911836066352685
7,6535,318,1.0,701,998,5537,0.010902763145898971
7,6542,319,1.0,702,998,5544,0.010893780502512152
7,6549,320,1.0,703,998,5551,0.010884887237920403
7,6556,321,1.0,704,998,5558,0.010876082462789857
7,6563,322,1.0,705,998,5565,0.010867365296635659
7,6570,323,1.0,706,998,5572,0.010858734867733933
7,6577,324,1.0,707,998,5579,0.010850190313034594
7,6584,325,1.0,708,998,5586,0.010841730778075053
7,6591,326,1.0,709,998,5593,0.010833355416894765
7,6598,327,1.0,710,998,5600,0.01082506339195063
7,6605,328,1.0,711,998,5607,0.010816853874033245
7,6612,329,1.0,712,999,5613,0.010808726042183978
9,6621,329,0.0,713,999,5622,0.01080067908361287
28,6649,330,1.0,714,999,5650,0.01079271219361736
30,6679,330,0.0,715,999,5680,0.010784824575501804
9,6688,330,0.0,716,999,5689,0.010777015440497823
28,6716,331,1.0,717,999,5717,0.010769284007685407
9,6725,331,0.0,718,999,5726,0.01076162950391483
7,6732,332,1.0,719,999,5733,0.01075405116372934
8,6740,332,0.0,720,999,5741,0.010746548229288598
7,6747,333,1.0,721,999,5748,0.010739119950292912
7,6754,334,1.0,722,999,5755,0.010731765583908192
7,6761,335,1.0,723,999,5762,0.010724484394691668
7,6768,336,1.0,724,999,5769,0.010717275654518353
7,6775,337,1.0,725,999,5776,0.010710138642508221
7,6782,338,1.0,726,999,5783,0.010703072644954124
7,6789,339,1.0,727,999,5790,0.010696076955250418
7,6796,340,1.0,728,999,5797,0.010689150873822304
7,6803,341,1.0,729,999,5804,0.010682293708055865
7,6810,342,1.0,730,999,5811,0.010675504772228813
7,6817,343,1.0,731,999,5818,0.010668783387441906
7,6824,344,1.0,732,999,5825,0.010662128881551065
7,6831,345,1.0,733,999,5832,0.010655540589100154
7,6838,346,1.0,734,999,5839,0.010649017851254439
7,6845,347,1.0,735,999,5846,0.0106425600157347
7,6852,348,1.0,736,999,5853,0.010636166436752002
7,6859,349,1.0,737,999,5860,0.01062983647494312
7,6866,350,1.0,738,999,5867,0.010623569497306598
7,6873,351,1.0,739,999,5874,0.01061736487713945
7,6880,352,1.0,740,999,5881,0.010611221993974488
7,6887,353,1.0,741,999,5888,0.010605140233518277
7,6894,354,1.0,742,999,5895,0.010599118987589702
7,6901,355,1.0,743,999,5902,0.010593157654059155
7,6908,356,1.0,744,999,5909,0.010587255636788313
7,6915,357,1.0,745,999,5916,0.01058141234557053
7,6922,358,1.0,746,999,5923,0.01057562719607182
7,6929,359,1.0,747,999,5930,0.010569899609772403
7,6936,360,1.0,748,999,5937,0.010564229013908884
7,6943,361,1.0,749,999,5944,0.010558614841416947
7,6950,362,1.0,750,999,5951,0.010553056530874667
7,6957,363,1.0,751,999,5958,0.010547553526446355
7,6964,364,1.0,752,999,5965,0.010542105277826985
7,6971,365,1.0,753,999,5972,0.010536711240187152
7,6978,366,1.0,754,999,5979,0.0105313708741186
7,6985,367,1.0,755,999,5986,0.01052608364558027
7,6992,368,1.0,756,1000,5992,0.010520849025844903
7,6999,369,1.0,757,1000,5999,0.010515666491446161
7,7006,370,1.0,758,1000,6006,0.01051053552412629
7,7013,371,1.0,759,1000,6013,0.010505455610784278
7,7020,372,1.0,760,1000,6020,0.010500426243424558
7,7027,373,1.0,761,1000,6027,0.010495446919106205
2,7029,373,0.0,762,1001,6028,0.010490517139892635
7,7036,374,1.0,763,1001,6035,0.010485636412801822
7,7043,375,1.0,764,1001,6042,0.010480804249756986
7,7050,376,1.0,765,1001,6049,0.010476020167537797
7,7057,377,1.0,766,1001,6056,0.010471283687732046
7,7064,378,1.0,767,1001,6063,0.010466594336687809
7,7071,379,1.0,768,1001,6070,0.010461951645466068
7,7078,380,1.0,769,1001,6077,0.010457355149793835
7,7085,381,1.0,770,1001,6084,0.010452804390017712
7,7092,382,1.0,771,1001,6091,0.010448298911057929
7,7099,383,1.0,772,1001,6098,0.010443838262362837
7,7106,384,1.0,773,1001,6105,0.010439421997863846
7,7113,385,1.0,774,1001,6112,0.010435049675930827
7,7120,386,1.0,775,1001,6119,0.010430720859327945
7,7127,387,1.0,776,1001,6126,0.01042643511516993
7,7134,388,1.0,777,1001,6133,0.010422192014878798
7,7141,389,1.0,778,1001,6140,0.01041799113414098
7,7148,390,1.0,779,1001,6147,0.010413832052864903
7,7155,391,1.0,780,1001,6154,0.010409714355138974
7,7162,392,1.0,781,1001,6161,0.010405637629189989
7,7169,393,1.0,782,1001,6168,0.010401601467341955
7,7176,394,1.0,783,1001,6175,0.010397605465975325
7,7183,395,1.0,784,1001,6182,0.01039364922548663
7,7190,396,1.0,785,1001,6189,0.010389732350248527
7,7197,397,1.0,786,1001,6196,0.010385854448570228
7,7204,398,1.0,787,1002,6202,0.01038201513265833
7,7211,399,1.0,788,1002,6209,0.010378214018578047
7,7218,400,1.0,789,1002,6216,0.0103744507262148
7,7225,401,1.0,790,1003,6222,0.010370724879236218
7,7232,402,1.0,791,1003,6229,0.010367036105054498
7,7239,403,1.0,792,1003,6236,0.010363384034789147
7,7246,404,1.0,793,1003,6243,0.010359768303230097
7,7253,405,1.0,794,1003,6250,0.010356188548801179
7,7260,406,1.0,795,1003,6257,0.010352644413523964
7,7267,407,1.0,796,1003,6264,0.010349135542981974
7,7274,408,1.0,797,1003,6271,0.010345661586285228
7,7281,409,1.0,798,1003,6278,0.010342222196035164
7,7288,410,1.0,799,1003,6285,0.01033881702828989
7,7295,411,1.0,800,1003,6292,0.010335445742529792
7,7302,412,1.0,801,1003,6299,0.010332108001623487
7,7309,413,1.0,802,1003,6306,0.010328803471794101
24,7333,414,1.0,803,1005,6328,0.0103255318225859
7,7340,415,1.0,804,1005,6335,0.010322292726831234
7,7347,416,1.0,805,1005,6342,0.01031908586061783
7,7354,417,1.0,806,1005,6349,0.010315910903256391
7,7361,418,1.0,807,1006,6355,0.01031276753724854
7,7368,419,1.0,808,1006,6362,0.010309655448255054
7,7375,420,1.0,809,1006,6369,0.01030657432506444
7,7382,421,1.0,810,1006,6376,0.010303523859561813
7,7389,422,1.0,811,1006,6383,0.01030050374669808
7,7396,423,1.0,812,1006,6390,0.010297513684459435
2,7398,423,0.0,813,1007,6391,0.010294553373837166
7,7405,424,1.0,814,1007,6398,0.010291622518797741
7,7412,425,1.0,815,1007,6405,0.010288720826253218
7,7419,426,1.0,816,1007,6412,0.010285848006031922
7,7426,427,1.0,817,1007,6419,0.010283003770849435
7,7433,428,1.0,818,1007,6426,0.010280187836279871
7,7440,429,1.0,819,1007,6433,0.010277399920727424
7,7447,430,1.0,820,1007,6440,0.01027463974539822
7,7454,431,1.0,821,1007,6447,0.010271907034272422
7,7461,432,1.0,822,1007,6454,0.01026920151407664
7,7468,433,1.0,823,1007,6461,0.010266522914256601
7,7475,434,1.0,824,1007,6468,0.010263870966950093
7,7482,435,1.0,825,1007,6475,0.01026124540696017
9,7491,435,0.0,826,1008,6483,0.010258645971728651
7,7498,436,1.0,827,1008,6490,0.010256072401309843
7,7505,437,1.0,828,1008,6497,0.01025352443834456
7,7512,438,1.0,829,1008,6504,0.010251001828034383
7,7519,439,1.0,830,1008,6511,0.010248504318116178
7,7526,440,1.0,831,1008,6518,0.010246031658836873
7,7533,441,1.0,832,1008,6525,0.010243583602928479
7,7540,442,1.0,833,1008,6532,0.010241159905583363
7,7547,443,1.0,834,1008,6539,0.010238760324429774
9,7556,443,0.0,835,1009,6547,0.010236384619507594
7,7563,444,1.0,836,1009,6554,0.010234032553244354
7,7570,445,1.0,837,1009,6561,0.010231703890431466
7,7577,446,1.0,838,1009,6568,0.01022939839820071
7,7584,447,1.0,839,1009,6575,0.010227115846000938
7,7591,448,1.0,840,1009,6582,0.01022485600557503
7,7598,449,1.0,841,1009,6589,0.01022261865093706
7,7605,450,1.0,842,1009,6596,0.010220403558349701
7,7612,451,1.0,843,1009,6603,0.010218210506301846
7,7619,452,1.0,844,1010,6609,0.010216039275486465
7,7626,453,1.0,845,1010,6616,0.010213889648778665
7,7633,454,1.0,846,1010,6623,0.010211761411213984
7,7640,455,1.0,847,1010,6630,0.010209654349966894
7,7647,456,1.0,848,1010,6637,0.010207568254329514
7,7654,457,1.0,849,1010,6644,0.01020550291569054
7,7661,458,1.0,850,1010,6651,0.010203458127514388
7,7668,459,1.0,851,1010,6658,0.010201433685320538
7,7675,460,1.0,852,1010,6665,0.010199429386663081
7,7682,461,1.0,853,1010,6672,0.010197445031110482
7,7689,462,1.0,854,1010,6679,0.010195480420225531
7,7696,463,1.0,855,1010,6686,0.010193535357545505
7,7703,464,1.0,856,1010,6693,0.010191609648562514
7,7710,465,1.0,857,1010,6700,0.010189703100704052
7,7717,466,1.0,858,1010,6707,0.01018781552331375
7,7724,467,1.0,859,1010,6714,0.01018594672763229
7,7731,468,1.0,860,1010,6721,0.010184096526778551
7,7738,469,1.0,861,1010,6728,0.010182264735730903
7,7745,470,1.0,862,1010,6735,0.010180451171308717
7,7752,471,1.0,863,1010,6742,0.010178655652154037
7,7759,472,1.0,864,1010,6749,0.010176877998713455
7,7766,473,1.0,865,1010,6756,0.01017511803322014
7,7773,474,1.0,866,1010,6763,0.010173375579676082
2,7775,474,0.0,867,1011,6764,0.01017165046383447
7,7782,475,1.0,868,1011,6771,0.010169942513182286
5,7787,475,0.0,869,1012,6775,0.010168251556923037
7,7794,476,1.0,870,1012,6782,0.010166577425959692
7,7801,477,1.0,871,1012,6789,0.010164919952877757
7,7808,478,1.0,872,1012,6796,0.010163278971928544
7,7815,479,1.0,873,1012,6803,0.01016165431901259
7,7822,480,1.0,874,1012,6810,0.01016004583166325
7,7829,481,1.0,875,1012,6817,0.010158453349030448
7,7836,482,1.0,876,1012,6824,0.010156876711864594
7,7843,483,1.0,877,1012,6831,0.010155315762500658
7,7850,484,1.0,878,1012,6838,0.0101537703448424
7,7857,485,1.0,879,1012,6845,0.010152240304346772
7,7864,486,1.0,880,1012,6852,0.010150725488008444
7,7871,487,1.0,881,1012,6859,0.010149225744344521
7,7878,488,1.0,882,1012,6866,0.01014774092337939
7,7885,489,1.0,883,1012,6873,0.010146270876629714
7,7892,490,1.0,884,1012,6880,0.010144815457089593
7,7899,491,1.0,885,1012,6887,0.010143374519215861
3,7902,491,0.0,886,1013,6889,0.01014194791891353
7,7909,492,1.0,887,1013,6896,0.01014053551352138
7,7916,493,1.0,888,1013,6903,0.010139137161797698
7,7923,494,1.0,889,1013,6910,0.010137752723906142
7,7930,495,1.0,890,1013,6917,0.01013638206140177
7,7937,496,1.0,891,1013,6924,0.010135025037217192
7,7944,497,1.0,892,1013,6931,0.010133681515648855
9,7953,497,0.0,893,1014,6939,0.010132351362343486
7,7960,498,1.0,894,1014,6946,0.010131034444284644
7,7967,499,1.0,895,1014,6953,0.010129730629779427
7,7974,500,1.0,896,1014,6960,0.010128439788445296
7,7981,501,1.0,897,1014,6967,0.010127161791197044
7,7988,502,1.0,898,1014,6974,0.01012589651023388
7,7995,503,1.0,899,1014,6981,0.010124643819026653
7,8002,504,1.0,900,1014,6988,0.0101234035923052
7,8009,505,1.0,901,1014,6995,0.010122175706045813
7,8016,506,1.0,902,1014,7002,0.010120960037458845
7,8023,507,1.0,903,1014,7009,0.010119756464976423
7,8030,508,1.0,904,1014,7016,0.010118564868240294
7,8037,509,1.0,905,1014,7023,0.010117385128089795
7,8044,510,1.0,906,1014,7030,0.010116217126549927
7,8051,511,1.0,907,1014,7037,0.010115060746819561
7,8058,512,1.0,908,1014,7044,0.010113915873259762
7,8065,513,1.0,909,1014,7051,0.010112782391382219
7,8072,514,1.0,910,1014,7058,0.010111660187837799
7,8079,515,1.0,911,1014,7065,0.010110549150405214
7,8086,516,1.0,912,1014,7072,0.010109449167979795
7,8093,517,1.0,913,1014,7079,0.010108360130562379
9,8102,517,0.0,914,1015,7087,0.010107281929248322
7,8109,518,1.0,915,1015,7094,0.010106214456216591
7,8116,519,1.0,916,1015,7101,0.010105157604718994
7,8123,520,1.0,917,1015,7108,0.010104111269069502
7,8130,521,1.0,918,1015,7115,0.010103075344633675
7,8137,522,1.0,919,1015,7122,0.010102049727818207
7,8144,523,1.0,920,1015,7129,0.010101034316060565
7,8151,524,1.0,921,1015,7136,0.010100029007818723
7,8158,525,1.0,922,1015,7143,0.01009903370256102
9,8167,525,0.0,923,1016,7151,0.010098048300756102
7,8174,526,1.0,924,1016,7158,0.010097072703862968
7,8181,527,1.0,925,1016,7165,0.010096106814321115
7,8188,528,1.0,926,1016,7172,0.01009515053554078
7,8195,529,1.0,927,1016,7179,0.010094203771893295
7,8202,530,1.0,928,1016,7186,0.010093266428701501
7,8209,531,1.0,929,1016,7193,0.0100923384122303
7,8216,532,1.0,930,1016,7200,0.01009141962967727
7,8223,533,1.0,931,1016,7207,0.010090509989163391
7,8230,534,1.0,932,1016,7214,0.010089609399723856
7,8237,535,1.0,933,1016,7221,0.010088717771298966
7,8244,536,1.0,934,1016,7228,0.010087835014725138
7,8251,537,1.0,935,1016,7235,0.010086961041725979
7,8258,538,1.0,936,1017,7241,0.01008609576490346
7,8265,539,1.0,937,1017,7248,0.010085239097729176
7,8272,540,1.0,938,1017,7255,0.0100843909545357
7,8279,541,1.0,939,1017,7262,0.010083551250508005
7,8286,542,1.0,940,1017,7269,0.010082719901674985
2,8288,542,0.0,941,1018,7270,0.010081896824901066
7,8295,543,1.0,942,1018,7277,0.010081081937877885
7,8302,544,1.0,943,1018,7284,0.01008027515911606
7,8309,545,1.0,944,1018,7291,0.010079476407937044
7,8316,546,1.0,945,1018,7298,0.010078685604465051
7,8323,547,1.0,946,1018,7305,0.010077902669619077
7,8330,548,1.0,947,1018,7312,0.010077127525104984
7,8337,549,1.0,948,1018,7319,0.010076360093407673
7,8344,550,1.0,949,1018,7326,0.010075600297783338
7,8351,551,1.0,950,1018,7333,0.010074848062251781
7,8358,552,1.0,951,1018,7340,0.010074103311588823
7,8365,553,1.0,952,1018,7347,0.010073365971318778
7,8372,554,1.0,953,1019,7353,0.010072635967707003
7,8379,555,1.0,954,1019,7360,0.010071913227752527
7,8386,556,1.0,955,1019,7367,0.010071197679180756
7,8393,557,1.0,956,1019,7374,0.010070489250436234
7,8400,558,1.0,957,1019,7381,0.010069787870675497
7,8407,559,1.0,958,1019,7388,0.010069093469759984
7,8414,560,1.0,959,1019,7395,0.010068405978249026
7,8421,561,1.0,960,1019,7402,0.010067725327392897
7,8428,562,1.0,961,1019,7409,0.010067051449125945
7,8435,563,1.0,962,1019,7416,0.010066384276059784
7,8442,564,1.0,963,1019,7423,0.010065723741476547
7,8449,565,1.0,964,1019,7430,0.01006506977932223
7,8456,566,1.0,965,1019,7437,0.010064422324200068
7,8463,567,1.0,966,1019,7444,0.010063781311364012
7,8470,568,1.0,967,1019,7451,0.010063146676712244
7,8477,569,1.0,968,1019,7458,0.01006251835678077
7,8484,570,1.0,969,1019,7465,0.010061896288737071
7,8491,571,1.0,970,1019,7472,0.01006128041037383
7,8498,572,1.0,971,1019,7479,0.01006067066010269
7,8505,573,1.0,972,1019,7486,0.01006006697694812
7,8512,574,1.0,973,1019,7493,0.010059469300541302
7,8519,575,1.0,974,1019,7500,0.010058877571114096
7,8526,576,1.0,975,1019,7507,0.010058291729493065
7,8533,577,1.0,976,1019,7514,0.01005771171709356
7,8540,578,1.0,977,1019,7521,0.010057137475913858
7,8547,579,1.0,978,1019,7528,0.010056568948529363
7,8554,580,1.0,979,1019,7535,0.010056006078086861
7,8561,581,1.0,980,1019,7542,0.01005544880829884
2,8563,581,0.0,981,1020,7543,0.010054897083437856
7,8570,582,1.0,982,1020,7550,0.010054350848330963
9,8579,582,0.0,983,1021,7558,0.010053810048354195
7,8586,583,1.0,984,1021,7565,0.010053274629427107
7,8593,584,1.0,985,1021,7572,0.010052744538007355
7,8600,585,1.0,986,1021,7579,0.01005221972108536
7,8607,586,1.0,987,1021,7586,0.010051700126178988
7,8614,587,1.0,988,1021,7593,0.010051185701328317
7,8621,588,1.0,989,1021,7600,0.010050676395090436
9,8630,588,0.0,990,1022,7608,0.010050172156534292
7,8637,589,1.0,991,1022,7615,0.010049672935235614
7,8644,590,1.0,992,1022,7622,0.010049178681271852
7,8651,591,1.0,993,1022,7629,0.010048689345217202
7,8658,592,1.0,994,1022,7636,0.010048204878137646
5,8663,592,0.0,995,1023,7640,0.010047725231586075
7,8670,593,1.0,996,1023,7647,0.010047250357597435
7,8677,594,1.0,997,1023,7654,0.010046780208683928
7,8684,595,1.0,998,1023,7661,0.010046314737830275
7,8691,596,1.0,999,1023,7668,0.010045853898488999
7,8698,597,1.0,1000,1023,7675,0.010045397644575786
7,8705,598,1.0,1001,1023,7682,0.010044945930464861
7,8712,599,1.0,1002,1023,7689,0.010044498710984437
7,8719,600,1.0,1003,1023,7696,0.010044055941412194
7,8726,601,1.0,1004,1023,7703,0.010043617577470805
7,8733,602,1.0,1005,1023,7710,0.010043183575323512
7,8740,603,1.0,1006,1023,7717,0.010042753891569738
7,8747,604,1.0,1007,1023,7724,0.01004232848324075
7,8754,605,1.0,1008,1023,7731,0.010041907307795358
7,8761,606,1.0,1009,1023,7738,0.01004149032311567
7,8768,607,1.0,1010,1023,7745,0.010041077487502869
7,8775,608,1.0,1011,1024,7751,0.010040668759673048
6,8781,608,0.0,1012,1025,7756,0.010040264098753086
7,8788,609,1.0,1013,1025,7763,0.010039863464276553
7,8795,610,1.0,1014,1025,7770,0.010039466816179668
7,8802,611,1.0,1015,1025,7777,0.010039074114797288
7,8809,612,1.0,1016,1025,7784,0.01003868532085895
7,8816,613,1.0,1017,1025,7791,0.010038300395484938
7,8823,614,1.0,1018,1025,7798,0.01003791930018239
7,8830,615,1.0,1019,1026,7804,0.01003754199684146
7,8837,616,1.0,1020,1026,7811,0.0100371684477315
9,8846,616,0.0,1021,1027,7819,0.010036798615497286
7,8853,617,1.0,1022,1027,7826,0.010036432463155286
7,8860,618,1.0,1023,1027,7833,0.010036069954089965
7,8867,619,1.0,1024,1028,7839,0.01003571105205011
7,8874,620,1.0,1025,1028,7846,0.01003535572114522
7,8881,621,1.0,1026,1028,7853,0.010035003925841906
7,8888,622,1.0,1027,1028,7860,0.010034655630960348
7,8895,623,1.0,1028,1028,7867,0.010034310801670764
7,8902,624,1.0,1029,1028,7874,0.010033969403489941
7,8909,625,1.0,1030,1028,7881,0.010033631402277775
7,8916,626,1.0,1031,1028,7888,0.010033296764233863
7,8923,627,1.0,1032,1028,7895,0.01003296545589412
7,8930,628,1.0,1033,1028,7902,0.01003263744412744
7,8937,629,1.0,1034,1028,7909,0.010032312696132369
7,8944,630,1.0,1035,1028,7916,0.01003199117943384
7,8951,631,1.0,1036,1028,7923,0.010031672861879913
7,8958,632,1.0,1037,1028,7930,0.010031357711638567
7,8965,633,1.0,1038,1028,7937,0.010031045697194518
7,8972,634,1.0,1039,1028,7944,0.01003073678734606
7,8979,635,1.0,1040,1028,7951,0.01003043095120195
7,8986,636,1.0,1041,1028,7958,0.01003012815817832
7,8993,637,1.0,1042,1028,7965,0.010029828377995615
7,9000,638,1.0,1043,1028,7972,0.010029531580675564
7,9007,639,1.0,1044,1028,7979,0.010029237736538193
7,9014,640,1.0,1045,1028,7986,0.01002894681619884
7,9021,641,1.0,1046,1028,7993,0.010028658790565229
7,9028,642,1.0,1047,1028,8000,0.010028373630834558
7,9035,643,1.0,1048,1029,8006,0.010028091308490614
7,9042,644,1.0,1049,1029,8013,0.010027811795300929
7,9049,645,1.0,1050,1029,8020,0.01002753506331395
7,9056,646,1.0,1051,1029,8027,0.01002726108485625
7,9063,647,1.0,1052,1029,8034,0.010026989832529752
7,9070,648,1.0,1053,1029,8041,0.010026721279208999
7,9077,649,1.0,1054,1029,8048,0.010026455398038434
7,9084,650,1.0,1055,1029,8055,0.01002619216242972
7,9091,651,1.0,1056,1029,8062,0.010025931546059077
7,9098,652,1.0,1057,1029,8069,0.010025673522864646
7,9105,653,1.0,1058,1029,8076,0.0100254180670439
7,9112,654,1.0,1059,1029,8083,0.010025165153051038
7,9119,655,1.0,1060,1029,8090,0.010024914755594453
7,9126,656,1.0,1061,1029,8097,0.01002466684963419
7,9133,657,1.0,1062,1030,8103,0.010024421410379444
6,9139,657,0.0,1063,1031,8108,0.01002417841328609
7,9146,658,1.0,1064,1031,8115,0.010023937834054211
7,9153,659,1.0,1065,1031,8122,0.010023699648625687
7,9160,660,1.0,1066,1031,8129,0.010023463833181775
7,9167,661,1.0,1067,1031,8136,0.010023230364140734
7,9174,662,1.0,1068,1031,8143,0.010022999218155467
7,9181,663,1.0,1069,1031,8150,0.01002277037211118
7,9188,664,1.0,1070,1031,8157,0.01002254380312308
7,9195,665,1.0,1071,1031,8164,0.01002231948853408
7,9202,666,1.0,1072,1031,8171,0.010022097405912533
7,9209,667,1.0,1073,1031,8178,0.010021877533049992
7,9216,668,1.0,1074,1031,8185,0.010021659847958985
7,9223,669,1.0,1075,1031,8192,0.010021444328870826
7,9230,670,1.0,1076,1031,8199,0.010021230954233424
7,9237,671,1.0,1077,1031,8206,0.010021019702709136
7,9244,672,1.0,1078,1031,8213,0.010020810553172638
29,9273,672,0.0,1079,1032,8241,0.010020603484708799
23,9296,673,1.0,1080,1032,8264,0.0100203984766106
7,9303,674,1.0,1081,1032,8271,0.01002019550837706
16,9319,674,0.0,1082,1032,8287,0.010019994559711188
19,9338,674,0.0,1083,1034,8304,0.01001979561051795
10,9348,674,0.0,1084,1034,8314,0.01001959864090226
17,9365,675,1.0,1085,1034,8331,0.010019403631166992
9,9374,675,0.0,1086,1034,8340,0.01001921056181101
20,9394,675,0.0,1087,1034,8360,0.01001901941352722
2,9396,675,0.0,1088,1034,8362,0.01001883016720063
2,9398,675,0.0,1089,1034,8364,0.010018642803906453
27,9425,675,0.0,1090,1034,8391,0.010018457304908203
8,9433,675,0.0,1091,1035,8398,0.010018273651655822
9,9442,675,0.0,1092,1035,8407,0.010018091825783837
2,9444,675,0.0,1093,1035,8409,0.010017911809109508
2,9446,675,0.0,1094,1035,8411,0.010017733583631014
2,9448,675,0.0,1095,1035,8413,0.010017557131525663
8,9456,675,0.0,1096,1036,8420,0.010017382435148095
2,9458,675,0.0,1097,1036,8422,0.010017209477028527
2,9460,675,0.0,1098,1036,8424,0.010017038239871004
10,9470,676,1.0,1099,1036,8434,0.010016868706551666
8,9478,676,0.0,1100,1036,8442,0.01001670086011704
9,9487,676,0.0,1101,1036,8451,0.010016534683782344
9,9496,676,0.0,1102,1036,8460,0.010016370160929804
9,9505,676,0.0,1103,1036,8469,0.010016207275107
9,9514,676,0.0,1104,1037,8477,0.010016046010025212
9,9523,676,0.0,1105,1037,8486,0.0100158863495578
9,9532,676,0.0,1106,1037,8495,0.01001572827773858
24,9556,677,1.0,1107,1037,8519,0.010015571778760241
4,9560,677,0.0,1108,1038,8522,0.010015416836972756
9,9569,677,0.0,1109,1038,8531,0.010015263436881815
8,9577,677,0.0,1110,1038,8539,0.010015111563147282
7,9584,678,1.0,1111,1038,8546,0.010014961200581656
16,9600,678,0.0,1112,1038,8562,0.010014812334148557
16,9616,678,0.0,1113,1038,8578,0.010014664948961216
16,9632,678,0.0,1114,1038,8594,0.010014519030280992
7,9639,679,1.0,1115,1038,8601,0.010014374563515895
7,9646,680,1.0,1116,1038,8608,0.01001423153421913
7,9653,681,1.0,1117,1038,8615,0.010014089928087644
7,9660,682,1.0,1118,1038,8622,0.01001394973096071
7,9667,683,1.0,1119,1038,8629,0.010013810928818496
7,9674,684,1.0,1120,1038,8636,0.010013673507780674
7,9681,685,1.0,1121,1038,8643,0.010013537454105024
7,9688,686,1.0,1122,1038,8650,0.010013402754186067
23,9711,687,1.0,1123,1039,8672,0.010013269394553695
7,9718,688,1.0,1124,1039,8679,0.010013137361871838
7,9725,689,1.0,1125,1039,8686,0.010013006642937116
7,9732,690,1.0,1126,1039,8693,0.010012877224677526
7,9739,691,1.0,1127,1039,8700,0.010012749094151136
7,9746,692,1.0,1128,1039,8707,0.010012622238544785
7,9753,693,1.0,1129,1039,8714,0.010012496645172807
7,9760,694,1.0,1130,1039,8721,0.01001237230147576
7,9767,695,1.0,1131,1039,8728,0.01001224919501917
7,9774,696,1.0,1132,1039,8735,0.01001212731349229
7,9781,697,1.0,1133,1040,8741,0.010012006644706866
7,9788,698,1.0,1134,1040,8748,0.010011887176595919
7,9795,699,1.0,1135,1040,8755,0.010011768897212536
7,9802,700,1.0,1136,1040,8762,0.010011651794728682
7,9809,701,1.0,1137,1040,8769,0.010011535857434011
7,9816,702,1.0,1138,1040,8776,0.010011421073734697
7,9823,703,1.0,1139,1040,8783,0.010011307432152275
7,9830,704,1.0,1140,1040,8790,0.01001119492132249
7,9837,705,1.0,1141,1040,8797,0.010011083529994165
7,9844,706,1.0,1142,1040,8804,0.010010973247028078
7,9851,707,1.0,1143,1040,8811,0.010010864061395836
7,9858,708,1.0,1144,1040,8818,0.01001075596217879
7,9865,709,1.0,1145,1040,8825,0.010010648938566923
7,9872,710,1.0,1146,1040,8832,0.010010542979857786
7,9879,711,1.0,1147,1040,8839,0.010010438075455421
7,9886,712,1.0,1148,1040,8846,0.010010334214869302
7,9893,713,1.0,1149,1040,8853,0.010010231387713281
7,9900,714,1.0,1150,1040,8860,0.010010129583704556
7,9907,715,1.0,1151,1040,8867,0.010010028792662645
7,9914,716,1.0,1152,1040,8874,0.010009929004508356
7,9921,717,1.0,1153,1040,8881,0.010009830209262792
7,9928,718,1.0,1154,1040,8888,0.010009732397046348
7,9935,719,1.0,1155,1040,8895,0.010009635558077717
7,9942,720,1.0,1156,1040,8902,0.010009539682672925
7,9949,721,1.0,1157,1040,8909,0.010009444761244348
7,9956,722,1.0,1158,1040,8916,0.010009350784299768
7,9963,723,1.0,1159,1040,8923,0.01000925774244141
7,9970,724,1.0,1160,1040,8930,0.01000916562636501
7,9977,725,1.0,1161,1040,8937,0.010009074426858885
7,9984,726,1.0,1162,1040,8944,0.010008984134803008
7,9991,727,1.0,1163,1040,8951,0.010008894741168098
7,9998,728,1.0,1164,1040,8958,0.010008806237014717
7,10005,729,1.0,1165,1041,8964,0.010008718613492376
7,10012,730,1.0,1166,1041,8971,0.010008631861838651
7,10019,731,1.0,1167,1041,8978,0.010008545973378302
7,10026,732,1.0,1168,1041,8985,0.010008460939522413
7,10033,733,1.0,1169,1041,8992,0.010008376751767528
7,10040,734,1.0,1170,1041,8999,0.010008293401694799
7,10047,735,1.0,1171,1041,9006,0.01000821088096915
7,10054,736,1.0,1172,1041,9013,0.010008129181338442
7,10061,737,1.0,1173,1041,9020,0.01000804829463264
7,10068,738,1.0,1174,1041,9027,0.01000796821276301
7,10075,739,1.0,1175,1041,9034,0.010007888927721297
7,10082,740,1.0,1176,1041,9041,0.010007810431578928
7,10089,741,1.0,1177,1041,9048,0.010007732716486228
7,10096,742,1.0,1178,1041,9055,0.01000765577467162
9,10105,742,0.0,1179,1042,9063,0.010007579598440857
7,10112,743,1.0,1180,1042,9070,0.010007504180176256
7,10119,744,1.0,1181,1042,9077,0.010007429512335927
7,10126,745,1.0,1182,1042,9084,0.010007355587453021
7,10133,746,1.0,1183,1042,9091,0.010007282398134991
7,10140,747,1.0,1184,1042,9098,0.010007209937062844
7,10147,748,1.0,1185,1042,9105,0.01000713819699041
7,10154,749,1.0,1186,1042,9112,0.010007067170743624
7,10161,750,1.0,1187,1042,9119,0.010006996851219802
7,10168,751,1.0,1188,1042,9126,0.010006927231386933
7,10175,752,1.0,1189,1042,9133,0.010006858304282974
7,10182,753,1.0,1190,1042,9140,0.01000679006301516
7,10189,754,1.0,1191,1042,9147,0.010006722500759306
7,10196,755,1.0,1192,1042,9154,0.010006655610759129
7,10203,756,1.0,1193,1042,9161,0.010006589386325575
7,10210,757,1.0,1194,1042,9168,0.010006523820836145
7,10217,758,1.0,1195,1042,9175,0.010006458907734234
7,10224,759,1.0,1196,1042,9182,0.010006394640528481
7,10231,760,1.0,1197,1042,9189,0.010006331012792108
7,10238,761,1.0,1198,1042,9196,0.01000626801816229
25,10263,762,1.0,1199,1043,9220,0.010006205650339512
7,10270,763,1.0,1200,1043,9227,0.010006143903086939
7,10277,764,1.0,1201,1043,9234,0.010006082770229794
7,10284,765,1.0,1202,1043,9241,0.010006022245654743
7,10291,766,1.0,1203,1043,9248,0.010005962323309275
7,10298,767,1.0,1204,1043,9255,0.010005902997201107
7,10305,768,1.0,1205,1043,9262,0.010005844261397577
7,10312,769,1.0,1206,1043,9269,0.010005786110025058
7,10319,770,1.0,1207,1043,9276,0.010005728537268364
7,10326,771,1.0,1208,1043,9283,0.010005671537370168
7,10333,772,1.0,1209,1043,9290,0.010005615104630439
7,10340,773,1.0,1210,1043,9297,0.01000555923340585
7,10347,774,1.0,1211,1043,9304,0.010005503918109233
7,10354,775,1.0,1212,1043,9311,0.010005449153209016
7,10361,776,1.0,1213,1043,9318,0.01000539493322866
7,10368,777,1.0,1214,1043,9325,0.010005341252746124
7,10375,778,1.0,1215,1043,9332,0.010005288106393312
7,10382,779,1.0,1216,1043,9339,0.010005235488855546
6,10388,780,1.0,1217,1044,9344,0.010005183394871029
3,10391,780,0.0,1218,1044,9347,0.010005131819230318
7,10398,781,1.0,1219,1044,9354,0.010005080756775806
7,10405,782,1.0,1220,1044,9361,0.010005030202401208
7,10412,783,1.0,1221,1044,9368,0.01000498015105104
7,10419,784,1.0,1222,1044,9375,0.010004930597720129
7,10426,785,1.0,1223,1044,9382,0.010004881537453098
7,10433,786,1.0,1224,1044,9389,0.01000483296534388
7,10440,787,1.0,1225,1044,9396,0.010004784876535224
7,10447,788,1.0,1226,1044,9403,0.010004737266218209
7,10454,789,1.0,1227,1044,9410,0.010004690129631762
7,10461,790,1.0,1228,1044,9417,0.010004643462062188
7,10468,791,1.0,1229,1044,9424,0.01000459725884269
7,10475,792,1.0,1230,1044,9431,0.010004551515352907
19,10494,792,0.0,1231,1046,9448,0.010004506227018452
7,10501,793,1.0,1232,1046,9455,0.010004461389310455
7,10508,794,1.0,1233,1046,9462,0.010004416997745106
7,10515,795,1.0,1234,1046,9469,0.010004373047883213
7,10522,796,1.0,1235,1046,9476,0.010004329535329752
7,10529,797,1.0,1236,1046,9483,0.010004286455733433
7,10536,798,1.0,1237,1046,9490,0.010004243804786258
7,10543,799,1.0,1238,1046,9497,0.010004201578223099
7,10550,800,1.0,1239,1046,9504,0.010004159771821263
2,10552,800,0.0,1240,1047,9505,0.010004118381400076
7,10559,801,1.0,1241,1047,9512,0.010004077402820461
7,10566,802,1.0,1242,1047,9519,0.010004036831984526
7,10573,803,1.0,1243,1047,9526,0.010003996664835153
7,10580,804,1.0,1244,1047,9533,0.010003956897355594
7,10587,805,1.0,1245,1047,9540,0.010003917525569068
7,10594,806,1.0,1246,1047,9547,0.010003878545538364
7,10601,807,1.0,1247,1047,9554,0.010003839953365446
7,10608,808,1.0,1248,1047,9561,0.010003801745191065
7,10615,809,1.0,1249,1047,9568,0.01000376391719437
7,10622,810,1.0,1250,1047,9575,0.010003726465592533
7,10629,811,1.0,1251,1047,9582,0.010003689386640358
7,10636,812,1.0,1252,1047,9589,0.010003652676629922
7,10643,813,1.0,1253,1047,9596,0.010003616331890194
7,10650,814,1.0,1254,1047,9603,0.01000358034878667
7,10657,815,1.0,1255,1047,9610,0.010003544723721006
7,10664,816,1.0,1256,1047,9617,0.010003509453130669
7,10671,817,1.0,1257,1047,9624,0.01000347453348857
7,10678,818,1.0,1258,1047,9631,0.010003439961302714
7,10685,819,1.0,1259,1048,9637,0.010003405733115854
7,10692,820,1.0,1260,1048,9644,0.010003371845505146
7,10699,821,1.0,1261,1048,9651,0.010003338295081798
9,10708,821,0.0,1262,1049,9659,0.01000330507849074
7,10715,822,1.0,1263,1049,9666,0.010003272192410284
7,10722,823,1.0,1264,1049,9673,0.010003239633551798
7,10729,824,1.0,1265,1049,9680,0.010003207398659366
7,10736,825,1.0,1266,1049,9687,0.010003175484509472
7,10743,826,1.0,1267,1049,9694,0.010003143887910676
5,10748,826,0.0,1268,1050,9698,0.010003112605703291
7,10755,827,1.0,1269,1050,9705,0.01000308163475907
7,10762,828,1.0,1270,1050,9712,0.010003050971980893
7,10769,829,1.0,1271,1050,9719,0.010003020614302456
7,10776,830,1.0,1272,1050,9726,0.010002990558687967
7,10783,831,1.0,1273,1050,9733,0.010002960802131838
7,10790,832,1.0,1274,1050,9740,0.010002931341658392
7,10797,833,1.0,1275,1050,9747,0.010002902174321553
7,10804,834,1.0,1276,1050,9754,0.010002873297204564
7,10811,835,1.0,1277,1050,9761,0.01000284470741969
7,10818,836,1.0,1278,1051,9767,0.01000281640210793
7,10825,837,1.0,1279,1051,9774,0.010002788378438727
7,10832,838,1.0,1280,1051,9781,0.010002760633609692
7,10839,839,1.0,1281,1051,9788,0.010002733164846317
7,10846,840,1.0,1282,1051,9795,0.010002705969401705
7,10853,841,1.0,1283,1051,9802,0.010002679044556288
7,10860,842,1.0,1284,1051,9809,0.01000265238761756
7,10867,843,1.0,1285,1051,9816,0.010002625995919804
7,10874,844,1.0,1286,1051,9823,0.010002599866823827
7,10881,845,1.0,1287,1051,9830,0.0100025739977167
7,10888,846,1.0,1288,1051,9837,0.01000254838601149
7,10895,847,1.0,1289,1051,9844,0.010002523029147005
7,10902,848,1.0,1290,1051,9851,0.010002497924587536
7,10909,849,1.0,1291,1051,9858,0.010002473069822607
7,10916,850,1.0,1292,1051,9865,0.010002448462366724
7,10923,851,1.0,1293,1051,9872,0.010002424099759115
7,10930,852,1.0,1294,1052,9878,0.010002399979563504
7,10937,853,1.0,1295,1052,9885,0.010002376099367848
7,10944,854,1.0,1296,1052,9892,0.01000235245678411
7,10951,855,1.0,1297,1052,9899,0.01000232904944801
7,10958,856,1.0,1298,1052,9906,0.010002305875018797
7,10965,857,1.0,1299,1052,9913,0.010002282931179005
7,10972,858,1.0,1300,1052,9920,0.010002260215634235
7,10979,859,1.0,1301,1052,9927,0.010002237726112912
7,10986,860,1.0,1302,1052,9934,0.010002215460366065
7,10993,861,1.0,1303,1052,9941,0.0100021934161671
7,11000,862,1.0,1304,1052,9948,0.01000217159131158
7,11007,863,1.0,1305,1052,9955,0.010002149983617
7,11014,864,1.0,1306,1052,9962,0.010002128590922576
7,11021,865,1.0,1307,1052,9969,0.010002107411089015
24,11045,866,1.0,1308,1053,9992,0.01000208644199832
7,11052,867,1.0,1309,1053,9999,0.010002065681553565
7,11059,868,1.0,1310,1053,10006,0.010002045127678686
17,11076,868,0.0,1311,1054,10022,0.010002024778318278
6,11082,869,1.0,1312,1055,10027,0.01000200463143739
6,11088,870,1.0,1313,1055,10033,0.010001984685021318
6,11094,871,1.0,1314,1055,10039,0.010001964937075399
6,11100,872,1.0,1315,1055,10045,0.010001945385624827
6,11106,873,1.0,1316,1055,10051,0.010001926028714438
6,11112,874,1.0,1317,1055,10057,0.010001906864408525
6,11118,875,1.0,1318,1055,10063,0.010001887890790642
6,11124,876,1.0,1319,1055,10069,0.010001869105963412
6,11130,877,1.0,1320,1055,10075,0.010001850508048336
6,11136,878,1.0,1321,1055,10081,0.010001832095185606
6,11142,879,1.0,1322,1055,10087,0.010001813865533922
6,11148,880,1.0,1323,1055,10093,0.010001795817270303
6,11154,881,1.0,1324,1055,10099,0.010001777948589908
6,11160,882,1.0,1325,1055,10105,0.010001760257705852
6,11166,883,1.0,1326,1055,10111,0.010001742742849035
6,11172,884,1.0,1327,1055,10117,0.010001725402267955
6,11178,885,1.0,1328,1055,10123,0.010001708234228539
2,11180,885,0.0,1329,1056,10124,0.01000169123701397
6,11186,886,1.0,1330,1056,10130,0.010001674408924511
6,11192,887,1.0,1331,1056,10136,0.01000165774827734
6,11198,888,1.0,1332,1056,10142,0.010001641253406378
6,11204,889,1.0,1333,1056,10148,0.010001624922662126
6,11210,890,1.0,1334,1056,10154,0.010001608754411492
6,11216,891,1.0,1335,1056,10160,0.010001592747037642
6,11222,892,1.0,1336,1056,10166,0.010001576898939822
6,11228,893,1.0,1337,1056,10172,0.010001561208533209
3,11231,893,0.0,1338,1057,10174,0.010001545674248751
7,11238,894,1.0,1339,1057,10181,0.010001530294533007
7,11245,895,1.0,1340,1057,10188,0.01000151506784799
7,11252,896,1.0,1341,1057,10195,0.010001499992671022
7,11259,897,1.0,1342,1057,10202,0.01000148506749457
7,11266,898,1.0,1343,1057,10209,0.010001470290826106
7,11273,899,1.0,1344,1057,10216,0.01000145566118795
7,11280,900,1.0,1345,1057,10223,0.010001441177117125
7,11287,901,1.0,1346,1057,10230,0.010001426837165211
7,11294,902,1.0,1347,1057,10237,0.010001412639898205
7,11301,903,1.0,1348,1057,10244,0.010001398583896365
7,11308,904,1.0,1349,1057,10251,0.01000138466775408
7,11315,905,1.0,1350,1057,10258,0.010001370890079726
7,11322,906,1.0,1351,1057,10265,0.01000135724949552
7,11329,907,1.0,1352,1057,10272,0.010001343744637396
7,11336,908,1.0,1353,1057,10279,0.010001330374154856
7,11343,909,1.0,1354,1057,10286,0.010001317136710838
7,11350,910,1.0,1355,1057,10293,0.010001304030981591
7,11357,911,1.0,1356,1057,10300,0.010001291055656527
7,11364,912,1.0,1357,1057,10307,0.010001278209438106
7,11371,913,1.0,1358,1057,10314,0.010001265491041694
7,11378,914,1.0,1359,1057,10321,0.01000125289919544
25,11403,915,1.0,1360,1058,10345,0.01000124043264015
7,11410,916,1.0,1361,1058,10352,0.010001228090129157
33,11443,916,0.0,1362,1058,10385,0.0100012158704282
30,11473,916,0.0,1363,1061,10412,0.0100012037723153
2,11475,916,0.0,1364,1061,10414,0.010001191794580635
10,11485,916,0.0,1365,1061,10424,0.010001179936026422
32,11517,916,0.0,1366,1061,10456,0.010001168195466793
30,11547,916,0.0,1367,1062,10485,0.010001156571727685
2,11549,916,0.0,1368,1062,10487,0.010001145063646714
3,11552,916,0.0,1369,1062,10490,0.010001133670073062
24,11576,917,1.0,1370,1062,10514,0.01000112238986736
26,11602,918,1.0,1371,1062,10540,0.010001111221901582
3,11605,918,0.0,1372,1062,10543,0.01000110016505892
10,11615,918,0.0,1373,1062,10553,0.01000108921823368
9,11624,918,0.0,1374,1062,10562,0.010001078380331171
9,11633,918,0.0,1375,1062,10571,0.010001067650267596
3,11636,918,0.0,1376,1063,10573,0.010001057026969934
10,11646,918,0.0,1377,1063,10583,0.010001046509375852
16,11662,918,0.0,1378,1063,10599,0.01000103609643358
6,11668,918,0.0,1379,1064,10604,0.010001025787101813
3,11671,918,0.0,1380,1064,10607,0.010001015580349612
2,11673,918,0.0,1381,1064,10609,0.010001005475156293
2,11675,918,0.0,1382,1064,10611,0.010000995470511326
2,11677,918,0.0,1383,1064,10613,0.01000098556541424
7,11684,919,1.0,1384,1064,10620,0.010000975758874518
24,11708,920,1.0,1385,1064,10644,0.010000966049911497
7,11715,921,1.0,1386,1064,10651,0.01000095643755427
24,11739,922,1.0,1387,1065,10674,0.010000946920841596
7,11746,923,1.0,1388,1065,10681,0.010000937498821796
7,11753,924,1.0,1389,1065,10688,0.01000092817055266
24,11777,925,1.0,1390,1066,10711,0.010000918935101352
7,11784,926,1.0,1391,1066,10718,0.010000909791544318
7,11791,927,1.0,1392,1066,10725,0.0100009007389672
7,11798,928,1.0,1393,1067,10731,0.010000891776464727
7,11805,929,1.0,1394,1067,10738,0.010000882903140645
7,11812,930,1.0,1395,1067,10745,0.010000874118107612
7,11819,931,1.0,1396,1067,10752,0.010000865420487118
7,11826,932,1.0,1397,1067,10759,0.010000856809409394
7,11833,933,1.0,1398,1067,10766,0.010000848284013326
7,11840,934,1.0,1399,1067,10773,0.010000839843446366
7,11847,935,1.0,1400,1067,10780,0.01000083148686445
7,11854,936,1.0,1401,1067,10787,0.010000823213431913
26,11880,937,1.0,1402,1069,10811,0.010000815022321405
7,11887,938,1.0,1403,1069,10818,0.01000080691271381
24,11911,939,1.0,1404,1069,10842,0.010000798883798156
7,11918,940,1.0,1405,1069,10849,0.01000079093477155
7,11925,941,1.0,1406,1069,10856,0.01000078306483908
9,11934,941,0.0,1407,1069,10865,0.010000775273213745
7,11941,942,1.0,1408,1069,10872,0.010000767559116379
24,11965,943,1.0,1409,1069,10896,0.010000759921775564
7,11972,944,1.0,1410,1069,10903,0.01000075236042756
7,11979,945,1.0,1411,1069,10910,0.010000744874316224
7,11986,946,1.0,1412,1069,10917,0.010000737462692942
7,11993,947,1.0,1413,1069,10924,0.010000730124816544
7,12000,948,1.0,1414,1069,10931,0.010000722859953235
5,12005,948,0.0,1415,1070,10935,0.010000715667376524
7,12012,949,1.0,1416,1070,10942,0.010000708546367148
7,12019,950,1.0,1417,1070,10949,0.010000701496212999
7,12026,951,1.0,1418,1070,10956,0.010000694516209054
7,12033,952,1.0,1419,1070,10963,0.01000068760565731
7,12040,953,1.0,1420,1070,10970,0.010000680763866706
7,12047,954,1.0,1421,1070,10977,0.010000673990153053
7,12054,955,1.0,1422,1070,10984,0.01000066728383898
7,12061,956,1.0,1423,1070,10991,0.010000660644253844
7,12068,957,1.0,1424,1070,10998,0.010000654070733687
7,12075,958,1.0,1425,1070,11005,0.010000647562621147
7,12082,959,1.0,1426,1070,11012,0.01000064111926541
7,12089,960,1.0,1427,1071,11018,0.010000634740022132
7,12096,961,1.0,1428,1071,11025,0.010000628424253385
7,12103,962,1.0,1429,1071,11032,0.010000622171327588
7,12110,963,1.0,1430,1071,11039,0.010000615980619442
7,12117,964,1.0,1431,1071,11046,0.01000060985150987
7,12124,965,1.0,1432,1071,11053,0.010000603783385959
7,12131,966,1.0,1433,1071,11060,0.01000059777564089
7,12138,967,1.0,1434,1071,11067,0.010000591827673882
7,12145,968,1.0,1435,1071,11074,0.010000585938890135
7,12152,969,1.0,1436,1071,11081,0.010000580108700766
7,12159,970,1.0,1437,1071,11088,0.010000574336522749
7,12166,971,1.0,1438,1071,11095,0.010000568621778864
7,12173,972,1.0,1439,1071,11102,0.010000562963897631
7,12180,973,1.0,1440,1071,11109,0.010000557362313256
7,12187,974,1.0,1441,1071,11116,0.010000551816465577
7,12194,975,1.0,1442,1071,11123,0.010000546325800004
7,12201,976,1.0,1443,1071,11130,0.010000540889767467
7,12208,977,1.0,1444,1071,11137,0.010000535507824357
7,12215,978,1.0,1445,1071,11144,0.010000530179432476
7,12222,979,1.0,1446,1071,11151,0.01000052490405898
7,12229,980,1.0,1447,1071,11158,0.010000519681176328
7,12236,981,1.0,1448,1071,11165,0.010000514510262227
7,12243,982,1.0,1449,1071,11172,0.01000050939079958
7,12250,983,1.0,1450,1071,11179,0.010000504322276437
7,12257,984,1.0,1451,1072,11185,0.010000499304185942
7,12264,985,1.0,1452,1072,11192,0.010000494336026282
7,12271,986,1.0,1453,1072,11199,0.010000489417300638
7,12278,987,1.0,1454,1072,11206,0.01000048454751713
7,12285,988,1.0,1455,1072,11213,0.010000479726188779
9,12294,988,0.0,1456,1073,11221,0.010000474952833445
7,12301,989,1.0,1457,1073,11228,0.010000470226973791
7,12308,990,1.0,1458,1073,11235,0.010000465548137227
7,12315,991,1.0,1459,1074,11241,0.010000460915855863
7,12322,992,1.0,1460,1074,11248,0.010000456329666469
7,12329,993,1.0,1461,1074,11255,0.010000451789110423
7,12336,994,1.0,1462,1074,11262,0.010000447293733663
7,12343,995,1.0,1463,1074,11269,0.01000044284308665
7,12350,996,1.0,1464,1074,11276,0.010000438436724315
7,12357,997,1.0,1465,1074,11283,0.010000434074206019
7,12364,998,1.0,1466,1074,11290,0.010000429755095503
7,12371,999,1.0,1467,1074,11297,0.010000425478960856
7,12378,1000,1.0,1468,1074,11304,0.01000042124537446
7,12385,1001,1.0,1469,1074,11311,0.010000417053912952
7,12392,1002,1.0,1470,1074,11318,0.010000412904157182
7,12399,1003,1.0,1471,1074,11325,0.010000408795692172
7,12406,1004,1.0,1472,1074,11332,0.010000404728107072
7,12413,1005,1.0,1473,1074,11339,0.010000400700995121
7,12420,1006,1.0,1474,1074,11346,0.010000396713953601
7,12427,1007,1.0,1475,1074,11353,0.010000392766583809
7,12434,1008,1.0,1476,1074,11360,0.010000388858491003
7,12441,1009,1.0,1477,1074,11367,0.010000384989284369
9,12450,1009,0.0,1478,1075,11375,0.010000381158576986
7,12457,1010,1.0,1479,1075,11382,0.010000377365985776
7,12464,1011,1.0,1480,1075,11389,0.01000037361113148
7,12471,1012,1.0,1481,1075,11396,0.01000036989363861
7,12478,1013,1.0,1482,1075,11403,0.010000366213135409
7,12485,1014,1.0,1483,1075,11410,0.010000362569253829
7,12492,1015,1.0,1484,1075,11417,0.010000358961629477
7,12499,1016,1.0,1485,1075,11424,0.010000355389901586
7,12506,1017,1.0,1486,1075,11431,0.01000035185371298
7,12513,1018,1.0,1487,1075,11438,0.010000348352710041
7,12520,1019,1.0,1488,1075,11445,0.010000344886542662
7,12527,1020,1.0,1489,1075,11452,0.010000341454864224
7,12534,1021,1.0,1490,1075,11459,0.010000338057331559
7,12541,1022,1.0,1491,1075,11466,0.010000334693604907
7,12548,1023,1.0,1492,1076,11472,0.010000331363347895
7,12555,1024,1.0,1493,1076,11479,0.010000328066227493
7,12562,1025,1.0,1494,1076,11486,0.01000032480191399
7,12569,1026,1.0,1495,1076,11493,0.010000321570080946
7,12576,1027,1.0,1496,1076,11500,0.01000031837040518
7,12583,1028,1.0,1497,1076,11507,0.010000315202566718
7,12590,1029,1.0,1498,1076,11514,0.010000312066248776
7,12597,1030,1.0,1499,1076,11521,0.010000308961137721
7,12604,1031,1.0,1500,1076,11528,0.010000305886923036
7,12611,1032,1.0,1501,1076,11535,0.010000302843297297
7,12618,1033,1.0,1502,1076,11542,0.010000299829956141
7,12625,1034,1.0,1503,1076,11549,0.01000029684659823
7,12632,1035,1.0,1504,1076,11556,0.010000293892925227
7,12639,1036,1.0,1505,1076,11563,0.01000029096864176
7,12646,1037,1.0,1506,1076,11570,0.010000288073455401
7,12653,1038,1.0,1507,1076,11577,0.010000285207076628
7,12660,1039,1.0,1508,1076,11584,0.010000282369218799
7,12667,1040,1.0,1509,1076,11591,0.010000279559598129
7,12674,1041,1.0,1510,1076,11598,0.01000027677793365
7,12681,1042,1.0,1511,1076,11605,0.010000274023947195
7,12688,1043,1.0,1512,1076,11612,0.010000271297363365
7,12695,1044,1.0,1513,1076,11619,0.010000268597909496
7,12702,1045,1.0,1514,1076,11626,0.010000265925315641
7,12709,1046,1.0,1515,1076,11633,0.01000026327931454
7,12716,1047,1.0,1516,1076,11640,0.01000026065964159
7,12723,1048,1.0,1517,1076,11647,0.010000258066034821
7,12730,1049,1.0,1518,1076,11654,0.010000255498234871
7,12737,1050,1.0,1519,1076,11661,0.010000252955984957
7,12744,1051,1.0,1520,1076,11668,0.010000250439030854
7,12751,1052,1.0,1521,1077,11674,0.010000247947120861
7,12758,1053,1.0,1522,1077,11681,0.010000245480005786
7,12765,1054,1.0,1523,1077,11688,0.010000243037438917
7,12772,1055,1.0,1524,1077,11695,0.010000240619175996
7,12779,1056,1.0,1525,1077,11702,0.010000238224975191
7,12786,1057,1.0,1526,1077,11709,0.010000235854597084
7,12793,1058,1.0,1527,1077,11716,0.01000023350780463
7,12800,1059,1.0,1528,1077,11723,0.010000231184363153
7,12807,1060,1.0,1529,1077,11730,0.010000228884040306
7,12814,1061,1.0,1530,1077,11737,0.010000226606606053
7,12821,1062,1.0,1531,1078,11743,0.010000224351832648
7,12828,1063,1.0,1532,1078,11750,0.010000222119494615
7,12835,1064,1.0,1533,1078,11757,0.010000219909368717
7,12842,1065,1.0,1534,1078,11764,0.010000217721233938
7,12849,1066,1.0,1535,1078,11771,0.010000215554871463
7,12856,1067,1.0,1536,1078,11778,0.010000213410064657
7,12863,1068,1.0,1537,1078,11785,0.010000211286599033
7,12870,1069,1.0,1538,1078,11792,0.010000209184262247
7,12877,1070,1.0,1539,1078,11799,0.01000020710284406
7,12884,1071,1.0,1540,1078,11806,0.01000020504213633
7,12891,1072,1.0,1541,1078,11813,0.010000203001932986
9,12900,1072,0.0,1542,1079,11821,0.010000200982030003
7,12907,1073,1.0,1543,1079,11828,0.010000198982225391
7,12914,1074,1.0,1544,1079,11835,0.010000197002319168
7,12921,1075,1.0,1545,1079,11842,0.01000019504211334
7,12928,1076,1.0,1546,1080,11848,0.010000193101411887
7,12935,1077,1.0,1547,1080,11855,0.010000191180020735
17,12952,1078,1.0,1548,1080,11872,0.010000189277747745
7,12959,1078,0.0,1549,1081,11878,0.010000187394402687
7,12966,1079,1.0,1550,1082,11884,0.010000185529797227
7,12973,1080,1.0,1551,1082,11891,0.010000183683744899
7,12980,1081,1.0,1552,1082,11898,0.010000181856061099
7,12987,1082,1.0,1553,1082,11905,0.010000180046563058
7,12994,1083,1.0,1554,1082,11912,0.010000178255069823
7,13001,1084,1.0,1555,1082,11919,0.010000176481402244
7,13008,1085,1.0,1556,1082,11926,0.01000017472538295
7,13015,1086,1.0,1557,1082,11933,0.010000172986836342
7,13022,1087,1.0,1558,1082,11940,0.010000171265588562
7,13029,1088,1.0,1559,1082,11947,0.010000169561467482
7,13036,1089,1.0,1560,1083,11953,0.01000016787430269
7,13043,1090,1.0,1561,1083,11960,0.01000016620392547
7,13050,1091,1.0,1562,1083,11967,0.01000016455016878
7,13057,1092,1.0,1563,1083,11974,0.010000162912867244
7,13064,1093,1.0,1564,1083,11981,0.010000161291857131
7,13071,1094,1.0,1565,1083,11988,0.010000159686976337
7,13078,1095,1.0,1566,1083,11995,0.010000158098064375
7,13085,1096,1.0,1567,1083,12002,0.01000015652496235
7,13092,1097,1.0,1568,1083,12009,0.010000154967512952
7,13099,1098,1.0,1569,1083,12016,0.010000153425560435
7,13106,1099,1.0,1570,1083,12023,0.010000151898950602
7,13113,1100,1.0,1571,1083,12030,0.01000015038753079
7,13120,1101,1.0,1572,1083,12037,0.010000148891149856
7,13127,1102,1.0,1573,1083,12044,0.010000147409658162
7,13134,1103,1.0,1574,1083,12051,0.010000145942907556
7,13141,1104,1.0,1575,1083,12058,0.010000144490751362
7,13148,1105,1.0,1576,1083,12065,0.010000143053044365
7,13155,1106,1.0,1577,1083,12072,0.010000141629642792
7,13162,1107,1.0,1578,1083,12079,0.010000140220404298
7,13169,1108,1.0,1579,1083,12086,0.010000138825187965
7,13176,1109,1.0,1580,1083,12093,0.010000137443854265
7,13183,1110,1.0,1581,1083,12100,0.010000136076265065
7,13190,1111,1.0,1582,1083,12107,0.010000134722283604
24,13214,1112,1.0,1583,1084,12130,0.010000133381774485
7,13221,1113,1.0,1584,1084,12137,0.010000132054603653
7,13228,1114,1.0,1585,1084,12144,0.010000130740638394
7,13235,1115,1.0,1586,1084,12151,0.010000129439747306
3,13238,1115,0.0,1587,1085,12153,0.0100001281518003
7,13245,1116,1.0,1588,1085,12160,0.010000126876668581
7,13252,1117,1.0,1589,1085,12167,0.010000125614224637
7,13259,1118,1.0,1590,1085,12174,0.010000124364342217
7,13266,1119,1.0,1591,1085,12181,0.010000123126896337
7,13273,1120,1.0,1592,1085,12188,0.010000121901763248
7,13280,1121,1.0,1593,1085,12195,0.010000120688820438
7,13287,1122,1.0,1594,1085,12202,0.01000011948794661
7,13294,1123,1.0,1595,1085,12209,0.010000118299021676
7,13301,1124,1.0,1596,1085,12216,0.010000117121926742
7,13308,1125,1.0,1597,1085,12223,0.010000115956544101
7,13315,1126,1.0,1598,1085,12230,0.010000114802757209
7,13322,1127,1.0,1599,1085,12237,0.010000113660450689
7,13329,1128,1.0,1600,1085,12244,0.010000112529510307
7,13336,1129,1.0,1601,1085,12251,0.010000111409822971
7,13343,1130,1.0,1602,1086,12257,0.010000110301276711
7,13350,1131,1.0,1603,1086,12264,0.010000109203760672
7,13357,1132,1.0,1604,1086,12271,0.010000108117165098
7,13364,1133,1.0,1605,1086,12278,0.01000010704138133
7,13371,1134,1.0,1606,1086,12285,0.01000010597630179
7,13378,1135,1.0,1607,1087,12291,0.010000104921819969
7,13385,1136,1.0,1608,1087,12298,0.010000103877830416
7,13392,1137,1.0,1609,1087,12305,0.010000102844228734
7,13399,1138,1.0,1610,1087,12312,0.01000010182091156
7,13406,1139,1.0,1611,1087,12319,0.010000100807776562
7,13413,1140,1.0,1612,1087,12326,0.010000099804722426
7,13420,1141,1.0,1613,1087,12333,0.010000098811648846
7,13427,1142,1.0,1614,1087,12340,0.010000097828456511
7,13434,1143,1.0,1615,1087,12347,0.010000096855047106
7,13441,1144,1.0,1616,1087,12354,0.010000095891323285
7,13448,1145,1.0,1617,1087,12361,0.010000094937188675
7,13455,1146,1.0,1618,1087,12368,0.010000093992547865
7,13462,1147,1.0,1619,1087,12375,0.010000093057306387
7,13469,1148,1.0,1620,1087,12382,0.010000092131370718
7,13476,1149,1.0,1621,1087,12389,0.010000091214648262
7,13483,1150,1.0,1622,1087,12396,0.010000090307047347
7,13490,1151,1.0,1623,1087,12403,0.010000089408477212
7,13497,1152,1.0,1624,1087,12410,0.010000088518848
9,13506,1152,0.0,1625,1088,12418,0.010000087638070747
7,13513,1153,1.0,1626,1088,12425,0.010000086766057372
7,13520,1154,1.0,1627,1088,12432,0.010000085902720677
7,13527,1155,1.0,1628,1088,12439,0.010000085047974325
7,13534,1156,1.0,1629,1088,12446,0.010000084201732842
7,13541,1157,1.0,1630,1088,12453,0.0100000833639116
7,13548,1158,1.0,1631,1088,12460,0.010000082534426821
7,13555,1159,1.0,1632,1088,12467,0.010000081713195552
7,13562,1160,1.0,1633,1088,12474,0.010000080900135672
7,13569,1161,1.0,1634,1088,12481,0.010000080095165871
7,13576,1162,1.0,1635,1088,12488,0.010000079298205657
7,13583,1163,1.0,1636,1088,12495,0.010000078509175326
7,13590,1164,1.0,1637,1088,12502,0.010000077727995979
7,13597,1165,1.0,1638,1089,12508,0.010000076954589498
7,13604,1166,1.0,1639,1089,12515,0.010000076188878538
7,13611,1167,1.0,1640,1089,12522,0.01000007543078653
6,13617,1167,0.0,1641,1090,12527,0.010000074680237664
7,13624,1168,1.0,1642,1090,12534,0.010000073937156883
7,13631,1169,1.0,1643,1090,12541,0.01000007320146988
7,13638,1170,1.0,1644,1090,12548,0.010000072473103085
7,13645,1171,1.0,1645,1090,12555,0.01000007175198366
7,13652,1172,1.0,1646,1090,12562,0.010000071038039494
7,13659,1173,1.0,1647,1090,12569,0.010000070331199191
7,13666,1174,1.0,1648,1090,12576,0.010000069631392067
7,13673,1175,1.0,1649,1090,12583,0.01000006893854814
7,13680,1176,1.0,1650,1090,12590,0.010000068252598124
7,13687,1177,1.0,1651,1090,12597,0.010000067573473426
7,13694,1178,1.0,1652,1090,12604,0.01000006690110613
7,13701,1179,1.0,1653,1090,12611,0.010000066235429003
7,13708,1180,1.0,1654,1090,12618,0.010000065576375472
7,13715,1181,1.0,1655,1090,12625,0.010000064923879634
7,13722,1182,1.0,1656,1090,12632,0.010000064277876239
7,13729,1183,1.0,1657,1090,12639,0.010000063638300683
7,13736,1184,1.0,1658,1090,12646,0.010000063005089013
7,13743,1185,1.0,1659,1090,12653,0.010000062378177901
7,13750,1186,1.0,1660,1090,12660,0.01000006175750466
7,13757,1187,1.0,1661,1090,12667,0.010000061143007222
7,13764,1188,1.0,1662,1090,12674,0.010000060534624135
7,13771,1189,1.0,1663,1090,12681,0.010000059932294561
7,13778,1190,1.0,1664,1090,12688,0.010000059335958267
7,13785,1191,1.0,1665,1090,12695,0.010000058745555618
7,13792,1192,1.0,1666,1090,12702,0.010000058161027572
7,13799,1193,1.0,1667,1090,12709,0.010000057582315678
7,13806,1194,1.0,1668,1090,12716,0.010000057009362065
7,13813,1195,1.0,1669,1090,12723,0.010000056442109434
7,13820,1196,1.0,1670,1090,12730,0.010000055880501062
7,13827,1197,1.0,1671,1090,12737,0.010000055324480787
7,13834,1198,1.0,1672,1090,12744,0.010000054773993005
7,13841,1199,1.0,1673,1090,12751,0.010000054228982667
7,13848,1200,1.0,1674,1090,12758,0.010000053689395275
7,13855,1201,1.0,1675,1090,12765,0.010000053155176866
7,13862,1202,1.0,1676,1090,12772,0.01000005262627402
7,13869,1203,1.0,1677,1090,12779,0.010000052102633843
7,13876,1204,1.0,1678,1090,12786,0.010000051584203975
7,13883,1205,1.0,1679,1090,12793,0.010000051070932568
7,13890,1206,1.0,1680,1090,12800,0.010000050562768299
7,13897,1207,1.0,1681,1090,12807,0.01000005005966035
7,13904,1208,1.0,1682,1090,12814,0.010000049561558406
7,13911,1209,1.0,1683,1090,12821,0.01000004906841266
7,13918,1210,1.0,1684,1090,12828,0.010000048580173797
7,13925,1211,1.0,1685,1090,12835,0.010000048096792991
7,13932,1212,1.0,1686,1090,12842,0.010000047618221904
7,13939,1213,1.0,1687,1090,12849,0.01000004714441268
7,13946,1214,1.0,1688,1090,12856,0.010000046675317936
7,13953,1215,1.0,1689,1090,12863,0.010000046210890762
7,13960,1216,1.0,1690,1090,12870,0.010000045751084716
7,13967,1217,1.0,1691,1090,12877,0.010000045295853818
7,13974,1218,1.0,1692,1090,12884,0.010000044845152541
7,13981,1219,1.0,1693,1090,12891,0.010000044398935818
7,13988,1220,1.0,1694,1090,12898,0.010000043957159026
7,13995,1221,1.0,1695,1090,12905,0.010000043519777985
7,14002,1222,1.0,1696,1090,12912,0.010000043086748959
7,14009,1223,1.0,1697,1090,12919,0.010000042658028644
7,14016,1224,1.0,1698,1090,12926,0.010000042233574168
7,14023,1225,1.0,1699,1090,12933,0.010000041813343083
7,14030,1226,1.0,1700,1090,12940,0.010000041397293368
7,14037,1227,1.0,1701,1090,12947,0.010000040985383415
7,14044,1228,1.0,1702,1090,12954,0.010000040577572037
7,14051,1229,1.0,1703,1090,12961,0.01000004017381845
7,14058,1230,1.0,1704,1090,12968,0.010000039774082276
7,14065,1231,1.0,1705,1090,12975,0.010000039378323547
7,14072,1232,1.0,1706,1090,12982,0.01000003898650268
7,14079,1233,1.0,1707,1090,12989,0.010000038598580497
7,14086,1234,1.0,1708,1090,12996,0.010000038214518205
7,14093,1235,1.0,1709,1090,13003,0.010000037834277395
7,14100,1236,1.0,1710,1090,13010,0.010000037457820044
7,14107,1237,1.0,1711,1090,13017,0.010000037085108507
7,14114,1238,1.0,1712,1090,13024,0.010000036716105512
7,14121,1239,1.0,1713,1090,13031,0.010000036350774158
7,14128,1240,1.0,1714,1090,13038,0.010000035989077912
7,14135,1241,1.0,1715,1090,13045,0.010000035630980604
7,14142,1242,1.0,1716,1090,13052,0.010000035276446424
7,14149,1243,1.0,1717,1090,13059,0.010000034925439917
7,14156,1244,1.0,1718,1090,13066,0.010000034577925983
7,14163,1245,1.0,1719,1090,13073,0.010000034233869871
7,14170,1246,1.0,1720,1090,13080,0.010000033893237174
7,14177,1247,1.0,1721,1090,13087,0.01000003355599383
7,14184,1248,1.0,1722,1090,13094,0.010000033222106111
7,14191,1249,1.0,1723,1090,13101,0.010000032891540634
7,14198,1250,1.0,1724,1090,13108,0.010000032564264336
7,14205,1251,1.0,1725,1090,13115,0.010000032240244492
7,14212,1252,1.0,1726,1090,13122,0.010000031919448699
7,14219,1253,1.0,1727,1090,13129,0.010000031601844877
7,14226,1254,1.0,1728,1090,13136,0.010000031287401267
7,14233,1255,1.0,1729,1090,13143,0.010000030976086424
4,14237,1255,0.0,1730,1091,13146,0.010000030667869213
7,14244,1256,1.0,1731,1091,13153,0.010000030362718817
7,14251,1257,1.0,1732,1091,13160,0.010000030060604716
7,14258,1258,1.0,1733,1091,13167,0.010000029761496701
7,14265,1259,1.0,1734,1091,13174,0.010000029465364862
7,14272,1260,1.0,1735,1091,13181,0.010000029172179582
7,14279,1261,1.0,1736,1091,13188,0.010000028881911547
7,14286,1262,1.0,1737,1091,13195,0.010000028594531725
7,14293,1263,1.0,1738,1091,13202,0.01000002831001138
7,14300,1264,1.0,1739,1091,13209,0.01000002802832206
7,14307,1265,1.0,1740,1091,13216,0.010000027749435597
7,14314,1266,1.0,1741,1091,13223,0.010000027473324099
7,14321,1267,1.0,1742,1091,13230,0.010000027199959956
7,14328,1268,1.0,1743,1091,13237,0.010000026929315833
7,14335,1269,1.0,1744,1091,13244,0.010000026661364663
7,14342,1270,1.0,1745,1091,13251,0.010000026396079652
7,14349,1271,1.0,1746,1091,13258,0.010000026133434271
7,14356,1272,1.0,1747,1091,13265,0.010000025873402256
7,14363,1273,1.0,1748,1091,13272,0.010000025615957602
7,14370,1274,1.0,1749,1091,13279,0.010000025361074565
7,14377,1275,1.0,1750,1091,13286,0.010000025108727656
7,14384,1276,1.0,1751,1091,13293,0.010000024858891642
7,14391,1277,1.0,1752,1091,13300,0.010000024611541538
7,14398,1278,1.0,1753,1091,13307,0.010000024366652607
7,14405,1279,1.0,1754,1091,13314,0.010000024124200363
7,14412,1280,1.0,1755,1091,13321,0.01000002388416056
7,14419,1281,1.0,1756,1091,13328,0.01000002364650919
7,14426,1282,1.0,1757,1091,13335,0.010000023411222492
7,14433,1283,1.0,1758,1091,13342,0.010000023178276937
7,14440,1284,1.0,1759,1091,13349,0.010000022947649227
7,14447,1285,1.0,1760,1091,13356,0.010000022719316303
7,14454,1286,1.0,1761,1091,13363,0.010000022493255328
7,14461,1287,1.0,1762,1091,13370,0.010000022269443699
7,14468,1288,1.0,1763,1091,13377,0.010000022047859032
17,14485,1289,1.0,1764,1093,13392,0.010000021828479169
7,14492,1290,1.0,1765,1093,13399,0.010000021611282172
7,14499,1291,1.0,1766,1093,13406,0.010000021396246322
7,14506,1292,1.0,1767,1093,13413,0.010000021183350114
7,14513,1293,1.0,1768,1093,13420,0.010000020972572257
7,14520,1294,1.0,1769,1093,13427,0.010000020763891677
9,14529,1294,0.0,1770,1094,13435,0.010000020557287503
7,14536,1295,1.0,1771,1094,13442,0.010000020352739074
7,14543,1296,1.0,1772,1094,13449,0.010000020150225938
7,14550,1297,1.0,1773,1094,13456,0.010000019949727839
7,14557,1298,1.0,1774,1094,13463,0.01000001975122473
7,14564,1299,1.0,1775,1094,13470,0.010000019554696761
7,14571,1300,1.0,1776,1094,13477,0.010000019360124277
7,14578,1301,1.0,1777,1094,13484,0.010000019167487823
7,14585,1302,1.0,1778,1094,13491,0.010000018976768131
7,14592,1303,1.0,1779,1094,13498,0.010000018787946133
7,14599,1304,1.0,1780,1094,13505,0.010000018601002946
7,14606,1305,1.0,1781,1094,13512,0.010000018415919874
7,14613,1306,1.0,1782,1094,13519,0.01000001823267841
7,14620,1307,1.0,1783,1095,13525,0.010000018051260228
7,14627,1308,1.0,1784,1095,13532,0.010000017871647188
7,14634,1309,1.0,1785,1095,13539,0.010000017693821328
7,14641,1310,1.0,1786,1095,13546,0.010000017517764864
7,14648,1311,1.0,1787,1095,13553,0.01000001734346019
7,14655,1312,1.0,1788,1095,13560,0.010000017170889879
7,14662,1313,1.0,1789,1095,13567,0.01000001700003667
7,14669,1314,1.0,1790,1095,13574,0.010000016830883479
7,14676,1315,1.0,1791,1095,13581,0.01000001666341339
7,14683,1316,1.0,1792,1095,13588,0.010000016497609657
7,14690,1317,1.0,1793,1095,13595,0.010000016333455698
7,14697,1318,1.0,1794,1095,13602,0.010000016170935098
7,14704,1319,1.0,1795,1095,13609,0.010000016010031604
7,14711,1320,1.0,1796,1095,13616,0.010000015850729129
7,14718,1321,1.0,1797,1095,13623,0.01000001569301174
7,14725,1322,1.0,1798,1095,13630,0.010000015536863664
7,14732,1323,1.0,1799,1095,13637,0.010000015382269287
7,14739,1324,1.0,1800,1095,13644,0.01000001522921315
7,14746,1325,1.0,1801,1095,13651,0.010000015077679947
7,14753,1326,1.0,1802,1095,13658,0.010000014927654526
7,14760,1327,1.0,1803,1095,13665,0.010000014779121881
7,14767,1328,1.0,1804,1095,13672,0.01000001463206716
7,14774,1329,1.0,1805,1095,13679,0.01000001448647566
7,14781,1330,1.0,1806,1095,13686,0.01000001434233282
7,14788,1331,1.0,1807,1095,13693,0.010000014199624223
7,14795,1332,1.0,1808,1095,13700,0.010000014058335602
7,14802,1333,1.0,1809,1095,13707,0.010000013918452825
9,14811,1333,0.0,1810,1096,13715,0.010000013779961906
7,14818,1334,1.0,1811,1096,13722,0.010000013642848993
7,14825,1335,1.0,1812,1096,13729,0.010000013507100378
7,14832,1336,1.0,1813,1096,13736,0.010000013372702484
7,14839,1337,1.0,1814,1096,13743,0.010000013239641871
7,14846,1338,1.0,1815,1096,13750,0.010000013107905234
7,14853,1339,1.0,1816,1096,13757,0.010000012977479397
7,14860,1340,1.0,1817,1096,13764,0.010000012848351319
7,14867,1341,1.0,1818,1096,13771,0.010000012720508088
7,14874,1342,1.0,1819,1096,13778,0.010000012593936918
7,14881,1343,1.0,1820,1097,13784,0.010000012468625152
7,14888,1344,1.0,1821,1097,13791,0.010000012344560258
7,14895,1345,1.0,1822,1097,13798,0.010000012221729832
7,14902,1346,1.0,1823,1097,13805,0.010000012100121587
7,14909,1347,1.0,1824,1097,13812,0.010000011979723366
7,14916,1348,1.0,1825,1097,13819,0.010000011860523126
9,14925,1348,0.0,1826,1098,13827,0.01000001174250895
7,14932,1349,1.0,1827,1098,13834,0.010000011625669034
7,14939,1350,1.0,1828,1098,13841,0.010000011509991694
7,14946,1351,1.0,1829,1098,13848,0.010000011395465363
7,14953,1352,1.0,1830,1098,13855,0.010000011282078588
7,14960,1353,1.0,1831,1098,13862,0.010000011169820031
7,14967,1354,1.0,1832,1098,13869,0.010000011058678464
7,14974,1355,1.0,1833,1098,13876,0.010000010948642776
9,14983,1355,0.0,1834,1099,13884,0.01000001083970196
7,14990,1356,1.0,1835,1099,13891,0.010000010731845123
7,14997,1357,1.0,1836,1099,13898,0.01000001062506148
7,15004,1358,1.0,1837,1099,13905,0.010000010519340352
7,15011,1359,1.0,1838,1099,13912,0.010000010414671166
7,15018,1360,1.0,1839,1099,13919,0.010000010311043457
7,15025,1361,1.0,1840,1100,13925,0.01000001020844686
7,15032,1362,1.0,1841,1100,13932,0.010000010106871116
2,15034,1362,0.0,1842,1101,13933,0.010000010006306069
7,15041,1363,1.0,1843,1101,13940,0.01000000990674166
7,15048,1364,1.0,1844,1101,13947,0.010000009808167933
7,15055,1365,1.0,1845,1101,13954,0.010000009710575032
7,15062,1366,1.0,1846,1101,13961,0.010000009613953196
7,15069,1367,1.0,1847,1101,13968,0.010000009518292764
7,15076,1368,1.0,1848,1101,13975,0.010000009423584168
7,15083,1369,1.0,1849,1101,13982,0.01000000932981794
7,15090,1370,1.0,1850,1101,13989,0.010000009236984698
7,15097,1371,1.0,1851,1101,13996,0.010000009145075166
7,15104,1372,1.0,1852,1101,14003,0.010000009054080147
7,15111,1373,1.0,1853,1101,14010,0.010000008963990545
7,15118,1374,1.0,1854,1101,14017,0.010000008874797349
6,15124,1374,0.0,1855,1102,14022,0.010000008786491639
7,15131,1375,1.0,1856,1102,14029,0.010000008699064587
7,15138,1376,1.0,1857,1102,14036,0.010000008612507449
7,15145,1377,1.0,1858,1102,14043,0.010000008526811568
7,15152,1378,1.0,1859,1102,14050,0.010000008441968375
7,15159,1379,1.0,1860,1102,14057,0.010000008357969386
7,15166,1380,1.0,1861,1102,14064,0.0100000082748062
7,15173,1381,1.0,1862,1102,14071,0.010000008192470503
7,15180,1382,1.0,1863,1102,14078,0.01000000811095406
7,15187,1383,1.0,1864,1102,14085,0.010000008030248718
7,15194,1384,1.0,1865,1102,14092,0.01000000795034641
6,15200,1385,1.0,1866,1103,14097,0.01000000787123914
3,15203,1385,0.0,1867,1103,14100,0.010000007792919001
7,15210,1386,1.0,1868,1103,14107,0.010000007715378163
7,15217,1387,1.0,1869,1103,14114,0.010000007638608867
7,15224,1388,1.0,1870,1103,14121,0.01000000756260344
7,15231,1389,1.0,1871,1103,14128,0.010000007487354277
7,15238,1390,1.0,1872,1103,14135,0.010000007412853857
7,15245,1391,1.0,1873,1103,14142,0.01000000733909473
7,15252,1392,1.0,1874,1103,14149,0.010000007266069517
7,15259,1393,1.0,1875,1103,14156,0.010000007193770916
7,15266,1394,1.0,1876,1103,14163,0.0100000071221917
7,15273,1395,1.0,1877,1103,14170,0.010000007051324708
7,15280,1396,1.0,1878,1103,14177,0.010000006981162856
7,15287,1397,1.0,1879,1103,14184,0.010000006911699125
7,15294,1398,1.0,1880,1103,14191,0.01000000684292657
7,15301,1399,1.0,1881,1103,14198,0.010000006774838312
7,15308,1400,1.0,1882,1103,14205,0.010000006707427544
7,15315,1401,1.0,1883,1103,14212,0.010000006640687526
7,15322,1402,1.0,1884,1103,14219,0.010000006574611581
7,15329,1403,1.0,1885,1103,14226,0.010000006509193103
7,15336,1404,1.0,1886,1103,14233,0.010000006444425549
7,15343,1405,1.0,1887,1103,14240,0.010000006380302443
7,15350,1406,1.0,1888,1103,14247,0.010000006316817373
7,15357,1407,1.0,1889,1103,14254,0.010000006253963991
7,15364,1408,1.0,1890,1103,14261,0.01000000619173601
9,15373,1408,0.0,1891,1104,14269,0.010000006130127206
7,15380,1409,1.0,1892,1104,14276,0.010000006069131422
7,15387,1410,1.0,1893,1104,14283,0.010000006008742554
7,15394,1411,1.0,1894,1104,14290,0.010000005948954567
7,15401,1412,1.0,1895,1104,14297,0.01000000588976148
7,15408,1413,1.0,1896,1104,14304,0.010000005831157375
7,15415,1414,1.0,1897,1105,14310,0.01000000577313639
7,15422,1415,1.0,1898,1105,14317,0.010000005715692721
7,15429,1416,1.0,1899,1105,14324,0.01000000565882063
7,15436,1417,1.0,1900,1105,14331,0.010000005602514423
7,15443,1418,1.0,1901,1105,14338,0.010000005546768474
7,15450,1419,1.0,1902,1105,14345,0.010000005491577205
7,15457,1420,1.0,1903,1105,14352,0.010000005436935099
10,15467,1420,0.0,1904,1106,14361,0.01000000538283669
7,15474,1421,1.0,1905,1106,14368,0.01000000532927657
7,15481,1422,1.0,1906,1106,14375,0.010000005276249382
7,15488,1423,1.0,1907,1106,14382,0.010000005223749824
7,15495,1424,1.0,1908,1106,14389,0.010000005171772646
7,15502,1425,1.0,1909,1106,14396,0.010000005120312648
7,15509,1426,1.0,1910,1106,14403,0.010000005069364685
7,15516,1427,1.0,1911,1106,14410,0.010000005018923664
7,15523,1428,1.0,1912,1106,14417,0.010000004968984538
7,15530,1429,1.0,1913,1106,14424,0.010000004919542317
7,15537,1430,1.0,1914,1106,14431,0.010000004870592053
7,15544,1431,1.0,1915,1106,14438,0.010000004822128853
7,15551,1432,1.0,1916,1106,14445,0.010000004774147869
7,15558,1433,1.0,1917,1106,14452,0.010000004726644304
7,15565,1434,1.0,1918,1106,14459,0.010000004679613407
7,15572,1435,1.0,1919,1106,14466,0.010000004633050475
7,15579,1436,1.0,1920,1106,14473,0.010000004586950852
7,15586,1437,1.0,1921,1106,14480,0.010000004541309929
7,15593,1438,1.0,1922,1106,14487,0.01000000449612314
7,15600,1439,1.0,1923,1106,14494,0.010000004451385968
7,15607,1440,1.0,1924,1106,14501,0.010000004407093938
7,15614,1441,1.0,1925,1106,14508,0.01000000436324262
7,15621,1442,1.0,1926,1106,14515,0.010000004319827631
7,15628,1443,1.0,1927,1106,14522,0.010000004276844627
7,15635,1444,1.0,1928,1106,14529,0.010000004234289312
7,15642,1445,1.0,1929,1106,14536,0.01000000419215743
7,15649,1446,1.0,1930,1106,14543,0.010000004150444766
7,15656,1447,1.0,1931,1106,14550,0.010000004109147151
7,15663,1448,1.0,1932,1106,14557,0.010000004068260454
17,15680,1448,0.0,1933,1108,14572,0.010000004027780587
7,15687,1449,1.0,1934,1110,14577,0.0100000039877035
7,15694,1450,1.0,1935,1110,14584,0.010000003948025186
7,15701,1451,1.0,1936,1110,14591,0.01000000390874168
7,15708,1452,1.0,1937,1110,14598,0.01000000386984905
7,15715,1453,1.0,1938,1110,14605,0.01000000383134341
7,15722,1454,1.0,1939,1110,14612,0.010000003793220904
7,15729,1455,1.0,1940,1110,14619,0.010000003755477726
7,15736,1456,1.0,1941,1110,14626,0.010000003718110098
7,15743,1457,1.0,1942,1110,14633,0.010000003681114285
7,15750,1458,1.0,1943,1110,14640,0.010000003644486586
7,15757,1459,1.0,1944,1110,14647,0.010000003608223338
7,15764,1460,1.0,1945,1110,14654,0.010000003572320917
7,15771,1461,1.0,1946,1110,14661,0.010000003536775728
7,15778,1462,1.0,1947,1110,14668,0.010000003501584222
7,15785,1463,1.0,1948,1110,14675,0.010000003466742877
7,15792,1464,1.0,1949,1110,14682,0.01000000343224821
7,15799,1465,1.0,1950,1110,14689,0.01000000339809677
7,15806,1466,1.0,1951,1110,14696,0.010000003364285142
7,15813,1467,1.0,1952,1110,14703,0.010000003330809946
7,15820,1468,1.0,1953,1110,14710,0.010000003297667832
7,15827,1469,1.0,1954,1110,14717,0.010000003264855489
7,15834,1470,1.0,1955,1110,14724,0.010000003232369634
7,15841,1471,1.0,1956,1110,14731,0.01000000320020702
7,15848,1472,1.0,1957,1110,14738,0.010000003168364427
7,15855,1473,1.0,1958,1110,14745,0.010000003136838674
7,15862,1474,1.0,1959,1110,14752,0.010000003105626609
7,15869,1475,1.0,1960,1110,14759,0.010000003074725107
7,15876,1476,1.0,1961,1110,14766,0.010000003044131081
7,15883,1477,1.0,1962,1110,14773,0.01000000301384147
7,15890,1478,1.0,1963,1110,14780,0.010000002983853246
7,15897,1479,1.0,1964,1110,14787,0.01000000295416341
7,15904,1480,1.0,1965,1110,14794,0.010000002924768993
9,15913,1480,0.0,1966,1111,14802,0.010000002895667057
7,15920,1481,1.0,1967,1111,14809,0.010000002866854688
7,15927,1482,1.0,1968,1111,14816,0.010000002838329006
7,15934,1483,1.0,1969,1111,14823,0.010000002810087161
7,15941,1484,1.0,1970,1111,14830,0.010000002782126326
7,15948,1485,1.0,1971,1111,14837,0.010000002754443708
7,15955,1486,1.0,1972,1111,14844,0.010000002727036534
7,15962,1487,1.0,1973,1111,14851,0.010000002699902068
7,15969,1488,1.0,1974,1111,14858,0.010000002673037594
7,15976,1489,1.0,1975,1111,14865,0.010000002646440425
7,15983,1490,1.0,1976,1111,14872,0.010000002620107903
7,15990,1491,1.0,1977,1111,14879,0.010000002594037393
7,15997,1492,1.0,1978,1111,14886,0.01000000256822629
7,16004,1493,1.0,1979,1111,14893,0.010000002542672012
7,16011,1494,1.0,1980,1111,14900,0.010000002517372002
7,16018,1495,1.0,1981,1111,14907,0.010000002492323733
7,16025,1496,1.0,1982,1111,14914,0.010000002467524697
7,16032,1497,1.0,1983,1111,14921,0.010000002442972417
7,16039,1498,1.0,1984,1111,14928,0.010000002418664434
7,16046,1499,1.0,1985,1111,14935,0.010000002394598322
7,16053,1500,1.0,1986,1111,14942,0.01000000237077167
7,16060,1501,1.0,1987,1111,14949,0.010000002347182098
7,16067,1502,1.0,1988,1111,14956,0.010000002323827245
7,16074,1503,1.0,1989,1111,14963,0.010000002300704778
7,16081,1504,1.0,1990,1111,14970,0.010000002277812383
7,16088,1505,1.0,1991,1111,14977,0.010000002255147772
7,16095,1506,1.0,1992,1111,14984,0.010000002232708676
7,16102,1507,1.0,1993,1111,14991,0.010000002210492853
7,16109,1508,1.0,1994,1111,14998,0.010000002188498083
7,16116,1509,1.0,1995,1111,15005,0.010000002166722161
7,16123,1510,1.0,1996,1111,15012,0.010000002145162916
7,16130,1511,1.0,1997,1111,15019,0.01000000212381819
7,16137,1512,1.0,1998,1111,15026,0.010000002102685845
7,16144,1513,1.0,1999,1111,15033,0.01000000208176377
7,16151,1514,1.0,2000,1111,15040,0.010000002061049876
7,16158,1515,1.0,2001,1111,15047,0.010000002040542086
7,16165,1516,1.0,2002,1111,15054,0.010000002020238354
7,16172,1517,1.0,2003,1111,15061,0.010000002000136647
7,16179,1518,1.0,2004,1111,15068,0.010000001980234954
7,16186,1519,1.0,2005,1111,15075,0.010000001960531286
7,16193,1520,1.0,2006,1111,15082,0.010000001941023675
9,16202,1520,0.0,2007,1112,15090,0.010000001921710166
7,16209,1521,1.0,2008,1112,15097,0.010000001902588831
7,16216,1522,1.0,2009,1112,15104,0.010000001883657756
7,16223,1523,1.0,2010,1112,15111,0.010000001864915047
7,16230,1524,1.0,2011,1112,15118,0.010000001846358833
7,16237,1525,1.0,2012,1112,15125,0.010000001827987255
7,16244,1526,1.0,2013,1112,15132,0.010000001809798478
7,16251,1527,1.0,2014,1112,15139,0.010000001791790683
9,16260,1527,0.0,2015,1113,15147,0.010000001773962068
7,16267,1528,1.0,2016,1113,15154,0.01000000175631085
7,16274,1529,1.0,2017,1113,15161,0.010000001738835265
7,16281,1530,1.0,2018,1113,15168,0.010000001721533565
7,16288,1531,1.0,2019,1113,15175,0.01000000170440402
7,16295,1532,1.0,2020,1114,15181,0.010000001687444917
7,16302,1533,1.0,2021,1114,15188,0.01000000167065456
7,16309,1534,1.0,2022,1114,15195,0.010000001654031268
7,16316,1535,1.0,2023,1114,15202,0.010000001637573383
7,16323,1536,1.0,2024,1114,15209,0.010000001621279255
7,16330,1537,1.0,2025,1114,15216,0.010000001605147257
7,16337,1538,1.0,2026,1114,15223,0.010000001589175776
7,16344,1539,1.0,2027,1114,15230,0.010000001573363212
7,16351,1540,1.0,2028,1114,15237,0.010000001557707985
7,16358,1541,1.0,2029,1114,15244,0.010000001542208533
7,16365,1542,1.0,2030,1114,15251,0.010000001526863301
7,16372,1543,1.0,2031,1114,15258,0.010000001511670758
7,16379,1544,1.0,2032,1114,15265,0.010000001496629383
7,16386,1545,1.0,2033,1114,15272,0.010000001481737672
7,16393,1546,1.0,2034,1114,15279,0.010000001466994136
7,16400,1547,1.0,2035,1114,15286,0.0100000014523973
7,16407,1548,1.0,2036,1115,15292,0.010000001437945705
7,16414,1549,1.0,2037,1115,15299,0.010000001423637906
7,16421,1550,1.0,2038,1115,15306,0.010000001409472473
7,16428,1551,1.0,2039,1115,15313,0.010000001395447987
7,16435,1552,1.0,2040,1115,15320,0.010000001381563048
32,16467,1553,1.0,2041,1116,15351,0.010000001367816265
8,16475,1553,0.0,2042,1116,15359,0.010000001354206266
12,16487,1553,0.0,2043,1116,15371,0.010000001340731689
11,16498,1553,0.0,2044,1116,15382,0.010000001327391185
11,16509,1553,0.0,2045,1118,15391,0.010000001314183422
3,16512,1553,0.0,2046,1118,15394,0.010000001301107078
9,16521,1553,0.0,2047,1118,15403,0.010000001288160847
9,16530,1554,1.0,2048,1118,15412,0.010000001275343432
10,16540,1554,0.0,2049,1118,15422,0.010000001262653553
9,16549,1554,0.0,2050,1118,15431,0.010000001250089941
9,16558,1554,0.0,2051,1118,15440,0.010000001237651338
2,16560,1554,0.0,2052,1118,15442,0.010000001225336501
2,16562,1554,0.0,2053,1118,15444,0.0100000012131442
9,16571,1554,0.0,2054,1118,15453,0.010000001201073213
9,16580,1554,0.0,2055,1118,15462,0.010000001189122336
7,16587,1555,1.0,2056,1118,15469,0.01000000117729037
20,16607,1555,0.0,2057,1118,15489,0.010000001165576136
7,16614,1556,1.0,2058,1118,15496,0.010000001153978458
6,16620,1556,0.0,2059,1119,15501,0.010000001142496181
21,16641,1556,0.0,2060,1119,15522,0.010000001131128155
17,16658,1557,1.0,2061,1119,15539,0.010000001119873241
7,16665,1558,1.0,2062,1119,15546,0.010000001108730316
7,16672,1559,1.0,2063,1119,15553,0.010000001097698266
7,16679,1560,1.0,2064,1119,15560,0.010000001086775985
7,16686,1561,1.0,2065,1119,15567,0.010000001075962384
7,16693,1562,1.0,2066,1120,15573,0.010000001065256378
7,16700,1563,1.0,2067,1120,15580,0.0100000010546569
7,16707,1564,1.0,2068,1120,15587,0.010000001044162888
7,16714,1565,1.0,2069,1121,15593,0.010000001033773295
7,16721,1566,1.0,2070,1121,15600,0.010000001023487078
7,16728,1567,1.0,2071,1121,15607,0.010000001013303212
7,16735,1568,1.0,2072,1121,15614,0.010000001003220677
7,16742,1569,1.0,2073,1121,15621,0.010000000993238464
7,16749,1570,1.0,2074,1121,15628,0.010000000983355576
7,16756,1571,1.0,2075,1121,15635,0.010000000973571024
7,16763,1572,1.0,2076,1121,15642,0.01000000096388383
7,16770,1573,1.0,2077,1121,15649,0.010000000954293027
7,16777,1574,1.0,2078,1121,15656,0.010000000944797652
7,16784,1575,1.0,2079,1121,15663,0.010000000935396759
7,16791,1576,1.0,2080,1121,15670,0.010000000926089405
7,16798,1577,1.0,2081,1121,15677,0.010000000916874661
3,16801,1577,0.0,2082,1122,15679,0.010000000907751607
7,16808,1578,1.0,2083,1122,15686,0.010000000898719327
7,16815,1579,1.0,2084,1122,15693,0.01000000088977692
7,16822,1580,1.0,2085,1122,15700,0.010000000880923492
7,16829,1581,1.0,2086,1122,15707,0.010000000872158157
7,16836,1582,1.0,2087,1122,15714,0.010000000863480038
7,16843,1583,1.0,2088,1122,15721,0.010000000854888268
7,16850,1584,1.0,2089,1122,15728,0.010000000846381987
7,16857,1585,1.0,2090,1122,15735,0.010000000837960347
7,16864,1586,1.0,2091,1122,15742,0.010000000829622501
7,16871,1587,1.0,2092,1122,15749,0.01000000082136762
7,16878,1588,1.0,2093,1122,15756,0.010000000813194876
7,16885,1589,1.0,2094,1122,15763,0.010000000805103451
7,16892,1590,1.0,2095,1122,15770,0.010000000797092538
7,16899,1591,1.0,2096,1122,15777,0.010000000789161335
7,16906,1592,1.0,2097,1122,15784,0.010000000781309049
7,16913,1593,1.0,2098,1122,15791,0.010000000773534894
7,16920,1594,1.0,2099,1122,15798,0.010000000765838093
7,16927,1595,1.0,2100,1122,15805,0.010000000758217876
7,16934,1596,1.0,2101,1122,15812,0.010000000750673482
7,16941,1597,1.0,2102,1122,15819,0.010000000743204156
7,16948,1598,1.0,2103,1122,15826,0.010000000735809152
7,16955,1599,1.0,2104,1122,15833,0.010000000728487729
7,16962,1600,1.0,2105,1122,15840,0.010000000721239154
7,16969,1601,1.0,2106,1122,15847,0.010000000714062705
7,16976,1602,1.0,2107,1122,15854,0.010000000706957663
7,16983,1603,1.0,2108,1122,15861,0.010000000699923316
7,16990,1604,1.0,2109,1122,15868,0.010000000692958963
7,16997,1605,1.0,2110,1122,15875,0.010000000686063906
7,17004,1606,1.0,2111,1122,15882,0.010000000679237456
7,17011,1607,1.0,2112,1122,15889,0.01000000067247893
7,17018,1608,1.0,2113,1122,15896,0.010000000665787653
7,17025,1609,1.0,2114,1122,15903,0.010000000659162955
7,17032,1610,1.0,2115,1122,15910,0.010000000652604174
7,17039,1611,1.0,2116,1122,15917,0.010000000646110655
7,17046,1612,1.0,2117,1122,15924,0.010000000639681745
7,17053,1613,1.0,2118,1122,15931,0.010000000633316805
7,17060,1614,1.0,2119,1122,15938,0.010000000627015199
7,17067,1615,1.0,2120,1122,15945,0.010000000620776293
7,17074,1616,1.0,2121,1122,15952,0.010000000614599465
7,17081,1617,1.0,2122,1122,15959,0.010000000608484098
7,17088,1618,1.0,2123,1122,15966,0.01000000060242958
7,17095,1619,1.0,2124,1122,15973,0.010000000596435306
7,17102,1620,1.0,2125,1122,15980,0.010000000590500676
7,17109,1621,1.0,2126,1122,15987,0.010000000584625097
7,17116,1622,1.0,2127,1122,15994,0.01000000057880798
7,17123,1623,1.0,2128,1122,16001,0.010000000573048744
7,17130,1624,1.0,2129,1122,16008,0.010000000567346814
7,17137,1625,1.0,2130,1122,16015,0.010000000561701618
7,17144,1626,1.0,2131,1122,16022,0.010000000556112594
7,17151,1627,1.0,2132,1122,16029,0.010000000550579181
7,17158,1628,1.0,2133,1122,16036,0.010000000545100826
7,17165,1629,1.0,2134,1122,16043,0.010000000539676982
7,17172,1630,1.0,2135,1122,16050,0.010000000534307107
7,17179,1631,1.0,2136,1122,16057,0.010000000528990662
7,17186,1632,1.0,2137,1122,16064,0.010000000523727117
7,17193,1633,1.0,2138,1122,16071,0.010000000518515946
7,17200,1634,1.0,2139,1122,16078,0.010000000513356627
24,17224,1635,1.0,2140,1123,16101,0.010000000508248641
7,17231,1636,1.0,2141,1124,16107,0.010000000503191483
7,17238,1637,1.0,2142,1124,16114,0.010000000498184645
7,17245,1638,1.0,2143,1124,16121,0.010000000493227624
7,17252,1639,1.0,2144,1124,16128,0.010000000488319928
24,17276,1640,1.0,2145,1124,16152,0.010000000483461063
7,17283,1641,1.0,2146,1124,16159,0.010000000478650545
7,17290,1642,1.0,2147,1124,16166,0.010000000473887893
7,17297,1643,1.0,2148,1124,16173,0.01000000046917263
7,17304,1644,1.0,2149,1124,16180,0.010000000464504284
7,17311,1645,1.0,2150,1124,16187,0.01000000045988239
7,17318,1646,1.0,2151,1124,16194,0.010000000455306482
7,17325,1647,1.0,2152,1124,16201,0.010000000450776108
7,17332,1648,1.0,2153,1124,16208,0.01000000044629081
7,17339,1649,1.0,2154,1124,16215,0.010000000441850142
7,17346,1650,1.0,2155,1124,16222,0.01000000043745366
7,17353,1651,1.0,2156,1124,16229,0.010000000433100923
7,17360,1652,1.0,2157,1124,16236,0.010000000428791497
7,17367,1653,1.0,2158,1124,16243,0.01000000042452495
7,17374,1654,1.0,2159,1124,16250,0.010000000420300857
7,17381,1655,1.0,2160,1125,16256,0.010000000416118794
7,17388,1656,1.0,2161,1125,16263,0.010000000411978342
7,17395,1657,1.0,2162,1125,16270,0.01000000040787909
7,17402,1658,1.0,2163,1125,16277,0.010000000403820625
7,17409,1659,1.0,2164,1125,16284,0.010000000399802542
7,17416,1660,1.0,2165,1125,16291,0.010000000395824441
7,17423,1661,1.0,2166,1125,16298,0.010000000391885921
7,17430,1662,1.0,2167,1125,16305,0.010000000387986591
7,17437,1663,1.0,2168,1125,16312,0.010000000384126061
7,17444,1664,1.0,2169,1126,16318,0.010000000380303941
7,17451,1665,1.0,2170,1126,16325,0.010000000376519855
7,17458,1666,1.0,2171,1126,16332,0.01000000037277342
6,17464,1667,1.0,2172,1127,16337,0.010000000369064262
3,17467,1667,0.0,2173,1127,16340,0.010000000365392012
7,17474,1668,1.0,2174,1127,16347,0.0100000003617563
7,17481,1669,1.0,2175,1127,16354,0.010000000358156765
7,17488,1670,1.0,2176,1127,16361,0.010000000354593046
7,17495,1671,1.0,2177,1127,16368,0.010000000351064785
7,17502,1672,1.0,2178,1127,16375,0.010000000347571633
7,17509,1673,1.0,2179,1127,16382,0.010000000344113236
7,17516,1674,1.0,2180,1127,16389,0.010000000340689253
7,17523,1675,1.0,2181,1127,16396,0.010000000337299338
7,17530,1676,1.0,2182,1127,16403,0.010000000333943155
7,17537,1677,1.0,2183,1127,16410,0.010000000330620365
7,17544,1678,1.0,2184,1127,16417,0.010000000327330637
7,17551,1679,1.0,2185,1127,16424,0.010000000324073641
7,17558,1680,1.0,2186,1127,16431,0.010000000320849056
7,17565,1681,1.0,2187,1127,16438,0.010000000317656554
7,17572,1682,1.0,2188,1127,16445,0.010000000314495818
7,17579,1683,1.0,2189,1127,16452,0.010000000311366533
4,17583,1683,0.0,2190,1128,16455,0.010000000308268385
7,17590,1684,1.0,2191,1128,16462,0.010000000305201063
7,17597,1685,1.0,2192,1128,16469,0.01000000030216426
7,17604,1686,1.0,2193,1128,16476,0.010000000299157676
7,17611,1687,1.0,2194,1128,16483,0.010000000296181009
7,17618,1688,1.0,2195,1128,16490,0.010000000293233958
7,17625,1689,1.0,2196,1128,16497,0.010000000290316231
7,17632,1690,1.0,2197,1128,16504,0.010000000287427537
7,17639,1691,1.0,2198,1128,16511,0.010000000284567585
7,17646,1692,1.0,2199,1128,16518,0.01000000028173609
7,17653,1693,1.0,2200,1128,16525,0.01000000027893277
7,17660,1694,1.0,2201,1128,16532,0.010000000276157342
7,17667,1695,1.0,2202,1128,16539,0.01000000027340953
7,17674,1696,1.0,2203,1128,16546,0.01000000027068906
7,17681,1697,1.0,2204,1128,16553,0.010000000267995659
7,17688,1698,1.0,2205,1128,16560,0.010000000265329058
7,17695,1699,1.0,2206,1128,16567,0.010000000262688989
7,17702,1700,1.0,2207,1128,16574,0.010000000260075189
7,17709,1701,1.0,2208,1128,16581,0.010000000257487398
7,17716,1702,1.0,2209,1128,16588,0.010000000254925355
7,17723,1703,1.0,2210,1128,16595,0.010000000252388806
7,17730,1704,1.0,2211,1128,16602,0.010000000249877496
7,17737,1705,1.0,2212,1128,16609,0.010000000247391174
7,17744,1706,1.0,2213,1128,16616,0.01000000024492959
7,17751,1707,1.0,2214,1128,16623,0.0100000002424925
7,17758,1708,1.0,2215,1128,16630,0.01000000024007966
7,17765,1709,1.0,2216,1128,16637,0.010000000237690827
7,17772,1710,1.0,2217,1129,16643,0.010000000235325763
7,17779,1711,1.0,2218,1129,16650,0.010000000232984233
7,17786,1712,1.0,2219,1129,16657,0.010000000230666
7,17793,1713,1.0,2220,1129,16664,0.010000000228370836
7,17800,1714,1.0,2221,1129,16671,0.010000000226098508
7,17807,1715,1.0,2222,1129,16678,0.01000000022384879
7,17814,1716,1.0,2223,1129,16685,0.010000000221621458
7,17821,1717,1.0,2224,1129,16692,0.010000000219416287
7,17828,1718,1.0,2225,1129,16699,0.010000000217233058
7,17835,1719,1.0,2226,1129,16706,0.010000000215071555
7,17842,1720,1.0,2227,1129,16713,0.010000000212931556
7,17849,1721,1.0,2228,1129,16720,0.010000000210812852
7,17856,1722,1.0,2229,1129,16727,0.01000000020871523
7,17863,1723,1.0,2230,1129,16734,0.010000000206638477
7,17870,1724,1.0,2231,1129,16741,0.010000000204582391
24,17894,1725,1.0,2232,1130,16764,0.01000000020254676
7,17901,1726,1.0,2233,1130,16771,0.010000000200531387
7,17908,1727,1.0,2234,1130,16778,0.010000000198536066
7,17915,1728,1.0,2235,1130,16785,0.0100000001965606
7,17922,1729,1.0,2236,1130,16792,0.010000000194604789
7,17929,1730,1.0,2237,1130,16799,0.010000000192668439
7,17936,1731,1.0,2238,1130,16806,0.010000000190751356
7,17943,1732,1.0,2239,1130,16813,0.010000000188853348
7,17950,1733,1.0,2240,1130,16820,0.010000000186974226
7,17957,1734,1.0,2241,1130,16827,0.010000000185113801
7,17964,1735,1.0,2242,1130,16834,0.01000000018327189
7,17971,1736,1.0,2243,1130,16841,0.010000000181448303
7,17978,1737,1.0,2244,1130,16848,0.010000000179642862
7,17985,1738,1.0,2245,1130,16855,0.010000000177855385
7,17992,1739,1.0,2246,1130,16862,0.010000000176085695
7,17999,1740,1.0,2247,1130,16869,0.010000000174333614
7,18006,1741,1.0,2248,1130,16876,0.010000000172598965
7,18013,1742,1.0,2249,1130,16883,0.010000000170881576
7,18020,1743,1.0,2250,1130,16890,0.010000000169181277
7,18027,1744,1.0,2251,1130,16897,0.010000000167497894
7,18034,1745,1.0,2252,1130,16904,0.010000000165831262
7,18041,1746,1.0,2253,1130,16911,0.010000000164181214
7,18048,1747,1.0,2254,1130,16918,0.010000000162547583
7,18055,1748,1.0,2255,1130,16925,0.010000000160930209
7,18062,1749,1.0,2256,1130,16932,0.010000000159328925
7,18069,1750,1.0,2257,1130,16939,0.010000000157743577
7,18076,1751,1.0,2258,1130,16946,0.010000000156174001
7,18083,1752,1.0,2259,1130,16953,0.010000000154620044
7,18090,1753,1.0,2260,1130,16960,0.01000000015308155
7,18097,1754,1.0,2261,1131,16966,0.010000000151558363
7,18104,1755,1.0,2262,1131,16973,0.010000000150050332
7,18111,1756,1.0,2263,1131,16980,0.010000000148557306
7,18118,1757,1.0,2264,1131,16987,0.010000000147079136
7,18125,1758,1.0,2265,1131,16994,0.010000000145615674
7,18132,1759,1.0,2266,1132,17000,0.010000000144166774
7,18139,1760,1.0,2267,1132,17007,0.01000000014273229
7,18146,1761,1.0,2268,1133,17013,0.01000000014131208
7,18153,1762,1.0,2269,1133,17020,0.010000000139906002
7,18160,1763,1.0,2270,1133,17027,0.010000000138513914
7,18167,1764,1.0,2271,1133,17034,0.010000000137135678
7,18174,1765,1.0,2272,1133,17041,0.010000000135771155
7,18181,1766,1.0,2273,1133,17048,0.01000000013442021
7,18188,1767,1.0,2274,1133,17055,0.010000000133082705
7,18195,1768,1.0,2275,1133,17062,0.01000000013175851
7,18202,1769,1.0,2276,1133,17069,0.010000000130447492
7,18209,1770,1.0,2277,1133,17076,0.010000000129149518
7,18216,1771,1.0,2278,1133,17083,0.010000000127864459
7,18223,1772,1.0,2279,1133,17090,0.010000000126592185
7,18230,1773,1.0,2280,1133,17097,0.010000000125332573
7,18237,1774,1.0,2281,1133,17104,0.010000000124085492
7,18244,1775,1.0,2282,1133,17111,0.010000000122850822
7,18251,1776,1.0,2283,1133,17118,0.010000000121628435
7,18258,1777,1.0,2284,1134,17124,0.010000000120418212
7,18265,1778,1.0,2285,1134,17131,0.01000000011922003
7,18272,1779,1.0,2286,1134,17138,0.010000000118033772
7,18279,1780,1.0,2287,1134,17145,0.010000000116859316
7,18286,1781,1.0,2288,1134,17152,0.010000000115696546
7,18293,1782,1.0,2289,1134,17159,0.010000000114545346
7,18300,1783,1.0,2290,1134,17166,0.010000000113405601
7,18307,1784,1.0,2291,1134,17173,0.010000000112277196
7,18314,1785,1.0,2292,1134,17180,0.010000000111160019
4,18318,1785,0.0,2293,1135,17183,0.01000000011005396
7,18325,1786,1.0,2294,1135,17190,0.010000000108958905
7,18332,1787,1.0,2295,1135,17197,0.010000000107874744
7,18339,1788,1.0,2296,1135,17204,0.010000000106801374
7,18346,1789,1.0,2297,1135,17211,0.010000000105738682
7,18353,1790,1.0,2298,1135,17218,0.010000000104686563
7,18360,1791,1.0,2299,1135,17225,0.010000000103644916
7,18367,1792,1.0,2300,1135,17232,0.010000000102613631
7,18374,1793,1.0,2301,1135,17239,0.010000000101592608
7,18381,1794,1.0,2302,1135,17246,0.010000000100581745
7,18388,1795,1.0,2303,1135,17253,0.010000000099580941
7,18395,1796,1.0,2304,1135,17260,0.010000000098590093
7,18402,1797,1.0,2305,1135,17267,0.010000000097609105
7,18409,1798,1.0,2306,1135,17274,0.010000000096637878
7,18416,1799,1.0,2307,1135,17281,0.010000000095676316
7,18423,1800,1.0,2308,1135,17288,0.01000000009472432
7,18430,1801,1.0,2309,1135,17295,0.010000000093781799
7,18437,1802,1.0,2310,1135,17302,0.010000000092848653
7,18444,1803,1.0,2311,1135,17309,0.010000000091924794
7,18451,1804,1.0,2312,1135,17316,0.010000000091010127
7,18458,1805,1.0,2313,1135,17323,0.010000000090104561
7,18465,1806,1.0,2314,1135,17330,0.010000000089208006
7,18472,1807,1.0,2315,1135,17337,0.01000000008832037
7,18479,1808,1.0,2316,1135,17344,0.010000000087441568
7,18486,1809,1.0,2317,1135,17351,0.01000000008657151
7,18493,1810,1.0,2318,1135,17358,0.01000000008571011
7,18500,1811,1.0,2319,1135,17365,0.01000000008485728
7,18507,1812,1.0,2320,1135,17372,0.010000000084012936
7,18514,1813,1.0,2321,1135,17379,0.010000000083176993
7,18521,1814,1.0,2322,1135,17386,0.010000000082349369
24,18545,1815,1.0,2323,1136,17409,0.010000000081529977
7,18552,1816,1.0,2324,1136,17416,0.010000000080718741
7,18559,1817,1.0,2325,1136,17423,0.010000000079915576
7,18566,1818,1.0,2326,1136,17430,0.010000000079120403
7,18573,1819,1.0,2327,1136,17437,0.010000000078333142
24,18597,1820,1.0,2328,1136,17461,0.010000000077553714
7,18604,1821,1.0,2329,1136,17468,0.010000000076782041
7,18611,1822,1.0,2330,1136,17475,0.010000000076018048
22,18633,1822,0.0,2331,1137,17496,0.010000000075261655
7,18640,1823,1.0,2332,1137,17503,0.01000000007451279
9,18649,1823,0.0,2333,1137,17512,0.010000000073771375
7,18656,1824,1.0,2334,1137,17519,0.010000000073037337
7,18663,1825,1.0,2335,1137,17526,0.010000000072310604
7,18670,1826,1.0,2336,1137,17533,0.010000000071591101
7,18677,1827,1.0,2337,1137,17540,0.010000000070878758
7,18684,1828,1.0,2338,1137,17547,0.010000000070173503
7,18691,1829,1.0,2339,1137,17554,0.010000000069475264
7,18698,1830,1.0,2340,1137,17561,0.010000000068783974
7,18705,1831,1.0,2341,1137,17568,0.010000000068099563
7,18712,1832,1.0,2342,1137,17575,0.01000000006742196
3,18715,1832,0.0,2343,1138,17577,0.0100000000667511
7,18722,1833,1.0,2344,1138,17584,0.010000000066086916
7,18729,1834,1.0,2345,1139,17590,0.01000000006542934
7,18736,1835,1.0,2346,1139,17597,0.010000000064778308
7,18743,1836,1.0,2347,1139,17604,0.010000000064133752
7,18750,1837,1.0,2348,1139,17611,0.01000000006349561
7,18757,1838,1.0,2349,1139,17618,0.010000000062863819
7,18764,1839,1.0,2350,1139,17625,0.010000000062238314
7,18771,1840,1.0,2351,1139,17632,0.010000000061619031
7,18778,1841,1.0,2352,1139,17639,0.010000000061005912
7,18785,1842,1.0,2353,1139,17646,0.010000000060398893
7,18792,1843,1.0,2354,1139,17653,0.010000000059797915
7,18799,1844,1.0,2355,1139,17660,0.010000000059202915
7,18806,1845,1.0,2356,1139,17667,0.010000000058613836
7,18813,1846,1.0,2357,1139,17674,0.010000000058030619
7,18820,1847,1.0,2358,1139,17681,0.010000000057453204
7,18827,1848,1.0,2359,1139,17688,0.010000000056881536
7,18834,1849,1.0,2360,1139,17695,0.010000000056315555
7,18841,1850,1.0,2361,1139,17702,0.010000000055755206
7,18848,1851,1.0,2362,1139,17709,0.010000000055200433
7,18855,1852,1.0,2363,1139,17716,0.01000000005465118
7,18862,1853,1.0,2364,1139,17723,0.01000000005410739
7,18869,1854,1.0,2365,1139,17730,0.010000000053569012
7,18876,1855,1.0,2366,1139,17737,0.010000000053035992
7,18883,1856,1.0,2367,1139,17744,0.010000000052508276
7,18890,1857,1.0,2368,1139,17751,0.01000000005198581
7,18897,1858,1.0,2369,1139,17758,0.010000000051468541
7,18904,1859,1.0,2370,1139,17765,0.010000000050956422
7,18911,1860,1.0,2371,1139,17772,0.010000000050449397
7,18918,1861,1.0,2372,1139,17779,0.010000000049947416
7,18925,1862,1.0,2373,1139,17786,0.010000000049450432
7,18932,1863,1.0,2374,1139,17793,0.010000000048958391
7,18939,1864,1.0,2375,1139,17800,0.010000000048471248
7,18946,1865,1.0,2376,1139,17807,0.01000000004798895
7,18953,1866,1.0,2377,1139,17814,0.010000000047511452
7,18960,1867,1.0,2378,1139,17821,0.010000000047038705
7,18967,1868,1.0,2379,1139,17828,0.010000000046570662
7,18974,1869,1.0,2380,1139,17835,0.010000000046107276
7,18981,1870,1.0,2381,1139,17842,0.010000000045648503
7,18988,1871,1.0,2382,1139,17849,0.010000000045194291
7,18995,1872,1.0,2383,1139,17856,0.0100000000447446
7,19002,1873,1.0,2384,1139,17863,0.010000000044299384
7,19009,1874,1.0,2385,1139,17870,0.010000000043858598
7,19016,1875,1.0,2386,1139,17877,0.010000000043422198
7,19023,1876,1.0,2387,1139,17884,0.01000000004299014
7,19030,1877,1.0,2388,1139,17891,0.010000000042562381
7,19037,1878,1.0,2389,1139,17898,0.010000000042138878
7,19044,1879,1.0,2390,1139,17905,0.01000000004171959
7,19051,1880,1.0,2391,1139,17912,0.010000000041304472
7,19058,1881,1.0,2392,1139,17919,0.010000000040893487
7,19065,1882,1.0,2393,1139,17926,0.010000000040486588
7,19072,1883,1.0,2394,1139,17933,0.01000000004008374
7,19079,1884,1.0,2395,1139,17940,0.010000000039684901
7,19086,1885,1.0,2396,1139,17947,0.01000000003929003
7,19093,1886,1.0,2397,1139,17954,0.010000000038899087
7,19100,1887,1.0,2398,1139,17961,0.010000000038512034
7,19107,1888,1.0,2399,1139,17968,0.010000000038128834
7,19114,1889,1.0,2400,1139,17975,0.010000000037749446
7,19121,1890,1.0,2401,1139,17982,0.010000000037373832
2,19123,1890,0.0,2402,1140,17983,0.010000000037001956
7,19130,1891,1.0,2403,1140,17990,0.010000000036633781
7,19137,1892,1.0,2404,1140,17997,0.010000000036269269
7,19144,1893,1.0,2405,1140,18004,0.010000000035908384
7,19151,1894,1.0,2406,1140,18011,0.010000000035551088
7,19158,1895,1.0,2407,1140,18018,0.01000000003519735
7,19165,1896,1.0,2408,1140,18025,0.01000000003484713
7,19172,1897,1.0,2409,1140,18032,0.010000000034500396
7,19179,1898,1.0,2410,1140,18039,0.010000000034157111
7,19186,1899,1.0,2411,1140,18046,0.010000000033817243
7,19193,1900,1.0,2412,1140,18053,0.010000000033480755
7,19200,1901,1.0,2413,1140,18060,0.010000000033147615
7,19207,1902,1.0,2414,1140,18067,0.010000000032817792
7,19214,1903,1.0,2415,1140,18074,0.01000000003249125
7,19221,1904,1.0,2416,1140,18081,0.010000000032167956
7,19228,1905,1.0,2417,1140,18088,0.010000000031847879
7,19235,1906,1.0,2418,1140,18095,0.010000000031530988
7,19242,1907,1.0,2419,1140,18102,0.01000000003121725
7,19249,1908,1.0,2420,1140,18109,0.010000000030906632
7,19256,1909,1.0,2421,1140,18116,0.010000000030599105
7,19263,1910,1.0,2422,1140,18123,0.01000000003029464
7,19270,1911,1.0,2423,1140,18130,0.010000000029993203
7,19277,1912,1.0,2424,1140,18137,0.010000000029694766
7,19284,1913,1.0,2425,1140,18144,0.010000000029399297
7,19291,1914,1.0,2426,1140,18151,0.01000000002910677
7,19298,1915,1.0,2427,1140,18158,0.010000000028817152
7,19305,1916,1.0,2428,1140,18165,0.010000000028530418
7,19312,1917,1.0,2429,1140,18172,0.010000000028246536
7,19319,1918,1.0,2430,1140,18179,0.010000000027965477
7,19326,1919,1.0,2431,1140,18186,0.010000000027687216
7,19333,1920,1.0,2432,1140,18193,0.010000000027411724
7,19340,1921,1.0,2433,1140,18200,0.010000000027138972
7,19347,1922,1.0,2434,1140,18207,0.010000000026868934
7,19354,1923,1.0,2435,1140,18214,0.010000000026601584
7,19361,1924,1.0,2436,1140,18221,0.010000000026336895
7,19368,1925,1.0,2437,1140,18228,0.010000000026074839
7,19375,1926,1.0,2438,1140,18235,0.010000000025815388
7,19382,1927,1.0,2439,1140,18242,0.01000000002555852
7,19389,1928,1.0,2440,1140,18249,0.01000000002530421
7,19396,1929,1.0,2441,1140,18256,0.010000000025052429
7,19403,1930,1.0,2442,1140,18263,0.010000000024803153
7,19410,1931,1.0,2443,1140,18270,0.010000000024556357
7,19417,1932,1.0,2444,1140,18277,0.010000000024312018
7,19424,1933,1.0,2445,1141,18283,0.010000000024070109
7,19431,1934,1.0,2446,1141,18290,0.010000000023830608
7,19438,1935,1.0,2447,1141,18297,0.010000000023593488
7,19445,1936,1.0,2448,1141,18304,0.01000000002335873
7,19452,1937,1.0,2449,1141,18311,0.010000000023126307
7,19459,1938,1.0,2450,1141,18318,0.010000000022896196
7,19466,1939,1.0,2451,1141,18325,0.010000000022668374
7,19473,1940,1.0,2452,1141,18332,0.01000000002244282
7,19480,1941,1.0,2453,1141,18339,0.010000000022219511
7,19487,1942,1.0,2454,1141,18346,0.010000000021998424
7,19494,1943,1.0,2455,1141,18353,0.010000000021779535
7,19501,1944,1.0,2456,1141,18360,0.010000000021562825
7,19508,1945,1.0,2457,1141,18367,0.010000000021348272
7,19515,1946,1.0,2458,1141,18374,0.010000000021135854
7,19522,1947,1.0,2459,1141,18381,0.010000000020925548
7,19529,1948,1.0,2460,1141,18388,0.010000000020717334
7,19536,1949,1.0,2461,1141,18395,0.010000000020511194
7,19543,1950,1.0,2462,1141,18402,0.010000000020307105
7,19550,1951,1.0,2463,1141,18409,0.010000000020105045
7,19557,1952,1.0,2464,1141,18416,0.010000000019904996
7,19564,1953,1.0,2465,1141,18423,0.01000000001970694
7,19571,1954,1.0,2466,1141,18430,0.010000000019510851
7,19578,1955,1.0,2467,1141,18437,0.010000000019316715
7,19585,1956,1.0,2468,1141,18444,0.010000000019124511
7,19592,1957,1.0,2469,1141,18451,0.010000000018934219
7,19599,1958,1.0,2470,1141,18458,0.01000000001874582
7,19606,1959,1.0,2471,1141,18465,0.010000000018559297
7,19613,1960,1.0,2472,1141,18472,0.010000000018374628
7,19620,1961,1.0,2473,1141,18479,0.010000000018191797
7,19627,1962,1.0,2474,1141,18486,0.010000000018010786
7,19634,1963,1.0,2475,1141,18493,0.010000000017831575
7,19641,1964,1.0,2476,1141,18500,0.01000000001765415
7,19648,1965,1.0,2477,1141,18507,0.010000000017478486
7,19655,1966,1.0,2478,1141,18514,0.010000000017304573
7,19662,1967,1.0,2479,1141,18521,0.01000000001713239
7,19669,1968,1.0,2480,1141,18528,0.01000000001696192
7,19676,1969,1.0,2481,1141,18535,0.010000000016793145
7,19683,1970,1.0,2482,1141,18542,0.010000000016626051
7,19690,1971,1.0,2483,1141,18549,0.01000000001646062
7,19697,1972,1.0,2484,1141,18556,0.010000000016296832
7,19704,1973,1.0,2485,1141,18563,0.010000000016134677
7,19711,1974,1.0,2486,1141,18570,0.010000000015974134
7,19718,1975,1.0,2487,1141,18577,0.010000000015815188
7,19725,1976,1.0,2488,1141,18584,0.010000000015657824
7,19732,1977,1.0,2489,1141,18591,0.010000000015502027
7,19739,1978,1.0,2490,1141,18598,0.010000000015347779
7,19746,1979,1.0,2491,1141,18605,0.010000000015195066
7,19753,1980,1.0,2492,1141,18612,0.010000000015043873
7,19760,1981,1.0,2493,1141,18619,0.010000000014894183
7,19767,1982,1.0,2494,1141,18626,0.010000000014745984
24,19791,1983,1.0,2495,1142,18649,0.01000000001459926
7,19798,1984,1.0,2496,1142,18656,0.010000000014453994
42,19840,1985,1.0,2497,1143,18697,0.010000000014310175
7,19847,1986,1.0,2498,1143,18704,0.010000000014167785
30,19877,1986,0.0,2499,1143,18734,0.010000000014026815
2,19879,1986,0.0,2500,1143,18736,0.010000000013887246
9,19888,1986,0.0,2501,1143,18745,0.010000000013749065
31,19919,1987,1.0,2502,1143,18776,0.010000000013612259
5,19924,1987,0.0,2503,1143,18781,0.010000000013476815
4,19928,1987,0.0,2504,1143,18785,0.010000000013342718
9,19937,1988,1.0,2505,1143,18794,0.010000000013209956
27,19964,1989,1.0,2506,1143,18821,0.010000000013078514
9,19973,1989,0.0,2507,1143,18830,0.010000000012948382
9,19982,1990,1.0,2508,1143,18839,0.010000000012819543
9,19991,1990,0.0,2509,1143,18848,0.010000000012691987
9,20000,1991,1.0,2510,1143,18857,0.010000000012565699
2,20002,1991,0.0,2511,1143,18859,0.010000000012440668
2,20004,1991,0.0,2512,1143,18861,0.010000000012316882
9,20013,1991,0.0,2513,1143,18870,0.010000000012194326
9,20022,1991,0.0,2514,1143,18879,0.01000000001207299
2,20024,1991,0.0,2515,1143,18881,0.010000000011952863
2,20026,1991,0.0,2516,1143,18883,0.01000000001183393
9,20035,1991,0.0,2517,1143,18892,0.01000000001171618
16,20051,1991,0.0,2518,1144,18907,0.010000000011599602
19,20070,1992,1.0,2519,1144,18926,0.010000000011484184
18,20088,1992,0.0,2520,1144,18944,0.010000000011369914
27,20115,1992,0.0,2521,1144,18971,0.010000000011256782
8,20123,1992,0.0,2522,1144,18979,0.010000000011144775
8,20131,1992,0.0,2523,1144,18987,0.010000000011033882
7,20138,1993,1.0,2524,1144,18994,0.010000000010924093
7,20145,1994,1.0,2525,1144,19001,0.010000000010815397
10,20155,1994,0.0,2526,1144,19011,0.010000000010707782
7,20162,1995,1.0,2527,1144,19018,0.010000000010601239
24,20186,1996,1.0,2528,1144,19042,0.010000000010495754
24,20210,1997,1.0,2529,1144,19066,0.01000000001039132
24,20234,1998,1.0,2530,1144,19090,0.010000000010287923
24,20258,1999,1.0,2531,1144,19114,0.010000000010185557
24,20282,2000,1.0,2532,1144,19138,0.01000000001008421
24,20306,2001,1.0,2533,1144,19162,0.01000000000998387
24,20330,2002,1.0,2534,1144,19186,0.01000000000988453
24,20354,2003,1.0,2535,1144,19210,0.010000000009786176
24,20378,2004,1.0,2536,1144,19234,0.010000000009688802
24,20402,2005,1.0,2537,1144,19258,0.010000000009592397
24,20426,2006,1.0,2538,1144,19282,0.01000000000949695
24,20450,2007,1.0,2539,1144,19306,0.010000000009402455
24,20474,2008,1.0,2540,1145,19329,0.0100000000093089
24,20498,2009,1.0,2541,1145,19353,0.010000000009216274
24,20522,2010,1.0,2542,1145,19377,0.010000000009124571
24,20546,2011,1.0,2543,1146,19400,0.01000000000903378
24,20570,2012,1.0,2544,1146,19424,0.010000000008943891
24,20594,2013,1.0,2545,1146,19448,0.010000000008854898
24,20618,2014,1.0,2546,1146,19472,0.010000000008766791
24,20642,2015,1.0,2547,1146,19496,0.010000000008679559
24,20666,2016,1.0,2548,1146,19520,0.010000000008593196
24,20690,2017,1.0,2549,1146,19544,0.010000000008507693
23,20713,2018,1.0,2550,1147,19566,0.01000000000842304
24,20737,2019,1.0,2551,1147,19590,0.010000000008339229
24,20761,2020,1.0,2552,1147,19614,0.010000000008256252
24,20785,2021,1.0,2553,1147,19638,0.010000000008174102
24,20809,2022,1.0,2554,1147,19662,0.010000000008092768
12,20821,2022,0.0,2555,1149,19672,0.010000000008012244
24,20845,2023,1.0,2556,1149,19696,0.010000000007932521
25,20870,2024,1.0,2557,1149,19721,0.010000000007853591
24,20894,2025,1.0,2558,1149,19745,0.010000000007775445
24,20918,2026,1.0,2559,1149,19769,0.010000000007698078
24,20942,2027,1.0,2560,1149,19793,0.010000000007621482
24,20966,2028,1.0,2561,1149,19817,0.010000000007545647
24,20990,2029,1.0,2562,1149,19841,0.010000000007470566
24,21014,2030,1.0,2563,1150,19864,0.010000000007396233
24,21038,2031,1.0,2564,1150,19888,0.01000000000732264
7,21045,2032,1.0,2565,1151,19894,0.010000000007249777
7,21052,2033,1.0,2566,1151,19901,0.01000000000717764
7,21059,2034,1.0,2567,1151,19908,0.010000000007106222
7,21066,2035,1.0,2568,1151,19915,0.010000000007035515
7,21073,2036,1.0,2569,1151,19922,0.01000000000696551
7,21080,2037,1.0,2570,1151,19929,0.010000000006896203
7,21087,2038,1.0,2571,1151,19936,0.010000000006827584
5,21092,2038,0.0,2572,1153,19939,0.010000000006759649
7,21099,2039,1.0,2573,1153,19946,0.010000000006692388
7,21106,2040,1.0,2574,1153,19953,0.010000000006625797
7,21113,2041,1.0,2575,1153,19960,0.010000000006559871
7,21120,2042,1.0,2576,1153,19967,0.010000000006494598
7,21127,2043,1.0,2577,1153,19974,0.010000000006429977
7,21134,2044,1.0,2578,1153,19981,0.010000000006365996
7,21141,2045,1.0,2579,1153,19988,0.010000000006302655
7,21148,2046,1.0,2580,1153,19995,0.010000000006239941
7,21155,2047,1.0,2581,1153,20002,0.010000000006177854
7,21162,2048,1.0,2582,1153,20009,0.010000000006116382
7,21169,2049,1.0,2583,1153,20016,0.010000000006055523
7,21176,2050,1.0,2584,1153,20023,0.01000000000599527
7,21183,2051,1.0,2585,1153,20030,0.010000000005935617
7,21190,2052,1.0,2586,1153,20037,0.010000000005876556
7,21197,2053,1.0,2587,1153,20044,0.010000000005818082
7,21204,2054,1.0,2588,1153,20051,0.010000000005760193
7,21211,2055,1.0,2589,1153,20058,0.010000000005702878
7,21218,2056,1.0,2590,1153,20065,0.010000000005646133
7,21225,2057,1.0,2591,1153,20072,0.010000000005589952
7,21232,2058,1.0,2592,1153,20079,0.010000000005534332
7,21239,2059,1.0,2593,1153,20086,0.010000000005479265
7,21246,2060,1.0,2594,1153,20093,0.010000000005424744
7,21253,2061,1.0,2595,1153,20100,0.010000000005370768
7,21260,2062,1.0,2596,1153,20107,0.010000000005317327
7,21267,2063,1.0,2597,1153,20114,0.01000000000526442
7,21274,2064,1.0,2598,1153,20121,0.010000000005212038
7,21281,2065,1.0,2599,1153,20128,0.010000000005160176
7,21288,2066,1.0,2600,1153,20135,0.010000000005108832
7,21295,2067,1.0,2601,1153,20142,0.010000000005057998
7,21302,2068,1.0,2602,1153,20149,0.01000000000500767
7,21309,2069,1.0,2603,1153,20156,0.010000000004957843
7,21316,2070,1.0,2604,1153,20163,0.010000000004908511
7,21323,2071,1.0,2605,1153,20170,0.010000000004859672
24,21347,2072,1.0,2606,1154,20193,0.010000000004811316
7,21354,2073,1.0,2607,1154,20200,0.010000000004763443
7,21361,2074,1.0,2608,1154,20207,0.010000000004716047
7,21368,2075,1.0,2609,1154,20214,0.010000000004669121
24,21392,2076,1.0,2610,1155,20237,0.010000000004622662
7,21399,2077,1.0,2611,1155,20244,0.010000000004576666
7,21406,2078,1.0,2612,1155,20251,0.010000000004531127
7,21413,2079,1.0,2613,1155,20258,0.010000000004486042
18,21431,2079,0.0,2614,1156,20275,0.010000000004441406
7,21438,2080,1.0,2615,1156,20282,0.010000000004397212
7,21445,2081,1.0,2616,1156,20289,0.010000000004353459
7,21452,2082,1.0,2617,1156,20296,0.010000000004310143
7,21459,2083,1.0,2618,1156,20303,0.010000000004267255
7,21466,2084,1.0,2619,1156,20310,0.010000000004224796
7,21473,2085,1.0,2620,1156,20317,0.010000000004182759
7,21480,2086,1.0,2621,1156,20324,0.010000000004141139
7,21487,2087,1.0,2622,1156,20331,0.010000000004099934
7,21494,2088,1.0,2623,1156,20338,0.010000000004059139
7,21501,2089,1.0,2624,1156,20345,0.010000000004018749
7,21508,2090,1.0,2625,1156,20352,0.010000000003978762
7,21515,2091,1.0,2626,1156,20359,0.010000000003939174
7,21522,2092,1.0,2627,1156,20366,0.010000000003899978
7,21529,2093,1.0,2628,1156,20373,0.010000000003861172
7,21536,2094,1.0,2629,1156,20380,0.010000000003822753
7,21543,2095,1.0,2630,1156,20387,0.010000000003784716
7,21550,2096,1.0,2631,1156,20394,0.010000000003747057
7,21557,2097,1.0,2632,1157,20400,0.010000000003709774
4,21561,2097,0.0,2633,1158,20403,0.01000000000367286
7,21568,2098,1.0,2634,1158,20410,0.010000000003636315
7,21575,2099,1.0,2635,1158,20417,0.010000000003600133
7,21582,2100,1.0,2636,1158,20424,0.01000000000356431
7,21589,2101,1.0,2637,1158,20431,0.010000000003528846
7,21596,2102,1.0,2638,1158,20438,0.010000000003493733
7,21603,2103,1.0,2639,1158,20445,0.01000000000345897
7,21610,2104,1.0,2640,1158,20452,0.010000000003424553
7,21617,2105,1.0,2641,1158,20459,0.010000000003390477
7,21624,2106,1.0,2642,1158,20466,0.010000000003356742
7,21631,2107,1.0,2643,1158,20473,0.010000000003323342
4,21635,2107,0.0,2644,1159,20476,0.010000000003290275
7,21642,2108,1.0,2645,1159,20483,0.010000000003257535
7,21649,2109,1.0,2646,1159,20490,0.010000000003225122
7,21656,2110,1.0,2647,1159,20497,0.010000000003193031
7,21663,2111,1.0,2648,1159,20504,0.01000000000316126
7,21670,2112,1.0,2649,1159,20511,0.010000000003129806
7,21677,2113,1.0,2650,1159,20518,0.010000000003098664
7,21684,2114,1.0,2651,1159,20525,0.010000000003067831
7,21691,2115,1.0,2652,1159,20532,0.010000000003037305
7,21698,2116,1.0,2653,1159,20539,0.010000000003007084
7,21705,2117,1.0,2654,1159,20546,0.010000000002977164
7,21712,2118,1.0,2655,1159,20553,0.01000000000294754
24,21736,2119,1.0,2656,1161,20575,0.010000000002918211
7,21743,2120,1.0,2657,1161,20582,0.010000000002889175
7,21750,2121,1.0,2658,1161,20589,0.010000000002860427
7,21757,2122,1.0,2659,1161,20596,0.010000000002831966
7,21764,2123,1.0,2660,1161,20603,0.010000000002803787
24,21788,2124,1.0,2661,1161,20627,0.010000000002775889
23,21811,2125,1.0,2662,1162,20649,0.010000000002748267
9,21820,2125,0.0,2663,1162,20658,0.010000000002720923
30,21850,2125,0.0,2664,1163,20687,0.010000000002693849
18,21868,2126,1.0,2665,1163,20705,0.010000000002667044
9,21877,2126,0.0,2666,1163,20714,0.010000000002640506
8,21885,2127,1.0,2667,1163,20722,0.010000000002614234
9,21894,2127,0.0,2668,1163,20731,0.010000000002588222
9,21903,2127,0.0,2669,1163,20740,0.010000000002562468
8,21911,2128,1.0,2670,1163,20748,0.01000000000253697
8,21919,2129,1.0,2671,1163,20756,0.010000000002511727
16,21935,2130,1.0,2672,1163,20772,0.010000000002486735
16,21951,2131,1.0,2673,1163,20788,0.010000000002461993
16,21967,2132,1.0,2674,1163,20804,0.010000000002437495
9,21976,2132,0.0,2675,1164,20812,0.010000000002413242
16,21992,2133,1.0,2676,1164,20828,0.01000000000238923
16,22008,2134,1.0,2677,1164,20844,0.010000000002365455
5,22013,2134,0.0,2678,1166,20847,0.01000000000234192
16,22029,2135,1.0,2679,1166,20863,0.010000000002318618
16,22045,2136,1.0,2680,1166,20879,0.010000000002295546
16,22061,2137,1.0,2681,1166,20895,0.010000000002272705
16,22077,2138,1.0,2682,1166,20911,0.010000000002250091
16,22093,2139,1.0,2683,1166,20927,0.010000000002227703
16,22109,2140,1.0,2684,1166,20943,0.010000000002205536
16,22125,2141,1.0,2685,1166,20959,0.010000000002183592
16,22141,2142,1.0,2686,1166,20975,0.010000000002161865
16,22157,2143,1.0,2687,1166,20991,0.010000000002140354
16,22173,2144,1.0,2688,1166,21007,0.010000000002119057
16,22189,2145,1.0,2689,1166,21023,0.010000000002097971
16,22205,2146,1.0,2690,1166,21039,0.010000000002077096
16,22221,2147,1.0,2691,1166,21055,0.010000000002056428
16,22237,2148,1.0,2692,1166,21071,0.010000000002035967
16,22253,2149,1.0,2693,1166,21087,0.010000000002015709
16,22269,2150,1.0,2694,1166,21103,0.010000000001995652
16,22285,2151,1.0,2695,1166,21119,0.010000000001975795
16,22301,2152,1.0,2696,1166,21135,0.010000000001956135
16,22317,2153,1.0,2697,1166,21151,0.010000000001936672
30,22347,2153,0.0,2698,1167,21180,0.010000000001917402
16,22363,2154,1.0,2699,1167,21196,0.010000000001898324
9,22372,2154,0.0,2700,1167,21205,0.010000000001879434
10,22382,2154,0.0,2701,1167,21215,0.010000000001860734
27,22409,2154,0.0,2702,1167,21242,0.01000000000184222
27,22436,2154,0.0,2703,1168,21268,0.010000000001823888
9,22445,2154,0.0,2704,1169,21276,0.010000000001805742
9,22454,2154,0.0,2705,1169,21285,0.010000000001787773
9,22463,2154,0.0,2706,1170,21293,0.010000000001769985
16,22479,2155,1.0,2707,1171,21308,0.010000000001752373
16,22495,2156,1.0,2708,1171,21324,0.010000000001734937
16,22511,2157,1.0,2709,1171,21340,0.010000000001717673
16,22527,2158,1.0,2710,1171,21356,0.010000000001700583
16,22543,2159,1.0,2711,1171,21372,0.010000000001683662
16,22559,2160,1.0,2712,1171,21388,0.010000000001666908
16,22575,2161,1.0,2713,1171,21404,0.010000000001650322
16,22591,2162,1.0,2714,1171,21420,0.010000000001633902
16,22607,2163,1.0,2715,1171,21436,0.010000000001617644
16,22623,2164,1.0,2716,1171,21452,0.010000000001601549
16,22639,2165,1.0,2717,1171,21468,0.010000000001585612
16,22655,2166,1.0,2718,1171,21484,0.010000000001569836
16,22671,2167,1.0,2719,1171,21500,0.010000000001554215
16,22687,2168,1.0,2720,1172,21515,0.01000000000153875
16,22703,2169,1.0,2721,1172,21531,0.01000000000152344
16,22719,2170,1.0,2722,1172,21547,0.010000000001508282
16,22735,2171,1.0,2723,1172,21563,0.010000000001493274
16,22751,2172,1.0,2724,1172,21579,0.010000000001478415
16,22767,2173,1.0,2725,1172,21595,0.010000000001463704
16,22783,2174,1.0,2726,1173,21610,0.010000000001449141
16,22799,2175,1.0,2727,1173,21626,0.010000000001434722
16,22815,2176,1.0,2728,1173,21642,0.010000000001420446
16,22831,2177,1.0,2729,1173,21658,0.010000000001406313
16,22847,2178,1.0,2730,1173,21674,0.010000000001392319
16,22863,2179,1.0,2731,1174,21689,0.010000000001378465
16,22879,2180,1.0,2732,1174,21705,0.010000000001364749
16,22895,2181,1.0,2733,1175,21720,0.01000000000135117
16,22911,2182,1.0,2734,1175,21736,0.010000000001337725
16,22927,2183,1.0,2735,1175,21752,0.010000000001324415
16,22943,2184,1.0,2736,1175,21768,0.010000000001311238
16,22959,2185,1.0,2737,1175,21784,0.01000000000129819
16,22975,2186,1.0,2738,1175,21800,0.010000000001285272
16,22991,2187,1.0,2739,1175,21816,0.010000000001272484
16,23007,2188,1.0,2740,1175,21832,0.010000000001259822
16,23023,2189,1.0,2741,1175,21848,0.010000000001247287
16,23039,2190,1.0,2742,1175,21864,0.010000000001234877
16,23055,2191,1.0,2743,1175,21880,0.01000000000122259
16,23071,2192,1.0,2744,1175,21896,0.010000000001210424
16,23087,2193,1.0,2745,1175,21912,0.01000000000119838
11,23098,2193,0.0,2746,1176,21922,0.010000000001186456
16,23114,2194,1.0,2747,1176,21938,0.01000000000117465
16,23130,2195,1.0,2748,1176,21954,0.010000000001162962
16,23146,2196,1.0,2749,1176,21970,0.010000000001151392
16,23162,2197,1.0,2750,1176,21986,0.010000000001139934
16,23178,2198,1.0,2751,1176,22002,0.010000000001128592
16,23194,2199,1.0,2752,1176,22018,0.010000000001117362
16,23210,2200,1.0,2753,1176,22034,0.010000000001106244
16,23226,2201,1.0,2754,1176,22050,0.010000000001095237
16,23242,2202,1.0,2755,1176,22066,0.01000000000108434
16,23258,2203,1.0,2756,1176,22082,0.01000000000107355
16,23274,2204,1.0,2757,1176,22098,0.010000000001062869
16,23290,2205,1.0,2758,1176,22114,0.010000000001052292
16,23306,2206,1.0,2759,1176,22130,0.010000000001041821
16,23322,2207,1.0,2760,1176,22146,0.010000000001031456
16,23338,2208,1.0,2761,1176,22162,0.010000000001021192
16,23354,2209,1.0,2762,1176,22178,0.010000000001011032
16,23370,2210,1.0,2763,1176,22194,0.010000000001000972
16,23386,2211,1.0,2764,1176,22210,0.010000000000991011
16,23402,2212,1.0,2765,1176,22226,0.010000000000981151
16,23418,2213,1.0,2766,1176,22242,0.010000000000971388
9,23427,2213,0.0,2767,1177,22250,0.010000000000961722
16,23443,2214,1.0,2768,1177,22266,0.010000000000952153
9,23452,2214,0.0,2769,1178,22274,0.01000000000094268
16,23468,2215,1.0,2770,1178,22290,0.010000000000933299
8,23476,2216,1.0,2771,1179,22297,0.010000000000924013
16,23492,2217,1.0,2772,1179,22313,0.010000000000914819
16,23508,2218,1.0,2773,1179,22329,0.010000000000905717
16,23524,2219,1.0,2774,1179,22345,0.010000000000896705
16,23540,2220,1.0,2775,1179,22361,0.010000000000887781
16,23556,2221,1.0,2776,1180,22376,0.010000000000878948
16,23572,2222,1.0,2777,1180,22392,0.010000000000870203
16,23588,2223,1.0,2778,1180,22408,0.010000000000861544
30,23618,2223,0.0,2779,1181,22437,0.010000000000852972
16,23634,2224,1.0,2780,1181,22453,0.010000000000844484
16,23650,2225,1.0,2781,1181,22469,0.010000000000836081
16,23666,2226,1.0,2782,1181,22485,0.010000000000827762
11,23677,2227,1.0,2783,1182,22495,0.010000000000819527
16,23693,2228,1.0,2784,1182,22511,0.010000000000811372
8,23701,2229,1.0,2785,1182,22519,0.010000000000803299
16,23717,2230,1.0,2786,1182,22535,0.010000000000795305
16,23733,2231,1.0,2787,1182,22551,0.010000000000787393
16,23749,2232,1.0,2788,1182,22567,0.010000000000779557
4,23753,2232,0.0,2789,1183,22570,0.010000000000771801
16,23769,2233,1.0,2790,1183,22586,0.010000000000764122
16,23785,2234,1.0,2791,1183,22602,0.010000000000756518
8,23793,2235,1.0,2792,1184,22609,0.010000000000748991
2,23795,2235,0.0,2793,1184,22611,0.010000000000741537
16,23811,2236,1.0,2794,1185,22626,0.01000000000073416
16,23827,2237,1.0,2795,1185,22642,0.010000000000726855
16,23843,2238,1.0,2796,1185,22658,0.010000000000719622
12,23855,2239,1.0,2797,1186,22669,0.010000000000712462
16,23871,2240,1.0,2798,1186,22685,0.010000000000705373
16,23887,2241,1.0,2799,1186,22701,0.010000000000698355
16,23903,2242,1.0,2800,1186,22717,0.010000000000691405
16,23919,2243,1.0,2801,1186,22733,0.010000000000684526
16,23935,2244,1.0,2802,1186,22749,0.010000000000677715
16,23951,2245,1.0,2803,1186,22765,0.010000000000670972
16,23967,2246,1.0,2804,1186,22781,0.010000000000664295
16,23983,2247,1.0,2805,1186,22797,0.010000000000657686
9,23992,2247,0.0,2806,1187,22805,0.01000000000065114
2,23994,2247,0.0,2807,1187,22807,0.010000000000644662
10,24004,2247,0.0,2808,1187,22817,0.010000000000638248
10,24014,2247,0.0,2809,1187,22827,0.010000000000631898
8,24022,2248,1.0,2810,1187,22835,0.01000000000062561
8,24030,2249,1.0,2811,1187,22843,0.010000000000619385
8,24038,2250,1.0,2812,1187,22851,0.010000000000613221
8,24046,2251,1.0,2813,1187,22859,0.01000000000060712
8,24054,2252,1.0,2814,1187,22867,0.010000000000601078
8,24062,2253,1.0,2815,1187,22875,0.010000000000595099
8,24070,2254,1.0,2816,1187,22883,0.010000000000589176
8,24078,2255,1.0,2817,1187,22891,0.010000000000583315
8,24086,2256,1.0,2818,1187,22899,0.01000000000057751
8,24094,2257,1.0,2819,1187,22907,0.010000000000571763
8,24102,2258,1.0,2820,1187,22915,0.010000000000566075
8,24110,2259,1.0,2821,1187,22923,0.010000000000560443
8,24118,2260,1.0,2822,1187,22931,0.010000000000554865
9,24127,2260,0.0,2823,1189,22938,0.010000000000549345
8,24135,2261,1.0,2824,1189,22946,0.01000000000054388
8,24143,2262,1.0,2825,1189,22954,0.010000000000538467
8,24151,2263,1.0,2826,1189,22962,0.010000000000533108
8,24159,2264,1.0,2827,1189,22970,0.010000000000527805
8,24167,2265,1.0,2828,1189,22978,0.010000000000522553
8,24175,2266,1.0,2829,1189,22986,0.010000000000517354
8,24183,2267,1.0,2830,1189,22994,0.010000000000512205
8,24191,2268,1.0,2831,1189,23002,0.010000000000507108
8,24199,2269,1.0,2832,1189,23010,0.010000000000502064
8,24207,2270,1.0,2833,1189,23018,0.010000000000497068
8,24215,2271,1.0,2834,1189,23026,0.010000000000492122
8,24223,2272,1.0,2835,1189,23034,0.010000000000487225
8,24231,2273,1.0,2836,1189,23042,0.010000000000482376
8,24239,2274,1.0,2837,1189,23050,0.010000000000477578
8,24247,2275,1.0,2838,1189,23058,0.010000000000472825
8,24255,2276,1.0,2839,1189,23066,0.01000000000046812
8,24263,2277,1.0,2840,1189,23074,0.010000000000463463
8,24271,2278,1.0,2841,1189,23082,0.010000000000458852
8,24279,2279,1.0,2842,1189,23090,0.010000000000454286
8,24287,2280,1.0,2843,1189,23098,0.010000000000449765
8,24295,2281,1.0,2844,1190,23105,0.01000000000044529
8,24303,2282,1.0,2845,1190,23113,0.01000000000044086
8,24311,2283,1.0,2846,1190,23121,0.010000000000436472
8,24319,2284,1.0,2847,1190,23129,0.01000000000043213
8,24327,2285,1.0,2848,1190,23137,0.01000000000042783
8,24335,2286,1.0,2849,1190,23145,0.010000000000423573
8,24343,2287,1.0,2850,1190,23153,0.01000000000041936
8,24351,2288,1.0,2851,1190,23161,0.010000000000415185
8,24359,2289,1.0,2852,1190,23169,0.010000000000411055
8,24367,2290,1.0,2853,1190,23177,0.010000000000406965
8,24375,2291,1.0,2854,1190,23185,0.010000000000402916
8,24383,2292,1.0,2855,1190,23193,0.010000000000398907
8,24391,2293,1.0,2856,1190,23201,0.010000000000394938
8,24399,2294,1.0,2857,1190,23209,0.010000000000391007
8,24407,2295,1.0,2858,1190,23217,0.010000000000387118
8,24415,2296,1.0,2859,1190,23225,0.010000000000383265
8,24423,2297,1.0,2860,1190,23233,0.010000000000379452
8,24431,2298,1.0,2861,1190,23241,0.010000000000375675
9,24440,2298,0.0,2862,1191,23249,0.010000000000371937
8,24448,2299,1.0,2863,1191,23257,0.010000000000368237
8,24456,2300,1.0,2864,1191,23265,0.010000000000364573
8,24464,2301,1.0,2865,1191,23273,0.010000000000360946
8,24472,2302,1.0,2866,1191,23281,0.010000000000357353
8,24480,2303,1.0,2867,1191,23289,0.010000000000353799
8,24488,2304,1.0,2868,1191,23297,0.010000000000350277
8,24496,2305,1.0,2869,1191,23305,0.010000000000346792
8,24504,2306,1.0,2870,1191,23313,0.010000000000343342
8,24512,2307,1.0,2871,1191,23321,0.010000000000339926
8,24520,2308,1.0,2872,1191,23329,0.010000000000336544
8,24528,2309,1.0,2873,1191,23337,0.010000000000333194
8,24536,2310,1.0,2874,1191,23345,0.010000000000329879
8,24544,2311,1.0,2875,1191,23353,0.010000000000326597
8,24552,2312,1.0,2876,1191,23361,0.010000000000323347
8,24560,2313,1.0,2877,1191,23369,0.01000000000032013
8,24568,2314,1.0,2878,1191,23377,0.010000000000316945
8,24576,2315,1.0,2879,1191,23385,0.010000000000313791
8,24584,2316,1.0,2880,1191,23393,0.010000000000310668
8,24592,2317,1.0,2881,1191,23401,0.010000000000307577
8,24600,2318,1.0,2882,1191,23409,0.010000000000304517
8,24608,2319,1.0,2883,1191,23417,0.010000000000301486
8,24616,2320,1.0,2884,1191,23425,0.010000000000298487
8,24624,2321,1.0,2885,1191,23433,0.010000000000295517
8,24632,2322,1.0,2886,1191,23441,0.010000000000292577
8,24640,2323,1.0,2887,1191,23449,0.010000000000289666
9,24649,2323,0.0,2888,1192,23457,0.010000000000286783
8,24657,2324,1.0,2889,1192,23465,0.01000000000028393
8,24665,2325,1.0,2890,1192,23473,0.010000000000281105
8,24673,2326,1.0,2891,1192,23481,0.010000000000278307
8,24681,2327,1.0,2892,1192,23489,0.010000000000275538
8,24689,2328,1.0,2893,1192,23497,0.010000000000272796
8,24697,2329,1.0,2894,1192,23505,0.010000000000270083
8,24705,2330,1.0,2895,1192,23513,0.010000000000267396
8,24713,2331,1.0,2896,1192,23521,0.010000000000264735
8,24721,2332,1.0,2897,1192,23529,0.0100000000002621
14,24735,2332,0.0,2898,1193,23542,0.010000000000259492
8,24743,2333,1.0,2899,1193,23550,0.010000000000256911
8,24751,2334,1.0,2900,1193,23558,0.010000000000254354
8,24759,2335,1.0,2901,1193,23566,0.010000000000251823
8,24767,2336,1.0,2902,1193,23574,0.010000000000249318
8,24775,2337,1.0,2903,1193,23582,0.010000000000246837
8,24783,2338,1.0,2904,1193,23590,0.010000000000244381
8,24791,2339,1.0,2905,1193,23598,0.010000000000241949
8,24799,2340,1.0,2906,1193,23606,0.010000000000239541
8,24807,2341,1.0,2907,1193,23614,0.010000000000237158
8,24815,2342,1.0,2908,1193,23622,0.010000000000234799
8,24823,2343,1.0,2909,1193,23630,0.010000000000232462
8,24831,2344,1.0,2910,1193,23638,0.01000000000023015
8,24839,2345,1.0,2911,1193,23646,0.01000000000022786
8,24847,2346,1.0,2912,1193,23654,0.010000000000225592
8,24855,2347,1.0,2913,1194,23661,0.010000000000223348
8,24863,2348,1.0,2914,1194,23669,0.010000000000221125
8,24871,2349,1.0,2915,1194,23677,0.010000000000218924
8,24879,2350,1.0,2916,1194,23685,0.010000000000216747
8,24887,2351,1.0,2917,1194,23693,0.010000000000214589
8,24895,2352,1.0,2918,1194,23701,0.010000000000212454
8,24903,2353,1.0,2919,1194,23709,0.01000000000021034
8,24911,2354,1.0,2920,1194,23717,0.010000000000208247
16,24927,2355,1.0,2921,1195,23732,0.010000000000206176
8,24935,2356,1.0,2922,1195,23740,0.010000000000204123
8,24943,2357,1.0,2923,1195,23748,0.010000000000202092
8,24951,2358,1.0,2924,1195,23756,0.010000000000200081
8,24959,2359,1.0,2925,1195,23764,0.010000000000198092
8,24967,2360,1.0,2926,1196,23771,0.01000000000019612
8,24975,2361,1.0,2927,1196,23779,0.010000000000194168
8,24983,2362,1.0,2928,1196,23787,0.010000000000192237
8,24991,2363,1.0,2929,1196,23795,0.010000000000190324
8,24999,2364,1.0,2930,1196,23803,0.01000000000018843
8,25007,2365,1.0,2931,1196,23811,0.010000000000186556
8,25015,2366,1.0,2932,1196,23819,0.0100000000001847
8,25023,2367,1.0,2933,1196,23827,0.010000000000182861
8,25031,2368,1.0,2934,1196,23835,0.010000000000181041
8,25039,2369,1.0,2935,1196,23843,0.01000000000017924
8,25047,2370,1.0,2936,1196,23851,0.010000000000177457
8,25055,2371,1.0,2937,1196,23859,0.010000000000175691
8,25063,2372,1.0,2938,1196,23867,0.010000000000173943
8,25071,2373,1.0,2939,1196,23875,0.010000000000172211
8,25079,2374,1.0,2940,1196,23883,0.0100000000001705
8,25087,2375,1.0,2941,1196,23891,0.010000000000168803
8,25095,2376,1.0,2942,1196,23899,0.010000000000167122
8,25103,2377,1.0,2943,1196,23907,0.01000000000016546
8,25111,2378,1.0,2944,1196,23915,0.010000000000163814
8,25119,2379,1.0,2945,1196,23923,0.010000000000162183
8,25127,2380,1.0,2946,1196,23931,0.01000000000016057
8,25135,2381,1.0,2947,1196,23939,0.010000000000158972
8,25143,2382,1.0,2948,1196,23947,0.01000000000015739
8,25151,2383,1.0,2949,1196,23955,0.010000000000155823
8,25159,2384,1.0,2950,1196,23963,0.010000000000154274
8,25167,2385,1.0,2951,1196,23971,0.01000000000015274
8,25175,2386,1.0,2952,1196,23979,0.01000000000015122
8,25183,2387,1.0,2953,1196,23987,0.010000000000149714
8,25191,2388,1.0,2954,1196,23995,0.010000000000148224
8,25199,2389,1.0,2955,1196,24003,0.01000000000014675
8,25207,2390,1.0,2956,1196,24011,0.01000000000014529
8,25215,2391,1.0,2957,1196,24019,0.010000000000143843
14,25229,2391,0.0,2958,1197,24032,0.010000000000142412
8,25237,2392,1.0,2959,1197,24040,0.010000000000140995
8,25245,2393,1.0,2960,1197,24048,0.010000000000139592
8,25253,2394,1.0,2961,1197,24056,0.010000000000138204
8,25261,2395,1.0,2962,1198,24063,0.010000000000136828
8,25269,2396,1.0,2963,1198,24071,0.010000000000135466
8,25277,2397,1.0,2964,1198,24079,0.010000000000134119
9,25286,2397,0.0,2965,1199,24087,0.010000000000132785
8,25294,2398,1.0,2966,1200,24094,0.010000000000131463
8,25302,2399,1.0,2967,1200,24102,0.010000000000130155
14,25316,2399,0.0,2968,1200,24116,0.01000000000012886
8,25324,2400,1.0,2969,1200,24124,0.010000000000127579
8,25332,2401,1.0,2970,1200,24132,0.010000000000126309
8,25340,2402,1.0,2971,1200,24140,0.010000000000125051
8,25348,2403,1.0,2972,1200,24148,0.010000000000123807
8,25356,2404,1.0,2973,1200,24156,0.010000000000122576
8,25364,2405,1.0,2974,1200,24164,0.010000000000121356
8,25372,2406,1.0,2975,1200,24172,0.010000000000120149
8,25380,2407,1.0,2976,1200,24180,0.010000000000118954
8,25388,2408,1.0,2977,1200,24188,0.010000000000117769
8,25396,2409,1.0,2978,1200,24196,0.010000000000116598
8,25404,2410,1.0,2979,1200,24204,0.010000000000115437
8,25412,2411,1.0,2980,1200,24212,0.010000000000114289
8,25420,2412,1.0,2981,1200,24220,0.010000000000113151
8,25428,2413,1.0,2982,1200,24228,0.010000000000112025
8,25436,2414,1.0,2983,1200,24236,0.010000000000110911
8,25444,2415,1.0,2984,1200,24244,0.010000000000109808
8,25452,2416,1.0,2985,1200,24252,0.010000000000108715
8,25460,2417,1.0,2986,1200,24260,0.010000000000107633
8,25468,2418,1.0,2987,1200,24268,0.010000000000106563
8,25476,2419,1.0,2988,1200,24276,0.010000000000105503
8,25484,2420,1.0,2989,1200,24284,0.010000000000104451
8,25492,2421,1.0,2990,1200,24292,0.010000000000103412
8,25500,2422,1.0,2991,1200,24300,0.010000000000102384
8,25508,2423,1.0,2992,1200,24308,0.010000000000101365
8,25516,2424,1.0,2993,1200,24316,0.010000000000100356
8,25524,2425,1.0,2994,1200,24324,0.010000000000099358
8,25532,2426,1.0,2995,1200,24332,0.01000000000009837
8,25540,2427,1.0,2996,1200,24340,0.010000000000097391
8,25548,2428,1.0,2997,1200,24348,0.010000000000096421
8,25556,2429,1.0,2998,1200,24356,0.010000000000095462
8,25564,2430,1.0,2999,1200,24364,0.010000000000094511
8,25572,2431,1.0,3000,1200,24372,0.010000000000093571
8,25580,2432,1.0,3001,1200,24380,0.010000000000092641
8,25588,2433,1.0,3002,1200,24388,0.010000000000091719
8,25596,2434,1.0,3003,1200,24396,0.010000000000090806
8,25604,2435,1.0,3004,1200,24404,0.010000000000089902
10,25614,2436,1.0,3005,1201,24413,0.010000000000089009
9,25623,2436,0.0,3006,1201,24422,0.010000000000088122
9,25632,2437,1.0,3007,1201,24431,0.010000000000087246
9,25641,2438,1.0,3008,1201,24440,0.010000000000086377
9,25650,2439,1.0,3009,1201,24449,0.010000000000085519
9,25659,2440,1.0,3010,1201,24458,0.010000000000084667
9,25668,2441,1.0,3011,1201,24467,0.010000000000083826
9,25677,2442,1.0,3012,1201,24476,0.010000000000082991
9,25686,2443,1.0,3013,1201,24485,0.010000000000082165
9,25695,2444,1.0,3014,1201,24494,0.010000000000081347
9,25704,2445,1.0,3015,1201,24503,0.010000000000080538
9,25713,2446,1.0,3016,1201,24512,0.010000000000079737
9,25722,2447,1.0,3017,1201,24521,0.010000000000078944
9,25731,2448,1.0,3018,1201,24530,0.010000000000078158
9,25740,2449,1.0,3019,1201,24539,0.01000000000007738
9,25749,2450,1.0,3020,1201,24548,0.01000000000007661
9,25758,2451,1.0,3021,1201,24557,0.010000000000075848
9,25767,2452,1.0,3022,1201,24566,0.010000000000075093
9,25776,2453,1.0,3023,1201,24575,0.010000000000074345
9,25785,2454,1.0,3024,1201,24584,0.010000000000073606
9,25794,2455,1.0,3025,1201,24593,0.010000000000072874
9,25803,2456,1.0,3026,1201,24602,0.010000000000072149
9,25812,2457,1.0,3027,1201,24611,0.010000000000071431
9,25821,2458,1.0,3028,1201,24620,0.01000000000007072
9,25830,2459,1.0,3029,1202,24628,0.010000000000070017
9,25839,2460,1.0,3030,1203,24636,0.01000000000006932
9,25848,2461,1.0,3031,1203,24645,0.01000000000006863
9,25857,2462,1.0,3032,1203,24654,0.010000000000067948
9,25866,2463,1.0,3033,1203,24663,0.010000000000067271
9,25875,2464,1.0,3034,1203,24672,0.010000000000066601
9,25884,2465,1.0,3035,1203,24681,0.010000000000065939
9,25893,2466,1.0,3036,1203,24690,0.010000000000065283
9,25902,2467,1.0,3037,1203,24699,0.010000000000064633
9,25911,2468,1.0,3038,1203,24708,0.01000000000006399
9,25920,2469,1.0,3039,1203,24717,0.010000000000063354
9,25929,2470,1.0,3040,1203,24726,0.010000000000062723
9,25938,2471,1.0,3041,1203,24735,0.010000000000062098
9,25947,2472,1.0,3042,1203,24744,0.01000000000006148
9,25956,2473,1.0,3043,1203,24753,0.01000000000006087
9,25965,2474,1.0,3044,1203,24762,0.010000000000060265
4,25969,2474,0.0,3045,1204,24765,0.010000000000059664
9,25978,2475,1.0,3046,1204,24774,0.010000000000059071
9,25987,2476,1.0,3047,1204,24783,0.010000000000058483
9,25996,2477,1.0,3048,1204,24792,0.0100000000000579
9,26005,2478,1.0,3049,1204,24801,0.010000000000057324
9,26014,2479,1.0,3050,1204,24810,0.010000000000056753
9,26023,2480,1.0,3051,1204,24819,0.01000000000005619
9,26032,2481,1.0,3052,1204,24828,0.010000000000055631
9,26041,2482,1.0,3053,1204,24837,0.010000000000055078
9,26050,2483,1.0,3054,1204,24846,0.01000000000005453
9,26059,2484,1.0,3055,1204,24855,0.010000000000053987
9,26068,2485,1.0,3056,1204,24864,0.010000000000053449
9,26077,2486,1.0,3057,1204,24873,0.010000000000052918
9,26086,2487,1.0,3058,1204,24882,0.01000000000005239
9,26095,2488,1.0,3059,1204,24891,0.01000000000005187
9,26104,2489,1.0,3060,1204,24900,0.010000000000051353
9,26113,2490,1.0,3061,1204,24909,0.010000000000050843
9,26122,2491,1.0,3062,1204,24918,0.010000000000050337
9,26131,2492,1.0,3063,1204,24927,0.010000000000049835
9,26140,2493,1.0,3064,1204,24936,0.01000000000004934
9,26149,2494,1.0,3065,1204,24945,0.010000000000048848
9,26158,2495,1.0,3066,1204,24954,0.010000000000048363
9,26167,2496,1.0,3067,1204,24963,0.010000000000047882
9,26176,2497,1.0,3068,1204,24972,0.010000000000047405
9,26185,2498,1.0,3069,1204,24981,0.010000000000046933
9,26194,2499,1.0,3070,1204,24990,0.010000000000046467
9,26203,2500,1.0,3071,1204,24999,0.010000000000046003
9,26212,2501,1.0,3072,1204,25008,0.010000000000045547
9,26221,2502,1.0,3073,1204,25017,0.010000000000045093
9,26230,2503,1.0,3074,1204,25026,0.010000000000044645
9,26239,2504,1.0,3075,1204,25035,0.010000000000044201
9,26248,2505,1.0,3076,1204,25044,0.01000000000004376
9,26257,2505,0.0,3077,1205,25052,0.010000000000043325
9,26266,2506,1.0,3078,1205,25061,0.010000000000042895
9,26275,2507,1.0,3079,1205,25070,0.010000000000042468
9,26284,2508,1.0,3080,1205,25079,0.010000000000042045
5,26289,2508,0.0,3081,1206,25083,0.010000000000041627
9,26298,2508,0.0,3082,1207,25091,0.010000000000041212
9,26307,2508,0.0,3083,1207,25100,0.010000000000040803
27,26334,2509,1.0,3084,1207,25127,0.010000000000040397
9,26343,2509,0.0,3085,1207,25136,0.010000000000039994
9,26352,2509,0.0,3086,1208,25144,0.010000000000039595
14,26366,2509,0.0,3087,1208,25158,0.010000000000039201
7,26373,2509,0.0,3088,1208,25165,0.010000000000038813
9,26382,2509,0.0,3089,1208,25174,0.010000000000038426
9,26391,2510,1.0,3090,1208,25183,0.010000000000038043
8,26399,2510,0.0,3091,1208,25191,0.010000000000037665
38,26437,2510,0.0,3092,1208,25229,0.01000000000003729
30,26467,2510,0.0,3093,1209,25258,0.010000000000036919
9,26476,2510,0.0,3094,1209,25267,0.010000000000036553
8,26484,2511,1.0,3095,1209,25275,0.010000000000036188
8,26492,2512,1.0,3096,1209,25283,0.010000000000035827
8,26500,2513,1.0,3097,1209,25291,0.010000000000035472
8,26508,2514,1.0,3098,1209,25299,0.010000000000035118
8,26516,2515,1.0,3099,1209,25307,0.01000000000003477
8,26524,2516,1.0,3100,1209,25315,0.010000000000034424
8,26532,2517,1.0,3101,1209,25323,0.01000000000003408
8,26540,2518,1.0,3102,1209,25331,0.010000000000033742
8,26548,2519,1.0,3103,1209,25339,0.010000000000033406
8,26556,2520,1.0,3104,1209,25347,0.010000000000033073
8,26564,2521,1.0,3105,1209,25355,0.010000000000032745
8,26572,2522,1.0,3106,1209,25363,0.010000000000032419
9,26581,2522,0.0,3107,1210,25371,0.010000000000032096
8,26589,2523,1.0,3108,1210,25379,0.010000000000031777
8,26597,2524,1.0,3109,1210,25387,0.010000000000031461
8,26605,2525,1.0,3110,1210,25395,0.010000000000031147
8,26613,2526,1.0,3111,1210,25403,0.010000000000030838
8,26621,2527,1.0,3112,1210,25411,0.010000000000030531
8,26629,2528,1.0,3113,1210,25419,0.010000000000030228
8,26637,2529,1.0,3114,1211,25426,0.010000000000029926
8,26645,2530,1.0,3115,1211,25434,0.010000000000029628
8,26653,2531,1.0,3116,1211,25442,0.010000000000029334
8,26661,2532,1.0,3117,1211,25450,0.010000000000029041
8,26669,2533,1.0,3118,1211,25458,0.010000000000028753
8,26677,2534,1.0,3119,1211,25466,0.010000000000028467
8,26685,2535,1.0,3120,1211,25474,0.010000000000028184
8,26693,2536,1.0,3121,1211,25482,0.010000000000027903
7,26700,2536,0.0,3122,1212,25488,0.010000000000027626
8,26708,2537,1.0,3123,1212,25496,0.01000000000002735
8,26716,2538,1.0,3124,1212,25504,0.010000000000027078
8,26724,2539,1.0,3125,1212,25512,0.010000000000026809
8,26732,2540,1.0,3126,1212,25520,0.010000000000026541
8,26740,2541,1.0,3127,1212,25528,0.010000000000026278
8,26748,2542,1.0,3128,1212,25536,0.010000000000026016
8,26756,2543,1.0,3129,1212,25544,0.010000000000025757
8,26764,2544,1.0,3130,1212,25552,0.0100000000000255
8,26772,2545,1.0,3131,1212,25560,0.010000000000025247
8,26780,2546,1.0,3132,1212,25568,0.010000000000024996
8,26788,2547,1.0,3133,1212,25576,0.010000000000024748
8,26796,2548,1.0,3134,1212,25584,0.010000000000024501
8,26804,2549,1.0,3135,1212,25592,0.010000000000024257
8,26812,2550,1.0,3136,1212,25600,0.010000000000024016
8,26820,2551,1.0,3137,1212,25608,0.010000000000023778
8,26828,2552,1.0,3138,1212,25616,0.01000000000002354
8,26836,2553,1.0,3139,1212,25624,0.010000000000023306
8,26844,2554,1.0,3140,1212,25632,0.010000000000023075
8,26852,2555,1.0,3141,1212,25640,0.010000000000022845
8,26860,2556,1.0,3142,1212,25648,0.010000000000022618
8,26868,2557,1.0,3143,1212,25656,0.010000000000022392
8,26876,2558,1.0,3144,1212,25664,0.01000000000002217
8,26884,2559,1.0,3145,1212,25672,0.01000000000002195
8,26892,2560,1.0,3146,1212,25680,0.010000000000021731
8,26900,2561,1.0,3147,1212,25688,0.010000000000021514
8,26908,2562,1.0,3148,1212,25696,0.010000000000021301
8,26916,2563,1.0,3149,1212,25704,0.01000000000002109
8,26924,2564,1.0,3150,1212,25712,0.01000000000002088
8,26932,2565,1.0,3151,1212,25720,0.010000000000020671
8,26940,2566,1.0,3152,1212,25728,0.010000000000020465
8,26948,2567,1.0,3153,1212,25736,0.010000000000020262
8,26956,2568,1.0,3154,1212,25744,0.01000000000002006
8,26964,2569,1.0,3155,1212,25752,0.010000000000019861
8,26972,2570,1.0,3156,1212,25760,0.010000000000019663
8,26980,2571,1.0,3157,1212,25768,0.010000000000019467
8,26988,2572,1.0,3158,1212,25776,0.010000000000019273
8,26996,2573,1.0,3159,1212,25784,0.010000000000019082
8,27004,2574,1.0,3160,1212,25792,0.010000000000018891
8,27012,2575,1.0,3161,1212,25800,0.010000000000018704
9,27021,2575,0.0,3162,1213,25808,0.010000000000018518
8,27029,2576,1.0,3163,1213,25816,0.010000000000018335
8,27037,2577,1.0,3164,1213,25824,0.01000000000001815
8,27045,2578,1.0,3165,1213,25832,0.01000000000001797
8,27053,2579,1.0,3166,1213,25840,0.010000000000017792
8,27061,2580,1.0,3167,1213,25848,0.010000000000017615
8,27069,2581,1.0,3168,1213,25856,0.01000000000001744
8,27077,2582,1.0,3169,1213,25864,0.010000000000017266
8,27085,2583,1.0,3170,1213,25872,0.010000000000017094
8,27093,2584,1.0,3171,1213,25880,0.010000000000016924
8,27101,2585,1.0,3172,1213,25888,0.010000000000016756
8,27109,2586,1.0,3173,1213,25896,0.01000000000001659
8,27117,2587,1.0,3174,1213,25904,0.010000000000016425
8,27125,2588,1.0,3175,1213,25912,0.01000000000001626
8,27133,2589,1.0,3176,1213,25920,0.010000000000016098
8,27141,2590,1.0,3177,1213,25928,0.010000000000015939
8,27149,2591,1.0,3178,1213,25936,0.01000000000001578
8,27157,2592,1.0,3179,1213,25944,0.010000000000015623
8,27165,2593,1.0,3180,1213,25952,0.010000000000015467
5,27170,2593,0.0,3181,1214,25956,0.010000000000015314
8,27178,2594,1.0,3182,1214,25964,0.010000000000015162
8,27186,2595,1.0,3183,1214,25972,0.01000000000001501
8,27194,2596,1.0,3184,1214,25980,0.010000000000014862
8,27202,2597,1.0,3185,1214,25988,0.010000000000014712
8,27210,2598,1.0,3186,1214,25996,0.010000000000014567
8,27218,2599,1.0,3187,1214,26004,0.010000000000014421
8,27226,2600,1.0,3188,1214,26012,0.010000000000014279
8,27234,2601,1.0,3189,1214,26020,0.010000000000014136
8,27242,2602,1.0,3190,1214,26028,0.010000000000013996
8,27250,2603,1.0,3191,1214,26036,0.010000000000013857
8,27258,2604,1.0,3192,1214,26044,0.010000000000013718
8,27266,2605,1.0,3193,1214,26052,0.010000000000013581
8,27274,2606,1.0,3194,1214,26060,0.010000000000013446
8,27282,2607,1.0,3195,1214,26068,0.010000000000013312
8,27290,2608,1.0,3196,1214,26076,0.01000000000001318
8,27298,2609,1.0,3197,1214,26084,0.010000000000013049
8,27306,2610,1.0,3198,1214,26092,0.010000000000012919
8,27314,2611,1.0,3199,1214,26100,0.01000000000001279
8,27322,2612,1.0,3200,1214,26108,0.010000000000012664
8,27330,2613,1.0,3201,1214,26116,0.010000000000012537
8,27338,2614,1.0,3202,1214,26124,0.010000000000012412
8,27346,2615,1.0,3203,1214,26132,0.010000000000012289
8,27354,2616,1.0,3204,1214,26140,0.010000000000012168
8,27362,2617,1.0,3205,1214,26148,0.010000000000012046
8,27370,2618,1.0,3206,1214,26156,0.010000000000011926
8,27378,2619,1.0,3207,1214,26164,0.010000000000011808
8,27386,2620,1.0,3208,1214,26172,0.01000000000001169
8,27394,2621,1.0,3209,1214,26180,0.010000000000011574
8,27402,2622,1.0,3210,1214,26188,0.010000000000011458
8,27410,2623,1.0,3211,1214,26196,0.010000000000011345
9,27419,2623,0.0,3212,1215,26204,0.010000000000011233
4,27423,2623,0.0,3213,1216,26207,0.01000000000001112
8,27431,2624,1.0,3214,1216,26215,0.010000000000011009
9,27440,2624,0.0,3215,1217,26223,0.0100000000000109
8,27448,2625,1.0,3216,1217,26231,0.010000000000010792
8,27456,2626,1.0,3217,1217,26239,0.010000000000010684
8,27464,2627,1.0,3218,1217,26247,0.010000000000010577
7,27471,2627,0.0,3219,1218,26253,0.010000000000010473
8,27479,2628,1.0,3220,1218,26261,0.010000000000010369
8,27487,2629,1.0,3221,1218,26269,0.010000000000010265
8,27495,2630,1.0,3222,1218,26277,0.010000000000010162
8,27503,2631,1.0,3223,1218,26285,0.010000000000010062
8,27511,2632,1.0,3224,1218,26293,0.010000000000009961
8,27519,2633,1.0,3225,1218,26301,0.010000000000009862
8,27527,2634,1.0,3226,1218,26309,0.010000000000009765
8,27535,2635,1.0,3227,1218,26317,0.010000000000009668
8,27543,2636,1.0,3228,1218,26325,0.01000000000000957
8,27551,2637,1.0,3229,1218,26333,0.010000000000009475
8,27559,2638,1.0,3230,1218,26341,0.010000000000009382
8,27567,2639,1.0,3231,1218,26349,0.010000000000009288
8,27575,2640,1.0,3232,1218,26357,0.010000000000009196
8,27583,2641,1.0,3233,1218,26365,0.010000000000009104
8,27591,2642,1.0,3234,1218,26373,0.010000000000009014
8,27599,2643,1.0,3235,1218,26381,0.010000000000008924
8,27607,2644,1.0,3236,1218,26389,0.010000000000008835
8,27615,2645,1.0,3237,1218,26397,0.010000000000008747
8,27623,2646,1.0,3238,1218,26405,0.01000000000000866
8,27631,2647,1.0,3239,1218,26413,0.010000000000008575
8,27639,2648,1.0,3240,1218,26421,0.010000000000008488
8,27647,2649,1.0,3241,1218,26429,0.010000000000008405
8,27655,2650,1.0,3242,1218,26437,0.01000000000000832
8,27663,2651,1.0,3243,1218,26445,0.010000000000008238
8,27671,2652,1.0,3244,1218,26453,0.010000000000008155
8,27679,2653,1.0,3245,1218,26461,0.010000000000008075
8,27687,2654,1.0,3246,1218,26469,0.010000000000007994
8,27695,2655,1.0,3247,1218,26477,0.010000000000007916
8,27703,2656,1.0,3248,1218,26485,0.010000000000007836
8,27711,2657,1.0,3249,1218,26493,0.010000000000007758
8,27719,2658,1.0,3250,1218,26501,0.010000000000007682
8,27727,2659,1.0,3251,1218,26509,0.010000000000007605
8,27735,2660,1.0,3252,1218,26517,0.010000000000007529
8,27743,2661,1.0,3253,1218,26525,0.010000000000007454
8,27751,2662,1.0,3254,1218,26533,0.01000000000000738
8,27759,2663,1.0,3255,1218,26541,0.010000000000007307
8,27767,2664,1.0,3256,1218,26549,0.010000000000007234
8,27775,2665,1.0,3257,1218,26557,0.010000000000007161
8,27783,2666,1.0,3258,1218,26565,0.01000000000000709
8,27791,2667,1.0,3259,1218,26573,0.01000000000000702
8,27799,2668,1.0,3260,1218,26581,0.01000000000000695
8,27807,2669,1.0,3261,1218,26589,0.01000000000000688
8,27815,2670,1.0,3262,1218,26597,0.010000000000006812
8,27823,2671,1.0,3263,1218,26605,0.010000000000006745
8,27831,2672,1.0,3264,1218,26613,0.010000000000006677
8,27839,2673,1.0,3265,1218,26621,0.010000000000006611
8,27847,2674,1.0,3266,1218,26629,0.010000000000006545
8,27855,2675,1.0,3267,1218,26637,0.01000000000000648
8,27863,2676,1.0,3268,1218,26645,0.010000000000006415
8,27871,2677,1.0,3269,1218,26653,0.010000000000006353
8,27879,2678,1.0,3270,1218,26661,0.010000000000006289
31,27910,2679,1.0,3271,1219,26691,0.010000000000006226
9,27919,2680,1.0,3272,1219,26700,0.010000000000006164
9,27928,2681,1.0,3273,1219,26709,0.010000000000006103
9,27937,2682,1.0,3274,1219,26718,0.010000000000006042
9,27946,2683,1.0,3275,1219,26727,0.010000000000005982
9,27955,2684,1.0,3276,1219,26736,0.010000000000005923
9,27964,2685,1.0,3277,1219,26745,0.010000000000005864
9,27973,2686,1.0,3278,1219,26754,0.010000000000005805
9,27982,2687,1.0,3279,1219,26763,0.010000000000005747
9,27991,2688,1.0,3280,1219,26772,0.01000000000000569
9,28000,2689,1.0,3281,1219,26781,0.010000000000005633
9,28009,2690,1.0,3282,1219,26790,0.010000000000005577
9,28018,2691,1.0,3283,1219,26799,0.010000000000005522
9,28027,2692,1.0,3284,1219,26808,0.010000000000005466
9,28036,2693,1.0,3285,1219,26817,0.010000000000005413
9,28045,2694,1.0,3286,1219,26826,0.010000000000005359
9,28054,2695,1.0,3287,1219,26835,0.010000000000005305
9,28063,2696,1.0,3288,1219,26844,0.010000000000005253
9,28072,2697,1.0,3289,1219,26853,0.010000000000005201
9,28081,2698,1.0,3290,1219,26862,0.010000000000005149
9,28090,2699,1.0,3291,1219,26871,0.010000000000005097
9,28099,2700,1.0,3292,1219,26880,0.010000000000005047
9,28108,2701,1.0,3293,1219,26889,0.010000000000004996
9,28117,2702,1.0,3294,1219,26898,0.010000000000004948
9,28126,2703,1.0,3295,1219,26907,0.010000000000004897
9,28135,2704,1.0,3296,1219,26916,0.010000000000004849
9,28144,2705,1.0,3297,1219,26925,0.0100000000000048
9,28153,2706,1.0,3298,1219,26934,0.010000000000004753
9,28162,2707,1.0,3299,1219,26943,0.010000000000004707
9,28171,2707,0.0,3300,1220,26951,0.01000000000000466
9,28180,2708,1.0,3301,1220,26960,0.010000000000004613
6,28186,2708,0.0,3302,1221,26965,0.010000000000004566
9,28195,2709,1.0,3303,1221,26974,0.010000000000004521
9,28204,2710,1.0,3304,1221,26983,0.010000000000004476
9,28213,2711,1.0,3305,1221,26992,0.010000000000004432
9,28222,2712,1.0,3306,1221,27001,0.010000000000004387
9,28231,2713,1.0,3307,1221,27010,0.010000000000004344
9,28240,2714,1.0,3308,1221,27019,0.0100000000000043
9,28249,2715,1.0,3309,1221,27028,0.010000000000004257
9,28258,2716,1.0,3310,1221,27037,0.010000000000004216
9,28267,2717,1.0,3311,1221,27046,0.010000000000004174
4,28271,2717,0.0,3312,1222,27049,0.010000000000004132
9,28280,2718,1.0,3313,1222,27058,0.01000000000000409
9,28289,2719,1.0,3314,1222,27067,0.01000000000000405
9,28298,2720,1.0,3315,1222,27076,0.01000000000000401
9,28307,2721,1.0,3316,1222,27085,0.01000000000000397
9,28316,2722,1.0,3317,1222,27094,0.010000000000003931
9,28325,2723,1.0,3318,1222,27103,0.010000000000003891
9,28334,2724,1.0,3319,1222,27112,0.010000000000003853
9,28343,2725,1.0,3320,1222,27121,0.010000000000003815
9,28352,2726,1.0,3321,1222,27130,0.010000000000003777
9,28361,2726,0.0,3322,1223,27138,0.010000000000003739
9,28370,2727,1.0,3323,1223,27147,0.010000000000003702
9,28379,2728,1.0,3324,1223,27156,0.010000000000003666
9,28388,2729,1.0,3325,1223,27165,0.010000000000003628
9,28397,2730,1.0,3326,1223,27174,0.010000000000003593
9,28406,2730,0.0,3327,1224,27182,0.010000000000003556
9,28415,2731,1.0,3328,1224,27191,0.010000000000003522
9,28424,2732,1.0,3329,1224,27200,0.010000000000003485
9,28433,2732,0.0,3330,1224,27209,0.01000000000000345
9,28442,2733,1.0,3331,1224,27218,0.010000000000003418
9,28451,2734,1.0,3332,1224,27227,0.010000000000003383
9,28460,2735,1.0,3333,1224,27236,0.01000000000000335
9,28469,2736,1.0,3334,1224,27245,0.010000000000003315
20,28489,2736,0.0,3335,1225,27264,0.010000000000003282
8,28497,2737,1.0,3336,1225,27272,0.010000000000003251
9,28506,2737,0.0,3337,1225,27281,0.010000000000003218
9,28515,2737,0.0,3338,1225,27290,0.010000000000003187
9,28524,2737,0.0,3339,1225,27299,0.010000000000003154
9,28533,2737,0.0,3340,1225,27308,0.010000000000003123
18,28551,2737,0.0,3341,1225,27326,0.010000000000003091
16,28567,2738,1.0,3342,1225,27342,0.010000000000003062
21,28588,2738,0.0,3343,1228,27360,0.01000000000000303
30,28618,2738,0.0,3344,1228,27390,0.010000000000003001
10,28628,2739,1.0,3345,1228,27400,0.01000000000000297
10,28638,2739,0.0,3346,1228,27410,0.01000000000000294
12,28650,2739,0.0,3347,1228,27422,0.010000000000002911
2,28652,2739,0.0,3348,1228,27424,0.010000000000002883
20,28672,2739,0.0,3349,1229,27443,0.010000000000002854
9,28681,2739,0.0,3350,1229,27452,0.010000000000002826
9,28690,2739,0.0,3351,1230,27460,0.010000000000002798
9,28699,2739,0.0,3352,1230,27469,0.01000000000000277
24,28723,2739,0.0,3353,1233,27490,0.010000000000002743
9,28732,2739,0.0,3354,1233,27499,0.010000000000002715
9,28741,2739,0.0,3355,1233,27508,0.010000000000002687
8,28749,2739,0.0,3356,1233,27516,0.010000000000002661
7,28756,2740,1.0,3357,1233,27523,0.010000000000002635
5,28761,2740,0.0,3358,1233,27528,0.01000000000000261
9,28770,2740,0.0,3359,1233,27537,0.010000000000002583
7,28777,2741,1.0,3360,1233,27544,0.010000000000002557
7,28784,2742,1.0,3361,1233,27551,0.010000000000002531
7,28791,2743,1.0,3362,1233,27558,0.010000000000002507
7,28798,2744,1.0,3363,1233,27565,0.01000000000000248
7,28805,2745,1.0,3364,1233,27572,0.010000000000002457
7,28812,2746,1.0,3365,1233,27579,0.010000000000002432
7,28819,2747,1.0,3366,1233,27586,0.010000000000002408
7,28826,2748,1.0,3367,1233,27593,0.010000000000002384
7,28833,2749,1.0,3368,1233,27600,0.010000000000002361
7,28840,2750,1.0,3369,1233,27607,0.010000000000002337
7,28847,2751,1.0,3370,1233,27614,0.010000000000002314
7,28854,2752,1.0,3371,1233,27621,0.01000000000000229
7,28861,2753,1.0,3372,1233,27628,0.010000000000002267
7,28868,2754,1.0,3373,1233,27635,0.010000000000002245
7,28875,2755,1.0,3374,1233,27642,0.010000000000002222
7,28882,2756,1.0,3375,1233,27649,0.010000000000002202
7,28889,2757,1.0,3376,1233,27656,0.010000000000002179
7,28896,2758,1.0,3377,1233,27663,0.010000000000002156
7,28903,2759,1.0,3378,1233,27670,0.010000000000002136
7,28910,2760,1.0,3379,1233,27677,0.010000000000002115
7,28917,2761,1.0,3380,1233,27684,0.010000000000002094
7,28924,2762,1.0,3381,1233,27691,0.010000000000002073
7,28931,2763,1.0,3382,1233,27698,0.010000000000002052
7,28938,2764,1.0,3383,1233,27705,0.010000000000002032
7,28945,2765,1.0,3384,1233,27712,0.01000000000000201
7,28952,2766,1.0,3385,1233,27719,0.010000000000001992
7,28959,2767,1.0,3386,1233,27726,0.01000000000000197
7,28966,2768,1.0,3387,1233,27733,0.010000000000001952
7,28973,2769,1.0,3388,1233,27740,0.010000000000001933
7,28980,2770,1.0,3389,1233,27747,0.010000000000001914
7,28987,2771,1.0,3390,1233,27754,0.010000000000001895
7,28994,2772,1.0,3391,1233,27761,0.010000000000001875
7,29001,2773,1.0,3392,1233,27768,0.010000000000001856
7,29008,2774,1.0,3393,1233,27775,0.010000000000001839
7,29015,2775,1.0,3394,1233,27782,0.01000000000000182
7,29022,2776,1.0,3395,1233,27789,0.010000000000001803
7,29029,2777,1.0,3396,1233,27796,0.010000000000001784
7,29036,2778,1.0,3397,1235,27801,0.010000000000001766
7,29043,2779,1.0,3398,1235,27808,0.010000000000001749
7,29050,2780,1.0,3399,1235,27815,0.010000000000001731
7,29057,2781,1.0,3400,1235,27822,0.010000000000001714
7,29064,2782,1.0,3401,1235,27829,0.010000000000001697
9,29073,2782,0.0,3402,1236,27837,0.01000000000000168
7,29080,2783,1.0,3403,1236,27844,0.010000000000001664
7,29087,2784,1.0,3404,1236,27851,0.010000000000001646
7,29094,2785,1.0,3405,1236,27858,0.01000000000000163
7,29101,2786,1.0,3406,1236,27865,0.010000000000001614
7,29108,2787,1.0,3407,1236,27872,0.010000000000001598
7,29115,2788,1.0,3408,1236,27879,0.010000000000001582
7,29122,2789,1.0,3409,1236,27886,0.010000000000001567
7,29129,2790,1.0,3410,1236,27893,0.010000000000001551
7,29136,2791,1.0,3411,1236,27900,0.010000000000001535
7,29143,2792,1.0,3412,1236,27907,0.01000000000000152
7,29150,2793,1.0,3413,1236,27914,0.010000000000001506
7,29157,2794,1.0,3414,1236,27921,0.01000000000000149
7,29164,2795,1.0,3415,1236,27928,0.010000000000001475
7,29171,2796,1.0,3416,1236,27935,0.01000000000000146
7,29178,2797,1.0,3417,1236,27942,0.010000000000001445
7,29185,2798,1.0,3418,1236,27949,0.010000000000001431
7,29192,2799,1.0,3419,1236,27956,0.010000000000001417
7,29199,2800,1.0,3420,1236,27963,0.010000000000001404
7,29206,2801,1.0,3421,1236,27970,0.01000000000000139
7,29213,2802,1.0,3422,1236,27977,0.010000000000001376
7,29220,2803,1.0,3423,1236,27984,0.010000000000001362
7,29227,2804,1.0,3424,1236,27991,0.010000000000001348
7,29234,2805,1.0,3425,1236,27998,0.010000000000001334
7,29241,2806,1.0,3426,1236,28005,0.010000000000001322
7,29248,2807,1.0,3427,1236,28012,0.010000000000001308
7,29255,2808,1.0,3428,1236,28019,0.010000000000001296
7,29262,2809,1.0,3429,1236,28026,0.010000000000001282
7,29269,2810,1.0,3430,1236,28033,0.01000000000000127
7,29276,2811,1.0,3431,1236,28040,0.010000000000001258
7,29283,2812,1.0,3432,1236,28047,0.010000000000001244
7,29290,2813,1.0,3433,1236,28054,0.010000000000001232
7,29297,2814,1.0,3434,1236,28061,0.01000000000000122
7,29304,2815,1.0,3435,1236,28068,0.010000000000001208
7,29311,2816,1.0,3436,1236,28075,0.010000000000001195
7,29318,2817,1.0,3437,1236,28082,0.010000000000001183
7,29325,2818,1.0,3438,1236,28089,0.010000000000001173
2,29327,2818,0.0,3439,1237,28090,0.01000000000000116
7,29334,2819,1.0,3440,1237,28097,0.010000000000001149
7,29341,2820,1.0,3441,1237,28104,0.010000000000001138
7,29348,2821,1.0,3442,1237,28111,0.010000000000001126
7,29355,2822,1.0,3443,1237,28118,0.010000000000001116
7,29362,2823,1.0,3444,1237,28125,0.010000000000001103
7,29369,2824,1.0,3445,1237,28132,0.010000000000001093
7,29376,2825,1.0,3446,1237,28139,0.010000000000001083
6,29382,2825,0.0,3447,1238,28144,0.01000000000000107
7,29389,2826,1.0,3448,1238,28151,0.01000000000000106
7,29396,2827,1.0,3449,1238,28158,0.01000000000000105
7,29403,2828,1.0,3450,1238,28165,0.01000000000000104
7,29410,2829,1.0,3451,1238,28172,0.010000000000001029
7,29417,2830,1.0,3452,1238,28179,0.010000000000001018
7,29424,2831,1.0,3453,1238,28186,0.01000000000000101
7,29431,2832,1.0,3454,1238,28193,0.010000000000001
7,29438,2833,1.0,3455,1238,28200,0.010000000000000989
7,29445,2834,1.0,3456,1238,28207,0.010000000000000979
7,29452,2835,1.0,3457,1238,28214,0.01000000000000097
7,29459,2836,1.0,3458,1238,28221,0.01000000000000096
7,29466,2837,1.0,3459,1238,28228,0.01000000000000095
7,29473,2838,1.0,3460,1238,28235,0.01000000000000094
7,29480,2839,1.0,3461,1238,28242,0.010000000000000932
7,29487,2840,1.0,3462,1238,28249,0.010000000000000921
7,29494,2841,1.0,3463,1238,28256,0.010000000000000913
7,29501,2842,1.0,3464,1238,28263,0.010000000000000904
7,29508,2843,1.0,3465,1238,28270,0.010000000000000895
7,29515,2844,1.0,3466,1238,28277,0.010000000000000887
7,29522,2845,1.0,3467,1238,28284,0.010000000000000878
7,29529,2846,1.0,3468,1238,28291,0.01000000000000087
7,29536,2847,1.0,3469,1238,28298,0.01000000000000086
7,29543,2848,1.0,3470,1238,28305,0.010000000000000852
7,29550,2849,1.0,3471,1238,28312,0.010000000000000843
7,29557,2850,1.0,3472,1238,28319,0.010000000000000835
7,29564,2851,1.0,3473,1238,28326,0.010000000000000826
7,29571,2852,1.0,3474,1238,28333,0.010000000000000817
7,29578,2853,1.0,3475,1238,28340,0.01000000000000081
7,29585,2854,1.0,3476,1238,28347,0.010000000000000802
7,29592,2855,1.0,3477,1238,28354,0.010000000000000793
7,29599,2856,1.0,3478,1238,28361,0.010000000000000786
7,29606,2857,1.0,3479,1238,28368,0.010000000000000777
7,29613,2858,1.0,3480,1239,28374,0.01000000000000077
7,29620,2859,1.0,3481,1239,28381,0.010000000000000762
7,29627,2860,1.0,3482,1239,28388,0.010000000000000755
7,29634,2861,1.0,3483,1239,28395,0.010000000000000748
7,29641,2862,1.0,3484,1239,28402,0.010000000000000741
7,29648,2863,1.0,3485,1239,28409,0.010000000000000732
7,29655,2864,1.0,3486,1239,28416,0.010000000000000725
7,29662,2865,1.0,3487,1239,28423,0.010000000000000718
7,29669,2866,1.0,3488,1239,28430,0.010000000000000711
7,29676,2867,1.0,3489,1239,28437,0.010000000000000705
7,29683,2868,1.0,3490,1239,28444,0.010000000000000698
7,29690,2869,1.0,3491,1239,28451,0.01000000000000069
7,29697,2870,1.0,3492,1239,28458,0.010000000000000684
7,29704,2871,1.0,3493,1239,28465,0.010000000000000677
7,29711,2872,1.0,3494,1240,28471,0.01000000000000067
7,29718,2873,1.0,3495,1240,28478,0.010000000000000663
7,29725,2874,1.0,3496,1240,28485,0.010000000000000656
7,29732,2875,1.0,3497,1240,28492,0.01000000000000065
7,29739,2876,1.0,3498,1240,28499,0.010000000000000644
7,29746,2877,1.0,3499,1240,28506,0.010000000000000637
7,29753,2878,1.0,3500,1240,28513,0.01000000000000063
7,29760,2879,1.0,3501,1241,28519,0.010000000000000625
7,29767,2880,1.0,3502,1241,28526,0.010000000000000618
7,29774,2881,1.0,3503,1241,28533,0.010000000000000613
7,29781,2882,1.0,3504,1241,28540,0.010000000000000606
7,29788,2883,1.0,3505,1241,28547,0.0100000000000006
7,29795,2884,1.0,3506,1241,28554,0.010000000000000593
7,29802,2885,1.0,3507,1241,28561,0.010000000000000588
7,29809,2886,1.0,3508,1241,28568,0.010000000000000583
7,29816,2887,1.0,3509,1241,28575,0.010000000000000576
7,29823,2888,1.0,3510,1241,28582,0.010000000000000571
7,29830,2889,1.0,3511,1241,28589,0.010000000000000566
7,29837,2890,1.0,3512,1242,28595,0.010000000000000559
7,29844,2891,1.0,3513,1242,28602,0.010000000000000554
7,29851,2892,1.0,3514,1242,28609,0.010000000000000548
25,29876,2893,1.0,3515,1243,28633,0.010000000000000543
7,29883,2894,1.0,3516,1243,28640,0.010000000000000538
7,29890,2895,1.0,3517,1243,28647,0.010000000000000533
7,29897,2896,1.0,3518,1243,28654,0.010000000000000528
7,29904,2897,1.0,3519,1243,28661,0.010000000000000522
7,29911,2898,1.0,3520,1243,28668,0.010000000000000517
7,29918,2899,1.0,3521,1243,28675,0.010000000000000512
7,29925,2900,1.0,3522,1243,28682,0.010000000000000507
7,29932,2901,1.0,3523,1243,28689,0.010000000000000502
7,29939,2902,1.0,3524,1243,28696,0.010000000000000496
7,29946,2903,1.0,3525,1243,28703,0.010000000000000491
7,29953,2904,1.0,3526,1243,28710,0.010000000000000486
7,29960,2905,1.0,3527,1243,28717,0.01000000000000048
7,29967,2906,1.0,3528,1243,28724,0.010000000000000477
7,29974,2907,1.0,3529,1243,28731,0.010000000000000472
7,29981,2908,1.0,3530,1243,28738,0.010000000000000467
7,29988,2909,1.0,3531,1243,28745,0.010000000000000463
7,29995,2910,1.0,3532,1243,28752,0.010000000000000458
7,30002,2911,1.0,3533,1243,28759,0.010000000000000453
7,30009,2912,1.0,3534,1243,28766,0.01000000000000045
7,30016,2913,1.0,3535,1243,28773,0.010000000000000444
7,30023,2914,1.0,3536,1243,28780,0.01000000000000044
7,30030,2915,1.0,3537,1243,28787,0.010000000000000436
7,30037,2916,1.0,3538,1243,28794,0.010000000000000432
7,30044,2917,1.0,3539,1243,28801,0.010000000000000427
7,30051,2918,1.0,3540,1243,28808,0.010000000000000423
7,30058,2919,1.0,3541,1243,28815,0.010000000000000418
20,30078,2919,0.0,3542,1244,28834,0.010000000000000415
7,30085,2920,1.0,3543,1244,28841,0.01000000000000041
7,30092,2921,1.0,3544,1244,28848,0.010000000000000406
7,30099,2922,1.0,3545,1244,28855,0.010000000000000403
7,30106,2923,1.0,3546,1244,28862,0.010000000000000397
7,30113,2924,1.0,3547,1244,28869,0.010000000000000394
7,30120,2925,1.0,3548,1244,28876,0.01000000000000039
7,30127,2926,1.0,3549,1244,28883,0.010000000000000387
7,30134,2927,1.0,3550,1244,28890,0.010000000000000382
7,30141,2928,1.0,3551,1244,28897,0.010000000000000378
7,30148,2929,1.0,3552,1244,28904,0.010000000000000375
7,30155,2930,1.0,3553,1244,28911,0.010000000000000371
7,30162,2931,1.0,3554,1244,28918,0.010000000000000368
7,30169,2932,1.0,3555,1244,28925,0.010000000000000365
7,30176,2933,1.0,3556,1244,28932,0.010000000000000361
7,30183,2934,1.0,3557,1244,28939,0.010000000000000358
25,30208,2935,1.0,3558,1245,28963,0.010000000000000352
7,30215,2936,1.0,3559,1245,28970,0.010000000000000349
26,30241,2937,1.0,3560,1245,28996,0.010000000000000345
25,30266,2938,1.0,3561,1245,29021,0.010000000000000342
9,30275,2938,0.0,3562,1245,29030,0.01000000000000034
11,30286,2938,0.0,3563,1245,29041,0.010000000000000337
7,30293,2939,1.0,3564,1245,29048,0.010000000000000333
7,30300,2940,1.0,3565,1245,29055,0.01000000000000033
7,30307,2941,1.0,3566,1245,29062,0.010000000000000326
7,30314,2942,1.0,3567,1245,29069,0.010000000000000323
7,30321,2943,1.0,3568,1245,29076,0.01000000000000032
7,30328,2944,1.0,3569,1246,29082,0.010000000000000316
7,30335,2945,1.0,3570,1246,29089,0.010000000000000312
7,30342,2946,1.0,3571,1246,29096,0.01000000000000031
7,30349,2947,1.0,3572,1246,29103,0.010000000000000307
7,30356,2948,1.0,3573,1246,29110,0.010000000000000304
7,30363,2949,1.0,3574,1246,29117,0.0100000000000003
7,30370,2950,1.0,3575,1246,29124,0.010000000000000299
7,30377,2951,1.0,3576,1246,29131,0.010000000000000295
7,30384,2952,1.0,3577,1246,29138,0.010000000000000292
9,30393,2952,0.0,3578,1247,29146,0.01000000000000029
7,30400,2953,1.0,3579,1247,29153,0.010000000000000286
7,30407,2954,1.0,3580,1247,29160,0.010000000000000283
7,30414,2955,1.0,3581,1247,29167,0.010000000000000281
7,30421,2956,1.0,3582,1247,29174,0.010000000000000278
7,30428,2957,1.0,3583,1247,29181,0.010000000000000274
7,30435,2958,1.0,3584,1247,29188,0.010000000000000273
7,30442,2959,1.0,3585,1247,29195,0.010000000000000269
7,30449,2960,1.0,3586,1247,29202,0.010000000000000267
7,30456,2961,1.0,3587,1247,29209,0.010000000000000264
7,30463,2962,1.0,3588,1247,29216,0.010000000000000262
7,30470,2963,1.0,3589,1247,29223,0.010000000000000259
7,30477,2964,1.0,3590,1247,29230,0.010000000000000257
7,30484,2965,1.0,3591,1247,29237,0.010000000000000253
7,30491,2966,1.0,3592,1247,29244,0.010000000000000252
7,30498,2967,1.0,3593,1247,29251,0.010000000000000248
7,30505,2968,1.0,3594,1247,29258,0.010000000000000247
7,30512,2969,1.0,3595,1247,29265,0.010000000000000245
4,30516,2969,0.0,3596,1248,29268,0.010000000000000241
7,30523,2970,1.0,3597,1248,29275,0.01000000000000024
7,30530,2971,1.0,3598,1248,29282,0.010000000000000236
7,30537,2972,1.0,3599,1248,29289,0.010000000000000234
7,30544,2973,1.0,3600,1248,29296,0.010000000000000233
7,30551,2974,1.0,3601,1248,29303,0.01000000000000023
7,30558,2975,1.0,3602,1248,29310,0.010000000000000227
7,30565,2976,1.0,3603,1248,29317,0.010000000000000226
7,30572,2977,1.0,3604,1248,29324,0.010000000000000222
7,30579,2978,1.0,3605,1248,29331,0.01000000000000022
7,30586,2979,1.0,3606,1248,29338,0.010000000000000219
9,30595,2979,0.0,3607,1249,29346,0.010000000000000217
9,30604,2979,0.0,3608,1249,29355,0.010000000000000214
8,30612,2979,0.0,3609,1250,29362,0.010000000000000212
7,30619,2980,1.0,3610,1250,29369,0.01000000000000021
7,30626,2981,1.0,3611,1250,29376,0.010000000000000208
24,30650,2982,1.0,3612,1251,29399,0.010000000000000207
7,30657,2983,1.0,3613,1251,29406,0.010000000000000203
7,30664,2984,1.0,3614,1251,29413,0.010000000000000201
7,30671,2985,1.0,3615,1251,29420,0.0100000000000002
7,30678,2986,1.0,3616,1251,29427,0.010000000000000198
7,30685,2987,1.0,3617,1251,29434,0.010000000000000196
7,30692,2988,1.0,3618,1251,29441,0.010000000000000194
7,30699,2989,1.0,3619,1251,29448,0.010000000000000193
7,30706,2990,1.0,3620,1251,29455,0.01000000000000019
7,30713,2991,1.0,3621,1251,29462,0.010000000000000188
7,30720,2992,1.0,3622,1251,29469,0.010000000000000186
7,30727,2993,1.0,3623,1251,29476,0.010000000000000184
7,30734,2994,1.0,3624,1251,29483,0.010000000000000182
7,30741,2995,1.0,3625,1251,29490,0.01000000000000018
7,30748,2996,1.0,3626,1251,29497,0.010000000000000179
7,30755,2997,1.0,3627,1251,29504,0.010000000000000177
7,30762,2998,1.0,3628,1251,29511,0.010000000000000175
7,30769,2999,1.0,3629,1251,29518,0.010000000000000174
7,30776,3000,1.0,3630,1251,29525,0.010000000000000172
9,30785,3000,0.0,3631,1252,29533,0.01000000000000017
7,30792,3001,1.0,3632,1252,29540,0.010000000000000168
7,30799,3002,1.0,3633,1252,29547,0.010000000000000167
9,30808,3002,0.0,3634,1253,29555,0.010000000000000165
7,30815,3003,1.0,3635,1253,29562,0.010000000000000163
7,30822,3004,1.0,3636,1254,29568,0.010000000000000162
9,30831,3004,0.0,3637,1254,29577,0.01000000000000016
26,30857,3005,1.0,3638,1254,29603,0.010000000000000158
28,30885,3006,1.0,3639,1254,29631,0.010000000000000158
9,30894,3006,0.0,3640,1254,29640,0.010000000000000156
30,30924,3006,0.0,3641,1254,29670,0.010000000000000155
7,30931,3007,1.0,3642,1254,29677,0.010000000000000153
8,30939,3007,0.0,3643,1254,29685,0.010000000000000151
7,30946,3008,1.0,3644,1254,29692,0.01000000000000015
9,30955,3008,0.0,3645,1254,29701,0.010000000000000148
23,30978,3009,1.0,3646,1254,29724,0.010000000000000146
11,30989,3010,1.0,3647,1255,29734,0.010000000000000146
16,31005,3011,1.0,3648,1255,29750,0.010000000000000144
11,31016,3012,1.0,3649,1255,29761,0.010000000000000142
11,31027,3013,1.0,3650,1255,29772,0.01000000000000014
11,31038,3014,1.0,3651,1256,29782,0.010000000000000139
8,31046,3015,1.0,3652,1256,29790,0.010000000000000137
8,31054,3016,1.0,3653,1256,29798,0.010000000000000137
11,31065,3017,1.0,3654,1256,29809,0.010000000000000136
11,31076,3018,1.0,3655,1256,29820,0.010000000000000134
11,31087,3019,1.0,3656,1256,29831,0.010000000000000132
11,31098,3020,1.0,3657,1256,29842,0.010000000000000132
11,31109,3021,1.0,3658,1256,29853,0.01000000000000013
9,31118,3021,0.0,3659,1257,29861,0.010000000000000129
9,31127,3021,0.0,3660,1257,29870,0.010000000000000127
30,31157,3021,0.0,3661,1257,29900,0.010000000000000127
7,31164,3022,1.0,3662,1257,29907,0.010000000000000125
7,31171,3023,1.0,3663,1257,29914,0.010000000000000123
7,31178,3024,1.0,3664,1257,29921,0.010000000000000123
7,31185,3025,1.0,3665,1257,29928,0.010000000000000122
9,31194,3025,0.0,3666,1258,29936,0.01000000000000012
7,31201,3026,1.0,3667,1258,29943,0.010000000000000118
7,31208,3027,1.0,3668,1258,29950,0.010000000000000118
16,31224,3028,1.0,3669,1259,29965,0.010000000000000116
7,31231,3029,1.0,3670,1260,29971,0.010000000000000115
30,31261,3029,0.0,3671,1260,30001,0.010000000000000115
7,31268,3030,1.0,3672,1260,30008,0.010000000000000113
7,31275,3031,1.0,3673,1260,30015,0.010000000000000111
7,31282,3032,1.0,3674,1260,30022,0.010000000000000111
9,31291,3032,0.0,3675,1260,30031,0.01000000000000011
16,31307,3033,1.0,3676,1260,30047,0.01000000000000011
8,31315,3034,1.0,3677,1260,30055,0.010000000000000108
16,31331,3035,1.0,3678,1260,30071,0.010000000000000106
16,31347,3036,1.0,3679,1260,30087,0.010000000000000106
16,31363,3037,1.0,3680,1260,30103,0.010000000000000104
16,31379,3038,1.0,3681,1260,30119,0.010000000000000103
3,31382,3038,0.0,3682,1261,30121,0.010000000000000103
16,31398,3039,1.0,3683,1261,30137,0.0100000000000001
16,31414,3040,1.0,3684,1262,30152,0.0100000000000001
16,31430,3041,1.0,3685,1262,30168,0.010000000000000099
16,31446,3042,1.0,3686,1262,30184,0.010000000000000099
16,31462,3043,1.0,3687,1262,30200,0.010000000000000097
16,31478,3044,1.0,3688,1262,30216,0.010000000000000096
14,31492,3044,0.0,3689,1263,30229,0.010000000000000096
11,31503,3045,1.0,3690,1263,30240,0.010000000000000094
16,31519,3046,1.0,3691,1263,30256,0.010000000000000094
16,31535,3047,1.0,3692,1263,30272,0.010000000000000092
16,31551,3048,1.0,3693,1263,30288,0.010000000000000092
16,31567,3049,1.0,3694,1263,30304,0.01000000000000009
16,31583,3050,1.0,3695,1263,30320,0.01000000000000009
16,31599,3051,1.0,3696,1263,30336,0.010000000000000089
16,31615,3052,1.0,3697,1263,30352,0.010000000000000089
16,31631,3053,1.0,3698,1263,30368,0.010000000000000087
16,31647,3054,1.0,3699,1263,30384,0.010000000000000087
16,31663,3055,1.0,3700,1263,30400,0.010000000000000085
16,31679,3056,1.0,3701,1263,30416,0.010000000000000085
16,31695,3057,1.0,3702,1263,30432,0.010000000000000083
16,31711,3058,1.0,3703,1263,30448,0.010000000000000083
16,31727,3059,1.0,3704,1263,30464,0.010000000000000082
12,31739,3059,0.0,3705,1264,30475,0.010000000000000082
30,31769,3059,0.0,3706,1264,30505,0.01000000000000008
7,31776,3060,1.0,3707,1264,30512,0.01000000000000008
11,31787,3060,0.0,3708,1264,30523,0.010000000000000078
7,31794,3061,1.0,3709,1264,30530,0.010000000000000078
41,31835,3061,0.0,3710,1264,30571,0.010000000000000078
17,31852,3062,1.0,3711,1264,30588,0.010000000000000077
9,31861,3062,0.0,3712,1264,30597,0.010000000000000077
9,31870,3062,0.0,3713,1264,30606,0.010000000000000075
24,31894,3063,1.0,3714,1264,30630,0.010000000000000075
7,31901,3064,1.0,3715,1264,30637,0.010000000000000073
7,31908,3065,1.0,3716,1264,30644,0.010000000000000073
7,31915,3066,1.0,3717,1264,30651,0.010000000000000071
7,31922,3067,1.0,3718,1264,30658,0.010000000000000071
7,31929,3068,1.0,3719,1264,30665,0.010000000000000071
7,31936,3069,1.0,3720,1264,30672,0.01000000000000007
7,31943,3070,1.0,3721,1264,30679,0.01000000000000007
7,31950,3071,1.0,3722,1264,30686,0.010000000000000068
7,31957,3072,1.0,3723,1264,30693,0.010000000000000068
7,31964,3073,1.0,3724,1264,30700,0.010000000000000068
7,31971,3074,1.0,3725,1264,30707,0.010000000000000066
7,31978,3075,1.0,3726,1264,30714,0.010000000000000066
7,31985,3076,1.0,3727,1264,30721,0.010000000000000066
7,31992,3077,1.0,3728,1264,30728,0.010000000000000064
7,31999,3078,1.0,3729,1264,30735,0.010000000000000064
7,32006,3079,1.0,3730,1264,30742,0.010000000000000063
5,32011,3079,0.0,3731,1265,30746,0.010000000000000063
7,32018,3080,1.0,3732,1265,30753,0.010000000000000063
9,32027,3080,0.0,3733,1266,30761,0.010000000000000061
7,32034,3081,1.0,3734,1266,30768,0.010000000000000061
7,32041,3082,1.0,3735,1266,30775,0.010000000000000061
25,32066,3083,1.0,3736,1267,30799,0.01000000000000006
7,32073,3084,1.0,3737,1267,30806,0.01000000000000006
7,32080,3085,1.0,3738,1267,30813,0.01000000000000006
7,32087,3086,1.0,3739,1267,30820,0.010000000000000057
7,32094,3087,1.0,3740,1267,30827,0.010000000000000057
7,32101,3088,1.0,3741,1267,30834,0.010000000000000057
7,32108,3089,1.0,3742,1267,30841,0.010000000000000056
7,32115,3090,1.0,3743,1267,30848,0.010000000000000056
7,32122,3091,1.0,3744,1267,30855,0.010000000000000056
7,32129,3092,1.0,3745,1267,30862,0.010000000000000054
7,32136,3093,1.0,3746,1267,30869,0.010000000000000054
7,32143,3094,1.0,3747,1267,30876,0.010000000000000054
7,32150,3095,1.0,3748,1267,30883,0.010000000000000052
7,32157,3096,1.0,3749,1267,30890,0.010000000000000052
7,32164,3097,1.0,3750,1267,30897,0.010000000000000052
7,32171,3098,1.0,3751,1267,30904,0.010000000000000052
7,32178,3099,1.0,3752,1267,30911,0.01000000000000005
7,32185,3100,1.0,3753,1267,30918,0.01000000000000005
7,32192,3101,1.0,3754,1267,30925,0.01000000000000005
7,32199,3102,1.0,3755,1267,30932,0.010000000000000049
7,32206,3103,1.0,3756,1268,30938,0.010000000000000049
7,32213,3104,1.0,3757,1268,30945,0.010000000000000049
7,32220,3105,1.0,3758,1268,30952,0.010000000000000049
7,32227,3106,1.0,3759,1268,30959,0.010000000000000047
7,32234,3107,1.0,3760,1268,30966,0.010000000000000047
7,32241,3108,1.0,3761,1268,30973,0.010000000000000047
7,32248,3109,1.0,3762,1268,30980,0.010000000000000045
7,32255,3110,1.0,3763,1268,30987,0.010000000000000045
7,32262,3111,1.0,3764,1268,30994,0.010000000000000045
7,32269,3112,1.0,3765,1268,31001,0.010000000000000045
7,32276,3113,1.0,3766,1268,31008,0.010000000000000044
7,32283,3114,1.0,3767,1268,31015,0.010000000000000044
7,32290,3115,1.0,3768,1268,31022,0.010000000000000044
7,32297,3116,1.0,3769,1268,31029,0.010000000000000044
7,32304,3117,1.0,3770,1268,31036,0.010000000000000042
7,32311,3118,1.0,3771,1268,31043,0.010000000000000042
7,32318,3119,1.0,3772,1268,31050,0.010000000000000042
7,32325,3120,1.0,3773,1268,31057,0.010000000000000042
7,32332,3121,1.0,3774,1268,31064,0.01000000000000004
7,32339,3122,1.0,3775,1268,31071,0.01000000000000004
7,32346,3123,1.0,3776,1268,31078,0.01000000000000004
7,32353,3124,1.0,3777,1269,31084,0.01000000000000004
7,32360,3125,1.0,3778,1269,31091,0.01000000000000004
7,32367,3126,1.0,3779,1269,31098,0.010000000000000038
7,32374,3127,1.0,3780,1269,31105,0.010000000000000038
7,32381,3128,1.0,3781,1269,31112,0.010000000000000038
7,32388,3129,1.0,3782,1269,31119,0.010000000000000038
7,32395,3130,1.0,3783,1269,31126,0.010000000000000037
5,32400,3130,0.0,3784,1270,31130,0.010000000000000037
7,32407,3131,1.0,3785,1270,31137,0.010000000000000037
9,32416,3131,0.0,3786,1271,31145,0.010000000000000037
7,32423,3132,1.0,3787,1271,31152,0.010000000000000037
7,32430,3133,1.0,3788,1271,31159,0.010000000000000035
7,32437,3134,1.0,3789,1271,31166,0.010000000000000035
7,32444,3135,1.0,3790,1271,31173,0.010000000000000035
7,32451,3136,1.0,3791,1271,31180,0.010000000000000035
7,32458,3137,1.0,3792,1271,31187,0.010000000000000035
2,32460,3137,0.0,3793,1272,31188,0.010000000000000033
7,32467,3138,1.0,3794,1272,31195,0.010000000000000033
7,32474,3139,1.0,3795,1272,31202,0.010000000000000033
7,32481,3140,1.0,3796,1272,31209,0.010000000000000033
7,32488,3141,1.0,3797,1272,31216,0.010000000000000033
7,32495,3142,1.0,3798,1272,31223,0.010000000000000031
7,32502,3143,1.0,3799,1272,31230,0.010000000000000031
15,32517,3144,1.0,3800,1274,31243,0.010000000000000031
2,32519,3144,0.0,3801,1274,31245,0.010000000000000031
7,32526,3145,1.0,3802,1274,31252,0.010000000000000031
7,32533,3146,1.0,3803,1274,31259,0.010000000000000031
5,32538,3146,0.0,3804,1275,31263,0.01000000000000003
7,32545,3147,1.0,3805,1275,31270,0.01000000000000003
7,32552,3148,1.0,3806,1275,31277,0.01000000000000003
7,32559,3149,1.0,3807,1275,31284,0.01000000000000003
7,32566,3150,1.0,3808,1275,31291,0.01000000000000003
7,32573,3151,1.0,3809,1275,31298,0.01000000000000003
7,32580,3152,1.0,3810,1275,31305,0.010000000000000028
7,32587,3153,1.0,3811,1275,31312,0.010000000000000028
7,32594,3154,1.0,3812,1275,31319,0.010000000000000028
7,32601,3155,1.0,3813,1275,31326,0.010000000000000028
7,32608,3156,1.0,3814,1275,31333,0.010000000000000028
7,32615,3157,1.0,3815,1275,31340,0.010000000000000028
7,32622,3158,1.0,3816,1275,31347,0.010000000000000026
7,32629,3159,1.0,3817,1275,31354,0.010000000000000026
7,32636,3160,1.0,3818,1275,31361,0.010000000000000026
7,32643,3161,1.0,3819,1275,31368,0.010000000000000026
7,32650,3162,1.0,3820,1275,31375,0.010000000000000026
4,32654,3162,0.0,3821,1276,31378,0.010000000000000026
7,32661,3163,1.0,3822,1276,31385,0.010000000000000026
7,32668,3164,1.0,3823,1276,31392,0.010000000000000024
7,32675,3165,1.0,3824,1276,31399,0.010000000000000024
7,32682,3166,1.0,3825,1276,31406,0.010000000000000024
7,32689,3167,1.0,3826,1276,31413,0.010000000000000024
7,32696,3168,1.0,3827,1276,31420,0.010000000000000024
7,32703,3169,1.0,3828,1276,31427,0.010000000000000024
7,32710,3170,1.0,3829,1277,31433,0.010000000000000024
7,32717,3171,1.0,3830,1277,31440,0.010000000000000023
7,32724,3172,1.0,3831,1277,31447,0.010000000000000023
7,32731,3173,1.0,3832,1278,31453,0.010000000000000023
7,32738,3174,1.0,3833,1278,31460,0.010000000000000023
7,32745,3175,1.0,3834,1278,31467,0.010000000000000023
7,32752,3176,1.0,3835,1278,31474,0.010000000000000023
7,32759,3177,1.0,3836,1278,31481,0.010000000000000023
7,32766,3178,1.0,3837,1278,31488,0.010000000000000021
7,32773,3179,1.0,3838,1278,31495,0.010000000000000021
7,32780,3180,1.0,3839,1278,31502,0.010000000000000021
7,32787,3181,1.0,3840,1278,31509,0.010000000000000021
7,32794,3182,1.0,3841,1278,31516,0.010000000000000021
7,32801,3183,1.0,3842,1278,31523,0.010000000000000021
7,32808,3184,1.0,3843,1278,31530,0.010000000000000021
7,32815,3185,1.0,3844,1278,31537,0.010000000000000021
7,32822,3186,1.0,3845,1278,31544,0.010000000000000021
7,32829,3187,1.0,3846,1278,31551,0.01000000000000002
7,32836,3188,1.0,3847,1278,31558,0.01000000000000002
7,32843,3189,1.0,3848,1278,31565,0.01000000000000002
7,32850,3190,1.0,3849,1278,31572,0.01000000000000002
7,32857,3191,1.0,3850,1278,31579,0.01000000000000002
7,32864,3192,1.0,3851,1278,31586,0.01000000000000002
7,32871,3193,1.0,3852,1278,31593,0.01000000000000002
7,32878,3194,1.0,3853,1278,31600,0.01000000000000002
7,32885,3195,1.0,3854,1278,31607,0.01000000000000002
7,32892,3196,1.0,3855,1278,31614,0.010000000000000018
25,32917,3197,1.0,3856,1279,31638,0.010000000000000018
7,32924,3198,1.0,3857,1279,31645,0.010000000000000018
7,32931,3199,1.0,3858,1279,31652,0.010000000000000018
7,32938,3200,1.0,3859,1279,31659,0.010000000000000018
24,32962,3201,1.0,3860,1279,31683,0.010000000000000018
7,32969,3202,1.0,3861,1279,31690,0.010000000000000018
7,32976,3203,1.0,3862,1279,31697,0.010000000000000018
7,32983,3204,1.0,3863,1279,31704,0.010000000000000018
24,33007,3205,1.0,3864,1280,31727,0.010000000000000018
9,33016,3205,0.0,3865,1280,31736,0.010000000000000016
7,33023,3206,1.0,3866,1280,31743,0.010000000000000016
7,33030,3207,1.0,3867,1280,31750,0.010000000000000016
7,33037,3208,1.0,3868,1280,31757,0.010000000000000016
7,33044,3209,1.0,3869,1280,31764,0.010000000000000016
10,33054,3209,0.0,3870,1281,31773,0.010000000000000016
2,33056,3209,0.0,3871,1281,31775,0.010000000000000016
7,33063,3210,1.0,3872,1281,31782,0.010000000000000016
7,33070,3211,1.0,3873,1281,31789,0.010000000000000016
7,33077,3212,1.0,3874,1281,31796,0.010000000000000016
7,33084,3213,1.0,3875,1281,31803,0.010000000000000016
7,33091,3214,1.0,3876,1281,31810,0.010000000000000014
7,33098,3215,1.0,3877,1281,31817,0.010000000000000014
7,33105,3216,1.0,3878,1281,31824,0.010000000000000014
7,33112,3217,1.0,3879,1281,31831,0.010000000000000014
7,33119,3218,1.0,3880,1281,31838,0.010000000000000014
20,33139,3218,0.0,3881,1282,31857,0.010000000000000014
7,33146,3219,1.0,3882,1282,31864,0.010000000000000014
7,33153,3220,1.0,3883,1282,31871,0.010000000000000014
7,33160,3221,1.0,3884,1282,31878,0.010000000000000014
24,33184,3222,1.0,3885,1282,31902,0.010000000000000014
24,33208,3223,1.0,3886,1283,31925,0.010000000000000014
7,33215,3224,1.0,3887,1283,31932,0.010000000000000014
28,33243,3225,1.0,3888,1285,31958,0.010000000000000014
23,33266,3225,0.0,3889,1286,31980,0.010000000000000012
28,33294,3226,1.0,3890,1286,32008,0.010000000000000012
10,33304,3226,0.0,3891,1286,32018,0.010000000000000012
2,33306,3226,0.0,3892,1286,32020,0.010000000000000012
9,33315,3226,0.0,3893,1286,32029,0.010000000000000012
11,33326,3226,0.0,3894,1286,32040,0.010000000000000012
16,33342,3226,0.0,3895,1286,32056,0.010000000000000012
28,33370,3227,1.0,3896,1287,32083,0.010000000000000012
28,33398,3228,1.0,3897,1287,32111,0.010000000000000012
27,33425,3228,0.0,3898,1288,32137,0.010000000000000012
24,33449,3229,1.0,3899,1288,32161,0.010000000000000012
24,33473,3230,1.0,3900,1289,32184,0.010000000000000012
24,33497,3231,1.0,3901,1289,32208,0.010000000000000012
24,33521,3232,1.0,3902,1289,32232,0.010000000000000012
17,33538,3232,0.0,3903,1290,32248,0.01000000000000001
16,33554,3233,1.0,3904,1290,32264,0.01000000000000001
8,33562,3234,1.0,3905,1290,32272,0.01000000000000001
8,33570,3235,1.0,3906,1290,32280,0.01000000000000001
8,33578,3236,1.0,3907,1290,32288,0.01000000000000001
8,33586,3237,1.0,3908,1290,32296,0.01000000000000001
8,33594,3238,1.0,3909,1290,32304,0.01000000000000001
8,33602,3239,1.0,3910,1290,32312,0.01000000000000001
8,33610,3240,1.0,3911,1290,32320,0.01000000000000001
8,33618,3241,1.0,3912,1290,32328,0.01000000000000001
8,33626,3242,1.0,3913,1290,32336,0.01000000000000001
8,33634,3243,1.0,3914,1290,32344,0.01000000000000001
8,33642,3244,1.0,3915,1290,32352,0.01000000000000001
8,33650,3245,1.0,3916,1290,32360,0.01000000000000001
8,33658,3246,1.0,3917,1290,32368,0.01000000000000001
8,33666,3247,1.0,3918,1290,32376,0.01000000000000001
6,33672,3247,0.0,3919,1291,32381,0.01000000000000001
8,33680,3248,1.0,3920,1291,32389,0.010000000000000009
8,33688,3249,1.0,3921,1291,32397,0.010000000000000009
8,33696,3250,1.0,3922,1291,32405,0.010000000000000009
8,33704,3251,1.0,3923,1291,32413,0.010000000000000009
8,33712,3252,1.0,3924,1291,32421,0.010000000000000009
8,33720,3253,1.0,3925,1291,32429,0.010000000000000009
8,33728,3254,1.0,3926,1291,32437,0.010000000000000009
8,33736,3255,1.0,3927,1291,32445,0.010000000000000009
8,33744,3256,1.0,3928,1291,32453,0.010000000000000009
8,33752,3257,1.0,3929,1291,32461,0.010000000000000009
8,33760,3258,1.0,3930,1291,32469,0.010000000000000009
8,33768,3259,1.0,3931,1291,32477,0.010000000000000009
8,33776,3260,1.0,3932,1291,32485,0.010000000000000009
8,33784,3261,1.0,3933,1291,32493,0.010000000000000009
8,33792,3262,1.0,3934,1291,32501,0.010000000000000009
8,33800,3263,1.0,3935,1291,32509,0.010000000000000009
8,33808,3264,1.0,3936,1291,32517,0.010000000000000009
8,33816,3265,1.0,3937,1291,32525,0.010000000000000009
8,33824,3266,1.0,3938,1291,32533,0.010000000000000009
8,33832,3267,1.0,3939,1291,32541,0.010000000000000009
8,33840,3268,1.0,3940,1291,32549,0.010000000000000007
8,33848,3269,1.0,3941,1291,32557,0.010000000000000007
8,33856,3270,1.0,3942,1291,32565,0.010000000000000007
8,33864,3271,1.0,3943,1291,32573,0.010000000000000007
8,33872,3272,1.0,3944,1291,32581,0.010000000000000007
8,33880,3273,1.0,3945,1291,32589,0.010000000000000007
8,33888,3274,1.0,3946,1291,32597,0.010000000000000007
8,33896,3275,1.0,3947,1291,32605,0.010000000000000007
8,33904,3276,1.0,3948,1291,32613,0.010000000000000007
8,33912,3277,1.0,3949,1291,32621,0.010000000000000007
8,33920,3278,1.0,3950,1291,32629,0.010000000000000007
8,33928,3279,1.0,3951,1291,32637,0.010000000000000007
8,33936,3280,1.0,3952,1291,32645,0.010000000000000007
8,33944,3281,1.0,3953,1292,32652,0.010000000000000007
8,33952,3282,1.0,3954,1292,32660,0.010000000000000007
8,33960,3283,1.0,3955,1292,32668,0.010000000000000007
8,33968,3284,1.0,3956,1292,32676,0.010000000000000007
8,33976,3285,1.0,3957,1292,32684,0.010000000000000007
8,33984,3286,1.0,3958,1292,32692,0.010000000000000007
8,33992,3287,1.0,3959,1292,32700,0.010000000000000007
8,34000,3288,1.0,3960,1292,32708,0.010000000000000007
8,34008,3289,1.0,3961,1292,32716,0.010000000000000007
8,34016,3290,1.0,3962,1292,32724,0.010000000000000007
8,34024,3291,1.0,3963,1292,32732,0.010000000000000007
8,34032,3292,1.0,3964,1292,32740,0.010000000000000007
8,34040,3293,1.0,3965,1292,32748,0.010000000000000005
8,34048,3294,1.0,3966,1292,32756,0.010000000000000005
8,34056,3295,1.0,3967,1292,32764,0.010000000000000005
8,34064,3296,1.0,3968,1292,32772,0.010000000000000005
8,34072,3297,1.0,3969,1292,32780,0.010000000000000005
8,34080,3298,1.0,3970,1292,32788,0.010000000000000005
8,34088,3299,1.0,3971,1292,32796,0.010000000000000005
8,34096,3300,1.0,3972,1292,32804,0.010000000000000005
8,34104,3301,1.0,3973,1292,32812,0.010000000000000005
8,34112,3302,1.0,3974,1292,32820,0.010000000000000005
8,34120,3303,1.0,3975,1292,32828,0.010000000000000005
8,34128,3304,1.0,3976,1292,32836,0.010000000000000005
8,34136,3305,1.0,3977,1292,32844,0.010000000000000005
8,34144,3306,1.0,3978,1292,32852,0.010000000000000005
8,34152,3307,1.0,3979,1292,32860,0.010000000000000005
8,34160,3308,1.0,3980,1292,32868,0.010000000000000005
8,34168,3309,1.0,3981,1292,32876,0.010000000000000005
8,34176,3310,1.0,3982,1292,32884,0.010000000000000005
8,34184,3311,1.0,3983,1292,32892,0.010000000000000005
8,34192,3312,1.0,3984,1292,32900,0.010000000000000005
8,34200,3313,1.0,3985,1292,32908,0.010000000000000005
8,34208,3314,1.0,3986,1292,32916,0.010000000000000005
8,34216,3315,1.0,3987,1292,32924,0.010000000000000005
8,34224,3316,1.0,3988,1292,32932,0.010000000000000005
8,34232,3317,1.0,3989,1292,32940,0.010000000000000005
8,34240,3318,1.0,3990,1292,32948,0.010000000000000005
8,34248,3319,1.0,3991,1292,32956,0.010000000000000005
16,34264,3320,1.0,3992,1293,32971,0.010000000000000005
8,34272,3321,1.0,3993,1293,32979,0.010000000000000005
8,34280,3322,1.0,3994,1294,32986,0.010000000000000005
8,34288,3323,1.0,3995,1294,32994,0.010000000000000005
9,34297,3323,0.0,3996,1294,33003,0.010000000000000005
8,34305,3324,1.0,3997,1294,33011,0.010000000000000005
8,34313,3325,1.0,3998,1294,33019,0.010000000000000004
8,34321,3326,1.0,3999,1294,33027,0.010000000000000004
8,34329,3327,1.0,4000,1294,33035,0.010000000000000004
8,34337,3328,1.0,4001,1294,33043,0.010000000000000004
8,34345,3329,1.0,4002,1294,33051,0.010000000000000004
8,34353,3330,1.0,4003,1294,33059,0.010000000000000004
8,34361,3331,1.0,4004,1294,33067,0.010000000000000004
8,34369,3332,1.0,4005,1294,33075,0.010000000000000004
8,34377,3333,1.0,4006,1294,33083,0.010000000000000004
8,34385,3334,1.0,4007,1294,33091,0.010000000000000004
8,34393,3335,1.0,4008,1294,33099,0.010000000000000004
8,34401,3336,1.0,4009,1294,33107,0.010000000000000004
8,34409,3337,1.0,4010,1294,33115,0.010000000000000004
8,34417,3338,1.0,4011,1294,33123,0.010000000000000004
8,34425,3339,1.0,4012,1294,33131,0.010000000000000004
8,34433,3340,1.0,4013,1294,33139,0.010000000000000004
8,34441,3341,1.0,4014,1294,33147,0.010000000000000004
8,34449,3342,1.0,4015,1294,33155,0.010000000000000004
8,34457,3343,1.0,4016,1294,33163,0.010000000000000004
8,34465,3344,1.0,4017,1294,33171,0.010000000000000004
8,34473,3345,1.0,4018,1294,33179,0.010000000000000004
8,34481,3346,1.0,4019,1294,33187,0.010000000000000004
8,34489,3347,1.0,4020,1294,33195,0.010000000000000004
8,34497,3348,1.0,4021,1294,33203,0.010000000000000004
8,34505,3349,1.0,4022,1294,33211,0.010000000000000004
8,34513,3350,1.0,4023,1294,33219,0.010000000000000004
8,34521,3351,1.0,4024,1294,33227,0.010000000000000004
8,34529,3352,1.0,4025,1294,33235,0.010000000000000004
8,34537,3353,1.0,4026,1294,33243,0.010000000000000004
8,34545,3354,1.0,4027,1294,33251,0.010000000000000004
8,34553,3355,1.0,4028,1294,33259,0.010000000000000004
8,34561,3356,1.0,4029,1294,33267,0.010000000000000004
8,34569,3357,1.0,4030,1294,33275,0.010000000000000004
8,34577,3358,1.0,4031,1294,33283,0.010000000000000004
8,34585,3359,1.0,4032,1294,33291,0.010000000000000004
8,34593,3360,1.0,4033,1294,33299,0.010000000000000004
8,34601,3361,1.0,4034,1294,33307,0.010000000000000004
8,34609,3362,1.0,4035,1294,33315,0.010000000000000004
8,34617,3363,1.0,4036,1294,33323,0.010000000000000004
8,34625,3364,1.0,4037,1294,33331,0.010000000000000004
8,34633,3365,1.0,4038,1294,33339,0.010000000000000004
8,34641,3366,1.0,4039,1294,33347,0.010000000000000004
8,34649,3367,1.0,4040,1294,33355,0.010000000000000004
8,34657,3368,1.0,4041,1294,33363,0.010000000000000004
9,34666,3368,0.0,4042,1295,33371,0.010000000000000004
8,34674,3369,1.0,4043,1295,33379,0.010000000000000004
8,34682,3370,1.0,4044,1295,33387,0.010000000000000004
8,34690,3371,1.0,4045,1295,33395,0.010000000000000004
8,34698,3372,1.0,4046,1295,33403,0.010000000000000004
8,34706,3373,1.0,4047,1295,33411,0.010000000000000004
8,34714,3374,1.0,4048,1295,33419,0.010000000000000004
8,34722,3375,1.0,4049,1296,33426,0.010000000000000004
8,34730,3376,1.0,4050,1296,33434,0.010000000000000002
8,34738,3377,1.0,4051,1296,33442,0.010000000000000002
8,34746,3378,1.0,4052,1296,33450,0.010000000000000002
8,34754,3379,1.0,4053,1296,33458,0.010000000000000002
8,34762,3380,1.0,4054,1296,33466,0.010000000000000002
8,34770,3381,1.0,4055,1296,33474,0.010000000000000002
8,34778,3382,1.0,4056,1296,33482,0.010000000000000002
8,34786,3383,1.0,4057,1296,33490,0.010000000000000002
8,34794,3384,1.0,4058,1296,33498,0.010000000000000002
8,34802,3385,1.0,4059,1296,33506,0.010000000000000002
8,34810,3386,1.0,4060,1296,33514,0.010000000000000002
8,34818,3387,1.0,4061,1296,33522,0.010000000000000002
8,34826,3388,1.0,4062,1296,33530,0.010000000000000002
8,34834,3389,1.0,4063,1296,33538,0.010000000000000002
8,34842,3390,1.0,4064,1296,33546,0.010000000000000002
8,34850,3391,1.0,4065,1296,33554,0.010000000000000002
8,34858,3392,1.0,4066,1296,33562,0.010000000000000002
8,34866,3393,1.0,4067,1296,33570,0.010000000000000002
8,34874,3394,1.0,4068,1296,33578,0.010000000000000002
8,34882,3395,1.0,4069,1296,33586,0.010000000000000002
8,34890,3396,1.0,4070,1296,33594,0.010000000000000002
8,34898,3397,1.0,4071,1296,33602,0.010000000000000002
8,34906,3398,1.0,4072,1296,33610,0.010000000000000002
9,34915,3398,0.0,4073,1297,33618,0.010000000000000002
8,34923,3399,1.0,4074,1297,33626,0.010000000000000002
8,34931,3400,1.0,4075,1297,33634,0.010000000000000002
9,34940,3400,0.0,4076,1297,33643,0.010000000000000002
9,34949,3400,0.0,4077,1297,33652,0.010000000000000002
9,34958,3400,0.0,4078,1297,33661,0.010000000000000002
8,34966,3400,0.0,4079,1297,33669,0.010000000000000002
7,34973,3400,0.0,4080,1298,33675,0.010000000000000002
9,34982,3400,0.0,4081,1298,33684,0.010000000000000002
9,34991,3400,0.0,4082,1298,33693,0.010000000000000002
9,35000,3400,0.0,4083,1298,33702,0.010000000000000002
8,35008,3401,1.0,4084,1298,33710,0.010000000000000002
8,35016,3402,1.0,4085,1298,33718,0.010000000000000002
8,35024,3403,1.0,4086,1298,33726,0.010000000000000002
8,35032,3404,1.0,4087,1299,33733,0.010000000000000002
8,35040,3405,1.0,4088,1299,33741,0.010000000000000002
8,35048,3406,1.0,4089,1299,33749,0.010000000000000002
8,35056,3407,1.0,4090,1299,33757,0.010000000000000002
8,35064,3408,1.0,4091,1299,33765,0.010000000000000002
8,35072,3409,1.0,4092,1299,33773,0.010000000000000002
8,35080,3410,1.0,4093,1299,33781,0.010000000000000002
8,35088,3411,1.0,4094,1299,33789,0.010000000000000002
8,35096,3412,1.0,4095,1299,33797,0.010000000000000002
8,35104,3413,1.0,4096,1299,33805,0.010000000000000002
8,35112,3414,1.0,4097,1299,33813,0.010000000000000002
8,35120,3415,1.0,4098,1299,33821,0.010000000000000002
8,35128,3416,1.0,4099,1299,33829,0.010000000000000002
8,35136,3417,1.0,4100,1299,33837,0.010000000000000002
8,35144,3418,1.0,4101,1299,33845,0.010000000000000002
8,35152,3419,1.0,4102,1299,33853,0.010000000000000002
8,35160,3420,1.0,4103,1299,33861,0.010000000000000002
8,35168,3421,1.0,4104,1299,33869,0.010000000000000002
8,35176,3422,1.0,4105,1299,33877,0.010000000000000002
8,35184,3423,1.0,4106,1299,33885,0.010000000000000002
8,35192,3424,1.0,4107,1299,33893,0.010000000000000002
8,35200,3425,1.0,4108,1299,33901,0.010000000000000002
8,35208,3426,1.0,4109,1299,33909,0.010000000000000002
8,35216,3427,1.0,4110,1299,33917,0.010000000000000002
8,35224,3428,1.0,4111,1299,33925,0.010000000000000002
8,35232,3429,1.0,4112,1299,33933,0.010000000000000002
8,35240,3430,1.0,4113,1299,33941,0.010000000000000002
8,35248,3431,1.0,4114,1299,33949,0.010000000000000002
8,35256,3432,1.0,4115,1299,33957,0.010000000000000002
8,35264,3433,1.0,4116,1299,33965,0.010000000000000002
8,35272,3434,1.0,4117,1299,33973,0.010000000000000002
8,35280,3435,1.0,4118,1299,33981,0.010000000000000002
8,35288,3436,1.0,4119,1299,33989,0.010000000000000002
8,35296,3437,1.0,4120,1299,33997,0.010000000000000002
8,35304,3438,1.0,4121,1299,34005,0.010000000000000002
8,35312,3439,1.0,4122,1299,34013,0.010000000000000002
8,35320,3440,1.0,4123,1299,34021,0.010000000000000002
8,35328,3441,1.0,4124,1299,34029,0.010000000000000002
8,35336,3442,1.0,4125,1299,34037,0.010000000000000002
8,35344,3443,1.0,4126,1299,34045,0.010000000000000002
8,35352,3444,1.0,4127,1299,34053,0.010000000000000002
8,35360,3445,1.0,4128,1299,34061,0.010000000000000002
8,35368,3446,1.0,4129,1299,34069,0.010000000000000002
8,35376,3447,1.0,4130,1299,34077,0.010000000000000002
8,35384,3448,1.0,4131,1299,34085,0.010000000000000002
8,35392,3449,1.0,4132,1299,34093,0.010000000000000002
8,35400,3450,1.0,4133,1299,34101,0.010000000000000002
8,35408,3451,1.0,4134,1299,34109,0.010000000000000002
8,35416,3452,1.0,4135,1299,34117,0.010000000000000002
8,35424,3453,1.0,4136,1299,34125,0.010000000000000002
6,35430,3453,0.0,4137,1300,34130,0.010000000000000002
8,35438,3454,1.0,4138,1300,34138,0.010000000000000002
8,35446,3455,1.0,4139,1300,34146,0.010000000000000002
8,35454,3456,1.0,4140,1300,34154,0.010000000000000002
8,35462,3457,1.0,4141,1300,34162,0.010000000000000002
8,35470,3458,1.0,4142,1300,34170,0.010000000000000002
8,35478,3459,1.0,4143,1300,34178,0.010000000000000002
8,35486,3460,1.0,4144,1300,34186,0.010000000000000002
8,35494,3461,1.0,4145,1300,34194,0.010000000000000002
8,35502,3462,1.0,4146,1300,34202,0.010000000000000002
8,35510,3463,1.0,4147,1300,34210,0.010000000000000002
8,35518,3464,1.0,4148,1300,34218,0.010000000000000002
8,35526,3465,1.0,4149,1300,34226,0.010000000000000002
8,35534,3466,1.0,4150,1300,34234,0.010000000000000002
8,35542,3467,1.0,4151,1300,34242,0.010000000000000002
8,35550,3468,1.0,4152,1300,34250,0.010000000000000002
8,35558,3469,1.0,4153,1300,34258,0.010000000000000002
8,35566,3470,1.0,4154,1300,34266,0.010000000000000002
8,35574,3471,1.0,4155,1300,34274,0.010000000000000002
8,35582,3472,1.0,4156,1300,34282,0.010000000000000002
8,35590,3473,1.0,4157,1300,34290,0.010000000000000002
8,35598,3474,1.0,4158,1300,34298,0.010000000000000002
8,35606,3475,1.0,4159,1300,34306,0.01
8,35614,3476,1.0,4160,1300,34314,0.01
8,35622,3477,1.0,4161,1300,34322,0.01
8,35630,3478,1.0,4162,1300,34330,0.01
8,35638,3479,1.0,4163,1300,34338,0.01
8,35646,3480,1.0,4164,1300,34346,0.01
8,35654,3481,1.0,4165,1300,34354,0.01
8,35662,3482,1.0,4166,1300,34362,0.01
8,35670,3483,1.0,4167,1300,34370,0.01
8,35678,3484,1.0,4168,1300,34378,0.01
8,35686,3485,1.0,4169,1300,34386,0.01
8,35694,3486,1.0,4170,1300,34394,0.01
8,35702,3487,1.0,4171,1300,34402,0.01
8,35710,3488,1.0,4172,1300,34410,0.01
16,35726,3489,1.0,4173,1301,34425,0.01
8,35734,3490,1.0,4174,1301,34433,0.01
8,35742,3491,1.0,4175,1301,34441,0.01
8,35750,3492,1.0,4176,1301,34449,0.01
8,35758,3493,1.0,4177,1301,34457,0.01
8,35766,3494,1.0,4178,1301,34465,0.01
8,35774,3495,1.0,4179,1301,34473,0.01
8,35782,3496,1.0,4180,1301,34481,0.01
8,35790,3497,1.0,4181,1301,34489,0.01
8,35798,3498,1.0,4182,1301,34497,0.01
8,35806,3499,1.0,4183,1301,34505,0.01
7,35813,3499,0.0,4184,1302,34511,0.01
8,35821,3500,1.0,4185,1302,34519,0.01
8,35829,3501,1.0,4186,1302,34527,0.01
8,35837,3502,1.0,4187,1302,34535,0.01
8,35845,3503,1.0,4188,1302,34543,0.01
8,35853,3504,1.0,4189,1302,34551,0.01
8,35861,3505,1.0,4190,1302,34559,0.01
8,35869,3506,1.0,4191,1302,34567,0.01
8,35877,3507,1.0,4192,1302,34575,0.01
8,35885,3508,1.0,4193,1302,34583,0.01
8,35893,3509,1.0,4194,1302,34591,0.01
8,35901,3510,1.0,4195,1302,34599,0.01
8,35909,3511,1.0,4196,1302,34607,0.01
9,35918,3511,0.0,4197,1303,34615,0.01
8,35926,3512,1.0,4198,1303,34623,0.01
8,35934,3513,1.0,4199,1303,34631,0.01
8,35942,3514,1.0,4200,1303,34639,0.01
8,35950,3515,1.0,4201,1303,34647,0.01
8,35958,3516,1.0,4202,1303,34655,0.01
9,35967,3516,0.0,4203,1304,34663,0.01
8,35975,3517,1.0,4204,1304,34671,0.01
8,35983,3518,1.0,4205,1304,34679,0.01
8,35991,3519,1.0,4206,1304,34687,0.01
8,35999,3520,1.0,4207,1304,34695,0.01
8,36007,3521,1.0,4208,1304,34703,0.01
8,36015,3522,1.0,4209,1304,34711,0.01
8,36023,3523,1.0,4210,1304,34719,0.01
8,36031,3524,1.0,4211,1304,34727,0.01
8,36039,3525,1.0,4212,1304,34735,0.01
8,36047,3526,1.0,4213,1304,34743,0.01
8,36055,3527,1.0,4214,1304,34751,0.01
8,36063,3528,1.0,4215,1304,34759,0.01
8,36071,3529,1.0,4216,1304,34767,0.01
8,36079,3530,1.0,4217,1304,34775,0.01
8,36087,3531,1.0,4218,1304,34783,0.01
8,36095,3532,1.0,4219,1304,34791,0.01
8,36103,3533,1.0,4220,1304,34799,0.01
8,36111,3534,1.0,4221,1304,34807,0.01
8,36119,3535,1.0,4222,1304,34815,0.01
9,36128,3535,0.0,4223,1305,34823,0.01
8,36136,3536,1.0,4224,1305,34831,0.01
8,36144,3537,1.0,4225,1305,34839,0.01
8,36152,3538,1.0,4226,1305,34847,0.01
8,36160,3539,1.0,4227,1305,34855,0.01
8,36168,3540,1.0,4228,1305,34863,0.01
8,36176,3541,1.0,4229,1305,34871,0.01
8,36184,3542,1.0,4230,1305,34879,0.01
8,36192,3543,1.0,4231,1305,34887,0.01
8,36200,3544,1.0,4232,1305,34895,0.01
8,36208,3545,1.0,4233,1305,34903,0.01
8,36216,3546,1.0,4234,1305,34911,0.01
8,36224,3547,1.0,4235,1305,34919,0.01
8,36232,3548,1.0,4236,1305,34927,0.01
8,36240,3549,1.0,4237,1305,34935,0.01
8,36248,3550,1.0,4238,1305,34943,0.01
8,36256,3551,1.0,4239,1305,34951,0.01
8,36264,3552,1.0,4240,1305,34959,0.01
8,36272,3553,1.0,4241,1305,34967,0.01
8,36280,3554,1.0,4242,1305,34975,0.01
8,36288,3555,1.0,4243,1305,34983,0.01
8,36296,3556,1.0,4244,1305,34991,0.01
8,36304,3557,1.0,4245,1305,34999,0.01
8,36312,3558,1.0,4246,1305,35007,0.01
8,36320,3559,1.0,4247,1305,35015,0.01
8,36328,3560,1.0,4248,1305,35023,0.01
8,36336,3561,1.0,4249,1305,35031,0.01
8,36344,3562,1.0,4250,1305,35039,0.01
8,36352,3563,1.0,4251,1305,35047,0.01
8,36360,3564,1.0,4252,1305,35055,0.01
8,36368,3565,1.0,4253,1305,35063,0.01
8,36376,3566,1.0,4254,1305,35071,0.01
8,36384,3567,1.0,4255,1306,35078,0.01
8,36392,3568,1.0,4256,1306,35086,0.01
9,36401,3568,0.0,4257,1307,35094,0.01
8,36409,3569,1.0,4258,1307,35102,0.01
8,36417,3570,1.0,4259,1307,35110,0.01
8,36425,3571,1.0,4260,1307,35118,0.01
8,36433,3572,1.0,4261,1307,35126,0.01
8,36441,3573,1.0,4262,1307,35134,0.01
8,36449,3574,1.0,4263,1307,35142,0.01
8,36457,3575,1.0,4264,1307,35150,0.01
6,36463,3575,0.0,4265,1308,35155,0.01
8,36471,3576,1.0,4266,1308,35163,0.01
8,36479,3577,1.0,4267,1308,35171,0.01
8,36487,3578,1.0,4268,1308,35179,0.01
8,36495,3579,1.0,4269,1308,35187,0.01
8,36503,3580,1.0,4270,1308,35195,0.01
8,36511,3581,1.0,4271,1308,35203,0.01
8,36519,3582,1.0,4272,1308,35211,0.01
8,36527,3583,1.0,4273,1308,35219,0.01
8,36535,3584,1.0,4274,1308,35227,0.01
8,36543,3585,1.0,4275,1308,35235,0.01
8,36551,3586,1.0,4276,1308,35243,0.01
8,36559,3587,1.0,4277,1308,35251,0.01
8,36567,3588,1.0,4278,1308,35259,0.01
8,36575,3589,1.0,4279,1308,35267,0.01
8,36583,3590,1.0,4280,1308,35275,0.01
8,36591,3591,1.0,4281,1308,35283,0.01
8,36599,3592,1.0,4282,1308,35291,0.01
8,36607,3593,1.0,4283,1308,35299,0.01
8,36615,3594,1.0,4284,1308,35307,0.01
8,36623,3595,1.0,4285,1308,35315,0.01
16,36639,3596,1.0,4286,1309,35330,0.01
9,36648,3596,0.0,4287,1310,35338,0.01
9,36657,3596,0.0,4288,1310,35347,0.01
9,36666,3596,0.0,4289,1310,35356,0.01
8,36674,3597,1.0,4290,1310,35364,0.01
9,36683,3597,0.0,4291,1310,35373,0.01
10,36693,3598,1.0,4292,1310,35383,0.01
9,36702,3598,0.0,4293,1310,35392,0.01
18,36720,3598,0.0,4294,1311,35409,0.01
9,36729,3599,1.0,4295,1311,35418,0.01
7,36736,3599,0.0,4296,1312,35424,0.01
9,36745,3600,1.0,4297,1312,35433,0.01
9,36754,3601,1.0,4298,1312,35442,0.01
9,36763,3602,1.0,4299,1312,35451,0.01
9,36772,3603,1.0,4300,1312,35460,0.01
9,36781,3604,1.0,4301,1312,35469,0.01
9,36790,3605,1.0,4302,1312,35478,0.01
9,36799,3606,1.0,4303,1312,35487,0.01
9,36808,3607,1.0,4304,1312,35496,0.01
9,36817,3608,1.0,4305,1312,35505,0.01
9,36826,3609,1.0,4306,1312,35514,0.01
9,36835,3610,1.0,4307,1312,35523,0.01
9,36844,3611,1.0,4308,1312,35532,0.01
9,36853,3612,1.0,4309,1312,35541,0.01
9,36862,3613,1.0,4310,1312,35550,0.01
9,36871,3614,1.0,4311,1312,35559,0.01
9,36880,3615,1.0,4312,1312,35568,0.01
9,36889,3616,1.0,4313,1312,35577,0.01
9,36898,3617,1.0,4314,1312,35586,0.01
9,36907,3618,1.0,4315,1312,35595,0.01
9,36916,3619,1.0,4316,1312,35604,0.01
9,36925,3620,1.0,4317,1313,35612,0.01
9,36934,3621,1.0,4318,1313,35621,0.01
9,36943,3622,1.0,4319,1313,35630,0.01
9,36952,3623,1.0,4320,1313,35639,0.01
9,36961,3624,1.0,4321,1313,35648,0.01
9,36970,3625,1.0,4322,1313,35657,0.01
9,36979,3625,0.0,4323,1314,35665,0.01
9,36988,3625,0.0,4324,1315,35673,0.01
9,36997,3626,1.0,4325,1315,35682,0.01
9,37006,3627,1.0,4326,1315,35691,0.01
9,37015,3628,1.0,4327,1315,35700,0.01
9,37024,3628,0.0,4328,1315,35709,0.01
9,37033,3629,1.0,4329,1315,35718,0.01
9,37042,3630,1.0,4330,1315,35727,0.01
9,37051,3630,0.0,4331,1315,35736,0.01
9,37060,3630,0.0,4332,1315,35745,0.01
9,37069,3630,0.0,4333,1316,35753,0.01
16,37085,3631,1.0,4334,1316,35769,0.01
8,37093,3632,1.0,4335,1316,35777,0.01
8,37101,3633,1.0,4336,1316,35785,0.01
9,37110,3633,0.0,4337,1316,35794,0.01
8,37118,3634,1.0,4338,1316,35802,0.01
8,37126,3635,1.0,4339,1317,35809,0.01
9,37135,3635,0.0,4340,1317,35818,0.01
8,37143,3636,1.0,4341,1317,35826,0.01
8,37151,3637,1.0,4342,1317,35834,0.01
8,37159,3638,1.0,4343,1317,35842,0.01
8,37167,3639,1.0,4344,1317,35850,0.01
8,37175,3640,1.0,4345,1317,35858,0.01
8,37183,3641,1.0,4346,1317,35866,0.01
8,37191,3642,1.0,4347,1317,35874,0.01
8,37199,3643,1.0,4348,1317,35882,0.01
8,37207,3644,1.0,4349,1317,35890,0.01
8,37215,3645,1.0,4350,1317,35898,0.01
8,37223,3646,1.0,4351,1317,35906,0.01
8,37231,3647,1.0,4352,1317,35914,0.01
8,37239,3648,1.0,4353,1317,35922,0.01
8,37247,3649,1.0,4354,1317,35930,0.01
8,37255,3650,1.0,4355,1317,35938,0.01
8,37263,3651,1.0,4356,1317,35946,0.01
8,37271,3652,1.0,4357,1317,35954,0.01
8,37279,3653,1.0,4358,1317,35962,0.01
8,37287,3654,1.0,4359,1317,35970,0.01
8,37295,3655,1.0,4360,1317,35978,0.01
8,37303,3656,1.0,4361,1318,35985,0.01
8,37311,3657,1.0,4362,1318,35993,0.01
8,37319,3658,1.0,4363,1318,36001,0.01
8,37327,3659,1.0,4364,1318,36009,0.01
8,37335,3660,1.0,4365,1318,36017,0.01
8,37343,3661,1.0,4366,1318,36025,0.01
8,37351,3662,1.0,4367,1318,36033,0.01
8,37359,3663,1.0,4368,1318,36041,0.01
8,37367,3664,1.0,4369,1318,36049,0.01
8,37375,3665,1.0,4370,1318,36057,0.01
8,37383,3666,1.0,4371,1318,36065,0.01
8,37391,3667,1.0,4372,1318,36073,0.01
8,37399,3668,1.0,4373,1318,36081,0.01
8,37407,3669,1.0,4374,1318,36089,0.01
8,37415,3670,1.0,4375,1318,36097,0.01
8,37423,3671,1.0,4376,1318,36105,0.01
8,37431,3672,1.0,4377,1318,36113,0.01
16,37447,3673,1.0,4378,1319,36128,0.01
8,37455,3674,1.0,4379,1319,36136,0.01
8,37463,3675,1.0,4380,1319,36144,0.01
8,37471,3676,1.0,4381,1319,36152,0.01
8,37479,3677,1.0,4382,1319,36160,0.01
8,37487,3678,1.0,4383,1319,36168,0.01
8,37495,3679,1.0,4384,1319,36176,0.01
9,37504,3679,0.0,4385,1320,36184,0.01
6,37510,3679,0.0,4386,1321,36189,0.01
8,37518,3680,1.0,4387,1321,36197,0.01
8,37526,3681,1.0,4388,1321,36205,0.01
8,37534,3682,1.0,4389,1321,36213,0.01
8,37542,3683,1.0,4390,1321,36221,0.01
9,37551,3683,0.0,4391,1322,36229,0.01
8,37559,3684,1.0,4392,1322,36237,0.01
8,37567,3685,1.0,4393,1322,36245,0.01
8,37575,3686,1.0,4394,1323,36252,0.01
8,37583,3687,1.0,4395,1323,36260,0.01
8,37591,3688,1.0,4396,1323,36268,0.01
8,37599,3689,1.0,4397,1323,36276,0.01
8,37607,3690,1.0,4398,1323,36284,0.01
8,37615,3691,1.0,4399,1323,36292,0.01
8,37623,3692,1.0,4400,1323,36300,0.01
8,37631,3693,1.0,4401,1323,36308,0.01
8,37639,3694,1.0,4402,1323,36316,0.01
8,37647,3695,1.0,4403,1323,36324,0.01
8,37655,3696,1.0,4404,1323,36332,0.01
8,37663,3697,1.0,4405,1323,36340,0.01
8,37671,3698,1.0,4406,1323,36348,0.01
8,37679,3699,1.0,4407,1323,36356,0.01
8,37687,3700,1.0,4408,1323,36364,0.01
8,37695,3701,1.0,4409,1323,36372,0.01
8,37703,3702,1.0,4410,1323,36380,0.01
8,37711,3703,1.0,4411,1323,36388,0.01
8,37719,3704,1.0,4412,1323,36396,0.01
16,37735,3705,1.0,4413,1324,36411,0.01
9,37744,3705,0.0,4414,1325,36419,0.01
8,37752,3706,1.0,4415,1325,36427,0.01
8,37760,3707,1.0,4416,1325,36435,0.01
8,37768,3708,1.0,4417,1325,36443,0.01
8,37776,3709,1.0,4418,1325,36451,0.01
9,37785,3709,0.0,4419,1326,36459,0.01
8,37793,3710,1.0,4420,1326,36467,0.01
8,37801,3711,1.0,4421,1326,36475,0.01
8,37809,3712,1.0,4422,1326,36483,0.01
8,37817,3713,1.0,4423,1326,36491,0.01
8,37825,3714,1.0,4424,1326,36499,0.01
16,37841,3715,1.0,4425,1327,36514,0.01
8,37849,3716,1.0,4426,1327,36522,0.01
9,37858,3716,0.0,4427,1328,36530,0.01
8,37866,3717,1.0,4428,1328,36538,0.01
8,37874,3718,1.0,4429,1328,36546,0.01
8,37882,3719,1.0,4430,1328,36554,0.01
8,37890,3720,1.0,4431,1328,36562,0.01
8,37898,3721,1.0,4432,1328,36570,0.01
8,37906,3722,1.0,4433,1329,36577,0.01
8,37914,3723,1.0,4434,1329,36585,0.01
8,37922,3724,1.0,4435,1329,36593,0.01
8,37930,3725,1.0,4436,1329,36601,0.01
8,37938,3726,1.0,4437,1329,36609,0.01
8,37946,3727,1.0,4438,1329,36617,0.01
8,37954,3728,1.0,4439,1329,36625,0.01
8,37962,3729,1.0,4440,1329,36633,0.01
8,37970,3730,1.0,4441,1329,36641,0.01
8,37978,3731,1.0,4442,1329,36649,0.01
8,37986,3732,1.0,4443,1329,36657,0.01
8,37994,3733,1.0,4444,1329,36665,0.01
8,38002,3734,1.0,4445,1329,36673,0.01
8,38010,3735,1.0,4446,1329,36681,0.01
8,38018,3736,1.0,4447,1329,36689,0.01
8,38026,3737,1.0,4448,1329,36697,0.01
8,38034,3738,1.0,4449,1329,36705,0.01
8,38042,3739,1.0,4450,1329,36713,0.01
8,38050,3740,1.0,4451,1329,36721,0.01
8,38058,3741,1.0,4452,1329,36729,0.01
8,38066,3742,1.0,4453,1329,36737,0.01
8,38074,3743,1.0,4454,1329,36745,0.01
8,38082,3744,1.0,4455,1329,36753,0.01
8,38090,3745,1.0,4456,1329,36761,0.01
8,38098,3746,1.0,4457,1329,36769,0.01
8,38106,3747,1.0,4458,1329,36777,0.01
8,38114,3748,1.0,4459,1329,36785,0.01
8,38122,3749,1.0,4460,1329,36793,0.01
8,38130,3750,1.0,4461,1329,36801,0.01
8,38138,3751,1.0,4462,1329,36809,0.01
8,38146,3752,1.0,4463,1329,36817,0.01
8,38154,3753,1.0,4464,1329,36825,0.01
8,38162,3754,1.0,4465,1329,36833,0.01
8,38170,3755,1.0,4466,1329,36841,0.01
8,38178,3756,1.0,4467,1329,36849,0.01
8,38186,3757,1.0,4468,1329,36857,0.01
8,38194,3758,1.0,4469,1329,36865,0.01
8,38202,3759,1.0,4470,1329,36873,0.01
8,38210,3760,1.0,4471,1329,36881,0.01
8,38218,3761,1.0,4472,1329,36889,0.01
8,38226,3762,1.0,4473,1329,36897,0.01
8,38234,3763,1.0,4474,1329,36905,0.01
8,38242,3764,1.0,4475,1329,36913,0.01
8,38250,3765,1.0,4476,1329,36921,0.01
8,38258,3766,1.0,4477,1329,36929,0.01
8,38266,3767,1.0,4478,1329,36937,0.01
8,38274,3768,1.0,4479,1329,36945,0.01
8,38282,3769,1.0,4480,1329,36953,0.01
8,38290,3770,1.0,4481,1329,36961,0.01
8,38298,3771,1.0,4482,1329,36969,0.01
8,38306,3772,1.0,4483,1329,36977,0.01
8,38314,3773,1.0,4484,1329,36985,0.01
8,38322,3774,1.0,4485,1330,36992,0.01
8,38330,3775,1.0,4486,1330,37000,0.01
8,38338,3776,1.0,4487,1330,37008,0.01
8,38346,3777,1.0,4488,1330,37016,0.01
8,38354,3778,1.0,4489,1330,37024,0.01
8,38362,3779,1.0,4490,1330,37032,0.01
8,38370,3780,1.0,4491,1330,37040,0.01
8,38378,3781,1.0,4492,1330,37048,0.01
8,38386,3782,1.0,4493,1330,37056,0.01
8,38394,3783,1.0,4494,1330,37064,0.01
8,38402,3784,1.0,4495,1330,37072,0.01
9,38411,3784,0.0,4496,1331,37080,0.01
8,38419,3785,1.0,4497,1331,37088,0.01
8,38427,3786,1.0,4498,1331,37096,0.01
8,38435,3787,1.0,4499,1331,37104,0.01
8,38443,3788,1.0,4500,1331,37112,0.01
8,38451,3789,1.0,4501,1331,37120,0.01
8,38459,3790,1.0,4502,1331,37128,0.01
8,38467,3791,1.0,4503,1331,37136,0.01
8,38475,3792,1.0,4504,1331,37144,0.01
8,38483,3793,1.0,4505,1331,37152,0.01
8,38491,3794,1.0,4506,1331,37160,0.01
8,38499,3795,1.0,4507,1331,37168,0.01
16,38515,3796,1.0,4508,1332,37183,0.01
8,38523,3797,1.0,4509,1332,37191,0.01
8,38531,3798,1.0,4510,1332,37199,0.01
8,38539,3799,1.0,4511,1332,37207,0.01
8,38547,3800,1.0,4512,1332,37215,0.01
8,38555,3801,1.0,4513,1332,37223,0.01
8,38563,3802,1.0,4514,1332,37231,0.01
8,38571,3803,1.0,4515,1332,37239,0.01
8,38579,3804,1.0,4516,1332,37247,0.01
8,38587,3805,1.0,4517,1332,37255,0.01
8,38595,3806,1.0,4518,1332,37263,0.01
8,38603,3807,1.0,4519,1332,37271,0.01
8,38611,3808,1.0,4520,1332,37279,0.01
8,38619,3809,1.0,4521,1332,37287,0.01
8,38627,3810,1.0,4522,1332,37295,0.01
8,38635,3811,1.0,4523,1332,37303,0.01
8,38643,3812,1.0,4524,1332,37311,0.01
9,38652,3812,0.0,4525,1333,37319,0.01
8,38660,3813,1.0,4526,1333,37327,0.01
8,38668,3814,1.0,4527,1333,37335,0.01
8,38676,3815,1.0,4528,1333,37343,0.01
8,38684,3816,1.0,4529,1333,37351,0.01
8,38692,3817,1.0,4530,1333,37359,0.01
8,38700,3818,1.0,4531,1333,37367,0.01
8,38708,3819,1.0,4532,1333,37375,0.01
8,38716,3820,1.0,4533,1333,37383,0.01
8,38724,3821,1.0,4534,1333,37391,0.01
8,38732,3822,1.0,4535,1333,37399,0.01
8,38740,3823,1.0,4536,1333,37407,0.01
8,38748,3824,1.0,4537,1333,37415,0.01
8,38756,3825,1.0,4538,1333,37423,0.01
8,38764,3826,1.0,4539,1333,37431,0.01
8,38772,3827,1.0,4540,1333,37439,0.01
8,38780,3828,1.0,4541,1333,37447,0.01
8,38788,3829,1.0,4542,1333,37455,0.01
8,38796,3830,1.0,4543,1333,37463,0.01
8,38804,3831,1.0,4544,1333,37471,0.01
8,38812,3832,1.0,4545,1333,37479,0.01
8,38820,3833,1.0,4546,1333,37487,0.01
8,38828,3834,1.0,4547,1333,37495,0.01
8,38836,3835,1.0,4548,1333,37503,0.01
8,38844,3836,1.0,4549,1333,37511,0.01
8,38852,3837,1.0,4550,1333,37519,0.01
8,38860,3838,1.0,4551,1333,37527,0.01
8,38868,3839,1.0,4552,1333,37535,0.01
8,38876,3840,1.0,4553,1333,37543,0.01
8,38884,3841,1.0,4554,1333,37551,0.01
8,38892,3842,1.0,4555,1333,37559,0.01
8,38900,3843,1.0,4556,1333,37567,0.01
8,38908,3844,1.0,4557,1333,37575,0.01
8,38916,3845,1.0,4558,1333,37583,0.01
8,38924,3846,1.0,4559,1333,37591,0.01
8,38932,3847,1.0,4560,1333,37599,0.01
8,38940,3848,1.0,4561,1333,37607,0.01
8,38948,3849,1.0,4562,1333,37615,0.01
9,38957,3849,0.0,4563,1334,37623,0.01
8,38965,3850,1.0,4564,1334,37631,0.01
8,38973,3851,1.0,4565,1334,37639,0.01
4,38977,3851,0.0,4566,1335,37642,0.01
8,38985,3852,1.0,4567,1335,37650,0.01
8,38993,3853,1.0,4568,1335,37658,0.01
8,39001,3854,1.0,4569,1335,37666,0.01
8,39009,3855,1.0,4570,1335,37674,0.01
8,39017,3856,1.0,4571,1335,37682,0.01
8,39025,3857,1.0,4572,1335,37690,0.01
8,39033,3858,1.0,4573,1335,37698,0.01
8,39041,3859,1.0,4574,1335,37706,0.01
8,39049,3860,1.0,4575,1335,37714,0.01
8,39057,3861,1.0,4576,1335,37722,0.01
8,39065,3862,1.0,4577,1335,37730,0.01
8,39073,3863,1.0,4578,1335,37738,0.01
8,39081,3864,1.0,4579,1335,37746,0.01
8,39089,3865,1.0,4580,1335,37754,0.01
4,39093,3865,0.0,4581,1336,37757,0.01
8,39101,3866,1.0,4582,1336,37765,0.01
8,39109,3867,1.0,4583,1336,37773,0.01
8,39117,3868,1.0,4584,1336,37781,0.01
8,39125,3869,1.0,4585,1336,37789,0.01
8,39133,3870,1.0,4586,1336,37797,0.01
8,39141,3871,1.0,4587,1336,37805,0.01
8,39149,3872,1.0,4588,1336,37813,0.01
8,39157,3873,1.0,4589,1336,37821,0.01
8,39165,3874,1.0,4590,1336,37829,0.01
4,39169,3874,0.0,4591,1337,37832,0.01
8,39177,3875,1.0,4592,1337,37840,0.01
8,39185,3876,1.0,4593,1337,37848,0.01
8,39193,3877,1.0,4594,1337,37856,0.01
8,39201,3878,1.0,4595,1337,37864,0.01
8,39209,3879,1.0,4596,1337,37872,0.01
8,39217,3880,1.0,4597,1337,37880,0.01
8,39225,3881,1.0,4598,1337,37888,0.01
8,39233,3882,1.0,4599,1337,37896,0.01
8,39241,3883,1.0,4600,1337,37904,0.01
8,39249,3884,1.0,4601,1337,37912,0.01
8,39257,3885,1.0,4602,1337,37920,0.01
8,39265,3886,1.0,4603,1337,37928,0.01
8,39273,3887,1.0,4604,1337,37936,0.01
8,39281,3888,1.0,4605,1337,37944,0.01
8,39289,3889,1.0,4606,1337,37952,0.01
8,39297,3890,1.0,4607,1337,37960,0.01
8,39305,3891,1.0,4608,1337,37968,0.01
8,39313,3892,1.0,4609,1337,37976,0.01
8,39321,3893,1.0,4610,1337,37984,0.01
8,39329,3894,1.0,4611,1337,37992,0.01
8,39337,3895,1.0,4612,1337,38000,0.01
8,39345,3896,1.0,4613,1337,38008,0.01
8,39353,3897,1.0,4614,1337,38016,0.01
9,39362,3897,0.0,4615,1338,38024,0.01
8,39370,3898,1.0,4616,1338,38032,0.01
8,39378,3899,1.0,4617,1338,38040,0.01
8,39386,3900,1.0,4618,1338,38048,0.01
8,39394,3901,1.0,4619,1338,38056,0.01
8,39402,3902,1.0,4620,1338,38064,0.01
8,39410,3903,1.0,4621,1338,38072,0.01
8,39418,3904,1.0,4622,1338,38080,0.01
9,39427,3904,0.0,4623,1339,38088,0.01
8,39435,3905,1.0,4624,1339,38096,0.01
8,39443,3906,1.0,4625,1339,38104,0.01
8,39451,3907,1.0,4626,1339,38112,0.01
8,39459,3908,1.0,4627,1339,38120,0.01
8,39467,3909,1.0,4628,1339,38128,0.01
8,39475,3910,1.0,4629,1339,38136,0.01
8,39483,3911,1.0,4630,1339,38144,0.01
8,39491,3912,1.0,4631,1339,38152,0.01
8,39499,3913,1.0,4632,1339,38160,0.01
8,39507,3914,1.0,4633,1339,38168,0.01
8,39515,3915,1.0,4634,1339,38176,0.01
8,39523,3916,1.0,4635,1339,38184,0.01
8,39531,3917,1.0,4636,1339,38192,0.01
8,39539,3918,1.0,4637,1339,38200,0.01
8,39547,3919,1.0,4638,1339,38208,0.01
8,39555,3920,1.0,4639,1339,38216,0.01
8,39563,3921,1.0,4640,1339,38224,0.01
8,39571,3922,1.0,4641,1339,38232,0.01
8,39579,3923,1.0,4642,1339,38240,0.01
8,39587,3924,1.0,4643,1339,38248,0.01
16,39603,3925,1.0,4644,1340,38263,0.01
9,39612,3925,0.0,4645,1340,38272,0.01
8,39620,3926,1.0,4646,1340,38280,0.01
8,39628,3927,1.0,4647,1340,38288,0.01
9,39637,3927,0.0,4648,1341,38296,0.01
8,39645,3928,1.0,4649,1341,38304,0.01
9,39654,3928,0.0,4650,1341,38313,0.01
9,39663,3928,0.0,4651,1341,38322,0.01
9,39672,3928,0.0,4652,1341,38331,0.01
16,39688,3929,1.0,4653,1342,38346,0.01
16,39704,3929,0.0,4654,1343,38361,0.01
2,39706,3929,0.0,4655,1343,38363,0.01
30,39736,3929,0.0,4656,1343,38393,0.01
9,39745,3929,0.0,4657,1343,38402,0.01
9,39754,3929,0.0,4658,1343,38411,0.01
10,39764,3930,1.0,4659,1343,38421,0.01
9,39773,3930,0.0,4660,1343,38430,0.01
9,39782,3930,0.0,4661,1343,38439,0.01
8,39790,3930,0.0,4662,1343,38447,0.01
9,39799,3930,0.0,4663,1343,38456,0.01
9,39808,3930,0.0,4664,1343,38465,0.01
8,39816,3930,0.0,4665,1343,38473,0.01
9,39825,3931,1.0,4666,1343,38482,0.01
9,39834,3932,1.0,4667,1343,38491,0.01
9,39843,3933,1.0,4668,1343,38500,0.01
27,39870,3933,0.0,4669,1344,38526,0.01
30,39900,3933,0.0,4670,1344,38556,0.01
9,39909,3933,0.0,4671,1344,38565,0.01
9,39918,3933,0.0,4672,1344,38574,0.01
9,39927,3933,0.0,4673,1344,38583,0.01
30,39957,3933,0.0,4674,1344,38613,0.01
9,39966,3933,0.0,4675,1344,38622,0.01
14,39980,3934,1.0,4676,1344,38636,0.01
7,39987,3935,1.0,4677,1344,38643,0.01
7,39994,3936,1.0,4678,1344,38650,0.01
7,40001,3937,1.0,4679,1344,38657,0.01
7,40008,3938,1.0,4680,1344,38664,0.01
7,40015,3939,1.0,4681,1344,38671,0.01
7,40022,3940,1.0,4682,1344,38678,0.01
7,40029,3941,1.0,4683,1344,38685,0.01
7,40036,3942,1.0,4684,1344,38692,0.01
7,40043,3943,1.0,4685,1344,38699,0.01
7,40050,3944,1.0,4686,1344,38706,0.01
7,40057,3945,1.0,4687,1344,38713,0.01
7,40064,3946,1.0,4688,1344,38720,0.01
7,40071,3947,1.0,4689,1344,38727,0.01
7,40078,3948,1.0,4690,1344,38734,0.01
7,40085,3949,1.0,4691,1344,38741,0.01
7,40092,3950,1.0,4692,1344,38748,0.01
7,40099,3951,1.0,4693,1344,38755,0.01
7,40106,3952,1.0,4694,1344,38762,0.01
7,40113,3953,1.0,4695,1344,38769,0.01
7,40120,3954,1.0,4696,1344,38776,0.01
7,40127,3955,1.0,4697,1344,38783,0.01
7,40134,3956,1.0,4698,1344,38790,0.01
7,40141,3957,1.0,4699,1344,38797,0.01
7,40148,3958,1.0,4700,1344,38804,0.01
7,40155,3959,1.0,4701,1344,38811,0.01
7,40162,3960,1.0,4702,1344,38818,0.01
7,40169,3961,1.0,4703,1344,38825,0.01
7,40176,3962,1.0,4704,1344,38832,0.01
7,40183,3963,1.0,4705,1344,38839,0.01
7,40190,3964,1.0,4706,1344,38846,0.01
7,40197,3965,1.0,4707,1344,38853,0.01
7,40204,3966,1.0,4708,1344,38860,0.01
7,40211,3967,1.0,4709,1344,38867,0.01
7,40218,3968,1.0,4710,1344,38874,0.01
7,40225,3969,1.0,4711,1344,38881,0.01
7,40232,3970,1.0,4712,1344,38888,0.01
7,40239,3971,1.0,4713,1344,38895,0.01
7,40246,3972,1.0,4714,1344,38902,0.01
7,40253,3973,1.0,4715,1344,38909,0.01
7,40260,3974,1.0,4716,1344,38916,0.01
7,40267,3975,1.0,4717,1344,38923,0.01
7,40274,3976,1.0,4718,1344,38930,0.01
7,40281,3977,1.0,4719,1344,38937,0.01
7,40288,3978,1.0,4720,1344,38944,0.01
7,40295,3979,1.0,4721,1344,38951,0.01
7,40302,3980,1.0,4722,1344,38958,0.01
5,40307,3980,0.0,4723,1345,38962,0.01
7,40314,3981,1.0,4724,1345,38969,0.01
7,40321,3982,1.0,4725,1345,38976,0.01
7,40328,3983,1.0,4726,1345,38983,0.01
7,40335,3984,1.0,4727,1345,38990,0.01
7,40342,3985,1.0,4728,1345,38997,0.01
7,40349,3986,1.0,4729,1345,39004,0.01
9,40358,3986,0.0,4730,1346,39012,0.01
7,40365,3987,1.0,4731,1346,39019,0.01
7,40372,3988,1.0,4732,1346,39026,0.01
7,40379,3989,1.0,4733,1346,39033,0.01
7,40386,3990,1.0,4734,1346,39040,0.01
7,40393,3991,1.0,4735,1346,39047,0.01
7,40400,3992,1.0,4736,1346,39054,0.01
7,40407,3993,1.0,4737,1346,39061,0.01
7,40414,3994,1.0,4738,1346,39068,0.01
7,40421,3995,1.0,4739,1346,39075,0.01
7,40428,3996,1.0,4740,1346,39082,0.01
7,40435,3997,1.0,4741,1346,39089,0.01
7,40442,3998,1.0,4742,1346,39096,0.01
7,40449,3999,1.0,4743,1346,39103,0.01
9,40458,3999,0.0,4744,1347,39111,0.01
7,40465,4000,1.0,4745,1347,39118,0.01
7,40472,4001,1.0,4746,1347,39125,0.01
7,40479,4002,1.0,4747,1347,39132,0.01
7,40486,4003,1.0,4748,1347,39139,0.01
7,40493,4004,1.0,4749,1347,39146,0.01
7,40500,4005,1.0,4750,1347,39153,0.01
22,40522,4006,1.0,4751,1348,39174,0.01
9,40531,4006,0.0,4752,1348,39183,0.01
7,40538,4007,1.0,4753,1348,39190,0.01
7,40545,4008,1.0,4754,1348,39197,0.01
7,40552,4009,1.0,4755,1348,39204,0.01
7,40559,4010,1.0,4756,1348,39211,0.01
7,40566,4011,1.0,4757,1348,39218,0.01
7,40573,4012,1.0,4758,1348,39225,0.01
7,40580,4013,1.0,4759,1348,39232,0.01
7,40587,4014,1.0,4760,1348,39239,0.01
7,40594,4015,1.0,4761,1348,39246,0.01
7,40601,4016,1.0,4762,1348,39253,0.01
7,40608,4017,1.0,4763,1348,39260,0.01
7,40615,4018,1.0,4764,1348,39267,0.01
7,40622,4019,1.0,4765,1348,39274,0.01
7,40629,4020,1.0,4766,1348,39281,0.01
7,40636,4021,1.0,4767,1348,39288,0.01
7,40643,4022,1.0,4768,1348,39295,0.01
7,40650,4023,1.0,4769,1348,39302,0.01
7,40657,4024,1.0,4770,1348,39309,0.01
7,40664,4025,1.0,4771,1348,39316,0.01
7,40671,4026,1.0,4772,1348,39323,0.01
7,40678,4027,1.0,4773,1348,39330,0.01
7,40685,4028,1.0,4774,1348,39337,0.01
7,40692,4029,1.0,4775,1348,39344,0.01
7,40699,4030,1.0,4776,1348,39351,0.01
7,40706,4031,1.0,4777,1348,39358,0.01
7,40713,4032,1.0,4778,1348,39365,0.01
7,40720,4033,1.0,4779,1348,39372,0.01
7,40727,4034,1.0,4780,1348,39379,0.01
7,40734,4035,1.0,4781,1348,39386,0.01
7,40741,4036,1.0,4782,1348,39393,0.01
7,40748,4037,1.0,4783,1348,39400,0.01
7,40755,4038,1.0,4784,1348,39407,0.01
7,40762,4039,1.0,4785,1348,39414,0.01
7,40769,4040,1.0,4786,1348,39421,0.01
7,40776,4041,1.0,4787,1348,39428,0.01
7,40783,4042,1.0,4788,1348,39435,0.01
7,40790,4043,1.0,4789,1349,39441,0.01
7,40797,4044,1.0,4790,1349,39448,0.01
7,40804,4045,1.0,4791,1349,39455,0.01
7,40811,4046,1.0,4792,1349,39462,0.01
7,40818,4047,1.0,4793,1349,39469,0.01
7,40825,4048,1.0,4794,1349,39476,0.01
7,40832,4049,1.0,4795,1349,39483,0.01
7,40839,4050,1.0,4796,1349,39490,0.01
7,40846,4051,1.0,4797,1349,39497,0.01
7,40853,4052,1.0,4798,1349,39504,0.01
7,40860,4053,1.0,4799,1349,39511,0.01
7,40867,4054,1.0,4800,1349,39518,0.01
7,40874,4055,1.0,4801,1349,39525,0.01
7,40881,4056,1.0,4802,1349,39532,0.01
7,40888,4057,1.0,4803,1350,39538,0.01
7,40895,4058,1.0,4804,1350,39545,0.01
7,40902,4059,1.0,4805,1350,39552,0.01
7,40909,4060,1.0,4806,1350,39559,0.01
7,40916,4061,1.0,4807,1350,39566,0.01
7,40923,4062,1.0,4808,1350,39573,0.01
7,40930,4063,1.0,4809,1350,39580,0.01
7,40937,4064,1.0,4810,1351,39586,0.01
7,40944,4065,1.0,4811,1351,39593,0.01
7,40951,4066,1.0,4812,1351,39600,0.01
7,40958,4067,1.0,4813,1351,39607,0.01
7,40965,4068,1.0,4814,1351,39614,0.01
7,40972,4069,1.0,4815,1351,39621,0.01
7,40979,4070,1.0,4816,1351,39628,0.01
7,40986,4071,1.0,4817,1351,39635,0.01
7,40993,4072,1.0,4818,1351,39642,0.01
7,41000,4073,1.0,4819,1351,39649,0.01
7,41007,4074,1.0,4820,1351,39656,0.01
7,41014,4075,1.0,4821,1351,39663,0.01
7,41021,4076,1.0,4822,1351,39670,0.01
7,41028,4077,1.0,4823,1351,39677,0.01
7,41035,4078,1.0,4824,1351,39684,0.01
7,41042,4079,1.0,4825,1351,39691,0.01
7,41049,4080,1.0,4826,1351,39698,0.01
7,41056,4081,1.0,4827,1351,39705,0.01
7,41063,4082,1.0,4828,1351,39712,0.01
7,41070,4083,1.0,4829,1351,39719,0.01
7,41077,4084,1.0,4830,1351,39726,0.01
7,41084,4085,1.0,4831,1351,39733,0.01
7,41091,4086,1.0,4832,1351,39740,0.01
7,41098,4087,1.0,4833,1351,39747,0.01
40,41138,4087,0.0,4834,1352,39786,0.01
22,41160,4088,1.0,4835,1352,39808,0.01
22,41182,4089,1.0,4836,1352,39830,0.01
10,41192,4089,0.0,4837,1352,39840,0.01
10,41202,4089,0.0,4838,1352,39850,0.01
10,41212,4089,0.0,4839,1352,39860,0.01
9,41221,4089,0.0,4840,1352,39869,0.01
18,41239,4089,0.0,4841,1352,39887,0.01
52,41291,4089,0.0,4842,1352,39939,0.01
11,41302,4089,0.0,4843,1352,39950,0.01
2,41304,4089,0.0,4844,1352,39952,0.01
16,41320,4089,0.0,4845,1352,39968,0.01
7,41327,4089,0.0,4846,1353,39974,0.01
5,41332,4089,0.0,4847,1353,39979,0.01
16,41348,4089,0.0,4848,1353,39995,0.01
16,41364,4089,0.0,4849,1353,40011,0.01
18,41382,4089,0.0,4850,1353,40029,0.01
10,41392,4089,0.0,4851,1353,40039,0.01
9,41401,4089,0.0,4852,1353,40048,0.01
8,41409,4089,0.0,4853,1353,40056,0.01
17,41426,4089,0.0,4854,1353,40073,0.01
7,41433,4090,1.0,4855,1353,40080,0.01
5,41438,4090,0.0,4856,1354,40084,0.01
7,41445,4091,1.0,4857,1354,40091,0.01
7,41452,4092,1.0,4858,1354,40098,0.01
7,41459,4093,1.0,4859,1354,40105,0.01
7,41466,4094,1.0,4860,1354,40112,0.01
7,41473,4095,1.0,4861,1354,40119,0.01
7,41480,4096,1.0,4862,1354,40126,0.01
2,41482,4096,0.0,4863,1355,40127,0.01
7,41489,4097,1.0,4864,1355,40134,0.01
7,41496,4098,1.0,4865,1355,40141,0.01
7,41503,4099,1.0,4866,1355,40148,0.01
7,41510,4100,1.0,4867,1355,40155,0.01
7,41517,4101,1.0,4868,1355,40162,0.01
7,41524,4102,1.0,4869,1355,40169,0.01
7,41531,4103,1.0,4870,1355,40176,0.01
7,41538,4104,1.0,4871,1355,40183,0.01
7,41545,4105,1.0,4872,1355,40190,0.01
7,41552,4106,1.0,4873,1355,40197,0.01
7,41559,4107,1.0,4874,1355,40204,0.01
7,41566,4108,1.0,4875,1356,40210,0.01
7,41573,4109,1.0,4876,1356,40217,0.01
7,41580,4110,1.0,4877,1356,40224,0.01
7,41587,4111,1.0,4878,1356,40231,0.01
7,41594,4112,1.0,4879,1356,40238,0.01
7,41601,4113,1.0,4880,1356,40245,0.01
7,41608,4114,1.0,4881,1356,40252,0.01
7,41615,4115,1.0,4882,1356,40259,0.01
7,41622,4116,1.0,4883,1356,40266,0.01
7,41629,4117,1.0,4884,1356,40273,0.01
7,41636,4118,1.0,4885,1356,40280,0.01
7,41643,4119,1.0,4886,1356,40287,0.01
7,41650,4120,1.0,4887,1356,40294,0.01
7,41657,4121,1.0,4888,1356,40301,0.01
7,41664,4122,1.0,4889,1356,40308,0.01
7,41671,4123,1.0,4890,1356,40315,0.01
7,41678,4124,1.0,4891,1356,40322,0.01
7,41685,4125,1.0,4892,1356,40329,0.01
7,41692,4126,1.0,4893,1356,40336,0.01
7,41699,4127,1.0,4894,1356,40343,0.01
7,41706,4128,1.0,4895,1356,40350,0.01
7,41713,4129,1.0,4896,1356,40357,0.01
7,41720,4130,1.0,4897,1356,40364,0.01
7,41727,4131,1.0,4898,1356,40371,0.01
7,41734,4132,1.0,4899,1356,40378,0.01
7,41741,4133,1.0,4900,1356,40385,0.01
7,41748,4134,1.0,4901,1356,40392,0.01
7,41755,4135,1.0,4902,1356,40399,0.01
7,41762,4136,1.0,4903,1356,40406,0.01
7,41769,4137,1.0,4904,1356,40413,0.01
7,41776,4138,1.0,4905,1356,40420,0.01
7,41783,4139,1.0,4906,1356,40427,0.01
7,41790,4140,1.0,4907,1356,40434,0.01
7,41797,4141,1.0,4908,1356,40441,0.01
7,41804,4142,1.0,4909,1356,40448,0.01
7,41811,4143,1.0,4910,1356,40455,0.01
7,41818,4144,1.0,4911,1356,40462,0.01
7,41825,4145,1.0,4912,1356,40469,0.01
4,41829,4145,0.0,4913,1357,40472,0.01
7,41836,4146,1.0,4914,1357,40479,0.01
7,41843,4147,1.0,4915,1358,40485,0.01
7,41850,4148,1.0,4916,1358,40492,0.01
7,41857,4149,1.0,4917,1358,40499,0.01
7,41864,4150,1.0,4918,1358,40506,0.01
5,41869,4150,0.0,4919,1359,40510,0.01
7,41876,4151,1.0,4920,1359,40517,0.01
7,41883,4152,1.0,4921,1360,40523,0.01
7,41890,4153,1.0,4922,1360,40530,0.01
7,41897,4154,1.0,4923,1360,40537,0.01
7,41904,4155,1.0,4924,1360,40544,0.01
7,41911,4156,1.0,4925,1360,40551,0.01
7,41918,4157,1.0,4926,1360,40558,0.01
7,41925,4158,1.0,4927,1360,40565,0.01
7,41932,4159,1.0,4928,1360,40572,0.01
7,41939,4160,1.0,4929,1360,40579,0.01
7,41946,4161,1.0,4930,1360,40586,0.01
7,41953,4162,1.0,4931,1360,40593,0.01
7,41960,4163,1.0,4932,1360,40600,0.01
7,41967,4164,1.0,4933,1360,40607,0.01
7,41974,4165,1.0,4934,1360,40614,0.01
7,41981,4166,1.0,4935,1360,40621,0.01
7,41988,4167,1.0,4936,1360,40628,0.01
7,41995,4168,1.0,4937,1360,40635,0.01
7,42002,4169,1.0,4938,1360,40642,0.01
7,42009,4170,1.0,4939,1360,40649,0.01
7,42016,4171,1.0,4940,1360,40656,0.01
7,42023,4172,1.0,4941,1360,40663,0.01
6,42029,4172,0.0,4942,1361,40668,0.01
5,42034,4172,0.0,4943,1361,40673,0.01
7,42041,4173,1.0,4944,1361,40680,0.01
7,42048,4174,1.0,4945,1361,40687,0.01
7,42055,4175,1.0,4946,1361,40694,0.01
7,42062,4176,1.0,4947,1361,40701,0.01
7,42069,4177,1.0,4948,1361,40708,0.01
7,42076,4178,1.0,4949,1361,40715,0.01
7,42083,4179,1.0,4950,1361,40722,0.01
7,42090,4180,1.0,4951,1361,40729,0.01
7,42097,4181,1.0,4952,1361,40736,0.01
7,42104,4182,1.0,4953,1361,40743,0.01
7,42111,4183,1.0,4954,1361,40750,0.01
7,42118,4184,1.0,4955,1361,40757,0.01
7,42125,4185,1.0,4956,1361,40764,0.01
7,42132,4186,1.0,4957,1361,40771,0.01
7,42139,4187,1.0,4958,1361,40778,0.01
7,42146,4188,1.0,4959,1361,40785,0.01
7,42153,4189,1.0,4960,1361,40792,0.01
7,42160,4190,1.0,4961,1361,40799,0.01
7,42167,4191,1.0,4962,1361,40806,0.01
7,42174,4192,1.0,4963,1361,40813,0.01
7,42181,4193,1.0,4964,1361,40820,0.01
7,42188,4194,1.0,4965,1361,40827,0.01
7,42195,4195,1.0,4966,1361,40834,0.01
7,42202,4196,1.0,4967,1361,40841,0.01
7,42209,4197,1.0,4968,1361,40848,0.01
7,42216,4198,1.0,4969,1361,40855,0.01
7,42223,4199,1.0,4970,1361,40862,0.01
7,42230,4200,1.0,4971,1361,40869,0.01
7,42237,4201,1.0,4972,1361,40876,0.01
7,42244,4202,1.0,4973,1361,40883,0.01
7,42251,4203,1.0,4974,1361,40890,0.01
7,42258,4204,1.0,4975,1361,40897,0.01
7,42265,4205,1.0,4976,1361,40904,0.01
7,42272,4206,1.0,4977,1361,40911,0.01
7,42279,4207,1.0,4978,1361,40918,0.01
7,42286,4208,1.0,4979,1361,40925,0.01
7,42293,4209,1.0,4980,1361,40932,0.01
7,42300,4210,1.0,4981,1361,40939,0.01
7,42307,4211,1.0,4982,1361,40946,0.01
7,42314,4212,1.0,4983,1361,40953,0.01
7,42321,4213,1.0,4984,1361,40960,0.01
7,42328,4214,1.0,4985,1361,40967,0.01
7,42335,4215,1.0,4986,1361,40974,0.01
7,42342,4216,1.0,4987,1361,40981,0.01
7,42349,4217,1.0,4988,1361,40988,0.01
7,42356,4218,1.0,4989,1361,40995,0.01
7,42363,4219,1.0,4990,1361,41002,0.01
7,42370,4220,1.0,4991,1361,41009,0.01
7,42377,4221,1.0,4992,1361,41016,0.01
7,42384,4222,1.0,4993,1361,41023,0.01
7,42391,4223,1.0,4994,1361,41030,0.01
7,42398,4224,1.0,4995,1361,41037,0.01
7,42405,4225,1.0,4996,1361,41044,0.01
7,42412,4226,1.0,4997,1361,41051,0.01
7,42419,4227,1.0,4998,1361,41058,0.01
7,42426,4228,1.0,4999,1361,41065,0.01
7,42433,4229,1.0,5000,1361,41072,0.01
7,42440,4230,1.0,5001,1361,41079,0.01
7,42447,4231,1.0,5002,1361,41086,0.01
7,42454,4232,1.0,5003,1361,41093,0.01
7,42461,4233,1.0,5004,1361,41100,0.01
7,42468,4234,1.0,5005,1361,41107,0.01
7,42475,4235,1.0,5006,1361,41114,0.01
7,42482,4236,1.0,5007,1361,41121,0.01
7,42489,4237,1.0,5008,1361,41128,0.01
7,42496,4238,1.0,5009,1361,41135,0.01
7,42503,4239,1.0,5010,1361,41142,0.01
7,42510,4240,1.0,5011,1361,41149,0.01
7,42517,4241,1.0,5012,1361,41156,0.01
7,42524,4242,1.0,5013,1361,41163,0.01
7,42531,4243,1.0,5014,1361,41170,0.01
7,42538,4244,1.0,5015,1361,41177,0.01
7,42545,4245,1.0,5016,1361,41184,0.01
7,42552,4246,1.0,5017,1361,41191,0.01
7,42559,4247,1.0,5018,1361,41198,0.01
7,42566,4248,1.0,5019,1361,41205,0.01
7,42573,4249,1.0,5020,1361,41212,0.01
3,42576,4249,0.0,5021,1362,41214,0.01
7,42583,4250,1.0,5022,1362,41221,0.01
7,42590,4251,1.0,5023,1362,41228,0.01
7,42597,4252,1.0,5024,1362,41235,0.01
7,42604,4253,1.0,5025,1363,41241,0.01
7,42611,4254,1.0,5026,1363,41248,0.01
7,42618,4255,1.0,5027,1363,41255,0.01
7,42625,4256,1.0,5028,1363,41262,0.01
7,42632,4257,1.0,5029,1363,41269,0.01
7,42639,4258,1.0,5030,1363,41276,0.01
7,42646,4259,1.0,5031,1363,41283,0.01
7,42653,4260,1.0,5032,1363,41290,0.01
7,42660,4261,1.0,5033,1363,41297,0.01
7,42667,4262,1.0,5034,1363,41304,0.01
7,42674,4263,1.0,5035,1363,41311,0.01
7,42681,4264,1.0,5036,1363,41318,0.01
7,42688,4265,1.0,5037,1363,41325,0.01
7,42695,4266,1.0,5038,1363,41332,0.01
7,42702,4267,1.0,5039,1363,41339,0.01
7,42709,4268,1.0,5040,1363,41346,0.01
7,42716,4269,1.0,5041,1363,41353,0.01
7,42723,4270,1.0,5042,1363,41360,0.01
7,42730,4271,1.0,5043,1363,41367,0.01
7,42737,4272,1.0,5044,1363,41374,0.01
7,42744,4273,1.0,5045,1363,41381,0.01
7,42751,4274,1.0,5046,1363,41388,0.01
7,42758,4275,1.0,5047,1363,41395,0.01
7,42765,4276,1.0,5048,1363,41402,0.01
7,42772,4277,1.0,5049,1363,41409,0.01
7,42779,4278,1.0,5050,1363,41416,0.01
7,42786,4279,1.0,5051,1363,41423,0.01
7,42793,4280,1.0,5052,1363,41430,0.01
7,42800,4281,1.0,5053,1363,41437,0.01
7,42807,4282,1.0,5054,1363,41444,0.01
7,42814,4283,1.0,5055,1363,41451,0.01
7,42821,4284,1.0,5056,1363,41458,0.01
7,42828,4285,1.0,5057,1363,41465,0.01
7,42835,4286,1.0,5058,1363,41472,0.01
7,42842,4287,1.0,5059,1363,41479,0.01
7,42849,4288,1.0,5060,1363,41486,0.01
7,42856,4289,1.0,5061,1363,41493,0.01
7,42863,4290,1.0,5062,1364,41499,0.01
7,42870,4291,1.0,5063,1364,41506,0.01
7,42877,4292,1.0,5064,1364,41513,0.01
7,42884,4293,1.0,5065,1364,41520,0.01
7,42891,4294,1.0,5066,1364,41527,0.01
7,42898,4295,1.0,5067,1364,41534,0.01
7,42905,4296,1.0,5068,1364,41541,0.01
7,42912,4297,1.0,5069,1364,41548,0.01
7,42919,4298,1.0,5070,1364,41555,0.01
7,42926,4299,1.0,5071,1364,41562,0.01
7,42933,4300,1.0,5072,1364,41569,0.01
7,42940,4301,1.0,5073,1364,41576,0.01
7,42947,4302,1.0,5074,1364,41583,0.01
7,42954,4303,1.0,5075,1364,41590,0.01
7,42961,4304,1.0,5076,1365,41596,0.01
7,42968,4305,1.0,5077,1365,41603,0.01
7,42975,4306,1.0,5078,1365,41610,0.01
7,42982,4307,1.0,5079,1365,41617,0.01
7,42989,4308,1.0,5080,1365,41624,0.01
7,42996,4309,1.0,5081,1365,41631,0.01
7,43003,4310,1.0,5082,1365,41638,0.01
7,43010,4311,1.0,5083,1365,41645,0.01
7,43017,4312,1.0,5084,1365,41652,0.01
7,43024,4313,1.0,5085,1365,41659,0.01
7,43031,4314,1.0,5086,1365,41666,0.01
7,43038,4315,1.0,5087,1365,41673,0.01
7,43045,4316,1.0,5088,1365,41680,0.01
7,43052,4317,1.0,5089,1365,41687,0.01
7,43059,4317,0.0,5090,1366,41693,0.01
7,43066,4318,1.0,5091,1366,41700,0.01
7,43073,4319,1.0,5092,1366,41707,0.01
7,43080,4320,1.0,5093,1366,41714,0.01
7,43087,4321,1.0,5094,1366,41721,0.01
7,43094,4322,1.0,5095,1366,41728,0.01
7,43101,4323,1.0,5096,1366,41735,0.01
7,43108,4324,1.0,5097,1366,41742,0.01
7,43115,4325,1.0,5098,1366,41749,0.01
7,43122,4326,1.0,5099,1366,41756,0.01
7,43129,4327,1.0,5100,1366,41763,0.01
7,43136,4328,1.0,5101,1366,41770,0.01
7,43143,4329,1.0,5102,1366,41777,0.01
7,43150,4330,1.0,5103,1366,41784,0.01
7,43157,4331,1.0,5104,1366,41791,0.01
7,43164,4332,1.0,5105,1366,41798,0.01
7,43171,4333,1.0,5106,1366,41805,0.01
7,43178,4334,1.0,5107,1366,41812,0.01
7,43185,4335,1.0,5108,1366,41819,0.01
7,43192,4336,1.0,5109,1366,41826,0.01
7,43199,4337,1.0,5110,1366,41833,0.01
7,43206,4338,1.0,5111,1366,41840,0.01
7,43213,4339,1.0,5112,1366,41847,0.01
7,43220,4340,1.0,5113,1366,41854,0.01
7,43227,4341,1.0,5114,1366,41861,0.01
7,43234,4342,1.0,5115,1366,41868,0.01
7,43241,4343,1.0,5116,1366,41875,0.01
7,43248,4344,1.0,5117,1366,41882,0.01
7,43255,4345,1.0,5118,1366,41889,0.01
9,43264,4345,0.0,5119,1368,41896,0.01
7,43271,4346,1.0,5120,1368,41903,0.01
9,43280,4346,0.0,5121,1369,41911,0.01
30,43310,4346,0.0,5122,1370,41940,0.01
9,43319,4346,0.0,5123,1370,41949,0.01
7,43326,4347,1.0,5124,1370,41956,0.01
7,43333,4348,1.0,5125,1370,41963,0.01
9,43342,4348,0.0,5126,1370,41972,0.01
9,43351,4348,0.0,5127,1370,41981,0.01
9,43360,4348,0.0,5128,1371,41989,0.01
23,43383,4349,1.0,5129,1371,42012,0.01
9,43392,4349,0.0,5130,1371,42021,0.01
24,43416,4350,1.0,5131,1371,42045,0.01
25,43441,4351,1.0,5132,1372,42069,0.01
30,43471,4351,0.0,5133,1372,42099,0.01
18,43489,4351,0.0,5134,1372,42117,0.01
16,43505,4352,1.0,5135,1372,42133,0.01
16,43521,4353,1.0,5136,1373,42148,0.01
8,43529,4354,1.0,5137,1373,42156,0.01
8,43537,4355,1.0,5138,1373,42164,0.01
27,43564,4356,1.0,5139,1374,42190,0.01
9,43573,4357,1.0,5140,1374,42199,0.01
9,43582,4358,1.0,5141,1374,42208,0.01
9,43591,4359,1.0,5142,1374,42217,0.01
9,43600,4360,1.0,5143,1374,42226,0.01
9,43609,4361,1.0,5144,1374,42235,0.01
9,43618,4362,1.0,5145,1374,42244,0.01
9,43627,4363,1.0,5146,1374,42253,0.01
9,43636,4364,1.0,5147,1374,42262,0.01
9,43645,4365,1.0,5148,1374,42271,0.01
9,43654,4366,1.0,5149,1374,42280,0.01
9,43663,4367,1.0,5150,1374,42289,0.01
9,43672,4368,1.0,5151,1374,42298,0.01
9,43681,4369,1.0,5152,1374,42307,0.01
9,43690,4370,1.0,5153,1374,42316,0.01
9,43699,4371,1.0,5154,1374,42325,0.01
9,43708,4372,1.0,5155,1374,42334,0.01
9,43717,4373,1.0,5156,1375,42342,0.01
9,43726,4374,1.0,5157,1375,42351,0.01
9,43735,4375,1.0,5158,1375,42360,0.01
9,43744,4376,1.0,5159,1375,42369,0.01
9,43753,4377,1.0,5160,1375,42378,0.01
9,43762,4378,1.0,5161,1375,42387,0.01
9,43771,4379,1.0,5162,1375,42396,0.01
9,43780,4380,1.0,5163,1375,42405,0.01
9,43789,4381,1.0,5164,1375,42414,0.01
9,43798,4382,1.0,5165,1375,42423,0.01
9,43807,4383,1.0,5166,1375,42432,0.01
9,43816,4384,1.0,5167,1375,42441,0.01
9,43825,4385,1.0,5168,1375,42450,0.01
9,43834,4386,1.0,5169,1375,42459,0.01
9,43843,4387,1.0,5170,1375,42468,0.01
9,43852,4388,1.0,5171,1375,42477,0.01
9,43861,4389,1.0,5172,1375,42486,0.01
9,43870,4390,1.0,5173,1375,42495,0.01
9,43879,4391,1.0,5174,1375,42504,0.01
9,43888,4392,1.0,5175,1375,42513,0.01
9,43897,4393,1.0,5176,1375,42522,0.01
9,43906,4394,1.0,5177,1375,42531,0.01
9,43915,4395,1.0,5178,1375,42540,0.01
9,43924,4396,1.0,5179,1375,42549,0.01
9,43933,4397,1.0,5180,1375,42558,0.01
9,43942,4398,1.0,5181,1375,42567,0.01
9,43951,4399,1.0,5182,1375,42576,0.01
9,43960,4400,1.0,5183,1375,42585,0.01
9,43969,4401,1.0,5184,1375,42594,0.01
9,43978,4402,1.0,5185,1375,42603,0.01
9,43987,4403,1.0,5186,1375,42612,0.01
9,43996,4404,1.0,5187,1375,42621,0.01
27,44023,4405,1.0,5188,1376,42647,0.01
9,44032,4406,1.0,5189,1376,42656,0.01
9,44041,4407,1.0,5190,1376,42665,0.01
9,44050,4408,1.0,5191,1376,42674,0.01
9,44059,4409,1.0,5192,1376,42683,0.01
9,44068,4410,1.0,5193,1376,42692,0.01
9,44077,4411,1.0,5194,1376,42701,0.01
9,44086,4412,1.0,5195,1376,42710,0.01
9,44095,4413,1.0,5196,1376,42719,0.01
9,44104,4414,1.0,5197,1376,42728,0.01
9,44113,4415,1.0,5198,1376,42737,0.01
9,44122,4416,1.0,5199,1376,42746,0.01
9,44131,4417,1.0,5200,1376,42755,0.01
9,44140,4418,1.0,5201,1376,42764,0.01
9,44149,4419,1.0,5202,1376,42773,0.01
9,44158,4420,1.0,5203,1376,42782,0.01
9,44167,4421,1.0,5204,1376,42791,0.01
9,44176,4422,1.0,5205,1376,42800,0.01
9,44185,4423,1.0,5206,1376,42809,0.01
9,44194,4424,1.0,5207,1376,42818,0.01
9,44203,4425,1.0,5208,1376,42827,0.01
9,44212,4426,1.0,5209,1376,42836,0.01
9,44221,4427,1.0,5210,1376,42845,0.01
9,44230,4428,1.0,5211,1376,42854,0.01
9,44239,4429,1.0,5212,1376,42863,0.01
9,44248,4430,1.0,5213,1376,42872,0.01
9,44257,4431,1.0,5214,1376,42881,0.01
9,44266,4432,1.0,5215,1376,42890,0.01
9,44275,4433,1.0,5216,1376,42899,0.01
9,44284,4434,1.0,5217,1376,42908,0.01
9,44293,4435,1.0,5218,1376,42917,0.01
9,44302,4436,1.0,5219,1376,42926,0.01
9,44311,4437,1.0,5220,1376,42935,0.01
9,44320,4438,1.0,5221,1376,42944,0.01
9,44329,4439,1.0,5222,1376,42953,0.01
9,44338,4440,1.0,5223,1376,42962,0.01
9,44347,4441,1.0,5224,1376,42971,0.01
9,44356,4442,1.0,5225,1376,42980,0.01
9,44365,4443,1.0,5226,1376,42989,0.01
9,44374,4444,1.0,5227,1376,42998,0.01
9,44383,4445,1.0,5228,1376,43007,0.01
9,44392,4446,1.0,5229,1376,43016,0.01
9,44401,4447,1.0,5230,1376,43025,0.01
9,44410,4448,1.0,5231,1376,43034,0.01
9,44419,4449,1.0,5232,1376,43043,0.01
9,44428,4450,1.0,5233,1376,43052,0.01
9,44437,4451,1.0,5234,1376,43061,0.01
9,44446,4452,1.0,5235,1376,43070,0.01
9,44455,4453,1.0,5236,1377,43078,0.01
9,44464,4454,1.0,5237,1377,43087,0.01
9,44473,4455,1.0,5238,1378,43095,0.01
9,44482,4456,1.0,5239,1378,43104,0.01
9,44491,4457,1.0,5240,1378,43113,0.01
9,44500,4458,1.0,5241,1378,43122,0.01
9,44509,4459,1.0,5242,1378,43131,0.01
9,44518,4460,1.0,5243,1378,43140,0.01
9,44527,4461,1.0,5244,1378,43149,0.01
9,44536,4462,1.0,5245,1378,43158,0.01
9,44545,4463,1.0,5246,1378,43167,0.01
9,44554,4464,1.0,5247,1378,43176,0.01
9,44563,4465,1.0,5248,1378,43185,0.01
9,44572,4466,1.0,5249,1378,43194,0.01
9,44581,4467,1.0,5250,1378,43203,0.01
4,44585,4467,0.0,5251,1379,43206,0.01
9,44594,4468,1.0,5252,1379,43215,0.01
9,44603,4468,0.0,5253,1380,43223,0.01
9,44612,4469,1.0,5254,1380,43232,0.01
9,44621,4470,1.0,5255,1380,43241,0.01
9,44630,4471,1.0,5256,1380,43250,0.01
9,44639,4472,1.0,5257,1380,43259,0.01
9,44648,4473,1.0,5258,1380,43268,0.01
9,44657,4474,1.0,5259,1380,43277,0.01
30,44687,4474,0.0,5260,1381,43306,0.01
30,44717,4474,0.0,5261,1381,43336,0.01
8,44725,4475,1.0,5262,1381,43344,0.01
8,44733,4476,1.0,5263,1381,43352,0.01
8,44741,4477,1.0,5264,1381,43360,0.01
8,44749,4478,1.0,5265,1381,43368,0.01
8,44757,4479,1.0,5266,1381,43376,0.01
8,44765,4480,1.0,5267,1381,43384,0.01
8,44773,4481,1.0,5268,1381,43392,0.01
8,44781,4482,1.0,5269,1381,43400,0.01
8,44789,4483,1.0,5270,1381,43408,0.01
8,44797,4484,1.0,5271,1381,43416,0.01
8,44805,4485,1.0,5272,1381,43424,0.01
8,44813,4486,1.0,5273,1381,43432,0.01
8,44821,4487,1.0,5274,1381,43440,0.01
8,44829,4488,1.0,5275,1381,43448,0.01
8,44837,4489,1.0,5276,1381,43456,0.01
8,44845,4490,1.0,5277,1381,43464,0.01
8,44853,4491,1.0,5278,1381,43472,0.01
8,44861,4492,1.0,5279,1381,43480,0.01
8,44869,4493,1.0,5280,1381,43488,0.01
8,44877,4494,1.0,5281,1381,43496,0.01
8,44885,4495,1.0,5282,1381,43504,0.01
8,44893,4496,1.0,5283,1381,43512,0.01
8,44901,4497,1.0,5284,1381,43520,0.01
8,44909,4498,1.0,5285,1382,43527,0.01
7,44916,4498,0.0,5286,1383,43533,0.01
8,44924,4499,1.0,5287,1383,43541,0.01
8,44932,4500,1.0,5288,1383,43549,0.01
8,44940,4501,1.0,5289,1383,43557,0.01
8,44948,4502,1.0,5290,1383,43565,0.01
8,44956,4503,1.0,5291,1383,43573,0.01
8,44964,4504,1.0,5292,1383,43581,0.01
8,44972,4505,1.0,5293,1383,43589,0.01
8,44980,4506,1.0,5294,1383,43597,0.01
8,44988,4507,1.0,5295,1383,43605,0.01
8,44996,4508,1.0,5296,1383,43613,0.01
8,45004,4509,1.0,5297,1383,43621,0.01
8,45012,4510,1.0,5298,1383,43629,0.01
8,45020,4511,1.0,5299,1383,43637,0.01
8,45028,4512,1.0,5300,1383,43645,0.01
8,45036,4513,1.0,5301,1383,43653,0.01
8,45044,4514,1.0,5302,1383,43661,0.01
8,45052,4515,1.0,5303,1383,43669,0.01
8,45060,4516,1.0,5304,1383,43677,0.01
8,45068,4517,1.0,5305,1383,43685,0.01
8,45076,4518,1.0,5306,1383,43693,0.01
8,45084,4519,1.0,5307,1383,43701,0.01
8,45092,4520,1.0,5308,1383,43709,0.01
8,45100,4521,1.0,5309,1383,43717,0.01
8,45108,4522,1.0,5310,1383,43725,0.01
8,45116,4523,1.0,5311,1383,43733,0.01
8,45124,4524,1.0,5312,1383,43741,0.01
8,45132,4525,1.0,5313,1383,43749,0.01
8,45140,4526,1.0,5314,1383,43757,0.01
9,45149,4526,0.0,5315,1384,43765,0.01
8,45157,4527,1.0,5316,1384,43773,0.01
8,45165,4528,1.0,5317,1384,43781,0.01
8,45173,4529,1.0,5318,1384,43789,0.01
8,45181,4530,1.0,5319,1384,43797,0.01
8,45189,4531,1.0,5320,1384,43805,0.01
8,45197,4532,1.0,5321,1384,43813,0.01
8,45205,4533,1.0,5322,1384,43821,0.01
29,45234,4534,1.0,5323,1385,43849,0.01
8,45242,4535,1.0,5324,1385,43857,0.01
8,45250,4536,1.0,5325,1385,43865,0.01
8,45258,4537,1.0,5326,1385,43873,0.01
8,45266,4538,1.0,5327,1385,43881,0.01
8,45274,4539,1.0,5328,1385,43889,0.01
8,45282,4540,1.0,5329,1385,43897,0.01
8,45290,4541,1.0,5330,1385,43905,0.01
8,45298,4542,1.0,5331,1385,43913,0.01
8,45306,4543,1.0,5332,1385,43921,0.01
8,45314,4544,1.0,5333,1385,43929,0.01
8,45322,4545,1.0,5334,1385,43937,0.01
8,45330,4546,1.0,5335,1385,43945,0.01
8,45338,4547,1.0,5336,1385,43953,0.01
8,45346,4548,1.0,5337,1385,43961,0.01
8,45354,4549,1.0,5338,1385,43969,0.01
8,45362,4550,1.0,5339,1385,43977,0.01
8,45370,4551,1.0,5340,1386,43984,0.01
8,45378,4552,1.0,5341,1386,43992,0.01
8,45386,4553,1.0,5342,1386,44000,0.01
8,45394,4554,1.0,5343,1386,44008,0.01
8,45402,4555,1.0,5344,1387,44015,0.01
8,45410,4556,1.0,5345,1387,44023,0.01
8,45418,4557,1.0,5346,1387,44031,0.01
8,45426,4558,1.0,5347,1387,44039,0.01
8,45434,4559,1.0,5348,1387,44047,0.01
8,45442,4560,1.0,5349,1387,44055,0.01
8,45450,4561,1.0,5350,1387,44063,0.01
8,45458,4562,1.0,5351,1388,44070,0.01
8,45466,4563,1.0,5352,1388,44078,0.01
8,45474,4564,1.0,5353,1388,44086,0.01
8,45482,4565,1.0,5354,1389,44093,0.01
8,45490,4566,1.0,5355,1389,44101,0.01
8,45498,4567,1.0,5356,1389,44109,0.01
8,45506,4568,1.0,5357,1389,44117,0.01
8,45514,4569,1.0,5358,1389,44125,0.01
8,45522,4570,1.0,5359,1389,44133,0.01
8,45530,4571,1.0,5360,1389,44141,0.01
4,45534,4571,0.0,5361,1390,44144,0.01
8,45542,4572,1.0,5362,1390,44152,0.01
8,45550,4573,1.0,5363,1390,44160,0.01
8,45558,4574,1.0,5364,1390,44168,0.01
8,45566,4575,1.0,5365,1390,44176,0.01
8,45574,4576,1.0,5366,1390,44184,0.01
8,45582,4577,1.0,5367,1390,44192,0.01
8,45590,4578,1.0,5368,1390,44200,0.01
9,45599,4578,0.0,5369,1391,44208,0.01
8,45607,4579,1.0,5370,1391,44216,0.01
8,45615,4580,1.0,5371,1391,44224,0.01
29,45644,4581,1.0,5372,1391,44253,0.01
9,45653,4581,0.0,5373,1391,44262,0.01
9,45662,4581,0.0,5374,1391,44271,0.01
9,45671,4581,0.0,5375,1391,44280,0.01
4,45675,4581,0.0,5376,1392,44283,0.01
29,45704,4582,1.0,5377,1392,44312,0.01
29,45733,4583,1.0,5378,1392,44341,0.01
29,45762,4584,1.0,5379,1392,44370,0.01
9,45771,4584,0.0,5380,1392,44379,0.01
29,45800,4585,1.0,5381,1392,44408,0.01
9,45809,4585,0.0,5382,1392,44417,0.01
29,45838,4586,1.0,5383,1392,44446,0.01
29,45867,4587,1.0,5384,1392,44475,0.01
29,45896,4588,1.0,5385,1392,44504,0.01
29,45925,4589,1.0,5386,1392,44533,0.01
2,45927,4589,0.0,5387,1393,44534,0.01
29,45956,4590,1.0,5388,1393,44563,0.01
29,45985,4591,1.0,5389,1393,44592,0.01
29,46014,4592,1.0,5390,1393,44621,0.01
29,46043,4593,1.0,5391,1393,44650,0.01
29,46072,4594,1.0,5392,1393,44679,0.01
29,46101,4595,1.0,5393,1393,44708,0.01
29,46130,4596,1.0,5394,1393,44737,0.01
29,46159,4597,1.0,5395,1393,44766,0.01
29,46188,4598,1.0,5396,1393,44795,0.01
29,46217,4599,1.0,5397,1393,44824,0.01
28,46245,4599,0.0,5398,1394,44851,0.01
27,46272,4600,1.0,5399,1394,44878,0.01
9,46281,4600,0.0,5400,1394,44887,0.01
9,46290,4600,0.0,5401,1394,44896,0.01
9,46299,4600,0.0,5402,1395,44904,0.01
9,46308,4600,0.0,5403,1395,44913,0.01
9,46317,4600,0.0,5404,1395,44922,0.01
9,46326,4600,0.0,5405,1395,44931,0.01
20,46346,4600,0.0,5406,1395,44951,0.01
12,46358,4600,0.0,5407,1396,44962,0.01
13,46371,4600,0.0,5408,1396,44975,0.01
38,46409,4600,0.0,5409,1396,45013,0.01
12,46421,4600,0.0,5410,1396,45025,0.01
2,46423,4600,0.0,5411,1396,45027,0.01
3,46426,4600,0.0,5412,1397,45029,0.01
17,46443,4600,0.0,5413,1398,45045,0.01
2,46445,4600,0.0,5414,1398,45047,0.01
7,46452,4601,1.0,5415,1398,45054,0.01
7,46459,4602,1.0,5416,1398,45061,0.01
9,46468,4602,0.0,5417,1398,45070,0.01
24,46492,4603,1.0,5418,1398,45094,0.01
24,46516,4604,1.0,5419,1398,45118,0.01
24,46540,4605,1.0,5420,1398,45142,0.01
24,46564,4606,1.0,5421,1398,45166,0.01
12,46576,4606,0.0,5422,1399,45177,0.01
24,46600,4607,1.0,5423,1399,45201,0.01
24,46624,4608,1.0,5424,1399,45225,0.01
24,46648,4609,1.0,5425,1399,45249,0.01
24,46672,4610,1.0,5426,1399,45273,0.01
24,46696,4611,1.0,5427,1399,45297,0.01
24,46720,4612,1.0,5428,1399,45321,0.01
24,46744,4613,1.0,5429,1399,45345,0.01
24,46768,4614,1.0,5430,1399,45369,0.01
24,46792,4615,1.0,5431,1400,45392,0.01
24,46816,4616,1.0,5432,1400,45416,0.01
24,46840,4617,1.0,5433,1400,45440,0.01
24,46864,4618,1.0,5434,1400,45464,0.01
24,46888,4619,1.0,5435,1400,45488,0.01
24,46912,4620,1.0,5436,1401,45511,0.01
24,46936,4621,1.0,5437,1401,45535,0.01
22,46958,4621,0.0,5438,1402,45556,0.01
24,46982,4622,1.0,5439,1403,45579,0.01
24,47006,4623,1.0,5440,1403,45603,0.01
17,47023,4624,1.0,5441,1404,45619,0.01
24,47047,4625,1.0,5442,1404,45643,0.01
24,47071,4626,1.0,5443,1404,45667,0.01
24,47095,4627,1.0,5444,1404,45691,0.01
24,47119,4628,1.0,5445,1404,45715,0.01
24,47143,4629,1.0,5446,1404,45739,0.01
24,47167,4630,1.0,5447,1404,45763,0.01
24,47191,4631,1.0,5448,1404,45787,0.01
24,47215,4632,1.0,5449,1404,45811,0.01
24,47239,4633,1.0,5450,1404,45835,0.01
24,47263,4634,1.0,5451,1404,45859,0.01
24,47287,4635,1.0,5452,1404,45883,0.01
24,47311,4636,1.0,5453,1404,45907,0.01
5,47316,4636,0.0,5454,1405,45911,0.01
24,47340,4637,1.0,5455,1405,45935,0.01
25,47365,4638,1.0,5456,1406,45959,0.01
24,47389,4639,1.0,5457,1406,45983,0.01
24,47413,4640,1.0,5458,1407,46006,0.01
24,47437,4641,1.0,5459,1407,46030,0.01
25,47462,4642,1.0,5460,1408,46054,0.01
24,47486,4643,1.0,5461,1408,46078,0.01
24,47510,4644,1.0,5462,1408,46102,0.01
24,47534,4645,1.0,5463,1408,46126,0.01
9,47543,4645,0.0,5464,1409,46134,0.01
9,47552,4645,0.0,5465,1409,46143,0.01
9,47561,4645,0.0,5466,1409,46152,0.01
9,47570,4645,0.0,5467,1409,46161,0.01
9,47579,4645,0.0,5468,1409,46170,0.01
16,47595,4645,0.0,5469,1410,46185,0.01
11,47606,4645,0.0,5470,1410,46196,0.01
9,47615,4645,0.0,5471,1410,46205,0.01
2,47617,4645,0.0,5472,1411,46206,0.01
20,47637,4645,0.0,5473,1411,46226,0.01
9,47646,4645,0.0,5474,1411,46235,0.01
40,47686,4645,0.0,5475,1411,46275,0.01
11,47697,4645,0.0,5476,1411,46286,0.01
7,47704,4646,1.0,5477,1411,46293,0.01
7,47711,4647,1.0,5478,1411,46300,0.01
7,47718,4648,1.0,5479,1411,46307,0.01
7,47725,4649,1.0,5480,1411,46314,0.01
7,47732,4650,1.0,5481,1411,46321,0.01
7,47739,4651,1.0,5482,1411,46328,0.01
7,47746,4652,1.0,5483,1411,46335,0.01
7,47753,4653,1.0,5484,1411,46342,0.01
7,47760,4654,1.0,5485,1411,46349,0.01
7,47767,4655,1.0,5486,1411,46356,0.01
7,47774,4656,1.0,5487,1411,46363,0.01
7,47781,4657,1.0,5488,1411,46370,0.01
7,47788,4658,1.0,5489,1411,46377,0.01
7,47795,4659,1.0,5490,1411,46384,0.01
26,47821,4660,1.0,5491,1412,46409,0.01
7,47828,4661,1.0,5492,1412,46416,0.01
7,47835,4662,1.0,5493,1412,46423,0.01
7,47842,4663,1.0,5494,1412,46430,0.01
7,47849,4664,1.0,5495,1412,46437,0.01
7,47856,4665,1.0,5496,1412,46444,0.01
7,47863,4666,1.0,5497,1412,46451,0.01
7,47870,4667,1.0,5498,1412,46458,0.01
7,47877,4668,1.0,5499,1412,46465,0.01
7,47884,4669,1.0,5500,1412,46472,0.01
7,47891,4670,1.0,5501,1412,46479,0.01
7,47898,4671,1.0,5502,1412,46486,0.01
7,47905,4672,1.0,5503,1412,46493,0.01
7,47912,4673,1.0,5504,1412,46500,0.01
7,47919,4674,1.0,5505,1412,46507,0.01
7,47926,4675,1.0,5506,1412,46514,0.01
7,47933,4676,1.0,5507,1412,46521,0.01
7,47940,4677,1.0,5508,1412,46528,0.01
7,47947,4678,1.0,5509,1412,46535,0.01
7,47954,4679,1.0,5510,1412,46542,0.01
7,47961,4680,1.0,5511,1412,46549,0.01
7,47968,4681,1.0,5512,1412,46556,0.01
7,47975,4682,1.0,5513,1412,46563,0.01
7,47982,4683,1.0,5514,1412,46570,0.01
7,47989,4684,1.0,5515,1412,46577,0.01
7,47996,4685,1.0,5516,1412,46584,0.01
7,48003,4686,1.0,5517,1412,46591,0.01
7,48010,4687,1.0,5518,1412,46598,0.01
7,48017,4688,1.0,5519,1412,46605,0.01
7,48024,4689,1.0,5520,1412,46612,0.01
7,48031,4690,1.0,5521,1412,46619,0.01
7,48038,4691,1.0,5522,1413,46625,0.01
7,48045,4692,1.0,5523,1413,46632,0.01
7,48052,4693,1.0,5524,1413,46639,0.01
7,48059,4694,1.0,5525,1413,46646,0.01
7,48066,4695,1.0,5526,1413,46653,0.01
7,48073,4696,1.0,5527,1413,46660,0.01
7,48080,4697,1.0,5528,1413,46667,0.01
7,48087,4698,1.0,5529,1413,46674,0.01
7,48094,4699,1.0,5530,1413,46681,0.01
7,48101,4700,1.0,5531,1413,46688,0.01
7,48108,4701,1.0,5532,1413,46695,0.01
7,48115,4702,1.0,5533,1413,46702,0.01
7,48122,4703,1.0,5534,1413,46709,0.01
7,48129,4704,1.0,5535,1413,46716,0.01
7,48136,4705,1.0,5536,1413,46723,0.01
7,48143,4706,1.0,5537,1413,46730,0.01
7,48150,4707,1.0,5538,1413,46737,0.01
7,48157,4708,1.0,5539,1413,46744,0.01
7,48164,4709,1.0,5540,1413,46751,0.01
7,48171,4710,1.0,5541,1413,46758,0.01
7,48178,4711,1.0,5542,1413,46765,0.01
7,48185,4712,1.0,5543,1413,46772,0.01
7,48192,4713,1.0,5544,1413,46779,0.01
7,48199,4714,1.0,5545,1413,46786,0.01
7,48206,4715,1.0,5546,1413,46793,0.01
7,48213,4716,1.0,5547,1413,46800,0.01
7,48220,4717,1.0,5548,1413,46807,0.01
7,48227,4718,1.0,5549,1413,46814,0.01
7,48234,4719,1.0,5550,1413,46821,0.01
7,48241,4720,1.0,5551,1413,46828,0.01
7,48248,4721,1.0,5552,1413,46835,0.01
7,48255,4722,1.0,5553,1413,46842,0.01
7,48262,4723,1.0,5554,1413,46849,0.01
7,48269,4724,1.0,5555,1413,46856,0.01
7,48276,4725,1.0,5556,1413,46863,0.01
7,48283,4726,1.0,5557,1413,46870,0.01
7,48290,4727,1.0,5558,1413,46877,0.01
7,48297,4728,1.0,5559,1413,46884,0.01
7,48304,4729,1.0,5560,1413,46891,0.01
7,48311,4730,1.0,5561,1413,46898,0.01
7,48318,4731,1.0,5562,1413,46905,0.01
7,48325,4732,1.0,5563,1413,46912,0.01
7,48332,4733,1.0,5564,1413,46919,0.01
7,48339,4734,1.0,5565,1413,46926,0.01
7,48346,4735,1.0,5566,1413,46933,0.01
7,48353,4736,1.0,5567,1413,46940,0.01
7,48360,4737,1.0,5568,1413,46947,0.01
7,48367,4738,1.0,5569,1413,46954,0.01
7,48374,4739,1.0,5570,1413,46961,0.01
7,48381,4740,1.0,5571,1413,46968,0.01
7,48388,4741,1.0,5572,1413,46975,0.01
7,48395,4742,1.0,5573,1413,46982,0.01
7,48402,4743,1.0,5574,1413,46989,0.01
7,48409,4744,1.0,5575,1413,46996,0.01
7,48416,4745,1.0,5576,1413,47003,0.01
7,48423,4746,1.0,5577,1413,47010,0.01
7,48430,4747,1.0,5578,1413,47017,0.01
3,48433,4747,0.0,5579,1414,47019,0.01
7,48440,4748,1.0,5580,1414,47026,0.01
7,48447,4749,1.0,5581,1414,47033,0.01
7,48454,4750,1.0,5582,1414,47040,0.01
7,48461,4751,1.0,5583,1414,47047,0.01
7,48468,4752,1.0,5584,1414,47054,0.01
7,48475,4753,1.0,5585,1414,47061,0.01
7,48482,4754,1.0,5586,1414,47068,0.01
7,48489,4755,1.0,5587,1414,47075,0.01
7,48496,4756,1.0,5588,1414,47082,0.01
7,48503,4757,1.0,5589,1414,47089,0.01
7,48510,4758,1.0,5590,1414,47096,0.01
7,48517,4759,1.0,5591,1414,47103,0.01
7,48524,4760,1.0,5592,1414,47110,0.01
7,48531,4761,1.0,5593,1414,47117,0.01
7,48538,4762,1.0,5594,1414,47124,0.01
7,48545,4763,1.0,5595,1414,47131,0.01
24,48569,4764,1.0,5596,1415,47154,0.01
7,48576,4765,1.0,5597,1415,47161,0.01
7,48583,4766,1.0,5598,1415,47168,0.01
7,48590,4767,1.0,5599,1415,47175,0.01
7,48597,4768,1.0,5600,1415,47182,0.01
7,48604,4769,1.0,5601,1415,47189,0.01
7,48611,4770,1.0,5602,1415,47196,0.01
7,48618,4771,1.0,5603,1415,47203,0.01
7,48625,4772,1.0,5604,1415,47210,0.01
7,48632,4773,1.0,5605,1415,47217,0.01
7,48639,4774,1.0,5606,1415,47224,0.01
7,48646,4775,1.0,5607,1415,47231,0.01
7,48653,4776,1.0,5608,1415,47238,0.01
7,48660,4777,1.0,5609,1415,47245,0.01
7,48667,4778,1.0,5610,1415,47252,0.01
7,48674,4779,1.0,5611,1415,47259,0.01
7,48681,4780,1.0,5612,1415,47266,0.01
7,48688,4781,1.0,5613,1415,47273,0.01
7,48695,4782,1.0,5614,1415,47280,0.01
24,48719,4783,1.0,5615,1417,47302,0.01
2,48721,4783,0.0,5616,1418,47303,0.01
7,48728,4784,1.0,5617,1418,47310,0.01
7,48735,4785,1.0,5618,1418,47317,0.01
7,48742,4786,1.0,5619,1418,47324,0.01
7,48749,4787,1.0,5620,1418,47331,0.01
7,48756,4788,1.0,5621,1418,47338,0.01
7,48763,4789,1.0,5622,1418,47345,0.01
7,48770,4790,1.0,5623,1418,47352,0.01
7,48777,4791,1.0,5624,1418,47359,0.01
7,48784,4792,1.0,5625,1418,47366,0.01
7,48791,4793,1.0,5626,1418,47373,0.01
7,48798,4794,1.0,5627,1418,47380,0.01
7,48805,4795,1.0,5628,1418,47387,0.01
7,48812,4796,1.0,5629,1418,47394,0.01
7,48819,4797,1.0,5630,1418,47401,0.01
7,48826,4798,1.0,5631,1418,47408,0.01
7,48833,4799,1.0,5632,1418,47415,0.01
7,48840,4800,1.0,5633,1418,47422,0.01
7,48847,4801,1.0,5634,1418,47429,0.01
7,48854,4802,1.0,5635,1418,47436,0.01
7,48861,4803,1.0,5636,1418,47443,0.01
7,48868,4804,1.0,5637,1418,47450,0.01
7,48875,4805,1.0,5638,1418,47457,0.01
7,48882,4806,1.0,5639,1418,47464,0.01
7,48889,4807,1.0,5640,1418,47471,0.01
7,48896,4808,1.0,5641,1418,47478,0.01
7,48903,4809,1.0,5642,1418,47485,0.01
7,48910,4810,1.0,5643,1418,47492,0.01
7,48917,4811,1.0,5644,1419,47498,0.01
7,48924,4812,1.0,5645,1419,47505,0.01
7,48931,4813,1.0,5646,1419,47512,0.01
7,48938,4814,1.0,5647,1419,47519,0.01
7,48945,4815,1.0,5648,1419,47526,0.01
7,48952,4816,1.0,5649,1419,47533,0.01
7,48959,4817,1.0,5650,1419,47540,0.01
7,48966,4818,1.0,5651,1419,47547,0.01
7,48973,4819,1.0,5652,1420,47553,0.01
7,48980,4820,1.0,5653,1420,47560,0.01
7,48987,4821,1.0,5654,1420,47567,0.01
7,48994,4822,1.0,5655,1420,47574,0.01
7,49001,4823,1.0,5656,1420,47581,0.01
24,49025,4824,1.0,5657,1421,47604,0.01
26,49051,4825,1.0,5658,1422,47629,0.01
27,49078,4825,0.0,5659,1423,47655,0.01
4,49082,4825,0.0,5660,1424,47658,0.01
14,49096,4825,0.0,5661,1424,47672,0.01
42,49138,4826,1.0,5662,1424,47714,0.01
7,49145,4826,0.0,5663,1424,47721,0.01
22,49167,4827,1.0,5664,1424,47743,0.01
13,49180,4827,0.0,5665,1424,47756,0.01
13,49193,4827,0.0,5666,1424,47769,0.01
13,49206,4827,0.0,5667,1424,47782,0.01
9,49215,4827,0.0,5668,1424,47791,0.01
8,49223,4827,0.0,5669,1424,47799,0.01
22,49245,4827,0.0,5670,1424,47821,0.01
11,49256,4827,0.0,5671,1424,47832,0.01
5,49261,4827,0.0,5672,1424,47837,0.01
12,49273,4827,0.0,5673,1424,47849,0.01
13,49286,4827,0.0,5674,1424,47862,0.01
11,49297,4827,0.0,5675,1424,47873,0.01
26,49323,4828,1.0,5676,1424,47899,0.01
9,49332,4828,0.0,5677,1424,47908,0.01
9,49341,4828,0.0,5678,1424,47917,0.01
8,49349,4828,0.0,5679,1424,47925,0.01
9,49358,4828,0.0,5680,1424,47934,0.01
12,49370,4828,0.0,5681,1425,47945,0.01
9,49379,4828,0.0,5682,1425,47954,0.01
26,49405,4829,1.0,5683,1425,47980,0.01
24,49429,4830,1.0,5684,1425,48004,0.01
24,49453,4831,1.0,5685,1425,48028,0.01
24,49477,4832,1.0,5686,1425,48052,0.01
24,49501,4833,1.0,5687,1425,48076,0.01
24,49525,4834,1.0,5688,1426,48099,0.01
24,49549,4835,1.0,5689,1426,48123,0.01
24,49573,4836,1.0,5690,1427,48146,0.01
18,49591,4836,0.0,5691,1428,48163,0.01
13,49604,4836,0.0,5692,1428,48176,0.01
16,49620,4837,1.0,5693,1428,48192,0.01
8,49628,4838,1.0,5694,1428,48200,0.01
8,49636,4839,1.0,5695,1428,48208,0.01
8,49644,4840,1.0,5696,1428,48216,0.01
8,49652,4841,1.0,5697,1428,48224,0.01
8,49660,4842,1.0,5698,1428,48232,0.01
8,49668,4843,1.0,5699,1428,48240,0.01
8,49676,4844,1.0,5700,1428,48248,0.01
8,49684,4845,1.0,5701,1428,48256,0.01
8,49692,4846,1.0,5702,1428,48264,0.01
8,49700,4847,1.0,5703,1428,48272,0.01
8,49708,4848,1.0,5704,1428,48280,0.01
8,49716,4849,1.0,5705,1428,48288,0.01
8,49724,4850,1.0,5706,1428,48296,0.01
8,49732,4851,1.0,5707,1428,48304,0.01
8,49740,4852,1.0,5708,1428,48312,0.01
8,49748,4853,1.0,5709,1428,48320,0.01
8,49756,4854,1.0,5710,1428,48328,0.01
8,49764,4855,1.0,5711,1428,48336,0.01
8,49772,4856,1.0,5712,1428,48344,0.01
8,49780,4857,1.0,5713,1428,48352,0.01
8,49788,4858,1.0,5714,1428,48360,0.01
8,49796,4859,1.0,5715,1428,48368,0.01
8,49804,4860,1.0,5716,1429,48375,0.01
8,49812,4861,1.0,5717,1429,48383,0.01
8,49820,4862,1.0,5718,1429,48391,0.01
8,49828,4863,1.0,5719,1429,48399,0.01
8,49836,4864,1.0,5720,1429,48407,0.01
8,49844,4865,1.0,5721,1429,48415,0.01
8,49852,4866,1.0,5722,1429,48423,0.01
8,49860,4867,1.0,5723,1429,48431,0.01
8,49868,4868,1.0,5724,1429,48439,0.01
8,49876,4869,1.0,5725,1430,48446,0.01
8,49884,4870,1.0,5726,1430,48454,0.01
8,49892,4871,1.0,5727,1430,48462,0.01
8,49900,4872,1.0,5728,1430,48470,0.01
8,49908,4873,1.0,5729,1430,48478,0.01
8,49916,4874,1.0,5730,1430,48486,0.01
8,49924,4875,1.0,5731,1430,48494,0.01
8,49932,4876,1.0,5732,1430,48502,0.01
8,49940,4877,1.0,5733,1430,48510,0.01
8,49948,4878,1.0,5734,1430,48518,0.01
8,49956,4879,1.0,5735,1430,48526,0.01
8,49964,4880,1.0,5736,1430,48534,0.01
8,49972,4881,1.0,5737,1430,48542,0.01
8,49980,4882,1.0,5738,1430,48550,0.01
8,49988,4883,1.0,5739,1430,48558,0.01
8,49996,4884,1.0,5740,1430,48566,0.01
8,50004,4885,1.0,5741,1430,48574,0.01
8,50012,4886,1.0,5742,1430,48582,0.01
8,50020,4887,1.0,5743,1430,48590,0.01
8,50028,4888,1.0,5744,1430,48598,0.01
12,50040,4888,0.0,5745,1431,48609,0.01
16,50056,4888,0.0,5746,1431,48625,0.01
8,50064,4889,1.0,5747,1432,48632,0.01
8,50072,4890,1.0,5748,1432,48640,0.01
8,50080,4891,1.0,5749,1432,48648,0.01
8,50088,4892,1.0,5750,1432,48656,0.01
16,50104,4892,0.0,5751,1432,48672,0.01
9,50113,4892,0.0,5752,1432,48681,0.01
8,50121,4893,1.0,5753,1432,48689,0.01
8,50129,4894,1.0,5754,1432,48697,0.01
8,50137,4895,1.0,5755,1432,48705,0.01
8,50145,4896,1.0,5756,1433,48712,0.01
8,50153,4897,1.0,5757,1433,48720,0.01
8,50161,4898,1.0,5758,1433,48728,0.01
8,50169,4899,1.0,5759,1433,48736,0.01
8,50177,4900,1.0,5760,1433,48744,0.01
8,50185,4901,1.0,5761,1433,48752,0.01
8,50193,4902,1.0,5762,1433,48760,0.01
8,50201,4903,1.0,5763,1434,48767,0.01
8,50209,4904,1.0,5764,1434,48775,0.01
8,50217,4905,1.0,5765,1434,48783,0.01
8,50225,4906,1.0,5766,1434,48791,0.01
8,50233,4907,1.0,5767,1434,48799,0.01
8,50241,4908,1.0,5768,1434,48807,0.01
8,50249,4909,1.0,5769,1434,48815,0.01
8,50257,4910,1.0,5770,1434,48823,0.01
8,50265,4911,1.0,5771,1434,48831,0.01
8,50273,4912,1.0,5772,1434,48839,0.01
8,50281,4913,1.0,5773,1434,48847,0.01
8,50289,4914,1.0,5774,1434,48855,0.01
8,50297,4915,1.0,5775,1434,48863,0.01
8,50305,4916,1.0,5776,1434,48871,0.01
8,50313,4917,1.0,5777,1434,48879,0.01
8,50321,4918,1.0,5778,1434,48887,0.01
8,50329,4919,1.0,5779,1434,48895,0.01
8,50337,4920,1.0,5780,1434,48903,0.01
8,50345,4921,1.0,5781,1434,48911,0.01
8,50353,4922,1.0,5782,1434,48919,0.01
8,50361,4923,1.0,5783,1434,48927,0.01
8,50369,4924,1.0,5784,1434,48935,0.01
8,50377,4925,1.0,5785,1434,48943,0.01
8,50385,4926,1.0,5786,1434,48951,0.01
8,50393,4927,1.0,5787,1434,48959,0.01
8,50401,4928,1.0,5788,1434,48967,0.01
8,50409,4929,1.0,5789,1434,48975,0.01
8,50417,4930,1.0,5790,1434,48983,0.01
8,50425,4931,1.0,5791,1434,48991,0.01
8,50433,4932,1.0,5792,1434,48999,0.01
8,50441,4933,1.0,5793,1434,49007,0.01
8,50449,4934,1.0,5794,1434,49015,0.01
8,50457,4935,1.0,5795,1434,49023,0.01
8,50465,4936,1.0,5796,1434,49031,0.01
8,50473,4937,1.0,5797,1434,49039,0.01
8,50481,4938,1.0,5798,1434,49047,0.01
8,50489,4939,1.0,5799,1434,49055,0.01
8,50497,4940,1.0,5800,1434,49063,0.01
8,50505,4941,1.0,5801,1434,49071,0.01
8,50513,4942,1.0,5802,1434,49079,0.01
8,50521,4943,1.0,5803,1434,49087,0.01
8,50529,4944,1.0,5804,1434,49095,0.01
8,50537,4945,1.0,5805,1434,49103,0.01
8,50545,4946,1.0,5806,1434,49111,0.01
8,50553,4947,1.0,5807,1434,49119,0.01
8,50561,4948,1.0,5808,1434,49127,0.01
8,50569,4949,1.0,5809,1434,49135,0.01
8,50577,4950,1.0,5810,1434,49143,0.01
8,50585,4951,1.0,5811,1434,49151,0.01
9,50594,4951,0.0,5812,1435,49159,0.01
8,50602,4952,1.0,5813,1435,49167,0.01
8,50610,4953,1.0,5814,1435,49175,0.01
8,50618,4954,1.0,5815,1435,49183,0.01
8,50626,4955,1.0,5816,1435,49191,0.01
8,50634,4956,1.0,5817,1435,49199,0.01
8,50642,4957,1.0,5818,1435,49207,0.01
8,50650,4958,1.0,5819,1435,49215,0.01
8,50658,4959,1.0,5820,1435,49223,0.01
8,50666,4960,1.0,5821,1435,49231,0.01
8,50674,4961,1.0,5822,1435,49239,0.01
8,50682,4962,1.0,5823,1435,49247,0.01
8,50690,4963,1.0,5824,1435,49255,0.01
8,50698,4964,1.0,5825,1435,49263,0.01
8,50706,4965,1.0,5826,1435,49271,0.01
8,50714,4966,1.0,5827,1435,49279,0.01
8,50722,4967,1.0,5828,1435,49287,0.01
8,50730,4968,1.0,5829,1435,49295,0.01
8,50738,4969,1.0,5830,1435,49303,0.01
8,50746,4970,1.0,5831,1435,49311,0.01
8,50754,4971,1.0,5832,1435,49319,0.01
8,50762,4972,1.0,5833,1435,49327,0.01
8,50770,4973,1.0,5834,1435,49335,0.01
8,50778,4974,1.0,5835,1435,49343,0.01
8,50786,4975,1.0,5836,1435,49351,0.01
8,50794,4976,1.0,5837,1435,49359,0.01
8,50802,4977,1.0,5838,1435,49367,0.01
8,50810,4978,1.0,5839,1435,49375,0.01
8,50818,4979,1.0,5840,1436,49382,0.01
8,50826,4980,1.0,5841,1436,49390,0.01
8,50834,4981,1.0,5842,1436,49398,0.01
8,50842,4982,1.0,5843,1436,49406,0.01
8,50850,4983,1.0,5844,1436,49414,0.01
8,50858,4984,1.0,5845,1436,49422,0.01
8,50866,4985,1.0,5846,1436,49430,0.01
8,50874,4986,1.0,5847,1436,49438,0.01
8,50882,4987,1.0,5848,1436,49446,0.01
8,50890,4988,1.0,5849,1436,49454,0.01
8,50898,4989,1.0,5850,1436,49462,0.01
8,50906,4990,1.0,5851,1436,49470,0.01
8,50914,4991,1.0,5852,1436,49478,0.01
8,50922,4992,1.0,5853,1436,49486,0.01
8,50930,4993,1.0,5854,1437,49493,0.01
8,50938,4994,1.0,5855,1437,49501,0.01
8,50946,4995,1.0,5856,1437,49509,0.01
8,50954,4996,1.0,5857,1437,49517,0.01
16,50970,4997,1.0,5858,1438,49532,0.01
8,50978,4998,1.0,5859,1438,49540,0.01
8,50986,4999,1.0,5860,1438,49548,0.01
8,50994,5000,1.0,5861,1438,49556,0.01
8,51002,5001,1.0,5862,1438,49564,0.01
8,51010,5002,1.0,5863,1438,49572,0.01
8,51018,5003,1.0,5864,1438,49580,0.01
8,51026,5004,1.0,5865,1438,49588,0.01
8,51034,5005,1.0,5866,1438,49596,0.01
8,51042,5006,1.0,5867,1438,49604,0.01
8,51050,5007,1.0,5868,1438,49612,0.01
8,51058,5008,1.0,5869,1438,49620,0.01
8,51066,5009,1.0,5870,1438,49628,0.01
8,51074,5010,1.0,5871,1438,49636,0.01
8,51082,5011,1.0,5872,1438,49644,0.01
8,51090,5012,1.0,5873,1438,49652,0.01
8,51098,5013,1.0,5874,1438,49660,0.01
8,51106,5014,1.0,5875,1438,49668,0.01
8,51114,5015,1.0,5876,1438,49676,0.01
8,51122,5016,1.0,5877,1438,49684,0.01
8,51130,5017,1.0,5878,1438,49692,0.01
8,51138,5018,1.0,5879,1438,49700,0.01
8,51146,5019,1.0,5880,1439,49707,0.01
8,51154,5020,1.0,5881,1439,49715,0.01
8,51162,5021,1.0,5882,1439,49723,0.01
8,51170,5022,1.0,5883,1439,49731,0.01
8,51178,5023,1.0,5884,1439,49739,0.01
8,51186,5024,1.0,5885,1439,49747,0.01
8,51194,5025,1.0,5886,1439,49755,0.01
8,51202,5026,1.0,5887,1439,49763,0.01
8,51210,5027,1.0,5888,1439,49771,0.01
8,51218,5028,1.0,5889,1440,49778,0.01
8,51226,5029,1.0,5890,1440,49786,0.01
8,51234,5030,1.0,5891,1440,49794,0.01
8,51242,5031,1.0,5892,1440,49802,0.01
8,51250,5032,1.0,5893,1440,49810,0.01
8,51258,5033,1.0,5894,1440,49818,0.01
8,51266,5034,1.0,5895,1440,49826,0.01
8,51274,5035,1.0,5896,1440,49834,0.01
8,51282,5036,1.0,5897,1440,49842,0.01
8,51290,5037,1.0,5898,1440,49850,0.01
8,51298,5038,1.0,5899,1440,49858,0.01
8,51306,5039,1.0,5900,1441,49865,0.01
8,51314,5040,1.0,5901,1441,49873,0.01
8,51322,5041,1.0,5902,1441,49881,0.01
8,51330,5042,1.0,5903,1441,49889,0.01
8,51338,5043,1.0,5904,1441,49897,0.01
8,51346,5044,1.0,5905,1441,49905,0.01
8,51354,5045,1.0,5906,1441,49913,0.01
8,51362,5046,1.0,5907,1441,49921,0.01
8,51370,5047,1.0,5908,1441,49929,0.01
8,51378,5048,1.0,5909,1441,49937,0.01
9,51387,5048,0.0,5910,1442,49945,0.01
8,51395,5049,1.0,5911,1442,49953,0.01
8,51403,5050,1.0,5912,1442,49961,0.01
8,51411,5051,1.0,5913,1442,49969,0.01
8,51419,5052,1.0,5914,1442,49977,0.01
8,51427,5053,1.0,5915,1442,49985,0.01
8,51435,5054,1.0,5916,1442,49993,0.01
8,51443,5055,1.0,5917,1442,50001,0.01
8,51451,5056,1.0,5918,1442,50009,0.01
8,51459,5057,1.0,5919,1442,50017,0.01
8,51467,5058,1.0,5920,1442,50025,0.01
8,51475,5059,1.0,5921,1442,50033,0.01
8,51483,5060,1.0,5922,1442,50041,0.01
8,51491,5061,1.0,5923,1442,50049,0.01
8,51499,5062,1.0,5924,1442,50057,0.01
8,51507,5063,1.0,5925,1442,50065,0.01
8,51515,5064,1.0,5926,1442,50073,0.01
8,51523,5065,1.0,5927,1442,50081,0.01
8,51531,5066,1.0,5928,1442,50089,0.01
8,51539,5067,1.0,5929,1442,50097,0.01
8,51547,5068,1.0,5930,1442,50105,0.01
16,51563,5069,1.0,5931,1443,50120,0.01
8,51571,5070,1.0,5932,1443,50128,0.01
8,51579,5071,1.0,5933,1443,50136,0.01
8,51587,5072,1.0,5934,1443,50144,0.01
8,51595,5073,1.0,5935,1443,50152,0.01
8,51603,5074,1.0,5936,1443,50160,0.01
8,51611,5075,1.0,5937,1443,50168,0.01
8,51619,5076,1.0,5938,1443,50176,0.01
8,51627,5077,1.0,5939,1443,50184,0.01
8,51635,5078,1.0,5940,1443,50192,0.01
8,51643,5079,1.0,5941,1443,50200,0.01
8,51651,5080,1.0,5942,1443,50208,0.01
8,51659,5081,1.0,5943,1443,50216,0.01
8,51667,5082,1.0,5944,1443,50224,0.01
8,51675,5083,1.0,5945,1443,50232,0.01
8,51683,5084,1.0,5946,1443,50240,0.01
9,51692,5084,0.0,5947,1444,50248,0.01
8,51700,5085,1.0,5948,1444,50256,0.01
8,51708,5086,1.0,5949,1444,50264,0.01
9,51717,5086,0.0,5950,1445,50272,0.01
8,51725,5087,1.0,5951,1445,50280,0.01
8,51733,5088,1.0,5952,1445,50288,0.01
8,51741,5089,1.0,5953,1445,50296,0.01
8,51749,5090,1.0,5954,1445,50304,0.01
8,51757,5091,1.0,5955,1445,50312,0.01
8,51765,5092,1.0,5956,1445,50320,0.01
8,51773,5093,1.0,5957,1445,50328,0.01
8,51781,5094,1.0,5958,1445,50336,0.01
8,51789,5095,1.0,5959,1445,50344,0.01
8,51797,5096,1.0,5960,1446,50351,0.01
8,51805,5097,1.0,5961,1446,50359,0.01
8,51813,5098,1.0,5962,1446,50367,0.01
8,51821,5099,1.0,5963,1446,50375,0.01
8,51829,5100,1.0,5964,1446,50383,0.01
8,51837,5101,1.0,5965,1446,50391,0.01
8,51845,5102,1.0,5966,1446,50399,0.01
8,51853,5103,1.0,5967,1446,50407,0.01
8,51861,5104,1.0,5968,1446,50415,0.01
8,51869,5105,1.0,5969,1446,50423,0.01
8,51877,5106,1.0,5970,1446,50431,0.01
8,51885,5107,1.0,5971,1446,50439,0.01
8,51893,5108,1.0,5972,1446,50447,0.01
8,51901,5109,1.0,5973,1446,50455,0.01
8,51909,5110,1.0,5974,1446,50463,0.01
8,51917,5111,1.0,5975,1446,50471,0.01
8,51925,5112,1.0,5976,1446,50479,0.01
8,51933,5113,1.0,5977,1446,50487,0.01
8,51941,5114,1.0,5978,1446,50495,0.01
8,51949,5115,1.0,5979,1446,50503,0.01
8,51957,5116,1.0,5980,1446,50511,0.01
8,51965,5117,1.0,5981,1446,50519,0.01
8,51973,5118,1.0,5982,1446,50527,0.01
8,51981,5119,1.0,5983,1446,50535,0.01
8,51989,5120,1.0,5984,1446,50543,0.01
8,51997,5121,1.0,5985,1446,50551,0.01
8,52005,5122,1.0,5986,1446,50559,0.01
8,52013,5123,1.0,5987,1446,50567,0.01
8,52021,5124,1.0,5988,1446,50575,0.01
8,52029,5125,1.0,5989,1446,50583,0.01
8,52037,5126,1.0,5990,1446,50591,0.01
8,52045,5127,1.0,5991,1447,50598,0.01
8,52053,5128,1.0,5992,1447,50606,0.01
8,52061,5129,1.0,5993,1447,50614,0.01
8,52069,5130,1.0,5994,1447,50622,0.01
8,52077,5131,1.0,5995,1447,50630,0.01
8,52085,5132,1.0,5996,1447,50638,0.01
8,52093,5133,1.0,5997,1447,50646,0.01
8,52101,5134,1.0,5998,1447,50654,0.01
8,52109,5135,1.0,5999,1447,50662,0.01
10,52119,5136,1.0,6000,1448,50671,0.01
9,52128,5136,0.0,6001,1448,50680,0.01
9,52137,5137,1.0,6002,1448,50689,0.01
9,52146,5138,1.0,6003,1448,50698,0.01
9,52155,5138,0.0,6004,1448,50707,0.01
9,52164,5138,0.0,6005,1448,50716,0.01
9,52173,5138,0.0,6006,1448,50725,0.01
40,52213,5138,0.0,6007,1449,50764,0.01
13,52226,5138,0.0,6008,1449,50777,0.01
8,52234,5138,0.0,6009,1449,50785,0.01
9,52243,5138,0.0,6010,1449,50794,0.01
9,52252,5138,0.0,6011,1449,50803,0.01
8,52260,5138,0.0,6012,1449,50811,0.01
9,52269,5138,0.0,6013,1449,50820,0.01
27,52296,5138,0.0,6014,1449,50847,0.01
8,52304,5139,1.0,6015,1449,50855,0.01
8,52312,5140,1.0,6016,1449,50863,0.01
8,52320,5141,1.0,6017,1449,50871,0.01
8,52328,5142,1.0,6018,1449,50879,0.01
8,52336,5143,1.0,6019,1449,50887,0.01
8,52344,5144,1.0,6020,1449,50895,0.01
8,52352,5145,1.0,6021,1449,50903,0.01
8,52360,5146,1.0,6022,1449,50911,0.01
8,52368,5147,1.0,6023,1449,50919,0.01
8,52376,5148,1.0,6024,1449,50927,0.01
8,52384,5149,1.0,6025,1449,50935,0.01
8,52392,5150,1.0,6026,1449,50943,0.01
8,52400,5151,1.0,6027,1449,50951,0.01
8,52408,5152,1.0,6028,1449,50959,0.01
8,52416,5153,1.0,6029,1449,50967,0.01
8,52424,5154,1.0,6030,1449,50975,0.01
8,52432,5155,1.0,6031,1449,50983,0.01
8,52440,5156,1.0,6032,1449,50991,0.01
8,52448,5157,1.0,6033,1449,50999,0.01
8,52456,5158,1.0,6034,1449,51007,0.01
8,52464,5159,1.0,6035,1449,51015,0.01
20,52484,5159,0.0,6036,1451,51033,0.01
8,52492,5160,1.0,6037,1451,51041,0.01
5,52497,5160,0.0,6038,1452,51045,0.01
8,52505,5161,1.0,6039,1452,51053,0.01
8,52513,5162,1.0,6040,1452,51061,0.01
8,52521,5163,1.0,6041,1452,51069,0.01
8,52529,5164,1.0,6042,1452,51077,0.01
8,52537,5165,1.0,6043,1452,51085,0.01
8,52545,5166,1.0,6044,1452,51093,0.01
8,52553,5167,1.0,6045,1452,51101,0.01
35,52588,5167,0.0,6046,1455,51133,0.01
19,52607,5167,0.0,6047,1455,51152,0.01
11,52618,5167,0.0,6048,1455,51163,0.01
11,52629,5167,0.0,6049,1455,51174,0.01
12,52641,5167,0.0,6050,1455,51186,0.01
9,52650,5167,0.0,6051,1455,51195,0.01
40,52690,5167,0.0,6052,1458,51232,0.01
9,52699,5167,0.0,6053,1458,51241,0.01
13,52712,5167,0.0,6054,1458,51254,0.01
8,52720,5167,0.0,6055,1459,51261,0.01
13,52733,5167,0.0,6056,1459,51274,0.01
12,52745,5167,0.0,6057,1460,51285,0.01
13,52758,5167,0.0,6058,1460,51298,0.01
12,52770,5167,0.0,6059,1461,51309,0.01
20,52790,5168,1.0,6060,1461,51329,0.01
8,52798,5168,0.0,6061,1462,51336,0.01
9,52807,5168,0.0,6062,1462,51345,0.01
12,52819,5168,0.0,6063,1463,51356,0.01
8,52827,5168,0.0,6064,1463,51364,0.01
8,52835,5168,0.0,6065,1463,51372,0.01
8,52843,5168,0.0,6066,1463,51380,0.01
8,52851,5168,0.0,6067,1463,51388,0.01
6,52857,5168,0.0,6068,1463,51394,0.01
8,52865,5168,0.0,6069,1463,51402,0.01
8,52873,5168,0.0,6070,1463,51410,0.01
9,52882,5168,0.0,6071,1463,51419,0.01
6,52888,5168,0.0,6072,1463,51425,0.01
8,52896,5168,0.0,6073,1463,51433,0.01
8,52904,5169,1.0,6074,1463,51441,0.01
8,52912,5170,1.0,6075,1463,51449,0.01
8,52920,5171,1.0,6076,1463,51457,0.01
8,52928,5172,1.0,6077,1463,51465,0.01
8,52936,5173,1.0,6078,1464,51472,0.01
8,52944,5174,1.0,6079,1464,51480,0.01
8,52952,5175,1.0,6080,1464,51488,0.01
8,52960,5176,1.0,6081,1464,51496,0.01
8,52968,5177,1.0,6082,1464,51504,0.01
8,52976,5178,1.0,6083,1464,51512,0.01
8,52984,5179,1.0,6084,1464,51520,0.01
8,52992,5180,1.0,6085,1464,51528,0.01
8,53000,5181,1.0,6086,1464,51536,0.01
8,53008,5182,1.0,6087,1464,51544,0.01
8,53016,5183,1.0,6088,1464,51552,0.01
8,53024,5184,1.0,6089,1464,51560,0.01
8,53032,5185,1.0,6090,1464,51568,0.01
8,53040,5186,1.0,6091,1464,51576,0.01
8,53048,5187,1.0,6092,1464,51584,0.01
8,53056,5188,1.0,6093,1464,51592,0.01
8,53064,5189,1.0,6094,1464,51600,0.01
8,53072,5190,1.0,6095,1464,51608,0.01
8,53080,5191,1.0,6096,1464,51616,0.01
8,53088,5192,1.0,6097,1464,51624,0.01
8,53096,5193,1.0,6098,1464,51632,0.01
8,53104,5194,1.0,6099,1464,51640,0.01
8,53112,5195,1.0,6100,1464,51648,0.01
8,53120,5196,1.0,6101,1464,51656,0.01
12,53132,5196,0.0,6102,1465,51667,0.01
9,53141,5196,0.0,6103,1465,51676,0.01
8,53149,5197,1.0,6104,1465,51684,0.01
8,53157,5198,1.0,6105,1465,51692,0.01
8,53165,5199,1.0,6106,1465,51700,0.01
8,53173,5200,1.0,6107,1465,51708,0.01
8,53181,5201,1.0,6108,1465,51716,0.01
8,53189,5202,1.0,6109,1465,51724,0.01
8,53197,5203,1.0,6110,1466,51731,0.01
8,53205,5204,1.0,6111,1466,51739,0.01
8,53213,5205,1.0,6112,1466,51747,0.01
8,53221,5206,1.0,6113,1466,51755,0.01
8,53229,5207,1.0,6114,1466,51763,0.01
8,53237,5208,1.0,6115,1466,51771,0.01
8,53245,5209,1.0,6116,1466,51779,0.01
8,53253,5210,1.0,6117,1466,51787,0.01
8,53261,5211,1.0,6118,1466,51795,0.01
8,53269,5212,1.0,6119,1466,51803,0.01
8,53277,5213,1.0,6120,1466,51811,0.01
8,53285,5214,1.0,6121,1466,51819,0.01
8,53293,5215,1.0,6122,1466,51827,0.01
8,53301,5216,1.0,6123,1466,51835,0.01
8,53309,5217,1.0,6124,1466,51843,0.01
8,53317,5218,1.0,6125,1466,51851,0.01
8,53325,5219,1.0,6126,1466,51859,0.01
8,53333,5220,1.0,6127,1466,51867,0.01
8,53341,5221,1.0,6128,1466,51875,0.01
8,53349,5222,1.0,6129,1466,51883,0.01
8,53357,5223,1.0,6130,1466,51891,0.01
8,53365,5224,1.0,6131,1466,51899,0.01
8,53373,5225,1.0,6132,1466,51907,0.01
8,53381,5226,1.0,6133,1466,51915,0.01
8,53389,5227,1.0,6134,1466,51923,0.01
8,53397,5228,1.0,6135,1466,51931,0.01
8,53405,5229,1.0,6136,1466,51939,0.01
8,53413,5230,1.0,6137,1466,51947,0.01
8,53421,5231,1.0,6138,1466,51955,0.01
8,53429,5232,1.0,6139,1466,51963,0.01
8,53437,5233,1.0,6140,1466,51971,0.01
8,53445,5234,1.0,6141,1466,51979,0.01
8,53453,5235,1.0,6142,1466,51987,0.01
8,53461,5236,1.0,6143,1466,51995,0.01
8,53469,5237,1.0,6144,1466,52003,0.01
8,53477,5238,1.0,6145,1466,52011,0.01
8,53485,5239,1.0,6146,1466,52019,0.01
8,53493,5240,1.0,6147,1466,52027,0.01
8,53501,5241,1.0,6148,1466,52035,0.01
8,53509,5242,1.0,6149,1466,52043,0.01
8,53517,5243,1.0,6150,1466,52051,0.01
8,53525,5244,1.0,6151,1467,52058,0.01
8,53533,5245,1.0,6152,1467,52066,0.01
8,53541,5246,1.0,6153,1468,52073,0.01
8,53549,5247,1.0,6154,1468,52081,0.01
8,53557,5248,1.0,6155,1468,52089,0.01
8,53565,5249,1.0,6156,1468,52097,0.01
8,53573,5250,1.0,6157,1468,52105,0.01
8,53581,5251,1.0,6158,1468,52113,0.01
8,53589,5252,1.0,6159,1468,52121,0.01
8,53597,5253,1.0,6160,1468,52129,0.01
8,53605,5254,1.0,6161,1468,52137,0.01
8,53613,5255,1.0,6162,1468,52145,0.01
8,53621,5256,1.0,6163,1468,52153,0.01
8,53629,5257,1.0,6164,1468,52161,0.01
8,53637,5258,1.0,6165,1468,52169,0.01
8,53645,5259,1.0,6166,1468,52177,0.01
8,53653,5260,1.0,6167,1469,52184,0.01
8,53661,5261,1.0,6168,1469,52192,0.01
8,53669,5262,1.0,6169,1469,52200,0.01
8,53677,5263,1.0,6170,1469,52208,0.01
8,53685,5264,1.0,6171,1469,52216,0.01
4,53689,5264,0.0,6172,1470,52219,0.01
8,53697,5265,1.0,6173,1470,52227,0.01
8,53705,5266,1.0,6174,1470,52235,0.01
8,53713,5267,1.0,6175,1470,52243,0.01
8,53721,5268,1.0,6176,1470,52251,0.01
8,53729,5269,1.0,6177,1470,52259,0.01
8,53737,5270,1.0,6178,1470,52267,0.01
8,53745,5271,1.0,6179,1470,52275,0.01
8,53753,5272,1.0,6180,1470,52283,0.01
8,53761,5273,1.0,6181,1470,52291,0.01
8,53769,5274,1.0,6182,1470,52299,0.01
8,53777,5275,1.0,6183,1470,52307,0.01
8,53785,5276,1.0,6184,1470,52315,0.01
8,53793,5277,1.0,6185,1470,52323,0.01
8,53801,5278,1.0,6186,1470,52331,0.01
8,53809,5279,1.0,6187,1470,52339,0.01
8,53817,5280,1.0,6188,1470,52347,0.01
8,53825,5281,1.0,6189,1470,52355,0.01
8,53833,5282,1.0,6190,1470,52363,0.01
8,53841,5283,1.0,6191,1470,52371,0.01
8,53849,5284,1.0,6192,1470,52379,0.01
8,53857,5285,1.0,6193,1470,52387,0.01
8,53865,5286,1.0,6194,1470,52395,0.01
8,53873,5287,1.0,6195,1470,52403,0.01
8,53881,5288,1.0,6196,1471,52410,0.01
8,53889,5289,1.0,6197,1471,52418,0.01
8,53897,5290,1.0,6198,1471,52426,0.01
8,53905,5291,1.0,6199,1471,52434,0.01
8,53913,5292,1.0,6200,1471,52442,0.01
8,53921,5293,1.0,6201,1471,52450,0.01
8,53929,5294,1.0,6202,1471,52458,0.01
8,53937,5295,1.0,6203,1471,52466,0.01
8,53945,5296,1.0,6204,1471,52474,0.01
8,53953,5297,1.0,6205,1471,52482,0.01
8,53961,5298,1.0,6206,1471,52490,0.01
8,53969,5299,1.0,6207,1471,52498,0.01
8,53977,5300,1.0,6208,1471,52506,0.01
8,53985,5301,1.0,6209,1471,52514,0.01
8,53993,5302,1.0,6210,1471,52522,0.01
8,54001,5303,1.0,6211,1471,52530,0.01
8,54009,5304,1.0,6212,1471,52538,0.01
8,54017,5305,1.0,6213,1471,52546,0.01
8,54025,5306,1.0,6214,1471,52554,0.01
9,54034,5306,0.0,6215,1472,52562,0.01
8,54042,5307,1.0,6216,1472,52570,0.01
8,54050,5308,1.0,6217,1472,52578,0.01
8,54058,5309,1.0,6218,1472,52586,0.01
8,54066,5310,1.0,6219,1472,52594,0.01
8,54074,5311,1.0,6220,1472,52602,0.01
8,54082,5312,1.0,6221,1472,52610,0.01
8,54090,5313,1.0,6222,1472,52618,0.01
8,54098,5314,1.0,6223,1472,52626,0.01
8,54106,5315,1.0,6224,1472,52634,0.01
8,54114,5316,1.0,6225,1472,52642,0.01
8,54122,5317,1.0,6226,1472,52650,0.01
8,54130,5318,1.0,6227,1472,52658,0.01
8,54138,5319,1.0,6228,1472,52666,0.01
8,54146,5320,1.0,6229,1472,52674,0.01
8,54154,5321,1.0,6230,1472,52682,0.01
8,54162,5322,1.0,6231,1472,52690,0.01
8,54170,5323,1.0,6232,1472,52698,0.01
8,54178,5324,1.0,6233,1472,52706,0.01
8,54186,5325,1.0,6234,1472,52714,0.01
8,54194,5326,1.0,6235,1472,52722,0.01
8,54202,5327,1.0,6236,1472,52730,0.01
8,54210,5328,1.0,6237,1472,52738,0.01
8,54218,5329,1.0,6238,1472,52746,0.01
8,54226,5330,1.0,6239,1472,52754,0.01
8,54234,5331,1.0,6240,1472,52762,0.01
9,54243,5331,0.0,6241,1473,52770,0.01
8,54251,5332,1.0,6242,1473,52778,0.01
8,54259,5333,1.0,6243,1473,52786,0.01
8,54267,5334,1.0,6244,1473,52794,0.01
8,54275,5335,1.0,6245,1473,52802,0.01
8,54283,5336,1.0,6246,1473,52810,0.01
8,54291,5337,1.0,6247,1473,52818,0.01
8,54299,5338,1.0,6248,1473,52826,0.01
8,54307,5339,1.0,6249,1473,52834,0.01
8,54315,5340,1.0,6250,1473,52842,0.01
8,54323,5341,1.0,6251,1473,52850,0.01
8,54331,5342,1.0,6252,1473,52858,0.01
8,54339,5343,1.0,6253,1473,52866,0.01
8,54347,5344,1.0,6254,1473,52874,0.01
4,54351,5344,0.0,6255,1474,52877,0.01
8,54359,5345,1.0,6256,1474,52885,0.01
8,54367,5346,1.0,6257,1474,52893,0.01
8,54375,5347,1.0,6258,1474,52901,0.01
8,54383,5348,1.0,6259,1474,52909,0.01
8,54391,5349,1.0,6260,1474,52917,0.01
8,54399,5350,1.0,6261,1474,52925,0.01
9,54408,5350,0.0,6262,1475,52933,0.01
8,54416,5351,1.0,6263,1475,52941,0.01
8,54424,5352,1.0,6264,1475,52949,0.01
8,54432,5353,1.0,6265,1475,52957,0.01
8,54440,5354,1.0,6266,1475,52965,0.01
8,54448,5355,1.0,6267,1475,52973,0.01
8,54456,5356,1.0,6268,1475,52981,0.01
8,54464,5357,1.0,6269,1475,52989,0.01
8,54472,5358,1.0,6270,1475,52997,0.01
8,54480,5359,1.0,6271,1475,53005,0.01
8,54488,5360,1.0,6272,1475,53013,0.01
8,54496,5361,1.0,6273,1475,53021,0.01
8,54504,5362,1.0,6274,1475,53029,0.01
8,54512,5363,1.0,6275,1475,53037,0.01
8,54520,5364,1.0,6276,1475,53045,0.01
8,54528,5365,1.0,6277,1475,53053,0.01
8,54536,5366,1.0,6278,1475,53061,0.01
8,54544,5367,1.0,6279,1475,53069,0.01
8,54552,5368,1.0,6280,1475,53077,0.01
8,54560,5369,1.0,6281,1475,53085,0.01
8,54568,5370,1.0,6282,1475,53093,0.01
8,54576,5371,1.0,6283,1475,53101,0.01
8,54584,5372,1.0,6284,1475,53109,0.01
8,54592,5373,1.0,6285,1475,53117,0.01
8,54600,5374,1.0,6286,1475,53125,0.01
8,54608,5375,1.0,6287,1475,53133,0.01
8,54616,5376,1.0,6288,1475,53141,0.01
8,54624,5377,1.0,6289,1475,53149,0.01
8,54632,5378,1.0,6290,1475,53157,0.01
8,54640,5379,1.0,6291,1475,53165,0.01
8,54648,5380,1.0,6292,1475,53173,0.01
8,54656,5381,1.0,6293,1475,53181,0.01
8,54664,5382,1.0,6294,1475,53189,0.01
8,54672,5383,1.0,6295,1475,53197,0.01
8,54680,5384,1.0,6296,1475,53205,0.01
8,54688,5385,1.0,6297,1475,53213,0.01
8,54696,5386,1.0,6298,1475,53221,0.01
8,54704,5387,1.0,6299,1475,53229,0.01
8,54712,5388,1.0,6300,1475,53237,0.01
8,54720,5389,1.0,6301,1475,53245,0.01
8,54728,5390,1.0,6302,1475,53253,0.01
8,54736,5391,1.0,6303,1475,53261,0.01
8,54744,5392,1.0,6304,1475,53269,0.01
8,54752,5393,1.0,6305,1475,53277,0.01
8,54760,5394,1.0,6306,1475,53285,0.01
8,54768,5395,1.0,6307,1475,53293,0.01
8,54776,5396,1.0,6308,1475,53301,0.01
8,54784,5397,1.0,6309,1475,53309,0.01
8,54792,5398,1.0,6310,1475,53317,0.01
4,54796,5398,0.0,6311,1476,53320,0.01
8,54804,5399,1.0,6312,1476,53328,0.01
8,54812,5400,1.0,6313,1476,53336,0.01
8,54820,5401,1.0,6314,1476,53344,0.01
8,54828,5402,1.0,6315,1476,53352,0.01
8,54836,5403,1.0,6316,1476,53360,0.01
8,54844,5404,1.0,6317,1476,53368,0.01
8,54852,5405,1.0,6318,1476,53376,0.01
8,54860,5406,1.0,6319,1477,53383,0.01
8,54868,5407,1.0,6320,1477,53391,0.01
6,54874,5407,0.0,6321,1478,53396,0.01
8,54882,5408,1.0,6322,1478,53404,0.01
8,54890,5409,1.0,6323,1478,53412,0.01
8,54898,5410,1.0,6324,1478,53420,0.01
8,54906,5411,1.0,6325,1478,53428,0.01
8,54914,5412,1.0,6326,1478,53436,0.01
8,54922,5413,1.0,6327,1478,53444,0.01
8,54930,5414,1.0,6328,1478,53452,0.01
8,54938,5415,1.0,6329,1478,53460,0.01
8,54946,5416,1.0,6330,1478,53468,0.01
8,54954,5417,1.0,6331,1478,53476,0.01
8,54962,5418,1.0,6332,1478,53484,0.01
8,54970,5419,1.0,6333,1478,53492,0.01
8,54978,5420,1.0,6334,1478,53500,0.01
8,54986,5421,1.0,6335,1478,53508,0.01
8,54994,5422,1.0,6336,1478,53516,0.01
4,54998,5422,0.0,6337,1479,53519,0.01
8,55006,5423,1.0,6338,1479,53527,0.01
8,55014,5424,1.0,6339,1479,53535,0.01
8,55022,5425,1.0,6340,1479,53543,0.01
8,55030,5426,1.0,6341,1479,53551,0.01
8,55038,5427,1.0,6342,1479,53559,0.01
8,55046,5428,1.0,6343,1479,53567,0.01
8,55054,5429,1.0,6344,1479,53575,0.01
8,55062,5430,1.0,6345,1479,53583,0.01
8,55070,5431,1.0,6346,1479,53591,0.01
8,55078,5432,1.0,6347,1479,53599,0.01
8,55086,5433,1.0,6348,1479,53607,0.01
8,55094,5434,1.0,6349,1479,53615,0.01
8,55102,5435,1.0,6350,1479,53623,0.01
8,55110,5436,1.0,6351,1479,53631,0.01
8,55118,5437,1.0,6352,1479,53639,0.01
8,55126,5438,1.0,6353,1479,53647,0.01
8,55134,5439,1.0,6354,1480,53654,0.01
8,55142,5439,0.0,6355,1481,53661,0.01
8,55150,5440,1.0,6356,1481,53669,0.01
8,55158,5441,1.0,6357,1481,53677,0.01
8,55166,5442,1.0,6358,1481,53685,0.01
8,55174,5443,1.0,6359,1481,53693,0.01
8,55182,5444,1.0,6360,1481,53701,0.01
8,55190,5445,1.0,6361,1481,53709,0.01
8,55198,5446,1.0,6362,1481,53717,0.01
8,55206,5447,1.0,6363,1481,53725,0.01
8,55214,5448,1.0,6364,1481,53733,0.01
8,55222,5449,1.0,6365,1481,53741,0.01
8,55230,5450,1.0,6366,1481,53749,0.01
8,55238,5451,1.0,6367,1481,53757,0.01
8,55246,5452,1.0,6368,1481,53765,0.01
8,55254,5453,1.0,6369,1481,53773,0.01
8,55262,5454,1.0,6370,1481,53781,0.01
8,55270,5455,1.0,6371,1481,53789,0.01
8,55278,5456,1.0,6372,1482,53796,0.01
8,55286,5457,1.0,6373,1482,53804,0.01
8,55294,5458,1.0,6374,1482,53812,0.01
8,55302,5459,1.0,6375,1482,53820,0.01
8,55310,5460,1.0,6376,1482,53828,0.01
8,55318,5461,1.0,6377,1482,53836,0.01
8,55326,5462,1.0,6378,1482,53844,0.01
9,55335,5462,0.0,6379,1483,53852,0.01
8,55343,5463,1.0,6380,1483,53860,0.01
8,55351,5464,1.0,6381,1483,53868,0.01
12,55363,5464,0.0,6382,1483,53880,0.01
9,55372,5464,0.0,6383,1483,53889,0.01
8,55380,5465,1.0,6384,1483,53897,0.01
8,55388,5466,1.0,6385,1483,53905,0.01
8,55396,5467,1.0,6386,1483,53913,0.01
8,55404,5468,1.0,6387,1483,53921,0.01
8,55412,5469,1.0,6388,1483,53929,0.01
9,55421,5469,0.0,6389,1483,53938,0.01
9,55430,5469,0.0,6390,1483,53947,0.01
37,55467,5469,0.0,6391,1483,53984,0.01
16,55483,5470,1.0,6392,1483,54000,0.01
9,55492,5470,0.0,6393,1483,54009,0.01
9,55501,5470,0.0,6394,1483,54018,0.01
6,55507,5470,0.0,6395,1484,54023,0.01
19,55526,5470,0.0,6396,1484,54042,0.01
32,55558,5470,0.0,6397,1484,54074,0.01
35,55593,5470,0.0,6398,1485,54108,0.01
8,55601,5471,1.0,6399,1485,54116,0.01
8,55609,5472,1.0,6400,1485,54124,0.01
8,55617,5473,1.0,6401,1485,54132,0.01
8,55625,5474,1.0,6402,1485,54140,0.01
8,55633,5475,1.0,6403,1485,54148,0.01
8,55641,5476,1.0,6404,1485,54156,0.01
16,55657,5477,1.0,6405,1486,54171,0.01
8,55665,5478,1.0,6406,1486,54179,0.01
8,55673,5479,1.0,6407,1486,54187,0.01
8,55681,5480,1.0,6408,1486,54195,0.01
8,55689,5481,1.0,6409,1486,54203,0.01
9,55698,5481,0.0,6410,1487,54211,0.01
8,55706,5482,1.0,6411,1487,54219,0.01
8,55714,5483,1.0,6412,1487,54227,0.01
8,55722,5484,1.0,6413,1487,54235,0.01
8,55730,5485,1.0,6414,1487,54243,0.01
7,55737,5485,0.0,6415,1488,54249,0.01
8,55745,5486,1.0,6416,1488,54257,0.01
8,55753,5487,1.0,6417,1488,54265,0.01
8,55761,5488,1.0,6418,1488,54273,0.01
8,55769,5489,1.0,6419,1488,54281,0.01
8,55777,5490,1.0,6420,1488,54289,0.01
8,55785,5491,1.0,6421,1488,54297,0.01
8,55793,5492,1.0,6422,1488,54305,0.01
8,55801,5493,1.0,6423,1488,54313,0.01
8,55809,5494,1.0,6424,1488,54321,0.01
8,55817,5495,1.0,6425,1488,54329,0.01
8,55825,5496,1.0,6426,1488,54337,0.01
8,55833,5497,1.0,6427,1488,54345,0.01
8,55841,5498,1.0,6428,1488,54353,0.01
8,55849,5499,1.0,6429,1488,54361,0.01
4,55853,5499,0.0,6430,1489,54364,0.01
8,55861,5500,1.0,6431,1489,54372,0.01
30,55891,5500,0.0,6432,1491,54400,0.01
9,55900,5500,0.0,6433,1491,54409,0.01
8,55908,5500,0.0,6434,1492,54416,0.01
8,55916,5501,1.0,6435,1492,54424,0.01
9,55925,5501,0.0,6436,1492,54433,0.01
9,55934,5501,0.0,6437,1493,54441,0.01
12,55946,5501,0.0,6438,1493,54453,0.01
19,55965,5501,0.0,6439,1493,54472,0.01
9,55974,5501,0.0,6440,1493,54481,0.01
10,55984,5501,0.0,6441,1493,54491,0.01
12,55996,5501,0.0,6442,1493,54503,0.01
30,56026,5501,0.0,6443,1493,54533,0.01
30,56056,5502,1.0,6444,1493,54563,0.01
7,56063,5502,0.0,6445,1493,54570,0.01
9,56072,5502,0.0,6446,1493,54579,0.01
19,56091,5502,0.0,6447,1493,54598,0.01
9,56100,5502,0.0,6448,1493,54607,0.01
8,56108,5502,0.0,6449,1493,54615,0.01
9,56117,5503,1.0,6450,1493,54624,0.01
40,56157,5503,0.0,6451,1493,54664,0.01
40,56197,5503,0.0,6452,1493,54704,0.01
9,56206,5503,0.0,6453,1493,54713,0.01
4,56210,5503,0.0,6454,1493,54717,0.01
27,56237,5504,1.0,6455,1494,54743,0.01
17,56254,5504,0.0,6456,1494,54760,0.01
17,56271,5504,0.0,6457,1494,54777,0.01
47,56318,5504,0.0,6458,1494,54824,0.01
12,56330,5504,0.0,6459,1494,54836,0.01
18,56348,5505,1.0,6460,1494,54854,0.01
11,56359,5506,1.0,6461,1495,54864,0.01
11,56370,5507,1.0,6462,1495,54875,0.01
11,56381,5508,1.0,6463,1495,54886,0.01
11,56392,5509,1.0,6464,1495,54897,0.01
11,56403,5510,1.0,6465,1496,54907,0.01
11,56414,5511,1.0,6466,1496,54918,0.01
11,56425,5512,1.0,6467,1496,54929,0.01
11,56436,5513,1.0,6468,1496,54940,0.01
11,56447,5514,1.0,6469,1496,54951,0.01
11,56458,5515,1.0,6470,1496,54962,0.01
11,56469,5516,1.0,6471,1496,54973,0.01
11,56480,5517,1.0,6472,1496,54984,0.01
11,56491,5518,1.0,6473,1496,54995,0.01
11,56502,5519,1.0,6474,1496,55006,0.01
11,56513,5520,1.0,6475,1496,55017,0.01
11,56524,5521,1.0,6476,1496,55028,0.01
11,56535,5522,1.0,6477,1496,55039,0.01
11,56546,5523,1.0,6478,1496,55050,0.01
11,56557,5524,1.0,6479,1496,55061,0.01
11,56568,5525,1.0,6480,1496,55072,0.01
11,56579,5526,1.0,6481,1496,55083,0.01
11,56590,5527,1.0,6482,1496,55094,0.01
11,56601,5528,1.0,6483,1496,55105,0.01
11,56612,5529,1.0,6484,1496,55116,0.01
11,56623,5530,1.0,6485,1496,55127,0.01
11,56634,5531,1.0,6486,1496,55138,0.01
11,56645,5532,1.0,6487,1496,55149,0.01
11,56656,5533,1.0,6488,1496,55160,0.01
11,56667,5534,1.0,6489,1496,55171,0.01
11,56678,5535,1.0,6490,1496,55182,0.01
11,56689,5536,1.0,6491,1496,55193,0.01
11,56700,5537,1.0,6492,1496,55204,0.01
11,56711,5538,1.0,6493,1496,55215,0.01
11,56722,5539,1.0,6494,1496,55226,0.01
11,56733,5540,1.0,6495,1496,55237,0.01
11,56744,5541,1.0,6496,1496,55248,0.01
11,56755,5542,1.0,6497,1496,55259,0.01
11,56766,5543,1.0,6498,1496,55270,0.01
11,56777,5544,1.0,6499,1496,55281,0.01
11,56788,5545,1.0,6500,1496,55292,0.01
11,56799,5546,1.0,6501,1496,55303,0.01
11,56810,5547,1.0,6502,1496,55314,0.01
11,56821,5548,1.0,6503,1496,55325,0.01
11,56832,5549,1.0,6504,1497,55335,0.01
11,56843,5550,1.0,6505,1497,55346,0.01
11,56854,5551,1.0,6506,1497,55357,0.01
11,56865,5552,1.0,6507,1497,55368,0.01
11,56876,5553,1.0,6508,1497,55379,0.01
11,56887,5554,1.0,6509,1497,55390,0.01
11,56898,5555,1.0,6510,1498,55400,0.01
11,56909,5556,1.0,6511,1498,55411,0.01
11,56920,5557,1.0,6512,1498,55422,0.01
5,56925,5557,0.0,6513,1499,55426,0.01
11,56936,5558,1.0,6514,1499,55437,0.01
11,56947,5559,1.0,6515,1499,55448,0.01
11,56958,5560,1.0,6516,1499,55459,0.01
39,56997,5560,0.0,6517,1500,55497,0.01
27,57024,5560,0.0,6518,1500,55524,0.01
8,57032,5560,0.0,6519,1500,55532,0.01
12,57044,5560,0.0,6520,1500,55544,0.01
10,57054,5560,0.0,6521,1500,55554,0.01
9,57063,5560,0.0,6522,1500,55563,0.01
20,57083,5561,1.0,6523,1501,55582,0.01
9,57092,5561,0.0,6524,1501,55591,0.01
9,57101,5561,0.0,6525,1501,55600,0.01
9,57110,5561,0.0,6526,1501,55609,0.01
9,57119,5561,0.0,6527,1501,55618,0.01
27,57146,5561,0.0,6528,1501,55645,0.01
2,57148,5561,0.0,6529,1502,55646,0.01
19,57167,5561,0.0,6530,1502,55665,0.01
11,57178,5562,1.0,6531,1502,55676,0.01
11,57189,5563,1.0,6532,1502,55687,0.01
11,57200,5564,1.0,6533,1502,55698,0.01
11,57211,5565,1.0,6534,1502,55709,0.01
11,57222,5566,1.0,6535,1502,55720,0.01
11,57233,5567,1.0,6536,1502,55731,0.01
11,57244,5568,1.0,6537,1502,55742,0.01
11,57255,5569,1.0,6538,1502,55753,0.01
11,57266,5570,1.0,6539,1502,55764,0.01
11,57277,5571,1.0,6540,1502,55775,0.01
11,57288,5572,1.0,6541,1502,55786,0.01
11,57299,5573,1.0,6542,1502,55797,0.01
11,57310,5574,1.0,6543,1502,55808,0.01
11,57321,5575,1.0,6544,1502,55819,0.01
11,57332,5576,1.0,6545,1502,55830,0.01
11,57343,5577,1.0,6546,1502,55841,0.01
11,57354,5578,1.0,6547,1503,55851,0.01
13,57367,5578,0.0,6548,1504,55863,0.01
17,57384,5578,0.0,6549,1504,55880,0.01
11,57395,5579,1.0,6550,1504,55891,0.01
11,57406,5580,1.0,6551,1504,55902,0.01
11,57417,5581,1.0,6552,1504,55913,0.01
11,57428,5582,1.0,6553,1504,55924,0.01
11,57439,5583,1.0,6554,1504,55935,0.01
11,57450,5584,1.0,6555,1504,55946,0.01
11,57461,5585,1.0,6556,1504,55957,0.01
11,57472,5586,1.0,6557,1504,55968,0.01
5,57477,5586,0.0,6558,1505,55972,0.01
12,57489,5586,0.0,6559,1505,55984,0.01
4,57493,5586,0.0,6560,1505,55988,0.01
13,57506,5586,0.0,6561,1505,56001,0.01
17,57523,5586,0.0,6562,1505,56018,0.01
39,57562,5586,0.0,6563,1505,56057,0.01
4,57566,5586,0.0,6564,1505,56061,0.01
5,57571,5586,0.0,6565,1505,56066,0.01
6,57577,5586,0.0,6566,1505,56072,0.01
5,57582,5586,0.0,6567,1505,56077,0.01
6,57588,5586,0.0,6568,1505,56083,0.01
5,57593,5586,0.0,6569,1505,56088,0.01
6,57599,5586,0.0,6570,1505,56094,0.01
5,57604,5586,0.0,6571,1505,56099,0.01
6,57610,5586,0.0,6572,1505,56105,0.01
4,57614,5586,0.0,6573,1505,56109,0.01
11,57625,5587,1.0,6574,1505,56120,0.01
11,57636,5588,1.0,6575,1505,56131,0.01
19,57655,5588,0.0,6576,1505,56150,0.01
11,57666,5589,1.0,6577,1505,56161,0.01
11,57677,5590,1.0,6578,1505,56172,0.01
11,57688,5591,1.0,6579,1505,56183,0.01
11,57699,5592,1.0,6580,1505,56194,0.01
11,57710,5593,1.0,6581,1505,56205,0.01
11,57721,5594,1.0,6582,1505,56216,0.01
11,57732,5595,1.0,6583,1505,56227,0.01
11,57743,5596,1.0,6584,1505,56238,0.01
11,57754,5597,1.0,6585,1505,56249,0.01
11,57765,5598,1.0,6586,1505,56260,0.01
11,57776,5599,1.0,6587,1505,56271,0.01
11,57787,5600,1.0,6588,1505,56282,0.01
11,57798,5601,1.0,6589,1505,56293,0.01
9,57807,5601,0.0,6590,1506,56301,0.01
11,57818,5602,1.0,6591,1506,56312,0.01
11,57829,5603,1.0,6592,1506,56323,0.01
11,57840,5604,1.0,6593,1506,56334,0.01
11,57851,5605,1.0,6594,1506,56345,0.01
11,57862,5606,1.0,6595,1506,56356,0.01
8,57870,5606,0.0,6596,1507,56363,0.01
11,57881,5607,1.0,6597,1507,56374,0.01
11,57892,5608,1.0,6598,1507,56385,0.01
11,57903,5609,1.0,6599,1507,56396,0.01
11,57914,5610,1.0,6600,1507,56407,0.01
11,57925,5611,1.0,6601,1507,56418,0.01
11,57936,5612,1.0,6602,1507,56429,0.01
11,57947,5613,1.0,6603,1507,56440,0.01
11,57958,5614,1.0,6604,1507,56451,0.01
11,57969,5615,1.0,6605,1507,56462,0.01
11,57980,5616,1.0,6606,1507,56473,0.01
11,57991,5617,1.0,6607,1507,56484,0.01
11,58002,5618,1.0,6608,1507,56495,0.01
11,58013,5619,1.0,6609,1507,56506,0.01
11,58024,5620,1.0,6610,1507,56517,0.01
11,58035,5621,1.0,6611,1507,56528,0.01
11,58046,5622,1.0,6612,1507,56539,0.01
11,58057,5623,1.0,6613,1507,56550,0.01
11,58068,5624,1.0,6614,1507,56561,0.01
11,58079,5625,1.0,6615,1507,56572,0.01
11,58090,5626,1.0,6616,1507,56583,0.01
11,58101,5627,1.0,6617,1507,56594,0.01
11,58112,5628,1.0,6618,1507,56605,0.01
11,58123,5629,1.0,6619,1507,56616,0.01
11,58134,5630,1.0,6620,1507,56627,0.01
11,58145,5631,1.0,6621,1507,56638,0.01
11,58156,5632,1.0,6622,1507,56649,0.01
11,58167,5633,1.0,6623,1507,56660,0.01
11,58178,5634,1.0,6624,1507,56671,0.01
11,58189,5635,1.0,6625,1507,56682,0.01
11,58200,5636,1.0,6626,1507,56693,0.01
11,58211,5637,1.0,6627,1507,56704,0.01
11,58222,5638,1.0,6628,1507,56715,0.01
11,58233,5639,1.0,6629,1507,56726,0.01
11,58244,5640,1.0,6630,1507,56737,0.01
11,58255,5641,1.0,6631,1507,56748,0.01
11,58266,5642,1.0,6632,1507,56759,0.01
11,58277,5643,1.0,6633,1508,56769,0.01
11,58288,5644,1.0,6634,1508,56780,0.01
11,58299,5645,1.0,6635,1508,56791,0.01
11,58310,5646,1.0,6636,1508,56802,0.01
11,58321,5647,1.0,6637,1508,56813,0.01
10,58331,5647,0.0,6638,1509,56822,0.01
11,58342,5648,1.0,6639,1509,56833,0.01
11,58353,5649,1.0,6640,1509,56844,0.01
11,58364,5650,1.0,6641,1509,56855,0.01
11,58375,5651,1.0,6642,1509,56866,0.01
11,58386,5652,1.0,6643,1510,56876,0.01
11,58397,5653,1.0,6644,1510,56887,0.01
11,58408,5654,1.0,6645,1510,56898,0.01
11,58419,5655,1.0,6646,1510,56909,0.01
11,58430,5656,1.0,6647,1510,56920,0.01
11,58441,5657,1.0,6648,1510,56931,0.01
11,58452,5658,1.0,6649,1511,56941,0.01
11,58463,5659,1.0,6650,1511,56952,0.01
11,58474,5660,1.0,6651,1511,56963,0.01
5,58479,5660,0.0,6652,1512,56967,0.01
11,58490,5661,1.0,6653,1512,56978,0.01
11,58501,5662,1.0,6654,1512,56989,0.01
11,58512,5663,1.0,6655,1512,57000,0.01
11,58523,5664,1.0,6656,1512,57011,0.01
11,58534,5665,1.0,6657,1512,57022,0.01
11,58545,5666,1.0,6658,1512,57033,0.01
11,58556,5667,1.0,6659,1512,57044,0.01
11,58567,5668,1.0,6660,1512,57055,0.01
11,58578,5669,1.0,6661,1512,57066,0.01
11,58589,5670,1.0,6662,1512,57077,0.01
11,58600,5671,1.0,6663,1512,57088,0.01
11,58611,5672,1.0,6664,1512,57099,0.01
11,58622,5673,1.0,6665,1512,57110,0.01
11,58633,5674,1.0,6666,1512,57121,0.01
11,58644,5675,1.0,6667,1512,57132,0.01
11,58655,5676,1.0,6668,1512,57143,0.01
11,58666,5677,1.0,6669,1512,57154,0.01
30,58696,5677,0.0,6670,1513,57183,0.01
11,58707,5678,1.0,6671,1513,57194,0.01
11,58718,5679,1.0,6672,1513,57205,0.01
11,58729,5680,1.0,6673,1513,57216,0.01
11,58740,5681,1.0,6674,1513,57227,0.01
11,58751,5682,1.0,6675,1513,57238,0.01
11,58762,5683,1.0,6676,1513,57249,0.01
11,58773,5684,1.0,6677,1513,57260,0.01
11,58784,5685,1.0,6678,1513,57271,0.01
11,58795,5686,1.0,6679,1513,57282,0.01
11,58806,5687,1.0,6680,1513,57293,0.01
11,58817,5688,1.0,6681,1513,57304,0.01
11,58828,5689,1.0,6682,1513,57315,0.01
11,58839,5690,1.0,6683,1513,57326,0.01
11,58850,5691,1.0,6684,1513,57337,0.01
11,58861,5692,1.0,6685,1514,57347,0.01
11,58872,5693,1.0,6686,1514,57358,0.01
11,58883,5694,1.0,6687,1514,57369,0.01
11,58894,5695,1.0,6688,1514,57380,0.01
11,58905,5696,1.0,6689,1514,57391,0.01
11,58916,5697,1.0,6690,1514,57402,0.01
11,58927,5698,1.0,6691,1514,57413,0.01
11,58938,5699,1.0,6692,1514,57424,0.01
11,58949,5700,1.0,6693,1514,57435,0.01
11,58960,5701,1.0,6694,1514,57446,0.01
11,58971,5702,1.0,6695,1514,57457,0.01
11,58982,5703,1.0,6696,1514,57468,0.01
11,58993,5704,1.0,6697,1515,57478,0.01
11,59004,5705,1.0,6698,1515,57489,0.01
11,59015,5706,1.0,6699,1515,57500,0.01
11,59026,5707,1.0,6700,1515,57511,0.01
11,59037,5708,1.0,6701,1515,57522,0.01
11,59048,5709,1.0,6702,1515,57533,0.01
11,59059,5710,1.0,6703,1515,57544,0.01
11,59070,5711,1.0,6704,1515,57555,0.01
11,59081,5712,1.0,6705,1515,57566,0.01
11,59092,5713,1.0,6706,1515,57577,0.01
11,59103,5714,1.0,6707,1515,57588,0.01
9,59112,5714,0.0,6708,1516,57596,0.01
8,59120,5714,0.0,6709,1516,57604,0.01
20,59140,5714,0.0,6710,1517,57623,0.01
11,59151,5714,0.0,6711,1517,57634,0.01
8,59159,5714,0.0,6712,1517,57642,0.01
8,59167,5714,0.0,6713,1517,57650,0.01
8,59175,5714,0.0,6714,1517,57658,0.01
11,59186,5714,0.0,6715,1517,57669,0.01
8,59194,5714,0.0,6716,1517,57677,0.01
11,59205,5714,0.0,6717,1517,57688,0.01
8,59213,5714,0.0,6718,1517,57696,0.01
8,59221,5714,0.0,6719,1517,57704,0.01
46,59267,5714,0.0,6720,1518,57749,0.01
11,59278,5714,0.0,6721,1518,57760,0.01
8,59286,5714,0.0,6722,1518,57768,0.01
36,59322,5714,0.0,6723,1519,57803,0.01
30,59352,5714,0.0,6724,1519,57833,0.01
27,59379,5714,0.0,6725,1519,57860,0.01
16,59395,5714,0.0,6726,1519,57876,0.01
21,59416,5715,1.0,6727,1519,57897,0.01
8,59424,5715,0.0,6728,1519,57905,0.01
21,59445,5715,0.0,6729,1519,57926,0.01
8,59453,5715,0.0,6730,1519,57934,0.01
20,59473,5715,0.0,6731,1519,57954,0.01
20,59493,5715,0.0,6732,1519,57974,0.01
10,59503,5715,0.0,6733,1519,57984,0.01
10,59513,5715,0.0,6734,1519,57994,0.01
10,59523,5715,0.0,6735,1519,58004,0.01
15,59538,5715,0.0,6736,1520,58018,0.01
12,59550,5715,0.0,6737,1520,58030,0.01
3,59553,5715,0.0,6738,1520,58033,0.01
2,59555,5715,0.0,6739,1520,58035,0.01
4,59559,5715,0.0,6740,1520,58039,0.01
2,59561,5715,0.0,6741,1520,58041,0.01
7,59568,5715,0.0,6742,1520,58048,0.01
20,59588,5715,0.0,6743,1521,58067,0.01
9,59597,5715,0.0,6744,1521,58076,0.01
6,59603,5715,0.0,6745,1521,58082,0.01
7,59610,5716,1.0,6746,1521,58089,0.01
7,59617,5717,1.0,6747,1521,58096,0.01
7,59624,5718,1.0,6748,1521,58103,0.01
7,59631,5719,1.0,6749,1521,58110,0.01
7,59638,5720,1.0,6750,1521,58117,0.01
9,59647,5720,0.0,6751,1522,58125,0.01
13,59660,5720,0.0,6752,1522,58138,0.01
13,59673,5720,0.0,6753,1522,58151,0.01
13,59686,5720,0.0,6754,1522,58164,0.01
13,59699,5720,0.0,6755,1522,58177,0.01
17,59716,5720,0.0,6756,1522,58194,0.01
13,59729,5721,1.0,6757,1522,58207,0.01
13,59742,5721,0.0,6758,1522,58220,0.01
13,59755,5721,0.0,6759,1522,58233,0.01
13,59768,5721,0.0,6760,1522,58246,0.01
28,59796,5722,1.0,6761,1522,58274,0.01
13,59809,5722,0.0,6762,1522,58287,0.01
13,59822,5722,0.0,6763,1522,58300,0.01
14,59836,5723,1.0,6764,1523,58313,0.01
13,59849,5723,0.0,6765,1523,58326,0.01
13,59862,5724,1.0,6766,1524,58338,0.01
13,59875,5724,0.0,6767,1524,58351,0.01
13,59888,5724,0.0,6768,1524,58364,0.01
24,59912,5725,1.0,6769,1525,58387,0.01
24,59936,5726,1.0,6770,1525,58411,0.01
26,59962,5727,1.0,6771,1526,58436,0.01
24,59986,5728,1.0,6772,1526,58460,0.01
9,59995,5728,0.0,6773,1527,58468,0.01
24,60019,5729,1.0,6774,1528,58491,0.01
24,60043,5730,1.0,6775,1528,58515,0.01
24,60067,5731,1.0,6776,1528,58539,0.01
24,60091,5732,1.0,6777,1528,58563,0.01
9,60100,5732,0.0,6778,1529,58571,0.01
24,60124,5733,1.0,6779,1529,58595,0.01
24,60148,5734,1.0,6780,1529,58619,0.01
24,60172,5735,1.0,6781,1529,58643,0.01
24,60196,5736,1.0,6782,1529,58667,0.01
24,60220,5737,1.0,6783,1529,58691,0.01
24,60244,5738,1.0,6784,1529,58715,0.01
24,60268,5739,1.0,6785,1529,58739,0.01
24,60292,5740,1.0,6786,1529,58763,0.01
24,60316,5741,1.0,6787,1529,58787,0.01
24,60340,5742,1.0,6788,1529,58811,0.01
24,60364,5743,1.0,6789,1529,58835,0.01
24,60388,5744,1.0,6790,1530,58858,0.01
24,60412,5745,1.0,6791,1530,58882,0.01
14,60426,5745,0.0,6792,1531,58895,0.01
6,60432,5745,0.0,6793,1532,58900,0.01
24,60456,5746,1.0,6794,1532,58924,0.01
24,60480,5747,1.0,6795,1533,58947,0.01
24,60504,5748,1.0,6796,1533,58971,0.01
24,60528,5749,1.0,6797,1533,58995,0.01
24,60552,5750,1.0,6798,1533,59019,0.01
24,60576,5751,1.0,6799,1533,59043,0.01
24,60600,5752,1.0,6800,1533,59067,0.01
24,60624,5753,1.0,6801,1533,59091,0.01
24,60648,5754,1.0,6802,1533,59115,0.01
24,60672,5755,1.0,6803,1533,59139,0.01
24,60696,5756,1.0,6804,1533,59163,0.01
24,60720,5757,1.0,6805,1534,59186,0.01
26,60746,5758,1.0,6806,1535,59211,0.01
24,60770,5759,1.0,6807,1535,59235,0.01
24,60794,5760,1.0,6808,1535,59259,0.01
24,60818,5761,1.0,6809,1535,59283,0.01
24,60842,5762,1.0,6810,1535,59307,0.01
7,60849,5763,1.0,6811,1536,59313,0.01
9,60858,5763,0.0,6812,1536,59322,0.01
30,60888,5763,0.0,6813,1536,59352,0.01
24,60912,5764,1.0,6814,1536,59376,0.01
7,60919,5765,1.0,6815,1536,59383,0.01
22,60941,5766,1.0,6816,1536,59405,0.01
10,60951,5766,0.0,6817,1536,59415,0.01
10,60961,5766,0.0,6818,1536,59425,0.01
10,60971,5766,0.0,6819,1536,59435,0.01
9,60980,5766,0.0,6820,1536,59444,0.01
8,60988,5766,0.0,6821,1536,59452,0.01
10,60998,5766,0.0,6822,1537,59461,0.01
9,61007,5766,0.0,6823,1537,59470,0.01
9,61016,5766,0.0,6824,1537,59479,0.01
33,61049,5767,1.0,6825,1537,59512,0.01
8,61057,5767,0.0,6826,1537,59520,0.01
23,61080,5768,1.0,6827,1537,59543,0.01
23,61103,5769,1.0,6828,1537,59566,0.01
23,61126,5770,1.0,6829,1537,59589,0.01
23,61149,5771,1.0,6830,1537,59612,0.01
23,61172,5771,0.0,6831,1538,59634,0.01
23,61195,5772,1.0,6832,1538,59657,0.01
23,61218,5773,1.0,6833,1538,59680,0.01
23,61241,5774,1.0,6834,1538,59703,0.01
23,61264,5775,1.0,6835,1538,59726,0.01
23,61287,5776,1.0,6836,1538,59749,0.01
23,61310,5777,1.0,6837,1538,59772,0.01
23,61333,5778,1.0,6838,1538,59795,0.01
23,61356,5779,1.0,6839,1538,59818,0.01
23,61379,5780,1.0,6840,1538,59841,0.01
23,61402,5781,1.0,6841,1538,59864,0.01
23,61425,5782,1.0,6842,1538,59887,0.01
23,61448,5783,1.0,6843,1538,59910,0.01
23,61471,5784,1.0,6844,1539,59932,0.01
23,61494,5785,1.0,6845,1539,59955,0.01
23,61517,5786,1.0,6846,1539,59978,0.01
23,61540,5787,1.0,6847,1539,60001,0.01
23,61563,5788,1.0,6848,1539,60024,0.01
23,61586,5789,1.0,6849,1539,60047,0.01
23,61609,5790,1.0,6850,1539,60070,0.01
23,61632,5791,1.0,6851,1539,60093,0.01
23,61655,5792,1.0,6852,1539,60116,0.01
23,61678,5793,1.0,6853,1539,60139,0.01
23,61701,5794,1.0,6854,1539,60162,0.01
23,61724,5795,1.0,6855,1539,60185,0.01
23,61747,5796,1.0,6856,1539,60208,0.01
23,61770,5797,1.0,6857,1539,60231,0.01
23,61793,5798,1.0,6858,1539,60254,0.01
23,61816,5799,1.0,6859,1539,60277,0.01
23,61839,5800,1.0,6860,1539,60300,0.01
23,61862,5801,1.0,6861,1539,60323,0.01
23,61885,5802,1.0,6862,1539,60346,0.01
23,61908,5803,1.0,6863,1539,60369,0.01
23,61931,5804,1.0,6864,1539,60392,0.01
23,61954,5805,1.0,6865,1540,60414,0.01
23,61977,5806,1.0,6866,1540,60437,0.01
23,62000,5807,1.0,6867,1540,60460,0.01
23,62023,5808,1.0,6868,1540,60483,0.01
24,62047,5809,1.0,6869,1541,60506,0.01
23,62070,5810,1.0,6870,1541,60529,0.01
23,62093,5811,1.0,6871,1541,60552,0.01
23,62116,5812,1.0,6872,1541,60575,0.01
23,62139,5813,1.0,6873,1541,60598,0.01
23,62162,5814,1.0,6874,1541,60621,0.01
23,62185,5815,1.0,6875,1541,60644,0.01
14,62199,5815,0.0,6876,1542,60657,0.01
23,62222,5816,1.0,6877,1542,60680,0.01
23,62245,5817,1.0,6878,1542,60703,0.01
23,62268,5818,1.0,6879,1542,60726,0.01
23,62291,5819,1.0,6880,1542,60749,0.01
23,62314,5820,1.0,6881,1542,60772,0.01
23,62337,5821,1.0,6882,1542,60795,0.01
23,62360,5822,1.0,6883,1542,60818,0.01
23,62383,5823,1.0,6884,1542,60841,0.01
23,62406,5824,1.0,6885,1542,60864,0.01
23,62429,5825,1.0,6886,1543,60886,0.01
23,62452,5826,1.0,6887,1543,60909,0.01
23,62475,5827,1.0,6888,1544,60931,0.01
23,62498,5828,1.0,6889,1544,60954,0.01
23,62521,5829,1.0,6890,1544,60977,0.01
23,62544,5830,1.0,6891,1544,61000,0.01
23,62567,5831,1.0,6892,1544,61023,0.01
23,62590,5832,1.0,6893,1544,61046,0.01
23,62613,5833,1.0,6894,1544,61069,0.01
23,62636,5834,1.0,6895,1544,61092,0.01
23,62659,5835,1.0,6896,1544,61115,0.01
23,62682,5836,1.0,6897,1544,61138,0.01
23,62705,5837,1.0,6898,1544,61161,0.01
23,62728,5838,1.0,6899,1544,61184,0.01
23,62751,5839,1.0,6900,1544,61207,0.01
23,62774,5840,1.0,6901,1544,61230,0.01
15,62789,5841,1.0,6902,1545,61244,0.01
23,62812,5842,1.0,6903,1546,61266,0.01
23,62835,5843,1.0,6904,1546,61289,0.01
23,62858,5844,1.0,6905,1546,61312,0.01
25,62883,5845,1.0,6906,1547,61336,0.01
23,62906,5846,1.0,6907,1547,61359,0.01
23,62929,5847,1.0,6908,1547,61382,0.01
23,62952,5848,1.0,6909,1547,61405,0.01
23,62975,5849,1.0,6910,1548,61427,0.01
23,62998,5850,1.0,6911,1548,61450,0.01
23,63021,5851,1.0,6912,1548,61473,0.01
23,63044,5852,1.0,6913,1548,61496,0.01
12,63056,5852,0.0,6914,1549,61507,0.01
23,63079,5853,1.0,6915,1549,61530,0.01
23,63102,5854,1.0,6916,1549,61553,0.01
23,63125,5855,1.0,6917,1549,61576,0.01
23,63148,5856,1.0,6918,1549,61599,0.01
23,63171,5857,1.0,6919,1549,61622,0.01
23,63194,5858,1.0,6920,1549,61645,0.01
15,63209,5859,1.0,6921,1550,61659,0.01
23,63232,5860,1.0,6922,1550,61682,0.01
23,63255,5861,1.0,6923,1550,61705,0.01
23,63278,5862,1.0,6924,1550,61728,0.01
23,63301,5863,1.0,6925,1550,61751,0.01
18,63319,5863,0.0,6926,1551,61768,0.01
65,63384,5863,0.0,6927,1551,61833,0.01
12,63396,5863,0.0,6928,1551,61845,0.01
15,63411,5864,1.0,6929,1551,61860,0.01
10,63421,5864,0.0,6930,1551,61870,0.01
19,63440,5864,0.0,6931,1551,61889,0.01
8,63448,5864,0.0,6932,1551,61897,0.01
20,63468,5864,0.0,6933,1551,61917,0.01
8,63476,5864,0.0,6934,1551,61925,0.01
8,63484,5864,0.0,6935,1551,61933,0.01
19,63503,5864,0.0,6936,1551,61952,0.01
9,63512,5864,0.0,6937,1551,61961,0.01
20,63532,5864,0.0,6938,1551,61981,0.01
20,63552,5864,0.0,6939,1551,62001,0.01
17,63569,5864,0.0,6940,1551,62018,0.01
21,63590,5864,0.0,6941,1551,62039,0.01
10,63600,5864,0.0,6942,1551,62049,0.01
32,63632,5865,1.0,6943,1551,62081,0.01
27,63659,5865,0.0,6944,1551,62108,0.01
32,63691,5866,1.0,6945,1551,62140,0.01
32,63723,5867,1.0,6946,1551,62172,0.01
32,63755,5868,1.0,6947,1552,62203,0.01
32,63787,5869,1.0,6948,1552,62235,0.01
32,63819,5870,1.0,6949,1552,62267,0.01
32,63851,5871,1.0,6950,1552,62299,0.01
32,63883,5872,1.0,6951,1552,62331,0.01
32,63915,5873,1.0,6952,1552,62363,0.01
32,63947,5874,1.0,6953,1552,62395,0.01
32,63979,5875,1.0,6954,1552,62427,0.01
16,63995,5875,0.0,6955,1553,62442,0.01
32,64027,5876,1.0,6956,1553,62474,0.01
16,64043,5876,0.0,6957,1553,62490,0.01
16,64059,5876,0.0,6958,1553,62506,0.01
16,64075,5876,0.0,6959,1554,62521,0.01
16,64091,5876,0.0,6960,1554,62537,0.01
13,64104,5877,1.0,6961,1554,62550,0.01
23,64127,5878,1.0,6962,1554,62573,0.01
17,64144,5879,1.0,6963,1555,62589,0.01
23,64167,5880,1.0,6964,1555,62612,0.01
15,64182,5880,0.0,6965,1556,62626,0.01
28,64210,5881,1.0,6966,1556,62654,0.01
23,64233,5882,1.0,6967,1556,62677,0.01
23,64256,5883,1.0,6968,1556,62700,0.01
23,64279,5884,1.0,6969,1556,62723,0.01
23,64302,5885,1.0,6970,1556,62746,0.01
23,64325,5886,1.0,6971,1556,62769,0.01
23,64348,5887,1.0,6972,1556,62792,0.01
23,64371,5888,1.0,6973,1556,62815,0.01
23,64394,5889,1.0,6974,1556,62838,0.01
23,64417,5890,1.0,6975,1557,62860,0.01
23,64440,5891,1.0,6976,1557,62883,0.01
23,64463,5892,1.0,6977,1557,62906,0.01
23,64486,5893,1.0,6978,1557,62929,0.01
23,64509,5894,1.0,6979,1557,62952,0.01
23,64532,5895,1.0,6980,1557,62975,0.01
23,64555,5896,1.0,6981,1557,62998,0.01
23,64578,5897,1.0,6982,1557,63021,0.01
23,64601,5898,1.0,6983,1557,63044,0.01
59,64660,5898,0.0,6984,1558,63102,0.01
25,64685,5899,1.0,6985,1559,63126,0.01
33,64718,5900,1.0,6986,1560,63158,0.01
23,64741,5901,1.0,6987,1560,63181,0.01
23,64764,5902,1.0,6988,1560,63204,0.01
23,64787,5903,1.0,6989,1560,63227,0.01
23,64810,5904,1.0,6990,1560,63250,0.01
23,64833,5905,1.0,6991,1560,63273,0.01
31,64864,5905,0.0,6992,1561,63303,0.01
23,64887,5906,1.0,6993,1561,63326,0.01
23,64910,5907,1.0,6994,1561,63349,0.01
23,64933,5908,1.0,6995,1561,63372,0.01
23,64956,5909,1.0,6996,1561,63395,0.01
23,64979,5910,1.0,6997,1561,63418,0.01
23,65002,5911,1.0,6998,1561,63441,0.01
23,65025,5912,1.0,6999,1561,63464,0.01
23,65048,5913,1.0,7000,1561,63487,0.01
23,65071,5914,1.0,7001,1561,63510,0.01
23,65094,5915,1.0,7002,1561,63533,0.01
23,65117,5916,1.0,7003,1561,63556,0.01
23,65140,5917,1.0,7004,1563,63577,0.01
11,65151,5918,1.0,7005,1564,63587,0.01
16,65167,5919,1.0,7006,1564,63603,0.01
11,65178,5920,1.0,7007,1564,63614,0.01
11,65189,5921,1.0,7008,1565,63624,0.01
11,65200,5922,1.0,7009,1565,63635,0.01
42,65242,5923,1.0,7010,1566,63676,0.01
41,65283,5923,0.0,7011,1566,63717,0.01
18,65301,5924,1.0,7012,1566,63735,0.01
30,65331,5924,0.0,7013,1566,63765,0.01
9,65340,5924,0.0,7014,1567,63773,0.01
8,65348,5925,1.0,7015,1567,63781,0.01
8,65356,5926,1.0,7016,1567,63789,0.01
8,65364,5927,1.0,7017,1567,63797,0.01
8,65372,5928,1.0,7018,1567,63805,0.01
8,65380,5929,1.0,7019,1567,63813,0.01
8,65388,5930,1.0,7020,1567,63821,0.01
4,65392,5930,0.0,7021,1568,63824,0.01
8,65400,5931,1.0,7022,1568,63832,0.01
8,65408,5932,1.0,7023,1568,63840,0.01
8,65416,5933,1.0,7024,1568,63848,0.01
8,65424,5934,1.0,7025,1568,63856,0.01
8,65432,5935,1.0,7026,1568,63864,0.01
8,65440,5936,1.0,7027,1568,63872,0.01
8,65448,5937,1.0,7028,1568,63880,0.01
8,65456,5938,1.0,7029,1568,63888,0.01
8,65464,5939,1.0,7030,1568,63896,0.01
8,65472,5940,1.0,7031,1568,63904,0.01
8,65480,5941,1.0,7032,1568,63912,0.01
8,65488,5942,1.0,7033,1568,63920,0.01
8,65496,5943,1.0,7034,1568,63928,0.01
8,65504,5944,1.0,7035,1568,63936,0.01
8,65512,5945,1.0,7036,1568,63944,0.01
8,65520,5946,1.0,7037,1568,63952,0.01
8,65528,5947,1.0,7038,1568,63960,0.01
8,65536,5948,1.0,7039,1568,63968,0.01
8,65544,5949,1.0,7040,1568,63976,0.01
8,65552,5950,1.0,7041,1568,63984,0.01
8,65560,5951,1.0,7042,1568,63992,0.01
8,65568,5952,1.0,7043,1568,64000,0.01
8,65576,5953,1.0,7044,1568,64008,0.01
8,65584,5954,1.0,7045,1568,64016,0.01
8,65592,5955,1.0,7046,1568,64024,0.01
8,65600,5956,1.0,7047,1568,64032,0.01
8,65608,5957,1.0,7048,1568,64040,0.01
8,65616,5958,1.0,7049,1568,64048,0.01
8,65624,5959,1.0,7050,1568,64056,0.01
7,65631,5959,0.0,7051,1569,64062,0.01
8,65639,5960,1.0,7052,1569,64070,0.01
8,65647,5961,1.0,7053,1569,64078,0.01
8,65655,5962,1.0,7054,1569,64086,0.01
8,65663,5963,1.0,7055,1569,64094,0.01
8,65671,5964,1.0,7056,1569,64102,0.01
8,65679,5965,1.0,7057,1569,64110,0.01
8,65687,5966,1.0,7058,1569,64118,0.01
8,65695,5967,1.0,7059,1569,64126,0.01
8,65703,5968,1.0,7060,1569,64134,0.01
8,65711,5969,1.0,7061,1569,64142,0.01
8,65719,5970,1.0,7062,1569,64150,0.01
8,65727,5971,1.0,7063,1569,64158,0.01
8,65735,5972,1.0,7064,1569,64166,0.01
8,65743,5973,1.0,7065,1569,64174,0.01
8,65751,5974,1.0,7066,1569,64182,0.01
8,65759,5975,1.0,7067,1569,64190,0.01
8,65767,5976,1.0,7068,1569,64198,0.01
9,65776,5976,0.0,7069,1570,64206,0.01
9,65785,5976,0.0,7070,1571,64214,0.01
8,65793,5977,1.0,7071,1571,64222,0.01
8,65801,5978,1.0,7072,1571,64230,0.01
9,65810,5978,0.0,7073,1572,64238,0.01
8,65818,5979,1.0,7074,1572,64246,0.01
8,65826,5980,1.0,7075,1572,64254,0.01
8,65834,5981,1.0,7076,1572,64262,0.01
8,65842,5982,1.0,7077,1572,64270,0.01
8,65850,5983,1.0,7078,1572,64278,0.01
8,65858,5984,1.0,7079,1572,64286,0.01
7,65865,5984,0.0,7080,1573,64292,0.01
8,65873,5985,1.0,7081,1573,64300,0.01
8,65881,5986,1.0,7082,1573,64308,0.01
8,65889,5987,1.0,7083,1573,64316,0.01
8,65897,5988,1.0,7084,1573,64324,0.01
8,65905,5989,1.0,7085,1573,64332,0.01
8,65913,5990,1.0,7086,1573,64340,0.01
4,65917,5990,0.0,7087,1574,64343,0.01
8,65925,5991,1.0,7088,1574,64351,0.01
8,65933,5992,1.0,7089,1574,64359,0.01
8,65941,5993,1.0,7090,1574,64367,0.01
8,65949,5994,1.0,7091,1574,64375,0.01
8,65957,5995,1.0,7092,1574,64383,0.01
8,65965,5996,1.0,7093,1574,64391,0.01
8,65973,5997,1.0,7094,1574,64399,0.01
8,65981,5998,1.0,7095,1574,64407,0.01
8,65989,5999,1.0,7096,1574,64415,0.01
8,65997,6000,1.0,7097,1574,64423,0.01
8,66005,6001,1.0,7098,1575,64430,0.01
8,66013,6002,1.0,7099,1575,64438,0.01
8,66021,6003,1.0,7100,1575,64446,0.01
8,66029,6004,1.0,7101,1575,64454,0.01
8,66037,6005,1.0,7102,1575,64462,0.01
8,66045,6006,1.0,7103,1575,64470,0.01
8,66053,6007,1.0,7104,1575,64478,0.01
8,66061,6008,1.0,7105,1575,64486,0.01
8,66069,6009,1.0,7106,1575,64494,0.01
8,66077,6010,1.0,7107,1575,64502,0.01
8,66085,6011,1.0,7108,1575,64510,0.01
8,66093,6012,1.0,7109,1575,64518,0.01
8,66101,6013,1.0,7110,1575,64526,0.01
8,66109,6014,1.0,7111,1575,64534,0.01
8,66117,6015,1.0,7112,1575,64542,0.01
8,66125,6016,1.0,7113,1575,64550,0.01
8,66133,6017,1.0,7114,1575,64558,0.01
8,66141,6018,1.0,7115,1575,64566,0.01
8,66149,6019,1.0,7116,1575,64574,0.01
8,66157,6020,1.0,7117,1575,64582,0.01
8,66165,6021,1.0,7118,1575,64590,0.01
16,66181,6022,1.0,7119,1576,64605,0.01
8,66189,6023,1.0,7120,1576,64613,0.01
8,66197,6024,1.0,7121,1576,64621,0.01
8,66205,6025,1.0,7122,1576,64629,0.01
8,66213,6026,1.0,7123,1576,64637,0.01
8,66221,6027,1.0,7124,1576,64645,0.01
8,66229,6028,1.0,7125,1576,64653,0.01
8,66237,6029,1.0,7126,1576,64661,0.01
8,66245,6030,1.0,7127,1576,64669,0.01
8,66253,6031,1.0,7128,1576,64677,0.01
8,66261,6032,1.0,7129,1576,64685,0.01
8,66269,6033,1.0,7130,1576,64693,0.01
8,66277,6034,1.0,7131,1576,64701,0.01
8,66285,6035,1.0,7132,1576,64709,0.01
8,66293,6036,1.0,7133,1576,64717,0.01
8,66301,6037,1.0,7134,1576,64725,0.01
8,66309,6038,1.0,7135,1576,64733,0.01
8,66317,6039,1.0,7136,1576,64741,0.01
8,66325,6040,1.0,7137,1576,64749,0.01
9,66334,6040,0.0,7138,1577,64757,0.01
9,66343,6040,0.0,7139,1577,64766,0.01
8,66351,6041,1.0,7140,1577,64774,0.01
8,66359,6042,1.0,7141,1577,64782,0.01
8,66367,6043,1.0,7142,1577,64790,0.01
9,66376,6043,0.0,7143,1578,64798,0.01
8,66384,6044,1.0,7144,1578,64806,0.01
8,66392,6045,1.0,7145,1578,64814,0.01
8,66400,6046,1.0,7146,1578,64822,0.01
8,66408,6047,1.0,7147,1578,64830,0.01
8,66416,6048,1.0,7148,1578,64838,0.01
8,66424,6049,1.0,7149,1579,64845,0.01
8,66432,6050,1.0,7150,1579,64853,0.01
8,66440,6051,1.0,7151,1579,64861,0.01
8,66448,6052,1.0,7152,1579,64869,0.01
8,66456,6053,1.0,7153,1579,64877,0.01
8,66464,6054,1.0,7154,1579,64885,0.01
8,66472,6055,1.0,7155,1579,64893,0.01
8,66480,6056,1.0,7156,1579,64901,0.01
8,66488,6057,1.0,7157,1579,64909,0.01
8,66496,6058,1.0,7158,1579,64917,0.01
8,66504,6059,1.0,7159,1579,64925,0.01
8,66512,6060,1.0,7160,1579,64933,0.01
8,66520,6061,1.0,7161,1579,64941,0.01
8,66528,6062,1.0,7162,1579,64949,0.01
8,66536,6063,1.0,7163,1579,64957,0.01
8,66544,6064,1.0,7164,1579,64965,0.01
8,66552,6065,1.0,7165,1579,64973,0.01
8,66560,6066,1.0,7166,1579,64981,0.01
8,66568,6067,1.0,7167,1579,64989,0.01
5,66573,6067,0.0,7168,1580,64993,0.01
8,66581,6068,1.0,7169,1580,65001,0.01
8,66589,6069,1.0,7170,1580,65009,0.01
8,66597,6070,1.0,7171,1580,65017,0.01
8,66605,6071,1.0,7172,1580,65025,0.01
8,66613,6072,1.0,7173,1580,65033,0.01
8,66621,6073,1.0,7174,1580,65041,0.01
8,66629,6074,1.0,7175,1580,65049,0.01
8,66637,6075,1.0,7176,1580,65057,0.01
8,66645,6076,1.0,7177,1580,65065,0.01
8,66653,6077,1.0,7178,1580,65073,0.01
8,66661,6078,1.0,7179,1580,65081,0.01
8,66669,6079,1.0,7180,1580,65089,0.01
8,66677,6080,1.0,7181,1580,65097,0.01
8,66685,6081,1.0,7182,1580,65105,0.01
8,66693,6082,1.0,7183,1580,65113,0.01
8,66701,6083,1.0,7184,1580,65121,0.01
8,66709,6084,1.0,7185,1580,65129,0.01
8,66717,6085,1.0,7186,1580,65137,0.01
8,66725,6086,1.0,7187,1580,65145,0.01
8,66733,6087,1.0,7188,1580,65153,0.01
8,66741,6088,1.0,7189,1580,65161,0.01
8,66749,6089,1.0,7190,1580,65169,0.01
8,66757,6090,1.0,7191,1580,65177,0.01
8,66765,6091,1.0,7192,1580,65185,0.01
8,66773,6092,1.0,7193,1580,65193,0.01
8,66781,6093,1.0,7194,1580,65201,0.01
8,66789,6094,1.0,7195,1580,65209,0.01
8,66797,6095,1.0,7196,1580,65217,0.01
8,66805,6096,1.0,7197,1580,65225,0.01
8,66813,6097,1.0,7198,1580,65233,0.01
8,66821,6098,1.0,7199,1580,65241,0.01
8,66829,6099,1.0,7200,1580,65249,0.01
8,66837,6100,1.0,7201,1580,65257,0.01
8,66845,6101,1.0,7202,1580,65265,0.01
8,66853,6102,1.0,7203,1580,65273,0.01
8,66861,6103,1.0,7204,1580,65281,0.01
8,66869,6104,1.0,7205,1580,65289,0.01
8,66877,6105,1.0,7206,1580,65297,0.01
8,66885,6106,1.0,7207,1580,65305,0.01
8,66893,6107,1.0,7208,1580,65313,0.01
8,66901,6108,1.0,7209,1580,65321,0.01
8,66909,6109,1.0,7210,1580,65329,0.01
8,66917,6110,1.0,7211,1580,65337,0.01
8,66925,6111,1.0,7212,1580,65345,0.01
8,66933,6112,1.0,7213,1580,65353,0.01
8,66941,6113,1.0,7214,1580,65361,0.01
8,66949,6114,1.0,7215,1580,65369,0.01
8,66957,6115,1.0,7216,1580,65377,0.01
8,66965,6116,1.0,7217,1580,65385,0.01
8,66973,6117,1.0,7218,1580,65393,0.01
8,66981,6118,1.0,7219,1580,65401,0.01
8,66989,6119,1.0,7220,1580,65409,0.01
8,66997,6120,1.0,7221,1580,65417,0.01
8,67005,6121,1.0,7222,1580,65425,0.01
8,67013,6122,1.0,7223,1580,65433,0.01
8,67021,6123,1.0,7224,1580,65441,0.01
5,67026,6123,0.0,7225,1581,65445,0.01
8,67034,6124,1.0,7226,1581,65453,0.01
8,67042,6125,1.0,7227,1581,65461,0.01
8,67050,6126,1.0,7228,1581,65469,0.01
8,67058,6127,1.0,7229,1581,65477,0.01
8,67066,6128,1.0,7230,1581,65485,0.01
8,67074,6129,1.0,7231,1581,65493,0.01
8,67082,6130,1.0,7232,1581,65501,0.01
8,67090,6131,1.0,7233,1581,65509,0.01
8,67098,6132,1.0,7234,1581,65517,0.01
8,67106,6133,1.0,7235,1581,65525,0.01
8,67114,6134,1.0,7236,1581,65533,0.01
8,67122,6135,1.0,7237,1581,65541,0.01
8,67130,6136,1.0,7238,1581,65549,0.01
8,67138,6137,1.0,7239,1581,65557,0.01
8,67146,6138,1.0,7240,1581,65565,0.01
8,67154,6139,1.0,7241,1581,65573,0.01
8,67162,6140,1.0,7242,1581,65581,0.01
8,67170,6141,1.0,7243,1581,65589,0.01
8,67178,6142,1.0,7244,1581,65597,0.01
8,67186,6143,1.0,7245,1581,65605,0.01
8,67194,6144,1.0,7246,1581,65613,0.01
8,67202,6145,1.0,7247,1581,65621,0.01
8,67210,6146,1.0,7248,1581,65629,0.01
8,67218,6147,1.0,7249,1581,65637,0.01
8,67226,6148,1.0,7250,1581,65645,0.01
8,67234,6149,1.0,7251,1581,65653,0.01
8,67242,6150,1.0,7252,1581,65661,0.01
8,67250,6151,1.0,7253,1581,65669,0.01
8,67258,6152,1.0,7254,1581,65677,0.01
8,67266,6153,1.0,7255,1581,65685,0.01
8,67274,6154,1.0,7256,1581,65693,0.01
8,67282,6155,1.0,7257,1581,65701,0.01
8,67290,6156,1.0,7258,1581,65709,0.01
8,67298,6157,1.0,7259,1581,65717,0.01
8,67306,6158,1.0,7260,1581,65725,0.01
8,67314,6159,1.0,7261,1581,65733,0.01
8,67322,6160,1.0,7262,1581,65741,0.01
8,67330,6161,1.0,7263,1581,65749,0.01
8,67338,6162,1.0,7264,1581,65757,0.01
8,67346,6163,1.0,7265,1581,65765,0.01
8,67354,6164,1.0,7266,1581,65773,0.01
8,67362,6165,1.0,7267,1581,65781,0.01
8,67370,6166,1.0,7268,1581,65789,0.01
8,67378,6167,1.0,7269,1581,65797,0.01
8,67386,6168,1.0,7270,1581,65805,0.01
8,67394,6169,1.0,7271,1581,65813,0.01
8,67402,6170,1.0,7272,1581,65821,0.01
8,67410,6171,1.0,7273,1581,65829,0.01
8,67418,6172,1.0,7274,1581,65837,0.01
8,67426,6173,1.0,7275,1581,65845,0.01
8,67434,6174,1.0,7276,1581,65853,0.01
8,67442,6175,1.0,7277,1581,65861,0.01
8,67450,6176,1.0,7278,1581,65869,0.01
8,67458,6177,1.0,7279,1581,65877,0.01
8,67466,6178,1.0,7280,1582,65884,0.01
8,67474,6179,1.0,7281,1582,65892,0.01
8,67482,6180,1.0,7282,1582,65900,0.01
8,67490,6181,1.0,7283,1582,65908,0.01
8,67498,6182,1.0,7284,1582,65916,0.01
8,67506,6183,1.0,7285,1582,65924,0.01
8,67514,6184,1.0,7286,1582,65932,0.01
8,67522,6185,1.0,7287,1582,65940,0.01
8,67530,6186,1.0,7288,1582,65948,0.01
8,67538,6187,1.0,7289,1582,65956,0.01
8,67546,6188,1.0,7290,1582,65964,0.01
8,67554,6189,1.0,7291,1582,65972,0.01
8,67562,6190,1.0,7292,1582,65980,0.01
8,67570,6191,1.0,7293,1582,65988,0.01
8,67578,6192,1.0,7294,1582,65996,0.01
8,67586,6193,1.0,7295,1582,66004,0.01
8,67594,6194,1.0,7296,1582,66012,0.01
8,67602,6195,1.0,7297,1582,66020,0.01
8,67610,6196,1.0,7298,1582,66028,0.01
8,67618,6197,1.0,7299,1582,66036,0.01
8,67626,6198,1.0,7300,1582,66044,0.01
8,67634,6199,1.0,7301,1582,66052,0.01
8,67642,6200,1.0,7302,1582,66060,0.01
8,67650,6201,1.0,7303,1582,66068,0.01
8,67658,6202,1.0,7304,1582,66076,0.01
8,67666,6203,1.0,7305,1582,66084,0.01
8,67674,6204,1.0,7306,1582,66092,0.01
8,67682,6205,1.0,7307,1582,66100,0.01
8,67690,6206,1.0,7308,1582,66108,0.01
8,67698,6207,1.0,7309,1582,66116,0.01
8,67706,6208,1.0,7310,1582,66124,0.01
8,67714,6209,1.0,7311,1582,66132,0.01
8,67722,6210,1.0,7312,1582,66140,0.01
8,67730,6211,1.0,7313,1582,66148,0.01
8,67738,6212,1.0,7314,1582,66156,0.01
8,67746,6213,1.0,7315,1582,66164,0.01
8,67754,6214,1.0,7316,1582,66172,0.01
8,67762,6215,1.0,7317,1582,66180,0.01
8,67770,6216,1.0,7318,1582,66188,0.01
8,67778,6217,1.0,7319,1582,66196,0.01
8,67786,6218,1.0,7320,1582,66204,0.01
8,67794,6219,1.0,7321,1582,66212,0.01
8,67802,6220,1.0,7322,1582,66220,0.01
10,67812,6220,0.0,7323,1583,66229,0.01
9,67821,6220,0.0,7324,1583,66238,0.01
8,67829,6221,1.0,7325,1583,66246,0.01
8,67837,6222,1.0,7326,1583,66254,0.01
9,67846,6222,0.0,7327,1583,66263,0.01
9,67855,6222,0.0,7328,1583,66272,0.01
8,67863,6223,1.0,7329,1583,66280,0.01
9,67872,6223,0.0,7330,1583,66289,0.01
9,67881,6223,0.0,7331,1583,66298,0.01
9,67890,6223,0.0,7332,1583,66307,0.01
8,67898,6223,0.0,7333,1583,66315,0.01
9,67907,6223,0.0,7334,1583,66324,0.01
9,67916,6223,0.0,7335,1583,66333,0.01
9,67925,6223,0.0,7336,1583,66342,0.01
10,67935,6223,0.0,7337,1583,66352,0.01
11,67946,6223,0.0,7338,1583,66363,0.01
34,67980,6224,1.0,7339,1583,66397,0.01
12,67992,6224,0.0,7340,1583,66409,0.01
9,68001,6224,0.0,7341,1583,66418,0.01
36,68037,6224,0.0,7342,1583,66454,0.01
18,68055,6224,0.0,7343,1583,66472,0.01
10,68065,6224,0.0,7344,1583,66482,0.01
16,68081,6224,0.0,7345,1583,66498,0.01
51,68132,6224,0.0,7346,1584,66548,0.01
2,68134,6224,0.0,7347,1584,66550,0.01
8,68142,6224,0.0,7348,1584,66558,0.01
16,68158,6224,0.0,7349,1584,66574,0.01
16,68174,6224,0.0,7350,1584,66590,0.01
26,68200,6225,1.0,7351,1584,66616,0.01
7,68207,6226,1.0,7352,1584,66623,0.01
7,68214,6227,1.0,7353,1584,66630,0.01
7,68221,6228,1.0,7354,1584,66637,0.01
7,68228,6229,1.0,7355,1584,66644,0.01
7,68235,6230,1.0,7356,1584,66651,0.01
7,68242,6231,1.0,7357,1584,66658,0.01
7,68249,6232,1.0,7358,1584,66665,0.01
7,68256,6233,1.0,7359,1584,66672,0.01
7,68263,6234,1.0,7360,1584,66679,0.01
7,68270,6235,1.0,7361,1584,66686,0.01
2,68272,6235,0.0,7362,1585,66687,0.01
7,68279,6236,1.0,7363,1585,66694,0.01
7,68286,6237,1.0,7364,1585,66701,0.01
7,68293,6238,1.0,7365,1585,66708,0.01
7,68300,6239,1.0,7366,1585,66715,0.01
7,68307,6240,1.0,7367,1586,66721,0.01
7,68314,6241,1.0,7368,1587,66727,0.01
7,68321,6242,1.0,7369,1587,66734,0.01
7,68328,6243,1.0,7370,1587,66741,0.01
7,68335,6244,1.0,7371,1587,66748,0.01
7,68342,6245,1.0,7372,1587,66755,0.01
7,68349,6246,1.0,7373,1587,66762,0.01
7,68356,6247,1.0,7374,1587,66769,0.01
7,68363,6248,1.0,7375,1587,66776,0.01
7,68370,6249,1.0,7376,1587,66783,0.01
7,68377,6250,1.0,7377,1587,66790,0.01
7,68384,6251,1.0,7378,1587,66797,0.01
7,68391,6252,1.0,7379,1587,66804,0.01
7,68398,6253,1.0,7380,1587,66811,0.01
7,68405,6254,1.0,7381,1587,66818,0.01
7,68412,6255,1.0,7382,1587,66825,0.01
7,68419,6256,1.0,7383,1587,66832,0.01
7,68426,6257,1.0,7384,1587,66839,0.01
7,68433,6258,1.0,7385,1587,66846,0.01
7,68440,6259,1.0,7386,1587,66853,0.01
7,68447,6260,1.0,7387,1587,66860,0.01
7,68454,6261,1.0,7388,1587,66867,0.01
7,68461,6262,1.0,7389,1587,66874,0.01
7,68468,6263,1.0,7390,1587,66881,0.01
7,68475,6264,1.0,7391,1587,66888,0.01
7,68482,6265,1.0,7392,1587,66895,0.01
7,68489,6266,1.0,7393,1587,66902,0.01
7,68496,6267,1.0,7394,1587,66909,0.01
7,68503,6268,1.0,7395,1587,66916,0.01
7,68510,6269,1.0,7396,1587,66923,0.01
7,68517,6270,1.0,7397,1587,66930,0.01
7,68524,6271,1.0,7398,1587,66937,0.01
7,68531,6272,1.0,7399,1587,66944,0.01
7,68538,6273,1.0,7400,1587,66951,0.01
7,68545,6274,1.0,7401,1587,66958,0.01
7,68552,6275,1.0,7402,1587,66965,0.01
7,68559,6276,1.0,7403,1587,66972,0.01
7,68566,6277,1.0,7404,1587,66979,0.01
7,68573,6278,1.0,7405,1587,66986,0.01
24,68597,6279,1.0,7406,1588,67009,0.01
7,68604,6280,1.0,7407,1588,67016,0.01
25,68629,6281,1.0,7408,1588,67041,0.01
7,68636,6282,1.0,7409,1588,67048,0.01
7,68643,6283,1.0,7410,1588,67055,0.01
7,68650,6284,1.0,7411,1588,67062,0.01
24,68674,6285,1.0,7412,1590,67084,0.01
7,68681,6286,1.0,7413,1590,67091,0.01
7,68688,6287,1.0,7414,1590,67098,0.01
7,68695,6288,1.0,7415,1590,67105,0.01
7,68702,6289,1.0,7416,1590,67112,0.01
7,68709,6290,1.0,7417,1590,67119,0.01
7,68716,6291,1.0,7418,1590,67126,0.01
7,68723,6292,1.0,7419,1590,67133,0.01
7,68730,6293,1.0,7420,1590,67140,0.01
7,68737,6294,1.0,7421,1591,67146,0.01
7,68744,6295,1.0,7422,1591,67153,0.01
7,68751,6296,1.0,7423,1591,67160,0.01
7,68758,6297,1.0,7424,1591,67167,0.01
7,68765,6298,1.0,7425,1591,67174,0.01
7,68772,6299,1.0,7426,1591,67181,0.01
7,68779,6300,1.0,7427,1591,67188,0.01
7,68786,6301,1.0,7428,1591,67195,0.01
7,68793,6302,1.0,7429,1591,67202,0.01
7,68800,6303,1.0,7430,1591,67209,0.01
7,68807,6304,1.0,7431,1592,67215,0.01
7,68814,6305,1.0,7432,1592,67222,0.01
7,68821,6306,1.0,7433,1592,67229,0.01
7,68828,6307,1.0,7434,1592,67236,0.01
7,68835,6308,1.0,7435,1592,67243,0.01
7,68842,6309,1.0,7436,1592,67250,0.01
7,68849,6310,1.0,7437,1592,67257,0.01
7,68856,6311,1.0,7438,1592,67264,0.01
7,68863,6312,1.0,7439,1592,67271,0.01
24,68887,6313,1.0,7440,1593,67294,0.01
7,68894,6314,1.0,7441,1593,67301,0.01
7,68901,6315,1.0,7442,1593,67308,0.01
7,68908,6316,1.0,7443,1593,67315,0.01
7,68915,6317,1.0,7444,1593,67322,0.01
7,68922,6318,1.0,7445,1593,67329,0.01
7,68929,6319,1.0,7446,1593,67336,0.01
7,68936,6320,1.0,7447,1593,67343,0.01
7,68943,6321,1.0,7448,1593,67350,0.01
7,68950,6322,1.0,7449,1593,67357,0.01
7,68957,6323,1.0,7450,1593,67364,0.01
7,68964,6324,1.0,7451,1593,67371,0.01
7,68971,6325,1.0,7452,1593,67378,0.01
7,68978,6326,1.0,7453,1593,67385,0.01
7,68985,6327,1.0,7454,1593,67392,0.01
7,68992,6328,1.0,7455,1593,67399,0.01
7,68999,6329,1.0,7456,1593,67406,0.01
24,69023,6330,1.0,7457,1594,67429,0.01
11,69034,6330,0.0,7458,1594,67440,0.01
7,69041,6331,1.0,7459,1594,67447,0.01
7,69048,6332,1.0,7460,1594,67454,0.01
12,69060,6332,0.0,7461,1595,67465,0.01
24,69084,6333,1.0,7462,1595,67489,0.01
7,69091,6334,1.0,7463,1595,67496,0.01
7,69098,6335,1.0,7464,1595,67503,0.01
24,69122,6336,1.0,7465,1595,67527,0.01
7,69129,6337,1.0,7466,1595,67534,0.01
9,69138,6337,0.0,7467,1596,67542,0.01
7,69145,6338,1.0,7468,1596,67549,0.01
7,69152,6339,1.0,7469,1596,67556,0.01
7,69159,6340,1.0,7470,1596,67563,0.01
7,69166,6341,1.0,7471,1596,67570,0.01
7,69173,6342,1.0,7472,1596,67577,0.01
7,69180,6343,1.0,7473,1596,67584,0.01
7,69187,6344,1.0,7474,1596,67591,0.01
7,69194,6345,1.0,7475,1596,67598,0.01
7,69201,6346,1.0,7476,1596,67605,0.01
7,69208,6347,1.0,7477,1596,67612,0.01
7,69215,6348,1.0,7478,1596,67619,0.01
7,69222,6349,1.0,7479,1596,67626,0.01
7,69229,6350,1.0,7480,1596,67633,0.01
7,69236,6351,1.0,7481,1596,67640,0.01
7,69243,6352,1.0,7482,1596,67647,0.01
7,69250,6353,1.0,7483,1596,67654,0.01
7,69257,6354,1.0,7484,1596,67661,0.01
7,69264,6355,1.0,7485,1596,67668,0.01
7,69271,6356,1.0,7486,1596,67675,0.01
7,69278,6357,1.0,7487,1596,67682,0.01
7,69285,6358,1.0,7488,1596,67689,0.01
17,69302,6358,0.0,7489,1597,67705,0.01
7,69309,6359,1.0,7490,1597,67712,0.01
7,69316,6360,1.0,7491,1597,67719,0.01
7,69323,6361,1.0,7492,1598,67725,0.01
7,69330,6362,1.0,7493,1598,67732,0.01
7,69337,6363,1.0,7494,1598,67739,0.01
7,69344,6364,1.0,7495,1598,67746,0.01
7,69351,6365,1.0,7496,1598,67753,0.01
7,69358,6366,1.0,7497,1598,67760,0.01
7,69365,6367,1.0,7498,1598,67767,0.01
7,69372,6368,1.0,7499,1598,67774,0.01
24,69396,6369,1.0,7500,1601,67795,0.01
17,69413,6370,1.0,7501,1601,67812,0.01
7,69420,6371,1.0,7502,1601,67819,0.01
26,69446,6372,1.0,7503,1601,67845,0.01
7,69453,6373,1.0,7504,1601,67852,0.01
7,69460,6374,1.0,7505,1601,67859,0.01
7,69467,6375,1.0,7506,1601,67866,0.01
24,69491,6376,1.0,7507,1601,67890,0.01
11,69502,6376,0.0,7508,1603,67899,0.01
7,69509,6377,1.0,7509,1603,67906,0.01
7,69516,6378,1.0,7510,1603,67913,0.01
7,69523,6379,1.0,7511,1603,67920,0.01
7,69530,6380,1.0,7512,1603,67927,0.01
7,69537,6381,1.0,7513,1603,67934,0.01
7,69544,6382,1.0,7514,1603,67941,0.01
7,69551,6383,1.0,7515,1603,67948,0.01
7,69558,6384,1.0,7516,1603,67955,0.01
7,69565,6385,1.0,7517,1603,67962,0.01
7,69572,6386,1.0,7518,1603,67969,0.01
7,69579,6387,1.0,7519,1603,67976,0.01
7,69586,6388,1.0,7520,1603,67983,0.01
49,69635,6388,0.0,7521,1604,68031,0.01
8,69643,6388,0.0,7522,1604,68039,0.01
8,69651,6388,0.0,7523,1605,68046,0.01
7,69658,6389,1.0,7524,1605,68053,0.01
10,69668,6389,0.0,7525,1605,68063,0.01
36,69704,6389,0.0,7526,1605,68099,0.01
18,69722,6389,0.0,7527,1605,68117,0.01
7,69729,6390,1.0,7528,1605,68124,0.01
8,69737,6390,0.0,7529,1605,68132,0.01
7,69744,6391,1.0,7530,1605,68139,0.01
24,69768,6392,1.0,7531,1606,68162,0.01
23,69791,6392,0.0,7532,1607,68184,0.01
7,69798,6393,1.0,7533,1607,68191,0.01
7,69805,6394,1.0,7534,1607,68198,0.01
7,69812,6395,1.0,7535,1607,68205,0.01
7,69819,6396,1.0,7536,1607,68212,0.01
7,69826,6397,1.0,7537,1607,68219,0.01
24,69850,6398,1.0,7538,1608,68242,0.01
7,69857,6399,1.0,7539,1608,68249,0.01
7,69864,6400,1.0,7540,1608,68256,0.01
7,69871,6401,1.0,7541,1608,68263,0.01
7,69878,6402,1.0,7542,1608,68270,0.01
7,69885,6403,1.0,7543,1608,68277,0.01
7,69892,6404,1.0,7544,1608,68284,0.01
7,69899,6405,1.0,7545,1608,68291,0.01
17,69916,6405,0.0,7546,1609,68307,0.01
7,69923,6406,1.0,7547,1609,68314,0.01
7,69930,6407,1.0,7548,1609,68321,0.01
7,69937,6408,1.0,7549,1609,68328,0.01
7,69944,6409,1.0,7550,1609,68335,0.01
7,69951,6410,1.0,7551,1609,68342,0.01
7,69958,6411,1.0,7552,1609,68349,0.01
7,69965,6412,1.0,7553,1609,68356,0.01
9,69974,6412,0.0,7554,1610,68364,0.01
24,69998,6413,1.0,7555,1610,68388,0.01
24,70022,6414,1.0,7556,1610,68412,0.01
24,70046,6415,1.0,7557,1610,68436,0.01
24,70070,6416,1.0,7558,1610,68460,0.01
24,70094,6417,1.0,7559,1610,68484,0.01
16,70110,6417,0.0,7560,1610,68500,0.01
5,70115,6417,0.0,7561,1611,68504,0.01
24,70139,6418,1.0,7562,1611,68528,0.01
24,70163,6419,1.0,7563,1611,68552,0.01
24,70187,6420,1.0,7564,1611,68576,0.01
24,70211,6421,1.0,7565,1611,68600,0.01
24,70235,6422,1.0,7566,1612,68623,0.01
24,70259,6423,1.0,7567,1612,68647,0.01
24,70283,6424,1.0,7568,1612,68671,0.01
24,70307,6425,1.0,7569,1612,68695,0.01
24,70331,6426,1.0,7570,1612,68719,0.01
24,70355,6427,1.0,7571,1612,68743,0.01
24,70379,6428,1.0,7572,1612,68767,0.01
24,70403,6429,1.0,7573,1612,68791,0.01
24,70427,6430,1.0,7574,1612,68815,0.01
24,70451,6431,1.0,7575,1612,68839,0.01
24,70475,6432,1.0,7576,1612,68863,0.01
19,70494,6432,0.0,7577,1614,68880,0.01
24,70518,6433,1.0,7578,1614,68904,0.01
24,70542,6434,1.0,7579,1614,68928,0.01
24,70566,6435,1.0,7580,1615,68951,0.01
24,70590,6436,1.0,7581,1615,68975,0.01
24,70614,6437,1.0,7582,1615,68999,0.01
24,70638,6438,1.0,7583,1615,69023,0.01
24,70662,6439,1.0,7584,1615,69047,0.01
24,70686,6440,1.0,7585,1615,69071,0.01
24,70710,6441,1.0,7586,1615,69095,0.01
24,70734,6442,1.0,7587,1615,69119,0.01
24,70758,6443,1.0,7588,1615,69143,0.01
24,70782,6444,1.0,7589,1615,69167,0.01
24,70806,6445,1.0,7590,1615,69191,0.01
24,70830,6446,1.0,7591,1615,69215,0.01
24,70854,6447,1.0,7592,1615,69239,0.01
24,70878,6448,1.0,7593,1615,69263,0.01
25,70903,6449,1.0,7594,1616,69287,0.01
24,70927,6450,1.0,7595,1616,69311,0.01
24,70951,6451,1.0,7596,1616,69335,0.01
24,70975,6452,1.0,7597,1616,69359,0.01
7,70982,6452,0.0,7598,1617,69365,0.01
22,71004,6452,0.0,7599,1617,69387,0.01
24,71028,6453,1.0,7600,1617,69411,0.01
24,71052,6454,1.0,7601,1617,69435,0.01
24,71076,6455,1.0,7602,1617,69459,0.01
24,71100,6456,1.0,7603,1617,69483,0.01
24,71124,6457,1.0,7604,1617,69507,0.01
24,71148,6457,0.0,7605,1618,69530,0.01
17,71165,6457,0.0,7606,1619,69546,0.01
14,71179,6458,1.0,7607,1619,69560,0.01
8,71187,6458,0.0,7608,1619,69568,0.01
24,71211,6459,1.0,7609,1619,69592,0.01
25,71236,6459,0.0,7610,1620,69616,0.01
12,71248,6459,0.0,7611,1620,69628,0.01
24,71272,6460,1.0,7612,1620,69652,0.01
24,71296,6461,1.0,7613,1620,69676,0.01
24,71320,6462,1.0,7614,1624,69696,0.01
9,71329,6462,0.0,7615,1624,69705,0.01
24,71353,6463,1.0,7616,1624,69729,0.01
24,71377,6464,1.0,7617,1624,69753,0.01
24,71401,6465,1.0,7618,1624,69777,0.01
24,71425,6466,1.0,7619,1624,69801,0.01
24,71449,6467,1.0,7620,1624,69825,0.01
24,71473,6468,1.0,7621,1624,69849,0.01
24,71497,6469,1.0,7622,1624,69873,0.01
24,71521,6470,1.0,7623,1624,69897,0.01
24,71545,6471,1.0,7624,1624,69921,0.01
24,71569,6472,1.0,7625,1624,69945,0.01
24,71593,6473,1.0,7626,1624,69969,0.01
24,71617,6474,1.0,7627,1625,69992,0.01
24,71641,6475,1.0,7628,1625,70016,0.01
24,71665,6476,1.0,7629,1626,70039,0.01
24,71689,6477,1.0,7630,1626,70063,0.01
24,71713,6478,1.0,7631,1626,70087,0.01
24,71737,6479,1.0,7632,1626,70111,0.01
24,71761,6480,1.0,7633,1626,70135,0.01
26,71787,6481,1.0,7634,1627,70160,0.01
20,71807,6481,0.0,7635,1628,70179,0.01
24,71831,6482,1.0,7636,1629,70202,0.01
24,71855,6483,1.0,7637,1629,70226,0.01
24,71879,6484,1.0,7638,1629,70250,0.01
24,71903,6485,1.0,7639,1629,70274,0.01
24,71927,6486,1.0,7640,1629,70298,0.01
24,71951,6487,1.0,7641,1630,70321,0.01
24,71975,6488,1.0,7642,1630,70345,0.01
24,71999,6489,1.0,7643,1630,70369,0.01
24,72023,6490,1.0,7644,1630,70393,0.01
24,72047,6491,1.0,7645,1630,70417,0.01
24,72071,6492,1.0,7646,1631,70440,0.01
24,72095,6493,1.0,7647,1631,70464,0.01
24,72119,6494,1.0,7648,1631,70488,0.01
22,72141,6494,0.0,7649,1631,70510,0.01
24,72165,6495,1.0,7650,1631,70534,0.01
8,72173,6495,0.0,7651,1632,70541,0.01
8,72181,6495,0.0,7652,1632,70549,0.01
28,72209,6496,1.0,7653,1632,70577,0.01
24,72233,6497,1.0,7654,1632,70601,0.01
24,72257,6498,1.0,7655,1632,70625,0.01
26,72283,6499,1.0,7656,1633,70650,0.01
24,72307,6500,1.0,7657,1633,70674,0.01
24,72331,6501,1.0,7658,1633,70698,0.01
6,72337,6501,0.0,7659,1634,70703,0.01
16,72353,6501,0.0,7660,1635,70718,0.01
17,72370,6502,1.0,7661,1635,70735,0.01
24,72394,6503,1.0,7662,1635,70759,0.01
24,72418,6504,1.0,7663,1635,70783,0.01
24,72442,6505,1.0,7664,1635,70807,0.01
24,72466,6506,1.0,7665,1635,70831,0.01
24,72490,6507,1.0,7666,1635,70855,0.01
24,72514,6508,1.0,7667,1635,70879,0.01
24,72538,6509,1.0,7668,1635,70903,0.01
12,72550,6509,0.0,7669,1636,70914,0.01
12,72562,6509,0.0,7670,1636,70926,0.01
12,72574,6509,0.0,7671,1636,70938,0.01
12,72586,6509,0.0,7672,1636,70950,0.01
11,72597,6510,1.0,7673,1636,70961,0.01
8,72605,6511,1.0,7674,1636,70969,0.01
8,72613,6512,1.0,7675,1636,70977,0.01
8,72621,6513,1.0,7676,1636,70985,0.01
8,72629,6514,1.0,7677,1636,70993,0.01
8,72637,6515,1.0,7678,1636,71001,0.01
8,72645,6516,1.0,7679,1636,71009,0.01
8,72653,6517,1.0,7680,1636,71017,0.01
8,72661,6518,1.0,7681,1636,71025,0.01
8,72669,6519,1.0,7682,1636,71033,0.01
8,72677,6520,1.0,7683,1636,71041,0.01
8,72685,6521,1.0,7684,1636,71049,0.01
8,72693,6522,1.0,7685,1636,71057,0.01
8,72701,6523,1.0,7686,1636,71065,0.01
8,72709,6524,1.0,7687,1636,71073,0.01
8,72717,6525,1.0,7688,1636,71081,0.01
8,72725,6526,1.0,7689,1636,71089,0.01
8,72733,6527,1.0,7690,1636,71097,0.01
8,72741,6528,1.0,7691,1636,71105,0.01
8,72749,6529,1.0,7692,1636,71113,0.01
8,72757,6530,1.0,7693,1637,71120,0.01
8,72765,6531,1.0,7694,1637,71128,0.01
8,72773,6532,1.0,7695,1637,71136,0.01
8,72781,6533,1.0,7696,1637,71144,0.01
8,72789,6534,1.0,7697,1637,71152,0.01
8,72797,6535,1.0,7698,1637,71160,0.01
8,72805,6536,1.0,7699,1637,71168,0.01
8,72813,6537,1.0,7700,1637,71176,0.01
8,72821,6538,1.0,7701,1637,71184,0.01
8,72829,6539,1.0,7702,1637,71192,0.01
8,72837,6540,1.0,7703,1637,71200,0.01
8,72845,6541,1.0,7704,1637,71208,0.01
8,72853,6542,1.0,7705,1637,71216,0.01
8,72861,6543,1.0,7706,1637,71224,0.01
8,72869,6544,1.0,7707,1638,71231,0.01
8,72877,6545,1.0,7708,1638,71239,0.01
8,72885,6546,1.0,7709,1638,71247,0.01
8,72893,6547,1.0,7710,1638,71255,0.01
8,72901,6548,1.0,7711,1638,71263,0.01
8,72909,6549,1.0,7712,1638,71271,0.01
4,72913,6549,0.0,7713,1639,71274,0.01
8,72921,6550,1.0,7714,1639,71282,0.01
8,72929,6551,1.0,7715,1639,71290,0.01
8,72937,6552,1.0,7716,1639,71298,0.01
8,72945,6553,1.0,7717,1639,71306,0.01
8,72953,6554,1.0,7718,1639,71314,0.01
8,72961,6555,1.0,7719,1639,71322,0.01
8,72969,6556,1.0,7720,1639,71330,0.01
8,72977,6557,1.0,7721,1639,71338,0.01
8,72985,6558,1.0,7722,1639,71346,0.01
8,72993,6559,1.0,7723,1639,71354,0.01
16,73009,6560,1.0,7724,1640,71369,0.01
8,73017,6561,1.0,7725,1641,71376,0.01
8,73025,6562,1.0,7726,1641,71384,0.01
8,73033,6563,1.0,7727,1641,71392,0.01
8,73041,6564,1.0,7728,1641,71400,0.01
8,73049,6565,1.0,7729,1641,71408,0.01
8,73057,6566,1.0,7730,1641,71416,0.01
8,73065,6567,1.0,7731,1641,71424,0.01
8,73073,6568,1.0,7732,1641,71432,0.01
8,73081,6569,1.0,7733,1641,71440,0.01
8,73089,6570,1.0,7734,1641,71448,0.01
8,73097,6571,1.0,7735,1641,71456,0.01
8,73105,6572,1.0,7736,1641,71464,0.01
8,73113,6573,1.0,7737,1641,71472,0.01
8,73121,6574,1.0,7738,1641,71480,0.01
8,73129,6575,1.0,7739,1641,71488,0.01
8,73137,6576,1.0,7740,1641,71496,0.01
8,73145,6577,1.0,7741,1641,71504,0.01
8,73153,6578,1.0,7742,1641,71512,0.01
8,73161,6579,1.0,7743,1641,71520,0.01
8,73169,6580,1.0,7744,1641,71528,0.01
8,73177,6581,1.0,7745,1641,71536,0.01
8,73185,6582,1.0,7746,1641,71544,0.01
8,73193,6583,1.0,7747,1641,71552,0.01
8,73201,6584,1.0,7748,1641,71560,0.01
8,73209,6585,1.0,7749,1641,71568,0.01
8,73217,6586,1.0,7750,1641,71576,0.01
8,73225,6587,1.0,7751,1641,71584,0.01
8,73233,6588,1.0,7752,1641,71592,0.01
8,73241,6589,1.0,7753,1641,71600,0.01
8,73249,6590,1.0,7754,1641,71608,0.01
8,73257,6591,1.0,7755,1641,71616,0.01
8,73265,6592,1.0,7756,1641,71624,0.01
8,73273,6593,1.0,7757,1641,71632,0.01
8,73281,6594,1.0,7758,1641,71640,0.01
8,73289,6595,1.0,7759,1641,71648,0.01
8,73297,6596,1.0,7760,1641,71656,0.01
8,73305,6597,1.0,7761,1641,71664,0.01
8,73313,6598,1.0,7762,1641,71672,0.01
8,73321,6599,1.0,7763,1641,71680,0.01
8,73329,6600,1.0,7764,1641,71688,0.01
8,73337,6601,1.0,7765,1641,71696,0.01
8,73345,6602,1.0,7766,1641,71704,0.01
8,73353,6603,1.0,7767,1641,71712,0.01
8,73361,6604,1.0,7768,1641,71720,0.01
8,73369,6605,1.0,7769,1641,71728,0.01
8,73377,6606,1.0,7770,1641,71736,0.01
8,73385,6607,1.0,7771,1641,71744,0.01
8,73393,6608,1.0,7772,1641,71752,0.01
8,73401,6609,1.0,7773,1641,71760,0.01
8,73409,6610,1.0,7774,1641,71768,0.01
8,73417,6611,1.0,7775,1641,71776,0.01
8,73425,6612,1.0,7776,1641,71784,0.01
8,73433,6613,1.0,7777,1641,71792,0.01
8,73441,6614,1.0,7778,1641,71800,0.01
8,73449,6615,1.0,7779,1641,71808,0.01
8,73457,6616,1.0,7780,1641,71816,0.01
8,73465,6617,1.0,7781,1641,71824,0.01
8,73473,6618,1.0,7782,1641,71832,0.01
8,73481,6619,1.0,7783,1641,71840,0.01
8,73489,6620,1.0,7784,1641,71848,0.01
8,73497,6621,1.0,7785,1641,71856,0.01
8,73505,6622,1.0,7786,1641,71864,0.01
8,73513,6623,1.0,7787,1641,71872,0.01
8,73521,6624,1.0,7788,1641,71880,0.01
8,73529,6625,1.0,7789,1641,71888,0.01
8,73537,6626,1.0,7790,1641,71896,0.01
8,73545,6627,1.0,7791,1641,71904,0.01
8,73553,6628,1.0,7792,1641,71912,0.01
8,73561,6629,1.0,7793,1641,71920,0.01
8,73569,6630,1.0,7794,1641,71928,0.01
8,73577,6631,1.0,7795,1641,71936,0.01
8,73585,6632,1.0,7796,1641,71944,0.01
8,73593,6633,1.0,7797,1641,71952,0.01
8,73601,6634,1.0,7798,1641,71960,0.01
8,73609,6635,1.0,7799,1641,71968,0.01
8,73617,6636,1.0,7800,1641,71976,0.01
8,73625,6637,1.0,7801,1641,71984,0.01
8,73633,6638,1.0,7802,1641,71992,0.01
8,73641,6639,1.0,7803,1641,72000,0.01
8,73649,6640,1.0,7804,1641,72008,0.01
8,73657,6641,1.0,7805,1641,72016,0.01
8,73665,6642,1.0,7806,1641,72024,0.01
8,73673,6643,1.0,7807,1641,72032,0.01
8,73681,6644,1.0,7808,1641,72040,0.01
8,73689,6645,1.0,7809,1641,72048,0.01
8,73697,6646,1.0,7810,1641,72056,0.01
8,73705,6647,1.0,7811,1641,72064,0.01
8,73713,6648,1.0,7812,1641,72072,0.01
8,73721,6649,1.0,7813,1641,72080,0.01
8,73729,6650,1.0,7814,1641,72088,0.01
8,73737,6651,1.0,7815,1641,72096,0.01
8,73745,6652,1.0,7816,1641,72104,0.01
8,73753,6653,1.0,7817,1641,72112,0.01
8,73761,6654,1.0,7818,1641,72120,0.01
8,73769,6655,1.0,7819,1641,72128,0.01
8,73777,6656,1.0,7820,1641,72136,0.01
8,73785,6657,1.0,7821,1641,72144,0.01
8,73793,6658,1.0,7822,1641,72152,0.01
8,73801,6659,1.0,7823,1641,72160,0.01
9,73810,6659,0.0,7824,1642,72168,0.01
8,73818,6660,1.0,7825,1642,72176,0.01
8,73826,6661,1.0,7826,1642,72184,0.01
8,73834,6662,1.0,7827,1642,72192,0.01
8,73842,6663,1.0,7828,1642,72200,0.01
8,73850,6664,1.0,7829,1642,72208,0.01
8,73858,6665,1.0,7830,1642,72216,0.01
8,73866,6666,1.0,7831,1642,72224,0.01
8,73874,6667,1.0,7832,1642,72232,0.01
8,73882,6668,1.0,7833,1642,72240,0.01
8,73890,6669,1.0,7834,1642,72248,0.01
8,73898,6670,1.0,7835,1642,72256,0.01
8,73906,6671,1.0,7836,1642,72264,0.01
8,73914,6672,1.0,7837,1642,72272,0.01
8,73922,6673,1.0,7838,1642,72280,0.01
8,73930,6674,1.0,7839,1642,72288,0.01
16,73946,6675,1.0,7840,1643,72303,0.01
8,73954,6676,1.0,7841,1643,72311,0.01
8,73962,6677,1.0,7842,1643,72319,0.01
16,73978,6678,1.0,7843,1645,72333,0.01
8,73986,6679,1.0,7844,1645,72341,0.01
16,74002,6680,1.0,7845,1645,72357,0.01
8,74010,6681,1.0,7846,1645,72365,0.01
8,74018,6682,1.0,7847,1645,72373,0.01
8,74026,6683,1.0,7848,1645,72381,0.01
8,74034,6684,1.0,7849,1645,72389,0.01
8,74042,6685,1.0,7850,1645,72397,0.01
8,74050,6686,1.0,7851,1645,72405,0.01
8,74058,6687,1.0,7852,1645,72413,0.01
8,74066,6688,1.0,7853,1645,72421,0.01
8,74074,6689,1.0,7854,1645,72429,0.01
8,74082,6690,1.0,7855,1645,72437,0.01
8,74090,6691,1.0,7856,1645,72445,0.01
8,74098,6692,1.0,7857,1645,72453,0.01
8,74106,6693,1.0,7858,1645,72461,0.01
8,74114,6694,1.0,7859,1645,72469,0.01
8,74122,6695,1.0,7860,1645,72477,0.01
8,74130,6696,1.0,7861,1646,72484,0.01
8,74138,6697,1.0,7862,1646,72492,0.01
8,74146,6698,1.0,7863,1646,72500,0.01
8,74154,6699,1.0,7864,1646,72508,0.01
8,74162,6700,1.0,7865,1646,72516,0.01
8,74170,6701,1.0,7866,1646,72524,0.01
8,74178,6702,1.0,7867,1646,72532,0.01
8,74186,6703,1.0,7868,1646,72540,0.01
8,74194,6704,1.0,7869,1646,72548,0.01
8,74202,6705,1.0,7870,1646,72556,0.01
8,74210,6706,1.0,7871,1646,72564,0.01
8,74218,6707,1.0,7872,1646,72572,0.01
8,74226,6708,1.0,7873,1647,72579,0.01
8,74234,6709,1.0,7874,1647,72587,0.01
8,74242,6710,1.0,7875,1647,72595,0.01
9,74251,6710,0.0,7876,1649,72602,0.01
8,74259,6711,1.0,7877,1649,72610,0.01
8,74267,6712,1.0,7878,1649,72618,0.01
8,74275,6713,1.0,7879,1649,72626,0.01
8,74283,6714,1.0,7880,1649,72634,0.01
8,74291,6715,1.0,7881,1649,72642,0.01
8,74299,6716,1.0,7882,1649,72650,0.01
8,74307,6717,1.0,7883,1649,72658,0.01
8,74315,6718,1.0,7884,1649,72666,0.01
8,74323,6719,1.0,7885,1649,72674,0.01
8,74331,6720,1.0,7886,1649,72682,0.01
8,74339,6721,1.0,7887,1649,72690,0.01
8,74347,6722,1.0,7888,1649,72698,0.01
8,74355,6723,1.0,7889,1649,72706,0.01
8,74363,6724,1.0,7890,1649,72714,0.01
8,74371,6725,1.0,7891,1649,72722,0.01
8,74379,6726,1.0,7892,1649,72730,0.01
8,74387,6727,1.0,7893,1649,72738,0.01
8,74395,6728,1.0,7894,1649,72746,0.01
8,74403,6729,1.0,7895,1649,72754,0.01
8,74411,6730,1.0,7896,1649,72762,0.01
8,74419,6731,1.0,7897,1649,72770,0.01
8,74427,6732,1.0,7898,1649,72778,0.01
8,74435,6733,1.0,7899,1649,72786,0.01
8,74443,6734,1.0,7900,1649,72794,0.01
8,74451,6735,1.0,7901,1649,72802,0.01
8,74459,6736,1.0,7902,1649,72810,0.01
8,74467,6737,1.0,7903,1649,72818,0.01
8,74475,6738,1.0,7904,1649,72826,0.01
8,74483,6739,1.0,7905,1649,72834,0.01
8,74491,6740,1.0,7906,1649,72842,0.01
8,74499,6741,1.0,7907,1650,72849,0.01
8,74507,6742,1.0,7908,1650,72857,0.01
8,74515,6743,1.0,7909,1651,72864,0.01
8,74523,6744,1.0,7910,1651,72872,0.01
8,74531,6745,1.0,7911,1651,72880,0.01
8,74539,6746,1.0,7912,1651,72888,0.01
8,74547,6747,1.0,7913,1651,72896,0.01
8,74555,6748,1.0,7914,1651,72904,0.01
8,74563,6749,1.0,7915,1651,72912,0.01
8,74571,6750,1.0,7916,1651,72920,0.01
8,74579,6751,1.0,7917,1651,72928,0.01
9,74588,6751,0.0,7918,1652,72936,0.01
16,74604,6752,1.0,7919,1652,72952,0.01
8,74612,6753,1.0,7920,1652,72960,0.01
9,74621,6753,0.0,7921,1652,72969,0.01
17,74638,6753,0.0,7922,1652,72986,0.01
8,74646,6754,1.0,7923,1652,72994,0.01
9,74655,6754,0.0,7924,1653,73002,0.01
8,74663,6755,1.0,7925,1653,73010,0.01
7,74670,6755,0.0,7926,1654,73016,0.01
8,74678,6756,1.0,7927,1654,73024,0.01
8,74686,6757,1.0,7928,1654,73032,0.01
8,74694,6758,1.0,7929,1654,73040,0.01
8,74702,6759,1.0,7930,1654,73048,0.01
8,74710,6760,1.0,7931,1654,73056,0.01
8,74718,6761,1.0,7932,1654,73064,0.01
8,74726,6762,1.0,7933,1654,73072,0.01
8,74734,6763,1.0,7934,1654,73080,0.01
8,74742,6764,1.0,7935,1654,73088,0.01
8,74750,6765,1.0,7936,1654,73096,0.01
8,74758,6766,1.0,7937,1654,73104,0.01
8,74766,6767,1.0,7938,1654,73112,0.01
8,74774,6768,1.0,7939,1654,73120,0.01
16,74790,6769,1.0,7940,1655,73135,0.01
8,74798,6770,1.0,7941,1655,73143,0.01
8,74806,6771,1.0,7942,1655,73151,0.01
8,74814,6772,1.0,7943,1655,73159,0.01
8,74822,6773,1.0,7944,1655,73167,0.01
8,74830,6774,1.0,7945,1655,73175,0.01
8,74838,6775,1.0,7946,1655,73183,0.01
8,74846,6776,1.0,7947,1655,73191,0.01
8,74854,6777,1.0,7948,1655,73199,0.01
8,74862,6778,1.0,7949,1655,73207,0.01
8,74870,6779,1.0,7950,1655,73215,0.01
8,74878,6780,1.0,7951,1655,73223,0.01
8,74886,6781,1.0,7952,1655,73231,0.01
8,74894,6782,1.0,7953,1655,73239,0.01
8,74902,6783,1.0,7954,1655,73247,0.01
8,74910,6784,1.0,7955,1655,73255,0.01
8,74918,6785,1.0,7956,1655,73263,0.01
8,74926,6786,1.0,7957,1655,73271,0.01
8,74934,6787,1.0,7958,1655,73279,0.01
8,74942,6788,1.0,7959,1655,73287,0.01
8,74950,6789,1.0,7960,1655,73295,0.01
8,74958,6790,1.0,7961,1655,73303,0.01
8,74966,6791,1.0,7962,1655,73311,0.01
16,74982,6792,1.0,7963,1656,73326,0.01
8,74990,6793,1.0,7964,1656,73334,0.01
7,74997,6793,0.0,7965,1657,73340,0.01
8,75005,6794,1.0,7966,1657,73348,0.01
8,75013,6795,1.0,7967,1657,73356,0.01
10,75023,6796,1.0,7968,1658,73365,0.01
19,75042,6796,0.0,7969,1658,73384,0.01
31,75073,6797,1.0,7970,1659,73414,0.01
17,75090,6797,0.0,7971,1659,73431,0.01
9,75099,6798,1.0,7972,1659,73440,0.01
6,75105,6798,0.0,7973,1659,73446,0.01
56,75161,6798,0.0,7974,1660,73501,0.01
9,75170,6798,0.0,7975,1660,73510,0.01
8,75178,6798,0.0,7976,1661,73517,0.01
35,75213,6798,0.0,7977,1661,73552,0.01
36,75249,6798,0.0,7978,1661,73588,0.01
23,75272,6798,0.0,7979,1662,73610,0.01
17,75289,6798,0.0,7980,1662,73627,0.01
12,75301,6798,0.0,7981,1662,73639,0.01
5,75306,6798,0.0,7982,1662,73644,0.01
7,75313,6798,0.0,7983,1662,73651,0.01
11,75324,6798,0.0,7984,1662,73662,0.01
8,75332,6798,0.0,7985,1662,73670,0.01
14,75346,6798,0.0,7986,1662,73684,0.01
16,75362,6798,0.0,7987,1662,73700,0.01
14,75376,6798,0.0,7988,1662,73714,0.01
2,75378,6798,0.0,7989,1662,73716,0.01
8,75386,6798,0.0,7990,1662,73724,0.01
10,75396,6798,0.0,7991,1662,73734,0.01
7,75403,6799,1.0,7992,1662,73741,0.01
22,75425,6799,0.0,7993,1662,73763,0.01
2,75427,6799,0.0,7994,1662,73765,0.01
14,75441,6799,0.0,7995,1663,73778,0.01
24,75465,6800,1.0,7996,1663,73802,0.01
7,75472,6801,1.0,7997,1663,73809,0.01
9,75481,6801,0.0,7998,1663,73818,0.01
9,75490,6801,0.0,7999,1664,73826,0.01
24,75514,6802,1.0,8000,1664,73850,0.01
24,75538,6803,1.0,8001,1665,73873,0.01
24,75562,6804,1.0,8002,1665,73897,0.01
25,75587,6805,1.0,8003,1666,73921,0.01
24,75611,6806,1.0,8004,1666,73945,0.01
24,75635,6807,1.0,8005,1667,73968,0.01
25,75660,6808,1.0,8006,1668,73992,0.01
24,75684,6809,1.0,8007,1668,74016,0.01
24,75708,6810,1.0,8008,1668,74040,0.01
24,75732,6811,1.0,8009,1668,74064,0.01
24,75756,6812,1.0,8010,1669,74087,0.01
24,75780,6813,1.0,8011,1669,74111,0.01
24,75804,6814,1.0,8012,1669,74135,0.01
24,75828,6815,1.0,8013,1669,74159,0.01
24,75852,6816,1.0,8014,1669,74183,0.01
24,75876,6817,1.0,8015,1669,74207,0.01
24,75900,6818,1.0,8016,1669,74231,0.01
24,75924,6819,1.0,8017,1669,74255,0.01
24,75948,6820,1.0,8018,1669,74279,0.01
24,75972,6821,1.0,8019,1669,74303,0.01
24,75996,6822,1.0,8020,1669,74327,0.01
16,76012,6823,1.0,8021,1670,74342,0.01
8,76020,6824,1.0,8022,1670,74350,0.01
8,76028,6825,1.0,8023,1670,74358,0.01
8,76036,6826,1.0,8024,1670,74366,0.01
8,76044,6827,1.0,8025,1670,74374,0.01
8,76052,6828,1.0,8026,1670,74382,0.01
8,76060,6829,1.0,8027,1670,74390,0.01
8,76068,6830,1.0,8028,1670,74398,0.01
8,76076,6831,1.0,8029,1670,74406,0.01
8,76084,6832,1.0,8030,1670,74414,0.01
8,76092,6833,1.0,8031,1670,74422,0.01
8,76100,6834,1.0,8032,1670,74430,0.01
8,76108,6835,1.0,8033,1670,74438,0.01
8,76116,6836,1.0,8034,1670,74446,0.01
8,76124,6837,1.0,8035,1670,74454,0.01
8,76132,6838,1.0,8036,1670,74462,0.01
8,76140,6839,1.0,8037,1670,74470,0.01
8,76148,6840,1.0,8038,1670,74478,0.01
8,76156,6841,1.0,8039,1670,74486,0.01
8,76164,6842,1.0,8040,1670,74494,0.01
8,76172,6843,1.0,8041,1671,74501,0.01
8,76180,6844,1.0,8042,1671,74509,0.01
9,76189,6844,0.0,8043,1672,74517,0.01
8,76197,6845,1.0,8044,1672,74525,0.01
8,76205,6846,1.0,8045,1672,74533,0.01
8,76213,6847,1.0,8046,1672,74541,0.01
8,76221,6848,1.0,8047,1672,74549,0.01
8,76229,6849,1.0,8048,1672,74557,0.01
16,76245,6850,1.0,8049,1673,74572,0.01
8,76253,6851,1.0,8050,1673,74580,0.01
8,76261,6852,1.0,8051,1673,74588,0.01
8,76269,6853,1.0,8052,1673,74596,0.01
8,76277,6854,1.0,8053,1673,74604,0.01
8,76285,6855,1.0,8054,1673,74612,0.01
8,76293,6856,1.0,8055,1673,74620,0.01
8,76301,6857,1.0,8056,1673,74628,0.01
8,76309,6858,1.0,8057,1673,74636,0.01
8,76317,6859,1.0,8058,1673,74644,0.01
8,76325,6860,1.0,8059,1673,74652,0.01
8,76333,6861,1.0,8060,1673,74660,0.01
8,76341,6862,1.0,8061,1673,74668,0.01
8,76349,6863,1.0,8062,1673,74676,0.01
8,76357,6864,1.0,8063,1673,74684,0.01
8,76365,6865,1.0,8064,1673,74692,0.01
16,76381,6866,1.0,8065,1674,74707,0.01
8,76389,6867,1.0,8066,1674,74715,0.01
8,76397,6868,1.0,8067,1674,74723,0.01
8,76405,6869,1.0,8068,1674,74731,0.01
8,76413,6870,1.0,8069,1674,74739,0.01
4,76417,6870,0.0,8070,1675,74742,0.01
8,76425,6871,1.0,8071,1675,74750,0.01
8,76433,6872,1.0,8072,1675,74758,0.01
8,76441,6873,1.0,8073,1675,74766,0.01
8,76449,6874,1.0,8074,1675,74774,0.01
8,76457,6875,1.0,8075,1675,74782,0.01
8,76465,6876,1.0,8076,1675,74790,0.01
8,76473,6877,1.0,8077,1675,74798,0.01
8,76481,6878,1.0,8078,1676,74805,0.01
8,76489,6879,1.0,8079,1676,74813,0.01
8,76497,6880,1.0,8080,1676,74821,0.01
8,76505,6881,1.0,8081,1676,74829,0.01
8,76513,6882,1.0,8082,1676,74837,0.01
8,76521,6883,1.0,8083,1676,74845,0.01
8,76529,6884,1.0,8084,1676,74853,0.01
8,76537,6885,1.0,8085,1676,74861,0.01
8,76545,6886,1.0,8086,1676,74869,0.01
16,76561,6887,1.0,8087,1677,74884,0.01
8,76569,6888,1.0,8088,1678,74891,0.01
8,76577,6889,1.0,8089,1678,74899,0.01
9,76586,6889,0.0,8090,1679,74907,0.01
9,76595,6889,0.0,8091,1679,74916,0.01
11,76606,6890,1.0,8092,1679,74927,0.01
18,76624,6890,0.0,8093,1680,74944,0.01
8,76632,6891,1.0,8094,1680,74952,0.01
8,76640,6892,1.0,8095,1680,74960,0.01
8,76648,6893,1.0,8096,1680,74968,0.01
8,76656,6894,1.0,8097,1680,74976,0.01
8,76664,6895,1.0,8098,1680,74984,0.01
8,76672,6896,1.0,8099,1680,74992,0.01
8,76680,6897,1.0,8100,1680,75000,0.01
8,76688,6898,1.0,8101,1680,75008,0.01
8,76696,6899,1.0,8102,1680,75016,0.01
8,76704,6900,1.0,8103,1680,75024,0.01
8,76712,6901,1.0,8104,1680,75032,0.01
8,76720,6902,1.0,8105,1680,75040,0.01
8,76728,6903,1.0,8106,1680,75048,0.01
8,76736,6904,1.0,8107,1680,75056,0.01
8,76744,6905,1.0,8108,1681,75063,0.01
8,76752,6906,1.0,8109,1682,75070,0.01
8,76760,6907,1.0,8110,1682,75078,0.01
8,76768,6908,1.0,8111,1682,75086,0.01
8,76776,6909,1.0,8112,1682,75094,0.01
8,76784,6910,1.0,8113,1682,75102,0.01
8,76792,6911,1.0,8114,1682,75110,0.01
8,76800,6912,1.0,8115,1682,75118,0.01
8,76808,6913,1.0,8116,1682,75126,0.01
8,76816,6914,1.0,8117,1682,75134,0.01
8,76824,6915,1.0,8118,1682,75142,0.01
8,76832,6916,1.0,8119,1682,75150,0.01
8,76840,6917,1.0,8120,1682,75158,0.01
8,76848,6918,1.0,8121,1682,75166,0.01
8,76856,6919,1.0,8122,1682,75174,0.01
8,76864,6920,1.0,8123,1682,75182,0.01
8,76872,6921,1.0,8124,1682,75190,0.01
8,76880,6922,1.0,8125,1682,75198,0.01
8,76888,6923,1.0,8126,1682,75206,0.01
8,76896,6924,1.0,8127,1682,75214,0.01
8,76904,6925,1.0,8128,1682,75222,0.01
7,76911,6925,0.0,8129,1683,75228,0.01
8,76919,6926,1.0,8130,1683,75236,0.01
8,76927,6927,1.0,8131,1683,75244,0.01
8,76935,6928,1.0,8132,1683,75252,0.01
8,76943,6929,1.0,8133,1683,75260,0.01
8,76951,6930,1.0,8134,1683,75268,0.01
9,76960,6930,0.0,8135,1684,75276,0.01
8,76968,6931,1.0,8136,1684,75284,0.01
8,76976,6932,1.0,8137,1684,75292,0.01
8,76984,6933,1.0,8138,1684,75300,0.01
8,76992,6934,1.0,8139,1684,75308,0.01
8,77000,6935,1.0,8140,1684,75316,0.01
8,77008,6936,1.0,8141,1684,75324,0.01
8,77016,6937,1.0,8142,1684,75332,0.01
8,77024,6938,1.0,8143,1684,75340,0.01
8,77032,6939,1.0,8144,1684,75348,0.01
9,77041,6939,0.0,8145,1685,75356,0.01
8,77049,6940,1.0,8146,1686,75363,0.01
8,77057,6941,1.0,8147,1686,75371,0.01
8,77065,6942,1.0,8148,1686,75379,0.01
8,77073,6943,1.0,8149,1686,75387,0.01
8,77081,6944,1.0,8150,1686,75395,0.01
8,77089,6945,1.0,8151,1686,75403,0.01
8,77097,6946,1.0,8152,1686,75411,0.01
8,77105,6947,1.0,8153,1686,75419,0.01
8,77113,6948,1.0,8154,1686,75427,0.01
8,77121,6949,1.0,8155,1686,75435,0.01
8,77129,6950,1.0,8156,1686,75443,0.01
8,77137,6951,1.0,8157,1686,75451,0.01
8,77145,6952,1.0,8158,1686,75459,0.01
8,77153,6953,1.0,8159,1686,75467,0.01
8,77161,6954,1.0,8160,1686,75475,0.01
8,77169,6955,1.0,8161,1686,75483,0.01
8,77177,6956,1.0,8162,1686,75491,0.01
8,77185,6957,1.0,8163,1686,75499,0.01
8,77193,6958,1.0,8164,1686,75507,0.01
8,77201,6959,1.0,8165,1686,75515,0.01
9,77210,6959,0.0,8166,1687,75523,0.01
8,77218,6960,1.0,8167,1687,75531,0.01
8,77226,6961,1.0,8168,1687,75539,0.01
8,77234,6962,1.0,8169,1687,75547,0.01
8,77242,6963,1.0,8170,1687,75555,0.01
8,77250,6964,1.0,8171,1687,75563,0.01
8,77258,6965,1.0,8172,1687,75571,0.01
8,77266,6966,1.0,8173,1687,75579,0.01
8,77274,6967,1.0,8174,1687,75587,0.01
8,77282,6968,1.0,8175,1687,75595,0.01
8,77290,6969,1.0,8176,1687,75603,0.01
8,77298,6970,1.0,8177,1687,75611,0.01
8,77306,6971,1.0,8178,1687,75619,0.01
8,77314,6972,1.0,8179,1687,75627,0.01
8,77322,6973,1.0,8180,1687,75635,0.01
8,77330,6974,1.0,8181,1687,75643,0.01
8,77338,6975,1.0,8182,1687,75651,0.01
8,77346,6976,1.0,8183,1687,75659,0.01
8,77354,6977,1.0,8184,1687,75667,0.01
8,77362,6978,1.0,8185,1687,75675,0.01
8,77370,6979,1.0,8186,1687,75683,0.01
8,77378,6980,1.0,8187,1687,75691,0.01
9,77387,6980,0.0,8188,1688,75699,0.01
8,77395,6981,1.0,8189,1688,75707,0.01
8,77403,6982,1.0,8190,1688,75715,0.01
8,77411,6983,1.0,8191,1688,75723,0.01
8,77419,6984,1.0,8192,1688,75731,0.01
8,77427,6985,1.0,8193,1688,75739,0.01
8,77435,6986,1.0,8194,1688,75747,0.01
12,77447,6986,0.0,8195,1689,75758,0.01
8,77455,6987,1.0,8196,1689,75766,0.01
8,77463,6988,1.0,8197,1689,75774,0.01
8,77471,6988,0.0,8198,1689,75782,0.01
8,77479,6989,1.0,8199,1689,75790,0.01
8,77487,6990,1.0,8200,1689,75798,0.01
8,77495,6991,1.0,8201,1689,75806,0.01
8,77503,6992,1.0,8202,1689,75814,0.01
8,77511,6993,1.0,8203,1689,75822,0.01
8,77519,6994,1.0,8204,1689,75830,0.01
8,77527,6995,1.0,8205,1689,75838,0.01
8,77535,6996,1.0,8206,1689,75846,0.01
8,77543,6997,1.0,8207,1689,75854,0.01
8,77551,6998,1.0,8208,1689,75862,0.01
8,77559,6999,1.0,8209,1689,75870,0.01
8,77567,7000,1.0,8210,1689,75878,0.01
8,77575,7001,1.0,8211,1689,75886,0.01
8,77583,7002,1.0,8212,1689,75894,0.01
8,77591,7003,1.0,8213,1689,75902,0.01
8,77599,7004,1.0,8214,1689,75910,0.01
8,77607,7005,1.0,8215,1689,75918,0.01
8,77615,7006,1.0,8216,1689,75926,0.01
8,77623,7007,1.0,8217,1689,75934,0.01
8,77631,7008,1.0,8218,1689,75942,0.01
8,77639,7009,1.0,8219,1689,75950,0.01
8,77647,7010,1.0,8220,1689,75958,0.01
8,77655,7011,1.0,8221,1689,75966,0.01
8,77663,7012,1.0,8222,1690,75973,0.01
8,77671,7013,1.0,8223,1690,75981,0.01
8,77679,7014,1.0,8224,1690,75989,0.01
8,77687,7015,1.0,8225,1690,75997,0.01
8,77695,7016,1.0,8226,1690,76005,0.01
8,77703,7017,1.0,8227,1690,76013,0.01
8,77711,7018,1.0,8228,1690,76021,0.01
8,77719,7019,1.0,8229,1690,76029,0.01
8,77727,7020,1.0,8230,1690,76037,0.01
8,77735,7021,1.0,8231,1690,76045,0.01
8,77743,7022,1.0,8232,1690,76053,0.01
8,77751,7023,1.0,8233,1690,76061,0.01
8,77759,7024,1.0,8234,1690,76069,0.01
8,77767,7025,1.0,8235,1690,76077,0.01
8,77775,7026,1.0,8236,1690,76085,0.01
8,77783,7027,1.0,8237,1690,76093,0.01
8,77791,7028,1.0,8238,1690,76101,0.01
8,77799,7029,1.0,8239,1690,76109,0.01
8,77807,7030,1.0,8240,1690,76117,0.01
8,77815,7031,1.0,8241,1690,76125,0.01
8,77823,7032,1.0,8242,1690,76133,0.01
8,77831,7033,1.0,8243,1690,76141,0.01
8,77839,7034,1.0,8244,1690,76149,0.01
8,77847,7035,1.0,8245,1690,76157,0.01
8,77855,7036,1.0,8246,1690,76165,0.01
8,77863,7037,1.0,8247,1690,76173,0.01
8,77871,7037,0.0,8248,1691,76180,0.01
8,77879,7038,1.0,8249,1691,76188,0.01
8,77887,7039,1.0,8250,1691,76196,0.01
8,77895,7040,1.0,8251,1691,76204,0.01
8,77903,7041,1.0,8252,1691,76212,0.01
8,77911,7042,1.0,8253,1691,76220,0.01
8,77919,7043,1.0,8254,1691,76228,0.01
8,77927,7044,1.0,8255,1691,76236,0.01
8,77935,7045,1.0,8256,1691,76244,0.01
8,77943,7046,1.0,8257,1691,76252,0.01
8,77951,7047,1.0,8258,1691,76260,0.01
8,77959,7048,1.0,8259,1691,76268,0.01
8,77967,7049,1.0,8260,1691,76276,0.01
8,77975,7050,1.0,8261,1691,76284,0.01
8,77983,7051,1.0,8262,1691,76292,0.01
8,77991,7052,1.0,8263,1691,76300,0.01
8,77999,7053,1.0,8264,1691,76308,0.01
8,78007,7054,1.0,8265,1691,76316,0.01
8,78015,7055,1.0,8266,1691,76324,0.01
8,78023,7056,1.0,8267,1691,76332,0.01
8,78031,7057,1.0,8268,1691,76340,0.01
8,78039,7058,1.0,8269,1691,76348,0.01
8,78047,7059,1.0,8270,1691,76356,0.01
8,78055,7060,1.0,8271,1691,76364,0.01
12,78067,7060,0.0,8272,1692,76375,0.01
11,78078,7060,0.0,8273,1692,76386,0.01
12,78090,7060,0.0,8274,1692,76398,0.01
8,78098,7060,0.0,8275,1692,76406,0.01
12,78110,7060,0.0,8276,1692,76418,0.01
12,78122,7060,0.0,8277,1692,76430,0.01
14,78136,7060,0.0,8278,1692,76444,0.01
8,78144,7060,0.0,8279,1692,76452,0.01
8,78152,7060,0.0,8280,1692,76460,0.01
16,78168,7060,0.0,8281,1692,76476,0.01
8,78176,7060,0.0,8282,1692,76484,0.01
11,78187,7060,0.0,8283,1692,76495,0.01
9,78196,7060,0.0,8284,1692,76504,0.01
8,78204,7060,0.0,8285,1692,76512,0.01
9,78213,7060,0.0,8286,1692,76521,0.01
20,78233,7060,0.0,8287,1692,76541,0.01
35,78268,7060,0.0,8288,1692,76576,0.01
7,78275,7060,0.0,8289,1692,76583,0.01
27,78302,7060,0.0,8290,1692,76610,0.01
8,78310,7060,0.0,8291,1692,76618,0.01
8,78318,7060,0.0,8292,1692,76626,0.01
8,78326,7061,1.0,8293,1692,76634,0.01
18,78344,7062,1.0,8294,1692,76652,0.01
9,78353,7062,0.0,8295,1692,76661,0.01
10,78363,7062,0.0,8296,1692,76671,0.01
9,78372,7062,0.0,8297,1692,76680,0.01
7,78379,7062,0.0,8298,1693,76686,0.01
10,78389,7062,0.0,8299,1693,76696,0.01
10,78399,7062,0.0,8300,1693,76706,0.01
10,78409,7062,0.0,8301,1693,76716,0.01
10,78419,7062,0.0,8302,1693,76726,0.01
10,78429,7062,0.0,8303,1693,76736,0.01
9,78438,7062,0.0,8304,1693,76745,0.01
9,78447,7062,0.0,8305,1693,76754,0.01
16,78463,7062,0.0,8306,1693,76770,0.01
12,78475,7062,0.0,8307,1693,76782,0.01
6,78481,7062,0.0,8308,1693,76788,0.01
7,78488,7062,0.0,8309,1694,76794,0.01
9,78497,7062,0.0,8310,1694,76803,0.01
9,78506,7062,0.0,8311,1695,76811,0.01
16,78522,7062,0.0,8312,1695,76827,0.01
14,78536,7062,0.0,8313,1695,76841,0.01
17,78553,7062,0.0,8314,1695,76858,0.01
14,78567,7062,0.0,8315,1695,76872,0.01
3,78570,7062,0.0,8316,1695,76875,0.01
9,78579,7062,0.0,8317,1696,76883,0.01
9,78588,7062,0.0,8318,1696,76892,0.01
9,78597,7062,0.0,8319,1696,76901,0.01
9,78606,7062,0.0,8320,1696,76910,0.01
9,78615,7062,0.0,8321,1696,76919,0.01
10,78625,7062,0.0,8322,1696,76929,0.01
16,78641,7062,0.0,8323,1696,76945,0.01
4,78645,7062,0.0,8324,1697,76948,0.01
29,78674,7062,0.0,8325,1697,76977,0.01
33,78707,7062,0.0,8326,1698,77009,0.01
5,78712,7062,0.0,8327,1698,77014,0.01
5,78717,7062,0.0,8328,1698,77019,0.01
5,78722,7062,0.0,8329,1698,77024,0.01
5,78727,7062,0.0,8330,1698,77029,0.01
7,78734,7062,0.0,8331,1698,77036,0.01
7,78741,7062,0.0,8332,1698,77043,0.01
7,78748,7063,1.0,8333,1698,77050,0.01
24,78772,7064,1.0,8334,1699,77073,0.01
7,78779,7065,1.0,8335,1699,77080,0.01
7,78786,7066,1.0,8336,1699,77087,0.01
7,78793,7067,1.0,8337,1699,77094,0.01
7,78800,7068,1.0,8338,1699,77101,0.01
7,78807,7069,1.0,8339,1699,77108,0.01
7,78814,7070,1.0,8340,1699,77115,0.01
7,78821,7071,1.0,8341,1699,77122,0.01
7,78828,7072,1.0,8342,1699,77129,0.01
7,78835,7073,1.0,8343,1699,77136,0.01
7,78842,7074,1.0,8344,1699,77143,0.01
4,78846,7074,0.0,8345,1700,77146,0.01
7,78853,7075,1.0,8346,1700,77153,0.01
7,78860,7076,1.0,8347,1700,77160,0.01
6,78866,7077,1.0,8348,1701,77165,0.01
3,78869,7077,0.0,8349,1701,77168,0.01
7,78876,7078,1.0,8350,1701,77175,0.01
3,78879,7078,0.0,8351,1702,77177,0.01
7,78886,7079,1.0,8352,1702,77184,0.01
7,78893,7080,1.0,8353,1702,77191,0.01
7,78900,7081,1.0,8354,1702,77198,0.01
7,78907,7082,1.0,8355,1702,77205,0.01
7,78914,7083,1.0,8356,1702,77212,0.01
7,78921,7084,1.0,8357,1702,77219,0.01
7,78928,7085,1.0,8358,1702,77226,0.01
2,78930,7085,0.0,8359,1703,77227,0.01
7,78937,7086,1.0,8360,1703,77234,0.01
7,78944,7087,1.0,8361,1703,77241,0.01
7,78951,7088,1.0,8362,1703,77248,0.01
7,78958,7089,1.0,8363,1703,77255,0.01
7,78965,7090,1.0,8364,1703,77262,0.01
7,78972,7091,1.0,8365,1703,77269,0.01
7,78979,7092,1.0,8366,1703,77276,0.01
7,78986,7093,1.0,8367,1704,77282,0.01
7,78993,7094,1.0,8368,1704,77289,0.01
7,79000,7095,1.0,8369,1704,77296,0.01
7,79007,7096,1.0,8370,1704,77303,0.01
7,79014,7097,1.0,8371,1704,77310,0.01
7,79021,7098,1.0,8372,1704,77317,0.01
7,79028,7099,1.0,8373,1704,77324,0.01
7,79035,7100,1.0,8374,1704,77331,0.01
7,79042,7101,1.0,8375,1704,77338,0.01
7,79049,7102,1.0,8376,1704,77345,0.01
7,79056,7103,1.0,8377,1704,77352,0.01
7,79063,7104,1.0,8378,1704,77359,0.01
7,79070,7105,1.0,8379,1704,77366,0.01
7,79077,7106,1.0,8380,1704,77373,0.01
7,79084,7107,1.0,8381,1704,77380,0.01
7,79091,7108,1.0,8382,1704,77387,0.01
7,79098,7109,1.0,8383,1704,77394,0.01
7,79105,7110,1.0,8384,1704,77401,0.01
7,79112,7111,1.0,8385,1704,77408,0.01
7,79119,7112,1.0,8386,1704,77415,0.01
7,79126,7113,1.0,8387,1704,77422,0.01
7,79133,7114,1.0,8388,1704,77429,0.01
7,79140,7115,1.0,8389,1704,77436,0.01
7,79147,7116,1.0,8390,1704,77443,0.01
7,79154,7117,1.0,8391,1704,77450,0.01
7,79161,7118,1.0,8392,1705,77456,0.01
7,79168,7119,1.0,8393,1705,77463,0.01
7,79175,7120,1.0,8394,1705,77470,0.01
8,79183,7120,0.0,8395,1706,77477,0.01
24,79207,7121,1.0,8396,1706,77501,0.01
24,79231,7122,1.0,8397,1706,77525,0.01
40,79271,7122,0.0,8398,1706,77565,0.01
40,79311,7122,0.0,8399,1706,77605,0.01
7,79318,7122,0.0,8400,1706,77612,0.01
7,79325,7122,0.0,8401,1706,77619,0.01
8,79333,7122,0.0,8402,1706,77627,0.01
3,79336,7122,0.0,8403,1706,77630,0.01
19,79355,7122,0.0,8404,1706,77649,0.01
17,79372,7123,1.0,8405,1706,77666,0.01
5,79377,7123,0.0,8406,1706,77671,0.01
24,79401,7124,1.0,8407,1706,77695,0.01
24,79425,7125,1.0,8408,1706,77719,0.01
24,79449,7126,1.0,8409,1706,77743,0.01
24,79473,7127,1.0,8410,1706,77767,0.01
24,79497,7128,1.0,8411,1706,77791,0.01
24,79521,7129,1.0,8412,1706,77815,0.01
24,79545,7130,1.0,8413,1706,77839,0.01
24,79569,7131,1.0,8414,1706,77863,0.01
24,79593,7132,1.0,8415,1706,77887,0.01
24,79617,7133,1.0,8416,1706,77911,0.01
24,79641,7134,1.0,8417,1706,77935,0.01
26,79667,7135,1.0,8418,1708,77959,0.01
26,79693,7136,1.0,8419,1709,77984,0.01
24,79717,7137,1.0,8420,1709,78008,0.01
24,79741,7138,1.0,8421,1709,78032,0.01
24,79765,7139,1.0,8422,1710,78055,0.01
24,79789,7140,1.0,8423,1710,78079,0.01
9,79798,7140,0.0,8424,1711,78087,0.01
9,79807,7140,0.0,8425,1711,78096,0.01
8,79815,7140,0.0,8426,1712,78103,0.01
24,79839,7141,1.0,8427,1712,78127,0.01
24,79863,7142,1.0,8428,1712,78151,0.01
24,79887,7143,1.0,8429,1712,78175,0.01
24,79911,7144,1.0,8430,1712,78199,0.01
24,79935,7145,1.0,8431,1712,78223,0.01
24,79959,7146,1.0,8432,1712,78247,0.01
24,79983,7147,1.0,8433,1712,78271,0.01
28,80011,7148,1.0,8434,1713,78298,0.01
15,80026,7149,1.0,8435,1713,78313,0.01
23,80049,7150,1.0,8436,1713,78336,0.01
23,80072,7151,1.0,8437,1713,78359,0.01
23,80095,7152,1.0,8438,1713,78382,0.01
23,80118,7153,1.0,8439,1713,78405,0.01
23,80141,7154,1.0,8440,1713,78428,0.01
23,80164,7155,1.0,8441,1713,78451,0.01
23,80187,7156,1.0,8442,1713,78474,0.01
23,80210,7157,1.0,8443,1713,78497,0.01
23,80233,7158,1.0,8444,1713,78520,0.01
23,80256,7159,1.0,8445,1714,78542,0.01
23,80279,7160,1.0,8446,1714,78565,0.01
23,80302,7161,1.0,8447,1714,78588,0.01
23,80325,7162,1.0,8448,1714,78611,0.01
23,80348,7163,1.0,8449,1714,78634,0.01
23,80371,7164,1.0,8450,1714,78657,0.01
23,80394,7165,1.0,8451,1714,78680,0.01
23,80417,7166,1.0,8452,1714,78703,0.01
23,80440,7167,1.0,8453,1714,78726,0.01
23,80463,7168,1.0,8454,1714,78749,0.01
23,80486,7169,1.0,8455,1714,78772,0.01
23,80509,7170,1.0,8456,1714,78795,0.01
23,80532,7171,1.0,8457,1714,78818,0.01
23,80555,7172,1.0,8458,1714,78841,0.01
23,80578,7173,1.0,8459,1714,78864,0.01
23,80601,7174,1.0,8460,1714,78887,0.01
23,80624,7175,1.0,8461,1714,78910,0.01
23,80647,7176,1.0,8462,1714,78933,0.01
23,80670,7177,1.0,8463,1714,78956,0.01
23,80693,7178,1.0,8464,1714,78979,0.01
23,80716,7179,1.0,8465,1714,79002,0.01
23,80739,7180,1.0,8466,1714,79025,0.01
23,80762,7181,1.0,8467,1714,79048,0.01
23,80785,7182,1.0,8468,1714,79071,0.01
23,80808,7183,1.0,8469,1714,79094,0.01
23,80831,7184,1.0,8470,1715,79116,0.01
12,80843,7184,0.0,8471,1716,79127,0.01
23,80866,7185,1.0,8472,1716,79150,0.01
23,80889,7186,1.0,8473,1716,79173,0.01
23,80912,7187,1.0,8474,1716,79196,0.01
17,80929,7187,0.0,8475,1718,79211,0.01
15,80944,7188,1.0,8476,1718,79226,0.01
23,80967,7189,1.0,8477,1718,79249,0.01
23,80990,7190,1.0,8478,1719,79271,0.01
23,81013,7191,1.0,8479,1719,79294,0.01
14,81027,7191,0.0,8480,1720,79307,0.01
25,81052,7192,1.0,8481,1720,79332,0.01
23,81075,7193,1.0,8482,1720,79355,0.01
25,81100,7194,1.0,8483,1720,79380,0.01
24,81124,7195,1.0,8484,1720,79404,0.01
24,81148,7196,1.0,8485,1720,79428,0.01
26,81174,7197,1.0,8486,1721,79453,0.01
22,81196,7197,0.0,8487,1721,79475,0.01
10,81206,7198,1.0,8488,1721,79485,0.01
9,81215,7199,1.0,8489,1721,79494,0.01
9,81224,7200,1.0,8490,1721,79503,0.01
9,81233,7201,1.0,8491,1721,79512,0.01
9,81242,7201,0.0,8492,1722,79520,0.01
9,81251,7202,1.0,8493,1722,79529,0.01
9,81260,7203,1.0,8494,1722,79538,0.01
9,81269,7204,1.0,8495,1722,79547,0.01
9,81278,7205,1.0,8496,1722,79556,0.01
9,81287,7206,1.0,8497,1722,79565,0.01
9,81296,7207,1.0,8498,1722,79574,0.01
9,81305,7208,1.0,8499,1722,79583,0.01
9,81314,7209,1.0,8500,1722,79592,0.01
9,81323,7210,1.0,8501,1722,79601,0.01
9,81332,7211,1.0,8502,1722,79610,0.01
9,81341,7212,1.0,8503,1722,79619,0.01
9,81350,7212,0.0,8504,1723,79627,0.01
9,81359,7213,1.0,8505,1723,79636,0.01
9,81368,7214,1.0,8506,1723,79645,0.01
9,81377,7215,1.0,8507,1723,79654,0.01
9,81386,7216,1.0,8508,1723,79663,0.01
9,81395,7217,1.0,8509,1723,79672,0.01
9,81404,7218,1.0,8510,1723,79681,0.01
9,81413,7219,1.0,8511,1723,79690,0.01
9,81422,7220,1.0,8512,1723,79699,0.01
9,81431,7221,1.0,8513,1723,79708,0.01
9,81440,7222,1.0,8514,1723,79717,0.01
9,81449,7223,1.0,8515,1723,79726,0.01
9,81458,7224,1.0,8516,1723,79735,0.01
9,81467,7225,1.0,8517,1723,79744,0.01
9,81476,7226,1.0,8518,1723,79753,0.01
9,81485,7227,1.0,8519,1723,79762,0.01
9,81494,7228,1.0,8520,1723,79771,0.01
9,81503,7229,1.0,8521,1723,79780,0.01
9,81512,7230,1.0,8522,1723,79789,0.01
9,81521,7231,1.0,8523,1723,79798,0.01
9,81530,7232,1.0,8524,1723,79807,0.01
9,81539,7233,1.0,8525,1723,79816,0.01
9,81548,7234,1.0,8526,1723,79825,0.01
9,81557,7235,1.0,8527,1723,79834,0.01
9,81566,7236,1.0,8528,1723,79843,0.01
9,81575,7237,1.0,8529,1723,79852,0.01
9,81584,7238,1.0,8530,1723,79861,0.01
9,81593,7239,1.0,8531,1723,79870,0.01
9,81602,7240,1.0,8532,1723,79879,0.01
9,81611,7241,1.0,8533,1723,79888,0.01
9,81620,7242,1.0,8534,1723,79897,0.01
9,81629,7243,1.0,8535,1723,79906,0.01
9,81638,7244,1.0,8536,1723,79915,0.01
9,81647,7245,1.0,8537,1723,79924,0.01
9,81656,7246,1.0,8538,1723,79933,0.01
6,81662,7246,0.0,8539,1724,79938,0.01
9,81671,7247,1.0,8540,1724,79947,0.01
19,81690,7247,0.0,8541,1725,79965,0.01
19,81709,7247,0.0,8542,1725,79984,0.01
9,81718,7247,0.0,8543,1725,79993,0.01
8,81726,7247,0.0,8544,1725,80001,0.01
9,81735,7247,0.0,8545,1725,80010,0.01
5,81740,7247,0.0,8546,1726,80014,0.01
16,81756,7247,0.0,8547,1726,80030,0.01
11,81767,7247,0.0,8548,1726,80041,0.01
13,81780,7247,0.0,8549,1726,80054,0.01
14,81794,7247,0.0,8550,1726,80068,0.01
7,81801,7248,1.0,8551,1727,80074,0.01
10,81811,7248,0.0,8552,1729,80082,0.01
7,81818,7248,0.0,8553,1729,80089,0.01
8,81826,7248,0.0,8554,1729,80097,0.01
9,81835,7248,0.0,8555,1729,80106,0.01
9,81844,7248,0.0,8556,1729,80115,0.01
24,81868,7249,1.0,8557,1730,80138,0.01
24,81892,7250,1.0,8558,1730,80162,0.01
20,81912,7250,0.0,8559,1731,80181,0.01
9,81921,7250,0.0,8560,1731,80190,0.01
14,81935,7250,0.0,8561,1731,80204,0.01
24,81959,7251,1.0,8562,1732,80227,0.01
7,81966,7252,1.0,8563,1732,80234,0.01
7,81973,7253,1.0,8564,1732,80241,0.01
7,81980,7254,1.0,8565,1732,80248,0.01
7,81987,7255,1.0,8566,1732,80255,0.01
7,81994,7256,1.0,8567,1732,80262,0.01
7,82001,7257,1.0,8568,1732,80269,0.01
7,82008,7258,1.0,8569,1732,80276,0.01
7,82015,7259,1.0,8570,1732,80283,0.01
7,82022,7260,1.0,8571,1732,80290,0.01
7,82029,7261,1.0,8572,1732,80297,0.01
7,82036,7262,1.0,8573,1732,80304,0.01
7,82043,7263,1.0,8574,1732,80311,0.01
7,82050,7264,1.0,8575,1732,80318,0.01
7,82057,7265,1.0,8576,1732,80325,0.01
7,82064,7266,1.0,8577,1732,80332,0.01
7,82071,7267,1.0,8578,1732,80339,0.01
7,82078,7268,1.0,8579,1732,80346,0.01
7,82085,7269,1.0,8580,1732,80353,0.01
7,82092,7270,1.0,8581,1732,80360,0.01
7,82099,7271,1.0,8582,1732,80367,0.01
7,82106,7272,1.0,8583,1732,80374,0.01
7,82113,7273,1.0,8584,1732,80381,0.01
7,82120,7274,1.0,8585,1732,80388,0.01
7,82127,7275,1.0,8586,1732,80395,0.01
7,82134,7276,1.0,8587,1732,80402,0.01
7,82141,7277,1.0,8588,1732,80409,0.01
7,82148,7278,1.0,8589,1732,80416,0.01
7,82155,7279,1.0,8590,1732,80423,0.01
7,82162,7280,1.0,8591,1732,80430,0.01
7,82169,7281,1.0,8592,1732,80437,0.01
7,82176,7282,1.0,8593,1732,80444,0.01
7,82183,7283,1.0,8594,1732,80451,0.01
7,82190,7284,1.0,8595,1732,80458,0.01
7,82197,7285,1.0,8596,1732,80465,0.01
7,82204,7286,1.0,8597,1732,80472,0.01
7,82211,7287,1.0,8598,1732,80479,0.01
7,82218,7288,1.0,8599,1732,80486,0.01
7,82225,7289,1.0,8600,1732,80493,0.01
7,82232,7290,1.0,8601,1732,80500,0.01
7,82239,7291,1.0,8602,1732,80507,0.01
7,82246,7292,1.0,8603,1732,80514,0.01
7,82253,7293,1.0,8604,1732,80521,0.01
7,82260,7294,1.0,8605,1732,80528,0.01
7,82267,7295,1.0,8606,1732,80535,0.01
7,82274,7296,1.0,8607,1732,80542,0.01
7,82281,7297,1.0,8608,1732,80549,0.01
7,82288,7298,1.0,8609,1732,80556,0.01
7,82295,7299,1.0,8610,1732,80563,0.01
7,82302,7300,1.0,8611,1732,80570,0.01
7,82309,7301,1.0,8612,1732,80577,0.01
3,82312,7301,0.0,8613,1733,80579,0.01
7,82319,7302,1.0,8614,1733,80586,0.01
7,82326,7303,1.0,8615,1733,80593,0.01
7,82333,7304,1.0,8616,1733,80600,0.01
7,82340,7305,1.0,8617,1733,80607,0.01
7,82347,7306,1.0,8618,1733,80614,0.01
5,82352,7306,0.0,8619,1734,80618,0.01
26,82378,7307,1.0,8620,1735,80643,0.01
7,82385,7308,1.0,8621,1735,80650,0.01
7,82392,7309,1.0,8622,1735,80657,0.01
7,82399,7310,1.0,8623,1735,80664,0.01
7,82406,7311,1.0,8624,1735,80671,0.01
7,82413,7312,1.0,8625,1735,80678,0.01
7,82420,7313,1.0,8626,1735,80685,0.01
7,82427,7314,1.0,8627,1735,80692,0.01
7,82434,7315,1.0,8628,1735,80699,0.01
7,82441,7316,1.0,8629,1735,80706,0.01
7,82448,7317,1.0,8630,1735,80713,0.01
7,82455,7318,1.0,8631,1735,80720,0.01
7,82462,7319,1.0,8632,1735,80727,0.01
7,82469,7320,1.0,8633,1735,80734,0.01
7,82476,7321,1.0,8634,1735,80741,0.01
7,82483,7322,1.0,8635,1735,80748,0.01
7,82490,7323,1.0,8636,1735,80755,0.01
7,82497,7324,1.0,8637,1735,80762,0.01
7,82504,7325,1.0,8638,1735,80769,0.01
7,82511,7326,1.0,8639,1735,80776,0.01
7,82518,7327,1.0,8640,1735,80783,0.01
7,82525,7328,1.0,8641,1735,80790,0.01
7,82532,7329,1.0,8642,1735,80797,0.01
7,82539,7330,1.0,8643,1735,80804,0.01
7,82546,7331,1.0,8644,1735,80811,0.01
7,82553,7332,1.0,8645,1735,80818,0.01
7,82560,7333,1.0,8646,1735,80825,0.01
17,82577,7333,0.0,8647,1736,80841,0.01
7,82584,7334,1.0,8648,1736,80848,0.01
7,82591,7335,1.0,8649,1736,80855,0.01
7,82598,7336,1.0,8650,1736,80862,0.01
19,82617,7336,0.0,8651,1739,80878,0.01
7,82624,7337,1.0,8652,1739,80885,0.01
7,82631,7338,1.0,8653,1739,80892,0.01
7,82638,7339,1.0,8654,1739,80899,0.01
7,82645,7340,1.0,8655,1739,80906,0.01
7,82652,7341,1.0,8656,1739,80913,0.01
7,82659,7342,1.0,8657,1739,80920,0.01
7,82666,7343,1.0,8658,1739,80927,0.01
7,82673,7344,1.0,8659,1739,80934,0.01
7,82680,7345,1.0,8660,1739,80941,0.01
7,82687,7346,1.0,8661,1739,80948,0.01
7,82694,7347,1.0,8662,1739,80955,0.01
7,82701,7348,1.0,8663,1739,80962,0.01
7,82708,7349,1.0,8664,1739,80969,0.01
7,82715,7350,1.0,8665,1739,80976,0.01
7,82722,7351,1.0,8666,1739,80983,0.01
7,82729,7352,1.0,8667,1739,80990,0.01
7,82736,7353,1.0,8668,1739,80997,0.01
7,82743,7354,1.0,8669,1739,81004,0.01
7,82750,7355,1.0,8670,1739,81011,0.01
7,82757,7356,1.0,8671,1739,81018,0.01
7,82764,7357,1.0,8672,1739,81025,0.01
7,82771,7358,1.0,8673,1739,81032,0.01
7,82778,7359,1.0,8674,1739,81039,0.01
7,82785,7360,1.0,8675,1739,81046,0.01
7,82792,7361,1.0,8676,1739,81053,0.01
7,82799,7362,1.0,8677,1739,81060,0.01
7,82806,7363,1.0,8678,1739,81067,0.01
7,82813,7364,1.0,8679,1739,81074,0.01
7,82820,7365,1.0,8680,1739,81081,0.01
7,82827,7366,1.0,8681,1739,81088,0.01
7,82834,7367,1.0,8682,1739,81095,0.01
7,82841,7368,1.0,8683,1739,81102,0.01
7,82848,7369,1.0,8684,1739,81109,0.01
7,82855,7370,1.0,8685,1739,81116,0.01
7,82862,7371,1.0,8686,1739,81123,0.01
7,82869,7372,1.0,8687,1739,81130,0.01
7,82876,7373,1.0,8688,1739,81137,0.01
7,82883,7374,1.0,8689,1739,81144,0.01
7,82890,7375,1.0,8690,1739,81151,0.01
7,82897,7376,1.0,8691,1739,81158,0.01
7,82904,7377,1.0,8692,1739,81165,0.01
7,82911,7378,1.0,8693,1739,81172,0.01
25,82936,7379,1.0,8694,1740,81196,0.01
7,82943,7380,1.0,8695,1740,81203,0.01
7,82950,7381,1.0,8696,1740,81210,0.01
7,82957,7382,1.0,8697,1740,81217,0.01
7,82964,7383,1.0,8698,1740,81224,0.01
7,82971,7384,1.0,8699,1740,81231,0.01
7,82978,7385,1.0,8700,1740,81238,0.01
7,82985,7386,1.0,8701,1740,81245,0.01
7,82992,7387,1.0,8702,1740,81252,0.01
25,83017,7388,1.0,8703,1741,81276,0.01
7,83024,7389,1.0,8704,1741,81283,0.01
7,83031,7390,1.0,8705,1741,81290,0.01
7,83038,7391,1.0,8706,1741,81297,0.01
7,83045,7392,1.0,8707,1741,81304,0.01
7,83052,7393,1.0,8708,1741,81311,0.01
7,83059,7394,1.0,8709,1741,81318,0.01
7,83066,7395,1.0,8710,1741,81325,0.01
7,83073,7396,1.0,8711,1741,81332,0.01
7,83080,7397,1.0,8712,1741,81339,0.01
7,83087,7398,1.0,8713,1741,81346,0.01
7,83094,7399,1.0,8714,1741,81353,0.01
7,83101,7400,1.0,8715,1741,81360,0.01
7,83108,7401,1.0,8716,1741,81367,0.01
7,83115,7402,1.0,8717,1741,81374,0.01
7,83122,7403,1.0,8718,1741,81381,0.01
7,83129,7404,1.0,8719,1741,81388,0.01
7,83136,7405,1.0,8720,1741,81395,0.01
7,83143,7406,1.0,8721,1741,81402,0.01
4,83147,7406,0.0,8722,1742,81405,0.01
7,83154,7407,1.0,8723,1742,81412,0.01
7,83161,7408,1.0,8724,1742,81419,0.01
7,83168,7409,1.0,8725,1742,81426,0.01
7,83175,7410,1.0,8726,1742,81433,0.01
7,83182,7411,1.0,8727,1742,81440,0.01
7,83189,7412,1.0,8728,1742,81447,0.01
7,83196,7413,1.0,8729,1742,81454,0.01
7,83203,7414,1.0,8730,1742,81461,0.01
7,83210,7415,1.0,8731,1742,81468,0.01
14,83224,7415,0.0,8732,1743,81481,0.01
14,83238,7415,0.0,8733,1743,81495,0.01
7,83245,7416,1.0,8734,1743,81502,0.01
7,83252,7417,1.0,8735,1743,81509,0.01
7,83259,7418,1.0,8736,1743,81516,0.01
7,83266,7419,1.0,8737,1743,81523,0.01
7,83273,7420,1.0,8738,1743,81530,0.01
7,83280,7421,1.0,8739,1743,81537,0.01
7,83287,7422,1.0,8740,1743,81544,0.01
7,83294,7423,1.0,8741,1743,81551,0.01
7,83301,7424,1.0,8742,1743,81558,0.01
7,83308,7425,1.0,8743,1743,81565,0.01
7,83315,7426,1.0,8744,1743,81572,0.01
7,83322,7427,1.0,8745,1743,81579,0.01
7,83329,7428,1.0,8746,1743,81586,0.01
7,83336,7429,1.0,8747,1743,81593,0.01
7,83343,7430,1.0,8748,1743,81600,0.01
7,83350,7431,1.0,8749,1743,81607,0.01
24,83374,7432,1.0,8750,1744,81630,0.01
7,83381,7433,1.0,8751,1744,81637,0.01
7,83388,7434,1.0,8752,1744,81644,0.01
7,83395,7435,1.0,8753,1744,81651,0.01
7,83402,7436,1.0,8754,1744,81658,0.01
7,83409,7437,1.0,8755,1744,81665,0.01
7,83416,7438,1.0,8756,1744,81672,0.01
25,83441,7439,1.0,8757,1745,81696,0.01
7,83448,7440,1.0,8758,1745,81703,0.01
7,83455,7441,1.0,8759,1745,81710,0.01
25,83480,7442,1.0,8760,1745,81735,0.01
33,83513,7443,1.0,8761,1745,81768,0.01
10,83523,7443,0.0,8762,1745,81778,0.01
7,83530,7444,1.0,8763,1745,81785,0.01
7,83537,7445,1.0,8764,1745,81792,0.01
32,83569,7445,0.0,8765,1746,81823,0.01
7,83576,7446,1.0,8766,1746,81830,0.01
7,83583,7447,1.0,8767,1746,81837,0.01
7,83590,7448,1.0,8768,1746,81844,0.01
7,83597,7449,1.0,8769,1746,81851,0.01
7,83604,7449,0.0,8770,1747,81857,0.01
7,83611,7450,1.0,8771,1748,81863,0.01
3,83614,7450,0.0,8772,1749,81865,0.01
7,83621,7451,1.0,8773,1749,81872,0.01
7,83628,7452,1.0,8774,1749,81879,0.01
7,83635,7453,1.0,8775,1749,81886,0.01
7,83642,7454,1.0,8776,1749,81893,0.01
7,83649,7455,1.0,8777,1749,81900,0.01
7,83656,7456,1.0,8778,1749,81907,0.01
7,83663,7457,1.0,8779,1749,81914,0.01
7,83670,7458,1.0,8780,1749,81921,0.01
7,83677,7459,1.0,8781,1749,81928,0.01
7,83684,7460,1.0,8782,1749,81935,0.01
7,83691,7461,1.0,8783,1749,81942,0.01
7,83698,7462,1.0,8784,1749,81949,0.01
7,83705,7463,1.0,8785,1749,81956,0.01
7,83712,7464,1.0,8786,1749,81963,0.01
7,83719,7465,1.0,8787,1749,81970,0.01
7,83726,7466,1.0,8788,1749,81977,0.01
7,83733,7467,1.0,8789,1749,81984,0.01
7,83740,7468,1.0,8790,1749,81991,0.01
7,83747,7469,1.0,8791,1749,81998,0.01
7,83754,7470,1.0,8792,1749,82005,0.01
7,83761,7471,1.0,8793,1749,82012,0.01
2,83763,7471,0.0,8794,1750,82013,0.01
7,83770,7472,1.0,8795,1750,82020,0.01
7,83777,7473,1.0,8796,1750,82027,0.01
7,83784,7474,1.0,8797,1750,82034,0.01
7,83791,7475,1.0,8798,1750,82041,0.01
7,83798,7476,1.0,8799,1750,82048,0.01
7,83805,7477,1.0,8800,1750,82055,0.01
7,83812,7478,1.0,8801,1750,82062,0.01
7,83819,7479,1.0,8802,1750,82069,0.01
7,83826,7480,1.0,8803,1750,82076,0.01
7,83833,7481,1.0,8804,1750,82083,0.01
7,83840,7482,1.0,8805,1750,82090,0.01
7,83847,7483,1.0,8806,1750,82097,0.01
7,83854,7484,1.0,8807,1750,82104,0.01
7,83861,7485,1.0,8808,1750,82111,0.01
7,83868,7486,1.0,8809,1750,82118,0.01
7,83875,7487,1.0,8810,1751,82124,0.01
24,83899,7488,1.0,8811,1752,82147,0.01
7,83906,7489,1.0,8812,1752,82154,0.01
7,83913,7490,1.0,8813,1752,82161,0.01
7,83920,7491,1.0,8814,1752,82168,0.01
7,83927,7492,1.0,8815,1752,82175,0.01
7,83934,7493,1.0,8816,1752,82182,0.01
7,83941,7494,1.0,8817,1752,82189,0.01
7,83948,7495,1.0,8818,1752,82196,0.01
7,83955,7496,1.0,8819,1752,82203,0.01
7,83962,7497,1.0,8820,1752,82210,0.01
7,83969,7498,1.0,8821,1752,82217,0.01
3,83972,7498,0.0,8822,1753,82219,0.01
7,83979,7499,1.0,8823,1753,82226,0.01
7,83986,7500,1.0,8824,1753,82233,0.01
7,83993,7501,1.0,8825,1753,82240,0.01
7,84000,7502,1.0,8826,1753,82247,0.01
7,84007,7503,1.0,8827,1753,82254,0.01
7,84014,7504,1.0,8828,1753,82261,0.01
7,84021,7505,1.0,8829,1753,82268,0.01
7,84028,7506,1.0,8830,1753,82275,0.01
7,84035,7507,1.0,8831,1753,82282,0.01
7,84042,7508,1.0,8832,1753,82289,0.01
7,84049,7509,1.0,8833,1753,82296,0.01
7,84056,7510,1.0,8834,1753,82303,0.01
7,84063,7511,1.0,8835,1753,82310,0.01
7,84070,7512,1.0,8836,1753,82317,0.01
7,84077,7513,1.0,8837,1753,82324,0.01
7,84084,7514,1.0,8838,1753,82331,0.01
7,84091,7515,1.0,8839,1753,82338,0.01
7,84098,7516,1.0,8840,1753,82345,0.01
7,84105,7517,1.0,8841,1753,82352,0.01
7,84112,7518,1.0,8842,1753,82359,0.01
7,84119,7519,1.0,8843,1753,82366,0.01
7,84126,7520,1.0,8844,1753,82373,0.01
7,84133,7521,1.0,8845,1753,82380,0.01
7,84140,7522,1.0,8846,1753,82387,0.01
7,84147,7523,1.0,8847,1753,82394,0.01
7,84154,7524,1.0,8848,1753,82401,0.01
7,84161,7525,1.0,8849,1753,82408,0.01
7,84168,7526,1.0,8850,1753,82415,0.01
7,84175,7527,1.0,8851,1753,82422,0.01
7,84182,7528,1.0,8852,1753,82429,0.01
7,84189,7529,1.0,8853,1753,82436,0.01
7,84196,7530,1.0,8854,1753,82443,0.01
7,84203,7531,1.0,8855,1753,82450,0.01
7,84210,7532,1.0,8856,1753,82457,0.01
7,84217,7533,1.0,8857,1753,82464,0.01
7,84224,7534,1.0,8858,1753,82471,0.01
7,84231,7535,1.0,8859,1753,82478,0.01
7,84238,7536,1.0,8860,1753,82485,0.01
7,84245,7537,1.0,8861,1753,82492,0.01
7,84252,7538,1.0,8862,1753,82499,0.01
7,84259,7539,1.0,8863,1753,82506,0.01
7,84266,7540,1.0,8864,1753,82513,0.01
7,84273,7541,1.0,8865,1753,82520,0.01
7,84280,7542,1.0,8866,1753,82527,0.01
7,84287,7543,1.0,8867,1753,82534,0.01
24,84311,7544,1.0,8868,1754,82557,0.01
7,84318,7545,1.0,8869,1754,82564,0.01
7,84325,7546,1.0,8870,1754,82571,0.01
7,84332,7547,1.0,8871,1754,82578,0.01
7,84339,7548,1.0,8872,1754,82585,0.01
7,84346,7549,1.0,8873,1754,82592,0.01
7,84353,7550,1.0,8874,1754,82599,0.01
7,84360,7551,1.0,8875,1754,82606,0.01
6,84366,7552,1.0,8876,1755,82611,0.01
3,84369,7552,0.0,8877,1755,82614,0.01
7,84376,7553,1.0,8878,1755,82621,0.01
5,84381,7553,0.0,8879,1756,82625,0.01
7,84388,7554,1.0,8880,1756,82632,0.01
7,84395,7555,1.0,8881,1756,82639,0.01
7,84402,7556,1.0,8882,1756,82646,0.01
7,84409,7557,1.0,8883,1756,82653,0.01
7,84416,7558,1.0,8884,1756,82660,0.01
7,84423,7559,1.0,8885,1756,82667,0.01
7,84430,7560,1.0,8886,1756,82674,0.01
7,84437,7561,1.0,8887,1756,82681,0.01
7,84444,7562,1.0,8888,1756,82688,0.01
7,84451,7563,1.0,8889,1756,82695,0.01
7,84458,7564,1.0,8890,1756,82702,0.01
7,84465,7565,1.0,8891,1756,82709,0.01
7,84472,7566,1.0,8892,1756,82716,0.01
7,84479,7567,1.0,8893,1756,82723,0.01
7,84486,7568,1.0,8894,1756,82730,0.01
7,84493,7569,1.0,8895,1756,82737,0.01
7,84500,7570,1.0,8896,1756,82744,0.01
7,84507,7571,1.0,8897,1756,82751,0.01
7,84514,7572,1.0,8898,1756,82758,0.01
7,84521,7573,1.0,8899,1757,82764,0.01
7,84528,7574,1.0,8900,1757,82771,0.01
7,84535,7575,1.0,8901,1757,82778,0.01
7,84542,7576,1.0,8902,1757,82785,0.01
7,84549,7577,1.0,8903,1757,82792,0.01
7,84556,7578,1.0,8904,1757,82799,0.01
7,84563,7579,1.0,8905,1757,82806,0.01
7,84570,7580,1.0,8906,1757,82813,0.01
7,84577,7581,1.0,8907,1757,82820,0.01
7,84584,7582,1.0,8908,1757,82827,0.01
7,84591,7583,1.0,8909,1757,82834,0.01
7,84598,7584,1.0,8910,1757,82841,0.01
7,84605,7585,1.0,8911,1757,82848,0.01
7,84612,7586,1.0,8912,1757,82855,0.01
7,84619,7587,1.0,8913,1757,82862,0.01
7,84626,7588,1.0,8914,1757,82869,0.01
7,84633,7589,1.0,8915,1757,82876,0.01
7,84640,7590,1.0,8916,1757,82883,0.01
7,84647,7591,1.0,8917,1757,82890,0.01
7,84654,7592,1.0,8918,1757,82897,0.01
7,84661,7593,1.0,8919,1757,82904,0.01
7,84668,7594,1.0,8920,1757,82911,0.01
7,84675,7595,1.0,8921,1757,82918,0.01
7,84682,7596,1.0,8922,1757,82925,0.01
24,84706,7597,1.0,8923,1758,82948,0.01
7,84713,7598,1.0,8924,1758,82955,0.01
7,84720,7599,1.0,8925,1758,82962,0.01
7,84727,7600,1.0,8926,1758,82969,0.01
7,84734,7601,1.0,8927,1758,82976,0.01
7,84741,7602,1.0,8928,1758,82983,0.01
7,84748,7603,1.0,8929,1758,82990,0.01
7,84755,7604,1.0,8930,1758,82997,0.01
24,84779,7605,1.0,8931,1759,83020,0.01
7,84786,7606,1.0,8932,1759,83027,0.01
7,84793,7607,1.0,8933,1760,83033,0.01
7,84800,7608,1.0,8934,1760,83040,0.01
7,84807,7609,1.0,8935,1760,83047,0.01
7,84814,7610,1.0,8936,1760,83054,0.01
7,84821,7611,1.0,8937,1760,83061,0.01
7,84828,7612,1.0,8938,1760,83068,0.01
7,84835,7613,1.0,8939,1760,83075,0.01
7,84842,7614,1.0,8940,1760,83082,0.01
7,84849,7615,1.0,8941,1760,83089,0.01
7,84856,7616,1.0,8942,1760,83096,0.01
7,84863,7617,1.0,8943,1760,83103,0.01
7,84870,7618,1.0,8944,1760,83110,0.01
7,84877,7619,1.0,8945,1760,83117,0.01
7,84884,7620,1.0,8946,1760,83124,0.01
7,84891,7621,1.0,8947,1760,83131,0.01
7,84898,7622,1.0,8948,1760,83138,0.01
7,84905,7623,1.0,8949,1761,83144,0.01
7,84912,7624,1.0,8950,1761,83151,0.01
7,84919,7625,1.0,8951,1761,83158,0.01
7,84926,7626,1.0,8952,1761,83165,0.01
7,84933,7627,1.0,8953,1761,83172,0.01
7,84940,7628,1.0,8954,1761,83179,0.01
7,84947,7629,1.0,8955,1761,83186,0.01
7,84954,7630,1.0,8956,1761,83193,0.01
7,84961,7631,1.0,8957,1761,83200,0.01
7,84968,7632,1.0,8958,1761,83207,0.01
7,84975,7633,1.0,8959,1761,83214,0.01
7,84982,7634,1.0,8960,1761,83221,0.01
7,84989,7635,1.0,8961,1761,83228,0.01
7,84996,7636,1.0,8962,1761,83235,0.01
7,85003,7637,1.0,8963,1761,83242,0.01
7,85010,7638,1.0,8964,1761,83249,0.01
7,85017,7639,1.0,8965,1761,83256,0.01
24,85041,7640,1.0,8966,1762,83279,0.01
26,85067,7641,1.0,8967,1762,83305,0.01
9,85076,7641,0.0,8968,1762,83314,0.01
8,85084,7641,0.0,8969,1762,83322,0.01
5,85089,7641,0.0,8970,1762,83327,0.01
9,85098,7641,0.0,8971,1762,83336,0.01
9,85107,7641,0.0,8972,1762,83345,0.01
23,85130,7642,1.0,8973,1762,83368,0.01
23,85153,7643,1.0,8974,1763,83390,0.01
23,85176,7644,1.0,8975,1763,83413,0.01
23,85199,7645,1.0,8976,1763,83436,0.01
23,85222,7646,1.0,8977,1763,83459,0.01
23,85245,7647,1.0,8978,1763,83482,0.01
23,85268,7648,1.0,8979,1763,83505,0.01
11,85279,7649,1.0,8980,1764,83515,0.01
16,85295,7650,1.0,8981,1764,83531,0.01
11,85306,7651,1.0,8982,1764,83542,0.01
11,85317,7652,1.0,8983,1764,83553,0.01
11,85328,7653,1.0,8984,1764,83564,0.01
11,85339,7654,1.0,8985,1764,83575,0.01
11,85350,7655,1.0,8986,1764,83586,0.01
11,85361,7656,1.0,8987,1764,83597,0.01
11,85372,7657,1.0,8988,1764,83608,0.01
11,85383,7658,1.0,8989,1764,83619,0.01
11,85394,7659,1.0,8990,1764,83630,0.01
11,85405,7660,1.0,8991,1764,83641,0.01
11,85416,7661,1.0,8992,1764,83652,0.01
11,85427,7662,1.0,8993,1764,83663,0.01
11,85438,7663,1.0,8994,1764,83674,0.01
11,85449,7664,1.0,8995,1764,83685,0.01
11,85460,7665,1.0,8996,1764,83696,0.01
11,85471,7666,1.0,8997,1764,83707,0.01
11,85482,7667,1.0,8998,1764,83718,0.01
11,85493,7668,1.0,8999,1764,83729,0.01
11,85504,7669,1.0,9000,1764,83740,0.01
11,85515,7670,1.0,9001,1765,83750,0.01
11,85526,7671,1.0,9002,1765,83761,0.01
11,85537,7672,1.0,9003,1765,83772,0.01
11,85548,7673,1.0,9004,1765,83783,0.01
11,85559,7674,1.0,9005,1765,83794,0.01
11,85570,7675,1.0,9006,1765,83805,0.01
11,85581,7676,1.0,9007,1765,83816,0.01
11,85592,7677,1.0,9008,1765,83827,0.01
11,85603,7678,1.0,9009,1765,83838,0.01
11,85614,7679,1.0,9010,1765,83849,0.01
11,85625,7680,1.0,9011,1765,83860,0.01
11,85636,7681,1.0,9012,1765,83871,0.01
11,85647,7682,1.0,9013,1765,83882,0.01
11,85658,7683,1.0,9014,1765,83893,0.01
11,85669,7684,1.0,9015,1765,83904,0.01
11,85680,7685,1.0,9016,1765,83915,0.01
11,85691,7686,1.0,9017,1765,83926,0.01
11,85702,7687,1.0,9018,1765,83937,0.01
11,85713,7688,1.0,9019,1765,83948,0.01
11,85724,7689,1.0,9020,1765,83959,0.01
11,85735,7690,1.0,9021,1765,83970,0.01
16,85751,7691,1.0,9022,1766,83985,0.01
12,85763,7691,0.0,9023,1766,83997,0.01
11,85774,7692,1.0,9024,1766,84008,0.01
11,85785,7693,1.0,9025,1766,84019,0.01
11,85796,7694,1.0,9026,1766,84030,0.01
16,85812,7695,1.0,9027,1768,84044,0.01
11,85823,7696,1.0,9028,1768,84055,0.01
11,85834,7697,1.0,9029,1768,84066,0.01
11,85845,7698,1.0,9030,1768,84077,0.01
11,85856,7699,1.0,9031,1768,84088,0.01
11,85867,7700,1.0,9032,1768,84099,0.01
11,85878,7701,1.0,9033,1768,84110,0.01
16,85894,7702,1.0,9034,1769,84125,0.01
12,85906,7703,1.0,9035,1770,84136,0.01
11,85917,7704,1.0,9036,1770,84147,0.01
11,85928,7705,1.0,9037,1771,84157,0.01
11,85939,7706,1.0,9038,1771,84168,0.01
11,85950,7707,1.0,9039,1771,84179,0.01
11,85961,7708,1.0,9040,1771,84190,0.01
17,85978,7708,0.0,9041,1772,84206,0.01
8,85986,7709,1.0,9042,1772,84214,0.01
8,85994,7710,1.0,9043,1772,84222,0.01
16,86010,7711,1.0,9044,1772,84238,0.01
8,86018,7712,1.0,9045,1772,84246,0.01
8,86026,7713,1.0,9046,1772,84254,0.01
8,86034,7714,1.0,9047,1772,84262,0.01
9,86043,7714,0.0,9048,1772,84271,0.01
16,86059,7715,1.0,9049,1773,84286,0.01
8,86067,7716,1.0,9050,1773,84294,0.01
8,86075,7717,1.0,9051,1773,84302,0.01
8,86083,7718,1.0,9052,1773,84310,0.01
9,86092,7718,0.0,9053,1773,84319,0.01
8,86100,7719,1.0,9054,1773,84327,0.01
8,86108,7720,1.0,9055,1773,84335,0.01
8,86116,7721,1.0,9056,1773,84343,0.01
8,86124,7722,1.0,9057,1773,84351,0.01
8,86132,7723,1.0,9058,1773,84359,0.01
8,86140,7724,1.0,9059,1773,84367,0.01
8,86148,7725,1.0,9060,1773,84375,0.01
8,86156,7726,1.0,9061,1773,84383,0.01
8,86164,7727,1.0,9062,1773,84391,0.01
8,86172,7728,1.0,9063,1773,84399,0.01
8,86180,7729,1.0,9064,1773,84407,0.01
8,86188,7730,1.0,9065,1773,84415,0.01
8,86196,7731,1.0,9066,1773,84423,0.01
8,86204,7732,1.0,9067,1773,84431,0.01
8,86212,7733,1.0,9068,1773,84439,0.01
8,86220,7734,1.0,9069,1773,84447,0.01
8,86228,7734,0.0,9070,1774,84454,0.01
8,86236,7735,1.0,9071,1774,84462,0.01
8,86244,7736,1.0,9072,1774,84470,0.01
8,86252,7737,1.0,9073,1774,84478,0.01
8,86260,7738,1.0,9074,1774,84486,0.01
8,86268,7739,1.0,9075,1774,84494,0.01
8,86276,7740,1.0,9076,1774,84502,0.01
8,86284,7741,1.0,9077,1774,84510,0.01
8,86292,7742,1.0,9078,1774,84518,0.01
8,86300,7743,1.0,9079,1774,84526,0.01
8,86308,7744,1.0,9080,1774,84534,0.01
8,86316,7745,1.0,9081,1774,84542,0.01
16,86332,7746,1.0,9082,1775,84557,0.01
8,86340,7747,1.0,9083,1775,84565,0.01
8,86348,7748,1.0,9084,1775,84573,0.01
8,86356,7749,1.0,9085,1775,84581,0.01
8,86364,7750,1.0,9086,1775,84589,0.01
8,86372,7751,1.0,9087,1775,84597,0.01
8,86380,7752,1.0,9088,1775,84605,0.01
8,86388,7753,1.0,9089,1775,84613,0.01
8,86396,7754,1.0,9090,1775,84621,0.01
8,86404,7755,1.0,9091,1775,84629,0.01
8,86412,7756,1.0,9092,1775,84637,0.01
8,86420,7757,1.0,9093,1775,84645,0.01
16,86436,7758,1.0,9094,1776,84660,0.01
8,86444,7759,1.0,9095,1776,84668,0.01
8,86452,7760,1.0,9096,1776,84676,0.01
8,86460,7761,1.0,9097,1776,84684,0.01
8,86468,7762,1.0,9098,1776,84692,0.01
8,86476,7763,1.0,9099,1776,84700,0.01
8,86484,7764,1.0,9100,1777,84707,0.01
8,86492,7765,1.0,9101,1777,84715,0.01
8,86500,7766,1.0,9102,1777,84723,0.01
44,86544,7766,0.0,9103,1778,84766,0.01
9,86553,7766,0.0,9104,1778,84775,0.01
16,86569,7767,1.0,9105,1778,84791,0.01
9,86578,7767,0.0,9106,1778,84800,0.01
16,86594,7768,1.0,9107,1778,84816,0.01
6,86600,7768,0.0,9108,1778,84822,0.01
14,86614,7768,0.0,9109,1778,84836,0.01
14,86628,7768,0.0,9110,1778,84850,0.01
18,86646,7768,0.0,9111,1778,84868,0.01
12,86658,7768,0.0,9112,1778,84880,0.01
14,86672,7768,0.0,9113,1779,84893,0.01
10,86682,7768,0.0,9114,1779,84903,0.01
8,86690,7768,0.0,9115,1779,84911,0.01
9,86699,7768,0.0,9116,1779,84920,0.01
8,86707,7769,1.0,9117,1779,84928,0.01
8,86715,7770,1.0,9118,1779,84936,0.01
8,86723,7771,1.0,9119,1779,84944,0.01
8,86731,7772,1.0,9120,1779,84952,0.01
8,86739,7773,1.0,9121,1779,84960,0.01
8,86747,7774,1.0,9122,1779,84968,0.01
8,86755,7775,1.0,9123,1779,84976,0.01
8,86763,7776,1.0,9124,1779,84984,0.01
8,86771,7777,1.0,9125,1779,84992,0.01
8,86779,7778,1.0,9126,1779,85000,0.01
8,86787,7779,1.0,9127,1779,85008,0.01
8,86795,7780,1.0,9128,1779,85016,0.01
8,86803,7781,1.0,9129,1779,85024,0.01
8,86811,7782,1.0,9130,1779,85032,0.01
8,86819,7783,1.0,9131,1779,85040,0.01
8,86827,7784,1.0,9132,1779,85048,0.01
8,86835,7785,1.0,9133,1779,85056,0.01
8,86843,7786,1.0,9134,1779,85064,0.01
8,86851,7787,1.0,9135,1779,85072,0.01
8,86859,7788,1.0,9136,1779,85080,0.01
8,86867,7789,1.0,9137,1779,85088,0.01
8,86875,7790,1.0,9138,1779,85096,0.01
8,86883,7791,1.0,9139,1779,85104,0.01
8,86891,7792,1.0,9140,1779,85112,0.01
8,86899,7793,1.0,9141,1779,85120,0.01
8,86907,7794,1.0,9142,1779,85128,0.01
8,86915,7795,1.0,9143,1779,85136,0.01
8,86923,7796,1.0,9144,1779,85144,0.01
8,86931,7797,1.0,9145,1779,85152,0.01
8,86939,7798,1.0,9146,1780,85159,0.01
8,86947,7799,1.0,9147,1780,85167,0.01
8,86955,7800,1.0,9148,1780,85175,0.01
8,86963,7801,1.0,9149,1780,85183,0.01
8,86971,7802,1.0,9150,1780,85191,0.01
8,86979,7803,1.0,9151,1780,85199,0.01
8,86987,7804,1.0,9152,1780,85207,0.01
8,86995,7805,1.0,9153,1780,85215,0.01
8,87003,7806,1.0,9154,1780,85223,0.01
8,87011,7807,1.0,9155,1780,85231,0.01
8,87019,7808,1.0,9156,1780,85239,0.01
8,87027,7809,1.0,9157,1780,85247,0.01
8,87035,7810,1.0,9158,1780,85255,0.01
8,87043,7811,1.0,9159,1780,85263,0.01
8,87051,7812,1.0,9160,1780,85271,0.01
8,87059,7813,1.0,9161,1780,85279,0.01
8,87067,7814,1.0,9162,1780,85287,0.01
8,87075,7815,1.0,9163,1780,85295,0.01
8,87083,7816,1.0,9164,1780,85303,0.01
8,87091,7817,1.0,9165,1780,85311,0.01
8,87099,7818,1.0,9166,1780,85319,0.01
8,87107,7819,1.0,9167,1780,85327,0.01
8,87115,7820,1.0,9168,1781,85334,0.01
8,87123,7821,1.0,9169,1781,85342,0.01
8,87131,7822,1.0,9170,1782,85349,0.01
8,87139,7823,1.0,9171,1783,85356,0.01
8,87147,7824,1.0,9172,1783,85364,0.01
8,87155,7825,1.0,9173,1783,85372,0.01
16,87171,7826,1.0,9174,1784,85387,0.01
8,87179,7827,1.0,9175,1784,85395,0.01
8,87187,7828,1.0,9176,1784,85403,0.01
8,87195,7829,1.0,9177,1784,85411,0.01
16,87211,7830,1.0,9178,1784,85427,0.01
8,87219,7831,1.0,9179,1784,85435,0.01
8,87227,7832,1.0,9180,1784,85443,0.01
8,87235,7833,1.0,9181,1784,85451,0.01
8,87243,7834,1.0,9182,1784,85459,0.01
8,87251,7835,1.0,9183,1784,85467,0.01
8,87259,7835,0.0,9184,1785,85474,0.01
8,87267,7836,1.0,9185,1785,85482,0.01
8,87275,7837,1.0,9186,1785,85490,0.01
8,87283,7838,1.0,9187,1785,85498,0.01
8,87291,7839,1.0,9188,1785,85506,0.01
8,87299,7840,1.0,9189,1785,85514,0.01
8,87307,7841,1.0,9190,1785,85522,0.01
8,87315,7842,1.0,9191,1785,85530,0.01
8,87323,7843,1.0,9192,1785,85538,0.01
8,87331,7844,1.0,9193,1785,85546,0.01
8,87339,7845,1.0,9194,1785,85554,0.01
8,87347,7846,1.0,9195,1785,85562,0.01
8,87355,7847,1.0,9196,1785,85570,0.01
8,87363,7848,1.0,9197,1785,85578,0.01
8,87371,7849,1.0,9198,1785,85586,0.01
8,87379,7850,1.0,9199,1785,85594,0.01
8,87387,7851,1.0,9200,1785,85602,0.01
8,87395,7852,1.0,9201,1785,85610,0.01
8,87403,7853,1.0,9202,1785,85618,0.01
8,87411,7854,1.0,9203,1785,85626,0.01
8,87419,7855,1.0,9204,1785,85634,0.01
8,87427,7856,1.0,9205,1785,85642,0.01
8,87435,7857,1.0,9206,1785,85650,0.01
8,87443,7858,1.0,9207,1785,85658,0.01
8,87451,7859,1.0,9208,1785,85666,0.01
8,87459,7860,1.0,9209,1785,85674,0.01
8,87467,7861,1.0,9210,1785,85682,0.01
8,87475,7862,1.0,9211,1785,85690,0.01
8,87483,7863,1.0,9212,1785,85698,0.01
8,87491,7864,1.0,9213,1785,85706,0.01
8,87499,7865,1.0,9214,1785,85714,0.01
8,87507,7866,1.0,9215,1786,85721,0.01
8,87515,7867,1.0,9216,1786,85729,0.01
8,87523,7868,1.0,9217,1786,85737,0.01
8,87531,7869,1.0,9218,1786,85745,0.01
8,87539,7870,1.0,9219,1786,85753,0.01
8,87547,7871,1.0,9220,1786,85761,0.01
8,87555,7872,1.0,9221,1786,85769,0.01
8,87563,7873,1.0,9222,1786,85777,0.01
7,87570,7873,0.0,9223,1787,85783,0.01
8,87578,7874,1.0,9224,1787,85791,0.01
8,87586,7875,1.0,9225,1787,85799,0.01
8,87594,7876,1.0,9226,1787,85807,0.01
8,87602,7877,1.0,9227,1787,85815,0.01
8,87610,7878,1.0,9228,1787,85823,0.01
8,87618,7879,1.0,9229,1787,85831,0.01
8,87626,7880,1.0,9230,1787,85839,0.01
8,87634,7881,1.0,9231,1787,85847,0.01
8,87642,7882,1.0,9232,1787,85855,0.01
8,87650,7883,1.0,9233,1787,85863,0.01
8,87658,7884,1.0,9234,1787,85871,0.01
8,87666,7885,1.0,9235,1787,85879,0.01
8,87674,7886,1.0,9236,1787,85887,0.01
8,87682,7887,1.0,9237,1787,85895,0.01
8,87690,7888,1.0,9238,1787,85903,0.01
8,87698,7889,1.0,9239,1787,85911,0.01
8,87706,7890,1.0,9240,1787,85919,0.01
8,87714,7891,1.0,9241,1787,85927,0.01
8,87722,7892,1.0,9242,1787,85935,0.01
8,87730,7893,1.0,9243,1787,85943,0.01
8,87738,7894,1.0,9244,1787,85951,0.01
8,87746,7895,1.0,9245,1787,85959,0.01
8,87754,7896,1.0,9246,1787,85967,0.01
8,87762,7897,1.0,9247,1787,85975,0.01
8,87770,7898,1.0,9248,1787,85983,0.01
8,87778,7899,1.0,9249,1787,85991,0.01
8,87786,7900,1.0,9250,1787,85999,0.01
8,87794,7901,1.0,9251,1787,86007,0.01
8,87802,7902,1.0,9252,1787,86015,0.01
8,87810,7903,1.0,9253,1787,86023,0.01
8,87818,7904,1.0,9254,1787,86031,0.01
8,87826,7905,1.0,9255,1787,86039,0.01
8,87834,7906,1.0,9256,1787,86047,0.01
8,87842,7907,1.0,9257,1787,86055,0.01
8,87850,7908,1.0,9258,1787,86063,0.01
8,87858,7909,1.0,9259,1787,86071,0.01
8,87866,7910,1.0,9260,1787,86079,0.01
8,87874,7911,1.0,9261,1787,86087,0.01
8,87882,7912,1.0,9262,1787,86095,0.01
9,87891,7912,0.0,9263,1788,86103,0.01
8,87899,7913,1.0,9264,1788,86111,0.01
16,87915,7914,1.0,9265,1789,86126,0.01
16,87931,7915,1.0,9266,1790,86141,0.01
8,87939,7916,1.0,9267,1790,86149,0.01
8,87947,7917,1.0,9268,1790,86157,0.01
16,87963,7918,1.0,9269,1790,86173,0.01
8,87971,7919,1.0,9270,1790,86181,0.01
8,87979,7920,1.0,9271,1790,86189,0.01
8,87987,7921,1.0,9272,1790,86197,0.01
8,87995,7922,1.0,9273,1790,86205,0.01
8,88003,7923,1.0,9274,1790,86213,0.01
8,88011,7924,1.0,9275,1790,86221,0.01
8,88019,7925,1.0,9276,1790,86229,0.01
8,88027,7926,1.0,9277,1790,86237,0.01
8,88035,7927,1.0,9278,1790,86245,0.01
8,88043,7928,1.0,9279,1790,86253,0.01
8,88051,7929,1.0,9280,1790,86261,0.01
8,88059,7930,1.0,9281,1790,86269,0.01
8,88067,7931,1.0,9282,1790,86277,0.01
8,88075,7932,1.0,9283,1790,86285,0.01
8,88083,7933,1.0,9284,1790,86293,0.01
8,88091,7934,1.0,9285,1790,86301,0.01
8,88099,7935,1.0,9286,1790,86309,0.01
8,88107,7936,1.0,9287,1790,86317,0.01
8,88115,7937,1.0,9288,1790,86325,0.01
8,88123,7938,1.0,9289,1790,86333,0.01
8,88131,7939,1.0,9290,1790,86341,0.01
8,88139,7940,1.0,9291,1790,86349,0.01
8,88147,7941,1.0,9292,1790,86357,0.01
8,88155,7942,1.0,9293,1791,86364,0.01
16,88171,7943,1.0,9294,1792,86379,0.01
4,88175,7943,0.0,9295,1793,86382,0.01
8,88183,7944,1.0,9296,1793,86390,0.01
8,88191,7945,1.0,9297,1793,86398,0.01
8,88199,7946,1.0,9298,1793,86406,0.01
8,88207,7947,1.0,9299,1793,86414,0.01
8,88215,7948,1.0,9300,1793,86422,0.01
8,88223,7949,1.0,9301,1793,86430,0.01
8,88231,7950,1.0,9302,1793,86438,0.01
8,88239,7951,1.0,9303,1793,86446,0.01
8,88247,7952,1.0,9304,1793,86454,0.01
8,88255,7953,1.0,9305,1793,86462,0.01
8,88263,7954,1.0,9306,1793,86470,0.01
8,88271,7955,1.0,9307,1793,86478,0.01
8,88279,7956,1.0,9308,1793,86486,0.01
8,88287,7957,1.0,9309,1793,86494,0.01
8,88295,7958,1.0,9310,1793,86502,0.01
8,88303,7959,1.0,9311,1793,86510,0.01
8,88311,7960,1.0,9312,1793,86518,0.01
8,88319,7961,1.0,9313,1794,86525,0.01
8,88327,7962,1.0,9314,1794,86533,0.01
8,88335,7963,1.0,9315,1794,86541,0.01
8,88343,7964,1.0,9316,1794,86549,0.01
8,88351,7965,1.0,9317,1794,86557,0.01
8,88359,7966,1.0,9318,1794,86565,0.01
8,88367,7967,1.0,9319,1794,86573,0.01
8,88375,7968,1.0,9320,1794,86581,0.01
8,88383,7969,1.0,9321,1794,86589,0.01
8,88391,7970,1.0,9322,1794,86597,0.01
8,88399,7971,1.0,9323,1794,86605,0.01
8,88407,7972,1.0,9324,1794,86613,0.01
8,88415,7973,1.0,9325,1794,86621,0.01
8,88423,7974,1.0,9326,1794,86629,0.01
8,88431,7975,1.0,9327,1794,86637,0.01
8,88439,7976,1.0,9328,1794,86645,0.01
8,88447,7977,1.0,9329,1794,86653,0.01
8,88455,7978,1.0,9330,1794,86661,0.01
8,88463,7979,1.0,9331,1794,86669,0.01
8,88471,7980,1.0,9332,1794,86677,0.01
8,88479,7981,1.0,9333,1794,86685,0.01
8,88487,7982,1.0,9334,1794,86693,0.01
8,88495,7983,1.0,9335,1794,86701,0.01
8,88503,7984,1.0,9336,1794,86709,0.01
8,88511,7985,1.0,9337,1794,86717,0.01
8,88519,7986,1.0,9338,1794,86725,0.01
8,88527,7987,1.0,9339,1794,86733,0.01
8,88535,7988,1.0,9340,1794,86741,0.01
8,88543,7989,1.0,9341,1794,86749,0.01
8,88551,7990,1.0,9342,1794,86757,0.01
8,88559,7991,1.0,9343,1794,86765,0.01
8,88567,7992,1.0,9344,1794,86773,0.01
8,88575,7993,1.0,9345,1794,86781,0.01
8,88583,7994,1.0,9346,1794,86789,0.01
8,88591,7995,1.0,9347,1794,86797,0.01
8,88599,7996,1.0,9348,1794,86805,0.01
8,88607,7997,1.0,9349,1794,86813,0.01
8,88615,7998,1.0,9350,1794,86821,0.01
8,88623,7999,1.0,9351,1794,86829,0.01
8,88631,8000,1.0,9352,1794,86837,0.01
8,88639,8001,1.0,9353,1794,86845,0.01
8,88647,8002,1.0,9354,1794,86853,0.01
8,88655,8003,1.0,9355,1794,86861,0.01
8,88663,8004,1.0,9356,1794,86869,0.01
16,88679,8005,1.0,9357,1795,86884,0.01
8,88687,8006,1.0,9358,1795,86892,0.01
8,88695,8007,1.0,9359,1795,86900,0.01
8,88703,8008,1.0,9360,1795,86908,0.01
8,88711,8009,1.0,9361,1795,86916,0.01
8,88719,8010,1.0,9362,1795,86924,0.01
8,88727,8011,1.0,9363,1795,86932,0.01
8,88735,8012,1.0,9364,1795,86940,0.01
8,88743,8013,1.0,9365,1795,86948,0.01
8,88751,8014,1.0,9366,1795,86956,0.01
8,88759,8015,1.0,9367,1795,86964,0.01
8,88767,8016,1.0,9368,1795,86972,0.01
8,88775,8017,1.0,9369,1795,86980,0.01
8,88783,8018,1.0,9370,1795,86988,0.01
8,88791,8019,1.0,9371,1795,86996,0.01
8,88799,8020,1.0,9372,1795,87004,0.01
8,88807,8021,1.0,9373,1795,87012,0.01
8,88815,8022,1.0,9374,1796,87019,0.01
8,88823,8023,1.0,9375,1796,87027,0.01
8,88831,8024,1.0,9376,1796,87035,0.01
8,88839,8025,1.0,9377,1797,87042,0.01
8,88847,8026,1.0,9378,1797,87050,0.01
8,88855,8027,1.0,9379,1797,87058,0.01
8,88863,8028,1.0,9380,1797,87066,0.01
8,88871,8029,1.0,9381,1797,87074,0.01
8,88879,8030,1.0,9382,1797,87082,0.01
8,88887,8031,1.0,9383,1797,87090,0.01
8,88895,8032,1.0,9384,1797,87098,0.01
8,88903,8033,1.0,9385,1797,87106,0.01
8,88911,8034,1.0,9386,1797,87114,0.01
8,88919,8035,1.0,9387,1797,87122,0.01
8,88927,8036,1.0,9388,1797,87130,0.01
8,88935,8037,1.0,9389,1797,87138,0.01
8,88943,8038,1.0,9390,1797,87146,0.01
8,88951,8039,1.0,9391,1797,87154,0.01
8,88959,8040,1.0,9392,1797,87162,0.01
8,88967,8041,1.0,9393,1797,87170,0.01
8,88975,8042,1.0,9394,1797,87178,0.01
8,88983,8043,1.0,9395,1797,87186,0.01
8,88991,8044,1.0,9396,1797,87194,0.01
8,88999,8045,1.0,9397,1797,87202,0.01
8,89007,8046,1.0,9398,1797,87210,0.01
8,89015,8047,1.0,9399,1797,87218,0.01
8,89023,8048,1.0,9400,1797,87226,0.01
8,89031,8049,1.0,9401,1797,87234,0.01
8,89039,8050,1.0,9402,1797,87242,0.01
8,89047,8051,1.0,9403,1797,87250,0.01
8,89055,8052,1.0,9404,1797,87258,0.01
8,89063,8053,1.0,9405,1797,87266,0.01
8,89071,8054,1.0,9406,1797,87274,0.01
8,89079,8055,1.0,9407,1797,87282,0.01
8,89087,8056,1.0,9408,1797,87290,0.01
8,89095,8057,1.0,9409,1797,87298,0.01
8,89103,8058,1.0,9410,1797,87306,0.01
8,89111,8059,1.0,9411,1797,87314,0.01
8,89119,8060,1.0,9412,1797,87322,0.01
8,89127,8061,1.0,9413,1797,87330,0.01
8,89135,8062,1.0,9414,1797,87338,0.01
8,89143,8063,1.0,9415,1797,87346,0.01
8,89151,8064,1.0,9416,1797,87354,0.01
8,89159,8065,1.0,9417,1797,87362,0.01
8,89167,8066,1.0,9418,1797,87370,0.01
8,89175,8067,1.0,9419,1797,87378,0.01
8,89183,8068,1.0,9420,1797,87386,0.01
8,89191,8069,1.0,9421,1797,87394,0.01
8,89199,8070,1.0,9422,1797,87402,0.01
8,89207,8071,1.0,9423,1797,87410,0.01
8,89215,8072,1.0,9424,1797,87418,0.01
8,89223,8073,1.0,9425,1797,87426,0.01
8,89231,8074,1.0,9426,1797,87434,0.01
8,89239,8075,1.0,9427,1797,87442,0.01
8,89247,8076,1.0,9428,1797,87450,0.01
8,89255,8077,1.0,9429,1797,87458,0.01
8,89263,8078,1.0,9430,1797,87466,0.01
8,89271,8079,1.0,9431,1797,87474,0.01
9,89280,8079,0.0,9432,1798,87482,0.01
9,89289,8079,0.0,9433,1798,87491,0.01
9,89298,8079,0.0,9434,1798,87500,0.01
10,89308,8079,0.0,9435,1798,87510,0.01
9,89317,8079,0.0,9436,1798,87519,0.01
10,89327,8079,0.0,9437,1798,87529,0.01
20,89347,8080,1.0,9438,1799,87548,0.01
9,89356,8080,0.0,9439,1799,87557,0.01
8,89364,8081,1.0,9440,1799,87565,0.01
14,89378,8081,0.0,9441,1799,87579,0.01
14,89392,8081,0.0,9442,1799,87593,0.01
14,89406,8081,0.0,9443,1799,87607,0.01
9,89415,8081,0.0,9444,1799,87616,0.01
9,89424,8081,0.0,9445,1799,87625,0.01
14,89438,8081,0.0,9446,1799,87639,0.01
16,89454,8082,1.0,9447,1799,87655,0.01
8,89462,8082,0.0,9448,1799,87663,0.01
8,89470,8082,0.0,9449,1799,87671,0.01
7,89477,8083,1.0,9450,1799,87678,0.01
7,89484,8084,1.0,9451,1799,87685,0.01
7,89491,8085,1.0,9452,1799,87692,0.01
7,89498,8086,1.0,9453,1799,87699,0.01
7,89505,8087,1.0,9454,1799,87706,0.01
7,89512,8088,1.0,9455,1799,87713,0.01
7,89519,8089,1.0,9456,1799,87720,0.01
7,89526,8090,1.0,9457,1799,87727,0.01
7,89533,8091,1.0,9458,1799,87734,0.01
7,89540,8092,1.0,9459,1799,87741,0.01
7,89547,8093,1.0,9460,1799,87748,0.01
7,89554,8094,1.0,9461,1799,87755,0.01
7,89561,8095,1.0,9462,1799,87762,0.01
7,89568,8096,1.0,9463,1799,87769,0.01
7,89575,8097,1.0,9464,1799,87776,0.01
7,89582,8098,1.0,9465,1799,87783,0.01
7,89589,8099,1.0,9466,1799,87790,0.01
7,89596,8100,1.0,9467,1799,87797,0.01
7,89603,8101,1.0,9468,1799,87804,0.01
7,89610,8102,1.0,9469,1799,87811,0.01
7,89617,8103,1.0,9470,1799,87818,0.01
7,89624,8104,1.0,9471,1799,87825,0.01
7,89631,8105,1.0,9472,1799,87832,0.01
7,89638,8106,1.0,9473,1799,87839,0.01
7,89645,8107,1.0,9474,1799,87846,0.01
7,89652,8108,1.0,9475,1799,87853,0.01
7,89659,8109,1.0,9476,1799,87860,0.01
7,89666,8110,1.0,9477,1799,87867,0.01
7,89673,8111,1.0,9478,1799,87874,0.01
7,89680,8112,1.0,9479,1800,87880,0.01
7,89687,8113,1.0,9480,1800,87887,0.01
7,89694,8114,1.0,9481,1800,87894,0.01
7,89701,8115,1.0,9482,1800,87901,0.01
24,89725,8116,1.0,9483,1801,87924,0.01
7,89732,8117,1.0,9484,1801,87931,0.01
7,89739,8118,1.0,9485,1801,87938,0.01
7,89746,8119,1.0,9486,1802,87944,0.01
7,89753,8120,1.0,9487,1802,87951,0.01
7,89760,8121,1.0,9488,1802,87958,0.01
7,89767,8122,1.0,9489,1802,87965,0.01
7,89774,8123,1.0,9490,1802,87972,0.01
7,89781,8124,1.0,9491,1802,87979,0.01
7,89788,8125,1.0,9492,1802,87986,0.01
7,89795,8126,1.0,9493,1802,87993,0.01
7,89802,8127,1.0,9494,1802,88000,0.01
7,89809,8128,1.0,9495,1802,88007,0.01
7,89816,8129,1.0,9496,1802,88014,0.01
7,89823,8130,1.0,9497,1802,88021,0.01
7,89830,8131,1.0,9498,1802,88028,0.01
7,89837,8132,1.0,9499,1802,88035,0.01
7,89844,8133,1.0,9500,1802,88042,0.01
7,89851,8134,1.0,9501,1802,88049,0.01
6,89857,8134,0.0,9502,1803,88054,0.01
7,89864,8135,1.0,9503,1803,88061,0.01
7,89871,8136,1.0,9504,1803,88068,0.01
7,89878,8137,1.0,9505,1803,88075,0.01
7,89885,8138,1.0,9506,1803,88082,0.01
7,89892,8139,1.0,9507,1803,88089,0.01
7,89899,8140,1.0,9508,1803,88096,0.01
7,89906,8141,1.0,9509,1803,88103,0.01
3,89909,8141,0.0,9510,1804,88105,0.01
7,89916,8142,1.0,9511,1804,88112,0.01
7,89923,8143,1.0,9512,1804,88119,0.01
7,89930,8144,1.0,9513,1804,88126,0.01
7,89937,8145,1.0,9514,1804,88133,0.01
7,89944,8146,1.0,9515,1804,88140,0.01
7,89951,8147,1.0,9516,1804,88147,0.01
7,89958,8148,1.0,9517,1804,88154,0.01
7,89965,8149,1.0,9518,1804,88161,0.01
7,89972,8150,1.0,9519,1804,88168,0.01
7,89979,8151,1.0,9520,1804,88175,0.01
7,89986,8152,1.0,9521,1804,88182,0.01
2,89988,8152,0.0,9522,1805,88183,0.01
7,89995,8153,1.0,9523,1805,88190,0.01
3,89998,8153,0.0,9524,1806,88192,0.01
7,90005,8154,1.0,9525,1806,88199,0.01
7,90012,8155,1.0,9526,1806,88206,0.01
24,90036,8156,1.0,9527,1807,88229,0.01
7,90043,8157,1.0,9528,1807,88236,0.01
7,90050,8158,1.0,9529,1807,88243,0.01
7,90057,8159,1.0,9530,1807,88250,0.01
7,90064,8160,1.0,9531,1807,88257,0.01
7,90071,8161,1.0,9532,1807,88264,0.01
7,90078,8162,1.0,9533,1807,88271,0.01
7,90085,8163,1.0,9534,1807,88278,0.01
19,90104,8163,0.0,9535,1808,88296,0.01
10,90114,8163,0.0,9536,1808,88306,0.01
11,90125,8164,1.0,9537,1808,88317,0.01
14,90139,8164,0.0,9538,1809,88330,0.01
12,90151,8164,0.0,9539,1809,88342,0.01
9,90160,8164,0.0,9540,1809,88351,0.01
8,90168,8164,0.0,9541,1809,88359,0.01
10,90178,8164,0.0,9542,1809,88369,0.01
7,90185,8165,1.0,9543,1809,88376,0.01
9,90194,8165,0.0,9544,1809,88385,0.01
8,90202,8165,0.0,9545,1809,88393,0.01
31,90233,8165,0.0,9546,1810,88423,0.01
8,90241,8165,0.0,9547,1810,88431,0.01
14,90255,8165,0.0,9548,1810,88445,0.01
10,90265,8166,1.0,9549,1810,88455,0.01
19,90284,8166,0.0,9550,1810,88474,0.01
16,90300,8167,1.0,9551,1810,88490,0.01
12,90312,8167,0.0,9552,1810,88502,0.01
12,90324,8167,0.0,9553,1810,88514,0.01
10,90334,8168,1.0,9554,1810,88524,0.01
9,90343,8168,0.0,9555,1810,88533,0.01
4,90347,8168,0.0,9556,1811,88536,0.01
19,90366,8168,0.0,9557,1811,88555,0.01
25,90391,8169,1.0,9558,1811,88580,0.01
7,90398,8170,1.0,9559,1812,88586,0.01
22,90420,8171,1.0,9560,1812,88608,0.01
7,90427,8172,1.0,9561,1812,88615,0.01
7,90434,8173,1.0,9562,1812,88622,0.01
7,90441,8174,1.0,9563,1812,88629,0.01
7,90448,8175,1.0,9564,1812,88636,0.01
7,90455,8176,1.0,9565,1812,88643,0.01
7,90462,8177,1.0,9566,1812,88650,0.01
7,90469,8178,1.0,9567,1812,88657,0.01
7,90476,8179,1.0,9568,1812,88664,0.01
7,90483,8180,1.0,9569,1812,88671,0.01
7,90490,8181,1.0,9570,1812,88678,0.01
7,90497,8182,1.0,9571,1812,88685,0.01
7,90504,8183,1.0,9572,1812,88692,0.01
7,90511,8184,1.0,9573,1812,88699,0.01
7,90518,8185,1.0,9574,1812,88706,0.01
7,90525,8186,1.0,9575,1812,88713,0.01
7,90532,8187,1.0,9576,1812,88720,0.01
7,90539,8188,1.0,9577,1812,88727,0.01
7,90546,8189,1.0,9578,1812,88734,0.01
7,90553,8190,1.0,9579,1812,88741,0.01
7,90560,8191,1.0,9580,1812,88748,0.01
7,90567,8192,1.0,9581,1812,88755,0.01
7,90574,8193,1.0,9582,1812,88762,0.01
7,90581,8194,1.0,9583,1812,88769,0.01
7,90588,8195,1.0,9584,1812,88776,0.01
7,90595,8196,1.0,9585,1812,88783,0.01
7,90602,8197,1.0,9586,1812,88790,0.01
7,90609,8198,1.0,9587,1812,88797,0.01
7,90616,8199,1.0,9588,1812,88804,0.01
7,90623,8200,1.0,9589,1812,88811,0.01
7,90630,8201,1.0,9590,1812,88818,0.01
7,90637,8202,1.0,9591,1812,88825,0.01
7,90644,8203,1.0,9592,1812,88832,0.01
7,90651,8204,1.0,9593,1812,88839,0.01
7,90658,8205,1.0,9594,1812,88846,0.01
7,90665,8206,1.0,9595,1812,88853,0.01
7,90672,8207,1.0,9596,1812,88860,0.01
7,90679,8208,1.0,9597,1812,88867,0.01
7,90686,8209,1.0,9598,1812,88874,0.01
7,90693,8210,1.0,9599,1812,88881,0.01
7,90700,8211,1.0,9600,1812,88888,0.01
7,90707,8212,1.0,9601,1812,88895,0.01
4,90711,8212,0.0,9602,1813,88898,0.01
7,90718,8213,1.0,9603,1813,88905,0.01
7,90725,8214,1.0,9604,1813,88912,0.01
7,90732,8215,1.0,9605,1813,88919,0.01
7,90739,8216,1.0,9606,1813,88926,0.01
7,90746,8217,1.0,9607,1813,88933,0.01
7,90753,8218,1.0,9608,1813,88940,0.01
7,90760,8219,1.0,9609,1813,88947,0.01
7,90767,8220,1.0,9610,1813,88954,0.01
7,90774,8220,0.0,9611,1814,88960,0.01
7,90781,8221,1.0,9612,1814,88967,0.01
7,90788,8222,1.0,9613,1814,88974,0.01
7,90795,8223,1.0,9614,1814,88981,0.01
7,90802,8224,1.0,9615,1814,88988,0.01
7,90809,8225,1.0,9616,1814,88995,0.01
7,90816,8226,1.0,9617,1814,89002,0.01
7,90823,8227,1.0,9618,1814,89009,0.01
7,90830,8228,1.0,9619,1814,89016,0.01
7,90837,8229,1.0,9620,1814,89023,0.01
7,90844,8230,1.0,9621,1814,89030,0.01
7,90851,8231,1.0,9622,1814,89037,0.01
7,90858,8232,1.0,9623,1814,89044,0.01
7,90865,8233,1.0,9624,1814,89051,0.01
7,90872,8234,1.0,9625,1814,89058,0.01
7,90879,8235,1.0,9626,1814,89065,0.01
7,90886,8236,1.0,9627,1814,89072,0.01
7,90893,8237,1.0,9628,1814,89079,0.01
7,90900,8238,1.0,9629,1814,89086,0.01
7,90907,8239,1.0,9630,1814,89093,0.01
7,90914,8240,1.0,9631,1814,89100,0.01
7,90921,8241,1.0,9632,1814,89107,0.01
7,90928,8242,1.0,9633,1814,89114,0.01
7,90935,8243,1.0,9634,1814,89121,0.01
7,90942,8244,1.0,9635,1814,89128,0.01
7,90949,8245,1.0,9636,1814,89135,0.01
7,90956,8246,1.0,9637,1814,89142,0.01
7,90963,8247,1.0,9638,1814,89149,0.01
7,90970,8248,1.0,9639,1814,89156,0.01
7,90977,8249,1.0,9640,1814,89163,0.01
7,90984,8250,1.0,9641,1814,89170,0.01
7,90991,8251,1.0,9642,1814,89177,0.01
7,90998,8252,1.0,9643,1814,89184,0.01
7,91005,8253,1.0,9644,1814,89191,0.01
7,91012,8254,1.0,9645,1814,89198,0.01
7,91019,8255,1.0,9646,1814,89205,0.01
7,91026,8256,1.0,9647,1814,89212,0.01
7,91033,8257,1.0,9648,1814,89219,0.01
7,91040,8258,1.0,9649,1814,89226,0.01
7,91047,8259,1.0,9650,1814,89233,0.01
7,91054,8260,1.0,9651,1814,89240,0.01
6,91060,8260,0.0,9652,1815,89245,0.01
7,91067,8261,1.0,9653,1815,89252,0.01
7,91074,8262,1.0,9654,1815,89259,0.01
7,91081,8263,1.0,9655,1815,89266,0.01
7,91088,8264,1.0,9656,1816,89272,0.01
7,91095,8265,1.0,9657,1816,89279,0.01
7,91102,8266,1.0,9658,1816,89286,0.01
7,91109,8267,1.0,9659,1816,89293,0.01
5,91114,8267,0.0,9660,1817,89297,0.01
7,91121,8268,1.0,9661,1818,89303,0.01
7,91128,8269,1.0,9662,1818,89310,0.01
7,91135,8270,1.0,9663,1818,89317,0.01
7,91142,8271,1.0,9664,1819,89323,0.01
7,91149,8272,1.0,9665,1819,89330,0.01
7,91156,8273,1.0,9666,1819,89337,0.01
7,91163,8274,1.0,9667,1819,89344,0.01
7,91170,8275,1.0,9668,1819,89351,0.01
7,91177,8276,1.0,9669,1819,89358,0.01
7,91184,8277,1.0,9670,1819,89365,0.01
7,91191,8278,1.0,9671,1819,89372,0.01
7,91198,8279,1.0,9672,1819,89379,0.01
7,91205,8280,1.0,9673,1819,89386,0.01
7,91212,8281,1.0,9674,1819,89393,0.01
7,91219,8282,1.0,9675,1819,89400,0.01
7,91226,8283,1.0,9676,1819,89407,0.01
7,91233,8284,1.0,9677,1819,89414,0.01
7,91240,8285,1.0,9678,1819,89421,0.01
7,91247,8286,1.0,9679,1819,89428,0.01
7,91254,8287,1.0,9680,1819,89435,0.01
7,91261,8288,1.0,9681,1819,89442,0.01
7,91268,8289,1.0,9682,1819,89449,0.01
7,91275,8290,1.0,9683,1819,89456,0.01
7,91282,8291,1.0,9684,1819,89463,0.01
7,91289,8292,1.0,9685,1819,89470,0.01
7,91296,8293,1.0,9686,1819,89477,0.01
7,91303,8294,1.0,9687,1819,89484,0.01
7,91310,8295,1.0,9688,1819,89491,0.01
7,91317,8296,1.0,9689,1819,89498,0.01
7,91324,8297,1.0,9690,1820,89504,0.01
7,91331,8298,1.0,9691,1820,89511,0.01
7,91338,8299,1.0,9692,1820,89518,0.01
7,91345,8300,1.0,9693,1820,89525,0.01
7,91352,8301,1.0,9694,1820,89532,0.01
7,91359,8302,1.0,9695,1820,89539,0.01
7,91366,8303,1.0,9696,1820,89546,0.01
7,91373,8304,1.0,9697,1820,89553,0.01
7,91380,8305,1.0,9698,1820,89560,0.01
7,91387,8306,1.0,9699,1820,89567,0.01
7,91394,8307,1.0,9700,1820,89574,0.01
7,91401,8308,1.0,9701,1820,89581,0.01
7,91408,8309,1.0,9702,1820,89588,0.01
7,91415,8310,1.0,9703,1820,89595,0.01
7,91422,8311,1.0,9704,1820,89602,0.01
7,91429,8312,1.0,9705,1820,89609,0.01
7,91436,8313,1.0,9706,1820,89616,0.01
7,91443,8314,1.0,9707,1820,89623,0.01
22,91465,8314,0.0,9708,1822,89643,0.01
7,91472,8315,1.0,9709,1822,89650,0.01
7,91479,8316,1.0,9710,1822,89657,0.01
7,91486,8317,1.0,9711,1822,89664,0.01
7,91493,8317,0.0,9712,1823,89670,0.01
7,91500,8318,1.0,9713,1823,89677,0.01
7,91507,8319,1.0,9714,1823,89684,0.01
7,91514,8320,1.0,9715,1823,89691,0.01
7,91521,8321,1.0,9716,1823,89698,0.01
7,91528,8322,1.0,9717,1823,89705,0.01
7,91535,8323,1.0,9718,1823,89712,0.01
7,91542,8324,1.0,9719,1823,89719,0.01
7,91549,8325,1.0,9720,1823,89726,0.01
7,91556,8326,1.0,9721,1823,89733,0.01
7,91563,8327,1.0,9722,1823,89740,0.01
7,91570,8328,1.0,9723,1823,89747,0.01
7,91577,8329,1.0,9724,1823,89754,0.01
11,91588,8329,0.0,9725,1824,89764,0.01
24,91612,8330,1.0,9726,1824,89788,0.01
7,91619,8331,1.0,9727,1824,89795,0.01
24,91643,8332,1.0,9728,1825,89818,0.01
9,91652,8332,0.0,9729,1826,89826,0.01
9,91661,8332,0.0,9730,1826,89835,0.01
23,91684,8332,0.0,9731,1826,89858,0.01
18,91702,8332,0.0,9732,1827,89875,0.01
15,91717,8333,1.0,9733,1828,89889,0.01
15,91732,8334,1.0,9734,1828,89904,0.01
10,91742,8334,0.0,9735,1828,89914,0.01
17,91759,8334,0.0,9736,1828,89931,0.01
23,91782,8335,1.0,9737,1828,89954,0.01
23,91805,8336,1.0,9738,1828,89977,0.01
23,91828,8337,1.0,9739,1828,90000,0.01
23,91851,8338,1.0,9740,1828,90023,0.01
23,91874,8339,1.0,9741,1829,90045,0.01
7,91881,8340,1.0,9742,1830,90051,0.01
23,91904,8341,1.0,9743,1830,90074,0.01
23,91927,8342,1.0,9744,1830,90097,0.01
23,91950,8343,1.0,9745,1830,90120,0.01
23,91973,8344,1.0,9746,1830,90143,0.01
23,91996,8345,1.0,9747,1830,90166,0.01
25,92021,8346,1.0,9748,1832,90189,0.01
23,92044,8347,1.0,9749,1832,90212,0.01
23,92067,8348,1.0,9750,1832,90235,0.01
23,92090,8349,1.0,9751,1833,90257,0.01
23,92113,8350,1.0,9752,1833,90280,0.01
23,92136,8351,1.0,9753,1833,90303,0.01
23,92159,8352,1.0,9754,1833,90326,0.01
23,92182,8353,1.0,9755,1833,90349,0.01
23,92205,8354,1.0,9756,1833,90372,0.01
23,92228,8355,1.0,9757,1833,90395,0.01
23,92251,8356,1.0,9758,1833,90418,0.01
23,92274,8357,1.0,9759,1833,90441,0.01
23,92297,8358,1.0,9760,1833,90464,0.01
23,92320,8359,1.0,9761,1833,90487,0.01
23,92343,8360,1.0,9762,1833,90510,0.01
23,92366,8361,1.0,9763,1833,90533,0.01
23,92389,8362,1.0,9764,1833,90556,0.01
23,92412,8363,1.0,9765,1833,90579,0.01
23,92435,8364,1.0,9766,1833,90602,0.01
14,92449,8364,0.0,9767,1834,90615,0.01
23,92472,8365,1.0,9768,1834,90638,0.01
27,92499,8365,0.0,9769,1835,90664,0.01
17,92516,8366,1.0,9770,1836,90680,0.01
15,92531,8366,0.0,9771,1837,90694,0.01
10,92541,8367,1.0,9772,1837,90704,0.01
9,92550,8368,1.0,9773,1837,90713,0.01
9,92559,8369,1.0,9774,1837,90722,0.01
9,92568,8370,1.0,9775,1837,90731,0.01
9,92577,8371,1.0,9776,1837,90740,0.01
9,92586,8372,1.0,9777,1837,90749,0.01
9,92595,8373,1.0,9778,1837,90758,0.01
9,92604,8374,1.0,9779,1837,90767,0.01
9,92613,8375,1.0,9780,1837,90776,0.01
9,92622,8376,1.0,9781,1837,90785,0.01
9,92631,8377,1.0,9782,1837,90794,0.01
9,92640,8378,1.0,9783,1837,90803,0.01
9,92649,8379,1.0,9784,1837,90812,0.01
9,92658,8380,1.0,9785,1838,90820,0.01
9,92667,8381,1.0,9786,1838,90829,0.01
9,92676,8382,1.0,9787,1838,90838,0.01
9,92685,8383,1.0,9788,1838,90847,0.01
9,92694,8384,1.0,9789,1838,90856,0.01
9,92703,8385,1.0,9790,1838,90865,0.01
9,92712,8386,1.0,9791,1838,90874,0.01
9,92721,8387,1.0,9792,1838,90883,0.01
9,92730,8388,1.0,9793,1838,90892,0.01
9,92739,8389,1.0,9794,1838,90901,0.01
9,92748,8390,1.0,9795,1838,90910,0.01
9,92757,8391,1.0,9796,1838,90919,0.01
9,92766,8392,1.0,9797,1838,90928,0.01
9,92775,8393,1.0,9798,1838,90937,0.01
9,92784,8394,1.0,9799,1838,90946,0.01
9,92793,8395,1.0,9800,1838,90955,0.01
9,92802,8396,1.0,9801,1838,90964,0.01
9,92811,8397,1.0,9802,1838,90973,0.01
9,92820,8398,1.0,9803,1838,90982,0.01
9,92829,8399,1.0,9804,1838,90991,0.01
9,92838,8400,1.0,9805,1838,91000,0.01
9,92847,8401,1.0,9806,1838,91009,0.01
9,92856,8402,1.0,9807,1838,91018,0.01
9,92865,8403,1.0,9808,1838,91027,0.01
9,92874,8404,1.0,9809,1838,91036,0.01
9,92883,8405,1.0,9810,1838,91045,0.01
9,92892,8406,1.0,9811,1838,91054,0.01
9,92901,8407,1.0,9812,1838,91063,0.01
9,92910,8408,1.0,9813,1838,91072,0.01
9,92919,8409,1.0,9814,1838,91081,0.01
9,92928,8410,1.0,9815,1838,91090,0.01
9,92937,8411,1.0,9816,1838,91099,0.01
9,92946,8412,1.0,9817,1838,91108,0.01
9,92955,8413,1.0,9818,1838,91117,0.01
9,92964,8414,1.0,9819,1838,91126,0.01
9,92973,8415,1.0,9820,1838,91135,0.01
9,92982,8416,1.0,9821,1838,91144,0.01
9,92991,8417,1.0,9822,1838,91153,0.01
9,93000,8418,1.0,9823,1838,91162,0.01
9,93009,8419,1.0,9824,1838,91171,0.01
9,93018,8420,1.0,9825,1838,91180,0.01
9,93027,8421,1.0,9826,1838,91189,0.01
9,93036,8422,1.0,9827,1838,91198,0.01
9,93045,8422,0.0,9828,1839,91206,0.01
9,93054,8423,1.0,9829,1839,91215,0.01
9,93063,8424,1.0,9830,1840,91223,0.01
9,93072,8425,1.0,9831,1840,91232,0.01
6,93078,8425,0.0,9832,1841,91237,0.01
9,93087,8426,1.0,9833,1841,91246,0.01
9,93096,8427,1.0,9834,1841,91255,0.01
9,93105,8428,1.0,9835,1841,91264,0.01
9,93114,8429,1.0,9836,1841,91273,0.01
9,93123,8429,0.0,9837,1842,91281,0.01
9,93132,8430,1.0,9838,1842,91290,0.01
9,93141,8431,1.0,9839,1842,91299,0.01
9,93150,8432,1.0,9840,1842,91308,0.01
9,93159,8433,1.0,9841,1842,91317,0.01
9,93168,8433,0.0,9842,1843,91325,0.01
9,93177,8433,0.0,9843,1843,91334,0.01
9,93186,8433,0.0,9844,1843,91343,0.01
8,93194,8433,0.0,9845,1843,91351,0.01
9,93203,8433,0.0,9846,1843,91360,0.01
9,93212,8433,0.0,9847,1843,91369,0.01
9,93221,8433,0.0,9848,1843,91378,0.01
8,93229,8433,0.0,9849,1843,91386,0.01
9,93238,8434,1.0,9850,1843,91395,0.01
23,93261,8434,0.0,9851,1843,91418,0.01
9,93270,8435,1.0,9852,1843,91427,0.01
6,93276,8435,0.0,9853,1843,91433,0.01
9,93285,8436,1.0,9854,1843,91442,0.01
9,93294,8437,1.0,9855,1843,91451,0.01
10,93304,8437,0.0,9856,1844,91460,0.01
10,93314,8437,0.0,9857,1844,91470,0.01
9,93323,8438,1.0,9858,1844,91479,0.01
9,93332,8439,1.0,9859,1844,91488,0.01
9,93341,8440,1.0,9860,1844,91497,0.01
9,93350,8441,1.0,9861,1844,91506,0.01
9,93359,8442,1.0,9862,1844,91515,0.01
9,93368,8443,1.0,9863,1844,91524,0.01
9,93377,8444,1.0,9864,1844,91533,0.01
9,93386,8445,1.0,9865,1844,91542,0.01
9,93395,8446,1.0,9866,1844,91551,0.01
9,93404,8447,1.0,9867,1844,91560,0.01
9,93413,8448,1.0,9868,1845,91568,0.01
9,93422,8449,1.0,9869,1846,91576,0.01
9,93431,8449,0.0,9870,1846,91585,0.01
9,93440,8449,0.0,9871,1846,91594,0.01
8,93448,8449,0.0,9872,1846,91602,0.01
9,93457,8449,0.0,9873,1846,91611,0.01
9,93466,8449,0.0,9874,1846,91620,0.01
9,93475,8449,0.0,9875,1846,91629,0.01
8,93483,8449,0.0,9876,1846,91637,0.01
9,93492,8449,0.0,9877,1846,91646,0.01
9,93501,8449,0.0,9878,1846,91655,0.01
9,93510,8449,0.0,9879,1846,91664,0.01
27,93537,8450,1.0,9880,1846,91691,0.01
9,93546,8450,0.0,9881,1846,91700,0.01
9,93555,8450,0.0,9882,1846,91709,0.01
9,93564,8450,0.0,9883,1846,91718,0.01
9,93573,8450,0.0,9884,1846,91727,0.01
18,93591,8451,1.0,9885,1846,91745,0.01
8,93599,8451,0.0,9886,1846,91753,0.01
12,93611,8451,0.0,9887,1846,91765,0.01
12,93623,8451,0.0,9888,1846,91777,0.01
12,93635,8452,1.0,9889,1847,91788,0.01
12,93647,8452,0.0,9890,1847,91800,0.01
12,93659,8452,0.0,9891,1847,91812,0.01
20,93679,8452,0.0,9892,1847,91832,0.01
9,93688,8452,0.0,9893,1847,91841,0.01
9,93697,8452,0.0,9894,1847,91850,0.01
9,93706,8452,0.0,9895,1847,91859,0.01
9,93715,8452,0.0,9896,1848,91867,0.01
9,93724,8452,0.0,9897,1848,91876,0.01
8,93732,8452,0.0,9898,1848,91884,0.01
8,93740,8452,0.0,9899,1848,91892,0.01
12,93752,8452,0.0,9900,1848,91904,0.01
10,93762,8452,0.0,9901,1848,91914,0.01
2,93764,8452,0.0,9902,1848,91916,0.01
2,93766,8452,0.0,9903,1848,91918,0.01
8,93774,8452,0.0,9904,1848,91926,0.01
8,93782,8452,0.0,9905,1850,91932,0.01
6,93788,8452,0.0,9906,1850,91938,0.01
12,93800,8452,0.0,9907,1851,91949,0.01
9,93809,8452,0.0,9908,1851,91958,0.01
10,93819,8452,0.0,9909,1851,91968,0.01
10,93829,8453,1.0,9910,1851,91978,0.01
9,93838,8454,1.0,9911,1851,91987,0.01
9,93847,8455,1.0,9912,1851,91996,0.01
9,93856,8456,1.0,9913,1851,92005,0.01
9,93865,8457,1.0,9914,1851,92014,0.01
9,93874,8458,1.0,9915,1851,92023,0.01
9,93883,8459,1.0,9916,1851,92032,0.01
9,93892,8460,1.0,9917,1851,92041,0.01
9,93901,8461,1.0,9918,1851,92050,0.01
9,93910,8462,1.0,9919,1851,92059,0.01
9,93919,8463,1.0,9920,1851,92068,0.01
9,93928,8464,1.0,9921,1851,92077,0.01
9,93937,8465,1.0,9922,1851,92086,0.01
9,93946,8466,1.0,9923,1851,92095,0.01
9,93955,8467,1.0,9924,1851,92104,0.01
9,93964,8468,1.0,9925,1851,92113,0.01
6,93970,8468,0.0,9926,1852,92118,0.01
9,93979,8469,1.0,9927,1852,92127,0.01
9,93988,8470,1.0,9928,1852,92136,0.01
9,93997,8471,1.0,9929,1852,92145,0.01
9,94006,8472,1.0,9930,1852,92154,0.01
9,94015,8473,1.0,9931,1852,92163,0.01
9,94024,8474,1.0,9932,1852,92172,0.01
9,94033,8475,1.0,9933,1852,92181,0.01
9,94042,8476,1.0,9934,1852,92190,0.01
9,94051,8477,1.0,9935,1852,92199,0.01
9,94060,8478,1.0,9936,1852,92208,0.01
9,94069,8479,1.0,9937,1853,92216,0.01
9,94078,8480,1.0,9938,1853,92225,0.01
9,94087,8481,1.0,9939,1853,92234,0.01
9,94096,8482,1.0,9940,1853,92243,0.01
9,94105,8483,1.0,9941,1853,92252,0.01
9,94114,8484,1.0,9942,1853,92261,0.01
9,94123,8485,1.0,9943,1853,92270,0.01
9,94132,8486,1.0,9944,1853,92279,0.01
9,94141,8487,1.0,9945,1853,92288,0.01
9,94150,8488,1.0,9946,1853,92297,0.01
9,94159,8489,1.0,9947,1853,92306,0.01
9,94168,8490,1.0,9948,1853,92315,0.01
9,94177,8491,1.0,9949,1853,92324,0.01
9,94186,8492,1.0,9950,1853,92333,0.01
9,94195,8493,1.0,9951,1853,92342,0.01
9,94204,8494,1.0,9952,1853,92351,0.01
9,94213,8495,1.0,9953,1853,92360,0.01
9,94222,8496,1.0,9954,1853,92369,0.01
9,94231,8497,1.0,9955,1853,92378,0.01
9,94240,8498,1.0,9956,1854,92386,0.01
9,94249,8499,1.0,9957,1854,92395,0.01
9,94258,8500,1.0,9958,1854,92404,0.01
9,94267,8501,1.0,9959,1854,92413,0.01
9,94276,8502,1.0,9960,1854,92422,0.01
9,94285,8503,1.0,9961,1854,92431,0.01
9,94294,8504,1.0,9962,1854,92440,0.01
9,94303,8505,1.0,9963,1854,92449,0.01
9,94312,8506,1.0,9964,1854,92458,0.01
9,94321,8507,1.0,9965,1854,92467,0.01
9,94330,8508,1.0,9966,1854,92476,0.01
9,94339,8509,1.0,9967,1854,92485,0.01
9,94348,8510,1.0,9968,1854,92494,0.01
9,94357,8511,1.0,9969,1854,92503,0.01
10,94367,8512,1.0,9970,1855,92512,0.01
9,94376,8513,1.0,9971,1855,92521,0.01
9,94385,8514,1.0,9972,1855,92530,0.01
9,94394,8515,1.0,9973,1855,92539,0.01
9,94403,8516,1.0,9974,1855,92548,0.01
9,94412,8517,1.0,9975,1855,92557,0.01
9,94421,8518,1.0,9976,1855,92566,0.01
9,94430,8519,1.0,9977,1855,92575,0.01
9,94439,8520,1.0,9978,1855,92584,0.01
9,94448,8521,1.0,9979,1855,92593,0.01
9,94457,8522,1.0,9980,1855,92602,0.01
9,94466,8523,1.0,9981,1855,92611,0.01
9,94475,8524,1.0,9982,1855,92620,0.01
9,94484,8525,1.0,9983,1855,92629,0.01
9,94493,8526,1.0,9984,1855,92638,0.01
7,94500,8526,0.0,9985,1857,92643,0.01
9,94509,8527,1.0,9986,1857,92652,0.01
9,94518,8528,1.0,9987,1857,92661,0.01
9,94527,8529,1.0,9988,1857,92670,0.01
9,94536,8530,1.0,9989,1857,92679,0.01
9,94545,8531,1.0,9990,1857,92688,0.01
9,94554,8532,1.0,9991,1857,92697,0.01
9,94563,8533,1.0,9992,1857,92706,0.01
9,94572,8534,1.0,9993,1857,92715,0.01
9,94581,8535,1.0,9994,1857,92724,0.01
9,94590,8536,1.0,9995,1857,92733,0.01
17,94607,8537,1.0,9996,1858,92749,0.01
27,94634,8537,0.0,9997,1858,92776,0.01
9,94643,8538,1.0,9998,1858,92785,0.01
9,94652,8539,1.0,9999,1858,92794,0.01
9,94661,8540,1.0,10000,1858,92803,0.01
9,94670,8541,1.0,10001,1858,92812,0.01
9,94679,8542,1.0,10002,1858,92821,0.01
9,94688,8543,1.0,10003,1858,92830,0.01
9,94697,8544,1.0,10004,1858,92839,0.01
9,94706,8545,1.0,10005,1858,92848,0.01
9,94715,8546,1.0,10006,1858,92857,0.01
9,94724,8547,1.0,10007,1858,92866,0.01
9,94733,8548,1.0,10008,1858,92875,0.01
9,94742,8549,1.0,10009,1858,92884,0.01
9,94751,8550,1.0,10010,1858,92893,0.01
9,94760,8551,1.0,10011,1858,92902,0.01
9,94769,8552,1.0,10012,1858,92911,0.01
9,94778,8553,1.0,10013,1858,92920,0.01
9,94787,8554,1.0,10014,1858,92929,0.01
9,94796,8555,1.0,10015,1858,92938,0.01
9,94805,8556,1.0,10016,1858,92947,0.01
9,94814,8557,1.0,10017,1858,92956,0.01
10,94824,8557,0.0,10018,1859,92965,0.01
9,94833,8558,1.0,10019,1859,92974,0.01
9,94842,8559,1.0,10020,1859,92983,0.01
9,94851,8560,1.0,10021,1859,92992,0.01
9,94860,8561,1.0,10022,1859,93001,0.01
9,94869,8562,1.0,10023,1859,93010,0.01
9,94878,8563,1.0,10024,1859,93019,0.01
9,94887,8564,1.0,10025,1859,93028,0.01
9,94896,8565,1.0,10026,1859,93037,0.01
9,94905,8566,1.0,10027,1859,93046,0.01
9,94914,8567,1.0,10028,1859,93055,0.01
9,94923,8568,1.0,10029,1859,93064,0.01
9,94932,8569,1.0,10030,1859,93073,0.01
9,94941,8570,1.0,10031,1859,93082,0.01
9,94950,8571,1.0,10032,1859,93091,0.01
9,94959,8572,1.0,10033,1859,93100,0.01
9,94968,8573,1.0,10034,1859,93109,0.01
9,94977,8574,1.0,10035,1859,93118,0.01
6,94983,8574,0.0,10036,1860,93123,0.01
9,94992,8575,1.0,10037,1860,93132,0.01
9,95001,8576,1.0,10038,1860,93141,0.01
9,95010,8577,1.0,10039,1860,93150,0.01
9,95019,8578,1.0,10040,1860,93159,0.01
9,95028,8579,1.0,10041,1860,93168,0.01
9,95037,8580,1.0,10042,1860,93177,0.01
9,95046,8581,1.0,10043,1860,93186,0.01
9,95055,8582,1.0,10044,1860,93195,0.01
9,95064,8583,1.0,10045,1860,93204,0.01
9,95073,8584,1.0,10046,1860,93213,0.01
9,95082,8585,1.0,10047,1860,93222,0.01
9,95091,8586,1.0,10048,1860,93231,0.01
9,95100,8587,1.0,10049,1860,93240,0.01
9,95109,8588,1.0,10050,1860,93249,0.01
9,95118,8589,1.0,10051,1860,93258,0.01
9,95127,8590,1.0,10052,1860,93267,0.01
9,95136,8591,1.0,10053,1860,93276,0.01
9,95145,8592,1.0,10054,1860,93285,0.01
9,95154,8593,1.0,10055,1860,93294,0.01
9,95163,8594,1.0,10056,1860,93303,0.01
9,95172,8595,1.0,10057,1860,93312,0.01
9,95181,8596,1.0,10058,1860,93321,0.01
9,95190,8597,1.0,10059,1860,93330,0.01
9,95199,8598,1.0,10060,1861,93338,0.01
7,95206,8598,0.0,10061,1862,93344,0.01
9,95215,8599,1.0,10062,1862,93353,0.01
9,95224,8600,1.0,10063,1862,93362,0.01
9,95233,8601,1.0,10064,1862,93371,0.01
9,95242,8602,1.0,10065,1862,93380,0.01
27,95269,8602,0.0,10066,1863,93406,0.01
9,95278,8603,1.0,10067,1863,93415,0.01
9,95287,8604,1.0,10068,1863,93424,0.01
9,95296,8605,1.0,10069,1863,93433,0.01
9,95305,8605,0.0,10070,1864,93441,0.01
9,95314,8606,1.0,10071,1864,93450,0.01
9,95323,8607,1.0,10072,1864,93459,0.01
9,95332,8608,1.0,10073,1864,93468,0.01
9,95341,8609,1.0,10074,1864,93477,0.01
9,95350,8610,1.0,10075,1864,93486,0.01
9,95359,8611,1.0,10076,1864,93495,0.01
9,95368,8612,1.0,10077,1864,93504,0.01
9,95377,8613,1.0,10078,1864,93513,0.01
9,95386,8614,1.0,10079,1864,93522,0.01
9,95395,8615,1.0,10080,1864,93531,0.01
9,95404,8616,1.0,10081,1864,93540,0.01
9,95413,8617,1.0,10082,1864,93549,0.01
7,95420,8617,0.0,10083,1865,93555,0.01
9,95429,8618,1.0,10084,1865,93564,0.01
9,95438,8619,1.0,10085,1865,93573,0.01
9,95447,8620,1.0,10086,1865,93582,0.01
9,95456,8621,1.0,10087,1865,93591,0.01
9,95465,8622,1.0,10088,1865,93600,0.01
9,95474,8623,1.0,10089,1865,93609,0.01
9,95483,8624,1.0,10090,1865,93618,0.01
9,95492,8625,1.0,10091,1865,93627,0.01
9,95501,8626,1.0,10092,1865,93636,0.01
9,95510,8627,1.0,10093,1865,93645,0.01
9,95519,8628,1.0,10094,1865,93654,0.01
9,95528,8629,1.0,10095,1865,93663,0.01
9,95537,8630,1.0,10096,1865,93672,0.01
9,95546,8631,1.0,10097,1865,93681,0.01
9,95555,8632,1.0,10098,1865,93690,0.01
9,95564,8633,1.0,10099,1865,93699,0.01
9,95573,8634,1.0,10100,1865,93708,0.01
9,95582,8635,1.0,10101,1865,93717,0.01
9,95591,8636,1.0,10102,1865,93726,0.01
9,95600,8637,1.0,10103,1865,93735,0.01
9,95609,8638,1.0,10104,1865,93744,0.01
9,95618,8639,1.0,10105,1865,93753,0.01
9,95627,8640,1.0,10106,1865,93762,0.01
9,95636,8641,1.0,10107,1865,93771,0.01
9,95645,8642,1.0,10108,1865,93780,0.01
9,95654,8643,1.0,10109,1865,93789,0.01
9,95663,8644,1.0,10110,1865,93798,0.01
9,95672,8645,1.0,10111,1865,93807,0.01
9,95681,8646,1.0,10112,1865,93816,0.01
9,95690,8647,1.0,10113,1865,93825,0.01
9,95699,8648,1.0,10114,1865,93834,0.01
9,95708,8649,1.0,10115,1865,93843,0.01
9,95717,8650,1.0,10116,1865,93852,0.01
9,95726,8651,1.0,10117,1865,93861,0.01
9,95735,8652,1.0,10118,1865,93870,0.01
9,95744,8653,1.0,10119,1865,93879,0.01
9,95753,8654,1.0,10120,1866,93887,0.01
9,95762,8655,1.0,10121,1866,93896,0.01
9,95771,8656,1.0,10122,1866,93905,0.01
9,95780,8657,1.0,10123,1866,93914,0.01
9,95789,8658,1.0,10124,1866,93923,0.01
9,95798,8659,1.0,10125,1866,93932,0.01
9,95807,8660,1.0,10126,1866,93941,0.01
9,95816,8661,1.0,10127,1866,93950,0.01
9,95825,8662,1.0,10128,1866,93959,0.01
9,95834,8663,1.0,10129,1866,93968,0.01
9,95843,8664,1.0,10130,1866,93977,0.01
9,95852,8665,1.0,10131,1866,93986,0.01
9,95861,8666,1.0,10132,1866,93995,0.01
9,95870,8667,1.0,10133,1866,94004,0.01
9,95879,8668,1.0,10134,1866,94013,0.01
9,95888,8669,1.0,10135,1866,94022,0.01
9,95897,8670,1.0,10136,1866,94031,0.01
9,95906,8671,1.0,10137,1866,94040,0.01
9,95915,8672,1.0,10138,1866,94049,0.01
9,95924,8673,1.0,10139,1866,94058,0.01
9,95933,8674,1.0,10140,1866,94067,0.01
9,95942,8675,1.0,10141,1866,94076,0.01
9,95951,8676,1.0,10142,1866,94085,0.01
9,95960,8677,1.0,10143,1866,94094,0.01
9,95969,8678,1.0,10144,1866,94103,0.01
9,95978,8679,1.0,10145,1866,94112,0.01
9,95987,8680,1.0,10146,1866,94121,0.01
9,95996,8681,1.0,10147,1866,94130,0.01
9,96005,8682,1.0,10148,1866,94139,0.01
9,96014,8683,1.0,10149,1866,94148,0.01
9,96023,8684,1.0,10150,1866,94157,0.01
9,96032,8685,1.0,10151,1866,94166,0.01
9,96041,8686,1.0,10152,1866,94175,0.01
9,96050,8687,1.0,10153,1866,94184,0.01
3,96053,8687,0.0,10154,1867,94186,0.01
9,96062,8688,1.0,10155,1867,94195,0.01
9,96071,8689,1.0,10156,1867,94204,0.01
9,96080,8690,1.0,10157,1867,94213,0.01
9,96089,8691,1.0,10158,1867,94222,0.01
9,96098,8692,1.0,10159,1867,94231,0.01
9,96107,8693,1.0,10160,1867,94240,0.01
9,96116,8694,1.0,10161,1867,94249,0.01
9,96125,8695,1.0,10162,1867,94258,0.01
9,96134,8696,1.0,10163,1867,94267,0.01
9,96143,8697,1.0,10164,1867,94276,0.01
9,96152,8698,1.0,10165,1867,94285,0.01
9,96161,8699,1.0,10166,1867,94294,0.01
9,96170,8700,1.0,10167,1867,94303,0.01
9,96179,8701,1.0,10168,1867,94312,0.01
9,96188,8702,1.0,10169,1867,94321,0.01
9,96197,8703,1.0,10170,1867,94330,0.01
9,96206,8704,1.0,10171,1867,94339,0.01
9,96215,8705,1.0,10172,1868,94347,0.01
19,96234,8706,1.0,10173,1869,94365,0.01
23,96257,8706,0.0,10174,1869,94388,0.01
9,96266,8706,0.0,10175,1869,94397,0.01
8,96274,8706,0.0,10176,1869,94405,0.01
18,96292,8706,0.0,10177,1869,94423,0.01
26,96318,8707,1.0,10178,1869,94449,0.01
9,96327,8707,0.0,10179,1869,94458,0.01
23,96350,8708,1.0,10180,1869,94481,0.01
7,96357,8709,1.0,10181,1869,94488,0.01
7,96364,8710,1.0,10182,1869,94495,0.01
7,96371,8711,1.0,10183,1869,94502,0.01
7,96378,8712,1.0,10184,1869,94509,0.01
7,96385,8713,1.0,10185,1869,94516,0.01
7,96392,8714,1.0,10186,1869,94523,0.01
7,96399,8715,1.0,10187,1869,94530,0.01
7,96406,8716,1.0,10188,1869,94537,0.01
7,96413,8717,1.0,10189,1869,94544,0.01
7,96420,8718,1.0,10190,1869,94551,0.01
7,96427,8719,1.0,10191,1869,94558,0.01
9,96436,8719,0.0,10192,1870,94566,0.01
7,96443,8720,1.0,10193,1870,94573,0.01
7,96450,8721,1.0,10194,1870,94580,0.01
7,96457,8722,1.0,10195,1870,94587,0.01
7,96464,8723,1.0,10196,1870,94594,0.01
7,96471,8724,1.0,10197,1870,94601,0.01
7,96478,8725,1.0,10198,1870,94608,0.01
7,96485,8726,1.0,10199,1870,94615,0.01
7,96492,8727,1.0,10200,1870,94622,0.01
7,96499,8728,1.0,10201,1870,94629,0.01
7,96506,8729,1.0,10202,1870,94636,0.01
7,96513,8730,1.0,10203,1870,94643,0.01
7,96520,8731,1.0,10204,1870,94650,0.01
7,96527,8732,1.0,10205,1870,94657,0.01
7,96534,8733,1.0,10206,1870,94664,0.01
7,96541,8734,1.0,10207,1870,94671,0.01
7,96548,8735,1.0,10208,1870,94678,0.01
7,96555,8736,1.0,10209,1870,94685,0.01
7,96562,8737,1.0,10210,1870,94692,0.01
7,96569,8738,1.0,10211,1870,94699,0.01
6,96575,8738,0.0,10212,1871,94704,0.01
7,96582,8739,1.0,10213,1871,94711,0.01
7,96589,8740,1.0,10214,1871,94718,0.01
7,96596,8741,1.0,10215,1871,94725,0.01
7,96603,8742,1.0,10216,1871,94732,0.01
7,96610,8743,1.0,10217,1871,94739,0.01
7,96617,8744,1.0,10218,1871,94746,0.01
7,96624,8745,1.0,10219,1871,94753,0.01
7,96631,8746,1.0,10220,1871,94760,0.01
7,96638,8747,1.0,10221,1871,94767,0.01
7,96645,8748,1.0,10222,1871,94774,0.01
7,96652,8749,1.0,10223,1871,94781,0.01
7,96659,8750,1.0,10224,1871,94788,0.01
7,96666,8751,1.0,10225,1871,94795,0.01
7,96673,8752,1.0,10226,1871,94802,0.01
7,96680,8753,1.0,10227,1871,94809,0.01
7,96687,8754,1.0,10228,1871,94816,0.01
7,96694,8755,1.0,10229,1871,94823,0.01
7,96701,8756,1.0,10230,1871,94830,0.01
7,96708,8757,1.0,10231,1871,94837,0.01
7,96715,8758,1.0,10232,1871,94844,0.01
7,96722,8759,1.0,10233,1871,94851,0.01
7,96729,8760,1.0,10234,1871,94858,0.01
7,96736,8761,1.0,10235,1871,94865,0.01
7,96743,8762,1.0,10236,1871,94872,0.01
7,96750,8763,1.0,10237,1871,94879,0.01
9,96759,8763,0.0,10238,1872,94887,0.01
7,96766,8764,1.0,10239,1872,94894,0.01
7,96773,8765,1.0,10240,1872,94901,0.01
7,96780,8766,1.0,10241,1872,94908,0.01
7,96787,8767,1.0,10242,1872,94915,0.01
7,96794,8768,1.0,10243,1872,94922,0.01
7,96801,8769,1.0,10244,1872,94929,0.01
7,96808,8770,1.0,10245,1872,94936,0.01
7,96815,8771,1.0,10246,1872,94943,0.01
7,96822,8772,1.0,10247,1872,94950,0.01
7,96829,8773,1.0,10248,1872,94957,0.01
7,96836,8774,1.0,10249,1872,94964,0.01
7,96843,8775,1.0,10250,1872,94971,0.01
7,96850,8776,1.0,10251,1872,94978,0.01
7,96857,8777,1.0,10252,1872,94985,0.01
7,96864,8778,1.0,10253,1872,94992,0.01
7,96871,8779,1.0,10254,1872,94999,0.01
7,96878,8780,1.0,10255,1872,95006,0.01
7,96885,8781,1.0,10256,1872,95013,0.01
7,96892,8782,1.0,10257,1872,95020,0.01
7,96899,8783,1.0,10258,1872,95027,0.01
7,96906,8784,1.0,10259,1873,95033,0.01
7,96913,8785,1.0,10260,1873,95040,0.01
7,96920,8786,1.0,10261,1873,95047,0.01
7,96927,8787,1.0,10262,1873,95054,0.01
7,96934,8788,1.0,10263,1873,95061,0.01
7,96941,8789,1.0,10264,1873,95068,0.01
7,96948,8790,1.0,10265,1873,95075,0.01
7,96955,8791,1.0,10266,1873,95082,0.01
7,96962,8792,1.0,10267,1873,95089,0.01
7,96969,8793,1.0,10268,1873,95096,0.01
7,96976,8794,1.0,10269,1873,95103,0.01
7,96983,8795,1.0,10270,1873,95110,0.01
7,96990,8796,1.0,10271,1873,95117,0.01
7,96997,8797,1.0,10272,1873,95124,0.01
7,97004,8798,1.0,10273,1873,95131,0.01
7,97011,8799,1.0,10274,1873,95138,0.01
7,97018,8800,1.0,10275,1873,95145,0.01
7,97025,8801,1.0,10276,1873,95152,0.01
7,97032,8802,1.0,10277,1873,95159,0.01
7,97039,8803,1.0,10278,1873,95166,0.01
7,97046,8804,1.0,10279,1873,95173,0.01
7,97053,8805,1.0,10280,1873,95180,0.01
7,97060,8806,1.0,10281,1873,95187,0.01
7,97067,8807,1.0,10282,1873,95194,0.01
7,97074,8808,1.0,10283,1873,95201,0.01
7,97081,8809,1.0,10284,1874,95207,0.01
7,97088,8810,1.0,10285,1874,95214,0.01
7,97095,8811,1.0,10286,1874,95221,0.01
7,97102,8812,1.0,10287,1874,95228,0.01
7,97109,8813,1.0,10288,1874,95235,0.01
7,97116,8814,1.0,10289,1874,95242,0.01
7,97123,8814,0.0,10290,1876,95247,0.01
7,97130,8815,1.0,10291,1876,95254,0.01
7,97137,8816,1.0,10292,1876,95261,0.01
7,97144,8817,1.0,10293,1876,95268,0.01
6,97150,8817,0.0,10294,1877,95273,0.01
7,97157,8818,1.0,10295,1877,95280,0.01
7,97164,8819,1.0,10296,1877,95287,0.01
7,97171,8820,1.0,10297,1877,95294,0.01
7,97178,8821,1.0,10298,1877,95301,0.01
7,97185,8822,1.0,10299,1877,95308,0.01
24,97209,8823,1.0,10300,1878,95331,0.01
7,97216,8824,1.0,10301,1878,95338,0.01
7,97223,8825,1.0,10302,1878,95345,0.01
7,97230,8826,1.0,10303,1878,95352,0.01
7,97237,8827,1.0,10304,1878,95359,0.01
7,97244,8828,1.0,10305,1878,95366,0.01
7,97251,8829,1.0,10306,1878,95373,0.01
7,97258,8830,1.0,10307,1878,95380,0.01
7,97265,8831,1.0,10308,1878,95387,0.01
7,97272,8832,1.0,10309,1878,95394,0.01
7,97279,8833,1.0,10310,1878,95401,0.01
7,97286,8834,1.0,10311,1878,95408,0.01
7,97293,8835,1.0,10312,1878,95415,0.01
7,97300,8836,1.0,10313,1878,95422,0.01
7,97307,8837,1.0,10314,1878,95429,0.01
7,97314,8838,1.0,10315,1878,95436,0.01
7,97321,8839,1.0,10316,1878,95443,0.01
7,97328,8840,1.0,10317,1878,95450,0.01
7,97335,8841,1.0,10318,1878,95457,0.01
7,97342,8842,1.0,10319,1878,95464,0.01
7,97349,8843,1.0,10320,1878,95471,0.01
7,97356,8844,1.0,10321,1878,95478,0.01
7,97363,8845,1.0,10322,1878,95485,0.01
7,97370,8846,1.0,10323,1878,95492,0.01
7,97377,8847,1.0,10324,1878,95499,0.01
7,97384,8848,1.0,10325,1878,95506,0.01
7,97391,8849,1.0,10326,1878,95513,0.01
7,97398,8850,1.0,10327,1878,95520,0.01
7,97405,8851,1.0,10328,1878,95527,0.01
7,97412,8852,1.0,10329,1878,95534,0.01
7,97419,8853,1.0,10330,1878,95541,0.01
7,97426,8854,1.0,10331,1878,95548,0.01
7,97433,8855,1.0,10332,1878,95555,0.01
7,97440,8856,1.0,10333,1878,95562,0.01
7,97447,8857,1.0,10334,1878,95569,0.01
7,97454,8858,1.0,10335,1878,95576,0.01
7,97461,8859,1.0,10336,1878,95583,0.01
7,97468,8860,1.0,10337,1878,95590,0.01
7,97475,8861,1.0,10338,1878,95597,0.01
4,97479,8861,0.0,10339,1879,95600,0.01
7,97486,8862,1.0,10340,1879,95607,0.01
7,97493,8863,1.0,10341,1879,95614,0.01
7,97500,8864,1.0,10342,1879,95621,0.01
7,97507,8865,1.0,10343,1879,95628,0.01
7,97514,8866,1.0,10344,1879,95635,0.01
7,97521,8867,1.0,10345,1879,95642,0.01
7,97528,8868,1.0,10346,1879,95649,0.01
7,97535,8869,1.0,10347,1879,95656,0.01
7,97542,8870,1.0,10348,1879,95663,0.01
7,97549,8871,1.0,10349,1879,95670,0.01
7,97556,8872,1.0,10350,1879,95677,0.01
7,97563,8873,1.0,10351,1879,95684,0.01
7,97570,8874,1.0,10352,1879,95691,0.01
7,97577,8875,1.0,10353,1879,95698,0.01
9,97586,8875,0.0,10354,1880,95706,0.01
7,97593,8876,1.0,10355,1880,95713,0.01
7,97600,8877,1.0,10356,1880,95720,0.01
7,97607,8878,1.0,10357,1880,95727,0.01
7,97614,8879,1.0,10358,1880,95734,0.01
7,97621,8880,1.0,10359,1880,95741,0.01
7,97628,8881,1.0,10360,1880,95748,0.01
7,97635,8882,1.0,10361,1880,95755,0.01
7,97642,8883,1.0,10362,1880,95762,0.01
7,97649,8884,1.0,10363,1880,95769,0.01
7,97656,8885,1.0,10364,1880,95776,0.01
7,97663,8886,1.0,10365,1880,95783,0.01
7,97670,8887,1.0,10366,1880,95790,0.01
7,97677,8888,1.0,10367,1880,95797,0.01
7,97684,8889,1.0,10368,1880,95804,0.01
7,97691,8890,1.0,10369,1880,95811,0.01
7,97698,8891,1.0,10370,1880,95818,0.01
7,97705,8892,1.0,10371,1880,95825,0.01
7,97712,8893,1.0,10372,1880,95832,0.01
7,97719,8894,1.0,10373,1880,95839,0.01
7,97726,8895,1.0,10374,1881,95845,0.01
7,97733,8896,1.0,10375,1881,95852,0.01
7,97740,8897,1.0,10376,1881,95859,0.01
7,97747,8898,1.0,10377,1881,95866,0.01
7,97754,8899,1.0,10378,1881,95873,0.01
7,97761,8900,1.0,10379,1881,95880,0.01
7,97768,8901,1.0,10380,1881,95887,0.01
7,97775,8902,1.0,10381,1881,95894,0.01
7,97782,8903,1.0,10382,1881,95901,0.01
7,97789,8904,1.0,10383,1881,95908,0.01
7,97796,8905,1.0,10384,1881,95915,0.01
7,97803,8906,1.0,10385,1881,95922,0.01
7,97810,8907,1.0,10386,1881,95929,0.01
7,97817,8908,1.0,10387,1881,95936,0.01
7,97824,8909,1.0,10388,1881,95943,0.01
7,97831,8910,1.0,10389,1881,95950,0.01
7,97838,8911,1.0,10390,1881,95957,0.01
7,97845,8912,1.0,10391,1881,95964,0.01
7,97852,8913,1.0,10392,1881,95971,0.01
7,97859,8914,1.0,10393,1881,95978,0.01
7,97866,8915,1.0,10394,1881,95985,0.01
7,97873,8916,1.0,10395,1881,95992,0.01
9,97882,8916,0.0,10396,1882,96000,0.01
7,97889,8917,1.0,10397,1882,96007,0.01
7,97896,8918,1.0,10398,1882,96014,0.01
7,97903,8919,1.0,10399,1882,96021,0.01
7,97910,8920,1.0,10400,1882,96028,0.01
7,97917,8921,1.0,10401,1882,96035,0.01
7,97924,8922,1.0,10402,1882,96042,0.01
7,97931,8923,1.0,10403,1882,96049,0.01
7,97938,8924,1.0,10404,1882,96056,0.01
7,97945,8925,1.0,10405,1882,96063,0.01
7,97952,8926,1.0,10406,1882,96070,0.01
7,97959,8927,1.0,10407,1882,96077,0.01
7,97966,8928,1.0,10408,1882,96084,0.01
7,97973,8929,1.0,10409,1882,96091,0.01
7,97980,8930,1.0,10410,1882,96098,0.01
7,97987,8931,1.0,10411,1882,96105,0.01
7,97994,8932,1.0,10412,1882,96112,0.01
7,98001,8933,1.0,10413,1882,96119,0.01
7,98008,8934,1.0,10414,1882,96126,0.01
7,98015,8935,1.0,10415,1882,96133,0.01
7,98022,8936,1.0,10416,1882,96140,0.01
7,98029,8937,1.0,10417,1882,96147,0.01
7,98036,8938,1.0,10418,1883,96153,0.01
7,98043,8939,1.0,10419,1883,96160,0.01
9,98052,8939,0.0,10420,1884,96168,0.01
10,98062,8940,1.0,10421,1884,96178,0.01
9,98071,8941,1.0,10422,1884,96187,0.01
9,98080,8941,0.0,10423,1884,96196,0.01
9,98089,8942,1.0,10424,1884,96205,0.01
9,98098,8943,1.0,10425,1884,96214,0.01
9,98107,8944,1.0,10426,1884,96223,0.01
9,98116,8945,1.0,10427,1885,96231,0.01
9,98125,8946,1.0,10428,1885,96240,0.01
9,98134,8947,1.0,10429,1885,96249,0.01
9,98143,8948,1.0,10430,1885,96258,0.01
9,98152,8949,1.0,10431,1885,96267,0.01
9,98161,8950,1.0,10432,1885,96276,0.01
9,98170,8951,1.0,10433,1885,96285,0.01
9,98179,8952,1.0,10434,1885,96294,0.01
9,98188,8953,1.0,10435,1885,96303,0.01
9,98197,8954,1.0,10436,1885,96312,0.01
9,98206,8955,1.0,10437,1885,96321,0.01
9,98215,8956,1.0,10438,1886,96329,0.01
9,98224,8957,1.0,10439,1886,96338,0.01
9,98233,8957,0.0,10440,1887,96346,0.01
9,98242,8957,0.0,10441,1887,96355,0.01
9,98251,8958,1.0,10442,1887,96364,0.01
9,98260,8959,1.0,10443,1887,96373,0.01
9,98269,8960,1.0,10444,1887,96382,0.01
9,98278,8961,1.0,10445,1887,96391,0.01
9,98287,8961,0.0,10446,1888,96399,0.01
9,98296,8962,1.0,10447,1888,96408,0.01
9,98305,8962,0.0,10448,1888,96417,0.01
9,98314,8963,1.0,10449,1888,96426,0.01
9,98323,8964,1.0,10450,1888,96435,0.01
9,98332,8965,1.0,10451,1888,96444,0.01
9,98341,8966,1.0,10452,1888,96453,0.01
9,98350,8967,1.0,10453,1888,96462,0.01
9,98359,8968,1.0,10454,1888,96471,0.01
9,98368,8969,1.0,10455,1888,96480,0.01
9,98377,8970,1.0,10456,1888,96489,0.01
9,98386,8971,1.0,10457,1888,96498,0.01
9,98395,8972,1.0,10458,1888,96507,0.01
9,98404,8973,1.0,10459,1888,96516,0.01
9,98413,8974,1.0,10460,1888,96525,0.01
9,98422,8975,1.0,10461,1888,96534,0.01
9,98431,8976,1.0,10462,1888,96543,0.01
9,98440,8977,1.0,10463,1888,96552,0.01
9,98449,8978,1.0,10464,1888,96561,0.01
9,98458,8979,1.0,10465,1888,96570,0.01
9,98467,8980,1.0,10466,1888,96579,0.01
9,98476,8981,1.0,10467,1888,96588,0.01
9,98485,8982,1.0,10468,1888,96597,0.01
9,98494,8983,1.0,10469,1888,96606,0.01
9,98503,8984,1.0,10470,1888,96615,0.01
9,98512,8985,1.0,10471,1888,96624,0.01
9,98521,8986,1.0,10472,1888,96633,0.01
9,98530,8987,1.0,10473,1888,96642,0.01
9,98539,8988,1.0,10474,1888,96651,0.01
9,98548,8989,1.0,10475,1888,96660,0.01
9,98557,8990,1.0,10476,1888,96669,0.01
9,98566,8991,1.0,10477,1888,96678,0.01
9,98575,8991,0.0,10478,1889,96686,0.01
9,98584,8992,1.0,10479,1889,96695,0.01
9,98593,8993,1.0,10480,1889,96704,0.01
9,98602,8994,1.0,10481,1889,96713,0.01
9,98611,8995,1.0,10482,1889,96722,0.01
9,98620,8996,1.0,10483,1889,96731,0.01
9,98629,8997,1.0,10484,1889,96740,0.01
9,98638,8998,1.0,10485,1889,96749,0.01
20,98658,8998,0.0,10486,1890,96768,0.01
10,98668,8999,1.0,10487,1890,96778,0.01
9,98677,9000,1.0,10488,1890,96787,0.01
9,98686,9001,1.0,10489,1890,96796,0.01
9,98695,9002,1.0,10490,1890,96805,0.01
9,98704,9003,1.0,10491,1890,96814,0.01
9,98713,9004,1.0,10492,1890,96823,0.01
9,98722,9005,1.0,10493,1890,96832,0.01
9,98731,9006,1.0,10494,1890,96841,0.01
9,98740,9007,1.0,10495,1890,96850,0.01
9,98749,9008,1.0,10496,1890,96859,0.01
9,98758,9009,1.0,10497,1890,96868,0.01
9,98767,9010,1.0,10498,1890,96877,0.01
9,98776,9011,1.0,10499,1890,96886,0.01
9,98785,9011,0.0,10500,1891,96894,0.01
9,98794,9012,1.0,10501,1891,96903,0.01
9,98803,9013,1.0,10502,1891,96912,0.01
9,98812,9014,1.0,10503,1891,96921,0.01
9,98821,9015,1.0,10504,1891,96930,0.01
9,98830,9016,1.0,10505,1891,96939,0.01
9,98839,9017,1.0,10506,1891,96948,0.01
9,98848,9018,1.0,10507,1891,96957,0.01
9,98857,9019,1.0,10508,1891,96966,0.01
9,98866,9020,1.0,10509,1891,96975,0.01
9,98875,9021,1.0,10510,1891,96984,0.01
9,98884,9022,1.0,10511,1891,96993,0.01
9,98893,9023,1.0,10512,1891,97002,0.01
9,98902,9024,1.0,10513,1891,97011,0.01
9,98911,9025,1.0,10514,1891,97020,0.01
9,98920,9026,1.0,10515,1891,97029,0.01
28,98948,9027,1.0,10516,1892,97056,0.01
30,98978,9027,0.0,10517,1892,97086,0.01
9,98987,9027,0.0,10518,1892,97095,0.01
12,98999,9028,1.0,10519,1892,97107,0.01
8,99007,9029,1.0,10520,1892,97115,0.01
9,99016,9029,0.0,10521,1892,97124,0.01
16,99032,9030,1.0,10522,1893,97139,0.01
34,99066,9031,1.0,10523,1893,97173,0.01
16,99082,9032,1.0,10524,1893,97189,0.01
30,99112,9032,0.0,10525,1893,97219,0.01
9,99121,9032,0.0,10526,1893,97228,0.01
29,99150,9033,1.0,10527,1894,97256,0.01
16,99166,9034,1.0,10528,1894,97272,0.01
16,99182,9035,1.0,10529,1894,97288,0.01
16,99198,9036,1.0,10530,1894,97304,0.01
16,99214,9037,1.0,10531,1894,97320,0.01
16,99230,9038,1.0,10532,1896,97334,0.01
16,99246,9039,1.0,10533,1896,97350,0.01
16,99262,9040,1.0,10534,1896,97366,0.01
16,99278,9041,1.0,10535,1896,97382,0.01
16,99294,9042,1.0,10536,1896,97398,0.01
16,99310,9043,1.0,10537,1896,97414,0.01
16,99326,9044,1.0,10538,1896,97430,0.01
16,99342,9045,1.0,10539,1897,97445,0.01
16,99358,9046,1.0,10540,1897,97461,0.01
16,99374,9047,1.0,10541,1897,97477,0.01
16,99390,9048,1.0,10542,1897,97493,0.01
16,99406,9049,1.0,10543,1897,97509,0.01
9,99415,9049,0.0,10544,1898,97517,0.01
16,99431,9050,1.0,10545,1898,97533,0.01
16,99447,9051,1.0,10546,1898,97549,0.01
16,99463,9052,1.0,10547,1898,97565,0.01
16,99479,9053,1.0,10548,1898,97581,0.01
12,99491,9053,0.0,10549,1899,97592,0.01
16,99507,9054,1.0,10550,1899,97608,0.01
16,99523,9055,1.0,10551,1899,97624,0.01
16,99539,9056,1.0,10552,1899,97640,0.01
16,99555,9057,1.0,10553,1899,97656,0.01
16,99571,9058,1.0,10554,1899,97672,0.01
16,99587,9059,1.0,10555,1899,97688,0.01
16,99603,9060,1.0,10556,1899,97704,0.01
30,99633,9060,0.0,10557,1901,97732,0.01
10,99643,9060,0.0,10558,1901,97742,0.01
7,99650,9061,1.0,10559,1901,97749,0.01
7,99657,9062,1.0,10560,1901,97756,0.01
7,99664,9063,1.0,10561,1901,97763,0.01
7,99671,9064,1.0,10562,1901,97770,0.01
7,99678,9065,1.0,10563,1901,97777,0.01
7,99685,9066,1.0,10564,1901,97784,0.01
7,99692,9067,1.0,10565,1901,97791,0.01
7,99699,9068,1.0,10566,1901,97798,0.01
7,99706,9069,1.0,10567,1901,97805,0.01
7,99713,9070,1.0,10568,1901,97812,0.01
7,99720,9071,1.0,10569,1901,97819,0.01
7,99727,9072,1.0,10570,1901,97826,0.01
7,99734,9073,1.0,10571,1901,97833,0.01
7,99741,9074,1.0,10572,1901,97840,0.01
7,99748,9075,1.0,10573,1901,97847,0.01
7,99755,9076,1.0,10574,1901,97854,0.01
7,99762,9077,1.0,10575,1901,97861,0.01
7,99769,9078,1.0,10576,1901,97868,0.01
7,99776,9079,1.0,10577,1901,97875,0.01
7,99783,9080,1.0,10578,1901,97882,0.01
7,99790,9081,1.0,10579,1901,97889,0.01
7,99797,9082,1.0,10580,1901,97896,0.01
25,99822,9083,1.0,10581,1902,97920,0.01
7,99829,9084,1.0,10582,1902,97927,0.01
7,99836,9085,1.0,10583,1902,97934,0.01
7,99843,9086,1.0,10584,1902,97941,0.01
7,99850,9087,1.0,10585,1902,97948,0.01
7,99857,9088,1.0,10586,1902,97955,0.01
7,99864,9089,1.0,10587,1902,97962,0.01
7,99871,9090,1.0,10588,1902,97969,0.01
7,99878,9091,1.0,10589,1902,97976,0.01
23,99901,9092,1.0,10590,1903,97998,0.01
7,99908,9093,1.0,10591,1903,98005,0.01
7,99915,9094,1.0,10592,1903,98012,0.01
7,99922,9095,1.0,10593,1903,98019,0.01
7,99929,9096,1.0,10594,1903,98026,0.01
7,99936,9097,1.0,10595,1903,98033,0.01
7,99943,9098,1.0,10596,1903,98040,0.01
7,99950,9099,1.0,10597,1903,98047,0.01
7,99957,9100,1.0,10598,1903,98054,0.01
7,99964,9101,1.0,10599,1903,98061,0.01
7,99971,9102,1.0,10600,1903,98068,0.01
7,99978,9103,1.0,10601,1903,98075,0.01
7,99985,9104,1.0,10602,1903,98082,0.01
7,99992,9105,1.0,10603,1903,98089,0.01
7,99999,9106,1.0,10604,1903,98096,0.01
