iteration,successes,successes_episode,reward_episode,episode_count,random_act,timestep
7,7,0,0.0,1,5,2
21,28,0,0.0,2,18,10
5,33,0,0.0,3,21,12
5,38,0,0.0,4,26,12
20,58,0,0.0,5,38,20
2,60,0,0.0,6,38,22
2,62,0,0.0,7,40,22
3,65,0,0.0,8,42,23
5,70,0,0.0,9,46,24
7,77,0,0.0,10,51,26
8,85,0,0.0,11,55,30
11,96,0,0.0,12,66,30
24,120,0,0.0,13,85,35
7,127,0,0.0,14,90,37
14,141,0,0.0,15,101,40
2,143,0,0.0,16,103,40
10,153,0,0.0,17,113,40
7,160,0,0.0,18,119,41
18,178,0,0.0,19,133,45
15,193,0,0.0,20,146,47
3,196,0,0.0,21,149,47
10,206,0,0.0,22,155,51
17,223,0,0.0,23,168,55
9,232,0,0.0,24,177,55
3,235,0,0.0,25,179,56
9,244,0,0.0,26,187,57
7,251,0,0.0,27,190,61
5,256,0,0.0,28,194,62
2,258,0,0.0,29,196,62
13,271,0,0.0,30,205,66
13,284,0,0.0,31,215,69
17,301,0,0.0,32,227,74
2,303,0,0.0,33,228,75
12,315,0,0.0,34,238,77
11,326,0,0.0,35,246,80
5,331,0,0.0,36,251,80
4,335,0,0.0,37,253,82
7,342,0,0.0,38,259,83
3,345,0,0.0,39,261,84
9,354,0,0.0,40,269,85
3,357,0,0.0,41,272,85
3,360,0,0.0,42,275,85
5,365,0,0.0,43,280,85
9,374,0,0.0,44,288,86
3,377,0,0.0,45,291,86
10,387,0,0.0,46,300,87
16,403,0,0.0,47,315,88
6,409,0,0.0,48,321,88
4,413,0,0.0,49,324,89
6,419,0,0.0,50,330,89
3,422,0,0.0,51,332,90
6,428,0,0.0,52,338,90
3,431,0,0.0,53,340,91
6,437,0,0.0,54,345,92
6,443,0,0.0,55,351,92
11,454,0,0.0,56,359,95
8,462,0,0.0,57,365,97
8,470,0,0.0,58,371,99
5,475,0,0.0,59,375,100
18,493,0,0.0,60,387,106
2,495,0,0.0,61,389,106
7,502,0,0.0,62,394,108
3,505,0,0.0,63,397,108
5,510,0,0.0,64,401,109
6,516,0,0.0,65,406,110
8,524,0,0.0,66,412,112
9,533,0,0.0,67,419,114
11,544,0,0.0,68,427,117
10,554,0,0.0,69,436,118
6,560,0,0.0,70,442,118
25,585,0,0.0,71,460,125
24,609,0,0.0,72,481,128
4,613,0,0.0,73,485,128
6,619,0,0.0,74,489,130
7,626,0,0.0,75,496,130
2,628,0,0.0,76,497,131
6,634,0,0.0,77,502,132
2,636,0,0.0,78,504,132
9,645,0,0.0,79,512,133
2,647,0,0.0,80,514,133
5,652,0,0.0,81,518,134
2,654,0,0.0,82,519,135
4,658,0,0.0,83,521,137
5,663,0,0.0,84,524,139
4,667,0,0.0,85,527,140
13,680,0,0.0,86,539,141
4,684,0,0.0,87,542,142
5,689,0,0.0,88,547,142
20,709,0,0.0,89,562,147
8,717,0,0.0,90,568,149
15,732,0,0.0,91,579,153
2,734,0,0.0,92,580,154
4,738,0,0.0,93,584,154
2,740,0,0.0,94,586,154
3,743,0,0.0,95,589,154
15,758,0,0.0,96,599,159
4,762,0,0.0,97,603,159
2,764,0,0.0,98,605,159
4,768,0,0.0,99,609,159
4,772,0,0.0,100,612,160
6,778,0,0.0,101,617,161
4,782,0,0.0,102,620,162
2,784,0,0.0,103,621,163
5,789,0,0.0,104,625,164
2,791,0,0.0,105,626,165
14,805,0,0.0,106,639,166
2,807,0,0.0,107,641,166
14,821,0,0.0,108,653,168
2,823,0,0.0,109,655,168
3,826,0,0.0,110,658,168
4,830,0,0.0,111,662,168
5,835,0,0.0,112,665,170
4,839,0,0.0,113,669,170
12,851,0,0.0,114,680,171
9,860,0,0.0,115,687,173
8,868,1,1.0,116,694,174
5,873,1,0.0,117,695,178
3,876,1,0.0,118,696,180
17,893,1,0.0,119,697,196
9,902,1,0.0,120,698,204
3,905,1,0.0,121,698,207
8,913,1,0.0,122,701,212
2,915,1,0.0,123,702,213
2,917,1,0.0,124,702,215
6,923,1,0.0,125,705,218
2,925,1,0.0,126,705,220
4,929,1,0.0,127,705,224
17,946,1,0.0,128,708,238
3,949,1,0.0,129,708,241
7,956,1,0.0,130,710,246
2,958,1,0.0,131,711,247
11,969,1,0.0,132,714,255
8,977,1,0.0,133,716,261
5,982,1,0.0,134,718,264
7,989,1,0.0,135,719,270
8,997,1,0.0,136,721,276
13,1010,1,0.0,137,723,287
13,1023,1,0.0,138,724,299
5,1028,1,0.0,139,724,304
4,1032,1,0.0,140,726,306
2,1034,1,0.0,141,727,307
11,1045,1,0.0,142,728,317
6,1051,1,0.0,143,730,321
2,1053,1,0.0,144,730,323
16,1069,1,0.0,145,734,335
3,1072,1,0.0,146,734,338
8,1080,1,0.0,147,735,345
7,1087,1,0.0,148,736,351
9,1096,1,0.0,149,737,359
15,1111,1,0.0,150,738,373
5,1116,1,0.0,151,738,378
7,1123,1,0.0,152,739,384
11,1134,1,0.0,153,742,392
18,1152,1,0.0,154,743,409
8,1160,1,0.0,155,743,417
3,1163,1,0.0,156,744,419
10,1173,1,0.0,157,745,428
8,1181,1,0.0,158,746,435
7,1188,1,0.0,159,747,441
5,1193,1,0.0,160,747,446
2,1195,1,0.0,161,747,448
8,1203,1,0.0,162,747,456
5,1208,1,0.0,163,747,461
3,1211,1,0.0,164,747,464
2,1213,1,0.0,165,747,466
12,1225,1,0.0,166,747,478
6,1231,1,0.0,167,748,483
7,1238,1,0.0,168,748,490
2,1240,1,0.0,169,748,492
10,1250,1,0.0,170,748,502
11,1261,1,0.0,171,748,513
2,1263,1,0.0,172,748,515
11,1274,1,0.0,173,748,526
18,1292,1,0.0,174,750,542
5,1297,1,0.0,175,752,545
2,1299,1,0.0,176,752,547
9,1308,1,0.0,177,753,555
2,1310,1,0.0,178,753,557
2,1312,1,0.0,179,754,558
6,1318,1,0.0,180,754,564
13,1331,1,0.0,181,755,576
9,1340,1,0.0,182,755,585
12,1352,1,0.0,183,755,597
5,1357,1,0.0,184,755,602
11,1368,1,0.0,185,756,612
13,1381,1,0.0,186,756,625
6,1387,1,0.0,187,756,631
9,1396,1,0.0,188,757,639
15,1411,1,0.0,189,757,654
3,1414,1,0.0,190,757,657
13,1427,1,0.0,191,757,670
4,1431,1,0.0,192,757,674
7,1438,1,0.0,193,757,681
6,1444,1,0.0,194,758,686
4,1448,1,0.0,195,758,690
8,1456,1,0.0,196,758,698
7,1463,1,0.0,197,758,705
7,1470,1,0.0,198,758,712
3,1473,1,0.0,199,758,715
18,1491,1,0.0,200,758,733
3,1494,1,0.0,201,758,736
6,1500,1,0.0,202,758,742
2,1502,1,0.0,203,758,744
6,1508,1,0.0,204,758,750
8,1516,1,0.0,205,758,758
7,1523,1,0.0,206,760,763
9,1532,1,0.0,207,760,772
6,1538,1,0.0,208,760,778
8,1546,1,0.0,209,760,786
7,1553,1,0.0,210,760,793
5,1558,1,0.0,211,760,798
7,1565,1,0.0,212,761,804
10,1575,1,0.0,213,762,813
14,1589,1,0.0,214,763,826
6,1595,1,0.0,215,763,832
6,1601,1,0.0,216,764,837
13,1614,1,0.0,217,764,850
18,1632,1,0.0,218,764,868
7,1639,1,0.0,219,764,875
8,1647,1,0.0,220,764,883
2,1649,1,0.0,221,764,885
4,1653,1,0.0,222,764,889
7,1660,1,0.0,223,766,894
14,1674,1,0.0,224,766,908
6,1680,1,0.0,225,766,914
6,1686,1,0.0,226,766,920
4,1690,1,0.0,227,768,922
4,1694,1,0.0,228,768,926
5,1699,1,0.0,229,768,931
5,1704,1,0.0,230,768,936
5,1709,1,0.0,231,768,941
2,1711,1,0.0,232,768,943
11,1722,1,0.0,233,768,954
9,1731,1,0.0,234,769,962
2,1733,1,0.0,235,769,964
2,1735,1,0.0,236,769,966
10,1745,1,0.0,237,769,976
4,1749,1,0.0,238,770,979
3,1752,1,0.0,239,770,982
3,1755,1,0.0,240,771,984
6,1761,1,0.0,241,771,990
5,1766,1,0.0,242,771,995
8,1774,1,0.0,243,771,1003
5,1779,1,0.0,244,771,1008
3,1782,1,0.0,245,771,1011
3,1785,1,0.0,246,771,1014
16,1801,1,0.0,247,772,1029
5,1806,1,0.0,248,772,1034
3,1809,1,0.0,249,772,1037
2,1811,1,0.0,250,773,1038
25,1836,1,0.0,251,777,1059
5,1841,1,0.0,252,777,1064
6,1847,1,0.0,253,777,1070
8,1855,1,0.0,254,777,1078
5,1860,1,0.0,255,777,1083
2,1862,1,0.0,256,777,1085
4,1866,1,0.0,257,778,1088
7,1873,1,0.0,258,779,1094
20,1893,1,0.0,259,781,1112
6,1899,1,0.0,260,781,1118
5,1904,1,0.0,261,781,1123
5,1909,1,0.0,262,783,1126
7,1916,1,0.0,263,784,1132
10,1926,1,0.0,264,785,1141
8,1934,1,0.0,265,785,1149
6,1940,1,0.0,266,786,1154
4,1944,1,0.0,267,786,1158
11,1955,1,0.0,268,787,1168
3,1958,1,0.0,269,787,1171
6,1964,1,0.0,270,787,1177
4,1968,1,0.0,271,788,1180
11,1979,1,0.0,272,788,1191
7,1986,1,0.0,273,788,1198
4,1990,1,0.0,274,788,1202
9,1999,1,0.0,275,791,1208
5,2004,1,0.0,276,791,1213
4,2008,1,0.0,277,792,1216
11,2019,1,0.0,278,792,1227
7,2026,1,0.0,279,793,1233
2,2028,1,0.0,280,794,1234
3,2031,1,0.0,281,794,1237
2,2033,1,0.0,282,795,1238
17,2050,1,0.0,283,797,1253
18,2068,1,0.0,284,800,1268
6,2074,1,0.0,285,800,1274
11,2085,1,0.0,286,801,1284
3,2088,1,0.0,287,801,1287
3,2091,1,0.0,288,801,1290
6,2097,1,0.0,289,801,1296
3,2100,1,0.0,290,801,1299
2,2102,1,0.0,291,801,1301
2,2104,1,0.0,292,801,1303
2,2106,1,0.0,293,801,1305
2,2108,1,0.0,294,801,1307
6,2114,1,0.0,295,801,1313
6,2120,1,0.0,296,801,1319
11,2131,1,0.0,297,802,1329
12,2143,1,0.0,298,802,1341
9,2152,1,0.0,299,802,1350
11,2163,1,0.0,300,803,1360
7,2170,1,0.0,301,803,1367
4,2174,1,0.0,302,803,1371
16,2190,1,0.0,303,804,1386
12,2202,1,0.0,304,805,1397
15,2217,1,0.0,305,806,1411
4,2221,1,0.0,306,806,1415
14,2235,1,0.0,307,806,1429
16,2251,2,1.0,308,808,1443
5,2256,2,0.0,309,808,1448
19,2275,2,0.0,310,808,1467
14,2289,3,1.0,311,808,1481
16,2305,3,0.0,312,808,1497
5,2310,3,0.0,313,808,1502
8,2318,3,0.0,314,808,1510
17,2335,3,0.0,315,808,1527
10,2345,3,0.0,316,808,1537
2,2347,3,0.0,317,808,1539
4,2351,3,0.0,318,808,1543
16,2367,3,0.0,319,808,1559
9,2376,3,0.0,320,808,1568
9,2385,3,0.0,321,808,1577
3,2388,3,0.0,322,808,1580
8,2396,3,0.0,323,808,1588
5,2401,3,0.0,324,808,1593
2,2403,3,0.0,325,808,1595
4,2407,3,0.0,326,808,1599
10,2417,3,0.0,327,808,1609
3,2420,3,0.0,328,808,1612
4,2424,3,0.0,329,808,1616
5,2429,3,0.0,330,808,1621
5,2434,3,0.0,331,808,1626
12,2446,3,0.0,332,808,1638
4,2450,3,0.0,333,808,1642
8,2458,3,0.0,334,808,1650
18,2476,3,0.0,335,808,1668
12,2488,3,0.0,336,808,1680
4,2492,3,0.0,337,808,1684
12,2504,3,0.0,338,808,1696
5,2509,3,0.0,339,808,1701
4,2513,3,0.0,340,808,1705
5,2518,3,0.0,341,808,1710
2,2520,3,0.0,342,808,1712
8,2528,3,0.0,343,808,1720
14,2542,3,0.0,344,808,1734
10,2552,3,0.0,345,808,1744
2,2554,3,0.0,346,808,1746
5,2559,3,0.0,347,808,1751
4,2563,3,0.0,348,808,1755
12,2575,3,0.0,349,808,1767
4,2579,3,0.0,350,808,1771
2,2581,3,0.0,351,808,1773
2,2583,3,0.0,352,808,1775
10,2593,3,0.0,353,808,1785
4,2597,3,0.0,354,808,1789
11,2608,3,0.0,355,808,1800
10,2618,3,0.0,356,808,1810
3,2621,3,0.0,357,808,1813
7,2628,3,0.0,358,808,1820
4,2632,3,0.0,359,808,1824
3,2635,3,0.0,360,808,1827
8,2643,3,0.0,361,808,1835
8,2651,3,0.0,362,808,1843
3,2654,3,0.0,363,808,1846
5,2659,3,0.0,364,808,1851
3,2662,3,0.0,365,808,1854
5,2667,3,0.0,366,808,1859
10,2677,3,0.0,367,808,1869
7,2684,3,0.0,368,808,1876
5,2689,3,0.0,369,808,1881
4,2693,3,0.0,370,808,1885
9,2702,3,0.0,371,808,1894
11,2713,3,0.0,372,808,1905
5,2718,3,0.0,373,808,1910
3,2721,3,0.0,374,808,1913
5,2726,3,0.0,375,808,1918
10,2736,3,0.0,376,808,1928
8,2744,3,0.0,377,808,1936
15,2759,3,0.0,378,808,1951
5,2764,3,0.0,379,808,1956
3,2767,3,0.0,380,808,1959
8,2775,3,0.0,381,808,1967
4,2779,3,0.0,382,808,1971
7,2786,3,0.0,383,808,1978
2,2788,3,0.0,384,808,1980
19,2807,3,0.0,385,808,1999
5,2812,3,0.0,386,808,2004
3,2815,3,0.0,387,808,2007
18,2833,3,0.0,388,808,2025
5,2838,3,0.0,389,808,2030
10,2848,3,0.0,390,809,2039
6,2854,3,0.0,391,809,2045
2,2856,3,0.0,392,809,2047
6,2862,3,0.0,393,809,2053
31,2893,3,0.0,394,809,2084
5,2898,3,0.0,395,809,2089
4,2902,3,0.0,396,809,2093
2,2904,3,0.0,397,809,2095
6,2910,3,0.0,398,809,2101
4,2914,3,0.0,399,809,2105
16,2930,3,0.0,400,809,2121
2,2932,3,0.0,401,809,2123
4,2936,3,0.0,402,809,2127
12,2948,4,1.0,403,809,2139
4,2952,4,0.0,404,809,2143
32,2984,4,0.0,405,809,2175
9,2993,4,0.0,406,809,2184
11,3004,4,0.0,407,809,2195
7,3011,4,0.0,408,809,2202
6,3017,4,0.0,409,809,2208
5,3022,4,0.0,410,809,2213
4,3026,4,0.0,411,809,2217
2,3028,4,0.0,412,809,2219
14,3042,4,0.0,413,809,2233
6,3048,4,0.0,414,809,2239
6,3054,4,0.0,415,809,2245
3,3057,4,0.0,416,809,2248
7,3064,4,0.0,417,809,2255
28,3092,4,0.0,418,809,2283
12,3104,4,0.0,419,809,2295
13,3117,4,0.0,420,809,2308
17,3134,4,0.0,421,809,2325
28,3162,4,0.0,422,809,2353
14,3176,5,1.0,423,809,2367
5,3181,5,0.0,424,809,2372
8,3189,5,0.0,425,809,2380
20,3209,5,0.0,426,809,2400
6,3215,5,0.0,427,809,2406
5,3220,5,0.0,428,809,2411
4,3224,5,0.0,429,809,2415
2,3226,5,0.0,430,809,2417
9,3235,5,0.0,431,809,2426
3,3238,5,0.0,432,809,2429
5,3243,5,0.0,433,809,2434
3,3246,5,0.0,434,809,2437
10,3256,5,0.0,435,809,2447
4,3260,5,0.0,436,809,2451
18,3278,6,1.0,437,809,2469
8,3286,6,0.0,438,809,2477
2,3288,6,0.0,439,809,2479
15,3303,6,0.0,440,809,2494
11,3314,6,0.0,441,809,2505
8,3322,6,0.0,442,809,2513
4,3326,6,0.0,443,809,2517
4,3330,6,0.0,444,809,2521
16,3346,6,0.0,445,809,2537
5,3351,6,0.0,446,809,2542
9,3360,6,0.0,447,809,2551
8,3368,6,0.0,448,809,2559
8,3376,6,0.0,449,809,2567
7,3383,6,0.0,450,809,2574
5,3388,6,0.0,451,809,2579
5,3393,6,0.0,452,809,2584
10,3403,6,0.0,453,809,2594
4,3407,6,0.0,454,809,2598
4,3411,6,0.0,455,809,2602
4,3415,6,0.0,456,809,2606
2,3417,6,0.0,457,809,2608
7,3424,6,0.0,458,809,2615
15,3439,6,0.0,459,809,2630
2,3441,6,0.0,460,809,2632
3,3444,6,0.0,461,809,2635
5,3449,6,0.0,462,809,2640
8,3457,6,0.0,463,809,2648
6,3463,6,0.0,464,809,2654
16,3479,6,0.0,465,809,2670
2,3481,6,0.0,466,809,2672
9,3490,6,0.0,467,809,2681
15,3505,6,0.0,468,809,2696
5,3510,6,0.0,469,809,2701
14,3524,6,0.0,470,809,2715
15,3539,6,0.0,471,809,2730
18,3557,6,0.0,472,809,2748
4,3561,6,0.0,473,809,2752
7,3568,6,0.0,474,809,2759
9,3577,6,0.0,475,809,2768
6,3583,6,0.0,476,809,2774
2,3585,6,0.0,477,809,2776
7,3592,6,0.0,478,809,2783
7,3599,6,0.0,479,809,2790
4,3603,6,0.0,480,809,2794
2,3605,6,0.0,481,809,2796
3,3608,6,0.0,482,809,2799
6,3614,6,0.0,483,809,2805
14,3628,6,0.0,484,809,2819
3,3631,6,0.0,485,809,2822
4,3635,6,0.0,486,809,2826
5,3640,6,0.0,487,809,2831
6,3646,6,0.0,488,809,2837
2,3648,6,0.0,489,809,2839
9,3657,6,0.0,490,809,2848
6,3663,6,0.0,491,809,2854
9,3672,6,0.0,492,809,2863
3,3675,6,0.0,493,809,2866
9,3684,6,0.0,494,809,2875
17,3701,6,0.0,495,809,2892
5,3706,6,0.0,496,809,2897
12,3718,7,1.0,497,809,2909
10,3728,7,0.0,498,809,2919
7,3735,7,0.0,499,809,2926
2,3737,7,0.0,500,809,2928
15,3752,7,0.0,501,809,2943
7,3759,7,0.0,502,809,2950
9,3768,7,0.0,503,809,2959
12,3780,7,0.0,504,809,2971
6,3786,7,0.0,505,809,2977
12,3798,7,0.0,506,809,2989
22,3820,7,0.0,507,809,3011
3,3823,7,0.0,508,809,3014
11,3834,7,0.0,509,809,3025
2,3836,7,0.0,510,809,3027
3,3839,7,0.0,511,809,3030
6,3845,7,0.0,512,809,3036
14,3859,7,0.0,513,809,3050
3,3862,7,0.0,514,809,3053
6,3868,7,0.0,515,809,3059
6,3874,7,0.0,516,809,3065
9,3883,7,0.0,517,809,3074
12,3895,7,0.0,518,809,3086
4,3899,7,0.0,519,809,3090
23,3922,7,0.0,520,809,3113
3,3925,7,0.0,521,809,3116
2,3927,7,0.0,522,809,3118
5,3932,7,0.0,523,809,3123
23,3955,7,0.0,524,809,3146
3,3958,7,0.0,525,809,3149
13,3971,7,0.0,526,809,3162
6,3977,7,0.0,527,809,3168
9,3986,7,0.0,528,809,3177
7,3993,7,0.0,529,809,3184
7,4000,7,0.0,530,809,3191
9,4009,7,0.0,531,809,3200
24,4033,7,0.0,532,809,3224
4,4037,7,0.0,533,809,3228
3,4040,7,0.0,534,809,3231
10,4050,7,0.0,535,809,3241
9,4059,7,0.0,536,809,3250
4,4063,7,0.0,537,809,3254
4,4067,7,0.0,538,809,3258
3,4070,7,0.0,539,809,3261
22,4092,7,0.0,540,809,3283
4,4096,7,0.0,541,809,3287
12,4108,7,0.0,542,809,3299
16,4124,7,0.0,543,809,3315
4,4128,7,0.0,544,809,3319
10,4138,7,0.0,545,809,3329
10,4148,7,0.0,546,809,3339
10,4158,7,0.0,547,809,3349
13,4171,7,0.0,548,809,3362
17,4188,7,0.0,549,809,3379
9,4197,8,1.0,550,809,3388
5,4202,8,0.0,551,809,3393
5,4207,8,0.0,552,809,3398
2,4209,8,0.0,553,809,3400
5,4214,8,0.0,554,809,3405
3,4217,8,0.0,555,809,3408
13,4230,8,0.0,556,809,3421
8,4238,8,0.0,557,809,3429
4,4242,8,0.0,558,809,3433
21,4263,8,0.0,559,809,3454
8,4271,8,0.0,560,809,3462
17,4288,8,0.0,561,809,3479
7,4295,8,0.0,562,809,3486
4,4299,8,0.0,563,809,3490
9,4308,8,0.0,564,809,3499
18,4326,8,0.0,565,809,3517
6,4332,8,0.0,566,809,3523
3,4335,8,0.0,567,809,3526
18,4353,8,0.0,568,809,3544
4,4357,8,0.0,569,809,3548
7,4364,8,0.0,570,809,3555
5,4369,8,0.0,571,809,3560
5,4374,8,0.0,572,809,3565
2,4376,8,0.0,573,809,3567
8,4384,8,0.0,574,809,3575
4,4388,8,0.0,575,809,3579
11,4399,8,0.0,576,809,3590
7,4406,8,0.0,577,809,3597
4,4410,8,0.0,578,809,3601
8,4418,8,0.0,579,809,3609
5,4423,8,0.0,580,809,3614
6,4429,8,0.0,581,809,3620
2,4431,8,0.0,582,809,3622
2,4433,8,0.0,583,809,3624
16,4449,9,1.0,584,809,3640
7,4456,9,0.0,585,809,3647
4,4460,9,0.0,586,809,3651
8,4468,9,0.0,587,809,3659
6,4474,9,0.0,588,809,3665
3,4477,9,0.0,589,809,3668
7,4484,9,0.0,590,809,3675
22,4506,9,0.0,591,809,3697
2,4508,9,0.0,592,809,3699
7,4515,9,0.0,593,809,3706
7,4522,9,0.0,594,809,3713
8,4530,9,0.0,595,809,3721
11,4541,9,0.0,596,809,3732
3,4544,9,0.0,597,809,3735
8,4552,9,0.0,598,809,3743
8,4560,9,0.0,599,809,3751
8,4568,9,0.0,600,809,3759
2,4570,9,0.0,601,809,3761
10,4580,9,0.0,602,809,3771
18,4598,10,1.0,603,809,3789
5,4603,10,0.0,604,809,3794
18,4621,11,1.0,605,809,3812
5,4626,11,0.0,606,809,3817
18,4644,11,0.0,607,809,3835
3,4647,11,0.0,608,809,3838
8,4655,11,0.0,609,809,3846
6,4661,11,0.0,610,809,3852
9,4670,11,0.0,611,809,3861
2,4672,11,0.0,612,809,3863
3,4675,11,0.0,613,809,3866
5,4680,11,0.0,614,809,3871
9,4689,11,0.0,615,809,3880
8,4697,11,0.0,616,809,3888
16,4713,11,0.0,617,809,3904
8,4721,11,0.0,618,809,3912
17,4738,11,0.0,619,809,3929
7,4745,11,0.0,620,809,3936
5,4750,11,0.0,621,809,3941
16,4766,11,0.0,622,809,3957
14,4780,11,0.0,623,809,3971
3,4783,11,0.0,624,809,3974
11,4794,11,0.0,625,809,3985
16,4810,12,1.0,626,809,4001
11,4821,12,0.0,627,809,4012
5,4826,12,0.0,628,809,4017
3,4829,12,0.0,629,809,4020
6,4835,12,0.0,630,809,4026
7,4842,12,0.0,631,809,4033
8,4850,12,0.0,632,809,4041
6,4856,12,0.0,633,809,4047
3,4859,12,0.0,634,809,4050
9,4868,12,0.0,635,809,4059
2,4870,12,0.0,636,809,4061
23,4893,12,0.0,637,809,4084
12,4905,12,0.0,638,809,4096
5,4910,12,0.0,639,809,4101
6,4916,12,0.0,640,809,4107
4,4920,12,0.0,641,809,4111
13,4933,12,0.0,642,809,4124
27,4960,13,1.0,643,809,4151
2,4962,13,0.0,644,809,4153
2,4964,13,0.0,645,809,4155
2,4966,13,0.0,646,809,4157
3,4969,13,0.0,647,809,4160
4,4973,13,0.0,648,809,4164
6,4979,13,0.0,649,809,4170
3,4982,13,0.0,650,809,4173
10,4992,13,0.0,651,809,4183
4,4996,13,0.0,652,809,4187
5,5001,13,0.0,653,809,4192
4,5005,13,0.0,654,809,4196
13,5018,13,0.0,655,809,4209
3,5021,13,0.0,656,809,4212
2,5023,13,0.0,657,809,4214
4,5027,13,0.0,658,809,4218
4,5031,13,0.0,659,809,4222
4,5035,13,0.0,660,809,4226
6,5041,13,0.0,661,809,4232
11,5052,13,0.0,662,809,4243
2,5054,13,0.0,663,809,4245
4,5058,13,0.0,664,809,4249
6,5064,13,0.0,665,809,4255
7,5071,13,0.0,666,809,4262
25,5096,13,0.0,667,809,4287
10,5106,13,0.0,668,809,4297
13,5119,13,0.0,669,809,4310
2,5121,13,0.0,670,809,4312
4,5125,13,0.0,671,809,4316
11,5136,13,0.0,672,809,4327
22,5158,13,0.0,673,809,4349
2,5160,13,0.0,674,809,4351
18,5178,13,0.0,675,809,4369
20,5198,13,0.0,676,809,4389
5,5203,13,0.0,677,809,4394
9,5212,13,0.0,678,809,4403
4,5216,13,0.0,679,809,4407
7,5223,13,0.0,680,809,4414
17,5240,13,0.0,681,809,4431
8,5248,13,0.0,682,809,4439
9,5257,13,0.0,683,809,4448
2,5259,13,0.0,684,809,4450
7,5266,13,0.0,685,809,4457
9,5275,13,0.0,686,809,4466
9,5284,14,1.0,687,809,4475
22,5306,14,0.0,688,809,4497
5,5311,14,0.0,689,809,4502
4,5315,14,0.0,690,809,4506
6,5321,14,0.0,691,809,4512
6,5327,14,0.0,692,809,4518
6,5333,14,0.0,693,809,4524
4,5337,14,0.0,694,809,4528
15,5352,14,0.0,695,809,4543
7,5359,14,0.0,696,809,4550
11,5370,14,0.0,697,809,4561
4,5374,14,0.0,698,809,4565
9,5383,14,0.0,699,809,4574
5,5388,14,0.0,700,809,4579
3,5391,14,0.0,701,809,4582
5,5396,14,0.0,702,809,4587
4,5400,14,0.0,703,809,4591
4,5404,14,0.0,704,809,4595
2,5406,14,0.0,705,809,4597
7,5413,14,0.0,706,809,4604
4,5417,14,0.0,707,809,4608
8,5425,14,0.0,708,809,4616
5,5430,14,0.0,709,809,4621
11,5441,14,0.0,710,809,4632
3,5444,14,0.0,711,809,4635
24,5468,14,0.0,712,809,4659
4,5472,14,0.0,713,809,4663
18,5490,14,0.0,714,809,4681
12,5502,14,0.0,715,809,4693
8,5510,14,0.0,716,809,4701
6,5516,14,0.0,717,809,4707
6,5522,14,0.0,718,809,4713
2,5524,14,0.0,719,809,4715
6,5530,14,0.0,720,809,4721
9,5539,14,0.0,721,809,4730
2,5541,14,0.0,722,809,4732
19,5560,14,0.0,723,809,4751
8,5568,14,0.0,724,809,4759
25,5593,14,0.0,725,809,4784
14,5607,14,0.0,726,809,4798
26,5633,14,0.0,727,809,4824
7,5640,14,0.0,728,809,4831
19,5659,14,0.0,729,809,4850
5,5664,14,0.0,730,809,4855
5,5669,14,0.0,731,809,4860
2,5671,14,0.0,732,809,4862
5,5676,14,0.0,733,809,4867
2,5678,14,0.0,734,809,4869
7,5685,14,0.0,735,809,4876
2,5687,14,0.0,736,809,4878
11,5698,14,0.0,737,809,4889
6,5704,14,0.0,738,809,4895
2,5706,14,0.0,739,809,4897
6,5712,14,0.0,740,809,4903
16,5728,15,1.0,741,809,4919
16,5744,15,0.0,742,809,4935
3,5747,15,0.0,743,809,4938
8,5755,15,0.0,744,809,4946
11,5766,15,0.0,745,809,4957
12,5778,15,0.0,746,809,4969
6,5784,15,0.0,747,809,4975
10,5794,15,0.0,748,809,4985
8,5802,15,0.0,749,809,4993
12,5814,15,0.0,750,809,5005
9,5823,16,1.0,751,809,5014
8,5831,16,0.0,752,809,5022
17,5848,16,0.0,753,809,5039
8,5856,16,0.0,754,809,5047
12,5868,17,1.0,755,809,5059
2,5870,17,0.0,756,809,5061
7,5877,17,0.0,757,809,5068
7,5884,17,0.0,758,809,5075
21,5905,17,0.0,759,809,5096
3,5908,17,0.0,760,809,5099
5,5913,17,0.0,761,809,5104
6,5919,17,0.0,762,809,5110
31,5950,18,1.0,763,809,5141
5,5955,18,0.0,764,809,5146
3,5958,18,0.0,765,809,5149
7,5965,18,0.0,766,809,5156
20,5985,18,0.0,767,809,5176
7,5992,18,0.0,768,809,5183
14,6006,18,0.0,769,809,5197
2,6008,18,0.0,770,809,5199
8,6016,18,0.0,771,809,5207
4,6020,18,0.0,772,809,5211
5,6025,18,0.0,773,809,5216
4,6029,18,0.0,774,809,5220
2,6031,18,0.0,775,809,5222
8,6039,18,0.0,776,809,5230
6,6045,18,0.0,777,809,5236
7,6052,18,0.0,778,809,5243
8,6060,18,0.0,779,809,5251
8,6068,18,0.0,780,809,5259
20,6088,18,0.0,781,809,5279
15,6103,18,0.0,782,809,5294
14,6117,18,0.0,783,809,5308
2,6119,18,0.0,784,809,5310
9,6128,18,0.0,785,809,5319
7,6135,18,0.0,786,809,5326
2,6137,18,0.0,787,809,5328
6,6143,18,0.0,788,809,5334
23,6166,18,0.0,789,809,5357
11,6177,18,0.0,790,809,5368
2,6179,18,0.0,791,809,5370
11,6190,18,0.0,792,809,5381
2,6192,18,0.0,793,809,5383
13,6205,18,0.0,794,809,5396
16,6221,19,1.0,795,809,5412
2,6223,19,0.0,796,809,5414
6,6229,19,0.0,797,809,5420
8,6237,19,0.0,798,809,5428
8,6245,19,0.0,799,809,5436
11,6256,19,0.0,800,809,5447
2,6258,19,0.0,801,809,5449
11,6269,19,0.0,802,809,5460
7,6276,19,0.0,803,809,5467
2,6278,19,0.0,804,809,5469
9,6287,19,0.0,805,809,5478
6,6293,19,0.0,806,809,5484
5,6298,19,0.0,807,809,5489
8,6306,19,0.0,808,809,5497
8,6314,19,0.0,809,809,5505
2,6316,19,0.0,810,809,5507
8,6324,19,0.0,811,809,5515
21,6345,19,0.0,812,809,5536
11,6356,19,0.0,813,809,5547
6,6362,19,0.0,814,809,5553
8,6370,19,0.0,815,809,5561
14,6384,19,0.0,816,809,5575
2,6386,19,0.0,817,809,5577
2,6388,19,0.0,818,809,5579
11,6399,19,0.0,819,809,5590
9,6408,20,1.0,820,809,5599
2,6410,20,0.0,821,809,5601
4,6414,20,0.0,822,809,5605
2,6416,20,0.0,823,809,5607
6,6422,20,0.0,824,809,5613
6,6428,20,0.0,825,809,5619
16,6444,20,0.0,826,809,5635
4,6448,20,0.0,827,809,5639
10,6458,20,0.0,828,809,5649
23,6481,20,0.0,829,809,5672
15,6496,20,0.0,830,809,5687
7,6503,20,0.0,831,809,5694
5,6508,20,0.0,832,809,5699
4,6512,20,0.0,833,809,5703
9,6521,21,1.0,834,809,5712
9,6530,21,0.0,835,809,5721
18,6548,21,0.0,836,809,5739
2,6550,21,0.0,837,809,5741
2,6552,21,0.0,838,809,5743
9,6561,21,0.0,839,809,5752
6,6567,21,0.0,840,809,5758
6,6573,21,0.0,841,809,5764
12,6585,21,0.0,842,809,5776
9,6594,21,0.0,843,809,5785
6,6600,21,0.0,844,809,5791
9,6609,21,0.0,845,809,5800
6,6615,21,0.0,846,809,5806
12,6627,21,0.0,847,809,5818
4,6631,21,0.0,848,809,5822
24,6655,21,0.0,849,809,5846
12,6667,22,1.0,850,809,5858
8,6675,22,0.0,851,809,5866
2,6677,22,0.0,852,809,5868
8,6685,22,0.0,853,809,5876
4,6689,22,0.0,854,809,5880
7,6696,22,0.0,855,809,5887
23,6719,22,0.0,856,809,5910
9,6728,22,0.0,857,809,5919
13,6741,22,0.0,858,809,5932
13,6754,22,0.0,859,809,5945
12,6766,22,0.0,860,809,5957
5,6771,22,0.0,861,809,5962
11,6782,22,0.0,862,809,5973
31,6813,22,0.0,863,809,6004
18,6831,22,0.0,864,809,6022
9,6840,22,0.0,865,809,6031
4,6844,22,0.0,866,809,6035
2,6846,22,0.0,867,809,6037
20,6866,22,0.0,868,809,6057
11,6877,22,0.0,869,809,6068
5,6882,22,0.0,870,809,6073
6,6888,22,0.0,871,809,6079
6,6894,22,0.0,872,809,6085
14,6908,22,0.0,873,809,6099
2,6910,22,0.0,874,809,6101
6,6916,22,0.0,875,809,6107
4,6920,22,0.0,876,809,6111
19,6939,22,0.0,877,809,6130
7,6946,22,0.0,878,809,6137
9,6955,22,0.0,879,809,6146
2,6957,22,0.0,880,809,6148
9,6966,23,1.0,881,809,6157
4,6970,23,0.0,882,809,6161
8,6978,23,0.0,883,809,6169
12,6990,23,0.0,884,809,6181
4,6994,23,0.0,885,809,6185
12,7006,23,0.0,886,809,6197
6,7012,23,0.0,887,809,6203
4,7016,23,0.0,888,809,6207
3,7019,23,0.0,889,809,6210
5,7024,23,0.0,890,809,6215
18,7042,23,0.0,891,809,6233
20,7062,23,0.0,892,809,6253
6,7068,23,0.0,893,809,6259
3,7071,23,0.0,894,809,6262
6,7077,23,0.0,895,809,6268
4,7081,23,0.0,896,809,6272
16,7097,23,0.0,897,809,6288
7,7104,23,0.0,898,809,6295
6,7110,23,0.0,899,809,6301
12,7122,24,1.0,900,809,6313
6,7128,24,0.0,901,809,6319
17,7145,24,0.0,902,809,6336
5,7150,24,0.0,903,809,6341
18,7168,24,0.0,904,809,6359
14,7182,24,0.0,905,809,6373
10,7192,24,0.0,906,809,6383
16,7208,24,0.0,907,809,6399
9,7217,24,0.0,908,809,6408
2,7219,24,0.0,909,809,6410
12,7231,24,0.0,910,809,6422
4,7235,24,0.0,911,809,6426
3,7238,24,0.0,912,809,6429
11,7249,24,0.0,913,809,6440
10,7259,24,0.0,914,809,6450
12,7271,24,0.0,915,809,6462
3,7274,24,0.0,916,809,6465
9,7283,24,0.0,917,809,6474
2,7285,24,0.0,918,809,6476
6,7291,24,0.0,919,809,6482
5,7296,24,0.0,920,809,6487
4,7300,24,0.0,921,809,6491
7,7307,24,0.0,922,809,6498
8,7315,24,0.0,923,809,6506
2,7317,24,0.0,924,809,6508
9,7326,24,0.0,925,809,6517
8,7334,24,0.0,926,809,6525
4,7338,24,0.0,927,809,6529
4,7342,24,0.0,928,809,6533
2,7344,24,0.0,929,809,6535
18,7362,24,0.0,930,809,6553
2,7364,24,0.0,931,809,6555
2,7366,24,0.0,932,809,6557
6,7372,24,0.0,933,809,6563
8,7380,24,0.0,934,809,6571
5,7385,24,0.0,935,809,6576
10,7395,24,0.0,936,809,6586
5,7400,24,0.0,937,809,6591
8,7408,24,0.0,938,809,6599
4,7412,24,0.0,939,809,6603
4,7416,24,0.0,940,809,6607
15,7431,24,0.0,941,809,6622
8,7439,24,0.0,942,809,6630
8,7447,24,0.0,943,809,6638
2,7449,24,0.0,944,809,6640
9,7458,24,0.0,945,809,6649
10,7468,24,0.0,946,809,6659
5,7473,24,0.0,947,809,6664
5,7478,24,0.0,948,809,6669
17,7495,24,0.0,949,809,6686
31,7526,24,0.0,950,809,6717
4,7530,24,0.0,951,809,6721
6,7536,24,0.0,952,809,6727
9,7545,24,0.0,953,809,6736
8,7553,24,0.0,954,809,6744
4,7557,24,0.0,955,809,6748
9,7566,24,0.0,956,809,6757
6,7572,24,0.0,957,809,6763
5,7577,24,0.0,958,809,6768
21,7598,24,0.0,959,809,6789
5,7603,24,0.0,960,809,6794
8,7611,24,0.0,961,809,6802
10,7621,24,0.0,962,809,6812
13,7634,24,0.0,963,809,6825
17,7651,24,0.0,964,809,6842
9,7660,24,0.0,965,809,6851
9,7669,24,0.0,966,809,6860
13,7682,24,0.0,967,809,6873
5,7687,24,0.0,968,809,6878
12,7699,25,1.0,969,809,6890
4,7703,25,0.0,970,809,6894
13,7716,25,0.0,971,809,6907
6,7722,25,0.0,972,809,6913
5,7727,25,0.0,973,809,6918
8,7735,25,0.0,974,809,6926
3,7738,25,0.0,975,809,6929
2,7740,25,0.0,976,809,6931
9,7749,26,1.0,977,809,6940
12,7761,26,0.0,978,809,6952
5,7766,26,0.0,979,809,6957
16,7782,26,0.0,980,809,6973
9,7791,26,0.0,981,809,6982
6,7797,26,0.0,982,809,6988
11,7808,26,0.0,983,809,6999
8,7816,26,0.0,984,809,7007
8,7824,26,0.0,985,809,7015
8,7832,26,0.0,986,809,7023
8,7840,26,0.0,987,809,7031
14,7854,26,0.0,988,809,7045
6,7860,26,0.0,989,809,7051
7,7867,26,0.0,990,809,7058
6,7873,26,0.0,991,809,7064
2,7875,26,0.0,992,809,7066
9,7884,27,1.0,993,809,7075
14,7898,27,0.0,994,809,7089
8,7906,27,0.0,995,809,7097
8,7914,27,0.0,996,809,7105
8,7922,27,0.0,997,809,7113
28,7950,27,0.0,998,809,7141
3,7953,27,0.0,999,809,7144
8,7961,27,0.0,1000,809,7152
13,7974,27,0.0,1001,809,7165
12,7986,27,0.0,1002,809,7177
6,7992,27,0.0,1003,809,7183
6,7998,27,0.0,1004,809,7189
10,8008,27,0.0,1005,809,7199
14,8022,27,0.0,1006,809,7213
2,8024,27,0.0,1007,809,7215
4,8028,27,0.0,1008,809,7219
6,8034,27,0.0,1009,809,7225
23,8057,27,0.0,1010,809,7248
5,8062,27,0.0,1011,809,7253
12,8074,28,1.0,1012,809,7265
17,8091,28,0.0,1013,809,7282
3,8094,28,0.0,1014,809,7285
18,8112,29,1.0,1015,809,7303
22,8134,29,0.0,1016,809,7325
11,8145,29,0.0,1017,809,7336
8,8153,29,0.0,1018,809,7344
9,8162,29,0.0,1019,809,7353
12,8174,29,0.0,1020,809,7365
2,8176,29,0.0,1021,809,7367
23,8199,29,0.0,1022,809,7390
2,8201,29,0.0,1023,809,7392
4,8205,29,0.0,1024,809,7396
6,8211,29,0.0,1025,809,7402
11,8222,29,0.0,1026,809,7413
4,8226,29,0.0,1027,809,7417
9,8235,29,0.0,1028,809,7426
9,8244,29,0.0,1029,809,7435
3,8247,29,0.0,1030,809,7438
8,8255,29,0.0,1031,809,7446
7,8262,29,0.0,1032,809,7453
6,8268,29,0.0,1033,809,7459
8,8276,29,0.0,1034,809,7467
21,8297,29,0.0,1035,809,7488
4,8301,29,0.0,1036,809,7492
2,8303,29,0.0,1037,809,7494
9,8312,29,0.0,1038,809,7503
4,8316,29,0.0,1039,809,7507
2,8318,29,0.0,1040,809,7509
7,8325,29,0.0,1041,809,7516
6,8331,29,0.0,1042,809,7522
9,8340,29,0.0,1043,809,7531
6,8346,29,0.0,1044,809,7537
6,8352,29,0.0,1045,809,7543
4,8356,29,0.0,1046,809,7547
4,8360,29,0.0,1047,809,7551
7,8367,29,0.0,1048,809,7558
4,8371,29,0.0,1049,809,7562
3,8374,29,0.0,1050,809,7565
10,8384,29,0.0,1051,809,7575
14,8398,29,0.0,1052,809,7589
6,8404,29,0.0,1053,809,7595
6,8410,29,0.0,1054,809,7601
6,8416,29,0.0,1055,809,7607
5,8421,29,0.0,1056,809,7612
4,8425,29,0.0,1057,809,7616
16,8441,29,0.0,1058,809,7632
6,8447,29,0.0,1059,809,7638
4,8451,29,0.0,1060,809,7642
20,8471,29,0.0,1061,809,7662
8,8479,29,0.0,1062,809,7670
5,8484,29,0.0,1063,809,7675
16,8500,29,0.0,1064,809,7691
4,8504,29,0.0,1065,809,7695
5,8509,29,0.0,1066,809,7700
6,8515,29,0.0,1067,809,7706
4,8519,29,0.0,1068,809,7710
14,8533,29,0.0,1069,809,7724
19,8552,29,0.0,1070,809,7743
2,8554,29,0.0,1071,809,7745
3,8557,29,0.0,1072,809,7748
2,8559,29,0.0,1073,809,7750
7,8566,29,0.0,1074,809,7757
9,8575,29,0.0,1075,809,7766
6,8581,29,0.0,1076,809,7772
10,8591,29,0.0,1077,809,7782
5,8596,29,0.0,1078,809,7787
8,8604,29,0.0,1079,809,7795
9,8613,29,0.0,1080,809,7804
8,8621,29,0.0,1081,809,7812
6,8627,29,0.0,1082,809,7818
10,8637,29,0.0,1083,809,7828
5,8642,29,0.0,1084,809,7833
3,8645,29,0.0,1085,809,7836
8,8653,29,0.0,1086,809,7844
4,8657,29,0.0,1087,809,7848
2,8659,29,0.0,1088,809,7850
10,8669,29,0.0,1089,809,7860
10,8679,29,0.0,1090,809,7870
17,8696,29,0.0,1091,809,7887
10,8706,29,0.0,1092,809,7897
8,8714,29,0.0,1093,809,7905
2,8716,29,0.0,1094,809,7907
6,8722,29,0.0,1095,809,7913
8,8730,29,0.0,1096,809,7921
11,8741,29,0.0,1097,809,7932
10,8751,29,0.0,1098,809,7942
13,8764,29,0.0,1099,809,7955
2,8766,29,0.0,1100,809,7957
2,8768,29,0.0,1101,809,7959
4,8772,29,0.0,1102,809,7963
2,8774,29,0.0,1103,809,7965
6,8780,29,0.0,1104,809,7971
3,8783,29,0.0,1105,809,7974
7,8790,29,0.0,1106,809,7981
5,8795,29,0.0,1107,809,7986
18,8813,29,0.0,1108,809,8004
4,8817,29,0.0,1109,809,8008
7,8824,29,0.0,1110,809,8015
2,8826,29,0.0,1111,809,8017
7,8833,29,0.0,1112,809,8024
8,8841,29,0.0,1113,809,8032
6,8847,29,0.0,1114,809,8038
10,8857,29,0.0,1115,809,8048
6,8863,29,0.0,1116,809,8054
11,8874,29,0.0,1117,809,8065
11,8885,29,0.0,1118,809,8076
5,8890,29,0.0,1119,809,8081
2,8892,29,0.0,1120,809,8083
10,8902,29,0.0,1121,809,8093
3,8905,29,0.0,1122,809,8096
3,8908,29,0.0,1123,809,8099
3,8911,29,0.0,1124,809,8102
10,8921,29,0.0,1125,809,8112
6,8927,29,0.0,1126,809,8118
4,8931,29,0.0,1127,809,8122
24,8955,29,0.0,1128,809,8146
8,8963,29,0.0,1129,809,8154
2,8965,29,0.0,1130,809,8156
2,8967,29,0.0,1131,809,8158
9,8976,29,0.0,1132,809,8167
4,8980,29,0.0,1133,809,8171
15,8995,29,0.0,1134,809,8186
3,8998,29,0.0,1135,809,8189
2,9000,29,0.0,1136,809,8191
7,9007,29,0.0,1137,809,8198
6,9013,29,0.0,1138,809,8204
8,9021,29,0.0,1139,809,8212
2,9023,29,0.0,1140,809,8214
2,9025,29,0.0,1141,809,8216
9,9034,29,0.0,1142,809,8225
6,9040,29,0.0,1143,809,8231
12,9052,29,0.0,1144,809,8243
6,9058,29,0.0,1145,809,8249
2,9060,29,0.0,1146,809,8251
7,9067,29,0.0,1147,809,8258
7,9074,29,0.0,1148,809,8265
6,9080,29,0.0,1149,809,8271
11,9091,29,0.0,1150,809,8282
16,9107,29,0.0,1151,809,8298
10,9117,29,0.0,1152,809,8308
7,9124,29,0.0,1153,809,8315
4,9128,29,0.0,1154,809,8319
2,9130,29,0.0,1155,809,8321
4,9134,29,0.0,1156,809,8325
10,9144,29,0.0,1157,809,8335
5,9149,29,0.0,1158,809,8340
4,9153,29,0.0,1159,809,8344
11,9164,29,0.0,1160,809,8355
4,9168,29,0.0,1161,809,8359
11,9179,29,0.0,1162,809,8370
25,9204,29,0.0,1163,809,8395
3,9207,29,0.0,1164,809,8398
16,9223,29,0.0,1165,809,8414
6,9229,29,0.0,1166,809,8420
2,9231,29,0.0,1167,809,8422
4,9235,29,0.0,1168,809,8426
2,9237,29,0.0,1169,809,8428
2,9239,29,0.0,1170,809,8430
2,9241,29,0.0,1171,809,8432
10,9251,29,0.0,1172,809,8442
11,9262,29,0.0,1173,809,8453
6,9268,29,0.0,1174,809,8459
7,9275,29,0.0,1175,809,8466
3,9278,29,0.0,1176,809,8469
6,9284,29,0.0,1177,809,8475
2,9286,29,0.0,1178,809,8477
6,9292,29,0.0,1179,809,8483
9,9301,30,1.0,1180,809,8492
11,9312,30,0.0,1181,809,8503
6,9318,30,0.0,1182,809,8509
2,9320,30,0.0,1183,809,8511
3,9323,30,0.0,1184,809,8514
3,9326,30,0.0,1185,809,8517
12,9338,31,1.0,1186,809,8529
17,9355,31,0.0,1187,809,8546
2,9357,31,0.0,1188,809,8548
8,9365,31,0.0,1189,809,8556
8,9373,31,0.0,1190,809,8564
11,9384,31,0.0,1191,809,8575
2,9386,31,0.0,1192,809,8577
12,9398,31,0.0,1193,809,8589
12,9410,31,0.0,1194,809,8601
9,9419,31,0.0,1195,809,8610
6,9425,31,0.0,1196,809,8616
21,9446,31,0.0,1197,809,8637
14,9460,31,0.0,1198,809,8651
16,9476,32,1.0,1199,809,8667
16,9492,33,1.0,1200,809,8683
10,9502,33,0.0,1201,809,8693
8,9510,33,0.0,1202,809,8701
2,9512,33,0.0,1203,809,8703
18,9530,33,0.0,1204,809,8721
14,9544,33,0.0,1205,809,8735
12,9556,34,1.0,1206,809,8747
5,9561,34,0.0,1207,809,8752
4,9565,34,0.0,1208,809,8756
5,9570,34,0.0,1209,809,8761
2,9572,34,0.0,1210,809,8763
6,9578,34,0.0,1211,809,8769
8,9586,34,0.0,1212,809,8777
8,9594,34,0.0,1213,809,8785
6,9600,34,0.0,1214,809,8791
5,9605,34,0.0,1215,809,8796
3,9608,34,0.0,1216,809,8799
5,9613,34,0.0,1217,809,8804
4,9617,34,0.0,1218,809,8808
10,9627,34,0.0,1219,809,8818
8,9635,34,0.0,1220,809,8826
2,9637,34,0.0,1221,809,8828
4,9641,34,0.0,1222,809,8832
8,9649,34,0.0,1223,809,8840
20,9669,34,0.0,1224,809,8860
7,9676,34,0.0,1225,809,8867
23,9699,34,0.0,1226,809,8890
12,9711,34,0.0,1227,809,8902
9,9720,35,1.0,1228,809,8911
2,9722,35,0.0,1229,809,8913
16,9738,35,0.0,1230,809,8929
22,9760,35,0.0,1231,809,8951
8,9768,35,0.0,1232,809,8959
24,9792,35,0.0,1233,809,8983
3,9795,35,0.0,1234,809,8986
2,9797,35,0.0,1235,809,8988
3,9800,35,0.0,1236,809,8991
5,9805,35,0.0,1237,809,8996
17,9822,35,0.0,1238,809,9013
8,9830,35,0.0,1239,809,9021
2,9832,35,0.0,1240,809,9023
2,9834,35,0.0,1241,809,9025
4,9838,35,0.0,1242,809,9029
3,9841,35,0.0,1243,809,9032
11,9852,35,0.0,1244,809,9043
5,9857,35,0.0,1245,809,9048
2,9859,35,0.0,1246,809,9050
4,9863,35,0.0,1247,809,9054
14,9877,35,0.0,1248,809,9068
14,9891,35,0.0,1249,809,9082
2,9893,35,0.0,1250,809,9084
7,9900,35,0.0,1251,809,9091
4,9904,35,0.0,1252,809,9095
6,9910,35,0.0,1253,809,9101
7,9917,35,0.0,1254,809,9108
2,9919,35,0.0,1255,809,9110
6,9925,35,0.0,1256,809,9116
11,9936,35,0.0,1257,809,9127
4,9940,35,0.0,1258,809,9131
4,9944,35,0.0,1259,809,9135
16,9960,35,0.0,1260,809,9151
6,9966,35,0.0,1261,809,9157
11,9977,35,0.0,1262,809,9168
8,9985,35,0.0,1263,809,9176
7,9992,35,0.0,1264,809,9183
2,9994,35,0.0,1265,809,9185
2,9996,35,0.0,1266,809,9187
2,9998,35,0.0,1267,809,9189
3,10001,35,0.0,1268,809,9192
13,10014,35,0.0,1269,809,9205
6,10020,35,0.0,1270,809,9211
2,10022,35,0.0,1271,809,9213
12,10034,35,0.0,1272,809,9225
3,10037,35,0.0,1273,809,9228
10,10047,35,0.0,1274,809,9238
12,10059,36,1.0,1275,809,9250
8,10067,36,0.0,1276,809,9258
6,10073,36,0.0,1277,809,9264
2,10075,36,0.0,1278,809,9266
10,10085,36,0.0,1279,809,9276
7,10092,36,0.0,1280,809,9283
7,10099,36,0.0,1281,809,9290
2,10101,36,0.0,1282,809,9292
8,10109,36,0.0,1283,809,9300
11,10120,36,0.0,1284,809,9311
11,10131,36,0.0,1285,809,9322
11,10142,36,0.0,1286,809,9333
18,10160,36,0.0,1287,809,9351
2,10162,36,0.0,1288,809,9353
2,10164,36,0.0,1289,809,9355
2,10166,36,0.0,1290,809,9357
2,10168,36,0.0,1291,809,9359
17,10185,36,0.0,1292,809,9376
6,10191,36,0.0,1293,809,9382
11,10202,36,0.0,1294,809,9393
2,10204,36,0.0,1295,809,9395
23,10227,36,0.0,1296,809,9418
3,10230,36,0.0,1297,809,9421
6,10236,36,0.0,1298,809,9427
19,10255,36,0.0,1299,809,9446
7,10262,36,0.0,1300,809,9453
8,10270,36,0.0,1301,809,9461
2,10272,36,0.0,1302,809,9463
8,10280,36,0.0,1303,809,9471
2,10282,36,0.0,1304,809,9473
6,10288,36,0.0,1305,809,9479
2,10290,36,0.0,1306,809,9481
14,10304,36,0.0,1307,809,9495
2,10306,36,0.0,1308,809,9497
6,10312,36,0.0,1309,809,9503
9,10321,36,0.0,1310,809,9512
16,10337,37,1.0,1311,809,9528
14,10351,37,0.0,1312,809,9542
2,10353,37,0.0,1313,809,9544
3,10356,37,0.0,1314,809,9547
6,10362,37,0.0,1315,809,9553
24,10386,37,0.0,1316,809,9577
4,10390,37,0.0,1317,809,9581
23,10413,37,0.0,1318,809,9604
11,10424,37,0.0,1319,809,9615
4,10428,37,0.0,1320,809,9619
10,10438,37,0.0,1321,809,9629
3,10441,37,0.0,1322,809,9632
2,10443,37,0.0,1323,809,9634
2,10445,37,0.0,1324,809,9636
6,10451,37,0.0,1325,809,9642
3,10454,37,0.0,1326,809,9645
6,10460,37,0.0,1327,809,9651
20,10480,37,0.0,1328,809,9671
9,10489,37,0.0,1329,809,9680
9,10498,37,0.0,1330,809,9689
4,10502,37,0.0,1331,809,9693
2,10504,37,0.0,1332,809,9695
2,10506,37,0.0,1333,809,9697
8,10514,37,0.0,1334,809,9705
2,10516,37,0.0,1335,809,9707
5,10521,37,0.0,1336,809,9712
9,10530,37,0.0,1337,809,9721
2,10532,37,0.0,1338,809,9723
2,10534,37,0.0,1339,809,9725
4,10538,37,0.0,1340,809,9729
6,10544,37,0.0,1341,809,9735
6,10550,37,0.0,1342,809,9741
2,10552,37,0.0,1343,809,9743
3,10555,37,0.0,1344,809,9746
2,10557,37,0.0,1345,809,9748
2,10559,37,0.0,1346,809,9750
6,10565,37,0.0,1347,809,9756
11,10576,37,0.0,1348,809,9767
4,10580,37,0.0,1349,809,9771
4,10584,37,0.0,1350,809,9775
6,10590,37,0.0,1351,809,9781
3,10593,37,0.0,1352,809,9784
4,10597,37,0.0,1353,809,9788
6,10603,37,0.0,1354,809,9794
8,10611,37,0.0,1355,809,9802
6,10617,37,0.0,1356,809,9808
9,10626,38,1.0,1357,809,9817
14,10640,38,0.0,1358,809,9831
4,10644,38,0.0,1359,809,9835
5,10649,38,0.0,1360,809,9840
17,10666,38,0.0,1361,809,9857
20,10686,38,0.0,1362,809,9877
3,10689,38,0.0,1363,809,9880
13,10702,38,0.0,1364,809,9893
14,10716,38,0.0,1365,809,9907
12,10728,39,1.0,1366,809,9919
17,10745,39,0.0,1367,809,9936
3,10748,39,0.0,1368,809,9939
18,10766,39,0.0,1369,809,9957
8,10774,39,0.0,1370,809,9965
6,10780,39,0.0,1371,809,9971
8,10788,39,0.0,1372,809,9979
6,10794,39,0.0,1373,809,9985
8,10802,39,0.0,1374,809,9993
7,10809,39,0.0,1375,809,10000
8,10817,39,0.0,1376,809,10008
8,10825,39,0.0,1377,809,10016
2,10827,39,0.0,1378,809,10018
8,10835,39,0.0,1379,809,10026
4,10839,39,0.0,1380,809,10030
10,10849,39,0.0,1381,809,10040
17,10866,39,0.0,1382,809,10057
11,10877,39,0.0,1383,809,10068
7,10884,39,0.0,1384,809,10075
8,10892,39,0.0,1385,809,10083
9,10901,39,0.0,1386,809,10092
7,10908,39,0.0,1387,809,10099
3,10911,39,0.0,1388,809,10102
3,10914,39,0.0,1389,809,10105
4,10918,39,0.0,1390,809,10109
16,10934,39,0.0,1391,809,10125
7,10941,39,0.0,1392,809,10132
13,10954,39,0.0,1393,809,10145
2,10956,39,0.0,1394,809,10147
2,10958,39,0.0,1395,809,10149
6,10964,39,0.0,1396,809,10155
11,10975,39,0.0,1397,809,10166
16,10991,40,1.0,1398,809,10182
7,10998,40,0.0,1399,809,10189
8,11006,40,0.0,1400,809,10197
9,11015,40,0.0,1401,809,10206
21,11036,40,0.0,1402,809,10227
3,11039,40,0.0,1403,809,10230
25,11064,40,0.0,1404,809,10255
14,11078,40,0.0,1405,809,10269
4,11082,40,0.0,1406,809,10273
6,11088,40,0.0,1407,809,10279
13,11101,40,0.0,1408,809,10292
2,11103,40,0.0,1409,809,10294
4,11107,40,0.0,1410,809,10298
13,11120,40,0.0,1411,809,10311
3,11123,40,0.0,1412,809,10314
6,11129,40,0.0,1413,809,10320
9,11138,40,0.0,1414,809,10329
2,11140,40,0.0,1415,809,10331
10,11150,40,0.0,1416,809,10341
6,11156,40,0.0,1417,809,10347
16,11172,41,1.0,1418,809,10363
21,11193,41,0.0,1419,809,10384
6,11199,41,0.0,1420,809,10390
2,11201,41,0.0,1421,809,10392
3,11204,41,0.0,1422,809,10395
6,11210,41,0.0,1423,809,10401
14,11224,41,0.0,1424,809,10415
6,11230,41,0.0,1425,809,10421
7,11237,41,0.0,1426,809,10428
23,11260,41,0.0,1427,809,10451
2,11262,41,0.0,1428,809,10453
4,11266,41,0.0,1429,809,10457
14,11280,41,0.0,1430,809,10471
9,11289,41,0.0,1431,809,10480
2,11291,41,0.0,1432,809,10482
6,11297,41,0.0,1433,809,10488
5,11302,41,0.0,1434,809,10493
6,11308,41,0.0,1435,809,10499
6,11314,41,0.0,1436,809,10505
2,11316,41,0.0,1437,809,10507
17,11333,41,0.0,1438,809,10524
5,11338,41,0.0,1439,809,10529
8,11346,41,0.0,1440,809,10537
4,11350,41,0.0,1441,809,10541
10,11360,41,0.0,1442,809,10551
8,11368,41,0.0,1443,809,10559
4,11372,41,0.0,1444,809,10563
20,11392,41,0.0,1445,809,10583
11,11403,41,0.0,1446,809,10594
27,11430,41,0.0,1447,809,10621
2,11432,41,0.0,1448,809,10623
2,11434,41,0.0,1449,809,10625
16,11450,41,0.0,1450,809,10641
6,11456,41,0.0,1451,809,10647
3,11459,41,0.0,1452,809,10650
4,11463,41,0.0,1453,809,10654
13,11476,41,0.0,1454,809,10667
13,11489,41,0.0,1455,809,10680
6,11495,41,0.0,1456,809,10686
6,11501,41,0.0,1457,809,10692
2,11503,41,0.0,1458,809,10694
33,11536,41,0.0,1459,809,10727
4,11540,41,0.0,1460,809,10731
2,11542,41,0.0,1461,809,10733
10,11552,41,0.0,1462,809,10743
9,11561,41,0.0,1463,809,10752
12,11573,41,0.0,1464,809,10764
13,11586,41,0.0,1465,809,10777
6,11592,41,0.0,1466,809,10783
8,11600,41,0.0,1467,809,10791
4,11604,41,0.0,1468,809,10795
9,11613,42,1.0,1469,809,10804
24,11637,42,0.0,1470,809,10828
5,11642,42,0.0,1471,809,10833
6,11648,42,0.0,1472,809,10839
3,11651,42,0.0,1473,809,10842
2,11653,42,0.0,1474,809,10844
4,11657,42,0.0,1475,809,10848
6,11663,42,0.0,1476,809,10854
2,11665,42,0.0,1477,809,10856
2,11667,42,0.0,1478,809,10858
3,11670,42,0.0,1479,809,10861
2,11672,42,0.0,1480,809,10863
6,11678,42,0.0,1481,809,10869
8,11686,42,0.0,1482,809,10877
17,11703,42,0.0,1483,809,10894
2,11705,42,0.0,1484,809,10896
13,11718,42,0.0,1485,809,10909
5,11723,42,0.0,1486,809,10914
9,11732,43,1.0,1487,809,10923
6,11738,43,0.0,1488,809,10929
28,11766,43,0.0,1489,809,10957
8,11774,43,0.0,1490,809,10965
13,11787,43,0.0,1491,809,10978
4,11791,43,0.0,1492,809,10982
4,11795,43,0.0,1493,809,10986
11,11806,43,0.0,1494,809,10997
7,11813,43,0.0,1495,809,11004
25,11838,43,0.0,1496,809,11029
4,11842,43,0.0,1497,809,11033
6,11848,43,0.0,1498,809,11039
6,11854,43,0.0,1499,809,11045
4,11858,43,0.0,1500,809,11049
6,11864,43,0.0,1501,809,11055
6,11870,43,0.0,1502,809,11061
6,11876,43,0.0,1503,809,11067
10,11886,43,0.0,1504,809,11077
9,11895,43,0.0,1505,809,11086
9,11904,43,0.0,1506,809,11095
6,11910,43,0.0,1507,809,11101
6,11916,43,0.0,1508,809,11107
2,11918,43,0.0,1509,809,11109
9,11927,43,0.0,1510,809,11118
16,11943,44,1.0,1511,809,11134
4,11947,44,0.0,1512,809,11138
7,11954,44,0.0,1513,809,11145
7,11961,44,0.0,1514,809,11152
2,11963,44,0.0,1515,809,11154
13,11976,44,0.0,1516,809,11167
8,11984,44,0.0,1517,809,11175
4,11988,44,0.0,1518,809,11179
9,11997,44,0.0,1519,809,11188
5,12002,44,0.0,1520,809,11193
20,12022,44,0.0,1521,809,11213
5,12027,44,0.0,1522,809,11218
6,12033,44,0.0,1523,809,11224
17,12050,44,0.0,1524,809,11241
8,12058,44,0.0,1525,809,11249
5,12063,44,0.0,1526,809,11254
5,12068,44,0.0,1527,809,11259
10,12078,44,0.0,1528,809,11269
2,12080,44,0.0,1529,809,11271
3,12083,44,0.0,1530,809,11274
5,12088,44,0.0,1531,809,11279
3,12091,44,0.0,1532,809,11282
7,12098,44,0.0,1533,809,11289
5,12103,44,0.0,1534,809,11294
18,12121,44,0.0,1535,809,11312
8,12129,44,0.0,1536,809,11320
8,12137,44,0.0,1537,809,11328
3,12140,44,0.0,1538,809,11331
6,12146,44,0.0,1539,809,11337
8,12154,44,0.0,1540,809,11345
8,12162,44,0.0,1541,809,11353
9,12171,44,0.0,1542,809,11362
9,12180,45,1.0,1543,809,11371
6,12186,45,0.0,1544,809,11377
8,12194,45,0.0,1545,809,11385
9,12203,45,0.0,1546,809,11394
8,12211,45,0.0,1547,809,11402
6,12217,45,0.0,1548,809,11408
4,12221,45,0.0,1549,809,11412
11,12232,45,0.0,1550,809,11423
8,12240,45,0.0,1551,809,11431
12,12252,45,0.0,1552,809,11443
4,12256,45,0.0,1553,809,11447
5,12261,45,0.0,1554,809,11452
12,12273,45,0.0,1555,809,11464
5,12278,45,0.0,1556,809,11469
15,12293,45,0.0,1557,809,11484
12,12305,45,0.0,1558,809,11496
13,12318,45,0.0,1559,809,11509
6,12324,45,0.0,1560,809,11515
6,12330,45,0.0,1561,809,11521
4,12334,45,0.0,1562,809,11525
6,12340,45,0.0,1563,809,11531
4,12344,45,0.0,1564,809,11535
2,12346,45,0.0,1565,809,11537
8,12354,45,0.0,1566,809,11545
3,12357,45,0.0,1567,809,11548
2,12359,45,0.0,1568,809,11550
10,12369,45,0.0,1569,809,11560
3,12372,45,0.0,1570,809,11563
3,12375,45,0.0,1571,809,11566
7,12382,45,0.0,1572,809,11573
4,12386,45,0.0,1573,809,11577
16,12402,46,1.0,1574,809,11593
5,12407,46,0.0,1575,809,11598
9,12416,47,1.0,1576,809,11607
4,12420,47,0.0,1577,809,11611
27,12447,47,0.0,1578,809,11638
17,12464,47,0.0,1579,809,11655
9,12473,48,1.0,1580,809,11664
2,12475,48,0.0,1581,809,11666
8,12483,48,0.0,1582,809,11674
6,12489,48,0.0,1583,809,11680
3,12492,48,0.0,1584,809,11683
5,12497,48,0.0,1585,809,11688
34,12531,48,0.0,1586,809,11722
8,12539,48,0.0,1587,809,11730
13,12552,48,0.0,1588,809,11743
2,12554,48,0.0,1589,809,11745
8,12562,48,0.0,1590,809,11753
4,12566,48,0.0,1591,809,11757
8,12574,48,0.0,1592,809,11765
6,12580,48,0.0,1593,809,11771
9,12589,48,0.0,1594,809,11780
10,12599,48,0.0,1595,809,11790
9,12608,48,0.0,1596,809,11799
4,12612,48,0.0,1597,809,11803
2,12614,48,0.0,1598,809,11805
7,12621,48,0.0,1599,809,11812
10,12631,48,0.0,1600,809,11822
7,12638,48,0.0,1601,809,11829
16,12654,48,0.0,1602,809,11845
8,12662,48,0.0,1603,809,11853
8,12670,48,0.0,1604,809,11861
7,12677,48,0.0,1605,809,11868
7,12684,48,0.0,1606,809,11875
7,12691,48,0.0,1607,809,11882
8,12699,48,0.0,1608,809,11890
9,12708,48,0.0,1609,809,11899
8,12716,48,0.0,1610,809,11907
6,12722,48,0.0,1611,809,11913
18,12740,49,1.0,1612,809,11931
2,12742,49,0.0,1613,809,11933
2,12744,49,0.0,1614,809,11935
4,12748,49,0.0,1615,809,11939
2,12750,49,0.0,1616,809,11941
5,12755,49,0.0,1617,809,11946
12,12767,49,0.0,1618,809,11958
17,12784,49,0.0,1619,809,11975
6,12790,49,0.0,1620,809,11981
8,12798,49,0.0,1621,809,11989
2,12800,49,0.0,1622,809,11991
6,12806,49,0.0,1623,809,11997
7,12813,49,0.0,1624,809,12004
6,12819,49,0.0,1625,809,12010
13,12832,49,0.0,1626,809,12023
7,12839,49,0.0,1627,809,12030
9,12848,49,0.0,1628,809,12039
4,12852,49,0.0,1629,809,12043
6,12858,49,0.0,1630,809,12049
6,12864,49,0.0,1631,809,12055
8,12872,49,0.0,1632,809,12063
5,12877,49,0.0,1633,809,12068
4,12881,49,0.0,1634,809,12072
8,12889,49,0.0,1635,809,12080
8,12897,49,0.0,1636,809,12088
12,12909,50,1.0,1637,809,12100
16,12925,51,1.0,1638,809,12116
4,12929,51,0.0,1639,809,12120
10,12939,51,0.0,1640,809,12130
8,12947,51,0.0,1641,809,12138
11,12958,51,0.0,1642,809,12149
6,12964,51,0.0,1643,809,12155
3,12967,51,0.0,1644,809,12158
2,12969,51,0.0,1645,809,12160
8,12977,51,0.0,1646,809,12168
6,12983,51,0.0,1647,809,12174
6,12989,51,0.0,1648,809,12180
6,12995,51,0.0,1649,809,12186
16,13011,52,1.0,1650,809,12202
2,13013,52,0.0,1651,809,12204
2,13015,52,0.0,1652,809,12206
4,13019,52,0.0,1653,809,12210
7,13026,52,0.0,1654,809,12217
4,13030,52,0.0,1655,809,12221
8,13038,52,0.0,1656,809,12229
2,13040,52,0.0,1657,809,12231
9,13049,53,1.0,1658,809,12240
19,13068,53,0.0,1659,809,12259
27,13095,53,0.0,1660,809,12286
4,13099,53,0.0,1661,809,12290
16,13115,53,0.0,1662,809,12306
4,13119,53,0.0,1663,809,12310
8,13127,53,0.0,1664,809,12318
4,13131,53,0.0,1665,809,12322
5,13136,53,0.0,1666,809,12327
16,13152,53,0.0,1667,809,12343
8,13160,53,0.0,1668,809,12351
7,13167,53,0.0,1669,809,12358
8,13175,53,0.0,1670,809,12366
21,13196,53,0.0,1671,809,12387
14,13210,53,0.0,1672,809,12401
10,13220,53,0.0,1673,809,12411
14,13234,53,0.0,1674,809,12425
20,13254,53,0.0,1675,809,12445
17,13271,53,0.0,1676,809,12462
8,13279,53,0.0,1677,809,12470
5,13284,53,0.0,1678,809,12475
8,13292,53,0.0,1679,809,12483
6,13298,53,0.0,1680,809,12489
8,13306,53,0.0,1681,809,12497
2,13308,53,0.0,1682,809,12499
6,13314,53,0.0,1683,809,12505
22,13336,53,0.0,1684,809,12527
10,13346,53,0.0,1685,809,12537
6,13352,53,0.0,1686,809,12543
18,13370,54,1.0,1687,809,12561
6,13376,54,0.0,1688,809,12567
6,13382,54,0.0,1689,809,12573
6,13388,54,0.0,1690,809,12579
2,13390,54,0.0,1691,809,12581
16,13406,54,0.0,1692,809,12597
4,13410,54,0.0,1693,809,12601
7,13417,54,0.0,1694,809,12608
9,13426,54,0.0,1695,809,12617
2,13428,54,0.0,1696,809,12619
4,13432,54,0.0,1697,809,12623
18,13450,54,0.0,1698,809,12641
6,13456,54,0.0,1699,809,12647
8,13464,54,0.0,1700,809,12655
9,13473,54,0.0,1701,809,12664
15,13488,54,0.0,1702,809,12679
12,13500,54,0.0,1703,809,12691
2,13502,54,0.0,1704,809,12693
6,13508,54,0.0,1705,809,12699
6,13514,54,0.0,1706,809,12705
4,13518,54,0.0,1707,809,12709
4,13522,54,0.0,1708,809,12713
9,13531,54,0.0,1709,809,12722
8,13539,54,0.0,1710,809,12730
13,13552,54,0.0,1711,809,12743
7,13559,54,0.0,1712,809,12750
4,13563,54,0.0,1713,809,12754
4,13567,54,0.0,1714,809,12758
11,13578,54,0.0,1715,809,12769
18,13596,54,0.0,1716,809,12787
6,13602,54,0.0,1717,809,12793
10,13612,54,0.0,1718,809,12803
2,13614,54,0.0,1719,809,12805
21,13635,54,0.0,1720,809,12826
7,13642,54,0.0,1721,809,12833
8,13650,54,0.0,1722,809,12841
13,13663,54,0.0,1723,809,12854
13,13676,54,0.0,1724,809,12867
4,13680,54,0.0,1725,809,12871
7,13687,54,0.0,1726,809,12878
10,13697,54,0.0,1727,809,12888
8,13705,54,0.0,1728,809,12896
24,13729,54,0.0,1729,809,12920
2,13731,54,0.0,1730,809,12922
4,13735,54,0.0,1731,809,12926
6,13741,54,0.0,1732,809,12932
7,13748,54,0.0,1733,809,12939
4,13752,54,0.0,1734,809,12943
4,13756,54,0.0,1735,809,12947
3,13759,54,0.0,1736,809,12950
8,13767,54,0.0,1737,809,12958
2,13769,54,0.0,1738,809,12960
17,13786,54,0.0,1739,809,12977
3,13789,54,0.0,1740,809,12980
6,13795,54,0.0,1741,809,12986
11,13806,54,0.0,1742,809,12997
6,13812,54,0.0,1743,809,13003
4,13816,54,0.0,1744,809,13007
6,13822,54,0.0,1745,809,13013
24,13846,54,0.0,1746,809,13037
9,13855,55,1.0,1747,809,13046
8,13863,55,0.0,1748,809,13054
11,13874,55,0.0,1749,809,13065
3,13877,55,0.0,1750,809,13068
12,13889,55,0.0,1751,809,13080
16,13905,56,1.0,1752,809,13096
4,13909,56,0.0,1753,809,13100
7,13916,56,0.0,1754,809,13107
5,13921,56,0.0,1755,809,13112
4,13925,56,0.0,1756,809,13116
3,13928,56,0.0,1757,809,13119
7,13935,56,0.0,1758,809,13126
8,13943,56,0.0,1759,809,13134
7,13950,56,0.0,1760,809,13141
10,13960,56,0.0,1761,809,13151
2,13962,56,0.0,1762,809,13153
6,13968,56,0.0,1763,809,13159
4,13972,56,0.0,1764,809,13163
9,13981,56,0.0,1765,809,13172
6,13987,56,0.0,1766,809,13178
8,13995,56,0.0,1767,809,13186
4,13999,56,0.0,1768,809,13190
2,14001,56,0.0,1769,809,13192
9,14010,56,0.0,1770,809,13201
12,14022,56,0.0,1771,809,13213
8,14030,56,0.0,1772,809,13221
9,14039,57,1.0,1773,809,13230
16,14055,58,1.0,1774,809,13246
6,14061,58,0.0,1775,809,13252
8,14069,58,0.0,1776,809,13260
3,14072,58,0.0,1777,809,13263
5,14077,58,0.0,1778,809,13268
6,14083,58,0.0,1779,809,13274
7,14090,58,0.0,1780,809,13281
6,14096,58,0.0,1781,809,13287
6,14102,58,0.0,1782,809,13293
12,14114,59,1.0,1783,809,13305
6,14120,59,0.0,1784,809,13311
15,14135,59,0.0,1785,809,13326
6,14141,59,0.0,1786,809,13332
2,14143,59,0.0,1787,809,13334
2,14145,59,0.0,1788,809,13336
6,14151,59,0.0,1789,809,13342
4,14155,59,0.0,1790,809,13346
15,14170,59,0.0,1791,809,13361
2,14172,59,0.0,1792,809,13363
6,14178,59,0.0,1793,809,13369
4,14182,59,0.0,1794,809,13373
6,14188,59,0.0,1795,809,13379
5,14193,59,0.0,1796,809,13384
3,14196,59,0.0,1797,809,13387
9,14205,60,1.0,1798,809,13396
3,14208,60,0.0,1799,809,13399
29,14237,60,0.0,1800,809,13428
2,14239,60,0.0,1801,809,13430
6,14245,60,0.0,1802,809,13436
15,14260,60,0.0,1803,809,13451
11,14271,60,0.0,1804,809,13462
7,14278,60,0.0,1805,809,13469
12,14290,61,1.0,1806,809,13481
3,14293,61,0.0,1807,809,13484
9,14302,61,0.0,1808,809,13493
14,14316,61,0.0,1809,809,13507
7,14323,61,0.0,1810,809,13514
6,14329,61,0.0,1811,809,13520
15,14344,61,0.0,1812,809,13535
8,14352,61,0.0,1813,809,13543
10,14362,61,0.0,1814,809,13553
8,14370,61,0.0,1815,809,13561
13,14383,61,0.0,1816,809,13574
13,14396,61,0.0,1817,809,13587
2,14398,61,0.0,1818,809,13589
4,14402,61,0.0,1819,809,13593
4,14406,61,0.0,1820,809,13597
4,14410,61,0.0,1821,809,13601
8,14418,61,0.0,1822,809,13609
6,14424,61,0.0,1823,809,13615
10,14434,61,0.0,1824,809,13625
6,14440,61,0.0,1825,809,13631
4,14444,61,0.0,1826,809,13635
30,14474,61,0.0,1827,809,13665
13,14487,61,0.0,1828,809,13678
16,14503,61,0.0,1829,809,13694
27,14530,62,1.0,1830,809,13721
11,14541,62,0.0,1831,809,13732
10,14551,62,0.0,1832,809,13742
8,14559,62,0.0,1833,809,13750
4,14563,62,0.0,1834,809,13754
2,14565,62,0.0,1835,809,13756
16,14581,62,0.0,1836,809,13772
4,14585,62,0.0,1837,809,13776
4,14589,62,0.0,1838,809,13780
2,14591,62,0.0,1839,809,13782
6,14597,62,0.0,1840,809,13788
2,14599,62,0.0,1841,809,13790
8,14607,62,0.0,1842,809,13798
24,14631,62,0.0,1843,809,13822
9,14640,62,0.0,1844,809,13831
4,14644,62,0.0,1845,809,13835
3,14647,62,0.0,1846,809,13838
13,14660,62,0.0,1847,809,13851
6,14666,62,0.0,1848,809,13857
8,14674,62,0.0,1849,809,13865
10,14684,62,0.0,1850,809,13875
17,14701,62,0.0,1851,809,13892
2,14703,62,0.0,1852,809,13894
6,14709,62,0.0,1853,809,13900
2,14711,62,0.0,1854,809,13902
2,14713,62,0.0,1855,809,13904
6,14719,62,0.0,1856,809,13910
4,14723,62,0.0,1857,809,13914
18,14741,63,1.0,1858,809,13932
4,14745,63,0.0,1859,809,13936
9,14754,64,1.0,1860,809,13945
13,14767,64,0.0,1861,809,13958
12,14779,64,0.0,1862,809,13970
9,14788,64,0.0,1863,809,13979
6,14794,64,0.0,1864,809,13985
4,14798,64,0.0,1865,809,13989
8,14806,64,0.0,1866,809,13997
6,14812,64,0.0,1867,809,14003
7,14819,64,0.0,1868,809,14010
4,14823,64,0.0,1869,809,14014
8,14831,64,0.0,1870,809,14022
12,14843,64,0.0,1871,809,14034
8,14851,64,0.0,1872,809,14042
20,14871,64,0.0,1873,809,14062
2,14873,64,0.0,1874,809,14064
8,14881,64,0.0,1875,809,14072
9,14890,64,0.0,1876,809,14081
4,14894,64,0.0,1877,809,14085
7,14901,64,0.0,1878,809,14092
8,14909,64,0.0,1879,809,14100
13,14922,64,0.0,1880,809,14113
16,14938,65,1.0,1881,809,14129
2,14940,65,0.0,1882,809,14131
13,14953,65,0.0,1883,809,14144
7,14960,65,0.0,1884,809,14151
4,14964,65,0.0,1885,809,14155
15,14979,65,0.0,1886,809,14170
13,14992,65,0.0,1887,809,14183
30,15022,65,0.0,1888,809,14213
3,15025,65,0.0,1889,809,14216
9,15034,65,0.0,1890,809,14225
23,15057,65,0.0,1891,809,14248
11,15068,65,0.0,1892,809,14259
31,15099,66,1.0,1893,809,14290
4,15103,66,0.0,1894,809,14294
5,15108,66,0.0,1895,809,14299
4,15112,66,0.0,1896,809,14303
6,15118,66,0.0,1897,809,14309
8,15126,66,0.0,1898,809,14317
2,15128,66,0.0,1899,809,14319
6,15134,66,0.0,1900,809,14325
10,15144,66,0.0,1901,809,14335
7,15151,66,0.0,1902,809,14342
10,15161,66,0.0,1903,809,14352
18,15179,67,1.0,1904,809,14370
10,15189,67,0.0,1905,809,14380
3,15192,67,0.0,1906,809,14383
3,15195,67,0.0,1907,809,14386
8,15203,67,0.0,1908,809,14394
12,15215,68,1.0,1909,809,14406
16,15231,69,1.0,1910,809,14422
12,15243,69,0.0,1911,809,14434
3,15246,69,0.0,1912,809,14437
24,15270,69,0.0,1913,809,14461
2,15272,69,0.0,1914,809,14463
8,15280,69,0.0,1915,809,14471
5,15285,69,0.0,1916,809,14476
16,15301,70,1.0,1917,809,14492
3,15304,70,0.0,1918,809,14495
3,15307,70,0.0,1919,809,14498
4,15311,70,0.0,1920,809,14502
8,15319,70,0.0,1921,809,14510
7,15326,70,0.0,1922,809,14517
2,15328,70,0.0,1923,809,14519
29,15357,70,0.0,1924,809,14548
6,15363,70,0.0,1925,809,14554
3,15366,70,0.0,1926,809,14557
7,15373,70,0.0,1927,809,14564
2,15375,70,0.0,1928,809,14566
13,15388,70,0.0,1929,809,14579
8,15396,70,0.0,1930,809,14587
16,15412,70,0.0,1931,809,14603
14,15426,70,0.0,1932,809,14617
16,15442,70,0.0,1933,809,14633
4,15446,70,0.0,1934,809,14637
6,15452,70,0.0,1935,809,14643
3,15455,70,0.0,1936,809,14646
9,15464,70,0.0,1937,809,14655
8,15472,70,0.0,1938,809,14663
6,15478,70,0.0,1939,809,14669
4,15482,70,0.0,1940,809,14673
3,15485,70,0.0,1941,809,14676
7,15492,70,0.0,1942,809,14683
18,15510,71,1.0,1943,809,14701
13,15523,71,0.0,1944,809,14714
2,15525,71,0.0,1945,809,14716
6,15531,71,0.0,1946,809,14722
3,15534,71,0.0,1947,809,14725
8,15542,71,0.0,1948,809,14733
2,15544,71,0.0,1949,809,14735
12,15556,72,1.0,1950,809,14747
13,15569,72,0.0,1951,809,14760
18,15587,73,1.0,1952,809,14778
9,15596,74,1.0,1953,809,14787
6,15602,74,0.0,1954,809,14793
16,15618,74,0.0,1955,809,14809
9,15627,74,0.0,1956,809,14818
9,15636,75,1.0,1957,809,14827
6,15642,75,0.0,1958,809,14833
4,15646,75,0.0,1959,809,14837
4,15650,75,0.0,1960,809,14841
12,15662,76,1.0,1961,809,14853
9,15671,76,0.0,1962,809,14862
7,15678,76,0.0,1963,809,14869
9,15687,76,0.0,1964,809,14878
10,15697,76,0.0,1965,809,14888
11,15708,76,0.0,1966,809,14899
12,15720,76,0.0,1967,809,14911
16,15736,76,0.0,1968,809,14927
2,15738,76,0.0,1969,809,14929
16,15754,77,1.0,1970,809,14945
2,15756,77,0.0,1971,809,14947
16,15772,77,0.0,1972,809,14963
6,15778,77,0.0,1973,809,14969
9,15787,77,0.0,1974,809,14978
6,15793,77,0.0,1975,809,14984
6,15799,77,0.0,1976,809,14990
6,15805,77,0.0,1977,809,14996
7,15812,77,0.0,1978,809,15003
22,15834,77,0.0,1979,809,15025
10,15844,77,0.0,1980,809,15035
14,15858,77,0.0,1981,809,15049
8,15866,77,0.0,1982,809,15057
13,15879,77,0.0,1983,809,15070
7,15886,77,0.0,1984,809,15077
4,15890,77,0.0,1985,809,15081
2,15892,77,0.0,1986,809,15083
6,15898,77,0.0,1987,809,15089
8,15906,77,0.0,1988,809,15097
4,15910,77,0.0,1989,809,15101
9,15919,78,1.0,1990,809,15110
14,15933,78,0.0,1991,809,15124
4,15937,78,0.0,1992,809,15128
10,15947,78,0.0,1993,809,15138
4,15951,78,0.0,1994,809,15142
6,15957,78,0.0,1995,809,15148
12,15969,79,1.0,1996,809,15160
12,15981,79,0.0,1997,809,15172
6,15987,79,0.0,1998,809,15178
11,15998,79,0.0,1999,809,15189
4,16002,79,0.0,2000,809,15193
2,16004,79,0.0,2001,809,15195
9,16013,79,0.0,2002,809,15204
6,16019,79,0.0,2003,809,15210
12,16031,80,1.0,2004,809,15222
20,16051,80,0.0,2005,809,15242
2,16053,80,0.0,2006,809,15244
6,16059,80,0.0,2007,809,15250
7,16066,80,0.0,2008,809,15257
10,16076,80,0.0,2009,809,15267
3,16079,80,0.0,2010,809,15270
15,16094,80,0.0,2011,809,15285
6,16100,80,0.0,2012,809,15291
6,16106,80,0.0,2013,809,15297
12,16118,81,1.0,2014,809,15309
7,16125,81,0.0,2015,809,15316
10,16135,81,0.0,2016,809,15326
6,16141,81,0.0,2017,809,15332
25,16166,81,0.0,2018,809,15357
12,16178,82,1.0,2019,809,15369
19,16197,82,0.0,2020,809,15388
3,16200,82,0.0,2021,809,15391
12,16212,83,1.0,2022,809,15403
7,16219,83,0.0,2023,809,15410
2,16221,83,0.0,2024,809,15412
2,16223,83,0.0,2025,809,15414
7,16230,83,0.0,2026,809,15421
4,16234,83,0.0,2027,809,15425
4,16238,83,0.0,2028,809,15429
12,16250,84,1.0,2029,809,15441
3,16253,84,0.0,2030,809,15444
12,16265,85,1.0,2031,809,15456
7,16272,85,0.0,2032,809,15463
4,16276,85,0.0,2033,809,15467
7,16283,85,0.0,2034,809,15474
19,16302,85,0.0,2035,809,15493
5,16307,85,0.0,2036,809,15498
5,16312,85,0.0,2037,809,15503
22,16334,85,0.0,2038,809,15525
2,16336,85,0.0,2039,809,15527
4,16340,85,0.0,2040,809,15531
47,16387,85,0.0,2041,809,15578
9,16396,85,0.0,2042,809,15587
9,16405,85,0.0,2043,809,15596
17,16422,85,0.0,2044,809,15613
24,16446,85,0.0,2045,809,15637
2,16448,85,0.0,2046,809,15639
5,16453,85,0.0,2047,809,15644
8,16461,85,0.0,2048,809,15652
5,16466,85,0.0,2049,809,15657
6,16472,85,0.0,2050,809,15663
9,16481,85,0.0,2051,809,15672
14,16495,85,0.0,2052,809,15686
2,16497,85,0.0,2053,809,15688
12,16509,86,1.0,2054,809,15700
10,16519,86,0.0,2055,809,15710
11,16530,86,0.0,2056,809,15721
5,16535,86,0.0,2057,809,15726
12,16547,87,1.0,2058,809,15738
4,16551,87,0.0,2059,809,15742
10,16561,87,0.0,2060,809,15752
47,16608,87,0.0,2061,809,15799
13,16621,87,0.0,2062,809,15812
25,16646,87,0.0,2063,809,15837
9,16655,87,0.0,2064,809,15846
12,16667,88,1.0,2065,809,15858
7,16674,88,0.0,2066,809,15865
6,16680,88,0.0,2067,809,15871
7,16687,88,0.0,2068,809,15878
4,16691,88,0.0,2069,809,15882
16,16707,88,0.0,2070,809,15898
12,16719,89,1.0,2071,809,15910
17,16736,89,0.0,2072,809,15927
4,16740,89,0.0,2073,809,15931
6,16746,89,0.0,2074,809,15937
12,16758,89,0.0,2075,809,15949
2,16760,89,0.0,2076,809,15951
5,16765,89,0.0,2077,809,15956
6,16771,89,0.0,2078,809,15962
7,16778,89,0.0,2079,809,15969
13,16791,89,0.0,2080,809,15982
4,16795,89,0.0,2081,809,15986
2,16797,89,0.0,2082,809,15988
5,16802,89,0.0,2083,809,15993
8,16810,89,0.0,2084,809,16001
13,16823,89,0.0,2085,809,16014
3,16826,89,0.0,2086,809,16017
6,16832,89,0.0,2087,809,16023
4,16836,89,0.0,2088,809,16027
10,16846,89,0.0,2089,809,16037
6,16852,89,0.0,2090,809,16043
6,16858,89,0.0,2091,809,16049
6,16864,89,0.0,2092,809,16055
10,16874,89,0.0,2093,809,16065
2,16876,89,0.0,2094,809,16067
6,16882,89,0.0,2095,809,16073
10,16892,89,0.0,2096,809,16083
9,16901,89,0.0,2097,809,16092
2,16903,89,0.0,2098,809,16094
4,16907,89,0.0,2099,809,16098
6,16913,89,0.0,2100,809,16104
12,16925,90,1.0,2101,809,16116
2,16927,90,0.0,2102,809,16118
4,16931,90,0.0,2103,809,16122
11,16942,90,0.0,2104,809,16133
20,16962,90,0.0,2105,809,16153
13,16975,90,0.0,2106,809,16166
12,16987,90,0.0,2107,809,16178
10,16997,90,0.0,2108,809,16188
6,17003,90,0.0,2109,809,16194
12,17015,91,1.0,2110,809,16206
2,17017,91,0.0,2111,809,16208
8,17025,91,0.0,2112,809,16216
13,17038,91,0.0,2113,809,16229
4,17042,91,0.0,2114,809,16233
9,17051,91,0.0,2115,809,16242
3,17054,91,0.0,2116,809,16245
8,17062,91,0.0,2117,809,16253
2,17064,91,0.0,2118,809,16255
2,17066,91,0.0,2119,809,16257
2,17068,91,0.0,2120,809,16259
5,17073,91,0.0,2121,809,16264
10,17083,91,0.0,2122,809,16274
11,17094,91,0.0,2123,809,16285
12,17106,91,0.0,2124,809,16297
4,17110,91,0.0,2125,809,16301
2,17112,91,0.0,2126,809,16303
16,17128,91,0.0,2127,809,16319
2,17130,91,0.0,2128,809,16321
3,17133,91,0.0,2129,809,16324
12,17145,92,1.0,2130,809,16336
2,17147,92,0.0,2131,809,16338
2,17149,92,0.0,2132,809,16340
8,17157,92,0.0,2133,809,16348
18,17175,92,0.0,2134,809,16366
2,17177,92,0.0,2135,809,16368
15,17192,92,0.0,2136,809,16383
12,17204,93,1.0,2137,809,16395
16,17220,94,1.0,2138,809,16411
7,17227,94,0.0,2139,809,16418
3,17230,94,0.0,2140,809,16421
6,17236,94,0.0,2141,809,16427
6,17242,94,0.0,2142,809,16433
6,17248,94,0.0,2143,809,16439
12,17260,95,1.0,2144,809,16451
6,17266,95,0.0,2145,809,16457
7,17273,95,0.0,2146,809,16464
10,17283,95,0.0,2147,809,16474
4,17287,95,0.0,2148,809,16478
18,17305,96,1.0,2149,809,16496
8,17313,96,0.0,2150,809,16504
3,17316,96,0.0,2151,809,16507
6,17322,96,0.0,2152,809,16513
15,17337,96,0.0,2153,809,16528
3,17340,96,0.0,2154,809,16531
6,17346,96,0.0,2155,809,16537
11,17357,96,0.0,2156,809,16548
2,17359,96,0.0,2157,809,16550
9,17368,97,1.0,2158,809,16559
11,17379,97,0.0,2159,809,16570
10,17389,97,0.0,2160,809,16580
3,17392,97,0.0,2161,809,16583
6,17398,97,0.0,2162,809,16589
2,17400,97,0.0,2163,809,16591
3,17403,97,0.0,2164,809,16594
6,17409,97,0.0,2165,809,16600
5,17414,97,0.0,2166,809,16605
4,17418,97,0.0,2167,809,16609
7,17425,97,0.0,2168,809,16616
9,17434,97,0.0,2169,809,16625
6,17440,97,0.0,2170,809,16631
12,17452,97,0.0,2171,809,16643
3,17455,97,0.0,2172,809,16646
13,17468,97,0.0,2173,809,16659
5,17473,97,0.0,2174,809,16664
11,17484,97,0.0,2175,809,16675
7,17491,97,0.0,2176,809,16682
12,17503,98,1.0,2177,809,16694
7,17510,98,0.0,2178,809,16701
4,17514,98,0.0,2179,809,16705
4,17518,98,0.0,2180,809,16709
11,17529,98,0.0,2181,809,16720
4,17533,98,0.0,2182,809,16724
18,17551,99,1.0,2183,809,16742
12,17563,100,1.0,2184,809,16754
25,17588,100,0.0,2185,809,16779
7,17595,100,0.0,2186,809,16786
7,17602,100,0.0,2187,809,16793
7,17609,100,0.0,2188,809,16800
6,17615,100,0.0,2189,809,16806
16,17631,100,0.0,2190,809,16822
18,17649,100,0.0,2191,809,16840
6,17655,100,0.0,2192,809,16846
3,17658,100,0.0,2193,809,16849
3,17661,100,0.0,2194,809,16852
3,17664,100,0.0,2195,809,16855
3,17667,100,0.0,2196,809,16858
3,17670,100,0.0,2197,809,16861
2,17672,100,0.0,2198,809,16863
18,17690,101,1.0,2199,809,16881
3,17693,101,0.0,2200,809,16884
6,17699,101,0.0,2201,809,16890
12,17711,101,0.0,2202,809,16902
4,17715,101,0.0,2203,809,16906
6,17721,101,0.0,2204,809,16912
2,17723,101,0.0,2205,809,16914
2,17725,101,0.0,2206,809,16916
4,17729,101,0.0,2207,809,16920
3,17732,101,0.0,2208,809,16923
10,17742,101,0.0,2209,809,16933
16,17758,102,1.0,2210,809,16949
20,17778,102,0.0,2211,809,16969
4,17782,102,0.0,2212,809,16973
9,17791,102,0.0,2213,809,16982
15,17806,102,0.0,2214,809,16997
6,17812,102,0.0,2215,809,17003
12,17824,102,0.0,2216,809,17015
20,17844,102,0.0,2217,809,17035
3,17847,102,0.0,2218,809,17038
13,17860,102,0.0,2219,809,17051
6,17866,102,0.0,2220,809,17057
13,17879,102,0.0,2221,809,17070
3,17882,102,0.0,2222,809,17073
4,17886,102,0.0,2223,809,17077
7,17893,102,0.0,2224,809,17084
12,17905,103,1.0,2225,809,17096
4,17909,103,0.0,2226,809,17100
10,17919,103,0.0,2227,809,17110
3,17922,103,0.0,2228,809,17113
4,17926,103,0.0,2229,809,17117
11,17937,103,0.0,2230,809,17128
10,17947,103,0.0,2231,809,17138
9,17956,103,0.0,2232,809,17147
8,17964,103,0.0,2233,809,17155
18,17982,104,1.0,2234,809,17173
12,17994,105,1.0,2235,809,17185
14,18008,105,0.0,2236,809,17199
6,18014,105,0.0,2237,809,17205
13,18027,105,0.0,2238,809,17218
11,18038,105,0.0,2239,809,17229
4,18042,105,0.0,2240,809,17233
4,18046,105,0.0,2241,809,17237
4,18050,105,0.0,2242,809,17241
8,18058,105,0.0,2243,809,17249
12,18070,106,1.0,2244,809,17261
8,18078,106,0.0,2245,809,17269
9,18087,106,0.0,2246,809,17278
7,18094,106,0.0,2247,809,17285
9,18103,106,0.0,2248,809,17294
13,18116,106,0.0,2249,809,17307
6,18122,106,0.0,2250,809,17313
23,18145,106,0.0,2251,809,17336
8,18153,106,0.0,2252,809,17344
6,18159,106,0.0,2253,809,17350
5,18164,106,0.0,2254,809,17355
12,18176,107,1.0,2255,809,17367
16,18192,108,1.0,2256,809,17383
12,18204,109,1.0,2257,809,17395
3,18207,109,0.0,2258,809,17398
2,18209,109,0.0,2259,809,17400
11,18220,109,0.0,2260,809,17411
9,18229,110,1.0,2261,809,17420
12,18241,111,1.0,2262,809,17432
7,18248,111,0.0,2263,809,17439
7,18255,111,0.0,2264,809,17446
12,18267,112,1.0,2265,809,17458
2,18269,112,0.0,2266,809,17460
11,18280,112,0.0,2267,809,17471
3,18283,112,0.0,2268,809,17474
4,18287,112,0.0,2269,809,17478
12,18299,113,1.0,2270,809,17490
3,18302,113,0.0,2271,809,17493
6,18308,113,0.0,2272,809,17499
2,18310,113,0.0,2273,809,17501
8,18318,113,0.0,2274,809,17509
6,18324,113,0.0,2275,809,17515
7,18331,113,0.0,2276,809,17522
2,18333,113,0.0,2277,809,17524
16,18349,114,1.0,2278,809,17540
18,18367,115,1.0,2279,809,17558
7,18374,115,0.0,2280,809,17565
11,18385,115,0.0,2281,809,17576
9,18394,115,0.0,2282,809,17585
9,18403,115,0.0,2283,809,17594
2,18405,115,0.0,2284,809,17596
6,18411,115,0.0,2285,809,17602
9,18420,116,1.0,2286,809,17611
3,18423,116,0.0,2287,809,17614
6,18429,116,0.0,2288,809,17620
5,18434,116,0.0,2289,809,17625
5,18439,116,0.0,2290,809,17630
11,18450,116,0.0,2291,809,17641
9,18459,117,1.0,2292,809,17650
2,18461,117,0.0,2293,809,17652
12,18473,118,1.0,2294,809,17664
4,18477,118,0.0,2295,809,17668
4,18481,118,0.0,2296,809,17672
6,18487,118,0.0,2297,809,17678
3,18490,118,0.0,2298,809,17681
12,18502,119,1.0,2299,809,17693
12,18514,120,1.0,2300,809,17705
11,18525,120,0.0,2301,809,17716
11,18536,120,0.0,2302,809,17727
8,18544,120,0.0,2303,809,17735
3,18547,120,0.0,2304,809,17738
4,18551,120,0.0,2305,809,17742
4,18555,120,0.0,2306,809,17746
2,18557,120,0.0,2307,809,17748
3,18560,120,0.0,2308,809,17751
13,18573,120,0.0,2309,809,17764
5,18578,120,0.0,2310,809,17769
10,18588,120,0.0,2311,809,17779
19,18607,120,0.0,2312,809,17798
12,18619,121,1.0,2313,809,17810
4,18623,121,0.0,2314,809,17814
6,18629,121,0.0,2315,809,17820
10,18639,121,0.0,2316,809,17830
7,18646,121,0.0,2317,809,17837
7,18653,121,0.0,2318,809,17844
7,18660,121,0.0,2319,809,17851
9,18669,121,0.0,2320,809,17860
2,18671,121,0.0,2321,809,17862
16,18687,121,0.0,2322,809,17878
11,18698,121,0.0,2323,809,17889
4,18702,121,0.0,2324,809,17893
12,18714,122,1.0,2325,809,17905
10,18724,122,0.0,2326,809,17915
2,18726,122,0.0,2327,809,17917
7,18733,122,0.0,2328,809,17924
2,18735,122,0.0,2329,809,17926
11,18746,122,0.0,2330,809,17937
12,18758,123,1.0,2331,809,17949
5,18763,123,0.0,2332,809,17954
16,18779,124,1.0,2333,809,17970
12,18791,125,1.0,2334,809,17982
4,18795,125,0.0,2335,809,17986
9,18804,125,0.0,2336,809,17995
4,18808,125,0.0,2337,809,17999
6,18814,125,0.0,2338,809,18005
7,18821,125,0.0,2339,809,18012
7,18828,125,0.0,2340,809,18019
12,18840,126,1.0,2341,809,18031
12,18852,127,1.0,2342,809,18043
2,18854,127,0.0,2343,809,18045
8,18862,127,0.0,2344,809,18053
3,18865,127,0.0,2345,809,18056
6,18871,127,0.0,2346,809,18062
6,18877,127,0.0,2347,809,18068
12,18889,127,0.0,2348,809,18080
4,18893,127,0.0,2349,809,18084
3,18896,127,0.0,2350,809,18087
2,18898,127,0.0,2351,809,18089
8,18906,127,0.0,2352,809,18097
3,18909,127,0.0,2353,809,18100
7,18916,127,0.0,2354,809,18107
13,18929,127,0.0,2355,809,18120
27,18956,127,0.0,2356,809,18147
12,18968,127,0.0,2357,809,18159
18,18986,127,0.0,2358,809,18177
5,18991,127,0.0,2359,809,18182
6,18997,127,0.0,2360,809,18188
6,19003,127,0.0,2361,809,18194
4,19007,127,0.0,2362,809,18198
7,19014,127,0.0,2363,809,18205
3,19017,127,0.0,2364,809,18208
3,19020,127,0.0,2365,809,18211
7,19027,127,0.0,2366,809,18218
2,19029,127,0.0,2367,809,18220
6,19035,127,0.0,2368,809,18226
12,19047,127,0.0,2369,809,18238
16,19063,128,1.0,2370,809,18254
13,19076,128,0.0,2371,809,18267
10,19086,128,0.0,2372,809,18277
2,19088,128,0.0,2373,809,18279
2,19090,128,0.0,2374,809,18281
2,19092,128,0.0,2375,809,18283
7,19099,128,0.0,2376,809,18290
2,19101,128,0.0,2377,809,18292
6,19107,128,0.0,2378,809,18298
20,19127,128,0.0,2379,809,18318
3,19130,128,0.0,2380,809,18321
12,19142,129,1.0,2381,809,18333
4,19146,129,0.0,2382,809,18337
8,19154,129,0.0,2383,809,18345
2,19156,129,0.0,2384,809,18347
12,19168,130,1.0,2385,809,18359
2,19170,130,0.0,2386,809,18361
10,19180,130,0.0,2387,809,18371
27,19207,131,1.0,2388,809,18398
14,19221,131,0.0,2389,809,18412
18,19239,132,1.0,2390,809,18430
12,19251,132,0.0,2391,809,18442
19,19270,132,0.0,2392,809,18461
2,19272,132,0.0,2393,809,18463
4,19276,132,0.0,2394,809,18467
3,19279,132,0.0,2395,809,18470
2,19281,132,0.0,2396,809,18472
10,19291,132,0.0,2397,809,18482
18,19309,133,1.0,2398,809,18500
12,19321,134,1.0,2399,809,18512
2,19323,134,0.0,2400,809,18514
4,19327,134,0.0,2401,809,18518
13,19340,134,0.0,2402,809,18531
12,19352,135,1.0,2403,809,18543
12,19364,136,1.0,2404,809,18555
6,19370,136,0.0,2405,809,18561
13,19383,136,0.0,2406,809,18574
7,19390,136,0.0,2407,809,18581
4,19394,136,0.0,2408,809,18585
12,19406,137,1.0,2409,809,18597
14,19420,137,0.0,2410,809,18611
6,19426,137,0.0,2411,809,18617
11,19437,137,0.0,2412,809,18628
4,19441,137,0.0,2413,809,18632
3,19444,137,0.0,2414,809,18635
15,19459,137,0.0,2415,809,18650
8,19467,137,0.0,2416,809,18658
6,19473,137,0.0,2417,809,18664
12,19485,138,1.0,2418,809,18676
4,19489,138,0.0,2419,809,18680
4,19493,138,0.0,2420,809,18684
6,19499,138,0.0,2421,809,18690
3,19502,138,0.0,2422,809,18693
10,19512,138,0.0,2423,809,18703
7,19519,138,0.0,2424,809,18710
6,19525,138,0.0,2425,809,18716
7,19532,138,0.0,2426,809,18723
6,19538,138,0.0,2427,809,18729
10,19548,138,0.0,2428,809,18739
4,19552,138,0.0,2429,809,18743
7,19559,138,0.0,2430,809,18750
4,19563,138,0.0,2431,809,18754
6,19569,138,0.0,2432,809,18760
4,19573,138,0.0,2433,809,18764
7,19580,138,0.0,2434,809,18771
5,19585,138,0.0,2435,809,18776
3,19588,138,0.0,2436,809,18779
16,19604,139,1.0,2437,809,18795
4,19608,139,0.0,2438,809,18799
16,19624,140,1.0,2439,809,18815
6,19630,140,0.0,2440,809,18821
3,19633,140,0.0,2441,809,18824
9,19642,140,0.0,2442,809,18833
11,19653,140,0.0,2443,809,18844
3,19656,140,0.0,2444,809,18847
4,19660,140,0.0,2445,809,18851
18,19678,140,0.0,2446,809,18869
13,19691,140,0.0,2447,809,18882
5,19696,140,0.0,2448,809,18887
2,19698,140,0.0,2449,809,18889
4,19702,140,0.0,2450,809,18893
12,19714,141,1.0,2451,809,18905
7,19721,141,0.0,2452,809,18912
32,19753,141,0.0,2453,809,18944
6,19759,141,0.0,2454,809,18950
12,19771,141,0.0,2455,809,18962
6,19777,141,0.0,2456,809,18968
10,19787,141,0.0,2457,809,18978
14,19801,141,0.0,2458,809,18992
3,19804,141,0.0,2459,809,18995
8,19812,141,0.0,2460,809,19003
4,19816,141,0.0,2461,809,19007
4,19820,141,0.0,2462,809,19011
6,19826,141,0.0,2463,809,19017
2,19828,141,0.0,2464,809,19019
16,19844,142,1.0,2465,809,19035
10,19854,142,0.0,2466,809,19045
10,19864,142,0.0,2467,809,19055
3,19867,142,0.0,2468,809,19058
3,19870,142,0.0,2469,809,19061
12,19882,143,1.0,2470,809,19073
6,19888,143,0.0,2471,809,19079
12,19900,144,1.0,2472,809,19091
12,19912,145,1.0,2473,809,19103
13,19925,145,0.0,2474,809,19116
12,19937,145,0.0,2475,809,19128
12,19949,146,1.0,2476,809,19140
3,19952,146,0.0,2477,809,19143
2,19954,146,0.0,2478,809,19145
12,19966,147,1.0,2479,809,19157
2,19968,147,0.0,2480,809,19159
8,19976,147,0.0,2481,809,19167
6,19982,147,0.0,2482,809,19173
12,19994,148,1.0,2483,809,19185
29,20023,148,0.0,2484,809,19214
3,20026,148,0.0,2485,809,19217
15,20041,148,0.0,2486,809,19232
5,20046,148,0.0,2487,809,19237
4,20050,148,0.0,2488,809,19241
6,20056,148,0.0,2489,809,19247
14,20070,148,0.0,2490,809,19261
5,20075,148,0.0,2491,809,19266
7,20082,148,0.0,2492,809,19273
16,20098,149,1.0,2493,809,19289
4,20102,149,0.0,2494,809,19293
2,20104,149,0.0,2495,809,19295
6,20110,149,0.0,2496,809,19301
6,20116,149,0.0,2497,809,19307
12,20128,149,0.0,2498,809,19319
25,20153,149,0.0,2499,809,19344
6,20159,149,0.0,2500,809,19350
8,20167,149,0.0,2501,809,19358
4,20171,149,0.0,2502,809,19362
10,20181,149,0.0,2503,809,19372
25,20206,149,0.0,2504,809,19397
3,20209,149,0.0,2505,809,19400
2,20211,149,0.0,2506,809,19402
16,20227,150,1.0,2507,809,19418
12,20239,151,1.0,2508,809,19430
5,20244,151,0.0,2509,809,19435
6,20250,151,0.0,2510,809,19441
2,20252,151,0.0,2511,809,19443
11,20263,151,0.0,2512,809,19454
2,20265,151,0.0,2513,809,19456
9,20274,151,0.0,2514,809,19465
10,20284,151,0.0,2515,809,19475
6,20290,151,0.0,2516,809,19481
11,20301,151,0.0,2517,809,19492
5,20306,151,0.0,2518,809,19497
4,20310,151,0.0,2519,809,19501
10,20320,151,0.0,2520,809,19511
4,20324,151,0.0,2521,809,19515
12,20336,152,1.0,2522,809,19527
4,20340,152,0.0,2523,809,19531
3,20343,152,0.0,2524,809,19534
7,20350,152,0.0,2525,809,19541
8,20358,152,0.0,2526,809,19549
9,20367,152,0.0,2527,809,19558
7,20374,152,0.0,2528,809,19565
5,20379,152,0.0,2529,809,19570
9,20388,153,1.0,2530,809,19579
9,20397,153,0.0,2531,809,19588
6,20403,153,0.0,2532,809,19594
4,20407,153,0.0,2533,809,19598
2,20409,153,0.0,2534,809,19600
5,20414,153,0.0,2535,809,19605
10,20424,153,0.0,2536,809,19615
5,20429,153,0.0,2537,809,19620
5,20434,153,0.0,2538,809,19625
5,20439,153,0.0,2539,809,19630
12,20451,154,1.0,2540,809,19642
6,20457,154,0.0,2541,809,19648
12,20469,154,0.0,2542,809,19660
3,20472,154,0.0,2543,809,19663
12,20484,155,1.0,2544,809,19675
2,20486,155,0.0,2545,809,19677
10,20496,155,0.0,2546,809,19687
3,20499,155,0.0,2547,809,19690
6,20505,155,0.0,2548,809,19696
14,20519,155,0.0,2549,809,19710
2,20521,155,0.0,2550,809,19712
6,20527,155,0.0,2551,809,19718
4,20531,155,0.0,2552,809,19722
2,20533,155,0.0,2553,809,19724
2,20535,155,0.0,2554,809,19726
12,20547,156,1.0,2555,809,19738
2,20549,156,0.0,2556,809,19740
3,20552,156,0.0,2557,809,19743
6,20558,156,0.0,2558,809,19749
5,20563,156,0.0,2559,809,19754
2,20565,156,0.0,2560,809,19756
4,20569,156,0.0,2561,809,19760
12,20581,157,1.0,2562,809,19772
11,20592,157,0.0,2563,809,19783
8,20600,157,0.0,2564,809,19791
6,20606,157,0.0,2565,809,19797
12,20618,158,1.0,2566,809,19809
3,20621,158,0.0,2567,809,19812
3,20624,158,0.0,2568,809,19815
14,20638,158,0.0,2569,809,19829
12,20650,159,1.0,2570,809,19841
10,20660,159,0.0,2571,809,19851
2,20662,159,0.0,2572,809,19853
11,20673,159,0.0,2573,809,19864
23,20696,159,0.0,2574,809,19887
12,20708,160,1.0,2575,809,19899
6,20714,160,0.0,2576,809,19905
12,20726,160,0.0,2577,809,19917
4,20730,160,0.0,2578,809,19921
3,20733,160,0.0,2579,809,19924
13,20746,160,0.0,2580,809,19937
10,20756,160,0.0,2581,809,19947
5,20761,160,0.0,2582,809,19952
6,20767,160,0.0,2583,809,19958
4,20771,160,0.0,2584,809,19962
6,20777,160,0.0,2585,809,19968
36,20813,160,0.0,2586,809,20004
12,20825,161,1.0,2587,809,20016
2,20827,161,0.0,2588,809,20018
16,20843,161,0.0,2589,809,20034
12,20855,161,0.0,2590,809,20046
6,20861,161,0.0,2591,809,20052
6,20867,161,0.0,2592,809,20058
6,20873,161,0.0,2593,809,20064
4,20877,161,0.0,2594,809,20068
10,20887,161,0.0,2595,809,20078
8,20895,161,0.0,2596,809,20086
35,20930,161,0.0,2597,809,20121
5,20935,161,0.0,2598,809,20126
7,20942,161,0.0,2599,809,20133
2,20944,161,0.0,2600,809,20135
7,20951,161,0.0,2601,809,20142
2,20953,161,0.0,2602,809,20144
4,20957,161,0.0,2603,809,20148
8,20965,161,0.0,2604,809,20156
12,20977,162,1.0,2605,809,20168
3,20980,162,0.0,2606,809,20171
5,20985,162,0.0,2607,809,20176
18,21003,163,1.0,2608,809,20194
2,21005,163,0.0,2609,809,20196
11,21016,163,0.0,2610,809,20207
10,21026,163,0.0,2611,809,20217
18,21044,164,1.0,2612,809,20235
13,21057,164,0.0,2613,809,20248
10,21067,164,0.0,2614,809,20258
7,21074,164,0.0,2615,809,20265
5,21079,164,0.0,2616,809,20270
7,21086,164,0.0,2617,809,20277
14,21100,164,0.0,2618,809,20291
12,21112,165,1.0,2619,809,20303
4,21116,165,0.0,2620,809,20307
2,21118,165,0.0,2621,809,20309
3,21121,165,0.0,2622,809,20312
10,21131,165,0.0,2623,809,20322
8,21139,165,0.0,2624,809,20330
10,21149,165,0.0,2625,809,20340
16,21165,166,1.0,2626,809,20356
4,21169,166,0.0,2627,809,20360
18,21187,166,0.0,2628,809,20378
5,21192,166,0.0,2629,809,20383
4,21196,166,0.0,2630,809,20387
12,21208,166,0.0,2631,809,20399
14,21222,166,0.0,2632,809,20413
7,21229,166,0.0,2633,809,20420
6,21235,166,0.0,2634,809,20426
6,21241,166,0.0,2635,809,20432
2,21243,166,0.0,2636,809,20434
4,21247,166,0.0,2637,809,20438
5,21252,166,0.0,2638,809,20443
12,21264,167,1.0,2639,809,20455
7,21271,167,0.0,2640,809,20462
14,21285,167,0.0,2641,809,20476
6,21291,167,0.0,2642,809,20482
3,21294,167,0.0,2643,809,20485
12,21306,168,1.0,2644,809,20497
7,21313,168,0.0,2645,809,20504
6,21319,168,0.0,2646,809,20510
4,21323,168,0.0,2647,809,20514
6,21329,168,0.0,2648,809,20520
25,21354,168,0.0,2649,809,20545
10,21364,168,0.0,2650,809,20555
7,21371,168,0.0,2651,809,20562
6,21377,168,0.0,2652,809,20568
16,21393,168,0.0,2653,809,20584
9,21402,168,0.0,2654,809,20593
2,21404,168,0.0,2655,809,20595
11,21415,168,0.0,2656,809,20606
18,21433,168,0.0,2657,809,20624
16,21449,168,0.0,2658,809,20640
3,21452,168,0.0,2659,809,20643
6,21458,168,0.0,2660,809,20649
2,21460,168,0.0,2661,809,20651
6,21466,168,0.0,2662,809,20657
3,21469,168,0.0,2663,809,20660
13,21482,168,0.0,2664,809,20673
10,21492,168,0.0,2665,809,20683
2,21494,168,0.0,2666,809,20685
3,21497,168,0.0,2667,809,20688
3,21500,168,0.0,2668,809,20691
6,21506,168,0.0,2669,809,20697
23,21529,168,0.0,2670,809,20720
25,21554,168,0.0,2671,809,20745
3,21557,168,0.0,2672,809,20748
6,21563,168,0.0,2673,809,20754
5,21568,168,0.0,2674,809,20759
9,21577,169,1.0,2675,809,20768
5,21582,169,0.0,2676,809,20773
6,21588,169,0.0,2677,809,20779
6,21594,169,0.0,2678,809,20785
2,21596,169,0.0,2679,809,20787
10,21606,169,0.0,2680,809,20797
5,21611,169,0.0,2681,809,20802
6,21617,169,0.0,2682,809,20808
6,21623,169,0.0,2683,809,20814
26,21649,169,0.0,2684,809,20840
8,21657,169,0.0,2685,809,20848
2,21659,169,0.0,2686,809,20850
12,21671,170,1.0,2687,809,20862
4,21675,170,0.0,2688,809,20866
10,21685,170,0.0,2689,809,20876
13,21698,170,0.0,2690,809,20889
6,21704,170,0.0,2691,809,20895
7,21711,170,0.0,2692,809,20902
17,21728,170,0.0,2693,809,20919
6,21734,170,0.0,2694,809,20925
19,21753,170,0.0,2695,809,20944
23,21776,170,0.0,2696,809,20967
5,21781,170,0.0,2697,809,20972
5,21786,170,0.0,2698,809,20977
3,21789,170,0.0,2699,809,20980
12,21801,171,1.0,2700,809,20992
6,21807,171,0.0,2701,809,20998
10,21817,171,0.0,2702,809,21008
13,21830,171,0.0,2703,809,21021
17,21847,171,0.0,2704,809,21038
2,21849,171,0.0,2705,809,21040
18,21867,172,1.0,2706,809,21058
4,21871,172,0.0,2707,809,21062
19,21890,172,0.0,2708,809,21081
4,21894,172,0.0,2709,809,21085
2,21896,172,0.0,2710,809,21087
22,21918,172,0.0,2711,809,21109
8,21926,172,0.0,2712,809,21117
15,21941,172,0.0,2713,809,21132
14,21955,172,0.0,2714,809,21146
4,21959,172,0.0,2715,809,21150
2,21961,172,0.0,2716,809,21152
7,21968,172,0.0,2717,809,21159
3,21971,172,0.0,2718,809,21162
19,21990,172,0.0,2719,809,21181
8,21998,172,0.0,2720,809,21189
12,22010,173,1.0,2721,809,21201
4,22014,173,0.0,2722,809,21205
3,22017,173,0.0,2723,809,21208
6,22023,173,0.0,2724,809,21214
2,22025,173,0.0,2725,809,21216
6,22031,173,0.0,2726,809,21222
6,22037,173,0.0,2727,809,21228
12,22049,173,0.0,2728,809,21240
9,22058,173,0.0,2729,809,21249
3,22061,173,0.0,2730,809,21252
5,22066,173,0.0,2731,809,21257
4,22070,173,0.0,2732,809,21261
5,22075,173,0.0,2733,809,21266
10,22085,173,0.0,2734,809,21276
12,22097,174,1.0,2735,809,21288
12,22109,175,1.0,2736,809,21300
12,22121,176,1.0,2737,809,21312
10,22131,176,0.0,2738,809,21322
12,22143,177,1.0,2739,809,21334
10,22153,177,0.0,2740,809,21344
25,22178,177,0.0,2741,809,21369
5,22183,177,0.0,2742,809,21374
23,22206,177,0.0,2743,809,21397
6,22212,177,0.0,2744,809,21403
19,22231,177,0.0,2745,809,21422
16,22247,178,1.0,2746,809,21438
2,22249,178,0.0,2747,809,21440
10,22259,178,0.0,2748,809,21450
6,22265,178,0.0,2749,809,21456
3,22268,178,0.0,2750,809,21459
2,22270,178,0.0,2751,809,21461
8,22278,178,0.0,2752,809,21469
16,22294,178,0.0,2753,809,21485
12,22306,179,1.0,2754,809,21497
2,22308,179,0.0,2755,809,21499
5,22313,179,0.0,2756,809,21504
6,22319,179,0.0,2757,809,21510
11,22330,179,0.0,2758,809,21521
16,22346,179,0.0,2759,809,21537
3,22349,179,0.0,2760,809,21540
12,22361,180,1.0,2761,809,21552
12,22373,180,0.0,2762,809,21564
2,22375,180,0.0,2763,809,21566
4,22379,180,0.0,2764,809,21570
3,22382,180,0.0,2765,809,21573
10,22392,180,0.0,2766,809,21583
21,22413,180,0.0,2767,809,21604
6,22419,180,0.0,2768,809,21610
6,22425,180,0.0,2769,809,21616
20,22445,180,0.0,2770,809,21636
3,22448,180,0.0,2771,809,21639
14,22462,180,0.0,2772,809,21653
2,22464,180,0.0,2773,809,21655
9,22473,180,0.0,2774,809,21664
12,22485,181,1.0,2775,809,21676
4,22489,181,0.0,2776,809,21680
12,22501,182,1.0,2777,809,21692
8,22509,182,0.0,2778,809,21700
4,22513,182,0.0,2779,809,21704
6,22519,182,0.0,2780,809,21710
18,22537,183,1.0,2781,809,21728
4,22541,183,0.0,2782,809,21732
6,22547,183,0.0,2783,809,21738
11,22558,183,0.0,2784,809,21749
4,22562,183,0.0,2785,809,21753
3,22565,183,0.0,2786,809,21756
11,22576,183,0.0,2787,809,21767
13,22589,183,0.0,2788,809,21780
12,22601,183,0.0,2789,809,21792
25,22626,183,0.0,2790,809,21817
6,22632,183,0.0,2791,809,21823
8,22640,183,0.0,2792,809,21831
12,22652,184,1.0,2793,809,21843
11,22663,184,0.0,2794,809,21854
24,22687,184,0.0,2795,809,21878
14,22701,184,0.0,2796,809,21892
12,22713,185,1.0,2797,809,21904
7,22720,185,0.0,2798,809,21911
9,22729,185,0.0,2799,809,21920
10,22739,185,0.0,2800,809,21930
10,22749,185,0.0,2801,809,21940
12,22761,186,1.0,2802,809,21952
6,22767,186,0.0,2803,809,21958
12,22779,187,1.0,2804,809,21970
12,22791,188,1.0,2805,809,21982
2,22793,188,0.0,2806,809,21984
12,22805,188,0.0,2807,809,21996
9,22814,189,1.0,2808,809,22005
16,22830,189,0.0,2809,809,22021
6,22836,189,0.0,2810,809,22027
8,22844,189,0.0,2811,809,22035
9,22853,190,1.0,2812,809,22044
12,22865,191,1.0,2813,809,22056
5,22870,191,0.0,2814,809,22061
4,22874,191,0.0,2815,809,22065
27,22901,192,1.0,2816,809,22092
7,22908,192,0.0,2817,809,22099
2,22910,192,0.0,2818,809,22101
12,22922,193,1.0,2819,809,22113
5,22927,193,0.0,2820,809,22118
2,22929,193,0.0,2821,809,22120
12,22941,194,1.0,2822,809,22132
7,22948,194,0.0,2823,809,22139
12,22960,195,1.0,2824,809,22151
6,22966,195,0.0,2825,809,22157
10,22976,195,0.0,2826,809,22167
6,22982,195,0.0,2827,809,22173
3,22985,195,0.0,2828,809,22176
4,22989,195,0.0,2829,809,22180
12,23001,196,1.0,2830,809,22192
6,23007,196,0.0,2831,809,22198
11,23018,196,0.0,2832,809,22209
4,23022,196,0.0,2833,809,22213
22,23044,196,0.0,2834,809,22235
3,23047,196,0.0,2835,809,22238
12,23059,197,1.0,2836,809,22250
7,23066,197,0.0,2837,809,22257
11,23077,197,0.0,2838,809,22268
5,23082,197,0.0,2839,809,22273
6,23088,197,0.0,2840,809,22279
5,23093,197,0.0,2841,809,22284
4,23097,197,0.0,2842,809,22288
3,23100,197,0.0,2843,809,22291
6,23106,197,0.0,2844,809,22297
9,23115,197,0.0,2845,809,22306
12,23127,198,1.0,2846,809,22318
15,23142,198,0.0,2847,809,22333
18,23160,198,0.0,2848,809,22351
6,23166,198,0.0,2849,809,22357
4,23170,198,0.0,2850,809,22361
16,23186,199,1.0,2851,809,22377
23,23209,199,0.0,2852,809,22400
13,23222,199,0.0,2853,809,22413
2,23224,199,0.0,2854,809,22415
6,23230,199,0.0,2855,809,22421
8,23238,199,0.0,2856,809,22429
7,23245,199,0.0,2857,809,22436
3,23248,199,0.0,2858,809,22439
24,23272,199,0.0,2859,809,22463
10,23282,199,0.0,2860,809,22473
3,23285,199,0.0,2861,809,22476
10,23295,199,0.0,2862,809,22486
6,23301,199,0.0,2863,809,22492
17,23318,199,0.0,2864,809,22509
4,23322,199,0.0,2865,809,22513
12,23334,199,0.0,2866,809,22525
2,23336,199,0.0,2867,809,22527
6,23342,199,0.0,2868,809,22533
3,23345,199,0.0,2869,809,22536
11,23356,199,0.0,2870,809,22547
12,23368,200,1.0,2871,809,22559
2,23370,200,0.0,2872,809,22561
11,23381,200,0.0,2873,809,22572
11,23392,200,0.0,2874,809,22583
9,23401,200,0.0,2875,809,22592
3,23404,200,0.0,2876,809,22595
12,23416,201,1.0,2877,809,22607
25,23441,201,0.0,2878,809,22632
25,23466,201,0.0,2879,809,22657
6,23472,201,0.0,2880,809,22663
13,23485,201,0.0,2881,809,22676
6,23491,201,0.0,2882,809,22682
2,23493,201,0.0,2883,809,22684
9,23502,202,1.0,2884,809,22693
11,23513,202,0.0,2885,809,22704
5,23518,202,0.0,2886,809,22709
3,23521,202,0.0,2887,809,22712
12,23533,203,1.0,2888,809,22724
12,23545,204,1.0,2889,809,22736
7,23552,204,0.0,2890,809,22743
23,23575,204,0.0,2891,809,22766
8,23583,204,0.0,2892,809,22774
10,23593,204,0.0,2893,809,22784
4,23597,204,0.0,2894,809,22788
12,23609,205,1.0,2895,809,22800
13,23622,205,0.0,2896,809,22813
2,23624,205,0.0,2897,809,22815
5,23629,205,0.0,2898,809,22820
6,23635,205,0.0,2899,809,22826
12,23647,206,1.0,2900,809,22838
12,23659,207,1.0,2901,809,22850
4,23663,207,0.0,2902,809,22854
5,23668,207,0.0,2903,809,22859
4,23672,207,0.0,2904,809,22863
4,23676,207,0.0,2905,809,22867
12,23688,208,1.0,2906,809,22879
7,23695,208,0.0,2907,809,22886
2,23697,208,0.0,2908,809,22888
7,23704,208,0.0,2909,809,22895
6,23710,208,0.0,2910,809,22901
16,23726,209,1.0,2911,809,22917
12,23738,210,1.0,2912,809,22929
13,23751,210,0.0,2913,809,22942
4,23755,210,0.0,2914,809,22946
10,23765,210,0.0,2915,809,22956
7,23772,210,0.0,2916,809,22963
2,23774,210,0.0,2917,809,22965
6,23780,210,0.0,2918,809,22971
5,23785,210,0.0,2919,809,22976
10,23795,210,0.0,2920,809,22986
5,23800,210,0.0,2921,809,22991
7,23807,210,0.0,2922,809,22998
25,23832,210,0.0,2923,809,23023
12,23844,211,1.0,2924,809,23035
5,23849,211,0.0,2925,809,23040
2,23851,211,0.0,2926,809,23042
3,23854,211,0.0,2927,809,23045
9,23863,211,0.0,2928,809,23054
10,23873,211,0.0,2929,809,23064
4,23877,211,0.0,2930,809,23068
2,23879,211,0.0,2931,809,23070
10,23889,211,0.0,2932,809,23080
39,23928,212,1.0,2933,809,23119
6,23934,212,0.0,2934,809,23125
7,23941,212,0.0,2935,809,23132
12,23953,213,1.0,2936,809,23144
18,23971,214,1.0,2937,809,23162
12,23983,215,1.0,2938,809,23174
3,23986,215,0.0,2939,809,23177
3,23989,215,0.0,2940,809,23180
3,23992,215,0.0,2941,809,23183
23,24015,215,0.0,2942,809,23206
4,24019,215,0.0,2943,809,23210
5,24024,215,0.0,2944,809,23215
11,24035,215,0.0,2945,809,23226
10,24045,215,0.0,2946,809,23236
6,24051,215,0.0,2947,809,23242
7,24058,215,0.0,2948,809,23249
12,24070,216,1.0,2949,809,23261
24,24094,216,0.0,2950,809,23285
3,24097,216,0.0,2951,809,23288
4,24101,216,0.0,2952,809,23292
12,24113,217,1.0,2953,809,23304
2,24115,217,0.0,2954,809,23306
5,24120,217,0.0,2955,809,23311
11,24131,217,0.0,2956,809,23322
11,24142,217,0.0,2957,809,23333
18,24160,218,1.0,2958,809,23351
2,24162,218,0.0,2959,809,23353
25,24187,218,0.0,2960,809,23378
5,24192,218,0.0,2961,809,23383
16,24208,218,0.0,2962,809,23399
6,24214,218,0.0,2963,809,23405
11,24225,218,0.0,2964,809,23416
12,24237,219,1.0,2965,809,23428
5,24242,219,0.0,2966,809,23433
3,24245,219,0.0,2967,809,23436
6,24251,219,0.0,2968,809,23442
5,24256,219,0.0,2969,809,23447
4,24260,219,0.0,2970,809,23451
3,24263,219,0.0,2971,809,23454
3,24266,219,0.0,2972,809,23457
13,24279,219,0.0,2973,809,23470
7,24286,219,0.0,2974,809,23477
13,24299,219,0.0,2975,809,23490
33,24332,219,0.0,2976,809,23523
12,24344,220,1.0,2977,809,23535
11,24355,220,0.0,2978,809,23546
3,24358,220,0.0,2979,809,23549
7,24365,220,0.0,2980,809,23556
12,24377,221,1.0,2981,809,23568
25,24402,221,0.0,2982,809,23593
4,24406,221,0.0,2983,809,23597
4,24410,221,0.0,2984,809,23601
6,24416,221,0.0,2985,809,23607
4,24420,221,0.0,2986,809,23611
6,24426,221,0.0,2987,809,23617
12,24438,222,1.0,2988,809,23629
3,24441,222,0.0,2989,809,23632
21,24462,222,0.0,2990,809,23653
11,24473,222,0.0,2991,809,23664
10,24483,222,0.0,2992,809,23674
2,24485,222,0.0,2993,809,23676
4,24489,222,0.0,2994,809,23680
9,24498,222,0.0,2995,809,23689
7,24505,222,0.0,2996,809,23696
6,24511,222,0.0,2997,809,23702
6,24517,222,0.0,2998,809,23708
4,24521,222,0.0,2999,809,23712
4,24525,222,0.0,3000,809,23716
12,24537,223,1.0,3001,809,23728
2,24539,223,0.0,3002,809,23730
7,24546,223,0.0,3003,809,23737
7,24553,223,0.0,3004,809,23744
12,24565,224,1.0,3005,809,23756
3,24568,224,0.0,3006,809,23759
4,24572,224,0.0,3007,809,23763
14,24586,224,0.0,3008,809,23777
8,24594,224,0.0,3009,809,23785
3,24597,224,0.0,3010,809,23788
5,24602,224,0.0,3011,809,23793
9,24611,224,0.0,3012,809,23802
7,24618,224,0.0,3013,809,23809
13,24631,224,0.0,3014,809,23822
7,24638,224,0.0,3015,809,23829
4,24642,224,0.0,3016,809,23833
3,24645,224,0.0,3017,809,23836
12,24657,225,1.0,3018,809,23848
8,24665,225,0.0,3019,809,23856
19,24684,225,0.0,3020,809,23875
2,24686,225,0.0,3021,809,23877
2,24688,225,0.0,3022,809,23879
12,24700,226,1.0,3023,809,23891
6,24706,226,0.0,3024,809,23897
5,24711,226,0.0,3025,809,23902
7,24718,226,0.0,3026,809,23909
6,24724,226,0.0,3027,809,23915
12,24736,227,1.0,3028,809,23927
12,24748,228,1.0,3029,809,23939
16,24764,228,0.0,3030,809,23955
10,24774,228,0.0,3031,809,23965
11,24785,228,0.0,3032,809,23976
16,24801,229,1.0,3033,809,23992
3,24804,229,0.0,3034,809,23995
3,24807,229,0.0,3035,809,23998
6,24813,229,0.0,3036,809,24004
9,24822,229,0.0,3037,809,24013
5,24827,229,0.0,3038,809,24018
2,24829,229,0.0,3039,809,24020
7,24836,229,0.0,3040,809,24027
7,24843,229,0.0,3041,809,24034
12,24855,230,1.0,3042,809,24046
11,24866,230,0.0,3043,809,24057
8,24874,230,0.0,3044,809,24065
12,24886,231,1.0,3045,809,24077
5,24891,231,0.0,3046,809,24082
9,24900,231,0.0,3047,809,24091
3,24903,231,0.0,3048,809,24094
12,24915,232,1.0,3049,809,24106
13,24928,232,0.0,3050,809,24119
2,24930,232,0.0,3051,809,24121
2,24932,232,0.0,3052,809,24123
22,24954,232,0.0,3053,809,24145
2,24956,232,0.0,3054,809,24147
16,24972,233,1.0,3055,809,24163
12,24984,234,1.0,3056,809,24175
6,24990,234,0.0,3057,809,24181
2,24992,234,0.0,3058,809,24183
8,25000,234,0.0,3059,809,24191
10,25010,234,0.0,3060,809,24201
15,25025,234,0.0,3061,809,24216
17,25042,234,0.0,3062,809,24233
16,25058,235,1.0,3063,809,24249
7,25065,235,0.0,3064,809,24256
7,25072,235,0.0,3065,809,24263
4,25076,235,0.0,3066,809,24267
18,25094,236,1.0,3067,809,24285
18,25112,237,1.0,3068,809,24303
6,25118,237,0.0,3069,809,24309
25,25143,237,0.0,3070,809,24334
16,25159,237,0.0,3071,809,24350
12,25171,238,1.0,3072,809,24362
16,25187,238,0.0,3073,809,24378
6,25193,238,0.0,3074,809,24384
2,25195,238,0.0,3075,809,24386
15,25210,238,0.0,3076,809,24401
10,25220,238,0.0,3077,809,24411
7,25227,238,0.0,3078,809,24418
3,25230,238,0.0,3079,809,24421
13,25243,238,0.0,3080,809,24434
2,25245,238,0.0,3081,809,24436
12,25257,239,1.0,3082,809,24448
2,25259,239,0.0,3083,809,24450
4,25263,239,0.0,3084,809,24454
4,25267,239,0.0,3085,809,24458
8,25275,239,0.0,3086,809,24466
14,25289,239,0.0,3087,809,24480
11,25300,239,0.0,3088,809,24491
2,25302,239,0.0,3089,809,24493
12,25314,240,1.0,3090,809,24505
8,25322,240,0.0,3091,809,24513
3,25325,240,0.0,3092,809,24516
11,25336,240,0.0,3093,809,24527
11,25347,240,0.0,3094,809,24538
12,25359,241,1.0,3095,809,24550
25,25384,241,0.0,3096,809,24575
3,25387,241,0.0,3097,809,24578
12,25399,242,1.0,3098,809,24590
2,25401,242,0.0,3099,809,24592
5,25406,242,0.0,3100,809,24597
4,25410,242,0.0,3101,809,24601
9,25419,242,0.0,3102,809,24610
11,25430,242,0.0,3103,809,24621
12,25442,243,1.0,3104,809,24633
10,25452,243,0.0,3105,809,24643
12,25464,244,1.0,3106,809,24655
4,25468,244,0.0,3107,809,24659
12,25480,244,0.0,3108,809,24671
11,25491,244,0.0,3109,809,24682
21,25512,244,0.0,3110,809,24703
11,25523,244,0.0,3111,809,24714
2,25525,244,0.0,3112,809,24716
12,25537,245,1.0,3113,809,24728
25,25562,245,0.0,3114,809,24753
12,25574,246,1.0,3115,809,24765
2,25576,246,0.0,3116,809,24767
3,25579,246,0.0,3117,809,24770
11,25590,246,0.0,3118,809,24781
6,25596,246,0.0,3119,809,24787
9,25605,246,0.0,3120,809,24796
14,25619,246,0.0,3121,809,24810
3,25622,246,0.0,3122,809,24813
7,25629,246,0.0,3123,809,24820
16,25645,247,1.0,3124,809,24836
4,25649,247,0.0,3125,809,24840
12,25661,247,0.0,3126,809,24852
6,25667,247,0.0,3127,809,24858
6,25673,247,0.0,3128,809,24864
20,25693,247,0.0,3129,809,24884
5,25698,247,0.0,3130,809,24889
3,25701,247,0.0,3131,809,24892
10,25711,247,0.0,3132,809,24902
12,25723,248,1.0,3133,809,24914
12,25735,249,1.0,3134,809,24926
6,25741,249,0.0,3135,809,24932
12,25753,249,0.0,3136,809,24944
4,25757,249,0.0,3137,809,24948
6,25763,249,0.0,3138,809,24954
11,25774,249,0.0,3139,809,24965
4,25778,249,0.0,3140,809,24969
6,25784,249,0.0,3141,809,24975
5,25789,249,0.0,3142,809,24980
3,25792,249,0.0,3143,809,24983
4,25796,249,0.0,3144,809,24987
9,25805,250,1.0,3145,809,24996
2,25807,250,0.0,3146,809,24998
30,25837,250,0.0,3147,809,25028
4,25841,250,0.0,3148,809,25032
2,25843,250,0.0,3149,809,25034
24,25867,250,0.0,3150,809,25058
6,25873,250,0.0,3151,809,25064
8,25881,250,0.0,3152,809,25072
6,25887,250,0.0,3153,809,25078
12,25899,251,1.0,3154,809,25090
22,25921,251,0.0,3155,809,25112
2,25923,251,0.0,3156,809,25114
4,25927,251,0.0,3157,809,25118
6,25933,251,0.0,3158,809,25124
12,25945,251,0.0,3159,809,25136
5,25950,251,0.0,3160,809,25141
17,25967,251,0.0,3161,809,25158
6,25973,251,0.0,3162,809,25164
12,25985,252,1.0,3163,809,25176
4,25989,252,0.0,3164,809,25180
10,25999,252,0.0,3165,809,25190
6,26005,252,0.0,3166,809,25196
16,26021,253,1.0,3167,809,25212
2,26023,253,0.0,3168,809,25214
11,26034,253,0.0,3169,809,25225
12,26046,253,0.0,3170,809,25237
18,26064,254,1.0,3171,809,25255
12,26076,255,1.0,3172,809,25267
14,26090,255,0.0,3173,809,25281
6,26096,255,0.0,3174,809,25287
12,26108,256,1.0,3175,809,25299
6,26114,256,0.0,3176,809,25305
6,26120,256,0.0,3177,809,25311
12,26132,256,0.0,3178,809,25323
7,26139,256,0.0,3179,809,25330
7,26146,256,0.0,3180,809,25337
11,26157,256,0.0,3181,809,25348
5,26162,256,0.0,3182,809,25353
11,26173,256,0.0,3183,809,25364
6,26179,256,0.0,3184,809,25370
5,26184,256,0.0,3185,809,25375
3,26187,256,0.0,3186,809,25378
3,26190,256,0.0,3187,809,25381
2,26192,256,0.0,3188,809,25383
12,26204,257,1.0,3189,809,25395
6,26210,257,0.0,3190,809,25401
12,26222,257,0.0,3191,809,25413
4,26226,257,0.0,3192,809,25417
2,26228,257,0.0,3193,809,25419
5,26233,257,0.0,3194,809,25424
10,26243,257,0.0,3195,809,25434
3,26246,257,0.0,3196,809,25437
2,26248,257,0.0,3197,809,25439
12,26260,258,1.0,3198,809,25451
3,26263,258,0.0,3199,809,25454
6,26269,258,0.0,3200,809,25460
4,26273,258,0.0,3201,809,25464
12,26285,259,1.0,3202,809,25476
5,26290,259,0.0,3203,809,25481
4,26294,259,0.0,3204,809,25485
16,26310,259,0.0,3205,809,25501
8,26318,259,0.0,3206,809,25509
6,26324,259,0.0,3207,809,25515
2,26326,259,0.0,3208,809,25517
25,26351,259,0.0,3209,809,25542
21,26372,259,0.0,3210,809,25563
12,26384,260,1.0,3211,809,25575
2,26386,260,0.0,3212,809,25577
8,26394,260,0.0,3213,809,25585
6,26400,260,0.0,3214,809,25591
3,26403,260,0.0,3215,809,25594
19,26422,260,0.0,3216,809,25613
12,26434,261,1.0,3217,809,25625
6,26440,261,0.0,3218,809,25631
12,26452,262,1.0,3219,809,25643
6,26458,262,0.0,3220,809,25649
13,26471,262,0.0,3221,809,25662
2,26473,262,0.0,3222,809,25664
3,26476,262,0.0,3223,809,25667
10,26486,262,0.0,3224,809,25677
5,26491,262,0.0,3225,809,25682
10,26501,262,0.0,3226,809,25692
6,26507,262,0.0,3227,809,25698
3,26510,262,0.0,3228,809,25701
11,26521,262,0.0,3229,809,25712
5,26526,262,0.0,3230,809,25717
12,26538,263,1.0,3231,809,25729
7,26545,263,0.0,3232,809,25736
12,26557,264,1.0,3233,809,25748
6,26563,264,0.0,3234,809,25754
14,26577,264,0.0,3235,809,25768
11,26588,264,0.0,3236,809,25779
6,26594,264,0.0,3237,809,25785
9,26603,264,0.0,3238,809,25794
12,26615,265,1.0,3239,809,25806
3,26618,265,0.0,3240,809,25809
2,26620,265,0.0,3241,809,25811
7,26627,265,0.0,3242,809,25818
3,26630,265,0.0,3243,809,25821
10,26640,265,0.0,3244,809,25831
6,26646,265,0.0,3245,809,25837
3,26649,265,0.0,3246,809,25840
16,26665,266,1.0,3247,809,25856
12,26677,266,0.0,3248,809,25868
12,26689,266,0.0,3249,809,25880
6,26695,266,0.0,3250,809,25886
6,26701,266,0.0,3251,809,25892
2,26703,266,0.0,3252,809,25894
6,26709,266,0.0,3253,809,25900
27,26736,267,1.0,3254,809,25927
25,26761,267,0.0,3255,809,25952
16,26777,268,1.0,3256,809,25968
16,26793,268,0.0,3257,809,25984
25,26818,268,0.0,3258,809,26009
16,26834,269,1.0,3259,809,26025
12,26846,269,0.0,3260,809,26037
3,26849,269,0.0,3261,809,26040
3,26852,269,0.0,3262,809,26043
2,26854,269,0.0,3263,809,26045
2,26856,269,0.0,3264,809,26047
2,26858,269,0.0,3265,809,26049
6,26864,269,0.0,3266,809,26055
3,26867,269,0.0,3267,809,26058
12,26879,270,1.0,3268,809,26070
11,26890,270,0.0,3269,809,26081
4,26894,270,0.0,3270,809,26085
16,26910,271,1.0,3271,809,26101
2,26912,271,0.0,3272,809,26103
3,26915,271,0.0,3273,809,26106
14,26929,271,0.0,3274,809,26120
3,26932,271,0.0,3275,809,26123
6,26938,271,0.0,3276,809,26129
5,26943,271,0.0,3277,809,26134
4,26947,271,0.0,3278,809,26138
10,26957,271,0.0,3279,809,26148
5,26962,271,0.0,3280,809,26153
6,26968,271,0.0,3281,809,26159
2,26970,271,0.0,3282,809,26161
6,26976,271,0.0,3283,809,26167
2,26978,271,0.0,3284,809,26169
6,26984,271,0.0,3285,809,26175
9,26993,271,0.0,3286,809,26184
6,26999,271,0.0,3287,809,26190
15,27014,271,0.0,3288,809,26205
4,27018,271,0.0,3289,809,26209
7,27025,271,0.0,3290,809,26216
12,27037,271,0.0,3291,809,26228
4,27041,271,0.0,3292,809,26232
8,27049,271,0.0,3293,809,26240
3,27052,271,0.0,3294,809,26243
5,27057,271,0.0,3295,809,26248
12,27069,272,1.0,3296,809,26260
12,27081,273,1.0,3297,809,26272
12,27093,274,1.0,3298,809,26284
7,27100,274,0.0,3299,809,26291
6,27106,274,0.0,3300,809,26297
7,27113,274,0.0,3301,809,26304
6,27119,274,0.0,3302,809,26310
9,27128,274,0.0,3303,809,26319
7,27135,274,0.0,3304,809,26326
2,27137,274,0.0,3305,809,26328
21,27158,274,0.0,3306,809,26349
8,27166,274,0.0,3307,809,26357
5,27171,274,0.0,3308,809,26362
10,27181,274,0.0,3309,809,26372
4,27185,274,0.0,3310,809,26376
18,27203,275,1.0,3311,809,26394
7,27210,275,0.0,3312,809,26401
9,27219,275,0.0,3313,809,26410
6,27225,275,0.0,3314,809,26416
21,27246,275,0.0,3315,809,26437
11,27257,275,0.0,3316,809,26448
4,27261,275,0.0,3317,809,26452
19,27280,275,0.0,3318,809,26471
13,27293,275,0.0,3319,809,26484
12,27305,276,1.0,3320,809,26496
7,27312,276,0.0,3321,809,26503
6,27318,276,0.0,3322,809,26509
6,27324,276,0.0,3323,809,26515
3,27327,276,0.0,3324,809,26518
2,27329,276,0.0,3325,809,26520
3,27332,276,0.0,3326,809,26523
8,27340,276,0.0,3327,809,26531
4,27344,276,0.0,3328,809,26535
4,27348,276,0.0,3329,809,26539
11,27359,276,0.0,3330,809,26550
2,27361,276,0.0,3331,809,26552
11,27372,276,0.0,3332,809,26563
3,27375,276,0.0,3333,809,26566
6,27381,276,0.0,3334,809,26572
3,27384,276,0.0,3335,809,26575
4,27388,276,0.0,3336,809,26579
4,27392,276,0.0,3337,809,26583
15,27407,276,0.0,3338,809,26598
6,27413,276,0.0,3339,809,26604
36,27449,276,0.0,3340,809,26640
11,27460,276,0.0,3341,809,26651
3,27463,276,0.0,3342,809,26654
11,27474,276,0.0,3343,809,26665
6,27480,276,0.0,3344,809,26671
2,27482,276,0.0,3345,809,26673
5,27487,276,0.0,3346,809,26678
12,27499,277,1.0,3347,809,26690
3,27502,277,0.0,3348,809,26693
6,27508,277,0.0,3349,809,26699
13,27521,277,0.0,3350,809,26712
6,27527,277,0.0,3351,809,26718
2,27529,277,0.0,3352,809,26720
5,27534,277,0.0,3353,809,26725
7,27541,277,0.0,3354,809,26732
10,27551,277,0.0,3355,809,26742
17,27568,277,0.0,3356,809,26759
3,27571,277,0.0,3357,809,26762
6,27577,277,0.0,3358,809,26768
6,27583,277,0.0,3359,809,26774
16,27599,277,0.0,3360,809,26790
4,27603,277,0.0,3361,809,26794
10,27613,277,0.0,3362,809,26804
17,27630,277,0.0,3363,809,26821
10,27640,277,0.0,3364,809,26831
16,27656,278,1.0,3365,809,26847
4,27660,278,0.0,3366,809,26851
3,27663,278,0.0,3367,809,26854
26,27689,278,0.0,3368,809,26880
2,27691,278,0.0,3369,809,26882
4,27695,278,0.0,3370,809,26886
8,27703,278,0.0,3371,809,26894
3,27706,278,0.0,3372,809,26897
6,27712,278,0.0,3373,809,26903
12,27724,279,1.0,3374,809,26915
4,27728,279,0.0,3375,809,26919
5,27733,279,0.0,3376,809,26924
9,27742,279,0.0,3377,809,26933
6,27748,279,0.0,3378,809,26939
9,27757,279,0.0,3379,809,26948
2,27759,279,0.0,3380,809,26950
4,27763,279,0.0,3381,809,26954
9,27772,279,0.0,3382,809,26963
16,27788,280,1.0,3383,809,26979
3,27791,280,0.0,3384,809,26982
15,27806,280,0.0,3385,809,26997
8,27814,280,0.0,3386,809,27005
2,27816,280,0.0,3387,809,27007
10,27826,280,0.0,3388,809,27017
5,27831,280,0.0,3389,809,27022
12,27843,281,1.0,3390,809,27034
7,27850,281,0.0,3391,809,27041
7,27857,281,0.0,3392,809,27048
18,27875,281,0.0,3393,809,27066
27,27902,281,0.0,3394,809,27093
10,27912,281,0.0,3395,809,27103
12,27924,282,1.0,3396,809,27115
5,27929,282,0.0,3397,809,27120
2,27931,282,0.0,3398,809,27122
5,27936,282,0.0,3399,809,27127
6,27942,282,0.0,3400,809,27133
27,27969,283,1.0,3401,809,27160
11,27980,283,0.0,3402,809,27171
8,27988,283,0.0,3403,809,27179
15,28003,283,0.0,3404,809,27194
4,28007,283,0.0,3405,809,27198
2,28009,283,0.0,3406,809,27200
6,28015,283,0.0,3407,809,27206
12,28027,283,0.0,3408,809,27218
5,28032,283,0.0,3409,809,27223
3,28035,283,0.0,3410,809,27226
2,28037,283,0.0,3411,809,27228
15,28052,283,0.0,3412,809,27243
4,28056,283,0.0,3413,809,27247
8,28064,283,0.0,3414,809,27255
8,28072,283,0.0,3415,809,27263
4,28076,283,0.0,3416,809,27267
2,28078,283,0.0,3417,809,27269
47,28125,283,0.0,3418,809,27316
4,28129,283,0.0,3419,809,27320
16,28145,284,1.0,3420,809,27336
25,28170,284,0.0,3421,809,27361
5,28175,284,0.0,3422,809,27366
12,28187,285,1.0,3423,809,27378
6,28193,285,0.0,3424,809,27384
3,28196,285,0.0,3425,809,27387
2,28198,285,0.0,3426,809,27389
18,28216,285,0.0,3427,809,27407
12,28228,285,0.0,3428,809,27419
3,28231,285,0.0,3429,809,27422
6,28237,285,0.0,3430,809,27428
6,28243,285,0.0,3431,809,27434
6,28249,285,0.0,3432,809,27440
13,28262,285,0.0,3433,809,27453
23,28285,285,0.0,3434,809,27476
26,28311,285,0.0,3435,809,27502
2,28313,285,0.0,3436,809,27504
6,28319,285,0.0,3437,809,27510
8,28327,285,0.0,3438,809,27518
11,28338,285,0.0,3439,809,27529
11,28349,285,0.0,3440,809,27540
6,28355,285,0.0,3441,809,27546
7,28362,285,0.0,3442,809,27553
8,28370,285,0.0,3443,809,27561
10,28380,285,0.0,3444,809,27571
6,28386,285,0.0,3445,809,27577
4,28390,285,0.0,3446,809,27581
3,28393,285,0.0,3447,809,27584
6,28399,285,0.0,3448,809,27590
8,28407,285,0.0,3449,809,27598
2,28409,285,0.0,3450,809,27600
9,28418,285,0.0,3451,809,27609
10,28428,285,0.0,3452,809,27619
7,28435,285,0.0,3453,809,27626
20,28455,285,0.0,3454,809,27646
19,28474,285,0.0,3455,809,27665
5,28479,285,0.0,3456,809,27670
5,28484,285,0.0,3457,809,27675
15,28499,285,0.0,3458,809,27690
4,28503,285,0.0,3459,809,27694
5,28508,285,0.0,3460,809,27699
12,28520,285,0.0,3461,809,27711
12,28532,286,1.0,3462,809,27723
16,28548,287,1.0,3463,809,27739
8,28556,287,0.0,3464,809,27747
7,28563,287,0.0,3465,809,27754
9,28572,287,0.0,3466,809,27763
11,28583,287,0.0,3467,809,27774
2,28585,287,0.0,3468,809,27776
8,28593,287,0.0,3469,809,27784
2,28595,287,0.0,3470,809,27786
2,28597,287,0.0,3471,809,27788
3,28600,287,0.0,3472,809,27791
4,28604,287,0.0,3473,809,27795
4,28608,287,0.0,3474,809,27799
8,28616,287,0.0,3475,809,27807
12,28628,288,1.0,3476,809,27819
6,28634,288,0.0,3477,809,27825
13,28647,288,0.0,3478,809,27838
6,28653,288,0.0,3479,809,27844
5,28658,288,0.0,3480,809,27849
13,28671,288,0.0,3481,809,27862
12,28683,289,1.0,3482,809,27874
5,28688,289,0.0,3483,809,27879
5,28693,289,0.0,3484,809,27884
2,28695,289,0.0,3485,809,27886
9,28704,290,1.0,3486,809,27895
12,28716,291,1.0,3487,809,27907
9,28725,291,0.0,3488,809,27916
6,28731,291,0.0,3489,809,27922
9,28740,291,0.0,3490,809,27931
16,28756,291,0.0,3491,809,27947
4,28760,291,0.0,3492,809,27951
5,28765,291,0.0,3493,809,27956
8,28773,291,0.0,3494,809,27964
6,28779,291,0.0,3495,809,27970
4,28783,291,0.0,3496,809,27974
7,28790,291,0.0,3497,809,27981
2,28792,291,0.0,3498,809,27983
8,28800,291,0.0,3499,809,27991
12,28812,292,1.0,3500,809,28003
25,28837,292,0.0,3501,809,28028
12,28849,292,0.0,3502,809,28040
6,28855,292,0.0,3503,809,28046
4,28859,292,0.0,3504,809,28050
22,28881,292,0.0,3505,809,28072
3,28884,292,0.0,3506,809,28075
15,28899,292,0.0,3507,809,28090
18,28917,292,0.0,3508,809,28108
2,28919,292,0.0,3509,809,28110
5,28924,292,0.0,3510,809,28115
6,28930,292,0.0,3511,809,28121
10,28940,292,0.0,3512,809,28131
6,28946,292,0.0,3513,809,28137
3,28949,292,0.0,3514,809,28140
5,28954,292,0.0,3515,809,28145
7,28961,292,0.0,3516,809,28152
6,28967,292,0.0,3517,809,28158
8,28975,292,0.0,3518,809,28166
5,28980,292,0.0,3519,809,28171
6,28986,292,0.0,3520,809,28177
6,28992,292,0.0,3521,809,28183
25,29017,292,0.0,3522,809,28208
4,29021,292,0.0,3523,809,28212
7,29028,292,0.0,3524,809,28219
3,29031,292,0.0,3525,809,28222
8,29039,292,0.0,3526,809,28230
6,29045,292,0.0,3527,809,28236
7,29052,292,0.0,3528,809,28243
11,29063,292,0.0,3529,809,28254
4,29067,292,0.0,3530,809,28258
3,29070,292,0.0,3531,809,28261
25,29095,292,0.0,3532,809,28286
7,29102,292,0.0,3533,809,28293
5,29107,292,0.0,3534,809,28298
8,29115,292,0.0,3535,809,28306
5,29120,292,0.0,3536,809,28311
7,29127,292,0.0,3537,809,28318
7,29134,292,0.0,3538,809,28325
11,29145,292,0.0,3539,809,28336
12,29157,293,1.0,3540,809,28348
7,29164,293,0.0,3541,809,28355
5,29169,293,0.0,3542,809,28360
24,29193,293,0.0,3543,809,28384
7,29200,293,0.0,3544,809,28391
3,29203,293,0.0,3545,809,28394
3,29206,293,0.0,3546,809,28397
8,29214,293,0.0,3547,809,28405
9,29223,293,0.0,3548,809,28414
15,29238,293,0.0,3549,809,28429
2,29240,293,0.0,3550,809,28431
12,29252,294,1.0,3551,809,28443
10,29262,294,0.0,3552,809,28453
9,29271,294,0.0,3553,809,28462
10,29281,294,0.0,3554,809,28472
4,29285,294,0.0,3555,809,28476
4,29289,294,0.0,3556,809,28480
28,29317,294,0.0,3557,809,28508
11,29328,294,0.0,3558,809,28519
11,29339,294,0.0,3559,809,28530
11,29350,294,0.0,3560,809,28541
6,29356,294,0.0,3561,809,28547
4,29360,294,0.0,3562,809,28551
13,29373,294,0.0,3563,809,28564
2,29375,294,0.0,3564,809,28566
9,29384,295,1.0,3565,809,28575
4,29388,295,0.0,3566,809,28579
12,29400,296,1.0,3567,809,28591
2,29402,296,0.0,3568,809,28593
3,29405,296,0.0,3569,809,28596
3,29408,296,0.0,3570,809,28599
3,29411,296,0.0,3571,809,28602
3,29414,296,0.0,3572,809,28605
12,29426,297,1.0,3573,809,28617
6,29432,297,0.0,3574,809,28623
12,29444,298,1.0,3575,809,28635
27,29471,298,0.0,3576,809,28662
5,29476,298,0.0,3577,809,28667
11,29487,298,0.0,3578,809,28678
12,29499,298,0.0,3579,809,28690
14,29513,298,0.0,3580,809,28704
12,29525,298,0.0,3581,809,28716
5,29530,298,0.0,3582,809,28721
2,29532,298,0.0,3583,809,28723
5,29537,298,0.0,3584,809,28728
16,29553,298,0.0,3585,809,28744
2,29555,298,0.0,3586,809,28746
22,29577,298,0.0,3587,809,28768
4,29581,298,0.0,3588,809,28772
3,29584,298,0.0,3589,809,28775
7,29591,298,0.0,3590,809,28782
8,29599,298,0.0,3591,809,28790
4,29603,298,0.0,3592,809,28794
14,29617,298,0.0,3593,809,28808
6,29623,298,0.0,3594,809,28814
3,29626,298,0.0,3595,809,28817
3,29629,298,0.0,3596,809,28820
12,29641,299,1.0,3597,809,28832
14,29655,299,0.0,3598,809,28846
11,29666,299,0.0,3599,809,28857
10,29676,299,0.0,3600,809,28867
2,29678,299,0.0,3601,809,28869
11,29689,299,0.0,3602,809,28880
2,29691,299,0.0,3603,809,28882
9,29700,300,1.0,3604,809,28891
10,29710,300,0.0,3605,809,28901
10,29720,300,0.0,3606,809,28911
2,29722,300,0.0,3607,809,28913
12,29734,301,1.0,3608,809,28925
8,29742,301,0.0,3609,809,28933
6,29748,301,0.0,3610,809,28939
8,29756,301,0.0,3611,809,28947
8,29764,301,0.0,3612,809,28955
14,29778,301,0.0,3613,809,28969
12,29790,301,0.0,3614,809,28981
6,29796,301,0.0,3615,809,28987
10,29806,301,0.0,3616,809,28997
12,29818,302,1.0,3617,809,29009
12,29830,303,1.0,3618,809,29021
5,29835,303,0.0,3619,809,29026
8,29843,303,0.0,3620,809,29034
8,29851,303,0.0,3621,809,29042
2,29853,303,0.0,3622,809,29044
3,29856,303,0.0,3623,809,29047
5,29861,303,0.0,3624,809,29052
2,29863,303,0.0,3625,809,29054
36,29899,303,0.0,3626,809,29090
8,29907,303,0.0,3627,809,29098
7,29914,303,0.0,3628,809,29105
7,29921,303,0.0,3629,809,29112
16,29937,303,0.0,3630,809,29128
5,29942,303,0.0,3631,809,29133
7,29949,303,0.0,3632,809,29140
10,29959,303,0.0,3633,809,29150
7,29966,303,0.0,3634,809,29157
2,29968,303,0.0,3635,809,29159
6,29974,303,0.0,3636,809,29165
6,29980,303,0.0,3637,809,29171
17,29997,303,0.0,3638,809,29188
2,29999,303,0.0,3639,809,29190
7,30006,303,0.0,3640,809,29197
16,30022,304,1.0,3641,809,29213
7,30029,304,0.0,3642,809,29220
9,30038,304,0.0,3643,809,29229
13,30051,304,0.0,3644,809,29242
8,30059,304,0.0,3645,809,29250
12,30071,305,1.0,3646,809,29262
25,30096,305,0.0,3647,809,29287
10,30106,305,0.0,3648,809,29297
2,30108,305,0.0,3649,809,29299
5,30113,305,0.0,3650,809,29304
6,30119,305,0.0,3651,809,29310
2,30121,305,0.0,3652,809,29312
16,30137,305,0.0,3653,809,29328
12,30149,306,1.0,3654,809,29340
4,30153,306,0.0,3655,809,29344
14,30167,306,0.0,3656,809,29358
2,30169,306,0.0,3657,809,29360
3,30172,306,0.0,3658,809,29363
12,30184,306,0.0,3659,809,29375
7,30191,306,0.0,3660,809,29382
2,30193,306,0.0,3661,809,29384
5,30198,306,0.0,3662,809,29389
8,30206,306,0.0,3663,809,29397
5,30211,306,0.0,3664,809,29402
7,30218,306,0.0,3665,809,29409
3,30221,306,0.0,3666,809,29412
7,30228,306,0.0,3667,809,29419
13,30241,306,0.0,3668,809,29432
15,30256,306,0.0,3669,809,29447
5,30261,306,0.0,3670,809,29452
10,30271,306,0.0,3671,809,29462
4,30275,306,0.0,3672,809,29466
4,30279,306,0.0,3673,809,29470
12,30291,307,1.0,3674,809,29482
7,30298,307,0.0,3675,809,29489
4,30302,307,0.0,3676,809,29493
9,30311,307,0.0,3677,809,29502
4,30315,307,0.0,3678,809,29506
5,30320,307,0.0,3679,809,29511
16,30336,308,1.0,3680,809,29527
3,30339,308,0.0,3681,809,29530
8,30347,308,0.0,3682,809,29538
9,30356,308,0.0,3683,809,29547
4,30360,308,0.0,3684,809,29551
11,30371,308,0.0,3685,809,29562
6,30377,308,0.0,3686,809,29568
8,30385,308,0.0,3687,809,29576
11,30396,308,0.0,3688,809,29587
20,30416,308,0.0,3689,809,29607
2,30418,308,0.0,3690,809,29609
2,30420,308,0.0,3691,809,29611
5,30425,308,0.0,3692,809,29616
11,30436,308,0.0,3693,809,29627
2,30438,308,0.0,3694,809,29629
10,30448,308,0.0,3695,809,29639
11,30459,308,0.0,3696,809,29650
10,30469,308,0.0,3697,809,29660
16,30485,309,1.0,3698,809,29676
12,30497,310,1.0,3699,809,29688
26,30523,310,0.0,3700,809,29714
16,30539,311,1.0,3701,809,29730
2,30541,311,0.0,3702,809,29732
20,30561,311,0.0,3703,809,29752
12,30573,312,1.0,3704,809,29764
4,30577,312,0.0,3705,809,29768
3,30580,312,0.0,3706,809,29771
3,30583,312,0.0,3707,809,29774
5,30588,312,0.0,3708,809,29779
6,30594,312,0.0,3709,809,29785
8,30602,312,0.0,3710,809,29793
12,30614,312,0.0,3711,809,29805
19,30633,312,0.0,3712,809,29824
9,30642,312,0.0,3713,809,29833
3,30645,312,0.0,3714,809,29836
15,30660,312,0.0,3715,809,29851
4,30664,312,0.0,3716,809,29855
4,30668,312,0.0,3717,809,29859
2,30670,312,0.0,3718,809,29861
9,30679,313,1.0,3719,809,29870
30,30709,313,0.0,3720,809,29900
14,30723,313,0.0,3721,809,29914
5,30728,313,0.0,3722,809,29919
4,30732,313,0.0,3723,809,29923
5,30737,313,0.0,3724,809,29928
2,30739,313,0.0,3725,809,29930
3,30742,313,0.0,3726,809,29933
3,30745,313,0.0,3727,809,29936
12,30757,314,1.0,3728,809,29948
8,30765,314,0.0,3729,809,29956
12,30777,314,0.0,3730,809,29968
3,30780,314,0.0,3731,809,29971
16,30796,314,0.0,3732,809,29987
4,30800,314,0.0,3733,809,29991
2,30802,314,0.0,3734,809,29993
5,30807,314,0.0,3735,809,29998
11,30818,314,0.0,3736,809,30009
7,30825,314,0.0,3737,809,30016
3,30828,314,0.0,3738,809,30019
5,30833,314,0.0,3739,809,30024
6,30839,314,0.0,3740,809,30030
5,30844,314,0.0,3741,809,30035
14,30858,314,0.0,3742,809,30049
19,30877,314,0.0,3743,809,30068
2,30879,314,0.0,3744,809,30070
6,30885,314,0.0,3745,809,30076
9,30894,314,0.0,3746,809,30085
5,30899,314,0.0,3747,809,30090
4,30903,314,0.0,3748,809,30094
12,30915,314,0.0,3749,809,30106
3,30918,314,0.0,3750,809,30109
4,30922,314,0.0,3751,809,30113
12,30934,314,0.0,3752,809,30125
2,30936,314,0.0,3753,809,30127
12,30948,315,1.0,3754,809,30139
9,30957,315,0.0,3755,809,30148
16,30973,315,0.0,3756,809,30164
12,30985,316,1.0,3757,809,30176
5,30990,316,0.0,3758,809,30181
8,30998,316,0.0,3759,809,30189
13,31011,316,0.0,3760,809,30202
2,31013,316,0.0,3761,809,30204
18,31031,317,1.0,3762,809,30222
4,31035,317,0.0,3763,809,30226
8,31043,317,0.0,3764,809,30234
4,31047,317,0.0,3765,809,30238
5,31052,317,0.0,3766,809,30243
6,31058,317,0.0,3767,809,30249
2,31060,317,0.0,3768,809,30251
2,31062,317,0.0,3769,809,30253
4,31066,317,0.0,3770,809,30257
8,31074,317,0.0,3771,809,30265
4,31078,317,0.0,3772,809,30269
9,31087,317,0.0,3773,809,30278
10,31097,317,0.0,3774,809,30288
8,31105,317,0.0,3775,809,30296
3,31108,317,0.0,3776,809,30299
5,31113,317,0.0,3777,809,30304
9,31122,317,0.0,3778,809,30313
5,31127,317,0.0,3779,809,30318
7,31134,317,0.0,3780,809,30325
2,31136,317,0.0,3781,809,30327
7,31143,317,0.0,3782,809,30334
10,31153,317,0.0,3783,809,30344
8,31161,317,0.0,3784,809,30352
12,31173,317,0.0,3785,809,30364
3,31176,317,0.0,3786,809,30367
9,31185,317,0.0,3787,809,30376
11,31196,317,0.0,3788,809,30387
12,31208,318,1.0,3789,809,30399
4,31212,318,0.0,3790,809,30403
2,31214,318,0.0,3791,809,30405
7,31221,318,0.0,3792,809,30412
12,31233,319,1.0,3793,809,30424
7,31240,319,0.0,3794,809,30431
29,31269,319,0.0,3795,809,30460
5,31274,319,0.0,3796,809,30465
3,31277,319,0.0,3797,809,30468
5,31282,319,0.0,3798,809,30473
6,31288,319,0.0,3799,809,30479
22,31310,319,0.0,3800,809,30501
22,31332,319,0.0,3801,809,30523
9,31341,319,0.0,3802,809,30532
5,31346,319,0.0,3803,809,30537
6,31352,319,0.0,3804,809,30543
6,31358,319,0.0,3805,809,30549
7,31365,319,0.0,3806,809,30556
9,31374,319,0.0,3807,809,30565
5,31379,319,0.0,3808,809,30570
15,31394,319,0.0,3809,809,30585
16,31410,320,1.0,3810,809,30601
12,31422,320,0.0,3811,809,30613
14,31436,320,0.0,3812,809,30627
23,31459,320,0.0,3813,809,30650
16,31475,320,0.0,3814,809,30666
10,31485,320,0.0,3815,809,30676
12,31497,320,0.0,3816,809,30688
3,31500,320,0.0,3817,809,30691
9,31509,320,0.0,3818,809,30700
4,31513,320,0.0,3819,809,30704
12,31525,321,1.0,3820,809,30716
13,31538,321,0.0,3821,809,30729
5,31543,321,0.0,3822,809,30734
8,31551,321,0.0,3823,809,30742
17,31568,321,0.0,3824,809,30759
2,31570,321,0.0,3825,809,30761
3,31573,321,0.0,3826,809,30764
12,31585,322,1.0,3827,809,30776
3,31588,322,0.0,3828,809,30779
4,31592,322,0.0,3829,809,30783
7,31599,322,0.0,3830,809,30790
16,31615,322,0.0,3831,809,30806
2,31617,322,0.0,3832,809,30808
4,31621,322,0.0,3833,809,30812
14,31635,322,0.0,3834,809,30826
5,31640,322,0.0,3835,809,30831
6,31646,322,0.0,3836,809,30837
9,31655,322,0.0,3837,809,30846
5,31660,322,0.0,3838,809,30851
9,31669,322,0.0,3839,809,30860
5,31674,322,0.0,3840,809,30865
2,31676,322,0.0,3841,809,30867
14,31690,322,0.0,3842,809,30881
16,31706,323,1.0,3843,809,30897
7,31713,323,0.0,3844,809,30904
3,31716,323,0.0,3845,809,30907
3,31719,323,0.0,3846,809,30910
5,31724,323,0.0,3847,809,30915
5,31729,323,0.0,3848,809,30920
5,31734,323,0.0,3849,809,30925
7,31741,323,0.0,3850,809,30932
12,31753,324,1.0,3851,809,30944
13,31766,324,0.0,3852,809,30957
20,31786,324,0.0,3853,809,30977
12,31798,325,1.0,3854,809,30989
12,31810,325,0.0,3855,809,31001
4,31814,325,0.0,3856,809,31005
4,31818,325,0.0,3857,809,31009
11,31829,325,0.0,3858,809,31020
2,31831,325,0.0,3859,809,31022
27,31858,325,0.0,3860,809,31049
4,31862,325,0.0,3861,809,31053
6,31868,325,0.0,3862,809,31059
7,31875,325,0.0,3863,809,31066
12,31887,326,1.0,3864,809,31078
3,31890,326,0.0,3865,809,31081
4,31894,326,0.0,3866,809,31085
13,31907,326,0.0,3867,809,31098
2,31909,326,0.0,3868,809,31100
16,31925,327,1.0,3869,809,31116
6,31931,327,0.0,3870,809,31122
2,31933,327,0.0,3871,809,31124
11,31944,327,0.0,3872,809,31135
3,31947,327,0.0,3873,809,31138
14,31961,327,0.0,3874,809,31152
14,31975,327,0.0,3875,809,31166
9,31984,327,0.0,3876,809,31175
4,31988,327,0.0,3877,809,31179
4,31992,327,0.0,3878,809,31183
9,32001,328,1.0,3879,809,31192
6,32007,328,0.0,3880,809,31198
2,32009,328,0.0,3881,809,31200
5,32014,328,0.0,3882,809,31205
5,32019,328,0.0,3883,809,31210
11,32030,328,0.0,3884,809,31221
5,32035,328,0.0,3885,809,31226
4,32039,328,0.0,3886,809,31230
7,32046,328,0.0,3887,809,31237
13,32059,328,0.0,3888,809,31250
5,32064,328,0.0,3889,809,31255
12,32076,329,1.0,3890,809,31267
4,32080,329,0.0,3891,809,31271
7,32087,329,0.0,3892,809,31278
9,32096,330,1.0,3893,809,31287
5,32101,330,0.0,3894,809,31292
10,32111,330,0.0,3895,809,31302
11,32122,330,0.0,3896,809,31313
6,32128,330,0.0,3897,809,31319
7,32135,330,0.0,3898,809,31326
2,32137,330,0.0,3899,809,31328
4,32141,330,0.0,3900,809,31332
6,32147,330,0.0,3901,809,31338
3,32150,330,0.0,3902,809,31341
3,32153,330,0.0,3903,809,31344
5,32158,330,0.0,3904,809,31349
2,32160,330,0.0,3905,809,31351
2,32162,330,0.0,3906,809,31353
12,32174,331,1.0,3907,809,31365
7,32181,331,0.0,3908,809,31372
3,32184,331,0.0,3909,809,31375
6,32190,331,0.0,3910,809,31381
3,32193,331,0.0,3911,809,31384
6,32199,331,0.0,3912,809,31390
16,32215,332,1.0,3913,809,31406
13,32228,332,0.0,3914,809,31419
2,32230,332,0.0,3915,809,31421
11,32241,332,0.0,3916,809,31432
12,32253,332,0.0,3917,809,31444
12,32265,332,0.0,3918,809,31456
2,32267,332,0.0,3919,809,31458
32,32299,332,0.0,3920,809,31490
12,32311,333,1.0,3921,809,31502
11,32322,333,0.0,3922,809,31513
6,32328,333,0.0,3923,809,31519
16,32344,333,0.0,3924,809,31535
11,32355,333,0.0,3925,809,31546
3,32358,333,0.0,3926,809,31549
6,32364,333,0.0,3927,809,31555
9,32373,333,0.0,3928,809,31564
28,32401,333,0.0,3929,809,31592
4,32405,333,0.0,3930,809,31596
6,32411,333,0.0,3931,809,31602
14,32425,333,0.0,3932,809,31616
9,32434,333,0.0,3933,809,31625
7,32441,333,0.0,3934,809,31632
3,32444,333,0.0,3935,809,31635
13,32457,333,0.0,3936,809,31648
14,32471,333,0.0,3937,809,31662
4,32475,333,0.0,3938,809,31666
15,32490,333,0.0,3939,809,31681
5,32495,333,0.0,3940,809,31686
5,32500,333,0.0,3941,809,31691
11,32511,333,0.0,3942,809,31702
4,32515,333,0.0,3943,809,31706
3,32518,333,0.0,3944,809,31709
12,32530,334,1.0,3945,809,31721
5,32535,334,0.0,3946,809,31726
4,32539,334,0.0,3947,809,31730
3,32542,334,0.0,3948,809,31733
20,32562,334,0.0,3949,809,31753
8,32570,334,0.0,3950,809,31761
25,32595,334,0.0,3951,809,31786
9,32604,334,0.0,3952,809,31795
10,32614,334,0.0,3953,809,31805
2,32616,334,0.0,3954,809,31807
6,32622,334,0.0,3955,809,31813
13,32635,334,0.0,3956,809,31826
12,32647,335,1.0,3957,809,31838
41,32688,335,0.0,3958,809,31879
6,32694,335,0.0,3959,809,31885
9,32703,335,0.0,3960,809,31894
11,32714,335,0.0,3961,809,31905
6,32720,335,0.0,3962,809,31911
11,32731,335,0.0,3963,809,31922
6,32737,335,0.0,3964,809,31928
5,32742,335,0.0,3965,809,31933
3,32745,335,0.0,3966,809,31936
12,32757,335,0.0,3967,809,31948
4,32761,335,0.0,3968,809,31952
10,32771,335,0.0,3969,809,31962
5,32776,335,0.0,3970,809,31967
31,32807,335,0.0,3971,809,31998
16,32823,336,1.0,3972,809,32014
37,32860,336,0.0,3973,809,32051
15,32875,336,0.0,3974,809,32066
18,32893,337,1.0,3975,809,32084
16,32909,337,0.0,3976,809,32100
10,32919,337,0.0,3977,809,32110
17,32936,337,0.0,3978,809,32127
2,32938,337,0.0,3979,809,32129
3,32941,337,0.0,3980,809,32132
5,32946,337,0.0,3981,809,32137
8,32954,337,0.0,3982,809,32145
12,32966,337,0.0,3983,809,32157
10,32976,337,0.0,3984,809,32167
3,32979,337,0.0,3985,809,32170
2,32981,337,0.0,3986,809,32172
2,32983,337,0.0,3987,809,32174
5,32988,337,0.0,3988,809,32179
2,32990,337,0.0,3989,809,32181
3,32993,337,0.0,3990,809,32184
16,33009,337,0.0,3991,809,32200
11,33020,337,0.0,3992,809,32211
3,33023,337,0.0,3993,809,32214
19,33042,337,0.0,3994,809,32233
12,33054,338,1.0,3995,809,32245
18,33072,339,1.0,3996,809,32263
5,33077,339,0.0,3997,809,32268
5,33082,339,0.0,3998,809,32273
4,33086,339,0.0,3999,809,32277
6,33092,339,0.0,4000,809,32283
13,33105,339,0.0,4001,809,32296
24,33129,339,0.0,4002,809,32320
14,33143,339,0.0,4003,809,32334
11,33154,339,0.0,4004,809,32345
14,33168,339,0.0,4005,809,32359
10,33178,339,0.0,4006,809,32369
10,33188,339,0.0,4007,809,32379
12,33200,340,1.0,4008,809,32391
3,33203,340,0.0,4009,809,32394
3,33206,340,0.0,4010,809,32397
2,33208,340,0.0,4011,809,32399
9,33217,340,0.0,4012,809,32408
2,33219,340,0.0,4013,809,32410
4,33223,340,0.0,4014,809,32414
6,33229,340,0.0,4015,809,32420
8,33237,340,0.0,4016,809,32428
3,33240,340,0.0,4017,809,32431
13,33253,340,0.0,4018,809,32444
11,33264,340,0.0,4019,809,32455
8,33272,340,0.0,4020,809,32463
29,33301,340,0.0,4021,809,32492
9,33310,340,0.0,4022,809,32501
6,33316,340,0.0,4023,809,32507
12,33328,340,0.0,4024,809,32519
5,33333,340,0.0,4025,809,32524
2,33335,340,0.0,4026,809,32526
12,33347,341,1.0,4027,809,32538
2,33349,341,0.0,4028,809,32540
3,33352,341,0.0,4029,809,32543
3,33355,341,0.0,4030,809,32546
5,33360,341,0.0,4031,809,32551
6,33366,341,0.0,4032,809,32557
7,33373,341,0.0,4033,809,32564
11,33384,341,0.0,4034,809,32575
3,33387,341,0.0,4035,809,32578
5,33392,341,0.0,4036,809,32583
6,33398,341,0.0,4037,809,32589
4,33402,341,0.0,4038,809,32593
7,33409,341,0.0,4039,809,32600
10,33419,341,0.0,4040,809,32610
14,33433,341,0.0,4041,809,32624
12,33445,342,1.0,4042,809,32636
2,33447,342,0.0,4043,809,32638
2,33449,342,0.0,4044,809,32640
7,33456,342,0.0,4045,809,32647
9,33465,342,0.0,4046,809,32656
14,33479,342,0.0,4047,809,32670
5,33484,342,0.0,4048,809,32675
8,33492,342,0.0,4049,809,32683
12,33504,342,0.0,4050,809,32695
10,33514,342,0.0,4051,809,32705
3,33517,342,0.0,4052,809,32708
3,33520,342,0.0,4053,809,32711
6,33526,342,0.0,4054,809,32717
12,33538,342,0.0,4055,809,32729
8,33546,342,0.0,4056,809,32737
4,33550,342,0.0,4057,809,32741
14,33564,342,0.0,4058,809,32755
4,33568,342,0.0,4059,809,32759
9,33577,342,0.0,4060,809,32768
2,33579,342,0.0,4061,809,32770
4,33583,342,0.0,4062,809,32774
2,33585,342,0.0,4063,809,32776
3,33588,342,0.0,4064,809,32779
12,33600,342,0.0,4065,809,32791
6,33606,342,0.0,4066,809,32797
3,33609,342,0.0,4067,809,32800
4,33613,342,0.0,4068,809,32804
9,33622,342,0.0,4069,809,32813
2,33624,342,0.0,4070,809,32815
2,33626,342,0.0,4071,809,32817
6,33632,342,0.0,4072,809,32823
12,33644,343,1.0,4073,809,32835
18,33662,343,0.0,4074,809,32853
2,33664,343,0.0,4075,809,32855
5,33669,343,0.0,4076,809,32860
2,33671,343,0.0,4077,809,32862
4,33675,343,0.0,4078,809,32866
10,33685,343,0.0,4079,809,32876
9,33694,343,0.0,4080,809,32885
2,33696,343,0.0,4081,809,32887
2,33698,343,0.0,4082,809,32889
11,33709,343,0.0,4083,809,32900
11,33720,343,0.0,4084,809,32911
16,33736,343,0.0,4085,809,32927
4,33740,343,0.0,4086,809,32931
5,33745,343,0.0,4087,809,32936
10,33755,343,0.0,4088,809,32946
12,33767,343,0.0,4089,809,32958
6,33773,343,0.0,4090,809,32964
2,33775,343,0.0,4091,809,32966
9,33784,343,0.0,4092,809,32975
12,33796,344,1.0,4093,809,32987
4,33800,344,0.0,4094,809,32991
2,33802,344,0.0,4095,809,32993
16,33818,344,0.0,4096,809,33009
13,33831,344,0.0,4097,809,33022
3,33834,344,0.0,4098,809,33025
3,33837,344,0.0,4099,809,33028
6,33843,344,0.0,4100,809,33034
6,33849,344,0.0,4101,809,33040
3,33852,344,0.0,4102,809,33043
7,33859,344,0.0,4103,809,33050
7,33866,344,0.0,4104,809,33057
9,33875,344,0.0,4105,809,33066
16,33891,344,0.0,4106,809,33082
17,33908,344,0.0,4107,809,33099
8,33916,344,0.0,4108,809,33107
7,33923,344,0.0,4109,809,33114
5,33928,344,0.0,4110,809,33119
6,33934,344,0.0,4111,809,33125
10,33944,344,0.0,4112,809,33135
4,33948,344,0.0,4113,809,33139
6,33954,344,0.0,4114,809,33145
33,33987,344,0.0,4115,809,33178
4,33991,344,0.0,4116,809,33182
4,33995,344,0.0,4117,809,33186
6,34001,344,0.0,4118,809,33192
2,34003,344,0.0,4119,809,33194
4,34007,344,0.0,4120,809,33198
15,34022,344,0.0,4121,809,33213
6,34028,344,0.0,4122,809,33219
2,34030,344,0.0,4123,809,33221
15,34045,344,0.0,4124,809,33236
2,34047,344,0.0,4125,809,33238
3,34050,344,0.0,4126,809,33241
5,34055,344,0.0,4127,809,33246
12,34067,345,1.0,4128,809,33258
3,34070,345,0.0,4129,809,33261
7,34077,345,0.0,4130,809,33268
5,34082,345,0.0,4131,809,33273
5,34087,345,0.0,4132,809,33278
6,34093,345,0.0,4133,809,33284
9,34102,346,1.0,4134,809,33293
6,34108,346,0.0,4135,809,33299
3,34111,346,0.0,4136,809,33302
6,34117,346,0.0,4137,809,33308
6,34123,346,0.0,4138,809,33314
2,34125,346,0.0,4139,809,33316
4,34129,346,0.0,4140,809,33320
12,34141,346,0.0,4141,809,33332
5,34146,346,0.0,4142,809,33337
7,34153,346,0.0,4143,809,33344
4,34157,346,0.0,4144,809,33348
4,34161,346,0.0,4145,809,33352
7,34168,346,0.0,4146,809,33359
10,34178,346,0.0,4147,809,33369
5,34183,346,0.0,4148,809,33374
2,34185,346,0.0,4149,809,33376
8,34193,346,0.0,4150,809,33384
4,34197,346,0.0,4151,809,33388
2,34199,346,0.0,4152,809,33390
4,34203,346,0.0,4153,809,33394
5,34208,346,0.0,4154,809,33399
2,34210,346,0.0,4155,809,33401
4,34214,346,0.0,4156,809,33405
6,34220,346,0.0,4157,809,33411
3,34223,346,0.0,4158,809,33414
6,34229,346,0.0,4159,809,33420
10,34239,346,0.0,4160,809,33430
2,34241,346,0.0,4161,809,33432
4,34245,346,0.0,4162,809,33436
4,34249,346,0.0,4163,809,33440
9,34258,346,0.0,4164,809,33449
3,34261,346,0.0,4165,809,33452
3,34264,346,0.0,4166,809,33455
3,34267,346,0.0,4167,809,33458
3,34270,346,0.0,4168,809,33461
9,34279,346,0.0,4169,809,33470
21,34300,346,0.0,4170,809,33491
4,34304,346,0.0,4171,809,33495
6,34310,346,0.0,4172,809,33501
4,34314,346,0.0,4173,809,33505
5,34319,346,0.0,4174,809,33510
12,34331,347,1.0,4175,809,33522
4,34335,347,0.0,4176,809,33526
3,34338,347,0.0,4177,809,33529
6,34344,347,0.0,4178,809,33535
20,34364,347,0.0,4179,809,33555
2,34366,347,0.0,4180,809,33557
14,34380,347,0.0,4181,809,33571
16,34396,347,0.0,4182,809,33587
9,34405,347,0.0,4183,809,33596
7,34412,347,0.0,4184,809,33603
12,34424,347,0.0,4185,809,33615
11,34435,347,0.0,4186,809,33626
4,34439,347,0.0,4187,809,33630
7,34446,347,0.0,4188,809,33637
4,34450,347,0.0,4189,809,33641
2,34452,347,0.0,4190,809,33643
3,34455,347,0.0,4191,809,33646
2,34457,347,0.0,4192,809,33648
8,34465,347,0.0,4193,809,33656
11,34476,347,0.0,4194,809,33667
3,34479,347,0.0,4195,809,33670
3,34482,347,0.0,4196,809,33673
2,34484,347,0.0,4197,809,33675
6,34490,347,0.0,4198,809,33681
5,34495,347,0.0,4199,809,33686
4,34499,347,0.0,4200,809,33690
5,34504,347,0.0,4201,809,33695
4,34508,347,0.0,4202,809,33699
2,34510,347,0.0,4203,809,33701
16,34526,347,0.0,4204,809,33717
7,34533,347,0.0,4205,809,33724
9,34542,347,0.0,4206,809,33733
7,34549,347,0.0,4207,809,33740
6,34555,347,0.0,4208,809,33746
9,34564,347,0.0,4209,809,33755
12,34576,347,0.0,4210,809,33767
12,34588,347,0.0,4211,809,33779
2,34590,347,0.0,4212,809,33781
6,34596,347,0.0,4213,809,33787
9,34605,347,0.0,4214,809,33796
10,34615,347,0.0,4215,809,33806
18,34633,348,1.0,4216,809,33824
2,34635,348,0.0,4217,809,33826
4,34639,348,0.0,4218,809,33830
4,34643,348,0.0,4219,809,33834
20,34663,348,0.0,4220,809,33854
5,34668,348,0.0,4221,809,33859
3,34671,348,0.0,4222,809,33862
11,34682,348,0.0,4223,809,33873
2,34684,348,0.0,4224,809,33875
3,34687,348,0.0,4225,809,33878
15,34702,348,0.0,4226,809,33893
2,34704,348,0.0,4227,809,33895
5,34709,348,0.0,4228,809,33900
5,34714,348,0.0,4229,809,33905
7,34721,348,0.0,4230,809,33912
2,34723,348,0.0,4231,809,33914
4,34727,348,0.0,4232,809,33918
3,34730,348,0.0,4233,809,33921
2,34732,348,0.0,4234,809,33923
20,34752,348,0.0,4235,809,33943
5,34757,348,0.0,4236,809,33948
10,34767,348,0.0,4237,809,33958
3,34770,348,0.0,4238,809,33961
5,34775,348,0.0,4239,809,33966
12,34787,348,0.0,4240,809,33978
11,34798,348,0.0,4241,809,33989
11,34809,348,0.0,4242,809,34000
10,34819,348,0.0,4243,809,34010
23,34842,348,0.0,4244,809,34033
15,34857,348,0.0,4245,809,34048
16,34873,348,0.0,4246,809,34064
12,34885,349,1.0,4247,809,34076
17,34902,349,0.0,4248,809,34093
13,34915,349,0.0,4249,809,34106
12,34927,349,0.0,4250,809,34118
4,34931,349,0.0,4251,809,34122
9,34940,349,0.0,4252,809,34131
7,34947,349,0.0,4253,809,34138
26,34973,349,0.0,4254,809,34164
5,34978,349,0.0,4255,809,34169
4,34982,349,0.0,4256,809,34173
4,34986,349,0.0,4257,809,34177
10,34996,349,0.0,4258,809,34187
3,34999,349,0.0,4259,809,34190
5,35004,349,0.0,4260,809,34195
16,35020,349,0.0,4261,809,34211
15,35035,349,0.0,4262,809,34226
13,35048,349,0.0,4263,809,34239
6,35054,349,0.0,4264,809,34245
3,35057,349,0.0,4265,809,34248
10,35067,349,0.0,4266,809,34258
6,35073,349,0.0,4267,809,34264
5,35078,349,0.0,4268,809,34269
4,35082,349,0.0,4269,809,34273
3,35085,349,0.0,4270,809,34276
18,35103,349,0.0,4271,809,34294
4,35107,349,0.0,4272,809,34298
3,35110,349,0.0,4273,809,34301
8,35118,349,0.0,4274,809,34309
9,35127,349,0.0,4275,809,34318
9,35136,349,0.0,4276,809,34327
25,35161,349,0.0,4277,809,34352
11,35172,349,0.0,4278,809,34363
11,35183,349,0.0,4279,809,34374
18,35201,350,1.0,4280,809,34392
10,35211,350,0.0,4281,809,34402
8,35219,350,0.0,4282,809,34410
25,35244,350,0.0,4283,809,34435
9,35253,351,1.0,4284,809,34444
2,35255,351,0.0,4285,809,34446
12,35267,352,1.0,4286,809,34458
9,35276,353,1.0,4287,809,34467
7,35283,353,0.0,4288,809,34474
10,35293,353,0.0,4289,809,34484
12,35305,354,1.0,4290,809,34496
12,35317,354,0.0,4291,809,34508
23,35340,354,0.0,4292,809,34531
10,35350,354,0.0,4293,809,34541
3,35353,354,0.0,4294,809,34544
10,35363,354,0.0,4295,809,34554
24,35387,354,0.0,4296,809,34578
9,35396,354,0.0,4297,809,34587
3,35399,354,0.0,4298,809,34590
9,35408,354,0.0,4299,809,34599
8,35416,354,0.0,4300,809,34607
3,35419,354,0.0,4301,809,34610
28,35447,354,0.0,4302,809,34638
9,35456,354,0.0,4303,809,34647
12,35468,355,1.0,4304,809,34659
12,35480,355,0.0,4305,809,34671
15,35495,355,0.0,4306,809,34686
14,35509,355,0.0,4307,809,34700
7,35516,355,0.0,4308,809,34707
2,35518,355,0.0,4309,809,34709
2,35520,355,0.0,4310,809,34711
12,35532,356,1.0,4311,809,34723
27,35559,357,1.0,4312,809,34750
17,35576,357,0.0,4313,809,34767
6,35582,357,0.0,4314,809,34773
4,35586,357,0.0,4315,809,34777
6,35592,357,0.0,4316,809,34783
6,35598,357,0.0,4317,809,34789
6,35604,357,0.0,4318,809,34795
14,35618,357,0.0,4319,809,34809
4,35622,357,0.0,4320,809,34813
5,35627,357,0.0,4321,809,34818
16,35643,358,1.0,4322,809,34834
6,35649,358,0.0,4323,809,34840
18,35667,358,0.0,4324,809,34858
3,35670,358,0.0,4325,809,34861
5,35675,358,0.0,4326,809,34866
6,35681,358,0.0,4327,809,34872
16,35697,359,1.0,4328,809,34888
5,35702,359,0.0,4329,809,34893
12,35714,359,0.0,4330,809,34905
10,35724,359,0.0,4331,809,34915
5,35729,359,0.0,4332,809,34920
3,35732,359,0.0,4333,809,34923
12,35744,359,0.0,4334,809,34935
8,35752,359,0.0,4335,809,34943
2,35754,359,0.0,4336,809,34945
9,35763,359,0.0,4337,809,34954
6,35769,359,0.0,4338,809,34960
10,35779,359,0.0,4339,809,34970
11,35790,359,0.0,4340,809,34981
14,35804,359,0.0,4341,809,34995
14,35818,359,0.0,4342,809,35009
9,35827,359,0.0,4343,809,35018
6,35833,359,0.0,4344,809,35024
2,35835,359,0.0,4345,809,35026
3,35838,359,0.0,4346,809,35029
5,35843,359,0.0,4347,809,35034
4,35847,359,0.0,4348,809,35038
4,35851,359,0.0,4349,809,35042
11,35862,359,0.0,4350,809,35053
6,35868,359,0.0,4351,809,35059
4,35872,359,0.0,4352,809,35063
14,35886,359,0.0,4353,809,35077
2,35888,359,0.0,4354,809,35079
20,35908,359,0.0,4355,809,35099
16,35924,360,1.0,4356,809,35115
7,35931,360,0.0,4357,809,35122
2,35933,360,0.0,4358,809,35124
4,35937,360,0.0,4359,809,35128
4,35941,360,0.0,4360,809,35132
5,35946,360,0.0,4361,809,35137
12,35958,361,1.0,4362,809,35149
4,35962,361,0.0,4363,809,35153
8,35970,361,0.0,4364,809,35161
3,35973,361,0.0,4365,809,35164
4,35977,361,0.0,4366,809,35168
3,35980,361,0.0,4367,809,35171
13,35993,361,0.0,4368,809,35184
8,36001,361,0.0,4369,809,35192
3,36004,361,0.0,4370,809,35195
18,36022,362,1.0,4371,809,35213
3,36025,362,0.0,4372,809,35216
14,36039,362,0.0,4373,809,35230
5,36044,362,0.0,4374,809,35235
18,36062,362,0.0,4375,809,35253
2,36064,362,0.0,4376,809,35255
4,36068,362,0.0,4377,809,35259
3,36071,362,0.0,4378,809,35262
4,36075,362,0.0,4379,809,35266
26,36101,362,0.0,4380,809,35292
2,36103,362,0.0,4381,809,35294
7,36110,362,0.0,4382,809,35301
2,36112,362,0.0,4383,809,35303
6,36118,362,0.0,4384,809,35309
2,36120,362,0.0,4385,809,35311
15,36135,362,0.0,4386,809,35326
6,36141,362,0.0,4387,809,35332
11,36152,362,0.0,4388,809,35343
8,36160,362,0.0,4389,809,35351
2,36162,362,0.0,4390,809,35353
11,36173,362,0.0,4391,809,35364
11,36184,362,0.0,4392,809,35375
19,36203,362,0.0,4393,809,35394
31,36234,362,0.0,4394,809,35425
5,36239,362,0.0,4395,809,35430
6,36245,362,0.0,4396,809,35436
5,36250,362,0.0,4397,809,35441
7,36257,362,0.0,4398,809,35448
5,36262,362,0.0,4399,809,35453
2,36264,362,0.0,4400,809,35455
27,36291,362,0.0,4401,809,35482
4,36295,362,0.0,4402,809,35486
7,36302,362,0.0,4403,809,35493
3,36305,362,0.0,4404,809,35496
12,36317,362,0.0,4405,809,35508
3,36320,362,0.0,4406,809,35511
7,36327,362,0.0,4407,809,35518
24,36351,362,0.0,4408,809,35542
9,36360,363,1.0,4409,809,35551
9,36369,363,0.0,4410,809,35560
12,36381,363,0.0,4411,809,35572
14,36395,363,0.0,4412,809,35586
14,36409,363,0.0,4413,809,35600
24,36433,363,0.0,4414,809,35624
13,36446,363,0.0,4415,809,35637
16,36462,364,1.0,4416,809,35653
25,36487,364,0.0,4417,809,35678
2,36489,364,0.0,4418,809,35680
4,36493,364,0.0,4419,809,35684
8,36501,364,0.0,4420,809,35692
5,36506,364,0.0,4421,809,35697
5,36511,364,0.0,4422,809,35702
5,36516,364,0.0,4423,809,35707
11,36527,364,0.0,4424,809,35718
7,36534,364,0.0,4425,809,35725
2,36536,364,0.0,4426,809,35727
9,36545,364,0.0,4427,809,35736
18,36563,364,0.0,4428,809,35754
10,36573,364,0.0,4429,809,35764
2,36575,364,0.0,4430,809,35766
2,36577,364,0.0,4431,809,35768
16,36593,365,1.0,4432,809,35784
7,36600,365,0.0,4433,809,35791
16,36616,366,1.0,4434,809,35807
3,36619,366,0.0,4435,809,35810
3,36622,366,0.0,4436,809,35813
13,36635,366,0.0,4437,809,35826
3,36638,366,0.0,4438,809,35829
8,36646,366,0.0,4439,809,35837
3,36649,366,0.0,4440,809,35840
5,36654,366,0.0,4441,809,35845
4,36658,366,0.0,4442,809,35849
6,36664,366,0.0,4443,809,35855
4,36668,366,0.0,4444,809,35859
14,36682,366,0.0,4445,809,35873
4,36686,366,0.0,4446,809,35877
17,36703,366,0.0,4447,809,35894
16,36719,366,0.0,4448,809,35910
3,36722,366,0.0,4449,809,35913
5,36727,366,0.0,4450,809,35918
3,36730,366,0.0,4451,809,35921
6,36736,366,0.0,4452,809,35927
12,36748,367,1.0,4453,809,35939
2,36750,367,0.0,4454,809,35941
6,36756,367,0.0,4455,809,35947
2,36758,367,0.0,4456,809,35949
6,36764,367,0.0,4457,809,35955
16,36780,368,1.0,4458,809,35971
5,36785,368,0.0,4459,809,35976
2,36787,368,0.0,4460,809,35978
3,36790,368,0.0,4461,809,35981
14,36804,368,0.0,4462,809,35995
11,36815,368,0.0,4463,809,36006
11,36826,368,0.0,4464,809,36017
7,36833,368,0.0,4465,809,36024
5,36838,368,0.0,4466,809,36029
7,36845,368,0.0,4467,809,36036
14,36859,368,0.0,4468,809,36050
2,36861,368,0.0,4469,809,36052
15,36876,368,0.0,4470,809,36067
6,36882,368,0.0,4471,809,36073
7,36889,368,0.0,4472,809,36080
4,36893,368,0.0,4473,809,36084
10,36903,368,0.0,4474,809,36094
2,36905,368,0.0,4475,809,36096
9,36914,368,0.0,4476,809,36105
11,36925,368,0.0,4477,809,36116
7,36932,368,0.0,4478,809,36123
4,36936,368,0.0,4479,809,36127
16,36952,368,0.0,4480,809,36143
3,36955,368,0.0,4481,809,36146
8,36963,368,0.0,4482,809,36154
9,36972,368,0.0,4483,809,36163
11,36983,368,0.0,4484,809,36174
8,36991,368,0.0,4485,809,36182
13,37004,368,0.0,4486,809,36195
31,37035,369,1.0,4487,809,36226
14,37049,369,0.0,4488,809,36240
5,37054,369,0.0,4489,809,36245
17,37071,369,0.0,4490,809,36262
5,37076,369,0.0,4491,809,36267
4,37080,369,0.0,4492,809,36271
13,37093,369,0.0,4493,809,36284
2,37095,369,0.0,4494,809,36286
12,37107,369,0.0,4495,809,36298
16,37123,370,1.0,4496,809,36314
24,37147,370,0.0,4497,809,36338
5,37152,370,0.0,4498,809,36343
12,37164,370,0.0,4499,809,36355
8,37172,370,0.0,4500,809,36363
13,37185,370,0.0,4501,809,36376
32,37217,370,0.0,4502,809,36408
14,37231,370,0.0,4503,809,36422
2,37233,370,0.0,4504,809,36424
5,37238,370,0.0,4505,809,36429
5,37243,370,0.0,4506,809,36434
3,37246,370,0.0,4507,809,36437
14,37260,370,0.0,4508,809,36451
15,37275,370,0.0,4509,809,36466
7,37282,370,0.0,4510,809,36473
6,37288,370,0.0,4511,809,36479
5,37293,370,0.0,4512,809,36484
7,37300,370,0.0,4513,809,36491
8,37308,370,0.0,4514,809,36499
3,37311,370,0.0,4515,809,36502
2,37313,370,0.0,4516,809,36504
5,37318,370,0.0,4517,809,36509
5,37323,370,0.0,4518,809,36514
6,37329,370,0.0,4519,809,36520
8,37337,370,0.0,4520,809,36528
8,37345,370,0.0,4521,809,36536
20,37365,370,0.0,4522,809,36556
29,37394,370,0.0,4523,809,36585
2,37396,370,0.0,4524,809,36587
9,37405,370,0.0,4525,809,36596
13,37418,370,0.0,4526,809,36609
2,37420,370,0.0,4527,809,36611
6,37426,370,0.0,4528,809,36617
12,37438,371,1.0,4529,809,36629
10,37448,371,0.0,4530,809,36639
6,37454,371,0.0,4531,809,36645
7,37461,371,0.0,4532,809,36652
22,37483,371,0.0,4533,809,36674
16,37499,371,0.0,4534,809,36690
9,37508,371,0.0,4535,809,36699
5,37513,371,0.0,4536,809,36704
11,37524,371,0.0,4537,809,36715
9,37533,371,0.0,4538,809,36724
10,37543,371,0.0,4539,809,36734
12,37555,372,1.0,4540,809,36746
11,37566,372,0.0,4541,809,36757
6,37572,372,0.0,4542,809,36763
10,37582,372,0.0,4543,809,36773
10,37592,372,0.0,4544,809,36783
8,37600,372,0.0,4545,809,36791
5,37605,372,0.0,4546,809,36796
9,37614,372,0.0,4547,809,36805
7,37621,372,0.0,4548,809,36812
12,37633,372,0.0,4549,809,36824
26,37659,372,0.0,4550,809,36850
7,37666,372,0.0,4551,809,36857
14,37680,372,0.0,4552,809,36871
3,37683,372,0.0,4553,809,36874
12,37695,373,1.0,4554,809,36886
11,37706,373,0.0,4555,809,36897
2,37708,373,0.0,4556,809,36899
7,37715,373,0.0,4557,809,36906
5,37720,373,0.0,4558,809,36911
12,37732,373,0.0,4559,809,36923
27,37759,374,1.0,4560,809,36950
4,37763,374,0.0,4561,809,36954
7,37770,374,0.0,4562,809,36961
14,37784,374,0.0,4563,809,36975
4,37788,374,0.0,4564,809,36979
4,37792,374,0.0,4565,809,36983
5,37797,374,0.0,4566,809,36988
13,37810,374,0.0,4567,809,37001
3,37813,374,0.0,4568,809,37004
6,37819,374,0.0,4569,809,37010
4,37823,374,0.0,4570,809,37014
4,37827,374,0.0,4571,809,37018
2,37829,374,0.0,4572,809,37020
12,37841,375,1.0,4573,809,37032
9,37850,376,1.0,4574,809,37041
2,37852,376,0.0,4575,809,37043
4,37856,376,0.0,4576,809,37047
10,37866,376,0.0,4577,809,37057
2,37868,376,0.0,4578,809,37059
12,37880,377,1.0,4579,809,37071
5,37885,377,0.0,4580,809,37076
7,37892,377,0.0,4581,809,37083
3,37895,377,0.0,4582,809,37086
6,37901,377,0.0,4583,809,37092
4,37905,377,0.0,4584,809,37096
12,37917,377,0.0,4585,809,37108
2,37919,377,0.0,4586,809,37110
5,37924,377,0.0,4587,809,37115
5,37929,377,0.0,4588,809,37120
2,37931,377,0.0,4589,809,37122
3,37934,377,0.0,4590,809,37125
2,37936,377,0.0,4591,809,37127
5,37941,377,0.0,4592,809,37132
8,37949,377,0.0,4593,809,37140
6,37955,377,0.0,4594,809,37146
12,37967,377,0.0,4595,809,37158
4,37971,377,0.0,4596,809,37162
4,37975,377,0.0,4597,809,37166
4,37979,377,0.0,4598,809,37170
6,37985,377,0.0,4599,809,37176
4,37989,377,0.0,4600,809,37180
3,37992,377,0.0,4601,809,37183
10,38002,377,0.0,4602,809,37193
5,38007,377,0.0,4603,809,37198
8,38015,377,0.0,4604,809,37206
9,38024,377,0.0,4605,809,37215
6,38030,377,0.0,4606,809,37221
8,38038,377,0.0,4607,809,37229
15,38053,377,0.0,4608,809,37244
3,38056,377,0.0,4609,809,37247
5,38061,377,0.0,4610,809,37252
12,38073,377,0.0,4611,809,37264
10,38083,377,0.0,4612,809,37274
16,38099,378,1.0,4613,809,37290
11,38110,378,0.0,4614,809,37301
6,38116,378,0.0,4615,809,37307
4,38120,378,0.0,4616,809,37311
2,38122,378,0.0,4617,809,37313
12,38134,378,0.0,4618,809,37325
15,38149,378,0.0,4619,809,37340
12,38161,378,0.0,4620,809,37352
2,38163,378,0.0,4621,809,37354
2,38165,378,0.0,4622,809,37356
9,38174,378,0.0,4623,809,37365
12,38186,378,0.0,4624,809,37377
2,38188,378,0.0,4625,809,37379
8,38196,378,0.0,4626,809,37387
18,38214,378,0.0,4627,809,37405
3,38217,378,0.0,4628,809,37408
4,38221,378,0.0,4629,809,37412
6,38227,378,0.0,4630,809,37418
27,38254,378,0.0,4631,809,37445
12,38266,378,0.0,4632,809,37457
3,38269,378,0.0,4633,809,37460
4,38273,378,0.0,4634,809,37464
2,38275,378,0.0,4635,809,37466
30,38305,378,0.0,4636,809,37496
11,38316,378,0.0,4637,809,37507
15,38331,378,0.0,4638,809,37522
11,38342,378,0.0,4639,809,37533
12,38354,378,0.0,4640,809,37545
12,38366,379,1.0,4641,809,37557
12,38378,380,1.0,4642,809,37569
16,38394,380,0.0,4643,809,37585
6,38400,380,0.0,4644,809,37591
4,38404,380,0.0,4645,809,37595
2,38406,380,0.0,4646,809,37597
21,38427,380,0.0,4647,809,37618
4,38431,380,0.0,4648,809,37622
9,38440,380,0.0,4649,809,37631
4,38444,380,0.0,4650,809,37635
7,38451,380,0.0,4651,809,37642
2,38453,380,0.0,4652,809,37644
4,38457,380,0.0,4653,809,37648
3,38460,380,0.0,4654,809,37651
8,38468,380,0.0,4655,809,37659
2,38470,380,0.0,4656,809,37661
9,38479,381,1.0,4657,809,37670
6,38485,381,0.0,4658,809,37676
4,38489,381,0.0,4659,809,37680
19,38508,381,0.0,4660,809,37699
2,38510,381,0.0,4661,809,37701
2,38512,381,0.0,4662,809,37703
20,38532,381,0.0,4663,809,37723
5,38537,381,0.0,4664,809,37728
3,38540,381,0.0,4665,809,37731
5,38545,381,0.0,4666,809,37736
2,38547,381,0.0,4667,809,37738
2,38549,381,0.0,4668,809,37740
2,38551,381,0.0,4669,809,37742
10,38561,381,0.0,4670,809,37752
4,38565,381,0.0,4671,809,37756
3,38568,381,0.0,4672,809,37759
2,38570,381,0.0,4673,809,37761
14,38584,381,0.0,4674,809,37775
10,38594,381,0.0,4675,809,37785
7,38601,381,0.0,4676,809,37792
5,38606,381,0.0,4677,809,37797
5,38611,381,0.0,4678,809,37802
12,38623,382,1.0,4679,809,37814
23,38646,382,0.0,4680,809,37837
16,38662,382,0.0,4681,809,37853
3,38665,382,0.0,4682,809,37856
6,38671,382,0.0,4683,809,37862
16,38687,382,0.0,4684,809,37878
10,38697,382,0.0,4685,809,37888
9,38706,382,0.0,4686,809,37897
4,38710,382,0.0,4687,809,37901
7,38717,382,0.0,4688,809,37908
4,38721,382,0.0,4689,809,37912
12,38733,383,1.0,4690,809,37924
9,38742,383,0.0,4691,809,37933
18,38760,384,1.0,4692,809,37951
13,38773,384,0.0,4693,809,37964
4,38777,384,0.0,4694,809,37968
6,38783,384,0.0,4695,809,37974
12,38795,385,1.0,4696,809,37986
8,38803,385,0.0,4697,809,37994
9,38812,385,0.0,4698,809,38003
2,38814,385,0.0,4699,809,38005
4,38818,385,0.0,4700,809,38009
6,38824,385,0.0,4701,809,38015
7,38831,385,0.0,4702,809,38022
5,38836,385,0.0,4703,809,38027
3,38839,385,0.0,4704,809,38030
4,38843,385,0.0,4705,809,38034
10,38853,385,0.0,4706,809,38044
13,38866,385,0.0,4707,809,38057
5,38871,385,0.0,4708,809,38062
18,38889,385,0.0,4709,809,38080
5,38894,385,0.0,4710,809,38085
9,38903,385,0.0,4711,809,38094
18,38921,385,0.0,4712,809,38112
9,38930,385,0.0,4713,809,38121
2,38932,385,0.0,4714,809,38123
4,38936,385,0.0,4715,809,38127
2,38938,385,0.0,4716,809,38129
2,38940,385,0.0,4717,809,38131
4,38944,385,0.0,4718,809,38135
2,38946,385,0.0,4719,809,38137
12,38958,385,0.0,4720,809,38149
2,38960,385,0.0,4721,809,38151
17,38977,385,0.0,4722,809,38168
2,38979,385,0.0,4723,809,38170
5,38984,385,0.0,4724,809,38175
8,38992,385,0.0,4725,809,38183
15,39007,385,0.0,4726,809,38198
6,39013,385,0.0,4727,809,38204
27,39040,385,0.0,4728,809,38231
11,39051,385,0.0,4729,809,38242
2,39053,385,0.0,4730,809,38244
3,39056,385,0.0,4731,809,38247
6,39062,385,0.0,4732,809,38253
17,39079,385,0.0,4733,809,38270
12,39091,385,0.0,4734,809,38282
4,39095,385,0.0,4735,809,38286
12,39107,385,0.0,4736,809,38298
7,39114,385,0.0,4737,809,38305
17,39131,385,0.0,4738,809,38322
16,39147,386,1.0,4739,809,38338
10,39157,386,0.0,4740,809,38348
11,39168,386,0.0,4741,809,38359
7,39175,386,0.0,4742,809,38366
12,39187,387,1.0,4743,809,38378
3,39190,387,0.0,4744,809,38381
6,39196,387,0.0,4745,809,38387
6,39202,387,0.0,4746,809,38393
4,39206,387,0.0,4747,809,38397
2,39208,387,0.0,4748,809,38399
9,39217,387,0.0,4749,809,38408
13,39230,387,0.0,4750,809,38421
9,39239,387,0.0,4751,809,38430
2,39241,387,0.0,4752,809,38432
4,39245,387,0.0,4753,809,38436
23,39268,387,0.0,4754,809,38459
8,39276,387,0.0,4755,809,38467
7,39283,387,0.0,4756,809,38474
3,39286,387,0.0,4757,809,38477
7,39293,387,0.0,4758,809,38484
10,39303,387,0.0,4759,809,38494
8,39311,387,0.0,4760,809,38502
18,39329,388,1.0,4761,809,38520
12,39341,388,0.0,4762,809,38532
4,39345,388,0.0,4763,809,38536
9,39354,388,0.0,4764,809,38545
15,39369,388,0.0,4765,809,38560
13,39382,388,0.0,4766,809,38573
19,39401,388,0.0,4767,809,38592
16,39417,389,1.0,4768,809,38608
4,39421,389,0.0,4769,809,38612
6,39427,389,0.0,4770,809,38618
7,39434,389,0.0,4771,809,38625
13,39447,389,0.0,4772,809,38638
12,39459,390,1.0,4773,809,38650
3,39462,390,0.0,4774,809,38653
6,39468,390,0.0,4775,809,38659
16,39484,391,1.0,4776,809,38675
3,39487,391,0.0,4777,809,38678
4,39491,391,0.0,4778,809,38682
11,39502,391,0.0,4779,809,38693
19,39521,391,0.0,4780,809,38712
33,39554,391,0.0,4781,809,38745
4,39558,391,0.0,4782,809,38749
5,39563,391,0.0,4783,809,38754
16,39579,392,1.0,4784,809,38770
17,39596,392,0.0,4785,809,38787
22,39618,392,0.0,4786,809,38809
5,39623,392,0.0,4787,809,38814
4,39627,392,0.0,4788,809,38818
10,39637,392,0.0,4789,809,38828
6,39643,392,0.0,4790,809,38834
18,39661,392,0.0,4791,809,38852
12,39673,393,1.0,4792,809,38864
2,39675,393,0.0,4793,809,38866
4,39679,393,0.0,4794,809,38870
10,39689,393,0.0,4795,809,38880
8,39697,393,0.0,4796,809,38888
2,39699,393,0.0,4797,809,38890
12,39711,393,0.0,4798,809,38902
12,39723,394,1.0,4799,809,38914
5,39728,394,0.0,4800,809,38919
3,39731,394,0.0,4801,809,38922
2,39733,394,0.0,4802,809,38924
6,39739,394,0.0,4803,809,38930
3,39742,394,0.0,4804,809,38933
2,39744,394,0.0,4805,809,38935
2,39746,394,0.0,4806,809,38937
8,39754,394,0.0,4807,809,38945
2,39756,394,0.0,4808,809,38947
5,39761,394,0.0,4809,809,38952
11,39772,394,0.0,4810,809,38963
26,39798,394,0.0,4811,809,38989
5,39803,394,0.0,4812,809,38994
10,39813,394,0.0,4813,809,39004
8,39821,394,0.0,4814,809,39012
4,39825,394,0.0,4815,809,39016
3,39828,394,0.0,4816,809,39019
7,39835,394,0.0,4817,809,39026
9,39844,394,0.0,4818,809,39035
9,39853,394,0.0,4819,809,39044
7,39860,394,0.0,4820,809,39051
7,39867,394,0.0,4821,809,39058
2,39869,394,0.0,4822,809,39060
8,39877,394,0.0,4823,809,39068
12,39889,395,1.0,4824,809,39080
10,39899,395,0.0,4825,809,39090
7,39906,395,0.0,4826,809,39097
18,39924,395,0.0,4827,809,39115
13,39937,395,0.0,4828,809,39128
7,39944,395,0.0,4829,809,39135
8,39952,395,0.0,4830,809,39143
9,39961,396,1.0,4831,809,39152
12,39973,396,0.0,4832,809,39164
3,39976,396,0.0,4833,809,39167
7,39983,396,0.0,4834,809,39174
3,39986,396,0.0,4835,809,39177
7,39993,396,0.0,4836,809,39184
3,39996,396,0.0,4837,809,39187
5,40001,396,0.0,4838,809,39192
12,40013,396,0.0,4839,809,39204
5,40018,396,0.0,4840,809,39209
9,40027,397,1.0,4841,809,39218
5,40032,397,0.0,4842,809,39223
5,40037,397,0.0,4843,809,39228
6,40043,397,0.0,4844,809,39234
3,40046,397,0.0,4845,809,39237
12,40058,397,0.0,4846,809,39249
29,40087,397,0.0,4847,809,39278
3,40090,397,0.0,4848,809,39281
33,40123,397,0.0,4849,809,39314
12,40135,397,0.0,4850,809,39326
13,40148,397,0.0,4851,809,39339
5,40153,397,0.0,4852,809,39344
4,40157,397,0.0,4853,809,39348
3,40160,397,0.0,4854,809,39351
18,40178,397,0.0,4855,809,39369
18,40196,398,1.0,4856,809,39387
4,40200,398,0.0,4857,809,39391
12,40212,399,1.0,4858,809,39403
9,40221,399,0.0,4859,809,39412
6,40227,399,0.0,4860,809,39418
2,40229,399,0.0,4861,809,39420
3,40232,399,0.0,4862,809,39423
13,40245,399,0.0,4863,809,39436
4,40249,399,0.0,4864,809,39440
2,40251,399,0.0,4865,809,39442
7,40258,399,0.0,4866,809,39449
13,40271,399,0.0,4867,809,39462
2,40273,399,0.0,4868,809,39464
10,40283,399,0.0,4869,809,39474
19,40302,399,0.0,4870,809,39493
6,40308,399,0.0,4871,809,39499
2,40310,399,0.0,4872,809,39501
4,40314,399,0.0,4873,809,39505
3,40317,399,0.0,4874,809,39508
4,40321,399,0.0,4875,809,39512
5,40326,399,0.0,4876,809,39517
6,40332,399,0.0,4877,809,39523
8,40340,399,0.0,4878,809,39531
4,40344,399,0.0,4879,809,39535
7,40351,399,0.0,4880,809,39542
6,40357,399,0.0,4881,809,39548
11,40368,399,0.0,4882,809,39559
7,40375,399,0.0,4883,809,39566
3,40378,399,0.0,4884,809,39569
2,40380,399,0.0,4885,809,39571
5,40385,399,0.0,4886,809,39576
3,40388,399,0.0,4887,809,39579
6,40394,399,0.0,4888,809,39585
16,40410,399,0.0,4889,809,39601
5,40415,399,0.0,4890,809,39606
2,40417,399,0.0,4891,809,39608
4,40421,399,0.0,4892,809,39612
12,40433,400,1.0,4893,809,39624
2,40435,400,0.0,4894,809,39626
12,40447,401,1.0,4895,809,39638
12,40459,402,1.0,4896,809,39650
4,40463,402,0.0,4897,809,39654
9,40472,402,0.0,4898,809,39663
6,40478,402,0.0,4899,809,39669
9,40487,402,0.0,4900,809,39678
11,40498,402,0.0,4901,809,39689
2,40500,402,0.0,4902,809,39691
5,40505,402,0.0,4903,809,39696
5,40510,402,0.0,4904,809,39701
11,40521,402,0.0,4905,809,39712
11,40532,402,0.0,4906,809,39723
12,40544,403,1.0,4907,809,39735
3,40547,403,0.0,4908,809,39738
12,40559,403,0.0,4909,809,39750
20,40579,403,0.0,4910,809,39770
6,40585,403,0.0,4911,809,39776
12,40597,403,0.0,4912,809,39788
20,40617,403,0.0,4913,809,39808
20,40637,403,0.0,4914,809,39828
14,40651,403,0.0,4915,809,39842
9,40660,403,0.0,4916,809,39851
8,40668,403,0.0,4917,809,39859
12,40680,403,0.0,4918,809,39871
16,40696,404,1.0,4919,809,39887
9,40705,404,0.0,4920,809,39896
3,40708,404,0.0,4921,809,39899
6,40714,404,0.0,4922,809,39905
15,40729,404,0.0,4923,809,39920
3,40732,404,0.0,4924,809,39923
2,40734,404,0.0,4925,809,39925
9,40743,404,0.0,4926,809,39934
13,40756,404,0.0,4927,809,39947
3,40759,404,0.0,4928,809,39950
7,40766,404,0.0,4929,809,39957
17,40783,404,0.0,4930,809,39974
14,40797,404,0.0,4931,809,39988
19,40816,404,0.0,4932,809,40007
20,40836,404,0.0,4933,809,40027
3,40839,404,0.0,4934,809,40030
12,40851,405,1.0,4935,809,40042
7,40858,405,0.0,4936,809,40049
8,40866,405,0.0,4937,809,40057
4,40870,405,0.0,4938,809,40061
3,40873,405,0.0,4939,809,40064
5,40878,405,0.0,4940,809,40069
4,40882,405,0.0,4941,809,40073
11,40893,405,0.0,4942,809,40084
11,40904,405,0.0,4943,809,40095
6,40910,405,0.0,4944,809,40101
31,40941,405,0.0,4945,809,40132
4,40945,405,0.0,4946,809,40136
9,40954,405,0.0,4947,809,40145
3,40957,405,0.0,4948,809,40148
7,40964,405,0.0,4949,809,40155
11,40975,405,0.0,4950,809,40166
2,40977,405,0.0,4951,809,40168
14,40991,405,0.0,4952,809,40182
4,40995,405,0.0,4953,809,40186
5,41000,405,0.0,4954,809,40191
4,41004,405,0.0,4955,809,40195
2,41006,405,0.0,4956,809,40197
2,41008,405,0.0,4957,809,40199
7,41015,405,0.0,4958,809,40206
2,41017,405,0.0,4959,809,40208
2,41019,405,0.0,4960,809,40210
4,41023,405,0.0,4961,809,40214
10,41033,405,0.0,4962,809,40224
7,41040,405,0.0,4963,809,40231
7,41047,405,0.0,4964,809,40238
2,41049,405,0.0,4965,809,40240
10,41059,405,0.0,4966,809,40250
5,41064,405,0.0,4967,809,40255
5,41069,405,0.0,4968,809,40260
6,41075,405,0.0,4969,809,40266
2,41077,405,0.0,4970,809,40268
11,41088,405,0.0,4971,809,40279
12,41100,405,0.0,4972,809,40291
2,41102,405,0.0,4973,809,40293
11,41113,405,0.0,4974,809,40304
5,41118,405,0.0,4975,809,40309
16,41134,405,0.0,4976,809,40325
5,41139,405,0.0,4977,809,40330
4,41143,405,0.0,4978,809,40334
12,41155,406,1.0,4979,809,40346
12,41167,406,0.0,4980,809,40358
17,41184,406,0.0,4981,809,40375
29,41213,406,0.0,4982,809,40404
5,41218,406,0.0,4983,809,40409
2,41220,406,0.0,4984,809,40411
3,41223,406,0.0,4985,809,40414
12,41235,407,1.0,4986,809,40426
8,41243,407,0.0,4987,809,40434
3,41246,407,0.0,4988,809,40437
12,41258,408,1.0,4989,809,40449
12,41270,408,0.0,4990,809,40461
15,41285,408,0.0,4991,809,40476
4,41289,408,0.0,4992,809,40480
2,41291,408,0.0,4993,809,40482
4,41295,408,0.0,4994,809,40486
2,41297,408,0.0,4995,809,40488
3,41300,408,0.0,4996,809,40491
9,41309,408,0.0,4997,809,40500
3,41312,408,0.0,4998,809,40503
5,41317,408,0.0,4999,809,40508
4,41321,408,0.0,5000,809,40512
4,41325,408,0.0,5001,809,40516
4,41329,408,0.0,5002,809,40520
2,41331,408,0.0,5003,809,40522
18,41349,408,0.0,5004,809,40540
5,41354,408,0.0,5005,809,40545
9,41363,408,0.0,5006,809,40554
25,41388,408,0.0,5007,809,40579
3,41391,408,0.0,5008,809,40582
25,41416,408,0.0,5009,809,40607
5,41421,408,0.0,5010,809,40612
8,41429,408,0.0,5011,809,40620
2,41431,408,0.0,5012,809,40622
2,41433,408,0.0,5013,809,40624
10,41443,408,0.0,5014,809,40634
6,41449,408,0.0,5015,809,40640
7,41456,408,0.0,5016,809,40647
2,41458,408,0.0,5017,809,40649
6,41464,408,0.0,5018,809,40655
2,41466,408,0.0,5019,809,40657
9,41475,408,0.0,5020,809,40666
13,41488,408,0.0,5021,809,40679
9,41497,408,0.0,5022,809,40688
12,41509,409,1.0,5023,809,40700
15,41524,409,0.0,5024,809,40715
10,41534,409,0.0,5025,809,40725
6,41540,409,0.0,5026,809,40731
6,41546,409,0.0,5027,809,40737
3,41549,409,0.0,5028,809,40740
3,41552,409,0.0,5029,809,40743
2,41554,409,0.0,5030,809,40745
6,41560,409,0.0,5031,809,40751
16,41576,409,0.0,5032,809,40767
7,41583,409,0.0,5033,809,40774
3,41586,409,0.0,5034,809,40777
4,41590,409,0.0,5035,809,40781
7,41597,409,0.0,5036,809,40788
11,41608,409,0.0,5037,809,40799
5,41613,409,0.0,5038,809,40804
14,41627,409,0.0,5039,809,40818
6,41633,409,0.0,5040,809,40824
5,41638,409,0.0,5041,809,40829
5,41643,409,0.0,5042,809,40834
3,41646,409,0.0,5043,809,40837
7,41653,409,0.0,5044,809,40844
6,41659,409,0.0,5045,809,40850
7,41666,409,0.0,5046,809,40857
7,41673,409,0.0,5047,809,40864
6,41679,409,0.0,5048,809,40870
18,41697,409,0.0,5049,809,40888
5,41702,409,0.0,5050,809,40893
5,41707,409,0.0,5051,809,40898
8,41715,409,0.0,5052,809,40906
9,41724,409,0.0,5053,809,40915
3,41727,409,0.0,5054,809,40918
5,41732,409,0.0,5055,809,40923
5,41737,409,0.0,5056,809,40928
5,41742,409,0.0,5057,809,40933
7,41749,409,0.0,5058,809,40940
3,41752,409,0.0,5059,809,40943
17,41769,409,0.0,5060,809,40960
12,41781,410,1.0,5061,809,40972
18,41799,410,0.0,5062,809,40990
24,41823,410,0.0,5063,809,41014
4,41827,410,0.0,5064,809,41018
8,41835,410,0.0,5065,809,41026
3,41838,410,0.0,5066,809,41029
13,41851,410,0.0,5067,809,41042
3,41854,410,0.0,5068,809,41045
12,41866,411,1.0,5069,809,41057
5,41871,411,0.0,5070,809,41062
9,41880,411,0.0,5071,809,41071
4,41884,411,0.0,5072,809,41075
7,41891,411,0.0,5073,809,41082
19,41910,411,0.0,5074,809,41101
7,41917,411,0.0,5075,809,41108
12,41929,412,1.0,5076,809,41120
19,41948,412,0.0,5077,809,41139
10,41958,412,0.0,5078,809,41149
6,41964,412,0.0,5079,809,41155
11,41975,412,0.0,5080,809,41166
2,41977,412,0.0,5081,809,41168
14,41991,412,0.0,5082,809,41182
6,41997,412,0.0,5083,809,41188
7,42004,412,0.0,5084,809,41195
2,42006,412,0.0,5085,809,41197
17,42023,412,0.0,5086,809,41214
2,42025,412,0.0,5087,809,41216
17,42042,412,0.0,5088,809,41233
8,42050,412,0.0,5089,809,41241
2,42052,412,0.0,5090,809,41243
5,42057,412,0.0,5091,809,41248
7,42064,412,0.0,5092,809,41255
18,42082,412,0.0,5093,809,41273
8,42090,412,0.0,5094,809,41281
11,42101,412,0.0,5095,809,41292
7,42108,412,0.0,5096,809,41299
12,42120,413,1.0,5097,809,41311
7,42127,413,0.0,5098,809,41318
2,42129,413,0.0,5099,809,41320
6,42135,413,0.0,5100,809,41326
3,42138,413,0.0,5101,809,41329
5,42143,413,0.0,5102,809,41334
11,42154,413,0.0,5103,809,41345
17,42171,413,0.0,5104,809,41362
16,42187,413,0.0,5105,809,41378
6,42193,413,0.0,5106,809,41384
6,42199,413,0.0,5107,809,41390
3,42202,413,0.0,5108,809,41393
2,42204,413,0.0,5109,809,41395
7,42211,413,0.0,5110,809,41402
12,42223,414,1.0,5111,809,41414
3,42226,414,0.0,5112,809,41417
2,42228,414,0.0,5113,809,41419
9,42237,414,0.0,5114,809,41428
7,42244,414,0.0,5115,809,41435
7,42251,414,0.0,5116,809,41442
19,42270,414,0.0,5117,809,41461
9,42279,414,0.0,5118,809,41470
7,42286,414,0.0,5119,809,41477
12,42298,415,1.0,5120,809,41489
7,42305,415,0.0,5121,809,41496
2,42307,415,0.0,5122,809,41498
3,42310,415,0.0,5123,809,41501
5,42315,415,0.0,5124,809,41506
6,42321,415,0.0,5125,809,41512
7,42328,415,0.0,5126,809,41519
5,42333,415,0.0,5127,809,41524
12,42345,415,0.0,5128,809,41536
2,42347,415,0.0,5129,809,41538
7,42354,415,0.0,5130,809,41545
12,42366,415,0.0,5131,809,41557
4,42370,415,0.0,5132,809,41561
6,42376,415,0.0,5133,809,41567
9,42385,415,0.0,5134,809,41576
2,42387,415,0.0,5135,809,41578
3,42390,415,0.0,5136,809,41581
10,42400,415,0.0,5137,809,41591
5,42405,415,0.0,5138,809,41596
12,42417,415,0.0,5139,809,41608
2,42419,415,0.0,5140,809,41610
8,42427,415,0.0,5141,809,41618
7,42434,415,0.0,5142,809,41625
9,42443,415,0.0,5143,809,41634
2,42445,415,0.0,5144,809,41636
11,42456,415,0.0,5145,809,41647
6,42462,415,0.0,5146,809,41653
6,42468,415,0.0,5147,809,41659
2,42470,415,0.0,5148,809,41661
31,42501,415,0.0,5149,809,41692
6,42507,415,0.0,5150,809,41698
22,42529,415,0.0,5151,809,41720
10,42539,415,0.0,5152,809,41730
12,42551,415,0.0,5153,809,41742
7,42558,415,0.0,5154,809,41749
2,42560,415,0.0,5155,809,41751
12,42572,416,1.0,5156,809,41763
5,42577,416,0.0,5157,809,41768
3,42580,416,0.0,5158,809,41771
4,42584,416,0.0,5159,809,41775
10,42594,416,0.0,5160,809,41785
9,42603,416,0.0,5161,809,41794
3,42606,416,0.0,5162,809,41797
14,42620,416,0.0,5163,809,41811
10,42630,416,0.0,5164,809,41821
2,42632,416,0.0,5165,809,41823
3,42635,416,0.0,5166,809,41826
4,42639,416,0.0,5167,809,41830
8,42647,416,0.0,5168,809,41838
8,42655,416,0.0,5169,809,41846
4,42659,416,0.0,5170,809,41850
11,42670,416,0.0,5171,809,41861
2,42672,416,0.0,5172,809,41863
5,42677,416,0.0,5173,809,41868
4,42681,416,0.0,5174,809,41872
2,42683,416,0.0,5175,809,41874
6,42689,416,0.0,5176,809,41880
4,42693,416,0.0,5177,809,41884
2,42695,416,0.0,5178,809,41886
15,42710,416,0.0,5179,809,41901
16,42726,416,0.0,5180,809,41917
4,42730,416,0.0,5181,809,41921
6,42736,416,0.0,5182,809,41927
7,42743,416,0.0,5183,809,41934
12,42755,417,1.0,5184,809,41946
5,42760,417,0.0,5185,809,41951
18,42778,418,1.0,5186,809,41969
4,42782,418,0.0,5187,809,41973
7,42789,418,0.0,5188,809,41980
10,42799,418,0.0,5189,809,41990
12,42811,419,1.0,5190,809,42002
10,42821,419,0.0,5191,809,42012
12,42833,420,1.0,5192,809,42024
3,42836,420,0.0,5193,809,42027
12,42848,420,0.0,5194,809,42039
9,42857,420,0.0,5195,809,42048
2,42859,420,0.0,5196,809,42050
18,42877,420,0.0,5197,809,42068
3,42880,420,0.0,5198,809,42071
13,42893,420,0.0,5199,809,42084
12,42905,421,1.0,5200,809,42096
12,42917,422,1.0,5201,809,42108
3,42920,422,0.0,5202,809,42111
2,42922,422,0.0,5203,809,42113
8,42930,422,0.0,5204,809,42121
16,42946,423,1.0,5205,809,42137
5,42951,423,0.0,5206,809,42142
8,42959,423,0.0,5207,809,42150
4,42963,423,0.0,5208,809,42154
9,42972,423,0.0,5209,809,42163
18,42990,423,0.0,5210,809,42181
7,42997,423,0.0,5211,809,42188
8,43005,423,0.0,5212,809,42196
22,43027,423,0.0,5213,809,42218
4,43031,423,0.0,5214,809,42222
11,43042,423,0.0,5215,809,42233
9,43051,423,0.0,5216,809,42242
2,43053,423,0.0,5217,809,42244
15,43068,423,0.0,5218,809,42259
9,43077,423,0.0,5219,809,42268
6,43083,423,0.0,5220,809,42274
5,43088,423,0.0,5221,809,42279
7,43095,423,0.0,5222,809,42286
3,43098,423,0.0,5223,809,42289
7,43105,423,0.0,5224,809,42296
2,43107,423,0.0,5225,809,42298
22,43129,423,0.0,5226,809,42320
4,43133,423,0.0,5227,809,42324
8,43141,423,0.0,5228,809,42332
16,43157,424,1.0,5229,809,42348
3,43160,424,0.0,5230,809,42351
27,43187,425,1.0,5231,809,42378
10,43197,425,0.0,5232,809,42388
5,43202,425,0.0,5233,809,42393
7,43209,425,0.0,5234,809,42400
7,43216,425,0.0,5235,809,42407
19,43235,425,0.0,5236,809,42426
5,43240,425,0.0,5237,809,42431
3,43243,425,0.0,5238,809,42434
39,43282,425,0.0,5239,809,42473
9,43291,425,0.0,5240,809,42482
12,43303,426,1.0,5241,809,42494
3,43306,426,0.0,5242,809,42497
5,43311,426,0.0,5243,809,42502
4,43315,426,0.0,5244,809,42506
4,43319,426,0.0,5245,809,42510
4,43323,426,0.0,5246,809,42514
15,43338,426,0.0,5247,809,42529
6,43344,426,0.0,5248,809,42535
4,43348,426,0.0,5249,809,42539
14,43362,426,0.0,5250,809,42553
18,43380,427,1.0,5251,809,42571
25,43405,427,0.0,5252,809,42596
8,43413,427,0.0,5253,809,42604
3,43416,427,0.0,5254,809,42607
6,43422,427,0.0,5255,809,42613
8,43430,427,0.0,5256,809,42621
6,43436,427,0.0,5257,809,42627
12,43448,428,1.0,5258,809,42639
6,43454,428,0.0,5259,809,42645
7,43461,428,0.0,5260,809,42652
6,43467,428,0.0,5261,809,42658
11,43478,428,0.0,5262,809,42669
12,43490,428,0.0,5263,809,42681
8,43498,428,0.0,5264,809,42689
5,43503,428,0.0,5265,809,42694
7,43510,428,0.0,5266,809,42701
6,43516,428,0.0,5267,809,42707
3,43519,428,0.0,5268,809,42710
3,43522,428,0.0,5269,809,42713
16,43538,428,0.0,5270,809,42729
20,43558,428,0.0,5271,809,42749
20,43578,428,0.0,5272,809,42769
9,43587,428,0.0,5273,809,42778
4,43591,428,0.0,5274,809,42782
9,43600,428,0.0,5275,809,42791
3,43603,428,0.0,5276,809,42794
3,43606,428,0.0,5277,809,42797
24,43630,428,0.0,5278,809,42821
9,43639,428,0.0,5279,809,42830
4,43643,428,0.0,5280,809,42834
10,43653,428,0.0,5281,809,42844
3,43656,428,0.0,5282,809,42847
13,43669,428,0.0,5283,809,42860
4,43673,428,0.0,5284,809,42864
3,43676,428,0.0,5285,809,42867
11,43687,428,0.0,5286,809,42878
4,43691,428,0.0,5287,809,42882
11,43702,428,0.0,5288,809,42893
14,43716,428,0.0,5289,809,42907
5,43721,428,0.0,5290,809,42912
15,43736,428,0.0,5291,809,42927
12,43748,428,0.0,5292,809,42939
6,43754,428,0.0,5293,809,42945
4,43758,428,0.0,5294,809,42949
3,43761,428,0.0,5295,809,42952
24,43785,428,0.0,5296,809,42976
7,43792,428,0.0,5297,809,42983
7,43799,428,0.0,5298,809,42990
20,43819,428,0.0,5299,809,43010
7,43826,428,0.0,5300,809,43017
6,43832,428,0.0,5301,809,43023
6,43838,428,0.0,5302,809,43029
2,43840,428,0.0,5303,809,43031
8,43848,428,0.0,5304,809,43039
19,43867,428,0.0,5305,809,43058
11,43878,428,0.0,5306,809,43069
2,43880,428,0.0,5307,809,43071
6,43886,428,0.0,5308,809,43077
2,43888,428,0.0,5309,809,43079
2,43890,428,0.0,5310,809,43081
22,43912,428,0.0,5311,809,43103
17,43929,428,0.0,5312,809,43120
35,43964,428,0.0,5313,809,43155
13,43977,428,0.0,5314,809,43168
2,43979,428,0.0,5315,809,43170
4,43983,428,0.0,5316,809,43174
7,43990,428,0.0,5317,809,43181
11,44001,428,0.0,5318,809,43192
4,44005,428,0.0,5319,809,43196
2,44007,428,0.0,5320,809,43198
13,44020,428,0.0,5321,809,43211
20,44040,428,0.0,5322,809,43231
6,44046,428,0.0,5323,809,43237
3,44049,428,0.0,5324,809,43240
12,44061,428,0.0,5325,809,43252
12,44073,429,1.0,5326,809,43264
4,44077,429,0.0,5327,809,43268
2,44079,429,0.0,5328,809,43270
11,44090,429,0.0,5329,809,43281
5,44095,429,0.0,5330,809,43286
6,44101,429,0.0,5331,809,43292
5,44106,429,0.0,5332,809,43297
12,44118,430,1.0,5333,809,43309
6,44124,430,0.0,5334,809,43315
7,44131,430,0.0,5335,809,43322
4,44135,430,0.0,5336,809,43326
5,44140,430,0.0,5337,809,43331
2,44142,430,0.0,5338,809,43333
3,44145,430,0.0,5339,809,43336
16,44161,431,1.0,5340,809,43352
3,44164,431,0.0,5341,809,43355
12,44176,432,1.0,5342,809,43367
12,44188,433,1.0,5343,809,43379
12,44200,434,1.0,5344,809,43391
6,44206,434,0.0,5345,809,43397
6,44212,434,0.0,5346,809,43403
2,44214,434,0.0,5347,809,43405
10,44224,434,0.0,5348,809,43415
8,44232,434,0.0,5349,809,43423
6,44238,434,0.0,5350,809,43429
12,44250,435,1.0,5351,809,43441
5,44255,435,0.0,5352,809,43446
7,44262,435,0.0,5353,809,43453
11,44273,435,0.0,5354,809,43464
10,44283,435,0.0,5355,809,43474
12,44295,436,1.0,5356,809,43486
6,44301,436,0.0,5357,809,43492
11,44312,436,0.0,5358,809,43503
8,44320,436,0.0,5359,809,43511
6,44326,436,0.0,5360,809,43517
2,44328,436,0.0,5361,809,43519
7,44335,436,0.0,5362,809,43526
12,44347,437,1.0,5363,809,43538
20,44367,437,0.0,5364,809,43558
2,44369,437,0.0,5365,809,43560
8,44377,437,0.0,5366,809,43568
7,44384,437,0.0,5367,809,43575
2,44386,437,0.0,5368,809,43577
2,44388,437,0.0,5369,809,43579
13,44401,437,0.0,5370,809,43592
14,44415,437,0.0,5371,809,43606
2,44417,437,0.0,5372,809,43608
6,44423,437,0.0,5373,809,43614
2,44425,437,0.0,5374,809,43616
11,44436,437,0.0,5375,809,43627
11,44447,437,0.0,5376,809,43638
4,44451,437,0.0,5377,809,43642
13,44464,437,0.0,5378,809,43655
10,44474,437,0.0,5379,809,43665
6,44480,437,0.0,5380,809,43671
6,44486,437,0.0,5381,809,43677
2,44488,437,0.0,5382,809,43679
9,44497,437,0.0,5383,809,43688
11,44508,437,0.0,5384,809,43699
8,44516,437,0.0,5385,809,43707
16,44532,437,0.0,5386,809,43723
14,44546,437,0.0,5387,809,43737
12,44558,437,0.0,5388,809,43749
13,44571,437,0.0,5389,809,43762
8,44579,437,0.0,5390,809,43770
8,44587,437,0.0,5391,809,43778
17,44604,437,0.0,5392,809,43795
14,44618,437,0.0,5393,809,43809
12,44630,438,1.0,5394,809,43821
7,44637,438,0.0,5395,809,43828
14,44651,438,0.0,5396,809,43842
5,44656,438,0.0,5397,809,43847
3,44659,438,0.0,5398,809,43850
7,44666,438,0.0,5399,809,43857
5,44671,438,0.0,5400,809,43862
6,44677,438,0.0,5401,809,43868
9,44686,438,0.0,5402,809,43877
5,44691,438,0.0,5403,809,43882
5,44696,438,0.0,5404,809,43887
12,44708,439,1.0,5405,809,43899
7,44715,439,0.0,5406,809,43906
3,44718,439,0.0,5407,809,43909
3,44721,439,0.0,5408,809,43912
6,44727,439,0.0,5409,809,43918
7,44734,439,0.0,5410,809,43925
7,44741,439,0.0,5411,809,43932
7,44748,439,0.0,5412,809,43939
7,44755,439,0.0,5413,809,43946
5,44760,439,0.0,5414,809,43951
4,44764,439,0.0,5415,809,43955
13,44777,439,0.0,5416,809,43968
11,44788,439,0.0,5417,809,43979
12,44800,440,1.0,5418,809,43991
5,44805,440,0.0,5419,809,43996
2,44807,440,0.0,5420,809,43998
12,44819,441,1.0,5421,809,44010
16,44835,442,1.0,5422,809,44026
4,44839,442,0.0,5423,809,44030
12,44851,442,0.0,5424,809,44042
12,44863,443,1.0,5425,809,44054
3,44866,443,0.0,5426,809,44057
12,44878,444,1.0,5427,809,44069
18,44896,444,0.0,5428,809,44087
5,44901,444,0.0,5429,809,44092
3,44904,444,0.0,5430,809,44095
2,44906,444,0.0,5431,809,44097
7,44913,444,0.0,5432,809,44104
12,44925,445,1.0,5433,809,44116
12,44937,446,1.0,5434,809,44128
4,44941,446,0.0,5435,809,44132
3,44944,446,0.0,5436,809,44135
7,44951,446,0.0,5437,809,44142
4,44955,446,0.0,5438,809,44146
12,44967,447,1.0,5439,809,44158
6,44973,447,0.0,5440,809,44164
12,44985,448,1.0,5441,809,44176
11,44996,448,0.0,5442,809,44187
10,45006,448,0.0,5443,809,44197
12,45018,449,1.0,5444,809,44209
13,45031,449,0.0,5445,809,44222
4,45035,449,0.0,5446,809,44226
6,45041,449,0.0,5447,809,44232
7,45048,449,0.0,5448,809,44239
13,45061,449,0.0,5449,809,44252
5,45066,449,0.0,5450,809,44257
9,45075,450,1.0,5451,809,44266
37,45112,450,0.0,5452,809,44303
6,45118,450,0.0,5453,809,44309
11,45129,450,0.0,5454,809,44320
10,45139,450,0.0,5455,809,44330
12,45151,450,0.0,5456,809,44342
7,45158,450,0.0,5457,809,44349
12,45170,451,1.0,5458,809,44361
11,45181,451,0.0,5459,809,44372
6,45187,451,0.0,5460,809,44378
4,45191,451,0.0,5461,809,44382
6,45197,451,0.0,5462,809,44388
6,45203,451,0.0,5463,809,44394
13,45216,451,0.0,5464,809,44407
11,45227,451,0.0,5465,809,44418
4,45231,451,0.0,5466,809,44422
2,45233,451,0.0,5467,809,44424
5,45238,451,0.0,5468,809,44429
2,45240,451,0.0,5469,809,44431
6,45246,451,0.0,5470,809,44437
17,45263,451,0.0,5471,809,44454
9,45272,451,0.0,5472,809,44463
4,45276,451,0.0,5473,809,44467
5,45281,451,0.0,5474,809,44472
12,45293,452,1.0,5475,809,44484
12,45305,453,1.0,5476,809,44496
2,45307,453,0.0,5477,809,44498
12,45319,454,1.0,5478,809,44510
6,45325,454,0.0,5479,809,44516
6,45331,454,0.0,5480,809,44522
16,45347,455,1.0,5481,809,44538
2,45349,455,0.0,5482,809,44540
8,45357,455,0.0,5483,809,44548
9,45366,455,0.0,5484,809,44557
16,45382,456,1.0,5485,809,44573
8,45390,456,0.0,5486,809,44581
25,45415,456,0.0,5487,809,44606
16,45431,457,1.0,5488,809,44622
4,45435,457,0.0,5489,809,44626
6,45441,457,0.0,5490,809,44632
5,45446,457,0.0,5491,809,44637
12,45458,457,0.0,5492,809,44649
5,45463,457,0.0,5493,809,44654
12,45475,458,1.0,5494,809,44666
2,45477,458,0.0,5495,809,44668
11,45488,458,0.0,5496,809,44679
9,45497,458,0.0,5497,809,44688
4,45501,458,0.0,5498,809,44692
12,45513,459,1.0,5499,809,44704
9,45522,459,0.0,5500,809,44713
24,45546,459,0.0,5501,809,44737
24,45570,459,0.0,5502,809,44761
25,45595,459,0.0,5503,809,44786
12,45607,460,1.0,5504,809,44798
5,45612,460,0.0,5505,809,44803
12,45624,461,1.0,5506,809,44815
3,45627,461,0.0,5507,809,44818
15,45642,461,0.0,5508,809,44833
27,45669,462,1.0,5509,809,44860
4,45673,462,0.0,5510,809,44864
4,45677,462,0.0,5511,809,44868
6,45683,462,0.0,5512,809,44874
18,45701,462,0.0,5513,809,44892
6,45707,462,0.0,5514,809,44898
2,45709,462,0.0,5515,809,44900
3,45712,462,0.0,5516,809,44903
3,45715,462,0.0,5517,809,44906
6,45721,462,0.0,5518,809,44912
7,45728,462,0.0,5519,809,44919
3,45731,462,0.0,5520,809,44922
5,45736,462,0.0,5521,809,44927
10,45746,462,0.0,5522,809,44937
12,45758,463,1.0,5523,809,44949
10,45768,463,0.0,5524,809,44959
5,45773,463,0.0,5525,809,44964
9,45782,463,0.0,5526,809,44973
6,45788,463,0.0,5527,809,44979
3,45791,463,0.0,5528,809,44982
12,45803,464,1.0,5529,809,44994
6,45809,464,0.0,5530,809,45000
2,45811,464,0.0,5531,809,45002
3,45814,464,0.0,5532,809,45005
7,45821,464,0.0,5533,809,45012
12,45833,465,1.0,5534,809,45024
3,45836,465,0.0,5535,809,45027
18,45854,465,0.0,5536,809,45045
6,45860,465,0.0,5537,809,45051
6,45866,465,0.0,5538,809,45057
10,45876,465,0.0,5539,809,45067
2,45878,465,0.0,5540,809,45069
6,45884,465,0.0,5541,809,45075
3,45887,465,0.0,5542,809,45078
5,45892,465,0.0,5543,809,45083
9,45901,465,0.0,5544,809,45092
12,45913,466,1.0,5545,809,45104
3,45916,466,0.0,5546,809,45107
7,45923,466,0.0,5547,809,45114
12,45935,467,1.0,5548,809,45126
3,45938,467,0.0,5549,809,45129
4,45942,467,0.0,5550,809,45133
6,45948,467,0.0,5551,809,45139
3,45951,467,0.0,5552,809,45142
3,45954,467,0.0,5553,809,45145
2,45956,467,0.0,5554,809,45147
12,45968,468,1.0,5555,809,45159
12,45980,469,1.0,5556,809,45171
9,45989,469,0.0,5557,809,45180
13,46002,469,0.0,5558,809,45193
4,46006,469,0.0,5559,809,45197
13,46019,469,0.0,5560,809,45210
12,46031,470,1.0,5561,809,45222
6,46037,470,0.0,5562,809,45228
7,46044,470,0.0,5563,809,45235
6,46050,470,0.0,5564,809,45241
3,46053,470,0.0,5565,809,45244
8,46061,470,0.0,5566,809,45252
7,46068,470,0.0,5567,809,45259
2,46070,470,0.0,5568,809,45261
12,46082,471,1.0,5569,809,45273
12,46094,471,0.0,5570,809,45285
4,46098,471,0.0,5571,809,45289
6,46104,471,0.0,5572,809,45295
6,46110,471,0.0,5573,809,45301
12,46122,472,1.0,5574,809,45313
12,46134,473,1.0,5575,809,45325
3,46137,473,0.0,5576,809,45328
9,46146,473,0.0,5577,809,45337
4,46150,473,0.0,5578,809,45341
27,46177,473,0.0,5579,809,45368
9,46186,473,0.0,5580,809,45377
2,46188,473,0.0,5581,809,45379
8,46196,473,0.0,5582,809,45387
3,46199,473,0.0,5583,809,45390
3,46202,473,0.0,5584,809,45393
9,46211,473,0.0,5585,809,45402
18,46229,473,0.0,5586,809,45420
27,46256,473,0.0,5587,809,45447
3,46259,473,0.0,5588,809,45450
12,46271,474,1.0,5589,809,45462
6,46277,474,0.0,5590,809,45468
8,46285,474,0.0,5591,809,45476
2,46287,474,0.0,5592,809,45478
7,46294,474,0.0,5593,809,45485
2,46296,474,0.0,5594,809,45487
2,46298,474,0.0,5595,809,45489
19,46317,474,0.0,5596,809,45508
12,46329,475,1.0,5597,809,45520
7,46336,475,0.0,5598,809,45527
6,46342,475,0.0,5599,809,45533
12,46354,475,0.0,5600,809,45545
9,46363,475,0.0,5601,809,45554
11,46374,475,0.0,5602,809,45565
16,46390,475,0.0,5603,809,45581
6,46396,475,0.0,5604,809,45587
15,46411,475,0.0,5605,809,45602
2,46413,475,0.0,5606,809,45604
7,46420,475,0.0,5607,809,45611
2,46422,475,0.0,5608,809,45613
4,46426,475,0.0,5609,809,45617
21,46447,475,0.0,5610,809,45638
18,46465,475,0.0,5611,809,45656
10,46475,475,0.0,5612,809,45666
16,46491,475,0.0,5613,809,45682
12,46503,475,0.0,5614,809,45694
6,46509,475,0.0,5615,809,45700
16,46525,475,0.0,5616,809,45716
4,46529,475,0.0,5617,809,45720
5,46534,475,0.0,5618,809,45725
5,46539,475,0.0,5619,809,45730
3,46542,475,0.0,5620,809,45733
4,46546,475,0.0,5621,809,45737
7,46553,475,0.0,5622,809,45744
6,46559,475,0.0,5623,809,45750
6,46565,475,0.0,5624,809,45756
13,46578,475,0.0,5625,809,45769
2,46580,475,0.0,5626,809,45771
5,46585,475,0.0,5627,809,45776
3,46588,475,0.0,5628,809,45779
2,46590,475,0.0,5629,809,45781
3,46593,475,0.0,5630,809,45784
3,46596,475,0.0,5631,809,45787
20,46616,475,0.0,5632,809,45807
4,46620,475,0.0,5633,809,45811
12,46632,475,0.0,5634,809,45823
7,46639,475,0.0,5635,809,45830
4,46643,475,0.0,5636,809,45834
8,46651,475,0.0,5637,809,45842
4,46655,475,0.0,5638,809,45846
3,46658,475,0.0,5639,809,45849
3,46661,475,0.0,5640,809,45852
7,46668,475,0.0,5641,809,45859
3,46671,475,0.0,5642,809,45862
8,46679,475,0.0,5643,809,45870
10,46689,475,0.0,5644,809,45880
2,46691,475,0.0,5645,809,45882
12,46703,476,1.0,5646,809,45894
16,46719,476,0.0,5647,809,45910
12,46731,477,1.0,5648,809,45922
9,46740,477,0.0,5649,809,45931
13,46753,477,0.0,5650,809,45944
12,46765,478,1.0,5651,809,45956
10,46775,478,0.0,5652,809,45966
18,46793,479,1.0,5653,809,45984
8,46801,479,0.0,5654,809,45992
7,46808,479,0.0,5655,809,45999
6,46814,479,0.0,5656,809,46005
5,46819,479,0.0,5657,809,46010
12,46831,480,1.0,5658,809,46022
8,46839,480,0.0,5659,809,46030
2,46841,480,0.0,5660,809,46032
7,46848,480,0.0,5661,809,46039
5,46853,480,0.0,5662,809,46044
24,46877,480,0.0,5663,809,46068
21,46898,480,0.0,5664,809,46089
3,46901,480,0.0,5665,809,46092
7,46908,480,0.0,5666,809,46099
16,46924,481,1.0,5667,809,46115
12,46936,482,1.0,5668,809,46127
3,46939,482,0.0,5669,809,46130
15,46954,482,0.0,5670,809,46145
16,46970,483,1.0,5671,809,46161
7,46977,483,0.0,5672,809,46168
8,46985,483,0.0,5673,809,46176
3,46988,483,0.0,5674,809,46179
7,46995,483,0.0,5675,809,46186
12,47007,483,0.0,5676,809,46198
9,47016,483,0.0,5677,809,46207
25,47041,483,0.0,5678,809,46232
3,47044,483,0.0,5679,809,46235
2,47046,483,0.0,5680,809,46237
16,47062,484,1.0,5681,809,46253
7,47069,484,0.0,5682,809,46260
11,47080,484,0.0,5683,809,46271
4,47084,484,0.0,5684,809,46275
4,47088,484,0.0,5685,809,46279
5,47093,484,0.0,5686,809,46284
6,47099,484,0.0,5687,809,46290
12,47111,485,1.0,5688,809,46302
6,47117,485,0.0,5689,809,46308
3,47120,485,0.0,5690,809,46311
3,47123,485,0.0,5691,809,46314
9,47132,485,0.0,5692,809,46323
6,47138,485,0.0,5693,809,46329
6,47144,485,0.0,5694,809,46335
12,47156,486,1.0,5695,809,46347
4,47160,486,0.0,5696,809,46351
12,47172,487,1.0,5697,809,46363
4,47176,487,0.0,5698,809,46367
6,47182,487,0.0,5699,809,46373
9,47191,487,0.0,5700,809,46382
12,47203,488,1.0,5701,809,46394
4,47207,488,0.0,5702,809,46398
7,47214,488,0.0,5703,809,46405
12,47226,489,1.0,5704,809,46417
25,47251,489,0.0,5705,809,46442
12,47263,490,1.0,5706,809,46454
3,47266,490,0.0,5707,809,46457
6,47272,490,0.0,5708,809,46463
7,47279,490,0.0,5709,809,46470
15,47294,490,0.0,5710,809,46485
8,47302,490,0.0,5711,809,46493
7,47309,490,0.0,5712,809,46500
4,47313,490,0.0,5713,809,46504
8,47321,490,0.0,5714,809,46512
2,47323,490,0.0,5715,809,46514
12,47335,491,1.0,5716,809,46526
10,47345,491,0.0,5717,809,46536
12,47357,491,0.0,5718,809,46548
24,47381,491,0.0,5719,809,46572
2,47383,491,0.0,5720,809,46574
3,47386,491,0.0,5721,809,46577
11,47397,491,0.0,5722,809,46588
6,47403,491,0.0,5723,809,46594
12,47415,492,1.0,5724,809,46606
4,47419,492,0.0,5725,809,46610
12,47431,492,0.0,5726,809,46622
16,47447,493,1.0,5727,809,46638
12,47459,493,0.0,5728,809,46650
3,47462,493,0.0,5729,809,46653
6,47468,493,0.0,5730,809,46659
9,47477,493,0.0,5731,809,46668
12,47489,494,1.0,5732,809,46680
19,47508,494,0.0,5733,809,46699
6,47514,494,0.0,5734,809,46705
9,47523,494,0.0,5735,809,46714
3,47526,494,0.0,5736,809,46717
3,47529,494,0.0,5737,809,46720
10,47539,494,0.0,5738,809,46730
8,47547,494,0.0,5739,809,46738
9,47556,494,0.0,5740,809,46747
11,47567,494,0.0,5741,809,46758
9,47576,494,0.0,5742,809,46767
11,47587,494,0.0,5743,809,46778
2,47589,494,0.0,5744,809,46780
7,47596,494,0.0,5745,809,46787
3,47599,494,0.0,5746,809,46790
13,47612,494,0.0,5747,809,46803
3,47615,494,0.0,5748,809,46806
11,47626,494,0.0,5749,809,46817
6,47632,494,0.0,5750,809,46823
2,47634,494,0.0,5751,809,46825
21,47655,494,0.0,5752,809,46846
6,47661,494,0.0,5753,809,46852
14,47675,494,0.0,5754,809,46866
2,47677,494,0.0,5755,809,46868
12,47689,495,1.0,5756,809,46880
2,47691,495,0.0,5757,809,46882
5,47696,495,0.0,5758,809,46887
12,47708,496,1.0,5759,809,46899
10,47718,496,0.0,5760,809,46909
4,47722,496,0.0,5761,809,46913
12,47734,497,1.0,5762,809,46925
11,47745,497,0.0,5763,809,46936
12,47757,497,0.0,5764,809,46948
2,47759,497,0.0,5765,809,46950
2,47761,497,0.0,5766,809,46952
10,47771,497,0.0,5767,809,46962
2,47773,497,0.0,5768,809,46964
6,47779,497,0.0,5769,809,46970
12,47791,498,1.0,5770,809,46982
7,47798,498,0.0,5771,809,46989
2,47800,498,0.0,5772,809,46991
11,47811,498,0.0,5773,809,47002
6,47817,498,0.0,5774,809,47008
12,47829,498,0.0,5775,809,47020
2,47831,498,0.0,5776,809,47022
2,47833,498,0.0,5777,809,47024
6,47839,498,0.0,5778,809,47030
14,47853,498,0.0,5779,809,47044
11,47864,498,0.0,5780,809,47055
3,47867,498,0.0,5781,809,47058
2,47869,498,0.0,5782,809,47060
12,47881,499,1.0,5783,809,47072
8,47889,499,0.0,5784,809,47080
9,47898,499,0.0,5785,809,47089
13,47911,499,0.0,5786,809,47102
6,47917,499,0.0,5787,809,47108
26,47943,499,0.0,5788,809,47134
9,47952,499,0.0,5789,809,47143
3,47955,499,0.0,5790,809,47146
2,47957,499,0.0,5791,809,47148
6,47963,499,0.0,5792,809,47154
10,47973,499,0.0,5793,809,47164
3,47976,499,0.0,5794,809,47167
16,47992,500,1.0,5795,809,47183
17,48009,500,0.0,5796,809,47200
6,48015,500,0.0,5797,809,47206
36,48051,500,0.0,5798,809,47242
11,48062,500,0.0,5799,809,47253
4,48066,500,0.0,5800,809,47257
31,48097,500,0.0,5801,809,47288
16,48113,500,0.0,5802,809,47304
5,48118,500,0.0,5803,809,47309
7,48125,500,0.0,5804,809,47316
12,48137,501,1.0,5805,809,47328
5,48142,501,0.0,5806,809,47333
9,48151,501,0.0,5807,809,47342
12,48163,502,1.0,5808,809,47354
9,48172,502,0.0,5809,809,47363
31,48203,502,0.0,5810,809,47394
3,48206,502,0.0,5811,809,47397
2,48208,502,0.0,5812,809,47399
8,48216,502,0.0,5813,809,47407
5,48221,502,0.0,5814,809,47412
6,48227,502,0.0,5815,809,47418
2,48229,502,0.0,5816,809,47420
9,48238,502,0.0,5817,809,47429
6,48244,502,0.0,5818,809,47435
3,48247,502,0.0,5819,809,47438
4,48251,502,0.0,5820,809,47442
9,48260,502,0.0,5821,809,47451
27,48287,502,0.0,5822,809,47478
8,48295,502,0.0,5823,809,47486
5,48300,502,0.0,5824,809,47491
4,48304,502,0.0,5825,809,47495
6,48310,502,0.0,5826,809,47501
2,48312,502,0.0,5827,809,47503
4,48316,502,0.0,5828,809,47507
12,48328,503,1.0,5829,809,47519
5,48333,503,0.0,5830,809,47524
2,48335,503,0.0,5831,809,47526
12,48347,503,0.0,5832,809,47538
17,48364,503,0.0,5833,809,47555
7,48371,503,0.0,5834,809,47562
2,48373,503,0.0,5835,809,47564
11,48384,503,0.0,5836,809,47575
6,48390,503,0.0,5837,809,47581
16,48406,504,1.0,5838,809,47597
10,48416,504,0.0,5839,809,47607
12,48428,505,1.0,5840,809,47619
2,48430,505,0.0,5841,809,47621
14,48444,505,0.0,5842,809,47635
11,48455,505,0.0,5843,809,47646
15,48470,505,0.0,5844,809,47661
10,48480,505,0.0,5845,809,47671
8,48488,505,0.0,5846,809,47679
4,48492,505,0.0,5847,809,47683
16,48508,506,1.0,5848,809,47699
12,48520,507,1.0,5849,809,47711
16,48536,507,0.0,5850,809,47727
3,48539,507,0.0,5851,809,47730
12,48551,507,0.0,5852,809,47742
13,48564,507,0.0,5853,809,47755
4,48568,507,0.0,5854,809,47759
2,48570,507,0.0,5855,809,47761
4,48574,507,0.0,5856,809,47765
22,48596,507,0.0,5857,809,47787
6,48602,507,0.0,5858,809,47793
14,48616,507,0.0,5859,809,47807
18,48634,507,0.0,5860,809,47825
3,48637,507,0.0,5861,809,47828
7,48644,507,0.0,5862,809,47835
43,48687,507,0.0,5863,809,47878
11,48698,507,0.0,5864,809,47889
16,48714,508,1.0,5865,809,47905
12,48726,508,0.0,5866,809,47917
9,48735,508,0.0,5867,809,47926
11,48746,508,0.0,5868,809,47937
4,48750,508,0.0,5869,809,47941
31,48781,509,1.0,5870,809,47972
6,48787,509,0.0,5871,809,47978
2,48789,509,0.0,5872,809,47980
13,48802,509,0.0,5873,809,47993
26,48828,509,0.0,5874,809,48019
10,48838,509,0.0,5875,809,48029
16,48854,509,0.0,5876,809,48045
8,48862,509,0.0,5877,809,48053
5,48867,509,0.0,5878,809,48058
16,48883,509,0.0,5879,809,48074
5,48888,509,0.0,5880,809,48079
5,48893,509,0.0,5881,809,48084
9,48902,509,0.0,5882,809,48093
5,48907,509,0.0,5883,809,48098
9,48916,509,0.0,5884,809,48107
2,48918,509,0.0,5885,809,48109
6,48924,509,0.0,5886,809,48115
5,48929,509,0.0,5887,809,48120
4,48933,509,0.0,5888,809,48124
6,48939,509,0.0,5889,809,48130
4,48943,509,0.0,5890,809,48134
6,48949,509,0.0,5891,809,48140
3,48952,509,0.0,5892,809,48143
12,48964,510,1.0,5893,809,48155
12,48976,510,0.0,5894,809,48167
11,48987,510,0.0,5895,809,48178
2,48989,510,0.0,5896,809,48180
3,48992,510,0.0,5897,809,48183
11,49003,510,0.0,5898,809,48194
7,49010,510,0.0,5899,809,48201
9,49019,510,0.0,5900,809,48210
9,49028,510,0.0,5901,809,48219
12,49040,511,1.0,5902,809,48231
7,49047,511,0.0,5903,809,48238
28,49075,511,0.0,5904,809,48266
7,49082,511,0.0,5905,809,48273
15,49097,511,0.0,5906,809,48288
4,49101,511,0.0,5907,809,48292
11,49112,511,0.0,5908,809,48303
2,49114,511,0.0,5909,809,48305
5,49119,511,0.0,5910,809,48310
7,49126,511,0.0,5911,809,48317
10,49136,511,0.0,5912,809,48327
16,49152,511,0.0,5913,809,48343
12,49164,511,0.0,5914,809,48355
3,49167,511,0.0,5915,809,48358
2,49169,511,0.0,5916,809,48360
11,49180,511,0.0,5917,809,48371
8,49188,511,0.0,5918,809,48379
2,49190,511,0.0,5919,809,48381
2,49192,511,0.0,5920,809,48383
6,49198,511,0.0,5921,809,48389
9,49207,512,1.0,5922,809,48398
11,49218,512,0.0,5923,809,48409
3,49221,512,0.0,5924,809,48412
5,49226,512,0.0,5925,809,48417
9,49235,512,0.0,5926,809,48426
3,49238,512,0.0,5927,809,48429
11,49249,512,0.0,5928,809,48440
2,49251,512,0.0,5929,809,48442
15,49266,512,0.0,5930,809,48457
12,49278,513,1.0,5931,809,48469
16,49294,514,1.0,5932,809,48485
2,49296,514,0.0,5933,809,48487
3,49299,514,0.0,5934,809,48490
4,49303,514,0.0,5935,809,48494
6,49309,514,0.0,5936,809,48500
8,49317,514,0.0,5937,809,48508
6,49323,514,0.0,5938,809,48514
14,49337,514,0.0,5939,809,48528
10,49347,514,0.0,5940,809,48538
12,49359,514,0.0,5941,809,48550
3,49362,514,0.0,5942,809,48553
4,49366,514,0.0,5943,809,48557
3,49369,514,0.0,5944,809,48560
3,49372,514,0.0,5945,809,48563
7,49379,514,0.0,5946,809,48570
11,49390,514,0.0,5947,809,48581
6,49396,514,0.0,5948,809,48587
4,49400,514,0.0,5949,809,48591
8,49408,514,0.0,5950,809,48599
26,49434,514,0.0,5951,809,48625
3,49437,514,0.0,5952,809,48628
4,49441,514,0.0,5953,809,48632
2,49443,514,0.0,5954,809,48634
4,49447,514,0.0,5955,809,48638
3,49450,514,0.0,5956,809,48641
2,49452,514,0.0,5957,809,48643
12,49464,515,1.0,5958,809,48655
7,49471,515,0.0,5959,809,48662
12,49483,516,1.0,5960,809,48674
3,49486,516,0.0,5961,809,48677
22,49508,516,0.0,5962,809,48699
9,49517,516,0.0,5963,809,48708
12,49529,517,1.0,5964,809,48720
4,49533,517,0.0,5965,809,48724
11,49544,517,0.0,5966,809,48735
25,49569,517,0.0,5967,809,48760
12,49581,517,0.0,5968,809,48772
7,49588,517,0.0,5969,809,48779
12,49600,517,0.0,5970,809,48791
6,49606,517,0.0,5971,809,48797
3,49609,517,0.0,5972,809,48800
4,49613,517,0.0,5973,809,48804
12,49625,517,0.0,5974,809,48816
20,49645,517,0.0,5975,809,48836
2,49647,517,0.0,5976,809,48838
6,49653,517,0.0,5977,809,48844
9,49662,517,0.0,5978,809,48853
10,49672,517,0.0,5979,809,48863
12,49684,518,1.0,5980,809,48875
13,49697,518,0.0,5981,809,48888
20,49717,518,0.0,5982,809,48908
12,49729,519,1.0,5983,809,48920
12,49741,519,0.0,5984,809,48932
11,49752,519,0.0,5985,809,48943
3,49755,519,0.0,5986,809,48946
2,49757,519,0.0,5987,809,48948
6,49763,519,0.0,5988,809,48954
9,49772,519,0.0,5989,809,48963
6,49778,519,0.0,5990,809,48969
6,49784,519,0.0,5991,809,48975
6,49790,519,0.0,5992,809,48981
2,49792,519,0.0,5993,809,48983
3,49795,519,0.0,5994,809,48986
11,49806,519,0.0,5995,809,48997
6,49812,519,0.0,5996,809,49003
19,49831,519,0.0,5997,809,49022
16,49847,520,1.0,5998,809,49038
6,49853,520,0.0,5999,809,49044
5,49858,520,0.0,6000,809,49049
23,49881,520,0.0,6001,809,49072
3,49884,520,0.0,6002,809,49075
6,49890,520,0.0,6003,809,49081
6,49896,520,0.0,6004,809,49087
11,49907,520,0.0,6005,809,49098
4,49911,520,0.0,6006,809,49102
6,49917,520,0.0,6007,809,49108
10,49927,520,0.0,6008,809,49118
3,49930,520,0.0,6009,809,49121
6,49936,520,0.0,6010,809,49127
3,49939,520,0.0,6011,809,49130
6,49945,520,0.0,6012,809,49136
5,49950,520,0.0,6013,809,49141
14,49964,520,0.0,6014,809,49155
6,49970,520,0.0,6015,809,49161
25,49995,520,0.0,6016,809,49186
12,50007,520,0.0,6017,809,49198
12,50019,521,1.0,6018,809,49210
3,50022,521,0.0,6019,809,49213
14,50036,521,0.0,6020,809,49227
6,50042,521,0.0,6021,809,49233
8,50050,521,0.0,6022,809,49241
17,50067,521,0.0,6023,809,49258
3,50070,521,0.0,6024,809,49261
4,50074,521,0.0,6025,809,49265
12,50086,522,1.0,6026,809,49277
3,50089,522,0.0,6027,809,49280
27,50116,522,0.0,6028,809,49307
12,50128,522,0.0,6029,809,49319
6,50134,522,0.0,6030,809,49325
2,50136,522,0.0,6031,809,49327
25,50161,522,0.0,6032,809,49352
11,50172,522,0.0,6033,809,49363
22,50194,522,0.0,6034,809,49385
17,50211,522,0.0,6035,809,49402
6,50217,522,0.0,6036,809,49408
4,50221,522,0.0,6037,809,49412
12,50233,522,0.0,6038,809,49424
8,50241,522,0.0,6039,809,49432
12,50253,523,1.0,6040,809,49444
5,50258,523,0.0,6041,809,49449
23,50281,523,0.0,6042,809,49472
8,50289,523,0.0,6043,809,49480
4,50293,523,0.0,6044,809,49484
2,50295,523,0.0,6045,809,49486
8,50303,523,0.0,6046,809,49494
7,50310,523,0.0,6047,809,49501
4,50314,523,0.0,6048,809,49505
7,50321,523,0.0,6049,809,49512
12,50333,524,1.0,6050,809,49524
7,50340,524,0.0,6051,809,49531
12,50352,525,1.0,6052,809,49543
15,50367,525,0.0,6053,809,49558
3,50370,525,0.0,6054,809,49561
9,50379,525,0.0,6055,809,49570
6,50385,525,0.0,6056,809,49576
8,50393,525,0.0,6057,809,49584
4,50397,525,0.0,6058,809,49588
2,50399,525,0.0,6059,809,49590
9,50408,526,1.0,6060,809,49599
6,50414,526,0.0,6061,809,49605
12,50426,527,1.0,6062,809,49617
18,50444,528,1.0,6063,809,49635
18,50462,528,0.0,6064,809,49653
12,50474,529,1.0,6065,809,49665
4,50478,529,0.0,6066,809,49669
6,50484,529,0.0,6067,809,49675
23,50507,529,0.0,6068,809,49698
12,50519,529,0.0,6069,809,49710
4,50523,529,0.0,6070,809,49714
6,50529,529,0.0,6071,809,49720
13,50542,529,0.0,6072,809,49733
7,50549,529,0.0,6073,809,49740
13,50562,529,0.0,6074,809,49753
8,50570,529,0.0,6075,809,49761
11,50581,529,0.0,6076,809,49772
11,50592,529,0.0,6077,809,49783
18,50610,530,1.0,6078,809,49801
6,50616,530,0.0,6079,809,49807
6,50622,530,0.0,6080,809,49813
11,50633,530,0.0,6081,809,49824
12,50645,531,1.0,6082,809,49836
9,50654,531,0.0,6083,809,49845
12,50666,532,1.0,6084,809,49857
5,50671,532,0.0,6085,809,49862
3,50674,532,0.0,6086,809,49865
14,50688,532,0.0,6087,809,49879
6,50694,532,0.0,6088,809,49885
2,50696,532,0.0,6089,809,49887
5,50701,532,0.0,6090,809,49892
3,50704,532,0.0,6091,809,49895
19,50723,532,0.0,6092,809,49914
12,50735,533,1.0,6093,809,49926
6,50741,533,0.0,6094,809,49932
2,50743,533,0.0,6095,809,49934
27,50770,534,1.0,6096,809,49961
16,50786,535,1.0,6097,809,49977
5,50791,535,0.0,6098,809,49982
7,50798,535,0.0,6099,809,49989
9,50807,535,0.0,6100,809,49998
6,50813,535,0.0,6101,809,50004
8,50821,535,0.0,6102,809,50012
12,50833,535,0.0,6103,809,50024
35,50868,535,0.0,6104,809,50059
4,50872,535,0.0,6105,809,50063
3,50875,535,0.0,6106,809,50066
5,50880,535,0.0,6107,809,50071
18,50898,535,0.0,6108,809,50089
7,50905,535,0.0,6109,809,50096
12,50917,536,1.0,6110,809,50108
2,50919,536,0.0,6111,809,50110
12,50931,537,1.0,6112,809,50122
11,50942,537,0.0,6113,809,50133
11,50953,537,0.0,6114,809,50144
18,50971,538,1.0,6115,809,50162
11,50982,538,0.0,6116,809,50173
21,51003,538,0.0,6117,809,50194
2,51005,538,0.0,6118,809,50196
4,51009,538,0.0,6119,809,50200
27,51036,538,0.0,6120,809,50227
12,51048,538,0.0,6121,809,50239
2,51050,538,0.0,6122,809,50241
8,51058,538,0.0,6123,809,50249
10,51068,538,0.0,6124,809,50259
18,51086,538,0.0,6125,809,50277
9,51095,538,0.0,6126,809,50286
6,51101,538,0.0,6127,809,50292
12,51113,539,1.0,6128,809,50304
12,51125,540,1.0,6129,809,50316
25,51150,540,0.0,6130,809,50341
12,51162,540,0.0,6131,809,50353
4,51166,540,0.0,6132,809,50357
8,51174,540,0.0,6133,809,50365
16,51190,540,0.0,6134,809,50381
2,51192,540,0.0,6135,809,50383
4,51196,540,0.0,6136,809,50387
4,51200,540,0.0,6137,809,50391
6,51206,540,0.0,6138,809,50397
3,51209,540,0.0,6139,809,50400
2,51211,540,0.0,6140,809,50402
5,51216,540,0.0,6141,809,50407
5,51221,540,0.0,6142,809,50412
19,51240,540,0.0,6143,809,50431
6,51246,540,0.0,6144,809,50437
9,51255,540,0.0,6145,809,50446
6,51261,540,0.0,6146,809,50452
7,51268,540,0.0,6147,809,50459
16,51284,541,1.0,6148,809,50475
6,51290,541,0.0,6149,809,50481
6,51296,541,0.0,6150,809,50487
2,51298,541,0.0,6151,809,50489
2,51300,541,0.0,6152,809,50491
11,51311,541,0.0,6153,809,50502
6,51317,541,0.0,6154,809,50508
12,51329,542,1.0,6155,809,50520
33,51362,542,0.0,6156,809,50553
3,51365,542,0.0,6157,809,50556
7,51372,542,0.0,6158,809,50563
4,51376,542,0.0,6159,809,50567
22,51398,542,0.0,6160,809,50589
2,51400,542,0.0,6161,809,50591
7,51407,542,0.0,6162,809,50598
7,51414,542,0.0,6163,809,50605
27,51441,542,0.0,6164,809,50632
30,51471,542,0.0,6165,809,50662
3,51474,542,0.0,6166,809,50665
4,51478,542,0.0,6167,809,50669
3,51481,542,0.0,6168,809,50672
18,51499,543,1.0,6169,809,50690
5,51504,543,0.0,6170,809,50695
11,51515,543,0.0,6171,809,50706
9,51524,543,0.0,6172,809,50715
2,51526,543,0.0,6173,809,50717
2,51528,543,0.0,6174,809,50719
13,51541,543,0.0,6175,809,50732
5,51546,543,0.0,6176,809,50737
4,51550,543,0.0,6177,809,50741
6,51556,543,0.0,6178,809,50747
6,51562,543,0.0,6179,809,50753
8,51570,543,0.0,6180,809,50761
5,51575,543,0.0,6181,809,50766
4,51579,543,0.0,6182,809,50770
7,51586,543,0.0,6183,809,50777
7,51593,543,0.0,6184,809,50784
16,51609,544,1.0,6185,809,50800
6,51615,544,0.0,6186,809,50806
2,51617,544,0.0,6187,809,50808
4,51621,544,0.0,6188,809,50812
4,51625,544,0.0,6189,809,50816
2,51627,544,0.0,6190,809,50818
3,51630,544,0.0,6191,809,50821
6,51636,544,0.0,6192,809,50827
15,51651,544,0.0,6193,809,50842
11,51662,544,0.0,6194,809,50853
12,51674,545,1.0,6195,809,50865
7,51681,545,0.0,6196,809,50872
11,51692,545,0.0,6197,809,50883
8,51700,545,0.0,6198,809,50891
6,51706,545,0.0,6199,809,50897
7,51713,545,0.0,6200,809,50904
18,51731,546,1.0,6201,809,50922
12,51743,547,1.0,6202,809,50934
2,51745,547,0.0,6203,809,50936
10,51755,547,0.0,6204,809,50946
4,51759,547,0.0,6205,809,50950
8,51767,547,0.0,6206,809,50958
12,51779,548,1.0,6207,809,50970
5,51784,548,0.0,6208,809,50975
11,51795,548,0.0,6209,809,50986
2,51797,548,0.0,6210,809,50988
11,51808,548,0.0,6211,809,50999
9,51817,549,1.0,6212,809,51008
5,51822,549,0.0,6213,809,51013
4,51826,549,0.0,6214,809,51017
6,51832,549,0.0,6215,809,51023
14,51846,549,0.0,6216,809,51037
4,51850,549,0.0,6217,809,51041
12,51862,549,0.0,6218,809,51053
14,51876,549,0.0,6219,809,51067
4,51880,549,0.0,6220,809,51071
3,51883,549,0.0,6221,809,51074
4,51887,549,0.0,6222,809,51078
6,51893,549,0.0,6223,809,51084
16,51909,550,1.0,6224,809,51100
12,51921,551,1.0,6225,809,51112
12,51933,552,1.0,6226,809,51124
6,51939,552,0.0,6227,809,51130
6,51945,552,0.0,6228,809,51136
3,51948,552,0.0,6229,809,51139
16,51964,552,0.0,6230,809,51155
13,51977,552,0.0,6231,809,51168
10,51987,552,0.0,6232,809,51178
8,51995,552,0.0,6233,809,51186
2,51997,552,0.0,6234,809,51188
5,52002,552,0.0,6235,809,51193
5,52007,552,0.0,6236,809,51198
3,52010,552,0.0,6237,809,51201
3,52013,552,0.0,6238,809,51204
11,52024,552,0.0,6239,809,51215
4,52028,552,0.0,6240,809,51219
2,52030,552,0.0,6241,809,51221
10,52040,552,0.0,6242,809,51231
17,52057,552,0.0,6243,809,51248
5,52062,552,0.0,6244,809,51253
18,52080,553,1.0,6245,809,51271
3,52083,553,0.0,6246,809,51274
4,52087,553,0.0,6247,809,51278
12,52099,554,1.0,6248,809,51290
9,52108,554,0.0,6249,809,51299
6,52114,554,0.0,6250,809,51305
3,52117,554,0.0,6251,809,51308
14,52131,554,0.0,6252,809,51322
10,52141,554,0.0,6253,809,51332
3,52144,554,0.0,6254,809,51335
17,52161,554,0.0,6255,809,51352
6,52167,554,0.0,6256,809,51358
7,52174,554,0.0,6257,809,51365
12,52186,555,1.0,6258,809,51377
47,52233,555,0.0,6259,809,51424
9,52242,555,0.0,6260,809,51433
2,52244,555,0.0,6261,809,51435
12,52256,555,0.0,6262,809,51447
7,52263,555,0.0,6263,809,51454
12,52275,556,1.0,6264,809,51466
3,52278,556,0.0,6265,809,51469
7,52285,556,0.0,6266,809,51476
12,52297,557,1.0,6267,809,51488
3,52300,557,0.0,6268,809,51491
4,52304,557,0.0,6269,809,51495
12,52316,558,1.0,6270,809,51507
10,52326,558,0.0,6271,809,51517
16,52342,559,1.0,6272,809,51533
6,52348,559,0.0,6273,809,51539
12,52360,560,1.0,6274,809,51551
2,52362,560,0.0,6275,809,51553
16,52378,561,1.0,6276,809,51569
16,52394,562,1.0,6277,809,51585
11,52405,562,0.0,6278,809,51596
12,52417,562,0.0,6279,809,51608
9,52426,562,0.0,6280,809,51617
9,52435,563,1.0,6281,809,51626
12,52447,564,1.0,6282,809,51638
6,52453,564,0.0,6283,809,51644
5,52458,564,0.0,6284,809,51649
3,52461,564,0.0,6285,809,51652
10,52471,564,0.0,6286,809,51662
7,52478,564,0.0,6287,809,51669
3,52481,564,0.0,6288,809,51672
6,52487,564,0.0,6289,809,51678
6,52493,564,0.0,6290,809,51684
6,52499,564,0.0,6291,809,51690
9,52508,564,0.0,6292,809,51699
6,52514,564,0.0,6293,809,51705
5,52519,564,0.0,6294,809,51710
8,52527,564,0.0,6295,809,51718
16,52543,564,0.0,6296,809,51734
2,52545,564,0.0,6297,809,51736
4,52549,564,0.0,6298,809,51740
11,52560,564,0.0,6299,809,51751
10,52570,564,0.0,6300,809,51761
8,52578,564,0.0,6301,809,51769
18,52596,564,0.0,6302,809,51787
2,52598,564,0.0,6303,809,51789
12,52610,565,1.0,6304,809,51801
12,52622,566,1.0,6305,809,51813
13,52635,566,0.0,6306,809,51826
12,52647,567,1.0,6307,809,51838
6,52653,567,0.0,6308,809,51844
5,52658,567,0.0,6309,809,51849
12,52670,568,1.0,6310,809,51861
10,52680,568,0.0,6311,809,51871
10,52690,568,0.0,6312,809,51881
17,52707,568,0.0,6313,809,51898
9,52716,568,0.0,6314,809,51907
6,52722,568,0.0,6315,809,51913
13,52735,568,0.0,6316,809,51926
3,52738,568,0.0,6317,809,51929
13,52751,568,0.0,6318,809,51942
4,52755,568,0.0,6319,809,51946
15,52770,568,0.0,6320,809,51961
2,52772,568,0.0,6321,809,51963
5,52777,568,0.0,6322,809,51968
14,52791,568,0.0,6323,809,51982
7,52798,568,0.0,6324,809,51989
3,52801,568,0.0,6325,809,51992
12,52813,569,1.0,6326,809,52004
11,52824,569,0.0,6327,809,52015
3,52827,569,0.0,6328,809,52018
14,52841,569,0.0,6329,809,52032
11,52852,569,0.0,6330,809,52043
3,52855,569,0.0,6331,809,52046
6,52861,569,0.0,6332,809,52052
2,52863,569,0.0,6333,809,52054
12,52875,569,0.0,6334,809,52066
9,52884,569,0.0,6335,809,52075
5,52889,569,0.0,6336,809,52080
4,52893,569,0.0,6337,809,52084
10,52903,569,0.0,6338,809,52094
9,52912,569,0.0,6339,809,52103
2,52914,569,0.0,6340,809,52105
15,52929,569,0.0,6341,809,52120
12,52941,569,0.0,6342,809,52132
5,52946,569,0.0,6343,809,52137
11,52957,569,0.0,6344,809,52148
5,52962,569,0.0,6345,809,52153
6,52968,569,0.0,6346,809,52159
4,52972,569,0.0,6347,809,52163
6,52978,569,0.0,6348,809,52169
12,52990,570,1.0,6349,809,52181
10,53000,570,0.0,6350,809,52191
11,53011,570,0.0,6351,809,52202
5,53016,570,0.0,6352,809,52207
3,53019,570,0.0,6353,809,52210
3,53022,570,0.0,6354,809,52213
7,53029,570,0.0,6355,809,52220
11,53040,570,0.0,6356,809,52231
3,53043,570,0.0,6357,809,52234
6,53049,570,0.0,6358,809,52240
4,53053,570,0.0,6359,809,52244
11,53064,570,0.0,6360,809,52255
12,53076,571,1.0,6361,809,52267
12,53088,572,1.0,6362,809,52279
17,53105,572,0.0,6363,809,52296
6,53111,572,0.0,6364,809,52302
22,53133,572,0.0,6365,809,52324
3,53136,572,0.0,6366,809,52327
16,53152,573,1.0,6367,809,52343
6,53158,573,0.0,6368,809,52349
14,53172,573,0.0,6369,809,52363
10,53182,573,0.0,6370,809,52373
8,53190,573,0.0,6371,809,52381
25,53215,573,0.0,6372,809,52406
8,53223,573,0.0,6373,809,52414
7,53230,573,0.0,6374,809,52421
10,53240,573,0.0,6375,809,52431
3,53243,573,0.0,6376,809,52434
12,53255,574,1.0,6377,809,52446
10,53265,574,0.0,6378,809,52456
4,53269,574,0.0,6379,809,52460
7,53276,574,0.0,6380,809,52467
4,53280,574,0.0,6381,809,52471
11,53291,574,0.0,6382,809,52482
2,53293,574,0.0,6383,809,52484
24,53317,574,0.0,6384,809,52508
6,53323,574,0.0,6385,809,52514
2,53325,574,0.0,6386,809,52516
19,53344,574,0.0,6387,809,52535
7,53351,574,0.0,6388,809,52542
21,53372,574,0.0,6389,809,52563
2,53374,574,0.0,6390,809,52565
12,53386,575,1.0,6391,809,52577
3,53389,575,0.0,6392,809,52580
7,53396,575,0.0,6393,809,52587
16,53412,575,0.0,6394,809,52603
22,53434,575,0.0,6395,809,52625
4,53438,575,0.0,6396,809,52629
7,53445,575,0.0,6397,809,52636
6,53451,575,0.0,6398,809,52642
10,53461,575,0.0,6399,809,52652
12,53473,575,0.0,6400,809,52664
11,53484,575,0.0,6401,809,52675
9,53493,575,0.0,6402,809,52684
7,53500,575,0.0,6403,809,52691
6,53506,575,0.0,6404,809,52697
6,53512,575,0.0,6405,809,52703
7,53519,575,0.0,6406,809,52710
5,53524,575,0.0,6407,809,52715
10,53534,575,0.0,6408,809,52725
12,53546,576,1.0,6409,809,52737
12,53558,576,0.0,6410,809,52749
11,53569,576,0.0,6411,809,52760
20,53589,576,0.0,6412,809,52780
4,53593,576,0.0,6413,809,52784
3,53596,576,0.0,6414,809,52787
4,53600,576,0.0,6415,809,52791
12,53612,576,0.0,6416,809,52803
12,53624,577,1.0,6417,809,52815
10,53634,577,0.0,6418,809,52825
18,53652,577,0.0,6419,809,52843
2,53654,577,0.0,6420,809,52845
18,53672,577,0.0,6421,809,52863
2,53674,577,0.0,6422,809,52865
19,53693,577,0.0,6423,809,52884
39,53732,578,1.0,6424,809,52923
4,53736,578,0.0,6425,809,52927
8,53744,578,0.0,6426,809,52935
4,53748,578,0.0,6427,809,52939
5,53753,578,0.0,6428,809,52944
13,53766,578,0.0,6429,809,52957
3,53769,578,0.0,6430,809,52960
13,53782,578,0.0,6431,809,52973
4,53786,578,0.0,6432,809,52977
4,53790,578,0.0,6433,809,52981
16,53806,579,1.0,6434,809,52997
5,53811,579,0.0,6435,809,53002
3,53814,579,0.0,6436,809,53005
2,53816,579,0.0,6437,809,53007
6,53822,579,0.0,6438,809,53013
16,53838,580,1.0,6439,809,53029
9,53847,580,0.0,6440,809,53038
14,53861,580,0.0,6441,809,53052
6,53867,580,0.0,6442,809,53058
12,53879,581,1.0,6443,809,53070
8,53887,581,0.0,6444,809,53078
2,53889,581,0.0,6445,809,53080
10,53899,581,0.0,6446,809,53090
7,53906,581,0.0,6447,809,53097
2,53908,581,0.0,6448,809,53099
7,53915,581,0.0,6449,809,53106
14,53929,581,0.0,6450,809,53120
3,53932,581,0.0,6451,809,53123
24,53956,581,0.0,6452,809,53147
10,53966,581,0.0,6453,809,53157
3,53969,581,0.0,6454,809,53160
4,53973,581,0.0,6455,809,53164
3,53976,581,0.0,6456,809,53167
5,53981,581,0.0,6457,809,53172
6,53987,581,0.0,6458,809,53178
4,53991,581,0.0,6459,809,53182
12,54003,581,0.0,6460,809,53194
12,54015,582,1.0,6461,809,53206
12,54027,583,1.0,6462,809,53218
4,54031,583,0.0,6463,809,53222
18,54049,584,1.0,6464,809,53240
11,54060,584,0.0,6465,809,53251
4,54064,584,0.0,6466,809,53255
18,54082,585,1.0,6467,809,53273
16,54098,586,1.0,6468,809,53289
12,54110,587,1.0,6469,809,53301
2,54112,587,0.0,6470,809,53303
11,54123,587,0.0,6471,809,53314
4,54127,587,0.0,6472,809,53318
3,54130,587,0.0,6473,809,53321
2,54132,587,0.0,6474,809,53323
4,54136,587,0.0,6475,809,53327
12,54148,588,1.0,6476,809,53339
6,54154,588,0.0,6477,809,53345
4,54158,588,0.0,6478,809,53349
6,54164,588,0.0,6479,809,53355
2,54166,588,0.0,6480,809,53357
12,54178,589,1.0,6481,809,53369
10,54188,589,0.0,6482,809,53379
6,54194,589,0.0,6483,809,53385
10,54204,589,0.0,6484,809,53395
8,54212,589,0.0,6485,809,53403
11,54223,589,0.0,6486,809,53414
12,54235,590,1.0,6487,809,53426
8,54243,590,0.0,6488,809,53434
3,54246,590,0.0,6489,809,53437
6,54252,590,0.0,6490,809,53443
12,54264,590,0.0,6491,809,53455
4,54268,590,0.0,6492,809,53459
5,54273,590,0.0,6493,809,53464
6,54279,590,0.0,6494,809,53470
14,54293,590,0.0,6495,809,53484
3,54296,590,0.0,6496,809,53487
3,54299,590,0.0,6497,809,53490
9,54308,590,0.0,6498,809,53499
11,54319,590,0.0,6499,809,53510
9,54328,590,0.0,6500,809,53519
2,54330,590,0.0,6501,809,53521
12,54342,591,1.0,6502,809,53533
4,54346,591,0.0,6503,809,53537
3,54349,591,0.0,6504,809,53540
4,54353,591,0.0,6505,809,53544
2,54355,591,0.0,6506,809,53546
4,54359,591,0.0,6507,809,53550
2,54361,591,0.0,6508,809,53552
13,54374,591,0.0,6509,809,53565
12,54386,592,1.0,6510,809,53577
14,54400,592,0.0,6511,809,53591
3,54403,592,0.0,6512,809,53594
12,54415,593,1.0,6513,809,53606
12,54427,594,1.0,6514,809,53618
7,54434,594,0.0,6515,809,53625
23,54457,594,0.0,6516,809,53648
9,54466,594,0.0,6517,809,53657
19,54485,594,0.0,6518,809,53676
6,54491,594,0.0,6519,809,53682
4,54495,594,0.0,6520,809,53686
8,54503,594,0.0,6521,809,53694
6,54509,594,0.0,6522,809,53700
2,54511,594,0.0,6523,809,53702
39,54550,594,0.0,6524,809,53741
9,54559,594,0.0,6525,809,53750
2,54561,594,0.0,6526,809,53752
6,54567,594,0.0,6527,809,53758
10,54577,594,0.0,6528,809,53768
7,54584,594,0.0,6529,809,53775
6,54590,594,0.0,6530,809,53781
9,54599,595,1.0,6531,809,53790
6,54605,595,0.0,6532,809,53796
4,54609,595,0.0,6533,809,53800
7,54616,595,0.0,6534,809,53807
5,54621,595,0.0,6535,809,53812
13,54634,595,0.0,6536,809,53825
2,54636,595,0.0,6537,809,53827
6,54642,595,0.0,6538,809,53833
28,54670,595,0.0,6539,809,53861
9,54679,595,0.0,6540,809,53870
6,54685,595,0.0,6541,809,53876
8,54693,595,0.0,6542,809,53884
12,54705,596,1.0,6543,809,53896
6,54711,596,0.0,6544,809,53902
4,54715,596,0.0,6545,809,53906
8,54723,596,0.0,6546,809,53914
12,54735,597,1.0,6547,809,53926
2,54737,597,0.0,6548,809,53928
6,54743,597,0.0,6549,809,53934
10,54753,597,0.0,6550,809,53944
6,54759,597,0.0,6551,809,53950
7,54766,597,0.0,6552,809,53957
13,54779,597,0.0,6553,809,53970
2,54781,597,0.0,6554,809,53972
12,54793,598,1.0,6555,809,53984
10,54803,598,0.0,6556,809,53994
2,54805,598,0.0,6557,809,53996
6,54811,598,0.0,6558,809,54002
2,54813,598,0.0,6559,809,54004
16,54829,599,1.0,6560,809,54020
3,54832,599,0.0,6561,809,54023
12,54844,599,0.0,6562,809,54035
6,54850,599,0.0,6563,809,54041
4,54854,599,0.0,6564,809,54045
2,54856,599,0.0,6565,809,54047
13,54869,599,0.0,6566,809,54060
2,54871,599,0.0,6567,809,54062
11,54882,599,0.0,6568,809,54073
25,54907,599,0.0,6569,809,54098
2,54909,599,0.0,6570,809,54100
15,54924,599,0.0,6571,809,54115
2,54926,599,0.0,6572,809,54117
23,54949,599,0.0,6573,809,54140
7,54956,599,0.0,6574,809,54147
12,54968,600,1.0,6575,809,54159
12,54980,601,1.0,6576,809,54171
4,54984,601,0.0,6577,809,54175
8,54992,601,0.0,6578,809,54183
10,55002,601,0.0,6579,809,54193
6,55008,601,0.0,6580,809,54199
2,55010,601,0.0,6581,809,54201
10,55020,601,0.0,6582,809,54211
4,55024,601,0.0,6583,809,54215
9,55033,601,0.0,6584,809,54224
3,55036,601,0.0,6585,809,54227
5,55041,601,0.0,6586,809,54232
10,55051,601,0.0,6587,809,54242
11,55062,601,0.0,6588,809,54253
6,55068,601,0.0,6589,809,54259
7,55075,601,0.0,6590,809,54266
2,55077,601,0.0,6591,809,54268
4,55081,601,0.0,6592,809,54272
15,55096,601,0.0,6593,809,54287
3,55099,601,0.0,6594,809,54290
13,55112,601,0.0,6595,809,54303
4,55116,601,0.0,6596,809,54307
3,55119,601,0.0,6597,809,54310
10,55129,601,0.0,6598,809,54320
5,55134,601,0.0,6599,809,54325
10,55144,601,0.0,6600,809,54335
16,55160,602,1.0,6601,809,54351
2,55162,602,0.0,6602,809,54353
6,55168,602,0.0,6603,809,54359
10,55178,602,0.0,6604,809,54369
8,55186,602,0.0,6605,809,54377
12,55198,603,1.0,6606,809,54389
3,55201,603,0.0,6607,809,54392
11,55212,603,0.0,6608,809,54403
7,55219,603,0.0,6609,809,54410
4,55223,603,0.0,6610,809,54414
4,55227,603,0.0,6611,809,54418
12,55239,604,1.0,6612,809,54430
5,55244,604,0.0,6613,809,54435
7,55251,604,0.0,6614,809,54442
2,55253,604,0.0,6615,809,54444
9,55262,604,0.0,6616,809,54453
6,55268,604,0.0,6617,809,54459
11,55279,604,0.0,6618,809,54470
4,55283,604,0.0,6619,809,54474
8,55291,604,0.0,6620,809,54482
6,55297,604,0.0,6621,809,54488
3,55300,604,0.0,6622,809,54491
25,55325,604,0.0,6623,809,54516
8,55333,604,0.0,6624,809,54524
15,55348,604,0.0,6625,809,54539
5,55353,604,0.0,6626,809,54544
12,55365,605,1.0,6627,809,54556
2,55367,605,0.0,6628,809,54558
9,55376,605,0.0,6629,809,54567
12,55388,606,1.0,6630,809,54579
8,55396,606,0.0,6631,809,54587
12,55408,607,1.0,6632,809,54599
6,55414,607,0.0,6633,809,54605
14,55428,607,0.0,6634,809,54619
6,55434,607,0.0,6635,809,54625
5,55439,607,0.0,6636,809,54630
11,55450,607,0.0,6637,809,54641
16,55466,608,1.0,6638,809,54657
6,55472,608,0.0,6639,809,54663
11,55483,608,0.0,6640,809,54674
11,55494,608,0.0,6641,809,54685
7,55501,608,0.0,6642,809,54692
2,55503,608,0.0,6643,809,54694
2,55505,608,0.0,6644,809,54696
5,55510,608,0.0,6645,809,54701
5,55515,608,0.0,6646,809,54706
15,55530,608,0.0,6647,809,54721
4,55534,608,0.0,6648,809,54725
12,55546,609,1.0,6649,809,54737
7,55553,609,0.0,6650,809,54744
7,55560,609,0.0,6651,809,54751
8,55568,609,0.0,6652,809,54759
5,55573,609,0.0,6653,809,54764
5,55578,609,0.0,6654,809,54769
6,55584,609,0.0,6655,809,54775
15,55599,609,0.0,6656,809,54790
13,55612,609,0.0,6657,809,54803
4,55616,609,0.0,6658,809,54807
5,55621,609,0.0,6659,809,54812
2,55623,609,0.0,6660,809,54814
7,55630,609,0.0,6661,809,54821
12,55642,610,1.0,6662,809,54833
12,55654,611,1.0,6663,809,54845
12,55666,611,0.0,6664,809,54857
7,55673,611,0.0,6665,809,54864
6,55679,611,0.0,6666,809,54870
2,55681,611,0.0,6667,809,54872
12,55693,612,1.0,6668,809,54884
3,55696,612,0.0,6669,809,54887
7,55703,612,0.0,6670,809,54894
11,55714,612,0.0,6671,809,54905
15,55729,612,0.0,6672,809,54920
2,55731,612,0.0,6673,809,54922
9,55740,612,0.0,6674,809,54931
12,55752,613,1.0,6675,809,54943
3,55755,613,0.0,6676,809,54946
13,55768,613,0.0,6677,809,54959
4,55772,613,0.0,6678,809,54963
6,55778,613,0.0,6679,809,54969
7,55785,613,0.0,6680,809,54976
3,55788,613,0.0,6681,809,54979
12,55800,614,1.0,6682,809,54991
4,55804,614,0.0,6683,809,54995
7,55811,614,0.0,6684,809,55002
11,55822,614,0.0,6685,809,55013
35,55857,614,0.0,6686,809,55048
9,55866,614,0.0,6687,809,55057
12,55878,615,1.0,6688,809,55069
8,55886,615,0.0,6689,809,55077
7,55893,615,0.0,6690,809,55084
12,55905,616,1.0,6691,809,55096
5,55910,616,0.0,6692,809,55101
6,55916,616,0.0,6693,809,55107
6,55922,616,0.0,6694,809,55113
4,55926,616,0.0,6695,809,55117
17,55943,616,0.0,6696,809,55134
7,55950,616,0.0,6697,809,55141
8,55958,616,0.0,6698,809,55149
3,55961,616,0.0,6699,809,55152
26,55987,616,0.0,6700,809,55178
6,55993,616,0.0,6701,809,55184
14,56007,616,0.0,6702,809,55198
5,56012,616,0.0,6703,809,55203
7,56019,616,0.0,6704,809,55210
16,56035,617,1.0,6705,809,55226
8,56043,617,0.0,6706,809,55234
12,56055,618,1.0,6707,809,55246
10,56065,618,0.0,6708,809,55256
24,56089,618,0.0,6709,809,55280
12,56101,619,1.0,6710,809,55292
10,56111,619,0.0,6711,809,55302
8,56119,619,0.0,6712,809,55310
17,56136,619,0.0,6713,809,55327
6,56142,619,0.0,6714,809,55333
12,56154,620,1.0,6715,809,55345
9,56163,620,0.0,6716,809,55354
7,56170,620,0.0,6717,809,55361
10,56180,620,0.0,6718,809,55371
9,56189,620,0.0,6719,809,55380
6,56195,620,0.0,6720,809,55386
25,56220,620,0.0,6721,809,55411
4,56224,620,0.0,6722,809,55415
9,56233,620,0.0,6723,809,55424
4,56237,620,0.0,6724,809,55428
12,56249,620,0.0,6725,809,55440
15,56264,620,0.0,6726,809,55455
4,56268,620,0.0,6727,809,55459
15,56283,620,0.0,6728,809,55474
12,56295,621,1.0,6729,809,55486
2,56297,621,0.0,6730,809,55488
12,56309,622,1.0,6731,809,55500
4,56313,622,0.0,6732,809,55504
11,56324,622,0.0,6733,809,55515
25,56349,622,0.0,6734,809,55540
13,56362,622,0.0,6735,809,55553
23,56385,622,0.0,6736,809,55576
8,56393,622,0.0,6737,809,55584
6,56399,622,0.0,6738,809,55590
12,56411,623,1.0,6739,809,55602
8,56419,623,0.0,6740,809,55610
10,56429,623,0.0,6741,809,55620
4,56433,623,0.0,6742,809,55624
3,56436,623,0.0,6743,809,55627
3,56439,623,0.0,6744,809,55630
3,56442,623,0.0,6745,809,55633
13,56455,623,0.0,6746,809,55646
8,56463,623,0.0,6747,809,55654
8,56471,623,0.0,6748,809,55662
4,56475,623,0.0,6749,809,55666
11,56486,623,0.0,6750,809,55677
7,56493,623,0.0,6751,809,55684
12,56505,624,1.0,6752,809,55696
16,56521,625,1.0,6753,809,55712
6,56527,625,0.0,6754,809,55718
15,56542,625,0.0,6755,809,55733
12,56554,626,1.0,6756,809,55745
13,56567,626,0.0,6757,809,55758
2,56569,626,0.0,6758,809,55760
9,56578,627,1.0,6759,809,55769
7,56585,627,0.0,6760,809,55776
9,56594,627,0.0,6761,809,55785
2,56596,627,0.0,6762,809,55787
5,56601,627,0.0,6763,809,55792
8,56609,627,0.0,6764,809,55800
3,56612,627,0.0,6765,809,55803
9,56621,628,1.0,6766,809,55812
3,56624,628,0.0,6767,809,55815
16,56640,628,0.0,6768,809,55831
4,56644,628,0.0,6769,809,55835
7,56651,628,0.0,6770,809,55842
13,56664,628,0.0,6771,809,55855
6,56670,628,0.0,6772,809,55861
16,56686,629,1.0,6773,809,55877
4,56690,629,0.0,6774,809,55881
6,56696,629,0.0,6775,809,55887
9,56705,629,0.0,6776,809,55896
24,56729,629,0.0,6777,809,55920
3,56732,629,0.0,6778,809,55923
12,56744,630,1.0,6779,809,55935
23,56767,630,0.0,6780,809,55958
5,56772,630,0.0,6781,809,55963
10,56782,630,0.0,6782,809,55973
7,56789,630,0.0,6783,809,55980
9,56798,630,0.0,6784,809,55989
6,56804,630,0.0,6785,809,55995
4,56808,630,0.0,6786,809,55999
12,56820,631,1.0,6787,809,56011
12,56832,631,0.0,6788,809,56023
11,56843,631,0.0,6789,809,56034
3,56846,631,0.0,6790,809,56037
2,56848,631,0.0,6791,809,56039
12,56860,631,0.0,6792,809,56051
9,56869,631,0.0,6793,809,56060
2,56871,631,0.0,6794,809,56062
9,56880,631,0.0,6795,809,56071
13,56893,631,0.0,6796,809,56084
6,56899,631,0.0,6797,809,56090
21,56920,631,0.0,6798,809,56111
10,56930,631,0.0,6799,809,56121
10,56940,631,0.0,6800,809,56131
6,56946,631,0.0,6801,809,56137
12,56958,632,1.0,6802,809,56149
23,56981,632,0.0,6803,809,56172
7,56988,632,0.0,6804,809,56179
11,56999,632,0.0,6805,809,56190
9,57008,632,0.0,6806,809,56199
12,57020,633,1.0,6807,809,56211
8,57028,633,0.0,6808,809,56219
12,57040,634,1.0,6809,809,56231
10,57050,634,0.0,6810,809,56241
50,57100,634,0.0,6811,809,56291
3,57103,634,0.0,6812,809,56294
12,57115,635,1.0,6813,809,56306
12,57127,636,1.0,6814,809,56318
15,57142,636,0.0,6815,809,56333
3,57145,636,0.0,6816,809,56336
6,57151,636,0.0,6817,809,56342
16,57167,636,0.0,6818,809,56358
3,57170,636,0.0,6819,809,56361
8,57178,636,0.0,6820,809,56369
4,57182,636,0.0,6821,809,56373
3,57185,636,0.0,6822,809,56376
7,57192,636,0.0,6823,809,56383
12,57204,637,1.0,6824,809,56395
3,57207,637,0.0,6825,809,56398
12,57219,638,1.0,6826,809,56410
18,57237,638,0.0,6827,809,56428
7,57244,638,0.0,6828,809,56435
13,57257,638,0.0,6829,809,56448
24,57281,638,0.0,6830,809,56472
31,57312,638,0.0,6831,809,56503
6,57318,638,0.0,6832,809,56509
6,57324,638,0.0,6833,809,56515
6,57330,638,0.0,6834,809,56521
12,57342,639,1.0,6835,809,56533
4,57346,639,0.0,6836,809,56537
16,57362,640,1.0,6837,809,56553
8,57370,640,0.0,6838,809,56561
2,57372,640,0.0,6839,809,56563
10,57382,640,0.0,6840,809,56573
4,57386,640,0.0,6841,809,56577
8,57394,640,0.0,6842,809,56585
6,57400,640,0.0,6843,809,56591
7,57407,640,0.0,6844,809,56598
7,57414,640,0.0,6845,809,56605
9,57423,640,0.0,6846,809,56614
4,57427,640,0.0,6847,809,56618
12,57439,641,1.0,6848,809,56630
12,57451,641,0.0,6849,809,56642
11,57462,641,0.0,6850,809,56653
9,57471,641,0.0,6851,809,56662
2,57473,641,0.0,6852,809,56664
11,57484,641,0.0,6853,809,56675
2,57486,641,0.0,6854,809,56677
15,57501,641,0.0,6855,809,56692
6,57507,641,0.0,6856,809,56698
2,57509,641,0.0,6857,809,56700
8,57517,641,0.0,6858,809,56708
2,57519,641,0.0,6859,809,56710
5,57524,641,0.0,6860,809,56715
5,57529,641,0.0,6861,809,56720
3,57532,641,0.0,6862,809,56723
7,57539,641,0.0,6863,809,56730
11,57550,641,0.0,6864,809,56741
4,57554,641,0.0,6865,809,56745
4,57558,641,0.0,6866,809,56749
2,57560,641,0.0,6867,809,56751
14,57574,641,0.0,6868,809,56765
6,57580,641,0.0,6869,809,56771
5,57585,641,0.0,6870,809,56776
15,57600,641,0.0,6871,809,56791
16,57616,641,0.0,6872,809,56807
7,57623,641,0.0,6873,809,56814
6,57629,641,0.0,6874,809,56820
5,57634,641,0.0,6875,809,56825
4,57638,641,0.0,6876,809,56829
4,57642,641,0.0,6877,809,56833
5,57647,641,0.0,6878,809,56838
12,57659,642,1.0,6879,809,56850
6,57665,642,0.0,6880,809,56856
8,57673,642,0.0,6881,809,56864
7,57680,642,0.0,6882,809,56871
11,57691,642,0.0,6883,809,56882
21,57712,642,0.0,6884,809,56903
4,57716,642,0.0,6885,809,56907
15,57731,642,0.0,6886,809,56922
2,57733,642,0.0,6887,809,56924
16,57749,642,0.0,6888,809,56940
2,57751,642,0.0,6889,809,56942
12,57763,643,1.0,6890,809,56954
23,57786,643,0.0,6891,809,56977
7,57793,643,0.0,6892,809,56984
3,57796,643,0.0,6893,809,56987
3,57799,643,0.0,6894,809,56990
5,57804,643,0.0,6895,809,56995
2,57806,643,0.0,6896,809,56997
12,57818,644,1.0,6897,809,57009
6,57824,644,0.0,6898,809,57015
9,57833,644,0.0,6899,809,57024
7,57840,644,0.0,6900,809,57031
23,57863,644,0.0,6901,809,57054
2,57865,644,0.0,6902,809,57056
4,57869,644,0.0,6903,809,57060
2,57871,644,0.0,6904,809,57062
25,57896,644,0.0,6905,809,57087
6,57902,644,0.0,6906,809,57093
12,57914,644,0.0,6907,809,57105
2,57916,644,0.0,6908,809,57107
2,57918,644,0.0,6909,809,57109
13,57931,644,0.0,6910,809,57122
10,57941,644,0.0,6911,809,57132
17,57958,644,0.0,6912,809,57149
6,57964,644,0.0,6913,809,57155
12,57976,644,0.0,6914,809,57167
27,58003,644,0.0,6915,809,57194
12,58015,645,1.0,6916,809,57206
9,58024,645,0.0,6917,809,57215
8,58032,645,0.0,6918,809,57223
2,58034,645,0.0,6919,809,57225
6,58040,645,0.0,6920,809,57231
8,58048,645,0.0,6921,809,57239
12,58060,646,1.0,6922,809,57251
11,58071,646,0.0,6923,809,57262
9,58080,646,0.0,6924,809,57271
2,58082,646,0.0,6925,809,57273
12,58094,647,1.0,6926,809,57285
4,58098,647,0.0,6927,809,57289
11,58109,647,0.0,6928,809,57300
4,58113,647,0.0,6929,809,57304
10,58123,647,0.0,6930,809,57314
8,58131,647,0.0,6931,809,57322
4,58135,647,0.0,6932,809,57326
17,58152,647,0.0,6933,809,57343
3,58155,647,0.0,6934,809,57346
2,58157,647,0.0,6935,809,57348
8,58165,647,0.0,6936,809,57356
11,58176,647,0.0,6937,809,57367
12,58188,647,0.0,6938,809,57379
19,58207,647,0.0,6939,809,57398
20,58227,647,0.0,6940,809,57418
7,58234,647,0.0,6941,809,57425
10,58244,647,0.0,6942,809,57435
11,58255,647,0.0,6943,809,57446
10,58265,647,0.0,6944,809,57456
12,58277,648,1.0,6945,809,57468
15,58292,648,0.0,6946,809,57483
10,58302,648,0.0,6947,809,57493
2,58304,648,0.0,6948,809,57495
6,58310,648,0.0,6949,809,57501
14,58324,648,0.0,6950,809,57515
16,58340,649,1.0,6951,809,57531
5,58345,649,0.0,6952,809,57536
12,58357,650,1.0,6953,809,57548
10,58367,650,0.0,6954,809,57558
3,58370,650,0.0,6955,809,57561
5,58375,650,0.0,6956,809,57566
2,58377,650,0.0,6957,809,57568
6,58383,650,0.0,6958,809,57574
16,58399,651,1.0,6959,809,57590
12,58411,652,1.0,6960,809,57602
15,58426,652,0.0,6961,809,57617
16,58442,652,0.0,6962,809,57633
8,58450,652,0.0,6963,809,57641
7,58457,652,0.0,6964,809,57648
4,58461,652,0.0,6965,809,57652
3,58464,652,0.0,6966,809,57655
5,58469,652,0.0,6967,809,57660
3,58472,652,0.0,6968,809,57663
13,58485,652,0.0,6969,809,57676
4,58489,652,0.0,6970,809,57680
7,58496,652,0.0,6971,809,57687
7,58503,652,0.0,6972,809,57694
4,58507,652,0.0,6973,809,57698
3,58510,652,0.0,6974,809,57701
6,58516,652,0.0,6975,809,57707
2,58518,652,0.0,6976,809,57709
24,58542,652,0.0,6977,809,57733
8,58550,652,0.0,6978,809,57741
3,58553,652,0.0,6979,809,57744
3,58556,652,0.0,6980,809,57747
10,58566,652,0.0,6981,809,57757
27,58593,652,0.0,6982,809,57784
6,58599,652,0.0,6983,809,57790
6,58605,652,0.0,6984,809,57796
2,58607,652,0.0,6985,809,57798
11,58618,652,0.0,6986,809,57809
12,58630,653,1.0,6987,809,57821
3,58633,653,0.0,6988,809,57824
2,58635,653,0.0,6989,809,57826
6,58641,653,0.0,6990,809,57832
5,58646,653,0.0,6991,809,57837
11,58657,653,0.0,6992,809,57848
3,58660,653,0.0,6993,809,57851
25,58685,653,0.0,6994,809,57876
14,58699,653,0.0,6995,809,57890
12,58711,654,1.0,6996,809,57902
2,58713,654,0.0,6997,809,57904
6,58719,654,0.0,6998,809,57910
10,58729,654,0.0,6999,809,57920
8,58737,654,0.0,7000,809,57928
12,58749,655,1.0,7001,809,57940
12,58761,656,1.0,7002,809,57952
16,58777,657,1.0,7003,809,57968
19,58796,657,0.0,7004,809,57987
3,58799,657,0.0,7005,809,57990
11,58810,657,0.0,7006,809,58001
16,58826,658,1.0,7007,809,58017
7,58833,658,0.0,7008,809,58024
6,58839,658,0.0,7009,809,58030
12,58851,659,1.0,7010,809,58042
12,58863,660,1.0,7011,809,58054
2,58865,660,0.0,7012,809,58056
13,58878,660,0.0,7013,809,58069
20,58898,660,0.0,7014,809,58089
5,58903,660,0.0,7015,809,58094
4,58907,660,0.0,7016,809,58098
12,58919,660,0.0,7017,809,58110
6,58925,660,0.0,7018,809,58116
3,58928,660,0.0,7019,809,58119
2,58930,660,0.0,7020,809,58121
18,58948,661,1.0,7021,809,58139
21,58969,661,0.0,7022,809,58160
16,58985,661,0.0,7023,809,58176
25,59010,661,0.0,7024,809,58201
16,59026,662,1.0,7025,809,58217
11,59037,662,0.0,7026,809,58228
4,59041,662,0.0,7027,809,58232
12,59053,663,1.0,7028,809,58244
6,59059,663,0.0,7029,809,58250
7,59066,663,0.0,7030,809,58257
11,59077,663,0.0,7031,809,58268
3,59080,663,0.0,7032,809,58271
5,59085,663,0.0,7033,809,58276
2,59087,663,0.0,7034,809,58278
9,59096,663,0.0,7035,809,58287
3,59099,663,0.0,7036,809,58290
6,59105,663,0.0,7037,809,58296
24,59129,663,0.0,7038,809,58320
8,59137,663,0.0,7039,809,58328
12,59149,664,1.0,7040,809,58340
2,59151,664,0.0,7041,809,58342
12,59163,665,1.0,7042,809,58354
10,59173,665,0.0,7043,809,58364
19,59192,665,0.0,7044,809,58383
6,59198,665,0.0,7045,809,58389
9,59207,666,1.0,7046,809,58398
17,59224,666,0.0,7047,809,58415
2,59226,666,0.0,7048,809,58417
5,59231,666,0.0,7049,809,58422
3,59234,666,0.0,7050,809,58425
2,59236,666,0.0,7051,809,58427
2,59238,666,0.0,7052,809,58429
8,59246,666,0.0,7053,809,58437
2,59248,666,0.0,7054,809,58439
2,59250,666,0.0,7055,809,58441
12,59262,667,1.0,7056,809,58453
7,59269,667,0.0,7057,809,58460
12,59281,668,1.0,7058,809,58472
6,59287,668,0.0,7059,809,58478
5,59292,668,0.0,7060,809,58483
2,59294,668,0.0,7061,809,58485
3,59297,668,0.0,7062,809,58488
12,59309,668,0.0,7063,809,58500
16,59325,668,0.0,7064,809,58516
9,59334,668,0.0,7065,809,58525
3,59337,668,0.0,7066,809,58528
8,59345,668,0.0,7067,809,58536
14,59359,668,0.0,7068,809,58550
7,59366,668,0.0,7069,809,58557
2,59368,668,0.0,7070,809,58559
13,59381,668,0.0,7071,809,58572
6,59387,668,0.0,7072,809,58578
10,59397,668,0.0,7073,809,58588
15,59412,668,0.0,7074,809,58603
13,59425,668,0.0,7075,809,58616
2,59427,668,0.0,7076,809,58618
2,59429,668,0.0,7077,809,58620
3,59432,668,0.0,7078,809,58623
4,59436,668,0.0,7079,809,58627
10,59446,668,0.0,7080,809,58637
2,59448,668,0.0,7081,809,58639
9,59457,668,0.0,7082,809,58648
7,59464,668,0.0,7083,809,58655
3,59467,668,0.0,7084,809,58658
6,59473,668,0.0,7085,809,58664
6,59479,668,0.0,7086,809,58670
5,59484,668,0.0,7087,809,58675
6,59490,668,0.0,7088,809,58681
11,59501,668,0.0,7089,809,58692
3,59504,668,0.0,7090,809,58695
3,59507,668,0.0,7091,809,58698
18,59525,668,0.0,7092,809,58716
4,59529,668,0.0,7093,809,58720
16,59545,669,1.0,7094,809,58736
6,59551,669,0.0,7095,809,58742
11,59562,669,0.0,7096,809,58753
10,59572,669,0.0,7097,809,58763
4,59576,669,0.0,7098,809,58767
11,59587,669,0.0,7099,809,58778
13,59600,669,0.0,7100,809,58791
16,59616,670,1.0,7101,809,58807
6,59622,670,0.0,7102,809,58813
7,59629,670,0.0,7103,809,58820
3,59632,670,0.0,7104,809,58823
4,59636,670,0.0,7105,809,58827
4,59640,670,0.0,7106,809,58831
9,59649,670,0.0,7107,809,58840
6,59655,670,0.0,7108,809,58846
16,59671,670,0.0,7109,809,58862
5,59676,670,0.0,7110,809,58867
3,59679,670,0.0,7111,809,58870
11,59690,670,0.0,7112,809,58881
12,59702,671,1.0,7113,809,58893
4,59706,671,0.0,7114,809,58897
12,59718,671,0.0,7115,809,58909
13,59731,671,0.0,7116,809,58922
2,59733,671,0.0,7117,809,58924
18,59751,672,1.0,7118,809,58942
6,59757,672,0.0,7119,809,58948
2,59759,672,0.0,7120,809,58950
24,59783,672,0.0,7121,809,58974
3,59786,672,0.0,7122,809,58977
7,59793,672,0.0,7123,809,58984
9,59802,672,0.0,7124,809,58993
11,59813,672,0.0,7125,809,59004
2,59815,672,0.0,7126,809,59006
6,59821,672,0.0,7127,809,59012
4,59825,672,0.0,7128,809,59016
6,59831,672,0.0,7129,809,59022
20,59851,672,0.0,7130,809,59042
3,59854,672,0.0,7131,809,59045
10,59864,672,0.0,7132,809,59055
5,59869,672,0.0,7133,809,59060
6,59875,672,0.0,7134,809,59066
18,59893,672,0.0,7135,809,59084
5,59898,672,0.0,7136,809,59089
6,59904,672,0.0,7137,809,59095
2,59906,672,0.0,7138,809,59097
7,59913,672,0.0,7139,809,59104
6,59919,672,0.0,7140,809,59110
14,59933,672,0.0,7141,809,59124
15,59948,672,0.0,7142,809,59139
6,59954,672,0.0,7143,809,59145
5,59959,672,0.0,7144,809,59150
12,59971,673,1.0,7145,809,59162
5,59976,673,0.0,7146,809,59167
5,59981,673,0.0,7147,809,59172
11,59992,673,0.0,7148,809,59183
26,60018,673,0.0,7149,809,59209
22,60040,673,0.0,7150,809,59231
3,60043,673,0.0,7151,809,59234
12,60055,674,1.0,7152,809,59246
12,60067,675,1.0,7153,809,59258
5,60072,675,0.0,7154,809,59263
9,60081,675,0.0,7155,809,59272
3,60084,675,0.0,7156,809,59275
15,60099,675,0.0,7157,809,59290
11,60110,675,0.0,7158,809,59301
6,60116,675,0.0,7159,809,59307
11,60127,675,0.0,7160,809,59318
8,60135,675,0.0,7161,809,59326
8,60143,675,0.0,7162,809,59334
27,60170,675,0.0,7163,809,59361
7,60177,675,0.0,7164,809,59368
2,60179,675,0.0,7165,809,59370
2,60181,675,0.0,7166,809,59372
3,60184,675,0.0,7167,809,59375
4,60188,675,0.0,7168,809,59379
10,60198,675,0.0,7169,809,59389
17,60215,675,0.0,7170,809,59406
17,60232,675,0.0,7171,809,59423
6,60238,675,0.0,7172,809,59429
8,60246,675,0.0,7173,809,59437
8,60254,675,0.0,7174,809,59445
5,60259,675,0.0,7175,809,59450
3,60262,675,0.0,7176,809,59453
23,60285,675,0.0,7177,809,59476
10,60295,675,0.0,7178,809,59486
12,60307,675,0.0,7179,809,59498
8,60315,675,0.0,7180,809,59506
16,60331,676,1.0,7181,809,59522
23,60354,676,0.0,7182,809,59545
11,60365,676,0.0,7183,809,59556
5,60370,676,0.0,7184,809,59561
3,60373,676,0.0,7185,809,59564
3,60376,676,0.0,7186,809,59567
5,60381,676,0.0,7187,809,59572
6,60387,676,0.0,7188,809,59578
2,60389,676,0.0,7189,809,59580
6,60395,676,0.0,7190,809,59586
7,60402,676,0.0,7191,809,59593
6,60408,676,0.0,7192,809,59599
6,60414,676,0.0,7193,809,59605
2,60416,676,0.0,7194,809,59607
3,60419,676,0.0,7195,809,59610
16,60435,677,1.0,7196,809,59626
9,60444,677,0.0,7197,809,59635
2,60446,677,0.0,7198,809,59637
12,60458,678,1.0,7199,809,59649
2,60460,678,0.0,7200,809,59651
20,60480,678,0.0,7201,809,59671
6,60486,678,0.0,7202,809,59677
11,60497,678,0.0,7203,809,59688
2,60499,678,0.0,7204,809,59690
23,60522,678,0.0,7205,809,59713
4,60526,678,0.0,7206,809,59717
4,60530,678,0.0,7207,809,59721
4,60534,678,0.0,7208,809,59725
3,60537,678,0.0,7209,809,59728
7,60544,678,0.0,7210,809,59735
4,60548,678,0.0,7211,809,59739
7,60555,678,0.0,7212,809,59746
13,60568,678,0.0,7213,809,59759
6,60574,678,0.0,7214,809,59765
3,60577,678,0.0,7215,809,59768
18,60595,678,0.0,7216,809,59786
3,60598,678,0.0,7217,809,59789
12,60610,678,0.0,7218,809,59801
12,60622,678,0.0,7219,809,59813
24,60646,678,0.0,7220,809,59837
12,60658,679,1.0,7221,809,59849
18,60676,680,1.0,7222,809,59867
4,60680,680,0.0,7223,809,59871
10,60690,680,0.0,7224,809,59881
7,60697,680,0.0,7225,809,59888
4,60701,680,0.0,7226,809,59892
8,60709,680,0.0,7227,809,59900
12,60721,681,1.0,7228,809,59912
6,60727,681,0.0,7229,809,59918
6,60733,681,0.0,7230,809,59924
9,60742,681,0.0,7231,809,59933
17,60759,681,0.0,7232,809,59950
12,60771,682,1.0,7233,809,59962
4,60775,682,0.0,7234,809,59966
6,60781,682,0.0,7235,809,59972
5,60786,682,0.0,7236,809,59977
12,60798,683,1.0,7237,809,59989
3,60801,683,0.0,7238,809,59992
4,60805,683,0.0,7239,809,59996
7,60812,683,0.0,7240,809,60003
12,60824,684,1.0,7241,809,60015
12,60836,685,1.0,7242,809,60027
5,60841,685,0.0,7243,809,60032
16,60857,686,1.0,7244,809,60048
7,60864,686,0.0,7245,809,60055
3,60867,686,0.0,7246,809,60058
11,60878,686,0.0,7247,809,60069
6,60884,686,0.0,7248,809,60075
12,60896,687,1.0,7249,809,60087
12,60908,688,1.0,7250,809,60099
3,60911,688,0.0,7251,809,60102
3,60914,688,0.0,7252,809,60105
2,60916,688,0.0,7253,809,60107
6,60922,688,0.0,7254,809,60113
8,60930,688,0.0,7255,809,60121
12,60942,689,1.0,7256,809,60133
12,60954,689,0.0,7257,809,60145
10,60964,689,0.0,7258,809,60155
4,60968,689,0.0,7259,809,60159
12,60980,690,1.0,7260,809,60171
3,60983,690,0.0,7261,809,60174
6,60989,690,0.0,7262,809,60180
10,60999,690,0.0,7263,809,60190
17,61016,690,0.0,7264,809,60207
10,61026,690,0.0,7265,809,60217
5,61031,690,0.0,7266,809,60222
6,61037,690,0.0,7267,809,60228
4,61041,690,0.0,7268,809,60232
3,61044,690,0.0,7269,809,60235
2,61046,690,0.0,7270,809,60237
4,61050,690,0.0,7271,809,60241
20,61070,690,0.0,7272,809,60261
2,61072,690,0.0,7273,809,60263
2,61074,690,0.0,7274,809,60265
6,61080,690,0.0,7275,809,60271
35,61115,690,0.0,7276,809,60306
4,61119,690,0.0,7277,809,60310
3,61122,690,0.0,7278,809,60313
4,61126,690,0.0,7279,809,60317
9,61135,690,0.0,7280,809,60326
10,61145,690,0.0,7281,809,60336
8,61153,690,0.0,7282,809,60344
4,61157,690,0.0,7283,809,60348
22,61179,690,0.0,7284,809,60370
20,61199,690,0.0,7285,809,60390
11,61210,690,0.0,7286,809,60401
8,61218,690,0.0,7287,809,60409
7,61225,690,0.0,7288,809,60416
6,61231,690,0.0,7289,809,60422
15,61246,690,0.0,7290,809,60437
3,61249,690,0.0,7291,809,60440
9,61258,690,0.0,7292,809,60449
12,61270,691,1.0,7293,809,60461
11,61281,691,0.0,7294,809,60472
11,61292,691,0.0,7295,809,60483
6,61298,691,0.0,7296,809,60489
2,61300,691,0.0,7297,809,60491
4,61304,691,0.0,7298,809,60495
6,61310,691,0.0,7299,809,60501
9,61319,691,0.0,7300,809,60510
25,61344,691,0.0,7301,809,60535
13,61357,691,0.0,7302,809,60548
4,61361,691,0.0,7303,809,60552
7,61368,691,0.0,7304,809,60559
4,61372,691,0.0,7305,809,60563
7,61379,691,0.0,7306,809,60570
3,61382,691,0.0,7307,809,60573
29,61411,691,0.0,7308,809,60602
11,61422,691,0.0,7309,809,60613
15,61437,691,0.0,7310,809,60628
4,61441,691,0.0,7311,809,60632
6,61447,691,0.0,7312,809,60638
7,61454,691,0.0,7313,809,60645
40,61494,691,0.0,7314,809,60685
12,61506,692,1.0,7315,809,60697
7,61513,692,0.0,7316,809,60704
9,61522,692,0.0,7317,809,60713
10,61532,692,0.0,7318,809,60723
4,61536,692,0.0,7319,809,60727
12,61548,693,1.0,7320,809,60739
10,61558,693,0.0,7321,809,60749
3,61561,693,0.0,7322,809,60752
2,61563,693,0.0,7323,809,60754
4,61567,693,0.0,7324,809,60758
7,61574,693,0.0,7325,809,60765
12,61586,694,1.0,7326,809,60777
8,61594,694,0.0,7327,809,60785
10,61604,694,0.0,7328,809,60795
6,61610,694,0.0,7329,809,60801
11,61621,694,0.0,7330,809,60812
2,61623,694,0.0,7331,809,60814
9,61632,694,0.0,7332,809,60823
6,61638,694,0.0,7333,809,60829
7,61645,694,0.0,7334,809,60836
5,61650,694,0.0,7335,809,60841
7,61657,694,0.0,7336,809,60848
18,61675,695,1.0,7337,809,60866
15,61690,695,0.0,7338,809,60881
12,61702,696,1.0,7339,809,60893
3,61705,696,0.0,7340,809,60896
6,61711,696,0.0,7341,809,60902
13,61724,696,0.0,7342,809,60915
2,61726,696,0.0,7343,809,60917
7,61733,696,0.0,7344,809,60924
12,61745,696,0.0,7345,809,60936
10,61755,696,0.0,7346,809,60946
4,61759,696,0.0,7347,809,60950
9,61768,696,0.0,7348,809,60959
11,61779,696,0.0,7349,809,60970
11,61790,696,0.0,7350,809,60981
8,61798,696,0.0,7351,809,60989
6,61804,696,0.0,7352,809,60995
4,61808,696,0.0,7353,809,60999
8,61816,696,0.0,7354,809,61007
2,61818,696,0.0,7355,809,61009
7,61825,696,0.0,7356,809,61016
4,61829,696,0.0,7357,809,61020
6,61835,696,0.0,7358,809,61026
11,61846,696,0.0,7359,809,61037
6,61852,696,0.0,7360,809,61043
7,61859,696,0.0,7361,809,61050
6,61865,696,0.0,7362,809,61056
8,61873,696,0.0,7363,809,61064
3,61876,696,0.0,7364,809,61067
6,61882,696,0.0,7365,809,61073
12,61894,696,0.0,7366,809,61085
6,61900,696,0.0,7367,809,61091
7,61907,696,0.0,7368,809,61098
11,61918,696,0.0,7369,809,61109
4,61922,696,0.0,7370,809,61113
4,61926,696,0.0,7371,809,61117
6,61932,696,0.0,7372,809,61123
5,61937,696,0.0,7373,809,61128
16,61953,696,0.0,7374,809,61144
24,61977,696,0.0,7375,809,61168
5,61982,696,0.0,7376,809,61173
2,61984,696,0.0,7377,809,61175
4,61988,696,0.0,7378,809,61179
14,62002,696,0.0,7379,809,61193
6,62008,696,0.0,7380,809,61199
16,62024,697,1.0,7381,809,61215
10,62034,697,0.0,7382,809,61225
7,62041,697,0.0,7383,809,61232
6,62047,697,0.0,7384,809,61238
3,62050,697,0.0,7385,809,61241
13,62063,697,0.0,7386,809,61254
2,62065,697,0.0,7387,809,61256
13,62078,697,0.0,7388,809,61269
15,62093,697,0.0,7389,809,61284
5,62098,697,0.0,7390,809,61289
6,62104,697,0.0,7391,809,61295
9,62113,697,0.0,7392,809,61304
6,62119,697,0.0,7393,809,61310
15,62134,697,0.0,7394,809,61325
6,62140,697,0.0,7395,809,61331
7,62147,697,0.0,7396,809,61338
12,62159,697,0.0,7397,809,61350
14,62173,697,0.0,7398,809,61364
2,62175,697,0.0,7399,809,61366
18,62193,697,0.0,7400,809,61384
5,62198,697,0.0,7401,809,61389
24,62222,697,0.0,7402,809,61413
19,62241,697,0.0,7403,809,61432
8,62249,697,0.0,7404,809,61440
11,62260,697,0.0,7405,809,61451
12,62272,697,0.0,7406,809,61463
2,62274,697,0.0,7407,809,61465
3,62277,697,0.0,7408,809,61468
6,62283,697,0.0,7409,809,61474
6,62289,697,0.0,7410,809,61480
13,62302,697,0.0,7411,809,61493
5,62307,697,0.0,7412,809,61498
9,62316,697,0.0,7413,809,61507
10,62326,697,0.0,7414,809,61517
3,62329,697,0.0,7415,809,61520
9,62338,698,1.0,7416,809,61529
5,62343,698,0.0,7417,809,61534
20,62363,698,0.0,7418,809,61554
2,62365,698,0.0,7419,809,61556
4,62369,698,0.0,7420,809,61560
38,62407,698,0.0,7421,809,61598
9,62416,698,0.0,7422,809,61607
2,62418,698,0.0,7423,809,61609
8,62426,698,0.0,7424,809,61617
3,62429,698,0.0,7425,809,61620
13,62442,698,0.0,7426,809,61633
45,62487,698,0.0,7427,809,61678
2,62489,698,0.0,7428,809,61680
8,62497,698,0.0,7429,809,61688
2,62499,698,0.0,7430,809,61690
13,62512,698,0.0,7431,809,61703
12,62524,699,1.0,7432,809,61715
7,62531,699,0.0,7433,809,61722
12,62543,700,1.0,7434,809,61734
2,62545,700,0.0,7435,809,61736
6,62551,700,0.0,7436,809,61742
5,62556,700,0.0,7437,809,61747
12,62568,700,0.0,7438,809,61759
9,62577,700,0.0,7439,809,61768
2,62579,700,0.0,7440,809,61770
9,62588,700,0.0,7441,809,61779
7,62595,700,0.0,7442,809,61786
2,62597,700,0.0,7443,809,61788
16,62613,700,0.0,7444,809,61804
3,62616,700,0.0,7445,809,61807
7,62623,700,0.0,7446,809,61814
3,62626,700,0.0,7447,809,61817
5,62631,700,0.0,7448,809,61822
2,62633,700,0.0,7449,809,61824
12,62645,701,1.0,7450,809,61836
13,62658,701,0.0,7451,809,61849
3,62661,701,0.0,7452,809,61852
12,62673,702,1.0,7453,809,61864
2,62675,702,0.0,7454,809,61866
6,62681,702,0.0,7455,809,61872
3,62684,702,0.0,7456,809,61875
2,62686,702,0.0,7457,809,61877
2,62688,702,0.0,7458,809,61879
4,62692,702,0.0,7459,809,61883
3,62695,702,0.0,7460,809,61886
18,62713,702,0.0,7461,809,61904
6,62719,702,0.0,7462,809,61910
9,62728,702,0.0,7463,809,61919
5,62733,702,0.0,7464,809,61924
2,62735,702,0.0,7465,809,61926
2,62737,702,0.0,7466,809,61928
2,62739,702,0.0,7467,809,61930
5,62744,702,0.0,7468,809,61935
24,62768,702,0.0,7469,809,61959
9,62777,702,0.0,7470,809,61968
14,62791,702,0.0,7471,809,61982
8,62799,702,0.0,7472,809,61990
5,62804,702,0.0,7473,809,61995
5,62809,702,0.0,7474,809,62000
2,62811,702,0.0,7475,809,62002
16,62827,702,0.0,7476,809,62018
9,62836,702,0.0,7477,809,62027
2,62838,702,0.0,7478,809,62029
7,62845,702,0.0,7479,809,62036
11,62856,702,0.0,7480,809,62047
13,62869,702,0.0,7481,809,62060
4,62873,702,0.0,7482,809,62064
2,62875,702,0.0,7483,809,62066
2,62877,702,0.0,7484,809,62068
9,62886,702,0.0,7485,809,62077
11,62897,702,0.0,7486,809,62088
9,62906,702,0.0,7487,809,62097
10,62916,702,0.0,7488,809,62107
8,62924,702,0.0,7489,809,62115
14,62938,702,0.0,7490,809,62129
5,62943,702,0.0,7491,809,62134
12,62955,703,1.0,7492,809,62146
2,62957,703,0.0,7493,809,62148
3,62960,703,0.0,7494,809,62151
12,62972,704,1.0,7495,809,62163
9,62981,704,0.0,7496,809,62172
4,62985,704,0.0,7497,809,62176
3,62988,704,0.0,7498,809,62179
10,62998,704,0.0,7499,809,62189
6,63004,704,0.0,7500,809,62195
15,63019,704,0.0,7501,809,62210
6,63025,704,0.0,7502,809,62216
13,63038,704,0.0,7503,809,62229
3,63041,704,0.0,7504,809,62232
12,63053,705,1.0,7505,809,62244
6,63059,705,0.0,7506,809,62250
9,63068,705,0.0,7507,809,62259
9,63077,705,0.0,7508,809,62268
15,63092,705,0.0,7509,809,62283
25,63117,705,0.0,7510,809,62308
10,63127,705,0.0,7511,809,62318
3,63130,705,0.0,7512,809,62321
6,63136,705,0.0,7513,809,62327
12,63148,706,1.0,7514,809,62339
24,63172,706,0.0,7515,809,62363
2,63174,706,0.0,7516,809,62365
7,63181,706,0.0,7517,809,62372
4,63185,706,0.0,7518,809,62376
10,63195,706,0.0,7519,809,62386
7,63202,706,0.0,7520,809,62393
12,63214,707,1.0,7521,809,62405
6,63220,707,0.0,7522,809,62411
12,63232,708,1.0,7523,809,62423
14,63246,708,0.0,7524,809,62437
12,63258,709,1.0,7525,809,62449
3,63261,709,0.0,7526,809,62452
12,63273,709,0.0,7527,809,62464
3,63276,709,0.0,7528,809,62467
18,63294,709,0.0,7529,809,62485
2,63296,709,0.0,7530,809,62487
4,63300,709,0.0,7531,809,62491
11,63311,709,0.0,7532,809,62502
3,63314,709,0.0,7533,809,62505
7,63321,709,0.0,7534,809,62512
31,63352,709,0.0,7535,809,62543
12,63364,710,1.0,7536,809,62555
10,63374,710,0.0,7537,809,62565
7,63381,710,0.0,7538,809,62572
7,63388,710,0.0,7539,809,62579
4,63392,710,0.0,7540,809,62583
12,63404,711,1.0,7541,809,62595
3,63407,711,0.0,7542,809,62598
12,63419,711,0.0,7543,809,62610
10,63429,711,0.0,7544,809,62620
6,63435,711,0.0,7545,809,62626
3,63438,711,0.0,7546,809,62629
12,63450,712,1.0,7547,809,62641
10,63460,712,0.0,7548,809,62651
11,63471,712,0.0,7549,809,62662
12,63483,712,0.0,7550,809,62674
4,63487,712,0.0,7551,809,62678
4,63491,712,0.0,7552,809,62682
13,63504,712,0.0,7553,809,62695
4,63508,712,0.0,7554,809,62699
10,63518,712,0.0,7555,809,62709
4,63522,712,0.0,7556,809,62713
7,63529,712,0.0,7557,809,62720
5,63534,712,0.0,7558,809,62725
12,63546,712,0.0,7559,809,62737
4,63550,712,0.0,7560,809,62741
2,63552,712,0.0,7561,809,62743
4,63556,712,0.0,7562,809,62747
3,63559,712,0.0,7563,809,62750
2,63561,712,0.0,7564,809,62752
4,63565,712,0.0,7565,809,62756
6,63571,712,0.0,7566,809,62762
9,63580,712,0.0,7567,809,62771
9,63589,712,0.0,7568,809,62780
2,63591,712,0.0,7569,809,62782
12,63603,712,0.0,7570,809,62794
10,63613,712,0.0,7571,809,62804
2,63615,712,0.0,7572,809,62806
8,63623,712,0.0,7573,809,62814
6,63629,712,0.0,7574,809,62820
11,63640,712,0.0,7575,809,62831
2,63642,712,0.0,7576,809,62833
4,63646,712,0.0,7577,809,62837
12,63658,713,1.0,7578,809,62849
14,63672,713,0.0,7579,809,62863
12,63684,714,1.0,7580,809,62875
32,63716,714,0.0,7581,809,62907
5,63721,714,0.0,7582,809,62912
4,63725,714,0.0,7583,809,62916
7,63732,714,0.0,7584,809,62923
2,63734,714,0.0,7585,809,62925
12,63746,714,0.0,7586,809,62937
4,63750,714,0.0,7587,809,62941
2,63752,714,0.0,7588,809,62943
15,63767,714,0.0,7589,809,62958
5,63772,714,0.0,7590,809,62963
18,63790,714,0.0,7591,809,62981
9,63799,714,0.0,7592,809,62990
5,63804,714,0.0,7593,809,62995
4,63808,714,0.0,7594,809,62999
8,63816,714,0.0,7595,809,63007
2,63818,714,0.0,7596,809,63009
3,63821,714,0.0,7597,809,63012
11,63832,714,0.0,7598,809,63023
5,63837,714,0.0,7599,809,63028
12,63849,715,1.0,7600,809,63040
3,63852,715,0.0,7601,809,63043
4,63856,715,0.0,7602,809,63047
3,63859,715,0.0,7603,809,63050
3,63862,715,0.0,7604,809,63053
3,63865,715,0.0,7605,809,63056
6,63871,715,0.0,7606,809,63062
12,63883,716,1.0,7607,809,63074
9,63892,716,0.0,7608,809,63083
3,63895,716,0.0,7609,809,63086
4,63899,716,0.0,7610,809,63090
5,63904,716,0.0,7611,809,63095
4,63908,716,0.0,7612,809,63099
4,63912,716,0.0,7613,809,63103
20,63932,716,0.0,7614,809,63123
10,63942,716,0.0,7615,809,63133
9,63951,716,0.0,7616,809,63142
4,63955,716,0.0,7617,809,63146
2,63957,716,0.0,7618,809,63148
2,63959,716,0.0,7619,809,63150
8,63967,716,0.0,7620,809,63158
5,63972,716,0.0,7621,809,63163
22,63994,716,0.0,7622,809,63185
6,64000,716,0.0,7623,809,63191
12,64012,717,1.0,7624,809,63203
6,64018,717,0.0,7625,809,63209
3,64021,717,0.0,7626,809,63212
20,64041,717,0.0,7627,809,63232
7,64048,717,0.0,7628,809,63239
2,64050,717,0.0,7629,809,63241
7,64057,717,0.0,7630,809,63248
11,64068,717,0.0,7631,809,63259
6,64074,717,0.0,7632,809,63265
12,64086,718,1.0,7633,809,63277
10,64096,718,0.0,7634,809,63287
7,64103,718,0.0,7635,809,63294
12,64115,718,0.0,7636,809,63306
12,64127,719,1.0,7637,809,63318
4,64131,719,0.0,7638,809,63322
6,64137,719,0.0,7639,809,63328
12,64149,720,1.0,7640,809,63340
12,64161,721,1.0,7641,809,63352
4,64165,721,0.0,7642,809,63356
19,64184,721,0.0,7643,809,63375
7,64191,721,0.0,7644,809,63382
22,64213,721,0.0,7645,809,63404
4,64217,721,0.0,7646,809,63408
25,64242,721,0.0,7647,809,63433
4,64246,721,0.0,7648,809,63437
12,64258,722,1.0,7649,809,63449
9,64267,722,0.0,7650,809,63458
7,64274,722,0.0,7651,809,63465
5,64279,722,0.0,7652,809,63470
33,64312,722,0.0,7653,809,63503
20,64332,722,0.0,7654,809,63523
4,64336,722,0.0,7655,809,63527
6,64342,722,0.0,7656,809,63533
6,64348,722,0.0,7657,809,63539
10,64358,722,0.0,7658,809,63549
2,64360,722,0.0,7659,809,63551
16,64376,722,0.0,7660,809,63567
7,64383,722,0.0,7661,809,63574
15,64398,722,0.0,7662,809,63589
4,64402,722,0.0,7663,809,63593
19,64421,722,0.0,7664,809,63612
4,64425,722,0.0,7665,809,63616
26,64451,722,0.0,7666,809,63642
6,64457,722,0.0,7667,809,63648
3,64460,722,0.0,7668,809,63651
16,64476,722,0.0,7669,809,63667
4,64480,722,0.0,7670,809,63671
2,64482,722,0.0,7671,809,63673
5,64487,722,0.0,7672,809,63678
6,64493,722,0.0,7673,809,63684
15,64508,722,0.0,7674,809,63699
9,64517,722,0.0,7675,809,63708
16,64533,723,1.0,7676,809,63724
2,64535,723,0.0,7677,809,63726
3,64538,723,0.0,7678,809,63729
11,64549,723,0.0,7679,809,63740
3,64552,723,0.0,7680,809,63743
17,64569,723,0.0,7681,809,63760
6,64575,723,0.0,7682,809,63766
6,64581,723,0.0,7683,809,63772
9,64590,723,0.0,7684,809,63781
3,64593,723,0.0,7685,809,63784
3,64596,723,0.0,7686,809,63787
16,64612,723,0.0,7687,809,63803
2,64614,723,0.0,7688,809,63805
18,64632,723,0.0,7689,809,63823
7,64639,723,0.0,7690,809,63830
5,64644,723,0.0,7691,809,63835
2,64646,723,0.0,7692,809,63837
9,64655,723,0.0,7693,809,63846
4,64659,723,0.0,7694,809,63850
8,64667,723,0.0,7695,809,63858
6,64673,723,0.0,7696,809,63864
5,64678,723,0.0,7697,809,63869
13,64691,723,0.0,7698,809,63882
10,64701,723,0.0,7699,809,63892
8,64709,723,0.0,7700,809,63900
7,64716,723,0.0,7701,809,63907
5,64721,723,0.0,7702,809,63912
2,64723,723,0.0,7703,809,63914
6,64729,723,0.0,7704,809,63920
5,64734,723,0.0,7705,809,63925
6,64740,723,0.0,7706,809,63931
10,64750,723,0.0,7707,809,63941
13,64763,723,0.0,7708,809,63954
7,64770,723,0.0,7709,809,63961
14,64784,723,0.0,7710,809,63975
8,64792,723,0.0,7711,809,63983
27,64819,723,0.0,7712,809,64010
3,64822,723,0.0,7713,809,64013
3,64825,723,0.0,7714,809,64016
7,64832,723,0.0,7715,809,64023
4,64836,723,0.0,7716,809,64027
2,64838,723,0.0,7717,809,64029
15,64853,723,0.0,7718,809,64044
10,64863,723,0.0,7719,809,64054
2,64865,723,0.0,7720,809,64056
6,64871,723,0.0,7721,809,64062
12,64883,724,1.0,7722,809,64074
7,64890,724,0.0,7723,809,64081
6,64896,724,0.0,7724,809,64087
2,64898,724,0.0,7725,809,64089
6,64904,724,0.0,7726,809,64095
3,64907,724,0.0,7727,809,64098
17,64924,724,0.0,7728,809,64115
12,64936,725,1.0,7729,809,64127
5,64941,725,0.0,7730,809,64132
9,64950,725,0.0,7731,809,64141
5,64955,725,0.0,7732,809,64146
2,64957,725,0.0,7733,809,64148
3,64960,725,0.0,7734,809,64151
6,64966,725,0.0,7735,809,64157
12,64978,725,0.0,7736,809,64169
6,64984,725,0.0,7737,809,64175
18,65002,726,1.0,7738,809,64193
12,65014,727,1.0,7739,809,64205
6,65020,727,0.0,7740,809,64211
8,65028,727,0.0,7741,809,64219
6,65034,727,0.0,7742,809,64225
9,65043,727,0.0,7743,809,64234
4,65047,727,0.0,7744,809,64238
12,65059,728,1.0,7745,809,64250
3,65062,728,0.0,7746,809,64253
3,65065,728,0.0,7747,809,64256
10,65075,728,0.0,7748,809,64266
2,65077,728,0.0,7749,809,64268
11,65088,728,0.0,7750,809,64279
16,65104,728,0.0,7751,809,64295
12,65116,728,0.0,7752,809,64307
3,65119,728,0.0,7753,809,64310
4,65123,728,0.0,7754,809,64314
12,65135,729,1.0,7755,809,64326
2,65137,729,0.0,7756,809,64328
6,65143,729,0.0,7757,809,64334
12,65155,730,1.0,7758,809,64346
5,65160,730,0.0,7759,809,64351
6,65166,730,0.0,7760,809,64357
2,65168,730,0.0,7761,809,64359
4,65172,730,0.0,7762,809,64363
7,65179,730,0.0,7763,809,64370
4,65183,730,0.0,7764,809,64374
5,65188,730,0.0,7765,809,64379
11,65199,730,0.0,7766,809,64390
6,65205,730,0.0,7767,809,64396
12,65217,731,1.0,7768,809,64408
4,65221,731,0.0,7769,809,64412
12,65233,732,1.0,7770,809,64424
2,65235,732,0.0,7771,809,64426
7,65242,732,0.0,7772,809,64433
25,65267,732,0.0,7773,809,64458
12,65279,733,1.0,7774,809,64470
8,65287,733,0.0,7775,809,64478
2,65289,733,0.0,7776,809,64480
7,65296,733,0.0,7777,809,64487
2,65298,733,0.0,7778,809,64489
3,65301,733,0.0,7779,809,64492
7,65308,733,0.0,7780,809,64499
11,65319,733,0.0,7781,809,64510
4,65323,733,0.0,7782,809,64514
6,65329,733,0.0,7783,809,64520
6,65335,733,0.0,7784,809,64526
8,65343,733,0.0,7785,809,64534
6,65349,733,0.0,7786,809,64540
9,65358,733,0.0,7787,809,64549
6,65364,733,0.0,7788,809,64555
12,65376,733,0.0,7789,809,64567
13,65389,733,0.0,7790,809,64580
10,65399,733,0.0,7791,809,64590
2,65401,733,0.0,7792,809,64592
4,65405,733,0.0,7793,809,64596
13,65418,733,0.0,7794,809,64609
3,65421,733,0.0,7795,809,64612
12,65433,734,1.0,7796,809,64624
18,65451,735,1.0,7797,809,64642
3,65454,735,0.0,7798,809,64645
2,65456,735,0.0,7799,809,64647
9,65465,735,0.0,7800,809,64656
5,65470,735,0.0,7801,809,64661
3,65473,735,0.0,7802,809,64664
9,65482,735,0.0,7803,809,64673
10,65492,735,0.0,7804,809,64683
12,65504,735,0.0,7805,809,64695
4,65508,735,0.0,7806,809,64699
7,65515,735,0.0,7807,809,64706
3,65518,735,0.0,7808,809,64709
3,65521,735,0.0,7809,809,64712
12,65533,736,1.0,7810,809,64724
12,65545,737,1.0,7811,809,64736
10,65555,737,0.0,7812,809,64746
12,65567,738,1.0,7813,809,64758
12,65579,739,1.0,7814,809,64770
5,65584,739,0.0,7815,809,64775
4,65588,739,0.0,7816,809,64779
16,65604,739,0.0,7817,809,64795
3,65607,739,0.0,7818,809,64798
16,65623,740,1.0,7819,809,64814
2,65625,740,0.0,7820,809,64816
6,65631,740,0.0,7821,809,64822
2,65633,740,0.0,7822,809,64824
3,65636,740,0.0,7823,809,64827
4,65640,740,0.0,7824,809,64831
13,65653,740,0.0,7825,809,64844
24,65677,740,0.0,7826,809,64868
8,65685,740,0.0,7827,809,64876
12,65697,740,0.0,7828,809,64888
2,65699,740,0.0,7829,809,64890
5,65704,740,0.0,7830,809,64895
3,65707,740,0.0,7831,809,64898
3,65710,740,0.0,7832,809,64901
21,65731,740,0.0,7833,809,64922
8,65739,740,0.0,7834,809,64930
11,65750,740,0.0,7835,809,64941
2,65752,740,0.0,7836,809,64943
16,65768,741,1.0,7837,809,64959
4,65772,741,0.0,7838,809,64963
3,65775,741,0.0,7839,809,64966
2,65777,741,0.0,7840,809,64968
3,65780,741,0.0,7841,809,64971
15,65795,741,0.0,7842,809,64986
12,65807,742,1.0,7843,809,64998
12,65819,742,0.0,7844,809,65010
12,65831,743,1.0,7845,809,65022
13,65844,743,0.0,7846,809,65035
12,65856,743,0.0,7847,809,65047
10,65866,743,0.0,7848,809,65057
20,65886,743,0.0,7849,809,65077
7,65893,743,0.0,7850,809,65084
5,65898,743,0.0,7851,809,65089
16,65914,744,1.0,7852,809,65105
6,65920,744,0.0,7853,809,65111
7,65927,744,0.0,7854,809,65118
3,65930,744,0.0,7855,809,65121
3,65933,744,0.0,7856,809,65124
12,65945,745,1.0,7857,809,65136
4,65949,745,0.0,7858,809,65140
15,65964,745,0.0,7859,809,65155
9,65973,745,0.0,7860,809,65164
2,65975,745,0.0,7861,809,65166
6,65981,745,0.0,7862,809,65172
4,65985,745,0.0,7863,809,65176
16,66001,745,0.0,7864,809,65192
12,66013,746,1.0,7865,809,65204
18,66031,747,1.0,7866,809,65222
10,66041,747,0.0,7867,809,65232
16,66057,748,1.0,7868,809,65248
4,66061,748,0.0,7869,809,65252
2,66063,748,0.0,7870,809,65254
9,66072,748,0.0,7871,809,65263
7,66079,748,0.0,7872,809,65270
2,66081,748,0.0,7873,809,65272
2,66083,748,0.0,7874,809,65274
2,66085,748,0.0,7875,809,65276
31,66116,748,0.0,7876,809,65307
3,66119,748,0.0,7877,809,65310
11,66130,748,0.0,7878,809,65321
6,66136,748,0.0,7879,809,65327
2,66138,748,0.0,7880,809,65329
2,66140,748,0.0,7881,809,65331
5,66145,748,0.0,7882,809,65336
9,66154,748,0.0,7883,809,65345
3,66157,748,0.0,7884,809,65348
4,66161,748,0.0,7885,809,65352
12,66173,748,0.0,7886,809,65364
8,66181,748,0.0,7887,809,65372
7,66188,748,0.0,7888,809,65379
12,66200,748,0.0,7889,809,65391
14,66214,748,0.0,7890,809,65405
6,66220,748,0.0,7891,809,65411
3,66223,748,0.0,7892,809,65414
23,66246,748,0.0,7893,809,65437
16,66262,749,1.0,7894,809,65453
37,66299,749,0.0,7895,809,65490
3,66302,749,0.0,7896,809,65493
7,66309,749,0.0,7897,809,65500
8,66317,749,0.0,7898,809,65508
6,66323,749,0.0,7899,809,65514
9,66332,749,0.0,7900,809,65523
4,66336,749,0.0,7901,809,65527
15,66351,749,0.0,7902,809,65542
9,66360,749,0.0,7903,809,65551
22,66382,749,0.0,7904,809,65573
2,66384,749,0.0,7905,809,65575
16,66400,750,1.0,7906,809,65591
27,66427,750,0.0,7907,809,65618
12,66439,750,0.0,7908,809,65630
4,66443,750,0.0,7909,809,65634
8,66451,750,0.0,7910,809,65642
15,66466,750,0.0,7911,809,65657
6,66472,750,0.0,7912,809,65663
10,66482,750,0.0,7913,809,65673
2,66484,750,0.0,7914,809,65675
4,66488,750,0.0,7915,809,65679
7,66495,750,0.0,7916,809,65686
12,66507,751,1.0,7917,809,65698
2,66509,751,0.0,7918,809,65700
23,66532,751,0.0,7919,809,65723
16,66548,752,1.0,7920,809,65739
6,66554,752,0.0,7921,809,65745
2,66556,752,0.0,7922,809,65747
15,66571,752,0.0,7923,809,65762
2,66573,752,0.0,7924,809,65764
19,66592,752,0.0,7925,809,65783
9,66601,752,0.0,7926,809,65792
2,66603,752,0.0,7927,809,65794
6,66609,752,0.0,7928,809,65800
6,66615,752,0.0,7929,809,65806
2,66617,752,0.0,7930,809,65808
6,66623,752,0.0,7931,809,65814
3,66626,752,0.0,7932,809,65817
2,66628,752,0.0,7933,809,65819
12,66640,753,1.0,7934,809,65831
10,66650,753,0.0,7935,809,65841
6,66656,753,0.0,7936,809,65847
4,66660,753,0.0,7937,809,65851
22,66682,753,0.0,7938,809,65873
16,66698,753,0.0,7939,809,65889
9,66707,753,0.0,7940,809,65898
2,66709,753,0.0,7941,809,65900
4,66713,753,0.0,7942,809,65904
5,66718,753,0.0,7943,809,65909
12,66730,754,1.0,7944,809,65921
2,66732,754,0.0,7945,809,65923
16,66748,755,1.0,7946,809,65939
4,66752,755,0.0,7947,809,65943
2,66754,755,0.0,7948,809,65945
2,66756,755,0.0,7949,809,65947
4,66760,755,0.0,7950,809,65951
6,66766,755,0.0,7951,809,65957
13,66779,755,0.0,7952,809,65970
27,66806,755,0.0,7953,809,65997
6,66812,755,0.0,7954,809,66003
9,66821,755,0.0,7955,809,66012
12,66833,756,1.0,7956,809,66024
4,66837,756,0.0,7957,809,66028
13,66850,756,0.0,7958,809,66041
5,66855,756,0.0,7959,809,66046
5,66860,756,0.0,7960,809,66051
2,66862,756,0.0,7961,809,66053
7,66869,756,0.0,7962,809,66060
2,66871,756,0.0,7963,809,66062
12,66883,756,0.0,7964,809,66074
4,66887,756,0.0,7965,809,66078
4,66891,756,0.0,7966,809,66082
18,66909,756,0.0,7967,809,66100
5,66914,756,0.0,7968,809,66105
10,66924,756,0.0,7969,809,66115
16,66940,757,1.0,7970,809,66131
9,66949,757,0.0,7971,809,66140
2,66951,757,0.0,7972,809,66142
5,66956,757,0.0,7973,809,66147
6,66962,757,0.0,7974,809,66153
5,66967,757,0.0,7975,809,66158
8,66975,757,0.0,7976,809,66166
10,66985,757,0.0,7977,809,66176
6,66991,757,0.0,7978,809,66182
4,66995,757,0.0,7979,809,66186
4,66999,757,0.0,7980,809,66190
10,67009,757,0.0,7981,809,66200
9,67018,757,0.0,7982,809,66209
10,67028,757,0.0,7983,809,66219
6,67034,757,0.0,7984,809,66225
2,67036,757,0.0,7985,809,66227
3,67039,757,0.0,7986,809,66230
4,67043,757,0.0,7987,809,66234
18,67061,757,0.0,7988,809,66252
2,67063,757,0.0,7989,809,66254
9,67072,757,0.0,7990,809,66263
9,67081,757,0.0,7991,809,66272
22,67103,757,0.0,7992,809,66294
10,67113,757,0.0,7993,809,66304
5,67118,757,0.0,7994,809,66309
12,67130,758,1.0,7995,809,66321
2,67132,758,0.0,7996,809,66323
14,67146,758,0.0,7997,809,66337
4,67150,758,0.0,7998,809,66341
12,67162,759,1.0,7999,809,66353
2,67164,759,0.0,8000,809,66355
13,67177,759,0.0,8001,809,66368
11,67188,759,0.0,8002,809,66379
12,67200,760,1.0,8003,809,66391
9,67209,760,0.0,8004,809,66400
12,67221,761,1.0,8005,809,66412
18,67239,761,0.0,8006,809,66430
7,67246,761,0.0,8007,809,66437
3,67249,761,0.0,8008,809,66440
14,67263,761,0.0,8009,809,66454
12,67275,761,0.0,8010,809,66466
12,67287,761,0.0,8011,809,66478
12,67299,762,1.0,8012,809,66490
2,67301,762,0.0,8013,809,66492
12,67313,763,1.0,8014,809,66504
2,67315,763,0.0,8015,809,66506
2,67317,763,0.0,8016,809,66508
2,67319,763,0.0,8017,809,66510
12,67331,764,1.0,8018,809,66522
18,67349,765,1.0,8019,809,66540
12,67361,766,1.0,8020,809,66552
2,67363,766,0.0,8021,809,66554
10,67373,766,0.0,8022,809,66564
8,67381,766,0.0,8023,809,66572
5,67386,766,0.0,8024,809,66577
13,67399,766,0.0,8025,809,66590
6,67405,766,0.0,8026,809,66596
3,67408,766,0.0,8027,809,66599
5,67413,766,0.0,8028,809,66604
10,67423,766,0.0,8029,809,66614
24,67447,766,0.0,8030,809,66638
31,67478,766,0.0,8031,809,66669
2,67480,766,0.0,8032,809,66671
5,67485,766,0.0,8033,809,66676
3,67488,766,0.0,8034,809,66679
28,67516,766,0.0,8035,809,66707
6,67522,766,0.0,8036,809,66713
27,67549,766,0.0,8037,809,66740
3,67552,766,0.0,8038,809,66743
2,67554,766,0.0,8039,809,66745
6,67560,766,0.0,8040,809,66751
13,67573,766,0.0,8041,809,66764
3,67576,766,0.0,8042,809,66767
22,67598,766,0.0,8043,809,66789
3,67601,766,0.0,8044,809,66792
15,67616,766,0.0,8045,809,66807
3,67619,766,0.0,8046,809,66810
6,67625,766,0.0,8047,809,66816
3,67628,766,0.0,8048,809,66819
5,67633,766,0.0,8049,809,66824
13,67646,766,0.0,8050,809,66837
5,67651,766,0.0,8051,809,66842
16,67667,767,1.0,8052,809,66858
6,67673,767,0.0,8053,809,66864
2,67675,767,0.0,8054,809,66866
6,67681,767,0.0,8055,809,66872
3,67684,767,0.0,8056,809,66875
3,67687,767,0.0,8057,809,66878
18,67705,768,1.0,8058,809,66896
8,67713,768,0.0,8059,809,66904
12,67725,769,1.0,8060,809,66916
12,67737,770,1.0,8061,809,66928
10,67747,770,0.0,8062,809,66938
5,67752,770,0.0,8063,809,66943
2,67754,770,0.0,8064,809,66945
11,67765,770,0.0,8065,809,66956
21,67786,770,0.0,8066,809,66977
13,67799,770,0.0,8067,809,66990
6,67805,770,0.0,8068,809,66996
10,67815,770,0.0,8069,809,67006
24,67839,770,0.0,8070,809,67030
3,67842,770,0.0,8071,809,67033
6,67848,770,0.0,8072,809,67039
16,67864,771,1.0,8073,809,67055
5,67869,771,0.0,8074,809,67060
6,67875,771,0.0,8075,809,67066
16,67891,772,1.0,8076,809,67082
3,67894,772,0.0,8077,809,67085
3,67897,772,0.0,8078,809,67088
12,67909,772,0.0,8079,809,67100
3,67912,772,0.0,8080,809,67103
2,67914,772,0.0,8081,809,67105
16,67930,773,1.0,8082,809,67121
2,67932,773,0.0,8083,809,67123
11,67943,773,0.0,8084,809,67134
9,67952,773,0.0,8085,809,67143
27,67979,773,0.0,8086,809,67170
18,67997,773,0.0,8087,809,67188
4,68001,773,0.0,8088,809,67192
10,68011,773,0.0,8089,809,67202
13,68024,773,0.0,8090,809,67215
12,68036,774,1.0,8091,809,67227
13,68049,774,0.0,8092,809,67240
5,68054,774,0.0,8093,809,67245
2,68056,774,0.0,8094,809,67247
8,68064,774,0.0,8095,809,67255
11,68075,774,0.0,8096,809,67266
9,68084,774,0.0,8097,809,67275
2,68086,774,0.0,8098,809,67277
7,68093,774,0.0,8099,809,67284
6,68099,774,0.0,8100,809,67290
7,68106,774,0.0,8101,809,67297
7,68113,774,0.0,8102,809,67304
25,68138,774,0.0,8103,809,67329
9,68147,774,0.0,8104,809,67338
19,68166,774,0.0,8105,809,67357
12,68178,775,1.0,8106,809,67369
7,68185,775,0.0,8107,809,67376
6,68191,775,0.0,8108,809,67382
16,68207,775,0.0,8109,809,67398
9,68216,775,0.0,8110,809,67407
17,68233,775,0.0,8111,809,67424
4,68237,775,0.0,8112,809,67428
3,68240,775,0.0,8113,809,67431
21,68261,775,0.0,8114,809,67452
7,68268,775,0.0,8115,809,67459
4,68272,775,0.0,8116,809,67463
9,68281,775,0.0,8117,809,67472
2,68283,775,0.0,8118,809,67474
5,68288,775,0.0,8119,809,67479
9,68297,776,1.0,8120,809,67488
12,68309,776,0.0,8121,809,67500
7,68316,776,0.0,8122,809,67507
8,68324,776,0.0,8123,809,67515
22,68346,776,0.0,8124,809,67537
9,68355,776,0.0,8125,809,67546
7,68362,776,0.0,8126,809,67553
10,68372,776,0.0,8127,809,67563
5,68377,776,0.0,8128,809,67568
9,68386,776,0.0,8129,809,67577
12,68398,777,1.0,8130,809,67589
8,68406,777,0.0,8131,809,67597
10,68416,777,0.0,8132,809,67607
8,68424,777,0.0,8133,809,67615
6,68430,777,0.0,8134,809,67621
2,68432,777,0.0,8135,809,67623
3,68435,777,0.0,8136,809,67626
6,68441,777,0.0,8137,809,67632
4,68445,777,0.0,8138,809,67636
12,68457,778,1.0,8139,809,67648
5,68462,778,0.0,8140,809,67653
12,68474,778,0.0,8141,809,67665
5,68479,778,0.0,8142,809,67670
2,68481,778,0.0,8143,809,67672
4,68485,778,0.0,8144,809,67676
2,68487,778,0.0,8145,809,67678
6,68493,778,0.0,8146,809,67684
13,68506,778,0.0,8147,809,67697
15,68521,778,0.0,8148,809,67712
2,68523,778,0.0,8149,809,67714
6,68529,778,0.0,8150,809,67720
3,68532,778,0.0,8151,809,67723
9,68541,778,0.0,8152,809,67732
22,68563,778,0.0,8153,809,67754
6,68569,778,0.0,8154,809,67760
23,68592,778,0.0,8155,809,67783
4,68596,778,0.0,8156,809,67787
6,68602,778,0.0,8157,809,67793
11,68613,778,0.0,8158,809,67804
3,68616,778,0.0,8159,809,67807
6,68622,778,0.0,8160,809,67813
9,68631,778,0.0,8161,809,67822
5,68636,778,0.0,8162,809,67827
10,68646,778,0.0,8163,809,67837
2,68648,778,0.0,8164,809,67839
3,68651,778,0.0,8165,809,67842
19,68670,778,0.0,8166,809,67861
7,68677,778,0.0,8167,809,67868
3,68680,778,0.0,8168,809,67871
9,68689,778,0.0,8169,809,67880
6,68695,778,0.0,8170,809,67886
4,68699,778,0.0,8171,809,67890
5,68704,778,0.0,8172,809,67895
11,68715,778,0.0,8173,809,67906
5,68720,778,0.0,8174,809,67911
8,68728,778,0.0,8175,809,67919
18,68746,778,0.0,8176,809,67937
2,68748,778,0.0,8177,809,67939
16,68764,779,1.0,8178,809,67955
3,68767,779,0.0,8179,809,67958
12,68779,780,1.0,8180,809,67970
2,68781,780,0.0,8181,809,67972
12,68793,781,1.0,8182,809,67984
11,68804,781,0.0,8183,809,67995
4,68808,781,0.0,8184,809,67999
12,68820,781,0.0,8185,809,68011
10,68830,781,0.0,8186,809,68021
12,68842,782,1.0,8187,809,68033
16,68858,783,1.0,8188,809,68049
7,68865,783,0.0,8189,809,68056
6,68871,783,0.0,8190,809,68062
2,68873,783,0.0,8191,809,68064
16,68889,783,0.0,8192,809,68080
12,68901,784,1.0,8193,809,68092
9,68910,784,0.0,8194,809,68101
6,68916,784,0.0,8195,809,68107
4,68920,784,0.0,8196,809,68111
8,68928,784,0.0,8197,809,68119
2,68930,784,0.0,8198,809,68121
10,68940,784,0.0,8199,809,68131
6,68946,784,0.0,8200,809,68137
4,68950,784,0.0,8201,809,68141
4,68954,784,0.0,8202,809,68145
2,68956,784,0.0,8203,809,68147
16,68972,785,1.0,8204,809,68163
23,68995,785,0.0,8205,809,68186
5,69000,785,0.0,8206,809,68191
11,69011,785,0.0,8207,809,68202
3,69014,785,0.0,8208,809,68205
8,69022,785,0.0,8209,809,68213
7,69029,785,0.0,8210,809,68220
9,69038,786,1.0,8211,809,68229
35,69073,786,0.0,8212,809,68264
12,69085,787,1.0,8213,809,68276
3,69088,787,0.0,8214,809,68279
12,69100,788,1.0,8215,809,68291
6,69106,788,0.0,8216,809,68297
4,69110,788,0.0,8217,809,68301
12,69122,789,1.0,8218,809,68313
12,69134,790,1.0,8219,809,68325
4,69138,790,0.0,8220,809,68329
9,69147,790,0.0,8221,809,68338
4,69151,790,0.0,8222,809,68342
16,69167,791,1.0,8223,809,68358
5,69172,791,0.0,8224,809,68363
4,69176,791,0.0,8225,809,68367
4,69180,791,0.0,8226,809,68371
2,69182,791,0.0,8227,809,68373
17,69199,791,0.0,8228,809,68390
2,69201,791,0.0,8229,809,68392
4,69205,791,0.0,8230,809,68396
6,69211,791,0.0,8231,809,68402
12,69223,792,1.0,8232,809,68414
2,69225,792,0.0,8233,809,68416
6,69231,792,0.0,8234,809,68422
2,69233,792,0.0,8235,809,68424
8,69241,792,0.0,8236,809,68432
2,69243,792,0.0,8237,809,68434
2,69245,792,0.0,8238,809,68436
12,69257,793,1.0,8239,809,68448
7,69264,793,0.0,8240,809,68455
9,69273,793,0.0,8241,809,68464
7,69280,793,0.0,8242,809,68471
6,69286,793,0.0,8243,809,68477
6,69292,793,0.0,8244,809,68483
19,69311,793,0.0,8245,809,68502
2,69313,793,0.0,8246,809,68504
4,69317,793,0.0,8247,809,68508
3,69320,793,0.0,8248,809,68511
2,69322,793,0.0,8249,809,68513
3,69325,793,0.0,8250,809,68516
5,69330,793,0.0,8251,809,68521
6,69336,793,0.0,8252,809,68527
12,69348,794,1.0,8253,809,68539
7,69355,794,0.0,8254,809,68546
20,69375,794,0.0,8255,809,68566
19,69394,794,0.0,8256,809,68585
13,69407,794,0.0,8257,809,68598
2,69409,794,0.0,8258,809,68600
3,69412,794,0.0,8259,809,68603
8,69420,794,0.0,8260,809,68611
10,69430,794,0.0,8261,809,68621
5,69435,794,0.0,8262,809,68626
2,69437,794,0.0,8263,809,68628
6,69443,794,0.0,8264,809,68634
4,69447,794,0.0,8265,809,68638
11,69458,794,0.0,8266,809,68649
12,69470,795,1.0,8267,809,68661
10,69480,795,0.0,8268,809,68671
12,69492,795,0.0,8269,809,68683
12,69504,795,0.0,8270,809,68695
6,69510,795,0.0,8271,809,68701
15,69525,795,0.0,8272,809,68716
2,69527,795,0.0,8273,809,68718
2,69529,795,0.0,8274,809,68720
3,69532,795,0.0,8275,809,68723
4,69536,795,0.0,8276,809,68727
6,69542,795,0.0,8277,809,68733
5,69547,795,0.0,8278,809,68738
6,69553,795,0.0,8279,809,68744
13,69566,795,0.0,8280,809,68757
12,69578,796,1.0,8281,809,68769
5,69583,796,0.0,8282,809,68774
14,69597,796,0.0,8283,809,68788
3,69600,796,0.0,8284,809,68791
8,69608,796,0.0,8285,809,68799
3,69611,796,0.0,8286,809,68802
6,69617,796,0.0,8287,809,68808
6,69623,796,0.0,8288,809,68814
12,69635,797,1.0,8289,809,68826
3,69638,797,0.0,8290,809,68829
6,69644,797,0.0,8291,809,68835
3,69647,797,0.0,8292,809,68838
12,69659,798,1.0,8293,809,68850
12,69671,799,1.0,8294,809,68862
7,69678,799,0.0,8295,809,68869
3,69681,799,0.0,8296,809,68872
5,69686,799,0.0,8297,809,68877
6,69692,799,0.0,8298,809,68883
10,69702,799,0.0,8299,809,68893
2,69704,799,0.0,8300,809,68895
13,69717,799,0.0,8301,809,68908
11,69728,799,0.0,8302,809,68919
6,69734,799,0.0,8303,809,68925
11,69745,799,0.0,8304,809,68936
3,69748,799,0.0,8305,809,68939
7,69755,799,0.0,8306,809,68946
12,69767,800,1.0,8307,809,68958
3,69770,800,0.0,8308,809,68961
4,69774,800,0.0,8309,809,68965
2,69776,800,0.0,8310,809,68967
12,69788,800,0.0,8311,809,68979
10,69798,800,0.0,8312,809,68989
8,69806,800,0.0,8313,809,68997
3,69809,800,0.0,8314,809,69000
12,69821,801,1.0,8315,809,69012
3,69824,801,0.0,8316,809,69015
8,69832,801,0.0,8317,809,69023
3,69835,801,0.0,8318,809,69026
3,69838,801,0.0,8319,809,69029
9,69847,801,0.0,8320,809,69038
6,69853,801,0.0,8321,809,69044
12,69865,801,0.0,8322,809,69056
16,69881,801,0.0,8323,809,69072
3,69884,801,0.0,8324,809,69075
12,69896,802,1.0,8325,809,69087
10,69906,802,0.0,8326,809,69097
2,69908,802,0.0,8327,809,69099
5,69913,802,0.0,8328,809,69104
16,69929,803,1.0,8329,809,69120
7,69936,803,0.0,8330,809,69127
6,69942,803,0.0,8331,809,69133
15,69957,803,0.0,8332,809,69148
11,69968,803,0.0,8333,809,69159
16,69984,804,1.0,8334,809,69175
2,69986,804,0.0,8335,809,69177
14,70000,804,0.0,8336,809,69191
12,70012,805,1.0,8337,809,69203
11,70023,805,0.0,8338,809,69214
14,70037,805,0.0,8339,809,69228
6,70043,805,0.0,8340,809,69234
13,70056,805,0.0,8341,809,69247
10,70066,805,0.0,8342,809,69257
7,70073,805,0.0,8343,809,69264
13,70086,805,0.0,8344,809,69277
12,70098,805,0.0,8345,809,69289
12,70110,806,1.0,8346,809,69301
3,70113,806,0.0,8347,809,69304
11,70124,806,0.0,8348,809,69315
24,70148,806,0.0,8349,809,69339
3,70151,806,0.0,8350,809,69342
6,70157,806,0.0,8351,809,69348
2,70159,806,0.0,8352,809,69350
4,70163,806,0.0,8353,809,69354
2,70165,806,0.0,8354,809,69356
6,70171,806,0.0,8355,809,69362
12,70183,807,1.0,8356,809,69374
12,70195,808,1.0,8357,809,69386
15,70210,808,0.0,8358,809,69401
6,70216,808,0.0,8359,809,69407
4,70220,808,0.0,8360,809,69411
6,70226,808,0.0,8361,809,69417
6,70232,808,0.0,8362,809,69423
8,70240,808,0.0,8363,809,69431
6,70246,808,0.0,8364,809,69437
2,70248,808,0.0,8365,809,69439
14,70262,808,0.0,8366,809,69453
6,70268,808,0.0,8367,809,69459
13,70281,808,0.0,8368,809,69472
2,70283,808,0.0,8369,809,69474
12,70295,809,1.0,8370,809,69486
5,70300,809,0.0,8371,809,69491
6,70306,809,0.0,8372,809,69497
11,70317,809,0.0,8373,809,69508
12,70329,809,0.0,8374,809,69520
6,70335,809,0.0,8375,809,69526
6,70341,809,0.0,8376,809,69532
6,70347,809,0.0,8377,809,69538
9,70356,810,1.0,8378,809,69547
11,70367,810,0.0,8379,809,69558
8,70375,810,0.0,8380,809,69566
12,70387,810,0.0,8381,809,69578
3,70390,810,0.0,8382,809,69581
7,70397,810,0.0,8383,809,69588
9,70406,810,0.0,8384,809,69597
15,70421,810,0.0,8385,809,69612
5,70426,810,0.0,8386,809,69617
13,70439,810,0.0,8387,809,69630
4,70443,810,0.0,8388,809,69634
6,70449,810,0.0,8389,809,69640
9,70458,810,0.0,8390,809,69649
24,70482,810,0.0,8391,809,69673
2,70484,810,0.0,8392,809,69675
9,70493,810,0.0,8393,809,69684
12,70505,811,1.0,8394,809,69696
6,70511,811,0.0,8395,809,69702
12,70523,812,1.0,8396,809,69714
6,70529,812,0.0,8397,809,69720
2,70531,812,0.0,8398,809,69722
10,70541,812,0.0,8399,809,69732
3,70544,812,0.0,8400,809,69735
6,70550,812,0.0,8401,809,69741
12,70562,812,0.0,8402,809,69753
16,70578,813,1.0,8403,809,69769
4,70582,813,0.0,8404,809,69773
7,70589,813,0.0,8405,809,69780
2,70591,813,0.0,8406,809,69782
10,70601,813,0.0,8407,809,69792
5,70606,813,0.0,8408,809,69797
6,70612,813,0.0,8409,809,69803
6,70618,813,0.0,8410,809,69809
12,70630,814,1.0,8411,809,69821
24,70654,814,0.0,8412,809,69845
6,70660,814,0.0,8413,809,69851
6,70666,814,0.0,8414,809,69857
10,70676,814,0.0,8415,809,69867
5,70681,814,0.0,8416,809,69872
9,70690,814,0.0,8417,809,69881
2,70692,814,0.0,8418,809,69883
3,70695,814,0.0,8419,809,69886
11,70706,814,0.0,8420,809,69897
4,70710,814,0.0,8421,809,69901
2,70712,814,0.0,8422,809,69903
11,70723,814,0.0,8423,809,69914
16,70739,814,0.0,8424,809,69930
7,70746,814,0.0,8425,809,69937
4,70750,814,0.0,8426,809,69941
5,70755,814,0.0,8427,809,69946
13,70768,814,0.0,8428,809,69959
5,70773,814,0.0,8429,809,69964
6,70779,814,0.0,8430,809,69970
6,70785,814,0.0,8431,809,69976
13,70798,814,0.0,8432,809,69989
8,70806,814,0.0,8433,809,69997
7,70813,814,0.0,8434,809,70004
9,70822,814,0.0,8435,809,70013
7,70829,814,0.0,8436,809,70020
3,70832,814,0.0,8437,809,70023
4,70836,814,0.0,8438,809,70027
2,70838,814,0.0,8439,809,70029
3,70841,814,0.0,8440,809,70032
25,70866,814,0.0,8441,809,70057
3,70869,814,0.0,8442,809,70060
2,70871,814,0.0,8443,809,70062
10,70881,814,0.0,8444,809,70072
4,70885,814,0.0,8445,809,70076
12,70897,815,1.0,8446,809,70088
16,70913,816,1.0,8447,809,70104
9,70922,816,0.0,8448,809,70113
2,70924,816,0.0,8449,809,70115
11,70935,816,0.0,8450,809,70126
3,70938,816,0.0,8451,809,70129
8,70946,816,0.0,8452,809,70137
2,70948,816,0.0,8453,809,70139
6,70954,816,0.0,8454,809,70145
11,70965,816,0.0,8455,809,70156
5,70970,816,0.0,8456,809,70161
9,70979,816,0.0,8457,809,70170
15,70994,816,0.0,8458,809,70185
12,71006,816,0.0,8459,809,70197
2,71008,816,0.0,8460,809,70199
15,71023,816,0.0,8461,809,70214
2,71025,816,0.0,8462,809,70216
5,71030,816,0.0,8463,809,70221
2,71032,816,0.0,8464,809,70223
12,71044,817,1.0,8465,809,70235
7,71051,817,0.0,8466,809,70242
3,71054,817,0.0,8467,809,70245
2,71056,817,0.0,8468,809,70247
4,71060,817,0.0,8469,809,70251
12,71072,818,1.0,8470,809,70263
2,71074,818,0.0,8471,809,70265
7,71081,818,0.0,8472,809,70272
4,71085,818,0.0,8473,809,70276
25,71110,818,0.0,8474,809,70301
8,71118,818,0.0,8475,809,70309
12,71130,819,1.0,8476,809,70321
15,71145,819,0.0,8477,809,70336
20,71165,819,0.0,8478,809,70356
11,71176,819,0.0,8479,809,70367
18,71194,819,0.0,8480,809,70385
9,71203,819,0.0,8481,809,70394
8,71211,819,0.0,8482,809,70402
11,71222,819,0.0,8483,809,70413
5,71227,819,0.0,8484,809,70418
7,71234,819,0.0,8485,809,70425
7,71241,819,0.0,8486,809,70432
6,71247,819,0.0,8487,809,70438
5,71252,819,0.0,8488,809,70443
2,71254,819,0.0,8489,809,70445
10,71264,819,0.0,8490,809,70455
28,71292,819,0.0,8491,809,70483
13,71305,819,0.0,8492,809,70496
10,71315,819,0.0,8493,809,70506
7,71322,819,0.0,8494,809,70513
14,71336,819,0.0,8495,809,70527
6,71342,819,0.0,8496,809,70533
12,71354,820,1.0,8497,809,70545
6,71360,820,0.0,8498,809,70551
3,71363,820,0.0,8499,809,70554
4,71367,820,0.0,8500,809,70558
12,71379,821,1.0,8501,809,70570
5,71384,821,0.0,8502,809,70575
23,71407,821,0.0,8503,809,70598
6,71413,821,0.0,8504,809,70604
7,71420,821,0.0,8505,809,70611
9,71429,821,0.0,8506,809,70620
6,71435,821,0.0,8507,809,70626
7,71442,821,0.0,8508,809,70633
12,71454,822,1.0,8509,809,70645
7,71461,822,0.0,8510,809,70652
11,71472,822,0.0,8511,809,70663
5,71477,822,0.0,8512,809,70668
6,71483,822,0.0,8513,809,70674
9,71492,822,0.0,8514,809,70683
27,71519,823,1.0,8515,809,70710
4,71523,823,0.0,8516,809,70714
15,71538,823,0.0,8517,809,70729
14,71552,823,0.0,8518,809,70743
12,71564,824,1.0,8519,809,70755
18,71582,824,0.0,8520,809,70773
11,71593,824,0.0,8521,809,70784
8,71601,824,0.0,8522,809,70792
4,71605,824,0.0,8523,809,70796
9,71614,824,0.0,8524,809,70805
4,71618,824,0.0,8525,809,70809
12,71630,825,1.0,8526,809,70821
2,71632,825,0.0,8527,809,70823
12,71644,825,0.0,8528,809,70835
12,71656,825,0.0,8529,809,70847
9,71665,825,0.0,8530,809,70856
2,71667,825,0.0,8531,809,70858
12,71679,826,1.0,8532,809,70870
4,71683,826,0.0,8533,809,70874
12,71695,827,1.0,8534,809,70886
12,71707,827,0.0,8535,809,70898
5,71712,827,0.0,8536,809,70903
10,71722,827,0.0,8537,809,70913
6,71728,827,0.0,8538,809,70919
7,71735,827,0.0,8539,809,70926
8,71743,827,0.0,8540,809,70934
2,71745,827,0.0,8541,809,70936
10,71755,827,0.0,8542,809,70946
12,71767,828,1.0,8543,809,70958
10,71777,828,0.0,8544,809,70968
12,71789,829,1.0,8545,809,70980
6,71795,829,0.0,8546,809,70986
6,71801,829,0.0,8547,809,70992
7,71808,829,0.0,8548,809,70999
2,71810,829,0.0,8549,809,71001
6,71816,829,0.0,8550,809,71007
10,71826,829,0.0,8551,809,71017
7,71833,829,0.0,8552,809,71024
28,71861,829,0.0,8553,809,71052
12,71873,830,1.0,8554,809,71064
12,71885,830,0.0,8555,809,71076
13,71898,830,0.0,8556,809,71089
3,71901,830,0.0,8557,809,71092
6,71907,830,0.0,8558,809,71098
5,71912,830,0.0,8559,809,71103
3,71915,830,0.0,8560,809,71106
3,71918,830,0.0,8561,809,71109
12,71930,830,0.0,8562,809,71121
5,71935,830,0.0,8563,809,71126
12,71947,831,1.0,8564,809,71138
2,71949,831,0.0,8565,809,71140
4,71953,831,0.0,8566,809,71144
14,71967,831,0.0,8567,809,71158
2,71969,831,0.0,8568,809,71160
6,71975,831,0.0,8569,809,71166
5,71980,831,0.0,8570,809,71171
2,71982,831,0.0,8571,809,71173
7,71989,831,0.0,8572,809,71180
5,71994,831,0.0,8573,809,71185
12,72006,832,1.0,8574,809,71197
4,72010,832,0.0,8575,809,71201
19,72029,832,0.0,8576,809,71220
11,72040,832,0.0,8577,809,71231
27,72067,832,0.0,8578,809,71258
8,72075,832,0.0,8579,809,71266
6,72081,832,0.0,8580,809,71272
10,72091,832,0.0,8581,809,71282
12,72103,833,1.0,8582,809,71294
15,72118,833,0.0,8583,809,71309
6,72124,833,0.0,8584,809,71315
10,72134,833,0.0,8585,809,71325
12,72146,834,1.0,8586,809,71337
10,72156,834,0.0,8587,809,71347
25,72181,834,0.0,8588,809,71372
6,72187,834,0.0,8589,809,71378
2,72189,834,0.0,8590,809,71380
9,72198,834,0.0,8591,809,71389
6,72204,834,0.0,8592,809,71395
13,72217,834,0.0,8593,809,71408
7,72224,834,0.0,8594,809,71415
12,72236,834,0.0,8595,809,71427
6,72242,834,0.0,8596,809,71433
7,72249,834,0.0,8597,809,71440
12,72261,835,1.0,8598,809,71452
6,72267,835,0.0,8599,809,71458
3,72270,835,0.0,8600,809,71461
4,72274,835,0.0,8601,809,71465
7,72281,835,0.0,8602,809,71472
12,72293,835,0.0,8603,809,71484
11,72304,835,0.0,8604,809,71495
4,72308,835,0.0,8605,809,71499
4,72312,835,0.0,8606,809,71503
7,72319,835,0.0,8607,809,71510
6,72325,835,0.0,8608,809,71516
7,72332,835,0.0,8609,809,71523
16,72348,836,1.0,8610,809,71539
16,72364,837,1.0,8611,809,71555
7,72371,837,0.0,8612,809,71562
6,72377,837,0.0,8613,809,71568
10,72387,837,0.0,8614,809,71578
2,72389,837,0.0,8615,809,71580
6,72395,837,0.0,8616,809,71586
13,72408,837,0.0,8617,809,71599
12,72420,837,0.0,8618,809,71611
5,72425,837,0.0,8619,809,71616
11,72436,837,0.0,8620,809,71627
3,72439,837,0.0,8621,809,71630
3,72442,837,0.0,8622,809,71633
7,72449,837,0.0,8623,809,71640
4,72453,837,0.0,8624,809,71644
2,72455,837,0.0,8625,809,71646
2,72457,837,0.0,8626,809,71648
5,72462,837,0.0,8627,809,71653
6,72468,837,0.0,8628,809,71659
7,72475,837,0.0,8629,809,71666
13,72488,837,0.0,8630,809,71679
3,72491,837,0.0,8631,809,71682
6,72497,837,0.0,8632,809,71688
2,72499,837,0.0,8633,809,71690
4,72503,837,0.0,8634,809,71694
6,72509,837,0.0,8635,809,71700
2,72511,837,0.0,8636,809,71702
9,72520,837,0.0,8637,809,71711
6,72526,837,0.0,8638,809,71717
14,72540,837,0.0,8639,809,71731
16,72556,838,1.0,8640,809,71747
15,72571,838,0.0,8641,809,71762
8,72579,838,0.0,8642,809,71770
7,72586,838,0.0,8643,809,71777
17,72603,838,0.0,8644,809,71794
6,72609,838,0.0,8645,809,71800
4,72613,838,0.0,8646,809,71804
4,72617,838,0.0,8647,809,71808
5,72622,838,0.0,8648,809,71813
3,72625,838,0.0,8649,809,71816
12,72637,839,1.0,8650,809,71828
6,72643,839,0.0,8651,809,71834
18,72661,840,1.0,8652,809,71852
23,72684,840,0.0,8653,809,71875
6,72690,840,0.0,8654,809,71881
16,72706,840,0.0,8655,809,71897
14,72720,840,0.0,8656,809,71911
6,72726,840,0.0,8657,809,71917
2,72728,840,0.0,8658,809,71919
3,72731,840,0.0,8659,809,71922
12,72743,840,0.0,8660,809,71934
2,72745,840,0.0,8661,809,71936
6,72751,840,0.0,8662,809,71942
4,72755,840,0.0,8663,809,71946
12,72767,841,1.0,8664,809,71958
3,72770,841,0.0,8665,809,71961
8,72778,841,0.0,8666,809,71969
12,72790,841,0.0,8667,809,71981
6,72796,841,0.0,8668,809,71987
6,72802,841,0.0,8669,809,71993
18,72820,842,1.0,8670,809,72011
4,72824,842,0.0,8671,809,72015
27,72851,843,1.0,8672,809,72042
9,72860,843,0.0,8673,809,72051
2,72862,843,0.0,8674,809,72053
6,72868,843,0.0,8675,809,72059
12,72880,844,1.0,8676,809,72071
6,72886,844,0.0,8677,809,72077
2,72888,844,0.0,8678,809,72079
12,72900,844,0.0,8679,809,72091
3,72903,844,0.0,8680,809,72094
8,72911,844,0.0,8681,809,72102
11,72922,844,0.0,8682,809,72113
6,72928,844,0.0,8683,809,72119
10,72938,844,0.0,8684,809,72129
7,72945,844,0.0,8685,809,72136
10,72955,844,0.0,8686,809,72146
11,72966,844,0.0,8687,809,72157
3,72969,844,0.0,8688,809,72160
14,72983,844,0.0,8689,809,72174
6,72989,844,0.0,8690,809,72180
6,72995,844,0.0,8691,809,72186
7,73002,844,0.0,8692,809,72193
7,73009,844,0.0,8693,809,72200
3,73012,844,0.0,8694,809,72203
10,73022,844,0.0,8695,809,72213
12,73034,845,1.0,8696,809,72225
6,73040,845,0.0,8697,809,72231
4,73044,845,0.0,8698,809,72235
10,73054,845,0.0,8699,809,72245
7,73061,845,0.0,8700,809,72252
4,73065,845,0.0,8701,809,72256
3,73068,845,0.0,8702,809,72259
6,73074,845,0.0,8703,809,72265
2,73076,845,0.0,8704,809,72267
11,73087,845,0.0,8705,809,72278
4,73091,845,0.0,8706,809,72282
16,73107,846,1.0,8707,809,72298
21,73128,846,0.0,8708,809,72319
15,73143,846,0.0,8709,809,72334
4,73147,846,0.0,8710,809,72338
10,73157,846,0.0,8711,809,72348
7,73164,846,0.0,8712,809,72355
4,73168,846,0.0,8713,809,72359
7,73175,846,0.0,8714,809,72366
11,73186,846,0.0,8715,809,72377
16,73202,847,1.0,8716,809,72393
7,73209,847,0.0,8717,809,72400
3,73212,847,0.0,8718,809,72403
12,73224,848,1.0,8719,809,72415
13,73237,848,0.0,8720,809,72428
10,73247,848,0.0,8721,809,72438
4,73251,848,0.0,8722,809,72442
6,73257,848,0.0,8723,809,72448
3,73260,848,0.0,8724,809,72451
2,73262,848,0.0,8725,809,72453
2,73264,848,0.0,8726,809,72455
7,73271,848,0.0,8727,809,72462
4,73275,848,0.0,8728,809,72466
29,73304,848,0.0,8729,809,72495
6,73310,848,0.0,8730,809,72501
12,73322,849,1.0,8731,809,72513
8,73330,849,0.0,8732,809,72521
25,73355,849,0.0,8733,809,72546
6,73361,849,0.0,8734,809,72552
3,73364,849,0.0,8735,809,72555
6,73370,849,0.0,8736,809,72561
3,73373,849,0.0,8737,809,72564
19,73392,849,0.0,8738,809,72583
10,73402,849,0.0,8739,809,72593
3,73405,849,0.0,8740,809,72596
3,73408,849,0.0,8741,809,72599
4,73412,849,0.0,8742,809,72603
7,73419,849,0.0,8743,809,72610
18,73437,850,1.0,8744,809,72628
5,73442,850,0.0,8745,809,72633
6,73448,850,0.0,8746,809,72639
6,73454,850,0.0,8747,809,72645
10,73464,850,0.0,8748,809,72655
6,73470,850,0.0,8749,809,72661
12,73482,850,0.0,8750,809,72673
21,73503,850,0.0,8751,809,72694
6,73509,850,0.0,8752,809,72700
3,73512,850,0.0,8753,809,72703
12,73524,850,0.0,8754,809,72715
12,73536,851,1.0,8755,809,72727
6,73542,851,0.0,8756,809,72733
13,73555,851,0.0,8757,809,72746
5,73560,851,0.0,8758,809,72751
2,73562,851,0.0,8759,809,72753
6,73568,851,0.0,8760,809,72759
6,73574,851,0.0,8761,809,72765
2,73576,851,0.0,8762,809,72767
7,73583,851,0.0,8763,809,72774
8,73591,851,0.0,8764,809,72782
6,73597,851,0.0,8765,809,72788
6,73603,851,0.0,8766,809,72794
3,73606,851,0.0,8767,809,72797
2,73608,851,0.0,8768,809,72799
5,73613,851,0.0,8769,809,72804
11,73624,851,0.0,8770,809,72815
3,73627,851,0.0,8771,809,72818
4,73631,851,0.0,8772,809,72822
6,73637,851,0.0,8773,809,72828
9,73646,851,0.0,8774,809,72837
3,73649,851,0.0,8775,809,72840
10,73659,851,0.0,8776,809,72850
12,73671,852,1.0,8777,809,72862
14,73685,852,0.0,8778,809,72876
15,73700,852,0.0,8779,809,72891
2,73702,852,0.0,8780,809,72893
6,73708,852,0.0,8781,809,72899
9,73717,852,0.0,8782,809,72908
2,73719,852,0.0,8783,809,72910
6,73725,852,0.0,8784,809,72916
5,73730,852,0.0,8785,809,72921
12,73742,852,0.0,8786,809,72933
4,73746,852,0.0,8787,809,72937
11,73757,852,0.0,8788,809,72948
6,73763,852,0.0,8789,809,72954
12,73775,853,1.0,8790,809,72966
3,73778,853,0.0,8791,809,72969
3,73781,853,0.0,8792,809,72972
12,73793,853,0.0,8793,809,72984
31,73824,853,0.0,8794,809,73015
12,73836,854,1.0,8795,809,73027
12,73848,855,1.0,8796,809,73039
5,73853,855,0.0,8797,809,73044
3,73856,855,0.0,8798,809,73047
12,73868,855,0.0,8799,809,73059
12,73880,855,0.0,8800,809,73071
6,73886,855,0.0,8801,809,73077
16,73902,855,0.0,8802,809,73093
3,73905,855,0.0,8803,809,73096
4,73909,855,0.0,8804,809,73100
2,73911,855,0.0,8805,809,73102
11,73922,855,0.0,8806,809,73113
7,73929,855,0.0,8807,809,73120
2,73931,855,0.0,8808,809,73122
10,73941,855,0.0,8809,809,73132
2,73943,855,0.0,8810,809,73134
3,73946,855,0.0,8811,809,73137
18,73964,855,0.0,8812,809,73155
9,73973,855,0.0,8813,809,73164
4,73977,855,0.0,8814,809,73168
7,73984,855,0.0,8815,809,73175
8,73992,855,0.0,8816,809,73183
20,74012,855,0.0,8817,809,73203
7,74019,855,0.0,8818,809,73210
7,74026,855,0.0,8819,809,73217
4,74030,855,0.0,8820,809,73221
3,74033,855,0.0,8821,809,73224
19,74052,855,0.0,8822,809,73243
4,74056,855,0.0,8823,809,73247
21,74077,855,0.0,8824,809,73268
6,74083,855,0.0,8825,809,73274
11,74094,855,0.0,8826,809,73285
8,74102,855,0.0,8827,809,73293
5,74107,855,0.0,8828,809,73298
2,74109,855,0.0,8829,809,73300
8,74117,855,0.0,8830,809,73308
15,74132,855,0.0,8831,809,73323
9,74141,855,0.0,8832,809,73332
12,74153,856,1.0,8833,809,73344
12,74165,857,1.0,8834,809,73356
3,74168,857,0.0,8835,809,73359
9,74177,858,1.0,8836,809,73368
4,74181,858,0.0,8837,809,73372
6,74187,858,0.0,8838,809,73378
12,74199,858,0.0,8839,809,73390
9,74208,859,1.0,8840,809,73399
6,74214,859,0.0,8841,809,73405
12,74226,860,1.0,8842,809,73417
5,74231,860,0.0,8843,809,73422
16,74247,861,1.0,8844,809,73438
2,74249,861,0.0,8845,809,73440
16,74265,862,1.0,8846,809,73456
3,74268,862,0.0,8847,809,73459
5,74273,862,0.0,8848,809,73464
12,74285,863,1.0,8849,809,73476
12,74297,863,0.0,8850,809,73488
13,74310,863,0.0,8851,809,73501
5,74315,863,0.0,8852,809,73506
12,74327,864,1.0,8853,809,73518
5,74332,864,0.0,8854,809,73523
11,74343,864,0.0,8855,809,73534
12,74355,865,1.0,8856,809,73546
16,74371,865,0.0,8857,809,73562
8,74379,865,0.0,8858,809,73570
5,74384,865,0.0,8859,809,73575
12,74396,865,0.0,8860,809,73587
7,74403,865,0.0,8861,809,73594
9,74412,865,0.0,8862,809,73603
11,74423,865,0.0,8863,809,73614
12,74435,865,0.0,8864,809,73626
13,74448,865,0.0,8865,809,73639
2,74450,865,0.0,8866,809,73641
4,74454,865,0.0,8867,809,73645
7,74461,865,0.0,8868,809,73652
10,74471,865,0.0,8869,809,73662
2,74473,865,0.0,8870,809,73664
6,74479,865,0.0,8871,809,73670
2,74481,865,0.0,8872,809,73672
10,74491,865,0.0,8873,809,73682
5,74496,865,0.0,8874,809,73687
9,74505,865,0.0,8875,809,73696
3,74508,865,0.0,8876,809,73699
12,74520,866,1.0,8877,809,73711
3,74523,866,0.0,8878,809,73714
6,74529,866,0.0,8879,809,73720
7,74536,866,0.0,8880,809,73727
3,74539,866,0.0,8881,809,73730
6,74545,866,0.0,8882,809,73736
12,74557,866,0.0,8883,809,73748
6,74563,866,0.0,8884,809,73754
8,74571,866,0.0,8885,809,73762
7,74578,866,0.0,8886,809,73769
5,74583,866,0.0,8887,809,73774
5,74588,866,0.0,8888,809,73779
6,74594,866,0.0,8889,809,73785
18,74612,867,1.0,8890,809,73803
27,74639,867,0.0,8891,809,73830
9,74648,867,0.0,8892,809,73839
3,74651,867,0.0,8893,809,73842
7,74658,867,0.0,8894,809,73849
6,74664,867,0.0,8895,809,73855
3,74667,867,0.0,8896,809,73858
7,74674,867,0.0,8897,809,73865
33,74707,867,0.0,8898,809,73898
12,74719,868,1.0,8899,809,73910
5,74724,868,0.0,8900,809,73915
9,74733,868,0.0,8901,809,73924
10,74743,868,0.0,8902,809,73934
2,74745,868,0.0,8903,809,73936
3,74748,868,0.0,8904,809,73939
16,74764,869,1.0,8905,809,73955
3,74767,869,0.0,8906,809,73958
9,74776,869,0.0,8907,809,73967
7,74783,869,0.0,8908,809,73974
8,74791,869,0.0,8909,809,73982
4,74795,869,0.0,8910,809,73986
12,74807,869,0.0,8911,809,73998
5,74812,869,0.0,8912,809,74003
3,74815,869,0.0,8913,809,74006
3,74818,869,0.0,8914,809,74009
3,74821,869,0.0,8915,809,74012
2,74823,869,0.0,8916,809,74014
4,74827,869,0.0,8917,809,74018
2,74829,869,0.0,8918,809,74020
11,74840,869,0.0,8919,809,74031
12,74852,870,1.0,8920,809,74043
9,74861,870,0.0,8921,809,74052
7,74868,870,0.0,8922,809,74059
7,74875,870,0.0,8923,809,74066
3,74878,870,0.0,8924,809,74069
14,74892,870,0.0,8925,809,74083
9,74901,870,0.0,8926,809,74092
5,74906,870,0.0,8927,809,74097
10,74916,870,0.0,8928,809,74107
12,74928,870,0.0,8929,809,74119
12,74940,871,1.0,8930,809,74131
2,74942,871,0.0,8931,809,74133
4,74946,871,0.0,8932,809,74137
4,74950,871,0.0,8933,809,74141
12,74962,872,1.0,8934,809,74153
16,74978,873,1.0,8935,809,74169
2,74980,873,0.0,8936,809,74171
12,74992,873,0.0,8937,809,74183
11,75003,873,0.0,8938,809,74194
4,75007,873,0.0,8939,809,74198
3,75010,873,0.0,8940,809,74201
6,75016,873,0.0,8941,809,74207
2,75018,873,0.0,8942,809,74209
9,75027,873,0.0,8943,809,74218
2,75029,873,0.0,8944,809,74220
9,75038,873,0.0,8945,809,74229
13,75051,873,0.0,8946,809,74242
22,75073,873,0.0,8947,809,74264
3,75076,873,0.0,8948,809,74267
2,75078,873,0.0,8949,809,74269
12,75090,874,1.0,8950,809,74281
2,75092,874,0.0,8951,809,74283
12,75104,875,1.0,8952,809,74295
12,75116,876,1.0,8953,809,74307
2,75118,876,0.0,8954,809,74309
6,75124,876,0.0,8955,809,74315
11,75135,876,0.0,8956,809,74326
17,75152,876,0.0,8957,809,74343
27,75179,876,0.0,8958,809,74370
2,75181,876,0.0,8959,809,74372
12,75193,877,1.0,8960,809,74384
10,75203,877,0.0,8961,809,74394
9,75212,877,0.0,8962,809,74403
5,75217,877,0.0,8963,809,74408
11,75228,877,0.0,8964,809,74419
6,75234,877,0.0,8965,809,74425
4,75238,877,0.0,8966,809,74429
13,75251,877,0.0,8967,809,74442
7,75258,877,0.0,8968,809,74449
6,75264,877,0.0,8969,809,74455
12,75276,878,1.0,8970,809,74467
16,75292,879,1.0,8971,809,74483
18,75310,879,0.0,8972,809,74501
17,75327,879,0.0,8973,809,74518
9,75336,879,0.0,8974,809,74527
4,75340,879,0.0,8975,809,74531
8,75348,879,0.0,8976,809,74539
6,75354,879,0.0,8977,809,74545
12,75366,880,1.0,8978,809,74557
3,75369,880,0.0,8979,809,74560
17,75386,880,0.0,8980,809,74577
23,75409,880,0.0,8981,809,74600
12,75421,881,1.0,8982,809,74612
6,75427,881,0.0,8983,809,74618
27,75454,882,1.0,8984,809,74645
4,75458,882,0.0,8985,809,74649
9,75467,882,0.0,8986,809,74658
11,75478,882,0.0,8987,809,74669
5,75483,882,0.0,8988,809,74674
7,75490,882,0.0,8989,809,74681
19,75509,882,0.0,8990,809,74700
5,75514,882,0.0,8991,809,74705
4,75518,882,0.0,8992,809,74709
12,75530,883,1.0,8993,809,74721
6,75536,883,0.0,8994,809,74727
6,75542,883,0.0,8995,809,74733
12,75554,884,1.0,8996,809,74745
3,75557,884,0.0,8997,809,74748
7,75564,884,0.0,8998,809,74755
12,75576,885,1.0,8999,809,74767
10,75586,885,0.0,9000,809,74777
12,75598,885,0.0,9001,809,74789
7,75605,885,0.0,9002,809,74796
6,75611,885,0.0,9003,809,74802
12,75623,886,1.0,9004,809,74814
3,75626,886,0.0,9005,809,74817
12,75638,887,1.0,9006,809,74829
6,75644,887,0.0,9007,809,74835
2,75646,887,0.0,9008,809,74837
9,75655,887,0.0,9009,809,74846
10,75665,887,0.0,9010,809,74856
12,75677,888,1.0,9011,809,74868
12,75689,889,1.0,9012,809,74880
2,75691,889,0.0,9013,809,74882
6,75697,889,0.0,9014,809,74888
12,75709,890,1.0,9015,809,74900
12,75721,890,0.0,9016,809,74912
8,75729,890,0.0,9017,809,74920
3,75732,890,0.0,9018,809,74923
4,75736,890,0.0,9019,809,74927
30,75766,890,0.0,9020,809,74957
9,75775,890,0.0,9021,809,74966
5,75780,890,0.0,9022,809,74971
6,75786,890,0.0,9023,809,74977
27,75813,890,0.0,9024,809,75004
11,75824,890,0.0,9025,809,75015
3,75827,890,0.0,9026,809,75018
3,75830,890,0.0,9027,809,75021
5,75835,890,0.0,9028,809,75026
12,75847,891,1.0,9029,809,75038
11,75858,891,0.0,9030,809,75049
3,75861,891,0.0,9031,809,75052
2,75863,891,0.0,9032,809,75054
20,75883,891,0.0,9033,809,75074
2,75885,891,0.0,9034,809,75076
17,75902,891,0.0,9035,809,75093
6,75908,891,0.0,9036,809,75099
2,75910,891,0.0,9037,809,75101
7,75917,891,0.0,9038,809,75108
2,75919,891,0.0,9039,809,75110
4,75923,891,0.0,9040,809,75114
12,75935,892,1.0,9041,809,75126
7,75942,892,0.0,9042,809,75133
3,75945,892,0.0,9043,809,75136
10,75955,892,0.0,9044,809,75146
11,75966,892,0.0,9045,809,75157
17,75983,892,0.0,9046,809,75174
2,75985,892,0.0,9047,809,75176
12,75997,893,1.0,9048,809,75188
2,75999,893,0.0,9049,809,75190
10,76009,893,0.0,9050,809,75200
8,76017,893,0.0,9051,809,75208
3,76020,893,0.0,9052,809,75211
12,76032,894,1.0,9053,809,75223
5,76037,894,0.0,9054,809,75228
6,76043,894,0.0,9055,809,75234
9,76052,894,0.0,9056,809,75243
8,76060,894,0.0,9057,809,75251
9,76069,894,0.0,9058,809,75260
16,76085,895,1.0,9059,809,75276
18,76103,895,0.0,9060,809,75294
3,76106,895,0.0,9061,809,75297
7,76113,895,0.0,9062,809,75304
6,76119,895,0.0,9063,809,75310
5,76124,895,0.0,9064,809,75315
4,76128,895,0.0,9065,809,75319
4,76132,895,0.0,9066,809,75323
5,76137,895,0.0,9067,809,75328
6,76143,895,0.0,9068,809,75334
11,76154,895,0.0,9069,809,75345
2,76156,895,0.0,9070,809,75347
15,76171,895,0.0,9071,809,75362
5,76176,895,0.0,9072,809,75367
6,76182,895,0.0,9073,809,75373
10,76192,895,0.0,9074,809,75383
10,76202,895,0.0,9075,809,75393
4,76206,895,0.0,9076,809,75397
2,76208,895,0.0,9077,809,75399
13,76221,895,0.0,9078,809,75412
4,76225,895,0.0,9079,809,75416
3,76228,895,0.0,9080,809,75419
16,76244,895,0.0,9081,809,75435
3,76247,895,0.0,9082,809,75438
3,76250,895,0.0,9083,809,75441
10,76260,895,0.0,9084,809,75451
4,76264,895,0.0,9085,809,75455
2,76266,895,0.0,9086,809,75457
14,76280,895,0.0,9087,809,75471
4,76284,895,0.0,9088,809,75475
12,76296,895,0.0,9089,809,75487
6,76302,895,0.0,9090,809,75493
5,76307,895,0.0,9091,809,75498
8,76315,895,0.0,9092,809,75506
2,76317,895,0.0,9093,809,75508
5,76322,895,0.0,9094,809,75513
13,76335,895,0.0,9095,809,75526
6,76341,895,0.0,9096,809,75532
3,76344,895,0.0,9097,809,75535
7,76351,895,0.0,9098,809,75542
2,76353,895,0.0,9099,809,75544
4,76357,895,0.0,9100,809,75548
3,76360,895,0.0,9101,809,75551
8,76368,895,0.0,9102,809,75559
11,76379,895,0.0,9103,809,75570
3,76382,895,0.0,9104,809,75573
3,76385,895,0.0,9105,809,75576
3,76388,895,0.0,9106,809,75579
14,76402,895,0.0,9107,809,75593
2,76404,895,0.0,9108,809,75595
3,76407,895,0.0,9109,809,75598
7,76414,895,0.0,9110,809,75605
16,76430,895,0.0,9111,809,75621
6,76436,895,0.0,9112,809,75627
4,76440,895,0.0,9113,809,75631
6,76446,895,0.0,9114,809,75637
3,76449,895,0.0,9115,809,75640
3,76452,895,0.0,9116,809,75643
5,76457,895,0.0,9117,809,75648
29,76486,895,0.0,9118,809,75677
3,76489,895,0.0,9119,809,75680
12,76501,896,1.0,9120,809,75692
6,76507,896,0.0,9121,809,75698
4,76511,896,0.0,9122,809,75702
10,76521,896,0.0,9123,809,75712
9,76530,896,0.0,9124,809,75721
5,76535,896,0.0,9125,809,75726
2,76537,896,0.0,9126,809,75728
2,76539,896,0.0,9127,809,75730
15,76554,896,0.0,9128,809,75745
2,76556,896,0.0,9129,809,75747
18,76574,897,1.0,9130,809,75765
12,76586,898,1.0,9131,809,75777
10,76596,898,0.0,9132,809,75787
8,76604,898,0.0,9133,809,75795
12,76616,899,1.0,9134,809,75807
3,76619,899,0.0,9135,809,75810
18,76637,900,1.0,9136,809,75828
12,76649,901,1.0,9137,809,75840
11,76660,901,0.0,9138,809,75851
12,76672,901,0.0,9139,809,75863
6,76678,901,0.0,9140,809,75869
3,76681,901,0.0,9141,809,75872
10,76691,901,0.0,9142,809,75882
8,76699,901,0.0,9143,809,75890
27,76726,902,1.0,9144,809,75917
6,76732,902,0.0,9145,809,75923
3,76735,902,0.0,9146,809,75926
2,76737,902,0.0,9147,809,75928
5,76742,902,0.0,9148,809,75933
4,76746,902,0.0,9149,809,75937
11,76757,902,0.0,9150,809,75948
6,76763,902,0.0,9151,809,75954
3,76766,902,0.0,9152,809,75957
12,76778,903,1.0,9153,809,75969
4,76782,903,0.0,9154,809,75973
6,76788,903,0.0,9155,809,75979
12,76800,904,1.0,9156,809,75991
4,76804,904,0.0,9157,809,75995
4,76808,904,0.0,9158,809,75999
8,76816,904,0.0,9159,809,76007
12,76828,905,1.0,9160,809,76019
8,76836,905,0.0,9161,809,76027
5,76841,905,0.0,9162,809,76032
6,76847,905,0.0,9163,809,76038
9,76856,905,0.0,9164,809,76047
12,76868,906,1.0,9165,809,76059
12,76880,907,1.0,9166,809,76071
6,76886,907,0.0,9167,809,76077
4,76890,907,0.0,9168,809,76081
12,76902,908,1.0,9169,809,76093
5,76907,908,0.0,9170,809,76098
19,76926,908,0.0,9171,809,76117
16,76942,909,1.0,9172,809,76133
14,76956,909,0.0,9173,809,76147
7,76963,909,0.0,9174,809,76154
2,76965,909,0.0,9175,809,76156
3,76968,909,0.0,9176,809,76159
6,76974,909,0.0,9177,809,76165
6,76980,909,0.0,9178,809,76171
8,76988,909,0.0,9179,809,76179
3,76991,909,0.0,9180,809,76182
6,76997,909,0.0,9181,809,76188
6,77003,909,0.0,9182,809,76194
6,77009,909,0.0,9183,809,76200
18,77027,910,1.0,9184,809,76218
6,77033,910,0.0,9185,809,76224
18,77051,911,1.0,9186,809,76242
3,77054,911,0.0,9187,809,76245
22,77076,911,0.0,9188,809,76267
13,77089,911,0.0,9189,809,76280
2,77091,911,0.0,9190,809,76282
8,77099,911,0.0,9191,809,76290
8,77107,911,0.0,9192,809,76298
11,77118,911,0.0,9193,809,76309
12,77130,912,1.0,9194,809,76321
9,77139,913,1.0,9195,809,76330
3,77142,913,0.0,9196,809,76333
12,77154,913,0.0,9197,809,76345
12,77166,913,0.0,9198,809,76357
7,77173,913,0.0,9199,809,76364
14,77187,913,0.0,9200,809,76378
4,77191,913,0.0,9201,809,76382
5,77196,913,0.0,9202,809,76387
2,77198,913,0.0,9203,809,76389
13,77211,913,0.0,9204,809,76402
3,77214,913,0.0,9205,809,76405
6,77220,913,0.0,9206,809,76411
2,77222,913,0.0,9207,809,76413
12,77234,914,1.0,9208,809,76425
10,77244,914,0.0,9209,809,76435
12,77256,914,0.0,9210,809,76447
6,77262,914,0.0,9211,809,76453
3,77265,914,0.0,9212,809,76456
12,77277,915,1.0,9213,809,76468
4,77281,915,0.0,9214,809,76472
2,77283,915,0.0,9215,809,76474
5,77288,915,0.0,9216,809,76479
12,77300,915,0.0,9217,809,76491
5,77305,915,0.0,9218,809,76496
12,77317,915,0.0,9219,809,76508
4,77321,915,0.0,9220,809,76512
7,77328,915,0.0,9221,809,76519
7,77335,915,0.0,9222,809,76526
6,77341,915,0.0,9223,809,76532
14,77355,915,0.0,9224,809,76546
30,77385,915,0.0,9225,809,76576
7,77392,915,0.0,9226,809,76583
32,77424,915,0.0,9227,809,76615
3,77427,915,0.0,9228,809,76618
4,77431,915,0.0,9229,809,76622
8,77439,915,0.0,9230,809,76630
2,77441,915,0.0,9231,809,76632
4,77445,915,0.0,9232,809,76636
2,77447,915,0.0,9233,809,76638
7,77454,915,0.0,9234,809,76645
6,77460,915,0.0,9235,809,76651
7,77467,915,0.0,9236,809,76658
2,77469,915,0.0,9237,809,76660
25,77494,915,0.0,9238,809,76685
2,77496,915,0.0,9239,809,76687
16,77512,916,1.0,9240,809,76703
2,77514,916,0.0,9241,809,76705
6,77520,916,0.0,9242,809,76711
6,77526,916,0.0,9243,809,76717
3,77529,916,0.0,9244,809,76720
2,77531,916,0.0,9245,809,76722
14,77545,916,0.0,9246,809,76736
11,77556,916,0.0,9247,809,76747
14,77570,916,0.0,9248,809,76761
12,77582,916,0.0,9249,809,76773
13,77595,916,0.0,9250,809,76786
6,77601,916,0.0,9251,809,76792
7,77608,916,0.0,9252,809,76799
12,77620,916,0.0,9253,809,76811
12,77632,916,0.0,9254,809,76823
13,77645,916,0.0,9255,809,76836
4,77649,916,0.0,9256,809,76840
8,77657,916,0.0,9257,809,76848
6,77663,916,0.0,9258,809,76854
2,77665,916,0.0,9259,809,76856
7,77672,916,0.0,9260,809,76863
6,77678,916,0.0,9261,809,76869
2,77680,916,0.0,9262,809,76871
3,77683,916,0.0,9263,809,76874
2,77685,916,0.0,9264,809,76876
6,77691,916,0.0,9265,809,76882
4,77695,916,0.0,9266,809,76886
7,77702,916,0.0,9267,809,76893
10,77712,916,0.0,9268,809,76903
3,77715,916,0.0,9269,809,76906
2,77717,916,0.0,9270,809,76908
4,77721,916,0.0,9271,809,76912
11,77732,916,0.0,9272,809,76923
4,77736,916,0.0,9273,809,76927
8,77744,916,0.0,9274,809,76935
8,77752,916,0.0,9275,809,76943
18,77770,917,1.0,9276,809,76961
8,77778,917,0.0,9277,809,76969
6,77784,917,0.0,9278,809,76975
12,77796,918,1.0,9279,809,76987
4,77800,918,0.0,9280,809,76991
13,77813,918,0.0,9281,809,77004
20,77833,918,0.0,9282,809,77024
19,77852,918,0.0,9283,809,77043
3,77855,918,0.0,9284,809,77046
12,77867,919,1.0,9285,809,77058
2,77869,919,0.0,9286,809,77060
5,77874,919,0.0,9287,809,77065
6,77880,919,0.0,9288,809,77071
6,77886,919,0.0,9289,809,77077
13,77899,919,0.0,9290,809,77090
3,77902,919,0.0,9291,809,77093
3,77905,919,0.0,9292,809,77096
16,77921,919,0.0,9293,809,77112
9,77930,919,0.0,9294,809,77121
9,77939,919,0.0,9295,809,77130
9,77948,919,0.0,9296,809,77139
3,77951,919,0.0,9297,809,77142
2,77953,919,0.0,9298,809,77144
3,77956,919,0.0,9299,809,77147
12,77968,920,1.0,9300,809,77159
3,77971,920,0.0,9301,809,77162
16,77987,921,1.0,9302,809,77178
2,77989,921,0.0,9303,809,77180
10,77999,921,0.0,9304,809,77190
2,78001,921,0.0,9305,809,77192
8,78009,921,0.0,9306,809,77200
10,78019,921,0.0,9307,809,77210
12,78031,922,1.0,9308,809,77222
9,78040,922,0.0,9309,809,77231
14,78054,922,0.0,9310,809,77245
2,78056,922,0.0,9311,809,77247
12,78068,923,1.0,9312,809,77259
12,78080,923,0.0,9313,809,77271
27,78107,924,1.0,9314,809,77298
6,78113,924,0.0,9315,809,77304
10,78123,924,0.0,9316,809,77314
5,78128,924,0.0,9317,809,77319
4,78132,924,0.0,9318,809,77323
6,78138,924,0.0,9319,809,77329
7,78145,924,0.0,9320,809,77336
6,78151,924,0.0,9321,809,77342
6,78157,924,0.0,9322,809,77348
4,78161,924,0.0,9323,809,77352
12,78173,925,1.0,9324,809,77364
3,78176,925,0.0,9325,809,77367
5,78181,925,0.0,9326,809,77372
2,78183,925,0.0,9327,809,77374
3,78186,925,0.0,9328,809,77377
3,78189,925,0.0,9329,809,77380
3,78192,925,0.0,9330,809,77383
15,78207,925,0.0,9331,809,77398
11,78218,925,0.0,9332,809,77409
12,78230,926,1.0,9333,809,77421
4,78234,926,0.0,9334,809,77425
4,78238,926,0.0,9335,809,77429
17,78255,926,0.0,9336,809,77446
8,78263,926,0.0,9337,809,77454
12,78275,927,1.0,9338,809,77466
6,78281,927,0.0,9339,809,77472
4,78285,927,0.0,9340,809,77476
6,78291,927,0.0,9341,809,77482
9,78300,927,0.0,9342,809,77491
12,78312,928,1.0,9343,809,77503
6,78318,928,0.0,9344,809,77509
12,78330,929,1.0,9345,809,77521
5,78335,929,0.0,9346,809,77526
14,78349,929,0.0,9347,809,77540
12,78361,929,0.0,9348,809,77552
16,78377,929,0.0,9349,809,77568
4,78381,929,0.0,9350,809,77572
5,78386,929,0.0,9351,809,77577
7,78393,929,0.0,9352,809,77584
18,78411,929,0.0,9353,809,77602
12,78423,929,0.0,9354,809,77614
3,78426,929,0.0,9355,809,77617
24,78450,929,0.0,9356,809,77641
6,78456,929,0.0,9357,809,77647
6,78462,929,0.0,9358,809,77653
3,78465,929,0.0,9359,809,77656
8,78473,929,0.0,9360,809,77664
16,78489,930,1.0,9361,809,77680
13,78502,930,0.0,9362,809,77693
2,78504,930,0.0,9363,809,77695
2,78506,930,0.0,9364,809,77697
8,78514,930,0.0,9365,809,77705
3,78517,930,0.0,9366,809,77708
9,78526,930,0.0,9367,809,77717
15,78541,930,0.0,9368,809,77732
2,78543,930,0.0,9369,809,77734
5,78548,930,0.0,9370,809,77739
7,78555,930,0.0,9371,809,77746
4,78559,930,0.0,9372,809,77750
2,78561,930,0.0,9373,809,77752
9,78570,930,0.0,9374,809,77761
12,78582,931,1.0,9375,809,77773
8,78590,931,0.0,9376,809,77781
2,78592,931,0.0,9377,809,77783
27,78619,931,0.0,9378,809,77810
25,78644,931,0.0,9379,809,77835
18,78662,932,1.0,9380,809,77853
4,78666,932,0.0,9381,809,77857
6,78672,932,0.0,9382,809,77863
17,78689,932,0.0,9383,809,77880
4,78693,932,0.0,9384,809,77884
2,78695,932,0.0,9385,809,77886
7,78702,932,0.0,9386,809,77893
2,78704,932,0.0,9387,809,77895
5,78709,932,0.0,9388,809,77900
7,78716,932,0.0,9389,809,77907
2,78718,932,0.0,9390,809,77909
12,78730,933,1.0,9391,809,77921
6,78736,933,0.0,9392,809,77927
2,78738,933,0.0,9393,809,77929
9,78747,933,0.0,9394,809,77938
16,78763,934,1.0,9395,809,77954
2,78765,934,0.0,9396,809,77956
11,78776,934,0.0,9397,809,77967
4,78780,934,0.0,9398,809,77971
12,78792,935,1.0,9399,809,77983
7,78799,935,0.0,9400,809,77990
18,78817,935,0.0,9401,809,78008
11,78828,935,0.0,9402,809,78019
5,78833,935,0.0,9403,809,78024
4,78837,935,0.0,9404,809,78028
10,78847,935,0.0,9405,809,78038
2,78849,935,0.0,9406,809,78040
16,78865,935,0.0,9407,809,78056
6,78871,935,0.0,9408,809,78062
6,78877,935,0.0,9409,809,78068
10,78887,935,0.0,9410,809,78078
14,78901,935,0.0,9411,809,78092
6,78907,935,0.0,9412,809,78098
2,78909,935,0.0,9413,809,78100
12,78921,936,1.0,9414,809,78112
2,78923,936,0.0,9415,809,78114
8,78931,936,0.0,9416,809,78122
2,78933,936,0.0,9417,809,78124
3,78936,936,0.0,9418,809,78127
3,78939,936,0.0,9419,809,78130
3,78942,936,0.0,9420,809,78133
2,78944,936,0.0,9421,809,78135
12,78956,937,1.0,9422,809,78147
2,78958,937,0.0,9423,809,78149
3,78961,937,0.0,9424,809,78152
21,78982,937,0.0,9425,809,78173
12,78994,938,1.0,9426,809,78185
7,79001,938,0.0,9427,809,78192
6,79007,938,0.0,9428,809,78198
16,79023,938,0.0,9429,809,78214
11,79034,938,0.0,9430,809,78225
4,79038,938,0.0,9431,809,78229
2,79040,938,0.0,9432,809,78231
7,79047,938,0.0,9433,809,78238
12,79059,939,1.0,9434,809,78250
5,79064,939,0.0,9435,809,78255
25,79089,939,0.0,9436,809,78280
4,79093,939,0.0,9437,809,78284
9,79102,939,0.0,9438,809,78293
4,79106,939,0.0,9439,809,78297
2,79108,939,0.0,9440,809,78299
13,79121,939,0.0,9441,809,78312
7,79128,939,0.0,9442,809,78319
7,79135,939,0.0,9443,809,78326
11,79146,939,0.0,9444,809,78337
2,79148,939,0.0,9445,809,78339
14,79162,939,0.0,9446,809,78353
7,79169,939,0.0,9447,809,78360
6,79175,939,0.0,9448,809,78366
4,79179,939,0.0,9449,809,78370
2,79181,939,0.0,9450,809,78372
6,79187,939,0.0,9451,809,78378
6,79193,939,0.0,9452,809,78384
12,79205,939,0.0,9453,809,78396
2,79207,939,0.0,9454,809,78398
7,79214,939,0.0,9455,809,78405
6,79220,939,0.0,9456,809,78411
20,79240,939,0.0,9457,809,78431
12,79252,940,1.0,9458,809,78443
5,79257,940,0.0,9459,809,78448
3,79260,940,0.0,9460,809,78451
13,79273,940,0.0,9461,809,78464
20,79293,940,0.0,9462,809,78484
2,79295,940,0.0,9463,809,78486
2,79297,940,0.0,9464,809,78488
12,79309,941,1.0,9465,809,78500
2,79311,941,0.0,9466,809,78502
10,79321,941,0.0,9467,809,78512
5,79326,941,0.0,9468,809,78517
6,79332,941,0.0,9469,809,78523
7,79339,941,0.0,9470,809,78530
9,79348,941,0.0,9471,809,78539
2,79350,941,0.0,9472,809,78541
2,79352,941,0.0,9473,809,78543
12,79364,942,1.0,9474,809,78555
8,79372,942,0.0,9475,809,78563
10,79382,942,0.0,9476,809,78573
16,79398,943,1.0,9477,809,78589
9,79407,944,1.0,9478,809,78598
11,79418,944,0.0,9479,809,78609
3,79421,944,0.0,9480,809,78612
2,79423,944,0.0,9481,809,78614
3,79426,944,0.0,9482,809,78617
5,79431,944,0.0,9483,809,78622
11,79442,944,0.0,9484,809,78633
2,79444,944,0.0,9485,809,78635
12,79456,944,0.0,9486,809,78647
11,79467,944,0.0,9487,809,78658
2,79469,944,0.0,9488,809,78660
7,79476,944,0.0,9489,809,78667
12,79488,944,0.0,9490,809,78679
29,79517,944,0.0,9491,809,78708
6,79523,944,0.0,9492,809,78714
16,79539,944,0.0,9493,809,78730
3,79542,944,0.0,9494,809,78733
12,79554,944,0.0,9495,809,78745
12,79566,945,1.0,9496,809,78757
13,79579,945,0.0,9497,809,78770
6,79585,945,0.0,9498,809,78776
3,79588,945,0.0,9499,809,78779
12,79600,946,1.0,9500,809,78791
2,79602,946,0.0,9501,809,78793
8,79610,946,0.0,9502,809,78801
3,79613,946,0.0,9503,809,78804
2,79615,946,0.0,9504,809,78806
3,79618,946,0.0,9505,809,78809
2,79620,946,0.0,9506,809,78811
7,79627,946,0.0,9507,809,78818
6,79633,946,0.0,9508,809,78824
15,79648,946,0.0,9509,809,78839
19,79667,946,0.0,9510,809,78858
12,79679,946,0.0,9511,809,78870
24,79703,946,0.0,9512,809,78894
3,79706,946,0.0,9513,809,78897
19,79725,946,0.0,9514,809,78916
9,79734,946,0.0,9515,809,78925
4,79738,946,0.0,9516,809,78929
4,79742,946,0.0,9517,809,78933
6,79748,946,0.0,9518,809,78939
10,79758,946,0.0,9519,809,78949
13,79771,946,0.0,9520,809,78962
4,79775,946,0.0,9521,809,78966
4,79779,946,0.0,9522,809,78970
6,79785,946,0.0,9523,809,78976
2,79787,946,0.0,9524,809,78978
14,79801,946,0.0,9525,809,78992
24,79825,946,0.0,9526,809,79016
12,79837,947,1.0,9527,809,79028
2,79839,947,0.0,9528,809,79030
9,79848,947,0.0,9529,809,79039
25,79873,947,0.0,9530,809,79064
5,79878,947,0.0,9531,809,79069
10,79888,947,0.0,9532,809,79079
28,79916,947,0.0,9533,809,79107
6,79922,947,0.0,9534,809,79113
6,79928,947,0.0,9535,809,79119
11,79939,947,0.0,9536,809,79130
23,79962,947,0.0,9537,809,79153
5,79967,947,0.0,9538,809,79158
6,79973,947,0.0,9539,809,79164
15,79988,947,0.0,9540,809,79179
6,79994,947,0.0,9541,809,79185
11,80005,947,0.0,9542,809,79196
7,80012,947,0.0,9543,809,79203
6,80018,947,0.0,9544,809,79209
2,80020,947,0.0,9545,809,79211
9,80029,947,0.0,9546,809,79220
3,80032,947,0.0,9547,809,79223
10,80042,947,0.0,9548,809,79233
12,80054,947,0.0,9549,809,79245
5,80059,947,0.0,9550,809,79250
15,80074,947,0.0,9551,809,79265
4,80078,947,0.0,9552,809,79269
9,80087,947,0.0,9553,809,79278
15,80102,947,0.0,9554,809,79293
3,80105,947,0.0,9555,809,79296
3,80108,947,0.0,9556,809,79299
3,80111,947,0.0,9557,809,79302
12,80123,948,1.0,9558,809,79314
6,80129,948,0.0,9559,809,79320
12,80141,949,1.0,9560,809,79332
12,80153,950,1.0,9561,809,79344
4,80157,950,0.0,9562,809,79348
4,80161,950,0.0,9563,809,79352
12,80173,951,1.0,9564,809,79364
11,80184,951,0.0,9565,809,79375
4,80188,951,0.0,9566,809,79379
6,80194,951,0.0,9567,809,79385
4,80198,951,0.0,9568,809,79389
2,80200,951,0.0,9569,809,79391
9,80209,952,1.0,9570,809,79400
11,80220,952,0.0,9571,809,79411
4,80224,952,0.0,9572,809,79415
12,80236,953,1.0,9573,809,79427
5,80241,953,0.0,9574,809,79432
7,80248,953,0.0,9575,809,79439
4,80252,953,0.0,9576,809,79443
12,80264,954,1.0,9577,809,79455
15,80279,954,0.0,9578,809,79470
5,80284,954,0.0,9579,809,79475
5,80289,954,0.0,9580,809,79480
12,80301,955,1.0,9581,809,79492
4,80305,955,0.0,9582,809,79496
33,80338,955,0.0,9583,809,79529
5,80343,955,0.0,9584,809,79534
12,80355,955,0.0,9585,809,79546
8,80363,955,0.0,9586,809,79554
12,80375,956,1.0,9587,809,79566
12,80387,956,0.0,9588,809,79578
10,80397,956,0.0,9589,809,79588
3,80400,956,0.0,9590,809,79591
8,80408,956,0.0,9591,809,79599
2,80410,956,0.0,9592,809,79601
6,80416,956,0.0,9593,809,79607
15,80431,956,0.0,9594,809,79622
12,80443,957,1.0,9595,809,79634
7,80450,957,0.0,9596,809,79641
11,80461,957,0.0,9597,809,79652
12,80473,958,1.0,9598,809,79664
4,80477,958,0.0,9599,809,79668
12,80489,959,1.0,9600,809,79680
12,80501,960,1.0,9601,809,79692
7,80508,960,0.0,9602,809,79699
4,80512,960,0.0,9603,809,79703
8,80520,960,0.0,9604,809,79711
8,80528,960,0.0,9605,809,79719
6,80534,960,0.0,9606,809,79725
6,80540,960,0.0,9607,809,79731
6,80546,960,0.0,9608,809,79737
6,80552,960,0.0,9609,809,79743
15,80567,960,0.0,9610,809,79758
6,80573,960,0.0,9611,809,79764
3,80576,960,0.0,9612,809,79767
10,80586,960,0.0,9613,809,79777
12,80598,961,1.0,9614,809,79789
6,80604,961,0.0,9615,809,79795
5,80609,961,0.0,9616,809,79800
13,80622,961,0.0,9617,809,79813
4,80626,961,0.0,9618,809,79817
9,80635,962,1.0,9619,809,79826
7,80642,962,0.0,9620,809,79833
18,80660,962,0.0,9621,809,79851
6,80666,962,0.0,9622,809,79857
4,80670,962,0.0,9623,809,79861
25,80695,962,0.0,9624,809,79886
6,80701,962,0.0,9625,809,79892
5,80706,962,0.0,9626,809,79897
5,80711,962,0.0,9627,809,79902
6,80717,962,0.0,9628,809,79908
3,80720,962,0.0,9629,809,79911
8,80728,962,0.0,9630,809,79919
24,80752,962,0.0,9631,809,79943
6,80758,962,0.0,9632,809,79949
12,80770,963,1.0,9633,809,79961
6,80776,963,0.0,9634,809,79967
2,80778,963,0.0,9635,809,79969
6,80784,963,0.0,9636,809,79975
15,80799,963,0.0,9637,809,79990
6,80805,963,0.0,9638,809,79996
13,80818,963,0.0,9639,809,80009
2,80820,963,0.0,9640,809,80011
9,80829,963,0.0,9641,809,80020
8,80837,963,0.0,9642,809,80028
4,80841,963,0.0,9643,809,80032
7,80848,963,0.0,9644,809,80039
2,80850,963,0.0,9645,809,80041
4,80854,963,0.0,9646,809,80045
3,80857,963,0.0,9647,809,80048
12,80869,964,1.0,9648,809,80060
3,80872,964,0.0,9649,809,80063
2,80874,964,0.0,9650,809,80065
12,80886,965,1.0,9651,809,80077
9,80895,965,0.0,9652,809,80086
16,80911,965,0.0,9653,809,80102
16,80927,965,0.0,9654,809,80118
5,80932,965,0.0,9655,809,80123
9,80941,965,0.0,9656,809,80132
13,80954,965,0.0,9657,809,80145
15,80969,965,0.0,9658,809,80160
2,80971,965,0.0,9659,809,80162
6,80977,965,0.0,9660,809,80168
10,80987,965,0.0,9661,809,80178
6,80993,965,0.0,9662,809,80184
6,80999,965,0.0,9663,809,80190
6,81005,965,0.0,9664,809,80196
25,81030,965,0.0,9665,809,80221
6,81036,965,0.0,9666,809,80227
3,81039,965,0.0,9667,809,80230
10,81049,965,0.0,9668,809,80240
11,81060,965,0.0,9669,809,80251
11,81071,965,0.0,9670,809,80262
3,81074,965,0.0,9671,809,80265
11,81085,965,0.0,9672,809,80276
41,81126,965,0.0,9673,809,80317
12,81138,966,1.0,9674,809,80329
7,81145,966,0.0,9675,809,80336
2,81147,966,0.0,9676,809,80338
10,81157,966,0.0,9677,809,80348
11,81168,966,0.0,9678,809,80359
2,81170,966,0.0,9679,809,80361
8,81178,966,0.0,9680,809,80369
2,81180,966,0.0,9681,809,80371
6,81186,966,0.0,9682,809,80377
9,81195,966,0.0,9683,809,80386
6,81201,966,0.0,9684,809,80392
4,81205,966,0.0,9685,809,80396
2,81207,966,0.0,9686,809,80398
2,81209,966,0.0,9687,809,80400
6,81215,966,0.0,9688,809,80406
4,81219,966,0.0,9689,809,80410
33,81252,966,0.0,9690,809,80443
7,81259,966,0.0,9691,809,80450
11,81270,966,0.0,9692,809,80461
10,81280,966,0.0,9693,809,80471
2,81282,966,0.0,9694,809,80473
2,81284,966,0.0,9695,809,80475
5,81289,966,0.0,9696,809,80480
3,81292,966,0.0,9697,809,80483
28,81320,966,0.0,9698,809,80511
3,81323,966,0.0,9699,809,80514
7,81330,966,0.0,9700,809,80521
5,81335,966,0.0,9701,809,80526
16,81351,967,1.0,9702,809,80542
10,81361,967,0.0,9703,809,80552
4,81365,967,0.0,9704,809,80556
3,81368,967,0.0,9705,809,80559
8,81376,967,0.0,9706,809,80567
16,81392,968,1.0,9707,809,80583
6,81398,968,0.0,9708,809,80589
4,81402,968,0.0,9709,809,80593
3,81405,968,0.0,9710,809,80596
6,81411,968,0.0,9711,809,80602
12,81423,969,1.0,9712,809,80614
6,81429,969,0.0,9713,809,80620
2,81431,969,0.0,9714,809,80622
9,81440,969,0.0,9715,809,80631
3,81443,969,0.0,9716,809,80634
7,81450,969,0.0,9717,809,80641
8,81458,969,0.0,9718,809,80649
2,81460,969,0.0,9719,809,80651
10,81470,969,0.0,9720,809,80661
5,81475,969,0.0,9721,809,80666
8,81483,969,0.0,9722,809,80674
2,81485,969,0.0,9723,809,80676
12,81497,970,1.0,9724,809,80688
5,81502,970,0.0,9725,809,80693
5,81507,970,0.0,9726,809,80698
11,81518,970,0.0,9727,809,80709
16,81534,970,0.0,9728,809,80725
4,81538,970,0.0,9729,809,80729
2,81540,970,0.0,9730,809,80731
7,81547,970,0.0,9731,809,80738
2,81549,970,0.0,9732,809,80740
4,81553,970,0.0,9733,809,80744
6,81559,970,0.0,9734,809,80750
5,81564,970,0.0,9735,809,80755
11,81575,970,0.0,9736,809,80766
4,81579,970,0.0,9737,809,80770
4,81583,970,0.0,9738,809,80774
3,81586,970,0.0,9739,809,80777
16,81602,971,1.0,9740,809,80793
6,81608,971,0.0,9741,809,80799
2,81610,971,0.0,9742,809,80801
7,81617,971,0.0,9743,809,80808
6,81623,971,0.0,9744,809,80814
12,81635,972,1.0,9745,809,80826
6,81641,972,0.0,9746,809,80832
12,81653,973,1.0,9747,809,80844
9,81662,973,0.0,9748,809,80853
10,81672,973,0.0,9749,809,80863
16,81688,973,0.0,9750,809,80879
12,81700,974,1.0,9751,809,80891
4,81704,974,0.0,9752,809,80895
11,81715,974,0.0,9753,809,80906
12,81727,974,0.0,9754,809,80918
7,81734,974,0.0,9755,809,80925
10,81744,974,0.0,9756,809,80935
12,81756,975,1.0,9757,809,80947
3,81759,975,0.0,9758,809,80950
9,81768,975,0.0,9759,809,80959
16,81784,976,1.0,9760,809,80975
6,81790,976,0.0,9761,809,80981
13,81803,976,0.0,9762,809,80994
12,81815,977,1.0,9763,809,81006
7,81822,977,0.0,9764,809,81013
9,81831,977,0.0,9765,809,81022
3,81834,977,0.0,9766,809,81025
3,81837,977,0.0,9767,809,81028
6,81843,977,0.0,9768,809,81034
13,81856,977,0.0,9769,809,81047
5,81861,977,0.0,9770,809,81052
3,81864,977,0.0,9771,809,81055
16,81880,978,1.0,9772,809,81071
8,81888,978,0.0,9773,809,81079
2,81890,978,0.0,9774,809,81081
8,81898,978,0.0,9775,809,81089
13,81911,978,0.0,9776,809,81102
29,81940,978,0.0,9777,809,81131
7,81947,978,0.0,9778,809,81138
7,81954,978,0.0,9779,809,81145
6,81960,978,0.0,9780,809,81151
2,81962,978,0.0,9781,809,81153
14,81976,978,0.0,9782,809,81167
3,81979,978,0.0,9783,809,81170
9,81988,978,0.0,9784,809,81179
9,81997,978,0.0,9785,809,81188
3,82000,978,0.0,9786,809,81191
3,82003,978,0.0,9787,809,81194
11,82014,978,0.0,9788,809,81205
6,82020,978,0.0,9789,809,81211
9,82029,978,0.0,9790,809,81220
8,82037,978,0.0,9791,809,81228
7,82044,978,0.0,9792,809,81235
15,82059,978,0.0,9793,809,81250
15,82074,978,0.0,9794,809,81265
5,82079,978,0.0,9795,809,81270
2,82081,978,0.0,9796,809,81272
3,82084,978,0.0,9797,809,81275
4,82088,978,0.0,9798,809,81279
7,82095,978,0.0,9799,809,81286
8,82103,978,0.0,9800,809,81294
6,82109,978,0.0,9801,809,81300
9,82118,979,1.0,9802,809,81309
12,82130,980,1.0,9803,809,81321
6,82136,980,0.0,9804,809,81327
24,82160,980,0.0,9805,809,81351
8,82168,980,0.0,9806,809,81359
9,82177,980,0.0,9807,809,81368
13,82190,980,0.0,9808,809,81381
17,82207,980,0.0,9809,809,81398
6,82213,980,0.0,9810,809,81404
12,82225,981,1.0,9811,809,81416
7,82232,981,0.0,9812,809,81423
9,82241,981,0.0,9813,809,81432
5,82246,981,0.0,9814,809,81437
3,82249,981,0.0,9815,809,81440
9,82258,981,0.0,9816,809,81449
12,82270,982,1.0,9817,809,81461
6,82276,982,0.0,9818,809,81467
12,82288,983,1.0,9819,809,81479
3,82291,983,0.0,9820,809,81482
12,82303,983,0.0,9821,809,81494
2,82305,983,0.0,9822,809,81496
4,82309,983,0.0,9823,809,81500
4,82313,983,0.0,9824,809,81504
12,82325,983,0.0,9825,809,81516
11,82336,983,0.0,9826,809,81527
2,82338,983,0.0,9827,809,81529
12,82350,984,1.0,9828,809,81541
5,82355,984,0.0,9829,809,81546
3,82358,984,0.0,9830,809,81549
4,82362,984,0.0,9831,809,81553
8,82370,984,0.0,9832,809,81561
19,82389,984,0.0,9833,809,81580
2,82391,984,0.0,9834,809,81582
13,82404,984,0.0,9835,809,81595
2,82406,984,0.0,9836,809,81597
2,82408,984,0.0,9837,809,81599
12,82420,985,1.0,9838,809,81611
8,82428,985,0.0,9839,809,81619
12,82440,985,0.0,9840,809,81631
9,82449,985,0.0,9841,809,81640
2,82451,985,0.0,9842,809,81642
13,82464,985,0.0,9843,809,81655
16,82480,986,1.0,9844,809,81671
12,82492,986,0.0,9845,809,81683
10,82502,986,0.0,9846,809,81693
10,82512,986,0.0,9847,809,81703
23,82535,986,0.0,9848,809,81726
4,82539,986,0.0,9849,809,81730
4,82543,986,0.0,9850,809,81734
5,82548,986,0.0,9851,809,81739
4,82552,986,0.0,9852,809,81743
18,82570,986,0.0,9853,809,81761
2,82572,986,0.0,9854,809,81763
8,82580,986,0.0,9855,809,81771
9,82589,986,0.0,9856,809,81780
9,82598,986,0.0,9857,809,81789
12,82610,986,0.0,9858,809,81801
21,82631,986,0.0,9859,809,81822
4,82635,986,0.0,9860,809,81826
2,82637,986,0.0,9861,809,81828
9,82646,987,1.0,9862,809,81837
6,82652,987,0.0,9863,809,81843
13,82665,987,0.0,9864,809,81856
5,82670,987,0.0,9865,809,81861
11,82681,987,0.0,9866,809,81872
16,82697,988,1.0,9867,809,81888
6,82703,988,0.0,9868,809,81894
3,82706,988,0.0,9869,809,81897
23,82729,988,0.0,9870,809,81920
12,82741,989,1.0,9871,809,81932
8,82749,989,0.0,9872,809,81940
5,82754,989,0.0,9873,809,81945
18,82772,989,0.0,9874,809,81963
7,82779,989,0.0,9875,809,81970
8,82787,989,0.0,9876,809,81978
4,82791,989,0.0,9877,809,81982
17,82808,989,0.0,9878,809,81999
12,82820,989,0.0,9879,809,82011
12,82832,989,0.0,9880,809,82023
7,82839,989,0.0,9881,809,82030
12,82851,989,0.0,9882,809,82042
2,82853,989,0.0,9883,809,82044
4,82857,989,0.0,9884,809,82048
8,82865,989,0.0,9885,809,82056
25,82890,989,0.0,9886,809,82081
5,82895,989,0.0,9887,809,82086
13,82908,989,0.0,9888,809,82099
9,82917,989,0.0,9889,809,82108
3,82920,989,0.0,9890,809,82111
4,82924,989,0.0,9891,809,82115
20,82944,989,0.0,9892,809,82135
3,82947,989,0.0,9893,809,82138
6,82953,989,0.0,9894,809,82144
8,82961,989,0.0,9895,809,82152
7,82968,989,0.0,9896,809,82159
12,82980,990,1.0,9897,809,82171
11,82991,990,0.0,9898,809,82182
10,83001,990,0.0,9899,809,82192
10,83011,990,0.0,9900,809,82202
7,83018,990,0.0,9901,809,82209
25,83043,990,0.0,9902,809,82234
12,83055,991,1.0,9903,809,82246
12,83067,992,1.0,9904,809,82258
16,83083,993,1.0,9905,809,82274
6,83089,993,0.0,9906,809,82280
9,83098,993,0.0,9907,809,82289
12,83110,993,0.0,9908,809,82301
37,83147,993,0.0,9909,809,82338
6,83153,993,0.0,9910,809,82344
4,83157,993,0.0,9911,809,82348
6,83163,993,0.0,9912,809,82354
5,83168,993,0.0,9913,809,82359
10,83178,993,0.0,9914,809,82369
6,83184,993,0.0,9915,809,82375
3,83187,993,0.0,9916,809,82378
8,83195,993,0.0,9917,809,82386
13,83208,993,0.0,9918,809,82399
2,83210,993,0.0,9919,809,82401
12,83222,993,0.0,9920,809,82413
13,83235,993,0.0,9921,809,82426
25,83260,993,0.0,9922,809,82451
19,83279,993,0.0,9923,809,82470
12,83291,993,0.0,9924,809,82482
12,83303,993,0.0,9925,809,82494
5,83308,993,0.0,9926,809,82499
2,83310,993,0.0,9927,809,82501
23,83333,993,0.0,9928,809,82524
11,83344,993,0.0,9929,809,82535
8,83352,993,0.0,9930,809,82543
9,83361,993,0.0,9931,809,82552
8,83369,993,0.0,9932,809,82560
22,83391,993,0.0,9933,809,82582
6,83397,993,0.0,9934,809,82588
10,83407,993,0.0,9935,809,82598
4,83411,993,0.0,9936,809,82602
12,83423,993,0.0,9937,809,82614
12,83435,994,1.0,9938,809,82626
7,83442,994,0.0,9939,809,82633
18,83460,994,0.0,9940,809,82651
4,83464,994,0.0,9941,809,82655
9,83473,994,0.0,9942,809,82664
2,83475,994,0.0,9943,809,82666
5,83480,994,0.0,9944,809,82671
3,83483,994,0.0,9945,809,82674
12,83495,995,1.0,9946,809,82686
16,83511,996,1.0,9947,809,82702
7,83518,996,0.0,9948,809,82709
4,83522,996,0.0,9949,809,82713
5,83527,996,0.0,9950,809,82718
7,83534,996,0.0,9951,809,82725
16,83550,997,1.0,9952,809,82741
5,83555,997,0.0,9953,809,82746
11,83566,997,0.0,9954,809,82757
12,83578,997,0.0,9955,809,82769
13,83591,997,0.0,9956,809,82782
12,83603,998,1.0,9957,809,82794
3,83606,998,0.0,9958,809,82797
11,83617,998,0.0,9959,809,82808
31,83648,999,1.0,9960,809,82839
12,83660,1000,1.0,9961,809,82851
8,83668,1000,0.0,9962,809,82859
4,83672,1000,0.0,9963,809,82863
27,83699,1000,0.0,9964,809,82890
12,83711,1000,0.0,9965,809,82902
18,83729,1000,0.0,9966,809,82920
9,83738,1000,0.0,9967,809,82929
8,83746,1000,0.0,9968,809,82937
12,83758,1001,1.0,9969,809,82949
6,83764,1001,0.0,9970,809,82955
13,83777,1001,0.0,9971,809,82968
6,83783,1001,0.0,9972,809,82974
10,83793,1001,0.0,9973,809,82984
3,83796,1001,0.0,9974,809,82987
3,83799,1001,0.0,9975,809,82990
28,83827,1001,0.0,9976,809,83018
12,83839,1002,1.0,9977,809,83030
2,83841,1002,0.0,9978,809,83032
7,83848,1002,0.0,9979,809,83039
7,83855,1002,0.0,9980,809,83046
5,83860,1002,0.0,9981,809,83051
9,83869,1002,0.0,9982,809,83060
18,83887,1003,1.0,9983,809,83078
9,83896,1003,0.0,9984,809,83087
8,83904,1003,0.0,9985,809,83095
2,83906,1003,0.0,9986,809,83097
2,83908,1003,0.0,9987,809,83099
8,83916,1003,0.0,9988,809,83107
2,83918,1003,0.0,9989,809,83109
6,83924,1003,0.0,9990,809,83115
2,83926,1003,0.0,9991,809,83117
18,83944,1003,0.0,9992,809,83135
6,83950,1003,0.0,9993,809,83141
12,83962,1004,1.0,9994,809,83153
12,83974,1005,1.0,9995,809,83165
3,83977,1005,0.0,9996,809,83168
6,83983,1005,0.0,9997,809,83174
13,83996,1005,0.0,9998,809,83187
8,84004,1005,0.0,9999,809,83195
12,84016,1006,1.0,10000,809,83207
8,84024,1006,0.0,10001,809,83215
2,84026,1006,0.0,10002,809,83217
13,84039,1006,0.0,10003,809,83230
3,84042,1006,0.0,10004,809,83233
7,84049,1006,0.0,10005,809,83240
12,84061,1006,0.0,10006,809,83252
41,84102,1006,0.0,10007,809,83293
2,84104,1006,0.0,10008,809,83295
7,84111,1006,0.0,10009,809,83302
6,84117,1006,0.0,10010,809,83308
4,84121,1006,0.0,10011,809,83312
9,84130,1006,0.0,10012,809,83321
3,84133,1006,0.0,10013,809,83324
4,84137,1006,0.0,10014,809,83328
29,84166,1006,0.0,10015,809,83357
5,84171,1006,0.0,10016,809,83362
13,84184,1006,0.0,10017,809,83375
32,84216,1006,0.0,10018,809,83407
2,84218,1006,0.0,10019,809,83409
12,84230,1006,0.0,10020,809,83421
12,84242,1007,1.0,10021,809,83433
18,84260,1007,0.0,10022,809,83451
7,84267,1007,0.0,10023,809,83458
12,84279,1008,1.0,10024,809,83470
6,84285,1008,0.0,10025,809,83476
12,84297,1009,1.0,10026,809,83488
9,84306,1009,0.0,10027,809,83497
16,84322,1010,1.0,10028,809,83513
4,84326,1010,0.0,10029,809,83517
7,84333,1010,0.0,10030,809,83524
11,84344,1010,0.0,10031,809,83535
12,84356,1010,0.0,10032,809,83547
4,84360,1010,0.0,10033,809,83551
8,84368,1010,0.0,10034,809,83559
13,84381,1010,0.0,10035,809,83572
2,84383,1010,0.0,10036,809,83574
4,84387,1010,0.0,10037,809,83578
7,84394,1010,0.0,10038,809,83585
5,84399,1010,0.0,10039,809,83590
3,84402,1010,0.0,10040,809,83593
4,84406,1010,0.0,10041,809,83597
13,84419,1010,0.0,10042,809,83610
14,84433,1010,0.0,10043,809,83624
5,84438,1010,0.0,10044,809,83629
7,84445,1010,0.0,10045,809,83636
6,84451,1010,0.0,10046,809,83642
2,84453,1010,0.0,10047,809,83644
2,84455,1010,0.0,10048,809,83646
10,84465,1010,0.0,10049,809,83656
8,84473,1010,0.0,10050,809,83664
11,84484,1010,0.0,10051,809,83675
6,84490,1010,0.0,10052,809,83681
12,84502,1011,1.0,10053,809,83693
8,84510,1011,0.0,10054,809,83701
7,84517,1011,0.0,10055,809,83708
6,84523,1011,0.0,10056,809,83714
12,84535,1011,0.0,10057,809,83726
9,84544,1012,1.0,10058,809,83735
4,84548,1012,0.0,10059,809,83739
12,84560,1013,1.0,10060,809,83751
5,84565,1013,0.0,10061,809,83756
5,84570,1013,0.0,10062,809,83761
6,84576,1013,0.0,10063,809,83767
9,84585,1013,0.0,10064,809,83776
12,84597,1014,1.0,10065,809,83788
16,84613,1015,1.0,10066,809,83804
10,84623,1015,0.0,10067,809,83814
9,84632,1016,1.0,10068,809,83823
6,84638,1016,0.0,10069,809,83829
16,84654,1017,1.0,10070,809,83845
2,84656,1017,0.0,10071,809,83847
6,84662,1017,0.0,10072,809,83853
7,84669,1017,0.0,10073,809,83860
11,84680,1017,0.0,10074,809,83871
8,84688,1017,0.0,10075,809,83879
7,84695,1017,0.0,10076,809,83886
7,84702,1017,0.0,10077,809,83893
4,84706,1017,0.0,10078,809,83897
4,84710,1017,0.0,10079,809,83901
15,84725,1017,0.0,10080,809,83916
12,84737,1018,1.0,10081,809,83928
14,84751,1018,0.0,10082,809,83942
8,84759,1018,0.0,10083,809,83950
8,84767,1018,0.0,10084,809,83958
9,84776,1018,0.0,10085,809,83967
8,84784,1018,0.0,10086,809,83975
6,84790,1018,0.0,10087,809,83981
3,84793,1018,0.0,10088,809,83984
26,84819,1018,0.0,10089,809,84010
32,84851,1018,0.0,10090,809,84042
16,84867,1019,1.0,10091,809,84058
2,84869,1019,0.0,10092,809,84060
2,84871,1019,0.0,10093,809,84062
5,84876,1019,0.0,10094,809,84067
6,84882,1019,0.0,10095,809,84073
18,84900,1020,1.0,10096,809,84091
6,84906,1020,0.0,10097,809,84097
2,84908,1020,0.0,10098,809,84099
12,84920,1021,1.0,10099,809,84111
10,84930,1021,0.0,10100,809,84121
23,84953,1021,0.0,10101,809,84144
5,84958,1021,0.0,10102,809,84149
18,84976,1021,0.0,10103,809,84167
4,84980,1021,0.0,10104,809,84171
14,84994,1021,0.0,10105,809,84185
11,85005,1021,0.0,10106,809,84196
12,85017,1022,1.0,10107,809,84208
4,85021,1022,0.0,10108,809,84212
12,85033,1023,1.0,10109,809,84224
13,85046,1023,0.0,10110,809,84237
12,85058,1024,1.0,10111,809,84249
4,85062,1024,0.0,10112,809,84253
3,85065,1024,0.0,10113,809,84256
12,85077,1024,0.0,10114,809,84268
2,85079,1024,0.0,10115,809,84270
12,85091,1025,1.0,10116,809,84282
6,85097,1025,0.0,10117,809,84288
4,85101,1025,0.0,10118,809,84292
8,85109,1025,0.0,10119,809,84300
12,85121,1026,1.0,10120,809,84312
4,85125,1026,0.0,10121,809,84316
7,85132,1026,0.0,10122,809,84323
7,85139,1026,0.0,10123,809,84330
3,85142,1026,0.0,10124,809,84333
5,85147,1026,0.0,10125,809,84338
5,85152,1026,0.0,10126,809,84343
10,85162,1026,0.0,10127,809,84353
3,85165,1026,0.0,10128,809,84356
6,85171,1026,0.0,10129,809,84362
6,85177,1026,0.0,10130,809,84368
9,85186,1026,0.0,10131,809,84377
10,85196,1026,0.0,10132,809,84387
4,85200,1026,0.0,10133,809,84391
3,85203,1026,0.0,10134,809,84394
18,85221,1026,0.0,10135,809,84412
3,85224,1026,0.0,10136,809,84415
11,85235,1026,0.0,10137,809,84426
2,85237,1026,0.0,10138,809,84428
12,85249,1027,1.0,10139,809,84440
3,85252,1027,0.0,10140,809,84443
9,85261,1027,0.0,10141,809,84452
3,85264,1027,0.0,10142,809,84455
8,85272,1027,0.0,10143,809,84463
2,85274,1027,0.0,10144,809,84465
2,85276,1027,0.0,10145,809,84467
12,85288,1027,0.0,10146,809,84479
8,85296,1027,0.0,10147,809,84487
3,85299,1027,0.0,10148,809,84490
2,85301,1027,0.0,10149,809,84492
16,85317,1027,0.0,10150,809,84508
12,85329,1028,1.0,10151,809,84520
12,85341,1029,1.0,10152,809,84532
10,85351,1029,0.0,10153,809,84542
20,85371,1029,0.0,10154,809,84562
9,85380,1029,0.0,10155,809,84571
9,85389,1029,0.0,10156,809,84580
12,85401,1030,1.0,10157,809,84592
2,85403,1030,0.0,10158,809,84594
4,85407,1030,0.0,10159,809,84598
11,85418,1030,0.0,10160,809,84609
10,85428,1030,0.0,10161,809,84619
3,85431,1030,0.0,10162,809,84622
6,85437,1030,0.0,10163,809,84628
19,85456,1030,0.0,10164,809,84647
14,85470,1030,0.0,10165,809,84661
12,85482,1031,1.0,10166,809,84673
6,85488,1031,0.0,10167,809,84679
12,85500,1032,1.0,10168,809,84691
18,85518,1032,0.0,10169,809,84709
12,85530,1033,1.0,10170,809,84721
9,85539,1033,0.0,10171,809,84730
12,85551,1033,0.0,10172,809,84742
10,85561,1033,0.0,10173,809,84752
2,85563,1033,0.0,10174,809,84754
5,85568,1033,0.0,10175,809,84759
11,85579,1033,0.0,10176,809,84770
11,85590,1033,0.0,10177,809,84781
15,85605,1033,0.0,10178,809,84796
11,85616,1033,0.0,10179,809,84807
8,85624,1033,0.0,10180,809,84815
16,85640,1034,1.0,10181,809,84831
3,85643,1034,0.0,10182,809,84834
3,85646,1034,0.0,10183,809,84837
7,85653,1034,0.0,10184,809,84844
2,85655,1034,0.0,10185,809,84846
14,85669,1034,0.0,10186,809,84860
15,85684,1034,0.0,10187,809,84875
6,85690,1034,0.0,10188,809,84881
2,85692,1034,0.0,10189,809,84883
10,85702,1034,0.0,10190,809,84893
12,85714,1035,1.0,10191,809,84905
7,85721,1035,0.0,10192,809,84912
3,85724,1035,0.0,10193,809,84915
12,85736,1035,0.0,10194,809,84927
2,85738,1035,0.0,10195,809,84929
6,85744,1035,0.0,10196,809,84935
6,85750,1035,0.0,10197,809,84941
11,85761,1035,0.0,10198,809,84952
27,85788,1035,0.0,10199,809,84979
13,85801,1035,0.0,10200,809,84992
10,85811,1035,0.0,10201,809,85002
13,85824,1035,0.0,10202,809,85015
9,85833,1035,0.0,10203,809,85024
9,85842,1035,0.0,10204,809,85033
7,85849,1035,0.0,10205,809,85040
12,85861,1036,1.0,10206,809,85052
12,85873,1037,1.0,10207,809,85064
20,85893,1037,0.0,10208,809,85084
9,85902,1037,0.0,10209,809,85093
30,85932,1037,0.0,10210,809,85123
5,85937,1037,0.0,10211,809,85128
7,85944,1037,0.0,10212,809,85135
2,85946,1037,0.0,10213,809,85137
6,85952,1037,0.0,10214,809,85143
11,85963,1037,0.0,10215,809,85154
6,85969,1037,0.0,10216,809,85160
12,85981,1038,1.0,10217,809,85172
5,85986,1038,0.0,10218,809,85177
7,85993,1038,0.0,10219,809,85184
5,85998,1038,0.0,10220,809,85189
24,86022,1038,0.0,10221,809,85213
4,86026,1038,0.0,10222,809,85217
4,86030,1038,0.0,10223,809,85221
11,86041,1038,0.0,10224,809,85232
7,86048,1038,0.0,10225,809,85239
9,86057,1038,0.0,10226,809,85248
18,86075,1038,0.0,10227,809,85266
5,86080,1038,0.0,10228,809,85271
9,86089,1038,0.0,10229,809,85280
12,86101,1039,1.0,10230,809,85292
7,86108,1039,0.0,10231,809,85299
14,86122,1039,0.0,10232,809,85313
13,86135,1039,0.0,10233,809,85326
12,86147,1040,1.0,10234,809,85338
8,86155,1040,0.0,10235,809,85346
4,86159,1040,0.0,10236,809,85350
15,86174,1040,0.0,10237,809,85365
2,86176,1040,0.0,10238,809,85367
6,86182,1040,0.0,10239,809,85373
8,86190,1040,0.0,10240,809,85381
12,86202,1041,1.0,10241,809,85393
2,86204,1041,0.0,10242,809,85395
6,86210,1041,0.0,10243,809,85401
2,86212,1041,0.0,10244,809,85403
9,86221,1041,0.0,10245,809,85412
2,86223,1041,0.0,10246,809,85414
7,86230,1041,0.0,10247,809,85421
3,86233,1041,0.0,10248,809,85424
8,86241,1041,0.0,10249,809,85432
6,86247,1041,0.0,10250,809,85438
7,86254,1041,0.0,10251,809,85445
9,86263,1041,0.0,10252,809,85454
5,86268,1041,0.0,10253,809,85459
4,86272,1041,0.0,10254,809,85463
3,86275,1041,0.0,10255,809,85466
11,86286,1041,0.0,10256,809,85477
8,86294,1041,0.0,10257,809,85485
3,86297,1041,0.0,10258,809,85488
7,86304,1041,0.0,10259,809,85495
5,86309,1041,0.0,10260,809,85500
16,86325,1042,1.0,10261,809,85516
7,86332,1042,0.0,10262,809,85523
6,86338,1042,0.0,10263,809,85529
3,86341,1042,0.0,10264,809,85532
12,86353,1042,0.0,10265,809,85544
13,86366,1042,0.0,10266,809,85557
29,86395,1042,0.0,10267,809,85586
10,86405,1042,0.0,10268,809,85596
2,86407,1042,0.0,10269,809,85598
8,86415,1042,0.0,10270,809,85606
12,86427,1043,1.0,10271,809,85618
12,86439,1043,0.0,10272,809,85630
4,86443,1043,0.0,10273,809,85634
8,86451,1043,0.0,10274,809,85642
4,86455,1043,0.0,10275,809,85646
14,86469,1043,0.0,10276,809,85660
28,86497,1043,0.0,10277,809,85688
3,86500,1043,0.0,10278,809,85691
12,86512,1044,1.0,10279,809,85703
10,86522,1044,0.0,10280,809,85713
9,86531,1044,0.0,10281,809,85722
12,86543,1045,1.0,10282,809,85734
2,86545,1045,0.0,10283,809,85736
12,86557,1046,1.0,10284,809,85748
11,86568,1046,0.0,10285,809,85759
9,86577,1046,0.0,10286,809,85768
15,86592,1046,0.0,10287,809,85783
8,86600,1046,0.0,10288,809,85791
14,86614,1046,0.0,10289,809,85805
3,86617,1046,0.0,10290,809,85808
9,86626,1046,0.0,10291,809,85817
12,86638,1047,1.0,10292,809,85829
14,86652,1047,0.0,10293,809,85843
2,86654,1047,0.0,10294,809,85845
6,86660,1047,0.0,10295,809,85851
6,86666,1047,0.0,10296,809,85857
20,86686,1047,0.0,10297,809,85877
6,86692,1047,0.0,10298,809,85883
11,86703,1047,0.0,10299,809,85894
11,86714,1047,0.0,10300,809,85905
5,86719,1047,0.0,10301,809,85910
11,86730,1047,0.0,10302,809,85921
13,86743,1047,0.0,10303,809,85934
7,86750,1047,0.0,10304,809,85941
2,86752,1047,0.0,10305,809,85943
19,86771,1047,0.0,10306,809,85962
3,86774,1047,0.0,10307,809,85965
8,86782,1047,0.0,10308,809,85973
5,86787,1047,0.0,10309,809,85978
16,86803,1048,1.0,10310,809,85994
12,86815,1049,1.0,10311,809,86006
25,86840,1049,0.0,10312,809,86031
4,86844,1049,0.0,10313,809,86035
10,86854,1049,0.0,10314,809,86045
8,86862,1049,0.0,10315,809,86053
8,86870,1049,0.0,10316,809,86061
7,86877,1049,0.0,10317,809,86068
7,86884,1049,0.0,10318,809,86075
16,86900,1049,0.0,10319,809,86091
12,86912,1050,1.0,10320,809,86103
12,86924,1051,1.0,10321,809,86115
16,86940,1051,0.0,10322,809,86131
8,86948,1051,0.0,10323,809,86139
6,86954,1051,0.0,10324,809,86145
22,86976,1051,0.0,10325,809,86167
5,86981,1051,0.0,10326,809,86172
8,86989,1051,0.0,10327,809,86180
17,87006,1051,0.0,10328,809,86197
12,87018,1051,0.0,10329,809,86209
12,87030,1052,1.0,10330,809,86221
10,87040,1052,0.0,10331,809,86231
3,87043,1052,0.0,10332,809,86234
11,87054,1052,0.0,10333,809,86245
11,87065,1052,0.0,10334,809,86256
2,87067,1052,0.0,10335,809,86258
3,87070,1052,0.0,10336,809,86261
2,87072,1052,0.0,10337,809,86263
9,87081,1052,0.0,10338,809,86272
9,87090,1052,0.0,10339,809,86281
16,87106,1052,0.0,10340,809,86297
3,87109,1052,0.0,10341,809,86300
20,87129,1052,0.0,10342,809,86320
4,87133,1052,0.0,10343,809,86324
9,87142,1052,0.0,10344,809,86333
10,87152,1052,0.0,10345,809,86343
2,87154,1052,0.0,10346,809,86345
11,87165,1052,0.0,10347,809,86356
17,87182,1052,0.0,10348,809,86373
2,87184,1052,0.0,10349,809,86375
11,87195,1052,0.0,10350,809,86386
13,87208,1052,0.0,10351,809,86399
5,87213,1052,0.0,10352,809,86404
4,87217,1052,0.0,10353,809,86408
8,87225,1052,0.0,10354,809,86416
10,87235,1052,0.0,10355,809,86426
12,87247,1053,1.0,10356,809,86438
2,87249,1053,0.0,10357,809,86440
5,87254,1053,0.0,10358,809,86445
9,87263,1053,0.0,10359,809,86454
7,87270,1053,0.0,10360,809,86461
12,87282,1053,0.0,10361,809,86473
20,87302,1053,0.0,10362,809,86493
7,87309,1053,0.0,10363,809,86500
4,87313,1053,0.0,10364,809,86504
12,87325,1053,0.0,10365,809,86516
16,87341,1054,1.0,10366,809,86532
12,87353,1054,0.0,10367,809,86544
4,87357,1054,0.0,10368,809,86548
5,87362,1054,0.0,10369,809,86553
5,87367,1054,0.0,10370,809,86558
3,87370,1054,0.0,10371,809,86561
14,87384,1054,0.0,10372,809,86575
9,87393,1054,0.0,10373,809,86584
5,87398,1054,0.0,10374,809,86589
8,87406,1054,0.0,10375,809,86597
2,87408,1054,0.0,10376,809,86599
6,87414,1054,0.0,10377,809,86605
7,87421,1054,0.0,10378,809,86612
7,87428,1054,0.0,10379,809,86619
10,87438,1054,0.0,10380,809,86629
2,87440,1054,0.0,10381,809,86631
3,87443,1054,0.0,10382,809,86634
23,87466,1054,0.0,10383,809,86657
7,87473,1054,0.0,10384,809,86664
16,87489,1054,0.0,10385,809,86680
9,87498,1054,0.0,10386,809,86689
2,87500,1054,0.0,10387,809,86691
13,87513,1054,0.0,10388,809,86704
30,87543,1054,0.0,10389,809,86734
2,87545,1054,0.0,10390,809,86736
3,87548,1054,0.0,10391,809,86739
16,87564,1055,1.0,10392,809,86755
2,87566,1055,0.0,10393,809,86757
6,87572,1055,0.0,10394,809,86763
6,87578,1055,0.0,10395,809,86769
12,87590,1055,0.0,10396,809,86781
2,87592,1055,0.0,10397,809,86783
11,87603,1055,0.0,10398,809,86794
4,87607,1055,0.0,10399,809,86798
13,87620,1055,0.0,10400,809,86811
23,87643,1055,0.0,10401,809,86834
2,87645,1055,0.0,10402,809,86836
4,87649,1055,0.0,10403,809,86840
24,87673,1055,0.0,10404,809,86864
4,87677,1055,0.0,10405,809,86868
10,87687,1055,0.0,10406,809,86878
8,87695,1055,0.0,10407,809,86886
13,87708,1055,0.0,10408,809,86899
6,87714,1055,0.0,10409,809,86905
6,87720,1055,0.0,10410,809,86911
9,87729,1055,0.0,10411,809,86920
13,87742,1055,0.0,10412,809,86933
16,87758,1055,0.0,10413,809,86949
10,87768,1055,0.0,10414,809,86959
19,87787,1055,0.0,10415,809,86978
6,87793,1055,0.0,10416,809,86984
18,87811,1055,0.0,10417,809,87002
13,87824,1055,0.0,10418,809,87015
12,87836,1056,1.0,10419,809,87027
6,87842,1056,0.0,10420,809,87033
22,87864,1056,0.0,10421,809,87055
12,87876,1056,0.0,10422,809,87067
15,87891,1056,0.0,10423,809,87082
25,87916,1056,0.0,10424,809,87107
12,87928,1057,1.0,10425,809,87119
6,87934,1057,0.0,10426,809,87125
16,87950,1057,0.0,10427,809,87141
17,87967,1057,0.0,10428,809,87158
18,87985,1057,0.0,10429,809,87176
18,88003,1058,1.0,10430,809,87194
2,88005,1058,0.0,10431,809,87196
8,88013,1058,0.0,10432,809,87204
6,88019,1058,0.0,10433,809,87210
3,88022,1058,0.0,10434,809,87213
13,88035,1058,0.0,10435,809,87226
4,88039,1058,0.0,10436,809,87230
2,88041,1058,0.0,10437,809,87232
22,88063,1058,0.0,10438,809,87254
6,88069,1058,0.0,10439,809,87260
3,88072,1058,0.0,10440,809,87263
26,88098,1058,0.0,10441,809,87289
31,88129,1058,0.0,10442,809,87320
6,88135,1058,0.0,10443,809,87326
10,88145,1058,0.0,10444,809,87336
4,88149,1058,0.0,10445,809,87340
4,88153,1058,0.0,10446,809,87344
4,88157,1058,0.0,10447,809,87348
9,88166,1058,0.0,10448,809,87357
13,88179,1058,0.0,10449,809,87370
10,88189,1058,0.0,10450,809,87380
5,88194,1058,0.0,10451,809,87385
4,88198,1058,0.0,10452,809,87389
3,88201,1058,0.0,10453,809,87392
7,88208,1058,0.0,10454,809,87399
13,88221,1058,0.0,10455,809,87412
9,88230,1058,0.0,10456,809,87421
14,88244,1058,0.0,10457,809,87435
6,88250,1058,0.0,10458,809,87441
4,88254,1058,0.0,10459,809,87445
11,88265,1058,0.0,10460,809,87456
9,88274,1058,0.0,10461,809,87465
6,88280,1058,0.0,10462,809,87471
6,88286,1058,0.0,10463,809,87477
21,88307,1058,0.0,10464,809,87498
12,88319,1058,0.0,10465,809,87510
15,88334,1058,0.0,10466,809,87525
11,88345,1058,0.0,10467,809,87536
14,88359,1058,0.0,10468,809,87550
4,88363,1058,0.0,10469,809,87554
7,88370,1058,0.0,10470,809,87561
18,88388,1058,0.0,10471,809,87579
7,88395,1058,0.0,10472,809,87586
12,88407,1059,1.0,10473,809,87598
14,88421,1059,0.0,10474,809,87612
3,88424,1059,0.0,10475,809,87615
11,88435,1059,0.0,10476,809,87626
16,88451,1059,0.0,10477,809,87642
8,88459,1059,0.0,10478,809,87650
6,88465,1059,0.0,10479,809,87656
6,88471,1059,0.0,10480,809,87662
2,88473,1059,0.0,10481,809,87664
7,88480,1059,0.0,10482,809,87671
2,88482,1059,0.0,10483,809,87673
9,88491,1059,0.0,10484,809,87682
12,88503,1059,0.0,10485,809,87694
2,88505,1059,0.0,10486,809,87696
6,88511,1059,0.0,10487,809,87702
14,88525,1059,0.0,10488,809,87716
8,88533,1059,0.0,10489,809,87724
2,88535,1059,0.0,10490,809,87726
8,88543,1059,0.0,10491,809,87734
10,88553,1059,0.0,10492,809,87744
9,88562,1059,0.0,10493,809,87753
17,88579,1059,0.0,10494,809,87770
12,88591,1060,1.0,10495,809,87782
3,88594,1060,0.0,10496,809,87785
2,88596,1060,0.0,10497,809,87787
21,88617,1060,0.0,10498,809,87808
3,88620,1060,0.0,10499,809,87811
8,88628,1060,0.0,10500,809,87819
2,88630,1060,0.0,10501,809,87821
12,88642,1061,1.0,10502,809,87833
12,88654,1062,1.0,10503,809,87845
27,88681,1062,0.0,10504,809,87872
12,88693,1063,1.0,10505,809,87884
7,88700,1063,0.0,10506,809,87891
7,88707,1063,0.0,10507,809,87898
8,88715,1063,0.0,10508,809,87906
6,88721,1063,0.0,10509,809,87912
4,88725,1063,0.0,10510,809,87916
12,88737,1063,0.0,10511,809,87928
7,88744,1063,0.0,10512,809,87935
12,88756,1064,1.0,10513,809,87947
12,88768,1064,0.0,10514,809,87959
10,88778,1064,0.0,10515,809,87969
3,88781,1064,0.0,10516,809,87972
6,88787,1064,0.0,10517,809,87978
6,88793,1064,0.0,10518,809,87984
12,88805,1065,1.0,10519,809,87996
9,88814,1065,0.0,10520,809,88005
6,88820,1065,0.0,10521,809,88011
12,88832,1065,0.0,10522,809,88023
3,88835,1065,0.0,10523,809,88026
12,88847,1066,1.0,10524,809,88038
4,88851,1066,0.0,10525,809,88042
12,88863,1067,1.0,10526,809,88054
12,88875,1067,0.0,10527,809,88066
12,88887,1068,1.0,10528,809,88078
23,88910,1068,0.0,10529,809,88101
12,88922,1069,1.0,10530,809,88113
3,88925,1069,0.0,10531,809,88116
13,88938,1069,0.0,10532,809,88129
2,88940,1069,0.0,10533,809,88131
8,88948,1069,0.0,10534,809,88139
3,88951,1069,0.0,10535,809,88142
5,88956,1069,0.0,10536,809,88147
11,88967,1069,0.0,10537,809,88158
5,88972,1069,0.0,10538,809,88163
9,88981,1069,0.0,10539,809,88172
4,88985,1069,0.0,10540,809,88176
4,88989,1069,0.0,10541,809,88180
8,88997,1069,0.0,10542,809,88188
12,89009,1070,1.0,10543,809,88200
8,89017,1070,0.0,10544,809,88208
6,89023,1070,0.0,10545,809,88214
4,89027,1070,0.0,10546,809,88218
6,89033,1070,0.0,10547,809,88224
16,89049,1070,0.0,10548,809,88240
3,89052,1070,0.0,10549,809,88243
6,89058,1070,0.0,10550,809,88249
20,89078,1070,0.0,10551,809,88269
12,89090,1070,0.0,10552,809,88281
16,89106,1071,1.0,10553,809,88297
6,89112,1071,0.0,10554,809,88303
3,89115,1071,0.0,10555,809,88306
2,89117,1071,0.0,10556,809,88308
10,89127,1071,0.0,10557,809,88318
7,89134,1071,0.0,10558,809,88325
3,89137,1071,0.0,10559,809,88328
10,89147,1071,0.0,10560,809,88338
7,89154,1071,0.0,10561,809,88345
12,89166,1072,1.0,10562,809,88357
11,89177,1072,0.0,10563,809,88368
9,89186,1072,0.0,10564,809,88377
4,89190,1072,0.0,10565,809,88381
6,89196,1072,0.0,10566,809,88387
12,89208,1073,1.0,10567,809,88399
11,89219,1073,0.0,10568,809,88410
2,89221,1073,0.0,10569,809,88412
6,89227,1073,0.0,10570,809,88418
7,89234,1073,0.0,10571,809,88425
4,89238,1073,0.0,10572,809,88429
11,89249,1073,0.0,10573,809,88440
2,89251,1073,0.0,10574,809,88442
8,89259,1073,0.0,10575,809,88450
5,89264,1073,0.0,10576,809,88455
2,89266,1073,0.0,10577,809,88457
5,89271,1073,0.0,10578,809,88462
12,89283,1074,1.0,10579,809,88474
9,89292,1074,0.0,10580,809,88483
12,89304,1074,0.0,10581,809,88495
4,89308,1074,0.0,10582,809,88499
10,89318,1074,0.0,10583,809,88509
12,89330,1074,0.0,10584,809,88521
4,89334,1074,0.0,10585,809,88525
3,89337,1074,0.0,10586,809,88528
12,89349,1074,0.0,10587,809,88540
11,89360,1074,0.0,10588,809,88551
4,89364,1074,0.0,10589,809,88555
8,89372,1074,0.0,10590,809,88563
3,89375,1074,0.0,10591,809,88566
16,89391,1074,0.0,10592,809,88582
10,89401,1074,0.0,10593,809,88592
3,89404,1074,0.0,10594,809,88595
2,89406,1074,0.0,10595,809,88597
6,89412,1074,0.0,10596,809,88603
12,89424,1075,1.0,10597,809,88615
12,89436,1075,0.0,10598,809,88627
15,89451,1075,0.0,10599,809,88642
9,89460,1075,0.0,10600,809,88651
6,89466,1075,0.0,10601,809,88657
13,89479,1075,0.0,10602,809,88670
6,89485,1075,0.0,10603,809,88676
4,89489,1075,0.0,10604,809,88680
3,89492,1075,0.0,10605,809,88683
6,89498,1075,0.0,10606,809,88689
12,89510,1076,1.0,10607,809,88701
2,89512,1076,0.0,10608,809,88703
10,89522,1076,0.0,10609,809,88713
18,89540,1077,1.0,10610,809,88731
8,89548,1077,0.0,10611,809,88739
2,89550,1077,0.0,10612,809,88741
12,89562,1078,1.0,10613,809,88753
7,89569,1078,0.0,10614,809,88760
4,89573,1078,0.0,10615,809,88764
8,89581,1078,0.0,10616,809,88772
2,89583,1078,0.0,10617,809,88774
8,89591,1078,0.0,10618,809,88782
7,89598,1078,0.0,10619,809,88789
12,89610,1079,1.0,10620,809,88801
16,89626,1079,0.0,10621,809,88817
4,89630,1079,0.0,10622,809,88821
7,89637,1079,0.0,10623,809,88828
3,89640,1079,0.0,10624,809,88831
14,89654,1079,0.0,10625,809,88845
3,89657,1079,0.0,10626,809,88848
2,89659,1079,0.0,10627,809,88850
4,89663,1079,0.0,10628,809,88854
9,89672,1079,0.0,10629,809,88863
16,89688,1080,1.0,10630,809,88879
24,89712,1080,0.0,10631,809,88903
2,89714,1080,0.0,10632,809,88905
3,89717,1080,0.0,10633,809,88908
7,89724,1080,0.0,10634,809,88915
18,89742,1081,1.0,10635,809,88933
25,89767,1081,0.0,10636,809,88958
2,89769,1081,0.0,10637,809,88960
11,89780,1081,0.0,10638,809,88971
6,89786,1081,0.0,10639,809,88977
10,89796,1081,0.0,10640,809,88987
16,89812,1081,0.0,10641,809,89003
2,89814,1081,0.0,10642,809,89005
10,89824,1081,0.0,10643,809,89015
16,89840,1082,1.0,10644,809,89031
3,89843,1082,0.0,10645,809,89034
11,89854,1082,0.0,10646,809,89045
9,89863,1082,0.0,10647,809,89054
2,89865,1082,0.0,10648,809,89056
12,89877,1083,1.0,10649,809,89068
12,89889,1084,1.0,10650,809,89080
7,89896,1084,0.0,10651,809,89087
9,89905,1084,0.0,10652,809,89096
9,89914,1084,0.0,10653,809,89105
12,89926,1084,0.0,10654,809,89117
6,89932,1084,0.0,10655,809,89123
6,89938,1084,0.0,10656,809,89129
6,89944,1084,0.0,10657,809,89135
4,89948,1084,0.0,10658,809,89139
15,89963,1084,0.0,10659,809,89154
12,89975,1085,1.0,10660,809,89166
3,89978,1085,0.0,10661,809,89169
2,89980,1085,0.0,10662,809,89171
2,89982,1085,0.0,10663,809,89173
6,89988,1085,0.0,10664,809,89179
10,89998,1085,0.0,10665,809,89189
21,90019,1085,0.0,10666,809,89210
2,90021,1085,0.0,10667,809,89212
22,90043,1085,0.0,10668,809,89234
5,90048,1085,0.0,10669,809,89239
6,90054,1085,0.0,10670,809,89245
5,90059,1085,0.0,10671,809,89250
4,90063,1085,0.0,10672,809,89254
7,90070,1085,0.0,10673,809,89261
12,90082,1085,0.0,10674,809,89273
6,90088,1085,0.0,10675,809,89279
6,90094,1085,0.0,10676,809,89285
2,90096,1085,0.0,10677,809,89287
2,90098,1085,0.0,10678,809,89289
3,90101,1085,0.0,10679,809,89292
17,90118,1085,0.0,10680,809,89309
2,90120,1085,0.0,10681,809,89311
5,90125,1085,0.0,10682,809,89316
4,90129,1085,0.0,10683,809,89320
3,90132,1085,0.0,10684,809,89323
12,90144,1086,1.0,10685,809,89335
6,90150,1086,0.0,10686,809,89341
9,90159,1086,0.0,10687,809,89350
4,90163,1086,0.0,10688,809,89354
13,90176,1086,0.0,10689,809,89367
8,90184,1086,0.0,10690,809,89375
18,90202,1087,1.0,10691,809,89393
8,90210,1087,0.0,10692,809,89401
3,90213,1087,0.0,10693,809,89404
2,90215,1087,0.0,10694,809,89406
28,90243,1087,0.0,10695,809,89434
7,90250,1087,0.0,10696,809,89441
9,90259,1087,0.0,10697,809,89450
12,90271,1088,1.0,10698,809,89462
2,90273,1088,0.0,10699,809,89464
22,90295,1088,0.0,10700,809,89486
7,90302,1088,0.0,10701,809,89493
10,90312,1088,0.0,10702,809,89503
19,90331,1088,0.0,10703,809,89522
7,90338,1088,0.0,10704,809,89529
5,90343,1088,0.0,10705,809,89534
6,90349,1088,0.0,10706,809,89540
9,90358,1088,0.0,10707,809,89549
9,90367,1088,0.0,10708,809,89558
2,90369,1088,0.0,10709,809,89560
6,90375,1088,0.0,10710,809,89566
12,90387,1089,1.0,10711,809,89578
9,90396,1089,0.0,10712,809,89587
4,90400,1089,0.0,10713,809,89591
6,90406,1089,0.0,10714,809,89597
25,90431,1089,0.0,10715,809,89622
12,90443,1089,0.0,10716,809,89634
12,90455,1089,0.0,10717,809,89646
2,90457,1089,0.0,10718,809,89648
4,90461,1089,0.0,10719,809,89652
12,90473,1090,1.0,10720,809,89664
12,90485,1091,1.0,10721,809,89676
5,90490,1091,0.0,10722,809,89681
4,90494,1091,0.0,10723,809,89685
12,90506,1092,1.0,10724,809,89697
28,90534,1092,0.0,10725,809,89725
7,90541,1092,0.0,10726,809,89732
4,90545,1092,0.0,10727,809,89736
12,90557,1093,1.0,10728,809,89748
4,90561,1093,0.0,10729,809,89752
12,90573,1093,0.0,10730,809,89764
6,90579,1093,0.0,10731,809,89770
3,90582,1093,0.0,10732,809,89773
3,90585,1093,0.0,10733,809,89776
12,90597,1094,1.0,10734,809,89788
4,90601,1094,0.0,10735,809,89792
8,90609,1094,0.0,10736,809,89800
3,90612,1094,0.0,10737,809,89803
8,90620,1094,0.0,10738,809,89811
5,90625,1094,0.0,10739,809,89816
3,90628,1094,0.0,10740,809,89819
2,90630,1094,0.0,10741,809,89821
2,90632,1094,0.0,10742,809,89823
16,90648,1094,0.0,10743,809,89839
12,90660,1095,1.0,10744,809,89851
2,90662,1095,0.0,10745,809,89853
2,90664,1095,0.0,10746,809,89855
9,90673,1095,0.0,10747,809,89864
3,90676,1095,0.0,10748,809,89867
3,90679,1095,0.0,10749,809,89870
8,90687,1095,0.0,10750,809,89878
12,90699,1095,0.0,10751,809,89890
4,90703,1095,0.0,10752,809,89894
12,90715,1096,1.0,10753,809,89906
6,90721,1096,0.0,10754,809,89912
16,90737,1097,1.0,10755,809,89928
2,90739,1097,0.0,10756,809,89930
7,90746,1097,0.0,10757,809,89937
2,90748,1097,0.0,10758,809,89939
2,90750,1097,0.0,10759,809,89941
10,90760,1097,0.0,10760,809,89951
10,90770,1097,0.0,10761,809,89961
10,90780,1097,0.0,10762,809,89971
3,90783,1097,0.0,10763,809,89974
6,90789,1097,0.0,10764,809,89980
3,90792,1097,0.0,10765,809,89983
12,90804,1098,1.0,10766,809,89995
2,90806,1098,0.0,10767,809,89997
16,90822,1099,1.0,10768,809,90013
17,90839,1099,0.0,10769,809,90030
15,90854,1099,0.0,10770,809,90045
6,90860,1099,0.0,10771,809,90051
4,90864,1099,0.0,10772,809,90055
25,90889,1099,0.0,10773,809,90080
47,90936,1099,0.0,10774,809,90127
4,90940,1099,0.0,10775,809,90131
10,90950,1099,0.0,10776,809,90141
11,90961,1099,0.0,10777,809,90152
8,90969,1099,0.0,10778,809,90160
2,90971,1099,0.0,10779,809,90162
2,90973,1099,0.0,10780,809,90164
8,90981,1099,0.0,10781,809,90172
4,90985,1099,0.0,10782,809,90176
16,91001,1100,1.0,10783,809,90192
17,91018,1100,0.0,10784,809,90209
29,91047,1100,0.0,10785,809,90238
11,91058,1100,0.0,10786,809,90249
7,91065,1100,0.0,10787,809,90256
16,91081,1101,1.0,10788,809,90272
16,91097,1102,1.0,10789,809,90288
2,91099,1102,0.0,10790,809,90290
2,91101,1102,0.0,10791,809,90292
2,91103,1102,0.0,10792,809,90294
5,91108,1102,0.0,10793,809,90299
6,91114,1102,0.0,10794,809,90305
12,91126,1103,1.0,10795,809,90317
6,91132,1103,0.0,10796,809,90323
6,91138,1103,0.0,10797,809,90329
19,91157,1103,0.0,10798,809,90348
12,91169,1104,1.0,10799,809,90360
16,91185,1105,1.0,10800,809,90376
5,91190,1105,0.0,10801,809,90381
2,91192,1105,0.0,10802,809,90383
6,91198,1105,0.0,10803,809,90389
3,91201,1105,0.0,10804,809,90392
12,91213,1105,0.0,10805,809,90404
12,91225,1106,1.0,10806,809,90416
11,91236,1106,0.0,10807,809,90427
9,91245,1106,0.0,10808,809,90436
8,91253,1106,0.0,10809,809,90444
4,91257,1106,0.0,10810,809,90448
3,91260,1106,0.0,10811,809,90451
5,91265,1106,0.0,10812,809,90456
12,91277,1106,0.0,10813,809,90468
8,91285,1106,0.0,10814,809,90476
13,91298,1106,0.0,10815,809,90489
2,91300,1106,0.0,10816,809,90491
2,91302,1106,0.0,10817,809,90493
7,91309,1106,0.0,10818,809,90500
3,91312,1106,0.0,10819,809,90503
3,91315,1106,0.0,10820,809,90506
9,91324,1106,0.0,10821,809,90515
12,91336,1107,1.0,10822,809,90527
8,91344,1107,0.0,10823,809,90535
6,91350,1107,0.0,10824,809,90541
8,91358,1107,0.0,10825,809,90549
18,91376,1107,0.0,10826,809,90567
6,91382,1107,0.0,10827,809,90573
10,91392,1107,0.0,10828,809,90583
2,91394,1107,0.0,10829,809,90585
3,91397,1107,0.0,10830,809,90588
6,91403,1107,0.0,10831,809,90594
10,91413,1107,0.0,10832,809,90604
15,91428,1107,0.0,10833,809,90619
6,91434,1107,0.0,10834,809,90625
6,91440,1107,0.0,10835,809,90631
2,91442,1107,0.0,10836,809,90633
7,91449,1107,0.0,10837,809,90640
16,91465,1107,0.0,10838,809,90656
15,91480,1107,0.0,10839,809,90671
4,91484,1107,0.0,10840,809,90675
2,91486,1107,0.0,10841,809,90677
13,91499,1107,0.0,10842,809,90690
4,91503,1107,0.0,10843,809,90694
12,91515,1107,0.0,10844,809,90706
12,91527,1108,1.0,10845,809,90718
6,91533,1108,0.0,10846,809,90724
3,91536,1108,0.0,10847,809,90727
17,91553,1108,0.0,10848,809,90744
10,91563,1108,0.0,10849,809,90754
2,91565,1108,0.0,10850,809,90756
9,91574,1108,0.0,10851,809,90765
6,91580,1108,0.0,10852,809,90771
5,91585,1108,0.0,10853,809,90776
13,91598,1108,0.0,10854,809,90789
6,91604,1108,0.0,10855,809,90795
2,91606,1108,0.0,10856,809,90797
7,91613,1108,0.0,10857,809,90804
13,91626,1108,0.0,10858,809,90817
12,91638,1108,0.0,10859,809,90829
12,91650,1108,0.0,10860,809,90841
20,91670,1108,0.0,10861,809,90861
4,91674,1108,0.0,10862,809,90865
12,91686,1109,1.0,10863,809,90877
12,91698,1110,1.0,10864,809,90889
6,91704,1110,0.0,10865,809,90895
4,91708,1110,0.0,10866,809,90899
10,91718,1110,0.0,10867,809,90909
8,91726,1110,0.0,10868,809,90917
6,91732,1110,0.0,10869,809,90923
10,91742,1110,0.0,10870,809,90933
4,91746,1110,0.0,10871,809,90937
8,91754,1110,0.0,10872,809,90945
2,91756,1110,0.0,10873,809,90947
2,91758,1110,0.0,10874,809,90949
8,91766,1110,0.0,10875,809,90957
11,91777,1110,0.0,10876,809,90968
15,91792,1110,0.0,10877,809,90983
16,91808,1111,1.0,10878,809,90999
6,91814,1111,0.0,10879,809,91005
2,91816,1111,0.0,10880,809,91007
16,91832,1112,1.0,10881,809,91023
6,91838,1112,0.0,10882,809,91029
2,91840,1112,0.0,10883,809,91031
11,91851,1112,0.0,10884,809,91042
4,91855,1112,0.0,10885,809,91046
6,91861,1112,0.0,10886,809,91052
13,91874,1112,0.0,10887,809,91065
9,91883,1112,0.0,10888,809,91074
4,91887,1112,0.0,10889,809,91078
12,91899,1113,1.0,10890,809,91090
2,91901,1113,0.0,10891,809,91092
13,91914,1113,0.0,10892,809,91105
4,91918,1113,0.0,10893,809,91109
2,91920,1113,0.0,10894,809,91111
6,91926,1113,0.0,10895,809,91117
5,91931,1113,0.0,10896,809,91122
5,91936,1113,0.0,10897,809,91127
12,91948,1114,1.0,10898,809,91139
9,91957,1114,0.0,10899,809,91148
6,91963,1114,0.0,10900,809,91154
6,91969,1114,0.0,10901,809,91160
12,91981,1115,1.0,10902,809,91172
3,91984,1115,0.0,10903,809,91175
9,91993,1115,0.0,10904,809,91184
3,91996,1115,0.0,10905,809,91187
3,91999,1115,0.0,10906,809,91190
16,92015,1116,1.0,10907,809,91206
8,92023,1116,0.0,10908,809,91214
12,92035,1117,1.0,10909,809,91226
16,92051,1117,0.0,10910,809,91242
6,92057,1117,0.0,10911,809,91248
4,92061,1117,0.0,10912,809,91252
6,92067,1117,0.0,10913,809,91258
2,92069,1117,0.0,10914,809,91260
2,92071,1117,0.0,10915,809,91262
7,92078,1117,0.0,10916,809,91269
25,92103,1117,0.0,10917,809,91294
9,92112,1117,0.0,10918,809,91303
2,92114,1117,0.0,10919,809,91305
9,92123,1117,0.0,10920,809,91314
3,92126,1117,0.0,10921,809,91317
2,92128,1117,0.0,10922,809,91319
6,92134,1117,0.0,10923,809,91325
6,92140,1117,0.0,10924,809,91331
17,92157,1117,0.0,10925,809,91348
5,92162,1117,0.0,10926,809,91353
2,92164,1117,0.0,10927,809,91355
2,92166,1117,0.0,10928,809,91357
9,92175,1117,0.0,10929,809,91366
3,92178,1117,0.0,10930,809,91369
2,92180,1117,0.0,10931,809,91371
5,92185,1117,0.0,10932,809,91376
11,92196,1117,0.0,10933,809,91387
13,92209,1117,0.0,10934,809,91400
6,92215,1117,0.0,10935,809,91406
2,92217,1117,0.0,10936,809,91408
6,92223,1117,0.0,10937,809,91414
6,92229,1117,0.0,10938,809,91420
18,92247,1117,0.0,10939,809,91438
7,92254,1117,0.0,10940,809,91445
12,92266,1118,1.0,10941,809,91457
14,92280,1118,0.0,10942,809,91471
9,92289,1118,0.0,10943,809,91480
3,92292,1118,0.0,10944,809,91483
14,92306,1118,0.0,10945,809,91497
9,92315,1118,0.0,10946,809,91506
6,92321,1118,0.0,10947,809,91512
2,92323,1118,0.0,10948,809,91514
8,92331,1118,0.0,10949,809,91522
2,92333,1118,0.0,10950,809,91524
3,92336,1118,0.0,10951,809,91527
8,92344,1118,0.0,10952,809,91535
7,92351,1118,0.0,10953,809,91542
11,92362,1118,0.0,10954,809,91553
17,92379,1118,0.0,10955,809,91570
6,92385,1118,0.0,10956,809,91576
12,92397,1118,0.0,10957,809,91588
4,92401,1118,0.0,10958,809,91592
11,92412,1118,0.0,10959,809,91603
6,92418,1118,0.0,10960,809,91609
9,92427,1118,0.0,10961,809,91618
15,92442,1118,0.0,10962,809,91633
12,92454,1118,0.0,10963,809,91645
8,92462,1118,0.0,10964,809,91653
4,92466,1118,0.0,10965,809,91657
11,92477,1118,0.0,10966,809,91668
28,92505,1118,0.0,10967,809,91696
10,92515,1118,0.0,10968,809,91706
5,92520,1118,0.0,10969,809,91711
14,92534,1118,0.0,10970,809,91725
3,92537,1118,0.0,10971,809,91728
8,92545,1118,0.0,10972,809,91736
12,92557,1119,1.0,10973,809,91748
2,92559,1119,0.0,10974,809,91750
2,92561,1119,0.0,10975,809,91752
6,92567,1119,0.0,10976,809,91758
10,92577,1119,0.0,10977,809,91768
12,92589,1120,1.0,10978,809,91780
19,92608,1120,0.0,10979,809,91799
26,92634,1120,0.0,10980,809,91825
12,92646,1121,1.0,10981,809,91837
6,92652,1121,0.0,10982,809,91843
3,92655,1121,0.0,10983,809,91846
12,92667,1122,1.0,10984,809,91858
8,92675,1122,0.0,10985,809,91866
14,92689,1122,0.0,10986,809,91880
4,92693,1122,0.0,10987,809,91884
4,92697,1122,0.0,10988,809,91888
16,92713,1123,1.0,10989,809,91904
4,92717,1123,0.0,10990,809,91908
2,92719,1123,0.0,10991,809,91910
12,92731,1124,1.0,10992,809,91922
6,92737,1124,0.0,10993,809,91928
7,92744,1124,0.0,10994,809,91935
6,92750,1124,0.0,10995,809,91941
3,92753,1124,0.0,10996,809,91944
6,92759,1124,0.0,10997,809,91950
8,92767,1124,0.0,10998,809,91958
12,92779,1125,1.0,10999,809,91970
7,92786,1125,0.0,11000,809,91977
3,92789,1125,0.0,11001,809,91980
3,92792,1125,0.0,11002,809,91983
11,92803,1125,0.0,11003,809,91994
20,92823,1125,0.0,11004,809,92014
7,92830,1125,0.0,11005,809,92021
9,92839,1125,0.0,11006,809,92030
6,92845,1125,0.0,11007,809,92036
12,92857,1126,1.0,11008,809,92048
6,92863,1126,0.0,11009,809,92054
3,92866,1126,0.0,11010,809,92057
10,92876,1126,0.0,11011,809,92067
6,92882,1126,0.0,11012,809,92073
7,92889,1126,0.0,11013,809,92080
11,92900,1126,0.0,11014,809,92091
9,92909,1126,0.0,11015,809,92100
2,92911,1126,0.0,11016,809,92102
12,92923,1126,0.0,11017,809,92114
9,92932,1126,0.0,11018,809,92123
2,92934,1126,0.0,11019,809,92125
29,92963,1126,0.0,11020,809,92154
2,92965,1126,0.0,11021,809,92156
2,92967,1126,0.0,11022,809,92158
8,92975,1126,0.0,11023,809,92166
10,92985,1126,0.0,11024,809,92176
4,92989,1126,0.0,11025,809,92180
8,92997,1126,0.0,11026,809,92188
2,92999,1126,0.0,11027,809,92190
6,93005,1126,0.0,11028,809,92196
11,93016,1126,0.0,11029,809,92207
9,93025,1126,0.0,11030,809,92216
2,93027,1126,0.0,11031,809,92218
5,93032,1126,0.0,11032,809,92223
9,93041,1126,0.0,11033,809,92232
2,93043,1126,0.0,11034,809,92234
3,93046,1126,0.0,11035,809,92237
11,93057,1126,0.0,11036,809,92248
18,93075,1126,0.0,11037,809,92266
6,93081,1126,0.0,11038,809,92272
21,93102,1126,0.0,11039,809,92293
8,93110,1126,0.0,11040,809,92301
7,93117,1126,0.0,11041,809,92308
13,93130,1126,0.0,11042,809,92321
22,93152,1126,0.0,11043,809,92343
8,93160,1126,0.0,11044,809,92351
4,93164,1126,0.0,11045,809,92355
7,93171,1126,0.0,11046,809,92362
4,93175,1126,0.0,11047,809,92366
6,93181,1126,0.0,11048,809,92372
3,93184,1126,0.0,11049,809,92375
2,93186,1126,0.0,11050,809,92377
12,93198,1127,1.0,11051,809,92389
5,93203,1127,0.0,11052,809,92394
5,93208,1127,0.0,11053,809,92399
6,93214,1127,0.0,11054,809,92405
5,93219,1127,0.0,11055,809,92410
9,93228,1127,0.0,11056,809,92419
3,93231,1127,0.0,11057,809,92422
12,93243,1127,0.0,11058,809,92434
11,93254,1127,0.0,11059,809,92445
6,93260,1127,0.0,11060,809,92451
7,93267,1127,0.0,11061,809,92458
13,93280,1127,0.0,11062,809,92471
12,93292,1127,0.0,11063,809,92483
18,93310,1127,0.0,11064,809,92501
31,93341,1127,0.0,11065,809,92532
3,93344,1127,0.0,11066,809,92535
21,93365,1127,0.0,11067,809,92556
12,93377,1128,1.0,11068,809,92568
8,93385,1128,0.0,11069,809,92576
2,93387,1128,0.0,11070,809,92578
7,93394,1128,0.0,11071,809,92585
12,93406,1129,1.0,11072,809,92597
8,93414,1129,0.0,11073,809,92605
7,93421,1129,0.0,11074,809,92612
16,93437,1130,1.0,11075,809,92628
5,93442,1130,0.0,11076,809,92633
14,93456,1130,0.0,11077,809,92647
11,93467,1130,0.0,11078,809,92658
2,93469,1130,0.0,11079,809,92660
2,93471,1130,0.0,11080,809,92662
18,93489,1130,0.0,11081,809,92680
5,93494,1130,0.0,11082,809,92685
12,93506,1131,1.0,11083,809,92697
18,93524,1132,1.0,11084,809,92715
27,93551,1132,0.0,11085,809,92742
4,93555,1132,0.0,11086,809,92746
2,93557,1132,0.0,11087,809,92748
28,93585,1132,0.0,11088,809,92776
5,93590,1132,0.0,11089,809,92781
6,93596,1132,0.0,11090,809,92787
12,93608,1133,1.0,11091,809,92799
20,93628,1133,0.0,11092,809,92819
13,93641,1133,0.0,11093,809,92832
13,93654,1133,0.0,11094,809,92845
12,93666,1133,0.0,11095,809,92857
3,93669,1133,0.0,11096,809,92860
18,93687,1133,0.0,11097,809,92878
10,93697,1133,0.0,11098,809,92888
10,93707,1133,0.0,11099,809,92898
12,93719,1134,1.0,11100,809,92910
14,93733,1134,0.0,11101,809,92924
19,93752,1134,0.0,11102,809,92943
2,93754,1134,0.0,11103,809,92945
11,93765,1134,0.0,11104,809,92956
6,93771,1134,0.0,11105,809,92962
8,93779,1134,0.0,11106,809,92970
10,93789,1134,0.0,11107,809,92980
13,93802,1134,0.0,11108,809,92993
8,93810,1134,0.0,11109,809,93001
2,93812,1134,0.0,11110,809,93003
23,93835,1134,0.0,11111,809,93026
12,93847,1134,0.0,11112,809,93038
12,93859,1135,1.0,11113,809,93050
12,93871,1135,0.0,11114,809,93062
2,93873,1135,0.0,11115,809,93064
4,93877,1135,0.0,11116,809,93068
8,93885,1135,0.0,11117,809,93076
12,93897,1136,1.0,11118,809,93088
5,93902,1136,0.0,11119,809,93093
9,93911,1136,0.0,11120,809,93102
18,93929,1136,0.0,11121,809,93120
11,93940,1136,0.0,11122,809,93131
12,93952,1137,1.0,11123,809,93143
9,93961,1137,0.0,11124,809,93152
6,93967,1137,0.0,11125,809,93158
6,93973,1137,0.0,11126,809,93164
20,93993,1137,0.0,11127,809,93184
7,94000,1137,0.0,11128,809,93191
2,94002,1137,0.0,11129,809,93193
5,94007,1137,0.0,11130,809,93198
3,94010,1137,0.0,11131,809,93201
7,94017,1137,0.0,11132,809,93208
4,94021,1137,0.0,11133,809,93212
3,94024,1137,0.0,11134,809,93215
3,94027,1137,0.0,11135,809,93218
8,94035,1137,0.0,11136,809,93226
4,94039,1137,0.0,11137,809,93230
3,94042,1137,0.0,11138,809,93233
12,94054,1138,1.0,11139,809,93245
6,94060,1138,0.0,11140,809,93251
6,94066,1138,0.0,11141,809,93257
6,94072,1138,0.0,11142,809,93263
10,94082,1138,0.0,11143,809,93273
6,94088,1138,0.0,11144,809,93279
4,94092,1138,0.0,11145,809,93283
9,94101,1138,0.0,11146,809,93292
8,94109,1138,0.0,11147,809,93300
10,94119,1138,0.0,11148,809,93310
5,94124,1138,0.0,11149,809,93315
8,94132,1138,0.0,11150,809,93323
12,94144,1139,1.0,11151,809,93335
25,94169,1139,0.0,11152,809,93360
18,94187,1140,1.0,11153,809,93378
6,94193,1140,0.0,11154,809,93384
5,94198,1140,0.0,11155,809,93389
2,94200,1140,0.0,11156,809,93391
6,94206,1140,0.0,11157,809,93397
3,94209,1140,0.0,11158,809,93400
10,94219,1140,0.0,11159,809,93410
10,94229,1140,0.0,11160,809,93420
7,94236,1140,0.0,11161,809,93427
9,94245,1140,0.0,11162,809,93436
2,94247,1140,0.0,11163,809,93438
4,94251,1140,0.0,11164,809,93442
22,94273,1140,0.0,11165,809,93464
2,94275,1140,0.0,11166,809,93466
6,94281,1140,0.0,11167,809,93472
7,94288,1140,0.0,11168,809,93479
9,94297,1140,0.0,11169,809,93488
18,94315,1140,0.0,11170,809,93506
12,94327,1140,0.0,11171,809,93518
2,94329,1140,0.0,11172,809,93520
2,94331,1140,0.0,11173,809,93522
6,94337,1140,0.0,11174,809,93528
2,94339,1140,0.0,11175,809,93530
20,94359,1140,0.0,11176,809,93550
10,94369,1140,0.0,11177,809,93560
5,94374,1140,0.0,11178,809,93565
21,94395,1140,0.0,11179,809,93586
9,94404,1140,0.0,11180,809,93595
16,94420,1140,0.0,11181,809,93611
9,94429,1141,1.0,11182,809,93620
7,94436,1141,0.0,11183,809,93627
6,94442,1141,0.0,11184,809,93633
6,94448,1141,0.0,11185,809,93639
3,94451,1141,0.0,11186,809,93642
12,94463,1142,1.0,11187,809,93654
12,94475,1143,1.0,11188,809,93666
16,94491,1144,1.0,11189,809,93682
2,94493,1144,0.0,11190,809,93684
8,94501,1144,0.0,11191,809,93692
7,94508,1144,0.0,11192,809,93699
5,94513,1144,0.0,11193,809,93704
9,94522,1144,0.0,11194,809,93713
5,94527,1144,0.0,11195,809,93718
23,94550,1144,0.0,11196,809,93741
11,94561,1144,0.0,11197,809,93752
18,94579,1145,1.0,11198,809,93770
2,94581,1145,0.0,11199,809,93772
2,94583,1145,0.0,11200,809,93774
12,94595,1146,1.0,11201,809,93786
2,94597,1146,0.0,11202,809,93788
4,94601,1146,0.0,11203,809,93792
9,94610,1147,1.0,11204,809,93801
12,94622,1148,1.0,11205,809,93813
5,94627,1148,0.0,11206,809,93818
3,94630,1148,0.0,11207,809,93821
31,94661,1148,0.0,11208,809,93852
3,94664,1148,0.0,11209,809,93855
12,94676,1148,0.0,11210,809,93867
12,94688,1149,1.0,11211,809,93879
13,94701,1149,0.0,11212,809,93892
8,94709,1149,0.0,11213,809,93900
3,94712,1149,0.0,11214,809,93903
3,94715,1149,0.0,11215,809,93906
12,94727,1149,0.0,11216,809,93918
3,94730,1149,0.0,11217,809,93921
4,94734,1149,0.0,11218,809,93925
5,94739,1149,0.0,11219,809,93930
4,94743,1149,0.0,11220,809,93934
12,94755,1149,0.0,11221,809,93946
3,94758,1149,0.0,11222,809,93949
11,94769,1149,0.0,11223,809,93960
10,94779,1149,0.0,11224,809,93970
12,94791,1150,1.0,11225,809,93982
12,94803,1151,1.0,11226,809,93994
13,94816,1151,0.0,11227,809,94007
10,94826,1151,0.0,11228,809,94017
9,94835,1152,1.0,11229,809,94026
19,94854,1152,0.0,11230,809,94045
10,94864,1152,0.0,11231,809,94055
3,94867,1152,0.0,11232,809,94058
7,94874,1152,0.0,11233,809,94065
11,94885,1152,0.0,11234,809,94076
8,94893,1152,0.0,11235,809,94084
12,94905,1153,1.0,11236,809,94096
9,94914,1153,0.0,11237,809,94105
2,94916,1153,0.0,11238,809,94107
12,94928,1154,1.0,11239,809,94119
11,94939,1154,0.0,11240,809,94130
12,94951,1154,0.0,11241,809,94142
2,94953,1154,0.0,11242,809,94144
15,94968,1154,0.0,11243,809,94159
5,94973,1154,0.0,11244,809,94164
6,94979,1154,0.0,11245,809,94170
8,94987,1154,0.0,11246,809,94178
5,94992,1154,0.0,11247,809,94183
9,95001,1154,0.0,11248,809,94192
16,95017,1154,0.0,11249,809,94208
4,95021,1154,0.0,11250,809,94212
4,95025,1154,0.0,11251,809,94216
12,95037,1155,1.0,11252,809,94228
19,95056,1155,0.0,11253,809,94247
4,95060,1155,0.0,11254,809,94251
12,95072,1156,1.0,11255,809,94263
7,95079,1156,0.0,11256,809,94270
6,95085,1156,0.0,11257,809,94276
21,95106,1156,0.0,11258,809,94297
9,95115,1156,0.0,11259,809,94306
16,95131,1157,1.0,11260,809,94322
2,95133,1157,0.0,11261,809,94324
2,95135,1157,0.0,11262,809,94326
9,95144,1157,0.0,11263,809,94335
12,95156,1157,0.0,11264,809,94347
6,95162,1157,0.0,11265,809,94353
16,95178,1157,0.0,11266,809,94369
11,95189,1157,0.0,11267,809,94380
6,95195,1157,0.0,11268,809,94386
3,95198,1157,0.0,11269,809,94389
4,95202,1157,0.0,11270,809,94393
13,95215,1157,0.0,11271,809,94406
12,95227,1158,1.0,11272,809,94418
2,95229,1158,0.0,11273,809,94420
12,95241,1159,1.0,11274,809,94432
11,95252,1159,0.0,11275,809,94443
12,95264,1160,1.0,11276,809,94455
5,95269,1160,0.0,11277,809,94460
7,95276,1160,0.0,11278,809,94467
6,95282,1160,0.0,11279,809,94473
9,95291,1160,0.0,11280,809,94482
7,95298,1160,0.0,11281,809,94489
20,95318,1160,0.0,11282,809,94509
6,95324,1160,0.0,11283,809,94515
6,95330,1160,0.0,11284,809,94521
12,95342,1161,1.0,11285,809,94533
4,95346,1161,0.0,11286,809,94537
12,95358,1162,1.0,11287,809,94549
12,95370,1162,0.0,11288,809,94561
6,95376,1162,0.0,11289,809,94567
7,95383,1162,0.0,11290,809,94574
8,95391,1162,0.0,11291,809,94582
6,95397,1162,0.0,11292,809,94588
2,95399,1162,0.0,11293,809,94590
6,95405,1162,0.0,11294,809,94596
12,95417,1163,1.0,11295,809,94608
4,95421,1163,0.0,11296,809,94612
12,95433,1163,0.0,11297,809,94624
6,95439,1163,0.0,11298,809,94630
12,95451,1164,1.0,11299,809,94642
2,95453,1164,0.0,11300,809,94644
12,95465,1165,1.0,11301,809,94656
6,95471,1165,0.0,11302,809,94662
12,95483,1166,1.0,11303,809,94674
7,95490,1166,0.0,11304,809,94681
8,95498,1166,0.0,11305,809,94689
7,95505,1166,0.0,11306,809,94696
2,95507,1166,0.0,11307,809,94698
3,95510,1166,0.0,11308,809,94701
12,95522,1167,1.0,11309,809,94713
13,95535,1167,0.0,11310,809,94726
3,95538,1167,0.0,11311,809,94729
7,95545,1167,0.0,11312,809,94736
12,95557,1168,1.0,11313,809,94748
10,95567,1168,0.0,11314,809,94758
16,95583,1168,0.0,11315,809,94774
2,95585,1168,0.0,11316,809,94776
7,95592,1168,0.0,11317,809,94783
4,95596,1168,0.0,11318,809,94787
5,95601,1168,0.0,11319,809,94792
11,95612,1168,0.0,11320,809,94803
4,95616,1168,0.0,11321,809,94807
3,95619,1168,0.0,11322,809,94810
3,95622,1168,0.0,11323,809,94813
6,95628,1168,0.0,11324,809,94819
3,95631,1168,0.0,11325,809,94822
18,95649,1168,0.0,11326,809,94840
5,95654,1168,0.0,11327,809,94845
13,95667,1168,0.0,11328,809,94858
5,95672,1168,0.0,11329,809,94863
2,95674,1168,0.0,11330,809,94865
11,95685,1168,0.0,11331,809,94876
8,95693,1168,0.0,11332,809,94884
3,95696,1168,0.0,11333,809,94887
2,95698,1168,0.0,11334,809,94889
6,95704,1168,0.0,11335,809,94895
2,95706,1168,0.0,11336,809,94897
7,95713,1168,0.0,11337,809,94904
2,95715,1168,0.0,11338,809,94906
20,95735,1168,0.0,11339,809,94926
6,95741,1168,0.0,11340,809,94932
6,95747,1168,0.0,11341,809,94938
5,95752,1168,0.0,11342,809,94943
8,95760,1168,0.0,11343,809,94951
4,95764,1168,0.0,11344,809,94955
4,95768,1168,0.0,11345,809,94959
6,95774,1168,0.0,11346,809,94965
2,95776,1168,0.0,11347,809,94967
6,95782,1168,0.0,11348,809,94973
6,95788,1168,0.0,11349,809,94979
18,95806,1168,0.0,11350,809,94997
4,95810,1168,0.0,11351,809,95001
6,95816,1168,0.0,11352,809,95007
16,95832,1169,1.0,11353,809,95023
12,95844,1169,0.0,11354,809,95035
2,95846,1169,0.0,11355,809,95037
2,95848,1169,0.0,11356,809,95039
7,95855,1169,0.0,11357,809,95046
14,95869,1169,0.0,11358,809,95060
8,95877,1169,0.0,11359,809,95068
11,95888,1169,0.0,11360,809,95079
6,95894,1169,0.0,11361,809,95085
19,95913,1169,0.0,11362,809,95104
24,95937,1169,0.0,11363,809,95128
4,95941,1169,0.0,11364,809,95132
5,95946,1169,0.0,11365,809,95137
10,95956,1169,0.0,11366,809,95147
4,95960,1169,0.0,11367,809,95151
8,95968,1169,0.0,11368,809,95159
12,95980,1170,1.0,11369,809,95171
27,96007,1170,0.0,11370,809,95198
12,96019,1170,0.0,11371,809,95210
23,96042,1170,0.0,11372,809,95233
10,96052,1170,0.0,11373,809,95243
8,96060,1170,0.0,11374,809,95251
6,96066,1170,0.0,11375,809,95257
6,96072,1170,0.0,11376,809,95263
2,96074,1170,0.0,11377,809,95265
2,96076,1170,0.0,11378,809,95267
4,96080,1170,0.0,11379,809,95271
5,96085,1170,0.0,11380,809,95276
2,96087,1170,0.0,11381,809,95278
15,96102,1170,0.0,11382,809,95293
4,96106,1170,0.0,11383,809,95297
3,96109,1170,0.0,11384,809,95300
12,96121,1171,1.0,11385,809,95312
20,96141,1171,0.0,11386,809,95332
3,96144,1171,0.0,11387,809,95335
8,96152,1171,0.0,11388,809,95343
51,96203,1171,0.0,11389,809,95394
13,96216,1171,0.0,11390,809,95407
13,96229,1171,0.0,11391,809,95420
14,96243,1171,0.0,11392,809,95434
2,96245,1171,0.0,11393,809,95436
7,96252,1171,0.0,11394,809,95443
6,96258,1171,0.0,11395,809,95449
4,96262,1171,0.0,11396,809,95453
3,96265,1171,0.0,11397,809,95456
9,96274,1171,0.0,11398,809,95465
6,96280,1171,0.0,11399,809,95471
3,96283,1171,0.0,11400,809,95474
6,96289,1171,0.0,11401,809,95480
2,96291,1171,0.0,11402,809,95482
13,96304,1171,0.0,11403,809,95495
17,96321,1171,0.0,11404,809,95512
9,96330,1171,0.0,11405,809,95521
10,96340,1171,0.0,11406,809,95531
18,96358,1172,1.0,11407,809,95549
6,96364,1172,0.0,11408,809,95555
15,96379,1172,0.0,11409,809,95570
4,96383,1172,0.0,11410,809,95574
5,96388,1172,0.0,11411,809,95579
7,96395,1172,0.0,11412,809,95586
6,96401,1172,0.0,11413,809,95592
7,96408,1172,0.0,11414,809,95599
2,96410,1172,0.0,11415,809,95601
6,96416,1172,0.0,11416,809,95607
7,96423,1172,0.0,11417,809,95614
4,96427,1172,0.0,11418,809,95618
6,96433,1172,0.0,11419,809,95624
12,96445,1173,1.0,11420,809,95636
4,96449,1173,0.0,11421,809,95640
20,96469,1173,0.0,11422,809,95660
11,96480,1173,0.0,11423,809,95671
12,96492,1173,0.0,11424,809,95683
9,96501,1173,0.0,11425,809,95692
13,96514,1173,0.0,11426,809,95705
6,96520,1173,0.0,11427,809,95711
9,96529,1173,0.0,11428,809,95720
8,96537,1173,0.0,11429,809,95728
2,96539,1173,0.0,11430,809,95730
19,96558,1173,0.0,11431,809,95749
12,96570,1174,1.0,11432,809,95761
4,96574,1174,0.0,11433,809,95765
18,96592,1174,0.0,11434,809,95783
14,96606,1174,0.0,11435,809,95797
14,96620,1174,0.0,11436,809,95811
9,96629,1174,0.0,11437,809,95820
8,96637,1174,0.0,11438,809,95828
10,96647,1174,0.0,11439,809,95838
3,96650,1174,0.0,11440,809,95841
7,96657,1174,0.0,11441,809,95848
12,96669,1174,0.0,11442,809,95860
7,96676,1174,0.0,11443,809,95867
20,96696,1174,0.0,11444,809,95887
10,96706,1174,0.0,11445,809,95897
6,96712,1174,0.0,11446,809,95903
3,96715,1174,0.0,11447,809,95906
5,96720,1174,0.0,11448,809,95911
27,96747,1174,0.0,11449,809,95938
12,96759,1175,1.0,11450,809,95950
7,96766,1175,0.0,11451,809,95957
10,96776,1175,0.0,11452,809,95967
12,96788,1176,1.0,11453,809,95979
2,96790,1176,0.0,11454,809,95981
28,96818,1176,0.0,11455,809,96009
4,96822,1176,0.0,11456,809,96013
15,96837,1176,0.0,11457,809,96028
6,96843,1176,0.0,11458,809,96034
16,96859,1176,0.0,11459,809,96050
4,96863,1176,0.0,11460,809,96054
13,96876,1176,0.0,11461,809,96067
9,96885,1176,0.0,11462,809,96076
8,96893,1176,0.0,11463,809,96084
2,96895,1176,0.0,11464,809,96086
2,96897,1176,0.0,11465,809,96088
21,96918,1176,0.0,11466,809,96109
23,96941,1176,0.0,11467,809,96132
2,96943,1176,0.0,11468,809,96134
8,96951,1176,0.0,11469,809,96142
19,96970,1176,0.0,11470,809,96161
9,96979,1176,0.0,11471,809,96170
12,96991,1177,1.0,11472,809,96182
2,96993,1177,0.0,11473,809,96184
2,96995,1177,0.0,11474,809,96186
12,97007,1178,1.0,11475,809,96198
5,97012,1178,0.0,11476,809,96203
2,97014,1178,0.0,11477,809,96205
5,97019,1178,0.0,11478,809,96210
31,97050,1179,1.0,11479,809,96241
12,97062,1180,1.0,11480,809,96253
5,97067,1180,0.0,11481,809,96258
12,97079,1181,1.0,11482,809,96270
3,97082,1181,0.0,11483,809,96273
18,97100,1181,0.0,11484,809,96291
2,97102,1181,0.0,11485,809,96293
6,97108,1181,0.0,11486,809,96299
3,97111,1181,0.0,11487,809,96302
2,97113,1181,0.0,11488,809,96304
4,97117,1181,0.0,11489,809,96308
6,97123,1181,0.0,11490,809,96314
9,97132,1181,0.0,11491,809,96323
8,97140,1181,0.0,11492,809,96331
24,97164,1181,0.0,11493,809,96355
12,97176,1182,1.0,11494,809,96367
2,97178,1182,0.0,11495,809,96369
12,97190,1183,1.0,11496,809,96381
2,97192,1183,0.0,11497,809,96383
4,97196,1183,0.0,11498,809,96387
4,97200,1183,0.0,11499,809,96391
9,97209,1184,1.0,11500,809,96400
12,97221,1185,1.0,11501,809,96412
9,97230,1185,0.0,11502,809,96421
6,97236,1185,0.0,11503,809,96427
2,97238,1185,0.0,11504,809,96429
3,97241,1185,0.0,11505,809,96432
7,97248,1185,0.0,11506,809,96439
6,97254,1185,0.0,11507,809,96445
6,97260,1185,0.0,11508,809,96451
4,97264,1185,0.0,11509,809,96455
4,97268,1185,0.0,11510,809,96459
2,97270,1185,0.0,11511,809,96461
2,97272,1185,0.0,11512,809,96463
15,97287,1185,0.0,11513,809,96478
6,97293,1185,0.0,11514,809,96484
12,97305,1186,1.0,11515,809,96496
7,97312,1186,0.0,11516,809,96503
44,97356,1186,0.0,11517,809,96547
2,97358,1186,0.0,11518,809,96549
12,97370,1187,1.0,11519,809,96561
2,97372,1187,0.0,11520,809,96563
6,97378,1187,0.0,11521,809,96569
4,97382,1187,0.0,11522,809,96573
9,97391,1187,0.0,11523,809,96582
9,97400,1187,0.0,11524,809,96591
6,97406,1187,0.0,11525,809,96597
16,97422,1188,1.0,11526,809,96613
4,97426,1188,0.0,11527,809,96617
16,97442,1189,1.0,11528,809,96633
12,97454,1189,0.0,11529,809,96645
6,97460,1189,0.0,11530,809,96651
27,97487,1189,0.0,11531,809,96678
5,97492,1189,0.0,11532,809,96683
5,97497,1189,0.0,11533,809,96688
6,97503,1189,0.0,11534,809,96694
3,97506,1189,0.0,11535,809,96697
12,97518,1190,1.0,11536,809,96709
6,97524,1190,0.0,11537,809,96715
12,97536,1191,1.0,11538,809,96727
12,97548,1192,1.0,11539,809,96739
2,97550,1192,0.0,11540,809,96741
24,97574,1192,0.0,11541,809,96765
16,97590,1192,0.0,11542,809,96781
24,97614,1192,0.0,11543,809,96805
8,97622,1192,0.0,11544,809,96813
12,97634,1193,1.0,11545,809,96825
3,97637,1193,0.0,11546,809,96828
9,97646,1194,1.0,11547,809,96837
25,97671,1194,0.0,11548,809,96862
8,97679,1194,0.0,11549,809,96870
7,97686,1194,0.0,11550,809,96877
6,97692,1194,0.0,11551,809,96883
12,97704,1194,0.0,11552,809,96895
4,97708,1194,0.0,11553,809,96899
8,97716,1194,0.0,11554,809,96907
7,97723,1194,0.0,11555,809,96914
9,97732,1194,0.0,11556,809,96923
12,97744,1195,1.0,11557,809,96935
4,97748,1195,0.0,11558,809,96939
10,97758,1195,0.0,11559,809,96949
9,97767,1195,0.0,11560,809,96958
10,97777,1195,0.0,11561,809,96968
12,97789,1196,1.0,11562,809,96980
6,97795,1196,0.0,11563,809,96986
3,97798,1196,0.0,11564,809,96989
6,97804,1196,0.0,11565,809,96995
18,97822,1196,0.0,11566,809,97013
16,97838,1197,1.0,11567,809,97029
12,97850,1198,1.0,11568,809,97041
3,97853,1198,0.0,11569,809,97044
18,97871,1198,0.0,11570,809,97062
6,97877,1198,0.0,11571,809,97068
7,97884,1198,0.0,11572,809,97075
17,97901,1198,0.0,11573,809,97092
8,97909,1198,0.0,11574,809,97100
6,97915,1198,0.0,11575,809,97106
3,97918,1198,0.0,11576,809,97109
12,97930,1198,0.0,11577,809,97121
3,97933,1198,0.0,11578,809,97124
3,97936,1198,0.0,11579,809,97127
3,97939,1198,0.0,11580,809,97130
8,97947,1198,0.0,11581,809,97138
4,97951,1198,0.0,11582,809,97142
12,97963,1199,1.0,11583,809,97154
16,97979,1200,1.0,11584,809,97170
12,97991,1200,0.0,11585,809,97182
8,97999,1200,0.0,11586,809,97190
9,98008,1200,0.0,11587,809,97199
9,98017,1200,0.0,11588,809,97208
10,98027,1200,0.0,11589,809,97218
15,98042,1200,0.0,11590,809,97233
2,98044,1200,0.0,11591,809,97235
9,98053,1200,0.0,11592,809,97244
18,98071,1200,0.0,11593,809,97262
5,98076,1200,0.0,11594,809,97267
7,98083,1200,0.0,11595,809,97274
6,98089,1200,0.0,11596,809,97280
12,98101,1200,0.0,11597,809,97292
9,98110,1200,0.0,11598,809,97301
6,98116,1200,0.0,11599,809,97307
3,98119,1200,0.0,11600,809,97310
5,98124,1200,0.0,11601,809,97315
16,98140,1201,1.0,11602,809,97331
6,98146,1201,0.0,11603,809,97337
4,98150,1201,0.0,11604,809,97341
13,98163,1201,0.0,11605,809,97354
2,98165,1201,0.0,11606,809,97356
3,98168,1201,0.0,11607,809,97359
5,98173,1201,0.0,11608,809,97364
9,98182,1201,0.0,11609,809,97373
2,98184,1201,0.0,11610,809,97375
12,98196,1202,1.0,11611,809,97387
5,98201,1202,0.0,11612,809,97392
13,98214,1202,0.0,11613,809,97405
3,98217,1202,0.0,11614,809,97408
16,98233,1202,0.0,11615,809,97424
6,98239,1202,0.0,11616,809,97430
4,98243,1202,0.0,11617,809,97434
5,98248,1202,0.0,11618,809,97439
2,98250,1202,0.0,11619,809,97441
6,98256,1202,0.0,11620,809,97447
15,98271,1202,0.0,11621,809,97462
6,98277,1202,0.0,11622,809,97468
28,98305,1202,0.0,11623,809,97496
3,98308,1202,0.0,11624,809,97499
8,98316,1202,0.0,11625,809,97507
8,98324,1202,0.0,11626,809,97515
6,98330,1202,0.0,11627,809,97521
12,98342,1203,1.0,11628,809,97533
8,98350,1203,0.0,11629,809,97541
3,98353,1203,0.0,11630,809,97544
4,98357,1203,0.0,11631,809,97548
5,98362,1203,0.0,11632,809,97553
3,98365,1203,0.0,11633,809,97556
6,98371,1203,0.0,11634,809,97562
11,98382,1203,0.0,11635,809,97573
7,98389,1203,0.0,11636,809,97580
12,98401,1203,0.0,11637,809,97592
6,98407,1203,0.0,11638,809,97598
6,98413,1203,0.0,11639,809,97604
12,98425,1203,0.0,11640,809,97616
5,98430,1203,0.0,11641,809,97621
2,98432,1203,0.0,11642,809,97623
4,98436,1203,0.0,11643,809,97627
6,98442,1203,0.0,11644,809,97633
6,98448,1203,0.0,11645,809,97639
25,98473,1203,0.0,11646,809,97664
24,98497,1203,0.0,11647,809,97688
12,98509,1203,0.0,11648,809,97700
18,98527,1204,1.0,11649,809,97718
11,98538,1204,0.0,11650,809,97729
16,98554,1204,0.0,11651,809,97745
18,98572,1204,0.0,11652,809,97763
4,98576,1204,0.0,11653,809,97767
4,98580,1204,0.0,11654,809,97771
8,98588,1204,0.0,11655,809,97779
3,98591,1204,0.0,11656,809,97782
11,98602,1204,0.0,11657,809,97793
6,98608,1204,0.0,11658,809,97799
6,98614,1204,0.0,11659,809,97805
7,98621,1204,0.0,11660,809,97812
3,98624,1204,0.0,11661,809,97815
16,98640,1205,1.0,11662,809,97831
4,98644,1205,0.0,11663,809,97835
5,98649,1205,0.0,11664,809,97840
12,98661,1206,1.0,11665,809,97852
21,98682,1206,0.0,11666,809,97873
12,98694,1207,1.0,11667,809,97885
9,98703,1207,0.0,11668,809,97894
3,98706,1207,0.0,11669,809,97897
2,98708,1207,0.0,11670,809,97899
3,98711,1207,0.0,11671,809,97902
10,98721,1207,0.0,11672,809,97912
16,98737,1208,1.0,11673,809,97928
7,98744,1208,0.0,11674,809,97935
13,98757,1208,0.0,11675,809,97948
17,98774,1208,0.0,11676,809,97965
4,98778,1208,0.0,11677,809,97969
23,98801,1208,0.0,11678,809,97992
5,98806,1208,0.0,11679,809,97997
3,98809,1208,0.0,11680,809,98000
9,98818,1208,0.0,11681,809,98009
4,98822,1208,0.0,11682,809,98013
6,98828,1208,0.0,11683,809,98019
3,98831,1208,0.0,11684,809,98022
12,98843,1209,1.0,11685,809,98034
16,98859,1209,0.0,11686,809,98050
8,98867,1209,0.0,11687,809,98058
10,98877,1209,0.0,11688,809,98068
7,98884,1209,0.0,11689,809,98075
2,98886,1209,0.0,11690,809,98077
6,98892,1209,0.0,11691,809,98083
9,98901,1210,1.0,11692,809,98092
7,98908,1210,0.0,11693,809,98099
12,98920,1210,0.0,11694,809,98111
2,98922,1210,0.0,11695,809,98113
7,98929,1210,0.0,11696,809,98120
2,98931,1210,0.0,11697,809,98122
9,98940,1210,0.0,11698,809,98131
2,98942,1210,0.0,11699,809,98133
4,98946,1210,0.0,11700,809,98137
5,98951,1210,0.0,11701,809,98142
7,98958,1210,0.0,11702,809,98149
20,98978,1210,0.0,11703,809,98169
7,98985,1210,0.0,11704,809,98176
6,98991,1210,0.0,11705,809,98182
11,99002,1210,0.0,11706,809,98193
5,99007,1210,0.0,11707,809,98198
8,99015,1210,0.0,11708,809,98206
3,99018,1210,0.0,11709,809,98209
8,99026,1210,0.0,11710,809,98217
2,99028,1210,0.0,11711,809,98219
7,99035,1210,0.0,11712,809,98226
4,99039,1210,0.0,11713,809,98230
16,99055,1211,1.0,11714,809,98246
10,99065,1211,0.0,11715,809,98256
16,99081,1212,1.0,11716,809,98272
5,99086,1212,0.0,11717,809,98277
12,99098,1213,1.0,11718,809,98289
10,99108,1213,0.0,11719,809,98299
2,99110,1213,0.0,11720,809,98301
5,99115,1213,0.0,11721,809,98306
4,99119,1213,0.0,11722,809,98310
6,99125,1213,0.0,11723,809,98316
16,99141,1213,0.0,11724,809,98332
2,99143,1213,0.0,11725,809,98334
12,99155,1213,0.0,11726,809,98346
12,99167,1214,1.0,11727,809,98358
6,99173,1214,0.0,11728,809,98364
3,99176,1214,0.0,11729,809,98367
27,99203,1214,0.0,11730,809,98394
6,99209,1214,0.0,11731,809,98400
8,99217,1214,0.0,11732,809,98408
12,99229,1214,0.0,11733,809,98420
6,99235,1214,0.0,11734,809,98426
6,99241,1214,0.0,11735,809,98432
6,99247,1214,0.0,11736,809,98438
4,99251,1214,0.0,11737,809,98442
6,99257,1214,0.0,11738,809,98448
17,99274,1214,0.0,11739,809,98465
12,99286,1215,1.0,11740,809,98477
8,99294,1215,0.0,11741,809,98485
10,99304,1215,0.0,11742,809,98495
6,99310,1215,0.0,11743,809,98501
3,99313,1215,0.0,11744,809,98504
9,99322,1215,0.0,11745,809,98513
9,99331,1215,0.0,11746,809,98522
9,99340,1215,0.0,11747,809,98531
7,99347,1215,0.0,11748,809,98538
9,99356,1215,0.0,11749,809,98547
2,99358,1215,0.0,11750,809,98549
10,99368,1215,0.0,11751,809,98559
11,99379,1215,0.0,11752,809,98570
6,99385,1215,0.0,11753,809,98576
4,99389,1215,0.0,11754,809,98580
16,99405,1215,0.0,11755,809,98596
6,99411,1215,0.0,11756,809,98602
9,99420,1215,0.0,11757,809,98611
3,99423,1215,0.0,11758,809,98614
4,99427,1215,0.0,11759,809,98618
12,99439,1216,1.0,11760,809,98630
27,99466,1217,1.0,11761,809,98657
12,99478,1217,0.0,11762,809,98669
8,99486,1217,0.0,11763,809,98677
8,99494,1217,0.0,11764,809,98685
6,99500,1217,0.0,11765,809,98691
6,99506,1217,0.0,11766,809,98697
4,99510,1217,0.0,11767,809,98701
5,99515,1217,0.0,11768,809,98706
18,99533,1217,0.0,11769,809,98724
5,99538,1217,0.0,11770,809,98729
4,99542,1217,0.0,11771,809,98733
2,99544,1217,0.0,11772,809,98735
3,99547,1217,0.0,11773,809,98738
20,99567,1217,0.0,11774,809,98758
2,99569,1217,0.0,11775,809,98760
5,99574,1217,0.0,11776,809,98765
4,99578,1217,0.0,11777,809,98769
2,99580,1217,0.0,11778,809,98771
5,99585,1217,0.0,11779,809,98776
2,99587,1217,0.0,11780,809,98778
77,99664,1217,0.0,11781,809,98855
10,99674,1217,0.0,11782,809,98865
6,99680,1217,0.0,11783,809,98871
25,99705,1217,0.0,11784,809,98896
2,99707,1217,0.0,11785,809,98898
2,99709,1217,0.0,11786,809,98900
4,99713,1217,0.0,11787,809,98904
15,99728,1217,0.0,11788,809,98919
10,99738,1217,0.0,11789,809,98929
6,99744,1217,0.0,11790,809,98935
7,99751,1217,0.0,11791,809,98942
15,99766,1217,0.0,11792,809,98957
4,99770,1217,0.0,11793,809,98961
4,99774,1217,0.0,11794,809,98965
3,99777,1217,0.0,11795,809,98968
5,99782,1217,0.0,11796,809,98973
6,99788,1217,0.0,11797,809,98979
10,99798,1217,0.0,11798,809,98989
37,99835,1217,0.0,11799,809,99026
13,99848,1217,0.0,11800,809,99039
2,99850,1217,0.0,11801,809,99041
5,99855,1217,0.0,11802,809,99046
22,99877,1217,0.0,11803,809,99068
5,99882,1217,0.0,11804,809,99073
15,99897,1217,0.0,11805,809,99088
9,99906,1217,0.0,11806,809,99097
6,99912,1217,0.0,11807,809,99103
3,99915,1217,0.0,11808,809,99106
8,99923,1217,0.0,11809,809,99114
12,99935,1217,0.0,11810,809,99126
3,99938,1217,0.0,11811,809,99129
5,99943,1217,0.0,11812,809,99134
9,99952,1218,1.0,11813,809,99143
2,99954,1218,0.0,11814,809,99145
8,99962,1218,0.0,11815,809,99153
6,99968,1218,0.0,11816,809,99159
12,99980,1219,1.0,11817,809,99171
2,99982,1219,0.0,11818,809,99173
6,99988,1219,0.0,11819,809,99179
5,99993,1219,0.0,11820,809,99184
