iteration,successes,successes_episode,reward_episode,episode_count,random_act,timestep,epsilon
3,3,0,0.0,1,3,0,1.0
3,6,0,0.0,2,6,0,0.9901493354116764
15,21,0,0.0,3,21,0,0.9803966865736877
7,28,0,0.0,4,28,0,0.970741078213023
12,40,0,0.0,5,39,1,0.9611815447608
5,45,0,0.0,6,44,1,0.9517171302557069
9,54,0,0.0,7,53,1,0.9423468882484062
2,56,0,0.0,8,55,1,0.9330698817068888
23,79,0,0.0,9,76,3,0.9238851829227694
6,85,0,0.0,10,82,3,0.9147918734185159
9,94,0,0.0,11,91,3,0.9057890438555999
6,100,0,0.0,12,96,4,0.896875793943563
5,105,0,0.0,13,99,6,0.888051232349986
19,124,0,0.0,14,115,9,0.8793144766113556
3,127,0,0.0,15,117,10,0.8706646530448178
11,138,0,0.0,16,127,11,0.8621008966608072
8,146,0,0.0,17,134,12,0.8536223510765493
4,150,0,0.0,18,136,14,0.8452281684304199
11,161,0,0.0,19,145,16,0.8369175092971592
18,179,0,0.0,20,159,20,0.8286895426039287
10,189,0,0.0,21,167,22,0.820543445547202
5,194,0,0.0,22,171,23,0.8124784035104852
5,199,0,0.0,23,174,25,0.8044936099828537
7,206,0,0.0,24,179,27,0.7965882664783007
26,232,0,0.0,25,200,32,0.7887615824558879
12,244,0,0.0,26,211,33,0.7810127752406908
9,253,0,0.0,27,220,33,0.7733410699455306
3,256,0,0.0,28,223,33,0.7657456993934846
18,274,0,0.0,29,236,38,0.7582259040411682
9,283,0,0.0,30,245,38,0.7507809319027796
2,285,0,0.0,31,247,38,0.7434100384749007
5,290,0,0.0,32,250,40,0.7361124866620463
5,295,0,0.0,33,253,42,0.7288875467029541
10,305,0,0.0,34,259,46,0.7217344960976069
10,315,0,0.0,35,266,49,0.7146526195349836
2,317,0,0.0,36,268,49,0.7076412088215263
9,326,0,0.0,37,275,51,0.7006995628103208
13,339,0,0.0,38,284,55,0.6938269873309811
6,345,0,0.0,39,288,57,0.6870227951202322
16,361,1,1.0,40,303,58,0.680286305753183
4,365,1,0.0,41,305,60,0.6736168455752829
4,369,1,0.0,42,306,63,0.6670137476349562
7,376,1,0.0,43,312,64,0.6604763516169062
12,388,1,0.0,44,320,68,0.6540040037760834
10,398,1,0.0,45,327,71,0.64759605687231
8,406,1,0.0,46,333,73,0.6412518701055556
4,410,1,0.0,47,335,75,0.6349708090518567
5,415,1,0.0,48,336,79,0.6287522455998737
9,424,1,0.0,49,343,81,0.6225955578880794
4,428,1,0.0,50,346,82,0.616500130242572
7,435,1,0.0,51,350,85,0.6104653531155071
7,442,1,0.0,52,354,88,0.6044906230241432
9,451,1,0.0,53,356,95,0.5985753424904925
5,456,1,0.0,54,359,97,0.5927189199815717
3,459,1,0.0,55,361,98,0.5869207698502498
3,462,1,0.0,56,363,99,0.5811803122766818
12,474,1,0.0,57,369,105,0.5754969732103268
5,479,1,0.0,58,371,108,0.5698701843125418
3,482,1,0.0,59,374,108,0.564299382899748
9,491,1,0.0,60,378,113,0.558784011887162
7,498,1,0.0,61,383,115,0.5533235197330862
7,505,1,0.0,62,386,119,0.5479173603837548
2,507,1,0.0,63,388,119,0.5425649932187278
4,511,1,0.0,64,390,121,0.5372658829968282
4,515,1,0.0,65,393,122,0.5320194998026181
8,523,1,0.0,66,398,125,0.5268253189934059
6,529,1,0.0,67,402,127,0.5216828211467822
13,542,1,0.0,68,406,136,0.516591492008677
10,552,1,0.0,69,410,142,0.5115508224419336
4,556,1,0.0,70,414,142,0.5065603083753949
5,561,1,0.0,71,418,143,0.5016194507534953
3,564,1,0.0,72,421,143,0.49672775548635545
9,573,1,0.0,73,426,147,0.491884733400372
3,576,1,0.0,74,429,147,0.48708990018930043
5,581,1,0.0,75,430,151,0.48234277636582407
5,586,1,0.0,76,431,155,0.47764288721360454
10,596,1,0.0,77,437,159,0.47298976273981014
23,619,1,0.0,78,451,168,0.4683829376281158
13,632,1,0.0,79,457,175,0.4638219511921713
7,639,1,0.0,80,460,179,0.4593063473295323
9,648,1,0.0,81,464,184,0.45483567447604933
8,656,1,0.0,82,467,189,0.4504094855607117
6,662,1,0.0,83,470,192,0.44602733796093924
14,676,2,1.0,84,476,200,0.4416887934583202
7,683,2,0.0,85,478,205,0.43739341819478894
8,691,2,0.0,86,481,210,0.43314078262923944
3,694,2,0.0,87,483,211,0.4289304614945713
5,699,2,0.0,88,486,213,0.42476203375516264
9,708,2,0.0,89,488,220,0.42063508256476556
7,715,2,0.0,90,491,224,0.41654919522482203
4,719,2,0.0,91,492,227,0.4125039631431931
7,726,2,0.0,92,492,234,0.40849898179329963
14,740,2,0.0,93,499,241,0.404533850673669
7,747,2,0.0,94,501,246,0.40060817326788506
4,751,2,0.0,95,503,248,0.3967215570049359
5,756,2,0.0,96,506,250,0.3928736132199562
9,765,2,0.0,97,509,256,0.38906395711536096
7,772,2,0.0,98,511,261,0.38529220772236483
6,778,2,0.0,99,513,265,0.3815579878628856
4,782,2,0.0,100,514,268,0.37786092411182526
6,788,2,0.0,101,517,271,0.3742006467597279
10,798,2,0.0,102,521,277,0.3705767897758081
3,801,2,0.0,103,523,278,0.3669889907713475
9,810,3,1.0,104,525,285,0.36343689096345594
11,821,3,0.0,105,526,295,0.35992013513919235
21,842,3,0.0,106,534,308,0.35643837162004377
3,845,3,0.0,107,535,310,0.3529912522267568
3,848,3,0.0,108,536,312,0.34957843224451957
7,855,3,0.0,109,538,317,0.34619957038848975
13,868,3,0.0,110,542,326,0.34285432876966604
7,875,3,0.0,111,546,329,0.3395423728610988
6,881,3,0.0,112,547,334,0.3362633714644372
4,885,3,0.0,113,548,337,0.33301699667680906
16,901,3,0.0,114,553,348,0.3298029238580304
13,914,3,0.0,115,558,356,0.3266208315981408
14,928,3,0.0,116,562,366,0.32347040168526264
3,931,3,0.0,117,565,366,0.3203513190737793
7,938,3,0.0,118,568,370,0.3172632718528302
6,944,3,0.0,119,571,373,0.31420595121511996
3,947,3,0.0,120,571,376,0.311179051426037
6,953,3,0.0,121,573,380,0.3081822697930801
2,955,3,0.0,122,574,381,0.3052153066355885
3,958,3,0.0,123,574,384,0.30227786525477407
7,965,3,0.0,124,575,390,0.29936965190405085
10,975,3,0.0,125,578,397,0.29649037575966014
6,981,3,0.0,126,580,401,0.29363974889158817
4,985,3,0.0,127,580,405,0.2908174862347727
9,994,3,0.0,128,584,410,0.28802330556059597
9,1003,3,0.0,129,585,418,0.2852569274486622
18,1021,3,0.0,130,588,433,0.2825180752588548
9,1030,3,0.0,131,591,439,0.27980647510367246
3,1033,3,0.0,132,592,441,0.2771218558208399
3,1036,3,0.0,133,592,444,0.27446394894619186
3,1039,3,0.0,134,592,447,0.27183248868682575
26,1065,3,0.0,135,601,464,0.26922721189452276
7,1072,4,1.0,136,603,469,0.2666478580394326
3,1075,4,0.0,137,604,471,0.26409416918402034
4,1079,4,0.0,138,605,474,0.26156588995727226
4,1083,4,0.0,139,607,476,0.2590627675291589
23,1106,4,0.0,140,612,494,0.2565845515853515
17,1123,4,0.0,141,615,508,0.2541309943021904
2,1125,4,0.0,142,615,510,0.25170185032190273
19,1144,4,0.0,143,619,525,0.24929687672806608
11,1155,4,0.0,144,621,534,0.246915833021317
7,1162,5,1.0,145,622,540,0.24455848109530054
4,1166,5,0.0,146,624,542,0.2422245852128597
7,1173,6,1.0,147,625,548,0.23991391198246126
5,1178,6,0.0,148,625,553,0.2376262303348566
5,1183,6,0.0,149,625,558,0.2353613114999746
5,1188,6,0.0,150,626,562,0.23311892898404435
5,1193,6,0.0,151,626,567,0.23089885854694553
5,1198,6,0.0,152,626,572,0.22870087817978443
9,1207,6,0.0,153,626,581,0.22652476808269262
9,1216,6,0.0,154,630,586,0.22437031064284702
14,1230,6,0.0,155,634,596,0.22223729041270818
9,1239,6,0.0,156,637,602,0.22012549408847562
7,1246,7,1.0,157,638,608,0.21803471048875708
20,1266,7,0.0,158,646,620,0.21596473053345028
5,1271,7,0.0,159,647,624,0.21391534722283462
5,1276,7,0.0,160,647,629,0.2118863556168713
22,1298,7,0.0,161,651,647,0.20987755281470882
7,1305,8,1.0,162,651,654,0.20788873793439305
7,1312,9,1.0,163,652,660,0.2059197120927785
5,1317,9,0.0,164,653,664,0.20397027838564025
3,1320,9,0.0,165,654,666,0.20204024186798297
9,1329,10,1.0,166,655,674,0.20012940953454655
7,1336,11,1.0,167,655,681,0.1982375903005053
18,1354,11,0.0,168,660,694,0.19636459498235934
9,1363,11,0.0,169,663,700,0.19451023627901587
8,1371,11,0.0,170,663,708,0.19267432875305937
6,1377,11,0.0,171,665,712,0.19085668881220733
11,1388,11,0.0,172,667,721,0.1890571346909509
15,1403,11,0.0,173,667,736,0.1872754864323783
13,1416,11,0.0,174,672,744,0.18551156587017906
22,1438,11,0.0,175,675,763,0.1837651966108269
4,1442,11,0.0,176,676,766,0.1820362040159407
2,1444,11,0.0,177,676,768,0.18032441518482004
7,1451,12,1.0,178,677,774,0.17862965893715535
35,1486,13,1.0,179,685,801,0.17695176579590954
12,1498,13,0.0,180,686,812,0.1752905679703703
2,1500,13,0.0,181,687,813,0.17364589933937066
15,1515,13,0.0,182,689,826,0.172017595434677
15,1530,13,0.0,183,694,836,0.17040549342454195
8,1538,13,0.0,184,697,841,0.16880943209742102
11,1549,13,0.0,185,701,848,0.16722925184585147
7,1556,13,0.0,186,701,855,0.16566479465049133
5,1561,13,0.0,187,703,858,0.16411590406431734
12,1573,13,0.0,188,705,868,0.1625824251969801
2,1575,13,0.0,189,706,869,0.16106420469931504
12,1587,13,0.0,190,707,880,0.15956109074800714
10,1597,13,0.0,191,708,889,0.1580729330304087
11,1608,13,0.0,192,709,899,0.15659958272950783
4,1612,13,0.0,193,710,902,0.15514089250904667
8,1620,13,0.0,194,710,910,0.1536967164987875
16,1636,13,0.0,195,711,925,0.1522669102799259
19,1655,13,0.0,196,717,938,0.15085133087064845
4,1659,13,0.0,197,717,942,0.14944983671183457
6,1665,13,0.0,198,717,948,0.14806228765290044
6,1671,13,0.0,199,717,954,0.1466885449377839
6,1677,13,0.0,200,717,960,0.14532847119106862
6,1683,13,0.0,201,717,966,0.1439819304042466
6,1689,13,0.0,202,717,972,0.14264878792211688
11,1700,13,0.0,203,718,982,0.1413289104293205
6,1706,13,0.0,204,719,987,0.14002216593700811
4,1710,13,0.0,205,720,990,0.13872842376964165
12,1722,14,1.0,206,722,1000,0.1374475545519262
17,1739,14,0.0,207,724,1015,0.13617943019587256
10,1749,14,0.0,208,725,1024,0.13492392388798838
8,1757,14,0.0,209,725,1032,0.13368091007659658
6,1763,14,0.0,210,726,1037,0.1324502644592803
6,1769,14,0.0,211,726,1043,0.13123186397045208
19,1788,14,0.0,212,728,1060,0.13002558676904785
11,1799,14,0.0,213,732,1067,0.12883131222634217
3,1802,14,0.0,214,732,1070,0.12764892091388555
7,1809,14,0.0,215,732,1077,0.1264782945915614
14,1823,15,1.0,216,735,1088,0.125319316195762
13,1836,16,1.0,217,735,1101,0.12417186982768189
10,1846,16,0.0,218,736,1110,0.12303584074172813
13,1859,17,1.0,219,736,1123,0.12191111533404535
23,1882,17,0.0,220,737,1145,0.12079758113115559
18,1900,17,0.0,221,738,1162,0.11969512677871053
9,1909,18,1.0,222,738,1171,0.11860364203035628
17,1926,18,0.0,223,741,1185,0.11752301773670837
15,1941,18,0.0,224,742,1199,0.116453145834437
11,1952,18,0.0,225,743,1209,0.11539391933546027
7,1959,18,0.0,226,744,1215,0.11434523231624569
18,1977,18,0.0,227,745,1232,0.11330697990721733
6,1983,18,0.0,228,745,1238,0.1122790582822692
11,1994,18,0.0,229,745,1249,0.11126136464838206
9,2003,18,0.0,230,747,1256,0.11025379723534455
9,2012,19,1.0,231,748,1264,0.10925625528557566
9,2021,20,1.0,232,748,1273,0.1082686390440492
9,2030,21,1.0,233,748,1282,0.10729084974831793
9,2039,22,1.0,234,748,1291,0.10632278961863742
9,2048,23,1.0,235,748,1300,0.10536436184818809
9,2057,23,0.0,236,750,1307,0.10441547059339411
9,2066,24,1.0,237,750,1316,0.10347602096433932
9,2075,24,0.0,238,751,1324,0.10254591901527788
18,2093,24,0.0,239,755,1338,0.10162507173523985
6,2099,24,0.0,240,756,1343,0.10071338703872978
10,2109,25,1.0,241,757,1352,0.09981077375651838
6,2115,25,0.0,242,758,1357,0.09891714162652515
9,2124,26,1.0,243,759,1365,0.09803240128479247
7,2131,26,0.0,244,761,1370,0.09715646425654882
5,2136,26,0.0,245,763,1373,0.09628924294736148
17,2153,26,0.0,246,764,1389,0.09543065063437678
5,2158,26,0.0,247,764,1394,0.09458060145764802
6,2164,26,0.0,248,764,1400,0.09373901041154904
5,2169,26,0.0,249,765,1404,0.092905793336274
8,2177,26,0.0,250,769,1408,0.09208086690942092
16,2193,26,0.0,251,773,1420,0.0912641486376598
12,2205,27,1.0,252,775,1430,0.09045555684848275
9,2214,28,1.0,253,776,1438,0.08965501068203711
22,2236,28,0.0,254,779,1457,0.08886243008303903
6,2242,28,0.0,255,782,1460,0.08807773579276819
6,2248,28,0.0,256,782,1466,0.08730084934114159
6,2254,28,0.0,257,782,1472,0.08653169303886674
9,2263,29,1.0,258,783,1480,0.0857701899696724
4,2267,29,0.0,259,783,1484,0.08501626398261702
7,2274,30,1.0,260,784,1490,0.0842698396844737
6,2280,30,0.0,261,784,1496,0.08353084243219053
13,2293,30,0.0,262,785,1508,0.08279919832542652
9,2302,30,0.0,263,786,1516,0.08207483419916123
5,2307,30,0.0,264,787,1520,0.08135767761637844
24,2331,30,0.0,265,792,1539,0.08064765686082219
16,2347,30,0.0,266,793,1554,0.0799447009298253
17,2364,30,0.0,267,796,1568,0.0792487395272088
6,2370,30,0.0,268,798,1572,0.07855970305625253
2,2372,30,0.0,269,798,1574,0.07787752261273513
4,2376,30,0.0,270,798,1578,0.07720212997804382
12,2388,30,0.0,271,798,1590,0.07653345761235225
12,2400,30,0.0,272,798,1602,0.07587143864786668
6,2406,30,0.0,273,798,1608,0.07521600688213892
11,2417,30,0.0,274,800,1617,0.07456709677144624
8,2425,30,0.0,275,801,1624,0.07392464342423678
11,2436,30,0.0,276,801,1635,0.0732885825946405
8,2444,30,0.0,277,802,1642,0.07265885067604429
10,2454,30,0.0,278,802,1652,0.07203538469473161
17,2471,30,0.0,279,802,1669,0.0714181223035847
11,2482,30,0.0,280,803,1679,0.07080700177585013
10,2492,31,1.0,281,804,1688,0.07020196199896576
6,2498,31,0.0,282,804,1694,0.06960294246844981
27,2525,32,1.0,283,805,1720,0.06900988328184997
10,2535,32,0.0,284,805,1730,0.06842272513275337
6,2541,32,0.0,285,807,1734,0.06784140930485581
6,2547,32,0.0,286,809,1738,0.06726587766609007
11,2558,32,0.0,287,810,1748,0.06669607266281269
7,2565,32,0.0,288,810,1755,0.06613193731404843
8,2573,32,0.0,289,812,1761,0.06557341520579238
16,2589,33,1.0,290,812,1777,0.06502045048536823
9,2598,34,1.0,291,813,1785,0.06447298785584316
18,2616,34,0.0,292,813,1803,0.06393097257049796
10,2626,35,1.0,293,814,1812,0.06339435042735246
5,2631,35,0.0,294,815,1816,0.06286306776374512
17,2648,35,0.0,295,817,1831,0.06233707145096687
17,2665,35,0.0,296,817,1848,0.06181630888894806
2,2667,35,0.0,297,819,1848,0.061300728000998575
9,2676,36,1.0,298,819,1857,0.06079027722859992
9,2685,37,1.0,299,819,1866,0.060284905526249516
9,2694,38,1.0,300,819,1875,0.05978456235635595
9,2703,39,1.0,301,819,1884,0.05928919768418531
17,2720,39,0.0,302,820,1900,0.05879876197285753
12,2732,39,0.0,303,822,1910,0.058313206178392835
6,2738,39,0.0,304,822,1916,0.05783248174480709
6,2744,39,0.0,305,822,1922,0.057356540599256385
9,2753,40,1.0,306,823,1930,0.0568853351472295
8,2761,40,0.0,307,823,1938,0.0564188182677886
4,2765,40,0.0,308,824,1941,0.05595694330885694
9,2774,41,1.0,309,824,1950,0.05549966408255377
9,2783,42,1.0,310,824,1959,0.05504693486057535
11,2794,42,0.0,311,825,1969,0.05459871036962222
9,2803,43,1.0,312,825,1978,0.05415494578687179
16,2819,43,0.0,313,826,1993,0.05371559673549593
8,2827,43,0.0,314,827,2000,0.053280619280223436
9,2836,44,1.0,315,827,2009,0.05284996992294624
6,2842,44,0.0,316,828,2014,0.05242360559836979
7,2849,45,1.0,317,828,2021,0.05200148366970627
3,2852,45,0.0,318,829,2023,0.051583561924411096
7,2859,46,1.0,319,829,2030,0.05116979856996143
7,2866,47,1.0,320,830,2036,0.050760152229677065
18,2884,47,0.0,321,832,2052,0.05035458193858255
8,2892,47,0.0,322,835,2057,0.049953047139310834
8,2900,47,0.0,323,835,2065,0.04955550767804736
6,2906,47,0.0,324,835,2071,0.04916192380051474
5,2911,47,0.0,325,836,2075,0.0487722561479972
9,2920,48,1.0,326,836,2084,0.04838646575340479
9,2929,49,1.0,327,836,2093,0.04800451403737654
14,2943,49,0.0,328,837,2106,0.04762636280442257
12,2955,49,0.0,329,840,2115,0.04725197423910444
10,2965,49,0.0,330,841,2124,0.04688131090225365
10,2975,49,0.0,331,841,2134,0.046514335727227595
12,2987,49,0.0,332,842,2145,0.046151012016203
3,2990,49,0.0,333,843,2147,0.04579130343650595
3,2993,49,0.0,334,843,2150,0.04543517401697875
12,3005,49,0.0,335,843,2162,0.04508258814438266
10,3015,49,0.0,336,845,2170,0.04473351055983658
3,3018,49,0.0,337,845,2173,0.044387906355291176
6,3024,49,0.0,338,845,2179,0.04404574097003798
6,3030,49,0.0,339,845,2185,0.04370698018725335
10,3040,50,1.0,340,845,2195,0.043371590130576676
3,3043,50,0.0,341,845,2198,0.04303953726072282
6,3049,50,0.0,342,845,2204,0.042710788372128064
20,3069,50,0.0,343,845,2224,0.042385310589629625
6,3075,50,0.0,344,846,2229,0.04206307136517797
6,3081,50,0.0,345,846,2235,0.04174403847458216
6,3087,50,0.0,346,846,2241,0.04142818001428726
6,3093,50,0.0,347,846,2247,0.04111546439818403
6,3099,50,0.0,348,846,2253,0.04080586035445025
8,3107,50,0.0,349,847,2260,0.040499336922423565
20,3127,50,0.0,350,847,2280,0.040195863449505306
10,3137,50,0.0,351,847,2290,0.039895409588095315
25,3162,50,0.0,352,847,2315,0.039597945292557044
13,3175,50,0.0,353,848,2327,0.03930344081621308
7,3182,50,0.0,354,848,2334,0.03901186670837034
14,3196,50,0.0,355,848,2348,0.03872319381137508
27,3223,51,1.0,356,848,2375,0.03843739325769703
7,3230,52,1.0,357,848,2382,0.03815443646704266
7,3237,53,1.0,358,849,2388,0.03787429514349709
7,3244,54,1.0,359,849,2395,0.03759694127269454
7,3251,55,1.0,360,849,2402,0.037322347119016795
7,3258,56,1.0,361,849,2409,0.03705048522281963
3,3261,56,0.0,362,850,2411,0.03678132839768691
7,3268,56,0.0,363,851,2417,0.036514849727711796
7,3275,57,1.0,364,851,2424,0.03625102256480524
7,3282,58,1.0,365,851,2431,0.03598982052603108
7,3289,59,1.0,366,851,2438,0.0357312174909678
7,3296,60,1.0,367,851,2445,0.03547518759909634
7,3303,61,1.0,368,851,2452,0.035221705247214206
7,3310,62,1.0,369,851,2459,0.03497074508687494
7,3317,63,1.0,370,851,2466,0.034722282021853394
7,3324,64,1.0,371,851,2473,0.034476291205635994
7,3331,65,1.0,372,851,2480,0.034232748038936146
4,3335,65,0.0,373,852,2483,0.0339916281672342
7,3342,66,1.0,374,852,2490,0.03375290747834208
7,3349,67,1.0,375,852,2497,0.033516562099991945
7,3356,68,1.0,376,852,2504,0.03328256839744902
14,3370,68,0.0,377,853,2517,0.03305090297114803
3,3373,68,0.0,378,854,2519,0.03282154265435332
7,3380,69,1.0,379,854,2526,0.03259446451084204
7,3387,70,1.0,380,854,2533,0.03236964583261064
7,3394,71,1.0,381,854,2540,0.03214706413760394
7,3401,72,1.0,382,854,2547,0.03192669716746694
7,3408,73,1.0,383,854,2554,0.031708522885318995
7,3415,74,1.0,384,854,2561,0.031492519473550085
12,3427,74,0.0,385,855,2572,0.031278665331639026
17,3444,74,0.0,386,857,2587,0.031066939073993396
17,3461,74,0.0,387,857,2604,0.030857319527811018
7,3468,75,1.0,388,857,2611,0.030649785730962574
7,3475,76,1.0,389,857,2618,0.030444316929895437
7,3482,77,1.0,390,857,2625,0.030240892577558277
7,3489,78,1.0,391,858,2631,0.030039492331346347
7,3496,79,1.0,392,858,2638,0.029840096051067175
7,3503,80,1.0,393,858,2645,0.029642683796926583
7,3510,81,1.0,394,858,2652,0.02944723582753464
26,3536,81,0.0,395,859,2677,0.029253732597931535
29,3565,81,0.0,396,859,2706,0.029062154757633053
22,3587,81,0.0,397,860,2727,0.02887248314869552
9,3596,81,0.0,398,861,2735,0.028684698803799973
13,3609,81,0.0,399,861,2748,0.02849878294435545
13,3622,81,0.0,400,861,2761,0.02831471697862105
17,3639,82,1.0,401,862,2777,0.028132482499846838
15,3654,82,0.0,402,862,2792,0.027952061284433068
13,3667,82,0.0,403,862,2805,0.02777343529010782
17,3684,82,0.0,404,862,2822,0.027596586654122846
10,3694,82,0.0,405,863,2831,0.027421497691467157
10,3704,82,0.0,406,864,2840,0.02724815089309858
15,3719,83,1.0,407,865,2854,0.0270765289241928
9,3728,83,0.0,408,866,2862,0.026906614622409945
13,3741,83,0.0,409,866,2875,0.026738390996178224
6,3747,84,1.0,410,866,2881,0.026571841222994823
6,3753,85,1.0,411,866,2887,0.026406948647743643
6,3759,86,1.0,412,866,2893,0.026243696781029717
6,3765,87,1.0,413,866,2899,0.026082069297530375
6,3771,88,1.0,414,866,2905,0.02592205003436255
6,3777,89,1.0,415,866,2911,0.025763622989466578
7,3784,89,0.0,416,867,2917,0.025606772320005942
6,3790,90,1.0,417,867,2923,0.025451482340783003
6,3796,91,1.0,418,867,2929,0.02529773752267042
6,3802,92,1.0,419,867,2935,0.025145522491058264
6,3808,93,1.0,420,867,2941,0.02499482202431651
6,3814,94,1.0,421,867,2947,0.024845621052272927
6,3820,95,1.0,422,867,2953,0.024697904654705963
6,3826,96,1.0,423,867,2959,0.024551658059852766
6,3832,97,1.0,424,867,2965,0.024406866642931964
6,3838,98,1.0,425,867,2971,0.024263515924681227
9,3847,98,0.0,426,868,2979,0.024121591569909263
6,3853,99,1.0,427,868,2985,0.023981079386062323
5,3858,99,0.0,428,869,2989,0.023841965321804916
6,3864,100,1.0,429,869,2995,0.023704235465614704
6,3870,101,1.0,430,869,3001,0.023567876044391298
22,3892,101,0.0,431,870,3022,0.023432873422078924
6,3898,102,1.0,432,870,3028,0.02329921409830285
6,3904,102,0.0,433,871,3033,0.02316688470701933
6,3910,103,1.0,434,871,3039,0.023035872015178954
6,3916,104,1.0,435,871,3045,0.022906162921403357
16,3932,105,1.0,436,873,3059,0.022777744454675064
7,3939,106,1.0,437,873,3066,0.0226506037730404
7,3946,107,1.0,438,873,3073,0.02252472816232525
7,3953,108,1.0,439,873,3080,0.022400105034863643
7,3960,109,1.0,440,873,3087,0.02227672192823897
7,3967,110,1.0,441,873,3094,0.02215456650403775
7,3974,111,1.0,442,873,3101,0.022033626546615788
7,3981,112,1.0,443,873,3108,0.021913889961876536
7,3988,113,1.0,444,873,3115,0.02179534477606175
7,3995,114,1.0,445,873,3122,0.02167797913455405
7,4002,115,1.0,446,873,3129,0.021561781300691488
7,4009,116,1.0,447,873,3136,0.02144673965459385
7,4016,117,1.0,448,873,3143,0.021332842692000656
7,4023,118,1.0,449,873,3150,0.021220079023120713
7,4030,119,1.0,450,873,3157,0.02110843737149319
7,4037,120,1.0,451,873,3164,0.02099790657285988
7,4044,121,1.0,452,873,3171,0.020888475574048812
7,4051,122,1.0,453,873,3178,0.020780133431868894
7,4058,123,1.0,454,873,3185,0.020672869312015653
7,4065,124,1.0,455,873,3192,0.020566672487987697
7,4072,125,1.0,456,874,3198,0.02046153234001413
7,4079,126,1.0,457,874,3205,0.02035743835399253
7,4086,127,1.0,458,874,3212,0.020254380120437558
7,4093,128,1.0,459,874,3219,0.02015234733343998
7,4100,129,1.0,460,874,3226,0.020051329789636065
7,4107,130,1.0,461,874,3233,0.01995131738718724
7,4114,131,1.0,462,874,3240,0.019852300124769934
7,4121,132,1.0,463,874,3247,0.019754268100575387
20,4141,132,0.0,464,875,3266,0.019657211511319474
7,4148,133,1.0,465,875,3273,0.0195611206512624
7,4155,134,1.0,466,875,3280,0.01946598591123807
7,4162,135,1.0,467,875,3287,0.01937179777769322
8,4170,135,0.0,468,876,3294,0.019278546831735997
7,4177,136,1.0,469,876,3301,0.019186223748194096
7,4184,137,1.0,470,876,3308,0.01909481929468222
7,4191,138,1.0,471,876,3315,0.019004324330678855
7,4198,139,1.0,472,876,3322,0.018914729806612192
7,4205,140,1.0,473,876,3329,0.01882602676295516
7,4212,141,1.0,474,876,3336,0.018738206329329453
11,4223,141,0.0,475,877,3346,0.018651259723618557
7,4230,142,1.0,476,877,3353,0.01856517825108943
17,4247,142,0.0,477,878,3369,0.018479953303523082
12,4259,143,1.0,478,880,3379,0.018395576358353725
12,4271,143,0.0,479,882,3389,0.018312038977816556
29,4300,143,0.0,480,883,3417,0.018229332808103887
12,4312,143,0.0,481,883,3429,0.01814744957852983
10,4322,143,0.0,482,883,3439,0.01806638110070318
11,4333,143,0.0,483,883,3450,0.01798611926770862
7,4340,144,1.0,484,883,3457,0.017906656053295947
7,4347,145,1.0,485,883,3464,0.017827983511077505
7,4354,146,1.0,486,883,3471,0.01775009377373351
7,4361,147,1.0,487,883,3478,0.017672979052225327
7,4368,148,1.0,488,883,3485,0.017596631635016534
7,4375,149,1.0,489,883,3492,0.01752104388730179
7,4382,150,1.0,490,883,3499,0.017446208250243338
7,4389,151,1.0,491,883,3506,0.017372117240215094
7,4396,152,1.0,492,883,3513,0.01729876344805433
7,4403,153,1.0,493,883,3520,0.0172261395383207
56,4459,153,0.0,494,884,3575,0.017154238248562697
7,4466,154,1.0,495,884,3582,0.017083052388591435
7,4473,155,1.0,496,884,3589,0.017012574839761596
27,4500,156,1.0,497,884,3616,0.01694279855425957
56,4556,156,0.0,498,885,3671,0.016873716554398652
10,4566,157,1.0,499,886,3680,0.016805321931921288
3,4569,157,0.0,500,886,3683,0.01673760784730824
3,4572,157,0.0,501,886,3686,0.016670567529094613
7,4579,158,1.0,502,886,3693,0.01660419427319272
7,4586,159,1.0,503,886,3700,0.016538481442221656
7,4593,160,1.0,504,886,3707,0.016473422464843575
7,4600,161,1.0,505,887,3713,0.01640901083510651
7,4607,162,1.0,506,887,3720,0.01634524011179382
7,4614,163,1.0,507,887,3727,0.016282103917780018
7,4621,164,1.0,508,887,3734,0.01621959593939311
7,4628,165,1.0,509,887,3741,0.016157709925783147
7,4635,166,1.0,510,887,3748,0.016096439688297208
7,4642,167,1.0,511,887,3755,0.016035779099860478
7,4649,168,1.0,512,887,3762,0.01597572209436357
7,4656,169,1.0,513,887,3769,0.015916262666055885
7,4663,170,1.0,514,887,3776,0.015857394868945038
7,4670,171,1.0,515,887,3783,0.015799112816202266
7,4677,172,1.0,516,887,3790,0.01574141067957372
7,4684,173,1.0,517,887,3797,0.01568428268879766
7,4691,174,1.0,518,887,3804,0.0156277231310274
7,4698,175,1.0,519,887,3811,0.015571726350260025
7,4705,176,1.0,520,887,3818,0.015516286746770792
8,4713,176,0.0,521,888,3825,0.015461398776553163
6,4719,177,1.0,522,889,3830,0.015407056950764372
8,4727,177,0.0,523,889,3838,0.01535325583517655
7,4734,178,1.0,524,889,3845,0.015299990049633304
7,4741,179,1.0,525,889,3852,0.015247254267511699
7,4748,180,1.0,526,890,3858,0.015195043215189571
15,4763,180,0.0,527,891,3872,0.015143351671518179
29,4792,180,0.0,528,892,3900,0.015092174467300075
3,4795,180,0.0,529,893,3902,0.015041506484772198
14,4809,180,0.0,530,893,3916,0.01499134265709407
56,4865,180,0.0,531,893,3972,0.014941677967841115
6,4871,180,0.0,532,893,3978,0.01489250745050302
6,4877,180,0.0,533,893,3984,0.014843826187987082
17,4894,180,0.0,534,893,4001,0.014795629312126479
7,4901,180,0.0,535,893,4008,0.014747912003193458
17,4918,180,0.0,536,893,4025,0.014700669489417359
11,4929,180,0.0,537,893,4036,0.014653897046507443
8,4937,180,0.0,538,893,4044,0.01460758999718044
13,4950,180,0.0,539,893,4057,0.014561743710692824
6,4956,180,0.0,540,893,4063,0.014516353602377746
8,4964,180,0.0,541,893,4071,0.01447141513318654
13,4977,180,0.0,542,894,4083,0.014426923809234849
8,4985,180,0.0,543,894,4091,0.014382875181353196
11,4996,180,0.0,544,894,4102,0.01433926484464209
16,5012,181,1.0,545,894,4118,0.014296088438031505
19,5031,182,1.0,546,894,4137,0.014253341643844817
16,5047,183,1.0,547,894,4153,0.014211020187366974
20,5067,183,0.0,548,894,4173,0.014169119836417065
12,5079,184,1.0,549,894,4185,0.01412763640092507
20,5099,184,0.0,550,894,4205,0.014086565732512882
11,5110,185,1.0,551,894,4216,0.014045903724079427
11,5121,186,1.0,552,894,4227,0.014005646309389977
11,5132,187,1.0,553,894,4238,0.013965789462669513
11,5143,188,1.0,554,894,4249,0.013926329198200155
11,5154,189,1.0,555,894,4260,0.013887261569922569
11,5165,190,1.0,556,894,4271,0.01384858267104137
11,5176,191,1.0,557,894,4282,0.013810288633634434
11,5187,192,1.0,558,894,4293,0.013772375628266116
11,5198,193,1.0,559,894,4304,0.013734839863604284
11,5209,194,1.0,560,894,4315,0.013697677586041186
11,5220,195,1.0,561,894,4326,0.0136608850793181
11,5231,196,1.0,562,894,4337,0.013624458664153696
11,5242,197,1.0,563,894,4348,0.013588394697876097
11,5253,198,1.0,564,894,4359,0.013552689574058628
11,5264,199,1.0,565,894,4370,0.013517339722159148
11,5275,200,1.0,566,894,4381,0.013482341607163007
11,5286,201,1.0,567,894,4392,0.013447691729229546
11,5297,202,1.0,568,894,4403,0.013413386623342096
11,5308,203,1.0,569,894,4414,0.013379422858961477
11,5319,204,1.0,570,894,4425,0.013345797039682946
11,5330,205,1.0,571,894,4436,0.01331250580289656
11,5341,206,1.0,572,894,4447,0.013279545819450893
11,5352,207,1.0,573,894,4458,0.013246913793320138
11,5363,208,1.0,574,894,4469,0.01321460646127448
11,5374,209,1.0,575,894,4480,0.013182620592553802
11,5385,210,1.0,576,894,4491,0.01315095298854457
11,5396,211,1.0,577,894,4502,0.013119600482459998
11,5407,212,1.0,578,894,4513,0.013088559939023343
11,5418,213,1.0,579,894,4524,0.013057828254154401
11,5429,214,1.0,580,894,4535,0.013027402354659073
11,5440,215,1.0,581,894,4546,0.012997279197922058
11,5451,216,1.0,582,894,4557,0.012967455771602571
11,5462,217,1.0,583,894,4568,0.012937929093333135
11,5473,218,1.0,584,894,4579,0.012908696210421315
11,5484,219,1.0,585,894,4590,0.012879754199554458
11,5495,220,1.0,586,894,4601,0.012851100166507357
11,5506,221,1.0,587,894,4612,0.012822731245852837
11,5517,222,1.0,588,894,4623,0.012794644600675184
11,5528,223,1.0,589,894,4634,0.012766837422286476
11,5539,224,1.0,590,894,4645,0.012739306929945703
11,5550,225,1.0,591,894,4656,0.012712050370580685
4,5554,225,0.0,592,895,4659,0.012685065018512777
11,5565,226,1.0,593,895,4670,0.012658348175184284
11,5576,227,1.0,594,895,4681,0.012631897168888604
11,5587,228,1.0,595,895,4692,0.012605709354503067
11,5598,229,1.0,596,895,4703,0.012579782113224414
11,5609,230,1.0,597,895,4714,0.012554112852306908
11,5620,231,1.0,598,895,4725,0.012528699004803068
11,5631,232,1.0,599,895,4736,0.012503538029306963
11,5642,233,1.0,600,895,4747,0.012478627409700078
5,5647,233,0.0,601,896,4751,0.012453964654899695
11,5658,234,1.0,602,896,4762,0.012429547298609778
11,5669,235,1.0,603,896,4773,0.01240537289907435
11,5680,236,1.0,604,896,4784,0.012381439038833314
11,5691,236,0.0,605,897,4794,0.012357743324480702
11,5702,236,0.0,606,897,4805,0.01233428338642533
8,5710,236,0.0,607,898,4812,0.012311056878653841
11,5721,237,1.0,608,898,4823,0.012288061478496108
11,5732,237,0.0,609,898,4834,0.012265294886392948
11,5743,237,0.0,610,898,4845,0.01224275482566618
11,5754,237,0.0,611,898,4856,0.012220439042290943
11,5765,237,0.0,612,898,4867,0.012198345304670311
8,5773,237,0.0,613,898,4875,0.012176471403412107
11,5784,237,0.0,614,898,4886,0.012154815151107974
15,5799,237,0.0,615,898,4901,0.012133374382114637
46,5845,237,0.0,616,898,4947,0.012112146952337331
23,5868,237,0.0,617,898,4970,0.012091130739015387
6,5874,237,0.0,618,898,4976,0.012070323640509958
6,5880,237,0.0,619,898,4982,0.012049723576093858
6,5886,237,0.0,620,898,4988,0.012029328485743472
17,5903,237,0.0,621,898,5005,0.012009136329932777
6,5909,237,0.0,622,898,5011,0.01198914508942936
25,5934,237,0.0,623,898,5036,0.011969352765092513
34,5968,237,0.0,624,899,5069,0.011949757377673304
17,5985,237,0.0,625,899,5086,0.01193035696761667
17,6002,237,0.0,626,899,5103,0.011911149594865432
17,6019,237,0.0,627,900,5119,0.011892133338666311
17,6036,237,0.0,628,900,5136,0.01187330629737784
14,6050,237,0.0,629,900,5150,0.011854666588280199
15,6065,237,0.0,630,900,5165,0.011836212347386948
8,6073,237,0.0,631,900,5173,0.011817941729258619
11,6084,238,1.0,632,900,5184,0.011799852906818169
10,6094,238,0.0,633,900,5194,0.011781944071168286
13,6107,238,0.0,634,900,5207,0.011764213431410478
7,6114,238,0.0,635,900,5214,0.011746659214465993
13,6127,238,0.0,636,900,5227,0.011729279664898506
17,6144,238,0.0,637,900,5244,0.011712073044738584
33,6177,239,1.0,638,901,5276,0.011695037633309868
13,6190,239,0.0,639,901,5289,0.011678171727057018
13,6203,239,0.0,640,901,5302,0.011661473639375353
13,6216,239,0.0,641,901,5315,0.011644941700442194
16,6232,240,1.0,642,901,5331,0.011628574257049868
14,6246,241,1.0,643,901,5345,0.011612369672440398
14,6260,242,1.0,644,901,5359,0.011596326326141817
14,6274,243,1.0,645,901,5373,0.011580442613806126
14,6288,244,1.0,646,901,5387,0.011564716947048855
14,6302,245,1.0,647,901,5401,0.011549147753290225
14,6316,246,1.0,648,901,5415,0.011533733475597885
14,6330,247,1.0,649,901,5429,0.011518472572531219
14,6344,248,1.0,650,901,5443,0.011503363517987204
14,6358,249,1.0,651,901,5457,0.011488404801047796
10,6368,249,0.0,652,902,5466,0.011473594925828836
10,6378,249,0.0,653,902,5476,0.011458932411330456
10,6388,249,0.0,654,902,5486,0.01144441579128899
18,6406,249,0.0,655,902,5504,0.011430043614030338
10,6416,249,0.0,656,902,5514,0.011415814442324796
10,6426,249,0.0,657,902,5524,0.011401726853243335
9,6435,250,1.0,658,902,5533,0.011387779438015309
7,6442,250,0.0,659,903,5539,0.011373970801887569
32,6474,250,0.0,660,903,5571,0.011360299563985
11,6485,250,0.0,661,903,5582,0.011346764357172414
11,6496,250,0.0,662,903,5593,0.011333363827917855
11,6507,250,0.0,663,903,5604,0.011320096636157226
11,6518,250,0.0,664,903,5615,0.011306961455160297
11,6529,250,0.0,665,903,5626,0.011293956971398022
11,6540,250,0.0,666,903,5637,0.01128108188441119
32,6572,250,0.0,667,903,5669,0.01126833490668037
15,6587,250,0.0,668,903,5684,0.011255714763497167
12,6599,251,1.0,669,903,5696,0.011243220192836747
12,6611,252,1.0,670,903,5708,0.011230849945231628
12,6623,253,1.0,671,903,5720,0.011218602783646746
12,6635,254,1.0,672,904,5731,0.011206477483355735
12,6647,255,1.0,673,904,5743,0.01119447283181846
12,6659,256,1.0,674,905,5754,0.011182587628559764
12,6671,257,1.0,675,905,5766,0.011170820685049418
12,6683,258,1.0,676,905,5778,0.011159170824583262
12,6695,259,1.0,677,906,5789,0.011147636882165546
12,6707,260,1.0,678,906,5801,0.011136217704392411
12,6719,261,1.0,679,906,5813,0.011124912149336568
12,6731,262,1.0,680,906,5825,0.01111371908643309
12,6743,263,1.0,681,906,5837,0.011102637396366355
12,6755,264,1.0,682,906,5849,0.011091665970958125
12,6767,265,1.0,683,906,5861,0.011080803713056716
12,6779,266,1.0,684,906,5873,0.011070049536427285
12,6791,267,1.0,685,906,5885,0.011059402365643208
10,6801,268,1.0,686,907,5894,0.011048861135978534
9,6810,269,1.0,687,907,5903,0.011038424793301511
9,6819,270,1.0,688,907,5912,0.011028092293969175
9,6828,271,1.0,689,907,5921,0.011017862604722983
9,6837,272,1.0,690,907,5930,0.011007734702585483
9,6846,273,1.0,691,907,5939,0.010997707574758025
9,6855,274,1.0,692,907,5948,0.010987780218519469
9,6864,275,1.0,693,907,5957,0.010977951641125918
9,6873,276,1.0,694,907,5966,0.010968220859711442
9,6882,277,1.0,695,907,5975,0.010958586901189789
9,6891,278,1.0,696,907,5984,0.01094904880215708
9,6900,279,1.0,697,907,5993,0.010939605608795464
9,6909,280,1.0,698,907,6002,0.010930256376777735
9,6918,281,1.0,699,907,6011,0.010921000171172899
9,6927,282,1.0,700,907,6020,0.010911836066352685
9,6936,283,1.0,701,907,6029,0.010902763145898971
9,6945,284,1.0,702,907,6038,0.010893780502512152
9,6954,285,1.0,703,907,6047,0.010884887237920403
9,6963,286,1.0,704,907,6056,0.010876082462789857
9,6972,287,1.0,705,907,6065,0.010867365296635659
9,6981,288,1.0,706,907,6074,0.010858734867733933
9,6990,289,1.0,707,907,6083,0.010850190313034594
9,6999,290,1.0,708,907,6092,0.010841730778075053
9,7008,291,1.0,709,907,6101,0.010833355416894765
9,7017,292,1.0,710,907,6110,0.01082506339195063
9,7026,293,1.0,711,907,6119,0.010816853874033245
9,7035,294,1.0,712,907,6128,0.010808726042183978
9,7044,295,1.0,713,907,6137,0.01080067908361287
12,7056,296,1.0,714,908,6148,0.01079271219361736
15,7071,297,1.0,715,909,6162,0.010784824575501804
13,7084,297,0.0,716,909,6175,0.010777015440497823
12,7096,298,1.0,717,909,6187,0.010769284007685407
9,7105,299,1.0,718,909,6196,0.01076162950391483
9,7114,300,1.0,719,909,6205,0.01075405116372934
9,7123,301,1.0,720,909,6214,0.010746548229288598
9,7132,302,1.0,721,909,6223,0.010739119950292912
9,7141,303,1.0,722,909,6232,0.010731765583908192
9,7150,304,1.0,723,909,6241,0.010724484394691668
9,7159,305,1.0,724,909,6250,0.010717275654518353
8,7167,305,0.0,725,910,6257,0.010710138642508221
9,7176,306,1.0,726,910,6266,0.010703072644954124
9,7185,307,1.0,727,910,6275,0.010696076955250418
9,7194,308,1.0,728,910,6284,0.010689150873822304
9,7203,309,1.0,729,910,6293,0.010682293708055865
9,7212,310,1.0,730,910,6302,0.010675504772228813
10,7222,311,1.0,731,911,6311,0.010668783387441906
9,7231,312,1.0,732,911,6320,0.010662128881551065
9,7240,313,1.0,733,911,6329,0.010655540589100154
9,7249,314,1.0,734,911,6338,0.010649017851254439
9,7258,315,1.0,735,911,6347,0.0106425600157347
9,7267,316,1.0,736,911,6356,0.010636166436752002
9,7276,317,1.0,737,911,6365,0.01062983647494312
9,7285,318,1.0,738,911,6374,0.010623569497306598
9,7294,319,1.0,739,911,6383,0.01061736487713945
9,7303,320,1.0,740,911,6392,0.010611221993974488
6,7309,320,0.0,741,912,6397,0.010605140233518277
9,7318,321,1.0,742,912,6406,0.010599118987589702
9,7327,322,1.0,743,912,6415,0.010593157654059155
6,7333,322,0.0,744,913,6420,0.010587255636788313
9,7342,323,1.0,745,913,6429,0.01058141234557053
9,7351,324,1.0,746,913,6438,0.01057562719607182
9,7360,325,1.0,747,913,6447,0.010569899609772403
9,7369,326,1.0,748,913,6456,0.010564229013908884
9,7378,327,1.0,749,913,6465,0.010558614841416947
9,7387,328,1.0,750,913,6474,0.010553056530874667
9,7396,329,1.0,751,913,6483,0.010547553526446355
9,7405,330,1.0,752,913,6492,0.010542105277826985
9,7414,331,1.0,753,913,6501,0.010536711240187152
9,7423,332,1.0,754,913,6510,0.0105313708741186
9,7432,333,1.0,755,913,6519,0.01052608364558027
9,7441,334,1.0,756,913,6528,0.010520849025844903
9,7450,335,1.0,757,913,6537,0.010515666491446161
9,7459,336,1.0,758,913,6546,0.01051053552412629
9,7468,337,1.0,759,913,6555,0.010505455610784278
9,7477,338,1.0,760,913,6564,0.010500426243424558
9,7486,339,1.0,761,913,6573,0.010495446919106205
9,7495,340,1.0,762,913,6582,0.010490517139892635
9,7504,341,1.0,763,913,6591,0.010485636412801822
9,7513,342,1.0,764,913,6600,0.010480804249756986
9,7522,343,1.0,765,913,6609,0.010476020167537797
9,7531,344,1.0,766,913,6618,0.010471283687732046
9,7540,345,1.0,767,913,6627,0.010466594336687809
9,7549,346,1.0,768,913,6636,0.010461951645466068
9,7558,347,1.0,769,913,6645,0.010457355149793835
9,7567,348,1.0,770,913,6654,0.010452804390017712
9,7576,349,1.0,771,913,6663,0.010448298911057929
9,7585,350,1.0,772,913,6672,0.010443838262362837
9,7594,351,1.0,773,913,6681,0.010439421997863846
9,7603,352,1.0,774,913,6690,0.010435049675930827
9,7612,353,1.0,775,913,6699,0.010430720859327945
9,7621,354,1.0,776,913,6708,0.01042643511516993
9,7630,355,1.0,777,913,6717,0.010422192014878798
6,7636,355,0.0,778,914,6722,0.01041799113414098
8,7644,355,0.0,779,914,6730,0.010413832052864903
17,7661,355,0.0,780,914,6747,0.010409714355138974
2,7663,355,0.0,781,914,6749,0.010405637629189989
19,7682,355,0.0,782,914,6768,0.010401601467341955
2,7684,355,0.0,783,914,6770,0.010397605465975325
8,7692,355,0.0,784,914,6778,0.01039364922548663
9,7701,356,1.0,785,914,6787,0.010389732350248527
9,7710,357,1.0,786,914,6796,0.010385854448570228
9,7719,358,1.0,787,914,6805,0.01038201513265833
9,7728,359,1.0,788,914,6814,0.010378214018578047
9,7737,360,1.0,789,914,6823,0.0103744507262148
9,7746,361,1.0,790,914,6832,0.010370724879236218
9,7755,362,1.0,791,914,6841,0.010367036105054498
9,7764,363,1.0,792,914,6850,0.010363384034789147
9,7773,364,1.0,793,914,6859,0.010359768303230097
6,7779,364,0.0,794,915,6864,0.010356188548801179
9,7788,365,1.0,795,915,6873,0.010352644413523964
9,7797,366,1.0,796,915,6882,0.010349135542981974
9,7806,367,1.0,797,915,6891,0.010345661586285228
9,7815,368,1.0,798,915,6900,0.010342222196035164
9,7824,369,1.0,799,915,6909,0.01033881702828989
9,7833,370,1.0,800,915,6918,0.010335445742529792
9,7842,371,1.0,801,915,6927,0.010332108001623487
9,7851,372,1.0,802,915,6936,0.010328803471794101
9,7860,373,1.0,803,915,6945,0.0103255318225859
9,7869,374,1.0,804,915,6954,0.010322292726831234
9,7878,375,1.0,805,915,6963,0.01031908586061783
9,7887,376,1.0,806,915,6972,0.010315910903256391
9,7896,377,1.0,807,915,6981,0.01031276753724854
9,7905,378,1.0,808,915,6990,0.010309655448255054
9,7914,379,1.0,809,915,6999,0.01030657432506444
9,7923,380,1.0,810,915,7008,0.010303523859561813
9,7932,381,1.0,811,915,7017,0.01030050374669808
9,7941,382,1.0,812,915,7026,0.010297513684459435
9,7950,383,1.0,813,915,7035,0.010294553373837166
9,7959,384,1.0,814,915,7044,0.010291622518797741
18,7977,384,0.0,815,916,7061,0.010288720826253218
9,7986,385,1.0,816,916,7070,0.010285848006031922
9,7995,386,1.0,817,916,7079,0.010283003770849435
9,8004,387,1.0,818,916,7088,0.010280187836279871
9,8013,388,1.0,819,916,7097,0.010277399920727424
9,8022,389,1.0,820,916,7106,0.01027463974539822
9,8031,390,1.0,821,916,7115,0.010271907034272422
9,8040,391,1.0,822,916,7124,0.01026920151407664
9,8049,392,1.0,823,916,7133,0.010266522914256601
9,8058,393,1.0,824,916,7142,0.010263870966950093
9,8067,394,1.0,825,916,7151,0.01026124540696017
9,8076,395,1.0,826,916,7160,0.010258645971728651
9,8085,396,1.0,827,916,7169,0.010256072401309843
9,8094,397,1.0,828,916,7178,0.01025352443834456
9,8103,398,1.0,829,916,7187,0.010251001828034383
9,8112,399,1.0,830,916,7196,0.010248504318116178
9,8121,400,1.0,831,916,7205,0.010246031658836873
9,8130,401,1.0,832,916,7214,0.010243583602928479
9,8139,402,1.0,833,916,7223,0.010241159905583363
9,8148,403,1.0,834,916,7232,0.010238760324429774
9,8157,404,1.0,835,916,7241,0.010236384619507594
9,8166,405,1.0,836,916,7250,0.010234032553244354
9,8175,406,1.0,837,916,7259,0.010231703890431466
8,8183,406,0.0,838,918,7265,0.01022939839820071
9,8192,407,1.0,839,918,7274,0.010227115846000938
9,8201,408,1.0,840,918,7283,0.01022485600557503
9,8210,409,1.0,841,918,7292,0.01022261865093706
9,8219,410,1.0,842,918,7301,0.010220403558349701
9,8228,411,1.0,843,918,7310,0.010218210506301846
9,8237,412,1.0,844,918,7319,0.010216039275486465
9,8246,413,1.0,845,918,7328,0.010213889648778665
9,8255,414,1.0,846,918,7337,0.010211761411213984
9,8264,415,1.0,847,918,7346,0.010209654349966894
9,8273,416,1.0,848,918,7355,0.010207568254329514
9,8282,417,1.0,849,918,7364,0.01020550291569054
9,8291,418,1.0,850,918,7373,0.010203458127514388
9,8300,419,1.0,851,918,7382,0.010201433685320538
9,8309,420,1.0,852,918,7391,0.010199429386663081
9,8318,421,1.0,853,918,7400,0.010197445031110482
9,8327,422,1.0,854,918,7409,0.010195480420225531
9,8336,423,1.0,855,919,7417,0.010193535357545505
9,8345,424,1.0,856,919,7426,0.010191609648562514
9,8354,425,1.0,857,919,7435,0.010189703100704052
9,8363,426,1.0,858,919,7444,0.01018781552331375
9,8372,427,1.0,859,919,7453,0.01018594672763229
9,8381,428,1.0,860,919,7462,0.010184096526778551
18,8399,428,0.0,861,920,7479,0.010182264735730903
18,8417,428,0.0,862,920,7497,0.010180451171308717
8,8425,428,0.0,863,921,7504,0.010178655652154037
11,8436,428,0.0,864,921,7515,0.010176877998713455
17,8453,428,0.0,865,921,7532,0.01017511803322014
20,8473,428,0.0,866,921,7552,0.010173375579676082
21,8494,428,0.0,867,922,7572,0.01017165046383447
17,8511,429,1.0,868,922,7589,0.010169942513182286
17,8528,429,0.0,869,923,7605,0.010168251556923037
8,8536,429,0.0,870,923,7613,0.010166577425959692
8,8544,429,0.0,871,923,7621,0.010164919952877757
9,8553,429,0.0,872,923,7630,0.010163278971928544
14,8567,430,1.0,873,923,7644,0.01016165431901259
20,8587,430,0.0,874,923,7664,0.01016004583166325
11,8598,430,0.0,875,923,7675,0.010158453349030448
17,8615,430,0.0,876,923,7692,0.010156876711864594
17,8632,430,0.0,877,923,7709,0.010155315762500658
11,8643,430,0.0,878,923,7720,0.0101537703448424
17,8660,430,0.0,879,923,7737,0.010152240304346772
9,8669,430,0.0,880,923,7746,0.010150725488008444
13,8682,431,1.0,881,923,7759,0.010149225744344521
11,8693,432,1.0,882,923,7770,0.01014774092337939
11,8704,433,1.0,883,923,7781,0.010146270876629714
11,8715,434,1.0,884,924,7791,0.010144815457089593
11,8726,434,0.0,885,925,7801,0.010143374519215861
8,8734,434,0.0,886,925,7809,0.01014194791891353
11,8745,435,1.0,887,925,7820,0.01014053551352138
9,8754,435,0.0,888,926,7828,0.010139137161797698
11,8765,436,1.0,889,926,7839,0.010137752723906142
11,8776,437,1.0,890,926,7850,0.01013638206140177
11,8787,438,1.0,891,926,7861,0.010135025037217192
11,8798,439,1.0,892,926,7872,0.010133681515648855
11,8809,440,1.0,893,926,7883,0.010132351362343486
11,8820,441,1.0,894,926,7894,0.010131034444284644
11,8831,442,1.0,895,926,7905,0.010129730629779427
11,8842,443,1.0,896,926,7916,0.010128439788445296
11,8853,444,1.0,897,926,7927,0.010127161791197044
11,8864,445,1.0,898,926,7938,0.01012589651023388
11,8875,446,1.0,899,926,7949,0.010124643819026653
11,8886,447,1.0,900,926,7960,0.0101234035923052
11,8897,448,1.0,901,926,7971,0.010122175706045813
11,8908,449,1.0,902,926,7982,0.010120960037458845
11,8919,450,1.0,903,926,7993,0.010119756464976423
13,8932,450,0.0,904,928,8004,0.010118564868240294
11,8943,451,1.0,905,928,8015,0.010117385128089795
11,8954,452,1.0,906,928,8026,0.010116217126549927
11,8965,453,1.0,907,928,8037,0.010115060746819561
11,8976,454,1.0,908,928,8048,0.010113915873259762
11,8987,455,1.0,909,928,8059,0.010112782391382219
11,8998,456,1.0,910,928,8070,0.010111660187837799
11,9009,457,1.0,911,928,8081,0.010110549150405214
11,9020,458,1.0,912,928,8092,0.010109449167979795
11,9031,459,1.0,913,928,8103,0.010108360130562379
11,9042,460,1.0,914,928,8114,0.010107281929248322
11,9053,461,1.0,915,928,8125,0.010106214456216591
11,9064,462,1.0,916,928,8136,0.010105157604718994
11,9075,463,1.0,917,928,8147,0.010104111269069502
11,9086,464,1.0,918,928,8158,0.010103075344633675
11,9097,465,1.0,919,928,8169,0.010102049727818207
11,9108,465,0.0,920,929,8179,0.010101034316060565
11,9119,466,1.0,921,929,8190,0.010100029007818723
11,9130,467,1.0,922,929,8201,0.01009903370256102
11,9141,468,1.0,923,929,8212,0.010098048300756102
11,9152,469,1.0,924,930,8222,0.010097072703862968
11,9163,470,1.0,925,930,8233,0.010096106814321115
11,9174,471,1.0,926,930,8244,0.01009515053554078
11,9185,472,1.0,927,930,8255,0.010094203771893295
11,9196,473,1.0,928,930,8266,0.010093266428701501
11,9207,474,1.0,929,930,8277,0.0100923384122303
11,9218,475,1.0,930,930,8288,0.01009141962967727
11,9229,476,1.0,931,930,8299,0.010090509989163391
11,9240,477,1.0,932,930,8310,0.010089609399723856
11,9251,478,1.0,933,930,8321,0.010088717771298966
11,9262,479,1.0,934,930,8332,0.010087835014725138
11,9273,480,1.0,935,930,8343,0.010086961041725979
11,9284,481,1.0,936,930,8354,0.01008609576490346
11,9295,482,1.0,937,930,8365,0.010085239097729176
11,9306,483,1.0,938,930,8376,0.0100843909545357
6,9312,483,0.0,939,931,8381,0.010083551250508005
11,9323,484,1.0,940,931,8392,0.010082719901674985
11,9334,485,1.0,941,931,8403,0.010081896824901066
11,9345,486,1.0,942,931,8414,0.010081081937877885
11,9356,487,1.0,943,931,8425,0.01008027515911606
11,9367,488,1.0,944,931,8436,0.010079476407937044
11,9378,489,1.0,945,931,8447,0.010078685604465051
11,9389,490,1.0,946,931,8458,0.010077902669619077
11,9400,491,1.0,947,931,8469,0.010077127525104984
11,9411,492,1.0,948,931,8480,0.010076360093407673
11,9422,493,1.0,949,931,8491,0.010075600297783338
11,9433,494,1.0,950,931,8502,0.010074848062251781
11,9444,495,1.0,951,931,8513,0.010074103311588823
11,9455,496,1.0,952,931,8524,0.010073365971318778
11,9466,497,1.0,953,931,8535,0.010072635967707003
11,9477,498,1.0,954,931,8546,0.010071913227752527
11,9488,499,1.0,955,931,8557,0.010071197679180756
11,9499,500,1.0,956,931,8568,0.010070489250436234
11,9510,501,1.0,957,931,8579,0.010069787870675497
11,9521,502,1.0,958,931,8590,0.010069093469759984
11,9532,503,1.0,959,931,8601,0.010068405978249026
11,9543,504,1.0,960,931,8612,0.010067725327392897
11,9554,505,1.0,961,931,8623,0.010067051449125945
6,9560,505,0.0,962,932,8628,0.010066384276059784
11,9571,506,1.0,963,932,8639,0.010065723741476547
11,9582,507,1.0,964,932,8650,0.01006506977932223
11,9593,508,1.0,965,932,8661,0.010064422324200068
11,9604,509,1.0,966,932,8672,0.010063781311364012
11,9615,510,1.0,967,932,8683,0.010063146676712244
11,9626,511,1.0,968,932,8694,0.01006251835678077
11,9637,512,1.0,969,932,8705,0.010061896288737071
11,9648,513,1.0,970,932,8716,0.01006128041037383
11,9659,514,1.0,971,932,8727,0.01006067066010269
11,9670,515,1.0,972,932,8738,0.01006006697694812
11,9681,516,1.0,973,932,8749,0.010059469300541302
11,9692,517,1.0,974,933,8759,0.010058877571114096
11,9703,518,1.0,975,933,8770,0.010058291729493065
11,9714,519,1.0,976,934,8780,0.01005771171709356
11,9725,520,1.0,977,934,8791,0.010057137475913858
11,9736,521,1.0,978,934,8802,0.010056568948529363
11,9747,522,1.0,979,934,8813,0.010056006078086861
11,9758,523,1.0,980,934,8824,0.01005544880829884
11,9769,524,1.0,981,934,8835,0.010054897083437856
11,9780,525,1.0,982,934,8846,0.010054350848330963
11,9791,526,1.0,983,934,8857,0.010053810048354195
11,9802,527,1.0,984,934,8868,0.010053274629427107
11,9813,528,1.0,985,934,8879,0.010052744538007355
11,9824,529,1.0,986,934,8890,0.01005221972108536
11,9835,530,1.0,987,934,8901,0.010051700126178988
11,9846,531,1.0,988,934,8912,0.010051185701328317
11,9857,532,1.0,989,934,8923,0.010050676395090436
11,9868,533,1.0,990,934,8934,0.010050172156534292
11,9879,534,1.0,991,934,8945,0.010049672935235614
11,9890,535,1.0,992,934,8956,0.010049178681271852
11,9901,536,1.0,993,934,8967,0.010048689345217202
11,9912,537,1.0,994,934,8978,0.010048204878137646
11,9923,538,1.0,995,934,8989,0.010047725231586075
11,9934,539,1.0,996,934,9000,0.010047250357597435
11,9945,540,1.0,997,934,9011,0.010046780208683928
11,9956,541,1.0,998,934,9022,0.010046314737830275
11,9967,542,1.0,999,934,9033,0.010045853898488999
11,9978,543,1.0,1000,934,9044,0.010045397644575786
11,9989,544,1.0,1001,934,9055,0.010044945930464861
11,10000,545,1.0,1002,934,9066,0.010044498710984437
11,10011,546,1.0,1003,934,9077,0.010044055941412194
11,10022,547,1.0,1004,935,9087,0.010043617577470805
11,10033,548,1.0,1005,935,9098,0.010043183575323512
11,10044,549,1.0,1006,935,9109,0.010042753891569738
11,10055,550,1.0,1007,935,9120,0.01004232848324075
11,10066,551,1.0,1008,935,9131,0.010041907307795358
11,10077,552,1.0,1009,935,9142,0.01004149032311567
17,10094,552,0.0,1010,937,9157,0.010041077487502869
11,10105,553,1.0,1011,937,9168,0.010040668759673048
17,10122,553,0.0,1012,938,9184,0.010040264098753086
11,10133,554,1.0,1013,938,9195,0.010039863464276553
11,10144,555,1.0,1014,938,9206,0.010039466816179668
11,10155,556,1.0,1015,938,9217,0.010039074114797288
11,10166,557,1.0,1016,939,9227,0.01003868532085895
17,10183,557,0.0,1017,940,9243,0.010038300395484938
20,10203,557,0.0,1018,940,9263,0.01003791930018239
11,10214,558,1.0,1019,940,9274,0.01003754199684146
11,10225,559,1.0,1020,940,9285,0.0100371684477315
11,10236,560,1.0,1021,940,9296,0.010036798615497286
11,10247,561,1.0,1022,940,9307,0.010036432463155286
11,10258,562,1.0,1023,940,9318,0.010036069954089965
11,10269,563,1.0,1024,940,9329,0.01003571105205011
11,10280,564,1.0,1025,940,9340,0.01003535572114522
11,10291,565,1.0,1026,940,9351,0.010035003925841906
11,10302,566,1.0,1027,940,9362,0.010034655630960348
11,10313,567,1.0,1028,940,9373,0.010034310801670764
11,10324,568,1.0,1029,940,9384,0.010033969403489941
12,10336,569,1.0,1030,943,9393,0.010033631402277775
6,10342,569,0.0,1031,943,9399,0.010033296764233863
6,10348,569,0.0,1032,943,9405,0.01003296545589412
11,10359,569,0.0,1033,944,9415,0.01003263744412744
11,10370,570,1.0,1034,944,9426,0.010032312696132369
11,10381,571,1.0,1035,944,9437,0.01003199117943384
11,10392,572,1.0,1036,944,9448,0.010031672861879913
11,10403,573,1.0,1037,944,9459,0.010031357711638567
11,10414,574,1.0,1038,945,9469,0.010031045697194518
11,10425,575,1.0,1039,946,9479,0.01003073678734606
11,10436,576,1.0,1040,946,9490,0.01003043095120195
11,10447,577,1.0,1041,946,9501,0.01003012815817832
11,10458,578,1.0,1042,946,9512,0.010029828377995615
11,10469,579,1.0,1043,946,9523,0.010029531580675564
11,10480,580,1.0,1044,946,9534,0.010029237736538193
11,10491,581,1.0,1045,946,9545,0.01002894681619884
11,10502,582,1.0,1046,946,9556,0.010028658790565229
11,10513,583,1.0,1047,946,9567,0.010028373630834558
11,10524,584,1.0,1048,946,9578,0.010028091308490614
11,10535,585,1.0,1049,946,9589,0.010027811795300929
11,10546,586,1.0,1050,946,9600,0.01002753506331395
11,10557,587,1.0,1051,946,9611,0.01002726108485625
17,10574,587,0.0,1052,947,9627,0.010026989832529752
11,10585,588,1.0,1053,947,9638,0.010026721279208999
11,10596,589,1.0,1054,947,9649,0.010026455398038434
11,10607,590,1.0,1055,947,9660,0.01002619216242972
11,10618,591,1.0,1056,947,9671,0.010025931546059077
11,10629,592,1.0,1057,947,9682,0.010025673522864646
11,10640,593,1.0,1058,947,9693,0.0100254180670439
11,10651,594,1.0,1059,947,9704,0.010025165153051038
11,10662,595,1.0,1060,947,9715,0.010024914755594453
11,10673,596,1.0,1061,947,9726,0.01002466684963419
11,10684,597,1.0,1062,947,9737,0.010024421410379444
11,10695,598,1.0,1063,947,9748,0.01002417841328609
11,10706,599,1.0,1064,947,9759,0.010023937834054211
11,10717,600,1.0,1065,947,9770,0.010023699648625687
11,10728,601,1.0,1066,947,9781,0.010023463833181775
17,10745,601,0.0,1067,948,9797,0.010023230364140734
11,10756,602,1.0,1068,948,9808,0.010022999218155467
11,10767,603,1.0,1069,948,9819,0.01002277037211118
17,10784,603,0.0,1070,949,9835,0.01002254380312308
11,10795,604,1.0,1071,949,9846,0.01002231948853408
11,10806,605,1.0,1072,949,9857,0.010022097405912533
11,10817,606,1.0,1073,949,9868,0.010021877533049992
11,10828,607,1.0,1074,949,9879,0.010021659847958985
11,10839,608,1.0,1075,949,9890,0.010021444328870826
11,10850,609,1.0,1076,949,9901,0.010021230954233424
11,10861,610,1.0,1077,949,9912,0.010021019702709136
11,10872,611,1.0,1078,949,9923,0.010020810553172638
11,10883,612,1.0,1079,949,9934,0.010020603484708799
11,10894,613,1.0,1080,949,9945,0.0100203984766106
11,10905,613,0.0,1081,950,9955,0.01002019550837706
15,10920,613,0.0,1082,950,9970,0.010019994559711188
9,10929,614,1.0,1083,950,9979,0.01001979561051795
32,10961,614,0.0,1084,950,10011,0.01001959864090226
32,10993,614,0.0,1085,950,10043,0.010019403631166992
9,11002,615,1.0,1086,950,10052,0.01001921056181101
6,11008,615,0.0,1087,950,10058,0.01001901941352722
9,11017,616,1.0,1088,950,10067,0.01001883016720063
9,11026,617,1.0,1089,951,10075,0.010018642803906453
9,11035,618,1.0,1090,951,10084,0.010018457304908203
9,11044,619,1.0,1091,951,10093,0.010018273651655822
9,11053,620,1.0,1092,951,10102,0.010018091825783837
9,11062,621,1.0,1093,951,10111,0.010017911809109508
9,11071,622,1.0,1094,951,10120,0.010017733583631014
9,11080,623,1.0,1095,951,10129,0.010017557131525663
9,11089,624,1.0,1096,951,10138,0.010017382435148095
9,11098,625,1.0,1097,951,10147,0.010017209477028527
6,11104,625,0.0,1098,952,10152,0.010017038239871004
9,11113,626,1.0,1099,952,10161,0.010016868706551666
9,11122,627,1.0,1100,952,10170,0.01001670086011704
9,11131,628,1.0,1101,952,10179,0.010016534683782344
9,11140,629,1.0,1102,953,10187,0.010016370160929804
9,11149,630,1.0,1103,953,10196,0.010016207275107
9,11158,631,1.0,1104,953,10205,0.010016046010025212
9,11167,632,1.0,1105,953,10214,0.0100158863495578
13,11180,632,0.0,1106,955,10225,0.01001572827773858
9,11189,633,1.0,1107,955,10234,0.010015571778760241
9,11198,634,1.0,1108,955,10243,0.010015416836972756
9,11207,635,1.0,1109,955,10252,0.010015263436881815
9,11216,636,1.0,1110,956,10260,0.010015111563147282
9,11225,637,1.0,1111,956,10269,0.010014961200581656
9,11234,638,1.0,1112,956,10278,0.010014812334148557
17,11251,638,0.0,1113,957,10294,0.010014664948961216
20,11271,638,0.0,1114,957,10314,0.010014519030280992
8,11279,638,0.0,1115,957,10322,0.010014374563515895
9,11288,639,1.0,1116,957,10331,0.01001423153421913
11,11299,639,0.0,1117,957,10342,0.010014089928087644
11,11310,639,0.0,1118,957,10353,0.01001394973096071
17,11327,639,0.0,1119,957,10370,0.010013810928818496
17,11344,639,0.0,1120,957,10387,0.010013673507780674
17,11361,639,0.0,1121,957,10404,0.010013537454105024
11,11372,639,0.0,1122,957,10415,0.010013402754186067
6,11378,639,0.0,1123,957,10421,0.010013269394553695
6,11384,639,0.0,1124,958,10426,0.010013137361871838
8,11392,639,0.0,1125,958,10434,0.010013006642937116
9,11401,640,1.0,1126,958,10443,0.010012877224677526
9,11410,641,1.0,1127,958,10452,0.010012749094151136
9,11419,642,1.0,1128,958,10461,0.010012622238544785
9,11428,643,1.0,1129,958,10470,0.010012496645172807
9,11437,644,1.0,1130,958,10479,0.01001237230147576
9,11446,645,1.0,1131,958,10488,0.01001224919501917
9,11455,646,1.0,1132,958,10497,0.01001212731349229
9,11464,647,1.0,1133,958,10506,0.010012006644706866
9,11473,648,1.0,1134,958,10515,0.010011887176595919
9,11482,649,1.0,1135,958,10524,0.010011768897212536
9,11491,650,1.0,1136,958,10533,0.010011651794728682
9,11500,651,1.0,1137,958,10542,0.010011535857434011
9,11509,652,1.0,1138,958,10551,0.010011421073734697
9,11518,653,1.0,1139,958,10560,0.010011307432152275
9,11527,654,1.0,1140,958,10569,0.01001119492132249
9,11536,655,1.0,1141,958,10578,0.010011083529994165
9,11545,656,1.0,1142,958,10587,0.010010973247028078
8,11553,656,0.0,1143,959,10594,0.010010864061395836
9,11562,657,1.0,1144,959,10603,0.01001075596217879
9,11571,658,1.0,1145,959,10612,0.010010648938566923
9,11580,659,1.0,1146,959,10621,0.010010542979857786
9,11589,660,1.0,1147,959,10630,0.010010438075455421
9,11598,661,1.0,1148,959,10639,0.010010334214869302
9,11607,662,1.0,1149,959,10648,0.010010231387713281
9,11616,663,1.0,1150,959,10657,0.010010129583704556
9,11625,664,1.0,1151,959,10666,0.010010028792662645
9,11634,665,1.0,1152,959,10675,0.010009929004508356
9,11643,666,1.0,1153,959,10684,0.010009830209262792
9,11652,667,1.0,1154,959,10693,0.010009732397046348
9,11661,668,1.0,1155,959,10702,0.010009635558077717
9,11670,669,1.0,1156,959,10711,0.010009539682672925
9,11679,670,1.0,1157,959,10720,0.010009444761244348
9,11688,671,1.0,1158,959,10729,0.010009350784299768
9,11697,672,1.0,1159,959,10738,0.01000925774244141
9,11706,673,1.0,1160,960,10746,0.01000916562636501
9,11715,674,1.0,1161,960,10755,0.010009074426858885
9,11724,675,1.0,1162,960,10764,0.010008984134803008
9,11733,676,1.0,1163,961,10772,0.010008894741168098
35,11768,676,0.0,1164,961,10807,0.010008806237014717
32,11800,676,0.0,1165,961,10839,0.010008718613492376
51,11851,676,0.0,1166,962,10889,0.010008631861838651
17,11868,676,0.0,1167,962,10906,0.010008545973378302
8,11876,676,0.0,1168,962,10914,0.010008460939522413
15,11891,676,0.0,1169,962,10929,0.010008376751767528
6,11897,676,0.0,1170,962,10935,0.010008293401694799
17,11914,676,0.0,1171,962,10952,0.01000821088096915
6,11920,676,0.0,1172,962,10958,0.010008129181338442
11,11931,676,0.0,1173,962,10969,0.01000804829463264
15,11946,676,0.0,1174,963,10983,0.01000796821276301
15,11961,676,0.0,1175,963,10998,0.010007888927721297
6,11967,676,0.0,1176,963,11004,0.010007810431578928
11,11978,676,0.0,1177,963,11015,0.010007732716486228
11,11989,676,0.0,1178,963,11026,0.01000765577467162
13,12002,676,0.0,1179,963,11039,0.010007579598440857
11,12013,676,0.0,1180,964,11049,0.010007504180176256
15,12028,676,0.0,1181,964,11064,0.010007429512335927
17,12045,676,0.0,1182,964,11081,0.010007355587453021
11,12056,676,0.0,1183,965,11091,0.010007282398134991
17,12073,676,0.0,1184,966,11107,0.010007209937062844
6,12079,676,0.0,1185,966,11113,0.01000713819699041
3,12082,676,0.0,1186,966,11116,0.010007067170743624
23,12105,676,0.0,1187,966,11139,0.010006996851219802
17,12122,676,0.0,1188,966,11156,0.010006927231386933
15,12137,676,0.0,1189,966,11171,0.010006858304282974
20,12157,676,0.0,1190,966,11191,0.01000679006301516
31,12188,676,0.0,1191,966,11222,0.010006722500759306
12,12200,676,0.0,1192,966,11234,0.010006655610759129
17,12217,676,0.0,1193,966,11251,0.010006589386325575
51,12268,676,0.0,1194,967,11301,0.010006523820836145
5,12273,676,0.0,1195,967,11306,0.010006458907734234
6,12279,676,0.0,1196,968,11311,0.010006394640528481
19,12298,677,1.0,1197,968,11330,0.010006331012792108
15,12313,677,0.0,1198,968,11345,0.01000626801816229
15,12328,677,0.0,1199,968,11360,0.010006205650339512
15,12343,677,0.0,1200,968,11375,0.010006143903086939
17,12360,677,0.0,1201,968,11392,0.010006082770229794
13,12373,677,0.0,1202,968,11405,0.010006022245654743
13,12386,677,0.0,1203,968,11418,0.010005962323309275
13,12399,677,0.0,1204,968,11431,0.010005902997201107
19,12418,677,0.0,1205,968,11450,0.010005844261397577
13,12431,677,0.0,1206,968,11463,0.010005786110025058
15,12446,677,0.0,1207,968,11478,0.010005728537268364
16,12462,678,1.0,1208,968,11494,0.010005671537370168
31,12493,678,0.0,1209,968,11525,0.010005615104630439
16,12509,678,0.0,1210,968,11541,0.01000555923340585
15,12524,678,0.0,1211,968,11556,0.010005503918109233
15,12539,678,0.0,1212,968,11571,0.010005449153209016
15,12554,678,0.0,1213,968,11586,0.01000539493322866
15,12569,678,0.0,1214,968,11601,0.010005341252746124
24,12593,678,0.0,1215,968,11625,0.010005288106393312
13,12606,678,0.0,1216,968,11638,0.010005235488855546
13,12619,678,0.0,1217,968,11651,0.010005183394871029
13,12632,678,0.0,1218,968,11664,0.010005131819230318
13,12645,678,0.0,1219,968,11677,0.010005080756775806
17,12662,678,0.0,1220,968,11694,0.010005030202401208
14,12676,679,1.0,1221,968,11708,0.01000498015105104
14,12690,680,1.0,1222,968,11722,0.010004930597720129
14,12704,681,1.0,1223,968,11736,0.010004881537453098
14,12718,682,1.0,1224,968,11750,0.01000483296534388
14,12732,683,1.0,1225,968,11764,0.010004784876535224
14,12746,684,1.0,1226,969,11777,0.010004737266218209
14,12760,685,1.0,1227,969,11791,0.010004690129631762
14,12774,686,1.0,1228,969,11805,0.010004643462062188
14,12788,687,1.0,1229,969,11819,0.01000459725884269
14,12802,688,1.0,1230,969,11833,0.010004551515352907
14,12816,689,1.0,1231,970,11846,0.010004506227018452
14,12830,690,1.0,1232,971,11859,0.010004461389310455
14,12844,691,1.0,1233,971,11873,0.010004416997745106
14,12858,692,1.0,1234,972,11886,0.010004373047883213
14,12872,693,1.0,1235,972,11900,0.010004329535329752
14,12886,694,1.0,1236,972,11914,0.010004286455733433
14,12900,695,1.0,1237,972,11928,0.010004243804786258
14,12914,696,1.0,1238,972,11942,0.010004201578223099
14,12928,697,1.0,1239,972,11956,0.010004159771821263
14,12942,698,1.0,1240,972,11970,0.010004118381400076
14,12956,699,1.0,1241,972,11984,0.010004077402820461
20,12976,699,0.0,1242,973,12003,0.010004036831984526
14,12990,700,1.0,1243,973,12017,0.010003996664835153
14,13004,701,1.0,1244,973,12031,0.010003956897355594
14,13018,702,1.0,1245,973,12045,0.010003917525569068
14,13032,703,1.0,1246,973,12059,0.010003878545538364
14,13046,704,1.0,1247,973,12073,0.010003839953365446
14,13060,705,1.0,1248,973,12087,0.010003801745191065
14,13074,706,1.0,1249,973,12101,0.01000376391719437
14,13088,707,1.0,1250,973,12115,0.010003726465592533
14,13102,708,1.0,1251,973,12129,0.010003689386640358
14,13116,709,1.0,1252,973,12143,0.010003652676629922
14,13130,710,1.0,1253,974,12156,0.010003616331890194
14,13144,711,1.0,1254,974,12170,0.01000358034878667
14,13158,712,1.0,1255,974,12184,0.010003544723721006
14,13172,713,1.0,1256,974,12198,0.010003509453130669
14,13186,714,1.0,1257,974,12212,0.01000347453348857
22,13208,714,0.0,1258,975,12233,0.010003439961302714
16,13224,715,1.0,1259,976,12248,0.010003405733115854
22,13246,715,0.0,1260,976,12270,0.010003371845505146
16,13262,716,1.0,1261,976,12286,0.010003338295081798
14,13276,717,1.0,1262,976,12300,0.01000330507849074
14,13290,718,1.0,1263,977,12313,0.010003272192410284
14,13304,719,1.0,1264,977,12327,0.010003239633551798
14,13318,720,1.0,1265,977,12341,0.010003207398659366
14,13332,721,1.0,1266,977,12355,0.010003175484509472
13,13345,721,0.0,1267,978,12367,0.010003143887910676
14,13359,722,1.0,1268,978,12381,0.010003112605703291
14,13373,723,1.0,1269,978,12395,0.01000308163475907
14,13387,724,1.0,1270,978,12409,0.010003050971980893
14,13401,725,1.0,1271,978,12423,0.010003020614302456
14,13415,726,1.0,1272,978,12437,0.010002990558687967
14,13429,727,1.0,1273,978,12451,0.010002960802131838
14,13443,728,1.0,1274,978,12465,0.010002931341658392
14,13457,729,1.0,1275,978,12479,0.010002902174321553
14,13471,730,1.0,1276,978,12493,0.010002873297204564
16,13487,730,0.0,1277,979,12508,0.01000284470741969
14,13501,731,1.0,1278,979,12522,0.01000281640210793
16,13517,732,1.0,1279,980,12537,0.010002788378438727
10,13527,732,0.0,1280,980,12547,0.010002760633609692
10,13537,732,0.0,1281,980,12557,0.010002733164846317
10,13547,732,0.0,1282,980,12567,0.010002705969401705
10,13557,732,0.0,1283,980,12577,0.010002679044556288
18,13575,732,0.0,1284,980,12595,0.01000265238761756
2,13577,732,0.0,1285,980,12597,0.010002625995919804
10,13587,732,0.0,1286,980,12607,0.010002599866823827
5,13592,732,0.0,1287,980,12612,0.0100025739977167
11,13603,732,0.0,1288,981,12622,0.01000254838601149
10,13613,732,0.0,1289,981,12632,0.010002523029147005
11,13624,732,0.0,1290,981,12643,0.010002497924587536
14,13638,733,1.0,1291,982,12656,0.010002473069822607
13,13651,733,0.0,1292,982,12669,0.010002448462366724
11,13662,733,0.0,1293,983,12679,0.010002424099759115
16,13678,734,1.0,1294,983,12695,0.010002399979563504
14,13692,735,1.0,1295,983,12709,0.010002376099367848
14,13706,736,1.0,1296,983,12723,0.01000235245678411
14,13720,737,1.0,1297,983,12737,0.01000232904944801
14,13734,738,1.0,1298,983,12751,0.010002305875018797
14,13748,739,1.0,1299,983,12765,0.010002282931179005
14,13762,740,1.0,1300,983,12779,0.010002260215634235
14,13776,741,1.0,1301,983,12793,0.010002237726112912
14,13790,742,1.0,1302,983,12807,0.010002215460366065
14,13804,743,1.0,1303,984,12820,0.0100021934161671
14,13818,744,1.0,1304,984,12834,0.01000217159131158
14,13832,745,1.0,1305,984,12848,0.010002149983617
14,13846,746,1.0,1306,984,12862,0.010002128590922576
14,13860,747,1.0,1307,984,12876,0.010002107411089015
14,13874,748,1.0,1308,984,12890,0.01000208644199832
14,13888,749,1.0,1309,984,12904,0.010002065681553565
14,13902,750,1.0,1310,984,12918,0.010002045127678686
14,13916,751,1.0,1311,984,12932,0.010002024778318278
14,13930,752,1.0,1312,984,12946,0.01000200463143739
14,13944,753,1.0,1313,984,12960,0.010001984685021318
14,13958,754,1.0,1314,984,12974,0.010001964937075399
14,13972,755,1.0,1315,984,12988,0.010001945385624827
14,13986,756,1.0,1316,984,13002,0.010001926028714438
14,14000,757,1.0,1317,984,13016,0.010001906864408525
14,14014,758,1.0,1318,984,13030,0.010001887890790642
14,14028,759,1.0,1319,984,13044,0.010001869105963412
14,14042,760,1.0,1320,984,13058,0.010001850508048336
14,14056,761,1.0,1321,984,13072,0.010001832095185606
14,14070,762,1.0,1322,984,13086,0.010001813865533922
14,14084,763,1.0,1323,985,13099,0.010001795817270303
14,14098,764,1.0,1324,985,13113,0.010001777948589908
14,14112,765,1.0,1325,985,13127,0.010001760257705852
14,14126,766,1.0,1326,985,13141,0.010001742742849035
14,14140,767,1.0,1327,985,13155,0.010001725402267955
14,14154,768,1.0,1328,985,13169,0.010001708234228539
14,14168,769,1.0,1329,985,13183,0.01000169123701397
14,14182,770,1.0,1330,986,13196,0.010001674408924511
14,14196,771,1.0,1331,987,13209,0.01000165774827734
14,14210,772,1.0,1332,987,13223,0.010001641253406378
14,14224,773,1.0,1333,987,13237,0.010001624922662126
14,14238,774,1.0,1334,987,13251,0.010001608754411492
14,14252,775,1.0,1335,987,13265,0.010001592747037642
16,14268,776,1.0,1336,988,13280,0.010001576898939822
16,14284,777,1.0,1337,989,13295,0.010001561208533209
14,14298,778,1.0,1338,989,13309,0.010001545674248751
14,14312,779,1.0,1339,989,13323,0.010001530294533007
16,14328,780,1.0,1340,990,13338,0.01000151506784799
4,14332,780,0.0,1341,991,13341,0.010001499992671022
14,14346,781,1.0,1342,991,13355,0.01000148506749457
14,14360,782,1.0,1343,991,13369,0.010001470290826106
14,14374,783,1.0,1344,991,13383,0.01000145566118795
14,14388,784,1.0,1345,991,13397,0.010001441177117125
14,14402,785,1.0,1346,991,13411,0.010001426837165211
14,14416,786,1.0,1347,991,13425,0.010001412639898205
14,14430,787,1.0,1348,991,13439,0.010001398583896365
14,14444,788,1.0,1349,991,13453,0.01000138466775408
14,14458,789,1.0,1350,991,13467,0.010001370890079726
14,14472,790,1.0,1351,991,13481,0.01000135724949552
14,14486,791,1.0,1352,991,13495,0.010001343744637396
14,14500,792,1.0,1353,992,13508,0.010001330374154856
14,14514,793,1.0,1354,992,13522,0.010001317136710838
14,14528,794,1.0,1355,992,13536,0.010001304030981591
14,14542,795,1.0,1356,992,13550,0.010001291055656527
14,14556,796,1.0,1357,992,13564,0.010001278209438106
14,14570,797,1.0,1358,992,13578,0.010001265491041694
14,14584,798,1.0,1359,992,13592,0.01000125289919544
14,14598,799,1.0,1360,992,13606,0.01000124043264015
14,14612,800,1.0,1361,992,13620,0.010001228090129157
14,14626,801,1.0,1362,992,13634,0.0100012158704282
14,14640,802,1.0,1363,992,13648,0.0100012037723153
14,14654,803,1.0,1364,992,13662,0.010001191794580635
14,14668,804,1.0,1365,992,13676,0.010001179936026422
14,14682,805,1.0,1366,992,13690,0.010001168195466793
14,14696,806,1.0,1367,992,13704,0.010001156571727685
14,14710,807,1.0,1368,992,13718,0.010001145063646714
14,14724,808,1.0,1369,992,13732,0.010001133670073062
14,14738,809,1.0,1370,992,13746,0.01000112238986736
14,14752,810,1.0,1371,992,13760,0.010001111221901582
17,14769,810,0.0,1372,995,13774,0.01000110016505892
14,14783,811,1.0,1373,995,13788,0.01000108921823368
14,14797,812,1.0,1374,995,13802,0.010001078380331171
10,14807,812,0.0,1375,996,13811,0.010001067650267596
18,14825,812,0.0,1376,996,13829,0.010001057026969934
5,14830,812,0.0,1377,996,13834,0.010001046509375852
4,14834,812,0.0,1378,996,13838,0.01000103609643358
17,14851,812,0.0,1379,996,13855,0.010001025787101813
14,14865,813,1.0,1380,996,13869,0.010001015580349612
14,14879,814,1.0,1381,996,13883,0.010001005475156293
14,14893,815,1.0,1382,996,13897,0.010000995470511326
14,14907,816,1.0,1383,996,13911,0.01000098556541424
14,14921,817,1.0,1384,996,13925,0.010000975758874518
14,14935,818,1.0,1385,996,13939,0.010000966049911497
14,14949,819,1.0,1386,997,13952,0.01000095643755427
14,14963,820,1.0,1387,997,13966,0.010000946920841596
14,14977,821,1.0,1388,997,13980,0.010000937498821796
14,14991,822,1.0,1389,997,13994,0.01000092817055266
14,15005,823,1.0,1390,997,14008,0.010000918935101352
14,15019,824,1.0,1391,997,14022,0.010000909791544318
14,15033,825,1.0,1392,997,14036,0.0100009007389672
14,15047,826,1.0,1393,997,14050,0.010000891776464727
14,15061,827,1.0,1394,997,14064,0.010000882903140645
14,15075,828,1.0,1395,997,14078,0.010000874118107612
14,15089,829,1.0,1396,997,14092,0.010000865420487118
14,15103,830,1.0,1397,997,14106,0.010000856809409394
14,15117,831,1.0,1398,997,14120,0.010000848284013326
14,15131,832,1.0,1399,997,14134,0.010000839843446366
14,15145,833,1.0,1400,997,14148,0.01000083148686445
14,15159,834,1.0,1401,997,14162,0.010000823213431913
14,15173,835,1.0,1402,997,14176,0.010000815022321405
14,15187,836,1.0,1403,997,14190,0.01000080691271381
14,15201,837,1.0,1404,997,14204,0.010000798883798156
14,15215,838,1.0,1405,997,14218,0.01000079093477155
14,15229,839,1.0,1406,997,14232,0.01000078306483908
14,15243,840,1.0,1407,997,14246,0.010000775273213745
17,15260,840,0.0,1408,998,14262,0.010000767559116379
14,15274,841,1.0,1409,998,14276,0.010000759921775564
14,15288,842,1.0,1410,998,14290,0.01000075236042756
14,15302,843,1.0,1411,998,14304,0.010000744874316224
14,15316,844,1.0,1412,998,14318,0.010000737462692942
14,15330,845,1.0,1413,999,14331,0.010000730124816544
14,15344,846,1.0,1414,999,14345,0.010000722859953235
14,15358,847,1.0,1415,1000,14358,0.010000715667376524
11,15369,847,0.0,1416,1000,14369,0.010000708546367148
10,15379,847,0.0,1417,1000,14379,0.010000701496212999
8,15387,847,0.0,1418,1000,14387,0.010000694516209054
63,15450,847,0.0,1419,1002,14448,0.01000068760565731
13,15463,847,0.0,1420,1002,14461,0.010000680763866706
21,15484,847,0.0,1421,1002,14482,0.010000673990153053
21,15505,847,0.0,1422,1002,14503,0.01000066728383898
21,15526,847,0.0,1423,1002,14524,0.010000660644253844
18,15544,847,0.0,1424,1002,14542,0.010000654070733687
10,15554,847,0.0,1425,1002,14552,0.010000647562621147
19,15573,847,0.0,1426,1002,14571,0.01000064111926541
6,15579,847,0.0,1427,1002,14577,0.010000634740022132
6,15585,847,0.0,1428,1002,14583,0.010000628424253385
6,15591,847,0.0,1429,1002,14589,0.010000622171327588
14,15605,848,1.0,1430,1002,14603,0.010000615980619442
19,15624,848,0.0,1431,1002,14622,0.01000060985150987
2,15626,848,0.0,1432,1002,14624,0.010000603783385959
14,15640,849,1.0,1433,1002,14638,0.01000059777564089
14,15654,850,1.0,1434,1002,14652,0.010000591827673882
14,15668,851,1.0,1435,1002,14666,0.010000585938890135
14,15682,852,1.0,1436,1002,14680,0.010000580108700766
14,15696,853,1.0,1437,1002,14694,0.010000574336522749
14,15710,854,1.0,1438,1002,14708,0.010000568621778864
14,15724,855,1.0,1439,1002,14722,0.010000562963897631
14,15738,856,1.0,1440,1003,14735,0.010000557362313256
14,15752,857,1.0,1441,1003,14749,0.010000551816465577
14,15766,858,1.0,1442,1003,14763,0.010000546325800004
14,15780,859,1.0,1443,1003,14777,0.010000540889767467
14,15794,860,1.0,1444,1003,14791,0.010000535507824357
14,15808,861,1.0,1445,1003,14805,0.010000530179432476
14,15822,862,1.0,1446,1003,14819,0.01000052490405898
14,15836,863,1.0,1447,1003,14833,0.010000519681176328
14,15850,864,1.0,1448,1003,14847,0.010000514510262227
14,15864,865,1.0,1449,1003,14861,0.01000050939079958
14,15878,866,1.0,1450,1003,14875,0.010000504322276437
14,15892,867,1.0,1451,1003,14889,0.010000499304185942
14,15906,868,1.0,1452,1003,14903,0.010000494336026282
14,15920,869,1.0,1453,1003,14917,0.010000489417300638
14,15934,870,1.0,1454,1003,14931,0.01000048454751713
14,15948,871,1.0,1455,1004,14944,0.010000479726188779
17,15965,871,0.0,1456,1005,14960,0.010000474952833445
14,15979,872,1.0,1457,1005,14974,0.010000470226973791
14,15993,873,1.0,1458,1005,14988,0.010000465548137227
10,16003,873,0.0,1459,1006,14997,0.010000460915855863
96,16099,873,0.0,1460,1008,15091,0.010000456329666469
8,16107,873,0.0,1461,1008,15099,0.010000451789110423
8,16115,873,0.0,1462,1008,15107,0.010000447293733663
8,16123,873,0.0,1463,1008,15115,0.01000044284308665
8,16131,873,0.0,1464,1008,15123,0.010000438436724315
8,16139,873,0.0,1465,1008,15131,0.010000434074206019
8,16147,873,0.0,1466,1008,15139,0.010000429755095503
31,16178,873,0.0,1467,1008,15170,0.010000425478960856
13,16191,873,0.0,1468,1008,15183,0.01000042124537446
13,16204,873,0.0,1469,1008,15196,0.010000417053912952
15,16219,873,0.0,1470,1008,15211,0.010000412904157182
32,16251,873,0.0,1471,1008,15243,0.010000408795692172
29,16280,873,0.0,1472,1008,15272,0.010000404728107072
17,16297,873,0.0,1473,1008,15289,0.010000400700995121
6,16303,873,0.0,1474,1009,15294,0.010000396713953601
2,16305,873,0.0,1475,1009,15296,0.010000392766583809
6,16311,873,0.0,1476,1009,15302,0.010000388858491003
6,16317,873,0.0,1477,1009,15308,0.010000384989284369
6,16323,873,0.0,1478,1009,15314,0.010000381158576986
7,16330,874,1.0,1479,1009,15321,0.010000377365985776
7,16337,875,1.0,1480,1009,15328,0.01000037361113148
2,16339,875,0.0,1481,1009,15330,0.01000036989363861
7,16346,876,1.0,1482,1009,15337,0.010000366213135409
17,16363,876,0.0,1483,1009,15354,0.010000362569253829
6,16369,876,0.0,1484,1009,15360,0.010000358961629477
6,16375,876,0.0,1485,1009,15366,0.010000355389901586
6,16381,876,0.0,1486,1009,15372,0.01000035185371298
6,16387,876,0.0,1487,1009,15378,0.010000348352710041
6,16393,876,0.0,1488,1009,15384,0.010000344886542662
6,16399,876,0.0,1489,1009,15390,0.010000341454864224
6,16405,876,0.0,1490,1009,15396,0.010000338057331559
6,16411,876,0.0,1491,1009,15402,0.010000334693604907
13,16424,876,0.0,1492,1009,15415,0.010000331363347895
6,16430,876,0.0,1493,1009,15421,0.010000328066227493
8,16438,876,0.0,1494,1009,15429,0.01000032480191399
5,16443,876,0.0,1495,1009,15434,0.010000321570080946
15,16458,876,0.0,1496,1009,15449,0.01000031837040518
8,16466,876,0.0,1497,1009,15457,0.010000315202566718
9,16475,876,0.0,1498,1009,15466,0.010000312066248776
9,16484,877,1.0,1499,1010,15474,0.010000308961137721
9,16493,878,1.0,1500,1010,15483,0.010000305886923036
9,16502,879,1.0,1501,1010,15492,0.010000302843297297
9,16511,880,1.0,1502,1010,15501,0.010000299829956141
9,16520,881,1.0,1503,1010,15510,0.01000029684659823
9,16529,882,1.0,1504,1010,15519,0.010000293892925227
9,16538,883,1.0,1505,1010,15528,0.01000029096864176
9,16547,884,1.0,1506,1010,15537,0.010000288073455401
10,16557,884,0.0,1507,1011,15546,0.010000285207076628
10,16567,884,0.0,1508,1011,15556,0.010000282369218799
10,16577,884,0.0,1509,1011,15566,0.010000279559598129
35,16612,884,0.0,1510,1011,15601,0.01000027677793365
9,16621,885,1.0,1511,1011,15610,0.010000274023947195
10,16631,885,0.0,1512,1011,15620,0.010000271297363365
9,16640,885,0.0,1513,1012,15628,0.010000268597909496
9,16649,886,1.0,1514,1012,15637,0.010000265925315641
9,16658,887,1.0,1515,1012,15646,0.01000026327931454
8,16666,887,0.0,1516,1013,15653,0.01000026065964159
5,16671,887,0.0,1517,1014,15657,0.010000258066034821
9,16680,888,1.0,1518,1014,15666,0.010000255498234871
9,16689,889,1.0,1519,1014,15675,0.010000252955984957
9,16698,890,1.0,1520,1014,15684,0.010000250439030854
9,16707,891,1.0,1521,1014,15693,0.010000247947120861
9,16716,892,1.0,1522,1014,15702,0.010000245480005786
9,16725,893,1.0,1523,1014,15711,0.010000243037438917
9,16734,894,1.0,1524,1014,15720,0.010000240619175996
9,16743,895,1.0,1525,1014,15729,0.010000238224975191
9,16752,896,1.0,1526,1014,15738,0.010000235854597084
9,16761,897,1.0,1527,1014,15747,0.01000023350780463
9,16770,898,1.0,1528,1014,15756,0.010000231184363153
9,16779,899,1.0,1529,1014,15765,0.010000228884040306
9,16788,900,1.0,1530,1014,15774,0.010000226606606053
9,16797,901,1.0,1531,1014,15783,0.010000224351832648
9,16806,902,1.0,1532,1014,15792,0.010000222119494615
9,16815,903,1.0,1533,1014,15801,0.010000219909368717
9,16824,904,1.0,1534,1014,15810,0.010000217721233938
9,16833,905,1.0,1535,1014,15819,0.010000215554871463
9,16842,906,1.0,1536,1015,15827,0.010000213410064657
10,16852,906,0.0,1537,1016,15836,0.010000211286599033
9,16861,907,1.0,1538,1016,15845,0.010000209184262247
9,16870,908,1.0,1539,1016,15854,0.01000020710284406
9,16879,909,1.0,1540,1016,15863,0.01000020504213633
9,16888,910,1.0,1541,1016,15872,0.010000203001932986
9,16897,911,1.0,1542,1016,15881,0.010000200982030003
9,16906,912,1.0,1543,1016,15890,0.010000198982225391
9,16915,913,1.0,1544,1016,15899,0.010000197002319168
9,16924,914,1.0,1545,1016,15908,0.01000019504211334
9,16933,915,1.0,1546,1016,15917,0.010000193101411887
9,16942,916,1.0,1547,1016,15926,0.010000191180020735
9,16951,917,1.0,1548,1016,15935,0.010000189277747745
9,16960,918,1.0,1549,1016,15944,0.010000187394402687
9,16969,919,1.0,1550,1016,15953,0.010000185529797227
12,16981,919,0.0,1551,1017,15964,0.010000183683744899
9,16990,920,1.0,1552,1017,15973,0.010000181856061099
9,16999,921,1.0,1553,1017,15982,0.010000180046563058
10,17009,921,0.0,1554,1018,15991,0.010000178255069823
9,17018,922,1.0,1555,1018,16000,0.010000176481402244
9,17027,923,1.0,1556,1018,16009,0.01000017472538295
9,17036,924,1.0,1557,1018,16018,0.010000172986836342
9,17045,925,1.0,1558,1019,16026,0.010000171265588562
9,17054,926,1.0,1559,1019,16035,0.010000169561467482
9,17063,927,1.0,1560,1019,16044,0.01000016787430269
9,17072,928,1.0,1561,1019,16053,0.01000016620392547
9,17081,929,1.0,1562,1019,16062,0.01000016455016878
9,17090,930,1.0,1563,1019,16071,0.010000162912867244
9,17099,931,1.0,1564,1019,16080,0.010000161291857131
9,17108,932,1.0,1565,1020,16088,0.010000159686976337
9,17117,933,1.0,1566,1020,16097,0.010000158098064375
9,17126,934,1.0,1567,1020,16106,0.01000015652496235
9,17135,935,1.0,1568,1020,16115,0.010000154967512952
9,17144,936,1.0,1569,1020,16124,0.010000153425560435
9,17153,937,1.0,1570,1020,16133,0.010000151898950602
9,17162,938,1.0,1571,1020,16142,0.01000015038753079
9,17171,939,1.0,1572,1021,16150,0.010000148891149856
9,17180,940,1.0,1573,1021,16159,0.010000147409658162
9,17189,941,1.0,1574,1021,16168,0.010000145942907556
9,17198,942,1.0,1575,1021,16177,0.010000144490751362
9,17207,943,1.0,1576,1021,16186,0.010000143053044365
9,17216,944,1.0,1577,1021,16195,0.010000141629642792
9,17225,945,1.0,1578,1021,16204,0.010000140220404298
9,17234,946,1.0,1579,1021,16213,0.010000138825187965
8,17242,946,0.0,1580,1022,16220,0.010000137443854265
9,17251,947,1.0,1581,1022,16229,0.010000136076265065
9,17260,948,1.0,1582,1022,16238,0.010000134722283604
10,17270,948,0.0,1583,1023,16247,0.010000133381774485
9,17279,949,1.0,1584,1023,16256,0.010000132054603653
9,17288,950,1.0,1585,1023,16265,0.010000130740638394
9,17297,951,1.0,1586,1023,16274,0.010000129439747306
9,17306,952,1.0,1587,1023,16283,0.0100001281518003
9,17315,953,1.0,1588,1023,16292,0.010000126876668581
9,17324,954,1.0,1589,1023,16301,0.010000125614224637
9,17333,955,1.0,1590,1023,16310,0.010000124364342217
9,17342,956,1.0,1591,1023,16319,0.010000123126896337
9,17351,957,1.0,1592,1023,16328,0.010000121901763248
9,17360,958,1.0,1593,1023,16337,0.010000120688820438
9,17369,959,1.0,1594,1023,16346,0.01000011948794661
9,17378,960,1.0,1595,1023,16355,0.010000118299021676
9,17387,961,1.0,1596,1023,16364,0.010000117121926742
9,17396,962,1.0,1597,1023,16373,0.010000115956544101
9,17405,963,1.0,1598,1023,16382,0.010000114802757209
9,17414,964,1.0,1599,1023,16391,0.010000113660450689
9,17423,965,1.0,1600,1023,16400,0.010000112529510307
9,17432,966,1.0,1601,1023,16409,0.010000111409822971
9,17441,967,1.0,1602,1023,16418,0.010000110301276711
9,17450,968,1.0,1603,1023,16427,0.010000109203760672
9,17459,969,1.0,1604,1023,16436,0.010000108117165098
9,17468,970,1.0,1605,1023,16445,0.01000010704138133
9,17477,971,1.0,1606,1023,16454,0.01000010597630179
9,17486,972,1.0,1607,1024,16462,0.010000104921819969
9,17495,973,1.0,1608,1024,16471,0.010000103877830416
9,17504,974,1.0,1609,1024,16480,0.010000102844228734
9,17513,975,1.0,1610,1024,16489,0.01000010182091156
9,17522,976,1.0,1611,1024,16498,0.010000100807776562
9,17531,977,1.0,1612,1024,16507,0.010000099804722426
9,17540,978,1.0,1613,1024,16516,0.010000098811648846
9,17549,979,1.0,1614,1024,16525,0.010000097828456511
9,17558,980,1.0,1615,1024,16534,0.010000096855047106
9,17567,981,1.0,1616,1024,16543,0.010000095891323285
9,17576,982,1.0,1617,1024,16552,0.010000094937188675
9,17585,983,1.0,1618,1024,16561,0.010000093992547865
9,17594,984,1.0,1619,1024,16570,0.010000093057306387
9,17603,985,1.0,1620,1024,16579,0.010000092131370718
9,17612,986,1.0,1621,1024,16588,0.010000091214648262
9,17621,987,1.0,1622,1024,16597,0.010000090307047347
9,17630,988,1.0,1623,1024,16606,0.010000089408477212
9,17639,989,1.0,1624,1024,16615,0.010000088518848
9,17648,990,1.0,1625,1024,16624,0.010000087638070747
9,17657,991,1.0,1626,1024,16633,0.010000086766057372
9,17666,992,1.0,1627,1024,16642,0.010000085902720677
9,17675,993,1.0,1628,1024,16651,0.010000085047974325
9,17684,994,1.0,1629,1024,16660,0.010000084201732842
9,17693,995,1.0,1630,1024,16669,0.0100000833639116
9,17702,996,1.0,1631,1024,16678,0.010000082534426821
9,17711,997,1.0,1632,1024,16687,0.010000081713195552
9,17720,998,1.0,1633,1025,16695,0.010000080900135672
9,17729,999,1.0,1634,1025,16704,0.010000080095165871
9,17738,1000,1.0,1635,1025,16713,0.010000079298205657
9,17747,1001,1.0,1636,1025,16722,0.010000078509175326
9,17756,1002,1.0,1637,1025,16731,0.010000077727995979
9,17765,1003,1.0,1638,1025,16740,0.010000076954589498
9,17774,1004,1.0,1639,1025,16749,0.010000076188878538
9,17783,1005,1.0,1640,1025,16758,0.01000007543078653
9,17792,1006,1.0,1641,1025,16767,0.010000074680237664
9,17801,1007,1.0,1642,1025,16776,0.010000073937156883
9,17810,1008,1.0,1643,1025,16785,0.01000007320146988
9,17819,1009,1.0,1644,1025,16794,0.010000072473103085
9,17828,1010,1.0,1645,1025,16803,0.01000007175198366
9,17837,1011,1.0,1646,1025,16812,0.010000071038039494
9,17846,1012,1.0,1647,1025,16821,0.010000070331199191
9,17855,1013,1.0,1648,1025,16830,0.010000069631392067
9,17864,1014,1.0,1649,1025,16839,0.01000006893854814
9,17873,1015,1.0,1650,1025,16848,0.010000068252598124
9,17882,1016,1.0,1651,1025,16857,0.010000067573473426
9,17891,1017,1.0,1652,1025,16866,0.01000006690110613
9,17900,1018,1.0,1653,1025,16875,0.010000066235429003
9,17909,1019,1.0,1654,1025,16884,0.010000065576375472
9,17918,1020,1.0,1655,1025,16893,0.010000064923879634
6,17924,1020,0.0,1656,1026,16898,0.010000064277876239
9,17933,1021,1.0,1657,1026,16907,0.010000063638300683
9,17942,1022,1.0,1658,1026,16916,0.010000063005089013
9,17951,1023,1.0,1659,1026,16925,0.010000062378177901
9,17960,1024,1.0,1660,1026,16934,0.01000006175750466
9,17969,1025,1.0,1661,1026,16943,0.010000061143007222
9,17978,1026,1.0,1662,1026,16952,0.010000060534624135
9,17987,1027,1.0,1663,1026,16961,0.010000059932294561
9,17996,1028,1.0,1664,1026,16970,0.010000059335958267
9,18005,1029,1.0,1665,1026,16979,0.010000058745555618
9,18014,1030,1.0,1666,1026,16988,0.010000058161027572
9,18023,1031,1.0,1667,1026,16997,0.010000057582315678
9,18032,1032,1.0,1668,1026,17006,0.010000057009362065
9,18041,1033,1.0,1669,1026,17015,0.010000056442109434
9,18050,1034,1.0,1670,1026,17024,0.010000055880501062
9,18059,1035,1.0,1671,1026,17033,0.010000055324480787
9,18068,1036,1.0,1672,1026,17042,0.010000054773993005
9,18077,1037,1.0,1673,1026,17051,0.010000054228982667
9,18086,1038,1.0,1674,1026,17060,0.010000053689395275
9,18095,1039,1.0,1675,1026,17069,0.010000053155176866
9,18104,1040,1.0,1676,1026,17078,0.01000005262627402
9,18113,1041,1.0,1677,1026,17087,0.010000052102633843
9,18122,1042,1.0,1678,1026,17096,0.010000051584203975
9,18131,1043,1.0,1679,1026,17105,0.010000051070932568
9,18140,1044,1.0,1680,1026,17114,0.010000050562768299
9,18149,1045,1.0,1681,1026,17123,0.01000005005966035
9,18158,1046,1.0,1682,1026,17132,0.010000049561558406
9,18167,1047,1.0,1683,1026,17141,0.01000004906841266
9,18176,1048,1.0,1684,1026,17150,0.010000048580173797
9,18185,1049,1.0,1685,1026,17159,0.010000048096792991
9,18194,1050,1.0,1686,1026,17168,0.010000047618221904
9,18203,1051,1.0,1687,1026,17177,0.01000004714441268
9,18212,1052,1.0,1688,1026,17186,0.010000046675317936
9,18221,1053,1.0,1689,1026,17195,0.010000046210890762
9,18230,1054,1.0,1690,1026,17204,0.010000045751084716
9,18239,1055,1.0,1691,1026,17213,0.010000045295853818
9,18248,1056,1.0,1692,1026,17222,0.010000044845152541
9,18257,1057,1.0,1693,1026,17231,0.010000044398935818
9,18266,1058,1.0,1694,1026,17240,0.010000043957159026
9,18275,1059,1.0,1695,1026,17249,0.010000043519777985
9,18284,1060,1.0,1696,1026,17258,0.010000043086748959
9,18293,1061,1.0,1697,1027,17266,0.010000042658028644
26,18319,1062,1.0,1698,1027,17292,0.010000042233574168
21,18340,1062,0.0,1699,1027,17313,0.010000041813343083
37,18377,1063,1.0,1700,1027,17350,0.010000041397293368
13,18390,1063,0.0,1701,1027,17363,0.010000040985383415
10,18400,1063,0.0,1702,1027,17373,0.010000040577572037
10,18410,1063,0.0,1703,1027,17383,0.01000004017381845
11,18421,1063,0.0,1704,1027,17394,0.010000039774082276
46,18467,1063,0.0,1705,1027,17440,0.010000039378323547
13,18480,1063,0.0,1706,1027,17453,0.01000003898650268
22,18502,1063,0.0,1707,1027,17475,0.010000038598580497
11,18513,1064,1.0,1708,1027,17486,0.010000038214518205
11,18524,1065,1.0,1709,1027,17497,0.010000037834277395
11,18535,1066,1.0,1710,1027,17508,0.010000037457820044
11,18546,1067,1.0,1711,1027,17519,0.010000037085108507
11,18557,1068,1.0,1712,1027,17530,0.010000036716105512
11,18568,1069,1.0,1713,1027,17541,0.010000036350774158
11,18579,1070,1.0,1714,1027,17552,0.010000035989077912
11,18590,1071,1.0,1715,1028,17562,0.010000035630980604
11,18601,1072,1.0,1716,1028,17573,0.010000035276446424
11,18612,1073,1.0,1717,1028,17584,0.010000034925439917
11,18623,1074,1.0,1718,1028,17595,0.010000034577925983
11,18634,1075,1.0,1719,1028,17606,0.010000034233869871
11,18645,1076,1.0,1720,1028,17617,0.010000033893237174
11,18656,1077,1.0,1721,1028,17628,0.01000003355599383
11,18667,1078,1.0,1722,1028,17639,0.010000033222106111
11,18678,1079,1.0,1723,1028,17650,0.010000032891540634
11,18689,1080,1.0,1724,1028,17661,0.010000032564264336
11,18700,1081,1.0,1725,1028,17672,0.010000032240244492
11,18711,1082,1.0,1726,1028,17683,0.010000031919448699
11,18722,1082,0.0,1727,1029,17693,0.010000031601844877
11,18733,1083,1.0,1728,1029,17704,0.010000031287401267
11,18744,1084,1.0,1729,1029,17715,0.010000030976086424
11,18755,1085,1.0,1730,1030,17725,0.010000030667869213
11,18766,1086,1.0,1731,1030,17736,0.010000030362718817
11,18777,1087,1.0,1732,1030,17747,0.010000030060604716
11,18788,1088,1.0,1733,1030,17758,0.010000029761496701
11,18799,1089,1.0,1734,1030,17769,0.010000029465364862
11,18810,1090,1.0,1735,1030,17780,0.010000029172179582
11,18821,1091,1.0,1736,1031,17790,0.010000028881911547
11,18832,1092,1.0,1737,1031,17801,0.010000028594531725
11,18843,1093,1.0,1738,1031,17812,0.01000002831001138
11,18854,1094,1.0,1739,1031,17823,0.01000002802832206
11,18865,1095,1.0,1740,1031,17834,0.010000027749435597
11,18876,1096,1.0,1741,1031,17845,0.010000027473324099
11,18887,1097,1.0,1742,1031,17856,0.010000027199959956
11,18898,1098,1.0,1743,1032,17866,0.010000026929315833
11,18909,1099,1.0,1744,1032,17877,0.010000026661364663
11,18920,1100,1.0,1745,1033,17887,0.010000026396079652
11,18931,1101,1.0,1746,1033,17898,0.010000026133434271
11,18942,1102,1.0,1747,1033,17909,0.010000025873402256
11,18953,1103,1.0,1748,1033,17920,0.010000025615957602
11,18964,1104,1.0,1749,1033,17931,0.010000025361074565
11,18975,1105,1.0,1750,1033,17942,0.010000025108727656
11,18986,1106,1.0,1751,1033,17953,0.010000024858891642
11,18997,1107,1.0,1752,1033,17964,0.010000024611541538
11,19008,1108,1.0,1753,1033,17975,0.010000024366652607
11,19019,1109,1.0,1754,1033,17986,0.010000024124200363
11,19030,1110,1.0,1755,1034,17996,0.01000002388416056
11,19041,1111,1.0,1756,1035,18006,0.01000002364650919
11,19052,1112,1.0,1757,1035,18017,0.010000023411222492
11,19063,1113,1.0,1758,1035,18028,0.010000023178276937
11,19074,1114,1.0,1759,1035,18039,0.010000022947649227
11,19085,1115,1.0,1760,1035,18050,0.010000022719316303
11,19096,1116,1.0,1761,1035,18061,0.010000022493255328
11,19107,1117,1.0,1762,1035,18072,0.010000022269443699
11,19118,1118,1.0,1763,1035,18083,0.010000022047859032
11,19129,1119,1.0,1764,1035,18094,0.010000021828479169
11,19140,1120,1.0,1765,1035,18105,0.010000021611282172
11,19151,1121,1.0,1766,1035,18116,0.010000021396246322
11,19162,1122,1.0,1767,1035,18127,0.010000021183350114
11,19173,1123,1.0,1768,1035,18138,0.010000020972572257
11,19184,1124,1.0,1769,1035,18149,0.010000020763891677
11,19195,1125,1.0,1770,1035,18160,0.010000020557287503
11,19206,1126,1.0,1771,1035,18171,0.010000020352739074
11,19217,1127,1.0,1772,1035,18182,0.010000020150225938
31,19248,1127,0.0,1773,1037,18211,0.010000019949727839
15,19263,1127,0.0,1774,1038,18225,0.01000001975122473
15,19278,1127,0.0,1775,1038,18240,0.010000019554696761
11,19289,1128,1.0,1776,1038,18251,0.010000019360124277
11,19300,1129,1.0,1777,1038,18262,0.010000019167487823
11,19311,1130,1.0,1778,1038,18273,0.010000018976768131
11,19322,1131,1.0,1779,1038,18284,0.010000018787946133
11,19333,1132,1.0,1780,1038,18295,0.010000018601002946
11,19344,1133,1.0,1781,1038,18306,0.010000018415919874
11,19355,1134,1.0,1782,1038,18317,0.01000001823267841
11,19366,1135,1.0,1783,1038,18328,0.010000018051260228
11,19377,1136,1.0,1784,1038,18339,0.010000017871647188
11,19388,1137,1.0,1785,1038,18350,0.010000017693821328
11,19399,1138,1.0,1786,1038,18361,0.010000017517764864
11,19410,1139,1.0,1787,1038,18372,0.01000001734346019
11,19421,1140,1.0,1788,1038,18383,0.010000017170889879
11,19432,1141,1.0,1789,1038,18394,0.01000001700003667
11,19443,1142,1.0,1790,1038,18405,0.010000016830883479
11,19454,1143,1.0,1791,1038,18416,0.01000001666341339
11,19465,1144,1.0,1792,1038,18427,0.010000016497609657
11,19476,1145,1.0,1793,1038,18438,0.010000016333455698
11,19487,1146,1.0,1794,1038,18449,0.010000016170935098
11,19498,1147,1.0,1795,1038,18460,0.010000016010031604
11,19509,1148,1.0,1796,1038,18471,0.010000015850729129
11,19520,1149,1.0,1797,1038,18482,0.01000001569301174
11,19531,1150,1.0,1798,1038,18493,0.010000015536863664
11,19542,1151,1.0,1799,1038,18504,0.010000015382269287
11,19553,1152,1.0,1800,1038,18515,0.01000001522921315
11,19564,1153,1.0,1801,1038,18526,0.010000015077679947
11,19575,1154,1.0,1802,1038,18537,0.010000014927654526
11,19586,1155,1.0,1803,1038,18548,0.010000014779121881
11,19597,1156,1.0,1804,1039,18558,0.01000001463206716
11,19608,1157,1.0,1805,1039,18569,0.01000001448647566
11,19619,1158,1.0,1806,1039,18580,0.01000001434233282
11,19630,1159,1.0,1807,1039,18591,0.010000014199624223
11,19641,1160,1.0,1808,1039,18602,0.010000014058335602
11,19652,1161,1.0,1809,1039,18613,0.010000013918452825
11,19663,1162,1.0,1810,1039,18624,0.010000013779961906
11,19674,1163,1.0,1811,1039,18635,0.010000013642848993
11,19685,1164,1.0,1812,1039,18646,0.010000013507100378
11,19696,1165,1.0,1813,1039,18657,0.010000013372702484
11,19707,1166,1.0,1814,1039,18668,0.010000013239641871
11,19718,1167,1.0,1815,1039,18679,0.010000013107905234
11,19729,1168,1.0,1816,1039,18690,0.010000012977479397
11,19740,1169,1.0,1817,1039,18701,0.010000012848351319
11,19751,1170,1.0,1818,1040,18711,0.010000012720508088
11,19762,1171,1.0,1819,1040,18722,0.010000012593936918
11,19773,1172,1.0,1820,1040,18733,0.010000012468625152
11,19784,1173,1.0,1821,1040,18744,0.010000012344560258
11,19795,1174,1.0,1822,1040,18755,0.010000012221729832
11,19806,1175,1.0,1823,1040,18766,0.010000012100121587
11,19817,1176,1.0,1824,1040,18777,0.010000011979723366
11,19828,1177,1.0,1825,1040,18788,0.010000011860523126
11,19839,1178,1.0,1826,1040,18799,0.01000001174250895
11,19850,1179,1.0,1827,1040,18810,0.010000011625669034
11,19861,1180,1.0,1828,1040,18821,0.010000011509991694
11,19872,1181,1.0,1829,1040,18832,0.010000011395465363
11,19883,1182,1.0,1830,1040,18843,0.010000011282078588
11,19894,1183,1.0,1831,1040,18854,0.010000011169820031
11,19905,1184,1.0,1832,1040,18865,0.010000011058678464
11,19916,1185,1.0,1833,1040,18876,0.010000010948642776
11,19927,1186,1.0,1834,1040,18887,0.01000001083970196
11,19938,1187,1.0,1835,1040,18898,0.010000010731845123
11,19949,1188,1.0,1836,1040,18909,0.01000001062506148
11,19960,1189,1.0,1837,1040,18920,0.010000010519340352
11,19971,1190,1.0,1838,1040,18931,0.010000010414671166
11,19982,1191,1.0,1839,1040,18942,0.010000010311043457
15,19997,1191,0.0,1840,1041,18956,0.01000001020844686
11,20008,1192,1.0,1841,1041,18967,0.010000010106871116
11,20019,1193,1.0,1842,1041,18978,0.010000010006306069
11,20030,1194,1.0,1843,1041,18989,0.01000000990674166
11,20041,1195,1.0,1844,1041,19000,0.010000009808167933
11,20052,1196,1.0,1845,1041,19011,0.010000009710575032
11,20063,1197,1.0,1846,1041,19022,0.010000009613953196
11,20074,1198,1.0,1847,1041,19033,0.010000009518292764
11,20085,1199,1.0,1848,1041,19044,0.010000009423584168
5,20090,1199,0.0,1849,1042,19048,0.01000000932981794
11,20101,1200,1.0,1850,1042,19059,0.010000009236984698
11,20112,1201,1.0,1851,1042,19070,0.010000009145075166
21,20133,1201,0.0,1852,1043,19090,0.010000009054080147
11,20144,1201,0.0,1853,1043,19101,0.010000008963990545
11,20155,1202,1.0,1854,1043,19112,0.010000008874797349
11,20166,1203,1.0,1855,1043,19123,0.010000008786491639
11,20177,1204,1.0,1856,1043,19134,0.010000008699064587
11,20188,1205,1.0,1857,1043,19145,0.010000008612507449
11,20199,1206,1.0,1858,1043,19156,0.010000008526811568
11,20210,1207,1.0,1859,1043,19167,0.010000008441968375
11,20221,1208,1.0,1860,1043,19178,0.010000008357969386
11,20232,1209,1.0,1861,1043,19189,0.0100000082748062
11,20243,1210,1.0,1862,1043,19200,0.010000008192470503
11,20254,1211,1.0,1863,1043,19211,0.01000000811095406
11,20265,1212,1.0,1864,1043,19222,0.010000008030248718
11,20276,1213,1.0,1865,1043,19233,0.01000000795034641
11,20287,1214,1.0,1866,1043,19244,0.01000000787123914
11,20298,1215,1.0,1867,1043,19255,0.010000007792919001
11,20309,1216,1.0,1868,1043,19266,0.010000007715378163
11,20320,1217,1.0,1869,1043,19277,0.010000007638608867
11,20331,1218,1.0,1870,1043,19288,0.01000000756260344
11,20342,1219,1.0,1871,1043,19299,0.010000007487354277
11,20353,1220,1.0,1872,1043,19310,0.010000007412853857
11,20364,1221,1.0,1873,1043,19321,0.01000000733909473
11,20375,1222,1.0,1874,1043,19332,0.010000007266069517
11,20386,1223,1.0,1875,1043,19343,0.010000007193770916
11,20397,1224,1.0,1876,1043,19354,0.0100000071221917
22,20419,1224,0.0,1877,1044,19375,0.010000007051324708
16,20435,1224,0.0,1878,1044,19391,0.010000006981162856
11,20446,1225,1.0,1879,1044,19402,0.010000006911699125
11,20457,1226,1.0,1880,1044,19413,0.01000000684292657
11,20468,1227,1.0,1881,1044,19424,0.010000006774838312
11,20479,1228,1.0,1882,1045,19434,0.010000006707427544
11,20490,1229,1.0,1883,1045,19445,0.010000006640687526
11,20501,1230,1.0,1884,1045,19456,0.010000006574611581
11,20512,1231,1.0,1885,1045,19467,0.010000006509193103
11,20523,1232,1.0,1886,1045,19478,0.010000006444425549
11,20534,1233,1.0,1887,1045,19489,0.010000006380302443
11,20545,1234,1.0,1888,1045,19500,0.010000006316817373
11,20556,1235,1.0,1889,1045,19511,0.010000006253963991
21,20577,1235,0.0,1890,1046,19531,0.01000000619173601
43,20620,1235,0.0,1891,1050,19570,0.010000006130127206
100,20720,1235,0.0,1892,1052,19668,0.010000006069131422
13,20733,1235,0.0,1893,1053,19680,0.010000006008742554
98,20831,1235,0.0,1894,1054,19777,0.010000005948954567
15,20846,1235,0.0,1895,1054,19792,0.01000000588976148
11,20857,1235,0.0,1896,1054,19803,0.010000005831157375
11,20868,1235,0.0,1897,1054,19814,0.01000000577313639
31,20899,1235,0.0,1898,1054,19845,0.010000005715692721
41,20940,1235,0.0,1899,1054,19886,0.01000000565882063
62,21002,1235,0.0,1900,1055,19947,0.010000005602514423
6,21008,1235,0.0,1901,1055,19953,0.010000005546768474
23,21031,1235,0.0,1902,1055,19976,0.010000005491577205
18,21049,1236,1.0,1903,1055,19994,0.010000005436935099
23,21072,1236,0.0,1904,1055,20017,0.01000000538283669
23,21095,1236,0.0,1905,1055,20040,0.01000000532927657
47,21142,1236,0.0,1906,1056,20086,0.010000005276249382
13,21155,1236,0.0,1907,1056,20099,0.010000005223749824
31,21186,1236,0.0,1908,1058,20128,0.010000005171772646
15,21201,1236,0.0,1909,1058,20143,0.010000005120312648
53,21254,1236,0.0,1910,1059,20195,0.010000005069364685
18,21272,1237,1.0,1911,1059,20213,0.010000005018923664
15,21287,1237,0.0,1912,1059,20228,0.010000004968984538
18,21305,1238,1.0,1913,1059,20246,0.010000004919542317
18,21323,1239,1.0,1914,1059,20264,0.010000004870592053
18,21341,1240,1.0,1915,1060,20281,0.010000004822128853
18,21359,1241,1.0,1916,1060,20299,0.010000004774147869
18,21377,1242,1.0,1917,1060,20317,0.010000004726644304
48,21425,1243,1.0,1918,1061,20364,0.010000004679613407
7,21432,1243,0.0,1919,1062,20370,0.010000004633050475
17,21449,1243,0.0,1920,1063,20386,0.010000004586950852
34,21483,1244,1.0,1921,1063,20420,0.010000004541309929
10,21493,1244,0.0,1922,1063,20430,0.01000000449612314
10,21503,1244,0.0,1923,1063,20440,0.010000004451385968
10,21513,1244,0.0,1924,1063,20450,0.010000004407093938
51,21564,1244,0.0,1925,1063,20501,0.01000000436324262
43,21607,1245,1.0,1926,1063,20544,0.010000004319827631
10,21617,1245,0.0,1927,1063,20554,0.010000004276844627
10,21627,1245,0.0,1928,1063,20564,0.010000004234289312
10,21637,1245,0.0,1929,1063,20574,0.01000000419215743
10,21647,1245,0.0,1930,1063,20584,0.010000004150444766
61,21708,1246,1.0,1931,1064,20644,0.010000004109147151
41,21749,1246,0.0,1932,1064,20685,0.010000004068260454
39,21788,1246,0.0,1933,1065,20723,0.010000004027780587
6,21794,1246,0.0,1934,1066,20728,0.0100000039877035
18,21812,1247,1.0,1935,1066,20746,0.010000003948025186
11,21823,1247,0.0,1936,1066,20757,0.01000000390874168
10,21833,1247,0.0,1937,1066,20767,0.01000000386984905
32,21865,1247,0.0,1938,1066,20799,0.01000000383134341
18,21883,1248,1.0,1939,1066,20817,0.010000003793220904
18,21901,1249,1.0,1940,1066,20835,0.010000003755477726
18,21919,1250,1.0,1941,1066,20853,0.010000003718110098
18,21937,1251,1.0,1942,1066,20871,0.010000003681114285
18,21955,1252,1.0,1943,1066,20889,0.010000003644486586
18,21973,1253,1.0,1944,1066,20907,0.010000003608223338
18,21991,1254,1.0,1945,1066,20925,0.010000003572320917
18,22009,1255,1.0,1946,1067,20942,0.010000003536775728
18,22027,1256,1.0,1947,1067,20960,0.010000003501584222
18,22045,1257,1.0,1948,1067,20978,0.010000003466742877
18,22063,1258,1.0,1949,1067,20996,0.01000000343224821
18,22081,1259,1.0,1950,1067,21014,0.01000000339809677
18,22099,1260,1.0,1951,1067,21032,0.010000003364285142
18,22117,1261,1.0,1952,1068,21049,0.010000003330809946
18,22135,1262,1.0,1953,1069,21066,0.010000003297667832
18,22153,1263,1.0,1954,1069,21084,0.010000003264855489
18,22171,1264,1.0,1955,1069,21102,0.010000003232369634
18,22189,1265,1.0,1956,1069,21120,0.01000000320020702
18,22207,1266,1.0,1957,1069,21138,0.010000003168364427
18,22225,1267,1.0,1958,1069,21156,0.010000003136838674
8,22233,1267,0.0,1959,1070,21163,0.010000003105626609
18,22251,1268,1.0,1960,1070,21181,0.010000003074725107
20,22271,1269,1.0,1961,1071,21200,0.010000003044131081
18,22289,1270,1.0,1962,1071,21218,0.01000000301384147
18,22307,1271,1.0,1963,1071,21236,0.010000002983853246
18,22325,1272,1.0,1964,1071,21254,0.01000000295416341
18,22343,1273,1.0,1965,1071,21272,0.010000002924768993
20,22363,1274,1.0,1966,1072,21291,0.010000002895667057
18,22381,1275,1.0,1967,1072,21309,0.010000002866854688
8,22389,1275,0.0,1968,1072,21317,0.010000002838329006
20,22409,1276,1.0,1969,1072,21337,0.010000002810087161
18,22427,1277,1.0,1970,1072,21355,0.010000002782126326
18,22445,1278,1.0,1971,1072,21373,0.010000002754443708
18,22463,1279,1.0,1972,1072,21391,0.010000002727036534
18,22481,1280,1.0,1973,1072,21409,0.010000002699902068
18,22499,1281,1.0,1974,1072,21427,0.010000002673037594
18,22517,1282,1.0,1975,1072,21445,0.010000002646440425
18,22535,1283,1.0,1976,1073,21462,0.010000002620107903
18,22553,1284,1.0,1977,1073,21480,0.010000002594037393
18,22571,1285,1.0,1978,1073,21498,0.01000000256822629
18,22589,1286,1.0,1979,1073,21516,0.010000002542672012
20,22609,1287,1.0,1980,1075,21534,0.010000002517372002
18,22627,1288,1.0,1981,1075,21552,0.010000002492323733
4,22631,1288,0.0,1982,1075,21556,0.010000002467524697
18,22649,1289,1.0,1983,1075,21574,0.010000002442972417
5,22654,1289,0.0,1984,1076,21578,0.010000002418664434
18,22672,1290,1.0,1985,1076,21596,0.010000002394598322
17,22689,1290,0.0,1986,1077,21612,0.01000000237077167
18,22707,1291,1.0,1987,1077,21630,0.010000002347182098
18,22725,1292,1.0,1988,1077,21648,0.010000002323827245
18,22743,1293,1.0,1989,1077,21666,0.010000002300704778
20,22763,1294,1.0,1990,1078,21685,0.010000002277812383
18,22781,1295,1.0,1991,1078,21703,0.010000002255147772
18,22799,1296,1.0,1992,1078,21721,0.010000002232708676
4,22803,1296,0.0,1993,1078,21725,0.010000002210492853
18,22821,1297,1.0,1994,1078,21743,0.010000002188498083
18,22839,1298,1.0,1995,1078,21761,0.010000002166722161
18,22857,1299,1.0,1996,1078,21779,0.010000002145162916
18,22875,1300,1.0,1997,1078,21797,0.01000000212381819
18,22893,1301,1.0,1998,1078,21815,0.010000002102685845
18,22911,1302,1.0,1999,1078,21833,0.01000000208176377
14,22925,1302,0.0,2000,1079,21846,0.010000002061049876
18,22943,1303,1.0,2001,1079,21864,0.010000002040542086
18,22961,1304,1.0,2002,1079,21882,0.010000002020238354
18,22979,1305,1.0,2003,1079,21900,0.010000002000136647
18,22997,1306,1.0,2004,1080,21917,0.010000001980234954
18,23015,1307,1.0,2005,1080,21935,0.010000001960531286
18,23033,1308,1.0,2006,1080,21953,0.010000001941023675
18,23051,1309,1.0,2007,1080,21971,0.010000001921710166
18,23069,1310,1.0,2008,1080,21989,0.010000001902588831
18,23087,1311,1.0,2009,1080,22007,0.010000001883657756
18,23105,1312,1.0,2010,1080,22025,0.010000001864915047
18,23123,1313,1.0,2011,1080,22043,0.010000001846358833
18,23141,1314,1.0,2012,1082,22059,0.010000001827987255
18,23159,1315,1.0,2013,1082,22077,0.010000001809798478
6,23165,1315,0.0,2014,1083,22082,0.010000001791790683
8,23173,1315,0.0,2015,1083,22090,0.010000001773962068
20,23193,1316,1.0,2016,1083,22110,0.01000000175631085
18,23211,1317,1.0,2017,1083,22128,0.010000001738835265
18,23229,1318,1.0,2018,1083,22146,0.010000001721533565
18,23247,1319,1.0,2019,1083,22164,0.01000000170440402
18,23265,1320,1.0,2020,1084,22181,0.010000001687444917
18,23283,1321,1.0,2021,1084,22199,0.01000000167065456
18,23301,1322,1.0,2022,1084,22217,0.010000001654031268
18,23319,1323,1.0,2023,1084,22235,0.010000001637573383
18,23337,1324,1.0,2024,1084,22253,0.010000001621279255
18,23355,1325,1.0,2025,1084,22271,0.010000001605147257
18,23373,1326,1.0,2026,1084,22289,0.010000001589175776
18,23391,1327,1.0,2027,1084,22307,0.010000001573363212
18,23409,1328,1.0,2028,1084,22325,0.010000001557707985
18,23427,1329,1.0,2029,1085,22342,0.010000001542208533
18,23445,1330,1.0,2030,1085,22360,0.010000001526863301
18,23463,1331,1.0,2031,1086,22377,0.010000001511670758
20,23483,1332,1.0,2032,1086,22397,0.010000001496629383
20,23503,1333,1.0,2033,1087,22416,0.010000001481737672
18,23521,1334,1.0,2034,1087,22434,0.010000001466994136
18,23539,1335,1.0,2035,1087,22452,0.0100000014523973
18,23557,1336,1.0,2036,1087,22470,0.010000001437945705
18,23575,1337,1.0,2037,1087,22488,0.010000001423637906
17,23592,1337,0.0,2038,1088,22504,0.010000001409472473
18,23610,1338,1.0,2039,1088,22522,0.010000001395447987
20,23630,1339,1.0,2040,1088,22542,0.010000001381563048
18,23648,1340,1.0,2041,1088,22560,0.010000001367816265
6,23654,1340,0.0,2042,1088,22566,0.010000001354206266
20,23674,1341,1.0,2043,1088,22586,0.010000001340731689
18,23692,1342,1.0,2044,1089,22603,0.010000001327391185
18,23710,1343,1.0,2045,1089,22621,0.010000001314183422
18,23728,1344,1.0,2046,1089,22639,0.010000001301107078
18,23746,1345,1.0,2047,1089,22657,0.010000001288160847
8,23754,1345,0.0,2048,1090,22664,0.010000001275343432
18,23772,1346,1.0,2049,1090,22682,0.010000001262653553
18,23790,1347,1.0,2050,1090,22700,0.010000001250089941
18,23808,1348,1.0,2051,1090,22718,0.010000001237651338
18,23826,1349,1.0,2052,1090,22736,0.010000001225336501
18,23844,1350,1.0,2053,1090,22754,0.0100000012131442
18,23862,1351,1.0,2054,1090,22772,0.010000001201073213
18,23880,1352,1.0,2055,1090,22790,0.010000001189122336
18,23898,1353,1.0,2056,1090,22808,0.01000000117729037
18,23916,1354,1.0,2057,1090,22826,0.010000001165576136
18,23934,1355,1.0,2058,1090,22844,0.010000001153978458
18,23952,1356,1.0,2059,1090,22862,0.010000001142496181
18,23970,1357,1.0,2060,1090,22880,0.010000001131128155
18,23988,1358,1.0,2061,1090,22898,0.010000001119873241
18,24006,1359,1.0,2062,1090,22916,0.010000001108730316
18,24024,1360,1.0,2063,1090,22934,0.010000001097698266
18,24042,1361,1.0,2064,1090,22952,0.010000001086775985
18,24060,1362,1.0,2065,1090,22970,0.010000001075962384
18,24078,1363,1.0,2066,1090,22988,0.010000001065256378
18,24096,1364,1.0,2067,1090,23006,0.0100000010546569
18,24114,1365,1.0,2068,1090,23024,0.010000001044162888
18,24132,1366,1.0,2069,1090,23042,0.010000001033773295
18,24150,1367,1.0,2070,1090,23060,0.010000001023487078
18,24168,1368,1.0,2071,1090,23078,0.010000001013303212
18,24186,1369,1.0,2072,1090,23096,0.010000001003220677
18,24204,1370,1.0,2073,1090,23114,0.010000000993238464
18,24222,1371,1.0,2074,1090,23132,0.010000000983355576
18,24240,1372,1.0,2075,1090,23150,0.010000000973571024
18,24258,1373,1.0,2076,1090,23168,0.01000000096388383
18,24276,1374,1.0,2077,1090,23186,0.010000000954293027
18,24294,1375,1.0,2078,1090,23204,0.010000000944797652
18,24312,1376,1.0,2079,1091,23221,0.010000000935396759
18,24330,1377,1.0,2080,1091,23239,0.010000000926089405
18,24348,1378,1.0,2081,1091,23257,0.010000000916874661
18,24366,1379,1.0,2082,1091,23275,0.010000000907751607
18,24384,1380,1.0,2083,1091,23293,0.010000000898719327
18,24402,1381,1.0,2084,1091,23311,0.01000000088977692
18,24420,1382,1.0,2085,1091,23329,0.010000000880923492
18,24438,1383,1.0,2086,1091,23347,0.010000000872158157
18,24456,1384,1.0,2087,1091,23365,0.010000000863480038
18,24474,1385,1.0,2088,1091,23383,0.010000000854888268
18,24492,1386,1.0,2089,1091,23401,0.010000000846381987
18,24510,1387,1.0,2090,1091,23419,0.010000000837960347
18,24528,1388,1.0,2091,1091,23437,0.010000000829622501
18,24546,1389,1.0,2092,1091,23455,0.01000000082136762
18,24564,1390,1.0,2093,1092,23472,0.010000000813194876
5,24569,1390,0.0,2094,1093,23476,0.010000000805103451
18,24587,1391,1.0,2095,1093,23494,0.010000000797092538
18,24605,1392,1.0,2096,1093,23512,0.010000000789161335
18,24623,1393,1.0,2097,1093,23530,0.010000000781309049
6,24629,1393,0.0,2098,1094,23535,0.010000000773534894
18,24647,1394,1.0,2099,1094,23553,0.010000000765838093
18,24665,1395,1.0,2100,1094,23571,0.010000000758217876
18,24683,1396,1.0,2101,1094,23589,0.010000000750673482
18,24701,1397,1.0,2102,1094,23607,0.010000000743204156
18,24719,1398,1.0,2103,1094,23625,0.010000000735809152
18,24737,1399,1.0,2104,1094,23643,0.010000000728487729
18,24755,1400,1.0,2105,1094,23661,0.010000000721239154
18,24773,1401,1.0,2106,1094,23679,0.010000000714062705
18,24791,1402,1.0,2107,1094,23697,0.010000000706957663
18,24809,1403,1.0,2108,1094,23715,0.010000000699923316
18,24827,1404,1.0,2109,1094,23733,0.010000000692958963
18,24845,1405,1.0,2110,1094,23751,0.010000000686063906
6,24851,1405,0.0,2111,1096,23755,0.010000000679237456
10,24861,1405,0.0,2112,1097,23764,0.01000000067247893
18,24879,1406,1.0,2113,1097,23782,0.010000000665787653
4,24883,1406,0.0,2114,1098,23785,0.010000000659162955
18,24901,1407,1.0,2115,1098,23803,0.010000000652604174
18,24919,1408,1.0,2116,1098,23821,0.010000000646110655
18,24937,1409,1.0,2117,1098,23839,0.010000000639681745
18,24955,1410,1.0,2118,1098,23857,0.010000000633316805
18,24973,1411,1.0,2119,1098,23875,0.010000000627015199
18,24991,1412,1.0,2120,1098,23893,0.010000000620776293
18,25009,1413,1.0,2121,1098,23911,0.010000000614599465
18,25027,1414,1.0,2122,1098,23929,0.010000000608484098
18,25045,1415,1.0,2123,1098,23947,0.01000000060242958
18,25063,1416,1.0,2124,1098,23965,0.010000000596435306
18,25081,1417,1.0,2125,1098,23983,0.010000000590500676
18,25099,1418,1.0,2126,1099,24000,0.010000000584625097
18,25117,1419,1.0,2127,1099,24018,0.01000000057880798
18,25135,1420,1.0,2128,1099,24036,0.010000000573048744
18,25153,1421,1.0,2129,1099,24054,0.010000000567346814
9,25162,1421,0.0,2130,1100,24062,0.010000000561701618
18,25180,1422,1.0,2131,1100,24080,0.010000000556112594
18,25198,1423,1.0,2132,1100,24098,0.010000000550579181
18,25216,1424,1.0,2133,1100,24116,0.010000000545100826
18,25234,1425,1.0,2134,1100,24134,0.010000000539676982
18,25252,1426,1.0,2135,1100,24152,0.010000000534307107
4,25256,1426,0.0,2136,1101,24155,0.010000000528990662
20,25276,1427,1.0,2137,1102,24174,0.010000000523727117
18,25294,1428,1.0,2138,1102,24192,0.010000000518515946
18,25312,1429,1.0,2139,1102,24210,0.010000000513356627
18,25330,1430,1.0,2140,1102,24228,0.010000000508248641
18,25348,1431,1.0,2141,1102,24246,0.010000000503191483
18,25366,1432,1.0,2142,1102,24264,0.010000000498184645
18,25384,1433,1.0,2143,1102,24282,0.010000000493227624
18,25402,1434,1.0,2144,1102,24300,0.010000000488319928
18,25420,1435,1.0,2145,1102,24318,0.010000000483461063
18,25438,1436,1.0,2146,1102,24336,0.010000000478650545
18,25456,1437,1.0,2147,1102,24354,0.010000000473887893
18,25474,1438,1.0,2148,1102,24372,0.01000000046917263
18,25492,1439,1.0,2149,1103,24389,0.010000000464504284
18,25510,1440,1.0,2150,1103,24407,0.01000000045988239
18,25528,1441,1.0,2151,1103,24425,0.010000000455306482
18,25546,1442,1.0,2152,1103,24443,0.010000000450776108
18,25564,1443,1.0,2153,1103,24461,0.01000000044629081
18,25582,1444,1.0,2154,1103,24479,0.010000000441850142
18,25600,1445,1.0,2155,1103,24497,0.01000000043745366
18,25618,1446,1.0,2156,1103,24515,0.010000000433100923
18,25636,1447,1.0,2157,1103,24533,0.010000000428791497
18,25654,1448,1.0,2158,1103,24551,0.01000000042452495
18,25672,1449,1.0,2159,1103,24569,0.010000000420300857
18,25690,1450,1.0,2160,1103,24587,0.010000000416118794
18,25708,1451,1.0,2161,1103,24605,0.010000000411978342
18,25726,1452,1.0,2162,1103,24623,0.01000000040787909
18,25744,1453,1.0,2163,1103,24641,0.010000000403820625
18,25762,1454,1.0,2164,1103,24659,0.010000000399802542
18,25780,1455,1.0,2165,1103,24677,0.010000000395824441
18,25798,1456,1.0,2166,1103,24695,0.010000000391885921
18,25816,1457,1.0,2167,1103,24713,0.010000000387986591
18,25834,1458,1.0,2168,1103,24731,0.010000000384126061
18,25852,1459,1.0,2169,1103,24749,0.010000000380303941
18,25870,1460,1.0,2170,1103,24767,0.010000000376519855
18,25888,1461,1.0,2171,1103,24785,0.01000000037277342
18,25906,1462,1.0,2172,1103,24803,0.010000000369064262
18,25924,1463,1.0,2173,1103,24821,0.010000000365392012
18,25942,1464,1.0,2174,1103,24839,0.0100000003617563
18,25960,1465,1.0,2175,1103,24857,0.010000000358156765
18,25978,1466,1.0,2176,1103,24875,0.010000000354593046
20,25998,1467,1.0,2177,1104,24894,0.010000000351064785
18,26016,1468,1.0,2178,1104,24912,0.010000000347571633
18,26034,1469,1.0,2179,1104,24930,0.010000000344113236
18,26052,1470,1.0,2180,1104,24948,0.010000000340689253
18,26070,1471,1.0,2181,1104,24966,0.010000000337299338
18,26088,1472,1.0,2182,1104,24984,0.010000000333943155
18,26106,1473,1.0,2183,1105,25001,0.010000000330620365
18,26124,1474,1.0,2184,1105,25019,0.010000000327330637
6,26130,1474,0.0,2185,1106,25024,0.010000000324073641
18,26148,1475,1.0,2186,1106,25042,0.010000000320849056
6,26154,1475,0.0,2187,1106,25048,0.010000000317656554
18,26172,1476,1.0,2188,1106,25066,0.010000000314495818
6,26178,1476,0.0,2189,1106,25072,0.010000000311366533
18,26196,1477,1.0,2190,1106,25090,0.010000000308268385
18,26214,1478,1.0,2191,1106,25108,0.010000000305201063
18,26232,1479,1.0,2192,1106,25126,0.01000000030216426
18,26250,1480,1.0,2193,1106,25144,0.010000000299157676
18,26268,1481,1.0,2194,1106,25162,0.010000000296181009
18,26286,1482,1.0,2195,1107,25179,0.010000000293233958
20,26306,1483,1.0,2196,1108,25198,0.010000000290316231
24,26330,1483,0.0,2197,1108,25222,0.010000000287427537
34,26364,1483,0.0,2198,1108,25256,0.010000000284567585
19,26383,1483,0.0,2199,1108,25275,0.01000000028173609
25,26408,1484,1.0,2200,1108,25300,0.01000000027893277
11,26419,1484,0.0,2201,1108,25311,0.010000000276157342
15,26434,1484,0.0,2202,1108,25326,0.01000000027340953
23,26457,1484,0.0,2203,1108,25349,0.01000000027068906
6,26463,1484,0.0,2204,1108,25355,0.010000000267995659
10,26473,1484,0.0,2205,1108,25365,0.010000000265329058
10,26483,1484,0.0,2206,1108,25375,0.010000000262688989
10,26493,1484,0.0,2207,1108,25385,0.010000000260075189
23,26516,1484,0.0,2208,1108,25408,0.010000000257487398
7,26523,1485,1.0,2209,1108,25415,0.010000000254925355
26,26549,1486,1.0,2210,1108,25441,0.010000000252388806
7,26556,1487,1.0,2211,1108,25448,0.010000000249877496
7,26563,1488,1.0,2212,1108,25455,0.010000000247391174
7,26570,1489,1.0,2213,1108,25462,0.01000000024492959
7,26577,1490,1.0,2214,1108,25469,0.0100000002424925
7,26584,1491,1.0,2215,1108,25476,0.01000000024007966
7,26591,1492,1.0,2216,1108,25483,0.010000000237690827
7,26598,1493,1.0,2217,1108,25490,0.010000000235325763
7,26605,1494,1.0,2218,1108,25497,0.010000000232984233
4,26609,1494,0.0,2219,1109,25500,0.010000000230666
7,26616,1495,1.0,2220,1109,25507,0.010000000228370836
7,26623,1496,1.0,2221,1109,25514,0.010000000226098508
7,26630,1497,1.0,2222,1109,25521,0.01000000022384879
7,26637,1498,1.0,2223,1109,25528,0.010000000221621458
7,26644,1499,1.0,2224,1109,25535,0.010000000219416287
7,26651,1500,1.0,2225,1109,25542,0.010000000217233058
7,26658,1501,1.0,2226,1109,25549,0.010000000215071555
7,26665,1502,1.0,2227,1109,25556,0.010000000212931556
7,26672,1503,1.0,2228,1109,25563,0.010000000210812852
7,26679,1504,1.0,2229,1109,25570,0.01000000020871523
7,26686,1505,1.0,2230,1109,25577,0.010000000206638477
7,26693,1506,1.0,2231,1109,25584,0.010000000204582391
7,26700,1507,1.0,2232,1109,25591,0.01000000020254676
7,26707,1508,1.0,2233,1109,25598,0.010000000200531387
7,26714,1509,1.0,2234,1109,25605,0.010000000198536066
7,26721,1510,1.0,2235,1110,25611,0.0100000001965606
7,26728,1511,1.0,2236,1110,25618,0.010000000194604789
7,26735,1512,1.0,2237,1110,25625,0.010000000192668439
7,26742,1513,1.0,2238,1110,25632,0.010000000190751356
7,26749,1514,1.0,2239,1110,25639,0.010000000188853348
7,26756,1515,1.0,2240,1110,25646,0.010000000186974226
7,26763,1516,1.0,2241,1110,25653,0.010000000185113801
7,26770,1517,1.0,2242,1110,25660,0.01000000018327189
9,26779,1518,1.0,2243,1111,25668,0.010000000181448303
7,26786,1519,1.0,2244,1111,25675,0.010000000179642862
7,26793,1520,1.0,2245,1111,25682,0.010000000177855385
7,26800,1521,1.0,2246,1111,25689,0.010000000176085695
7,26807,1522,1.0,2247,1111,25696,0.010000000174333614
7,26814,1523,1.0,2248,1111,25703,0.010000000172598965
23,26837,1523,0.0,2249,1112,25725,0.010000000170881576
7,26844,1524,1.0,2250,1112,25732,0.010000000169181277
7,26851,1525,1.0,2251,1112,25739,0.010000000167497894
7,26858,1526,1.0,2252,1112,25746,0.010000000165831262
7,26865,1527,1.0,2253,1112,25753,0.010000000164181214
7,26872,1528,1.0,2254,1112,25760,0.010000000162547583
7,26879,1529,1.0,2255,1112,25767,0.010000000160930209
7,26886,1530,1.0,2256,1112,25774,0.010000000159328925
7,26893,1531,1.0,2257,1112,25781,0.010000000157743577
7,26900,1532,1.0,2258,1112,25788,0.010000000156174001
7,26907,1533,1.0,2259,1112,25795,0.010000000154620044
7,26914,1534,1.0,2260,1112,25802,0.01000000015308155
7,26921,1535,1.0,2261,1112,25809,0.010000000151558363
3,26924,1535,0.0,2262,1113,25811,0.010000000150050332
7,26931,1536,1.0,2263,1113,25818,0.010000000148557306
7,26938,1537,1.0,2264,1113,25825,0.010000000147079136
7,26945,1538,1.0,2265,1113,25832,0.010000000145615674
7,26952,1539,1.0,2266,1113,25839,0.010000000144166774
7,26959,1540,1.0,2267,1113,25846,0.01000000014273229
7,26966,1541,1.0,2268,1113,25853,0.01000000014131208
7,26973,1542,1.0,2269,1113,25860,0.010000000139906002
7,26980,1543,1.0,2270,1113,25867,0.010000000138513914
7,26987,1544,1.0,2271,1113,25874,0.010000000137135678
7,26994,1545,1.0,2272,1113,25881,0.010000000135771155
7,27001,1546,1.0,2273,1113,25888,0.01000000013442021
7,27008,1547,1.0,2274,1113,25895,0.010000000133082705
7,27015,1548,1.0,2275,1113,25902,0.01000000013175851
7,27022,1549,1.0,2276,1113,25909,0.010000000130447492
7,27029,1550,1.0,2277,1113,25916,0.010000000129149518
9,27038,1551,1.0,2278,1114,25924,0.010000000127864459
7,27045,1552,1.0,2279,1114,25931,0.010000000126592185
7,27052,1553,1.0,2280,1114,25938,0.010000000125332573
7,27059,1554,1.0,2281,1114,25945,0.010000000124085492
7,27066,1555,1.0,2282,1114,25952,0.010000000122850822
7,27073,1556,1.0,2283,1115,25958,0.010000000121628435
7,27080,1557,1.0,2284,1115,25965,0.010000000120418212
7,27087,1558,1.0,2285,1115,25972,0.01000000011922003
7,27094,1559,1.0,2286,1115,25979,0.010000000118033772
7,27101,1560,1.0,2287,1115,25986,0.010000000116859316
7,27108,1561,1.0,2288,1115,25993,0.010000000115696546
7,27115,1562,1.0,2289,1115,26000,0.010000000114545346
7,27122,1563,1.0,2290,1115,26007,0.010000000113405601
7,27129,1564,1.0,2291,1115,26014,0.010000000112277196
7,27136,1565,1.0,2292,1115,26021,0.010000000111160019
7,27143,1566,1.0,2293,1115,26028,0.01000000011005396
7,27150,1567,1.0,2294,1115,26035,0.010000000108958905
7,27157,1568,1.0,2295,1115,26042,0.010000000107874744
7,27164,1569,1.0,2296,1115,26049,0.010000000106801374
7,27171,1570,1.0,2297,1116,26055,0.010000000105738682
7,27178,1571,1.0,2298,1116,26062,0.010000000104686563
7,27185,1572,1.0,2299,1117,26068,0.010000000103644916
7,27192,1573,1.0,2300,1117,26075,0.010000000102613631
7,27199,1574,1.0,2301,1117,26082,0.010000000101592608
7,27206,1575,1.0,2302,1117,26089,0.010000000100581745
7,27213,1576,1.0,2303,1117,26096,0.010000000099580941
7,27220,1577,1.0,2304,1117,26103,0.010000000098590093
7,27227,1578,1.0,2305,1117,26110,0.010000000097609105
7,27234,1579,1.0,2306,1117,26117,0.010000000096637878
7,27241,1580,1.0,2307,1117,26124,0.010000000095676316
7,27248,1581,1.0,2308,1117,26131,0.01000000009472432
7,27255,1582,1.0,2309,1117,26138,0.010000000093781799
7,27262,1583,1.0,2310,1117,26145,0.010000000092848653
7,27269,1584,1.0,2311,1117,26152,0.010000000091924794
9,27278,1585,1.0,2312,1118,26160,0.010000000091010127
7,27285,1586,1.0,2313,1118,26167,0.010000000090104561
7,27292,1587,1.0,2314,1118,26174,0.010000000089208006
7,27299,1588,1.0,2315,1118,26181,0.01000000008832037
7,27306,1589,1.0,2316,1118,26188,0.010000000087441568
7,27313,1590,1.0,2317,1118,26195,0.01000000008657151
7,27320,1591,1.0,2318,1118,26202,0.01000000008571011
7,27327,1592,1.0,2319,1118,26209,0.01000000008485728
7,27334,1593,1.0,2320,1118,26216,0.010000000084012936
7,27341,1594,1.0,2321,1118,26223,0.010000000083176993
7,27348,1595,1.0,2322,1118,26230,0.010000000082349369
7,27355,1596,1.0,2323,1118,26237,0.010000000081529977
7,27362,1597,1.0,2324,1118,26244,0.010000000080718741
7,27369,1598,1.0,2325,1118,26251,0.010000000079915576
6,27375,1598,0.0,2326,1119,26256,0.010000000079120403
4,27379,1598,0.0,2327,1119,26260,0.010000000078333142
7,27386,1599,1.0,2328,1119,26267,0.010000000077553714
7,27393,1600,1.0,2329,1119,26274,0.010000000076782041
7,27400,1601,1.0,2330,1119,26281,0.010000000076018048
7,27407,1602,1.0,2331,1119,26288,0.010000000075261655
7,27414,1603,1.0,2332,1119,26295,0.01000000007451279
7,27421,1604,1.0,2333,1119,26302,0.010000000073771375
7,27428,1605,1.0,2334,1119,26309,0.010000000073037337
7,27435,1606,1.0,2335,1119,26316,0.010000000072310604
7,27442,1607,1.0,2336,1119,26323,0.010000000071591101
7,27449,1608,1.0,2337,1119,26330,0.010000000070878758
7,27456,1609,1.0,2338,1119,26337,0.010000000070173503
7,27463,1610,1.0,2339,1119,26344,0.010000000069475264
7,27470,1611,1.0,2340,1119,26351,0.010000000068783974
7,27477,1612,1.0,2341,1119,26358,0.010000000068099563
7,27484,1613,1.0,2342,1119,26365,0.01000000006742196
7,27491,1614,1.0,2343,1119,26372,0.0100000000667511
7,27498,1615,1.0,2344,1119,26379,0.010000000066086916
7,27505,1616,1.0,2345,1119,26386,0.01000000006542934
7,27512,1617,1.0,2346,1119,26393,0.010000000064778308
7,27519,1618,1.0,2347,1119,26400,0.010000000064133752
7,27526,1619,1.0,2348,1119,26407,0.01000000006349561
7,27533,1620,1.0,2349,1119,26414,0.010000000062863819
7,27540,1621,1.0,2350,1119,26421,0.010000000062238314
7,27547,1622,1.0,2351,1119,26428,0.010000000061619031
7,27554,1623,1.0,2352,1119,26435,0.010000000061005912
7,27561,1624,1.0,2353,1119,26442,0.010000000060398893
7,27568,1625,1.0,2354,1119,26449,0.010000000059797915
7,27575,1626,1.0,2355,1119,26456,0.010000000059202915
7,27582,1627,1.0,2356,1119,26463,0.010000000058613836
7,27589,1628,1.0,2357,1119,26470,0.010000000058030619
7,27596,1629,1.0,2358,1119,26477,0.010000000057453204
7,27603,1630,1.0,2359,1119,26484,0.010000000056881536
7,27610,1631,1.0,2360,1119,26491,0.010000000056315555
7,27617,1632,1.0,2361,1120,26497,0.010000000055755206
7,27624,1633,1.0,2362,1120,26504,0.010000000055200433
7,27631,1634,1.0,2363,1120,26511,0.01000000005465118
7,27638,1635,1.0,2364,1120,26518,0.01000000005410739
7,27645,1636,1.0,2365,1120,26525,0.010000000053569012
7,27652,1637,1.0,2366,1120,26532,0.010000000053035992
7,27659,1638,1.0,2367,1120,26539,0.010000000052508276
7,27666,1639,1.0,2368,1120,26546,0.01000000005198581
7,27673,1640,1.0,2369,1120,26553,0.010000000051468541
7,27680,1641,1.0,2370,1120,26560,0.010000000050956422
7,27687,1642,1.0,2371,1120,26567,0.010000000050449397
7,27694,1643,1.0,2372,1120,26574,0.010000000049947416
7,27701,1644,1.0,2373,1120,26581,0.010000000049450432
7,27708,1645,1.0,2374,1120,26588,0.010000000048958391
7,27715,1646,1.0,2375,1120,26595,0.010000000048471248
7,27722,1647,1.0,2376,1120,26602,0.01000000004798895
7,27729,1648,1.0,2377,1120,26609,0.010000000047511452
7,27736,1649,1.0,2378,1120,26616,0.010000000047038705
7,27743,1650,1.0,2379,1120,26623,0.010000000046570662
7,27750,1651,1.0,2380,1120,26630,0.010000000046107276
7,27757,1652,1.0,2381,1120,26637,0.010000000045648503
7,27764,1653,1.0,2382,1120,26644,0.010000000045194291
7,27771,1654,1.0,2383,1120,26651,0.0100000000447446
7,27778,1655,1.0,2384,1120,26658,0.010000000044299384
7,27785,1656,1.0,2385,1120,26665,0.010000000043858598
7,27792,1657,1.0,2386,1120,26672,0.010000000043422198
7,27799,1658,1.0,2387,1120,26679,0.01000000004299014
7,27806,1659,1.0,2388,1120,26686,0.010000000042562381
7,27813,1660,1.0,2389,1120,26693,0.010000000042138878
7,27820,1661,1.0,2390,1120,26700,0.01000000004171959
7,27827,1662,1.0,2391,1120,26707,0.010000000041304472
7,27834,1663,1.0,2392,1120,26714,0.010000000040893487
7,27841,1664,1.0,2393,1120,26721,0.010000000040486588
7,27848,1665,1.0,2394,1120,26728,0.01000000004008374
7,27855,1666,1.0,2395,1120,26735,0.010000000039684901
7,27862,1667,1.0,2396,1120,26742,0.01000000003929003
7,27869,1668,1.0,2397,1120,26749,0.010000000038899087
7,27876,1669,1.0,2398,1120,26756,0.010000000038512034
7,27883,1670,1.0,2399,1121,26762,0.010000000038128834
7,27890,1671,1.0,2400,1121,26769,0.010000000037749446
7,27897,1672,1.0,2401,1121,26776,0.010000000037373832
7,27904,1673,1.0,2402,1121,26783,0.010000000037001956
7,27911,1674,1.0,2403,1121,26790,0.010000000036633781
7,27918,1675,1.0,2404,1121,26797,0.010000000036269269
7,27925,1676,1.0,2405,1121,26804,0.010000000035908384
7,27932,1677,1.0,2406,1121,26811,0.010000000035551088
7,27939,1678,1.0,2407,1121,26818,0.01000000003519735
7,27946,1679,1.0,2408,1121,26825,0.01000000003484713
7,27953,1680,1.0,2409,1121,26832,0.010000000034500396
7,27960,1681,1.0,2410,1121,26839,0.010000000034157111
7,27967,1682,1.0,2411,1121,26846,0.010000000033817243
7,27974,1683,1.0,2412,1121,26853,0.010000000033480755
7,27981,1684,1.0,2413,1121,26860,0.010000000033147615
7,27988,1685,1.0,2414,1121,26867,0.010000000032817792
7,27995,1686,1.0,2415,1121,26874,0.01000000003249125
7,28002,1687,1.0,2416,1121,26881,0.010000000032167956
7,28009,1688,1.0,2417,1121,26888,0.010000000031847879
7,28016,1689,1.0,2418,1122,26894,0.010000000031530988
7,28023,1690,1.0,2419,1122,26901,0.01000000003121725
2,28025,1690,0.0,2420,1123,26902,0.010000000030906632
7,28032,1691,1.0,2421,1123,26909,0.010000000030599105
7,28039,1692,1.0,2422,1123,26916,0.01000000003029464
7,28046,1693,1.0,2423,1123,26923,0.010000000029993203
7,28053,1694,1.0,2424,1123,26930,0.010000000029694766
7,28060,1695,1.0,2425,1123,26937,0.010000000029399297
7,28067,1696,1.0,2426,1123,26944,0.01000000002910677
7,28074,1697,1.0,2427,1123,26951,0.010000000028817152
7,28081,1698,1.0,2428,1123,26958,0.010000000028530418
7,28088,1699,1.0,2429,1123,26965,0.010000000028246536
7,28095,1700,1.0,2430,1123,26972,0.010000000027965477
7,28102,1701,1.0,2431,1123,26979,0.010000000027687216
7,28109,1702,1.0,2432,1123,26986,0.010000000027411724
13,28122,1702,0.0,2433,1124,26998,0.010000000027138972
36,28158,1702,0.0,2434,1125,27033,0.010000000026868934
9,28167,1703,1.0,2435,1125,27042,0.010000000026601584
3,28170,1703,0.0,2436,1125,27045,0.010000000026336895
4,28174,1703,0.0,2437,1126,27048,0.010000000026074839
5,28179,1703,0.0,2438,1126,27053,0.010000000025815388
7,28186,1703,0.0,2439,1126,27060,0.01000000002555852
14,28200,1703,0.0,2440,1126,27074,0.01000000002530421
16,28216,1703,0.0,2441,1127,27089,0.010000000025052429
7,28223,1704,1.0,2442,1127,27096,0.010000000024803153
6,28229,1704,0.0,2443,1127,27102,0.010000000024556357
3,28232,1704,0.0,2444,1127,27105,0.010000000024312018
21,28253,1704,0.0,2445,1127,27126,0.010000000024070109
4,28257,1704,0.0,2446,1127,27130,0.010000000023830608
5,28262,1704,0.0,2447,1127,27135,0.010000000023593488
22,28284,1704,0.0,2448,1127,27157,0.01000000002335873
3,28287,1704,0.0,2449,1127,27160,0.010000000023126307
19,28306,1704,0.0,2450,1127,27179,0.010000000022896196
4,28310,1704,0.0,2451,1127,27183,0.010000000022668374
17,28327,1704,0.0,2452,1127,27200,0.01000000002244282
24,28351,1704,0.0,2453,1127,27224,0.010000000022219511
13,28364,1704,0.0,2454,1127,27237,0.010000000021998424
17,28381,1704,0.0,2455,1128,27253,0.010000000021779535
17,28398,1704,0.0,2456,1128,27270,0.010000000021562825
17,28415,1704,0.0,2457,1128,27287,0.010000000021348272
17,28432,1704,0.0,2458,1128,27304,0.010000000021135854
17,28449,1704,0.0,2459,1128,27321,0.010000000020925548
13,28462,1704,0.0,2460,1128,27334,0.010000000020717334
19,28481,1704,0.0,2461,1128,27353,0.010000000020511194
15,28496,1704,0.0,2462,1129,27367,0.010000000020307105
11,28507,1704,0.0,2463,1129,27378,0.010000000020105045
5,28512,1704,0.0,2464,1129,27383,0.010000000019904996
14,28526,1704,0.0,2465,1129,27397,0.01000000001970694
4,28530,1704,0.0,2466,1129,27401,0.010000000019510851
6,28536,1704,0.0,2467,1129,27407,0.010000000019316715
23,28559,1705,1.0,2468,1130,27429,0.010000000019124511
18,28577,1705,0.0,2469,1130,27447,0.010000000018934219
23,28600,1705,0.0,2470,1130,27470,0.01000000001874582
23,28623,1705,0.0,2471,1130,27493,0.010000000018559297
23,28646,1705,0.0,2472,1131,27515,0.010000000018374628
23,28669,1705,0.0,2473,1131,27538,0.010000000018191797
47,28716,1705,0.0,2474,1133,27583,0.010000000018010786
8,28724,1705,0.0,2475,1133,27591,0.010000000017831575
17,28741,1705,0.0,2476,1133,27608,0.01000000001765415
23,28764,1705,0.0,2477,1133,27631,0.010000000017478486
4,28768,1705,0.0,2478,1133,27635,0.010000000017304573
2,28770,1705,0.0,2479,1133,27637,0.01000000001713239
3,28773,1705,0.0,2480,1133,27640,0.01000000001696192
3,28776,1705,0.0,2481,1133,27643,0.010000000016793145
3,28779,1705,0.0,2482,1133,27646,0.010000000016626051
23,28802,1705,0.0,2483,1133,27669,0.01000000001646062
17,28819,1706,1.0,2484,1133,27686,0.010000000016296832
6,28825,1707,1.0,2485,1133,27692,0.010000000016134677
6,28831,1708,1.0,2486,1133,27698,0.010000000015974134
6,28837,1709,1.0,2487,1133,27704,0.010000000015815188
6,28843,1710,1.0,2488,1133,27710,0.010000000015657824
6,28849,1711,1.0,2489,1133,27716,0.010000000015502027
6,28855,1712,1.0,2490,1133,27722,0.010000000015347779
6,28861,1713,1.0,2491,1133,27728,0.010000000015195066
6,28867,1714,1.0,2492,1133,27734,0.010000000015043873
6,28873,1715,1.0,2493,1133,27740,0.010000000014894183
6,28879,1716,1.0,2494,1133,27746,0.010000000014745984
6,28885,1717,1.0,2495,1133,27752,0.01000000001459926
6,28891,1718,1.0,2496,1133,27758,0.010000000014453994
6,28897,1719,1.0,2497,1133,27764,0.010000000014310175
6,28903,1720,1.0,2498,1133,27770,0.010000000014167785
6,28909,1721,1.0,2499,1133,27776,0.010000000014026815
6,28915,1722,1.0,2500,1133,27782,0.010000000013887246
6,28921,1723,1.0,2501,1133,27788,0.010000000013749065
6,28927,1724,1.0,2502,1133,27794,0.010000000013612259
6,28933,1725,1.0,2503,1133,27800,0.010000000013476815
6,28939,1726,1.0,2504,1133,27806,0.010000000013342718
6,28945,1727,1.0,2505,1133,27812,0.010000000013209956
6,28951,1728,1.0,2506,1133,27818,0.010000000013078514
6,28957,1729,1.0,2507,1133,27824,0.010000000012948382
6,28963,1730,1.0,2508,1133,27830,0.010000000012819543
6,28969,1731,1.0,2509,1133,27836,0.010000000012691987
6,28975,1732,1.0,2510,1133,27842,0.010000000012565699
6,28981,1733,1.0,2511,1133,27848,0.010000000012440668
6,28987,1734,1.0,2512,1133,27854,0.010000000012316882
6,28993,1735,1.0,2513,1133,27860,0.010000000012194326
23,29016,1736,1.0,2514,1134,27882,0.01000000001207299
6,29022,1737,1.0,2515,1134,27888,0.010000000011952863
6,29028,1738,1.0,2516,1134,27894,0.01000000001183393
6,29034,1739,1.0,2517,1134,27900,0.01000000001171618
6,29040,1740,1.0,2518,1134,27906,0.010000000011599602
6,29046,1741,1.0,2519,1134,27912,0.010000000011484184
6,29052,1742,1.0,2520,1134,27918,0.010000000011369914
6,29058,1743,1.0,2521,1134,27924,0.010000000011256782
6,29064,1744,1.0,2522,1134,27930,0.010000000011144775
6,29070,1745,1.0,2523,1134,27936,0.010000000011033882
6,29076,1746,1.0,2524,1135,27941,0.010000000010924093
6,29082,1747,1.0,2525,1135,27947,0.010000000010815397
6,29088,1748,1.0,2526,1135,27953,0.010000000010707782
6,29094,1749,1.0,2527,1135,27959,0.010000000010601239
21,29115,1749,0.0,2528,1136,27979,0.010000000010495754
19,29134,1749,0.0,2529,1136,27998,0.01000000001039132
6,29140,1750,1.0,2530,1136,28004,0.010000000010287923
47,29187,1750,0.0,2531,1136,28051,0.010000000010185557
6,29193,1751,1.0,2532,1136,28057,0.01000000001008421
6,29199,1752,1.0,2533,1136,28063,0.01000000000998387
6,29205,1753,1.0,2534,1136,28069,0.01000000000988453
6,29211,1754,1.0,2535,1136,28075,0.010000000009786176
6,29217,1755,1.0,2536,1136,28081,0.010000000009688802
6,29223,1756,1.0,2537,1136,28087,0.010000000009592397
47,29270,1756,0.0,2538,1137,28133,0.01000000000949695
6,29276,1757,1.0,2539,1137,28139,0.010000000009402455
6,29282,1758,1.0,2540,1137,28145,0.0100000000093089
6,29288,1759,1.0,2541,1137,28151,0.010000000009216274
6,29294,1760,1.0,2542,1137,28157,0.010000000009124571
6,29300,1761,1.0,2543,1137,28163,0.01000000000903378
6,29306,1762,1.0,2544,1137,28169,0.010000000008943891
6,29312,1763,1.0,2545,1137,28175,0.010000000008854898
6,29318,1764,1.0,2546,1137,28181,0.010000000008766791
6,29324,1765,1.0,2547,1137,28187,0.010000000008679559
6,29330,1766,1.0,2548,1137,28193,0.010000000008593196
6,29336,1767,1.0,2549,1137,28199,0.010000000008507693
6,29342,1768,1.0,2550,1137,28205,0.01000000000842304
6,29348,1769,1.0,2551,1137,28211,0.010000000008339229
6,29354,1770,1.0,2552,1137,28217,0.010000000008256252
6,29360,1771,1.0,2553,1137,28223,0.010000000008174102
6,29366,1772,1.0,2554,1137,28229,0.010000000008092768
6,29372,1773,1.0,2555,1137,28235,0.010000000008012244
6,29378,1774,1.0,2556,1137,28241,0.010000000007932521
6,29384,1775,1.0,2557,1137,28247,0.010000000007853591
6,29390,1776,1.0,2558,1137,28253,0.010000000007775445
6,29396,1777,1.0,2559,1137,28259,0.010000000007698078
6,29402,1778,1.0,2560,1137,28265,0.010000000007621482
6,29408,1779,1.0,2561,1137,28271,0.010000000007545647
6,29414,1780,1.0,2562,1137,28277,0.010000000007470566
6,29420,1781,1.0,2563,1137,28283,0.010000000007396233
6,29426,1782,1.0,2564,1137,28289,0.01000000000732264
6,29432,1783,1.0,2565,1137,28295,0.010000000007249777
6,29438,1784,1.0,2566,1137,28301,0.01000000000717764
6,29444,1785,1.0,2567,1137,28307,0.010000000007106222
6,29450,1786,1.0,2568,1137,28313,0.010000000007035515
6,29456,1787,1.0,2569,1137,28319,0.01000000000696551
6,29462,1788,1.0,2570,1137,28325,0.010000000006896203
6,29468,1789,1.0,2571,1137,28331,0.010000000006827584
6,29474,1790,1.0,2572,1137,28337,0.010000000006759649
6,29480,1791,1.0,2573,1137,28343,0.010000000006692388
6,29486,1792,1.0,2574,1137,28349,0.010000000006625797
6,29492,1793,1.0,2575,1137,28355,0.010000000006559871
6,29498,1794,1.0,2576,1137,28361,0.010000000006494598
6,29504,1795,1.0,2577,1137,28367,0.010000000006429977
6,29510,1796,1.0,2578,1137,28373,0.010000000006365996
6,29516,1797,1.0,2579,1137,28379,0.010000000006302655
6,29522,1798,1.0,2580,1137,28385,0.010000000006239941
6,29528,1799,1.0,2581,1137,28391,0.010000000006177854
6,29534,1800,1.0,2582,1137,28397,0.010000000006116382
6,29540,1801,1.0,2583,1137,28403,0.010000000006055523
6,29546,1802,1.0,2584,1137,28409,0.01000000000599527
6,29552,1803,1.0,2585,1137,28415,0.010000000005935617
6,29558,1804,1.0,2586,1137,28421,0.010000000005876556
6,29564,1805,1.0,2587,1137,28427,0.010000000005818082
6,29570,1806,1.0,2588,1137,28433,0.010000000005760193
6,29576,1807,1.0,2589,1137,28439,0.010000000005702878
6,29582,1808,1.0,2590,1137,28445,0.010000000005646133
6,29588,1809,1.0,2591,1137,28451,0.010000000005589952
6,29594,1810,1.0,2592,1137,28457,0.010000000005534332
6,29600,1811,1.0,2593,1137,28463,0.010000000005479265
6,29606,1812,1.0,2594,1137,28469,0.010000000005424744
6,29612,1813,1.0,2595,1137,28475,0.010000000005370768
6,29618,1814,1.0,2596,1137,28481,0.010000000005317327
6,29624,1815,1.0,2597,1137,28487,0.01000000000526442
6,29630,1816,1.0,2598,1137,28493,0.010000000005212038
6,29636,1817,1.0,2599,1137,28499,0.010000000005160176
6,29642,1818,1.0,2600,1137,28505,0.010000000005108832
6,29648,1819,1.0,2601,1137,28511,0.010000000005057998
6,29654,1820,1.0,2602,1137,28517,0.01000000000500767
6,29660,1821,1.0,2603,1137,28523,0.010000000004957843
6,29666,1822,1.0,2604,1137,28529,0.010000000004908511
6,29672,1823,1.0,2605,1137,28535,0.010000000004859672
6,29678,1824,1.0,2606,1137,28541,0.010000000004811316
6,29684,1825,1.0,2607,1137,28547,0.010000000004763443
6,29690,1826,1.0,2608,1138,28552,0.010000000004716047
6,29696,1827,1.0,2609,1138,28558,0.010000000004669121
6,29702,1828,1.0,2610,1138,28564,0.010000000004622662
6,29708,1829,1.0,2611,1138,28570,0.010000000004576666
6,29714,1830,1.0,2612,1138,28576,0.010000000004531127
6,29720,1831,1.0,2613,1138,28582,0.010000000004486042
6,29726,1832,1.0,2614,1138,28588,0.010000000004441406
6,29732,1833,1.0,2615,1138,28594,0.010000000004397212
47,29779,1833,0.0,2616,1139,28640,0.010000000004353459
6,29785,1834,1.0,2617,1139,28646,0.010000000004310143
6,29791,1835,1.0,2618,1139,28652,0.010000000004267255
6,29797,1836,1.0,2619,1139,28658,0.010000000004224796
6,29803,1837,1.0,2620,1139,28664,0.010000000004182759
47,29850,1837,0.0,2621,1140,28710,0.010000000004141139
6,29856,1838,1.0,2622,1140,28716,0.010000000004099934
6,29862,1839,1.0,2623,1140,28722,0.010000000004059139
6,29868,1840,1.0,2624,1140,28728,0.010000000004018749
6,29874,1841,1.0,2625,1140,28734,0.010000000003978762
6,29880,1842,1.0,2626,1140,28740,0.010000000003939174
6,29886,1843,1.0,2627,1140,28746,0.010000000003899978
6,29892,1844,1.0,2628,1140,28752,0.010000000003861172
6,29898,1845,1.0,2629,1140,28758,0.010000000003822753
6,29904,1846,1.0,2630,1140,28764,0.010000000003784716
6,29910,1847,1.0,2631,1140,28770,0.010000000003747057
6,29916,1848,1.0,2632,1140,28776,0.010000000003709774
6,29922,1849,1.0,2633,1140,28782,0.01000000000367286
6,29928,1850,1.0,2634,1140,28788,0.010000000003636315
6,29934,1851,1.0,2635,1140,28794,0.010000000003600133
6,29940,1852,1.0,2636,1140,28800,0.01000000000356431
6,29946,1853,1.0,2637,1140,28806,0.010000000003528846
6,29952,1854,1.0,2638,1140,28812,0.010000000003493733
6,29958,1855,1.0,2639,1140,28818,0.01000000000345897
6,29964,1856,1.0,2640,1140,28824,0.010000000003424553
6,29970,1857,1.0,2641,1140,28830,0.010000000003390477
6,29976,1858,1.0,2642,1140,28836,0.010000000003356742
6,29982,1859,1.0,2643,1140,28842,0.010000000003323342
6,29988,1860,1.0,2644,1140,28848,0.010000000003290275
6,29994,1861,1.0,2645,1140,28854,0.010000000003257535
6,30000,1862,1.0,2646,1140,28860,0.010000000003225122
6,30006,1863,1.0,2647,1140,28866,0.010000000003193031
6,30012,1864,1.0,2648,1140,28872,0.01000000000316126
6,30018,1865,1.0,2649,1140,28878,0.010000000003129806
6,30024,1866,1.0,2650,1140,28884,0.010000000003098664
6,30030,1867,1.0,2651,1140,28890,0.010000000003067831
6,30036,1868,1.0,2652,1140,28896,0.010000000003037305
6,30042,1869,1.0,2653,1140,28902,0.010000000003007084
6,30048,1870,1.0,2654,1140,28908,0.010000000002977164
6,30054,1871,1.0,2655,1140,28914,0.01000000000294754
6,30060,1872,1.0,2656,1140,28920,0.010000000002918211
6,30066,1873,1.0,2657,1140,28926,0.010000000002889175
6,30072,1874,1.0,2658,1140,28932,0.010000000002860427
6,30078,1875,1.0,2659,1140,28938,0.010000000002831966
6,30084,1876,1.0,2660,1140,28944,0.010000000002803787
6,30090,1877,1.0,2661,1140,28950,0.010000000002775889
6,30096,1878,1.0,2662,1140,28956,0.010000000002748267
6,30102,1879,1.0,2663,1140,28962,0.010000000002720923
6,30108,1880,1.0,2664,1140,28968,0.010000000002693849
6,30114,1881,1.0,2665,1140,28974,0.010000000002667044
6,30120,1882,1.0,2666,1140,28980,0.010000000002640506
6,30126,1883,1.0,2667,1140,28986,0.010000000002614234
6,30132,1884,1.0,2668,1140,28992,0.010000000002588222
6,30138,1885,1.0,2669,1140,28998,0.010000000002562468
6,30144,1886,1.0,2670,1140,29004,0.01000000000253697
8,30152,1887,1.0,2671,1141,29011,0.010000000002511727
6,30158,1888,1.0,2672,1141,29017,0.010000000002486735
6,30164,1889,1.0,2673,1141,29023,0.010000000002461993
6,30170,1890,1.0,2674,1141,29029,0.010000000002437495
6,30176,1891,1.0,2675,1141,29035,0.010000000002413242
6,30182,1892,1.0,2676,1141,29041,0.01000000000238923
6,30188,1893,1.0,2677,1141,29047,0.010000000002365455
6,30194,1894,1.0,2678,1141,29053,0.01000000000234192
6,30200,1895,1.0,2679,1141,29059,0.010000000002318618
6,30206,1896,1.0,2680,1141,29065,0.010000000002295546
6,30212,1897,1.0,2681,1141,29071,0.010000000002272705
6,30218,1898,1.0,2682,1141,29077,0.010000000002250091
6,30224,1899,1.0,2683,1141,29083,0.010000000002227703
6,30230,1900,1.0,2684,1141,29089,0.010000000002205536
6,30236,1901,1.0,2685,1141,29095,0.010000000002183592
6,30242,1902,1.0,2686,1141,29101,0.010000000002161865
6,30248,1903,1.0,2687,1141,29107,0.010000000002140354
6,30254,1904,1.0,2688,1141,29113,0.010000000002119057
6,30260,1905,1.0,2689,1141,29119,0.010000000002097971
6,30266,1906,1.0,2690,1141,29125,0.010000000002077096
6,30272,1907,1.0,2691,1141,29131,0.010000000002056428
6,30278,1908,1.0,2692,1141,29137,0.010000000002035967
6,30284,1909,1.0,2693,1141,29143,0.010000000002015709
6,30290,1910,1.0,2694,1141,29149,0.010000000001995652
6,30296,1911,1.0,2695,1141,29155,0.010000000001975795
6,30302,1912,1.0,2696,1141,29161,0.010000000001956135
6,30308,1913,1.0,2697,1141,29167,0.010000000001936672
6,30314,1914,1.0,2698,1141,29173,0.010000000001917402
6,30320,1915,1.0,2699,1141,29179,0.010000000001898324
6,30326,1916,1.0,2700,1141,29185,0.010000000001879434
6,30332,1917,1.0,2701,1141,29191,0.010000000001860734
6,30338,1918,1.0,2702,1141,29197,0.01000000000184222
6,30344,1919,1.0,2703,1141,29203,0.010000000001823888
6,30350,1920,1.0,2704,1142,29208,0.010000000001805742
6,30356,1921,1.0,2705,1142,29214,0.010000000001787773
6,30362,1922,1.0,2706,1142,29220,0.010000000001769985
6,30368,1923,1.0,2707,1142,29226,0.010000000001752373
6,30374,1924,1.0,2708,1142,29232,0.010000000001734937
6,30380,1925,1.0,2709,1142,29238,0.010000000001717673
6,30386,1926,1.0,2710,1142,29244,0.010000000001700583
6,30392,1927,1.0,2711,1142,29250,0.010000000001683662
6,30398,1928,1.0,2712,1142,29256,0.010000000001666908
14,30412,1928,0.0,2713,1144,29268,0.010000000001650322
6,30418,1929,1.0,2714,1145,29273,0.010000000001633902
6,30424,1930,1.0,2715,1145,29279,0.010000000001617644
6,30430,1931,1.0,2716,1145,29285,0.010000000001601549
6,30436,1932,1.0,2717,1145,29291,0.010000000001585612
6,30442,1933,1.0,2718,1145,29297,0.010000000001569836
6,30448,1934,1.0,2719,1145,29303,0.010000000001554215
6,30454,1935,1.0,2720,1145,29309,0.01000000000153875
6,30460,1936,1.0,2721,1145,29315,0.01000000000152344
6,30466,1937,1.0,2722,1145,29321,0.010000000001508282
6,30472,1938,1.0,2723,1145,29327,0.010000000001493274
6,30478,1939,1.0,2724,1145,29333,0.010000000001478415
6,30484,1940,1.0,2725,1145,29339,0.010000000001463704
6,30490,1941,1.0,2726,1145,29345,0.010000000001449141
6,30496,1942,1.0,2727,1145,29351,0.010000000001434722
6,30502,1943,1.0,2728,1145,29357,0.010000000001420446
6,30508,1944,1.0,2729,1145,29363,0.010000000001406313
6,30514,1945,1.0,2730,1145,29369,0.010000000001392319
6,30520,1946,1.0,2731,1145,29375,0.010000000001378465
6,30526,1947,1.0,2732,1145,29381,0.010000000001364749
6,30532,1948,1.0,2733,1145,29387,0.01000000000135117
6,30538,1949,1.0,2734,1145,29393,0.010000000001337725
6,30544,1950,1.0,2735,1145,29399,0.010000000001324415
5,30549,1950,0.0,2736,1146,29403,0.010000000001311238
12,30561,1951,1.0,2737,1147,29414,0.01000000000129819
7,30568,1952,1.0,2738,1147,29421,0.010000000001285272
7,30575,1953,1.0,2739,1147,29428,0.010000000001272484
7,30582,1954,1.0,2740,1147,29435,0.010000000001259822
7,30589,1955,1.0,2741,1147,29442,0.010000000001247287
7,30596,1956,1.0,2742,1147,29449,0.010000000001234877
7,30603,1957,1.0,2743,1147,29456,0.01000000000122259
7,30610,1958,1.0,2744,1147,29463,0.010000000001210424
7,30617,1959,1.0,2745,1147,29470,0.01000000000119838
7,30624,1960,1.0,2746,1147,29477,0.010000000001186456
7,30631,1961,1.0,2747,1147,29484,0.01000000000117465
7,30638,1962,1.0,2748,1147,29491,0.010000000001162962
7,30645,1963,1.0,2749,1147,29498,0.010000000001151392
7,30652,1964,1.0,2750,1147,29505,0.010000000001139934
7,30659,1965,1.0,2751,1147,29512,0.010000000001128592
7,30666,1966,1.0,2752,1147,29519,0.010000000001117362
7,30673,1967,1.0,2753,1147,29526,0.010000000001106244
7,30680,1968,1.0,2754,1147,29533,0.010000000001095237
7,30687,1969,1.0,2755,1147,29540,0.01000000000108434
7,30694,1970,1.0,2756,1147,29547,0.01000000000107355
7,30701,1971,1.0,2757,1147,29554,0.010000000001062869
7,30708,1972,1.0,2758,1147,29561,0.010000000001052292
7,30715,1973,1.0,2759,1147,29568,0.010000000001041821
7,30722,1974,1.0,2760,1147,29575,0.010000000001031456
7,30729,1975,1.0,2761,1147,29582,0.010000000001021192
7,30736,1976,1.0,2762,1147,29589,0.010000000001011032
7,30743,1977,1.0,2763,1147,29596,0.010000000001000972
7,30750,1978,1.0,2764,1148,29602,0.010000000000991011
7,30757,1979,1.0,2765,1148,29609,0.010000000000981151
7,30764,1980,1.0,2766,1148,29616,0.010000000000971388
54,30818,1980,0.0,2767,1149,29669,0.010000000000961722
7,30825,1981,1.0,2768,1149,29676,0.010000000000952153
7,30832,1982,1.0,2769,1149,29683,0.01000000000094268
7,30839,1983,1.0,2770,1149,29690,0.010000000000933299
7,30846,1984,1.0,2771,1149,29697,0.010000000000924013
7,30853,1985,1.0,2772,1149,29704,0.010000000000914819
7,30860,1986,1.0,2773,1149,29711,0.010000000000905717
7,30867,1987,1.0,2774,1149,29718,0.010000000000896705
7,30874,1988,1.0,2775,1149,29725,0.010000000000887781
7,30881,1989,1.0,2776,1149,29732,0.010000000000878948
7,30888,1990,1.0,2777,1149,29739,0.010000000000870203
7,30895,1991,1.0,2778,1149,29746,0.010000000000861544
7,30902,1992,1.0,2779,1149,29753,0.010000000000852972
7,30909,1993,1.0,2780,1149,29760,0.010000000000844484
7,30916,1994,1.0,2781,1149,29767,0.010000000000836081
7,30923,1995,1.0,2782,1149,29774,0.010000000000827762
7,30930,1996,1.0,2783,1149,29781,0.010000000000819527
7,30937,1997,1.0,2784,1149,29788,0.010000000000811372
7,30944,1998,1.0,2785,1149,29795,0.010000000000803299
7,30951,1999,1.0,2786,1149,29802,0.010000000000795305
7,30958,2000,1.0,2787,1149,29809,0.010000000000787393
7,30965,2001,1.0,2788,1149,29816,0.010000000000779557
24,30989,2001,0.0,2789,1150,29839,0.010000000000771801
7,30996,2002,1.0,2790,1150,29846,0.010000000000764122
7,31003,2003,1.0,2791,1150,29853,0.010000000000756518
7,31010,2004,1.0,2792,1150,29860,0.010000000000748991
7,31017,2005,1.0,2793,1150,29867,0.010000000000741537
7,31024,2006,1.0,2794,1150,29874,0.01000000000073416
7,31031,2007,1.0,2795,1150,29881,0.010000000000726855
7,31038,2008,1.0,2796,1150,29888,0.010000000000719622
7,31045,2009,1.0,2797,1150,29895,0.010000000000712462
7,31052,2010,1.0,2798,1150,29902,0.010000000000705373
7,31059,2011,1.0,2799,1150,29909,0.010000000000698355
7,31066,2012,1.0,2800,1150,29916,0.010000000000691405
7,31073,2013,1.0,2801,1150,29923,0.010000000000684526
7,31080,2014,1.0,2802,1150,29930,0.010000000000677715
7,31087,2015,1.0,2803,1151,29936,0.010000000000670972
7,31094,2016,1.0,2804,1151,29943,0.010000000000664295
7,31101,2017,1.0,2805,1151,29950,0.010000000000657686
7,31108,2018,1.0,2806,1151,29957,0.01000000000065114
14,31122,2018,0.0,2807,1152,29970,0.010000000000644662
7,31129,2019,1.0,2808,1152,29977,0.010000000000638248
7,31136,2020,1.0,2809,1152,29984,0.010000000000631898
7,31143,2021,1.0,2810,1152,29991,0.01000000000062561
7,31150,2022,1.0,2811,1152,29998,0.010000000000619385
7,31157,2023,1.0,2812,1152,30005,0.010000000000613221
4,31161,2023,0.0,2813,1153,30008,0.01000000000060712
7,31168,2024,1.0,2814,1153,30015,0.010000000000601078
7,31175,2025,1.0,2815,1153,30022,0.010000000000595099
7,31182,2026,1.0,2816,1153,30029,0.010000000000589176
7,31189,2027,1.0,2817,1153,30036,0.010000000000583315
14,31203,2027,0.0,2818,1154,30049,0.01000000000057751
7,31210,2028,1.0,2819,1154,30056,0.010000000000571763
7,31217,2029,1.0,2820,1154,30063,0.010000000000566075
7,31224,2030,1.0,2821,1154,30070,0.010000000000560443
7,31231,2031,1.0,2822,1154,30077,0.010000000000554865
7,31238,2032,1.0,2823,1154,30084,0.010000000000549345
7,31245,2033,1.0,2824,1154,30091,0.01000000000054388
7,31252,2034,1.0,2825,1154,30098,0.010000000000538467
7,31259,2035,1.0,2826,1154,30105,0.010000000000533108
7,31266,2036,1.0,2827,1154,30112,0.010000000000527805
7,31273,2037,1.0,2828,1154,30119,0.010000000000522553
7,31280,2038,1.0,2829,1154,30126,0.010000000000517354
7,31287,2039,1.0,2830,1154,30133,0.010000000000512205
7,31294,2040,1.0,2831,1154,30140,0.010000000000507108
7,31301,2041,1.0,2832,1154,30147,0.010000000000502064
7,31308,2042,1.0,2833,1154,30154,0.010000000000497068
7,31315,2043,1.0,2834,1154,30161,0.010000000000492122
7,31322,2044,1.0,2835,1154,30168,0.010000000000487225
7,31329,2045,1.0,2836,1154,30175,0.010000000000482376
7,31336,2046,1.0,2837,1154,30182,0.010000000000477578
7,31343,2047,1.0,2838,1155,30188,0.010000000000472825
7,31350,2048,1.0,2839,1155,30195,0.01000000000046812
7,31357,2049,1.0,2840,1155,30202,0.010000000000463463
7,31364,2050,1.0,2841,1155,30209,0.010000000000458852
7,31371,2051,1.0,2842,1155,30216,0.010000000000454286
7,31378,2052,1.0,2843,1155,30223,0.010000000000449765
7,31385,2053,1.0,2844,1155,30230,0.01000000000044529
7,31392,2054,1.0,2845,1155,30237,0.01000000000044086
7,31399,2055,1.0,2846,1155,30244,0.010000000000436472
7,31406,2056,1.0,2847,1155,30251,0.01000000000043213
7,31413,2057,1.0,2848,1155,30258,0.01000000000042783
7,31420,2058,1.0,2849,1155,30265,0.010000000000423573
7,31427,2059,1.0,2850,1155,30272,0.01000000000041936
7,31434,2060,1.0,2851,1155,30279,0.010000000000415185
7,31441,2061,1.0,2852,1155,30286,0.010000000000411055
7,31448,2062,1.0,2853,1155,30293,0.010000000000406965
7,31455,2063,1.0,2854,1155,30300,0.010000000000402916
7,31462,2064,1.0,2855,1155,30307,0.010000000000398907
7,31469,2065,1.0,2856,1155,30314,0.010000000000394938
7,31476,2066,1.0,2857,1155,30321,0.010000000000391007
7,31483,2067,1.0,2858,1155,30328,0.010000000000387118
7,31490,2068,1.0,2859,1155,30335,0.010000000000383265
7,31497,2069,1.0,2860,1155,30342,0.010000000000379452
7,31504,2070,1.0,2861,1155,30349,0.010000000000375675
7,31511,2071,1.0,2862,1155,30356,0.010000000000371937
7,31518,2072,1.0,2863,1155,30363,0.010000000000368237
7,31525,2073,1.0,2864,1155,30370,0.010000000000364573
7,31532,2074,1.0,2865,1155,30377,0.010000000000360946
7,31539,2075,1.0,2866,1155,30384,0.010000000000357353
7,31546,2076,1.0,2867,1155,30391,0.010000000000353799
7,31553,2077,1.0,2868,1155,30398,0.010000000000350277
7,31560,2078,1.0,2869,1155,30405,0.010000000000346792
7,31567,2079,1.0,2870,1155,30412,0.010000000000343342
7,31574,2080,1.0,2871,1155,30419,0.010000000000339926
7,31581,2081,1.0,2872,1155,30426,0.010000000000336544
7,31588,2082,1.0,2873,1155,30433,0.010000000000333194
7,31595,2083,1.0,2874,1155,30440,0.010000000000329879
7,31602,2084,1.0,2875,1155,30447,0.010000000000326597
7,31609,2085,1.0,2876,1155,30454,0.010000000000323347
7,31616,2086,1.0,2877,1155,30461,0.01000000000032013
7,31623,2087,1.0,2878,1155,30468,0.010000000000316945
7,31630,2088,1.0,2879,1155,30475,0.010000000000313791
7,31637,2089,1.0,2880,1155,30482,0.010000000000310668
7,31644,2090,1.0,2881,1155,30489,0.010000000000307577
83,31727,2090,0.0,2882,1156,30571,0.010000000000304517
9,31736,2090,0.0,2883,1156,30580,0.010000000000301486
5,31741,2090,0.0,2884,1156,30585,0.010000000000298487
6,31747,2090,0.0,2885,1156,30591,0.010000000000295517
9,31756,2090,0.0,2886,1156,30600,0.010000000000292577
10,31766,2090,0.0,2887,1156,30610,0.010000000000289666
13,31779,2090,0.0,2888,1157,30622,0.010000000000286783
12,31791,2090,0.0,2889,1157,30634,0.01000000000028393
6,31797,2090,0.0,2890,1157,30640,0.010000000000281105
9,31806,2090,0.0,2891,1157,30649,0.010000000000278307
26,31832,2090,0.0,2892,1157,30675,0.010000000000275538
4,31836,2090,0.0,2893,1157,30679,0.010000000000272796
4,31840,2090,0.0,2894,1157,30683,0.010000000000270083
53,31893,2090,0.0,2895,1161,30732,0.010000000000267396
23,31916,2090,0.0,2896,1163,30753,0.010000000000264735
15,31931,2090,0.0,2897,1163,30768,0.0100000000002621
92,32023,2091,1.0,2898,1165,30858,0.010000000000259492
8,32031,2091,0.0,2899,1165,30866,0.010000000000256911
8,32039,2091,0.0,2900,1165,30874,0.010000000000254354
8,32047,2091,0.0,2901,1165,30882,0.010000000000251823
33,32080,2091,0.0,2902,1165,30915,0.010000000000249318
4,32084,2091,0.0,2903,1165,30919,0.010000000000246837
4,32088,2091,0.0,2904,1165,30923,0.010000000000244381
13,32101,2092,1.0,2905,1165,30936,0.010000000000241949
11,32112,2093,1.0,2906,1165,30947,0.010000000000239541
11,32123,2094,1.0,2907,1165,30958,0.010000000000237158
11,32134,2095,1.0,2908,1165,30969,0.010000000000234799
11,32145,2096,1.0,2909,1165,30980,0.010000000000232462
11,32156,2097,1.0,2910,1165,30991,0.01000000000023015
11,32167,2098,1.0,2911,1165,31002,0.01000000000022786
11,32178,2099,1.0,2912,1165,31013,0.010000000000225592
11,32189,2100,1.0,2913,1165,31024,0.010000000000223348
11,32200,2101,1.0,2914,1165,31035,0.010000000000221125
11,32211,2102,1.0,2915,1165,31046,0.010000000000218924
11,32222,2103,1.0,2916,1165,31057,0.010000000000216747
11,32233,2104,1.0,2917,1165,31068,0.010000000000214589
11,32244,2105,1.0,2918,1165,31079,0.010000000000212454
11,32255,2106,1.0,2919,1165,31090,0.01000000000021034
11,32266,2107,1.0,2920,1165,31101,0.010000000000208247
11,32277,2108,1.0,2921,1165,31112,0.010000000000206176
11,32288,2109,1.0,2922,1165,31123,0.010000000000204123
11,32299,2110,1.0,2923,1165,31134,0.010000000000202092
11,32310,2111,1.0,2924,1165,31145,0.010000000000200081
11,32321,2112,1.0,2925,1165,31156,0.010000000000198092
11,32332,2113,1.0,2926,1165,31167,0.01000000000019612
11,32343,2114,1.0,2927,1166,31177,0.010000000000194168
11,32354,2115,1.0,2928,1166,31188,0.010000000000192237
11,32365,2116,1.0,2929,1166,31199,0.010000000000190324
11,32376,2117,1.0,2930,1166,31210,0.01000000000018843
11,32387,2118,1.0,2931,1166,31221,0.010000000000186556
11,32398,2119,1.0,2932,1166,31232,0.0100000000001847
11,32409,2120,1.0,2933,1166,31243,0.010000000000182861
11,32420,2121,1.0,2934,1166,31254,0.010000000000181041
11,32431,2122,1.0,2935,1166,31265,0.01000000000017924
11,32442,2123,1.0,2936,1166,31276,0.010000000000177457
11,32453,2124,1.0,2937,1166,31287,0.010000000000175691
11,32464,2125,1.0,2938,1166,31298,0.010000000000173943
11,32475,2126,1.0,2939,1166,31309,0.010000000000172211
11,32486,2127,1.0,2940,1166,31320,0.0100000000001705
11,32497,2128,1.0,2941,1167,31330,0.010000000000168803
11,32508,2129,1.0,2942,1167,31341,0.010000000000167122
11,32519,2130,1.0,2943,1167,31352,0.01000000000016546
11,32530,2131,1.0,2944,1167,31363,0.010000000000163814
11,32541,2132,1.0,2945,1167,31374,0.010000000000162183
11,32552,2133,1.0,2946,1168,31384,0.01000000000016057
11,32563,2134,1.0,2947,1168,31395,0.010000000000158972
11,32574,2135,1.0,2948,1168,31406,0.01000000000015739
11,32585,2136,1.0,2949,1169,31416,0.010000000000155823
11,32596,2137,1.0,2950,1169,31427,0.010000000000154274
11,32607,2138,1.0,2951,1169,31438,0.01000000000015274
11,32618,2139,1.0,2952,1169,31449,0.01000000000015122
6,32624,2139,0.0,2953,1170,31454,0.010000000000149714
11,32635,2140,1.0,2954,1170,31465,0.010000000000148224
11,32646,2141,1.0,2955,1171,31475,0.01000000000014675
11,32657,2142,1.0,2956,1171,31486,0.01000000000014529
10,32667,2142,0.0,2957,1172,31495,0.010000000000143843
11,32678,2143,1.0,2958,1172,31506,0.010000000000142412
11,32689,2144,1.0,2959,1172,31517,0.010000000000140995
11,32700,2145,1.0,2960,1172,31528,0.010000000000139592
11,32711,2146,1.0,2961,1172,31539,0.010000000000138204
11,32722,2147,1.0,2962,1172,31550,0.010000000000136828
11,32733,2148,1.0,2963,1172,31561,0.010000000000135466
11,32744,2149,1.0,2964,1172,31572,0.010000000000134119
11,32755,2150,1.0,2965,1172,31583,0.010000000000132785
11,32766,2151,1.0,2966,1172,31594,0.010000000000131463
11,32777,2152,1.0,2967,1172,31605,0.010000000000130155
11,32788,2153,1.0,2968,1172,31616,0.01000000000012886
11,32799,2154,1.0,2969,1172,31627,0.010000000000127579
11,32810,2155,1.0,2970,1172,31638,0.010000000000126309
11,32821,2156,1.0,2971,1172,31649,0.010000000000125051
11,32832,2157,1.0,2972,1172,31660,0.010000000000123807
11,32843,2158,1.0,2973,1172,31671,0.010000000000122576
11,32854,2159,1.0,2974,1172,31682,0.010000000000121356
11,32865,2160,1.0,2975,1172,31693,0.010000000000120149
11,32876,2161,1.0,2976,1172,31704,0.010000000000118954
11,32887,2162,1.0,2977,1172,31715,0.010000000000117769
11,32898,2163,1.0,2978,1172,31726,0.010000000000116598
11,32909,2164,1.0,2979,1172,31737,0.010000000000115437
11,32920,2165,1.0,2980,1172,31748,0.010000000000114289
11,32931,2166,1.0,2981,1172,31759,0.010000000000113151
11,32942,2167,1.0,2982,1172,31770,0.010000000000112025
11,32953,2168,1.0,2983,1172,31781,0.010000000000110911
11,32964,2169,1.0,2984,1172,31792,0.010000000000109808
11,32975,2170,1.0,2985,1172,31803,0.010000000000108715
11,32986,2171,1.0,2986,1172,31814,0.010000000000107633
11,32997,2172,1.0,2987,1172,31825,0.010000000000106563
11,33008,2173,1.0,2988,1172,31836,0.010000000000105503
5,33013,2173,0.0,2989,1173,31840,0.010000000000104451
11,33024,2174,1.0,2990,1173,31851,0.010000000000103412
11,33035,2175,1.0,2991,1173,31862,0.010000000000102384
11,33046,2176,1.0,2992,1173,31873,0.010000000000101365
11,33057,2177,1.0,2993,1173,31884,0.010000000000100356
11,33068,2178,1.0,2994,1173,31895,0.010000000000099358
11,33079,2179,1.0,2995,1173,31906,0.01000000000009837
11,33090,2180,1.0,2996,1173,31917,0.010000000000097391
11,33101,2181,1.0,2997,1173,31928,0.010000000000096421
20,33121,2182,1.0,2998,1174,31947,0.010000000000095462
11,33132,2183,1.0,2999,1175,31957,0.010000000000094511
11,33143,2184,1.0,3000,1175,31968,0.010000000000093571
11,33154,2185,1.0,3001,1175,31979,0.010000000000092641
11,33165,2186,1.0,3002,1175,31990,0.010000000000091719
11,33176,2187,1.0,3003,1175,32001,0.010000000000090806
11,33187,2188,1.0,3004,1175,32012,0.010000000000089902
11,33198,2189,1.0,3005,1175,32023,0.010000000000089009
11,33209,2190,1.0,3006,1175,32034,0.010000000000088122
11,33220,2191,1.0,3007,1175,32045,0.010000000000087246
11,33231,2192,1.0,3008,1175,32056,0.010000000000086377
11,33242,2193,1.0,3009,1175,32067,0.010000000000085519
11,33253,2194,1.0,3010,1175,32078,0.010000000000084667
11,33264,2195,1.0,3011,1175,32089,0.010000000000083826
11,33275,2196,1.0,3012,1175,32100,0.010000000000082991
11,33286,2197,1.0,3013,1175,32111,0.010000000000082165
11,33297,2198,1.0,3014,1175,32122,0.010000000000081347
11,33308,2199,1.0,3015,1175,32133,0.010000000000080538
11,33319,2200,1.0,3016,1175,32144,0.010000000000079737
8,33327,2200,0.0,3017,1176,32151,0.010000000000078944
11,33338,2201,1.0,3018,1176,32162,0.010000000000078158
11,33349,2202,1.0,3019,1176,32173,0.01000000000007738
11,33360,2203,1.0,3020,1176,32184,0.01000000000007661
11,33371,2204,1.0,3021,1176,32195,0.010000000000075848
11,33382,2205,1.0,3022,1176,32206,0.010000000000075093
11,33393,2206,1.0,3023,1176,32217,0.010000000000074345
11,33404,2207,1.0,3024,1176,32228,0.010000000000073606
13,33417,2207,0.0,3025,1177,32240,0.010000000000072874
11,33428,2208,1.0,3026,1177,32251,0.010000000000072149
11,33439,2209,1.0,3027,1177,32262,0.010000000000071431
11,33450,2210,1.0,3028,1177,32273,0.01000000000007072
11,33461,2211,1.0,3029,1177,32284,0.010000000000070017
11,33472,2212,1.0,3030,1177,32295,0.01000000000006932
11,33483,2213,1.0,3031,1177,32306,0.01000000000006863
11,33494,2214,1.0,3032,1177,32317,0.010000000000067948
11,33505,2215,1.0,3033,1177,32328,0.010000000000067271
11,33516,2216,1.0,3034,1177,32339,0.010000000000066601
11,33527,2217,1.0,3035,1177,32350,0.010000000000065939
11,33538,2218,1.0,3036,1177,32361,0.010000000000065283
11,33549,2219,1.0,3037,1177,32372,0.010000000000064633
11,33560,2220,1.0,3038,1177,32383,0.01000000000006399
11,33571,2221,1.0,3039,1177,32394,0.010000000000063354
11,33582,2222,1.0,3040,1177,32405,0.010000000000062723
11,33593,2223,1.0,3041,1177,32416,0.010000000000062098
11,33604,2224,1.0,3042,1177,32427,0.01000000000006148
11,33615,2225,1.0,3043,1177,32438,0.01000000000006087
53,33668,2225,0.0,3044,1180,32488,0.010000000000060265
11,33679,2226,1.0,3045,1180,32499,0.010000000000059664
11,33690,2227,1.0,3046,1180,32510,0.010000000000059071
11,33701,2228,1.0,3047,1180,32521,0.010000000000058483
3,33704,2228,0.0,3048,1181,32523,0.0100000000000579
11,33715,2229,1.0,3049,1181,32534,0.010000000000057324
11,33726,2230,1.0,3050,1181,32545,0.010000000000056753
11,33737,2231,1.0,3051,1181,32556,0.01000000000005619
11,33748,2232,1.0,3052,1181,32567,0.010000000000055631
11,33759,2233,1.0,3053,1181,32578,0.010000000000055078
11,33770,2234,1.0,3054,1181,32589,0.01000000000005453
11,33781,2235,1.0,3055,1181,32600,0.010000000000053987
11,33792,2236,1.0,3056,1181,32611,0.010000000000053449
11,33803,2237,1.0,3057,1181,32622,0.010000000000052918
100,33903,2237,0.0,3058,1183,32720,0.01000000000005239
11,33914,2238,1.0,3059,1183,32731,0.01000000000005187
11,33925,2239,1.0,3060,1183,32742,0.010000000000051353
11,33936,2240,1.0,3061,1183,32753,0.010000000000050843
11,33947,2241,1.0,3062,1183,32764,0.010000000000050337
11,33958,2242,1.0,3063,1183,32775,0.010000000000049835
11,33969,2243,1.0,3064,1183,32786,0.01000000000004934
11,33980,2244,1.0,3065,1184,32796,0.010000000000048848
11,33991,2245,1.0,3066,1184,32807,0.010000000000048363
11,34002,2246,1.0,3067,1184,32818,0.010000000000047882
11,34013,2247,1.0,3068,1184,32829,0.010000000000047405
11,34024,2248,1.0,3069,1184,32840,0.010000000000046933
11,34035,2249,1.0,3070,1184,32851,0.010000000000046467
11,34046,2250,1.0,3071,1184,32862,0.010000000000046003
11,34057,2251,1.0,3072,1184,32873,0.010000000000045547
11,34068,2252,1.0,3073,1184,32884,0.010000000000045093
11,34079,2253,1.0,3074,1184,32895,0.010000000000044645
11,34090,2254,1.0,3075,1184,32906,0.010000000000044201
11,34101,2255,1.0,3076,1184,32917,0.01000000000004376
11,34112,2256,1.0,3077,1184,32928,0.010000000000043325
11,34123,2257,1.0,3078,1184,32939,0.010000000000042895
11,34134,2258,1.0,3079,1184,32950,0.010000000000042468
11,34145,2259,1.0,3080,1184,32961,0.010000000000042045
11,34156,2260,1.0,3081,1184,32972,0.010000000000041627
11,34167,2261,1.0,3082,1184,32983,0.010000000000041212
11,34178,2262,1.0,3083,1184,32994,0.010000000000040803
11,34189,2263,1.0,3084,1184,33005,0.010000000000040397
11,34200,2264,1.0,3085,1184,33016,0.010000000000039994
11,34211,2265,1.0,3086,1184,33027,0.010000000000039595
11,34222,2266,1.0,3087,1184,33038,0.010000000000039201
11,34233,2267,1.0,3088,1184,33049,0.010000000000038813
11,34244,2268,1.0,3089,1184,33060,0.010000000000038426
11,34255,2269,1.0,3090,1184,33071,0.010000000000038043
11,34266,2270,1.0,3091,1184,33082,0.010000000000037665
11,34277,2271,1.0,3092,1184,33093,0.01000000000003729
3,34280,2271,0.0,3093,1185,33095,0.010000000000036919
11,34291,2272,1.0,3094,1185,33106,0.010000000000036553
11,34302,2273,1.0,3095,1185,33117,0.010000000000036188
11,34313,2274,1.0,3096,1185,33128,0.010000000000035827
11,34324,2275,1.0,3097,1185,33139,0.010000000000035472
11,34335,2276,1.0,3098,1185,33150,0.010000000000035118
11,34346,2277,1.0,3099,1185,33161,0.01000000000003477
11,34357,2278,1.0,3100,1186,33171,0.010000000000034424
11,34368,2279,1.0,3101,1186,33182,0.01000000000003408
11,34379,2280,1.0,3102,1186,33193,0.010000000000033742
11,34390,2281,1.0,3103,1186,33204,0.010000000000033406
11,34401,2282,1.0,3104,1186,33215,0.010000000000033073
11,34412,2283,1.0,3105,1186,33226,0.010000000000032745
11,34423,2284,1.0,3106,1186,33237,0.010000000000032419
11,34434,2285,1.0,3107,1186,33248,0.010000000000032096
11,34445,2286,1.0,3108,1186,33259,0.010000000000031777
11,34456,2287,1.0,3109,1186,33270,0.010000000000031461
11,34467,2288,1.0,3110,1186,33281,0.010000000000031147
21,34488,2289,1.0,3111,1187,33301,0.010000000000030838
11,34499,2290,1.0,3112,1187,33312,0.010000000000030531
11,34510,2291,1.0,3113,1187,33323,0.010000000000030228
11,34521,2292,1.0,3114,1187,33334,0.010000000000029926
11,34532,2293,1.0,3115,1187,33345,0.010000000000029628
11,34543,2294,1.0,3116,1187,33356,0.010000000000029334
11,34554,2295,1.0,3117,1187,33367,0.010000000000029041
11,34565,2296,1.0,3118,1187,33378,0.010000000000028753
11,34576,2297,1.0,3119,1187,33389,0.010000000000028467
11,34587,2298,1.0,3120,1187,33400,0.010000000000028184
11,34598,2299,1.0,3121,1187,33411,0.010000000000027903
11,34609,2300,1.0,3122,1187,33422,0.010000000000027626
11,34620,2301,1.0,3123,1187,33433,0.01000000000002735
11,34631,2302,1.0,3124,1187,33444,0.010000000000027078
11,34642,2303,1.0,3125,1187,33455,0.010000000000026809
11,34653,2304,1.0,3126,1187,33466,0.010000000000026541
11,34664,2305,1.0,3127,1187,33477,0.010000000000026278
11,34675,2306,1.0,3128,1187,33488,0.010000000000026016
11,34686,2307,1.0,3129,1187,33499,0.010000000000025757
11,34697,2308,1.0,3130,1188,33509,0.0100000000000255
11,34708,2309,1.0,3131,1188,33520,0.010000000000025247
11,34719,2310,1.0,3132,1188,33531,0.010000000000024996
11,34730,2311,1.0,3133,1188,33542,0.010000000000024748
11,34741,2312,1.0,3134,1188,33553,0.010000000000024501
11,34752,2313,1.0,3135,1188,33564,0.010000000000024257
11,34763,2314,1.0,3136,1188,33575,0.010000000000024016
11,34774,2315,1.0,3137,1188,33586,0.010000000000023778
11,34785,2316,1.0,3138,1188,33597,0.01000000000002354
11,34796,2317,1.0,3139,1188,33608,0.010000000000023306
11,34807,2318,1.0,3140,1188,33619,0.010000000000023075
19,34826,2318,0.0,3141,1189,33637,0.010000000000022845
11,34837,2319,1.0,3142,1189,33648,0.010000000000022618
11,34848,2320,1.0,3143,1189,33659,0.010000000000022392
13,34861,2320,0.0,3144,1190,33671,0.01000000000002217
24,34885,2321,1.0,3145,1190,33695,0.01000000000002195
93,34978,2321,0.0,3146,1191,33787,0.010000000000021731
100,35078,2321,0.0,3147,1192,33886,0.010000000000021514
12,35090,2321,0.0,3148,1192,33898,0.010000000000021301
6,35096,2321,0.0,3149,1192,33904,0.01000000000002109
100,35196,2321,0.0,3150,1192,34004,0.01000000000002088
8,35204,2321,0.0,3151,1192,34012,0.010000000000020671
5,35209,2321,0.0,3152,1192,34017,0.010000000000020465
8,35217,2321,0.0,3153,1192,34025,0.010000000000020262
5,35222,2321,0.0,3154,1192,34030,0.01000000000002006
19,35241,2321,0.0,3155,1192,34049,0.010000000000019861
4,35245,2321,0.0,3156,1192,34053,0.010000000000019663
13,35258,2321,0.0,3157,1192,34066,0.010000000000019467
18,35276,2321,0.0,3158,1192,34084,0.010000000000019273
17,35293,2321,0.0,3159,1193,34100,0.010000000000019082
70,35363,2321,0.0,3160,1194,34169,0.010000000000018891
19,35382,2321,0.0,3161,1194,34188,0.010000000000018704
6,35388,2321,0.0,3162,1194,34194,0.010000000000018518
20,35408,2322,1.0,3163,1194,34214,0.010000000000018335
11,35419,2323,1.0,3164,1194,34225,0.01000000000001815
8,35427,2323,0.0,3165,1194,34233,0.01000000000001797
11,35438,2323,0.0,3166,1194,34244,0.010000000000017792
11,35449,2323,0.0,3167,1194,34255,0.010000000000017615
11,35460,2323,0.0,3168,1194,34266,0.01000000000001744
11,35471,2323,0.0,3169,1194,34277,0.010000000000017266
11,35482,2323,0.0,3170,1194,34288,0.010000000000017094
11,35493,2323,0.0,3171,1194,34299,0.010000000000016924
18,35511,2324,1.0,3172,1194,34317,0.010000000000016756
11,35522,2324,0.0,3173,1194,34328,0.01000000000001659
11,35533,2324,0.0,3174,1194,34339,0.010000000000016425
11,35544,2324,0.0,3175,1194,34350,0.01000000000001626
11,35555,2324,0.0,3176,1194,34361,0.010000000000016098
11,35566,2324,0.0,3177,1194,34372,0.010000000000015939
11,35577,2324,0.0,3178,1194,34383,0.01000000000001578
11,35588,2325,1.0,3179,1194,34394,0.010000000000015623
9,35597,2325,0.0,3180,1196,34401,0.010000000000015467
11,35608,2326,1.0,3181,1196,34412,0.010000000000015314
11,35619,2327,1.0,3182,1196,34423,0.010000000000015162
11,35630,2328,1.0,3183,1196,34434,0.01000000000001501
11,35641,2329,1.0,3184,1196,34445,0.010000000000014862
11,35652,2330,1.0,3185,1196,34456,0.010000000000014712
8,35660,2330,0.0,3186,1197,34463,0.010000000000014567
11,35671,2331,1.0,3187,1197,34474,0.010000000000014421
11,35682,2332,1.0,3188,1197,34485,0.010000000000014279
11,35693,2333,1.0,3189,1197,34496,0.010000000000014136
11,35704,2334,1.0,3190,1197,34507,0.010000000000013996
11,35715,2335,1.0,3191,1197,34518,0.010000000000013857
11,35726,2336,1.0,3192,1197,34529,0.010000000000013718
11,35737,2337,1.0,3193,1197,34540,0.010000000000013581
11,35748,2338,1.0,3194,1197,34551,0.010000000000013446
11,35759,2339,1.0,3195,1197,34562,0.010000000000013312
11,35770,2340,1.0,3196,1197,34573,0.01000000000001318
13,35783,2340,0.0,3197,1198,34585,0.010000000000013049
11,35794,2341,1.0,3198,1198,34596,0.010000000000012919
11,35805,2342,1.0,3199,1198,34607,0.01000000000001279
11,35816,2343,1.0,3200,1198,34618,0.010000000000012664
11,35827,2344,1.0,3201,1198,34629,0.010000000000012537
11,35838,2345,1.0,3202,1198,34640,0.010000000000012412
11,35849,2346,1.0,3203,1198,34651,0.010000000000012289
11,35860,2347,1.0,3204,1198,34662,0.010000000000012168
11,35871,2348,1.0,3205,1198,34673,0.010000000000012046
11,35882,2349,1.0,3206,1198,34684,0.010000000000011926
11,35893,2350,1.0,3207,1198,34695,0.010000000000011808
14,35907,2350,0.0,3208,1199,34708,0.01000000000001169
11,35918,2351,1.0,3209,1199,34719,0.010000000000011574
4,35922,2351,0.0,3210,1199,34723,0.010000000000011458
9,35931,2351,0.0,3211,1199,34732,0.010000000000011345
2,35933,2351,0.0,3212,1199,34734,0.010000000000011233
11,35944,2352,1.0,3213,1199,34745,0.01000000000001112
11,35955,2353,1.0,3214,1199,34756,0.010000000000011009
11,35966,2354,1.0,3215,1199,34767,0.0100000000000109
11,35977,2355,1.0,3216,1199,34778,0.010000000000010792
11,35988,2356,1.0,3217,1199,34789,0.010000000000010684
11,35999,2357,1.0,3218,1199,34800,0.010000000000010577
11,36010,2358,1.0,3219,1199,34811,0.010000000000010473
11,36021,2359,1.0,3220,1199,34822,0.010000000000010369
11,36032,2360,1.0,3221,1199,34833,0.010000000000010265
13,36045,2361,1.0,3222,1200,34845,0.010000000000010162
11,36056,2362,1.0,3223,1200,34856,0.010000000000010062
11,36067,2363,1.0,3224,1200,34867,0.010000000000009961
11,36078,2364,1.0,3225,1200,34878,0.010000000000009862
11,36089,2365,1.0,3226,1200,34889,0.010000000000009765
11,36100,2366,1.0,3227,1200,34900,0.010000000000009668
11,36111,2367,1.0,3228,1200,34911,0.01000000000000957
11,36122,2368,1.0,3229,1200,34922,0.010000000000009475
11,36133,2369,1.0,3230,1200,34933,0.010000000000009382
11,36144,2370,1.0,3231,1200,34944,0.010000000000009288
11,36155,2371,1.0,3232,1200,34955,0.010000000000009196
11,36166,2372,1.0,3233,1200,34966,0.010000000000009104
11,36177,2373,1.0,3234,1200,34977,0.010000000000009014
9,36186,2373,0.0,3235,1201,34985,0.010000000000008924
11,36197,2374,1.0,3236,1201,34996,0.010000000000008835
11,36208,2375,1.0,3237,1201,35007,0.010000000000008747
11,36219,2376,1.0,3238,1201,35018,0.01000000000000866
13,36232,2376,0.0,3239,1202,35030,0.010000000000008575
11,36243,2377,1.0,3240,1202,35041,0.010000000000008488
11,36254,2378,1.0,3241,1202,35052,0.010000000000008405
21,36275,2378,0.0,3242,1203,35072,0.01000000000000832
11,36286,2379,1.0,3243,1203,35083,0.010000000000008238
11,36297,2380,1.0,3244,1203,35094,0.010000000000008155
11,36308,2381,1.0,3245,1203,35105,0.010000000000008075
11,36319,2382,1.0,3246,1203,35116,0.010000000000007994
11,36330,2383,1.0,3247,1203,35127,0.010000000000007916
11,36341,2384,1.0,3248,1203,35138,0.010000000000007836
11,36352,2385,1.0,3249,1203,35149,0.010000000000007758
11,36363,2386,1.0,3250,1203,35160,0.010000000000007682
11,36374,2387,1.0,3251,1203,35171,0.010000000000007605
11,36385,2388,1.0,3252,1203,35182,0.010000000000007529
11,36396,2389,1.0,3253,1203,35193,0.010000000000007454
11,36407,2390,1.0,3254,1203,35204,0.01000000000000738
11,36418,2391,1.0,3255,1203,35215,0.010000000000007307
11,36429,2392,1.0,3256,1203,35226,0.010000000000007234
11,36440,2393,1.0,3257,1203,35237,0.010000000000007161
11,36451,2394,1.0,3258,1203,35248,0.01000000000000709
11,36462,2395,1.0,3259,1203,35259,0.01000000000000702
11,36473,2396,1.0,3260,1203,35270,0.01000000000000695
11,36484,2397,1.0,3261,1203,35281,0.01000000000000688
11,36495,2398,1.0,3262,1203,35292,0.010000000000006812
11,36506,2399,1.0,3263,1203,35303,0.010000000000006745
11,36517,2400,1.0,3264,1203,35314,0.010000000000006677
11,36528,2401,1.0,3265,1203,35325,0.010000000000006611
11,36539,2402,1.0,3266,1203,35336,0.010000000000006545
11,36550,2403,1.0,3267,1203,35347,0.01000000000000648
11,36561,2404,1.0,3268,1203,35358,0.010000000000006415
11,36572,2405,1.0,3269,1203,35369,0.010000000000006353
11,36583,2406,1.0,3270,1203,35380,0.010000000000006289
11,36594,2406,0.0,3271,1204,35390,0.010000000000006226
5,36599,2406,0.0,3272,1204,35395,0.010000000000006164
13,36612,2406,0.0,3273,1204,35408,0.010000000000006103
5,36617,2406,0.0,3274,1204,35413,0.010000000000006042
7,36624,2406,0.0,3275,1204,35420,0.010000000000005982
89,36713,2406,0.0,3276,1205,35508,0.010000000000005923
13,36726,2406,0.0,3277,1205,35521,0.010000000000005864
13,36739,2407,1.0,3278,1205,35534,0.010000000000005805
16,36755,2407,0.0,3279,1206,35549,0.010000000000005747
2,36757,2407,0.0,3280,1206,35551,0.01000000000000569
15,36772,2408,1.0,3281,1208,35564,0.010000000000005633
11,36783,2409,1.0,3282,1208,35575,0.010000000000005577
11,36794,2410,1.0,3283,1208,35586,0.010000000000005522
11,36805,2411,1.0,3284,1208,35597,0.010000000000005466
11,36816,2412,1.0,3285,1208,35608,0.010000000000005413
11,36827,2413,1.0,3286,1208,35619,0.010000000000005359
11,36838,2414,1.0,3287,1208,35630,0.010000000000005305
11,36849,2415,1.0,3288,1208,35641,0.010000000000005253
11,36860,2416,1.0,3289,1208,35652,0.010000000000005201
21,36881,2416,0.0,3290,1209,35672,0.010000000000005149
11,36892,2417,1.0,3291,1209,35683,0.010000000000005097
11,36903,2418,1.0,3292,1209,35694,0.010000000000005047
11,36914,2419,1.0,3293,1210,35704,0.010000000000004996
11,36925,2420,1.0,3294,1210,35715,0.010000000000004948
11,36936,2421,1.0,3295,1210,35726,0.010000000000004897
11,36947,2422,1.0,3296,1210,35737,0.010000000000004849
11,36958,2423,1.0,3297,1210,35748,0.0100000000000048
11,36969,2424,1.0,3298,1210,35759,0.010000000000004753
11,36980,2425,1.0,3299,1210,35770,0.010000000000004707
11,36991,2426,1.0,3300,1210,35781,0.01000000000000466
11,37002,2427,1.0,3301,1211,35791,0.010000000000004613
11,37013,2428,1.0,3302,1211,35802,0.010000000000004566
3,37016,2428,0.0,3303,1212,35804,0.010000000000004521
100,37116,2428,0.0,3304,1214,35902,0.010000000000004476
63,37179,2428,0.0,3305,1216,35963,0.010000000000004432
11,37190,2428,0.0,3306,1216,35974,0.010000000000004387
5,37195,2428,0.0,3307,1216,35979,0.010000000000004344
15,37210,2428,0.0,3308,1216,35994,0.0100000000000043
19,37229,2428,0.0,3309,1216,36013,0.010000000000004257
24,37253,2429,1.0,3310,1216,36037,0.010000000000004216
63,37316,2430,1.0,3311,1216,36100,0.010000000000004174
13,37329,2430,0.0,3312,1216,36113,0.010000000000004132
17,37346,2430,0.0,3313,1216,36130,0.01000000000000409
17,37363,2430,0.0,3314,1216,36147,0.01000000000000405
17,37380,2430,0.0,3315,1216,36164,0.01000000000000401
14,37394,2431,1.0,3316,1216,36178,0.01000000000000397
14,37408,2432,1.0,3317,1216,36192,0.010000000000003931
16,37424,2433,1.0,3318,1217,36207,0.010000000000003891
16,37440,2434,1.0,3319,1217,36223,0.010000000000003853
14,37454,2435,1.0,3320,1217,36237,0.010000000000003815
14,37468,2436,1.0,3321,1217,36251,0.010000000000003777
14,37482,2437,1.0,3322,1217,36265,0.010000000000003739
5,37487,2437,0.0,3323,1218,36269,0.010000000000003702
14,37501,2438,1.0,3324,1218,36283,0.010000000000003666
14,37515,2439,1.0,3325,1218,36297,0.010000000000003628
14,37529,2440,1.0,3326,1218,36311,0.010000000000003593
14,37543,2441,1.0,3327,1218,36325,0.010000000000003556
14,37557,2442,1.0,3328,1218,36339,0.010000000000003522
14,37571,2443,1.0,3329,1218,36353,0.010000000000003485
14,37585,2444,1.0,3330,1218,36367,0.01000000000000345
14,37599,2445,1.0,3331,1218,36381,0.010000000000003418
14,37613,2446,1.0,3332,1218,36395,0.010000000000003383
14,37627,2447,1.0,3333,1218,36409,0.01000000000000335
14,37641,2448,1.0,3334,1218,36423,0.010000000000003315
6,37647,2448,0.0,3335,1219,36428,0.010000000000003282
14,37661,2449,1.0,3336,1219,36442,0.010000000000003251
14,37675,2450,1.0,3337,1219,36456,0.010000000000003218
14,37689,2451,1.0,3338,1219,36470,0.010000000000003187
14,37703,2452,1.0,3339,1219,36484,0.010000000000003154
16,37719,2453,1.0,3340,1220,36499,0.010000000000003123
14,37733,2454,1.0,3341,1220,36513,0.010000000000003091
14,37747,2455,1.0,3342,1220,36527,0.010000000000003062
16,37763,2456,1.0,3343,1221,36542,0.01000000000000303
14,37777,2457,1.0,3344,1221,36556,0.010000000000003001
14,37791,2458,1.0,3345,1221,36570,0.01000000000000297
14,37805,2459,1.0,3346,1222,36583,0.01000000000000294
14,37819,2460,1.0,3347,1222,36597,0.010000000000002911
14,37833,2461,1.0,3348,1222,36611,0.010000000000002883
14,37847,2462,1.0,3349,1222,36625,0.010000000000002854
14,37861,2463,1.0,3350,1222,36639,0.010000000000002826
14,37875,2464,1.0,3351,1222,36653,0.010000000000002798
14,37889,2465,1.0,3352,1222,36667,0.01000000000000277
14,37903,2466,1.0,3353,1223,36680,0.010000000000002743
14,37917,2467,1.0,3354,1223,36694,0.010000000000002715
14,37931,2468,1.0,3355,1223,36708,0.010000000000002687
14,37945,2469,1.0,3356,1223,36722,0.010000000000002661
14,37959,2470,1.0,3357,1223,36736,0.010000000000002635
14,37973,2471,1.0,3358,1223,36750,0.01000000000000261
14,37987,2472,1.0,3359,1223,36764,0.010000000000002583
14,38001,2473,1.0,3360,1223,36778,0.010000000000002557
14,38015,2474,1.0,3361,1223,36792,0.010000000000002531
14,38029,2475,1.0,3362,1223,36806,0.010000000000002507
14,38043,2476,1.0,3363,1223,36820,0.01000000000000248
14,38057,2477,1.0,3364,1223,36834,0.010000000000002457
14,38071,2478,1.0,3365,1223,36848,0.010000000000002432
14,38085,2479,1.0,3366,1223,36862,0.010000000000002408
14,38099,2480,1.0,3367,1223,36876,0.010000000000002384
14,38113,2481,1.0,3368,1223,36890,0.010000000000002361
14,38127,2482,1.0,3369,1223,36904,0.010000000000002337
14,38141,2483,1.0,3370,1223,36918,0.010000000000002314
14,38155,2484,1.0,3371,1223,36932,0.01000000000000229
5,38160,2484,0.0,3372,1224,36936,0.010000000000002267
14,38174,2485,1.0,3373,1224,36950,0.010000000000002245
14,38188,2486,1.0,3374,1224,36964,0.010000000000002222
14,38202,2487,1.0,3375,1224,36978,0.010000000000002202
14,38216,2488,1.0,3376,1224,36992,0.010000000000002179
14,38230,2489,1.0,3377,1224,37006,0.010000000000002156
14,38244,2490,1.0,3378,1224,37020,0.010000000000002136
14,38258,2491,1.0,3379,1224,37034,0.010000000000002115
14,38272,2492,1.0,3380,1224,37048,0.010000000000002094
14,38286,2493,1.0,3381,1224,37062,0.010000000000002073
14,38300,2494,1.0,3382,1224,37076,0.010000000000002052
14,38314,2495,1.0,3383,1225,37089,0.010000000000002032
14,38328,2496,1.0,3384,1225,37103,0.01000000000000201
14,38342,2497,1.0,3385,1225,37117,0.010000000000001992
14,38356,2498,1.0,3386,1225,37131,0.01000000000000197
14,38370,2499,1.0,3387,1225,37145,0.010000000000001952
14,38384,2500,1.0,3388,1225,37159,0.010000000000001933
14,38398,2501,1.0,3389,1225,37173,0.010000000000001914
14,38412,2502,1.0,3390,1225,37187,0.010000000000001895
14,38426,2503,1.0,3391,1225,37201,0.010000000000001875
14,38440,2504,1.0,3392,1225,37215,0.010000000000001856
14,38454,2505,1.0,3393,1225,37229,0.010000000000001839
14,38468,2506,1.0,3394,1225,37243,0.01000000000000182
14,38482,2507,1.0,3395,1225,37257,0.010000000000001803
14,38496,2508,1.0,3396,1225,37271,0.010000000000001784
14,38510,2509,1.0,3397,1225,37285,0.010000000000001766
14,38524,2510,1.0,3398,1225,37299,0.010000000000001749
14,38538,2511,1.0,3399,1225,37313,0.010000000000001731
14,38552,2512,1.0,3400,1227,37325,0.010000000000001714
14,38566,2513,1.0,3401,1227,37339,0.010000000000001697
4,38570,2513,0.0,3402,1227,37343,0.01000000000000168
14,38584,2514,1.0,3403,1227,37357,0.010000000000001664
14,38598,2515,1.0,3404,1227,37371,0.010000000000001646
14,38612,2516,1.0,3405,1227,37385,0.01000000000000163
14,38626,2517,1.0,3406,1227,37399,0.010000000000001614
14,38640,2518,1.0,3407,1227,37413,0.010000000000001598
14,38654,2519,1.0,3408,1227,37427,0.010000000000001582
16,38670,2520,1.0,3409,1228,37442,0.010000000000001567
14,38684,2521,1.0,3410,1228,37456,0.010000000000001551
14,38698,2522,1.0,3411,1228,37470,0.010000000000001535
14,38712,2523,1.0,3412,1228,37484,0.01000000000000152
14,38726,2524,1.0,3413,1228,37498,0.010000000000001506
44,38770,2524,0.0,3414,1229,37541,0.01000000000000149
14,38784,2524,0.0,3415,1229,37555,0.010000000000001475
21,38805,2524,0.0,3416,1229,37576,0.01000000000000146
21,38826,2524,0.0,3417,1229,37597,0.010000000000001445
3,38829,2524,0.0,3418,1229,37600,0.010000000000001431
3,38832,2524,0.0,3419,1229,37603,0.010000000000001417
12,38844,2525,1.0,3420,1229,37615,0.010000000000001404
6,38850,2525,0.0,3421,1230,37620,0.01000000000000139
6,38856,2525,0.0,3422,1230,37626,0.010000000000001376
6,38862,2525,0.0,3423,1230,37632,0.010000000000001362
24,38886,2525,0.0,3424,1230,37656,0.010000000000001348
22,38908,2526,1.0,3425,1230,37678,0.010000000000001334
6,38914,2526,0.0,3426,1230,37684,0.010000000000001322
6,38920,2526,0.0,3427,1230,37690,0.010000000000001308
6,38926,2526,0.0,3428,1230,37696,0.010000000000001296
6,38932,2526,0.0,3429,1230,37702,0.010000000000001282
26,38958,2527,1.0,3430,1230,37728,0.01000000000000127
26,38984,2528,1.0,3431,1230,37754,0.010000000000001258
26,39010,2529,1.0,3432,1230,37780,0.010000000000001244
26,39036,2530,1.0,3433,1231,37805,0.010000000000001232
26,39062,2531,1.0,3434,1231,37831,0.01000000000000122
26,39088,2532,1.0,3435,1231,37857,0.010000000000001208
26,39114,2533,1.0,3436,1231,37883,0.010000000000001195
26,39140,2534,1.0,3437,1231,37909,0.010000000000001183
26,39166,2535,1.0,3438,1231,37935,0.010000000000001173
26,39192,2536,1.0,3439,1231,37961,0.01000000000000116
26,39218,2537,1.0,3440,1231,37987,0.010000000000001149
26,39244,2538,1.0,3441,1231,38013,0.010000000000001138
26,39270,2539,1.0,3442,1231,38039,0.010000000000001126
25,39295,2540,1.0,3443,1232,38063,0.010000000000001116
24,39319,2540,0.0,3444,1232,38087,0.010000000000001103
24,39343,2540,0.0,3445,1232,38111,0.010000000000001093
12,39355,2541,1.0,3446,1232,38123,0.010000000000001083
47,39402,2541,0.0,3447,1233,38169,0.01000000000000107
17,39419,2541,0.0,3448,1234,38185,0.01000000000000106
27,39446,2542,1.0,3449,1235,38211,0.01000000000000105
14,39460,2542,0.0,3450,1236,38224,0.01000000000000104
26,39486,2543,1.0,3451,1237,38249,0.010000000000001029
13,39499,2543,0.0,3452,1237,38262,0.010000000000001018
26,39525,2544,1.0,3453,1237,38288,0.01000000000000101
26,39551,2545,1.0,3454,1237,38314,0.010000000000001
26,39577,2546,1.0,3455,1237,38340,0.010000000000000989
26,39603,2547,1.0,3456,1237,38366,0.010000000000000979
26,39629,2548,1.0,3457,1237,38392,0.01000000000000097
26,39655,2549,1.0,3458,1237,38418,0.01000000000000096
26,39681,2550,1.0,3459,1237,38444,0.01000000000000095
26,39707,2551,1.0,3460,1237,38470,0.01000000000000094
26,39733,2552,1.0,3461,1237,38496,0.010000000000000932
26,39759,2553,1.0,3462,1237,38522,0.010000000000000921
26,39785,2554,1.0,3463,1237,38548,0.010000000000000913
26,39811,2555,1.0,3464,1237,38574,0.010000000000000904
26,39837,2556,1.0,3465,1237,38600,0.010000000000000895
26,39863,2557,1.0,3466,1237,38626,0.010000000000000887
26,39889,2558,1.0,3467,1237,38652,0.010000000000000878
26,39915,2559,1.0,3468,1237,38678,0.01000000000000087
26,39941,2560,1.0,3469,1237,38704,0.01000000000000086
26,39967,2561,1.0,3470,1238,38729,0.010000000000000852
26,39993,2562,1.0,3471,1239,38754,0.010000000000000843
26,40019,2563,1.0,3472,1239,38780,0.010000000000000835
26,40045,2564,1.0,3473,1239,38806,0.010000000000000826
26,40071,2565,1.0,3474,1239,38832,0.010000000000000817
26,40097,2566,1.0,3475,1239,38858,0.01000000000000081
24,40121,2566,0.0,3476,1240,38881,0.010000000000000802
29,40150,2567,1.0,3477,1240,38910,0.010000000000000793
24,40174,2567,0.0,3478,1240,38934,0.010000000000000786
14,40188,2567,0.0,3479,1241,38947,0.010000000000000777
24,40212,2567,0.0,3480,1241,38971,0.01000000000000077
11,40223,2567,0.0,3481,1241,38982,0.010000000000000762
23,40246,2567,0.0,3482,1241,39005,0.010000000000000755
8,40254,2567,0.0,3483,1241,39013,0.010000000000000748
7,40261,2568,1.0,3484,1241,39020,0.010000000000000741
7,40268,2569,1.0,3485,1241,39027,0.010000000000000732
7,40275,2570,1.0,3486,1241,39034,0.010000000000000725
7,40282,2571,1.0,3487,1241,39041,0.010000000000000718
7,40289,2572,1.0,3488,1241,39048,0.010000000000000711
7,40296,2573,1.0,3489,1241,39055,0.010000000000000705
7,40303,2574,1.0,3490,1241,39062,0.010000000000000698
7,40310,2575,1.0,3491,1241,39069,0.01000000000000069
7,40317,2576,1.0,3492,1241,39076,0.010000000000000684
7,40324,2577,1.0,3493,1241,39083,0.010000000000000677
7,40331,2578,1.0,3494,1241,39090,0.01000000000000067
7,40338,2579,1.0,3495,1241,39097,0.010000000000000663
7,40345,2580,1.0,3496,1241,39104,0.010000000000000656
7,40352,2581,1.0,3497,1241,39111,0.01000000000000065
7,40359,2582,1.0,3498,1241,39118,0.010000000000000644
7,40366,2583,1.0,3499,1241,39125,0.010000000000000637
7,40373,2584,1.0,3500,1241,39132,0.01000000000000063
7,40380,2585,1.0,3501,1241,39139,0.010000000000000625
7,40387,2586,1.0,3502,1241,39146,0.010000000000000618
7,40394,2587,1.0,3503,1241,39153,0.010000000000000613
7,40401,2588,1.0,3504,1241,39160,0.010000000000000606
7,40408,2589,1.0,3505,1241,39167,0.0100000000000006
7,40415,2590,1.0,3506,1241,39174,0.010000000000000593
7,40422,2591,1.0,3507,1241,39181,0.010000000000000588
7,40429,2592,1.0,3508,1241,39188,0.010000000000000583
7,40436,2593,1.0,3509,1241,39195,0.010000000000000576
7,40443,2594,1.0,3510,1241,39202,0.010000000000000571
7,40450,2595,1.0,3511,1241,39209,0.010000000000000566
7,40457,2596,1.0,3512,1241,39216,0.010000000000000559
7,40464,2597,1.0,3513,1241,39223,0.010000000000000554
7,40471,2598,1.0,3514,1241,39230,0.010000000000000548
7,40478,2599,1.0,3515,1241,39237,0.010000000000000543
7,40485,2600,1.0,3516,1241,39244,0.010000000000000538
7,40492,2601,1.0,3517,1241,39251,0.010000000000000533
7,40499,2602,1.0,3518,1241,39258,0.010000000000000528
7,40506,2603,1.0,3519,1241,39265,0.010000000000000522
7,40513,2604,1.0,3520,1241,39272,0.010000000000000517
7,40520,2605,1.0,3521,1241,39279,0.010000000000000512
7,40527,2606,1.0,3522,1241,39286,0.010000000000000507
7,40534,2607,1.0,3523,1241,39293,0.010000000000000502
7,40541,2608,1.0,3524,1241,39300,0.010000000000000496
7,40548,2609,1.0,3525,1241,39307,0.010000000000000491
7,40555,2610,1.0,3526,1241,39314,0.010000000000000486
7,40562,2611,1.0,3527,1241,39321,0.01000000000000048
7,40569,2612,1.0,3528,1241,39328,0.010000000000000477
7,40576,2613,1.0,3529,1241,39335,0.010000000000000472
7,40583,2614,1.0,3530,1241,39342,0.010000000000000467
7,40590,2615,1.0,3531,1241,39349,0.010000000000000463
7,40597,2616,1.0,3532,1241,39356,0.010000000000000458
7,40604,2617,1.0,3533,1241,39363,0.010000000000000453
7,40611,2618,1.0,3534,1241,39370,0.01000000000000045
7,40618,2619,1.0,3535,1241,39377,0.010000000000000444
7,40625,2620,1.0,3536,1241,39384,0.01000000000000044
7,40632,2621,1.0,3537,1241,39391,0.010000000000000436
7,40639,2622,1.0,3538,1241,39398,0.010000000000000432
7,40646,2623,1.0,3539,1241,39405,0.010000000000000427
7,40653,2624,1.0,3540,1241,39412,0.010000000000000423
7,40660,2625,1.0,3541,1241,39419,0.010000000000000418
7,40667,2626,1.0,3542,1241,39426,0.010000000000000415
7,40674,2627,1.0,3543,1241,39433,0.01000000000000041
9,40683,2628,1.0,3544,1242,39441,0.010000000000000406
7,40690,2629,1.0,3545,1242,39448,0.010000000000000403
7,40697,2630,1.0,3546,1242,39455,0.010000000000000397
7,40704,2631,1.0,3547,1242,39462,0.010000000000000394
7,40711,2632,1.0,3548,1242,39469,0.01000000000000039
9,40720,2633,1.0,3549,1243,39477,0.010000000000000387
7,40727,2634,1.0,3550,1243,39484,0.010000000000000382
7,40734,2635,1.0,3551,1243,39491,0.010000000000000378
7,40741,2636,1.0,3552,1243,39498,0.010000000000000375
7,40748,2637,1.0,3553,1243,39505,0.010000000000000371
7,40755,2638,1.0,3554,1243,39512,0.010000000000000368
7,40762,2639,1.0,3555,1243,39519,0.010000000000000365
7,40769,2640,1.0,3556,1243,39526,0.010000000000000361
7,40776,2641,1.0,3557,1243,39533,0.010000000000000358
21,40797,2641,0.0,3558,1244,39553,0.010000000000000352
9,40806,2642,1.0,3559,1245,39561,0.010000000000000349
7,40813,2643,1.0,3560,1245,39568,0.010000000000000345
7,40820,2644,1.0,3561,1245,39575,0.010000000000000342
7,40827,2645,1.0,3562,1245,39582,0.01000000000000034
7,40834,2646,1.0,3563,1245,39589,0.010000000000000337
7,40841,2647,1.0,3564,1245,39596,0.010000000000000333
7,40848,2648,1.0,3565,1245,39603,0.01000000000000033
7,40855,2649,1.0,3566,1245,39610,0.010000000000000326
7,40862,2650,1.0,3567,1245,39617,0.010000000000000323
7,40869,2651,1.0,3568,1245,39624,0.01000000000000032
7,40876,2652,1.0,3569,1245,39631,0.010000000000000316
24,40900,2652,0.0,3570,1246,39654,0.010000000000000312
7,40907,2653,1.0,3571,1246,39661,0.01000000000000031
7,40914,2654,1.0,3572,1246,39668,0.010000000000000307
7,40921,2655,1.0,3573,1246,39675,0.010000000000000304
7,40928,2656,1.0,3574,1246,39682,0.0100000000000003
7,40935,2657,1.0,3575,1246,39689,0.010000000000000299
7,40942,2658,1.0,3576,1246,39696,0.010000000000000295
7,40949,2659,1.0,3577,1246,39703,0.010000000000000292
7,40956,2660,1.0,3578,1246,39710,0.01000000000000029
7,40963,2661,1.0,3579,1246,39717,0.010000000000000286
12,40975,2662,1.0,3580,1248,39727,0.010000000000000283
9,40984,2663,1.0,3581,1248,39736,0.010000000000000281
7,40991,2664,1.0,3582,1248,39743,0.010000000000000278
7,40998,2665,1.0,3583,1248,39750,0.010000000000000274
7,41005,2666,1.0,3584,1248,39757,0.010000000000000273
7,41012,2667,1.0,3585,1248,39764,0.010000000000000269
7,41019,2668,1.0,3586,1249,39770,0.010000000000000267
7,41026,2669,1.0,3587,1249,39777,0.010000000000000264
7,41033,2670,1.0,3588,1249,39784,0.010000000000000262
7,41040,2671,1.0,3589,1249,39791,0.010000000000000259
7,41047,2672,1.0,3590,1249,39798,0.010000000000000257
7,41054,2673,1.0,3591,1250,39804,0.010000000000000253
7,41061,2674,1.0,3592,1250,39811,0.010000000000000252
7,41068,2675,1.0,3593,1250,39818,0.010000000000000248
7,41075,2676,1.0,3594,1250,39825,0.010000000000000247
7,41082,2677,1.0,3595,1250,39832,0.010000000000000245
7,41089,2678,1.0,3596,1250,39839,0.010000000000000241
7,41096,2679,1.0,3597,1250,39846,0.01000000000000024
7,41103,2680,1.0,3598,1250,39853,0.010000000000000236
7,41110,2681,1.0,3599,1250,39860,0.010000000000000234
7,41117,2682,1.0,3600,1250,39867,0.010000000000000233
7,41124,2683,1.0,3601,1250,39874,0.01000000000000023
7,41131,2684,1.0,3602,1250,39881,0.010000000000000227
7,41138,2685,1.0,3603,1250,39888,0.010000000000000226
7,41145,2686,1.0,3604,1250,39895,0.010000000000000222
7,41152,2687,1.0,3605,1250,39902,0.01000000000000022
11,41163,2687,0.0,3606,1251,39912,0.010000000000000219
7,41170,2688,1.0,3607,1251,39919,0.010000000000000217
7,41177,2689,1.0,3608,1251,39926,0.010000000000000214
11,41188,2689,0.0,3609,1252,39936,0.010000000000000212
7,41195,2690,1.0,3610,1252,39943,0.01000000000000021
7,41202,2691,1.0,3611,1252,39950,0.010000000000000208
7,41209,2692,1.0,3612,1252,39957,0.010000000000000207
7,41216,2693,1.0,3613,1252,39964,0.010000000000000203
7,41223,2694,1.0,3614,1252,39971,0.010000000000000201
7,41230,2695,1.0,3615,1252,39978,0.0100000000000002
7,41237,2696,1.0,3616,1252,39985,0.010000000000000198
7,41244,2697,1.0,3617,1252,39992,0.010000000000000196
7,41251,2698,1.0,3618,1252,39999,0.010000000000000194
7,41258,2699,1.0,3619,1252,40006,0.010000000000000193
7,41265,2700,1.0,3620,1252,40013,0.01000000000000019
7,41272,2701,1.0,3621,1252,40020,0.010000000000000188
7,41279,2702,1.0,3622,1252,40027,0.010000000000000186
7,41286,2703,1.0,3623,1252,40034,0.010000000000000184
7,41293,2704,1.0,3624,1252,40041,0.010000000000000182
7,41300,2705,1.0,3625,1252,40048,0.01000000000000018
7,41307,2706,1.0,3626,1252,40055,0.010000000000000179
7,41314,2707,1.0,3627,1252,40062,0.010000000000000177
7,41321,2708,1.0,3628,1252,40069,0.010000000000000175
7,41328,2709,1.0,3629,1252,40076,0.010000000000000174
7,41335,2710,1.0,3630,1252,40083,0.010000000000000172
7,41342,2711,1.0,3631,1252,40090,0.01000000000000017
7,41349,2712,1.0,3632,1252,40097,0.010000000000000168
7,41356,2713,1.0,3633,1252,40104,0.010000000000000167
7,41363,2714,1.0,3634,1252,40111,0.010000000000000165
7,41370,2715,1.0,3635,1253,40117,0.010000000000000163
7,41377,2716,1.0,3636,1253,40124,0.010000000000000162
7,41384,2717,1.0,3637,1253,40131,0.01000000000000016
7,41391,2718,1.0,3638,1253,40138,0.010000000000000158
7,41398,2719,1.0,3639,1253,40145,0.010000000000000158
7,41405,2720,1.0,3640,1253,40152,0.010000000000000156
7,41412,2721,1.0,3641,1253,40159,0.010000000000000155
7,41419,2722,1.0,3642,1253,40166,0.010000000000000153
7,41426,2723,1.0,3643,1253,40173,0.010000000000000151
7,41433,2724,1.0,3644,1253,40180,0.01000000000000015
7,41440,2725,1.0,3645,1253,40187,0.010000000000000148
7,41447,2726,1.0,3646,1253,40194,0.010000000000000146
7,41454,2727,1.0,3647,1253,40201,0.010000000000000146
7,41461,2728,1.0,3648,1253,40208,0.010000000000000144
7,41468,2729,1.0,3649,1253,40215,0.010000000000000142
7,41475,2730,1.0,3650,1253,40222,0.01000000000000014
7,41482,2731,1.0,3651,1253,40229,0.010000000000000139
7,41489,2732,1.0,3652,1253,40236,0.010000000000000137
7,41496,2733,1.0,3653,1253,40243,0.010000000000000137
7,41503,2734,1.0,3654,1253,40250,0.010000000000000136
7,41510,2735,1.0,3655,1253,40257,0.010000000000000134
7,41517,2736,1.0,3656,1253,40264,0.010000000000000132
7,41524,2737,1.0,3657,1253,40271,0.010000000000000132
7,41531,2738,1.0,3658,1253,40278,0.01000000000000013
7,41538,2739,1.0,3659,1253,40285,0.010000000000000129
7,41545,2740,1.0,3660,1253,40292,0.010000000000000127
7,41552,2741,1.0,3661,1253,40299,0.010000000000000127
7,41559,2742,1.0,3662,1253,40306,0.010000000000000125
7,41566,2743,1.0,3663,1253,40313,0.010000000000000123
7,41573,2744,1.0,3664,1253,40320,0.010000000000000123
7,41580,2745,1.0,3665,1253,40327,0.010000000000000122
7,41587,2746,1.0,3666,1253,40334,0.01000000000000012
7,41594,2747,1.0,3667,1253,40341,0.010000000000000118
7,41601,2748,1.0,3668,1253,40348,0.010000000000000118
7,41608,2749,1.0,3669,1253,40355,0.010000000000000116
7,41615,2750,1.0,3670,1253,40362,0.010000000000000115
7,41622,2751,1.0,3671,1253,40369,0.010000000000000115
7,41629,2752,1.0,3672,1253,40376,0.010000000000000113
7,41636,2753,1.0,3673,1253,40383,0.010000000000000111
7,41643,2754,1.0,3674,1253,40390,0.010000000000000111
7,41650,2755,1.0,3675,1253,40397,0.01000000000000011
7,41657,2756,1.0,3676,1253,40404,0.01000000000000011
7,41664,2757,1.0,3677,1253,40411,0.010000000000000108
7,41671,2758,1.0,3678,1253,40418,0.010000000000000106
7,41678,2759,1.0,3679,1253,40425,0.010000000000000106
7,41685,2760,1.0,3680,1253,40432,0.010000000000000104
7,41692,2761,1.0,3681,1253,40439,0.010000000000000103
7,41699,2762,1.0,3682,1253,40446,0.010000000000000103
7,41706,2763,1.0,3683,1253,40453,0.0100000000000001
7,41713,2764,1.0,3684,1253,40460,0.0100000000000001
7,41720,2765,1.0,3685,1253,40467,0.010000000000000099
7,41727,2766,1.0,3686,1253,40474,0.010000000000000099
7,41734,2767,1.0,3687,1253,40481,0.010000000000000097
7,41741,2768,1.0,3688,1253,40488,0.010000000000000096
7,41748,2769,1.0,3689,1253,40495,0.010000000000000096
7,41755,2770,1.0,3690,1253,40502,0.010000000000000094
7,41762,2771,1.0,3691,1253,40509,0.010000000000000094
7,41769,2772,1.0,3692,1253,40516,0.010000000000000092
9,41778,2773,1.0,3693,1254,40524,0.010000000000000092
7,41785,2774,1.0,3694,1254,40531,0.01000000000000009
7,41792,2775,1.0,3695,1254,40538,0.01000000000000009
7,41799,2776,1.0,3696,1254,40545,0.010000000000000089
7,41806,2777,1.0,3697,1254,40552,0.010000000000000089
7,41813,2778,1.0,3698,1254,40559,0.010000000000000087
7,41820,2779,1.0,3699,1254,40566,0.010000000000000087
7,41827,2780,1.0,3700,1254,40573,0.010000000000000085
7,41834,2781,1.0,3701,1254,40580,0.010000000000000085
7,41841,2782,1.0,3702,1254,40587,0.010000000000000083
7,41848,2783,1.0,3703,1254,40594,0.010000000000000083
7,41855,2784,1.0,3704,1254,40601,0.010000000000000082
7,41862,2785,1.0,3705,1254,40608,0.010000000000000082
7,41869,2786,1.0,3706,1254,40615,0.01000000000000008
7,41876,2787,1.0,3707,1254,40622,0.01000000000000008
7,41883,2788,1.0,3708,1254,40629,0.010000000000000078
7,41890,2789,1.0,3709,1254,40636,0.010000000000000078
7,41897,2790,1.0,3710,1254,40643,0.010000000000000078
7,41904,2791,1.0,3711,1254,40650,0.010000000000000077
7,41911,2792,1.0,3712,1254,40657,0.010000000000000077
7,41918,2793,1.0,3713,1254,40664,0.010000000000000075
7,41925,2794,1.0,3714,1254,40671,0.010000000000000075
7,41932,2795,1.0,3715,1254,40678,0.010000000000000073
7,41939,2796,1.0,3716,1254,40685,0.010000000000000073
7,41946,2797,1.0,3717,1254,40692,0.010000000000000071
7,41953,2798,1.0,3718,1254,40699,0.010000000000000071
7,41960,2799,1.0,3719,1254,40706,0.010000000000000071
7,41967,2800,1.0,3720,1254,40713,0.01000000000000007
7,41974,2801,1.0,3721,1254,40720,0.01000000000000007
7,41981,2802,1.0,3722,1254,40727,0.010000000000000068
19,42000,2802,0.0,3723,1255,40745,0.010000000000000068
19,42019,2802,0.0,3724,1255,40764,0.010000000000000068
9,42028,2802,0.0,3725,1255,40773,0.010000000000000066
20,42048,2802,0.0,3726,1255,40793,0.010000000000000066
24,42072,2802,0.0,3727,1255,40817,0.010000000000000066
4,42076,2802,0.0,3728,1255,40821,0.010000000000000064
4,42080,2802,0.0,3729,1255,40825,0.010000000000000064
7,42087,2803,1.0,3730,1255,40832,0.010000000000000063
7,42094,2804,1.0,3731,1255,40839,0.010000000000000063
7,42101,2805,1.0,3732,1255,40846,0.010000000000000063
7,42108,2806,1.0,3733,1255,40853,0.010000000000000061
7,42115,2807,1.0,3734,1255,40860,0.010000000000000061
7,42122,2808,1.0,3735,1255,40867,0.010000000000000061
7,42129,2809,1.0,3736,1255,40874,0.01000000000000006
7,42136,2810,1.0,3737,1255,40881,0.01000000000000006
7,42143,2811,1.0,3738,1255,40888,0.01000000000000006
7,42150,2812,1.0,3739,1255,40895,0.010000000000000057
7,42157,2813,1.0,3740,1255,40902,0.010000000000000057
7,42164,2814,1.0,3741,1255,40909,0.010000000000000057
7,42171,2815,1.0,3742,1255,40916,0.010000000000000056
7,42178,2816,1.0,3743,1255,40923,0.010000000000000056
7,42185,2817,1.0,3744,1255,40930,0.010000000000000056
7,42192,2818,1.0,3745,1255,40937,0.010000000000000054
7,42199,2819,1.0,3746,1255,40944,0.010000000000000054
7,42206,2820,1.0,3747,1255,40951,0.010000000000000054
7,42213,2821,1.0,3748,1255,40958,0.010000000000000052
7,42220,2822,1.0,3749,1255,40965,0.010000000000000052
7,42227,2823,1.0,3750,1255,40972,0.010000000000000052
7,42234,2824,1.0,3751,1255,40979,0.010000000000000052
7,42241,2825,1.0,3752,1255,40986,0.01000000000000005
7,42248,2826,1.0,3753,1255,40993,0.01000000000000005
7,42255,2827,1.0,3754,1255,41000,0.01000000000000005
7,42262,2828,1.0,3755,1255,41007,0.010000000000000049
7,42269,2829,1.0,3756,1255,41014,0.010000000000000049
7,42276,2830,1.0,3757,1255,41021,0.010000000000000049
7,42283,2831,1.0,3758,1255,41028,0.010000000000000049
7,42290,2832,1.0,3759,1255,41035,0.010000000000000047
7,42297,2833,1.0,3760,1255,41042,0.010000000000000047
7,42304,2834,1.0,3761,1255,41049,0.010000000000000047
7,42311,2835,1.0,3762,1255,41056,0.010000000000000045
7,42318,2836,1.0,3763,1255,41063,0.010000000000000045
7,42325,2837,1.0,3764,1255,41070,0.010000000000000045
7,42332,2838,1.0,3765,1255,41077,0.010000000000000045
7,42339,2839,1.0,3766,1255,41084,0.010000000000000044
7,42346,2840,1.0,3767,1255,41091,0.010000000000000044
7,42353,2841,1.0,3768,1255,41098,0.010000000000000044
7,42360,2842,1.0,3769,1255,41105,0.010000000000000044
7,42367,2843,1.0,3770,1255,41112,0.010000000000000042
7,42374,2844,1.0,3771,1255,41119,0.010000000000000042
7,42381,2845,1.0,3772,1255,41126,0.010000000000000042
11,42392,2845,0.0,3773,1256,41136,0.010000000000000042
7,42399,2846,1.0,3774,1256,41143,0.01000000000000004
7,42406,2847,1.0,3775,1256,41150,0.01000000000000004
7,42413,2848,1.0,3776,1256,41157,0.01000000000000004
7,42420,2849,1.0,3777,1256,41164,0.01000000000000004
9,42429,2850,1.0,3778,1257,41172,0.01000000000000004
7,42436,2851,1.0,3779,1257,41179,0.010000000000000038
7,42443,2852,1.0,3780,1257,41186,0.010000000000000038
7,42450,2853,1.0,3781,1257,41193,0.010000000000000038
7,42457,2854,1.0,3782,1257,41200,0.010000000000000038
7,42464,2855,1.0,3783,1257,41207,0.010000000000000037
9,42473,2856,1.0,3784,1258,41215,0.010000000000000037
7,42480,2857,1.0,3785,1258,41222,0.010000000000000037
7,42487,2858,1.0,3786,1258,41229,0.010000000000000037
7,42494,2859,1.0,3787,1258,41236,0.010000000000000037
7,42501,2860,1.0,3788,1258,41243,0.010000000000000035
7,42508,2861,1.0,3789,1258,41250,0.010000000000000035
7,42515,2862,1.0,3790,1258,41257,0.010000000000000035
7,42522,2863,1.0,3791,1258,41264,0.010000000000000035
5,42527,2863,0.0,3792,1259,41268,0.010000000000000035
7,42534,2864,1.0,3793,1259,41275,0.010000000000000033
7,42541,2865,1.0,3794,1259,41282,0.010000000000000033
7,42548,2866,1.0,3795,1260,41288,0.010000000000000033
7,42555,2867,1.0,3796,1260,41295,0.010000000000000033
7,42562,2868,1.0,3797,1260,41302,0.010000000000000033
2,42564,2868,0.0,3798,1261,41303,0.010000000000000031
9,42573,2869,1.0,3799,1262,41311,0.010000000000000031
7,42580,2870,1.0,3800,1262,41318,0.010000000000000031
9,42589,2871,1.0,3801,1263,41326,0.010000000000000031
7,42596,2872,1.0,3802,1263,41333,0.010000000000000031
7,42603,2873,1.0,3803,1263,41340,0.010000000000000031
7,42610,2874,1.0,3804,1263,41347,0.01000000000000003
7,42617,2875,1.0,3805,1263,41354,0.01000000000000003
7,42624,2876,1.0,3806,1263,41361,0.01000000000000003
2,42626,2876,0.0,3807,1264,41362,0.01000000000000003
7,42633,2877,1.0,3808,1264,41369,0.01000000000000003
7,42640,2878,1.0,3809,1264,41376,0.01000000000000003
7,42647,2879,1.0,3810,1264,41383,0.010000000000000028
7,42654,2880,1.0,3811,1264,41390,0.010000000000000028
7,42661,2881,1.0,3812,1264,41397,0.010000000000000028
7,42668,2882,1.0,3813,1264,41404,0.010000000000000028
6,42674,2882,0.0,3814,1265,41409,0.010000000000000028
13,42687,2882,0.0,3815,1266,41421,0.010000000000000028
6,42693,2882,0.0,3816,1266,41427,0.010000000000000026
24,42717,2882,0.0,3817,1266,41451,0.010000000000000026
7,42724,2883,1.0,3818,1266,41458,0.010000000000000026
7,42731,2884,1.0,3819,1266,41465,0.010000000000000026
7,42738,2885,1.0,3820,1266,41472,0.010000000000000026
7,42745,2886,1.0,3821,1266,41479,0.010000000000000026
7,42752,2887,1.0,3822,1266,41486,0.010000000000000026
7,42759,2888,1.0,3823,1266,41493,0.010000000000000024
7,42766,2889,1.0,3824,1266,41500,0.010000000000000024
7,42773,2890,1.0,3825,1266,41507,0.010000000000000024
7,42780,2891,1.0,3826,1266,41514,0.010000000000000024
7,42787,2892,1.0,3827,1266,41521,0.010000000000000024
7,42794,2893,1.0,3828,1266,41528,0.010000000000000024
7,42801,2894,1.0,3829,1266,41535,0.010000000000000024
7,42808,2895,1.0,3830,1266,41542,0.010000000000000023
7,42815,2896,1.0,3831,1266,41549,0.010000000000000023
7,42822,2897,1.0,3832,1266,41556,0.010000000000000023
7,42829,2898,1.0,3833,1266,41563,0.010000000000000023
7,42836,2899,1.0,3834,1266,41570,0.010000000000000023
7,42843,2900,1.0,3835,1266,41577,0.010000000000000023
7,42850,2901,1.0,3836,1266,41584,0.010000000000000023
7,42857,2902,1.0,3837,1266,41591,0.010000000000000021
7,42864,2903,1.0,3838,1266,41598,0.010000000000000021
7,42871,2904,1.0,3839,1266,41605,0.010000000000000021
14,42885,2904,0.0,3840,1267,41618,0.010000000000000021
7,42892,2905,1.0,3841,1267,41625,0.010000000000000021
7,42899,2906,1.0,3842,1267,41632,0.010000000000000021
7,42906,2907,1.0,3843,1267,41639,0.010000000000000021
9,42915,2908,1.0,3844,1268,41647,0.010000000000000021
7,42922,2909,1.0,3845,1268,41654,0.010000000000000021
7,42929,2910,1.0,3846,1268,41661,0.01000000000000002
7,42936,2911,1.0,3847,1268,41668,0.01000000000000002
7,42943,2912,1.0,3848,1268,41675,0.01000000000000002
7,42950,2913,1.0,3849,1268,41682,0.01000000000000002
7,42957,2914,1.0,3850,1268,41689,0.01000000000000002
7,42964,2915,1.0,3851,1268,41696,0.01000000000000002
7,42971,2916,1.0,3852,1268,41703,0.01000000000000002
7,42978,2917,1.0,3853,1268,41710,0.01000000000000002
7,42985,2918,1.0,3854,1268,41717,0.01000000000000002
7,42992,2919,1.0,3855,1268,41724,0.010000000000000018
7,42999,2920,1.0,3856,1268,41731,0.010000000000000018
7,43006,2921,1.0,3857,1268,41738,0.010000000000000018
7,43013,2922,1.0,3858,1268,41745,0.010000000000000018
7,43020,2923,1.0,3859,1269,41751,0.010000000000000018
7,43027,2924,1.0,3860,1269,41758,0.010000000000000018
7,43034,2925,1.0,3861,1269,41765,0.010000000000000018
7,43041,2926,1.0,3862,1269,41772,0.010000000000000018
7,43048,2927,1.0,3863,1269,41779,0.010000000000000018
7,43055,2928,1.0,3864,1269,41786,0.010000000000000018
7,43062,2929,1.0,3865,1269,41793,0.010000000000000016
7,43069,2930,1.0,3866,1269,41800,0.010000000000000016
7,43076,2931,1.0,3867,1269,41807,0.010000000000000016
7,43083,2932,1.0,3868,1269,41814,0.010000000000000016
7,43090,2933,1.0,3869,1269,41821,0.010000000000000016
7,43097,2934,1.0,3870,1269,41828,0.010000000000000016
7,43104,2935,1.0,3871,1269,41835,0.010000000000000016
7,43111,2936,1.0,3872,1269,41842,0.010000000000000016
7,43118,2937,1.0,3873,1269,41849,0.010000000000000016
7,43125,2938,1.0,3874,1269,41856,0.010000000000000016
7,43132,2939,1.0,3875,1269,41863,0.010000000000000016
7,43139,2940,1.0,3876,1269,41870,0.010000000000000014
7,43146,2941,1.0,3877,1269,41877,0.010000000000000014
7,43153,2942,1.0,3878,1269,41884,0.010000000000000014
7,43160,2943,1.0,3879,1269,41891,0.010000000000000014
7,43167,2944,1.0,3880,1269,41898,0.010000000000000014
7,43174,2945,1.0,3881,1269,41905,0.010000000000000014
4,43178,2945,0.0,3882,1270,41908,0.010000000000000014
7,43185,2946,1.0,3883,1270,41915,0.010000000000000014
7,43192,2947,1.0,3884,1270,41922,0.010000000000000014
7,43199,2948,1.0,3885,1270,41929,0.010000000000000014
7,43206,2949,1.0,3886,1270,41936,0.010000000000000014
7,43213,2950,1.0,3887,1270,41943,0.010000000000000014
7,43220,2951,1.0,3888,1270,41950,0.010000000000000014
7,43227,2952,1.0,3889,1270,41957,0.010000000000000012
7,43234,2953,1.0,3890,1270,41964,0.010000000000000012
7,43241,2954,1.0,3891,1270,41971,0.010000000000000012
7,43248,2955,1.0,3892,1270,41978,0.010000000000000012
7,43255,2956,1.0,3893,1270,41985,0.010000000000000012
7,43262,2957,1.0,3894,1270,41992,0.010000000000000012
7,43269,2958,1.0,3895,1270,41999,0.010000000000000012
7,43276,2959,1.0,3896,1270,42006,0.010000000000000012
7,43283,2960,1.0,3897,1270,42013,0.010000000000000012
7,43290,2961,1.0,3898,1270,42020,0.010000000000000012
7,43297,2962,1.0,3899,1270,42027,0.010000000000000012
7,43304,2963,1.0,3900,1270,42034,0.010000000000000012
7,43311,2964,1.0,3901,1270,42041,0.010000000000000012
7,43318,2965,1.0,3902,1270,42048,0.010000000000000012
7,43325,2966,1.0,3903,1270,42055,0.01000000000000001
7,43332,2967,1.0,3904,1270,42062,0.01000000000000001
7,43339,2968,1.0,3905,1270,42069,0.01000000000000001
7,43346,2969,1.0,3906,1270,42076,0.01000000000000001
7,43353,2970,1.0,3907,1270,42083,0.01000000000000001
7,43360,2971,1.0,3908,1270,42090,0.01000000000000001
7,43367,2972,1.0,3909,1270,42097,0.01000000000000001
7,43374,2973,1.0,3910,1270,42104,0.01000000000000001
7,43381,2974,1.0,3911,1270,42111,0.01000000000000001
7,43388,2975,1.0,3912,1270,42118,0.01000000000000001
7,43395,2976,1.0,3913,1270,42125,0.01000000000000001
7,43402,2977,1.0,3914,1270,42132,0.01000000000000001
7,43409,2978,1.0,3915,1270,42139,0.01000000000000001
7,43416,2979,1.0,3916,1271,42145,0.01000000000000001
7,43423,2980,1.0,3917,1271,42152,0.01000000000000001
7,43430,2981,1.0,3918,1271,42159,0.01000000000000001
7,43437,2982,1.0,3919,1271,42166,0.01000000000000001
7,43444,2983,1.0,3920,1271,42173,0.010000000000000009
7,43451,2984,1.0,3921,1271,42180,0.010000000000000009
7,43458,2985,1.0,3922,1271,42187,0.010000000000000009
7,43465,2986,1.0,3923,1271,42194,0.010000000000000009
7,43472,2987,1.0,3924,1271,42201,0.010000000000000009
7,43479,2988,1.0,3925,1271,42208,0.010000000000000009
7,43486,2989,1.0,3926,1271,42215,0.010000000000000009
2,43488,2989,0.0,3927,1272,42216,0.010000000000000009
7,43495,2990,1.0,3928,1272,42223,0.010000000000000009
7,43502,2991,1.0,3929,1272,42230,0.010000000000000009
7,43509,2992,1.0,3930,1272,42237,0.010000000000000009
7,43516,2993,1.0,3931,1272,42244,0.010000000000000009
7,43523,2994,1.0,3932,1272,42251,0.010000000000000009
7,43530,2995,1.0,3933,1272,42258,0.010000000000000009
7,43537,2996,1.0,3934,1272,42265,0.010000000000000009
7,43544,2997,1.0,3935,1272,42272,0.010000000000000009
7,43551,2998,1.0,3936,1272,42279,0.010000000000000009
7,43558,2999,1.0,3937,1272,42286,0.010000000000000009
7,43565,3000,1.0,3938,1272,42293,0.010000000000000009
7,43572,3001,1.0,3939,1272,42300,0.010000000000000009
7,43579,3002,1.0,3940,1272,42307,0.010000000000000007
7,43586,3003,1.0,3941,1272,42314,0.010000000000000007
7,43593,3004,1.0,3942,1272,42321,0.010000000000000007
7,43600,3005,1.0,3943,1272,42328,0.010000000000000007
7,43607,3006,1.0,3944,1272,42335,0.010000000000000007
7,43614,3007,1.0,3945,1272,42342,0.010000000000000007
7,43621,3008,1.0,3946,1272,42349,0.010000000000000007
7,43628,3009,1.0,3947,1272,42356,0.010000000000000007
7,43635,3010,1.0,3948,1272,42363,0.010000000000000007
7,43642,3011,1.0,3949,1272,42370,0.010000000000000007
7,43649,3012,1.0,3950,1272,42377,0.010000000000000007
7,43656,3013,1.0,3951,1272,42384,0.010000000000000007
7,43663,3014,1.0,3952,1272,42391,0.010000000000000007
12,43675,3014,0.0,3953,1273,42402,0.010000000000000007
24,43699,3014,0.0,3954,1273,42426,0.010000000000000007
15,43714,3015,1.0,3955,1273,42441,0.010000000000000007
11,43725,3015,0.0,3956,1273,42452,0.010000000000000007
6,43731,3016,1.0,3957,1273,42458,0.010000000000000007
6,43737,3017,1.0,3958,1273,42464,0.010000000000000007
6,43743,3018,1.0,3959,1273,42470,0.010000000000000007
6,43749,3019,1.0,3960,1273,42476,0.010000000000000007
6,43755,3020,1.0,3961,1273,42482,0.010000000000000007
6,43761,3021,1.0,3962,1273,42488,0.010000000000000007
6,43767,3022,1.0,3963,1273,42494,0.010000000000000007
6,43773,3023,1.0,3964,1273,42500,0.010000000000000007
6,43779,3024,1.0,3965,1273,42506,0.010000000000000005
6,43785,3025,1.0,3966,1273,42512,0.010000000000000005
6,43791,3026,1.0,3967,1273,42518,0.010000000000000005
6,43797,3027,1.0,3968,1273,42524,0.010000000000000005
6,43803,3028,1.0,3969,1273,42530,0.010000000000000005
6,43809,3029,1.0,3970,1273,42536,0.010000000000000005
6,43815,3030,1.0,3971,1273,42542,0.010000000000000005
6,43821,3031,1.0,3972,1273,42548,0.010000000000000005
6,43827,3032,1.0,3973,1273,42554,0.010000000000000005
6,43833,3033,1.0,3974,1273,42560,0.010000000000000005
14,43847,3033,0.0,3975,1274,42573,0.010000000000000005
6,43853,3034,1.0,3976,1274,42579,0.010000000000000005
6,43859,3035,1.0,3977,1274,42585,0.010000000000000005
6,43865,3036,1.0,3978,1274,42591,0.010000000000000005
6,43871,3037,1.0,3979,1274,42597,0.010000000000000005
6,43877,3038,1.0,3980,1274,42603,0.010000000000000005
6,43883,3039,1.0,3981,1274,42609,0.010000000000000005
6,43889,3040,1.0,3982,1274,42615,0.010000000000000005
6,43895,3041,1.0,3983,1274,42621,0.010000000000000005
6,43901,3042,1.0,3984,1274,42627,0.010000000000000005
6,43907,3043,1.0,3985,1274,42633,0.010000000000000005
6,43913,3044,1.0,3986,1274,42639,0.010000000000000005
6,43919,3045,1.0,3987,1274,42645,0.010000000000000005
6,43925,3046,1.0,3988,1274,42651,0.010000000000000005
6,43931,3047,1.0,3989,1274,42657,0.010000000000000005
6,43937,3048,1.0,3990,1274,42663,0.010000000000000005
6,43943,3049,1.0,3991,1274,42669,0.010000000000000005
6,43949,3050,1.0,3992,1274,42675,0.010000000000000005
6,43955,3051,1.0,3993,1274,42681,0.010000000000000005
6,43961,3052,1.0,3994,1274,42687,0.010000000000000005
6,43967,3053,1.0,3995,1274,42693,0.010000000000000005
6,43973,3054,1.0,3996,1274,42699,0.010000000000000005
6,43979,3055,1.0,3997,1274,42705,0.010000000000000005
6,43985,3056,1.0,3998,1274,42711,0.010000000000000004
34,44019,3057,1.0,3999,1277,42742,0.010000000000000004
24,44043,3057,0.0,4000,1277,42766,0.010000000000000004
11,44054,3057,0.0,4001,1277,42777,0.010000000000000004
7,44061,3057,0.0,4002,1277,42784,0.010000000000000004
24,44085,3057,0.0,4003,1277,42808,0.010000000000000004
6,44091,3057,0.0,4004,1277,42814,0.010000000000000004
6,44097,3058,1.0,4005,1277,42820,0.010000000000000004
6,44103,3058,0.0,4006,1277,42826,0.010000000000000004
4,44107,3058,0.0,4007,1277,42830,0.010000000000000004
16,44123,3058,0.0,4008,1277,42846,0.010000000000000004
6,44129,3058,0.0,4009,1277,42852,0.010000000000000004
5,44134,3058,0.0,4010,1277,42857,0.010000000000000004
6,44140,3058,0.0,4011,1277,42863,0.010000000000000004
24,44164,3058,0.0,4012,1277,42887,0.010000000000000004
24,44188,3058,0.0,4013,1277,42911,0.010000000000000004
13,44201,3059,1.0,4014,1277,42924,0.010000000000000004
11,44212,3059,0.0,4015,1277,42935,0.010000000000000004
11,44223,3059,0.0,4016,1277,42946,0.010000000000000004
18,44241,3059,0.0,4017,1277,42964,0.010000000000000004
12,44253,3060,1.0,4018,1277,42976,0.010000000000000004
7,44260,3061,1.0,4019,1277,42983,0.010000000000000004
7,44267,3062,1.0,4020,1277,42990,0.010000000000000004
7,44274,3063,1.0,4021,1277,42997,0.010000000000000004
7,44281,3064,1.0,4022,1277,43004,0.010000000000000004
7,44288,3065,1.0,4023,1277,43011,0.010000000000000004
7,44295,3066,1.0,4024,1277,43018,0.010000000000000004
7,44302,3067,1.0,4025,1277,43025,0.010000000000000004
7,44309,3068,1.0,4026,1277,43032,0.010000000000000004
7,44316,3069,1.0,4027,1277,43039,0.010000000000000004
7,44323,3070,1.0,4028,1277,43046,0.010000000000000004
7,44330,3071,1.0,4029,1277,43053,0.010000000000000004
7,44337,3072,1.0,4030,1277,43060,0.010000000000000004
7,44344,3073,1.0,4031,1277,43067,0.010000000000000004
7,44351,3074,1.0,4032,1277,43074,0.010000000000000004
7,44358,3075,1.0,4033,1277,43081,0.010000000000000004
7,44365,3076,1.0,4034,1277,43088,0.010000000000000004
16,44381,3076,0.0,4035,1279,43102,0.010000000000000004
7,44388,3077,1.0,4036,1279,43109,0.010000000000000004
7,44395,3078,1.0,4037,1279,43116,0.010000000000000004
7,44402,3079,1.0,4038,1279,43123,0.010000000000000004
7,44409,3080,1.0,4039,1279,43130,0.010000000000000004
7,44416,3081,1.0,4040,1279,43137,0.010000000000000004
7,44423,3082,1.0,4041,1279,43144,0.010000000000000004
7,44430,3083,1.0,4042,1279,43151,0.010000000000000004
7,44437,3084,1.0,4043,1279,43158,0.010000000000000004
7,44444,3085,1.0,4044,1279,43165,0.010000000000000004
24,44468,3085,0.0,4045,1280,43188,0.010000000000000004
7,44475,3086,1.0,4046,1280,43195,0.010000000000000004
7,44482,3087,1.0,4047,1280,43202,0.010000000000000004
24,44506,3087,0.0,4048,1281,43225,0.010000000000000004
7,44513,3088,1.0,4049,1281,43232,0.010000000000000004
7,44520,3089,1.0,4050,1281,43239,0.010000000000000002
7,44527,3090,1.0,4051,1281,43246,0.010000000000000002
7,44534,3091,1.0,4052,1281,43253,0.010000000000000002
7,44541,3092,1.0,4053,1281,43260,0.010000000000000002
7,44548,3093,1.0,4054,1281,43267,0.010000000000000002
7,44555,3094,1.0,4055,1281,43274,0.010000000000000002
7,44562,3095,1.0,4056,1281,43281,0.010000000000000002
7,44569,3096,1.0,4057,1281,43288,0.010000000000000002
7,44576,3097,1.0,4058,1281,43295,0.010000000000000002
7,44583,3098,1.0,4059,1281,43302,0.010000000000000002
7,44590,3099,1.0,4060,1281,43309,0.010000000000000002
7,44597,3100,1.0,4061,1281,43316,0.010000000000000002
7,44604,3101,1.0,4062,1281,43323,0.010000000000000002
7,44611,3102,1.0,4063,1281,43330,0.010000000000000002
7,44618,3103,1.0,4064,1281,43337,0.010000000000000002
7,44625,3104,1.0,4065,1281,43344,0.010000000000000002
7,44632,3105,1.0,4066,1281,43351,0.010000000000000002
7,44639,3106,1.0,4067,1281,43358,0.010000000000000002
7,44646,3107,1.0,4068,1281,43365,0.010000000000000002
7,44653,3108,1.0,4069,1281,43372,0.010000000000000002
7,44660,3109,1.0,4070,1281,43379,0.010000000000000002
5,44665,3109,0.0,4071,1282,43383,0.010000000000000002
7,44672,3110,1.0,4072,1282,43390,0.010000000000000002
7,44679,3111,1.0,4073,1282,43397,0.010000000000000002
7,44686,3112,1.0,4074,1282,43404,0.010000000000000002
7,44693,3113,1.0,4075,1282,43411,0.010000000000000002
7,44700,3114,1.0,4076,1282,43418,0.010000000000000002
7,44707,3115,1.0,4077,1282,43425,0.010000000000000002
7,44714,3116,1.0,4078,1282,43432,0.010000000000000002
7,44721,3117,1.0,4079,1282,43439,0.010000000000000002
7,44728,3118,1.0,4080,1282,43446,0.010000000000000002
7,44735,3119,1.0,4081,1282,43453,0.010000000000000002
7,44742,3120,1.0,4082,1282,43460,0.010000000000000002
7,44749,3121,1.0,4083,1282,43467,0.010000000000000002
7,44756,3122,1.0,4084,1282,43474,0.010000000000000002
7,44763,3123,1.0,4085,1283,43480,0.010000000000000002
7,44770,3124,1.0,4086,1283,43487,0.010000000000000002
7,44777,3125,1.0,4087,1283,43494,0.010000000000000002
7,44784,3126,1.0,4088,1283,43501,0.010000000000000002
7,44791,3127,1.0,4089,1283,43508,0.010000000000000002
7,44798,3128,1.0,4090,1283,43515,0.010000000000000002
7,44805,3129,1.0,4091,1283,43522,0.010000000000000002
17,44822,3129,0.0,4092,1284,43538,0.010000000000000002
5,44827,3129,0.0,4093,1284,43543,0.010000000000000002
13,44840,3129,0.0,4094,1284,43556,0.010000000000000002
15,44855,3129,0.0,4095,1284,43571,0.010000000000000002
17,44872,3129,0.0,4096,1284,43588,0.010000000000000002
5,44877,3129,0.0,4097,1284,43593,0.010000000000000002
13,44890,3129,0.0,4098,1284,43606,0.010000000000000002
13,44903,3129,0.0,4099,1285,43618,0.010000000000000002
14,44917,3129,0.0,4100,1285,43632,0.010000000000000002
24,44941,3129,0.0,4101,1285,43656,0.010000000000000002
24,44965,3129,0.0,4102,1286,43679,0.010000000000000002
13,44978,3129,0.0,4103,1286,43692,0.010000000000000002
15,44993,3129,0.0,4104,1286,43707,0.010000000000000002
17,45010,3129,0.0,4105,1286,43724,0.010000000000000002
13,45023,3129,0.0,4106,1286,43737,0.010000000000000002
6,45029,3129,0.0,4107,1286,43743,0.010000000000000002
10,45039,3130,1.0,4108,1286,43753,0.010000000000000002
9,45048,3131,1.0,4109,1286,43762,0.010000000000000002
9,45057,3132,1.0,4110,1286,43771,0.010000000000000002
9,45066,3133,1.0,4111,1287,43779,0.010000000000000002
9,45075,3134,1.0,4112,1287,43788,0.010000000000000002
9,45084,3135,1.0,4113,1287,43797,0.010000000000000002
9,45093,3136,1.0,4114,1287,43806,0.010000000000000002
9,45102,3137,1.0,4115,1287,43815,0.010000000000000002
9,45111,3138,1.0,4116,1287,43824,0.010000000000000002
9,45120,3139,1.0,4117,1287,43833,0.010000000000000002
9,45129,3140,1.0,4118,1287,43842,0.010000000000000002
9,45138,3141,1.0,4119,1287,43851,0.010000000000000002
9,45147,3142,1.0,4120,1287,43860,0.010000000000000002
9,45156,3143,1.0,4121,1287,43869,0.010000000000000002
9,45165,3144,1.0,4122,1287,43878,0.010000000000000002
9,45174,3145,1.0,4123,1287,43887,0.010000000000000002
9,45183,3146,1.0,4124,1287,43896,0.010000000000000002
9,45192,3147,1.0,4125,1287,43905,0.010000000000000002
9,45201,3148,1.0,4126,1287,43914,0.010000000000000002
9,45210,3149,1.0,4127,1287,43923,0.010000000000000002
9,45219,3150,1.0,4128,1287,43932,0.010000000000000002
9,45228,3151,1.0,4129,1287,43941,0.010000000000000002
9,45237,3152,1.0,4130,1287,43950,0.010000000000000002
9,45246,3153,1.0,4131,1287,43959,0.010000000000000002
10,45256,3154,1.0,4132,1288,43968,0.010000000000000002
9,45265,3155,1.0,4133,1288,43977,0.010000000000000002
9,45274,3156,1.0,4134,1288,43986,0.010000000000000002
9,45283,3157,1.0,4135,1288,43995,0.010000000000000002
9,45292,3158,1.0,4136,1288,44004,0.010000000000000002
10,45302,3159,1.0,4137,1289,44013,0.010000000000000002
9,45311,3160,1.0,4138,1289,44022,0.010000000000000002
9,45320,3161,1.0,4139,1289,44031,0.010000000000000002
9,45329,3162,1.0,4140,1289,44040,0.010000000000000002
9,45338,3163,1.0,4141,1289,44049,0.010000000000000002
9,45347,3164,1.0,4142,1289,44058,0.010000000000000002
9,45356,3165,1.0,4143,1289,44067,0.010000000000000002
9,45365,3166,1.0,4144,1289,44076,0.010000000000000002
9,45374,3167,1.0,4145,1289,44085,0.010000000000000002
9,45383,3168,1.0,4146,1289,44094,0.010000000000000002
9,45392,3169,1.0,4147,1289,44103,0.010000000000000002
9,45401,3170,1.0,4148,1289,44112,0.010000000000000002
9,45410,3171,1.0,4149,1289,44121,0.010000000000000002
9,45419,3172,1.0,4150,1289,44130,0.010000000000000002
9,45428,3173,1.0,4151,1289,44139,0.010000000000000002
9,45437,3174,1.0,4152,1289,44148,0.010000000000000002
9,45446,3175,1.0,4153,1289,44157,0.010000000000000002
9,45455,3176,1.0,4154,1289,44166,0.010000000000000002
9,45464,3177,1.0,4155,1289,44175,0.010000000000000002
9,45473,3178,1.0,4156,1289,44184,0.010000000000000002
9,45482,3179,1.0,4157,1289,44193,0.010000000000000002
9,45491,3180,1.0,4158,1289,44202,0.010000000000000002
9,45500,3181,1.0,4159,1289,44211,0.01
9,45509,3182,1.0,4160,1289,44220,0.01
9,45518,3183,1.0,4161,1289,44229,0.01
9,45527,3184,1.0,4162,1289,44238,0.01
9,45536,3185,1.0,4163,1289,44247,0.01
9,45545,3186,1.0,4164,1289,44256,0.01
9,45554,3187,1.0,4165,1289,44265,0.01
9,45563,3188,1.0,4166,1289,44274,0.01
9,45572,3189,1.0,4167,1289,44283,0.01
9,45581,3190,1.0,4168,1289,44292,0.01
9,45590,3191,1.0,4169,1289,44301,0.01
9,45599,3192,1.0,4170,1289,44310,0.01
9,45608,3193,1.0,4171,1289,44319,0.01
9,45617,3194,1.0,4172,1289,44328,0.01
18,45635,3194,0.0,4173,1290,44345,0.01
6,45641,3194,0.0,4174,1290,44351,0.01
6,45647,3194,0.0,4175,1291,44356,0.01
8,45655,3194,0.0,4176,1291,44364,0.01
6,45661,3194,0.0,4177,1292,44369,0.01
57,45718,3194,0.0,4178,1293,44425,0.01
18,45736,3194,0.0,4179,1294,44442,0.01
20,45756,3194,0.0,4180,1295,44461,0.01
24,45780,3194,0.0,4181,1295,44485,0.01
35,45815,3194,0.0,4182,1295,44520,0.01
12,45827,3194,0.0,4183,1295,44532,0.01
5,45832,3194,0.0,4184,1295,44537,0.01
4,45836,3194,0.0,4185,1296,44540,0.01
6,45842,3194,0.0,4186,1296,44546,0.01
7,45849,3194,0.0,4187,1296,44553,0.01
15,45864,3194,0.0,4188,1296,44568,0.01
13,45877,3194,0.0,4189,1296,44581,0.01
11,45888,3195,1.0,4190,1296,44592,0.01
11,45899,3196,1.0,4191,1296,44603,0.01
11,45910,3197,1.0,4192,1296,44614,0.01
11,45921,3198,1.0,4193,1296,44625,0.01
11,45932,3199,1.0,4194,1296,44636,0.01
11,45943,3200,1.0,4195,1296,44647,0.01
11,45954,3201,1.0,4196,1296,44658,0.01
11,45965,3202,1.0,4197,1296,44669,0.01
11,45976,3203,1.0,4198,1296,44680,0.01
11,45987,3204,1.0,4199,1296,44691,0.01
11,45998,3205,1.0,4200,1296,44702,0.01
11,46009,3206,1.0,4201,1296,44713,0.01
11,46020,3207,1.0,4202,1296,44724,0.01
11,46031,3208,1.0,4203,1296,44735,0.01
11,46042,3209,1.0,4204,1296,44746,0.01
11,46053,3210,1.0,4205,1296,44757,0.01
11,46064,3211,1.0,4206,1296,44768,0.01
11,46075,3212,1.0,4207,1296,44779,0.01
11,46086,3213,1.0,4208,1296,44790,0.01
7,46093,3213,0.0,4209,1298,44795,0.01
11,46104,3214,1.0,4210,1298,44806,0.01
11,46115,3215,1.0,4211,1298,44817,0.01
11,46126,3216,1.0,4212,1298,44828,0.01
11,46137,3217,1.0,4213,1298,44839,0.01
11,46148,3218,1.0,4214,1298,44850,0.01
11,46159,3219,1.0,4215,1298,44861,0.01
11,46170,3220,1.0,4216,1298,44872,0.01
19,46189,3220,0.0,4217,1299,44890,0.01
11,46200,3221,1.0,4218,1299,44901,0.01
11,46211,3222,1.0,4219,1299,44912,0.01
11,46222,3223,1.0,4220,1299,44923,0.01
11,46233,3224,1.0,4221,1300,44933,0.01
11,46244,3225,1.0,4222,1300,44944,0.01
11,46255,3226,1.0,4223,1301,44954,0.01
23,46278,3226,0.0,4224,1301,44977,0.01
21,46299,3226,0.0,4225,1302,44997,0.01
18,46317,3226,0.0,4226,1303,45014,0.01
11,46328,3227,1.0,4227,1304,45024,0.01
10,46338,3227,0.0,4228,1304,45034,0.01
5,46343,3227,0.0,4229,1304,45039,0.01
15,46358,3227,0.0,4230,1304,45054,0.01
11,46369,3228,1.0,4231,1304,45065,0.01
18,46387,3228,0.0,4232,1304,45083,0.01
5,46392,3228,0.0,4233,1304,45088,0.01
5,46397,3228,0.0,4234,1304,45093,0.01
5,46402,3228,0.0,4235,1304,45098,0.01
11,46413,3229,1.0,4236,1304,45109,0.01
11,46424,3230,1.0,4237,1304,45120,0.01
11,46435,3231,1.0,4238,1304,45131,0.01
47,46482,3231,0.0,4239,1306,45176,0.01
11,46493,3232,1.0,4240,1306,45187,0.01
11,46504,3233,1.0,4241,1306,45198,0.01
11,46515,3234,1.0,4242,1306,45209,0.01
11,46526,3235,1.0,4243,1306,45220,0.01
11,46537,3236,1.0,4244,1306,45231,0.01
11,46548,3237,1.0,4245,1306,45242,0.01
11,46559,3238,1.0,4246,1306,45253,0.01
11,46570,3239,1.0,4247,1306,45264,0.01
11,46581,3240,1.0,4248,1306,45275,0.01
11,46592,3241,1.0,4249,1306,45286,0.01
11,46603,3242,1.0,4250,1306,45297,0.01
11,46614,3243,1.0,4251,1306,45308,0.01
6,46620,3243,0.0,4252,1307,45313,0.01
11,46631,3244,1.0,4253,1307,45324,0.01
11,46642,3245,1.0,4254,1307,45335,0.01
11,46653,3246,1.0,4255,1307,45346,0.01
11,46664,3247,1.0,4256,1307,45357,0.01
11,46675,3248,1.0,4257,1307,45368,0.01
11,46686,3249,1.0,4258,1307,45379,0.01
11,46697,3250,1.0,4259,1307,45390,0.01
11,46708,3251,1.0,4260,1307,45401,0.01
11,46719,3252,1.0,4261,1307,45412,0.01
11,46730,3253,1.0,4262,1307,45423,0.01
11,46741,3254,1.0,4263,1307,45434,0.01
11,46752,3255,1.0,4264,1307,45445,0.01
11,46763,3256,1.0,4265,1307,45456,0.01
11,46774,3257,1.0,4266,1307,45467,0.01
11,46785,3258,1.0,4267,1307,45478,0.01
11,46796,3259,1.0,4268,1307,45489,0.01
11,46807,3260,1.0,4269,1307,45500,0.01
11,46818,3261,1.0,4270,1307,45511,0.01
11,46829,3262,1.0,4271,1307,45522,0.01
11,46840,3263,1.0,4272,1307,45533,0.01
11,46851,3264,1.0,4273,1307,45544,0.01
11,46862,3265,1.0,4274,1307,45555,0.01
11,46873,3266,1.0,4275,1307,45566,0.01
11,46884,3267,1.0,4276,1307,45577,0.01
11,46895,3268,1.0,4277,1307,45588,0.01
11,46906,3269,1.0,4278,1307,45599,0.01
11,46917,3270,1.0,4279,1307,45610,0.01
11,46928,3271,1.0,4280,1307,45621,0.01
11,46939,3272,1.0,4281,1307,45632,0.01
11,46950,3273,1.0,4282,1307,45643,0.01
11,46961,3274,1.0,4283,1307,45654,0.01
11,46972,3275,1.0,4284,1307,45665,0.01
11,46983,3276,1.0,4285,1307,45676,0.01
11,46994,3277,1.0,4286,1307,45687,0.01
5,46999,3277,0.0,4287,1308,45691,0.01
11,47010,3278,1.0,4288,1308,45702,0.01
11,47021,3279,1.0,4289,1308,45713,0.01
11,47032,3280,1.0,4290,1308,45724,0.01
11,47043,3281,1.0,4291,1308,45735,0.01
11,47054,3282,1.0,4292,1308,45746,0.01
11,47065,3283,1.0,4293,1308,45757,0.01
11,47076,3284,1.0,4294,1308,45768,0.01
47,47123,3284,0.0,4295,1310,45813,0.01
47,47170,3284,0.0,4296,1312,45858,0.01
47,47217,3284,0.0,4297,1312,45905,0.01
11,47228,3285,1.0,4298,1312,45916,0.01
11,47239,3286,1.0,4299,1312,45927,0.01
11,47250,3286,0.0,4300,1312,45938,0.01
11,47261,3287,1.0,4301,1312,45949,0.01
11,47272,3288,1.0,4302,1312,45960,0.01
11,47283,3289,1.0,4303,1312,45971,0.01
11,47294,3290,1.0,4304,1312,45982,0.01
11,47305,3291,1.0,4305,1312,45993,0.01
11,47316,3292,1.0,4306,1312,46004,0.01
11,47327,3293,1.0,4307,1312,46015,0.01
11,47338,3294,1.0,4308,1312,46026,0.01
11,47349,3295,1.0,4309,1312,46037,0.01
11,47360,3296,1.0,4310,1312,46048,0.01
11,47371,3297,1.0,4311,1312,46059,0.01
11,47382,3298,1.0,4312,1312,46070,0.01
11,47393,3299,1.0,4313,1312,46081,0.01
11,47404,3300,1.0,4314,1312,46092,0.01
11,47415,3301,1.0,4315,1312,46103,0.01
11,47426,3302,1.0,4316,1313,46113,0.01
11,47437,3303,1.0,4317,1313,46124,0.01
11,47448,3304,1.0,4318,1313,46135,0.01
11,47459,3305,1.0,4319,1313,46146,0.01
11,47470,3306,1.0,4320,1313,46157,0.01
11,47481,3307,1.0,4321,1313,46168,0.01
11,47492,3308,1.0,4322,1313,46179,0.01
11,47503,3309,1.0,4323,1313,46190,0.01
11,47514,3310,1.0,4324,1313,46201,0.01
11,47525,3311,1.0,4325,1314,46211,0.01
11,47536,3312,1.0,4326,1314,46222,0.01
24,47560,3312,0.0,4327,1316,46244,0.01
43,47603,3313,1.0,4328,1316,46287,0.01
40,47643,3313,0.0,4329,1316,46327,0.01
51,47694,3313,0.0,4330,1317,46377,0.01
17,47711,3313,0.0,4331,1318,46393,0.01
25,47736,3313,0.0,4332,1318,46418,0.01
56,47792,3313,0.0,4333,1318,46474,0.01
10,47802,3313,0.0,4334,1318,46484,0.01
13,47815,3313,0.0,4335,1318,46497,0.01
5,47820,3313,0.0,4336,1318,46502,0.01
11,47831,3313,0.0,4337,1318,46513,0.01
11,47842,3313,0.0,4338,1318,46524,0.01
17,47859,3313,0.0,4339,1319,46540,0.01
17,47876,3313,0.0,4340,1319,46557,0.01
8,47884,3313,0.0,4341,1319,46565,0.01
11,47895,3313,0.0,4342,1319,46576,0.01
28,47923,3313,0.0,4343,1319,46604,0.01
4,47927,3313,0.0,4344,1319,46608,0.01
4,47931,3313,0.0,4345,1319,46612,0.01
3,47934,3313,0.0,4346,1319,46615,0.01
3,47937,3313,0.0,4347,1319,46618,0.01
6,47943,3314,1.0,4348,1319,46624,0.01
6,47949,3315,1.0,4349,1319,46630,0.01
6,47955,3316,1.0,4350,1319,46636,0.01
6,47961,3317,1.0,4351,1319,46642,0.01
6,47967,3318,1.0,4352,1319,46648,0.01
6,47973,3319,1.0,4353,1319,46654,0.01
6,47979,3320,1.0,4354,1319,46660,0.01
6,47985,3321,1.0,4355,1319,46666,0.01
6,47991,3322,1.0,4356,1319,46672,0.01
6,47997,3323,1.0,4357,1319,46678,0.01
6,48003,3324,1.0,4358,1319,46684,0.01
6,48009,3325,1.0,4359,1319,46690,0.01
6,48015,3326,1.0,4360,1319,46696,0.01
6,48021,3327,1.0,4361,1319,46702,0.01
6,48027,3328,1.0,4362,1319,46708,0.01
6,48033,3329,1.0,4363,1319,46714,0.01
6,48039,3330,1.0,4364,1319,46720,0.01
6,48045,3331,1.0,4365,1319,46726,0.01
6,48051,3332,1.0,4366,1319,46732,0.01
6,48057,3333,1.0,4367,1319,46738,0.01
6,48063,3334,1.0,4368,1319,46744,0.01
6,48069,3335,1.0,4369,1319,46750,0.01
6,48075,3336,1.0,4370,1319,46756,0.01
6,48081,3337,1.0,4371,1319,46762,0.01
6,48087,3338,1.0,4372,1319,46768,0.01
4,48091,3338,0.0,4373,1320,46771,0.01
6,48097,3339,1.0,4374,1320,46777,0.01
2,48099,3339,0.0,4375,1321,46778,0.01
6,48105,3340,1.0,4376,1321,46784,0.01
6,48111,3341,1.0,4377,1321,46790,0.01
6,48117,3342,1.0,4378,1321,46796,0.01
6,48123,3343,1.0,4379,1321,46802,0.01
6,48129,3344,1.0,4380,1321,46808,0.01
6,48135,3345,1.0,4381,1321,46814,0.01
6,48141,3346,1.0,4382,1321,46820,0.01
6,48147,3347,1.0,4383,1321,46826,0.01
6,48153,3348,1.0,4384,1321,46832,0.01
6,48159,3349,1.0,4385,1321,46838,0.01
6,48165,3350,1.0,4386,1321,46844,0.01
6,48171,3351,1.0,4387,1321,46850,0.01
6,48177,3352,1.0,4388,1321,46856,0.01
6,48183,3353,1.0,4389,1321,46862,0.01
6,48189,3354,1.0,4390,1321,46868,0.01
6,48195,3355,1.0,4391,1321,46874,0.01
6,48201,3356,1.0,4392,1321,46880,0.01
6,48207,3357,1.0,4393,1321,46886,0.01
24,48231,3357,0.0,4394,1322,46909,0.01
6,48237,3358,1.0,4395,1322,46915,0.01
6,48243,3359,1.0,4396,1322,46921,0.01
6,48249,3360,1.0,4397,1322,46927,0.01
6,48255,3361,1.0,4398,1322,46933,0.01
6,48261,3362,1.0,4399,1322,46939,0.01
6,48267,3363,1.0,4400,1322,46945,0.01
6,48273,3364,1.0,4401,1322,46951,0.01
6,48279,3365,1.0,4402,1322,46957,0.01
6,48285,3366,1.0,4403,1322,46963,0.01
6,48291,3367,1.0,4404,1322,46969,0.01
6,48297,3368,1.0,4405,1322,46975,0.01
6,48303,3369,1.0,4406,1322,46981,0.01
6,48309,3370,1.0,4407,1322,46987,0.01
6,48315,3371,1.0,4408,1322,46993,0.01
6,48321,3372,1.0,4409,1322,46999,0.01
8,48329,3373,1.0,4410,1323,47006,0.01
6,48335,3374,1.0,4411,1323,47012,0.01
6,48341,3375,1.0,4412,1323,47018,0.01
6,48347,3376,1.0,4413,1323,47024,0.01
6,48353,3377,1.0,4414,1323,47030,0.01
14,48367,3377,0.0,4415,1324,47043,0.01
6,48373,3378,1.0,4416,1324,47049,0.01
6,48379,3379,1.0,4417,1324,47055,0.01
6,48385,3380,1.0,4418,1324,47061,0.01
6,48391,3381,1.0,4419,1324,47067,0.01
5,48396,3381,0.0,4420,1325,47071,0.01
6,48402,3382,1.0,4421,1325,47077,0.01
6,48408,3383,1.0,4422,1325,47083,0.01
6,48414,3384,1.0,4423,1325,47089,0.01
6,48420,3385,1.0,4424,1325,47095,0.01
6,48426,3386,1.0,4425,1325,47101,0.01
6,48432,3387,1.0,4426,1325,47107,0.01
6,48438,3388,1.0,4427,1325,47113,0.01
6,48444,3389,1.0,4428,1325,47119,0.01
6,48450,3390,1.0,4429,1325,47125,0.01
6,48456,3391,1.0,4430,1325,47131,0.01
6,48462,3392,1.0,4431,1325,47137,0.01
6,48468,3393,1.0,4432,1325,47143,0.01
6,48474,3394,1.0,4433,1325,47149,0.01
6,48480,3395,1.0,4434,1325,47155,0.01
6,48486,3396,1.0,4435,1325,47161,0.01
6,48492,3397,1.0,4436,1325,47167,0.01
6,48498,3398,1.0,4437,1325,47173,0.01
6,48504,3399,1.0,4438,1326,47178,0.01
6,48510,3400,1.0,4439,1326,47184,0.01
24,48534,3400,0.0,4440,1327,47207,0.01
6,48540,3401,1.0,4441,1327,47213,0.01
6,48546,3402,1.0,4442,1327,47219,0.01
6,48552,3403,1.0,4443,1327,47225,0.01
6,48558,3404,1.0,4444,1327,47231,0.01
6,48564,3405,1.0,4445,1327,47237,0.01
6,48570,3406,1.0,4446,1327,47243,0.01
6,48576,3407,1.0,4447,1327,47249,0.01
6,48582,3408,1.0,4448,1327,47255,0.01
6,48588,3409,1.0,4449,1327,47261,0.01
6,48594,3410,1.0,4450,1327,47267,0.01
6,48600,3411,1.0,4451,1327,47273,0.01
6,48606,3412,1.0,4452,1327,47279,0.01
6,48612,3413,1.0,4453,1327,47285,0.01
6,48618,3414,1.0,4454,1327,47291,0.01
6,48624,3415,1.0,4455,1327,47297,0.01
6,48630,3416,1.0,4456,1327,47303,0.01
6,48636,3417,1.0,4457,1327,47309,0.01
6,48642,3418,1.0,4458,1327,47315,0.01
6,48648,3419,1.0,4459,1327,47321,0.01
6,48654,3420,1.0,4460,1327,47327,0.01
6,48660,3421,1.0,4461,1327,47333,0.01
6,48666,3422,1.0,4462,1327,47339,0.01
6,48672,3423,1.0,4463,1327,47345,0.01
6,48678,3424,1.0,4464,1327,47351,0.01
6,48684,3425,1.0,4465,1327,47357,0.01
6,48690,3426,1.0,4466,1327,47363,0.01
6,48696,3427,1.0,4467,1327,47369,0.01
6,48702,3428,1.0,4468,1327,47375,0.01
6,48708,3429,1.0,4469,1327,47381,0.01
6,48714,3430,1.0,4470,1327,47387,0.01
6,48720,3431,1.0,4471,1327,47393,0.01
6,48726,3432,1.0,4472,1327,47399,0.01
6,48732,3433,1.0,4473,1327,47405,0.01
6,48738,3434,1.0,4474,1327,47411,0.01
6,48744,3435,1.0,4475,1327,47417,0.01
6,48750,3436,1.0,4476,1327,47423,0.01
6,48756,3437,1.0,4477,1327,47429,0.01
6,48762,3438,1.0,4478,1327,47435,0.01
6,48768,3439,1.0,4479,1327,47441,0.01
6,48774,3440,1.0,4480,1327,47447,0.01
6,48780,3441,1.0,4481,1327,47453,0.01
6,48786,3442,1.0,4482,1327,47459,0.01
6,48792,3443,1.0,4483,1327,47465,0.01
6,48798,3444,1.0,4484,1327,47471,0.01
6,48804,3445,1.0,4485,1327,47477,0.01
6,48810,3446,1.0,4486,1327,47483,0.01
6,48816,3447,1.0,4487,1327,47489,0.01
6,48822,3448,1.0,4488,1327,47495,0.01
6,48828,3449,1.0,4489,1327,47501,0.01
6,48834,3450,1.0,4490,1327,47507,0.01
6,48840,3451,1.0,4491,1327,47513,0.01
6,48846,3452,1.0,4492,1327,47519,0.01
6,48852,3453,1.0,4493,1327,47525,0.01
6,48858,3454,1.0,4494,1327,47531,0.01
6,48864,3455,1.0,4495,1327,47537,0.01
6,48870,3456,1.0,4496,1327,47543,0.01
6,48876,3457,1.0,4497,1327,47549,0.01
6,48882,3458,1.0,4498,1327,47555,0.01
6,48888,3459,1.0,4499,1327,47561,0.01
6,48894,3460,1.0,4500,1327,47567,0.01
6,48900,3461,1.0,4501,1327,47573,0.01
6,48906,3462,1.0,4502,1327,47579,0.01
6,48912,3463,1.0,4503,1327,47585,0.01
6,48918,3464,1.0,4504,1327,47591,0.01
24,48942,3464,0.0,4505,1328,47614,0.01
10,48952,3464,0.0,4506,1328,47624,0.01
6,48958,3465,1.0,4507,1328,47630,0.01
6,48964,3466,1.0,4508,1328,47636,0.01
6,48970,3467,1.0,4509,1328,47642,0.01
6,48976,3468,1.0,4510,1328,47648,0.01
6,48982,3469,1.0,4511,1328,47654,0.01
6,48988,3470,1.0,4512,1328,47660,0.01
6,48994,3471,1.0,4513,1328,47666,0.01
6,49000,3472,1.0,4514,1328,47672,0.01
6,49006,3473,1.0,4515,1328,47678,0.01
6,49012,3474,1.0,4516,1328,47684,0.01
6,49018,3475,1.0,4517,1328,47690,0.01
6,49024,3476,1.0,4518,1328,47696,0.01
6,49030,3477,1.0,4519,1328,47702,0.01
6,49036,3478,1.0,4520,1328,47708,0.01
6,49042,3479,1.0,4521,1328,47714,0.01
6,49048,3480,1.0,4522,1328,47720,0.01
6,49054,3481,1.0,4523,1328,47726,0.01
6,49060,3482,1.0,4524,1328,47732,0.01
6,49066,3483,1.0,4525,1328,47738,0.01
6,49072,3484,1.0,4526,1328,47744,0.01
6,49078,3485,1.0,4527,1328,47750,0.01
6,49084,3486,1.0,4528,1328,47756,0.01
6,49090,3487,1.0,4529,1328,47762,0.01
6,49096,3488,1.0,4530,1328,47768,0.01
6,49102,3489,1.0,4531,1328,47774,0.01
6,49108,3490,1.0,4532,1328,47780,0.01
6,49114,3491,1.0,4533,1328,47786,0.01
6,49120,3491,0.0,4534,1329,47791,0.01
6,49126,3492,1.0,4535,1329,47797,0.01
6,49132,3493,1.0,4536,1329,47803,0.01
6,49138,3494,1.0,4537,1329,47809,0.01
6,49144,3495,1.0,4538,1329,47815,0.01
6,49150,3496,1.0,4539,1329,47821,0.01
6,49156,3497,1.0,4540,1329,47827,0.01
6,49162,3498,1.0,4541,1329,47833,0.01
6,49168,3499,1.0,4542,1329,47839,0.01
6,49174,3500,1.0,4543,1329,47845,0.01
6,49180,3501,1.0,4544,1329,47851,0.01
6,49186,3502,1.0,4545,1329,47857,0.01
6,49192,3503,1.0,4546,1329,47863,0.01
6,49198,3504,1.0,4547,1329,47869,0.01
6,49204,3505,1.0,4548,1329,47875,0.01
6,49210,3506,1.0,4549,1329,47881,0.01
6,49216,3507,1.0,4550,1329,47887,0.01
6,49222,3508,1.0,4551,1329,47893,0.01
6,49228,3509,1.0,4552,1329,47899,0.01
6,49234,3510,1.0,4553,1329,47905,0.01
6,49240,3511,1.0,4554,1329,47911,0.01
6,49246,3512,1.0,4555,1329,47917,0.01
6,49252,3513,1.0,4556,1329,47923,0.01
6,49258,3514,1.0,4557,1329,47929,0.01
2,49260,3514,0.0,4558,1330,47930,0.01
6,49266,3515,1.0,4559,1330,47936,0.01
6,49272,3516,1.0,4560,1330,47942,0.01
8,49280,3517,1.0,4561,1331,47949,0.01
17,49297,3517,0.0,4562,1333,47964,0.01
2,49299,3517,0.0,4563,1333,47966,0.01
24,49323,3517,0.0,4564,1333,47990,0.01
24,49347,3517,0.0,4565,1333,48014,0.01
12,49359,3517,0.0,4566,1334,48025,0.01
2,49361,3517,0.0,4567,1334,48027,0.01
16,49377,3517,0.0,4568,1334,48043,0.01
2,49379,3517,0.0,4569,1334,48045,0.01
19,49398,3517,0.0,4570,1334,48064,0.01
14,49412,3517,0.0,4571,1334,48078,0.01
2,49414,3517,0.0,4572,1334,48080,0.01
8,49422,3518,1.0,4573,1334,48088,0.01
24,49446,3518,0.0,4574,1334,48112,0.01
8,49454,3519,1.0,4575,1334,48120,0.01
8,49462,3520,1.0,4576,1334,48128,0.01
6,49468,3521,1.0,4577,1334,48134,0.01
6,49474,3522,1.0,4578,1334,48140,0.01
6,49480,3523,1.0,4579,1334,48146,0.01
6,49486,3524,1.0,4580,1334,48152,0.01
6,49492,3525,1.0,4581,1334,48158,0.01
6,49498,3526,1.0,4582,1334,48164,0.01
6,49504,3527,1.0,4583,1335,48169,0.01
6,49510,3527,0.0,4584,1336,48174,0.01
6,49516,3528,1.0,4585,1336,48180,0.01
6,49522,3529,1.0,4586,1336,48186,0.01
3,49525,3529,0.0,4587,1337,48188,0.01
6,49531,3530,1.0,4588,1337,48194,0.01
6,49537,3531,1.0,4589,1337,48200,0.01
6,49543,3532,1.0,4590,1337,48206,0.01
6,49549,3533,1.0,4591,1337,48212,0.01
6,49555,3534,1.0,4592,1337,48218,0.01
6,49561,3535,1.0,4593,1337,48224,0.01
6,49567,3536,1.0,4594,1337,48230,0.01
6,49573,3537,1.0,4595,1337,48236,0.01
6,49579,3538,1.0,4596,1337,48242,0.01
6,49585,3539,1.0,4597,1337,48248,0.01
6,49591,3540,1.0,4598,1337,48254,0.01
6,49597,3541,1.0,4599,1337,48260,0.01
6,49603,3542,1.0,4600,1337,48266,0.01
6,49609,3543,1.0,4601,1337,48272,0.01
6,49615,3544,1.0,4602,1337,48278,0.01
6,49621,3545,1.0,4603,1337,48284,0.01
6,49627,3546,1.0,4604,1337,48290,0.01
6,49633,3547,1.0,4605,1337,48296,0.01
6,49639,3548,1.0,4606,1337,48302,0.01
6,49645,3549,1.0,4607,1337,48308,0.01
6,49651,3550,1.0,4608,1337,48314,0.01
6,49657,3551,1.0,4609,1337,48320,0.01
6,49663,3552,1.0,4610,1337,48326,0.01
6,49669,3553,1.0,4611,1337,48332,0.01
6,49675,3554,1.0,4612,1337,48338,0.01
6,49681,3555,1.0,4613,1337,48344,0.01
6,49687,3556,1.0,4614,1337,48350,0.01
6,49693,3557,1.0,4615,1337,48356,0.01
6,49699,3558,1.0,4616,1337,48362,0.01
6,49705,3559,1.0,4617,1337,48368,0.01
8,49713,3560,1.0,4618,1338,48375,0.01
6,49719,3561,1.0,4619,1338,48381,0.01
6,49725,3562,1.0,4620,1338,48387,0.01
6,49731,3563,1.0,4621,1338,48393,0.01
6,49737,3564,1.0,4622,1338,48399,0.01
6,49743,3565,1.0,4623,1338,48405,0.01
6,49749,3566,1.0,4624,1338,48411,0.01
6,49755,3567,1.0,4625,1338,48417,0.01
6,49761,3568,1.0,4626,1338,48423,0.01
6,49767,3569,1.0,4627,1338,48429,0.01
6,49773,3570,1.0,4628,1338,48435,0.01
6,49779,3571,1.0,4629,1338,48441,0.01
6,49785,3572,1.0,4630,1338,48447,0.01
22,49807,3572,0.0,4631,1340,48467,0.01
6,49813,3573,1.0,4632,1340,48473,0.01
6,49819,3574,1.0,4633,1340,48479,0.01
6,49825,3575,1.0,4634,1340,48485,0.01
6,49831,3576,1.0,4635,1340,48491,0.01
6,49837,3576,0.0,4636,1341,48496,0.01
6,49843,3577,1.0,4637,1341,48502,0.01
6,49849,3578,1.0,4638,1341,48508,0.01
6,49855,3579,1.0,4639,1341,48514,0.01
6,49861,3580,1.0,4640,1341,48520,0.01
6,49867,3581,1.0,4641,1341,48526,0.01
6,49873,3582,1.0,4642,1341,48532,0.01
8,49881,3583,1.0,4643,1342,48539,0.01
6,49887,3584,1.0,4644,1342,48545,0.01
6,49893,3585,1.0,4645,1342,48551,0.01
6,49899,3586,1.0,4646,1342,48557,0.01
6,49905,3587,1.0,4647,1342,48563,0.01
6,49911,3588,1.0,4648,1342,48569,0.01
6,49917,3589,1.0,4649,1342,48575,0.01
6,49923,3590,1.0,4650,1342,48581,0.01
6,49929,3591,1.0,4651,1342,48587,0.01
6,49935,3592,1.0,4652,1342,48593,0.01
6,49941,3593,1.0,4653,1342,48599,0.01
6,49947,3594,1.0,4654,1342,48605,0.01
6,49953,3595,1.0,4655,1342,48611,0.01
6,49959,3596,1.0,4656,1342,48617,0.01
6,49965,3597,1.0,4657,1342,48623,0.01
6,49971,3598,1.0,4658,1342,48629,0.01
6,49977,3599,1.0,4659,1342,48635,0.01
6,49983,3600,1.0,4660,1342,48641,0.01
6,49989,3601,1.0,4661,1342,48647,0.01
6,49995,3602,1.0,4662,1342,48653,0.01
6,50001,3603,1.0,4663,1342,48659,0.01
6,50007,3604,1.0,4664,1342,48665,0.01
6,50013,3605,1.0,4665,1342,48671,0.01
6,50019,3606,1.0,4666,1342,48677,0.01
2,50021,3606,0.0,4667,1343,48678,0.01
6,50027,3607,1.0,4668,1343,48684,0.01
6,50033,3608,1.0,4669,1343,48690,0.01
6,50039,3609,1.0,4670,1343,48696,0.01
6,50045,3610,1.0,4671,1343,48702,0.01
6,50051,3611,1.0,4672,1343,48708,0.01
6,50057,3612,1.0,4673,1343,48714,0.01
6,50063,3613,1.0,4674,1343,48720,0.01
6,50069,3614,1.0,4675,1343,48726,0.01
8,50077,3615,1.0,4676,1344,48733,0.01
6,50083,3616,1.0,4677,1344,48739,0.01
6,50089,3617,1.0,4678,1344,48745,0.01
6,50095,3618,1.0,4679,1344,48751,0.01
6,50101,3619,1.0,4680,1344,48757,0.01
6,50107,3620,1.0,4681,1344,48763,0.01
6,50113,3621,1.0,4682,1344,48769,0.01
6,50119,3622,1.0,4683,1345,48774,0.01
6,50125,3623,1.0,4684,1345,48780,0.01
6,50131,3624,1.0,4685,1345,48786,0.01
6,50137,3625,1.0,4686,1345,48792,0.01
6,50143,3626,1.0,4687,1345,48798,0.01
6,50149,3627,1.0,4688,1345,48804,0.01
6,50155,3628,1.0,4689,1345,48810,0.01
6,50161,3629,1.0,4690,1345,48816,0.01
6,50167,3630,1.0,4691,1345,48822,0.01
6,50173,3631,1.0,4692,1345,48828,0.01
6,50179,3632,1.0,4693,1345,48834,0.01
6,50185,3633,1.0,4694,1345,48840,0.01
6,50191,3634,1.0,4695,1345,48846,0.01
6,50197,3635,1.0,4696,1345,48852,0.01
6,50203,3636,1.0,4697,1345,48858,0.01
6,50209,3637,1.0,4698,1345,48864,0.01
6,50215,3638,1.0,4699,1346,48869,0.01
6,50221,3639,1.0,4700,1346,48875,0.01
6,50227,3640,1.0,4701,1346,48881,0.01
6,50233,3641,1.0,4702,1346,48887,0.01
6,50239,3642,1.0,4703,1346,48893,0.01
6,50245,3643,1.0,4704,1346,48899,0.01
6,50251,3644,1.0,4705,1346,48905,0.01
6,50257,3645,1.0,4706,1346,48911,0.01
6,50263,3646,1.0,4707,1346,48917,0.01
6,50269,3647,1.0,4708,1346,48923,0.01
6,50275,3648,1.0,4709,1346,48929,0.01
6,50281,3649,1.0,4710,1346,48935,0.01
6,50287,3650,1.0,4711,1346,48941,0.01
6,50293,3651,1.0,4712,1346,48947,0.01
6,50299,3652,1.0,4713,1346,48953,0.01
6,50305,3653,1.0,4714,1346,48959,0.01
6,50311,3654,1.0,4715,1346,48965,0.01
6,50317,3655,1.0,4716,1346,48971,0.01
6,50323,3656,1.0,4717,1346,48977,0.01
6,50329,3657,1.0,4718,1346,48983,0.01
6,50335,3658,1.0,4719,1346,48989,0.01
6,50341,3659,1.0,4720,1346,48995,0.01
6,50347,3660,1.0,4721,1346,49001,0.01
6,50353,3661,1.0,4722,1346,49007,0.01
6,50359,3662,1.0,4723,1346,49013,0.01
8,50367,3663,1.0,4724,1347,49020,0.01
6,50373,3664,1.0,4725,1347,49026,0.01
6,50379,3665,1.0,4726,1347,49032,0.01
6,50385,3666,1.0,4727,1348,49037,0.01
6,50391,3667,1.0,4728,1348,49043,0.01
6,50397,3668,1.0,4729,1348,49049,0.01
6,50403,3669,1.0,4730,1348,49055,0.01
6,50409,3670,1.0,4731,1348,49061,0.01
6,50415,3671,1.0,4732,1348,49067,0.01
37,50452,3671,0.0,4733,1349,49103,0.01
24,50476,3671,0.0,4734,1349,49127,0.01
21,50497,3671,0.0,4735,1349,49148,0.01
13,50510,3671,0.0,4736,1349,49161,0.01
13,50523,3671,0.0,4737,1349,49174,0.01
13,50536,3671,0.0,4738,1349,49187,0.01
24,50560,3671,0.0,4739,1349,49211,0.01
19,50579,3672,1.0,4740,1349,49230,0.01
13,50592,3672,0.0,4741,1349,49243,0.01
24,50616,3672,0.0,4742,1350,49266,0.01
15,50631,3672,0.0,4743,1350,49281,0.01
10,50641,3672,0.0,4744,1350,49291,0.01
10,50651,3672,0.0,4745,1350,49301,0.01
15,50666,3672,0.0,4746,1350,49316,0.01
21,50687,3672,0.0,4747,1351,49336,0.01
21,50708,3672,0.0,4748,1351,49357,0.01
24,50732,3672,0.0,4749,1351,49381,0.01
31,50763,3672,0.0,4750,1352,49411,0.01
56,50819,3672,0.0,4751,1352,49467,0.01
16,50835,3672,0.0,4752,1352,49483,0.01
6,50841,3672,0.0,4753,1352,49489,0.01
8,50849,3673,1.0,4754,1352,49497,0.01
6,50855,3674,1.0,4755,1352,49503,0.01
6,50861,3675,1.0,4756,1352,49509,0.01
6,50867,3676,1.0,4757,1352,49515,0.01
6,50873,3677,1.0,4758,1352,49521,0.01
3,50876,3677,0.0,4759,1353,49523,0.01
6,50882,3678,1.0,4760,1353,49529,0.01
6,50888,3679,1.0,4761,1353,49535,0.01
6,50894,3680,1.0,4762,1353,49541,0.01
6,50900,3681,1.0,4763,1353,49547,0.01
6,50906,3682,1.0,4764,1353,49553,0.01
6,50912,3683,1.0,4765,1353,49559,0.01
6,50918,3684,1.0,4766,1353,49565,0.01
6,50924,3685,1.0,4767,1353,49571,0.01
6,50930,3686,1.0,4768,1353,49577,0.01
6,50936,3687,1.0,4769,1353,49583,0.01
6,50942,3688,1.0,4770,1353,49589,0.01
6,50948,3689,1.0,4771,1353,49595,0.01
6,50954,3690,1.0,4772,1353,49601,0.01
6,50960,3691,1.0,4773,1353,49607,0.01
6,50966,3692,1.0,4774,1353,49613,0.01
6,50972,3693,1.0,4775,1353,49619,0.01
6,50978,3694,1.0,4776,1353,49625,0.01
6,50984,3695,1.0,4777,1353,49631,0.01
6,50990,3696,1.0,4778,1353,49637,0.01
6,50996,3697,1.0,4779,1353,49643,0.01
6,51002,3698,1.0,4780,1353,49649,0.01
6,51008,3699,1.0,4781,1353,49655,0.01
6,51014,3700,1.0,4782,1353,49661,0.01
6,51020,3701,1.0,4783,1354,49666,0.01
6,51026,3702,1.0,4784,1354,49672,0.01
6,51032,3703,1.0,4785,1354,49678,0.01
6,51038,3704,1.0,4786,1354,49684,0.01
6,51044,3705,1.0,4787,1354,49690,0.01
6,51050,3706,1.0,4788,1354,49696,0.01
6,51056,3707,1.0,4789,1354,49702,0.01
6,51062,3708,1.0,4790,1354,49708,0.01
6,51068,3709,1.0,4791,1354,49714,0.01
6,51074,3710,1.0,4792,1354,49720,0.01
6,51080,3711,1.0,4793,1354,49726,0.01
6,51086,3712,1.0,4794,1354,49732,0.01
6,51092,3713,1.0,4795,1354,49738,0.01
6,51098,3714,1.0,4796,1354,49744,0.01
6,51104,3715,1.0,4797,1354,49750,0.01
6,51110,3716,1.0,4798,1354,49756,0.01
6,51116,3717,1.0,4799,1354,49762,0.01
6,51122,3718,1.0,4800,1354,49768,0.01
6,51128,3719,1.0,4801,1354,49774,0.01
6,51134,3720,1.0,4802,1354,49780,0.01
6,51140,3721,1.0,4803,1354,49786,0.01
6,51146,3722,1.0,4804,1354,49792,0.01
6,51152,3723,1.0,4805,1354,49798,0.01
6,51158,3724,1.0,4806,1354,49804,0.01
2,51160,3724,0.0,4807,1355,49805,0.01
6,51166,3725,1.0,4808,1355,49811,0.01
6,51172,3726,1.0,4809,1355,49817,0.01
6,51178,3727,1.0,4810,1355,49823,0.01
6,51184,3728,1.0,4811,1355,49829,0.01
6,51190,3729,1.0,4812,1355,49835,0.01
6,51196,3730,1.0,4813,1355,49841,0.01
7,51203,3730,0.0,4814,1356,49847,0.01
6,51209,3731,1.0,4815,1356,49853,0.01
6,51215,3732,1.0,4816,1356,49859,0.01
6,51221,3733,1.0,4817,1356,49865,0.01
6,51227,3734,1.0,4818,1356,49871,0.01
34,51261,3734,0.0,4819,1358,49903,0.01
15,51276,3734,0.0,4820,1358,49918,0.01
10,51286,3734,0.0,4821,1358,49928,0.01
10,51296,3734,0.0,4822,1358,49938,0.01
6,51302,3735,1.0,4823,1358,49944,0.01
15,51317,3735,0.0,4824,1358,49959,0.01
13,51330,3735,0.0,4825,1358,49972,0.01
13,51343,3735,0.0,4826,1358,49985,0.01
13,51356,3735,0.0,4827,1358,49998,0.01
14,51370,3735,0.0,4828,1358,50012,0.01
15,51385,3735,0.0,4829,1358,50027,0.01
19,51404,3736,1.0,4830,1358,50046,0.01
18,51422,3736,0.0,4831,1358,50064,0.01
25,51447,3737,1.0,4832,1359,50088,0.01
6,51453,3737,0.0,4833,1359,50094,0.01
9,51462,3737,0.0,4834,1359,50103,0.01
19,51481,3737,0.0,4835,1359,50122,0.01
22,51503,3737,0.0,4836,1360,50143,0.01
24,51527,3737,0.0,4837,1360,50167,0.01
26,51553,3737,0.0,4838,1360,50193,0.01
15,51568,3737,0.0,4839,1360,50208,0.01
13,51581,3737,0.0,4840,1360,50221,0.01
13,51594,3737,0.0,4841,1360,50234,0.01
13,51607,3737,0.0,4842,1360,50247,0.01
43,51650,3737,0.0,4843,1361,50289,0.01
19,51669,3737,0.0,4844,1361,50308,0.01
67,51736,3737,0.0,4845,1361,50375,0.01
20,51756,3738,1.0,4846,1361,50395,0.01
4,51760,3738,0.0,4847,1361,50399,0.01
6,51766,3738,0.0,4848,1361,50405,0.01
9,51775,3738,0.0,4849,1361,50414,0.01
26,51801,3738,0.0,4850,1362,50439,0.01
18,51819,3739,1.0,4851,1362,50457,0.01
8,51827,3739,0.0,4852,1362,50465,0.01
8,51835,3739,0.0,4853,1362,50473,0.01
8,51843,3739,0.0,4854,1362,50481,0.01
20,51863,3740,1.0,4855,1362,50501,0.01
20,51883,3741,1.0,4856,1363,50520,0.01
20,51903,3742,1.0,4857,1363,50540,0.01
20,51923,3743,1.0,4858,1363,50560,0.01
16,51939,3743,0.0,4859,1364,50575,0.01
23,51962,3743,0.0,4860,1364,50598,0.01
15,51977,3744,1.0,4861,1364,50613,0.01
20,51997,3745,1.0,4862,1364,50633,0.01
20,52017,3746,1.0,4863,1364,50653,0.01
20,52037,3747,1.0,4864,1364,50673,0.01
20,52057,3748,1.0,4865,1364,50693,0.01
20,52077,3749,1.0,4866,1364,50713,0.01
20,52097,3750,1.0,4867,1364,50733,0.01
20,52117,3751,1.0,4868,1364,50753,0.01
20,52137,3752,1.0,4869,1364,50773,0.01
20,52157,3753,1.0,4870,1364,50793,0.01
20,52177,3754,1.0,4871,1365,50812,0.01
20,52197,3755,1.0,4872,1365,50832,0.01
20,52217,3756,1.0,4873,1365,50852,0.01
20,52237,3757,1.0,4874,1365,50872,0.01
20,52257,3758,1.0,4875,1365,50892,0.01
20,52277,3759,1.0,4876,1365,50912,0.01
20,52297,3760,1.0,4877,1365,50932,0.01
20,52317,3761,1.0,4878,1365,50952,0.01
20,52337,3762,1.0,4879,1365,50972,0.01
20,52357,3763,1.0,4880,1365,50992,0.01
20,52377,3764,1.0,4881,1365,51012,0.01
20,52397,3765,1.0,4882,1365,51032,0.01
20,52417,3766,1.0,4883,1366,51051,0.01
20,52437,3767,1.0,4884,1366,51071,0.01
20,52457,3768,1.0,4885,1367,51090,0.01
20,52477,3769,1.0,4886,1367,51110,0.01
20,52497,3770,1.0,4887,1367,51130,0.01
20,52517,3771,1.0,4888,1368,51149,0.01
20,52537,3772,1.0,4889,1368,51169,0.01
20,52557,3773,1.0,4890,1368,51189,0.01
29,52586,3773,0.0,4891,1368,51218,0.01
20,52606,3774,1.0,4892,1368,51238,0.01
18,52624,3775,1.0,4893,1368,51256,0.01
18,52642,3776,1.0,4894,1369,51273,0.01
4,52646,3776,0.0,4895,1369,51277,0.01
20,52666,3777,1.0,4896,1369,51297,0.01
29,52695,3777,0.0,4897,1370,51325,0.01
20,52715,3778,1.0,4898,1370,51345,0.01
20,52735,3779,1.0,4899,1371,51364,0.01
20,52755,3780,1.0,4900,1371,51384,0.01
4,52759,3780,0.0,4901,1371,51388,0.01
20,52779,3781,1.0,4902,1371,51408,0.01
20,52799,3782,1.0,4903,1371,51428,0.01
30,52829,3782,0.0,4904,1372,51457,0.01
4,52833,3782,0.0,4905,1372,51461,0.01
23,52856,3782,0.0,4906,1372,51484,0.01
6,52862,3782,0.0,4907,1372,51490,0.01
6,52868,3782,0.0,4908,1372,51496,0.01
6,52874,3782,0.0,4909,1372,51502,0.01
6,52880,3782,0.0,4910,1372,51508,0.01
6,52886,3782,0.0,4911,1372,51514,0.01
6,52892,3782,0.0,4912,1372,51520,0.01
6,52898,3782,0.0,4913,1372,51526,0.01
11,52909,3782,0.0,4914,1372,51537,0.01
43,52952,3783,1.0,4915,1373,51579,0.01
6,52958,3784,1.0,4916,1373,51585,0.01
6,52964,3785,1.0,4917,1373,51591,0.01
6,52970,3786,1.0,4918,1373,51597,0.01
6,52976,3787,1.0,4919,1373,51603,0.01
6,52982,3788,1.0,4920,1373,51609,0.01
6,52988,3789,1.0,4921,1373,51615,0.01
6,52994,3790,1.0,4922,1373,51621,0.01
6,53000,3791,1.0,4923,1373,51627,0.01
6,53006,3792,1.0,4924,1373,51633,0.01
6,53012,3793,1.0,4925,1373,51639,0.01
6,53018,3794,1.0,4926,1373,51645,0.01
6,53024,3795,1.0,4927,1373,51651,0.01
6,53030,3796,1.0,4928,1373,51657,0.01
6,53036,3797,1.0,4929,1373,51663,0.01
6,53042,3798,1.0,4930,1373,51669,0.01
6,53048,3799,1.0,4931,1373,51675,0.01
6,53054,3800,1.0,4932,1373,51681,0.01
6,53060,3801,1.0,4933,1373,51687,0.01
6,53066,3802,1.0,4934,1373,51693,0.01
6,53072,3803,1.0,4935,1373,51699,0.01
6,53078,3804,1.0,4936,1373,51705,0.01
6,53084,3805,1.0,4937,1373,51711,0.01
6,53090,3806,1.0,4938,1373,51717,0.01
6,53096,3807,1.0,4939,1373,51723,0.01
6,53102,3808,1.0,4940,1373,51729,0.01
6,53108,3809,1.0,4941,1373,51735,0.01
6,53114,3810,1.0,4942,1373,51741,0.01
6,53120,3811,1.0,4943,1373,51747,0.01
6,53126,3812,1.0,4944,1373,51753,0.01
6,53132,3813,1.0,4945,1373,51759,0.01
6,53138,3814,1.0,4946,1373,51765,0.01
6,53144,3815,1.0,4947,1373,51771,0.01
6,53150,3816,1.0,4948,1373,51777,0.01
6,53156,3817,1.0,4949,1373,51783,0.01
6,53162,3818,1.0,4950,1373,51789,0.01
6,53168,3819,1.0,4951,1373,51795,0.01
6,53174,3820,1.0,4952,1373,51801,0.01
6,53180,3821,1.0,4953,1373,51807,0.01
6,53186,3822,1.0,4954,1373,51813,0.01
6,53192,3823,1.0,4955,1373,51819,0.01
6,53198,3824,1.0,4956,1373,51825,0.01
6,53204,3825,1.0,4957,1373,51831,0.01
6,53210,3826,1.0,4958,1373,51837,0.01
6,53216,3827,1.0,4959,1373,51843,0.01
6,53222,3828,1.0,4960,1373,51849,0.01
6,53228,3829,1.0,4961,1373,51855,0.01
6,53234,3830,1.0,4962,1373,51861,0.01
6,53240,3831,1.0,4963,1373,51867,0.01
6,53246,3832,1.0,4964,1373,51873,0.01
6,53252,3833,1.0,4965,1373,51879,0.01
6,53258,3834,1.0,4966,1373,51885,0.01
6,53264,3835,1.0,4967,1373,51891,0.01
6,53270,3836,1.0,4968,1373,51897,0.01
6,53276,3837,1.0,4969,1373,51903,0.01
6,53282,3838,1.0,4970,1373,51909,0.01
12,53294,3839,1.0,4971,1374,51920,0.01
7,53301,3840,1.0,4972,1374,51927,0.01
7,53308,3841,1.0,4973,1374,51934,0.01
7,53315,3842,1.0,4974,1374,51941,0.01
7,53322,3843,1.0,4975,1374,51948,0.01
7,53329,3844,1.0,4976,1374,51955,0.01
26,53355,3845,1.0,4977,1375,51980,0.01
7,53362,3846,1.0,4978,1375,51987,0.01
7,53369,3847,1.0,4979,1375,51994,0.01
7,53376,3848,1.0,4980,1375,52001,0.01
7,53383,3849,1.0,4981,1375,52008,0.01
7,53390,3850,1.0,4982,1375,52015,0.01
7,53397,3851,1.0,4983,1375,52022,0.01
7,53404,3852,1.0,4984,1375,52029,0.01
7,53411,3853,1.0,4985,1375,52036,0.01
7,53418,3854,1.0,4986,1375,52043,0.01
6,53424,3854,0.0,4987,1376,52048,0.01
7,53431,3855,1.0,4988,1376,52055,0.01
7,53438,3856,1.0,4989,1376,52062,0.01
7,53445,3857,1.0,4990,1376,52069,0.01
7,53452,3858,1.0,4991,1376,52076,0.01
7,53459,3859,1.0,4992,1376,52083,0.01
7,53466,3860,1.0,4993,1376,52090,0.01
7,53473,3861,1.0,4994,1376,52097,0.01
7,53480,3862,1.0,4995,1376,52104,0.01
7,53487,3863,1.0,4996,1376,52111,0.01
7,53494,3864,1.0,4997,1376,52118,0.01
7,53501,3865,1.0,4998,1377,52124,0.01
7,53508,3866,1.0,4999,1377,52131,0.01
7,53515,3867,1.0,5000,1377,52138,0.01
7,53522,3868,1.0,5001,1377,52145,0.01
7,53529,3869,1.0,5002,1377,52152,0.01
7,53536,3870,1.0,5003,1377,52159,0.01
7,53543,3871,1.0,5004,1377,52166,0.01
7,53550,3872,1.0,5005,1377,52173,0.01
7,53557,3873,1.0,5006,1377,52180,0.01
7,53564,3874,1.0,5007,1377,52187,0.01
7,53571,3875,1.0,5008,1377,52194,0.01
7,53578,3876,1.0,5009,1377,52201,0.01
7,53585,3877,1.0,5010,1377,52208,0.01
47,53632,3877,0.0,5011,1378,52254,0.01
26,53658,3878,1.0,5012,1378,52280,0.01
7,53665,3879,1.0,5013,1379,52286,0.01
7,53672,3880,1.0,5014,1379,52293,0.01
7,53679,3881,1.0,5015,1379,52300,0.01
7,53686,3882,1.0,5016,1379,52307,0.01
7,53693,3883,1.0,5017,1379,52314,0.01
7,53700,3884,1.0,5018,1379,52321,0.01
7,53707,3885,1.0,5019,1379,52328,0.01
7,53714,3886,1.0,5020,1380,52334,0.01
7,53721,3887,1.0,5021,1380,52341,0.01
7,53728,3888,1.0,5022,1380,52348,0.01
7,53735,3889,1.0,5023,1380,52355,0.01
7,53742,3890,1.0,5024,1380,52362,0.01
7,53749,3891,1.0,5025,1380,52369,0.01
7,53756,3892,1.0,5026,1380,52376,0.01
7,53763,3893,1.0,5027,1380,52383,0.01
7,53770,3894,1.0,5028,1380,52390,0.01
14,53784,3894,0.0,5029,1381,52403,0.01
7,53791,3895,1.0,5030,1381,52410,0.01
7,53798,3896,1.0,5031,1381,52417,0.01
26,53824,3897,1.0,5032,1383,52441,0.01
7,53831,3898,1.0,5033,1383,52448,0.01
7,53838,3899,1.0,5034,1383,52455,0.01
7,53845,3900,1.0,5035,1383,52462,0.01
7,53852,3901,1.0,5036,1383,52469,0.01
7,53859,3902,1.0,5037,1383,52476,0.01
7,53866,3903,1.0,5038,1383,52483,0.01
7,53873,3904,1.0,5039,1383,52490,0.01
7,53880,3905,1.0,5040,1383,52497,0.01
7,53887,3906,1.0,5041,1383,52504,0.01
4,53891,3906,0.0,5042,1384,52507,0.01
7,53898,3907,1.0,5043,1385,52513,0.01
7,53905,3908,1.0,5044,1385,52520,0.01
7,53912,3909,1.0,5045,1385,52527,0.01
7,53919,3910,1.0,5046,1385,52534,0.01
7,53926,3911,1.0,5047,1385,52541,0.01
7,53933,3912,1.0,5048,1386,52547,0.01
7,53940,3913,1.0,5049,1386,52554,0.01
7,53947,3914,1.0,5050,1386,52561,0.01
7,53954,3915,1.0,5051,1386,52568,0.01
7,53961,3916,1.0,5052,1386,52575,0.01
7,53968,3917,1.0,5053,1386,52582,0.01
7,53975,3918,1.0,5054,1386,52589,0.01
7,53982,3919,1.0,5055,1386,52596,0.01
7,53989,3920,1.0,5056,1386,52603,0.01
7,53996,3921,1.0,5057,1386,52610,0.01
7,54003,3922,1.0,5058,1386,52617,0.01
7,54010,3923,1.0,5059,1386,52624,0.01
7,54017,3924,1.0,5060,1386,52631,0.01
7,54024,3925,1.0,5061,1386,52638,0.01
7,54031,3926,1.0,5062,1386,52645,0.01
7,54038,3927,1.0,5063,1386,52652,0.01
7,54045,3928,1.0,5064,1386,52659,0.01
7,54052,3929,1.0,5065,1386,52666,0.01
7,54059,3930,1.0,5066,1386,52673,0.01
7,54066,3931,1.0,5067,1386,52680,0.01
7,54073,3932,1.0,5068,1386,52687,0.01
7,54080,3933,1.0,5069,1386,52694,0.01
7,54087,3934,1.0,5070,1386,52701,0.01
7,54094,3935,1.0,5071,1386,52708,0.01
7,54101,3936,1.0,5072,1386,52715,0.01
7,54108,3937,1.0,5073,1386,52722,0.01
7,54115,3938,1.0,5074,1386,52729,0.01
7,54122,3939,1.0,5075,1386,52736,0.01
7,54129,3940,1.0,5076,1386,52743,0.01
7,54136,3941,1.0,5077,1386,52750,0.01
7,54143,3942,1.0,5078,1386,52757,0.01
7,54150,3943,1.0,5079,1386,52764,0.01
7,54157,3944,1.0,5080,1386,52771,0.01
7,54164,3945,1.0,5081,1386,52778,0.01
7,54171,3946,1.0,5082,1386,52785,0.01
7,54178,3947,1.0,5083,1386,52792,0.01
7,54185,3948,1.0,5084,1386,52799,0.01
7,54192,3949,1.0,5085,1386,52806,0.01
7,54199,3950,1.0,5086,1386,52813,0.01
7,54206,3951,1.0,5087,1386,52820,0.01
7,54213,3952,1.0,5088,1386,52827,0.01
7,54220,3953,1.0,5089,1386,52834,0.01
7,54227,3954,1.0,5090,1386,52841,0.01
7,54234,3955,1.0,5091,1386,52848,0.01
7,54241,3956,1.0,5092,1386,52855,0.01
7,54248,3957,1.0,5093,1386,52862,0.01
7,54255,3958,1.0,5094,1386,52869,0.01
47,54302,3958,0.0,5095,1388,52914,0.01
7,54309,3959,1.0,5096,1389,52920,0.01
16,54325,3959,0.0,5097,1389,52936,0.01
6,54331,3959,0.0,5098,1390,52941,0.01
7,54338,3960,1.0,5099,1390,52948,0.01
7,54345,3961,1.0,5100,1390,52955,0.01
7,54352,3962,1.0,5101,1390,52962,0.01
7,54359,3963,1.0,5102,1390,52969,0.01
7,54366,3964,1.0,5103,1390,52976,0.01
7,54373,3965,1.0,5104,1390,52983,0.01
7,54380,3966,1.0,5105,1390,52990,0.01
7,54387,3967,1.0,5106,1390,52997,0.01
7,54394,3968,1.0,5107,1390,53004,0.01
7,54401,3969,1.0,5108,1390,53011,0.01
7,54408,3970,1.0,5109,1390,53018,0.01
7,54415,3971,1.0,5110,1390,53025,0.01
7,54422,3972,1.0,5111,1390,53032,0.01
7,54429,3973,1.0,5112,1390,53039,0.01
7,54436,3974,1.0,5113,1390,53046,0.01
7,54443,3975,1.0,5114,1390,53053,0.01
7,54450,3976,1.0,5115,1390,53060,0.01
7,54457,3977,1.0,5116,1390,53067,0.01
26,54483,3978,1.0,5117,1391,53092,0.01
27,54510,3978,0.0,5118,1391,53119,0.01
24,54534,3978,0.0,5119,1391,53143,0.01
10,54544,3978,0.0,5120,1391,53153,0.01
9,54553,3978,0.0,5121,1391,53162,0.01
15,54568,3978,0.0,5122,1391,53177,0.01
6,54574,3978,0.0,5123,1391,53183,0.01
7,54581,3979,1.0,5124,1391,53190,0.01
7,54588,3980,1.0,5125,1391,53197,0.01
7,54595,3981,1.0,5126,1391,53204,0.01
7,54602,3982,1.0,5127,1391,53211,0.01
7,54609,3983,1.0,5128,1391,53218,0.01
7,54616,3984,1.0,5129,1391,53225,0.01
7,54623,3985,1.0,5130,1391,53232,0.01
7,54630,3986,1.0,5131,1391,53239,0.01
7,54637,3987,1.0,5132,1391,53246,0.01
7,54644,3988,1.0,5133,1391,53253,0.01
7,54651,3989,1.0,5134,1391,53260,0.01
7,54658,3990,1.0,5135,1392,53266,0.01
7,54665,3991,1.0,5136,1392,53273,0.01
7,54672,3992,1.0,5137,1392,53280,0.01
7,54679,3993,1.0,5138,1392,53287,0.01
7,54686,3994,1.0,5139,1392,53294,0.01
7,54693,3995,1.0,5140,1392,53301,0.01
7,54700,3996,1.0,5141,1392,53308,0.01
7,54707,3997,1.0,5142,1392,53315,0.01
7,54714,3998,1.0,5143,1392,53322,0.01
7,54721,3999,1.0,5144,1392,53329,0.01
7,54728,4000,1.0,5145,1392,53336,0.01
7,54735,4001,1.0,5146,1392,53343,0.01
7,54742,4002,1.0,5147,1392,53350,0.01
7,54749,4003,1.0,5148,1392,53357,0.01
7,54756,4004,1.0,5149,1392,53364,0.01
7,54763,4005,1.0,5150,1392,53371,0.01
7,54770,4006,1.0,5151,1392,53378,0.01
7,54777,4007,1.0,5152,1392,53385,0.01
7,54784,4008,1.0,5153,1392,53392,0.01
7,54791,4009,1.0,5154,1392,53399,0.01
7,54798,4010,1.0,5155,1392,53406,0.01
7,54805,4011,1.0,5156,1393,53412,0.01
7,54812,4012,1.0,5157,1393,53419,0.01
9,54821,4013,1.0,5158,1394,53427,0.01
7,54828,4014,1.0,5159,1394,53434,0.01
7,54835,4015,1.0,5160,1394,53441,0.01
7,54842,4016,1.0,5161,1394,53448,0.01
7,54849,4017,1.0,5162,1394,53455,0.01
7,54856,4018,1.0,5163,1394,53462,0.01
7,54863,4019,1.0,5164,1394,53469,0.01
7,54870,4020,1.0,5165,1394,53476,0.01
7,54877,4021,1.0,5166,1395,53482,0.01
7,54884,4022,1.0,5167,1395,53489,0.01
7,54891,4023,1.0,5168,1395,53496,0.01
7,54898,4024,1.0,5169,1395,53503,0.01
7,54905,4025,1.0,5170,1395,53510,0.01
7,54912,4026,1.0,5171,1395,53517,0.01
7,54919,4027,1.0,5172,1395,53524,0.01
7,54926,4028,1.0,5173,1395,53531,0.01
7,54933,4029,1.0,5174,1395,53538,0.01
7,54940,4030,1.0,5175,1395,53545,0.01
54,54994,4030,0.0,5176,1397,53597,0.01
7,55001,4031,1.0,5177,1397,53604,0.01
7,55008,4032,1.0,5178,1397,53611,0.01
7,55015,4033,1.0,5179,1397,53618,0.01
7,55022,4034,1.0,5180,1397,53625,0.01
7,55029,4035,1.0,5181,1397,53632,0.01
7,55036,4036,1.0,5182,1397,53639,0.01
7,55043,4037,1.0,5183,1397,53646,0.01
7,55050,4038,1.0,5184,1397,53653,0.01
7,55057,4039,1.0,5185,1397,53660,0.01
7,55064,4040,1.0,5186,1397,53667,0.01
7,55071,4041,1.0,5187,1397,53674,0.01
7,55078,4042,1.0,5188,1397,53681,0.01
7,55085,4043,1.0,5189,1397,53688,0.01
5,55090,4043,0.0,5190,1398,53692,0.01
7,55097,4044,1.0,5191,1398,53699,0.01
7,55104,4045,1.0,5192,1398,53706,0.01
7,55111,4046,1.0,5193,1398,53713,0.01
7,55118,4047,1.0,5194,1398,53720,0.01
7,55125,4048,1.0,5195,1398,53727,0.01
7,55132,4049,1.0,5196,1398,53734,0.01
7,55139,4050,1.0,5197,1398,53741,0.01
7,55146,4051,1.0,5198,1398,53748,0.01
7,55153,4052,1.0,5199,1398,53755,0.01
7,55160,4053,1.0,5200,1398,53762,0.01
7,55167,4054,1.0,5201,1398,53769,0.01
7,55174,4055,1.0,5202,1398,53776,0.01
7,55181,4056,1.0,5203,1398,53783,0.01
7,55188,4057,1.0,5204,1398,53790,0.01
7,55195,4058,1.0,5205,1398,53797,0.01
7,55202,4059,1.0,5206,1398,53804,0.01
7,55209,4060,1.0,5207,1398,53811,0.01
7,55216,4061,1.0,5208,1398,53818,0.01
7,55223,4062,1.0,5209,1398,53825,0.01
7,55230,4063,1.0,5210,1398,53832,0.01
7,55237,4064,1.0,5211,1398,53839,0.01
7,55244,4065,1.0,5212,1398,53846,0.01
7,55251,4066,1.0,5213,1398,53853,0.01
7,55258,4067,1.0,5214,1398,53860,0.01
7,55265,4068,1.0,5215,1398,53867,0.01
7,55272,4069,1.0,5216,1398,53874,0.01
7,55279,4070,1.0,5217,1398,53881,0.01
7,55286,4071,1.0,5218,1398,53888,0.01
7,55293,4072,1.0,5219,1398,53895,0.01
7,55300,4073,1.0,5220,1398,53902,0.01
7,55307,4074,1.0,5221,1398,53909,0.01
7,55314,4075,1.0,5222,1398,53916,0.01
7,55321,4076,1.0,5223,1398,53923,0.01
54,55375,4076,0.0,5224,1399,53976,0.01
6,55381,4076,0.0,5225,1399,53982,0.01
7,55388,4077,1.0,5226,1399,53989,0.01
7,55395,4078,1.0,5227,1399,53996,0.01
7,55402,4079,1.0,5228,1399,54003,0.01
22,55424,4080,1.0,5229,1399,54025,0.01
6,55430,4080,0.0,5230,1399,54031,0.01
6,55436,4080,0.0,5231,1399,54037,0.01
6,55442,4080,0.0,5232,1399,54043,0.01
6,55448,4080,0.0,5233,1399,54049,0.01
7,55455,4081,1.0,5234,1399,54056,0.01
7,55462,4082,1.0,5235,1399,54063,0.01
10,55472,4082,0.0,5236,1399,54073,0.01
15,55487,4082,0.0,5237,1399,54088,0.01
15,55502,4082,0.0,5238,1400,54102,0.01
37,55539,4082,0.0,5239,1401,54138,0.01
19,55558,4082,0.0,5240,1401,54157,0.01
15,55573,4082,0.0,5241,1401,54172,0.01
7,55580,4083,1.0,5242,1401,54179,0.01
47,55627,4083,0.0,5243,1401,54226,0.01
10,55637,4083,0.0,5244,1401,54236,0.01
17,55654,4083,0.0,5245,1403,54251,0.01
7,55661,4083,0.0,5246,1403,54258,0.01
25,55686,4083,0.0,5247,1403,54283,0.01
7,55693,4084,1.0,5248,1403,54290,0.01
7,55700,4085,1.0,5249,1403,54297,0.01
7,55707,4086,1.0,5250,1403,54304,0.01
7,55714,4087,1.0,5251,1403,54311,0.01
9,55723,4088,1.0,5252,1404,54319,0.01
7,55730,4089,1.0,5253,1404,54326,0.01
7,55737,4090,1.0,5254,1404,54333,0.01
7,55744,4091,1.0,5255,1404,54340,0.01
7,55751,4092,1.0,5256,1404,54347,0.01
7,55758,4093,1.0,5257,1404,54354,0.01
7,55765,4094,1.0,5258,1404,54361,0.01
7,55772,4095,1.0,5259,1404,54368,0.01
7,55779,4096,1.0,5260,1404,54375,0.01
7,55786,4097,1.0,5261,1404,54382,0.01
7,55793,4098,1.0,5262,1404,54389,0.01
7,55800,4099,1.0,5263,1404,54396,0.01
7,55807,4100,1.0,5264,1404,54403,0.01
7,55814,4101,1.0,5265,1405,54409,0.01
7,55821,4102,1.0,5266,1405,54416,0.01
7,55828,4103,1.0,5267,1405,54423,0.01
7,55835,4104,1.0,5268,1405,54430,0.01
7,55842,4105,1.0,5269,1405,54437,0.01
7,55849,4106,1.0,5270,1405,54444,0.01
7,55856,4107,1.0,5271,1405,54451,0.01
6,55862,4108,1.0,5272,1406,54456,0.01
54,55916,4108,0.0,5273,1406,54510,0.01
6,55922,4109,1.0,5274,1406,54516,0.01
6,55928,4110,1.0,5275,1406,54522,0.01
6,55934,4111,1.0,5276,1406,54528,0.01
6,55940,4112,1.0,5277,1406,54534,0.01
6,55946,4113,1.0,5278,1406,54540,0.01
6,55952,4114,1.0,5279,1406,54546,0.01
12,55964,4115,1.0,5280,1407,54557,0.01
7,55971,4116,1.0,5281,1407,54564,0.01
7,55978,4117,1.0,5282,1407,54571,0.01
7,55985,4118,1.0,5283,1407,54578,0.01
7,55992,4119,1.0,5284,1407,54585,0.01
7,55999,4120,1.0,5285,1407,54592,0.01
7,56006,4121,1.0,5286,1407,54599,0.01
7,56013,4122,1.0,5287,1407,54606,0.01
7,56020,4123,1.0,5288,1407,54613,0.01
54,56074,4123,0.0,5289,1408,54666,0.01
7,56081,4124,1.0,5290,1408,54673,0.01
7,56088,4125,1.0,5291,1408,54680,0.01
7,56095,4126,1.0,5292,1408,54687,0.01
7,56102,4127,1.0,5293,1408,54694,0.01
7,56109,4128,1.0,5294,1408,54701,0.01
7,56116,4129,1.0,5295,1409,54707,0.01
7,56123,4130,1.0,5296,1409,54714,0.01
7,56130,4131,1.0,5297,1409,54721,0.01
7,56137,4132,1.0,5298,1409,54728,0.01
7,56144,4133,1.0,5299,1409,54735,0.01
7,56151,4134,1.0,5300,1409,54742,0.01
4,56155,4134,0.0,5301,1410,54745,0.01
7,56162,4135,1.0,5302,1410,54752,0.01
7,56169,4136,1.0,5303,1410,54759,0.01
7,56176,4137,1.0,5304,1410,54766,0.01
7,56183,4138,1.0,5305,1410,54773,0.01
7,56190,4139,1.0,5306,1410,54780,0.01
7,56197,4140,1.0,5307,1410,54787,0.01
7,56204,4141,1.0,5308,1410,54794,0.01
7,56211,4142,1.0,5309,1410,54801,0.01
7,56218,4143,1.0,5310,1410,54808,0.01
7,56225,4144,1.0,5311,1410,54815,0.01
7,56232,4145,1.0,5312,1410,54822,0.01
7,56239,4146,1.0,5313,1410,54829,0.01
7,56246,4147,1.0,5314,1410,54836,0.01
7,56253,4148,1.0,5315,1410,54843,0.01
7,56260,4149,1.0,5316,1410,54850,0.01
7,56267,4150,1.0,5317,1410,54857,0.01
7,56274,4151,1.0,5318,1410,54864,0.01
7,56281,4152,1.0,5319,1410,54871,0.01
7,56288,4153,1.0,5320,1410,54878,0.01
7,56295,4154,1.0,5321,1410,54885,0.01
7,56302,4155,1.0,5322,1410,54892,0.01
7,56309,4156,1.0,5323,1410,54899,0.01
7,56316,4157,1.0,5324,1410,54906,0.01
7,56323,4158,1.0,5325,1410,54913,0.01
7,56330,4159,1.0,5326,1410,54920,0.01
7,56337,4160,1.0,5327,1410,54927,0.01
7,56344,4161,1.0,5328,1410,54934,0.01
7,56351,4162,1.0,5329,1410,54941,0.01
7,56358,4163,1.0,5330,1410,54948,0.01
7,56365,4164,1.0,5331,1410,54955,0.01
54,56419,4164,0.0,5332,1411,55008,0.01
7,56426,4165,1.0,5333,1411,55015,0.01
7,56433,4166,1.0,5334,1411,55022,0.01
7,56440,4167,1.0,5335,1411,55029,0.01
30,56470,4167,0.0,5336,1412,55058,0.01
7,56477,4168,1.0,5337,1412,55065,0.01
47,56524,4168,0.0,5338,1412,55112,0.01
47,56571,4168,0.0,5339,1412,55159,0.01
26,56597,4169,1.0,5340,1412,55185,0.01
8,56605,4169,0.0,5341,1413,55192,0.01
10,56615,4169,0.0,5342,1413,55202,0.01
15,56630,4169,0.0,5343,1413,55217,0.01
7,56637,4169,0.0,5344,1413,55224,0.01
15,56652,4169,0.0,5345,1413,55239,0.01
15,56667,4169,0.0,5346,1413,55254,0.01
7,56674,4170,1.0,5347,1413,55261,0.01
4,56678,4170,0.0,5348,1414,55264,0.01
7,56685,4171,1.0,5349,1414,55271,0.01
7,56692,4172,1.0,5350,1414,55278,0.01
7,56699,4173,1.0,5351,1414,55285,0.01
7,56706,4174,1.0,5352,1414,55292,0.01
7,56713,4175,1.0,5353,1414,55299,0.01
7,56720,4176,1.0,5354,1414,55306,0.01
7,56727,4177,1.0,5355,1414,55313,0.01
7,56734,4178,1.0,5356,1414,55320,0.01
7,56741,4179,1.0,5357,1414,55327,0.01
7,56748,4180,1.0,5358,1414,55334,0.01
7,56755,4181,1.0,5359,1414,55341,0.01
7,56762,4182,1.0,5360,1414,55348,0.01
7,56769,4183,1.0,5361,1414,55355,0.01
9,56778,4184,1.0,5362,1415,55363,0.01
7,56785,4185,1.0,5363,1415,55370,0.01
7,56792,4186,1.0,5364,1415,55377,0.01
7,56799,4187,1.0,5365,1415,55384,0.01
7,56806,4188,1.0,5366,1415,55391,0.01
7,56813,4189,1.0,5367,1415,55398,0.01
7,56820,4190,1.0,5368,1415,55405,0.01
7,56827,4191,1.0,5369,1415,55412,0.01
7,56834,4192,1.0,5370,1415,55419,0.01
7,56841,4193,1.0,5371,1415,55426,0.01
7,56848,4194,1.0,5372,1415,55433,0.01
7,56855,4195,1.0,5373,1415,55440,0.01
15,56870,4195,0.0,5374,1417,55453,0.01
7,56877,4196,1.0,5375,1417,55460,0.01
7,56884,4197,1.0,5376,1417,55467,0.01
7,56891,4198,1.0,5377,1417,55474,0.01
7,56898,4199,1.0,5378,1417,55481,0.01
7,56905,4200,1.0,5379,1417,55488,0.01
7,56912,4201,1.0,5380,1417,55495,0.01
7,56919,4202,1.0,5381,1417,55502,0.01
54,56973,4202,0.0,5382,1418,55555,0.01
7,56980,4203,1.0,5383,1418,55562,0.01
7,56987,4204,1.0,5384,1418,55569,0.01
54,57041,4204,0.0,5385,1419,55622,0.01
47,57088,4204,0.0,5386,1419,55669,0.01
47,57135,4204,0.0,5387,1419,55716,0.01
16,57151,4205,1.0,5388,1419,55732,0.01
14,57165,4206,1.0,5389,1419,55746,0.01
14,57179,4207,1.0,5390,1419,55760,0.01
14,57193,4208,1.0,5391,1419,55774,0.01
14,57207,4209,1.0,5392,1419,55788,0.01
17,57224,4209,0.0,5393,1420,55804,0.01
16,57240,4210,1.0,5394,1421,55819,0.01
14,57254,4211,1.0,5395,1421,55833,0.01
14,57268,4212,1.0,5396,1421,55847,0.01
14,57282,4213,1.0,5397,1421,55861,0.01
14,57296,4214,1.0,5398,1421,55875,0.01
14,57310,4215,1.0,5399,1421,55889,0.01
14,57324,4216,1.0,5400,1421,55903,0.01
14,57338,4217,1.0,5401,1421,55917,0.01
14,57352,4218,1.0,5402,1421,55931,0.01
14,57366,4219,1.0,5403,1422,55944,0.01
14,57380,4220,1.0,5404,1423,55957,0.01
14,57394,4221,1.0,5405,1423,55971,0.01
14,57408,4222,1.0,5406,1424,55984,0.01
14,57422,4223,1.0,5407,1424,55998,0.01
14,57436,4224,1.0,5408,1424,56012,0.01
7,57443,4224,0.0,5409,1425,56018,0.01
10,57453,4224,0.0,5410,1425,56028,0.01
10,57463,4224,0.0,5411,1425,56038,0.01
10,57473,4224,0.0,5412,1425,56048,0.01
17,57490,4224,0.0,5413,1426,56064,0.01
14,57504,4225,1.0,5414,1426,56078,0.01
14,57518,4226,1.0,5415,1426,56092,0.01
14,57532,4227,1.0,5416,1426,56106,0.01
14,57546,4228,1.0,5417,1426,56120,0.01
14,57560,4229,1.0,5418,1426,56134,0.01
14,57574,4230,1.0,5419,1426,56148,0.01
14,57588,4231,1.0,5420,1426,56162,0.01
14,57602,4232,1.0,5421,1426,56176,0.01
14,57616,4233,1.0,5422,1426,56190,0.01
16,57632,4234,1.0,5423,1427,56205,0.01
14,57646,4235,1.0,5424,1427,56219,0.01
14,57660,4236,1.0,5425,1428,56232,0.01
14,57674,4237,1.0,5426,1428,56246,0.01
14,57688,4238,1.0,5427,1428,56260,0.01
14,57702,4239,1.0,5428,1428,56274,0.01
14,57716,4240,1.0,5429,1428,56288,0.01
14,57730,4241,1.0,5430,1428,56302,0.01
14,57744,4242,1.0,5431,1428,56316,0.01
14,57758,4243,1.0,5432,1428,56330,0.01
14,57772,4244,1.0,5433,1428,56344,0.01
14,57786,4245,1.0,5434,1428,56358,0.01
14,57800,4246,1.0,5435,1429,56371,0.01
14,57814,4247,1.0,5436,1429,56385,0.01
14,57828,4248,1.0,5437,1430,56398,0.01
14,57842,4249,1.0,5438,1430,56412,0.01
14,57856,4250,1.0,5439,1430,56426,0.01
14,57870,4251,1.0,5440,1430,56440,0.01
14,57884,4252,1.0,5441,1430,56454,0.01
14,57898,4253,1.0,5442,1430,56468,0.01
14,57912,4254,1.0,5443,1430,56482,0.01
14,57926,4255,1.0,5444,1430,56496,0.01
14,57940,4256,1.0,5445,1430,56510,0.01
14,57954,4257,1.0,5446,1430,56524,0.01
14,57968,4258,1.0,5447,1430,56538,0.01
14,57982,4259,1.0,5448,1430,56552,0.01
14,57996,4260,1.0,5449,1431,56565,0.01
14,58010,4261,1.0,5450,1431,56579,0.01
14,58024,4262,1.0,5451,1431,56593,0.01
14,58038,4263,1.0,5452,1431,56607,0.01
14,58052,4264,1.0,5453,1431,56621,0.01
14,58066,4265,1.0,5454,1431,56635,0.01
14,58080,4266,1.0,5455,1431,56649,0.01
14,58094,4267,1.0,5456,1431,56663,0.01
14,58108,4268,1.0,5457,1431,56677,0.01
7,58115,4268,0.0,5458,1432,56683,0.01
14,58129,4269,1.0,5459,1432,56697,0.01
14,58143,4270,1.0,5460,1432,56711,0.01
14,58157,4271,1.0,5461,1432,56725,0.01
14,58171,4272,1.0,5462,1432,56739,0.01
14,58185,4273,1.0,5463,1432,56753,0.01
14,58199,4274,1.0,5464,1432,56767,0.01
14,58213,4275,1.0,5465,1432,56781,0.01
14,58227,4276,1.0,5466,1432,56795,0.01
14,58241,4277,1.0,5467,1432,56809,0.01
14,58255,4278,1.0,5468,1432,56823,0.01
14,58269,4279,1.0,5469,1432,56837,0.01
14,58283,4280,1.0,5470,1432,56851,0.01
14,58297,4281,1.0,5471,1432,56865,0.01
14,58311,4282,1.0,5472,1432,56879,0.01
14,58325,4283,1.0,5473,1432,56893,0.01
14,58339,4284,1.0,5474,1432,56907,0.01
14,58353,4285,1.0,5475,1432,56921,0.01
14,58367,4286,1.0,5476,1432,56935,0.01
14,58381,4287,1.0,5477,1432,56949,0.01
14,58395,4288,1.0,5478,1433,56962,0.01
14,58409,4289,1.0,5479,1433,56976,0.01
14,58423,4290,1.0,5480,1433,56990,0.01
14,58437,4291,1.0,5481,1433,57004,0.01
14,58451,4292,1.0,5482,1433,57018,0.01
14,58465,4293,1.0,5483,1433,57032,0.01
14,58479,4294,1.0,5484,1433,57046,0.01
14,58493,4295,1.0,5485,1433,57060,0.01
16,58509,4296,1.0,5486,1434,57075,0.01
14,58523,4297,1.0,5487,1434,57089,0.01
14,58537,4298,1.0,5488,1434,57103,0.01
14,58551,4299,1.0,5489,1434,57117,0.01
14,58565,4300,1.0,5490,1434,57131,0.01
14,58579,4301,1.0,5491,1434,57145,0.01
14,58593,4302,1.0,5492,1435,57158,0.01
14,58607,4303,1.0,5493,1435,57172,0.01
14,58621,4304,1.0,5494,1435,57186,0.01
14,58635,4305,1.0,5495,1435,57200,0.01
16,58651,4306,1.0,5496,1436,57215,0.01
14,58665,4307,1.0,5497,1436,57229,0.01
6,58671,4307,0.0,5498,1437,57234,0.01
14,58685,4308,1.0,5499,1438,57247,0.01
14,58699,4309,1.0,5500,1438,57261,0.01
14,58713,4310,1.0,5501,1438,57275,0.01
14,58727,4311,1.0,5502,1438,57289,0.01
14,58741,4312,1.0,5503,1438,57303,0.01
14,58755,4313,1.0,5504,1438,57317,0.01
14,58769,4314,1.0,5505,1438,57331,0.01
14,58783,4315,1.0,5506,1438,57345,0.01
14,58797,4316,1.0,5507,1438,57359,0.01
14,58811,4317,1.0,5508,1438,57373,0.01
6,58817,4317,0.0,5509,1439,57378,0.01
14,58831,4318,1.0,5510,1439,57392,0.01
23,58854,4318,0.0,5511,1440,57414,0.01
8,58862,4318,0.0,5512,1440,57422,0.01
14,58876,4319,1.0,5513,1440,57436,0.01
14,58890,4320,1.0,5514,1440,57450,0.01
14,58904,4321,1.0,5515,1440,57464,0.01
14,58918,4322,1.0,5516,1440,57478,0.01
14,58932,4323,1.0,5517,1440,57492,0.01
14,58946,4324,1.0,5518,1440,57506,0.01
14,58960,4325,1.0,5519,1440,57520,0.01
14,58974,4326,1.0,5520,1441,57533,0.01
14,58988,4327,1.0,5521,1441,57547,0.01
14,59002,4328,1.0,5522,1441,57561,0.01
14,59016,4329,1.0,5523,1441,57575,0.01
14,59030,4330,1.0,5524,1441,57589,0.01
6,59036,4330,0.0,5525,1442,57594,0.01
14,59050,4331,1.0,5526,1442,57608,0.01
14,59064,4332,1.0,5527,1442,57622,0.01
14,59078,4333,1.0,5528,1442,57636,0.01
14,59092,4334,1.0,5529,1442,57650,0.01
14,59106,4335,1.0,5530,1442,57664,0.01
14,59120,4336,1.0,5531,1442,57678,0.01
14,59134,4337,1.0,5532,1442,57692,0.01
14,59148,4338,1.0,5533,1442,57706,0.01
14,59162,4339,1.0,5534,1442,57720,0.01
14,59176,4340,1.0,5535,1443,57733,0.01
14,59190,4341,1.0,5536,1443,57747,0.01
14,59204,4342,1.0,5537,1443,57761,0.01
14,59218,4343,1.0,5538,1443,57775,0.01
14,59232,4344,1.0,5539,1443,57789,0.01
14,59246,4345,1.0,5540,1443,57803,0.01
14,59260,4346,1.0,5541,1443,57817,0.01
14,59274,4347,1.0,5542,1443,57831,0.01
14,59288,4348,1.0,5543,1443,57845,0.01
17,59305,4348,0.0,5544,1444,57861,0.01
6,59311,4348,0.0,5545,1444,57867,0.01
17,59328,4348,0.0,5546,1444,57884,0.01
14,59342,4349,1.0,5547,1444,57898,0.01
23,59365,4349,0.0,5548,1444,57921,0.01
39,59404,4349,0.0,5549,1445,57959,0.01
5,59409,4349,0.0,5550,1445,57964,0.01
6,59415,4349,0.0,5551,1445,57970,0.01
5,59420,4349,0.0,5552,1445,57975,0.01
6,59426,4349,0.0,5553,1445,57981,0.01
6,59432,4349,0.0,5554,1445,57987,0.01
47,59479,4349,0.0,5555,1445,58034,0.01
5,59484,4349,0.0,5556,1445,58039,0.01
43,59527,4349,0.0,5557,1446,58081,0.01
18,59545,4349,0.0,5558,1447,58098,0.01
12,59557,4349,0.0,5559,1447,58110,0.01
16,59573,4350,1.0,5560,1447,58126,0.01
16,59589,4351,1.0,5561,1447,58142,0.01
27,59616,4351,0.0,5562,1448,58168,0.01
14,59630,4352,1.0,5563,1448,58182,0.01
14,59644,4353,1.0,5564,1448,58196,0.01
52,59696,4354,1.0,5565,1449,58247,0.01
14,59710,4355,1.0,5566,1449,58261,0.01
5,59715,4355,0.0,5567,1449,58266,0.01
14,59729,4356,1.0,5568,1449,58280,0.01
14,59743,4357,1.0,5569,1449,58294,0.01
14,59757,4358,1.0,5570,1449,58308,0.01
14,59771,4359,1.0,5571,1449,58322,0.01
14,59785,4360,1.0,5572,1449,58336,0.01
14,59799,4361,1.0,5573,1449,58350,0.01
14,59813,4362,1.0,5574,1449,58364,0.01
14,59827,4363,1.0,5575,1449,58378,0.01
14,59841,4364,1.0,5576,1449,58392,0.01
14,59855,4365,1.0,5577,1449,58406,0.01
14,59869,4366,1.0,5578,1449,58420,0.01
14,59883,4367,1.0,5579,1449,58434,0.01
45,59928,4368,1.0,5580,1450,58478,0.01
8,59936,4368,0.0,5581,1450,58486,0.01
8,59944,4368,0.0,5582,1450,58494,0.01
8,59952,4368,0.0,5583,1450,58502,0.01
37,59989,4369,1.0,5584,1451,58538,0.01
10,59999,4369,0.0,5585,1451,58548,0.01
9,60008,4370,1.0,5586,1451,58557,0.01
9,60017,4371,1.0,5587,1451,58566,0.01
9,60026,4372,1.0,5588,1451,58575,0.01
9,60035,4373,1.0,5589,1451,58584,0.01
9,60044,4374,1.0,5590,1451,58593,0.01
38,60082,4374,0.0,5591,1454,58628,0.01
10,60092,4374,0.0,5592,1454,58638,0.01
9,60101,4375,1.0,5593,1454,58647,0.01
9,60110,4376,1.0,5594,1454,58656,0.01
10,60120,4376,0.0,5595,1455,58665,0.01
9,60129,4377,1.0,5596,1455,58674,0.01
9,60138,4378,1.0,5597,1455,58683,0.01
9,60147,4379,1.0,5598,1455,58692,0.01
9,60156,4380,1.0,5599,1455,58701,0.01
9,60165,4381,1.0,5600,1455,58710,0.01
9,60174,4382,1.0,5601,1455,58719,0.01
9,60183,4383,1.0,5602,1455,58728,0.01
9,60192,4384,1.0,5603,1455,58737,0.01
9,60201,4385,1.0,5604,1455,58746,0.01
10,60211,4385,0.0,5605,1456,58755,0.01
9,60220,4386,1.0,5606,1456,58764,0.01
6,60226,4386,0.0,5607,1457,58769,0.01
9,60235,4387,1.0,5608,1457,58778,0.01
9,60244,4388,1.0,5609,1457,58787,0.01
9,60253,4389,1.0,5610,1457,58796,0.01
9,60262,4390,1.0,5611,1457,58805,0.01
9,60271,4391,1.0,5612,1457,58814,0.01
9,60280,4392,1.0,5613,1457,58823,0.01
9,60289,4393,1.0,5614,1457,58832,0.01
9,60298,4394,1.0,5615,1457,58841,0.01
9,60307,4395,1.0,5616,1457,58850,0.01
9,60316,4396,1.0,5617,1457,58859,0.01
9,60325,4397,1.0,5618,1457,58868,0.01
9,60334,4398,1.0,5619,1457,58877,0.01
9,60343,4399,1.0,5620,1457,58886,0.01
9,60352,4400,1.0,5621,1457,58895,0.01
9,60361,4401,1.0,5622,1457,58904,0.01
9,60370,4402,1.0,5623,1457,58913,0.01
9,60379,4403,1.0,5624,1457,58922,0.01
9,60388,4404,1.0,5625,1457,58931,0.01
9,60397,4405,1.0,5626,1457,58940,0.01
9,60406,4406,1.0,5627,1457,58949,0.01
9,60415,4407,1.0,5628,1457,58958,0.01
9,60424,4408,1.0,5629,1457,58967,0.01
9,60433,4409,1.0,5630,1457,58976,0.01
9,60442,4410,1.0,5631,1457,58985,0.01
9,60451,4411,1.0,5632,1457,58994,0.01
9,60460,4412,1.0,5633,1457,59003,0.01
9,60469,4413,1.0,5634,1457,59012,0.01
9,60478,4414,1.0,5635,1457,59021,0.01
9,60487,4415,1.0,5636,1457,59030,0.01
9,60496,4416,1.0,5637,1457,59039,0.01
10,60506,4416,0.0,5638,1458,59048,0.01
9,60515,4417,1.0,5639,1458,59057,0.01
9,60524,4418,1.0,5640,1458,59066,0.01
9,60533,4419,1.0,5641,1458,59075,0.01
9,60542,4420,1.0,5642,1458,59084,0.01
9,60551,4421,1.0,5643,1458,59093,0.01
28,60579,4421,0.0,5644,1459,59120,0.01
3,60582,4421,0.0,5645,1460,59122,0.01
4,60586,4421,0.0,5646,1461,59125,0.01
10,60596,4421,0.0,5647,1461,59135,0.01
10,60606,4421,0.0,5648,1461,59145,0.01
10,60616,4421,0.0,5649,1462,59154,0.01
24,60640,4421,0.0,5650,1462,59178,0.01
25,60665,4422,1.0,5651,1462,59203,0.01
19,60684,4423,1.0,5652,1462,59222,0.01
10,60694,4423,0.0,5653,1462,59232,0.01
43,60737,4423,0.0,5654,1462,59275,0.01
19,60756,4424,1.0,5655,1462,59294,0.01
19,60775,4425,1.0,5656,1462,59313,0.01
19,60794,4426,1.0,5657,1462,59332,0.01
19,60813,4427,1.0,5658,1462,59351,0.01
19,60832,4428,1.0,5659,1462,59370,0.01
19,60851,4429,1.0,5660,1462,59389,0.01
8,60859,4429,0.0,5661,1463,59396,0.01
19,60878,4430,1.0,5662,1463,59415,0.01
19,60897,4431,1.0,5663,1463,59434,0.01
19,60916,4432,1.0,5664,1464,59452,0.01
19,60935,4433,1.0,5665,1464,59471,0.01
19,60954,4434,1.0,5666,1464,59490,0.01
19,60973,4435,1.0,5667,1464,59509,0.01
19,60992,4436,1.0,5668,1464,59528,0.01
19,61011,4437,1.0,5669,1464,59547,0.01
19,61030,4438,1.0,5670,1464,59566,0.01
19,61049,4439,1.0,5671,1464,59585,0.01
19,61068,4440,1.0,5672,1464,59604,0.01
19,61087,4441,1.0,5673,1464,59623,0.01
19,61106,4442,1.0,5674,1464,59642,0.01
19,61125,4443,1.0,5675,1464,59661,0.01
19,61144,4444,1.0,5676,1464,59680,0.01
2,61146,4444,0.0,5677,1465,59681,0.01
19,61165,4445,1.0,5678,1465,59700,0.01
19,61184,4446,1.0,5679,1466,59718,0.01
19,61203,4447,1.0,5680,1466,59737,0.01
19,61222,4448,1.0,5681,1466,59756,0.01
19,61241,4449,1.0,5682,1466,59775,0.01
19,61260,4450,1.0,5683,1466,59794,0.01
19,61279,4451,1.0,5684,1466,59813,0.01
19,61298,4452,1.0,5685,1466,59832,0.01
19,61317,4453,1.0,5686,1466,59851,0.01
19,61336,4454,1.0,5687,1466,59870,0.01
19,61355,4455,1.0,5688,1466,59889,0.01
19,61374,4456,1.0,5689,1466,59908,0.01
19,61393,4457,1.0,5690,1466,59927,0.01
19,61412,4458,1.0,5691,1466,59946,0.01
19,61431,4459,1.0,5692,1466,59965,0.01
19,61450,4460,1.0,5693,1466,59984,0.01
19,61469,4461,1.0,5694,1466,60003,0.01
19,61488,4462,1.0,5695,1467,60021,0.01
19,61507,4463,1.0,5696,1467,60040,0.01
19,61526,4464,1.0,5697,1467,60059,0.01
19,61545,4465,1.0,5698,1467,60078,0.01
19,61564,4466,1.0,5699,1467,60097,0.01
19,61583,4467,1.0,5700,1467,60116,0.01
19,61602,4468,1.0,5701,1467,60135,0.01
34,61636,4468,0.0,5702,1468,60168,0.01
19,61655,4469,1.0,5703,1469,60186,0.01
19,61674,4470,1.0,5704,1469,60205,0.01
19,61693,4471,1.0,5705,1469,60224,0.01
19,61712,4472,1.0,5706,1469,60243,0.01
19,61731,4473,1.0,5707,1469,60262,0.01
19,61750,4474,1.0,5708,1469,60281,0.01
19,61769,4475,1.0,5709,1469,60300,0.01
19,61788,4476,1.0,5710,1469,60319,0.01
19,61807,4477,1.0,5711,1469,60338,0.01
19,61826,4478,1.0,5712,1469,60357,0.01
19,61845,4479,1.0,5713,1469,60376,0.01
19,61864,4480,1.0,5714,1469,60395,0.01
19,61883,4481,1.0,5715,1469,60414,0.01
19,61902,4482,1.0,5716,1469,60433,0.01
19,61921,4483,1.0,5717,1469,60452,0.01
19,61940,4484,1.0,5718,1469,60471,0.01
19,61959,4485,1.0,5719,1469,60490,0.01
19,61978,4486,1.0,5720,1469,60509,0.01
19,61997,4487,1.0,5721,1469,60528,0.01
19,62016,4488,1.0,5722,1469,60547,0.01
19,62035,4489,1.0,5723,1469,60566,0.01
19,62054,4490,1.0,5724,1469,60585,0.01
19,62073,4491,1.0,5725,1469,60604,0.01
19,62092,4492,1.0,5726,1469,60623,0.01
19,62111,4493,1.0,5727,1469,60642,0.01
19,62130,4494,1.0,5728,1469,60661,0.01
19,62149,4495,1.0,5729,1469,60680,0.01
19,62168,4496,1.0,5730,1469,60699,0.01
19,62187,4497,1.0,5731,1469,60718,0.01
19,62206,4498,1.0,5732,1469,60737,0.01
25,62231,4499,1.0,5733,1470,60761,0.01
18,62249,4500,1.0,5734,1471,60778,0.01
47,62296,4500,0.0,5735,1472,60824,0.01
10,62306,4500,0.0,5736,1472,60834,0.01
11,62317,4500,0.0,5737,1472,60845,0.01
10,62327,4500,0.0,5738,1472,60855,0.01
10,62337,4500,0.0,5739,1472,60865,0.01
15,62352,4500,0.0,5740,1472,60880,0.01
57,62409,4500,0.0,5741,1473,60936,0.01
6,62415,4500,0.0,5742,1473,60942,0.01
10,62425,4500,0.0,5743,1473,60952,0.01
20,62445,4500,0.0,5744,1474,60971,0.01
24,62469,4500,0.0,5745,1475,60994,0.01
19,62488,4501,1.0,5746,1475,61013,0.01
15,62503,4501,0.0,5747,1475,61028,0.01
11,62514,4501,0.0,5748,1475,61039,0.01
9,62523,4501,0.0,5749,1475,61048,0.01
11,62534,4501,0.0,5750,1475,61059,0.01
17,62551,4501,0.0,5751,1475,61076,0.01
3,62554,4501,0.0,5752,1475,61079,0.01
3,62557,4501,0.0,5753,1475,61082,0.01
3,62560,4501,0.0,5754,1475,61085,0.01
3,62563,4501,0.0,5755,1475,61088,0.01
39,62602,4501,0.0,5756,1476,61126,0.01
19,62621,4502,1.0,5757,1476,61145,0.01
15,62636,4502,0.0,5758,1476,61160,0.01
15,62651,4502,0.0,5759,1476,61175,0.01
15,62666,4502,0.0,5760,1476,61190,0.01
15,62681,4502,0.0,5761,1476,61205,0.01
21,62702,4502,0.0,5762,1476,61226,0.01
19,62721,4503,1.0,5763,1476,61245,0.01
19,62740,4504,1.0,5764,1476,61264,0.01
19,62759,4505,1.0,5765,1476,61283,0.01
19,62778,4506,1.0,5766,1476,61302,0.01
19,62797,4507,1.0,5767,1476,61321,0.01
19,62816,4508,1.0,5768,1476,61340,0.01
19,62835,4509,1.0,5769,1476,61359,0.01
19,62854,4510,1.0,5770,1476,61378,0.01
19,62873,4511,1.0,5771,1476,61397,0.01
19,62892,4512,1.0,5772,1476,61416,0.01
19,62911,4513,1.0,5773,1476,61435,0.01
19,62930,4514,1.0,5774,1476,61454,0.01
19,62949,4515,1.0,5775,1476,61473,0.01
19,62968,4516,1.0,5776,1476,61492,0.01
19,62987,4517,1.0,5777,1477,61510,0.01
19,63006,4518,1.0,5778,1477,61529,0.01
31,63037,4518,0.0,5779,1479,61558,0.01
19,63056,4519,1.0,5780,1479,61577,0.01
19,63075,4520,1.0,5781,1479,61596,0.01
19,63094,4521,1.0,5782,1479,61615,0.01
19,63113,4522,1.0,5783,1479,61634,0.01
19,63132,4523,1.0,5784,1480,61652,0.01
19,63151,4524,1.0,5785,1480,61671,0.01
19,63170,4525,1.0,5786,1480,61690,0.01
19,63189,4526,1.0,5787,1480,61709,0.01
19,63208,4527,1.0,5788,1480,61728,0.01
7,63215,4527,0.0,5789,1481,61734,0.01
19,63234,4528,1.0,5790,1481,61753,0.01
19,63253,4529,1.0,5791,1481,61772,0.01
19,63272,4530,1.0,5792,1481,61791,0.01
19,63291,4531,1.0,5793,1481,61810,0.01
19,63310,4532,1.0,5794,1481,61829,0.01
19,63329,4533,1.0,5795,1481,61848,0.01
19,63348,4534,1.0,5796,1481,61867,0.01
19,63367,4535,1.0,5797,1481,61886,0.01
19,63386,4536,1.0,5798,1481,61905,0.01
19,63405,4537,1.0,5799,1481,61924,0.01
19,63424,4538,1.0,5800,1481,61943,0.01
19,63443,4539,1.0,5801,1481,61962,0.01
19,63462,4540,1.0,5802,1481,61981,0.01
19,63481,4541,1.0,5803,1481,62000,0.01
19,63500,4542,1.0,5804,1481,62019,0.01
19,63519,4543,1.0,5805,1481,62038,0.01
26,63545,4543,0.0,5806,1482,62063,0.01
21,63566,4544,1.0,5807,1483,62083,0.01
7,63573,4544,0.0,5808,1483,62090,0.01
56,63629,4544,0.0,5809,1483,62146,0.01
18,63647,4545,1.0,5810,1483,62164,0.01
18,63665,4546,1.0,5811,1484,62181,0.01
18,63683,4547,1.0,5812,1485,62198,0.01
15,63698,4547,0.0,5813,1486,62212,0.01
18,63716,4548,1.0,5814,1486,62230,0.01
18,63734,4549,1.0,5815,1486,62248,0.01
18,63752,4550,1.0,5816,1486,62266,0.01
18,63770,4551,1.0,5817,1486,62284,0.01
18,63788,4552,1.0,5818,1486,62302,0.01
18,63806,4553,1.0,5819,1486,62320,0.01
18,63824,4554,1.0,5820,1487,62337,0.01
18,63842,4555,1.0,5821,1487,62355,0.01
18,63860,4556,1.0,5822,1487,62373,0.01
18,63878,4557,1.0,5823,1487,62391,0.01
11,63889,4557,0.0,5824,1487,62402,0.01
18,63907,4558,1.0,5825,1487,62420,0.01
18,63925,4559,1.0,5826,1488,62437,0.01
18,63943,4560,1.0,5827,1489,62454,0.01
18,63961,4561,1.0,5828,1489,62472,0.01
18,63979,4562,1.0,5829,1490,62489,0.01
37,64016,4562,0.0,5830,1492,62524,0.01
61,64077,4563,1.0,5831,1492,62585,0.01
18,64095,4564,1.0,5832,1492,62603,0.01
18,64113,4565,1.0,5833,1493,62620,0.01
18,64131,4566,1.0,5834,1493,62638,0.01
18,64149,4567,1.0,5835,1493,62656,0.01
18,64167,4568,1.0,5836,1493,62674,0.01
18,64185,4569,1.0,5837,1493,62692,0.01
18,64203,4570,1.0,5838,1493,62710,0.01
18,64221,4571,1.0,5839,1493,62728,0.01
10,64231,4571,0.0,5840,1494,62737,0.01
46,64277,4571,0.0,5841,1496,62781,0.01
44,64321,4572,1.0,5842,1496,62825,0.01
10,64331,4572,0.0,5843,1496,62835,0.01
10,64341,4572,0.0,5844,1496,62845,0.01
10,64351,4572,0.0,5845,1496,62855,0.01
12,64363,4572,0.0,5846,1496,62867,0.01
10,64373,4572,0.0,5847,1496,62877,0.01
10,64383,4572,0.0,5848,1496,62887,0.01
7,64390,4572,0.0,5849,1497,62893,0.01
11,64401,4572,0.0,5850,1497,62904,0.01
10,64411,4572,0.0,5851,1497,62914,0.01
17,64428,4572,0.0,5852,1497,62931,0.01
13,64441,4572,0.0,5853,1497,62944,0.01
16,64457,4573,1.0,5854,1497,62960,0.01
8,64465,4573,0.0,5855,1497,62968,0.01
8,64473,4573,0.0,5856,1497,62976,0.01
8,64481,4573,0.0,5857,1497,62984,0.01
9,64490,4574,1.0,5858,1497,62993,0.01
9,64499,4575,1.0,5859,1497,63002,0.01
9,64508,4576,1.0,5860,1497,63011,0.01
9,64517,4577,1.0,5861,1497,63020,0.01
9,64526,4578,1.0,5862,1497,63029,0.01
9,64535,4579,1.0,5863,1497,63038,0.01
9,64544,4580,1.0,5864,1497,63047,0.01
9,64553,4581,1.0,5865,1497,63056,0.01
9,64562,4582,1.0,5866,1497,63065,0.01
9,64571,4583,1.0,5867,1497,63074,0.01
9,64580,4584,1.0,5868,1497,63083,0.01
9,64589,4585,1.0,5869,1497,63092,0.01
9,64598,4586,1.0,5870,1497,63101,0.01
9,64607,4587,1.0,5871,1497,63110,0.01
9,64616,4588,1.0,5872,1497,63119,0.01
9,64625,4589,1.0,5873,1497,63128,0.01
9,64634,4590,1.0,5874,1497,63137,0.01
9,64643,4591,1.0,5875,1497,63146,0.01
9,64652,4592,1.0,5876,1497,63155,0.01
9,64661,4593,1.0,5877,1497,63164,0.01
9,64670,4594,1.0,5878,1497,63173,0.01
9,64679,4595,1.0,5879,1497,63182,0.01
9,64688,4596,1.0,5880,1497,63191,0.01
9,64697,4597,1.0,5881,1497,63200,0.01
9,64706,4598,1.0,5882,1497,63209,0.01
9,64715,4599,1.0,5883,1497,63218,0.01
9,64724,4600,1.0,5884,1497,63227,0.01
9,64733,4601,1.0,5885,1497,63236,0.01
9,64742,4602,1.0,5886,1497,63245,0.01
9,64751,4603,1.0,5887,1497,63254,0.01
9,64760,4604,1.0,5888,1497,63263,0.01
9,64769,4605,1.0,5889,1497,63272,0.01
9,64778,4606,1.0,5890,1497,63281,0.01
9,64787,4607,1.0,5891,1497,63290,0.01
9,64796,4608,1.0,5892,1497,63299,0.01
9,64805,4609,1.0,5893,1497,63308,0.01
9,64814,4610,1.0,5894,1497,63317,0.01
9,64823,4611,1.0,5895,1497,63326,0.01
9,64832,4612,1.0,5896,1497,63335,0.01
9,64841,4613,1.0,5897,1497,63344,0.01
9,64850,4614,1.0,5898,1497,63353,0.01
9,64859,4615,1.0,5899,1497,63362,0.01
9,64868,4616,1.0,5900,1498,63370,0.01
9,64877,4617,1.0,5901,1498,63379,0.01
9,64886,4618,1.0,5902,1498,63388,0.01
9,64895,4619,1.0,5903,1498,63397,0.01
9,64904,4620,1.0,5904,1498,63406,0.01
9,64913,4621,1.0,5905,1498,63415,0.01
9,64922,4622,1.0,5906,1498,63424,0.01
9,64931,4623,1.0,5907,1498,63433,0.01
9,64940,4624,1.0,5908,1498,63442,0.01
9,64949,4625,1.0,5909,1498,63451,0.01
9,64958,4626,1.0,5910,1498,63460,0.01
9,64967,4627,1.0,5911,1498,63469,0.01
9,64976,4628,1.0,5912,1498,63478,0.01
9,64985,4629,1.0,5913,1498,63487,0.01
9,64994,4630,1.0,5914,1499,63495,0.01
9,65003,4631,1.0,5915,1499,63504,0.01
9,65012,4632,1.0,5916,1499,63513,0.01
9,65021,4633,1.0,5917,1499,63522,0.01
9,65030,4634,1.0,5918,1499,63531,0.01
9,65039,4635,1.0,5919,1499,63540,0.01
9,65048,4636,1.0,5920,1499,63549,0.01
9,65057,4637,1.0,5921,1499,63558,0.01
9,65066,4638,1.0,5922,1499,63567,0.01
9,65075,4639,1.0,5923,1499,63576,0.01
9,65084,4640,1.0,5924,1499,63585,0.01
10,65094,4641,1.0,5925,1500,63594,0.01
9,65103,4642,1.0,5926,1500,63603,0.01
9,65112,4643,1.0,5927,1500,63612,0.01
9,65121,4644,1.0,5928,1500,63621,0.01
9,65130,4645,1.0,5929,1500,63630,0.01
9,65139,4646,1.0,5930,1500,63639,0.01
9,65148,4647,1.0,5931,1500,63648,0.01
9,65157,4648,1.0,5932,1500,63657,0.01
9,65166,4649,1.0,5933,1500,63666,0.01
9,65175,4650,1.0,5934,1500,63675,0.01
9,65184,4651,1.0,5935,1500,63684,0.01
9,65193,4652,1.0,5936,1500,63693,0.01
9,65202,4653,1.0,5937,1500,63702,0.01
9,65211,4654,1.0,5938,1500,63711,0.01
9,65220,4655,1.0,5939,1500,63720,0.01
9,65229,4656,1.0,5940,1500,63729,0.01
9,65238,4657,1.0,5941,1500,63738,0.01
9,65247,4658,1.0,5942,1500,63747,0.01
9,65256,4659,1.0,5943,1500,63756,0.01
9,65265,4660,1.0,5944,1500,63765,0.01
9,65274,4661,1.0,5945,1500,63774,0.01
9,65283,4662,1.0,5946,1500,63783,0.01
9,65292,4663,1.0,5947,1500,63792,0.01
9,65301,4664,1.0,5948,1500,63801,0.01
9,65310,4665,1.0,5949,1500,63810,0.01
9,65319,4666,1.0,5950,1500,63819,0.01
9,65328,4667,1.0,5951,1500,63828,0.01
9,65337,4668,1.0,5952,1500,63837,0.01
9,65346,4669,1.0,5953,1500,63846,0.01
9,65355,4670,1.0,5954,1500,63855,0.01
9,65364,4671,1.0,5955,1500,63864,0.01
9,65373,4672,1.0,5956,1500,63873,0.01
9,65382,4673,1.0,5957,1500,63882,0.01
9,65391,4674,1.0,5958,1500,63891,0.01
9,65400,4675,1.0,5959,1500,63900,0.01
9,65409,4676,1.0,5960,1500,63909,0.01
9,65418,4677,1.0,5961,1500,63918,0.01
9,65427,4678,1.0,5962,1500,63927,0.01
9,65436,4679,1.0,5963,1500,63936,0.01
9,65445,4680,1.0,5964,1500,63945,0.01
9,65454,4681,1.0,5965,1500,63954,0.01
9,65463,4682,1.0,5966,1500,63963,0.01
9,65472,4683,1.0,5967,1500,63972,0.01
9,65481,4684,1.0,5968,1500,63981,0.01
9,65490,4685,1.0,5969,1500,63990,0.01
9,65499,4686,1.0,5970,1500,63999,0.01
9,65508,4687,1.0,5971,1500,64008,0.01
9,65517,4688,1.0,5972,1500,64017,0.01
9,65526,4689,1.0,5973,1500,64026,0.01
9,65535,4690,1.0,5974,1500,64035,0.01
9,65544,4691,1.0,5975,1500,64044,0.01
9,65553,4692,1.0,5976,1500,64053,0.01
9,65562,4693,1.0,5977,1500,64062,0.01
10,65572,4693,0.0,5978,1501,64071,0.01
9,65581,4694,1.0,5979,1501,64080,0.01
9,65590,4695,1.0,5980,1501,64089,0.01
9,65599,4696,1.0,5981,1501,64098,0.01
9,65608,4697,1.0,5982,1502,64106,0.01
9,65617,4698,1.0,5983,1502,64115,0.01
9,65626,4699,1.0,5984,1502,64124,0.01
9,65635,4700,1.0,5985,1502,64133,0.01
9,65644,4701,1.0,5986,1502,64142,0.01
9,65653,4702,1.0,5987,1502,64151,0.01
9,65662,4703,1.0,5988,1502,64160,0.01
9,65671,4704,1.0,5989,1502,64169,0.01
9,65680,4705,1.0,5990,1502,64178,0.01
9,65689,4706,1.0,5991,1502,64187,0.01
9,65698,4707,1.0,5992,1503,64195,0.01
9,65707,4708,1.0,5993,1503,64204,0.01
9,65716,4709,1.0,5994,1503,64213,0.01
9,65725,4710,1.0,5995,1503,64222,0.01
9,65734,4711,1.0,5996,1503,64231,0.01
9,65743,4712,1.0,5997,1503,64240,0.01
9,65752,4713,1.0,5998,1503,64249,0.01
9,65761,4714,1.0,5999,1503,64258,0.01
9,65770,4715,1.0,6000,1503,64267,0.01
9,65779,4716,1.0,6001,1503,64276,0.01
9,65788,4717,1.0,6002,1503,64285,0.01
9,65797,4718,1.0,6003,1503,64294,0.01
9,65806,4719,1.0,6004,1503,64303,0.01
9,65815,4720,1.0,6005,1503,64312,0.01
9,65824,4721,1.0,6006,1503,64321,0.01
10,65834,4722,1.0,6007,1504,64330,0.01
9,65843,4723,1.0,6008,1504,64339,0.01
9,65852,4724,1.0,6009,1504,64348,0.01
9,65861,4725,1.0,6010,1504,64357,0.01
9,65870,4726,1.0,6011,1504,64366,0.01
9,65879,4727,1.0,6012,1504,64375,0.01
9,65888,4728,1.0,6013,1504,64384,0.01
9,65897,4729,1.0,6014,1504,64393,0.01
9,65906,4730,1.0,6015,1504,64402,0.01
9,65915,4731,1.0,6016,1504,64411,0.01
9,65924,4732,1.0,6017,1504,64420,0.01
9,65933,4733,1.0,6018,1504,64429,0.01
9,65942,4734,1.0,6019,1504,64438,0.01
9,65951,4735,1.0,6020,1504,64447,0.01
10,65961,4735,0.0,6021,1505,64456,0.01
9,65970,4736,1.0,6022,1505,64465,0.01
9,65979,4737,1.0,6023,1505,64474,0.01
9,65988,4738,1.0,6024,1505,64483,0.01
9,65997,4739,1.0,6025,1505,64492,0.01
10,66007,4739,0.0,6026,1507,64500,0.01
11,66018,4739,0.0,6027,1508,64510,0.01
5,66023,4739,0.0,6028,1509,64514,0.01
9,66032,4740,1.0,6029,1509,64523,0.01
10,66042,4740,0.0,6030,1510,64532,0.01
9,66051,4741,1.0,6031,1510,64541,0.01
9,66060,4742,1.0,6032,1510,64550,0.01
9,66069,4743,1.0,6033,1510,64559,0.01
9,66078,4744,1.0,6034,1510,64568,0.01
9,66087,4745,1.0,6035,1510,64577,0.01
9,66096,4746,1.0,6036,1510,64586,0.01
9,66105,4747,1.0,6037,1510,64595,0.01
9,66114,4748,1.0,6038,1510,64604,0.01
9,66123,4749,1.0,6039,1510,64613,0.01
9,66132,4750,1.0,6040,1510,64622,0.01
9,66141,4751,1.0,6041,1510,64631,0.01
9,66150,4752,1.0,6042,1510,64640,0.01
9,66159,4753,1.0,6043,1510,64649,0.01
9,66168,4754,1.0,6044,1510,64658,0.01
9,66177,4755,1.0,6045,1510,64667,0.01
9,66186,4756,1.0,6046,1510,64676,0.01
9,66195,4757,1.0,6047,1510,64685,0.01
9,66204,4758,1.0,6048,1510,64694,0.01
9,66213,4759,1.0,6049,1510,64703,0.01
9,66222,4760,1.0,6050,1510,64712,0.01
9,66231,4761,1.0,6051,1510,64721,0.01
9,66240,4762,1.0,6052,1510,64730,0.01
9,66249,4763,1.0,6053,1510,64739,0.01
9,66258,4764,1.0,6054,1510,64748,0.01
9,66267,4765,1.0,6055,1510,64757,0.01
9,66276,4766,1.0,6056,1510,64766,0.01
9,66285,4767,1.0,6057,1510,64775,0.01
9,66294,4768,1.0,6058,1510,64784,0.01
9,66303,4769,1.0,6059,1511,64792,0.01
9,66312,4770,1.0,6060,1511,64801,0.01
9,66321,4771,1.0,6061,1511,64810,0.01
9,66330,4772,1.0,6062,1511,64819,0.01
9,66339,4773,1.0,6063,1511,64828,0.01
9,66348,4774,1.0,6064,1511,64837,0.01
9,66357,4775,1.0,6065,1511,64846,0.01
9,66366,4776,1.0,6066,1511,64855,0.01
9,66375,4777,1.0,6067,1511,64864,0.01
9,66384,4778,1.0,6068,1511,64873,0.01
9,66393,4779,1.0,6069,1511,64882,0.01
9,66402,4780,1.0,6070,1511,64891,0.01
9,66411,4781,1.0,6071,1511,64900,0.01
9,66420,4782,1.0,6072,1511,64909,0.01
9,66429,4783,1.0,6073,1512,64917,0.01
9,66438,4784,1.0,6074,1512,64926,0.01
9,66447,4785,1.0,6075,1512,64935,0.01
9,66456,4786,1.0,6076,1512,64944,0.01
9,66465,4787,1.0,6077,1512,64953,0.01
9,66474,4788,1.0,6078,1512,64962,0.01
9,66483,4789,1.0,6079,1512,64971,0.01
9,66492,4790,1.0,6080,1512,64980,0.01
9,66501,4791,1.0,6081,1512,64989,0.01
9,66510,4792,1.0,6082,1512,64998,0.01
9,66519,4793,1.0,6083,1513,65006,0.01
9,66528,4794,1.0,6084,1513,65015,0.01
9,66537,4795,1.0,6085,1513,65024,0.01
9,66546,4796,1.0,6086,1513,65033,0.01
9,66555,4797,1.0,6087,1513,65042,0.01
9,66564,4798,1.0,6088,1513,65051,0.01
9,66573,4799,1.0,6089,1513,65060,0.01
9,66582,4800,1.0,6090,1513,65069,0.01
10,66592,4800,0.0,6091,1514,65078,0.01
10,66602,4800,0.0,6092,1514,65088,0.01
13,66615,4800,0.0,6093,1514,65101,0.01
10,66625,4800,0.0,6094,1514,65111,0.01
5,66630,4800,0.0,6095,1514,65116,0.01
10,66640,4800,0.0,6096,1514,65126,0.01
16,66656,4801,1.0,6097,1514,65142,0.01
11,66667,4801,0.0,6098,1514,65153,0.01
11,66678,4801,0.0,6099,1514,65164,0.01
9,66687,4802,1.0,6100,1514,65173,0.01
14,66701,4803,1.0,6101,1514,65187,0.01
6,66707,4803,0.0,6102,1514,65193,0.01
2,66709,4803,0.0,6103,1514,65195,0.01
14,66723,4804,1.0,6104,1514,65209,0.01
11,66734,4804,0.0,6105,1514,65220,0.01
6,66740,4804,0.0,6106,1514,65226,0.01
6,66746,4804,0.0,6107,1514,65232,0.01
6,66752,4804,0.0,6108,1514,65238,0.01
6,66758,4804,0.0,6109,1514,65244,0.01
6,66764,4804,0.0,6110,1514,65250,0.01
6,66770,4804,0.0,6111,1514,65256,0.01
6,66776,4804,0.0,6112,1514,65262,0.01
6,66782,4804,0.0,6113,1514,65268,0.01
6,66788,4804,0.0,6114,1514,65274,0.01
6,66794,4804,0.0,6115,1514,65280,0.01
5,66799,4804,0.0,6116,1514,65285,0.01
11,66810,4804,0.0,6117,1514,65296,0.01
17,66827,4804,0.0,6118,1515,65312,0.01
15,66842,4804,0.0,6119,1516,65326,0.01
11,66853,4804,0.0,6120,1516,65337,0.01
11,66864,4804,0.0,6121,1516,65348,0.01
11,66875,4804,0.0,6122,1516,65359,0.01
13,66888,4804,0.0,6123,1516,65372,0.01
23,66911,4805,1.0,6124,1516,65395,0.01
21,66932,4805,0.0,6125,1516,65416,0.01
21,66953,4805,0.0,6126,1516,65437,0.01
13,66966,4805,0.0,6127,1516,65450,0.01
21,66987,4805,0.0,6128,1516,65471,0.01
11,66998,4805,0.0,6129,1516,65482,0.01
21,67019,4805,0.0,6130,1517,65502,0.01
21,67040,4805,0.0,6131,1517,65523,0.01
5,67045,4805,0.0,6132,1518,65527,0.01
3,67048,4805,0.0,6133,1518,65530,0.01
21,67069,4805,0.0,6134,1518,65551,0.01
47,67116,4805,0.0,6135,1520,65596,0.01
10,67126,4805,0.0,6136,1520,65606,0.01
3,67129,4805,0.0,6137,1520,65609,0.01
24,67153,4805,0.0,6138,1520,65633,0.01
6,67159,4806,1.0,6139,1520,65639,0.01
6,67165,4807,1.0,6140,1520,65645,0.01
6,67171,4808,1.0,6141,1520,65651,0.01
6,67177,4809,1.0,6142,1520,65657,0.01
6,67183,4810,1.0,6143,1520,65663,0.01
6,67189,4811,1.0,6144,1520,65669,0.01
6,67195,4812,1.0,6145,1520,65675,0.01
6,67201,4813,1.0,6146,1520,65681,0.01
6,67207,4814,1.0,6147,1520,65687,0.01
6,67213,4815,1.0,6148,1520,65693,0.01
20,67233,4815,0.0,6149,1521,65712,0.01
6,67239,4816,1.0,6150,1521,65718,0.01
6,67245,4817,1.0,6151,1521,65724,0.01
6,67251,4818,1.0,6152,1521,65730,0.01
6,67257,4819,1.0,6153,1521,65736,0.01
6,67263,4820,1.0,6154,1521,65742,0.01
6,67269,4821,1.0,6155,1521,65748,0.01
6,67275,4822,1.0,6156,1521,65754,0.01
6,67281,4823,1.0,6157,1521,65760,0.01
6,67287,4824,1.0,6158,1521,65766,0.01
6,67293,4825,1.0,6159,1521,65772,0.01
6,67299,4826,1.0,6160,1521,65778,0.01
6,67305,4827,1.0,6161,1521,65784,0.01
6,67311,4828,1.0,6162,1521,65790,0.01
6,67317,4829,1.0,6163,1521,65796,0.01
6,67323,4830,1.0,6164,1521,65802,0.01
6,67329,4831,1.0,6165,1521,65808,0.01
6,67335,4832,1.0,6166,1521,65814,0.01
6,67341,4833,1.0,6167,1521,65820,0.01
6,67347,4834,1.0,6168,1521,65826,0.01
6,67353,4835,1.0,6169,1521,65832,0.01
6,67359,4836,1.0,6170,1521,65838,0.01
6,67365,4837,1.0,6171,1521,65844,0.01
6,67371,4838,1.0,6172,1521,65850,0.01
6,67377,4839,1.0,6173,1521,65856,0.01
6,67383,4840,1.0,6174,1521,65862,0.01
6,67389,4841,1.0,6175,1521,65868,0.01
6,67395,4842,1.0,6176,1521,65874,0.01
6,67401,4843,1.0,6177,1521,65880,0.01
6,67407,4844,1.0,6178,1521,65886,0.01
6,67413,4845,1.0,6179,1521,65892,0.01
6,67419,4846,1.0,6180,1521,65898,0.01
6,67425,4847,1.0,6181,1521,65904,0.01
6,67431,4848,1.0,6182,1521,65910,0.01
6,67437,4849,1.0,6183,1521,65916,0.01
6,67443,4850,1.0,6184,1521,65922,0.01
6,67449,4851,1.0,6185,1521,65928,0.01
6,67455,4852,1.0,6186,1521,65934,0.01
6,67461,4853,1.0,6187,1521,65940,0.01
6,67467,4854,1.0,6188,1521,65946,0.01
6,67473,4855,1.0,6189,1521,65952,0.01
5,67478,4855,0.0,6190,1522,65956,0.01
6,67484,4856,1.0,6191,1522,65962,0.01
6,67490,4857,1.0,6192,1522,65968,0.01
6,67496,4858,1.0,6193,1522,65974,0.01
6,67502,4859,1.0,6194,1522,65980,0.01
6,67508,4860,1.0,6195,1522,65986,0.01
6,67514,4861,1.0,6196,1522,65992,0.01
6,67520,4862,1.0,6197,1522,65998,0.01
6,67526,4863,1.0,6198,1522,66004,0.01
6,67532,4864,1.0,6199,1522,66010,0.01
6,67538,4865,1.0,6200,1522,66016,0.01
6,67544,4866,1.0,6201,1522,66022,0.01
8,67552,4867,1.0,6202,1523,66029,0.01
6,67558,4868,1.0,6203,1523,66035,0.01
6,67564,4869,1.0,6204,1524,66040,0.01
6,67570,4870,1.0,6205,1524,66046,0.01
6,67576,4871,1.0,6206,1524,66052,0.01
6,67582,4872,1.0,6207,1524,66058,0.01
6,67588,4873,1.0,6208,1524,66064,0.01
6,67594,4874,1.0,6209,1524,66070,0.01
6,67600,4875,1.0,6210,1524,66076,0.01
6,67606,4876,1.0,6211,1524,66082,0.01
6,67612,4877,1.0,6212,1524,66088,0.01
6,67618,4878,1.0,6213,1524,66094,0.01
6,67624,4879,1.0,6214,1524,66100,0.01
6,67630,4880,1.0,6215,1524,66106,0.01
6,67636,4881,1.0,6216,1524,66112,0.01
6,67642,4882,1.0,6217,1524,66118,0.01
6,67648,4883,1.0,6218,1524,66124,0.01
6,67654,4884,1.0,6219,1524,66130,0.01
6,67660,4885,1.0,6220,1524,66136,0.01
18,67678,4885,0.0,6221,1525,66153,0.01
6,67684,4886,1.0,6222,1525,66159,0.01
6,67690,4887,1.0,6223,1525,66165,0.01
6,67696,4888,1.0,6224,1525,66171,0.01
6,67702,4889,1.0,6225,1525,66177,0.01
6,67708,4890,1.0,6226,1525,66183,0.01
6,67714,4891,1.0,6227,1525,66189,0.01
6,67720,4892,1.0,6228,1525,66195,0.01
6,67726,4893,1.0,6229,1525,66201,0.01
6,67732,4894,1.0,6230,1525,66207,0.01
6,67738,4895,1.0,6231,1525,66213,0.01
6,67744,4896,1.0,6232,1525,66219,0.01
6,67750,4897,1.0,6233,1525,66225,0.01
6,67756,4898,1.0,6234,1525,66231,0.01
6,67762,4899,1.0,6235,1525,66237,0.01
6,67768,4900,1.0,6236,1525,66243,0.01
6,67774,4901,1.0,6237,1525,66249,0.01
6,67780,4902,1.0,6238,1525,66255,0.01
6,67786,4903,1.0,6239,1525,66261,0.01
6,67792,4904,1.0,6240,1525,66267,0.01
6,67798,4905,1.0,6241,1525,66273,0.01
6,67804,4906,1.0,6242,1525,66279,0.01
6,67810,4907,1.0,6243,1525,66285,0.01
6,67816,4908,1.0,6244,1525,66291,0.01
6,67822,4909,1.0,6245,1525,66297,0.01
6,67828,4910,1.0,6246,1525,66303,0.01
6,67834,4911,1.0,6247,1525,66309,0.01
6,67840,4912,1.0,6248,1525,66315,0.01
6,67846,4913,1.0,6249,1525,66321,0.01
6,67852,4914,1.0,6250,1525,66327,0.01
6,67858,4915,1.0,6251,1525,66333,0.01
6,67864,4916,1.0,6252,1525,66339,0.01
6,67870,4917,1.0,6253,1525,66345,0.01
6,67876,4918,1.0,6254,1525,66351,0.01
6,67882,4919,1.0,6255,1525,66357,0.01
6,67888,4920,1.0,6256,1525,66363,0.01
6,67894,4921,1.0,6257,1525,66369,0.01
6,67900,4922,1.0,6258,1525,66375,0.01
6,67906,4923,1.0,6259,1525,66381,0.01
6,67912,4924,1.0,6260,1525,66387,0.01
6,67918,4925,1.0,6261,1525,66393,0.01
6,67924,4926,1.0,6262,1525,66399,0.01
6,67930,4927,1.0,6263,1525,66405,0.01
6,67936,4928,1.0,6264,1525,66411,0.01
6,67942,4929,1.0,6265,1525,66417,0.01
6,67948,4930,1.0,6266,1525,66423,0.01
6,67954,4931,1.0,6267,1525,66429,0.01
6,67960,4932,1.0,6268,1525,66435,0.01
6,67966,4933,1.0,6269,1525,66441,0.01
6,67972,4934,1.0,6270,1525,66447,0.01
6,67978,4935,1.0,6271,1525,66453,0.01
6,67984,4936,1.0,6272,1525,66459,0.01
6,67990,4937,1.0,6273,1525,66465,0.01
6,67996,4938,1.0,6274,1525,66471,0.01
6,68002,4939,1.0,6275,1526,66476,0.01
6,68008,4940,1.0,6276,1526,66482,0.01
6,68014,4941,1.0,6277,1526,66488,0.01
6,68020,4942,1.0,6278,1526,66494,0.01
6,68026,4943,1.0,6279,1526,66500,0.01
6,68032,4944,1.0,6280,1526,66506,0.01
6,68038,4945,1.0,6281,1526,66512,0.01
6,68044,4946,1.0,6282,1526,66518,0.01
6,68050,4947,1.0,6283,1526,66524,0.01
6,68056,4948,1.0,6284,1526,66530,0.01
6,68062,4949,1.0,6285,1526,66536,0.01
6,68068,4950,1.0,6286,1526,66542,0.01
6,68074,4951,1.0,6287,1526,66548,0.01
6,68080,4952,1.0,6288,1526,66554,0.01
6,68086,4953,1.0,6289,1526,66560,0.01
6,68092,4954,1.0,6290,1526,66566,0.01
6,68098,4955,1.0,6291,1526,66572,0.01
6,68104,4956,1.0,6292,1526,66578,0.01
6,68110,4957,1.0,6293,1526,66584,0.01
6,68116,4958,1.0,6294,1526,66590,0.01
6,68122,4959,1.0,6295,1526,66596,0.01
6,68128,4960,1.0,6296,1526,66602,0.01
6,68134,4961,1.0,6297,1526,66608,0.01
6,68140,4962,1.0,6298,1526,66614,0.01
6,68146,4963,1.0,6299,1526,66620,0.01
6,68152,4964,1.0,6300,1526,66626,0.01
6,68158,4965,1.0,6301,1526,66632,0.01
6,68164,4966,1.0,6302,1526,66638,0.01
6,68170,4967,1.0,6303,1527,66643,0.01
6,68176,4968,1.0,6304,1527,66649,0.01
6,68182,4969,1.0,6305,1527,66655,0.01
6,68188,4970,1.0,6306,1527,66661,0.01
6,68194,4971,1.0,6307,1527,66667,0.01
6,68200,4972,1.0,6308,1527,66673,0.01
6,68206,4973,1.0,6309,1527,66679,0.01
6,68212,4974,1.0,6310,1527,66685,0.01
6,68218,4975,1.0,6311,1527,66691,0.01
22,68240,4975,0.0,6312,1529,66711,0.01
6,68246,4975,0.0,6313,1530,66716,0.01
6,68252,4976,1.0,6314,1530,66722,0.01
6,68258,4977,1.0,6315,1530,66728,0.01
6,68264,4978,1.0,6316,1530,66734,0.01
6,68270,4979,1.0,6317,1530,66740,0.01
9,68279,4979,0.0,6318,1531,66748,0.01
6,68285,4980,1.0,6319,1531,66754,0.01
15,68300,4980,0.0,6320,1532,66768,0.01
18,68318,4980,0.0,6321,1532,66786,0.01
6,68324,4981,1.0,6322,1532,66792,0.01
15,68339,4981,0.0,6323,1533,66806,0.01
6,68345,4982,1.0,6324,1533,66812,0.01
6,68351,4983,1.0,6325,1533,66818,0.01
6,68357,4984,1.0,6326,1533,66824,0.01
6,68363,4985,1.0,6327,1534,66829,0.01
6,68369,4986,1.0,6328,1534,66835,0.01
6,68375,4987,1.0,6329,1534,66841,0.01
6,68381,4988,1.0,6330,1534,66847,0.01
6,68387,4989,1.0,6331,1534,66853,0.01
6,68393,4990,1.0,6332,1534,66859,0.01
56,68449,4991,1.0,6333,1535,66914,0.01
6,68455,4991,0.0,6334,1536,66919,0.01
6,68461,4992,1.0,6335,1536,66925,0.01
15,68476,4992,0.0,6336,1536,66940,0.01
8,68484,4993,1.0,6337,1536,66948,0.01
6,68490,4994,1.0,6338,1536,66954,0.01
6,68496,4995,1.0,6339,1536,66960,0.01
6,68502,4995,0.0,6340,1536,66966,0.01
18,68520,4995,0.0,6341,1536,66984,0.01
24,68544,4995,0.0,6342,1536,67008,0.01
15,68559,4995,0.0,6343,1536,67023,0.01
51,68610,4995,0.0,6344,1536,67074,0.01
14,68624,4995,0.0,6345,1536,67088,0.01
8,68632,4996,1.0,6346,1536,67096,0.01
6,68638,4996,0.0,6347,1536,67102,0.01
18,68656,4996,0.0,6348,1536,67120,0.01
15,68671,4996,0.0,6349,1536,67135,0.01
15,68686,4996,0.0,6350,1536,67150,0.01
6,68692,4997,1.0,6351,1536,67156,0.01
6,68698,4998,1.0,6352,1536,67162,0.01
6,68704,4999,1.0,6353,1536,67168,0.01
6,68710,5000,1.0,6354,1536,67174,0.01
6,68716,5001,1.0,6355,1536,67180,0.01
6,68722,5002,1.0,6356,1536,67186,0.01
6,68728,5003,1.0,6357,1536,67192,0.01
6,68734,5004,1.0,6358,1536,67198,0.01
6,68740,5005,1.0,6359,1536,67204,0.01
6,68746,5006,1.0,6360,1536,67210,0.01
6,68752,5007,1.0,6361,1536,67216,0.01
6,68758,5008,1.0,6362,1536,67222,0.01
6,68764,5009,1.0,6363,1536,67228,0.01
15,68779,5009,0.0,6364,1537,67242,0.01
6,68785,5010,1.0,6365,1537,67248,0.01
6,68791,5011,1.0,6366,1537,67254,0.01
6,68797,5012,1.0,6367,1537,67260,0.01
54,68851,5012,0.0,6368,1540,67311,0.01
6,68857,5013,1.0,6369,1540,67317,0.01
6,68863,5014,1.0,6370,1540,67323,0.01
6,68869,5015,1.0,6371,1540,67329,0.01
6,68875,5016,1.0,6372,1540,67335,0.01
6,68881,5017,1.0,6373,1540,67341,0.01
6,68887,5018,1.0,6374,1540,67347,0.01
6,68893,5019,1.0,6375,1540,67353,0.01
6,68899,5020,1.0,6376,1540,67359,0.01
6,68905,5021,1.0,6377,1540,67365,0.01
6,68911,5022,1.0,6378,1540,67371,0.01
6,68917,5023,1.0,6379,1540,67377,0.01
6,68923,5024,1.0,6380,1540,67383,0.01
6,68929,5025,1.0,6381,1540,67389,0.01
6,68935,5026,1.0,6382,1540,67395,0.01
5,68940,5026,0.0,6383,1541,67399,0.01
6,68946,5027,1.0,6384,1541,67405,0.01
54,69000,5027,0.0,6385,1542,67458,0.01
6,69006,5028,1.0,6386,1542,67464,0.01
6,69012,5029,1.0,6387,1543,67469,0.01
51,69063,5029,0.0,6388,1543,67520,0.01
51,69114,5029,0.0,6389,1544,67570,0.01
14,69128,5029,0.0,6390,1544,67584,0.01
18,69146,5029,0.0,6391,1546,67600,0.01
34,69180,5029,0.0,6392,1546,67634,0.01
47,69227,5029,0.0,6393,1546,67681,0.01
12,69239,5029,0.0,6394,1546,67693,0.01
7,69246,5030,1.0,6395,1546,67700,0.01
7,69253,5031,1.0,6396,1546,67707,0.01
28,69281,5032,1.0,6397,1548,67733,0.01
7,69288,5033,1.0,6398,1548,67740,0.01
7,69295,5034,1.0,6399,1548,67747,0.01
7,69302,5035,1.0,6400,1548,67754,0.01
7,69309,5036,1.0,6401,1548,67761,0.01
7,69316,5037,1.0,6402,1548,67768,0.01
7,69323,5038,1.0,6403,1548,67775,0.01
7,69330,5039,1.0,6404,1548,67782,0.01
7,69337,5040,1.0,6405,1548,67789,0.01
7,69344,5041,1.0,6406,1548,67796,0.01
7,69351,5042,1.0,6407,1548,67803,0.01
7,69358,5043,1.0,6408,1548,67810,0.01
7,69365,5044,1.0,6409,1548,67817,0.01
7,69372,5045,1.0,6410,1548,67824,0.01
7,69379,5046,1.0,6411,1548,67831,0.01
7,69386,5047,1.0,6412,1548,67838,0.01
7,69393,5048,1.0,6413,1548,67845,0.01
7,69400,5049,1.0,6414,1548,67852,0.01
7,69407,5050,1.0,6415,1548,67859,0.01
7,69414,5051,1.0,6416,1548,67866,0.01
7,69421,5052,1.0,6417,1548,67873,0.01
7,69428,5053,1.0,6418,1548,67880,0.01
7,69435,5054,1.0,6419,1548,67887,0.01
7,69442,5055,1.0,6420,1548,67894,0.01
7,69449,5056,1.0,6421,1548,67901,0.01
7,69456,5057,1.0,6422,1548,67908,0.01
7,69463,5058,1.0,6423,1548,67915,0.01
7,69470,5059,1.0,6424,1548,67922,0.01
7,69477,5060,1.0,6425,1548,67929,0.01
7,69484,5061,1.0,6426,1548,67936,0.01
7,69491,5062,1.0,6427,1548,67943,0.01
7,69498,5063,1.0,6428,1548,67950,0.01
7,69505,5064,1.0,6429,1548,67957,0.01
7,69512,5065,1.0,6430,1548,67964,0.01
7,69519,5066,1.0,6431,1548,67971,0.01
30,69549,5067,1.0,6432,1549,68000,0.01
7,69556,5068,1.0,6433,1549,68007,0.01
7,69563,5069,1.0,6434,1549,68014,0.01
7,69570,5070,1.0,6435,1549,68021,0.01
7,69577,5071,1.0,6436,1549,68028,0.01
7,69584,5072,1.0,6437,1549,68035,0.01
7,69591,5073,1.0,6438,1549,68042,0.01
7,69598,5074,1.0,6439,1549,68049,0.01
7,69605,5075,1.0,6440,1549,68056,0.01
7,69612,5076,1.0,6441,1549,68063,0.01
7,69619,5077,1.0,6442,1549,68070,0.01
7,69626,5078,1.0,6443,1549,68077,0.01
7,69633,5079,1.0,6444,1549,68084,0.01
7,69640,5080,1.0,6445,1549,68091,0.01
7,69647,5081,1.0,6446,1549,68098,0.01
7,69654,5082,1.0,6447,1549,68105,0.01
7,69661,5083,1.0,6448,1549,68112,0.01
7,69668,5084,1.0,6449,1549,68119,0.01
7,69675,5085,1.0,6450,1549,68126,0.01
7,69682,5086,1.0,6451,1549,68133,0.01
7,69689,5087,1.0,6452,1549,68140,0.01
7,69696,5088,1.0,6453,1549,68147,0.01
7,69703,5089,1.0,6454,1549,68154,0.01
7,69710,5090,1.0,6455,1549,68161,0.01
7,69717,5091,1.0,6456,1550,68167,0.01
7,69724,5092,1.0,6457,1550,68174,0.01
7,69731,5093,1.0,6458,1550,68181,0.01
7,69738,5094,1.0,6459,1550,68188,0.01
7,69745,5095,1.0,6460,1550,68195,0.01
7,69752,5096,1.0,6461,1550,68202,0.01
7,69759,5097,1.0,6462,1550,68209,0.01
7,69766,5098,1.0,6463,1550,68216,0.01
7,69773,5099,1.0,6464,1550,68223,0.01
7,69780,5100,1.0,6465,1550,68230,0.01
7,69787,5101,1.0,6466,1550,68237,0.01
7,69794,5102,1.0,6467,1550,68244,0.01
7,69801,5103,1.0,6468,1550,68251,0.01
7,69808,5104,1.0,6469,1550,68258,0.01
7,69815,5105,1.0,6470,1550,68265,0.01
23,69838,5105,0.0,6471,1551,68287,0.01
7,69845,5106,1.0,6472,1551,68294,0.01
7,69852,5107,1.0,6473,1551,68301,0.01
7,69859,5108,1.0,6474,1551,68308,0.01
7,69866,5109,1.0,6475,1551,68315,0.01
7,69873,5110,1.0,6476,1551,68322,0.01
7,69880,5111,1.0,6477,1551,68329,0.01
7,69887,5112,1.0,6478,1551,68336,0.01
12,69899,5112,0.0,6479,1552,68347,0.01
7,69906,5113,1.0,6480,1552,68354,0.01
7,69913,5114,1.0,6481,1552,68361,0.01
7,69920,5115,1.0,6482,1552,68368,0.01
7,69927,5116,1.0,6483,1552,68375,0.01
7,69934,5117,1.0,6484,1552,68382,0.01
7,69941,5118,1.0,6485,1552,68389,0.01
7,69948,5119,1.0,6486,1552,68396,0.01
7,69955,5120,1.0,6487,1552,68403,0.01
7,69962,5121,1.0,6488,1552,68410,0.01
7,69969,5122,1.0,6489,1552,68417,0.01
7,69976,5123,1.0,6490,1552,68424,0.01
7,69983,5124,1.0,6491,1552,68431,0.01
7,69990,5125,1.0,6492,1552,68438,0.01
7,69997,5126,1.0,6493,1552,68445,0.01
7,70004,5127,1.0,6494,1552,68452,0.01
7,70011,5128,1.0,6495,1552,68459,0.01
7,70018,5129,1.0,6496,1552,68466,0.01
7,70025,5130,1.0,6497,1552,68473,0.01
7,70032,5131,1.0,6498,1552,68480,0.01
7,70039,5132,1.0,6499,1553,68486,0.01
7,70046,5133,1.0,6500,1553,68493,0.01
7,70053,5134,1.0,6501,1553,68500,0.01
36,70089,5134,0.0,6502,1554,68535,0.01
24,70113,5134,0.0,6503,1554,68559,0.01
24,70137,5134,0.0,6504,1555,68582,0.01
12,70149,5134,0.0,6505,1555,68594,0.01
17,70166,5134,0.0,6506,1556,68610,0.01
12,70178,5134,0.0,6507,1556,68622,0.01
12,70190,5134,0.0,6508,1557,68633,0.01
24,70214,5134,0.0,6509,1557,68657,0.01
15,70229,5134,0.0,6510,1557,68672,0.01
24,70253,5134,0.0,6511,1557,68696,0.01
10,70263,5135,1.0,6512,1557,68706,0.01
34,70297,5135,0.0,6513,1559,68738,0.01
11,70308,5135,0.0,6514,1559,68749,0.01
2,70310,5135,0.0,6515,1559,68751,0.01
12,70322,5135,0.0,6516,1559,68763,0.01
6,70328,5135,0.0,6517,1559,68769,0.01
7,70335,5136,1.0,6518,1559,68776,0.01
28,70363,5137,1.0,6519,1560,68803,0.01
19,70382,5137,0.0,6520,1560,68822,0.01
7,70389,5138,1.0,6521,1560,68829,0.01
7,70396,5139,1.0,6522,1560,68836,0.01
7,70403,5140,1.0,6523,1560,68843,0.01
7,70410,5141,1.0,6524,1560,68850,0.01
7,70417,5142,1.0,6525,1560,68857,0.01
7,70424,5143,1.0,6526,1560,68864,0.01
7,70431,5144,1.0,6527,1560,68871,0.01
7,70438,5145,1.0,6528,1560,68878,0.01
7,70445,5146,1.0,6529,1560,68885,0.01
7,70452,5147,1.0,6530,1561,68891,0.01
7,70459,5148,1.0,6531,1561,68898,0.01
7,70466,5149,1.0,6532,1561,68905,0.01
7,70473,5150,1.0,6533,1561,68912,0.01
7,70480,5151,1.0,6534,1561,68919,0.01
7,70487,5152,1.0,6535,1561,68926,0.01
7,70494,5153,1.0,6536,1561,68933,0.01
24,70518,5153,0.0,6537,1562,68956,0.01
45,70563,5154,1.0,6538,1562,69001,0.01
7,70570,5155,1.0,6539,1562,69008,0.01
45,70615,5156,1.0,6540,1562,69053,0.01
95,70710,5157,1.0,6541,1562,69148,0.01
35,70745,5157,0.0,6542,1562,69183,0.01
23,70768,5157,0.0,6543,1562,69206,0.01
30,70798,5157,0.0,6544,1562,69236,0.01
77,70875,5158,1.0,6545,1562,69313,0.01
7,70882,5159,1.0,6546,1562,69320,0.01
7,70889,5160,1.0,6547,1562,69327,0.01
7,70896,5161,1.0,6548,1562,69334,0.01
7,70903,5162,1.0,6549,1562,69341,0.01
7,70910,5163,1.0,6550,1562,69348,0.01
7,70917,5164,1.0,6551,1562,69355,0.01
7,70924,5165,1.0,6552,1562,69362,0.01
7,70931,5166,1.0,6553,1562,69369,0.01
7,70938,5167,1.0,6554,1562,69376,0.01
7,70945,5168,1.0,6555,1562,69383,0.01
7,70952,5169,1.0,6556,1562,69390,0.01
7,70959,5170,1.0,6557,1562,69397,0.01
7,70966,5171,1.0,6558,1562,69404,0.01
7,70973,5172,1.0,6559,1562,69411,0.01
7,70980,5173,1.0,6560,1562,69418,0.01
7,70987,5174,1.0,6561,1562,69425,0.01
7,70994,5175,1.0,6562,1562,69432,0.01
7,71001,5176,1.0,6563,1562,69439,0.01
7,71008,5177,1.0,6564,1562,69446,0.01
7,71015,5178,1.0,6565,1562,69453,0.01
7,71022,5179,1.0,6566,1562,69460,0.01
7,71029,5180,1.0,6567,1562,69467,0.01
7,71036,5181,1.0,6568,1562,69474,0.01
7,71043,5182,1.0,6569,1562,69481,0.01
7,71050,5183,1.0,6570,1562,69488,0.01
7,71057,5184,1.0,6571,1562,69495,0.01
7,71064,5185,1.0,6572,1562,69502,0.01
7,71071,5186,1.0,6573,1562,69509,0.01
7,71078,5187,1.0,6574,1562,69516,0.01
7,71085,5188,1.0,6575,1562,69523,0.01
7,71092,5189,1.0,6576,1562,69530,0.01
7,71099,5190,1.0,6577,1562,69537,0.01
7,71106,5191,1.0,6578,1562,69544,0.01
7,71113,5192,1.0,6579,1562,69551,0.01
7,71120,5193,1.0,6580,1562,69558,0.01
7,71127,5194,1.0,6581,1562,69565,0.01
7,71134,5195,1.0,6582,1562,69572,0.01
7,71141,5196,1.0,6583,1562,69579,0.01
7,71148,5197,1.0,6584,1562,69586,0.01
7,71155,5198,1.0,6585,1562,69593,0.01
7,71162,5199,1.0,6586,1562,69600,0.01
7,71169,5200,1.0,6587,1562,69607,0.01
98,71267,5200,0.0,6588,1564,69703,0.01
10,71277,5200,0.0,6589,1564,69713,0.01
23,71300,5200,0.0,6590,1564,69736,0.01
34,71334,5200,0.0,6591,1564,69770,0.01
57,71391,5201,1.0,6592,1564,69827,0.01
40,71431,5201,0.0,6593,1565,69866,0.01
10,71441,5201,0.0,6594,1565,69876,0.01
34,71475,5201,0.0,6595,1566,69909,0.01
57,71532,5202,1.0,6596,1566,69966,0.01
57,71589,5203,1.0,6597,1567,70022,0.01
43,71632,5203,0.0,6598,1567,70065,0.01
37,71669,5204,1.0,6599,1568,70101,0.01
40,71709,5204,0.0,6600,1569,70140,0.01
26,71735,5205,1.0,6601,1569,70166,0.01
17,71752,5205,0.0,6602,1569,70183,0.01
17,71769,5205,0.0,6603,1569,70200,0.01
16,71785,5206,1.0,6604,1569,70216,0.01
12,71797,5207,1.0,6605,1569,70228,0.01
8,71805,5207,0.0,6606,1569,70236,0.01
26,71831,5208,1.0,6607,1569,70262,0.01
12,71843,5209,1.0,6608,1570,70273,0.01
12,71855,5210,1.0,6609,1570,70285,0.01
12,71867,5211,1.0,6610,1570,70297,0.01
12,71879,5212,1.0,6611,1570,70309,0.01
12,71891,5213,1.0,6612,1570,70321,0.01
12,71903,5214,1.0,6613,1570,70333,0.01
12,71915,5215,1.0,6614,1570,70345,0.01
12,71927,5216,1.0,6615,1570,70357,0.01
12,71939,5217,1.0,6616,1570,70369,0.01
12,71951,5218,1.0,6617,1570,70381,0.01
12,71963,5219,1.0,6618,1570,70393,0.01
12,71975,5220,1.0,6619,1570,70405,0.01
12,71987,5221,1.0,6620,1570,70417,0.01
12,71999,5222,1.0,6621,1571,70428,0.01
12,72011,5223,1.0,6622,1571,70440,0.01
12,72023,5224,1.0,6623,1571,70452,0.01
12,72035,5225,1.0,6624,1571,70464,0.01
12,72047,5226,1.0,6625,1571,70476,0.01
12,72059,5227,1.0,6626,1571,70488,0.01
12,72071,5228,1.0,6627,1571,70500,0.01
12,72083,5229,1.0,6628,1571,70512,0.01
12,72095,5230,1.0,6629,1571,70524,0.01
12,72107,5231,1.0,6630,1571,70536,0.01
12,72119,5232,1.0,6631,1571,70548,0.01
9,72128,5233,1.0,6632,1572,70556,0.01
9,72137,5234,1.0,6633,1572,70565,0.01
9,72146,5235,1.0,6634,1572,70574,0.01
9,72155,5236,1.0,6635,1572,70583,0.01
9,72164,5237,1.0,6636,1572,70592,0.01
9,72173,5238,1.0,6637,1572,70601,0.01
9,72182,5239,1.0,6638,1572,70610,0.01
9,72191,5240,1.0,6639,1572,70619,0.01
9,72200,5241,1.0,6640,1572,70628,0.01
18,72218,5241,0.0,6641,1573,70645,0.01
9,72227,5242,1.0,6642,1573,70654,0.01
9,72236,5243,1.0,6643,1573,70663,0.01
9,72245,5244,1.0,6644,1575,70670,0.01
9,72254,5245,1.0,6645,1575,70679,0.01
9,72263,5246,1.0,6646,1575,70688,0.01
9,72272,5247,1.0,6647,1575,70697,0.01
9,72281,5248,1.0,6648,1575,70706,0.01
9,72290,5249,1.0,6649,1575,70715,0.01
9,72299,5250,1.0,6650,1575,70724,0.01
9,72308,5251,1.0,6651,1576,70732,0.01
9,72317,5252,1.0,6652,1576,70741,0.01
9,72326,5253,1.0,6653,1576,70750,0.01
9,72335,5254,1.0,6654,1576,70759,0.01
9,72344,5255,1.0,6655,1576,70768,0.01
9,72353,5256,1.0,6656,1576,70777,0.01
9,72362,5257,1.0,6657,1576,70786,0.01
9,72371,5258,1.0,6658,1576,70795,0.01
9,72380,5259,1.0,6659,1576,70804,0.01
18,72398,5259,0.0,6660,1577,70821,0.01
9,72407,5260,1.0,6661,1577,70830,0.01
9,72416,5261,1.0,6662,1577,70839,0.01
9,72425,5262,1.0,6663,1577,70848,0.01
9,72434,5263,1.0,6664,1578,70856,0.01
9,72443,5264,1.0,6665,1578,70865,0.01
9,72452,5265,1.0,6666,1578,70874,0.01
9,72461,5266,1.0,6667,1578,70883,0.01
9,72470,5267,1.0,6668,1578,70892,0.01
9,72479,5268,1.0,6669,1578,70901,0.01
9,72488,5269,1.0,6670,1578,70910,0.01
9,72497,5270,1.0,6671,1578,70919,0.01
9,72506,5271,1.0,6672,1578,70928,0.01
9,72515,5272,1.0,6673,1578,70937,0.01
9,72524,5273,1.0,6674,1578,70946,0.01
9,72533,5274,1.0,6675,1578,70955,0.01
9,72542,5275,1.0,6676,1578,70964,0.01
9,72551,5276,1.0,6677,1578,70973,0.01
9,72560,5277,1.0,6678,1578,70982,0.01
9,72569,5278,1.0,6679,1578,70991,0.01
9,72578,5279,1.0,6680,1578,71000,0.01
9,72587,5280,1.0,6681,1578,71009,0.01
9,72596,5281,1.0,6682,1579,71017,0.01
9,72605,5282,1.0,6683,1579,71026,0.01
9,72614,5283,1.0,6684,1579,71035,0.01
9,72623,5284,1.0,6685,1579,71044,0.01
9,72632,5285,1.0,6686,1579,71053,0.01
9,72641,5286,1.0,6687,1579,71062,0.01
9,72650,5287,1.0,6688,1579,71071,0.01
9,72659,5288,1.0,6689,1579,71080,0.01
9,72668,5289,1.0,6690,1579,71089,0.01
9,72677,5290,1.0,6691,1579,71098,0.01
9,72686,5291,1.0,6692,1579,71107,0.01
9,72695,5292,1.0,6693,1579,71116,0.01
9,72704,5293,1.0,6694,1579,71125,0.01
9,72713,5294,1.0,6695,1579,71134,0.01
9,72722,5295,1.0,6696,1579,71143,0.01
9,72731,5296,1.0,6697,1579,71152,0.01
9,72740,5297,1.0,6698,1579,71161,0.01
9,72749,5298,1.0,6699,1579,71170,0.01
18,72767,5298,0.0,6700,1580,71187,0.01
9,72776,5299,1.0,6701,1580,71196,0.01
9,72785,5300,1.0,6702,1580,71205,0.01
9,72794,5301,1.0,6703,1580,71214,0.01
9,72803,5302,1.0,6704,1580,71223,0.01
9,72812,5303,1.0,6705,1580,71232,0.01
9,72821,5304,1.0,6706,1580,71241,0.01
18,72839,5304,0.0,6707,1581,71258,0.01
9,72848,5305,1.0,6708,1581,71267,0.01
9,72857,5306,1.0,6709,1581,71276,0.01
10,72867,5307,1.0,6710,1582,71285,0.01
9,72876,5308,1.0,6711,1582,71294,0.01
9,72885,5309,1.0,6712,1582,71303,0.01
9,72894,5310,1.0,6713,1582,71312,0.01
9,72903,5311,1.0,6714,1582,71321,0.01
9,72912,5312,1.0,6715,1582,71330,0.01
9,72921,5313,1.0,6716,1582,71339,0.01
17,72938,5313,0.0,6717,1583,71355,0.01
9,72947,5314,1.0,6718,1583,71364,0.01
9,72956,5315,1.0,6719,1583,71373,0.01
9,72965,5316,1.0,6720,1584,71381,0.01
9,72974,5317,1.0,6721,1584,71390,0.01
9,72983,5318,1.0,6722,1584,71399,0.01
9,72992,5319,1.0,6723,1584,71408,0.01
9,73001,5320,1.0,6724,1584,71417,0.01
9,73010,5321,1.0,6725,1584,71426,0.01
9,73019,5322,1.0,6726,1584,71435,0.01
9,73028,5323,1.0,6727,1584,71444,0.01
9,73037,5324,1.0,6728,1584,71453,0.01
9,73046,5325,1.0,6729,1584,71462,0.01
9,73055,5326,1.0,6730,1584,71471,0.01
9,73064,5327,1.0,6731,1584,71480,0.01
9,73073,5328,1.0,6732,1584,71489,0.01
9,73082,5329,1.0,6733,1584,71498,0.01
9,73091,5330,1.0,6734,1584,71507,0.01
9,73100,5331,1.0,6735,1584,71516,0.01
9,73109,5332,1.0,6736,1584,71525,0.01
9,73118,5333,1.0,6737,1584,71534,0.01
9,73127,5334,1.0,6738,1584,71543,0.01
9,73136,5335,1.0,6739,1584,71552,0.01
9,73145,5336,1.0,6740,1584,71561,0.01
9,73154,5337,1.0,6741,1584,71570,0.01
9,73163,5338,1.0,6742,1584,71579,0.01
9,73172,5339,1.0,6743,1584,71588,0.01
9,73181,5340,1.0,6744,1584,71597,0.01
9,73190,5341,1.0,6745,1584,71606,0.01
9,73199,5342,1.0,6746,1584,71615,0.01
9,73208,5343,1.0,6747,1584,71624,0.01
9,73217,5344,1.0,6748,1584,71633,0.01
9,73226,5345,1.0,6749,1584,71642,0.01
9,73235,5346,1.0,6750,1584,71651,0.01
9,73244,5347,1.0,6751,1584,71660,0.01
9,73253,5348,1.0,6752,1584,71669,0.01
9,73262,5349,1.0,6753,1584,71678,0.01
9,73271,5350,1.0,6754,1584,71687,0.01
9,73280,5351,1.0,6755,1584,71696,0.01
9,73289,5352,1.0,6756,1584,71705,0.01
2,73291,5352,0.0,6757,1585,71706,0.01
9,73300,5353,1.0,6758,1585,71715,0.01
9,73309,5354,1.0,6759,1585,71724,0.01
18,73327,5354,0.0,6760,1586,71741,0.01
34,73361,5354,0.0,6761,1587,71774,0.01
4,73365,5354,0.0,6762,1587,71778,0.01
12,73377,5355,1.0,6763,1587,71790,0.01
20,73397,5355,0.0,6764,1587,71810,0.01
20,73417,5355,0.0,6765,1587,71830,0.01
21,73438,5355,0.0,6766,1587,71851,0.01
6,73444,5355,0.0,6767,1587,71857,0.01
12,73456,5355,0.0,6768,1587,71869,0.01
19,73475,5355,0.0,6769,1587,71888,0.01
6,73481,5355,0.0,6770,1587,71894,0.01
6,73487,5355,0.0,6771,1587,71900,0.01
4,73491,5355,0.0,6772,1587,71904,0.01
6,73497,5355,0.0,6773,1587,71910,0.01
43,73540,5356,1.0,6774,1588,71952,0.01
14,73554,5356,0.0,6775,1588,71966,0.01
24,73578,5356,0.0,6776,1588,71990,0.01
5,73583,5356,0.0,6777,1588,71995,0.01
10,73593,5356,0.0,6778,1588,72005,0.01
5,73598,5356,0.0,6779,1588,72010,0.01
19,73617,5356,0.0,6780,1588,72029,0.01
20,73637,5356,0.0,6781,1588,72049,0.01
17,73654,5357,1.0,6782,1588,72066,0.01
31,73685,5357,0.0,6783,1589,72096,0.01
27,73712,5357,0.0,6784,1590,72122,0.01
7,73719,5357,0.0,6785,1590,72129,0.01
17,73736,5357,0.0,6786,1590,72146,0.01
17,73753,5358,1.0,6787,1590,72163,0.01
17,73770,5358,0.0,6788,1590,72180,0.01
17,73787,5358,0.0,6789,1590,72197,0.01
17,73804,5358,0.0,6790,1591,72213,0.01
17,73821,5358,0.0,6791,1591,72230,0.01
17,73838,5358,0.0,6792,1591,72247,0.01
17,73855,5358,0.0,6793,1591,72264,0.01
17,73872,5358,0.0,6794,1591,72281,0.01
43,73915,5358,0.0,6795,1591,72324,0.01
23,73938,5358,0.0,6796,1591,72347,0.01
17,73955,5358,0.0,6797,1591,72364,0.01
17,73972,5358,0.0,6798,1591,72381,0.01
16,73988,5359,1.0,6799,1591,72397,0.01
14,74002,5360,1.0,6800,1591,72411,0.01
14,74016,5361,1.0,6801,1591,72425,0.01
5,74021,5361,0.0,6802,1592,72429,0.01
14,74035,5362,1.0,6803,1592,72443,0.01
14,74049,5363,1.0,6804,1592,72457,0.01
14,74063,5364,1.0,6805,1592,72471,0.01
14,74077,5365,1.0,6806,1592,72485,0.01
68,74145,5365,0.0,6807,1593,72552,0.01
14,74159,5366,1.0,6808,1593,72566,0.01
14,74173,5367,1.0,6809,1594,72579,0.01
14,74187,5368,1.0,6810,1594,72593,0.01
14,74201,5369,1.0,6811,1594,72607,0.01
14,74215,5370,1.0,6812,1594,72621,0.01
14,74229,5371,1.0,6813,1594,72635,0.01
14,74243,5372,1.0,6814,1594,72649,0.01
14,74257,5373,1.0,6815,1594,72663,0.01
14,74271,5374,1.0,6816,1594,72677,0.01
14,74285,5375,1.0,6817,1594,72691,0.01
26,74311,5376,1.0,6818,1595,72716,0.01
14,74325,5377,1.0,6819,1595,72730,0.01
14,74339,5378,1.0,6820,1595,72744,0.01
14,74353,5379,1.0,6821,1595,72758,0.01
14,74367,5380,1.0,6822,1595,72772,0.01
14,74381,5381,1.0,6823,1595,72786,0.01
14,74395,5382,1.0,6824,1595,72800,0.01
14,74409,5383,1.0,6825,1596,72813,0.01
14,74423,5384,1.0,6826,1596,72827,0.01
14,74437,5385,1.0,6827,1596,72841,0.01
14,74451,5386,1.0,6828,1596,72855,0.01
14,74465,5387,1.0,6829,1596,72869,0.01
14,74479,5388,1.0,6830,1596,72883,0.01
14,74493,5389,1.0,6831,1596,72897,0.01
14,74507,5390,1.0,6832,1596,72911,0.01
14,74521,5391,1.0,6833,1596,72925,0.01
14,74535,5392,1.0,6834,1596,72939,0.01
14,74549,5393,1.0,6835,1596,72953,0.01
14,74563,5394,1.0,6836,1596,72967,0.01
14,74577,5395,1.0,6837,1596,72981,0.01
14,74591,5396,1.0,6838,1596,72995,0.01
14,74605,5397,1.0,6839,1596,73009,0.01
14,74619,5398,1.0,6840,1596,73023,0.01
14,74633,5399,1.0,6841,1597,73036,0.01
57,74690,5400,1.0,6842,1598,73092,0.01
14,74704,5401,1.0,6843,1598,73106,0.01
14,74718,5402,1.0,6844,1598,73120,0.01
14,74732,5403,1.0,6845,1598,73134,0.01
14,74746,5404,1.0,6846,1598,73148,0.01
14,74760,5405,1.0,6847,1598,73162,0.01
14,74774,5406,1.0,6848,1598,73176,0.01
14,74788,5407,1.0,6849,1598,73190,0.01
14,74802,5408,1.0,6850,1598,73204,0.01
14,74816,5409,1.0,6851,1598,73218,0.01
14,74830,5410,1.0,6852,1598,73232,0.01
14,74844,5411,1.0,6853,1598,73246,0.01
14,74858,5412,1.0,6854,1598,73260,0.01
14,74872,5413,1.0,6855,1599,73273,0.01
14,74886,5414,1.0,6856,1599,73287,0.01
14,74900,5415,1.0,6857,1599,73301,0.01
14,74914,5416,1.0,6858,1599,73315,0.01
14,74928,5417,1.0,6859,1600,73328,0.01
14,74942,5418,1.0,6860,1600,73342,0.01
14,74956,5419,1.0,6861,1600,73356,0.01
14,74970,5420,1.0,6862,1600,73370,0.01
14,74984,5421,1.0,6863,1600,73384,0.01
14,74998,5422,1.0,6864,1600,73398,0.01
14,75012,5423,1.0,6865,1600,73412,0.01
5,75017,5423,0.0,6866,1601,73416,0.01
14,75031,5424,1.0,6867,1601,73430,0.01
16,75047,5425,1.0,6868,1603,73444,0.01
14,75061,5426,1.0,6869,1603,73458,0.01
8,75069,5426,0.0,6870,1604,73465,0.01
14,75083,5427,1.0,6871,1604,73479,0.01
14,75097,5428,1.0,6872,1604,73493,0.01
14,75111,5429,1.0,6873,1604,73507,0.01
14,75125,5430,1.0,6874,1604,73521,0.01
14,75139,5431,1.0,6875,1604,73535,0.01
14,75153,5432,1.0,6876,1604,73549,0.01
14,75167,5433,1.0,6877,1604,73563,0.01
14,75181,5434,1.0,6878,1604,73577,0.01
14,75195,5435,1.0,6879,1604,73591,0.01
14,75209,5436,1.0,6880,1605,73604,0.01
14,75223,5437,1.0,6881,1605,73618,0.01
14,75237,5438,1.0,6882,1605,73632,0.01
14,75251,5439,1.0,6883,1605,73646,0.01
14,75265,5440,1.0,6884,1606,73659,0.01
14,75279,5441,1.0,6885,1606,73673,0.01
14,75293,5442,1.0,6886,1606,73687,0.01
14,75307,5443,1.0,6887,1606,73701,0.01
14,75321,5444,1.0,6888,1606,73715,0.01
12,75333,5444,0.0,6889,1607,73726,0.01
14,75347,5445,1.0,6890,1607,73740,0.01
14,75361,5446,1.0,6891,1607,73754,0.01
14,75375,5447,1.0,6892,1607,73768,0.01
14,75389,5448,1.0,6893,1607,73782,0.01
14,75403,5449,1.0,6894,1608,73795,0.01
14,75417,5450,1.0,6895,1608,73809,0.01
14,75431,5451,1.0,6896,1608,73823,0.01
14,75445,5452,1.0,6897,1608,73837,0.01
14,75459,5453,1.0,6898,1609,73850,0.01
14,75473,5454,1.0,6899,1609,73864,0.01
14,75487,5455,1.0,6900,1609,73878,0.01
14,75501,5456,1.0,6901,1611,73890,0.01
14,75515,5457,1.0,6902,1612,73903,0.01
14,75529,5458,1.0,6903,1612,73917,0.01
14,75543,5459,1.0,6904,1613,73930,0.01
14,75557,5460,1.0,6905,1613,73944,0.01
14,75571,5461,1.0,6906,1613,73958,0.01
14,75585,5462,1.0,6907,1613,73972,0.01
14,75599,5463,1.0,6908,1613,73986,0.01
14,75613,5464,1.0,6909,1613,74000,0.01
14,75627,5465,1.0,6910,1613,74014,0.01
14,75641,5466,1.0,6911,1613,74028,0.01
14,75655,5467,1.0,6912,1613,74042,0.01
14,75669,5468,1.0,6913,1613,74056,0.01
14,75683,5469,1.0,6914,1613,74070,0.01
7,75690,5469,0.0,6915,1614,74076,0.01
14,75704,5470,1.0,6916,1614,74090,0.01
14,75718,5471,1.0,6917,1615,74103,0.01
14,75732,5472,1.0,6918,1617,74115,0.01
14,75746,5473,1.0,6919,1617,74129,0.01
14,75760,5474,1.0,6920,1617,74143,0.01
14,75774,5475,1.0,6921,1617,74157,0.01
14,75788,5476,1.0,6922,1617,74171,0.01
14,75802,5477,1.0,6923,1617,74185,0.01
14,75816,5478,1.0,6924,1617,74199,0.01
14,75830,5479,1.0,6925,1617,74213,0.01
14,75844,5480,1.0,6926,1618,74226,0.01
14,75858,5481,1.0,6927,1619,74239,0.01
14,75872,5482,1.0,6928,1619,74253,0.01
14,75886,5483,1.0,6929,1619,74267,0.01
14,75900,5484,1.0,6930,1619,74281,0.01
23,75923,5484,0.0,6931,1620,74303,0.01
13,75936,5484,0.0,6932,1621,74315,0.01
34,75970,5484,0.0,6933,1621,74349,0.01
14,75984,5485,1.0,6934,1621,74363,0.01
15,75999,5485,0.0,6935,1621,74378,0.01
14,76013,5486,1.0,6936,1621,74392,0.01
10,76023,5486,0.0,6937,1621,74402,0.01
13,76036,5486,0.0,6938,1621,74415,0.01
17,76053,5486,0.0,6939,1621,74432,0.01
47,76100,5486,0.0,6940,1622,74478,0.01
8,76108,5486,0.0,6941,1622,74486,0.01
13,76121,5486,0.0,6942,1622,74499,0.01
47,76168,5486,0.0,6943,1622,74546,0.01
12,76180,5487,1.0,6944,1622,74558,0.01
6,76186,5487,0.0,6945,1622,74564,0.01
6,76192,5487,0.0,6946,1622,74570,0.01
47,76239,5487,0.0,6947,1623,74616,0.01
6,76245,5487,0.0,6948,1623,74622,0.01
47,76292,5487,0.0,6949,1623,74669,0.01
10,76302,5487,0.0,6950,1624,74678,0.01
26,76328,5488,1.0,6951,1624,74704,0.01
11,76339,5488,0.0,6952,1624,74715,0.01
6,76345,5488,0.0,6953,1624,74721,0.01
11,76356,5488,0.0,6954,1624,74732,0.01
10,76366,5488,0.0,6955,1624,74742,0.01
20,76386,5488,0.0,6956,1625,74761,0.01
10,76396,5488,0.0,6957,1625,74771,0.01
24,76420,5488,0.0,6958,1626,74794,0.01
20,76440,5488,0.0,6959,1626,74814,0.01
18,76458,5488,0.0,6960,1626,74832,0.01
10,76468,5488,0.0,6961,1626,74842,0.01
17,76485,5488,0.0,6962,1626,74859,0.01
15,76500,5488,0.0,6963,1626,74874,0.01
25,76525,5488,0.0,6964,1626,74899,0.01
15,76540,5488,0.0,6965,1626,74914,0.01
10,76550,5488,0.0,6966,1626,74924,0.01
5,76555,5488,0.0,6967,1626,74929,0.01
16,76571,5489,1.0,6968,1626,74945,0.01
15,76586,5489,0.0,6969,1626,74960,0.01
15,76601,5489,0.0,6970,1626,74975,0.01
15,76616,5489,0.0,6971,1626,74990,0.01
15,76631,5489,0.0,6972,1626,75005,0.01
15,76646,5489,0.0,6973,1626,75020,0.01
20,76666,5489,0.0,6974,1626,75040,0.01
14,76680,5490,1.0,6975,1626,75054,0.01
14,76694,5491,1.0,6976,1626,75068,0.01
6,76700,5491,0.0,6977,1626,75074,0.01
14,76714,5492,1.0,6978,1626,75088,0.01
14,76728,5493,1.0,6979,1626,75102,0.01
14,76742,5494,1.0,6980,1626,75116,0.01
14,76756,5495,1.0,6981,1626,75130,0.01
14,76770,5496,1.0,6982,1626,75144,0.01
14,76784,5497,1.0,6983,1626,75158,0.01
14,76798,5498,1.0,6984,1627,75171,0.01
14,76812,5499,1.0,6985,1628,75184,0.01
14,76826,5500,1.0,6986,1628,75198,0.01
14,76840,5501,1.0,6987,1628,75212,0.01
14,76854,5502,1.0,6988,1628,75226,0.01
14,76868,5503,1.0,6989,1628,75240,0.01
14,76882,5504,1.0,6990,1628,75254,0.01
14,76896,5505,1.0,6991,1628,75268,0.01
14,76910,5506,1.0,6992,1628,75282,0.01
14,76924,5507,1.0,6993,1628,75296,0.01
14,76938,5508,1.0,6994,1628,75310,0.01
24,76962,5508,0.0,6995,1629,75333,0.01
17,76979,5508,0.0,6996,1630,75349,0.01
6,76985,5508,0.0,6997,1630,75355,0.01
17,77002,5508,0.0,6998,1630,75372,0.01
16,77018,5509,1.0,6999,1630,75388,0.01
8,77026,5509,0.0,7000,1630,75396,0.01
14,77040,5510,1.0,7001,1630,75410,0.01
23,77063,5510,0.0,7002,1630,75433,0.01
19,77082,5510,0.0,7003,1631,75451,0.01
14,77096,5511,1.0,7004,1631,75465,0.01
14,77110,5512,1.0,7005,1631,75479,0.01
14,77124,5513,1.0,7006,1631,75493,0.01
14,77138,5514,1.0,7007,1631,75507,0.01
14,77152,5515,1.0,7008,1631,75521,0.01
14,77166,5516,1.0,7009,1632,75534,0.01
14,77180,5517,1.0,7010,1632,75548,0.01
11,77191,5517,0.0,7011,1633,75558,0.01
8,77199,5517,0.0,7012,1634,75565,0.01
17,77216,5517,0.0,7013,1634,75582,0.01
17,77233,5517,0.0,7014,1634,75599,0.01
17,77250,5517,0.0,7015,1634,75616,0.01
8,77258,5517,0.0,7016,1634,75624,0.01
15,77273,5517,0.0,7017,1634,75639,0.01
8,77281,5517,0.0,7018,1634,75647,0.01
19,77300,5517,0.0,7019,1634,75666,0.01
21,77321,5517,0.0,7020,1634,75687,0.01
11,77332,5517,0.0,7021,1634,75698,0.01
6,77338,5517,0.0,7022,1635,75703,0.01
17,77355,5517,0.0,7023,1635,75720,0.01
15,77370,5517,0.0,7024,1636,75734,0.01
13,77383,5517,0.0,7025,1637,75746,0.01
18,77401,5517,0.0,7026,1637,75764,0.01
24,77425,5517,0.0,7027,1637,75788,0.01
20,77445,5517,0.0,7028,1637,75808,0.01
6,77451,5517,0.0,7029,1637,75814,0.01
14,77465,5517,0.0,7030,1637,75828,0.01
17,77482,5517,0.0,7031,1637,75845,0.01
13,77495,5517,0.0,7032,1637,75858,0.01
21,77516,5517,0.0,7033,1638,75878,0.01
24,77540,5517,0.0,7034,1638,75902,0.01
29,77569,5517,0.0,7035,1638,75931,0.01
23,77592,5517,0.0,7036,1638,75954,0.01
14,77606,5518,1.0,7037,1638,75968,0.01
23,77629,5518,0.0,7038,1638,75991,0.01
23,77652,5518,0.0,7039,1639,76013,0.01
34,77686,5518,0.0,7040,1639,76047,0.01
26,77712,5519,1.0,7041,1639,76073,0.01
44,77756,5519,0.0,7042,1639,76117,0.01
24,77780,5519,0.0,7043,1639,76141,0.01
20,77800,5519,0.0,7044,1641,76159,0.01
4,77804,5519,0.0,7045,1641,76163,0.01
38,77842,5519,0.0,7046,1642,76200,0.01
33,77875,5519,0.0,7047,1642,76233,0.01
54,77929,5519,0.0,7048,1643,76286,0.01
11,77940,5520,1.0,7049,1643,76297,0.01
11,77951,5521,1.0,7050,1643,76308,0.01
11,77962,5522,1.0,7051,1643,76319,0.01
11,77973,5523,1.0,7052,1643,76330,0.01
11,77984,5524,1.0,7053,1643,76341,0.01
11,77995,5525,1.0,7054,1643,76352,0.01
11,78006,5526,1.0,7055,1643,76363,0.01
11,78017,5527,1.0,7056,1643,76374,0.01
11,78028,5528,1.0,7057,1643,76385,0.01
11,78039,5529,1.0,7058,1643,76396,0.01
11,78050,5530,1.0,7059,1643,76407,0.01
7,78057,5530,0.0,7060,1644,76413,0.01
11,78068,5531,1.0,7061,1644,76424,0.01
11,78079,5532,1.0,7062,1644,76435,0.01
11,78090,5533,1.0,7063,1644,76446,0.01
11,78101,5534,1.0,7064,1644,76457,0.01
11,78112,5535,1.0,7065,1644,76468,0.01
11,78123,5536,1.0,7066,1644,76479,0.01
11,78134,5537,1.0,7067,1644,76490,0.01
11,78145,5538,1.0,7068,1644,76501,0.01
11,78156,5539,1.0,7069,1644,76512,0.01
11,78167,5540,1.0,7070,1644,76523,0.01
11,78178,5541,1.0,7071,1644,76534,0.01
11,78189,5542,1.0,7072,1644,76545,0.01
11,78200,5543,1.0,7073,1644,76556,0.01
11,78211,5544,1.0,7074,1644,76567,0.01
11,78222,5545,1.0,7075,1644,76578,0.01
11,78233,5546,1.0,7076,1644,76589,0.01
11,78244,5547,1.0,7077,1644,76600,0.01
11,78255,5548,1.0,7078,1644,76611,0.01
11,78266,5549,1.0,7079,1644,76622,0.01
11,78277,5550,1.0,7080,1644,76633,0.01
11,78288,5551,1.0,7081,1644,76644,0.01
11,78299,5552,1.0,7082,1644,76655,0.01
11,78310,5553,1.0,7083,1644,76666,0.01
11,78321,5554,1.0,7084,1644,76677,0.01
11,78332,5555,1.0,7085,1644,76688,0.01
11,78343,5556,1.0,7086,1644,76699,0.01
11,78354,5557,1.0,7087,1644,76710,0.01
11,78365,5558,1.0,7088,1644,76721,0.01
11,78376,5559,1.0,7089,1644,76732,0.01
11,78387,5560,1.0,7090,1644,76743,0.01
11,78398,5561,1.0,7091,1644,76754,0.01
41,78439,5562,1.0,7092,1646,76793,0.01
8,78447,5562,0.0,7093,1646,76801,0.01
11,78458,5563,1.0,7094,1646,76812,0.01
13,78471,5563,0.0,7095,1646,76825,0.01
20,78491,5564,1.0,7096,1647,76844,0.01
20,78511,5565,1.0,7097,1647,76864,0.01
20,78531,5566,1.0,7098,1647,76884,0.01
8,78539,5566,0.0,7099,1647,76892,0.01
20,78559,5567,1.0,7100,1647,76912,0.01
11,78570,5568,1.0,7101,1647,76923,0.01
11,78581,5569,1.0,7102,1647,76934,0.01
11,78592,5570,1.0,7103,1647,76945,0.01
11,78603,5571,1.0,7104,1647,76956,0.01
11,78614,5572,1.0,7105,1647,76967,0.01
11,78625,5573,1.0,7106,1647,76978,0.01
11,78636,5574,1.0,7107,1647,76989,0.01
11,78647,5575,1.0,7108,1647,77000,0.01
20,78667,5576,1.0,7109,1648,77019,0.01
11,78678,5577,1.0,7110,1648,77030,0.01
11,78689,5578,1.0,7111,1648,77041,0.01
4,78693,5578,0.0,7112,1649,77044,0.01
11,78704,5579,1.0,7113,1649,77055,0.01
11,78715,5580,1.0,7114,1649,77066,0.01
11,78726,5581,1.0,7115,1649,77077,0.01
11,78737,5582,1.0,7116,1650,77087,0.01
11,78748,5583,1.0,7117,1650,77098,0.01
11,78759,5584,1.0,7118,1650,77109,0.01
11,78770,5585,1.0,7119,1650,77120,0.01
11,78781,5586,1.0,7120,1650,77131,0.01
11,78792,5587,1.0,7121,1651,77141,0.01
11,78803,5588,1.0,7122,1651,77152,0.01
11,78814,5589,1.0,7123,1651,77163,0.01
11,78825,5590,1.0,7124,1651,77174,0.01
11,78836,5591,1.0,7125,1651,77185,0.01
11,78847,5592,1.0,7126,1651,77196,0.01
11,78858,5593,1.0,7127,1651,77207,0.01
11,78869,5594,1.0,7128,1651,77218,0.01
11,78880,5595,1.0,7129,1651,77229,0.01
11,78891,5596,1.0,7130,1651,77240,0.01
11,78902,5597,1.0,7131,1651,77251,0.01
11,78913,5598,1.0,7132,1651,77262,0.01
6,78919,5598,0.0,7133,1652,77267,0.01
11,78930,5599,1.0,7134,1652,77278,0.01
11,78941,5600,1.0,7135,1652,77289,0.01
11,78952,5601,1.0,7136,1652,77300,0.01
11,78963,5602,1.0,7137,1652,77311,0.01
8,78971,5602,0.0,7138,1653,77318,0.01
11,78982,5603,1.0,7139,1653,77329,0.01
11,78993,5604,1.0,7140,1653,77340,0.01
11,79004,5605,1.0,7141,1653,77351,0.01
11,79015,5606,1.0,7142,1653,77362,0.01
11,79026,5607,1.0,7143,1653,77373,0.01
11,79037,5608,1.0,7144,1653,77384,0.01
11,79048,5609,1.0,7145,1653,77395,0.01
8,79056,5609,0.0,7146,1654,77402,0.01
20,79076,5610,1.0,7147,1655,77421,0.01
20,79096,5611,1.0,7148,1655,77441,0.01
20,79116,5612,1.0,7149,1655,77461,0.01
20,79136,5613,1.0,7150,1655,77481,0.01
17,79153,5613,0.0,7151,1655,77498,0.01
20,79173,5614,1.0,7152,1655,77518,0.01
20,79193,5615,1.0,7153,1655,77538,0.01
20,79213,5616,1.0,7154,1655,77558,0.01
14,79227,5616,0.0,7155,1655,77572,0.01
20,79247,5617,1.0,7156,1655,77592,0.01
20,79267,5618,1.0,7157,1655,77612,0.01
2,79269,5618,0.0,7158,1656,77613,0.01
20,79289,5619,1.0,7159,1656,77633,0.01
20,79309,5620,1.0,7160,1656,77653,0.01
20,79329,5621,1.0,7161,1656,77673,0.01
20,79349,5622,1.0,7162,1656,77693,0.01
20,79369,5623,1.0,7163,1656,77713,0.01
20,79389,5624,1.0,7164,1656,77733,0.01
20,79409,5625,1.0,7165,1656,77753,0.01
26,79435,5625,0.0,7166,1657,77778,0.01
10,79445,5625,0.0,7167,1657,77788,0.01
11,79456,5626,1.0,7168,1657,77799,0.01
11,79467,5627,1.0,7169,1657,77810,0.01
11,79478,5628,1.0,7170,1657,77821,0.01
11,79489,5629,1.0,7171,1657,77832,0.01
11,79500,5630,1.0,7172,1657,77843,0.01
11,79511,5631,1.0,7173,1657,77854,0.01
11,79522,5632,1.0,7174,1657,77865,0.01
11,79533,5633,1.0,7175,1657,77876,0.01
11,79544,5634,1.0,7176,1657,77887,0.01
11,79555,5635,1.0,7177,1657,77898,0.01
11,79566,5636,1.0,7178,1657,77909,0.01
11,79577,5637,1.0,7179,1657,77920,0.01
11,79588,5638,1.0,7180,1657,77931,0.01
11,79599,5639,1.0,7181,1657,77942,0.01
11,79610,5640,1.0,7182,1657,77953,0.01
11,79621,5641,1.0,7183,1657,77964,0.01
11,79632,5642,1.0,7184,1657,77975,0.01
11,79643,5643,1.0,7185,1657,77986,0.01
11,79654,5644,1.0,7186,1657,77997,0.01
11,79665,5645,1.0,7187,1657,78008,0.01
11,79676,5646,1.0,7188,1657,78019,0.01
11,79687,5647,1.0,7189,1657,78030,0.01
11,79698,5648,1.0,7190,1657,78041,0.01
11,79709,5649,1.0,7191,1657,78052,0.01
11,79720,5650,1.0,7192,1657,78063,0.01
11,79731,5651,1.0,7193,1657,78074,0.01
4,79735,5651,0.0,7194,1658,78077,0.01
11,79746,5652,1.0,7195,1658,78088,0.01
11,79757,5653,1.0,7196,1658,78099,0.01
11,79768,5654,1.0,7197,1658,78110,0.01
11,79779,5655,1.0,7198,1658,78121,0.01
11,79790,5656,1.0,7199,1658,78132,0.01
11,79801,5657,1.0,7200,1658,78143,0.01
11,79812,5658,1.0,7201,1658,78154,0.01
11,79823,5659,1.0,7202,1658,78165,0.01
11,79834,5660,1.0,7203,1659,78175,0.01
11,79845,5661,1.0,7204,1659,78186,0.01
11,79856,5662,1.0,7205,1659,78197,0.01
11,79867,5663,1.0,7206,1659,78208,0.01
11,79878,5664,1.0,7207,1659,78219,0.01
11,79889,5665,1.0,7208,1659,78230,0.01
11,79900,5666,1.0,7209,1659,78241,0.01
11,79911,5667,1.0,7210,1659,78252,0.01
11,79922,5668,1.0,7211,1659,78263,0.01
11,79933,5669,1.0,7212,1659,78274,0.01
11,79944,5670,1.0,7213,1659,78285,0.01
11,79955,5671,1.0,7214,1659,78296,0.01
11,79966,5672,1.0,7215,1659,78307,0.01
11,79977,5673,1.0,7216,1659,78318,0.01
11,79988,5674,1.0,7217,1659,78329,0.01
3,79991,5674,0.0,7218,1660,78331,0.01
11,80002,5675,1.0,7219,1661,78341,0.01
10,80012,5675,0.0,7220,1662,78350,0.01
11,80023,5676,1.0,7221,1662,78361,0.01
11,80034,5677,1.0,7222,1662,78372,0.01
11,80045,5678,1.0,7223,1662,78383,0.01
11,80056,5679,1.0,7224,1662,78394,0.01
11,80067,5680,1.0,7225,1662,78405,0.01
11,80078,5681,1.0,7226,1662,78416,0.01
11,80089,5682,1.0,7227,1662,78427,0.01
11,80100,5683,1.0,7228,1662,78438,0.01
11,80111,5684,1.0,7229,1662,78449,0.01
11,80122,5685,1.0,7230,1662,78460,0.01
11,80133,5686,1.0,7231,1662,78471,0.01
7,80140,5686,0.0,7232,1663,78477,0.01
11,80151,5687,1.0,7233,1663,78488,0.01
11,80162,5688,1.0,7234,1663,78499,0.01
11,80173,5689,1.0,7235,1663,78510,0.01
11,80184,5690,1.0,7236,1663,78521,0.01
11,80195,5691,1.0,7237,1663,78532,0.01
19,80214,5691,0.0,7238,1665,78549,0.01
16,80230,5691,0.0,7239,1665,78565,0.01
43,80273,5691,0.0,7240,1666,78607,0.01
10,80283,5692,1.0,7241,1666,78617,0.01
6,80289,5692,0.0,7242,1666,78623,0.01
7,80296,5693,1.0,7243,1666,78630,0.01
9,80305,5693,0.0,7244,1666,78639,0.01
7,80312,5694,1.0,7245,1666,78646,0.01
7,80319,5695,1.0,7246,1666,78653,0.01
7,80326,5696,1.0,7247,1666,78660,0.01
45,80371,5697,1.0,7248,1666,78705,0.01
7,80378,5698,1.0,7249,1666,78712,0.01
7,80385,5699,1.0,7250,1666,78719,0.01
7,80392,5700,1.0,7251,1666,78726,0.01
7,80399,5701,1.0,7252,1666,78733,0.01
7,80406,5702,1.0,7253,1666,78740,0.01
7,80413,5703,1.0,7254,1666,78747,0.01
7,80420,5704,1.0,7255,1666,78754,0.01
7,80427,5705,1.0,7256,1666,78761,0.01
7,80434,5706,1.0,7257,1666,78768,0.01
7,80441,5707,1.0,7258,1666,78775,0.01
7,80448,5708,1.0,7259,1666,78782,0.01
7,80455,5709,1.0,7260,1666,78789,0.01
7,80462,5710,1.0,7261,1666,78796,0.01
7,80469,5711,1.0,7262,1666,78803,0.01
7,80476,5712,1.0,7263,1666,78810,0.01
7,80483,5713,1.0,7264,1666,78817,0.01
7,80490,5714,1.0,7265,1666,78824,0.01
7,80497,5715,1.0,7266,1666,78831,0.01
7,80504,5716,1.0,7267,1666,78838,0.01
7,80511,5717,1.0,7268,1666,78845,0.01
7,80518,5718,1.0,7269,1666,78852,0.01
7,80525,5719,1.0,7270,1666,78859,0.01
7,80532,5720,1.0,7271,1666,78866,0.01
7,80539,5721,1.0,7272,1666,78873,0.01
7,80546,5722,1.0,7273,1666,78880,0.01
7,80553,5723,1.0,7274,1666,78887,0.01
7,80560,5724,1.0,7275,1666,78894,0.01
7,80567,5725,1.0,7276,1666,78901,0.01
7,80574,5726,1.0,7277,1666,78908,0.01
7,80581,5727,1.0,7278,1666,78915,0.01
7,80588,5728,1.0,7279,1666,78922,0.01
7,80595,5729,1.0,7280,1666,78929,0.01
7,80602,5730,1.0,7281,1666,78936,0.01
7,80609,5731,1.0,7282,1666,78943,0.01
7,80616,5732,1.0,7283,1666,78950,0.01
7,80623,5733,1.0,7284,1666,78957,0.01
7,80630,5734,1.0,7285,1666,78964,0.01
7,80637,5735,1.0,7286,1666,78971,0.01
7,80644,5736,1.0,7287,1666,78978,0.01
7,80651,5737,1.0,7288,1666,78985,0.01
7,80658,5738,1.0,7289,1666,78992,0.01
7,80665,5739,1.0,7290,1666,78999,0.01
7,80672,5740,1.0,7291,1666,79006,0.01
7,80679,5741,1.0,7292,1666,79013,0.01
7,80686,5742,1.0,7293,1666,79020,0.01
7,80693,5743,1.0,7294,1666,79027,0.01
7,80700,5744,1.0,7295,1666,79034,0.01
7,80707,5745,1.0,7296,1666,79041,0.01
7,80714,5746,1.0,7297,1667,79047,0.01
7,80721,5747,1.0,7298,1667,79054,0.01
7,80728,5748,1.0,7299,1667,79061,0.01
7,80735,5749,1.0,7300,1667,79068,0.01
7,80742,5750,1.0,7301,1667,79075,0.01
7,80749,5751,1.0,7302,1667,79082,0.01
3,80752,5751,0.0,7303,1668,79084,0.01
7,80759,5752,1.0,7304,1668,79091,0.01
7,80766,5753,1.0,7305,1668,79098,0.01
7,80773,5754,1.0,7306,1668,79105,0.01
7,80780,5755,1.0,7307,1668,79112,0.01
7,80787,5756,1.0,7308,1668,79119,0.01
7,80794,5757,1.0,7309,1668,79126,0.01
7,80801,5758,1.0,7310,1668,79133,0.01
7,80808,5759,1.0,7311,1668,79140,0.01
7,80815,5760,1.0,7312,1668,79147,0.01
7,80822,5761,1.0,7313,1668,79154,0.01
7,80829,5762,1.0,7314,1668,79161,0.01
7,80836,5763,1.0,7315,1668,79168,0.01
7,80843,5764,1.0,7316,1668,79175,0.01
7,80850,5765,1.0,7317,1668,79182,0.01
7,80857,5766,1.0,7318,1668,79189,0.01
7,80864,5767,1.0,7319,1668,79196,0.01
7,80871,5768,1.0,7320,1668,79203,0.01
7,80878,5769,1.0,7321,1668,79210,0.01
7,80885,5770,1.0,7322,1668,79217,0.01
7,80892,5771,1.0,7323,1668,79224,0.01
7,80899,5772,1.0,7324,1668,79231,0.01
7,80906,5773,1.0,7325,1668,79238,0.01
7,80913,5774,1.0,7326,1668,79245,0.01
7,80920,5775,1.0,7327,1668,79252,0.01
7,80927,5776,1.0,7328,1668,79259,0.01
7,80934,5777,1.0,7329,1668,79266,0.01
7,80941,5778,1.0,7330,1668,79273,0.01
7,80948,5779,1.0,7331,1668,79280,0.01
7,80955,5780,1.0,7332,1668,79287,0.01
7,80962,5781,1.0,7333,1668,79294,0.01
7,80969,5782,1.0,7334,1668,79301,0.01
7,80976,5783,1.0,7335,1668,79308,0.01
7,80983,5784,1.0,7336,1668,79315,0.01
7,80990,5785,1.0,7337,1668,79322,0.01
7,80997,5786,1.0,7338,1668,79329,0.01
7,81004,5787,1.0,7339,1668,79336,0.01
7,81011,5788,1.0,7340,1668,79343,0.01
7,81018,5789,1.0,7341,1668,79350,0.01
7,81025,5790,1.0,7342,1668,79357,0.01
7,81032,5791,1.0,7343,1668,79364,0.01
7,81039,5792,1.0,7344,1668,79371,0.01
7,81046,5793,1.0,7345,1668,79378,0.01
7,81053,5794,1.0,7346,1668,79385,0.01
7,81060,5795,1.0,7347,1668,79392,0.01
7,81067,5796,1.0,7348,1668,79399,0.01
7,81074,5797,1.0,7349,1668,79406,0.01
7,81081,5798,1.0,7350,1668,79413,0.01
7,81088,5799,1.0,7351,1668,79420,0.01
7,81095,5800,1.0,7352,1668,79427,0.01
7,81102,5801,1.0,7353,1668,79434,0.01
7,81109,5802,1.0,7354,1668,79441,0.01
9,81118,5803,1.0,7355,1669,79449,0.01
7,81125,5804,1.0,7356,1669,79456,0.01
7,81132,5805,1.0,7357,1669,79463,0.01
7,81139,5806,1.0,7358,1669,79470,0.01
7,81146,5807,1.0,7359,1669,79477,0.01
7,81153,5808,1.0,7360,1669,79484,0.01
7,81160,5809,1.0,7361,1669,79491,0.01
7,81167,5810,1.0,7362,1669,79498,0.01
7,81174,5811,1.0,7363,1669,79505,0.01
7,81181,5812,1.0,7364,1669,79512,0.01
7,81188,5813,1.0,7365,1669,79519,0.01
7,81195,5814,1.0,7366,1669,79526,0.01
7,81202,5815,1.0,7367,1669,79533,0.01
7,81209,5816,1.0,7368,1669,79540,0.01
7,81216,5817,1.0,7369,1669,79547,0.01
37,81253,5817,0.0,7370,1671,79582,0.01
19,81272,5817,0.0,7371,1671,79601,0.01
7,81279,5818,1.0,7372,1671,79608,0.01
7,81286,5819,1.0,7373,1671,79615,0.01
7,81293,5820,1.0,7374,1671,79622,0.01
7,81300,5821,1.0,7375,1671,79629,0.01
7,81307,5822,1.0,7376,1671,79636,0.01
7,81314,5823,1.0,7377,1671,79643,0.01
7,81321,5824,1.0,7378,1671,79650,0.01
7,81328,5825,1.0,7379,1671,79657,0.01
7,81335,5826,1.0,7380,1671,79664,0.01
7,81342,5827,1.0,7381,1671,79671,0.01
7,81349,5828,1.0,7382,1671,79678,0.01
7,81356,5829,1.0,7383,1671,79685,0.01
7,81363,5830,1.0,7384,1671,79692,0.01
14,81377,5830,0.0,7385,1672,79705,0.01
7,81384,5831,1.0,7386,1672,79712,0.01
7,81391,5832,1.0,7387,1672,79719,0.01
7,81398,5833,1.0,7388,1672,79726,0.01
7,81405,5834,1.0,7389,1672,79733,0.01
7,81412,5835,1.0,7390,1672,79740,0.01
7,81419,5836,1.0,7391,1672,79747,0.01
7,81426,5837,1.0,7392,1672,79754,0.01
7,81433,5838,1.0,7393,1672,79761,0.01
7,81440,5839,1.0,7394,1672,79768,0.01
7,81447,5840,1.0,7395,1672,79775,0.01
7,81454,5841,1.0,7396,1672,79782,0.01
7,81461,5842,1.0,7397,1672,79789,0.01
7,81468,5843,1.0,7398,1672,79796,0.01
7,81475,5844,1.0,7399,1672,79803,0.01
7,81482,5845,1.0,7400,1672,79810,0.01
7,81489,5846,1.0,7401,1672,79817,0.01
14,81503,5846,0.0,7402,1673,79830,0.01
9,81512,5847,1.0,7403,1674,79838,0.01
7,81519,5848,1.0,7404,1674,79845,0.01
7,81526,5849,1.0,7405,1674,79852,0.01
6,81532,5849,0.0,7406,1675,79857,0.01
7,81539,5850,1.0,7407,1675,79864,0.01
7,81546,5851,1.0,7408,1675,79871,0.01
7,81553,5852,1.0,7409,1675,79878,0.01
7,81560,5853,1.0,7410,1675,79885,0.01
7,81567,5854,1.0,7411,1675,79892,0.01
7,81574,5855,1.0,7412,1675,79899,0.01
7,81581,5856,1.0,7413,1675,79906,0.01
7,81588,5857,1.0,7414,1675,79913,0.01
7,81595,5858,1.0,7415,1675,79920,0.01
7,81602,5859,1.0,7416,1675,79927,0.01
7,81609,5860,1.0,7417,1675,79934,0.01
7,81616,5861,1.0,7418,1675,79941,0.01
7,81623,5862,1.0,7419,1675,79948,0.01
7,81630,5863,1.0,7420,1675,79955,0.01
7,81637,5864,1.0,7421,1675,79962,0.01
7,81644,5865,1.0,7422,1675,79969,0.01
7,81651,5866,1.0,7423,1675,79976,0.01
7,81658,5867,1.0,7424,1675,79983,0.01
7,81665,5868,1.0,7425,1675,79990,0.01
7,81672,5869,1.0,7426,1675,79997,0.01
7,81679,5870,1.0,7427,1675,80004,0.01
7,81686,5871,1.0,7428,1675,80011,0.01
7,81693,5872,1.0,7429,1675,80018,0.01
7,81700,5873,1.0,7430,1675,80025,0.01
7,81707,5874,1.0,7431,1675,80032,0.01
7,81714,5875,1.0,7432,1675,80039,0.01
7,81721,5876,1.0,7433,1675,80046,0.01
7,81728,5877,1.0,7434,1675,80053,0.01
7,81735,5878,1.0,7435,1675,80060,0.01
7,81742,5879,1.0,7436,1675,80067,0.01
7,81749,5880,1.0,7437,1675,80074,0.01
7,81756,5881,1.0,7438,1675,80081,0.01
7,81763,5882,1.0,7439,1675,80088,0.01
7,81770,5883,1.0,7440,1675,80095,0.01
7,81777,5884,1.0,7441,1675,80102,0.01
7,81784,5885,1.0,7442,1675,80109,0.01
7,81791,5886,1.0,7443,1675,80116,0.01
7,81798,5887,1.0,7444,1675,80123,0.01
7,81805,5888,1.0,7445,1675,80130,0.01
26,81831,5889,1.0,7446,1676,80155,0.01
16,81847,5889,0.0,7447,1676,80171,0.01
50,81897,5889,0.0,7448,1676,80221,0.01
17,81914,5889,0.0,7449,1676,80238,0.01
19,81933,5889,0.0,7450,1676,80257,0.01
10,81943,5890,1.0,7451,1676,80267,0.01
45,81988,5891,1.0,7452,1677,80311,0.01
17,82005,5891,0.0,7453,1677,80328,0.01
16,82021,5892,1.0,7454,1677,80344,0.01
12,82033,5893,1.0,7455,1677,80356,0.01
12,82045,5894,1.0,7456,1677,80368,0.01
12,82057,5895,1.0,7457,1677,80380,0.01
12,82069,5896,1.0,7458,1677,80392,0.01
12,82081,5897,1.0,7459,1677,80404,0.01
12,82093,5898,1.0,7460,1677,80416,0.01
12,82105,5899,1.0,7461,1677,80428,0.01
12,82117,5900,1.0,7462,1677,80440,0.01
12,82129,5901,1.0,7463,1677,80452,0.01
12,82141,5902,1.0,7464,1677,80464,0.01
12,82153,5903,1.0,7465,1677,80476,0.01
12,82165,5904,1.0,7466,1677,80488,0.01
12,82177,5905,1.0,7467,1677,80500,0.01
12,82189,5906,1.0,7468,1677,80512,0.01
12,82201,5907,1.0,7469,1677,80524,0.01
12,82213,5908,1.0,7470,1677,80536,0.01
12,82225,5909,1.0,7471,1677,80548,0.01
12,82237,5910,1.0,7472,1677,80560,0.01
12,82249,5911,1.0,7473,1677,80572,0.01
12,82261,5912,1.0,7474,1677,80584,0.01
12,82273,5913,1.0,7475,1677,80596,0.01
12,82285,5914,1.0,7476,1677,80608,0.01
12,82297,5915,1.0,7477,1677,80620,0.01
12,82309,5916,1.0,7478,1677,80632,0.01
12,82321,5917,1.0,7479,1677,80644,0.01
12,82333,5918,1.0,7480,1677,80656,0.01
12,82345,5919,1.0,7481,1678,80667,0.01
12,82357,5920,1.0,7482,1679,80678,0.01
17,82374,5920,0.0,7483,1680,80694,0.01
6,82380,5920,0.0,7484,1680,80700,0.01
8,82388,5920,0.0,7485,1680,80708,0.01
12,82400,5921,1.0,7486,1680,80720,0.01
17,82417,5921,0.0,7487,1680,80737,0.01
12,82429,5922,1.0,7488,1680,80749,0.01
6,82435,5922,0.0,7489,1680,80755,0.01
17,82452,5922,0.0,7490,1681,80771,0.01
7,82459,5922,0.0,7491,1681,80778,0.01
10,82469,5922,0.0,7492,1681,80788,0.01
14,82483,5923,1.0,7493,1681,80802,0.01
14,82497,5924,1.0,7494,1681,80816,0.01
14,82511,5925,1.0,7495,1681,80830,0.01
14,82525,5926,1.0,7496,1681,80844,0.01
14,82539,5927,1.0,7497,1681,80858,0.01
14,82553,5928,1.0,7498,1681,80872,0.01
14,82567,5929,1.0,7499,1681,80886,0.01
14,82581,5930,1.0,7500,1681,80900,0.01
14,82595,5931,1.0,7501,1681,80914,0.01
14,82609,5932,1.0,7502,1681,80928,0.01
14,82623,5933,1.0,7503,1681,80942,0.01
14,82637,5934,1.0,7504,1681,80956,0.01
9,82646,5934,0.0,7505,1682,80964,0.01
14,82660,5935,1.0,7506,1682,80978,0.01
14,82674,5936,1.0,7507,1682,80992,0.01
14,82688,5937,1.0,7508,1682,81006,0.01
14,82702,5938,1.0,7509,1682,81020,0.01
16,82718,5939,1.0,7510,1683,81035,0.01
14,82732,5940,1.0,7511,1683,81049,0.01
14,82746,5941,1.0,7512,1683,81063,0.01
14,82760,5942,1.0,7513,1683,81077,0.01
14,82774,5943,1.0,7514,1683,81091,0.01
14,82788,5944,1.0,7515,1683,81105,0.01
14,82802,5945,1.0,7516,1683,81119,0.01
14,82816,5946,1.0,7517,1683,81133,0.01
14,82830,5947,1.0,7518,1683,81147,0.01
14,82844,5948,1.0,7519,1683,81161,0.01
14,82858,5949,1.0,7520,1683,81175,0.01
14,82872,5950,1.0,7521,1683,81189,0.01
14,82886,5951,1.0,7522,1683,81203,0.01
14,82900,5952,1.0,7523,1683,81217,0.01
14,82914,5953,1.0,7524,1684,81230,0.01
4,82918,5953,0.0,7525,1685,81233,0.01
14,82932,5954,1.0,7526,1686,81246,0.01
14,82946,5955,1.0,7527,1686,81260,0.01
14,82960,5956,1.0,7528,1686,81274,0.01
14,82974,5957,1.0,7529,1686,81288,0.01
14,82988,5958,1.0,7530,1686,81302,0.01
14,83002,5959,1.0,7531,1686,81316,0.01
14,83016,5960,1.0,7532,1686,81330,0.01
14,83030,5961,1.0,7533,1686,81344,0.01
14,83044,5962,1.0,7534,1686,81358,0.01
14,83058,5963,1.0,7535,1686,81372,0.01
14,83072,5964,1.0,7536,1686,81386,0.01
14,83086,5965,1.0,7537,1687,81399,0.01
14,83100,5966,1.0,7538,1687,81413,0.01
14,83114,5967,1.0,7539,1687,81427,0.01
14,83128,5968,1.0,7540,1687,81441,0.01
14,83142,5969,1.0,7541,1687,81455,0.01
14,83156,5970,1.0,7542,1687,81469,0.01
14,83170,5971,1.0,7543,1688,81482,0.01
14,83184,5972,1.0,7544,1688,81496,0.01
14,83198,5973,1.0,7545,1688,81510,0.01
14,83212,5974,1.0,7546,1690,81522,0.01
14,83226,5975,1.0,7547,1690,81536,0.01
14,83240,5976,1.0,7548,1690,81550,0.01
14,83254,5977,1.0,7549,1690,81564,0.01
14,83268,5978,1.0,7550,1690,81578,0.01
14,83282,5979,1.0,7551,1690,81592,0.01
14,83296,5980,1.0,7552,1690,81606,0.01
14,83310,5981,1.0,7553,1690,81620,0.01
14,83324,5982,1.0,7554,1690,81634,0.01
14,83338,5983,1.0,7555,1690,81648,0.01
14,83352,5984,1.0,7556,1690,81662,0.01
14,83366,5985,1.0,7557,1690,81676,0.01
16,83382,5986,1.0,7558,1691,81691,0.01
14,83396,5987,1.0,7559,1691,81705,0.01
14,83410,5988,1.0,7560,1691,81719,0.01
14,83424,5989,1.0,7561,1691,81733,0.01
14,83438,5990,1.0,7562,1691,81747,0.01
6,83444,5990,0.0,7563,1692,81752,0.01
14,83458,5991,1.0,7564,1692,81766,0.01
14,83472,5992,1.0,7565,1692,81780,0.01
14,83486,5993,1.0,7566,1692,81794,0.01
14,83500,5994,1.0,7567,1692,81808,0.01
14,83514,5995,1.0,7568,1692,81822,0.01
31,83545,5995,0.0,7569,1693,81852,0.01
8,83553,5995,0.0,7570,1693,81860,0.01
8,83561,5995,0.0,7571,1693,81868,0.01
8,83569,5995,0.0,7572,1694,81875,0.01
32,83601,5995,0.0,7573,1695,81906,0.01
5,83606,5995,0.0,7574,1695,81911,0.01
5,83611,5995,0.0,7575,1695,81916,0.01
26,83637,5995,0.0,7576,1695,81942,0.01
26,83663,5996,1.0,7577,1695,81968,0.01
7,83670,5997,1.0,7578,1695,81975,0.01
3,83673,5997,0.0,7579,1695,81978,0.01
38,83711,5997,0.0,7580,1695,82016,0.01
8,83719,5997,0.0,7581,1695,82024,0.01
5,83724,5997,0.0,7582,1695,82029,0.01
23,83747,5997,0.0,7583,1696,82051,0.01
25,83772,5998,1.0,7584,1696,82076,0.01
25,83797,5999,1.0,7585,1696,82101,0.01
25,83822,6000,1.0,7586,1697,82125,0.01
22,83844,6001,1.0,7587,1698,82146,0.01
7,83851,6002,1.0,7588,1698,82153,0.01
9,83860,6003,1.0,7589,1699,82161,0.01
7,83867,6004,1.0,7590,1699,82168,0.01
7,83874,6005,1.0,7591,1699,82175,0.01
7,83881,6006,1.0,7592,1699,82182,0.01
7,83888,6007,1.0,7593,1699,82189,0.01
7,83895,6008,1.0,7594,1699,82196,0.01
7,83902,6009,1.0,7595,1699,82203,0.01
7,83909,6010,1.0,7596,1699,82210,0.01
7,83916,6011,1.0,7597,1699,82217,0.01
7,83923,6012,1.0,7598,1699,82224,0.01
7,83930,6013,1.0,7599,1699,82231,0.01
7,83937,6014,1.0,7600,1699,82238,0.01
7,83944,6015,1.0,7601,1699,82245,0.01
7,83951,6016,1.0,7602,1699,82252,0.01
7,83958,6017,1.0,7603,1699,82259,0.01
7,83965,6018,1.0,7604,1699,82266,0.01
7,83972,6019,1.0,7605,1699,82273,0.01
7,83979,6020,1.0,7606,1699,82280,0.01
7,83986,6021,1.0,7607,1699,82287,0.01
7,83993,6022,1.0,7608,1699,82294,0.01
7,84000,6023,1.0,7609,1699,82301,0.01
7,84007,6024,1.0,7610,1699,82308,0.01
7,84014,6025,1.0,7611,1699,82315,0.01
7,84021,6026,1.0,7612,1699,82322,0.01
7,84028,6027,1.0,7613,1699,82329,0.01
7,84035,6028,1.0,7614,1699,82336,0.01
7,84042,6029,1.0,7615,1699,82343,0.01
7,84049,6030,1.0,7616,1699,82350,0.01
7,84056,6031,1.0,7617,1699,82357,0.01
7,84063,6032,1.0,7618,1700,82363,0.01
7,84070,6033,1.0,7619,1700,82370,0.01
7,84077,6034,1.0,7620,1700,82377,0.01
7,84084,6035,1.0,7621,1700,82384,0.01
7,84091,6036,1.0,7622,1700,82391,0.01
7,84098,6037,1.0,7623,1700,82398,0.01
7,84105,6038,1.0,7624,1700,82405,0.01
7,84112,6039,1.0,7625,1700,82412,0.01
7,84119,6040,1.0,7626,1701,82418,0.01
3,84122,6040,0.0,7627,1702,82420,0.01
7,84129,6041,1.0,7628,1702,82427,0.01
7,84136,6042,1.0,7629,1702,82434,0.01
7,84143,6043,1.0,7630,1702,82441,0.01
7,84150,6044,1.0,7631,1702,82448,0.01
7,84157,6045,1.0,7632,1702,82455,0.01
7,84164,6046,1.0,7633,1702,82462,0.01
7,84171,6047,1.0,7634,1702,82469,0.01
7,84178,6048,1.0,7635,1702,82476,0.01
7,84185,6049,1.0,7636,1702,82483,0.01
9,84194,6050,1.0,7637,1703,82491,0.01
7,84201,6051,1.0,7638,1703,82498,0.01
7,84208,6052,1.0,7639,1703,82505,0.01
7,84215,6053,1.0,7640,1703,82512,0.01
7,84222,6054,1.0,7641,1703,82519,0.01
9,84231,6055,1.0,7642,1704,82527,0.01
7,84238,6056,1.0,7643,1704,82534,0.01
9,84247,6057,1.0,7644,1705,82542,0.01
7,84254,6058,1.0,7645,1705,82549,0.01
7,84261,6059,1.0,7646,1705,82556,0.01
7,84268,6060,1.0,7647,1705,82563,0.01
7,84275,6061,1.0,7648,1705,82570,0.01
7,84282,6062,1.0,7649,1705,82577,0.01
7,84289,6063,1.0,7650,1706,82583,0.01
7,84296,6064,1.0,7651,1706,82590,0.01
7,84303,6065,1.0,7652,1706,82597,0.01
7,84310,6066,1.0,7653,1706,82604,0.01
9,84319,6067,1.0,7654,1707,82612,0.01
7,84326,6068,1.0,7655,1707,82619,0.01
7,84333,6069,1.0,7656,1707,82626,0.01
7,84340,6070,1.0,7657,1707,82633,0.01
7,84347,6071,1.0,7658,1707,82640,0.01
7,84354,6072,1.0,7659,1707,82647,0.01
7,84361,6073,1.0,7660,1707,82654,0.01
22,84383,6073,0.0,7661,1708,82675,0.01
7,84390,6074,1.0,7662,1708,82682,0.01
7,84397,6075,1.0,7663,1708,82689,0.01
7,84404,6076,1.0,7664,1708,82696,0.01
9,84413,6077,1.0,7665,1709,82704,0.01
7,84420,6078,1.0,7666,1709,82711,0.01
7,84427,6079,1.0,7667,1709,82718,0.01
7,84434,6080,1.0,7668,1709,82725,0.01
7,84441,6081,1.0,7669,1709,82732,0.01
7,84448,6082,1.0,7670,1709,82739,0.01
7,84455,6083,1.0,7671,1709,82746,0.01
7,84462,6084,1.0,7672,1709,82753,0.01
7,84469,6085,1.0,7673,1709,82760,0.01
7,84476,6086,1.0,7674,1709,82767,0.01
7,84483,6087,1.0,7675,1709,82774,0.01
7,84490,6088,1.0,7676,1709,82781,0.01
7,84497,6089,1.0,7677,1709,82788,0.01
7,84504,6090,1.0,7678,1709,82795,0.01
7,84511,6091,1.0,7679,1709,82802,0.01
7,84518,6092,1.0,7680,1709,82809,0.01
7,84525,6093,1.0,7681,1709,82816,0.01
7,84532,6094,1.0,7682,1709,82823,0.01
7,84539,6095,1.0,7683,1709,82830,0.01
7,84546,6096,1.0,7684,1709,82837,0.01
7,84553,6097,1.0,7685,1709,82844,0.01
7,84560,6098,1.0,7686,1709,82851,0.01
7,84567,6099,1.0,7687,1709,82858,0.01
7,84574,6100,1.0,7688,1709,82865,0.01
7,84581,6101,1.0,7689,1709,82872,0.01
7,84588,6102,1.0,7690,1709,82879,0.01
7,84595,6103,1.0,7691,1709,82886,0.01
7,84602,6104,1.0,7692,1709,82893,0.01
7,84609,6105,1.0,7693,1709,82900,0.01
7,84616,6106,1.0,7694,1709,82907,0.01
7,84623,6107,1.0,7695,1709,82914,0.01
7,84630,6108,1.0,7696,1709,82921,0.01
7,84637,6109,1.0,7697,1709,82928,0.01
7,84644,6110,1.0,7698,1709,82935,0.01
7,84651,6111,1.0,7699,1709,82942,0.01
7,84658,6112,1.0,7700,1709,82949,0.01
7,84665,6113,1.0,7701,1709,82956,0.01
7,84672,6114,1.0,7702,1709,82963,0.01
7,84679,6115,1.0,7703,1709,82970,0.01
7,84686,6116,1.0,7704,1709,82977,0.01
7,84693,6117,1.0,7705,1709,82984,0.01
7,84700,6118,1.0,7706,1709,82991,0.01
7,84707,6119,1.0,7707,1709,82998,0.01
7,84714,6120,1.0,7708,1709,83005,0.01
7,84721,6121,1.0,7709,1709,83012,0.01
7,84728,6122,1.0,7710,1709,83019,0.01
7,84735,6123,1.0,7711,1709,83026,0.01
7,84742,6124,1.0,7712,1709,83033,0.01
7,84749,6125,1.0,7713,1709,83040,0.01
7,84756,6126,1.0,7714,1709,83047,0.01
7,84763,6127,1.0,7715,1709,83054,0.01
7,84770,6128,1.0,7716,1709,83061,0.01
7,84777,6129,1.0,7717,1709,83068,0.01
7,84784,6130,1.0,7718,1709,83075,0.01
7,84791,6131,1.0,7719,1709,83082,0.01
7,84798,6132,1.0,7720,1709,83089,0.01
7,84805,6133,1.0,7721,1709,83096,0.01
7,84812,6134,1.0,7722,1709,83103,0.01
7,84819,6135,1.0,7723,1709,83110,0.01
7,84826,6136,1.0,7724,1709,83117,0.01
7,84833,6137,1.0,7725,1709,83124,0.01
7,84840,6138,1.0,7726,1709,83131,0.01
7,84847,6139,1.0,7727,1709,83138,0.01
7,84854,6140,1.0,7728,1709,83145,0.01
7,84861,6141,1.0,7729,1709,83152,0.01
7,84868,6142,1.0,7730,1709,83159,0.01
7,84875,6143,1.0,7731,1709,83166,0.01
7,84882,6144,1.0,7732,1709,83173,0.01
7,84889,6145,1.0,7733,1709,83180,0.01
7,84896,6146,1.0,7734,1709,83187,0.01
7,84903,6147,1.0,7735,1709,83194,0.01
7,84910,6148,1.0,7736,1709,83201,0.01
7,84917,6149,1.0,7737,1709,83208,0.01
7,84924,6150,1.0,7738,1709,83215,0.01
9,84933,6151,1.0,7739,1711,83222,0.01
7,84940,6152,1.0,7740,1711,83229,0.01
7,84947,6153,1.0,7741,1711,83236,0.01
7,84954,6154,1.0,7742,1711,83243,0.01
7,84961,6155,1.0,7743,1711,83250,0.01
7,84968,6156,1.0,7744,1711,83257,0.01
7,84975,6157,1.0,7745,1711,83264,0.01
7,84982,6158,1.0,7746,1711,83271,0.01
7,84989,6159,1.0,7747,1711,83278,0.01
7,84996,6160,1.0,7748,1711,83285,0.01
7,85003,6161,1.0,7749,1711,83292,0.01
7,85010,6162,1.0,7750,1711,83299,0.01
7,85017,6163,1.0,7751,1711,83306,0.01
7,85024,6164,1.0,7752,1711,83313,0.01
7,85031,6165,1.0,7753,1711,83320,0.01
7,85038,6166,1.0,7754,1711,83327,0.01
7,85045,6167,1.0,7755,1711,83334,0.01
7,85052,6168,1.0,7756,1711,83341,0.01
7,85059,6169,1.0,7757,1711,83348,0.01
7,85066,6170,1.0,7758,1711,83355,0.01
7,85073,6171,1.0,7759,1711,83362,0.01
7,85080,6172,1.0,7760,1711,83369,0.01
7,85087,6173,1.0,7761,1711,83376,0.01
7,85094,6174,1.0,7762,1712,83382,0.01
7,85101,6175,1.0,7763,1712,83389,0.01
7,85108,6176,1.0,7764,1712,83396,0.01
7,85115,6177,1.0,7765,1712,83403,0.01
7,85122,6178,1.0,7766,1713,83409,0.01
7,85129,6179,1.0,7767,1713,83416,0.01
7,85136,6180,1.0,7768,1713,83423,0.01
7,85143,6181,1.0,7769,1713,83430,0.01
7,85150,6182,1.0,7770,1713,83437,0.01
7,85157,6183,1.0,7771,1713,83444,0.01
7,85164,6184,1.0,7772,1713,83451,0.01
7,85171,6185,1.0,7773,1713,83458,0.01
7,85178,6186,1.0,7774,1713,83465,0.01
7,85185,6187,1.0,7775,1713,83472,0.01
7,85192,6188,1.0,7776,1713,83479,0.01
7,85199,6189,1.0,7777,1713,83486,0.01
7,85206,6190,1.0,7778,1713,83493,0.01
7,85213,6191,1.0,7779,1713,83500,0.01
7,85220,6192,1.0,7780,1713,83507,0.01
7,85227,6193,1.0,7781,1713,83514,0.01
7,85234,6194,1.0,7782,1713,83521,0.01
7,85241,6195,1.0,7783,1713,83528,0.01
7,85248,6196,1.0,7784,1713,83535,0.01
7,85255,6197,1.0,7785,1713,83542,0.01
7,85262,6198,1.0,7786,1713,83549,0.01
7,85269,6199,1.0,7787,1713,83556,0.01
7,85276,6200,1.0,7788,1713,83563,0.01
7,85283,6201,1.0,7789,1713,83570,0.01
7,85290,6202,1.0,7790,1713,83577,0.01
7,85297,6203,1.0,7791,1713,83584,0.01
7,85304,6204,1.0,7792,1713,83591,0.01
7,85311,6205,1.0,7793,1713,83598,0.01
7,85318,6206,1.0,7794,1713,83605,0.01
7,85325,6207,1.0,7795,1713,83612,0.01
7,85332,6208,1.0,7796,1713,83619,0.01
7,85339,6209,1.0,7797,1713,83626,0.01
7,85346,6210,1.0,7798,1713,83633,0.01
7,85353,6211,1.0,7799,1713,83640,0.01
7,85360,6212,1.0,7800,1713,83647,0.01
7,85367,6213,1.0,7801,1713,83654,0.01
7,85374,6214,1.0,7802,1713,83661,0.01
7,85381,6215,1.0,7803,1713,83668,0.01
7,85388,6216,1.0,7804,1713,83675,0.01
7,85395,6217,1.0,7805,1713,83682,0.01
7,85402,6218,1.0,7806,1713,83689,0.01
7,85409,6219,1.0,7807,1714,83695,0.01
7,85416,6220,1.0,7808,1714,83702,0.01
7,85423,6221,1.0,7809,1714,83709,0.01
7,85430,6222,1.0,7810,1714,83716,0.01
9,85439,6223,1.0,7811,1715,83724,0.01
7,85446,6224,1.0,7812,1715,83731,0.01
7,85453,6225,1.0,7813,1715,83738,0.01
7,85460,6226,1.0,7814,1715,83745,0.01
7,85467,6227,1.0,7815,1715,83752,0.01
7,85474,6228,1.0,7816,1715,83759,0.01
7,85481,6229,1.0,7817,1715,83766,0.01
7,85488,6230,1.0,7818,1715,83773,0.01
7,85495,6231,1.0,7819,1715,83780,0.01
7,85502,6232,1.0,7820,1715,83787,0.01
7,85509,6233,1.0,7821,1715,83794,0.01
7,85516,6234,1.0,7822,1715,83801,0.01
7,85523,6235,1.0,7823,1715,83808,0.01
7,85530,6236,1.0,7824,1716,83814,0.01
7,85537,6237,1.0,7825,1716,83821,0.01
7,85544,6238,1.0,7826,1716,83828,0.01
7,85551,6239,1.0,7827,1716,83835,0.01
7,85558,6240,1.0,7828,1716,83842,0.01
7,85565,6241,1.0,7829,1716,83849,0.01
7,85572,6242,1.0,7830,1716,83856,0.01
7,85579,6243,1.0,7831,1716,83863,0.01
7,85586,6244,1.0,7832,1716,83870,0.01
7,85593,6245,1.0,7833,1716,83877,0.01
7,85600,6246,1.0,7834,1716,83884,0.01
7,85607,6247,1.0,7835,1716,83891,0.01
7,85614,6248,1.0,7836,1716,83898,0.01
7,85621,6249,1.0,7837,1716,83905,0.01
7,85628,6250,1.0,7838,1716,83912,0.01
7,85635,6251,1.0,7839,1716,83919,0.01
7,85642,6252,1.0,7840,1716,83926,0.01
7,85649,6253,1.0,7841,1716,83933,0.01
7,85656,6254,1.0,7842,1716,83940,0.01
7,85663,6255,1.0,7843,1716,83947,0.01
7,85670,6256,1.0,7844,1716,83954,0.01
7,85677,6257,1.0,7845,1716,83961,0.01
7,85684,6258,1.0,7846,1716,83968,0.01
7,85691,6259,1.0,7847,1716,83975,0.01
7,85698,6260,1.0,7848,1716,83982,0.01
7,85705,6261,1.0,7849,1716,83989,0.01
7,85712,6262,1.0,7850,1716,83996,0.01
7,85719,6263,1.0,7851,1716,84003,0.01
7,85726,6264,1.0,7852,1716,84010,0.01
7,85733,6265,1.0,7853,1716,84017,0.01
7,85740,6266,1.0,7854,1716,84024,0.01
7,85747,6267,1.0,7855,1716,84031,0.01
7,85754,6268,1.0,7856,1716,84038,0.01
7,85761,6269,1.0,7857,1716,84045,0.01
7,85768,6270,1.0,7858,1716,84052,0.01
7,85775,6271,1.0,7859,1716,84059,0.01
7,85782,6272,1.0,7860,1716,84066,0.01
7,85789,6273,1.0,7861,1716,84073,0.01
7,85796,6274,1.0,7862,1716,84080,0.01
7,85803,6275,1.0,7863,1716,84087,0.01
7,85810,6276,1.0,7864,1717,84093,0.01
7,85817,6277,1.0,7865,1717,84100,0.01
7,85824,6278,1.0,7866,1717,84107,0.01
7,85831,6279,1.0,7867,1717,84114,0.01
7,85838,6280,1.0,7868,1717,84121,0.01
7,85845,6281,1.0,7869,1717,84128,0.01
2,85847,6281,0.0,7870,1718,84129,0.01
7,85854,6282,1.0,7871,1718,84136,0.01
7,85861,6283,1.0,7872,1718,84143,0.01
7,85868,6284,1.0,7873,1718,84150,0.01
7,85875,6285,1.0,7874,1718,84157,0.01
7,85882,6286,1.0,7875,1718,84164,0.01
7,85889,6287,1.0,7876,1718,84171,0.01
7,85896,6288,1.0,7877,1718,84178,0.01
7,85903,6289,1.0,7878,1718,84185,0.01
7,85910,6290,1.0,7879,1718,84192,0.01
7,85917,6291,1.0,7880,1718,84199,0.01
7,85924,6292,1.0,7881,1718,84206,0.01
7,85931,6293,1.0,7882,1719,84212,0.01
7,85938,6294,1.0,7883,1720,84218,0.01
7,85945,6295,1.0,7884,1720,84225,0.01
7,85952,6296,1.0,7885,1720,84232,0.01
7,85959,6297,1.0,7886,1720,84239,0.01
7,85966,6298,1.0,7887,1720,84246,0.01
7,85973,6299,1.0,7888,1720,84253,0.01
7,85980,6300,1.0,7889,1720,84260,0.01
7,85987,6301,1.0,7890,1720,84267,0.01
7,85994,6302,1.0,7891,1720,84274,0.01
7,86001,6303,1.0,7892,1720,84281,0.01
7,86008,6304,1.0,7893,1720,84288,0.01
7,86015,6305,1.0,7894,1720,84295,0.01
7,86022,6306,1.0,7895,1720,84302,0.01
7,86029,6307,1.0,7896,1720,84309,0.01
7,86036,6308,1.0,7897,1720,84316,0.01
7,86043,6309,1.0,7898,1720,84323,0.01
7,86050,6310,1.0,7899,1720,84330,0.01
7,86057,6311,1.0,7900,1720,84337,0.01
7,86064,6312,1.0,7901,1720,84344,0.01
7,86071,6313,1.0,7902,1720,84351,0.01
7,86078,6314,1.0,7903,1720,84358,0.01
7,86085,6315,1.0,7904,1720,84365,0.01
7,86092,6316,1.0,7905,1720,84372,0.01
7,86099,6317,1.0,7906,1720,84379,0.01
7,86106,6318,1.0,7907,1720,84386,0.01
7,86113,6319,1.0,7908,1720,84393,0.01
7,86120,6320,1.0,7909,1720,84400,0.01
7,86127,6321,1.0,7910,1720,84407,0.01
3,86130,6321,0.0,7911,1721,84409,0.01
7,86137,6322,1.0,7912,1721,84416,0.01
7,86144,6323,1.0,7913,1721,84423,0.01
7,86151,6324,1.0,7914,1721,84430,0.01
7,86158,6325,1.0,7915,1721,84437,0.01
19,86177,6325,0.0,7916,1722,84455,0.01
5,86182,6325,0.0,7917,1722,84460,0.01
11,86193,6325,0.0,7918,1723,84470,0.01
10,86203,6325,0.0,7919,1723,84480,0.01
23,86226,6325,0.0,7920,1723,84503,0.01
4,86230,6325,0.0,7921,1723,84507,0.01
8,86238,6325,0.0,7922,1723,84515,0.01
22,86260,6325,0.0,7923,1723,84537,0.01
13,86273,6325,0.0,7924,1723,84550,0.01
7,86280,6326,1.0,7925,1723,84557,0.01
3,86283,6326,0.0,7926,1723,84560,0.01
17,86300,6326,0.0,7927,1723,84577,0.01
20,86320,6326,0.0,7928,1724,84596,0.01
23,86343,6326,0.0,7929,1724,84619,0.01
11,86354,6327,1.0,7930,1724,84630,0.01
3,86357,6327,0.0,7931,1724,84633,0.01
3,86360,6327,0.0,7932,1724,84636,0.01
26,86386,6328,1.0,7933,1724,84662,0.01
7,86393,6329,1.0,7934,1724,84669,0.01
7,86400,6330,1.0,7935,1724,84676,0.01
7,86407,6331,1.0,7936,1724,84683,0.01
7,86414,6332,1.0,7937,1724,84690,0.01
7,86421,6333,1.0,7938,1724,84697,0.01
7,86428,6334,1.0,7939,1725,84703,0.01
7,86435,6335,1.0,7940,1725,84710,0.01
7,86442,6336,1.0,7941,1725,84717,0.01
7,86449,6337,1.0,7942,1725,84724,0.01
7,86456,6338,1.0,7943,1725,84731,0.01
7,86463,6339,1.0,7944,1725,84738,0.01
7,86470,6340,1.0,7945,1725,84745,0.01
7,86477,6341,1.0,7946,1725,84752,0.01
7,86484,6342,1.0,7947,1725,84759,0.01
7,86491,6343,1.0,7948,1725,84766,0.01
7,86498,6344,1.0,7949,1725,84773,0.01
7,86505,6345,1.0,7950,1725,84780,0.01
7,86512,6346,1.0,7951,1725,84787,0.01
7,86519,6347,1.0,7952,1725,84794,0.01
7,86526,6348,1.0,7953,1725,84801,0.01
7,86533,6349,1.0,7954,1725,84808,0.01
7,86540,6350,1.0,7955,1725,84815,0.01
7,86547,6351,1.0,7956,1725,84822,0.01
7,86554,6352,1.0,7957,1725,84829,0.01
7,86561,6353,1.0,7958,1726,84835,0.01
7,86568,6354,1.0,7959,1726,84842,0.01
7,86575,6355,1.0,7960,1726,84849,0.01
7,86582,6356,1.0,7961,1726,84856,0.01
7,86589,6357,1.0,7962,1726,84863,0.01
7,86596,6358,1.0,7963,1726,84870,0.01
7,86603,6359,1.0,7964,1726,84877,0.01
7,86610,6360,1.0,7965,1726,84884,0.01
7,86617,6361,1.0,7966,1726,84891,0.01
7,86624,6362,1.0,7967,1726,84898,0.01
7,86631,6363,1.0,7968,1726,84905,0.01
7,86638,6364,1.0,7969,1726,84912,0.01
7,86645,6365,1.0,7970,1726,84919,0.01
7,86652,6366,1.0,7971,1726,84926,0.01
7,86659,6367,1.0,7972,1726,84933,0.01
7,86666,6368,1.0,7973,1726,84940,0.01
7,86673,6369,1.0,7974,1726,84947,0.01
7,86680,6370,1.0,7975,1726,84954,0.01
6,86686,6371,1.0,7976,1727,84959,0.01
28,86714,6372,1.0,7977,1727,84987,0.01
7,86721,6373,1.0,7978,1727,84994,0.01
7,86728,6374,1.0,7979,1727,85001,0.01
7,86735,6375,1.0,7980,1727,85008,0.01
9,86744,6376,1.0,7981,1728,85016,0.01
4,86748,6376,0.0,7982,1729,85019,0.01
7,86755,6377,1.0,7983,1729,85026,0.01
7,86762,6378,1.0,7984,1729,85033,0.01
7,86769,6379,1.0,7985,1729,85040,0.01
7,86776,6380,1.0,7986,1729,85047,0.01
7,86783,6381,1.0,7987,1729,85054,0.01
7,86790,6382,1.0,7988,1729,85061,0.01
7,86797,6383,1.0,7989,1729,85068,0.01
7,86804,6384,1.0,7990,1729,85075,0.01
7,86811,6385,1.0,7991,1729,85082,0.01
7,86818,6386,1.0,7992,1729,85089,0.01
7,86825,6387,1.0,7993,1729,85096,0.01
7,86832,6388,1.0,7994,1729,85103,0.01
7,86839,6389,1.0,7995,1729,85110,0.01
7,86846,6390,1.0,7996,1729,85117,0.01
7,86853,6391,1.0,7997,1729,85124,0.01
7,86860,6392,1.0,7998,1729,85131,0.01
7,86867,6393,1.0,7999,1729,85138,0.01
7,86874,6394,1.0,8000,1729,85145,0.01
7,86881,6395,1.0,8001,1729,85152,0.01
26,86907,6396,1.0,8002,1730,85177,0.01
7,86914,6397,1.0,8003,1730,85184,0.01
7,86921,6398,1.0,8004,1730,85191,0.01
7,86928,6399,1.0,8005,1730,85198,0.01
7,86935,6400,1.0,8006,1730,85205,0.01
7,86942,6401,1.0,8007,1730,85212,0.01
7,86949,6402,1.0,8008,1730,85219,0.01
7,86956,6403,1.0,8009,1730,85226,0.01
7,86963,6404,1.0,8010,1730,85233,0.01
7,86970,6405,1.0,8011,1730,85240,0.01
7,86977,6406,1.0,8012,1730,85247,0.01
7,86984,6407,1.0,8013,1730,85254,0.01
7,86991,6408,1.0,8014,1730,85261,0.01
7,86998,6409,1.0,8015,1730,85268,0.01
7,87005,6410,1.0,8016,1730,85275,0.01
7,87012,6411,1.0,8017,1730,85282,0.01
7,87019,6412,1.0,8018,1730,85289,0.01
7,87026,6413,1.0,8019,1730,85296,0.01
7,87033,6414,1.0,8020,1730,85303,0.01
7,87040,6415,1.0,8021,1730,85310,0.01
7,87047,6416,1.0,8022,1730,85317,0.01
7,87054,6417,1.0,8023,1730,85324,0.01
7,87061,6418,1.0,8024,1730,85331,0.01
7,87068,6419,1.0,8025,1730,85338,0.01
7,87075,6420,1.0,8026,1730,85345,0.01
7,87082,6421,1.0,8027,1730,85352,0.01
7,87089,6422,1.0,8028,1730,85359,0.01
7,87096,6423,1.0,8029,1730,85366,0.01
7,87103,6424,1.0,8030,1730,85373,0.01
7,87110,6425,1.0,8031,1730,85380,0.01
7,87117,6426,1.0,8032,1730,85387,0.01
7,87124,6427,1.0,8033,1730,85394,0.01
7,87131,6428,1.0,8034,1730,85401,0.01
7,87138,6429,1.0,8035,1730,85408,0.01
7,87145,6430,1.0,8036,1730,85415,0.01
7,87152,6431,1.0,8037,1730,85422,0.01
7,87159,6432,1.0,8038,1730,85429,0.01
7,87166,6433,1.0,8039,1730,85436,0.01
7,87173,6434,1.0,8040,1730,85443,0.01
7,87180,6435,1.0,8041,1730,85450,0.01
7,87187,6436,1.0,8042,1730,85457,0.01
7,87194,6437,1.0,8043,1730,85464,0.01
7,87201,6438,1.0,8044,1730,85471,0.01
7,87208,6439,1.0,8045,1730,85478,0.01
7,87215,6440,1.0,8046,1730,85485,0.01
7,87222,6441,1.0,8047,1730,85492,0.01
7,87229,6442,1.0,8048,1730,85499,0.01
7,87236,6443,1.0,8049,1730,85506,0.01
7,87243,6444,1.0,8050,1730,85513,0.01
7,87250,6445,1.0,8051,1730,85520,0.01
7,87257,6446,1.0,8052,1730,85527,0.01
7,87264,6447,1.0,8053,1730,85534,0.01
7,87271,6448,1.0,8054,1730,85541,0.01
7,87278,6449,1.0,8055,1730,85548,0.01
7,87285,6450,1.0,8056,1730,85555,0.01
7,87292,6451,1.0,8057,1730,85562,0.01
7,87299,6452,1.0,8058,1730,85569,0.01
7,87306,6453,1.0,8059,1730,85576,0.01
7,87313,6454,1.0,8060,1730,85583,0.01
7,87320,6455,1.0,8061,1730,85590,0.01
7,87327,6456,1.0,8062,1731,85596,0.01
7,87334,6457,1.0,8063,1731,85603,0.01
7,87341,6458,1.0,8064,1731,85610,0.01
7,87348,6459,1.0,8065,1731,85617,0.01
7,87355,6460,1.0,8066,1731,85624,0.01
7,87362,6461,1.0,8067,1731,85631,0.01
7,87369,6462,1.0,8068,1731,85638,0.01
7,87376,6463,1.0,8069,1731,85645,0.01
7,87383,6464,1.0,8070,1731,85652,0.01
7,87390,6465,1.0,8071,1731,85659,0.01
7,87397,6466,1.0,8072,1731,85666,0.01
7,87404,6467,1.0,8073,1731,85673,0.01
7,87411,6468,1.0,8074,1731,85680,0.01
7,87418,6469,1.0,8075,1731,85687,0.01
7,87425,6470,1.0,8076,1731,85694,0.01
7,87432,6471,1.0,8077,1731,85701,0.01
7,87439,6472,1.0,8078,1731,85708,0.01
7,87446,6473,1.0,8079,1731,85715,0.01
7,87453,6474,1.0,8080,1731,85722,0.01
7,87460,6475,1.0,8081,1731,85729,0.01
7,87467,6476,1.0,8082,1731,85736,0.01
7,87474,6477,1.0,8083,1731,85743,0.01
7,87481,6478,1.0,8084,1731,85750,0.01
7,87488,6479,1.0,8085,1731,85757,0.01
7,87495,6480,1.0,8086,1731,85764,0.01
7,87502,6481,1.0,8087,1731,85771,0.01
7,87509,6482,1.0,8088,1731,85778,0.01
7,87516,6483,1.0,8089,1731,85785,0.01
7,87523,6484,1.0,8090,1731,85792,0.01
7,87530,6485,1.0,8091,1731,85799,0.01
7,87537,6486,1.0,8092,1731,85806,0.01
7,87544,6487,1.0,8093,1731,85813,0.01
7,87551,6488,1.0,8094,1731,85820,0.01
7,87558,6489,1.0,8095,1731,85827,0.01
7,87565,6490,1.0,8096,1731,85834,0.01
7,87572,6491,1.0,8097,1731,85841,0.01
7,87579,6492,1.0,8098,1731,85848,0.01
7,87586,6493,1.0,8099,1731,85855,0.01
7,87593,6494,1.0,8100,1731,85862,0.01
7,87600,6495,1.0,8101,1731,85869,0.01
7,87607,6496,1.0,8102,1731,85876,0.01
7,87614,6497,1.0,8103,1731,85883,0.01
7,87621,6498,1.0,8104,1731,85890,0.01
7,87628,6499,1.0,8105,1731,85897,0.01
7,87635,6500,1.0,8106,1731,85904,0.01
23,87658,6500,0.0,8107,1732,85926,0.01
43,87701,6500,0.0,8108,1734,85967,0.01
7,87708,6501,1.0,8109,1734,85974,0.01
30,87738,6501,0.0,8110,1735,86003,0.01
26,87764,6502,1.0,8111,1736,86028,0.01
7,87771,6503,1.0,8112,1736,86035,0.01
23,87794,6503,0.0,8113,1737,86057,0.01
7,87801,6504,1.0,8114,1737,86064,0.01
7,87808,6505,1.0,8115,1737,86071,0.01
7,87815,6506,1.0,8116,1737,86078,0.01
7,87822,6507,1.0,8117,1737,86085,0.01
7,87829,6508,1.0,8118,1737,86092,0.01
7,87836,6509,1.0,8119,1737,86099,0.01
7,87843,6510,1.0,8120,1737,86106,0.01
7,87850,6511,1.0,8121,1737,86113,0.01
7,87857,6512,1.0,8122,1737,86120,0.01
7,87864,6513,1.0,8123,1737,86127,0.01
7,87871,6514,1.0,8124,1737,86134,0.01
7,87878,6515,1.0,8125,1737,86141,0.01
7,87885,6516,1.0,8126,1737,86148,0.01
7,87892,6517,1.0,8127,1737,86155,0.01
7,87899,6518,1.0,8128,1737,86162,0.01
7,87906,6519,1.0,8129,1737,86169,0.01
7,87913,6520,1.0,8130,1737,86176,0.01
7,87920,6521,1.0,8131,1737,86183,0.01
7,87927,6522,1.0,8132,1737,86190,0.01
7,87934,6523,1.0,8133,1737,86197,0.01
7,87941,6524,1.0,8134,1737,86204,0.01
7,87948,6525,1.0,8135,1737,86211,0.01
7,87955,6526,1.0,8136,1737,86218,0.01
7,87962,6527,1.0,8137,1737,86225,0.01
7,87969,6528,1.0,8138,1737,86232,0.01
26,87995,6529,1.0,8139,1738,86257,0.01
7,88002,6530,1.0,8140,1738,86264,0.01
7,88009,6531,1.0,8141,1738,86271,0.01
7,88016,6532,1.0,8142,1738,86278,0.01
7,88023,6533,1.0,8143,1738,86285,0.01
7,88030,6534,1.0,8144,1738,86292,0.01
7,88037,6535,1.0,8145,1738,86299,0.01
7,88044,6536,1.0,8146,1738,86306,0.01
7,88051,6537,1.0,8147,1738,86313,0.01
7,88058,6538,1.0,8148,1738,86320,0.01
7,88065,6539,1.0,8149,1738,86327,0.01
7,88072,6540,1.0,8150,1738,86334,0.01
7,88079,6541,1.0,8151,1738,86341,0.01
7,88086,6542,1.0,8152,1738,86348,0.01
7,88093,6543,1.0,8153,1738,86355,0.01
7,88100,6544,1.0,8154,1738,86362,0.01
7,88107,6545,1.0,8155,1738,86369,0.01
7,88114,6546,1.0,8156,1738,86376,0.01
7,88121,6547,1.0,8157,1738,86383,0.01
7,88128,6548,1.0,8158,1738,86390,0.01
7,88135,6549,1.0,8159,1738,86397,0.01
7,88142,6550,1.0,8160,1738,86404,0.01
7,88149,6551,1.0,8161,1738,86411,0.01
7,88156,6552,1.0,8162,1738,86418,0.01
7,88163,6553,1.0,8163,1738,86425,0.01
7,88170,6554,1.0,8164,1738,86432,0.01
7,88177,6555,1.0,8165,1738,86439,0.01
7,88184,6556,1.0,8166,1738,86446,0.01
7,88191,6557,1.0,8167,1738,86453,0.01
7,88198,6558,1.0,8168,1738,86460,0.01
7,88205,6559,1.0,8169,1738,86467,0.01
7,88212,6560,1.0,8170,1738,86474,0.01
7,88219,6561,1.0,8171,1738,86481,0.01
7,88226,6562,1.0,8172,1738,86488,0.01
7,88233,6563,1.0,8173,1738,86495,0.01
7,88240,6564,1.0,8174,1738,86502,0.01
7,88247,6565,1.0,8175,1738,86509,0.01
7,88254,6566,1.0,8176,1738,86516,0.01
7,88261,6567,1.0,8177,1738,86523,0.01
7,88268,6568,1.0,8178,1738,86530,0.01
7,88275,6569,1.0,8179,1738,86537,0.01
7,88282,6570,1.0,8180,1738,86544,0.01
7,88289,6571,1.0,8181,1738,86551,0.01
7,88296,6572,1.0,8182,1738,86558,0.01
9,88305,6573,1.0,8183,1739,86566,0.01
7,88312,6574,1.0,8184,1739,86573,0.01
7,88319,6575,1.0,8185,1739,86580,0.01
7,88326,6576,1.0,8186,1739,86587,0.01
7,88333,6577,1.0,8187,1739,86594,0.01
7,88340,6578,1.0,8188,1739,86601,0.01
7,88347,6579,1.0,8189,1739,86608,0.01
7,88354,6580,1.0,8190,1739,86615,0.01
7,88361,6581,1.0,8191,1739,86622,0.01
7,88368,6582,1.0,8192,1739,86629,0.01
7,88375,6583,1.0,8193,1739,86636,0.01
7,88382,6584,1.0,8194,1739,86643,0.01
7,88389,6585,1.0,8195,1739,86650,0.01
7,88396,6586,1.0,8196,1739,86657,0.01
7,88403,6587,1.0,8197,1739,86664,0.01
7,88410,6588,1.0,8198,1739,86671,0.01
7,88417,6589,1.0,8199,1739,86678,0.01
7,88424,6590,1.0,8200,1739,86685,0.01
7,88431,6591,1.0,8201,1739,86692,0.01
7,88438,6592,1.0,8202,1739,86699,0.01
7,88445,6593,1.0,8203,1739,86706,0.01
7,88452,6594,1.0,8204,1739,86713,0.01
7,88459,6595,1.0,8205,1739,86720,0.01
7,88466,6596,1.0,8206,1739,86727,0.01
7,88473,6597,1.0,8207,1739,86734,0.01
7,88480,6598,1.0,8208,1739,86741,0.01
9,88489,6599,1.0,8209,1740,86749,0.01
7,88496,6600,1.0,8210,1740,86756,0.01
7,88503,6601,1.0,8211,1740,86763,0.01
7,88510,6602,1.0,8212,1740,86770,0.01
23,88533,6602,0.0,8213,1741,86792,0.01
47,88580,6602,0.0,8214,1742,86838,0.01
26,88606,6603,1.0,8215,1743,86863,0.01
23,88629,6603,0.0,8216,1743,86886,0.01
26,88655,6604,1.0,8217,1744,86911,0.01
15,88670,6604,0.0,8218,1744,86926,0.01
15,88685,6604,0.0,8219,1744,86941,0.01
40,88725,6604,0.0,8220,1745,86980,0.01
11,88736,6604,0.0,8221,1745,86991,0.01
4,88740,6604,0.0,8222,1745,86995,0.01
2,88742,6604,0.0,8223,1745,86997,0.01
28,88770,6605,1.0,8224,1745,87025,0.01
13,88783,6605,0.0,8225,1745,87038,0.01
9,88792,6606,1.0,8226,1745,87047,0.01
9,88801,6607,1.0,8227,1745,87056,0.01
9,88810,6608,1.0,8228,1745,87065,0.01
9,88819,6609,1.0,8229,1745,87074,0.01
9,88828,6610,1.0,8230,1745,87083,0.01
9,88837,6611,1.0,8231,1745,87092,0.01
9,88846,6612,1.0,8232,1745,87101,0.01
9,88855,6613,1.0,8233,1745,87110,0.01
9,88864,6614,1.0,8234,1745,87119,0.01
9,88873,6615,1.0,8235,1745,87128,0.01
9,88882,6616,1.0,8236,1745,87137,0.01
9,88891,6617,1.0,8237,1745,87146,0.01
9,88900,6618,1.0,8238,1745,87155,0.01
18,88918,6618,0.0,8239,1746,87172,0.01
6,88924,6618,0.0,8240,1746,87178,0.01
6,88930,6618,0.0,8241,1746,87184,0.01
6,88936,6618,0.0,8242,1746,87190,0.01
8,88944,6618,0.0,8243,1746,87198,0.01
15,88959,6619,1.0,8244,1746,87213,0.01
15,88974,6619,0.0,8245,1747,87227,0.01
11,88985,6620,1.0,8246,1747,87238,0.01
11,88996,6621,1.0,8247,1747,87249,0.01
11,89007,6622,1.0,8248,1747,87260,0.01
11,89018,6622,0.0,8249,1748,87270,0.01
11,89029,6623,1.0,8250,1748,87281,0.01
11,89040,6624,1.0,8251,1748,87292,0.01
11,89051,6625,1.0,8252,1748,87303,0.01
11,89062,6626,1.0,8253,1748,87314,0.01
11,89073,6627,1.0,8254,1749,87324,0.01
11,89084,6628,1.0,8255,1749,87335,0.01
11,89095,6629,1.0,8256,1749,87346,0.01
11,89106,6629,0.0,8257,1750,87356,0.01
11,89117,6630,1.0,8258,1750,87367,0.01
11,89128,6631,1.0,8259,1750,87378,0.01
11,89139,6632,1.0,8260,1750,87389,0.01
11,89150,6633,1.0,8261,1750,87400,0.01
11,89161,6634,1.0,8262,1750,87411,0.01
11,89172,6635,1.0,8263,1750,87422,0.01
7,89179,6635,0.0,8264,1751,87428,0.01
11,89190,6636,1.0,8265,1751,87439,0.01
11,89201,6637,1.0,8266,1752,87449,0.01
11,89212,6638,1.0,8267,1752,87460,0.01
11,89223,6639,1.0,8268,1752,87471,0.01
11,89234,6640,1.0,8269,1752,87482,0.01
11,89245,6641,1.0,8270,1752,87493,0.01
11,89256,6642,1.0,8271,1752,87504,0.01
11,89267,6643,1.0,8272,1752,87515,0.01
11,89278,6644,1.0,8273,1752,87526,0.01
21,89299,6644,0.0,8274,1753,87546,0.01
17,89316,6644,0.0,8275,1754,87562,0.01
5,89321,6644,0.0,8276,1754,87567,0.01
11,89332,6644,0.0,8277,1754,87578,0.01
11,89343,6645,1.0,8278,1754,87589,0.01
18,89361,6645,0.0,8279,1754,87607,0.01
4,89365,6645,0.0,8280,1754,87611,0.01
13,89378,6645,0.0,8281,1754,87624,0.01
3,89381,6645,0.0,8282,1754,87627,0.01
7,89388,6645,0.0,8283,1754,87634,0.01
14,89402,6645,0.0,8284,1754,87648,0.01
30,89432,6645,0.0,8285,1754,87678,0.01
11,89443,6645,0.0,8286,1754,87689,0.01
14,89457,6646,1.0,8287,1754,87703,0.01
17,89474,6646,0.0,8288,1754,87720,0.01
17,89491,6646,0.0,8289,1754,87737,0.01
17,89508,6646,0.0,8290,1754,87754,0.01
7,89515,6646,0.0,8291,1755,87760,0.01
17,89532,6646,0.0,8292,1755,87777,0.01
10,89542,6646,0.0,8293,1756,87786,0.01
68,89610,6646,0.0,8294,1756,87854,0.01
20,89630,6646,0.0,8295,1756,87874,0.01
20,89650,6647,1.0,8296,1756,87894,0.01
18,89668,6648,1.0,8297,1756,87912,0.01
18,89686,6649,1.0,8298,1756,87930,0.01
18,89704,6650,1.0,8299,1756,87948,0.01
18,89722,6651,1.0,8300,1756,87966,0.01
18,89740,6652,1.0,8301,1756,87984,0.01
18,89758,6653,1.0,8302,1757,88001,0.01
18,89776,6654,1.0,8303,1757,88019,0.01
18,89794,6655,1.0,8304,1757,88037,0.01
18,89812,6656,1.0,8305,1757,88055,0.01
18,89830,6657,1.0,8306,1757,88073,0.01
18,89848,6658,1.0,8307,1757,88091,0.01
18,89866,6659,1.0,8308,1757,88109,0.01
18,89884,6660,1.0,8309,1757,88127,0.01
18,89902,6661,1.0,8310,1757,88145,0.01
18,89920,6662,1.0,8311,1757,88163,0.01
18,89938,6663,1.0,8312,1757,88181,0.01
23,89961,6663,0.0,8313,1758,88203,0.01
18,89979,6664,1.0,8314,1758,88221,0.01
10,89989,6664,0.0,8315,1759,88230,0.01
18,90007,6665,1.0,8316,1759,88248,0.01
18,90025,6666,1.0,8317,1759,88266,0.01
18,90043,6667,1.0,8318,1759,88284,0.01
18,90061,6668,1.0,8319,1759,88302,0.01
20,90081,6669,1.0,8320,1760,88321,0.01
18,90099,6670,1.0,8321,1760,88339,0.01
20,90119,6671,1.0,8322,1760,88359,0.01
20,90139,6672,1.0,8323,1760,88379,0.01
20,90159,6673,1.0,8324,1760,88399,0.01
20,90179,6674,1.0,8325,1760,88419,0.01
20,90199,6675,1.0,8326,1760,88439,0.01
20,90219,6676,1.0,8327,1760,88459,0.01
20,90239,6677,1.0,8328,1760,88479,0.01
20,90259,6678,1.0,8329,1760,88499,0.01
20,90279,6679,1.0,8330,1760,88519,0.01
20,90299,6680,1.0,8331,1762,88537,0.01
16,90315,6680,0.0,8332,1763,88552,0.01
20,90335,6681,1.0,8333,1763,88572,0.01
9,90344,6681,0.0,8334,1764,88580,0.01
20,90364,6682,1.0,8335,1764,88600,0.01
20,90384,6683,1.0,8336,1764,88620,0.01
20,90404,6684,1.0,8337,1764,88640,0.01
20,90424,6685,1.0,8338,1764,88660,0.01
20,90444,6686,1.0,8339,1764,88680,0.01
20,90464,6687,1.0,8340,1764,88700,0.01
20,90484,6688,1.0,8341,1764,88720,0.01
20,90504,6689,1.0,8342,1764,88740,0.01
20,90524,6690,1.0,8343,1764,88760,0.01
20,90544,6691,1.0,8344,1764,88780,0.01
20,90564,6692,1.0,8345,1764,88800,0.01
20,90584,6693,1.0,8346,1764,88820,0.01
20,90604,6694,1.0,8347,1764,88840,0.01
19,90623,6694,0.0,8348,1765,88858,0.01
20,90643,6695,1.0,8349,1765,88878,0.01
28,90671,6695,0.0,8350,1766,88905,0.01
21,90692,6696,1.0,8351,1766,88926,0.01
19,90711,6696,0.0,8352,1767,88944,0.01
23,90734,6697,1.0,8353,1767,88967,0.01
17,90751,6697,0.0,8354,1768,88983,0.01
17,90768,6697,0.0,8355,1768,89000,0.01
20,90788,6698,1.0,8356,1768,89020,0.01
17,90805,6698,0.0,8357,1768,89037,0.01
13,90818,6698,0.0,8358,1768,89050,0.01
15,90833,6698,0.0,8359,1768,89065,0.01
38,90871,6698,0.0,8360,1768,89103,0.01
17,90888,6698,0.0,8361,1768,89120,0.01
19,90907,6699,1.0,8362,1768,89139,0.01
19,90926,6700,1.0,8363,1768,89158,0.01
19,90945,6701,1.0,8364,1768,89177,0.01
19,90964,6702,1.0,8365,1768,89196,0.01
17,90981,6702,0.0,8366,1769,89212,0.01
17,90998,6702,0.0,8367,1769,89229,0.01
17,91015,6702,0.0,8368,1769,89246,0.01
19,91034,6703,1.0,8369,1769,89265,0.01
23,91057,6703,0.0,8370,1770,89287,0.01
19,91076,6704,1.0,8371,1770,89306,0.01
19,91095,6705,1.0,8372,1770,89325,0.01
19,91114,6706,1.0,8373,1770,89344,0.01
13,91127,6706,0.0,8374,1771,89356,0.01
19,91146,6707,1.0,8375,1771,89375,0.01
25,91171,6708,1.0,8376,1772,89399,0.01
19,91190,6709,1.0,8377,1772,89418,0.01
19,91209,6710,1.0,8378,1772,89437,0.01
19,91228,6711,1.0,8379,1773,89455,0.01
12,91240,6711,0.0,8380,1775,89465,0.01
19,91259,6712,1.0,8381,1775,89484,0.01
19,91278,6713,1.0,8382,1775,89503,0.01
6,91284,6713,0.0,8383,1775,89509,0.01
23,91307,6713,0.0,8384,1775,89532,0.01
12,91319,6713,0.0,8385,1775,89544,0.01
16,91335,6713,0.0,8386,1775,89560,0.01
8,91343,6713,0.0,8387,1776,89567,0.01
6,91349,6713,0.0,8388,1776,89573,0.01
6,91355,6713,0.0,8389,1776,89579,0.01
6,91361,6713,0.0,8390,1776,89585,0.01
17,91378,6713,0.0,8391,1776,89602,0.01
8,91386,6714,1.0,8392,1776,89610,0.01
8,91394,6715,1.0,8393,1776,89618,0.01
8,91402,6716,1.0,8394,1776,89626,0.01
8,91410,6717,1.0,8395,1776,89634,0.01
8,91418,6718,1.0,8396,1776,89642,0.01
8,91426,6719,1.0,8397,1776,89650,0.01
8,91434,6720,1.0,8398,1776,89658,0.01
8,91442,6721,1.0,8399,1776,89666,0.01
8,91450,6722,1.0,8400,1776,89674,0.01
8,91458,6723,1.0,8401,1776,89682,0.01
8,91466,6724,1.0,8402,1776,89690,0.01
8,91474,6725,1.0,8403,1776,89698,0.01
8,91482,6726,1.0,8404,1776,89706,0.01
8,91490,6727,1.0,8405,1776,89714,0.01
8,91498,6728,1.0,8406,1776,89722,0.01
8,91506,6729,1.0,8407,1776,89730,0.01
8,91514,6730,1.0,8408,1776,89738,0.01
8,91522,6731,1.0,8409,1776,89746,0.01
18,91540,6731,0.0,8410,1777,89763,0.01
18,91558,6731,0.0,8411,1777,89781,0.01
8,91566,6731,0.0,8412,1777,89789,0.01
18,91584,6731,0.0,8413,1777,89807,0.01
18,91602,6731,0.0,8414,1777,89825,0.01
15,91617,6731,0.0,8415,1777,89840,0.01
17,91634,6731,0.0,8416,1777,89857,0.01
39,91673,6731,0.0,8417,1777,89896,0.01
17,91690,6731,0.0,8418,1777,89913,0.01
10,91700,6731,0.0,8419,1778,89922,0.01
9,91709,6732,1.0,8420,1778,89931,0.01
7,91716,6733,1.0,8421,1778,89938,0.01
7,91723,6734,1.0,8422,1778,89945,0.01
7,91730,6735,1.0,8423,1778,89952,0.01
2,91732,6735,0.0,8424,1779,89953,0.01
7,91739,6736,1.0,8425,1779,89960,0.01
7,91746,6737,1.0,8426,1779,89967,0.01
7,91753,6738,1.0,8427,1779,89974,0.01
7,91760,6739,1.0,8428,1779,89981,0.01
7,91767,6740,1.0,8429,1779,89988,0.01
7,91774,6741,1.0,8430,1779,89995,0.01
7,91781,6742,1.0,8431,1779,90002,0.01
7,91788,6743,1.0,8432,1779,90009,0.01
7,91795,6744,1.0,8433,1779,90016,0.01
7,91802,6745,1.0,8434,1779,90023,0.01
7,91809,6746,1.0,8435,1779,90030,0.01
7,91816,6747,1.0,8436,1779,90037,0.01
7,91823,6748,1.0,8437,1779,90044,0.01
7,91830,6749,1.0,8438,1779,90051,0.01
7,91837,6750,1.0,8439,1779,90058,0.01
7,91844,6751,1.0,8440,1780,90064,0.01
7,91851,6752,1.0,8441,1780,90071,0.01
7,91858,6753,1.0,8442,1780,90078,0.01
7,91865,6754,1.0,8443,1781,90084,0.01
7,91872,6755,1.0,8444,1781,90091,0.01
7,91879,6756,1.0,8445,1781,90098,0.01
7,91886,6757,1.0,8446,1781,90105,0.01
7,91893,6758,1.0,8447,1781,90112,0.01
7,91900,6759,1.0,8448,1781,90119,0.01
7,91907,6760,1.0,8449,1781,90126,0.01
7,91914,6761,1.0,8450,1781,90133,0.01
7,91921,6762,1.0,8451,1781,90140,0.01
7,91928,6763,1.0,8452,1781,90147,0.01
7,91935,6764,1.0,8453,1781,90154,0.01
7,91942,6765,1.0,8454,1781,90161,0.01
7,91949,6766,1.0,8455,1781,90168,0.01
7,91956,6767,1.0,8456,1781,90175,0.01
7,91963,6768,1.0,8457,1781,90182,0.01
7,91970,6769,1.0,8458,1781,90189,0.01
7,91977,6770,1.0,8459,1781,90196,0.01
7,91984,6771,1.0,8460,1781,90203,0.01
7,91991,6772,1.0,8461,1781,90210,0.01
7,91998,6773,1.0,8462,1781,90217,0.01
7,92005,6774,1.0,8463,1781,90224,0.01
7,92012,6775,1.0,8464,1781,90231,0.01
7,92019,6776,1.0,8465,1781,90238,0.01
7,92026,6777,1.0,8466,1781,90245,0.01
5,92031,6777,0.0,8467,1782,90249,0.01
6,92037,6777,0.0,8468,1783,90254,0.01
7,92044,6778,1.0,8469,1783,90261,0.01
5,92049,6778,0.0,8470,1783,90266,0.01
6,92055,6778,0.0,8471,1783,90272,0.01
7,92062,6779,1.0,8472,1783,90279,0.01
5,92067,6779,0.0,8473,1783,90284,0.01
7,92074,6780,1.0,8474,1783,90291,0.01
7,92081,6781,1.0,8475,1783,90298,0.01
7,92088,6782,1.0,8476,1783,90305,0.01
7,92095,6783,1.0,8477,1783,90312,0.01
7,92102,6784,1.0,8478,1783,90319,0.01
7,92109,6785,1.0,8479,1783,90326,0.01
7,92116,6786,1.0,8480,1783,90333,0.01
7,92123,6787,1.0,8481,1783,90340,0.01
7,92130,6788,1.0,8482,1783,90347,0.01
7,92137,6789,1.0,8483,1783,90354,0.01
7,92144,6790,1.0,8484,1783,90361,0.01
7,92151,6791,1.0,8485,1783,90368,0.01
7,92158,6792,1.0,8486,1783,90375,0.01
7,92165,6793,1.0,8487,1783,90382,0.01
7,92172,6794,1.0,8488,1783,90389,0.01
7,92179,6795,1.0,8489,1783,90396,0.01
7,92186,6796,1.0,8490,1783,90403,0.01
7,92193,6797,1.0,8491,1783,90410,0.01
7,92200,6798,1.0,8492,1783,90417,0.01
7,92207,6799,1.0,8493,1784,90423,0.01
7,92214,6800,1.0,8494,1784,90430,0.01
7,92221,6801,1.0,8495,1784,90437,0.01
7,92228,6802,1.0,8496,1784,90444,0.01
9,92237,6803,1.0,8497,1785,90452,0.01
7,92244,6804,1.0,8498,1785,90459,0.01
7,92251,6805,1.0,8499,1785,90466,0.01
7,92258,6806,1.0,8500,1785,90473,0.01
7,92265,6807,1.0,8501,1785,90480,0.01
7,92272,6808,1.0,8502,1785,90487,0.01
7,92279,6809,1.0,8503,1785,90494,0.01
6,92285,6809,0.0,8504,1786,90499,0.01
7,92292,6810,1.0,8505,1786,90506,0.01
6,92298,6810,0.0,8506,1786,90512,0.01
7,92305,6811,1.0,8507,1786,90519,0.01
6,92311,6811,0.0,8508,1786,90525,0.01
7,92318,6812,1.0,8509,1786,90532,0.01
7,92325,6813,1.0,8510,1786,90539,0.01
7,92332,6814,1.0,8511,1786,90546,0.01
7,92339,6815,1.0,8512,1786,90553,0.01
7,92346,6816,1.0,8513,1786,90560,0.01
7,92353,6817,1.0,8514,1786,90567,0.01
7,92360,6818,1.0,8515,1786,90574,0.01
7,92367,6819,1.0,8516,1786,90581,0.01
7,92374,6820,1.0,8517,1786,90588,0.01
7,92381,6821,1.0,8518,1786,90595,0.01
7,92388,6822,1.0,8519,1786,90602,0.01
7,92395,6823,1.0,8520,1786,90609,0.01
7,92402,6824,1.0,8521,1786,90616,0.01
7,92409,6825,1.0,8522,1786,90623,0.01
7,92416,6826,1.0,8523,1786,90630,0.01
7,92423,6827,1.0,8524,1786,90637,0.01
7,92430,6828,1.0,8525,1786,90644,0.01
7,92437,6829,1.0,8526,1786,90651,0.01
7,92444,6830,1.0,8527,1786,90658,0.01
7,92451,6831,1.0,8528,1786,90665,0.01
7,92458,6832,1.0,8529,1786,90672,0.01
7,92465,6833,1.0,8530,1786,90679,0.01
7,92472,6834,1.0,8531,1786,90686,0.01
7,92479,6835,1.0,8532,1786,90693,0.01
7,92486,6836,1.0,8533,1786,90700,0.01
7,92493,6837,1.0,8534,1786,90707,0.01
7,92500,6838,1.0,8535,1786,90714,0.01
7,92507,6839,1.0,8536,1786,90721,0.01
2,92509,6839,0.0,8537,1787,90722,0.01
7,92516,6840,1.0,8538,1787,90729,0.01
7,92523,6841,1.0,8539,1787,90736,0.01
7,92530,6842,1.0,8540,1787,90743,0.01
7,92537,6843,1.0,8541,1787,90750,0.01
7,92544,6844,1.0,8542,1787,90757,0.01
7,92551,6845,1.0,8543,1787,90764,0.01
7,92558,6846,1.0,8544,1787,90771,0.01
7,92565,6847,1.0,8545,1787,90778,0.01
8,92573,6847,0.0,8546,1788,90785,0.01
7,92580,6848,1.0,8547,1788,90792,0.01
7,92587,6849,1.0,8548,1788,90799,0.01
7,92594,6850,1.0,8549,1788,90806,0.01
7,92601,6851,1.0,8550,1788,90813,0.01
7,92608,6852,1.0,8551,1788,90820,0.01
7,92615,6853,1.0,8552,1788,90827,0.01
7,92622,6854,1.0,8553,1789,90833,0.01
7,92629,6855,1.0,8554,1789,90840,0.01
7,92636,6856,1.0,8555,1789,90847,0.01
7,92643,6857,1.0,8556,1789,90854,0.01
7,92650,6858,1.0,8557,1789,90861,0.01
7,92657,6859,1.0,8558,1789,90868,0.01
7,92664,6860,1.0,8559,1789,90875,0.01
7,92671,6861,1.0,8560,1789,90882,0.01
7,92678,6862,1.0,8561,1789,90889,0.01
7,92685,6863,1.0,8562,1789,90896,0.01
7,92692,6864,1.0,8563,1789,90903,0.01
7,92699,6865,1.0,8564,1789,90910,0.01
7,92706,6866,1.0,8565,1789,90917,0.01
7,92713,6867,1.0,8566,1789,90924,0.01
7,92720,6868,1.0,8567,1789,90931,0.01
7,92727,6869,1.0,8568,1789,90938,0.01
7,92734,6870,1.0,8569,1789,90945,0.01
7,92741,6871,1.0,8570,1789,90952,0.01
7,92748,6872,1.0,8571,1789,90959,0.01
7,92755,6873,1.0,8572,1789,90966,0.01
7,92762,6874,1.0,8573,1789,90973,0.01
7,92769,6875,1.0,8574,1789,90980,0.01
6,92775,6875,0.0,8575,1790,90985,0.01
7,92782,6876,1.0,8576,1790,90992,0.01
6,92788,6876,0.0,8577,1790,90998,0.01
7,92795,6877,1.0,8578,1790,91005,0.01
6,92801,6877,0.0,8579,1790,91011,0.01
7,92808,6878,1.0,8580,1790,91018,0.01
7,92815,6879,1.0,8581,1790,91025,0.01
7,92822,6880,1.0,8582,1790,91032,0.01
7,92829,6881,1.0,8583,1790,91039,0.01
7,92836,6882,1.0,8584,1790,91046,0.01
7,92843,6883,1.0,8585,1790,91053,0.01
7,92850,6884,1.0,8586,1790,91060,0.01
7,92857,6885,1.0,8587,1790,91067,0.01
7,92864,6886,1.0,8588,1790,91074,0.01
7,92871,6887,1.0,8589,1790,91081,0.01
7,92878,6888,1.0,8590,1790,91088,0.01
7,92885,6889,1.0,8591,1790,91095,0.01
9,92894,6890,1.0,8592,1791,91103,0.01
7,92901,6891,1.0,8593,1791,91110,0.01
7,92908,6892,1.0,8594,1791,91117,0.01
7,92915,6893,1.0,8595,1791,91124,0.01
7,92922,6894,1.0,8596,1791,91131,0.01
7,92929,6895,1.0,8597,1791,91138,0.01
7,92936,6896,1.0,8598,1791,91145,0.01
7,92943,6897,1.0,8599,1791,91152,0.01
7,92950,6898,1.0,8600,1791,91159,0.01
7,92957,6899,1.0,8601,1791,91166,0.01
7,92964,6900,1.0,8602,1791,91173,0.01
7,92971,6901,1.0,8603,1791,91180,0.01
7,92978,6902,1.0,8604,1791,91187,0.01
7,92985,6903,1.0,8605,1791,91194,0.01
7,92992,6904,1.0,8606,1791,91201,0.01
7,92999,6905,1.0,8607,1791,91208,0.01
9,93008,6906,1.0,8608,1792,91216,0.01
7,93015,6907,1.0,8609,1792,91223,0.01
7,93022,6908,1.0,8610,1792,91230,0.01
7,93029,6909,1.0,8611,1792,91237,0.01
7,93036,6910,1.0,8612,1792,91244,0.01
7,93043,6911,1.0,8613,1792,91251,0.01
7,93050,6912,1.0,8614,1792,91258,0.01
7,93057,6913,1.0,8615,1792,91265,0.01
7,93064,6914,1.0,8616,1792,91272,0.01
7,93071,6915,1.0,8617,1792,91279,0.01
7,93078,6916,1.0,8618,1792,91286,0.01
7,93085,6917,1.0,8619,1792,91293,0.01
7,93092,6918,1.0,8620,1792,91300,0.01
7,93099,6919,1.0,8621,1792,91307,0.01
9,93108,6920,1.0,8622,1793,91315,0.01
7,93115,6921,1.0,8623,1793,91322,0.01
7,93122,6922,1.0,8624,1793,91329,0.01
7,93129,6923,1.0,8625,1793,91336,0.01
7,93136,6924,1.0,8626,1793,91343,0.01
7,93143,6925,1.0,8627,1793,91350,0.01
7,93150,6926,1.0,8628,1793,91357,0.01
7,93157,6927,1.0,8629,1793,91364,0.01
7,93164,6928,1.0,8630,1793,91371,0.01
7,93171,6929,1.0,8631,1793,91378,0.01
7,93178,6930,1.0,8632,1793,91385,0.01
7,93185,6931,1.0,8633,1793,91392,0.01
7,93192,6932,1.0,8634,1793,91399,0.01
7,93199,6933,1.0,8635,1793,91406,0.01
7,93206,6934,1.0,8636,1793,91413,0.01
7,93213,6935,1.0,8637,1793,91420,0.01
7,93220,6936,1.0,8638,1793,91427,0.01
7,93227,6937,1.0,8639,1793,91434,0.01
7,93234,6938,1.0,8640,1793,91441,0.01
7,93241,6939,1.0,8641,1793,91448,0.01
7,93248,6940,1.0,8642,1793,91455,0.01
7,93255,6941,1.0,8643,1793,91462,0.01
5,93260,6941,0.0,8644,1794,91466,0.01
7,93267,6942,1.0,8645,1794,91473,0.01
7,93274,6943,1.0,8646,1794,91480,0.01
7,93281,6944,1.0,8647,1794,91487,0.01
7,93288,6945,1.0,8648,1794,91494,0.01
7,93295,6946,1.0,8649,1794,91501,0.01
7,93302,6947,1.0,8650,1794,91508,0.01
7,93309,6948,1.0,8651,1794,91515,0.01
7,93316,6949,1.0,8652,1794,91522,0.01
7,93323,6950,1.0,8653,1794,91529,0.01
7,93330,6951,1.0,8654,1794,91536,0.01
7,93337,6952,1.0,8655,1794,91543,0.01
7,93344,6953,1.0,8656,1794,91550,0.01
7,93351,6954,1.0,8657,1794,91557,0.01
7,93358,6955,1.0,8658,1794,91564,0.01
7,93365,6956,1.0,8659,1794,91571,0.01
7,93372,6957,1.0,8660,1794,91578,0.01
7,93379,6958,1.0,8661,1794,91585,0.01
7,93386,6959,1.0,8662,1794,91592,0.01
7,93393,6960,1.0,8663,1794,91599,0.01
7,93400,6961,1.0,8664,1794,91606,0.01
7,93407,6962,1.0,8665,1794,91613,0.01
7,93414,6963,1.0,8666,1794,91620,0.01
7,93421,6964,1.0,8667,1794,91627,0.01
7,93428,6965,1.0,8668,1794,91634,0.01
23,93451,6965,0.0,8669,1795,91656,0.01
6,93457,6965,0.0,8670,1796,91661,0.01
7,93464,6966,1.0,8671,1796,91668,0.01
7,93471,6967,1.0,8672,1796,91675,0.01
7,93478,6968,1.0,8673,1796,91682,0.01
7,93485,6969,1.0,8674,1796,91689,0.01
7,93492,6970,1.0,8675,1796,91696,0.01
7,93499,6971,1.0,8676,1796,91703,0.01
7,93506,6972,1.0,8677,1796,91710,0.01
7,93513,6973,1.0,8678,1796,91717,0.01
7,93520,6974,1.0,8679,1796,91724,0.01
7,93527,6975,1.0,8680,1796,91731,0.01
7,93534,6976,1.0,8681,1796,91738,0.01
7,93541,6977,1.0,8682,1796,91745,0.01
7,93548,6978,1.0,8683,1796,91752,0.01
7,93555,6979,1.0,8684,1796,91759,0.01
7,93562,6980,1.0,8685,1796,91766,0.01
7,93569,6981,1.0,8686,1796,91773,0.01
7,93576,6982,1.0,8687,1796,91780,0.01
7,93583,6983,1.0,8688,1796,91787,0.01
7,93590,6984,1.0,8689,1796,91794,0.01
7,93597,6985,1.0,8690,1796,91801,0.01
7,93604,6986,1.0,8691,1796,91808,0.01
7,93611,6987,1.0,8692,1796,91815,0.01
7,93618,6988,1.0,8693,1796,91822,0.01
7,93625,6989,1.0,8694,1796,91829,0.01
7,93632,6990,1.0,8695,1796,91836,0.01
7,93639,6991,1.0,8696,1796,91843,0.01
7,93646,6992,1.0,8697,1796,91850,0.01
7,93653,6993,1.0,8698,1796,91857,0.01
7,93660,6994,1.0,8699,1796,91864,0.01
7,93667,6995,1.0,8700,1796,91871,0.01
7,93674,6996,1.0,8701,1796,91878,0.01
7,93681,6997,1.0,8702,1796,91885,0.01
7,93688,6998,1.0,8703,1796,91892,0.01
7,93695,6999,1.0,8704,1796,91899,0.01
7,93702,7000,1.0,8705,1796,91906,0.01
7,93709,7001,1.0,8706,1796,91913,0.01
7,93716,7002,1.0,8707,1796,91920,0.01
7,93723,7003,1.0,8708,1796,91927,0.01
7,93730,7004,1.0,8709,1796,91934,0.01
7,93737,7005,1.0,8710,1796,91941,0.01
7,93744,7006,1.0,8711,1796,91948,0.01
9,93753,7007,1.0,8712,1797,91956,0.01
7,93760,7008,1.0,8713,1797,91963,0.01
7,93767,7009,1.0,8714,1797,91970,0.01
7,93774,7010,1.0,8715,1797,91977,0.01
7,93781,7011,1.0,8716,1797,91984,0.01
7,93788,7012,1.0,8717,1797,91991,0.01
7,93795,7013,1.0,8718,1797,91998,0.01
7,93802,7014,1.0,8719,1797,92005,0.01
7,93809,7015,1.0,8720,1797,92012,0.01
7,93816,7016,1.0,8721,1797,92019,0.01
7,93823,7017,1.0,8722,1797,92026,0.01
7,93830,7018,1.0,8723,1797,92033,0.01
7,93837,7019,1.0,8724,1797,92040,0.01
7,93844,7020,1.0,8725,1797,92047,0.01
7,93851,7021,1.0,8726,1797,92054,0.01
7,93858,7022,1.0,8727,1797,92061,0.01
7,93865,7023,1.0,8728,1797,92068,0.01
7,93872,7024,1.0,8729,1797,92075,0.01
7,93879,7025,1.0,8730,1797,92082,0.01
7,93886,7026,1.0,8731,1797,92089,0.01
7,93893,7027,1.0,8732,1797,92096,0.01
7,93900,7028,1.0,8733,1797,92103,0.01
7,93907,7029,1.0,8734,1797,92110,0.01
7,93914,7030,1.0,8735,1797,92117,0.01
7,93921,7031,1.0,8736,1797,92124,0.01
7,93928,7032,1.0,8737,1797,92131,0.01
7,93935,7033,1.0,8738,1798,92137,0.01
7,93942,7034,1.0,8739,1798,92144,0.01
7,93949,7035,1.0,8740,1798,92151,0.01
7,93956,7036,1.0,8741,1798,92158,0.01
7,93963,7037,1.0,8742,1798,92165,0.01
7,93970,7038,1.0,8743,1798,92172,0.01
7,93977,7039,1.0,8744,1798,92179,0.01
7,93984,7040,1.0,8745,1798,92186,0.01
7,93991,7041,1.0,8746,1798,92193,0.01
7,93998,7042,1.0,8747,1798,92200,0.01
7,94005,7043,1.0,8748,1798,92207,0.01
7,94012,7044,1.0,8749,1798,92214,0.01
7,94019,7045,1.0,8750,1798,92221,0.01
7,94026,7046,1.0,8751,1798,92228,0.01
7,94033,7047,1.0,8752,1798,92235,0.01
7,94040,7048,1.0,8753,1798,92242,0.01
7,94047,7049,1.0,8754,1798,92249,0.01
7,94054,7050,1.0,8755,1798,92256,0.01
7,94061,7051,1.0,8756,1798,92263,0.01
7,94068,7052,1.0,8757,1798,92270,0.01
7,94075,7053,1.0,8758,1798,92277,0.01
7,94082,7054,1.0,8759,1798,92284,0.01
7,94089,7055,1.0,8760,1798,92291,0.01
7,94096,7056,1.0,8761,1798,92298,0.01
7,94103,7057,1.0,8762,1798,92305,0.01
7,94110,7058,1.0,8763,1798,92312,0.01
7,94117,7059,1.0,8764,1798,92319,0.01
7,94124,7060,1.0,8765,1798,92326,0.01
7,94131,7061,1.0,8766,1798,92333,0.01
28,94159,7061,0.0,8767,1799,92360,0.01
9,94168,7062,1.0,8768,1801,92367,0.01
7,94175,7063,1.0,8769,1801,92374,0.01
7,94182,7064,1.0,8770,1801,92381,0.01
7,94189,7065,1.0,8771,1801,92388,0.01
7,94196,7066,1.0,8772,1801,92395,0.01
7,94203,7067,1.0,8773,1801,92402,0.01
7,94210,7068,1.0,8774,1801,92409,0.01
7,94217,7069,1.0,8775,1801,92416,0.01
7,94224,7070,1.0,8776,1801,92423,0.01
7,94231,7071,1.0,8777,1801,92430,0.01
7,94238,7072,1.0,8778,1801,92437,0.01
7,94245,7073,1.0,8779,1801,92444,0.01
7,94252,7074,1.0,8780,1801,92451,0.01
7,94259,7075,1.0,8781,1801,92458,0.01
7,94266,7076,1.0,8782,1801,92465,0.01
7,94273,7077,1.0,8783,1801,92472,0.01
7,94280,7078,1.0,8784,1801,92479,0.01
7,94287,7079,1.0,8785,1801,92486,0.01
7,94294,7080,1.0,8786,1801,92493,0.01
7,94301,7081,1.0,8787,1801,92500,0.01
7,94308,7082,1.0,8788,1801,92507,0.01
7,94315,7083,1.0,8789,1801,92514,0.01
7,94322,7084,1.0,8790,1801,92521,0.01
7,94329,7085,1.0,8791,1801,92528,0.01
7,94336,7086,1.0,8792,1801,92535,0.01
7,94343,7087,1.0,8793,1801,92542,0.01
7,94350,7088,1.0,8794,1801,92549,0.01
7,94357,7089,1.0,8795,1801,92556,0.01
7,94364,7090,1.0,8796,1801,92563,0.01
7,94371,7091,1.0,8797,1801,92570,0.01
7,94378,7092,1.0,8798,1801,92577,0.01
7,94385,7093,1.0,8799,1801,92584,0.01
7,94392,7094,1.0,8800,1801,92591,0.01
7,94399,7095,1.0,8801,1801,92598,0.01
7,94406,7096,1.0,8802,1801,92605,0.01
7,94413,7097,1.0,8803,1801,92612,0.01
7,94420,7098,1.0,8804,1801,92619,0.01
7,94427,7099,1.0,8805,1801,92626,0.01
7,94434,7100,1.0,8806,1801,92633,0.01
7,94441,7101,1.0,8807,1801,92640,0.01
7,94448,7102,1.0,8808,1801,92647,0.01
7,94455,7103,1.0,8809,1801,92654,0.01
7,94462,7104,1.0,8810,1801,92661,0.01
7,94469,7105,1.0,8811,1801,92668,0.01
7,94476,7106,1.0,8812,1801,92675,0.01
7,94483,7107,1.0,8813,1801,92682,0.01
7,94490,7108,1.0,8814,1801,92689,0.01
7,94497,7109,1.0,8815,1801,92696,0.01
7,94504,7110,1.0,8816,1801,92703,0.01
7,94511,7111,1.0,8817,1801,92710,0.01
7,94518,7112,1.0,8818,1801,92717,0.01
7,94525,7113,1.0,8819,1801,92724,0.01
19,94544,7113,0.0,8820,1802,92742,0.01
7,94551,7114,1.0,8821,1802,92749,0.01
7,94558,7115,1.0,8822,1802,92756,0.01
7,94565,7116,1.0,8823,1802,92763,0.01
4,94569,7116,0.0,8824,1803,92766,0.01
7,94576,7117,1.0,8825,1804,92772,0.01
7,94583,7118,1.0,8826,1804,92779,0.01
7,94590,7119,1.0,8827,1804,92786,0.01
7,94597,7120,1.0,8828,1804,92793,0.01
7,94604,7121,1.0,8829,1804,92800,0.01
7,94611,7122,1.0,8830,1804,92807,0.01
7,94618,7123,1.0,8831,1804,92814,0.01
7,94625,7124,1.0,8832,1804,92821,0.01
7,94632,7125,1.0,8833,1804,92828,0.01
7,94639,7126,1.0,8834,1804,92835,0.01
7,94646,7127,1.0,8835,1804,92842,0.01
6,94652,7127,0.0,8836,1805,92847,0.01
7,94659,7128,1.0,8837,1805,92854,0.01
6,94665,7128,0.0,8838,1805,92860,0.01
7,94672,7129,1.0,8839,1805,92867,0.01
6,94678,7129,0.0,8840,1805,92873,0.01
7,94685,7130,1.0,8841,1805,92880,0.01
7,94692,7131,1.0,8842,1805,92887,0.01
7,94699,7132,1.0,8843,1805,92894,0.01
7,94706,7133,1.0,8844,1805,92901,0.01
7,94713,7134,1.0,8845,1805,92908,0.01
7,94720,7135,1.0,8846,1805,92915,0.01
7,94727,7136,1.0,8847,1805,92922,0.01
7,94734,7137,1.0,8848,1805,92929,0.01
7,94741,7138,1.0,8849,1805,92936,0.01
7,94748,7139,1.0,8850,1805,92943,0.01
7,94755,7140,1.0,8851,1805,92950,0.01
7,94762,7141,1.0,8852,1805,92957,0.01
23,94785,7141,0.0,8853,1806,92979,0.01
7,94792,7142,1.0,8854,1806,92986,0.01
7,94799,7143,1.0,8855,1806,92993,0.01
7,94806,7144,1.0,8856,1806,93000,0.01
7,94813,7145,1.0,8857,1806,93007,0.01
7,94820,7146,1.0,8858,1806,93014,0.01
7,94827,7147,1.0,8859,1806,93021,0.01
7,94834,7148,1.0,8860,1806,93028,0.01
7,94841,7149,1.0,8861,1806,93035,0.01
9,94850,7150,1.0,8862,1807,93043,0.01
7,94857,7151,1.0,8863,1807,93050,0.01
7,94864,7152,1.0,8864,1808,93056,0.01
7,94871,7153,1.0,8865,1808,93063,0.01
7,94878,7154,1.0,8866,1808,93070,0.01
7,94885,7155,1.0,8867,1808,93077,0.01
7,94892,7156,1.0,8868,1808,93084,0.01
7,94899,7157,1.0,8869,1808,93091,0.01
7,94906,7158,1.0,8870,1808,93098,0.01
7,94913,7159,1.0,8871,1808,93105,0.01
7,94920,7160,1.0,8872,1808,93112,0.01
7,94927,7161,1.0,8873,1808,93119,0.01
7,94934,7162,1.0,8874,1808,93126,0.01
7,94941,7163,1.0,8875,1808,93133,0.01
7,94948,7164,1.0,8876,1808,93140,0.01
7,94955,7165,1.0,8877,1808,93147,0.01
7,94962,7166,1.0,8878,1809,93153,0.01
7,94969,7167,1.0,8879,1809,93160,0.01
9,94978,7168,1.0,8880,1810,93168,0.01
7,94985,7169,1.0,8881,1810,93175,0.01
7,94992,7170,1.0,8882,1810,93182,0.01
7,94999,7171,1.0,8883,1810,93189,0.01
7,95006,7172,1.0,8884,1810,93196,0.01
7,95013,7173,1.0,8885,1810,93203,0.01
7,95020,7174,1.0,8886,1810,93210,0.01
23,95043,7174,0.0,8887,1811,93232,0.01
7,95050,7175,1.0,8888,1811,93239,0.01
7,95057,7176,1.0,8889,1811,93246,0.01
7,95064,7177,1.0,8890,1811,93253,0.01
7,95071,7178,1.0,8891,1811,93260,0.01
7,95078,7179,1.0,8892,1811,93267,0.01
7,95085,7180,1.0,8893,1811,93274,0.01
7,95092,7181,1.0,8894,1811,93281,0.01
7,95099,7182,1.0,8895,1811,93288,0.01
7,95106,7183,1.0,8896,1811,93295,0.01
7,95113,7184,1.0,8897,1811,93302,0.01
7,95120,7185,1.0,8898,1811,93309,0.01
7,95127,7186,1.0,8899,1811,93316,0.01
7,95134,7187,1.0,8900,1811,93323,0.01
7,95141,7188,1.0,8901,1811,93330,0.01
7,95148,7189,1.0,8902,1811,93337,0.01
7,95155,7190,1.0,8903,1811,93344,0.01
7,95162,7191,1.0,8904,1811,93351,0.01
7,95169,7192,1.0,8905,1811,93358,0.01
7,95176,7193,1.0,8906,1811,93365,0.01
7,95183,7194,1.0,8907,1812,93371,0.01
7,95190,7195,1.0,8908,1812,93378,0.01
7,95197,7196,1.0,8909,1812,93385,0.01
7,95204,7197,1.0,8910,1812,93392,0.01
7,95211,7198,1.0,8911,1812,93399,0.01
7,95218,7199,1.0,8912,1812,93406,0.01
7,95225,7200,1.0,8913,1812,93413,0.01
7,95232,7201,1.0,8914,1812,93420,0.01
7,95239,7202,1.0,8915,1812,93427,0.01
7,95246,7203,1.0,8916,1812,93434,0.01
7,95253,7204,1.0,8917,1812,93441,0.01
7,95260,7205,1.0,8918,1812,93448,0.01
7,95267,7206,1.0,8919,1812,93455,0.01
7,95274,7207,1.0,8920,1812,93462,0.01
7,95281,7208,1.0,8921,1813,93468,0.01
7,95288,7209,1.0,8922,1813,93475,0.01
7,95295,7210,1.0,8923,1813,93482,0.01
7,95302,7211,1.0,8924,1813,93489,0.01
7,95309,7212,1.0,8925,1813,93496,0.01
7,95316,7213,1.0,8926,1813,93503,0.01
7,95323,7214,1.0,8927,1813,93510,0.01
7,95330,7215,1.0,8928,1813,93517,0.01
7,95337,7216,1.0,8929,1813,93524,0.01
7,95344,7217,1.0,8930,1813,93531,0.01
5,95349,7217,0.0,8931,1814,93535,0.01
7,95356,7218,1.0,8932,1814,93542,0.01
7,95363,7219,1.0,8933,1814,93549,0.01
7,95370,7220,1.0,8934,1814,93556,0.01
7,95377,7221,1.0,8935,1814,93563,0.01
7,95384,7222,1.0,8936,1814,93570,0.01
7,95391,7223,1.0,8937,1814,93577,0.01
7,95398,7224,1.0,8938,1814,93584,0.01
7,95405,7225,1.0,8939,1814,93591,0.01
7,95412,7226,1.0,8940,1814,93598,0.01
7,95419,7227,1.0,8941,1814,93605,0.01
7,95426,7228,1.0,8942,1814,93612,0.01
7,95433,7229,1.0,8943,1814,93619,0.01
7,95440,7230,1.0,8944,1814,93626,0.01
7,95447,7231,1.0,8945,1814,93633,0.01
7,95454,7232,1.0,8946,1814,93640,0.01
7,95461,7233,1.0,8947,1814,93647,0.01
7,95468,7234,1.0,8948,1814,93654,0.01
7,95475,7235,1.0,8949,1814,93661,0.01
7,95482,7236,1.0,8950,1814,93668,0.01
7,95489,7237,1.0,8951,1814,93675,0.01
7,95496,7238,1.0,8952,1814,93682,0.01
7,95503,7239,1.0,8953,1814,93689,0.01
7,95510,7240,1.0,8954,1814,93696,0.01
7,95517,7241,1.0,8955,1814,93703,0.01
23,95540,7241,0.0,8956,1815,93725,0.01
7,95547,7242,1.0,8957,1815,93732,0.01
30,95577,7243,1.0,8958,1815,93762,0.01
7,95584,7244,1.0,8959,1815,93769,0.01
7,95591,7245,1.0,8960,1815,93776,0.01
7,95598,7246,1.0,8961,1815,93783,0.01
7,95605,7247,1.0,8962,1815,93790,0.01
7,95612,7248,1.0,8963,1815,93797,0.01
7,95619,7249,1.0,8964,1815,93804,0.01
7,95626,7250,1.0,8965,1815,93811,0.01
7,95633,7251,1.0,8966,1815,93818,0.01
7,95640,7252,1.0,8967,1815,93825,0.01
7,95647,7253,1.0,8968,1815,93832,0.01
7,95654,7254,1.0,8969,1815,93839,0.01
7,95661,7255,1.0,8970,1815,93846,0.01
7,95668,7256,1.0,8971,1815,93853,0.01
7,95675,7257,1.0,8972,1815,93860,0.01
7,95682,7258,1.0,8973,1815,93867,0.01
7,95689,7259,1.0,8974,1816,93873,0.01
7,95696,7260,1.0,8975,1816,93880,0.01
7,95703,7261,1.0,8976,1816,93887,0.01
7,95710,7262,1.0,8977,1816,93894,0.01
7,95717,7263,1.0,8978,1816,93901,0.01
7,95724,7264,1.0,8979,1816,93908,0.01
7,95731,7265,1.0,8980,1816,93915,0.01
7,95738,7266,1.0,8981,1816,93922,0.01
7,95745,7267,1.0,8982,1816,93929,0.01
7,95752,7268,1.0,8983,1816,93936,0.01
7,95759,7269,1.0,8984,1816,93943,0.01
7,95766,7270,1.0,8985,1816,93950,0.01
7,95773,7271,1.0,8986,1816,93957,0.01
7,95780,7272,1.0,8987,1816,93964,0.01
7,95787,7273,1.0,8988,1816,93971,0.01
7,95794,7274,1.0,8989,1816,93978,0.01
7,95801,7275,1.0,8990,1816,93985,0.01
7,95808,7276,1.0,8991,1816,93992,0.01
7,95815,7277,1.0,8992,1816,93999,0.01
7,95822,7278,1.0,8993,1816,94006,0.01
7,95829,7279,1.0,8994,1816,94013,0.01
7,95836,7280,1.0,8995,1816,94020,0.01
7,95843,7281,1.0,8996,1816,94027,0.01
7,95850,7282,1.0,8997,1816,94034,0.01
7,95857,7283,1.0,8998,1816,94041,0.01
7,95864,7284,1.0,8999,1816,94048,0.01
7,95871,7285,1.0,9000,1816,94055,0.01
7,95878,7286,1.0,9001,1816,94062,0.01
7,95885,7287,1.0,9002,1816,94069,0.01
7,95892,7288,1.0,9003,1816,94076,0.01
7,95899,7289,1.0,9004,1816,94083,0.01
7,95906,7290,1.0,9005,1816,94090,0.01
7,95913,7291,1.0,9006,1816,94097,0.01
7,95920,7292,1.0,9007,1816,94104,0.01
7,95927,7293,1.0,9008,1816,94111,0.01
7,95934,7294,1.0,9009,1816,94118,0.01
7,95941,7295,1.0,9010,1816,94125,0.01
7,95948,7296,1.0,9011,1816,94132,0.01
7,95955,7297,1.0,9012,1816,94139,0.01
7,95962,7298,1.0,9013,1816,94146,0.01
7,95969,7299,1.0,9014,1816,94153,0.01
7,95976,7300,1.0,9015,1816,94160,0.01
7,95983,7301,1.0,9016,1816,94167,0.01
7,95990,7302,1.0,9017,1816,94174,0.01
7,95997,7303,1.0,9018,1816,94181,0.01
7,96004,7304,1.0,9019,1816,94188,0.01
7,96011,7305,1.0,9020,1816,94195,0.01
7,96018,7306,1.0,9021,1816,94202,0.01
7,96025,7307,1.0,9022,1816,94209,0.01
7,96032,7308,1.0,9023,1816,94216,0.01
7,96039,7309,1.0,9024,1816,94223,0.01
7,96046,7310,1.0,9025,1816,94230,0.01
7,96053,7311,1.0,9026,1816,94237,0.01
7,96060,7312,1.0,9027,1816,94244,0.01
7,96067,7313,1.0,9028,1816,94251,0.01
7,96074,7314,1.0,9029,1816,94258,0.01
7,96081,7315,1.0,9030,1816,94265,0.01
7,96088,7316,1.0,9031,1816,94272,0.01
9,96097,7317,1.0,9032,1817,94280,0.01
7,96104,7318,1.0,9033,1817,94287,0.01
7,96111,7319,1.0,9034,1817,94294,0.01
7,96118,7320,1.0,9035,1817,94301,0.01
7,96125,7321,1.0,9036,1817,94308,0.01
7,96132,7322,1.0,9037,1817,94315,0.01
7,96139,7323,1.0,9038,1817,94322,0.01
7,96146,7324,1.0,9039,1817,94329,0.01
7,96153,7325,1.0,9040,1817,94336,0.01
7,96160,7326,1.0,9041,1817,94343,0.01
7,96167,7327,1.0,9042,1817,94350,0.01
7,96174,7328,1.0,9043,1817,94357,0.01
7,96181,7329,1.0,9044,1817,94364,0.01
7,96188,7330,1.0,9045,1817,94371,0.01
7,96195,7331,1.0,9046,1817,94378,0.01
7,96202,7332,1.0,9047,1817,94385,0.01
7,96209,7333,1.0,9048,1817,94392,0.01
7,96216,7334,1.0,9049,1817,94399,0.01
7,96223,7335,1.0,9050,1817,94406,0.01
7,96230,7336,1.0,9051,1817,94413,0.01
7,96237,7337,1.0,9052,1818,94419,0.01
7,96244,7338,1.0,9053,1818,94426,0.01
7,96251,7339,1.0,9054,1818,94433,0.01
7,96258,7340,1.0,9055,1818,94440,0.01
7,96265,7341,1.0,9056,1818,94447,0.01
7,96272,7342,1.0,9057,1818,94454,0.01
7,96279,7343,1.0,9058,1818,94461,0.01
7,96286,7344,1.0,9059,1818,94468,0.01
9,96295,7345,1.0,9060,1819,94476,0.01
7,96302,7346,1.0,9061,1819,94483,0.01
7,96309,7347,1.0,9062,1819,94490,0.01
7,96316,7348,1.0,9063,1819,94497,0.01
7,96323,7349,1.0,9064,1819,94504,0.01
7,96330,7350,1.0,9065,1819,94511,0.01
7,96337,7351,1.0,9066,1819,94518,0.01
7,96344,7352,1.0,9067,1819,94525,0.01
7,96351,7353,1.0,9068,1819,94532,0.01
7,96358,7354,1.0,9069,1819,94539,0.01
7,96365,7355,1.0,9070,1819,94546,0.01
7,96372,7356,1.0,9071,1820,94552,0.01
7,96379,7357,1.0,9072,1820,94559,0.01
7,96386,7358,1.0,9073,1820,94566,0.01
7,96393,7359,1.0,9074,1820,94573,0.01
7,96400,7360,1.0,9075,1820,94580,0.01
7,96407,7361,1.0,9076,1820,94587,0.01
7,96414,7362,1.0,9077,1820,94594,0.01
7,96421,7363,1.0,9078,1820,94601,0.01
7,96428,7364,1.0,9079,1820,94608,0.01
7,96435,7365,1.0,9080,1820,94615,0.01
7,96442,7366,1.0,9081,1820,94622,0.01
7,96449,7367,1.0,9082,1820,94629,0.01
7,96456,7368,1.0,9083,1820,94636,0.01
7,96463,7369,1.0,9084,1820,94643,0.01
7,96470,7370,1.0,9085,1820,94650,0.01
9,96479,7371,1.0,9086,1821,94658,0.01
7,96486,7372,1.0,9087,1821,94665,0.01
7,96493,7373,1.0,9088,1821,94672,0.01
7,96500,7374,1.0,9089,1821,94679,0.01
7,96507,7375,1.0,9090,1821,94686,0.01
7,96514,7376,1.0,9091,1821,94693,0.01
7,96521,7377,1.0,9092,1821,94700,0.01
7,96528,7378,1.0,9093,1821,94707,0.01
7,96535,7379,1.0,9094,1821,94714,0.01
7,96542,7380,1.0,9095,1821,94721,0.01
7,96549,7381,1.0,9096,1821,94728,0.01
7,96556,7382,1.0,9097,1821,94735,0.01
7,96563,7383,1.0,9098,1821,94742,0.01
7,96570,7384,1.0,9099,1821,94749,0.01
7,96577,7385,1.0,9100,1821,94756,0.01
7,96584,7386,1.0,9101,1821,94763,0.01
7,96591,7387,1.0,9102,1821,94770,0.01
7,96598,7388,1.0,9103,1821,94777,0.01
7,96605,7389,1.0,9104,1821,94784,0.01
7,96612,7390,1.0,9105,1821,94791,0.01
7,96619,7391,1.0,9106,1821,94798,0.01
7,96626,7392,1.0,9107,1821,94805,0.01
7,96633,7393,1.0,9108,1821,94812,0.01
7,96640,7394,1.0,9109,1821,94819,0.01
7,96647,7395,1.0,9110,1821,94826,0.01
7,96654,7396,1.0,9111,1821,94833,0.01
7,96661,7397,1.0,9112,1821,94840,0.01
7,96668,7398,1.0,9113,1821,94847,0.01
7,96675,7399,1.0,9114,1821,94854,0.01
7,96682,7400,1.0,9115,1821,94861,0.01
7,96689,7401,1.0,9116,1821,94868,0.01
7,96696,7402,1.0,9117,1821,94875,0.01
7,96703,7403,1.0,9118,1821,94882,0.01
7,96710,7404,1.0,9119,1821,94889,0.01
7,96717,7405,1.0,9120,1821,94896,0.01
7,96724,7406,1.0,9121,1821,94903,0.01
7,96731,7407,1.0,9122,1821,94910,0.01
7,96738,7408,1.0,9123,1821,94917,0.01
7,96745,7409,1.0,9124,1821,94924,0.01
7,96752,7410,1.0,9125,1821,94931,0.01
7,96759,7411,1.0,9126,1821,94938,0.01
7,96766,7412,1.0,9127,1821,94945,0.01
7,96773,7413,1.0,9128,1821,94952,0.01
7,96780,7414,1.0,9129,1821,94959,0.01
9,96789,7415,1.0,9130,1822,94967,0.01
7,96796,7416,1.0,9131,1822,94974,0.01
7,96803,7417,1.0,9132,1822,94981,0.01
7,96810,7418,1.0,9133,1822,94988,0.01
7,96817,7419,1.0,9134,1822,94995,0.01
7,96824,7420,1.0,9135,1822,95002,0.01
7,96831,7421,1.0,9136,1822,95009,0.01
7,96838,7422,1.0,9137,1822,95016,0.01
7,96845,7423,1.0,9138,1822,95023,0.01
7,96852,7424,1.0,9139,1822,95030,0.01
7,96859,7425,1.0,9140,1822,95037,0.01
7,96866,7426,1.0,9141,1822,95044,0.01
7,96873,7427,1.0,9142,1822,95051,0.01
7,96880,7428,1.0,9143,1822,95058,0.01
7,96887,7429,1.0,9144,1822,95065,0.01
7,96894,7430,1.0,9145,1822,95072,0.01
7,96901,7431,1.0,9146,1822,95079,0.01
7,96908,7432,1.0,9147,1823,95085,0.01
7,96915,7433,1.0,9148,1823,95092,0.01
7,96922,7434,1.0,9149,1823,95099,0.01
7,96929,7435,1.0,9150,1823,95106,0.01
7,96936,7436,1.0,9151,1823,95113,0.01
7,96943,7437,1.0,9152,1823,95120,0.01
7,96950,7438,1.0,9153,1823,95127,0.01
7,96957,7439,1.0,9154,1823,95134,0.01
7,96964,7440,1.0,9155,1823,95141,0.01
7,96971,7441,1.0,9156,1823,95148,0.01
7,96978,7442,1.0,9157,1823,95155,0.01
7,96985,7443,1.0,9158,1823,95162,0.01
7,96992,7444,1.0,9159,1823,95169,0.01
7,96999,7445,1.0,9160,1823,95176,0.01
7,97006,7446,1.0,9161,1823,95183,0.01
7,97013,7447,1.0,9162,1823,95190,0.01
7,97020,7448,1.0,9163,1823,95197,0.01
7,97027,7449,1.0,9164,1823,95204,0.01
7,97034,7450,1.0,9165,1823,95211,0.01
7,97041,7451,1.0,9166,1823,95218,0.01
7,97048,7452,1.0,9167,1823,95225,0.01
7,97055,7453,1.0,9168,1824,95231,0.01
7,97062,7454,1.0,9169,1824,95238,0.01
7,97069,7455,1.0,9170,1824,95245,0.01
7,97076,7456,1.0,9171,1824,95252,0.01
7,97083,7457,1.0,9172,1824,95259,0.01
7,97090,7458,1.0,9173,1824,95266,0.01
7,97097,7459,1.0,9174,1824,95273,0.01
7,97104,7460,1.0,9175,1824,95280,0.01
7,97111,7461,1.0,9176,1824,95287,0.01
7,97118,7462,1.0,9177,1824,95294,0.01
7,97125,7463,1.0,9178,1824,95301,0.01
7,97132,7464,1.0,9179,1824,95308,0.01
7,97139,7465,1.0,9180,1824,95315,0.01
7,97146,7466,1.0,9181,1824,95322,0.01
7,97153,7467,1.0,9182,1824,95329,0.01
7,97160,7468,1.0,9183,1825,95335,0.01
7,97167,7469,1.0,9184,1825,95342,0.01
7,97174,7470,1.0,9185,1825,95349,0.01
7,97181,7471,1.0,9186,1825,95356,0.01
7,97188,7472,1.0,9187,1825,95363,0.01
7,97195,7473,1.0,9188,1825,95370,0.01
7,97202,7474,1.0,9189,1825,95377,0.01
7,97209,7475,1.0,9190,1825,95384,0.01
7,97216,7476,1.0,9191,1825,95391,0.01
7,97223,7477,1.0,9192,1825,95398,0.01
7,97230,7478,1.0,9193,1826,95404,0.01
7,97237,7479,1.0,9194,1826,95411,0.01
7,97244,7480,1.0,9195,1826,95418,0.01
7,97251,7481,1.0,9196,1826,95425,0.01
7,97258,7482,1.0,9197,1826,95432,0.01
7,97265,7483,1.0,9198,1826,95439,0.01
7,97272,7484,1.0,9199,1826,95446,0.01
7,97279,7485,1.0,9200,1826,95453,0.01
7,97286,7486,1.0,9201,1826,95460,0.01
7,97293,7487,1.0,9202,1826,95467,0.01
7,97300,7488,1.0,9203,1826,95474,0.01
7,97307,7489,1.0,9204,1826,95481,0.01
7,97314,7490,1.0,9205,1826,95488,0.01
7,97321,7491,1.0,9206,1826,95495,0.01
7,97328,7492,1.0,9207,1826,95502,0.01
7,97335,7493,1.0,9208,1826,95509,0.01
7,97342,7494,1.0,9209,1826,95516,0.01
7,97349,7495,1.0,9210,1826,95523,0.01
7,97356,7496,1.0,9211,1826,95530,0.01
7,97363,7497,1.0,9212,1826,95537,0.01
7,97370,7498,1.0,9213,1826,95544,0.01
7,97377,7499,1.0,9214,1826,95551,0.01
7,97384,7500,1.0,9215,1826,95558,0.01
7,97391,7501,1.0,9216,1826,95565,0.01
7,97398,7502,1.0,9217,1826,95572,0.01
7,97405,7503,1.0,9218,1826,95579,0.01
7,97412,7504,1.0,9219,1826,95586,0.01
7,97419,7505,1.0,9220,1826,95593,0.01
7,97426,7506,1.0,9221,1826,95600,0.01
7,97433,7507,1.0,9222,1826,95607,0.01
7,97440,7508,1.0,9223,1826,95614,0.01
7,97447,7509,1.0,9224,1826,95621,0.01
23,97470,7509,0.0,9225,1827,95643,0.01
7,97477,7510,1.0,9226,1827,95650,0.01
7,97484,7511,1.0,9227,1827,95657,0.01
7,97491,7512,1.0,9228,1827,95664,0.01
7,97498,7513,1.0,9229,1827,95671,0.01
7,97505,7514,1.0,9230,1827,95678,0.01
7,97512,7515,1.0,9231,1827,95685,0.01
7,97519,7516,1.0,9232,1827,95692,0.01
7,97526,7517,1.0,9233,1827,95699,0.01
7,97533,7518,1.0,9234,1827,95706,0.01
7,97540,7519,1.0,9235,1827,95713,0.01
7,97547,7520,1.0,9236,1827,95720,0.01
7,97554,7521,1.0,9237,1827,95727,0.01
7,97561,7522,1.0,9238,1827,95734,0.01
7,97568,7523,1.0,9239,1828,95740,0.01
7,97575,7524,1.0,9240,1828,95747,0.01
7,97582,7525,1.0,9241,1828,95754,0.01
7,97589,7526,1.0,9242,1828,95761,0.01
7,97596,7527,1.0,9243,1828,95768,0.01
7,97603,7528,1.0,9244,1828,95775,0.01
7,97610,7529,1.0,9245,1828,95782,0.01
7,97617,7530,1.0,9246,1828,95789,0.01
7,97624,7531,1.0,9247,1828,95796,0.01
7,97631,7532,1.0,9248,1828,95803,0.01
7,97638,7533,1.0,9249,1828,95810,0.01
7,97645,7534,1.0,9250,1828,95817,0.01
7,97652,7535,1.0,9251,1828,95824,0.01
7,97659,7536,1.0,9252,1828,95831,0.01
7,97666,7537,1.0,9253,1829,95837,0.01
9,97675,7538,1.0,9254,1830,95845,0.01
7,97682,7539,1.0,9255,1830,95852,0.01
7,97689,7540,1.0,9256,1830,95859,0.01
7,97696,7541,1.0,9257,1830,95866,0.01
7,97703,7542,1.0,9258,1830,95873,0.01
7,97710,7543,1.0,9259,1830,95880,0.01
7,97717,7544,1.0,9260,1830,95887,0.01
7,97724,7545,1.0,9261,1830,95894,0.01
7,97731,7546,1.0,9262,1830,95901,0.01
7,97738,7547,1.0,9263,1830,95908,0.01
7,97745,7548,1.0,9264,1830,95915,0.01
7,97752,7549,1.0,9265,1830,95922,0.01
7,97759,7550,1.0,9266,1830,95929,0.01
7,97766,7551,1.0,9267,1830,95936,0.01
7,97773,7552,1.0,9268,1831,95942,0.01
7,97780,7553,1.0,9269,1831,95949,0.01
7,97787,7554,1.0,9270,1831,95956,0.01
7,97794,7555,1.0,9271,1831,95963,0.01
7,97801,7556,1.0,9272,1831,95970,0.01
7,97808,7557,1.0,9273,1831,95977,0.01
6,97814,7557,0.0,9274,1832,95982,0.01
7,97821,7558,1.0,9275,1832,95989,0.01
7,97828,7559,1.0,9276,1832,95996,0.01
7,97835,7560,1.0,9277,1832,96003,0.01
7,97842,7561,1.0,9278,1832,96010,0.01
7,97849,7562,1.0,9279,1832,96017,0.01
7,97856,7563,1.0,9280,1832,96024,0.01
7,97863,7564,1.0,9281,1832,96031,0.01
7,97870,7565,1.0,9282,1832,96038,0.01
7,97877,7566,1.0,9283,1832,96045,0.01
7,97884,7567,1.0,9284,1832,96052,0.01
7,97891,7568,1.0,9285,1832,96059,0.01
7,97898,7569,1.0,9286,1832,96066,0.01
6,97904,7569,0.0,9287,1833,96071,0.01
7,97911,7570,1.0,9288,1833,96078,0.01
7,97918,7571,1.0,9289,1833,96085,0.01
7,97925,7572,1.0,9290,1833,96092,0.01
7,97932,7573,1.0,9291,1833,96099,0.01
7,97939,7574,1.0,9292,1833,96106,0.01
7,97946,7575,1.0,9293,1833,96113,0.01
7,97953,7576,1.0,9294,1833,96120,0.01
7,97960,7577,1.0,9295,1834,96126,0.01
7,97967,7578,1.0,9296,1834,96133,0.01
7,97974,7579,1.0,9297,1834,96140,0.01
6,97980,7579,0.0,9298,1835,96145,0.01
7,97987,7580,1.0,9299,1835,96152,0.01
7,97994,7581,1.0,9300,1835,96159,0.01
7,98001,7582,1.0,9301,1835,96166,0.01
7,98008,7583,1.0,9302,1835,96173,0.01
7,98015,7584,1.0,9303,1835,96180,0.01
7,98022,7585,1.0,9304,1835,96187,0.01
7,98029,7586,1.0,9305,1835,96194,0.01
7,98036,7587,1.0,9306,1835,96201,0.01
7,98043,7588,1.0,9307,1835,96208,0.01
7,98050,7589,1.0,9308,1835,96215,0.01
7,98057,7590,1.0,9309,1835,96222,0.01
7,98064,7591,1.0,9310,1835,96229,0.01
7,98071,7592,1.0,9311,1835,96236,0.01
7,98078,7593,1.0,9312,1835,96243,0.01
7,98085,7594,1.0,9313,1835,96250,0.01
7,98092,7595,1.0,9314,1835,96257,0.01
7,98099,7596,1.0,9315,1835,96264,0.01
7,98106,7597,1.0,9316,1835,96271,0.01
7,98113,7598,1.0,9317,1835,96278,0.01
7,98120,7599,1.0,9318,1835,96285,0.01
7,98127,7600,1.0,9319,1835,96292,0.01
7,98134,7601,1.0,9320,1835,96299,0.01
23,98157,7601,0.0,9321,1836,96321,0.01
7,98164,7602,1.0,9322,1836,96328,0.01
7,98171,7603,1.0,9323,1836,96335,0.01
7,98178,7604,1.0,9324,1836,96342,0.01
7,98185,7605,1.0,9325,1836,96349,0.01
7,98192,7606,1.0,9326,1836,96356,0.01
7,98199,7607,1.0,9327,1836,96363,0.01
7,98206,7608,1.0,9328,1836,96370,0.01
7,98213,7609,1.0,9329,1836,96377,0.01
7,98220,7610,1.0,9330,1836,96384,0.01
7,98227,7611,1.0,9331,1836,96391,0.01
7,98234,7612,1.0,9332,1836,96398,0.01
7,98241,7613,1.0,9333,1836,96405,0.01
7,98248,7614,1.0,9334,1836,96412,0.01
7,98255,7615,1.0,9335,1836,96419,0.01
7,98262,7616,1.0,9336,1836,96426,0.01
7,98269,7617,1.0,9337,1836,96433,0.01
7,98276,7618,1.0,9338,1836,96440,0.01
7,98283,7619,1.0,9339,1836,96447,0.01
7,98290,7620,1.0,9340,1836,96454,0.01
7,98297,7621,1.0,9341,1836,96461,0.01
7,98304,7622,1.0,9342,1836,96468,0.01
7,98311,7623,1.0,9343,1836,96475,0.01
7,98318,7624,1.0,9344,1836,96482,0.01
7,98325,7625,1.0,9345,1836,96489,0.01
7,98332,7626,1.0,9346,1836,96496,0.01
7,98339,7627,1.0,9347,1837,96502,0.01
7,98346,7628,1.0,9348,1837,96509,0.01
7,98353,7629,1.0,9349,1837,96516,0.01
7,98360,7630,1.0,9350,1837,96523,0.01
7,98367,7631,1.0,9351,1837,96530,0.01
7,98374,7632,1.0,9352,1837,96537,0.01
7,98381,7633,1.0,9353,1837,96544,0.01
7,98388,7634,1.0,9354,1837,96551,0.01
7,98395,7635,1.0,9355,1837,96558,0.01
7,98402,7636,1.0,9356,1837,96565,0.01
7,98409,7637,1.0,9357,1837,96572,0.01
7,98416,7638,1.0,9358,1837,96579,0.01
7,98423,7639,1.0,9359,1837,96586,0.01
7,98430,7640,1.0,9360,1837,96593,0.01
7,98437,7641,1.0,9361,1837,96600,0.01
7,98444,7642,1.0,9362,1837,96607,0.01
7,98451,7643,1.0,9363,1837,96614,0.01
7,98458,7644,1.0,9364,1837,96621,0.01
7,98465,7645,1.0,9365,1837,96628,0.01
7,98472,7646,1.0,9366,1837,96635,0.01
7,98479,7647,1.0,9367,1837,96642,0.01
7,98486,7648,1.0,9368,1837,96649,0.01
7,98493,7649,1.0,9369,1837,96656,0.01
2,98495,7649,0.0,9370,1838,96657,0.01
7,98502,7650,1.0,9371,1838,96664,0.01
5,98507,7650,0.0,9372,1839,96668,0.01
7,98514,7651,1.0,9373,1839,96675,0.01
7,98521,7652,1.0,9374,1839,96682,0.01
7,98528,7653,1.0,9375,1840,96688,0.01
7,98535,7654,1.0,9376,1840,96695,0.01
6,98541,7654,0.0,9377,1841,96700,0.01
7,98548,7655,1.0,9378,1841,96707,0.01
6,98554,7655,0.0,9379,1841,96713,0.01
7,98561,7656,1.0,9380,1842,96719,0.01
17,98578,7656,0.0,9381,1842,96736,0.01
7,98585,7657,1.0,9382,1842,96743,0.01
26,98611,7657,0.0,9383,1842,96769,0.01
8,98619,7657,0.0,9384,1842,96777,0.01
15,98634,7657,0.0,9385,1842,96792,0.01
28,98662,7657,0.0,9386,1842,96820,0.01
57,98719,7658,1.0,9387,1842,96877,0.01
43,98762,7658,0.0,9388,1842,96920,0.01
15,98777,7658,0.0,9389,1842,96935,0.01
57,98834,7659,1.0,9390,1842,96992,0.01
40,98874,7659,0.0,9391,1844,97030,0.01
32,98906,7659,0.0,9392,1844,97062,0.01
14,98920,7659,0.0,9393,1844,97076,0.01
15,98935,7659,0.0,9394,1844,97091,0.01
6,98941,7659,0.0,9395,1844,97097,0.01
17,98958,7659,0.0,9396,1844,97114,0.01
10,98968,7659,0.0,9397,1844,97124,0.01
6,98974,7659,0.0,9398,1844,97130,0.01
24,98998,7659,0.0,9399,1844,97154,0.01
24,99022,7659,0.0,9400,1845,97177,0.01
8,99030,7659,0.0,9401,1845,97185,0.01
13,99043,7659,0.0,9402,1845,97198,0.01
4,99047,7659,0.0,9403,1845,97202,0.01
39,99086,7659,0.0,9404,1846,97240,0.01
23,99109,7659,0.0,9405,1846,97263,0.01
14,99123,7660,1.0,9406,1846,97277,0.01
26,99149,7661,1.0,9407,1846,97303,0.01
7,99156,7661,0.0,9408,1847,97309,0.01
26,99182,7662,1.0,9409,1847,97335,0.01
26,99208,7663,1.0,9410,1848,97360,0.01
26,99234,7664,1.0,9411,1848,97386,0.01
26,99260,7665,1.0,9412,1849,97411,0.01
26,99286,7666,1.0,9413,1849,97437,0.01
26,99312,7667,1.0,9414,1849,97463,0.01
26,99338,7668,1.0,9415,1849,97489,0.01
26,99364,7669,1.0,9416,1849,97515,0.01
26,99390,7670,1.0,9417,1849,97541,0.01
26,99416,7671,1.0,9418,1850,97566,0.01
6,99422,7671,0.0,9419,1851,97571,0.01
26,99448,7672,1.0,9420,1851,97597,0.01
26,99474,7673,1.0,9421,1852,97622,0.01
24,99498,7673,0.0,9422,1852,97646,0.01
26,99524,7674,1.0,9423,1852,97672,0.01
6,99530,7674,0.0,9424,1852,97678,0.01
6,99536,7674,0.0,9425,1852,97684,0.01
7,99543,7675,1.0,9426,1852,97691,0.01
26,99569,7676,1.0,9427,1852,97717,0.01
26,99595,7677,1.0,9428,1852,97743,0.01
26,99621,7678,1.0,9429,1852,97769,0.01
26,99647,7679,1.0,9430,1852,97795,0.01
26,99673,7680,1.0,9431,1852,97821,0.01
54,99727,7680,0.0,9432,1853,97874,0.01
54,99781,7680,0.0,9433,1853,97928,0.01
51,99832,7680,0.0,9434,1855,97977,0.01
13,99845,7680,0.0,9435,1856,97989,0.01
23,99868,7680,0.0,9436,1856,98012,0.01
5,99873,7680,0.0,9437,1856,98017,0.01
6,99879,7680,0.0,9438,1857,98022,0.01
15,99894,7680,0.0,9439,1857,98037,0.01
15,99909,7680,0.0,9440,1857,98052,0.01
6,99915,7680,0.0,9441,1857,98058,0.01
11,99926,7680,0.0,9442,1857,98069,0.01
17,99943,7680,0.0,9443,1857,98086,0.01
6,99949,7680,0.0,9444,1858,98091,0.01
15,99964,7680,0.0,9445,1858,98106,0.01
