iteration,successes,successes_episode,reward_episode,episode_count,random_act,timestep,epsilon
11,11,0,0.0,1,11,0,1.0
7,18,0,0.0,2,18,0,0.9901493354116764
11,29,0,0.0,3,27,2,0.9803966865736877
6,35,0,0.0,4,32,3,0.970741078213023
6,41,0,0.0,5,37,4,0.9611815447608
2,43,0,0.0,6,39,4,0.9517171302557069
9,52,0,0.0,7,48,4,0.9423468882484062
5,57,0,0.0,8,52,5,0.9330698817068888
4,61,0,0.0,9,55,6,0.9238851829227694
5,66,0,0.0,10,60,6,0.9147918734185159
3,69,0,0.0,11,63,6,0.9057890438555999
2,71,0,0.0,12,65,6,0.896875793943563
11,82,0,0.0,13,75,7,0.888051232349986
11,93,0,0.0,14,84,9,0.8793144766113556
6,99,0,0.0,15,88,11,0.8706646530448178
16,115,0,0.0,16,101,14,0.8621008966608072
3,118,0,0.0,17,103,15,0.8536223510765493
4,122,0,0.0,18,106,16,0.8452281684304199
6,128,0,0.0,19,111,17,0.8369175092971592
8,136,0,0.0,20,118,18,0.8286895426039287
4,140,0,0.0,21,122,18,0.820543445547202
10,150,0,0.0,22,131,19,0.8124784035104852
5,155,0,0.0,23,134,21,0.8044936099828537
3,158,0,0.0,24,136,22,0.7965882664783007
2,160,0,0.0,25,138,22,0.7887615824558879
21,181,0,0.0,26,156,25,0.7810127752406908
8,189,0,0.0,27,164,25,0.7733410699455306
2,191,0,0.0,28,166,25,0.7657456993934846
12,203,0,0.0,29,173,30,0.7582259040411682
7,210,0,0.0,30,179,31,0.7507809319027796
23,233,0,0.0,31,194,39,0.7434100384749007
4,237,0,0.0,32,196,41,0.7361124866620463
35,272,0,0.0,33,220,52,0.7288875467029541
25,297,0,0.0,34,238,59,0.7217344960976069
16,313,0,0.0,35,250,63,0.7146526195349836
2,315,0,0.0,36,252,63,0.7076412088215263
13,328,0,0.0,37,262,66,0.7006995628103208
6,334,0,0.0,38,268,66,0.6938269873309811
4,338,0,0.0,39,271,67,0.6870227951202322
5,343,0,0.0,40,273,70,0.680286305753183
5,348,0,0.0,41,277,71,0.6736168455752829
9,357,0,0.0,42,285,72,0.6670137476349562
5,362,0,0.0,43,287,75,0.6604763516169062
25,387,0,0.0,44,304,83,0.6540040037760834
7,394,0,0.0,45,310,84,0.64759605687231
25,419,0,0.0,46,324,95,0.6412518701055556
8,427,0,0.0,47,330,97,0.6349708090518567
6,433,0,0.0,48,333,100,0.6287522455998737
7,440,0,0.0,49,338,102,0.6225955578880794
6,446,0,0.0,50,344,102,0.616500130242572
7,453,0,0.0,51,351,102,0.6104653531155071
8,461,0,0.0,52,357,104,0.6044906230241432
3,464,0,0.0,53,359,105,0.5985753424904925
11,475,0,0.0,54,364,111,0.5927189199815717
3,478,0,0.0,55,366,112,0.5869207698502498
2,480,0,0.0,56,368,112,0.5811803122766818
16,496,0,0.0,57,378,118,0.5754969732103268
2,498,0,0.0,58,379,119,0.5698701843125418
26,524,0,0.0,59,395,129,0.564299382899748
5,529,0,0.0,60,398,131,0.558784011887162
7,536,0,0.0,61,405,131,0.5533235197330862
5,541,0,0.0,62,408,133,0.5479173603837548
5,546,0,0.0,63,412,134,0.5425649932187278
12,558,0,0.0,64,420,138,0.5372658829968282
22,580,0,0.0,65,429,151,0.5320194998026181
17,597,0,0.0,66,437,160,0.5268253189934059
10,607,0,0.0,67,443,164,0.5216828211467822
4,611,0,0.0,68,445,166,0.516591492008677
17,628,0,0.0,69,451,177,0.5115508224419336
11,639,0,0.0,70,457,182,0.5065603083753949
5,644,0,0.0,71,459,185,0.5016194507534953
6,650,0,0.0,72,461,189,0.49672775548635545
7,657,0,0.0,73,466,191,0.491884733400372
11,668,0,0.0,74,472,196,0.48708990018930043
14,682,0,0.0,75,479,203,0.48234277636582407
25,707,0,0.0,76,489,218,0.47764288721360454
5,712,0,0.0,77,492,220,0.47298976273981014
25,737,0,0.0,78,506,231,0.4683829376281158
6,743,0,0.0,79,510,233,0.4638219511921713
3,746,0,0.0,80,511,235,0.4593063473295323
19,765,0,0.0,81,522,243,0.45483567447604933
2,767,0,0.0,82,523,244,0.4504094855607117
2,769,0,0.0,83,525,244,0.44602733796093924
17,786,0,0.0,84,530,256,0.4416887934583202
10,796,0,0.0,85,536,260,0.43739341819478894
17,813,0,0.0,86,545,268,0.43314078262923944
3,816,0,0.0,87,546,270,0.4289304614945713
16,832,0,0.0,88,552,280,0.42476203375516264
3,835,0,0.0,89,554,281,0.42063508256476556
11,846,0,0.0,90,560,286,0.41654919522482203
17,863,0,0.0,91,566,297,0.4125039631431931
19,882,0,0.0,92,576,306,0.40849898179329963
6,888,0,0.0,93,577,311,0.404533850673669
13,901,0,0.0,94,582,319,0.40060817326788506
2,903,0,0.0,95,583,320,0.3967215570049359
5,908,0,0.0,96,585,323,0.3928736132199562
15,923,0,0.0,97,590,333,0.38906395711536096
13,936,0,0.0,98,596,340,0.38529220772236483
11,947,0,0.0,99,601,346,0.3815579878628856
13,960,0,0.0,100,605,355,0.37786092411182526
5,965,0,0.0,101,606,359,0.3742006467597279
13,978,0,0.0,102,612,366,0.3705767897758081
14,992,0,0.0,103,617,375,0.3669889907713475
7,999,0,0.0,104,619,380,0.36343689096345594
6,1005,0,0.0,105,624,381,0.35992013513919235
7,1012,0,0.0,106,627,385,0.35643837162004377
5,1017,0,0.0,107,629,388,0.3529912522267568
5,1022,0,0.0,108,631,391,0.34957843224451957
3,1025,0,0.0,109,632,393,0.34619957038848975
2,1027,0,0.0,110,633,394,0.34285432876966604
22,1049,0,0.0,111,639,410,0.3395423728610988
9,1058,0,0.0,112,642,416,0.3362633714644372
17,1075,0,0.0,113,646,429,0.33301699667680906
6,1081,0,0.0,114,649,432,0.3298029238580304
23,1104,0,0.0,115,658,446,0.3266208315981408
16,1120,0,0.0,116,664,456,0.32347040168526264
17,1137,0,0.0,117,667,470,0.3203513190737793
17,1154,0,0.0,118,669,485,0.3172632718528302
5,1159,0,0.0,119,671,488,0.31420595121511996
5,1164,0,0.0,120,673,491,0.311179051426037
27,1191,0,0.0,121,683,508,0.3081822697930801
17,1208,0,0.0,122,691,517,0.3052153066355885
28,1236,0,0.0,123,699,537,0.30227786525477407
4,1240,0,0.0,124,701,539,0.29936965190405085
18,1258,0,0.0,125,705,553,0.29649037575966014
17,1275,0,0.0,126,714,561,0.29363974889158817
35,1310,0,0.0,127,723,587,0.2908174862347727
15,1325,0,0.0,128,729,596,0.28802330556059597
5,1330,0,0.0,129,731,599,0.2852569274486622
16,1346,0,0.0,130,734,612,0.2825180752588548
3,1349,0,0.0,131,735,614,0.27980647510367246
23,1372,0,0.0,132,739,633,0.2771218558208399
3,1375,0,0.0,133,740,635,0.27446394894619186
6,1381,0,0.0,134,742,639,0.27183248868682575
17,1398,0,0.0,135,744,654,0.26922721189452276
23,1421,0,0.0,136,749,672,0.2666478580394326
5,1426,0,0.0,137,751,675,0.26409416918402034
14,1440,0,0.0,138,756,684,0.26156588995727226
6,1446,0,0.0,139,758,688,0.2590627675291589
17,1463,0,0.0,140,761,702,0.2565845515853515
14,1477,0,0.0,141,764,713,0.2541309943021904
8,1485,0,0.0,142,769,716,0.25170185032190273
17,1502,0,0.0,143,771,731,0.24929687672806608
22,1524,0,0.0,144,774,750,0.246915833021317
14,1538,0,0.0,145,778,760,0.24455848109530054
6,1544,0,0.0,146,779,765,0.2422245852128597
22,1566,0,0.0,147,783,783,0.23991391198246126
5,1571,0,0.0,148,784,787,0.2376262303348566
13,1584,0,0.0,149,788,796,0.2353613114999746
22,1606,0,0.0,150,795,811,0.23311892898404435
3,1609,0,0.0,151,796,813,0.23089885854694553
5,1614,0,0.0,152,797,817,0.22870087817978443
10,1624,0,0.0,153,800,824,0.22652476808269262
2,1626,0,0.0,154,801,825,0.22437031064284702
17,1643,0,0.0,155,805,838,0.22223729041270818
15,1658,0,0.0,156,810,848,0.22012549408847562
16,1674,0,0.0,157,814,860,0.21803471048875708
17,1691,0,0.0,158,820,871,0.21596473053345028
14,1705,0,0.0,159,824,881,0.21391534722283462
17,1722,0,0.0,160,825,897,0.2118863556168713
21,1743,0,0.0,161,832,911,0.20987755281470882
17,1760,0,0.0,162,834,926,0.20788873793439305
17,1777,0,0.0,163,837,940,0.2059197120927785
17,1794,0,0.0,164,842,952,0.20397027838564025
17,1811,0,0.0,165,844,967,0.20204024186798297
21,1832,0,0.0,166,848,984,0.20012940953454655
17,1849,0,0.0,167,848,1001,0.1982375903005053
16,1865,0,0.0,168,852,1013,0.19636459498235934
17,1882,0,0.0,169,855,1027,0.19451023627901587
17,1899,0,0.0,170,858,1041,0.19267432875305937
22,1921,0,0.0,171,865,1056,0.19085668881220733
6,1927,0,0.0,172,869,1058,0.1890571346909509
2,1929,0,0.0,173,870,1059,0.1872754864323783
16,1945,0,0.0,174,871,1074,0.18551156587017906
2,1947,0,0.0,175,872,1075,0.1837651966108269
17,1964,0,0.0,176,876,1088,0.1820362040159407
10,1974,0,0.0,177,880,1094,0.18032441518482004
17,1991,0,0.0,178,881,1110,0.17862965893715535
4,1995,0,0.0,179,883,1112,0.17695176579590954
17,2012,0,0.0,180,886,1126,0.1752905679703703
6,2018,0,0.0,181,888,1130,0.17364589933937066
14,2032,0,0.0,182,893,1139,0.172017595434677
16,2048,0,0.0,183,895,1153,0.17040549342454195
17,2065,0,0.0,184,898,1167,0.16880943209742102
23,2088,0,0.0,185,904,1184,0.16722925184585147
17,2105,0,0.0,186,905,1200,0.16566479465049133
17,2122,0,0.0,187,909,1213,0.16411590406431734
19,2141,0,0.0,188,912,1229,0.1625824251969801
17,2158,0,0.0,189,913,1245,0.16106420469931504
16,2174,0,0.0,190,916,1258,0.15956109074800714
18,2192,0,0.0,191,922,1270,0.1580729330304087
17,2209,0,0.0,192,925,1284,0.15659958272950783
27,2236,0,0.0,193,930,1306,0.15514089250904667
2,2238,0,0.0,194,931,1307,0.1536967164987875
23,2261,0,0.0,195,934,1327,0.1522669102799259
23,2284,0,0.0,196,939,1345,0.15085133087064845
23,2307,0,0.0,197,942,1365,0.14944983671183457
17,2324,0,0.0,198,943,1381,0.14806228765290044
14,2338,0,0.0,199,944,1394,0.1466885449377839
17,2355,0,0.0,200,944,1411,0.14532847119106862
17,2372,0,0.0,201,945,1427,0.1439819304042466
22,2394,0,0.0,202,947,1447,0.14264878792211688
17,2411,0,0.0,203,950,1461,0.1413289104293205
17,2428,0,0.0,204,951,1477,0.14002216593700811
16,2444,0,0.0,205,955,1489,0.13872842376964165
17,2461,0,0.0,206,955,1506,0.1374475545519262
17,2478,0,0.0,207,956,1522,0.13617943019587256
2,2480,0,0.0,208,957,1523,0.13492392388798838
18,2498,0,0.0,209,963,1535,0.13368091007659658
28,2526,0,0.0,210,966,1560,0.1324502644592803
16,2542,0,0.0,211,967,1575,0.13123186397045208
15,2557,0,0.0,212,971,1586,0.13002558676904785
17,2574,0,0.0,213,974,1600,0.12883131222634217
17,2591,0,0.0,214,976,1615,0.12764892091388555
17,2608,0,0.0,215,976,1632,0.1264782945915614
23,2631,0,0.0,216,979,1652,0.125319316195762
16,2647,0,0.0,217,983,1664,0.12417186982768189
11,2658,0,0.0,218,986,1672,0.12303584074172813
17,2675,0,0.0,219,988,1687,0.12191111533404535
17,2692,0,0.0,220,989,1703,0.12079758113115559
23,2715,0,0.0,221,995,1720,0.11969512677871053
17,2732,0,0.0,222,997,1735,0.11860364203035628
15,2747,0,0.0,223,1001,1746,0.11752301773670837
16,2763,0,0.0,224,1003,1760,0.116453145834437
23,2786,0,0.0,225,1008,1778,0.11539391933546027
17,2803,0,0.0,226,1008,1795,0.11434523231624569
17,2820,0,0.0,227,1009,1811,0.11330697990721733
17,2837,0,0.0,228,1010,1827,0.1122790582822692
5,2842,0,0.0,229,1011,1831,0.11126136464838206
17,2859,0,0.0,230,1014,1845,0.11025379723534455
23,2882,0,0.0,231,1018,1864,0.10925625528557566
32,2914,0,0.0,232,1024,1890,0.1082686390440492
17,2931,0,0.0,233,1026,1905,0.10729084974831793
16,2947,0,0.0,234,1029,1918,0.10632278961863742
17,2964,0,0.0,235,1031,1933,0.10536436184818809
17,2981,0,0.0,236,1033,1948,0.10441547059339411
17,2998,0,0.0,237,1034,1964,0.10347602096433932
17,3015,0,0.0,238,1036,1979,0.10254591901527788
16,3031,0,0.0,239,1038,1993,0.10162507173523985
21,3052,0,0.0,240,1042,2010,0.10071338703872978
27,3079,0,0.0,241,1044,2035,0.09981077375651838
17,3096,0,0.0,242,1046,2050,0.09891714162652515
17,3113,0,0.0,243,1046,2067,0.09803240128479247
5,3118,0,0.0,244,1048,2070,0.09715646425654882
2,3120,0,0.0,245,1049,2071,0.09628924294736148
17,3137,0,0.0,246,1049,2088,0.09543065063437678
17,3154,0,0.0,247,1050,2104,0.09458060145764802
17,3171,0,0.0,248,1050,2121,0.09373901041154904
14,3185,0,0.0,249,1054,2131,0.092905793336274
17,3202,0,0.0,250,1055,2147,0.09208086690942092
17,3219,0,0.0,251,1055,2164,0.0912641486376598
16,3235,0,0.0,252,1057,2178,0.09045555684848275
23,3258,0,0.0,253,1059,2199,0.08965501068203711
16,3274,0,0.0,254,1061,2213,0.08886243008303903
5,3279,0,0.0,255,1062,2217,0.08807773579276819
17,3296,0,0.0,256,1066,2230,0.08730084934114159
17,3313,0,0.0,257,1068,2245,0.08653169303886674
16,3329,0,0.0,258,1070,2259,0.0857701899696724
24,3353,0,0.0,259,1072,2281,0.08501626398261702
17,3370,0,0.0,260,1073,2297,0.0842698396844737
17,3387,0,0.0,261,1077,2310,0.08353084243219053
16,3403,0,0.0,262,1079,2324,0.08279919832542652
23,3426,0,0.0,263,1080,2346,0.08207483419916123
17,3443,0,0.0,264,1084,2359,0.08135767761637844
3,3446,0,0.0,265,1085,2361,0.08064765686082219
14,3460,0,0.0,266,1087,2373,0.0799447009298253
17,3477,0,0.0,267,1087,2390,0.0792487395272088
17,3494,0,0.0,268,1087,2407,0.07855970305625253
17,3511,0,0.0,269,1088,2423,0.07787752261273513
27,3538,0,0.0,270,1092,2446,0.07720212997804382
16,3554,0,0.0,271,1094,2460,0.07653345761235225
6,3560,0,0.0,272,1095,2465,0.07587143864786668
17,3577,0,0.0,273,1095,2482,0.07521600688213892
2,3579,0,0.0,274,1096,2483,0.07456709677144624
17,3596,0,0.0,275,1097,2499,0.07392464342423678
23,3619,0,0.0,276,1099,2520,0.0732885825946405
17,3636,0,0.0,277,1101,2535,0.07265885067604429
17,3653,0,0.0,278,1101,2552,0.07203538469473161
17,3670,0,0.0,279,1102,2568,0.0714181223035847
16,3686,0,0.0,280,1106,2580,0.07080700177585013
17,3703,0,0.0,281,1107,2596,0.07020196199896576
17,3720,0,0.0,282,1108,2612,0.06960294246844981
27,3747,0,0.0,283,1112,2635,0.06900988328184997
17,3764,0,0.0,284,1112,2652,0.06842272513275337
17,3781,0,0.0,285,1112,2669,0.06784140930485581
17,3798,0,0.0,286,1112,2686,0.06726587766609007
17,3815,0,0.0,287,1113,2702,0.06669607266281269
17,3832,0,0.0,288,1115,2717,0.06613193731404843
16,3848,0,0.0,289,1117,2731,0.06557341520579238
17,3865,0,0.0,290,1119,2746,0.06502045048536823
17,3882,0,0.0,291,1119,2763,0.06447298785584316
17,3899,0,0.0,292,1120,2779,0.06393097257049796
17,3916,0,0.0,293,1121,2795,0.06339435042735246
17,3933,0,0.0,294,1122,2811,0.06286306776374512
17,3950,0,0.0,295,1126,2824,0.06233707145096687
17,3967,0,0.0,296,1127,2840,0.06181630888894806
23,3990,0,0.0,297,1129,2861,0.061300728000998575
17,4007,0,0.0,298,1129,2878,0.06079027722859992
17,4024,0,0.0,299,1129,2895,0.060284905526249516
17,4041,0,0.0,300,1129,2912,0.05978456235635595
17,4058,0,0.0,301,1130,2928,0.05928919768418531
2,4060,0,0.0,302,1131,2929,0.05879876197285753
17,4077,0,0.0,303,1131,2946,0.058313206178392835
16,4093,0,0.0,304,1134,2959,0.05783248174480709
27,4120,0,0.0,305,1136,2984,0.057356540599256385
17,4137,0,0.0,306,1136,3001,0.0568853351472295
17,4154,0,0.0,307,1137,3017,0.0564188182677886
17,4171,0,0.0,308,1138,3033,0.05595694330885694
17,4188,0,0.0,309,1138,3050,0.05549966408255377
17,4205,0,0.0,310,1138,3067,0.05504693486057535
17,4222,0,0.0,311,1139,3083,0.05459871036962222
17,4239,0,0.0,312,1139,3100,0.05415494578687179
17,4256,0,0.0,313,1139,3117,0.05371559673549593
17,4273,0,0.0,314,1139,3134,0.053280619280223436
27,4300,0,0.0,315,1141,3159,0.05284996992294624
17,4317,0,0.0,316,1141,3176,0.05242360559836979
8,4325,0,0.0,317,1143,3182,0.05200148366970627
17,4342,0,0.0,318,1143,3199,0.051583561924411096
17,4359,0,0.0,319,1145,3214,0.05116979856996143
21,4380,0,0.0,320,1147,3233,0.050760152229677065
23,4403,0,0.0,321,1148,3255,0.05035458193858255
17,4420,0,0.0,322,1148,3272,0.049953047139310834
17,4437,0,0.0,323,1148,3289,0.04955550767804736
13,4450,0,0.0,324,1149,3301,0.04916192380051474
17,4467,0,0.0,325,1149,3318,0.0487722561479972
17,4484,0,0.0,326,1150,3334,0.04838646575340479
17,4501,0,0.0,327,1152,3349,0.04800451403737654
17,4518,0,0.0,328,1154,3364,0.04762636280442257
17,4535,0,0.0,329,1155,3380,0.04725197423910444
17,4552,0,0.0,330,1155,3397,0.04688131090225365
17,4569,0,0.0,331,1155,3414,0.046514335727227595
6,4575,0,0.0,332,1156,3419,0.046151012016203
17,4592,0,0.0,333,1156,3436,0.04579130343650595
16,4608,0,0.0,334,1157,3451,0.04543517401697875
17,4625,0,0.0,335,1158,3467,0.04508258814438266
17,4642,0,0.0,336,1158,3484,0.04473351055983658
6,4648,0,0.0,337,1159,3489,0.044387906355291176
17,4665,0,0.0,338,1159,3506,0.04404574097003798
16,4681,0,0.0,339,1160,3521,0.04370698018725335
17,4698,0,0.0,340,1160,3538,0.043371590130576676
17,4715,0,0.0,341,1160,3555,0.04303953726072282
17,4732,0,0.0,342,1161,3571,0.042710788372128064
17,4749,0,0.0,343,1161,3588,0.042385310589629625
17,4766,0,0.0,344,1162,3604,0.04206307136517797
17,4783,0,0.0,345,1162,3621,0.04174403847458216
16,4799,0,0.0,346,1163,3636,0.04142818001428726
17,4816,0,0.0,347,1164,3652,0.04111546439818403
23,4839,0,0.0,348,1167,3672,0.04080586035445025
17,4856,0,0.0,349,1168,3688,0.040499336922423565
17,4873,0,0.0,350,1168,3705,0.040195863449505306
14,4887,0,0.0,351,1169,3718,0.039895409588095315
17,4904,0,0.0,352,1169,3735,0.039597945292557044
17,4921,0,0.0,353,1169,3752,0.03930344081621308
17,4938,0,0.0,354,1170,3768,0.03901186670837034
17,4955,0,0.0,355,1170,3785,0.03872319381137508
17,4972,0,0.0,356,1170,3802,0.03843739325769703
17,4989,0,0.0,357,1170,3819,0.03815443646704266
16,5005,0,0.0,358,1171,3834,0.03787429514349709
17,5022,0,0.0,359,1171,3851,0.03759694127269454
17,5039,0,0.0,360,1171,3868,0.037322347119016795
17,5056,0,0.0,361,1171,3885,0.03705048522281963
23,5079,0,0.0,362,1172,3907,0.03678132839768691
17,5096,0,0.0,363,1172,3924,0.036514849727711796
17,5113,0,0.0,364,1172,3941,0.03625102256480524
17,5130,0,0.0,365,1172,3958,0.03598982052603108
17,5147,0,0.0,366,1172,3975,0.0357312174909678
17,5164,0,0.0,367,1173,3991,0.03547518759909634
17,5181,0,0.0,368,1173,4008,0.035221705247214206
17,5198,0,0.0,369,1173,4025,0.03497074508687494
17,5215,0,0.0,370,1173,4042,0.034722282021853394
17,5232,0,0.0,371,1173,4059,0.034476291205635994
17,5249,0,0.0,372,1173,4076,0.034232748038936146
17,5266,0,0.0,373,1173,4093,0.0339916281672342
17,5283,0,0.0,374,1173,4110,0.03375290747834208
17,5300,0,0.0,375,1173,4127,0.033516562099991945
28,5328,0,0.0,376,1176,4152,0.03328256839744902
17,5345,0,0.0,377,1176,4169,0.03305090297114803
23,5368,0,0.0,378,1177,4191,0.03282154265435332
17,5385,0,0.0,379,1177,4208,0.03259446451084204
16,5401,0,0.0,380,1178,4223,0.03236964583261064
17,5418,0,0.0,381,1178,4240,0.03214706413760394
17,5435,0,0.0,382,1179,4256,0.03192669716746694
17,5452,0,0.0,383,1179,4273,0.031708522885318995
17,5469,0,0.0,384,1179,4290,0.031492519473550085
17,5486,0,0.0,385,1179,4307,0.031278665331639026
16,5502,0,0.0,386,1180,4322,0.031066939073993396
23,5525,0,0.0,387,1181,4344,0.030857319527811018
17,5542,0,0.0,388,1181,4361,0.030649785730962574
17,5559,0,0.0,389,1181,4378,0.030444316929895437
17,5576,0,0.0,390,1181,4395,0.030240892577558277
16,5592,0,0.0,391,1182,4410,0.030039492331346347
17,5609,0,0.0,392,1183,4426,0.029840096051067175
17,5626,0,0.0,393,1183,4443,0.029642683796926583
17,5643,0,0.0,394,1183,4460,0.02944723582753464
17,5660,0,0.0,395,1183,4477,0.029253732597931535
17,5677,0,0.0,396,1183,4494,0.029062154757633053
17,5694,0,0.0,397,1184,4510,0.02887248314869552
17,5711,0,0.0,398,1184,4527,0.028684698803799973
17,5728,0,0.0,399,1185,4543,0.02849878294435545
17,5745,0,0.0,400,1185,4560,0.02831471697862105
17,5762,0,0.0,401,1185,4577,0.028132482499846838
17,5779,0,0.0,402,1185,4594,0.027952061284433068
17,5796,0,0.0,403,1185,4611,0.02777343529010782
17,5813,0,0.0,404,1185,4628,0.027596586654122846
17,5830,0,0.0,405,1185,4645,0.027421497691467157
17,5847,0,0.0,406,1186,4661,0.02724815089309858
17,5864,0,0.0,407,1187,4677,0.0270765289241928
16,5880,0,0.0,408,1188,4692,0.026906614622409945
17,5897,0,0.0,409,1188,4709,0.026738390996178224
17,5914,0,0.0,410,1189,4725,0.026571841222994823
23,5937,0,0.0,411,1190,4747,0.026406948647743643
17,5954,0,0.0,412,1190,4764,0.026243696781029717
17,5971,0,0.0,413,1192,4779,0.026082069297530375
17,5988,0,0.0,414,1192,4796,0.02592205003436255
17,6005,0,0.0,415,1192,4813,0.025763622989466578
17,6022,0,0.0,416,1192,4830,0.025606772320005942
17,6039,0,0.0,417,1192,4847,0.025451482340783003
17,6056,0,0.0,418,1193,4863,0.02529773752267042
5,6061,0,0.0,419,1194,4867,0.025145522491058264
16,6077,0,0.0,420,1195,4882,0.02499482202431651
17,6094,0,0.0,421,1195,4899,0.024845621052272927
17,6111,0,0.0,422,1196,4915,0.024697904654705963
17,6128,0,0.0,423,1196,4932,0.024551658059852766
17,6145,0,0.0,424,1197,4948,0.024406866642931964
17,6162,0,0.0,425,1198,4964,0.024263515924681227
16,6178,0,0.0,426,1199,4979,0.024121591569909263
17,6195,0,0.0,427,1199,4996,0.023981079386062323
23,6218,0,0.0,428,1200,5018,0.023841965321804916
17,6235,0,0.0,429,1200,5035,0.023704235465614704
17,6252,0,0.0,430,1200,5052,0.023567876044391298
17,6269,0,0.0,431,1200,5069,0.023432873422078924
15,6284,0,0.0,432,1201,5083,0.02329921409830285
17,6301,0,0.0,433,1201,5100,0.02316688470701933
17,6318,0,0.0,434,1203,5115,0.023035872015178954
17,6335,0,0.0,435,1203,5132,0.022906162921403357
5,6340,0,0.0,436,1204,5136,0.022777744454675064
20,6360,0,0.0,437,1206,5154,0.0226506037730404
17,6377,0,0.0,438,1206,5171,0.02252472816232525
17,6394,0,0.0,439,1207,5187,0.022400105034863643
17,6411,0,0.0,440,1207,5204,0.02227672192823897
17,6428,0,0.0,441,1207,5221,0.02215456650403775
17,6445,0,0.0,442,1207,5238,0.022033626546615788
17,6462,0,0.0,443,1207,5255,0.021913889961876536
17,6479,0,0.0,444,1208,5271,0.02179534477606175
17,6496,0,0.0,445,1209,5287,0.02167797913455405
17,6513,0,0.0,446,1210,5303,0.021561781300691488
17,6530,0,0.0,447,1210,5320,0.02144673965459385
17,6547,0,0.0,448,1210,5337,0.021332842692000656
27,6574,0,0.0,449,1211,5363,0.021220079023120713
17,6591,0,0.0,450,1211,5380,0.02110843737149319
17,6608,0,0.0,451,1211,5397,0.02099790657285988
23,6631,0,0.0,452,1212,5419,0.020888475574048812
17,6648,0,0.0,453,1212,5436,0.020780133431868894
17,6665,0,0.0,454,1212,5453,0.020672869312015653
17,6682,0,0.0,455,1212,5470,0.020566672487987697
17,6699,0,0.0,456,1212,5487,0.02046153234001413
17,6716,0,0.0,457,1212,5504,0.02035743835399253
17,6733,0,0.0,458,1213,5520,0.020254380120437558
17,6750,0,0.0,459,1213,5537,0.02015234733343998
17,6767,0,0.0,460,1214,5553,0.020051329789636065
17,6784,0,0.0,461,1214,5570,0.01995131738718724
17,6801,0,0.0,462,1214,5587,0.019852300124769934
17,6818,0,0.0,463,1214,5604,0.019754268100575387
17,6835,0,0.0,464,1214,5621,0.019657211511319474
3,6838,0,0.0,465,1215,5623,0.0195611206512624
17,6855,0,0.0,466,1215,5640,0.01946598591123807
17,6872,0,0.0,467,1215,5657,0.01937179777769322
17,6889,0,0.0,468,1215,5674,0.019278546831735997
17,6906,0,0.0,469,1215,5691,0.019186223748194096
16,6922,0,0.0,470,1216,5706,0.01909481929468222
17,6939,0,0.0,471,1216,5723,0.019004324330678855
17,6956,0,0.0,472,1216,5740,0.018914729806612192
17,6973,0,0.0,473,1216,5757,0.01882602676295516
17,6990,0,0.0,474,1216,5774,0.018738206329329453
17,7007,0,0.0,475,1216,5791,0.018651259723618557
17,7024,0,0.0,476,1216,5808,0.01856517825108943
17,7041,0,0.0,477,1216,5825,0.018479953303523082
17,7058,0,0.0,478,1217,5841,0.018395576358353725
17,7075,0,0.0,479,1218,5857,0.018312038977816556
16,7091,0,0.0,480,1219,5872,0.018229332808103887
17,7108,0,0.0,481,1219,5889,0.01814744957852983
17,7125,0,0.0,482,1219,5906,0.01806638110070318
17,7142,0,0.0,483,1219,5923,0.01798611926770862
17,7159,0,0.0,484,1219,5940,0.017906656053295947
17,7176,0,0.0,485,1219,5957,0.017827983511077505
17,7193,0,0.0,486,1219,5974,0.01775009377373351
17,7210,0,0.0,487,1220,5990,0.017672979052225327
17,7227,0,0.0,488,1220,6007,0.017596631635016534
17,7244,0,0.0,489,1220,6024,0.01752104388730179
17,7261,0,0.0,490,1220,6041,0.017446208250243338
17,7278,0,0.0,491,1220,6058,0.017372117240215094
17,7295,0,0.0,492,1220,6075,0.01729876344805433
17,7312,0,0.0,493,1221,6091,0.0172261395383207
17,7329,0,0.0,494,1221,6108,0.017154238248562697
17,7346,0,0.0,495,1221,6125,0.017083052388591435
17,7363,0,0.0,496,1221,6142,0.017012574839761596
17,7380,0,0.0,497,1221,6159,0.01694279855425957
17,7397,0,0.0,498,1221,6176,0.016873716554398652
17,7414,0,0.0,499,1221,6193,0.016805321931921288
17,7431,0,0.0,500,1221,6210,0.01673760784730824
17,7448,0,0.0,501,1221,6227,0.016670567529094613
17,7465,0,0.0,502,1222,6243,0.01660419427319272
17,7482,0,0.0,503,1222,6260,0.016538481442221656
13,7495,0,0.0,504,1223,6272,0.016473422464843575
17,7512,0,0.0,505,1223,6289,0.01640901083510651
17,7529,0,0.0,506,1223,6306,0.01634524011179382
17,7546,0,0.0,507,1223,6323,0.016282103917780018
17,7563,0,0.0,508,1223,6340,0.01621959593939311
17,7580,0,0.0,509,1223,6357,0.016157709925783147
17,7597,0,0.0,510,1223,6374,0.016096439688297208
17,7614,0,0.0,511,1224,6390,0.016035779099860478
17,7631,0,0.0,512,1224,6407,0.01597572209436357
17,7648,0,0.0,513,1224,6424,0.015916262666055885
27,7675,0,0.0,514,1227,6448,0.015857394868945038
17,7692,0,0.0,515,1227,6465,0.015799112816202266
17,7709,0,0.0,516,1228,6481,0.01574141067957372
17,7726,0,0.0,517,1228,6498,0.01568428268879766
17,7743,0,0.0,518,1228,6515,0.0156277231310274
17,7760,0,0.0,519,1229,6531,0.015571726350260025
17,7777,0,0.0,520,1229,6548,0.015516286746770792
17,7794,0,0.0,521,1229,6565,0.015461398776553163
17,7811,0,0.0,522,1229,6582,0.015407056950764372
17,7828,0,0.0,523,1230,6598,0.01535325583517655
17,7845,0,0.0,524,1230,6615,0.015299990049633304
17,7862,0,0.0,525,1230,6632,0.015247254267511699
17,7879,0,0.0,526,1231,6648,0.015195043215189571
17,7896,0,0.0,527,1232,6664,0.015143351671518179
17,7913,0,0.0,528,1232,6681,0.015092174467300075
17,7930,0,0.0,529,1233,6697,0.015041506484772198
17,7947,0,0.0,530,1233,6714,0.01499134265709407
17,7964,0,0.0,531,1233,6731,0.014941677967841115
17,7981,0,0.0,532,1234,6747,0.01489250745050302
16,7997,0,0.0,533,1235,6762,0.014843826187987082
6,8003,0,0.0,534,1236,6767,0.014795629312126479
17,8020,0,0.0,535,1237,6783,0.014747912003193458
17,8037,0,0.0,536,1237,6800,0.014700669489417359
17,8054,0,0.0,537,1237,6817,0.014653897046507443
17,8071,0,0.0,538,1237,6834,0.01460758999718044
17,8088,0,0.0,539,1237,6851,0.014561743710692824
16,8104,0,0.0,540,1238,6866,0.014516353602377746
17,8121,0,0.0,541,1238,6883,0.01447141513318654
17,8138,0,0.0,542,1238,6900,0.014426923809234849
17,8155,0,0.0,543,1238,6917,0.014382875181353196
17,8172,0,0.0,544,1239,6933,0.01433926484464209
17,8189,0,0.0,545,1239,6950,0.014296088438031505
17,8206,0,0.0,546,1240,6966,0.014253341643844817
17,8223,0,0.0,547,1240,6983,0.014211020187366974
17,8240,0,0.0,548,1240,7000,0.014169119836417065
17,8257,0,0.0,549,1240,7017,0.01412763640092507
17,8274,0,0.0,550,1241,7033,0.014086565732512882
17,8291,0,0.0,551,1241,7050,0.014045903724079427
17,8308,0,0.0,552,1241,7067,0.014005646309389977
17,8325,0,0.0,553,1241,7084,0.013965789462669513
17,8342,0,0.0,554,1241,7101,0.013926329198200155
17,8359,0,0.0,555,1241,7118,0.013887261569922569
17,8376,0,0.0,556,1242,7134,0.01384858267104137
17,8393,0,0.0,557,1242,7151,0.013810288633634434
17,8410,0,0.0,558,1242,7168,0.013772375628266116
17,8427,0,0.0,559,1242,7185,0.013734839863604284
17,8444,0,0.0,560,1243,7201,0.013697677586041186
17,8461,0,0.0,561,1244,7217,0.0136608850793181
17,8478,0,0.0,562,1244,7234,0.013624458664153696
17,8495,0,0.0,563,1244,7251,0.013588394697876097
17,8512,0,0.0,564,1244,7268,0.013552689574058628
17,8529,0,0.0,565,1244,7285,0.013517339722159148
17,8546,0,0.0,566,1244,7302,0.013482341607163007
17,8563,0,0.0,567,1244,7319,0.013447691729229546
17,8580,0,0.0,568,1244,7336,0.013413386623342096
27,8607,0,0.0,569,1245,7362,0.013379422858961477
17,8624,0,0.0,570,1245,7379,0.013345797039682946
17,8641,0,0.0,571,1246,7395,0.01331250580289656
17,8658,0,0.0,572,1246,7412,0.013279545819450893
17,8675,0,0.0,573,1246,7429,0.013246913793320138
17,8692,0,0.0,574,1246,7446,0.01321460646127448
17,8709,0,0.0,575,1246,7463,0.013182620592553802
17,8726,0,0.0,576,1246,7480,0.01315095298854457
17,8743,0,0.0,577,1246,7497,0.013119600482459998
17,8760,0,0.0,578,1246,7514,0.013088559939023343
17,8777,0,0.0,579,1246,7531,0.013057828254154401
23,8800,0,0.0,580,1248,7552,0.013027402354659073
17,8817,0,0.0,581,1248,7569,0.012997279197922058
17,8834,0,0.0,582,1248,7586,0.012967455771602571
17,8851,0,0.0,583,1249,7602,0.012937929093333135
17,8868,0,0.0,584,1249,7619,0.012908696210421315
5,8873,0,0.0,585,1250,7623,0.012879754199554458
17,8890,0,0.0,586,1250,7640,0.012851100166507357
17,8907,0,0.0,587,1250,7657,0.012822731245852837
17,8924,0,0.0,588,1251,7673,0.012794644600675184
6,8930,0,0.0,589,1252,7678,0.012766837422286476
17,8947,0,0.0,590,1252,7695,0.012739306929945703
17,8964,0,0.0,591,1253,7711,0.012712050370580685
17,8981,0,0.0,592,1254,7727,0.012685065018512777
27,9008,0,0.0,593,1255,7753,0.012658348175184284
17,9025,0,0.0,594,1255,7770,0.012631897168888604
17,9042,0,0.0,595,1255,7787,0.012605709354503067
17,9059,0,0.0,596,1255,7804,0.012579782113224414
17,9076,0,0.0,597,1255,7821,0.012554112852306908
17,9093,0,0.0,598,1255,7838,0.012528699004803068
17,9110,0,0.0,599,1255,7855,0.012503538029306963
17,9127,0,0.0,600,1255,7872,0.012478627409700078
17,9144,0,0.0,601,1255,7889,0.012453964654899695
17,9161,0,0.0,602,1256,7905,0.012429547298609778
17,9178,0,0.0,603,1258,7920,0.01240537289907435
17,9195,0,0.0,604,1258,7937,0.012381439038833314
17,9212,0,0.0,605,1258,7954,0.012357743324480702
17,9229,0,0.0,606,1258,7971,0.01233428338642533
17,9246,0,0.0,607,1258,7988,0.012311056878653841
17,9263,0,0.0,608,1258,8005,0.012288061478496108
17,9280,0,0.0,609,1258,8022,0.012265294886392948
17,9297,0,0.0,610,1258,8039,0.01224275482566618
17,9314,0,0.0,611,1258,8056,0.012220439042290943
23,9337,0,0.0,612,1260,8077,0.012198345304670311
17,9354,0,0.0,613,1260,8094,0.012176471403412107
17,9371,0,0.0,614,1260,8111,0.012154815151107974
17,9388,0,0.0,615,1260,8128,0.012133374382114637
17,9405,0,0.0,616,1261,8144,0.012112146952337331
17,9422,0,0.0,617,1261,8161,0.012091130739015387
17,9439,0,0.0,618,1261,8178,0.012070323640509958
17,9456,0,0.0,619,1261,8195,0.012049723576093858
17,9473,0,0.0,620,1261,8212,0.012029328485743472
17,9490,0,0.0,621,1261,8229,0.012009136329932777
17,9507,0,0.0,622,1261,8246,0.01198914508942936
17,9524,0,0.0,623,1261,8263,0.011969352765092513
17,9541,0,0.0,624,1261,8280,0.011949757377673304
17,9558,0,0.0,625,1261,8297,0.01193035696761667
17,9575,0,0.0,626,1261,8314,0.011911149594865432
17,9592,0,0.0,627,1261,8331,0.011892133338666311
17,9609,0,0.0,628,1261,8348,0.01187330629737784
17,9626,0,0.0,629,1261,8365,0.011854666588280199
17,9643,0,0.0,630,1261,8382,0.011836212347386948
17,9660,0,0.0,631,1261,8399,0.011817941729258619
5,9665,0,0.0,632,1262,8403,0.011799852906818169
17,9682,0,0.0,633,1262,8420,0.011781944071168286
17,9699,0,0.0,634,1262,8437,0.011764213431410478
17,9716,0,0.0,635,1262,8454,0.011746659214465993
17,9733,0,0.0,636,1262,8471,0.011729279664898506
17,9750,0,0.0,637,1262,8488,0.011712073044738584
17,9767,0,0.0,638,1262,8505,0.011695037633309868
17,9784,0,0.0,639,1263,8521,0.011678171727057018
17,9801,0,0.0,640,1263,8538,0.011661473639375353
17,9818,0,0.0,641,1263,8555,0.011644941700442194
17,9835,0,0.0,642,1263,8572,0.011628574257049868
17,9852,0,0.0,643,1263,8589,0.011612369672440398
17,9869,0,0.0,644,1263,8606,0.011596326326141817
17,9886,0,0.0,645,1263,8623,0.011580442613806126
17,9903,0,0.0,646,1263,8640,0.011564716947048855
17,9920,0,0.0,647,1263,8657,0.011549147753290225
17,9937,0,0.0,648,1263,8674,0.011533733475597885
17,9954,0,0.0,649,1263,8691,0.011518472572531219
17,9971,0,0.0,650,1263,8708,0.011503363517987204
15,9986,0,0.0,651,1264,8722,0.011488404801047796
17,10003,0,0.0,652,1264,8739,0.011473594925828836
17,10020,0,0.0,653,1264,8756,0.011458932411330456
17,10037,0,0.0,654,1264,8773,0.01144441579128899
17,10054,0,0.0,655,1264,8790,0.011430043614030338
17,10071,0,0.0,656,1264,8807,0.011415814442324796
17,10088,0,0.0,657,1264,8824,0.011401726853243335
17,10105,0,0.0,658,1264,8841,0.011387779438015309
17,10122,0,0.0,659,1264,8858,0.011373970801887569
17,10139,0,0.0,660,1264,8875,0.011360299563985
17,10156,0,0.0,661,1264,8892,0.011346764357172414
17,10173,0,0.0,662,1264,8909,0.011333363827917855
17,10190,0,0.0,663,1264,8926,0.011320096636157226
17,10207,0,0.0,664,1264,8943,0.011306961455160297
17,10224,0,0.0,665,1264,8960,0.011293956971398022
17,10241,0,0.0,666,1264,8977,0.01128108188441119
17,10258,0,0.0,667,1264,8994,0.01126833490668037
17,10275,0,0.0,668,1264,9011,0.011255714763497167
17,10292,0,0.0,669,1265,9027,0.011243220192836747
17,10309,0,0.0,670,1266,9043,0.011230849945231628
17,10326,0,0.0,671,1266,9060,0.011218602783646746
17,10343,0,0.0,672,1267,9076,0.011206477483355735
17,10360,0,0.0,673,1267,9093,0.01119447283181846
17,10377,0,0.0,674,1267,9110,0.011182587628559764
17,10394,0,0.0,675,1268,9126,0.011170820685049418
17,10411,0,0.0,676,1268,9143,0.011159170824583262
17,10428,0,0.0,677,1268,9160,0.011147636882165546
17,10445,0,0.0,678,1268,9177,0.011136217704392411
17,10462,0,0.0,679,1268,9194,0.011124912149336568
17,10479,0,0.0,680,1269,9210,0.01111371908643309
17,10496,0,0.0,681,1269,9227,0.011102637396366355
17,10513,0,0.0,682,1269,9244,0.011091665970958125
17,10530,0,0.0,683,1269,9261,0.011080803713056716
17,10547,0,0.0,684,1269,9278,0.011070049536427285
17,10564,0,0.0,685,1269,9295,0.011059402365643208
17,10581,0,0.0,686,1269,9312,0.011048861135978534
17,10598,0,0.0,687,1269,9329,0.011038424793301511
17,10615,0,0.0,688,1269,9346,0.011028092293969175
17,10632,0,0.0,689,1269,9363,0.011017862604722983
17,10649,0,0.0,690,1270,9379,0.011007734702585483
17,10666,0,0.0,691,1271,9395,0.010997707574758025
17,10683,0,0.0,692,1271,9412,0.010987780218519469
17,10700,0,0.0,693,1271,9429,0.010977951641125918
17,10717,0,0.0,694,1271,9446,0.010968220859711442
17,10734,0,0.0,695,1271,9463,0.010958586901189789
17,10751,0,0.0,696,1271,9480,0.01094904880215708
17,10768,0,0.0,697,1271,9497,0.010939605608795464
17,10785,0,0.0,698,1271,9514,0.010930256376777735
17,10802,0,0.0,699,1271,9531,0.010921000171172899
17,10819,0,0.0,700,1271,9548,0.010911836066352685
17,10836,0,0.0,701,1271,9565,0.010902763145898971
17,10853,0,0.0,702,1271,9582,0.010893780502512152
17,10870,0,0.0,703,1271,9599,0.010884887237920403
17,10887,0,0.0,704,1271,9616,0.010876082462789857
17,10904,0,0.0,705,1271,9633,0.010867365296635659
18,10922,0,0.0,706,1273,9649,0.010858734867733933
17,10939,0,0.0,707,1274,9665,0.010850190313034594
17,10956,0,0.0,708,1274,9682,0.010841730778075053
17,10973,0,0.0,709,1274,9699,0.010833355416894765
17,10990,0,0.0,710,1274,9716,0.01082506339195063
17,11007,0,0.0,711,1274,9733,0.010816853874033245
17,11024,0,0.0,712,1274,9750,0.010808726042183978
17,11041,0,0.0,713,1274,9767,0.01080067908361287
17,11058,0,0.0,714,1274,9784,0.01079271219361736
17,11075,0,0.0,715,1274,9801,0.010784824575501804
17,11092,0,0.0,716,1274,9818,0.010777015440497823
17,11109,0,0.0,717,1274,9835,0.010769284007685407
17,11126,0,0.0,718,1274,9852,0.01076162950391483
17,11143,0,0.0,719,1274,9869,0.01075405116372934
17,11160,0,0.0,720,1274,9886,0.010746548229288598
17,11177,0,0.0,721,1274,9903,0.010739119950292912
17,11194,0,0.0,722,1275,9919,0.010731765583908192
17,11211,0,0.0,723,1275,9936,0.010724484394691668
17,11228,0,0.0,724,1275,9953,0.010717275654518353
17,11245,0,0.0,725,1275,9970,0.010710138642508221
17,11262,0,0.0,726,1275,9987,0.010703072644954124
17,11279,0,0.0,727,1275,10004,0.010696076955250418
17,11296,0,0.0,728,1275,10021,0.010689150873822304
17,11313,0,0.0,729,1275,10038,0.010682293708055865
17,11330,0,0.0,730,1275,10055,0.010675504772228813
17,11347,0,0.0,731,1275,10072,0.010668783387441906
17,11364,0,0.0,732,1275,10089,0.010662128881551065
17,11381,0,0.0,733,1275,10106,0.010655540589100154
17,11398,0,0.0,734,1275,10123,0.010649017851254439
17,11415,0,0.0,735,1275,10140,0.0106425600157347
17,11432,0,0.0,736,1275,10157,0.010636166436752002
17,11449,0,0.0,737,1277,10172,0.01062983647494312
17,11466,0,0.0,738,1278,10188,0.010623569497306598
17,11483,0,0.0,739,1278,10205,0.01061736487713945
17,11500,0,0.0,740,1278,10222,0.010611221993974488
17,11517,0,0.0,741,1278,10239,0.010605140233518277
17,11534,0,0.0,742,1278,10256,0.010599118987589702
17,11551,0,0.0,743,1278,10273,0.010593157654059155
17,11568,0,0.0,744,1279,10289,0.010587255636788313
17,11585,0,0.0,745,1279,10306,0.01058141234557053
17,11602,0,0.0,746,1279,10323,0.01057562719607182
17,11619,0,0.0,747,1279,10340,0.010569899609772403
17,11636,0,0.0,748,1279,10357,0.010564229013908884
17,11653,0,0.0,749,1279,10374,0.010558614841416947
17,11670,0,0.0,750,1279,10391,0.010553056530874667
17,11687,0,0.0,751,1279,10408,0.010547553526446355
17,11704,0,0.0,752,1280,10424,0.010542105277826985
17,11721,0,0.0,753,1280,10441,0.010536711240187152
17,11738,0,0.0,754,1280,10458,0.0105313708741186
17,11755,0,0.0,755,1281,10474,0.01052608364558027
17,11772,0,0.0,756,1281,10491,0.010520849025844903
17,11789,0,0.0,757,1282,10507,0.010515666491446161
17,11806,0,0.0,758,1283,10523,0.01051053552412629
17,11823,0,0.0,759,1283,10540,0.010505455610784278
17,11840,0,0.0,760,1283,10557,0.010500426243424558
17,11857,0,0.0,761,1283,10574,0.010495446919106205
17,11874,0,0.0,762,1283,10591,0.010490517139892635
17,11891,0,0.0,763,1283,10608,0.010485636412801822
17,11908,0,0.0,764,1283,10625,0.010480804249756986
17,11925,0,0.0,765,1283,10642,0.010476020167537797
17,11942,0,0.0,766,1283,10659,0.010471283687732046
17,11959,0,0.0,767,1284,10675,0.010466594336687809
17,11976,0,0.0,768,1285,10691,0.010461951645466068
17,11993,0,0.0,769,1285,10708,0.010457355149793835
17,12010,0,0.0,770,1286,10724,0.010452804390017712
17,12027,0,0.0,771,1287,10740,0.010448298911057929
17,12044,0,0.0,772,1287,10757,0.010443838262362837
17,12061,0,0.0,773,1287,10774,0.010439421997863846
17,12078,0,0.0,774,1287,10791,0.010435049675930827
17,12095,0,0.0,775,1287,10808,0.010430720859327945
17,12112,0,0.0,776,1287,10825,0.01042643511516993
17,12129,0,0.0,777,1287,10842,0.010422192014878798
17,12146,0,0.0,778,1287,10859,0.01041799113414098
17,12163,0,0.0,779,1288,10875,0.010413832052864903
17,12180,0,0.0,780,1288,10892,0.010409714355138974
17,12197,0,0.0,781,1288,10909,0.010405637629189989
17,12214,0,0.0,782,1288,10926,0.010401601467341955
17,12231,0,0.0,783,1288,10943,0.010397605465975325
17,12248,0,0.0,784,1288,10960,0.01039364922548663
17,12265,0,0.0,785,1288,10977,0.010389732350248527
17,12282,0,0.0,786,1288,10994,0.010385854448570228
23,12305,0,0.0,787,1289,11016,0.01038201513265833
17,12322,0,0.0,788,1289,11033,0.010378214018578047
17,12339,0,0.0,789,1289,11050,0.0103744507262148
17,12356,0,0.0,790,1289,11067,0.010370724879236218
16,12372,0,0.0,791,1290,11082,0.010367036105054498
23,12395,0,0.0,792,1291,11104,0.010363384034789147
17,12412,0,0.0,793,1291,11121,0.010359768303230097
17,12429,0,0.0,794,1291,11138,0.010356188548801179
17,12446,0,0.0,795,1291,11155,0.010352644413523964
17,12463,0,0.0,796,1291,11172,0.010349135542981974
17,12480,0,0.0,797,1291,11189,0.010345661586285228
17,12497,0,0.0,798,1291,11206,0.010342222196035164
17,12514,0,0.0,799,1291,11223,0.01033881702828989
16,12530,0,0.0,800,1292,11238,0.010335445742529792
17,12547,0,0.0,801,1292,11255,0.010332108001623487
17,12564,0,0.0,802,1292,11272,0.010328803471794101
17,12581,0,0.0,803,1292,11289,0.0103255318225859
17,12598,0,0.0,804,1292,11306,0.010322292726831234
17,12615,0,0.0,805,1292,11323,0.01031908586061783
17,12632,0,0.0,806,1292,11340,0.010315910903256391
23,12655,0,0.0,807,1293,11362,0.01031276753724854
17,12672,0,0.0,808,1293,11379,0.010309655448255054
17,12689,0,0.0,809,1293,11396,0.01030657432506444
17,12706,0,0.0,810,1293,11413,0.010303523859561813
17,12723,0,0.0,811,1293,11430,0.01030050374669808
5,12728,0,0.0,812,1294,11434,0.010297513684459435
17,12745,0,0.0,813,1294,11451,0.010294553373837166
17,12762,0,0.0,814,1294,11468,0.010291622518797741
17,12779,0,0.0,815,1294,11485,0.010288720826253218
17,12796,0,0.0,816,1294,11502,0.010285848006031922
13,12809,0,0.0,817,1295,11514,0.010283003770849435
17,12826,0,0.0,818,1295,11531,0.010280187836279871
17,12843,0,0.0,819,1295,11548,0.010277399920727424
17,12860,0,0.0,820,1295,11565,0.01027463974539822
17,12877,0,0.0,821,1296,11581,0.010271907034272422
17,12894,0,0.0,822,1296,11598,0.01026920151407664
13,12907,0,0.0,823,1297,11610,0.010266522914256601
17,12924,0,0.0,824,1297,11627,0.010263870966950093
17,12941,0,0.0,825,1297,11644,0.01026124540696017
23,12964,0,0.0,826,1298,11666,0.010258645971728651
17,12981,0,0.0,827,1298,11683,0.010256072401309843
17,12998,0,0.0,828,1299,11699,0.01025352443834456
17,13015,0,0.0,829,1299,11716,0.010251001828034383
17,13032,0,0.0,830,1299,11733,0.010248504318116178
17,13049,0,0.0,831,1299,11750,0.010246031658836873
17,13066,0,0.0,832,1299,11767,0.010243583602928479
17,13083,0,0.0,833,1299,11784,0.010241159905583363
17,13100,0,0.0,834,1299,11801,0.010238760324429774
3,13103,0,0.0,835,1300,11803,0.010236384619507594
17,13120,0,0.0,836,1300,11820,0.010234032553244354
3,13123,0,0.0,837,1301,11822,0.010231703890431466
17,13140,0,0.0,838,1301,11839,0.01022939839820071
17,13157,0,0.0,839,1302,11855,0.010227115846000938
17,13174,0,0.0,840,1302,11872,0.01022485600557503
17,13191,0,0.0,841,1302,11889,0.01022261865093706
17,13208,0,0.0,842,1302,11906,0.010220403558349701
17,13225,0,0.0,843,1302,11923,0.010218210506301846
17,13242,0,0.0,844,1302,11940,0.010216039275486465
17,13259,0,0.0,845,1302,11957,0.010213889648778665
17,13276,0,0.0,846,1302,11974,0.010211761411213984
17,13293,0,0.0,847,1302,11991,0.010209654349966894
17,13310,0,0.0,848,1302,12008,0.010207568254329514
17,13327,0,0.0,849,1302,12025,0.01020550291569054
17,13344,0,0.0,850,1302,12042,0.010203458127514388
17,13361,0,0.0,851,1302,12059,0.010201433685320538
17,13378,0,0.0,852,1302,12076,0.010199429386663081
17,13395,0,0.0,853,1302,12093,0.010197445031110482
17,13412,0,0.0,854,1302,12110,0.010195480420225531
17,13429,0,0.0,855,1302,12127,0.010193535357545505
17,13446,0,0.0,856,1302,12144,0.010191609648562514
17,13463,0,0.0,857,1302,12161,0.010189703100704052
23,13486,0,0.0,858,1303,12183,0.01018781552331375
17,13503,0,0.0,859,1303,12200,0.01018594672763229
17,13520,0,0.0,860,1303,12217,0.010184096526778551
17,13537,0,0.0,861,1303,12234,0.010182264735730903
17,13554,0,0.0,862,1303,12251,0.010180451171308717
23,13577,0,0.0,863,1304,12273,0.010178655652154037
17,13594,0,0.0,864,1304,12290,0.010176877998713455
5,13599,0,0.0,865,1305,12294,0.01017511803322014
15,13614,0,0.0,866,1306,12308,0.010173375579676082
17,13631,0,0.0,867,1306,12325,0.01017165046383447
17,13648,0,0.0,868,1306,12342,0.010169942513182286
17,13665,0,0.0,869,1306,12359,0.010168251556923037
17,13682,0,0.0,870,1306,12376,0.010166577425959692
17,13699,0,0.0,871,1306,12393,0.010164919952877757
17,13716,0,0.0,872,1306,12410,0.010163278971928544
17,13733,0,0.0,873,1306,12427,0.01016165431901259
17,13750,0,0.0,874,1306,12444,0.01016004583166325
17,13767,0,0.0,875,1307,12460,0.010158453349030448
17,13784,0,0.0,876,1307,12477,0.010156876711864594
17,13801,0,0.0,877,1307,12494,0.010155315762500658
17,13818,0,0.0,878,1307,12511,0.0101537703448424
17,13835,0,0.0,879,1307,12528,0.010152240304346772
17,13852,0,0.0,880,1307,12545,0.010150725488008444
17,13869,0,0.0,881,1308,12561,0.010149225744344521
17,13886,0,0.0,882,1308,12578,0.01014774092337939
17,13903,0,0.0,883,1308,12595,0.010146270876629714
17,13920,0,0.0,884,1308,12612,0.010144815457089593
17,13937,0,0.0,885,1308,12629,0.010143374519215861
17,13954,0,0.0,886,1308,12646,0.01014194791891353
17,13971,0,0.0,887,1308,12663,0.01014053551352138
17,13988,0,0.0,888,1308,12680,0.010139137161797698
17,14005,0,0.0,889,1309,12696,0.010137752723906142
17,14022,0,0.0,890,1310,12712,0.01013638206140177
23,14045,0,0.0,891,1311,12734,0.010135025037217192
17,14062,0,0.0,892,1311,12751,0.010133681515648855
17,14079,0,0.0,893,1311,12768,0.010132351362343486
17,14096,0,0.0,894,1311,12785,0.010131034444284644
17,14113,0,0.0,895,1311,12802,0.010129730629779427
17,14130,0,0.0,896,1311,12819,0.010128439788445296
17,14147,0,0.0,897,1311,12836,0.010127161791197044
17,14164,0,0.0,898,1312,12852,0.01012589651023388
17,14181,0,0.0,899,1312,12869,0.010124643819026653
17,14198,0,0.0,900,1312,12886,0.0101234035923052
17,14215,0,0.0,901,1313,12902,0.010122175706045813
17,14232,0,0.0,902,1313,12919,0.010120960037458845
17,14249,0,0.0,903,1313,12936,0.010119756464976423
17,14266,0,0.0,904,1313,12953,0.010118564868240294
17,14283,0,0.0,905,1313,12970,0.010117385128089795
17,14300,0,0.0,906,1313,12987,0.010116217126549927
17,14317,0,0.0,907,1313,13004,0.010115060746819561
17,14334,0,0.0,908,1313,13021,0.010113915873259762
17,14351,0,0.0,909,1313,13038,0.010112782391382219
16,14367,0,0.0,910,1314,13053,0.010111660187837799
17,14384,0,0.0,911,1314,13070,0.010110549150405214
17,14401,0,0.0,912,1314,13087,0.010109449167979795
17,14418,0,0.0,913,1314,13104,0.010108360130562379
17,14435,0,0.0,914,1314,13121,0.010107281929248322
17,14452,0,0.0,915,1314,13138,0.010106214456216591
17,14469,0,0.0,916,1315,13154,0.010105157604718994
17,14486,0,0.0,917,1315,13171,0.010104111269069502
17,14503,0,0.0,918,1315,13188,0.010103075344633675
17,14520,0,0.0,919,1315,13205,0.010102049727818207
17,14537,0,0.0,920,1315,13222,0.010101034316060565
17,14554,0,0.0,921,1315,13239,0.010100029007818723
17,14571,0,0.0,922,1315,13256,0.01009903370256102
17,14588,0,0.0,923,1315,13273,0.010098048300756102
17,14605,0,0.0,924,1315,13290,0.010097072703862968
17,14622,0,0.0,925,1315,13307,0.010096106814321115
17,14639,0,0.0,926,1315,13324,0.01009515053554078
17,14656,0,0.0,927,1315,13341,0.010094203771893295
22,14678,0,0.0,928,1317,13361,0.010093266428701501
17,14695,0,0.0,929,1317,13378,0.0100923384122303
17,14712,0,0.0,930,1318,13394,0.01009141962967727
17,14729,0,0.0,931,1318,13411,0.010090509989163391
17,14746,0,0.0,932,1318,13428,0.010089609399723856
16,14762,0,0.0,933,1319,13443,0.010088717771298966
17,14779,0,0.0,934,1319,13460,0.010087835014725138
17,14796,0,0.0,935,1319,13477,0.010086961041725979
17,14813,0,0.0,936,1319,13494,0.01008609576490346
23,14836,0,0.0,937,1320,13516,0.010085239097729176
17,14853,0,0.0,938,1320,13533,0.0100843909545357
17,14870,0,0.0,939,1320,13550,0.010083551250508005
17,14887,0,0.0,940,1320,13567,0.010082719901674985
17,14904,0,0.0,941,1320,13584,0.010081896824901066
17,14921,0,0.0,942,1321,13600,0.010081081937877885
23,14944,0,0.0,943,1322,13622,0.01008027515911606
17,14961,0,0.0,944,1322,13639,0.010079476407937044
17,14978,0,0.0,945,1322,13656,0.010078685604465051
17,14995,0,0.0,946,1322,13673,0.010077902669619077
17,15012,0,0.0,947,1322,13690,0.010077127525104984
17,15029,0,0.0,948,1322,13707,0.010076360093407673
17,15046,0,0.0,949,1322,13724,0.010075600297783338
17,15063,0,0.0,950,1322,13741,0.010074848062251781
17,15080,0,0.0,951,1322,13758,0.010074103311588823
17,15097,0,0.0,952,1322,13775,0.010073365971318778
17,15114,0,0.0,953,1322,13792,0.010072635967707003
17,15131,0,0.0,954,1322,13809,0.010071913227752527
17,15148,0,0.0,955,1322,13826,0.010071197679180756
17,15165,0,0.0,956,1322,13843,0.010070489250436234
17,15182,0,0.0,957,1323,13859,0.010069787870675497
17,15199,0,0.0,958,1323,13876,0.010069093469759984
17,15216,0,0.0,959,1323,13893,0.010068405978249026
17,15233,0,0.0,960,1323,13910,0.010067725327392897
17,15250,0,0.0,961,1323,13927,0.010067051449125945
17,15267,0,0.0,962,1323,13944,0.010066384276059784
17,15284,0,0.0,963,1323,13961,0.010065723741476547
17,15301,0,0.0,964,1323,13978,0.01006506977932223
17,15318,0,0.0,965,1323,13995,0.010064422324200068
17,15335,0,0.0,966,1323,14012,0.010063781311364012
2,15337,0,0.0,967,1324,14013,0.010063146676712244
17,15354,0,0.0,968,1324,14030,0.01006251835678077
3,15357,0,0.0,969,1325,14032,0.010061896288737071
16,15373,0,0.0,970,1326,14047,0.01006128041037383
17,15390,0,0.0,971,1326,14064,0.01006067066010269
17,15407,0,0.0,972,1326,14081,0.01006006697694812
17,15424,0,0.0,973,1326,14098,0.010059469300541302
17,15441,0,0.0,974,1326,14115,0.010058877571114096
17,15458,0,0.0,975,1326,14132,0.010058291729493065
17,15475,0,0.0,976,1326,14149,0.01005771171709356
17,15492,0,0.0,977,1326,14166,0.010057137475913858
17,15509,0,0.0,978,1326,14183,0.010056568948529363
17,15526,0,0.0,979,1326,14200,0.010056006078086861
17,15543,0,0.0,980,1326,14217,0.01005544880829884
17,15560,0,0.0,981,1327,14233,0.010054897083437856
17,15577,0,0.0,982,1327,14250,0.010054350848330963
17,15594,0,0.0,983,1327,14267,0.010053810048354195
17,15611,0,0.0,984,1327,14284,0.010053274629427107
17,15628,0,0.0,985,1327,14301,0.010052744538007355
17,15645,0,0.0,986,1327,14318,0.01005221972108536
17,15662,0,0.0,987,1327,14335,0.010051700126178988
17,15679,0,0.0,988,1327,14352,0.010051185701328317
17,15696,0,0.0,989,1327,14369,0.010050676395090436
17,15713,0,0.0,990,1327,14386,0.010050172156534292
17,15730,0,0.0,991,1327,14403,0.010049672935235614
17,15747,0,0.0,992,1327,14420,0.010049178681271852
17,15764,0,0.0,993,1327,14437,0.010048689345217202
17,15781,0,0.0,994,1327,14454,0.010048204878137646
17,15798,0,0.0,995,1327,14471,0.010047725231586075
17,15815,0,0.0,996,1327,14488,0.010047250357597435
17,15832,0,0.0,997,1327,14505,0.010046780208683928
17,15849,0,0.0,998,1327,14522,0.010046314737830275
17,15866,0,0.0,999,1328,14538,0.010045853898488999
17,15883,0,0.0,1000,1328,14555,0.010045397644575786
23,15906,0,0.0,1001,1329,14577,0.010044945930464861
17,15923,0,0.0,1002,1329,14594,0.010044498710984437
17,15940,0,0.0,1003,1329,14611,0.010044055941412194
17,15957,0,0.0,1004,1329,14628,0.010043617577470805
17,15974,0,0.0,1005,1329,14645,0.010043183575323512
17,15991,0,0.0,1006,1329,14662,0.010042753891569738
17,16008,0,0.0,1007,1329,14679,0.01004232848324075
17,16025,0,0.0,1008,1329,14696,0.010041907307795358
23,16048,0,0.0,1009,1330,14718,0.01004149032311567
17,16065,0,0.0,1010,1330,14735,0.010041077487502869
17,16082,0,0.0,1011,1330,14752,0.010040668759673048
17,16099,0,0.0,1012,1330,14769,0.010040264098753086
17,16116,0,0.0,1013,1330,14786,0.010039863464276553
17,16133,0,0.0,1014,1331,14802,0.010039466816179668
17,16150,0,0.0,1015,1331,14819,0.010039074114797288
17,16167,0,0.0,1016,1331,14836,0.01003868532085895
17,16184,0,0.0,1017,1332,14852,0.010038300395484938
17,16201,0,0.0,1018,1332,14869,0.01003791930018239
17,16218,0,0.0,1019,1332,14886,0.01003754199684146
17,16235,0,0.0,1020,1333,14902,0.0100371684477315
17,16252,0,0.0,1021,1333,14919,0.010036798615497286
17,16269,0,0.0,1022,1333,14936,0.010036432463155286
17,16286,0,0.0,1023,1333,14953,0.010036069954089965
17,16303,0,0.0,1024,1333,14970,0.01003571105205011
17,16320,0,0.0,1025,1333,14987,0.01003535572114522
17,16337,0,0.0,1026,1334,15003,0.010035003925841906
17,16354,0,0.0,1027,1334,15020,0.010034655630960348
17,16371,0,0.0,1028,1334,15037,0.010034310801670764
17,16388,0,0.0,1029,1334,15054,0.010033969403489941
17,16405,0,0.0,1030,1334,15071,0.010033631402277775
17,16422,0,0.0,1031,1334,15088,0.010033296764233863
17,16439,0,0.0,1032,1335,15104,0.01003296545589412
17,16456,0,0.0,1033,1336,15120,0.01003263744412744
17,16473,0,0.0,1034,1336,15137,0.010032312696132369
17,16490,0,0.0,1035,1336,15154,0.01003199117943384
17,16507,0,0.0,1036,1336,15171,0.010031672861879913
17,16524,0,0.0,1037,1336,15188,0.010031357711638567
17,16541,0,0.0,1038,1336,15205,0.010031045697194518
17,16558,0,0.0,1039,1336,15222,0.01003073678734606
17,16575,0,0.0,1040,1336,15239,0.01003043095120195
23,16598,0,0.0,1041,1337,15261,0.01003012815817832
17,16615,0,0.0,1042,1337,15278,0.010029828377995615
17,16632,0,0.0,1043,1337,15295,0.010029531580675564
17,16649,0,0.0,1044,1337,15312,0.010029237736538193
17,16666,0,0.0,1045,1337,15329,0.01002894681619884
17,16683,0,0.0,1046,1337,15346,0.010028658790565229
17,16700,0,0.0,1047,1337,15363,0.010028373630834558
17,16717,0,0.0,1048,1337,15380,0.010028091308490614
17,16734,0,0.0,1049,1337,15397,0.010027811795300929
17,16751,0,0.0,1050,1337,15414,0.01002753506331395
17,16768,0,0.0,1051,1337,15431,0.01002726108485625
17,16785,0,0.0,1052,1337,15448,0.010026989832529752
17,16802,0,0.0,1053,1337,15465,0.010026721279208999
17,16819,0,0.0,1054,1337,15482,0.010026455398038434
17,16836,0,0.0,1055,1337,15499,0.01002619216242972
17,16853,0,0.0,1056,1337,15516,0.010025931546059077
17,16870,0,0.0,1057,1337,15533,0.010025673522864646
17,16887,0,0.0,1058,1337,15550,0.0100254180670439
17,16904,0,0.0,1059,1338,15566,0.010025165153051038
17,16921,0,0.0,1060,1338,15583,0.010024914755594453
17,16938,0,0.0,1061,1338,15600,0.01002466684963419
17,16955,0,0.0,1062,1338,15617,0.010024421410379444
17,16972,0,0.0,1063,1338,15634,0.01002417841328609
27,16999,0,0.0,1064,1339,15660,0.010023937834054211
17,17016,0,0.0,1065,1339,15677,0.010023699648625687
17,17033,0,0.0,1066,1339,15694,0.010023463833181775
17,17050,0,0.0,1067,1340,15710,0.010023230364140734
17,17067,0,0.0,1068,1340,15727,0.010022999218155467
17,17084,0,0.0,1069,1340,15744,0.01002277037211118
17,17101,0,0.0,1070,1340,15761,0.01002254380312308
17,17118,0,0.0,1071,1340,15778,0.01002231948853408
17,17135,0,0.0,1072,1340,15795,0.010022097405912533
17,17152,0,0.0,1073,1340,15812,0.010021877533049992
17,17169,0,0.0,1074,1340,15829,0.010021659847958985
17,17186,0,0.0,1075,1340,15846,0.010021444328870826
17,17203,0,0.0,1076,1340,15863,0.010021230954233424
17,17220,0,0.0,1077,1340,15880,0.010021019702709136
17,17237,0,0.0,1078,1340,15897,0.010020810553172638
17,17254,0,0.0,1079,1340,15914,0.010020603484708799
17,17271,0,0.0,1080,1340,15931,0.0100203984766106
17,17288,0,0.0,1081,1340,15948,0.01002019550837706
17,17305,0,0.0,1082,1340,15965,0.010019994559711188
17,17322,0,0.0,1083,1340,15982,0.01001979561051795
17,17339,0,0.0,1084,1340,15999,0.01001959864090226
17,17356,0,0.0,1085,1340,16016,0.010019403631166992
17,17373,0,0.0,1086,1340,16033,0.01001921056181101
17,17390,0,0.0,1087,1340,16050,0.01001901941352722
17,17407,0,0.0,1088,1341,16066,0.01001883016720063
17,17424,0,0.0,1089,1341,16083,0.010018642803906453
17,17441,0,0.0,1090,1341,16100,0.010018457304908203
17,17458,0,0.0,1091,1341,16117,0.010018273651655822
17,17475,0,0.0,1092,1341,16134,0.010018091825783837
17,17492,0,0.0,1093,1341,16151,0.010017911809109508
17,17509,0,0.0,1094,1341,16168,0.010017733583631014
17,17526,0,0.0,1095,1341,16185,0.010017557131525663
17,17543,0,0.0,1096,1341,16202,0.010017382435148095
17,17560,0,0.0,1097,1342,16218,0.010017209477028527
17,17577,0,0.0,1098,1342,16235,0.010017038239871004
17,17594,0,0.0,1099,1342,16252,0.010016868706551666
17,17611,0,0.0,1100,1342,16269,0.01001670086011704
17,17628,0,0.0,1101,1342,16286,0.010016534683782344
17,17645,0,0.0,1102,1342,16303,0.010016370160929804
17,17662,0,0.0,1103,1342,16320,0.010016207275107
17,17679,0,0.0,1104,1342,16337,0.010016046010025212
17,17696,0,0.0,1105,1342,16354,0.0100158863495578
17,17713,0,0.0,1106,1342,16371,0.01001572827773858
17,17730,0,0.0,1107,1342,16388,0.010015571778760241
17,17747,0,0.0,1108,1342,16405,0.010015416836972756
17,17764,0,0.0,1109,1343,16421,0.010015263436881815
17,17781,0,0.0,1110,1343,16438,0.010015111563147282
17,17798,0,0.0,1111,1343,16455,0.010014961200581656
17,17815,0,0.0,1112,1343,16472,0.010014812334148557
17,17832,0,0.0,1113,1343,16489,0.010014664948961216
17,17849,0,0.0,1114,1343,16506,0.010014519030280992
17,17866,0,0.0,1115,1343,16523,0.010014374563515895
17,17883,0,0.0,1116,1343,16540,0.01001423153421913
17,17900,0,0.0,1117,1343,16557,0.010014089928087644
17,17917,0,0.0,1118,1343,16574,0.01001394973096071
17,17934,0,0.0,1119,1343,16591,0.010013810928818496
17,17951,0,0.0,1120,1344,16607,0.010013673507780674
17,17968,0,0.0,1121,1345,16623,0.010013537454105024
17,17985,0,0.0,1122,1346,16639,0.010013402754186067
17,18002,0,0.0,1123,1346,16656,0.010013269394553695
17,18019,0,0.0,1124,1346,16673,0.010013137361871838
17,18036,0,0.0,1125,1346,16690,0.010013006642937116
17,18053,0,0.0,1126,1346,16707,0.010012877224677526
17,18070,0,0.0,1127,1346,16724,0.010012749094151136
17,18087,0,0.0,1128,1346,16741,0.010012622238544785
17,18104,0,0.0,1129,1346,16758,0.010012496645172807
17,18121,0,0.0,1130,1346,16775,0.01001237230147576
17,18138,0,0.0,1131,1346,16792,0.01001224919501917
17,18155,0,0.0,1132,1346,16809,0.01001212731349229
17,18172,0,0.0,1133,1346,16826,0.010012006644706866
17,18189,0,0.0,1134,1346,16843,0.010011887176595919
17,18206,0,0.0,1135,1346,16860,0.010011768897212536
17,18223,0,0.0,1136,1346,16877,0.010011651794728682
17,18240,0,0.0,1137,1346,16894,0.010011535857434011
17,18257,0,0.0,1138,1346,16911,0.010011421073734697
17,18274,0,0.0,1139,1346,16928,0.010011307432152275
17,18291,0,0.0,1140,1346,16945,0.01001119492132249
17,18308,0,0.0,1141,1346,16962,0.010011083529994165
17,18325,0,0.0,1142,1346,16979,0.010010973247028078
17,18342,0,0.0,1143,1346,16996,0.010010864061395836
17,18359,0,0.0,1144,1346,17013,0.01001075596217879
17,18376,0,0.0,1145,1346,17030,0.010010648938566923
17,18393,0,0.0,1146,1346,17047,0.010010542979857786
17,18410,0,0.0,1147,1346,17064,0.010010438075455421
17,18427,0,0.0,1148,1346,17081,0.010010334214869302
17,18444,0,0.0,1149,1347,17097,0.010010231387713281
17,18461,0,0.0,1150,1347,17114,0.010010129583704556
17,18478,0,0.0,1151,1347,17131,0.010010028792662645
17,18495,0,0.0,1152,1347,17148,0.010009929004508356
17,18512,0,0.0,1153,1347,17165,0.010009830209262792
17,18529,0,0.0,1154,1348,17181,0.010009732397046348
17,18546,0,0.0,1155,1348,17198,0.010009635558077717
17,18563,0,0.0,1156,1349,17214,0.010009539682672925
17,18580,0,0.0,1157,1349,17231,0.010009444761244348
17,18597,0,0.0,1158,1349,17248,0.010009350784299768
17,18614,0,0.0,1159,1349,17265,0.01000925774244141
17,18631,0,0.0,1160,1349,17282,0.01000916562636501
17,18648,0,0.0,1161,1349,17299,0.010009074426858885
17,18665,0,0.0,1162,1349,17316,0.010008984134803008
17,18682,0,0.0,1163,1350,17332,0.010008894741168098
17,18699,0,0.0,1164,1350,17349,0.010008806237014717
17,18716,0,0.0,1165,1351,17365,0.010008718613492376
17,18733,0,0.0,1166,1351,17382,0.010008631861838651
17,18750,0,0.0,1167,1351,17399,0.010008545973378302
17,18767,0,0.0,1168,1351,17416,0.010008460939522413
17,18784,0,0.0,1169,1352,17432,0.010008376751767528
17,18801,0,0.0,1170,1352,17449,0.010008293401694799
17,18818,0,0.0,1171,1352,17466,0.01000821088096915
17,18835,0,0.0,1172,1352,17483,0.010008129181338442
17,18852,0,0.0,1173,1352,17500,0.01000804829463264
17,18869,0,0.0,1174,1352,17517,0.01000796821276301
17,18886,0,0.0,1175,1352,17534,0.010007888927721297
17,18903,0,0.0,1176,1352,17551,0.010007810431578928
17,18920,0,0.0,1177,1352,17568,0.010007732716486228
17,18937,0,0.0,1178,1353,17584,0.01000765577467162
17,18954,0,0.0,1179,1353,17601,0.010007579598440857
17,18971,0,0.0,1180,1353,17618,0.010007504180176256
17,18988,0,0.0,1181,1353,17635,0.010007429512335927
17,19005,0,0.0,1182,1353,17652,0.010007355587453021
17,19022,0,0.0,1183,1353,17669,0.010007282398134991
17,19039,0,0.0,1184,1353,17686,0.010007209937062844
17,19056,0,0.0,1185,1353,17703,0.01000713819699041
23,19079,0,0.0,1186,1355,17724,0.010007067170743624
17,19096,0,0.0,1187,1355,17741,0.010006996851219802
17,19113,0,0.0,1188,1355,17758,0.010006927231386933
17,19130,0,0.0,1189,1355,17775,0.010006858304282974
17,19147,0,0.0,1190,1355,17792,0.01000679006301516
17,19164,0,0.0,1191,1355,17809,0.010006722500759306
17,19181,0,0.0,1192,1355,17826,0.010006655610759129
17,19198,0,0.0,1193,1355,17843,0.010006589386325575
17,19215,0,0.0,1194,1355,17860,0.010006523820836145
17,19232,0,0.0,1195,1355,17877,0.010006458907734234
17,19249,0,0.0,1196,1355,17894,0.010006394640528481
17,19266,0,0.0,1197,1355,17911,0.010006331012792108
17,19283,0,0.0,1198,1355,17928,0.01000626801816229
17,19300,0,0.0,1199,1355,17945,0.010006205650339512
17,19317,0,0.0,1200,1355,17962,0.010006143903086939
17,19334,0,0.0,1201,1355,17979,0.010006082770229794
17,19351,0,0.0,1202,1355,17996,0.010006022245654743
17,19368,0,0.0,1203,1355,18013,0.010005962323309275
17,19385,0,0.0,1204,1355,18030,0.010005902997201107
17,19402,0,0.0,1205,1355,18047,0.010005844261397577
17,19419,0,0.0,1206,1355,18064,0.010005786110025058
17,19436,0,0.0,1207,1355,18081,0.010005728537268364
17,19453,0,0.0,1208,1355,18098,0.010005671537370168
17,19470,0,0.0,1209,1355,18115,0.010005615104630439
17,19487,0,0.0,1210,1355,18132,0.01000555923340585
17,19504,0,0.0,1211,1356,18148,0.010005503918109233
17,19521,0,0.0,1212,1356,18165,0.010005449153209016
17,19538,0,0.0,1213,1356,18182,0.01000539493322866
17,19555,0,0.0,1214,1356,18199,0.010005341252746124
17,19572,0,0.0,1215,1356,18216,0.010005288106393312
17,19589,0,0.0,1216,1356,18233,0.010005235488855546
17,19606,0,0.0,1217,1356,18250,0.010005183394871029
17,19623,0,0.0,1218,1356,18267,0.010005131819230318
17,19640,0,0.0,1219,1356,18284,0.010005080756775806
17,19657,0,0.0,1220,1356,18301,0.010005030202401208
17,19674,0,0.0,1221,1356,18318,0.01000498015105104
23,19697,0,0.0,1222,1357,18340,0.010004930597720129
17,19714,0,0.0,1223,1358,18356,0.010004881537453098
17,19731,0,0.0,1224,1358,18373,0.01000483296534388
17,19748,0,0.0,1225,1358,18390,0.010004784876535224
17,19765,0,0.0,1226,1358,18407,0.010004737266218209
17,19782,0,0.0,1227,1358,18424,0.010004690129631762
17,19799,0,0.0,1228,1358,18441,0.010004643462062188
23,19822,0,0.0,1229,1359,18463,0.01000459725884269
17,19839,0,0.0,1230,1360,18479,0.010004551515352907
17,19856,0,0.0,1231,1360,18496,0.010004506227018452
17,19873,0,0.0,1232,1360,18513,0.010004461389310455
17,19890,0,0.0,1233,1360,18530,0.010004416997745106
17,19907,0,0.0,1234,1360,18547,0.010004373047883213
17,19924,0,0.0,1235,1360,18564,0.010004329535329752
13,19937,0,0.0,1236,1361,18576,0.010004286455733433
17,19954,0,0.0,1237,1361,18593,0.010004243804786258
17,19971,0,0.0,1238,1361,18610,0.010004201578223099
17,19988,0,0.0,1239,1361,18627,0.010004159771821263
17,20005,0,0.0,1240,1361,18644,0.010004118381400076
17,20022,0,0.0,1241,1361,18661,0.010004077402820461
17,20039,0,0.0,1242,1361,18678,0.010004036831984526
17,20056,0,0.0,1243,1361,18695,0.010003996664835153
17,20073,0,0.0,1244,1361,18712,0.010003956897355594
17,20090,0,0.0,1245,1361,18729,0.010003917525569068
17,20107,0,0.0,1246,1361,18746,0.010003878545538364
17,20124,0,0.0,1247,1362,18762,0.010003839953365446
17,20141,0,0.0,1248,1362,18779,0.010003801745191065
17,20158,0,0.0,1249,1363,18795,0.01000376391719437
17,20175,0,0.0,1250,1363,18812,0.010003726465592533
17,20192,0,0.0,1251,1363,18829,0.010003689386640358
17,20209,0,0.0,1252,1363,18846,0.010003652676629922
17,20226,0,0.0,1253,1363,18863,0.010003616331890194
17,20243,0,0.0,1254,1363,18880,0.01000358034878667
17,20260,0,0.0,1255,1363,18897,0.010003544723721006
17,20277,0,0.0,1256,1363,18914,0.010003509453130669
17,20294,0,0.0,1257,1363,18931,0.01000347453348857
17,20311,0,0.0,1258,1363,18948,0.010003439961302714
17,20328,0,0.0,1259,1363,18965,0.010003405733115854
17,20345,0,0.0,1260,1363,18982,0.010003371845505146
17,20362,0,0.0,1261,1364,18998,0.010003338295081798
17,20379,0,0.0,1262,1364,19015,0.01000330507849074
17,20396,0,0.0,1263,1364,19032,0.010003272192410284
17,20413,0,0.0,1264,1364,19049,0.010003239633551798
17,20430,0,0.0,1265,1364,19066,0.010003207398659366
17,20447,0,0.0,1266,1364,19083,0.010003175484509472
17,20464,0,0.0,1267,1365,19099,0.010003143887910676
17,20481,0,0.0,1268,1365,19116,0.010003112605703291
17,20498,0,0.0,1269,1365,19133,0.01000308163475907
17,20515,0,0.0,1270,1365,19150,0.010003050971980893
17,20532,0,0.0,1271,1365,19167,0.010003020614302456
17,20549,0,0.0,1272,1365,19184,0.010002990558687967
17,20566,0,0.0,1273,1365,19201,0.010002960802131838
17,20583,0,0.0,1274,1365,19218,0.010002931341658392
17,20600,0,0.0,1275,1365,19235,0.010002902174321553
17,20617,0,0.0,1276,1365,19252,0.010002873297204564
17,20634,0,0.0,1277,1365,19269,0.01000284470741969
17,20651,0,0.0,1278,1366,19285,0.01000281640210793
17,20668,0,0.0,1279,1366,19302,0.010002788378438727
17,20685,0,0.0,1280,1366,19319,0.010002760633609692
17,20702,0,0.0,1281,1366,19336,0.010002733164846317
17,20719,0,0.0,1282,1366,19353,0.010002705969401705
17,20736,0,0.0,1283,1367,19369,0.010002679044556288
17,20753,0,0.0,1284,1367,19386,0.01000265238761756
17,20770,0,0.0,1285,1367,19403,0.010002625995919804
17,20787,0,0.0,1286,1367,19420,0.010002599866823827
17,20804,0,0.0,1287,1367,19437,0.0100025739977167
17,20821,0,0.0,1288,1367,19454,0.01000254838601149
17,20838,0,0.0,1289,1367,19471,0.010002523029147005
17,20855,0,0.0,1290,1367,19488,0.010002497924587536
17,20872,0,0.0,1291,1367,19505,0.010002473069822607
17,20889,0,0.0,1292,1367,19522,0.010002448462366724
17,20906,0,0.0,1293,1367,19539,0.010002424099759115
17,20923,0,0.0,1294,1367,19556,0.010002399979563504
17,20940,0,0.0,1295,1367,19573,0.010002376099367848
17,20957,0,0.0,1296,1367,19590,0.01000235245678411
17,20974,0,0.0,1297,1368,19606,0.01000232904944801
17,20991,0,0.0,1298,1368,19623,0.010002305875018797
17,21008,0,0.0,1299,1368,19640,0.010002282931179005
17,21025,0,0.0,1300,1368,19657,0.010002260215634235
17,21042,0,0.0,1301,1368,19674,0.010002237726112912
17,21059,0,0.0,1302,1369,19690,0.010002215460366065
17,21076,0,0.0,1303,1369,19707,0.0100021934161671
17,21093,0,0.0,1304,1369,19724,0.01000217159131158
5,21098,0,0.0,1305,1370,19728,0.010002149983617
17,21115,0,0.0,1306,1370,19745,0.010002128590922576
17,21132,0,0.0,1307,1370,19762,0.010002107411089015
17,21149,0,0.0,1308,1370,19779,0.01000208644199832
17,21166,0,0.0,1309,1370,19796,0.010002065681553565
17,21183,0,0.0,1310,1371,19812,0.010002045127678686
17,21200,0,0.0,1311,1371,19829,0.010002024778318278
17,21217,0,0.0,1312,1371,19846,0.01000200463143739
17,21234,0,0.0,1313,1371,19863,0.010001984685021318
17,21251,0,0.0,1314,1371,19880,0.010001964937075399
5,21256,0,0.0,1315,1372,19884,0.010001945385624827
17,21273,0,0.0,1316,1373,19900,0.010001926028714438
17,21290,0,0.0,1317,1373,19917,0.010001906864408525
17,21307,0,0.0,1318,1373,19934,0.010001887890790642
17,21324,0,0.0,1319,1373,19951,0.010001869105963412
17,21341,0,0.0,1320,1373,19968,0.010001850508048336
17,21358,0,0.0,1321,1373,19985,0.010001832095185606
17,21375,0,0.0,1322,1373,20002,0.010001813865533922
6,21381,0,0.0,1323,1374,20007,0.010001795817270303
17,21398,0,0.0,1324,1375,20023,0.010001777948589908
17,21415,0,0.0,1325,1375,20040,0.010001760257705852
17,21432,0,0.0,1326,1375,20057,0.010001742742849035
17,21449,0,0.0,1327,1375,20074,0.010001725402267955
17,21466,0,0.0,1328,1375,20091,0.010001708234228539
17,21483,0,0.0,1329,1375,20108,0.01000169123701397
17,21500,0,0.0,1330,1375,20125,0.010001674408924511
17,21517,0,0.0,1331,1375,20142,0.01000165774827734
17,21534,0,0.0,1332,1375,20159,0.010001641253406378
17,21551,0,0.0,1333,1375,20176,0.010001624922662126
17,21568,0,0.0,1334,1375,20193,0.010001608754411492
17,21585,0,0.0,1335,1375,20210,0.010001592747037642
17,21602,0,0.0,1336,1375,20227,0.010001576898939822
17,21619,0,0.0,1337,1375,20244,0.010001561208533209
17,21636,0,0.0,1338,1375,20261,0.010001545674248751
17,21653,0,0.0,1339,1375,20278,0.010001530294533007
23,21676,0,0.0,1340,1376,20300,0.01000151506784799
17,21693,0,0.0,1341,1376,20317,0.010001499992671022
17,21710,0,0.0,1342,1376,20334,0.01000148506749457
17,21727,0,0.0,1343,1376,20351,0.010001470290826106
17,21744,0,0.0,1344,1376,20368,0.01000145566118795
17,21761,0,0.0,1345,1376,20385,0.010001441177117125
17,21778,0,0.0,1346,1376,20402,0.010001426837165211
17,21795,0,0.0,1347,1376,20419,0.010001412639898205
17,21812,0,0.0,1348,1376,20436,0.010001398583896365
5,21817,0,0.0,1349,1377,20440,0.01000138466775408
17,21834,0,0.0,1350,1377,20457,0.010001370890079726
17,21851,0,0.0,1351,1377,20474,0.01000135724949552
17,21868,0,0.0,1352,1378,20490,0.010001343744637396
17,21885,0,0.0,1353,1378,20507,0.010001330374154856
17,21902,0,0.0,1354,1378,20524,0.010001317136710838
17,21919,0,0.0,1355,1379,20540,0.010001304030981591
17,21936,0,0.0,1356,1379,20557,0.010001291055656527
17,21953,0,0.0,1357,1379,20574,0.010001278209438106
17,21970,0,0.0,1358,1379,20591,0.010001265491041694
17,21987,0,0.0,1359,1379,20608,0.01000125289919544
17,22004,0,0.0,1360,1379,20625,0.01000124043264015
17,22021,0,0.0,1361,1379,20642,0.010001228090129157
17,22038,0,0.0,1362,1379,20659,0.0100012158704282
17,22055,0,0.0,1363,1379,20676,0.0100012037723153
17,22072,0,0.0,1364,1379,20693,0.010001191794580635
17,22089,0,0.0,1365,1379,20710,0.010001179936026422
17,22106,0,0.0,1366,1379,20727,0.010001168195466793
17,22123,0,0.0,1367,1379,20744,0.010001156571727685
17,22140,0,0.0,1368,1379,20761,0.010001145063646714
17,22157,0,0.0,1369,1379,20778,0.010001133670073062
17,22174,0,0.0,1370,1379,20795,0.01000112238986736
17,22191,0,0.0,1371,1379,20812,0.010001111221901582
17,22208,0,0.0,1372,1379,20829,0.01000110016505892
17,22225,0,0.0,1373,1380,20845,0.01000108921823368
17,22242,0,0.0,1374,1380,20862,0.010001078380331171
17,22259,0,0.0,1375,1380,20879,0.010001067650267596
16,22275,0,0.0,1376,1381,20894,0.010001057026969934
16,22291,0,0.0,1377,1382,20909,0.010001046509375852
17,22308,0,0.0,1378,1383,20925,0.01000103609643358
17,22325,0,0.0,1379,1383,20942,0.010001025787101813
23,22348,0,0.0,1380,1384,20964,0.010001015580349612
17,22365,0,0.0,1381,1384,20981,0.010001005475156293
17,22382,0,0.0,1382,1384,20998,0.010000995470511326
17,22399,0,0.0,1383,1384,21015,0.01000098556541424
17,22416,0,0.0,1384,1385,21031,0.010000975758874518
17,22433,0,0.0,1385,1385,21048,0.010000966049911497
17,22450,0,0.0,1386,1385,21065,0.01000095643755427
17,22467,0,0.0,1387,1385,21082,0.010000946920841596
17,22484,0,0.0,1388,1385,21099,0.010000937498821796
17,22501,0,0.0,1389,1385,21116,0.01000092817055266
17,22518,0,0.0,1390,1385,21133,0.010000918935101352
17,22535,0,0.0,1391,1385,21150,0.010000909791544318
17,22552,0,0.0,1392,1385,21167,0.0100009007389672
17,22569,0,0.0,1393,1385,21184,0.010000891776464727
17,22586,0,0.0,1394,1385,21201,0.010000882903140645
17,22603,0,0.0,1395,1385,21218,0.010000874118107612
17,22620,0,0.0,1396,1385,21235,0.010000865420487118
17,22637,0,0.0,1397,1385,21252,0.010000856809409394
17,22654,0,0.0,1398,1385,21269,0.010000848284013326
17,22671,0,0.0,1399,1385,21286,0.010000839843446366
17,22688,0,0.0,1400,1385,21303,0.01000083148686445
17,22705,0,0.0,1401,1385,21320,0.010000823213431913
17,22722,0,0.0,1402,1385,21337,0.010000815022321405
17,22739,0,0.0,1403,1385,21354,0.01000080691271381
17,22756,0,0.0,1404,1385,21371,0.010000798883798156
17,22773,0,0.0,1405,1385,21388,0.01000079093477155
17,22790,0,0.0,1406,1385,21405,0.01000078306483908
17,22807,0,0.0,1407,1385,21422,0.010000775273213745
17,22824,0,0.0,1408,1385,21439,0.010000767559116379
17,22841,0,0.0,1409,1385,21456,0.010000759921775564
17,22858,0,0.0,1410,1385,21473,0.01000075236042756
17,22875,0,0.0,1411,1385,21490,0.010000744874316224
17,22892,0,0.0,1412,1385,21507,0.010000737462692942
17,22909,0,0.0,1413,1385,21524,0.010000730124816544
17,22926,0,0.0,1414,1385,21541,0.010000722859953235
17,22943,0,0.0,1415,1385,21558,0.010000715667376524
17,22960,0,0.0,1416,1385,21575,0.010000708546367148
17,22977,0,0.0,1417,1385,21592,0.010000701496212999
17,22994,0,0.0,1418,1385,21609,0.010000694516209054
17,23011,0,0.0,1419,1385,21626,0.01000068760565731
17,23028,0,0.0,1420,1385,21643,0.010000680763866706
17,23045,0,0.0,1421,1385,21660,0.010000673990153053
17,23062,0,0.0,1422,1385,21677,0.01000066728383898
17,23079,0,0.0,1423,1385,21694,0.010000660644253844
17,23096,0,0.0,1424,1385,21711,0.010000654070733687
17,23113,0,0.0,1425,1385,21728,0.010000647562621147
17,23130,0,0.0,1426,1385,21745,0.01000064111926541
17,23147,0,0.0,1427,1385,21762,0.010000634740022132
17,23164,0,0.0,1428,1385,21779,0.010000628424253385
17,23181,0,0.0,1429,1385,21796,0.010000622171327588
17,23198,0,0.0,1430,1385,21813,0.010000615980619442
23,23221,0,0.0,1431,1386,21835,0.01000060985150987
17,23238,0,0.0,1432,1386,21852,0.010000603783385959
17,23255,0,0.0,1433,1386,21869,0.01000059777564089
17,23272,0,0.0,1434,1386,21886,0.010000591827673882
17,23289,0,0.0,1435,1386,21903,0.010000585938890135
17,23306,0,0.0,1436,1386,21920,0.010000580108700766
17,23323,0,0.0,1437,1386,21937,0.010000574336522749
17,23340,0,0.0,1438,1386,21954,0.010000568621778864
17,23357,0,0.0,1439,1386,21971,0.010000562963897631
17,23374,0,0.0,1440,1386,21988,0.010000557362313256
17,23391,0,0.0,1441,1386,22005,0.010000551816465577
17,23408,0,0.0,1442,1387,22021,0.010000546325800004
17,23425,0,0.0,1443,1387,22038,0.010000540889767467
17,23442,0,0.0,1444,1387,22055,0.010000535507824357
17,23459,0,0.0,1445,1387,22072,0.010000530179432476
17,23476,0,0.0,1446,1387,22089,0.01000052490405898
17,23493,0,0.0,1447,1387,22106,0.010000519681176328
17,23510,0,0.0,1448,1387,22123,0.010000514510262227
17,23527,0,0.0,1449,1387,22140,0.01000050939079958
17,23544,0,0.0,1450,1387,22157,0.010000504322276437
17,23561,0,0.0,1451,1387,22174,0.010000499304185942
17,23578,0,0.0,1452,1387,22191,0.010000494336026282
17,23595,0,0.0,1453,1387,22208,0.010000489417300638
17,23612,0,0.0,1454,1387,22225,0.01000048454751713
17,23629,0,0.0,1455,1387,22242,0.010000479726188779
17,23646,0,0.0,1456,1387,22259,0.010000474952833445
17,23663,0,0.0,1457,1387,22276,0.010000470226973791
17,23680,0,0.0,1458,1387,22293,0.010000465548137227
17,23697,0,0.0,1459,1387,22310,0.010000460915855863
17,23714,0,0.0,1460,1387,22327,0.010000456329666469
17,23731,0,0.0,1461,1387,22344,0.010000451789110423
17,23748,0,0.0,1462,1387,22361,0.010000447293733663
17,23765,0,0.0,1463,1387,22378,0.01000044284308665
17,23782,0,0.0,1464,1387,22395,0.010000438436724315
17,23799,0,0.0,1465,1388,22411,0.010000434074206019
17,23816,0,0.0,1466,1388,22428,0.010000429755095503
17,23833,0,0.0,1467,1388,22445,0.010000425478960856
17,23850,0,0.0,1468,1388,22462,0.01000042124537446
17,23867,0,0.0,1469,1388,22479,0.010000417053912952
5,23872,0,0.0,1470,1389,22483,0.010000412904157182
17,23889,0,0.0,1471,1389,22500,0.010000408795692172
17,23906,0,0.0,1472,1389,22517,0.010000404728107072
17,23923,0,0.0,1473,1389,22534,0.010000400700995121
5,23928,0,0.0,1474,1390,22538,0.010000396713953601
17,23945,0,0.0,1475,1390,22555,0.010000392766583809
17,23962,0,0.0,1476,1390,22572,0.010000388858491003
17,23979,0,0.0,1477,1390,22589,0.010000384989284369
17,23996,0,0.0,1478,1391,22605,0.010000381158576986
17,24013,0,0.0,1479,1391,22622,0.010000377365985776
17,24030,0,0.0,1480,1391,22639,0.01000037361113148
17,24047,0,0.0,1481,1391,22656,0.01000036989363861
17,24064,0,0.0,1482,1391,22673,0.010000366213135409
17,24081,0,0.0,1483,1392,22689,0.010000362569253829
17,24098,0,0.0,1484,1392,22706,0.010000358961629477
17,24115,0,0.0,1485,1392,22723,0.010000355389901586
17,24132,0,0.0,1486,1392,22740,0.01000035185371298
17,24149,0,0.0,1487,1392,22757,0.010000348352710041
17,24166,0,0.0,1488,1392,22774,0.010000344886542662
17,24183,0,0.0,1489,1392,22791,0.010000341454864224
17,24200,0,0.0,1490,1392,22808,0.010000338057331559
17,24217,0,0.0,1491,1392,22825,0.010000334693604907
17,24234,0,0.0,1492,1392,22842,0.010000331363347895
17,24251,0,0.0,1493,1392,22859,0.010000328066227493
17,24268,0,0.0,1494,1392,22876,0.01000032480191399
17,24285,0,0.0,1495,1392,22893,0.010000321570080946
17,24302,0,0.0,1496,1392,22910,0.01000031837040518
17,24319,0,0.0,1497,1392,22927,0.010000315202566718
17,24336,0,0.0,1498,1392,22944,0.010000312066248776
17,24353,0,0.0,1499,1393,22960,0.010000308961137721
17,24370,0,0.0,1500,1393,22977,0.010000305886923036
17,24387,0,0.0,1501,1393,22994,0.010000302843297297
17,24404,0,0.0,1502,1394,23010,0.010000299829956141
17,24421,0,0.0,1503,1394,23027,0.01000029684659823
17,24438,0,0.0,1504,1394,23044,0.010000293892925227
17,24455,0,0.0,1505,1394,23061,0.01000029096864176
17,24472,0,0.0,1506,1394,23078,0.010000288073455401
17,24489,0,0.0,1507,1394,23095,0.010000285207076628
17,24506,0,0.0,1508,1394,23112,0.010000282369218799
17,24523,0,0.0,1509,1394,23129,0.010000279559598129
17,24540,0,0.0,1510,1394,23146,0.01000027677793365
17,24557,0,0.0,1511,1394,23163,0.010000274023947195
17,24574,0,0.0,1512,1394,23180,0.010000271297363365
17,24591,0,0.0,1513,1394,23197,0.010000268597909496
17,24608,0,0.0,1514,1396,23212,0.010000265925315641
17,24625,0,0.0,1515,1396,23229,0.01000026327931454
17,24642,0,0.0,1516,1396,23246,0.01000026065964159
17,24659,0,0.0,1517,1396,23263,0.010000258066034821
17,24676,0,0.0,1518,1396,23280,0.010000255498234871
17,24693,0,0.0,1519,1396,23297,0.010000252955984957
17,24710,0,0.0,1520,1396,23314,0.010000250439030854
17,24727,0,0.0,1521,1397,23330,0.010000247947120861
17,24744,0,0.0,1522,1397,23347,0.010000245480005786
17,24761,0,0.0,1523,1397,23364,0.010000243037438917
17,24778,0,0.0,1524,1397,23381,0.010000240619175996
17,24795,0,0.0,1525,1398,23397,0.010000238224975191
17,24812,0,0.0,1526,1398,23414,0.010000235854597084
17,24829,0,0.0,1527,1398,23431,0.01000023350780463
17,24846,0,0.0,1528,1398,23448,0.010000231184363153
17,24863,0,0.0,1529,1398,23465,0.010000228884040306
17,24880,0,0.0,1530,1398,23482,0.010000226606606053
17,24897,0,0.0,1531,1398,23499,0.010000224351832648
17,24914,0,0.0,1532,1398,23516,0.010000222119494615
17,24931,0,0.0,1533,1398,23533,0.010000219909368717
17,24948,0,0.0,1534,1398,23550,0.010000217721233938
17,24965,0,0.0,1535,1398,23567,0.010000215554871463
17,24982,0,0.0,1536,1398,23584,0.010000213410064657
17,24999,0,0.0,1537,1398,23601,0.010000211286599033
17,25016,0,0.0,1538,1398,23618,0.010000209184262247
17,25033,0,0.0,1539,1398,23635,0.01000020710284406
17,25050,0,0.0,1540,1398,23652,0.01000020504213633
17,25067,0,0.0,1541,1399,23668,0.010000203001932986
17,25084,0,0.0,1542,1399,23685,0.010000200982030003
5,25089,0,0.0,1543,1400,23689,0.010000198982225391
17,25106,0,0.0,1544,1400,23706,0.010000197002319168
17,25123,0,0.0,1545,1400,23723,0.01000019504211334
17,25140,0,0.0,1546,1400,23740,0.010000193101411887
17,25157,0,0.0,1547,1400,23757,0.010000191180020735
17,25174,0,0.0,1548,1400,23774,0.010000189277747745
17,25191,0,0.0,1549,1400,23791,0.010000187394402687
17,25208,0,0.0,1550,1400,23808,0.010000185529797227
23,25231,0,0.0,1551,1402,23829,0.010000183683744899
17,25248,0,0.0,1552,1402,23846,0.010000181856061099
17,25265,0,0.0,1553,1402,23863,0.010000180046563058
17,25282,0,0.0,1554,1402,23880,0.010000178255069823
17,25299,0,0.0,1555,1402,23897,0.010000176481402244
17,25316,0,0.0,1556,1402,23914,0.01000017472538295
17,25333,0,0.0,1557,1402,23931,0.010000172986836342
17,25350,0,0.0,1558,1402,23948,0.010000171265588562
17,25367,0,0.0,1559,1402,23965,0.010000169561467482
17,25384,0,0.0,1560,1402,23982,0.01000016787430269
17,25401,0,0.0,1561,1402,23999,0.01000016620392547
17,25418,0,0.0,1562,1403,24015,0.01000016455016878
17,25435,0,0.0,1563,1403,24032,0.010000162912867244
17,25452,0,0.0,1564,1403,24049,0.010000161291857131
17,25469,0,0.0,1565,1403,24066,0.010000159686976337
5,25474,0,0.0,1566,1404,24070,0.010000158098064375
17,25491,0,0.0,1567,1404,24087,0.01000015652496235
17,25508,0,0.0,1568,1404,24104,0.010000154967512952
17,25525,0,0.0,1569,1404,24121,0.010000153425560435
17,25542,0,0.0,1570,1405,24137,0.010000151898950602
17,25559,0,0.0,1571,1405,24154,0.01000015038753079
17,25576,0,0.0,1572,1405,24171,0.010000148891149856
17,25593,0,0.0,1573,1405,24188,0.010000147409658162
17,25610,0,0.0,1574,1405,24205,0.010000145942907556
14,25624,0,0.0,1575,1406,24218,0.010000144490751362
17,25641,0,0.0,1576,1406,24235,0.010000143053044365
17,25658,0,0.0,1577,1406,24252,0.010000141629642792
17,25675,0,0.0,1578,1406,24269,0.010000140220404298
17,25692,0,0.0,1579,1406,24286,0.010000138825187965
17,25709,0,0.0,1580,1406,24303,0.010000137443854265
17,25726,0,0.0,1581,1406,24320,0.010000136076265065
17,25743,0,0.0,1582,1406,24337,0.010000134722283604
16,25759,0,0.0,1583,1407,24352,0.010000133381774485
17,25776,0,0.0,1584,1407,24369,0.010000132054603653
17,25793,0,0.0,1585,1407,24386,0.010000130740638394
17,25810,0,0.0,1586,1407,24403,0.010000129439747306
17,25827,0,0.0,1587,1407,24420,0.0100001281518003
17,25844,0,0.0,1588,1407,24437,0.010000126876668581
17,25861,0,0.0,1589,1407,24454,0.010000125614224637
17,25878,0,0.0,1590,1407,24471,0.010000124364342217
17,25895,0,0.0,1591,1407,24488,0.010000123126896337
16,25911,0,0.0,1592,1408,24503,0.010000121901763248
17,25928,0,0.0,1593,1408,24520,0.010000120688820438
17,25945,0,0.0,1594,1408,24537,0.01000011948794661
17,25962,0,0.0,1595,1408,24554,0.010000118299021676
17,25979,0,0.0,1596,1409,24570,0.010000117121926742
23,26002,0,0.0,1597,1410,24592,0.010000115956544101
17,26019,0,0.0,1598,1410,24609,0.010000114802757209
17,26036,0,0.0,1599,1410,24626,0.010000113660450689
17,26053,0,0.0,1600,1410,24643,0.010000112529510307
17,26070,0,0.0,1601,1410,24660,0.010000111409822971
17,26087,0,0.0,1602,1410,24677,0.010000110301276711
17,26104,0,0.0,1603,1410,24694,0.010000109203760672
17,26121,0,0.0,1604,1410,24711,0.010000108117165098
17,26138,0,0.0,1605,1410,24728,0.01000010704138133
17,26155,0,0.0,1606,1410,24745,0.01000010597630179
17,26172,0,0.0,1607,1410,24762,0.010000104921819969
17,26189,0,0.0,1608,1410,24779,0.010000103877830416
17,26206,0,0.0,1609,1410,24796,0.010000102844228734
17,26223,0,0.0,1610,1410,24813,0.01000010182091156
17,26240,0,0.0,1611,1410,24830,0.010000100807776562
17,26257,0,0.0,1612,1410,24847,0.010000099804722426
17,26274,0,0.0,1613,1410,24864,0.010000098811648846
17,26291,0,0.0,1614,1410,24881,0.010000097828456511
17,26308,0,0.0,1615,1410,24898,0.010000096855047106
17,26325,0,0.0,1616,1411,24914,0.010000095891323285
17,26342,0,0.0,1617,1412,24930,0.010000094937188675
17,26359,0,0.0,1618,1412,24947,0.010000093992547865
17,26376,0,0.0,1619,1412,24964,0.010000093057306387
17,26393,0,0.0,1620,1413,24980,0.010000092131370718
17,26410,0,0.0,1621,1413,24997,0.010000091214648262
17,26427,0,0.0,1622,1413,25014,0.010000090307047347
17,26444,0,0.0,1623,1413,25031,0.010000089408477212
17,26461,0,0.0,1624,1413,25048,0.010000088518848
17,26478,0,0.0,1625,1413,25065,0.010000087638070747
17,26495,0,0.0,1626,1413,25082,0.010000086766057372
17,26512,0,0.0,1627,1413,25099,0.010000085902720677
17,26529,0,0.0,1628,1413,25116,0.010000085047974325
17,26546,0,0.0,1629,1413,25133,0.010000084201732842
17,26563,0,0.0,1630,1413,25150,0.0100000833639116
17,26580,0,0.0,1631,1413,25167,0.010000082534426821
17,26597,0,0.0,1632,1413,25184,0.010000081713195552
17,26614,0,0.0,1633,1413,25201,0.010000080900135672
17,26631,0,0.0,1634,1413,25218,0.010000080095165871
17,26648,0,0.0,1635,1413,25235,0.010000079298205657
17,26665,0,0.0,1636,1413,25252,0.010000078509175326
17,26682,0,0.0,1637,1413,25269,0.010000077727995979
17,26699,0,0.0,1638,1413,25286,0.010000076954589498
17,26716,0,0.0,1639,1414,25302,0.010000076188878538
17,26733,0,0.0,1640,1414,25319,0.01000007543078653
17,26750,0,0.0,1641,1414,25336,0.010000074680237664
17,26767,0,0.0,1642,1415,25352,0.010000073937156883
17,26784,0,0.0,1643,1415,25369,0.01000007320146988
17,26801,0,0.0,1644,1415,25386,0.010000072473103085
17,26818,0,0.0,1645,1415,25403,0.01000007175198366
17,26835,0,0.0,1646,1415,25420,0.010000071038039494
17,26852,0,0.0,1647,1415,25437,0.010000070331199191
17,26869,0,0.0,1648,1415,25454,0.010000069631392067
17,26886,0,0.0,1649,1415,25471,0.01000006893854814
17,26903,0,0.0,1650,1415,25488,0.010000068252598124
17,26920,0,0.0,1651,1415,25505,0.010000067573473426
17,26937,0,0.0,1652,1415,25522,0.01000006690110613
17,26954,0,0.0,1653,1415,25539,0.010000066235429003
17,26971,0,0.0,1654,1415,25556,0.010000065576375472
17,26988,0,0.0,1655,1415,25573,0.010000064923879634
17,27005,0,0.0,1656,1415,25590,0.010000064277876239
17,27022,0,0.0,1657,1415,25607,0.010000063638300683
17,27039,0,0.0,1658,1415,25624,0.010000063005089013
17,27056,0,0.0,1659,1415,25641,0.010000062378177901
17,27073,0,0.0,1660,1415,25658,0.01000006175750466
17,27090,0,0.0,1661,1415,25675,0.010000061143007222
17,27107,0,0.0,1662,1415,25692,0.010000060534624135
17,27124,0,0.0,1663,1415,25709,0.010000059932294561
17,27141,0,0.0,1664,1415,25726,0.010000059335958267
17,27158,0,0.0,1665,1415,25743,0.010000058745555618
17,27175,0,0.0,1666,1415,25760,0.010000058161027572
17,27192,0,0.0,1667,1415,25777,0.010000057582315678
17,27209,0,0.0,1668,1416,25793,0.010000057009362065
5,27214,0,0.0,1669,1417,25797,0.010000056442109434
17,27231,0,0.0,1670,1417,25814,0.010000055880501062
17,27248,0,0.0,1671,1417,25831,0.010000055324480787
17,27265,0,0.0,1672,1417,25848,0.010000054773993005
17,27282,0,0.0,1673,1417,25865,0.010000054228982667
17,27299,0,0.0,1674,1418,25881,0.010000053689395275
17,27316,0,0.0,1675,1418,25898,0.010000053155176866
17,27333,0,0.0,1676,1418,25915,0.01000005262627402
17,27350,0,0.0,1677,1418,25932,0.010000052102633843
17,27367,0,0.0,1678,1419,25948,0.010000051584203975
17,27384,0,0.0,1679,1419,25965,0.010000051070932568
17,27401,0,0.0,1680,1419,25982,0.010000050562768299
17,27418,0,0.0,1681,1419,25999,0.01000005005966035
3,27421,0,0.0,1682,1420,26001,0.010000049561558406
17,27438,0,0.0,1683,1420,26018,0.01000004906841266
17,27455,0,0.0,1684,1421,26034,0.010000048580173797
17,27472,0,0.0,1685,1421,26051,0.010000048096792991
17,27489,0,0.0,1686,1421,26068,0.010000047618221904
17,27506,0,0.0,1687,1422,26084,0.01000004714441268
27,27533,0,0.0,1688,1423,26110,0.010000046675317936
17,27550,0,0.0,1689,1423,26127,0.010000046210890762
17,27567,0,0.0,1690,1424,26143,0.010000045751084716
17,27584,0,0.0,1691,1424,26160,0.010000045295853818
17,27601,0,0.0,1692,1424,26177,0.010000044845152541
17,27618,0,0.0,1693,1424,26194,0.010000044398935818
17,27635,0,0.0,1694,1424,26211,0.010000043957159026
17,27652,0,0.0,1695,1424,26228,0.010000043519777985
16,27668,0,0.0,1696,1425,26243,0.010000043086748959
17,27685,0,0.0,1697,1425,26260,0.010000042658028644
17,27702,0,0.0,1698,1425,26277,0.010000042233574168
17,27719,0,0.0,1699,1425,26294,0.010000041813343083
17,27736,0,0.0,1700,1425,26311,0.010000041397293368
17,27753,0,0.0,1701,1425,26328,0.010000040985383415
17,27770,0,0.0,1702,1425,26345,0.010000040577572037
17,27787,0,0.0,1703,1425,26362,0.01000004017381845
17,27804,0,0.0,1704,1425,26379,0.010000039774082276
17,27821,0,0.0,1705,1425,26396,0.010000039378323547
17,27838,0,0.0,1706,1425,26413,0.01000003898650268
17,27855,0,0.0,1707,1425,26430,0.010000038598580497
17,27872,0,0.0,1708,1425,26447,0.010000038214518205
17,27889,0,0.0,1709,1426,26463,0.010000037834277395
17,27906,0,0.0,1710,1426,26480,0.010000037457820044
17,27923,0,0.0,1711,1426,26497,0.010000037085108507
17,27940,0,0.0,1712,1426,26514,0.010000036716105512
17,27957,0,0.0,1713,1426,26531,0.010000036350774158
17,27974,0,0.0,1714,1426,26548,0.010000035989077912
17,27991,0,0.0,1715,1426,26565,0.010000035630980604
17,28008,0,0.0,1716,1426,26582,0.010000035276446424
17,28025,0,0.0,1717,1426,26599,0.010000034925439917
17,28042,0,0.0,1718,1426,26616,0.010000034577925983
17,28059,0,0.0,1719,1426,26633,0.010000034233869871
17,28076,0,0.0,1720,1426,26650,0.010000033893237174
17,28093,0,0.0,1721,1426,26667,0.01000003355599383
17,28110,0,0.0,1722,1426,26684,0.010000033222106111
17,28127,0,0.0,1723,1426,26701,0.010000032891540634
17,28144,0,0.0,1724,1426,26718,0.010000032564264336
17,28161,0,0.0,1725,1426,26735,0.010000032240244492
17,28178,0,0.0,1726,1426,26752,0.010000031919448699
17,28195,0,0.0,1727,1426,26769,0.010000031601844877
17,28212,0,0.0,1728,1426,26786,0.010000031287401267
17,28229,0,0.0,1729,1426,26803,0.010000030976086424
17,28246,0,0.0,1730,1426,26820,0.010000030667869213
17,28263,0,0.0,1731,1426,26837,0.010000030362718817
17,28280,0,0.0,1732,1426,26854,0.010000030060604716
17,28297,0,0.0,1733,1426,26871,0.010000029761496701
17,28314,0,0.0,1734,1426,26888,0.010000029465364862
17,28331,0,0.0,1735,1426,26905,0.010000029172179582
17,28348,0,0.0,1736,1427,26921,0.010000028881911547
17,28365,0,0.0,1737,1427,26938,0.010000028594531725
17,28382,0,0.0,1738,1427,26955,0.01000002831001138
17,28399,0,0.0,1739,1427,26972,0.01000002802832206
23,28422,0,0.0,1740,1428,26994,0.010000027749435597
17,28439,0,0.0,1741,1428,27011,0.010000027473324099
17,28456,0,0.0,1742,1428,27028,0.010000027199959956
17,28473,0,0.0,1743,1428,27045,0.010000026929315833
17,28490,0,0.0,1744,1428,27062,0.010000026661364663
17,28507,0,0.0,1745,1428,27079,0.010000026396079652
17,28524,0,0.0,1746,1428,27096,0.010000026133434271
17,28541,0,0.0,1747,1428,27113,0.010000025873402256
17,28558,0,0.0,1748,1428,27130,0.010000025615957602
17,28575,0,0.0,1749,1428,27147,0.010000025361074565
17,28592,0,0.0,1750,1429,27163,0.010000025108727656
17,28609,0,0.0,1751,1430,27179,0.010000024858891642
17,28626,0,0.0,1752,1430,27196,0.010000024611541538
17,28643,0,0.0,1753,1430,27213,0.010000024366652607
17,28660,0,0.0,1754,1430,27230,0.010000024124200363
17,28677,0,0.0,1755,1430,27247,0.01000002388416056
17,28694,0,0.0,1756,1430,27264,0.01000002364650919
17,28711,0,0.0,1757,1430,27281,0.010000023411222492
17,28728,0,0.0,1758,1430,27298,0.010000023178276937
17,28745,0,0.0,1759,1430,27315,0.010000022947649227
15,28760,0,0.0,1760,1431,27329,0.010000022719316303
17,28777,0,0.0,1761,1431,27346,0.010000022493255328
17,28794,0,0.0,1762,1431,27363,0.010000022269443699
17,28811,0,0.0,1763,1431,27380,0.010000022047859032
17,28828,0,0.0,1764,1431,27397,0.010000021828479169
17,28845,0,0.0,1765,1431,27414,0.010000021611282172
17,28862,0,0.0,1766,1431,27431,0.010000021396246322
17,28879,0,0.0,1767,1431,27448,0.010000021183350114
17,28896,0,0.0,1768,1431,27465,0.010000020972572257
17,28913,0,0.0,1769,1431,27482,0.010000020763891677
17,28930,0,0.0,1770,1431,27499,0.010000020557287503
17,28947,0,0.0,1771,1431,27516,0.010000020352739074
17,28964,0,0.0,1772,1431,27533,0.010000020150225938
17,28981,0,0.0,1773,1431,27550,0.010000019949727839
17,28998,0,0.0,1774,1431,27567,0.01000001975122473
17,29015,0,0.0,1775,1431,27584,0.010000019554696761
17,29032,0,0.0,1776,1431,27601,0.010000019360124277
17,29049,0,0.0,1777,1431,27618,0.010000019167487823
17,29066,0,0.0,1778,1431,27635,0.010000018976768131
17,29083,0,0.0,1779,1431,27652,0.010000018787946133
16,29099,0,0.0,1780,1432,27667,0.010000018601002946
17,29116,0,0.0,1781,1432,27684,0.010000018415919874
17,29133,0,0.0,1782,1432,27701,0.01000001823267841
27,29160,0,0.0,1783,1433,27727,0.010000018051260228
17,29177,0,0.0,1784,1433,27744,0.010000017871647188
17,29194,0,0.0,1785,1433,27761,0.010000017693821328
17,29211,0,0.0,1786,1433,27778,0.010000017517764864
17,29228,0,0.0,1787,1433,27795,0.01000001734346019
17,29245,0,0.0,1788,1433,27812,0.010000017170889879
17,29262,0,0.0,1789,1433,27829,0.01000001700003667
17,29279,0,0.0,1790,1434,27845,0.010000016830883479
17,29296,0,0.0,1791,1434,27862,0.01000001666341339
17,29313,0,0.0,1792,1434,27879,0.010000016497609657
17,29330,0,0.0,1793,1434,27896,0.010000016333455698
23,29353,0,0.0,1794,1435,27918,0.010000016170935098
17,29370,0,0.0,1795,1435,27935,0.010000016010031604
17,29387,0,0.0,1796,1435,27952,0.010000015850729129
17,29404,0,0.0,1797,1435,27969,0.01000001569301174
17,29421,0,0.0,1798,1435,27986,0.010000015536863664
17,29438,0,0.0,1799,1435,28003,0.010000015382269287
17,29455,0,0.0,1800,1435,28020,0.01000001522921315
17,29472,0,0.0,1801,1435,28037,0.010000015077679947
17,29489,0,0.0,1802,1435,28054,0.010000014927654526
17,29506,0,0.0,1803,1435,28071,0.010000014779121881
17,29523,0,0.0,1804,1435,28088,0.01000001463206716
17,29540,0,0.0,1805,1435,28105,0.01000001448647566
17,29557,0,0.0,1806,1435,28122,0.01000001434233282
17,29574,0,0.0,1807,1435,28139,0.010000014199624223
17,29591,0,0.0,1808,1435,28156,0.010000014058335602
17,29608,0,0.0,1809,1435,28173,0.010000013918452825
17,29625,0,0.0,1810,1435,28190,0.010000013779961906
17,29642,0,0.0,1811,1435,28207,0.010000013642848993
17,29659,0,0.0,1812,1435,28224,0.010000013507100378
17,29676,0,0.0,1813,1435,28241,0.010000013372702484
17,29693,0,0.0,1814,1435,28258,0.010000013239641871
17,29710,0,0.0,1815,1435,28275,0.010000013107905234
17,29727,0,0.0,1816,1435,28292,0.010000012977479397
17,29744,0,0.0,1817,1435,28309,0.010000012848351319
17,29761,0,0.0,1818,1435,28326,0.010000012720508088
17,29778,0,0.0,1819,1435,28343,0.010000012593936918
17,29795,0,0.0,1820,1435,28360,0.010000012468625152
17,29812,0,0.0,1821,1435,28377,0.010000012344560258
17,29829,0,0.0,1822,1435,28394,0.010000012221729832
17,29846,0,0.0,1823,1435,28411,0.010000012100121587
17,29863,0,0.0,1824,1435,28428,0.010000011979723366
17,29880,0,0.0,1825,1435,28445,0.010000011860523126
17,29897,0,0.0,1826,1436,28461,0.01000001174250895
17,29914,0,0.0,1827,1436,28478,0.010000011625669034
17,29931,0,0.0,1828,1436,28495,0.010000011509991694
17,29948,0,0.0,1829,1436,28512,0.010000011395465363
17,29965,0,0.0,1830,1436,28529,0.010000011282078588
17,29982,0,0.0,1831,1436,28546,0.010000011169820031
17,29999,0,0.0,1832,1436,28563,0.010000011058678464
17,30016,0,0.0,1833,1437,28579,0.010000010948642776
17,30033,0,0.0,1834,1437,28596,0.01000001083970196
23,30056,0,0.0,1835,1439,28617,0.010000010731845123
17,30073,0,0.0,1836,1439,28634,0.01000001062506148
17,30090,0,0.0,1837,1439,28651,0.010000010519340352
16,30106,0,0.0,1838,1440,28666,0.010000010414671166
17,30123,0,0.0,1839,1440,28683,0.010000010311043457
17,30140,0,0.0,1840,1440,28700,0.01000001020844686
17,30157,0,0.0,1841,1440,28717,0.010000010106871116
17,30174,0,0.0,1842,1440,28734,0.010000010006306069
17,30191,0,0.0,1843,1441,28750,0.01000000990674166
17,30208,0,0.0,1844,1441,28767,0.010000009808167933
17,30225,0,0.0,1845,1442,28783,0.010000009710575032
17,30242,0,0.0,1846,1442,28800,0.010000009613953196
17,30259,0,0.0,1847,1442,28817,0.010000009518292764
17,30276,0,0.0,1848,1442,28834,0.010000009423584168
17,30293,0,0.0,1849,1442,28851,0.01000000932981794
17,30310,0,0.0,1850,1443,28867,0.010000009236984698
17,30327,0,0.0,1851,1443,28884,0.010000009145075166
17,30344,0,0.0,1852,1444,28900,0.010000009054080147
23,30367,0,0.0,1853,1446,28921,0.010000008963990545
17,30384,0,0.0,1854,1446,28938,0.010000008874797349
17,30401,0,0.0,1855,1446,28955,0.010000008786491639
17,30418,0,0.0,1856,1446,28972,0.010000008699064587
17,30435,0,0.0,1857,1446,28989,0.010000008612507449
17,30452,0,0.0,1858,1446,29006,0.010000008526811568
17,30469,0,0.0,1859,1446,29023,0.010000008441968375
17,30486,0,0.0,1860,1446,29040,0.010000008357969386
17,30503,0,0.0,1861,1446,29057,0.0100000082748062
17,30520,0,0.0,1862,1446,29074,0.010000008192470503
17,30537,0,0.0,1863,1447,29090,0.01000000811095406
17,30554,0,0.0,1864,1447,29107,0.010000008030248718
17,30571,0,0.0,1865,1447,29124,0.01000000795034641
17,30588,0,0.0,1866,1447,29141,0.01000000787123914
17,30605,0,0.0,1867,1447,29158,0.010000007792919001
17,30622,0,0.0,1868,1447,29175,0.010000007715378163
17,30639,0,0.0,1869,1447,29192,0.010000007638608867
17,30656,0,0.0,1870,1447,29209,0.01000000756260344
23,30679,0,0.0,1871,1448,29231,0.010000007487354277
17,30696,0,0.0,1872,1448,29248,0.010000007412853857
17,30713,0,0.0,1873,1448,29265,0.01000000733909473
17,30730,0,0.0,1874,1448,29282,0.010000007266069517
17,30747,0,0.0,1875,1449,29298,0.010000007193770916
17,30764,0,0.0,1876,1449,29315,0.0100000071221917
17,30781,0,0.0,1877,1449,29332,0.010000007051324708
17,30798,0,0.0,1878,1449,29349,0.010000006981162856
17,30815,0,0.0,1879,1449,29366,0.010000006911699125
17,30832,0,0.0,1880,1449,29383,0.01000000684292657
17,30849,0,0.0,1881,1449,29400,0.010000006774838312
17,30866,0,0.0,1882,1449,29417,0.010000006707427544
17,30883,0,0.0,1883,1449,29434,0.010000006640687526
17,30900,0,0.0,1884,1449,29451,0.010000006574611581
17,30917,0,0.0,1885,1449,29468,0.010000006509193103
17,30934,0,0.0,1886,1449,29485,0.010000006444425549
17,30951,0,0.0,1887,1449,29502,0.010000006380302443
17,30968,0,0.0,1888,1449,29519,0.010000006316817373
17,30985,0,0.0,1889,1449,29536,0.010000006253963991
17,31002,0,0.0,1890,1450,29552,0.01000000619173601
17,31019,0,0.0,1891,1450,29569,0.010000006130127206
17,31036,0,0.0,1892,1451,29585,0.010000006069131422
17,31053,0,0.0,1893,1451,29602,0.010000006008742554
17,31070,0,0.0,1894,1452,29618,0.010000005948954567
17,31087,0,0.0,1895,1452,29635,0.01000000588976148
17,31104,0,0.0,1896,1453,29651,0.010000005831157375
17,31121,0,0.0,1897,1453,29668,0.01000000577313639
17,31138,0,0.0,1898,1453,29685,0.010000005715692721
17,31155,0,0.0,1899,1453,29702,0.01000000565882063
17,31172,0,0.0,1900,1453,29719,0.010000005602514423
17,31189,0,0.0,1901,1453,29736,0.010000005546768474
17,31206,0,0.0,1902,1453,29753,0.010000005491577205
17,31223,0,0.0,1903,1453,29770,0.010000005436935099
17,31240,0,0.0,1904,1453,29787,0.01000000538283669
17,31257,0,0.0,1905,1453,29804,0.01000000532927657
17,31274,0,0.0,1906,1453,29821,0.010000005276249382
17,31291,0,0.0,1907,1453,29838,0.010000005223749824
17,31308,0,0.0,1908,1453,29855,0.010000005171772646
17,31325,0,0.0,1909,1453,29872,0.010000005120312648
17,31342,0,0.0,1910,1454,29888,0.010000005069364685
17,31359,0,0.0,1911,1454,29905,0.010000005018923664
17,31376,0,0.0,1912,1454,29922,0.010000004968984538
17,31393,0,0.0,1913,1454,29939,0.010000004919542317
17,31410,0,0.0,1914,1454,29956,0.010000004870592053
23,31433,0,0.0,1915,1455,29978,0.010000004822128853
17,31450,0,0.0,1916,1455,29995,0.010000004774147869
17,31467,0,0.0,1917,1455,30012,0.010000004726644304
17,31484,0,0.0,1918,1455,30029,0.010000004679613407
17,31501,0,0.0,1919,1455,30046,0.010000004633050475
17,31518,0,0.0,1920,1455,30063,0.010000004586950852
17,31535,0,0.0,1921,1455,30080,0.010000004541309929
17,31552,0,0.0,1922,1455,30097,0.01000000449612314
17,31569,0,0.0,1923,1455,30114,0.010000004451385968
17,31586,0,0.0,1924,1455,30131,0.010000004407093938
17,31603,0,0.0,1925,1455,30148,0.01000000436324262
17,31620,0,0.0,1926,1455,30165,0.010000004319827631
17,31637,0,0.0,1927,1455,30182,0.010000004276844627
17,31654,0,0.0,1928,1455,30199,0.010000004234289312
17,31671,0,0.0,1929,1455,30216,0.01000000419215743
17,31688,0,0.0,1930,1455,30233,0.010000004150444766
17,31705,0,0.0,1931,1455,30250,0.010000004109147151
17,31722,0,0.0,1932,1455,30267,0.010000004068260454
27,31749,0,0.0,1933,1456,30293,0.010000004027780587
17,31766,0,0.0,1934,1456,30310,0.0100000039877035
17,31783,0,0.0,1935,1456,30327,0.010000003948025186
17,31800,0,0.0,1936,1456,30344,0.01000000390874168
17,31817,0,0.0,1937,1456,30361,0.01000000386984905
17,31834,0,0.0,1938,1456,30378,0.01000000383134341
17,31851,0,0.0,1939,1456,30395,0.010000003793220904
17,31868,0,0.0,1940,1457,30411,0.010000003755477726
17,31885,0,0.0,1941,1457,30428,0.010000003718110098
17,31902,0,0.0,1942,1457,30445,0.010000003681114285
17,31919,0,0.0,1943,1457,30462,0.010000003644486586
17,31936,0,0.0,1944,1457,30479,0.010000003608223338
17,31953,0,0.0,1945,1457,30496,0.010000003572320917
17,31970,0,0.0,1946,1457,30513,0.010000003536775728
17,31987,0,0.0,1947,1457,30530,0.010000003501584222
17,32004,0,0.0,1948,1457,30547,0.010000003466742877
17,32021,0,0.0,1949,1457,30564,0.01000000343224821
17,32038,0,0.0,1950,1457,30581,0.01000000339809677
17,32055,0,0.0,1951,1457,30598,0.010000003364285142
17,32072,0,0.0,1952,1457,30615,0.010000003330809946
17,32089,0,0.0,1953,1457,30632,0.010000003297667832
17,32106,0,0.0,1954,1457,30649,0.010000003264855489
17,32123,0,0.0,1955,1457,30666,0.010000003232369634
14,32137,0,0.0,1956,1459,30678,0.01000000320020702
17,32154,0,0.0,1957,1459,30695,0.010000003168364427
17,32171,0,0.0,1958,1459,30712,0.010000003136838674
5,32176,0,0.0,1959,1460,30716,0.010000003105626609
17,32193,0,0.0,1960,1460,30733,0.010000003074725107
17,32210,0,0.0,1961,1460,30750,0.010000003044131081
17,32227,0,0.0,1962,1460,30767,0.01000000301384147
17,32244,0,0.0,1963,1460,30784,0.010000002983853246
17,32261,0,0.0,1964,1460,30801,0.01000000295416341
17,32278,0,0.0,1965,1461,30817,0.010000002924768993
17,32295,0,0.0,1966,1461,30834,0.010000002895667057
17,32312,0,0.0,1967,1461,30851,0.010000002866854688
17,32329,0,0.0,1968,1461,30868,0.010000002838329006
17,32346,0,0.0,1969,1461,30885,0.010000002810087161
17,32363,0,0.0,1970,1461,30902,0.010000002782126326
17,32380,0,0.0,1971,1461,30919,0.010000002754443708
17,32397,0,0.0,1972,1461,30936,0.010000002727036534
17,32414,0,0.0,1973,1461,30953,0.010000002699902068
17,32431,0,0.0,1974,1461,30970,0.010000002673037594
17,32448,0,0.0,1975,1461,30987,0.010000002646440425
17,32465,0,0.0,1976,1463,31002,0.010000002620107903
17,32482,0,0.0,1977,1463,31019,0.010000002594037393
17,32499,0,0.0,1978,1463,31036,0.01000000256822629
17,32516,0,0.0,1979,1463,31053,0.010000002542672012
17,32533,0,0.0,1980,1463,31070,0.010000002517372002
17,32550,0,0.0,1981,1463,31087,0.010000002492323733
17,32567,0,0.0,1982,1463,31104,0.010000002467524697
17,32584,0,0.0,1983,1463,31121,0.010000002442972417
17,32601,0,0.0,1984,1463,31138,0.010000002418664434
17,32618,0,0.0,1985,1463,31155,0.010000002394598322
17,32635,0,0.0,1986,1463,31172,0.01000000237077167
17,32652,0,0.0,1987,1463,31189,0.010000002347182098
17,32669,0,0.0,1988,1463,31206,0.010000002323827245
17,32686,0,0.0,1989,1463,31223,0.010000002300704778
17,32703,0,0.0,1990,1463,31240,0.010000002277812383
17,32720,0,0.0,1991,1463,31257,0.010000002255147772
17,32737,0,0.0,1992,1463,31274,0.010000002232708676
17,32754,0,0.0,1993,1463,31291,0.010000002210492853
17,32771,0,0.0,1994,1463,31308,0.010000002188498083
17,32788,0,0.0,1995,1463,31325,0.010000002166722161
17,32805,0,0.0,1996,1463,31342,0.010000002145162916
17,32822,0,0.0,1997,1463,31359,0.01000000212381819
17,32839,0,0.0,1998,1463,31376,0.010000002102685845
17,32856,0,0.0,1999,1463,31393,0.01000000208176377
17,32873,0,0.0,2000,1463,31410,0.010000002061049876
17,32890,0,0.0,2001,1464,31426,0.010000002040542086
17,32907,0,0.0,2002,1464,31443,0.010000002020238354
17,32924,0,0.0,2003,1464,31460,0.010000002000136647
17,32941,0,0.0,2004,1464,31477,0.010000001980234954
17,32958,0,0.0,2005,1464,31494,0.010000001960531286
17,32975,0,0.0,2006,1464,31511,0.010000001941023675
17,32992,0,0.0,2007,1464,31528,0.010000001921710166
17,33009,0,0.0,2008,1464,31545,0.010000001902588831
17,33026,0,0.0,2009,1464,31562,0.010000001883657756
17,33043,0,0.0,2010,1464,31579,0.010000001864915047
17,33060,0,0.0,2011,1465,31595,0.010000001846358833
17,33077,0,0.0,2012,1465,31612,0.010000001827987255
17,33094,0,0.0,2013,1465,31629,0.010000001809798478
17,33111,0,0.0,2014,1465,31646,0.010000001791790683
17,33128,0,0.0,2015,1465,31663,0.010000001773962068
17,33145,0,0.0,2016,1465,31680,0.01000000175631085
17,33162,0,0.0,2017,1465,31697,0.010000001738835265
17,33179,0,0.0,2018,1465,31714,0.010000001721533565
17,33196,0,0.0,2019,1465,31731,0.01000000170440402
17,33213,0,0.0,2020,1465,31748,0.010000001687444917
17,33230,0,0.0,2021,1465,31765,0.01000000167065456
17,33247,0,0.0,2022,1466,31781,0.010000001654031268
17,33264,0,0.0,2023,1466,31798,0.010000001637573383
17,33281,0,0.0,2024,1466,31815,0.010000001621279255
17,33298,0,0.0,2025,1466,31832,0.010000001605147257
17,33315,0,0.0,2026,1466,31849,0.010000001589175776
17,33332,0,0.0,2027,1466,31866,0.010000001573363212
17,33349,0,0.0,2028,1466,31883,0.010000001557707985
17,33366,0,0.0,2029,1466,31900,0.010000001542208533
17,33383,0,0.0,2030,1467,31916,0.010000001526863301
17,33400,0,0.0,2031,1468,31932,0.010000001511670758
17,33417,0,0.0,2032,1468,31949,0.010000001496629383
17,33434,0,0.0,2033,1468,31966,0.010000001481737672
17,33451,0,0.0,2034,1468,31983,0.010000001466994136
17,33468,0,0.0,2035,1468,32000,0.0100000014523973
17,33485,0,0.0,2036,1468,32017,0.010000001437945705
17,33502,0,0.0,2037,1468,32034,0.010000001423637906
17,33519,0,0.0,2038,1468,32051,0.010000001409472473
17,33536,0,0.0,2039,1468,32068,0.010000001395447987
17,33553,0,0.0,2040,1468,32085,0.010000001381563048
17,33570,0,0.0,2041,1469,32101,0.010000001367816265
17,33587,0,0.0,2042,1469,32118,0.010000001354206266
17,33604,0,0.0,2043,1469,32135,0.010000001340731689
17,33621,0,0.0,2044,1469,32152,0.010000001327391185
17,33638,0,0.0,2045,1470,32168,0.010000001314183422
17,33655,0,0.0,2046,1470,32185,0.010000001301107078
17,33672,0,0.0,2047,1471,32201,0.010000001288160847
17,33689,0,0.0,2048,1471,32218,0.010000001275343432
17,33706,0,0.0,2049,1471,32235,0.010000001262653553
17,33723,0,0.0,2050,1471,32252,0.010000001250089941
17,33740,0,0.0,2051,1471,32269,0.010000001237651338
17,33757,0,0.0,2052,1471,32286,0.010000001225336501
17,33774,0,0.0,2053,1471,32303,0.0100000012131442
17,33791,0,0.0,2054,1471,32320,0.010000001201073213
17,33808,0,0.0,2055,1471,32337,0.010000001189122336
17,33825,0,0.0,2056,1471,32354,0.01000000117729037
17,33842,0,0.0,2057,1471,32371,0.010000001165576136
17,33859,0,0.0,2058,1472,32387,0.010000001153978458
17,33876,0,0.0,2059,1472,32404,0.010000001142496181
5,33881,0,0.0,2060,1473,32408,0.010000001131128155
17,33898,0,0.0,2061,1473,32425,0.010000001119873241
17,33915,0,0.0,2062,1473,32442,0.010000001108730316
17,33932,0,0.0,2063,1474,32458,0.010000001097698266
17,33949,0,0.0,2064,1474,32475,0.010000001086775985
17,33966,0,0.0,2065,1475,32491,0.010000001075962384
17,33983,0,0.0,2066,1475,32508,0.010000001065256378
17,34000,0,0.0,2067,1475,32525,0.0100000010546569
17,34017,0,0.0,2068,1475,32542,0.010000001044162888
17,34034,0,0.0,2069,1475,32559,0.010000001033773295
17,34051,0,0.0,2070,1475,32576,0.010000001023487078
17,34068,0,0.0,2071,1475,32593,0.010000001013303212
17,34085,0,0.0,2072,1475,32610,0.010000001003220677
17,34102,0,0.0,2073,1475,32627,0.010000000993238464
17,34119,0,0.0,2074,1475,32644,0.010000000983355576
17,34136,0,0.0,2075,1475,32661,0.010000000973571024
17,34153,0,0.0,2076,1475,32678,0.01000000096388383
17,34170,0,0.0,2077,1475,32695,0.010000000954293027
17,34187,0,0.0,2078,1475,32712,0.010000000944797652
17,34204,0,0.0,2079,1475,32729,0.010000000935396759
17,34221,0,0.0,2080,1475,32746,0.010000000926089405
17,34238,0,0.0,2081,1475,32763,0.010000000916874661
17,34255,0,0.0,2082,1475,32780,0.010000000907751607
17,34272,0,0.0,2083,1475,32797,0.010000000898719327
17,34289,0,0.0,2084,1475,32814,0.01000000088977692
17,34306,0,0.0,2085,1475,32831,0.010000000880923492
17,34323,0,0.0,2086,1475,32848,0.010000000872158157
17,34340,0,0.0,2087,1475,32865,0.010000000863480038
17,34357,0,0.0,2088,1475,32882,0.010000000854888268
17,34374,0,0.0,2089,1475,32899,0.010000000846381987
17,34391,0,0.0,2090,1475,32916,0.010000000837960347
17,34408,0,0.0,2091,1475,32933,0.010000000829622501
17,34425,0,0.0,2092,1475,32950,0.01000000082136762
17,34442,0,0.0,2093,1475,32967,0.010000000813194876
17,34459,0,0.0,2094,1475,32984,0.010000000805103451
17,34476,0,0.0,2095,1475,33001,0.010000000797092538
17,34493,0,0.0,2096,1475,33018,0.010000000789161335
17,34510,0,0.0,2097,1475,33035,0.010000000781309049
17,34527,0,0.0,2098,1475,33052,0.010000000773534894
17,34544,0,0.0,2099,1476,33068,0.010000000765838093
17,34561,0,0.0,2100,1476,33085,0.010000000758217876
17,34578,0,0.0,2101,1476,33102,0.010000000750673482
17,34595,0,0.0,2102,1477,33118,0.010000000743204156
17,34612,0,0.0,2103,1477,33135,0.010000000735809152
17,34629,0,0.0,2104,1477,33152,0.010000000728487729
17,34646,0,0.0,2105,1477,33169,0.010000000721239154
17,34663,0,0.0,2106,1477,33186,0.010000000714062705
17,34680,0,0.0,2107,1477,33203,0.010000000706957663
17,34697,0,0.0,2108,1477,33220,0.010000000699923316
17,34714,0,0.0,2109,1477,33237,0.010000000692958963
17,34731,0,0.0,2110,1477,33254,0.010000000686063906
17,34748,0,0.0,2111,1478,33270,0.010000000679237456
17,34765,0,0.0,2112,1478,33287,0.01000000067247893
17,34782,0,0.0,2113,1478,33304,0.010000000665787653
17,34799,0,0.0,2114,1478,33321,0.010000000659162955
17,34816,0,0.0,2115,1478,33338,0.010000000652604174
17,34833,0,0.0,2116,1479,33354,0.010000000646110655
17,34850,0,0.0,2117,1479,33371,0.010000000639681745
17,34867,0,0.0,2118,1479,33388,0.010000000633316805
17,34884,0,0.0,2119,1479,33405,0.010000000627015199
17,34901,0,0.0,2120,1479,33422,0.010000000620776293
17,34918,0,0.0,2121,1479,33439,0.010000000614599465
17,34935,0,0.0,2122,1479,33456,0.010000000608484098
17,34952,0,0.0,2123,1479,33473,0.01000000060242958
17,34969,0,0.0,2124,1479,33490,0.010000000596435306
17,34986,0,0.0,2125,1479,33507,0.010000000590500676
17,35003,0,0.0,2126,1479,33524,0.010000000584625097
17,35020,0,0.0,2127,1479,33541,0.01000000057880798
17,35037,0,0.0,2128,1479,33558,0.010000000573048744
17,35054,0,0.0,2129,1479,33575,0.010000000567346814
17,35071,0,0.0,2130,1479,33592,0.010000000561701618
17,35088,0,0.0,2131,1479,33609,0.010000000556112594
17,35105,0,0.0,2132,1479,33626,0.010000000550579181
17,35122,0,0.0,2133,1479,33643,0.010000000545100826
17,35139,0,0.0,2134,1479,33660,0.010000000539676982
17,35156,0,0.0,2135,1479,33677,0.010000000534307107
17,35173,0,0.0,2136,1479,33694,0.010000000528990662
17,35190,0,0.0,2137,1480,33710,0.010000000523727117
17,35207,0,0.0,2138,1480,33727,0.010000000518515946
17,35224,0,0.0,2139,1480,33744,0.010000000513356627
17,35241,0,0.0,2140,1480,33761,0.010000000508248641
17,35258,0,0.0,2141,1480,33778,0.010000000503191483
17,35275,0,0.0,2142,1480,33795,0.010000000498184645
17,35292,0,0.0,2143,1480,33812,0.010000000493227624
17,35309,0,0.0,2144,1481,33828,0.010000000488319928
17,35326,0,0.0,2145,1482,33844,0.010000000483461063
17,35343,0,0.0,2146,1482,33861,0.010000000478650545
17,35360,0,0.0,2147,1482,33878,0.010000000473887893
17,35377,0,0.0,2148,1482,33895,0.01000000046917263
17,35394,0,0.0,2149,1482,33912,0.010000000464504284
17,35411,0,0.0,2150,1482,33929,0.01000000045988239
17,35428,0,0.0,2151,1482,33946,0.010000000455306482
17,35445,0,0.0,2152,1482,33963,0.010000000450776108
17,35462,0,0.0,2153,1482,33980,0.01000000044629081
17,35479,0,0.0,2154,1482,33997,0.010000000441850142
17,35496,0,0.0,2155,1482,34014,0.01000000043745366
17,35513,0,0.0,2156,1482,34031,0.010000000433100923
17,35530,0,0.0,2157,1482,34048,0.010000000428791497
17,35547,0,0.0,2158,1482,34065,0.01000000042452495
17,35564,0,0.0,2159,1482,34082,0.010000000420300857
17,35581,0,0.0,2160,1482,34099,0.010000000416118794
17,35598,0,0.0,2161,1482,34116,0.010000000411978342
17,35615,0,0.0,2162,1482,34133,0.01000000040787909
17,35632,0,0.0,2163,1482,34150,0.010000000403820625
17,35649,0,0.0,2164,1482,34167,0.010000000399802542
17,35666,0,0.0,2165,1482,34184,0.010000000395824441
17,35683,0,0.0,2166,1482,34201,0.010000000391885921
17,35700,0,0.0,2167,1482,34218,0.010000000387986591
17,35717,0,0.0,2168,1482,34235,0.010000000384126061
17,35734,0,0.0,2169,1482,34252,0.010000000380303941
17,35751,0,0.0,2170,1482,34269,0.010000000376519855
17,35768,0,0.0,2171,1482,34286,0.01000000037277342
16,35784,0,0.0,2172,1484,34300,0.010000000369064262
17,35801,0,0.0,2173,1484,34317,0.010000000365392012
17,35818,0,0.0,2174,1484,34334,0.0100000003617563
14,35832,0,0.0,2175,1486,34346,0.010000000358156765
17,35849,0,0.0,2176,1486,34363,0.010000000354593046
17,35866,0,0.0,2177,1486,34380,0.010000000351064785
17,35883,0,0.0,2178,1486,34397,0.010000000347571633
17,35900,0,0.0,2179,1486,34414,0.010000000344113236
17,35917,0,0.0,2180,1486,34431,0.010000000340689253
17,35934,0,0.0,2181,1486,34448,0.010000000337299338
17,35951,0,0.0,2182,1486,34465,0.010000000333943155
17,35968,0,0.0,2183,1486,34482,0.010000000330620365
17,35985,0,0.0,2184,1486,34499,0.010000000327330637
17,36002,0,0.0,2185,1486,34516,0.010000000324073641
17,36019,0,0.0,2186,1486,34533,0.010000000320849056
17,36036,0,0.0,2187,1487,34549,0.010000000317656554
17,36053,0,0.0,2188,1487,34566,0.010000000314495818
17,36070,0,0.0,2189,1487,34583,0.010000000311366533
17,36087,0,0.0,2190,1487,34600,0.010000000308268385
17,36104,0,0.0,2191,1487,34617,0.010000000305201063
17,36121,0,0.0,2192,1487,34634,0.01000000030216426
17,36138,0,0.0,2193,1487,34651,0.010000000299157676
17,36155,0,0.0,2194,1487,34668,0.010000000296181009
17,36172,0,0.0,2195,1487,34685,0.010000000293233958
17,36189,0,0.0,2196,1487,34702,0.010000000290316231
23,36212,0,0.0,2197,1488,34724,0.010000000287427537
17,36229,0,0.0,2198,1488,34741,0.010000000284567585
17,36246,0,0.0,2199,1488,34758,0.01000000028173609
17,36263,0,0.0,2200,1488,34775,0.01000000027893277
27,36290,0,0.0,2201,1489,34801,0.010000000276157342
17,36307,0,0.0,2202,1489,34818,0.01000000027340953
17,36324,0,0.0,2203,1489,34835,0.01000000027068906
17,36341,0,0.0,2204,1490,34851,0.010000000267995659
17,36358,0,0.0,2205,1490,34868,0.010000000265329058
17,36375,0,0.0,2206,1490,34885,0.010000000262688989
17,36392,0,0.0,2207,1490,34902,0.010000000260075189
17,36409,0,0.0,2208,1491,34918,0.010000000257487398
16,36425,0,0.0,2209,1492,34933,0.010000000254925355
17,36442,0,0.0,2210,1492,34950,0.010000000252388806
17,36459,0,0.0,2211,1492,34967,0.010000000249877496
17,36476,0,0.0,2212,1492,34984,0.010000000247391174
17,36493,0,0.0,2213,1492,35001,0.01000000024492959
17,36510,0,0.0,2214,1492,35018,0.0100000002424925
17,36527,0,0.0,2215,1492,35035,0.01000000024007966
17,36544,0,0.0,2216,1493,35051,0.010000000237690827
17,36561,0,0.0,2217,1493,35068,0.010000000235325763
17,36578,0,0.0,2218,1493,35085,0.010000000232984233
17,36595,0,0.0,2219,1494,35101,0.010000000230666
17,36612,0,0.0,2220,1494,35118,0.010000000228370836
17,36629,0,0.0,2221,1494,35135,0.010000000226098508
17,36646,0,0.0,2222,1494,35152,0.01000000022384879
17,36663,0,0.0,2223,1494,35169,0.010000000221621458
17,36680,0,0.0,2224,1494,35186,0.010000000219416287
17,36697,0,0.0,2225,1494,35203,0.010000000217233058
17,36714,0,0.0,2226,1494,35220,0.010000000215071555
23,36737,0,0.0,2227,1495,35242,0.010000000212931556
17,36754,0,0.0,2228,1497,35257,0.010000000210812852
17,36771,0,0.0,2229,1497,35274,0.01000000020871523
17,36788,0,0.0,2230,1497,35291,0.010000000206638477
17,36805,0,0.0,2231,1497,35308,0.010000000204582391
17,36822,0,0.0,2232,1497,35325,0.01000000020254676
17,36839,0,0.0,2233,1497,35342,0.010000000200531387
17,36856,0,0.0,2234,1497,35359,0.010000000198536066
17,36873,0,0.0,2235,1497,35376,0.0100000001965606
17,36890,0,0.0,2236,1497,35393,0.010000000194604789
17,36907,0,0.0,2237,1497,35410,0.010000000192668439
17,36924,0,0.0,2238,1497,35427,0.010000000190751356
17,36941,0,0.0,2239,1497,35444,0.010000000188853348
17,36958,0,0.0,2240,1497,35461,0.010000000186974226
17,36975,0,0.0,2241,1497,35478,0.010000000185113801
17,36992,0,0.0,2242,1497,35495,0.01000000018327189
17,37009,0,0.0,2243,1497,35512,0.010000000181448303
17,37026,0,0.0,2244,1498,35528,0.010000000179642862
17,37043,0,0.0,2245,1498,35545,0.010000000177855385
17,37060,0,0.0,2246,1499,35561,0.010000000176085695
17,37077,0,0.0,2247,1499,35578,0.010000000174333614
17,37094,0,0.0,2248,1499,35595,0.010000000172598965
17,37111,0,0.0,2249,1499,35612,0.010000000170881576
17,37128,0,0.0,2250,1500,35628,0.010000000169181277
17,37145,0,0.0,2251,1500,35645,0.010000000167497894
17,37162,0,0.0,2252,1500,35662,0.010000000165831262
23,37185,0,0.0,2253,1502,35683,0.010000000164181214
17,37202,0,0.0,2254,1502,35700,0.010000000162547583
17,37219,0,0.0,2255,1502,35717,0.010000000160930209
17,37236,0,0.0,2256,1502,35734,0.010000000159328925
17,37253,0,0.0,2257,1502,35751,0.010000000157743577
17,37270,0,0.0,2258,1505,35765,0.010000000156174001
17,37287,0,0.0,2259,1505,35782,0.010000000154620044
17,37304,0,0.0,2260,1505,35799,0.01000000015308155
23,37327,0,0.0,2261,1507,35820,0.010000000151558363
17,37344,0,0.0,2262,1508,35836,0.010000000150050332
17,37361,0,0.0,2263,1509,35852,0.010000000148557306
23,37384,0,0.0,2264,1510,35874,0.010000000147079136
17,37401,0,0.0,2265,1510,35891,0.010000000145615674
17,37418,0,0.0,2266,1511,35907,0.010000000144166774
17,37435,0,0.0,2267,1511,35924,0.01000000014273229
17,37452,0,0.0,2268,1511,35941,0.01000000014131208
17,37469,0,0.0,2269,1511,35958,0.010000000139906002
5,37474,0,0.0,2270,1512,35962,0.010000000138513914
17,37491,0,0.0,2271,1512,35979,0.010000000137135678
17,37508,0,0.0,2272,1512,35996,0.010000000135771155
17,37525,0,0.0,2273,1512,36013,0.01000000013442021
17,37542,0,0.0,2274,1513,36029,0.010000000133082705
17,37559,0,0.0,2275,1513,36046,0.01000000013175851
17,37576,0,0.0,2276,1513,36063,0.010000000130447492
17,37593,0,0.0,2277,1513,36080,0.010000000129149518
17,37610,0,0.0,2278,1513,36097,0.010000000127864459
17,37627,0,0.0,2279,1513,36114,0.010000000126592185
17,37644,0,0.0,2280,1513,36131,0.010000000125332573
17,37661,0,0.0,2281,1513,36148,0.010000000124085492
17,37678,0,0.0,2282,1514,36164,0.010000000122850822
17,37695,0,0.0,2283,1514,36181,0.010000000121628435
17,37712,0,0.0,2284,1514,36198,0.010000000120418212
17,37729,0,0.0,2285,1515,36214,0.01000000011922003
17,37746,0,0.0,2286,1515,36231,0.010000000118033772
17,37763,0,0.0,2287,1516,36247,0.010000000116859316
17,37780,0,0.0,2288,1516,36264,0.010000000115696546
17,37797,0,0.0,2289,1516,36281,0.010000000114545346
17,37814,0,0.0,2290,1516,36298,0.010000000113405601
17,37831,0,0.0,2291,1516,36315,0.010000000112277196
17,37848,0,0.0,2292,1516,36332,0.010000000111160019
17,37865,0,0.0,2293,1516,36349,0.01000000011005396
17,37882,0,0.0,2294,1516,36366,0.010000000108958905
17,37899,0,0.0,2295,1516,36383,0.010000000107874744
17,37916,0,0.0,2296,1517,36399,0.010000000106801374
17,37933,0,0.0,2297,1517,36416,0.010000000105738682
17,37950,0,0.0,2298,1518,36432,0.010000000104686563
17,37967,0,0.0,2299,1519,36448,0.010000000103644916
17,37984,0,0.0,2300,1519,36465,0.010000000102613631
17,38001,0,0.0,2301,1519,36482,0.010000000101592608
17,38018,0,0.0,2302,1519,36499,0.010000000100581745
17,38035,0,0.0,2303,1519,36516,0.010000000099580941
17,38052,0,0.0,2304,1519,36533,0.010000000098590093
17,38069,0,0.0,2305,1519,36550,0.010000000097609105
17,38086,0,0.0,2306,1519,36567,0.010000000096637878
17,38103,0,0.0,2307,1519,36584,0.010000000095676316
17,38120,0,0.0,2308,1519,36601,0.01000000009472432
27,38147,0,0.0,2309,1521,36626,0.010000000093781799
17,38164,0,0.0,2310,1521,36643,0.010000000092848653
17,38181,0,0.0,2311,1521,36660,0.010000000091924794
17,38198,0,0.0,2312,1521,36677,0.010000000091010127
17,38215,0,0.0,2313,1521,36694,0.010000000090104561
17,38232,0,0.0,2314,1521,36711,0.010000000089208006
17,38249,0,0.0,2315,1521,36728,0.01000000008832037
17,38266,0,0.0,2316,1521,36745,0.010000000087441568
17,38283,0,0.0,2317,1521,36762,0.01000000008657151
17,38300,0,0.0,2318,1521,36779,0.01000000008571011
17,38317,0,0.0,2319,1522,36795,0.01000000008485728
17,38334,0,0.0,2320,1522,36812,0.010000000084012936
17,38351,0,0.0,2321,1522,36829,0.010000000083176993
17,38368,0,0.0,2322,1522,36846,0.010000000082349369
23,38391,0,0.0,2323,1523,36868,0.010000000081529977
17,38408,0,0.0,2324,1523,36885,0.010000000080718741
17,38425,0,0.0,2325,1523,36902,0.010000000079915576
17,38442,0,0.0,2326,1523,36919,0.010000000079120403
17,38459,0,0.0,2327,1523,36936,0.010000000078333142
17,38476,0,0.0,2328,1523,36953,0.010000000077553714
17,38493,0,0.0,2329,1524,36969,0.010000000076782041
17,38510,0,0.0,2330,1524,36986,0.010000000076018048
17,38527,0,0.0,2331,1524,37003,0.010000000075261655
17,38544,0,0.0,2332,1524,37020,0.01000000007451279
17,38561,0,0.0,2333,1524,37037,0.010000000073771375
17,38578,0,0.0,2334,1525,37053,0.010000000073037337
17,38595,0,0.0,2335,1525,37070,0.010000000072310604
17,38612,0,0.0,2336,1525,37087,0.010000000071591101
17,38629,0,0.0,2337,1525,37104,0.010000000070878758
17,38646,0,0.0,2338,1525,37121,0.010000000070173503
17,38663,0,0.0,2339,1525,37138,0.010000000069475264
17,38680,0,0.0,2340,1525,37155,0.010000000068783974
17,38697,0,0.0,2341,1525,37172,0.010000000068099563
17,38714,0,0.0,2342,1525,37189,0.01000000006742196
17,38731,0,0.0,2343,1525,37206,0.0100000000667511
5,38736,0,0.0,2344,1526,37210,0.010000000066086916
17,38753,0,0.0,2345,1527,37226,0.01000000006542934
17,38770,0,0.0,2346,1527,37243,0.010000000064778308
17,38787,0,0.0,2347,1527,37260,0.010000000064133752
17,38804,0,0.0,2348,1527,37277,0.01000000006349561
17,38821,0,0.0,2349,1527,37294,0.010000000062863819
17,38838,0,0.0,2350,1527,37311,0.010000000062238314
17,38855,0,0.0,2351,1527,37328,0.010000000061619031
17,38872,0,0.0,2352,1527,37345,0.010000000061005912
17,38889,0,0.0,2353,1527,37362,0.010000000060398893
17,38906,0,0.0,2354,1527,37379,0.010000000059797915
17,38923,0,0.0,2355,1527,37396,0.010000000059202915
17,38940,0,0.0,2356,1527,37413,0.010000000058613836
17,38957,0,0.0,2357,1527,37430,0.010000000058030619
17,38974,0,0.0,2358,1527,37447,0.010000000057453204
17,38991,0,0.0,2359,1527,37464,0.010000000056881536
17,39008,0,0.0,2360,1527,37481,0.010000000056315555
17,39025,0,0.0,2361,1527,37498,0.010000000055755206
17,39042,0,0.0,2362,1527,37515,0.010000000055200433
17,39059,0,0.0,2363,1527,37532,0.01000000005465118
17,39076,0,0.0,2364,1527,37549,0.01000000005410739
17,39093,0,0.0,2365,1528,37565,0.010000000053569012
17,39110,0,0.0,2366,1528,37582,0.010000000053035992
16,39126,0,0.0,2367,1529,37597,0.010000000052508276
17,39143,0,0.0,2368,1529,37614,0.01000000005198581
23,39166,0,0.0,2369,1530,37636,0.010000000051468541
17,39183,0,0.0,2370,1530,37653,0.010000000050956422
17,39200,0,0.0,2371,1530,37670,0.010000000050449397
16,39216,0,0.0,2372,1531,37685,0.010000000049947416
17,39233,0,0.0,2373,1531,37702,0.010000000049450432
17,39250,0,0.0,2374,1531,37719,0.010000000048958391
17,39267,0,0.0,2375,1531,37736,0.010000000048471248
17,39284,0,0.0,2376,1531,37753,0.01000000004798895
17,39301,0,0.0,2377,1531,37770,0.010000000047511452
17,39318,0,0.0,2378,1531,37787,0.010000000047038705
17,39335,0,0.0,2379,1531,37804,0.010000000046570662
17,39352,0,0.0,2380,1531,37821,0.010000000046107276
17,39369,0,0.0,2381,1531,37838,0.010000000045648503
17,39386,0,0.0,2382,1531,37855,0.010000000045194291
17,39403,0,0.0,2383,1531,37872,0.0100000000447446
17,39420,0,0.0,2384,1531,37889,0.010000000044299384
17,39437,0,0.0,2385,1531,37906,0.010000000043858598
17,39454,0,0.0,2386,1531,37923,0.010000000043422198
17,39471,0,0.0,2387,1531,37940,0.01000000004299014
17,39488,0,0.0,2388,1531,37957,0.010000000042562381
17,39505,0,0.0,2389,1531,37974,0.010000000042138878
17,39522,0,0.0,2390,1531,37991,0.01000000004171959
17,39539,0,0.0,2391,1531,38008,0.010000000041304472
17,39556,0,0.0,2392,1531,38025,0.010000000040893487
17,39573,0,0.0,2393,1531,38042,0.010000000040486588
17,39590,0,0.0,2394,1531,38059,0.01000000004008374
17,39607,0,0.0,2395,1531,38076,0.010000000039684901
17,39624,0,0.0,2396,1531,38093,0.01000000003929003
17,39641,0,0.0,2397,1531,38110,0.010000000038899087
17,39658,0,0.0,2398,1531,38127,0.010000000038512034
17,39675,0,0.0,2399,1531,38144,0.010000000038128834
17,39692,0,0.0,2400,1531,38161,0.010000000037749446
17,39709,0,0.0,2401,1531,38178,0.010000000037373832
17,39726,0,0.0,2402,1532,38194,0.010000000037001956
17,39743,0,0.0,2403,1532,38211,0.010000000036633781
17,39760,0,0.0,2404,1532,38228,0.010000000036269269
17,39777,0,0.0,2405,1532,38245,0.010000000035908384
17,39794,0,0.0,2406,1534,38260,0.010000000035551088
17,39811,0,0.0,2407,1534,38277,0.01000000003519735
17,39828,0,0.0,2408,1534,38294,0.01000000003484713
17,39845,0,0.0,2409,1535,38310,0.010000000034500396
17,39862,0,0.0,2410,1535,38327,0.010000000034157111
17,39879,0,0.0,2411,1535,38344,0.010000000033817243
17,39896,0,0.0,2412,1535,38361,0.010000000033480755
17,39913,0,0.0,2413,1535,38378,0.010000000033147615
17,39930,0,0.0,2414,1535,38395,0.010000000032817792
17,39947,0,0.0,2415,1535,38412,0.01000000003249125
17,39964,0,0.0,2416,1535,38429,0.010000000032167956
17,39981,0,0.0,2417,1535,38446,0.010000000031847879
17,39998,0,0.0,2418,1535,38463,0.010000000031530988
17,40015,0,0.0,2419,1535,38480,0.01000000003121725
17,40032,0,0.0,2420,1536,38496,0.010000000030906632
17,40049,0,0.0,2421,1536,38513,0.010000000030599105
17,40066,0,0.0,2422,1536,38530,0.01000000003029464
17,40083,0,0.0,2423,1536,38547,0.010000000029993203
17,40100,0,0.0,2424,1536,38564,0.010000000029694766
17,40117,0,0.0,2425,1536,38581,0.010000000029399297
17,40134,0,0.0,2426,1536,38598,0.01000000002910677
17,40151,0,0.0,2427,1536,38615,0.010000000028817152
17,40168,0,0.0,2428,1536,38632,0.010000000028530418
17,40185,0,0.0,2429,1536,38649,0.010000000028246536
17,40202,0,0.0,2430,1536,38666,0.010000000027965477
17,40219,0,0.0,2431,1536,38683,0.010000000027687216
16,40235,0,0.0,2432,1537,38698,0.010000000027411724
13,40248,0,0.0,2433,1538,38710,0.010000000027138972
17,40265,0,0.0,2434,1538,38727,0.010000000026868934
17,40282,0,0.0,2435,1538,38744,0.010000000026601584
17,40299,0,0.0,2436,1538,38761,0.010000000026336895
17,40316,0,0.0,2437,1539,38777,0.010000000026074839
17,40333,0,0.0,2438,1539,38794,0.010000000025815388
2,40335,0,0.0,2439,1540,38795,0.01000000002555852
17,40352,0,0.0,2440,1540,38812,0.01000000002530421
23,40375,0,0.0,2441,1541,38834,0.010000000025052429
17,40392,0,0.0,2442,1541,38851,0.010000000024803153
17,40409,0,0.0,2443,1541,38868,0.010000000024556357
17,40426,0,0.0,2444,1542,38884,0.010000000024312018
17,40443,0,0.0,2445,1542,38901,0.010000000024070109
17,40460,0,0.0,2446,1542,38918,0.010000000023830608
17,40477,0,0.0,2447,1542,38935,0.010000000023593488
17,40494,0,0.0,2448,1542,38952,0.01000000002335873
17,40511,0,0.0,2449,1542,38969,0.010000000023126307
17,40528,0,0.0,2450,1542,38986,0.010000000022896196
17,40545,0,0.0,2451,1542,39003,0.010000000022668374
17,40562,0,0.0,2452,1542,39020,0.01000000002244282
17,40579,0,0.0,2453,1542,39037,0.010000000022219511
17,40596,0,0.0,2454,1542,39054,0.010000000021998424
17,40613,0,0.0,2455,1542,39071,0.010000000021779535
17,40630,0,0.0,2456,1542,39088,0.010000000021562825
17,40647,0,0.0,2457,1542,39105,0.010000000021348272
17,40664,0,0.0,2458,1542,39122,0.010000000021135854
17,40681,0,0.0,2459,1542,39139,0.010000000020925548
17,40698,0,0.0,2460,1542,39156,0.010000000020717334
17,40715,0,0.0,2461,1542,39173,0.010000000020511194
17,40732,0,0.0,2462,1542,39190,0.010000000020307105
17,40749,0,0.0,2463,1542,39207,0.010000000020105045
17,40766,0,0.0,2464,1542,39224,0.010000000019904996
17,40783,0,0.0,2465,1542,39241,0.01000000001970694
17,40800,0,0.0,2466,1542,39258,0.010000000019510851
17,40817,0,0.0,2467,1542,39275,0.010000000019316715
17,40834,0,0.0,2468,1542,39292,0.010000000019124511
17,40851,0,0.0,2469,1543,39308,0.010000000018934219
17,40868,0,0.0,2470,1543,39325,0.01000000001874582
17,40885,0,0.0,2471,1543,39342,0.010000000018559297
17,40902,0,0.0,2472,1543,39359,0.010000000018374628
17,40919,0,0.0,2473,1543,39376,0.010000000018191797
17,40936,0,0.0,2474,1543,39393,0.010000000018010786
17,40953,0,0.0,2475,1543,39410,0.010000000017831575
17,40970,0,0.0,2476,1543,39427,0.01000000001765415
17,40987,0,0.0,2477,1543,39444,0.010000000017478486
17,41004,0,0.0,2478,1543,39461,0.010000000017304573
17,41021,0,0.0,2479,1544,39477,0.01000000001713239
17,41038,0,0.0,2480,1544,39494,0.01000000001696192
17,41055,0,0.0,2481,1544,39511,0.010000000016793145
17,41072,0,0.0,2482,1544,39528,0.010000000016626051
17,41089,0,0.0,2483,1544,39545,0.01000000001646062
17,41106,0,0.0,2484,1544,39562,0.010000000016296832
17,41123,0,0.0,2485,1544,39579,0.010000000016134677
17,41140,0,0.0,2486,1544,39596,0.010000000015974134
17,41157,0,0.0,2487,1545,39612,0.010000000015815188
17,41174,0,0.0,2488,1545,39629,0.010000000015657824
17,41191,0,0.0,2489,1545,39646,0.010000000015502027
17,41208,0,0.0,2490,1545,39663,0.010000000015347779
17,41225,0,0.0,2491,1545,39680,0.010000000015195066
17,41242,0,0.0,2492,1545,39697,0.010000000015043873
17,41259,0,0.0,2493,1545,39714,0.010000000014894183
17,41276,0,0.0,2494,1545,39731,0.010000000014745984
16,41292,0,0.0,2495,1546,39746,0.01000000001459926
17,41309,0,0.0,2496,1547,39762,0.010000000014453994
17,41326,0,0.0,2497,1547,39779,0.010000000014310175
17,41343,0,0.0,2498,1547,39796,0.010000000014167785
17,41360,0,0.0,2499,1547,39813,0.010000000014026815
17,41377,0,0.0,2500,1547,39830,0.010000000013887246
20,41397,0,0.0,2501,1549,39848,0.010000000013749065
17,41414,0,0.0,2502,1549,39865,0.010000000013612259
17,41431,0,0.0,2503,1549,39882,0.010000000013476815
17,41448,0,0.0,2504,1549,39899,0.010000000013342718
17,41465,0,0.0,2505,1550,39915,0.010000000013209956
17,41482,0,0.0,2506,1550,39932,0.010000000013078514
17,41499,0,0.0,2507,1550,39949,0.010000000012948382
17,41516,0,0.0,2508,1550,39966,0.010000000012819543
17,41533,0,0.0,2509,1550,39983,0.010000000012691987
17,41550,0,0.0,2510,1550,40000,0.010000000012565699
17,41567,0,0.0,2511,1550,40017,0.010000000012440668
17,41584,0,0.0,2512,1550,40034,0.010000000012316882
17,41601,0,0.0,2513,1550,40051,0.010000000012194326
17,41618,0,0.0,2514,1550,40068,0.01000000001207299
17,41635,0,0.0,2515,1550,40085,0.010000000011952863
17,41652,0,0.0,2516,1550,40102,0.01000000001183393
17,41669,0,0.0,2517,1550,40119,0.01000000001171618
17,41686,0,0.0,2518,1550,40136,0.010000000011599602
17,41703,0,0.0,2519,1550,40153,0.010000000011484184
17,41720,0,0.0,2520,1550,40170,0.010000000011369914
17,41737,0,0.0,2521,1550,40187,0.010000000011256782
17,41754,0,0.0,2522,1550,40204,0.010000000011144775
17,41771,0,0.0,2523,1550,40221,0.010000000011033882
17,41788,0,0.0,2524,1550,40238,0.010000000010924093
17,41805,0,0.0,2525,1550,40255,0.010000000010815397
23,41828,0,0.0,2526,1551,40277,0.010000000010707782
17,41845,0,0.0,2527,1551,40294,0.010000000010601239
17,41862,0,0.0,2528,1551,40311,0.010000000010495754
17,41879,0,0.0,2529,1551,40328,0.01000000001039132
17,41896,0,0.0,2530,1551,40345,0.010000000010287923
17,41913,0,0.0,2531,1551,40362,0.010000000010185557
16,41929,0,0.0,2532,1552,40377,0.01000000001008421
16,41945,0,0.0,2533,1554,40391,0.01000000000998387
17,41962,0,0.0,2534,1554,40408,0.01000000000988453
17,41979,0,0.0,2535,1554,40425,0.010000000009786176
17,41996,0,0.0,2536,1554,40442,0.010000000009688802
17,42013,0,0.0,2537,1554,40459,0.010000000009592397
17,42030,0,0.0,2538,1554,40476,0.01000000000949695
17,42047,0,0.0,2539,1554,40493,0.010000000009402455
17,42064,0,0.0,2540,1555,40509,0.0100000000093089
17,42081,0,0.0,2541,1555,40526,0.010000000009216274
17,42098,0,0.0,2542,1555,40543,0.010000000009124571
17,42115,0,0.0,2543,1556,40559,0.01000000000903378
17,42132,0,0.0,2544,1556,40576,0.010000000008943891
17,42149,0,0.0,2545,1556,40593,0.010000000008854898
17,42166,0,0.0,2546,1557,40609,0.010000000008766791
17,42183,0,0.0,2547,1557,40626,0.010000000008679559
17,42200,0,0.0,2548,1557,40643,0.010000000008593196
17,42217,0,0.0,2549,1557,40660,0.010000000008507693
17,42234,0,0.0,2550,1557,40677,0.01000000000842304
17,42251,0,0.0,2551,1557,40694,0.010000000008339229
17,42268,0,0.0,2552,1558,40710,0.010000000008256252
17,42285,0,0.0,2553,1558,40727,0.010000000008174102
17,42302,0,0.0,2554,1558,40744,0.010000000008092768
17,42319,0,0.0,2555,1558,40761,0.010000000008012244
17,42336,0,0.0,2556,1558,40778,0.010000000007932521
17,42353,0,0.0,2557,1558,40795,0.010000000007853591
17,42370,0,0.0,2558,1558,40812,0.010000000007775445
17,42387,0,0.0,2559,1558,40829,0.010000000007698078
17,42404,0,0.0,2560,1559,40845,0.010000000007621482
17,42421,0,0.0,2561,1559,40862,0.010000000007545647
17,42438,0,0.0,2562,1559,40879,0.010000000007470566
17,42455,0,0.0,2563,1559,40896,0.010000000007396233
17,42472,0,0.0,2564,1559,40913,0.01000000000732264
17,42489,0,0.0,2565,1559,40930,0.010000000007249777
17,42506,0,0.0,2566,1559,40947,0.01000000000717764
14,42520,0,0.0,2567,1560,40960,0.010000000007106222
17,42537,0,0.0,2568,1560,40977,0.010000000007035515
17,42554,0,0.0,2569,1560,40994,0.01000000000696551
17,42571,0,0.0,2570,1560,41011,0.010000000006896203
17,42588,0,0.0,2571,1561,41027,0.010000000006827584
17,42605,0,0.0,2572,1561,41044,0.010000000006759649
17,42622,0,0.0,2573,1561,41061,0.010000000006692388
17,42639,0,0.0,2574,1561,41078,0.010000000006625797
17,42656,0,0.0,2575,1561,41095,0.010000000006559871
17,42673,0,0.0,2576,1562,41111,0.010000000006494598
17,42690,0,0.0,2577,1562,41128,0.010000000006429977
17,42707,0,0.0,2578,1562,41145,0.010000000006365996
17,42724,0,0.0,2579,1562,41162,0.010000000006302655
17,42741,0,0.0,2580,1563,41178,0.010000000006239941
17,42758,0,0.0,2581,1563,41195,0.010000000006177854
17,42775,0,0.0,2582,1563,41212,0.010000000006116382
17,42792,0,0.0,2583,1563,41229,0.010000000006055523
17,42809,0,0.0,2584,1564,41245,0.01000000000599527
17,42826,0,0.0,2585,1564,41262,0.010000000005935617
17,42843,0,0.0,2586,1564,41279,0.010000000005876556
17,42860,0,0.0,2587,1565,41295,0.010000000005818082
17,42877,0,0.0,2588,1565,41312,0.010000000005760193
17,42894,0,0.0,2589,1565,41329,0.010000000005702878
17,42911,0,0.0,2590,1566,41345,0.010000000005646133
17,42928,0,0.0,2591,1566,41362,0.010000000005589952
17,42945,0,0.0,2592,1566,41379,0.010000000005534332
17,42962,0,0.0,2593,1566,41396,0.010000000005479265
17,42979,0,0.0,2594,1566,41413,0.010000000005424744
17,42996,0,0.0,2595,1566,41430,0.010000000005370768
17,43013,0,0.0,2596,1567,41446,0.010000000005317327
17,43030,0,0.0,2597,1567,41463,0.01000000000526442
17,43047,0,0.0,2598,1568,41479,0.010000000005212038
17,43064,0,0.0,2599,1568,41496,0.010000000005160176
17,43081,0,0.0,2600,1568,41513,0.010000000005108832
17,43098,0,0.0,2601,1568,41530,0.010000000005057998
17,43115,0,0.0,2602,1568,41547,0.01000000000500767
17,43132,0,0.0,2603,1568,41564,0.010000000004957843
17,43149,0,0.0,2604,1568,41581,0.010000000004908511
17,43166,0,0.0,2605,1568,41598,0.010000000004859672
17,43183,0,0.0,2606,1568,41615,0.010000000004811316
17,43200,0,0.0,2607,1568,41632,0.010000000004763443
16,43216,0,0.0,2608,1569,41647,0.010000000004716047
17,43233,0,0.0,2609,1569,41664,0.010000000004669121
17,43250,0,0.0,2610,1569,41681,0.010000000004622662
17,43267,0,0.0,2611,1569,41698,0.010000000004576666
17,43284,0,0.0,2612,1569,41715,0.010000000004531127
17,43301,0,0.0,2613,1570,41731,0.010000000004486042
17,43318,0,0.0,2614,1570,41748,0.010000000004441406
17,43335,0,0.0,2615,1570,41765,0.010000000004397212
17,43352,0,0.0,2616,1570,41782,0.010000000004353459
17,43369,0,0.0,2617,1570,41799,0.010000000004310143
17,43386,0,0.0,2618,1570,41816,0.010000000004267255
17,43403,0,0.0,2619,1571,41832,0.010000000004224796
17,43420,0,0.0,2620,1571,41849,0.010000000004182759
17,43437,0,0.0,2621,1571,41866,0.010000000004141139
17,43454,0,0.0,2622,1571,41883,0.010000000004099934
17,43471,0,0.0,2623,1571,41900,0.010000000004059139
17,43488,0,0.0,2624,1571,41917,0.010000000004018749
17,43505,0,0.0,2625,1571,41934,0.010000000003978762
17,43522,0,0.0,2626,1571,41951,0.010000000003939174
17,43539,0,0.0,2627,1572,41967,0.010000000003899978
17,43556,0,0.0,2628,1572,41984,0.010000000003861172
17,43573,0,0.0,2629,1572,42001,0.010000000003822753
17,43590,0,0.0,2630,1573,42017,0.010000000003784716
17,43607,0,0.0,2631,1573,42034,0.010000000003747057
17,43624,0,0.0,2632,1573,42051,0.010000000003709774
13,43637,0,0.0,2633,1574,42063,0.01000000000367286
17,43654,0,0.0,2634,1574,42080,0.010000000003636315
17,43671,0,0.0,2635,1574,42097,0.010000000003600133
17,43688,0,0.0,2636,1574,42114,0.01000000000356431
17,43705,0,0.0,2637,1574,42131,0.010000000003528846
17,43722,0,0.0,2638,1574,42148,0.010000000003493733
17,43739,0,0.0,2639,1574,42165,0.01000000000345897
17,43756,0,0.0,2640,1574,42182,0.010000000003424553
17,43773,0,0.0,2641,1574,42199,0.010000000003390477
17,43790,0,0.0,2642,1574,42216,0.010000000003356742
17,43807,0,0.0,2643,1574,42233,0.010000000003323342
17,43824,0,0.0,2644,1574,42250,0.010000000003290275
17,43841,0,0.0,2645,1574,42267,0.010000000003257535
17,43858,0,0.0,2646,1574,42284,0.010000000003225122
17,43875,0,0.0,2647,1575,42300,0.010000000003193031
17,43892,0,0.0,2648,1575,42317,0.01000000000316126
17,43909,0,0.0,2649,1578,42331,0.010000000003129806
17,43926,0,0.0,2650,1578,42348,0.010000000003098664
17,43943,0,0.0,2651,1578,42365,0.010000000003067831
16,43959,0,0.0,2652,1580,42379,0.010000000003037305
17,43976,0,0.0,2653,1580,42396,0.010000000003007084
17,43993,0,0.0,2654,1580,42413,0.010000000002977164
17,44010,0,0.0,2655,1580,42430,0.01000000000294754
17,44027,0,0.0,2656,1580,42447,0.010000000002918211
17,44044,0,0.0,2657,1581,42463,0.010000000002889175
17,44061,0,0.0,2658,1581,42480,0.010000000002860427
17,44078,0,0.0,2659,1582,42496,0.010000000002831966
17,44095,0,0.0,2660,1582,42513,0.010000000002803787
17,44112,0,0.0,2661,1582,42530,0.010000000002775889
17,44129,0,0.0,2662,1582,42547,0.010000000002748267
17,44146,0,0.0,2663,1582,42564,0.010000000002720923
17,44163,0,0.0,2664,1582,42581,0.010000000002693849
17,44180,0,0.0,2665,1582,42598,0.010000000002667044
17,44197,0,0.0,2666,1582,42615,0.010000000002640506
17,44214,0,0.0,2667,1582,42632,0.010000000002614234
17,44231,0,0.0,2668,1583,42648,0.010000000002588222
17,44248,0,0.0,2669,1584,42664,0.010000000002562468
17,44265,0,0.0,2670,1584,42681,0.01000000000253697
17,44282,0,0.0,2671,1584,42698,0.010000000002511727
23,44305,0,0.0,2672,1585,42720,0.010000000002486735
17,44322,0,0.0,2673,1585,42737,0.010000000002461993
17,44339,0,0.0,2674,1585,42754,0.010000000002437495
17,44356,0,0.0,2675,1585,42771,0.010000000002413242
17,44373,0,0.0,2676,1586,42787,0.01000000000238923
17,44390,0,0.0,2677,1587,42803,0.010000000002365455
17,44407,0,0.0,2678,1587,42820,0.01000000000234192
17,44424,0,0.0,2679,1587,42837,0.010000000002318618
17,44441,0,0.0,2680,1587,42854,0.010000000002295546
17,44458,0,0.0,2681,1587,42871,0.010000000002272705
17,44475,0,0.0,2682,1587,42888,0.010000000002250091
17,44492,0,0.0,2683,1587,42905,0.010000000002227703
17,44509,0,0.0,2684,1587,42922,0.010000000002205536
17,44526,0,0.0,2685,1587,42939,0.010000000002183592
17,44543,0,0.0,2686,1588,42955,0.010000000002161865
17,44560,0,0.0,2687,1588,42972,0.010000000002140354
17,44577,0,0.0,2688,1588,42989,0.010000000002119057
17,44594,0,0.0,2689,1588,43006,0.010000000002097971
17,44611,0,0.0,2690,1588,43023,0.010000000002077096
17,44628,0,0.0,2691,1588,43040,0.010000000002056428
17,44645,0,0.0,2692,1588,43057,0.010000000002035967
17,44662,0,0.0,2693,1588,43074,0.010000000002015709
17,44679,0,0.0,2694,1588,43091,0.010000000001995652
17,44696,0,0.0,2695,1588,43108,0.010000000001975795
17,44713,0,0.0,2696,1588,43125,0.010000000001956135
17,44730,0,0.0,2697,1588,43142,0.010000000001936672
17,44747,0,0.0,2698,1588,43159,0.010000000001917402
17,44764,0,0.0,2699,1588,43176,0.010000000001898324
17,44781,0,0.0,2700,1588,43193,0.010000000001879434
17,44798,0,0.0,2701,1589,43209,0.010000000001860734
17,44815,0,0.0,2702,1590,43225,0.01000000000184222
23,44838,0,0.0,2703,1592,43246,0.010000000001823888
17,44855,0,0.0,2704,1592,43263,0.010000000001805742
17,44872,0,0.0,2705,1592,43280,0.010000000001787773
17,44889,0,0.0,2706,1593,43296,0.010000000001769985
17,44906,0,0.0,2707,1593,43313,0.010000000001752373
17,44923,0,0.0,2708,1593,43330,0.010000000001734937
17,44940,0,0.0,2709,1593,43347,0.010000000001717673
17,44957,0,0.0,2710,1593,43364,0.010000000001700583
17,44974,0,0.0,2711,1593,43381,0.010000000001683662
17,44991,0,0.0,2712,1593,43398,0.010000000001666908
17,45008,0,0.0,2713,1593,43415,0.010000000001650322
17,45025,0,0.0,2714,1593,43432,0.010000000001633902
17,45042,0,0.0,2715,1593,43449,0.010000000001617644
17,45059,0,0.0,2716,1593,43466,0.010000000001601549
17,45076,0,0.0,2717,1593,43483,0.010000000001585612
17,45093,0,0.0,2718,1594,43499,0.010000000001569836
17,45110,0,0.0,2719,1594,43516,0.010000000001554215
17,45127,0,0.0,2720,1595,43532,0.01000000000153875
17,45144,0,0.0,2721,1595,43549,0.01000000000152344
17,45161,0,0.0,2722,1595,43566,0.010000000001508282
17,45178,0,0.0,2723,1595,43583,0.010000000001493274
17,45195,0,0.0,2724,1595,43600,0.010000000001478415
17,45212,0,0.0,2725,1595,43617,0.010000000001463704
17,45229,0,0.0,2726,1595,43634,0.010000000001449141
17,45246,0,0.0,2727,1595,43651,0.010000000001434722
17,45263,0,0.0,2728,1595,43668,0.010000000001420446
17,45280,0,0.0,2729,1595,43685,0.010000000001406313
17,45297,0,0.0,2730,1595,43702,0.010000000001392319
17,45314,0,0.0,2731,1595,43719,0.010000000001378465
17,45331,0,0.0,2732,1595,43736,0.010000000001364749
17,45348,0,0.0,2733,1595,43753,0.01000000000135117
17,45365,0,0.0,2734,1595,43770,0.010000000001337725
17,45382,0,0.0,2735,1595,43787,0.010000000001324415
17,45399,0,0.0,2736,1596,43803,0.010000000001311238
17,45416,0,0.0,2737,1596,43820,0.01000000000129819
17,45433,0,0.0,2738,1596,43837,0.010000000001285272
17,45450,0,0.0,2739,1596,43854,0.010000000001272484
17,45467,0,0.0,2740,1596,43871,0.010000000001259822
17,45484,0,0.0,2741,1596,43888,0.010000000001247287
17,45501,0,0.0,2742,1596,43905,0.010000000001234877
17,45518,0,0.0,2743,1596,43922,0.01000000000122259
17,45535,0,0.0,2744,1597,43938,0.010000000001210424
17,45552,0,0.0,2745,1598,43954,0.01000000000119838
17,45569,0,0.0,2746,1598,43971,0.010000000001186456
17,45586,0,0.0,2747,1598,43988,0.01000000000117465
17,45603,0,0.0,2748,1598,44005,0.010000000001162962
17,45620,0,0.0,2749,1598,44022,0.010000000001151392
17,45637,0,0.0,2750,1599,44038,0.010000000001139934
17,45654,0,0.0,2751,1599,44055,0.010000000001128592
17,45671,0,0.0,2752,1599,44072,0.010000000001117362
17,45688,0,0.0,2753,1599,44089,0.010000000001106244
17,45705,0,0.0,2754,1599,44106,0.010000000001095237
17,45722,0,0.0,2755,1599,44123,0.01000000000108434
17,45739,0,0.0,2756,1599,44140,0.01000000000107355
17,45756,0,0.0,2757,1599,44157,0.010000000001062869
17,45773,0,0.0,2758,1600,44173,0.010000000001052292
17,45790,0,0.0,2759,1601,44189,0.010000000001041821
17,45807,0,0.0,2760,1601,44206,0.010000000001031456
17,45824,0,0.0,2761,1601,44223,0.010000000001021192
17,45841,0,0.0,2762,1601,44240,0.010000000001011032
17,45858,0,0.0,2763,1602,44256,0.010000000001000972
17,45875,0,0.0,2764,1602,44273,0.010000000000991011
17,45892,0,0.0,2765,1602,44290,0.010000000000981151
17,45909,0,0.0,2766,1602,44307,0.010000000000971388
17,45926,0,0.0,2767,1603,44323,0.010000000000961722
17,45943,0,0.0,2768,1603,44340,0.010000000000952153
17,45960,0,0.0,2769,1603,44357,0.01000000000094268
17,45977,0,0.0,2770,1603,44374,0.010000000000933299
17,45994,0,0.0,2771,1603,44391,0.010000000000924013
17,46011,0,0.0,2772,1604,44407,0.010000000000914819
17,46028,0,0.0,2773,1604,44424,0.010000000000905717
17,46045,0,0.0,2774,1604,44441,0.010000000000896705
17,46062,0,0.0,2775,1604,44458,0.010000000000887781
17,46079,0,0.0,2776,1604,44475,0.010000000000878948
17,46096,0,0.0,2777,1604,44492,0.010000000000870203
17,46113,0,0.0,2778,1604,44509,0.010000000000861544
17,46130,0,0.0,2779,1604,44526,0.010000000000852972
17,46147,0,0.0,2780,1604,44543,0.010000000000844484
17,46164,0,0.0,2781,1604,44560,0.010000000000836081
17,46181,0,0.0,2782,1604,44577,0.010000000000827762
17,46198,0,0.0,2783,1604,44594,0.010000000000819527
17,46215,0,0.0,2784,1604,44611,0.010000000000811372
17,46232,0,0.0,2785,1604,44628,0.010000000000803299
17,46249,0,0.0,2786,1605,44644,0.010000000000795305
17,46266,0,0.0,2787,1605,44661,0.010000000000787393
17,46283,0,0.0,2788,1605,44678,0.010000000000779557
17,46300,0,0.0,2789,1605,44695,0.010000000000771801
17,46317,0,0.0,2790,1605,44712,0.010000000000764122
17,46334,0,0.0,2791,1605,44729,0.010000000000756518
17,46351,0,0.0,2792,1606,44745,0.010000000000748991
17,46368,0,0.0,2793,1606,44762,0.010000000000741537
17,46385,0,0.0,2794,1606,44779,0.01000000000073416
17,46402,0,0.0,2795,1606,44796,0.010000000000726855
17,46419,0,0.0,2796,1606,44813,0.010000000000719622
17,46436,0,0.0,2797,1606,44830,0.010000000000712462
2,46438,0,0.0,2798,1607,44831,0.010000000000705373
17,46455,0,0.0,2799,1607,44848,0.010000000000698355
16,46471,0,0.0,2800,1608,44863,0.010000000000691405
17,46488,0,0.0,2801,1608,44880,0.010000000000684526
17,46505,0,0.0,2802,1608,44897,0.010000000000677715
17,46522,0,0.0,2803,1608,44914,0.010000000000670972
17,46539,0,0.0,2804,1608,44931,0.010000000000664295
17,46556,0,0.0,2805,1608,44948,0.010000000000657686
17,46573,0,0.0,2806,1608,44965,0.01000000000065114
17,46590,0,0.0,2807,1608,44982,0.010000000000644662
17,46607,0,0.0,2808,1609,44998,0.010000000000638248
17,46624,0,0.0,2809,1610,45014,0.010000000000631898
17,46641,0,0.0,2810,1610,45031,0.01000000000062561
17,46658,0,0.0,2811,1610,45048,0.010000000000619385
17,46675,0,0.0,2812,1610,45065,0.010000000000613221
17,46692,0,0.0,2813,1610,45082,0.01000000000060712
17,46709,0,0.0,2814,1610,45099,0.010000000000601078
17,46726,0,0.0,2815,1610,45116,0.010000000000595099
17,46743,0,0.0,2816,1610,45133,0.010000000000589176
17,46760,0,0.0,2817,1610,45150,0.010000000000583315
17,46777,0,0.0,2818,1610,45167,0.01000000000057751
17,46794,0,0.0,2819,1610,45184,0.010000000000571763
17,46811,0,0.0,2820,1610,45201,0.010000000000566075
17,46828,0,0.0,2821,1610,45218,0.010000000000560443
17,46845,0,0.0,2822,1610,45235,0.010000000000554865
17,46862,0,0.0,2823,1610,45252,0.010000000000549345
16,46878,0,0.0,2824,1611,45267,0.01000000000054388
17,46895,0,0.0,2825,1611,45284,0.010000000000538467
17,46912,0,0.0,2826,1612,45300,0.010000000000533108
17,46929,0,0.0,2827,1612,45317,0.010000000000527805
17,46946,0,0.0,2828,1613,45333,0.010000000000522553
17,46963,0,0.0,2829,1613,45350,0.010000000000517354
17,46980,0,0.0,2830,1613,45367,0.010000000000512205
23,47003,0,0.0,2831,1614,45389,0.010000000000507108
17,47020,0,0.0,2832,1614,45406,0.010000000000502064
17,47037,0,0.0,2833,1614,45423,0.010000000000497068
23,47060,0,0.0,2834,1615,45445,0.010000000000492122
17,47077,0,0.0,2835,1615,45462,0.010000000000487225
17,47094,0,0.0,2836,1615,45479,0.010000000000482376
17,47111,0,0.0,2837,1615,45496,0.010000000000477578
17,47128,0,0.0,2838,1616,45512,0.010000000000472825
17,47145,0,0.0,2839,1616,45529,0.01000000000046812
17,47162,0,0.0,2840,1616,45546,0.010000000000463463
17,47179,0,0.0,2841,1616,45563,0.010000000000458852
17,47196,0,0.0,2842,1616,45580,0.010000000000454286
17,47213,0,0.0,2843,1617,45596,0.010000000000449765
17,47230,0,0.0,2844,1617,45613,0.01000000000044529
17,47247,0,0.0,2845,1617,45630,0.01000000000044086
17,47264,0,0.0,2846,1617,45647,0.010000000000436472
17,47281,0,0.0,2847,1618,45663,0.01000000000043213
17,47298,0,0.0,2848,1618,45680,0.01000000000042783
17,47315,0,0.0,2849,1618,45697,0.010000000000423573
17,47332,0,0.0,2850,1618,45714,0.01000000000041936
17,47349,0,0.0,2851,1618,45731,0.010000000000415185
17,47366,0,0.0,2852,1618,45748,0.010000000000411055
17,47383,0,0.0,2853,1618,45765,0.010000000000406965
17,47400,0,0.0,2854,1618,45782,0.010000000000402916
17,47417,0,0.0,2855,1618,45799,0.010000000000398907
17,47434,0,0.0,2856,1618,45816,0.010000000000394938
17,47451,0,0.0,2857,1618,45833,0.010000000000391007
17,47468,0,0.0,2858,1618,45850,0.010000000000387118
17,47485,0,0.0,2859,1618,45867,0.010000000000383265
17,47502,0,0.0,2860,1618,45884,0.010000000000379452
17,47519,0,0.0,2861,1618,45901,0.010000000000375675
17,47536,0,0.0,2862,1618,45918,0.010000000000371937
17,47553,0,0.0,2863,1618,45935,0.010000000000368237
17,47570,0,0.0,2864,1618,45952,0.010000000000364573
17,47587,0,0.0,2865,1618,45969,0.010000000000360946
17,47604,0,0.0,2866,1618,45986,0.010000000000357353
17,47621,0,0.0,2867,1618,46003,0.010000000000353799
17,47638,0,0.0,2868,1618,46020,0.010000000000350277
17,47655,0,0.0,2869,1618,46037,0.010000000000346792
17,47672,0,0.0,2870,1618,46054,0.010000000000343342
17,47689,0,0.0,2871,1618,46071,0.010000000000339926
17,47706,0,0.0,2872,1618,46088,0.010000000000336544
17,47723,0,0.0,2873,1618,46105,0.010000000000333194
17,47740,0,0.0,2874,1618,46122,0.010000000000329879
17,47757,0,0.0,2875,1618,46139,0.010000000000326597
17,47774,0,0.0,2876,1619,46155,0.010000000000323347
17,47791,0,0.0,2877,1619,46172,0.01000000000032013
17,47808,0,0.0,2878,1619,46189,0.010000000000316945
17,47825,0,0.0,2879,1619,46206,0.010000000000313791
17,47842,0,0.0,2880,1619,46223,0.010000000000310668
17,47859,0,0.0,2881,1619,46240,0.010000000000307577
17,47876,0,0.0,2882,1619,46257,0.010000000000304517
17,47893,0,0.0,2883,1619,46274,0.010000000000301486
17,47910,0,0.0,2884,1619,46291,0.010000000000298487
17,47927,0,0.0,2885,1619,46308,0.010000000000295517
17,47944,0,0.0,2886,1619,46325,0.010000000000292577
17,47961,0,0.0,2887,1620,46341,0.010000000000289666
13,47974,0,0.0,2888,1622,46352,0.010000000000286783
23,47997,0,0.0,2889,1624,46373,0.01000000000028393
17,48014,0,0.0,2890,1625,46389,0.010000000000281105
17,48031,0,0.0,2891,1625,46406,0.010000000000278307
17,48048,0,0.0,2892,1625,46423,0.010000000000275538
17,48065,0,0.0,2893,1625,46440,0.010000000000272796
17,48082,0,0.0,2894,1625,46457,0.010000000000270083
17,48099,0,0.0,2895,1625,46474,0.010000000000267396
17,48116,0,0.0,2896,1626,46490,0.010000000000264735
17,48133,0,0.0,2897,1626,46507,0.0100000000002621
17,48150,0,0.0,2898,1626,46524,0.010000000000259492
17,48167,0,0.0,2899,1626,46541,0.010000000000256911
17,48184,0,0.0,2900,1626,46558,0.010000000000254354
17,48201,0,0.0,2901,1626,46575,0.010000000000251823
17,48218,0,0.0,2902,1626,46592,0.010000000000249318
17,48235,0,0.0,2903,1626,46609,0.010000000000246837
6,48241,0,0.0,2904,1627,46614,0.010000000000244381
17,48258,0,0.0,2905,1627,46631,0.010000000000241949
17,48275,0,0.0,2906,1627,46648,0.010000000000239541
17,48292,0,0.0,2907,1627,46665,0.010000000000237158
17,48309,0,0.0,2908,1627,46682,0.010000000000234799
17,48326,0,0.0,2909,1627,46699,0.010000000000232462
17,48343,0,0.0,2910,1627,46716,0.01000000000023015
17,48360,0,0.0,2911,1627,46733,0.01000000000022786
17,48377,0,0.0,2912,1627,46750,0.010000000000225592
17,48394,0,0.0,2913,1627,46767,0.010000000000223348
17,48411,0,0.0,2914,1627,46784,0.010000000000221125
17,48428,0,0.0,2915,1627,46801,0.010000000000218924
17,48445,0,0.0,2916,1627,46818,0.010000000000216747
16,48461,0,0.0,2917,1628,46833,0.010000000000214589
17,48478,0,0.0,2918,1628,46850,0.010000000000212454
17,48495,0,0.0,2919,1629,46866,0.01000000000021034
17,48512,0,0.0,2920,1629,46883,0.010000000000208247
17,48529,0,0.0,2921,1630,46899,0.010000000000206176
17,48546,0,0.0,2922,1630,46916,0.010000000000204123
17,48563,0,0.0,2923,1630,46933,0.010000000000202092
17,48580,0,0.0,2924,1630,46950,0.010000000000200081
17,48597,0,0.0,2925,1630,46967,0.010000000000198092
16,48613,0,0.0,2926,1631,46982,0.01000000000019612
17,48630,0,0.0,2927,1631,46999,0.010000000000194168
17,48647,0,0.0,2928,1631,47016,0.010000000000192237
17,48664,0,0.0,2929,1631,47033,0.010000000000190324
17,48681,0,0.0,2930,1631,47050,0.01000000000018843
17,48698,0,0.0,2931,1632,47066,0.010000000000186556
17,48715,0,0.0,2932,1632,47083,0.0100000000001847
17,48732,0,0.0,2933,1632,47100,0.010000000000182861
17,48749,0,0.0,2934,1632,47117,0.010000000000181041
5,48754,0,0.0,2935,1633,47121,0.01000000000017924
17,48771,0,0.0,2936,1633,47138,0.010000000000177457
17,48788,0,0.0,2937,1633,47155,0.010000000000175691
17,48805,0,0.0,2938,1633,47172,0.010000000000173943
17,48822,0,0.0,2939,1633,47189,0.010000000000172211
17,48839,0,0.0,2940,1633,47206,0.0100000000001705
17,48856,0,0.0,2941,1634,47222,0.010000000000168803
17,48873,0,0.0,2942,1634,47239,0.010000000000167122
17,48890,0,0.0,2943,1634,47256,0.01000000000016546
17,48907,0,0.0,2944,1634,47273,0.010000000000163814
19,48926,0,0.0,2945,1636,47290,0.010000000000162183
17,48943,0,0.0,2946,1636,47307,0.01000000000016057
17,48960,0,0.0,2947,1636,47324,0.010000000000158972
17,48977,0,0.0,2948,1636,47341,0.01000000000015739
17,48994,0,0.0,2949,1636,47358,0.010000000000155823
17,49011,0,0.0,2950,1637,47374,0.010000000000154274
17,49028,0,0.0,2951,1637,47391,0.01000000000015274
17,49045,0,0.0,2952,1638,47407,0.01000000000015122
17,49062,0,0.0,2953,1638,47424,0.010000000000149714
16,49078,0,0.0,2954,1640,47438,0.010000000000148224
17,49095,0,0.0,2955,1640,47455,0.01000000000014675
17,49112,0,0.0,2956,1640,47472,0.01000000000014529
17,49129,0,0.0,2957,1640,47489,0.010000000000143843
17,49146,0,0.0,2958,1640,47506,0.010000000000142412
17,49163,0,0.0,2959,1640,47523,0.010000000000140995
17,49180,0,0.0,2960,1640,47540,0.010000000000139592
17,49197,0,0.0,2961,1640,47557,0.010000000000138204
17,49214,0,0.0,2962,1640,47574,0.010000000000136828
17,49231,0,0.0,2963,1640,47591,0.010000000000135466
17,49248,0,0.0,2964,1640,47608,0.010000000000134119
27,49275,0,0.0,2965,1641,47634,0.010000000000132785
17,49292,0,0.0,2966,1641,47651,0.010000000000131463
17,49309,0,0.0,2967,1641,47668,0.010000000000130155
17,49326,0,0.0,2968,1641,47685,0.01000000000012886
17,49343,0,0.0,2969,1641,47702,0.010000000000127579
17,49360,0,0.0,2970,1641,47719,0.010000000000126309
17,49377,0,0.0,2971,1641,47736,0.010000000000125051
17,49394,0,0.0,2972,1641,47753,0.010000000000123807
17,49411,0,0.0,2973,1641,47770,0.010000000000122576
23,49434,0,0.0,2974,1642,47792,0.010000000000121356
17,49451,0,0.0,2975,1642,47809,0.010000000000120149
17,49468,0,0.0,2976,1642,47826,0.010000000000118954
17,49485,0,0.0,2977,1642,47843,0.010000000000117769
17,49502,0,0.0,2978,1642,47860,0.010000000000116598
17,49519,0,0.0,2979,1642,47877,0.010000000000115437
17,49536,0,0.0,2980,1642,47894,0.010000000000114289
17,49553,0,0.0,2981,1642,47911,0.010000000000113151
17,49570,0,0.0,2982,1642,47928,0.010000000000112025
17,49587,0,0.0,2983,1642,47945,0.010000000000110911
17,49604,0,0.0,2984,1642,47962,0.010000000000109808
17,49621,0,0.0,2985,1642,47979,0.010000000000108715
17,49638,0,0.0,2986,1642,47996,0.010000000000107633
17,49655,0,0.0,2987,1642,48013,0.010000000000106563
17,49672,0,0.0,2988,1642,48030,0.010000000000105503
17,49689,0,0.0,2989,1643,48046,0.010000000000104451
17,49706,0,0.0,2990,1643,48063,0.010000000000103412
17,49723,0,0.0,2991,1643,48080,0.010000000000102384
17,49740,0,0.0,2992,1643,48097,0.010000000000101365
17,49757,0,0.0,2993,1643,48114,0.010000000000100356
23,49780,0,0.0,2994,1645,48135,0.010000000000099358
17,49797,0,0.0,2995,1645,48152,0.01000000000009837
17,49814,0,0.0,2996,1645,48169,0.010000000000097391
17,49831,0,0.0,2997,1645,48186,0.010000000000096421
17,49848,0,0.0,2998,1645,48203,0.010000000000095462
17,49865,0,0.0,2999,1645,48220,0.010000000000094511
17,49882,0,0.0,3000,1645,48237,0.010000000000093571
17,49899,0,0.0,3001,1645,48254,0.010000000000092641
17,49916,0,0.0,3002,1646,48270,0.010000000000091719
17,49933,0,0.0,3003,1647,48286,0.010000000000090806
17,49950,0,0.0,3004,1647,48303,0.010000000000089902
17,49967,0,0.0,3005,1647,48320,0.010000000000089009
17,49984,0,0.0,3006,1650,48334,0.010000000000088122
17,50001,0,0.0,3007,1650,48351,0.010000000000087246
17,50018,0,0.0,3008,1650,48368,0.010000000000086377
17,50035,0,0.0,3009,1650,48385,0.010000000000085519
17,50052,0,0.0,3010,1650,48402,0.010000000000084667
17,50069,0,0.0,3011,1650,48419,0.010000000000083826
17,50086,0,0.0,3012,1650,48436,0.010000000000082991
17,50103,0,0.0,3013,1650,48453,0.010000000000082165
17,50120,0,0.0,3014,1650,48470,0.010000000000081347
17,50137,0,0.0,3015,1650,48487,0.010000000000080538
17,50154,0,0.0,3016,1650,48504,0.010000000000079737
23,50177,0,0.0,3017,1651,48526,0.010000000000078944
17,50194,0,0.0,3018,1651,48543,0.010000000000078158
17,50211,0,0.0,3019,1651,48560,0.01000000000007738
17,50228,0,0.0,3020,1651,48577,0.01000000000007661
17,50245,0,0.0,3021,1651,48594,0.010000000000075848
17,50262,0,0.0,3022,1651,48611,0.010000000000075093
27,50289,0,0.0,3023,1652,48637,0.010000000000074345
17,50306,0,0.0,3024,1652,48654,0.010000000000073606
17,50323,0,0.0,3025,1652,48671,0.010000000000072874
17,50340,0,0.0,3026,1653,48687,0.010000000000072149
23,50363,0,0.0,3027,1654,48709,0.010000000000071431
17,50380,0,0.0,3028,1654,48726,0.01000000000007072
17,50397,0,0.0,3029,1654,48743,0.010000000000070017
17,50414,0,0.0,3030,1654,48760,0.01000000000006932
17,50431,0,0.0,3031,1654,48777,0.01000000000006863
17,50448,0,0.0,3032,1654,48794,0.010000000000067948
17,50465,0,0.0,3033,1654,48811,0.010000000000067271
17,50482,0,0.0,3034,1654,48828,0.010000000000066601
17,50499,0,0.0,3035,1655,48844,0.010000000000065939
17,50516,0,0.0,3036,1655,48861,0.010000000000065283
17,50533,0,0.0,3037,1655,48878,0.010000000000064633
17,50550,0,0.0,3038,1655,48895,0.01000000000006399
17,50567,0,0.0,3039,1655,48912,0.010000000000063354
17,50584,0,0.0,3040,1655,48929,0.010000000000062723
17,50601,0,0.0,3041,1655,48946,0.010000000000062098
17,50618,0,0.0,3042,1655,48963,0.01000000000006148
17,50635,0,0.0,3043,1655,48980,0.01000000000006087
17,50652,0,0.0,3044,1655,48997,0.010000000000060265
17,50669,0,0.0,3045,1655,49014,0.010000000000059664
17,50686,0,0.0,3046,1655,49031,0.010000000000059071
17,50703,0,0.0,3047,1655,49048,0.010000000000058483
17,50720,0,0.0,3048,1656,49064,0.0100000000000579
17,50737,0,0.0,3049,1656,49081,0.010000000000057324
17,50754,0,0.0,3050,1656,49098,0.010000000000056753
17,50771,0,0.0,3051,1656,49115,0.01000000000005619
17,50788,0,0.0,3052,1656,49132,0.010000000000055631
17,50805,0,0.0,3053,1656,49149,0.010000000000055078
17,50822,0,0.0,3054,1656,49166,0.01000000000005453
16,50838,0,0.0,3055,1657,49181,0.010000000000053987
17,50855,0,0.0,3056,1658,49197,0.010000000000053449
17,50872,0,0.0,3057,1658,49214,0.010000000000052918
17,50889,0,0.0,3058,1658,49231,0.01000000000005239
17,50906,0,0.0,3059,1659,49247,0.01000000000005187
17,50923,0,0.0,3060,1659,49264,0.010000000000051353
17,50940,0,0.0,3061,1659,49281,0.010000000000050843
17,50957,0,0.0,3062,1659,49298,0.010000000000050337
17,50974,0,0.0,3063,1660,49314,0.010000000000049835
17,50991,0,0.0,3064,1660,49331,0.01000000000004934
17,51008,0,0.0,3065,1660,49348,0.010000000000048848
16,51024,0,0.0,3066,1661,49363,0.010000000000048363
17,51041,0,0.0,3067,1661,49380,0.010000000000047882
17,51058,0,0.0,3068,1661,49397,0.010000000000047405
17,51075,0,0.0,3069,1661,49414,0.010000000000046933
17,51092,0,0.0,3070,1661,49431,0.010000000000046467
17,51109,0,0.0,3071,1662,49447,0.010000000000046003
17,51126,0,0.0,3072,1662,49464,0.010000000000045547
17,51143,0,0.0,3073,1662,49481,0.010000000000045093
17,51160,0,0.0,3074,1662,49498,0.010000000000044645
17,51177,0,0.0,3075,1662,49515,0.010000000000044201
17,51194,0,0.0,3076,1662,49532,0.01000000000004376
17,51211,0,0.0,3077,1662,49549,0.010000000000043325
17,51228,0,0.0,3078,1662,49566,0.010000000000042895
16,51244,0,0.0,3079,1663,49581,0.010000000000042468
17,51261,0,0.0,3080,1663,49598,0.010000000000042045
17,51278,0,0.0,3081,1663,49615,0.010000000000041627
17,51295,0,0.0,3082,1663,49632,0.010000000000041212
17,51312,0,0.0,3083,1663,49649,0.010000000000040803
16,51328,0,0.0,3084,1664,49664,0.010000000000040397
17,51345,0,0.0,3085,1664,49681,0.010000000000039994
17,51362,0,0.0,3086,1664,49698,0.010000000000039595
17,51379,0,0.0,3087,1664,49715,0.010000000000039201
17,51396,0,0.0,3088,1664,49732,0.010000000000038813
17,51413,0,0.0,3089,1664,49749,0.010000000000038426
17,51430,0,0.0,3090,1665,49765,0.010000000000038043
17,51447,0,0.0,3091,1666,49781,0.010000000000037665
17,51464,0,0.0,3092,1666,49798,0.01000000000003729
17,51481,0,0.0,3093,1666,49815,0.010000000000036919
17,51498,0,0.0,3094,1666,49832,0.010000000000036553
17,51515,0,0.0,3095,1666,49849,0.010000000000036188
17,51532,0,0.0,3096,1666,49866,0.010000000000035827
17,51549,0,0.0,3097,1666,49883,0.010000000000035472
17,51566,0,0.0,3098,1666,49900,0.010000000000035118
17,51583,0,0.0,3099,1666,49917,0.01000000000003477
17,51600,0,0.0,3100,1667,49933,0.010000000000034424
17,51617,0,0.0,3101,1667,49950,0.01000000000003408
17,51634,0,0.0,3102,1667,49967,0.010000000000033742
17,51651,0,0.0,3103,1667,49984,0.010000000000033406
17,51668,0,0.0,3104,1667,50001,0.010000000000033073
17,51685,0,0.0,3105,1668,50017,0.010000000000032745
17,51702,0,0.0,3106,1668,50034,0.010000000000032419
17,51719,0,0.0,3107,1668,50051,0.010000000000032096
17,51736,0,0.0,3108,1668,50068,0.010000000000031777
17,51753,0,0.0,3109,1668,50085,0.010000000000031461
17,51770,0,0.0,3110,1668,50102,0.010000000000031147
16,51786,0,0.0,3111,1669,50117,0.010000000000030838
17,51803,0,0.0,3112,1669,50134,0.010000000000030531
17,51820,0,0.0,3113,1669,50151,0.010000000000030228
17,51837,0,0.0,3114,1669,50168,0.010000000000029926
17,51854,0,0.0,3115,1669,50185,0.010000000000029628
17,51871,0,0.0,3116,1669,50202,0.010000000000029334
17,51888,0,0.0,3117,1669,50219,0.010000000000029041
17,51905,0,0.0,3118,1669,50236,0.010000000000028753
17,51922,0,0.0,3119,1670,50252,0.010000000000028467
17,51939,0,0.0,3120,1670,50269,0.010000000000028184
17,51956,0,0.0,3121,1670,50286,0.010000000000027903
17,51973,0,0.0,3122,1670,50303,0.010000000000027626
17,51990,0,0.0,3123,1670,50320,0.01000000000002735
17,52007,0,0.0,3124,1670,50337,0.010000000000027078
17,52024,0,0.0,3125,1670,50354,0.010000000000026809
17,52041,0,0.0,3126,1670,50371,0.010000000000026541
16,52057,0,0.0,3127,1671,50386,0.010000000000026278
17,52074,0,0.0,3128,1671,50403,0.010000000000026016
23,52097,0,0.0,3129,1672,50425,0.010000000000025757
23,52120,0,0.0,3130,1674,50446,0.0100000000000255
17,52137,0,0.0,3131,1674,50463,0.010000000000025247
17,52154,0,0.0,3132,1674,50480,0.010000000000024996
17,52171,0,0.0,3133,1674,50497,0.010000000000024748
17,52188,0,0.0,3134,1674,50514,0.010000000000024501
17,52205,0,0.0,3135,1674,50531,0.010000000000024257
17,52222,0,0.0,3136,1675,50547,0.010000000000024016
17,52239,0,0.0,3137,1675,50564,0.010000000000023778
17,52256,0,0.0,3138,1676,50580,0.01000000000002354
17,52273,0,0.0,3139,1677,50596,0.010000000000023306
17,52290,0,0.0,3140,1677,50613,0.010000000000023075
17,52307,0,0.0,3141,1677,50630,0.010000000000022845
17,52324,0,0.0,3142,1677,50647,0.010000000000022618
17,52341,0,0.0,3143,1677,50664,0.010000000000022392
17,52358,0,0.0,3144,1678,50680,0.01000000000002217
17,52375,0,0.0,3145,1678,50697,0.01000000000002195
17,52392,0,0.0,3146,1678,50714,0.010000000000021731
17,52409,0,0.0,3147,1678,50731,0.010000000000021514
17,52426,0,0.0,3148,1678,50748,0.010000000000021301
17,52443,0,0.0,3149,1680,50763,0.01000000000002109
16,52459,0,0.0,3150,1681,50778,0.01000000000002088
17,52476,0,0.0,3151,1681,50795,0.010000000000020671
17,52493,0,0.0,3152,1681,50812,0.010000000000020465
17,52510,0,0.0,3153,1681,50829,0.010000000000020262
17,52527,0,0.0,3154,1681,50846,0.01000000000002006
17,52544,0,0.0,3155,1681,50863,0.010000000000019861
17,52561,0,0.0,3156,1681,50880,0.010000000000019663
17,52578,0,0.0,3157,1681,50897,0.010000000000019467
17,52595,0,0.0,3158,1681,50914,0.010000000000019273
17,52612,0,0.0,3159,1681,50931,0.010000000000019082
17,52629,0,0.0,3160,1681,50948,0.010000000000018891
17,52646,0,0.0,3161,1681,50965,0.010000000000018704
17,52663,0,0.0,3162,1681,50982,0.010000000000018518
17,52680,0,0.0,3163,1681,50999,0.010000000000018335
17,52697,0,0.0,3164,1681,51016,0.01000000000001815
16,52713,0,0.0,3165,1682,51031,0.01000000000001797
17,52730,0,0.0,3166,1683,51047,0.010000000000017792
17,52747,0,0.0,3167,1683,51064,0.010000000000017615
17,52764,0,0.0,3168,1683,51081,0.01000000000001744
17,52781,0,0.0,3169,1683,51098,0.010000000000017266
17,52798,0,0.0,3170,1683,51115,0.010000000000017094
17,52815,0,0.0,3171,1683,51132,0.010000000000016924
17,52832,0,0.0,3172,1683,51149,0.010000000000016756
17,52849,0,0.0,3173,1683,51166,0.01000000000001659
17,52866,0,0.0,3174,1683,51183,0.010000000000016425
17,52883,0,0.0,3175,1683,51200,0.01000000000001626
17,52900,0,0.0,3176,1683,51217,0.010000000000016098
17,52917,0,0.0,3177,1683,51234,0.010000000000015939
17,52934,0,0.0,3178,1683,51251,0.01000000000001578
17,52951,0,0.0,3179,1683,51268,0.010000000000015623
17,52968,0,0.0,3180,1683,51285,0.010000000000015467
17,52985,0,0.0,3181,1683,51302,0.010000000000015314
17,53002,0,0.0,3182,1683,51319,0.010000000000015162
17,53019,0,0.0,3183,1684,51335,0.01000000000001501
17,53036,0,0.0,3184,1684,51352,0.010000000000014862
17,53053,0,0.0,3185,1685,51368,0.010000000000014712
17,53070,0,0.0,3186,1685,51385,0.010000000000014567
17,53087,0,0.0,3187,1685,51402,0.010000000000014421
17,53104,0,0.0,3188,1685,51419,0.010000000000014279
17,53121,0,0.0,3189,1685,51436,0.010000000000014136
17,53138,0,0.0,3190,1687,51451,0.010000000000013996
17,53155,0,0.0,3191,1687,51468,0.010000000000013857
17,53172,0,0.0,3192,1687,51485,0.010000000000013718
17,53189,0,0.0,3193,1687,51502,0.010000000000013581
17,53206,0,0.0,3194,1688,51518,0.010000000000013446
3,53209,0,0.0,3195,1689,51520,0.010000000000013312
17,53226,0,0.0,3196,1689,51537,0.01000000000001318
17,53243,0,0.0,3197,1689,51554,0.010000000000013049
17,53260,0,0.0,3198,1690,51570,0.010000000000012919
17,53277,0,0.0,3199,1691,51586,0.01000000000001279
17,53294,0,0.0,3200,1691,51603,0.010000000000012664
17,53311,0,0.0,3201,1691,51620,0.010000000000012537
17,53328,0,0.0,3202,1691,51637,0.010000000000012412
17,53345,0,0.0,3203,1691,51654,0.010000000000012289
17,53362,0,0.0,3204,1691,51671,0.010000000000012168
17,53379,0,0.0,3205,1691,51688,0.010000000000012046
14,53393,0,0.0,3206,1692,51701,0.010000000000011926
17,53410,0,0.0,3207,1692,51718,0.010000000000011808
17,53427,0,0.0,3208,1692,51735,0.01000000000001169
17,53444,0,0.0,3209,1692,51752,0.010000000000011574
17,53461,0,0.0,3210,1692,51769,0.010000000000011458
17,53478,0,0.0,3211,1692,51786,0.010000000000011345
17,53495,0,0.0,3212,1692,51803,0.010000000000011233
17,53512,0,0.0,3213,1692,51820,0.01000000000001112
17,53529,0,0.0,3214,1692,51837,0.010000000000011009
17,53546,0,0.0,3215,1693,51853,0.0100000000000109
17,53563,0,0.0,3216,1693,51870,0.010000000000010792
17,53580,0,0.0,3217,1693,51887,0.010000000000010684
17,53597,0,0.0,3218,1693,51904,0.010000000000010577
17,53614,0,0.0,3219,1693,51921,0.010000000000010473
17,53631,0,0.0,3220,1693,51938,0.010000000000010369
17,53648,0,0.0,3221,1693,51955,0.010000000000010265
17,53665,0,0.0,3222,1693,51972,0.010000000000010162
17,53682,0,0.0,3223,1693,51989,0.010000000000010062
17,53699,0,0.0,3224,1695,52004,0.010000000000009961
17,53716,0,0.0,3225,1695,52021,0.010000000000009862
17,53733,0,0.0,3226,1696,52037,0.010000000000009765
23,53756,0,0.0,3227,1697,52059,0.010000000000009668
17,53773,0,0.0,3228,1697,52076,0.01000000000000957
17,53790,0,0.0,3229,1697,52093,0.010000000000009475
17,53807,0,0.0,3230,1697,52110,0.010000000000009382
17,53824,0,0.0,3231,1697,52127,0.010000000000009288
17,53841,0,0.0,3232,1697,52144,0.010000000000009196
17,53858,0,0.0,3233,1697,52161,0.010000000000009104
17,53875,0,0.0,3234,1697,52178,0.010000000000009014
16,53891,0,0.0,3235,1698,52193,0.010000000000008924
17,53908,0,0.0,3236,1698,52210,0.010000000000008835
17,53925,0,0.0,3237,1698,52227,0.010000000000008747
17,53942,0,0.0,3238,1698,52244,0.01000000000000866
17,53959,0,0.0,3239,1698,52261,0.010000000000008575
17,53976,0,0.0,3240,1699,52277,0.010000000000008488
17,53993,0,0.0,3241,1699,52294,0.010000000000008405
17,54010,0,0.0,3242,1699,52311,0.01000000000000832
17,54027,0,0.0,3243,1699,52328,0.010000000000008238
17,54044,0,0.0,3244,1699,52345,0.010000000000008155
17,54061,0,0.0,3245,1700,52361,0.010000000000008075
17,54078,0,0.0,3246,1700,52378,0.010000000000007994
17,54095,0,0.0,3247,1700,52395,0.010000000000007916
17,54112,0,0.0,3248,1700,52412,0.010000000000007836
17,54129,0,0.0,3249,1700,52429,0.010000000000007758
17,54146,0,0.0,3250,1700,52446,0.010000000000007682
17,54163,0,0.0,3251,1700,52463,0.010000000000007605
17,54180,0,0.0,3252,1701,52479,0.010000000000007529
17,54197,0,0.0,3253,1701,52496,0.010000000000007454
15,54212,0,0.0,3254,1702,52510,0.01000000000000738
17,54229,0,0.0,3255,1702,52527,0.010000000000007307
17,54246,0,0.0,3256,1702,52544,0.010000000000007234
17,54263,0,0.0,3257,1702,52561,0.010000000000007161
17,54280,0,0.0,3258,1702,52578,0.01000000000000709
17,54297,0,0.0,3259,1702,52595,0.01000000000000702
17,54314,0,0.0,3260,1702,52612,0.01000000000000695
17,54331,0,0.0,3261,1702,52629,0.01000000000000688
17,54348,0,0.0,3262,1702,52646,0.010000000000006812
17,54365,0,0.0,3263,1702,52663,0.010000000000006745
17,54382,0,0.0,3264,1702,52680,0.010000000000006677
17,54399,0,0.0,3265,1702,52697,0.010000000000006611
17,54416,0,0.0,3266,1702,52714,0.010000000000006545
17,54433,0,0.0,3267,1703,52730,0.01000000000000648
17,54450,0,0.0,3268,1703,52747,0.010000000000006415
17,54467,0,0.0,3269,1703,52764,0.010000000000006353
17,54484,0,0.0,3270,1703,52781,0.010000000000006289
17,54501,0,0.0,3271,1704,52797,0.010000000000006226
17,54518,0,0.0,3272,1704,52814,0.010000000000006164
17,54535,0,0.0,3273,1704,52831,0.010000000000006103
17,54552,0,0.0,3274,1704,52848,0.010000000000006042
17,54569,0,0.0,3275,1704,52865,0.010000000000005982
17,54586,0,0.0,3276,1704,52882,0.010000000000005923
17,54603,0,0.0,3277,1704,52899,0.010000000000005864
17,54620,0,0.0,3278,1704,52916,0.010000000000005805
17,54637,0,0.0,3279,1704,52933,0.010000000000005747
17,54654,0,0.0,3280,1704,52950,0.01000000000000569
17,54671,0,0.0,3281,1704,52967,0.010000000000005633
16,54687,0,0.0,3282,1705,52982,0.010000000000005577
17,54704,0,0.0,3283,1705,52999,0.010000000000005522
17,54721,0,0.0,3284,1706,53015,0.010000000000005466
17,54738,0,0.0,3285,1706,53032,0.010000000000005413
17,54755,0,0.0,3286,1706,53049,0.010000000000005359
17,54772,0,0.0,3287,1706,53066,0.010000000000005305
17,54789,0,0.0,3288,1706,53083,0.010000000000005253
17,54806,0,0.0,3289,1706,53100,0.010000000000005201
17,54823,0,0.0,3290,1706,53117,0.010000000000005149
17,54840,0,0.0,3291,1706,53134,0.010000000000005097
17,54857,0,0.0,3292,1706,53151,0.010000000000005047
17,54874,0,0.0,3293,1706,53168,0.010000000000004996
17,54891,0,0.0,3294,1706,53185,0.010000000000004948
17,54908,0,0.0,3295,1706,53202,0.010000000000004897
17,54925,0,0.0,3296,1706,53219,0.010000000000004849
23,54948,0,0.0,3297,1708,53240,0.0100000000000048
17,54965,0,0.0,3298,1708,53257,0.010000000000004753
17,54982,0,0.0,3299,1708,53274,0.010000000000004707
17,54999,0,0.0,3300,1708,53291,0.01000000000000466
17,55016,0,0.0,3301,1708,53308,0.010000000000004613
17,55033,0,0.0,3302,1708,53325,0.010000000000004566
16,55049,0,0.0,3303,1709,53340,0.010000000000004521
17,55066,0,0.0,3304,1709,53357,0.010000000000004476
17,55083,0,0.0,3305,1709,53374,0.010000000000004432
17,55100,0,0.0,3306,1709,53391,0.010000000000004387
17,55117,0,0.0,3307,1709,53408,0.010000000000004344
17,55134,0,0.0,3308,1709,53425,0.0100000000000043
17,55151,0,0.0,3309,1709,53442,0.010000000000004257
17,55168,0,0.0,3310,1709,53459,0.010000000000004216
17,55185,0,0.0,3311,1709,53476,0.010000000000004174
17,55202,0,0.0,3312,1709,53493,0.010000000000004132
17,55219,0,0.0,3313,1710,53509,0.01000000000000409
17,55236,0,0.0,3314,1710,53526,0.01000000000000405
17,55253,0,0.0,3315,1710,53543,0.01000000000000401
17,55270,0,0.0,3316,1710,53560,0.01000000000000397
17,55287,0,0.0,3317,1710,53577,0.010000000000003931
17,55304,0,0.0,3318,1710,53594,0.010000000000003891
17,55321,0,0.0,3319,1710,53611,0.010000000000003853
17,55338,0,0.0,3320,1711,53627,0.010000000000003815
17,55355,0,0.0,3321,1711,53644,0.010000000000003777
17,55372,0,0.0,3322,1711,53661,0.010000000000003739
17,55389,0,0.0,3323,1711,53678,0.010000000000003702
17,55406,0,0.0,3324,1711,53695,0.010000000000003666
17,55423,0,0.0,3325,1711,53712,0.010000000000003628
17,55440,0,0.0,3326,1711,53729,0.010000000000003593
17,55457,0,0.0,3327,1711,53746,0.010000000000003556
17,55474,0,0.0,3328,1711,53763,0.010000000000003522
17,55491,0,0.0,3329,1711,53780,0.010000000000003485
23,55514,0,0.0,3330,1712,53802,0.01000000000000345
17,55531,0,0.0,3331,1712,53819,0.010000000000003418
17,55548,0,0.0,3332,1712,53836,0.010000000000003383
17,55565,0,0.0,3333,1712,53853,0.01000000000000335
17,55582,0,0.0,3334,1712,53870,0.010000000000003315
17,55599,0,0.0,3335,1712,53887,0.010000000000003282
17,55616,0,0.0,3336,1713,53903,0.010000000000003251
17,55633,0,0.0,3337,1715,53918,0.010000000000003218
17,55650,0,0.0,3338,1715,53935,0.010000000000003187
17,55667,0,0.0,3339,1715,53952,0.010000000000003154
17,55684,0,0.0,3340,1715,53969,0.010000000000003123
17,55701,0,0.0,3341,1716,53985,0.010000000000003091
17,55718,0,0.0,3342,1716,54002,0.010000000000003062
17,55735,0,0.0,3343,1717,54018,0.01000000000000303
17,55752,0,0.0,3344,1717,54035,0.010000000000003001
17,55769,0,0.0,3345,1717,54052,0.01000000000000297
17,55786,0,0.0,3346,1717,54069,0.01000000000000294
17,55803,0,0.0,3347,1717,54086,0.010000000000002911
17,55820,0,0.0,3348,1717,54103,0.010000000000002883
17,55837,0,0.0,3349,1717,54120,0.010000000000002854
16,55853,0,0.0,3350,1718,54135,0.010000000000002826
17,55870,0,0.0,3351,1718,54152,0.010000000000002798
17,55887,0,0.0,3352,1719,54168,0.01000000000000277
17,55904,0,0.0,3353,1719,54185,0.010000000000002743
17,55921,0,0.0,3354,1719,54202,0.010000000000002715
17,55938,0,0.0,3355,1719,54219,0.010000000000002687
17,55955,0,0.0,3356,1719,54236,0.010000000000002661
17,55972,0,0.0,3357,1719,54253,0.010000000000002635
17,55989,0,0.0,3358,1720,54269,0.01000000000000261
17,56006,0,0.0,3359,1720,54286,0.010000000000002583
17,56023,0,0.0,3360,1720,54303,0.010000000000002557
17,56040,0,0.0,3361,1720,54320,0.010000000000002531
17,56057,0,0.0,3362,1720,54337,0.010000000000002507
16,56073,0,0.0,3363,1721,54352,0.01000000000000248
17,56090,0,0.0,3364,1721,54369,0.010000000000002457
17,56107,0,0.0,3365,1721,54386,0.010000000000002432
17,56124,0,0.0,3366,1721,54403,0.010000000000002408
17,56141,0,0.0,3367,1721,54420,0.010000000000002384
17,56158,0,0.0,3368,1721,54437,0.010000000000002361
17,56175,0,0.0,3369,1722,54453,0.010000000000002337
17,56192,0,0.0,3370,1722,54470,0.010000000000002314
17,56209,0,0.0,3371,1722,54487,0.01000000000000229
17,56226,0,0.0,3372,1722,54504,0.010000000000002267
17,56243,0,0.0,3373,1722,54521,0.010000000000002245
17,56260,0,0.0,3374,1722,54538,0.010000000000002222
17,56277,0,0.0,3375,1722,54555,0.010000000000002202
17,56294,0,0.0,3376,1722,54572,0.010000000000002179
17,56311,0,0.0,3377,1722,54589,0.010000000000002156
17,56328,0,0.0,3378,1722,54606,0.010000000000002136
17,56345,0,0.0,3379,1722,54623,0.010000000000002115
17,56362,0,0.0,3380,1722,54640,0.010000000000002094
17,56379,0,0.0,3381,1722,54657,0.010000000000002073
17,56396,0,0.0,3382,1722,54674,0.010000000000002052
14,56410,0,0.0,3383,1725,54685,0.010000000000002032
17,56427,0,0.0,3384,1725,54702,0.01000000000000201
17,56444,0,0.0,3385,1725,54719,0.010000000000001992
17,56461,0,0.0,3386,1725,54736,0.01000000000000197
17,56478,0,0.0,3387,1725,54753,0.010000000000001952
17,56495,0,0.0,3388,1725,54770,0.010000000000001933
6,56501,0,0.0,3389,1726,54775,0.010000000000001914
17,56518,0,0.0,3390,1726,54792,0.010000000000001895
17,56535,0,0.0,3391,1726,54809,0.010000000000001875
17,56552,0,0.0,3392,1726,54826,0.010000000000001856
17,56569,0,0.0,3393,1726,54843,0.010000000000001839
17,56586,0,0.0,3394,1726,54860,0.01000000000000182
17,56603,0,0.0,3395,1726,54877,0.010000000000001803
5,56608,0,0.0,3396,1727,54881,0.010000000000001784
17,56625,0,0.0,3397,1727,54898,0.010000000000001766
17,56642,0,0.0,3398,1728,54914,0.010000000000001749
17,56659,0,0.0,3399,1728,54931,0.010000000000001731
17,56676,0,0.0,3400,1728,54948,0.010000000000001714
17,56693,0,0.0,3401,1728,54965,0.010000000000001697
17,56710,0,0.0,3402,1729,54981,0.01000000000000168
17,56727,0,0.0,3403,1729,54998,0.010000000000001664
17,56744,0,0.0,3404,1729,55015,0.010000000000001646
17,56761,0,0.0,3405,1729,55032,0.01000000000000163
17,56778,0,0.0,3406,1729,55049,0.010000000000001614
17,56795,0,0.0,3407,1730,55065,0.010000000000001598
17,56812,0,0.0,3408,1730,55082,0.010000000000001582
17,56829,0,0.0,3409,1730,55099,0.010000000000001567
17,56846,0,0.0,3410,1730,55116,0.010000000000001551
17,56863,0,0.0,3411,1730,55133,0.010000000000001535
17,56880,0,0.0,3412,1731,55149,0.01000000000000152
17,56897,0,0.0,3413,1731,55166,0.010000000000001506
17,56914,0,0.0,3414,1731,55183,0.01000000000000149
2,56916,0,0.0,3415,1732,55184,0.010000000000001475
17,56933,0,0.0,3416,1732,55201,0.01000000000000146
17,56950,0,0.0,3417,1732,55218,0.010000000000001445
17,56967,0,0.0,3418,1732,55235,0.010000000000001431
17,56984,0,0.0,3419,1732,55252,0.010000000000001417
17,57001,0,0.0,3420,1732,55269,0.010000000000001404
17,57018,0,0.0,3421,1732,55286,0.01000000000000139
17,57035,0,0.0,3422,1732,55303,0.010000000000001376
17,57052,0,0.0,3423,1732,55320,0.010000000000001362
17,57069,0,0.0,3424,1732,55337,0.010000000000001348
17,57086,0,0.0,3425,1732,55354,0.010000000000001334
17,57103,0,0.0,3426,1732,55371,0.010000000000001322
17,57120,0,0.0,3427,1732,55388,0.010000000000001308
17,57137,0,0.0,3428,1732,55405,0.010000000000001296
17,57154,0,0.0,3429,1733,55421,0.010000000000001282
17,57171,0,0.0,3430,1733,55438,0.01000000000000127
17,57188,0,0.0,3431,1733,55455,0.010000000000001258
17,57205,0,0.0,3432,1733,55472,0.010000000000001244
17,57222,0,0.0,3433,1733,55489,0.010000000000001232
17,57239,0,0.0,3434,1733,55506,0.01000000000000122
17,57256,0,0.0,3435,1733,55523,0.010000000000001208
17,57273,0,0.0,3436,1733,55540,0.010000000000001195
17,57290,0,0.0,3437,1733,55557,0.010000000000001183
17,57307,0,0.0,3438,1733,55574,0.010000000000001173
17,57324,0,0.0,3439,1733,55591,0.01000000000000116
17,57341,0,0.0,3440,1733,55608,0.010000000000001149
17,57358,0,0.0,3441,1733,55625,0.010000000000001138
23,57381,0,0.0,3442,1734,55647,0.010000000000001126
17,57398,0,0.0,3443,1734,55664,0.010000000000001116
17,57415,0,0.0,3444,1734,55681,0.010000000000001103
17,57432,0,0.0,3445,1734,55698,0.010000000000001093
17,57449,0,0.0,3446,1734,55715,0.010000000000001083
17,57466,0,0.0,3447,1734,55732,0.01000000000000107
17,57483,0,0.0,3448,1734,55749,0.01000000000000106
17,57500,0,0.0,3449,1734,55766,0.01000000000000105
17,57517,0,0.0,3450,1734,55783,0.01000000000000104
17,57534,0,0.0,3451,1734,55800,0.010000000000001029
17,57551,0,0.0,3452,1734,55817,0.010000000000001018
17,57568,0,0.0,3453,1734,55834,0.01000000000000101
17,57585,0,0.0,3454,1734,55851,0.010000000000001
17,57602,0,0.0,3455,1734,55868,0.010000000000000989
17,57619,0,0.0,3456,1734,55885,0.010000000000000979
2,57621,0,0.0,3457,1735,55886,0.01000000000000097
17,57638,0,0.0,3458,1735,55903,0.01000000000000096
17,57655,0,0.0,3459,1735,55920,0.01000000000000095
17,57672,0,0.0,3460,1735,55937,0.01000000000000094
17,57689,0,0.0,3461,1735,55954,0.010000000000000932
17,57706,0,0.0,3462,1735,55971,0.010000000000000921
17,57723,0,0.0,3463,1735,55988,0.010000000000000913
17,57740,0,0.0,3464,1736,56004,0.010000000000000904
17,57757,0,0.0,3465,1736,56021,0.010000000000000895
17,57774,0,0.0,3466,1736,56038,0.010000000000000887
17,57791,0,0.0,3467,1736,56055,0.010000000000000878
17,57808,0,0.0,3468,1736,56072,0.01000000000000087
17,57825,0,0.0,3469,1736,56089,0.01000000000000086
17,57842,0,0.0,3470,1736,56106,0.010000000000000852
2,57844,0,0.0,3471,1737,56107,0.010000000000000843
16,57860,0,0.0,3472,1738,56122,0.010000000000000835
17,57877,0,0.0,3473,1738,56139,0.010000000000000826
17,57894,0,0.0,3474,1738,56156,0.010000000000000817
17,57911,0,0.0,3475,1738,56173,0.01000000000000081
17,57928,0,0.0,3476,1738,56190,0.010000000000000802
17,57945,0,0.0,3477,1738,56207,0.010000000000000793
17,57962,0,0.0,3478,1738,56224,0.010000000000000786
17,57979,0,0.0,3479,1738,56241,0.010000000000000777
17,57996,0,0.0,3480,1738,56258,0.01000000000000077
17,58013,0,0.0,3481,1739,56274,0.010000000000000762
17,58030,0,0.0,3482,1739,56291,0.010000000000000755
17,58047,0,0.0,3483,1739,56308,0.010000000000000748
17,58064,0,0.0,3484,1739,56325,0.010000000000000741
27,58091,0,0.0,3485,1740,56351,0.010000000000000732
17,58108,0,0.0,3486,1740,56368,0.010000000000000725
17,58125,0,0.0,3487,1740,56385,0.010000000000000718
17,58142,0,0.0,3488,1740,56402,0.010000000000000711
17,58159,0,0.0,3489,1740,56419,0.010000000000000705
17,58176,0,0.0,3490,1740,56436,0.010000000000000698
17,58193,0,0.0,3491,1740,56453,0.01000000000000069
17,58210,0,0.0,3492,1740,56470,0.010000000000000684
17,58227,0,0.0,3493,1740,56487,0.010000000000000677
17,58244,0,0.0,3494,1741,56503,0.01000000000000067
5,58249,0,0.0,3495,1742,56507,0.010000000000000663
17,58266,0,0.0,3496,1742,56524,0.010000000000000656
5,58271,0,0.0,3497,1743,56528,0.01000000000000065
17,58288,0,0.0,3498,1743,56545,0.010000000000000644
15,58303,0,0.0,3499,1744,56559,0.010000000000000637
17,58320,0,0.0,3500,1744,56576,0.01000000000000063
17,58337,0,0.0,3501,1744,56593,0.010000000000000625
17,58354,0,0.0,3502,1744,56610,0.010000000000000618
17,58371,0,0.0,3503,1744,56627,0.010000000000000613
17,58388,0,0.0,3504,1744,56644,0.010000000000000606
17,58405,0,0.0,3505,1744,56661,0.0100000000000006
17,58422,0,0.0,3506,1744,56678,0.010000000000000593
17,58439,0,0.0,3507,1744,56695,0.010000000000000588
17,58456,0,0.0,3508,1744,56712,0.010000000000000583
17,58473,0,0.0,3509,1745,56728,0.010000000000000576
17,58490,0,0.0,3510,1745,56745,0.010000000000000571
17,58507,0,0.0,3511,1746,56761,0.010000000000000566
17,58524,0,0.0,3512,1747,56777,0.010000000000000559
17,58541,0,0.0,3513,1747,56794,0.010000000000000554
17,58558,0,0.0,3514,1747,56811,0.010000000000000548
17,58575,0,0.0,3515,1747,56828,0.010000000000000543
17,58592,0,0.0,3516,1747,56845,0.010000000000000538
17,58609,0,0.0,3517,1747,56862,0.010000000000000533
17,58626,0,0.0,3518,1747,56879,0.010000000000000528
17,58643,0,0.0,3519,1747,56896,0.010000000000000522
17,58660,0,0.0,3520,1747,56913,0.010000000000000517
17,58677,0,0.0,3521,1747,56930,0.010000000000000512
17,58694,0,0.0,3522,1747,56947,0.010000000000000507
17,58711,0,0.0,3523,1747,56964,0.010000000000000502
17,58728,0,0.0,3524,1747,56981,0.010000000000000496
17,58745,0,0.0,3525,1747,56998,0.010000000000000491
17,58762,0,0.0,3526,1747,57015,0.010000000000000486
15,58777,0,0.0,3527,1748,57029,0.01000000000000048
17,58794,0,0.0,3528,1748,57046,0.010000000000000477
17,58811,0,0.0,3529,1749,57062,0.010000000000000472
17,58828,0,0.0,3530,1749,57079,0.010000000000000467
17,58845,0,0.0,3531,1749,57096,0.010000000000000463
17,58862,0,0.0,3532,1749,57113,0.010000000000000458
17,58879,0,0.0,3533,1749,57130,0.010000000000000453
17,58896,0,0.0,3534,1749,57147,0.01000000000000045
17,58913,0,0.0,3535,1750,57163,0.010000000000000444
17,58930,0,0.0,3536,1750,57180,0.01000000000000044
17,58947,0,0.0,3537,1750,57197,0.010000000000000436
17,58964,0,0.0,3538,1750,57214,0.010000000000000432
17,58981,0,0.0,3539,1750,57231,0.010000000000000427
17,58998,0,0.0,3540,1750,57248,0.010000000000000423
17,59015,0,0.0,3541,1750,57265,0.010000000000000418
17,59032,0,0.0,3542,1750,57282,0.010000000000000415
17,59049,0,0.0,3543,1750,57299,0.01000000000000041
17,59066,0,0.0,3544,1750,57316,0.010000000000000406
17,59083,0,0.0,3545,1751,57332,0.010000000000000403
17,59100,0,0.0,3546,1751,57349,0.010000000000000397
17,59117,0,0.0,3547,1751,57366,0.010000000000000394
17,59134,0,0.0,3548,1751,57383,0.01000000000000039
17,59151,0,0.0,3549,1751,57400,0.010000000000000387
17,59168,0,0.0,3550,1751,57417,0.010000000000000382
17,59185,0,0.0,3551,1752,57433,0.010000000000000378
23,59208,0,0.0,3552,1753,57455,0.010000000000000375
17,59225,0,0.0,3553,1753,57472,0.010000000000000371
17,59242,0,0.0,3554,1753,57489,0.010000000000000368
17,59259,0,0.0,3555,1753,57506,0.010000000000000365
17,59276,0,0.0,3556,1753,57523,0.010000000000000361
17,59293,0,0.0,3557,1753,57540,0.010000000000000358
17,59310,0,0.0,3558,1753,57557,0.010000000000000352
17,59327,0,0.0,3559,1753,57574,0.010000000000000349
17,59344,0,0.0,3560,1753,57591,0.010000000000000345
17,59361,0,0.0,3561,1753,57608,0.010000000000000342
17,59378,0,0.0,3562,1753,57625,0.01000000000000034
17,59395,0,0.0,3563,1753,57642,0.010000000000000337
17,59412,0,0.0,3564,1754,57658,0.010000000000000333
17,59429,0,0.0,3565,1754,57675,0.01000000000000033
17,59446,0,0.0,3566,1754,57692,0.010000000000000326
17,59463,0,0.0,3567,1754,57709,0.010000000000000323
17,59480,0,0.0,3568,1754,57726,0.01000000000000032
17,59497,0,0.0,3569,1754,57743,0.010000000000000316
17,59514,0,0.0,3570,1755,57759,0.010000000000000312
17,59531,0,0.0,3571,1755,57776,0.01000000000000031
17,59548,0,0.0,3572,1755,57793,0.010000000000000307
17,59565,0,0.0,3573,1756,57809,0.010000000000000304
17,59582,0,0.0,3574,1756,57826,0.0100000000000003
17,59599,0,0.0,3575,1756,57843,0.010000000000000299
17,59616,0,0.0,3576,1756,57860,0.010000000000000295
17,59633,0,0.0,3577,1756,57877,0.010000000000000292
17,59650,0,0.0,3578,1756,57894,0.01000000000000029
17,59667,0,0.0,3579,1756,57911,0.010000000000000286
17,59684,0,0.0,3580,1756,57928,0.010000000000000283
17,59701,0,0.0,3581,1756,57945,0.010000000000000281
17,59718,0,0.0,3582,1757,57961,0.010000000000000278
17,59735,0,0.0,3583,1757,57978,0.010000000000000274
17,59752,0,0.0,3584,1757,57995,0.010000000000000273
23,59775,0,0.0,3585,1758,58017,0.010000000000000269
17,59792,0,0.0,3586,1760,58032,0.010000000000000267
17,59809,0,0.0,3587,1760,58049,0.010000000000000264
17,59826,0,0.0,3588,1760,58066,0.010000000000000262
17,59843,0,0.0,3589,1760,58083,0.010000000000000259
17,59860,0,0.0,3590,1760,58100,0.010000000000000257
17,59877,0,0.0,3591,1760,58117,0.010000000000000253
17,59894,0,0.0,3592,1760,58134,0.010000000000000252
17,59911,0,0.0,3593,1760,58151,0.010000000000000248
17,59928,0,0.0,3594,1761,58167,0.010000000000000247
17,59945,0,0.0,3595,1761,58184,0.010000000000000245
17,59962,0,0.0,3596,1761,58201,0.010000000000000241
17,59979,0,0.0,3597,1762,58217,0.01000000000000024
17,59996,0,0.0,3598,1762,58234,0.010000000000000236
5,60001,0,0.0,3599,1763,58238,0.010000000000000234
17,60018,0,0.0,3600,1763,58255,0.010000000000000233
17,60035,0,0.0,3601,1763,58272,0.01000000000000023
17,60052,0,0.0,3602,1763,58289,0.010000000000000227
16,60068,0,0.0,3603,1765,58303,0.010000000000000226
17,60085,0,0.0,3604,1765,58320,0.010000000000000222
17,60102,0,0.0,3605,1765,58337,0.01000000000000022
17,60119,0,0.0,3606,1765,58354,0.010000000000000219
17,60136,0,0.0,3607,1765,58371,0.010000000000000217
17,60153,0,0.0,3608,1765,58388,0.010000000000000214
17,60170,0,0.0,3609,1765,58405,0.010000000000000212
17,60187,0,0.0,3610,1766,58421,0.01000000000000021
17,60204,0,0.0,3611,1766,58438,0.010000000000000208
17,60221,0,0.0,3612,1766,58455,0.010000000000000207
17,60238,0,0.0,3613,1766,58472,0.010000000000000203
17,60255,0,0.0,3614,1766,58489,0.010000000000000201
17,60272,0,0.0,3615,1766,58506,0.0100000000000002
17,60289,0,0.0,3616,1766,58523,0.010000000000000198
2,60291,0,0.0,3617,1767,58524,0.010000000000000196
17,60308,0,0.0,3618,1767,58541,0.010000000000000194
17,60325,0,0.0,3619,1767,58558,0.010000000000000193
17,60342,0,0.0,3620,1767,58575,0.01000000000000019
17,60359,0,0.0,3621,1768,58591,0.010000000000000188
17,60376,0,0.0,3622,1768,58608,0.010000000000000186
17,60393,0,0.0,3623,1768,58625,0.010000000000000184
16,60409,0,0.0,3624,1769,58640,0.010000000000000182
17,60426,0,0.0,3625,1770,58656,0.01000000000000018
17,60443,0,0.0,3626,1770,58673,0.010000000000000179
17,60460,0,0.0,3627,1770,58690,0.010000000000000177
17,60477,0,0.0,3628,1770,58707,0.010000000000000175
17,60494,0,0.0,3629,1770,58724,0.010000000000000174
17,60511,0,0.0,3630,1770,58741,0.010000000000000172
17,60528,0,0.0,3631,1770,58758,0.01000000000000017
17,60545,0,0.0,3632,1770,58775,0.010000000000000168
17,60562,0,0.0,3633,1770,58792,0.010000000000000167
17,60579,0,0.0,3634,1770,58809,0.010000000000000165
17,60596,0,0.0,3635,1770,58826,0.010000000000000163
17,60613,0,0.0,3636,1770,58843,0.010000000000000162
17,60630,0,0.0,3637,1770,58860,0.01000000000000016
17,60647,0,0.0,3638,1770,58877,0.010000000000000158
17,60664,0,0.0,3639,1770,58894,0.010000000000000158
17,60681,0,0.0,3640,1770,58911,0.010000000000000156
17,60698,0,0.0,3641,1770,58928,0.010000000000000155
17,60715,0,0.0,3642,1770,58945,0.010000000000000153
17,60732,0,0.0,3643,1770,58962,0.010000000000000151
17,60749,0,0.0,3644,1770,58979,0.01000000000000015
17,60766,0,0.0,3645,1770,58996,0.010000000000000148
17,60783,0,0.0,3646,1770,59013,0.010000000000000146
17,60800,0,0.0,3647,1770,59030,0.010000000000000146
17,60817,0,0.0,3648,1770,59047,0.010000000000000144
17,60834,0,0.0,3649,1770,59064,0.010000000000000142
17,60851,0,0.0,3650,1771,59080,0.01000000000000014
17,60868,0,0.0,3651,1772,59096,0.010000000000000139
17,60885,0,0.0,3652,1772,59113,0.010000000000000137
17,60902,0,0.0,3653,1773,59129,0.010000000000000137
17,60919,0,0.0,3654,1773,59146,0.010000000000000136
17,60936,0,0.0,3655,1773,59163,0.010000000000000134
17,60953,0,0.0,3656,1773,59180,0.010000000000000132
17,60970,0,0.0,3657,1773,59197,0.010000000000000132
17,60987,0,0.0,3658,1773,59214,0.01000000000000013
17,61004,0,0.0,3659,1773,59231,0.010000000000000129
17,61021,0,0.0,3660,1773,59248,0.010000000000000127
17,61038,0,0.0,3661,1773,59265,0.010000000000000127
17,61055,0,0.0,3662,1774,59281,0.010000000000000125
17,61072,0,0.0,3663,1774,59298,0.010000000000000123
17,61089,0,0.0,3664,1775,59314,0.010000000000000123
17,61106,0,0.0,3665,1775,59331,0.010000000000000122
5,61111,0,0.0,3666,1776,59335,0.01000000000000012
17,61128,0,0.0,3667,1776,59352,0.010000000000000118
17,61145,0,0.0,3668,1776,59369,0.010000000000000118
17,61162,0,0.0,3669,1776,59386,0.010000000000000116
17,61179,0,0.0,3670,1776,59403,0.010000000000000115
17,61196,0,0.0,3671,1777,59419,0.010000000000000115
17,61213,0,0.0,3672,1777,59436,0.010000000000000113
17,61230,0,0.0,3673,1777,59453,0.010000000000000111
17,61247,0,0.0,3674,1777,59470,0.010000000000000111
17,61264,0,0.0,3675,1777,59487,0.01000000000000011
17,61281,0,0.0,3676,1778,59503,0.01000000000000011
17,61298,0,0.0,3677,1778,59520,0.010000000000000108
17,61315,0,0.0,3678,1778,59537,0.010000000000000106
17,61332,0,0.0,3679,1778,59554,0.010000000000000106
17,61349,0,0.0,3680,1778,59571,0.010000000000000104
17,61366,0,0.0,3681,1778,59588,0.010000000000000103
17,61383,0,0.0,3682,1778,59605,0.010000000000000103
17,61400,0,0.0,3683,1778,59622,0.0100000000000001
17,61417,0,0.0,3684,1778,59639,0.0100000000000001
17,61434,0,0.0,3685,1778,59656,0.010000000000000099
17,61451,0,0.0,3686,1778,59673,0.010000000000000099
17,61468,0,0.0,3687,1778,59690,0.010000000000000097
17,61485,0,0.0,3688,1778,59707,0.010000000000000096
17,61502,0,0.0,3689,1778,59724,0.010000000000000096
17,61519,0,0.0,3690,1778,59741,0.010000000000000094
17,61536,0,0.0,3691,1778,59758,0.010000000000000094
17,61553,0,0.0,3692,1778,59775,0.010000000000000092
17,61570,0,0.0,3693,1778,59792,0.010000000000000092
17,61587,0,0.0,3694,1778,59809,0.01000000000000009
17,61604,0,0.0,3695,1778,59826,0.01000000000000009
17,61621,0,0.0,3696,1779,59842,0.010000000000000089
17,61638,0,0.0,3697,1779,59859,0.010000000000000089
23,61661,0,0.0,3698,1780,59881,0.010000000000000087
17,61678,0,0.0,3699,1781,59897,0.010000000000000087
17,61695,0,0.0,3700,1781,59914,0.010000000000000085
17,61712,0,0.0,3701,1781,59931,0.010000000000000085
17,61729,0,0.0,3702,1781,59948,0.010000000000000083
17,61746,0,0.0,3703,1781,59965,0.010000000000000083
17,61763,0,0.0,3704,1781,59982,0.010000000000000082
17,61780,0,0.0,3705,1781,59999,0.010000000000000082
17,61797,0,0.0,3706,1782,60015,0.01000000000000008
17,61814,0,0.0,3707,1782,60032,0.01000000000000008
17,61831,0,0.0,3708,1782,60049,0.010000000000000078
17,61848,0,0.0,3709,1782,60066,0.010000000000000078
17,61865,0,0.0,3710,1782,60083,0.010000000000000078
17,61882,0,0.0,3711,1782,60100,0.010000000000000077
17,61899,0,0.0,3712,1782,60117,0.010000000000000077
17,61916,0,0.0,3713,1783,60133,0.010000000000000075
17,61933,0,0.0,3714,1784,60149,0.010000000000000075
17,61950,0,0.0,3715,1784,60166,0.010000000000000073
17,61967,0,0.0,3716,1784,60183,0.010000000000000073
17,61984,0,0.0,3717,1784,60200,0.010000000000000071
17,62001,0,0.0,3718,1784,60217,0.010000000000000071
17,62018,0,0.0,3719,1784,60234,0.010000000000000071
17,62035,0,0.0,3720,1784,60251,0.01000000000000007
17,62052,0,0.0,3721,1784,60268,0.01000000000000007
17,62069,0,0.0,3722,1784,60285,0.010000000000000068
5,62074,0,0.0,3723,1785,60289,0.010000000000000068
17,62091,0,0.0,3724,1785,60306,0.010000000000000068
17,62108,0,0.0,3725,1785,60323,0.010000000000000066
17,62125,0,0.0,3726,1785,60340,0.010000000000000066
17,62142,0,0.0,3727,1785,60357,0.010000000000000066
17,62159,0,0.0,3728,1785,60374,0.010000000000000064
17,62176,0,0.0,3729,1785,60391,0.010000000000000064
17,62193,0,0.0,3730,1785,60408,0.010000000000000063
17,62210,0,0.0,3731,1785,60425,0.010000000000000063
17,62227,0,0.0,3732,1785,60442,0.010000000000000063
17,62244,0,0.0,3733,1785,60459,0.010000000000000061
17,62261,0,0.0,3734,1785,60476,0.010000000000000061
17,62278,0,0.0,3735,1785,60493,0.010000000000000061
17,62295,0,0.0,3736,1786,60509,0.01000000000000006
17,62312,0,0.0,3737,1786,60526,0.01000000000000006
3,62315,0,0.0,3738,1787,60528,0.01000000000000006
17,62332,0,0.0,3739,1787,60545,0.010000000000000057
17,62349,0,0.0,3740,1787,60562,0.010000000000000057
17,62366,0,0.0,3741,1787,60579,0.010000000000000057
17,62383,0,0.0,3742,1787,60596,0.010000000000000056
17,62400,0,0.0,3743,1787,60613,0.010000000000000056
17,62417,0,0.0,3744,1787,60630,0.010000000000000056
17,62434,0,0.0,3745,1788,60646,0.010000000000000054
17,62451,0,0.0,3746,1788,60663,0.010000000000000054
17,62468,0,0.0,3747,1789,60679,0.010000000000000054
17,62485,0,0.0,3748,1789,60696,0.010000000000000052
16,62501,0,0.0,3749,1790,60711,0.010000000000000052
17,62518,0,0.0,3750,1790,60728,0.010000000000000052
17,62535,0,0.0,3751,1791,60744,0.010000000000000052
17,62552,0,0.0,3752,1791,60761,0.01000000000000005
17,62569,0,0.0,3753,1791,60778,0.01000000000000005
17,62586,0,0.0,3754,1791,60795,0.01000000000000005
17,62603,0,0.0,3755,1791,60812,0.010000000000000049
17,62620,0,0.0,3756,1791,60829,0.010000000000000049
17,62637,0,0.0,3757,1791,60846,0.010000000000000049
17,62654,0,0.0,3758,1791,60863,0.010000000000000049
17,62671,0,0.0,3759,1791,60880,0.010000000000000047
23,62694,0,0.0,3760,1792,60902,0.010000000000000047
17,62711,0,0.0,3761,1792,60919,0.010000000000000047
17,62728,0,0.0,3762,1792,60936,0.010000000000000045
17,62745,0,0.0,3763,1792,60953,0.010000000000000045
17,62762,0,0.0,3764,1792,60970,0.010000000000000045
17,62779,0,0.0,3765,1793,60986,0.010000000000000045
17,62796,0,0.0,3766,1793,61003,0.010000000000000044
17,62813,0,0.0,3767,1794,61019,0.010000000000000044
23,62836,0,0.0,3768,1796,61040,0.010000000000000044
17,62853,0,0.0,3769,1796,61057,0.010000000000000044
17,62870,0,0.0,3770,1796,61074,0.010000000000000042
17,62887,0,0.0,3771,1796,61091,0.010000000000000042
17,62904,0,0.0,3772,1796,61108,0.010000000000000042
17,62921,0,0.0,3773,1796,61125,0.010000000000000042
17,62938,0,0.0,3774,1796,61142,0.01000000000000004
17,62955,0,0.0,3775,1796,61159,0.01000000000000004
17,62972,0,0.0,3776,1796,61176,0.01000000000000004
17,62989,0,0.0,3777,1796,61193,0.01000000000000004
17,63006,0,0.0,3778,1796,61210,0.01000000000000004
17,63023,0,0.0,3779,1796,61227,0.010000000000000038
17,63040,0,0.0,3780,1796,61244,0.010000000000000038
17,63057,0,0.0,3781,1797,61260,0.010000000000000038
17,63074,0,0.0,3782,1797,61277,0.010000000000000038
17,63091,0,0.0,3783,1797,61294,0.010000000000000037
17,63108,0,0.0,3784,1798,61310,0.010000000000000037
17,63125,0,0.0,3785,1798,61327,0.010000000000000037
17,63142,0,0.0,3786,1798,61344,0.010000000000000037
17,63159,0,0.0,3787,1798,61361,0.010000000000000037
17,63176,0,0.0,3788,1798,61378,0.010000000000000035
17,63193,0,0.0,3789,1798,61395,0.010000000000000035
23,63216,0,0.0,3790,1800,61416,0.010000000000000035
17,63233,0,0.0,3791,1800,61433,0.010000000000000035
17,63250,0,0.0,3792,1800,61450,0.010000000000000035
17,63267,0,0.0,3793,1800,61467,0.010000000000000033
17,63284,0,0.0,3794,1800,61484,0.010000000000000033
17,63301,0,0.0,3795,1800,61501,0.010000000000000033
17,63318,0,0.0,3796,1800,61518,0.010000000000000033
17,63335,0,0.0,3797,1800,61535,0.010000000000000033
17,63352,0,0.0,3798,1800,61552,0.010000000000000031
17,63369,0,0.0,3799,1800,61569,0.010000000000000031
17,63386,0,0.0,3800,1800,61586,0.010000000000000031
17,63403,0,0.0,3801,1800,61603,0.010000000000000031
17,63420,0,0.0,3802,1800,61620,0.010000000000000031
17,63437,0,0.0,3803,1800,61637,0.010000000000000031
17,63454,0,0.0,3804,1801,61653,0.01000000000000003
17,63471,0,0.0,3805,1802,61669,0.01000000000000003
23,63494,0,0.0,3806,1803,61691,0.01000000000000003
17,63511,0,0.0,3807,1803,61708,0.01000000000000003
17,63528,0,0.0,3808,1803,61725,0.01000000000000003
17,63545,0,0.0,3809,1803,61742,0.01000000000000003
17,63562,0,0.0,3810,1803,61759,0.010000000000000028
17,63579,0,0.0,3811,1803,61776,0.010000000000000028
17,63596,0,0.0,3812,1803,61793,0.010000000000000028
17,63613,0,0.0,3813,1803,61810,0.010000000000000028
17,63630,0,0.0,3814,1803,61827,0.010000000000000028
17,63647,0,0.0,3815,1803,61844,0.010000000000000028
17,63664,0,0.0,3816,1803,61861,0.010000000000000026
17,63681,0,0.0,3817,1803,61878,0.010000000000000026
16,63697,0,0.0,3818,1804,61893,0.010000000000000026
17,63714,0,0.0,3819,1804,61910,0.010000000000000026
17,63731,0,0.0,3820,1804,61927,0.010000000000000026
17,63748,0,0.0,3821,1804,61944,0.010000000000000026
17,63765,0,0.0,3822,1804,61961,0.010000000000000026
17,63782,0,0.0,3823,1804,61978,0.010000000000000024
17,63799,0,0.0,3824,1804,61995,0.010000000000000024
17,63816,0,0.0,3825,1804,62012,0.010000000000000024
17,63833,0,0.0,3826,1804,62029,0.010000000000000024
17,63850,0,0.0,3827,1805,62045,0.010000000000000024
17,63867,0,0.0,3828,1805,62062,0.010000000000000024
17,63884,0,0.0,3829,1806,62078,0.010000000000000024
17,63901,0,0.0,3830,1806,62095,0.010000000000000023
17,63918,0,0.0,3831,1806,62112,0.010000000000000023
17,63935,0,0.0,3832,1806,62129,0.010000000000000023
17,63952,0,0.0,3833,1806,62146,0.010000000000000023
17,63969,0,0.0,3834,1806,62163,0.010000000000000023
17,63986,0,0.0,3835,1806,62180,0.010000000000000023
17,64003,0,0.0,3836,1807,62196,0.010000000000000023
17,64020,0,0.0,3837,1807,62213,0.010000000000000021
17,64037,0,0.0,3838,1807,62230,0.010000000000000021
17,64054,0,0.0,3839,1807,62247,0.010000000000000021
17,64071,0,0.0,3840,1807,62264,0.010000000000000021
17,64088,0,0.0,3841,1807,62281,0.010000000000000021
7,64095,0,0.0,3842,1809,62286,0.010000000000000021
17,64112,0,0.0,3843,1809,62303,0.010000000000000021
17,64129,0,0.0,3844,1809,62320,0.010000000000000021
17,64146,0,0.0,3845,1809,62337,0.010000000000000021
17,64163,0,0.0,3846,1809,62354,0.01000000000000002
17,64180,0,0.0,3847,1809,62371,0.01000000000000002
17,64197,0,0.0,3848,1809,62388,0.01000000000000002
17,64214,0,0.0,3849,1810,62404,0.01000000000000002
17,64231,0,0.0,3850,1810,62421,0.01000000000000002
17,64248,0,0.0,3851,1810,62438,0.01000000000000002
17,64265,0,0.0,3852,1810,62455,0.01000000000000002
16,64281,0,0.0,3853,1811,62470,0.01000000000000002
17,64298,0,0.0,3854,1811,62487,0.01000000000000002
17,64315,0,0.0,3855,1811,62504,0.010000000000000018
17,64332,0,0.0,3856,1811,62521,0.010000000000000018
17,64349,0,0.0,3857,1812,62537,0.010000000000000018
17,64366,0,0.0,3858,1812,62554,0.010000000000000018
17,64383,0,0.0,3859,1812,62571,0.010000000000000018
16,64399,0,0.0,3860,1813,62586,0.010000000000000018
3,64402,0,0.0,3861,1814,62588,0.010000000000000018
17,64419,0,0.0,3862,1814,62605,0.010000000000000018
17,64436,0,0.0,3863,1814,62622,0.010000000000000018
17,64453,0,0.0,3864,1815,62638,0.010000000000000018
17,64470,0,0.0,3865,1815,62655,0.010000000000000016
17,64487,0,0.0,3866,1815,62672,0.010000000000000016
17,64504,0,0.0,3867,1815,62689,0.010000000000000016
23,64527,0,0.0,3868,1816,62711,0.010000000000000016
17,64544,0,0.0,3869,1816,62728,0.010000000000000016
17,64561,0,0.0,3870,1816,62745,0.010000000000000016
17,64578,0,0.0,3871,1816,62762,0.010000000000000016
17,64595,0,0.0,3872,1816,62779,0.010000000000000016
2,64597,0,0.0,3873,1817,62780,0.010000000000000016
17,64614,0,0.0,3874,1817,62797,0.010000000000000016
27,64641,0,0.0,3875,1818,62823,0.010000000000000016
17,64658,0,0.0,3876,1818,62840,0.010000000000000014
17,64675,0,0.0,3877,1818,62857,0.010000000000000014
17,64692,0,0.0,3878,1818,62874,0.010000000000000014
17,64709,0,0.0,3879,1819,62890,0.010000000000000014
17,64726,0,0.0,3880,1820,62906,0.010000000000000014
17,64743,0,0.0,3881,1820,62923,0.010000000000000014
17,64760,0,0.0,3882,1820,62940,0.010000000000000014
17,64777,0,0.0,3883,1820,62957,0.010000000000000014
17,64794,0,0.0,3884,1820,62974,0.010000000000000014
17,64811,0,0.0,3885,1820,62991,0.010000000000000014
17,64828,0,0.0,3886,1820,63008,0.010000000000000014
17,64845,0,0.0,3887,1820,63025,0.010000000000000014
17,64862,0,0.0,3888,1820,63042,0.010000000000000014
17,64879,0,0.0,3889,1820,63059,0.010000000000000012
17,64896,0,0.0,3890,1820,63076,0.010000000000000012
17,64913,0,0.0,3891,1820,63093,0.010000000000000012
17,64930,0,0.0,3892,1820,63110,0.010000000000000012
17,64947,0,0.0,3893,1820,63127,0.010000000000000012
17,64964,0,0.0,3894,1820,63144,0.010000000000000012
17,64981,0,0.0,3895,1820,63161,0.010000000000000012
17,64998,0,0.0,3896,1820,63178,0.010000000000000012
17,65015,0,0.0,3897,1820,63195,0.010000000000000012
17,65032,0,0.0,3898,1820,63212,0.010000000000000012
16,65048,0,0.0,3899,1821,63227,0.010000000000000012
17,65065,0,0.0,3900,1821,63244,0.010000000000000012
17,65082,0,0.0,3901,1821,63261,0.010000000000000012
17,65099,0,0.0,3902,1821,63278,0.010000000000000012
17,65116,0,0.0,3903,1821,63295,0.01000000000000001
17,65133,0,0.0,3904,1821,63312,0.01000000000000001
17,65150,0,0.0,3905,1821,63329,0.01000000000000001
17,65167,0,0.0,3906,1821,63346,0.01000000000000001
17,65184,0,0.0,3907,1821,63363,0.01000000000000001
17,65201,0,0.0,3908,1821,63380,0.01000000000000001
17,65218,0,0.0,3909,1821,63397,0.01000000000000001
17,65235,0,0.0,3910,1821,63414,0.01000000000000001
17,65252,0,0.0,3911,1821,63431,0.01000000000000001
17,65269,0,0.0,3912,1821,63448,0.01000000000000001
17,65286,0,0.0,3913,1821,63465,0.01000000000000001
17,65303,0,0.0,3914,1821,63482,0.01000000000000001
17,65320,0,0.0,3915,1822,63498,0.01000000000000001
17,65337,0,0.0,3916,1822,63515,0.01000000000000001
17,65354,0,0.0,3917,1822,63532,0.01000000000000001
17,65371,0,0.0,3918,1822,63549,0.01000000000000001
17,65388,0,0.0,3919,1822,63566,0.01000000000000001
17,65405,0,0.0,3920,1822,63583,0.010000000000000009
17,65422,0,0.0,3921,1822,63600,0.010000000000000009
17,65439,0,0.0,3922,1822,63617,0.010000000000000009
17,65456,0,0.0,3923,1822,63634,0.010000000000000009
17,65473,0,0.0,3924,1822,63651,0.010000000000000009
17,65490,0,0.0,3925,1822,63668,0.010000000000000009
17,65507,0,0.0,3926,1822,63685,0.010000000000000009
17,65524,0,0.0,3927,1822,63702,0.010000000000000009
17,65541,0,0.0,3928,1822,63719,0.010000000000000009
5,65546,0,0.0,3929,1823,63723,0.010000000000000009
17,65563,0,0.0,3930,1823,63740,0.010000000000000009
17,65580,0,0.0,3931,1823,63757,0.010000000000000009
23,65603,0,0.0,3932,1824,63779,0.010000000000000009
17,65620,0,0.0,3933,1824,63796,0.010000000000000009
17,65637,0,0.0,3934,1824,63813,0.010000000000000009
17,65654,0,0.0,3935,1825,63829,0.010000000000000009
17,65671,0,0.0,3936,1825,63846,0.010000000000000009
17,65688,0,0.0,3937,1825,63863,0.010000000000000009
17,65705,0,0.0,3938,1825,63880,0.010000000000000009
17,65722,0,0.0,3939,1825,63897,0.010000000000000009
17,65739,0,0.0,3940,1825,63914,0.010000000000000007
17,65756,0,0.0,3941,1825,63931,0.010000000000000007
17,65773,0,0.0,3942,1825,63948,0.010000000000000007
17,65790,0,0.0,3943,1825,63965,0.010000000000000007
17,65807,0,0.0,3944,1825,63982,0.010000000000000007
17,65824,0,0.0,3945,1825,63999,0.010000000000000007
17,65841,0,0.0,3946,1825,64016,0.010000000000000007
17,65858,0,0.0,3947,1825,64033,0.010000000000000007
17,65875,0,0.0,3948,1825,64050,0.010000000000000007
17,65892,0,0.0,3949,1825,64067,0.010000000000000007
17,65909,0,0.0,3950,1826,64083,0.010000000000000007
17,65926,0,0.0,3951,1826,64100,0.010000000000000007
17,65943,0,0.0,3952,1826,64117,0.010000000000000007
17,65960,0,0.0,3953,1826,64134,0.010000000000000007
17,65977,0,0.0,3954,1827,64150,0.010000000000000007
17,65994,0,0.0,3955,1827,64167,0.010000000000000007
17,66011,0,0.0,3956,1827,64184,0.010000000000000007
17,66028,0,0.0,3957,1827,64201,0.010000000000000007
17,66045,0,0.0,3958,1827,64218,0.010000000000000007
17,66062,0,0.0,3959,1827,64235,0.010000000000000007
17,66079,0,0.0,3960,1827,64252,0.010000000000000007
17,66096,0,0.0,3961,1828,64268,0.010000000000000007
17,66113,0,0.0,3962,1829,64284,0.010000000000000007
17,66130,0,0.0,3963,1829,64301,0.010000000000000007
17,66147,0,0.0,3964,1829,64318,0.010000000000000007
17,66164,0,0.0,3965,1829,64335,0.010000000000000005
17,66181,0,0.0,3966,1829,64352,0.010000000000000005
17,66198,0,0.0,3967,1829,64369,0.010000000000000005
17,66215,0,0.0,3968,1829,64386,0.010000000000000005
17,66232,0,0.0,3969,1829,64403,0.010000000000000005
17,66249,0,0.0,3970,1829,64420,0.010000000000000005
17,66266,0,0.0,3971,1829,64437,0.010000000000000005
17,66283,0,0.0,3972,1829,64454,0.010000000000000005
17,66300,0,0.0,3973,1829,64471,0.010000000000000005
17,66317,0,0.0,3974,1829,64488,0.010000000000000005
17,66334,0,0.0,3975,1829,64505,0.010000000000000005
17,66351,0,0.0,3976,1829,64522,0.010000000000000005
17,66368,0,0.0,3977,1829,64539,0.010000000000000005
17,66385,0,0.0,3978,1829,64556,0.010000000000000005
17,66402,0,0.0,3979,1829,64573,0.010000000000000005
17,66419,0,0.0,3980,1829,64590,0.010000000000000005
17,66436,0,0.0,3981,1829,64607,0.010000000000000005
17,66453,0,0.0,3982,1829,64624,0.010000000000000005
17,66470,0,0.0,3983,1829,64641,0.010000000000000005
17,66487,0,0.0,3984,1829,64658,0.010000000000000005
17,66504,0,0.0,3985,1829,64675,0.010000000000000005
17,66521,0,0.0,3986,1830,64691,0.010000000000000005
17,66538,0,0.0,3987,1830,64708,0.010000000000000005
17,66555,0,0.0,3988,1830,64725,0.010000000000000005
17,66572,0,0.0,3989,1830,64742,0.010000000000000005
17,66589,0,0.0,3990,1831,64758,0.010000000000000005
17,66606,0,0.0,3991,1831,64775,0.010000000000000005
17,66623,0,0.0,3992,1831,64792,0.010000000000000005
23,66646,0,0.0,3993,1832,64814,0.010000000000000005
17,66663,0,0.0,3994,1833,64830,0.010000000000000005
17,66680,0,0.0,3995,1833,64847,0.010000000000000005
17,66697,0,0.0,3996,1833,64864,0.010000000000000005
17,66714,0,0.0,3997,1833,64881,0.010000000000000005
17,66731,0,0.0,3998,1833,64898,0.010000000000000004
17,66748,0,0.0,3999,1833,64915,0.010000000000000004
17,66765,0,0.0,4000,1833,64932,0.010000000000000004
17,66782,0,0.0,4001,1833,64949,0.010000000000000004
17,66799,0,0.0,4002,1833,64966,0.010000000000000004
17,66816,0,0.0,4003,1833,64983,0.010000000000000004
2,66818,0,0.0,4004,1834,64984,0.010000000000000004
17,66835,0,0.0,4005,1835,65000,0.010000000000000004
17,66852,0,0.0,4006,1835,65017,0.010000000000000004
17,66869,0,0.0,4007,1835,65034,0.010000000000000004
17,66886,0,0.0,4008,1836,65050,0.010000000000000004
17,66903,0,0.0,4009,1836,65067,0.010000000000000004
17,66920,0,0.0,4010,1836,65084,0.010000000000000004
17,66937,0,0.0,4011,1836,65101,0.010000000000000004
17,66954,0,0.0,4012,1836,65118,0.010000000000000004
17,66971,0,0.0,4013,1836,65135,0.010000000000000004
17,66988,0,0.0,4014,1837,65151,0.010000000000000004
17,67005,0,0.0,4015,1837,65168,0.010000000000000004
17,67022,0,0.0,4016,1838,65184,0.010000000000000004
17,67039,0,0.0,4017,1838,65201,0.010000000000000004
17,67056,0,0.0,4018,1838,65218,0.010000000000000004
17,67073,0,0.0,4019,1838,65235,0.010000000000000004
17,67090,0,0.0,4020,1838,65252,0.010000000000000004
17,67107,0,0.0,4021,1839,65268,0.010000000000000004
17,67124,0,0.0,4022,1839,65285,0.010000000000000004
17,67141,0,0.0,4023,1839,65302,0.010000000000000004
17,67158,0,0.0,4024,1839,65319,0.010000000000000004
17,67175,0,0.0,4025,1839,65336,0.010000000000000004
17,67192,0,0.0,4026,1839,65353,0.010000000000000004
17,67209,0,0.0,4027,1839,65370,0.010000000000000004
17,67226,0,0.0,4028,1839,65387,0.010000000000000004
17,67243,0,0.0,4029,1839,65404,0.010000000000000004
17,67260,0,0.0,4030,1839,65421,0.010000000000000004
17,67277,0,0.0,4031,1839,65438,0.010000000000000004
17,67294,0,0.0,4032,1839,65455,0.010000000000000004
17,67311,0,0.0,4033,1839,65472,0.010000000000000004
17,67328,0,0.0,4034,1839,65489,0.010000000000000004
17,67345,0,0.0,4035,1839,65506,0.010000000000000004
17,67362,0,0.0,4036,1839,65523,0.010000000000000004
17,67379,0,0.0,4037,1839,65540,0.010000000000000004
17,67396,0,0.0,4038,1839,65557,0.010000000000000004
17,67413,0,0.0,4039,1839,65574,0.010000000000000004
17,67430,0,0.0,4040,1839,65591,0.010000000000000004
17,67447,0,0.0,4041,1839,65608,0.010000000000000004
17,67464,0,0.0,4042,1839,65625,0.010000000000000004
16,67480,0,0.0,4043,1840,65640,0.010000000000000004
17,67497,0,0.0,4044,1840,65657,0.010000000000000004
23,67520,0,0.0,4045,1841,65679,0.010000000000000004
17,67537,0,0.0,4046,1842,65695,0.010000000000000004
17,67554,0,0.0,4047,1842,65712,0.010000000000000004
17,67571,0,0.0,4048,1843,65728,0.010000000000000004
17,67588,0,0.0,4049,1843,65745,0.010000000000000004
17,67605,0,0.0,4050,1843,65762,0.010000000000000002
17,67622,0,0.0,4051,1843,65779,0.010000000000000002
17,67639,0,0.0,4052,1843,65796,0.010000000000000002
17,67656,0,0.0,4053,1843,65813,0.010000000000000002
17,67673,0,0.0,4054,1844,65829,0.010000000000000002
17,67690,0,0.0,4055,1844,65846,0.010000000000000002
17,67707,0,0.0,4056,1844,65863,0.010000000000000002
17,67724,0,0.0,4057,1844,65880,0.010000000000000002
17,67741,0,0.0,4058,1844,65897,0.010000000000000002
17,67758,0,0.0,4059,1844,65914,0.010000000000000002
17,67775,0,0.0,4060,1845,65930,0.010000000000000002
17,67792,0,0.0,4061,1845,65947,0.010000000000000002
17,67809,0,0.0,4062,1845,65964,0.010000000000000002
17,67826,0,0.0,4063,1846,65980,0.010000000000000002
17,67843,0,0.0,4064,1846,65997,0.010000000000000002
17,67860,0,0.0,4065,1846,66014,0.010000000000000002
17,67877,0,0.0,4066,1846,66031,0.010000000000000002
23,67900,0,0.0,4067,1847,66053,0.010000000000000002
17,67917,0,0.0,4068,1847,66070,0.010000000000000002
17,67934,0,0.0,4069,1847,66087,0.010000000000000002
17,67951,0,0.0,4070,1847,66104,0.010000000000000002
17,67968,0,0.0,4071,1847,66121,0.010000000000000002
17,67985,0,0.0,4072,1847,66138,0.010000000000000002
17,68002,0,0.0,4073,1847,66155,0.010000000000000002
17,68019,0,0.0,4074,1847,66172,0.010000000000000002
17,68036,0,0.0,4075,1847,66189,0.010000000000000002
17,68053,0,0.0,4076,1847,66206,0.010000000000000002
17,68070,0,0.0,4077,1848,66222,0.010000000000000002
17,68087,0,0.0,4078,1848,66239,0.010000000000000002
17,68104,0,0.0,4079,1848,66256,0.010000000000000002
17,68121,0,0.0,4080,1848,66273,0.010000000000000002
17,68138,0,0.0,4081,1848,66290,0.010000000000000002
17,68155,0,0.0,4082,1849,66306,0.010000000000000002
17,68172,0,0.0,4083,1849,66323,0.010000000000000002
17,68189,0,0.0,4084,1849,66340,0.010000000000000002
17,68206,0,0.0,4085,1849,66357,0.010000000000000002
17,68223,0,0.0,4086,1849,66374,0.010000000000000002
17,68240,0,0.0,4087,1849,66391,0.010000000000000002
17,68257,0,0.0,4088,1849,66408,0.010000000000000002
17,68274,0,0.0,4089,1850,66424,0.010000000000000002
17,68291,0,0.0,4090,1850,66441,0.010000000000000002
17,68308,0,0.0,4091,1850,66458,0.010000000000000002
17,68325,0,0.0,4092,1850,66475,0.010000000000000002
17,68342,0,0.0,4093,1850,66492,0.010000000000000002
17,68359,0,0.0,4094,1850,66509,0.010000000000000002
17,68376,0,0.0,4095,1850,66526,0.010000000000000002
27,68403,0,0.0,4096,1852,66551,0.010000000000000002
17,68420,0,0.0,4097,1852,66568,0.010000000000000002
17,68437,0,0.0,4098,1852,66585,0.010000000000000002
17,68454,0,0.0,4099,1853,66601,0.010000000000000002
17,68471,0,0.0,4100,1853,66618,0.010000000000000002
17,68488,0,0.0,4101,1853,66635,0.010000000000000002
17,68505,0,0.0,4102,1853,66652,0.010000000000000002
17,68522,0,0.0,4103,1853,66669,0.010000000000000002
17,68539,0,0.0,4104,1853,66686,0.010000000000000002
17,68556,0,0.0,4105,1854,66702,0.010000000000000002
17,68573,0,0.0,4106,1854,66719,0.010000000000000002
17,68590,0,0.0,4107,1854,66736,0.010000000000000002
17,68607,0,0.0,4108,1854,66753,0.010000000000000002
17,68624,0,0.0,4109,1854,66770,0.010000000000000002
17,68641,0,0.0,4110,1854,66787,0.010000000000000002
17,68658,0,0.0,4111,1854,66804,0.010000000000000002
17,68675,0,0.0,4112,1854,66821,0.010000000000000002
14,68689,0,0.0,4113,1855,66834,0.010000000000000002
17,68706,0,0.0,4114,1855,66851,0.010000000000000002
17,68723,0,0.0,4115,1855,66868,0.010000000000000002
17,68740,0,0.0,4116,1855,66885,0.010000000000000002
17,68757,0,0.0,4117,1855,66902,0.010000000000000002
17,68774,0,0.0,4118,1855,66919,0.010000000000000002
17,68791,0,0.0,4119,1855,66936,0.010000000000000002
17,68808,0,0.0,4120,1855,66953,0.010000000000000002
17,68825,0,0.0,4121,1855,66970,0.010000000000000002
17,68842,0,0.0,4122,1856,66986,0.010000000000000002
17,68859,0,0.0,4123,1856,67003,0.010000000000000002
17,68876,0,0.0,4124,1856,67020,0.010000000000000002
17,68893,0,0.0,4125,1856,67037,0.010000000000000002
17,68910,0,0.0,4126,1856,67054,0.010000000000000002
3,68913,0,0.0,4127,1857,67056,0.010000000000000002
17,68930,0,0.0,4128,1857,67073,0.010000000000000002
17,68947,0,0.0,4129,1857,67090,0.010000000000000002
17,68964,0,0.0,4130,1857,67107,0.010000000000000002
17,68981,0,0.0,4131,1857,67124,0.010000000000000002
17,68998,0,0.0,4132,1858,67140,0.010000000000000002
17,69015,0,0.0,4133,1858,67157,0.010000000000000002
17,69032,0,0.0,4134,1858,67174,0.010000000000000002
17,69049,0,0.0,4135,1858,67191,0.010000000000000002
17,69066,0,0.0,4136,1858,67208,0.010000000000000002
17,69083,0,0.0,4137,1858,67225,0.010000000000000002
17,69100,0,0.0,4138,1858,67242,0.010000000000000002
17,69117,0,0.0,4139,1858,67259,0.010000000000000002
17,69134,0,0.0,4140,1858,67276,0.010000000000000002
17,69151,0,0.0,4141,1858,67293,0.010000000000000002
17,69168,0,0.0,4142,1858,67310,0.010000000000000002
17,69185,0,0.0,4143,1858,67327,0.010000000000000002
17,69202,0,0.0,4144,1858,67344,0.010000000000000002
17,69219,0,0.0,4145,1858,67361,0.010000000000000002
17,69236,0,0.0,4146,1858,67378,0.010000000000000002
17,69253,0,0.0,4147,1859,67394,0.010000000000000002
17,69270,0,0.0,4148,1859,67411,0.010000000000000002
17,69287,0,0.0,4149,1859,67428,0.010000000000000002
17,69304,0,0.0,4150,1859,67445,0.010000000000000002
5,69309,0,0.0,4151,1860,67449,0.010000000000000002
17,69326,0,0.0,4152,1862,67464,0.010000000000000002
17,69343,0,0.0,4153,1862,67481,0.010000000000000002
17,69360,0,0.0,4154,1862,67498,0.010000000000000002
17,69377,0,0.0,4155,1862,67515,0.010000000000000002
17,69394,0,0.0,4156,1863,67531,0.010000000000000002
17,69411,0,0.0,4157,1863,67548,0.010000000000000002
17,69428,0,0.0,4158,1863,67565,0.010000000000000002
17,69445,0,0.0,4159,1863,67582,0.01
17,69462,0,0.0,4160,1863,67599,0.01
17,69479,0,0.0,4161,1863,67616,0.01
17,69496,0,0.0,4162,1863,67633,0.01
17,69513,0,0.0,4163,1863,67650,0.01
17,69530,0,0.0,4164,1863,67667,0.01
17,69547,0,0.0,4165,1863,67684,0.01
17,69564,0,0.0,4166,1863,67701,0.01
17,69581,0,0.0,4167,1863,67718,0.01
17,69598,0,0.0,4168,1863,67735,0.01
17,69615,0,0.0,4169,1863,67752,0.01
17,69632,0,0.0,4170,1863,67769,0.01
17,69649,0,0.0,4171,1863,67786,0.01
17,69666,0,0.0,4172,1863,67803,0.01
17,69683,0,0.0,4173,1863,67820,0.01
17,69700,0,0.0,4174,1864,67836,0.01
17,69717,0,0.0,4175,1864,67853,0.01
17,69734,0,0.0,4176,1864,67870,0.01
17,69751,0,0.0,4177,1864,67887,0.01
17,69768,0,0.0,4178,1864,67904,0.01
17,69785,0,0.0,4179,1864,67921,0.01
17,69802,0,0.0,4180,1864,67938,0.01
17,69819,0,0.0,4181,1864,67955,0.01
17,69836,0,0.0,4182,1864,67972,0.01
17,69853,0,0.0,4183,1864,67989,0.01
17,69870,0,0.0,4184,1865,68005,0.01
17,69887,0,0.0,4185,1865,68022,0.01
17,69904,0,0.0,4186,1865,68039,0.01
17,69921,0,0.0,4187,1865,68056,0.01
17,69938,0,0.0,4188,1865,68073,0.01
17,69955,0,0.0,4189,1865,68090,0.01
17,69972,0,0.0,4190,1866,68106,0.01
17,69989,0,0.0,4191,1866,68123,0.01
17,70006,0,0.0,4192,1866,68140,0.01
17,70023,0,0.0,4193,1866,68157,0.01
17,70040,0,0.0,4194,1866,68174,0.01
17,70057,0,0.0,4195,1866,68191,0.01
17,70074,0,0.0,4196,1866,68208,0.01
17,70091,0,0.0,4197,1866,68225,0.01
17,70108,0,0.0,4198,1866,68242,0.01
17,70125,0,0.0,4199,1866,68259,0.01
17,70142,0,0.0,4200,1866,68276,0.01
17,70159,0,0.0,4201,1866,68293,0.01
17,70176,0,0.0,4202,1866,68310,0.01
17,70193,0,0.0,4203,1866,68327,0.01
17,70210,0,0.0,4204,1866,68344,0.01
17,70227,0,0.0,4205,1866,68361,0.01
17,70244,0,0.0,4206,1866,68378,0.01
17,70261,0,0.0,4207,1866,68395,0.01
17,70278,0,0.0,4208,1866,68412,0.01
17,70295,0,0.0,4209,1866,68429,0.01
17,70312,0,0.0,4210,1866,68446,0.01
17,70329,0,0.0,4211,1866,68463,0.01
17,70346,0,0.0,4212,1866,68480,0.01
17,70363,0,0.0,4213,1866,68497,0.01
17,70380,0,0.0,4214,1866,68514,0.01
17,70397,0,0.0,4215,1866,68531,0.01
17,70414,0,0.0,4216,1866,68548,0.01
17,70431,0,0.0,4217,1867,68564,0.01
17,70448,0,0.0,4218,1868,68580,0.01
17,70465,0,0.0,4219,1868,68597,0.01
17,70482,0,0.0,4220,1868,68614,0.01
17,70499,0,0.0,4221,1868,68631,0.01
17,70516,0,0.0,4222,1868,68648,0.01
17,70533,0,0.0,4223,1868,68665,0.01
17,70550,0,0.0,4224,1868,68682,0.01
17,70567,0,0.0,4225,1868,68699,0.01
15,70582,0,0.0,4226,1869,68713,0.01
17,70599,0,0.0,4227,1869,68730,0.01
17,70616,0,0.0,4228,1869,68747,0.01
17,70633,0,0.0,4229,1869,68764,0.01
17,70650,0,0.0,4230,1869,68781,0.01
17,70667,0,0.0,4231,1870,68797,0.01
17,70684,0,0.0,4232,1870,68814,0.01
17,70701,0,0.0,4233,1870,68831,0.01
17,70718,0,0.0,4234,1870,68848,0.01
17,70735,0,0.0,4235,1870,68865,0.01
17,70752,0,0.0,4236,1870,68882,0.01
17,70769,0,0.0,4237,1870,68899,0.01
17,70786,0,0.0,4238,1870,68916,0.01
17,70803,0,0.0,4239,1870,68933,0.01
17,70820,0,0.0,4240,1870,68950,0.01
17,70837,0,0.0,4241,1870,68967,0.01
17,70854,0,0.0,4242,1870,68984,0.01
17,70871,0,0.0,4243,1870,69001,0.01
17,70888,0,0.0,4244,1871,69017,0.01
17,70905,0,0.0,4245,1871,69034,0.01
17,70922,0,0.0,4246,1871,69051,0.01
17,70939,0,0.0,4247,1871,69068,0.01
17,70956,0,0.0,4248,1871,69085,0.01
17,70973,0,0.0,4249,1871,69102,0.01
17,70990,0,0.0,4250,1871,69119,0.01
17,71007,0,0.0,4251,1871,69136,0.01
17,71024,0,0.0,4252,1871,69153,0.01
17,71041,0,0.0,4253,1871,69170,0.01
17,71058,0,0.0,4254,1871,69187,0.01
17,71075,0,0.0,4255,1871,69204,0.01
17,71092,0,0.0,4256,1871,69221,0.01
17,71109,0,0.0,4257,1871,69238,0.01
13,71122,0,0.0,4258,1872,69250,0.01
17,71139,0,0.0,4259,1873,69266,0.01
17,71156,0,0.0,4260,1873,69283,0.01
17,71173,0,0.0,4261,1873,69300,0.01
17,71190,0,0.0,4262,1873,69317,0.01
23,71213,0,0.0,4263,1874,69339,0.01
17,71230,0,0.0,4264,1874,69356,0.01
17,71247,0,0.0,4265,1874,69373,0.01
17,71264,0,0.0,4266,1875,69389,0.01
17,71281,0,0.0,4267,1875,69406,0.01
17,71298,0,0.0,4268,1875,69423,0.01
17,71315,0,0.0,4269,1875,69440,0.01
17,71332,0,0.0,4270,1875,69457,0.01
17,71349,0,0.0,4271,1875,69474,0.01
17,71366,0,0.0,4272,1876,69490,0.01
17,71383,0,0.0,4273,1877,69506,0.01
17,71400,0,0.0,4274,1877,69523,0.01
5,71405,0,0.0,4275,1878,69527,0.01
27,71432,0,0.0,4276,1879,69553,0.01
17,71449,0,0.0,4277,1879,69570,0.01
17,71466,0,0.0,4278,1879,69587,0.01
2,71468,0,0.0,4279,1880,69588,0.01
17,71485,0,0.0,4280,1880,69605,0.01
17,71502,0,0.0,4281,1880,69622,0.01
17,71519,0,0.0,4282,1880,69639,0.01
17,71536,0,0.0,4283,1881,69655,0.01
17,71553,0,0.0,4284,1881,69672,0.01
17,71570,0,0.0,4285,1881,69689,0.01
17,71587,0,0.0,4286,1881,69706,0.01
17,71604,0,0.0,4287,1881,69723,0.01
17,71621,0,0.0,4288,1881,69740,0.01
17,71638,0,0.0,4289,1881,69757,0.01
23,71661,0,0.0,4290,1882,69779,0.01
17,71678,0,0.0,4291,1882,69796,0.01
17,71695,0,0.0,4292,1882,69813,0.01
17,71712,0,0.0,4293,1882,69830,0.01
17,71729,0,0.0,4294,1882,69847,0.01
17,71746,0,0.0,4295,1882,69864,0.01
17,71763,0,0.0,4296,1882,69881,0.01
17,71780,0,0.0,4297,1882,69898,0.01
17,71797,0,0.0,4298,1882,69915,0.01
2,71799,0,0.0,4299,1883,69916,0.01
17,71816,0,0.0,4300,1883,69933,0.01
23,71839,0,0.0,4301,1884,69955,0.01
16,71855,0,0.0,4302,1885,69970,0.01
17,71872,0,0.0,4303,1885,69987,0.01
17,71889,0,0.0,4304,1885,70004,0.01
17,71906,0,0.0,4305,1885,70021,0.01
17,71923,0,0.0,4306,1885,70038,0.01
17,71940,0,0.0,4307,1885,70055,0.01
17,71957,0,0.0,4308,1885,70072,0.01
17,71974,0,0.0,4309,1885,70089,0.01
17,71991,0,0.0,4310,1886,70105,0.01
17,72008,0,0.0,4311,1886,70122,0.01
17,72025,0,0.0,4312,1886,70139,0.01
17,72042,0,0.0,4313,1886,70156,0.01
17,72059,0,0.0,4314,1886,70173,0.01
17,72076,0,0.0,4315,1886,70190,0.01
17,72093,0,0.0,4316,1887,70206,0.01
17,72110,0,0.0,4317,1887,70223,0.01
17,72127,0,0.0,4318,1887,70240,0.01
17,72144,0,0.0,4319,1887,70257,0.01
17,72161,0,0.0,4320,1887,70274,0.01
5,72166,0,0.0,4321,1888,70278,0.01
17,72183,0,0.0,4322,1888,70295,0.01
17,72200,0,0.0,4323,1888,70312,0.01
17,72217,0,0.0,4324,1888,70329,0.01
17,72234,0,0.0,4325,1888,70346,0.01
17,72251,0,0.0,4326,1888,70363,0.01
17,72268,0,0.0,4327,1888,70380,0.01
17,72285,0,0.0,4328,1888,70397,0.01
17,72302,0,0.0,4329,1888,70414,0.01
15,72317,0,0.0,4330,1889,70428,0.01
17,72334,0,0.0,4331,1889,70445,0.01
17,72351,0,0.0,4332,1889,70462,0.01
17,72368,0,0.0,4333,1889,70479,0.01
17,72385,0,0.0,4334,1890,70495,0.01
17,72402,0,0.0,4335,1890,70512,0.01
17,72419,0,0.0,4336,1890,70529,0.01
17,72436,0,0.0,4337,1891,70545,0.01
17,72453,0,0.0,4338,1891,70562,0.01
17,72470,0,0.0,4339,1891,70579,0.01
17,72487,0,0.0,4340,1891,70596,0.01
17,72504,0,0.0,4341,1891,70613,0.01
17,72521,0,0.0,4342,1891,70630,0.01
17,72538,0,0.0,4343,1892,70646,0.01
17,72555,0,0.0,4344,1893,70662,0.01
17,72572,0,0.0,4345,1893,70679,0.01
17,72589,0,0.0,4346,1894,70695,0.01
17,72606,0,0.0,4347,1894,70712,0.01
23,72629,0,0.0,4348,1895,70734,0.01
17,72646,0,0.0,4349,1895,70751,0.01
17,72663,0,0.0,4350,1895,70768,0.01
17,72680,0,0.0,4351,1895,70785,0.01
17,72697,0,0.0,4352,1895,70802,0.01
17,72714,0,0.0,4353,1895,70819,0.01
17,72731,0,0.0,4354,1895,70836,0.01
17,72748,0,0.0,4355,1895,70853,0.01
17,72765,0,0.0,4356,1895,70870,0.01
17,72782,0,0.0,4357,1895,70887,0.01
17,72799,0,0.0,4358,1895,70904,0.01
17,72816,0,0.0,4359,1895,70921,0.01
17,72833,0,0.0,4360,1895,70938,0.01
17,72850,0,0.0,4361,1895,70955,0.01
17,72867,0,0.0,4362,1897,70970,0.01
17,72884,0,0.0,4363,1897,70987,0.01
17,72901,0,0.0,4364,1897,71004,0.01
17,72918,0,0.0,4365,1897,71021,0.01
17,72935,0,0.0,4366,1898,71037,0.01
17,72952,0,0.0,4367,1898,71054,0.01
17,72969,0,0.0,4368,1898,71071,0.01
17,72986,0,0.0,4369,1898,71088,0.01
5,72991,0,0.0,4370,1899,71092,0.01
17,73008,0,0.0,4371,1899,71109,0.01
17,73025,0,0.0,4372,1899,71126,0.01
17,73042,0,0.0,4373,1900,71142,0.01
17,73059,0,0.0,4374,1900,71159,0.01
17,73076,0,0.0,4375,1900,71176,0.01
17,73093,0,0.0,4376,1900,71193,0.01
17,73110,0,0.0,4377,1900,71210,0.01
17,73127,0,0.0,4378,1900,71227,0.01
17,73144,0,0.0,4379,1901,71243,0.01
17,73161,0,0.0,4380,1901,71260,0.01
17,73178,0,0.0,4381,1901,71277,0.01
17,73195,0,0.0,4382,1901,71294,0.01
17,73212,0,0.0,4383,1901,71311,0.01
17,73229,0,0.0,4384,1901,71328,0.01
17,73246,0,0.0,4385,1901,71345,0.01
17,73263,0,0.0,4386,1901,71362,0.01
17,73280,0,0.0,4387,1901,71379,0.01
17,73297,0,0.0,4388,1901,71396,0.01
17,73314,0,0.0,4389,1901,71413,0.01
17,73331,0,0.0,4390,1901,71430,0.01
17,73348,0,0.0,4391,1901,71447,0.01
17,73365,0,0.0,4392,1901,71464,0.01
17,73382,0,0.0,4393,1901,71481,0.01
17,73399,0,0.0,4394,1901,71498,0.01
17,73416,0,0.0,4395,1901,71515,0.01
17,73433,0,0.0,4396,1901,71532,0.01
17,73450,0,0.0,4397,1901,71549,0.01
17,73467,0,0.0,4398,1902,71565,0.01
17,73484,0,0.0,4399,1902,71582,0.01
17,73501,0,0.0,4400,1902,71599,0.01
17,73518,0,0.0,4401,1902,71616,0.01
17,73535,0,0.0,4402,1903,71632,0.01
17,73552,0,0.0,4403,1903,71649,0.01
17,73569,0,0.0,4404,1903,71666,0.01
17,73586,0,0.0,4405,1903,71683,0.01
17,73603,0,0.0,4406,1903,71700,0.01
17,73620,0,0.0,4407,1904,71716,0.01
15,73635,0,0.0,4408,1906,71729,0.01
17,73652,0,0.0,4409,1906,71746,0.01
17,73669,0,0.0,4410,1906,71763,0.01
17,73686,0,0.0,4411,1906,71780,0.01
17,73703,0,0.0,4412,1906,71797,0.01
17,73720,0,0.0,4413,1906,71814,0.01
17,73737,0,0.0,4414,1906,71831,0.01
23,73760,0,0.0,4415,1907,71853,0.01
17,73777,0,0.0,4416,1908,71869,0.01
17,73794,0,0.0,4417,1908,71886,0.01
17,73811,0,0.0,4418,1908,71903,0.01
17,73828,0,0.0,4419,1908,71920,0.01
17,73845,0,0.0,4420,1908,71937,0.01
17,73862,0,0.0,4421,1908,71954,0.01
17,73879,0,0.0,4422,1908,71971,0.01
17,73896,0,0.0,4423,1908,71988,0.01
17,73913,0,0.0,4424,1908,72005,0.01
23,73936,0,0.0,4425,1909,72027,0.01
17,73953,0,0.0,4426,1910,72043,0.01
17,73970,0,0.0,4427,1910,72060,0.01
17,73987,0,0.0,4428,1910,72077,0.01
17,74004,0,0.0,4429,1910,72094,0.01
17,74021,0,0.0,4430,1910,72111,0.01
17,74038,0,0.0,4431,1910,72128,0.01
17,74055,0,0.0,4432,1910,72145,0.01
17,74072,0,0.0,4433,1910,72162,0.01
17,74089,0,0.0,4434,1910,72179,0.01
17,74106,0,0.0,4435,1910,72196,0.01
17,74123,0,0.0,4436,1910,72213,0.01
17,74140,0,0.0,4437,1910,72230,0.01
5,74145,0,0.0,4438,1911,72234,0.01
17,74162,0,0.0,4439,1911,72251,0.01
17,74179,0,0.0,4440,1911,72268,0.01
17,74196,0,0.0,4441,1911,72285,0.01
17,74213,0,0.0,4442,1911,72302,0.01
17,74230,0,0.0,4443,1911,72319,0.01
17,74247,0,0.0,4444,1912,72335,0.01
17,74264,0,0.0,4445,1912,72352,0.01
17,74281,0,0.0,4446,1913,72368,0.01
17,74298,0,0.0,4447,1913,72385,0.01
17,74315,0,0.0,4448,1913,72402,0.01
17,74332,0,0.0,4449,1913,72419,0.01
17,74349,0,0.0,4450,1913,72436,0.01
16,74365,0,0.0,4451,1914,72451,0.01
17,74382,0,0.0,4452,1914,72468,0.01
17,74399,0,0.0,4453,1914,72485,0.01
17,74416,0,0.0,4454,1914,72502,0.01
17,74433,0,0.0,4455,1914,72519,0.01
17,74450,0,0.0,4456,1914,72536,0.01
16,74466,0,0.0,4457,1916,72550,0.01
17,74483,0,0.0,4458,1916,72567,0.01
17,74500,0,0.0,4459,1916,72584,0.01
17,74517,0,0.0,4460,1916,72601,0.01
23,74540,0,0.0,4461,1917,72623,0.01
17,74557,0,0.0,4462,1917,72640,0.01
17,74574,0,0.0,4463,1918,72656,0.01
17,74591,0,0.0,4464,1919,72672,0.01
17,74608,0,0.0,4465,1919,72689,0.01
17,74625,0,0.0,4466,1919,72706,0.01
17,74642,0,0.0,4467,1919,72723,0.01
17,74659,0,0.0,4468,1919,72740,0.01
17,74676,0,0.0,4469,1919,72757,0.01
17,74693,0,0.0,4470,1919,72774,0.01
28,74721,0,0.0,4471,1922,72799,0.01
17,74738,0,0.0,4472,1922,72816,0.01
17,74755,0,0.0,4473,1923,72832,0.01
5,74760,0,0.0,4474,1924,72836,0.01
17,74777,0,0.0,4475,1924,72853,0.01
17,74794,0,0.0,4476,1924,72870,0.01
17,74811,0,0.0,4477,1924,72887,0.01
17,74828,0,0.0,4478,1924,72904,0.01
13,74841,0,0.0,4479,1925,72916,0.01
23,74864,0,0.0,4480,1926,72938,0.01
17,74881,0,0.0,4481,1926,72955,0.01
17,74898,0,0.0,4482,1926,72972,0.01
17,74915,0,0.0,4483,1926,72989,0.01
17,74932,0,0.0,4484,1926,73006,0.01
17,74949,0,0.0,4485,1926,73023,0.01
17,74966,0,0.0,4486,1926,73040,0.01
17,74983,0,0.0,4487,1926,73057,0.01
17,75000,0,0.0,4488,1926,73074,0.01
17,75017,0,0.0,4489,1926,73091,0.01
13,75030,0,0.0,4490,1927,73103,0.01
17,75047,0,0.0,4491,1927,73120,0.01
17,75064,0,0.0,4492,1927,73137,0.01
17,75081,0,0.0,4493,1928,73153,0.01
17,75098,0,0.0,4494,1928,73170,0.01
22,75120,0,0.0,4495,1930,73190,0.01
17,75137,0,0.0,4496,1930,73207,0.01
17,75154,0,0.0,4497,1930,73224,0.01
17,75171,0,0.0,4498,1930,73241,0.01
17,75188,0,0.0,4499,1930,73258,0.01
17,75205,0,0.0,4500,1930,73275,0.01
17,75222,0,0.0,4501,1930,73292,0.01
17,75239,0,0.0,4502,1930,73309,0.01
17,75256,0,0.0,4503,1930,73326,0.01
17,75273,0,0.0,4504,1930,73343,0.01
3,75276,0,0.0,4505,1931,73345,0.01
17,75293,0,0.0,4506,1931,73362,0.01
16,75309,0,0.0,4507,1932,73377,0.01
17,75326,0,0.0,4508,1932,73394,0.01
23,75349,0,0.0,4509,1933,73416,0.01
17,75366,0,0.0,4510,1933,73433,0.01
17,75383,0,0.0,4511,1933,73450,0.01
17,75400,0,0.0,4512,1933,73467,0.01
17,75417,0,0.0,4513,1933,73484,0.01
17,75434,0,0.0,4514,1933,73501,0.01
17,75451,0,0.0,4515,1933,73518,0.01
17,75468,0,0.0,4516,1933,73535,0.01
17,75485,0,0.0,4517,1933,73552,0.01
17,75502,0,0.0,4518,1933,73569,0.01
17,75519,0,0.0,4519,1933,73586,0.01
17,75536,0,0.0,4520,1933,73603,0.01
17,75553,0,0.0,4521,1933,73620,0.01
17,75570,0,0.0,4522,1933,73637,0.01
17,75587,0,0.0,4523,1933,73654,0.01
17,75604,0,0.0,4524,1933,73671,0.01
17,75621,0,0.0,4525,1933,73688,0.01
17,75638,0,0.0,4526,1933,73705,0.01
17,75655,0,0.0,4527,1933,73722,0.01
17,75672,0,0.0,4528,1933,73739,0.01
17,75689,0,0.0,4529,1933,73756,0.01
5,75694,0,0.0,4530,1934,73760,0.01
17,75711,0,0.0,4531,1934,73777,0.01
17,75728,0,0.0,4532,1934,73794,0.01
17,75745,0,0.0,4533,1934,73811,0.01
17,75762,0,0.0,4534,1934,73828,0.01
16,75778,0,0.0,4535,1935,73843,0.01
17,75795,0,0.0,4536,1935,73860,0.01
17,75812,0,0.0,4537,1935,73877,0.01
17,75829,0,0.0,4538,1935,73894,0.01
17,75846,0,0.0,4539,1935,73911,0.01
17,75863,0,0.0,4540,1935,73928,0.01
17,75880,0,0.0,4541,1935,73945,0.01
17,75897,0,0.0,4542,1936,73961,0.01
17,75914,0,0.0,4543,1936,73978,0.01
17,75931,0,0.0,4544,1936,73995,0.01
17,75948,0,0.0,4545,1937,74011,0.01
17,75965,0,0.0,4546,1937,74028,0.01
17,75982,0,0.0,4547,1937,74045,0.01
17,75999,0,0.0,4548,1937,74062,0.01
17,76016,0,0.0,4549,1937,74079,0.01
17,76033,0,0.0,4550,1938,74095,0.01
17,76050,0,0.0,4551,1938,74112,0.01
17,76067,0,0.0,4552,1938,74129,0.01
17,76084,0,0.0,4553,1938,74146,0.01
17,76101,0,0.0,4554,1938,74163,0.01
17,76118,0,0.0,4555,1938,74180,0.01
13,76131,0,0.0,4556,1939,74192,0.01
17,76148,0,0.0,4557,1939,74209,0.01
17,76165,0,0.0,4558,1939,74226,0.01
17,76182,0,0.0,4559,1939,74243,0.01
17,76199,0,0.0,4560,1940,74259,0.01
17,76216,0,0.0,4561,1940,74276,0.01
17,76233,0,0.0,4562,1940,74293,0.01
17,76250,0,0.0,4563,1940,74310,0.01
17,76267,0,0.0,4564,1940,74327,0.01
17,76284,0,0.0,4565,1940,74344,0.01
17,76301,0,0.0,4566,1940,74361,0.01
17,76318,0,0.0,4567,1940,74378,0.01
17,76335,0,0.0,4568,1940,74395,0.01
17,76352,0,0.0,4569,1941,74411,0.01
17,76369,0,0.0,4570,1941,74428,0.01
17,76386,0,0.0,4571,1941,74445,0.01
17,76403,0,0.0,4572,1941,74462,0.01
17,76420,0,0.0,4573,1941,74479,0.01
17,76437,0,0.0,4574,1941,74496,0.01
17,76454,0,0.0,4575,1941,74513,0.01
17,76471,0,0.0,4576,1941,74530,0.01
17,76488,0,0.0,4577,1941,74547,0.01
17,76505,0,0.0,4578,1942,74563,0.01
17,76522,0,0.0,4579,1943,74579,0.01
23,76545,0,0.0,4580,1944,74601,0.01
17,76562,0,0.0,4581,1944,74618,0.01
17,76579,0,0.0,4582,1944,74635,0.01
17,76596,0,0.0,4583,1944,74652,0.01
17,76613,0,0.0,4584,1944,74669,0.01
17,76630,0,0.0,4585,1944,74686,0.01
17,76647,0,0.0,4586,1944,74703,0.01
17,76664,0,0.0,4587,1944,74720,0.01
23,76687,0,0.0,4588,1945,74742,0.01
17,76704,0,0.0,4589,1945,74759,0.01
17,76721,0,0.0,4590,1946,74775,0.01
17,76738,0,0.0,4591,1946,74792,0.01
17,76755,0,0.0,4592,1947,74808,0.01
17,76772,0,0.0,4593,1947,74825,0.01
17,76789,0,0.0,4594,1947,74842,0.01
17,76806,0,0.0,4595,1948,74858,0.01
17,76823,0,0.0,4596,1948,74875,0.01
17,76840,0,0.0,4597,1948,74892,0.01
17,76857,0,0.0,4598,1948,74909,0.01
17,76874,0,0.0,4599,1948,74926,0.01
17,76891,0,0.0,4600,1949,74942,0.01
17,76908,0,0.0,4601,1950,74958,0.01
17,76925,0,0.0,4602,1950,74975,0.01
17,76942,0,0.0,4603,1951,74991,0.01
6,76948,0,0.0,4604,1952,74996,0.01
17,76965,0,0.0,4605,1952,75013,0.01
17,76982,0,0.0,4606,1952,75030,0.01
17,76999,0,0.0,4607,1952,75047,0.01
17,77016,0,0.0,4608,1952,75064,0.01
17,77033,0,0.0,4609,1952,75081,0.01
17,77050,0,0.0,4610,1953,75097,0.01
17,77067,0,0.0,4611,1953,75114,0.01
17,77084,0,0.0,4612,1953,75131,0.01
17,77101,0,0.0,4613,1953,75148,0.01
17,77118,0,0.0,4614,1953,75165,0.01
17,77135,0,0.0,4615,1953,75182,0.01
17,77152,0,0.0,4616,1953,75199,0.01
17,77169,0,0.0,4617,1953,75216,0.01
17,77186,0,0.0,4618,1953,75233,0.01
17,77203,0,0.0,4619,1953,75250,0.01
17,77220,0,0.0,4620,1953,75267,0.01
17,77237,0,0.0,4621,1955,75282,0.01
17,77254,0,0.0,4622,1955,75299,0.01
17,77271,0,0.0,4623,1956,75315,0.01
17,77288,0,0.0,4624,1956,75332,0.01
17,77305,0,0.0,4625,1956,75349,0.01
17,77322,0,0.0,4626,1956,75366,0.01
23,77345,0,0.0,4627,1957,75388,0.01
17,77362,0,0.0,4628,1957,75405,0.01
17,77379,0,0.0,4629,1957,75422,0.01
17,77396,0,0.0,4630,1957,75439,0.01
17,77413,0,0.0,4631,1958,75455,0.01
17,77430,0,0.0,4632,1959,75471,0.01
17,77447,0,0.0,4633,1959,75488,0.01
17,77464,0,0.0,4634,1959,75505,0.01
17,77481,0,0.0,4635,1959,75522,0.01
17,77498,0,0.0,4636,1959,75539,0.01
17,77515,0,0.0,4637,1959,75556,0.01
17,77532,0,0.0,4638,1959,75573,0.01
17,77549,0,0.0,4639,1959,75590,0.01
17,77566,0,0.0,4640,1959,75607,0.01
17,77583,0,0.0,4641,1959,75624,0.01
17,77600,0,0.0,4642,1959,75641,0.01
17,77617,0,0.0,4643,1959,75658,0.01
17,77634,0,0.0,4644,1959,75675,0.01
17,77651,0,0.0,4645,1959,75692,0.01
17,77668,0,0.0,4646,1959,75709,0.01
17,77685,0,0.0,4647,1960,75725,0.01
17,77702,0,0.0,4648,1960,75742,0.01
17,77719,0,0.0,4649,1961,75758,0.01
16,77735,0,0.0,4650,1962,75773,0.01
17,77752,0,0.0,4651,1962,75790,0.01
17,77769,0,0.0,4652,1962,75807,0.01
17,77786,0,0.0,4653,1962,75824,0.01
17,77803,0,0.0,4654,1962,75841,0.01
17,77820,0,0.0,4655,1962,75858,0.01
17,77837,0,0.0,4656,1962,75875,0.01
17,77854,0,0.0,4657,1962,75892,0.01
17,77871,0,0.0,4658,1962,75909,0.01
17,77888,0,0.0,4659,1962,75926,0.01
17,77905,0,0.0,4660,1962,75943,0.01
17,77922,0,0.0,4661,1962,75960,0.01
27,77949,0,0.0,4662,1964,75985,0.01
17,77966,0,0.0,4663,1964,76002,0.01
17,77983,0,0.0,4664,1964,76019,0.01
17,78000,0,0.0,4665,1964,76036,0.01
17,78017,0,0.0,4666,1964,76053,0.01
17,78034,0,0.0,4667,1964,76070,0.01
17,78051,0,0.0,4668,1964,76087,0.01
17,78068,0,0.0,4669,1964,76104,0.01
17,78085,0,0.0,4670,1964,76121,0.01
17,78102,0,0.0,4671,1964,76138,0.01
17,78119,0,0.0,4672,1966,76153,0.01
17,78136,0,0.0,4673,1966,76170,0.01
17,78153,0,0.0,4674,1966,76187,0.01
23,78176,0,0.0,4675,1967,76209,0.01
17,78193,0,0.0,4676,1967,76226,0.01
17,78210,0,0.0,4677,1967,76243,0.01
23,78233,0,0.0,4678,1968,76265,0.01
17,78250,0,0.0,4679,1968,76282,0.01
17,78267,0,0.0,4680,1968,76299,0.01
17,78284,0,0.0,4681,1968,76316,0.01
17,78301,0,0.0,4682,1968,76333,0.01
17,78318,0,0.0,4683,1968,76350,0.01
17,78335,0,0.0,4684,1968,76367,0.01
17,78352,0,0.0,4685,1968,76384,0.01
17,78369,0,0.0,4686,1970,76399,0.01
17,78386,0,0.0,4687,1970,76416,0.01
17,78403,0,0.0,4688,1971,76432,0.01
17,78420,0,0.0,4689,1972,76448,0.01
17,78437,0,0.0,4690,1972,76465,0.01
17,78454,0,0.0,4691,1972,76482,0.01
17,78471,0,0.0,4692,1972,76499,0.01
17,78488,0,0.0,4693,1972,76516,0.01
17,78505,0,0.0,4694,1972,76533,0.01
17,78522,0,0.0,4695,1972,76550,0.01
17,78539,0,0.0,4696,1972,76567,0.01
17,78556,0,0.0,4697,1972,76584,0.01
17,78573,0,0.0,4698,1973,76600,0.01
17,78590,0,0.0,4699,1973,76617,0.01
17,78607,0,0.0,4700,1973,76634,0.01
17,78624,0,0.0,4701,1973,76651,0.01
23,78647,0,0.0,4702,1975,76672,0.01
17,78664,0,0.0,4703,1975,76689,0.01
17,78681,0,0.0,4704,1975,76706,0.01
17,78698,0,0.0,4705,1975,76723,0.01
17,78715,0,0.0,4706,1975,76740,0.01
17,78732,0,0.0,4707,1975,76757,0.01
17,78749,0,0.0,4708,1975,76774,0.01
17,78766,0,0.0,4709,1975,76791,0.01
17,78783,0,0.0,4710,1975,76808,0.01
17,78800,0,0.0,4711,1975,76825,0.01
17,78817,0,0.0,4712,1975,76842,0.01
17,78834,0,0.0,4713,1975,76859,0.01
17,78851,0,0.0,4714,1975,76876,0.01
17,78868,0,0.0,4715,1975,76893,0.01
17,78885,0,0.0,4716,1975,76910,0.01
17,78902,0,0.0,4717,1976,76926,0.01
17,78919,0,0.0,4718,1976,76943,0.01
17,78936,0,0.0,4719,1976,76960,0.01
17,78953,0,0.0,4720,1976,76977,0.01
17,78970,0,0.0,4721,1976,76994,0.01
17,78987,0,0.0,4722,1976,77011,0.01
17,79004,0,0.0,4723,1976,77028,0.01
17,79021,0,0.0,4724,1976,77045,0.01
17,79038,0,0.0,4725,1976,77062,0.01
17,79055,0,0.0,4726,1976,77079,0.01
17,79072,0,0.0,4727,1977,77095,0.01
17,79089,0,0.0,4728,1977,77112,0.01
17,79106,0,0.0,4729,1977,77129,0.01
17,79123,0,0.0,4730,1977,77146,0.01
17,79140,0,0.0,4731,1977,77163,0.01
17,79157,0,0.0,4732,1977,77180,0.01
17,79174,0,0.0,4733,1977,77197,0.01
17,79191,0,0.0,4734,1978,77213,0.01
17,79208,0,0.0,4735,1978,77230,0.01
17,79225,0,0.0,4736,1978,77247,0.01
17,79242,0,0.0,4737,1978,77264,0.01
17,79259,0,0.0,4738,1978,77281,0.01
17,79276,0,0.0,4739,1978,77298,0.01
17,79293,0,0.0,4740,1978,77315,0.01
17,79310,0,0.0,4741,1979,77331,0.01
16,79326,0,0.0,4742,1980,77346,0.01
17,79343,0,0.0,4743,1980,77363,0.01
17,79360,0,0.0,4744,1980,77380,0.01
17,79377,0,0.0,4745,1980,77397,0.01
17,79394,0,0.0,4746,1981,77413,0.01
17,79411,0,0.0,4747,1981,77430,0.01
23,79434,0,0.0,4748,1982,77452,0.01
17,79451,0,0.0,4749,1982,77469,0.01
17,79468,0,0.0,4750,1982,77486,0.01
17,79485,0,0.0,4751,1982,77503,0.01
17,79502,0,0.0,4752,1982,77520,0.01
17,79519,0,0.0,4753,1982,77537,0.01
17,79536,0,0.0,4754,1983,77553,0.01
17,79553,0,0.0,4755,1983,77570,0.01
17,79570,0,0.0,4756,1983,77587,0.01
17,79587,0,0.0,4757,1983,77604,0.01
17,79604,0,0.0,4758,1983,77621,0.01
17,79621,0,0.0,4759,1983,77638,0.01
17,79638,0,0.0,4760,1983,77655,0.01
17,79655,0,0.0,4761,1983,77672,0.01
17,79672,0,0.0,4762,1983,77689,0.01
17,79689,0,0.0,4763,1983,77706,0.01
17,79706,0,0.0,4764,1984,77722,0.01
17,79723,0,0.0,4765,1984,77739,0.01
17,79740,0,0.0,4766,1984,77756,0.01
17,79757,0,0.0,4767,1984,77773,0.01
17,79774,0,0.0,4768,1984,77790,0.01
17,79791,0,0.0,4769,1984,77807,0.01
17,79808,0,0.0,4770,1984,77824,0.01
17,79825,0,0.0,4771,1984,77841,0.01
5,79830,0,0.0,4772,1985,77845,0.01
17,79847,0,0.0,4773,1985,77862,0.01
17,79864,0,0.0,4774,1985,77879,0.01
17,79881,0,0.0,4775,1985,77896,0.01
2,79883,0,0.0,4776,1986,77897,0.01
17,79900,0,0.0,4777,1986,77914,0.01
17,79917,0,0.0,4778,1986,77931,0.01
17,79934,0,0.0,4779,1986,77948,0.01
17,79951,0,0.0,4780,1986,77965,0.01
17,79968,0,0.0,4781,1986,77982,0.01
17,79985,0,0.0,4782,1986,77999,0.01
17,80002,0,0.0,4783,1986,78016,0.01
17,80019,0,0.0,4784,1986,78033,0.01
17,80036,0,0.0,4785,1986,78050,0.01
17,80053,0,0.0,4786,1986,78067,0.01
17,80070,0,0.0,4787,1986,78084,0.01
17,80087,0,0.0,4788,1986,78101,0.01
17,80104,0,0.0,4789,1986,78118,0.01
17,80121,0,0.0,4790,1986,78135,0.01
17,80138,0,0.0,4791,1986,78152,0.01
17,80155,0,0.0,4792,1986,78169,0.01
17,80172,0,0.0,4793,1986,78186,0.01
17,80189,0,0.0,4794,1986,78203,0.01
17,80206,0,0.0,4795,1987,78219,0.01
17,80223,0,0.0,4796,1987,78236,0.01
17,80240,0,0.0,4797,1987,78253,0.01
17,80257,0,0.0,4798,1987,78270,0.01
17,80274,0,0.0,4799,1987,78287,0.01
17,80291,0,0.0,4800,1987,78304,0.01
17,80308,0,0.0,4801,1987,78321,0.01
17,80325,0,0.0,4802,1987,78338,0.01
17,80342,0,0.0,4803,1987,78355,0.01
17,80359,0,0.0,4804,1987,78372,0.01
17,80376,0,0.0,4805,1988,78388,0.01
21,80397,0,0.0,4806,1990,78407,0.01
17,80414,0,0.0,4807,1990,78424,0.01
17,80431,0,0.0,4808,1990,78441,0.01
17,80448,0,0.0,4809,1990,78458,0.01
17,80465,0,0.0,4810,1990,78475,0.01
17,80482,0,0.0,4811,1990,78492,0.01
17,80499,0,0.0,4812,1990,78509,0.01
17,80516,0,0.0,4813,1990,78526,0.01
17,80533,0,0.0,4814,1990,78543,0.01
17,80550,0,0.0,4815,1990,78560,0.01
17,80567,0,0.0,4816,1990,78577,0.01
17,80584,0,0.0,4817,1990,78594,0.01
17,80601,0,0.0,4818,1990,78611,0.01
17,80618,0,0.0,4819,1991,78627,0.01
17,80635,0,0.0,4820,1991,78644,0.01
17,80652,0,0.0,4821,1992,78660,0.01
17,80669,0,0.0,4822,1992,78677,0.01
17,80686,0,0.0,4823,1993,78693,0.01
17,80703,0,0.0,4824,1993,78710,0.01
17,80720,0,0.0,4825,1993,78727,0.01
17,80737,0,0.0,4826,1993,78744,0.01
17,80754,0,0.0,4827,1993,78761,0.01
17,80771,0,0.0,4828,1993,78778,0.01
17,80788,0,0.0,4829,1993,78795,0.01
17,80805,0,0.0,4830,1993,78812,0.01
17,80822,0,0.0,4831,1993,78829,0.01
17,80839,0,0.0,4832,1993,78846,0.01
17,80856,0,0.0,4833,1993,78863,0.01
17,80873,0,0.0,4834,1993,78880,0.01
15,80888,0,0.0,4835,1994,78894,0.01
17,80905,0,0.0,4836,1994,78911,0.01
17,80922,0,0.0,4837,1994,78928,0.01
17,80939,0,0.0,4838,1994,78945,0.01
17,80956,0,0.0,4839,1994,78962,0.01
17,80973,0,0.0,4840,1995,78978,0.01
27,81000,0,0.0,4841,1997,79003,0.01
17,81017,0,0.0,4842,1997,79020,0.01
17,81034,0,0.0,4843,1997,79037,0.01
23,81057,0,0.0,4844,1998,79059,0.01
17,81074,0,0.0,4845,1998,79076,0.01
17,81091,0,0.0,4846,1998,79093,0.01
17,81108,0,0.0,4847,1998,79110,0.01
17,81125,0,0.0,4848,1998,79127,0.01
17,81142,0,0.0,4849,1999,79143,0.01
17,81159,0,0.0,4850,1999,79160,0.01
17,81176,0,0.0,4851,1999,79177,0.01
17,81193,0,0.0,4852,1999,79194,0.01
17,81210,0,0.0,4853,1999,79211,0.01
17,81227,0,0.0,4854,1999,79228,0.01
17,81244,0,0.0,4855,1999,79245,0.01
17,81261,0,0.0,4856,1999,79262,0.01
17,81278,0,0.0,4857,1999,79279,0.01
17,81295,0,0.0,4858,1999,79296,0.01
17,81312,0,0.0,4859,1999,79313,0.01
17,81329,0,0.0,4860,2000,79329,0.01
17,81346,0,0.0,4861,2000,79346,0.01
16,81362,0,0.0,4862,2001,79361,0.01
17,81379,0,0.0,4863,2001,79378,0.01
17,81396,0,0.0,4864,2001,79395,0.01
17,81413,0,0.0,4865,2001,79412,0.01
17,81430,0,0.0,4866,2001,79429,0.01
17,81447,0,0.0,4867,2001,79446,0.01
17,81464,0,0.0,4868,2001,79463,0.01
14,81478,0,0.0,4869,2002,79476,0.01
17,81495,0,0.0,4870,2002,79493,0.01
17,81512,0,0.0,4871,2002,79510,0.01
17,81529,0,0.0,4872,2002,79527,0.01
17,81546,0,0.0,4873,2002,79544,0.01
17,81563,0,0.0,4874,2002,79561,0.01
17,81580,0,0.0,4875,2002,79578,0.01
17,81597,0,0.0,4876,2002,79595,0.01
17,81614,0,0.0,4877,2002,79612,0.01
17,81631,0,0.0,4878,2002,79629,0.01
17,81648,0,0.0,4879,2002,79646,0.01
17,81665,0,0.0,4880,2002,79663,0.01
17,81682,0,0.0,4881,2002,79680,0.01
17,81699,0,0.0,4882,2002,79697,0.01
17,81716,0,0.0,4883,2002,79714,0.01
17,81733,0,0.0,4884,2002,79731,0.01
17,81750,0,0.0,4885,2002,79748,0.01
17,81767,0,0.0,4886,2002,79765,0.01
17,81784,0,0.0,4887,2002,79782,0.01
17,81801,0,0.0,4888,2003,79798,0.01
17,81818,0,0.0,4889,2003,79815,0.01
17,81835,0,0.0,4890,2003,79832,0.01
17,81852,0,0.0,4891,2003,79849,0.01
17,81869,0,0.0,4892,2003,79866,0.01
17,81886,0,0.0,4893,2004,79882,0.01
17,81903,0,0.0,4894,2004,79899,0.01
17,81920,0,0.0,4895,2004,79916,0.01
17,81937,0,0.0,4896,2005,79932,0.01
15,81952,0,0.0,4897,2006,79946,0.01
17,81969,0,0.0,4898,2006,79963,0.01
17,81986,0,0.0,4899,2007,79979,0.01
17,82003,0,0.0,4900,2007,79996,0.01
17,82020,0,0.0,4901,2008,80012,0.01
17,82037,0,0.0,4902,2008,80029,0.01
23,82060,0,0.0,4903,2009,80051,0.01
17,82077,0,0.0,4904,2009,80068,0.01
17,82094,0,0.0,4905,2009,80085,0.01
5,82099,0,0.0,4906,2010,80089,0.01
17,82116,0,0.0,4907,2010,80106,0.01
17,82133,0,0.0,4908,2011,80122,0.01
17,82150,0,0.0,4909,2011,80139,0.01
17,82167,0,0.0,4910,2012,80155,0.01
17,82184,0,0.0,4911,2012,80172,0.01
17,82201,0,0.0,4912,2012,80189,0.01
17,82218,0,0.0,4913,2012,80206,0.01
17,82235,0,0.0,4914,2013,80222,0.01
17,82252,0,0.0,4915,2013,80239,0.01
17,82269,0,0.0,4916,2014,80255,0.01
17,82286,0,0.0,4917,2014,80272,0.01
17,82303,0,0.0,4918,2014,80289,0.01
17,82320,0,0.0,4919,2014,80306,0.01
17,82337,0,0.0,4920,2014,80323,0.01
17,82354,0,0.0,4921,2014,80340,0.01
17,82371,0,0.0,4922,2016,80355,0.01
17,82388,0,0.0,4923,2016,80372,0.01
17,82405,0,0.0,4924,2016,80389,0.01
17,82422,0,0.0,4925,2016,80406,0.01
17,82439,0,0.0,4926,2016,80423,0.01
17,82456,0,0.0,4927,2016,80440,0.01
17,82473,0,0.0,4928,2016,80457,0.01
17,82490,0,0.0,4929,2016,80474,0.01
17,82507,0,0.0,4930,2016,80491,0.01
17,82524,0,0.0,4931,2016,80508,0.01
16,82540,0,0.0,4932,2017,80523,0.01
17,82557,0,0.0,4933,2017,80540,0.01
17,82574,0,0.0,4934,2017,80557,0.01
17,82591,0,0.0,4935,2017,80574,0.01
17,82608,0,0.0,4936,2017,80591,0.01
17,82625,0,0.0,4937,2017,80608,0.01
17,82642,0,0.0,4938,2017,80625,0.01
17,82659,0,0.0,4939,2017,80642,0.01
17,82676,0,0.0,4940,2018,80658,0.01
17,82693,0,0.0,4941,2018,80675,0.01
17,82710,0,0.0,4942,2018,80692,0.01
17,82727,0,0.0,4943,2018,80709,0.01
17,82744,0,0.0,4944,2018,80726,0.01
27,82771,0,0.0,4945,2019,80752,0.01
17,82788,0,0.0,4946,2019,80769,0.01
17,82805,0,0.0,4947,2019,80786,0.01
17,82822,0,0.0,4948,2019,80803,0.01
17,82839,0,0.0,4949,2019,80820,0.01
17,82856,0,0.0,4950,2019,80837,0.01
17,82873,0,0.0,4951,2019,80854,0.01
17,82890,0,0.0,4952,2019,80871,0.01
17,82907,0,0.0,4953,2019,80888,0.01
17,82924,0,0.0,4954,2019,80905,0.01
17,82941,0,0.0,4955,2019,80922,0.01
17,82958,0,0.0,4956,2019,80939,0.01
17,82975,0,0.0,4957,2019,80956,0.01
17,82992,0,0.0,4958,2019,80973,0.01
17,83009,0,0.0,4959,2019,80990,0.01
17,83026,0,0.0,4960,2019,81007,0.01
17,83043,0,0.0,4961,2020,81023,0.01
17,83060,0,0.0,4962,2021,81039,0.01
17,83077,0,0.0,4963,2021,81056,0.01
17,83094,0,0.0,4964,2021,81073,0.01
17,83111,0,0.0,4965,2021,81090,0.01
17,83128,0,0.0,4966,2021,81107,0.01
17,83145,0,0.0,4967,2021,81124,0.01
17,83162,0,0.0,4968,2021,81141,0.01
17,83179,0,0.0,4969,2021,81158,0.01
17,83196,0,0.0,4970,2021,81175,0.01
17,83213,0,0.0,4971,2021,81192,0.01
17,83230,0,0.0,4972,2021,81209,0.01
17,83247,0,0.0,4973,2021,81226,0.01
17,83264,0,0.0,4974,2021,81243,0.01
17,83281,0,0.0,4975,2021,81260,0.01
5,83286,0,0.0,4976,2022,81264,0.01
17,83303,0,0.0,4977,2022,81281,0.01
17,83320,0,0.0,4978,2022,81298,0.01
16,83336,0,0.0,4979,2023,81313,0.01
17,83353,0,0.0,4980,2023,81330,0.01
17,83370,0,0.0,4981,2023,81347,0.01
17,83387,0,0.0,4982,2023,81364,0.01
17,83404,0,0.0,4983,2023,81381,0.01
17,83421,0,0.0,4984,2023,81398,0.01
17,83438,0,0.0,4985,2023,81415,0.01
17,83455,0,0.0,4986,2023,81432,0.01
17,83472,0,0.0,4987,2024,81448,0.01
17,83489,0,0.0,4988,2025,81464,0.01
17,83506,0,0.0,4989,2025,81481,0.01
17,83523,0,0.0,4990,2025,81498,0.01
17,83540,0,0.0,4991,2025,81515,0.01
17,83557,0,0.0,4992,2025,81532,0.01
17,83574,0,0.0,4993,2025,81549,0.01
17,83591,0,0.0,4994,2025,81566,0.01
17,83608,0,0.0,4995,2025,81583,0.01
17,83625,0,0.0,4996,2025,81600,0.01
17,83642,0,0.0,4997,2025,81617,0.01
17,83659,0,0.0,4998,2025,81634,0.01
17,83676,0,0.0,4999,2026,81650,0.01
17,83693,0,0.0,5000,2027,81666,0.01
17,83710,0,0.0,5001,2027,81683,0.01
15,83725,0,0.0,5002,2028,81697,0.01
17,83742,0,0.0,5003,2028,81714,0.01
17,83759,0,0.0,5004,2028,81731,0.01
17,83776,0,0.0,5005,2028,81748,0.01
17,83793,0,0.0,5006,2028,81765,0.01
23,83816,0,0.0,5007,2029,81787,0.01
17,83833,0,0.0,5008,2029,81804,0.01
17,83850,0,0.0,5009,2029,81821,0.01
17,83867,0,0.0,5010,2030,81837,0.01
17,83884,0,0.0,5011,2030,81854,0.01
17,83901,0,0.0,5012,2031,81870,0.01
17,83918,0,0.0,5013,2032,81886,0.01
17,83935,0,0.0,5014,2032,81903,0.01
17,83952,0,0.0,5015,2032,81920,0.01
17,83969,0,0.0,5016,2032,81937,0.01
17,83986,0,0.0,5017,2032,81954,0.01
17,84003,0,0.0,5018,2032,81971,0.01
17,84020,0,0.0,5019,2033,81987,0.01
17,84037,0,0.0,5020,2033,82004,0.01
17,84054,0,0.0,5021,2033,82021,0.01
17,84071,0,0.0,5022,2033,82038,0.01
17,84088,0,0.0,5023,2033,82055,0.01
23,84111,0,0.0,5024,2034,82077,0.01
17,84128,0,0.0,5025,2035,82093,0.01
17,84145,0,0.0,5026,2035,82110,0.01
17,84162,0,0.0,5027,2035,82127,0.01
17,84179,0,0.0,5028,2035,82144,0.01
17,84196,0,0.0,5029,2035,82161,0.01
17,84213,0,0.0,5030,2035,82178,0.01
17,84230,0,0.0,5031,2035,82195,0.01
17,84247,0,0.0,5032,2035,82212,0.01
17,84264,0,0.0,5033,2035,82229,0.01
17,84281,0,0.0,5034,2035,82246,0.01
17,84298,0,0.0,5035,2036,82262,0.01
17,84315,0,0.0,5036,2036,82279,0.01
14,84329,0,0.0,5037,2037,82292,0.01
17,84346,0,0.0,5038,2037,82309,0.01
17,84363,0,0.0,5039,2037,82326,0.01
17,84380,0,0.0,5040,2037,82343,0.01
17,84397,0,0.0,5041,2037,82360,0.01
16,84413,0,0.0,5042,2038,82375,0.01
17,84430,0,0.0,5043,2038,82392,0.01
17,84447,0,0.0,5044,2038,82409,0.01
23,84470,0,0.0,5045,2039,82431,0.01
17,84487,0,0.0,5046,2039,82448,0.01
23,84510,0,0.0,5047,2040,82470,0.01
17,84527,0,0.0,5048,2041,82486,0.01
17,84544,0,0.0,5049,2041,82503,0.01
17,84561,0,0.0,5050,2041,82520,0.01
17,84578,0,0.0,5051,2041,82537,0.01
17,84595,0,0.0,5052,2041,82554,0.01
17,84612,0,0.0,5053,2041,82571,0.01
16,84628,0,0.0,5054,2042,82586,0.01
17,84645,0,0.0,5055,2042,82603,0.01
17,84662,0,0.0,5056,2042,82620,0.01
6,84668,0,0.0,5057,2043,82625,0.01
17,84685,0,0.0,5058,2043,82642,0.01
17,84702,0,0.0,5059,2043,82659,0.01
17,84719,0,0.0,5060,2043,82676,0.01
17,84736,0,0.0,5061,2043,82693,0.01
17,84753,0,0.0,5062,2043,82710,0.01
17,84770,0,0.0,5063,2043,82727,0.01
17,84787,0,0.0,5064,2043,82744,0.01
17,84804,0,0.0,5065,2043,82761,0.01
17,84821,0,0.0,5066,2043,82778,0.01
17,84838,0,0.0,5067,2043,82795,0.01
17,84855,0,0.0,5068,2043,82812,0.01
17,84872,0,0.0,5069,2043,82829,0.01
17,84889,0,0.0,5070,2043,82846,0.01
27,84916,0,0.0,5071,2045,82871,0.01
17,84933,0,0.0,5072,2045,82888,0.01
17,84950,0,0.0,5073,2045,82905,0.01
27,84977,0,0.0,5074,2046,82931,0.01
17,84994,0,0.0,5075,2047,82947,0.01
17,85011,0,0.0,5076,2047,82964,0.01
17,85028,0,0.0,5077,2047,82981,0.01
17,85045,0,0.0,5078,2047,82998,0.01
17,85062,0,0.0,5079,2047,83015,0.01
17,85079,0,0.0,5080,2047,83032,0.01
17,85096,0,0.0,5081,2047,83049,0.01
17,85113,0,0.0,5082,2047,83066,0.01
17,85130,0,0.0,5083,2047,83083,0.01
17,85147,0,0.0,5084,2047,83100,0.01
17,85164,0,0.0,5085,2047,83117,0.01
17,85181,0,0.0,5086,2047,83134,0.01
17,85198,0,0.0,5087,2047,83151,0.01
17,85215,0,0.0,5088,2047,83168,0.01
17,85232,0,0.0,5089,2048,83184,0.01
17,85249,0,0.0,5090,2048,83201,0.01
17,85266,0,0.0,5091,2048,83218,0.01
17,85283,0,0.0,5092,2049,83234,0.01
17,85300,0,0.0,5093,2050,83250,0.01
17,85317,0,0.0,5094,2050,83267,0.01
17,85334,0,0.0,5095,2050,83284,0.01
17,85351,0,0.0,5096,2050,83301,0.01
17,85368,0,0.0,5097,2050,83318,0.01
17,85385,0,0.0,5098,2050,83335,0.01
17,85402,0,0.0,5099,2050,83352,0.01
17,85419,0,0.0,5100,2050,83369,0.01
17,85436,0,0.0,5101,2050,83386,0.01
17,85453,0,0.0,5102,2050,83403,0.01
17,85470,0,0.0,5103,2051,83419,0.01
17,85487,0,0.0,5104,2052,83435,0.01
17,85504,0,0.0,5105,2052,83452,0.01
23,85527,0,0.0,5106,2053,83474,0.01
17,85544,0,0.0,5107,2053,83491,0.01
17,85561,0,0.0,5108,2053,83508,0.01
17,85578,0,0.0,5109,2053,83525,0.01
17,85595,0,0.0,5110,2053,83542,0.01
17,85612,0,0.0,5111,2053,83559,0.01
17,85629,0,0.0,5112,2054,83575,0.01
17,85646,0,0.0,5113,2054,83592,0.01
17,85663,0,0.0,5114,2054,83609,0.01
17,85680,0,0.0,5115,2054,83626,0.01
17,85697,0,0.0,5116,2056,83641,0.01
17,85714,0,0.0,5117,2056,83658,0.01
17,85731,0,0.0,5118,2056,83675,0.01
17,85748,0,0.0,5119,2056,83692,0.01
17,85765,0,0.0,5120,2057,83708,0.01
17,85782,0,0.0,5121,2057,83725,0.01
17,85799,0,0.0,5122,2057,83742,0.01
17,85816,0,0.0,5123,2057,83759,0.01
17,85833,0,0.0,5124,2057,83776,0.01
17,85850,0,0.0,5125,2057,83793,0.01
17,85867,0,0.0,5126,2057,83810,0.01
17,85884,0,0.0,5127,2058,83826,0.01
17,85901,0,0.0,5128,2058,83843,0.01
17,85918,0,0.0,5129,2058,83860,0.01
17,85935,0,0.0,5130,2058,83877,0.01
17,85952,0,0.0,5131,2058,83894,0.01
17,85969,0,0.0,5132,2058,83911,0.01
17,85986,0,0.0,5133,2059,83927,0.01
17,86003,0,0.0,5134,2059,83944,0.01
17,86020,0,0.0,5135,2059,83961,0.01
17,86037,0,0.0,5136,2059,83978,0.01
17,86054,0,0.0,5137,2059,83995,0.01
17,86071,0,0.0,5138,2059,84012,0.01
17,86088,0,0.0,5139,2059,84029,0.01
17,86105,0,0.0,5140,2059,84046,0.01
17,86122,0,0.0,5141,2059,84063,0.01
17,86139,0,0.0,5142,2059,84080,0.01
17,86156,0,0.0,5143,2059,84097,0.01
17,86173,0,0.0,5144,2059,84114,0.01
17,86190,0,0.0,5145,2059,84131,0.01
17,86207,0,0.0,5146,2060,84147,0.01
17,86224,0,0.0,5147,2060,84164,0.01
17,86241,0,0.0,5148,2060,84181,0.01
17,86258,0,0.0,5149,2060,84198,0.01
17,86275,0,0.0,5150,2060,84215,0.01
23,86298,0,0.0,5151,2062,84236,0.01
17,86315,0,0.0,5152,2062,84253,0.01
17,86332,0,0.0,5153,2062,84270,0.01
17,86349,0,0.0,5154,2062,84287,0.01
17,86366,0,0.0,5155,2062,84304,0.01
17,86383,0,0.0,5156,2062,84321,0.01
17,86400,0,0.0,5157,2062,84338,0.01
17,86417,0,0.0,5158,2062,84355,0.01
17,86434,0,0.0,5159,2062,84372,0.01
17,86451,0,0.0,5160,2063,84388,0.01
17,86468,0,0.0,5161,2063,84405,0.01
17,86485,0,0.0,5162,2063,84422,0.01
17,86502,0,0.0,5163,2063,84439,0.01
17,86519,0,0.0,5164,2063,84456,0.01
17,86536,0,0.0,5165,2063,84473,0.01
17,86553,0,0.0,5166,2063,84490,0.01
17,86570,0,0.0,5167,2063,84507,0.01
17,86587,0,0.0,5168,2063,84524,0.01
17,86604,0,0.0,5169,2063,84541,0.01
17,86621,0,0.0,5170,2063,84558,0.01
17,86638,0,0.0,5171,2063,84575,0.01
17,86655,0,0.0,5172,2064,84591,0.01
17,86672,0,0.0,5173,2064,84608,0.01
17,86689,0,0.0,5174,2064,84625,0.01
17,86706,0,0.0,5175,2064,84642,0.01
17,86723,0,0.0,5176,2065,84658,0.01
17,86740,0,0.0,5177,2066,84674,0.01
17,86757,0,0.0,5178,2066,84691,0.01
17,86774,0,0.0,5179,2066,84708,0.01
17,86791,0,0.0,5180,2066,84725,0.01
17,86808,0,0.0,5181,2066,84742,0.01
17,86825,0,0.0,5182,2066,84759,0.01
17,86842,0,0.0,5183,2067,84775,0.01
17,86859,0,0.0,5184,2067,84792,0.01
17,86876,0,0.0,5185,2067,84809,0.01
17,86893,0,0.0,5186,2067,84826,0.01
17,86910,0,0.0,5187,2067,84843,0.01
17,86927,0,0.0,5188,2067,84860,0.01
17,86944,0,0.0,5189,2067,84877,0.01
17,86961,0,0.0,5190,2067,84894,0.01
17,86978,0,0.0,5191,2067,84911,0.01
17,86995,0,0.0,5192,2068,84927,0.01
17,87012,0,0.0,5193,2068,84944,0.01
17,87029,0,0.0,5194,2069,84960,0.01
17,87046,0,0.0,5195,2069,84977,0.01
17,87063,0,0.0,5196,2069,84994,0.01
17,87080,0,0.0,5197,2069,85011,0.01
17,87097,0,0.0,5198,2069,85028,0.01
23,87120,0,0.0,5199,2070,85050,0.01
17,87137,0,0.0,5200,2070,85067,0.01
17,87154,0,0.0,5201,2071,85083,0.01
17,87171,0,0.0,5202,2071,85100,0.01
17,87188,0,0.0,5203,2071,85117,0.01
17,87205,0,0.0,5204,2071,85134,0.01
17,87222,0,0.0,5205,2071,85151,0.01
17,87239,0,0.0,5206,2071,85168,0.01
17,87256,0,0.0,5207,2071,85185,0.01
17,87273,0,0.0,5208,2071,85202,0.01
17,87290,0,0.0,5209,2071,85219,0.01
23,87313,0,0.0,5210,2072,85241,0.01
16,87329,0,0.0,5211,2073,85256,0.01
17,87346,0,0.0,5212,2073,85273,0.01
17,87363,0,0.0,5213,2073,85290,0.01
17,87380,0,0.0,5214,2073,85307,0.01
17,87397,0,0.0,5215,2073,85324,0.01
17,87414,0,0.0,5216,2073,85341,0.01
17,87431,0,0.0,5217,2073,85358,0.01
17,87448,0,0.0,5218,2073,85375,0.01
17,87465,0,0.0,5219,2073,85392,0.01
17,87482,0,0.0,5220,2073,85409,0.01
17,87499,0,0.0,5221,2073,85426,0.01
17,87516,0,0.0,5222,2073,85443,0.01
17,87533,0,0.0,5223,2073,85460,0.01
17,87550,0,0.0,5224,2073,85477,0.01
17,87567,0,0.0,5225,2073,85494,0.01
17,87584,0,0.0,5226,2073,85511,0.01
17,87601,0,0.0,5227,2073,85528,0.01
17,87618,0,0.0,5228,2073,85545,0.01
17,87635,0,0.0,5229,2073,85562,0.01
17,87652,0,0.0,5230,2074,85578,0.01
17,87669,0,0.0,5231,2074,85595,0.01
17,87686,0,0.0,5232,2074,85612,0.01
17,87703,0,0.0,5233,2075,85628,0.01
17,87720,0,0.0,5234,2075,85645,0.01
17,87737,0,0.0,5235,2075,85662,0.01
17,87754,0,0.0,5236,2075,85679,0.01
17,87771,0,0.0,5237,2075,85696,0.01
6,87777,0,0.0,5238,2076,85701,0.01
17,87794,0,0.0,5239,2076,85718,0.01
17,87811,0,0.0,5240,2076,85735,0.01
17,87828,0,0.0,5241,2076,85752,0.01
17,87845,0,0.0,5242,2076,85769,0.01
17,87862,0,0.0,5243,2076,85786,0.01
17,87879,0,0.0,5244,2076,85803,0.01
17,87896,0,0.0,5245,2076,85820,0.01
17,87913,0,0.0,5246,2076,85837,0.01
17,87930,0,0.0,5247,2077,85853,0.01
17,87947,0,0.0,5248,2077,85870,0.01
17,87964,0,0.0,5249,2077,85887,0.01
17,87981,0,0.0,5250,2077,85904,0.01
17,87998,0,0.0,5251,2077,85921,0.01
17,88015,0,0.0,5252,2077,85938,0.01
17,88032,0,0.0,5253,2077,85955,0.01
17,88049,0,0.0,5254,2077,85972,0.01
17,88066,0,0.0,5255,2077,85989,0.01
17,88083,0,0.0,5256,2077,86006,0.01
17,88100,0,0.0,5257,2078,86022,0.01
17,88117,0,0.0,5258,2079,86038,0.01
17,88134,0,0.0,5259,2079,86055,0.01
17,88151,0,0.0,5260,2079,86072,0.01
17,88168,0,0.0,5261,2079,86089,0.01
17,88185,0,0.0,5262,2079,86106,0.01
16,88201,0,0.0,5263,2080,86121,0.01
17,88218,0,0.0,5264,2080,86138,0.01
17,88235,0,0.0,5265,2080,86155,0.01
17,88252,0,0.0,5266,2080,86172,0.01
17,88269,0,0.0,5267,2080,86189,0.01
17,88286,0,0.0,5268,2080,86206,0.01
17,88303,0,0.0,5269,2080,86223,0.01
17,88320,0,0.0,5270,2081,86239,0.01
17,88337,0,0.0,5271,2081,86256,0.01
17,88354,0,0.0,5272,2081,86273,0.01
2,88356,0,0.0,5273,2082,86274,0.01
17,88373,0,0.0,5274,2082,86291,0.01
17,88390,0,0.0,5275,2082,86308,0.01
17,88407,0,0.0,5276,2084,86323,0.01
17,88424,0,0.0,5277,2084,86340,0.01
17,88441,0,0.0,5278,2084,86357,0.01
17,88458,0,0.0,5279,2084,86374,0.01
17,88475,0,0.0,5280,2084,86391,0.01
17,88492,0,0.0,5281,2084,86408,0.01
17,88509,0,0.0,5282,2084,86425,0.01
17,88526,0,0.0,5283,2084,86442,0.01
17,88543,0,0.0,5284,2084,86459,0.01
23,88566,0,0.0,5285,2085,86481,0.01
17,88583,0,0.0,5286,2085,86498,0.01
17,88600,0,0.0,5287,2085,86515,0.01
17,88617,0,0.0,5288,2085,86532,0.01
17,88634,0,0.0,5289,2085,86549,0.01
17,88651,0,0.0,5290,2085,86566,0.01
17,88668,0,0.0,5291,2085,86583,0.01
17,88685,0,0.0,5292,2085,86600,0.01
17,88702,0,0.0,5293,2085,86617,0.01
17,88719,0,0.0,5294,2085,86634,0.01
17,88736,0,0.0,5295,2085,86651,0.01
17,88753,0,0.0,5296,2085,86668,0.01
17,88770,0,0.0,5297,2085,86685,0.01
17,88787,0,0.0,5298,2085,86702,0.01
17,88804,0,0.0,5299,2085,86719,0.01
17,88821,0,0.0,5300,2085,86736,0.01
17,88838,0,0.0,5301,2085,86753,0.01
17,88855,0,0.0,5302,2085,86770,0.01
17,88872,0,0.0,5303,2085,86787,0.01
17,88889,0,0.0,5304,2085,86804,0.01
17,88906,0,0.0,5305,2085,86821,0.01
17,88923,0,0.0,5306,2086,86837,0.01
5,88928,0,0.0,5307,2087,86841,0.01
17,88945,0,0.0,5308,2088,86857,0.01
17,88962,0,0.0,5309,2088,86874,0.01
17,88979,0,0.0,5310,2088,86891,0.01
17,88996,0,0.0,5311,2088,86908,0.01
17,89013,0,0.0,5312,2088,86925,0.01
17,89030,0,0.0,5313,2088,86942,0.01
5,89035,0,0.0,5314,2089,86946,0.01
17,89052,0,0.0,5315,2089,86963,0.01
17,89069,0,0.0,5316,2089,86980,0.01
17,89086,0,0.0,5317,2089,86997,0.01
17,89103,0,0.0,5318,2089,87014,0.01
17,89120,0,0.0,5319,2089,87031,0.01
17,89137,0,0.0,5320,2089,87048,0.01
17,89154,0,0.0,5321,2090,87064,0.01
17,89171,0,0.0,5322,2090,87081,0.01
17,89188,0,0.0,5323,2090,87098,0.01
17,89205,0,0.0,5324,2090,87115,0.01
17,89222,0,0.0,5325,2090,87132,0.01
17,89239,0,0.0,5326,2090,87149,0.01
17,89256,0,0.0,5327,2090,87166,0.01
17,89273,0,0.0,5328,2090,87183,0.01
17,89290,0,0.0,5329,2090,87200,0.01
17,89307,0,0.0,5330,2090,87217,0.01
17,89324,0,0.0,5331,2090,87234,0.01
17,89341,0,0.0,5332,2090,87251,0.01
17,89358,0,0.0,5333,2090,87268,0.01
17,89375,0,0.0,5334,2090,87285,0.01
17,89392,0,0.0,5335,2090,87302,0.01
17,89409,0,0.0,5336,2090,87319,0.01
17,89426,0,0.0,5337,2090,87336,0.01
17,89443,0,0.0,5338,2090,87353,0.01
17,89460,0,0.0,5339,2090,87370,0.01
17,89477,0,0.0,5340,2090,87387,0.01
17,89494,0,0.0,5341,2090,87404,0.01
17,89511,0,0.0,5342,2090,87421,0.01
17,89528,0,0.0,5343,2090,87438,0.01
17,89545,0,0.0,5344,2090,87455,0.01
17,89562,0,0.0,5345,2090,87472,0.01
17,89579,0,0.0,5346,2090,87489,0.01
17,89596,0,0.0,5347,2090,87506,0.01
17,89613,0,0.0,5348,2090,87523,0.01
17,89630,0,0.0,5349,2090,87540,0.01
17,89647,0,0.0,5350,2090,87557,0.01
17,89664,0,0.0,5351,2090,87574,0.01
17,89681,0,0.0,5352,2090,87591,0.01
17,89698,0,0.0,5353,2090,87608,0.01
17,89715,0,0.0,5354,2090,87625,0.01
17,89732,0,0.0,5355,2090,87642,0.01
17,89749,0,0.0,5356,2090,87659,0.01
17,89766,0,0.0,5357,2090,87676,0.01
17,89783,0,0.0,5358,2090,87693,0.01
17,89800,0,0.0,5359,2090,87710,0.01
16,89816,0,0.0,5360,2091,87725,0.01
17,89833,0,0.0,5361,2091,87742,0.01
17,89850,0,0.0,5362,2091,87759,0.01
17,89867,0,0.0,5363,2091,87776,0.01
17,89884,0,0.0,5364,2091,87793,0.01
23,89907,0,0.0,5365,2092,87815,0.01
17,89924,0,0.0,5366,2092,87832,0.01
17,89941,0,0.0,5367,2092,87849,0.01
17,89958,0,0.0,5368,2092,87866,0.01
17,89975,0,0.0,5369,2092,87883,0.01
17,89992,0,0.0,5370,2092,87900,0.01
17,90009,0,0.0,5371,2092,87917,0.01
17,90026,0,0.0,5372,2092,87934,0.01
17,90043,0,0.0,5373,2092,87951,0.01
17,90060,0,0.0,5374,2092,87968,0.01
17,90077,0,0.0,5375,2092,87985,0.01
17,90094,0,0.0,5376,2092,88002,0.01
17,90111,0,0.0,5377,2092,88019,0.01
17,90128,0,0.0,5378,2093,88035,0.01
17,90145,0,0.0,5379,2093,88052,0.01
17,90162,0,0.0,5380,2093,88069,0.01
17,90179,0,0.0,5381,2093,88086,0.01
17,90196,0,0.0,5382,2093,88103,0.01
17,90213,0,0.0,5383,2093,88120,0.01
17,90230,0,0.0,5384,2093,88137,0.01
17,90247,0,0.0,5385,2093,88154,0.01
17,90264,0,0.0,5386,2093,88171,0.01
17,90281,0,0.0,5387,2093,88188,0.01
3,90284,0,0.0,5388,2094,88190,0.01
17,90301,0,0.0,5389,2094,88207,0.01
17,90318,0,0.0,5390,2095,88223,0.01
17,90335,0,0.0,5391,2095,88240,0.01
17,90352,0,0.0,5392,2095,88257,0.01
17,90369,0,0.0,5393,2095,88274,0.01
17,90386,0,0.0,5394,2095,88291,0.01
17,90403,0,0.0,5395,2095,88308,0.01
17,90420,0,0.0,5396,2095,88325,0.01
17,90437,0,0.0,5397,2095,88342,0.01
17,90454,0,0.0,5398,2095,88359,0.01
17,90471,0,0.0,5399,2095,88376,0.01
17,90488,0,0.0,5400,2095,88393,0.01
17,90505,0,0.0,5401,2095,88410,0.01
17,90522,0,0.0,5402,2095,88427,0.01
17,90539,0,0.0,5403,2095,88444,0.01
17,90556,0,0.0,5404,2095,88461,0.01
17,90573,0,0.0,5405,2095,88478,0.01
17,90590,0,0.0,5406,2095,88495,0.01
23,90613,0,0.0,5407,2096,88517,0.01
17,90630,0,0.0,5408,2096,88534,0.01
17,90647,0,0.0,5409,2096,88551,0.01
17,90664,0,0.0,5410,2096,88568,0.01
16,90680,0,0.0,5411,2097,88583,0.01
17,90697,0,0.0,5412,2097,88600,0.01
17,90714,0,0.0,5413,2097,88617,0.01
17,90731,0,0.0,5414,2097,88634,0.01
17,90748,0,0.0,5415,2097,88651,0.01
17,90765,0,0.0,5416,2097,88668,0.01
17,90782,0,0.0,5417,2097,88685,0.01
17,90799,0,0.0,5418,2097,88702,0.01
2,90801,0,0.0,5419,2098,88703,0.01
17,90818,0,0.0,5420,2098,88720,0.01
17,90835,0,0.0,5421,2099,88736,0.01
17,90852,0,0.0,5422,2099,88753,0.01
17,90869,0,0.0,5423,2099,88770,0.01
17,90886,0,0.0,5424,2099,88787,0.01
17,90903,0,0.0,5425,2099,88804,0.01
17,90920,0,0.0,5426,2099,88821,0.01
17,90937,0,0.0,5427,2099,88838,0.01
17,90954,0,0.0,5428,2099,88855,0.01
16,90970,0,0.0,5429,2100,88870,0.01
17,90987,0,0.0,5430,2100,88887,0.01
16,91003,0,0.0,5431,2101,88902,0.01
17,91020,0,0.0,5432,2101,88919,0.01
17,91037,0,0.0,5433,2101,88936,0.01
17,91054,0,0.0,5434,2101,88953,0.01
17,91071,0,0.0,5435,2101,88970,0.01
17,91088,0,0.0,5436,2101,88987,0.01
17,91105,0,0.0,5437,2101,89004,0.01
17,91122,0,0.0,5438,2101,89021,0.01
17,91139,0,0.0,5439,2102,89037,0.01
17,91156,0,0.0,5440,2102,89054,0.01
17,91173,0,0.0,5441,2102,89071,0.01
17,91190,0,0.0,5442,2102,89088,0.01
17,91207,0,0.0,5443,2102,89105,0.01
17,91224,0,0.0,5444,2102,89122,0.01
17,91241,0,0.0,5445,2102,89139,0.01
17,91258,0,0.0,5446,2102,89156,0.01
23,91281,0,0.0,5447,2103,89178,0.01
17,91298,0,0.0,5448,2103,89195,0.01
17,91315,0,0.0,5449,2103,89212,0.01
17,91332,0,0.0,5450,2103,89229,0.01
17,91349,0,0.0,5451,2103,89246,0.01
17,91366,0,0.0,5452,2103,89263,0.01
17,91383,0,0.0,5453,2103,89280,0.01
17,91400,0,0.0,5454,2103,89297,0.01
17,91417,0,0.0,5455,2104,89313,0.01
17,91434,0,0.0,5456,2104,89330,0.01
17,91451,0,0.0,5457,2104,89347,0.01
16,91467,0,0.0,5458,2106,89361,0.01
17,91484,0,0.0,5459,2106,89378,0.01
17,91501,0,0.0,5460,2106,89395,0.01
17,91518,0,0.0,5461,2106,89412,0.01
17,91535,0,0.0,5462,2106,89429,0.01
17,91552,0,0.0,5463,2106,89446,0.01
17,91569,0,0.0,5464,2106,89463,0.01
17,91586,0,0.0,5465,2106,89480,0.01
17,91603,0,0.0,5466,2106,89497,0.01
17,91620,0,0.0,5467,2106,89514,0.01
14,91634,0,0.0,5468,2107,89527,0.01
17,91651,0,0.0,5469,2107,89544,0.01
16,91667,0,0.0,5470,2108,89559,0.01
17,91684,0,0.0,5471,2108,89576,0.01
17,91701,0,0.0,5472,2108,89593,0.01
17,91718,0,0.0,5473,2108,89610,0.01
17,91735,0,0.0,5474,2108,89627,0.01
17,91752,0,0.0,5475,2108,89644,0.01
17,91769,0,0.0,5476,2108,89661,0.01
17,91786,0,0.0,5477,2108,89678,0.01
17,91803,0,0.0,5478,2108,89695,0.01
17,91820,0,0.0,5479,2109,89711,0.01
17,91837,0,0.0,5480,2109,89728,0.01
17,91854,0,0.0,5481,2110,89744,0.01
17,91871,0,0.0,5482,2110,89761,0.01
17,91888,0,0.0,5483,2110,89778,0.01
17,91905,0,0.0,5484,2110,89795,0.01
17,91922,0,0.0,5485,2110,89812,0.01
17,91939,0,0.0,5486,2110,89829,0.01
17,91956,0,0.0,5487,2111,89845,0.01
17,91973,0,0.0,5488,2111,89862,0.01
3,91976,0,0.0,5489,2112,89864,0.01
17,91993,0,0.0,5490,2112,89881,0.01
17,92010,0,0.0,5491,2112,89898,0.01
3,92013,0,0.0,5492,2114,89899,0.01
17,92030,0,0.0,5493,2114,89916,0.01
17,92047,0,0.0,5494,2114,89933,0.01
17,92064,0,0.0,5495,2114,89950,0.01
15,92079,0,0.0,5496,2115,89964,0.01
17,92096,0,0.0,5497,2115,89981,0.01
23,92119,0,0.0,5498,2116,90003,0.01
16,92135,0,0.0,5499,2117,90018,0.01
17,92152,0,0.0,5500,2117,90035,0.01
17,92169,0,0.0,5501,2117,90052,0.01
17,92186,0,0.0,5502,2118,90068,0.01
17,92203,0,0.0,5503,2118,90085,0.01
17,92220,0,0.0,5504,2118,90102,0.01
17,92237,0,0.0,5505,2118,90119,0.01
17,92254,0,0.0,5506,2118,90136,0.01
17,92271,0,0.0,5507,2118,90153,0.01
17,92288,0,0.0,5508,2118,90170,0.01
17,92305,0,0.0,5509,2118,90187,0.01
17,92322,0,0.0,5510,2118,90204,0.01
17,92339,0,0.0,5511,2118,90221,0.01
17,92356,0,0.0,5512,2118,90238,0.01
17,92373,0,0.0,5513,2118,90255,0.01
17,92390,0,0.0,5514,2118,90272,0.01
17,92407,0,0.0,5515,2118,90289,0.01
17,92424,0,0.0,5516,2118,90306,0.01
17,92441,0,0.0,5517,2118,90323,0.01
17,92458,0,0.0,5518,2118,90340,0.01
17,92475,0,0.0,5519,2118,90357,0.01
17,92492,0,0.0,5520,2118,90374,0.01
17,92509,0,0.0,5521,2118,90391,0.01
17,92526,0,0.0,5522,2118,90408,0.01
17,92543,0,0.0,5523,2118,90425,0.01
17,92560,0,0.0,5524,2118,90442,0.01
17,92577,0,0.0,5525,2118,90459,0.01
17,92594,0,0.0,5526,2118,90476,0.01
17,92611,0,0.0,5527,2118,90493,0.01
17,92628,0,0.0,5528,2118,90510,0.01
17,92645,0,0.0,5529,2118,90527,0.01
17,92662,0,0.0,5530,2119,90543,0.01
17,92679,0,0.0,5531,2119,90560,0.01
17,92696,0,0.0,5532,2119,90577,0.01
17,92713,0,0.0,5533,2119,90594,0.01
15,92728,0,0.0,5534,2120,90608,0.01
17,92745,0,0.0,5535,2120,90625,0.01
17,92762,0,0.0,5536,2120,90642,0.01
17,92779,0,0.0,5537,2120,90659,0.01
17,92796,0,0.0,5538,2120,90676,0.01
17,92813,0,0.0,5539,2120,90693,0.01
17,92830,0,0.0,5540,2120,90710,0.01
17,92847,0,0.0,5541,2120,90727,0.01
17,92864,0,0.0,5542,2120,90744,0.01
17,92881,0,0.0,5543,2121,90760,0.01
17,92898,0,0.0,5544,2121,90777,0.01
17,92915,0,0.0,5545,2121,90794,0.01
17,92932,0,0.0,5546,2121,90811,0.01
17,92949,0,0.0,5547,2121,90828,0.01
17,92966,0,0.0,5548,2121,90845,0.01
17,92983,0,0.0,5549,2121,90862,0.01
17,93000,0,0.0,5550,2121,90879,0.01
17,93017,0,0.0,5551,2121,90896,0.01
17,93034,0,0.0,5552,2121,90913,0.01
17,93051,0,0.0,5553,2122,90929,0.01
17,93068,0,0.0,5554,2122,90946,0.01
17,93085,0,0.0,5555,2122,90963,0.01
17,93102,0,0.0,5556,2122,90980,0.01
17,93119,0,0.0,5557,2122,90997,0.01
17,93136,0,0.0,5558,2122,91014,0.01
17,93153,0,0.0,5559,2122,91031,0.01
17,93170,0,0.0,5560,2122,91048,0.01
17,93187,0,0.0,5561,2122,91065,0.01
17,93204,0,0.0,5562,2122,91082,0.01
17,93221,0,0.0,5563,2122,91099,0.01
17,93238,0,0.0,5564,2122,91116,0.01
17,93255,0,0.0,5565,2122,91133,0.01
17,93272,0,0.0,5566,2122,91150,0.01
17,93289,0,0.0,5567,2122,91167,0.01
17,93306,0,0.0,5568,2122,91184,0.01
17,93323,0,0.0,5569,2122,91201,0.01
17,93340,0,0.0,5570,2122,91218,0.01
17,93357,0,0.0,5571,2122,91235,0.01
17,93374,0,0.0,5572,2122,91252,0.01
17,93391,0,0.0,5573,2122,91269,0.01
17,93408,0,0.0,5574,2122,91286,0.01
17,93425,0,0.0,5575,2122,91303,0.01
17,93442,0,0.0,5576,2122,91320,0.01
17,93459,0,0.0,5577,2122,91337,0.01
16,93475,0,0.0,5578,2123,91352,0.01
17,93492,0,0.0,5579,2123,91369,0.01
17,93509,0,0.0,5580,2123,91386,0.01
17,93526,0,0.0,5581,2123,91403,0.01
17,93543,0,0.0,5582,2123,91420,0.01
17,93560,0,0.0,5583,2123,91437,0.01
17,93577,0,0.0,5584,2123,91454,0.01
17,93594,0,0.0,5585,2123,91471,0.01
17,93611,0,0.0,5586,2123,91488,0.01
17,93628,0,0.0,5587,2123,91505,0.01
17,93645,0,0.0,5588,2124,91521,0.01
17,93662,0,0.0,5589,2124,91538,0.01
17,93679,0,0.0,5590,2124,91555,0.01
17,93696,0,0.0,5591,2124,91572,0.01
17,93713,0,0.0,5592,2124,91589,0.01
17,93730,0,0.0,5593,2124,91606,0.01
17,93747,0,0.0,5594,2124,91623,0.01
17,93764,0,0.0,5595,2124,91640,0.01
17,93781,0,0.0,5596,2124,91657,0.01
17,93798,0,0.0,5597,2125,91673,0.01
17,93815,0,0.0,5598,2125,91690,0.01
17,93832,0,0.0,5599,2125,91707,0.01
17,93849,0,0.0,5600,2126,91723,0.01
17,93866,0,0.0,5601,2126,91740,0.01
17,93883,0,0.0,5602,2126,91757,0.01
17,93900,0,0.0,5603,2126,91774,0.01
17,93917,0,0.0,5604,2126,91791,0.01
17,93934,0,0.0,5605,2126,91808,0.01
17,93951,0,0.0,5606,2126,91825,0.01
17,93968,0,0.0,5607,2126,91842,0.01
17,93985,0,0.0,5608,2126,91859,0.01
17,94002,0,0.0,5609,2126,91876,0.01
17,94019,0,0.0,5610,2127,91892,0.01
17,94036,0,0.0,5611,2127,91909,0.01
17,94053,0,0.0,5612,2128,91925,0.01
17,94070,0,0.0,5613,2128,91942,0.01
17,94087,0,0.0,5614,2128,91959,0.01
17,94104,0,0.0,5615,2129,91975,0.01
17,94121,0,0.0,5616,2129,91992,0.01
17,94138,0,0.0,5617,2129,92009,0.01
17,94155,0,0.0,5618,2129,92026,0.01
17,94172,0,0.0,5619,2129,92043,0.01
17,94189,0,0.0,5620,2129,92060,0.01
3,94192,0,0.0,5621,2130,92062,0.01
17,94209,0,0.0,5622,2130,92079,0.01
17,94226,0,0.0,5623,2130,92096,0.01
17,94243,0,0.0,5624,2130,92113,0.01
17,94260,0,0.0,5625,2131,92129,0.01
17,94277,0,0.0,5626,2131,92146,0.01
17,94294,0,0.0,5627,2131,92163,0.01
17,94311,0,0.0,5628,2131,92180,0.01
17,94328,0,0.0,5629,2131,92197,0.01
17,94345,0,0.0,5630,2131,92214,0.01
17,94362,0,0.0,5631,2131,92231,0.01
17,94379,0,0.0,5632,2131,92248,0.01
17,94396,0,0.0,5633,2131,92265,0.01
17,94413,0,0.0,5634,2131,92282,0.01
17,94430,0,0.0,5635,2131,92299,0.01
17,94447,0,0.0,5636,2131,92316,0.01
17,94464,0,0.0,5637,2131,92333,0.01
17,94481,0,0.0,5638,2131,92350,0.01
17,94498,0,0.0,5639,2131,92367,0.01
17,94515,0,0.0,5640,2131,92384,0.01
17,94532,0,0.0,5641,2131,92401,0.01
17,94549,0,0.0,5642,2131,92418,0.01
3,94552,0,0.0,5643,2132,92420,0.01
17,94569,0,0.0,5644,2132,92437,0.01
17,94586,0,0.0,5645,2132,92454,0.01
17,94603,0,0.0,5646,2133,92470,0.01
17,94620,0,0.0,5647,2133,92487,0.01
17,94637,0,0.0,5648,2133,92504,0.01
5,94642,0,0.0,5649,2134,92508,0.01
17,94659,0,0.0,5650,2134,92525,0.01
17,94676,0,0.0,5651,2134,92542,0.01
17,94693,0,0.0,5652,2134,92559,0.01
17,94710,0,0.0,5653,2135,92575,0.01
17,94727,0,0.0,5654,2135,92592,0.01
17,94744,0,0.0,5655,2135,92609,0.01
23,94767,0,0.0,5656,2136,92631,0.01
17,94784,0,0.0,5657,2136,92648,0.01
17,94801,0,0.0,5658,2137,92664,0.01
17,94818,0,0.0,5659,2137,92681,0.01
17,94835,0,0.0,5660,2137,92698,0.01
17,94852,0,0.0,5661,2137,92715,0.01
17,94869,0,0.0,5662,2137,92732,0.01
17,94886,0,0.0,5663,2137,92749,0.01
17,94903,0,0.0,5664,2137,92766,0.01
17,94920,0,0.0,5665,2137,92783,0.01
17,94937,0,0.0,5666,2137,92800,0.01
17,94954,0,0.0,5667,2137,92817,0.01
17,94971,0,0.0,5668,2137,92834,0.01
17,94988,0,0.0,5669,2137,92851,0.01
17,95005,0,0.0,5670,2137,92868,0.01
17,95022,0,0.0,5671,2137,92885,0.01
17,95039,0,0.0,5672,2137,92902,0.01
17,95056,0,0.0,5673,2137,92919,0.01
17,95073,0,0.0,5674,2137,92936,0.01
17,95090,0,0.0,5675,2137,92953,0.01
17,95107,0,0.0,5676,2137,92970,0.01
17,95124,0,0.0,5677,2137,92987,0.01
17,95141,0,0.0,5678,2137,93004,0.01
17,95158,0,0.0,5679,2137,93021,0.01
17,95175,0,0.0,5680,2138,93037,0.01
17,95192,0,0.0,5681,2138,93054,0.01
15,95207,0,0.0,5682,2139,93068,0.01
17,95224,0,0.0,5683,2139,93085,0.01
17,95241,0,0.0,5684,2139,93102,0.01
17,95258,0,0.0,5685,2139,93119,0.01
17,95275,0,0.0,5686,2139,93136,0.01
17,95292,0,0.0,5687,2139,93153,0.01
17,95309,0,0.0,5688,2139,93170,0.01
17,95326,0,0.0,5689,2139,93187,0.01
17,95343,0,0.0,5690,2139,93204,0.01
17,95360,0,0.0,5691,2139,93221,0.01
17,95377,0,0.0,5692,2139,93238,0.01
17,95394,0,0.0,5693,2140,93254,0.01
17,95411,0,0.0,5694,2140,93271,0.01
17,95428,0,0.0,5695,2140,93288,0.01
17,95445,0,0.0,5696,2140,93305,0.01
17,95462,0,0.0,5697,2140,93322,0.01
17,95479,0,0.0,5698,2140,93339,0.01
17,95496,0,0.0,5699,2140,93356,0.01
17,95513,0,0.0,5700,2140,93373,0.01
17,95530,0,0.0,5701,2140,93390,0.01
17,95547,0,0.0,5702,2140,93407,0.01
17,95564,0,0.0,5703,2140,93424,0.01
17,95581,0,0.0,5704,2141,93440,0.01
17,95598,0,0.0,5705,2141,93457,0.01
17,95615,0,0.0,5706,2141,93474,0.01
17,95632,0,0.0,5707,2141,93491,0.01
23,95655,0,0.0,5708,2142,93513,0.01
17,95672,0,0.0,5709,2142,93530,0.01
17,95689,0,0.0,5710,2142,93547,0.01
17,95706,0,0.0,5711,2143,93563,0.01
17,95723,0,0.0,5712,2143,93580,0.01
17,95740,0,0.0,5713,2143,93597,0.01
17,95757,0,0.0,5714,2143,93614,0.01
17,95774,0,0.0,5715,2143,93631,0.01
17,95791,0,0.0,5716,2143,93648,0.01
17,95808,0,0.0,5717,2143,93665,0.01
17,95825,0,0.0,5718,2143,93682,0.01
17,95842,0,0.0,5719,2143,93699,0.01
17,95859,0,0.0,5720,2144,93715,0.01
17,95876,0,0.0,5721,2144,93732,0.01
17,95893,0,0.0,5722,2144,93749,0.01
17,95910,0,0.0,5723,2144,93766,0.01
17,95927,0,0.0,5724,2145,93782,0.01
24,95951,0,0.0,5725,2147,93804,0.01
17,95968,0,0.0,5726,2147,93821,0.01
17,95985,0,0.0,5727,2147,93838,0.01
17,96002,0,0.0,5728,2147,93855,0.01
23,96025,0,0.0,5729,2148,93877,0.01
17,96042,0,0.0,5730,2148,93894,0.01
17,96059,0,0.0,5731,2148,93911,0.01
17,96076,0,0.0,5732,2148,93928,0.01
17,96093,0,0.0,5733,2148,93945,0.01
17,96110,0,0.0,5734,2148,93962,0.01
17,96127,0,0.0,5735,2148,93979,0.01
17,96144,0,0.0,5736,2148,93996,0.01
17,96161,0,0.0,5737,2149,94012,0.01
17,96178,0,0.0,5738,2149,94029,0.01
17,96195,0,0.0,5739,2149,94046,0.01
17,96212,0,0.0,5740,2149,94063,0.01
17,96229,0,0.0,5741,2149,94080,0.01
17,96246,0,0.0,5742,2150,94096,0.01
17,96263,0,0.0,5743,2150,94113,0.01
17,96280,0,0.0,5744,2150,94130,0.01
17,96297,0,0.0,5745,2150,94147,0.01
17,96314,0,0.0,5746,2150,94164,0.01
17,96331,0,0.0,5747,2151,94180,0.01
17,96348,0,0.0,5748,2151,94197,0.01
17,96365,0,0.0,5749,2151,94214,0.01
17,96382,0,0.0,5750,2151,94231,0.01
17,96399,0,0.0,5751,2152,94247,0.01
17,96416,0,0.0,5752,2152,94264,0.01
17,96433,0,0.0,5753,2152,94281,0.01
5,96438,0,0.0,5754,2153,94285,0.01
17,96455,0,0.0,5755,2153,94302,0.01
17,96472,0,0.0,5756,2153,94319,0.01
17,96489,0,0.0,5757,2153,94336,0.01
17,96506,0,0.0,5758,2153,94353,0.01
17,96523,0,0.0,5759,2153,94370,0.01
17,96540,0,0.0,5760,2153,94387,0.01
17,96557,0,0.0,5761,2153,94404,0.01
17,96574,0,0.0,5762,2153,94421,0.01
17,96591,0,0.0,5763,2154,94437,0.01
17,96608,0,0.0,5764,2154,94454,0.01
17,96625,0,0.0,5765,2154,94471,0.01
17,96642,0,0.0,5766,2154,94488,0.01
17,96659,0,0.0,5767,2155,94504,0.01
17,96676,0,0.0,5768,2155,94521,0.01
23,96699,0,0.0,5769,2156,94543,0.01
17,96716,0,0.0,5770,2156,94560,0.01
17,96733,0,0.0,5771,2156,94577,0.01
17,96750,0,0.0,5772,2158,94592,0.01
17,96767,0,0.0,5773,2158,94609,0.01
17,96784,0,0.0,5774,2158,94626,0.01
17,96801,0,0.0,5775,2158,94643,0.01
17,96818,0,0.0,5776,2158,94660,0.01
17,96835,0,0.0,5777,2158,94677,0.01
17,96852,0,0.0,5778,2158,94694,0.01
23,96875,0,0.0,5779,2159,94716,0.01
17,96892,0,0.0,5780,2159,94733,0.01
17,96909,0,0.0,5781,2159,94750,0.01
17,96926,0,0.0,5782,2159,94767,0.01
17,96943,0,0.0,5783,2159,94784,0.01
17,96960,0,0.0,5784,2160,94800,0.01
17,96977,0,0.0,5785,2161,94816,0.01
17,96994,0,0.0,5786,2161,94833,0.01
17,97011,0,0.0,5787,2161,94850,0.01
17,97028,0,0.0,5788,2161,94867,0.01
17,97045,0,0.0,5789,2161,94884,0.01
17,97062,0,0.0,5790,2161,94901,0.01
17,97079,0,0.0,5791,2161,94918,0.01
16,97095,0,0.0,5792,2162,94933,0.01
17,97112,0,0.0,5793,2162,94950,0.01
17,97129,0,0.0,5794,2162,94967,0.01
17,97146,0,0.0,5795,2162,94984,0.01
17,97163,0,0.0,5796,2162,95001,0.01
17,97180,0,0.0,5797,2162,95018,0.01
17,97197,0,0.0,5798,2162,95035,0.01
17,97214,0,0.0,5799,2162,95052,0.01
17,97231,0,0.0,5800,2162,95069,0.01
17,97248,0,0.0,5801,2162,95086,0.01
17,97265,0,0.0,5802,2162,95103,0.01
17,97282,0,0.0,5803,2162,95120,0.01
17,97299,0,0.0,5804,2162,95137,0.01
17,97316,0,0.0,5805,2163,95153,0.01
17,97333,0,0.0,5806,2163,95170,0.01
17,97350,0,0.0,5807,2163,95187,0.01
17,97367,0,0.0,5808,2163,95204,0.01
17,97384,0,0.0,5809,2163,95221,0.01
17,97401,0,0.0,5810,2163,95238,0.01
17,97418,0,0.0,5811,2163,95255,0.01
17,97435,0,0.0,5812,2163,95272,0.01
17,97452,0,0.0,5813,2163,95289,0.01
17,97469,0,0.0,5814,2163,95306,0.01
17,97486,0,0.0,5815,2163,95323,0.01
17,97503,0,0.0,5816,2163,95340,0.01
17,97520,0,0.0,5817,2163,95357,0.01
13,97533,0,0.0,5818,2164,95369,0.01
17,97550,0,0.0,5819,2164,95386,0.01
17,97567,0,0.0,5820,2165,95402,0.01
17,97584,0,0.0,5821,2165,95419,0.01
17,97601,0,0.0,5822,2165,95436,0.01
17,97618,0,0.0,5823,2166,95452,0.01
17,97635,0,0.0,5824,2166,95469,0.01
17,97652,0,0.0,5825,2166,95486,0.01
17,97669,0,0.0,5826,2166,95503,0.01
3,97672,0,0.0,5827,2167,95505,0.01
17,97689,0,0.0,5828,2167,95522,0.01
17,97706,0,0.0,5829,2167,95539,0.01
17,97723,0,0.0,5830,2167,95556,0.01
17,97740,0,0.0,5831,2167,95573,0.01
17,97757,0,0.0,5832,2167,95590,0.01
17,97774,0,0.0,5833,2167,95607,0.01
17,97791,0,0.0,5834,2168,95623,0.01
17,97808,0,0.0,5835,2168,95640,0.01
16,97824,0,0.0,5836,2169,95655,0.01
5,97829,0,0.0,5837,2170,95659,0.01
17,97846,0,0.0,5838,2170,95676,0.01
17,97863,0,0.0,5839,2171,95692,0.01
17,97880,0,0.0,5840,2171,95709,0.01
17,97897,0,0.0,5841,2171,95726,0.01
17,97914,0,0.0,5842,2171,95743,0.01
17,97931,0,0.0,5843,2171,95760,0.01
14,97945,0,0.0,5844,2172,95773,0.01
17,97962,0,0.0,5845,2172,95790,0.01
17,97979,0,0.0,5846,2173,95806,0.01
17,97996,0,0.0,5847,2173,95823,0.01
17,98013,0,0.0,5848,2173,95840,0.01
17,98030,0,0.0,5849,2173,95857,0.01
17,98047,0,0.0,5850,2173,95874,0.01
17,98064,0,0.0,5851,2173,95891,0.01
17,98081,0,0.0,5852,2173,95908,0.01
17,98098,0,0.0,5853,2173,95925,0.01
17,98115,0,0.0,5854,2173,95942,0.01
17,98132,0,0.0,5855,2173,95959,0.01
17,98149,0,0.0,5856,2173,95976,0.01
17,98166,0,0.0,5857,2174,95992,0.01
17,98183,0,0.0,5858,2174,96009,0.01
17,98200,0,0.0,5859,2174,96026,0.01
17,98217,0,0.0,5860,2175,96042,0.01
17,98234,0,0.0,5861,2175,96059,0.01
17,98251,0,0.0,5862,2175,96076,0.01
6,98257,0,0.0,5863,2176,96081,0.01
17,98274,0,0.0,5864,2177,96097,0.01
17,98291,0,0.0,5865,2177,96114,0.01
17,98308,0,0.0,5866,2177,96131,0.01
17,98325,0,0.0,5867,2177,96148,0.01
17,98342,0,0.0,5868,2177,96165,0.01
17,98359,0,0.0,5869,2178,96181,0.01
23,98382,0,0.0,5870,2180,96202,0.01
17,98399,0,0.0,5871,2180,96219,0.01
17,98416,0,0.0,5872,2180,96236,0.01
17,98433,0,0.0,5873,2180,96253,0.01
17,98450,0,0.0,5874,2180,96270,0.01
17,98467,0,0.0,5875,2180,96287,0.01
17,98484,0,0.0,5876,2180,96304,0.01
17,98501,0,0.0,5877,2180,96321,0.01
17,98518,0,0.0,5878,2180,96338,0.01
17,98535,0,0.0,5879,2180,96355,0.01
17,98552,0,0.0,5880,2180,96372,0.01
17,98569,0,0.0,5881,2180,96389,0.01
17,98586,0,0.0,5882,2181,96405,0.01
17,98603,0,0.0,5883,2181,96422,0.01
17,98620,0,0.0,5884,2181,96439,0.01
17,98637,0,0.0,5885,2181,96456,0.01
17,98654,0,0.0,5886,2181,96473,0.01
17,98671,0,0.0,5887,2181,96490,0.01
17,98688,0,0.0,5888,2181,96507,0.01
17,98705,0,0.0,5889,2182,96523,0.01
17,98722,0,0.0,5890,2182,96540,0.01
17,98739,0,0.0,5891,2182,96557,0.01
17,98756,0,0.0,5892,2182,96574,0.01
17,98773,0,0.0,5893,2182,96591,0.01
17,98790,0,0.0,5894,2182,96608,0.01
17,98807,0,0.0,5895,2182,96625,0.01
17,98824,0,0.0,5896,2182,96642,0.01
17,98841,0,0.0,5897,2182,96659,0.01
17,98858,0,0.0,5898,2182,96676,0.01
17,98875,0,0.0,5899,2182,96693,0.01
17,98892,0,0.0,5900,2182,96710,0.01
17,98909,0,0.0,5901,2182,96727,0.01
17,98926,0,0.0,5902,2182,96744,0.01
17,98943,0,0.0,5903,2182,96761,0.01
17,98960,0,0.0,5904,2182,96778,0.01
17,98977,0,0.0,5905,2182,96795,0.01
17,98994,0,0.0,5906,2182,96812,0.01
17,99011,0,0.0,5907,2182,96829,0.01
17,99028,0,0.0,5908,2182,96846,0.01
17,99045,0,0.0,5909,2182,96863,0.01
17,99062,0,0.0,5910,2182,96880,0.01
17,99079,0,0.0,5911,2182,96897,0.01
17,99096,0,0.0,5912,2182,96914,0.01
17,99113,0,0.0,5913,2183,96930,0.01
17,99130,0,0.0,5914,2183,96947,0.01
17,99147,0,0.0,5915,2183,96964,0.01
17,99164,0,0.0,5916,2183,96981,0.01
17,99181,0,0.0,5917,2183,96998,0.01
2,99183,0,0.0,5918,2184,96999,0.01
17,99200,0,0.0,5919,2184,97016,0.01
17,99217,0,0.0,5920,2184,97033,0.01
17,99234,0,0.0,5921,2184,97050,0.01
17,99251,0,0.0,5922,2184,97067,0.01
17,99268,0,0.0,5923,2184,97084,0.01
17,99285,0,0.0,5924,2184,97101,0.01
17,99302,0,0.0,5925,2184,97118,0.01
17,99319,0,0.0,5926,2184,97135,0.01
17,99336,0,0.0,5927,2184,97152,0.01
17,99353,0,0.0,5928,2184,97169,0.01
17,99370,0,0.0,5929,2184,97186,0.01
17,99387,0,0.0,5930,2185,97202,0.01
17,99404,0,0.0,5931,2185,97219,0.01
17,99421,0,0.0,5932,2187,97234,0.01
16,99437,0,0.0,5933,2189,97248,0.01
17,99454,0,0.0,5934,2189,97265,0.01
17,99471,0,0.0,5935,2189,97282,0.01
17,99488,0,0.0,5936,2189,97299,0.01
17,99505,0,0.0,5937,2190,97315,0.01
17,99522,0,0.0,5938,2190,97332,0.01
17,99539,0,0.0,5939,2190,97349,0.01
17,99556,0,0.0,5940,2190,97366,0.01
17,99573,0,0.0,5941,2190,97383,0.01
17,99590,0,0.0,5942,2191,97399,0.01
17,99607,0,0.0,5943,2191,97416,0.01
17,99624,0,0.0,5944,2191,97433,0.01
17,99641,0,0.0,5945,2191,97450,0.01
17,99658,0,0.0,5946,2191,97467,0.01
17,99675,0,0.0,5947,2191,97484,0.01
17,99692,0,0.0,5948,2191,97501,0.01
17,99709,0,0.0,5949,2191,97518,0.01
17,99726,0,0.0,5950,2191,97535,0.01
17,99743,0,0.0,5951,2192,97551,0.01
17,99760,0,0.0,5952,2192,97568,0.01
17,99777,0,0.0,5953,2193,97584,0.01
17,99794,0,0.0,5954,2193,97601,0.01
17,99811,0,0.0,5955,2193,97618,0.01
17,99828,0,0.0,5956,2193,97635,0.01
17,99845,0,0.0,5957,2193,97652,0.01
17,99862,0,0.0,5958,2193,97669,0.01
5,99867,0,0.0,5959,2194,97673,0.01
17,99884,0,0.0,5960,2194,97690,0.01
17,99901,0,0.0,5961,2195,97706,0.01
17,99918,0,0.0,5962,2195,97723,0.01
17,99935,0,0.0,5963,2195,97740,0.01
17,99952,0,0.0,5964,2195,97757,0.01
17,99969,0,0.0,5965,2196,97773,0.01
17,99986,0,0.0,5966,2196,97790,0.01
