iteration,successes,successes_episode,reward_episode,episode_count,random_act,timestep
8,8,0,0.0,1,6,2
25,33,0,0.0,2,21,12
7,40,0,0.0,3,27,13
11,51,0,0.0,4,32,19
2,53,0,0.0,5,34,19
3,56,0,0.0,6,36,20
4,60,0,0.0,7,38,22
2,62,0,0.0,8,40,22
4,66,0,0.0,9,43,23
12,78,0,0.0,10,52,26
3,81,0,0.0,11,53,28
6,87,0,0.0,12,57,30
3,90,0,0.0,13,60,30
4,94,0,0.0,14,64,30
10,104,0,0.0,15,72,32
7,111,0,0.0,16,79,32
5,116,0,0.0,17,84,32
10,126,0,0.0,18,89,37
9,135,0,0.0,19,96,39
4,139,0,0.0,20,99,40
2,141,0,0.0,21,101,40
5,146,0,0.0,22,106,40
4,150,0,0.0,23,110,40
10,160,1,1.0,24,119,41
16,176,1,0.0,25,121,55
8,184,1,0.0,26,123,61
21,205,1,0.0,27,125,80
2,207,1,0.0,28,126,81
7,214,2,1.0,29,128,86
6,220,2,0.0,30,130,90
14,234,2,0.0,31,130,104
15,249,2,0.0,32,130,119
5,254,2,0.0,33,130,124
4,258,2,0.0,34,130,128
7,265,2,0.0,35,130,135
2,267,2,0.0,36,130,137
21,288,2,0.0,37,130,158
24,312,2,0.0,38,130,182
4,316,2,0.0,39,130,186
6,322,2,0.0,40,130,192
3,325,2,0.0,41,130,195
5,330,2,0.0,42,130,200
9,339,2,0.0,43,130,209
30,369,2,0.0,44,131,238
2,371,2,0.0,45,131,240
4,375,2,0.0,46,131,244
3,378,2,0.0,47,131,247
3,381,2,0.0,48,131,250
13,394,2,0.0,49,131,263
7,401,2,0.0,50,132,269
3,404,2,0.0,51,132,272
3,407,2,0.0,52,132,275
3,410,2,0.0,53,132,278
25,435,2,0.0,54,132,303
3,438,2,0.0,55,132,306
6,444,2,0.0,56,132,312
10,454,2,0.0,57,133,321
7,461,2,0.0,58,133,328
9,470,2,0.0,59,134,336
8,478,2,0.0,60,134,344
4,482,2,0.0,61,134,348
6,488,2,0.0,62,134,354
3,491,2,0.0,63,134,357
4,495,2,0.0,64,134,361
7,502,2,0.0,65,134,368
8,510,2,0.0,66,134,376
10,520,2,0.0,67,134,386
9,529,2,0.0,68,134,395
2,531,2,0.0,69,134,397
7,538,2,0.0,70,135,403
5,543,2,0.0,71,135,408
2,545,2,0.0,72,135,410
18,563,2,0.0,73,135,428
10,573,2,0.0,74,135,438
5,578,2,0.0,75,135,443
10,588,2,0.0,76,135,453
3,591,2,0.0,77,135,456
3,594,2,0.0,78,135,459
9,603,2,0.0,79,135,468
10,613,2,0.0,80,135,478
5,618,2,0.0,81,135,483
8,626,2,0.0,82,135,491
8,634,2,0.0,83,135,499
5,639,2,0.0,84,135,504
3,642,2,0.0,85,135,507
9,651,2,0.0,86,135,516
6,657,2,0.0,87,135,522
4,661,2,0.0,88,135,526
8,669,2,0.0,89,135,534
2,671,2,0.0,90,135,536
13,684,2,0.0,91,136,548
19,703,2,0.0,92,137,566
19,722,2,0.0,93,138,584
4,726,2,0.0,94,138,588
4,730,2,0.0,95,138,592
20,750,2,0.0,96,138,612
3,753,2,0.0,97,138,615
26,779,2,0.0,98,139,640
7,786,2,0.0,99,139,647
17,803,2,0.0,100,139,664
2,805,2,0.0,101,139,666
2,807,2,0.0,102,139,668
11,818,2,0.0,103,139,679
3,821,2,0.0,104,139,682
23,844,3,1.0,105,139,705
8,852,3,0.0,106,139,713
6,858,3,0.0,107,139,719
10,868,3,0.0,108,139,729
29,897,3,0.0,109,139,758
24,921,3,0.0,110,139,782
12,933,3,0.0,111,140,793
2,935,3,0.0,112,140,795
2,937,3,0.0,113,140,797
5,942,3,0.0,114,140,802
2,944,3,0.0,115,140,804
3,947,3,0.0,116,140,807
2,949,3,0.0,117,140,809
6,955,3,0.0,118,140,815
8,963,3,0.0,119,140,823
8,971,3,0.0,120,140,831
4,975,3,0.0,121,140,835
3,978,3,0.0,122,140,838
3,981,3,0.0,123,140,841
5,986,3,0.0,124,140,846
3,989,3,0.0,125,140,849
2,991,3,0.0,126,140,851
23,1014,3,0.0,127,140,874
4,1018,3,0.0,128,140,878
7,1025,3,0.0,129,140,885
8,1033,3,0.0,130,140,893
20,1053,3,0.0,131,140,913
5,1058,3,0.0,132,141,917
4,1062,3,0.0,133,141,921
16,1078,3,0.0,134,141,937
7,1085,3,0.0,135,141,944
3,1088,3,0.0,136,142,946
2,1090,3,0.0,137,142,948
7,1097,3,0.0,138,142,955
6,1103,3,0.0,139,142,961
2,1105,3,0.0,140,142,963
4,1109,3,0.0,141,142,967
9,1118,3,0.0,142,142,976
27,1145,4,1.0,143,142,1003
5,1150,4,0.0,144,142,1008
7,1157,4,0.0,145,142,1015
7,1164,4,0.0,146,142,1022
6,1170,4,0.0,147,142,1028
6,1176,4,0.0,148,142,1034
6,1182,4,0.0,149,142,1040
4,1186,4,0.0,150,142,1044
4,1190,4,0.0,151,142,1048
18,1208,4,0.0,152,142,1066
4,1212,4,0.0,153,142,1070
3,1215,4,0.0,154,142,1073
8,1223,4,0.0,155,143,1080
15,1238,4,0.0,156,143,1095
7,1245,4,0.0,157,143,1102
11,1256,4,0.0,158,143,1113
16,1272,4,0.0,159,143,1129
4,1276,4,0.0,160,143,1133
2,1278,4,0.0,161,143,1135
3,1281,4,0.0,162,143,1138
6,1287,4,0.0,163,143,1144
13,1300,4,0.0,164,143,1157
6,1306,4,0.0,165,143,1163
5,1311,4,0.0,166,143,1168
15,1326,4,0.0,167,143,1183
2,1328,4,0.0,168,143,1185
3,1331,4,0.0,169,143,1188
3,1334,4,0.0,170,143,1191
17,1351,4,0.0,171,143,1208
3,1354,4,0.0,172,143,1211
11,1365,4,0.0,173,143,1222
6,1371,4,0.0,174,143,1228
14,1385,4,0.0,175,143,1242
5,1390,4,0.0,176,143,1247
11,1401,4,0.0,177,143,1258
3,1404,4,0.0,178,143,1261
3,1407,4,0.0,179,143,1264
5,1412,4,0.0,180,143,1269
18,1430,4,0.0,181,143,1287
5,1435,4,0.0,182,143,1292
2,1437,4,0.0,183,143,1294
8,1445,4,0.0,184,143,1302
8,1453,4,0.0,185,143,1310
8,1461,4,0.0,186,143,1318
9,1470,4,0.0,187,143,1327
16,1486,4,0.0,188,143,1343
3,1489,4,0.0,189,143,1346
4,1493,4,0.0,190,143,1350
11,1504,4,0.0,191,143,1361
8,1512,4,0.0,192,143,1369
9,1521,4,0.0,193,143,1378
2,1523,4,0.0,194,143,1380
2,1525,4,0.0,195,143,1382
3,1528,4,0.0,196,143,1385
4,1532,4,0.0,197,143,1389
5,1537,4,0.0,198,143,1394
4,1541,4,0.0,199,143,1398
6,1547,4,0.0,200,143,1404
2,1549,4,0.0,201,143,1406
18,1567,5,1.0,202,143,1424
2,1569,5,0.0,203,143,1426
9,1578,5,0.0,204,143,1435
5,1583,5,0.0,205,143,1440
4,1587,5,0.0,206,143,1444
14,1601,6,1.0,207,143,1458
2,1603,6,0.0,208,143,1460
8,1611,6,0.0,209,143,1468
5,1616,6,0.0,210,143,1473
4,1620,6,0.0,211,143,1477
12,1632,6,0.0,212,143,1489
11,1643,6,0.0,213,143,1500
4,1647,6,0.0,214,143,1504
3,1650,6,0.0,215,143,1507
6,1656,6,0.0,216,143,1513
8,1664,6,0.0,217,143,1521
13,1677,6,0.0,218,143,1534
7,1684,6,0.0,219,143,1541
8,1692,6,0.0,220,143,1549
10,1702,6,0.0,221,143,1559
4,1706,6,0.0,222,143,1563
5,1711,6,0.0,223,143,1568
3,1714,6,0.0,224,143,1571
5,1719,6,0.0,225,143,1576
7,1726,6,0.0,226,143,1583
6,1732,6,0.0,227,143,1589
21,1753,6,0.0,228,143,1610
4,1757,6,0.0,229,143,1614
23,1780,6,0.0,230,143,1637
2,1782,6,0.0,231,143,1639
15,1797,6,0.0,232,143,1654
6,1803,6,0.0,233,143,1660
13,1816,6,0.0,234,143,1673
4,1820,6,0.0,235,143,1677
14,1834,6,0.0,236,143,1691
9,1843,6,0.0,237,143,1700
3,1846,6,0.0,238,143,1703
7,1853,6,0.0,239,143,1710
8,1861,6,0.0,240,143,1718
17,1878,6,0.0,241,143,1735
4,1882,6,0.0,242,143,1739
4,1886,6,0.0,243,143,1743
18,1904,7,1.0,244,143,1761
13,1917,7,0.0,245,143,1774
8,1925,7,0.0,246,143,1782
4,1929,7,0.0,247,143,1786
12,1941,7,0.0,248,143,1798
4,1945,7,0.0,249,143,1802
4,1949,7,0.0,250,143,1806
8,1957,7,0.0,251,143,1814
4,1961,7,0.0,252,143,1818
4,1965,7,0.0,253,143,1822
2,1967,7,0.0,254,143,1824
5,1972,7,0.0,255,143,1829
7,1979,7,0.0,256,143,1836
15,1994,7,0.0,257,143,1851
8,2002,7,0.0,258,143,1859
7,2009,7,0.0,259,143,1866
4,2013,7,0.0,260,143,1870
3,2016,7,0.0,261,143,1873
7,2023,7,0.0,262,143,1880
8,2031,7,0.0,263,143,1888
3,2034,7,0.0,264,143,1891
9,2043,7,0.0,265,143,1900
7,2050,7,0.0,266,143,1907
9,2059,7,0.0,267,143,1916
15,2074,7,0.0,268,143,1931
13,2087,7,0.0,269,143,1944
9,2096,7,0.0,270,143,1953
9,2105,7,0.0,271,143,1962
4,2109,7,0.0,272,143,1966
2,2111,7,0.0,273,143,1968
16,2127,7,0.0,274,143,1984
9,2136,7,0.0,275,143,1993
14,2150,7,0.0,276,143,2007
3,2153,7,0.0,277,143,2010
3,2156,7,0.0,278,143,2013
9,2165,7,0.0,279,143,2022
3,2168,7,0.0,280,143,2025
8,2176,7,0.0,281,143,2033
2,2178,7,0.0,282,143,2035
8,2186,7,0.0,283,143,2043
2,2188,7,0.0,284,143,2045
2,2190,7,0.0,285,143,2047
2,2192,7,0.0,286,143,2049
4,2196,7,0.0,287,143,2053
2,2198,7,0.0,288,143,2055
18,2216,7,0.0,289,143,2073
5,2221,7,0.0,290,143,2078
3,2224,7,0.0,291,143,2081
4,2228,7,0.0,292,143,2085
2,2230,7,0.0,293,143,2087
17,2247,7,0.0,294,143,2104
4,2251,7,0.0,295,143,2108
7,2258,7,0.0,296,143,2115
5,2263,7,0.0,297,143,2120
4,2267,7,0.0,298,143,2124
3,2270,7,0.0,299,143,2127
7,2277,7,0.0,300,143,2134
2,2279,7,0.0,301,143,2136
5,2284,7,0.0,302,143,2141
7,2291,7,0.0,303,143,2148
6,2297,7,0.0,304,143,2154
7,2304,7,0.0,305,143,2161
5,2309,7,0.0,306,143,2166
12,2321,7,0.0,307,144,2177
7,2328,7,0.0,308,144,2184
13,2341,7,0.0,309,144,2197
7,2348,7,0.0,310,144,2204
4,2352,7,0.0,311,144,2208
15,2367,8,1.0,312,144,2223
3,2370,8,0.0,313,144,2226
4,2374,8,0.0,314,144,2230
5,2379,8,0.0,315,144,2235
4,2383,8,0.0,316,144,2239
7,2390,8,0.0,317,144,2246
7,2397,8,0.0,318,144,2253
6,2403,8,0.0,319,144,2259
7,2410,8,0.0,320,144,2266
4,2414,8,0.0,321,144,2270
4,2418,8,0.0,322,144,2274
2,2420,8,0.0,323,144,2276
5,2425,8,0.0,324,144,2281
9,2434,8,0.0,325,144,2290
2,2436,8,0.0,326,144,2292
13,2449,8,0.0,327,144,2305
4,2453,8,0.0,328,144,2309
3,2456,8,0.0,329,144,2312
2,2458,8,0.0,330,144,2314
14,2472,8,0.0,331,144,2328
4,2476,8,0.0,332,144,2332
9,2485,9,1.0,333,144,2341
2,2487,9,0.0,334,144,2343
4,2491,9,0.0,335,144,2347
11,2502,9,0.0,336,144,2358
5,2507,9,0.0,337,144,2363
9,2516,9,0.0,338,144,2372
3,2519,9,0.0,339,144,2375
6,2525,9,0.0,340,144,2381
14,2539,9,0.0,341,144,2395
2,2541,9,0.0,342,144,2397
15,2556,10,1.0,343,144,2412
4,2560,10,0.0,344,144,2416
14,2574,10,0.0,345,144,2430
13,2587,10,0.0,346,144,2443
7,2594,10,0.0,347,144,2450
2,2596,10,0.0,348,144,2452
7,2603,10,0.0,349,144,2459
3,2606,10,0.0,350,144,2462
8,2614,10,0.0,351,144,2470
3,2617,10,0.0,352,144,2473
15,2632,10,0.0,353,144,2488
4,2636,10,0.0,354,144,2492
4,2640,10,0.0,355,144,2496
10,2650,10,0.0,356,144,2506
4,2654,10,0.0,357,144,2510
4,2658,10,0.0,358,144,2514
14,2672,11,1.0,359,144,2528
11,2683,11,0.0,360,144,2539
6,2689,11,0.0,361,144,2545
31,2720,11,0.0,362,144,2576
14,2734,11,0.0,363,144,2590
6,2740,11,0.0,364,144,2596
3,2743,11,0.0,365,144,2599
5,2748,11,0.0,366,144,2604
9,2757,11,0.0,367,144,2613
2,2759,11,0.0,368,144,2615
8,2767,11,0.0,369,144,2623
3,2770,11,0.0,370,144,2626
4,2774,11,0.0,371,144,2630
18,2792,11,0.0,372,144,2648
4,2796,11,0.0,373,144,2652
6,2802,11,0.0,374,144,2658
3,2805,11,0.0,375,144,2661
2,2807,11,0.0,376,144,2663
11,2818,11,0.0,377,144,2674
7,2825,11,0.0,378,144,2681
5,2830,11,0.0,379,144,2686
10,2840,11,0.0,380,144,2696
8,2848,11,0.0,381,144,2704
5,2853,11,0.0,382,144,2709
7,2860,11,0.0,383,144,2716
4,2864,11,0.0,384,144,2720
2,2866,11,0.0,385,144,2722
3,2869,11,0.0,386,144,2725
4,2873,11,0.0,387,144,2729
5,2878,11,0.0,388,144,2734
4,2882,11,0.0,389,144,2738
7,2889,11,0.0,390,144,2745
2,2891,11,0.0,391,144,2747
7,2898,11,0.0,392,144,2754
4,2902,11,0.0,393,144,2758
5,2907,11,0.0,394,144,2763
12,2919,11,0.0,395,144,2775
2,2921,11,0.0,396,144,2777
17,2938,11,0.0,397,144,2794
4,2942,11,0.0,398,144,2798
10,2952,11,0.0,399,144,2808
8,2960,11,0.0,400,144,2816
3,2963,11,0.0,401,144,2819
3,2966,11,0.0,402,144,2822
4,2970,11,0.0,403,144,2826
6,2976,11,0.0,404,144,2832
7,2983,11,0.0,405,144,2839
3,2986,11,0.0,406,144,2842
15,3001,12,1.0,407,144,2857
6,3007,12,0.0,408,144,2863
3,3010,12,0.0,409,144,2866
7,3017,12,0.0,410,144,2873
2,3019,12,0.0,411,144,2875
19,3038,12,0.0,412,144,2894
9,3047,12,0.0,413,144,2903
5,3052,12,0.0,414,144,2908
5,3057,12,0.0,415,144,2913
19,3076,12,0.0,416,144,2932
10,3086,12,0.0,417,144,2942
5,3091,12,0.0,418,144,2947
5,3096,12,0.0,419,144,2952
4,3100,12,0.0,420,144,2956
7,3107,12,0.0,421,144,2963
2,3109,12,0.0,422,144,2965
3,3112,12,0.0,423,144,2968
12,3124,12,0.0,424,144,2980
4,3128,12,0.0,425,144,2984
7,3135,12,0.0,426,144,2991
11,3146,12,0.0,427,144,3002
6,3152,12,0.0,428,144,3008
10,3162,12,0.0,429,144,3018
11,3173,12,0.0,430,144,3029
6,3179,12,0.0,431,144,3035
4,3183,12,0.0,432,144,3039
2,3185,12,0.0,433,144,3041
3,3188,12,0.0,434,144,3044
10,3198,12,0.0,435,144,3054
2,3200,12,0.0,436,144,3056
4,3204,12,0.0,437,144,3060
8,3212,12,0.0,438,144,3068
9,3221,12,0.0,439,144,3077
11,3232,12,0.0,440,144,3088
2,3234,12,0.0,441,144,3090
12,3246,12,0.0,442,144,3102
6,3252,12,0.0,443,144,3108
11,3263,12,0.0,444,144,3119
7,3270,12,0.0,445,144,3126
8,3278,12,0.0,446,144,3134
5,3283,12,0.0,447,144,3139
14,3297,12,0.0,448,144,3153
11,3308,12,0.0,449,144,3164
12,3320,12,0.0,450,144,3176
4,3324,12,0.0,451,144,3180
13,3337,13,1.0,452,144,3193
20,3357,13,0.0,453,144,3213
3,3360,13,0.0,454,144,3216
7,3367,13,0.0,455,144,3223
2,3369,13,0.0,456,144,3225
16,3385,13,0.0,457,144,3241
4,3389,13,0.0,458,144,3245
5,3394,13,0.0,459,144,3250
9,3403,13,0.0,460,144,3259
11,3414,13,0.0,461,144,3270
14,3428,14,1.0,462,144,3284
4,3432,14,0.0,463,144,3288
5,3437,14,0.0,464,144,3293
5,3442,14,0.0,465,144,3298
3,3445,14,0.0,466,144,3301
15,3460,14,0.0,467,144,3316
2,3462,14,0.0,468,144,3318
12,3474,14,0.0,469,144,3330
10,3484,14,0.0,470,144,3340
13,3497,14,0.0,471,144,3353
8,3505,14,0.0,472,144,3361
5,3510,14,0.0,473,144,3366
5,3515,14,0.0,474,144,3371
7,3522,14,0.0,475,144,3378
7,3529,14,0.0,476,144,3385
5,3534,14,0.0,477,144,3390
10,3544,14,0.0,478,144,3400
3,3547,14,0.0,479,144,3403
6,3553,14,0.0,480,144,3409
5,3558,14,0.0,481,144,3414
6,3564,14,0.0,482,144,3420
3,3567,14,0.0,483,144,3423
3,3570,14,0.0,484,144,3426
2,3572,14,0.0,485,144,3428
13,3585,14,0.0,486,144,3441
14,3599,15,1.0,487,144,3455
6,3605,15,0.0,488,144,3461
7,3612,15,0.0,489,144,3468
4,3616,15,0.0,490,144,3472
11,3627,15,0.0,491,144,3483
3,3630,15,0.0,492,144,3486
6,3636,15,0.0,493,144,3492
2,3638,15,0.0,494,144,3494
16,3654,15,0.0,495,144,3510
5,3659,15,0.0,496,144,3515
6,3665,15,0.0,497,144,3521
19,3684,15,0.0,498,144,3540
3,3687,15,0.0,499,144,3543
4,3691,15,0.0,500,144,3547
13,3704,16,1.0,501,144,3560
7,3711,16,0.0,502,144,3567
22,3733,16,0.0,503,144,3589
5,3738,16,0.0,504,144,3594
4,3742,16,0.0,505,144,3598
13,3755,16,0.0,506,144,3611
5,3760,16,0.0,507,144,3616
15,3775,16,0.0,508,144,3631
7,3782,16,0.0,509,144,3638
2,3784,16,0.0,510,144,3640
26,3810,16,0.0,511,144,3666
10,3820,16,0.0,512,144,3676
12,3832,16,0.0,513,144,3688
4,3836,16,0.0,514,144,3692
8,3844,16,0.0,515,144,3700
3,3847,16,0.0,516,144,3703
26,3873,16,0.0,517,144,3729
12,3885,16,0.0,518,144,3741
19,3904,16,0.0,519,144,3760
7,3911,16,0.0,520,144,3767
9,3920,16,0.0,521,144,3776
13,3933,17,1.0,522,144,3789
7,3940,17,0.0,523,144,3796
11,3951,17,0.0,524,144,3807
7,3958,17,0.0,525,144,3814
3,3961,17,0.0,526,144,3817
4,3965,17,0.0,527,144,3821
8,3973,17,0.0,528,144,3829
5,3978,17,0.0,529,144,3834
20,3998,17,0.0,530,144,3854
6,4004,17,0.0,531,144,3860
4,4008,17,0.0,532,144,3864
6,4014,17,0.0,533,144,3870
9,4023,17,0.0,534,144,3879
3,4026,17,0.0,535,144,3882
4,4030,17,0.0,536,144,3886
4,4034,17,0.0,537,144,3890
15,4049,17,0.0,538,144,3905
7,4056,17,0.0,539,144,3912
14,4070,17,0.0,540,144,3926
6,4076,17,0.0,541,144,3932
10,4086,17,0.0,542,144,3942
16,4102,17,0.0,543,144,3958
3,4105,17,0.0,544,144,3961
6,4111,17,0.0,545,144,3967
5,4116,17,0.0,546,144,3972
7,4123,17,0.0,547,144,3979
8,4131,17,0.0,548,144,3987
7,4138,17,0.0,549,144,3994
4,4142,17,0.0,550,144,3998
7,4149,17,0.0,551,144,4005
3,4152,17,0.0,552,144,4008
4,4156,17,0.0,553,144,4012
3,4159,17,0.0,554,144,4015
10,4169,17,0.0,555,144,4025
8,4177,17,0.0,556,144,4033
21,4198,17,0.0,557,144,4054
8,4206,17,0.0,558,144,4062
7,4213,17,0.0,559,144,4069
6,4219,17,0.0,560,144,4075
3,4222,17,0.0,561,144,4078
11,4233,17,0.0,562,144,4089
8,4241,17,0.0,563,144,4097
7,4248,17,0.0,564,144,4104
4,4252,17,0.0,565,144,4108
3,4255,17,0.0,566,144,4111
14,4269,18,1.0,567,144,4125
4,4273,18,0.0,568,144,4129
7,4280,18,0.0,569,144,4136
3,4283,18,0.0,570,144,4139
8,4291,18,0.0,571,144,4147
7,4298,18,0.0,572,144,4154
7,4305,18,0.0,573,144,4161
38,4343,18,0.0,574,144,4199
10,4353,18,0.0,575,144,4209
7,4360,18,0.0,576,144,4216
7,4367,18,0.0,577,144,4223
5,4372,18,0.0,578,144,4228
4,4376,18,0.0,579,144,4232
5,4381,18,0.0,580,144,4237
2,4383,18,0.0,581,144,4239
3,4386,18,0.0,582,144,4242
3,4389,18,0.0,583,144,4245
10,4399,18,0.0,584,144,4255
4,4403,18,0.0,585,144,4259
4,4407,18,0.0,586,144,4263
6,4413,18,0.0,587,144,4269
7,4420,18,0.0,588,144,4276
12,4432,18,0.0,589,144,4288
12,4444,18,0.0,590,144,4300
6,4450,18,0.0,591,144,4306
10,4460,18,0.0,592,144,4316
15,4475,18,0.0,593,144,4331
2,4477,18,0.0,594,144,4333
4,4481,18,0.0,595,144,4337
5,4486,18,0.0,596,144,4342
5,4491,18,0.0,597,144,4347
7,4498,18,0.0,598,144,4354
18,4516,18,0.0,599,144,4372
4,4520,18,0.0,600,144,4376
3,4523,18,0.0,601,144,4379
4,4527,18,0.0,602,144,4383
5,4532,18,0.0,603,144,4388
7,4539,18,0.0,604,144,4395
8,4547,18,0.0,605,144,4403
4,4551,18,0.0,606,144,4407
4,4555,18,0.0,607,144,4411
6,4561,18,0.0,608,144,4417
4,4565,18,0.0,609,144,4421
14,4579,19,1.0,610,144,4435
2,4581,19,0.0,611,144,4437
4,4585,19,0.0,612,144,4441
2,4587,19,0.0,613,144,4443
5,4592,19,0.0,614,144,4448
7,4599,19,0.0,615,144,4455
12,4611,19,0.0,616,144,4467
6,4617,19,0.0,617,144,4473
2,4619,19,0.0,618,144,4475
10,4629,19,0.0,619,144,4485
7,4636,19,0.0,620,144,4492
6,4642,19,0.0,621,144,4498
4,4646,19,0.0,622,144,4502
7,4653,19,0.0,623,144,4509
6,4659,19,0.0,624,144,4515
18,4677,19,0.0,625,144,4533
16,4693,19,0.0,626,144,4549
15,4708,19,0.0,627,144,4564
14,4722,19,0.0,628,144,4578
4,4726,19,0.0,629,144,4582
2,4728,19,0.0,630,144,4584
5,4733,19,0.0,631,144,4589
5,4738,19,0.0,632,144,4594
15,4753,19,0.0,633,144,4609
9,4762,19,0.0,634,144,4618
5,4767,19,0.0,635,144,4623
3,4770,19,0.0,636,144,4626
9,4779,19,0.0,637,144,4635
5,4784,19,0.0,638,144,4640
2,4786,19,0.0,639,144,4642
21,4807,19,0.0,640,144,4663
5,4812,19,0.0,641,144,4668
6,4818,19,0.0,642,144,4674
8,4826,19,0.0,643,144,4682
12,4838,19,0.0,644,144,4694
2,4840,19,0.0,645,144,4696
6,4846,19,0.0,646,144,4702
13,4859,19,0.0,647,144,4715
21,4880,19,0.0,648,144,4736
7,4887,19,0.0,649,144,4743
11,4898,19,0.0,650,144,4754
17,4915,19,0.0,651,144,4771
3,4918,19,0.0,652,144,4774
2,4920,19,0.0,653,144,4776
4,4924,19,0.0,654,144,4780
2,4926,19,0.0,655,144,4782
7,4933,19,0.0,656,144,4789
2,4935,19,0.0,657,144,4791
6,4941,19,0.0,658,144,4797
3,4944,19,0.0,659,144,4800
13,4957,19,0.0,660,144,4813
38,4995,19,0.0,661,144,4851
4,4999,19,0.0,662,144,4855
12,5011,19,0.0,663,144,4867
2,5013,19,0.0,664,144,4869
2,5015,19,0.0,665,144,4871
4,5019,19,0.0,666,144,4875
3,5022,19,0.0,667,144,4878
3,5025,19,0.0,668,144,4881
12,5037,19,0.0,669,144,4893
3,5040,19,0.0,670,144,4896
2,5042,19,0.0,671,144,4898
14,5056,19,0.0,672,144,4912
11,5067,19,0.0,673,144,4923
8,5075,19,0.0,674,144,4931
4,5079,19,0.0,675,144,4935
5,5084,19,0.0,676,144,4940
4,5088,19,0.0,677,144,4944
14,5102,19,0.0,678,144,4958
6,5108,19,0.0,679,144,4964
3,5111,19,0.0,680,144,4967
16,5127,19,0.0,681,144,4983
2,5129,19,0.0,682,144,4985
14,5143,19,0.0,683,144,4999
7,5150,19,0.0,684,144,5006
6,5156,19,0.0,685,144,5012
5,5161,19,0.0,686,144,5017
7,5168,19,0.0,687,144,5024
11,5179,19,0.0,688,144,5035
11,5190,19,0.0,689,144,5046
6,5196,19,0.0,690,144,5052
6,5202,19,0.0,691,144,5058
29,5231,19,0.0,692,144,5087
7,5238,19,0.0,693,144,5094
4,5242,19,0.0,694,144,5098
7,5249,19,0.0,695,144,5105
14,5263,19,0.0,696,144,5119
25,5288,20,1.0,697,144,5144
3,5291,20,0.0,698,144,5147
3,5294,20,0.0,699,144,5150
4,5298,20,0.0,700,144,5154
11,5309,20,0.0,701,144,5165
6,5315,20,0.0,702,144,5171
16,5331,20,0.0,703,144,5187
4,5335,20,0.0,704,144,5191
6,5341,20,0.0,705,144,5197
9,5350,20,0.0,706,144,5206
5,5355,20,0.0,707,144,5211
5,5360,20,0.0,708,144,5216
4,5364,20,0.0,709,144,5220
14,5378,20,0.0,710,144,5234
7,5385,20,0.0,711,144,5241
11,5396,20,0.0,712,144,5252
4,5400,20,0.0,713,144,5256
3,5403,20,0.0,714,144,5259
10,5413,20,0.0,715,144,5269
2,5415,20,0.0,716,144,5271
14,5429,21,1.0,717,144,5285
11,5440,21,0.0,718,144,5296
6,5446,21,0.0,719,144,5302
16,5462,21,0.0,720,144,5318
8,5470,21,0.0,721,144,5326
2,5472,21,0.0,722,144,5328
4,5476,21,0.0,723,144,5332
10,5486,21,0.0,724,144,5342
11,5497,21,0.0,725,144,5353
17,5514,21,0.0,726,144,5370
2,5516,21,0.0,727,144,5372
7,5523,21,0.0,728,144,5379
7,5530,21,0.0,729,144,5386
4,5534,21,0.0,730,144,5390
6,5540,21,0.0,731,144,5396
7,5547,21,0.0,732,144,5403
20,5567,21,0.0,733,144,5423
14,5581,21,0.0,734,144,5437
3,5584,21,0.0,735,144,5440
10,5594,21,0.0,736,144,5450
8,5602,21,0.0,737,144,5458
4,5606,21,0.0,738,144,5462
14,5620,22,1.0,739,144,5476
3,5623,22,0.0,740,144,5479
2,5625,22,0.0,741,144,5481
5,5630,22,0.0,742,144,5486
5,5635,22,0.0,743,144,5491
21,5656,22,0.0,744,144,5512
6,5662,22,0.0,745,144,5518
23,5685,22,0.0,746,144,5541
2,5687,22,0.0,747,144,5543
2,5689,22,0.0,748,144,5545
4,5693,22,0.0,749,144,5549
3,5696,22,0.0,750,144,5552
5,5701,22,0.0,751,144,5557
5,5706,22,0.0,752,144,5562
14,5720,23,1.0,753,144,5576
6,5726,23,0.0,754,144,5582
8,5734,23,0.0,755,144,5590
18,5752,23,0.0,756,144,5608
4,5756,23,0.0,757,144,5612
7,5763,23,0.0,758,144,5619
3,5766,23,0.0,759,144,5622
11,5777,23,0.0,760,144,5633
2,5779,23,0.0,761,144,5635
2,5781,23,0.0,762,144,5637
11,5792,23,0.0,763,144,5648
3,5795,23,0.0,764,144,5651
17,5812,23,0.0,765,144,5668
6,5818,23,0.0,766,144,5674
2,5820,23,0.0,767,144,5676
14,5834,23,0.0,768,144,5690
14,5848,24,1.0,769,144,5704
3,5851,24,0.0,770,144,5707
4,5855,24,0.0,771,144,5711
4,5859,24,0.0,772,144,5715
7,5866,24,0.0,773,144,5722
8,5874,24,0.0,774,144,5730
9,5883,24,0.0,775,144,5739
2,5885,24,0.0,776,144,5741
11,5896,24,0.0,777,144,5752
26,5922,24,0.0,778,144,5778
5,5927,24,0.0,779,144,5783
2,5929,24,0.0,780,144,5785
5,5934,24,0.0,781,144,5790
11,5945,24,0.0,782,144,5801
7,5952,24,0.0,783,144,5808
3,5955,24,0.0,784,144,5811
2,5957,24,0.0,785,144,5813
4,5961,24,0.0,786,144,5817
2,5963,24,0.0,787,144,5819
7,5970,24,0.0,788,144,5826
4,5974,24,0.0,789,144,5830
3,5977,24,0.0,790,144,5833
10,5987,24,0.0,791,144,5843
11,5998,24,0.0,792,144,5854
8,6006,24,0.0,793,144,5862
9,6015,24,0.0,794,144,5871
11,6026,24,0.0,795,144,5882
10,6036,24,0.0,796,144,5892
5,6041,24,0.0,797,144,5897
8,6049,24,0.0,798,144,5905
6,6055,24,0.0,799,144,5911
4,6059,24,0.0,800,144,5915
4,6063,24,0.0,801,144,5919
3,6066,24,0.0,802,144,5922
12,6078,24,0.0,803,144,5934
16,6094,24,0.0,804,144,5950
8,6102,24,0.0,805,144,5958
7,6109,24,0.0,806,144,5965
2,6111,24,0.0,807,144,5967
20,6131,24,0.0,808,144,5987
9,6140,24,0.0,809,144,5996
5,6145,24,0.0,810,144,6001
7,6152,24,0.0,811,144,6008
7,6159,24,0.0,812,144,6015
7,6166,24,0.0,813,144,6022
6,6172,24,0.0,814,144,6028
7,6179,24,0.0,815,144,6035
2,6181,24,0.0,816,144,6037
14,6195,25,1.0,817,144,6051
12,6207,25,0.0,818,144,6063
7,6214,25,0.0,819,144,6070
8,6222,25,0.0,820,144,6078
13,6235,25,0.0,821,144,6091
8,6243,25,0.0,822,144,6099
7,6250,25,0.0,823,144,6106
6,6256,25,0.0,824,144,6112
12,6268,25,0.0,825,144,6124
6,6274,25,0.0,826,144,6130
2,6276,25,0.0,827,144,6132
3,6279,25,0.0,828,144,6135
5,6284,25,0.0,829,144,6140
8,6292,25,0.0,830,144,6148
2,6294,25,0.0,831,144,6150
4,6298,25,0.0,832,144,6154
3,6301,25,0.0,833,144,6157
3,6304,25,0.0,834,144,6160
6,6310,25,0.0,835,144,6166
10,6320,25,0.0,836,144,6176
10,6330,25,0.0,837,144,6186
6,6336,25,0.0,838,144,6192
8,6344,25,0.0,839,144,6200
6,6350,25,0.0,840,144,6206
28,6378,26,1.0,841,144,6234
2,6380,26,0.0,842,144,6236
2,6382,26,0.0,843,144,6238
2,6384,26,0.0,844,144,6240
2,6386,26,0.0,845,144,6242
8,6394,26,0.0,846,144,6250
4,6398,26,0.0,847,144,6254
12,6410,26,0.0,848,144,6266
4,6414,26,0.0,849,144,6270
5,6419,26,0.0,850,144,6275
5,6424,26,0.0,851,144,6280
6,6430,26,0.0,852,144,6286
7,6437,26,0.0,853,144,6293
12,6449,26,0.0,854,144,6305
2,6451,26,0.0,855,144,6307
2,6453,26,0.0,856,144,6309
7,6460,26,0.0,857,144,6316
11,6471,26,0.0,858,144,6327
17,6488,26,0.0,859,144,6344
4,6492,26,0.0,860,144,6348
3,6495,26,0.0,861,144,6351
5,6500,26,0.0,862,144,6356
16,6516,26,0.0,863,144,6372
2,6518,26,0.0,864,144,6374
9,6527,26,0.0,865,144,6383
4,6531,26,0.0,866,144,6387
7,6538,26,0.0,867,144,6394
2,6540,26,0.0,868,144,6396
6,6546,26,0.0,869,144,6402
2,6548,26,0.0,870,144,6404
13,6561,27,1.0,871,144,6417
11,6572,27,0.0,872,144,6428
2,6574,27,0.0,873,144,6430
7,6581,27,0.0,874,144,6437
9,6590,27,0.0,875,144,6446
7,6597,27,0.0,876,144,6453
8,6605,27,0.0,877,144,6461
3,6608,27,0.0,878,144,6464
8,6616,27,0.0,879,144,6472
5,6621,27,0.0,880,144,6477
6,6627,27,0.0,881,144,6483
2,6629,27,0.0,882,144,6485
10,6639,27,0.0,883,144,6495
18,6657,27,0.0,884,144,6513
4,6661,27,0.0,885,144,6517
2,6663,27,0.0,886,144,6519
13,6676,28,1.0,887,144,6532
2,6678,28,0.0,888,144,6534
4,6682,28,0.0,889,144,6538
2,6684,28,0.0,890,144,6540
4,6688,28,0.0,891,144,6544
3,6691,28,0.0,892,144,6547
11,6702,28,0.0,893,144,6558
14,6716,28,0.0,894,144,6572
18,6734,29,1.0,895,144,6590
8,6742,29,0.0,896,144,6598
13,6755,29,0.0,897,144,6611
12,6767,29,0.0,898,144,6623
4,6771,29,0.0,899,144,6627
6,6777,29,0.0,900,144,6633
2,6779,29,0.0,901,144,6635
4,6783,29,0.0,902,144,6639
5,6788,29,0.0,903,144,6644
6,6794,29,0.0,904,144,6650
13,6807,29,0.0,905,144,6663
2,6809,29,0.0,906,144,6665
8,6817,29,0.0,907,144,6673
5,6822,29,0.0,908,144,6678
11,6833,29,0.0,909,144,6689
4,6837,29,0.0,910,144,6693
6,6843,29,0.0,911,144,6699
5,6848,29,0.0,912,144,6704
5,6853,29,0.0,913,144,6709
4,6857,29,0.0,914,144,6713
2,6859,29,0.0,915,144,6715
4,6863,29,0.0,916,144,6719
5,6868,29,0.0,917,144,6724
4,6872,29,0.0,918,144,6728
4,6876,29,0.0,919,144,6732
9,6885,29,0.0,920,144,6741
2,6887,29,0.0,921,144,6743
2,6889,29,0.0,922,144,6745
8,6897,29,0.0,923,144,6753
8,6905,29,0.0,924,144,6761
5,6910,29,0.0,925,144,6766
8,6918,29,0.0,926,144,6774
11,6929,29,0.0,927,144,6785
3,6932,29,0.0,928,144,6788
4,6936,29,0.0,929,144,6792
14,6950,29,0.0,930,144,6806
2,6952,29,0.0,931,144,6808
4,6956,29,0.0,932,144,6812
10,6966,29,0.0,933,144,6822
2,6968,29,0.0,934,144,6824
7,6975,29,0.0,935,144,6831
6,6981,29,0.0,936,144,6837
3,6984,29,0.0,937,144,6840
10,6994,29,0.0,938,144,6850
2,6996,29,0.0,939,144,6852
2,6998,29,0.0,940,144,6854
10,7008,29,0.0,941,144,6864
3,7011,29,0.0,942,144,6867
7,7018,29,0.0,943,144,6874
11,7029,29,0.0,944,144,6885
4,7033,29,0.0,945,144,6889
7,7040,29,0.0,946,144,6896
4,7044,29,0.0,947,144,6900
15,7059,29,0.0,948,144,6915
11,7070,29,0.0,949,144,6926
17,7087,29,0.0,950,144,6943
10,7097,29,0.0,951,144,6953
3,7100,29,0.0,952,144,6956
3,7103,29,0.0,953,144,6959
11,7114,29,0.0,954,144,6970
13,7127,29,0.0,955,144,6983
17,7144,29,0.0,956,144,7000
2,7146,29,0.0,957,144,7002
5,7151,29,0.0,958,144,7007
3,7154,29,0.0,959,144,7010
11,7165,29,0.0,960,144,7021
11,7176,29,0.0,961,144,7032
19,7195,29,0.0,962,144,7051
6,7201,29,0.0,963,144,7057
4,7205,29,0.0,964,144,7061
5,7210,29,0.0,965,144,7066
5,7215,29,0.0,966,144,7071
5,7220,29,0.0,967,144,7076
11,7231,29,0.0,968,144,7087
8,7239,29,0.0,969,144,7095
14,7253,29,0.0,970,144,7109
2,7255,29,0.0,971,144,7111
3,7258,29,0.0,972,144,7114
4,7262,29,0.0,973,144,7118
8,7270,29,0.0,974,144,7126
6,7276,29,0.0,975,144,7132
2,7278,29,0.0,976,144,7134
4,7282,29,0.0,977,144,7138
8,7290,29,0.0,978,144,7146
13,7303,30,1.0,979,144,7159
4,7307,30,0.0,980,144,7163
3,7310,30,0.0,981,144,7166
11,7321,30,0.0,982,144,7177
5,7326,30,0.0,983,144,7182
3,7329,30,0.0,984,144,7185
4,7333,30,0.0,985,144,7189
17,7350,30,0.0,986,144,7206
9,7359,30,0.0,987,144,7215
25,7384,30,0.0,988,144,7240
9,7393,30,0.0,989,144,7249
7,7400,30,0.0,990,144,7256
8,7408,30,0.0,991,144,7264
3,7411,30,0.0,992,144,7267
4,7415,30,0.0,993,144,7271
8,7423,30,0.0,994,144,7279
25,7448,30,0.0,995,144,7304
5,7453,30,0.0,996,144,7309
2,7455,30,0.0,997,144,7311
9,7464,30,0.0,998,144,7320
5,7469,30,0.0,999,144,7325
5,7474,30,0.0,1000,144,7330
28,7502,30,0.0,1001,144,7358
4,7506,30,0.0,1002,144,7362
8,7514,30,0.0,1003,144,7370
5,7519,30,0.0,1004,144,7375
2,7521,30,0.0,1005,144,7377
5,7526,30,0.0,1006,144,7382
2,7528,30,0.0,1007,144,7384
6,7534,30,0.0,1008,144,7390
23,7557,30,0.0,1009,144,7413
7,7564,30,0.0,1010,144,7420
2,7566,30,0.0,1011,144,7422
3,7569,30,0.0,1012,144,7425
4,7573,30,0.0,1013,144,7429
14,7587,30,0.0,1014,144,7443
10,7597,30,0.0,1015,144,7453
18,7615,31,1.0,1016,144,7471
4,7619,31,0.0,1017,144,7475
3,7622,31,0.0,1018,144,7478
8,7630,31,0.0,1019,144,7486
13,7643,31,0.0,1020,144,7499
5,7648,31,0.0,1021,144,7504
5,7653,31,0.0,1022,144,7509
12,7665,31,0.0,1023,144,7521
2,7667,31,0.0,1024,144,7523
5,7672,31,0.0,1025,144,7528
10,7682,31,0.0,1026,144,7538
4,7686,31,0.0,1027,144,7542
11,7697,31,0.0,1028,144,7553
2,7699,31,0.0,1029,144,7555
4,7703,31,0.0,1030,144,7559
14,7717,31,0.0,1031,144,7573
3,7720,31,0.0,1032,144,7576
12,7732,31,0.0,1033,144,7588
8,7740,31,0.0,1034,144,7596
19,7759,31,0.0,1035,144,7615
5,7764,31,0.0,1036,144,7620
5,7769,31,0.0,1037,144,7625
6,7775,31,0.0,1038,144,7631
10,7785,31,0.0,1039,144,7641
9,7794,31,0.0,1040,144,7650
4,7798,31,0.0,1041,144,7654
4,7802,31,0.0,1042,144,7658
9,7811,31,0.0,1043,144,7667
10,7821,31,0.0,1044,144,7677
13,7834,31,0.0,1045,144,7690
6,7840,31,0.0,1046,144,7696
6,7846,31,0.0,1047,144,7702
13,7859,31,0.0,1048,144,7715
5,7864,31,0.0,1049,144,7720
13,7877,31,0.0,1050,144,7733
7,7884,31,0.0,1051,144,7740
3,7887,31,0.0,1052,144,7743
12,7899,31,0.0,1053,144,7755
13,7912,31,0.0,1054,144,7768
14,7926,32,1.0,1055,144,7782
11,7937,32,0.0,1056,144,7793
3,7940,32,0.0,1057,144,7796
12,7952,32,0.0,1058,144,7808
8,7960,32,0.0,1059,144,7816
22,7982,32,0.0,1060,144,7838
13,7995,33,1.0,1061,144,7851
4,7999,33,0.0,1062,144,7855
2,8001,33,0.0,1063,144,7857
11,8012,33,0.0,1064,144,7868
3,8015,33,0.0,1065,144,7871
13,8028,33,0.0,1066,144,7884
4,8032,33,0.0,1067,144,7888
10,8042,33,0.0,1068,144,7898
12,8054,33,0.0,1069,144,7910
6,8060,33,0.0,1070,144,7916
8,8068,33,0.0,1071,144,7924
3,8071,33,0.0,1072,144,7927
14,8085,33,0.0,1073,144,7941
3,8088,33,0.0,1074,144,7944
9,8097,33,0.0,1075,144,7953
17,8114,33,0.0,1076,144,7970
2,8116,33,0.0,1077,144,7972
6,8122,33,0.0,1078,144,7978
8,8130,33,0.0,1079,144,7986
10,8140,33,0.0,1080,144,7996
7,8147,33,0.0,1081,144,8003
12,8159,33,0.0,1082,144,8015
14,8173,33,0.0,1083,144,8029
3,8176,33,0.0,1084,144,8032
19,8195,33,0.0,1085,144,8051
3,8198,33,0.0,1086,144,8054
7,8205,33,0.0,1087,144,8061
6,8211,33,0.0,1088,144,8067
15,8226,33,0.0,1089,144,8082
5,8231,33,0.0,1090,144,8087
14,8245,34,1.0,1091,144,8101
27,8272,34,0.0,1092,144,8128
2,8274,34,0.0,1093,144,8130
13,8287,34,0.0,1094,144,8143
12,8299,34,0.0,1095,144,8155
5,8304,34,0.0,1096,144,8160
2,8306,34,0.0,1097,144,8162
2,8308,34,0.0,1098,144,8164
5,8313,34,0.0,1099,144,8169
2,8315,34,0.0,1100,144,8171
14,8329,34,0.0,1101,144,8185
3,8332,34,0.0,1102,144,8188
5,8337,34,0.0,1103,144,8193
8,8345,34,0.0,1104,144,8201
2,8347,34,0.0,1105,144,8203
7,8354,34,0.0,1106,144,8210
9,8363,34,0.0,1107,144,8219
2,8365,34,0.0,1108,144,8221
2,8367,34,0.0,1109,144,8223
7,8374,34,0.0,1110,144,8230
5,8379,34,0.0,1111,144,8235
9,8388,34,0.0,1112,144,8244
13,8401,34,0.0,1113,144,8257
19,8420,34,0.0,1114,144,8276
8,8428,34,0.0,1115,144,8284
12,8440,34,0.0,1116,144,8296
8,8448,34,0.0,1117,144,8304
13,8461,34,0.0,1118,144,8317
11,8472,34,0.0,1119,144,8328
18,8490,35,1.0,1120,144,8346
4,8494,35,0.0,1121,144,8350
22,8516,35,0.0,1122,144,8372
10,8526,35,0.0,1123,144,8382
3,8529,35,0.0,1124,144,8385
7,8536,35,0.0,1125,144,8392
11,8547,35,0.0,1126,144,8403
6,8553,35,0.0,1127,144,8409
10,8563,35,0.0,1128,144,8419
2,8565,35,0.0,1129,144,8421
13,8578,35,0.0,1130,144,8434
3,8581,35,0.0,1131,144,8437
16,8597,35,0.0,1132,144,8453
3,8600,35,0.0,1133,144,8456
12,8612,35,0.0,1134,144,8468
9,8621,35,0.0,1135,144,8477
8,8629,35,0.0,1136,144,8485
11,8640,35,0.0,1137,144,8496
4,8644,35,0.0,1138,144,8500
14,8658,35,0.0,1139,144,8514
20,8678,35,0.0,1140,144,8534
18,8696,36,1.0,1141,144,8552
7,8703,36,0.0,1142,144,8559
2,8705,36,0.0,1143,144,8561
2,8707,36,0.0,1144,144,8563
26,8733,36,0.0,1145,144,8589
11,8744,36,0.0,1146,144,8600
2,8746,36,0.0,1147,144,8602
11,8757,36,0.0,1148,144,8613
15,8772,36,0.0,1149,144,8628
3,8775,36,0.0,1150,144,8631
15,8790,36,0.0,1151,144,8646
8,8798,36,0.0,1152,144,8654
2,8800,36,0.0,1153,144,8656
14,8814,36,0.0,1154,144,8670
2,8816,36,0.0,1155,144,8672
5,8821,36,0.0,1156,144,8677
14,8835,36,0.0,1157,144,8691
18,8853,36,0.0,1158,144,8709
4,8857,36,0.0,1159,144,8713
7,8864,36,0.0,1160,144,8720
3,8867,36,0.0,1161,144,8723
3,8870,36,0.0,1162,144,8726
7,8877,36,0.0,1163,144,8733
13,8890,36,0.0,1164,144,8746
4,8894,36,0.0,1165,144,8750
10,8904,36,0.0,1166,144,8760
4,8908,36,0.0,1167,144,8764
16,8924,36,0.0,1168,144,8780
2,8926,36,0.0,1169,144,8782
7,8933,36,0.0,1170,144,8789
6,8939,36,0.0,1171,144,8795
4,8943,36,0.0,1172,144,8799
3,8946,36,0.0,1173,144,8802
6,8952,36,0.0,1174,144,8808
7,8959,36,0.0,1175,144,8815
4,8963,36,0.0,1176,144,8819
2,8965,36,0.0,1177,144,8821
2,8967,36,0.0,1178,144,8823
2,8969,36,0.0,1179,144,8825
18,8987,36,0.0,1180,144,8843
5,8992,36,0.0,1181,144,8848
5,8997,36,0.0,1182,144,8853
4,9001,36,0.0,1183,144,8857
2,9003,36,0.0,1184,144,8859
11,9014,36,0.0,1185,144,8870
7,9021,36,0.0,1186,144,8877
2,9023,36,0.0,1187,144,8879
9,9032,36,0.0,1188,144,8888
4,9036,36,0.0,1189,144,8892
11,9047,36,0.0,1190,144,8903
7,9054,36,0.0,1191,144,8910
9,9063,36,0.0,1192,144,8919
7,9070,36,0.0,1193,144,8926
2,9072,36,0.0,1194,144,8928
15,9087,36,0.0,1195,144,8943
5,9092,36,0.0,1196,144,8948
6,9098,36,0.0,1197,144,8954
11,9109,36,0.0,1198,144,8965
3,9112,36,0.0,1199,144,8968
34,9146,36,0.0,1200,144,9002
15,9161,36,0.0,1201,144,9017
8,9169,36,0.0,1202,144,9025
3,9172,36,0.0,1203,144,9028
4,9176,36,0.0,1204,144,9032
2,9178,36,0.0,1205,144,9034
14,9192,36,0.0,1206,144,9048
6,9198,36,0.0,1207,144,9054
5,9203,36,0.0,1208,144,9059
6,9209,36,0.0,1209,144,9065
13,9222,36,0.0,1210,144,9078
4,9226,36,0.0,1211,144,9082
6,9232,36,0.0,1212,144,9088
2,9234,36,0.0,1213,144,9090
7,9241,36,0.0,1214,144,9097
5,9246,36,0.0,1215,144,9102
11,9257,36,0.0,1216,144,9113
18,9275,37,1.0,1217,144,9131
4,9279,37,0.0,1218,144,9135
3,9282,37,0.0,1219,144,9138
8,9290,37,0.0,1220,144,9146
4,9294,37,0.0,1221,144,9150
11,9305,37,0.0,1222,144,9161
9,9314,37,0.0,1223,144,9170
4,9318,37,0.0,1224,144,9174
4,9322,37,0.0,1225,144,9178
4,9326,37,0.0,1226,144,9182
14,9340,37,0.0,1227,144,9196
2,9342,37,0.0,1228,144,9198
12,9354,37,0.0,1229,144,9210
2,9356,37,0.0,1230,144,9212
3,9359,37,0.0,1231,144,9215
2,9361,37,0.0,1232,144,9217
4,9365,37,0.0,1233,144,9221
5,9370,37,0.0,1234,144,9226
7,9377,37,0.0,1235,144,9233
4,9381,37,0.0,1236,144,9237
2,9383,37,0.0,1237,144,9239
13,9396,37,0.0,1238,144,9252
8,9404,37,0.0,1239,144,9260
15,9419,37,0.0,1240,144,9275
8,9427,37,0.0,1241,144,9283
2,9429,37,0.0,1242,144,9285
10,9439,37,0.0,1243,144,9295
4,9443,37,0.0,1244,144,9299
3,9446,37,0.0,1245,144,9302
7,9453,37,0.0,1246,144,9309
12,9465,37,0.0,1247,144,9321
5,9470,37,0.0,1248,144,9326
5,9475,37,0.0,1249,144,9331
25,9500,37,0.0,1250,144,9356
6,9506,37,0.0,1251,144,9362
3,9509,37,0.0,1252,144,9365
3,9512,37,0.0,1253,144,9368
10,9522,37,0.0,1254,144,9378
4,9526,37,0.0,1255,144,9382
15,9541,37,0.0,1256,144,9397
4,9545,37,0.0,1257,144,9401
2,9547,37,0.0,1258,144,9403
2,9549,37,0.0,1259,144,9405
22,9571,37,0.0,1260,144,9427
6,9577,37,0.0,1261,144,9433
20,9597,37,0.0,1262,144,9453
4,9601,37,0.0,1263,144,9457
16,9617,37,0.0,1264,144,9473
2,9619,37,0.0,1265,144,9475
2,9621,37,0.0,1266,144,9477
14,9635,37,0.0,1267,144,9491
2,9637,37,0.0,1268,144,9493
5,9642,37,0.0,1269,144,9498
7,9649,37,0.0,1270,144,9505
2,9651,37,0.0,1271,144,9507
2,9653,37,0.0,1272,144,9509
6,9659,37,0.0,1273,144,9515
13,9672,37,0.0,1274,144,9528
5,9677,37,0.0,1275,144,9533
2,9679,37,0.0,1276,144,9535
6,9685,37,0.0,1277,144,9541
14,9699,37,0.0,1278,144,9555
6,9705,37,0.0,1279,144,9561
11,9716,37,0.0,1280,144,9572
2,9718,37,0.0,1281,144,9574
5,9723,37,0.0,1282,144,9579
6,9729,37,0.0,1283,144,9585
4,9733,37,0.0,1284,144,9589
10,9743,37,0.0,1285,144,9599
4,9747,37,0.0,1286,144,9603
5,9752,37,0.0,1287,144,9608
3,9755,37,0.0,1288,144,9611
25,9780,38,1.0,1289,144,9636
12,9792,38,0.0,1290,144,9648
6,9798,38,0.0,1291,144,9654
6,9804,38,0.0,1292,144,9660
7,9811,38,0.0,1293,144,9667
4,9815,38,0.0,1294,144,9671
5,9820,38,0.0,1295,144,9676
2,9822,38,0.0,1296,144,9678
6,9828,38,0.0,1297,144,9684
10,9838,38,0.0,1298,144,9694
2,9840,38,0.0,1299,144,9696
2,9842,38,0.0,1300,144,9698
2,9844,38,0.0,1301,144,9700
12,9856,38,0.0,1302,144,9712
5,9861,38,0.0,1303,144,9717
12,9873,38,0.0,1304,144,9729
11,9884,38,0.0,1305,144,9740
5,9889,38,0.0,1306,144,9745
2,9891,38,0.0,1307,144,9747
35,9926,38,0.0,1308,144,9782
11,9937,38,0.0,1309,144,9793
6,9943,38,0.0,1310,144,9799
2,9945,38,0.0,1311,144,9801
19,9964,38,0.0,1312,144,9820
5,9969,38,0.0,1313,144,9825
3,9972,38,0.0,1314,144,9828
3,9975,38,0.0,1315,144,9831
7,9982,38,0.0,1316,144,9838
3,9985,38,0.0,1317,144,9841
25,10010,38,0.0,1318,144,9866
10,10020,38,0.0,1319,144,9876
5,10025,38,0.0,1320,144,9881
9,10034,38,0.0,1321,144,9890
9,10043,38,0.0,1322,144,9899
8,10051,38,0.0,1323,144,9907
11,10062,38,0.0,1324,144,9918
8,10070,38,0.0,1325,144,9926
19,10089,38,0.0,1326,144,9945
5,10094,38,0.0,1327,144,9950
16,10110,38,0.0,1328,144,9966
4,10114,38,0.0,1329,144,9970
7,10121,38,0.0,1330,144,9977
18,10139,38,0.0,1331,144,9995
6,10145,38,0.0,1332,144,10001
7,10152,38,0.0,1333,144,10008
3,10155,38,0.0,1334,144,10011
17,10172,38,0.0,1335,144,10028
2,10174,38,0.0,1336,144,10030
9,10183,38,0.0,1337,144,10039
7,10190,38,0.0,1338,144,10046
5,10195,38,0.0,1339,144,10051
2,10197,38,0.0,1340,144,10053
3,10200,38,0.0,1341,144,10056
10,10210,38,0.0,1342,144,10066
3,10213,38,0.0,1343,144,10069
7,10220,38,0.0,1344,144,10076
5,10225,38,0.0,1345,144,10081
4,10229,38,0.0,1346,144,10085
13,10242,38,0.0,1347,144,10098
12,10254,38,0.0,1348,144,10110
3,10257,38,0.0,1349,144,10113
3,10260,38,0.0,1350,144,10116
2,10262,38,0.0,1351,144,10118
5,10267,38,0.0,1352,144,10123
9,10276,38,0.0,1353,144,10132
8,10284,38,0.0,1354,144,10140
3,10287,38,0.0,1355,144,10143
5,10292,38,0.0,1356,144,10148
19,10311,38,0.0,1357,144,10167
8,10319,38,0.0,1358,144,10175
3,10322,38,0.0,1359,144,10178
2,10324,38,0.0,1360,144,10180
21,10345,38,0.0,1361,144,10201
17,10362,38,0.0,1362,144,10218
16,10378,38,0.0,1363,144,10234
4,10382,38,0.0,1364,144,10238
2,10384,38,0.0,1365,144,10240
5,10389,38,0.0,1366,144,10245
2,10391,38,0.0,1367,144,10247
8,10399,38,0.0,1368,144,10255
2,10401,38,0.0,1369,144,10257
5,10406,38,0.0,1370,144,10262
6,10412,38,0.0,1371,144,10268
3,10415,38,0.0,1372,144,10271
6,10421,38,0.0,1373,144,10277
4,10425,38,0.0,1374,144,10281
11,10436,38,0.0,1375,144,10292
10,10446,38,0.0,1376,144,10302
8,10454,38,0.0,1377,144,10310
5,10459,38,0.0,1378,144,10315
7,10466,38,0.0,1379,144,10322
15,10481,38,0.0,1380,144,10337
5,10486,38,0.0,1381,144,10342
2,10488,38,0.0,1382,144,10344
2,10490,38,0.0,1383,144,10346
3,10493,38,0.0,1384,144,10349
2,10495,38,0.0,1385,144,10351
5,10500,38,0.0,1386,144,10356
6,10506,38,0.0,1387,144,10362
7,10513,38,0.0,1388,144,10369
6,10519,38,0.0,1389,144,10375
15,10534,38,0.0,1390,144,10390
5,10539,38,0.0,1391,144,10395
3,10542,38,0.0,1392,144,10398
14,10556,38,0.0,1393,144,10412
7,10563,38,0.0,1394,144,10419
3,10566,38,0.0,1395,144,10422
21,10587,38,0.0,1396,144,10443
12,10599,38,0.0,1397,144,10455
3,10602,38,0.0,1398,144,10458
3,10605,38,0.0,1399,144,10461
8,10613,38,0.0,1400,144,10469
16,10629,38,0.0,1401,144,10485
4,10633,38,0.0,1402,144,10489
10,10643,38,0.0,1403,144,10499
17,10660,38,0.0,1404,144,10516
3,10663,38,0.0,1405,144,10519
14,10677,38,0.0,1406,144,10533
2,10679,38,0.0,1407,144,10535
34,10713,38,0.0,1408,144,10569
12,10725,38,0.0,1409,144,10581
11,10736,38,0.0,1410,144,10592
8,10744,38,0.0,1411,144,10600
12,10756,38,0.0,1412,144,10612
9,10765,38,0.0,1413,144,10621
5,10770,38,0.0,1414,144,10626
19,10789,38,0.0,1415,144,10645
18,10807,39,1.0,1416,144,10663
7,10814,39,0.0,1417,144,10670
5,10819,39,0.0,1418,144,10675
2,10821,39,0.0,1419,144,10677
5,10826,39,0.0,1420,144,10682
29,10855,39,0.0,1421,144,10711
14,10869,39,0.0,1422,144,10725
14,10883,39,0.0,1423,144,10739
4,10887,39,0.0,1424,144,10743
18,10905,39,0.0,1425,144,10761
4,10909,39,0.0,1426,144,10765
6,10915,39,0.0,1427,144,10771
29,10944,39,0.0,1428,144,10800
2,10946,39,0.0,1429,144,10802
12,10958,39,0.0,1430,144,10814
4,10962,39,0.0,1431,144,10818
18,10980,39,0.0,1432,144,10836
10,10990,39,0.0,1433,144,10846
5,10995,39,0.0,1434,144,10851
2,10997,39,0.0,1435,144,10853
6,11003,39,0.0,1436,144,10859
5,11008,39,0.0,1437,144,10864
10,11018,39,0.0,1438,144,10874
14,11032,40,1.0,1439,144,10888
10,11042,40,0.0,1440,144,10898
35,11077,40,0.0,1441,144,10933
9,11086,40,0.0,1442,144,10942
4,11090,40,0.0,1443,144,10946
3,11093,40,0.0,1444,144,10949
8,11101,40,0.0,1445,144,10957
3,11104,40,0.0,1446,144,10960
9,11113,41,1.0,1447,144,10969
9,11122,41,0.0,1448,144,10978
2,11124,41,0.0,1449,144,10980
8,11132,41,0.0,1450,144,10988
3,11135,41,0.0,1451,144,10991
13,11148,42,1.0,1452,144,11004
2,11150,42,0.0,1453,144,11006
6,11156,42,0.0,1454,144,11012
3,11159,42,0.0,1455,144,11015
4,11163,42,0.0,1456,144,11019
2,11165,42,0.0,1457,144,11021
5,11170,42,0.0,1458,144,11026
5,11175,42,0.0,1459,144,11031
5,11180,42,0.0,1460,144,11036
2,11182,42,0.0,1461,144,11038
5,11187,42,0.0,1462,144,11043
2,11189,42,0.0,1463,144,11045
7,11196,42,0.0,1464,144,11052
5,11201,42,0.0,1465,144,11057
4,11205,42,0.0,1466,144,11061
15,11220,43,1.0,1467,144,11076
2,11222,43,0.0,1468,144,11078
3,11225,43,0.0,1469,144,11081
11,11236,43,0.0,1470,144,11092
9,11245,43,0.0,1471,144,11101
2,11247,43,0.0,1472,144,11103
13,11260,44,1.0,1473,144,11116
6,11266,44,0.0,1474,144,11122
6,11272,44,0.0,1475,144,11128
2,11274,44,0.0,1476,144,11130
5,11279,44,0.0,1477,144,11135
8,11287,44,0.0,1478,144,11143
13,11300,44,0.0,1479,144,11156
5,11305,44,0.0,1480,144,11161
28,11333,45,1.0,1481,144,11189
7,11340,45,0.0,1482,144,11196
2,11342,45,0.0,1483,144,11198
2,11344,45,0.0,1484,144,11200
2,11346,45,0.0,1485,144,11202
7,11353,45,0.0,1486,144,11209
2,11355,45,0.0,1487,144,11211
14,11369,45,0.0,1488,144,11225
11,11380,45,0.0,1489,144,11236
28,11408,46,1.0,1490,144,11264
4,11412,46,0.0,1491,144,11268
3,11415,46,0.0,1492,144,11271
33,11448,46,0.0,1493,144,11304
12,11460,46,0.0,1494,144,11316
7,11467,46,0.0,1495,144,11323
20,11487,46,0.0,1496,144,11343
5,11492,46,0.0,1497,144,11348
7,11499,46,0.0,1498,144,11355
4,11503,46,0.0,1499,144,11359
7,11510,46,0.0,1500,144,11366
11,11521,46,0.0,1501,144,11377
10,11531,46,0.0,1502,144,11387
7,11538,46,0.0,1503,144,11394
2,11540,46,0.0,1504,144,11396
8,11548,46,0.0,1505,144,11404
3,11551,46,0.0,1506,144,11407
8,11559,46,0.0,1507,144,11415
13,11572,46,0.0,1508,144,11428
3,11575,46,0.0,1509,144,11431
5,11580,46,0.0,1510,144,11436
5,11585,46,0.0,1511,144,11441
5,11590,46,0.0,1512,144,11446
12,11602,46,0.0,1513,144,11458
17,11619,46,0.0,1514,144,11475
15,11634,46,0.0,1515,144,11490
2,11636,46,0.0,1516,144,11492
22,11658,46,0.0,1517,144,11514
11,11669,46,0.0,1518,144,11525
5,11674,46,0.0,1519,144,11530
14,11688,46,0.0,1520,144,11544
2,11690,46,0.0,1521,144,11546
4,11694,46,0.0,1522,144,11550
5,11699,46,0.0,1523,144,11555
16,11715,46,0.0,1524,144,11571
18,11733,46,0.0,1525,144,11589
3,11736,46,0.0,1526,144,11592
18,11754,46,0.0,1527,144,11610
12,11766,46,0.0,1528,144,11622
2,11768,46,0.0,1529,144,11624
5,11773,46,0.0,1530,144,11629
9,11782,46,0.0,1531,144,11638
8,11790,46,0.0,1532,144,11646
16,11806,46,0.0,1533,144,11662
6,11812,46,0.0,1534,144,11668
5,11817,46,0.0,1535,144,11673
6,11823,46,0.0,1536,144,11679
8,11831,46,0.0,1537,144,11687
6,11837,46,0.0,1538,144,11693
9,11846,46,0.0,1539,144,11702
10,11856,46,0.0,1540,144,11712
3,11859,46,0.0,1541,144,11715
16,11875,46,0.0,1542,144,11731
5,11880,46,0.0,1543,144,11736
12,11892,46,0.0,1544,144,11748
3,11895,46,0.0,1545,144,11751
15,11910,46,0.0,1546,144,11766
7,11917,46,0.0,1547,144,11773
2,11919,46,0.0,1548,144,11775
10,11929,46,0.0,1549,144,11785
22,11951,46,0.0,1550,144,11807
4,11955,46,0.0,1551,144,11811
2,11957,46,0.0,1552,144,11813
2,11959,46,0.0,1553,144,11815
10,11969,46,0.0,1554,144,11825
20,11989,46,0.0,1555,144,11845
11,12000,46,0.0,1556,144,11856
21,12021,46,0.0,1557,144,11877
2,12023,46,0.0,1558,144,11879
5,12028,46,0.0,1559,144,11884
5,12033,46,0.0,1560,144,11889
14,12047,46,0.0,1561,144,11903
8,12055,46,0.0,1562,144,11911
8,12063,46,0.0,1563,144,11919
7,12070,46,0.0,1564,144,11926
9,12079,46,0.0,1565,144,11935
2,12081,46,0.0,1566,144,11937
16,12097,46,0.0,1567,144,11953
5,12102,46,0.0,1568,144,11958
4,12106,46,0.0,1569,144,11962
2,12108,46,0.0,1570,144,11964
7,12115,46,0.0,1571,144,11971
2,12117,46,0.0,1572,144,11973
4,12121,46,0.0,1573,144,11977
4,12125,46,0.0,1574,144,11981
3,12128,46,0.0,1575,144,11984
14,12142,46,0.0,1576,144,11998
4,12146,46,0.0,1577,144,12002
6,12152,46,0.0,1578,144,12008
6,12158,46,0.0,1579,144,12014
8,12166,46,0.0,1580,144,12022
3,12169,46,0.0,1581,144,12025
6,12175,46,0.0,1582,144,12031
3,12178,46,0.0,1583,144,12034
18,12196,47,1.0,1584,144,12052
7,12203,47,0.0,1585,144,12059
3,12206,47,0.0,1586,144,12062
9,12215,47,0.0,1587,144,12071
6,12221,47,0.0,1588,144,12077
7,12228,47,0.0,1589,144,12084
14,12242,47,0.0,1590,144,12098
4,12246,47,0.0,1591,144,12102
3,12249,47,0.0,1592,144,12105
10,12259,47,0.0,1593,144,12115
9,12268,47,0.0,1594,144,12124
5,12273,47,0.0,1595,144,12129
6,12279,47,0.0,1596,144,12135
4,12283,47,0.0,1597,144,12139
11,12294,47,0.0,1598,144,12150
16,12310,47,0.0,1599,144,12166
4,12314,47,0.0,1600,144,12170
5,12319,47,0.0,1601,144,12175
10,12329,47,0.0,1602,144,12185
15,12344,47,0.0,1603,144,12200
7,12351,47,0.0,1604,144,12207
15,12366,47,0.0,1605,144,12222
4,12370,47,0.0,1606,144,12226
6,12376,47,0.0,1607,144,12232
2,12378,47,0.0,1608,144,12234
3,12381,47,0.0,1609,144,12237
7,12388,47,0.0,1610,144,12244
14,12402,47,0.0,1611,144,12258
8,12410,47,0.0,1612,144,12266
6,12416,47,0.0,1613,144,12272
6,12422,47,0.0,1614,144,12278
14,12436,47,0.0,1615,144,12292
2,12438,47,0.0,1616,144,12294
9,12447,47,0.0,1617,144,12303
13,12460,48,1.0,1618,144,12316
3,12463,48,0.0,1619,144,12319
3,12466,48,0.0,1620,144,12322
7,12473,48,0.0,1621,144,12329
26,12499,48,0.0,1622,144,12355
9,12508,48,0.0,1623,144,12364
6,12514,48,0.0,1624,144,12370
3,12517,48,0.0,1625,144,12373
6,12523,48,0.0,1626,144,12379
3,12526,48,0.0,1627,144,12382
7,12533,48,0.0,1628,144,12389
8,12541,48,0.0,1629,144,12397
12,12553,48,0.0,1630,144,12409
14,12567,48,0.0,1631,144,12423
11,12578,48,0.0,1632,144,12434
12,12590,48,0.0,1633,144,12446
5,12595,48,0.0,1634,144,12451
8,12603,48,0.0,1635,144,12459
9,12612,49,1.0,1636,144,12468
2,12614,49,0.0,1637,144,12470
4,12618,49,0.0,1638,144,12474
10,12628,49,0.0,1639,144,12484
4,12632,49,0.0,1640,144,12488
13,12645,50,1.0,1641,144,12501
5,12650,50,0.0,1642,144,12506
2,12652,50,0.0,1643,144,12508
2,12654,50,0.0,1644,144,12510
5,12659,50,0.0,1645,144,12515
15,12674,50,0.0,1646,144,12530
5,12679,50,0.0,1647,144,12535
8,12687,50,0.0,1648,144,12543
28,12715,50,0.0,1649,144,12571
10,12725,50,0.0,1650,144,12581
2,12727,50,0.0,1651,144,12583
3,12730,50,0.0,1652,144,12586
4,12734,50,0.0,1653,144,12590
14,12748,50,0.0,1654,144,12604
8,12756,50,0.0,1655,144,12612
6,12762,50,0.0,1656,144,12618
6,12768,50,0.0,1657,144,12624
5,12773,50,0.0,1658,144,12629
7,12780,50,0.0,1659,144,12636
17,12797,50,0.0,1660,144,12653
11,12808,50,0.0,1661,144,12664
11,12819,50,0.0,1662,144,12675
16,12835,50,0.0,1663,144,12691
3,12838,50,0.0,1664,144,12694
3,12841,50,0.0,1665,144,12697
14,12855,51,1.0,1666,144,12711
9,12864,51,0.0,1667,144,12720
2,12866,51,0.0,1668,144,12722
8,12874,51,0.0,1669,144,12730
22,12896,51,0.0,1670,144,12752
6,12902,51,0.0,1671,144,12758
3,12905,51,0.0,1672,144,12761
6,12911,51,0.0,1673,144,12767
2,12913,51,0.0,1674,144,12769
8,12921,51,0.0,1675,144,12777
8,12929,51,0.0,1676,144,12785
11,12940,51,0.0,1677,144,12796
8,12948,51,0.0,1678,144,12804
3,12951,51,0.0,1679,144,12807
7,12958,51,0.0,1680,144,12814
3,12961,51,0.0,1681,144,12817
5,12966,51,0.0,1682,144,12822
9,12975,51,0.0,1683,144,12831
8,12983,51,0.0,1684,144,12839
2,12985,51,0.0,1685,144,12841
14,12999,51,0.0,1686,144,12855
6,13005,51,0.0,1687,144,12861
2,13007,51,0.0,1688,144,12863
4,13011,51,0.0,1689,144,12867
2,13013,51,0.0,1690,144,12869
13,13026,51,0.0,1691,144,12882
11,13037,51,0.0,1692,144,12893
8,13045,51,0.0,1693,144,12901
5,13050,51,0.0,1694,144,12906
13,13063,52,1.0,1695,144,12919
25,13088,53,1.0,1696,144,12944
6,13094,53,0.0,1697,144,12950
4,13098,53,0.0,1698,144,12954
5,13103,53,0.0,1699,144,12959
17,13120,53,0.0,1700,144,12976
6,13126,53,0.0,1701,144,12982
6,13132,53,0.0,1702,144,12988
10,13142,53,0.0,1703,144,12998
4,13146,53,0.0,1704,144,13002
7,13153,53,0.0,1705,144,13009
9,13162,53,0.0,1706,144,13018
14,13176,53,0.0,1707,144,13032
4,13180,53,0.0,1708,144,13036
17,13197,53,0.0,1709,144,13053
7,13204,53,0.0,1710,144,13060
2,13206,53,0.0,1711,144,13062
4,13210,53,0.0,1712,144,13066
5,13215,53,0.0,1713,144,13071
8,13223,53,0.0,1714,144,13079
8,13231,53,0.0,1715,144,13087
9,13240,53,0.0,1716,144,13096
3,13243,53,0.0,1717,144,13099
6,13249,53,0.0,1718,144,13105
9,13258,53,0.0,1719,144,13114
14,13272,53,0.0,1720,144,13128
14,13286,53,0.0,1721,144,13142
4,13290,53,0.0,1722,144,13146
4,13294,53,0.0,1723,144,13150
3,13297,53,0.0,1724,144,13153
13,13310,54,1.0,1725,144,13166
5,13315,54,0.0,1726,144,13171
18,13333,54,0.0,1727,144,13189
6,13339,54,0.0,1728,144,13195
20,13359,54,0.0,1729,144,13215
6,13365,54,0.0,1730,144,13221
14,13379,54,0.0,1731,144,13235
6,13385,54,0.0,1732,144,13241
14,13399,54,0.0,1733,144,13255
26,13425,54,0.0,1734,144,13281
8,13433,54,0.0,1735,144,13289
14,13447,54,0.0,1736,144,13303
8,13455,54,0.0,1737,144,13311
10,13465,54,0.0,1738,144,13321
6,13471,54,0.0,1739,144,13327
8,13479,54,0.0,1740,144,13335
6,13485,54,0.0,1741,144,13341
14,13499,54,0.0,1742,144,13355
2,13501,54,0.0,1743,144,13357
11,13512,54,0.0,1744,144,13368
7,13519,54,0.0,1745,144,13375
4,13523,54,0.0,1746,144,13379
5,13528,54,0.0,1747,144,13384
14,13542,54,0.0,1748,144,13398
2,13544,54,0.0,1749,144,13400
2,13546,54,0.0,1750,144,13402
17,13563,54,0.0,1751,144,13419
9,13572,54,0.0,1752,144,13428
15,13587,54,0.0,1753,144,13443
3,13590,54,0.0,1754,144,13446
8,13598,54,0.0,1755,144,13454
2,13600,54,0.0,1756,144,13456
5,13605,54,0.0,1757,144,13461
5,13610,54,0.0,1758,144,13466
21,13631,54,0.0,1759,144,13487
9,13640,54,0.0,1760,144,13496
5,13645,54,0.0,1761,144,13501
11,13656,54,0.0,1762,144,13512
2,13658,54,0.0,1763,144,13514
13,13671,55,1.0,1764,144,13527
2,13673,55,0.0,1765,144,13529
5,13678,55,0.0,1766,144,13534
2,13680,55,0.0,1767,144,13536
6,13686,55,0.0,1768,144,13542
12,13698,55,0.0,1769,144,13554
6,13704,55,0.0,1770,144,13560
4,13708,55,0.0,1771,144,13564
2,13710,55,0.0,1772,144,13566
9,13719,55,0.0,1773,144,13575
4,13723,55,0.0,1774,144,13579
13,13736,55,0.0,1775,144,13592
5,13741,55,0.0,1776,144,13597
4,13745,55,0.0,1777,144,13601
7,13752,55,0.0,1778,144,13608
2,13754,55,0.0,1779,144,13610
12,13766,55,0.0,1780,144,13622
6,13772,55,0.0,1781,144,13628
4,13776,55,0.0,1782,144,13632
8,13784,55,0.0,1783,144,13640
8,13792,55,0.0,1784,144,13648
5,13797,55,0.0,1785,144,13653
2,13799,55,0.0,1786,144,13655
14,13813,55,0.0,1787,144,13669
3,13816,55,0.0,1788,144,13672
6,13822,55,0.0,1789,144,13678
9,13831,55,0.0,1790,144,13687
18,13849,56,1.0,1791,144,13705
4,13853,56,0.0,1792,144,13709
13,13866,56,0.0,1793,144,13722
20,13886,56,0.0,1794,144,13742
8,13894,56,0.0,1795,144,13750
17,13911,56,0.0,1796,144,13767
2,13913,56,0.0,1797,144,13769
12,13925,56,0.0,1798,144,13781
18,13943,57,1.0,1799,144,13799
4,13947,57,0.0,1800,144,13803
28,13975,58,1.0,1801,144,13831
17,13992,58,0.0,1802,144,13848
2,13994,58,0.0,1803,144,13850
2,13996,58,0.0,1804,144,13852
2,13998,58,0.0,1805,144,13854
6,14004,58,0.0,1806,144,13860
14,14018,58,0.0,1807,144,13874
15,14033,58,0.0,1808,144,13889
3,14036,58,0.0,1809,144,13892
2,14038,58,0.0,1810,144,13894
4,14042,58,0.0,1811,144,13898
12,14054,58,0.0,1812,144,13910
2,14056,58,0.0,1813,144,13912
10,14066,58,0.0,1814,144,13922
16,14082,58,0.0,1815,144,13938
11,14093,58,0.0,1816,144,13949
9,14102,58,0.0,1817,144,13958
2,14104,58,0.0,1818,144,13960
8,14112,58,0.0,1819,144,13968
4,14116,58,0.0,1820,144,13972
14,14130,58,0.0,1821,144,13986
9,14139,58,0.0,1822,144,13995
9,14148,58,0.0,1823,144,14004
3,14151,58,0.0,1824,144,14007
2,14153,58,0.0,1825,144,14009
2,14155,58,0.0,1826,144,14011
4,14159,58,0.0,1827,144,14015
5,14164,58,0.0,1828,144,14020
6,14170,58,0.0,1829,144,14026
5,14175,58,0.0,1830,144,14031
3,14178,58,0.0,1831,144,14034
13,14191,58,0.0,1832,144,14047
6,14197,58,0.0,1833,144,14053
6,14203,58,0.0,1834,144,14059
9,14212,58,0.0,1835,144,14068
3,14215,58,0.0,1836,144,14071
5,14220,58,0.0,1837,144,14076
4,14224,58,0.0,1838,144,14080
4,14228,58,0.0,1839,144,14084
5,14233,58,0.0,1840,144,14089
23,14256,58,0.0,1841,144,14112
7,14263,58,0.0,1842,144,14119
13,14276,58,0.0,1843,144,14132
9,14285,58,0.0,1844,144,14141
8,14293,58,0.0,1845,144,14149
2,14295,58,0.0,1846,144,14151
4,14299,58,0.0,1847,144,14155
15,14314,58,0.0,1848,144,14170
5,14319,58,0.0,1849,144,14175
2,14321,58,0.0,1850,144,14177
3,14324,58,0.0,1851,144,14180
4,14328,58,0.0,1852,144,14184
3,14331,58,0.0,1853,144,14187
2,14333,58,0.0,1854,144,14189
12,14345,58,0.0,1855,144,14201
2,14347,58,0.0,1856,144,14203
3,14350,58,0.0,1857,144,14206
5,14355,58,0.0,1858,144,14211
8,14363,58,0.0,1859,144,14219
5,14368,58,0.0,1860,144,14224
3,14371,58,0.0,1861,144,14227
2,14373,58,0.0,1862,144,14229
4,14377,58,0.0,1863,144,14233
6,14383,58,0.0,1864,144,14239
9,14392,58,0.0,1865,144,14248
17,14409,58,0.0,1866,144,14265
15,14424,58,0.0,1867,144,14280
6,14430,58,0.0,1868,144,14286
7,14437,58,0.0,1869,144,14293
16,14453,58,0.0,1870,144,14309
16,14469,58,0.0,1871,144,14325
4,14473,58,0.0,1872,144,14329
17,14490,58,0.0,1873,144,14346
18,14508,59,1.0,1874,144,14364
13,14521,60,1.0,1875,144,14377
5,14526,60,0.0,1876,144,14382
4,14530,60,0.0,1877,144,14386
5,14535,60,0.0,1878,144,14391
5,14540,60,0.0,1879,144,14396
14,14554,60,0.0,1880,144,14410
8,14562,60,0.0,1881,144,14418
8,14570,60,0.0,1882,144,14426
8,14578,60,0.0,1883,144,14434
10,14588,60,0.0,1884,144,14444
30,14618,60,0.0,1885,144,14474
5,14623,60,0.0,1886,144,14479
8,14631,60,0.0,1887,144,14487
14,14645,60,0.0,1888,144,14501
9,14654,60,0.0,1889,144,14510
15,14669,61,1.0,1890,144,14525
4,14673,61,0.0,1891,144,14529
8,14681,61,0.0,1892,144,14537
7,14688,61,0.0,1893,144,14544
8,14696,61,0.0,1894,144,14552
4,14700,61,0.0,1895,144,14556
16,14716,61,0.0,1896,144,14572
21,14737,61,0.0,1897,144,14593
8,14745,61,0.0,1898,144,14601
18,14763,61,0.0,1899,144,14619
14,14777,61,0.0,1900,144,14633
6,14783,61,0.0,1901,144,14639
6,14789,61,0.0,1902,144,14645
6,14795,61,0.0,1903,144,14651
11,14806,61,0.0,1904,144,14662
2,14808,61,0.0,1905,144,14664
7,14815,61,0.0,1906,144,14671
2,14817,61,0.0,1907,144,14673
8,14825,61,0.0,1908,144,14681
11,14836,61,0.0,1909,144,14692
2,14838,61,0.0,1910,144,14694
5,14843,61,0.0,1911,144,14699
3,14846,61,0.0,1912,144,14702
11,14857,61,0.0,1913,144,14713
11,14868,61,0.0,1914,144,14724
7,14875,61,0.0,1915,144,14731
18,14893,61,0.0,1916,144,14749
4,14897,61,0.0,1917,144,14753
8,14905,61,0.0,1918,144,14761
3,14908,61,0.0,1919,144,14764
5,14913,61,0.0,1920,144,14769
10,14923,61,0.0,1921,144,14779
2,14925,61,0.0,1922,144,14781
11,14936,61,0.0,1923,144,14792
9,14945,61,0.0,1924,144,14801
9,14954,61,0.0,1925,144,14810
8,14962,61,0.0,1926,144,14818
5,14967,61,0.0,1927,144,14823
3,14970,61,0.0,1928,144,14826
3,14973,61,0.0,1929,144,14829
14,14987,62,1.0,1930,144,14843
2,14989,62,0.0,1931,144,14845
8,14997,62,0.0,1932,144,14853
13,15010,63,1.0,1933,144,14866
3,15013,63,0.0,1934,144,14869
3,15016,63,0.0,1935,144,14872
7,15023,63,0.0,1936,144,14879
2,15025,63,0.0,1937,144,14881
13,15038,63,0.0,1938,144,14894
11,15049,63,0.0,1939,144,14905
11,15060,63,0.0,1940,144,14916
6,15066,63,0.0,1941,144,14922
12,15078,63,0.0,1942,144,14934
2,15080,63,0.0,1943,144,14936
14,15094,63,0.0,1944,144,14950
3,15097,63,0.0,1945,144,14953
11,15108,63,0.0,1946,144,14964
7,15115,63,0.0,1947,144,14971
6,15121,63,0.0,1948,144,14977
5,15126,63,0.0,1949,144,14982
6,15132,63,0.0,1950,144,14988
3,15135,63,0.0,1951,144,14991
2,15137,63,0.0,1952,144,14993
3,15140,63,0.0,1953,144,14996
18,15158,63,0.0,1954,144,15014
9,15167,63,0.0,1955,144,15023
2,15169,63,0.0,1956,144,15025
7,15176,63,0.0,1957,144,15032
2,15178,63,0.0,1958,144,15034
6,15184,63,0.0,1959,144,15040
13,15197,64,1.0,1960,144,15053
6,15203,64,0.0,1961,144,15059
6,15209,64,0.0,1962,144,15065
3,15212,64,0.0,1963,144,15068
9,15221,64,0.0,1964,144,15077
6,15227,64,0.0,1965,144,15083
5,15232,64,0.0,1966,144,15088
9,15241,64,0.0,1967,144,15097
2,15243,64,0.0,1968,144,15099
11,15254,64,0.0,1969,144,15110
20,15274,64,0.0,1970,144,15130
9,15283,64,0.0,1971,144,15139
14,15297,64,0.0,1972,144,15153
9,15306,64,0.0,1973,144,15162
38,15344,64,0.0,1974,144,15200
17,15361,64,0.0,1975,144,15217
6,15367,64,0.0,1976,144,15223
22,15389,64,0.0,1977,144,15245
10,15399,64,0.0,1978,144,15255
2,15401,64,0.0,1979,144,15257
2,15403,64,0.0,1980,144,15259
6,15409,64,0.0,1981,144,15265
2,15411,64,0.0,1982,144,15267
5,15416,64,0.0,1983,144,15272
6,15422,64,0.0,1984,144,15278
11,15433,64,0.0,1985,144,15289
4,15437,64,0.0,1986,144,15293
4,15441,64,0.0,1987,144,15297
25,15466,65,1.0,1988,144,15322
15,15481,66,1.0,1989,144,15337
9,15490,66,0.0,1990,144,15346
2,15492,66,0.0,1991,144,15348
45,15537,66,0.0,1992,144,15393
6,15543,66,0.0,1993,144,15399
7,15550,66,0.0,1994,144,15406
5,15555,66,0.0,1995,144,15411
6,15561,66,0.0,1996,144,15417
18,15579,67,1.0,1997,144,15435
3,15582,67,0.0,1998,144,15438
16,15598,67,0.0,1999,144,15454
6,15604,67,0.0,2000,144,15460
16,15620,67,0.0,2001,144,15476
9,15629,67,0.0,2002,144,15485
27,15656,67,0.0,2003,144,15512
15,15671,67,0.0,2004,144,15527
14,15685,67,0.0,2005,144,15541
2,15687,67,0.0,2006,144,15543
12,15699,67,0.0,2007,144,15555
9,15708,67,0.0,2008,144,15564
12,15720,67,0.0,2009,144,15576
5,15725,67,0.0,2010,144,15581
20,15745,67,0.0,2011,144,15601
11,15756,67,0.0,2012,144,15612
9,15765,67,0.0,2013,144,15621
11,15776,67,0.0,2014,144,15632
5,15781,67,0.0,2015,144,15637
8,15789,67,0.0,2016,144,15645
2,15791,67,0.0,2017,144,15647
6,15797,67,0.0,2018,144,15653
9,15806,67,0.0,2019,144,15662
6,15812,67,0.0,2020,144,15668
12,15824,67,0.0,2021,144,15680
3,15827,67,0.0,2022,144,15683
11,15838,67,0.0,2023,144,15694
10,15848,67,0.0,2024,144,15704
18,15866,68,1.0,2025,144,15722
14,15880,68,0.0,2026,144,15736
4,15884,68,0.0,2027,144,15740
27,15911,68,0.0,2028,144,15767
2,15913,68,0.0,2029,144,15769
14,15927,68,0.0,2030,144,15783
4,15931,68,0.0,2031,144,15787
11,15942,68,0.0,2032,144,15798
4,15946,68,0.0,2033,144,15802
7,15953,68,0.0,2034,144,15809
14,15967,68,0.0,2035,144,15823
4,15971,68,0.0,2036,144,15827
13,15984,68,0.0,2037,144,15840
3,15987,68,0.0,2038,144,15843
4,15991,68,0.0,2039,144,15847
11,16002,68,0.0,2040,144,15858
9,16011,68,0.0,2041,144,15867
9,16020,68,0.0,2042,144,15876
3,16023,68,0.0,2043,144,15879
5,16028,68,0.0,2044,144,15884
11,16039,68,0.0,2045,144,15895
3,16042,68,0.0,2046,144,15898
4,16046,68,0.0,2047,144,15902
7,16053,68,0.0,2048,144,15909
6,16059,68,0.0,2049,144,15915
13,16072,68,0.0,2050,144,15928
21,16093,68,0.0,2051,144,15949
5,16098,68,0.0,2052,144,15954
14,16112,69,1.0,2053,144,15968
9,16121,69,0.0,2054,144,15977
14,16135,69,0.0,2055,144,15991
7,16142,69,0.0,2056,144,15998
22,16164,69,0.0,2057,144,16020
11,16175,69,0.0,2058,144,16031
4,16179,69,0.0,2059,144,16035
14,16193,69,0.0,2060,144,16049
35,16228,69,0.0,2061,144,16084
6,16234,69,0.0,2062,144,16090
7,16241,69,0.0,2063,144,16097
2,16243,69,0.0,2064,144,16099
5,16248,69,0.0,2065,144,16104
5,16253,69,0.0,2066,144,16109
13,16266,70,1.0,2067,144,16122
8,16274,70,0.0,2068,144,16130
2,16276,70,0.0,2069,144,16132
5,16281,70,0.0,2070,144,16137
13,16294,71,1.0,2071,144,16150
3,16297,71,0.0,2072,144,16153
28,16325,71,0.0,2073,144,16181
2,16327,71,0.0,2074,144,16183
5,16332,71,0.0,2075,144,16188
2,16334,71,0.0,2076,144,16190
3,16337,71,0.0,2077,144,16193
15,16352,71,0.0,2078,144,16208
4,16356,71,0.0,2079,144,16212
13,16369,71,0.0,2080,144,16225
2,16371,71,0.0,2081,144,16227
8,16379,71,0.0,2082,144,16235
7,16386,71,0.0,2083,144,16242
8,16394,71,0.0,2084,144,16250
7,16401,71,0.0,2085,144,16257
2,16403,71,0.0,2086,144,16259
13,16416,71,0.0,2087,144,16272
4,16420,71,0.0,2088,144,16276
7,16427,71,0.0,2089,144,16283
9,16436,71,0.0,2090,144,16292
6,16442,71,0.0,2091,144,16298
4,16446,71,0.0,2092,144,16302
18,16464,71,0.0,2093,144,16320
2,16466,71,0.0,2094,144,16322
3,16469,71,0.0,2095,144,16325
7,16476,71,0.0,2096,144,16332
10,16486,71,0.0,2097,144,16342
9,16495,71,0.0,2098,144,16351
7,16502,71,0.0,2099,144,16358
11,16513,71,0.0,2100,144,16369
4,16517,71,0.0,2101,144,16373
2,16519,71,0.0,2102,144,16375
51,16570,71,0.0,2103,144,16426
7,16577,71,0.0,2104,144,16433
21,16598,71,0.0,2105,144,16454
19,16617,71,0.0,2106,144,16473
7,16624,71,0.0,2107,144,16480
4,16628,71,0.0,2108,144,16484
5,16633,71,0.0,2109,144,16489
8,16641,71,0.0,2110,144,16497
6,16647,71,0.0,2111,144,16503
2,16649,71,0.0,2112,144,16505
3,16652,71,0.0,2113,144,16508
10,16662,71,0.0,2114,144,16518
3,16665,71,0.0,2115,144,16521
5,16670,71,0.0,2116,144,16526
5,16675,71,0.0,2117,144,16531
11,16686,71,0.0,2118,144,16542
8,16694,71,0.0,2119,144,16550
28,16722,71,0.0,2120,144,16578
13,16735,71,0.0,2121,144,16591
3,16738,71,0.0,2122,144,16594
6,16744,71,0.0,2123,144,16600
7,16751,71,0.0,2124,144,16607
5,16756,71,0.0,2125,144,16612
9,16765,71,0.0,2126,144,16621
4,16769,71,0.0,2127,144,16625
6,16775,71,0.0,2128,144,16631
6,16781,71,0.0,2129,144,16637
5,16786,71,0.0,2130,144,16642
8,16794,71,0.0,2131,144,16650
13,16807,72,1.0,2132,144,16663
3,16810,72,0.0,2133,144,16666
4,16814,72,0.0,2134,144,16670
6,16820,72,0.0,2135,144,16676
28,16848,72,0.0,2136,144,16704
8,16856,72,0.0,2137,144,16712
3,16859,72,0.0,2138,144,16715
7,16866,72,0.0,2139,144,16722
4,16870,72,0.0,2140,144,16726
8,16878,72,0.0,2141,144,16734
6,16884,72,0.0,2142,144,16740
11,16895,72,0.0,2143,144,16751
2,16897,72,0.0,2144,144,16753
6,16903,72,0.0,2145,144,16759
3,16906,72,0.0,2146,144,16762
4,16910,72,0.0,2147,144,16766
6,16916,72,0.0,2148,144,16772
3,16919,72,0.0,2149,144,16775
24,16943,72,0.0,2150,144,16799
8,16951,72,0.0,2151,144,16807
3,16954,72,0.0,2152,144,16810
12,16966,72,0.0,2153,144,16822
16,16982,72,0.0,2154,144,16838
3,16985,72,0.0,2155,144,16841
7,16992,72,0.0,2156,144,16848
5,16997,72,0.0,2157,144,16853
5,17002,72,0.0,2158,144,16858
6,17008,72,0.0,2159,144,16864
7,17015,72,0.0,2160,144,16871
5,17020,72,0.0,2161,144,16876
32,17052,72,0.0,2162,144,16908
12,17064,72,0.0,2163,144,16920
5,17069,72,0.0,2164,144,16925
7,17076,72,0.0,2165,144,16932
8,17084,72,0.0,2166,144,16940
2,17086,72,0.0,2167,144,16942
5,17091,72,0.0,2168,144,16947
2,17093,72,0.0,2169,144,16949
2,17095,72,0.0,2170,144,16951
8,17103,72,0.0,2171,144,16959
6,17109,72,0.0,2172,144,16965
7,17116,72,0.0,2173,144,16972
12,17128,72,0.0,2174,144,16984
5,17133,72,0.0,2175,144,16989
23,17156,72,0.0,2176,144,17012
3,17159,72,0.0,2177,144,17015
9,17168,72,0.0,2178,144,17024
7,17175,72,0.0,2179,144,17031
9,17184,73,1.0,2180,144,17040
5,17189,73,0.0,2181,144,17045
5,17194,73,0.0,2182,144,17050
10,17204,73,0.0,2183,144,17060
3,17207,73,0.0,2184,144,17063
5,17212,73,0.0,2185,144,17068
2,17214,73,0.0,2186,144,17070
3,17217,73,0.0,2187,144,17073
9,17226,73,0.0,2188,144,17082
20,17246,73,0.0,2189,144,17102
3,17249,73,0.0,2190,144,17105
9,17258,73,0.0,2191,144,17114
18,17276,73,0.0,2192,144,17132
18,17294,73,0.0,2193,144,17150
15,17309,73,0.0,2194,144,17165
4,17313,73,0.0,2195,144,17169
10,17323,73,0.0,2196,144,17179
19,17342,73,0.0,2197,144,17198
10,17352,73,0.0,2198,144,17208
19,17371,73,0.0,2199,144,17227
3,17374,73,0.0,2200,144,17230
6,17380,73,0.0,2201,144,17236
8,17388,73,0.0,2202,144,17244
5,17393,73,0.0,2203,144,17249
7,17400,73,0.0,2204,144,17256
6,17406,73,0.0,2205,144,17262
4,17410,73,0.0,2206,144,17266
9,17419,73,0.0,2207,144,17275
19,17438,73,0.0,2208,144,17294
3,17441,73,0.0,2209,144,17297
10,17451,73,0.0,2210,144,17307
3,17454,73,0.0,2211,144,17310
14,17468,73,0.0,2212,144,17324
9,17477,73,0.0,2213,144,17333
3,17480,73,0.0,2214,144,17336
7,17487,73,0.0,2215,144,17343
3,17490,73,0.0,2216,144,17346
3,17493,73,0.0,2217,144,17349
5,17498,73,0.0,2218,144,17354
6,17504,73,0.0,2219,144,17360
10,17514,73,0.0,2220,144,17370
11,17525,73,0.0,2221,144,17381
2,17527,73,0.0,2222,144,17383
10,17537,73,0.0,2223,144,17393
11,17548,73,0.0,2224,144,17404
5,17553,73,0.0,2225,144,17409
3,17556,73,0.0,2226,144,17412
12,17568,73,0.0,2227,144,17424
12,17580,73,0.0,2228,144,17436
7,17587,73,0.0,2229,144,17443
5,17592,73,0.0,2230,144,17448
5,17597,73,0.0,2231,144,17453
3,17600,73,0.0,2232,144,17456
10,17610,73,0.0,2233,144,17466
4,17614,73,0.0,2234,144,17470
8,17622,73,0.0,2235,144,17478
4,17626,73,0.0,2236,144,17482
13,17639,74,1.0,2237,144,17495
16,17655,74,0.0,2238,144,17511
5,17660,74,0.0,2239,144,17516
2,17662,74,0.0,2240,144,17518
7,17669,74,0.0,2241,144,17525
3,17672,74,0.0,2242,144,17528
10,17682,74,0.0,2243,144,17538
4,17686,74,0.0,2244,144,17542
3,17689,74,0.0,2245,144,17545
20,17709,74,0.0,2246,144,17565
5,17714,74,0.0,2247,144,17570
11,17725,74,0.0,2248,144,17581
8,17733,74,0.0,2249,144,17589
6,17739,74,0.0,2250,144,17595
11,17750,74,0.0,2251,144,17606
14,17764,74,0.0,2252,144,17620
3,17767,74,0.0,2253,144,17623
13,17780,75,1.0,2254,144,17636
2,17782,75,0.0,2255,144,17638
7,17789,75,0.0,2256,144,17645
8,17797,75,0.0,2257,144,17653
11,17808,75,0.0,2258,144,17664
15,17823,75,0.0,2259,144,17679
18,17841,75,0.0,2260,144,17697
9,17850,75,0.0,2261,144,17706
4,17854,75,0.0,2262,144,17710
7,17861,75,0.0,2263,144,17717
5,17866,75,0.0,2264,144,17722
7,17873,75,0.0,2265,144,17729
10,17883,75,0.0,2266,144,17739
2,17885,75,0.0,2267,144,17741
2,17887,75,0.0,2268,144,17743
13,17900,76,1.0,2269,144,17756
5,17905,76,0.0,2270,144,17761
12,17917,76,0.0,2271,144,17773
8,17925,76,0.0,2272,144,17781
14,17939,76,0.0,2273,144,17795
4,17943,76,0.0,2274,144,17799
20,17963,76,0.0,2275,144,17819
20,17983,76,0.0,2276,144,17839
4,17987,76,0.0,2277,144,17843
6,17993,76,0.0,2278,144,17849
6,17999,76,0.0,2279,144,17855
8,18007,76,0.0,2280,144,17863
15,18022,76,0.0,2281,144,17878
13,18035,76,0.0,2282,144,17891
4,18039,76,0.0,2283,144,17895
19,18058,76,0.0,2284,144,17914
5,18063,76,0.0,2285,144,17919
5,18068,76,0.0,2286,144,17924
11,18079,76,0.0,2287,144,17935
10,18089,76,0.0,2288,144,17945
2,18091,76,0.0,2289,144,17947
13,18104,77,1.0,2290,144,17960
4,18108,77,0.0,2291,144,17964
2,18110,77,0.0,2292,144,17966
5,18115,77,0.0,2293,144,17971
3,18118,77,0.0,2294,144,17974
4,18122,77,0.0,2295,144,17978
4,18126,77,0.0,2296,144,17982
25,18151,77,0.0,2297,144,18007
7,18158,77,0.0,2298,144,18014
2,18160,77,0.0,2299,144,18016
12,18172,77,0.0,2300,144,18028
13,18185,78,1.0,2301,144,18041
5,18190,78,0.0,2302,144,18046
3,18193,78,0.0,2303,144,18049
12,18205,78,0.0,2304,144,18061
16,18221,78,0.0,2305,144,18077
6,18227,78,0.0,2306,144,18083
5,18232,78,0.0,2307,144,18088
2,18234,78,0.0,2308,144,18090
9,18243,78,0.0,2309,144,18099
3,18246,78,0.0,2310,144,18102
4,18250,78,0.0,2311,144,18106
8,18258,78,0.0,2312,144,18114
5,18263,78,0.0,2313,144,18119
11,18274,78,0.0,2314,144,18130
5,18279,78,0.0,2315,144,18135
4,18283,78,0.0,2316,144,18139
5,18288,78,0.0,2317,144,18144
5,18293,78,0.0,2318,144,18149
12,18305,78,0.0,2319,144,18161
8,18313,78,0.0,2320,144,18169
7,18320,78,0.0,2321,144,18176
13,18333,79,1.0,2322,144,18189
25,18358,79,0.0,2323,144,18214
19,18377,79,0.0,2324,144,18233
2,18379,79,0.0,2325,144,18235
12,18391,79,0.0,2326,144,18247
4,18395,79,0.0,2327,144,18251
2,18397,79,0.0,2328,144,18253
11,18408,79,0.0,2329,144,18264
6,18414,79,0.0,2330,144,18270
12,18426,79,0.0,2331,144,18282
6,18432,79,0.0,2332,144,18288
13,18445,80,1.0,2333,144,18301
13,18458,80,0.0,2334,144,18314
19,18477,80,0.0,2335,144,18333
14,18491,80,0.0,2336,144,18347
11,18502,80,0.0,2337,144,18358
5,18507,80,0.0,2338,144,18363
7,18514,80,0.0,2339,144,18370
29,18543,80,0.0,2340,144,18399
20,18563,80,0.0,2341,144,18419
5,18568,80,0.0,2342,144,18424
3,18571,80,0.0,2343,144,18427
10,18581,80,0.0,2344,144,18437
33,18614,80,0.0,2345,144,18470
10,18624,80,0.0,2346,144,18480
3,18627,80,0.0,2347,144,18483
12,18639,80,0.0,2348,144,18495
4,18643,80,0.0,2349,144,18499
7,18650,80,0.0,2350,144,18506
7,18657,80,0.0,2351,144,18513
12,18669,80,0.0,2352,144,18525
3,18672,80,0.0,2353,144,18528
7,18679,80,0.0,2354,144,18535
4,18683,80,0.0,2355,144,18539
8,18691,80,0.0,2356,144,18547
6,18697,80,0.0,2357,144,18553
23,18720,80,0.0,2358,144,18576
4,18724,80,0.0,2359,144,18580
2,18726,80,0.0,2360,144,18582
6,18732,80,0.0,2361,144,18588
4,18736,80,0.0,2362,144,18592
4,18740,80,0.0,2363,144,18596
10,18750,80,0.0,2364,144,18606
11,18761,80,0.0,2365,144,18617
7,18768,80,0.0,2366,144,18624
6,18774,80,0.0,2367,144,18630
6,18780,80,0.0,2368,144,18636
8,18788,80,0.0,2369,144,18644
2,18790,80,0.0,2370,144,18646
6,18796,80,0.0,2371,144,18652
12,18808,80,0.0,2372,144,18664
6,18814,80,0.0,2373,144,18670
9,18823,80,0.0,2374,144,18679
16,18839,80,0.0,2375,144,18695
3,18842,80,0.0,2376,144,18698
2,18844,80,0.0,2377,144,18700
8,18852,80,0.0,2378,144,18708
3,18855,80,0.0,2379,144,18711
15,18870,80,0.0,2380,144,18726
2,18872,80,0.0,2381,144,18728
4,18876,80,0.0,2382,144,18732
7,18883,80,0.0,2383,144,18739
20,18903,80,0.0,2384,144,18759
10,18913,80,0.0,2385,144,18769
13,18926,80,0.0,2386,144,18782
3,18929,80,0.0,2387,144,18785
2,18931,80,0.0,2388,144,18787
5,18936,80,0.0,2389,144,18792
2,18938,80,0.0,2390,144,18794
2,18940,80,0.0,2391,144,18796
5,18945,80,0.0,2392,144,18801
8,18953,80,0.0,2393,144,18809
7,18960,80,0.0,2394,144,18816
2,18962,80,0.0,2395,144,18818
12,18974,80,0.0,2396,144,18830
6,18980,80,0.0,2397,144,18836
12,18992,80,0.0,2398,144,18848
9,19001,80,0.0,2399,144,18857
6,19007,80,0.0,2400,144,18863
9,19016,80,0.0,2401,144,18872
2,19018,80,0.0,2402,144,18874
4,19022,80,0.0,2403,144,18878
6,19028,80,0.0,2404,144,18884
2,19030,80,0.0,2405,144,18886
25,19055,80,0.0,2406,144,18911
8,19063,80,0.0,2407,144,18919
5,19068,80,0.0,2408,144,18924
12,19080,80,0.0,2409,144,18936
18,19098,80,0.0,2410,144,18954
8,19106,80,0.0,2411,144,18962
7,19113,80,0.0,2412,144,18969
6,19119,80,0.0,2413,144,18975
4,19123,80,0.0,2414,144,18979
3,19126,80,0.0,2415,144,18982
5,19131,80,0.0,2416,144,18987
11,19142,80,0.0,2417,144,18998
6,19148,80,0.0,2418,144,19004
3,19151,80,0.0,2419,144,19007
12,19163,80,0.0,2420,144,19019
5,19168,80,0.0,2421,144,19024
12,19180,80,0.0,2422,144,19036
4,19184,80,0.0,2423,144,19040
5,19189,80,0.0,2424,144,19045
5,19194,80,0.0,2425,144,19050
7,19201,80,0.0,2426,144,19057
6,19207,80,0.0,2427,144,19063
17,19224,80,0.0,2428,144,19080
5,19229,80,0.0,2429,144,19085
16,19245,80,0.0,2430,144,19101
12,19257,80,0.0,2431,144,19113
11,19268,80,0.0,2432,144,19124
14,19282,80,0.0,2433,144,19138
3,19285,80,0.0,2434,144,19141
5,19290,80,0.0,2435,144,19146
2,19292,80,0.0,2436,144,19148
7,19299,80,0.0,2437,144,19155
12,19311,80,0.0,2438,144,19167
8,19319,80,0.0,2439,144,19175
4,19323,80,0.0,2440,144,19179
16,19339,80,0.0,2441,144,19195
2,19341,80,0.0,2442,144,19197
9,19350,80,0.0,2443,144,19206
19,19369,80,0.0,2444,144,19225
4,19373,80,0.0,2445,144,19229
2,19375,80,0.0,2446,144,19231
12,19387,80,0.0,2447,144,19243
10,19397,80,0.0,2448,144,19253
10,19407,80,0.0,2449,144,19263
5,19412,80,0.0,2450,144,19268
5,19417,80,0.0,2451,144,19273
4,19421,80,0.0,2452,144,19277
15,19436,80,0.0,2453,144,19292
28,19464,80,0.0,2454,144,19320
15,19479,80,0.0,2455,144,19335
11,19490,80,0.0,2456,144,19346
6,19496,80,0.0,2457,144,19352
3,19499,80,0.0,2458,144,19355
10,19509,80,0.0,2459,144,19365
3,19512,80,0.0,2460,144,19368
4,19516,80,0.0,2461,144,19372
8,19524,80,0.0,2462,144,19380
11,19535,80,0.0,2463,144,19391
2,19537,80,0.0,2464,144,19393
5,19542,80,0.0,2465,144,19398
15,19557,81,1.0,2466,144,19413
4,19561,81,0.0,2467,144,19417
12,19573,81,0.0,2468,144,19429
2,19575,81,0.0,2469,144,19431
18,19593,82,1.0,2470,144,19449
13,19606,82,0.0,2471,144,19462
3,19609,82,0.0,2472,144,19465
4,19613,82,0.0,2473,144,19469
8,19621,82,0.0,2474,144,19477
4,19625,82,0.0,2475,144,19481
5,19630,82,0.0,2476,144,19486
10,19640,82,0.0,2477,144,19496
2,19642,82,0.0,2478,144,19498
13,19655,82,0.0,2479,144,19511
2,19657,82,0.0,2480,144,19513
13,19670,82,0.0,2481,144,19526
8,19678,82,0.0,2482,144,19534
3,19681,82,0.0,2483,144,19537
9,19690,82,0.0,2484,144,19546
6,19696,82,0.0,2485,144,19552
10,19706,82,0.0,2486,144,19562
3,19709,82,0.0,2487,144,19565
9,19718,82,0.0,2488,144,19574
5,19723,82,0.0,2489,144,19579
3,19726,82,0.0,2490,144,19582
9,19735,82,0.0,2491,144,19591
5,19740,82,0.0,2492,144,19596
3,19743,82,0.0,2493,144,19599
5,19748,82,0.0,2494,144,19604
9,19757,82,0.0,2495,144,19613
2,19759,82,0.0,2496,144,19615
6,19765,82,0.0,2497,144,19621
14,19779,82,0.0,2498,144,19635
10,19789,82,0.0,2499,144,19645
10,19799,82,0.0,2500,144,19655
6,19805,82,0.0,2501,144,19661
8,19813,82,0.0,2502,144,19669
16,19829,82,0.0,2503,144,19685
3,19832,82,0.0,2504,144,19688
4,19836,82,0.0,2505,144,19692
3,19839,82,0.0,2506,144,19695
15,19854,82,0.0,2507,144,19710
15,19869,82,0.0,2508,144,19725
13,19882,83,1.0,2509,144,19738
2,19884,83,0.0,2510,144,19740
12,19896,83,0.0,2511,144,19752
13,19909,84,1.0,2512,144,19765
2,19911,84,0.0,2513,144,19767
3,19914,84,0.0,2514,144,19770
2,19916,84,0.0,2515,144,19772
6,19922,84,0.0,2516,144,19778
4,19926,84,0.0,2517,144,19782
3,19929,84,0.0,2518,144,19785
2,19931,84,0.0,2519,144,19787
4,19935,84,0.0,2520,144,19791
9,19944,84,0.0,2521,144,19800
17,19961,84,0.0,2522,144,19817
4,19965,84,0.0,2523,144,19821
7,19972,84,0.0,2524,144,19828
36,20008,84,0.0,2525,144,19864
9,20017,84,0.0,2526,144,19873
10,20027,84,0.0,2527,144,19883
11,20038,84,0.0,2528,144,19894
3,20041,84,0.0,2529,144,19897
7,20048,84,0.0,2530,144,19904
5,20053,84,0.0,2531,144,19909
15,20068,84,0.0,2532,144,19924
7,20075,84,0.0,2533,144,19931
7,20082,84,0.0,2534,144,19938
5,20087,84,0.0,2535,144,19943
2,20089,84,0.0,2536,144,19945
4,20093,84,0.0,2537,144,19949
2,20095,84,0.0,2538,144,19951
10,20105,84,0.0,2539,144,19961
14,20119,84,0.0,2540,144,19975
11,20130,84,0.0,2541,144,19986
14,20144,84,0.0,2542,144,20000
17,20161,84,0.0,2543,144,20017
16,20177,84,0.0,2544,144,20033
5,20182,84,0.0,2545,144,20038
7,20189,84,0.0,2546,144,20045
10,20199,84,0.0,2547,144,20055
13,20212,85,1.0,2548,144,20068
22,20234,85,0.0,2549,144,20090
2,20236,85,0.0,2550,144,20092
2,20238,85,0.0,2551,144,20094
4,20242,85,0.0,2552,144,20098
3,20245,85,0.0,2553,144,20101
12,20257,85,0.0,2554,144,20113
10,20267,85,0.0,2555,144,20123
3,20270,85,0.0,2556,144,20126
7,20277,85,0.0,2557,144,20133
11,20288,85,0.0,2558,144,20144
2,20290,85,0.0,2559,144,20146
2,20292,85,0.0,2560,144,20148
2,20294,85,0.0,2561,144,20150
10,20304,85,0.0,2562,144,20160
10,20314,85,0.0,2563,144,20170
40,20354,85,0.0,2564,144,20210
9,20363,85,0.0,2565,144,20219
2,20365,85,0.0,2566,144,20221
2,20367,85,0.0,2567,144,20223
5,20372,85,0.0,2568,144,20228
2,20374,85,0.0,2569,144,20230
10,20384,85,0.0,2570,144,20240
4,20388,85,0.0,2571,144,20244
5,20393,85,0.0,2572,144,20249
6,20399,85,0.0,2573,144,20255
10,20409,85,0.0,2574,144,20265
6,20415,85,0.0,2575,144,20271
2,20417,85,0.0,2576,144,20273
5,20422,85,0.0,2577,144,20278
2,20424,85,0.0,2578,144,20280
6,20430,85,0.0,2579,144,20286
13,20443,86,1.0,2580,144,20299
6,20449,86,0.0,2581,144,20305
11,20460,86,0.0,2582,144,20316
5,20465,86,0.0,2583,144,20321
22,20487,86,0.0,2584,144,20343
21,20508,86,0.0,2585,144,20364
9,20517,86,0.0,2586,144,20373
6,20523,86,0.0,2587,144,20379
8,20531,86,0.0,2588,144,20387
5,20536,86,0.0,2589,144,20392
7,20543,86,0.0,2590,144,20399
8,20551,86,0.0,2591,144,20407
3,20554,86,0.0,2592,144,20410
2,20556,86,0.0,2593,144,20412
4,20560,86,0.0,2594,144,20416
2,20562,86,0.0,2595,144,20418
3,20565,86,0.0,2596,144,20421
12,20577,86,0.0,2597,144,20433
3,20580,86,0.0,2598,144,20436
2,20582,86,0.0,2599,144,20438
13,20595,86,0.0,2600,144,20451
8,20603,86,0.0,2601,144,20459
4,20607,86,0.0,2602,144,20463
10,20617,86,0.0,2603,144,20473
16,20633,86,0.0,2604,144,20489
21,20654,86,0.0,2605,144,20510
5,20659,86,0.0,2606,144,20515
4,20663,86,0.0,2607,144,20519
8,20671,86,0.0,2608,144,20527
14,20685,86,0.0,2609,144,20541
6,20691,86,0.0,2610,144,20547
13,20704,86,0.0,2611,144,20560
15,20719,86,0.0,2612,144,20575
17,20736,86,0.0,2613,144,20592
3,20739,86,0.0,2614,144,20595
11,20750,86,0.0,2615,144,20606
5,20755,86,0.0,2616,144,20611
3,20758,86,0.0,2617,144,20614
12,20770,86,0.0,2618,144,20626
4,20774,86,0.0,2619,144,20630
15,20789,86,0.0,2620,144,20645
5,20794,86,0.0,2621,144,20650
2,20796,86,0.0,2622,144,20652
3,20799,86,0.0,2623,144,20655
7,20806,86,0.0,2624,144,20662
7,20813,86,0.0,2625,144,20669
15,20828,86,0.0,2626,144,20684
21,20849,86,0.0,2627,144,20705
6,20855,86,0.0,2628,144,20711
10,20865,86,0.0,2629,144,20721
5,20870,86,0.0,2630,144,20726
10,20880,86,0.0,2631,144,20736
12,20892,86,0.0,2632,144,20748
12,20904,86,0.0,2633,144,20760
6,20910,86,0.0,2634,144,20766
15,20925,86,0.0,2635,144,20781
23,20948,86,0.0,2636,144,20804
12,20960,86,0.0,2637,144,20816
13,20973,86,0.0,2638,144,20829
2,20975,86,0.0,2639,144,20831
5,20980,86,0.0,2640,144,20836
5,20985,86,0.0,2641,144,20841
3,20988,86,0.0,2642,144,20844
11,20999,86,0.0,2643,144,20855
3,21002,86,0.0,2644,144,20858
6,21008,86,0.0,2645,144,20864
14,21022,86,0.0,2646,144,20878
13,21035,87,1.0,2647,144,20891
2,21037,87,0.0,2648,144,20893
8,21045,87,0.0,2649,144,20901
15,21060,88,1.0,2650,144,20916
7,21067,88,0.0,2651,144,20923
2,21069,88,0.0,2652,144,20925
4,21073,88,0.0,2653,144,20929
2,21075,88,0.0,2654,144,20931
5,21080,88,0.0,2655,144,20936
7,21087,88,0.0,2656,144,20943
8,21095,88,0.0,2657,144,20951
9,21104,88,0.0,2658,144,20960
7,21111,88,0.0,2659,144,20967
7,21118,88,0.0,2660,144,20974
5,21123,88,0.0,2661,144,20979
10,21133,88,0.0,2662,144,20989
11,21144,88,0.0,2663,144,21000
5,21149,88,0.0,2664,144,21005
6,21155,88,0.0,2665,144,21011
4,21159,88,0.0,2666,144,21015
19,21178,88,0.0,2667,144,21034
3,21181,88,0.0,2668,144,21037
2,21183,88,0.0,2669,144,21039
4,21187,88,0.0,2670,144,21043
17,21204,88,0.0,2671,144,21060
6,21210,88,0.0,2672,144,21066
5,21215,88,0.0,2673,144,21071
3,21218,88,0.0,2674,144,21074
6,21224,88,0.0,2675,144,21080
9,21233,88,0.0,2676,144,21089
2,21235,88,0.0,2677,144,21091
12,21247,88,0.0,2678,144,21103
9,21256,88,0.0,2679,144,21112
35,21291,88,0.0,2680,144,21147
5,21296,88,0.0,2681,144,21152
19,21315,88,0.0,2682,144,21171
11,21326,88,0.0,2683,144,21182
9,21335,88,0.0,2684,144,21191
6,21341,88,0.0,2685,144,21197
2,21343,88,0.0,2686,144,21199
5,21348,88,0.0,2687,144,21204
4,21352,88,0.0,2688,144,21208
12,21364,88,0.0,2689,144,21220
11,21375,88,0.0,2690,144,21231
18,21393,88,0.0,2691,144,21249
6,21399,88,0.0,2692,144,21255
8,21407,88,0.0,2693,144,21263
4,21411,88,0.0,2694,144,21267
9,21420,88,0.0,2695,144,21276
6,21426,88,0.0,2696,144,21282
12,21438,88,0.0,2697,144,21294
11,21449,88,0.0,2698,144,21305
6,21455,88,0.0,2699,144,21311
7,21462,88,0.0,2700,144,21318
2,21464,88,0.0,2701,144,21320
6,21470,88,0.0,2702,144,21326
4,21474,88,0.0,2703,144,21330
5,21479,88,0.0,2704,144,21335
6,21485,88,0.0,2705,144,21341
21,21506,88,0.0,2706,144,21362
15,21521,88,0.0,2707,144,21377
6,21527,88,0.0,2708,144,21383
15,21542,88,0.0,2709,144,21398
4,21546,88,0.0,2710,144,21402
6,21552,88,0.0,2711,144,21408
8,21560,88,0.0,2712,144,21416
6,21566,88,0.0,2713,144,21422
7,21573,88,0.0,2714,144,21429
5,21578,88,0.0,2715,144,21434
3,21581,88,0.0,2716,144,21437
10,21591,88,0.0,2717,144,21447
2,21593,88,0.0,2718,144,21449
12,21605,88,0.0,2719,144,21461
9,21614,88,0.0,2720,144,21470
6,21620,88,0.0,2721,144,21476
23,21643,88,0.0,2722,144,21499
7,21650,88,0.0,2723,144,21506
28,21678,88,0.0,2724,144,21534
5,21683,88,0.0,2725,144,21539
10,21693,88,0.0,2726,144,21549
2,21695,88,0.0,2727,144,21551
15,21710,88,0.0,2728,144,21566
7,21717,88,0.0,2729,144,21573
2,21719,88,0.0,2730,144,21575
6,21725,88,0.0,2731,144,21581
6,21731,88,0.0,2732,144,21587
3,21734,88,0.0,2733,144,21590
2,21736,88,0.0,2734,144,21592
2,21738,88,0.0,2735,144,21594
2,21740,88,0.0,2736,144,21596
2,21742,88,0.0,2737,144,21598
10,21752,88,0.0,2738,144,21608
13,21765,88,0.0,2739,144,21621
6,21771,88,0.0,2740,144,21627
18,21789,88,0.0,2741,144,21645
19,21808,88,0.0,2742,144,21664
7,21815,88,0.0,2743,144,21671
10,21825,88,0.0,2744,144,21681
12,21837,88,0.0,2745,144,21693
7,21844,88,0.0,2746,144,21700
6,21850,88,0.0,2747,144,21706
6,21856,88,0.0,2748,144,21712
7,21863,88,0.0,2749,144,21719
20,21883,88,0.0,2750,144,21739
8,21891,88,0.0,2751,144,21747
7,21898,88,0.0,2752,144,21754
2,21900,88,0.0,2753,144,21756
2,21902,88,0.0,2754,144,21758
5,21907,88,0.0,2755,144,21763
15,21922,88,0.0,2756,144,21778
7,21929,88,0.0,2757,144,21785
3,21932,88,0.0,2758,144,21788
3,21935,88,0.0,2759,144,21791
9,21944,88,0.0,2760,144,21800
12,21956,88,0.0,2761,144,21812
8,21964,88,0.0,2762,144,21820
3,21967,88,0.0,2763,144,21823
8,21975,88,0.0,2764,144,21831
7,21982,88,0.0,2765,144,21838
2,21984,88,0.0,2766,144,21840
4,21988,88,0.0,2767,144,21844
5,21993,88,0.0,2768,144,21849
3,21996,88,0.0,2769,144,21852
6,22002,88,0.0,2770,144,21858
6,22008,88,0.0,2771,144,21864
7,22015,88,0.0,2772,144,21871
13,22028,89,1.0,2773,144,21884
2,22030,89,0.0,2774,144,21886
16,22046,89,0.0,2775,144,21902
6,22052,89,0.0,2776,144,21908
5,22057,89,0.0,2777,144,21913
2,22059,89,0.0,2778,144,21915
4,22063,89,0.0,2779,144,21919
11,22074,89,0.0,2780,144,21930
18,22092,89,0.0,2781,144,21948
22,22114,89,0.0,2782,144,21970
4,22118,89,0.0,2783,144,21974
4,22122,89,0.0,2784,144,21978
23,22145,89,0.0,2785,144,22001
4,22149,89,0.0,2786,144,22005
16,22165,89,0.0,2787,144,22021
9,22174,89,0.0,2788,144,22030
3,22177,89,0.0,2789,144,22033
18,22195,89,0.0,2790,144,22051
10,22205,89,0.0,2791,144,22061
5,22210,89,0.0,2792,144,22066
14,22224,89,0.0,2793,144,22080
6,22230,89,0.0,2794,144,22086
3,22233,89,0.0,2795,144,22089
9,22242,89,0.0,2796,144,22098
10,22252,89,0.0,2797,144,22108
5,22257,89,0.0,2798,144,22113
3,22260,89,0.0,2799,144,22116
8,22268,89,0.0,2800,144,22124
3,22271,89,0.0,2801,144,22127
12,22283,89,0.0,2802,144,22139
3,22286,89,0.0,2803,144,22142
4,22290,89,0.0,2804,144,22146
5,22295,89,0.0,2805,144,22151
2,22297,89,0.0,2806,144,22153
2,22299,89,0.0,2807,144,22155
9,22308,89,0.0,2808,144,22164
19,22327,89,0.0,2809,144,22183
19,22346,89,0.0,2810,144,22202
2,22348,89,0.0,2811,144,22204
2,22350,89,0.0,2812,144,22206
18,22368,89,0.0,2813,144,22224
7,22375,89,0.0,2814,144,22231
4,22379,89,0.0,2815,144,22235
6,22385,89,0.0,2816,144,22241
2,22387,89,0.0,2817,144,22243
14,22401,89,0.0,2818,144,22257
2,22403,89,0.0,2819,144,22259
25,22428,89,0.0,2820,144,22284
20,22448,89,0.0,2821,144,22304
6,22454,89,0.0,2822,144,22310
2,22456,89,0.0,2823,144,22312
6,22462,89,0.0,2824,144,22318
13,22475,90,1.0,2825,144,22331
17,22492,90,0.0,2826,144,22348
12,22504,90,0.0,2827,144,22360
6,22510,90,0.0,2828,144,22366
5,22515,90,0.0,2829,144,22371
4,22519,90,0.0,2830,144,22375
4,22523,90,0.0,2831,144,22379
2,22525,90,0.0,2832,144,22381
4,22529,90,0.0,2833,144,22385
17,22546,90,0.0,2834,144,22402
13,22559,91,1.0,2835,144,22415
6,22565,91,0.0,2836,144,22421
4,22569,91,0.0,2837,144,22425
3,22572,91,0.0,2838,144,22428
17,22589,91,0.0,2839,144,22445
10,22599,91,0.0,2840,144,22455
16,22615,91,0.0,2841,144,22471
5,22620,91,0.0,2842,144,22476
23,22643,91,0.0,2843,144,22499
3,22646,91,0.0,2844,144,22502
15,22661,91,0.0,2845,144,22517
12,22673,91,0.0,2846,144,22529
7,22680,91,0.0,2847,144,22536
2,22682,91,0.0,2848,144,22538
4,22686,91,0.0,2849,144,22542
14,22700,91,0.0,2850,144,22556
6,22706,91,0.0,2851,144,22562
10,22716,91,0.0,2852,144,22572
2,22718,91,0.0,2853,144,22574
3,22721,91,0.0,2854,144,22577
6,22727,91,0.0,2855,144,22583
3,22730,91,0.0,2856,144,22586
3,22733,91,0.0,2857,144,22589
2,22735,91,0.0,2858,144,22591
10,22745,91,0.0,2859,144,22601
5,22750,91,0.0,2860,144,22606
4,22754,91,0.0,2861,144,22610
12,22766,91,0.0,2862,144,22622
10,22776,91,0.0,2863,144,22632
5,22781,91,0.0,2864,144,22637
6,22787,91,0.0,2865,144,22643
12,22799,91,0.0,2866,144,22655
3,22802,91,0.0,2867,144,22658
10,22812,91,0.0,2868,144,22668
8,22820,91,0.0,2869,144,22676
11,22831,91,0.0,2870,144,22687
7,22838,91,0.0,2871,144,22694
7,22845,91,0.0,2872,144,22701
5,22850,91,0.0,2873,144,22706
15,22865,92,1.0,2874,144,22721
4,22869,92,0.0,2875,144,22725
15,22884,92,0.0,2876,144,22740
4,22888,92,0.0,2877,144,22744
9,22897,92,0.0,2878,144,22753
3,22900,92,0.0,2879,144,22756
2,22902,92,0.0,2880,144,22758
8,22910,92,0.0,2881,144,22766
2,22912,92,0.0,2882,144,22768
2,22914,92,0.0,2883,144,22770
16,22930,92,0.0,2884,144,22786
14,22944,92,0.0,2885,144,22800
4,22948,92,0.0,2886,144,22804
3,22951,92,0.0,2887,144,22807
6,22957,92,0.0,2888,144,22813
2,22959,92,0.0,2889,144,22815
3,22962,92,0.0,2890,144,22818
2,22964,92,0.0,2891,144,22820
8,22972,92,0.0,2892,144,22828
8,22980,92,0.0,2893,144,22836
10,22990,92,0.0,2894,144,22846
6,22996,92,0.0,2895,144,22852
11,23007,92,0.0,2896,144,22863
10,23017,92,0.0,2897,144,22873
13,23030,93,1.0,2898,144,22886
4,23034,93,0.0,2899,144,22890
8,23042,93,0.0,2900,144,22898
5,23047,93,0.0,2901,144,22903
5,23052,93,0.0,2902,144,22908
9,23061,93,0.0,2903,144,22917
5,23066,93,0.0,2904,144,22922
2,23068,93,0.0,2905,144,22924
9,23077,93,0.0,2906,144,22933
20,23097,93,0.0,2907,144,22953
2,23099,93,0.0,2908,144,22955
3,23102,93,0.0,2909,144,22958
20,23122,93,0.0,2910,144,22978
11,23133,93,0.0,2911,144,22989
6,23139,93,0.0,2912,144,22995
2,23141,93,0.0,2913,144,22997
10,23151,93,0.0,2914,144,23007
2,23153,93,0.0,2915,144,23009
2,23155,93,0.0,2916,144,23011
16,23171,93,0.0,2917,144,23027
3,23174,93,0.0,2918,144,23030
14,23188,93,0.0,2919,144,23044
11,23199,93,0.0,2920,144,23055
4,23203,93,0.0,2921,144,23059
4,23207,93,0.0,2922,144,23063
5,23212,93,0.0,2923,144,23068
9,23221,93,0.0,2924,144,23077
8,23229,93,0.0,2925,144,23085
7,23236,93,0.0,2926,144,23092
6,23242,93,0.0,2927,144,23098
2,23244,93,0.0,2928,144,23100
12,23256,93,0.0,2929,144,23112
5,23261,93,0.0,2930,144,23117
4,23265,93,0.0,2931,144,23121
10,23275,93,0.0,2932,144,23131
3,23278,93,0.0,2933,144,23134
2,23280,93,0.0,2934,144,23136
7,23287,93,0.0,2935,144,23143
25,23312,93,0.0,2936,144,23168
12,23324,93,0.0,2937,144,23180
3,23327,93,0.0,2938,144,23183
2,23329,93,0.0,2939,144,23185
12,23341,93,0.0,2940,144,23197
15,23356,93,0.0,2941,144,23212
6,23362,93,0.0,2942,144,23218
2,23364,93,0.0,2943,144,23220
12,23376,93,0.0,2944,144,23232
37,23413,93,0.0,2945,144,23269
4,23417,93,0.0,2946,144,23273
7,23424,93,0.0,2947,144,23280
12,23436,93,0.0,2948,144,23292
5,23441,93,0.0,2949,144,23297
10,23451,93,0.0,2950,144,23307
11,23462,93,0.0,2951,144,23318
13,23475,93,0.0,2952,144,23331
5,23480,93,0.0,2953,144,23336
2,23482,93,0.0,2954,144,23338
2,23484,93,0.0,2955,144,23340
2,23486,93,0.0,2956,144,23342
3,23489,93,0.0,2957,144,23345
3,23492,93,0.0,2958,144,23348
3,23495,93,0.0,2959,144,23351
2,23497,93,0.0,2960,144,23353
4,23501,93,0.0,2961,144,23357
3,23504,93,0.0,2962,144,23360
4,23508,93,0.0,2963,144,23364
5,23513,93,0.0,2964,144,23369
8,23521,93,0.0,2965,144,23377
4,23525,93,0.0,2966,144,23381
8,23533,93,0.0,2967,144,23389
14,23547,93,0.0,2968,144,23403
14,23561,94,1.0,2969,144,23417
9,23570,94,0.0,2970,144,23426
4,23574,94,0.0,2971,144,23430
5,23579,94,0.0,2972,144,23435
10,23589,94,0.0,2973,144,23445
6,23595,94,0.0,2974,144,23451
8,23603,94,0.0,2975,144,23459
2,23605,94,0.0,2976,144,23461
5,23610,94,0.0,2977,144,23466
6,23616,94,0.0,2978,144,23472
25,23641,94,0.0,2979,144,23497
8,23649,94,0.0,2980,144,23505
2,23651,94,0.0,2981,144,23507
6,23657,94,0.0,2982,144,23513
2,23659,94,0.0,2983,144,23515
7,23666,94,0.0,2984,144,23522
11,23677,94,0.0,2985,144,23533
5,23682,94,0.0,2986,144,23538
23,23705,94,0.0,2987,144,23561
25,23730,94,0.0,2988,144,23586
13,23743,95,1.0,2989,144,23599
17,23760,95,0.0,2990,144,23616
32,23792,95,0.0,2991,144,23648
5,23797,95,0.0,2992,144,23653
9,23806,95,0.0,2993,144,23662
22,23828,95,0.0,2994,144,23684
14,23842,95,0.0,2995,144,23698
9,23851,95,0.0,2996,144,23707
6,23857,95,0.0,2997,144,23713
6,23863,95,0.0,2998,144,23719
3,23866,95,0.0,2999,144,23722
12,23878,95,0.0,3000,144,23734
5,23883,95,0.0,3001,144,23739
8,23891,95,0.0,3002,144,23747
5,23896,95,0.0,3003,144,23752
4,23900,95,0.0,3004,144,23756
2,23902,95,0.0,3005,144,23758
2,23904,95,0.0,3006,144,23760
3,23907,95,0.0,3007,144,23763
3,23910,95,0.0,3008,144,23766
12,23922,95,0.0,3009,144,23778
4,23926,95,0.0,3010,144,23782
2,23928,95,0.0,3011,144,23784
5,23933,95,0.0,3012,144,23789
5,23938,95,0.0,3013,144,23794
3,23941,95,0.0,3014,144,23797
13,23954,96,1.0,3015,144,23810
8,23962,96,0.0,3016,144,23818
12,23974,96,0.0,3017,144,23830
7,23981,96,0.0,3018,144,23837
3,23984,96,0.0,3019,144,23840
10,23994,96,0.0,3020,144,23850
14,24008,96,0.0,3021,144,23864
3,24011,96,0.0,3022,144,23867
17,24028,96,0.0,3023,144,23884
10,24038,96,0.0,3024,144,23894
3,24041,96,0.0,3025,144,23897
10,24051,96,0.0,3026,144,23907
6,24057,96,0.0,3027,144,23913
12,24069,96,0.0,3028,144,23925
5,24074,96,0.0,3029,144,23930
3,24077,96,0.0,3030,144,23933
8,24085,96,0.0,3031,144,23941
7,24092,96,0.0,3032,144,23948
6,24098,96,0.0,3033,144,23954
2,24100,96,0.0,3034,144,23956
9,24109,96,0.0,3035,144,23965
17,24126,96,0.0,3036,144,23982
5,24131,96,0.0,3037,144,23987
10,24141,96,0.0,3038,144,23997
12,24153,96,0.0,3039,144,24009
8,24161,96,0.0,3040,144,24017
2,24163,96,0.0,3041,144,24019
10,24173,96,0.0,3042,144,24029
7,24180,96,0.0,3043,144,24036
10,24190,96,0.0,3044,144,24046
6,24196,96,0.0,3045,144,24052
14,24210,96,0.0,3046,144,24066
15,24225,96,0.0,3047,144,24081
5,24230,96,0.0,3048,144,24086
6,24236,96,0.0,3049,144,24092
5,24241,96,0.0,3050,144,24097
14,24255,96,0.0,3051,144,24111
4,24259,96,0.0,3052,144,24115
5,24264,96,0.0,3053,144,24120
7,24271,96,0.0,3054,144,24127
2,24273,96,0.0,3055,144,24129
16,24289,96,0.0,3056,144,24145
9,24298,96,0.0,3057,144,24154
7,24305,96,0.0,3058,144,24161
7,24312,96,0.0,3059,144,24168
21,24333,96,0.0,3060,144,24189
4,24337,96,0.0,3061,144,24193
13,24350,97,1.0,3062,144,24206
24,24374,97,0.0,3063,144,24230
11,24385,97,0.0,3064,144,24241
18,24403,97,0.0,3065,144,24259
7,24410,97,0.0,3066,144,24266
17,24427,97,0.0,3067,144,24283
13,24440,98,1.0,3068,144,24296
15,24455,98,0.0,3069,144,24311
9,24464,98,0.0,3070,144,24320
19,24483,98,0.0,3071,144,24339
7,24490,98,0.0,3072,144,24346
4,24494,98,0.0,3073,144,24350
23,24517,98,0.0,3074,144,24373
4,24521,98,0.0,3075,144,24377
25,24546,98,0.0,3076,144,24402
9,24555,98,0.0,3077,144,24411
13,24568,98,0.0,3078,144,24424
5,24573,98,0.0,3079,144,24429
7,24580,98,0.0,3080,144,24436
6,24586,98,0.0,3081,144,24442
11,24597,98,0.0,3082,144,24453
2,24599,98,0.0,3083,144,24455
2,24601,98,0.0,3084,144,24457
5,24606,98,0.0,3085,144,24462
12,24618,98,0.0,3086,144,24474
11,24629,98,0.0,3087,144,24485
12,24641,98,0.0,3088,144,24497
17,24658,98,0.0,3089,144,24514
23,24681,98,0.0,3090,144,24537
12,24693,98,0.0,3091,144,24549
5,24698,98,0.0,3092,144,24554
4,24702,98,0.0,3093,144,24558
19,24721,98,0.0,3094,144,24577
7,24728,98,0.0,3095,144,24584
4,24732,98,0.0,3096,144,24588
20,24752,98,0.0,3097,144,24608
3,24755,98,0.0,3098,144,24611
12,24767,98,0.0,3099,144,24623
4,24771,98,0.0,3100,144,24627
27,24798,98,0.0,3101,144,24654
3,24801,98,0.0,3102,144,24657
14,24815,98,0.0,3103,144,24671
5,24820,98,0.0,3104,144,24676
2,24822,98,0.0,3105,144,24678
13,24835,98,0.0,3106,144,24691
7,24842,98,0.0,3107,144,24698
4,24846,98,0.0,3108,144,24702
11,24857,98,0.0,3109,144,24713
18,24875,99,1.0,3110,144,24731
12,24887,99,0.0,3111,144,24743
4,24891,99,0.0,3112,144,24747
3,24894,99,0.0,3113,144,24750
5,24899,99,0.0,3114,144,24755
5,24904,99,0.0,3115,144,24760
9,24913,99,0.0,3116,144,24769
3,24916,99,0.0,3117,144,24772
3,24919,99,0.0,3118,144,24775
15,24934,99,0.0,3119,144,24790
21,24955,99,0.0,3120,144,24811
4,24959,99,0.0,3121,144,24815
3,24962,99,0.0,3122,144,24818
20,24982,99,0.0,3123,144,24838
2,24984,99,0.0,3124,144,24840
9,24993,99,0.0,3125,144,24849
11,25004,99,0.0,3126,144,24860
11,25015,99,0.0,3127,144,24871
10,25025,99,0.0,3128,144,24881
6,25031,99,0.0,3129,144,24887
9,25040,99,0.0,3130,144,24896
15,25055,99,0.0,3131,144,24911
14,25069,99,0.0,3132,144,24925
4,25073,99,0.0,3133,144,24929
22,25095,99,0.0,3134,144,24951
6,25101,99,0.0,3135,144,24957
16,25117,99,0.0,3136,144,24973
5,25122,99,0.0,3137,144,24978
17,25139,99,0.0,3138,144,24995
6,25145,99,0.0,3139,144,25001
8,25153,99,0.0,3140,144,25009
2,25155,99,0.0,3141,144,25011
14,25169,99,0.0,3142,144,25025
13,25182,99,0.0,3143,144,25038
7,25189,99,0.0,3144,144,25045
12,25201,99,0.0,3145,144,25057
12,25213,99,0.0,3146,144,25069
5,25218,99,0.0,3147,144,25074
6,25224,99,0.0,3148,144,25080
4,25228,99,0.0,3149,144,25084
6,25234,99,0.0,3150,144,25090
5,25239,99,0.0,3151,144,25095
15,25254,100,1.0,3152,144,25110
2,25256,100,0.0,3153,144,25112
10,25266,100,0.0,3154,144,25122
14,25280,100,0.0,3155,144,25136
5,25285,100,0.0,3156,144,25141
2,25287,100,0.0,3157,144,25143
14,25301,100,0.0,3158,144,25157
7,25308,100,0.0,3159,144,25164
5,25313,100,0.0,3160,144,25169
11,25324,100,0.0,3161,144,25180
12,25336,100,0.0,3162,144,25192
2,25338,100,0.0,3163,144,25194
11,25349,100,0.0,3164,144,25205
15,25364,100,0.0,3165,144,25220
3,25367,100,0.0,3166,144,25223
2,25369,100,0.0,3167,144,25225
15,25384,100,0.0,3168,144,25240
8,25392,100,0.0,3169,144,25248
3,25395,100,0.0,3170,144,25251
14,25409,100,0.0,3171,144,25265
12,25421,100,0.0,3172,144,25277
7,25428,100,0.0,3173,144,25284
4,25432,100,0.0,3174,144,25288
15,25447,100,0.0,3175,144,25303
6,25453,100,0.0,3176,144,25309
6,25459,100,0.0,3177,144,25315
13,25472,101,1.0,3178,144,25328
11,25483,101,0.0,3179,144,25339
7,25490,101,0.0,3180,144,25346
13,25503,101,0.0,3181,144,25359
12,25515,101,0.0,3182,144,25371
3,25518,101,0.0,3183,144,25374
10,25528,101,0.0,3184,144,25384
2,25530,101,0.0,3185,144,25386
3,25533,101,0.0,3186,144,25389
8,25541,101,0.0,3187,144,25397
8,25549,101,0.0,3188,144,25405
4,25553,101,0.0,3189,144,25409
9,25562,101,0.0,3190,144,25418
2,25564,101,0.0,3191,144,25420
12,25576,101,0.0,3192,144,25432
8,25584,101,0.0,3193,144,25440
4,25588,101,0.0,3194,144,25444
14,25602,101,0.0,3195,144,25458
10,25612,101,0.0,3196,144,25468
6,25618,101,0.0,3197,144,25474
11,25629,101,0.0,3198,144,25485
4,25633,101,0.0,3199,144,25489
10,25643,101,0.0,3200,144,25499
8,25651,101,0.0,3201,144,25507
20,25671,101,0.0,3202,144,25527
13,25684,102,1.0,3203,144,25540
3,25687,102,0.0,3204,144,25543
3,25690,102,0.0,3205,144,25546
7,25697,102,0.0,3206,144,25553
4,25701,102,0.0,3207,144,25557
12,25713,102,0.0,3208,144,25569
5,25718,102,0.0,3209,144,25574
21,25739,102,0.0,3210,144,25595
6,25745,102,0.0,3211,144,25601
5,25750,102,0.0,3212,144,25606
4,25754,102,0.0,3213,144,25610
10,25764,102,0.0,3214,144,25620
9,25773,102,0.0,3215,144,25629
5,25778,102,0.0,3216,144,25634
4,25782,102,0.0,3217,144,25638
9,25791,102,0.0,3218,144,25647
6,25797,102,0.0,3219,144,25653
7,25804,102,0.0,3220,144,25660
13,25817,103,1.0,3221,144,25673
4,25821,103,0.0,3222,144,25677
3,25824,103,0.0,3223,144,25680
12,25836,103,0.0,3224,144,25692
7,25843,103,0.0,3225,144,25699
12,25855,103,0.0,3226,144,25711
10,25865,103,0.0,3227,144,25721
2,25867,103,0.0,3228,144,25723
9,25876,103,0.0,3229,144,25732
14,25890,103,0.0,3230,144,25746
15,25905,104,1.0,3231,144,25761
5,25910,104,0.0,3232,144,25766
2,25912,104,0.0,3233,144,25768
3,25915,104,0.0,3234,144,25771
3,25918,104,0.0,3235,144,25774
9,25927,104,0.0,3236,144,25783
12,25939,104,0.0,3237,144,25795
4,25943,104,0.0,3238,144,25799
3,25946,104,0.0,3239,144,25802
3,25949,104,0.0,3240,144,25805
2,25951,104,0.0,3241,144,25807
15,25966,104,0.0,3242,144,25822
19,25985,104,0.0,3243,144,25841
4,25989,104,0.0,3244,144,25845
12,26001,104,0.0,3245,144,25857
3,26004,104,0.0,3246,144,25860
7,26011,104,0.0,3247,144,25867
7,26018,104,0.0,3248,144,25874
8,26026,104,0.0,3249,144,25882
13,26039,105,1.0,3250,144,25895
6,26045,105,0.0,3251,144,25901
6,26051,105,0.0,3252,144,25907
13,26064,106,1.0,3253,144,25920
10,26074,106,0.0,3254,144,25930
18,26092,107,1.0,3255,144,25948
6,26098,107,0.0,3256,144,25954
12,26110,107,0.0,3257,144,25966
2,26112,107,0.0,3258,144,25968
20,26132,107,0.0,3259,144,25988
4,26136,107,0.0,3260,144,25992
10,26146,107,0.0,3261,144,26002
4,26150,107,0.0,3262,144,26006
12,26162,107,0.0,3263,144,26018
10,26172,107,0.0,3264,144,26028
3,26175,107,0.0,3265,144,26031
2,26177,107,0.0,3266,144,26033
5,26182,107,0.0,3267,144,26038
14,26196,107,0.0,3268,144,26052
5,26201,107,0.0,3269,144,26057
7,26208,107,0.0,3270,144,26064
13,26221,107,0.0,3271,144,26077
3,26224,107,0.0,3272,144,26080
14,26238,107,0.0,3273,144,26094
11,26249,107,0.0,3274,144,26105
7,26256,107,0.0,3275,144,26112
10,26266,107,0.0,3276,144,26122
8,26274,107,0.0,3277,144,26130
9,26283,107,0.0,3278,144,26139
10,26293,107,0.0,3279,144,26149
4,26297,107,0.0,3280,144,26153
20,26317,107,0.0,3281,144,26173
2,26319,107,0.0,3282,144,26175
9,26328,107,0.0,3283,144,26184
15,26343,107,0.0,3284,144,26199
10,26353,107,0.0,3285,144,26209
24,26377,107,0.0,3286,144,26233
5,26382,107,0.0,3287,144,26238
3,26385,107,0.0,3288,144,26241
12,26397,107,0.0,3289,144,26253
13,26410,108,1.0,3290,144,26266
7,26417,108,0.0,3291,144,26273
10,26427,108,0.0,3292,144,26283
13,26440,108,0.0,3293,144,26296
4,26444,108,0.0,3294,144,26300
6,26450,108,0.0,3295,144,26306
2,26452,108,0.0,3296,144,26308
11,26463,108,0.0,3297,144,26319
2,26465,108,0.0,3298,144,26321
12,26477,108,0.0,3299,144,26333
12,26489,108,0.0,3300,144,26345
2,26491,108,0.0,3301,144,26347
17,26508,108,0.0,3302,144,26364
2,26510,108,0.0,3303,144,26366
11,26521,108,0.0,3304,144,26377
5,26526,108,0.0,3305,144,26382
4,26530,108,0.0,3306,144,26386
3,26533,108,0.0,3307,144,26389
25,26558,108,0.0,3308,144,26414
5,26563,108,0.0,3309,144,26419
6,26569,108,0.0,3310,144,26425
6,26575,108,0.0,3311,144,26431
2,26577,108,0.0,3312,144,26433
8,26585,108,0.0,3313,144,26441
2,26587,108,0.0,3314,144,26443
9,26596,108,0.0,3315,144,26452
12,26608,108,0.0,3316,144,26464
3,26611,108,0.0,3317,144,26467
2,26613,108,0.0,3318,144,26469
4,26617,108,0.0,3319,144,26473
14,26631,108,0.0,3320,144,26487
4,26635,108,0.0,3321,144,26491
3,26638,108,0.0,3322,144,26494
2,26640,108,0.0,3323,144,26496
2,26642,108,0.0,3324,144,26498
18,26660,109,1.0,3325,144,26516
20,26680,109,0.0,3326,144,26536
3,26683,109,0.0,3327,144,26539
11,26694,109,0.0,3328,144,26550
6,26700,109,0.0,3329,144,26556
4,26704,109,0.0,3330,144,26560
2,26706,109,0.0,3331,144,26562
3,26709,109,0.0,3332,144,26565
2,26711,109,0.0,3333,144,26567
10,26721,109,0.0,3334,144,26577
2,26723,109,0.0,3335,144,26579
29,26752,109,0.0,3336,144,26608
20,26772,109,0.0,3337,144,26628
3,26775,109,0.0,3338,144,26631
2,26777,109,0.0,3339,144,26633
5,26782,109,0.0,3340,144,26638
2,26784,109,0.0,3341,144,26640
9,26793,109,0.0,3342,144,26649
3,26796,109,0.0,3343,144,26652
13,26809,109,0.0,3344,144,26665
4,26813,109,0.0,3345,144,26669
2,26815,109,0.0,3346,144,26671
3,26818,109,0.0,3347,144,26674
2,26820,109,0.0,3348,144,26676
15,26835,109,0.0,3349,144,26691
4,26839,109,0.0,3350,144,26695
11,26850,109,0.0,3351,144,26706
6,26856,109,0.0,3352,144,26712
12,26868,109,0.0,3353,144,26724
13,26881,109,0.0,3354,144,26737
6,26887,109,0.0,3355,144,26743
3,26890,109,0.0,3356,144,26746
6,26896,109,0.0,3357,144,26752
11,26907,109,0.0,3358,144,26763
12,26919,109,0.0,3359,144,26775
8,26927,109,0.0,3360,144,26783
5,26932,109,0.0,3361,144,26788
4,26936,109,0.0,3362,144,26792
7,26943,109,0.0,3363,144,26799
5,26948,109,0.0,3364,144,26804
15,26963,110,1.0,3365,144,26819
9,26972,110,0.0,3366,144,26828
6,26978,110,0.0,3367,144,26834
2,26980,110,0.0,3368,144,26836
2,26982,110,0.0,3369,144,26838
2,26984,110,0.0,3370,144,26840
6,26990,110,0.0,3371,144,26846
10,27000,110,0.0,3372,144,26856
6,27006,110,0.0,3373,144,26862
8,27014,110,0.0,3374,144,26870
3,27017,110,0.0,3375,144,26873
6,27023,110,0.0,3376,144,26879
13,27036,111,1.0,3377,144,26892
4,27040,111,0.0,3378,144,26896
8,27048,111,0.0,3379,144,26904
11,27059,111,0.0,3380,144,26915
2,27061,111,0.0,3381,144,26917
8,27069,111,0.0,3382,144,26925
11,27080,111,0.0,3383,144,26936
2,27082,111,0.0,3384,144,26938
14,27096,111,0.0,3385,144,26952
3,27099,111,0.0,3386,144,26955
6,27105,111,0.0,3387,144,26961
6,27111,111,0.0,3388,144,26967
7,27118,111,0.0,3389,144,26974
6,27124,111,0.0,3390,144,26980
2,27126,111,0.0,3391,144,26982
2,27128,111,0.0,3392,144,26984
6,27134,111,0.0,3393,144,26990
15,27149,112,1.0,3394,144,27005
18,27167,113,1.0,3395,144,27023
5,27172,113,0.0,3396,144,27028
5,27177,113,0.0,3397,144,27033
3,27180,113,0.0,3398,144,27036
9,27189,113,0.0,3399,144,27045
6,27195,113,0.0,3400,144,27051
55,27250,114,1.0,3401,144,27106
12,27262,114,0.0,3402,144,27118
9,27271,114,0.0,3403,144,27127
12,27283,114,0.0,3404,144,27139
7,27290,114,0.0,3405,144,27146
12,27302,114,0.0,3406,144,27158
14,27316,114,0.0,3407,144,27172
2,27318,114,0.0,3408,144,27174
25,27343,114,0.0,3409,144,27199
4,27347,114,0.0,3410,144,27203
3,27350,114,0.0,3411,144,27206
18,27368,114,0.0,3412,144,27224
2,27370,114,0.0,3413,144,27226
7,27377,114,0.0,3414,144,27233
5,27382,114,0.0,3415,144,27238
2,27384,114,0.0,3416,144,27240
3,27387,114,0.0,3417,144,27243
3,27390,114,0.0,3418,144,27246
4,27394,114,0.0,3419,144,27250
7,27401,114,0.0,3420,144,27257
4,27405,114,0.0,3421,144,27261
5,27410,114,0.0,3422,144,27266
4,27414,114,0.0,3423,144,27270
11,27425,114,0.0,3424,144,27281
2,27427,114,0.0,3425,144,27283
7,27434,114,0.0,3426,144,27290
9,27443,114,0.0,3427,144,27299
8,27451,114,0.0,3428,144,27307
4,27455,114,0.0,3429,144,27311
3,27458,114,0.0,3430,144,27314
7,27465,114,0.0,3431,144,27321
5,27470,114,0.0,3432,144,27326
5,27475,114,0.0,3433,144,27331
10,27485,114,0.0,3434,144,27341
5,27490,114,0.0,3435,144,27346
6,27496,114,0.0,3436,144,27352
13,27509,114,0.0,3437,144,27365
16,27525,114,0.0,3438,144,27381
10,27535,114,0.0,3439,144,27391
8,27543,114,0.0,3440,144,27399
7,27550,114,0.0,3441,144,27406
13,27563,114,0.0,3442,144,27419
2,27565,114,0.0,3443,144,27421
9,27574,114,0.0,3444,144,27430
13,27587,115,1.0,3445,144,27443
10,27597,115,0.0,3446,144,27453
4,27601,115,0.0,3447,144,27457
13,27614,116,1.0,3448,144,27470
10,27624,116,0.0,3449,144,27480
6,27630,116,0.0,3450,144,27486
3,27633,116,0.0,3451,144,27489
17,27650,116,0.0,3452,144,27506
2,27652,116,0.0,3453,144,27508
3,27655,116,0.0,3454,144,27511
9,27664,116,0.0,3455,144,27520
7,27671,116,0.0,3456,144,27527
9,27680,116,0.0,3457,144,27536
3,27683,116,0.0,3458,144,27539
5,27688,116,0.0,3459,144,27544
6,27694,116,0.0,3460,144,27550
8,27702,116,0.0,3461,144,27558
8,27710,116,0.0,3462,144,27566
11,27721,116,0.0,3463,144,27577
4,27725,116,0.0,3464,144,27581
6,27731,116,0.0,3465,144,27587
12,27743,116,0.0,3466,144,27599
16,27759,116,0.0,3467,144,27615
5,27764,116,0.0,3468,144,27620
13,27777,117,1.0,3469,144,27633
11,27788,117,0.0,3470,144,27644
7,27795,117,0.0,3471,144,27651
11,27806,117,0.0,3472,144,27662
5,27811,117,0.0,3473,144,27667
7,27818,117,0.0,3474,144,27674
15,27833,117,0.0,3475,144,27689
6,27839,117,0.0,3476,144,27695
14,27853,117,0.0,3477,144,27709
2,27855,117,0.0,3478,144,27711
4,27859,117,0.0,3479,144,27715
3,27862,117,0.0,3480,144,27718
5,27867,117,0.0,3481,144,27723
10,27877,117,0.0,3482,144,27733
7,27884,117,0.0,3483,144,27740
10,27894,117,0.0,3484,144,27750
5,27899,117,0.0,3485,144,27755
8,27907,117,0.0,3486,144,27763
4,27911,117,0.0,3487,144,27767
18,27929,118,1.0,3488,144,27785
5,27934,118,0.0,3489,144,27790
3,27937,118,0.0,3490,144,27793
2,27939,118,0.0,3491,144,27795
3,27942,118,0.0,3492,144,27798
8,27950,118,0.0,3493,144,27806
9,27959,118,0.0,3494,144,27815
18,27977,119,1.0,3495,144,27833
5,27982,119,0.0,3496,144,27838
8,27990,119,0.0,3497,144,27846
9,27999,119,0.0,3498,144,27855
4,28003,119,0.0,3499,144,27859
5,28008,119,0.0,3500,144,27864
5,28013,119,0.0,3501,144,27869
3,28016,119,0.0,3502,144,27872
3,28019,119,0.0,3503,144,27875
8,28027,119,0.0,3504,144,27883
2,28029,119,0.0,3505,144,27885
11,28040,119,0.0,3506,144,27896
6,28046,119,0.0,3507,144,27902
2,28048,119,0.0,3508,144,27904
11,28059,119,0.0,3509,144,27915
10,28069,119,0.0,3510,144,27925
3,28072,119,0.0,3511,144,27928
6,28078,119,0.0,3512,144,27934
6,28084,119,0.0,3513,144,27940
13,28097,119,0.0,3514,144,27953
7,28104,119,0.0,3515,144,27960
30,28134,119,0.0,3516,144,27990
2,28136,119,0.0,3517,144,27992
3,28139,119,0.0,3518,144,27995
6,28145,119,0.0,3519,144,28001
12,28157,119,0.0,3520,144,28013
11,28168,119,0.0,3521,144,28024
19,28187,119,0.0,3522,144,28043
2,28189,119,0.0,3523,144,28045
5,28194,119,0.0,3524,144,28050
20,28214,119,0.0,3525,144,28070
8,28222,119,0.0,3526,144,28078
10,28232,119,0.0,3527,144,28088
2,28234,119,0.0,3528,144,28090
5,28239,119,0.0,3529,144,28095
13,28252,120,1.0,3530,144,28108
12,28264,120,0.0,3531,144,28120
5,28269,120,0.0,3532,144,28125
25,28294,120,0.0,3533,144,28150
5,28299,120,0.0,3534,144,28155
4,28303,120,0.0,3535,144,28159
6,28309,120,0.0,3536,144,28165
3,28312,120,0.0,3537,144,28168
2,28314,120,0.0,3538,144,28170
5,28319,120,0.0,3539,144,28175
2,28321,120,0.0,3540,144,28177
3,28324,120,0.0,3541,144,28180
8,28332,120,0.0,3542,144,28188
4,28336,120,0.0,3543,144,28192
4,28340,120,0.0,3544,144,28196
13,28353,121,1.0,3545,144,28209
4,28357,121,0.0,3546,144,28213
13,28370,121,0.0,3547,144,28226
9,28379,121,0.0,3548,144,28235
12,28391,121,0.0,3549,144,28247
5,28396,121,0.0,3550,144,28252
4,28400,121,0.0,3551,144,28256
10,28410,121,0.0,3552,144,28266
9,28419,121,0.0,3553,144,28275
19,28438,121,0.0,3554,144,28294
19,28457,121,0.0,3555,144,28313
11,28468,121,0.0,3556,144,28324
3,28471,121,0.0,3557,144,28327
2,28473,121,0.0,3558,144,28329
5,28478,121,0.0,3559,144,28334
12,28490,121,0.0,3560,144,28346
12,28502,121,0.0,3561,144,28358
2,28504,121,0.0,3562,144,28360
4,28508,121,0.0,3563,144,28364
12,28520,121,0.0,3564,144,28376
12,28532,121,0.0,3565,144,28388
12,28544,121,0.0,3566,144,28400
4,28548,121,0.0,3567,144,28404
5,28553,121,0.0,3568,144,28409
5,28558,121,0.0,3569,144,28414
3,28561,121,0.0,3570,144,28417
4,28565,121,0.0,3571,144,28421
22,28587,121,0.0,3572,144,28443
15,28602,121,0.0,3573,144,28458
12,28614,121,0.0,3574,144,28470
7,28621,121,0.0,3575,144,28477
2,28623,121,0.0,3576,144,28479
3,28626,121,0.0,3577,144,28482
2,28628,121,0.0,3578,144,28484
14,28642,121,0.0,3579,144,28498
14,28656,121,0.0,3580,144,28512
4,28660,121,0.0,3581,144,28516
5,28665,121,0.0,3582,144,28521
8,28673,121,0.0,3583,144,28529
14,28687,121,0.0,3584,144,28543
7,28694,121,0.0,3585,144,28550
8,28702,121,0.0,3586,144,28558
5,28707,121,0.0,3587,144,28563
3,28710,121,0.0,3588,144,28566
6,28716,121,0.0,3589,144,28572
8,28724,121,0.0,3590,144,28580
2,28726,121,0.0,3591,144,28582
12,28738,121,0.0,3592,144,28594
6,28744,121,0.0,3593,144,28600
11,28755,121,0.0,3594,144,28611
10,28765,121,0.0,3595,144,28621
14,28779,121,0.0,3596,144,28635
13,28792,122,1.0,3597,144,28648
18,28810,122,0.0,3598,144,28666
5,28815,122,0.0,3599,144,28671
3,28818,122,0.0,3600,144,28674
6,28824,122,0.0,3601,144,28680
7,28831,122,0.0,3602,144,28687
4,28835,122,0.0,3603,144,28691
8,28843,122,0.0,3604,144,28699
23,28866,122,0.0,3605,144,28722
2,28868,122,0.0,3606,144,28724
5,28873,122,0.0,3607,144,28729
3,28876,122,0.0,3608,144,28732
4,28880,122,0.0,3609,144,28736
9,28889,122,0.0,3610,144,28745
5,28894,122,0.0,3611,144,28750
6,28900,122,0.0,3612,144,28756
8,28908,122,0.0,3613,144,28764
4,28912,122,0.0,3614,144,28768
3,28915,122,0.0,3615,144,28771
2,28917,122,0.0,3616,144,28773
4,28921,122,0.0,3617,144,28777
7,28928,122,0.0,3618,144,28784
6,28934,122,0.0,3619,144,28790
8,28942,122,0.0,3620,144,28798
20,28962,122,0.0,3621,144,28818
3,28965,122,0.0,3622,144,28821
8,28973,122,0.0,3623,144,28829
6,28979,122,0.0,3624,144,28835
5,28984,122,0.0,3625,144,28840
2,28986,122,0.0,3626,144,28842
9,28995,122,0.0,3627,144,28851
4,28999,122,0.0,3628,144,28855
22,29021,122,0.0,3629,144,28877
9,29030,122,0.0,3630,144,28886
14,29044,122,0.0,3631,144,28900
5,29049,122,0.0,3632,144,28905
9,29058,122,0.0,3633,144,28914
14,29072,122,0.0,3634,144,28928
10,29082,122,0.0,3635,144,28938
13,29095,123,1.0,3636,144,28951
3,29098,123,0.0,3637,144,28954
11,29109,123,0.0,3638,144,28965
9,29118,123,0.0,3639,144,28974
4,29122,123,0.0,3640,144,28978
4,29126,123,0.0,3641,144,28982
2,29128,123,0.0,3642,144,28984
14,29142,124,1.0,3643,144,28998
15,29157,124,0.0,3644,144,29013
2,29159,124,0.0,3645,144,29015
15,29174,124,0.0,3646,144,29030
4,29178,124,0.0,3647,144,29034
28,29206,124,0.0,3648,144,29062
5,29211,124,0.0,3649,144,29067
8,29219,124,0.0,3650,144,29075
7,29226,124,0.0,3651,144,29082
6,29232,124,0.0,3652,144,29088
11,29243,124,0.0,3653,144,29099
7,29250,124,0.0,3654,144,29106
4,29254,124,0.0,3655,144,29110
6,29260,124,0.0,3656,144,29116
4,29264,124,0.0,3657,144,29120
4,29268,124,0.0,3658,144,29124
12,29280,124,0.0,3659,144,29136
3,29283,124,0.0,3660,144,29139
3,29286,124,0.0,3661,144,29142
2,29288,124,0.0,3662,144,29144
5,29293,124,0.0,3663,144,29149
12,29305,124,0.0,3664,144,29161
12,29317,124,0.0,3665,144,29173
3,29320,124,0.0,3666,144,29176
3,29323,124,0.0,3667,144,29179
6,29329,124,0.0,3668,144,29185
5,29334,124,0.0,3669,144,29190
3,29337,124,0.0,3670,144,29193
2,29339,124,0.0,3671,144,29195
2,29341,124,0.0,3672,144,29197
11,29352,124,0.0,3673,144,29208
15,29367,124,0.0,3674,144,29223
10,29377,124,0.0,3675,144,29233
12,29389,124,0.0,3676,144,29245
5,29394,124,0.0,3677,144,29250
13,29407,125,1.0,3678,144,29263
2,29409,125,0.0,3679,144,29265
2,29411,125,0.0,3680,144,29267
16,29427,125,0.0,3681,144,29283
8,29435,125,0.0,3682,144,29291
9,29444,125,0.0,3683,144,29300
4,29448,125,0.0,3684,144,29304
5,29453,125,0.0,3685,144,29309
2,29455,125,0.0,3686,144,29311
12,29467,125,0.0,3687,144,29323
4,29471,125,0.0,3688,144,29327
10,29481,125,0.0,3689,144,29337
12,29493,125,0.0,3690,144,29349
2,29495,125,0.0,3691,144,29351
2,29497,125,0.0,3692,144,29353
13,29510,125,0.0,3693,144,29366
8,29518,125,0.0,3694,144,29374
2,29520,125,0.0,3695,144,29376
6,29526,125,0.0,3696,144,29382
15,29541,126,1.0,3697,144,29397
12,29553,126,0.0,3698,144,29409
14,29567,126,0.0,3699,144,29423
7,29574,126,0.0,3700,144,29430
5,29579,126,0.0,3701,144,29435
22,29601,126,0.0,3702,144,29457
2,29603,126,0.0,3703,144,29459
11,29614,126,0.0,3704,144,29470
2,29616,126,0.0,3705,144,29472
6,29622,126,0.0,3706,144,29478
13,29635,127,1.0,3707,144,29491
15,29650,128,1.0,3708,144,29506
13,29663,129,1.0,3709,144,29519
5,29668,129,0.0,3710,144,29524
3,29671,129,0.0,3711,144,29527
11,29682,129,0.0,3712,144,29538
15,29697,130,1.0,3713,144,29553
2,29699,130,0.0,3714,144,29555
9,29708,130,0.0,3715,144,29564
5,29713,130,0.0,3716,144,29569
2,29715,130,0.0,3717,144,29571
10,29725,130,0.0,3718,144,29581
12,29737,130,0.0,3719,144,29593
4,29741,130,0.0,3720,144,29597
6,29747,130,0.0,3721,144,29603
2,29749,130,0.0,3722,144,29605
2,29751,130,0.0,3723,144,29607
2,29753,130,0.0,3724,144,29609
15,29768,131,1.0,3725,144,29624
2,29770,131,0.0,3726,144,29626
2,29772,131,0.0,3727,144,29628
15,29787,131,0.0,3728,144,29643
5,29792,131,0.0,3729,144,29648
14,29806,132,1.0,3730,144,29662
5,29811,132,0.0,3731,144,29667
25,29836,132,0.0,3732,144,29692
6,29842,132,0.0,3733,144,29698
7,29849,132,0.0,3734,144,29705
4,29853,132,0.0,3735,144,29709
15,29868,132,0.0,3736,144,29724
4,29872,132,0.0,3737,144,29728
5,29877,132,0.0,3738,144,29733
10,29887,132,0.0,3739,144,29743
9,29896,132,0.0,3740,144,29752
5,29901,132,0.0,3741,144,29757
4,29905,132,0.0,3742,144,29761
5,29910,132,0.0,3743,144,29766
10,29920,132,0.0,3744,144,29776
5,29925,132,0.0,3745,144,29781
4,29929,132,0.0,3746,144,29785
11,29940,132,0.0,3747,144,29796
6,29946,132,0.0,3748,144,29802
4,29950,132,0.0,3749,144,29806
4,29954,132,0.0,3750,144,29810
30,29984,132,0.0,3751,144,29840
2,29986,132,0.0,3752,144,29842
6,29992,132,0.0,3753,144,29848
11,30003,132,0.0,3754,144,29859
3,30006,132,0.0,3755,144,29862
4,30010,132,0.0,3756,144,29866
5,30015,132,0.0,3757,144,29871
11,30026,132,0.0,3758,144,29882
5,30031,132,0.0,3759,144,29887
10,30041,132,0.0,3760,144,29897
4,30045,132,0.0,3761,144,29901
4,30049,132,0.0,3762,144,29905
12,30061,132,0.0,3763,144,29917
16,30077,132,0.0,3764,144,29933
3,30080,132,0.0,3765,144,29936
6,30086,132,0.0,3766,144,29942
7,30093,132,0.0,3767,144,29949
10,30103,132,0.0,3768,144,29959
2,30105,132,0.0,3769,144,29961
8,30113,132,0.0,3770,144,29969
7,30120,132,0.0,3771,144,29976
18,30138,133,1.0,3772,144,29994
7,30145,133,0.0,3773,144,30001
3,30148,133,0.0,3774,144,30004
11,30159,133,0.0,3775,144,30015
15,30174,133,0.0,3776,144,30030
12,30186,133,0.0,3777,144,30042
16,30202,133,0.0,3778,144,30058
28,30230,133,0.0,3779,144,30086
13,30243,133,0.0,3780,144,30099
6,30249,133,0.0,3781,144,30105
6,30255,133,0.0,3782,144,30111
4,30259,133,0.0,3783,144,30115
4,30263,133,0.0,3784,144,30119
3,30266,133,0.0,3785,144,30122
13,30279,133,0.0,3786,144,30135
12,30291,133,0.0,3787,144,30147
4,30295,133,0.0,3788,144,30151
6,30301,133,0.0,3789,144,30157
6,30307,133,0.0,3790,144,30163
10,30317,133,0.0,3791,144,30173
14,30331,133,0.0,3792,144,30187
10,30341,133,0.0,3793,144,30197
16,30357,133,0.0,3794,144,30213
7,30364,133,0.0,3795,144,30220
4,30368,133,0.0,3796,144,30224
2,30370,133,0.0,3797,144,30226
7,30377,133,0.0,3798,144,30233
9,30386,133,0.0,3799,144,30242
10,30396,133,0.0,3800,144,30252
2,30398,133,0.0,3801,144,30254
13,30411,134,1.0,3802,144,30267
2,30413,134,0.0,3803,144,30269
10,30423,134,0.0,3804,144,30279
3,30426,134,0.0,3805,144,30282
4,30430,134,0.0,3806,144,30286
16,30446,134,0.0,3807,144,30302
3,30449,134,0.0,3808,144,30305
4,30453,134,0.0,3809,144,30309
2,30455,134,0.0,3810,144,30311
12,30467,134,0.0,3811,144,30323
13,30480,134,0.0,3812,144,30336
15,30495,134,0.0,3813,144,30351
10,30505,134,0.0,3814,144,30361
7,30512,134,0.0,3815,144,30368
3,30515,134,0.0,3816,144,30371
2,30517,134,0.0,3817,144,30373
12,30529,134,0.0,3818,144,30385
6,30535,134,0.0,3819,144,30391
4,30539,134,0.0,3820,144,30395
16,30555,134,0.0,3821,144,30411
5,30560,134,0.0,3822,144,30416
2,30562,134,0.0,3823,144,30418
6,30568,134,0.0,3824,144,30424
4,30572,134,0.0,3825,144,30428
2,30574,134,0.0,3826,144,30430
7,30581,134,0.0,3827,144,30437
10,30591,134,0.0,3828,144,30447
9,30600,134,0.0,3829,144,30456
8,30608,134,0.0,3830,144,30464
2,30610,134,0.0,3831,144,30466
11,30621,134,0.0,3832,144,30477
2,30623,134,0.0,3833,144,30479
9,30632,134,0.0,3834,144,30488
13,30645,135,1.0,3835,144,30501
2,30647,135,0.0,3836,144,30503
3,30650,135,0.0,3837,144,30506
6,30656,135,0.0,3838,144,30512
3,30659,135,0.0,3839,144,30515
26,30685,135,0.0,3840,144,30541
10,30695,135,0.0,3841,144,30551
12,30707,135,0.0,3842,144,30563
4,30711,135,0.0,3843,144,30567
2,30713,135,0.0,3844,144,30569
4,30717,135,0.0,3845,144,30573
4,30721,135,0.0,3846,144,30577
2,30723,135,0.0,3847,144,30579
7,30730,135,0.0,3848,144,30586
7,30737,135,0.0,3849,144,30593
5,30742,135,0.0,3850,144,30598
8,30750,135,0.0,3851,144,30606
3,30753,135,0.0,3852,144,30609
3,30756,135,0.0,3853,144,30612
6,30762,135,0.0,3854,144,30618
6,30768,135,0.0,3855,144,30624
4,30772,135,0.0,3856,144,30628
6,30778,135,0.0,3857,144,30634
2,30780,135,0.0,3858,144,30636
5,30785,135,0.0,3859,144,30641
2,30787,135,0.0,3860,144,30643
16,30803,135,0.0,3861,144,30659
12,30815,135,0.0,3862,144,30671
13,30828,135,0.0,3863,144,30684
11,30839,135,0.0,3864,144,30695
18,30857,135,0.0,3865,144,30713
9,30866,135,0.0,3866,144,30722
7,30873,135,0.0,3867,144,30729
12,30885,135,0.0,3868,144,30741
14,30899,135,0.0,3869,144,30755
15,30914,135,0.0,3870,144,30770
6,30920,135,0.0,3871,144,30776
4,30924,135,0.0,3872,144,30780
16,30940,135,0.0,3873,144,30796
9,30949,135,0.0,3874,144,30805
2,30951,135,0.0,3875,144,30807
12,30963,135,0.0,3876,144,30819
3,30966,135,0.0,3877,144,30822
5,30971,135,0.0,3878,144,30827
4,30975,135,0.0,3879,144,30831
17,30992,135,0.0,3880,144,30848
3,30995,135,0.0,3881,144,30851
4,30999,135,0.0,3882,144,30855
3,31002,135,0.0,3883,144,30858
7,31009,135,0.0,3884,144,30865
4,31013,135,0.0,3885,144,30869
20,31033,135,0.0,3886,144,30889
5,31038,135,0.0,3887,144,30894
6,31044,135,0.0,3888,144,30900
6,31050,135,0.0,3889,144,30906
6,31056,135,0.0,3890,144,30912
3,31059,135,0.0,3891,144,30915
13,31072,135,0.0,3892,144,30928
6,31078,135,0.0,3893,144,30934
28,31106,135,0.0,3894,144,30962
7,31113,135,0.0,3895,144,30969
6,31119,135,0.0,3896,144,30975
12,31131,135,0.0,3897,144,30987
10,31141,135,0.0,3898,144,30997
9,31150,135,0.0,3899,144,31006
5,31155,135,0.0,3900,144,31011
3,31158,135,0.0,3901,144,31014
17,31175,135,0.0,3902,144,31031
14,31189,135,0.0,3903,144,31045
3,31192,135,0.0,3904,144,31048
11,31203,135,0.0,3905,144,31059
6,31209,135,0.0,3906,144,31065
12,31221,135,0.0,3907,144,31077
2,31223,135,0.0,3908,144,31079
6,31229,135,0.0,3909,144,31085
5,31234,135,0.0,3910,144,31090
14,31248,135,0.0,3911,144,31104
7,31255,135,0.0,3912,144,31111
7,31262,135,0.0,3913,144,31118
11,31273,135,0.0,3914,144,31129
6,31279,135,0.0,3915,144,31135
2,31281,135,0.0,3916,144,31137
4,31285,135,0.0,3917,144,31141
7,31292,135,0.0,3918,144,31148
9,31301,135,0.0,3919,144,31157
17,31318,135,0.0,3920,144,31174
2,31320,135,0.0,3921,144,31176
2,31322,135,0.0,3922,144,31178
9,31331,135,0.0,3923,144,31187
8,31339,135,0.0,3924,144,31195
5,31344,135,0.0,3925,144,31200
4,31348,135,0.0,3926,144,31204
6,31354,135,0.0,3927,144,31210
17,31371,135,0.0,3928,144,31227
4,31375,135,0.0,3929,144,31231
3,31378,135,0.0,3930,144,31234
6,31384,135,0.0,3931,144,31240
7,31391,135,0.0,3932,144,31247
2,31393,135,0.0,3933,144,31249
5,31398,135,0.0,3934,144,31254
12,31410,135,0.0,3935,144,31266
6,31416,135,0.0,3936,144,31272
6,31422,135,0.0,3937,144,31278
14,31436,135,0.0,3938,144,31292
15,31451,135,0.0,3939,144,31307
3,31454,135,0.0,3940,144,31310
10,31464,135,0.0,3941,144,31320
5,31469,135,0.0,3942,144,31325
3,31472,135,0.0,3943,144,31328
5,31477,135,0.0,3944,144,31333
10,31487,135,0.0,3945,144,31343
7,31494,135,0.0,3946,144,31350
2,31496,135,0.0,3947,144,31352
9,31505,135,0.0,3948,144,31361
2,31507,135,0.0,3949,144,31363
8,31515,135,0.0,3950,144,31371
12,31527,135,0.0,3951,144,31383
3,31530,135,0.0,3952,144,31386
16,31546,135,0.0,3953,144,31402
6,31552,135,0.0,3954,144,31408
13,31565,135,0.0,3955,144,31421
27,31592,135,0.0,3956,144,31448
4,31596,135,0.0,3957,144,31452
12,31608,135,0.0,3958,144,31464
2,31610,135,0.0,3959,144,31466
3,31613,135,0.0,3960,144,31469
2,31615,135,0.0,3961,144,31471
7,31622,135,0.0,3962,144,31478
18,31640,136,1.0,3963,144,31496
12,31652,136,0.0,3964,144,31508
2,31654,136,0.0,3965,144,31510
3,31657,136,0.0,3966,144,31513
3,31660,136,0.0,3967,144,31516
6,31666,136,0.0,3968,144,31522
6,31672,136,0.0,3969,144,31528
17,31689,136,0.0,3970,144,31545
5,31694,136,0.0,3971,144,31550
5,31699,136,0.0,3972,144,31555
2,31701,136,0.0,3973,144,31557
2,31703,136,0.0,3974,144,31559
11,31714,136,0.0,3975,144,31570
2,31716,136,0.0,3976,144,31572
7,31723,136,0.0,3977,144,31579
20,31743,136,0.0,3978,144,31599
8,31751,136,0.0,3979,144,31607
12,31763,136,0.0,3980,144,31619
12,31775,136,0.0,3981,144,31631
11,31786,136,0.0,3982,144,31642
5,31791,136,0.0,3983,144,31647
9,31800,136,0.0,3984,144,31656
8,31808,136,0.0,3985,144,31664
29,31837,136,0.0,3986,144,31693
13,31850,137,1.0,3987,144,31706
2,31852,137,0.0,3988,144,31708
11,31863,137,0.0,3989,144,31719
18,31881,137,0.0,3990,144,31737
3,31884,137,0.0,3991,144,31740
7,31891,137,0.0,3992,144,31747
15,31906,138,1.0,3993,144,31762
5,31911,138,0.0,3994,144,31767
2,31913,138,0.0,3995,144,31769
10,31923,138,0.0,3996,144,31779
17,31940,138,0.0,3997,144,31796
7,31947,138,0.0,3998,144,31803
17,31964,138,0.0,3999,144,31820
5,31969,138,0.0,4000,144,31825
12,31981,138,0.0,4001,144,31837
6,31987,138,0.0,4002,144,31843
6,31993,138,0.0,4003,144,31849
11,32004,138,0.0,4004,144,31860
15,32019,138,0.0,4005,144,31875
2,32021,138,0.0,4006,144,31877
5,32026,138,0.0,4007,144,31882
7,32033,138,0.0,4008,144,31889
6,32039,138,0.0,4009,144,31895
10,32049,138,0.0,4010,144,31905
6,32055,138,0.0,4011,144,31911
14,32069,138,0.0,4012,144,31925
13,32082,139,1.0,4013,144,31938
7,32089,139,0.0,4014,144,31945
5,32094,139,0.0,4015,144,31950
5,32099,139,0.0,4016,144,31955
23,32122,139,0.0,4017,144,31978
13,32135,139,0.0,4018,144,31991
26,32161,139,0.0,4019,144,32017
14,32175,139,0.0,4020,144,32031
7,32182,139,0.0,4021,144,32038
5,32187,139,0.0,4022,144,32043
12,32199,139,0.0,4023,144,32055
2,32201,139,0.0,4024,144,32057
27,32228,139,0.0,4025,144,32084
23,32251,139,0.0,4026,144,32107
2,32253,139,0.0,4027,144,32109
7,32260,139,0.0,4028,144,32116
3,32263,139,0.0,4029,144,32119
2,32265,139,0.0,4030,144,32121
6,32271,139,0.0,4031,144,32127
21,32292,139,0.0,4032,144,32148
14,32306,140,1.0,4033,144,32162
10,32316,140,0.0,4034,144,32172
4,32320,140,0.0,4035,144,32176
3,32323,140,0.0,4036,144,32179
8,32331,140,0.0,4037,144,32187
4,32335,140,0.0,4038,144,32191
13,32348,141,1.0,4039,144,32204
3,32351,141,0.0,4040,144,32207
2,32353,141,0.0,4041,144,32209
6,32359,141,0.0,4042,144,32215
14,32373,141,0.0,4043,144,32229
5,32378,141,0.0,4044,144,32234
5,32383,141,0.0,4045,144,32239
7,32390,141,0.0,4046,144,32246
7,32397,141,0.0,4047,144,32253
6,32403,141,0.0,4048,144,32259
12,32415,141,0.0,4049,144,32271
2,32417,141,0.0,4050,144,32273
8,32425,141,0.0,4051,144,32281
2,32427,141,0.0,4052,144,32283
2,32429,141,0.0,4053,144,32285
43,32472,141,0.0,4054,144,32328
13,32485,142,1.0,4055,144,32341
2,32487,142,0.0,4056,144,32343
3,32490,142,0.0,4057,144,32346
3,32493,142,0.0,4058,144,32349
10,32503,142,0.0,4059,144,32359
28,32531,142,0.0,4060,144,32387
3,32534,142,0.0,4061,144,32390
10,32544,142,0.0,4062,144,32400
4,32548,142,0.0,4063,144,32404
4,32552,142,0.0,4064,144,32408
5,32557,142,0.0,4065,144,32413
5,32562,142,0.0,4066,144,32418
8,32570,142,0.0,4067,144,32426
2,32572,142,0.0,4068,144,32428
5,32577,142,0.0,4069,144,32433
2,32579,142,0.0,4070,144,32435
6,32585,142,0.0,4071,144,32441
20,32605,142,0.0,4072,144,32461
7,32612,142,0.0,4073,144,32468
2,32614,142,0.0,4074,144,32470
13,32627,142,0.0,4075,144,32483
2,32629,142,0.0,4076,144,32485
6,32635,142,0.0,4077,144,32491
3,32638,142,0.0,4078,144,32494
4,32642,142,0.0,4079,144,32498
6,32648,142,0.0,4080,144,32504
7,32655,142,0.0,4081,144,32511
11,32666,142,0.0,4082,144,32522
12,32678,142,0.0,4083,144,32534
18,32696,143,1.0,4084,144,32552
6,32702,143,0.0,4085,144,32558
25,32727,143,0.0,4086,144,32583
4,32731,143,0.0,4087,144,32587
7,32738,143,0.0,4088,144,32594
11,32749,143,0.0,4089,144,32605
2,32751,143,0.0,4090,144,32607
5,32756,143,0.0,4091,144,32612
15,32771,143,0.0,4092,144,32627
6,32777,143,0.0,4093,144,32633
9,32786,143,0.0,4094,144,32642
5,32791,143,0.0,4095,144,32647
25,32816,143,0.0,4096,144,32672
14,32830,143,0.0,4097,144,32686
3,32833,143,0.0,4098,144,32689
5,32838,143,0.0,4099,144,32694
2,32840,143,0.0,4100,144,32696
4,32844,143,0.0,4101,144,32700
10,32854,143,0.0,4102,144,32710
17,32871,143,0.0,4103,144,32727
6,32877,143,0.0,4104,144,32733
9,32886,143,0.0,4105,144,32742
2,32888,143,0.0,4106,144,32744
4,32892,143,0.0,4107,144,32748
5,32897,143,0.0,4108,144,32753
7,32904,143,0.0,4109,144,32760
8,32912,143,0.0,4110,144,32768
7,32919,143,0.0,4111,144,32775
10,32929,143,0.0,4112,144,32785
7,32936,143,0.0,4113,144,32792
2,32938,143,0.0,4114,144,32794
13,32951,143,0.0,4115,144,32807
2,32953,143,0.0,4116,144,32809
13,32966,143,0.0,4117,144,32822
2,32968,143,0.0,4118,144,32824
6,32974,143,0.0,4119,144,32830
20,32994,143,0.0,4120,144,32850
10,33004,143,0.0,4121,144,32860
7,33011,143,0.0,4122,144,32867
13,33024,144,1.0,4123,144,32880
2,33026,144,0.0,4124,144,32882
4,33030,144,0.0,4125,144,32886
17,33047,144,0.0,4126,144,32903
2,33049,144,0.0,4127,144,32905
8,33057,144,0.0,4128,144,32913
12,33069,144,0.0,4129,144,32925
11,33080,144,0.0,4130,144,32936
2,33082,144,0.0,4131,144,32938
7,33089,144,0.0,4132,144,32945
2,33091,144,0.0,4133,144,32947
5,33096,144,0.0,4134,144,32952
12,33108,144,0.0,4135,144,32964
5,33113,144,0.0,4136,144,32969
3,33116,144,0.0,4137,144,32972
12,33128,144,0.0,4138,144,32984
2,33130,144,0.0,4139,144,32986
4,33134,144,0.0,4140,144,32990
4,33138,144,0.0,4141,144,32994
5,33143,144,0.0,4142,144,32999
10,33153,144,0.0,4143,144,33009
4,33157,144,0.0,4144,144,33013
3,33160,144,0.0,4145,144,33016
8,33168,144,0.0,4146,144,33024
2,33170,144,0.0,4147,144,33026
7,33177,144,0.0,4148,144,33033
2,33179,144,0.0,4149,144,33035
13,33192,145,1.0,4150,144,33048
9,33201,145,0.0,4151,144,33057
9,33210,145,0.0,4152,144,33066
2,33212,145,0.0,4153,144,33068
14,33226,145,0.0,4154,144,33082
11,33237,145,0.0,4155,144,33093
3,33240,145,0.0,4156,144,33096
3,33243,145,0.0,4157,144,33099
4,33247,145,0.0,4158,144,33103
14,33261,146,1.0,4159,144,33117
11,33272,146,0.0,4160,144,33128
2,33274,146,0.0,4161,144,33130
15,33289,147,1.0,4162,144,33145
6,33295,147,0.0,4163,144,33151
18,33313,148,1.0,4164,144,33169
7,33320,148,0.0,4165,144,33176
4,33324,148,0.0,4166,144,33180
3,33327,148,0.0,4167,144,33183
5,33332,148,0.0,4168,144,33188
3,33335,148,0.0,4169,144,33191
15,33350,148,0.0,4170,144,33206
4,33354,148,0.0,4171,144,33210
8,33362,148,0.0,4172,144,33218
6,33368,148,0.0,4173,144,33224
5,33373,148,0.0,4174,144,33229
4,33377,148,0.0,4175,144,33233
12,33389,148,0.0,4176,144,33245
2,33391,148,0.0,4177,144,33247
5,33396,148,0.0,4178,144,33252
6,33402,148,0.0,4179,144,33258
5,33407,148,0.0,4180,144,33263
5,33412,148,0.0,4181,144,33268
25,33437,148,0.0,4182,144,33293
6,33443,148,0.0,4183,144,33299
17,33460,148,0.0,4184,144,33316
12,33472,148,0.0,4185,144,33328
7,33479,148,0.0,4186,144,33335
7,33486,148,0.0,4187,144,33342
12,33498,148,0.0,4188,144,33354
13,33511,149,1.0,4189,144,33367
22,33533,149,0.0,4190,144,33389
13,33546,149,0.0,4191,144,33402
2,33548,149,0.0,4192,144,33404
5,33553,149,0.0,4193,144,33409
9,33562,149,0.0,4194,144,33418
10,33572,149,0.0,4195,144,33428
17,33589,149,0.0,4196,144,33445
6,33595,149,0.0,4197,144,33451
15,33610,149,0.0,4198,144,33466
12,33622,149,0.0,4199,144,33478
7,33629,149,0.0,4200,144,33485
11,33640,149,0.0,4201,144,33496
5,33645,149,0.0,4202,144,33501
2,33647,149,0.0,4203,144,33503
19,33666,149,0.0,4204,144,33522
9,33675,149,0.0,4205,144,33531
14,33689,149,0.0,4206,144,33545
2,33691,149,0.0,4207,144,33547
14,33705,149,0.0,4208,144,33561
10,33715,149,0.0,4209,144,33571
13,33728,149,0.0,4210,144,33584
4,33732,149,0.0,4211,144,33588
10,33742,149,0.0,4212,144,33598
26,33768,149,0.0,4213,144,33624
6,33774,149,0.0,4214,144,33630
13,33787,150,1.0,4215,144,33643
9,33796,150,0.0,4216,144,33652
9,33805,150,0.0,4217,144,33661
9,33814,150,0.0,4218,144,33670
2,33816,150,0.0,4219,144,33672
2,33818,150,0.0,4220,144,33674
17,33835,150,0.0,4221,144,33691
11,33846,150,0.0,4222,144,33702
7,33853,150,0.0,4223,144,33709
4,33857,150,0.0,4224,144,33713
5,33862,150,0.0,4225,144,33718
15,33877,151,1.0,4226,144,33733
3,33880,151,0.0,4227,144,33736
3,33883,151,0.0,4228,144,33739
11,33894,151,0.0,4229,144,33750
12,33906,151,0.0,4230,144,33762
16,33922,151,0.0,4231,144,33778
7,33929,151,0.0,4232,144,33785
6,33935,151,0.0,4233,144,33791
5,33940,151,0.0,4234,144,33796
5,33945,151,0.0,4235,144,33801
13,33958,151,0.0,4236,144,33814
14,33972,151,0.0,4237,144,33828
5,33977,151,0.0,4238,144,33833
12,33989,151,0.0,4239,144,33845
15,34004,151,0.0,4240,144,33860
28,34032,151,0.0,4241,144,33888
31,34063,151,0.0,4242,144,33919
2,34065,151,0.0,4243,144,33921
32,34097,151,0.0,4244,144,33953
19,34116,151,0.0,4245,144,33972
11,34127,151,0.0,4246,144,33983
7,34134,151,0.0,4247,144,33990
7,34141,151,0.0,4248,144,33997
5,34146,151,0.0,4249,144,34002
10,34156,151,0.0,4250,144,34012
5,34161,151,0.0,4251,144,34017
2,34163,151,0.0,4252,144,34019
4,34167,151,0.0,4253,144,34023
3,34170,151,0.0,4254,144,34026
6,34176,151,0.0,4255,144,34032
8,34184,151,0.0,4256,144,34040
11,34195,151,0.0,4257,144,34051
5,34200,151,0.0,4258,144,34056
2,34202,151,0.0,4259,144,34058
14,34216,151,0.0,4260,144,34072
2,34218,151,0.0,4261,144,34074
12,34230,151,0.0,4262,144,34086
12,34242,151,0.0,4263,144,34098
3,34245,151,0.0,4264,144,34101
9,34254,151,0.0,4265,144,34110
7,34261,151,0.0,4266,144,34117
10,34271,151,0.0,4267,144,34127
6,34277,151,0.0,4268,144,34133
2,34279,151,0.0,4269,144,34135
18,34297,151,0.0,4270,144,34153
13,34310,152,1.0,4271,144,34166
19,34329,152,0.0,4272,144,34185
13,34342,152,0.0,4273,144,34198
6,34348,152,0.0,4274,144,34204
3,34351,152,0.0,4275,144,34207
4,34355,152,0.0,4276,144,34211
2,34357,152,0.0,4277,144,34213
17,34374,152,0.0,4278,144,34230
13,34387,153,1.0,4279,144,34243
3,34390,153,0.0,4280,144,34246
5,34395,153,0.0,4281,144,34251
3,34398,153,0.0,4282,144,34254
13,34411,154,1.0,4283,144,34267
12,34423,154,0.0,4284,144,34279
4,34427,154,0.0,4285,144,34283
2,34429,154,0.0,4286,144,34285
2,34431,154,0.0,4287,144,34287
4,34435,154,0.0,4288,144,34291
4,34439,154,0.0,4289,144,34295
2,34441,154,0.0,4290,144,34297
8,34449,154,0.0,4291,144,34305
8,34457,154,0.0,4292,144,34313
32,34489,154,0.0,4293,144,34345
7,34496,154,0.0,4294,144,34352
50,34546,154,0.0,4295,144,34402
8,34554,154,0.0,4296,144,34410
2,34556,154,0.0,4297,144,34412
4,34560,154,0.0,4298,144,34416
12,34572,154,0.0,4299,144,34428
10,34582,154,0.0,4300,144,34438
9,34591,154,0.0,4301,144,34447
12,34603,154,0.0,4302,144,34459
11,34614,154,0.0,4303,144,34470
7,34621,154,0.0,4304,144,34477
16,34637,154,0.0,4305,144,34493
3,34640,154,0.0,4306,144,34496
12,34652,154,0.0,4307,144,34508
8,34660,154,0.0,4308,144,34516
6,34666,154,0.0,4309,144,34522
2,34668,154,0.0,4310,144,34524
8,34676,154,0.0,4311,144,34532
3,34679,154,0.0,4312,144,34535
2,34681,154,0.0,4313,144,34537
3,34684,154,0.0,4314,144,34540
6,34690,154,0.0,4315,144,34546
7,34697,154,0.0,4316,144,34553
7,34704,154,0.0,4317,144,34560
12,34716,154,0.0,4318,144,34572
3,34719,154,0.0,4319,144,34575
13,34732,155,1.0,4320,144,34588
3,34735,155,0.0,4321,144,34591
6,34741,155,0.0,4322,144,34597
14,34755,156,1.0,4323,144,34611
9,34764,156,0.0,4324,144,34620
13,34777,156,0.0,4325,144,34633
5,34782,156,0.0,4326,144,34638
25,34807,156,0.0,4327,144,34663
13,34820,156,0.0,4328,144,34676
3,34823,156,0.0,4329,144,34679
14,34837,156,0.0,4330,144,34693
6,34843,156,0.0,4331,144,34699
5,34848,156,0.0,4332,144,34704
14,34862,156,0.0,4333,144,34718
9,34871,156,0.0,4334,144,34727
7,34878,156,0.0,4335,144,34734
5,34883,156,0.0,4336,144,34739
12,34895,156,0.0,4337,144,34751
16,34911,156,0.0,4338,144,34767
22,34933,156,0.0,4339,144,34789
6,34939,156,0.0,4340,144,34795
2,34941,156,0.0,4341,144,34797
6,34947,156,0.0,4342,144,34803
5,34952,156,0.0,4343,144,34808
12,34964,156,0.0,4344,144,34820
3,34967,156,0.0,4345,144,34823
18,34985,156,0.0,4346,144,34841
9,34994,156,0.0,4347,144,34850
7,35001,156,0.0,4348,144,34857
11,35012,156,0.0,4349,144,34868
4,35016,156,0.0,4350,144,34872
6,35022,156,0.0,4351,144,34878
4,35026,156,0.0,4352,144,34882
11,35037,156,0.0,4353,144,34893
4,35041,156,0.0,4354,144,34897
10,35051,156,0.0,4355,144,34907
2,35053,156,0.0,4356,144,34909
12,35065,156,0.0,4357,144,34921
8,35073,156,0.0,4358,144,34929
11,35084,156,0.0,4359,144,34940
2,35086,156,0.0,4360,144,34942
3,35089,156,0.0,4361,144,34945
11,35100,156,0.0,4362,144,34956
9,35109,156,0.0,4363,144,34965
2,35111,156,0.0,4364,144,34967
47,35158,156,0.0,4365,144,35014
2,35160,156,0.0,4366,144,35016
4,35164,156,0.0,4367,144,35020
4,35168,156,0.0,4368,144,35024
6,35174,156,0.0,4369,144,35030
5,35179,156,0.0,4370,144,35035
2,35181,156,0.0,4371,144,35037
6,35187,156,0.0,4372,144,35043
12,35199,156,0.0,4373,144,35055
4,35203,156,0.0,4374,144,35059
5,35208,156,0.0,4375,144,35064
11,35219,156,0.0,4376,144,35075
14,35233,156,0.0,4377,144,35089
7,35240,156,0.0,4378,144,35096
3,35243,156,0.0,4379,144,35099
3,35246,156,0.0,4380,144,35102
12,35258,156,0.0,4381,144,35114
12,35270,156,0.0,4382,144,35126
11,35281,156,0.0,4383,144,35137
10,35291,156,0.0,4384,144,35147
6,35297,156,0.0,4385,144,35153
2,35299,156,0.0,4386,144,35155
2,35301,156,0.0,4387,144,35157
12,35313,156,0.0,4388,144,35169
11,35324,156,0.0,4389,144,35180
4,35328,156,0.0,4390,144,35184
3,35331,156,0.0,4391,144,35187
16,35347,156,0.0,4392,144,35203
4,35351,156,0.0,4393,144,35207
4,35355,156,0.0,4394,144,35211
13,35368,156,0.0,4395,144,35224
12,35380,156,0.0,4396,144,35236
10,35390,156,0.0,4397,144,35246
11,35401,156,0.0,4398,144,35257
4,35405,156,0.0,4399,144,35261
9,35414,156,0.0,4400,144,35270
3,35417,156,0.0,4401,144,35273
6,35423,156,0.0,4402,144,35279
20,35443,156,0.0,4403,144,35299
12,35455,156,0.0,4404,144,35311
4,35459,156,0.0,4405,144,35315
7,35466,156,0.0,4406,144,35322
6,35472,156,0.0,4407,144,35328
6,35478,156,0.0,4408,144,35334
16,35494,156,0.0,4409,144,35350
6,35500,156,0.0,4410,144,35356
7,35507,156,0.0,4411,144,35363
2,35509,156,0.0,4412,144,35365
11,35520,156,0.0,4413,144,35376
8,35528,156,0.0,4414,144,35384
14,35542,156,0.0,4415,144,35398
11,35553,156,0.0,4416,144,35409
6,35559,156,0.0,4417,144,35415
3,35562,156,0.0,4418,144,35418
10,35572,156,0.0,4419,144,35428
3,35575,156,0.0,4420,144,35431
2,35577,156,0.0,4421,144,35433
2,35579,156,0.0,4422,144,35435
9,35588,156,0.0,4423,144,35444
4,35592,156,0.0,4424,144,35448
8,35600,156,0.0,4425,144,35456
5,35605,156,0.0,4426,144,35461
2,35607,156,0.0,4427,144,35463
6,35613,156,0.0,4428,144,35469
20,35633,156,0.0,4429,144,35489
5,35638,156,0.0,4430,144,35494
13,35651,156,0.0,4431,144,35507
3,35654,156,0.0,4432,144,35510
5,35659,156,0.0,4433,144,35515
8,35667,156,0.0,4434,144,35523
12,35679,156,0.0,4435,144,35535
6,35685,156,0.0,4436,144,35541
2,35687,156,0.0,4437,144,35543
4,35691,156,0.0,4438,144,35547
9,35700,156,0.0,4439,144,35556
8,35708,156,0.0,4440,144,35564
2,35710,156,0.0,4441,144,35566
15,35725,156,0.0,4442,144,35581
18,35743,156,0.0,4443,144,35599
7,35750,156,0.0,4444,144,35606
2,35752,156,0.0,4445,144,35608
9,35761,156,0.0,4446,144,35617
7,35768,156,0.0,4447,144,35624
2,35770,156,0.0,4448,144,35626
2,35772,156,0.0,4449,144,35628
2,35774,156,0.0,4450,144,35630
2,35776,156,0.0,4451,144,35632
4,35780,156,0.0,4452,144,35636
9,35789,156,0.0,4453,144,35645
27,35816,156,0.0,4454,144,35672
13,35829,157,1.0,4455,144,35685
8,35837,157,0.0,4456,144,35693
11,35848,157,0.0,4457,144,35704
4,35852,157,0.0,4458,144,35708
12,35864,157,0.0,4459,144,35720
4,35868,157,0.0,4460,144,35724
15,35883,157,0.0,4461,144,35739
14,35897,157,0.0,4462,144,35753
2,35899,157,0.0,4463,144,35755
15,35914,157,0.0,4464,144,35770
4,35918,157,0.0,4465,144,35774
3,35921,157,0.0,4466,144,35777
3,35924,157,0.0,4467,144,35780
2,35926,157,0.0,4468,144,35782
5,35931,157,0.0,4469,144,35787
2,35933,157,0.0,4470,144,35789
9,35942,157,0.0,4471,144,35798
5,35947,157,0.0,4472,144,35803
13,35960,158,1.0,4473,144,35816
6,35966,158,0.0,4474,144,35822
7,35973,158,0.0,4475,144,35829
8,35981,158,0.0,4476,144,35837
3,35984,158,0.0,4477,144,35840
3,35987,158,0.0,4478,144,35843
15,36002,158,0.0,4479,144,35858
3,36005,158,0.0,4480,144,35861
8,36013,158,0.0,4481,144,35869
4,36017,158,0.0,4482,144,35873
3,36020,158,0.0,4483,144,35876
11,36031,158,0.0,4484,144,35887
12,36043,158,0.0,4485,144,35899
12,36055,158,0.0,4486,144,35911
9,36064,158,0.0,4487,144,35920
7,36071,158,0.0,4488,144,35927
3,36074,158,0.0,4489,144,35930
10,36084,158,0.0,4490,144,35940
3,36087,158,0.0,4491,144,35943
2,36089,158,0.0,4492,144,35945
12,36101,158,0.0,4493,144,35957
25,36126,158,0.0,4494,144,35982
5,36131,158,0.0,4495,144,35987
4,36135,158,0.0,4496,144,35991
20,36155,158,0.0,4497,144,36011
4,36159,158,0.0,4498,144,36015
7,36166,158,0.0,4499,144,36022
2,36168,158,0.0,4500,144,36024
14,36182,158,0.0,4501,144,36038
18,36200,158,0.0,4502,144,36056
5,36205,158,0.0,4503,144,36061
13,36218,159,1.0,4504,144,36074
2,36220,159,0.0,4505,144,36076
11,36231,159,0.0,4506,144,36087
10,36241,159,0.0,4507,144,36097
3,36244,159,0.0,4508,144,36100
17,36261,159,0.0,4509,144,36117
5,36266,159,0.0,4510,144,36122
5,36271,159,0.0,4511,144,36127
18,36289,159,0.0,4512,144,36145
8,36297,159,0.0,4513,144,36153
21,36318,159,0.0,4514,144,36174
13,36331,160,1.0,4515,144,36187
2,36333,160,0.0,4516,144,36189
4,36337,160,0.0,4517,144,36193
11,36348,160,0.0,4518,144,36204
2,36350,160,0.0,4519,144,36206
5,36355,160,0.0,4520,144,36211
17,36372,160,0.0,4521,144,36228
15,36387,160,0.0,4522,144,36243
2,36389,160,0.0,4523,144,36245
5,36394,160,0.0,4524,144,36250
5,36399,160,0.0,4525,144,36255
5,36404,160,0.0,4526,144,36260
12,36416,160,0.0,4527,144,36272
5,36421,160,0.0,4528,144,36277
4,36425,160,0.0,4529,144,36281
11,36436,160,0.0,4530,144,36292
15,36451,160,0.0,4531,144,36307
12,36463,160,0.0,4532,144,36319
7,36470,160,0.0,4533,144,36326
9,36479,160,0.0,4534,144,36335
3,36482,160,0.0,4535,144,36338
3,36485,160,0.0,4536,144,36341
6,36491,160,0.0,4537,144,36347
12,36503,160,0.0,4538,144,36359
9,36512,160,0.0,4539,144,36368
15,36527,160,0.0,4540,144,36383
8,36535,160,0.0,4541,144,36391
4,36539,160,0.0,4542,144,36395
18,36557,160,0.0,4543,144,36413
13,36570,161,1.0,4544,144,36426
21,36591,161,0.0,4545,144,36447
2,36593,161,0.0,4546,144,36449
3,36596,161,0.0,4547,144,36452
8,36604,161,0.0,4548,144,36460
3,36607,161,0.0,4549,144,36463
2,36609,161,0.0,4550,144,36465
11,36620,161,0.0,4551,144,36476
32,36652,161,0.0,4552,144,36508
3,36655,161,0.0,4553,144,36511
5,36660,161,0.0,4554,144,36516
7,36667,161,0.0,4555,144,36523
6,36673,161,0.0,4556,144,36529
7,36680,161,0.0,4557,144,36536
15,36695,162,1.0,4558,144,36551
20,36715,162,0.0,4559,144,36571
12,36727,162,0.0,4560,144,36583
4,36731,162,0.0,4561,144,36587
16,36747,162,0.0,4562,144,36603
5,36752,162,0.0,4563,144,36608
5,36757,162,0.0,4564,144,36613
12,36769,162,0.0,4565,144,36625
19,36788,162,0.0,4566,144,36644
4,36792,162,0.0,4567,144,36648
6,36798,162,0.0,4568,144,36654
12,36810,162,0.0,4569,144,36666
9,36819,162,0.0,4570,144,36675
10,36829,162,0.0,4571,144,36685
7,36836,162,0.0,4572,144,36692
2,36838,162,0.0,4573,144,36694
6,36844,162,0.0,4574,144,36700
2,36846,162,0.0,4575,144,36702
6,36852,162,0.0,4576,144,36708
4,36856,162,0.0,4577,144,36712
6,36862,162,0.0,4578,144,36718
12,36874,162,0.0,4579,144,36730
4,36878,162,0.0,4580,144,36734
12,36890,162,0.0,4581,144,36746
4,36894,162,0.0,4582,144,36750
2,36896,162,0.0,4583,144,36752
3,36899,162,0.0,4584,144,36755
15,36914,163,1.0,4585,144,36770
10,36924,163,0.0,4586,144,36780
2,36926,163,0.0,4587,144,36782
6,36932,163,0.0,4588,144,36788
2,36934,163,0.0,4589,144,36790
8,36942,163,0.0,4590,144,36798
11,36953,163,0.0,4591,144,36809
4,36957,163,0.0,4592,144,36813
5,36962,163,0.0,4593,144,36818
6,36968,163,0.0,4594,144,36824
2,36970,163,0.0,4595,144,36826
5,36975,163,0.0,4596,144,36831
2,36977,163,0.0,4597,144,36833
14,36991,163,0.0,4598,144,36847
15,37006,163,0.0,4599,144,36862
12,37018,163,0.0,4600,144,36874
6,37024,163,0.0,4601,144,36880
5,37029,163,0.0,4602,144,36885
2,37031,163,0.0,4603,144,36887
5,37036,163,0.0,4604,144,36892
15,37051,164,1.0,4605,144,36907
7,37058,164,0.0,4606,144,36914
7,37065,164,0.0,4607,144,36921
4,37069,164,0.0,4608,144,36925
3,37072,164,0.0,4609,144,36928
8,37080,164,0.0,4610,144,36936
3,37083,164,0.0,4611,144,36939
7,37090,164,0.0,4612,144,36946
13,37103,165,1.0,4613,144,36959
7,37110,165,0.0,4614,144,36966
6,37116,165,0.0,4615,144,36972
4,37120,165,0.0,4616,144,36976
19,37139,165,0.0,4617,144,36995
4,37143,165,0.0,4618,144,36999
4,37147,165,0.0,4619,144,37003
12,37159,165,0.0,4620,144,37015
4,37163,165,0.0,4621,144,37019
3,37166,165,0.0,4622,144,37022
4,37170,165,0.0,4623,144,37026
11,37181,165,0.0,4624,144,37037
13,37194,166,1.0,4625,144,37050
6,37200,166,0.0,4626,144,37056
15,37215,166,0.0,4627,144,37071
5,37220,166,0.0,4628,144,37076
11,37231,166,0.0,4629,144,37087
5,37236,166,0.0,4630,144,37092
5,37241,166,0.0,4631,144,37097
30,37271,166,0.0,4632,144,37127
14,37285,166,0.0,4633,144,37141
2,37287,166,0.0,4634,144,37143
7,37294,166,0.0,4635,144,37150
4,37298,166,0.0,4636,144,37154
11,37309,166,0.0,4637,144,37165
4,37313,166,0.0,4638,144,37169
14,37327,167,1.0,4639,144,37183
11,37338,167,0.0,4640,144,37194
10,37348,167,0.0,4641,144,37204
7,37355,167,0.0,4642,144,37211
14,37369,167,0.0,4643,144,37225
14,37383,167,0.0,4644,144,37239
5,37388,167,0.0,4645,144,37244
6,37394,167,0.0,4646,144,37250
14,37408,167,0.0,4647,144,37264
3,37411,167,0.0,4648,144,37267
4,37415,167,0.0,4649,144,37271
2,37417,167,0.0,4650,144,37273
6,37423,167,0.0,4651,144,37279
4,37427,167,0.0,4652,144,37283
9,37436,167,0.0,4653,144,37292
11,37447,167,0.0,4654,144,37303
2,37449,167,0.0,4655,144,37305
2,37451,167,0.0,4656,144,37307
4,37455,167,0.0,4657,144,37311
11,37466,167,0.0,4658,144,37322
6,37472,167,0.0,4659,144,37328
8,37480,167,0.0,4660,144,37336
12,37492,167,0.0,4661,144,37348
2,37494,167,0.0,4662,144,37350
5,37499,167,0.0,4663,144,37355
9,37508,167,0.0,4664,144,37364
4,37512,167,0.0,4665,144,37368
10,37522,167,0.0,4666,144,37378
9,37531,167,0.0,4667,144,37387
3,37534,167,0.0,4668,144,37390
11,37545,167,0.0,4669,144,37401
4,37549,167,0.0,4670,144,37405
14,37563,167,0.0,4671,144,37419
5,37568,167,0.0,4672,144,37424
19,37587,167,0.0,4673,144,37443
11,37598,167,0.0,4674,144,37454
3,37601,167,0.0,4675,144,37457
2,37603,167,0.0,4676,144,37459
10,37613,167,0.0,4677,144,37469
4,37617,167,0.0,4678,144,37473
10,37627,167,0.0,4679,144,37483
8,37635,167,0.0,4680,144,37491
28,37663,168,1.0,4681,144,37519
3,37666,168,0.0,4682,144,37522
5,37671,168,0.0,4683,144,37527
13,37684,168,0.0,4684,144,37540
12,37696,168,0.0,4685,144,37552
13,37709,168,0.0,4686,144,37565
2,37711,168,0.0,4687,144,37567
2,37713,168,0.0,4688,144,37569
3,37716,168,0.0,4689,144,37572
12,37728,168,0.0,4690,144,37584
2,37730,168,0.0,4691,144,37586
18,37748,168,0.0,4692,144,37604
3,37751,168,0.0,4693,144,37607
7,37758,168,0.0,4694,144,37614
8,37766,168,0.0,4695,144,37622
10,37776,168,0.0,4696,144,37632
3,37779,168,0.0,4697,144,37635
14,37793,168,0.0,4698,144,37649
16,37809,168,0.0,4699,144,37665
4,37813,168,0.0,4700,144,37669
8,37821,168,0.0,4701,144,37677
14,37835,168,0.0,4702,144,37691
2,37837,168,0.0,4703,144,37693
8,37845,168,0.0,4704,144,37701
5,37850,168,0.0,4705,144,37706
25,37875,168,0.0,4706,144,37731
7,37882,168,0.0,4707,144,37738
5,37887,168,0.0,4708,144,37743
7,37894,168,0.0,4709,144,37750
6,37900,168,0.0,4710,144,37756
6,37906,168,0.0,4711,144,37762
13,37919,169,1.0,4712,144,37775
7,37926,169,0.0,4713,144,37782
7,37933,169,0.0,4714,144,37789
2,37935,169,0.0,4715,144,37791
7,37942,169,0.0,4716,144,37798
4,37946,169,0.0,4717,144,37802
5,37951,169,0.0,4718,144,37807
10,37961,169,0.0,4719,144,37817
9,37970,169,0.0,4720,144,37826
11,37981,169,0.0,4721,144,37837
3,37984,169,0.0,4722,144,37840
7,37991,169,0.0,4723,144,37847
5,37996,169,0.0,4724,144,37852
23,38019,169,0.0,4725,144,37875
8,38027,169,0.0,4726,144,37883
3,38030,169,0.0,4727,144,37886
6,38036,169,0.0,4728,144,37892
9,38045,169,0.0,4729,144,37901
4,38049,169,0.0,4730,144,37905
5,38054,169,0.0,4731,144,37910
4,38058,169,0.0,4732,144,37914
9,38067,170,1.0,4733,144,37923
3,38070,170,0.0,4734,144,37926
3,38073,170,0.0,4735,144,37929
8,38081,170,0.0,4736,144,37937
5,38086,170,0.0,4737,144,37942
7,38093,170,0.0,4738,144,37949
18,38111,170,0.0,4739,144,37967
5,38116,170,0.0,4740,144,37972
3,38119,170,0.0,4741,144,37975
4,38123,170,0.0,4742,144,37979
10,38133,170,0.0,4743,144,37989
8,38141,170,0.0,4744,144,37997
10,38151,170,0.0,4745,144,38007
8,38159,170,0.0,4746,144,38015
15,38174,170,0.0,4747,144,38030
2,38176,170,0.0,4748,144,38032
6,38182,170,0.0,4749,144,38038
4,38186,170,0.0,4750,144,38042
12,38198,170,0.0,4751,144,38054
17,38215,170,0.0,4752,144,38071
12,38227,170,0.0,4753,144,38083
3,38230,170,0.0,4754,144,38086
5,38235,170,0.0,4755,144,38091
5,38240,170,0.0,4756,144,38096
8,38248,170,0.0,4757,144,38104
13,38261,171,1.0,4758,144,38117
9,38270,171,0.0,4759,144,38126
6,38276,171,0.0,4760,144,38132
5,38281,171,0.0,4761,144,38137
2,38283,171,0.0,4762,144,38139
10,38293,171,0.0,4763,144,38149
15,38308,171,0.0,4764,144,38164
4,38312,171,0.0,4765,144,38168
7,38319,171,0.0,4766,144,38175
11,38330,171,0.0,4767,144,38186
8,38338,171,0.0,4768,144,38194
5,38343,171,0.0,4769,144,38199
2,38345,171,0.0,4770,144,38201
5,38350,171,0.0,4771,144,38206
5,38355,171,0.0,4772,144,38211
4,38359,171,0.0,4773,144,38215
4,38363,171,0.0,4774,144,38219
5,38368,171,0.0,4775,144,38224
3,38371,171,0.0,4776,144,38227
9,38380,171,0.0,4777,144,38236
6,38386,171,0.0,4778,144,38242
8,38394,171,0.0,4779,144,38250
3,38397,171,0.0,4780,144,38253
2,38399,171,0.0,4781,144,38255
6,38405,171,0.0,4782,144,38261
4,38409,171,0.0,4783,144,38265
11,38420,171,0.0,4784,144,38276
13,38433,172,1.0,4785,144,38289
3,38436,172,0.0,4786,144,38292
11,38447,172,0.0,4787,144,38303
4,38451,172,0.0,4788,144,38307
5,38456,172,0.0,4789,144,38312
6,38462,172,0.0,4790,144,38318
16,38478,172,0.0,4791,144,38334
5,38483,172,0.0,4792,144,38339
9,38492,172,0.0,4793,144,38348
2,38494,172,0.0,4794,144,38350
2,38496,172,0.0,4795,144,38352
7,38503,172,0.0,4796,144,38359
8,38511,172,0.0,4797,144,38367
9,38520,172,0.0,4798,144,38376
11,38531,172,0.0,4799,144,38387
20,38551,172,0.0,4800,144,38407
6,38557,172,0.0,4801,144,38413
3,38560,172,0.0,4802,144,38416
13,38573,172,0.0,4803,144,38429
10,38583,172,0.0,4804,144,38439
13,38596,173,1.0,4805,144,38452
13,38609,174,1.0,4806,144,38465
3,38612,174,0.0,4807,144,38468
12,38624,174,0.0,4808,144,38480
4,38628,174,0.0,4809,144,38484
11,38639,174,0.0,4810,144,38495
9,38648,174,0.0,4811,144,38504
3,38651,174,0.0,4812,144,38507
5,38656,174,0.0,4813,144,38512
8,38664,174,0.0,4814,144,38520
7,38671,174,0.0,4815,144,38527
5,38676,174,0.0,4816,144,38532
6,38682,174,0.0,4817,144,38538
12,38694,174,0.0,4818,144,38550
6,38700,174,0.0,4819,144,38556
2,38702,174,0.0,4820,144,38558
13,38715,174,0.0,4821,144,38571
2,38717,174,0.0,4822,144,38573
9,38726,174,0.0,4823,144,38582
6,38732,174,0.0,4824,144,38588
5,38737,174,0.0,4825,144,38593
15,38752,175,1.0,4826,144,38608
3,38755,175,0.0,4827,144,38611
7,38762,175,0.0,4828,144,38618
12,38774,175,0.0,4829,144,38630
5,38779,175,0.0,4830,144,38635
3,38782,175,0.0,4831,144,38638
6,38788,175,0.0,4832,144,38644
8,38796,175,0.0,4833,144,38652
11,38807,175,0.0,4834,144,38663
11,38818,175,0.0,4835,144,38674
11,38829,175,0.0,4836,144,38685
4,38833,175,0.0,4837,144,38689
2,38835,175,0.0,4838,144,38691
2,38837,175,0.0,4839,144,38693
5,38842,175,0.0,4840,144,38698
12,38854,175,0.0,4841,144,38710
4,38858,175,0.0,4842,144,38714
12,38870,175,0.0,4843,144,38726
3,38873,175,0.0,4844,144,38729
5,38878,175,0.0,4845,144,38734
11,38889,175,0.0,4846,144,38745
2,38891,175,0.0,4847,144,38747
2,38893,175,0.0,4848,144,38749
7,38900,175,0.0,4849,144,38756
9,38909,175,0.0,4850,144,38765
30,38939,175,0.0,4851,144,38795
14,38953,175,0.0,4852,144,38809
12,38965,175,0.0,4853,144,38821
3,38968,175,0.0,4854,144,38824
7,38975,175,0.0,4855,144,38831
2,38977,175,0.0,4856,144,38833
10,38987,175,0.0,4857,144,38843
11,38998,175,0.0,4858,144,38854
12,39010,175,0.0,4859,144,38866
25,39035,175,0.0,4860,144,38891
5,39040,175,0.0,4861,144,38896
7,39047,175,0.0,4862,144,38903
6,39053,175,0.0,4863,144,38909
13,39066,176,1.0,4864,144,38922
4,39070,176,0.0,4865,144,38926
8,39078,176,0.0,4866,144,38934
6,39084,176,0.0,4867,144,38940
13,39097,176,0.0,4868,144,38953
14,39111,176,0.0,4869,144,38967
5,39116,176,0.0,4870,144,38972
6,39122,176,0.0,4871,144,38978
2,39124,176,0.0,4872,144,38980
6,39130,176,0.0,4873,144,38986
7,39137,176,0.0,4874,144,38993
14,39151,176,0.0,4875,144,39007
16,39167,176,0.0,4876,144,39023
3,39170,176,0.0,4877,144,39026
27,39197,176,0.0,4878,144,39053
4,39201,176,0.0,4879,144,39057
5,39206,176,0.0,4880,144,39062
6,39212,176,0.0,4881,144,39068
13,39225,177,1.0,4882,144,39081
3,39228,177,0.0,4883,144,39084
9,39237,177,0.0,4884,144,39093
11,39248,177,0.0,4885,144,39104
10,39258,177,0.0,4886,144,39114
3,39261,177,0.0,4887,144,39117
6,39267,177,0.0,4888,144,39123
8,39275,177,0.0,4889,144,39131
7,39282,177,0.0,4890,144,39138
10,39292,177,0.0,4891,144,39148
3,39295,177,0.0,4892,144,39151
3,39298,177,0.0,4893,144,39154
10,39308,177,0.0,4894,144,39164
3,39311,177,0.0,4895,144,39167
5,39316,177,0.0,4896,144,39172
6,39322,177,0.0,4897,144,39178
5,39327,177,0.0,4898,144,39183
4,39331,177,0.0,4899,144,39187
2,39333,177,0.0,4900,144,39189
7,39340,177,0.0,4901,144,39196
9,39349,177,0.0,4902,144,39205
2,39351,177,0.0,4903,144,39207
19,39370,177,0.0,4904,144,39226
14,39384,177,0.0,4905,144,39240
2,39386,177,0.0,4906,144,39242
19,39405,177,0.0,4907,144,39261
19,39424,177,0.0,4908,144,39280
6,39430,177,0.0,4909,144,39286
10,39440,177,0.0,4910,144,39296
11,39451,177,0.0,4911,144,39307
10,39461,177,0.0,4912,144,39317
5,39466,177,0.0,4913,144,39322
5,39471,177,0.0,4914,144,39327
5,39476,177,0.0,4915,144,39332
6,39482,177,0.0,4916,144,39338
2,39484,177,0.0,4917,144,39340
2,39486,177,0.0,4918,144,39342
10,39496,177,0.0,4919,144,39352
3,39499,177,0.0,4920,144,39355
8,39507,177,0.0,4921,144,39363
2,39509,177,0.0,4922,144,39365
6,39515,177,0.0,4923,144,39371
6,39521,177,0.0,4924,144,39377
3,39524,177,0.0,4925,144,39380
2,39526,177,0.0,4926,144,39382
2,39528,177,0.0,4927,144,39384
5,39533,177,0.0,4928,144,39389
9,39542,177,0.0,4929,144,39398
2,39544,177,0.0,4930,144,39400
12,39556,177,0.0,4931,144,39412
6,39562,177,0.0,4932,144,39418
5,39567,177,0.0,4933,144,39423
2,39569,177,0.0,4934,144,39425
10,39579,177,0.0,4935,144,39435
13,39592,178,1.0,4936,144,39448
15,39607,179,1.0,4937,144,39463
10,39617,179,0.0,4938,144,39473
3,39620,179,0.0,4939,144,39476
2,39622,179,0.0,4940,144,39478
2,39624,179,0.0,4941,144,39480
2,39626,179,0.0,4942,144,39482
18,39644,179,0.0,4943,144,39500
12,39656,179,0.0,4944,144,39512
2,39658,179,0.0,4945,144,39514
7,39665,179,0.0,4946,144,39521
4,39669,179,0.0,4947,144,39525
7,39676,179,0.0,4948,144,39532
4,39680,179,0.0,4949,144,39536
4,39684,179,0.0,4950,144,39540
20,39704,179,0.0,4951,144,39560
8,39712,179,0.0,4952,144,39568
10,39722,179,0.0,4953,144,39578
13,39735,180,1.0,4954,144,39591
9,39744,180,0.0,4955,144,39600
12,39756,180,0.0,4956,144,39612
17,39773,180,0.0,4957,144,39629
2,39775,180,0.0,4958,144,39631
5,39780,180,0.0,4959,144,39636
6,39786,180,0.0,4960,144,39642
4,39790,180,0.0,4961,144,39646
6,39796,180,0.0,4962,144,39652
4,39800,180,0.0,4963,144,39656
3,39803,180,0.0,4964,144,39659
13,39816,181,1.0,4965,144,39672
2,39818,181,0.0,4966,144,39674
3,39821,181,0.0,4967,144,39677
8,39829,181,0.0,4968,144,39685
3,39832,181,0.0,4969,144,39688
13,39845,182,1.0,4970,144,39701
15,39860,182,0.0,4971,144,39716
12,39872,182,0.0,4972,144,39728
12,39884,182,0.0,4973,144,39740
5,39889,182,0.0,4974,144,39745
12,39901,182,0.0,4975,144,39757
11,39912,182,0.0,4976,144,39768
6,39918,182,0.0,4977,144,39774
3,39921,182,0.0,4978,144,39777
7,39928,182,0.0,4979,144,39784
17,39945,182,0.0,4980,144,39801
10,39955,182,0.0,4981,144,39811
8,39963,182,0.0,4982,144,39819
6,39969,182,0.0,4983,144,39825
6,39975,182,0.0,4984,144,39831
13,39988,182,0.0,4985,144,39844
17,40005,182,0.0,4986,144,39861
3,40008,182,0.0,4987,144,39864
10,40018,182,0.0,4988,144,39874
13,40031,183,1.0,4989,144,39887
5,40036,183,0.0,4990,144,39892
10,40046,183,0.0,4991,144,39902
3,40049,183,0.0,4992,144,39905
10,40059,183,0.0,4993,144,39915
6,40065,183,0.0,4994,144,39921
14,40079,183,0.0,4995,144,39935
4,40083,183,0.0,4996,144,39939
10,40093,183,0.0,4997,144,39949
10,40103,183,0.0,4998,144,39959
9,40112,183,0.0,4999,144,39968
8,40120,183,0.0,5000,144,39976
2,40122,183,0.0,5001,144,39978
3,40125,183,0.0,5002,144,39981
8,40133,183,0.0,5003,144,39989
13,40146,184,1.0,5004,144,40002
7,40153,184,0.0,5005,144,40009
9,40162,184,0.0,5006,144,40018
3,40165,184,0.0,5007,144,40021
5,40170,184,0.0,5008,144,40026
6,40176,184,0.0,5009,144,40032
2,40178,184,0.0,5010,144,40034
8,40186,184,0.0,5011,144,40042
8,40194,184,0.0,5012,144,40050
4,40198,184,0.0,5013,144,40054
19,40217,184,0.0,5014,144,40073
3,40220,184,0.0,5015,144,40076
11,40231,184,0.0,5016,144,40087
11,40242,184,0.0,5017,144,40098
2,40244,184,0.0,5018,144,40100
6,40250,184,0.0,5019,144,40106
4,40254,184,0.0,5020,144,40110
5,40259,184,0.0,5021,144,40115
2,40261,184,0.0,5022,144,40117
13,40274,185,1.0,5023,144,40130
3,40277,185,0.0,5024,144,40133
4,40281,185,0.0,5025,144,40137
10,40291,185,0.0,5026,144,40147
9,40300,185,0.0,5027,144,40156
3,40303,185,0.0,5028,144,40159
4,40307,185,0.0,5029,144,40163
7,40314,185,0.0,5030,144,40170
3,40317,185,0.0,5031,144,40173
4,40321,185,0.0,5032,144,40177
2,40323,185,0.0,5033,144,40179
6,40329,185,0.0,5034,144,40185
10,40339,185,0.0,5035,144,40195
22,40361,185,0.0,5036,144,40217
5,40366,185,0.0,5037,144,40222
23,40389,185,0.0,5038,144,40245
10,40399,185,0.0,5039,144,40255
13,40412,185,0.0,5040,144,40268
17,40429,185,0.0,5041,144,40285
13,40442,185,0.0,5042,144,40298
2,40444,185,0.0,5043,144,40300
2,40446,185,0.0,5044,144,40302
12,40458,185,0.0,5045,144,40314
6,40464,185,0.0,5046,144,40320
9,40473,185,0.0,5047,144,40329
15,40488,185,0.0,5048,144,40344
4,40492,185,0.0,5049,144,40348
5,40497,185,0.0,5050,144,40353
2,40499,185,0.0,5051,144,40355
2,40501,185,0.0,5052,144,40357
3,40504,185,0.0,5053,144,40360
16,40520,185,0.0,5054,144,40376
2,40522,185,0.0,5055,144,40378
3,40525,185,0.0,5056,144,40381
5,40530,185,0.0,5057,144,40386
8,40538,185,0.0,5058,144,40394
11,40549,185,0.0,5059,144,40405
7,40556,185,0.0,5060,144,40412
2,40558,185,0.0,5061,144,40414
13,40571,185,0.0,5062,144,40427
6,40577,185,0.0,5063,144,40433
5,40582,185,0.0,5064,144,40438
2,40584,185,0.0,5065,144,40440
8,40592,185,0.0,5066,144,40448
3,40595,185,0.0,5067,144,40451
2,40597,185,0.0,5068,144,40453
12,40609,185,0.0,5069,144,40465
9,40618,185,0.0,5070,144,40474
8,40626,185,0.0,5071,144,40482
3,40629,185,0.0,5072,144,40485
4,40633,185,0.0,5073,144,40489
9,40642,185,0.0,5074,144,40498
3,40645,185,0.0,5075,144,40501
7,40652,185,0.0,5076,144,40508
17,40669,185,0.0,5077,144,40525
3,40672,185,0.0,5078,144,40528
25,40697,185,0.0,5079,144,40553
6,40703,185,0.0,5080,144,40559
10,40713,185,0.0,5081,144,40569
13,40726,185,0.0,5082,144,40582
2,40728,185,0.0,5083,144,40584
13,40741,186,1.0,5084,144,40597
5,40746,186,0.0,5085,144,40602
10,40756,186,0.0,5086,144,40612
11,40767,186,0.0,5087,144,40623
11,40778,186,0.0,5088,144,40634
5,40783,186,0.0,5089,144,40639
3,40786,186,0.0,5090,144,40642
18,40804,186,0.0,5091,144,40660
3,40807,186,0.0,5092,144,40663
6,40813,186,0.0,5093,144,40669
7,40820,186,0.0,5094,144,40676
3,40823,186,0.0,5095,144,40679
13,40836,187,1.0,5096,144,40692
11,40847,187,0.0,5097,144,40703
7,40854,187,0.0,5098,144,40710
19,40873,187,0.0,5099,144,40729
8,40881,187,0.0,5100,144,40737
4,40885,187,0.0,5101,144,40741
17,40902,187,0.0,5102,144,40758
6,40908,187,0.0,5103,144,40764
8,40916,187,0.0,5104,144,40772
5,40921,187,0.0,5105,144,40777
5,40926,187,0.0,5106,144,40782
7,40933,187,0.0,5107,144,40789
25,40958,187,0.0,5108,144,40814
3,40961,187,0.0,5109,144,40817
3,40964,187,0.0,5110,144,40820
2,40966,187,0.0,5111,144,40822
6,40972,187,0.0,5112,144,40828
6,40978,187,0.0,5113,144,40834
26,41004,187,0.0,5114,144,40860
4,41008,187,0.0,5115,144,40864
9,41017,188,1.0,5116,144,40873
5,41022,188,0.0,5117,144,40878
10,41032,188,0.0,5118,144,40888
3,41035,188,0.0,5119,144,40891
9,41044,188,0.0,5120,144,40900
11,41055,188,0.0,5121,144,40911
7,41062,188,0.0,5122,144,40918
10,41072,188,0.0,5123,144,40928
8,41080,188,0.0,5124,144,40936
4,41084,188,0.0,5125,144,40940
13,41097,189,1.0,5126,144,40953
4,41101,189,0.0,5127,144,40957
3,41104,189,0.0,5128,144,40960
4,41108,189,0.0,5129,144,40964
4,41112,189,0.0,5130,144,40968
6,41118,189,0.0,5131,144,40974
13,41131,189,0.0,5132,144,40987
3,41134,189,0.0,5133,144,40990
7,41141,189,0.0,5134,144,40997
17,41158,189,0.0,5135,144,41014
7,41165,189,0.0,5136,144,41021
2,41167,189,0.0,5137,144,41023
21,41188,189,0.0,5138,144,41044
3,41191,189,0.0,5139,144,41047
6,41197,189,0.0,5140,144,41053
7,41204,189,0.0,5141,144,41060
5,41209,189,0.0,5142,144,41065
8,41217,189,0.0,5143,144,41073
6,41223,189,0.0,5144,144,41079
8,41231,189,0.0,5145,144,41087
3,41234,189,0.0,5146,144,41090
5,41239,189,0.0,5147,144,41095
8,41247,189,0.0,5148,144,41103
17,41264,189,0.0,5149,144,41120
7,41271,189,0.0,5150,144,41127
15,41286,190,1.0,5151,144,41142
12,41298,190,0.0,5152,144,41154
3,41301,190,0.0,5153,144,41157
4,41305,190,0.0,5154,144,41161
3,41308,190,0.0,5155,144,41164
4,41312,190,0.0,5156,144,41168
12,41324,190,0.0,5157,144,41180
18,41342,191,1.0,5158,144,41198
9,41351,191,0.0,5159,144,41207
19,41370,191,0.0,5160,144,41226
6,41376,191,0.0,5161,144,41232
12,41388,191,0.0,5162,144,41244
8,41396,191,0.0,5163,144,41252
12,41408,191,0.0,5164,144,41264
2,41410,191,0.0,5165,144,41266
4,41414,191,0.0,5166,144,41270
9,41423,191,0.0,5167,144,41279
2,41425,191,0.0,5168,144,41281
3,41428,191,0.0,5169,144,41284
8,41436,191,0.0,5170,144,41292
13,41449,192,1.0,5171,144,41305
11,41460,192,0.0,5172,144,41316
3,41463,192,0.0,5173,144,41319
8,41471,192,0.0,5174,144,41327
2,41473,192,0.0,5175,144,41329
9,41482,192,0.0,5176,144,41338
12,41494,192,0.0,5177,144,41350
14,41508,192,0.0,5178,144,41364
7,41515,192,0.0,5179,144,41371
7,41522,192,0.0,5180,144,41378
7,41529,192,0.0,5181,144,41385
10,41539,192,0.0,5182,144,41395
9,41548,192,0.0,5183,144,41404
2,41550,192,0.0,5184,144,41406
5,41555,192,0.0,5185,144,41411
9,41564,192,0.0,5186,144,41420
13,41577,193,1.0,5187,144,41433
4,41581,193,0.0,5188,144,41437
8,41589,193,0.0,5189,144,41445
13,41602,194,1.0,5190,144,41458
11,41613,194,0.0,5191,144,41469
4,41617,194,0.0,5192,144,41473
2,41619,194,0.0,5193,144,41475
11,41630,194,0.0,5194,144,41486
12,41642,194,0.0,5195,144,41498
3,41645,194,0.0,5196,144,41501
2,41647,194,0.0,5197,144,41503
6,41653,194,0.0,5198,144,41509
13,41666,195,1.0,5199,144,41522
5,41671,195,0.0,5200,144,41527
16,41687,195,0.0,5201,144,41543
13,41700,195,0.0,5202,144,41556
8,41708,195,0.0,5203,144,41564
35,41743,195,0.0,5204,144,41599
2,41745,195,0.0,5205,144,41601
4,41749,195,0.0,5206,144,41605
6,41755,195,0.0,5207,144,41611
3,41758,195,0.0,5208,144,41614
10,41768,195,0.0,5209,144,41624
4,41772,195,0.0,5210,144,41628
7,41779,195,0.0,5211,144,41635
18,41797,195,0.0,5212,144,41653
8,41805,195,0.0,5213,144,41661
15,41820,195,0.0,5214,144,41676
2,41822,195,0.0,5215,144,41678
2,41824,195,0.0,5216,144,41680
5,41829,195,0.0,5217,144,41685
13,41842,196,1.0,5218,144,41698
4,41846,196,0.0,5219,144,41702
2,41848,196,0.0,5220,144,41704
5,41853,196,0.0,5221,144,41709
7,41860,196,0.0,5222,144,41716
2,41862,196,0.0,5223,144,41718
3,41865,196,0.0,5224,144,41721
2,41867,196,0.0,5225,144,41723
12,41879,196,0.0,5226,144,41735
19,41898,196,0.0,5227,144,41754
12,41910,196,0.0,5228,144,41766
2,41912,196,0.0,5229,144,41768
11,41923,196,0.0,5230,144,41779
12,41935,196,0.0,5231,144,41791
2,41937,196,0.0,5232,144,41793
5,41942,196,0.0,5233,144,41798
11,41953,196,0.0,5234,144,41809
4,41957,196,0.0,5235,144,41813
5,41962,196,0.0,5236,144,41818
9,41971,196,0.0,5237,144,41827
23,41994,196,0.0,5238,144,41850
15,42009,196,0.0,5239,144,41865
13,42022,197,1.0,5240,144,41878
5,42027,197,0.0,5241,144,41883
2,42029,197,0.0,5242,144,41885
6,42035,197,0.0,5243,144,41891
11,42046,197,0.0,5244,144,41902
2,42048,197,0.0,5245,144,41904
15,42063,198,1.0,5246,144,41919
9,42072,198,0.0,5247,144,41928
3,42075,198,0.0,5248,144,41931
10,42085,198,0.0,5249,144,41941
7,42092,198,0.0,5250,144,41948
9,42101,198,0.0,5251,144,41957
12,42113,198,0.0,5252,144,41969
13,42126,199,1.0,5253,144,41982
16,42142,199,0.0,5254,144,41998
8,42150,199,0.0,5255,144,42006
5,42155,199,0.0,5256,144,42011
5,42160,199,0.0,5257,144,42016
9,42169,199,0.0,5258,144,42025
17,42186,199,0.0,5259,144,42042
6,42192,199,0.0,5260,144,42048
11,42203,199,0.0,5261,144,42059
3,42206,199,0.0,5262,144,42062
2,42208,199,0.0,5263,144,42064
2,42210,199,0.0,5264,144,42066
5,42215,199,0.0,5265,144,42071
2,42217,199,0.0,5266,144,42073
14,42231,199,0.0,5267,144,42087
12,42243,199,0.0,5268,144,42099
28,42271,200,1.0,5269,144,42127
12,42283,200,0.0,5270,144,42139
7,42290,200,0.0,5271,144,42146
3,42293,200,0.0,5272,144,42149
13,42306,200,0.0,5273,144,42162
19,42325,200,0.0,5274,144,42181
13,42338,201,1.0,5275,144,42194
13,42351,202,1.0,5276,144,42207
6,42357,202,0.0,5277,144,42213
10,42367,202,0.0,5278,144,42223
10,42377,202,0.0,5279,144,42233
7,42384,202,0.0,5280,144,42240
19,42403,202,0.0,5281,144,42259
18,42421,202,0.0,5282,144,42277
8,42429,202,0.0,5283,144,42285
5,42434,202,0.0,5284,144,42290
4,42438,202,0.0,5285,144,42294
3,42441,202,0.0,5286,144,42297
4,42445,202,0.0,5287,144,42301
2,42447,202,0.0,5288,144,42303
9,42456,202,0.0,5289,144,42312
13,42469,203,1.0,5290,144,42325
2,42471,203,0.0,5291,144,42327
3,42474,203,0.0,5292,144,42330
11,42485,203,0.0,5293,144,42341
6,42491,203,0.0,5294,144,42347
12,42503,203,0.0,5295,144,42359
11,42514,203,0.0,5296,144,42370
4,42518,203,0.0,5297,144,42374
13,42531,203,0.0,5298,144,42387
13,42544,204,1.0,5299,144,42400
12,42556,204,0.0,5300,144,42412
3,42559,204,0.0,5301,144,42415
12,42571,204,0.0,5302,144,42427
2,42573,204,0.0,5303,144,42429
11,42584,204,0.0,5304,144,42440
12,42596,204,0.0,5305,144,42452
11,42607,204,0.0,5306,144,42463
13,42620,204,0.0,5307,144,42476
6,42626,204,0.0,5308,144,42482
6,42632,204,0.0,5309,144,42488
8,42640,204,0.0,5310,144,42496
3,42643,204,0.0,5311,144,42499
11,42654,204,0.0,5312,144,42510
4,42658,204,0.0,5313,144,42514
21,42679,204,0.0,5314,144,42535
11,42690,204,0.0,5315,144,42546
8,42698,204,0.0,5316,144,42554
4,42702,204,0.0,5317,144,42558
8,42710,204,0.0,5318,144,42566
2,42712,204,0.0,5319,144,42568
2,42714,204,0.0,5320,144,42570
5,42719,204,0.0,5321,144,42575
9,42728,204,0.0,5322,144,42584
16,42744,204,0.0,5323,144,42600
10,42754,204,0.0,5324,144,42610
6,42760,204,0.0,5325,144,42616
11,42771,204,0.0,5326,144,42627
3,42774,204,0.0,5327,144,42630
14,42788,204,0.0,5328,144,42644
5,42793,204,0.0,5329,144,42649
3,42796,204,0.0,5330,144,42652
4,42800,204,0.0,5331,144,42656
16,42816,204,0.0,5332,144,42672
10,42826,204,0.0,5333,144,42682
3,42829,204,0.0,5334,144,42685
11,42840,204,0.0,5335,144,42696
3,42843,204,0.0,5336,144,42699
10,42853,204,0.0,5337,144,42709
2,42855,204,0.0,5338,144,42711
4,42859,204,0.0,5339,144,42715
4,42863,204,0.0,5340,144,42719
8,42871,204,0.0,5341,144,42727
7,42878,204,0.0,5342,144,42734
6,42884,204,0.0,5343,144,42740
4,42888,204,0.0,5344,144,42744
5,42893,204,0.0,5345,144,42749
11,42904,204,0.0,5346,144,42760
7,42911,204,0.0,5347,144,42767
2,42913,204,0.0,5348,144,42769
5,42918,204,0.0,5349,144,42774
2,42920,204,0.0,5350,144,42776
2,42922,204,0.0,5351,144,42778
12,42934,204,0.0,5352,144,42790
3,42937,204,0.0,5353,144,42793
19,42956,204,0.0,5354,144,42812
3,42959,204,0.0,5355,144,42815
6,42965,204,0.0,5356,144,42821
7,42972,204,0.0,5357,144,42828
9,42981,204,0.0,5358,144,42837
4,42985,204,0.0,5359,144,42841
18,43003,204,0.0,5360,144,42859
6,43009,204,0.0,5361,144,42865
13,43022,204,0.0,5362,144,42878
26,43048,204,0.0,5363,144,42904
11,43059,204,0.0,5364,144,42915
20,43079,204,0.0,5365,144,42935
8,43087,204,0.0,5366,144,42943
13,43100,204,0.0,5367,144,42956
13,43113,205,1.0,5368,144,42969
13,43126,205,0.0,5369,144,42982
11,43137,205,0.0,5370,144,42993
2,43139,205,0.0,5371,144,42995
6,43145,205,0.0,5372,144,43001
5,43150,205,0.0,5373,144,43006
7,43157,205,0.0,5374,144,43013
13,43170,206,1.0,5375,144,43026
7,43177,206,0.0,5376,144,43033
3,43180,206,0.0,5377,144,43036
7,43187,206,0.0,5378,144,43043
13,43200,207,1.0,5379,144,43056
4,43204,207,0.0,5380,144,43060
14,43218,207,0.0,5381,144,43074
2,43220,207,0.0,5382,144,43076
6,43226,207,0.0,5383,144,43082
6,43232,207,0.0,5384,144,43088
4,43236,207,0.0,5385,144,43092
6,43242,207,0.0,5386,144,43098
11,43253,207,0.0,5387,144,43109
5,43258,207,0.0,5388,144,43114
5,43263,207,0.0,5389,144,43119
3,43266,207,0.0,5390,144,43122
4,43270,207,0.0,5391,144,43126
11,43281,207,0.0,5392,144,43137
11,43292,207,0.0,5393,144,43148
2,43294,207,0.0,5394,144,43150
14,43308,207,0.0,5395,144,43164
3,43311,207,0.0,5396,144,43167
4,43315,207,0.0,5397,144,43171
5,43320,207,0.0,5398,144,43176
2,43322,207,0.0,5399,144,43178
13,43335,208,1.0,5400,144,43191
5,43340,208,0.0,5401,144,43196
4,43344,208,0.0,5402,144,43200
17,43361,208,0.0,5403,144,43217
11,43372,208,0.0,5404,144,43228
16,43388,208,0.0,5405,144,43244
19,43407,208,0.0,5406,144,43263
5,43412,208,0.0,5407,144,43268
13,43425,209,1.0,5408,144,43281
2,43427,209,0.0,5409,144,43283
2,43429,209,0.0,5410,144,43285
5,43434,209,0.0,5411,144,43290
5,43439,209,0.0,5412,144,43295
8,43447,209,0.0,5413,144,43303
22,43469,209,0.0,5414,144,43325
10,43479,209,0.0,5415,144,43335
14,43493,209,0.0,5416,144,43349
10,43503,209,0.0,5417,144,43359
12,43515,209,0.0,5418,144,43371
2,43517,209,0.0,5419,144,43373
2,43519,209,0.0,5420,144,43375
5,43524,209,0.0,5421,144,43380
9,43533,209,0.0,5422,144,43389
6,43539,209,0.0,5423,144,43395
5,43544,209,0.0,5424,144,43400
9,43553,209,0.0,5425,144,43409
10,43563,209,0.0,5426,144,43419
4,43567,209,0.0,5427,144,43423
5,43572,209,0.0,5428,144,43428
10,43582,209,0.0,5429,144,43438
3,43585,209,0.0,5430,144,43441
6,43591,209,0.0,5431,144,43447
10,43601,209,0.0,5432,144,43457
4,43605,209,0.0,5433,144,43461
22,43627,209,0.0,5434,144,43483
3,43630,209,0.0,5435,144,43486
12,43642,209,0.0,5436,144,43498
5,43647,209,0.0,5437,144,43503
7,43654,209,0.0,5438,144,43510
20,43674,209,0.0,5439,144,43530
4,43678,209,0.0,5440,144,43534
4,43682,209,0.0,5441,144,43538
2,43684,209,0.0,5442,144,43540
17,43701,209,0.0,5443,144,43557
12,43713,209,0.0,5444,144,43569
5,43718,209,0.0,5445,144,43574
10,43728,209,0.0,5446,144,43584
2,43730,209,0.0,5447,144,43586
9,43739,209,0.0,5448,144,43595
12,43751,209,0.0,5449,144,43607
8,43759,209,0.0,5450,144,43615
11,43770,209,0.0,5451,144,43626
7,43777,209,0.0,5452,144,43633
6,43783,209,0.0,5453,144,43639
8,43791,209,0.0,5454,144,43647
6,43797,209,0.0,5455,144,43653
20,43817,209,0.0,5456,144,43673
5,43822,209,0.0,5457,144,43678
8,43830,209,0.0,5458,144,43686
16,43846,209,0.0,5459,144,43702
5,43851,209,0.0,5460,144,43707
3,43854,209,0.0,5461,144,43710
11,43865,209,0.0,5462,144,43721
3,43868,209,0.0,5463,144,43724
3,43871,209,0.0,5464,144,43727
17,43888,209,0.0,5465,144,43744
12,43900,209,0.0,5466,144,43756
7,43907,209,0.0,5467,144,43763
4,43911,209,0.0,5468,144,43767
5,43916,209,0.0,5469,144,43772
10,43926,209,0.0,5470,144,43782
13,43939,210,1.0,5471,144,43795
14,43953,210,0.0,5472,144,43809
5,43958,210,0.0,5473,144,43814
10,43968,210,0.0,5474,144,43824
4,43972,210,0.0,5475,144,43828
3,43975,210,0.0,5476,144,43831
10,43985,210,0.0,5477,144,43841
5,43990,210,0.0,5478,144,43846
8,43998,210,0.0,5479,144,43854
5,44003,210,0.0,5480,144,43859
2,44005,210,0.0,5481,144,43861
8,44013,210,0.0,5482,144,43869
4,44017,210,0.0,5483,144,43873
3,44020,210,0.0,5484,144,43876
13,44033,210,0.0,5485,144,43889
9,44042,210,0.0,5486,144,43898
2,44044,210,0.0,5487,144,43900
6,44050,210,0.0,5488,144,43906
7,44057,210,0.0,5489,144,43913
3,44060,210,0.0,5490,144,43916
3,44063,210,0.0,5491,144,43919
6,44069,210,0.0,5492,144,43925
15,44084,210,0.0,5493,144,43940
11,44095,210,0.0,5494,144,43951
5,44100,210,0.0,5495,144,43956
4,44104,210,0.0,5496,144,43960
5,44109,210,0.0,5497,144,43965
3,44112,210,0.0,5498,144,43968
12,44124,210,0.0,5499,144,43980
8,44132,210,0.0,5500,144,43988
4,44136,210,0.0,5501,144,43992
11,44147,210,0.0,5502,144,44003
9,44156,210,0.0,5503,144,44012
3,44159,210,0.0,5504,144,44015
14,44173,210,0.0,5505,144,44029
5,44178,210,0.0,5506,144,44034
2,44180,210,0.0,5507,144,44036
4,44184,210,0.0,5508,144,44040
3,44187,210,0.0,5509,144,44043
2,44189,210,0.0,5510,144,44045
5,44194,210,0.0,5511,144,44050
3,44197,210,0.0,5512,144,44053
8,44205,210,0.0,5513,144,44061
11,44216,210,0.0,5514,144,44072
5,44221,210,0.0,5515,144,44077
12,44233,210,0.0,5516,144,44089
5,44238,210,0.0,5517,144,44094
7,44245,210,0.0,5518,144,44101
11,44256,210,0.0,5519,144,44112
12,44268,210,0.0,5520,144,44124
2,44270,210,0.0,5521,144,44126
5,44275,210,0.0,5522,144,44131
2,44277,210,0.0,5523,144,44133
2,44279,210,0.0,5524,144,44135
2,44281,210,0.0,5525,144,44137
10,44291,210,0.0,5526,144,44147
12,44303,210,0.0,5527,144,44159
3,44306,210,0.0,5528,144,44162
10,44316,210,0.0,5529,144,44172
10,44326,210,0.0,5530,144,44182
15,44341,210,0.0,5531,144,44197
15,44356,210,0.0,5532,144,44212
11,44367,210,0.0,5533,144,44223
3,44370,210,0.0,5534,144,44226
6,44376,210,0.0,5535,144,44232
2,44378,210,0.0,5536,144,44234
7,44385,210,0.0,5537,144,44241
13,44398,211,1.0,5538,144,44254
3,44401,211,0.0,5539,144,44257
10,44411,211,0.0,5540,144,44267
2,44413,211,0.0,5541,144,44269
10,44423,211,0.0,5542,144,44279
3,44426,211,0.0,5543,144,44282
6,44432,211,0.0,5544,144,44288
7,44439,211,0.0,5545,144,44295
11,44450,211,0.0,5546,144,44306
4,44454,211,0.0,5547,144,44310
5,44459,211,0.0,5548,144,44315
6,44465,211,0.0,5549,144,44321
9,44474,211,0.0,5550,144,44330
2,44476,211,0.0,5551,144,44332
6,44482,211,0.0,5552,144,44338
5,44487,211,0.0,5553,144,44343
5,44492,211,0.0,5554,144,44348
3,44495,211,0.0,5555,144,44351
4,44499,211,0.0,5556,144,44355
3,44502,211,0.0,5557,144,44358
6,44508,211,0.0,5558,144,44364
8,44516,211,0.0,5559,144,44372
4,44520,211,0.0,5560,144,44376
8,44528,211,0.0,5561,144,44384
8,44536,211,0.0,5562,144,44392
17,44553,211,0.0,5563,144,44409
13,44566,212,1.0,5564,144,44422
10,44576,212,0.0,5565,144,44432
12,44588,212,0.0,5566,144,44444
2,44590,212,0.0,5567,144,44446
2,44592,212,0.0,5568,144,44448
5,44597,212,0.0,5569,144,44453
9,44606,212,0.0,5570,144,44462
13,44619,212,0.0,5571,144,44475
13,44632,213,1.0,5572,144,44488
2,44634,213,0.0,5573,144,44490
12,44646,213,0.0,5574,144,44502
5,44651,213,0.0,5575,144,44507
5,44656,213,0.0,5576,144,44512
7,44663,213,0.0,5577,144,44519
2,44665,213,0.0,5578,144,44521
4,44669,213,0.0,5579,144,44525
26,44695,213,0.0,5580,144,44551
2,44697,213,0.0,5581,144,44553
9,44706,213,0.0,5582,144,44562
2,44708,213,0.0,5583,144,44564
8,44716,213,0.0,5584,144,44572
9,44725,213,0.0,5585,144,44581
2,44727,213,0.0,5586,144,44583
2,44729,213,0.0,5587,144,44585
7,44736,213,0.0,5588,144,44592
8,44744,213,0.0,5589,144,44600
8,44752,213,0.0,5590,144,44608
17,44769,213,0.0,5591,144,44625
7,44776,213,0.0,5592,144,44632
7,44783,213,0.0,5593,144,44639
15,44798,213,0.0,5594,144,44654
2,44800,213,0.0,5595,144,44656
5,44805,213,0.0,5596,144,44661
12,44817,213,0.0,5597,144,44673
5,44822,213,0.0,5598,144,44678
10,44832,213,0.0,5599,144,44688
8,44840,213,0.0,5600,144,44696
13,44853,213,0.0,5601,144,44709
6,44859,213,0.0,5602,144,44715
4,44863,213,0.0,5603,144,44719
3,44866,213,0.0,5604,144,44722
3,44869,213,0.0,5605,144,44725
18,44887,213,0.0,5606,144,44743
16,44903,213,0.0,5607,144,44759
3,44906,213,0.0,5608,144,44762
15,44921,213,0.0,5609,144,44777
25,44946,213,0.0,5610,144,44802
8,44954,213,0.0,5611,144,44810
3,44957,213,0.0,5612,144,44813
8,44965,213,0.0,5613,144,44821
6,44971,213,0.0,5614,144,44827
9,44980,213,0.0,5615,144,44836
2,44982,213,0.0,5616,144,44838
2,44984,213,0.0,5617,144,44840
3,44987,213,0.0,5618,144,44843
23,45010,213,0.0,5619,144,44866
5,45015,213,0.0,5620,144,44871
5,45020,213,0.0,5621,144,44876
12,45032,213,0.0,5622,144,44888
8,45040,213,0.0,5623,144,44896
2,45042,213,0.0,5624,144,44898
9,45051,213,0.0,5625,144,44907
7,45058,213,0.0,5626,144,44914
7,45065,213,0.0,5627,144,44921
2,45067,213,0.0,5628,144,44923
12,45079,213,0.0,5629,144,44935
4,45083,213,0.0,5630,144,44939
2,45085,213,0.0,5631,144,44941
14,45099,213,0.0,5632,144,44955
10,45109,213,0.0,5633,144,44965
15,45124,213,0.0,5634,144,44980
3,45127,213,0.0,5635,144,44983
8,45135,213,0.0,5636,144,44991
2,45137,213,0.0,5637,144,44993
16,45153,213,0.0,5638,144,45009
20,45173,213,0.0,5639,144,45029
3,45176,213,0.0,5640,144,45032
5,45181,213,0.0,5641,144,45037
15,45196,213,0.0,5642,144,45052
11,45207,213,0.0,5643,144,45063
4,45211,213,0.0,5644,144,45067
13,45224,213,0.0,5645,144,45080
11,45235,213,0.0,5646,144,45091
5,45240,213,0.0,5647,144,45096
21,45261,213,0.0,5648,144,45117
2,45263,213,0.0,5649,144,45119
4,45267,213,0.0,5650,144,45123
15,45282,213,0.0,5651,144,45138
10,45292,213,0.0,5652,144,45148
3,45295,213,0.0,5653,144,45151
9,45304,213,0.0,5654,144,45160
9,45313,213,0.0,5655,144,45169
5,45318,213,0.0,5656,144,45174
6,45324,213,0.0,5657,144,45180
7,45331,213,0.0,5658,144,45187
5,45336,213,0.0,5659,144,45192
6,45342,213,0.0,5660,144,45198
12,45354,213,0.0,5661,144,45210
16,45370,213,0.0,5662,144,45226
25,45395,213,0.0,5663,144,45251
10,45405,213,0.0,5664,144,45261
7,45412,213,0.0,5665,144,45268
16,45428,213,0.0,5666,144,45284
11,45439,213,0.0,5667,144,45295
6,45445,213,0.0,5668,144,45301
4,45449,213,0.0,5669,144,45305
7,45456,213,0.0,5670,144,45312
7,45463,213,0.0,5671,144,45319
11,45474,213,0.0,5672,144,45330
3,45477,213,0.0,5673,144,45333
5,45482,213,0.0,5674,144,45338
2,45484,213,0.0,5675,144,45340
7,45491,213,0.0,5676,144,45347
2,45493,213,0.0,5677,144,45349
2,45495,213,0.0,5678,144,45351
5,45500,213,0.0,5679,144,45356
15,45515,213,0.0,5680,144,45371
3,45518,213,0.0,5681,144,45374
11,45529,213,0.0,5682,144,45385
5,45534,213,0.0,5683,144,45390
10,45544,213,0.0,5684,144,45400
2,45546,213,0.0,5685,144,45402
13,45559,213,0.0,5686,144,45415
12,45571,213,0.0,5687,144,45427
10,45581,213,0.0,5688,144,45437
21,45602,213,0.0,5689,144,45458
11,45613,213,0.0,5690,144,45469
9,45622,213,0.0,5691,144,45478
10,45632,213,0.0,5692,144,45488
2,45634,213,0.0,5693,144,45490
4,45638,213,0.0,5694,144,45494
4,45642,213,0.0,5695,144,45498
12,45654,213,0.0,5696,144,45510
4,45658,213,0.0,5697,144,45514
4,45662,213,0.0,5698,144,45518
4,45666,213,0.0,5699,144,45522
2,45668,213,0.0,5700,144,45524
6,45674,213,0.0,5701,144,45530
28,45702,213,0.0,5702,144,45558
7,45709,213,0.0,5703,144,45565
3,45712,213,0.0,5704,144,45568
3,45715,213,0.0,5705,144,45571
5,45720,213,0.0,5706,144,45576
7,45727,213,0.0,5707,144,45583
2,45729,213,0.0,5708,144,45585
13,45742,214,1.0,5709,144,45598
7,45749,214,0.0,5710,144,45605
3,45752,214,0.0,5711,144,45608
3,45755,214,0.0,5712,144,45611
11,45766,214,0.0,5713,144,45622
9,45775,214,0.0,5714,144,45631
5,45780,214,0.0,5715,144,45636
7,45787,214,0.0,5716,144,45643
16,45803,214,0.0,5717,144,45659
10,45813,214,0.0,5718,144,45669
3,45816,214,0.0,5719,144,45672
5,45821,214,0.0,5720,144,45677
3,45824,214,0.0,5721,144,45680
2,45826,214,0.0,5722,144,45682
4,45830,214,0.0,5723,144,45686
10,45840,214,0.0,5724,144,45696
16,45856,214,0.0,5725,144,45712
5,45861,214,0.0,5726,144,45717
3,45864,214,0.0,5727,144,45720
21,45885,214,0.0,5728,144,45741
13,45898,214,0.0,5729,144,45754
11,45909,214,0.0,5730,144,45765
12,45921,214,0.0,5731,144,45777
4,45925,214,0.0,5732,144,45781
2,45927,214,0.0,5733,144,45783
2,45929,214,0.0,5734,144,45785
12,45941,214,0.0,5735,144,45797
14,45955,214,0.0,5736,144,45811
7,45962,214,0.0,5737,144,45818
2,45964,214,0.0,5738,144,45820
12,45976,214,0.0,5739,144,45832
12,45988,214,0.0,5740,144,45844
13,46001,215,1.0,5741,144,45857
13,46014,215,0.0,5742,144,45870
6,46020,215,0.0,5743,144,45876
2,46022,215,0.0,5744,144,45878
7,46029,215,0.0,5745,144,45885
25,46054,215,0.0,5746,144,45910
2,46056,215,0.0,5747,144,45912
11,46067,215,0.0,5748,144,45923
5,46072,215,0.0,5749,144,45928
16,46088,215,0.0,5750,144,45944
3,46091,215,0.0,5751,144,45947
6,46097,215,0.0,5752,144,45953
11,46108,215,0.0,5753,144,45964
8,46116,215,0.0,5754,144,45972
3,46119,215,0.0,5755,144,45975
6,46125,215,0.0,5756,144,45981
7,46132,215,0.0,5757,144,45988
6,46138,215,0.0,5758,144,45994
21,46159,215,0.0,5759,144,46015
21,46180,215,0.0,5760,144,46036
4,46184,215,0.0,5761,144,46040
12,46196,215,0.0,5762,144,46052
6,46202,215,0.0,5763,144,46058
5,46207,215,0.0,5764,144,46063
2,46209,215,0.0,5765,144,46065
26,46235,215,0.0,5766,144,46091
6,46241,215,0.0,5767,144,46097
4,46245,215,0.0,5768,144,46101
12,46257,215,0.0,5769,144,46113
6,46263,215,0.0,5770,144,46119
2,46265,215,0.0,5771,144,46121
6,46271,215,0.0,5772,144,46127
5,46276,215,0.0,5773,144,46132
9,46285,215,0.0,5774,144,46141
2,46287,215,0.0,5775,144,46143
4,46291,215,0.0,5776,144,46147
2,46293,215,0.0,5777,144,46149
8,46301,215,0.0,5778,144,46157
3,46304,215,0.0,5779,144,46160
8,46312,215,0.0,5780,144,46168
14,46326,216,1.0,5781,144,46182
11,46337,216,0.0,5782,144,46193
11,46348,216,0.0,5783,144,46204
4,46352,216,0.0,5784,144,46208
20,46372,216,0.0,5785,144,46228
11,46383,216,0.0,5786,144,46239
9,46392,216,0.0,5787,144,46248
6,46398,216,0.0,5788,144,46254
15,46413,216,0.0,5789,144,46269
14,46427,216,0.0,5790,144,46283
7,46434,216,0.0,5791,144,46290
4,46438,216,0.0,5792,144,46294
4,46442,216,0.0,5793,144,46298
14,46456,216,0.0,5794,144,46312
18,46474,216,0.0,5795,144,46330
8,46482,216,0.0,5796,144,46338
9,46491,216,0.0,5797,144,46347
5,46496,216,0.0,5798,144,46352
9,46505,216,0.0,5799,144,46361
7,46512,216,0.0,5800,144,46368
4,46516,216,0.0,5801,144,46372
12,46528,216,0.0,5802,144,46384
12,46540,216,0.0,5803,144,46396
9,46549,216,0.0,5804,144,46405
13,46562,217,1.0,5805,144,46418
9,46571,217,0.0,5806,144,46427
17,46588,217,0.0,5807,144,46444
4,46592,217,0.0,5808,144,46448
5,46597,217,0.0,5809,144,46453
9,46606,217,0.0,5810,144,46462
2,46608,217,0.0,5811,144,46464
13,46621,217,0.0,5812,144,46477
11,46632,217,0.0,5813,144,46488
5,46637,217,0.0,5814,144,46493
30,46667,217,0.0,5815,144,46523
3,46670,217,0.0,5816,144,46526
18,46688,218,1.0,5817,144,46544
2,46690,218,0.0,5818,144,46546
2,46692,218,0.0,5819,144,46548
8,46700,218,0.0,5820,144,46556
13,46713,219,1.0,5821,144,46569
5,46718,219,0.0,5822,144,46574
7,46725,219,0.0,5823,144,46581
13,46738,219,0.0,5824,144,46594
14,46752,219,0.0,5825,144,46608
8,46760,219,0.0,5826,144,46616
9,46769,219,0.0,5827,144,46625
32,46801,219,0.0,5828,144,46657
8,46809,219,0.0,5829,144,46665
15,46824,219,0.0,5830,144,46680
6,46830,219,0.0,5831,144,46686
4,46834,219,0.0,5832,144,46690
7,46841,219,0.0,5833,144,46697
6,46847,219,0.0,5834,144,46703
10,46857,219,0.0,5835,144,46713
4,46861,219,0.0,5836,144,46717
2,46863,219,0.0,5837,144,46719
4,46867,219,0.0,5838,144,46723
10,46877,219,0.0,5839,144,46733
12,46889,219,0.0,5840,144,46745
3,46892,219,0.0,5841,144,46748
3,46895,219,0.0,5842,144,46751
3,46898,219,0.0,5843,144,46754
6,46904,219,0.0,5844,144,46760
3,46907,219,0.0,5845,144,46763
3,46910,219,0.0,5846,144,46766
6,46916,219,0.0,5847,144,46772
14,46930,219,0.0,5848,144,46786
10,46940,219,0.0,5849,144,46796
2,46942,219,0.0,5850,144,46798
4,46946,219,0.0,5851,144,46802
9,46955,219,0.0,5852,144,46811
2,46957,219,0.0,5853,144,46813
11,46968,219,0.0,5854,144,46824
15,46983,220,1.0,5855,144,46839
5,46988,220,0.0,5856,144,46844
4,46992,220,0.0,5857,144,46848
5,46997,220,0.0,5858,144,46853
7,47004,220,0.0,5859,144,46860
5,47009,220,0.0,5860,144,46865
2,47011,220,0.0,5861,144,46867
3,47014,220,0.0,5862,144,46870
2,47016,220,0.0,5863,144,46872
12,47028,220,0.0,5864,144,46884
10,47038,220,0.0,5865,144,46894
15,47053,220,0.0,5866,144,46909
2,47055,220,0.0,5867,144,46911
9,47064,220,0.0,5868,144,46920
8,47072,220,0.0,5869,144,46928
7,47079,220,0.0,5870,144,46935
4,47083,220,0.0,5871,144,46939
17,47100,220,0.0,5872,144,46956
8,47108,220,0.0,5873,144,46964
2,47110,220,0.0,5874,144,46966
2,47112,220,0.0,5875,144,46968
16,47128,220,0.0,5876,144,46984
4,47132,220,0.0,5877,144,46988
8,47140,220,0.0,5878,144,46996
6,47146,220,0.0,5879,144,47002
19,47165,220,0.0,5880,144,47021
15,47180,221,1.0,5881,144,47036
5,47185,221,0.0,5882,144,47041
2,47187,221,0.0,5883,144,47043
2,47189,221,0.0,5884,144,47045
8,47197,221,0.0,5885,144,47053
7,47204,221,0.0,5886,144,47060
2,47206,221,0.0,5887,144,47062
6,47212,221,0.0,5888,144,47068
2,47214,221,0.0,5889,144,47070
5,47219,221,0.0,5890,144,47075
15,47234,221,0.0,5891,144,47090
4,47238,221,0.0,5892,144,47094
2,47240,221,0.0,5893,144,47096
10,47250,221,0.0,5894,144,47106
3,47253,221,0.0,5895,144,47109
11,47264,221,0.0,5896,144,47120
4,47268,221,0.0,5897,144,47124
12,47280,221,0.0,5898,144,47136
3,47283,221,0.0,5899,144,47139
2,47285,221,0.0,5900,144,47141
3,47288,221,0.0,5901,144,47144
9,47297,221,0.0,5902,144,47153
12,47309,221,0.0,5903,144,47165
16,47325,221,0.0,5904,144,47181
6,47331,221,0.0,5905,144,47187
4,47335,221,0.0,5906,144,47191
13,47348,221,0.0,5907,144,47204
9,47357,221,0.0,5908,144,47213
22,47379,221,0.0,5909,144,47235
13,47392,222,1.0,5910,144,47248
5,47397,222,0.0,5911,144,47253
8,47405,222,0.0,5912,144,47261
9,47414,222,0.0,5913,144,47270
8,47422,222,0.0,5914,144,47278
2,47424,222,0.0,5915,144,47280
9,47433,222,0.0,5916,144,47289
3,47436,222,0.0,5917,144,47292
14,47450,223,1.0,5918,144,47306
7,47457,223,0.0,5919,144,47313
8,47465,223,0.0,5920,144,47321
5,47470,223,0.0,5921,144,47326
6,47476,223,0.0,5922,144,47332
2,47478,223,0.0,5923,144,47334
8,47486,223,0.0,5924,144,47342
9,47495,223,0.0,5925,144,47351
11,47506,223,0.0,5926,144,47362
18,47524,223,0.0,5927,144,47380
2,47526,223,0.0,5928,144,47382
12,47538,223,0.0,5929,144,47394
5,47543,223,0.0,5930,144,47399
2,47545,223,0.0,5931,144,47401
3,47548,223,0.0,5932,144,47404
3,47551,223,0.0,5933,144,47407
7,47558,223,0.0,5934,144,47414
5,47563,223,0.0,5935,144,47419
5,47568,223,0.0,5936,144,47424
5,47573,223,0.0,5937,144,47429
12,47585,223,0.0,5938,144,47441
5,47590,223,0.0,5939,144,47446
25,47615,223,0.0,5940,144,47471
3,47618,223,0.0,5941,144,47474
13,47631,223,0.0,5942,144,47487
13,47644,224,1.0,5943,144,47500
19,47663,224,0.0,5944,144,47519
5,47668,224,0.0,5945,144,47524
5,47673,224,0.0,5946,144,47529
6,47679,224,0.0,5947,144,47535
9,47688,224,0.0,5948,144,47544
2,47690,224,0.0,5949,144,47546
8,47698,224,0.0,5950,144,47554
4,47702,224,0.0,5951,144,47558
8,47710,224,0.0,5952,144,47566
6,47716,224,0.0,5953,144,47572
2,47718,224,0.0,5954,144,47574
3,47721,224,0.0,5955,144,47577
2,47723,224,0.0,5956,144,47579
9,47732,224,0.0,5957,144,47588
10,47742,224,0.0,5958,144,47598
11,47753,224,0.0,5959,144,47609
2,47755,224,0.0,5960,144,47611
8,47763,224,0.0,5961,144,47619
4,47767,224,0.0,5962,144,47623
3,47770,224,0.0,5963,144,47626
16,47786,224,0.0,5964,144,47642
5,47791,224,0.0,5965,144,47647
6,47797,224,0.0,5966,144,47653
4,47801,224,0.0,5967,144,47657
5,47806,224,0.0,5968,144,47662
11,47817,224,0.0,5969,144,47673
6,47823,224,0.0,5970,144,47679
11,47834,224,0.0,5971,144,47690
4,47838,224,0.0,5972,144,47694
13,47851,225,1.0,5973,144,47707
14,47865,225,0.0,5974,144,47721
5,47870,225,0.0,5975,144,47726
23,47893,225,0.0,5976,144,47749
7,47900,225,0.0,5977,144,47756
11,47911,225,0.0,5978,144,47767
6,47917,225,0.0,5979,144,47773
25,47942,225,0.0,5980,144,47798
3,47945,225,0.0,5981,144,47801
9,47954,225,0.0,5982,144,47810
14,47968,225,0.0,5983,144,47824
2,47970,225,0.0,5984,144,47826
6,47976,225,0.0,5985,144,47832
6,47982,225,0.0,5986,144,47838
20,48002,225,0.0,5987,144,47858
8,48010,225,0.0,5988,144,47866
6,48016,225,0.0,5989,144,47872
7,48023,225,0.0,5990,144,47879
4,48027,225,0.0,5991,144,47883
3,48030,225,0.0,5992,144,47886
9,48039,225,0.0,5993,144,47895
3,48042,225,0.0,5994,144,47898
10,48052,225,0.0,5995,144,47908
8,48060,225,0.0,5996,144,47916
2,48062,225,0.0,5997,144,47918
6,48068,225,0.0,5998,144,47924
5,48073,225,0.0,5999,144,47929
3,48076,225,0.0,6000,144,47932
6,48082,225,0.0,6001,144,47938
2,48084,225,0.0,6002,144,47940
3,48087,225,0.0,6003,144,47943
4,48091,225,0.0,6004,144,47947
23,48114,225,0.0,6005,144,47970
2,48116,225,0.0,6006,144,47972
5,48121,225,0.0,6007,144,47977
6,48127,225,0.0,6008,144,47983
12,48139,225,0.0,6009,144,47995
13,48152,226,1.0,6010,144,48008
6,48158,226,0.0,6011,144,48014
15,48173,226,0.0,6012,144,48029
9,48182,226,0.0,6013,144,48038
4,48186,226,0.0,6014,144,48042
2,48188,226,0.0,6015,144,48044
5,48193,226,0.0,6016,144,48049
2,48195,226,0.0,6017,144,48051
3,48198,226,0.0,6018,144,48054
12,48210,226,0.0,6019,144,48066
2,48212,226,0.0,6020,144,48068
2,48214,226,0.0,6021,144,48070
7,48221,226,0.0,6022,144,48077
5,48226,226,0.0,6023,144,48082
3,48229,226,0.0,6024,144,48085
5,48234,226,0.0,6025,144,48090
2,48236,226,0.0,6026,144,48092
10,48246,226,0.0,6027,144,48102
5,48251,226,0.0,6028,144,48107
19,48270,226,0.0,6029,144,48126
2,48272,226,0.0,6030,144,48128
5,48277,226,0.0,6031,144,48133
3,48280,226,0.0,6032,144,48136
6,48286,226,0.0,6033,144,48142
7,48293,226,0.0,6034,144,48149
12,48305,226,0.0,6035,144,48161
3,48308,226,0.0,6036,144,48164
4,48312,226,0.0,6037,144,48168
7,48319,226,0.0,6038,144,48175
3,48322,226,0.0,6039,144,48178
8,48330,226,0.0,6040,144,48186
2,48332,226,0.0,6041,144,48188
11,48343,226,0.0,6042,144,48199
3,48346,226,0.0,6043,144,48202
7,48353,226,0.0,6044,144,48209
19,48372,226,0.0,6045,144,48228
15,48387,227,1.0,6046,144,48243
12,48399,227,0.0,6047,144,48255
4,48403,227,0.0,6048,144,48259
2,48405,227,0.0,6049,144,48261
13,48418,227,0.0,6050,144,48274
12,48430,227,0.0,6051,144,48286
10,48440,227,0.0,6052,144,48296
7,48447,227,0.0,6053,144,48303
3,48450,227,0.0,6054,144,48306
3,48453,227,0.0,6055,144,48309
4,48457,227,0.0,6056,144,48313
2,48459,227,0.0,6057,144,48315
16,48475,227,0.0,6058,144,48331
6,48481,227,0.0,6059,144,48337
3,48484,227,0.0,6060,144,48340
7,48491,227,0.0,6061,144,48347
4,48495,227,0.0,6062,144,48351
37,48532,227,0.0,6063,144,48388
3,48535,227,0.0,6064,144,48391
4,48539,227,0.0,6065,144,48395
6,48545,227,0.0,6066,144,48401
5,48550,227,0.0,6067,144,48406
3,48553,227,0.0,6068,144,48409
3,48556,227,0.0,6069,144,48412
5,48561,227,0.0,6070,144,48417
13,48574,227,0.0,6071,144,48430
7,48581,227,0.0,6072,144,48437
17,48598,227,0.0,6073,144,48454
18,48616,228,1.0,6074,144,48472
2,48618,228,0.0,6075,144,48474
6,48624,228,0.0,6076,144,48480
27,48651,228,0.0,6077,144,48507
3,48654,228,0.0,6078,144,48510
4,48658,228,0.0,6079,144,48514
12,48670,228,0.0,6080,144,48526
6,48676,228,0.0,6081,144,48532
15,48691,228,0.0,6082,144,48547
5,48696,228,0.0,6083,144,48552
5,48701,228,0.0,6084,145,48556
2,48703,228,0.0,6085,145,48558
13,48716,228,0.0,6086,145,48571
5,48721,228,0.0,6087,145,48576
3,48724,228,0.0,6088,145,48579
7,48731,228,0.0,6089,145,48586
12,48743,228,0.0,6090,145,48598
13,48756,229,1.0,6091,145,48611
5,48761,229,0.0,6092,145,48616
6,48767,229,0.0,6093,145,48622
11,48778,229,0.0,6094,145,48633
12,48790,229,0.0,6095,145,48645
13,48803,229,0.0,6096,145,48658
5,48808,229,0.0,6097,145,48663
2,48810,229,0.0,6098,145,48665
7,48817,229,0.0,6099,145,48672
11,48828,229,0.0,6100,145,48683
12,48840,229,0.0,6101,145,48695
46,48886,229,0.0,6102,145,48741
7,48893,229,0.0,6103,145,48748
2,48895,229,0.0,6104,145,48750
2,48897,229,0.0,6105,145,48752
6,48903,229,0.0,6106,145,48758
3,48906,229,0.0,6107,145,48761
7,48913,229,0.0,6108,145,48768
3,48916,229,0.0,6109,145,48771
11,48927,229,0.0,6110,145,48782
9,48936,229,0.0,6111,145,48791
5,48941,229,0.0,6112,145,48796
4,48945,229,0.0,6113,145,48800
10,48955,229,0.0,6114,145,48810
13,48968,229,0.0,6115,145,48823
9,48977,229,0.0,6116,145,48832
3,48980,229,0.0,6117,145,48835
7,48987,229,0.0,6118,145,48842
16,49003,229,0.0,6119,145,48858
8,49011,229,0.0,6120,145,48866
5,49016,229,0.0,6121,145,48871
6,49022,229,0.0,6122,145,48877
7,49029,229,0.0,6123,145,48884
8,49037,229,0.0,6124,145,48892
4,49041,229,0.0,6125,145,48896
4,49045,229,0.0,6126,145,48900
8,49053,229,0.0,6127,145,48908
4,49057,229,0.0,6128,145,48912
13,49070,230,1.0,6129,145,48925
36,49106,230,0.0,6130,145,48961
3,49109,230,0.0,6131,145,48964
10,49119,230,0.0,6132,145,48974
6,49125,230,0.0,6133,145,48980
2,49127,230,0.0,6134,145,48982
11,49138,230,0.0,6135,145,48993
7,49145,230,0.0,6136,145,49000
5,49150,230,0.0,6137,145,49005
2,49152,230,0.0,6138,145,49007
3,49155,230,0.0,6139,145,49010
7,49162,230,0.0,6140,145,49017
8,49170,230,0.0,6141,145,49025
13,49183,231,1.0,6142,145,49038
7,49190,231,0.0,6143,145,49045
6,49196,231,0.0,6144,145,49051
15,49211,231,0.0,6145,145,49066
4,49215,231,0.0,6146,145,49070
3,49218,231,0.0,6147,145,49073
12,49230,231,0.0,6148,145,49085
5,49235,231,0.0,6149,145,49090
6,49241,231,0.0,6150,145,49096
11,49252,231,0.0,6151,145,49107
3,49255,231,0.0,6152,145,49110
12,49267,231,0.0,6153,145,49122
16,49283,231,0.0,6154,145,49138
5,49288,231,0.0,6155,145,49143
26,49314,231,0.0,6156,145,49169
2,49316,231,0.0,6157,145,49171
10,49326,231,0.0,6158,145,49181
18,49344,231,0.0,6159,145,49199
5,49349,231,0.0,6160,145,49204
9,49358,231,0.0,6161,145,49213
3,49361,231,0.0,6162,145,49216
3,49364,231,0.0,6163,145,49219
5,49369,231,0.0,6164,145,49224
2,49371,231,0.0,6165,145,49226
10,49381,231,0.0,6166,145,49236
3,49384,231,0.0,6167,145,49239
9,49393,231,0.0,6168,145,49248
20,49413,231,0.0,6169,145,49268
6,49419,231,0.0,6170,145,49274
5,49424,231,0.0,6171,145,49279
4,49428,231,0.0,6172,145,49283
16,49444,231,0.0,6173,145,49299
4,49448,231,0.0,6174,145,49303
5,49453,231,0.0,6175,145,49308
8,49461,231,0.0,6176,145,49316
13,49474,232,1.0,6177,145,49329
5,49479,232,0.0,6178,145,49334
12,49491,232,0.0,6179,145,49346
3,49494,232,0.0,6180,145,49349
3,49497,232,0.0,6181,145,49352
6,49503,232,0.0,6182,145,49358
3,49506,232,0.0,6183,145,49361
7,49513,232,0.0,6184,145,49368
3,49516,232,0.0,6185,145,49371
7,49523,232,0.0,6186,145,49378
5,49528,232,0.0,6187,145,49383
5,49533,232,0.0,6188,145,49388
14,49547,233,1.0,6189,145,49402
7,49554,233,0.0,6190,145,49409
2,49556,233,0.0,6191,145,49411
2,49558,233,0.0,6192,145,49413
14,49572,233,0.0,6193,145,49427
10,49582,233,0.0,6194,145,49437
4,49586,233,0.0,6195,145,49441
3,49589,233,0.0,6196,145,49444
6,49595,233,0.0,6197,145,49450
9,49604,233,0.0,6198,145,49459
4,49608,233,0.0,6199,145,49463
2,49610,233,0.0,6200,145,49465
2,49612,233,0.0,6201,145,49467
4,49616,233,0.0,6202,145,49471
7,49623,233,0.0,6203,145,49478
5,49628,233,0.0,6204,145,49483
12,49640,233,0.0,6205,145,49495
3,49643,233,0.0,6206,145,49498
9,49652,233,0.0,6207,145,49507
4,49656,233,0.0,6208,145,49511
6,49662,233,0.0,6209,145,49517
17,49679,233,0.0,6210,145,49534
3,49682,233,0.0,6211,145,49537
2,49684,233,0.0,6212,145,49539
13,49697,233,0.0,6213,145,49552
6,49703,233,0.0,6214,145,49558
17,49720,233,0.0,6215,145,49575
8,49728,233,0.0,6216,145,49583
5,49733,233,0.0,6217,145,49588
8,49741,233,0.0,6218,145,49596
4,49745,233,0.0,6219,145,49600
10,49755,233,0.0,6220,145,49610
3,49758,233,0.0,6221,145,49613
4,49762,233,0.0,6222,145,49617
17,49779,233,0.0,6223,145,49634
11,49790,233,0.0,6224,145,49645
11,49801,233,0.0,6225,145,49656
13,49814,234,1.0,6226,145,49669
4,49818,234,0.0,6227,145,49673
3,49821,234,0.0,6228,145,49676
12,49833,234,0.0,6229,145,49688
4,49837,234,0.0,6230,145,49692
6,49843,234,0.0,6231,145,49698
11,49854,234,0.0,6232,145,49709
21,49875,234,0.0,6233,145,49730
11,49886,234,0.0,6234,145,49741
4,49890,234,0.0,6235,145,49745
2,49892,234,0.0,6236,145,49747
6,49898,234,0.0,6237,145,49753
7,49905,234,0.0,6238,145,49760
3,49908,234,0.0,6239,145,49763
12,49920,234,0.0,6240,145,49775
7,49927,234,0.0,6241,145,49782
2,49929,234,0.0,6242,145,49784
5,49934,234,0.0,6243,145,49789
5,49939,234,0.0,6244,145,49794
4,49943,234,0.0,6245,145,49798
9,49952,234,0.0,6246,145,49807
4,49956,234,0.0,6247,145,49811
3,49959,234,0.0,6248,145,49814
11,49970,234,0.0,6249,145,49825
4,49974,234,0.0,6250,145,49829
5,49979,234,0.0,6251,145,49834
23,50002,234,0.0,6252,145,49857
7,50009,234,0.0,6253,145,49864
6,50015,234,0.0,6254,145,49870
2,50017,234,0.0,6255,145,49872
6,50023,234,0.0,6256,145,49878
13,50036,235,1.0,6257,145,49891
2,50038,235,0.0,6258,145,49893
13,50051,235,0.0,6259,145,49906
13,50064,235,0.0,6260,145,49919
8,50072,235,0.0,6261,145,49927
5,50077,235,0.0,6262,145,49932
7,50084,235,0.0,6263,145,49939
11,50095,235,0.0,6264,145,49950
14,50109,235,0.0,6265,145,49964
5,50114,235,0.0,6266,145,49969
12,50126,235,0.0,6267,145,49981
10,50136,235,0.0,6268,145,49991
2,50138,235,0.0,6269,145,49993
12,50150,235,0.0,6270,145,50005
14,50164,235,0.0,6271,145,50019
3,50167,235,0.0,6272,145,50022
2,50169,235,0.0,6273,145,50024
3,50172,235,0.0,6274,145,50027
7,50179,235,0.0,6275,145,50034
7,50186,235,0.0,6276,145,50041
6,50192,235,0.0,6277,145,50047
3,50195,235,0.0,6278,145,50050
14,50209,235,0.0,6279,145,50064
4,50213,235,0.0,6280,145,50068
7,50220,235,0.0,6281,145,50075
2,50222,235,0.0,6282,145,50077
10,50232,235,0.0,6283,145,50087
10,50242,235,0.0,6284,145,50097
3,50245,235,0.0,6285,145,50100
2,50247,235,0.0,6286,145,50102
11,50258,235,0.0,6287,145,50113
16,50274,235,0.0,6288,145,50129
2,50276,235,0.0,6289,145,50131
7,50283,235,0.0,6290,145,50138
4,50287,235,0.0,6291,145,50142
15,50302,236,1.0,6292,145,50157
3,50305,236,0.0,6293,145,50160
6,50311,236,0.0,6294,145,50166
13,50324,236,0.0,6295,145,50179
9,50333,236,0.0,6296,145,50188
9,50342,236,0.0,6297,145,50197
14,50356,236,0.0,6298,145,50211
2,50358,236,0.0,6299,145,50213
10,50368,236,0.0,6300,145,50223
3,50371,236,0.0,6301,145,50226
12,50383,236,0.0,6302,145,50238
13,50396,236,0.0,6303,145,50251
4,50400,236,0.0,6304,145,50255
2,50402,236,0.0,6305,145,50257
2,50404,236,0.0,6306,145,50259
3,50407,236,0.0,6307,145,50262
23,50430,236,0.0,6308,145,50285
7,50437,236,0.0,6309,145,50292
7,50444,236,0.0,6310,145,50299
4,50448,236,0.0,6311,145,50303
39,50487,236,0.0,6312,145,50342
17,50504,236,0.0,6313,145,50359
16,50520,236,0.0,6314,145,50375
2,50522,236,0.0,6315,145,50377
2,50524,236,0.0,6316,145,50379
8,50532,236,0.0,6317,145,50387
12,50544,236,0.0,6318,145,50399
8,50552,236,0.0,6319,145,50407
6,50558,236,0.0,6320,145,50413
2,50560,236,0.0,6321,145,50415
6,50566,236,0.0,6322,145,50421
4,50570,236,0.0,6323,145,50425
4,50574,236,0.0,6324,145,50429
4,50578,236,0.0,6325,145,50433
4,50582,236,0.0,6326,145,50437
5,50587,236,0.0,6327,145,50442
13,50600,236,0.0,6328,145,50455
4,50604,236,0.0,6329,145,50459
3,50607,236,0.0,6330,145,50462
3,50610,236,0.0,6331,145,50465
3,50613,236,0.0,6332,145,50468
20,50633,236,0.0,6333,145,50488
4,50637,236,0.0,6334,145,50492
5,50642,236,0.0,6335,145,50497
15,50657,236,0.0,6336,145,50512
5,50662,236,0.0,6337,145,50517
5,50667,236,0.0,6338,145,50522
5,50672,236,0.0,6339,145,50527
5,50677,236,0.0,6340,145,50532
18,50695,236,0.0,6341,145,50550
26,50721,236,0.0,6342,145,50576
3,50724,236,0.0,6343,145,50579
6,50730,236,0.0,6344,145,50585
4,50734,236,0.0,6345,145,50589
12,50746,236,0.0,6346,145,50601
11,50757,236,0.0,6347,145,50612
3,50760,236,0.0,6348,145,50615
16,50776,236,0.0,6349,145,50631
2,50778,236,0.0,6350,145,50633
7,50785,236,0.0,6351,145,50640
3,50788,236,0.0,6352,145,50643
9,50797,236,0.0,6353,145,50652
13,50810,237,1.0,6354,145,50665
12,50822,237,0.0,6355,145,50677
5,50827,237,0.0,6356,145,50682
3,50830,237,0.0,6357,145,50685
7,50837,237,0.0,6358,145,50692
2,50839,237,0.0,6359,145,50694
12,50851,237,0.0,6360,145,50706
4,50855,237,0.0,6361,145,50710
10,50865,237,0.0,6362,145,50720
2,50867,237,0.0,6363,145,50722
5,50872,237,0.0,6364,145,50727
5,50877,237,0.0,6365,145,50732
5,50882,237,0.0,6366,145,50737
10,50892,237,0.0,6367,145,50747
18,50910,237,0.0,6368,145,50765
2,50912,237,0.0,6369,145,50767
18,50930,237,0.0,6370,145,50785
7,50937,237,0.0,6371,145,50792
3,50940,237,0.0,6372,145,50795
8,50948,237,0.0,6373,145,50803
5,50953,237,0.0,6374,145,50808
4,50957,237,0.0,6375,145,50812
2,50959,237,0.0,6376,145,50814
5,50964,237,0.0,6377,145,50819
12,50976,237,0.0,6378,145,50831
12,50988,237,0.0,6379,145,50843
5,50993,237,0.0,6380,145,50848
11,51004,237,0.0,6381,145,50859
12,51016,237,0.0,6382,145,50871
5,51021,237,0.0,6383,145,50876
2,51023,237,0.0,6384,145,50878
2,51025,237,0.0,6385,145,50880
5,51030,237,0.0,6386,145,50885
14,51044,237,0.0,6387,145,50899
3,51047,237,0.0,6388,145,50902
12,51059,237,0.0,6389,145,50914
4,51063,237,0.0,6390,145,50918
19,51082,237,0.0,6391,145,50937
12,51094,237,0.0,6392,145,50949
2,51096,237,0.0,6393,145,50951
12,51108,237,0.0,6394,145,50963
14,51122,237,0.0,6395,145,50977
10,51132,237,0.0,6396,145,50987
18,51150,237,0.0,6397,145,51005
19,51169,237,0.0,6398,145,51024
8,51177,237,0.0,6399,145,51032
10,51187,237,0.0,6400,145,51042
19,51206,237,0.0,6401,145,51061
3,51209,237,0.0,6402,145,51064
18,51227,237,0.0,6403,145,51082
14,51241,237,0.0,6404,145,51096
10,51251,237,0.0,6405,145,51106
4,51255,237,0.0,6406,145,51110
2,51257,237,0.0,6407,145,51112
5,51262,237,0.0,6408,145,51117
3,51265,237,0.0,6409,145,51120
4,51269,237,0.0,6410,145,51124
6,51275,237,0.0,6411,145,51130
13,51288,238,1.0,6412,145,51143
43,51331,238,0.0,6413,145,51186
8,51339,238,0.0,6414,145,51194
4,51343,238,0.0,6415,145,51198
6,51349,238,0.0,6416,145,51204
13,51362,239,1.0,6417,145,51217
3,51365,239,0.0,6418,145,51220
11,51376,239,0.0,6419,145,51231
3,51379,239,0.0,6420,145,51234
4,51383,239,0.0,6421,145,51238
14,51397,239,0.0,6422,145,51252
6,51403,239,0.0,6423,145,51258
5,51408,239,0.0,6424,145,51263
6,51414,239,0.0,6425,145,51269
7,51421,239,0.0,6426,145,51276
4,51425,239,0.0,6427,145,51280
4,51429,239,0.0,6428,145,51284
7,51436,239,0.0,6429,145,51291
2,51438,239,0.0,6430,145,51293
11,51449,239,0.0,6431,145,51304
11,51460,239,0.0,6432,145,51315
14,51474,240,1.0,6433,145,51329
2,51476,240,0.0,6434,145,51331
4,51480,240,0.0,6435,145,51335
5,51485,240,0.0,6436,145,51340
17,51502,240,0.0,6437,145,51357
7,51509,240,0.0,6438,145,51364
13,51522,241,1.0,6439,145,51377
14,51536,241,0.0,6440,145,51391
4,51540,241,0.0,6441,145,51395
10,51550,241,0.0,6442,145,51405
3,51553,241,0.0,6443,145,51408
6,51559,241,0.0,6444,145,51414
22,51581,241,0.0,6445,145,51436
5,51586,241,0.0,6446,145,51441
5,51591,241,0.0,6447,145,51446
28,51619,241,0.0,6448,145,51474
4,51623,241,0.0,6449,145,51478
25,51648,241,0.0,6450,145,51503
2,51650,241,0.0,6451,145,51505
3,51653,241,0.0,6452,145,51508
2,51655,241,0.0,6453,145,51510
10,51665,241,0.0,6454,145,51520
2,51667,241,0.0,6455,145,51522
2,51669,241,0.0,6456,145,51524
12,51681,241,0.0,6457,145,51536
3,51684,241,0.0,6458,145,51539
4,51688,241,0.0,6459,145,51543
5,51693,241,0.0,6460,145,51548
2,51695,241,0.0,6461,145,51550
10,51705,241,0.0,6462,145,51560
4,51709,241,0.0,6463,145,51564
13,51722,242,1.0,6464,145,51577
13,51735,243,1.0,6465,145,51590
5,51740,243,0.0,6466,145,51595
5,51745,243,0.0,6467,145,51600
5,51750,243,0.0,6468,145,51605
15,51765,243,0.0,6469,145,51620
10,51775,243,0.0,6470,145,51630
3,51778,243,0.0,6471,145,51633
5,51783,243,0.0,6472,145,51638
13,51796,244,1.0,6473,145,51651
14,51810,244,0.0,6474,145,51665
10,51820,244,0.0,6475,145,51675
7,51827,244,0.0,6476,145,51682
2,51829,244,0.0,6477,145,51684
7,51836,244,0.0,6478,145,51691
6,51842,244,0.0,6479,145,51697
9,51851,244,0.0,6480,145,51706
5,51856,244,0.0,6481,145,51711
20,51876,244,0.0,6482,145,51731
12,51888,244,0.0,6483,145,51743
2,51890,244,0.0,6484,145,51745
6,51896,244,0.0,6485,145,51751
5,51901,244,0.0,6486,145,51756
10,51911,244,0.0,6487,145,51766
10,51921,244,0.0,6488,145,51776
16,51937,244,0.0,6489,145,51792
16,51953,244,0.0,6490,145,51808
7,51960,244,0.0,6491,145,51815
5,51965,244,0.0,6492,145,51820
4,51969,244,0.0,6493,145,51824
4,51973,244,0.0,6494,145,51828
3,51976,244,0.0,6495,145,51831
6,51982,244,0.0,6496,145,51837
30,52012,244,0.0,6497,145,51867
3,52015,244,0.0,6498,145,51870
2,52017,244,0.0,6499,145,51872
9,52026,244,0.0,6500,145,51881
11,52037,244,0.0,6501,145,51892
3,52040,244,0.0,6502,145,51895
2,52042,244,0.0,6503,145,51897
6,52048,244,0.0,6504,145,51903
12,52060,244,0.0,6505,145,51915
5,52065,244,0.0,6506,145,51920
27,52092,244,0.0,6507,145,51947
27,52119,244,0.0,6508,145,51974
6,52125,244,0.0,6509,145,51980
20,52145,244,0.0,6510,145,52000
4,52149,244,0.0,6511,145,52004
16,52165,244,0.0,6512,145,52020
3,52168,244,0.0,6513,145,52023
3,52171,244,0.0,6514,145,52026
11,52182,244,0.0,6515,145,52037
13,52195,244,0.0,6516,145,52050
18,52213,245,1.0,6517,145,52068
11,52224,245,0.0,6518,145,52079
2,52226,245,0.0,6519,145,52081
7,52233,245,0.0,6520,145,52088
13,52246,246,1.0,6521,145,52101
7,52253,246,0.0,6522,145,52108
14,52267,246,0.0,6523,145,52122
9,52276,246,0.0,6524,145,52131
7,52283,246,0.0,6525,145,52138
13,52296,247,1.0,6526,145,52151
11,52307,247,0.0,6527,145,52162
13,52320,248,1.0,6528,145,52175
12,52332,248,0.0,6529,145,52187
9,52341,248,0.0,6530,145,52196
17,52358,248,0.0,6531,145,52213
5,52363,248,0.0,6532,145,52218
11,52374,248,0.0,6533,145,52229
9,52383,248,0.0,6534,145,52238
2,52385,248,0.0,6535,145,52240
13,52398,249,1.0,6536,145,52253
2,52400,249,0.0,6537,145,52255
3,52403,249,0.0,6538,145,52258
18,52421,250,1.0,6539,145,52276
7,52428,250,0.0,6540,145,52283
2,52430,250,0.0,6541,145,52285
12,52442,250,0.0,6542,145,52297
13,52455,251,1.0,6543,145,52310
9,52464,251,0.0,6544,145,52319
2,52466,251,0.0,6545,145,52321
19,52485,251,0.0,6546,145,52340
12,52497,251,0.0,6547,145,52352
8,52505,251,0.0,6548,145,52360
18,52523,252,1.0,6549,145,52378
3,52526,252,0.0,6550,145,52381
7,52533,252,0.0,6551,145,52388
6,52539,252,0.0,6552,145,52394
8,52547,252,0.0,6553,145,52402
9,52556,252,0.0,6554,145,52411
8,52564,252,0.0,6555,145,52419
3,52567,252,0.0,6556,145,52422
5,52572,252,0.0,6557,145,52427
2,52574,252,0.0,6558,145,52429
8,52582,252,0.0,6559,145,52437
5,52587,252,0.0,6560,145,52442
6,52593,252,0.0,6561,145,52448
4,52597,252,0.0,6562,145,52452
4,52601,252,0.0,6563,145,52456
6,52607,252,0.0,6564,145,52462
2,52609,252,0.0,6565,145,52464
10,52619,252,0.0,6566,145,52474
9,52628,252,0.0,6567,145,52483
5,52633,252,0.0,6568,145,52488
10,52643,252,0.0,6569,145,52498
6,52649,252,0.0,6570,145,52504
14,52663,252,0.0,6571,145,52518
3,52666,252,0.0,6572,145,52521
3,52669,252,0.0,6573,145,52524
5,52674,252,0.0,6574,145,52529
6,52680,252,0.0,6575,145,52535
4,52684,252,0.0,6576,145,52539
11,52695,252,0.0,6577,145,52550
3,52698,252,0.0,6578,145,52553
12,52710,252,0.0,6579,145,52565
2,52712,252,0.0,6580,145,52567
7,52719,252,0.0,6581,145,52574
10,52729,252,0.0,6582,145,52584
6,52735,252,0.0,6583,145,52590
8,52743,252,0.0,6584,145,52598
16,52759,252,0.0,6585,145,52614
8,52767,252,0.0,6586,145,52622
12,52779,252,0.0,6587,145,52634
13,52792,252,0.0,6588,145,52647
2,52794,252,0.0,6589,145,52649
8,52802,252,0.0,6590,145,52657
5,52807,252,0.0,6591,145,52662
3,52810,252,0.0,6592,145,52665
4,52814,252,0.0,6593,145,52669
3,52817,252,0.0,6594,145,52672
5,52822,252,0.0,6595,145,52677
2,52824,252,0.0,6596,145,52679
2,52826,252,0.0,6597,145,52681
2,52828,252,0.0,6598,145,52683
14,52842,252,0.0,6599,145,52697
4,52846,252,0.0,6600,145,52701
10,52856,252,0.0,6601,145,52711
4,52860,252,0.0,6602,145,52715
2,52862,252,0.0,6603,145,52717
7,52869,252,0.0,6604,145,52724
10,52879,252,0.0,6605,145,52734
11,52890,252,0.0,6606,145,52745
9,52899,252,0.0,6607,145,52754
11,52910,252,0.0,6608,145,52765
24,52934,253,1.0,6609,145,52789
25,52959,253,0.0,6610,145,52814
11,52970,253,0.0,6611,145,52825
8,52978,253,0.0,6612,145,52833
13,52991,254,1.0,6613,145,52846
5,52996,254,0.0,6614,145,52851
2,52998,254,0.0,6615,145,52853
11,53009,254,0.0,6616,145,52864
15,53024,254,0.0,6617,145,52879
7,53031,254,0.0,6618,145,52886
11,53042,254,0.0,6619,145,52897
5,53047,254,0.0,6620,145,52902
2,53049,254,0.0,6621,145,52904
3,53052,254,0.0,6622,145,52907
2,53054,254,0.0,6623,145,52909
11,53065,254,0.0,6624,145,52920
4,53069,254,0.0,6625,145,52924
16,53085,254,0.0,6626,145,52940
4,53089,254,0.0,6627,145,52944
17,53106,254,0.0,6628,145,52961
3,53109,254,0.0,6629,145,52964
31,53140,254,0.0,6630,145,52995
4,53144,254,0.0,6631,145,52999
6,53150,254,0.0,6632,145,53005
5,53155,254,0.0,6633,145,53010
4,53159,254,0.0,6634,145,53014
3,53162,254,0.0,6635,145,53017
11,53173,254,0.0,6636,145,53028
20,53193,254,0.0,6637,145,53048
3,53196,254,0.0,6638,145,53051
9,53205,254,0.0,6639,145,53060
2,53207,254,0.0,6640,145,53062
8,53215,254,0.0,6641,145,53070
4,53219,254,0.0,6642,145,53074
3,53222,254,0.0,6643,145,53077
6,53228,254,0.0,6644,145,53083
7,53235,254,0.0,6645,145,53090
4,53239,254,0.0,6646,145,53094
2,53241,254,0.0,6647,145,53096
18,53259,255,1.0,6648,145,53114
5,53264,255,0.0,6649,145,53119
12,53276,255,0.0,6650,145,53131
5,53281,255,0.0,6651,145,53136
9,53290,255,0.0,6652,145,53145
2,53292,255,0.0,6653,145,53147
12,53304,255,0.0,6654,145,53159
12,53316,255,0.0,6655,145,53171
5,53321,255,0.0,6656,145,53176
11,53332,255,0.0,6657,145,53187
2,53334,255,0.0,6658,145,53189
9,53343,255,0.0,6659,145,53198
25,53368,255,0.0,6660,145,53223
6,53374,255,0.0,6661,145,53229
2,53376,255,0.0,6662,145,53231
4,53380,255,0.0,6663,145,53235
13,53393,256,1.0,6664,145,53248
4,53397,256,0.0,6665,145,53252
13,53410,256,0.0,6666,145,53265
9,53419,256,0.0,6667,145,53274
3,53422,256,0.0,6668,145,53277
7,53429,256,0.0,6669,145,53284
26,53455,256,0.0,6670,145,53310
7,53462,256,0.0,6671,145,53317
5,53467,256,0.0,6672,145,53322
13,53480,256,0.0,6673,145,53335
10,53490,256,0.0,6674,145,53345
8,53498,256,0.0,6675,145,53353
3,53501,256,0.0,6676,145,53356
2,53503,256,0.0,6677,145,53358
5,53508,256,0.0,6678,145,53363
11,53519,256,0.0,6679,145,53374
11,53530,256,0.0,6680,145,53385
3,53533,256,0.0,6681,145,53388
5,53538,256,0.0,6682,145,53393
3,53541,256,0.0,6683,145,53396
6,53547,256,0.0,6684,145,53402
12,53559,256,0.0,6685,145,53414
12,53571,256,0.0,6686,145,53426
4,53575,256,0.0,6687,145,53430
10,53585,256,0.0,6688,145,53440
7,53592,256,0.0,6689,145,53447
10,53602,256,0.0,6690,145,53457
14,53616,257,1.0,6691,145,53471
6,53622,257,0.0,6692,145,53477
12,53634,257,0.0,6693,145,53489
15,53649,257,0.0,6694,145,53504
12,53661,257,0.0,6695,145,53516
10,53671,257,0.0,6696,145,53526
8,53679,257,0.0,6697,145,53534
20,53699,257,0.0,6698,145,53554
3,53702,257,0.0,6699,145,53557
5,53707,257,0.0,6700,145,53562
12,53719,257,0.0,6701,145,53574
5,53724,257,0.0,6702,145,53579
11,53735,257,0.0,6703,145,53590
9,53744,257,0.0,6704,145,53599
14,53758,257,0.0,6705,145,53613
12,53770,257,0.0,6706,145,53625
5,53775,257,0.0,6707,145,53630
7,53782,257,0.0,6708,145,53637
5,53787,257,0.0,6709,145,53642
9,53796,257,0.0,6710,145,53651
14,53810,257,0.0,6711,145,53665
12,53822,257,0.0,6712,145,53677
5,53827,257,0.0,6713,145,53682
4,53831,257,0.0,6714,145,53686
2,53833,257,0.0,6715,145,53688
11,53844,257,0.0,6716,145,53699
6,53850,257,0.0,6717,145,53705
12,53862,257,0.0,6718,145,53717
6,53868,257,0.0,6719,145,53723
5,53873,257,0.0,6720,145,53728
13,53886,258,1.0,6721,145,53741
3,53889,258,0.0,6722,145,53744
11,53900,258,0.0,6723,145,53755
5,53905,258,0.0,6724,145,53760
10,53915,258,0.0,6725,145,53770
2,53917,258,0.0,6726,145,53772
5,53922,258,0.0,6727,145,53777
18,53940,259,1.0,6728,145,53795
6,53946,259,0.0,6729,145,53801
6,53952,259,0.0,6730,145,53807
3,53955,259,0.0,6731,145,53810
5,53960,259,0.0,6732,145,53815
3,53963,259,0.0,6733,145,53818
3,53966,259,0.0,6734,145,53821
8,53974,259,0.0,6735,145,53829
3,53977,259,0.0,6736,145,53832
3,53980,259,0.0,6737,145,53835
14,53994,259,0.0,6738,145,53849
3,53997,259,0.0,6739,145,53852
3,54000,259,0.0,6740,145,53855
13,54013,259,0.0,6741,145,53868
47,54060,259,0.0,6742,145,53915
5,54065,259,0.0,6743,145,53920
2,54067,259,0.0,6744,145,53922
7,54074,259,0.0,6745,145,53929
11,54085,259,0.0,6746,145,53940
2,54087,259,0.0,6747,145,53942
6,54093,259,0.0,6748,145,53948
9,54102,259,0.0,6749,145,53957
13,54115,259,0.0,6750,145,53970
12,54127,259,0.0,6751,145,53982
3,54130,259,0.0,6752,145,53985
5,54135,259,0.0,6753,145,53990
9,54144,259,0.0,6754,145,53999
3,54147,259,0.0,6755,145,54002
4,54151,259,0.0,6756,145,54006
13,54164,260,1.0,6757,145,54019
10,54174,260,0.0,6758,145,54029
9,54183,260,0.0,6759,145,54038
6,54189,260,0.0,6760,145,54044
7,54196,260,0.0,6761,145,54051
4,54200,260,0.0,6762,145,54055
3,54203,260,0.0,6763,145,54058
12,54215,260,0.0,6764,145,54070
15,54230,260,0.0,6765,145,54085
7,54237,260,0.0,6766,145,54092
13,54250,261,1.0,6767,145,54105
14,54264,261,0.0,6768,145,54119
14,54278,261,0.0,6769,145,54133
13,54291,261,0.0,6770,145,54146
15,54306,261,0.0,6771,145,54161
3,54309,261,0.0,6772,145,54164
6,54315,261,0.0,6773,145,54170
11,54326,261,0.0,6774,145,54181
7,54333,261,0.0,6775,145,54188
12,54345,261,0.0,6776,145,54200
2,54347,261,0.0,6777,145,54202
3,54350,261,0.0,6778,145,54205
14,54364,261,0.0,6779,145,54219
6,54370,261,0.0,6780,145,54225
3,54373,261,0.0,6781,145,54228
12,54385,261,0.0,6782,145,54240
2,54387,261,0.0,6783,145,54242
10,54397,261,0.0,6784,145,54252
3,54400,261,0.0,6785,145,54255
9,54409,261,0.0,6786,145,54264
7,54416,261,0.0,6787,145,54271
3,54419,261,0.0,6788,145,54274
2,54421,261,0.0,6789,145,54276
28,54449,261,0.0,6790,145,54304
7,54456,261,0.0,6791,145,54311
4,54460,261,0.0,6792,145,54315
4,54464,261,0.0,6793,145,54319
5,54469,261,0.0,6794,145,54324
5,54474,261,0.0,6795,145,54329
8,54482,261,0.0,6796,145,54337
3,54485,261,0.0,6797,145,54340
3,54488,261,0.0,6798,145,54343
5,54493,261,0.0,6799,145,54348
10,54503,261,0.0,6800,145,54358
3,54506,261,0.0,6801,145,54361
11,54517,261,0.0,6802,145,54372
8,54525,261,0.0,6803,145,54380
3,54528,261,0.0,6804,145,54383
2,54530,261,0.0,6805,145,54385
6,54536,261,0.0,6806,145,54391
4,54540,261,0.0,6807,145,54395
4,54544,261,0.0,6808,145,54399
6,54550,261,0.0,6809,145,54405
4,54554,261,0.0,6810,145,54409
3,54557,261,0.0,6811,145,54412
6,54563,261,0.0,6812,145,54418
3,54566,261,0.0,6813,145,54421
2,54568,261,0.0,6814,145,54423
2,54570,261,0.0,6815,145,54425
4,54574,261,0.0,6816,145,54429
5,54579,261,0.0,6817,145,54434
2,54581,261,0.0,6818,145,54436
3,54584,261,0.0,6819,145,54439
4,54588,261,0.0,6820,145,54443
26,54614,261,0.0,6821,145,54469
4,54618,261,0.0,6822,145,54473
9,54627,261,0.0,6823,145,54482
6,54633,261,0.0,6824,145,54488
2,54635,261,0.0,6825,145,54490
8,54643,261,0.0,6826,145,54498
4,54647,261,0.0,6827,145,54502
2,54649,261,0.0,6828,145,54504
2,54651,261,0.0,6829,145,54506
12,54663,261,0.0,6830,145,54518
13,54676,262,1.0,6831,145,54531
10,54686,262,0.0,6832,145,54541
14,54700,262,0.0,6833,145,54555
5,54705,262,0.0,6834,145,54560
11,54716,262,0.0,6835,145,54571
4,54720,262,0.0,6836,145,54575
6,54726,262,0.0,6837,145,54581
2,54728,262,0.0,6838,145,54583
4,54732,262,0.0,6839,145,54587
8,54740,262,0.0,6840,145,54595
14,54754,262,0.0,6841,145,54609
11,54765,262,0.0,6842,145,54620
6,54771,262,0.0,6843,145,54626
15,54786,262,0.0,6844,145,54641
6,54792,262,0.0,6845,145,54647
7,54799,262,0.0,6846,145,54654
3,54802,262,0.0,6847,145,54657
2,54804,262,0.0,6848,145,54659
2,54806,262,0.0,6849,145,54661
3,54809,262,0.0,6850,145,54664
6,54815,262,0.0,6851,145,54670
8,54823,262,0.0,6852,145,54678
7,54830,262,0.0,6853,145,54685
7,54837,262,0.0,6854,145,54692
4,54841,262,0.0,6855,145,54696
8,54849,262,0.0,6856,145,54704
11,54860,262,0.0,6857,145,54715
10,54870,262,0.0,6858,145,54725
12,54882,262,0.0,6859,145,54737
10,54892,262,0.0,6860,145,54747
2,54894,262,0.0,6861,145,54749
13,54907,262,0.0,6862,145,54762
14,54921,262,0.0,6863,145,54776
4,54925,262,0.0,6864,145,54780
18,54943,263,1.0,6865,145,54798
15,54958,263,0.0,6866,145,54813
7,54965,263,0.0,6867,145,54820
16,54981,263,0.0,6868,145,54836
5,54986,263,0.0,6869,145,54841
6,54992,263,0.0,6870,145,54847
2,54994,263,0.0,6871,145,54849
11,55005,263,0.0,6872,145,54860
7,55012,263,0.0,6873,145,54867
9,55021,263,0.0,6874,145,54876
20,55041,263,0.0,6875,145,54896
4,55045,263,0.0,6876,145,54900
4,55049,263,0.0,6877,145,54904
5,55054,263,0.0,6878,145,54909
5,55059,263,0.0,6879,145,54914
5,55064,263,0.0,6880,145,54919
3,55067,263,0.0,6881,145,54922
12,55079,263,0.0,6882,145,54934
23,55102,263,0.0,6883,145,54957
2,55104,263,0.0,6884,145,54959
6,55110,263,0.0,6885,145,54965
3,55113,263,0.0,6886,145,54968
7,55120,263,0.0,6887,145,54975
4,55124,263,0.0,6888,145,54979
24,55148,263,0.0,6889,145,55003
2,55150,263,0.0,6890,145,55005
8,55158,263,0.0,6891,145,55013
4,55162,263,0.0,6892,145,55017
3,55165,263,0.0,6893,145,55020
4,55169,263,0.0,6894,145,55024
7,55176,263,0.0,6895,145,55031
4,55180,263,0.0,6896,145,55035
7,55187,263,0.0,6897,145,55042
12,55199,263,0.0,6898,145,55054
11,55210,263,0.0,6899,145,55065
7,55217,263,0.0,6900,145,55072
6,55223,263,0.0,6901,145,55078
6,55229,263,0.0,6902,145,55084
2,55231,263,0.0,6903,145,55086
7,55238,263,0.0,6904,145,55093
10,55248,263,0.0,6905,145,55103
7,55255,263,0.0,6906,145,55110
19,55274,263,0.0,6907,145,55129
6,55280,263,0.0,6908,145,55135
7,55287,263,0.0,6909,145,55142
6,55293,263,0.0,6910,145,55148
21,55314,263,0.0,6911,145,55169
2,55316,263,0.0,6912,145,55171
23,55339,263,0.0,6913,145,55194
7,55346,263,0.0,6914,145,55201
4,55350,263,0.0,6915,145,55205
4,55354,263,0.0,6916,145,55209
8,55362,263,0.0,6917,145,55217
7,55369,263,0.0,6918,145,55224
4,55373,263,0.0,6919,145,55228
5,55378,263,0.0,6920,145,55233
5,55383,263,0.0,6921,145,55238
4,55387,263,0.0,6922,145,55242
7,55394,263,0.0,6923,145,55249
12,55406,263,0.0,6924,145,55261
14,55420,264,1.0,6925,145,55275
5,55425,264,0.0,6926,145,55280
6,55431,264,0.0,6927,145,55286
3,55434,264,0.0,6928,145,55289
16,55450,264,0.0,6929,145,55305
17,55467,264,0.0,6930,145,55322
17,55484,264,0.0,6931,145,55339
5,55489,264,0.0,6932,145,55344
13,55502,265,1.0,6933,145,55357
15,55517,265,0.0,6934,145,55372
5,55522,265,0.0,6935,145,55377
13,55535,265,0.0,6936,145,55390
17,55552,265,0.0,6937,145,55407
20,55572,265,0.0,6938,145,55427
9,55581,265,0.0,6939,145,55436
12,55593,265,0.0,6940,145,55448
8,55601,265,0.0,6941,145,55456
3,55604,265,0.0,6942,145,55459
5,55609,265,0.0,6943,145,55464
3,55612,265,0.0,6944,145,55467
4,55616,265,0.0,6945,145,55471
9,55625,265,0.0,6946,145,55480
3,55628,265,0.0,6947,145,55483
12,55640,265,0.0,6948,145,55495
16,55656,265,0.0,6949,145,55511
2,55658,265,0.0,6950,145,55513
4,55662,265,0.0,6951,145,55517
5,55667,265,0.0,6952,145,55522
2,55669,265,0.0,6953,145,55524
3,55672,265,0.0,6954,145,55527
15,55687,265,0.0,6955,145,55542
10,55697,265,0.0,6956,145,55552
4,55701,265,0.0,6957,145,55556
7,55708,265,0.0,6958,145,55563
8,55716,265,0.0,6959,145,55571
5,55721,265,0.0,6960,145,55576
5,55726,265,0.0,6961,145,55581
11,55737,265,0.0,6962,145,55592
3,55740,265,0.0,6963,145,55595
3,55743,265,0.0,6964,145,55598
10,55753,265,0.0,6965,145,55608
4,55757,265,0.0,6966,145,55612
6,55763,265,0.0,6967,145,55618
3,55766,265,0.0,6968,145,55621
7,55773,265,0.0,6969,145,55628
3,55776,265,0.0,6970,145,55631
11,55787,265,0.0,6971,145,55642
4,55791,265,0.0,6972,145,55646
2,55793,265,0.0,6973,145,55648
7,55800,265,0.0,6974,145,55655
5,55805,265,0.0,6975,145,55660
5,55810,265,0.0,6976,145,55665
8,55818,265,0.0,6977,145,55673
4,55822,265,0.0,6978,145,55677
14,55836,265,0.0,6979,145,55691
7,55843,265,0.0,6980,145,55698
4,55847,265,0.0,6981,145,55702
5,55852,265,0.0,6982,145,55707
9,55861,265,0.0,6983,145,55716
5,55866,265,0.0,6984,145,55721
11,55877,265,0.0,6985,145,55732
2,55879,265,0.0,6986,145,55734
12,55891,265,0.0,6987,145,55746
32,55923,265,0.0,6988,145,55778
2,55925,265,0.0,6989,145,55780
15,55940,265,0.0,6990,145,55795
16,55956,265,0.0,6991,145,55811
5,55961,265,0.0,6992,145,55816
10,55971,265,0.0,6993,145,55826
2,55973,265,0.0,6994,145,55828
3,55976,265,0.0,6995,145,55831
9,55985,265,0.0,6996,145,55840
15,56000,266,1.0,6997,145,55855
3,56003,266,0.0,6998,145,55858
4,56007,266,0.0,6999,145,55862
5,56012,266,0.0,7000,145,55867
2,56014,266,0.0,7001,145,55869
6,56020,266,0.0,7002,145,55875
2,56022,266,0.0,7003,145,55877
3,56025,266,0.0,7004,145,55880
3,56028,266,0.0,7005,145,55883
13,56041,267,1.0,7006,145,55896
4,56045,267,0.0,7007,145,55900
13,56058,267,0.0,7008,145,55913
5,56063,267,0.0,7009,145,55918
16,56079,267,0.0,7010,145,55934
6,56085,267,0.0,7011,145,55940
15,56100,268,1.0,7012,145,55955
2,56102,268,0.0,7013,145,55957
9,56111,268,0.0,7014,145,55966
5,56116,268,0.0,7015,145,55971
13,56129,268,0.0,7016,145,55984
12,56141,268,0.0,7017,145,55996
4,56145,268,0.0,7018,145,56000
2,56147,268,0.0,7019,145,56002
2,56149,268,0.0,7020,145,56004
5,56154,268,0.0,7021,145,56009
13,56167,269,1.0,7022,145,56022
2,56169,269,0.0,7023,145,56024
8,56177,269,0.0,7024,145,56032
11,56188,269,0.0,7025,145,56043
18,56206,269,0.0,7026,145,56061
14,56220,269,0.0,7027,145,56075
15,56235,269,0.0,7028,145,56090
7,56242,269,0.0,7029,145,56097
2,56244,269,0.0,7030,145,56099
3,56247,269,0.0,7031,145,56102
11,56258,269,0.0,7032,145,56113
4,56262,269,0.0,7033,145,56117
12,56274,269,0.0,7034,145,56129
2,56276,269,0.0,7035,145,56131
8,56284,269,0.0,7036,145,56139
3,56287,269,0.0,7037,145,56142
2,56289,269,0.0,7038,145,56144
6,56295,269,0.0,7039,145,56150
6,56301,269,0.0,7040,145,56156
6,56307,269,0.0,7041,145,56162
7,56314,269,0.0,7042,145,56169
13,56327,270,1.0,7043,145,56182
6,56333,270,0.0,7044,145,56188
4,56337,270,0.0,7045,145,56192
13,56350,270,0.0,7046,145,56205
15,56365,270,0.0,7047,145,56220
12,56377,270,0.0,7048,145,56232
3,56380,270,0.0,7049,145,56235
11,56391,270,0.0,7050,145,56246
6,56397,270,0.0,7051,145,56252
3,56400,270,0.0,7052,145,56255
5,56405,270,0.0,7053,145,56260
4,56409,270,0.0,7054,145,56264
9,56418,270,0.0,7055,145,56273
8,56426,270,0.0,7056,145,56281
13,56439,270,0.0,7057,145,56294
13,56452,271,1.0,7058,145,56307
13,56465,272,1.0,7059,145,56320
13,56478,273,1.0,7060,145,56333
3,56481,273,0.0,7061,145,56336
12,56493,273,0.0,7062,145,56348
5,56498,273,0.0,7063,145,56353
9,56507,273,0.0,7064,145,56362
5,56512,273,0.0,7065,145,56367
3,56515,273,0.0,7066,145,56370
4,56519,273,0.0,7067,145,56374
5,56524,273,0.0,7068,145,56379
5,56529,273,0.0,7069,145,56384
3,56532,273,0.0,7070,145,56387
6,56538,273,0.0,7071,145,56393
15,56553,273,0.0,7072,145,56408
12,56565,273,0.0,7073,145,56420
6,56571,273,0.0,7074,145,56426
7,56578,273,0.0,7075,145,56433
9,56587,273,0.0,7076,145,56442
3,56590,273,0.0,7077,145,56445
11,56601,273,0.0,7078,145,56456
4,56605,273,0.0,7079,145,56460
7,56612,273,0.0,7080,145,56467
13,56625,274,1.0,7081,145,56480
12,56637,274,0.0,7082,145,56492
12,56649,274,0.0,7083,145,56504
9,56658,274,0.0,7084,145,56513
6,56664,274,0.0,7085,145,56519
11,56675,274,0.0,7086,145,56530
5,56680,274,0.0,7087,145,56535
10,56690,274,0.0,7088,145,56545
26,56716,274,0.0,7089,145,56571
4,56720,274,0.0,7090,145,56575
4,56724,274,0.0,7091,145,56579
10,56734,274,0.0,7092,145,56589
11,56745,274,0.0,7093,145,56600
8,56753,274,0.0,7094,145,56608
8,56761,274,0.0,7095,145,56616
4,56765,274,0.0,7096,145,56620
2,56767,274,0.0,7097,145,56622
12,56779,274,0.0,7098,145,56634
11,56790,274,0.0,7099,145,56645
4,56794,274,0.0,7100,145,56649
3,56797,274,0.0,7101,145,56652
12,56809,274,0.0,7102,145,56664
6,56815,274,0.0,7103,145,56670
4,56819,274,0.0,7104,145,56674
2,56821,274,0.0,7105,145,56676
3,56824,274,0.0,7106,145,56679
3,56827,274,0.0,7107,145,56682
3,56830,274,0.0,7108,145,56685
6,56836,274,0.0,7109,145,56691
16,56852,274,0.0,7110,145,56707
10,56862,274,0.0,7111,145,56717
25,56887,274,0.0,7112,145,56742
4,56891,274,0.0,7113,145,56746
16,56907,274,0.0,7114,145,56762
3,56910,274,0.0,7115,145,56765
6,56916,274,0.0,7116,145,56771
7,56923,274,0.0,7117,145,56778
6,56929,274,0.0,7118,145,56784
2,56931,274,0.0,7119,145,56786
4,56935,274,0.0,7120,145,56790
7,56942,274,0.0,7121,145,56797
10,56952,274,0.0,7122,145,56807
10,56962,274,0.0,7123,145,56817
6,56968,274,0.0,7124,145,56823
5,56973,274,0.0,7125,145,56828
9,56982,274,0.0,7126,145,56837
3,56985,274,0.0,7127,145,56840
2,56987,274,0.0,7128,145,56842
2,56989,274,0.0,7129,145,56844
3,56992,274,0.0,7130,145,56847
2,56994,274,0.0,7131,145,56849
6,57000,274,0.0,7132,145,56855
10,57010,274,0.0,7133,145,56865
14,57024,274,0.0,7134,145,56879
16,57040,274,0.0,7135,145,56895
12,57052,274,0.0,7136,145,56907
6,57058,274,0.0,7137,145,56913
4,57062,274,0.0,7138,145,56917
15,57077,274,0.0,7139,145,56932
26,57103,274,0.0,7140,145,56958
2,57105,274,0.0,7141,145,56960
5,57110,274,0.0,7142,145,56965
11,57121,274,0.0,7143,145,56976
12,57133,274,0.0,7144,145,56988
6,57139,274,0.0,7145,145,56994
7,57146,274,0.0,7146,145,57001
12,57158,274,0.0,7147,145,57013
15,57173,274,0.0,7148,145,57028
15,57188,274,0.0,7149,145,57043
11,57199,274,0.0,7150,145,57054
5,57204,274,0.0,7151,145,57059
6,57210,274,0.0,7152,145,57065
7,57217,274,0.0,7153,145,57072
2,57219,274,0.0,7154,145,57074
17,57236,274,0.0,7155,145,57091
7,57243,274,0.0,7156,145,57098
18,57261,274,0.0,7157,145,57116
4,57265,274,0.0,7158,145,57120
11,57276,274,0.0,7159,145,57131
6,57282,274,0.0,7160,145,57137
6,57288,274,0.0,7161,145,57143
5,57293,274,0.0,7162,145,57148
10,57303,274,0.0,7163,145,57158
19,57322,274,0.0,7164,145,57177
2,57324,274,0.0,7165,145,57179
12,57336,274,0.0,7166,145,57191
12,57348,274,0.0,7167,145,57203
28,57376,274,0.0,7168,145,57231
2,57378,274,0.0,7169,145,57233
4,57382,274,0.0,7170,145,57237
4,57386,274,0.0,7171,145,57241
8,57394,274,0.0,7172,145,57249
6,57400,274,0.0,7173,145,57255
3,57403,274,0.0,7174,145,57258
9,57412,274,0.0,7175,145,57267
13,57425,275,1.0,7176,145,57280
11,57436,275,0.0,7177,145,57291
4,57440,275,0.0,7178,145,57295
18,57458,276,1.0,7179,145,57313
9,57467,276,0.0,7180,145,57322
3,57470,276,0.0,7181,145,57325
2,57472,276,0.0,7182,145,57327
3,57475,276,0.0,7183,145,57330
3,57478,276,0.0,7184,145,57333
6,57484,276,0.0,7185,145,57339
11,57495,276,0.0,7186,145,57350
6,57501,276,0.0,7187,145,57356
11,57512,276,0.0,7188,145,57367
11,57523,276,0.0,7189,145,57378
4,57527,276,0.0,7190,145,57382
7,57534,276,0.0,7191,145,57389
3,57537,276,0.0,7192,145,57392
4,57541,276,0.0,7193,145,57396
16,57557,276,0.0,7194,145,57412
14,57571,276,0.0,7195,145,57426
11,57582,276,0.0,7196,145,57437
9,57591,276,0.0,7197,145,57446
7,57598,276,0.0,7198,145,57453
2,57600,276,0.0,7199,145,57455
2,57602,276,0.0,7200,145,57457
10,57612,276,0.0,7201,145,57467
2,57614,276,0.0,7202,145,57469
11,57625,276,0.0,7203,145,57480
6,57631,276,0.0,7204,145,57486
5,57636,276,0.0,7205,145,57491
3,57639,276,0.0,7206,145,57494
12,57651,276,0.0,7207,145,57506
2,57653,276,0.0,7208,145,57508
4,57657,276,0.0,7209,145,57512
8,57665,276,0.0,7210,145,57520
8,57673,276,0.0,7211,145,57528
2,57675,276,0.0,7212,145,57530
2,57677,276,0.0,7213,145,57532
5,57682,276,0.0,7214,145,57537
5,57687,276,0.0,7215,145,57542
6,57693,276,0.0,7216,145,57548
3,57696,276,0.0,7217,145,57551
2,57698,276,0.0,7218,145,57553
3,57701,276,0.0,7219,145,57556
8,57709,276,0.0,7220,145,57564
14,57723,276,0.0,7221,145,57578
12,57735,276,0.0,7222,145,57590
4,57739,276,0.0,7223,145,57594
13,57752,277,1.0,7224,145,57607
6,57758,277,0.0,7225,145,57613
14,57772,277,0.0,7226,145,57627
6,57778,277,0.0,7227,145,57633
13,57791,278,1.0,7228,145,57646
12,57803,278,0.0,7229,145,57658
2,57805,278,0.0,7230,145,57660
2,57807,278,0.0,7231,145,57662
3,57810,278,0.0,7232,145,57665
11,57821,278,0.0,7233,145,57676
3,57824,278,0.0,7234,145,57679
3,57827,278,0.0,7235,145,57682
16,57843,278,0.0,7236,145,57698
4,57847,278,0.0,7237,145,57702
11,57858,278,0.0,7238,145,57713
5,57863,278,0.0,7239,145,57718
6,57869,278,0.0,7240,145,57724
5,57874,278,0.0,7241,145,57729
3,57877,278,0.0,7242,145,57732
2,57879,278,0.0,7243,145,57734
5,57884,278,0.0,7244,145,57739
5,57889,278,0.0,7245,145,57744
22,57911,278,0.0,7246,145,57766
8,57919,278,0.0,7247,145,57774
7,57926,278,0.0,7248,145,57781
2,57928,278,0.0,7249,145,57783
12,57940,278,0.0,7250,145,57795
13,57953,279,1.0,7251,145,57808
16,57969,279,0.0,7252,145,57824
5,57974,279,0.0,7253,145,57829
2,57976,279,0.0,7254,145,57831
16,57992,279,0.0,7255,145,57847
5,57997,279,0.0,7256,145,57852
4,58001,279,0.0,7257,145,57856
5,58006,279,0.0,7258,145,57861
4,58010,279,0.0,7259,145,57865
2,58012,279,0.0,7260,145,57867
3,58015,279,0.0,7261,145,57870
13,58028,280,1.0,7262,145,57883
8,58036,280,0.0,7263,145,57891
10,58046,280,0.0,7264,145,57901
12,58058,280,0.0,7265,145,57913
7,58065,280,0.0,7266,145,57920
2,58067,280,0.0,7267,145,57922
2,58069,280,0.0,7268,145,57924
2,58071,280,0.0,7269,145,57926
2,58073,280,0.0,7270,145,57928
4,58077,280,0.0,7271,145,57932
9,58086,280,0.0,7272,145,57941
3,58089,280,0.0,7273,145,57944
13,58102,281,1.0,7274,145,57957
5,58107,281,0.0,7275,145,57962
11,58118,281,0.0,7276,145,57973
10,58128,281,0.0,7277,145,57983
6,58134,281,0.0,7278,145,57989
3,58137,281,0.0,7279,145,57992
4,58141,281,0.0,7280,145,57996
10,58151,281,0.0,7281,145,58006
7,58158,281,0.0,7282,145,58013
6,58164,281,0.0,7283,145,58019
7,58171,281,0.0,7284,145,58026
3,58174,281,0.0,7285,145,58029
10,58184,281,0.0,7286,145,58039
5,58189,281,0.0,7287,145,58044
10,58199,281,0.0,7288,145,58054
13,58212,281,0.0,7289,145,58067
12,58224,281,0.0,7290,145,58079
2,58226,281,0.0,7291,145,58081
12,58238,281,0.0,7292,145,58093
5,58243,281,0.0,7293,145,58098
3,58246,281,0.0,7294,145,58101
11,58257,281,0.0,7295,145,58112
10,58267,281,0.0,7296,145,58122
13,58280,282,1.0,7297,145,58135
6,58286,282,0.0,7298,145,58141
5,58291,282,0.0,7299,145,58146
12,58303,282,0.0,7300,145,58158
3,58306,282,0.0,7301,145,58161
2,58308,282,0.0,7302,145,58163
2,58310,282,0.0,7303,145,58165
12,58322,282,0.0,7304,145,58177
8,58330,282,0.0,7305,145,58185
7,58337,282,0.0,7306,145,58192
10,58347,282,0.0,7307,145,58202
10,58357,282,0.0,7308,145,58212
4,58361,282,0.0,7309,145,58216
2,58363,282,0.0,7310,145,58218
14,58377,282,0.0,7311,145,58232
4,58381,282,0.0,7312,145,58236
11,58392,282,0.0,7313,145,58247
6,58398,282,0.0,7314,145,58253
6,58404,282,0.0,7315,145,58259
17,58421,282,0.0,7316,145,58276
3,58424,282,0.0,7317,145,58279
12,58436,282,0.0,7318,145,58291
5,58441,282,0.0,7319,145,58296
5,58446,282,0.0,7320,145,58301
19,58465,282,0.0,7321,145,58320
8,58473,282,0.0,7322,145,58328
12,58485,282,0.0,7323,145,58340
7,58492,282,0.0,7324,145,58347
14,58506,282,0.0,7325,145,58361
4,58510,282,0.0,7326,145,58365
25,58535,282,0.0,7327,145,58390
5,58540,282,0.0,7328,145,58395
17,58557,282,0.0,7329,145,58412
12,58569,282,0.0,7330,145,58424
2,58571,282,0.0,7331,145,58426
4,58575,282,0.0,7332,145,58430
9,58584,282,0.0,7333,145,58439
2,58586,282,0.0,7334,145,58441
12,58598,282,0.0,7335,145,58453
7,58605,282,0.0,7336,145,58460
13,58618,282,0.0,7337,145,58473
5,58623,282,0.0,7338,145,58478
15,58638,282,0.0,7339,145,58493
20,58658,282,0.0,7340,145,58513
13,58671,282,0.0,7341,145,58526
10,58681,282,0.0,7342,145,58536
7,58688,282,0.0,7343,145,58543
11,58699,282,0.0,7344,145,58554
5,58704,282,0.0,7345,145,58559
9,58713,282,0.0,7346,145,58568
3,58716,282,0.0,7347,145,58571
21,58737,282,0.0,7348,145,58592
6,58743,282,0.0,7349,145,58598
23,58766,282,0.0,7350,145,58621
2,58768,282,0.0,7351,145,58623
2,58770,282,0.0,7352,145,58625
2,58772,282,0.0,7353,145,58627
11,58783,282,0.0,7354,145,58638
15,58798,282,0.0,7355,145,58653
4,58802,282,0.0,7356,145,58657
4,58806,282,0.0,7357,145,58661
12,58818,282,0.0,7358,145,58673
8,58826,282,0.0,7359,145,58681
2,58828,282,0.0,7360,145,58683
3,58831,282,0.0,7361,145,58686
5,58836,282,0.0,7362,145,58691
4,58840,282,0.0,7363,145,58695
10,58850,282,0.0,7364,145,58705
13,58863,283,1.0,7365,145,58718
4,58867,283,0.0,7366,145,58722
5,58872,283,0.0,7367,145,58727
11,58883,283,0.0,7368,145,58738
2,58885,283,0.0,7369,145,58740
2,58887,283,0.0,7370,145,58742
2,58889,283,0.0,7371,145,58744
17,58906,283,0.0,7372,145,58761
2,58908,283,0.0,7373,145,58763
4,58912,283,0.0,7374,145,58767
7,58919,283,0.0,7375,145,58774
12,58931,283,0.0,7376,145,58786
9,58940,283,0.0,7377,145,58795
4,58944,283,0.0,7378,145,58799
13,58957,284,1.0,7379,145,58812
2,58959,284,0.0,7380,145,58814
11,58970,284,0.0,7381,145,58825
5,58975,284,0.0,7382,145,58830
4,58979,284,0.0,7383,145,58834
16,58995,284,0.0,7384,145,58850
2,58997,284,0.0,7385,145,58852
2,58999,284,0.0,7386,145,58854
16,59015,284,0.0,7387,145,58870
9,59024,284,0.0,7388,145,58879
17,59041,284,0.0,7389,145,58896
4,59045,284,0.0,7390,145,58900
17,59062,284,0.0,7391,145,58917
6,59068,284,0.0,7392,145,58923
19,59087,284,0.0,7393,145,58942
12,59099,284,0.0,7394,145,58954
10,59109,284,0.0,7395,145,58964
3,59112,284,0.0,7396,145,58967
5,59117,284,0.0,7397,145,58972
8,59125,284,0.0,7398,145,58980
7,59132,284,0.0,7399,145,58987
7,59139,284,0.0,7400,145,58994
5,59144,284,0.0,7401,145,58999
9,59153,284,0.0,7402,145,59008
5,59158,284,0.0,7403,145,59013
4,59162,284,0.0,7404,145,59017
3,59165,284,0.0,7405,145,59020
11,59176,284,0.0,7406,145,59031
3,59179,284,0.0,7407,145,59034
6,59185,284,0.0,7408,145,59040
13,59198,285,1.0,7409,145,59053
14,59212,285,0.0,7410,145,59067
12,59224,285,0.0,7411,145,59079
17,59241,285,0.0,7412,145,59096
11,59252,285,0.0,7413,145,59107
47,59299,285,0.0,7414,145,59154
3,59302,285,0.0,7415,145,59157
28,59330,285,0.0,7416,145,59185
2,59332,285,0.0,7417,145,59187
5,59337,285,0.0,7418,145,59192
24,59361,285,0.0,7419,145,59216
18,59379,286,1.0,7420,145,59234
15,59394,286,0.0,7421,145,59249
6,59400,286,0.0,7422,145,59255
3,59403,286,0.0,7423,145,59258
39,59442,286,0.0,7424,145,59297
4,59446,286,0.0,7425,145,59301
2,59448,286,0.0,7426,145,59303
13,59461,287,1.0,7427,145,59316
2,59463,287,0.0,7428,145,59318
2,59465,287,0.0,7429,145,59320
11,59476,287,0.0,7430,145,59331
2,59478,287,0.0,7431,145,59333
13,59491,288,1.0,7432,145,59346
23,59514,288,0.0,7433,145,59369
9,59523,288,0.0,7434,145,59378
2,59525,288,0.0,7435,145,59380
3,59528,288,0.0,7436,145,59383
7,59535,288,0.0,7437,145,59390
6,59541,288,0.0,7438,145,59396
12,59553,288,0.0,7439,145,59408
2,59555,288,0.0,7440,145,59410
2,59557,288,0.0,7441,145,59412
2,59559,288,0.0,7442,145,59414
10,59569,288,0.0,7443,145,59424
3,59572,288,0.0,7444,145,59427
12,59584,288,0.0,7445,145,59439
8,59592,288,0.0,7446,145,59447
8,59600,288,0.0,7447,145,59455
12,59612,288,0.0,7448,145,59467
3,59615,288,0.0,7449,145,59470
14,59629,288,0.0,7450,145,59484
2,59631,288,0.0,7451,145,59486
6,59637,288,0.0,7452,145,59492
6,59643,288,0.0,7453,145,59498
8,59651,288,0.0,7454,145,59506
6,59657,288,0.0,7455,145,59512
4,59661,288,0.0,7456,145,59516
8,59669,288,0.0,7457,145,59524
14,59683,289,1.0,7458,145,59538
7,59690,289,0.0,7459,145,59545
6,59696,289,0.0,7460,145,59551
7,59703,289,0.0,7461,145,59558
12,59715,289,0.0,7462,145,59570
11,59726,289,0.0,7463,145,59581
11,59737,289,0.0,7464,145,59592
2,59739,289,0.0,7465,145,59594
20,59759,289,0.0,7466,145,59614
7,59766,289,0.0,7467,145,59621
3,59769,289,0.0,7468,145,59624
9,59778,289,0.0,7469,145,59633
11,59789,289,0.0,7470,145,59644
12,59801,289,0.0,7471,145,59656
8,59809,289,0.0,7472,145,59664
3,59812,289,0.0,7473,145,59667
3,59815,289,0.0,7474,145,59670
5,59820,289,0.0,7475,145,59675
5,59825,289,0.0,7476,145,59680
3,59828,289,0.0,7477,145,59683
25,59853,289,0.0,7478,145,59708
3,59856,289,0.0,7479,145,59711
2,59858,289,0.0,7480,145,59713
14,59872,289,0.0,7481,145,59727
11,59883,289,0.0,7482,145,59738
2,59885,289,0.0,7483,145,59740
4,59889,289,0.0,7484,145,59744
6,59895,289,0.0,7485,145,59750
4,59899,289,0.0,7486,145,59754
2,59901,289,0.0,7487,145,59756
3,59904,289,0.0,7488,145,59759
4,59908,289,0.0,7489,145,59763
4,59912,289,0.0,7490,145,59767
4,59916,289,0.0,7491,145,59771
4,59920,289,0.0,7492,145,59775
3,59923,289,0.0,7493,145,59778
11,59934,289,0.0,7494,145,59789
13,59947,289,0.0,7495,145,59802
10,59957,289,0.0,7496,145,59812
5,59962,289,0.0,7497,145,59817
14,59976,289,0.0,7498,145,59831
11,59987,289,0.0,7499,145,59842
12,59999,289,0.0,7500,145,59854
4,60003,289,0.0,7501,145,59858
10,60013,289,0.0,7502,145,59868
6,60019,289,0.0,7503,145,59874
10,60029,289,0.0,7504,145,59884
4,60033,289,0.0,7505,145,59888
17,60050,289,0.0,7506,145,59905
12,60062,289,0.0,7507,145,59917
8,60070,289,0.0,7508,145,59925
11,60081,289,0.0,7509,145,59936
14,60095,289,0.0,7510,145,59950
5,60100,289,0.0,7511,145,59955
11,60111,289,0.0,7512,145,59966
18,60129,290,1.0,7513,145,59984
14,60143,290,0.0,7514,145,59998
5,60148,290,0.0,7515,145,60003
2,60150,290,0.0,7516,145,60005
2,60152,290,0.0,7517,145,60007
3,60155,290,0.0,7518,145,60010
4,60159,290,0.0,7519,145,60014
30,60189,290,0.0,7520,145,60044
6,60195,290,0.0,7521,145,60050
18,60213,290,0.0,7522,145,60068
13,60226,291,1.0,7523,145,60081
5,60231,291,0.0,7524,145,60086
5,60236,291,0.0,7525,145,60091
5,60241,291,0.0,7526,145,60096
3,60244,291,0.0,7527,145,60099
5,60249,291,0.0,7528,145,60104
2,60251,291,0.0,7529,145,60106
6,60257,291,0.0,7530,145,60112
3,60260,291,0.0,7531,145,60115
8,60268,291,0.0,7532,145,60123
2,60270,291,0.0,7533,145,60125
2,60272,291,0.0,7534,145,60127
3,60275,291,0.0,7535,145,60130
14,60289,291,0.0,7536,145,60144
21,60310,291,0.0,7537,145,60165
3,60313,291,0.0,7538,145,60168
2,60315,291,0.0,7539,145,60170
10,60325,291,0.0,7540,145,60180
14,60339,291,0.0,7541,145,60194
12,60351,291,0.0,7542,145,60206
3,60354,291,0.0,7543,145,60209
14,60368,291,0.0,7544,145,60223
14,60382,291,0.0,7545,145,60237
6,60388,291,0.0,7546,145,60243
28,60416,291,0.0,7547,145,60271
2,60418,291,0.0,7548,145,60273
8,60426,291,0.0,7549,145,60281
2,60428,291,0.0,7550,145,60283
8,60436,291,0.0,7551,145,60291
3,60439,291,0.0,7552,145,60294
2,60441,291,0.0,7553,145,60296
5,60446,291,0.0,7554,145,60301
3,60449,291,0.0,7555,145,60304
5,60454,291,0.0,7556,145,60309
13,60467,291,0.0,7557,145,60322
12,60479,291,0.0,7558,145,60334
14,60493,291,0.0,7559,145,60348
20,60513,291,0.0,7560,145,60368
10,60523,291,0.0,7561,145,60378
13,60536,291,0.0,7562,145,60391
2,60538,291,0.0,7563,145,60393
9,60547,291,0.0,7564,145,60402
5,60552,291,0.0,7565,145,60407
11,60563,291,0.0,7566,145,60418
4,60567,291,0.0,7567,145,60422
11,60578,291,0.0,7568,145,60433
18,60596,292,1.0,7569,145,60451
7,60603,292,0.0,7570,145,60458
12,60615,292,0.0,7571,145,60470
2,60617,292,0.0,7572,145,60472
3,60620,292,0.0,7573,145,60475
4,60624,292,0.0,7574,145,60479
2,60626,292,0.0,7575,145,60481
7,60633,292,0.0,7576,145,60488
2,60635,292,0.0,7577,145,60490
40,60675,292,0.0,7578,145,60530
7,60682,292,0.0,7579,145,60537
7,60689,292,0.0,7580,145,60544
7,60696,292,0.0,7581,145,60551
12,60708,292,0.0,7582,145,60563
10,60718,292,0.0,7583,145,60573
2,60720,292,0.0,7584,145,60575
2,60722,292,0.0,7585,145,60577
17,60739,292,0.0,7586,145,60594
11,60750,292,0.0,7587,145,60605
2,60752,292,0.0,7588,145,60607
2,60754,292,0.0,7589,145,60609
7,60761,292,0.0,7590,145,60616
2,60763,292,0.0,7591,145,60618
2,60765,292,0.0,7592,145,60620
17,60782,292,0.0,7593,145,60637
3,60785,292,0.0,7594,145,60640
20,60805,292,0.0,7595,145,60660
5,60810,292,0.0,7596,145,60665
6,60816,292,0.0,7597,145,60671
7,60823,292,0.0,7598,145,60678
2,60825,292,0.0,7599,145,60680
9,60834,292,0.0,7600,145,60689
2,60836,292,0.0,7601,145,60691
7,60843,292,0.0,7602,145,60698
5,60848,292,0.0,7603,145,60703
2,60850,292,0.0,7604,145,60705
7,60857,292,0.0,7605,145,60712
5,60862,292,0.0,7606,145,60717
8,60870,292,0.0,7607,145,60725
10,60880,292,0.0,7608,145,60735
13,60893,292,0.0,7609,145,60748
5,60898,292,0.0,7610,145,60753
3,60901,292,0.0,7611,145,60756
7,60908,292,0.0,7612,145,60763
13,60921,293,1.0,7613,145,60776
4,60925,293,0.0,7614,145,60780
10,60935,293,0.0,7615,145,60790
7,60942,293,0.0,7616,145,60797
9,60951,293,0.0,7617,145,60806
2,60953,293,0.0,7618,145,60808
6,60959,293,0.0,7619,145,60814
8,60967,293,0.0,7620,145,60822
3,60970,293,0.0,7621,145,60825
3,60973,293,0.0,7622,145,60828
12,60985,293,0.0,7623,145,60840
4,60989,293,0.0,7624,145,60844
15,61004,293,0.0,7625,145,60859
2,61006,293,0.0,7626,145,60861
15,61021,294,1.0,7627,145,60876
7,61028,294,0.0,7628,145,60883
2,61030,294,0.0,7629,145,60885
2,61032,294,0.0,7630,145,60887
9,61041,294,0.0,7631,145,60896
5,61046,294,0.0,7632,145,60901
2,61048,294,0.0,7633,145,60903
5,61053,294,0.0,7634,145,60908
5,61058,294,0.0,7635,145,60913
13,61071,294,0.0,7636,145,60926
6,61077,294,0.0,7637,145,60932
6,61083,294,0.0,7638,145,60938
5,61088,294,0.0,7639,145,60943
6,61094,294,0.0,7640,145,60949
19,61113,294,0.0,7641,145,60968
5,61118,294,0.0,7642,145,60973
4,61122,294,0.0,7643,145,60977
6,61128,294,0.0,7644,145,60983
2,61130,294,0.0,7645,145,60985
31,61161,294,0.0,7646,145,61016
10,61171,294,0.0,7647,145,61026
5,61176,294,0.0,7648,145,61031
4,61180,294,0.0,7649,145,61035
3,61183,294,0.0,7650,145,61038
4,61187,294,0.0,7651,145,61042
5,61192,294,0.0,7652,145,61047
4,61196,294,0.0,7653,145,61051
7,61203,294,0.0,7654,145,61058
18,61221,294,0.0,7655,145,61076
2,61223,294,0.0,7656,145,61078
2,61225,294,0.0,7657,145,61080
14,61239,294,0.0,7658,145,61094
10,61249,294,0.0,7659,145,61104
7,61256,294,0.0,7660,145,61111
11,61267,294,0.0,7661,145,61122
10,61277,294,0.0,7662,145,61132
7,61284,294,0.0,7663,145,61139
6,61290,294,0.0,7664,145,61145
3,61293,294,0.0,7665,145,61148
5,61298,294,0.0,7666,145,61153
5,61303,294,0.0,7667,145,61158
13,61316,295,1.0,7668,145,61171
6,61322,295,0.0,7669,145,61177
9,61331,295,0.0,7670,145,61186
4,61335,295,0.0,7671,145,61190
3,61338,295,0.0,7672,145,61193
6,61344,295,0.0,7673,145,61199
5,61349,295,0.0,7674,145,61204
17,61366,295,0.0,7675,145,61221
13,61379,296,1.0,7676,145,61234
11,61390,296,0.0,7677,145,61245
5,61395,296,0.0,7678,145,61250
3,61398,296,0.0,7679,145,61253
7,61405,296,0.0,7680,145,61260
20,61425,296,0.0,7681,145,61280
13,61438,297,1.0,7682,145,61293
14,61452,297,0.0,7683,145,61307
4,61456,297,0.0,7684,145,61311
8,61464,297,0.0,7685,145,61319
5,61469,297,0.0,7686,145,61324
6,61475,297,0.0,7687,145,61330
25,61500,297,0.0,7688,145,61355
6,61506,297,0.0,7689,145,61361
8,61514,297,0.0,7690,145,61369
9,61523,297,0.0,7691,145,61378
7,61530,297,0.0,7692,145,61385
7,61537,297,0.0,7693,145,61392
9,61546,297,0.0,7694,145,61401
12,61558,297,0.0,7695,145,61413
6,61564,297,0.0,7696,145,61419
3,61567,297,0.0,7697,145,61422
8,61575,297,0.0,7698,145,61430
11,61586,297,0.0,7699,145,61441
18,61604,298,1.0,7700,145,61459
3,61607,298,0.0,7701,145,61462
12,61619,298,0.0,7702,145,61474
2,61621,298,0.0,7703,145,61476
14,61635,299,1.0,7704,145,61490
4,61639,299,0.0,7705,145,61494
10,61649,299,0.0,7706,145,61504
5,61654,299,0.0,7707,145,61509
8,61662,299,0.0,7708,145,61517
3,61665,299,0.0,7709,145,61520
12,61677,299,0.0,7710,145,61532
20,61697,299,0.0,7711,145,61552
22,61719,299,0.0,7712,145,61574
4,61723,299,0.0,7713,145,61578
2,61725,299,0.0,7714,145,61580
2,61727,299,0.0,7715,145,61582
3,61730,299,0.0,7716,145,61585
3,61733,299,0.0,7717,145,61588
6,61739,299,0.0,7718,145,61594
3,61742,299,0.0,7719,145,61597
12,61754,299,0.0,7720,145,61609
15,61769,299,0.0,7721,145,61624
21,61790,299,0.0,7722,145,61645
7,61797,299,0.0,7723,145,61652
6,61803,299,0.0,7724,145,61658
9,61812,299,0.0,7725,145,61667
18,61830,300,1.0,7726,145,61685
4,61834,300,0.0,7727,145,61689
13,61847,300,0.0,7728,145,61702
8,61855,300,0.0,7729,145,61710
5,61860,300,0.0,7730,145,61715
12,61872,300,0.0,7731,145,61727
13,61885,301,1.0,7732,145,61740
5,61890,301,0.0,7733,145,61745
10,61900,301,0.0,7734,145,61755
13,61913,302,1.0,7735,145,61768
45,61958,302,0.0,7736,145,61813
4,61962,302,0.0,7737,145,61817
5,61967,302,0.0,7738,145,61822
2,61969,302,0.0,7739,145,61824
4,61973,302,0.0,7740,145,61828
2,61975,302,0.0,7741,145,61830
7,61982,302,0.0,7742,145,61837
5,61987,302,0.0,7743,145,61842
2,61989,302,0.0,7744,145,61844
9,61998,302,0.0,7745,145,61853
6,62004,302,0.0,7746,145,61859
24,62028,302,0.0,7747,145,61883
5,62033,302,0.0,7748,145,61888
2,62035,302,0.0,7749,145,61890
6,62041,302,0.0,7750,145,61896
7,62048,302,0.0,7751,145,61903
2,62050,302,0.0,7752,145,61905
6,62056,302,0.0,7753,145,61911
11,62067,302,0.0,7754,145,61922
8,62075,302,0.0,7755,145,61930
4,62079,302,0.0,7756,145,61934
7,62086,302,0.0,7757,145,61941
9,62095,302,0.0,7758,145,61950
10,62105,302,0.0,7759,145,61960
3,62108,302,0.0,7760,145,61963
11,62119,302,0.0,7761,145,61974
3,62122,302,0.0,7762,145,61977
14,62136,302,0.0,7763,145,61991
8,62144,302,0.0,7764,145,61999
2,62146,302,0.0,7765,145,62001
9,62155,302,0.0,7766,145,62010
5,62160,302,0.0,7767,145,62015
2,62162,302,0.0,7768,145,62017
2,62164,302,0.0,7769,145,62019
2,62166,302,0.0,7770,145,62021
9,62175,302,0.0,7771,145,62030
11,62186,302,0.0,7772,145,62041
8,62194,302,0.0,7773,145,62049
7,62201,302,0.0,7774,145,62056
20,62221,302,0.0,7775,145,62076
6,62227,302,0.0,7776,145,62082
4,62231,302,0.0,7777,145,62086
3,62234,302,0.0,7778,145,62089
17,62251,302,0.0,7779,145,62106
3,62254,302,0.0,7780,145,62109
18,62272,302,0.0,7781,145,62127
4,62276,302,0.0,7782,145,62131
8,62284,302,0.0,7783,145,62139
6,62290,302,0.0,7784,145,62145
6,62296,302,0.0,7785,145,62151
5,62301,302,0.0,7786,145,62156
5,62306,302,0.0,7787,145,62161
4,62310,302,0.0,7788,145,62165
2,62312,302,0.0,7789,145,62167
6,62318,302,0.0,7790,145,62173
5,62323,302,0.0,7791,145,62178
14,62337,302,0.0,7792,145,62192
4,62341,302,0.0,7793,145,62196
13,62354,302,0.0,7794,145,62209
4,62358,302,0.0,7795,145,62213
9,62367,302,0.0,7796,145,62222
6,62373,302,0.0,7797,145,62228
3,62376,302,0.0,7798,145,62231
2,62378,302,0.0,7799,145,62233
14,62392,303,1.0,7800,145,62247
4,62396,303,0.0,7801,145,62251
2,62398,303,0.0,7802,145,62253
5,62403,303,0.0,7803,145,62258
26,62429,303,0.0,7804,145,62284
3,62432,303,0.0,7805,145,62287
7,62439,303,0.0,7806,145,62294
8,62447,303,0.0,7807,145,62302
3,62450,303,0.0,7808,145,62305
8,62458,303,0.0,7809,145,62313
4,62462,303,0.0,7810,145,62317
11,62473,303,0.0,7811,145,62328
2,62475,303,0.0,7812,145,62330
8,62483,303,0.0,7813,145,62338
5,62488,303,0.0,7814,145,62343
3,62491,303,0.0,7815,145,62346
2,62493,303,0.0,7816,145,62348
10,62503,303,0.0,7817,145,62358
2,62505,303,0.0,7818,145,62360
12,62517,303,0.0,7819,145,62372
5,62522,303,0.0,7820,145,62377
8,62530,303,0.0,7821,145,62385
7,62537,303,0.0,7822,145,62392
3,62540,303,0.0,7823,145,62395
24,62564,303,0.0,7824,145,62419
6,62570,303,0.0,7825,145,62425
6,62576,303,0.0,7826,145,62431
16,62592,303,0.0,7827,145,62447
17,62609,303,0.0,7828,145,62464
4,62613,303,0.0,7829,145,62468
6,62619,303,0.0,7830,145,62474
5,62624,303,0.0,7831,145,62479
3,62627,303,0.0,7832,145,62482
6,62633,303,0.0,7833,145,62488
6,62639,303,0.0,7834,145,62494
22,62661,303,0.0,7835,145,62516
13,62674,304,1.0,7836,145,62529
12,62686,304,0.0,7837,145,62541
16,62702,304,0.0,7838,145,62557
5,62707,304,0.0,7839,145,62562
11,62718,304,0.0,7840,145,62573
6,62724,304,0.0,7841,145,62579
26,62750,304,0.0,7842,145,62605
14,62764,304,0.0,7843,145,62619
15,62779,304,0.0,7844,145,62634
14,62793,304,0.0,7845,145,62648
6,62799,304,0.0,7846,145,62654
18,62817,304,0.0,7847,145,62672
6,62823,304,0.0,7848,145,62678
6,62829,304,0.0,7849,145,62684
9,62838,304,0.0,7850,145,62693
2,62840,304,0.0,7851,145,62695
2,62842,304,0.0,7852,145,62697
11,62853,304,0.0,7853,145,62708
13,62866,304,0.0,7854,145,62721
9,62875,304,0.0,7855,145,62730
10,62885,304,0.0,7856,145,62740
3,62888,304,0.0,7857,145,62743
6,62894,304,0.0,7858,145,62749
9,62903,304,0.0,7859,145,62758
12,62915,304,0.0,7860,145,62770
8,62923,304,0.0,7861,145,62778
13,62936,305,1.0,7862,145,62791
6,62942,305,0.0,7863,145,62797
10,62952,305,0.0,7864,145,62807
26,62978,305,0.0,7865,145,62833
2,62980,305,0.0,7866,145,62835
4,62984,305,0.0,7867,145,62839
11,62995,305,0.0,7868,145,62850
4,62999,305,0.0,7869,145,62854
3,63002,305,0.0,7870,145,62857
7,63009,305,0.0,7871,145,62864
5,63014,305,0.0,7872,145,62869
22,63036,305,0.0,7873,145,62891
13,63049,306,1.0,7874,145,62904
18,63067,306,0.0,7875,145,62922
7,63074,306,0.0,7876,145,62929
3,63077,306,0.0,7877,145,62932
3,63080,306,0.0,7878,145,62935
10,63090,306,0.0,7879,145,62945
12,63102,306,0.0,7880,145,62957
16,63118,306,0.0,7881,145,62973
3,63121,306,0.0,7882,145,62976
2,63123,306,0.0,7883,145,62978
6,63129,306,0.0,7884,145,62984
12,63141,306,0.0,7885,145,62996
25,63166,306,0.0,7886,145,63021
18,63184,306,0.0,7887,145,63039
11,63195,306,0.0,7888,145,63050
24,63219,306,0.0,7889,145,63074
13,63232,307,1.0,7890,145,63087
4,63236,307,0.0,7891,145,63091
10,63246,307,0.0,7892,145,63101
8,63254,307,0.0,7893,145,63109
11,63265,307,0.0,7894,145,63120
14,63279,307,0.0,7895,145,63134
5,63284,307,0.0,7896,145,63139
5,63289,307,0.0,7897,145,63144
3,63292,307,0.0,7898,145,63147
18,63310,307,0.0,7899,145,63165
3,63313,307,0.0,7900,145,63168
2,63315,307,0.0,7901,145,63170
7,63322,307,0.0,7902,145,63177
13,63335,307,0.0,7903,145,63190
13,63348,308,1.0,7904,145,63203
4,63352,308,0.0,7905,145,63207
2,63354,308,0.0,7906,145,63209
16,63370,308,0.0,7907,145,63225
4,63374,308,0.0,7908,145,63229
7,63381,308,0.0,7909,145,63236
20,63401,308,0.0,7910,145,63256
7,63408,308,0.0,7911,145,63263
2,63410,308,0.0,7912,145,63265
6,63416,308,0.0,7913,145,63271
10,63426,308,0.0,7914,145,63281
11,63437,308,0.0,7915,145,63292
10,63447,308,0.0,7916,145,63302
4,63451,308,0.0,7917,145,63306
2,63453,308,0.0,7918,145,63308
3,63456,308,0.0,7919,145,63311
5,63461,308,0.0,7920,145,63316
7,63468,308,0.0,7921,145,63323
14,63482,308,0.0,7922,145,63337
13,63495,308,0.0,7923,145,63350
3,63498,308,0.0,7924,145,63353
5,63503,308,0.0,7925,145,63358
4,63507,308,0.0,7926,145,63362
8,63515,308,0.0,7927,145,63370
11,63526,308,0.0,7928,145,63381
5,63531,308,0.0,7929,145,63386
4,63535,308,0.0,7930,145,63390
6,63541,308,0.0,7931,145,63396
11,63552,308,0.0,7932,145,63407
3,63555,308,0.0,7933,145,63410
14,63569,308,0.0,7934,145,63424
2,63571,308,0.0,7935,145,63426
3,63574,308,0.0,7936,145,63429
4,63578,308,0.0,7937,145,63433
4,63582,308,0.0,7938,145,63437
12,63594,308,0.0,7939,145,63449
11,63605,308,0.0,7940,145,63460
12,63617,308,0.0,7941,145,63472
2,63619,308,0.0,7942,145,63474
2,63621,308,0.0,7943,145,63476
5,63626,308,0.0,7944,145,63481
2,63628,308,0.0,7945,145,63483
5,63633,308,0.0,7946,145,63488
2,63635,308,0.0,7947,145,63490
7,63642,308,0.0,7948,145,63497
8,63650,308,0.0,7949,145,63505
20,63670,308,0.0,7950,145,63525
13,63683,309,1.0,7951,145,63538
31,63714,309,0.0,7952,145,63569
2,63716,309,0.0,7953,145,63571
4,63720,309,0.0,7954,145,63575
2,63722,309,0.0,7955,145,63577
7,63729,309,0.0,7956,145,63584
4,63733,309,0.0,7957,145,63588
5,63738,309,0.0,7958,145,63593
3,63741,309,0.0,7959,145,63596
2,63743,309,0.0,7960,145,63598
3,63746,309,0.0,7961,145,63601
5,63751,309,0.0,7962,145,63606
8,63759,309,0.0,7963,145,63614
12,63771,309,0.0,7964,145,63626
7,63778,309,0.0,7965,145,63633
6,63784,309,0.0,7966,145,63639
6,63790,309,0.0,7967,145,63645
2,63792,309,0.0,7968,145,63647
2,63794,309,0.0,7969,145,63649
17,63811,309,0.0,7970,145,63666
2,63813,309,0.0,7971,145,63668
18,63831,310,1.0,7972,145,63686
11,63842,310,0.0,7973,145,63697
12,63854,310,0.0,7974,145,63709
13,63867,310,0.0,7975,145,63722
10,63877,310,0.0,7976,145,63732
5,63882,310,0.0,7977,145,63737
6,63888,310,0.0,7978,145,63743
3,63891,310,0.0,7979,145,63746
9,63900,310,0.0,7980,145,63755
12,63912,310,0.0,7981,145,63767
26,63938,310,0.0,7982,145,63793
4,63942,310,0.0,7983,145,63797
10,63952,310,0.0,7984,145,63807
12,63964,310,0.0,7985,145,63819
4,63968,310,0.0,7986,145,63823
5,63973,310,0.0,7987,145,63828
12,63985,310,0.0,7988,145,63840
6,63991,310,0.0,7989,145,63846
13,64004,311,1.0,7990,145,63859
2,64006,311,0.0,7991,145,63861
9,64015,311,0.0,7992,145,63870
25,64040,311,0.0,7993,145,63895
10,64050,311,0.0,7994,145,63905
8,64058,311,0.0,7995,145,63913
2,64060,311,0.0,7996,145,63915
13,64073,312,1.0,7997,145,63928
13,64086,312,0.0,7998,145,63941
4,64090,312,0.0,7999,145,63945
9,64099,312,0.0,8000,145,63954
2,64101,312,0.0,8001,145,63956
8,64109,312,0.0,8002,145,63964
2,64111,312,0.0,8003,145,63966
15,64126,312,0.0,8004,145,63981
3,64129,312,0.0,8005,145,63984
18,64147,312,0.0,8006,145,64002
12,64159,312,0.0,8007,145,64014
3,64162,312,0.0,8008,145,64017
3,64165,312,0.0,8009,145,64020
8,64173,312,0.0,8010,145,64028
8,64181,312,0.0,8011,145,64036
11,64192,312,0.0,8012,145,64047
2,64194,312,0.0,8013,145,64049
20,64214,312,0.0,8014,145,64069
11,64225,312,0.0,8015,145,64080
38,64263,312,0.0,8016,145,64118
7,64270,312,0.0,8017,145,64125
2,64272,312,0.0,8018,145,64127
7,64279,312,0.0,8019,145,64134
12,64291,312,0.0,8020,145,64146
9,64300,313,1.0,8021,145,64155
3,64303,313,0.0,8022,145,64158
5,64308,313,0.0,8023,145,64163
12,64320,313,0.0,8024,145,64175
6,64326,313,0.0,8025,145,64181
4,64330,313,0.0,8026,145,64185
14,64344,313,0.0,8027,145,64199
2,64346,313,0.0,8028,145,64201
6,64352,313,0.0,8029,145,64207
5,64357,313,0.0,8030,145,64212
5,64362,313,0.0,8031,145,64217
29,64391,313,0.0,8032,145,64246
3,64394,313,0.0,8033,145,64249
9,64403,313,0.0,8034,145,64258
12,64415,313,0.0,8035,145,64270
10,64425,313,0.0,8036,145,64280
8,64433,313,0.0,8037,145,64288
21,64454,313,0.0,8038,145,64309
13,64467,313,0.0,8039,145,64322
6,64473,313,0.0,8040,145,64328
3,64476,313,0.0,8041,145,64331
9,64485,313,0.0,8042,145,64340
13,64498,313,0.0,8043,145,64353
8,64506,313,0.0,8044,145,64361
6,64512,313,0.0,8045,145,64367
8,64520,313,0.0,8046,145,64375
13,64533,314,1.0,8047,145,64388
15,64548,314,0.0,8048,145,64403
7,64555,314,0.0,8049,145,64410
2,64557,314,0.0,8050,145,64412
6,64563,314,0.0,8051,145,64418
6,64569,314,0.0,8052,145,64424
12,64581,314,0.0,8053,145,64436
8,64589,314,0.0,8054,145,64444
2,64591,314,0.0,8055,145,64446
9,64600,314,0.0,8056,145,64455
7,64607,314,0.0,8057,145,64462
11,64618,314,0.0,8058,145,64473
6,64624,314,0.0,8059,145,64479
5,64629,314,0.0,8060,145,64484
22,64651,314,0.0,8061,145,64506
7,64658,314,0.0,8062,145,64513
5,64663,314,0.0,8063,145,64518
7,64670,314,0.0,8064,145,64525
9,64679,314,0.0,8065,145,64534
2,64681,314,0.0,8066,145,64536
4,64685,314,0.0,8067,145,64540
2,64687,314,0.0,8068,145,64542
6,64693,314,0.0,8069,145,64548
13,64706,315,1.0,8070,145,64561
7,64713,315,0.0,8071,145,64568
2,64715,315,0.0,8072,145,64570
10,64725,315,0.0,8073,145,64580
5,64730,315,0.0,8074,145,64585
20,64750,315,0.0,8075,145,64605
11,64761,315,0.0,8076,145,64616
14,64775,316,1.0,8077,145,64630
4,64779,316,0.0,8078,145,64634
13,64792,317,1.0,8079,145,64647
6,64798,317,0.0,8080,145,64653
6,64804,317,0.0,8081,145,64659
3,64807,317,0.0,8082,145,64662
4,64811,317,0.0,8083,145,64666
2,64813,317,0.0,8084,145,64668
2,64815,317,0.0,8085,145,64670
12,64827,317,0.0,8086,145,64682
11,64838,317,0.0,8087,145,64693
4,64842,317,0.0,8088,145,64697
6,64848,317,0.0,8089,145,64703
4,64852,317,0.0,8090,145,64707
6,64858,317,0.0,8091,145,64713
5,64863,317,0.0,8092,145,64718
4,64867,317,0.0,8093,145,64722
2,64869,317,0.0,8094,145,64724
23,64892,317,0.0,8095,145,64747
2,64894,317,0.0,8096,145,64749
21,64915,317,0.0,8097,145,64770
8,64923,317,0.0,8098,145,64778
11,64934,317,0.0,8099,145,64789
3,64937,317,0.0,8100,145,64792
6,64943,317,0.0,8101,145,64798
7,64950,317,0.0,8102,145,64805
15,64965,317,0.0,8103,145,64820
2,64967,317,0.0,8104,145,64822
4,64971,317,0.0,8105,145,64826
17,64988,317,0.0,8106,145,64843
4,64992,317,0.0,8107,145,64847
4,64996,317,0.0,8108,145,64851
9,65005,317,0.0,8109,145,64860
4,65009,317,0.0,8110,145,64864
13,65022,318,1.0,8111,145,64877
25,65047,318,0.0,8112,145,64902
12,65059,318,0.0,8113,145,64914
13,65072,319,1.0,8114,145,64927
3,65075,319,0.0,8115,145,64930
5,65080,319,0.0,8116,145,64935
6,65086,319,0.0,8117,145,64941
7,65093,319,0.0,8118,145,64948
7,65100,319,0.0,8119,145,64955
5,65105,319,0.0,8120,145,64960
17,65122,319,0.0,8121,145,64977
2,65124,319,0.0,8122,145,64979
8,65132,319,0.0,8123,145,64987
5,65137,319,0.0,8124,145,64992
2,65139,319,0.0,8125,145,64994
5,65144,319,0.0,8126,145,64999
4,65148,319,0.0,8127,145,65003
10,65158,319,0.0,8128,145,65013
11,65169,319,0.0,8129,145,65024
2,65171,319,0.0,8130,145,65026
12,65183,319,0.0,8131,145,65038
6,65189,319,0.0,8132,145,65044
12,65201,319,0.0,8133,145,65056
14,65215,319,0.0,8134,145,65070
5,65220,319,0.0,8135,145,65075
10,65230,319,0.0,8136,145,65085
13,65243,320,1.0,8137,145,65098
21,65264,320,0.0,8138,145,65119
4,65268,320,0.0,8139,145,65123
11,65279,320,0.0,8140,145,65134
16,65295,320,0.0,8141,145,65150
13,65308,320,0.0,8142,145,65163
6,65314,320,0.0,8143,145,65169
2,65316,320,0.0,8144,145,65171
4,65320,320,0.0,8145,145,65175
6,65326,320,0.0,8146,145,65181
2,65328,320,0.0,8147,145,65183
6,65334,320,0.0,8148,145,65189
9,65343,320,0.0,8149,145,65198
3,65346,320,0.0,8150,145,65201
2,65348,320,0.0,8151,145,65203
5,65353,320,0.0,8152,145,65208
5,65358,320,0.0,8153,145,65213
13,65371,321,1.0,8154,145,65226
6,65377,321,0.0,8155,145,65232
6,65383,321,0.0,8156,145,65238
6,65389,321,0.0,8157,145,65244
3,65392,321,0.0,8158,145,65247
6,65398,321,0.0,8159,145,65253
12,65410,321,0.0,8160,145,65265
2,65412,321,0.0,8161,145,65267
4,65416,321,0.0,8162,145,65271
5,65421,321,0.0,8163,145,65276
5,65426,321,0.0,8164,145,65281
16,65442,321,0.0,8165,145,65297
17,65459,321,0.0,8166,145,65314
16,65475,321,0.0,8167,145,65330
4,65479,321,0.0,8168,145,65334
2,65481,321,0.0,8169,145,65336
7,65488,321,0.0,8170,145,65343
5,65493,321,0.0,8171,145,65348
6,65499,321,0.0,8172,145,65354
14,65513,321,0.0,8173,145,65368
2,65515,321,0.0,8174,145,65370
3,65518,321,0.0,8175,145,65373
3,65521,321,0.0,8176,145,65376
4,65525,321,0.0,8177,145,65380
12,65537,321,0.0,8178,145,65392
11,65548,321,0.0,8179,145,65403
5,65553,321,0.0,8180,145,65408
3,65556,321,0.0,8181,145,65411
2,65558,321,0.0,8182,145,65413
5,65563,321,0.0,8183,145,65418
10,65573,321,0.0,8184,145,65428
13,65586,321,0.0,8185,145,65441
2,65588,321,0.0,8186,145,65443
4,65592,321,0.0,8187,145,65447
11,65603,321,0.0,8188,145,65458
3,65606,321,0.0,8189,145,65461
7,65613,321,0.0,8190,145,65468
4,65617,321,0.0,8191,145,65472
7,65624,321,0.0,8192,145,65479
4,65628,321,0.0,8193,145,65483
8,65636,321,0.0,8194,145,65491
4,65640,321,0.0,8195,145,65495
5,65645,321,0.0,8196,145,65500
2,65647,321,0.0,8197,145,65502
2,65649,321,0.0,8198,145,65504
11,65660,321,0.0,8199,145,65515
11,65671,321,0.0,8200,145,65526
2,65673,321,0.0,8201,145,65528
14,65687,321,0.0,8202,145,65542
3,65690,321,0.0,8203,145,65545
15,65705,321,0.0,8204,145,65560
12,65717,321,0.0,8205,145,65572
8,65725,321,0.0,8206,145,65580
4,65729,321,0.0,8207,145,65584
3,65732,321,0.0,8208,145,65587
5,65737,321,0.0,8209,145,65592
14,65751,321,0.0,8210,145,65606
10,65761,321,0.0,8211,145,65616
5,65766,321,0.0,8212,145,65621
7,65773,321,0.0,8213,145,65628
10,65783,321,0.0,8214,145,65638
2,65785,321,0.0,8215,145,65640
5,65790,321,0.0,8216,145,65645
14,65804,321,0.0,8217,145,65659
2,65806,321,0.0,8218,145,65661
6,65812,321,0.0,8219,145,65667
12,65824,321,0.0,8220,145,65679
7,65831,321,0.0,8221,145,65686
11,65842,321,0.0,8222,145,65697
17,65859,321,0.0,8223,145,65714
12,65871,321,0.0,8224,145,65726
2,65873,321,0.0,8225,145,65728
5,65878,321,0.0,8226,145,65733
12,65890,321,0.0,8227,145,65745
5,65895,321,0.0,8228,145,65750
5,65900,321,0.0,8229,145,65755
2,65902,321,0.0,8230,145,65757
7,65909,321,0.0,8231,145,65764
12,65921,321,0.0,8232,145,65776
4,65925,321,0.0,8233,145,65780
5,65930,321,0.0,8234,145,65785
13,65943,321,0.0,8235,145,65798
15,65958,321,0.0,8236,145,65813
4,65962,321,0.0,8237,145,65817
8,65970,321,0.0,8238,145,65825
9,65979,321,0.0,8239,145,65834
2,65981,321,0.0,8240,145,65836
3,65984,321,0.0,8241,145,65839
5,65989,321,0.0,8242,145,65844
5,65994,321,0.0,8243,145,65849
3,65997,321,0.0,8244,145,65852
5,66002,321,0.0,8245,145,65857
12,66014,321,0.0,8246,145,65869
7,66021,321,0.0,8247,145,65876
13,66034,321,0.0,8248,145,65889
15,66049,321,0.0,8249,145,65904
5,66054,321,0.0,8250,145,65909
9,66063,321,0.0,8251,145,65918
10,66073,321,0.0,8252,145,65928
2,66075,321,0.0,8253,145,65930
12,66087,321,0.0,8254,145,65942
5,66092,321,0.0,8255,145,65947
5,66097,321,0.0,8256,145,65952
12,66109,321,0.0,8257,145,65964
2,66111,321,0.0,8258,145,65966
8,66119,321,0.0,8259,145,65974
5,66124,321,0.0,8260,145,65979
3,66127,321,0.0,8261,145,65982
7,66134,321,0.0,8262,145,65989
12,66146,321,0.0,8263,145,66001
6,66152,321,0.0,8264,145,66007
11,66163,321,0.0,8265,145,66018
13,66176,322,1.0,8266,145,66031
11,66187,322,0.0,8267,145,66042
4,66191,322,0.0,8268,145,66046
15,66206,323,1.0,8269,145,66061
6,66212,323,0.0,8270,145,66067
15,66227,323,0.0,8271,145,66082
9,66236,323,0.0,8272,145,66091
6,66242,323,0.0,8273,145,66097
5,66247,323,0.0,8274,145,66102
5,66252,323,0.0,8275,145,66107
4,66256,323,0.0,8276,145,66111
2,66258,323,0.0,8277,145,66113
7,66265,323,0.0,8278,145,66120
4,66269,323,0.0,8279,145,66124
6,66275,323,0.0,8280,145,66130
17,66292,323,0.0,8281,145,66147
8,66300,323,0.0,8282,145,66155
13,66313,324,1.0,8283,145,66168
22,66335,324,0.0,8284,145,66190
4,66339,324,0.0,8285,145,66194
13,66352,325,1.0,8286,145,66207
5,66357,325,0.0,8287,145,66212
4,66361,325,0.0,8288,145,66216
7,66368,325,0.0,8289,145,66223
19,66387,325,0.0,8290,145,66242
7,66394,325,0.0,8291,145,66249
3,66397,325,0.0,8292,145,66252
23,66420,325,0.0,8293,145,66275
4,66424,325,0.0,8294,145,66279
10,66434,325,0.0,8295,145,66289
12,66446,325,0.0,8296,145,66301
2,66448,325,0.0,8297,145,66303
3,66451,325,0.0,8298,145,66306
10,66461,325,0.0,8299,145,66316
9,66470,325,0.0,8300,145,66325
6,66476,325,0.0,8301,145,66331
2,66478,325,0.0,8302,145,66333
12,66490,325,0.0,8303,145,66345
13,66503,325,0.0,8304,145,66358
25,66528,325,0.0,8305,145,66383
7,66535,325,0.0,8306,145,66390
4,66539,325,0.0,8307,145,66394
13,66552,325,0.0,8308,145,66407
13,66565,326,1.0,8309,145,66420
15,66580,326,0.0,8310,145,66435
19,66599,326,0.0,8311,145,66454
16,66615,326,0.0,8312,145,66470
3,66618,326,0.0,8313,145,66473
2,66620,326,0.0,8314,145,66475
15,66635,326,0.0,8315,145,66490
9,66644,326,0.0,8316,145,66499
2,66646,326,0.0,8317,145,66501
11,66657,326,0.0,8318,145,66512
4,66661,326,0.0,8319,145,66516
6,66667,326,0.0,8320,145,66522
10,66677,326,0.0,8321,145,66532
3,66680,326,0.0,8322,145,66535
13,66693,326,0.0,8323,145,66548
2,66695,326,0.0,8324,145,66550
2,66697,326,0.0,8325,145,66552
6,66703,326,0.0,8326,145,66558
18,66721,326,0.0,8327,145,66576
9,66730,326,0.0,8328,145,66585
7,66737,326,0.0,8329,145,66592
2,66739,326,0.0,8330,145,66594
4,66743,326,0.0,8331,145,66598
11,66754,326,0.0,8332,145,66609
11,66765,326,0.0,8333,145,66620
2,66767,326,0.0,8334,145,66622
3,66770,326,0.0,8335,145,66625
5,66775,326,0.0,8336,145,66630
11,66786,326,0.0,8337,145,66641
13,66799,327,1.0,8338,145,66654
14,66813,328,1.0,8339,145,66668
3,66816,328,0.0,8340,145,66671
7,66823,328,0.0,8341,145,66678
12,66835,328,0.0,8342,145,66690
9,66844,328,0.0,8343,145,66699
4,66848,328,0.0,8344,145,66703
2,66850,328,0.0,8345,145,66705
2,66852,328,0.0,8346,145,66707
10,66862,328,0.0,8347,145,66717
15,66877,328,0.0,8348,145,66732
2,66879,328,0.0,8349,145,66734
15,66894,328,0.0,8350,145,66749
11,66905,328,0.0,8351,145,66760
3,66908,328,0.0,8352,145,66763
3,66911,328,0.0,8353,145,66766
2,66913,328,0.0,8354,145,66768
7,66920,328,0.0,8355,145,66775
15,66935,328,0.0,8356,145,66790
25,66960,328,0.0,8357,145,66815
5,66965,328,0.0,8358,145,66820
4,66969,328,0.0,8359,145,66824
15,66984,328,0.0,8360,145,66839
6,66990,328,0.0,8361,145,66845
12,67002,328,0.0,8362,145,66857
10,67012,328,0.0,8363,145,66867
5,67017,328,0.0,8364,145,66872
5,67022,328,0.0,8365,145,66877
7,67029,328,0.0,8366,145,66884
4,67033,328,0.0,8367,145,66888
10,67043,328,0.0,8368,145,66898
3,67046,328,0.0,8369,145,66901
13,67059,329,1.0,8370,145,66914
6,67065,329,0.0,8371,145,66920
9,67074,329,0.0,8372,145,66929
23,67097,329,0.0,8373,145,66952
13,67110,330,1.0,8374,145,66965
9,67119,330,0.0,8375,145,66974
11,67130,330,0.0,8376,145,66985
2,67132,330,0.0,8377,145,66987
6,67138,330,0.0,8378,145,66993
2,67140,330,0.0,8379,145,66995
6,67146,330,0.0,8380,145,67001
11,67157,330,0.0,8381,145,67012
10,67167,330,0.0,8382,145,67022
5,67172,330,0.0,8383,145,67027
8,67180,330,0.0,8384,145,67035
2,67182,330,0.0,8385,145,67037
18,67200,330,0.0,8386,145,67055
4,67204,330,0.0,8387,145,67059
8,67212,330,0.0,8388,145,67067
10,67222,330,0.0,8389,145,67077
4,67226,330,0.0,8390,145,67081
12,67238,330,0.0,8391,145,67093
2,67240,330,0.0,8392,145,67095
9,67249,330,0.0,8393,145,67104
11,67260,330,0.0,8394,145,67115
9,67269,330,0.0,8395,145,67124
3,67272,330,0.0,8396,145,67127
12,67284,330,0.0,8397,145,67139
18,67302,331,1.0,8398,145,67157
8,67310,331,0.0,8399,145,67165
4,67314,331,0.0,8400,145,67169
11,67325,331,0.0,8401,145,67180
11,67336,331,0.0,8402,145,67191
5,67341,331,0.0,8403,145,67196
8,67349,331,0.0,8404,145,67204
2,67351,331,0.0,8405,145,67206
4,67355,331,0.0,8406,145,67210
11,67366,331,0.0,8407,145,67221
3,67369,331,0.0,8408,145,67224
11,67380,331,0.0,8409,145,67235
9,67389,331,0.0,8410,145,67244
8,67397,331,0.0,8411,145,67252
11,67408,331,0.0,8412,145,67263
2,67410,331,0.0,8413,145,67265
9,67419,331,0.0,8414,145,67274
9,67428,331,0.0,8415,145,67283
9,67437,331,0.0,8416,145,67292
3,67440,331,0.0,8417,145,67295
10,67450,331,0.0,8418,145,67305
5,67455,331,0.0,8419,145,67310
13,67468,332,1.0,8420,145,67323
7,67475,332,0.0,8421,145,67330
14,67489,332,0.0,8422,145,67344
6,67495,332,0.0,8423,145,67350
10,67505,332,0.0,8424,145,67360
13,67518,332,0.0,8425,145,67373
8,67526,332,0.0,8426,145,67381
9,67535,332,0.0,8427,145,67390
16,67551,332,0.0,8428,145,67406
5,67556,332,0.0,8429,145,67411
6,67562,332,0.0,8430,145,67417
4,67566,332,0.0,8431,145,67421
5,67571,332,0.0,8432,145,67426
11,67582,332,0.0,8433,145,67437
2,67584,332,0.0,8434,145,67439
2,67586,332,0.0,8435,145,67441
6,67592,332,0.0,8436,145,67447
5,67597,332,0.0,8437,145,67452
4,67601,332,0.0,8438,145,67456
2,67603,332,0.0,8439,145,67458
12,67615,332,0.0,8440,145,67470
5,67620,332,0.0,8441,145,67475
2,67622,332,0.0,8442,145,67477
5,67627,332,0.0,8443,145,67482
12,67639,332,0.0,8444,145,67494
12,67651,332,0.0,8445,145,67506
25,67676,332,0.0,8446,145,67531
3,67679,332,0.0,8447,145,67534
4,67683,332,0.0,8448,145,67538
13,67696,333,1.0,8449,145,67551
4,67700,333,0.0,8450,145,67555
16,67716,333,0.0,8451,145,67571
9,67725,333,0.0,8452,145,67580
7,67732,333,0.0,8453,145,67587
5,67737,333,0.0,8454,145,67592
26,67763,333,0.0,8455,145,67618
8,67771,333,0.0,8456,145,67626
8,67779,333,0.0,8457,145,67634
2,67781,333,0.0,8458,145,67636
13,67794,333,0.0,8459,145,67649
11,67805,333,0.0,8460,145,67660
4,67809,333,0.0,8461,145,67664
3,67812,333,0.0,8462,145,67667
8,67820,333,0.0,8463,145,67675
2,67822,333,0.0,8464,145,67677
11,67833,333,0.0,8465,145,67688
12,67845,333,0.0,8466,145,67700
11,67856,333,0.0,8467,145,67711
8,67864,333,0.0,8468,145,67719
4,67868,333,0.0,8469,145,67723
3,67871,333,0.0,8470,145,67726
9,67880,333,0.0,8471,145,67735
5,67885,333,0.0,8472,145,67740
6,67891,333,0.0,8473,145,67746
21,67912,333,0.0,8474,145,67767
2,67914,333,0.0,8475,145,67769
13,67927,334,1.0,8476,145,67782
12,67939,334,0.0,8477,145,67794
3,67942,334,0.0,8478,145,67797
17,67959,334,0.0,8479,145,67814
4,67963,334,0.0,8480,145,67818
3,67966,334,0.0,8481,145,67821
3,67969,334,0.0,8482,145,67824
13,67982,335,1.0,8483,145,67837
7,67989,335,0.0,8484,145,67844
7,67996,335,0.0,8485,145,67851
18,68014,335,0.0,8486,145,67869
4,68018,335,0.0,8487,145,67873
24,68042,335,0.0,8488,145,67897
10,68052,335,0.0,8489,145,67907
4,68056,335,0.0,8490,145,67911
10,68066,335,0.0,8491,145,67921
10,68076,335,0.0,8492,145,67931
25,68101,335,0.0,8493,145,67956
3,68104,335,0.0,8494,145,67959
4,68108,335,0.0,8495,145,67963
13,68121,335,0.0,8496,145,67976
8,68129,335,0.0,8497,145,67984
2,68131,335,0.0,8498,145,67986
3,68134,335,0.0,8499,145,67989
4,68138,335,0.0,8500,145,67993
2,68140,335,0.0,8501,145,67995
11,68151,335,0.0,8502,145,68006
5,68156,335,0.0,8503,145,68011
2,68158,335,0.0,8504,145,68013
3,68161,335,0.0,8505,145,68016
6,68167,335,0.0,8506,145,68022
9,68176,335,0.0,8507,145,68031
14,68190,335,0.0,8508,145,68045
11,68201,335,0.0,8509,145,68056
4,68205,335,0.0,8510,145,68060
10,68215,335,0.0,8511,145,68070
11,68226,335,0.0,8512,145,68081
2,68228,335,0.0,8513,145,68083
3,68231,335,0.0,8514,145,68086
5,68236,335,0.0,8515,145,68091
4,68240,335,0.0,8516,145,68095
10,68250,335,0.0,8517,145,68105
3,68253,335,0.0,8518,145,68108
12,68265,335,0.0,8519,145,68120
2,68267,335,0.0,8520,145,68122
4,68271,335,0.0,8521,145,68126
7,68278,335,0.0,8522,145,68133
3,68281,335,0.0,8523,145,68136
25,68306,335,0.0,8524,145,68161
16,68322,335,0.0,8525,145,68177
6,68328,335,0.0,8526,145,68183
4,68332,335,0.0,8527,145,68187
12,68344,335,0.0,8528,145,68199
4,68348,335,0.0,8529,145,68203
7,68355,335,0.0,8530,145,68210
12,68367,335,0.0,8531,145,68222
38,68405,335,0.0,8532,145,68260
3,68408,335,0.0,8533,145,68263
30,68438,335,0.0,8534,145,68293
4,68442,335,0.0,8535,145,68297
6,68448,335,0.0,8536,145,68303
7,68455,335,0.0,8537,145,68310
3,68458,335,0.0,8538,145,68313
8,68466,335,0.0,8539,145,68321
6,68472,335,0.0,8540,145,68327
2,68474,335,0.0,8541,145,68329
3,68477,335,0.0,8542,145,68332
12,68489,335,0.0,8543,145,68344
5,68494,335,0.0,8544,145,68349
5,68499,335,0.0,8545,145,68354
5,68504,335,0.0,8546,145,68359
11,68515,335,0.0,8547,145,68370
16,68531,335,0.0,8548,145,68386
2,68533,335,0.0,8549,145,68388
3,68536,335,0.0,8550,145,68391
11,68547,335,0.0,8551,145,68402
2,68549,335,0.0,8552,145,68404
3,68552,335,0.0,8553,145,68407
6,68558,335,0.0,8554,145,68413
6,68564,335,0.0,8555,145,68419
3,68567,335,0.0,8556,145,68422
7,68574,335,0.0,8557,145,68429
8,68582,335,0.0,8558,145,68437
13,68595,336,1.0,8559,145,68450
5,68600,336,0.0,8560,145,68455
3,68603,336,0.0,8561,145,68458
3,68606,336,0.0,8562,145,68461
8,68614,336,0.0,8563,145,68469
9,68623,336,0.0,8564,145,68478
6,68629,336,0.0,8565,145,68484
7,68636,336,0.0,8566,145,68491
4,68640,336,0.0,8567,145,68495
7,68647,336,0.0,8568,145,68502
2,68649,336,0.0,8569,145,68504
4,68653,336,0.0,8570,145,68508
2,68655,336,0.0,8571,145,68510
9,68664,336,0.0,8572,145,68519
2,68666,336,0.0,8573,145,68521
4,68670,336,0.0,8574,145,68525
11,68681,336,0.0,8575,145,68536
4,68685,336,0.0,8576,145,68540
5,68690,336,0.0,8577,145,68545
4,68694,336,0.0,8578,145,68549
6,68700,336,0.0,8579,145,68555
5,68705,336,0.0,8580,145,68560
10,68715,336,0.0,8581,145,68570
9,68724,336,0.0,8582,145,68579
4,68728,336,0.0,8583,145,68583
19,68747,336,0.0,8584,145,68602
25,68772,336,0.0,8585,145,68627
4,68776,336,0.0,8586,145,68631
12,68788,336,0.0,8587,145,68643
5,68793,336,0.0,8588,145,68648
9,68802,336,0.0,8589,145,68657
3,68805,336,0.0,8590,145,68660
3,68808,336,0.0,8591,145,68663
14,68822,336,0.0,8592,145,68677
3,68825,336,0.0,8593,145,68680
12,68837,336,0.0,8594,145,68692
18,68855,336,0.0,8595,145,68710
16,68871,336,0.0,8596,145,68726
3,68874,336,0.0,8597,145,68729
6,68880,336,0.0,8598,145,68735
10,68890,336,0.0,8599,145,68745
5,68895,336,0.0,8600,145,68750
2,68897,336,0.0,8601,145,68752
5,68902,336,0.0,8602,145,68757
12,68914,336,0.0,8603,145,68769
47,68961,336,0.0,8604,145,68816
5,68966,336,0.0,8605,145,68821
10,68976,336,0.0,8606,145,68831
10,68986,336,0.0,8607,145,68841
9,68995,336,0.0,8608,145,68850
6,69001,336,0.0,8609,145,68856
11,69012,336,0.0,8610,145,68867
25,69037,337,1.0,8611,145,68892
2,69039,337,0.0,8612,145,68894
4,69043,337,0.0,8613,145,68898
2,69045,337,0.0,8614,145,68900
3,69048,337,0.0,8615,145,68903
3,69051,337,0.0,8616,145,68906
3,69054,337,0.0,8617,145,68909
6,69060,337,0.0,8618,145,68915
4,69064,337,0.0,8619,145,68919
5,69069,337,0.0,8620,145,68924
4,69073,337,0.0,8621,145,68928
3,69076,337,0.0,8622,145,68931
11,69087,337,0.0,8623,145,68942
9,69096,337,0.0,8624,145,68951
2,69098,337,0.0,8625,145,68953
5,69103,337,0.0,8626,145,68958
4,69107,337,0.0,8627,145,68962
10,69117,337,0.0,8628,145,68972
4,69121,337,0.0,8629,145,68976
6,69127,337,0.0,8630,145,68982
7,69134,337,0.0,8631,145,68989
12,69146,337,0.0,8632,145,69001
8,69154,337,0.0,8633,145,69009
6,69160,337,0.0,8634,145,69015
6,69166,337,0.0,8635,145,69021
17,69183,337,0.0,8636,145,69038
21,69204,337,0.0,8637,145,69059
12,69216,337,0.0,8638,145,69071
9,69225,337,0.0,8639,145,69080
8,69233,337,0.0,8640,145,69088
7,69240,337,0.0,8641,145,69095
4,69244,337,0.0,8642,145,69099
6,69250,337,0.0,8643,145,69105
5,69255,337,0.0,8644,145,69110
6,69261,337,0.0,8645,145,69116
5,69266,337,0.0,8646,145,69121
3,69269,337,0.0,8647,145,69124
14,69283,338,1.0,8648,145,69138
5,69288,338,0.0,8649,145,69143
4,69292,338,0.0,8650,145,69147
12,69304,338,0.0,8651,145,69159
9,69313,339,1.0,8652,145,69168
4,69317,339,0.0,8653,145,69172
2,69319,339,0.0,8654,145,69174
3,69322,339,0.0,8655,145,69177
43,69365,339,0.0,8656,145,69220
3,69368,339,0.0,8657,145,69223
3,69371,339,0.0,8658,145,69226
5,69376,339,0.0,8659,145,69231
3,69379,339,0.0,8660,145,69234
7,69386,339,0.0,8661,145,69241
5,69391,339,0.0,8662,145,69246
2,69393,339,0.0,8663,145,69248
2,69395,339,0.0,8664,145,69250
28,69423,339,0.0,8665,145,69278
6,69429,339,0.0,8666,145,69284
2,69431,339,0.0,8667,145,69286
3,69434,339,0.0,8668,145,69289
7,69441,339,0.0,8669,145,69296
9,69450,339,0.0,8670,145,69305
5,69455,339,0.0,8671,145,69310
13,69468,340,1.0,8672,145,69323
3,69471,340,0.0,8673,145,69326
2,69473,340,0.0,8674,145,69328
4,69477,340,0.0,8675,145,69332
25,69502,340,0.0,8676,145,69357
11,69513,340,0.0,8677,145,69368
2,69515,340,0.0,8678,145,69370
12,69527,340,0.0,8679,145,69382
17,69544,340,0.0,8680,145,69399
14,69558,340,0.0,8681,145,69413
6,69564,340,0.0,8682,145,69419
11,69575,340,0.0,8683,145,69430
4,69579,340,0.0,8684,145,69434
8,69587,340,0.0,8685,145,69442
4,69591,340,0.0,8686,145,69446
4,69595,340,0.0,8687,145,69450
3,69598,340,0.0,8688,145,69453
2,69600,340,0.0,8689,145,69455
7,69607,340,0.0,8690,145,69462
13,69620,341,1.0,8691,145,69475
21,69641,341,0.0,8692,145,69496
13,69654,341,0.0,8693,145,69509
18,69672,341,0.0,8694,145,69527
5,69677,341,0.0,8695,145,69532
11,69688,341,0.0,8696,145,69543
3,69691,341,0.0,8697,145,69546
5,69696,341,0.0,8698,145,69551
27,69723,341,0.0,8699,145,69578
13,69736,342,1.0,8700,145,69591
12,69748,342,0.0,8701,145,69603
11,69759,342,0.0,8702,145,69614
3,69762,342,0.0,8703,145,69617
9,69771,342,0.0,8704,145,69626
6,69777,342,0.0,8705,145,69632
13,69790,343,1.0,8706,145,69645
2,69792,343,0.0,8707,145,69647
16,69808,343,0.0,8708,145,69663
8,69816,343,0.0,8709,145,69671
7,69823,343,0.0,8710,145,69678
17,69840,343,0.0,8711,145,69695
12,69852,343,0.0,8712,145,69707
9,69861,343,0.0,8713,145,69716
19,69880,343,0.0,8714,145,69735
24,69904,343,0.0,8715,145,69759
24,69928,343,0.0,8716,145,69783
6,69934,343,0.0,8717,145,69789
11,69945,343,0.0,8718,145,69800
15,69960,343,0.0,8719,145,69815
6,69966,343,0.0,8720,145,69821
6,69972,343,0.0,8721,145,69827
4,69976,343,0.0,8722,145,69831
7,69983,343,0.0,8723,145,69838
3,69986,343,0.0,8724,145,69841
5,69991,343,0.0,8725,145,69846
11,70002,343,0.0,8726,145,69857
11,70013,343,0.0,8727,145,69868
8,70021,343,0.0,8728,145,69876
4,70025,343,0.0,8729,145,69880
12,70037,343,0.0,8730,145,69892
7,70044,343,0.0,8731,145,69899
10,70054,343,0.0,8732,145,69909
2,70056,343,0.0,8733,145,69911
2,70058,343,0.0,8734,145,69913
12,70070,343,0.0,8735,145,69925
3,70073,343,0.0,8736,145,69928
6,70079,343,0.0,8737,145,69934
7,70086,343,0.0,8738,145,69941
5,70091,343,0.0,8739,145,69946
9,70100,343,0.0,8740,145,69955
2,70102,343,0.0,8741,145,69957
2,70104,343,0.0,8742,145,69959
7,70111,343,0.0,8743,145,69966
2,70113,343,0.0,8744,145,69968
14,70127,343,0.0,8745,145,69982
3,70130,343,0.0,8746,145,69985
5,70135,343,0.0,8747,145,69990
8,70143,343,0.0,8748,145,69998
3,70146,343,0.0,8749,145,70001
9,70155,343,0.0,8750,145,70010
10,70165,343,0.0,8751,145,70020
6,70171,343,0.0,8752,145,70026
3,70174,343,0.0,8753,145,70029
10,70184,343,0.0,8754,145,70039
8,70192,343,0.0,8755,145,70047
6,70198,343,0.0,8756,145,70053
15,70213,343,0.0,8757,145,70068
19,70232,343,0.0,8758,145,70087
2,70234,343,0.0,8759,145,70089
3,70237,343,0.0,8760,145,70092
3,70240,343,0.0,8761,145,70095
5,70245,343,0.0,8762,145,70100
21,70266,343,0.0,8763,145,70121
4,70270,343,0.0,8764,145,70125
2,70272,343,0.0,8765,145,70127
26,70298,343,0.0,8766,145,70153
5,70303,343,0.0,8767,145,70158
12,70315,343,0.0,8768,145,70170
2,70317,343,0.0,8769,145,70172
8,70325,343,0.0,8770,145,70180
5,70330,343,0.0,8771,145,70185
16,70346,343,0.0,8772,145,70201
6,70352,343,0.0,8773,145,70207
16,70368,343,0.0,8774,145,70223
4,70372,343,0.0,8775,145,70227
7,70379,343,0.0,8776,145,70234
7,70386,343,0.0,8777,145,70241
14,70400,344,1.0,8778,145,70255
17,70417,344,0.0,8779,145,70272
20,70437,344,0.0,8780,145,70292
17,70454,344,0.0,8781,145,70309
4,70458,344,0.0,8782,145,70313
5,70463,344,0.0,8783,145,70318
8,70471,344,0.0,8784,145,70326
9,70480,344,0.0,8785,145,70335
2,70482,344,0.0,8786,145,70337
19,70501,344,0.0,8787,145,70356
8,70509,344,0.0,8788,145,70364
17,70526,344,0.0,8789,145,70381
5,70531,344,0.0,8790,145,70386
11,70542,344,0.0,8791,145,70397
4,70546,344,0.0,8792,145,70401
6,70552,344,0.0,8793,145,70407
6,70558,344,0.0,8794,145,70413
2,70560,344,0.0,8795,145,70415
7,70567,344,0.0,8796,145,70422
7,70574,344,0.0,8797,145,70429
2,70576,344,0.0,8798,145,70431
7,70583,344,0.0,8799,145,70438
3,70586,344,0.0,8800,145,70441
13,70599,345,1.0,8801,145,70454
7,70606,345,0.0,8802,145,70461
3,70609,345,0.0,8803,145,70464
13,70622,345,0.0,8804,145,70477
13,70635,346,1.0,8805,145,70490
5,70640,346,0.0,8806,145,70495
2,70642,346,0.0,8807,145,70497
13,70655,346,0.0,8808,145,70510
5,70660,346,0.0,8809,145,70515
5,70665,346,0.0,8810,145,70520
2,70667,346,0.0,8811,145,70522
12,70679,346,0.0,8812,145,70534
5,70684,346,0.0,8813,145,70539
3,70687,346,0.0,8814,145,70542
23,70710,346,0.0,8815,145,70565
5,70715,346,0.0,8816,145,70570
3,70718,346,0.0,8817,145,70573
5,70723,346,0.0,8818,145,70578
5,70728,346,0.0,8819,145,70583
18,70746,347,1.0,8820,145,70601
14,70760,347,0.0,8821,145,70615
11,70771,347,0.0,8822,145,70626
19,70790,347,0.0,8823,145,70645
3,70793,347,0.0,8824,145,70648
10,70803,347,0.0,8825,145,70658
2,70805,347,0.0,8826,145,70660
11,70816,347,0.0,8827,145,70671
3,70819,347,0.0,8828,145,70674
2,70821,347,0.0,8829,145,70676
2,70823,347,0.0,8830,145,70678
8,70831,347,0.0,8831,145,70686
12,70843,347,0.0,8832,145,70698
11,70854,347,0.0,8833,145,70709
11,70865,347,0.0,8834,145,70720
15,70880,348,1.0,8835,145,70735
14,70894,348,0.0,8836,145,70749
12,70906,348,0.0,8837,145,70761
5,70911,348,0.0,8838,145,70766
6,70917,348,0.0,8839,145,70772
3,70920,348,0.0,8840,145,70775
20,70940,348,0.0,8841,145,70795
11,70951,348,0.0,8842,145,70806
13,70964,349,1.0,8843,145,70819
10,70974,349,0.0,8844,145,70829
16,70990,349,0.0,8845,145,70845
4,70994,349,0.0,8846,145,70849
2,70996,349,0.0,8847,145,70851
4,71000,349,0.0,8848,145,70855
3,71003,349,0.0,8849,145,70858
20,71023,349,0.0,8850,145,70878
11,71034,349,0.0,8851,145,70889
19,71053,349,0.0,8852,145,70908
9,71062,349,0.0,8853,145,70917
5,71067,349,0.0,8854,145,70922
4,71071,349,0.0,8855,145,70926
2,71073,349,0.0,8856,145,70928
24,71097,349,0.0,8857,145,70952
12,71109,349,0.0,8858,145,70964
2,71111,349,0.0,8859,145,70966
16,71127,349,0.0,8860,145,70982
5,71132,349,0.0,8861,145,70987
7,71139,349,0.0,8862,145,70994
12,71151,349,0.0,8863,145,71006
8,71159,349,0.0,8864,145,71014
5,71164,349,0.0,8865,145,71019
2,71166,349,0.0,8866,145,71021
8,71174,349,0.0,8867,145,71029
2,71176,349,0.0,8868,145,71031
12,71188,349,0.0,8869,145,71043
2,71190,349,0.0,8870,145,71045
3,71193,349,0.0,8871,145,71048
13,71206,350,1.0,8872,145,71061
4,71210,350,0.0,8873,145,71065
19,71229,350,0.0,8874,145,71084
13,71242,351,1.0,8875,145,71097
4,71246,351,0.0,8876,145,71101
13,71259,351,0.0,8877,145,71114
16,71275,351,0.0,8878,145,71130
3,71278,351,0.0,8879,145,71133
12,71290,351,0.0,8880,145,71145
20,71310,351,0.0,8881,145,71165
7,71317,351,0.0,8882,145,71172
12,71329,351,0.0,8883,145,71184
11,71340,351,0.0,8884,145,71195
5,71345,351,0.0,8885,145,71200
6,71351,351,0.0,8886,145,71206
6,71357,351,0.0,8887,145,71212
2,71359,351,0.0,8888,145,71214
11,71370,351,0.0,8889,145,71225
9,71379,351,0.0,8890,145,71234
3,71382,351,0.0,8891,145,71237
2,71384,351,0.0,8892,145,71239
11,71395,351,0.0,8893,145,71250
7,71402,351,0.0,8894,145,71257
4,71406,351,0.0,8895,145,71261
3,71409,351,0.0,8896,145,71264
11,71420,351,0.0,8897,145,71275
7,71427,351,0.0,8898,145,71282
7,71434,351,0.0,8899,145,71289
19,71453,351,0.0,8900,145,71308
12,71465,351,0.0,8901,145,71320
12,71477,351,0.0,8902,145,71332
6,71483,351,0.0,8903,145,71338
11,71494,351,0.0,8904,145,71349
12,71506,351,0.0,8905,145,71361
4,71510,351,0.0,8906,145,71365
7,71517,351,0.0,8907,145,71372
5,71522,351,0.0,8908,145,71377
2,71524,351,0.0,8909,145,71379
7,71531,351,0.0,8910,145,71386
9,71540,351,0.0,8911,145,71395
3,71543,351,0.0,8912,145,71398
20,71563,351,0.0,8913,145,71418
28,71591,352,1.0,8914,145,71446
12,71603,352,0.0,8915,145,71458
13,71616,352,0.0,8916,145,71471
9,71625,352,0.0,8917,145,71480
9,71634,352,0.0,8918,145,71489
11,71645,352,0.0,8919,145,71500
4,71649,352,0.0,8920,145,71504
13,71662,353,1.0,8921,145,71517
11,71673,353,0.0,8922,145,71528
4,71677,353,0.0,8923,145,71532
3,71680,353,0.0,8924,145,71535
12,71692,353,0.0,8925,145,71547
10,71702,353,0.0,8926,145,71557
2,71704,353,0.0,8927,145,71559
13,71717,353,0.0,8928,145,71572
15,71732,353,0.0,8929,145,71587
5,71737,353,0.0,8930,145,71592
14,71751,353,0.0,8931,145,71606
16,71767,353,0.0,8932,145,71622
7,71774,353,0.0,8933,145,71629
9,71783,353,0.0,8934,145,71638
2,71785,353,0.0,8935,145,71640
8,71793,353,0.0,8936,145,71648
4,71797,353,0.0,8937,145,71652
16,71813,353,0.0,8938,145,71668
10,71823,353,0.0,8939,145,71678
6,71829,353,0.0,8940,145,71684
6,71835,353,0.0,8941,145,71690
17,71852,353,0.0,8942,145,71707
6,71858,353,0.0,8943,145,71713
3,71861,353,0.0,8944,145,71716
4,71865,353,0.0,8945,145,71720
6,71871,353,0.0,8946,145,71726
19,71890,353,0.0,8947,146,71744
24,71914,353,0.0,8948,146,71768
5,71919,353,0.0,8949,146,71773
3,71922,353,0.0,8950,146,71776
9,71931,353,0.0,8951,146,71785
4,71935,353,0.0,8952,146,71789
8,71943,353,0.0,8953,146,71797
4,71947,353,0.0,8954,146,71801
2,71949,353,0.0,8955,146,71803
20,71969,353,0.0,8956,146,71823
5,71974,353,0.0,8957,146,71828
2,71976,353,0.0,8958,146,71830
5,71981,353,0.0,8959,146,71835
12,71993,353,0.0,8960,146,71847
2,71995,353,0.0,8961,146,71849
6,72001,353,0.0,8962,146,71855
22,72023,353,0.0,8963,146,71877
17,72040,353,0.0,8964,146,71894
3,72043,353,0.0,8965,146,71897
12,72055,353,0.0,8966,146,71909
15,72070,353,0.0,8967,146,71924
3,72073,353,0.0,8968,146,71927
3,72076,353,0.0,8969,146,71930
5,72081,353,0.0,8970,146,71935
9,72090,353,0.0,8971,146,71944
5,72095,353,0.0,8972,146,71949
3,72098,353,0.0,8973,146,71952
2,72100,353,0.0,8974,146,71954
4,72104,353,0.0,8975,146,71958
3,72107,353,0.0,8976,146,71961
2,72109,353,0.0,8977,146,71963
20,72129,353,0.0,8978,146,71983
4,72133,353,0.0,8979,146,71987
10,72143,353,0.0,8980,146,71997
8,72151,353,0.0,8981,146,72005
2,72153,353,0.0,8982,146,72007
5,72158,353,0.0,8983,146,72012
2,72160,353,0.0,8984,146,72014
19,72179,353,0.0,8985,146,72033
13,72192,354,1.0,8986,146,72046
2,72194,354,0.0,8987,146,72048
12,72206,354,0.0,8988,146,72060
2,72208,354,0.0,8989,146,72062
7,72215,354,0.0,8990,146,72069
13,72228,355,1.0,8991,146,72082
12,72240,355,0.0,8992,146,72094
7,72247,355,0.0,8993,146,72101
2,72249,355,0.0,8994,146,72103
4,72253,355,0.0,8995,146,72107
11,72264,355,0.0,8996,146,72118
2,72266,355,0.0,8997,146,72120
2,72268,355,0.0,8998,146,72122
12,72280,355,0.0,8999,146,72134
4,72284,355,0.0,9000,146,72138
2,72286,355,0.0,9001,146,72140
9,72295,355,0.0,9002,146,72149
2,72297,355,0.0,9003,146,72151
3,72300,355,0.0,9004,146,72154
12,72312,355,0.0,9005,146,72166
5,72317,355,0.0,9006,146,72171
2,72319,355,0.0,9007,146,72173
11,72330,355,0.0,9008,146,72184
3,72333,355,0.0,9009,146,72187
10,72343,355,0.0,9010,146,72197
12,72355,355,0.0,9011,146,72209
8,72363,355,0.0,9012,146,72217
3,72366,355,0.0,9013,146,72220
19,72385,355,0.0,9014,146,72239
9,72394,355,0.0,9015,146,72248
9,72403,356,1.0,9016,146,72257
7,72410,356,0.0,9017,146,72264
4,72414,356,0.0,9018,146,72268
3,72417,356,0.0,9019,146,72271
2,72419,356,0.0,9020,146,72273
7,72426,356,0.0,9021,146,72280
6,72432,356,0.0,9022,146,72286
5,72437,356,0.0,9023,146,72291
6,72443,356,0.0,9024,146,72297
4,72447,356,0.0,9025,146,72301
17,72464,356,0.0,9026,146,72318
12,72476,356,0.0,9027,146,72330
2,72478,356,0.0,9028,146,72332
5,72483,356,0.0,9029,146,72337
3,72486,356,0.0,9030,146,72340
4,72490,356,0.0,9031,146,72344
9,72499,356,0.0,9032,146,72353
4,72503,356,0.0,9033,146,72357
5,72508,356,0.0,9034,146,72362
9,72517,356,0.0,9035,146,72371
5,72522,356,0.0,9036,146,72376
15,72537,356,0.0,9037,146,72391
2,72539,356,0.0,9038,146,72393
13,72552,356,0.0,9039,146,72406
6,72558,356,0.0,9040,146,72412
8,72566,356,0.0,9041,146,72420
9,72575,356,0.0,9042,146,72429
2,72577,356,0.0,9043,146,72431
22,72599,356,0.0,9044,146,72453
2,72601,356,0.0,9045,146,72455
12,72613,356,0.0,9046,146,72467
20,72633,356,0.0,9047,146,72487
7,72640,356,0.0,9048,146,72494
7,72647,356,0.0,9049,146,72501
6,72653,356,0.0,9050,146,72507
28,72681,356,0.0,9051,146,72535
13,72694,356,0.0,9052,146,72548
8,72702,356,0.0,9053,146,72556
6,72708,356,0.0,9054,146,72562
7,72715,356,0.0,9055,146,72569
5,72720,356,0.0,9056,146,72574
7,72727,356,0.0,9057,146,72581
13,72740,356,0.0,9058,146,72594
17,72757,356,0.0,9059,146,72611
28,72785,356,0.0,9060,146,72639
11,72796,356,0.0,9061,146,72650
17,72813,356,0.0,9062,146,72667
2,72815,356,0.0,9063,146,72669
3,72818,356,0.0,9064,146,72672
6,72824,356,0.0,9065,146,72678
6,72830,356,0.0,9066,146,72684
4,72834,356,0.0,9067,146,72688
20,72854,356,0.0,9068,146,72708
11,72865,356,0.0,9069,146,72719
2,72867,356,0.0,9070,146,72721
5,72872,356,0.0,9071,146,72726
16,72888,356,0.0,9072,146,72742
9,72897,356,0.0,9073,146,72751
6,72903,356,0.0,9074,146,72757
13,72916,356,0.0,9075,146,72770
4,72920,356,0.0,9076,146,72774
6,72926,356,0.0,9077,146,72780
2,72928,356,0.0,9078,146,72782
3,72931,356,0.0,9079,146,72785
22,72953,356,0.0,9080,146,72807
18,72971,357,1.0,9081,146,72825
12,72983,357,0.0,9082,146,72837
15,72998,357,0.0,9083,146,72852
4,73002,357,0.0,9084,146,72856
12,73014,357,0.0,9085,146,72868
27,73041,357,0.0,9086,146,72895
7,73048,357,0.0,9087,146,72902
7,73055,357,0.0,9088,146,72909
16,73071,357,0.0,9089,146,72925
2,73073,357,0.0,9090,146,72927
20,73093,357,0.0,9091,146,72947
6,73099,357,0.0,9092,146,72953
22,73121,357,0.0,9093,146,72975
5,73126,357,0.0,9094,146,72980
15,73141,357,0.0,9095,146,72995
22,73163,357,0.0,9096,146,73017
13,73176,357,0.0,9097,146,73030
4,73180,357,0.0,9098,146,73034
2,73182,357,0.0,9099,146,73036
11,73193,357,0.0,9100,146,73047
15,73208,357,0.0,9101,146,73062
2,73210,357,0.0,9102,146,73064
4,73214,357,0.0,9103,146,73068
2,73216,357,0.0,9104,146,73070
2,73218,357,0.0,9105,146,73072
5,73223,357,0.0,9106,146,73077
3,73226,357,0.0,9107,146,73080
5,73231,357,0.0,9108,146,73085
6,73237,357,0.0,9109,146,73091
6,73243,357,0.0,9110,146,73097
8,73251,357,0.0,9111,146,73105
10,73261,357,0.0,9112,146,73115
7,73268,357,0.0,9113,146,73122
12,73280,357,0.0,9114,146,73134
11,73291,357,0.0,9115,146,73145
5,73296,357,0.0,9116,146,73150
15,73311,357,0.0,9117,146,73165
14,73325,357,0.0,9118,146,73179
4,73329,357,0.0,9119,146,73183
4,73333,357,0.0,9120,146,73187
13,73346,357,0.0,9121,146,73200
7,73353,357,0.0,9122,146,73207
15,73368,357,0.0,9123,146,73222
3,73371,357,0.0,9124,146,73225
2,73373,357,0.0,9125,146,73227
11,73384,357,0.0,9126,146,73238
5,73389,357,0.0,9127,146,73243
19,73408,357,0.0,9128,146,73262
2,73410,357,0.0,9129,146,73264
7,73417,357,0.0,9130,146,73271
3,73420,357,0.0,9131,146,73274
5,73425,357,0.0,9132,146,73279
22,73447,357,0.0,9133,146,73301
11,73458,357,0.0,9134,146,73312
5,73463,357,0.0,9135,146,73317
10,73473,357,0.0,9136,146,73327
7,73480,357,0.0,9137,146,73334
5,73485,357,0.0,9138,146,73339
8,73493,357,0.0,9139,146,73347
7,73500,357,0.0,9140,146,73354
6,73506,357,0.0,9141,146,73360
5,73511,357,0.0,9142,146,73365
5,73516,357,0.0,9143,146,73370
5,73521,357,0.0,9144,146,73375
5,73526,357,0.0,9145,146,73380
6,73532,357,0.0,9146,146,73386
28,73560,357,0.0,9147,146,73414
6,73566,357,0.0,9148,146,73420
13,73579,357,0.0,9149,146,73433
3,73582,357,0.0,9150,146,73436
15,73597,357,0.0,9151,146,73451
3,73600,357,0.0,9152,146,73454
9,73609,357,0.0,9153,146,73463
8,73617,357,0.0,9154,146,73471
41,73658,358,1.0,9155,146,73512
5,73663,358,0.0,9156,146,73517
4,73667,358,0.0,9157,146,73521
2,73669,358,0.0,9158,146,73523
16,73685,358,0.0,9159,146,73539
8,73693,358,0.0,9160,146,73547
12,73705,358,0.0,9161,146,73559
2,73707,358,0.0,9162,146,73561
4,73711,358,0.0,9163,146,73565
7,73718,358,0.0,9164,146,73572
10,73728,358,0.0,9165,146,73582
3,73731,358,0.0,9166,146,73585
3,73734,358,0.0,9167,146,73588
12,73746,358,0.0,9168,146,73600
16,73762,358,0.0,9169,146,73616
28,73790,358,0.0,9170,146,73644
11,73801,358,0.0,9171,146,73655
7,73808,358,0.0,9172,146,73662
2,73810,358,0.0,9173,146,73664
16,73826,358,0.0,9174,146,73680
7,73833,358,0.0,9175,146,73687
5,73838,358,0.0,9176,146,73692
9,73847,358,0.0,9177,146,73701
15,73862,358,0.0,9178,146,73716
4,73866,358,0.0,9179,146,73720
12,73878,358,0.0,9180,146,73732
7,73885,358,0.0,9181,146,73739
3,73888,358,0.0,9182,146,73742
20,73908,358,0.0,9183,146,73762
21,73929,358,0.0,9184,146,73783
5,73934,358,0.0,9185,146,73788
11,73945,358,0.0,9186,146,73799
4,73949,358,0.0,9187,146,73803
4,73953,358,0.0,9188,146,73807
7,73960,358,0.0,9189,146,73814
6,73966,358,0.0,9190,146,73820
13,73979,359,1.0,9191,146,73833
5,73984,359,0.0,9192,146,73838
2,73986,359,0.0,9193,146,73840
10,73996,359,0.0,9194,146,73850
3,73999,359,0.0,9195,146,73853
9,74008,359,0.0,9196,146,73862
2,74010,359,0.0,9197,146,73864
8,74018,359,0.0,9198,146,73872
11,74029,359,0.0,9199,146,73883
5,74034,359,0.0,9200,146,73888
5,74039,359,0.0,9201,146,73893
14,74053,359,0.0,9202,146,73907
7,74060,359,0.0,9203,146,73914
11,74071,359,0.0,9204,146,73925
13,74084,359,0.0,9205,146,73938
5,74089,359,0.0,9206,146,73943
5,74094,359,0.0,9207,146,73948
5,74099,359,0.0,9208,146,73953
2,74101,359,0.0,9209,146,73955
3,74104,359,0.0,9210,146,73958
2,74106,359,0.0,9211,146,73960
18,74124,359,0.0,9212,146,73978
12,74136,359,0.0,9213,146,73990
15,74151,359,0.0,9214,146,74005
3,74154,359,0.0,9215,146,74008
3,74157,359,0.0,9216,146,74011
10,74167,359,0.0,9217,146,74021
10,74177,359,0.0,9218,146,74031
5,74182,359,0.0,9219,146,74036
5,74187,359,0.0,9220,146,74041
5,74192,359,0.0,9221,146,74046
10,74202,359,0.0,9222,146,74056
4,74206,359,0.0,9223,146,74060
8,74214,359,0.0,9224,146,74068
5,74219,359,0.0,9225,146,74073
2,74221,359,0.0,9226,146,74075
7,74228,359,0.0,9227,146,74082
13,74241,359,0.0,9228,146,74095
2,74243,359,0.0,9229,146,74097
2,74245,359,0.0,9230,146,74099
12,74257,359,0.0,9231,146,74111
7,74264,359,0.0,9232,146,74118
10,74274,359,0.0,9233,146,74128
3,74277,359,0.0,9234,146,74131
8,74285,359,0.0,9235,146,74139
13,74298,360,1.0,9236,146,74152
4,74302,360,0.0,9237,146,74156
16,74318,360,0.0,9238,146,74172
11,74329,360,0.0,9239,146,74183
2,74331,360,0.0,9240,146,74185
18,74349,361,1.0,9241,146,74203
14,74363,361,0.0,9242,146,74217
12,74375,361,0.0,9243,146,74229
15,74390,361,0.0,9244,146,74244
5,74395,361,0.0,9245,146,74249
4,74399,361,0.0,9246,146,74253
20,74419,361,0.0,9247,146,74273
6,74425,361,0.0,9248,146,74279
4,74429,361,0.0,9249,146,74283
5,74434,361,0.0,9250,146,74288
6,74440,361,0.0,9251,146,74294
3,74443,361,0.0,9252,146,74297
13,74456,362,1.0,9253,146,74310
4,74460,362,0.0,9254,146,74314
4,74464,362,0.0,9255,146,74318
2,74466,362,0.0,9256,146,74320
10,74476,362,0.0,9257,146,74330
6,74482,362,0.0,9258,146,74336
5,74487,362,0.0,9259,146,74341
12,74499,362,0.0,9260,146,74353
10,74509,362,0.0,9261,146,74363
2,74511,362,0.0,9262,146,74365
17,74528,362,0.0,9263,146,74382
11,74539,362,0.0,9264,146,74393
6,74545,362,0.0,9265,146,74399
6,74551,362,0.0,9266,146,74405
16,74567,362,0.0,9267,146,74421
4,74571,362,0.0,9268,146,74425
14,74585,362,0.0,9269,146,74439
4,74589,362,0.0,9270,146,74443
5,74594,362,0.0,9271,146,74448
6,74600,362,0.0,9272,146,74454
5,74605,362,0.0,9273,146,74459
13,74618,362,0.0,9274,146,74472
2,74620,362,0.0,9275,146,74474
8,74628,362,0.0,9276,146,74482
12,74640,362,0.0,9277,146,74494
2,74642,362,0.0,9278,146,74496
25,74667,363,1.0,9279,146,74521
5,74672,363,0.0,9280,146,74526
2,74674,363,0.0,9281,146,74528
6,74680,363,0.0,9282,146,74534
8,74688,363,0.0,9283,146,74542
2,74690,363,0.0,9284,146,74544
4,74694,363,0.0,9285,146,74548
4,74698,363,0.0,9286,146,74552
10,74708,363,0.0,9287,146,74562
4,74712,363,0.0,9288,146,74566
4,74716,363,0.0,9289,146,74570
7,74723,363,0.0,9290,146,74577
12,74735,363,0.0,9291,146,74589
4,74739,363,0.0,9292,146,74593
4,74743,363,0.0,9293,146,74597
10,74753,363,0.0,9294,146,74607
8,74761,363,0.0,9295,146,74615
8,74769,363,0.0,9296,146,74623
14,74783,363,0.0,9297,146,74637
5,74788,363,0.0,9298,146,74642
12,74800,363,0.0,9299,146,74654
21,74821,363,0.0,9300,146,74675
7,74828,363,0.0,9301,146,74682
5,74833,363,0.0,9302,146,74687
5,74838,363,0.0,9303,146,74692
4,74842,363,0.0,9304,146,74696
2,74844,363,0.0,9305,146,74698
2,74846,363,0.0,9306,146,74700
5,74851,363,0.0,9307,146,74705
16,74867,363,0.0,9308,146,74721
6,74873,363,0.0,9309,146,74727
8,74881,363,0.0,9310,146,74735
3,74884,363,0.0,9311,146,74738
7,74891,363,0.0,9312,146,74745
5,74896,363,0.0,9313,146,74750
12,74908,363,0.0,9314,146,74762
4,74912,363,0.0,9315,146,74766
5,74917,363,0.0,9316,146,74771
5,74922,363,0.0,9317,146,74776
13,74935,363,0.0,9318,146,74789
7,74942,363,0.0,9319,146,74796
11,74953,363,0.0,9320,146,74807
8,74961,363,0.0,9321,146,74815
6,74967,363,0.0,9322,146,74821
8,74975,363,0.0,9323,146,74829
16,74991,363,0.0,9324,146,74845
4,74995,363,0.0,9325,146,74849
13,75008,363,0.0,9326,146,74862
4,75012,363,0.0,9327,146,74866
11,75023,363,0.0,9328,146,74877
3,75026,363,0.0,9329,146,74880
5,75031,363,0.0,9330,146,74885
3,75034,363,0.0,9331,146,74888
3,75037,363,0.0,9332,146,74891
2,75039,363,0.0,9333,146,74893
6,75045,363,0.0,9334,146,74899
10,75055,363,0.0,9335,146,74909
3,75058,363,0.0,9336,146,74912
3,75061,363,0.0,9337,146,74915
8,75069,363,0.0,9338,146,74923
2,75071,363,0.0,9339,146,74925
4,75075,363,0.0,9340,146,74929
7,75082,363,0.0,9341,146,74936
47,75129,363,0.0,9342,146,74983
9,75138,363,0.0,9343,146,74992
8,75146,363,0.0,9344,146,75000
11,75157,363,0.0,9345,146,75011
3,75160,363,0.0,9346,146,75014
3,75163,363,0.0,9347,146,75017
5,75168,363,0.0,9348,146,75022
6,75174,363,0.0,9349,146,75028
68,75242,364,1.0,9350,146,75096
6,75248,364,0.0,9351,146,75102
4,75252,364,0.0,9352,146,75106
3,75255,364,0.0,9353,146,75109
23,75278,364,0.0,9354,146,75132
8,75286,364,0.0,9355,146,75140
8,75294,364,0.0,9356,146,75148
4,75298,364,0.0,9357,146,75152
25,75323,364,0.0,9358,146,75177
4,75327,364,0.0,9359,146,75181
9,75336,364,0.0,9360,146,75190
10,75346,364,0.0,9361,146,75200
9,75355,364,0.0,9362,146,75209
11,75366,364,0.0,9363,146,75220
4,75370,364,0.0,9364,146,75224
2,75372,364,0.0,9365,146,75226
5,75377,364,0.0,9366,146,75231
7,75384,364,0.0,9367,146,75238
13,75397,365,1.0,9368,146,75251
4,75401,365,0.0,9369,146,75255
4,75405,365,0.0,9370,146,75259
9,75414,365,0.0,9371,146,75268
9,75423,365,0.0,9372,146,75277
6,75429,365,0.0,9373,146,75283
2,75431,365,0.0,9374,146,75285
4,75435,365,0.0,9375,146,75289
5,75440,365,0.0,9376,146,75294
7,75447,365,0.0,9377,146,75301
6,75453,365,0.0,9378,146,75307
12,75465,365,0.0,9379,146,75319
9,75474,365,0.0,9380,146,75328
4,75478,365,0.0,9381,146,75332
15,75493,365,0.0,9382,146,75347
5,75498,365,0.0,9383,146,75352
3,75501,365,0.0,9384,146,75355
5,75506,365,0.0,9385,146,75360
5,75511,365,0.0,9386,146,75365
6,75517,365,0.0,9387,146,75371
8,75525,365,0.0,9388,146,75379
11,75536,365,0.0,9389,146,75390
18,75554,365,0.0,9390,146,75408
18,75572,365,0.0,9391,146,75426
2,75574,365,0.0,9392,146,75428
9,75583,365,0.0,9393,146,75437
7,75590,365,0.0,9394,146,75444
4,75594,365,0.0,9395,146,75448
8,75602,365,0.0,9396,146,75456
6,75608,365,0.0,9397,146,75462
7,75615,365,0.0,9398,146,75469
7,75622,365,0.0,9399,146,75476
2,75624,365,0.0,9400,146,75478
2,75626,365,0.0,9401,146,75480
25,75651,365,0.0,9402,146,75505
12,75663,365,0.0,9403,146,75517
2,75665,365,0.0,9404,146,75519
3,75668,365,0.0,9405,146,75522
3,75671,365,0.0,9406,146,75525
30,75701,365,0.0,9407,146,75555
2,75703,365,0.0,9408,146,75557
5,75708,365,0.0,9409,146,75562
5,75713,365,0.0,9410,146,75567
5,75718,365,0.0,9411,146,75572
2,75720,365,0.0,9412,146,75574
7,75727,365,0.0,9413,146,75581
3,75730,365,0.0,9414,146,75584
6,75736,365,0.0,9415,146,75590
3,75739,365,0.0,9416,146,75593
2,75741,365,0.0,9417,146,75595
8,75749,365,0.0,9418,146,75603
7,75756,365,0.0,9419,146,75610
13,75769,366,1.0,9420,146,75623
8,75777,366,0.0,9421,146,75631
3,75780,366,0.0,9422,146,75634
11,75791,366,0.0,9423,146,75645
10,75801,366,0.0,9424,146,75655
2,75803,366,0.0,9425,146,75657
5,75808,366,0.0,9426,146,75662
3,75811,366,0.0,9427,146,75665
15,75826,367,1.0,9428,146,75680
16,75842,367,0.0,9429,146,75696
6,75848,367,0.0,9430,146,75702
5,75853,367,0.0,9431,146,75707
5,75858,367,0.0,9432,146,75712
4,75862,367,0.0,9433,146,75716
6,75868,367,0.0,9434,146,75722
21,75889,367,0.0,9435,146,75743
13,75902,368,1.0,9436,146,75756
9,75911,368,0.0,9437,146,75765
5,75916,368,0.0,9438,146,75770
8,75924,368,0.0,9439,146,75778
9,75933,368,0.0,9440,146,75787
5,75938,368,0.0,9441,146,75792
2,75940,368,0.0,9442,146,75794
14,75954,368,0.0,9443,146,75808
5,75959,368,0.0,9444,146,75813
12,75971,368,0.0,9445,146,75825
10,75981,368,0.0,9446,146,75835
10,75991,368,0.0,9447,146,75845
6,75997,368,0.0,9448,146,75851
12,76009,368,0.0,9449,146,75863
17,76026,368,0.0,9450,146,75880
5,76031,368,0.0,9451,146,75885
8,76039,368,0.0,9452,146,75893
2,76041,368,0.0,9453,146,75895
2,76043,368,0.0,9454,146,75897
12,76055,368,0.0,9455,146,75909
10,76065,368,0.0,9456,146,75919
11,76076,368,0.0,9457,146,75930
3,76079,368,0.0,9458,146,75933
9,76088,368,0.0,9459,146,75942
16,76104,368,0.0,9460,146,75958
11,76115,368,0.0,9461,146,75969
9,76124,368,0.0,9462,146,75978
13,76137,369,1.0,9463,146,75991
8,76145,369,0.0,9464,146,75999
5,76150,369,0.0,9465,146,76004
13,76163,370,1.0,9466,146,76017
6,76169,370,0.0,9467,146,76023
3,76172,370,0.0,9468,146,76026
3,76175,370,0.0,9469,146,76029
3,76178,370,0.0,9470,146,76032
9,76187,370,0.0,9471,146,76041
4,76191,370,0.0,9472,146,76045
5,76196,370,0.0,9473,146,76050
10,76206,370,0.0,9474,146,76060
18,76224,371,1.0,9475,146,76078
15,76239,371,0.0,9476,146,76093
3,76242,371,0.0,9477,146,76096
6,76248,371,0.0,9478,146,76102
3,76251,371,0.0,9479,146,76105
12,76263,371,0.0,9480,146,76117
3,76266,371,0.0,9481,146,76120
10,76276,371,0.0,9482,146,76130
6,76282,371,0.0,9483,146,76136
7,76289,371,0.0,9484,146,76143
2,76291,371,0.0,9485,146,76145
3,76294,371,0.0,9486,146,76148
15,76309,371,0.0,9487,146,76163
6,76315,371,0.0,9488,146,76169
10,76325,371,0.0,9489,146,76179
18,76343,371,0.0,9490,146,76197
5,76348,371,0.0,9491,146,76202
9,76357,371,0.0,9492,146,76211
5,76362,371,0.0,9493,146,76216
4,76366,371,0.0,9494,146,76220
9,76375,371,0.0,9495,146,76229
8,76383,371,0.0,9496,146,76237
8,76391,371,0.0,9497,146,76245
10,76401,371,0.0,9498,146,76255
4,76405,371,0.0,9499,146,76259
25,76430,371,0.0,9500,146,76284
4,76434,371,0.0,9501,146,76288
11,76445,371,0.0,9502,146,76299
10,76455,371,0.0,9503,146,76309
2,76457,371,0.0,9504,146,76311
9,76466,371,0.0,9505,146,76320
12,76478,371,0.0,9506,146,76332
8,76486,371,0.0,9507,146,76340
2,76488,371,0.0,9508,146,76342
2,76490,371,0.0,9509,146,76344
7,76497,371,0.0,9510,146,76351
2,76499,371,0.0,9511,146,76353
13,76512,371,0.0,9512,146,76366
8,76520,371,0.0,9513,146,76374
12,76532,371,0.0,9514,146,76386
10,76542,371,0.0,9515,146,76396
7,76549,371,0.0,9516,146,76403
15,76564,371,0.0,9517,146,76418
10,76574,371,0.0,9518,146,76428
12,76586,371,0.0,9519,146,76440
4,76590,371,0.0,9520,146,76444
11,76601,371,0.0,9521,146,76455
5,76606,371,0.0,9522,146,76460
11,76617,371,0.0,9523,146,76471
3,76620,371,0.0,9524,146,76474
11,76631,371,0.0,9525,146,76485
2,76633,371,0.0,9526,146,76487
12,76645,371,0.0,9527,146,76499
11,76656,371,0.0,9528,146,76510
22,76678,371,0.0,9529,146,76532
2,76680,371,0.0,9530,146,76534
3,76683,371,0.0,9531,146,76537
6,76689,371,0.0,9532,146,76543
6,76695,371,0.0,9533,146,76549
13,76708,372,1.0,9534,146,76562
3,76711,372,0.0,9535,146,76565
7,76718,372,0.0,9536,146,76572
5,76723,372,0.0,9537,146,76577
4,76727,372,0.0,9538,146,76581
5,76732,372,0.0,9539,146,76586
2,76734,372,0.0,9540,146,76588
2,76736,372,0.0,9541,146,76590
25,76761,372,0.0,9542,146,76615
7,76768,372,0.0,9543,146,76622
3,76771,372,0.0,9544,146,76625
3,76774,372,0.0,9545,146,76628
7,76781,372,0.0,9546,146,76635
14,76795,372,0.0,9547,146,76649
2,76797,372,0.0,9548,146,76651
6,76803,372,0.0,9549,146,76657
8,76811,372,0.0,9550,146,76665
4,76815,372,0.0,9551,146,76669
3,76818,372,0.0,9552,146,76672
2,76820,372,0.0,9553,146,76674
10,76830,372,0.0,9554,146,76684
7,76837,372,0.0,9555,146,76691
27,76864,372,0.0,9556,146,76718
4,76868,372,0.0,9557,146,76722
11,76879,372,0.0,9558,146,76733
2,76881,372,0.0,9559,146,76735
18,76899,373,1.0,9560,146,76753
10,76909,373,0.0,9561,146,76763
3,76912,373,0.0,9562,146,76766
3,76915,373,0.0,9563,146,76769
3,76918,373,0.0,9564,146,76772
10,76928,373,0.0,9565,146,76782
11,76939,373,0.0,9566,146,76793
21,76960,373,0.0,9567,146,76814
5,76965,373,0.0,9568,146,76819
5,76970,373,0.0,9569,146,76824
14,76984,374,1.0,9570,146,76838
3,76987,374,0.0,9571,146,76841
10,76997,374,0.0,9572,146,76851
2,76999,374,0.0,9573,146,76853
5,77004,374,0.0,9574,146,76858
2,77006,374,0.0,9575,146,76860
4,77010,374,0.0,9576,146,76864
16,77026,374,0.0,9577,146,76880
8,77034,374,0.0,9578,146,76888
6,77040,374,0.0,9579,146,76894
2,77042,374,0.0,9580,146,76896
5,77047,374,0.0,9581,146,76901
16,77063,374,0.0,9582,146,76917
13,77076,374,0.0,9583,146,76930
2,77078,374,0.0,9584,146,76932
15,77093,374,0.0,9585,146,76947
8,77101,374,0.0,9586,146,76955
2,77103,374,0.0,9587,146,76957
2,77105,374,0.0,9588,146,76959
3,77108,374,0.0,9589,146,76962
2,77110,374,0.0,9590,146,76964
18,77128,375,1.0,9591,146,76982
10,77138,375,0.0,9592,146,76992
13,77151,375,0.0,9593,146,77005
10,77161,375,0.0,9594,146,77015
3,77164,375,0.0,9595,146,77018
3,77167,375,0.0,9596,146,77021
2,77169,375,0.0,9597,146,77023
15,77184,375,0.0,9598,146,77038
9,77193,375,0.0,9599,146,77047
12,77205,375,0.0,9600,146,77059
5,77210,375,0.0,9601,146,77064
4,77214,375,0.0,9602,146,77068
2,77216,375,0.0,9603,146,77070
9,77225,375,0.0,9604,146,77079
2,77227,375,0.0,9605,146,77081
11,77238,375,0.0,9606,146,77092
10,77248,375,0.0,9607,146,77102
11,77259,375,0.0,9608,146,77113
2,77261,375,0.0,9609,146,77115
2,77263,375,0.0,9610,146,77117
11,77274,375,0.0,9611,146,77128
5,77279,375,0.0,9612,146,77133
4,77283,375,0.0,9613,146,77137
2,77285,375,0.0,9614,146,77139
11,77296,375,0.0,9615,146,77150
3,77299,375,0.0,9616,146,77153
2,77301,375,0.0,9617,146,77155
11,77312,375,0.0,9618,146,77166
2,77314,375,0.0,9619,146,77168
22,77336,375,0.0,9620,146,77190
4,77340,375,0.0,9621,146,77194
5,77345,375,0.0,9622,146,77199
4,77349,375,0.0,9623,146,77203
15,77364,375,0.0,9624,146,77218
10,77374,375,0.0,9625,146,77228
6,77380,375,0.0,9626,146,77234
5,77385,375,0.0,9627,146,77239
4,77389,375,0.0,9628,146,77243
13,77402,376,1.0,9629,146,77256
6,77408,376,0.0,9630,146,77262
9,77417,376,0.0,9631,146,77271
6,77423,376,0.0,9632,146,77277
4,77427,376,0.0,9633,146,77281
10,77437,376,0.0,9634,146,77291
9,77446,377,1.0,9635,146,77300
5,77451,377,0.0,9636,146,77305
5,77456,377,0.0,9637,146,77310
10,77466,377,0.0,9638,146,77320
5,77471,377,0.0,9639,146,77325
3,77474,377,0.0,9640,146,77328
7,77481,377,0.0,9641,146,77335
10,77491,377,0.0,9642,146,77345
2,77493,377,0.0,9643,146,77347
3,77496,377,0.0,9644,146,77350
7,77503,377,0.0,9645,146,77357
4,77507,377,0.0,9646,146,77361
8,77515,377,0.0,9647,146,77369
17,77532,377,0.0,9648,146,77386
7,77539,377,0.0,9649,146,77393
5,77544,377,0.0,9650,146,77398
5,77549,377,0.0,9651,146,77403
25,77574,377,0.0,9652,146,77428
6,77580,377,0.0,9653,146,77434
19,77599,377,0.0,9654,146,77453
14,77613,377,0.0,9655,146,77467
4,77617,377,0.0,9656,146,77471
15,77632,377,0.0,9657,146,77486
6,77638,377,0.0,9658,146,77492
2,77640,377,0.0,9659,146,77494
2,77642,377,0.0,9660,146,77496
6,77648,377,0.0,9661,146,77502
7,77655,377,0.0,9662,146,77509
4,77659,377,0.0,9663,146,77513
2,77661,377,0.0,9664,146,77515
9,77670,377,0.0,9665,146,77524
4,77674,377,0.0,9666,146,77528
2,77676,377,0.0,9667,146,77530
14,77690,377,0.0,9668,146,77544
2,77692,377,0.0,9669,146,77546
19,77711,377,0.0,9670,146,77565
2,77713,377,0.0,9671,146,77567
8,77721,377,0.0,9672,146,77575
5,77726,377,0.0,9673,146,77580
12,77738,377,0.0,9674,146,77592
7,77745,377,0.0,9675,146,77599
4,77749,377,0.0,9676,146,77603
6,77755,377,0.0,9677,146,77609
3,77758,377,0.0,9678,146,77612
6,77764,377,0.0,9679,146,77618
2,77766,377,0.0,9680,146,77620
14,77780,377,0.0,9681,146,77634
2,77782,377,0.0,9682,146,77636
7,77789,377,0.0,9683,146,77643
13,77802,378,1.0,9684,146,77656
10,77812,378,0.0,9685,146,77666
15,77827,378,0.0,9686,146,77681
4,77831,378,0.0,9687,146,77685
3,77834,378,0.0,9688,146,77688
13,77847,379,1.0,9689,146,77701
13,77860,379,0.0,9690,146,77714
25,77885,379,0.0,9691,147,77738
5,77890,379,0.0,9692,147,77743
11,77901,379,0.0,9693,147,77754
5,77906,379,0.0,9694,147,77759
12,77918,379,0.0,9695,147,77771
3,77921,379,0.0,9696,147,77774
18,77939,380,1.0,9697,147,77792
3,77942,380,0.0,9698,147,77795
8,77950,380,0.0,9699,147,77803
2,77952,380,0.0,9700,147,77805
15,77967,380,0.0,9701,147,77820
6,77973,380,0.0,9702,147,77826
3,77976,380,0.0,9703,147,77829
5,77981,380,0.0,9704,147,77834
13,77994,381,1.0,9705,147,77847
5,77999,381,0.0,9706,147,77852
9,78008,381,0.0,9707,147,77861
4,78012,381,0.0,9708,147,77865
6,78018,381,0.0,9709,147,77871
5,78023,381,0.0,9710,147,77876
14,78037,381,0.0,9711,147,77890
22,78059,381,0.0,9712,147,77912
20,78079,381,0.0,9713,147,77932
13,78092,382,1.0,9714,147,77945
2,78094,382,0.0,9715,147,77947
7,78101,382,0.0,9716,147,77954
32,78133,382,0.0,9717,147,77986
15,78148,382,0.0,9718,147,78001
5,78153,382,0.0,9719,147,78006
9,78162,382,0.0,9720,147,78015
6,78168,382,0.0,9721,147,78021
3,78171,382,0.0,9722,147,78024
3,78174,382,0.0,9723,147,78027
10,78184,382,0.0,9724,147,78037
8,78192,382,0.0,9725,147,78045
8,78200,382,0.0,9726,147,78053
11,78211,382,0.0,9727,147,78064
6,78217,382,0.0,9728,147,78070
3,78220,382,0.0,9729,147,78073
2,78222,382,0.0,9730,147,78075
16,78238,382,0.0,9731,147,78091
15,78253,382,0.0,9732,147,78106
2,78255,382,0.0,9733,147,78108
2,78257,382,0.0,9734,147,78110
9,78266,382,0.0,9735,147,78119
4,78270,382,0.0,9736,147,78123
9,78279,382,0.0,9737,147,78132
5,78284,382,0.0,9738,147,78137
7,78291,382,0.0,9739,147,78144
10,78301,382,0.0,9740,147,78154
3,78304,382,0.0,9741,147,78157
11,78315,382,0.0,9742,147,78168
26,78341,382,0.0,9743,147,78194
7,78348,382,0.0,9744,147,78201
12,78360,382,0.0,9745,147,78213
12,78372,382,0.0,9746,147,78225
6,78378,382,0.0,9747,147,78231
2,78380,382,0.0,9748,147,78233
8,78388,382,0.0,9749,147,78241
5,78393,382,0.0,9750,147,78246
2,78395,382,0.0,9751,147,78248
16,78411,382,0.0,9752,147,78264
10,78421,382,0.0,9753,147,78274
5,78426,382,0.0,9754,147,78279
4,78430,382,0.0,9755,147,78283
3,78433,382,0.0,9756,147,78286
12,78445,382,0.0,9757,147,78298
15,78460,383,1.0,9758,147,78313
5,78465,383,0.0,9759,147,78318
15,78480,383,0.0,9760,147,78333
4,78484,383,0.0,9761,147,78337
4,78488,383,0.0,9762,147,78341
3,78491,383,0.0,9763,147,78344
10,78501,383,0.0,9764,147,78354
5,78506,383,0.0,9765,147,78359
12,78518,383,0.0,9766,147,78371
13,78531,384,1.0,9767,147,78384
6,78537,384,0.0,9768,147,78390
22,78559,384,0.0,9769,147,78412
8,78567,384,0.0,9770,147,78420
3,78570,384,0.0,9771,147,78423
6,78576,384,0.0,9772,147,78429
2,78578,384,0.0,9773,147,78431
5,78583,384,0.0,9774,147,78436
5,78588,384,0.0,9775,147,78441
6,78594,384,0.0,9776,147,78447
14,78608,384,0.0,9777,147,78461
6,78614,384,0.0,9778,147,78467
5,78619,384,0.0,9779,147,78472
10,78629,384,0.0,9780,147,78482
2,78631,384,0.0,9781,147,78484
12,78643,384,0.0,9782,147,78496
13,78656,385,1.0,9783,147,78509
3,78659,385,0.0,9784,147,78512
7,78666,385,0.0,9785,147,78519
6,78672,385,0.0,9786,147,78525
7,78679,385,0.0,9787,147,78532
7,78686,385,0.0,9788,147,78539
3,78689,385,0.0,9789,147,78542
14,78703,385,0.0,9790,147,78556
2,78705,385,0.0,9791,147,78558
11,78716,385,0.0,9792,147,78569
4,78720,385,0.0,9793,147,78573
6,78726,385,0.0,9794,147,78579
4,78730,385,0.0,9795,147,78583
13,78743,386,1.0,9796,147,78596
16,78759,386,0.0,9797,147,78612
4,78763,386,0.0,9798,147,78616
2,78765,386,0.0,9799,147,78618
6,78771,386,0.0,9800,147,78624
7,78778,386,0.0,9801,147,78631
3,78781,386,0.0,9802,147,78634
11,78792,386,0.0,9803,147,78645
5,78797,386,0.0,9804,147,78650
9,78806,386,0.0,9805,147,78659
6,78812,386,0.0,9806,147,78665
11,78823,386,0.0,9807,147,78676
3,78826,386,0.0,9808,147,78679
8,78834,386,0.0,9809,147,78687
5,78839,386,0.0,9810,147,78692
9,78848,386,0.0,9811,147,78701
7,78855,386,0.0,9812,147,78708
6,78861,386,0.0,9813,147,78714
3,78864,386,0.0,9814,147,78717
10,78874,386,0.0,9815,147,78727
10,78884,386,0.0,9816,147,78737
12,78896,386,0.0,9817,147,78749
6,78902,386,0.0,9818,147,78755
2,78904,386,0.0,9819,147,78757
4,78908,386,0.0,9820,147,78761
4,78912,386,0.0,9821,147,78765
5,78917,386,0.0,9822,147,78770
11,78928,386,0.0,9823,147,78781
5,78933,386,0.0,9824,147,78786
3,78936,386,0.0,9825,147,78789
4,78940,386,0.0,9826,147,78793
4,78944,386,0.0,9827,147,78797
2,78946,386,0.0,9828,147,78799
16,78962,386,0.0,9829,147,78815
2,78964,386,0.0,9830,147,78817
4,78968,386,0.0,9831,147,78821
5,78973,386,0.0,9832,147,78826
4,78977,386,0.0,9833,147,78830
18,78995,386,0.0,9834,147,78848
3,78998,386,0.0,9835,147,78851
11,79009,386,0.0,9836,147,78862
4,79013,386,0.0,9837,147,78866
8,79021,386,0.0,9838,147,78874
11,79032,386,0.0,9839,147,78885
9,79041,386,0.0,9840,147,78894
4,79045,386,0.0,9841,147,78898
10,79055,386,0.0,9842,147,78908
3,79058,386,0.0,9843,147,78911
7,79065,386,0.0,9844,147,78918
12,79077,386,0.0,9845,147,78930
4,79081,386,0.0,9846,147,78934
4,79085,386,0.0,9847,147,78938
6,79091,386,0.0,9848,147,78944
14,79105,386,0.0,9849,147,78958
2,79107,386,0.0,9850,147,78960
18,79125,387,1.0,9851,147,78978
7,79132,387,0.0,9852,147,78985
4,79136,387,0.0,9853,147,78989
10,79146,387,0.0,9854,147,78999
18,79164,387,0.0,9855,147,79017
9,79173,387,0.0,9856,147,79026
19,79192,387,0.0,9857,147,79045
3,79195,387,0.0,9858,147,79048
2,79197,387,0.0,9859,147,79050
6,79203,387,0.0,9860,147,79056
12,79215,387,0.0,9861,147,79068
5,79220,387,0.0,9862,147,79073
7,79227,387,0.0,9863,147,79080
8,79235,387,0.0,9864,147,79088
10,79245,387,0.0,9865,147,79098
2,79247,387,0.0,9866,147,79100
7,79254,387,0.0,9867,147,79107
9,79263,387,0.0,9868,147,79116
19,79282,387,0.0,9869,147,79135
10,79292,387,0.0,9870,147,79145
10,79302,387,0.0,9871,147,79155
12,79314,387,0.0,9872,147,79167
3,79317,387,0.0,9873,147,79170
6,79323,387,0.0,9874,147,79176
15,79338,387,0.0,9875,148,79190
5,79343,387,0.0,9876,148,79195
18,79361,387,0.0,9877,148,79213
11,79372,387,0.0,9878,148,79224
6,79378,387,0.0,9879,148,79230
12,79390,387,0.0,9880,148,79242
4,79394,387,0.0,9881,148,79246
6,79400,387,0.0,9882,148,79252
4,79404,387,0.0,9883,148,79256
3,79407,387,0.0,9884,148,79259
2,79409,387,0.0,9885,148,79261
4,79413,387,0.0,9886,148,79265
6,79419,387,0.0,9887,148,79271
4,79423,387,0.0,9888,148,79275
11,79434,387,0.0,9889,148,79286
13,79447,387,0.0,9890,148,79299
2,79449,387,0.0,9891,148,79301
3,79452,387,0.0,9892,148,79304
5,79457,387,0.0,9893,148,79309
6,79463,387,0.0,9894,148,79315
9,79472,387,0.0,9895,148,79324
2,79474,387,0.0,9896,148,79326
9,79483,387,0.0,9897,148,79335
24,79507,387,0.0,9898,148,79359
4,79511,387,0.0,9899,148,79363
2,79513,387,0.0,9900,148,79365
10,79523,387,0.0,9901,148,79375
2,79525,387,0.0,9902,148,79377
9,79534,387,0.0,9903,148,79386
18,79552,387,0.0,9904,148,79404
4,79556,387,0.0,9905,148,79408
2,79558,387,0.0,9906,148,79410
2,79560,387,0.0,9907,148,79412
2,79562,387,0.0,9908,148,79414
9,79571,387,0.0,9909,148,79423
3,79574,387,0.0,9910,148,79426
3,79577,387,0.0,9911,148,79429
4,79581,387,0.0,9912,148,79433
2,79583,387,0.0,9913,148,79435
6,79589,387,0.0,9914,148,79441
20,79609,387,0.0,9915,148,79461
13,79622,388,1.0,9916,148,79474
8,79630,388,0.0,9917,148,79482
3,79633,388,0.0,9918,148,79485
5,79638,388,0.0,9919,148,79490
12,79650,388,0.0,9920,148,79502
5,79655,388,0.0,9921,148,79507
3,79658,388,0.0,9922,148,79510
7,79665,388,0.0,9923,148,79517
7,79672,388,0.0,9924,148,79524
2,79674,388,0.0,9925,148,79526
2,79676,388,0.0,9926,148,79528
7,79683,388,0.0,9927,148,79535
8,79691,388,0.0,9928,148,79543
5,79696,388,0.0,9929,148,79548
6,79702,388,0.0,9930,148,79554
15,79717,388,0.0,9931,148,79569
4,79721,388,0.0,9932,148,79573
7,79728,388,0.0,9933,148,79580
6,79734,388,0.0,9934,148,79586
4,79738,388,0.0,9935,148,79590
2,79740,388,0.0,9936,148,79592
17,79757,388,0.0,9937,148,79609
32,79789,388,0.0,9938,148,79641
5,79794,388,0.0,9939,148,79646
2,79796,388,0.0,9940,148,79648
2,79798,388,0.0,9941,148,79650
2,79800,388,0.0,9942,148,79652
4,79804,388,0.0,9943,148,79656
11,79815,388,0.0,9944,148,79667
12,79827,388,0.0,9945,148,79679
2,79829,388,0.0,9946,148,79681
6,79835,388,0.0,9947,148,79687
10,79845,388,0.0,9948,148,79697
3,79848,388,0.0,9949,148,79700
2,79850,388,0.0,9950,148,79702
5,79855,388,0.0,9951,148,79707
9,79864,388,0.0,9952,148,79716
5,79869,388,0.0,9953,148,79721
6,79875,388,0.0,9954,148,79727
2,79877,388,0.0,9955,148,79729
6,79883,388,0.0,9956,148,79735
5,79888,388,0.0,9957,148,79740
5,79893,388,0.0,9958,148,79745
6,79899,388,0.0,9959,148,79751
2,79901,388,0.0,9960,148,79753
21,79922,388,0.0,9961,148,79774
6,79928,388,0.0,9962,148,79780
3,79931,388,0.0,9963,148,79783
14,79945,388,0.0,9964,148,79797
3,79948,388,0.0,9965,148,79800
7,79955,388,0.0,9966,148,79807
2,79957,388,0.0,9967,148,79809
14,79971,388,0.0,9968,148,79823
7,79978,388,0.0,9969,148,79830
12,79990,388,0.0,9970,148,79842
7,79997,388,0.0,9971,148,79849
12,80009,388,0.0,9972,148,79861
4,80013,388,0.0,9973,148,79865
13,80026,389,1.0,9974,148,79878
7,80033,389,0.0,9975,148,79885
6,80039,389,0.0,9976,148,79891
5,80044,389,0.0,9977,148,79896
21,80065,389,0.0,9978,148,79917
12,80077,389,0.0,9979,148,79929
8,80085,389,0.0,9980,148,79937
2,80087,389,0.0,9981,148,79939
5,80092,389,0.0,9982,148,79944
2,80094,389,0.0,9983,148,79946
8,80102,389,0.0,9984,148,79954
8,80110,389,0.0,9985,148,79962
2,80112,389,0.0,9986,148,79964
4,80116,389,0.0,9987,148,79968
15,80131,389,0.0,9988,148,79983
10,80141,389,0.0,9989,148,79993
5,80146,389,0.0,9990,148,79998
9,80155,389,0.0,9991,148,80007
10,80165,389,0.0,9992,148,80017
16,80181,389,0.0,9993,148,80033
2,80183,389,0.0,9994,148,80035
4,80187,389,0.0,9995,148,80039
5,80192,389,0.0,9996,148,80044
4,80196,389,0.0,9997,148,80048
7,80203,389,0.0,9998,148,80055
15,80218,389,0.0,9999,148,80070
6,80224,389,0.0,10000,148,80076
16,80240,389,0.0,10001,148,80092
11,80251,389,0.0,10002,148,80103
11,80262,389,0.0,10003,148,80114
7,80269,389,0.0,10004,148,80121
11,80280,389,0.0,10005,148,80132
13,80293,390,1.0,10006,148,80145
12,80305,390,0.0,10007,148,80157
11,80316,390,0.0,10008,148,80168
22,80338,390,0.0,10009,148,80190
3,80341,390,0.0,10010,148,80193
6,80347,390,0.0,10011,148,80199
6,80353,390,0.0,10012,148,80205
3,80356,390,0.0,10013,148,80208
3,80359,390,0.0,10014,148,80211
2,80361,390,0.0,10015,148,80213
3,80364,390,0.0,10016,148,80216
3,80367,390,0.0,10017,148,80219
2,80369,390,0.0,10018,148,80221
4,80373,390,0.0,10019,148,80225
11,80384,390,0.0,10020,148,80236
18,80402,391,1.0,10021,148,80254
7,80409,391,0.0,10022,148,80261
2,80411,391,0.0,10023,148,80263
10,80421,391,0.0,10024,148,80273
11,80432,391,0.0,10025,148,80284
2,80434,391,0.0,10026,148,80286
7,80441,391,0.0,10027,148,80293
8,80449,391,0.0,10028,148,80301
6,80455,391,0.0,10029,148,80307
4,80459,391,0.0,10030,148,80311
9,80468,391,0.0,10031,148,80320
4,80472,391,0.0,10032,148,80324
10,80482,391,0.0,10033,148,80334
4,80486,391,0.0,10034,148,80338
6,80492,391,0.0,10035,148,80344
13,80505,391,0.0,10036,148,80357
16,80521,391,0.0,10037,148,80373
10,80531,391,0.0,10038,148,80383
6,80537,391,0.0,10039,148,80389
4,80541,391,0.0,10040,148,80393
2,80543,391,0.0,10041,148,80395
12,80555,391,0.0,10042,148,80407
12,80567,391,0.0,10043,148,80419
4,80571,391,0.0,10044,148,80423
2,80573,391,0.0,10045,148,80425
15,80588,391,0.0,10046,148,80440
2,80590,391,0.0,10047,148,80442
2,80592,391,0.0,10048,148,80444
3,80595,391,0.0,10049,148,80447
13,80608,392,1.0,10050,148,80460
11,80619,392,0.0,10051,148,80471
14,80633,392,0.0,10052,148,80485
2,80635,392,0.0,10053,148,80487
16,80651,392,0.0,10054,148,80503
4,80655,392,0.0,10055,148,80507
4,80659,392,0.0,10056,148,80511
7,80666,392,0.0,10057,148,80518
6,80672,392,0.0,10058,148,80524
9,80681,392,0.0,10059,148,80533
5,80686,392,0.0,10060,148,80538
19,80705,392,0.0,10061,148,80557
2,80707,392,0.0,10062,148,80559
5,80712,392,0.0,10063,148,80564
6,80718,392,0.0,10064,148,80570
13,80731,392,0.0,10065,148,80583
6,80737,392,0.0,10066,148,80589
12,80749,392,0.0,10067,148,80601
13,80762,393,1.0,10068,148,80614
6,80768,393,0.0,10069,148,80620
2,80770,393,0.0,10070,148,80622
7,80777,393,0.0,10071,148,80629
5,80782,393,0.0,10072,148,80634
2,80784,393,0.0,10073,148,80636
19,80803,393,0.0,10074,148,80655
13,80816,393,0.0,10075,148,80668
2,80818,393,0.0,10076,148,80670
3,80821,393,0.0,10077,148,80673
10,80831,393,0.0,10078,148,80683
11,80842,393,0.0,10079,148,80694
3,80845,393,0.0,10080,148,80697
4,80849,393,0.0,10081,148,80701
4,80853,393,0.0,10082,148,80705
13,80866,394,1.0,10083,148,80718
2,80868,394,0.0,10084,148,80720
15,80883,394,0.0,10085,148,80735
13,80896,394,0.0,10086,148,80748
4,80900,394,0.0,10087,148,80752
6,80906,394,0.0,10088,148,80758
3,80909,394,0.0,10089,148,80761
5,80914,394,0.0,10090,148,80766
9,80923,394,0.0,10091,148,80775
14,80937,394,0.0,10092,148,80789
12,80949,394,0.0,10093,148,80801
9,80958,394,0.0,10094,148,80810
2,80960,394,0.0,10095,148,80812
8,80968,394,0.0,10096,148,80820
10,80978,394,0.0,10097,148,80830
4,80982,394,0.0,10098,148,80834
3,80985,394,0.0,10099,148,80837
3,80988,394,0.0,10100,148,80840
5,80993,394,0.0,10101,148,80845
2,80995,394,0.0,10102,148,80847
14,81009,394,0.0,10103,148,80861
2,81011,394,0.0,10104,148,80863
3,81014,394,0.0,10105,148,80866
6,81020,394,0.0,10106,148,80872
6,81026,394,0.0,10107,148,80878
3,81029,394,0.0,10108,148,80881
12,81041,394,0.0,10109,148,80893
8,81049,394,0.0,10110,148,80901
4,81053,394,0.0,10111,148,80905
2,81055,394,0.0,10112,148,80907
5,81060,394,0.0,10113,148,80912
3,81063,394,0.0,10114,148,80915
6,81069,394,0.0,10115,148,80921
11,81080,394,0.0,10116,148,80932
20,81100,394,0.0,10117,148,80952
4,81104,394,0.0,10118,148,80956
2,81106,394,0.0,10119,148,80958
5,81111,394,0.0,10120,148,80963
3,81114,394,0.0,10121,148,80966
5,81119,394,0.0,10122,148,80971
25,81144,394,0.0,10123,148,80996
3,81147,394,0.0,10124,148,80999
9,81156,394,0.0,10125,148,81008
7,81163,394,0.0,10126,148,81015
4,81167,394,0.0,10127,148,81019
8,81175,394,0.0,10128,148,81027
28,81203,394,0.0,10129,148,81055
6,81209,394,0.0,10130,148,81061
13,81222,394,0.0,10131,148,81074
6,81228,394,0.0,10132,148,81080
6,81234,394,0.0,10133,148,81086
11,81245,394,0.0,10134,148,81097
6,81251,394,0.0,10135,148,81103
5,81256,394,0.0,10136,148,81108
9,81265,394,0.0,10137,148,81117
6,81271,394,0.0,10138,148,81123
11,81282,394,0.0,10139,148,81134
15,81297,394,0.0,10140,148,81149
3,81300,394,0.0,10141,148,81152
7,81307,394,0.0,10142,148,81159
6,81313,394,0.0,10143,148,81165
9,81322,394,0.0,10144,148,81174
7,81329,394,0.0,10145,148,81181
15,81344,394,0.0,10146,148,81196
5,81349,394,0.0,10147,148,81201
2,81351,394,0.0,10148,148,81203
6,81357,394,0.0,10149,148,81209
55,81412,395,1.0,10150,148,81264
11,81423,395,0.0,10151,148,81275
7,81430,395,0.0,10152,148,81282
13,81443,396,1.0,10153,148,81295
7,81450,396,0.0,10154,148,81302
3,81453,396,0.0,10155,148,81305
3,81456,396,0.0,10156,148,81308
4,81460,396,0.0,10157,148,81312
2,81462,396,0.0,10158,148,81314
4,81466,396,0.0,10159,148,81318
8,81474,396,0.0,10160,148,81326
3,81477,396,0.0,10161,148,81329
2,81479,396,0.0,10162,148,81331
2,81481,396,0.0,10163,148,81333
7,81488,396,0.0,10164,148,81340
6,81494,396,0.0,10165,148,81346
4,81498,396,0.0,10166,148,81350
10,81508,396,0.0,10167,148,81360
8,81516,396,0.0,10168,148,81368
5,81521,396,0.0,10169,148,81373
14,81535,396,0.0,10170,148,81387
3,81538,396,0.0,10171,148,81390
7,81545,396,0.0,10172,148,81397
11,81556,396,0.0,10173,148,81408
13,81569,397,1.0,10174,148,81421
10,81579,397,0.0,10175,148,81431
3,81582,397,0.0,10176,148,81434
12,81594,397,0.0,10177,148,81446
10,81604,397,0.0,10178,148,81456
11,81615,397,0.0,10179,148,81467
6,81621,397,0.0,10180,148,81473
2,81623,397,0.0,10181,148,81475
2,81625,397,0.0,10182,148,81477
3,81628,397,0.0,10183,148,81480
8,81636,397,0.0,10184,148,81488
2,81638,397,0.0,10185,148,81490
12,81650,397,0.0,10186,148,81502
9,81659,397,0.0,10187,148,81511
12,81671,397,0.0,10188,148,81523
13,81684,397,0.0,10189,148,81536
2,81686,397,0.0,10190,148,81538
2,81688,397,0.0,10191,148,81540
12,81700,397,0.0,10192,148,81552
2,81702,397,0.0,10193,148,81554
8,81710,397,0.0,10194,148,81562
4,81714,397,0.0,10195,148,81566
6,81720,397,0.0,10196,148,81572
3,81723,397,0.0,10197,148,81575
8,81731,397,0.0,10198,148,81583
8,81739,397,0.0,10199,148,81591
16,81755,397,0.0,10200,149,81606
5,81760,397,0.0,10201,149,81611
7,81767,397,0.0,10202,149,81618
2,81769,397,0.0,10203,149,81620
10,81779,397,0.0,10204,149,81630
6,81785,397,0.0,10205,149,81636
2,81787,397,0.0,10206,149,81638
18,81805,397,0.0,10207,149,81656
2,81807,397,0.0,10208,149,81658
14,81821,397,0.0,10209,149,81672
4,81825,397,0.0,10210,149,81676
5,81830,397,0.0,10211,149,81681
5,81835,397,0.0,10212,149,81686
4,81839,397,0.0,10213,149,81690
10,81849,397,0.0,10214,149,81700
2,81851,397,0.0,10215,149,81702
8,81859,397,0.0,10216,149,81710
11,81870,397,0.0,10217,149,81721
11,81881,397,0.0,10218,149,81732
13,81894,397,0.0,10219,149,81745
7,81901,397,0.0,10220,149,81752
4,81905,397,0.0,10221,149,81756
4,81909,397,0.0,10222,149,81760
10,81919,397,0.0,10223,149,81770
6,81925,397,0.0,10224,149,81776
4,81929,397,0.0,10225,149,81780
6,81935,397,0.0,10226,149,81786
9,81944,397,0.0,10227,149,81795
5,81949,397,0.0,10228,149,81800
9,81958,397,0.0,10229,149,81809
4,81962,397,0.0,10230,149,81813
3,81965,397,0.0,10231,149,81816
15,81980,397,0.0,10232,149,81831
8,81988,397,0.0,10233,149,81839
13,82001,398,1.0,10234,149,81852
4,82005,398,0.0,10235,149,81856
3,82008,398,0.0,10236,149,81859
16,82024,398,0.0,10237,149,81875
5,82029,398,0.0,10238,149,81880
7,82036,398,0.0,10239,149,81887
10,82046,398,0.0,10240,149,81897
10,82056,398,0.0,10241,149,81907
11,82067,398,0.0,10242,149,81918
4,82071,398,0.0,10243,149,81922
6,82077,398,0.0,10244,149,81928
6,82083,398,0.0,10245,149,81934
12,82095,398,0.0,10246,149,81946
3,82098,398,0.0,10247,149,81949
10,82108,398,0.0,10248,149,81959
2,82110,398,0.0,10249,149,81961
12,82122,398,0.0,10250,149,81973
13,82135,398,0.0,10251,149,81986
7,82142,398,0.0,10252,149,81993
15,82157,398,0.0,10253,149,82008
3,82160,398,0.0,10254,149,82011
2,82162,398,0.0,10255,149,82013
13,82175,398,0.0,10256,149,82026
4,82179,398,0.0,10257,149,82030
15,82194,398,0.0,10258,149,82045
2,82196,398,0.0,10259,149,82047
3,82199,398,0.0,10260,149,82050
25,82224,398,0.0,10261,149,82075
5,82229,398,0.0,10262,149,82080
5,82234,398,0.0,10263,149,82085
4,82238,398,0.0,10264,149,82089
10,82248,398,0.0,10265,149,82099
5,82253,398,0.0,10266,149,82104
3,82256,398,0.0,10267,149,82107
22,82278,398,0.0,10268,149,82129
18,82296,398,0.0,10269,149,82147
4,82300,398,0.0,10270,149,82151
5,82305,398,0.0,10271,149,82156
3,82308,398,0.0,10272,149,82159
2,82310,398,0.0,10273,149,82161
5,82315,398,0.0,10274,149,82166
4,82319,398,0.0,10275,149,82170
11,82330,398,0.0,10276,149,82181
14,82344,398,0.0,10277,149,82195
10,82354,398,0.0,10278,149,82205
5,82359,398,0.0,10279,149,82210
11,82370,398,0.0,10280,149,82221
9,82379,398,0.0,10281,149,82230
9,82388,398,0.0,10282,149,82239
14,82402,398,0.0,10283,149,82253
13,82415,399,1.0,10284,149,82266
10,82425,399,0.0,10285,149,82276
8,82433,399,0.0,10286,149,82284
12,82445,399,0.0,10287,149,82296
26,82471,399,0.0,10288,149,82322
8,82479,399,0.0,10289,149,82330
2,82481,399,0.0,10290,149,82332
3,82484,399,0.0,10291,149,82335
3,82487,399,0.0,10292,149,82338
5,82492,399,0.0,10293,149,82343
19,82511,399,0.0,10294,149,82362
2,82513,399,0.0,10295,149,82364
17,82530,399,0.0,10296,149,82381
4,82534,399,0.0,10297,149,82385
7,82541,399,0.0,10298,149,82392
5,82546,399,0.0,10299,149,82397
6,82552,399,0.0,10300,149,82403
5,82557,399,0.0,10301,149,82408
3,82560,399,0.0,10302,149,82411
6,82566,399,0.0,10303,149,82417
2,82568,399,0.0,10304,149,82419
7,82575,399,0.0,10305,149,82426
5,82580,399,0.0,10306,149,82431
2,82582,399,0.0,10307,149,82433
23,82605,399,0.0,10308,149,82456
9,82614,399,0.0,10309,149,82465
7,82621,399,0.0,10310,149,82472
13,82634,399,0.0,10311,149,82485
11,82645,399,0.0,10312,149,82496
6,82651,399,0.0,10313,149,82502
6,82657,399,0.0,10314,149,82508
17,82674,399,0.0,10315,149,82525
4,82678,399,0.0,10316,149,82529
11,82689,399,0.0,10317,149,82540
15,82704,399,0.0,10318,149,82555
2,82706,399,0.0,10319,149,82557
4,82710,399,0.0,10320,149,82561
17,82727,399,0.0,10321,149,82578
20,82747,399,0.0,10322,149,82598
3,82750,399,0.0,10323,149,82601
24,82774,399,0.0,10324,149,82625
4,82778,399,0.0,10325,149,82629
13,82791,400,1.0,10326,149,82642
6,82797,400,0.0,10327,149,82648
16,82813,400,0.0,10328,149,82664
3,82816,400,0.0,10329,149,82667
12,82828,400,0.0,10330,149,82679
5,82833,400,0.0,10331,149,82684
5,82838,400,0.0,10332,149,82689
12,82850,400,0.0,10333,149,82701
8,82858,400,0.0,10334,149,82709
6,82864,400,0.0,10335,149,82715
2,82866,400,0.0,10336,149,82717
6,82872,400,0.0,10337,149,82723
4,82876,400,0.0,10338,149,82727
3,82879,400,0.0,10339,149,82730
5,82884,400,0.0,10340,149,82735
6,82890,400,0.0,10341,149,82741
9,82899,400,0.0,10342,149,82750
14,82913,400,0.0,10343,149,82764
7,82920,400,0.0,10344,149,82771
19,82939,400,0.0,10345,149,82790
20,82959,400,0.0,10346,149,82810
5,82964,400,0.0,10347,149,82815
5,82969,400,0.0,10348,149,82820
3,82972,400,0.0,10349,149,82823
3,82975,400,0.0,10350,149,82826
13,82988,401,1.0,10351,149,82839
4,82992,401,0.0,10352,149,82843
2,82994,401,0.0,10353,149,82845
4,82998,401,0.0,10354,149,82849
25,83023,401,0.0,10355,149,82874
7,83030,401,0.0,10356,149,82881
3,83033,401,0.0,10357,149,82884
9,83042,401,0.0,10358,149,82893
7,83049,401,0.0,10359,149,82900
17,83066,401,0.0,10360,149,82917
32,83098,401,0.0,10361,149,82949
13,83111,402,1.0,10362,149,82962
20,83131,402,0.0,10363,149,82982
11,83142,402,0.0,10364,149,82993
5,83147,402,0.0,10365,149,82998
3,83150,402,0.0,10366,149,83001
11,83161,402,0.0,10367,149,83012
13,83174,403,1.0,10368,149,83025
3,83177,403,0.0,10369,149,83028
3,83180,403,0.0,10370,149,83031
5,83185,403,0.0,10371,149,83036
7,83192,403,0.0,10372,149,83043
3,83195,403,0.0,10373,149,83046
17,83212,403,0.0,10374,149,83063
13,83225,403,0.0,10375,149,83076
5,83230,403,0.0,10376,149,83081
2,83232,403,0.0,10377,149,83083
2,83234,403,0.0,10378,149,83085
3,83237,403,0.0,10379,149,83088
4,83241,403,0.0,10380,149,83092
6,83247,403,0.0,10381,149,83098
3,83250,403,0.0,10382,149,83101
11,83261,403,0.0,10383,149,83112
9,83270,403,0.0,10384,149,83121
14,83284,403,0.0,10385,149,83135
5,83289,403,0.0,10386,149,83140
5,83294,403,0.0,10387,149,83145
28,83322,403,0.0,10388,149,83173
2,83324,403,0.0,10389,149,83175
7,83331,403,0.0,10390,149,83182
10,83341,403,0.0,10391,149,83192
13,83354,404,1.0,10392,149,83205
7,83361,404,0.0,10393,149,83212
19,83380,404,0.0,10394,149,83231
5,83385,404,0.0,10395,149,83236
4,83389,404,0.0,10396,149,83240
4,83393,404,0.0,10397,149,83244
13,83406,405,1.0,10398,149,83257
5,83411,405,0.0,10399,149,83262
10,83421,405,0.0,10400,149,83272
7,83428,405,0.0,10401,149,83279
5,83433,405,0.0,10402,149,83284
2,83435,405,0.0,10403,149,83286
5,83440,405,0.0,10404,149,83291
3,83443,405,0.0,10405,149,83294
6,83449,405,0.0,10406,149,83300
2,83451,405,0.0,10407,149,83302
9,83460,405,0.0,10408,149,83311
20,83480,405,0.0,10409,149,83331
11,83491,405,0.0,10410,149,83342
2,83493,405,0.0,10411,149,83344
2,83495,405,0.0,10412,149,83346
17,83512,405,0.0,10413,149,83363
2,83514,405,0.0,10414,149,83365
4,83518,405,0.0,10415,149,83369
4,83522,405,0.0,10416,149,83373
14,83536,405,0.0,10417,149,83387
7,83543,405,0.0,10418,149,83394
7,83550,405,0.0,10419,149,83401
6,83556,405,0.0,10420,149,83407
6,83562,405,0.0,10421,149,83413
3,83565,405,0.0,10422,149,83416
27,83592,405,0.0,10423,149,83443
5,83597,405,0.0,10424,149,83448
11,83608,405,0.0,10425,149,83459
5,83613,405,0.0,10426,149,83464
14,83627,405,0.0,10427,149,83478
7,83634,405,0.0,10428,149,83485
2,83636,405,0.0,10429,149,83487
2,83638,405,0.0,10430,149,83489
8,83646,405,0.0,10431,149,83497
8,83654,405,0.0,10432,149,83505
13,83667,406,1.0,10433,149,83518
3,83670,406,0.0,10434,149,83521
6,83676,406,0.0,10435,149,83527
4,83680,406,0.0,10436,149,83531
4,83684,406,0.0,10437,149,83535
14,83698,407,1.0,10438,149,83549
14,83712,407,0.0,10439,149,83563
6,83718,407,0.0,10440,149,83569
3,83721,407,0.0,10441,149,83572
13,83734,408,1.0,10442,149,83585
4,83738,408,0.0,10443,149,83589
4,83742,408,0.0,10444,149,83593
4,83746,408,0.0,10445,149,83597
6,83752,408,0.0,10446,149,83603
4,83756,408,0.0,10447,149,83607
6,83762,408,0.0,10448,149,83613
8,83770,408,0.0,10449,149,83621
2,83772,408,0.0,10450,149,83623
3,83775,408,0.0,10451,149,83626
3,83778,408,0.0,10452,149,83629
15,83793,408,0.0,10453,149,83644
2,83795,408,0.0,10454,149,83646
7,83802,408,0.0,10455,149,83653
2,83804,408,0.0,10456,149,83655
6,83810,408,0.0,10457,149,83661
7,83817,408,0.0,10458,149,83668
25,83842,408,0.0,10459,149,83693
12,83854,408,0.0,10460,149,83705
2,83856,408,0.0,10461,149,83707
8,83864,408,0.0,10462,149,83715
6,83870,408,0.0,10463,149,83721
12,83882,408,0.0,10464,149,83733
22,83904,408,0.0,10465,149,83755
12,83916,408,0.0,10466,149,83767
13,83929,409,1.0,10467,149,83780
7,83936,409,0.0,10468,149,83787
5,83941,409,0.0,10469,149,83792
3,83944,409,0.0,10470,149,83795
12,83956,409,0.0,10471,149,83807
4,83960,409,0.0,10472,149,83811
16,83976,409,0.0,10473,149,83827
11,83987,409,0.0,10474,149,83838
2,83989,409,0.0,10475,149,83840
4,83993,409,0.0,10476,149,83844
15,84008,409,0.0,10477,149,83859
9,84017,409,0.0,10478,149,83868
3,84020,409,0.0,10479,149,83871
6,84026,409,0.0,10480,149,83877
2,84028,409,0.0,10481,149,83879
2,84030,409,0.0,10482,149,83881
5,84035,409,0.0,10483,149,83886
10,84045,409,0.0,10484,149,83896
2,84047,409,0.0,10485,149,83898
2,84049,409,0.0,10486,149,83900
18,84067,409,0.0,10487,149,83918
5,84072,409,0.0,10488,149,83923
14,84086,409,0.0,10489,149,83937
12,84098,409,0.0,10490,149,83949
10,84108,409,0.0,10491,149,83959
3,84111,409,0.0,10492,149,83962
13,84124,410,1.0,10493,149,83975
2,84126,410,0.0,10494,149,83977
17,84143,410,0.0,10495,149,83994
8,84151,410,0.0,10496,149,84002
2,84153,410,0.0,10497,149,84004
12,84165,410,0.0,10498,149,84016
12,84177,410,0.0,10499,149,84028
5,84182,410,0.0,10500,149,84033
3,84185,410,0.0,10501,149,84036
6,84191,410,0.0,10502,149,84042
15,84206,411,1.0,10503,149,84057
2,84208,411,0.0,10504,149,84059
8,84216,411,0.0,10505,149,84067
13,84229,412,1.0,10506,149,84080
2,84231,412,0.0,10507,149,84082
15,84246,412,0.0,10508,149,84097
8,84254,412,0.0,10509,149,84105
2,84256,412,0.0,10510,149,84107
8,84264,412,0.0,10511,149,84115
2,84266,412,0.0,10512,149,84117
6,84272,412,0.0,10513,149,84123
5,84277,412,0.0,10514,149,84128
7,84284,412,0.0,10515,149,84135
4,84288,412,0.0,10516,149,84139
8,84296,412,0.0,10517,149,84147
4,84300,412,0.0,10518,149,84151
6,84306,412,0.0,10519,149,84157
13,84319,412,0.0,10520,149,84170
4,84323,412,0.0,10521,149,84174
3,84326,412,0.0,10522,149,84177
12,84338,412,0.0,10523,149,84189
4,84342,412,0.0,10524,149,84193
7,84349,412,0.0,10525,149,84200
4,84353,412,0.0,10526,149,84204
15,84368,412,0.0,10527,149,84219
2,84370,412,0.0,10528,149,84221
8,84378,412,0.0,10529,149,84229
6,84384,412,0.0,10530,149,84235
11,84395,412,0.0,10531,149,84246
12,84407,412,0.0,10532,149,84258
12,84419,412,0.0,10533,149,84270
10,84429,412,0.0,10534,149,84280
2,84431,412,0.0,10535,149,84282
2,84433,412,0.0,10536,149,84284
2,84435,412,0.0,10537,149,84286
5,84440,412,0.0,10538,149,84291
4,84444,412,0.0,10539,149,84295
17,84461,412,0.0,10540,149,84312
8,84469,412,0.0,10541,149,84320
5,84474,412,0.0,10542,149,84325
8,84482,412,0.0,10543,149,84333
5,84487,412,0.0,10544,149,84338
6,84493,412,0.0,10545,149,84344
13,84506,412,0.0,10546,149,84357
2,84508,412,0.0,10547,149,84359
4,84512,412,0.0,10548,149,84363
5,84517,412,0.0,10549,149,84368
3,84520,412,0.0,10550,149,84371
3,84523,412,0.0,10551,149,84374
4,84527,412,0.0,10552,149,84378
6,84533,412,0.0,10553,149,84384
7,84540,412,0.0,10554,149,84391
9,84549,412,0.0,10555,149,84400
17,84566,412,0.0,10556,149,84417
5,84571,412,0.0,10557,149,84422
8,84579,412,0.0,10558,149,84430
11,84590,412,0.0,10559,149,84441
6,84596,412,0.0,10560,149,84447
2,84598,412,0.0,10561,149,84449
13,84611,412,0.0,10562,149,84462
8,84619,412,0.0,10563,149,84470
14,84633,412,0.0,10564,149,84484
5,84638,412,0.0,10565,149,84489
11,84649,412,0.0,10566,149,84500
9,84658,412,0.0,10567,149,84509
13,84671,413,1.0,10568,149,84522
11,84682,413,0.0,10569,149,84533
4,84686,413,0.0,10570,149,84537
3,84689,413,0.0,10571,149,84540
8,84697,413,0.0,10572,149,84548
14,84711,413,0.0,10573,149,84562
6,84717,413,0.0,10574,149,84568
6,84723,413,0.0,10575,149,84574
9,84732,413,0.0,10576,149,84583
2,84734,413,0.0,10577,149,84585
10,84744,413,0.0,10578,149,84595
2,84746,413,0.0,10579,149,84597
8,84754,413,0.0,10580,149,84605
11,84765,413,0.0,10581,149,84616
8,84773,413,0.0,10582,149,84624
9,84782,413,0.0,10583,149,84633
11,84793,413,0.0,10584,149,84644
9,84802,413,0.0,10585,149,84653
3,84805,413,0.0,10586,149,84656
5,84810,413,0.0,10587,149,84661
3,84813,413,0.0,10588,149,84664
3,84816,413,0.0,10589,149,84667
3,84819,413,0.0,10590,149,84670
4,84823,413,0.0,10591,149,84674
12,84835,413,0.0,10592,149,84686
28,84863,413,0.0,10593,149,84714
11,84874,413,0.0,10594,149,84725
6,84880,413,0.0,10595,149,84731
6,84886,413,0.0,10596,149,84737
2,84888,413,0.0,10597,149,84739
5,84893,413,0.0,10598,149,84744
6,84899,413,0.0,10599,149,84750
6,84905,413,0.0,10600,149,84756
7,84912,413,0.0,10601,149,84763
2,84914,413,0.0,10602,149,84765
7,84921,413,0.0,10603,149,84772
8,84929,413,0.0,10604,149,84780
7,84936,413,0.0,10605,149,84787
4,84940,413,0.0,10606,149,84791
3,84943,413,0.0,10607,149,84794
4,84947,413,0.0,10608,149,84798
4,84951,413,0.0,10609,149,84802
9,84960,413,0.0,10610,149,84811
8,84968,413,0.0,10611,149,84819
7,84975,413,0.0,10612,149,84826
5,84980,413,0.0,10613,149,84831
9,84989,413,0.0,10614,149,84840
5,84994,413,0.0,10615,149,84845
3,84997,413,0.0,10616,149,84848
6,85003,413,0.0,10617,149,84854
13,85016,413,0.0,10618,149,84867
2,85018,413,0.0,10619,149,84869
3,85021,413,0.0,10620,149,84872
24,85045,413,0.0,10621,149,84896
11,85056,413,0.0,10622,149,84907
4,85060,413,0.0,10623,149,84911
34,85094,413,0.0,10624,149,84945
2,85096,413,0.0,10625,149,84947
2,85098,413,0.0,10626,149,84949
2,85100,413,0.0,10627,149,84951
4,85104,413,0.0,10628,149,84955
14,85118,414,1.0,10629,149,84969
11,85129,414,0.0,10630,149,84980
6,85135,414,0.0,10631,149,84986
6,85141,414,0.0,10632,149,84992
4,85145,414,0.0,10633,149,84996
8,85153,414,0.0,10634,149,85004
2,85155,414,0.0,10635,149,85006
10,85165,414,0.0,10636,149,85016
22,85187,414,0.0,10637,149,85038
10,85197,414,0.0,10638,149,85048
13,85210,414,0.0,10639,149,85061
4,85214,414,0.0,10640,149,85065
5,85219,414,0.0,10641,149,85070
13,85232,414,0.0,10642,149,85083
7,85239,414,0.0,10643,149,85090
2,85241,414,0.0,10644,149,85092
11,85252,414,0.0,10645,149,85103
2,85254,414,0.0,10646,149,85105
8,85262,414,0.0,10647,149,85113
5,85267,414,0.0,10648,149,85118
6,85273,414,0.0,10649,149,85124
4,85277,414,0.0,10650,149,85128
12,85289,414,0.0,10651,149,85140
9,85298,414,0.0,10652,149,85149
6,85304,414,0.0,10653,149,85155
16,85320,414,0.0,10654,149,85171
11,85331,414,0.0,10655,149,85182
14,85345,414,0.0,10656,149,85196
2,85347,414,0.0,10657,149,85198
5,85352,414,0.0,10658,149,85203
7,85359,414,0.0,10659,149,85210
16,85375,414,0.0,10660,149,85226
14,85389,415,1.0,10661,149,85240
2,85391,415,0.0,10662,149,85242
4,85395,415,0.0,10663,149,85246
6,85401,415,0.0,10664,149,85252
7,85408,415,0.0,10665,149,85259
4,85412,415,0.0,10666,149,85263
5,85417,415,0.0,10667,149,85268
8,85425,415,0.0,10668,149,85276
20,85445,415,0.0,10669,149,85296
2,85447,415,0.0,10670,149,85298
4,85451,415,0.0,10671,149,85302
6,85457,415,0.0,10672,149,85308
13,85470,416,1.0,10673,149,85321
4,85474,416,0.0,10674,149,85325
23,85497,416,0.0,10675,149,85348
13,85510,416,0.0,10676,149,85361
2,85512,416,0.0,10677,149,85363
3,85515,416,0.0,10678,149,85366
2,85517,416,0.0,10679,149,85368
2,85519,416,0.0,10680,149,85370
5,85524,416,0.0,10681,149,85375
7,85531,416,0.0,10682,149,85382
9,85540,416,0.0,10683,149,85391
5,85545,416,0.0,10684,149,85396
21,85566,416,0.0,10685,149,85417
2,85568,416,0.0,10686,149,85419
3,85571,416,0.0,10687,149,85422
13,85584,416,0.0,10688,149,85435
7,85591,416,0.0,10689,149,85442
8,85599,416,0.0,10690,149,85450
3,85602,416,0.0,10691,149,85453
5,85607,416,0.0,10692,149,85458
7,85614,416,0.0,10693,149,85465
7,85621,416,0.0,10694,149,85472
15,85636,416,0.0,10695,149,85487
17,85653,416,0.0,10696,149,85504
4,85657,416,0.0,10697,149,85508
13,85670,417,1.0,10698,149,85521
5,85675,417,0.0,10699,149,85526
5,85680,417,0.0,10700,149,85531
6,85686,417,0.0,10701,149,85537
3,85689,417,0.0,10702,149,85540
3,85692,417,0.0,10703,149,85543
6,85698,417,0.0,10704,149,85549
6,85704,417,0.0,10705,149,85555
6,85710,417,0.0,10706,149,85561
5,85715,417,0.0,10707,149,85566
4,85719,417,0.0,10708,149,85570
8,85727,417,0.0,10709,149,85578
6,85733,417,0.0,10710,149,85584
13,85746,417,0.0,10711,149,85597
2,85748,417,0.0,10712,149,85599
3,85751,417,0.0,10713,149,85602
3,85754,417,0.0,10714,149,85605
11,85765,417,0.0,10715,149,85616
19,85784,417,0.0,10716,149,85635
14,85798,417,0.0,10717,149,85649
8,85806,417,0.0,10718,149,85657
4,85810,417,0.0,10719,149,85661
6,85816,417,0.0,10720,149,85667
4,85820,417,0.0,10721,149,85671
20,85840,417,0.0,10722,149,85691
4,85844,417,0.0,10723,149,85695
10,85854,417,0.0,10724,149,85705
8,85862,417,0.0,10725,149,85713
24,85886,417,0.0,10726,149,85737
21,85907,417,0.0,10727,149,85758
11,85918,417,0.0,10728,149,85769
5,85923,417,0.0,10729,149,85774
2,85925,417,0.0,10730,149,85776
10,85935,417,0.0,10731,149,85786
3,85938,417,0.0,10732,149,85789
5,85943,417,0.0,10733,149,85794
13,85956,418,1.0,10734,149,85807
4,85960,418,0.0,10735,149,85811
7,85967,418,0.0,10736,149,85818
10,85977,418,0.0,10737,149,85828
9,85986,418,0.0,10738,149,85837
4,85990,418,0.0,10739,149,85841
47,86037,418,0.0,10740,149,85888
4,86041,418,0.0,10741,149,85892
3,86044,418,0.0,10742,149,85895
3,86047,418,0.0,10743,149,85898
7,86054,418,0.0,10744,149,85905
3,86057,418,0.0,10745,149,85908
12,86069,418,0.0,10746,149,85920
6,86075,418,0.0,10747,149,85926
8,86083,418,0.0,10748,149,85934
2,86085,418,0.0,10749,149,85936
11,86096,418,0.0,10750,149,85947
2,86098,418,0.0,10751,149,85949
7,86105,418,0.0,10752,149,85956
4,86109,418,0.0,10753,149,85960
2,86111,418,0.0,10754,149,85962
18,86129,419,1.0,10755,149,85980
6,86135,419,0.0,10756,149,85986
8,86143,419,0.0,10757,149,85994
9,86152,419,0.0,10758,149,86003
3,86155,419,0.0,10759,149,86006
24,86179,419,0.0,10760,149,86030
6,86185,419,0.0,10761,149,86036
7,86192,419,0.0,10762,149,86043
12,86204,419,0.0,10763,149,86055
13,86217,419,0.0,10764,149,86068
7,86224,419,0.0,10765,149,86075
2,86226,419,0.0,10766,149,86077
3,86229,419,0.0,10767,149,86080
5,86234,419,0.0,10768,149,86085
24,86258,419,0.0,10769,149,86109
15,86273,419,0.0,10770,149,86124
8,86281,419,0.0,10771,149,86132
6,86287,419,0.0,10772,149,86138
12,86299,419,0.0,10773,149,86150
4,86303,419,0.0,10774,149,86154
7,86310,419,0.0,10775,149,86161
7,86317,419,0.0,10776,149,86168
3,86320,419,0.0,10777,149,86171
2,86322,419,0.0,10778,149,86173
7,86329,419,0.0,10779,149,86180
11,86340,419,0.0,10780,149,86191
2,86342,419,0.0,10781,149,86193
6,86348,419,0.0,10782,149,86199
5,86353,419,0.0,10783,149,86204
4,86357,419,0.0,10784,149,86208
12,86369,419,0.0,10785,149,86220
7,86376,419,0.0,10786,149,86227
3,86379,419,0.0,10787,149,86230
18,86397,419,0.0,10788,149,86248
7,86404,419,0.0,10789,149,86255
5,86409,419,0.0,10790,149,86260
16,86425,419,0.0,10791,149,86276
2,86427,419,0.0,10792,149,86278
3,86430,419,0.0,10793,149,86281
4,86434,419,0.0,10794,149,86285
8,86442,419,0.0,10795,149,86293
5,86447,419,0.0,10796,149,86298
4,86451,419,0.0,10797,149,86302
8,86459,419,0.0,10798,149,86310
4,86463,419,0.0,10799,149,86314
3,86466,419,0.0,10800,149,86317
12,86478,419,0.0,10801,149,86329
2,86480,419,0.0,10802,149,86331
8,86488,419,0.0,10803,149,86339
5,86493,419,0.0,10804,149,86344
7,86500,419,0.0,10805,149,86351
9,86509,419,0.0,10806,149,86360
5,86514,419,0.0,10807,149,86365
17,86531,419,0.0,10808,149,86382
2,86533,419,0.0,10809,149,86384
17,86550,419,0.0,10810,149,86401
2,86552,419,0.0,10811,149,86403
10,86562,419,0.0,10812,149,86413
8,86570,419,0.0,10813,149,86421
2,86572,419,0.0,10814,149,86423
11,86583,419,0.0,10815,149,86434
5,86588,419,0.0,10816,149,86439
11,86599,419,0.0,10817,149,86450
5,86604,419,0.0,10818,149,86455
2,86606,419,0.0,10819,149,86457
20,86626,419,0.0,10820,149,86477
8,86634,419,0.0,10821,149,86485
11,86645,419,0.0,10822,149,86496
3,86648,419,0.0,10823,149,86499
2,86650,419,0.0,10824,149,86501
8,86658,419,0.0,10825,149,86509
4,86662,419,0.0,10826,149,86513
14,86676,419,0.0,10827,149,86527
2,86678,419,0.0,10828,149,86529
5,86683,419,0.0,10829,149,86534
27,86710,419,0.0,10830,149,86561
16,86726,419,0.0,10831,149,86577
5,86731,419,0.0,10832,149,86582
8,86739,419,0.0,10833,149,86590
2,86741,419,0.0,10834,149,86592
9,86750,419,0.0,10835,149,86601
5,86755,419,0.0,10836,149,86606
6,86761,419,0.0,10837,149,86612
3,86764,419,0.0,10838,149,86615
11,86775,419,0.0,10839,149,86626
3,86778,419,0.0,10840,149,86629
4,86782,419,0.0,10841,149,86633
3,86785,419,0.0,10842,149,86636
8,86793,419,0.0,10843,149,86644
2,86795,419,0.0,10844,149,86646
2,86797,419,0.0,10845,149,86648
12,86809,419,0.0,10846,149,86660
2,86811,419,0.0,10847,149,86662
5,86816,419,0.0,10848,149,86667
2,86818,419,0.0,10849,149,86669
11,86829,419,0.0,10850,149,86680
6,86835,419,0.0,10851,149,86686
5,86840,419,0.0,10852,149,86691
8,86848,419,0.0,10853,149,86699
10,86858,419,0.0,10854,149,86709
10,86868,419,0.0,10855,149,86719
4,86872,419,0.0,10856,149,86723
4,86876,419,0.0,10857,149,86727
12,86888,419,0.0,10858,149,86739
9,86897,419,0.0,10859,149,86748
14,86911,419,0.0,10860,149,86762
2,86913,419,0.0,10861,149,86764
2,86915,419,0.0,10862,149,86766
10,86925,419,0.0,10863,149,86776
3,86928,419,0.0,10864,149,86779
12,86940,419,0.0,10865,149,86791
4,86944,419,0.0,10866,149,86795
2,86946,419,0.0,10867,149,86797
9,86955,419,0.0,10868,149,86806
15,86970,419,0.0,10869,149,86821
16,86986,419,0.0,10870,149,86837
15,87001,420,1.0,10871,149,86852
2,87003,420,0.0,10872,149,86854
10,87013,420,0.0,10873,149,86864
2,87015,420,0.0,10874,149,86866
4,87019,420,0.0,10875,149,86870
5,87024,420,0.0,10876,149,86875
2,87026,420,0.0,10877,149,86877
13,87039,421,1.0,10878,149,86890
12,87051,421,0.0,10879,149,86902
11,87062,421,0.0,10880,149,86913
15,87077,421,0.0,10881,149,86928
13,87090,421,0.0,10882,149,86941
8,87098,421,0.0,10883,149,86949
12,87110,421,0.0,10884,149,86961
2,87112,421,0.0,10885,149,86963
3,87115,421,0.0,10886,149,86966
19,87134,421,0.0,10887,149,86985
2,87136,421,0.0,10888,149,86987
15,87151,421,0.0,10889,149,87002
3,87154,421,0.0,10890,149,87005
12,87166,421,0.0,10891,149,87017
6,87172,421,0.0,10892,149,87023
5,87177,421,0.0,10893,149,87028
30,87207,421,0.0,10894,149,87058
9,87216,421,0.0,10895,149,87067
5,87221,421,0.0,10896,149,87072
13,87234,422,1.0,10897,149,87085
22,87256,422,0.0,10898,149,87107
3,87259,422,0.0,10899,149,87110
11,87270,422,0.0,10900,149,87121
12,87282,422,0.0,10901,149,87133
14,87296,422,0.0,10902,149,87147
12,87308,422,0.0,10903,149,87159
18,87326,422,0.0,10904,149,87177
2,87328,422,0.0,10905,149,87179
6,87334,422,0.0,10906,149,87185
8,87342,422,0.0,10907,149,87193
2,87344,422,0.0,10908,149,87195
4,87348,422,0.0,10909,149,87199
5,87353,422,0.0,10910,149,87204
3,87356,422,0.0,10911,149,87207
5,87361,422,0.0,10912,149,87212
7,87368,422,0.0,10913,149,87219
2,87370,422,0.0,10914,149,87221
2,87372,422,0.0,10915,149,87223
6,87378,422,0.0,10916,149,87229
6,87384,422,0.0,10917,149,87235
13,87397,423,1.0,10918,149,87248
2,87399,423,0.0,10919,149,87250
11,87410,423,0.0,10920,149,87261
10,87420,423,0.0,10921,149,87271
3,87423,423,0.0,10922,149,87274
9,87432,423,0.0,10923,149,87283
9,87441,423,0.0,10924,149,87292
4,87445,423,0.0,10925,149,87296
2,87447,423,0.0,10926,149,87298
6,87453,423,0.0,10927,149,87304
8,87461,423,0.0,10928,149,87312
11,87472,423,0.0,10929,149,87323
4,87476,423,0.0,10930,149,87327
7,87483,423,0.0,10931,149,87334
4,87487,423,0.0,10932,149,87338
8,87495,423,0.0,10933,149,87346
2,87497,423,0.0,10934,149,87348
5,87502,423,0.0,10935,149,87353
8,87510,423,0.0,10936,149,87361
2,87512,423,0.0,10937,149,87363
2,87514,423,0.0,10938,149,87365
6,87520,423,0.0,10939,149,87371
7,87527,423,0.0,10940,149,87378
5,87532,423,0.0,10941,149,87383
7,87539,423,0.0,10942,149,87390
2,87541,423,0.0,10943,149,87392
13,87554,424,1.0,10944,149,87405
2,87556,424,0.0,10945,149,87407
3,87559,424,0.0,10946,149,87410
4,87563,424,0.0,10947,149,87414
5,87568,424,0.0,10948,149,87419
7,87575,424,0.0,10949,149,87426
3,87578,424,0.0,10950,149,87429
4,87582,424,0.0,10951,149,87433
18,87600,424,0.0,10952,149,87451
3,87603,424,0.0,10953,149,87454
5,87608,424,0.0,10954,149,87459
14,87622,425,1.0,10955,149,87473
8,87630,425,0.0,10956,149,87481
4,87634,425,0.0,10957,149,87485
4,87638,425,0.0,10958,149,87489
3,87641,425,0.0,10959,149,87492
16,87657,425,0.0,10960,149,87508
10,87667,425,0.0,10961,149,87518
3,87670,425,0.0,10962,149,87521
13,87683,425,0.0,10963,149,87534
18,87701,426,1.0,10964,149,87552
4,87705,426,0.0,10965,149,87556
6,87711,426,0.0,10966,149,87562
24,87735,426,0.0,10967,149,87586
9,87744,426,0.0,10968,149,87595
12,87756,426,0.0,10969,149,87607
8,87764,426,0.0,10970,149,87615
2,87766,426,0.0,10971,149,87617
6,87772,426,0.0,10972,149,87623
7,87779,426,0.0,10973,149,87630
4,87783,426,0.0,10974,149,87634
3,87786,426,0.0,10975,149,87637
4,87790,426,0.0,10976,149,87641
13,87803,426,0.0,10977,149,87654
11,87814,426,0.0,10978,149,87665
10,87824,426,0.0,10979,149,87675
7,87831,426,0.0,10980,149,87682
2,87833,426,0.0,10981,149,87684
12,87845,426,0.0,10982,149,87696
5,87850,426,0.0,10983,149,87701
2,87852,426,0.0,10984,149,87703
12,87864,426,0.0,10985,149,87715
19,87883,426,0.0,10986,149,87734
6,87889,426,0.0,10987,149,87740
7,87896,426,0.0,10988,149,87747
24,87920,426,0.0,10989,149,87771
32,87952,426,0.0,10990,149,87803
5,87957,426,0.0,10991,149,87808
14,87971,426,0.0,10992,149,87822
3,87974,426,0.0,10993,149,87825
7,87981,426,0.0,10994,149,87832
5,87986,426,0.0,10995,149,87837
2,87988,426,0.0,10996,149,87839
8,87996,426,0.0,10997,149,87847
10,88006,426,0.0,10998,149,87857
7,88013,426,0.0,10999,149,87864
7,88020,426,0.0,11000,149,87871
2,88022,426,0.0,11001,149,87873
13,88035,427,1.0,11002,149,87886
2,88037,427,0.0,11003,149,87888
11,88048,427,0.0,11004,149,87899
10,88058,427,0.0,11005,149,87909
9,88067,427,0.0,11006,149,87918
4,88071,427,0.0,11007,149,87922
3,88074,427,0.0,11008,149,87925
10,88084,427,0.0,11009,149,87935
10,88094,427,0.0,11010,149,87945
18,88112,428,1.0,11011,149,87963
10,88122,428,0.0,11012,149,87973
11,88133,428,0.0,11013,149,87984
4,88137,428,0.0,11014,149,87988
6,88143,428,0.0,11015,149,87994
11,88154,428,0.0,11016,149,88005
14,88168,428,0.0,11017,149,88019
22,88190,428,0.0,11018,149,88041
3,88193,428,0.0,11019,149,88044
14,88207,428,0.0,11020,149,88058
5,88212,428,0.0,11021,149,88063
2,88214,428,0.0,11022,149,88065
3,88217,428,0.0,11023,149,88068
3,88220,428,0.0,11024,149,88071
6,88226,428,0.0,11025,149,88077
8,88234,428,0.0,11026,149,88085
7,88241,428,0.0,11027,149,88092
7,88248,428,0.0,11028,149,88099
4,88252,428,0.0,11029,149,88103
3,88255,428,0.0,11030,149,88106
5,88260,428,0.0,11031,149,88111
4,88264,428,0.0,11032,149,88115
3,88267,428,0.0,11033,149,88118
3,88270,428,0.0,11034,149,88121
6,88276,428,0.0,11035,149,88127
3,88279,428,0.0,11036,149,88130
12,88291,428,0.0,11037,149,88142
4,88295,428,0.0,11038,149,88146
11,88306,428,0.0,11039,149,88157
3,88309,428,0.0,11040,149,88160
4,88313,428,0.0,11041,149,88164
5,88318,428,0.0,11042,149,88169
7,88325,428,0.0,11043,149,88176
24,88349,428,0.0,11044,149,88200
6,88355,428,0.0,11045,149,88206
5,88360,428,0.0,11046,149,88211
5,88365,428,0.0,11047,149,88216
14,88379,428,0.0,11048,149,88230
7,88386,428,0.0,11049,149,88237
10,88396,428,0.0,11050,149,88247
3,88399,428,0.0,11051,149,88250
5,88404,428,0.0,11052,149,88255
6,88410,428,0.0,11053,149,88261
7,88417,428,0.0,11054,149,88268
3,88420,428,0.0,11055,149,88271
2,88422,428,0.0,11056,149,88273
2,88424,428,0.0,11057,149,88275
20,88444,428,0.0,11058,149,88295
11,88455,428,0.0,11059,149,88306
11,88466,428,0.0,11060,150,88316
4,88470,428,0.0,11061,150,88320
4,88474,428,0.0,11062,150,88324
6,88480,428,0.0,11063,150,88330
3,88483,428,0.0,11064,150,88333
9,88492,428,0.0,11065,150,88342
13,88505,429,1.0,11066,150,88355
7,88512,429,0.0,11067,150,88362
6,88518,429,0.0,11068,150,88368
36,88554,429,0.0,11069,150,88404
3,88557,429,0.0,11070,150,88407
13,88570,430,1.0,11071,150,88420
13,88583,430,0.0,11072,150,88433
8,88591,430,0.0,11073,150,88441
4,88595,430,0.0,11074,150,88445
16,88611,430,0.0,11075,150,88461
11,88622,430,0.0,11076,150,88472
6,88628,430,0.0,11077,150,88478
18,88646,430,0.0,11078,150,88496
7,88653,430,0.0,11079,150,88503
6,88659,430,0.0,11080,150,88509
2,88661,430,0.0,11081,150,88511
3,88664,430,0.0,11082,150,88514
21,88685,430,0.0,11083,150,88535
15,88700,430,0.0,11084,150,88550
14,88714,430,0.0,11085,150,88564
8,88722,430,0.0,11086,150,88572
3,88725,430,0.0,11087,150,88575
3,88728,430,0.0,11088,150,88578
3,88731,430,0.0,11089,150,88581
4,88735,430,0.0,11090,150,88585
6,88741,430,0.0,11091,150,88591
14,88755,430,0.0,11092,150,88605
7,88762,430,0.0,11093,150,88612
4,88766,430,0.0,11094,150,88616
8,88774,430,0.0,11095,150,88624
3,88777,430,0.0,11096,150,88627
9,88786,430,0.0,11097,150,88636
15,88801,430,0.0,11098,150,88651
3,88804,430,0.0,11099,150,88654
3,88807,430,0.0,11100,150,88657
6,88813,430,0.0,11101,150,88663
4,88817,430,0.0,11102,150,88667
6,88823,430,0.0,11103,150,88673
4,88827,430,0.0,11104,150,88677
8,88835,430,0.0,11105,150,88685
13,88848,430,0.0,11106,150,88698
28,88876,430,0.0,11107,150,88726
8,88884,430,0.0,11108,150,88734
6,88890,430,0.0,11109,150,88740
26,88916,430,0.0,11110,150,88766
13,88929,430,0.0,11111,150,88779
11,88940,430,0.0,11112,150,88790
4,88944,430,0.0,11113,150,88794
18,88962,430,0.0,11114,150,88812
3,88965,430,0.0,11115,150,88815
2,88967,430,0.0,11116,150,88817
4,88971,430,0.0,11117,150,88821
4,88975,430,0.0,11118,150,88825
11,88986,430,0.0,11119,150,88836
3,88989,430,0.0,11120,150,88839
5,88994,430,0.0,11121,150,88844
3,88997,430,0.0,11122,150,88847
2,88999,430,0.0,11123,150,88849
3,89002,430,0.0,11124,150,88852
12,89014,430,0.0,11125,150,88864
6,89020,430,0.0,11126,150,88870
5,89025,430,0.0,11127,150,88875
7,89032,430,0.0,11128,150,88882
4,89036,430,0.0,11129,150,88886
5,89041,430,0.0,11130,150,88891
10,89051,430,0.0,11131,150,88901
4,89055,430,0.0,11132,150,88905
2,89057,430,0.0,11133,150,88907
16,89073,430,0.0,11134,150,88923
3,89076,430,0.0,11135,150,88926
18,89094,431,1.0,11136,150,88944
2,89096,431,0.0,11137,150,88946
2,89098,431,0.0,11138,150,88948
11,89109,431,0.0,11139,150,88959
28,89137,431,0.0,11140,150,88987
8,89145,431,0.0,11141,150,88995
7,89152,431,0.0,11142,150,89002
7,89159,431,0.0,11143,150,89009
3,89162,431,0.0,11144,150,89012
3,89165,431,0.0,11145,150,89015
3,89168,431,0.0,11146,150,89018
5,89173,431,0.0,11147,150,89023
4,89177,431,0.0,11148,150,89027
4,89181,431,0.0,11149,150,89031
5,89186,431,0.0,11150,150,89036
3,89189,431,0.0,11151,150,89039
6,89195,431,0.0,11152,150,89045
3,89198,431,0.0,11153,150,89048
11,89209,431,0.0,11154,150,89059
5,89214,431,0.0,11155,150,89064
6,89220,431,0.0,11156,150,89070
10,89230,431,0.0,11157,150,89080
3,89233,431,0.0,11158,150,89083
11,89244,431,0.0,11159,150,89094
7,89251,431,0.0,11160,150,89101
3,89254,431,0.0,11161,150,89104
2,89256,431,0.0,11162,150,89106
8,89264,431,0.0,11163,150,89114
10,89274,431,0.0,11164,150,89124
5,89279,431,0.0,11165,150,89129
9,89288,431,0.0,11166,150,89138
6,89294,431,0.0,11167,150,89144
13,89307,431,0.0,11168,150,89157
2,89309,431,0.0,11169,150,89159
12,89321,431,0.0,11170,150,89171
6,89327,431,0.0,11171,150,89177
6,89333,431,0.0,11172,150,89183
11,89344,431,0.0,11173,150,89194
12,89356,431,0.0,11174,150,89206
12,89368,431,0.0,11175,150,89218
25,89393,431,0.0,11176,150,89243
15,89408,431,0.0,11177,150,89258
5,89413,431,0.0,11178,150,89263
4,89417,431,0.0,11179,150,89267
6,89423,431,0.0,11180,150,89273
5,89428,431,0.0,11181,150,89278
2,89430,431,0.0,11182,150,89280
25,89455,431,0.0,11183,150,89305
13,89468,432,1.0,11184,150,89318
5,89473,432,0.0,11185,150,89323
2,89475,432,0.0,11186,150,89325
9,89484,432,0.0,11187,150,89334
21,89505,432,0.0,11188,150,89355
9,89514,432,0.0,11189,150,89364
3,89517,432,0.0,11190,150,89367
3,89520,432,0.0,11191,150,89370
2,89522,432,0.0,11192,150,89372
23,89545,432,0.0,11193,150,89395
16,89561,432,0.0,11194,150,89411
6,89567,432,0.0,11195,150,89417
10,89577,432,0.0,11196,150,89427
5,89582,432,0.0,11197,150,89432
14,89596,433,1.0,11198,150,89446
3,89599,433,0.0,11199,150,89449
18,89617,434,1.0,11200,150,89467
3,89620,434,0.0,11201,150,89470
4,89624,434,0.0,11202,150,89474
4,89628,434,0.0,11203,150,89478
26,89654,434,0.0,11204,150,89504
6,89660,434,0.0,11205,150,89510
5,89665,434,0.0,11206,150,89515
7,89672,434,0.0,11207,150,89522
3,89675,434,0.0,11208,150,89525
3,89678,434,0.0,11209,150,89528
7,89685,434,0.0,11210,150,89535
2,89687,434,0.0,11211,150,89537
17,89704,434,0.0,11212,150,89554
12,89716,434,0.0,11213,150,89566
9,89725,434,0.0,11214,150,89575
5,89730,434,0.0,11215,150,89580
22,89752,434,0.0,11216,150,89602
5,89757,434,0.0,11217,150,89607
15,89772,434,0.0,11218,150,89622
14,89786,434,0.0,11219,150,89636
10,89796,434,0.0,11220,150,89646
5,89801,434,0.0,11221,150,89651
2,89803,434,0.0,11222,150,89653
4,89807,434,0.0,11223,150,89657
5,89812,434,0.0,11224,150,89662
5,89817,434,0.0,11225,150,89667
6,89823,434,0.0,11226,150,89673
2,89825,434,0.0,11227,150,89675
3,89828,434,0.0,11228,150,89678
5,89833,434,0.0,11229,150,89683
11,89844,434,0.0,11230,150,89694
2,89846,434,0.0,11231,150,89696
4,89850,434,0.0,11232,150,89700
15,89865,435,1.0,11233,150,89715
11,89876,435,0.0,11234,150,89726
12,89888,435,0.0,11235,150,89738
5,89893,435,0.0,11236,150,89743
4,89897,435,0.0,11237,150,89747
2,89899,435,0.0,11238,150,89749
21,89920,435,0.0,11239,150,89770
13,89933,436,1.0,11240,150,89783
4,89937,436,0.0,11241,150,89787
7,89944,436,0.0,11242,150,89794
4,89948,436,0.0,11243,150,89798
6,89954,436,0.0,11244,150,89804
8,89962,436,0.0,11245,150,89812
4,89966,436,0.0,11246,150,89816
22,89988,436,0.0,11247,150,89838
4,89992,436,0.0,11248,150,89842
5,89997,436,0.0,11249,150,89847
17,90014,436,0.0,11250,150,89864
8,90022,436,0.0,11251,150,89872
8,90030,436,0.0,11252,150,89880
3,90033,436,0.0,11253,150,89883
15,90048,436,0.0,11254,150,89898
8,90056,436,0.0,11255,150,89906
5,90061,436,0.0,11256,150,89911
5,90066,436,0.0,11257,150,89916
4,90070,436,0.0,11258,150,89920
7,90077,436,0.0,11259,150,89927
22,90099,436,0.0,11260,150,89949
3,90102,436,0.0,11261,150,89952
7,90109,436,0.0,11262,150,89959
2,90111,436,0.0,11263,150,89961
3,90114,436,0.0,11264,150,89964
4,90118,436,0.0,11265,150,89968
12,90130,436,0.0,11266,150,89980
5,90135,436,0.0,11267,150,89985
3,90138,436,0.0,11268,150,89988
16,90154,436,0.0,11269,150,90004
5,90159,436,0.0,11270,150,90009
5,90164,436,0.0,11271,150,90014
4,90168,436,0.0,11272,150,90018
2,90170,436,0.0,11273,150,90020
5,90175,436,0.0,11274,150,90025
5,90180,436,0.0,11275,150,90030
2,90182,436,0.0,11276,150,90032
12,90194,436,0.0,11277,150,90044
3,90197,436,0.0,11278,150,90047
12,90209,436,0.0,11279,150,90059
2,90211,436,0.0,11280,150,90061
12,90223,436,0.0,11281,150,90073
7,90230,436,0.0,11282,150,90080
5,90235,436,0.0,11283,150,90085
5,90240,436,0.0,11284,150,90090
4,90244,436,0.0,11285,150,90094
3,90247,436,0.0,11286,150,90097
4,90251,436,0.0,11287,150,90101
2,90253,436,0.0,11288,150,90103
6,90259,436,0.0,11289,150,90109
11,90270,436,0.0,11290,150,90120
10,90280,436,0.0,11291,150,90130
2,90282,436,0.0,11292,150,90132
19,90301,436,0.0,11293,150,90151
2,90303,436,0.0,11294,150,90153
4,90307,436,0.0,11295,150,90157
15,90322,437,1.0,11296,150,90172
29,90351,437,0.0,11297,150,90201
8,90359,437,0.0,11298,150,90209
10,90369,437,0.0,11299,150,90219
3,90372,437,0.0,11300,150,90222
8,90380,437,0.0,11301,150,90230
3,90383,437,0.0,11302,150,90233
5,90388,437,0.0,11303,150,90238
7,90395,437,0.0,11304,150,90245
16,90411,437,0.0,11305,150,90261
11,90422,437,0.0,11306,150,90272
14,90436,437,0.0,11307,151,90285
4,90440,437,0.0,11308,151,90289
2,90442,437,0.0,11309,151,90291
4,90446,437,0.0,11310,151,90295
8,90454,437,0.0,11311,151,90303
2,90456,437,0.0,11312,151,90305
18,90474,437,0.0,11313,151,90323
2,90476,437,0.0,11314,151,90325
22,90498,437,0.0,11315,151,90347
11,90509,437,0.0,11316,151,90358
7,90516,437,0.0,11317,151,90365
5,90521,437,0.0,11318,151,90370
5,90526,437,0.0,11319,151,90375
16,90542,437,0.0,11320,151,90391
22,90564,437,0.0,11321,151,90413
9,90573,437,0.0,11322,151,90422
10,90583,437,0.0,11323,151,90432
4,90587,437,0.0,11324,151,90436
3,90590,437,0.0,11325,151,90439
5,90595,437,0.0,11326,151,90444
6,90601,437,0.0,11327,151,90450
6,90607,437,0.0,11328,151,90456
6,90613,437,0.0,11329,151,90462
2,90615,437,0.0,11330,151,90464
5,90620,437,0.0,11331,151,90469
13,90633,438,1.0,11332,151,90482
32,90665,438,0.0,11333,151,90514
3,90668,438,0.0,11334,151,90517
18,90686,439,1.0,11335,151,90535
6,90692,439,0.0,11336,151,90541
6,90698,439,0.0,11337,151,90547
5,90703,439,0.0,11338,151,90552
16,90719,439,0.0,11339,151,90568
6,90725,439,0.0,11340,151,90574
4,90729,439,0.0,11341,151,90578
2,90731,439,0.0,11342,151,90580
5,90736,439,0.0,11343,151,90585
25,90761,439,0.0,11344,151,90610
18,90779,440,1.0,11345,151,90628
12,90791,440,0.0,11346,151,90640
7,90798,440,0.0,11347,151,90647
3,90801,440,0.0,11348,151,90650
13,90814,440,0.0,11349,151,90663
6,90820,440,0.0,11350,151,90669
17,90837,440,0.0,11351,151,90686
25,90862,440,0.0,11352,151,90711
5,90867,440,0.0,11353,151,90716
2,90869,440,0.0,11354,151,90718
5,90874,440,0.0,11355,151,90723
9,90883,440,0.0,11356,151,90732
4,90887,440,0.0,11357,151,90736
18,90905,440,0.0,11358,151,90754
16,90921,440,0.0,11359,151,90770
12,90933,440,0.0,11360,151,90782
11,90944,440,0.0,11361,151,90793
13,90957,440,0.0,11362,151,90806
13,90970,441,1.0,11363,151,90819
4,90974,441,0.0,11364,151,90823
6,90980,441,0.0,11365,151,90829
6,90986,441,0.0,11366,151,90835
3,90989,441,0.0,11367,151,90838
5,90994,441,0.0,11368,151,90843
9,91003,441,0.0,11369,151,90852
14,91017,441,0.0,11370,151,90866
12,91029,441,0.0,11371,151,90878
3,91032,441,0.0,11372,151,90881
20,91052,441,0.0,11373,151,90901
7,91059,441,0.0,11374,151,90908
9,91068,441,0.0,11375,151,90917
2,91070,441,0.0,11376,151,90919
21,91091,441,0.0,11377,151,90940
24,91115,441,0.0,11378,151,90964
9,91124,441,0.0,11379,151,90973
3,91127,441,0.0,11380,151,90976
9,91136,441,0.0,11381,151,90985
3,91139,441,0.0,11382,151,90988
17,91156,441,0.0,11383,151,91005
4,91160,441,0.0,11384,151,91009
2,91162,441,0.0,11385,151,91011
2,91164,441,0.0,11386,151,91013
7,91171,441,0.0,11387,151,91020
4,91175,441,0.0,11388,151,91024
6,91181,441,0.0,11389,151,91030
2,91183,441,0.0,11390,151,91032
3,91186,441,0.0,11391,151,91035
3,91189,441,0.0,11392,151,91038
9,91198,441,0.0,11393,151,91047
3,91201,441,0.0,11394,151,91050
4,91205,441,0.0,11395,151,91054
14,91219,441,0.0,11396,151,91068
12,91231,441,0.0,11397,151,91080
4,91235,441,0.0,11398,151,91084
4,91239,441,0.0,11399,151,91088
5,91244,441,0.0,11400,151,91093
2,91246,441,0.0,11401,151,91095
4,91250,441,0.0,11402,151,91099
3,91253,441,0.0,11403,151,91102
25,91278,441,0.0,11404,151,91127
4,91282,441,0.0,11405,151,91131
23,91305,441,0.0,11406,151,91154
8,91313,441,0.0,11407,151,91162
20,91333,441,0.0,11408,151,91182
2,91335,441,0.0,11409,151,91184
13,91348,442,1.0,11410,151,91197
8,91356,442,0.0,11411,151,91205
9,91365,442,0.0,11412,151,91214
8,91373,442,0.0,11413,151,91222
4,91377,442,0.0,11414,151,91226
5,91382,442,0.0,11415,151,91231
12,91394,442,0.0,11416,151,91243
6,91400,442,0.0,11417,151,91249
8,91408,442,0.0,11418,151,91257
10,91418,442,0.0,11419,151,91267
12,91430,442,0.0,11420,151,91279
2,91432,442,0.0,11421,151,91281
31,91463,442,0.0,11422,152,91311
4,91467,442,0.0,11423,152,91315
4,91471,442,0.0,11424,152,91319
6,91477,442,0.0,11425,152,91325
5,91482,442,0.0,11426,152,91330
10,91492,442,0.0,11427,152,91340
4,91496,442,0.0,11428,152,91344
3,91499,442,0.0,11429,152,91347
31,91530,442,0.0,11430,152,91378
12,91542,442,0.0,11431,152,91390
5,91547,442,0.0,11432,152,91395
3,91550,442,0.0,11433,152,91398
2,91552,442,0.0,11434,152,91400
8,91560,442,0.0,11435,152,91408
7,91567,442,0.0,11436,152,91415
3,91570,442,0.0,11437,152,91418
7,91577,442,0.0,11438,152,91425
13,91590,442,0.0,11439,152,91438
10,91600,442,0.0,11440,152,91448
5,91605,442,0.0,11441,152,91453
3,91608,442,0.0,11442,152,91456
25,91633,442,0.0,11443,152,91481
12,91645,442,0.0,11444,152,91493
10,91655,442,0.0,11445,152,91503
2,91657,442,0.0,11446,152,91505
14,91671,442,0.0,11447,152,91519
2,91673,442,0.0,11448,152,91521
26,91699,442,0.0,11449,152,91547
3,91702,442,0.0,11450,152,91550
4,91706,442,0.0,11451,152,91554
10,91716,442,0.0,11452,152,91564
4,91720,442,0.0,11453,152,91568
7,91727,442,0.0,11454,152,91575
6,91733,442,0.0,11455,152,91581
7,91740,442,0.0,11456,152,91588
6,91746,442,0.0,11457,152,91594
2,91748,442,0.0,11458,152,91596
13,91761,442,0.0,11459,152,91609
12,91773,442,0.0,11460,152,91621
3,91776,442,0.0,11461,152,91624
4,91780,442,0.0,11462,152,91628
7,91787,442,0.0,11463,152,91635
5,91792,442,0.0,11464,152,91640
17,91809,442,0.0,11465,152,91657
7,91816,442,0.0,11466,152,91664
14,91830,442,0.0,11467,152,91678
13,91843,443,1.0,11468,152,91691
14,91857,443,0.0,11469,152,91705
12,91869,443,0.0,11470,152,91717
4,91873,443,0.0,11471,152,91721
12,91885,443,0.0,11472,152,91733
5,91890,443,0.0,11473,152,91738
2,91892,443,0.0,11474,152,91740
2,91894,443,0.0,11475,152,91742
3,91897,443,0.0,11476,152,91745
11,91908,443,0.0,11477,152,91756
24,91932,443,0.0,11478,152,91780
5,91937,443,0.0,11479,152,91785
15,91952,443,0.0,11480,152,91800
6,91958,443,0.0,11481,152,91806
4,91962,443,0.0,11482,152,91810
3,91965,443,0.0,11483,152,91813
6,91971,443,0.0,11484,152,91819
12,91983,443,0.0,11485,152,91831
6,91989,443,0.0,11486,152,91837
9,91998,443,0.0,11487,152,91846
19,92017,443,0.0,11488,152,91865
5,92022,443,0.0,11489,152,91870
10,92032,443,0.0,11490,152,91880
9,92041,443,0.0,11491,152,91889
3,92044,443,0.0,11492,152,91892
7,92051,443,0.0,11493,152,91899
5,92056,443,0.0,11494,152,91904
13,92069,443,0.0,11495,152,91917
8,92077,443,0.0,11496,152,91925
8,92085,443,0.0,11497,152,91933
10,92095,443,0.0,11498,152,91943
4,92099,443,0.0,11499,152,91947
6,92105,443,0.0,11500,152,91953
9,92114,443,0.0,11501,152,91962
10,92124,443,0.0,11502,152,91972
4,92128,443,0.0,11503,152,91976
12,92140,443,0.0,11504,152,91988
13,92153,443,0.0,11505,152,92001
2,92155,443,0.0,11506,152,92003
9,92164,443,0.0,11507,152,92012
8,92172,443,0.0,11508,152,92020
7,92179,443,0.0,11509,152,92027
6,92185,443,0.0,11510,152,92033
10,92195,443,0.0,11511,152,92043
2,92197,443,0.0,11512,152,92045
2,92199,443,0.0,11513,152,92047
4,92203,443,0.0,11514,152,92051
12,92215,443,0.0,11515,152,92063
17,92232,443,0.0,11516,152,92080
8,92240,443,0.0,11517,152,92088
11,92251,443,0.0,11518,152,92099
3,92254,443,0.0,11519,152,92102
11,92265,443,0.0,11520,152,92113
6,92271,443,0.0,11521,152,92119
8,92279,443,0.0,11522,152,92127
6,92285,443,0.0,11523,152,92133
2,92287,443,0.0,11524,152,92135
7,92294,443,0.0,11525,152,92142
6,92300,443,0.0,11526,152,92148
5,92305,443,0.0,11527,152,92153
9,92314,443,0.0,11528,152,92162
2,92316,443,0.0,11529,152,92164
6,92322,443,0.0,11530,152,92170
5,92327,443,0.0,11531,152,92175
25,92352,444,1.0,11532,152,92200
6,92358,444,0.0,11533,152,92206
18,92376,444,0.0,11534,152,92224
13,92389,444,0.0,11535,152,92237
5,92394,444,0.0,11536,152,92242
4,92398,444,0.0,11537,152,92246
7,92405,444,0.0,11538,152,92253
7,92412,444,0.0,11539,152,92260
4,92416,444,0.0,11540,152,92264
7,92423,444,0.0,11541,152,92271
9,92432,444,0.0,11542,152,92280
9,92441,444,0.0,11543,152,92289
4,92445,444,0.0,11544,152,92293
2,92447,444,0.0,11545,152,92295
19,92466,444,0.0,11546,152,92314
6,92472,444,0.0,11547,152,92320
2,92474,444,0.0,11548,152,92322
4,92478,444,0.0,11549,152,92326
15,92493,444,0.0,11550,152,92341
14,92507,444,0.0,11551,152,92355
3,92510,444,0.0,11552,152,92358
4,92514,444,0.0,11553,152,92362
2,92516,444,0.0,11554,152,92364
10,92526,444,0.0,11555,152,92374
3,92529,444,0.0,11556,152,92377
11,92540,444,0.0,11557,152,92388
5,92545,444,0.0,11558,152,92393
5,92550,444,0.0,11559,152,92398
17,92567,444,0.0,11560,152,92415
2,92569,444,0.0,11561,152,92417
4,92573,444,0.0,11562,152,92421
7,92580,444,0.0,11563,152,92428
4,92584,444,0.0,11564,152,92432
4,92588,444,0.0,11565,152,92436
16,92604,444,0.0,11566,152,92452
3,92607,444,0.0,11567,152,92455
3,92610,444,0.0,11568,152,92458
10,92620,444,0.0,11569,152,92468
9,92629,444,0.0,11570,152,92477
5,92634,444,0.0,11571,152,92482
6,92640,444,0.0,11572,152,92488
15,92655,444,0.0,11573,152,92503
5,92660,444,0.0,11574,152,92508
6,92666,444,0.0,11575,152,92514
8,92674,444,0.0,11576,152,92522
4,92678,444,0.0,11577,152,92526
6,92684,444,0.0,11578,152,92532
6,92690,444,0.0,11579,152,92538
17,92707,444,0.0,11580,152,92555
8,92715,444,0.0,11581,152,92563
10,92725,444,0.0,11582,152,92573
7,92732,444,0.0,11583,152,92580
3,92735,444,0.0,11584,152,92583
8,92743,444,0.0,11585,152,92591
3,92746,444,0.0,11586,152,92594
5,92751,444,0.0,11587,152,92599
7,92758,444,0.0,11588,152,92606
27,92785,444,0.0,11589,152,92633
3,92788,444,0.0,11590,152,92636
4,92792,444,0.0,11591,152,92640
4,92796,444,0.0,11592,152,92644
3,92799,444,0.0,11593,152,92647
4,92803,444,0.0,11594,152,92651
2,92805,444,0.0,11595,152,92653
2,92807,444,0.0,11596,152,92655
9,92816,444,0.0,11597,152,92664
13,92829,445,1.0,11598,152,92677
15,92844,445,0.0,11599,152,92692
13,92857,446,1.0,11600,152,92705
9,92866,446,0.0,11601,152,92714
2,92868,446,0.0,11602,152,92716
3,92871,446,0.0,11603,152,92719
4,92875,446,0.0,11604,152,92723
12,92887,446,0.0,11605,152,92735
3,92890,446,0.0,11606,153,92737
6,92896,446,0.0,11607,153,92743
8,92904,446,0.0,11608,153,92751
11,92915,446,0.0,11609,153,92762
2,92917,446,0.0,11610,153,92764
2,92919,446,0.0,11611,153,92766
14,92933,446,0.0,11612,153,92780
3,92936,446,0.0,11613,153,92783
2,92938,446,0.0,11614,153,92785
13,92951,446,0.0,11615,153,92798
9,92960,446,0.0,11616,153,92807
7,92967,446,0.0,11617,153,92814
3,92970,446,0.0,11618,153,92817
8,92978,446,0.0,11619,153,92825
2,92980,446,0.0,11620,153,92827
3,92983,446,0.0,11621,153,92830
11,92994,446,0.0,11622,153,92841
5,92999,446,0.0,11623,153,92846
6,93005,446,0.0,11624,153,92852
10,93015,446,0.0,11625,153,92862
16,93031,446,0.0,11626,153,92878
5,93036,446,0.0,11627,153,92883
21,93057,446,0.0,11628,153,92904
12,93069,446,0.0,11629,153,92916
2,93071,446,0.0,11630,153,92918
13,93084,447,1.0,11631,153,92931
11,93095,447,0.0,11632,153,92942
22,93117,447,0.0,11633,154,92963
19,93136,447,0.0,11634,154,92982
13,93149,448,1.0,11635,154,92995
5,93154,448,0.0,11636,154,93000
5,93159,448,0.0,11637,154,93005
12,93171,448,0.0,11638,154,93017
12,93183,448,0.0,11639,154,93029
15,93198,448,0.0,11640,154,93044
5,93203,448,0.0,11641,154,93049
11,93214,448,0.0,11642,154,93060
7,93221,448,0.0,11643,154,93067
13,93234,449,1.0,11644,154,93080
5,93239,449,0.0,11645,154,93085
3,93242,449,0.0,11646,154,93088
2,93244,449,0.0,11647,154,93090
2,93246,449,0.0,11648,154,93092
4,93250,449,0.0,11649,154,93096
5,93255,449,0.0,11650,154,93101
4,93259,449,0.0,11651,154,93105
7,93266,449,0.0,11652,154,93112
8,93274,449,0.0,11653,154,93120
2,93276,449,0.0,11654,154,93122
13,93289,449,0.0,11655,154,93135
7,93296,449,0.0,11656,154,93142
11,93307,449,0.0,11657,154,93153
3,93310,449,0.0,11658,154,93156
7,93317,449,0.0,11659,154,93163
10,93327,449,0.0,11660,154,93173
7,93334,449,0.0,11661,154,93180
6,93340,449,0.0,11662,154,93186
18,93358,449,0.0,11663,154,93204
3,93361,449,0.0,11664,154,93207
10,93371,449,0.0,11665,154,93217
5,93376,449,0.0,11666,154,93222
14,93390,449,0.0,11667,154,93236
3,93393,449,0.0,11668,154,93239
11,93404,449,0.0,11669,154,93250
11,93415,449,0.0,11670,154,93261
9,93424,449,0.0,11671,154,93270
22,93446,449,0.0,11672,154,93292
13,93459,449,0.0,11673,154,93305
17,93476,449,0.0,11674,154,93322
2,93478,449,0.0,11675,154,93324
18,93496,449,0.0,11676,154,93342
12,93508,449,0.0,11677,154,93354
7,93515,449,0.0,11678,154,93361
10,93525,449,0.0,11679,154,93371
2,93527,449,0.0,11680,155,93372
6,93533,449,0.0,11681,155,93378
10,93543,449,0.0,11682,155,93388
4,93547,449,0.0,11683,155,93392
3,93550,449,0.0,11684,155,93395
2,93552,449,0.0,11685,155,93397
4,93556,449,0.0,11686,155,93401
3,93559,449,0.0,11687,155,93404
13,93572,449,0.0,11688,155,93417
7,93579,449,0.0,11689,155,93424
5,93584,449,0.0,11690,155,93429
6,93590,449,0.0,11691,155,93435
7,93597,449,0.0,11692,155,93442
3,93600,449,0.0,11693,155,93445
5,93605,449,0.0,11694,155,93450
11,93616,449,0.0,11695,155,93461
3,93619,449,0.0,11696,155,93464
18,93637,449,0.0,11697,155,93482
5,93642,449,0.0,11698,155,93487
5,93647,449,0.0,11699,155,93492
18,93665,449,0.0,11700,155,93510
12,93677,449,0.0,11701,155,93522
7,93684,449,0.0,11702,155,93529
12,93696,449,0.0,11703,155,93541
11,93707,449,0.0,11704,155,93552
5,93712,449,0.0,11705,155,93557
5,93717,449,0.0,11706,155,93562
4,93721,449,0.0,11707,155,93566
10,93731,449,0.0,11708,155,93576
14,93745,449,0.0,11709,155,93590
4,93749,449,0.0,11710,155,93594
10,93759,449,0.0,11711,155,93604
8,93767,449,0.0,11712,155,93612
12,93779,449,0.0,11713,155,93624
14,93793,449,0.0,11714,155,93638
3,93796,449,0.0,11715,155,93641
2,93798,449,0.0,11716,155,93643
3,93801,449,0.0,11717,155,93646
12,93813,449,0.0,11718,155,93658
23,93836,449,0.0,11719,155,93681
2,93838,449,0.0,11720,155,93683
3,93841,449,0.0,11721,155,93686
8,93849,449,0.0,11722,155,93694
25,93874,449,0.0,11723,155,93719
3,93877,449,0.0,11724,155,93722
2,93879,449,0.0,11725,155,93724
11,93890,449,0.0,11726,155,93735
18,93908,449,0.0,11727,155,93753
5,93913,449,0.0,11728,155,93758
2,93915,449,0.0,11729,155,93760
5,93920,449,0.0,11730,155,93765
7,93927,449,0.0,11731,155,93772
4,93931,449,0.0,11732,155,93776
8,93939,449,0.0,11733,155,93784
10,93949,449,0.0,11734,155,93794
8,93957,449,0.0,11735,155,93802
4,93961,449,0.0,11736,155,93806
2,93963,449,0.0,11737,155,93808
8,93971,449,0.0,11738,155,93816
12,93983,449,0.0,11739,155,93828
6,93989,449,0.0,11740,155,93834
9,93998,449,0.0,11741,155,93843
5,94003,449,0.0,11742,155,93848
7,94010,449,0.0,11743,155,93855
3,94013,449,0.0,11744,155,93858
13,94026,450,1.0,11745,155,93871
5,94031,450,0.0,11746,155,93876
30,94061,450,0.0,11747,155,93906
3,94064,450,0.0,11748,155,93909
11,94075,450,0.0,11749,155,93920
7,94082,450,0.0,11750,155,93927
5,94087,450,0.0,11751,155,93932
3,94090,450,0.0,11752,155,93935
6,94096,450,0.0,11753,155,93941
9,94105,450,0.0,11754,155,93950
2,94107,450,0.0,11755,155,93952
25,94132,450,0.0,11756,155,93977
7,94139,450,0.0,11757,155,93984
6,94145,450,0.0,11758,155,93990
4,94149,450,0.0,11759,155,93994
6,94155,450,0.0,11760,155,94000
6,94161,450,0.0,11761,155,94006
12,94173,450,0.0,11762,155,94018
4,94177,450,0.0,11763,155,94022
7,94184,450,0.0,11764,155,94029
2,94186,450,0.0,11765,155,94031
2,94188,450,0.0,11766,155,94033
13,94201,450,0.0,11767,155,94046
2,94203,450,0.0,11768,155,94048
5,94208,450,0.0,11769,155,94053
4,94212,450,0.0,11770,155,94057
21,94233,450,0.0,11771,155,94078
5,94238,450,0.0,11772,155,94083
23,94261,450,0.0,11773,155,94106
5,94266,450,0.0,11774,155,94111
18,94284,451,1.0,11775,155,94129
5,94289,451,0.0,11776,155,94134
11,94300,451,0.0,11777,155,94145
6,94306,451,0.0,11778,155,94151
12,94318,451,0.0,11779,155,94163
4,94322,451,0.0,11780,155,94167
5,94327,451,0.0,11781,155,94172
5,94332,451,0.0,11782,155,94177
10,94342,451,0.0,11783,155,94187
7,94349,451,0.0,11784,155,94194
4,94353,451,0.0,11785,155,94198
5,94358,451,0.0,11786,155,94203
6,94364,451,0.0,11787,155,94209
8,94372,451,0.0,11788,155,94217
3,94375,451,0.0,11789,155,94220
5,94380,451,0.0,11790,155,94225
5,94385,451,0.0,11791,155,94230
5,94390,451,0.0,11792,155,94235
12,94402,451,0.0,11793,155,94247
28,94430,451,0.0,11794,155,94275
9,94439,451,0.0,11795,155,94284
7,94446,451,0.0,11796,155,94291
14,94460,451,0.0,11797,155,94305
10,94470,451,0.0,11798,155,94315
14,94484,451,0.0,11799,155,94329
2,94486,451,0.0,11800,155,94331
3,94489,451,0.0,11801,155,94334
4,94493,451,0.0,11802,155,94338
7,94500,451,0.0,11803,155,94345
11,94511,451,0.0,11804,155,94356
2,94513,451,0.0,11805,155,94358
15,94528,451,0.0,11806,155,94373
8,94536,451,0.0,11807,155,94381
10,94546,451,0.0,11808,155,94391
2,94548,451,0.0,11809,155,94393
3,94551,451,0.0,11810,155,94396
7,94558,451,0.0,11811,155,94403
7,94565,451,0.0,11812,155,94410
2,94567,451,0.0,11813,155,94412
4,94571,451,0.0,11814,155,94416
4,94575,451,0.0,11815,155,94420
3,94578,451,0.0,11816,155,94423
20,94598,451,0.0,11817,155,94443
5,94603,451,0.0,11818,155,94448
9,94612,451,0.0,11819,155,94457
11,94623,451,0.0,11820,155,94468
8,94631,451,0.0,11821,155,94476
2,94633,451,0.0,11822,155,94478
6,94639,451,0.0,11823,155,94484
11,94650,451,0.0,11824,155,94495
3,94653,451,0.0,11825,155,94498
4,94657,451,0.0,11826,155,94502
15,94672,451,0.0,11827,155,94517
10,94682,451,0.0,11828,155,94527
13,94695,451,0.0,11829,155,94540
5,94700,451,0.0,11830,155,94545
11,94711,451,0.0,11831,155,94556
9,94720,451,0.0,11832,155,94565
3,94723,451,0.0,11833,155,94568
28,94751,451,0.0,11834,155,94596
5,94756,451,0.0,11835,155,94601
13,94769,452,1.0,11836,155,94614
4,94773,452,0.0,11837,155,94618
2,94775,452,0.0,11838,155,94620
20,94795,452,0.0,11839,155,94640
4,94799,452,0.0,11840,155,94644
6,94805,452,0.0,11841,155,94650
5,94810,452,0.0,11842,155,94655
15,94825,452,0.0,11843,155,94670
2,94827,452,0.0,11844,155,94672
3,94830,452,0.0,11845,155,94675
6,94836,452,0.0,11846,155,94681
2,94838,452,0.0,11847,155,94683
2,94840,452,0.0,11848,155,94685
15,94855,452,0.0,11849,155,94700
2,94857,452,0.0,11850,155,94702
2,94859,452,0.0,11851,155,94704
6,94865,452,0.0,11852,155,94710
12,94877,452,0.0,11853,155,94722
7,94884,452,0.0,11854,155,94729
3,94887,452,0.0,11855,155,94732
5,94892,452,0.0,11856,155,94737
5,94897,452,0.0,11857,155,94742
6,94903,452,0.0,11858,155,94748
5,94908,452,0.0,11859,155,94753
3,94911,452,0.0,11860,155,94756
3,94914,452,0.0,11861,155,94759
2,94916,452,0.0,11862,155,94761
5,94921,452,0.0,11863,155,94766
14,94935,452,0.0,11864,155,94780
2,94937,452,0.0,11865,155,94782
9,94946,452,0.0,11866,155,94791
10,94956,452,0.0,11867,155,94801
4,94960,452,0.0,11868,155,94805
11,94971,452,0.0,11869,155,94816
10,94981,452,0.0,11870,155,94826
3,94984,452,0.0,11871,155,94829
8,94992,452,0.0,11872,155,94837
6,94998,452,0.0,11873,155,94843
2,95000,452,0.0,11874,155,94845
8,95008,452,0.0,11875,155,94853
7,95015,452,0.0,11876,155,94860
5,95020,452,0.0,11877,155,94865
4,95024,452,0.0,11878,155,94869
6,95030,452,0.0,11879,155,94875
12,95042,452,0.0,11880,155,94887
2,95044,452,0.0,11881,155,94889
2,95046,452,0.0,11882,155,94891
14,95060,452,0.0,11883,155,94905
25,95085,452,0.0,11884,155,94930
4,95089,452,0.0,11885,155,94934
12,95101,452,0.0,11886,155,94946
12,95113,452,0.0,11887,155,94958
3,95116,452,0.0,11888,155,94961
10,95126,452,0.0,11889,155,94971
2,95128,452,0.0,11890,155,94973
8,95136,452,0.0,11891,155,94981
9,95145,453,1.0,11892,155,94990
9,95154,453,0.0,11893,155,94999
22,95176,453,0.0,11894,155,95021
8,95184,453,0.0,11895,155,95029
5,95189,453,0.0,11896,155,95034
8,95197,453,0.0,11897,155,95042
7,95204,453,0.0,11898,155,95049
2,95206,453,0.0,11899,155,95051
3,95209,453,0.0,11900,155,95054
2,95211,453,0.0,11901,155,95056
3,95214,453,0.0,11902,155,95059
7,95221,453,0.0,11903,155,95066
8,95229,453,0.0,11904,155,95074
9,95238,453,0.0,11905,155,95083
17,95255,453,0.0,11906,155,95100
2,95257,453,0.0,11907,155,95102
9,95266,453,0.0,11908,155,95111
10,95276,453,0.0,11909,155,95121
6,95282,453,0.0,11910,155,95127
13,95295,453,0.0,11911,155,95140
10,95305,453,0.0,11912,155,95150
3,95308,453,0.0,11913,155,95153
5,95313,453,0.0,11914,155,95158
5,95318,453,0.0,11915,155,95163
2,95320,453,0.0,11916,155,95165
2,95322,453,0.0,11917,155,95167
4,95326,453,0.0,11918,155,95171
16,95342,453,0.0,11919,155,95187
23,95365,453,0.0,11920,155,95210
2,95367,453,0.0,11921,155,95212
12,95379,453,0.0,11922,155,95224
10,95389,453,0.0,11923,155,95234
2,95391,453,0.0,11924,155,95236
2,95393,453,0.0,11925,155,95238
9,95402,453,0.0,11926,155,95247
16,95418,453,0.0,11927,155,95263
2,95420,453,0.0,11928,155,95265
5,95425,453,0.0,11929,155,95270
26,95451,453,0.0,11930,155,95296
2,95453,453,0.0,11931,155,95298
2,95455,453,0.0,11932,155,95300
13,95468,454,1.0,11933,155,95313
11,95479,454,0.0,11934,155,95324
11,95490,454,0.0,11935,155,95335
12,95502,454,0.0,11936,155,95347
2,95504,454,0.0,11937,155,95349
3,95507,454,0.0,11938,155,95352
11,95518,454,0.0,11939,155,95363
3,95521,454,0.0,11940,155,95366
2,95523,454,0.0,11941,155,95368
15,95538,454,0.0,11942,155,95383
8,95546,454,0.0,11943,155,95391
10,95556,454,0.0,11944,155,95401
13,95569,455,1.0,11945,155,95414
2,95571,455,0.0,11946,155,95416
3,95574,455,0.0,11947,155,95419
10,95584,455,0.0,11948,155,95429
4,95588,455,0.0,11949,155,95433
11,95599,455,0.0,11950,155,95444
7,95606,455,0.0,11951,155,95451
6,95612,455,0.0,11952,155,95457
7,95619,455,0.0,11953,155,95464
15,95634,455,0.0,11954,155,95479
8,95642,455,0.0,11955,155,95487
4,95646,455,0.0,11956,155,95491
22,95668,455,0.0,11957,155,95513
5,95673,455,0.0,11958,155,95518
5,95678,455,0.0,11959,155,95523
4,95682,455,0.0,11960,155,95527
32,95714,455,0.0,11961,155,95559
13,95727,456,1.0,11962,155,95572
16,95743,456,0.0,11963,155,95588
2,95745,456,0.0,11964,155,95590
4,95749,456,0.0,11965,155,95594
4,95753,456,0.0,11966,155,95598
5,95758,456,0.0,11967,155,95603
10,95768,456,0.0,11968,155,95613
2,95770,456,0.0,11969,155,95615
25,95795,456,0.0,11970,155,95640
2,95797,456,0.0,11971,155,95642
3,95800,456,0.0,11972,155,95645
29,95829,456,0.0,11973,155,95674
8,95837,456,0.0,11974,155,95682
5,95842,456,0.0,11975,155,95687
7,95849,456,0.0,11976,155,95694
2,95851,456,0.0,11977,155,95696
6,95857,456,0.0,11978,155,95702
7,95864,456,0.0,11979,155,95709
17,95881,456,0.0,11980,155,95726
13,95894,457,1.0,11981,155,95739
9,95903,457,0.0,11982,155,95748
8,95911,457,0.0,11983,155,95756
5,95916,457,0.0,11984,155,95761
12,95928,457,0.0,11985,155,95773
6,95934,457,0.0,11986,155,95779
4,95938,457,0.0,11987,155,95783
12,95950,457,0.0,11988,155,95795
7,95957,457,0.0,11989,155,95802
3,95960,457,0.0,11990,155,95805
8,95968,457,0.0,11991,155,95813
9,95977,457,0.0,11992,155,95822
7,95984,457,0.0,11993,155,95829
2,95986,457,0.0,11994,155,95831
12,95998,457,0.0,11995,155,95843
3,96001,457,0.0,11996,155,95846
22,96023,457,0.0,11997,155,95868
3,96026,457,0.0,11998,155,95871
9,96035,457,0.0,11999,156,95879
12,96047,457,0.0,12000,156,95891
9,96056,457,0.0,12001,156,95900
5,96061,457,0.0,12002,156,95905
10,96071,457,0.0,12003,156,95915
7,96078,457,0.0,12004,156,95922
5,96083,457,0.0,12005,156,95927
3,96086,457,0.0,12006,156,95930
4,96090,457,0.0,12007,156,95934
9,96099,457,0.0,12008,156,95943
6,96105,457,0.0,12009,156,95949
6,96111,457,0.0,12010,156,95955
6,96117,457,0.0,12011,156,95961
3,96120,457,0.0,12012,156,95964
8,96128,457,0.0,12013,156,95972
7,96135,457,0.0,12014,156,95979
5,96140,457,0.0,12015,156,95984
13,96153,458,1.0,12016,156,95997
10,96163,458,0.0,12017,156,96007
7,96170,458,0.0,12018,156,96014
9,96179,458,0.0,12019,156,96023
6,96185,458,0.0,12020,156,96029
19,96204,458,0.0,12021,156,96048
11,96215,458,0.0,12022,156,96059
11,96226,458,0.0,12023,156,96070
2,96228,458,0.0,12024,156,96072
5,96233,458,0.0,12025,156,96077
3,96236,458,0.0,12026,156,96080
4,96240,458,0.0,12027,156,96084
14,96254,458,0.0,12028,156,96098
25,96279,458,0.0,12029,156,96123
8,96287,458,0.0,12030,156,96131
10,96297,458,0.0,12031,156,96141
3,96300,458,0.0,12032,156,96144
18,96318,458,0.0,12033,156,96162
6,96324,458,0.0,12034,156,96168
2,96326,458,0.0,12035,156,96170
4,96330,458,0.0,12036,156,96174
2,96332,458,0.0,12037,156,96176
11,96343,458,0.0,12038,156,96187
2,96345,458,0.0,12039,156,96189
7,96352,458,0.0,12040,156,96196
7,96359,458,0.0,12041,156,96203
10,96369,458,0.0,12042,156,96213
2,96371,458,0.0,12043,156,96215
6,96377,458,0.0,12044,156,96221
2,96379,458,0.0,12045,156,96223
12,96391,458,0.0,12046,156,96235
9,96400,458,0.0,12047,156,96244
11,96411,458,0.0,12048,156,96255
12,96423,458,0.0,12049,156,96267
10,96433,458,0.0,12050,156,96277
17,96450,458,0.0,12051,156,96294
8,96458,458,0.0,12052,156,96302
4,96462,458,0.0,12053,156,96306
2,96464,458,0.0,12054,156,96308
3,96467,458,0.0,12055,156,96311
7,96474,458,0.0,12056,156,96318
18,96492,459,1.0,12057,156,96336
3,96495,459,0.0,12058,156,96339
10,96505,459,0.0,12059,156,96349
6,96511,459,0.0,12060,156,96355
7,96518,459,0.0,12061,156,96362
14,96532,459,0.0,12062,156,96376
4,96536,459,0.0,12063,156,96380
25,96561,459,0.0,12064,156,96405
5,96566,459,0.0,12065,156,96410
2,96568,459,0.0,12066,156,96412
5,96573,459,0.0,12067,156,96417
8,96581,459,0.0,12068,156,96425
12,96593,459,0.0,12069,156,96437
4,96597,459,0.0,12070,156,96441
10,96607,459,0.0,12071,156,96451
5,96612,459,0.0,12072,156,96456
8,96620,459,0.0,12073,156,96464
10,96630,459,0.0,12074,156,96474
2,96632,459,0.0,12075,156,96476
13,96645,459,0.0,12076,156,96489
14,96659,459,0.0,12077,156,96503
15,96674,459,0.0,12078,156,96518
8,96682,459,0.0,12079,156,96526
11,96693,459,0.0,12080,156,96537
9,96702,459,0.0,12081,156,96546
10,96712,459,0.0,12082,156,96556
7,96719,459,0.0,12083,156,96563
12,96731,459,0.0,12084,156,96575
55,96786,460,1.0,12085,156,96630
4,96790,460,0.0,12086,156,96634
4,96794,460,0.0,12087,156,96638
20,96814,460,0.0,12088,156,96658
6,96820,460,0.0,12089,156,96664
4,96824,460,0.0,12090,156,96668
2,96826,460,0.0,12091,156,96670
2,96828,460,0.0,12092,156,96672
6,96834,460,0.0,12093,156,96678
5,96839,460,0.0,12094,156,96683
2,96841,460,0.0,12095,156,96685
6,96847,460,0.0,12096,156,96691
3,96850,460,0.0,12097,156,96694
20,96870,460,0.0,12098,156,96714
3,96873,460,0.0,12099,156,96717
2,96875,460,0.0,12100,156,96719
6,96881,460,0.0,12101,156,96725
11,96892,460,0.0,12102,156,96736
19,96911,460,0.0,12103,156,96755
3,96914,460,0.0,12104,156,96758
6,96920,460,0.0,12105,156,96764
18,96938,461,1.0,12106,156,96782
16,96954,461,0.0,12107,156,96798
10,96964,461,0.0,12108,156,96808
7,96971,461,0.0,12109,156,96815
2,96973,461,0.0,12110,156,96817
5,96978,461,0.0,12111,156,96822
2,96980,461,0.0,12112,156,96824
8,96988,461,0.0,12113,156,96832
4,96992,461,0.0,12114,156,96836
14,97006,461,0.0,12115,156,96850
13,97019,461,0.0,12116,156,96863
4,97023,461,0.0,12117,156,96867
3,97026,461,0.0,12118,156,96870
3,97029,461,0.0,12119,156,96873
2,97031,461,0.0,12120,156,96875
4,97035,461,0.0,12121,156,96879
13,97048,462,1.0,12122,156,96892
17,97065,462,0.0,12123,156,96909
8,97073,462,0.0,12124,156,96917
3,97076,462,0.0,12125,156,96920
6,97082,462,0.0,12126,156,96926
11,97093,462,0.0,12127,156,96937
17,97110,462,0.0,12128,156,96954
17,97127,462,0.0,12129,156,96971
10,97137,462,0.0,12130,156,96981
2,97139,462,0.0,12131,156,96983
2,97141,462,0.0,12132,156,96985
7,97148,462,0.0,12133,156,96992
14,97162,462,0.0,12134,156,97006
6,97168,462,0.0,12135,156,97012
10,97178,462,0.0,12136,156,97022
12,97190,462,0.0,12137,156,97034
7,97197,462,0.0,12138,156,97041
8,97205,462,0.0,12139,156,97049
8,97213,462,0.0,12140,156,97057
3,97216,462,0.0,12141,156,97060
14,97230,462,0.0,12142,156,97074
4,97234,462,0.0,12143,156,97078
5,97239,462,0.0,12144,156,97083
4,97243,462,0.0,12145,156,97087
3,97246,462,0.0,12146,156,97090
12,97258,462,0.0,12147,156,97102
11,97269,462,0.0,12148,156,97113
11,97280,462,0.0,12149,156,97124
3,97283,462,0.0,12150,156,97127
11,97294,462,0.0,12151,156,97138
3,97297,462,0.0,12152,156,97141
3,97300,462,0.0,12153,156,97144
4,97304,462,0.0,12154,156,97148
10,97314,462,0.0,12155,156,97158
7,97321,462,0.0,12156,156,97165
3,97324,462,0.0,12157,156,97168
3,97327,462,0.0,12158,156,97171
29,97356,462,0.0,12159,156,97200
8,97364,462,0.0,12160,156,97208
15,97379,462,0.0,12161,156,97223
13,97392,462,0.0,12162,156,97236
2,97394,462,0.0,12163,156,97238
2,97396,462,0.0,12164,156,97240
2,97398,462,0.0,12165,156,97242
4,97402,462,0.0,12166,156,97246
11,97413,462,0.0,12167,156,97257
3,97416,462,0.0,12168,156,97260
3,97419,462,0.0,12169,156,97263
2,97421,462,0.0,12170,156,97265
2,97423,462,0.0,12171,156,97267
12,97435,462,0.0,12172,156,97279
5,97440,462,0.0,12173,156,97284
4,97444,462,0.0,12174,156,97288
9,97453,462,0.0,12175,156,97297
2,97455,462,0.0,12176,156,97299
12,97467,462,0.0,12177,156,97311
20,97487,462,0.0,12178,156,97331
5,97492,462,0.0,12179,156,97336
2,97494,462,0.0,12180,156,97338
19,97513,462,0.0,12181,156,97357
7,97520,462,0.0,12182,156,97364
4,97524,462,0.0,12183,156,97368
47,97571,462,0.0,12184,156,97415
2,97573,462,0.0,12185,156,97417
9,97582,462,0.0,12186,156,97426
8,97590,462,0.0,12187,156,97434
3,97593,462,0.0,12188,156,97437
2,97595,462,0.0,12189,156,97439
3,97598,462,0.0,12190,156,97442
10,97608,462,0.0,12191,156,97452
4,97612,462,0.0,12192,156,97456
7,97619,462,0.0,12193,156,97463
20,97639,462,0.0,12194,156,97483
18,97657,462,0.0,12195,156,97501
7,97664,462,0.0,12196,156,97508
3,97667,462,0.0,12197,156,97511
2,97669,462,0.0,12198,156,97513
9,97678,462,0.0,12199,156,97522
6,97684,462,0.0,12200,156,97528
10,97694,462,0.0,12201,156,97538
8,97702,462,0.0,12202,156,97546
12,97714,462,0.0,12203,156,97558
2,97716,462,0.0,12204,156,97560
6,97722,462,0.0,12205,156,97566
2,97724,462,0.0,12206,156,97568
10,97734,462,0.0,12207,156,97578
11,97745,462,0.0,12208,156,97589
3,97748,462,0.0,12209,156,97592
10,97758,462,0.0,12210,156,97602
4,97762,462,0.0,12211,156,97606
8,97770,462,0.0,12212,156,97614
6,97776,462,0.0,12213,156,97620
15,97791,462,0.0,12214,156,97635
5,97796,462,0.0,12215,156,97640
3,97799,462,0.0,12216,156,97643
16,97815,462,0.0,12217,156,97659
14,97829,462,0.0,12218,156,97673
14,97843,462,0.0,12219,156,97687
2,97845,462,0.0,12220,156,97689
13,97858,463,1.0,12221,156,97702
13,97871,463,0.0,12222,156,97715
7,97878,463,0.0,12223,157,97721
2,97880,463,0.0,12224,157,97723
2,97882,463,0.0,12225,157,97725
8,97890,463,0.0,12226,157,97733
5,97895,463,0.0,12227,157,97738
5,97900,463,0.0,12228,157,97743
4,97904,463,0.0,12229,157,97747
6,97910,463,0.0,12230,157,97753
14,97924,463,0.0,12231,157,97767
16,97940,463,0.0,12232,157,97783
3,97943,463,0.0,12233,157,97786
11,97954,463,0.0,12234,157,97797
7,97961,463,0.0,12235,157,97804
2,97963,463,0.0,12236,157,97806
9,97972,463,0.0,12237,157,97815
5,97977,463,0.0,12238,157,97820
13,97990,463,0.0,12239,157,97833
5,97995,463,0.0,12240,157,97838
2,97997,463,0.0,12241,157,97840
5,98002,463,0.0,12242,157,97845
19,98021,463,0.0,12243,157,97864
13,98034,464,1.0,12244,157,97877
13,98047,464,0.0,12245,157,97890
11,98058,464,0.0,12246,157,97901
2,98060,464,0.0,12247,157,97903
9,98069,464,0.0,12248,157,97912
19,98088,464,0.0,12249,157,97931
7,98095,464,0.0,12250,157,97938
2,98097,464,0.0,12251,157,97940
13,98110,465,1.0,12252,157,97953
6,98116,465,0.0,12253,157,97959
14,98130,465,0.0,12254,157,97973
4,98134,465,0.0,12255,157,97977
2,98136,465,0.0,12256,157,97979
5,98141,465,0.0,12257,157,97984
19,98160,465,0.0,12258,157,98003
12,98172,465,0.0,12259,157,98015
12,98184,465,0.0,12260,157,98027
17,98201,465,0.0,12261,157,98044
4,98205,465,0.0,12262,157,98048
12,98217,465,0.0,12263,157,98060
3,98220,465,0.0,12264,157,98063
6,98226,465,0.0,12265,157,98069
5,98231,465,0.0,12266,157,98074
15,98246,465,0.0,12267,157,98089
12,98258,465,0.0,12268,157,98101
10,98268,465,0.0,12269,157,98111
5,98273,465,0.0,12270,157,98116
15,98288,465,0.0,12271,157,98131
4,98292,465,0.0,12272,157,98135
2,98294,465,0.0,12273,157,98137
7,98301,465,0.0,12274,157,98144
3,98304,465,0.0,12275,157,98147
2,98306,465,0.0,12276,157,98149
11,98317,465,0.0,12277,157,98160
2,98319,465,0.0,12278,157,98162
3,98322,465,0.0,12279,157,98165
2,98324,465,0.0,12280,157,98167
6,98330,465,0.0,12281,157,98173
6,98336,465,0.0,12282,157,98179
4,98340,465,0.0,12283,157,98183
8,98348,465,0.0,12284,157,98191
9,98357,465,0.0,12285,157,98200
21,98378,465,0.0,12286,157,98221
5,98383,465,0.0,12287,157,98226
5,98388,465,0.0,12288,157,98231
15,98403,465,0.0,12289,157,98246
11,98414,465,0.0,12290,157,98257
5,98419,465,0.0,12291,157,98262
2,98421,465,0.0,12292,157,98264
2,98423,465,0.0,12293,157,98266
9,98432,465,0.0,12294,157,98275
10,98442,465,0.0,12295,157,98285
3,98445,465,0.0,12296,157,98288
5,98450,465,0.0,12297,157,98293
6,98456,465,0.0,12298,157,98299
8,98464,465,0.0,12299,157,98307
20,98484,465,0.0,12300,157,98327
5,98489,465,0.0,12301,157,98332
7,98496,465,0.0,12302,157,98339
4,98500,465,0.0,12303,157,98343
8,98508,465,0.0,12304,157,98351
6,98514,465,0.0,12305,157,98357
4,98518,465,0.0,12306,157,98361
4,98522,465,0.0,12307,157,98365
3,98525,465,0.0,12308,157,98368
10,98535,465,0.0,12309,157,98378
10,98545,465,0.0,12310,157,98388
16,98561,465,0.0,12311,157,98404
22,98583,465,0.0,12312,157,98426
2,98585,465,0.0,12313,157,98428
4,98589,465,0.0,12314,157,98432
7,98596,465,0.0,12315,157,98439
19,98615,465,0.0,12316,157,98458
3,98618,465,0.0,12317,157,98461
28,98646,465,0.0,12318,157,98489
5,98651,465,0.0,12319,157,98494
6,98657,465,0.0,12320,157,98500
10,98667,465,0.0,12321,157,98510
12,98679,465,0.0,12322,157,98522
16,98695,465,0.0,12323,157,98538
6,98701,465,0.0,12324,157,98544
3,98704,465,0.0,12325,157,98547
13,98717,466,1.0,12326,157,98560
10,98727,466,0.0,12327,157,98570
8,98735,466,0.0,12328,157,98578
16,98751,466,0.0,12329,157,98594
5,98756,466,0.0,12330,157,98599
2,98758,466,0.0,12331,157,98601
6,98764,466,0.0,12332,157,98607
2,98766,466,0.0,12333,157,98609
4,98770,466,0.0,12334,157,98613
25,98795,466,0.0,12335,157,98638
8,98803,466,0.0,12336,157,98646
4,98807,466,0.0,12337,157,98650
5,98812,466,0.0,12338,157,98655
11,98823,466,0.0,12339,157,98666
4,98827,466,0.0,12340,157,98670
10,98837,466,0.0,12341,157,98680
12,98849,466,0.0,12342,157,98692
11,98860,466,0.0,12343,157,98703
5,98865,466,0.0,12344,157,98708
12,98877,466,0.0,12345,157,98720
9,98886,466,0.0,12346,157,98729
13,98899,467,1.0,12347,157,98742
32,98931,467,0.0,12348,157,98774
2,98933,467,0.0,12349,157,98776
10,98943,467,0.0,12350,157,98786
7,98950,467,0.0,12351,157,98793
4,98954,467,0.0,12352,157,98797
12,98966,467,0.0,12353,157,98809
13,98979,467,0.0,12354,157,98822
46,99025,467,0.0,12355,157,98868
3,99028,467,0.0,12356,157,98871
3,99031,467,0.0,12357,157,98874
5,99036,467,0.0,12358,157,98879
12,99048,467,0.0,12359,157,98891
15,99063,467,0.0,12360,157,98906
8,99071,467,0.0,12361,157,98914
12,99083,467,0.0,12362,157,98926
8,99091,467,0.0,12363,157,98934
9,99100,467,0.0,12364,157,98943
4,99104,467,0.0,12365,157,98947
3,99107,467,0.0,12366,157,98950
4,99111,467,0.0,12367,157,98954
3,99114,467,0.0,12368,157,98957
26,99140,467,0.0,12369,157,98983
12,99152,467,0.0,12370,157,98995
11,99163,467,0.0,12371,157,99006
13,99176,468,1.0,12372,157,99019
13,99189,469,1.0,12373,157,99032
11,99200,469,0.0,12374,157,99043
8,99208,469,0.0,12375,157,99051
7,99215,469,0.0,12376,157,99058
5,99220,469,0.0,12377,157,99063
2,99222,469,0.0,12378,157,99065
5,99227,469,0.0,12379,157,99070
8,99235,469,0.0,12380,157,99078
8,99243,469,0.0,12381,157,99086
7,99250,469,0.0,12382,157,99093
6,99256,469,0.0,12383,157,99099
6,99262,469,0.0,12384,157,99105
4,99266,469,0.0,12385,157,99109
4,99270,469,0.0,12386,157,99113
20,99290,469,0.0,12387,157,99133
9,99299,469,0.0,12388,157,99142
3,99302,469,0.0,12389,157,99145
2,99304,469,0.0,12390,157,99147
13,99317,470,1.0,12391,157,99160
5,99322,470,0.0,12392,157,99165
7,99329,470,0.0,12393,157,99172
3,99332,470,0.0,12394,157,99175
13,99345,470,0.0,12395,157,99188
2,99347,470,0.0,12396,157,99190
7,99354,470,0.0,12397,157,99197
3,99357,470,0.0,12398,157,99200
11,99368,470,0.0,12399,157,99211
9,99377,471,1.0,12400,157,99220
6,99383,471,0.0,12401,157,99226
9,99392,471,0.0,12402,157,99235
8,99400,471,0.0,12403,157,99243
7,99407,471,0.0,12404,157,99250
3,99410,471,0.0,12405,157,99253
12,99422,471,0.0,12406,157,99265
15,99437,471,0.0,12407,157,99280
7,99444,471,0.0,12408,157,99287
3,99447,471,0.0,12409,157,99290
2,99449,471,0.0,12410,157,99292
8,99457,471,0.0,12411,157,99300
2,99459,471,0.0,12412,157,99302
10,99469,471,0.0,12413,157,99312
5,99474,471,0.0,12414,157,99317
11,99485,471,0.0,12415,157,99328
2,99487,471,0.0,12416,157,99330
2,99489,471,0.0,12417,157,99332
7,99496,471,0.0,12418,157,99339
4,99500,471,0.0,12419,157,99343
11,99511,471,0.0,12420,157,99354
3,99514,471,0.0,12421,157,99357
5,99519,471,0.0,12422,157,99362
8,99527,471,0.0,12423,157,99370
9,99536,471,0.0,12424,157,99379
6,99542,471,0.0,12425,157,99385
7,99549,471,0.0,12426,157,99392
4,99553,471,0.0,12427,157,99396
2,99555,471,0.0,12428,157,99398
2,99557,471,0.0,12429,157,99400
4,99561,471,0.0,12430,157,99404
2,99563,471,0.0,12431,157,99406
9,99572,471,0.0,12432,157,99415
14,99586,472,1.0,12433,157,99429
3,99589,472,0.0,12434,157,99432
3,99592,472,0.0,12435,157,99435
10,99602,472,0.0,12436,157,99445
7,99609,472,0.0,12437,157,99452
3,99612,472,0.0,12438,157,99455
11,99623,472,0.0,12439,157,99466
16,99639,472,0.0,12440,157,99482
6,99645,472,0.0,12441,157,99488
3,99648,472,0.0,12442,157,99491
17,99665,472,0.0,12443,157,99508
2,99667,472,0.0,12444,157,99510
31,99698,472,0.0,12445,157,99541
3,99701,472,0.0,12446,157,99544
12,99713,472,0.0,12447,157,99556
10,99723,472,0.0,12448,157,99566
5,99728,472,0.0,12449,157,99571
21,99749,472,0.0,12450,157,99592
2,99751,472,0.0,12451,157,99594
2,99753,472,0.0,12452,157,99596
2,99755,472,0.0,12453,157,99598
26,99781,472,0.0,12454,157,99624
2,99783,472,0.0,12455,157,99626
3,99786,472,0.0,12456,157,99629
4,99790,472,0.0,12457,157,99633
17,99807,472,0.0,12458,157,99650
3,99810,472,0.0,12459,157,99653
6,99816,472,0.0,12460,157,99659
5,99821,472,0.0,12461,157,99664
2,99823,472,0.0,12462,157,99666
2,99825,472,0.0,12463,157,99668
13,99838,473,1.0,12464,157,99681
18,99856,473,0.0,12465,157,99699
3,99859,473,0.0,12466,157,99702
4,99863,473,0.0,12467,157,99706
8,99871,473,0.0,12468,157,99714
13,99884,473,0.0,12469,157,99727
3,99887,473,0.0,12470,157,99730
41,99928,474,1.0,12471,157,99771
10,99938,474,0.0,12472,157,99781
4,99942,474,0.0,12473,157,99785
3,99945,474,0.0,12474,157,99788
12,99957,474,0.0,12475,157,99800
2,99959,474,0.0,12476,157,99802
2,99961,474,0.0,12477,157,99804
9,99970,474,0.0,12478,157,99813
5,99975,474,0.0,12479,157,99818
6,99981,474,0.0,12480,157,99824
12,99993,474,0.0,12481,157,99836
7,100000,474,0.0,12482,157,99843
