iteration,successes,successes_episode,reward_episode,episode_count,random_act,timestep
3,3,0,0.0,1,3,0
7,10,0,0.0,2,7,3
7,17,0,0.0,3,10,7
14,31,0,0.0,4,20,11
2,33,0,0.0,5,21,12
10,43,0,0.0,6,28,15
5,48,0,0.0,7,32,16
3,51,0,0.0,8,32,19
2,53,0,0.0,9,34,19
8,61,0,0.0,10,39,22
5,66,0,0.0,11,43,23
4,70,0,0.0,12,46,24
10,80,0,0.0,13,53,27
11,91,0,0.0,14,61,30
13,104,1,1.0,15,72,32
25,129,1,0.0,16,74,55
12,141,1,0.0,17,75,66
4,145,1,0.0,18,75,70
11,156,1,0.0,19,75,81
3,159,1,0.0,20,75,84
5,164,1,0.0,21,77,87
20,184,1,0.0,22,79,105
10,194,2,1.0,23,79,115
5,199,2,0.0,24,79,120
7,206,2,0.0,25,79,127
3,209,2,0.0,26,79,130
4,213,2,0.0,27,79,134
6,219,2,0.0,28,79,140
4,223,2,0.0,29,79,144
7,230,2,0.0,30,79,151
5,235,2,0.0,31,79,156
7,242,2,0.0,32,80,162
2,244,2,0.0,33,80,164
10,254,2,0.0,34,81,173
11,265,2,0.0,35,82,183
9,274,2,0.0,36,82,192
8,282,2,0.0,37,82,200
8,290,2,0.0,38,82,208
4,294,2,0.0,39,83,211
2,296,2,0.0,40,83,213
2,298,2,0.0,41,83,215
5,303,2,0.0,42,84,219
9,312,2,0.0,43,84,228
6,318,2,0.0,44,84,234
4,322,2,0.0,45,84,238
2,324,2,0.0,46,84,240
23,347,2,0.0,47,85,262
5,352,2,0.0,48,85,267
11,363,3,1.0,49,85,278
7,370,3,0.0,50,85,285
6,376,3,0.0,51,85,291
8,384,3,0.0,52,85,299
3,387,3,0.0,53,85,302
5,392,3,0.0,54,85,307
5,397,3,0.0,55,86,311
6,403,3,0.0,56,86,317
3,406,3,0.0,57,86,320
8,414,3,0.0,58,87,327
7,421,3,0.0,59,87,334
3,424,3,0.0,60,87,337
7,431,3,0.0,61,87,344
3,434,3,0.0,62,87,347
7,441,3,0.0,63,87,354
6,447,4,1.0,64,87,360
14,461,4,0.0,65,87,374
9,470,4,0.0,66,87,383
3,473,4,0.0,67,87,386
2,475,4,0.0,68,87,388
3,478,4,0.0,69,87,391
10,488,4,0.0,70,87,401
11,499,4,0.0,71,87,412
6,505,4,0.0,72,87,418
4,509,4,0.0,73,87,422
7,516,4,0.0,74,87,429
2,518,4,0.0,75,87,431
7,525,5,1.0,76,87,438
4,529,5,0.0,77,87,442
4,533,5,0.0,78,87,446
3,536,5,0.0,79,87,449
11,547,5,0.0,80,87,460
7,554,6,1.0,81,87,467
3,557,6,0.0,82,87,470
4,561,6,0.0,83,87,474
18,579,7,1.0,84,87,492
3,582,7,0.0,85,87,495
2,584,7,0.0,86,87,497
2,586,7,0.0,87,87,499
9,595,8,1.0,88,87,508
6,601,8,0.0,89,87,514
5,606,8,0.0,90,87,519
8,614,8,0.0,91,87,527
9,623,8,0.0,92,87,536
22,645,8,0.0,93,87,558
3,648,8,0.0,94,87,561
8,656,8,0.0,95,87,569
12,668,8,0.0,96,87,581
3,671,8,0.0,97,87,584
5,676,8,0.0,98,87,589
10,686,8,0.0,99,87,599
11,697,8,0.0,100,87,610
6,703,8,0.0,101,87,616
7,710,8,0.0,102,87,623
7,717,9,1.0,103,87,630
3,720,9,0.0,104,87,633
10,730,10,1.0,105,87,643
7,737,10,0.0,106,87,650
8,745,10,0.0,107,87,658
10,755,11,1.0,108,87,668
8,763,12,1.0,109,87,676
8,771,13,1.0,110,87,684
4,775,13,0.0,111,87,688
5,780,13,0.0,112,87,693
3,783,13,0.0,113,87,696
2,785,13,0.0,114,87,698
5,790,13,0.0,115,87,703
4,794,13,0.0,116,87,707
9,803,14,1.0,117,87,716
18,821,15,1.0,118,87,734
19,840,16,1.0,119,87,753
7,847,17,1.0,120,87,760
4,851,17,0.0,121,87,764
3,854,17,0.0,122,87,767
7,861,17,0.0,123,87,774
4,865,17,0.0,124,87,778
6,871,17,0.0,125,87,784
2,873,17,0.0,126,87,786
6,879,17,0.0,127,87,792
6,885,17,0.0,128,87,798
9,894,17,0.0,129,87,807
11,905,18,1.0,130,87,818
6,911,19,1.0,131,87,824
10,921,19,0.0,132,87,834
2,923,19,0.0,133,87,836
20,943,20,1.0,134,87,856
6,949,21,1.0,135,87,862
4,953,21,0.0,136,87,866
6,959,22,1.0,137,87,872
6,965,23,1.0,138,87,878
3,968,23,0.0,139,87,881
6,974,23,0.0,140,87,887
9,983,24,1.0,141,87,896
3,986,24,0.0,142,87,899
9,995,25,1.0,143,87,908
5,1000,25,0.0,144,87,913
10,1010,26,1.0,145,87,923
3,1013,26,0.0,146,87,926
3,1016,26,0.0,147,87,929
4,1020,26,0.0,148,87,933
5,1025,26,0.0,149,87,938
7,1032,27,1.0,150,87,945
8,1040,28,1.0,151,87,953
5,1045,28,0.0,152,87,958
8,1053,29,1.0,153,87,966
10,1063,30,1.0,154,87,976
6,1069,31,1.0,155,87,982
5,1074,31,0.0,156,87,987
4,1078,31,0.0,157,87,991
6,1084,32,1.0,158,87,997
5,1089,32,0.0,159,87,1002
6,1095,32,0.0,160,87,1008
10,1105,33,1.0,161,87,1018
2,1107,33,0.0,162,87,1020
17,1124,33,0.0,163,87,1037
10,1134,33,0.0,164,87,1047
4,1138,33,0.0,165,87,1051
5,1143,33,0.0,166,87,1056
3,1146,33,0.0,167,87,1059
3,1149,33,0.0,168,87,1062
15,1164,34,1.0,169,87,1077
4,1168,34,0.0,170,87,1081
5,1173,34,0.0,171,87,1086
13,1186,35,1.0,172,87,1099
6,1192,35,0.0,173,87,1105
3,1195,35,0.0,174,87,1108
11,1206,36,1.0,175,87,1119
4,1210,36,0.0,176,87,1123
9,1219,37,1.0,177,87,1132
3,1222,37,0.0,178,87,1135
6,1228,37,0.0,179,87,1141
7,1235,38,1.0,180,87,1148
7,1242,39,1.0,181,87,1155
6,1248,40,1.0,182,87,1161
7,1255,41,1.0,183,87,1168
7,1262,41,0.0,184,87,1175
9,1271,42,1.0,185,87,1184
2,1273,42,0.0,186,87,1186
8,1281,42,0.0,187,87,1194
2,1283,42,0.0,188,87,1196
6,1289,42,0.0,189,87,1202
8,1297,43,1.0,190,87,1210
11,1308,44,1.0,191,87,1221
5,1313,44,0.0,192,87,1226
4,1317,44,0.0,193,87,1230
6,1323,44,0.0,194,87,1236
11,1334,44,0.0,195,87,1247
7,1341,45,1.0,196,87,1254
2,1343,45,0.0,197,87,1256
18,1361,45,0.0,198,87,1274
6,1367,45,0.0,199,87,1280
3,1370,45,0.0,200,87,1283
8,1378,45,0.0,201,87,1291
7,1385,45,0.0,202,87,1298
2,1387,45,0.0,203,87,1300
6,1393,45,0.0,204,87,1306
2,1395,45,0.0,205,87,1308
8,1403,46,1.0,206,87,1316
6,1409,47,1.0,207,87,1322
8,1417,48,1.0,208,87,1330
7,1424,49,1.0,209,87,1337
11,1435,50,1.0,210,87,1348
7,1442,50,0.0,211,87,1355
5,1447,50,0.0,212,87,1360
4,1451,50,0.0,213,87,1364
4,1455,50,0.0,214,87,1368
5,1460,50,0.0,215,87,1373
3,1463,50,0.0,216,87,1376
2,1465,50,0.0,217,87,1378
2,1467,50,0.0,218,87,1380
6,1473,50,0.0,219,87,1386
3,1476,50,0.0,220,87,1389
3,1479,50,0.0,221,87,1392
9,1488,51,1.0,222,87,1401
4,1492,51,0.0,223,87,1405
10,1502,52,1.0,224,87,1415
4,1506,52,0.0,225,87,1419
5,1511,52,0.0,226,87,1424
10,1521,53,1.0,227,87,1434
2,1523,53,0.0,228,87,1436
6,1529,53,0.0,229,87,1442
9,1538,54,1.0,230,87,1451
4,1542,54,0.0,231,87,1455
6,1548,55,1.0,232,87,1461
7,1555,56,1.0,233,87,1468
8,1563,56,0.0,234,87,1476
3,1566,56,0.0,235,87,1479
8,1574,57,1.0,236,87,1487
7,1581,58,1.0,237,87,1494
9,1590,58,0.0,238,87,1503
9,1599,59,1.0,239,87,1512
4,1603,59,0.0,240,87,1516
6,1609,59,0.0,241,87,1522
8,1617,59,0.0,242,87,1530
11,1628,60,1.0,243,87,1541
5,1633,60,0.0,244,87,1546
8,1641,61,1.0,245,87,1554
6,1647,61,0.0,246,87,1560
5,1652,61,0.0,247,87,1565
6,1658,62,1.0,248,87,1571
3,1661,62,0.0,249,87,1574
2,1663,62,0.0,250,87,1576
3,1666,62,0.0,251,87,1579
2,1668,62,0.0,252,87,1581
11,1679,63,1.0,253,87,1592
2,1681,63,0.0,254,87,1594
4,1685,63,0.0,255,87,1598
7,1692,64,1.0,256,87,1605
6,1698,65,1.0,257,87,1611
5,1703,65,0.0,258,87,1616
10,1713,66,1.0,259,87,1626
10,1723,67,1.0,260,87,1636
5,1728,67,0.0,261,87,1641
6,1734,68,1.0,262,87,1647
12,1746,69,1.0,263,87,1659
10,1756,69,0.0,264,87,1669
3,1759,69,0.0,265,87,1672
9,1768,69,0.0,266,87,1681
8,1776,70,1.0,267,87,1689
7,1783,71,1.0,268,87,1696
4,1787,71,0.0,269,87,1700
10,1797,72,1.0,270,87,1710
7,1804,73,1.0,271,87,1717
7,1811,74,1.0,272,87,1724
6,1817,75,1.0,273,87,1730
3,1820,75,0.0,274,87,1733
9,1829,75,0.0,275,87,1742
2,1831,75,0.0,276,87,1744
7,1838,75,0.0,277,87,1751
7,1845,76,1.0,278,87,1758
2,1847,76,0.0,279,87,1760
2,1849,76,0.0,280,87,1762
4,1853,76,0.0,281,87,1766
6,1859,77,1.0,282,87,1772
6,1865,78,1.0,283,87,1778
6,1871,79,1.0,284,87,1784
2,1873,79,0.0,285,87,1786
7,1880,80,1.0,286,87,1793
10,1890,81,1.0,287,87,1803
6,1896,82,1.0,288,87,1809
4,1900,82,0.0,289,87,1813
7,1907,83,1.0,290,87,1820
8,1915,84,1.0,291,87,1828
11,1926,85,1.0,292,87,1839
2,1928,85,0.0,293,87,1841
4,1932,85,0.0,294,87,1845
6,1938,86,1.0,295,87,1851
2,1940,86,0.0,296,87,1853
8,1948,87,1.0,297,87,1861
4,1952,87,0.0,298,87,1865
7,1959,88,1.0,299,87,1872
2,1961,88,0.0,300,87,1874
4,1965,88,0.0,301,87,1878
4,1969,88,0.0,302,87,1882
8,1977,89,1.0,303,87,1890
5,1982,89,0.0,304,87,1895
2,1984,89,0.0,305,87,1897
6,1990,90,1.0,306,87,1903
7,1997,91,1.0,307,87,1910
2,1999,91,0.0,308,87,1912
7,2006,92,1.0,309,87,1919
6,2012,93,1.0,310,87,1925
7,2019,94,1.0,311,87,1932
6,2025,94,0.0,312,87,1938
6,2031,95,1.0,313,87,1944
7,2038,95,0.0,314,87,1951
4,2042,95,0.0,315,87,1955
2,2044,95,0.0,316,87,1957
6,2050,95,0.0,317,87,1963
6,2056,96,1.0,318,87,1969
4,2060,96,0.0,319,87,1973
4,2064,96,0.0,320,87,1977
8,2072,97,1.0,321,87,1985
8,2080,98,1.0,322,87,1993
7,2087,99,1.0,323,87,2000
2,2089,99,0.0,324,87,2002
9,2098,100,1.0,325,87,2011
4,2102,100,0.0,326,87,2015
7,2109,101,1.0,327,87,2022
5,2114,101,0.0,328,87,2027
3,2117,101,0.0,329,87,2030
6,2123,102,1.0,330,87,2036
7,2130,102,0.0,331,87,2043
6,2136,103,1.0,332,87,2049
2,2138,103,0.0,333,87,2051
6,2144,104,1.0,334,87,2057
4,2148,104,0.0,335,87,2061
10,2158,105,1.0,336,87,2071
12,2170,106,1.0,337,87,2083
7,2177,106,0.0,338,87,2090
9,2186,107,1.0,339,87,2099
7,2193,108,1.0,340,87,2106
9,2202,109,1.0,341,87,2115
5,2207,109,0.0,342,87,2120
4,2211,109,0.0,343,87,2124
2,2213,109,0.0,344,87,2126
8,2221,110,1.0,345,87,2134
8,2229,110,0.0,346,87,2142
12,2241,111,1.0,347,87,2154
8,2249,111,0.0,348,87,2162
3,2252,111,0.0,349,87,2165
6,2258,112,1.0,350,87,2171
4,2262,112,0.0,351,87,2175
8,2270,112,0.0,352,87,2183
4,2274,112,0.0,353,87,2187
6,2280,113,1.0,354,87,2193
2,2282,113,0.0,355,87,2195
6,2288,113,0.0,356,87,2201
13,2301,114,1.0,357,87,2214
4,2305,114,0.0,358,87,2218
5,2310,114,0.0,359,87,2223
7,2317,115,1.0,360,87,2230
2,2319,115,0.0,361,87,2232
7,2326,116,1.0,362,87,2239
7,2333,116,0.0,363,87,2246
3,2336,116,0.0,364,87,2249
5,2341,116,0.0,365,87,2254
2,2343,116,0.0,366,87,2256
11,2354,117,1.0,367,87,2267
4,2358,117,0.0,368,87,2271
7,2365,118,1.0,369,87,2278
2,2367,118,0.0,370,87,2280
5,2372,118,0.0,371,87,2285
2,2374,118,0.0,372,87,2287
16,2390,118,0.0,373,87,2303
6,2396,118,0.0,374,87,2309
2,2398,118,0.0,375,87,2311
6,2404,119,1.0,376,87,2317
5,2409,119,0.0,377,87,2322
6,2415,120,1.0,378,87,2328
10,2425,120,0.0,379,87,2338
5,2430,120,0.0,380,87,2343
5,2435,120,0.0,381,87,2348
13,2448,121,1.0,382,87,2361
6,2454,122,1.0,383,87,2367
4,2458,122,0.0,384,87,2371
6,2464,123,1.0,385,87,2377
2,2466,123,0.0,386,87,2379
2,2468,123,0.0,387,87,2381
3,2471,123,0.0,388,87,2384
6,2477,124,1.0,389,87,2390
2,2479,124,0.0,390,87,2392
10,2489,125,1.0,391,87,2402
4,2493,125,0.0,392,87,2406
13,2506,125,0.0,393,87,2419
14,2520,125,0.0,394,87,2433
17,2537,126,1.0,395,87,2450
16,2553,127,1.0,396,87,2466
3,2556,127,0.0,397,87,2469
4,2560,127,0.0,398,87,2473
8,2568,128,1.0,399,87,2481
6,2574,129,1.0,400,87,2487
10,2584,130,1.0,401,87,2497
5,2589,130,0.0,402,87,2502
2,2591,130,0.0,403,87,2504
4,2595,130,0.0,404,87,2508
9,2604,131,1.0,405,87,2517
8,2612,131,0.0,406,87,2525
6,2618,131,0.0,407,87,2531
2,2620,131,0.0,408,87,2533
5,2625,131,0.0,409,87,2538
6,2631,132,1.0,410,87,2544
8,2639,132,0.0,411,87,2552
9,2648,132,0.0,412,87,2561
5,2653,132,0.0,413,87,2566
10,2663,133,1.0,414,87,2576
6,2669,134,1.0,415,87,2582
2,2671,134,0.0,416,87,2584
10,2681,135,1.0,417,87,2594
4,2685,135,0.0,418,87,2598
2,2687,135,0.0,419,87,2600
6,2693,136,1.0,420,87,2606
9,2702,137,1.0,421,87,2615
7,2709,137,0.0,422,87,2622
2,2711,137,0.0,423,87,2624
4,2715,137,0.0,424,87,2628
3,2718,137,0.0,425,87,2631
7,2725,138,1.0,426,87,2638
4,2729,138,0.0,427,87,2642
5,2734,138,0.0,428,87,2647
6,2740,139,1.0,429,87,2653
6,2746,139,0.0,430,87,2659
2,2748,139,0.0,431,87,2661
9,2757,140,1.0,432,87,2670
2,2759,140,0.0,433,87,2672
7,2766,140,0.0,434,87,2679
8,2774,141,1.0,435,87,2687
2,2776,141,0.0,436,87,2689
9,2785,141,0.0,437,87,2698
2,2787,141,0.0,438,87,2700
4,2791,141,0.0,439,87,2704
6,2797,142,1.0,440,87,2710
9,2806,143,1.0,441,87,2719
7,2813,143,0.0,442,87,2726
5,2818,143,0.0,443,87,2731
6,2824,144,1.0,444,87,2737
4,2828,144,0.0,445,87,2741
6,2834,145,1.0,446,87,2747
10,2844,145,0.0,447,87,2757
4,2848,145,0.0,448,87,2761
6,2854,145,0.0,449,87,2767
7,2861,145,0.0,450,87,2774
8,2869,146,1.0,451,87,2782
2,2871,146,0.0,452,87,2784
6,2877,147,1.0,453,87,2790
3,2880,147,0.0,454,87,2793
5,2885,147,0.0,455,87,2798
7,2892,148,1.0,456,87,2805
4,2896,148,0.0,457,87,2809
6,2902,148,0.0,458,87,2815
9,2911,149,1.0,459,87,2824
7,2918,150,1.0,460,87,2831
12,2930,151,1.0,461,87,2843
8,2938,152,1.0,462,87,2851
2,2940,152,0.0,463,87,2853
2,2942,152,0.0,464,87,2855
2,2944,152,0.0,465,87,2857
6,2950,153,1.0,466,87,2863
6,2956,153,0.0,467,87,2869
6,2962,154,1.0,468,87,2875
7,2969,154,0.0,469,87,2882
13,2982,155,1.0,470,87,2895
6,2988,156,1.0,471,87,2901
8,2996,157,1.0,472,87,2909
3,2999,157,0.0,473,87,2912
4,3003,157,0.0,474,87,2916
7,3010,158,1.0,475,87,2923
9,3019,159,1.0,476,87,2932
2,3021,159,0.0,477,87,2934
3,3024,159,0.0,478,87,2937
6,3030,160,1.0,479,87,2943
6,3036,161,1.0,480,87,2949
4,3040,161,0.0,481,87,2953
4,3044,161,0.0,482,87,2957
2,3046,161,0.0,483,87,2959
8,3054,162,1.0,484,87,2967
9,3063,163,1.0,485,87,2976
7,3070,164,1.0,486,87,2983
12,3082,165,1.0,487,87,2995
3,3085,165,0.0,488,87,2998
3,3088,165,0.0,489,87,3001
9,3097,165,0.0,490,87,3010
6,3103,165,0.0,491,87,3016
4,3107,165,0.0,492,87,3020
6,3113,166,1.0,493,87,3026
5,3118,166,0.0,494,87,3031
10,3128,167,1.0,495,87,3041
6,3134,168,1.0,496,87,3047
8,3142,169,1.0,497,87,3055
6,3148,169,0.0,498,87,3061
3,3151,169,0.0,499,87,3064
6,3157,170,1.0,500,87,3070
7,3164,170,0.0,501,87,3077
6,3170,171,1.0,502,87,3083
6,3176,172,1.0,503,87,3089
12,3188,173,1.0,504,87,3101
7,3195,174,1.0,505,87,3108
8,3203,175,1.0,506,87,3116
6,3209,176,1.0,507,87,3122
9,3218,177,1.0,508,87,3131
4,3222,177,0.0,509,87,3135
7,3229,178,1.0,510,87,3142
7,3236,179,1.0,511,87,3149
5,3241,179,0.0,512,87,3154
3,3244,179,0.0,513,87,3157
9,3253,180,1.0,514,87,3166
9,3262,181,1.0,515,87,3175
5,3267,181,0.0,516,87,3180
6,3273,181,0.0,517,87,3186
3,3276,181,0.0,518,87,3189
5,3281,181,0.0,519,87,3194
7,3288,182,1.0,520,87,3201
6,3294,183,1.0,521,87,3207
6,3300,184,1.0,522,87,3213
6,3306,185,1.0,523,87,3219
4,3310,185,0.0,524,87,3223
6,3316,185,0.0,525,87,3229
7,3323,186,1.0,526,87,3236
7,3330,187,1.0,527,87,3243
4,3334,187,0.0,528,87,3247
7,3341,188,1.0,529,87,3254
2,3343,188,0.0,530,87,3256
5,3348,188,0.0,531,87,3261
3,3351,188,0.0,532,87,3264
9,3360,189,1.0,533,87,3273
8,3368,190,1.0,534,87,3281
2,3370,190,0.0,535,87,3283
4,3374,190,0.0,536,87,3287
6,3380,191,1.0,537,87,3293
7,3387,192,1.0,538,87,3300
8,3395,193,1.0,539,87,3308
3,3398,193,0.0,540,87,3311
8,3406,194,1.0,541,87,3319
8,3414,195,1.0,542,87,3327
6,3420,196,1.0,543,87,3333
4,3424,196,0.0,544,87,3337
6,3430,197,1.0,545,87,3343
9,3439,198,1.0,546,87,3352
4,3443,198,0.0,547,87,3356
6,3449,199,1.0,548,87,3362
4,3453,199,0.0,549,87,3366
6,3459,200,1.0,550,87,3372
6,3465,201,1.0,551,87,3378
7,3472,202,1.0,552,87,3385
6,3478,202,0.0,553,87,3391
6,3484,203,1.0,554,87,3397
7,3491,204,1.0,555,87,3404
11,3502,205,1.0,556,87,3415
9,3511,206,1.0,557,87,3424
6,3517,207,1.0,558,87,3430
10,3527,208,1.0,559,87,3440
7,3534,208,0.0,560,87,3447
6,3540,208,0.0,561,87,3453
6,3546,209,1.0,562,87,3459
9,3555,210,1.0,563,87,3468
2,3557,210,0.0,564,87,3470
7,3564,211,1.0,565,87,3477
8,3572,212,1.0,566,87,3485
4,3576,212,0.0,567,87,3489
9,3585,213,1.0,568,87,3498
4,3589,213,0.0,569,87,3502
2,3591,213,0.0,570,87,3504
8,3599,214,1.0,571,87,3512
5,3604,214,0.0,572,87,3517
6,3610,215,1.0,573,87,3523
6,3616,216,1.0,574,87,3529
2,3618,216,0.0,575,87,3531
7,3625,217,1.0,576,87,3538
6,3631,218,1.0,577,87,3544
6,3637,219,1.0,578,87,3550
6,3643,220,1.0,579,87,3556
2,3645,220,0.0,580,87,3558
3,3648,220,0.0,581,87,3561
6,3654,221,1.0,582,87,3567
2,3656,221,0.0,583,87,3569
6,3662,222,1.0,584,87,3575
5,3667,222,0.0,585,87,3580
4,3671,222,0.0,586,87,3584
8,3679,223,1.0,587,87,3592
4,3683,223,0.0,588,87,3596
6,3689,224,1.0,589,87,3602
2,3691,224,0.0,590,87,3604
6,3697,224,0.0,591,87,3610
2,3699,224,0.0,592,87,3612
7,3706,225,1.0,593,87,3619
8,3714,226,1.0,594,87,3627
7,3721,227,1.0,595,87,3634
6,3727,227,0.0,596,87,3640
2,3729,227,0.0,597,87,3642
2,3731,227,0.0,598,87,3644
6,3737,228,1.0,599,87,3650
7,3744,229,1.0,600,87,3657
12,3756,230,1.0,601,87,3669
6,3762,231,1.0,602,87,3675
4,3766,231,0.0,603,87,3679
16,3782,232,1.0,604,87,3695
2,3784,232,0.0,605,87,3697
11,3795,233,1.0,606,87,3708
3,3798,233,0.0,607,87,3711
7,3805,234,1.0,608,87,3718
9,3814,235,1.0,609,87,3727
2,3816,235,0.0,610,87,3729
5,3821,235,0.0,611,87,3734
7,3828,236,1.0,612,87,3741
2,3830,236,0.0,613,87,3743
6,3836,237,1.0,614,87,3749
4,3840,237,0.0,615,87,3753
9,3849,238,1.0,616,87,3762
9,3858,239,1.0,617,87,3771
10,3868,240,1.0,618,87,3781
3,3871,240,0.0,619,87,3784
6,3877,241,1.0,620,87,3790
12,3889,242,1.0,621,87,3802
4,3893,242,0.0,622,87,3806
9,3902,243,1.0,623,87,3815
9,3911,244,1.0,624,87,3824
11,3922,244,0.0,625,87,3835
2,3924,244,0.0,626,87,3837
3,3927,244,0.0,627,87,3840
6,3933,245,1.0,628,87,3846
4,3937,245,0.0,629,87,3850
2,3939,245,0.0,630,87,3852
6,3945,246,1.0,631,87,3858
4,3949,246,0.0,632,87,3862
9,3958,247,1.0,633,87,3871
6,3964,248,1.0,634,87,3877
2,3966,248,0.0,635,87,3879
3,3969,248,0.0,636,87,3882
5,3974,248,0.0,637,87,3887
5,3979,248,0.0,638,87,3892
6,3985,249,1.0,639,87,3898
8,3993,250,1.0,640,87,3906
4,3997,250,0.0,641,87,3910
5,4002,250,0.0,642,87,3915
6,4008,251,1.0,643,87,3921
4,4012,251,0.0,644,87,3925
2,4014,251,0.0,645,87,3927
8,4022,252,1.0,646,87,3935
7,4029,253,1.0,647,87,3942
4,4033,253,0.0,648,87,3946
10,4043,253,0.0,649,87,3956
4,4047,253,0.0,650,87,3960
11,4058,254,1.0,651,87,3971
8,4066,255,1.0,652,87,3979
2,4068,255,0.0,653,87,3981
14,4082,256,1.0,654,87,3995
4,4086,256,0.0,655,87,3999
9,4095,257,1.0,656,87,4008
4,4099,257,0.0,657,87,4012
6,4105,258,1.0,658,87,4018
9,4114,258,0.0,659,87,4027
6,4120,259,1.0,660,87,4033
6,4126,260,1.0,661,87,4039
9,4135,261,1.0,662,87,4048
2,4137,261,0.0,663,87,4050
9,4146,262,1.0,664,87,4059
4,4150,262,0.0,665,87,4063
6,4156,263,1.0,666,87,4069
10,4166,264,1.0,667,87,4079
7,4173,265,1.0,668,87,4086
3,4176,265,0.0,669,87,4089
9,4185,266,1.0,670,87,4098
6,4191,267,1.0,671,87,4104
7,4198,268,1.0,672,87,4111
6,4204,269,1.0,673,87,4117
6,4210,270,1.0,674,87,4123
6,4216,271,1.0,675,87,4129
2,4218,271,0.0,676,87,4131
7,4225,272,1.0,677,87,4138
6,4231,272,0.0,678,87,4144
6,4237,272,0.0,679,87,4150
10,4247,273,1.0,680,87,4160
6,4253,274,1.0,681,87,4166
2,4255,274,0.0,682,87,4168
2,4257,274,0.0,683,87,4170
8,4265,275,1.0,684,87,4178
7,4272,276,1.0,685,87,4185
6,4278,277,1.0,686,87,4191
6,4284,278,1.0,687,87,4197
6,4290,279,1.0,688,87,4203
6,4296,280,1.0,689,87,4209
4,4300,280,0.0,690,87,4213
5,4305,280,0.0,691,87,4218
14,4319,281,1.0,692,87,4232
6,4325,282,1.0,693,87,4238
2,4327,282,0.0,694,87,4240
4,4331,282,0.0,695,87,4244
2,4333,282,0.0,696,87,4246
4,4337,282,0.0,697,87,4250
4,4341,282,0.0,698,87,4254
8,4349,283,1.0,699,87,4262
6,4355,284,1.0,700,87,4268
6,4361,284,0.0,701,87,4274
3,4364,284,0.0,702,87,4277
6,4370,284,0.0,703,87,4283
4,4374,284,0.0,704,87,4287
11,4385,285,1.0,705,87,4298
4,4389,285,0.0,706,87,4302
6,4395,286,1.0,707,87,4308
6,4401,286,0.0,708,87,4314
6,4407,287,1.0,709,87,4320
6,4413,288,1.0,710,87,4326
7,4420,289,1.0,711,87,4333
2,4422,289,0.0,712,87,4335
7,4429,290,1.0,713,87,4342
13,4442,291,1.0,714,87,4355
7,4449,291,0.0,715,87,4362
6,4455,292,1.0,716,87,4368
2,4457,292,0.0,717,87,4370
2,4459,292,0.0,718,87,4372
6,4465,293,1.0,719,87,4378
6,4471,294,1.0,720,87,4384
14,4485,295,1.0,721,87,4398
7,4492,296,1.0,722,87,4405
3,4495,296,0.0,723,87,4408
4,4499,296,0.0,724,87,4412
7,4506,296,0.0,725,87,4419
2,4508,296,0.0,726,87,4421
6,4514,296,0.0,727,87,4427
7,4521,297,1.0,728,87,4434
2,4523,297,0.0,729,87,4436
6,4529,298,1.0,730,87,4442
4,4533,298,0.0,731,87,4446
8,4541,299,1.0,732,87,4454
5,4546,299,0.0,733,87,4459
7,4553,300,1.0,734,87,4466
4,4557,300,0.0,735,87,4470
5,4562,300,0.0,736,87,4475
6,4568,300,0.0,737,87,4481
6,4574,301,1.0,738,87,4487
7,4581,302,1.0,739,87,4494
6,4587,303,1.0,740,87,4500
7,4594,304,1.0,741,87,4507
2,4596,304,0.0,742,87,4509
10,4606,305,1.0,743,87,4519
2,4608,305,0.0,744,87,4521
12,4620,306,1.0,745,87,4533
3,4623,306,0.0,746,87,4536
4,4627,306,0.0,747,87,4540
5,4632,306,0.0,748,87,4545
8,4640,306,0.0,749,87,4553
11,4651,307,1.0,750,87,4564
5,4656,307,0.0,751,87,4569
6,4662,308,1.0,752,87,4575
7,4669,309,1.0,753,87,4582
3,4672,309,0.0,754,87,4585
10,4682,309,0.0,755,87,4595
6,4688,310,1.0,756,87,4601
10,4698,311,1.0,757,87,4611
2,4700,311,0.0,758,87,4613
4,4704,311,0.0,759,87,4617
2,4706,311,0.0,760,87,4619
4,4710,311,0.0,761,87,4623
6,4716,312,1.0,762,87,4629
11,4727,313,1.0,763,87,4640
7,4734,314,1.0,764,87,4647
7,4741,314,0.0,765,87,4654
6,4747,315,1.0,766,87,4660
9,4756,316,1.0,767,87,4669
8,4764,317,1.0,768,87,4677
9,4773,317,0.0,769,87,4686
5,4778,317,0.0,770,87,4691
9,4787,318,1.0,771,87,4700
7,4794,319,1.0,772,87,4707
6,4800,320,1.0,773,87,4713
4,4804,320,0.0,774,87,4717
6,4810,321,1.0,775,87,4723
2,4812,321,0.0,776,87,4725
7,4819,322,1.0,777,87,4732
7,4826,323,1.0,778,87,4739
4,4830,323,0.0,779,87,4743
4,4834,323,0.0,780,87,4747
9,4843,324,1.0,781,87,4756
2,4845,324,0.0,782,87,4758
2,4847,324,0.0,783,87,4760
6,4853,325,1.0,784,87,4766
7,4860,326,1.0,785,87,4773
3,4863,326,0.0,786,87,4776
8,4871,327,1.0,787,87,4784
3,4874,327,0.0,788,87,4787
10,4884,328,1.0,789,87,4797
9,4893,329,1.0,790,87,4806
13,4906,329,0.0,791,87,4819
5,4911,329,0.0,792,87,4824
6,4917,329,0.0,793,87,4830
2,4919,329,0.0,794,87,4832
8,4927,330,1.0,795,87,4840
7,4934,331,1.0,796,87,4847
4,4938,331,0.0,797,87,4851
9,4947,332,1.0,798,87,4860
2,4949,332,0.0,799,87,4862
10,4959,333,1.0,800,87,4872
9,4968,334,1.0,801,87,4881
6,4974,335,1.0,802,87,4887
10,4984,336,1.0,803,87,4897
6,4990,337,1.0,804,87,4903
5,4995,337,0.0,805,87,4908
7,5002,338,1.0,806,87,4915
10,5012,339,1.0,807,87,4925
5,5017,339,0.0,808,87,4930
10,5027,340,1.0,809,87,4940
2,5029,340,0.0,810,87,4942
6,5035,340,0.0,811,87,4948
8,5043,341,1.0,812,87,4956
7,5050,342,1.0,813,87,4963
4,5054,342,0.0,814,87,4967
6,5060,343,1.0,815,87,4973
6,5066,344,1.0,816,87,4979
8,5074,345,1.0,817,87,4987
5,5079,345,0.0,818,87,4992
4,5083,345,0.0,819,87,4996
2,5085,345,0.0,820,87,4998
6,5091,346,1.0,821,87,5004
7,5098,346,0.0,822,87,5011
3,5101,346,0.0,823,87,5014
2,5103,346,0.0,824,87,5016
8,5111,347,1.0,825,87,5024
8,5119,348,1.0,826,87,5032
6,5125,348,0.0,827,87,5038
10,5135,349,1.0,828,87,5048
6,5141,350,1.0,829,87,5054
4,5145,350,0.0,830,87,5058
7,5152,351,1.0,831,87,5065
6,5158,352,1.0,832,87,5071
12,5170,353,1.0,833,87,5083
2,5172,353,0.0,834,87,5085
2,5174,353,0.0,835,87,5087
7,5181,354,1.0,836,87,5094
7,5188,355,1.0,837,87,5101
8,5196,356,1.0,838,87,5109
10,5206,357,1.0,839,87,5119
6,5212,357,0.0,840,87,5125
3,5215,357,0.0,841,87,5128
6,5221,358,1.0,842,87,5134
10,5231,359,1.0,843,87,5144
7,5238,360,1.0,844,87,5151
6,5244,361,1.0,845,87,5157
6,5250,362,1.0,846,87,5163
8,5258,363,1.0,847,87,5171
3,5261,363,0.0,848,87,5174
6,5267,363,0.0,849,87,5180
6,5273,364,1.0,850,87,5186
2,5275,364,0.0,851,87,5188
10,5285,365,1.0,852,87,5198
2,5287,365,0.0,853,87,5200
2,5289,365,0.0,854,87,5202
3,5292,365,0.0,855,87,5205
6,5298,366,1.0,856,87,5211
2,5300,366,0.0,857,87,5213
3,5303,366,0.0,858,87,5216
4,5307,366,0.0,859,87,5220
4,5311,366,0.0,860,87,5224
4,5315,366,0.0,861,87,5228
3,5318,366,0.0,862,87,5231
2,5320,366,0.0,863,87,5233
6,5326,367,1.0,864,87,5239
13,5339,368,1.0,865,87,5252
2,5341,368,0.0,866,87,5254
2,5343,368,0.0,867,87,5256
7,5350,369,1.0,868,87,5263
5,5355,369,0.0,869,87,5268
9,5364,370,1.0,870,87,5277
5,5369,370,0.0,871,87,5282
9,5378,371,1.0,872,87,5291
5,5383,371,0.0,873,87,5296
4,5387,371,0.0,874,87,5300
9,5396,372,1.0,875,87,5309
2,5398,372,0.0,876,87,5311
3,5401,372,0.0,877,87,5314
7,5408,373,1.0,878,87,5321
2,5410,373,0.0,879,87,5323
8,5418,374,1.0,880,87,5331
3,5421,374,0.0,881,87,5334
8,5429,375,1.0,882,87,5342
6,5435,376,1.0,883,87,5348
3,5438,376,0.0,884,87,5351
8,5446,377,1.0,885,87,5359
8,5454,378,1.0,886,87,5367
8,5462,379,1.0,887,87,5375
4,5466,379,0.0,888,87,5379
7,5473,380,1.0,889,87,5386
3,5476,380,0.0,890,87,5389
3,5479,380,0.0,891,87,5392
9,5488,380,0.0,892,87,5401
8,5496,381,1.0,893,87,5409
2,5498,381,0.0,894,87,5411
6,5504,382,1.0,895,87,5417
6,5510,383,1.0,896,87,5423
8,5518,384,1.0,897,87,5431
7,5525,385,1.0,898,87,5438
6,5531,386,1.0,899,87,5444
7,5538,387,1.0,900,87,5451
8,5546,388,1.0,901,87,5459
4,5550,388,0.0,902,87,5463
6,5556,389,1.0,903,87,5469
4,5560,389,0.0,904,87,5473
6,5566,389,0.0,905,87,5479
10,5576,390,1.0,906,87,5489
2,5578,390,0.0,907,87,5491
6,5584,391,1.0,908,87,5497
10,5594,392,1.0,909,87,5507
6,5600,393,1.0,910,87,5513
7,5607,394,1.0,911,87,5520
2,5609,394,0.0,912,87,5522
3,5612,394,0.0,913,87,5525
2,5614,394,0.0,914,87,5527
2,5616,394,0.0,915,87,5529
2,5618,394,0.0,916,87,5531
2,5620,394,0.0,917,87,5533
6,5626,394,0.0,918,87,5539
3,5629,394,0.0,919,87,5542
2,5631,394,0.0,920,87,5544
7,5638,395,1.0,921,87,5551
8,5646,395,0.0,922,87,5559
5,5651,395,0.0,923,87,5564
2,5653,395,0.0,924,87,5566
7,5660,395,0.0,925,87,5573
6,5666,396,1.0,926,87,5579
6,5672,396,0.0,927,87,5585
5,5677,396,0.0,928,87,5590
6,5683,397,1.0,929,87,5596
5,5688,397,0.0,930,87,5601
6,5694,398,1.0,931,87,5607
2,5696,398,0.0,932,87,5609
7,5703,399,1.0,933,87,5616
4,5707,399,0.0,934,87,5620
10,5717,400,1.0,935,87,5630
6,5723,401,1.0,936,87,5636
6,5729,401,0.0,937,87,5642
13,5742,402,1.0,938,87,5655
6,5748,402,0.0,939,87,5661
4,5752,402,0.0,940,87,5665
17,5769,403,1.0,941,87,5682
9,5778,404,1.0,942,87,5691
11,5789,405,1.0,943,87,5702
7,5796,406,1.0,944,87,5709
2,5798,406,0.0,945,87,5711
7,5805,407,1.0,946,87,5718
6,5811,408,1.0,947,87,5724
2,5813,408,0.0,948,87,5726
7,5820,409,1.0,949,87,5733
2,5822,409,0.0,950,87,5735
6,5828,410,1.0,951,87,5741
7,5835,411,1.0,952,87,5748
6,5841,412,1.0,953,87,5754
7,5848,413,1.0,954,87,5761
6,5854,413,0.0,955,87,5767
6,5860,414,1.0,956,87,5773
6,5866,414,0.0,957,87,5779
6,5872,415,1.0,958,87,5785
3,5875,415,0.0,959,87,5788
4,5879,415,0.0,960,87,5792
7,5886,416,1.0,961,87,5799
2,5888,416,0.0,962,87,5801
7,5895,417,1.0,963,87,5808
2,5897,417,0.0,964,87,5810
8,5905,418,1.0,965,87,5818
4,5909,418,0.0,966,87,5822
2,5911,418,0.0,967,87,5824
6,5917,418,0.0,968,87,5830
6,5923,419,1.0,969,87,5836
8,5931,420,1.0,970,87,5844
15,5946,420,0.0,971,87,5859
6,5952,420,0.0,972,87,5865
4,5956,420,0.0,973,87,5869
8,5964,421,1.0,974,87,5877
2,5966,421,0.0,975,87,5879
4,5970,421,0.0,976,87,5883
8,5978,422,1.0,977,87,5891
6,5984,423,1.0,978,87,5897
9,5993,424,1.0,979,87,5906
2,5995,424,0.0,980,87,5908
6,6001,425,1.0,981,87,5914
4,6005,425,0.0,982,87,5918
4,6009,425,0.0,983,87,5922
3,6012,425,0.0,984,87,5925
4,6016,425,0.0,985,87,5929
8,6024,426,1.0,986,87,5937
6,6030,427,1.0,987,87,5943
2,6032,427,0.0,988,87,5945
7,6039,428,1.0,989,87,5952
2,6041,428,0.0,990,87,5954
8,6049,429,1.0,991,87,5962
6,6055,430,1.0,992,87,5968
2,6057,430,0.0,993,87,5970
6,6063,430,0.0,994,87,5976
2,6065,430,0.0,995,87,5978
5,6070,430,0.0,996,87,5983
4,6074,430,0.0,997,87,5987
2,6076,430,0.0,998,87,5989
7,6083,431,1.0,999,87,5996
4,6087,431,0.0,1000,87,6000
7,6094,432,1.0,1001,87,6007
7,6101,432,0.0,1002,87,6014
6,6107,433,1.0,1003,87,6020
7,6114,434,1.0,1004,87,6027
5,6119,434,0.0,1005,87,6032
2,6121,434,0.0,1006,87,6034
2,6123,434,0.0,1007,87,6036
3,6126,434,0.0,1008,87,6039
4,6130,434,0.0,1009,87,6043
6,6136,435,1.0,1010,87,6049
8,6144,435,0.0,1011,87,6057
6,6150,436,1.0,1012,87,6063
7,6157,436,0.0,1013,87,6070
9,6166,437,1.0,1014,87,6079
7,6173,438,1.0,1015,87,6086
2,6175,438,0.0,1016,87,6088
2,6177,438,0.0,1017,87,6090
6,6183,439,1.0,1018,87,6096
8,6191,440,1.0,1019,87,6104
8,6199,440,0.0,1020,87,6112
8,6207,441,1.0,1021,87,6120
6,6213,442,1.0,1022,87,6126
6,6219,442,0.0,1023,87,6132
2,6221,442,0.0,1024,87,6134
13,6234,443,1.0,1025,87,6147
3,6237,443,0.0,1026,87,6150
16,6253,444,1.0,1027,87,6166
4,6257,444,0.0,1028,87,6170
6,6263,445,1.0,1029,87,6176
8,6271,446,1.0,1030,87,6184
8,6279,447,1.0,1031,87,6192
7,6286,447,0.0,1032,87,6199
6,6292,448,1.0,1033,87,6205
9,6301,449,1.0,1034,87,6214
6,6307,450,1.0,1035,87,6220
2,6309,450,0.0,1036,87,6222
6,6315,451,1.0,1037,87,6228
10,6325,452,1.0,1038,87,6238
2,6327,452,0.0,1039,87,6240
11,6338,453,1.0,1040,87,6251
8,6346,454,1.0,1041,87,6259
12,6358,455,1.0,1042,87,6271
8,6366,456,1.0,1043,87,6279
2,6368,456,0.0,1044,87,6281
7,6375,457,1.0,1045,87,6288
2,6377,457,0.0,1046,87,6290
10,6387,458,1.0,1047,87,6300
2,6389,458,0.0,1048,87,6302
9,6398,459,1.0,1049,87,6311
8,6406,460,1.0,1050,87,6319
4,6410,460,0.0,1051,87,6323
8,6418,461,1.0,1052,87,6331
7,6425,462,1.0,1053,87,6338
2,6427,462,0.0,1054,87,6340
8,6435,463,1.0,1055,87,6348
6,6441,464,1.0,1056,87,6354
6,6447,465,1.0,1057,87,6360
5,6452,465,0.0,1058,87,6365
7,6459,466,1.0,1059,87,6372
4,6463,466,0.0,1060,87,6376
9,6472,467,1.0,1061,87,6385
7,6479,468,1.0,1062,87,6392
9,6488,469,1.0,1063,87,6401
10,6498,469,0.0,1064,87,6411
8,6506,469,0.0,1065,87,6419
5,6511,469,0.0,1066,87,6424
4,6515,469,0.0,1067,87,6428
6,6521,470,1.0,1068,87,6434
4,6525,470,0.0,1069,87,6438
4,6529,470,0.0,1070,87,6442
2,6531,470,0.0,1071,87,6444
4,6535,470,0.0,1072,87,6448
4,6539,470,0.0,1073,87,6452
12,6551,471,1.0,1074,87,6464
3,6554,471,0.0,1075,87,6467
8,6562,472,1.0,1076,87,6475
5,6567,472,0.0,1077,87,6480
6,6573,473,1.0,1078,87,6486
5,6578,473,0.0,1079,87,6491
2,6580,473,0.0,1080,87,6493
9,6589,474,1.0,1081,87,6502
8,6597,475,1.0,1082,87,6510
7,6604,475,0.0,1083,87,6517
5,6609,475,0.0,1084,87,6522
3,6612,475,0.0,1085,87,6525
4,6616,475,0.0,1086,87,6529
7,6623,476,1.0,1087,87,6536
6,6629,477,1.0,1088,87,6542
2,6631,477,0.0,1089,87,6544
8,6639,478,1.0,1090,87,6552
6,6645,479,1.0,1091,87,6558
6,6651,479,0.0,1092,87,6564
6,6657,480,1.0,1093,87,6570
6,6663,481,1.0,1094,87,6576
5,6668,481,0.0,1095,87,6581
6,6674,482,1.0,1096,87,6587
4,6678,482,0.0,1097,87,6591
5,6683,482,0.0,1098,87,6596
8,6691,483,1.0,1099,87,6604
7,6698,484,1.0,1100,87,6611
4,6702,484,0.0,1101,87,6615
5,6707,484,0.0,1102,87,6620
9,6716,485,1.0,1103,87,6629
7,6723,486,1.0,1104,87,6636
8,6731,487,1.0,1105,87,6644
3,6734,487,0.0,1106,87,6647
4,6738,487,0.0,1107,87,6651
10,6748,488,1.0,1108,87,6661
9,6757,488,0.0,1109,87,6670
2,6759,488,0.0,1110,87,6672
8,6767,489,1.0,1111,87,6680
7,6774,490,1.0,1112,87,6687
7,6781,491,1.0,1113,87,6694
8,6789,492,1.0,1114,87,6702
3,6792,492,0.0,1115,87,6705
2,6794,492,0.0,1116,87,6707
4,6798,492,0.0,1117,87,6711
4,6802,492,0.0,1118,87,6715
8,6810,493,1.0,1119,87,6723
7,6817,493,0.0,1120,87,6730
7,6824,494,1.0,1121,87,6737
2,6826,494,0.0,1122,87,6739
6,6832,494,0.0,1123,87,6745
7,6839,495,1.0,1124,87,6752
6,6845,496,1.0,1125,87,6758
3,6848,496,0.0,1126,87,6761
6,6854,497,1.0,1127,87,6767
2,6856,497,0.0,1128,87,6769
5,6861,497,0.0,1129,87,6774
5,6866,497,0.0,1130,87,6779
9,6875,497,0.0,1131,87,6788
11,6886,498,1.0,1132,87,6799
2,6888,498,0.0,1133,87,6801
8,6896,499,1.0,1134,87,6809
9,6905,499,0.0,1135,87,6818
6,6911,500,1.0,1136,87,6824
6,6917,500,0.0,1137,87,6830
3,6920,500,0.0,1138,87,6833
7,6927,500,0.0,1139,87,6840
10,6937,501,1.0,1140,87,6850
9,6946,502,1.0,1141,87,6859
7,6953,503,1.0,1142,87,6866
3,6956,503,0.0,1143,87,6869
6,6962,504,1.0,1144,87,6875
7,6969,505,1.0,1145,87,6882
6,6975,506,1.0,1146,87,6888
4,6979,506,0.0,1147,87,6892
8,6987,507,1.0,1148,87,6900
5,6992,507,0.0,1149,87,6905
4,6996,507,0.0,1150,87,6909
8,7004,507,0.0,1151,87,6917
2,7006,507,0.0,1152,87,6919
4,7010,507,0.0,1153,87,6923
3,7013,507,0.0,1154,87,6926
7,7020,507,0.0,1155,87,6933
7,7027,508,1.0,1156,87,6940
6,7033,509,1.0,1157,87,6946
6,7039,510,1.0,1158,87,6952
6,7045,511,1.0,1159,87,6958
7,7052,512,1.0,1160,87,6965
8,7060,513,1.0,1161,87,6973
4,7064,513,0.0,1162,87,6977
9,7073,514,1.0,1163,87,6986
7,7080,515,1.0,1164,87,6993
6,7086,516,1.0,1165,87,6999
6,7092,516,0.0,1166,87,7005
6,7098,517,1.0,1167,87,7011
6,7104,518,1.0,1168,87,7017
4,7108,518,0.0,1169,87,7021
2,7110,518,0.0,1170,87,7023
8,7118,519,1.0,1171,87,7031
6,7124,520,1.0,1172,87,7037
8,7132,521,1.0,1173,87,7045
9,7141,522,1.0,1174,87,7054
3,7144,522,0.0,1175,87,7057
2,7146,522,0.0,1176,87,7059
6,7152,523,1.0,1177,87,7065
9,7161,524,1.0,1178,87,7074
6,7167,525,1.0,1179,87,7080
2,7169,525,0.0,1180,87,7082
6,7175,526,1.0,1181,87,7088
8,7183,527,1.0,1182,87,7096
6,7189,528,1.0,1183,87,7102
5,7194,528,0.0,1184,87,7107
3,7197,528,0.0,1185,87,7110
4,7201,528,0.0,1186,87,7114
6,7207,529,1.0,1187,87,7120
2,7209,529,0.0,1188,87,7122
9,7218,530,1.0,1189,87,7131
4,7222,530,0.0,1190,87,7135
10,7232,531,1.0,1191,87,7145
6,7238,532,1.0,1192,87,7151
6,7244,533,1.0,1193,87,7157
2,7246,533,0.0,1194,87,7159
7,7253,534,1.0,1195,87,7166
6,7259,534,0.0,1196,87,7172
2,7261,534,0.0,1197,87,7174
3,7264,534,0.0,1198,87,7177
10,7274,535,1.0,1199,87,7187
6,7280,535,0.0,1200,87,7193
3,7283,535,0.0,1201,87,7196
4,7287,535,0.0,1202,87,7200
10,7297,536,1.0,1203,87,7210
12,7309,536,0.0,1204,87,7222
6,7315,537,1.0,1205,87,7228
6,7321,538,1.0,1206,87,7234
2,7323,538,0.0,1207,87,7236
8,7331,539,1.0,1208,87,7244
4,7335,539,0.0,1209,87,7248
6,7341,540,1.0,1210,87,7254
4,7345,540,0.0,1211,87,7258
8,7353,541,1.0,1212,87,7266
2,7355,541,0.0,1213,87,7268
7,7362,542,1.0,1214,87,7275
10,7372,543,1.0,1215,87,7285
2,7374,543,0.0,1216,87,7287
8,7382,543,0.0,1217,87,7295
2,7384,543,0.0,1218,87,7297
2,7386,543,0.0,1219,87,7299
2,7388,543,0.0,1220,87,7301
7,7395,544,1.0,1221,87,7308
6,7401,545,1.0,1222,87,7314
10,7411,546,1.0,1223,87,7324
2,7413,546,0.0,1224,87,7326
6,7419,547,1.0,1225,87,7332
2,7421,547,0.0,1226,87,7334
11,7432,548,1.0,1227,87,7345
10,7442,549,1.0,1228,87,7355
7,7449,550,1.0,1229,87,7362
15,7464,551,1.0,1230,87,7377
2,7466,551,0.0,1231,87,7379
6,7472,552,1.0,1232,87,7385
4,7476,552,0.0,1233,87,7389
9,7485,552,0.0,1234,87,7398
6,7491,553,1.0,1235,87,7404
6,7497,554,1.0,1236,87,7410
6,7503,555,1.0,1237,87,7416
6,7509,555,0.0,1238,87,7422
2,7511,555,0.0,1239,87,7424
2,7513,555,0.0,1240,87,7426
5,7518,555,0.0,1241,87,7431
7,7525,556,1.0,1242,87,7438
13,7538,557,1.0,1243,87,7451
7,7545,558,1.0,1244,87,7458
6,7551,558,0.0,1245,87,7464
2,7553,558,0.0,1246,87,7466
2,7555,558,0.0,1247,87,7468
7,7562,559,1.0,1248,87,7475
7,7569,560,1.0,1249,87,7482
14,7583,561,1.0,1250,87,7496
4,7587,561,0.0,1251,87,7500
2,7589,561,0.0,1252,87,7502
7,7596,562,1.0,1253,87,7509
7,7603,563,1.0,1254,87,7516
6,7609,564,1.0,1255,87,7522
6,7615,565,1.0,1256,87,7528
2,7617,565,0.0,1257,87,7530
3,7620,565,0.0,1258,87,7533
6,7626,566,1.0,1259,87,7539
3,7629,566,0.0,1260,87,7542
6,7635,567,1.0,1261,87,7548
9,7644,568,1.0,1262,87,7557
3,7647,568,0.0,1263,87,7560
2,7649,568,0.0,1264,87,7562
11,7660,569,1.0,1265,87,7573
6,7666,570,1.0,1266,87,7579
7,7673,571,1.0,1267,87,7586
2,7675,571,0.0,1268,87,7588
4,7679,571,0.0,1269,87,7592
6,7685,571,0.0,1270,87,7598
6,7691,571,0.0,1271,87,7604
11,7702,572,1.0,1272,87,7615
5,7707,572,0.0,1273,87,7620
8,7715,573,1.0,1274,87,7628
11,7726,573,0.0,1275,87,7639
2,7728,573,0.0,1276,87,7641
6,7734,574,1.0,1277,87,7647
6,7740,575,1.0,1278,87,7653
5,7745,575,0.0,1279,87,7658
11,7756,576,1.0,1280,87,7669
6,7762,577,1.0,1281,87,7675
7,7769,578,1.0,1282,87,7682
2,7771,578,0.0,1283,87,7684
9,7780,578,0.0,1284,87,7693
8,7788,578,0.0,1285,87,7701
2,7790,578,0.0,1286,87,7703
3,7793,578,0.0,1287,87,7706
7,7800,578,0.0,1288,87,7713
3,7803,578,0.0,1289,87,7716
6,7809,579,1.0,1290,87,7722
6,7815,580,1.0,1291,87,7728
8,7823,581,1.0,1292,87,7736
9,7832,582,1.0,1293,87,7745
8,7840,583,1.0,1294,87,7753
6,7846,584,1.0,1295,87,7759
5,7851,584,0.0,1296,87,7764
5,7856,584,0.0,1297,87,7769
7,7863,585,1.0,1298,87,7776
10,7873,586,1.0,1299,87,7786
11,7884,587,1.0,1300,87,7797
3,7887,587,0.0,1301,87,7800
7,7894,588,1.0,1302,87,7807
12,7906,589,1.0,1303,87,7819
10,7916,590,1.0,1304,87,7829
10,7926,591,1.0,1305,87,7839
6,7932,592,1.0,1306,87,7845
4,7936,592,0.0,1307,87,7849
8,7944,592,0.0,1308,87,7857
9,7953,593,1.0,1309,87,7866
3,7956,593,0.0,1310,87,7869
2,7958,593,0.0,1311,87,7871
8,7966,594,1.0,1312,87,7879
9,7975,595,1.0,1313,87,7888
2,7977,595,0.0,1314,87,7890
3,7980,595,0.0,1315,87,7893
9,7989,596,1.0,1316,87,7902
6,7995,596,0.0,1317,87,7908
7,8002,597,1.0,1318,87,7915
2,8004,597,0.0,1319,87,7917
6,8010,597,0.0,1320,87,7923
6,8016,598,1.0,1321,87,7929
6,8022,599,1.0,1322,87,7935
6,8028,600,1.0,1323,87,7941
7,8035,601,1.0,1324,87,7948
8,8043,602,1.0,1325,87,7956
10,8053,603,1.0,1326,87,7966
8,8061,604,1.0,1327,87,7974
7,8068,604,0.0,1328,87,7981
7,8075,605,1.0,1329,87,7988
4,8079,605,0.0,1330,87,7992
8,8087,606,1.0,1331,87,8000
6,8093,607,1.0,1332,87,8006
2,8095,607,0.0,1333,87,8008
2,8097,607,0.0,1334,87,8010
5,8102,607,0.0,1335,87,8015
6,8108,608,1.0,1336,87,8021
6,8114,609,1.0,1337,87,8027
6,8120,609,0.0,1338,87,8033
7,8127,610,1.0,1339,87,8040
2,8129,610,0.0,1340,87,8042
2,8131,610,0.0,1341,87,8044
9,8140,610,0.0,1342,87,8053
5,8145,610,0.0,1343,87,8058
6,8151,611,1.0,1344,87,8064
6,8157,612,1.0,1345,87,8070
4,8161,612,0.0,1346,87,8074
11,8172,613,1.0,1347,87,8085
3,8175,613,0.0,1348,87,8088
8,8183,614,1.0,1349,87,8096
13,8196,615,1.0,1350,87,8109
2,8198,615,0.0,1351,87,8111
3,8201,615,0.0,1352,87,8114
6,8207,616,1.0,1353,87,8120
4,8211,616,0.0,1354,87,8124
6,8217,617,1.0,1355,87,8130
2,8219,617,0.0,1356,87,8132
6,8225,618,1.0,1357,87,8138
6,8231,618,0.0,1358,87,8144
2,8233,618,0.0,1359,87,8146
2,8235,618,0.0,1360,87,8148
6,8241,619,1.0,1361,87,8154
3,8244,619,0.0,1362,87,8157
7,8251,620,1.0,1363,87,8164
7,8258,621,1.0,1364,87,8171
11,8269,622,1.0,1365,87,8182
7,8276,623,1.0,1366,87,8189
6,8282,624,1.0,1367,87,8195
2,8284,624,0.0,1368,87,8197
2,8286,624,0.0,1369,87,8199
2,8288,624,0.0,1370,87,8201
3,8291,624,0.0,1371,87,8204
6,8297,625,1.0,1372,87,8210
6,8303,626,1.0,1373,87,8216
6,8309,627,1.0,1374,87,8222
8,8317,628,1.0,1375,87,8230
6,8323,629,1.0,1376,87,8236
4,8327,629,0.0,1377,87,8240
2,8329,629,0.0,1378,87,8242
3,8332,629,0.0,1379,87,8245
10,8342,630,1.0,1380,87,8255
8,8350,630,0.0,1381,87,8263
10,8360,631,1.0,1382,87,8273
4,8364,631,0.0,1383,87,8277
10,8374,632,1.0,1384,87,8287
5,8379,632,0.0,1385,87,8292
6,8385,633,1.0,1386,87,8298
3,8388,633,0.0,1387,87,8301
7,8395,634,1.0,1388,87,8308
4,8399,634,0.0,1389,87,8312
6,8405,635,1.0,1390,87,8318
6,8411,635,0.0,1391,87,8324
4,8415,635,0.0,1392,87,8328
15,8430,635,0.0,1393,87,8343
3,8433,635,0.0,1394,87,8346
6,8439,636,1.0,1395,87,8352
6,8445,637,1.0,1396,87,8358
7,8452,638,1.0,1397,87,8365
3,8455,638,0.0,1398,87,8368
3,8458,638,0.0,1399,87,8371
6,8464,638,0.0,1400,87,8377
4,8468,638,0.0,1401,87,8381
6,8474,639,1.0,1402,87,8387
3,8477,639,0.0,1403,87,8390
6,8483,640,1.0,1404,87,8396
2,8485,640,0.0,1405,87,8398
9,8494,641,1.0,1406,87,8407
6,8500,642,1.0,1407,87,8413
7,8507,643,1.0,1408,87,8420
12,8519,644,1.0,1409,87,8432
5,8524,644,0.0,1410,87,8437
8,8532,645,1.0,1411,87,8445
6,8538,645,0.0,1412,87,8451
6,8544,646,1.0,1413,87,8457
7,8551,647,1.0,1414,87,8464
8,8559,648,1.0,1415,87,8472
6,8565,648,0.0,1416,87,8478
8,8573,649,1.0,1417,87,8486
4,8577,649,0.0,1418,87,8490
8,8585,649,0.0,1419,87,8498
6,8591,649,0.0,1420,87,8504
4,8595,649,0.0,1421,87,8508
6,8601,650,1.0,1422,87,8514
8,8609,651,1.0,1423,87,8522
6,8615,652,1.0,1424,87,8528
14,8629,653,1.0,1425,87,8542
5,8634,653,0.0,1426,87,8547
6,8640,654,1.0,1427,87,8553
7,8647,655,1.0,1428,87,8560
6,8653,656,1.0,1429,87,8566
4,8657,656,0.0,1430,87,8570
6,8663,657,1.0,1431,87,8576
4,8667,657,0.0,1432,87,8580
2,8669,657,0.0,1433,87,8582
6,8675,658,1.0,1434,87,8588
11,8686,659,1.0,1435,87,8599
5,8691,659,0.0,1436,87,8604
9,8700,660,1.0,1437,87,8613
3,8703,660,0.0,1438,87,8616
7,8710,661,1.0,1439,87,8623
10,8720,662,1.0,1440,87,8633
6,8726,663,1.0,1441,87,8639
7,8733,664,1.0,1442,87,8646
5,8738,664,0.0,1443,87,8651
5,8743,664,0.0,1444,87,8656
8,8751,665,1.0,1445,87,8664
3,8754,665,0.0,1446,87,8667
2,8756,665,0.0,1447,87,8669
9,8765,666,1.0,1448,87,8678
6,8771,667,1.0,1449,87,8684
6,8777,668,1.0,1450,87,8690
9,8786,669,1.0,1451,87,8699
6,8792,670,1.0,1452,87,8705
11,8803,671,1.0,1453,87,8716
2,8805,671,0.0,1454,87,8718
2,8807,671,0.0,1455,87,8720
6,8813,672,1.0,1456,87,8726
9,8822,673,1.0,1457,87,8735
8,8830,673,0.0,1458,87,8743
6,8836,674,1.0,1459,87,8749
6,8842,675,1.0,1460,87,8755
7,8849,676,1.0,1461,87,8762
7,8856,677,1.0,1462,87,8769
4,8860,677,0.0,1463,87,8773
4,8864,677,0.0,1464,87,8777
2,8866,677,0.0,1465,87,8779
3,8869,677,0.0,1466,87,8782
5,8874,677,0.0,1467,87,8787
6,8880,678,1.0,1468,87,8793
6,8886,678,0.0,1469,87,8799
3,8889,678,0.0,1470,87,8802
8,8897,679,1.0,1471,87,8810
6,8903,679,0.0,1472,87,8816
6,8909,680,1.0,1473,87,8822
6,8915,681,1.0,1474,87,8828
6,8921,682,1.0,1475,87,8834
6,8927,683,1.0,1476,87,8840
13,8940,683,0.0,1477,87,8853
6,8946,684,1.0,1478,87,8859
7,8953,684,0.0,1479,87,8866
2,8955,684,0.0,1480,87,8868
5,8960,684,0.0,1481,87,8873
9,8969,685,1.0,1482,87,8882
4,8973,685,0.0,1483,87,8886
8,8981,686,1.0,1484,87,8894
2,8983,686,0.0,1485,87,8896
5,8988,686,0.0,1486,87,8901
2,8990,686,0.0,1487,87,8903
2,8992,686,0.0,1488,87,8905
7,8999,687,1.0,1489,87,8912
4,9003,687,0.0,1490,87,8916
2,9005,687,0.0,1491,87,8918
2,9007,687,0.0,1492,87,8920
4,9011,687,0.0,1493,87,8924
6,9017,688,1.0,1494,87,8930
2,9019,688,0.0,1495,87,8932
6,9025,689,1.0,1496,87,8938
7,9032,690,1.0,1497,87,8945
8,9040,691,1.0,1498,87,8953
5,9045,691,0.0,1499,87,8958
9,9054,692,1.0,1500,87,8967
6,9060,693,1.0,1501,87,8973
6,9066,694,1.0,1502,87,8979
11,9077,695,1.0,1503,87,8990
10,9087,695,0.0,1504,87,9000
6,9093,696,1.0,1505,87,9006
6,9099,697,1.0,1506,87,9012
6,9105,698,1.0,1507,87,9018
4,9109,698,0.0,1508,87,9022
5,9114,698,0.0,1509,87,9027
8,9122,699,1.0,1510,87,9035
6,9128,700,1.0,1511,87,9041
11,9139,701,1.0,1512,87,9052
3,9142,701,0.0,1513,87,9055
7,9149,702,1.0,1514,87,9062
7,9156,702,0.0,1515,87,9069
4,9160,702,0.0,1516,87,9073
2,9162,702,0.0,1517,87,9075
7,9169,703,1.0,1518,87,9082
2,9171,703,0.0,1519,87,9084
2,9173,703,0.0,1520,87,9086
5,9178,703,0.0,1521,87,9091
7,9185,704,1.0,1522,87,9098
3,9188,704,0.0,1523,87,9101
6,9194,705,1.0,1524,87,9107
7,9201,706,1.0,1525,87,9114
7,9208,706,0.0,1526,87,9121
6,9214,707,1.0,1527,87,9127
7,9221,708,1.0,1528,87,9134
5,9226,708,0.0,1529,87,9139
9,9235,709,1.0,1530,87,9148
3,9238,709,0.0,1531,87,9151
7,9245,710,1.0,1532,87,9158
7,9252,711,1.0,1533,87,9165
6,9258,711,0.0,1534,87,9171
2,9260,711,0.0,1535,87,9173
9,9269,712,1.0,1536,87,9182
10,9279,713,1.0,1537,87,9192
7,9286,714,1.0,1538,87,9199
6,9292,715,1.0,1539,87,9205
6,9298,716,1.0,1540,87,9211
8,9306,717,1.0,1541,87,9219
7,9313,718,1.0,1542,87,9226
8,9321,719,1.0,1543,87,9234
2,9323,719,0.0,1544,87,9236
6,9329,720,1.0,1545,87,9242
7,9336,721,1.0,1546,87,9249
6,9342,722,1.0,1547,87,9255
6,9348,723,1.0,1548,87,9261
6,9354,724,1.0,1549,87,9267
9,9363,725,1.0,1550,87,9276
3,9366,725,0.0,1551,87,9279
6,9372,726,1.0,1552,87,9285
8,9380,727,1.0,1553,87,9293
14,9394,728,1.0,1554,87,9307
7,9401,729,1.0,1555,87,9314
7,9408,730,1.0,1556,87,9321
9,9417,731,1.0,1557,87,9330
9,9426,732,1.0,1558,87,9339
2,9428,732,0.0,1559,87,9341
6,9434,732,0.0,1560,87,9347
8,9442,733,1.0,1561,87,9355
9,9451,734,1.0,1562,87,9364
8,9459,735,1.0,1563,87,9372
3,9462,735,0.0,1564,87,9375
8,9470,735,0.0,1565,87,9383
8,9478,736,1.0,1566,87,9391
10,9488,737,1.0,1567,87,9401
4,9492,737,0.0,1568,87,9405
6,9498,738,1.0,1569,87,9411
6,9504,739,1.0,1570,87,9417
6,9510,740,1.0,1571,87,9423
6,9516,741,1.0,1572,87,9429
8,9524,742,1.0,1573,87,9437
4,9528,742,0.0,1574,87,9441
8,9536,742,0.0,1575,87,9449
5,9541,742,0.0,1576,87,9454
6,9547,743,1.0,1577,87,9460
6,9553,744,1.0,1578,87,9466
3,9556,744,0.0,1579,87,9469
6,9562,744,0.0,1580,87,9475
6,9568,744,0.0,1581,87,9481
7,9575,744,0.0,1582,87,9488
7,9582,745,1.0,1583,87,9495
10,9592,746,1.0,1584,87,9505
8,9600,747,1.0,1585,87,9513
5,9605,747,0.0,1586,87,9518
6,9611,748,1.0,1587,87,9524
6,9617,749,1.0,1588,87,9530
4,9621,749,0.0,1589,87,9534
6,9627,750,1.0,1590,87,9540
11,9638,751,1.0,1591,87,9551
6,9644,752,1.0,1592,87,9557
2,9646,752,0.0,1593,87,9559
10,9656,753,1.0,1594,87,9569
5,9661,753,0.0,1595,87,9574
2,9663,753,0.0,1596,87,9576
2,9665,753,0.0,1597,87,9578
7,9672,754,1.0,1598,87,9585
3,9675,754,0.0,1599,87,9588
6,9681,755,1.0,1600,87,9594
8,9689,756,1.0,1601,87,9602
10,9699,757,1.0,1602,87,9612
4,9703,757,0.0,1603,87,9616
8,9711,758,1.0,1604,87,9624
10,9721,759,1.0,1605,87,9634
4,9725,759,0.0,1606,87,9638
8,9733,759,0.0,1607,87,9646
6,9739,759,0.0,1608,87,9652
10,9749,760,1.0,1609,87,9662
8,9757,761,1.0,1610,87,9670
6,9763,761,0.0,1611,87,9676
2,9765,761,0.0,1612,87,9678
7,9772,761,0.0,1613,87,9685
8,9780,762,1.0,1614,87,9693
6,9786,763,1.0,1615,87,9699
7,9793,764,1.0,1616,87,9706
7,9800,765,1.0,1617,87,9713
4,9804,765,0.0,1618,87,9717
12,9816,766,1.0,1619,87,9729
2,9818,766,0.0,1620,87,9731
6,9824,766,0.0,1621,87,9737
4,9828,766,0.0,1622,87,9741
6,9834,767,1.0,1623,87,9747
10,9844,768,1.0,1624,87,9757
3,9847,768,0.0,1625,87,9760
6,9853,769,1.0,1626,87,9766
9,9862,769,0.0,1627,87,9775
9,9871,770,1.0,1628,87,9784
2,9873,770,0.0,1629,87,9786
2,9875,770,0.0,1630,87,9788
6,9881,771,1.0,1631,87,9794
6,9887,772,1.0,1632,87,9800
7,9894,773,1.0,1633,87,9807
5,9899,773,0.0,1634,87,9812
6,9905,774,1.0,1635,87,9818
3,9908,774,0.0,1636,87,9821
6,9914,774,0.0,1637,87,9827
13,9927,775,1.0,1638,87,9840
6,9933,776,1.0,1639,87,9846
5,9938,776,0.0,1640,87,9851
6,9944,777,1.0,1641,87,9857
6,9950,778,1.0,1642,87,9863
5,9955,778,0.0,1643,87,9868
11,9966,779,1.0,1644,87,9879
4,9970,779,0.0,1645,87,9883
7,9977,779,0.0,1646,87,9890
2,9979,779,0.0,1647,87,9892
4,9983,779,0.0,1648,87,9896
2,9985,779,0.0,1649,87,9898
10,9995,780,1.0,1650,87,9908
2,9997,780,0.0,1651,87,9910
7,10004,781,1.0,1652,87,9917
5,10009,781,0.0,1653,87,9922
8,10017,781,0.0,1654,87,9930
12,10029,782,1.0,1655,87,9942
3,10032,782,0.0,1656,87,9945
6,10038,783,1.0,1657,87,9951
9,10047,784,1.0,1658,87,9960
7,10054,784,0.0,1659,87,9967
12,10066,785,1.0,1660,87,9979
7,10073,786,1.0,1661,87,9986
6,10079,787,1.0,1662,87,9992
6,10085,788,1.0,1663,87,9998
6,10091,788,0.0,1664,87,10004
11,10102,789,1.0,1665,87,10015
7,10109,790,1.0,1666,87,10022
7,10116,791,1.0,1667,87,10029
4,10120,791,0.0,1668,87,10033
6,10126,792,1.0,1669,87,10039
7,10133,793,1.0,1670,87,10046
8,10141,794,1.0,1671,87,10054
14,10155,795,1.0,1672,87,10068
2,10157,795,0.0,1673,87,10070
5,10162,795,0.0,1674,87,10075
6,10168,796,1.0,1675,87,10081
11,10179,797,1.0,1676,87,10092
6,10185,798,1.0,1677,87,10098
6,10191,799,1.0,1678,87,10104
11,10202,800,1.0,1679,87,10115
4,10206,800,0.0,1680,87,10119
6,10212,801,1.0,1681,87,10125
16,10228,801,0.0,1682,87,10141
7,10235,802,1.0,1683,87,10148
4,10239,802,0.0,1684,87,10152
8,10247,803,1.0,1685,87,10160
6,10253,803,0.0,1686,87,10166
6,10259,804,1.0,1687,87,10172
6,10265,805,1.0,1688,87,10178
7,10272,805,0.0,1689,87,10185
2,10274,805,0.0,1690,87,10187
2,10276,805,0.0,1691,87,10189
6,10282,806,1.0,1692,87,10195
4,10286,806,0.0,1693,87,10199
8,10294,806,0.0,1694,87,10207
4,10298,806,0.0,1695,87,10211
6,10304,806,0.0,1696,87,10217
7,10311,806,0.0,1697,87,10224
11,10322,807,1.0,1698,87,10235
6,10328,808,1.0,1699,87,10241
2,10330,808,0.0,1700,87,10243
2,10332,808,0.0,1701,87,10245
6,10338,809,1.0,1702,87,10251
6,10344,810,1.0,1703,87,10257
5,10349,810,0.0,1704,87,10262
6,10355,811,1.0,1705,87,10268
2,10357,811,0.0,1706,87,10270
2,10359,811,0.0,1707,87,10272
2,10361,811,0.0,1708,87,10274
6,10367,812,1.0,1709,87,10280
6,10373,813,1.0,1710,87,10286
6,10379,813,0.0,1711,87,10292
10,10389,814,1.0,1712,87,10302
10,10399,814,0.0,1713,87,10312
20,10419,815,1.0,1714,87,10332
7,10426,816,1.0,1715,87,10339
6,10432,817,1.0,1716,87,10345
7,10439,818,1.0,1717,87,10352
7,10446,819,1.0,1718,87,10359
2,10448,819,0.0,1719,87,10361
7,10455,820,1.0,1720,87,10368
4,10459,820,0.0,1721,87,10372
6,10465,821,1.0,1722,87,10378
8,10473,822,1.0,1723,87,10386
8,10481,823,1.0,1724,87,10394
4,10485,823,0.0,1725,87,10398
8,10493,824,1.0,1726,87,10406
6,10499,824,0.0,1727,87,10412
6,10505,825,1.0,1728,87,10418
9,10514,826,1.0,1729,87,10427
11,10525,827,1.0,1730,87,10438
3,10528,827,0.0,1731,87,10441
5,10533,827,0.0,1732,87,10446
6,10539,828,1.0,1733,87,10452
7,10546,829,1.0,1734,87,10459
8,10554,830,1.0,1735,87,10467
6,10560,831,1.0,1736,87,10473
7,10567,831,0.0,1737,87,10480
6,10573,832,1.0,1738,87,10486
10,10583,832,0.0,1739,87,10496
6,10589,833,1.0,1740,87,10502
2,10591,833,0.0,1741,87,10504
10,10601,834,1.0,1742,87,10514
6,10607,835,1.0,1743,87,10520
4,10611,835,0.0,1744,87,10524
6,10617,836,1.0,1745,87,10530
9,10626,837,1.0,1746,87,10539
9,10635,838,1.0,1747,87,10548
7,10642,839,1.0,1748,87,10555
4,10646,839,0.0,1749,87,10559
5,10651,839,0.0,1750,87,10564
6,10657,840,1.0,1751,87,10570
6,10663,841,1.0,1752,87,10576
9,10672,842,1.0,1753,87,10585
3,10675,842,0.0,1754,87,10588
11,10686,843,1.0,1755,87,10599
2,10688,843,0.0,1756,87,10601
9,10697,843,0.0,1757,87,10610
6,10703,844,1.0,1758,87,10616
7,10710,844,0.0,1759,87,10623
4,10714,844,0.0,1760,87,10627
3,10717,844,0.0,1761,87,10630
6,10723,845,1.0,1762,87,10636
4,10727,845,0.0,1763,87,10640
5,10732,845,0.0,1764,87,10645
4,10736,845,0.0,1765,87,10649
6,10742,846,1.0,1766,87,10655
7,10749,846,0.0,1767,87,10662
7,10756,847,1.0,1768,87,10669
4,10760,847,0.0,1769,87,10673
11,10771,848,1.0,1770,87,10684
9,10780,849,1.0,1771,87,10693
6,10786,850,1.0,1772,87,10699
5,10791,850,0.0,1773,87,10704
4,10795,850,0.0,1774,87,10708
3,10798,850,0.0,1775,87,10711
8,10806,850,0.0,1776,87,10719
6,10812,851,1.0,1777,87,10725
6,10818,851,0.0,1778,87,10731
2,10820,851,0.0,1779,87,10733
5,10825,851,0.0,1780,87,10738
2,10827,851,0.0,1781,87,10740
2,10829,851,0.0,1782,87,10742
6,10835,852,1.0,1783,87,10748
6,10841,852,0.0,1784,87,10754
6,10847,853,1.0,1785,87,10760
2,10849,853,0.0,1786,87,10762
6,10855,853,0.0,1787,87,10768
7,10862,854,1.0,1788,87,10775
7,10869,855,1.0,1789,87,10782
4,10873,855,0.0,1790,87,10786
4,10877,855,0.0,1791,87,10790
3,10880,855,0.0,1792,87,10793
7,10887,856,1.0,1793,87,10800
6,10893,857,1.0,1794,87,10806
6,10899,858,1.0,1795,87,10812
7,10906,859,1.0,1796,87,10819
4,10910,859,0.0,1797,87,10823
7,10917,859,0.0,1798,87,10830
9,10926,860,1.0,1799,87,10839
6,10932,861,1.0,1800,87,10845
4,10936,861,0.0,1801,87,10849
7,10943,862,1.0,1802,87,10856
6,10949,863,1.0,1803,87,10862
6,10955,863,0.0,1804,87,10868
6,10961,864,1.0,1805,87,10874
6,10967,864,0.0,1806,87,10880
8,10975,865,1.0,1807,87,10888
10,10985,866,1.0,1808,87,10898
12,10997,867,1.0,1809,87,10910
6,11003,867,0.0,1810,87,10916
6,11009,867,0.0,1811,87,10922
4,11013,867,0.0,1812,87,10926
3,11016,867,0.0,1813,87,10929
9,11025,868,1.0,1814,87,10938
8,11033,869,1.0,1815,87,10946
9,11042,870,1.0,1816,87,10955
8,11050,871,1.0,1817,87,10963
2,11052,871,0.0,1818,87,10965
6,11058,872,1.0,1819,87,10971
7,11065,873,1.0,1820,87,10978
3,11068,873,0.0,1821,87,10981
4,11072,873,0.0,1822,87,10985
7,11079,874,1.0,1823,87,10992
8,11087,875,1.0,1824,87,11000
6,11093,876,1.0,1825,87,11006
10,11103,877,1.0,1826,87,11016
4,11107,877,0.0,1827,87,11020
3,11110,877,0.0,1828,87,11023
7,11117,878,1.0,1829,87,11030
4,11121,878,0.0,1830,87,11034
8,11129,879,1.0,1831,87,11042
6,11135,880,1.0,1832,87,11048
6,11141,881,1.0,1833,87,11054
7,11148,882,1.0,1834,87,11061
4,11152,882,0.0,1835,87,11065
7,11159,883,1.0,1836,87,11072
4,11163,883,0.0,1837,87,11076
5,11168,883,0.0,1838,87,11081
7,11175,883,0.0,1839,87,11088
7,11182,884,1.0,1840,87,11095
6,11188,885,1.0,1841,87,11101
8,11196,886,1.0,1842,87,11109
11,11207,887,1.0,1843,87,11120
6,11213,888,1.0,1844,87,11126
6,11219,889,1.0,1845,87,11132
10,11229,890,1.0,1846,87,11142
12,11241,891,1.0,1847,87,11154
9,11250,892,1.0,1848,87,11163
6,11256,892,0.0,1849,87,11169
8,11264,892,0.0,1850,87,11177
6,11270,893,1.0,1851,87,11183
8,11278,893,0.0,1852,87,11191
7,11285,894,1.0,1853,87,11198
7,11292,895,1.0,1854,87,11205
4,11296,895,0.0,1855,87,11209
7,11303,896,1.0,1856,87,11216
8,11311,897,1.0,1857,87,11224
8,11319,898,1.0,1858,87,11232
6,11325,899,1.0,1859,87,11238
2,11327,899,0.0,1860,87,11240
8,11335,900,1.0,1861,87,11248
4,11339,900,0.0,1862,87,11252
2,11341,900,0.0,1863,87,11254
7,11348,900,0.0,1864,87,11261
4,11352,900,0.0,1865,87,11265
9,11361,901,1.0,1866,87,11274
7,11368,901,0.0,1867,87,11281
8,11376,902,1.0,1868,87,11289
6,11382,903,1.0,1869,87,11295
4,11386,903,0.0,1870,87,11299
10,11396,904,1.0,1871,87,11309
6,11402,905,1.0,1872,87,11315
6,11408,906,1.0,1873,87,11321
6,11414,907,1.0,1874,87,11327
10,11424,907,0.0,1875,87,11337
8,11432,908,1.0,1876,87,11345
6,11438,909,1.0,1877,87,11351
7,11445,910,1.0,1878,87,11358
10,11455,911,1.0,1879,87,11368
6,11461,912,1.0,1880,87,11374
7,11468,913,1.0,1881,87,11381
6,11474,913,0.0,1882,87,11387
7,11481,914,1.0,1883,87,11394
13,11494,915,1.0,1884,87,11407
3,11497,915,0.0,1885,87,11410
9,11506,916,1.0,1886,87,11419
3,11509,916,0.0,1887,87,11422
6,11515,917,1.0,1888,87,11428
6,11521,917,0.0,1889,87,11434
2,11523,917,0.0,1890,87,11436
6,11529,918,1.0,1891,87,11442
4,11533,918,0.0,1892,87,11446
6,11539,919,1.0,1893,87,11452
6,11545,920,1.0,1894,87,11458
6,11551,921,1.0,1895,87,11464
8,11559,922,1.0,1896,87,11472
7,11566,923,1.0,1897,87,11479
15,11581,924,1.0,1898,87,11494
7,11588,924,0.0,1899,87,11501
8,11596,925,1.0,1900,87,11509
5,11601,925,0.0,1901,87,11514
2,11603,925,0.0,1902,87,11516
6,11609,926,1.0,1903,87,11522
3,11612,926,0.0,1904,87,11525
2,11614,926,0.0,1905,87,11527
6,11620,927,1.0,1906,87,11533
3,11623,927,0.0,1907,87,11536
6,11629,928,1.0,1908,87,11542
6,11635,929,1.0,1909,87,11548
8,11643,930,1.0,1910,87,11556
7,11650,930,0.0,1911,87,11563
10,11660,931,1.0,1912,87,11573
6,11666,932,1.0,1913,87,11579
6,11672,933,1.0,1914,87,11585
9,11681,934,1.0,1915,87,11594
6,11687,935,1.0,1916,87,11600
7,11694,936,1.0,1917,87,11607
7,11701,937,1.0,1918,87,11614
7,11708,938,1.0,1919,87,11621
8,11716,939,1.0,1920,87,11629
9,11725,940,1.0,1921,87,11638
6,11731,940,0.0,1922,87,11644
2,11733,940,0.0,1923,87,11646
2,11735,940,0.0,1924,87,11648
3,11738,940,0.0,1925,87,11651
6,11744,941,1.0,1926,87,11657
8,11752,941,0.0,1927,87,11665
6,11758,942,1.0,1928,87,11671
14,11772,943,1.0,1929,87,11685
6,11778,944,1.0,1930,87,11691
6,11784,945,1.0,1931,87,11697
4,11788,945,0.0,1932,87,11701
2,11790,945,0.0,1933,87,11703
8,11798,946,1.0,1934,87,11711
2,11800,946,0.0,1935,87,11713
2,11802,946,0.0,1936,87,11715
4,11806,946,0.0,1937,87,11719
4,11810,946,0.0,1938,87,11723
4,11814,946,0.0,1939,87,11727
8,11822,947,1.0,1940,87,11735
11,11833,948,1.0,1941,87,11746
6,11839,949,1.0,1942,87,11752
6,11845,950,1.0,1943,87,11758
23,11868,951,1.0,1944,87,11781
4,11872,951,0.0,1945,87,11785
5,11877,951,0.0,1946,87,11790
6,11883,952,1.0,1947,87,11796
8,11891,952,0.0,1948,87,11804
6,11897,953,1.0,1949,87,11810
6,11903,953,0.0,1950,87,11816
6,11909,954,1.0,1951,87,11822
9,11918,954,0.0,1952,87,11831
6,11924,954,0.0,1953,87,11837
5,11929,954,0.0,1954,87,11842
8,11937,955,1.0,1955,87,11850
10,11947,956,1.0,1956,87,11860
2,11949,956,0.0,1957,87,11862
11,11960,957,1.0,1958,87,11873
7,11967,958,1.0,1959,87,11880
7,11974,959,1.0,1960,87,11887
6,11980,959,0.0,1961,87,11893
6,11986,960,1.0,1962,87,11899
7,11993,961,1.0,1963,87,11906
6,11999,962,1.0,1964,87,11912
2,12001,962,0.0,1965,87,11914
2,12003,962,0.0,1966,87,11916
7,12010,963,1.0,1967,87,11923
8,12018,964,1.0,1968,87,11931
6,12024,965,1.0,1969,87,11937
2,12026,965,0.0,1970,87,11939
6,12032,966,1.0,1971,87,11945
10,12042,966,0.0,1972,87,11955
4,12046,966,0.0,1973,87,11959
6,12052,966,0.0,1974,87,11965
6,12058,966,0.0,1975,87,11971
13,12071,967,1.0,1976,87,11984
6,12077,968,1.0,1977,87,11990
3,12080,968,0.0,1978,87,11993
9,12089,969,1.0,1979,87,12002
8,12097,970,1.0,1980,87,12010
3,12100,970,0.0,1981,87,12013
6,12106,971,1.0,1982,87,12019
7,12113,972,1.0,1983,87,12026
2,12115,972,0.0,1984,87,12028
7,12122,973,1.0,1985,87,12035
3,12125,973,0.0,1986,87,12038
6,12131,974,1.0,1987,87,12044
6,12137,975,1.0,1988,87,12050
10,12147,976,1.0,1989,87,12060
6,12153,977,1.0,1990,87,12066
4,12157,977,0.0,1991,87,12070
6,12163,978,1.0,1992,87,12076
6,12169,979,1.0,1993,87,12082
3,12172,979,0.0,1994,87,12085
7,12179,979,0.0,1995,87,12092
10,12189,980,1.0,1996,87,12102
9,12198,981,1.0,1997,87,12111
7,12205,981,0.0,1998,87,12118
6,12211,982,1.0,1999,87,12124
6,12217,983,1.0,2000,87,12130
12,12229,984,1.0,2001,87,12142
6,12235,985,1.0,2002,87,12148
6,12241,986,1.0,2003,87,12154
6,12247,987,1.0,2004,87,12160
8,12255,988,1.0,2005,87,12168
6,12261,989,1.0,2006,87,12174
5,12266,989,0.0,2007,87,12179
7,12273,990,1.0,2008,87,12186
6,12279,990,0.0,2009,87,12192
5,12284,990,0.0,2010,87,12197
4,12288,990,0.0,2011,87,12201
10,12298,991,1.0,2012,87,12211
2,12300,991,0.0,2013,87,12213
2,12302,991,0.0,2014,87,12215
6,12308,992,1.0,2015,87,12221
7,12315,993,1.0,2016,87,12228
6,12321,994,1.0,2017,87,12234
6,12327,995,1.0,2018,87,12240
12,12339,996,1.0,2019,87,12252
9,12348,996,0.0,2020,87,12261
7,12355,997,1.0,2021,87,12268
6,12361,998,1.0,2022,87,12274
4,12365,998,0.0,2023,87,12278
12,12377,999,1.0,2024,87,12290
8,12385,1000,1.0,2025,87,12298
8,12393,1001,1.0,2026,87,12306
4,12397,1001,0.0,2027,87,12310
3,12400,1001,0.0,2028,87,12313
4,12404,1001,0.0,2029,87,12317
7,12411,1001,0.0,2030,87,12324
8,12419,1002,1.0,2031,87,12332
9,12428,1003,1.0,2032,87,12341
4,12432,1003,0.0,2033,87,12345
6,12438,1004,1.0,2034,87,12351
2,12440,1004,0.0,2035,87,12353
4,12444,1004,0.0,2036,87,12357
3,12447,1004,0.0,2037,87,12360
3,12450,1004,0.0,2038,87,12363
4,12454,1004,0.0,2039,87,12367
2,12456,1004,0.0,2040,87,12369
10,12466,1005,1.0,2041,87,12379
6,12472,1006,1.0,2042,87,12385
4,12476,1006,0.0,2043,87,12389
6,12482,1007,1.0,2044,87,12395
4,12486,1007,0.0,2045,87,12399
5,12491,1007,0.0,2046,87,12404
10,12501,1008,1.0,2047,87,12414
6,12507,1009,1.0,2048,87,12420
8,12515,1010,1.0,2049,87,12428
8,12523,1010,0.0,2050,87,12436
6,12529,1011,1.0,2051,87,12442
5,12534,1011,0.0,2052,87,12447
7,12541,1012,1.0,2053,87,12454
8,12549,1013,1.0,2054,87,12462
8,12557,1014,1.0,2055,87,12470
4,12561,1014,0.0,2056,87,12474
4,12565,1014,0.0,2057,87,12478
12,12577,1015,1.0,2058,87,12490
2,12579,1015,0.0,2059,87,12492
4,12583,1015,0.0,2060,87,12496
9,12592,1015,0.0,2061,87,12505
8,12600,1015,0.0,2062,87,12513
7,12607,1016,1.0,2063,87,12520
4,12611,1016,0.0,2064,87,12524
5,12616,1016,0.0,2065,87,12529
14,12630,1017,1.0,2066,87,12543
5,12635,1017,0.0,2067,87,12548
9,12644,1018,1.0,2068,87,12557
6,12650,1019,1.0,2069,87,12563
6,12656,1020,1.0,2070,87,12569
7,12663,1021,1.0,2071,87,12576
7,12670,1021,0.0,2072,87,12583
6,12676,1022,1.0,2073,87,12589
3,12679,1022,0.0,2074,87,12592
10,12689,1022,0.0,2075,87,12602
4,12693,1022,0.0,2076,87,12606
4,12697,1022,0.0,2077,87,12610
2,12699,1022,0.0,2078,87,12612
6,12705,1023,1.0,2079,87,12618
6,12711,1024,1.0,2080,87,12624
13,12724,1025,1.0,2081,87,12637
6,12730,1025,0.0,2082,87,12643
10,12740,1026,1.0,2083,87,12653
2,12742,1026,0.0,2084,87,12655
2,12744,1026,0.0,2085,87,12657
10,12754,1027,1.0,2086,87,12667
2,12756,1027,0.0,2087,87,12669
8,12764,1028,1.0,2088,87,12677
4,12768,1028,0.0,2089,87,12681
6,12774,1029,1.0,2090,87,12687
6,12780,1030,1.0,2091,87,12693
8,12788,1031,1.0,2092,87,12701
8,12796,1032,1.0,2093,87,12709
4,12800,1032,0.0,2094,87,12713
7,12807,1033,1.0,2095,87,12720
7,12814,1034,1.0,2096,87,12727
8,12822,1035,1.0,2097,87,12735
6,12828,1036,1.0,2098,87,12741
12,12840,1037,1.0,2099,87,12753
4,12844,1037,0.0,2100,87,12757
6,12850,1038,1.0,2101,87,12763
6,12856,1039,1.0,2102,87,12769
6,12862,1039,0.0,2103,87,12775
7,12869,1040,1.0,2104,87,12782
7,12876,1041,1.0,2105,87,12789
2,12878,1041,0.0,2106,87,12791
7,12885,1042,1.0,2107,87,12798
2,12887,1042,0.0,2108,87,12800
6,12893,1043,1.0,2109,87,12806
6,12899,1044,1.0,2110,87,12812
8,12907,1045,1.0,2111,87,12820
14,12921,1046,1.0,2112,87,12834
6,12927,1047,1.0,2113,87,12840
6,12933,1048,1.0,2114,87,12846
11,12944,1049,1.0,2115,87,12857
6,12950,1050,1.0,2116,87,12863
6,12956,1051,1.0,2117,87,12869
7,12963,1051,0.0,2118,87,12876
6,12969,1051,0.0,2119,87,12882
10,12979,1051,0.0,2120,87,12892
6,12985,1052,1.0,2121,87,12898
6,12991,1053,1.0,2122,87,12904
12,13003,1054,1.0,2123,87,12916
3,13006,1054,0.0,2124,87,12919
5,13011,1054,0.0,2125,87,12924
6,13017,1054,0.0,2126,87,12930
7,13024,1055,1.0,2127,87,12937
13,13037,1056,1.0,2128,87,12950
9,13046,1056,0.0,2129,87,12959
6,13052,1057,1.0,2130,87,12965
6,13058,1058,1.0,2131,87,12971
2,13060,1058,0.0,2132,87,12973
3,13063,1058,0.0,2133,87,12976
6,13069,1059,1.0,2134,87,12982
6,13075,1060,1.0,2135,87,12988
4,13079,1060,0.0,2136,87,12992
3,13082,1060,0.0,2137,87,12995
6,13088,1061,1.0,2138,87,13001
2,13090,1061,0.0,2139,87,13003
4,13094,1061,0.0,2140,87,13007
2,13096,1061,0.0,2141,87,13009
4,13100,1061,0.0,2142,87,13013
7,13107,1061,0.0,2143,87,13020
6,13113,1062,1.0,2144,87,13026
4,13117,1062,0.0,2145,87,13030
3,13120,1062,0.0,2146,87,13033
7,13127,1063,1.0,2147,87,13040
5,13132,1063,0.0,2148,87,13045
2,13134,1063,0.0,2149,87,13047
2,13136,1063,0.0,2150,87,13049
8,13144,1064,1.0,2151,87,13057
6,13150,1065,1.0,2152,87,13063
6,13156,1066,1.0,2153,87,13069
2,13158,1066,0.0,2154,87,13071
6,13164,1067,1.0,2155,87,13077
7,13171,1068,1.0,2156,87,13084
9,13180,1069,1.0,2157,87,13093
4,13184,1069,0.0,2158,87,13097
6,13190,1070,1.0,2159,87,13103
8,13198,1071,1.0,2160,87,13111
7,13205,1072,1.0,2161,87,13118
13,13218,1073,1.0,2162,87,13131
6,13224,1074,1.0,2163,87,13137
6,13230,1075,1.0,2164,87,13143
6,13236,1076,1.0,2165,87,13149
2,13238,1076,0.0,2166,87,13151
6,13244,1077,1.0,2167,87,13157
6,13250,1078,1.0,2168,87,13163
3,13253,1078,0.0,2169,87,13166
4,13257,1078,0.0,2170,87,13170
2,13259,1078,0.0,2171,87,13172
12,13271,1079,1.0,2172,87,13184
6,13277,1080,1.0,2173,87,13190
6,13283,1081,1.0,2174,87,13196
6,13289,1082,1.0,2175,87,13202
6,13295,1083,1.0,2176,87,13208
9,13304,1084,1.0,2177,87,13217
6,13310,1085,1.0,2178,87,13223
6,13316,1086,1.0,2179,87,13229
7,13323,1086,0.0,2180,87,13236
11,13334,1087,1.0,2181,87,13247
2,13336,1087,0.0,2182,87,13249
3,13339,1087,0.0,2183,87,13252
9,13348,1088,1.0,2184,87,13261
6,13354,1089,1.0,2185,87,13267
8,13362,1090,1.0,2186,87,13275
7,13369,1090,0.0,2187,87,13282
8,13377,1091,1.0,2188,87,13290
8,13385,1092,1.0,2189,87,13298
6,13391,1093,1.0,2190,87,13304
9,13400,1094,1.0,2191,87,13313
10,13410,1095,1.0,2192,87,13323
3,13413,1095,0.0,2193,87,13326
4,13417,1095,0.0,2194,87,13330
7,13424,1096,1.0,2195,87,13337
12,13436,1097,1.0,2196,87,13349
8,13444,1098,1.0,2197,87,13357
4,13448,1098,0.0,2198,87,13361
9,13457,1099,1.0,2199,87,13370
7,13464,1100,1.0,2200,87,13377
6,13470,1101,1.0,2201,87,13383
8,13478,1102,1.0,2202,87,13391
16,13494,1103,1.0,2203,87,13407
7,13501,1104,1.0,2204,87,13414
8,13509,1105,1.0,2205,87,13422
7,13516,1106,1.0,2206,87,13429
8,13524,1107,1.0,2207,87,13437
5,13529,1107,0.0,2208,87,13442
8,13537,1108,1.0,2209,87,13450
3,13540,1108,0.0,2210,87,13453
7,13547,1109,1.0,2211,87,13460
7,13554,1109,0.0,2212,87,13467
8,13562,1110,1.0,2213,87,13475
3,13565,1110,0.0,2214,87,13478
7,13572,1110,0.0,2215,87,13485
6,13578,1111,1.0,2216,87,13491
3,13581,1111,0.0,2217,87,13494
8,13589,1111,0.0,2218,87,13502
12,13601,1111,0.0,2219,87,13514
8,13609,1112,1.0,2220,87,13522
9,13618,1113,1.0,2221,87,13531
6,13624,1114,1.0,2222,87,13537
7,13631,1115,1.0,2223,87,13544
9,13640,1116,1.0,2224,87,13553
6,13646,1117,1.0,2225,87,13559
6,13652,1118,1.0,2226,87,13565
14,13666,1119,1.0,2227,87,13579
6,13672,1120,1.0,2228,87,13585
9,13681,1121,1.0,2229,87,13594
2,13683,1121,0.0,2230,87,13596
8,13691,1122,1.0,2231,87,13604
6,13697,1123,1.0,2232,87,13610
6,13703,1124,1.0,2233,87,13616
6,13709,1125,1.0,2234,87,13622
11,13720,1126,1.0,2235,87,13633
16,13736,1127,1.0,2236,87,13649
7,13743,1128,1.0,2237,87,13656
7,13750,1128,0.0,2238,87,13663
4,13754,1128,0.0,2239,87,13667
6,13760,1129,1.0,2240,87,13673
7,13767,1130,1.0,2241,87,13680
3,13770,1130,0.0,2242,87,13683
7,13777,1131,1.0,2243,87,13690
9,13786,1132,1.0,2244,87,13699
6,13792,1132,0.0,2245,87,13705
10,13802,1133,1.0,2246,87,13715
6,13808,1134,1.0,2247,87,13721
8,13816,1135,1.0,2248,87,13729
6,13822,1136,1.0,2249,87,13735
4,13826,1136,0.0,2250,87,13739
6,13832,1137,1.0,2251,87,13745
6,13838,1138,1.0,2252,87,13751
7,13845,1139,1.0,2253,87,13758
6,13851,1140,1.0,2254,87,13764
6,13857,1140,0.0,2255,87,13770
12,13869,1141,1.0,2256,87,13782
6,13875,1142,1.0,2257,87,13788
4,13879,1142,0.0,2258,87,13792
6,13885,1142,0.0,2259,87,13798
4,13889,1142,0.0,2260,87,13802
6,13895,1142,0.0,2261,87,13808
6,13901,1143,1.0,2262,87,13814
12,13913,1144,1.0,2263,87,13826
4,13917,1144,0.0,2264,87,13830
6,13923,1144,0.0,2265,87,13836
9,13932,1145,1.0,2266,87,13845
7,13939,1146,1.0,2267,87,13852
6,13945,1147,1.0,2268,87,13858
10,13955,1148,1.0,2269,87,13868
6,13961,1149,1.0,2270,87,13874
6,13967,1150,1.0,2271,87,13880
6,13973,1151,1.0,2272,87,13886
10,13983,1152,1.0,2273,87,13896
13,13996,1153,1.0,2274,87,13909
6,14002,1153,0.0,2275,87,13915
9,14011,1154,1.0,2276,87,13924
6,14017,1155,1.0,2277,87,13930
5,14022,1155,0.0,2278,87,13935
2,14024,1155,0.0,2279,87,13937
6,14030,1156,1.0,2280,87,13943
9,14039,1157,1.0,2281,87,13952
6,14045,1157,0.0,2282,87,13958
5,14050,1157,0.0,2283,87,13963
9,14059,1158,1.0,2284,87,13972
6,14065,1158,0.0,2285,87,13978
2,14067,1158,0.0,2286,87,13980
3,14070,1158,0.0,2287,87,13983
12,14082,1159,1.0,2288,87,13995
8,14090,1160,1.0,2289,87,14003
8,14098,1161,1.0,2290,87,14011
3,14101,1161,0.0,2291,87,14014
7,14108,1162,1.0,2292,87,14021
6,14114,1163,1.0,2293,87,14027
4,14118,1163,0.0,2294,87,14031
4,14122,1163,0.0,2295,87,14035
4,14126,1163,0.0,2296,87,14039
7,14133,1164,1.0,2297,87,14046
6,14139,1165,1.0,2298,87,14052
2,14141,1165,0.0,2299,87,14054
2,14143,1165,0.0,2300,87,14056
4,14147,1165,0.0,2301,87,14060
12,14159,1166,1.0,2302,87,14072
8,14167,1167,1.0,2303,87,14080
6,14173,1168,1.0,2304,87,14086
7,14180,1169,1.0,2305,87,14093
7,14187,1169,0.0,2306,87,14100
5,14192,1169,0.0,2307,87,14105
7,14199,1170,1.0,2308,87,14112
6,14205,1171,1.0,2309,87,14118
11,14216,1172,1.0,2310,87,14129
2,14218,1172,0.0,2311,87,14131
8,14226,1172,0.0,2312,87,14139
13,14239,1173,1.0,2313,87,14152
6,14245,1173,0.0,2314,87,14158
7,14252,1174,1.0,2315,87,14165
4,14256,1174,0.0,2316,87,14169
6,14262,1175,1.0,2317,87,14175
8,14270,1176,1.0,2318,87,14183
4,14274,1176,0.0,2319,87,14187
6,14280,1177,1.0,2320,87,14193
5,14285,1177,0.0,2321,87,14198
6,14291,1178,1.0,2322,87,14204
12,14303,1179,1.0,2323,87,14216
6,14309,1180,1.0,2324,87,14222
2,14311,1180,0.0,2325,87,14224
3,14314,1180,0.0,2326,87,14227
7,14321,1181,1.0,2327,87,14234
5,14326,1181,0.0,2328,87,14239
9,14335,1182,1.0,2329,87,14248
2,14337,1182,0.0,2330,87,14250
8,14345,1183,1.0,2331,87,14258
4,14349,1183,0.0,2332,87,14262
7,14356,1184,1.0,2333,87,14269
10,14366,1185,1.0,2334,87,14279
7,14373,1186,1.0,2335,87,14286
7,14380,1186,0.0,2336,87,14293
9,14389,1187,1.0,2337,87,14302
2,14391,1187,0.0,2338,87,14304
6,14397,1188,1.0,2339,87,14310
10,14407,1189,1.0,2340,87,14320
2,14409,1189,0.0,2341,87,14322
7,14416,1190,1.0,2342,87,14329
5,14421,1190,0.0,2343,87,14334
6,14427,1191,1.0,2344,87,14340
5,14432,1191,0.0,2345,87,14345
3,14435,1191,0.0,2346,87,14348
7,14442,1191,0.0,2347,87,14355
7,14449,1192,1.0,2348,87,14362
3,14452,1192,0.0,2349,87,14365
7,14459,1192,0.0,2350,87,14372
3,14462,1192,0.0,2351,87,14375
6,14468,1193,1.0,2352,87,14381
6,14474,1194,1.0,2353,87,14387
6,14480,1195,1.0,2354,87,14393
6,14486,1196,1.0,2355,87,14399
2,14488,1196,0.0,2356,87,14401
18,14506,1196,0.0,2357,87,14419
2,14508,1196,0.0,2358,87,14421
4,14512,1196,0.0,2359,87,14425
5,14517,1196,0.0,2360,87,14430
4,14521,1196,0.0,2361,87,14434
6,14527,1197,1.0,2362,87,14440
3,14530,1197,0.0,2363,87,14443
4,14534,1197,0.0,2364,87,14447
2,14536,1197,0.0,2365,87,14449
2,14538,1197,0.0,2366,87,14451
5,14543,1197,0.0,2367,87,14456
11,14554,1198,1.0,2368,87,14467
7,14561,1199,1.0,2369,87,14474
17,14578,1200,1.0,2370,87,14491
7,14585,1201,1.0,2371,87,14498
11,14596,1202,1.0,2372,87,14509
6,14602,1203,1.0,2373,87,14515
4,14606,1203,0.0,2374,87,14519
2,14608,1203,0.0,2375,87,14521
7,14615,1204,1.0,2376,87,14528
2,14617,1204,0.0,2377,87,14530
8,14625,1204,0.0,2378,87,14538
6,14631,1205,1.0,2379,87,14544
7,14638,1206,1.0,2380,87,14551
2,14640,1206,0.0,2381,87,14553
6,14646,1206,0.0,2382,87,14559
6,14652,1207,1.0,2383,87,14565
10,14662,1208,1.0,2384,87,14575
11,14673,1208,0.0,2385,87,14586
6,14679,1209,1.0,2386,87,14592
6,14685,1210,1.0,2387,87,14598
13,14698,1211,1.0,2388,87,14611
4,14702,1211,0.0,2389,87,14615
9,14711,1212,1.0,2390,87,14624
6,14717,1213,1.0,2391,87,14630
3,14720,1213,0.0,2392,87,14633
7,14727,1214,1.0,2393,87,14640
6,14733,1215,1.0,2394,87,14646
11,14744,1216,1.0,2395,87,14657
8,14752,1217,1.0,2396,87,14665
11,14763,1217,0.0,2397,87,14676
7,14770,1218,1.0,2398,87,14683
7,14777,1218,0.0,2399,87,14690
7,14784,1219,1.0,2400,87,14697
7,14791,1220,1.0,2401,87,14704
7,14798,1221,1.0,2402,87,14711
6,14804,1222,1.0,2403,87,14717
12,14816,1222,0.0,2404,87,14729
5,14821,1222,0.0,2405,87,14734
4,14825,1222,0.0,2406,87,14738
4,14829,1222,0.0,2407,87,14742
6,14835,1223,1.0,2408,87,14748
6,14841,1223,0.0,2409,87,14754
6,14847,1224,1.0,2410,87,14760
12,14859,1224,0.0,2411,87,14772
2,14861,1224,0.0,2412,87,14774
7,14868,1224,0.0,2413,87,14781
6,14874,1225,1.0,2414,87,14787
6,14880,1226,1.0,2415,87,14793
2,14882,1226,0.0,2416,87,14795
8,14890,1227,1.0,2417,87,14803
7,14897,1227,0.0,2418,87,14810
6,14903,1227,0.0,2419,87,14816
7,14910,1228,1.0,2420,87,14823
6,14916,1229,1.0,2421,87,14829
7,14923,1230,1.0,2422,87,14836
7,14930,1231,1.0,2423,87,14843
12,14942,1232,1.0,2424,87,14855
4,14946,1232,0.0,2425,87,14859
11,14957,1233,1.0,2426,87,14870
7,14964,1234,1.0,2427,87,14877
2,14966,1234,0.0,2428,87,14879
3,14969,1234,0.0,2429,87,14882
7,14976,1235,1.0,2430,87,14889
2,14978,1235,0.0,2431,87,14891
6,14984,1235,0.0,2432,87,14897
4,14988,1235,0.0,2433,87,14901
8,14996,1236,1.0,2434,87,14909
7,15003,1237,1.0,2435,87,14916
5,15008,1237,0.0,2436,87,14921
9,15017,1238,1.0,2437,87,14930
6,15023,1239,1.0,2438,87,14936
6,15029,1240,1.0,2439,87,14942
9,15038,1241,1.0,2440,87,14951
7,15045,1242,1.0,2441,87,14958
5,15050,1242,0.0,2442,87,14963
6,15056,1243,1.0,2443,87,14969
10,15066,1244,1.0,2444,87,14979
10,15076,1245,1.0,2445,87,14989
5,15081,1245,0.0,2446,87,14994
8,15089,1246,1.0,2447,87,15002
7,15096,1246,0.0,2448,87,15009
9,15105,1247,1.0,2449,87,15018
5,15110,1247,0.0,2450,87,15023
10,15120,1248,1.0,2451,87,15033
4,15124,1248,0.0,2452,87,15037
11,15135,1249,1.0,2453,87,15048
6,15141,1250,1.0,2454,87,15054
14,15155,1251,1.0,2455,87,15068
6,15161,1252,1.0,2456,87,15074
5,15166,1252,0.0,2457,87,15079
4,15170,1252,0.0,2458,87,15083
6,15176,1252,0.0,2459,87,15089
14,15190,1253,1.0,2460,87,15103
11,15201,1254,1.0,2461,87,15114
6,15207,1254,0.0,2462,87,15120
9,15216,1255,1.0,2463,87,15129
4,15220,1255,0.0,2464,87,15133
7,15227,1256,1.0,2465,87,15140
6,15233,1257,1.0,2466,87,15146
4,15237,1257,0.0,2467,87,15150
6,15243,1258,1.0,2468,87,15156
8,15251,1259,1.0,2469,87,15164
7,15258,1260,1.0,2470,87,15171
9,15267,1261,1.0,2471,87,15180
4,15271,1261,0.0,2472,87,15184
6,15277,1262,1.0,2473,87,15190
4,15281,1262,0.0,2474,87,15194
6,15287,1263,1.0,2475,87,15200
3,15290,1263,0.0,2476,87,15203
6,15296,1263,0.0,2477,87,15209
6,15302,1263,0.0,2478,87,15215
7,15309,1264,1.0,2479,87,15222
6,15315,1264,0.0,2480,87,15228
9,15324,1264,0.0,2481,87,15237
6,15330,1265,1.0,2482,87,15243
8,15338,1266,1.0,2483,87,15251
3,15341,1266,0.0,2484,87,15254
7,15348,1267,1.0,2485,87,15261
3,15351,1267,0.0,2486,87,15264
6,15357,1268,1.0,2487,87,15270
6,15363,1269,1.0,2488,87,15276
13,15376,1269,0.0,2489,87,15289
9,15385,1269,0.0,2490,87,15298
7,15392,1269,0.0,2491,87,15305
2,15394,1269,0.0,2492,87,15307
7,15401,1270,1.0,2493,87,15314
13,15414,1271,1.0,2494,87,15327
6,15420,1272,1.0,2495,87,15333
4,15424,1272,0.0,2496,87,15337
6,15430,1273,1.0,2497,87,15343
7,15437,1274,1.0,2498,87,15350
4,15441,1274,0.0,2499,87,15354
3,15444,1274,0.0,2500,87,15357
5,15449,1274,0.0,2501,87,15362
10,15459,1275,1.0,2502,87,15372
2,15461,1275,0.0,2503,87,15374
6,15467,1276,1.0,2504,87,15380
4,15471,1276,0.0,2505,87,15384
7,15478,1276,0.0,2506,87,15391
2,15480,1276,0.0,2507,87,15393
2,15482,1276,0.0,2508,87,15395
7,15489,1276,0.0,2509,87,15402
4,15493,1276,0.0,2510,87,15406
8,15501,1276,0.0,2511,87,15414
4,15505,1276,0.0,2512,87,15418
9,15514,1277,1.0,2513,87,15427
7,15521,1278,1.0,2514,87,15434
10,15531,1279,1.0,2515,87,15444
7,15538,1280,1.0,2516,87,15451
8,15546,1281,1.0,2517,87,15459
4,15550,1281,0.0,2518,87,15463
9,15559,1282,1.0,2519,87,15472
6,15565,1283,1.0,2520,87,15478
6,15571,1284,1.0,2521,87,15484
6,15577,1285,1.0,2522,87,15490
2,15579,1285,0.0,2523,87,15492
6,15585,1286,1.0,2524,87,15498
8,15593,1287,1.0,2525,87,15506
6,15599,1288,1.0,2526,87,15512
8,15607,1288,0.0,2527,87,15520
7,15614,1288,0.0,2528,87,15527
7,15621,1288,0.0,2529,87,15534
4,15625,1288,0.0,2530,87,15538
6,15631,1288,0.0,2531,87,15544
8,15639,1289,1.0,2532,87,15552
11,15650,1290,1.0,2533,87,15563
9,15659,1291,1.0,2534,87,15572
7,15666,1292,1.0,2535,87,15579
6,15672,1292,0.0,2536,87,15585
17,15689,1293,1.0,2537,87,15602
2,15691,1293,0.0,2538,87,15604
7,15698,1294,1.0,2539,87,15611
7,15705,1294,0.0,2540,87,15618
4,15709,1294,0.0,2541,87,15622
6,15715,1295,1.0,2542,87,15628
2,15717,1295,0.0,2543,87,15630
2,15719,1295,0.0,2544,87,15632
10,15729,1295,0.0,2545,87,15642
2,15731,1295,0.0,2546,87,15644
3,15734,1295,0.0,2547,87,15647
6,15740,1296,1.0,2548,87,15653
4,15744,1296,0.0,2549,87,15657
10,15754,1297,1.0,2550,87,15667
8,15762,1298,1.0,2551,87,15675
13,15775,1299,1.0,2552,87,15688
6,15781,1300,1.0,2553,87,15694
2,15783,1300,0.0,2554,87,15696
7,15790,1301,1.0,2555,87,15703
7,15797,1302,1.0,2556,87,15710
13,15810,1303,1.0,2557,87,15723
16,15826,1303,0.0,2558,87,15739
9,15835,1304,1.0,2559,87,15748
9,15844,1305,1.0,2560,87,15757
4,15848,1305,0.0,2561,87,15761
4,15852,1305,0.0,2562,87,15765
7,15859,1306,1.0,2563,87,15772
3,15862,1306,0.0,2564,87,15775
6,15868,1307,1.0,2565,87,15781
6,15874,1308,1.0,2566,87,15787
6,15880,1309,1.0,2567,87,15793
8,15888,1310,1.0,2568,87,15801
4,15892,1310,0.0,2569,87,15805
2,15894,1310,0.0,2570,87,15807
10,15904,1310,0.0,2571,87,15817
8,15912,1311,1.0,2572,87,15825
6,15918,1311,0.0,2573,87,15831
8,15926,1312,1.0,2574,87,15839
8,15934,1313,1.0,2575,87,15847
6,15940,1314,1.0,2576,87,15853
10,15950,1314,0.0,2577,87,15863
6,15956,1315,1.0,2578,87,15869
10,15966,1316,1.0,2579,87,15879
7,15973,1317,1.0,2580,87,15886
7,15980,1318,1.0,2581,87,15893
12,15992,1319,1.0,2582,87,15905
6,15998,1319,0.0,2583,87,15911
11,16009,1320,1.0,2584,87,15922
6,16015,1321,1.0,2585,87,15928
6,16021,1322,1.0,2586,87,15934
8,16029,1323,1.0,2587,87,15942
5,16034,1323,0.0,2588,87,15947
8,16042,1324,1.0,2589,87,15955
5,16047,1324,0.0,2590,87,15960
2,16049,1324,0.0,2591,87,15962
5,16054,1324,0.0,2592,87,15967
8,16062,1325,1.0,2593,87,15975
10,16072,1326,1.0,2594,87,15985
6,16078,1327,1.0,2595,87,15991
4,16082,1327,0.0,2596,87,15995
9,16091,1328,1.0,2597,87,16004
8,16099,1329,1.0,2598,87,16012
4,16103,1329,0.0,2599,87,16016
9,16112,1329,0.0,2600,87,16025
6,16118,1330,1.0,2601,87,16031
2,16120,1330,0.0,2602,87,16033
4,16124,1330,0.0,2603,87,16037
5,16129,1330,0.0,2604,87,16042
6,16135,1331,1.0,2605,87,16048
8,16143,1332,1.0,2606,87,16056
6,16149,1333,1.0,2607,87,16062
6,16155,1333,0.0,2608,87,16068
8,16163,1334,1.0,2609,87,16076
10,16173,1334,0.0,2610,87,16086
6,16179,1335,1.0,2611,87,16092
5,16184,1335,0.0,2612,87,16097
10,16194,1336,1.0,2613,87,16107
4,16198,1336,0.0,2614,87,16111
7,16205,1337,1.0,2615,87,16118
7,16212,1338,1.0,2616,87,16125
9,16221,1339,1.0,2617,87,16134
8,16229,1340,1.0,2618,87,16142
2,16231,1340,0.0,2619,87,16144
7,16238,1341,1.0,2620,87,16151
12,16250,1342,1.0,2621,87,16163
6,16256,1343,1.0,2622,87,16169
9,16265,1344,1.0,2623,87,16178
2,16267,1344,0.0,2624,87,16180
8,16275,1345,1.0,2625,87,16188
6,16281,1346,1.0,2626,87,16194
2,16283,1346,0.0,2627,87,16196
4,16287,1346,0.0,2628,87,16200
12,16299,1347,1.0,2629,87,16212
6,16305,1348,1.0,2630,87,16218
6,16311,1349,1.0,2631,87,16224
7,16318,1349,0.0,2632,87,16231
6,16324,1350,1.0,2633,87,16237
9,16333,1351,1.0,2634,87,16246
8,16341,1352,1.0,2635,87,16254
8,16349,1353,1.0,2636,87,16262
6,16355,1354,1.0,2637,87,16268
5,16360,1354,0.0,2638,87,16273
9,16369,1355,1.0,2639,87,16282
5,16374,1355,0.0,2640,87,16287
7,16381,1356,1.0,2641,87,16294
6,16387,1356,0.0,2642,87,16300
15,16402,1357,1.0,2643,87,16315
7,16409,1358,1.0,2644,87,16322
10,16419,1359,1.0,2645,87,16332
10,16429,1360,1.0,2646,87,16342
8,16437,1361,1.0,2647,87,16350
6,16443,1362,1.0,2648,87,16356
8,16451,1363,1.0,2649,87,16364
2,16453,1363,0.0,2650,87,16366
6,16459,1364,1.0,2651,87,16372
7,16466,1364,0.0,2652,87,16379
6,16472,1364,0.0,2653,87,16385
13,16485,1365,1.0,2654,87,16398
13,16498,1366,1.0,2655,87,16411
3,16501,1366,0.0,2656,87,16414
4,16505,1366,0.0,2657,87,16418
8,16513,1367,1.0,2658,87,16426
5,16518,1367,0.0,2659,87,16431
6,16524,1368,1.0,2660,87,16437
3,16527,1368,0.0,2661,87,16440
10,16537,1369,1.0,2662,87,16450
5,16542,1369,0.0,2663,87,16455
7,16549,1370,1.0,2664,87,16462
8,16557,1371,1.0,2665,87,16470
6,16563,1372,1.0,2666,87,16476
6,16569,1373,1.0,2667,87,16482
3,16572,1373,0.0,2668,87,16485
11,16583,1373,0.0,2669,87,16496
8,16591,1374,1.0,2670,87,16504
4,16595,1374,0.0,2671,87,16508
10,16605,1375,1.0,2672,87,16518
11,16616,1376,1.0,2673,87,16529
6,16622,1377,1.0,2674,87,16535
13,16635,1377,0.0,2675,87,16548
4,16639,1377,0.0,2676,87,16552
8,16647,1378,1.0,2677,87,16560
4,16651,1378,0.0,2678,87,16564
4,16655,1378,0.0,2679,87,16568
7,16662,1379,1.0,2680,87,16575
6,16668,1380,1.0,2681,87,16581
6,16674,1380,0.0,2682,87,16587
6,16680,1380,0.0,2683,87,16593
5,16685,1380,0.0,2684,87,16598
6,16691,1381,1.0,2685,87,16604
6,16697,1382,1.0,2686,87,16610
6,16703,1383,1.0,2687,87,16616
6,16709,1384,1.0,2688,87,16622
8,16717,1385,1.0,2689,87,16630
8,16725,1386,1.0,2690,87,16638
7,16732,1387,1.0,2691,87,16645
4,16736,1387,0.0,2692,87,16649
8,16744,1388,1.0,2693,87,16657
4,16748,1388,0.0,2694,87,16661
6,16754,1389,1.0,2695,87,16667
3,16757,1389,0.0,2696,87,16670
8,16765,1390,1.0,2697,87,16678
6,16771,1391,1.0,2698,87,16684
10,16781,1392,1.0,2699,87,16694
6,16787,1393,1.0,2700,87,16700
3,16790,1393,0.0,2701,87,16703
7,16797,1394,1.0,2702,87,16710
8,16805,1395,1.0,2703,87,16718
5,16810,1395,0.0,2704,87,16723
4,16814,1395,0.0,2705,87,16727
4,16818,1395,0.0,2706,87,16731
9,16827,1396,1.0,2707,87,16740
2,16829,1396,0.0,2708,87,16742
6,16835,1397,1.0,2709,87,16748
14,16849,1398,1.0,2710,87,16762
6,16855,1399,1.0,2711,87,16768
8,16863,1400,1.0,2712,87,16776
8,16871,1401,1.0,2713,87,16784
12,16883,1401,0.0,2714,87,16796
2,16885,1401,0.0,2715,87,16798
6,16891,1402,1.0,2716,87,16804
6,16897,1403,1.0,2717,87,16810
3,16900,1403,0.0,2718,87,16813
14,16914,1404,1.0,2719,87,16827
7,16921,1405,1.0,2720,87,16834
6,16927,1406,1.0,2721,87,16840
6,16933,1407,1.0,2722,87,16846
9,16942,1408,1.0,2723,87,16855
6,16948,1409,1.0,2724,87,16861
10,16958,1409,0.0,2725,87,16871
9,16967,1409,0.0,2726,87,16880
8,16975,1409,0.0,2727,87,16888
2,16977,1409,0.0,2728,87,16890
6,16983,1410,1.0,2729,87,16896
11,16994,1411,1.0,2730,87,16907
4,16998,1411,0.0,2731,87,16911
6,17004,1412,1.0,2732,87,16917
6,17010,1413,1.0,2733,87,16923
2,17012,1413,0.0,2734,87,16925
10,17022,1414,1.0,2735,87,16935
7,17029,1414,0.0,2736,87,16942
10,17039,1415,1.0,2737,87,16952
6,17045,1416,1.0,2738,87,16958
4,17049,1416,0.0,2739,87,16962
8,17057,1416,0.0,2740,87,16970
8,17065,1417,1.0,2741,87,16978
2,17067,1417,0.0,2742,87,16980
8,17075,1418,1.0,2743,87,16988
4,17079,1418,0.0,2744,87,16992
5,17084,1418,0.0,2745,87,16997
6,17090,1419,1.0,2746,87,17003
8,17098,1420,1.0,2747,87,17011
10,17108,1421,1.0,2748,87,17021
6,17114,1422,1.0,2749,87,17027
6,17120,1423,1.0,2750,87,17033
3,17123,1423,0.0,2751,87,17036
10,17133,1424,1.0,2752,87,17046
4,17137,1424,0.0,2753,87,17050
6,17143,1424,0.0,2754,87,17056
8,17151,1425,1.0,2755,87,17064
8,17159,1425,0.0,2756,87,17072
6,17165,1426,1.0,2757,87,17078
6,17171,1427,1.0,2758,87,17084
6,17177,1428,1.0,2759,87,17090
10,17187,1429,1.0,2760,87,17100
7,17194,1430,1.0,2761,87,17107
6,17200,1431,1.0,2762,87,17113
3,17203,1431,0.0,2763,87,17116
2,17205,1431,0.0,2764,87,17118
6,17211,1431,0.0,2765,87,17124
8,17219,1432,1.0,2766,87,17132
2,17221,1432,0.0,2767,87,17134
7,17228,1433,1.0,2768,87,17141
8,17236,1434,1.0,2769,87,17149
6,17242,1435,1.0,2770,87,17155
6,17248,1436,1.0,2771,87,17161
8,17256,1437,1.0,2772,87,17169
8,17264,1438,1.0,2773,87,17177
6,17270,1439,1.0,2774,87,17183
2,17272,1439,0.0,2775,87,17185
5,17277,1439,0.0,2776,87,17190
4,17281,1439,0.0,2777,87,17194
9,17290,1440,1.0,2778,87,17203
8,17298,1441,1.0,2779,87,17211
4,17302,1441,0.0,2780,87,17215
6,17308,1442,1.0,2781,87,17221
6,17314,1443,1.0,2782,87,17227
7,17321,1443,0.0,2783,87,17234
6,17327,1443,0.0,2784,87,17240
10,17337,1444,1.0,2785,87,17250
2,17339,1444,0.0,2786,87,17252
10,17349,1445,1.0,2787,87,17262
5,17354,1445,0.0,2788,87,17267
4,17358,1445,0.0,2789,87,17271
7,17365,1446,1.0,2790,87,17278
2,17367,1446,0.0,2791,87,17280
7,17374,1447,1.0,2792,87,17287
7,17381,1448,1.0,2793,87,17294
2,17383,1448,0.0,2794,87,17296
6,17389,1449,1.0,2795,87,17302
3,17392,1449,0.0,2796,87,17305
8,17400,1450,1.0,2797,87,17313
6,17406,1451,1.0,2798,87,17319
4,17410,1451,0.0,2799,87,17323
11,17421,1452,1.0,2800,87,17334
7,17428,1453,1.0,2801,87,17341
6,17434,1454,1.0,2802,87,17347
12,17446,1455,1.0,2803,87,17359
9,17455,1455,0.0,2804,87,17368
3,17458,1455,0.0,2805,87,17371
7,17465,1456,1.0,2806,87,17378
13,17478,1457,1.0,2807,87,17391
3,17481,1457,0.0,2808,87,17394
8,17489,1458,1.0,2809,87,17402
6,17495,1459,1.0,2810,87,17408
6,17501,1460,1.0,2811,87,17414
7,17508,1461,1.0,2812,87,17421
6,17514,1462,1.0,2813,87,17427
2,17516,1462,0.0,2814,87,17429
10,17526,1463,1.0,2815,87,17439
7,17533,1464,1.0,2816,87,17446
10,17543,1465,1.0,2817,87,17456
7,17550,1466,1.0,2818,87,17463
8,17558,1467,1.0,2819,87,17471
6,17564,1467,0.0,2820,87,17477
7,17571,1468,1.0,2821,87,17484
6,17577,1469,1.0,2822,87,17490
6,17583,1470,1.0,2823,87,17496
6,17589,1470,0.0,2824,87,17502
4,17593,1470,0.0,2825,87,17506
6,17599,1471,1.0,2826,87,17512
4,17603,1471,0.0,2827,87,17516
6,17609,1472,1.0,2828,87,17522
6,17615,1473,1.0,2829,87,17528
9,17624,1474,1.0,2830,87,17537
9,17633,1475,1.0,2831,87,17546
6,17639,1475,0.0,2832,87,17552
6,17645,1475,0.0,2833,87,17558
6,17651,1476,1.0,2834,87,17564
4,17655,1476,0.0,2835,87,17568
6,17661,1477,1.0,2836,87,17574
2,17663,1477,0.0,2837,87,17576
24,17687,1478,1.0,2838,87,17600
6,17693,1479,1.0,2839,87,17606
6,17699,1480,1.0,2840,87,17612
5,17704,1480,0.0,2841,87,17617
3,17707,1480,0.0,2842,87,17620
3,17710,1480,0.0,2843,87,17623
7,17717,1481,1.0,2844,87,17630
8,17725,1482,1.0,2845,87,17638
4,17729,1482,0.0,2846,87,17642
6,17735,1483,1.0,2847,87,17648
4,17739,1483,0.0,2848,87,17652
4,17743,1483,0.0,2849,87,17656
7,17750,1484,1.0,2850,87,17663
4,17754,1484,0.0,2851,87,17667
8,17762,1485,1.0,2852,87,17675
10,17772,1485,0.0,2853,87,17685
7,17779,1486,1.0,2854,87,17692
10,17789,1487,1.0,2855,87,17702
6,17795,1488,1.0,2856,87,17708
4,17799,1488,0.0,2857,87,17712
6,17805,1489,1.0,2858,87,17718
5,17810,1489,0.0,2859,87,17723
9,17819,1490,1.0,2860,87,17732
2,17821,1490,0.0,2861,87,17734
11,17832,1491,1.0,2862,87,17745
4,17836,1491,0.0,2863,87,17749
10,17846,1491,0.0,2864,87,17759
8,17854,1492,1.0,2865,87,17767
7,17861,1493,1.0,2866,87,17774
4,17865,1493,0.0,2867,87,17778
8,17873,1494,1.0,2868,87,17786
13,17886,1495,1.0,2869,87,17799
2,17888,1495,0.0,2870,87,17801
16,17904,1495,0.0,2871,87,17817
6,17910,1496,1.0,2872,87,17823
6,17916,1496,0.0,2873,87,17829
7,17923,1496,0.0,2874,87,17836
4,17927,1496,0.0,2875,87,17840
5,17932,1496,0.0,2876,87,17845
4,17936,1496,0.0,2877,87,17849
7,17943,1496,0.0,2878,87,17856
19,17962,1497,1.0,2879,87,17875
7,17969,1498,1.0,2880,87,17882
7,17976,1499,1.0,2881,87,17889
4,17980,1499,0.0,2882,87,17893
6,17986,1500,1.0,2883,87,17899
6,17992,1501,1.0,2884,87,17905
10,18002,1501,0.0,2885,87,17915
4,18006,1501,0.0,2886,87,17919
4,18010,1501,0.0,2887,87,17923
7,18017,1502,1.0,2888,87,17930
6,18023,1503,1.0,2889,87,17936
12,18035,1504,1.0,2890,87,17948
6,18041,1505,1.0,2891,87,17954
6,18047,1505,0.0,2892,87,17960
4,18051,1505,0.0,2893,87,17964
3,18054,1505,0.0,2894,87,17967
12,18066,1506,1.0,2895,87,17979
6,18072,1507,1.0,2896,87,17985
2,18074,1507,0.0,2897,87,17987
10,18084,1508,1.0,2898,87,17997
5,18089,1508,0.0,2899,87,18002
8,18097,1508,0.0,2900,87,18010
4,18101,1508,0.0,2901,87,18014
2,18103,1508,0.0,2902,87,18016
2,18105,1508,0.0,2903,87,18018
6,18111,1509,1.0,2904,87,18024
6,18117,1509,0.0,2905,87,18030
2,18119,1509,0.0,2906,87,18032
9,18128,1509,0.0,2907,87,18041
9,18137,1509,0.0,2908,87,18050
16,18153,1509,0.0,2909,87,18066
6,18159,1510,1.0,2910,87,18072
8,18167,1511,1.0,2911,87,18080
8,18175,1512,1.0,2912,87,18088
7,18182,1513,1.0,2913,87,18095
6,18188,1514,1.0,2914,87,18101
6,18194,1515,1.0,2915,87,18107
6,18200,1516,1.0,2916,87,18113
9,18209,1517,1.0,2917,87,18122
7,18216,1518,1.0,2918,87,18129
7,18223,1519,1.0,2919,87,18136
6,18229,1520,1.0,2920,87,18142
9,18238,1521,1.0,2921,87,18151
9,18247,1522,1.0,2922,87,18160
3,18250,1522,0.0,2923,87,18163
6,18256,1523,1.0,2924,87,18169
5,18261,1523,0.0,2925,87,18174
7,18268,1524,1.0,2926,87,18181
8,18276,1524,0.0,2927,87,18189
2,18278,1524,0.0,2928,87,18191
10,18288,1525,1.0,2929,87,18201
7,18295,1526,1.0,2930,87,18208
2,18297,1526,0.0,2931,87,18210
7,18304,1527,1.0,2932,87,18217
6,18310,1528,1.0,2933,87,18223
9,18319,1529,1.0,2934,87,18232
7,18326,1530,1.0,2935,87,18239
12,18338,1531,1.0,2936,87,18251
6,18344,1532,1.0,2937,87,18257
6,18350,1533,1.0,2938,87,18263
6,18356,1534,1.0,2939,87,18269
7,18363,1534,0.0,2940,87,18276
4,18367,1534,0.0,2941,87,18280
6,18373,1534,0.0,2942,87,18286
7,18380,1535,1.0,2943,87,18293
6,18386,1536,1.0,2944,87,18299
8,18394,1537,1.0,2945,87,18307
11,18405,1538,1.0,2946,87,18318
4,18409,1538,0.0,2947,87,18322
8,18417,1539,1.0,2948,87,18330
9,18426,1540,1.0,2949,87,18339
7,18433,1541,1.0,2950,87,18346
4,18437,1541,0.0,2951,87,18350
13,18450,1542,1.0,2952,87,18363
4,18454,1542,0.0,2953,87,18367
7,18461,1543,1.0,2954,87,18374
6,18467,1544,1.0,2955,87,18380
3,18470,1544,0.0,2956,87,18383
6,18476,1545,1.0,2957,87,18389
6,18482,1546,1.0,2958,87,18395
3,18485,1546,0.0,2959,87,18398
4,18489,1546,0.0,2960,87,18402
7,18496,1547,1.0,2961,87,18409
6,18502,1548,1.0,2962,87,18415
4,18506,1548,0.0,2963,87,18419
13,18519,1549,1.0,2964,87,18432
4,18523,1549,0.0,2965,87,18436
10,18533,1550,1.0,2966,87,18446
11,18544,1551,1.0,2967,87,18457
7,18551,1552,1.0,2968,87,18464
5,18556,1552,0.0,2969,87,18469
6,18562,1552,0.0,2970,87,18475
6,18568,1553,1.0,2971,87,18481
2,18570,1553,0.0,2972,87,18483
2,18572,1553,0.0,2973,87,18485
10,18582,1554,1.0,2974,87,18495
6,18588,1555,1.0,2975,87,18501
7,18595,1555,0.0,2976,87,18508
7,18602,1556,1.0,2977,87,18515
10,18612,1557,1.0,2978,87,18525
7,18619,1558,1.0,2979,87,18532
9,18628,1558,0.0,2980,87,18541
13,18641,1559,1.0,2981,87,18554
9,18650,1559,0.0,2982,87,18563
6,18656,1560,1.0,2983,87,18569
4,18660,1560,0.0,2984,87,18573
7,18667,1561,1.0,2985,87,18580
13,18680,1562,1.0,2986,87,18593
9,18689,1563,1.0,2987,87,18602
5,18694,1563,0.0,2988,87,18607
6,18700,1563,0.0,2989,87,18613
9,18709,1564,1.0,2990,87,18622
7,18716,1565,1.0,2991,87,18629
2,18718,1565,0.0,2992,87,18631
7,18725,1566,1.0,2993,87,18638
6,18731,1567,1.0,2994,87,18644
6,18737,1567,0.0,2995,87,18650
11,18748,1568,1.0,2996,87,18661
8,18756,1569,1.0,2997,87,18669
2,18758,1569,0.0,2998,87,18671
2,18760,1569,0.0,2999,87,18673
6,18766,1570,1.0,3000,87,18679
6,18772,1571,1.0,3001,87,18685
3,18775,1571,0.0,3002,87,18688
6,18781,1572,1.0,3003,87,18694
4,18785,1572,0.0,3004,87,18698
9,18794,1572,0.0,3005,87,18707
3,18797,1572,0.0,3006,87,18710
2,18799,1572,0.0,3007,87,18712
11,18810,1573,1.0,3008,87,18723
9,18819,1574,1.0,3009,87,18732
7,18826,1575,1.0,3010,87,18739
5,18831,1575,0.0,3011,87,18744
4,18835,1575,0.0,3012,87,18748
2,18837,1575,0.0,3013,87,18750
4,18841,1575,0.0,3014,87,18754
6,18847,1576,1.0,3015,87,18760
8,18855,1577,1.0,3016,87,18768
6,18861,1578,1.0,3017,87,18774
3,18864,1578,0.0,3018,87,18777
10,18874,1579,1.0,3019,87,18787
6,18880,1580,1.0,3020,87,18793
7,18887,1581,1.0,3021,87,18800
7,18894,1582,1.0,3022,87,18807
7,18901,1583,1.0,3023,87,18814
3,18904,1583,0.0,3024,87,18817
9,18913,1584,1.0,3025,87,18826
4,18917,1584,0.0,3026,87,18830
4,18921,1584,0.0,3027,87,18834
9,18930,1585,1.0,3028,87,18843
10,18940,1585,0.0,3029,87,18853
2,18942,1585,0.0,3030,87,18855
7,18949,1585,0.0,3031,87,18862
5,18954,1585,0.0,3032,87,18867
2,18956,1585,0.0,3033,87,18869
4,18960,1585,0.0,3034,87,18873
10,18970,1586,1.0,3035,87,18883
9,18979,1587,1.0,3036,87,18892
8,18987,1588,1.0,3037,87,18900
7,18994,1589,1.0,3038,87,18907
4,18998,1589,0.0,3039,87,18911
8,19006,1589,0.0,3040,87,18919
7,19013,1590,1.0,3041,87,18926
7,19020,1591,1.0,3042,87,18933
5,19025,1591,0.0,3043,87,18938
7,19032,1592,1.0,3044,87,18945
4,19036,1592,0.0,3045,87,18949
6,19042,1593,1.0,3046,87,18955
2,19044,1593,0.0,3047,87,18957
6,19050,1594,1.0,3048,87,18963
6,19056,1594,0.0,3049,87,18969
11,19067,1595,1.0,3050,87,18980
16,19083,1596,1.0,3051,87,18996
6,19089,1597,1.0,3052,87,19002
6,19095,1598,1.0,3053,87,19008
10,19105,1599,1.0,3054,87,19018
4,19109,1599,0.0,3055,87,19022
10,19119,1600,1.0,3056,87,19032
6,19125,1601,1.0,3057,87,19038
2,19127,1601,0.0,3058,87,19040
3,19130,1601,0.0,3059,87,19043
4,19134,1601,0.0,3060,87,19047
2,19136,1601,0.0,3061,87,19049
6,19142,1601,0.0,3062,87,19055
8,19150,1602,1.0,3063,87,19063
9,19159,1603,1.0,3064,87,19072
8,19167,1604,1.0,3065,87,19080
3,19170,1604,0.0,3066,87,19083
7,19177,1605,1.0,3067,87,19090
4,19181,1605,0.0,3068,87,19094
6,19187,1606,1.0,3069,87,19100
6,19193,1606,0.0,3070,87,19106
9,19202,1607,1.0,3071,87,19115
8,19210,1608,1.0,3072,87,19123
10,19220,1609,1.0,3073,87,19133
7,19227,1610,1.0,3074,87,19140
6,19233,1611,1.0,3075,87,19146
8,19241,1612,1.0,3076,87,19154
9,19250,1612,0.0,3077,87,19163
5,19255,1612,0.0,3078,87,19168
8,19263,1613,1.0,3079,87,19176
7,19270,1614,1.0,3080,87,19183
4,19274,1614,0.0,3081,87,19187
8,19282,1614,0.0,3082,87,19195
5,19287,1614,0.0,3083,87,19200
2,19289,1614,0.0,3084,87,19202
6,19295,1614,0.0,3085,87,19208
4,19299,1614,0.0,3086,87,19212
8,19307,1615,1.0,3087,87,19220
8,19315,1616,1.0,3088,87,19228
4,19319,1616,0.0,3089,87,19232
8,19327,1617,1.0,3090,87,19240
8,19335,1617,0.0,3091,87,19248
9,19344,1617,0.0,3092,87,19257
6,19350,1617,0.0,3093,87,19263
5,19355,1617,0.0,3094,87,19268
8,19363,1618,1.0,3095,87,19276
3,19366,1618,0.0,3096,87,19279
3,19369,1618,0.0,3097,87,19282
8,19377,1618,0.0,3098,87,19290
8,19385,1618,0.0,3099,87,19298
2,19387,1618,0.0,3100,87,19300
6,19393,1619,1.0,3101,87,19306
8,19401,1620,1.0,3102,87,19314
7,19408,1621,1.0,3103,87,19321
9,19417,1622,1.0,3104,87,19330
5,19422,1622,0.0,3105,87,19335
5,19427,1622,0.0,3106,87,19340
6,19433,1623,1.0,3107,87,19346
7,19440,1624,1.0,3108,87,19353
7,19447,1625,1.0,3109,87,19360
5,19452,1625,0.0,3110,87,19365
6,19458,1626,1.0,3111,87,19371
11,19469,1627,1.0,3112,87,19382
4,19473,1627,0.0,3113,87,19386
7,19480,1628,1.0,3114,87,19393
6,19486,1628,0.0,3115,87,19399
6,19492,1628,0.0,3116,87,19405
3,19495,1628,0.0,3117,87,19408
9,19504,1629,1.0,3118,87,19417
6,19510,1629,0.0,3119,87,19423
2,19512,1629,0.0,3120,87,19425
6,19518,1630,1.0,3121,87,19431
2,19520,1630,0.0,3122,87,19433
6,19526,1631,1.0,3123,87,19439
6,19532,1632,1.0,3124,87,19445
6,19538,1633,1.0,3125,87,19451
3,19541,1633,0.0,3126,87,19454
4,19545,1633,0.0,3127,87,19458
6,19551,1634,1.0,3128,87,19464
6,19557,1635,1.0,3129,87,19470
8,19565,1636,1.0,3130,87,19478
10,19575,1637,1.0,3131,87,19488
7,19582,1638,1.0,3132,87,19495
6,19588,1639,1.0,3133,87,19501
7,19595,1639,0.0,3134,87,19508
5,19600,1639,0.0,3135,87,19513
21,19621,1640,1.0,3136,87,19534
2,19623,1640,0.0,3137,87,19536
8,19631,1641,1.0,3138,87,19544
9,19640,1641,0.0,3139,87,19553
7,19647,1642,1.0,3140,87,19560
6,19653,1643,1.0,3141,87,19566
6,19659,1644,1.0,3142,87,19572
4,19663,1644,0.0,3143,87,19576
8,19671,1645,1.0,3144,87,19584
8,19679,1646,1.0,3145,87,19592
3,19682,1646,0.0,3146,87,19595
3,19685,1646,0.0,3147,87,19598
5,19690,1646,0.0,3148,87,19603
7,19697,1646,0.0,3149,87,19610
5,19702,1646,0.0,3150,87,19615
8,19710,1647,1.0,3151,87,19623
9,19719,1648,1.0,3152,87,19632
6,19725,1648,0.0,3153,87,19638
9,19734,1649,1.0,3154,87,19647
5,19739,1649,0.0,3155,87,19652
4,19743,1649,0.0,3156,87,19656
4,19747,1649,0.0,3157,87,19660
2,19749,1649,0.0,3158,87,19662
9,19758,1650,1.0,3159,87,19671
8,19766,1651,1.0,3160,87,19679
7,19773,1652,1.0,3161,87,19686
7,19780,1652,0.0,3162,87,19693
8,19788,1653,1.0,3163,87,19701
10,19798,1654,1.0,3164,87,19711
2,19800,1654,0.0,3165,87,19713
8,19808,1654,0.0,3166,87,19721
4,19812,1654,0.0,3167,87,19725
6,19818,1655,1.0,3168,87,19731
6,19824,1656,1.0,3169,87,19737
6,19830,1657,1.0,3170,87,19743
2,19832,1657,0.0,3171,87,19745
6,19838,1658,1.0,3172,87,19751
6,19844,1659,1.0,3173,87,19757
6,19850,1660,1.0,3174,87,19763
2,19852,1660,0.0,3175,87,19765
12,19864,1661,1.0,3176,87,19777
4,19868,1661,0.0,3177,87,19781
10,19878,1662,1.0,3178,87,19791
9,19887,1663,1.0,3179,87,19800
2,19889,1663,0.0,3180,87,19802
10,19899,1664,1.0,3181,87,19812
6,19905,1664,0.0,3182,87,19818
6,19911,1665,1.0,3183,87,19824
7,19918,1666,1.0,3184,87,19831
4,19922,1666,0.0,3185,87,19835
6,19928,1667,1.0,3186,87,19841
6,19934,1668,1.0,3187,87,19847
9,19943,1669,1.0,3188,87,19856
9,19952,1670,1.0,3189,87,19865
8,19960,1671,1.0,3190,87,19873
10,19970,1672,1.0,3191,87,19883
9,19979,1673,1.0,3192,87,19892
8,19987,1673,0.0,3193,87,19900
4,19991,1673,0.0,3194,87,19904
11,20002,1674,1.0,3195,87,19915
6,20008,1674,0.0,3196,87,19921
7,20015,1675,1.0,3197,87,19928
6,20021,1676,1.0,3198,87,19934
7,20028,1677,1.0,3199,87,19941
7,20035,1678,1.0,3200,87,19948
4,20039,1678,0.0,3201,87,19952
6,20045,1679,1.0,3202,87,19958
6,20051,1680,1.0,3203,87,19964
2,20053,1680,0.0,3204,87,19966
6,20059,1680,0.0,3205,87,19972
4,20063,1680,0.0,3206,87,19976
2,20065,1680,0.0,3207,87,19978
7,20072,1681,1.0,3208,87,19985
7,20079,1681,0.0,3209,87,19992
2,20081,1681,0.0,3210,87,19994
6,20087,1682,1.0,3211,87,20000
9,20096,1683,1.0,3212,87,20009
5,20101,1683,0.0,3213,87,20014
6,20107,1684,1.0,3214,87,20020
2,20109,1684,0.0,3215,87,20022
4,20113,1684,0.0,3216,87,20026
11,20124,1685,1.0,3217,87,20037
9,20133,1686,1.0,3218,87,20046
7,20140,1687,1.0,3219,87,20053
6,20146,1688,1.0,3220,87,20059
10,20156,1689,1.0,3221,87,20069
7,20163,1690,1.0,3222,87,20076
11,20174,1691,1.0,3223,87,20087
11,20185,1691,0.0,3224,87,20098
2,20187,1691,0.0,3225,87,20100
9,20196,1692,1.0,3226,87,20109
8,20204,1692,0.0,3227,87,20117
9,20213,1693,1.0,3228,87,20126
3,20216,1693,0.0,3229,87,20129
10,20226,1694,1.0,3230,87,20139
5,20231,1694,0.0,3231,87,20144
8,20239,1695,1.0,3232,87,20152
9,20248,1696,1.0,3233,87,20161
5,20253,1696,0.0,3234,87,20166
6,20259,1697,1.0,3235,87,20172
3,20262,1697,0.0,3236,87,20175
6,20268,1698,1.0,3237,87,20181
14,20282,1699,1.0,3238,87,20195
2,20284,1699,0.0,3239,87,20197
5,20289,1699,0.0,3240,87,20202
6,20295,1700,1.0,3241,87,20208
10,20305,1701,1.0,3242,87,20218
7,20312,1702,1.0,3243,87,20225
6,20318,1703,1.0,3244,87,20231
6,20324,1704,1.0,3245,87,20237
10,20334,1705,1.0,3246,87,20247
6,20340,1706,1.0,3247,87,20253
8,20348,1707,1.0,3248,87,20261
6,20354,1708,1.0,3249,87,20267
2,20356,1708,0.0,3250,87,20269
6,20362,1709,1.0,3251,87,20275
6,20368,1710,1.0,3252,87,20281
16,20384,1711,1.0,3253,87,20297
2,20386,1711,0.0,3254,87,20299
6,20392,1711,0.0,3255,87,20305
12,20404,1712,1.0,3256,87,20317
6,20410,1713,1.0,3257,87,20323
9,20419,1714,1.0,3258,87,20332
10,20429,1714,0.0,3259,87,20342
9,20438,1715,1.0,3260,87,20351
2,20440,1715,0.0,3261,87,20353
2,20442,1715,0.0,3262,87,20355
4,20446,1715,0.0,3263,87,20359
3,20449,1715,0.0,3264,87,20362
7,20456,1715,0.0,3265,87,20369
5,20461,1715,0.0,3266,87,20374
15,20476,1716,1.0,3267,87,20389
11,20487,1717,1.0,3268,87,20400
6,20493,1718,1.0,3269,87,20406
7,20500,1718,0.0,3270,87,20413
4,20504,1718,0.0,3271,87,20417
6,20510,1719,1.0,3272,87,20423
8,20518,1720,1.0,3273,87,20431
6,20524,1721,1.0,3274,87,20437
9,20533,1722,1.0,3275,87,20446
7,20540,1723,1.0,3276,87,20453
3,20543,1723,0.0,3277,87,20456
6,20549,1724,1.0,3278,87,20462
4,20553,1724,0.0,3279,87,20466
7,20560,1725,1.0,3280,87,20473
6,20566,1726,1.0,3281,87,20479
11,20577,1727,1.0,3282,87,20490
5,20582,1727,0.0,3283,87,20495
8,20590,1728,1.0,3284,87,20503
8,20598,1729,1.0,3285,87,20511
3,20601,1729,0.0,3286,87,20514
7,20608,1730,1.0,3287,87,20521
8,20616,1731,1.0,3288,87,20529
5,20621,1731,0.0,3289,87,20534
2,20623,1731,0.0,3290,87,20536
7,20630,1732,1.0,3291,87,20543
4,20634,1732,0.0,3292,87,20547
7,20641,1733,1.0,3293,87,20554
7,20648,1734,1.0,3294,87,20561
4,20652,1734,0.0,3295,87,20565
7,20659,1734,0.0,3296,87,20572
2,20661,1734,0.0,3297,87,20574
6,20667,1735,1.0,3298,87,20580
5,20672,1735,0.0,3299,87,20585
2,20674,1735,0.0,3300,87,20587
11,20685,1735,0.0,3301,87,20598
6,20691,1736,1.0,3302,87,20604
5,20696,1736,0.0,3303,87,20609
10,20706,1737,1.0,3304,87,20619
2,20708,1737,0.0,3305,87,20621
6,20714,1738,1.0,3306,87,20627
3,20717,1738,0.0,3307,87,20630
6,20723,1739,1.0,3308,87,20636
3,20726,1739,0.0,3309,87,20639
7,20733,1740,1.0,3310,87,20646
14,20747,1741,1.0,3311,87,20660
8,20755,1741,0.0,3312,87,20668
15,20770,1742,1.0,3313,87,20683
11,20781,1743,1.0,3314,87,20694
9,20790,1744,1.0,3315,87,20703
6,20796,1745,1.0,3316,87,20709
7,20803,1746,1.0,3317,87,20716
6,20809,1747,1.0,3318,87,20722
6,20815,1748,1.0,3319,87,20728
9,20824,1749,1.0,3320,87,20737
6,20830,1749,0.0,3321,87,20743
8,20838,1750,1.0,3322,87,20751
5,20843,1750,0.0,3323,87,20756
6,20849,1751,1.0,3324,87,20762
8,20857,1752,1.0,3325,87,20770
6,20863,1753,1.0,3326,87,20776
10,20873,1754,1.0,3327,87,20786
2,20875,1754,0.0,3328,87,20788
13,20888,1755,1.0,3329,87,20801
5,20893,1755,0.0,3330,87,20806
4,20897,1755,0.0,3331,87,20810
2,20899,1755,0.0,3332,87,20812
3,20902,1755,0.0,3333,87,20815
8,20910,1756,1.0,3334,87,20823
15,20925,1757,1.0,3335,87,20838
2,20927,1757,0.0,3336,87,20840
2,20929,1757,0.0,3337,87,20842
6,20935,1758,1.0,3338,87,20848
8,20943,1759,1.0,3339,87,20856
2,20945,1759,0.0,3340,87,20858
4,20949,1759,0.0,3341,87,20862
4,20953,1759,0.0,3342,87,20866
12,20965,1760,1.0,3343,87,20878
2,20967,1760,0.0,3344,87,20880
6,20973,1761,1.0,3345,87,20886
6,20979,1762,1.0,3346,87,20892
8,20987,1763,1.0,3347,87,20900
6,20993,1763,0.0,3348,87,20906
2,20995,1763,0.0,3349,87,20908
7,21002,1764,1.0,3350,87,20915
9,21011,1764,0.0,3351,87,20924
4,21015,1764,0.0,3352,87,20928
6,21021,1765,1.0,3353,87,20934
6,21027,1766,1.0,3354,87,20940
6,21033,1767,1.0,3355,87,20946
4,21037,1767,0.0,3356,87,20950
13,21050,1768,1.0,3357,87,20963
6,21056,1769,1.0,3358,87,20969
2,21058,1769,0.0,3359,87,20971
6,21064,1770,1.0,3360,87,20977
6,21070,1771,1.0,3361,87,20983
5,21075,1771,0.0,3362,87,20988
7,21082,1771,0.0,3363,87,20995
4,21086,1771,0.0,3364,87,20999
6,21092,1772,1.0,3365,87,21005
4,21096,1772,0.0,3366,87,21009
3,21099,1772,0.0,3367,87,21012
9,21108,1773,1.0,3368,87,21021
6,21114,1774,1.0,3369,87,21027
6,21120,1775,1.0,3370,87,21033
7,21127,1776,1.0,3371,87,21040
8,21135,1777,1.0,3372,87,21048
3,21138,1777,0.0,3373,87,21051
2,21140,1777,0.0,3374,87,21053
2,21142,1777,0.0,3375,87,21055
6,21148,1778,1.0,3376,87,21061
11,21159,1779,1.0,3377,87,21072
11,21170,1779,0.0,3378,87,21083
7,21177,1780,1.0,3379,87,21090
8,21185,1781,1.0,3380,87,21098
4,21189,1781,0.0,3381,87,21102
14,21203,1782,1.0,3382,87,21116
7,21210,1782,0.0,3383,87,21123
7,21217,1783,1.0,3384,87,21130
6,21223,1783,0.0,3385,87,21136
5,21228,1783,0.0,3386,87,21141
4,21232,1783,0.0,3387,87,21145
2,21234,1783,0.0,3388,87,21147
2,21236,1783,0.0,3389,87,21149
4,21240,1783,0.0,3390,87,21153
5,21245,1783,0.0,3391,87,21158
8,21253,1784,1.0,3392,87,21166
6,21259,1785,1.0,3393,87,21172
6,21265,1786,1.0,3394,87,21178
10,21275,1787,1.0,3395,87,21188
10,21285,1788,1.0,3396,87,21198
3,21288,1788,0.0,3397,87,21201
10,21298,1789,1.0,3398,87,21211
2,21300,1789,0.0,3399,87,21213
10,21310,1790,1.0,3400,87,21223
6,21316,1791,1.0,3401,87,21229
7,21323,1791,0.0,3402,87,21236
2,21325,1791,0.0,3403,87,21238
13,21338,1791,0.0,3404,87,21251
6,21344,1792,1.0,3405,87,21257
2,21346,1792,0.0,3406,87,21259
6,21352,1793,1.0,3407,87,21265
6,21358,1793,0.0,3408,87,21271
7,21365,1793,0.0,3409,87,21278
6,21371,1793,0.0,3410,87,21284
6,21377,1794,1.0,3411,87,21290
6,21383,1795,1.0,3412,87,21296
11,21394,1796,1.0,3413,87,21307
6,21400,1797,1.0,3414,87,21313
8,21408,1798,1.0,3415,87,21321
3,21411,1798,0.0,3416,87,21324
6,21417,1799,1.0,3417,87,21330
4,21421,1799,0.0,3418,87,21334
2,21423,1799,0.0,3419,87,21336
10,21433,1800,1.0,3420,87,21346
3,21436,1800,0.0,3421,87,21349
8,21444,1800,0.0,3422,87,21357
6,21450,1801,1.0,3423,87,21363
14,21464,1802,1.0,3424,87,21377
4,21468,1802,0.0,3425,87,21381
2,21470,1802,0.0,3426,87,21383
2,21472,1802,0.0,3427,87,21385
6,21478,1803,1.0,3428,87,21391
6,21484,1804,1.0,3429,87,21397
6,21490,1804,0.0,3430,87,21403
6,21496,1805,1.0,3431,87,21409
7,21503,1806,1.0,3432,87,21416
8,21511,1807,1.0,3433,87,21424
6,21517,1808,1.0,3434,87,21430
13,21530,1809,1.0,3435,87,21443
7,21537,1810,1.0,3436,87,21450
2,21539,1810,0.0,3437,87,21452
6,21545,1811,1.0,3438,87,21458
6,21551,1812,1.0,3439,87,21464
7,21558,1812,0.0,3440,87,21471
11,21569,1813,1.0,3441,87,21482
6,21575,1813,0.0,3442,87,21488
2,21577,1813,0.0,3443,87,21490
8,21585,1813,0.0,3444,87,21498
6,21591,1813,0.0,3445,87,21504
8,21599,1814,1.0,3446,87,21512
5,21604,1814,0.0,3447,87,21517
2,21606,1814,0.0,3448,87,21519
7,21613,1814,0.0,3449,87,21526
9,21622,1815,1.0,3450,87,21535
6,21628,1816,1.0,3451,87,21541
10,21638,1816,0.0,3452,87,21551
6,21644,1817,1.0,3453,87,21557
4,21648,1817,0.0,3454,87,21561
9,21657,1817,0.0,3455,87,21570
2,21659,1817,0.0,3456,87,21572
5,21664,1817,0.0,3457,87,21577
7,21671,1817,0.0,3458,87,21584
6,21677,1817,0.0,3459,87,21590
12,21689,1818,1.0,3460,87,21602
13,21702,1819,1.0,3461,87,21615
6,21708,1820,1.0,3462,87,21621
8,21716,1821,1.0,3463,87,21629
13,21729,1822,1.0,3464,87,21642
4,21733,1822,0.0,3465,87,21646
11,21744,1823,1.0,3466,87,21657
9,21753,1824,1.0,3467,87,21666
5,21758,1824,0.0,3468,87,21671
2,21760,1824,0.0,3469,87,21673
4,21764,1824,0.0,3470,87,21677
7,21771,1825,1.0,3471,87,21684
6,21777,1826,1.0,3472,87,21690
10,21787,1827,1.0,3473,87,21700
2,21789,1827,0.0,3474,87,21702
12,21801,1828,1.0,3475,87,21714
6,21807,1828,0.0,3476,87,21720
4,21811,1828,0.0,3477,87,21724
5,21816,1828,0.0,3478,87,21729
5,21821,1828,0.0,3479,87,21734
6,21827,1829,1.0,3480,87,21740
6,21833,1830,1.0,3481,87,21746
6,21839,1831,1.0,3482,87,21752
5,21844,1831,0.0,3483,87,21757
9,21853,1832,1.0,3484,87,21766
12,21865,1833,1.0,3485,87,21778
4,21869,1833,0.0,3486,87,21782
2,21871,1833,0.0,3487,87,21784
6,21877,1833,0.0,3488,87,21790
3,21880,1833,0.0,3489,87,21793
6,21886,1833,0.0,3490,87,21799
7,21893,1833,0.0,3491,87,21806
6,21899,1834,1.0,3492,87,21812
8,21907,1834,0.0,3493,87,21820
4,21911,1834,0.0,3494,87,21824
6,21917,1834,0.0,3495,87,21830
7,21924,1835,1.0,3496,87,21837
3,21927,1835,0.0,3497,87,21840
5,21932,1835,0.0,3498,87,21845
6,21938,1836,1.0,3499,87,21851
8,21946,1837,1.0,3500,87,21859
7,21953,1838,1.0,3501,87,21866
4,21957,1838,0.0,3502,87,21870
8,21965,1839,1.0,3503,87,21878
6,21971,1840,1.0,3504,87,21884
9,21980,1841,1.0,3505,87,21893
8,21988,1842,1.0,3506,87,21901
6,21994,1843,1.0,3507,87,21907
6,22000,1844,1.0,3508,87,21913
2,22002,1844,0.0,3509,87,21915
8,22010,1845,1.0,3510,87,21923
5,22015,1845,0.0,3511,87,21928
6,22021,1845,0.0,3512,87,21934
3,22024,1845,0.0,3513,87,21937
8,22032,1846,1.0,3514,87,21945
6,22038,1846,0.0,3515,87,21951
3,22041,1846,0.0,3516,87,21954
6,22047,1847,1.0,3517,87,21960
8,22055,1848,1.0,3518,87,21968
9,22064,1849,1.0,3519,87,21977
4,22068,1849,0.0,3520,87,21981
6,22074,1850,1.0,3521,87,21987
8,22082,1851,1.0,3522,87,21995
7,22089,1852,1.0,3523,87,22002
6,22095,1853,1.0,3524,87,22008
2,22097,1853,0.0,3525,87,22010
8,22105,1854,1.0,3526,87,22018
5,22110,1854,0.0,3527,87,22023
7,22117,1855,1.0,3528,87,22030
8,22125,1855,0.0,3529,87,22038
2,22127,1855,0.0,3530,87,22040
6,22133,1856,1.0,3531,87,22046
7,22140,1857,1.0,3532,87,22053
7,22147,1858,1.0,3533,87,22060
6,22153,1859,1.0,3534,87,22066
9,22162,1860,1.0,3535,87,22075
2,22164,1860,0.0,3536,87,22077
7,22171,1861,1.0,3537,87,22084
8,22179,1862,1.0,3538,87,22092
6,22185,1863,1.0,3539,87,22098
7,22192,1864,1.0,3540,87,22105
2,22194,1864,0.0,3541,87,22107
16,22210,1865,1.0,3542,87,22123
3,22213,1865,0.0,3543,87,22126
6,22219,1866,1.0,3544,87,22132
6,22225,1867,1.0,3545,87,22138
10,22235,1868,1.0,3546,87,22148
5,22240,1868,0.0,3547,87,22153
6,22246,1869,1.0,3548,87,22159
4,22250,1869,0.0,3549,87,22163
7,22257,1870,1.0,3550,87,22170
7,22264,1870,0.0,3551,87,22177
2,22266,1870,0.0,3552,87,22179
6,22272,1871,1.0,3553,87,22185
9,22281,1872,1.0,3554,87,22194
6,22287,1873,1.0,3555,87,22200
4,22291,1873,0.0,3556,87,22204
10,22301,1874,1.0,3557,87,22214
7,22308,1874,0.0,3558,87,22221
9,22317,1875,1.0,3559,87,22230
6,22323,1876,1.0,3560,87,22236
6,22329,1876,0.0,3561,87,22242
9,22338,1877,1.0,3562,87,22251
9,22347,1877,0.0,3563,87,22260
8,22355,1878,1.0,3564,87,22268
2,22357,1878,0.0,3565,87,22270
4,22361,1878,0.0,3566,87,22274
4,22365,1878,0.0,3567,87,22278
2,22367,1878,0.0,3568,87,22280
7,22374,1879,1.0,3569,87,22287
2,22376,1879,0.0,3570,87,22289
6,22382,1880,1.0,3571,87,22295
6,22388,1881,1.0,3572,87,22301
7,22395,1882,1.0,3573,87,22308
8,22403,1883,1.0,3574,87,22316
4,22407,1883,0.0,3575,87,22320
4,22411,1883,0.0,3576,87,22324
6,22417,1884,1.0,3577,87,22330
6,22423,1885,1.0,3578,87,22336
7,22430,1885,0.0,3579,87,22343
9,22439,1886,1.0,3580,87,22352
6,22445,1887,1.0,3581,87,22358
4,22449,1887,0.0,3582,87,22362
8,22457,1888,1.0,3583,87,22370
6,22463,1889,1.0,3584,87,22376
6,22469,1889,0.0,3585,87,22382
14,22483,1889,0.0,3586,87,22396
6,22489,1890,1.0,3587,87,22402
4,22493,1890,0.0,3588,87,22406
2,22495,1890,0.0,3589,87,22408
6,22501,1891,1.0,3590,87,22414
6,22507,1891,0.0,3591,87,22420
6,22513,1892,1.0,3592,87,22426
3,22516,1892,0.0,3593,87,22429
8,22524,1893,1.0,3594,87,22437
7,22531,1893,0.0,3595,87,22444
5,22536,1893,0.0,3596,87,22449
9,22545,1894,1.0,3597,87,22458
8,22553,1895,1.0,3598,87,22466
6,22559,1896,1.0,3599,87,22472
4,22563,1896,0.0,3600,87,22476
4,22567,1896,0.0,3601,87,22480
9,22576,1897,1.0,3602,87,22489
5,22581,1897,0.0,3603,87,22494
8,22589,1898,1.0,3604,87,22502
9,22598,1899,1.0,3605,87,22511
6,22604,1900,1.0,3606,87,22517
3,22607,1900,0.0,3607,87,22520
6,22613,1901,1.0,3608,87,22526
6,22619,1902,1.0,3609,87,22532
7,22626,1902,0.0,3610,87,22539
4,22630,1902,0.0,3611,87,22543
9,22639,1903,1.0,3612,87,22552
7,22646,1904,1.0,3613,87,22559
4,22650,1904,0.0,3614,87,22563
7,22657,1905,1.0,3615,87,22570
2,22659,1905,0.0,3616,87,22572
11,22670,1905,0.0,3617,87,22583
7,22677,1906,1.0,3618,87,22590
7,22684,1907,1.0,3619,87,22597
6,22690,1908,1.0,3620,87,22603
8,22698,1908,0.0,3621,87,22611
13,22711,1909,1.0,3622,87,22624
2,22713,1909,0.0,3623,87,22626
8,22721,1910,1.0,3624,87,22634
3,22724,1910,0.0,3625,87,22637
9,22733,1911,1.0,3626,87,22646
8,22741,1911,0.0,3627,87,22654
7,22748,1911,0.0,3628,87,22661
3,22751,1911,0.0,3629,87,22664
4,22755,1911,0.0,3630,87,22668
5,22760,1911,0.0,3631,87,22673
4,22764,1911,0.0,3632,87,22677
15,22779,1912,1.0,3633,87,22692
6,22785,1913,1.0,3634,87,22698
7,22792,1914,1.0,3635,87,22705
3,22795,1914,0.0,3636,87,22708
5,22800,1914,0.0,3637,87,22713
9,22809,1915,1.0,3638,87,22722
5,22814,1915,0.0,3639,87,22727
6,22820,1916,1.0,3640,87,22733
7,22827,1916,0.0,3641,87,22740
11,22838,1916,0.0,3642,87,22751
10,22848,1916,0.0,3643,87,22761
6,22854,1917,1.0,3644,87,22767
6,22860,1917,0.0,3645,87,22773
4,22864,1917,0.0,3646,87,22777
7,22871,1917,0.0,3647,87,22784
8,22879,1918,1.0,3648,87,22792
2,22881,1918,0.0,3649,87,22794
5,22886,1918,0.0,3650,87,22799
2,22888,1918,0.0,3651,87,22801
6,22894,1919,1.0,3652,87,22807
5,22899,1919,0.0,3653,87,22812
10,22909,1920,1.0,3654,87,22822
6,22915,1921,1.0,3655,87,22828
7,22922,1922,1.0,3656,87,22835
7,22929,1922,0.0,3657,87,22842
6,22935,1923,1.0,3658,87,22848
6,22941,1924,1.0,3659,87,22854
6,22947,1925,1.0,3660,87,22860
4,22951,1925,0.0,3661,87,22864
7,22958,1925,0.0,3662,87,22871
12,22970,1925,0.0,3663,87,22883
8,22978,1926,1.0,3664,87,22891
6,22984,1927,1.0,3665,87,22897
9,22993,1928,1.0,3666,87,22906
8,23001,1929,1.0,3667,87,22914
4,23005,1929,0.0,3668,87,22918
6,23011,1929,0.0,3669,87,22924
4,23015,1929,0.0,3670,87,22928
2,23017,1929,0.0,3671,87,22930
2,23019,1929,0.0,3672,87,22932
5,23024,1929,0.0,3673,87,22937
8,23032,1930,1.0,3674,87,22945
4,23036,1930,0.0,3675,87,22949
9,23045,1931,1.0,3676,87,22958
3,23048,1931,0.0,3677,87,22961
7,23055,1932,1.0,3678,87,22968
4,23059,1932,0.0,3679,87,22972
6,23065,1932,0.0,3680,87,22978
4,23069,1932,0.0,3681,87,22982
8,23077,1932,0.0,3682,87,22990
16,23093,1933,1.0,3683,87,23006
6,23099,1934,1.0,3684,87,23012
5,23104,1934,0.0,3685,87,23017
6,23110,1935,1.0,3686,87,23023
9,23119,1936,1.0,3687,87,23032
7,23126,1937,1.0,3688,87,23039
7,23133,1938,1.0,3689,87,23046
4,23137,1938,0.0,3690,87,23050
2,23139,1938,0.0,3691,87,23052
2,23141,1938,0.0,3692,87,23054
8,23149,1939,1.0,3693,87,23062
6,23155,1940,1.0,3694,87,23068
10,23165,1940,0.0,3695,87,23078
10,23175,1940,0.0,3696,87,23088
13,23188,1941,1.0,3697,87,23101
6,23194,1942,1.0,3698,87,23107
8,23202,1942,0.0,3699,87,23115
6,23208,1942,0.0,3700,87,23121
6,23214,1942,0.0,3701,87,23127
6,23220,1943,1.0,3702,87,23133
7,23227,1944,1.0,3703,87,23140
5,23232,1944,0.0,3704,87,23145
5,23237,1944,0.0,3705,87,23150
8,23245,1945,1.0,3706,87,23158
6,23251,1945,0.0,3707,87,23164
6,23257,1946,1.0,3708,87,23170
21,23278,1947,1.0,3709,87,23191
9,23287,1947,0.0,3710,87,23200
10,23297,1948,1.0,3711,87,23210
6,23303,1949,1.0,3712,87,23216
6,23309,1950,1.0,3713,87,23222
7,23316,1951,1.0,3714,87,23229
6,23322,1952,1.0,3715,87,23235
9,23331,1953,1.0,3716,87,23244
7,23338,1954,1.0,3717,87,23251
7,23345,1955,1.0,3718,87,23258
6,23351,1956,1.0,3719,87,23264
6,23357,1957,1.0,3720,87,23270
7,23364,1958,1.0,3721,87,23277
8,23372,1959,1.0,3722,87,23285
6,23378,1960,1.0,3723,87,23291
8,23386,1961,1.0,3724,87,23299
6,23392,1962,1.0,3725,87,23305
9,23401,1963,1.0,3726,87,23314
2,23403,1963,0.0,3727,87,23316
5,23408,1963,0.0,3728,87,23321
7,23415,1964,1.0,3729,87,23328
2,23417,1964,0.0,3730,87,23330
12,23429,1965,1.0,3731,87,23342
7,23436,1966,1.0,3732,87,23349
4,23440,1966,0.0,3733,87,23353
6,23446,1967,1.0,3734,87,23359
9,23455,1968,1.0,3735,87,23368
10,23465,1969,1.0,3736,87,23378
2,23467,1969,0.0,3737,87,23380
6,23473,1970,1.0,3738,87,23386
4,23477,1970,0.0,3739,87,23390
6,23483,1971,1.0,3740,87,23396
8,23491,1972,1.0,3741,87,23404
13,23504,1972,0.0,3742,87,23417
5,23509,1972,0.0,3743,87,23422
6,23515,1973,1.0,3744,87,23428
4,23519,1973,0.0,3745,87,23432
10,23529,1974,1.0,3746,87,23442
8,23537,1975,1.0,3747,87,23450
6,23543,1976,1.0,3748,87,23456
12,23555,1976,0.0,3749,87,23468
6,23561,1976,0.0,3750,87,23474
7,23568,1977,1.0,3751,87,23481
8,23576,1978,1.0,3752,87,23489
7,23583,1979,1.0,3753,87,23496
2,23585,1979,0.0,3754,87,23498
8,23593,1980,1.0,3755,87,23506
2,23595,1980,0.0,3756,87,23508
2,23597,1980,0.0,3757,87,23510
8,23605,1981,1.0,3758,87,23518
11,23616,1982,1.0,3759,87,23529
6,23622,1983,1.0,3760,87,23535
8,23630,1984,1.0,3761,87,23543
7,23637,1985,1.0,3762,87,23550
7,23644,1986,1.0,3763,87,23557
10,23654,1987,1.0,3764,87,23567
8,23662,1988,1.0,3765,87,23575
13,23675,1989,1.0,3766,87,23588
9,23684,1990,1.0,3767,87,23597
4,23688,1990,0.0,3768,87,23601
4,23692,1990,0.0,3769,87,23605
6,23698,1991,1.0,3770,87,23611
7,23705,1992,1.0,3771,87,23618
6,23711,1993,1.0,3772,87,23624
4,23715,1993,0.0,3773,87,23628
4,23719,1993,0.0,3774,87,23632
9,23728,1994,1.0,3775,87,23641
6,23734,1995,1.0,3776,87,23647
13,23747,1995,0.0,3777,87,23660
6,23753,1996,1.0,3778,87,23666
3,23756,1996,0.0,3779,87,23669
6,23762,1996,0.0,3780,87,23675
6,23768,1997,1.0,3781,87,23681
5,23773,1997,0.0,3782,87,23686
7,23780,1998,1.0,3783,87,23693
10,23790,1999,1.0,3784,87,23703
2,23792,1999,0.0,3785,87,23705
6,23798,1999,0.0,3786,87,23711
6,23804,1999,0.0,3787,87,23717
2,23806,1999,0.0,3788,87,23719
9,23815,2000,1.0,3789,87,23728
8,23823,2000,0.0,3790,87,23736
6,23829,2001,1.0,3791,87,23742
6,23835,2002,1.0,3792,87,23748
4,23839,2002,0.0,3793,87,23752
4,23843,2002,0.0,3794,87,23756
6,23849,2003,1.0,3795,87,23762
8,23857,2004,1.0,3796,87,23770
12,23869,2005,1.0,3797,87,23782
7,23876,2005,0.0,3798,87,23789
6,23882,2006,1.0,3799,87,23795
2,23884,2006,0.0,3800,87,23797
14,23898,2007,1.0,3801,87,23811
6,23904,2008,1.0,3802,87,23817
19,23923,2009,1.0,3803,87,23836
6,23929,2010,1.0,3804,87,23842
7,23936,2011,1.0,3805,87,23849
2,23938,2011,0.0,3806,87,23851
12,23950,2011,0.0,3807,87,23863
7,23957,2012,1.0,3808,87,23870
4,23961,2012,0.0,3809,87,23874
6,23967,2013,1.0,3810,87,23880
8,23975,2013,0.0,3811,87,23888
7,23982,2014,1.0,3812,87,23895
6,23988,2015,1.0,3813,87,23901
5,23993,2015,0.0,3814,87,23906
4,23997,2015,0.0,3815,87,23910
3,24000,2015,0.0,3816,87,23913
7,24007,2016,1.0,3817,87,23920
6,24013,2017,1.0,3818,87,23926
5,24018,2017,0.0,3819,87,23931
2,24020,2017,0.0,3820,87,23933
7,24027,2018,1.0,3821,87,23940
13,24040,2019,1.0,3822,87,23953
8,24048,2020,1.0,3823,87,23961
8,24056,2020,0.0,3824,87,23969
6,24062,2021,1.0,3825,87,23975
7,24069,2021,0.0,3826,87,23982
8,24077,2022,1.0,3827,87,23990
6,24083,2022,0.0,3828,87,23996
12,24095,2023,1.0,3829,87,24008
7,24102,2024,1.0,3830,87,24015
7,24109,2025,1.0,3831,87,24022
3,24112,2025,0.0,3832,87,24025
4,24116,2025,0.0,3833,87,24029
15,24131,2026,1.0,3834,87,24044
3,24134,2026,0.0,3835,87,24047
4,24138,2026,0.0,3836,87,24051
10,24148,2027,1.0,3837,87,24061
6,24154,2028,1.0,3838,87,24067
2,24156,2028,0.0,3839,87,24069
11,24167,2029,1.0,3840,87,24080
7,24174,2030,1.0,3841,87,24087
8,24182,2030,0.0,3842,87,24095
6,24188,2031,1.0,3843,87,24101
4,24192,2031,0.0,3844,87,24105
14,24206,2032,1.0,3845,87,24119
2,24208,2032,0.0,3846,87,24121
14,24222,2033,1.0,3847,87,24135
10,24232,2034,1.0,3848,87,24145
12,24244,2035,1.0,3849,87,24157
6,24250,2036,1.0,3850,87,24163
6,24256,2037,1.0,3851,87,24169
6,24262,2038,1.0,3852,87,24175
6,24268,2039,1.0,3853,87,24181
10,24278,2040,1.0,3854,87,24191
3,24281,2040,0.0,3855,87,24194
8,24289,2041,1.0,3856,87,24202
11,24300,2042,1.0,3857,87,24213
4,24304,2042,0.0,3858,87,24217
7,24311,2043,1.0,3859,87,24224
6,24317,2044,1.0,3860,87,24230
6,24323,2045,1.0,3861,87,24236
6,24329,2046,1.0,3862,87,24242
10,24339,2047,1.0,3863,87,24252
10,24349,2048,1.0,3864,87,24262
6,24355,2049,1.0,3865,87,24268
2,24357,2049,0.0,3866,87,24270
6,24363,2050,1.0,3867,87,24276
4,24367,2050,0.0,3868,87,24280
7,24374,2051,1.0,3869,87,24287
6,24380,2052,1.0,3870,87,24293
4,24384,2052,0.0,3871,87,24297
4,24388,2052,0.0,3872,87,24301
2,24390,2052,0.0,3873,87,24303
4,24394,2052,0.0,3874,87,24307
7,24401,2053,1.0,3875,87,24314
8,24409,2054,1.0,3876,87,24322
6,24415,2055,1.0,3877,87,24328
6,24421,2056,1.0,3878,87,24334
11,24432,2057,1.0,3879,87,24345
2,24434,2057,0.0,3880,87,24347
10,24444,2058,1.0,3881,87,24357
6,24450,2059,1.0,3882,87,24363
9,24459,2059,0.0,3883,87,24372
10,24469,2059,0.0,3884,87,24382
6,24475,2060,1.0,3885,87,24388
7,24482,2061,1.0,3886,87,24395
9,24491,2061,0.0,3887,87,24404
6,24497,2062,1.0,3888,87,24410
5,24502,2062,0.0,3889,87,24415
4,24506,2062,0.0,3890,87,24419
8,24514,2063,1.0,3891,87,24427
2,24516,2063,0.0,3892,87,24429
6,24522,2064,1.0,3893,87,24435
16,24538,2065,1.0,3894,87,24451
6,24544,2066,1.0,3895,87,24457
6,24550,2067,1.0,3896,87,24463
7,24557,2068,1.0,3897,87,24470
7,24564,2069,1.0,3898,87,24477
9,24573,2069,0.0,3899,87,24486
5,24578,2069,0.0,3900,87,24491
6,24584,2069,0.0,3901,87,24497
10,24594,2069,0.0,3902,87,24507
9,24603,2070,1.0,3903,87,24516
6,24609,2070,0.0,3904,87,24522
10,24619,2071,1.0,3905,87,24532
6,24625,2071,0.0,3906,87,24538
4,24629,2071,0.0,3907,87,24542
6,24635,2071,0.0,3908,87,24548
9,24644,2072,1.0,3909,87,24557
4,24648,2072,0.0,3910,87,24561
3,24651,2072,0.0,3911,87,24564
5,24656,2072,0.0,3912,87,24569
9,24665,2073,1.0,3913,87,24578
4,24669,2073,0.0,3914,87,24582
10,24679,2074,1.0,3915,87,24592
2,24681,2074,0.0,3916,87,24594
2,24683,2074,0.0,3917,87,24596
9,24692,2074,0.0,3918,87,24605
7,24699,2075,1.0,3919,87,24612
14,24713,2076,1.0,3920,87,24626
8,24721,2077,1.0,3921,87,24634
6,24727,2078,1.0,3922,87,24640
8,24735,2079,1.0,3923,87,24648
6,24741,2080,1.0,3924,87,24654
10,24751,2080,0.0,3925,87,24664
6,24757,2080,0.0,3926,87,24670
9,24766,2081,1.0,3927,87,24679
2,24768,2081,0.0,3928,87,24681
4,24772,2081,0.0,3929,87,24685
6,24778,2082,1.0,3930,87,24691
8,24786,2083,1.0,3931,87,24699
6,24792,2084,1.0,3932,87,24705
8,24800,2085,1.0,3933,87,24713
6,24806,2085,0.0,3934,87,24719
6,24812,2086,1.0,3935,87,24725
4,24816,2086,0.0,3936,87,24729
9,24825,2087,1.0,3937,87,24738
8,24833,2088,1.0,3938,87,24746
8,24841,2089,1.0,3939,87,24754
10,24851,2090,1.0,3940,87,24764
4,24855,2090,0.0,3941,87,24768
7,24862,2091,1.0,3942,87,24775
10,24872,2092,1.0,3943,87,24785
3,24875,2092,0.0,3944,87,24788
6,24881,2093,1.0,3945,87,24794
6,24887,2094,1.0,3946,87,24800
7,24894,2095,1.0,3947,87,24807
5,24899,2095,0.0,3948,87,24812
7,24906,2095,0.0,3949,87,24819
3,24909,2095,0.0,3950,87,24822
5,24914,2095,0.0,3951,87,24827
6,24920,2096,1.0,3952,87,24833
9,24929,2097,1.0,3953,87,24842
11,24940,2097,0.0,3954,87,24853
8,24948,2098,1.0,3955,87,24861
8,24956,2099,1.0,3956,87,24869
3,24959,2099,0.0,3957,87,24872
10,24969,2100,1.0,3958,87,24882
3,24972,2100,0.0,3959,87,24885
6,24978,2101,1.0,3960,87,24891
10,24988,2102,1.0,3961,87,24901
11,24999,2102,0.0,3962,87,24912
4,25003,2102,0.0,3963,87,24916
2,25005,2102,0.0,3964,87,24918
6,25011,2103,1.0,3965,87,24924
5,25016,2103,0.0,3966,87,24929
4,25020,2103,0.0,3967,87,24933
5,25025,2103,0.0,3968,87,24938
6,25031,2104,1.0,3969,87,24944
6,25037,2105,1.0,3970,87,24950
5,25042,2105,0.0,3971,87,24955
6,25048,2105,0.0,3972,87,24961
5,25053,2105,0.0,3973,87,24966
6,25059,2106,1.0,3974,87,24972
6,25065,2107,1.0,3975,87,24978
2,25067,2107,0.0,3976,87,24980
14,25081,2107,0.0,3977,87,24994
4,25085,2107,0.0,3978,87,24998
7,25092,2108,1.0,3979,87,25005
6,25098,2108,0.0,3980,87,25011
6,25104,2109,1.0,3981,87,25017
11,25115,2110,1.0,3982,87,25028
6,25121,2111,1.0,3983,87,25034
16,25137,2112,1.0,3984,87,25050
16,25153,2112,0.0,3985,87,25066
11,25164,2113,1.0,3986,87,25077
9,25173,2114,1.0,3987,87,25086
6,25179,2115,1.0,3988,87,25092
6,25185,2116,1.0,3989,87,25098
9,25194,2117,1.0,3990,87,25107
2,25196,2117,0.0,3991,87,25109
6,25202,2117,0.0,3992,87,25115
6,25208,2118,1.0,3993,87,25121
6,25214,2119,1.0,3994,87,25127
7,25221,2120,1.0,3995,87,25134
6,25227,2121,1.0,3996,87,25140
12,25239,2122,1.0,3997,87,25152
4,25243,2122,0.0,3998,87,25156
8,25251,2123,1.0,3999,87,25164
6,25257,2124,1.0,4000,87,25170
7,25264,2124,0.0,4001,87,25177
6,25270,2125,1.0,4002,87,25183
7,25277,2126,1.0,4003,87,25190
4,25281,2126,0.0,4004,87,25194
6,25287,2127,1.0,4005,87,25200
7,25294,2128,1.0,4006,87,25207
8,25302,2129,1.0,4007,87,25215
10,25312,2130,1.0,4008,87,25225
12,25324,2131,1.0,4009,87,25237
7,25331,2131,0.0,4010,87,25244
3,25334,2131,0.0,4011,87,25247
10,25344,2132,1.0,4012,87,25257
8,25352,2133,1.0,4013,87,25265
7,25359,2133,0.0,4014,87,25272
7,25366,2134,1.0,4015,87,25279
6,25372,2135,1.0,4016,87,25285
6,25378,2136,1.0,4017,87,25291
4,25382,2136,0.0,4018,87,25295
11,25393,2137,1.0,4019,87,25306
7,25400,2138,1.0,4020,87,25313
4,25404,2138,0.0,4021,87,25317
10,25414,2139,1.0,4022,87,25327
8,25422,2140,1.0,4023,87,25335
8,25430,2141,1.0,4024,87,25343
9,25439,2141,0.0,4025,87,25352
8,25447,2142,1.0,4026,87,25360
11,25458,2143,1.0,4027,87,25371
7,25465,2144,1.0,4028,87,25378
8,25473,2145,1.0,4029,87,25386
2,25475,2145,0.0,4030,87,25388
6,25481,2145,0.0,4031,87,25394
3,25484,2145,0.0,4032,87,25397
7,25491,2146,1.0,4033,87,25404
6,25497,2147,1.0,4034,87,25410
9,25506,2148,1.0,4035,87,25419
4,25510,2148,0.0,4036,87,25423
2,25512,2148,0.0,4037,87,25425
2,25514,2148,0.0,4038,87,25427
2,25516,2148,0.0,4039,87,25429
2,25518,2148,0.0,4040,87,25431
8,25526,2149,1.0,4041,87,25439
2,25528,2149,0.0,4042,87,25441
8,25536,2150,1.0,4043,87,25449
7,25543,2151,1.0,4044,87,25456
8,25551,2152,1.0,4045,87,25464
6,25557,2152,0.0,4046,87,25470
8,25565,2153,1.0,4047,87,25478
10,25575,2154,1.0,4048,87,25488
6,25581,2155,1.0,4049,87,25494
6,25587,2156,1.0,4050,87,25500
6,25593,2156,0.0,4051,87,25506
11,25604,2157,1.0,4052,87,25517
9,25613,2158,1.0,4053,87,25526
10,25623,2159,1.0,4054,87,25536
21,25644,2160,1.0,4055,87,25557
14,25658,2160,0.0,4056,87,25571
6,25664,2161,1.0,4057,87,25577
10,25674,2162,1.0,4058,87,25587
4,25678,2162,0.0,4059,87,25591
7,25685,2163,1.0,4060,87,25598
6,25691,2164,1.0,4061,87,25604
6,25697,2165,1.0,4062,87,25610
8,25705,2166,1.0,4063,87,25618
9,25714,2167,1.0,4064,87,25627
4,25718,2167,0.0,4065,87,25631
2,25720,2167,0.0,4066,87,25633
7,25727,2168,1.0,4067,87,25640
2,25729,2168,0.0,4068,87,25642
9,25738,2169,1.0,4069,87,25651
7,25745,2169,0.0,4070,87,25658
7,25752,2170,1.0,4071,87,25665
6,25758,2171,1.0,4072,87,25671
7,25765,2172,1.0,4073,87,25678
7,25772,2173,1.0,4074,87,25685
8,25780,2174,1.0,4075,87,25693
5,25785,2174,0.0,4076,87,25698
7,25792,2175,1.0,4077,87,25705
8,25800,2176,1.0,4078,87,25713
7,25807,2177,1.0,4079,87,25720
4,25811,2177,0.0,4080,87,25724
12,25823,2178,1.0,4081,87,25736
6,25829,2179,1.0,4082,87,25742
8,25837,2180,1.0,4083,87,25750
7,25844,2180,0.0,4084,87,25757
3,25847,2180,0.0,4085,87,25760
4,25851,2180,0.0,4086,87,25764
6,25857,2181,1.0,4087,87,25770
5,25862,2181,0.0,4088,87,25775
6,25868,2182,1.0,4089,87,25781
7,25875,2183,1.0,4090,87,25788
6,25881,2184,1.0,4091,87,25794
8,25889,2185,1.0,4092,87,25802
13,25902,2185,0.0,4093,87,25815
4,25906,2185,0.0,4094,87,25819
6,25912,2186,1.0,4095,87,25825
7,25919,2187,1.0,4096,87,25832
8,25927,2188,1.0,4097,87,25840
6,25933,2189,1.0,4098,87,25846
5,25938,2189,0.0,4099,87,25851
8,25946,2190,1.0,4100,87,25859
12,25958,2190,0.0,4101,87,25871
4,25962,2190,0.0,4102,87,25875
8,25970,2191,1.0,4103,87,25883
3,25973,2191,0.0,4104,87,25886
6,25979,2192,1.0,4105,87,25892
6,25985,2193,1.0,4106,87,25898
6,25991,2194,1.0,4107,87,25904
8,25999,2195,1.0,4108,87,25912
6,26005,2196,1.0,4109,87,25918
7,26012,2197,1.0,4110,87,25925
7,26019,2198,1.0,4111,87,25932
2,26021,2198,0.0,4112,87,25934
8,26029,2199,1.0,4113,87,25942
13,26042,2199,0.0,4114,87,25955
2,26044,2199,0.0,4115,87,25957
7,26051,2200,1.0,4116,87,25964
7,26058,2201,1.0,4117,87,25971
8,26066,2202,1.0,4118,87,25979
4,26070,2202,0.0,4119,87,25983
9,26079,2203,1.0,4120,87,25992
9,26088,2204,1.0,4121,87,26001
6,26094,2205,1.0,4122,87,26007
4,26098,2205,0.0,4123,87,26011
5,26103,2205,0.0,4124,87,26016
6,26109,2206,1.0,4125,87,26022
5,26114,2206,0.0,4126,87,26027
17,26131,2207,1.0,4127,87,26044
6,26137,2208,1.0,4128,87,26050
6,26143,2209,1.0,4129,87,26056
13,26156,2210,1.0,4130,87,26069
6,26162,2211,1.0,4131,87,26075
2,26164,2211,0.0,4132,87,26077
6,26170,2212,1.0,4133,87,26083
6,26176,2213,1.0,4134,87,26089
8,26184,2214,1.0,4135,87,26097
7,26191,2214,0.0,4136,87,26104
3,26194,2214,0.0,4137,87,26107
4,26198,2214,0.0,4138,87,26111
6,26204,2214,0.0,4139,87,26117
3,26207,2214,0.0,4140,87,26120
3,26210,2214,0.0,4141,87,26123
7,26217,2215,1.0,4142,87,26130
6,26223,2216,1.0,4143,87,26136
22,26245,2217,1.0,4144,87,26158
17,26262,2218,1.0,4145,87,26175
6,26268,2219,1.0,4146,87,26181
2,26270,2219,0.0,4147,87,26183
12,26282,2220,1.0,4148,87,26195
7,26289,2221,1.0,4149,87,26202
6,26295,2222,1.0,4150,87,26208
11,26306,2223,1.0,4151,87,26219
10,26316,2224,1.0,4152,87,26229
8,26324,2225,1.0,4153,87,26237
8,26332,2226,1.0,4154,87,26245
5,26337,2226,0.0,4155,87,26250
9,26346,2227,1.0,4156,87,26259
11,26357,2228,1.0,4157,87,26270
6,26363,2229,1.0,4158,87,26276
6,26369,2230,1.0,4159,87,26282
4,26373,2230,0.0,4160,87,26286
5,26378,2230,0.0,4161,87,26291
6,26384,2231,1.0,4162,87,26297
3,26387,2231,0.0,4163,87,26300
2,26389,2231,0.0,4164,87,26302
7,26396,2232,1.0,4165,87,26309
6,26402,2233,1.0,4166,87,26315
7,26409,2234,1.0,4167,87,26322
2,26411,2234,0.0,4168,87,26324
5,26416,2234,0.0,4169,87,26329
6,26422,2235,1.0,4170,87,26335
8,26430,2236,1.0,4171,87,26343
7,26437,2236,0.0,4172,87,26350
7,26444,2236,0.0,4173,87,26357
6,26450,2237,1.0,4174,87,26363
8,26458,2237,0.0,4175,87,26371
8,26466,2238,1.0,4176,87,26379
7,26473,2239,1.0,4177,87,26386
6,26479,2240,1.0,4178,87,26392
7,26486,2241,1.0,4179,87,26399
7,26493,2242,1.0,4180,87,26406
6,26499,2243,1.0,4181,87,26412
5,26504,2243,0.0,4182,87,26417
11,26515,2244,1.0,4183,87,26428
6,26521,2244,0.0,4184,87,26434
9,26530,2244,0.0,4185,87,26443
2,26532,2244,0.0,4186,87,26445
3,26535,2244,0.0,4187,87,26448
10,26545,2245,1.0,4188,87,26458
6,26551,2246,1.0,4189,87,26464
6,26557,2247,1.0,4190,87,26470
7,26564,2247,0.0,4191,87,26477
7,26571,2248,1.0,4192,87,26484
4,26575,2248,0.0,4193,87,26488
14,26589,2249,1.0,4194,87,26502
9,26598,2249,0.0,4195,87,26511
2,26600,2249,0.0,4196,87,26513
6,26606,2249,0.0,4197,87,26519
7,26613,2250,1.0,4198,87,26526
7,26620,2250,0.0,4199,87,26533
5,26625,2250,0.0,4200,87,26538
2,26627,2250,0.0,4201,87,26540
4,26631,2250,0.0,4202,87,26544
11,26642,2251,1.0,4203,87,26555
10,26652,2252,1.0,4204,87,26565
4,26656,2252,0.0,4205,87,26569
2,26658,2252,0.0,4206,87,26571
6,26664,2253,1.0,4207,87,26577
19,26683,2254,1.0,4208,87,26596
8,26691,2255,1.0,4209,87,26604
7,26698,2255,0.0,4210,87,26611
6,26704,2256,1.0,4211,87,26617
8,26712,2257,1.0,4212,87,26625
5,26717,2257,0.0,4213,87,26630
7,26724,2258,1.0,4214,87,26637
2,26726,2258,0.0,4215,87,26639
10,26736,2259,1.0,4216,87,26649
6,26742,2260,1.0,4217,87,26655
6,26748,2260,0.0,4218,87,26661
12,26760,2260,0.0,4219,87,26673
2,26762,2260,0.0,4220,87,26675
6,26768,2260,0.0,4221,87,26681
7,26775,2260,0.0,4222,87,26688
6,26781,2260,0.0,4223,87,26694
7,26788,2261,1.0,4224,87,26701
10,26798,2262,1.0,4225,87,26711
8,26806,2263,1.0,4226,87,26719
7,26813,2264,1.0,4227,87,26726
9,26822,2265,1.0,4228,87,26735
4,26826,2265,0.0,4229,87,26739
5,26831,2265,0.0,4230,87,26744
6,26837,2266,1.0,4231,87,26750
8,26845,2267,1.0,4232,87,26758
9,26854,2268,1.0,4233,87,26767
11,26865,2269,1.0,4234,87,26778
6,26871,2270,1.0,4235,87,26784
16,26887,2271,1.0,4236,87,26800
8,26895,2272,1.0,4237,87,26808
7,26902,2273,1.0,4238,87,26815
6,26908,2274,1.0,4239,87,26821
11,26919,2274,0.0,4240,87,26832
8,26927,2275,1.0,4241,87,26840
14,26941,2276,1.0,4242,87,26854
2,26943,2276,0.0,4243,87,26856
12,26955,2277,1.0,4244,87,26868
7,26962,2277,0.0,4245,87,26875
7,26969,2278,1.0,4246,87,26882
8,26977,2279,1.0,4247,87,26890
6,26983,2280,1.0,4248,87,26896
4,26987,2280,0.0,4249,87,26900
8,26995,2281,1.0,4250,87,26908
14,27009,2282,1.0,4251,87,26922
9,27018,2283,1.0,4252,87,26931
7,27025,2284,1.0,4253,87,26938
8,27033,2285,1.0,4254,87,26946
7,27040,2285,0.0,4255,87,26953
10,27050,2286,1.0,4256,87,26963
5,27055,2286,0.0,4257,87,26968
6,27061,2287,1.0,4258,87,26974
7,27068,2288,1.0,4259,87,26981
9,27077,2289,1.0,4260,87,26990
6,27083,2290,1.0,4261,87,26996
5,27088,2290,0.0,4262,87,27001
8,27096,2291,1.0,4263,87,27009
5,27101,2291,0.0,4264,87,27014
7,27108,2292,1.0,4265,87,27021
2,27110,2292,0.0,4266,87,27023
6,27116,2293,1.0,4267,87,27029
9,27125,2294,1.0,4268,87,27038
4,27129,2294,0.0,4269,87,27042
4,27133,2294,0.0,4270,87,27046
6,27139,2295,1.0,4271,87,27052
7,27146,2295,0.0,4272,87,27059
6,27152,2296,1.0,4273,87,27065
6,27158,2297,1.0,4274,87,27071
2,27160,2297,0.0,4275,87,27073
7,27167,2298,1.0,4276,87,27080
6,27173,2299,1.0,4277,87,27086
2,27175,2299,0.0,4278,87,27088
10,27185,2300,1.0,4279,87,27098
11,27196,2301,1.0,4280,87,27109
6,27202,2302,1.0,4281,87,27115
7,27209,2303,1.0,4282,87,27122
2,27211,2303,0.0,4283,87,27124
7,27218,2304,1.0,4284,87,27131
2,27220,2304,0.0,4285,87,27133
6,27226,2305,1.0,4286,87,27139
4,27230,2305,0.0,4287,87,27143
10,27240,2305,0.0,4288,87,27153
2,27242,2305,0.0,4289,87,27155
2,27244,2305,0.0,4290,87,27157
6,27250,2306,1.0,4291,87,27163
9,27259,2307,1.0,4292,87,27172
9,27268,2308,1.0,4293,87,27181
9,27277,2309,1.0,4294,87,27190
7,27284,2309,0.0,4295,87,27197
5,27289,2309,0.0,4296,87,27202
2,27291,2309,0.0,4297,87,27204
2,27293,2309,0.0,4298,87,27206
9,27302,2310,1.0,4299,87,27215
7,27309,2311,1.0,4300,87,27222
7,27316,2312,1.0,4301,87,27229
2,27318,2312,0.0,4302,87,27231
6,27324,2313,1.0,4303,87,27237
15,27339,2314,1.0,4304,87,27252
3,27342,2314,0.0,4305,87,27255
5,27347,2314,0.0,4306,87,27260
6,27353,2315,1.0,4307,87,27266
5,27358,2315,0.0,4308,87,27271
5,27363,2315,0.0,4309,87,27276
2,27365,2315,0.0,4310,87,27278
9,27374,2316,1.0,4311,87,27287
6,27380,2317,1.0,4312,87,27293
2,27382,2317,0.0,4313,87,27295
9,27391,2318,1.0,4314,87,27304
4,27395,2318,0.0,4315,87,27308
14,27409,2319,1.0,4316,87,27322
4,27413,2319,0.0,4317,87,27326
12,27425,2320,1.0,4318,87,27338
6,27431,2321,1.0,4319,87,27344
5,27436,2321,0.0,4320,87,27349
4,27440,2321,0.0,4321,87,27353
6,27446,2322,1.0,4322,87,27359
4,27450,2322,0.0,4323,87,27363
6,27456,2323,1.0,4324,87,27369
4,27460,2323,0.0,4325,87,27373
2,27462,2323,0.0,4326,87,27375
14,27476,2324,1.0,4327,87,27389
6,27482,2325,1.0,4328,87,27395
8,27490,2326,1.0,4329,87,27403
6,27496,2326,0.0,4330,87,27409
8,27504,2327,1.0,4331,87,27417
6,27510,2328,1.0,4332,87,27423
8,27518,2329,1.0,4333,87,27431
5,27523,2329,0.0,4334,87,27436
6,27529,2330,1.0,4335,87,27442
6,27535,2331,1.0,4336,87,27448
7,27542,2332,1.0,4337,87,27455
6,27548,2332,0.0,4338,87,27461
6,27554,2333,1.0,4339,87,27467
9,27563,2334,1.0,4340,87,27476
12,27575,2335,1.0,4341,87,27488
10,27585,2335,0.0,4342,87,27498
6,27591,2336,1.0,4343,87,27504
15,27606,2336,0.0,4344,87,27519
5,27611,2336,0.0,4345,87,27524
7,27618,2337,1.0,4346,87,27531
7,27625,2337,0.0,4347,87,27538
6,27631,2337,0.0,4348,87,27544
11,27642,2337,0.0,4349,87,27555
6,27648,2338,1.0,4350,87,27561
8,27656,2339,1.0,4351,87,27569
6,27662,2340,1.0,4352,87,27575
7,27669,2341,1.0,4353,87,27582
8,27677,2342,1.0,4354,87,27590
7,27684,2343,1.0,4355,87,27597
2,27686,2343,0.0,4356,87,27599
6,27692,2344,1.0,4357,87,27605
6,27698,2345,1.0,4358,87,27611
3,27701,2345,0.0,4359,87,27614
4,27705,2345,0.0,4360,87,27618
10,27715,2346,1.0,4361,87,27628
7,27722,2347,1.0,4362,87,27635
2,27724,2347,0.0,4363,87,27637
7,27731,2348,1.0,4364,87,27644
4,27735,2348,0.0,4365,87,27648
6,27741,2349,1.0,4366,87,27654
12,27753,2350,1.0,4367,87,27666
2,27755,2350,0.0,4368,87,27668
10,27765,2351,1.0,4369,87,27678
9,27774,2352,1.0,4370,87,27687
6,27780,2353,1.0,4371,87,27693
6,27786,2354,1.0,4372,87,27699
8,27794,2354,0.0,4373,87,27707
6,27800,2354,0.0,4374,87,27713
9,27809,2355,1.0,4375,87,27722
11,27820,2356,1.0,4376,87,27733
4,27824,2356,0.0,4377,87,27737
7,27831,2357,1.0,4378,87,27744
2,27833,2357,0.0,4379,87,27746
5,27838,2357,0.0,4380,87,27751
3,27841,2357,0.0,4381,87,27754
6,27847,2357,0.0,4382,87,27760
6,27853,2357,0.0,4383,87,27766
7,27860,2358,1.0,4384,87,27773
8,27868,2359,1.0,4385,87,27781
6,27874,2360,1.0,4386,87,27787
8,27882,2361,1.0,4387,87,27795
9,27891,2362,1.0,4388,87,27804
3,27894,2362,0.0,4389,87,27807
8,27902,2363,1.0,4390,87,27815
6,27908,2364,1.0,4391,87,27821
9,27917,2365,1.0,4392,87,27830
6,27923,2366,1.0,4393,87,27836
6,27929,2367,1.0,4394,87,27842
4,27933,2367,0.0,4395,87,27846
11,27944,2368,1.0,4396,87,27857
4,27948,2368,0.0,4397,87,27861
9,27957,2369,1.0,4398,87,27870
4,27961,2369,0.0,4399,87,27874
8,27969,2370,1.0,4400,87,27882
8,27977,2371,1.0,4401,87,27890
4,27981,2371,0.0,4402,87,27894
6,27987,2372,1.0,4403,87,27900
7,27994,2373,1.0,4404,87,27907
8,28002,2373,0.0,4405,87,27915
2,28004,2373,0.0,4406,87,27917
5,28009,2373,0.0,4407,87,27922
6,28015,2373,0.0,4408,87,27928
6,28021,2374,1.0,4409,87,27934
9,28030,2375,1.0,4410,87,27943
6,28036,2376,1.0,4411,87,27949
9,28045,2377,1.0,4412,87,27958
8,28053,2378,1.0,4413,87,27966
10,28063,2379,1.0,4414,87,27976
6,28069,2380,1.0,4415,87,27982
2,28071,2380,0.0,4416,87,27984
9,28080,2380,0.0,4417,87,27993
2,28082,2380,0.0,4418,87,27995
7,28089,2381,1.0,4419,87,28002
6,28095,2382,1.0,4420,87,28008
10,28105,2383,1.0,4421,87,28018
2,28107,2383,0.0,4422,87,28020
5,28112,2383,0.0,4423,87,28025
9,28121,2384,1.0,4424,87,28034
7,28128,2385,1.0,4425,87,28041
7,28135,2386,1.0,4426,87,28048
6,28141,2386,0.0,4427,87,28054
4,28145,2386,0.0,4428,87,28058
8,28153,2387,1.0,4429,87,28066
4,28157,2387,0.0,4430,87,28070
6,28163,2387,0.0,4431,87,28076
12,28175,2388,1.0,4432,87,28088
8,28183,2389,1.0,4433,87,28096
7,28190,2390,1.0,4434,87,28103
7,28197,2391,1.0,4435,87,28110
4,28201,2391,0.0,4436,87,28114
7,28208,2392,1.0,4437,87,28121
10,28218,2393,1.0,4438,87,28131
6,28224,2394,1.0,4439,87,28137
6,28230,2395,1.0,4440,87,28143
4,28234,2395,0.0,4441,87,28147
12,28246,2396,1.0,4442,87,28159
2,28248,2396,0.0,4443,87,28161
6,28254,2397,1.0,4444,87,28167
5,28259,2397,0.0,4445,87,28172
6,28265,2398,1.0,4446,87,28178
3,28268,2398,0.0,4447,87,28181
9,28277,2399,1.0,4448,87,28190
2,28279,2399,0.0,4449,87,28192
7,28286,2400,1.0,4450,87,28199
7,28293,2401,1.0,4451,87,28206
8,28301,2402,1.0,4452,87,28214
5,28306,2402,0.0,4453,87,28219
9,28315,2403,1.0,4454,87,28228
6,28321,2404,1.0,4455,87,28234
9,28330,2405,1.0,4456,87,28243
9,28339,2406,1.0,4457,87,28252
7,28346,2407,1.0,4458,87,28259
6,28352,2407,0.0,4459,87,28265
8,28360,2408,1.0,4460,87,28273
6,28366,2409,1.0,4461,87,28279
6,28372,2410,1.0,4462,87,28285
4,28376,2410,0.0,4463,87,28289
6,28382,2411,1.0,4464,87,28295
6,28388,2411,0.0,4465,87,28301
8,28396,2412,1.0,4466,87,28309
6,28402,2413,1.0,4467,87,28315
6,28408,2414,1.0,4468,87,28321
9,28417,2414,0.0,4469,87,28330
4,28421,2414,0.0,4470,87,28334
9,28430,2415,1.0,4471,87,28343
12,28442,2416,1.0,4472,87,28355
5,28447,2416,0.0,4473,87,28360
6,28453,2417,1.0,4474,87,28366
13,28466,2418,1.0,4475,87,28379
15,28481,2419,1.0,4476,87,28394
6,28487,2420,1.0,4477,87,28400
11,28498,2421,1.0,4478,87,28411
10,28508,2422,1.0,4479,87,28421
6,28514,2423,1.0,4480,87,28427
6,28520,2424,1.0,4481,87,28433
5,28525,2424,0.0,4482,87,28438
7,28532,2425,1.0,4483,87,28445
6,28538,2426,1.0,4484,87,28451
10,28548,2427,1.0,4485,87,28461
5,28553,2427,0.0,4486,87,28466
6,28559,2427,0.0,4487,87,28472
5,28564,2427,0.0,4488,87,28477
7,28571,2428,1.0,4489,87,28484
4,28575,2428,0.0,4490,87,28488
6,28581,2428,0.0,4491,87,28494
6,28587,2428,0.0,4492,87,28500
8,28595,2429,1.0,4493,87,28508
4,28599,2429,0.0,4494,87,28512
8,28607,2430,1.0,4495,87,28520
9,28616,2431,1.0,4496,87,28529
7,28623,2432,1.0,4497,87,28536
7,28630,2433,1.0,4498,87,28543
3,28633,2433,0.0,4499,87,28546
2,28635,2433,0.0,4500,87,28548
9,28644,2434,1.0,4501,87,28557
6,28650,2435,1.0,4502,87,28563
8,28658,2436,1.0,4503,87,28571
4,28662,2436,0.0,4504,87,28575
7,28669,2437,1.0,4505,87,28582
5,28674,2437,0.0,4506,87,28587
9,28683,2437,0.0,4507,87,28596
6,28689,2438,1.0,4508,87,28602
7,28696,2439,1.0,4509,87,28609
2,28698,2439,0.0,4510,87,28611
8,28706,2440,1.0,4511,87,28619
7,28713,2440,0.0,4512,87,28626
6,28719,2441,1.0,4513,87,28632
12,28731,2442,1.0,4514,87,28644
8,28739,2443,1.0,4515,87,28652
5,28744,2443,0.0,4516,87,28657
8,28752,2444,1.0,4517,87,28665
6,28758,2445,1.0,4518,87,28671
13,28771,2446,1.0,4519,87,28684
6,28777,2447,1.0,4520,87,28690
6,28783,2448,1.0,4521,87,28696
3,28786,2448,0.0,4522,87,28699
10,28796,2449,1.0,4523,87,28709
5,28801,2449,0.0,4524,87,28714
6,28807,2449,0.0,4525,87,28720
6,28813,2450,1.0,4526,87,28726
6,28819,2451,1.0,4527,87,28732
13,28832,2452,1.0,4528,87,28745
6,28838,2453,1.0,4529,87,28751
7,28845,2454,1.0,4530,87,28758
6,28851,2454,0.0,4531,87,28764
12,28863,2455,1.0,4532,87,28776
6,28869,2456,1.0,4533,87,28782
2,28871,2456,0.0,4534,87,28784
6,28877,2457,1.0,4535,87,28790
5,28882,2457,0.0,4536,87,28795
7,28889,2457,0.0,4537,87,28802
5,28894,2457,0.0,4538,87,28807
4,28898,2457,0.0,4539,87,28811
6,28904,2458,1.0,4540,87,28817
7,28911,2459,1.0,4541,87,28824
9,28920,2460,1.0,4542,87,28833
2,28922,2460,0.0,4543,87,28835
6,28928,2461,1.0,4544,87,28841
7,28935,2462,1.0,4545,87,28848
6,28941,2463,1.0,4546,87,28854
7,28948,2464,1.0,4547,87,28861
6,28954,2465,1.0,4548,87,28867
4,28958,2465,0.0,4549,87,28871
6,28964,2466,1.0,4550,87,28877
10,28974,2467,1.0,4551,87,28887
7,28981,2468,1.0,4552,87,28894
8,28989,2469,1.0,4553,87,28902
6,28995,2470,1.0,4554,87,28908
11,29006,2470,0.0,4555,87,28919
2,29008,2470,0.0,4556,87,28921
4,29012,2470,0.0,4557,87,28925
4,29016,2470,0.0,4558,87,28929
6,29022,2471,1.0,4559,87,28935
6,29028,2471,0.0,4560,87,28941
6,29034,2472,1.0,4561,87,28947
6,29040,2473,1.0,4562,87,28953
4,29044,2473,0.0,4563,87,28957
4,29048,2473,0.0,4564,87,28961
2,29050,2473,0.0,4565,87,28963
5,29055,2473,0.0,4566,87,28968
12,29067,2474,1.0,4567,87,28980
6,29073,2475,1.0,4568,87,28986
3,29076,2475,0.0,4569,87,28989
6,29082,2476,1.0,4570,87,28995
2,29084,2476,0.0,4571,87,28997
7,29091,2476,0.0,4572,87,29004
5,29096,2476,0.0,4573,87,29009
12,29108,2477,1.0,4574,87,29021
6,29114,2478,1.0,4575,87,29027
2,29116,2478,0.0,4576,87,29029
8,29124,2479,1.0,4577,87,29037
3,29127,2479,0.0,4578,87,29040
7,29134,2480,1.0,4579,87,29047
7,29141,2480,0.0,4580,87,29054
14,29155,2481,1.0,4581,87,29068
6,29161,2482,1.0,4582,87,29074
8,29169,2483,1.0,4583,87,29082
7,29176,2484,1.0,4584,87,29089
14,29190,2484,0.0,4585,87,29103
4,29194,2484,0.0,4586,87,29107
13,29207,2485,1.0,4587,87,29120
10,29217,2486,1.0,4588,87,29130
6,29223,2487,1.0,4589,87,29136
6,29229,2488,1.0,4590,87,29142
7,29236,2489,1.0,4591,87,29149
11,29247,2490,1.0,4592,87,29160
2,29249,2490,0.0,4593,87,29162
8,29257,2491,1.0,4594,87,29170
3,29260,2491,0.0,4595,87,29173
11,29271,2492,1.0,4596,87,29184
18,29289,2493,1.0,4597,87,29202
2,29291,2493,0.0,4598,87,29204
6,29297,2494,1.0,4599,87,29210
6,29303,2495,1.0,4600,87,29216
9,29312,2496,1.0,4601,87,29225
7,29319,2497,1.0,4602,87,29232
6,29325,2498,1.0,4603,87,29238
7,29332,2499,1.0,4604,87,29245
14,29346,2500,1.0,4605,87,29259
8,29354,2501,1.0,4606,87,29267
6,29360,2502,1.0,4607,87,29273
8,29368,2503,1.0,4608,87,29281
6,29374,2504,1.0,4609,87,29287
7,29381,2505,1.0,4610,87,29294
6,29387,2506,1.0,4611,87,29300
6,29393,2507,1.0,4612,87,29306
2,29395,2507,0.0,4613,87,29308
11,29406,2508,1.0,4614,87,29319
9,29415,2509,1.0,4615,87,29328
2,29417,2509,0.0,4616,87,29330
6,29423,2510,1.0,4617,87,29336
7,29430,2511,1.0,4618,87,29343
6,29436,2511,0.0,4619,87,29349
8,29444,2512,1.0,4620,87,29357
9,29453,2513,1.0,4621,87,29366
6,29459,2514,1.0,4622,87,29372
8,29467,2515,1.0,4623,87,29380
5,29472,2515,0.0,4624,87,29385
5,29477,2515,0.0,4625,87,29390
7,29484,2516,1.0,4626,87,29397
7,29491,2517,1.0,4627,87,29404
8,29499,2518,1.0,4628,87,29412
7,29506,2519,1.0,4629,87,29419
7,29513,2520,1.0,4630,87,29426
4,29517,2520,0.0,4631,87,29430
6,29523,2521,1.0,4632,87,29436
10,29533,2521,0.0,4633,87,29446
3,29536,2521,0.0,4634,87,29449
7,29543,2522,1.0,4635,87,29456
5,29548,2522,0.0,4636,87,29461
9,29557,2523,1.0,4637,87,29470
11,29568,2524,1.0,4638,87,29481
7,29575,2525,1.0,4639,87,29488
7,29582,2525,0.0,4640,87,29495
6,29588,2526,1.0,4641,87,29501
8,29596,2527,1.0,4642,87,29509
2,29598,2527,0.0,4643,87,29511
2,29600,2527,0.0,4644,87,29513
7,29607,2528,1.0,4645,87,29520
8,29615,2528,0.0,4646,87,29528
5,29620,2528,0.0,4647,87,29533
7,29627,2528,0.0,4648,87,29540
6,29633,2529,1.0,4649,87,29546
6,29639,2530,1.0,4650,87,29552
4,29643,2530,0.0,4651,87,29556
11,29654,2530,0.0,4652,87,29567
5,29659,2530,0.0,4653,87,29572
2,29661,2530,0.0,4654,87,29574
6,29667,2531,1.0,4655,87,29580
7,29674,2532,1.0,4656,87,29587
8,29682,2533,1.0,4657,87,29595
2,29684,2533,0.0,4658,87,29597
6,29690,2534,1.0,4659,87,29603
7,29697,2535,1.0,4660,87,29610
9,29706,2536,1.0,4661,87,29619
7,29713,2536,0.0,4662,87,29626
7,29720,2537,1.0,4663,87,29633
2,29722,2537,0.0,4664,87,29635
3,29725,2537,0.0,4665,87,29638
8,29733,2538,1.0,4666,87,29646
4,29737,2538,0.0,4667,87,29650
6,29743,2539,1.0,4668,87,29656
10,29753,2540,1.0,4669,87,29666
12,29765,2541,1.0,4670,87,29678
8,29773,2542,1.0,4671,87,29686
8,29781,2542,0.0,4672,87,29694
7,29788,2543,1.0,4673,87,29701
10,29798,2544,1.0,4674,87,29711
6,29804,2545,1.0,4675,87,29717
2,29806,2545,0.0,4676,87,29719
6,29812,2546,1.0,4677,87,29725
7,29819,2546,0.0,4678,87,29732
2,29821,2546,0.0,4679,87,29734
7,29828,2546,0.0,4680,87,29741
13,29841,2547,1.0,4681,87,29754
8,29849,2548,1.0,4682,87,29762
7,29856,2549,1.0,4683,87,29769
7,29863,2550,1.0,4684,87,29776
11,29874,2551,1.0,4685,87,29787
10,29884,2552,1.0,4686,87,29797
7,29891,2553,1.0,4687,87,29804
6,29897,2554,1.0,4688,87,29810
8,29905,2555,1.0,4689,87,29818
2,29907,2555,0.0,4690,87,29820
6,29913,2556,1.0,4691,87,29826
9,29922,2557,1.0,4692,87,29835
7,29929,2558,1.0,4693,87,29842
8,29937,2559,1.0,4694,87,29850
6,29943,2560,1.0,4695,87,29856
9,29952,2560,0.0,4696,87,29865
8,29960,2561,1.0,4697,87,29873
6,29966,2562,1.0,4698,87,29879
8,29974,2562,0.0,4699,87,29887
8,29982,2562,0.0,4700,87,29895
7,29989,2562,0.0,4701,87,29902
9,29998,2563,1.0,4702,87,29911
6,30004,2563,0.0,4703,87,29917
6,30010,2564,1.0,4704,87,29923
11,30021,2565,1.0,4705,87,29934
6,30027,2566,1.0,4706,87,29940
8,30035,2566,0.0,4707,87,29948
8,30043,2566,0.0,4708,87,29956
6,30049,2566,0.0,4709,87,29962
4,30053,2566,0.0,4710,87,29966
10,30063,2567,1.0,4711,87,29976
2,30065,2567,0.0,4712,87,29978
4,30069,2567,0.0,4713,87,29982
6,30075,2568,1.0,4714,87,29988
10,30085,2569,1.0,4715,87,29998
6,30091,2570,1.0,4716,87,30004
2,30093,2570,0.0,4717,87,30006
6,30099,2570,0.0,4718,87,30012
6,30105,2571,1.0,4719,87,30018
6,30111,2572,1.0,4720,87,30024
7,30118,2573,1.0,4721,87,30031
10,30128,2574,1.0,4722,87,30041
6,30134,2575,1.0,4723,87,30047
7,30141,2575,0.0,4724,87,30054
6,30147,2576,1.0,4725,87,30060
9,30156,2577,1.0,4726,87,30069
6,30162,2577,0.0,4727,87,30075
6,30168,2578,1.0,4728,87,30081
4,30172,2578,0.0,4729,87,30085
9,30181,2579,1.0,4730,87,30094
6,30187,2580,1.0,4731,87,30100
2,30189,2580,0.0,4732,87,30102
10,30199,2581,1.0,4733,87,30112
2,30201,2581,0.0,4734,87,30114
2,30203,2581,0.0,4735,87,30116
4,30207,2581,0.0,4736,87,30120
6,30213,2582,1.0,4737,87,30126
2,30215,2582,0.0,4738,87,30128
4,30219,2582,0.0,4739,87,30132
8,30227,2583,1.0,4740,87,30140
7,30234,2584,1.0,4741,87,30147
7,30241,2584,0.0,4742,87,30154
3,30244,2584,0.0,4743,87,30157
6,30250,2585,1.0,4744,87,30163
10,30260,2586,1.0,4745,87,30173
12,30272,2586,0.0,4746,87,30185
4,30276,2586,0.0,4747,87,30189
6,30282,2587,1.0,4748,87,30195
2,30284,2587,0.0,4749,87,30197
7,30291,2588,1.0,4750,87,30204
7,30298,2589,1.0,4751,87,30211
4,30302,2589,0.0,4752,87,30215
2,30304,2589,0.0,4753,87,30217
11,30315,2590,1.0,4754,87,30228
8,30323,2591,1.0,4755,87,30236
2,30325,2591,0.0,4756,87,30238
7,30332,2592,1.0,4757,87,30245
7,30339,2593,1.0,4758,87,30252
6,30345,2594,1.0,4759,87,30258
4,30349,2594,0.0,4760,87,30262
8,30357,2594,0.0,4761,87,30270
6,30363,2595,1.0,4762,87,30276
4,30367,2595,0.0,4763,87,30280
8,30375,2595,0.0,4764,87,30288
7,30382,2596,1.0,4765,87,30295
5,30387,2596,0.0,4766,87,30300
4,30391,2596,0.0,4767,87,30304
6,30397,2596,0.0,4768,87,30310
5,30402,2596,0.0,4769,87,30315
6,30408,2597,1.0,4770,87,30321
4,30412,2597,0.0,4771,87,30325
6,30418,2598,1.0,4772,87,30331
2,30420,2598,0.0,4773,87,30333
6,30426,2598,0.0,4774,87,30339
8,30434,2599,1.0,4775,87,30347
11,30445,2600,1.0,4776,87,30358
2,30447,2600,0.0,4777,87,30360
6,30453,2601,1.0,4778,87,30366
2,30455,2601,0.0,4779,87,30368
13,30468,2602,1.0,4780,87,30381
2,30470,2602,0.0,4781,87,30383
6,30476,2603,1.0,4782,87,30389
8,30484,2604,1.0,4783,87,30397
5,30489,2604,0.0,4784,87,30402
6,30495,2605,1.0,4785,87,30408
2,30497,2605,0.0,4786,87,30410
2,30499,2605,0.0,4787,87,30412
7,30506,2606,1.0,4788,87,30419
15,30521,2607,1.0,4789,87,30434
6,30527,2608,1.0,4790,87,30440
6,30533,2609,1.0,4791,87,30446
7,30540,2610,1.0,4792,87,30453
4,30544,2610,0.0,4793,87,30457
9,30553,2611,1.0,4794,87,30466
9,30562,2612,1.0,4795,87,30475
6,30568,2612,0.0,4796,87,30481
7,30575,2613,1.0,4797,87,30488
10,30585,2614,1.0,4798,87,30498
6,30591,2615,1.0,4799,87,30504
6,30597,2616,1.0,4800,87,30510
2,30599,2616,0.0,4801,87,30512
6,30605,2616,0.0,4802,87,30518
4,30609,2616,0.0,4803,87,30522
6,30615,2617,1.0,4804,87,30528
6,30621,2618,1.0,4805,87,30534
9,30630,2619,1.0,4806,87,30543
2,30632,2619,0.0,4807,87,30545
7,30639,2620,1.0,4808,87,30552
6,30645,2621,1.0,4809,87,30558
5,30650,2621,0.0,4810,87,30563
6,30656,2622,1.0,4811,87,30569
2,30658,2622,0.0,4812,87,30571
6,30664,2623,1.0,4813,87,30577
7,30671,2623,0.0,4814,87,30584
5,30676,2623,0.0,4815,87,30589
7,30683,2624,1.0,4816,87,30596
6,30689,2625,1.0,4817,87,30602
6,30695,2626,1.0,4818,87,30608
4,30699,2626,0.0,4819,87,30612
7,30706,2627,1.0,4820,87,30619
9,30715,2628,1.0,4821,87,30628
7,30722,2628,0.0,4822,87,30635
2,30724,2628,0.0,4823,87,30637
6,30730,2629,1.0,4824,87,30643
13,30743,2630,1.0,4825,87,30656
8,30751,2631,1.0,4826,87,30664
4,30755,2631,0.0,4827,87,30668
7,30762,2632,1.0,4828,87,30675
7,30769,2633,1.0,4829,87,30682
7,30776,2634,1.0,4830,87,30689
4,30780,2634,0.0,4831,87,30693
6,30786,2635,1.0,4832,87,30699
7,30793,2636,1.0,4833,87,30706
10,30803,2637,1.0,4834,87,30716
10,30813,2638,1.0,4835,87,30726
8,30821,2639,1.0,4836,87,30734
9,30830,2639,0.0,4837,87,30743
5,30835,2639,0.0,4838,87,30748
6,30841,2640,1.0,4839,87,30754
8,30849,2641,1.0,4840,87,30762
11,30860,2642,1.0,4841,87,30773
6,30866,2643,1.0,4842,87,30779
5,30871,2643,0.0,4843,87,30784
2,30873,2643,0.0,4844,87,30786
6,30879,2644,1.0,4845,87,30792
13,30892,2645,1.0,4846,87,30805
6,30898,2646,1.0,4847,87,30811
9,30907,2647,1.0,4848,87,30820
7,30914,2648,1.0,4849,87,30827
4,30918,2648,0.0,4850,87,30831
6,30924,2649,1.0,4851,87,30837
6,30930,2650,1.0,4852,87,30843
2,30932,2650,0.0,4853,87,30845
6,30938,2651,1.0,4854,87,30851
7,30945,2652,1.0,4855,87,30858
8,30953,2653,1.0,4856,87,30866
7,30960,2654,1.0,4857,87,30873
6,30966,2655,1.0,4858,87,30879
6,30972,2655,0.0,4859,87,30885
7,30979,2656,1.0,4860,87,30892
4,30983,2656,0.0,4861,87,30896
7,30990,2657,1.0,4862,87,30903
6,30996,2658,1.0,4863,87,30909
7,31003,2659,1.0,4864,87,30916
6,31009,2660,1.0,4865,87,30922
5,31014,2660,0.0,4866,87,30927
6,31020,2661,1.0,4867,87,30933
6,31026,2662,1.0,4868,87,30939
4,31030,2662,0.0,4869,87,30943
8,31038,2663,1.0,4870,87,30951
4,31042,2663,0.0,4871,87,30955
14,31056,2663,0.0,4872,87,30969
6,31062,2664,1.0,4873,87,30975
9,31071,2665,1.0,4874,87,30984
7,31078,2666,1.0,4875,87,30991
6,31084,2667,1.0,4876,87,30997
6,31090,2667,0.0,4877,87,31003
11,31101,2668,1.0,4878,87,31014
7,31108,2668,0.0,4879,87,31021
7,31115,2669,1.0,4880,87,31028
19,31134,2670,1.0,4881,87,31047
6,31140,2671,1.0,4882,87,31053
2,31142,2671,0.0,4883,87,31055
9,31151,2672,1.0,4884,87,31064
8,31159,2673,1.0,4885,87,31072
5,31164,2673,0.0,4886,87,31077
6,31170,2674,1.0,4887,87,31083
8,31178,2675,1.0,4888,87,31091
6,31184,2675,0.0,4889,87,31097
3,31187,2675,0.0,4890,87,31100
6,31193,2676,1.0,4891,87,31106
21,31214,2677,1.0,4892,87,31127
3,31217,2677,0.0,4893,87,31130
5,31222,2677,0.0,4894,87,31135
8,31230,2677,0.0,4895,87,31143
2,31232,2677,0.0,4896,87,31145
10,31242,2678,1.0,4897,87,31155
4,31246,2678,0.0,4898,87,31159
2,31248,2678,0.0,4899,87,31161
7,31255,2679,1.0,4900,87,31168
4,31259,2679,0.0,4901,87,31172
10,31269,2680,1.0,4902,87,31182
3,31272,2680,0.0,4903,87,31185
6,31278,2681,1.0,4904,87,31191
6,31284,2682,1.0,4905,87,31197
10,31294,2683,1.0,4906,87,31207
3,31297,2683,0.0,4907,87,31210
11,31308,2683,0.0,4908,87,31221
7,31315,2684,1.0,4909,87,31228
2,31317,2684,0.0,4910,87,31230
2,31319,2684,0.0,4911,87,31232
6,31325,2685,1.0,4912,87,31238
10,31335,2686,1.0,4913,87,31248
6,31341,2687,1.0,4914,87,31254
6,31347,2688,1.0,4915,87,31260
4,31351,2688,0.0,4916,87,31264
6,31357,2689,1.0,4917,87,31270
13,31370,2690,1.0,4918,87,31283
5,31375,2690,0.0,4919,87,31288
5,31380,2690,0.0,4920,87,31293
7,31387,2691,1.0,4921,87,31300
6,31393,2692,1.0,4922,87,31306
4,31397,2692,0.0,4923,87,31310
6,31403,2693,1.0,4924,87,31316
5,31408,2693,0.0,4925,87,31321
7,31415,2694,1.0,4926,87,31328
6,31421,2695,1.0,4927,87,31334
6,31427,2695,0.0,4928,87,31340
7,31434,2695,0.0,4929,87,31347
9,31443,2696,1.0,4930,87,31356
8,31451,2696,0.0,4931,87,31364
10,31461,2697,1.0,4932,87,31374
6,31467,2698,1.0,4933,87,31380
3,31470,2698,0.0,4934,87,31383
13,31483,2699,1.0,4935,87,31396
15,31498,2700,1.0,4936,87,31411
6,31504,2701,1.0,4937,87,31417
6,31510,2702,1.0,4938,87,31423
7,31517,2703,1.0,4939,87,31430
10,31527,2704,1.0,4940,87,31440
6,31533,2705,1.0,4941,87,31446
6,31539,2706,1.0,4942,87,31452
7,31546,2707,1.0,4943,87,31459
8,31554,2708,1.0,4944,87,31467
2,31556,2708,0.0,4945,87,31469
4,31560,2708,0.0,4946,87,31473
6,31566,2709,1.0,4947,87,31479
7,31573,2709,0.0,4948,87,31486
7,31580,2710,1.0,4949,87,31493
8,31588,2711,1.0,4950,87,31501
10,31598,2712,1.0,4951,87,31511
7,31605,2713,1.0,4952,87,31518
6,31611,2714,1.0,4953,87,31524
11,31622,2715,1.0,4954,87,31535
6,31628,2716,1.0,4955,87,31541
9,31637,2717,1.0,4956,87,31550
6,31643,2718,1.0,4957,87,31556
7,31650,2719,1.0,4958,87,31563
5,31655,2719,0.0,4959,87,31568
2,31657,2719,0.0,4960,87,31570
5,31662,2719,0.0,4961,87,31575
8,31670,2720,1.0,4962,87,31583
8,31678,2721,1.0,4963,87,31591
2,31680,2721,0.0,4964,87,31593
6,31686,2722,1.0,4965,87,31599
7,31693,2723,1.0,4966,87,31606
8,31701,2723,0.0,4967,87,31614
5,31706,2723,0.0,4968,87,31619
18,31724,2724,1.0,4969,87,31637
7,31731,2724,0.0,4970,87,31644
9,31740,2725,1.0,4971,87,31653
2,31742,2725,0.0,4972,87,31655
6,31748,2726,1.0,4973,87,31661
6,31754,2726,0.0,4974,87,31667
6,31760,2727,1.0,4975,87,31673
4,31764,2727,0.0,4976,87,31677
6,31770,2728,1.0,4977,87,31683
4,31774,2728,0.0,4978,87,31687
4,31778,2728,0.0,4979,87,31691
4,31782,2728,0.0,4980,87,31695
8,31790,2729,1.0,4981,87,31703
3,31793,2729,0.0,4982,87,31706
2,31795,2729,0.0,4983,87,31708
7,31802,2730,1.0,4984,87,31715
4,31806,2730,0.0,4985,87,31719
7,31813,2731,1.0,4986,87,31726
7,31820,2732,1.0,4987,87,31733
4,31824,2732,0.0,4988,87,31737
7,31831,2733,1.0,4989,87,31744
9,31840,2733,0.0,4990,87,31753
4,31844,2733,0.0,4991,87,31757
11,31855,2734,1.0,4992,87,31768
6,31861,2735,1.0,4993,87,31774
6,31867,2736,1.0,4994,87,31780
5,31872,2736,0.0,4995,87,31785
6,31878,2737,1.0,4996,87,31791
6,31884,2738,1.0,4997,87,31797
10,31894,2739,1.0,4998,87,31807
3,31897,2739,0.0,4999,87,31810
7,31904,2740,1.0,5000,87,31817
7,31911,2741,1.0,5001,87,31824
7,31918,2741,0.0,5002,87,31831
6,31924,2742,1.0,5003,87,31837
2,31926,2742,0.0,5004,87,31839
6,31932,2743,1.0,5005,87,31845
8,31940,2744,1.0,5006,87,31853
8,31948,2745,1.0,5007,87,31861
4,31952,2745,0.0,5008,87,31865
7,31959,2745,0.0,5009,87,31872
4,31963,2745,0.0,5010,87,31876
4,31967,2745,0.0,5011,87,31880
10,31977,2746,1.0,5012,87,31890
9,31986,2747,1.0,5013,87,31899
4,31990,2747,0.0,5014,87,31903
4,31994,2747,0.0,5015,87,31907
7,32001,2748,1.0,5016,87,31914
4,32005,2748,0.0,5017,87,31918
7,32012,2749,1.0,5018,87,31925
10,32022,2750,1.0,5019,87,31935
8,32030,2750,0.0,5020,87,31943
6,32036,2751,1.0,5021,87,31949
7,32043,2751,0.0,5022,87,31956
6,32049,2751,0.0,5023,87,31962
7,32056,2752,1.0,5024,87,31969
7,32063,2753,1.0,5025,87,31976
9,32072,2754,1.0,5026,87,31985
5,32077,2754,0.0,5027,87,31990
5,32082,2754,0.0,5028,87,31995
6,32088,2754,0.0,5029,87,32001
4,32092,2754,0.0,5030,87,32005
6,32098,2755,1.0,5031,87,32011
10,32108,2756,1.0,5032,87,32021
10,32118,2757,1.0,5033,87,32031
6,32124,2758,1.0,5034,87,32037
6,32130,2759,1.0,5035,87,32043
7,32137,2760,1.0,5036,87,32050
11,32148,2761,1.0,5037,87,32061
2,32150,2761,0.0,5038,87,32063
15,32165,2762,1.0,5039,87,32078
6,32171,2763,1.0,5040,87,32084
6,32177,2764,1.0,5041,87,32090
6,32183,2765,1.0,5042,87,32096
6,32189,2766,1.0,5043,87,32102
8,32197,2767,1.0,5044,87,32110
10,32207,2768,1.0,5045,87,32120
2,32209,2768,0.0,5046,87,32122
7,32216,2768,0.0,5047,87,32129
2,32218,2768,0.0,5048,87,32131
6,32224,2769,1.0,5049,87,32137
6,32230,2770,1.0,5050,87,32143
4,32234,2770,0.0,5051,87,32147
7,32241,2770,0.0,5052,87,32154
6,32247,2771,1.0,5053,87,32160
4,32251,2771,0.0,5054,87,32164
9,32260,2772,1.0,5055,87,32173
7,32267,2773,1.0,5056,87,32180
9,32276,2773,0.0,5057,87,32189
7,32283,2774,1.0,5058,87,32196
5,32288,2774,0.0,5059,87,32201
2,32290,2774,0.0,5060,87,32203
4,32294,2774,0.0,5061,87,32207
7,32301,2774,0.0,5062,87,32214
6,32307,2775,1.0,5063,87,32220
3,32310,2775,0.0,5064,87,32223
6,32316,2776,1.0,5065,87,32229
6,32322,2777,1.0,5066,87,32235
14,32336,2778,1.0,5067,87,32249
6,32342,2779,1.0,5068,87,32255
4,32346,2779,0.0,5069,87,32259
7,32353,2780,1.0,5070,87,32266
4,32357,2780,0.0,5071,87,32270
7,32364,2781,1.0,5072,87,32277
7,32371,2782,1.0,5073,87,32284
2,32373,2782,0.0,5074,87,32286
2,32375,2782,0.0,5075,87,32288
9,32384,2783,1.0,5076,87,32297
13,32397,2784,1.0,5077,87,32310
8,32405,2785,1.0,5078,87,32318
9,32414,2786,1.0,5079,87,32327
6,32420,2787,1.0,5080,87,32333
13,32433,2787,0.0,5081,87,32346
7,32440,2788,1.0,5082,87,32353
7,32447,2788,0.0,5083,87,32360
3,32450,2788,0.0,5084,87,32363
14,32464,2789,1.0,5085,87,32377
8,32472,2790,1.0,5086,87,32385
3,32475,2790,0.0,5087,87,32388
3,32478,2790,0.0,5088,87,32391
8,32486,2791,1.0,5089,87,32399
6,32492,2791,0.0,5090,87,32405
12,32504,2792,1.0,5091,87,32417
6,32510,2793,1.0,5092,87,32423
3,32513,2793,0.0,5093,87,32426
7,32520,2794,1.0,5094,87,32433
5,32525,2794,0.0,5095,87,32438
3,32528,2794,0.0,5096,87,32441
4,32532,2794,0.0,5097,87,32445
6,32538,2795,1.0,5098,87,32451
9,32547,2796,1.0,5099,87,32460
7,32554,2797,1.0,5100,87,32467
7,32561,2798,1.0,5101,87,32474
6,32567,2799,1.0,5102,87,32480
2,32569,2799,0.0,5103,87,32482
6,32575,2800,1.0,5104,87,32488
9,32584,2801,1.0,5105,87,32497
7,32591,2802,1.0,5106,87,32504
8,32599,2803,1.0,5107,87,32512
4,32603,2803,0.0,5108,87,32516
6,32609,2804,1.0,5109,87,32522
11,32620,2805,1.0,5110,87,32533
7,32627,2806,1.0,5111,87,32540
8,32635,2807,1.0,5112,87,32548
6,32641,2808,1.0,5113,87,32554
11,32652,2808,0.0,5114,87,32565
4,32656,2808,0.0,5115,87,32569
7,32663,2808,0.0,5116,87,32576
7,32670,2809,1.0,5117,87,32583
6,32676,2810,1.0,5118,87,32589
6,32682,2811,1.0,5119,87,32595
8,32690,2812,1.0,5120,87,32603
12,32702,2812,0.0,5121,87,32615
4,32706,2812,0.0,5122,87,32619
6,32712,2813,1.0,5123,87,32625
7,32719,2813,0.0,5124,87,32632
6,32725,2814,1.0,5125,87,32638
10,32735,2815,1.0,5126,87,32648
4,32739,2815,0.0,5127,87,32652
9,32748,2816,1.0,5128,87,32661
5,32753,2816,0.0,5129,87,32666
11,32764,2816,0.0,5130,87,32677
6,32770,2817,1.0,5131,87,32683
7,32777,2818,1.0,5132,87,32690
7,32784,2819,1.0,5133,87,32697
4,32788,2819,0.0,5134,87,32701
13,32801,2820,1.0,5135,87,32714
7,32808,2821,1.0,5136,87,32721
7,32815,2822,1.0,5137,87,32728
6,32821,2823,1.0,5138,87,32734
7,32828,2824,1.0,5139,87,32741
6,32834,2825,1.0,5140,87,32747
10,32844,2825,0.0,5141,87,32757
6,32850,2826,1.0,5142,87,32763
11,32861,2827,1.0,5143,87,32774
4,32865,2827,0.0,5144,87,32778
3,32868,2827,0.0,5145,87,32781
6,32874,2828,1.0,5146,87,32787
11,32885,2829,1.0,5147,87,32798
2,32887,2829,0.0,5148,87,32800
5,32892,2829,0.0,5149,87,32805
4,32896,2829,0.0,5150,87,32809
8,32904,2830,1.0,5151,87,32817
10,32914,2831,1.0,5152,87,32827
6,32920,2832,1.0,5153,87,32833
8,32928,2833,1.0,5154,87,32841
7,32935,2834,1.0,5155,87,32848
4,32939,2834,0.0,5156,87,32852
7,32946,2835,1.0,5157,87,32859
10,32956,2836,1.0,5158,87,32869
4,32960,2836,0.0,5159,87,32873
7,32967,2836,0.0,5160,87,32880
4,32971,2836,0.0,5161,87,32884
9,32980,2837,1.0,5162,87,32893
8,32988,2838,1.0,5163,87,32901
7,32995,2839,1.0,5164,87,32908
5,33000,2839,0.0,5165,87,32913
11,33011,2840,1.0,5166,87,32924
7,33018,2841,1.0,5167,87,32931
6,33024,2842,1.0,5168,87,32937
8,33032,2843,1.0,5169,87,32945
9,33041,2844,1.0,5170,87,32954
6,33047,2845,1.0,5171,87,32960
10,33057,2846,1.0,5172,87,32970
7,33064,2847,1.0,5173,87,32977
5,33069,2847,0.0,5174,87,32982
4,33073,2847,0.0,5175,87,32986
9,33082,2848,1.0,5176,87,32995
6,33088,2848,0.0,5177,87,33001
6,33094,2848,0.0,5178,87,33007
3,33097,2848,0.0,5179,87,33010
8,33105,2849,1.0,5180,87,33018
5,33110,2849,0.0,5181,87,33023
9,33119,2850,1.0,5182,87,33032
7,33126,2851,1.0,5183,87,33039
8,33134,2852,1.0,5184,87,33047
10,33144,2853,1.0,5185,87,33057
9,33153,2853,0.0,5186,87,33066
6,33159,2854,1.0,5187,87,33072
6,33165,2855,1.0,5188,87,33078
10,33175,2856,1.0,5189,87,33088
15,33190,2857,1.0,5190,87,33103
8,33198,2858,1.0,5191,87,33111
6,33204,2859,1.0,5192,87,33117
4,33208,2859,0.0,5193,87,33121
7,33215,2860,1.0,5194,87,33128
6,33221,2860,0.0,5195,87,33134
6,33227,2861,1.0,5196,87,33140
5,33232,2861,0.0,5197,87,33145
4,33236,2861,0.0,5198,87,33149
6,33242,2861,0.0,5199,87,33155
6,33248,2862,1.0,5200,87,33161
9,33257,2863,1.0,5201,87,33170
11,33268,2864,1.0,5202,87,33181
13,33281,2865,1.0,5203,87,33194
3,33284,2865,0.0,5204,87,33197
2,33286,2865,0.0,5205,87,33199
8,33294,2866,1.0,5206,87,33207
6,33300,2867,1.0,5207,87,33213
8,33308,2868,1.0,5208,87,33221
6,33314,2869,1.0,5209,87,33227
7,33321,2870,1.0,5210,87,33234
11,33332,2871,1.0,5211,87,33245
6,33338,2872,1.0,5212,87,33251
4,33342,2872,0.0,5213,87,33255
8,33350,2873,1.0,5214,87,33263
6,33356,2874,1.0,5215,87,33269
6,33362,2875,1.0,5216,87,33275
7,33369,2876,1.0,5217,87,33282
3,33372,2876,0.0,5218,87,33285
6,33378,2876,0.0,5219,87,33291
8,33386,2877,1.0,5220,87,33299
8,33394,2878,1.0,5221,87,33307
9,33403,2879,1.0,5222,87,33316
4,33407,2879,0.0,5223,87,33320
11,33418,2880,1.0,5224,87,33331
6,33424,2881,1.0,5225,87,33337
4,33428,2881,0.0,5226,87,33341
7,33435,2882,1.0,5227,87,33348
3,33438,2882,0.0,5228,87,33351
6,33444,2883,1.0,5229,87,33357
6,33450,2884,1.0,5230,87,33363
10,33460,2885,1.0,5231,87,33373
8,33468,2886,1.0,5232,87,33381
7,33475,2887,1.0,5233,87,33388
4,33479,2887,0.0,5234,87,33392
6,33485,2888,1.0,5235,87,33398
6,33491,2889,1.0,5236,87,33404
2,33493,2889,0.0,5237,87,33406
2,33495,2889,0.0,5238,87,33408
6,33501,2890,1.0,5239,87,33414
6,33507,2891,1.0,5240,87,33420
4,33511,2891,0.0,5241,87,33424
6,33517,2892,1.0,5242,87,33430
4,33521,2892,0.0,5243,87,33434
14,33535,2893,1.0,5244,87,33448
10,33545,2894,1.0,5245,87,33458
11,33556,2895,1.0,5246,87,33469
11,33567,2895,0.0,5247,87,33480
2,33569,2895,0.0,5248,87,33482
6,33575,2895,0.0,5249,87,33488
2,33577,2895,0.0,5250,87,33490
11,33588,2896,1.0,5251,87,33501
2,33590,2896,0.0,5252,87,33503
5,33595,2896,0.0,5253,87,33508
13,33608,2897,1.0,5254,87,33521
7,33615,2898,1.0,5255,87,33528
10,33625,2899,1.0,5256,87,33538
12,33637,2900,1.0,5257,87,33550
6,33643,2901,1.0,5258,87,33556
2,33645,2901,0.0,5259,87,33558
8,33653,2902,1.0,5260,87,33566
2,33655,2902,0.0,5261,87,33568
2,33657,2902,0.0,5262,87,33570
6,33663,2903,1.0,5263,87,33576
7,33670,2903,0.0,5264,87,33583
8,33678,2903,0.0,5265,87,33591
8,33686,2904,1.0,5266,87,33599
6,33692,2905,1.0,5267,87,33605
6,33698,2906,1.0,5268,87,33611
11,33709,2906,0.0,5269,87,33622
8,33717,2906,0.0,5270,87,33630
6,33723,2907,1.0,5271,87,33636
8,33731,2908,1.0,5272,87,33644
3,33734,2908,0.0,5273,87,33647
8,33742,2909,1.0,5274,87,33655
8,33750,2910,1.0,5275,87,33663
10,33760,2910,0.0,5276,87,33673
2,33762,2910,0.0,5277,87,33675
6,33768,2911,1.0,5278,87,33681
8,33776,2912,1.0,5279,87,33689
6,33782,2913,1.0,5280,87,33695
7,33789,2914,1.0,5281,87,33702
10,33799,2915,1.0,5282,87,33712
4,33803,2915,0.0,5283,87,33716
3,33806,2915,0.0,5284,87,33719
6,33812,2916,1.0,5285,87,33725
4,33816,2916,0.0,5286,87,33729
3,33819,2916,0.0,5287,87,33732
6,33825,2917,1.0,5288,87,33738
7,33832,2918,1.0,5289,87,33745
7,33839,2919,1.0,5290,87,33752
6,33845,2920,1.0,5291,87,33758
12,33857,2920,0.0,5292,87,33770
8,33865,2921,1.0,5293,87,33778
3,33868,2921,0.0,5294,87,33781
4,33872,2921,0.0,5295,87,33785
4,33876,2921,0.0,5296,87,33789
10,33886,2921,0.0,5297,87,33799
6,33892,2922,1.0,5298,87,33805
9,33901,2923,1.0,5299,87,33814
10,33911,2923,0.0,5300,87,33824
5,33916,2923,0.0,5301,87,33829
7,33923,2924,1.0,5302,87,33836
6,33929,2925,1.0,5303,87,33842
9,33938,2926,1.0,5304,87,33851
11,33949,2927,1.0,5305,87,33862
6,33955,2928,1.0,5306,87,33868
7,33962,2929,1.0,5307,87,33875
2,33964,2929,0.0,5308,87,33877
6,33970,2929,0.0,5309,87,33883
6,33976,2930,1.0,5310,87,33889
7,33983,2931,1.0,5311,87,33896
7,33990,2932,1.0,5312,87,33903
8,33998,2933,1.0,5313,87,33911
10,34008,2934,1.0,5314,87,33921
4,34012,2934,0.0,5315,87,33925
7,34019,2935,1.0,5316,87,33932
6,34025,2935,0.0,5317,87,33938
7,34032,2936,1.0,5318,87,33945
6,34038,2937,1.0,5319,87,33951
10,34048,2938,1.0,5320,87,33961
5,34053,2938,0.0,5321,87,33966
15,34068,2938,0.0,5322,87,33981
7,34075,2938,0.0,5323,87,33988
6,34081,2939,1.0,5324,87,33994
7,34088,2939,0.0,5325,87,34001
4,34092,2939,0.0,5326,87,34005
6,34098,2940,1.0,5327,87,34011
6,34104,2941,1.0,5328,87,34017
4,34108,2941,0.0,5329,87,34021
10,34118,2942,1.0,5330,87,34031
6,34124,2943,1.0,5331,87,34037
7,34131,2944,1.0,5332,87,34044
6,34137,2945,1.0,5333,87,34050
4,34141,2945,0.0,5334,87,34054
6,34147,2946,1.0,5335,87,34060
4,34151,2946,0.0,5336,87,34064
10,34161,2947,1.0,5337,87,34074
2,34163,2947,0.0,5338,87,34076
4,34167,2947,0.0,5339,87,34080
8,34175,2948,1.0,5340,87,34088
9,34184,2949,1.0,5341,87,34097
7,34191,2950,1.0,5342,87,34104
8,34199,2951,1.0,5343,87,34112
6,34205,2952,1.0,5344,87,34118
6,34211,2953,1.0,5345,87,34124
6,34217,2954,1.0,5346,87,34130
10,34227,2955,1.0,5347,87,34140
2,34229,2955,0.0,5348,87,34142
8,34237,2956,1.0,5349,87,34150
14,34251,2956,0.0,5350,87,34164
6,34257,2957,1.0,5351,87,34170
7,34264,2958,1.0,5352,87,34177
6,34270,2959,1.0,5353,87,34183
6,34276,2960,1.0,5354,87,34189
7,34283,2961,1.0,5355,87,34196
5,34288,2961,0.0,5356,87,34201
6,34294,2962,1.0,5357,87,34207
7,34301,2963,1.0,5358,87,34214
5,34306,2963,0.0,5359,87,34219
15,34321,2964,1.0,5360,87,34234
6,34327,2965,1.0,5361,87,34240
7,34334,2966,1.0,5362,87,34247
6,34340,2967,1.0,5363,87,34253
7,34347,2968,1.0,5364,87,34260
6,34353,2969,1.0,5365,87,34266
6,34359,2970,1.0,5366,87,34272
6,34365,2971,1.0,5367,87,34278
5,34370,2971,0.0,5368,87,34283
6,34376,2972,1.0,5369,87,34289
10,34386,2973,1.0,5370,87,34299
6,34392,2974,1.0,5371,87,34305
4,34396,2974,0.0,5372,87,34309
6,34402,2975,1.0,5373,87,34315
2,34404,2975,0.0,5374,87,34317
2,34406,2975,0.0,5375,87,34319
6,34412,2975,0.0,5376,87,34325
7,34419,2976,1.0,5377,87,34332
5,34424,2976,0.0,5378,87,34337
8,34432,2977,1.0,5379,87,34345
11,34443,2978,1.0,5380,87,34356
4,34447,2978,0.0,5381,87,34360
4,34451,2978,0.0,5382,87,34364
10,34461,2978,0.0,5383,87,34374
7,34468,2979,1.0,5384,87,34381
2,34470,2979,0.0,5385,87,34383
6,34476,2979,0.0,5386,87,34389
2,34478,2979,0.0,5387,87,34391
7,34485,2980,1.0,5388,87,34398
6,34491,2981,1.0,5389,87,34404
7,34498,2982,1.0,5390,87,34411
7,34505,2983,1.0,5391,87,34418
3,34508,2983,0.0,5392,87,34421
4,34512,2983,0.0,5393,87,34425
7,34519,2983,0.0,5394,87,34432
8,34527,2984,1.0,5395,87,34440
8,34535,2985,1.0,5396,87,34448
4,34539,2985,0.0,5397,87,34452
6,34545,2986,1.0,5398,87,34458
8,34553,2987,1.0,5399,87,34466
4,34557,2987,0.0,5400,87,34470
6,34563,2988,1.0,5401,87,34476
4,34567,2988,0.0,5402,87,34480
7,34574,2989,1.0,5403,87,34487
3,34577,2989,0.0,5404,87,34490
4,34581,2989,0.0,5405,87,34494
10,34591,2990,1.0,5406,87,34504
3,34594,2990,0.0,5407,87,34507
4,34598,2990,0.0,5408,87,34511
6,34604,2991,1.0,5409,87,34517
7,34611,2992,1.0,5410,87,34524
17,34628,2993,1.0,5411,87,34541
9,34637,2994,1.0,5412,87,34550
6,34643,2995,1.0,5413,87,34556
8,34651,2996,1.0,5414,87,34564
11,34662,2997,1.0,5415,87,34575
6,34668,2998,1.0,5416,87,34581
7,34675,2999,1.0,5417,87,34588
6,34681,2999,0.0,5418,87,34594
4,34685,2999,0.0,5419,87,34598
4,34689,2999,0.0,5420,87,34602
15,34704,3000,1.0,5421,87,34617
6,34710,3001,1.0,5422,87,34623
14,34724,3001,0.0,5423,87,34637
6,34730,3002,1.0,5424,87,34643
5,34735,3002,0.0,5425,87,34648
8,34743,3003,1.0,5426,87,34656
6,34749,3004,1.0,5427,87,34662
6,34755,3005,1.0,5428,87,34668
3,34758,3005,0.0,5429,87,34671
6,34764,3005,0.0,5430,87,34677
3,34767,3005,0.0,5431,87,34680
11,34778,3006,1.0,5432,87,34691
8,34786,3007,1.0,5433,87,34699
17,34803,3007,0.0,5434,87,34716
5,34808,3007,0.0,5435,87,34721
3,34811,3007,0.0,5436,87,34724
6,34817,3008,1.0,5437,87,34730
9,34826,3009,1.0,5438,87,34739
9,34835,3010,1.0,5439,87,34748
7,34842,3011,1.0,5440,87,34755
2,34844,3011,0.0,5441,87,34757
3,34847,3011,0.0,5442,87,34760
5,34852,3011,0.0,5443,87,34765
7,34859,3012,1.0,5444,87,34772
2,34861,3012,0.0,5445,87,34774
6,34867,3013,1.0,5446,87,34780
4,34871,3013,0.0,5447,87,34784
4,34875,3013,0.0,5448,87,34788
7,34882,3014,1.0,5449,87,34795
7,34889,3015,1.0,5450,87,34802
11,34900,3015,0.0,5451,87,34813
4,34904,3015,0.0,5452,87,34817
8,34912,3016,1.0,5453,87,34825
5,34917,3016,0.0,5454,87,34830
2,34919,3016,0.0,5455,87,34832
8,34927,3017,1.0,5456,87,34840
2,34929,3017,0.0,5457,87,34842
6,34935,3018,1.0,5458,87,34848
3,34938,3018,0.0,5459,87,34851
6,34944,3019,1.0,5460,87,34857
7,34951,3020,1.0,5461,87,34864
2,34953,3020,0.0,5462,87,34866
3,34956,3020,0.0,5463,87,34869
2,34958,3020,0.0,5464,87,34871
4,34962,3020,0.0,5465,87,34875
3,34965,3020,0.0,5466,87,34878
16,34981,3020,0.0,5467,87,34894
6,34987,3021,1.0,5468,87,34900
6,34993,3021,0.0,5469,87,34906
9,35002,3021,0.0,5470,87,34915
7,35009,3022,1.0,5471,87,34922
7,35016,3023,1.0,5472,87,34929
4,35020,3023,0.0,5473,87,34933
9,35029,3024,1.0,5474,87,34942
12,35041,3025,1.0,5475,87,34954
6,35047,3026,1.0,5476,87,34960
14,35061,3026,0.0,5477,87,34974
7,35068,3027,1.0,5478,87,34981
2,35070,3027,0.0,5479,87,34983
21,35091,3027,0.0,5480,87,35004
4,35095,3027,0.0,5481,87,35008
8,35103,3028,1.0,5482,87,35016
4,35107,3028,0.0,5483,87,35020
6,35113,3029,1.0,5484,87,35026
10,35123,3030,1.0,5485,87,35036
7,35130,3031,1.0,5486,87,35043
2,35132,3031,0.0,5487,87,35045
6,35138,3032,1.0,5488,87,35051
8,35146,3033,1.0,5489,87,35059
4,35150,3033,0.0,5490,87,35063
8,35158,3034,1.0,5491,87,35071
2,35160,3034,0.0,5492,87,35073
9,35169,3035,1.0,5493,87,35082
8,35177,3035,0.0,5494,87,35090
6,35183,3036,1.0,5495,87,35096
6,35189,3037,1.0,5496,87,35102
2,35191,3037,0.0,5497,87,35104
4,35195,3037,0.0,5498,87,35108
5,35200,3037,0.0,5499,87,35113
6,35206,3038,1.0,5500,87,35119
6,35212,3039,1.0,5501,87,35125
6,35218,3040,1.0,5502,87,35131
5,35223,3040,0.0,5503,87,35136
8,35231,3041,1.0,5504,87,35144
2,35233,3041,0.0,5505,87,35146
8,35241,3042,1.0,5506,87,35154
10,35251,3043,1.0,5507,87,35164
7,35258,3044,1.0,5508,87,35171
6,35264,3045,1.0,5509,87,35177
6,35270,3045,0.0,5510,87,35183
7,35277,3046,1.0,5511,87,35190
8,35285,3047,1.0,5512,87,35198
6,35291,3048,1.0,5513,87,35204
9,35300,3049,1.0,5514,87,35213
2,35302,3049,0.0,5515,87,35215
19,35321,3050,1.0,5516,87,35234
17,35338,3050,0.0,5517,87,35251
8,35346,3051,1.0,5518,87,35259
5,35351,3051,0.0,5519,87,35264
4,35355,3051,0.0,5520,87,35268
6,35361,3052,1.0,5521,87,35274
5,35366,3052,0.0,5522,87,35279
7,35373,3053,1.0,5523,87,35286
6,35379,3054,1.0,5524,87,35292
6,35385,3055,1.0,5525,87,35298
3,35388,3055,0.0,5526,87,35301
6,35394,3056,1.0,5527,87,35307
12,35406,3057,1.0,5528,87,35319
4,35410,3057,0.0,5529,87,35323
6,35416,3057,0.0,5530,87,35329
7,35423,3058,1.0,5531,87,35336
6,35429,3059,1.0,5532,87,35342
7,35436,3060,1.0,5533,87,35349
10,35446,3061,1.0,5534,87,35359
6,35452,3062,1.0,5535,87,35365
8,35460,3063,1.0,5536,87,35373
7,35467,3064,1.0,5537,87,35380
8,35475,3065,1.0,5538,87,35388
7,35482,3065,0.0,5539,87,35395
6,35488,3066,1.0,5540,87,35401
7,35495,3067,1.0,5541,87,35408
7,35502,3067,0.0,5542,87,35415
9,35511,3068,1.0,5543,87,35424
2,35513,3068,0.0,5544,87,35426
10,35523,3069,1.0,5545,87,35436
6,35529,3070,1.0,5546,87,35442
6,35535,3071,1.0,5547,87,35448
6,35541,3072,1.0,5548,87,35454
6,35547,3072,0.0,5549,87,35460
3,35550,3072,0.0,5550,87,35463
9,35559,3073,1.0,5551,87,35472
9,35568,3074,1.0,5552,87,35481
7,35575,3074,0.0,5553,87,35488
8,35583,3074,0.0,5554,87,35496
4,35587,3074,0.0,5555,87,35500
11,35598,3075,1.0,5556,87,35511
7,35605,3076,1.0,5557,87,35518
8,35613,3076,0.0,5558,87,35526
4,35617,3076,0.0,5559,87,35530
2,35619,3076,0.0,5560,87,35532
4,35623,3076,0.0,5561,87,35536
9,35632,3077,1.0,5562,87,35545
2,35634,3077,0.0,5563,87,35547
7,35641,3078,1.0,5564,87,35554
6,35647,3079,1.0,5565,87,35560
2,35649,3079,0.0,5566,87,35562
21,35670,3080,1.0,5567,87,35583
7,35677,3080,0.0,5568,87,35590
5,35682,3080,0.0,5569,87,35595
5,35687,3080,0.0,5570,87,35600
2,35689,3080,0.0,5571,87,35602
9,35698,3080,0.0,5572,87,35611
4,35702,3080,0.0,5573,87,35615
8,35710,3080,0.0,5574,87,35623
7,35717,3080,0.0,5575,87,35630
5,35722,3080,0.0,5576,87,35635
7,35729,3081,1.0,5577,87,35642
7,35736,3082,1.0,5578,87,35649
7,35743,3083,1.0,5579,87,35656
6,35749,3084,1.0,5580,87,35662
2,35751,3084,0.0,5581,87,35664
2,35753,3084,0.0,5582,87,35666
3,35756,3084,0.0,5583,87,35669
5,35761,3084,0.0,5584,87,35674
8,35769,3085,1.0,5585,87,35682
6,35775,3085,0.0,5586,87,35688
10,35785,3086,1.0,5587,87,35698
7,35792,3087,1.0,5588,87,35705
6,35798,3088,1.0,5589,87,35711
11,35809,3089,1.0,5590,87,35722
7,35816,3090,1.0,5591,87,35729
5,35821,3090,0.0,5592,87,35734
7,35828,3090,0.0,5593,87,35741
12,35840,3090,0.0,5594,87,35753
4,35844,3090,0.0,5595,87,35757
7,35851,3091,1.0,5596,87,35764
12,35863,3092,1.0,5597,87,35776
4,35867,3092,0.0,5598,87,35780
4,35871,3092,0.0,5599,87,35784
2,35873,3092,0.0,5600,87,35786
7,35880,3092,0.0,5601,87,35793
6,35886,3093,1.0,5602,87,35799
6,35892,3093,0.0,5603,87,35805
6,35898,3094,1.0,5604,87,35811
8,35906,3094,0.0,5605,87,35819
6,35912,3095,1.0,5606,87,35825
8,35920,3096,1.0,5607,87,35833
7,35927,3096,0.0,5608,87,35840
3,35930,3096,0.0,5609,87,35843
3,35933,3096,0.0,5610,87,35846
6,35939,3097,1.0,5611,87,35852
3,35942,3097,0.0,5612,87,35855
9,35951,3098,1.0,5613,87,35864
6,35957,3099,1.0,5614,87,35870
8,35965,3100,1.0,5615,87,35878
16,35981,3101,1.0,5616,87,35894
8,35989,3102,1.0,5617,87,35902
7,35996,3102,0.0,5618,87,35909
9,36005,3103,1.0,5619,87,35918
11,36016,3104,1.0,5620,87,35929
6,36022,3105,1.0,5621,87,35935
15,36037,3105,0.0,5622,87,35950
5,36042,3105,0.0,5623,87,35955
9,36051,3106,1.0,5624,87,35964
9,36060,3107,1.0,5625,87,35973
6,36066,3108,1.0,5626,87,35979
12,36078,3109,1.0,5627,87,35991
7,36085,3110,1.0,5628,87,35998
4,36089,3110,0.0,5629,87,36002
11,36100,3110,0.0,5630,87,36013
7,36107,3111,1.0,5631,87,36020
6,36113,3111,0.0,5632,87,36026
2,36115,3111,0.0,5633,87,36028
6,36121,3112,1.0,5634,87,36034
4,36125,3112,0.0,5635,87,36038
4,36129,3112,0.0,5636,87,36042
8,36137,3113,1.0,5637,87,36050
12,36149,3114,1.0,5638,87,36062
7,36156,3115,1.0,5639,87,36069
10,36166,3115,0.0,5640,87,36079
6,36172,3116,1.0,5641,87,36085
11,36183,3116,0.0,5642,87,36096
5,36188,3116,0.0,5643,87,36101
3,36191,3116,0.0,5644,87,36104
6,36197,3117,1.0,5645,87,36110
3,36200,3117,0.0,5646,87,36113
5,36205,3117,0.0,5647,87,36118
9,36214,3117,0.0,5648,87,36127
8,36222,3118,1.0,5649,87,36135
2,36224,3118,0.0,5650,87,36137
7,36231,3119,1.0,5651,87,36144
6,36237,3119,0.0,5652,87,36150
6,36243,3120,1.0,5653,87,36156
8,36251,3121,1.0,5654,87,36164
3,36254,3121,0.0,5655,87,36167
7,36261,3121,0.0,5656,87,36174
6,36267,3121,0.0,5657,87,36180
7,36274,3122,1.0,5658,87,36187
9,36283,3123,1.0,5659,87,36196
6,36289,3124,1.0,5660,87,36202
4,36293,3124,0.0,5661,87,36206
3,36296,3124,0.0,5662,87,36209
7,36303,3125,1.0,5663,87,36216
2,36305,3125,0.0,5664,87,36218
4,36309,3125,0.0,5665,87,36222
7,36316,3126,1.0,5666,87,36229
2,36318,3126,0.0,5667,87,36231
6,36324,3127,1.0,5668,87,36237
4,36328,3127,0.0,5669,87,36241
6,36334,3128,1.0,5670,87,36247
6,36340,3129,1.0,5671,87,36253
7,36347,3130,1.0,5672,87,36260
4,36351,3130,0.0,5673,87,36264
8,36359,3131,1.0,5674,87,36272
5,36364,3131,0.0,5675,87,36277
9,36373,3132,1.0,5676,87,36286
8,36381,3133,1.0,5677,87,36294
6,36387,3134,1.0,5678,87,36300
5,36392,3134,0.0,5679,87,36305
6,36398,3135,1.0,5680,87,36311
7,36405,3136,1.0,5681,87,36318
4,36409,3136,0.0,5682,87,36322
4,36413,3136,0.0,5683,87,36326
16,36429,3136,0.0,5684,87,36342
7,36436,3137,1.0,5685,87,36349
6,36442,3138,1.0,5686,87,36355
2,36444,3138,0.0,5687,87,36357
3,36447,3138,0.0,5688,87,36360
2,36449,3138,0.0,5689,87,36362
6,36455,3139,1.0,5690,87,36368
4,36459,3139,0.0,5691,87,36372
5,36464,3139,0.0,5692,87,36377
6,36470,3140,1.0,5693,87,36383
8,36478,3140,0.0,5694,87,36391
4,36482,3140,0.0,5695,87,36395
3,36485,3140,0.0,5696,87,36398
8,36493,3140,0.0,5697,87,36406
9,36502,3141,1.0,5698,87,36415
6,36508,3142,1.0,5699,87,36421
12,36520,3143,1.0,5700,87,36433
4,36524,3143,0.0,5701,87,36437
7,36531,3143,0.0,5702,87,36444
7,36538,3144,1.0,5703,87,36451
13,36551,3145,1.0,5704,87,36464
2,36553,3145,0.0,5705,87,36466
9,36562,3146,1.0,5706,87,36475
7,36569,3147,1.0,5707,87,36482
6,36575,3148,1.0,5708,87,36488
8,36583,3149,1.0,5709,87,36496
7,36590,3150,1.0,5710,87,36503
6,36596,3151,1.0,5711,87,36509
7,36603,3152,1.0,5712,87,36516
6,36609,3153,1.0,5713,87,36522
7,36616,3154,1.0,5714,87,36529
8,36624,3155,1.0,5715,87,36537
2,36626,3155,0.0,5716,87,36539
6,36632,3156,1.0,5717,87,36545
6,36638,3156,0.0,5718,87,36551
7,36645,3157,1.0,5719,87,36558
2,36647,3157,0.0,5720,87,36560
7,36654,3158,1.0,5721,87,36567
5,36659,3158,0.0,5722,87,36572
10,36669,3159,1.0,5723,87,36582
4,36673,3159,0.0,5724,87,36586
6,36679,3160,1.0,5725,87,36592
6,36685,3161,1.0,5726,87,36598
2,36687,3161,0.0,5727,87,36600
8,36695,3162,1.0,5728,87,36608
2,36697,3162,0.0,5729,87,36610
10,36707,3163,1.0,5730,87,36620
8,36715,3164,1.0,5731,87,36628
6,36721,3165,1.0,5732,87,36634
7,36728,3166,1.0,5733,87,36641
10,36738,3167,1.0,5734,87,36651
8,36746,3168,1.0,5735,87,36659
3,36749,3168,0.0,5736,87,36662
10,36759,3169,1.0,5737,87,36672
3,36762,3169,0.0,5738,87,36675
6,36768,3169,0.0,5739,87,36681
13,36781,3170,1.0,5740,87,36694
10,36791,3171,1.0,5741,87,36704
7,36798,3172,1.0,5742,87,36711
5,36803,3172,0.0,5743,87,36716
11,36814,3173,1.0,5744,87,36727
4,36818,3173,0.0,5745,87,36731
7,36825,3173,0.0,5746,87,36738
3,36828,3173,0.0,5747,87,36741
7,36835,3174,1.0,5748,87,36748
7,36842,3175,1.0,5749,87,36755
9,36851,3175,0.0,5750,87,36764
6,36857,3176,1.0,5751,87,36770
7,36864,3177,1.0,5752,87,36777
5,36869,3177,0.0,5753,87,36782
2,36871,3177,0.0,5754,87,36784
8,36879,3178,1.0,5755,87,36792
8,36887,3179,1.0,5756,87,36800
2,36889,3179,0.0,5757,87,36802
7,36896,3179,0.0,5758,87,36809
4,36900,3179,0.0,5759,87,36813
11,36911,3179,0.0,5760,87,36824
10,36921,3180,1.0,5761,87,36834
8,36929,3180,0.0,5762,87,36842
2,36931,3180,0.0,5763,87,36844
11,36942,3181,1.0,5764,87,36855
10,36952,3182,1.0,5765,87,36865
13,36965,3182,0.0,5766,87,36878
8,36973,3183,1.0,5767,87,36886
7,36980,3184,1.0,5768,87,36893
12,36992,3184,0.0,5769,87,36905
6,36998,3185,1.0,5770,87,36911
4,37002,3185,0.0,5771,87,36915
6,37008,3186,1.0,5772,87,36921
8,37016,3187,1.0,5773,87,36929
5,37021,3187,0.0,5774,87,36934
5,37026,3187,0.0,5775,87,36939
6,37032,3188,1.0,5776,87,36945
11,37043,3189,1.0,5777,87,36956
6,37049,3190,1.0,5778,87,36962
6,37055,3191,1.0,5779,87,36968
6,37061,3192,1.0,5780,87,36974
15,37076,3192,0.0,5781,87,36989
6,37082,3193,1.0,5782,87,36995
8,37090,3194,1.0,5783,87,37003
8,37098,3195,1.0,5784,87,37011
12,37110,3196,1.0,5785,87,37023
22,37132,3197,1.0,5786,87,37045
10,37142,3197,0.0,5787,87,37055
2,37144,3197,0.0,5788,87,37057
6,37150,3198,1.0,5789,87,37063
10,37160,3199,1.0,5790,87,37073
14,37174,3199,0.0,5791,87,37087
7,37181,3200,1.0,5792,87,37094
6,37187,3200,0.0,5793,87,37100
6,37193,3201,1.0,5794,87,37106
7,37200,3202,1.0,5795,87,37113
7,37207,3203,1.0,5796,87,37120
6,37213,3204,1.0,5797,87,37126
13,37226,3205,1.0,5798,87,37139
5,37231,3205,0.0,5799,87,37144
7,37238,3205,0.0,5800,87,37151
8,37246,3206,1.0,5801,87,37159
7,37253,3207,1.0,5802,87,37166
7,37260,3208,1.0,5803,87,37173
6,37266,3209,1.0,5804,87,37179
7,37273,3210,1.0,5805,87,37186
9,37282,3211,1.0,5806,87,37195
6,37288,3212,1.0,5807,87,37201
3,37291,3212,0.0,5808,87,37204
4,37295,3212,0.0,5809,87,37208
10,37305,3213,1.0,5810,87,37218
8,37313,3214,1.0,5811,87,37226
6,37319,3215,1.0,5812,87,37232
7,37326,3216,1.0,5813,87,37239
9,37335,3217,1.0,5814,87,37248
4,37339,3217,0.0,5815,87,37252
10,37349,3218,1.0,5816,87,37262
5,37354,3218,0.0,5817,87,37267
2,37356,3218,0.0,5818,87,37269
6,37362,3219,1.0,5819,87,37275
11,37373,3219,0.0,5820,87,37286
7,37380,3220,1.0,5821,87,37293
6,37386,3221,1.0,5822,87,37299
6,37392,3222,1.0,5823,87,37305
7,37399,3223,1.0,5824,87,37312
6,37405,3224,1.0,5825,87,37318
2,37407,3224,0.0,5826,87,37320
7,37414,3225,1.0,5827,87,37327
7,37421,3225,0.0,5828,87,37334
9,37430,3226,1.0,5829,87,37343
4,37434,3226,0.0,5830,87,37347
4,37438,3226,0.0,5831,87,37351
3,37441,3226,0.0,5832,87,37354
6,37447,3227,1.0,5833,87,37360
10,37457,3228,1.0,5834,87,37370
8,37465,3229,1.0,5835,87,37378
7,37472,3230,1.0,5836,87,37385
6,37478,3231,1.0,5837,87,37391
2,37480,3231,0.0,5838,87,37393
6,37486,3232,1.0,5839,87,37399
7,37493,3232,0.0,5840,87,37406
7,37500,3233,1.0,5841,87,37413
6,37506,3234,1.0,5842,87,37419
8,37514,3235,1.0,5843,87,37427
8,37522,3236,1.0,5844,87,37435
7,37529,3237,1.0,5845,87,37442
5,37534,3237,0.0,5846,87,37447
2,37536,3237,0.0,5847,87,37449
6,37542,3238,1.0,5848,87,37455
10,37552,3239,1.0,5849,87,37465
3,37555,3239,0.0,5850,87,37468
6,37561,3239,0.0,5851,87,37474
2,37563,3239,0.0,5852,87,37476
10,37573,3240,1.0,5853,87,37486
6,37579,3241,1.0,5854,87,37492
4,37583,3241,0.0,5855,87,37496
8,37591,3241,0.0,5856,87,37504
6,37597,3242,1.0,5857,87,37510
5,37602,3242,0.0,5858,87,37515
6,37608,3243,1.0,5859,87,37521
9,37617,3243,0.0,5860,87,37530
7,37624,3244,1.0,5861,87,37537
2,37626,3244,0.0,5862,87,37539
3,37629,3244,0.0,5863,87,37542
10,37639,3245,1.0,5864,87,37552
8,37647,3246,1.0,5865,87,37560
6,37653,3247,1.0,5866,87,37566
4,37657,3247,0.0,5867,87,37570
5,37662,3247,0.0,5868,87,37575
6,37668,3248,1.0,5869,87,37581
6,37674,3248,0.0,5870,87,37587
6,37680,3248,0.0,5871,87,37593
7,37687,3249,1.0,5872,87,37600
2,37689,3249,0.0,5873,87,37602
8,37697,3250,1.0,5874,87,37610
6,37703,3251,1.0,5875,87,37616
6,37709,3252,1.0,5876,87,37622
6,37715,3252,0.0,5877,87,37628
7,37722,3253,1.0,5878,87,37635
4,37726,3253,0.0,5879,87,37639
7,37733,3254,1.0,5880,87,37646
15,37748,3255,1.0,5881,87,37661
7,37755,3255,0.0,5882,87,37668
2,37757,3255,0.0,5883,87,37670
5,37762,3255,0.0,5884,87,37675
8,37770,3256,1.0,5885,87,37683
6,37776,3257,1.0,5886,87,37689
7,37783,3258,1.0,5887,87,37696
6,37789,3259,1.0,5888,87,37702
4,37793,3259,0.0,5889,87,37706
8,37801,3260,1.0,5890,87,37714
9,37810,3261,1.0,5891,87,37723
4,37814,3261,0.0,5892,87,37727
9,37823,3262,1.0,5893,87,37736
6,37829,3263,1.0,5894,87,37742
6,37835,3263,0.0,5895,87,37748
2,37837,3263,0.0,5896,87,37750
15,37852,3264,1.0,5897,87,37765
17,37869,3265,1.0,5898,87,37782
4,37873,3265,0.0,5899,87,37786
10,37883,3265,0.0,5900,87,37796
6,37889,3266,1.0,5901,87,37802
6,37895,3267,1.0,5902,87,37808
6,37901,3268,1.0,5903,87,37814
14,37915,3269,1.0,5904,87,37828
5,37920,3269,0.0,5905,87,37833
6,37926,3269,0.0,5906,87,37839
6,37932,3269,0.0,5907,87,37845
6,37938,3270,1.0,5908,87,37851
6,37944,3271,1.0,5909,87,37857
7,37951,3272,1.0,5910,87,37864
4,37955,3272,0.0,5911,87,37868
4,37959,3272,0.0,5912,87,37872
2,37961,3272,0.0,5913,87,37874
7,37968,3272,0.0,5914,87,37881
6,37974,3272,0.0,5915,87,37887
8,37982,3273,1.0,5916,87,37895
5,37987,3273,0.0,5917,87,37900
6,37993,3273,0.0,5918,87,37906
2,37995,3273,0.0,5919,87,37908
2,37997,3273,0.0,5920,87,37910
6,38003,3274,1.0,5921,87,37916
6,38009,3275,1.0,5922,87,37922
2,38011,3275,0.0,5923,87,37924
6,38017,3275,0.0,5924,87,37930
3,38020,3275,0.0,5925,87,37933
8,38028,3275,0.0,5926,87,37941
8,38036,3276,1.0,5927,87,37949
4,38040,3276,0.0,5928,87,37953
8,38048,3277,1.0,5929,87,37961
3,38051,3277,0.0,5930,87,37964
7,38058,3278,1.0,5931,87,37971
7,38065,3279,1.0,5932,87,37978
6,38071,3280,1.0,5933,87,37984
8,38079,3281,1.0,5934,87,37992
7,38086,3282,1.0,5935,87,37999
7,38093,3283,1.0,5936,87,38006
6,38099,3284,1.0,5937,87,38012
2,38101,3284,0.0,5938,87,38014
5,38106,3284,0.0,5939,87,38019
6,38112,3285,1.0,5940,87,38025
7,38119,3286,1.0,5941,87,38032
9,38128,3287,1.0,5942,87,38041
4,38132,3287,0.0,5943,87,38045
7,38139,3288,1.0,5944,87,38052
8,38147,3288,0.0,5945,87,38060
6,38153,3289,1.0,5946,87,38066
6,38159,3290,1.0,5947,87,38072
7,38166,3291,1.0,5948,87,38079
6,38172,3292,1.0,5949,87,38085
3,38175,3292,0.0,5950,87,38088
5,38180,3292,0.0,5951,87,38093
6,38186,3293,1.0,5952,87,38099
6,38192,3294,1.0,5953,87,38105
9,38201,3294,0.0,5954,87,38114
6,38207,3294,0.0,5955,87,38120
7,38214,3295,1.0,5956,87,38127
6,38220,3295,0.0,5957,87,38133
8,38228,3296,1.0,5958,87,38141
6,38234,3296,0.0,5959,87,38147
6,38240,3297,1.0,5960,87,38153
7,38247,3298,1.0,5961,87,38160
7,38254,3299,1.0,5962,87,38167
8,38262,3300,1.0,5963,87,38175
4,38266,3300,0.0,5964,87,38179
6,38272,3300,0.0,5965,87,38185
8,38280,3301,1.0,5966,87,38193
11,38291,3302,1.0,5967,87,38204
3,38294,3302,0.0,5968,87,38207
4,38298,3302,0.0,5969,87,38211
4,38302,3302,0.0,5970,87,38215
11,38313,3303,1.0,5971,87,38226
4,38317,3303,0.0,5972,87,38230
5,38322,3303,0.0,5973,87,38235
8,38330,3304,1.0,5974,87,38243
9,38339,3305,1.0,5975,87,38252
6,38345,3305,0.0,5976,87,38258
9,38354,3306,1.0,5977,87,38267
8,38362,3307,1.0,5978,87,38275
3,38365,3307,0.0,5979,87,38278
6,38371,3308,1.0,5980,87,38284
9,38380,3308,0.0,5981,87,38293
3,38383,3308,0.0,5982,87,38296
7,38390,3308,0.0,5983,87,38303
7,38397,3308,0.0,5984,87,38310
7,38404,3309,1.0,5985,87,38317
6,38410,3310,1.0,5986,87,38323
10,38420,3310,0.0,5987,87,38333
8,38428,3311,1.0,5988,87,38341
15,38443,3312,1.0,5989,87,38356
15,38458,3313,1.0,5990,87,38371
7,38465,3314,1.0,5991,87,38378
3,38468,3314,0.0,5992,87,38381
2,38470,3314,0.0,5993,87,38383
7,38477,3315,1.0,5994,87,38390
10,38487,3316,1.0,5995,87,38400
4,38491,3316,0.0,5996,87,38404
6,38497,3316,0.0,5997,87,38410
4,38501,3316,0.0,5998,87,38414
8,38509,3317,1.0,5999,87,38422
4,38513,3317,0.0,6000,87,38426
11,38524,3318,1.0,6001,87,38437
12,38536,3319,1.0,6002,87,38449
11,38547,3320,1.0,6003,87,38460
2,38549,3320,0.0,6004,87,38462
5,38554,3320,0.0,6005,87,38467
9,38563,3320,0.0,6006,87,38476
7,38570,3321,1.0,6007,87,38483
6,38576,3322,1.0,6008,87,38489
6,38582,3322,0.0,6009,87,38495
7,38589,3322,0.0,6010,87,38502
8,38597,3323,1.0,6011,87,38510
7,38604,3324,1.0,6012,87,38517
7,38611,3325,1.0,6013,87,38524
7,38618,3326,1.0,6014,87,38531
6,38624,3327,1.0,6015,87,38537
6,38630,3328,1.0,6016,87,38543
6,38636,3329,1.0,6017,87,38549
5,38641,3329,0.0,6018,87,38554
11,38652,3329,0.0,6019,87,38565
9,38661,3330,1.0,6020,87,38574
8,38669,3331,1.0,6021,87,38582
7,38676,3332,1.0,6022,87,38589
14,38690,3333,1.0,6023,87,38603
9,38699,3333,0.0,6024,87,38612
3,38702,3333,0.0,6025,87,38615
11,38713,3334,1.0,6026,87,38626
6,38719,3335,1.0,6027,87,38632
13,38732,3336,1.0,6028,87,38645
2,38734,3336,0.0,6029,87,38647
6,38740,3337,1.0,6030,87,38653
6,38746,3337,0.0,6031,87,38659
8,38754,3338,1.0,6032,87,38667
2,38756,3338,0.0,6033,87,38669
2,38758,3338,0.0,6034,87,38671
6,38764,3339,1.0,6035,87,38677
6,38770,3339,0.0,6036,87,38683
6,38776,3340,1.0,6037,87,38689
8,38784,3341,1.0,6038,87,38697
6,38790,3342,1.0,6039,87,38703
5,38795,3342,0.0,6040,87,38708
6,38801,3343,1.0,6041,87,38714
10,38811,3344,1.0,6042,87,38724
6,38817,3345,1.0,6043,87,38730
7,38824,3346,1.0,6044,87,38737
9,38833,3347,1.0,6045,87,38746
2,38835,3347,0.0,6046,87,38748
4,38839,3347,0.0,6047,87,38752
5,38844,3347,0.0,6048,87,38757
6,38850,3348,1.0,6049,87,38763
7,38857,3349,1.0,6050,87,38770
10,38867,3350,1.0,6051,87,38780
6,38873,3351,1.0,6052,87,38786
10,38883,3352,1.0,6053,87,38796
8,38891,3353,1.0,6054,87,38804
6,38897,3353,0.0,6055,87,38810
4,38901,3353,0.0,6056,87,38814
6,38907,3354,1.0,6057,87,38820
6,38913,3355,1.0,6058,87,38826
9,38922,3356,1.0,6059,87,38835
6,38928,3357,1.0,6060,87,38841
3,38931,3357,0.0,6061,87,38844
6,38937,3358,1.0,6062,87,38850
6,38943,3359,1.0,6063,87,38856
6,38949,3360,1.0,6064,87,38862
4,38953,3360,0.0,6065,87,38866
2,38955,3360,0.0,6066,87,38868
9,38964,3361,1.0,6067,87,38877
9,38973,3362,1.0,6068,87,38886
8,38981,3363,1.0,6069,87,38894
6,38987,3364,1.0,6070,87,38900
2,38989,3364,0.0,6071,87,38902
8,38997,3365,1.0,6072,87,38910
6,39003,3366,1.0,6073,87,38916
9,39012,3367,1.0,6074,87,38925
9,39021,3368,1.0,6075,87,38934
4,39025,3368,0.0,6076,87,38938
8,39033,3369,1.0,6077,87,38946
6,39039,3370,1.0,6078,87,38952
8,39047,3371,1.0,6079,87,38960
6,39053,3371,0.0,6080,87,38966
4,39057,3371,0.0,6081,87,38970
5,39062,3371,0.0,6082,87,38975
6,39068,3372,1.0,6083,87,38981
4,39072,3372,0.0,6084,87,38985
8,39080,3373,1.0,6085,87,38993
6,39086,3374,1.0,6086,87,38999
7,39093,3375,1.0,6087,87,39006
6,39099,3376,1.0,6088,87,39012
6,39105,3377,1.0,6089,87,39018
8,39113,3378,1.0,6090,87,39026
8,39121,3379,1.0,6091,87,39034
7,39128,3380,1.0,6092,87,39041
4,39132,3380,0.0,6093,87,39045
4,39136,3380,0.0,6094,87,39049
6,39142,3380,0.0,6095,87,39055
6,39148,3381,1.0,6096,87,39061
4,39152,3381,0.0,6097,87,39065
6,39158,3382,1.0,6098,87,39071
7,39165,3383,1.0,6099,87,39078
8,39173,3383,0.0,6100,87,39086
9,39182,3384,1.0,6101,87,39095
8,39190,3385,1.0,6102,87,39103
6,39196,3386,1.0,6103,87,39109
4,39200,3386,0.0,6104,87,39113
2,39202,3386,0.0,6105,87,39115
5,39207,3386,0.0,6106,87,39120
9,39216,3387,1.0,6107,87,39129
11,39227,3388,1.0,6108,87,39140
6,39233,3389,1.0,6109,87,39146
4,39237,3389,0.0,6110,87,39150
9,39246,3390,1.0,6111,87,39159
6,39252,3391,1.0,6112,87,39165
7,39259,3392,1.0,6113,87,39172
11,39270,3393,1.0,6114,87,39183
4,39274,3393,0.0,6115,87,39187
2,39276,3393,0.0,6116,87,39189
6,39282,3394,1.0,6117,87,39195
6,39288,3395,1.0,6118,87,39201
7,39295,3395,0.0,6119,87,39208
6,39301,3396,1.0,6120,87,39214
9,39310,3397,1.0,6121,87,39223
9,39319,3398,1.0,6122,87,39232
8,39327,3399,1.0,6123,87,39240
4,39331,3399,0.0,6124,87,39244
6,39337,3400,1.0,6125,87,39250
9,39346,3400,0.0,6126,87,39259
13,39359,3401,1.0,6127,87,39272
9,39368,3402,1.0,6128,87,39281
7,39375,3402,0.0,6129,87,39288
7,39382,3402,0.0,6130,87,39295
7,39389,3402,0.0,6131,87,39302
2,39391,3402,0.0,6132,87,39304
7,39398,3403,1.0,6133,87,39311
6,39404,3404,1.0,6134,87,39317
6,39410,3405,1.0,6135,87,39323
6,39416,3406,1.0,6136,87,39329
3,39419,3406,0.0,6137,87,39332
6,39425,3407,1.0,6138,87,39338
5,39430,3407,0.0,6139,87,39343
3,39433,3407,0.0,6140,87,39346
8,39441,3408,1.0,6141,87,39354
8,39449,3409,1.0,6142,87,39362
6,39455,3410,1.0,6143,87,39368
9,39464,3411,1.0,6144,87,39377
6,39470,3412,1.0,6145,87,39383
8,39478,3413,1.0,6146,87,39391
9,39487,3414,1.0,6147,87,39400
6,39493,3414,0.0,6148,87,39406
6,39499,3414,0.0,6149,87,39412
8,39507,3415,1.0,6150,87,39420
16,39523,3416,1.0,6151,87,39436
5,39528,3416,0.0,6152,87,39441
7,39535,3417,1.0,6153,87,39448
11,39546,3418,1.0,6154,87,39459
4,39550,3418,0.0,6155,87,39463
2,39552,3418,0.0,6156,87,39465
13,39565,3419,1.0,6157,87,39478
8,39573,3419,0.0,6158,87,39486
6,39579,3420,1.0,6159,87,39492
4,39583,3420,0.0,6160,87,39496
11,39594,3421,1.0,6161,87,39507
6,39600,3422,1.0,6162,87,39513
8,39608,3423,1.0,6163,87,39521
9,39617,3424,1.0,6164,87,39530
6,39623,3425,1.0,6165,87,39536
9,39632,3426,1.0,6166,87,39545
4,39636,3426,0.0,6167,87,39549
5,39641,3426,0.0,6168,87,39554
8,39649,3427,1.0,6169,87,39562
9,39658,3428,1.0,6170,87,39571
6,39664,3429,1.0,6171,87,39577
2,39666,3429,0.0,6172,87,39579
6,39672,3430,1.0,6173,87,39585
5,39677,3430,0.0,6174,87,39590
2,39679,3430,0.0,6175,87,39592
8,39687,3431,1.0,6176,87,39600
3,39690,3431,0.0,6177,87,39603
8,39698,3432,1.0,6178,87,39611
6,39704,3433,1.0,6179,87,39617
2,39706,3433,0.0,6180,87,39619
6,39712,3434,1.0,6181,87,39625
7,39719,3435,1.0,6182,87,39632
9,39728,3436,1.0,6183,87,39641
5,39733,3436,0.0,6184,87,39646
5,39738,3436,0.0,6185,87,39651
10,39748,3437,1.0,6186,87,39661
2,39750,3437,0.0,6187,87,39663
6,39756,3438,1.0,6188,87,39669
12,39768,3439,1.0,6189,87,39681
7,39775,3440,1.0,6190,87,39688
5,39780,3440,0.0,6191,87,39693
4,39784,3440,0.0,6192,87,39697
15,39799,3441,1.0,6193,87,39712
5,39804,3441,0.0,6194,87,39717
7,39811,3441,0.0,6195,87,39724
6,39817,3441,0.0,6196,87,39730
10,39827,3441,0.0,6197,87,39740
4,39831,3441,0.0,6198,87,39744
9,39840,3442,1.0,6199,87,39753
3,39843,3442,0.0,6200,87,39756
8,39851,3443,1.0,6201,87,39764
9,39860,3444,1.0,6202,87,39773
7,39867,3445,1.0,6203,87,39780
12,39879,3446,1.0,6204,87,39792
7,39886,3447,1.0,6205,87,39799
7,39893,3448,1.0,6206,87,39806
6,39899,3449,1.0,6207,87,39812
7,39906,3450,1.0,6208,87,39819
5,39911,3450,0.0,6209,87,39824
6,39917,3451,1.0,6210,87,39830
6,39923,3452,1.0,6211,87,39836
6,39929,3453,1.0,6212,87,39842
2,39931,3453,0.0,6213,87,39844
12,39943,3454,1.0,6214,87,39856
6,39949,3455,1.0,6215,87,39862
4,39953,3455,0.0,6216,87,39866
7,39960,3455,0.0,6217,87,39873
7,39967,3456,1.0,6218,87,39880
6,39973,3457,1.0,6219,87,39886
10,39983,3458,1.0,6220,87,39896
8,39991,3459,1.0,6221,87,39904
5,39996,3459,0.0,6222,87,39909
7,40003,3460,1.0,6223,87,39916
6,40009,3461,1.0,6224,87,39922
2,40011,3461,0.0,6225,87,39924
4,40015,3461,0.0,6226,87,39928
9,40024,3462,1.0,6227,87,39937
6,40030,3463,1.0,6228,87,39943
6,40036,3464,1.0,6229,87,39949
8,40044,3465,1.0,6230,87,39957
6,40050,3465,0.0,6231,87,39963
4,40054,3465,0.0,6232,87,39967
3,40057,3465,0.0,6233,87,39970
8,40065,3466,1.0,6234,87,39978
2,40067,3466,0.0,6235,87,39980
4,40071,3466,0.0,6236,87,39984
6,40077,3467,1.0,6237,87,39990
7,40084,3468,1.0,6238,87,39997
10,40094,3469,1.0,6239,87,40007
11,40105,3470,1.0,6240,87,40018
7,40112,3471,1.0,6241,87,40025
8,40120,3471,0.0,6242,87,40033
4,40124,3471,0.0,6243,87,40037
6,40130,3472,1.0,6244,87,40043
7,40137,3473,1.0,6245,87,40050
3,40140,3473,0.0,6246,87,40053
8,40148,3474,1.0,6247,87,40061
9,40157,3475,1.0,6248,87,40070
7,40164,3476,1.0,6249,87,40077
8,40172,3477,1.0,6250,87,40085
14,40186,3478,1.0,6251,87,40099
3,40189,3478,0.0,6252,87,40102
12,40201,3479,1.0,6253,87,40114
2,40203,3479,0.0,6254,87,40116
8,40211,3480,1.0,6255,87,40124
2,40213,3480,0.0,6256,87,40126
10,40223,3480,0.0,6257,87,40136
4,40227,3480,0.0,6258,87,40140
6,40233,3481,1.0,6259,87,40146
7,40240,3482,1.0,6260,87,40153
4,40244,3482,0.0,6261,87,40157
7,40251,3482,0.0,6262,87,40164
6,40257,3483,1.0,6263,87,40170
6,40263,3484,1.0,6264,87,40176
4,40267,3484,0.0,6265,87,40180
6,40273,3485,1.0,6266,87,40186
7,40280,3485,0.0,6267,87,40193
8,40288,3486,1.0,6268,87,40201
10,40298,3487,1.0,6269,87,40211
5,40303,3487,0.0,6270,87,40216
6,40309,3488,1.0,6271,87,40222
8,40317,3488,0.0,6272,87,40230
6,40323,3488,0.0,6273,87,40236
6,40329,3489,1.0,6274,87,40242
6,40335,3490,1.0,6275,87,40248
5,40340,3490,0.0,6276,87,40253
10,40350,3491,1.0,6277,87,40263
6,40356,3492,1.0,6278,87,40269
9,40365,3493,1.0,6279,87,40278
8,40373,3494,1.0,6280,87,40286
8,40381,3494,0.0,6281,87,40294
11,40392,3495,1.0,6282,87,40305
6,40398,3496,1.0,6283,87,40311
8,40406,3497,1.0,6284,87,40319
8,40414,3498,1.0,6285,87,40327
6,40420,3499,1.0,6286,87,40333
2,40422,3499,0.0,6287,87,40335
8,40430,3500,1.0,6288,87,40343
8,40438,3501,1.0,6289,87,40351
4,40442,3501,0.0,6290,87,40355
4,40446,3501,0.0,6291,87,40359
7,40453,3502,1.0,6292,87,40366
8,40461,3503,1.0,6293,87,40374
13,40474,3504,1.0,6294,87,40387
9,40483,3505,1.0,6295,87,40396
9,40492,3506,1.0,6296,87,40405
6,40498,3506,0.0,6297,87,40411
4,40502,3506,0.0,6298,87,40415
10,40512,3507,1.0,6299,87,40425
3,40515,3507,0.0,6300,87,40428
3,40518,3507,0.0,6301,87,40431
15,40533,3508,1.0,6302,87,40446
6,40539,3508,0.0,6303,87,40452
13,40552,3509,1.0,6304,87,40465
6,40558,3510,1.0,6305,87,40471
8,40566,3511,1.0,6306,87,40479
6,40572,3512,1.0,6307,87,40485
8,40580,3513,1.0,6308,87,40493
2,40582,3513,0.0,6309,87,40495
10,40592,3514,1.0,6310,87,40505
14,40606,3515,1.0,6311,87,40519
6,40612,3515,0.0,6312,87,40525
6,40618,3516,1.0,6313,87,40531
5,40623,3516,0.0,6314,87,40536
6,40629,3517,1.0,6315,87,40542
3,40632,3517,0.0,6316,87,40545
8,40640,3518,1.0,6317,87,40553
7,40647,3519,1.0,6318,87,40560
7,40654,3520,1.0,6319,87,40567
7,40661,3521,1.0,6320,87,40574
7,40668,3522,1.0,6321,87,40581
16,40684,3522,0.0,6322,87,40597
8,40692,3522,0.0,6323,87,40605
6,40698,3523,1.0,6324,87,40611
4,40702,3523,0.0,6325,87,40615
6,40708,3523,0.0,6326,87,40621
2,40710,3523,0.0,6327,87,40623
5,40715,3523,0.0,6328,87,40628
8,40723,3524,1.0,6329,87,40636
2,40725,3524,0.0,6330,87,40638
8,40733,3525,1.0,6331,87,40646
9,40742,3525,0.0,6332,87,40655
6,40748,3526,1.0,6333,87,40661
8,40756,3527,1.0,6334,87,40669
5,40761,3527,0.0,6335,87,40674
8,40769,3528,1.0,6336,87,40682
6,40775,3529,1.0,6337,87,40688
8,40783,3530,1.0,6338,87,40696
6,40789,3531,1.0,6339,87,40702
7,40796,3531,0.0,6340,87,40709
10,40806,3532,1.0,6341,87,40719
3,40809,3532,0.0,6342,87,40722
14,40823,3533,1.0,6343,87,40736
6,40829,3534,1.0,6344,87,40742
9,40838,3535,1.0,6345,87,40751
6,40844,3536,1.0,6346,87,40757
7,40851,3537,1.0,6347,87,40764
8,40859,3537,0.0,6348,87,40772
8,40867,3538,1.0,6349,87,40780
6,40873,3539,1.0,6350,87,40786
7,40880,3540,1.0,6351,87,40793
11,40891,3541,1.0,6352,87,40804
2,40893,3541,0.0,6353,87,40806
6,40899,3542,1.0,6354,87,40812
7,40906,3542,0.0,6355,87,40819
7,40913,3543,1.0,6356,87,40826
7,40920,3544,1.0,6357,87,40833
6,40926,3544,0.0,6358,87,40839
6,40932,3544,0.0,6359,87,40845
8,40940,3545,1.0,6360,87,40853
6,40946,3546,1.0,6361,87,40859
4,40950,3546,0.0,6362,87,40863
16,40966,3547,1.0,6363,87,40879
7,40973,3547,0.0,6364,87,40886
5,40978,3547,0.0,6365,87,40891
2,40980,3547,0.0,6366,87,40893
2,40982,3547,0.0,6367,87,40895
6,40988,3548,1.0,6368,87,40901
8,40996,3549,1.0,6369,87,40909
16,41012,3550,1.0,6370,87,40925
6,41018,3551,1.0,6371,87,40931
7,41025,3552,1.0,6372,87,40938
2,41027,3552,0.0,6373,87,40940
10,41037,3553,1.0,6374,87,40950
5,41042,3553,0.0,6375,87,40955
7,41049,3553,0.0,6376,87,40962
7,41056,3554,1.0,6377,87,40969
6,41062,3555,1.0,6378,87,40975
8,41070,3556,1.0,6379,87,40983
9,41079,3557,1.0,6380,87,40992
6,41085,3557,0.0,6381,87,40998
6,41091,3558,1.0,6382,87,41004
9,41100,3559,1.0,6383,87,41013
6,41106,3560,1.0,6384,87,41019
6,41112,3561,1.0,6385,87,41025
6,41118,3562,1.0,6386,87,41031
6,41124,3563,1.0,6387,87,41037
4,41128,3563,0.0,6388,87,41041
11,41139,3564,1.0,6389,87,41052
10,41149,3564,0.0,6390,87,41062
7,41156,3564,0.0,6391,87,41069
5,41161,3564,0.0,6392,87,41074
2,41163,3564,0.0,6393,87,41076
6,41169,3564,0.0,6394,87,41082
13,41182,3565,1.0,6395,87,41095
9,41191,3566,1.0,6396,87,41104
6,41197,3567,1.0,6397,87,41110
7,41204,3568,1.0,6398,87,41117
8,41212,3569,1.0,6399,87,41125
8,41220,3570,1.0,6400,87,41133
14,41234,3571,1.0,6401,87,41147
8,41242,3572,1.0,6402,87,41155
3,41245,3572,0.0,6403,87,41158
3,41248,3572,0.0,6404,87,41161
2,41250,3572,0.0,6405,87,41163
8,41258,3573,1.0,6406,87,41171
8,41266,3574,1.0,6407,87,41179
6,41272,3575,1.0,6408,87,41185
10,41282,3576,1.0,6409,87,41195
8,41290,3577,1.0,6410,87,41203
8,41298,3578,1.0,6411,87,41211
6,41304,3578,0.0,6412,87,41217
16,41320,3579,1.0,6413,87,41233
5,41325,3579,0.0,6414,87,41238
6,41331,3580,1.0,6415,87,41244
6,41337,3581,1.0,6416,87,41250
9,41346,3582,1.0,6417,87,41259
4,41350,3582,0.0,6418,87,41263
6,41356,3583,1.0,6419,87,41269
12,41368,3584,1.0,6420,87,41281
6,41374,3585,1.0,6421,87,41287
2,41376,3585,0.0,6422,87,41289
5,41381,3585,0.0,6423,87,41294
7,41388,3586,1.0,6424,87,41301
10,41398,3587,1.0,6425,87,41311
5,41403,3587,0.0,6426,87,41316
6,41409,3588,1.0,6427,87,41322
9,41418,3588,0.0,6428,87,41331
6,41424,3588,0.0,6429,87,41337
2,41426,3588,0.0,6430,87,41339
7,41433,3589,1.0,6431,87,41346
5,41438,3589,0.0,6432,87,41351
8,41446,3590,1.0,6433,87,41359
10,41456,3591,1.0,6434,87,41369
4,41460,3591,0.0,6435,87,41373
6,41466,3592,1.0,6436,87,41379
9,41475,3593,1.0,6437,87,41388
11,41486,3594,1.0,6438,87,41399
2,41488,3594,0.0,6439,87,41401
11,41499,3595,1.0,6440,87,41412
8,41507,3596,1.0,6441,87,41420
6,41513,3597,1.0,6442,87,41426
10,41523,3598,1.0,6443,87,41436
2,41525,3598,0.0,6444,87,41438
7,41532,3599,1.0,6445,87,41445
6,41538,3600,1.0,6446,87,41451
8,41546,3601,1.0,6447,87,41459
9,41555,3602,1.0,6448,87,41468
7,41562,3603,1.0,6449,87,41475
11,41573,3604,1.0,6450,87,41486
6,41579,3604,0.0,6451,87,41492
9,41588,3604,0.0,6452,87,41501
2,41590,3604,0.0,6453,87,41503
6,41596,3605,1.0,6454,87,41509
12,41608,3605,0.0,6455,87,41521
10,41618,3606,1.0,6456,87,41531
5,41623,3606,0.0,6457,87,41536
5,41628,3606,0.0,6458,87,41541
8,41636,3607,1.0,6459,87,41549
4,41640,3607,0.0,6460,87,41553
8,41648,3607,0.0,6461,87,41561
8,41656,3608,1.0,6462,87,41569
2,41658,3608,0.0,6463,87,41571
2,41660,3608,0.0,6464,87,41573
13,41673,3609,1.0,6465,87,41586
7,41680,3610,1.0,6466,87,41593
3,41683,3610,0.0,6467,87,41596
5,41688,3610,0.0,6468,87,41601
2,41690,3610,0.0,6469,87,41603
5,41695,3610,0.0,6470,87,41608
10,41705,3610,0.0,6471,87,41618
4,41709,3610,0.0,6472,87,41622
6,41715,3611,1.0,6473,87,41628
3,41718,3611,0.0,6474,87,41631
6,41724,3611,0.0,6475,87,41637
6,41730,3612,1.0,6476,87,41643
5,41735,3612,0.0,6477,87,41648
5,41740,3612,0.0,6478,87,41653
4,41744,3612,0.0,6479,87,41657
7,41751,3613,1.0,6480,87,41664
10,41761,3614,1.0,6481,87,41674
7,41768,3615,1.0,6482,87,41681
7,41775,3615,0.0,6483,87,41688
8,41783,3616,1.0,6484,87,41696
9,41792,3616,0.0,6485,87,41705
8,41800,3617,1.0,6486,87,41713
6,41806,3618,1.0,6487,87,41719
6,41812,3618,0.0,6488,87,41725
15,41827,3619,1.0,6489,87,41740
4,41831,3619,0.0,6490,87,41744
6,41837,3620,1.0,6491,87,41750
8,41845,3621,1.0,6492,87,41758
6,41851,3622,1.0,6493,87,41764
10,41861,3623,1.0,6494,87,41774
2,41863,3623,0.0,6495,87,41776
7,41870,3624,1.0,6496,87,41783
8,41878,3625,1.0,6497,87,41791
11,41889,3626,1.0,6498,87,41802
7,41896,3626,0.0,6499,87,41809
2,41898,3626,0.0,6500,87,41811
4,41902,3626,0.0,6501,87,41815
4,41906,3626,0.0,6502,87,41819
2,41908,3626,0.0,6503,87,41821
14,41922,3627,1.0,6504,87,41835
4,41926,3627,0.0,6505,87,41839
8,41934,3628,1.0,6506,87,41847
8,41942,3629,1.0,6507,87,41855
4,41946,3629,0.0,6508,87,41859
7,41953,3630,1.0,6509,87,41866
7,41960,3631,1.0,6510,87,41873
9,41969,3632,1.0,6511,87,41882
5,41974,3632,0.0,6512,87,41887
2,41976,3632,0.0,6513,87,41889
9,41985,3633,1.0,6514,87,41898
6,41991,3634,1.0,6515,87,41904
2,41993,3634,0.0,6516,87,41906
6,41999,3635,1.0,6517,87,41912
4,42003,3635,0.0,6518,87,41916
7,42010,3636,1.0,6519,87,41923
12,42022,3637,1.0,6520,87,41935
5,42027,3637,0.0,6521,87,41940
2,42029,3637,0.0,6522,87,41942
8,42037,3638,1.0,6523,87,41950
6,42043,3639,1.0,6524,87,41956
4,42047,3639,0.0,6525,87,41960
6,42053,3640,1.0,6526,87,41966
2,42055,3640,0.0,6527,87,41968
7,42062,3641,1.0,6528,87,41975
4,42066,3641,0.0,6529,87,41979
8,42074,3641,0.0,6530,87,41987
6,42080,3642,1.0,6531,87,41993
5,42085,3642,0.0,6532,87,41998
6,42091,3642,0.0,6533,87,42004
4,42095,3642,0.0,6534,87,42008
5,42100,3642,0.0,6535,87,42013
11,42111,3642,0.0,6536,87,42024
7,42118,3643,1.0,6537,87,42031
9,42127,3644,1.0,6538,87,42040
2,42129,3644,0.0,6539,87,42042
4,42133,3644,0.0,6540,87,42046
7,42140,3644,0.0,6541,87,42053
6,42146,3644,0.0,6542,87,42059
10,42156,3644,0.0,6543,87,42069
6,42162,3645,1.0,6544,87,42075
10,42172,3646,1.0,6545,87,42085
6,42178,3647,1.0,6546,87,42091
6,42184,3648,1.0,6547,87,42097
9,42193,3649,1.0,6548,87,42106
9,42202,3650,1.0,6549,87,42115
9,42211,3650,0.0,6550,87,42124
4,42215,3650,0.0,6551,87,42128
6,42221,3651,1.0,6552,87,42134
12,42233,3652,1.0,6553,87,42146
6,42239,3653,1.0,6554,87,42152
6,42245,3654,1.0,6555,87,42158
9,42254,3655,1.0,6556,87,42167
7,42261,3656,1.0,6557,87,42174
4,42265,3656,0.0,6558,87,42178
2,42267,3656,0.0,6559,87,42180
6,42273,3657,1.0,6560,87,42186
6,42279,3658,1.0,6561,87,42192
2,42281,3658,0.0,6562,87,42194
6,42287,3659,1.0,6563,87,42200
4,42291,3659,0.0,6564,87,42204
6,42297,3660,1.0,6565,87,42210
7,42304,3661,1.0,6566,87,42217
5,42309,3661,0.0,6567,87,42222
6,42315,3662,1.0,6568,87,42228
5,42320,3662,0.0,6569,87,42233
8,42328,3663,1.0,6570,87,42241
7,42335,3663,0.0,6571,87,42248
10,42345,3664,1.0,6572,87,42258
6,42351,3664,0.0,6573,87,42264
7,42358,3665,1.0,6574,87,42271
6,42364,3666,1.0,6575,87,42277
11,42375,3667,1.0,6576,87,42288
6,42381,3668,1.0,6577,87,42294
6,42387,3669,1.0,6578,87,42300
12,42399,3670,1.0,6579,87,42312
9,42408,3671,1.0,6580,87,42321
9,42417,3672,1.0,6581,87,42330
7,42424,3672,0.0,6582,87,42337
6,42430,3673,1.0,6583,87,42343
11,42441,3674,1.0,6584,87,42354
4,42445,3674,0.0,6585,87,42358
8,42453,3675,1.0,6586,87,42366
8,42461,3676,1.0,6587,87,42374
2,42463,3676,0.0,6588,87,42376
4,42467,3676,0.0,6589,87,42380
7,42474,3677,1.0,6590,87,42387
2,42476,3677,0.0,6591,87,42389
8,42484,3678,1.0,6592,87,42397
7,42491,3679,1.0,6593,87,42404
6,42497,3680,1.0,6594,87,42410
12,42509,3681,1.0,6595,87,42422
9,42518,3682,1.0,6596,87,42431
8,42526,3683,1.0,6597,87,42439
6,42532,3684,1.0,6598,87,42445
8,42540,3685,1.0,6599,87,42453
6,42546,3686,1.0,6600,87,42459
6,42552,3687,1.0,6601,87,42465
6,42558,3688,1.0,6602,87,42471
2,42560,3688,0.0,6603,87,42473
2,42562,3688,0.0,6604,87,42475
11,42573,3689,1.0,6605,87,42486
9,42582,3690,1.0,6606,87,42495
9,42591,3691,1.0,6607,87,42504
6,42597,3692,1.0,6608,87,42510
4,42601,3692,0.0,6609,87,42514
10,42611,3693,1.0,6610,87,42524
6,42617,3693,0.0,6611,87,42530
4,42621,3693,0.0,6612,87,42534
8,42629,3694,1.0,6613,87,42542
8,42637,3695,1.0,6614,87,42550
6,42643,3696,1.0,6615,87,42556
4,42647,3696,0.0,6616,87,42560
11,42658,3696,0.0,6617,87,42571
7,42665,3697,1.0,6618,87,42578
6,42671,3698,1.0,6619,87,42584
16,42687,3699,1.0,6620,87,42600
4,42691,3699,0.0,6621,87,42604
8,42699,3699,0.0,6622,87,42612
5,42704,3699,0.0,6623,87,42617
2,42706,3699,0.0,6624,87,42619
10,42716,3700,1.0,6625,87,42629
4,42720,3700,0.0,6626,87,42633
6,42726,3701,1.0,6627,87,42639
2,42728,3701,0.0,6628,87,42641
6,42734,3702,1.0,6629,87,42647
6,42740,3703,1.0,6630,87,42653
8,42748,3703,0.0,6631,87,42661
11,42759,3704,1.0,6632,87,42672
9,42768,3705,1.0,6633,87,42681
13,42781,3706,1.0,6634,87,42694
8,42789,3707,1.0,6635,87,42702
10,42799,3708,1.0,6636,87,42712
6,42805,3709,1.0,6637,87,42718
8,42813,3710,1.0,6638,87,42726
7,42820,3711,1.0,6639,87,42733
6,42826,3712,1.0,6640,87,42739
8,42834,3712,0.0,6641,87,42747
13,42847,3713,1.0,6642,87,42760
6,42853,3714,1.0,6643,87,42766
7,42860,3715,1.0,6644,87,42773
12,42872,3716,1.0,6645,87,42785
3,42875,3716,0.0,6646,87,42788
9,42884,3717,1.0,6647,87,42797
6,42890,3718,1.0,6648,87,42803
9,42899,3719,1.0,6649,87,42812
7,42906,3720,1.0,6650,87,42819
6,42912,3721,1.0,6651,87,42825
8,42920,3722,1.0,6652,87,42833
6,42926,3723,1.0,6653,87,42839
7,42933,3724,1.0,6654,87,42846
12,42945,3725,1.0,6655,87,42858
6,42951,3725,0.0,6656,87,42864
8,42959,3726,1.0,6657,87,42872
5,42964,3726,0.0,6658,87,42877
6,42970,3727,1.0,6659,87,42883
10,42980,3728,1.0,6660,87,42893
4,42984,3728,0.0,6661,87,42897
7,42991,3729,1.0,6662,87,42904
5,42996,3729,0.0,6663,87,42909
2,42998,3729,0.0,6664,87,42911
9,43007,3730,1.0,6665,87,42920
6,43013,3731,1.0,6666,87,42926
9,43022,3732,1.0,6667,87,42935
8,43030,3733,1.0,6668,87,42943
6,43036,3734,1.0,6669,87,42949
9,43045,3734,0.0,6670,87,42958
6,43051,3735,1.0,6671,87,42964
4,43055,3735,0.0,6672,87,42968
4,43059,3735,0.0,6673,87,42972
10,43069,3736,1.0,6674,87,42982
5,43074,3736,0.0,6675,87,42987
9,43083,3737,1.0,6676,87,42996
4,43087,3737,0.0,6677,87,43000
9,43096,3738,1.0,6678,87,43009
4,43100,3738,0.0,6679,87,43013
9,43109,3739,1.0,6680,87,43022
6,43115,3740,1.0,6681,87,43028
11,43126,3741,1.0,6682,87,43039
2,43128,3741,0.0,6683,87,43041
4,43132,3741,0.0,6684,87,43045
15,43147,3742,1.0,6685,87,43060
4,43151,3742,0.0,6686,87,43064
12,43163,3743,1.0,6687,87,43076
6,43169,3744,1.0,6688,87,43082
8,43177,3744,0.0,6689,87,43090
6,43183,3745,1.0,6690,87,43096
8,43191,3746,1.0,6691,87,43104
2,43193,3746,0.0,6692,87,43106
3,43196,3746,0.0,6693,87,43109
9,43205,3747,1.0,6694,87,43118
6,43211,3747,0.0,6695,87,43124
6,43217,3748,1.0,6696,87,43130
7,43224,3748,0.0,6697,87,43137
4,43228,3748,0.0,6698,87,43141
8,43236,3749,1.0,6699,87,43149
11,43247,3750,1.0,6700,87,43160
7,43254,3751,1.0,6701,87,43167
6,43260,3751,0.0,6702,87,43173
6,43266,3752,1.0,6703,87,43179
4,43270,3752,0.0,6704,87,43183
3,43273,3752,0.0,6705,87,43186
5,43278,3752,0.0,6706,87,43191
8,43286,3753,1.0,6707,87,43199
9,43295,3754,1.0,6708,87,43208
6,43301,3754,0.0,6709,87,43214
10,43311,3754,0.0,6710,87,43224
10,43321,3755,1.0,6711,87,43234
4,43325,3755,0.0,6712,87,43238
12,43337,3756,1.0,6713,87,43250
6,43343,3757,1.0,6714,87,43256
8,43351,3758,1.0,6715,87,43264
8,43359,3758,0.0,6716,87,43272
6,43365,3759,1.0,6717,87,43278
7,43372,3760,1.0,6718,87,43285
7,43379,3761,1.0,6719,87,43292
4,43383,3761,0.0,6720,87,43296
7,43390,3762,1.0,6721,87,43303
2,43392,3762,0.0,6722,87,43305
5,43397,3762,0.0,6723,87,43310
3,43400,3762,0.0,6724,87,43313
6,43406,3762,0.0,6725,87,43319
9,43415,3763,1.0,6726,87,43328
6,43421,3763,0.0,6727,87,43334
11,43432,3763,0.0,6728,87,43345
6,43438,3764,1.0,6729,87,43351
8,43446,3765,1.0,6730,87,43359
6,43452,3766,1.0,6731,87,43365
4,43456,3766,0.0,6732,87,43369
6,43462,3766,0.0,6733,87,43375
9,43471,3767,1.0,6734,87,43384
8,43479,3768,1.0,6735,87,43392
5,43484,3768,0.0,6736,87,43397
11,43495,3768,0.0,6737,87,43408
2,43497,3768,0.0,6738,87,43410
6,43503,3769,1.0,6739,87,43416
6,43509,3770,1.0,6740,87,43422
6,43515,3771,1.0,6741,87,43428
6,43521,3772,1.0,6742,87,43434
4,43525,3772,0.0,6743,87,43438
11,43536,3773,1.0,6744,87,43449
8,43544,3774,1.0,6745,87,43457
4,43548,3774,0.0,6746,87,43461
6,43554,3775,1.0,6747,87,43467
4,43558,3775,0.0,6748,87,43471
6,43564,3776,1.0,6749,87,43477
2,43566,3776,0.0,6750,87,43479
9,43575,3777,1.0,6751,87,43488
10,43585,3778,1.0,6752,87,43498
6,43591,3779,1.0,6753,87,43504
8,43599,3780,1.0,6754,87,43512
7,43606,3781,1.0,6755,87,43519
5,43611,3781,0.0,6756,87,43524
8,43619,3782,1.0,6757,87,43532
7,43626,3783,1.0,6758,87,43539
11,43637,3784,1.0,6759,87,43550
15,43652,3784,0.0,6760,87,43565
6,43658,3785,1.0,6761,87,43571
4,43662,3785,0.0,6762,87,43575
2,43664,3785,0.0,6763,87,43577
2,43666,3785,0.0,6764,87,43579
7,43673,3785,0.0,6765,87,43586
6,43679,3786,1.0,6766,87,43592
7,43686,3786,0.0,6767,87,43599
12,43698,3787,1.0,6768,87,43611
7,43705,3788,1.0,6769,87,43618
4,43709,3788,0.0,6770,87,43622
2,43711,3788,0.0,6771,87,43624
6,43717,3789,1.0,6772,87,43630
2,43719,3789,0.0,6773,87,43632
14,43733,3790,1.0,6774,87,43646
6,43739,3791,1.0,6775,87,43652
3,43742,3791,0.0,6776,87,43655
6,43748,3791,0.0,6777,87,43661
6,43754,3792,1.0,6778,87,43667
8,43762,3793,1.0,6779,87,43675
6,43768,3794,1.0,6780,87,43681
2,43770,3794,0.0,6781,87,43683
10,43780,3795,1.0,6782,87,43693
5,43785,3795,0.0,6783,87,43698
4,43789,3795,0.0,6784,87,43702
2,43791,3795,0.0,6785,87,43704
4,43795,3795,0.0,6786,87,43708
6,43801,3796,1.0,6787,87,43714
6,43807,3797,1.0,6788,87,43720
8,43815,3798,1.0,6789,87,43728
8,43823,3799,1.0,6790,87,43736
6,43829,3799,0.0,6791,87,43742
6,43835,3800,1.0,6792,87,43748
2,43837,3800,0.0,6793,87,43750
10,43847,3801,1.0,6794,87,43760
6,43853,3802,1.0,6795,87,43766
6,43859,3803,1.0,6796,87,43772
4,43863,3803,0.0,6797,87,43776
5,43868,3803,0.0,6798,87,43781
7,43875,3804,1.0,6799,87,43788
4,43879,3804,0.0,6800,87,43792
2,43881,3804,0.0,6801,87,43794
8,43889,3805,1.0,6802,87,43802
6,43895,3806,1.0,6803,87,43808
6,43901,3807,1.0,6804,87,43814
7,43908,3808,1.0,6805,87,43821
8,43916,3809,1.0,6806,87,43829
6,43922,3810,1.0,6807,87,43835
6,43928,3811,1.0,6808,87,43841
6,43934,3812,1.0,6809,87,43847
17,43951,3813,1.0,6810,87,43864
10,43961,3814,1.0,6811,87,43874
8,43969,3815,1.0,6812,87,43882
11,43980,3816,1.0,6813,87,43893
10,43990,3817,1.0,6814,87,43903
4,43994,3817,0.0,6815,87,43907
5,43999,3817,0.0,6816,87,43912
9,44008,3818,1.0,6817,87,43921
9,44017,3819,1.0,6818,87,43930
5,44022,3819,0.0,6819,87,43935
9,44031,3820,1.0,6820,87,43944
5,44036,3820,0.0,6821,87,43949
7,44043,3821,1.0,6822,87,43956
3,44046,3821,0.0,6823,87,43959
9,44055,3822,1.0,6824,87,43968
9,44064,3823,1.0,6825,87,43977
9,44073,3824,1.0,6826,87,43986
3,44076,3824,0.0,6827,87,43989
7,44083,3825,1.0,6828,87,43996
2,44085,3825,0.0,6829,87,43998
8,44093,3826,1.0,6830,87,44006
11,44104,3826,0.0,6831,87,44017
10,44114,3827,1.0,6832,87,44027
6,44120,3828,1.0,6833,87,44033
15,44135,3829,1.0,6834,87,44048
5,44140,3829,0.0,6835,87,44053
2,44142,3829,0.0,6836,87,44055
6,44148,3830,1.0,6837,87,44061
10,44158,3830,0.0,6838,87,44071
8,44166,3831,1.0,6839,87,44079
6,44172,3831,0.0,6840,87,44085
2,44174,3831,0.0,6841,87,44087
7,44181,3832,1.0,6842,87,44094
7,44188,3833,1.0,6843,87,44101
13,44201,3834,1.0,6844,87,44114
2,44203,3834,0.0,6845,87,44116
2,44205,3834,0.0,6846,87,44118
5,44210,3834,0.0,6847,87,44123
7,44217,3835,1.0,6848,87,44130
11,44228,3836,1.0,6849,87,44141
2,44230,3836,0.0,6850,87,44143
2,44232,3836,0.0,6851,87,44145
7,44239,3836,0.0,6852,87,44152
12,44251,3837,1.0,6853,87,44164
4,44255,3837,0.0,6854,87,44168
5,44260,3837,0.0,6855,87,44173
8,44268,3838,1.0,6856,87,44181
7,44275,3839,1.0,6857,87,44188
8,44283,3840,1.0,6858,87,44196
4,44287,3840,0.0,6859,87,44200
13,44300,3841,1.0,6860,87,44213
8,44308,3842,1.0,6861,87,44221
8,44316,3842,0.0,6862,87,44229
19,44335,3843,1.0,6863,87,44248
8,44343,3844,1.0,6864,87,44256
4,44347,3844,0.0,6865,87,44260
4,44351,3844,0.0,6866,87,44264
8,44359,3844,0.0,6867,87,44272
6,44365,3845,1.0,6868,87,44278
6,44371,3846,1.0,6869,87,44284
6,44377,3847,1.0,6870,87,44290
2,44379,3847,0.0,6871,87,44292
2,44381,3847,0.0,6872,87,44294
2,44383,3847,0.0,6873,87,44296
2,44385,3847,0.0,6874,87,44298
9,44394,3847,0.0,6875,87,44307
6,44400,3848,1.0,6876,87,44313
9,44409,3849,1.0,6877,87,44322
4,44413,3849,0.0,6878,87,44326
2,44415,3849,0.0,6879,87,44328
6,44421,3850,1.0,6880,87,44334
10,44431,3851,1.0,6881,87,44344
11,44442,3852,1.0,6882,87,44355
8,44450,3853,1.0,6883,87,44363
6,44456,3854,1.0,6884,87,44369
7,44463,3855,1.0,6885,87,44376
4,44467,3855,0.0,6886,87,44380
10,44477,3856,1.0,6887,87,44390
10,44487,3857,1.0,6888,87,44400
10,44497,3857,0.0,6889,87,44410
6,44503,3858,1.0,6890,87,44416
5,44508,3858,0.0,6891,87,44421
6,44514,3859,1.0,6892,87,44427
7,44521,3860,1.0,6893,87,44434
6,44527,3861,1.0,6894,87,44440
6,44533,3862,1.0,6895,87,44446
4,44537,3862,0.0,6896,87,44450
4,44541,3862,0.0,6897,87,44454
4,44545,3862,0.0,6898,87,44458
7,44552,3863,1.0,6899,87,44465
6,44558,3864,1.0,6900,87,44471
6,44564,3865,1.0,6901,87,44477
7,44571,3866,1.0,6902,87,44484
7,44578,3867,1.0,6903,87,44491
6,44584,3868,1.0,6904,87,44497
14,44598,3869,1.0,6905,87,44511
8,44606,3870,1.0,6906,87,44519
6,44612,3870,0.0,6907,87,44525
8,44620,3871,1.0,6908,87,44533
11,44631,3872,1.0,6909,87,44544
7,44638,3873,1.0,6910,87,44551
4,44642,3873,0.0,6911,87,44555
14,44656,3874,1.0,6912,87,44569
8,44664,3875,1.0,6913,87,44577
2,44666,3875,0.0,6914,87,44579
9,44675,3876,1.0,6915,87,44588
3,44678,3876,0.0,6916,87,44591
5,44683,3876,0.0,6917,87,44596
10,44693,3877,1.0,6918,87,44606
7,44700,3878,1.0,6919,87,44613
7,44707,3879,1.0,6920,87,44620
6,44713,3880,1.0,6921,87,44626
6,44719,3881,1.0,6922,87,44632
6,44725,3882,1.0,6923,87,44638
6,44731,3883,1.0,6924,87,44644
7,44738,3883,0.0,6925,87,44651
4,44742,3883,0.0,6926,87,44655
7,44749,3883,0.0,6927,87,44662
6,44755,3884,1.0,6928,87,44668
6,44761,3885,1.0,6929,87,44674
4,44765,3885,0.0,6930,87,44678
6,44771,3886,1.0,6931,87,44684
6,44777,3887,1.0,6932,87,44690
8,44785,3888,1.0,6933,87,44698
10,44795,3889,1.0,6934,87,44708
4,44799,3889,0.0,6935,87,44712
6,44805,3890,1.0,6936,87,44718
6,44811,3891,1.0,6937,87,44724
9,44820,3892,1.0,6938,87,44733
7,44827,3893,1.0,6939,87,44740
8,44835,3893,0.0,6940,87,44748
10,44845,3894,1.0,6941,87,44758
10,44855,3895,1.0,6942,87,44768
3,44858,3895,0.0,6943,87,44771
8,44866,3895,0.0,6944,87,44779
6,44872,3896,1.0,6945,87,44785
6,44878,3897,1.0,6946,87,44791
6,44884,3898,1.0,6947,87,44797
9,44893,3899,1.0,6948,87,44806
2,44895,3899,0.0,6949,87,44808
7,44902,3900,1.0,6950,87,44815
9,44911,3901,1.0,6951,87,44824
8,44919,3902,1.0,6952,87,44832
6,44925,3903,1.0,6953,87,44838
2,44927,3903,0.0,6954,87,44840
8,44935,3904,1.0,6955,87,44848
5,44940,3904,0.0,6956,87,44853
8,44948,3905,1.0,6957,87,44861
7,44955,3906,1.0,6958,87,44868
11,44966,3906,0.0,6959,87,44879
3,44969,3906,0.0,6960,87,44882
4,44973,3906,0.0,6961,87,44886
4,44977,3906,0.0,6962,87,44890
7,44984,3907,1.0,6963,87,44897
4,44988,3907,0.0,6964,87,44901
6,44994,3908,1.0,6965,87,44907
3,44997,3908,0.0,6966,87,44910
9,45006,3909,1.0,6967,87,44919
7,45013,3910,1.0,6968,87,44926
3,45016,3910,0.0,6969,87,44929
4,45020,3910,0.0,6970,87,44933
2,45022,3910,0.0,6971,87,44935
7,45029,3911,1.0,6972,87,44942
4,45033,3911,0.0,6973,87,44946
4,45037,3911,0.0,6974,87,44950
7,45044,3912,1.0,6975,87,44957
4,45048,3912,0.0,6976,87,44961
6,45054,3913,1.0,6977,87,44967
6,45060,3913,0.0,6978,87,44973
4,45064,3913,0.0,6979,87,44977
9,45073,3913,0.0,6980,87,44986
6,45079,3913,0.0,6981,87,44992
4,45083,3913,0.0,6982,87,44996
2,45085,3913,0.0,6983,87,44998
11,45096,3913,0.0,6984,87,45009
5,45101,3913,0.0,6985,87,45014
12,45113,3914,1.0,6986,87,45026
5,45118,3914,0.0,6987,87,45031
2,45120,3914,0.0,6988,87,45033
8,45128,3915,1.0,6989,87,45041
4,45132,3915,0.0,6990,87,45045
4,45136,3915,0.0,6991,87,45049
7,45143,3916,1.0,6992,87,45056
8,45151,3917,1.0,6993,87,45064
7,45158,3918,1.0,6994,87,45071
7,45165,3918,0.0,6995,87,45078
5,45170,3918,0.0,6996,87,45083
3,45173,3918,0.0,6997,87,45086
6,45179,3919,1.0,6998,87,45092
6,45185,3919,0.0,6999,87,45098
10,45195,3920,1.0,7000,87,45108
8,45203,3920,0.0,7001,87,45116
12,45215,3921,1.0,7002,87,45128
6,45221,3922,1.0,7003,87,45134
13,45234,3923,1.0,7004,87,45147
7,45241,3923,0.0,7005,87,45154
8,45249,3924,1.0,7006,87,45162
7,45256,3925,1.0,7007,87,45169
7,45263,3925,0.0,7008,87,45176
11,45274,3926,1.0,7009,87,45187
4,45278,3926,0.0,7010,87,45191
7,45285,3926,0.0,7011,87,45198
8,45293,3927,1.0,7012,87,45206
4,45297,3927,0.0,7013,87,45210
15,45312,3927,0.0,7014,87,45225
2,45314,3927,0.0,7015,87,45227
4,45318,3927,0.0,7016,87,45231
6,45324,3927,0.0,7017,87,45237
4,45328,3927,0.0,7018,87,45241
6,45334,3928,1.0,7019,87,45247
9,45343,3929,1.0,7020,87,45256
7,45350,3930,1.0,7021,87,45263
4,45354,3930,0.0,7022,87,45267
3,45357,3930,0.0,7023,87,45270
4,45361,3930,0.0,7024,87,45274
2,45363,3930,0.0,7025,87,45276
4,45367,3930,0.0,7026,87,45280
6,45373,3931,1.0,7027,87,45286
6,45379,3932,1.0,7028,87,45292
9,45388,3933,1.0,7029,87,45301
2,45390,3933,0.0,7030,87,45303
5,45395,3933,0.0,7031,87,45308
5,45400,3933,0.0,7032,87,45313
6,45406,3934,1.0,7033,87,45319
2,45408,3934,0.0,7034,87,45321
4,45412,3934,0.0,7035,87,45325
6,45418,3935,1.0,7036,87,45331
6,45424,3936,1.0,7037,87,45337
7,45431,3937,1.0,7038,87,45344
2,45433,3937,0.0,7039,87,45346
7,45440,3938,1.0,7040,87,45353
6,45446,3939,1.0,7041,87,45359
2,45448,3939,0.0,7042,87,45361
6,45454,3940,1.0,7043,87,45367
2,45456,3940,0.0,7044,87,45369
11,45467,3941,1.0,7045,87,45380
6,45473,3942,1.0,7046,87,45386
8,45481,3942,0.0,7047,87,45394
3,45484,3942,0.0,7048,87,45397
2,45486,3942,0.0,7049,87,45399
6,45492,3943,1.0,7050,87,45405
3,45495,3943,0.0,7051,87,45408
6,45501,3944,1.0,7052,87,45414
8,45509,3945,1.0,7053,87,45422
9,45518,3946,1.0,7054,87,45431
2,45520,3946,0.0,7055,87,45433
15,45535,3947,1.0,7056,87,45448
9,45544,3947,0.0,7057,87,45457
7,45551,3948,1.0,7058,87,45464
6,45557,3949,1.0,7059,87,45470
14,45571,3949,0.0,7060,87,45484
5,45576,3949,0.0,7061,87,45489
9,45585,3950,1.0,7062,87,45498
3,45588,3950,0.0,7063,87,45501
9,45597,3951,1.0,7064,87,45510
4,45601,3951,0.0,7065,87,45514
8,45609,3952,1.0,7066,87,45522
7,45616,3953,1.0,7067,87,45529
6,45622,3954,1.0,7068,87,45535
7,45629,3955,1.0,7069,87,45542
8,45637,3956,1.0,7070,87,45550
6,45643,3957,1.0,7071,87,45556
6,45649,3958,1.0,7072,87,45562
8,45657,3958,0.0,7073,87,45570
8,45665,3959,1.0,7074,87,45578
9,45674,3959,0.0,7075,87,45587
6,45680,3960,1.0,7076,87,45593
8,45688,3961,1.0,7077,87,45601
2,45690,3961,0.0,7078,87,45603
8,45698,3961,0.0,7079,87,45611
10,45708,3962,1.0,7080,87,45621
4,45712,3962,0.0,7081,87,45625
7,45719,3962,0.0,7082,87,45632
5,45724,3962,0.0,7083,87,45637
5,45729,3962,0.0,7084,87,45642
4,45733,3962,0.0,7085,87,45646
4,45737,3962,0.0,7086,87,45650
6,45743,3962,0.0,7087,87,45656
6,45749,3962,0.0,7088,87,45662
7,45756,3963,1.0,7089,87,45669
2,45758,3963,0.0,7090,87,45671
10,45768,3964,1.0,7091,87,45681
7,45775,3965,1.0,7092,87,45688
5,45780,3965,0.0,7093,87,45693
6,45786,3966,1.0,7094,87,45699
6,45792,3967,1.0,7095,87,45705
4,45796,3967,0.0,7096,87,45709
7,45803,3968,1.0,7097,87,45716
6,45809,3969,1.0,7098,87,45722
8,45817,3970,1.0,7099,87,45730
4,45821,3970,0.0,7100,87,45734
2,45823,3970,0.0,7101,87,45736
8,45831,3971,1.0,7102,87,45744
7,45838,3972,1.0,7103,87,45751
5,45843,3972,0.0,7104,87,45756
6,45849,3973,1.0,7105,87,45762
7,45856,3974,1.0,7106,87,45769
2,45858,3974,0.0,7107,87,45771
2,45860,3974,0.0,7108,87,45773
6,45866,3975,1.0,7109,87,45779
4,45870,3975,0.0,7110,87,45783
10,45880,3975,0.0,7111,87,45793
7,45887,3976,1.0,7112,87,45800
8,45895,3977,1.0,7113,87,45808
6,45901,3978,1.0,7114,87,45814
10,45911,3979,1.0,7115,87,45824
2,45913,3979,0.0,7116,87,45826
8,45921,3979,0.0,7117,87,45834
8,45929,3979,0.0,7118,87,45842
8,45937,3979,0.0,7119,87,45850
9,45946,3979,0.0,7120,87,45859
4,45950,3979,0.0,7121,87,45863
10,45960,3980,1.0,7122,87,45873
6,45966,3980,0.0,7123,87,45879
11,45977,3981,1.0,7124,87,45890
10,45987,3982,1.0,7125,87,45900
8,45995,3983,1.0,7126,87,45908
2,45997,3983,0.0,7127,87,45910
6,46003,3984,1.0,7128,87,45916
6,46009,3985,1.0,7129,87,45922
7,46016,3985,0.0,7130,87,45929
8,46024,3985,0.0,7131,87,45937
6,46030,3986,1.0,7132,87,45943
6,46036,3987,1.0,7133,87,45949
10,46046,3988,1.0,7134,87,45959
5,46051,3988,0.0,7135,87,45964
4,46055,3988,0.0,7136,87,45968
6,46061,3989,1.0,7137,87,45974
9,46070,3989,0.0,7138,87,45983
6,46076,3990,1.0,7139,87,45989
11,46087,3990,0.0,7140,87,46000
8,46095,3991,1.0,7141,87,46008
2,46097,3991,0.0,7142,87,46010
10,46107,3992,1.0,7143,87,46020
3,46110,3992,0.0,7144,87,46023
6,46116,3993,1.0,7145,87,46029
4,46120,3993,0.0,7146,87,46033
4,46124,3993,0.0,7147,87,46037
4,46128,3993,0.0,7148,87,46041
5,46133,3993,0.0,7149,87,46046
4,46137,3993,0.0,7150,87,46050
8,46145,3994,1.0,7151,87,46058
2,46147,3994,0.0,7152,87,46060
6,46153,3995,1.0,7153,87,46066
6,46159,3995,0.0,7154,87,46072
12,46171,3996,1.0,7155,87,46084
6,46177,3997,1.0,7156,87,46090
8,46185,3998,1.0,7157,87,46098
10,46195,3999,1.0,7158,87,46108
15,46210,3999,0.0,7159,87,46123
2,46212,3999,0.0,7160,87,46125
9,46221,4000,1.0,7161,87,46134
6,46227,4001,1.0,7162,87,46140
3,46230,4001,0.0,7163,87,46143
6,46236,4002,1.0,7164,87,46149
4,46240,4002,0.0,7165,87,46153
7,46247,4002,0.0,7166,87,46160
4,46251,4002,0.0,7167,87,46164
9,46260,4003,1.0,7168,87,46173
6,46266,4004,1.0,7169,87,46179
4,46270,4004,0.0,7170,87,46183
4,46274,4004,0.0,7171,87,46187
7,46281,4005,1.0,7172,87,46194
7,46288,4006,1.0,7173,87,46201
11,46299,4007,1.0,7174,87,46212
4,46303,4007,0.0,7175,87,46216
7,46310,4008,1.0,7176,87,46223
7,46317,4009,1.0,7177,87,46230
6,46323,4010,1.0,7178,87,46236
6,46329,4011,1.0,7179,87,46242
2,46331,4011,0.0,7180,87,46244
8,46339,4012,1.0,7181,87,46252
7,46346,4013,1.0,7182,87,46259
6,46352,4014,1.0,7183,87,46265
7,46359,4015,1.0,7184,87,46272
5,46364,4015,0.0,7185,87,46277
8,46372,4016,1.0,7186,87,46285
2,46374,4016,0.0,7187,87,46287
2,46376,4016,0.0,7188,87,46289
6,46382,4017,1.0,7189,87,46295
13,46395,4018,1.0,7190,87,46308
5,46400,4018,0.0,7191,87,46313
8,46408,4019,1.0,7192,87,46321
4,46412,4019,0.0,7193,87,46325
5,46417,4019,0.0,7194,87,46330
9,46426,4019,0.0,7195,87,46339
6,46432,4020,1.0,7196,87,46345
7,46439,4020,0.0,7197,87,46352
6,46445,4020,0.0,7198,87,46358
12,46457,4021,1.0,7199,87,46370
4,46461,4021,0.0,7200,87,46374
3,46464,4021,0.0,7201,87,46377
8,46472,4022,1.0,7202,87,46385
7,46479,4023,1.0,7203,87,46392
6,46485,4024,1.0,7204,87,46398
7,46492,4025,1.0,7205,87,46405
6,46498,4026,1.0,7206,87,46411
6,46504,4027,1.0,7207,87,46417
6,46510,4028,1.0,7208,87,46423
13,46523,4029,1.0,7209,87,46436
6,46529,4030,1.0,7210,87,46442
2,46531,4030,0.0,7211,87,46444
10,46541,4031,1.0,7212,87,46454
7,46548,4032,1.0,7213,87,46461
7,46555,4033,1.0,7214,87,46468
8,46563,4034,1.0,7215,87,46476
7,46570,4035,1.0,7216,87,46483
11,46581,4036,1.0,7217,87,46494
6,46587,4036,0.0,7218,87,46500
8,46595,4037,1.0,7219,87,46508
13,46608,4038,1.0,7220,87,46521
6,46614,4039,1.0,7221,87,46527
4,46618,4039,0.0,7222,87,46531
12,46630,4040,1.0,7223,87,46543
4,46634,4040,0.0,7224,87,46547
6,46640,4040,0.0,7225,87,46553
7,46647,4041,1.0,7226,87,46560
4,46651,4041,0.0,7227,87,46564
6,46657,4042,1.0,7228,87,46570
6,46663,4043,1.0,7229,87,46576
7,46670,4044,1.0,7230,87,46583
6,46676,4045,1.0,7231,87,46589
5,46681,4045,0.0,7232,87,46594
9,46690,4046,1.0,7233,87,46603
6,46696,4047,1.0,7234,87,46609
5,46701,4047,0.0,7235,87,46614
6,46707,4048,1.0,7236,87,46620
6,46713,4049,1.0,7237,87,46626
9,46722,4050,1.0,7238,87,46635
4,46726,4050,0.0,7239,87,46639
6,46732,4051,1.0,7240,87,46645
5,46737,4051,0.0,7241,87,46650
6,46743,4052,1.0,7242,87,46656
6,46749,4053,1.0,7243,87,46662
4,46753,4053,0.0,7244,87,46666
4,46757,4053,0.0,7245,87,46670
7,46764,4054,1.0,7246,87,46677
6,46770,4054,0.0,7247,87,46683
2,46772,4054,0.0,7248,87,46685
8,46780,4055,1.0,7249,87,46693
4,46784,4055,0.0,7250,87,46697
6,46790,4056,1.0,7251,87,46703
5,46795,4056,0.0,7252,87,46708
10,46805,4056,0.0,7253,87,46718
6,46811,4056,0.0,7254,87,46724
6,46817,4056,0.0,7255,87,46730
7,46824,4056,0.0,7256,87,46737
4,46828,4056,0.0,7257,87,46741
7,46835,4057,1.0,7258,87,46748
4,46839,4057,0.0,7259,87,46752
8,46847,4058,1.0,7260,87,46760
2,46849,4058,0.0,7261,87,46762
2,46851,4058,0.0,7262,87,46764
7,46858,4059,1.0,7263,87,46771
8,46866,4059,0.0,7264,87,46779
4,46870,4059,0.0,7265,87,46783
8,46878,4060,1.0,7266,87,46791
6,46884,4061,1.0,7267,87,46797
8,46892,4062,1.0,7268,87,46805
6,46898,4063,1.0,7269,87,46811
7,46905,4064,1.0,7270,87,46818
6,46911,4064,0.0,7271,87,46824
7,46918,4065,1.0,7272,87,46831
4,46922,4065,0.0,7273,87,46835
6,46928,4066,1.0,7274,87,46841
4,46932,4066,0.0,7275,87,46845
10,46942,4066,0.0,7276,87,46855
6,46948,4067,1.0,7277,87,46861
6,46954,4068,1.0,7278,87,46867
7,46961,4069,1.0,7279,87,46874
2,46963,4069,0.0,7280,87,46876
7,46970,4069,0.0,7281,87,46883
2,46972,4069,0.0,7282,87,46885
8,46980,4070,1.0,7283,87,46893
2,46982,4070,0.0,7284,87,46895
4,46986,4070,0.0,7285,87,46899
7,46993,4071,1.0,7286,87,46906
4,46997,4071,0.0,7287,87,46910
9,47006,4072,1.0,7288,87,46919
9,47015,4072,0.0,7289,87,46928
7,47022,4073,1.0,7290,87,46935
10,47032,4074,1.0,7291,87,46945
10,47042,4075,1.0,7292,87,46955
6,47048,4076,1.0,7293,87,46961
2,47050,4076,0.0,7294,87,46963
11,47061,4077,1.0,7295,87,46974
8,47069,4077,0.0,7296,87,46982
6,47075,4078,1.0,7297,87,46988
13,47088,4078,0.0,7298,87,47001
6,47094,4079,1.0,7299,87,47007
7,47101,4080,1.0,7300,87,47014
6,47107,4081,1.0,7301,87,47020
9,47116,4082,1.0,7302,87,47029
2,47118,4082,0.0,7303,87,47031
6,47124,4083,1.0,7304,87,47037
11,47135,4084,1.0,7305,87,47048
5,47140,4084,0.0,7306,87,47053
6,47146,4085,1.0,7307,87,47059
7,47153,4086,1.0,7308,87,47066
4,47157,4086,0.0,7309,87,47070
6,47163,4087,1.0,7310,87,47076
5,47168,4087,0.0,7311,87,47081
8,47176,4088,1.0,7312,87,47089
7,47183,4089,1.0,7313,87,47096
13,47196,4090,1.0,7314,87,47109
2,47198,4090,0.0,7315,87,47111
3,47201,4090,0.0,7316,87,47114
9,47210,4090,0.0,7317,87,47123
2,47212,4090,0.0,7318,87,47125
5,47217,4090,0.0,7319,87,47130
6,47223,4091,1.0,7320,87,47136
2,47225,4091,0.0,7321,87,47138
5,47230,4091,0.0,7322,87,47143
9,47239,4091,0.0,7323,87,47152
3,47242,4091,0.0,7324,87,47155
8,47250,4092,1.0,7325,87,47163
2,47252,4092,0.0,7326,87,47165
9,47261,4093,1.0,7327,87,47174
6,47267,4094,1.0,7328,87,47180
6,47273,4094,0.0,7329,87,47186
8,47281,4095,1.0,7330,87,47194
10,47291,4096,1.0,7331,87,47204
7,47298,4097,1.0,7332,87,47211
9,47307,4098,1.0,7333,87,47220
6,47313,4099,1.0,7334,87,47226
4,47317,4099,0.0,7335,87,47230
6,47323,4100,1.0,7336,87,47236
8,47331,4100,0.0,7337,87,47244
6,47337,4101,1.0,7338,87,47250
4,47341,4101,0.0,7339,87,47254
6,47347,4102,1.0,7340,87,47260
9,47356,4103,1.0,7341,87,47269
11,47367,4104,1.0,7342,87,47280
7,47374,4104,0.0,7343,87,47287
9,47383,4105,1.0,7344,87,47296
6,47389,4106,1.0,7345,87,47302
4,47393,4106,0.0,7346,87,47306
7,47400,4107,1.0,7347,87,47313
2,47402,4107,0.0,7348,87,47315
2,47404,4107,0.0,7349,87,47317
6,47410,4107,0.0,7350,87,47323
6,47416,4108,1.0,7351,87,47329
9,47425,4109,1.0,7352,87,47338
7,47432,4110,1.0,7353,87,47345
4,47436,4110,0.0,7354,87,47349
3,47439,4110,0.0,7355,87,47352
7,47446,4111,1.0,7356,87,47359
7,47453,4112,1.0,7357,87,47366
6,47459,4113,1.0,7358,87,47372
6,47465,4114,1.0,7359,87,47378
8,47473,4114,0.0,7360,87,47386
8,47481,4115,1.0,7361,87,47394
6,47487,4116,1.0,7362,87,47400
7,47494,4117,1.0,7363,87,47407
4,47498,4117,0.0,7364,87,47411
4,47502,4117,0.0,7365,87,47415
7,47509,4118,1.0,7366,87,47422
6,47515,4119,1.0,7367,87,47428
11,47526,4119,0.0,7368,87,47439
7,47533,4119,0.0,7369,87,47446
2,47535,4119,0.0,7370,87,47448
2,47537,4119,0.0,7371,87,47450
7,47544,4119,0.0,7372,87,47457
6,47550,4120,1.0,7373,87,47463
3,47553,4120,0.0,7374,87,47466
2,47555,4120,0.0,7375,87,47468
6,47561,4121,1.0,7376,87,47474
5,47566,4121,0.0,7377,87,47479
7,47573,4122,1.0,7378,87,47486
5,47578,4122,0.0,7379,87,47491
5,47583,4122,0.0,7380,87,47496
6,47589,4122,0.0,7381,87,47502
4,47593,4122,0.0,7382,87,47506
2,47595,4122,0.0,7383,87,47508
9,47604,4123,1.0,7384,87,47517
6,47610,4123,0.0,7385,87,47523
6,47616,4124,1.0,7386,87,47529
6,47622,4125,1.0,7387,87,47535
6,47628,4126,1.0,7388,87,47541
12,47640,4127,1.0,7389,87,47553
10,47650,4128,1.0,7390,87,47563
6,47656,4128,0.0,7391,87,47569
4,47660,4128,0.0,7392,87,47573
7,47667,4129,1.0,7393,87,47580
6,47673,4130,1.0,7394,87,47586
3,47676,4130,0.0,7395,87,47589
5,47681,4130,0.0,7396,87,47594
3,47684,4130,0.0,7397,87,47597
2,47686,4130,0.0,7398,87,47599
4,47690,4130,0.0,7399,87,47603
5,47695,4130,0.0,7400,87,47608
9,47704,4131,1.0,7401,87,47617
8,47712,4131,0.0,7402,87,47625
7,47719,4132,1.0,7403,87,47632
6,47725,4133,1.0,7404,87,47638
4,47729,4133,0.0,7405,87,47642
7,47736,4134,1.0,7406,87,47649
6,47742,4135,1.0,7407,87,47655
6,47748,4135,0.0,7408,87,47661
6,47754,4136,1.0,7409,87,47667
5,47759,4136,0.0,7410,87,47672
6,47765,4137,1.0,7411,87,47678
4,47769,4137,0.0,7412,87,47682
11,47780,4137,0.0,7413,87,47693
6,47786,4138,1.0,7414,87,47699
6,47792,4139,1.0,7415,87,47705
6,47798,4140,1.0,7416,87,47711
9,47807,4141,1.0,7417,87,47720
5,47812,4141,0.0,7418,87,47725
4,47816,4141,0.0,7419,87,47729
10,47826,4142,1.0,7420,87,47739
10,47836,4143,1.0,7421,87,47749
5,47841,4143,0.0,7422,87,47754
7,47848,4144,1.0,7423,87,47761
6,47854,4145,1.0,7424,87,47767
6,47860,4146,1.0,7425,87,47773
6,47866,4147,1.0,7426,87,47779
7,47873,4147,0.0,7427,87,47786
10,47883,4148,1.0,7428,87,47796
8,47891,4149,1.0,7429,87,47804
7,47898,4150,1.0,7430,87,47811
8,47906,4151,1.0,7431,87,47819
6,47912,4152,1.0,7432,87,47825
7,47919,4153,1.0,7433,87,47832
11,47930,4153,0.0,7434,87,47843
6,47936,4153,0.0,7435,87,47849
6,47942,4153,0.0,7436,87,47855
3,47945,4153,0.0,7437,87,47858
7,47952,4154,1.0,7438,87,47865
7,47959,4155,1.0,7439,87,47872
2,47961,4155,0.0,7440,87,47874
6,47967,4156,1.0,7441,87,47880
6,47973,4157,1.0,7442,87,47886
11,47984,4158,1.0,7443,87,47897
6,47990,4159,1.0,7444,87,47903
6,47996,4160,1.0,7445,87,47909
6,48002,4161,1.0,7446,87,47915
2,48004,4161,0.0,7447,87,47917
3,48007,4161,0.0,7448,87,47920
9,48016,4161,0.0,7449,87,47929
6,48022,4161,0.0,7450,87,47935
6,48028,4162,1.0,7451,87,47941
9,48037,4163,1.0,7452,87,47950
9,48046,4164,1.0,7453,87,47959
12,48058,4165,1.0,7454,87,47971
6,48064,4166,1.0,7455,87,47977
12,48076,4167,1.0,7456,87,47989
9,48085,4168,1.0,7457,87,47998
5,48090,4168,0.0,7458,87,48003
4,48094,4168,0.0,7459,87,48007
5,48099,4168,0.0,7460,87,48012
14,48113,4169,1.0,7461,87,48026
6,48119,4170,1.0,7462,87,48032
9,48128,4171,1.0,7463,87,48041
2,48130,4171,0.0,7464,87,48043
3,48133,4171,0.0,7465,87,48046
4,48137,4171,0.0,7466,87,48050
4,48141,4171,0.0,7467,87,48054
7,48148,4172,1.0,7468,87,48061
6,48154,4173,1.0,7469,87,48067
8,48162,4174,1.0,7470,87,48075
6,48168,4174,0.0,7471,87,48081
2,48170,4174,0.0,7472,87,48083
12,48182,4175,1.0,7473,87,48095
4,48186,4175,0.0,7474,87,48099
8,48194,4176,1.0,7475,87,48107
6,48200,4177,1.0,7476,87,48113
7,48207,4177,0.0,7477,87,48120
4,48211,4177,0.0,7478,87,48124
6,48217,4178,1.0,7479,87,48130
4,48221,4178,0.0,7480,87,48134
6,48227,4179,1.0,7481,87,48140
2,48229,4179,0.0,7482,87,48142
6,48235,4180,1.0,7483,87,48148
10,48245,4181,1.0,7484,87,48158
4,48249,4181,0.0,7485,87,48162
6,48255,4182,1.0,7486,87,48168
4,48259,4182,0.0,7487,87,48172
3,48262,4182,0.0,7488,87,48175
4,48266,4182,0.0,7489,87,48179
6,48272,4183,1.0,7490,87,48185
12,48284,4184,1.0,7491,87,48197
6,48290,4185,1.0,7492,87,48203
6,48296,4186,1.0,7493,87,48209
2,48298,4186,0.0,7494,87,48211
4,48302,4186,0.0,7495,87,48215
5,48307,4186,0.0,7496,87,48220
6,48313,4187,1.0,7497,87,48226
6,48319,4188,1.0,7498,87,48232
10,48329,4189,1.0,7499,87,48242
6,48335,4190,1.0,7500,87,48248
7,48342,4191,1.0,7501,87,48255
7,48349,4192,1.0,7502,87,48262
9,48358,4193,1.0,7503,87,48271
6,48364,4194,1.0,7504,87,48277
12,48376,4195,1.0,7505,87,48289
9,48385,4196,1.0,7506,87,48298
8,48393,4197,1.0,7507,87,48306
7,48400,4197,0.0,7508,87,48313
6,48406,4198,1.0,7509,87,48319
6,48412,4198,0.0,7510,87,48325
7,48419,4199,1.0,7511,87,48332
6,48425,4200,1.0,7512,87,48338
6,48431,4200,0.0,7513,87,48344
8,48439,4201,1.0,7514,87,48352
2,48441,4201,0.0,7515,87,48354
12,48453,4202,1.0,7516,87,48366
3,48456,4202,0.0,7517,87,48369
3,48459,4202,0.0,7518,87,48372
6,48465,4203,1.0,7519,87,48378
5,48470,4203,0.0,7520,87,48383
14,48484,4203,0.0,7521,87,48397
2,48486,4203,0.0,7522,87,48399
2,48488,4203,0.0,7523,87,48401
2,48490,4203,0.0,7524,87,48403
6,48496,4203,0.0,7525,87,48409
13,48509,4204,1.0,7526,87,48422
8,48517,4205,1.0,7527,87,48430
4,48521,4205,0.0,7528,87,48434
6,48527,4206,1.0,7529,87,48440
6,48533,4207,1.0,7530,87,48446
4,48537,4207,0.0,7531,87,48450
4,48541,4207,0.0,7532,87,48454
7,48548,4208,1.0,7533,87,48461
4,48552,4208,0.0,7534,87,48465
6,48558,4209,1.0,7535,87,48471
7,48565,4210,1.0,7536,87,48478
10,48575,4211,1.0,7537,87,48488
7,48582,4212,1.0,7538,87,48495
7,48589,4213,1.0,7539,87,48502
7,48596,4213,0.0,7540,87,48509
7,48603,4214,1.0,7541,87,48516
6,48609,4215,1.0,7542,87,48522
4,48613,4215,0.0,7543,87,48526
6,48619,4216,1.0,7544,87,48532
7,48626,4217,1.0,7545,87,48539
6,48632,4218,1.0,7546,87,48545
2,48634,4218,0.0,7547,87,48547
8,48642,4218,0.0,7548,87,48555
8,48650,4218,0.0,7549,87,48563
2,48652,4218,0.0,7550,87,48565
12,48664,4219,1.0,7551,87,48577
6,48670,4220,1.0,7552,87,48583
4,48674,4220,0.0,7553,87,48587
6,48680,4221,1.0,7554,87,48593
6,48686,4221,0.0,7555,87,48599
6,48692,4222,1.0,7556,87,48605
4,48696,4222,0.0,7557,87,48609
8,48704,4222,0.0,7558,87,48617
6,48710,4223,1.0,7559,87,48623
9,48719,4224,1.0,7560,87,48632
5,48724,4224,0.0,7561,87,48637
2,48726,4224,0.0,7562,87,48639
6,48732,4225,1.0,7563,87,48645
13,48745,4225,0.0,7564,87,48658
11,48756,4226,1.0,7565,87,48669
9,48765,4227,1.0,7566,87,48678
4,48769,4227,0.0,7567,87,48682
4,48773,4227,0.0,7568,87,48686
4,48777,4227,0.0,7569,87,48690
2,48779,4227,0.0,7570,87,48692
6,48785,4228,1.0,7571,87,48698
9,48794,4229,1.0,7572,87,48707
6,48800,4230,1.0,7573,87,48713
7,48807,4230,0.0,7574,87,48720
6,48813,4230,0.0,7575,87,48726
8,48821,4231,1.0,7576,87,48734
6,48827,4232,1.0,7577,87,48740
5,48832,4232,0.0,7578,87,48745
2,48834,4232,0.0,7579,87,48747
4,48838,4232,0.0,7580,87,48751
6,48844,4233,1.0,7581,87,48757
2,48846,4233,0.0,7582,87,48759
8,48854,4234,1.0,7583,87,48767
6,48860,4234,0.0,7584,87,48773
10,48870,4235,1.0,7585,87,48783
12,48882,4235,0.0,7586,87,48795
7,48889,4236,1.0,7587,87,48802
6,48895,4237,1.0,7588,87,48808
5,48900,4237,0.0,7589,87,48813
7,48907,4238,1.0,7590,87,48820
2,48909,4238,0.0,7591,87,48822
16,48925,4239,1.0,7592,87,48838
8,48933,4240,1.0,7593,87,48846
8,48941,4240,0.0,7594,87,48854
6,48947,4241,1.0,7595,87,48860
8,48955,4242,1.0,7596,87,48868
6,48961,4243,1.0,7597,87,48874
6,48967,4244,1.0,7598,87,48880
2,48969,4244,0.0,7599,87,48882
2,48971,4244,0.0,7600,87,48884
3,48974,4244,0.0,7601,87,48887
4,48978,4244,0.0,7602,87,48891
6,48984,4245,1.0,7603,87,48897
2,48986,4245,0.0,7604,87,48899
12,48998,4246,1.0,7605,87,48911
9,49007,4246,0.0,7606,87,48920
6,49013,4247,1.0,7607,87,48926
9,49022,4248,1.0,7608,87,48935
7,49029,4249,1.0,7609,87,48942
7,49036,4249,0.0,7610,87,48949
6,49042,4250,1.0,7611,87,48955
12,49054,4251,1.0,7612,87,48967
11,49065,4252,1.0,7613,87,48978
6,49071,4253,1.0,7614,87,48984
10,49081,4254,1.0,7615,87,48994
7,49088,4254,0.0,7616,87,49001
7,49095,4255,1.0,7617,87,49008
8,49103,4256,1.0,7618,87,49016
9,49112,4257,1.0,7619,87,49025
9,49121,4257,0.0,7620,87,49034
3,49124,4257,0.0,7621,87,49037
6,49130,4258,1.0,7622,87,49043
14,49144,4258,0.0,7623,87,49057
4,49148,4258,0.0,7624,87,49061
6,49154,4258,0.0,7625,87,49067
6,49160,4259,1.0,7626,87,49073
8,49168,4259,0.0,7627,87,49081
6,49174,4260,1.0,7628,87,49087
6,49180,4261,1.0,7629,87,49093
2,49182,4261,0.0,7630,87,49095
4,49186,4261,0.0,7631,87,49099
8,49194,4262,1.0,7632,87,49107
6,49200,4263,1.0,7633,87,49113
7,49207,4264,1.0,7634,87,49120
4,49211,4264,0.0,7635,87,49124
8,49219,4265,1.0,7636,87,49132
14,49233,4265,0.0,7637,87,49146
6,49239,4266,1.0,7638,87,49152
5,49244,4266,0.0,7639,87,49157
9,49253,4267,1.0,7640,87,49166
6,49259,4268,1.0,7641,87,49172
6,49265,4269,1.0,7642,87,49178
7,49272,4270,1.0,7643,87,49185
4,49276,4270,0.0,7644,87,49189
7,49283,4271,1.0,7645,87,49196
9,49292,4272,1.0,7646,87,49205
7,49299,4273,1.0,7647,87,49212
7,49306,4274,1.0,7648,87,49219
6,49312,4274,0.0,7649,87,49225
8,49320,4274,0.0,7650,87,49233
2,49322,4274,0.0,7651,87,49235
3,49325,4274,0.0,7652,87,49238
8,49333,4275,1.0,7653,87,49246
4,49337,4275,0.0,7654,87,49250
7,49344,4276,1.0,7655,87,49257
10,49354,4277,1.0,7656,87,49267
6,49360,4278,1.0,7657,87,49273
7,49367,4279,1.0,7658,87,49280
7,49374,4280,1.0,7659,87,49287
4,49378,4280,0.0,7660,87,49291
4,49382,4280,0.0,7661,87,49295
11,49393,4281,1.0,7662,87,49306
10,49403,4282,1.0,7663,87,49316
6,49409,4283,1.0,7664,87,49322
6,49415,4284,1.0,7665,87,49328
7,49422,4284,0.0,7666,87,49335
6,49428,4285,1.0,7667,87,49341
6,49434,4286,1.0,7668,87,49347
2,49436,4286,0.0,7669,87,49349
2,49438,4286,0.0,7670,87,49351
8,49446,4287,1.0,7671,87,49359
12,49458,4288,1.0,7672,87,49371
4,49462,4288,0.0,7673,87,49375
9,49471,4289,1.0,7674,87,49384
2,49473,4289,0.0,7675,87,49386
4,49477,4289,0.0,7676,87,49390
11,49488,4289,0.0,7677,87,49401
10,49498,4289,0.0,7678,87,49411
6,49504,4290,1.0,7679,87,49417
6,49510,4291,1.0,7680,87,49423
8,49518,4291,0.0,7681,87,49431
8,49526,4292,1.0,7682,87,49439
8,49534,4293,1.0,7683,87,49447
4,49538,4293,0.0,7684,87,49451
8,49546,4294,1.0,7685,87,49459
8,49554,4295,1.0,7686,87,49467
6,49560,4296,1.0,7687,87,49473
9,49569,4297,1.0,7688,87,49482
2,49571,4297,0.0,7689,87,49484
6,49577,4298,1.0,7690,87,49490
8,49585,4299,1.0,7691,87,49498
3,49588,4299,0.0,7692,87,49501
4,49592,4299,0.0,7693,87,49505
5,49597,4299,0.0,7694,87,49510
4,49601,4299,0.0,7695,87,49514
5,49606,4299,0.0,7696,87,49519
8,49614,4300,1.0,7697,87,49527
7,49621,4300,0.0,7698,87,49534
6,49627,4301,1.0,7699,87,49540
8,49635,4302,1.0,7700,87,49548
8,49643,4303,1.0,7701,87,49556
6,49649,4304,1.0,7702,87,49562
8,49657,4305,1.0,7703,87,49570
6,49663,4306,1.0,7704,87,49576
8,49671,4307,1.0,7705,87,49584
6,49677,4308,1.0,7706,87,49590
13,49690,4309,1.0,7707,87,49603
6,49696,4309,0.0,7708,87,49609
6,49702,4310,1.0,7709,87,49615
9,49711,4311,1.0,7710,87,49624
7,49718,4312,1.0,7711,87,49631
8,49726,4313,1.0,7712,87,49639
7,49733,4314,1.0,7713,87,49646
5,49738,4314,0.0,7714,87,49651
12,49750,4315,1.0,7715,87,49663
7,49757,4316,1.0,7716,87,49670
6,49763,4317,1.0,7717,87,49676
6,49769,4318,1.0,7718,87,49682
2,49771,4318,0.0,7719,87,49684
7,49778,4319,1.0,7720,87,49691
6,49784,4319,0.0,7721,87,49697
6,49790,4320,1.0,7722,87,49703
7,49797,4321,1.0,7723,87,49710
2,49799,4321,0.0,7724,87,49712
6,49805,4322,1.0,7725,87,49718
8,49813,4323,1.0,7726,87,49726
10,49823,4324,1.0,7727,87,49736
4,49827,4324,0.0,7728,87,49740
4,49831,4324,0.0,7729,87,49744
6,49837,4325,1.0,7730,87,49750
15,49852,4326,1.0,7731,87,49765
6,49858,4327,1.0,7732,87,49771
6,49864,4328,1.0,7733,87,49777
11,49875,4329,1.0,7734,87,49788
5,49880,4329,0.0,7735,87,49793
6,49886,4330,1.0,7736,87,49799
4,49890,4330,0.0,7737,87,49803
4,49894,4330,0.0,7738,87,49807
7,49901,4331,1.0,7739,87,49814
10,49911,4331,0.0,7740,87,49824
6,49917,4331,0.0,7741,87,49830
6,49923,4332,1.0,7742,87,49836
7,49930,4333,1.0,7743,87,49843
3,49933,4333,0.0,7744,87,49846
9,49942,4333,0.0,7745,87,49855
6,49948,4334,1.0,7746,87,49861
8,49956,4334,0.0,7747,87,49869
6,49962,4335,1.0,7748,87,49875
2,49964,4335,0.0,7749,87,49877
6,49970,4336,1.0,7750,87,49883
6,49976,4337,1.0,7751,87,49889
6,49982,4338,1.0,7752,87,49895
8,49990,4339,1.0,7753,87,49903
4,49994,4339,0.0,7754,87,49907
7,50001,4340,1.0,7755,87,49914
7,50008,4341,1.0,7756,87,49921
2,50010,4341,0.0,7757,87,49923
5,50015,4341,0.0,7758,87,49928
6,50021,4342,1.0,7759,87,49934
2,50023,4342,0.0,7760,87,49936
12,50035,4343,1.0,7761,87,49948
7,50042,4344,1.0,7762,87,49955
2,50044,4344,0.0,7763,87,49957
9,50053,4345,1.0,7764,87,49966
9,50062,4346,1.0,7765,87,49975
12,50074,4347,1.0,7766,87,49987
8,50082,4348,1.0,7767,87,49995
2,50084,4348,0.0,7768,87,49997
5,50089,4348,0.0,7769,87,50002
6,50095,4349,1.0,7770,87,50008
2,50097,4349,0.0,7771,87,50010
4,50101,4349,0.0,7772,87,50014
7,50108,4350,1.0,7773,87,50021
6,50114,4350,0.0,7774,87,50027
6,50120,4351,1.0,7775,87,50033
7,50127,4351,0.0,7776,87,50040
4,50131,4351,0.0,7777,87,50044
5,50136,4351,0.0,7778,87,50049
11,50147,4352,1.0,7779,87,50060
11,50158,4352,0.0,7780,87,50071
2,50160,4352,0.0,7781,87,50073
10,50170,4353,1.0,7782,87,50083
4,50174,4353,0.0,7783,87,50087
8,50182,4353,0.0,7784,87,50095
2,50184,4353,0.0,7785,87,50097
4,50188,4353,0.0,7786,87,50101
7,50195,4353,0.0,7787,87,50108
6,50201,4354,1.0,7788,87,50114
6,50207,4355,1.0,7789,87,50120
7,50214,4356,1.0,7790,87,50127
6,50220,4357,1.0,7791,87,50133
2,50222,4357,0.0,7792,87,50135
5,50227,4357,0.0,7793,87,50140
6,50233,4357,0.0,7794,87,50146
6,50239,4358,1.0,7795,87,50152
8,50247,4359,1.0,7796,87,50160
8,50255,4360,1.0,7797,87,50168
3,50258,4360,0.0,7798,87,50171
9,50267,4360,0.0,7799,87,50180
2,50269,4360,0.0,7800,87,50182
3,50272,4360,0.0,7801,87,50185
11,50283,4360,0.0,7802,87,50196
7,50290,4361,1.0,7803,87,50203
6,50296,4362,1.0,7804,87,50209
8,50304,4362,0.0,7805,87,50217
7,50311,4363,1.0,7806,87,50224
8,50319,4364,1.0,7807,87,50232
6,50325,4365,1.0,7808,87,50238
5,50330,4365,0.0,7809,87,50243
4,50334,4365,0.0,7810,87,50247
6,50340,4366,1.0,7811,87,50253
9,50349,4367,1.0,7812,87,50262
12,50361,4368,1.0,7813,87,50274
10,50371,4368,0.0,7814,87,50284
8,50379,4369,1.0,7815,87,50292
7,50386,4370,1.0,7816,87,50299
4,50390,4370,0.0,7817,87,50303
17,50407,4371,1.0,7818,87,50320
11,50418,4372,1.0,7819,87,50331
15,50433,4373,1.0,7820,87,50346
8,50441,4373,0.0,7821,87,50354
6,50447,4373,0.0,7822,87,50360
10,50457,4374,1.0,7823,87,50370
10,50467,4375,1.0,7824,87,50380
6,50473,4376,1.0,7825,87,50386
11,50484,4377,1.0,7826,87,50397
10,50494,4378,1.0,7827,87,50407
8,50502,4379,1.0,7828,87,50415
2,50504,4379,0.0,7829,87,50417
10,50514,4380,1.0,7830,87,50427
2,50516,4380,0.0,7831,87,50429
6,50522,4381,1.0,7832,87,50435
4,50526,4381,0.0,7833,87,50439
7,50533,4382,1.0,7834,87,50446
11,50544,4383,1.0,7835,87,50457
9,50553,4383,0.0,7836,87,50466
2,50555,4383,0.0,7837,87,50468
7,50562,4384,1.0,7838,87,50475
6,50568,4385,1.0,7839,87,50481
11,50579,4386,1.0,7840,87,50492
4,50583,4386,0.0,7841,87,50496
8,50591,4386,0.0,7842,87,50504
8,50599,4387,1.0,7843,87,50512
7,50606,4388,1.0,7844,87,50519
10,50616,4389,1.0,7845,87,50529
8,50624,4389,0.0,7846,87,50537
3,50627,4389,0.0,7847,87,50540
6,50633,4390,1.0,7848,87,50546
9,50642,4391,1.0,7849,87,50555
7,50649,4392,1.0,7850,87,50562
2,50651,4392,0.0,7851,87,50564
2,50653,4392,0.0,7852,87,50566
6,50659,4393,1.0,7853,87,50572
2,50661,4393,0.0,7854,87,50574
6,50667,4394,1.0,7855,87,50580
11,50678,4395,1.0,7856,87,50591
11,50689,4395,0.0,7857,87,50602
3,50692,4395,0.0,7858,87,50605
9,50701,4396,1.0,7859,87,50614
4,50705,4396,0.0,7860,87,50618
8,50713,4396,0.0,7861,87,50626
2,50715,4396,0.0,7862,87,50628
3,50718,4396,0.0,7863,87,50631
6,50724,4397,1.0,7864,87,50637
11,50735,4398,1.0,7865,87,50648
7,50742,4399,1.0,7866,87,50655
11,50753,4399,0.0,7867,87,50666
2,50755,4399,0.0,7868,87,50668
4,50759,4399,0.0,7869,87,50672
2,50761,4399,0.0,7870,87,50674
7,50768,4400,1.0,7871,87,50681
3,50771,4400,0.0,7872,87,50684
3,50774,4400,0.0,7873,87,50687
9,50783,4401,1.0,7874,87,50696
3,50786,4401,0.0,7875,87,50699
5,50791,4401,0.0,7876,87,50704
8,50799,4401,0.0,7877,87,50712
6,50805,4402,1.0,7878,87,50718
11,50816,4403,1.0,7879,87,50729
8,50824,4404,1.0,7880,87,50737
6,50830,4405,1.0,7881,87,50743
9,50839,4405,0.0,7882,87,50752
9,50848,4406,1.0,7883,87,50761
7,50855,4407,1.0,7884,87,50768
7,50862,4408,1.0,7885,87,50775
7,50869,4409,1.0,7886,87,50782
9,50878,4409,0.0,7887,87,50791
2,50880,4409,0.0,7888,87,50793
8,50888,4410,1.0,7889,87,50801
6,50894,4411,1.0,7890,87,50807
5,50899,4411,0.0,7891,87,50812
9,50908,4412,1.0,7892,87,50821
3,50911,4412,0.0,7893,87,50824
2,50913,4412,0.0,7894,87,50826
6,50919,4412,0.0,7895,87,50832
9,50928,4413,1.0,7896,87,50841
2,50930,4413,0.0,7897,87,50843
6,50936,4414,1.0,7898,87,50849
7,50943,4415,1.0,7899,87,50856
5,50948,4415,0.0,7900,87,50861
17,50965,4416,1.0,7901,87,50878
12,50977,4416,0.0,7902,87,50890
6,50983,4417,1.0,7903,87,50896
6,50989,4418,1.0,7904,87,50902
7,50996,4418,0.0,7905,87,50909
4,51000,4418,0.0,7906,87,50913
6,51006,4418,0.0,7907,87,50919
6,51012,4418,0.0,7908,87,50925
8,51020,4419,1.0,7909,87,50933
9,51029,4420,1.0,7910,87,50942
10,51039,4421,1.0,7911,87,50952
4,51043,4421,0.0,7912,87,50956
7,51050,4422,1.0,7913,87,50963
5,51055,4422,0.0,7914,87,50968
10,51065,4422,0.0,7915,87,50978
9,51074,4422,0.0,7916,87,50987
11,51085,4423,1.0,7917,87,50998
9,51094,4424,1.0,7918,87,51007
8,51102,4425,1.0,7919,87,51015
7,51109,4426,1.0,7920,87,51022
9,51118,4427,1.0,7921,87,51031
8,51126,4428,1.0,7922,87,51039
3,51129,4428,0.0,7923,87,51042
8,51137,4429,1.0,7924,87,51050
8,51145,4430,1.0,7925,87,51058
8,51153,4431,1.0,7926,87,51066
6,51159,4432,1.0,7927,87,51072
5,51164,4432,0.0,7928,87,51077
5,51169,4432,0.0,7929,87,51082
14,51183,4433,1.0,7930,87,51096
13,51196,4434,1.0,7931,87,51109
4,51200,4434,0.0,7932,87,51113
6,51206,4435,1.0,7933,87,51119
3,51209,4435,0.0,7934,87,51122
2,51211,4435,0.0,7935,87,51124
6,51217,4436,1.0,7936,87,51130
6,51223,4437,1.0,7937,87,51136
4,51227,4437,0.0,7938,87,51140
7,51234,4438,1.0,7939,87,51147
6,51240,4439,1.0,7940,87,51153
7,51247,4440,1.0,7941,87,51160
12,51259,4440,0.0,7942,87,51172
9,51268,4441,1.0,7943,87,51181
9,51277,4442,1.0,7944,87,51190
8,51285,4443,1.0,7945,87,51198
7,51292,4444,1.0,7946,87,51205
4,51296,4444,0.0,7947,87,51209
6,51302,4445,1.0,7948,87,51215
8,51310,4445,0.0,7949,87,51223
9,51319,4445,0.0,7950,87,51232
9,51328,4446,1.0,7951,87,51241
9,51337,4447,1.0,7952,87,51250
2,51339,4447,0.0,7953,87,51252
9,51348,4448,1.0,7954,87,51261
6,51354,4449,1.0,7955,87,51267
7,51361,4450,1.0,7956,87,51274
7,51368,4451,1.0,7957,87,51281
10,51378,4452,1.0,7958,87,51291
6,51384,4453,1.0,7959,87,51297
12,51396,4454,1.0,7960,87,51309
6,51402,4455,1.0,7961,87,51315
4,51406,4455,0.0,7962,87,51319
6,51412,4455,0.0,7963,87,51325
12,51424,4456,1.0,7964,87,51337
4,51428,4456,0.0,7965,87,51341
6,51434,4457,1.0,7966,87,51347
7,51441,4458,1.0,7967,87,51354
9,51450,4459,1.0,7968,87,51363
6,51456,4460,1.0,7969,87,51369
10,51466,4461,1.0,7970,87,51379
9,51475,4462,1.0,7971,87,51388
14,51489,4463,1.0,7972,87,51402
6,51495,4464,1.0,7973,87,51408
8,51503,4465,1.0,7974,87,51416
7,51510,4466,1.0,7975,87,51423
7,51517,4467,1.0,7976,87,51430
6,51523,4468,1.0,7977,87,51436
7,51530,4468,0.0,7978,87,51443
10,51540,4469,1.0,7979,87,51453
7,51547,4470,1.0,7980,87,51460
4,51551,4470,0.0,7981,87,51464
2,51553,4470,0.0,7982,87,51466
2,51555,4470,0.0,7983,87,51468
6,51561,4471,1.0,7984,87,51474
4,51565,4471,0.0,7985,87,51478
2,51567,4471,0.0,7986,87,51480
6,51573,4472,1.0,7987,87,51486
4,51577,4472,0.0,7988,87,51490
6,51583,4473,1.0,7989,87,51496
4,51587,4473,0.0,7990,87,51500
2,51589,4473,0.0,7991,87,51502
17,51606,4474,1.0,7992,87,51519
6,51612,4475,1.0,7993,87,51525
12,51624,4476,1.0,7994,87,51537
9,51633,4477,1.0,7995,87,51546
7,51640,4478,1.0,7996,87,51553
8,51648,4478,0.0,7997,87,51561
7,51655,4478,0.0,7998,87,51568
3,51658,4478,0.0,7999,87,51571
4,51662,4478,0.0,8000,87,51575
8,51670,4479,1.0,8001,87,51583
6,51676,4480,1.0,8002,87,51589
7,51683,4481,1.0,8003,87,51596
6,51689,4482,1.0,8004,87,51602
9,51698,4483,1.0,8005,87,51611
12,51710,4484,1.0,8006,87,51623
7,51717,4485,1.0,8007,87,51630
6,51723,4486,1.0,8008,87,51636
10,51733,4487,1.0,8009,87,51646
2,51735,4487,0.0,8010,87,51648
4,51739,4487,0.0,8011,87,51652
2,51741,4487,0.0,8012,87,51654
8,51749,4488,1.0,8013,87,51662
6,51755,4488,0.0,8014,87,51668
6,51761,4489,1.0,8015,87,51674
5,51766,4489,0.0,8016,87,51679
6,51772,4490,1.0,8017,87,51685
6,51778,4490,0.0,8018,87,51691
6,51784,4491,1.0,8019,87,51697
3,51787,4491,0.0,8020,87,51700
6,51793,4492,1.0,8021,87,51706
7,51800,4492,0.0,8022,87,51713
6,51806,4493,1.0,8023,87,51719
11,51817,4494,1.0,8024,87,51730
2,51819,4494,0.0,8025,87,51732
2,51821,4494,0.0,8026,87,51734
8,51829,4495,1.0,8027,87,51742
2,51831,4495,0.0,8028,87,51744
6,51837,4496,1.0,8029,87,51750
4,51841,4496,0.0,8030,87,51754
6,51847,4497,1.0,8031,87,51760
8,51855,4497,0.0,8032,87,51768
8,51863,4498,1.0,8033,87,51776
3,51866,4498,0.0,8034,87,51779
3,51869,4498,0.0,8035,87,51782
8,51877,4499,1.0,8036,87,51790
8,51885,4499,0.0,8037,87,51798
6,51891,4499,0.0,8038,87,51804
6,51897,4500,1.0,8039,87,51810
6,51903,4501,1.0,8040,87,51816
14,51917,4502,1.0,8041,87,51830
8,51925,4503,1.0,8042,87,51838
4,51929,4503,0.0,8043,87,51842
7,51936,4504,1.0,8044,87,51849
9,51945,4505,1.0,8045,87,51858
6,51951,4506,1.0,8046,87,51864
4,51955,4506,0.0,8047,87,51868
7,51962,4507,1.0,8048,87,51875
10,51972,4508,1.0,8049,87,51885
4,51976,4508,0.0,8050,87,51889
2,51978,4508,0.0,8051,87,51891
6,51984,4509,1.0,8052,87,51897
8,51992,4510,1.0,8053,87,51905
2,51994,4510,0.0,8054,87,51907
5,51999,4510,0.0,8055,87,51912
7,52006,4510,0.0,8056,87,51919
11,52017,4510,0.0,8057,87,51930
6,52023,4510,0.0,8058,87,51936
6,52029,4511,1.0,8059,87,51942
3,52032,4511,0.0,8060,87,51945
6,52038,4512,1.0,8061,87,51951
2,52040,4512,0.0,8062,87,51953
10,52050,4513,1.0,8063,87,51963
8,52058,4513,0.0,8064,87,51971
7,52065,4514,1.0,8065,87,51978
6,52071,4515,1.0,8066,87,51984
6,52077,4516,1.0,8067,87,51990
3,52080,4516,0.0,8068,87,51993
4,52084,4516,0.0,8069,87,51997
8,52092,4517,1.0,8070,87,52005
4,52096,4517,0.0,8071,87,52009
9,52105,4518,1.0,8072,87,52018
8,52113,4519,1.0,8073,87,52026
8,52121,4520,1.0,8074,87,52034
4,52125,4520,0.0,8075,87,52038
5,52130,4520,0.0,8076,87,52043
6,52136,4521,1.0,8077,87,52049
6,52142,4522,1.0,8078,87,52055
8,52150,4523,1.0,8079,87,52063
9,52159,4524,1.0,8080,87,52072
6,52165,4524,0.0,8081,87,52078
7,52172,4525,1.0,8082,87,52085
12,52184,4526,1.0,8083,87,52097
4,52188,4526,0.0,8084,87,52101
7,52195,4527,1.0,8085,87,52108
8,52203,4527,0.0,8086,87,52116
3,52206,4527,0.0,8087,87,52119
4,52210,4527,0.0,8088,87,52123
4,52214,4527,0.0,8089,87,52127
6,52220,4527,0.0,8090,87,52133
7,52227,4528,1.0,8091,87,52140
6,52233,4529,1.0,8092,87,52146
2,52235,4529,0.0,8093,87,52148
15,52250,4530,1.0,8094,87,52163
5,52255,4530,0.0,8095,87,52168
4,52259,4530,0.0,8096,87,52172
10,52269,4531,1.0,8097,87,52182
3,52272,4531,0.0,8098,87,52185
2,52274,4531,0.0,8099,87,52187
2,52276,4531,0.0,8100,87,52189
7,52283,4531,0.0,8101,87,52196
7,52290,4532,1.0,8102,87,52203
4,52294,4532,0.0,8103,87,52207
3,52297,4532,0.0,8104,87,52210
7,52304,4533,1.0,8105,87,52217
5,52309,4533,0.0,8106,87,52222
6,52315,4533,0.0,8107,87,52228
2,52317,4533,0.0,8108,87,52230
4,52321,4533,0.0,8109,87,52234
6,52327,4534,1.0,8110,87,52240
4,52331,4534,0.0,8111,87,52244
6,52337,4535,1.0,8112,87,52250
3,52340,4535,0.0,8113,87,52253
3,52343,4535,0.0,8114,87,52256
6,52349,4536,1.0,8115,87,52262
4,52353,4536,0.0,8116,87,52266
6,52359,4537,1.0,8117,87,52272
13,52372,4538,1.0,8118,87,52285
7,52379,4539,1.0,8119,87,52292
8,52387,4540,1.0,8120,87,52300
2,52389,4540,0.0,8121,87,52302
7,52396,4541,1.0,8122,87,52309
6,52402,4542,1.0,8123,87,52315
10,52412,4543,1.0,8124,87,52325
8,52420,4544,1.0,8125,87,52333
10,52430,4545,1.0,8126,87,52343
7,52437,4545,0.0,8127,87,52350
2,52439,4545,0.0,8128,87,52352
8,52447,4546,1.0,8129,87,52360
6,52453,4547,1.0,8130,87,52366
6,52459,4548,1.0,8131,87,52372
7,52466,4549,1.0,8132,87,52379
6,52472,4550,1.0,8133,87,52385
6,52478,4551,1.0,8134,87,52391
4,52482,4551,0.0,8135,87,52395
13,52495,4552,1.0,8136,87,52408
5,52500,4552,0.0,8137,87,52413
8,52508,4553,1.0,8138,87,52421
6,52514,4554,1.0,8139,87,52427
13,52527,4555,1.0,8140,87,52440
8,52535,4555,0.0,8141,87,52448
11,52546,4556,1.0,8142,87,52459
6,52552,4557,1.0,8143,87,52465
6,52558,4558,1.0,8144,87,52471
8,52566,4559,1.0,8145,87,52479
12,52578,4560,1.0,8146,87,52491
13,52591,4561,1.0,8147,87,52504
6,52597,4562,1.0,8148,87,52510
5,52602,4562,0.0,8149,87,52515
4,52606,4562,0.0,8150,87,52519
8,52614,4563,1.0,8151,87,52527
2,52616,4563,0.0,8152,87,52529
8,52624,4564,1.0,8153,87,52537
7,52631,4565,1.0,8154,87,52544
2,52633,4565,0.0,8155,87,52546
7,52640,4566,1.0,8156,87,52553
11,52651,4567,1.0,8157,87,52564
9,52660,4568,1.0,8158,87,52573
6,52666,4569,1.0,8159,87,52579
6,52672,4570,1.0,8160,87,52585
6,52678,4571,1.0,8161,87,52591
3,52681,4571,0.0,8162,87,52594
10,52691,4572,1.0,8163,87,52604
6,52697,4572,0.0,8164,87,52610
4,52701,4572,0.0,8165,87,52614
6,52707,4573,1.0,8166,87,52620
10,52717,4574,1.0,8167,87,52630
6,52723,4575,1.0,8168,87,52636
7,52730,4576,1.0,8169,87,52643
5,52735,4576,0.0,8170,87,52648
3,52738,4576,0.0,8171,87,52651
6,52744,4577,1.0,8172,87,52657
3,52747,4577,0.0,8173,87,52660
9,52756,4578,1.0,8174,87,52669
6,52762,4579,1.0,8175,87,52675
6,52768,4580,1.0,8176,87,52681
6,52774,4581,1.0,8177,87,52687
3,52777,4581,0.0,8178,87,52690
9,52786,4582,1.0,8179,87,52699
8,52794,4582,0.0,8180,87,52707
8,52802,4583,1.0,8181,87,52715
9,52811,4584,1.0,8182,87,52724
6,52817,4585,1.0,8183,87,52730
4,52821,4585,0.0,8184,87,52734
4,52825,4585,0.0,8185,87,52738
6,52831,4586,1.0,8186,87,52744
12,52843,4587,1.0,8187,87,52756
8,52851,4588,1.0,8188,87,52764
7,52858,4589,1.0,8189,87,52771
5,52863,4589,0.0,8190,87,52776
5,52868,4589,0.0,8191,87,52781
3,52871,4589,0.0,8192,87,52784
4,52875,4589,0.0,8193,87,52788
6,52881,4590,1.0,8194,87,52794
2,52883,4590,0.0,8195,87,52796
2,52885,4590,0.0,8196,87,52798
6,52891,4591,1.0,8197,87,52804
6,52897,4592,1.0,8198,87,52810
6,52903,4592,0.0,8199,87,52816
6,52909,4593,1.0,8200,87,52822
6,52915,4594,1.0,8201,87,52828
6,52921,4595,1.0,8202,87,52834
7,52928,4595,0.0,8203,87,52841
6,52934,4596,1.0,8204,87,52847
4,52938,4596,0.0,8205,87,52851
8,52946,4597,1.0,8206,87,52859
7,52953,4597,0.0,8207,87,52866
9,52962,4598,1.0,8208,87,52875
7,52969,4599,1.0,8209,87,52882
7,52976,4600,1.0,8210,87,52889
6,52982,4601,1.0,8211,87,52895
6,52988,4602,1.0,8212,87,52901
6,52994,4603,1.0,8213,87,52907
6,53000,4604,1.0,8214,87,52913
8,53008,4605,1.0,8215,87,52921
3,53011,4605,0.0,8216,87,52924
4,53015,4605,0.0,8217,87,52928
6,53021,4605,0.0,8218,87,52934
6,53027,4606,1.0,8219,87,52940
8,53035,4607,1.0,8220,87,52948
2,53037,4607,0.0,8221,87,52950
8,53045,4608,1.0,8222,87,52958
5,53050,4608,0.0,8223,87,52963
7,53057,4608,0.0,8224,87,52970
7,53064,4608,0.0,8225,87,52977
13,53077,4609,1.0,8226,87,52990
7,53084,4609,0.0,8227,87,52997
9,53093,4610,1.0,8228,87,53006
11,53104,4611,1.0,8229,87,53017
6,53110,4612,1.0,8230,87,53023
6,53116,4613,1.0,8231,87,53029
4,53120,4613,0.0,8232,87,53033
9,53129,4614,1.0,8233,87,53042
6,53135,4615,1.0,8234,87,53048
3,53138,4615,0.0,8235,87,53051
2,53140,4615,0.0,8236,87,53053
4,53144,4615,0.0,8237,87,53057
2,53146,4615,0.0,8238,87,53059
13,53159,4616,1.0,8239,87,53072
6,53165,4617,1.0,8240,87,53078
6,53171,4618,1.0,8241,87,53084
4,53175,4618,0.0,8242,87,53088
2,53177,4618,0.0,8243,87,53090
3,53180,4618,0.0,8244,87,53093
2,53182,4618,0.0,8245,87,53095
4,53186,4618,0.0,8246,87,53099
6,53192,4619,1.0,8247,87,53105
6,53198,4620,1.0,8248,87,53111
12,53210,4621,1.0,8249,87,53123
2,53212,4621,0.0,8250,87,53125
9,53221,4621,0.0,8251,87,53134
8,53229,4622,1.0,8252,87,53142
2,53231,4622,0.0,8253,87,53144
5,53236,4622,0.0,8254,87,53149
6,53242,4623,1.0,8255,87,53155
2,53244,4623,0.0,8256,87,53157
4,53248,4623,0.0,8257,87,53161
7,53255,4624,1.0,8258,87,53168
7,53262,4625,1.0,8259,87,53175
9,53271,4626,1.0,8260,87,53184
6,53277,4627,1.0,8261,87,53190
9,53286,4628,1.0,8262,87,53199
6,53292,4629,1.0,8263,87,53205
6,53298,4630,1.0,8264,87,53211
5,53303,4630,0.0,8265,87,53216
7,53310,4631,1.0,8266,87,53223
8,53318,4632,1.0,8267,87,53231
8,53326,4633,1.0,8268,87,53239
20,53346,4634,1.0,8269,87,53259
6,53352,4635,1.0,8270,87,53265
5,53357,4635,0.0,8271,87,53270
6,53363,4636,1.0,8272,87,53276
9,53372,4637,1.0,8273,87,53285
6,53378,4638,1.0,8274,87,53291
11,53389,4639,1.0,8275,87,53302
7,53396,4640,1.0,8276,87,53309
7,53403,4640,0.0,8277,87,53316
8,53411,4641,1.0,8278,87,53324
10,53421,4641,0.0,8279,87,53334
6,53427,4642,1.0,8280,87,53340
6,53433,4643,1.0,8281,87,53346
6,53439,4644,1.0,8282,87,53352
6,53445,4645,1.0,8283,87,53358
5,53450,4645,0.0,8284,87,53363
7,53457,4646,1.0,8285,87,53370
6,53463,4647,1.0,8286,87,53376
8,53471,4648,1.0,8287,87,53384
2,53473,4648,0.0,8288,87,53386
4,53477,4648,0.0,8289,87,53390
3,53480,4648,0.0,8290,87,53393
6,53486,4649,1.0,8291,87,53399
12,53498,4650,1.0,8292,87,53411
5,53503,4650,0.0,8293,87,53416
10,53513,4651,1.0,8294,87,53426
7,53520,4652,1.0,8295,87,53433
6,53526,4653,1.0,8296,87,53439
6,53532,4654,1.0,8297,87,53445
6,53538,4655,1.0,8298,87,53451
3,53541,4655,0.0,8299,87,53454
11,53552,4656,1.0,8300,87,53465
8,53560,4657,1.0,8301,87,53473
2,53562,4657,0.0,8302,87,53475
5,53567,4657,0.0,8303,87,53480
6,53573,4658,1.0,8304,87,53486
6,53579,4659,1.0,8305,87,53492
5,53584,4659,0.0,8306,87,53497
8,53592,4660,1.0,8307,87,53505
4,53596,4660,0.0,8308,87,53509
8,53604,4661,1.0,8309,87,53517
6,53610,4662,1.0,8310,87,53523
8,53618,4663,1.0,8311,87,53531
8,53626,4664,1.0,8312,87,53539
2,53628,4664,0.0,8313,87,53541
6,53634,4664,0.0,8314,87,53547
6,53640,4665,1.0,8315,87,53553
6,53646,4666,1.0,8316,87,53559
3,53649,4666,0.0,8317,87,53562
8,53657,4667,1.0,8318,87,53570
6,53663,4668,1.0,8319,87,53576
7,53670,4669,1.0,8320,87,53583
6,53676,4670,1.0,8321,87,53589
6,53682,4671,1.0,8322,87,53595
4,53686,4671,0.0,8323,87,53599
8,53694,4672,1.0,8324,87,53607
6,53700,4673,1.0,8325,87,53613
10,53710,4673,0.0,8326,87,53623
10,53720,4674,1.0,8327,87,53633
9,53729,4675,1.0,8328,87,53642
4,53733,4675,0.0,8329,87,53646
5,53738,4675,0.0,8330,87,53651
6,53744,4676,1.0,8331,87,53657
4,53748,4676,0.0,8332,87,53661
7,53755,4677,1.0,8333,87,53668
3,53758,4677,0.0,8334,87,53671
8,53766,4678,1.0,8335,87,53679
7,53773,4679,1.0,8336,87,53686
6,53779,4680,1.0,8337,87,53692
6,53785,4681,1.0,8338,87,53698
2,53787,4681,0.0,8339,87,53700
9,53796,4682,1.0,8340,87,53709
7,53803,4683,1.0,8341,87,53716
7,53810,4684,1.0,8342,87,53723
7,53817,4685,1.0,8343,87,53730
6,53823,4686,1.0,8344,87,53736
4,53827,4686,0.0,8345,87,53740
6,53833,4687,1.0,8346,87,53746
8,53841,4688,1.0,8347,87,53754
7,53848,4689,1.0,8348,87,53761
6,53854,4690,1.0,8349,87,53767
8,53862,4691,1.0,8350,87,53775
2,53864,4691,0.0,8351,87,53777
4,53868,4691,0.0,8352,87,53781
8,53876,4692,1.0,8353,87,53789
6,53882,4693,1.0,8354,87,53795
6,53888,4693,0.0,8355,87,53801
8,53896,4693,0.0,8356,87,53809
7,53903,4694,1.0,8357,87,53816
4,53907,4694,0.0,8358,87,53820
6,53913,4695,1.0,8359,87,53826
6,53919,4696,1.0,8360,87,53832
9,53928,4697,1.0,8361,87,53841
6,53934,4698,1.0,8362,87,53847
4,53938,4698,0.0,8363,87,53851
7,53945,4699,1.0,8364,87,53858
6,53951,4700,1.0,8365,87,53864
13,53964,4701,1.0,8366,87,53877
7,53971,4702,1.0,8367,87,53884
7,53978,4703,1.0,8368,87,53891
8,53986,4704,1.0,8369,87,53899
9,53995,4705,1.0,8370,87,53908
7,54002,4706,1.0,8371,87,53915
6,54008,4707,1.0,8372,87,53921
2,54010,4707,0.0,8373,87,53923
6,54016,4708,1.0,8374,87,53929
6,54022,4709,1.0,8375,87,53935
6,54028,4710,1.0,8376,87,53941
4,54032,4710,0.0,8377,87,53945
2,54034,4710,0.0,8378,87,53947
6,54040,4711,1.0,8379,87,53953
2,54042,4711,0.0,8380,87,53955
10,54052,4712,1.0,8381,87,53965
2,54054,4712,0.0,8382,87,53967
7,54061,4713,1.0,8383,87,53974
6,54067,4714,1.0,8384,87,53980
4,54071,4714,0.0,8385,87,53984
7,54078,4715,1.0,8386,87,53991
4,54082,4715,0.0,8387,87,53995
6,54088,4716,1.0,8388,87,54001
8,54096,4717,1.0,8389,87,54009
11,54107,4718,1.0,8390,87,54020
7,54114,4719,1.0,8391,87,54027
7,54121,4720,1.0,8392,87,54034
6,54127,4720,0.0,8393,87,54040
9,54136,4721,1.0,8394,87,54049
6,54142,4722,1.0,8395,87,54055
8,54150,4723,1.0,8396,87,54063
6,54156,4724,1.0,8397,87,54069
8,54164,4725,1.0,8398,87,54077
6,54170,4726,1.0,8399,87,54083
8,54178,4727,1.0,8400,87,54091
6,54184,4728,1.0,8401,87,54097
9,54193,4729,1.0,8402,87,54106
4,54197,4729,0.0,8403,87,54110
8,54205,4730,1.0,8404,87,54118
6,54211,4731,1.0,8405,87,54124
12,54223,4732,1.0,8406,87,54136
7,54230,4732,0.0,8407,87,54143
6,54236,4733,1.0,8408,87,54149
2,54238,4733,0.0,8409,87,54151
4,54242,4733,0.0,8410,87,54155
9,54251,4734,1.0,8411,87,54164
7,54258,4735,1.0,8412,87,54171
3,54261,4735,0.0,8413,87,54174
9,54270,4736,1.0,8414,87,54183
10,54280,4736,0.0,8415,87,54193
6,54286,4737,1.0,8416,87,54199
13,54299,4738,1.0,8417,87,54212
6,54305,4739,1.0,8418,87,54218
6,54311,4740,1.0,8419,87,54224
6,54317,4741,1.0,8420,87,54230
8,54325,4742,1.0,8421,87,54238
8,54333,4743,1.0,8422,87,54246
6,54339,4744,1.0,8423,87,54252
7,54346,4745,1.0,8424,87,54259
9,54355,4746,1.0,8425,87,54268
4,54359,4746,0.0,8426,87,54272
4,54363,4746,0.0,8427,87,54276
6,54369,4747,1.0,8428,87,54282
10,54379,4748,1.0,8429,87,54292
3,54382,4748,0.0,8430,87,54295
10,54392,4749,1.0,8431,87,54305
3,54395,4749,0.0,8432,87,54308
7,54402,4750,1.0,8433,87,54315
6,54408,4751,1.0,8434,87,54321
9,54417,4752,1.0,8435,87,54330
6,54423,4753,1.0,8436,87,54336
6,54429,4754,1.0,8437,87,54342
6,54435,4755,1.0,8438,87,54348
8,54443,4756,1.0,8439,87,54356
8,54451,4757,1.0,8440,87,54364
8,54459,4757,0.0,8441,87,54372
8,54467,4758,1.0,8442,87,54380
4,54471,4758,0.0,8443,87,54384
6,54477,4759,1.0,8444,87,54390
9,54486,4760,1.0,8445,87,54399
8,54494,4761,1.0,8446,87,54407
7,54501,4762,1.0,8447,87,54414
7,54508,4763,1.0,8448,87,54421
7,54515,4763,0.0,8449,87,54428
9,54524,4764,1.0,8450,87,54437
2,54526,4764,0.0,8451,87,54439
5,54531,4764,0.0,8452,87,54444
6,54537,4765,1.0,8453,87,54450
8,54545,4766,1.0,8454,87,54458
6,54551,4767,1.0,8455,87,54464
8,54559,4768,1.0,8456,87,54472
6,54565,4769,1.0,8457,87,54478
6,54571,4770,1.0,8458,87,54484
6,54577,4771,1.0,8459,87,54490
8,54585,4772,1.0,8460,87,54498
6,54591,4773,1.0,8461,87,54504
6,54597,4774,1.0,8462,87,54510
4,54601,4774,0.0,8463,87,54514
2,54603,4774,0.0,8464,87,54516
7,54610,4774,0.0,8465,87,54523
7,54617,4775,1.0,8466,87,54530
6,54623,4776,1.0,8467,87,54536
6,54629,4777,1.0,8468,87,54542
6,54635,4778,1.0,8469,87,54548
12,54647,4779,1.0,8470,87,54560
9,54656,4780,1.0,8471,87,54569
6,54662,4781,1.0,8472,87,54575
4,54666,4781,0.0,8473,87,54579
8,54674,4782,1.0,8474,87,54587
7,54681,4783,1.0,8475,87,54594
7,54688,4784,1.0,8476,87,54601
7,54695,4785,1.0,8477,87,54608
6,54701,4786,1.0,8478,87,54614
9,54710,4787,1.0,8479,87,54623
6,54716,4787,0.0,8480,87,54629
5,54721,4787,0.0,8481,87,54634
10,54731,4787,0.0,8482,87,54644
2,54733,4787,0.0,8483,87,54646
5,54738,4787,0.0,8484,87,54651
2,54740,4787,0.0,8485,87,54653
4,54744,4787,0.0,8486,87,54657
3,54747,4787,0.0,8487,87,54660
6,54753,4788,1.0,8488,87,54666
6,54759,4789,1.0,8489,87,54672
6,54765,4790,1.0,8490,87,54678
6,54771,4791,1.0,8491,87,54684
6,54777,4792,1.0,8492,87,54690
4,54781,4792,0.0,8493,87,54694
5,54786,4792,0.0,8494,87,54699
10,54796,4793,1.0,8495,87,54709
2,54798,4793,0.0,8496,87,54711
14,54812,4794,1.0,8497,87,54725
6,54818,4795,1.0,8498,87,54731
6,54824,4796,1.0,8499,87,54737
6,54830,4797,1.0,8500,87,54743
6,54836,4798,1.0,8501,87,54749
6,54842,4799,1.0,8502,87,54755
6,54848,4800,1.0,8503,87,54761
4,54852,4800,0.0,8504,87,54765
4,54856,4800,0.0,8505,87,54769
10,54866,4800,0.0,8506,87,54779
6,54872,4801,1.0,8507,87,54785
10,54882,4802,1.0,8508,87,54795
6,54888,4803,1.0,8509,87,54801
6,54894,4804,1.0,8510,87,54807
6,54900,4805,1.0,8511,87,54813
2,54902,4805,0.0,8512,87,54815
11,54913,4806,1.0,8513,87,54826
4,54917,4806,0.0,8514,87,54830
6,54923,4807,1.0,8515,87,54836
6,54929,4808,1.0,8516,87,54842
5,54934,4808,0.0,8517,87,54847
6,54940,4809,1.0,8518,87,54853
6,54946,4810,1.0,8519,87,54859
6,54952,4811,1.0,8520,87,54865
6,54958,4812,1.0,8521,87,54871
6,54964,4813,1.0,8522,87,54877
7,54971,4814,1.0,8523,87,54884
5,54976,4814,0.0,8524,87,54889
6,54982,4815,1.0,8525,87,54895
8,54990,4816,1.0,8526,87,54903
6,54996,4817,1.0,8527,87,54909
6,55002,4818,1.0,8528,87,54915
6,55008,4819,1.0,8529,87,54921
11,55019,4820,1.0,8530,87,54932
6,55025,4821,1.0,8531,87,54938
8,55033,4822,1.0,8532,87,54946
8,55041,4823,1.0,8533,87,54954
6,55047,4824,1.0,8534,87,54960
6,55053,4825,1.0,8535,87,54966
8,55061,4826,1.0,8536,87,54974
6,55067,4826,0.0,8537,87,54980
8,55075,4827,1.0,8538,87,54988
6,55081,4828,1.0,8539,87,54994
4,55085,4828,0.0,8540,87,54998
8,55093,4829,1.0,8541,87,55006
6,55099,4830,1.0,8542,87,55012
6,55105,4831,1.0,8543,87,55018
9,55114,4832,1.0,8544,87,55027
7,55121,4833,1.0,8545,87,55034
6,55127,4834,1.0,8546,87,55040
6,55133,4835,1.0,8547,87,55046
6,55139,4836,1.0,8548,87,55052
7,55146,4836,0.0,8549,87,55059
4,55150,4836,0.0,8550,87,55063
7,55157,4837,1.0,8551,87,55070
8,55165,4838,1.0,8552,87,55078
5,55170,4838,0.0,8553,87,55083
8,55178,4839,1.0,8554,87,55091
6,55184,4840,1.0,8555,87,55097
2,55186,4840,0.0,8556,87,55099
7,55193,4841,1.0,8557,87,55106
6,55199,4842,1.0,8558,87,55112
6,55205,4843,1.0,8559,87,55118
9,55214,4844,1.0,8560,87,55127
7,55221,4845,1.0,8561,87,55134
6,55227,4846,1.0,8562,87,55140
4,55231,4846,0.0,8563,87,55144
2,55233,4846,0.0,8564,87,55146
10,55243,4846,0.0,8565,87,55156
4,55247,4846,0.0,8566,87,55160
11,55258,4847,1.0,8567,87,55171
6,55264,4848,1.0,8568,87,55177
8,55272,4849,1.0,8569,87,55185
4,55276,4849,0.0,8570,87,55189
4,55280,4849,0.0,8571,87,55193
6,55286,4850,1.0,8572,87,55199
6,55292,4850,0.0,8573,87,55205
6,55298,4851,1.0,8574,87,55211
6,55304,4852,1.0,8575,87,55217
6,55310,4853,1.0,8576,87,55223
5,55315,4853,0.0,8577,87,55228
6,55321,4854,1.0,8578,87,55234
4,55325,4854,0.0,8579,87,55238
7,55332,4855,1.0,8580,87,55245
7,55339,4855,0.0,8581,87,55252
6,55345,4856,1.0,8582,87,55258
6,55351,4857,1.0,8583,87,55264
3,55354,4857,0.0,8584,87,55267
9,55363,4858,1.0,8585,87,55276
7,55370,4859,1.0,8586,87,55283
6,55376,4860,1.0,8587,87,55289
3,55379,4860,0.0,8588,87,55292
6,55385,4861,1.0,8589,87,55298
6,55391,4862,1.0,8590,87,55304
8,55399,4863,1.0,8591,87,55312
6,55405,4864,1.0,8592,87,55318
8,55413,4865,1.0,8593,87,55326
2,55415,4865,0.0,8594,87,55328
6,55421,4866,1.0,8595,87,55334
4,55425,4866,0.0,8596,87,55338
7,55432,4866,0.0,8597,87,55345
6,55438,4867,1.0,8598,87,55351
6,55444,4868,1.0,8599,87,55357
6,55450,4869,1.0,8600,87,55363
6,55456,4870,1.0,8601,87,55369
8,55464,4871,1.0,8602,87,55377
7,55471,4872,1.0,8603,87,55384
3,55474,4872,0.0,8604,87,55387
7,55481,4873,1.0,8605,87,55394
2,55483,4873,0.0,8606,87,55396
2,55485,4873,0.0,8607,87,55398
6,55491,4874,1.0,8608,87,55404
6,55497,4875,1.0,8609,87,55410
2,55499,4875,0.0,8610,87,55412
8,55507,4876,1.0,8611,87,55420
2,55509,4876,0.0,8612,87,55422
6,55515,4877,1.0,8613,87,55428
2,55517,4877,0.0,8614,87,55430
6,55523,4878,1.0,8615,87,55436
4,55527,4878,0.0,8616,87,55440
4,55531,4878,0.0,8617,87,55444
9,55540,4879,1.0,8618,87,55453
4,55544,4879,0.0,8619,87,55457
6,55550,4880,1.0,8620,87,55463
6,55556,4881,1.0,8621,87,55469
9,55565,4882,1.0,8622,87,55478
10,55575,4883,1.0,8623,87,55488
6,55581,4884,1.0,8624,87,55494
4,55585,4884,0.0,8625,87,55498
4,55589,4884,0.0,8626,87,55502
7,55596,4885,1.0,8627,87,55509
6,55602,4886,1.0,8628,87,55515
6,55608,4887,1.0,8629,87,55521
6,55614,4888,1.0,8630,87,55527
10,55624,4889,1.0,8631,87,55537
7,55631,4890,1.0,8632,87,55544
4,55635,4890,0.0,8633,87,55548
4,55639,4890,0.0,8634,87,55552
6,55645,4891,1.0,8635,87,55558
6,55651,4892,1.0,8636,87,55564
12,55663,4893,1.0,8637,87,55576
2,55665,4893,0.0,8638,87,55578
4,55669,4893,0.0,8639,87,55582
6,55675,4894,1.0,8640,87,55588
6,55681,4895,1.0,8641,87,55594
3,55684,4895,0.0,8642,87,55597
8,55692,4896,1.0,8643,87,55605
3,55695,4896,0.0,8644,87,55608
9,55704,4897,1.0,8645,87,55617
4,55708,4897,0.0,8646,87,55621
7,55715,4898,1.0,8647,87,55628
7,55722,4899,1.0,8648,87,55635
9,55731,4900,1.0,8649,87,55644
6,55737,4901,1.0,8650,87,55650
6,55743,4902,1.0,8651,87,55656
3,55746,4902,0.0,8652,87,55659
4,55750,4902,0.0,8653,87,55663
10,55760,4903,1.0,8654,87,55673
8,55768,4904,1.0,8655,87,55681
8,55776,4904,0.0,8656,87,55689
6,55782,4905,1.0,8657,87,55695
2,55784,4905,0.0,8658,87,55697
7,55791,4905,0.0,8659,87,55704
4,55795,4905,0.0,8660,87,55708
8,55803,4906,1.0,8661,87,55716
8,55811,4907,1.0,8662,87,55724
6,55817,4908,1.0,8663,87,55730
8,55825,4909,1.0,8664,87,55738
6,55831,4910,1.0,8665,87,55744
4,55835,4910,0.0,8666,87,55748
6,55841,4911,1.0,8667,87,55754
3,55844,4911,0.0,8668,87,55757
6,55850,4912,1.0,8669,87,55763
6,55856,4913,1.0,8670,87,55769
9,55865,4914,1.0,8671,87,55778
6,55871,4915,1.0,8672,87,55784
6,55877,4915,0.0,8673,87,55790
2,55879,4915,0.0,8674,87,55792
6,55885,4916,1.0,8675,87,55798
8,55893,4916,0.0,8676,87,55806
6,55899,4917,1.0,8677,87,55812
10,55909,4918,1.0,8678,87,55822
7,55916,4919,1.0,8679,87,55829
12,55928,4920,1.0,8680,87,55841
2,55930,4920,0.0,8681,87,55843
7,55937,4920,0.0,8682,87,55850
6,55943,4921,1.0,8683,87,55856
6,55949,4922,1.0,8684,87,55862
9,55958,4923,1.0,8685,87,55871
6,55964,4924,1.0,8686,87,55877
6,55970,4925,1.0,8687,87,55883
6,55976,4926,1.0,8688,87,55889
6,55982,4927,1.0,8689,87,55895
6,55988,4928,1.0,8690,87,55901
3,55991,4928,0.0,8691,87,55904
6,55997,4929,1.0,8692,87,55910
12,56009,4930,1.0,8693,87,55922
4,56013,4930,0.0,8694,87,55926
8,56021,4931,1.0,8695,87,55934
10,56031,4932,1.0,8696,87,55944
15,56046,4933,1.0,8697,87,55959
2,56048,4933,0.0,8698,87,55961
5,56053,4933,0.0,8699,87,55966
3,56056,4933,0.0,8700,87,55969
6,56062,4934,1.0,8701,87,55975
6,56068,4935,1.0,8702,87,55981
3,56071,4935,0.0,8703,87,55984
6,56077,4936,1.0,8704,87,55990
5,56082,4936,0.0,8705,87,55995
12,56094,4937,1.0,8706,87,56007
5,56099,4937,0.0,8707,87,56012
11,56110,4938,1.0,8708,87,56023
6,56116,4939,1.0,8709,87,56029
7,56123,4940,1.0,8710,87,56036
7,56130,4941,1.0,8711,87,56043
7,56137,4941,0.0,8712,87,56050
9,56146,4942,1.0,8713,87,56059
6,56152,4943,1.0,8714,87,56065
6,56158,4944,1.0,8715,87,56071
6,56164,4944,0.0,8716,87,56077
6,56170,4945,1.0,8717,87,56083
6,56176,4946,1.0,8718,87,56089
6,56182,4947,1.0,8719,87,56095
8,56190,4948,1.0,8720,87,56103
9,56199,4949,1.0,8721,87,56112
6,56205,4950,1.0,8722,87,56118
7,56212,4951,1.0,8723,87,56125
6,56218,4952,1.0,8724,87,56131
9,56227,4953,1.0,8725,87,56140
6,56233,4954,1.0,8726,87,56146
7,56240,4955,1.0,8727,87,56153
7,56247,4956,1.0,8728,87,56160
2,56249,4956,0.0,8729,87,56162
6,56255,4957,1.0,8730,87,56168
8,56263,4958,1.0,8731,87,56176
6,56269,4959,1.0,8732,87,56182
6,56275,4960,1.0,8733,87,56188
6,56281,4961,1.0,8734,87,56194
3,56284,4961,0.0,8735,87,56197
6,56290,4961,0.0,8736,87,56203
3,56293,4961,0.0,8737,87,56206
6,56299,4961,0.0,8738,87,56212
6,56305,4962,1.0,8739,87,56218
7,56312,4963,1.0,8740,87,56225
2,56314,4963,0.0,8741,87,56227
4,56318,4963,0.0,8742,87,56231
6,56324,4964,1.0,8743,87,56237
6,56330,4965,1.0,8744,87,56243
6,56336,4966,1.0,8745,87,56249
7,56343,4967,1.0,8746,87,56256
6,56349,4968,1.0,8747,87,56262
5,56354,4968,0.0,8748,87,56267
7,56361,4969,1.0,8749,87,56274
5,56366,4969,0.0,8750,87,56279
6,56372,4970,1.0,8751,87,56285
6,56378,4971,1.0,8752,87,56291
4,56382,4971,0.0,8753,87,56295
6,56388,4972,1.0,8754,87,56301
5,56393,4972,0.0,8755,87,56306
6,56399,4973,1.0,8756,87,56312
7,56406,4974,1.0,8757,87,56319
3,56409,4974,0.0,8758,87,56322
8,56417,4975,1.0,8759,87,56330
9,56426,4976,1.0,8760,87,56339
6,56432,4977,1.0,8761,87,56345
6,56438,4977,0.0,8762,87,56351
6,56444,4978,1.0,8763,87,56357
6,56450,4979,1.0,8764,87,56363
2,56452,4979,0.0,8765,87,56365
2,56454,4979,0.0,8766,87,56367
7,56461,4980,1.0,8767,87,56374
7,56468,4980,0.0,8768,87,56381
8,56476,4981,1.0,8769,87,56389
7,56483,4982,1.0,8770,87,56396
6,56489,4983,1.0,8771,87,56402
6,56495,4984,1.0,8772,87,56408
7,56502,4985,1.0,8773,87,56415
6,56508,4986,1.0,8774,87,56421
6,56514,4987,1.0,8775,87,56427
6,56520,4988,1.0,8776,87,56433
6,56526,4989,1.0,8777,87,56439
6,56532,4990,1.0,8778,87,56445
3,56535,4990,0.0,8779,87,56448
8,56543,4991,1.0,8780,87,56456
7,56550,4992,1.0,8781,87,56463
8,56558,4993,1.0,8782,87,56471
6,56564,4994,1.0,8783,87,56477
10,56574,4995,1.0,8784,87,56487
6,56580,4996,1.0,8785,87,56493
8,56588,4996,0.0,8786,87,56501
9,56597,4997,1.0,8787,87,56510
7,56604,4998,1.0,8788,87,56517
9,56613,4999,1.0,8789,87,56526
4,56617,4999,0.0,8790,87,56530
3,56620,4999,0.0,8791,87,56533
7,56627,5000,1.0,8792,87,56540
6,56633,5001,1.0,8793,87,56546
5,56638,5001,0.0,8794,87,56551
2,56640,5001,0.0,8795,87,56553
5,56645,5001,0.0,8796,87,56558
10,56655,5002,1.0,8797,87,56568
11,56666,5003,1.0,8798,87,56579
6,56672,5004,1.0,8799,87,56585
7,56679,5005,1.0,8800,87,56592
10,56689,5006,1.0,8801,87,56602
7,56696,5007,1.0,8802,87,56609
4,56700,5007,0.0,8803,87,56613
3,56703,5007,0.0,8804,87,56616
8,56711,5008,1.0,8805,87,56624
2,56713,5008,0.0,8806,87,56626
8,56721,5009,1.0,8807,87,56634
5,56726,5009,0.0,8808,87,56639
5,56731,5009,0.0,8809,87,56644
7,56738,5010,1.0,8810,87,56651
6,56744,5011,1.0,8811,87,56657
8,56752,5012,1.0,8812,87,56665
8,56760,5013,1.0,8813,87,56673
6,56766,5014,1.0,8814,87,56679
6,56772,5015,1.0,8815,87,56685
2,56774,5015,0.0,8816,87,56687
9,56783,5016,1.0,8817,87,56696
4,56787,5016,0.0,8818,87,56700
7,56794,5017,1.0,8819,87,56707
10,56804,5018,1.0,8820,87,56717
4,56808,5018,0.0,8821,87,56721
8,56816,5019,1.0,8822,87,56729
11,56827,5020,1.0,8823,87,56740
6,56833,5021,1.0,8824,87,56746
8,56841,5022,1.0,8825,87,56754
9,56850,5023,1.0,8826,87,56763
11,56861,5024,1.0,8827,87,56774
2,56863,5024,0.0,8828,87,56776
4,56867,5024,0.0,8829,87,56780
4,56871,5024,0.0,8830,87,56784
7,56878,5025,1.0,8831,87,56791
6,56884,5026,1.0,8832,87,56797
9,56893,5027,1.0,8833,87,56806
6,56899,5028,1.0,8834,87,56812
2,56901,5028,0.0,8835,87,56814
4,56905,5028,0.0,8836,87,56818
2,56907,5028,0.0,8837,87,56820
6,56913,5029,1.0,8838,87,56826
9,56922,5029,0.0,8839,87,56835
2,56924,5029,0.0,8840,87,56837
7,56931,5030,1.0,8841,87,56844
9,56940,5031,1.0,8842,87,56853
5,56945,5031,0.0,8843,87,56858
7,56952,5032,1.0,8844,87,56865
2,56954,5032,0.0,8845,87,56867
4,56958,5032,0.0,8846,87,56871
6,56964,5033,1.0,8847,87,56877
6,56970,5034,1.0,8848,87,56883
10,56980,5035,1.0,8849,87,56893
6,56986,5036,1.0,8850,87,56899
8,56994,5037,1.0,8851,87,56907
4,56998,5037,0.0,8852,87,56911
7,57005,5038,1.0,8853,87,56918
8,57013,5039,1.0,8854,87,56926
8,57021,5039,0.0,8855,87,56934
2,57023,5039,0.0,8856,87,56936
6,57029,5040,1.0,8857,87,56942
2,57031,5040,0.0,8858,87,56944
2,57033,5040,0.0,8859,87,56946
7,57040,5041,1.0,8860,87,56953
12,57052,5042,1.0,8861,87,56965
9,57061,5043,1.0,8862,87,56974
6,57067,5044,1.0,8863,87,56980
2,57069,5044,0.0,8864,87,56982
8,57077,5044,0.0,8865,87,56990
6,57083,5045,1.0,8866,87,56996
7,57090,5046,1.0,8867,87,57003
6,57096,5047,1.0,8868,87,57009
6,57102,5048,1.0,8869,87,57015
6,57108,5049,1.0,8870,87,57021
5,57113,5049,0.0,8871,87,57026
4,57117,5049,0.0,8872,87,57030
4,57121,5049,0.0,8873,87,57034
7,57128,5050,1.0,8874,87,57041
6,57134,5051,1.0,8875,87,57047
6,57140,5052,1.0,8876,87,57053
3,57143,5052,0.0,8877,87,57056
10,57153,5053,1.0,8878,87,57066
9,57162,5054,1.0,8879,87,57075
4,57166,5054,0.0,8880,87,57079
6,57172,5055,1.0,8881,87,57085
2,57174,5055,0.0,8882,87,57087
6,57180,5056,1.0,8883,87,57093
8,57188,5057,1.0,8884,87,57101
6,57194,5058,1.0,8885,87,57107
8,57202,5059,1.0,8886,87,57115
4,57206,5059,0.0,8887,87,57119
6,57212,5060,1.0,8888,87,57125
7,57219,5060,0.0,8889,87,57132
9,57228,5061,1.0,8890,87,57141
8,57236,5061,0.0,8891,87,57149
6,57242,5062,1.0,8892,87,57155
6,57248,5063,1.0,8893,87,57161
6,57254,5063,0.0,8894,87,57167
7,57261,5064,1.0,8895,87,57174
6,57267,5065,1.0,8896,87,57180
4,57271,5065,0.0,8897,87,57184
7,57278,5066,1.0,8898,87,57191
6,57284,5067,1.0,8899,87,57197
5,57289,5067,0.0,8900,87,57202
7,57296,5068,1.0,8901,87,57209
4,57300,5068,0.0,8902,87,57213
6,57306,5069,1.0,8903,87,57219
6,57312,5070,1.0,8904,87,57225
6,57318,5071,1.0,8905,87,57231
6,57324,5072,1.0,8906,87,57237
6,57330,5073,1.0,8907,87,57243
7,57337,5074,1.0,8908,87,57250
8,57345,5075,1.0,8909,87,57258
5,57350,5075,0.0,8910,87,57263
4,57354,5075,0.0,8911,87,57267
6,57360,5076,1.0,8912,87,57273
6,57366,5077,1.0,8913,87,57279
15,57381,5078,1.0,8914,87,57294
4,57385,5078,0.0,8915,87,57298
7,57392,5079,1.0,8916,87,57305
10,57402,5080,1.0,8917,87,57315
6,57408,5081,1.0,8918,87,57321
8,57416,5082,1.0,8919,87,57329
2,57418,5082,0.0,8920,87,57331
6,57424,5083,1.0,8921,87,57337
8,57432,5084,1.0,8922,87,57345
6,57438,5085,1.0,8923,87,57351
6,57444,5085,0.0,8924,87,57357
6,57450,5086,1.0,8925,87,57363
6,57456,5087,1.0,8926,87,57369
6,57462,5088,1.0,8927,87,57375
6,57468,5089,1.0,8928,87,57381
6,57474,5090,1.0,8929,87,57387
6,57480,5091,1.0,8930,87,57393
8,57488,5092,1.0,8931,87,57401
8,57496,5093,1.0,8932,87,57409
8,57504,5094,1.0,8933,87,57417
8,57512,5095,1.0,8934,87,57425
10,57522,5096,1.0,8935,87,57435
6,57528,5097,1.0,8936,87,57441
4,57532,5097,0.0,8937,87,57445
5,57537,5097,0.0,8938,87,57450
6,57543,5098,1.0,8939,87,57456
9,57552,5099,1.0,8940,87,57465
4,57556,5099,0.0,8941,87,57469
6,57562,5100,1.0,8942,87,57475
6,57568,5101,1.0,8943,87,57481
6,57574,5102,1.0,8944,87,57487
6,57580,5103,1.0,8945,87,57493
6,57586,5104,1.0,8946,87,57499
6,57592,5105,1.0,8947,87,57505
6,57598,5106,1.0,8948,87,57511
2,57600,5106,0.0,8949,87,57513
2,57602,5106,0.0,8950,87,57515
6,57608,5107,1.0,8951,87,57521
11,57619,5108,1.0,8952,87,57532
11,57630,5108,0.0,8953,87,57543
7,57637,5109,1.0,8954,87,57550
5,57642,5109,0.0,8955,87,57555
6,57648,5110,1.0,8956,87,57561
7,57655,5111,1.0,8957,87,57568
5,57660,5111,0.0,8958,87,57573
2,57662,5111,0.0,8959,87,57575
4,57666,5111,0.0,8960,87,57579
8,57674,5112,1.0,8961,87,57587
5,57679,5112,0.0,8962,87,57592
4,57683,5112,0.0,8963,87,57596
9,57692,5113,1.0,8964,87,57605
4,57696,5113,0.0,8965,87,57609
8,57704,5114,1.0,8966,87,57617
2,57706,5114,0.0,8967,87,57619
2,57708,5114,0.0,8968,87,57621
6,57714,5114,0.0,8969,87,57627
7,57721,5114,0.0,8970,87,57634
8,57729,5115,1.0,8971,87,57642
6,57735,5116,1.0,8972,87,57648
3,57738,5116,0.0,8973,87,57651
8,57746,5117,1.0,8974,87,57659
8,57754,5118,1.0,8975,87,57667
4,57758,5118,0.0,8976,87,57671
10,57768,5119,1.0,8977,87,57681
4,57772,5119,0.0,8978,87,57685
2,57774,5119,0.0,8979,87,57687
6,57780,5119,0.0,8980,87,57693
6,57786,5120,1.0,8981,87,57699
5,57791,5120,0.0,8982,87,57704
6,57797,5121,1.0,8983,87,57710
4,57801,5121,0.0,8984,87,57714
6,57807,5122,1.0,8985,87,57720
10,57817,5123,1.0,8986,87,57730
6,57823,5124,1.0,8987,87,57736
7,57830,5125,1.0,8988,87,57743
2,57832,5125,0.0,8989,87,57745
8,57840,5126,1.0,8990,87,57753
8,57848,5127,1.0,8991,87,57761
6,57854,5128,1.0,8992,87,57767
11,57865,5129,1.0,8993,87,57778
6,57871,5130,1.0,8994,87,57784
6,57877,5131,1.0,8995,87,57790
6,57883,5132,1.0,8996,87,57796
10,57893,5133,1.0,8997,87,57806
7,57900,5134,1.0,8998,87,57813
6,57906,5135,1.0,8999,87,57819
6,57912,5136,1.0,9000,87,57825
6,57918,5136,0.0,9001,87,57831
6,57924,5137,1.0,9002,87,57837
8,57932,5138,1.0,9003,87,57845
2,57934,5138,0.0,9004,87,57847
9,57943,5139,1.0,9005,87,57856
7,57950,5140,1.0,9006,87,57863
6,57956,5141,1.0,9007,87,57869
6,57962,5142,1.0,9008,87,57875
4,57966,5142,0.0,9009,87,57879
8,57974,5143,1.0,9010,87,57887
8,57982,5144,1.0,9011,87,57895
6,57988,5145,1.0,9012,87,57901
6,57994,5145,0.0,9013,87,57907
5,57999,5145,0.0,9014,87,57912
7,58006,5146,1.0,9015,87,57919
7,58013,5147,1.0,9016,87,57926
8,58021,5148,1.0,9017,87,57934
5,58026,5148,0.0,9018,87,57939
6,58032,5149,1.0,9019,87,57945
6,58038,5150,1.0,9020,87,57951
10,58048,5151,1.0,9021,87,57961
6,58054,5151,0.0,9022,87,57967
2,58056,5151,0.0,9023,87,57969
7,58063,5152,1.0,9024,87,57976
13,58076,5153,1.0,9025,87,57989
6,58082,5154,1.0,9026,87,57995
7,58089,5154,0.0,9027,87,58002
4,58093,5154,0.0,9028,87,58006
6,58099,5155,1.0,9029,87,58012
2,58101,5155,0.0,9030,87,58014
11,58112,5156,1.0,9031,87,58025
7,58119,5157,1.0,9032,87,58032
11,58130,5158,1.0,9033,87,58043
6,58136,5158,0.0,9034,87,58049
8,58144,5159,1.0,9035,87,58057
12,58156,5160,1.0,9036,87,58069
8,58164,5161,1.0,9037,87,58077
5,58169,5161,0.0,9038,87,58082
9,58178,5162,1.0,9039,87,58091
8,58186,5163,1.0,9040,87,58099
6,58192,5164,1.0,9041,87,58105
7,58199,5165,1.0,9042,87,58112
7,58206,5166,1.0,9043,87,58119
4,58210,5166,0.0,9044,87,58123
8,58218,5167,1.0,9045,87,58131
6,58224,5168,1.0,9046,87,58137
6,58230,5169,1.0,9047,87,58143
5,58235,5169,0.0,9048,87,58148
4,58239,5169,0.0,9049,87,58152
6,58245,5170,1.0,9050,87,58158
3,58248,5170,0.0,9051,87,58161
8,58256,5171,1.0,9052,87,58169
6,58262,5172,1.0,9053,87,58175
9,58271,5173,1.0,9054,87,58184
8,58279,5174,1.0,9055,87,58192
4,58283,5174,0.0,9056,87,58196
7,58290,5175,1.0,9057,87,58203
4,58294,5175,0.0,9058,87,58207
7,58301,5176,1.0,9059,87,58214
6,58307,5177,1.0,9060,87,58220
9,58316,5178,1.0,9061,87,58229
5,58321,5178,0.0,9062,87,58234
4,58325,5178,0.0,9063,87,58238
3,58328,5178,0.0,9064,87,58241
6,58334,5179,1.0,9065,87,58247
8,58342,5180,1.0,9066,87,58255
5,58347,5180,0.0,9067,87,58260
6,58353,5181,1.0,9068,87,58266
6,58359,5182,1.0,9069,87,58272
6,58365,5183,1.0,9070,87,58278
6,58371,5184,1.0,9071,87,58284
6,58377,5185,1.0,9072,87,58290
8,58385,5186,1.0,9073,87,58298
6,58391,5187,1.0,9074,87,58304
8,58399,5188,1.0,9075,87,58312
6,58405,5188,0.0,9076,87,58318
6,58411,5189,1.0,9077,87,58324
8,58419,5190,1.0,9078,87,58332
9,58428,5191,1.0,9079,87,58341
10,58438,5192,1.0,9080,87,58351
7,58445,5193,1.0,9081,87,58358
12,58457,5194,1.0,9082,87,58370
7,58464,5194,0.0,9083,87,58377
3,58467,5194,0.0,9084,87,58380
7,58474,5195,1.0,9085,87,58387
8,58482,5196,1.0,9086,87,58395
4,58486,5196,0.0,9087,87,58399
2,58488,5196,0.0,9088,87,58401
6,58494,5197,1.0,9089,87,58407
9,58503,5198,1.0,9090,87,58416
11,58514,5199,1.0,9091,87,58427
6,58520,5200,1.0,9092,87,58433
7,58527,5201,1.0,9093,87,58440
6,58533,5201,0.0,9094,87,58446
7,58540,5202,1.0,9095,87,58453
2,58542,5202,0.0,9096,87,58455
12,58554,5203,1.0,9097,87,58467
10,58564,5204,1.0,9098,87,58477
9,58573,5205,1.0,9099,87,58486
4,58577,5205,0.0,9100,87,58490
6,58583,5206,1.0,9101,87,58496
7,58590,5207,1.0,9102,87,58503
6,58596,5208,1.0,9103,87,58509
4,58600,5208,0.0,9104,87,58513
6,58606,5208,0.0,9105,87,58519
6,58612,5209,1.0,9106,87,58525
6,58618,5210,1.0,9107,87,58531
7,58625,5211,1.0,9108,87,58538
6,58631,5212,1.0,9109,87,58544
6,58637,5213,1.0,9110,87,58550
6,58643,5214,1.0,9111,87,58556
8,58651,5215,1.0,9112,87,58564
8,58659,5216,1.0,9113,87,58572
8,58667,5217,1.0,9114,87,58580
4,58671,5217,0.0,9115,87,58584
6,58677,5218,1.0,9116,87,58590
6,58683,5219,1.0,9117,87,58596
2,58685,5219,0.0,9118,87,58598
6,58691,5220,1.0,9119,87,58604
8,58699,5221,1.0,9120,87,58612
5,58704,5221,0.0,9121,87,58617
4,58708,5221,0.0,9122,87,58621
6,58714,5222,1.0,9123,87,58627
9,58723,5223,1.0,9124,87,58636
12,58735,5224,1.0,9125,87,58648
5,58740,5224,0.0,9126,87,58653
5,58745,5224,0.0,9127,87,58658
6,58751,5225,1.0,9128,87,58664
6,58757,5226,1.0,9129,87,58670
6,58763,5226,0.0,9130,87,58676
6,58769,5226,0.0,9131,87,58682
7,58776,5227,1.0,9132,87,58689
6,58782,5228,1.0,9133,87,58695
9,58791,5229,1.0,9134,87,58704
4,58795,5229,0.0,9135,87,58708
8,58803,5230,1.0,9136,87,58716
9,58812,5231,1.0,9137,87,58725
6,58818,5232,1.0,9138,87,58731
4,58822,5232,0.0,9139,87,58735
5,58827,5232,0.0,9140,87,58740
2,58829,5232,0.0,9141,87,58742
6,58835,5233,1.0,9142,87,58748
8,58843,5234,1.0,9143,87,58756
3,58846,5234,0.0,9144,87,58759
2,58848,5234,0.0,9145,87,58761
9,58857,5235,1.0,9146,87,58770
9,58866,5236,1.0,9147,87,58779
6,58872,5237,1.0,9148,87,58785
7,58879,5238,1.0,9149,87,58792
6,58885,5239,1.0,9150,87,58798
6,58891,5240,1.0,9151,87,58804
8,58899,5241,1.0,9152,87,58812
4,58903,5241,0.0,9153,87,58816
6,58909,5242,1.0,9154,87,58822
6,58915,5243,1.0,9155,87,58828
9,58924,5244,1.0,9156,87,58837
9,58933,5245,1.0,9157,87,58846
6,58939,5246,1.0,9158,87,58852
8,58947,5247,1.0,9159,87,58860
6,58953,5248,1.0,9160,87,58866
4,58957,5248,0.0,9161,87,58870
6,58963,5249,1.0,9162,87,58876
5,58968,5249,0.0,9163,87,58881
6,58974,5250,1.0,9164,87,58887
6,58980,5251,1.0,9165,87,58893
5,58985,5251,0.0,9166,87,58898
7,58992,5252,1.0,9167,87,58905
2,58994,5252,0.0,9168,87,58907
8,59002,5253,1.0,9169,87,58915
6,59008,5254,1.0,9170,87,58921
8,59016,5255,1.0,9171,87,58929
8,59024,5255,0.0,9172,87,58937
10,59034,5255,0.0,9173,87,58947
10,59044,5256,1.0,9174,87,58957
4,59048,5256,0.0,9175,87,58961
6,59054,5257,1.0,9176,87,58967
6,59060,5258,1.0,9177,87,58973
6,59066,5258,0.0,9178,87,58979
6,59072,5259,1.0,9179,87,58985
4,59076,5259,0.0,9180,87,58989
3,59079,5259,0.0,9181,87,58992
9,59088,5260,1.0,9182,87,59001
2,59090,5260,0.0,9183,87,59003
6,59096,5260,0.0,9184,87,59009
7,59103,5261,1.0,9185,87,59016
8,59111,5262,1.0,9186,87,59024
7,59118,5263,1.0,9187,87,59031
6,59124,5264,1.0,9188,87,59037
6,59130,5265,1.0,9189,87,59043
10,59140,5266,1.0,9190,87,59053
2,59142,5266,0.0,9191,87,59055
4,59146,5266,0.0,9192,87,59059
5,59151,5266,0.0,9193,87,59064
9,59160,5267,1.0,9194,87,59073
4,59164,5267,0.0,9195,87,59077
8,59172,5268,1.0,9196,87,59085
6,59178,5269,1.0,9197,87,59091
10,59188,5270,1.0,9198,87,59101
8,59196,5271,1.0,9199,87,59109
4,59200,5271,0.0,9200,87,59113
7,59207,5271,0.0,9201,87,59120
5,59212,5271,0.0,9202,87,59125
5,59217,5271,0.0,9203,87,59130
8,59225,5272,1.0,9204,87,59138
7,59232,5273,1.0,9205,87,59145
10,59242,5274,1.0,9206,87,59155
6,59248,5275,1.0,9207,87,59161
6,59254,5276,1.0,9208,87,59167
7,59261,5277,1.0,9209,87,59174
3,59264,5277,0.0,9210,87,59177
4,59268,5277,0.0,9211,87,59181
11,59279,5278,1.0,9212,87,59192
4,59283,5278,0.0,9213,87,59196
7,59290,5278,0.0,9214,87,59203
7,59297,5279,1.0,9215,87,59210
6,59303,5280,1.0,9216,87,59216
6,59309,5281,1.0,9217,87,59222
8,59317,5282,1.0,9218,87,59230
7,59324,5283,1.0,9219,87,59237
5,59329,5283,0.0,9220,87,59242
4,59333,5283,0.0,9221,87,59246
2,59335,5283,0.0,9222,87,59248
11,59346,5284,1.0,9223,87,59259
2,59348,5284,0.0,9224,87,59261
4,59352,5284,0.0,9225,87,59265
6,59358,5285,1.0,9226,87,59271
11,59369,5286,1.0,9227,87,59282
8,59377,5287,1.0,9228,87,59290
6,59383,5288,1.0,9229,87,59296
7,59390,5289,1.0,9230,87,59303
6,59396,5290,1.0,9231,87,59309
6,59402,5291,1.0,9232,87,59315
4,59406,5291,0.0,9233,87,59319
2,59408,5291,0.0,9234,87,59321
7,59415,5292,1.0,9235,87,59328
6,59421,5293,1.0,9236,87,59334
6,59427,5294,1.0,9237,87,59340
10,59437,5295,1.0,9238,87,59350
7,59444,5296,1.0,9239,87,59357
6,59450,5297,1.0,9240,87,59363
6,59456,5298,1.0,9241,87,59369
8,59464,5299,1.0,9242,87,59377
6,59470,5300,1.0,9243,87,59383
6,59476,5301,1.0,9244,87,59389
7,59483,5302,1.0,9245,87,59396
6,59489,5302,0.0,9246,87,59402
6,59495,5303,1.0,9247,87,59408
8,59503,5304,1.0,9248,87,59416
6,59509,5305,1.0,9249,87,59422
8,59517,5305,0.0,9250,87,59430
6,59523,5305,0.0,9251,87,59436
8,59531,5305,0.0,9252,87,59444
8,59539,5306,1.0,9253,87,59452
2,59541,5306,0.0,9254,87,59454
6,59547,5307,1.0,9255,87,59460
6,59553,5308,1.0,9256,87,59466
6,59559,5309,1.0,9257,87,59472
8,59567,5310,1.0,9258,87,59480
6,59573,5311,1.0,9259,87,59486
6,59579,5312,1.0,9260,87,59492
2,59581,5312,0.0,9261,87,59494
6,59587,5313,1.0,9262,87,59500
4,59591,5313,0.0,9263,87,59504
2,59593,5313,0.0,9264,87,59506
8,59601,5314,1.0,9265,87,59514
7,59608,5315,1.0,9266,87,59521
6,59614,5316,1.0,9267,87,59527
6,59620,5317,1.0,9268,87,59533
6,59626,5318,1.0,9269,87,59539
7,59633,5319,1.0,9270,87,59546
6,59639,5319,0.0,9271,87,59552
7,59646,5320,1.0,9272,87,59559
6,59652,5321,1.0,9273,87,59565
4,59656,5321,0.0,9274,87,59569
10,59666,5322,1.0,9275,87,59579
4,59670,5322,0.0,9276,87,59583
3,59673,5322,0.0,9277,87,59586
2,59675,5322,0.0,9278,87,59588
7,59682,5323,1.0,9279,87,59595
10,59692,5324,1.0,9280,87,59605
9,59701,5324,0.0,9281,87,59614
7,59708,5325,1.0,9282,87,59621
7,59715,5326,1.0,9283,87,59628
6,59721,5327,1.0,9284,87,59634
2,59723,5327,0.0,9285,87,59636
11,59734,5328,1.0,9286,87,59647
4,59738,5328,0.0,9287,87,59651
10,59748,5329,1.0,9288,87,59661
3,59751,5329,0.0,9289,87,59664
2,59753,5329,0.0,9290,87,59666
8,59761,5330,1.0,9291,87,59674
3,59764,5330,0.0,9292,87,59677
4,59768,5330,0.0,9293,87,59681
8,59776,5331,1.0,9294,87,59689
7,59783,5332,1.0,9295,87,59696
5,59788,5332,0.0,9296,87,59701
5,59793,5332,0.0,9297,87,59706
7,59800,5333,1.0,9298,87,59713
8,59808,5334,1.0,9299,87,59721
8,59816,5335,1.0,9300,87,59729
7,59823,5336,1.0,9301,87,59736
5,59828,5336,0.0,9302,87,59741
6,59834,5337,1.0,9303,87,59747
5,59839,5337,0.0,9304,87,59752
10,59849,5337,0.0,9305,87,59762
7,59856,5338,1.0,9306,87,59769
8,59864,5339,1.0,9307,87,59777
6,59870,5340,1.0,9308,87,59783
5,59875,5340,0.0,9309,87,59788
17,59892,5341,1.0,9310,87,59805
12,59904,5342,1.0,9311,87,59817
6,59910,5343,1.0,9312,87,59823
4,59914,5343,0.0,9313,87,59827
6,59920,5344,1.0,9314,87,59833
7,59927,5345,1.0,9315,87,59840
6,59933,5346,1.0,9316,87,59846
6,59939,5347,1.0,9317,87,59852
8,59947,5348,1.0,9318,87,59860
7,59954,5349,1.0,9319,87,59867
6,59960,5350,1.0,9320,87,59873
6,59966,5351,1.0,9321,87,59879
7,59973,5352,1.0,9322,87,59886
2,59975,5352,0.0,9323,87,59888
7,59982,5353,1.0,9324,87,59895
7,59989,5354,1.0,9325,87,59902
6,59995,5355,1.0,9326,87,59908
8,60003,5356,1.0,9327,87,59916
8,60011,5357,1.0,9328,87,59924
6,60017,5358,1.0,9329,87,59930
16,60033,5359,1.0,9330,87,59946
9,60042,5360,1.0,9331,87,59955
7,60049,5361,1.0,9332,87,59962
5,60054,5361,0.0,9333,87,59967
8,60062,5362,1.0,9334,87,59975
2,60064,5362,0.0,9335,87,59977
5,60069,5362,0.0,9336,87,59982
7,60076,5363,1.0,9337,87,59989
4,60080,5363,0.0,9338,87,59993
2,60082,5363,0.0,9339,87,59995
4,60086,5363,0.0,9340,87,59999
5,60091,5363,0.0,9341,87,60004
7,60098,5364,1.0,9342,87,60011
7,60105,5365,1.0,9343,87,60018
8,60113,5365,0.0,9344,87,60026
6,60119,5366,1.0,9345,87,60032
7,60126,5367,1.0,9346,87,60039
2,60128,5367,0.0,9347,87,60041
7,60135,5368,1.0,9348,87,60048
6,60141,5369,1.0,9349,87,60054
6,60147,5370,1.0,9350,87,60060
5,60152,5370,0.0,9351,87,60065
7,60159,5371,1.0,9352,87,60072
6,60165,5372,1.0,9353,87,60078
4,60169,5372,0.0,9354,87,60082
6,60175,5373,1.0,9355,87,60088
3,60178,5373,0.0,9356,87,60091
6,60184,5374,1.0,9357,87,60097
5,60189,5374,0.0,9358,87,60102
9,60198,5375,1.0,9359,87,60111
4,60202,5375,0.0,9360,87,60115
2,60204,5375,0.0,9361,87,60117
8,60212,5376,1.0,9362,87,60125
6,60218,5377,1.0,9363,87,60131
6,60224,5378,1.0,9364,87,60137
7,60231,5379,1.0,9365,87,60144
7,60238,5380,1.0,9366,87,60151
6,60244,5381,1.0,9367,87,60157
6,60250,5382,1.0,9368,87,60163
6,60256,5383,1.0,9369,87,60169
6,60262,5384,1.0,9370,87,60175
9,60271,5385,1.0,9371,87,60184
7,60278,5386,1.0,9372,87,60191
2,60280,5386,0.0,9373,87,60193
6,60286,5387,1.0,9374,87,60199
7,60293,5388,1.0,9375,87,60206
6,60299,5389,1.0,9376,87,60212
6,60305,5390,1.0,9377,87,60218
6,60311,5390,0.0,9378,87,60224
8,60319,5391,1.0,9379,87,60232
8,60327,5392,1.0,9380,87,60240
7,60334,5393,1.0,9381,87,60247
8,60342,5394,1.0,9382,87,60255
6,60348,5394,0.0,9383,87,60261
4,60352,5394,0.0,9384,87,60265
4,60356,5394,0.0,9385,87,60269
6,60362,5395,1.0,9386,87,60275
6,60368,5396,1.0,9387,87,60281
6,60374,5397,1.0,9388,87,60287
6,60380,5398,1.0,9389,87,60293
2,60382,5398,0.0,9390,87,60295
6,60388,5399,1.0,9391,87,60301
6,60394,5400,1.0,9392,87,60307
6,60400,5401,1.0,9393,87,60313
2,60402,5401,0.0,9394,87,60315
4,60406,5401,0.0,9395,87,60319
10,60416,5402,1.0,9396,87,60329
8,60424,5403,1.0,9397,87,60337
6,60430,5404,1.0,9398,87,60343
6,60436,5405,1.0,9399,87,60349
7,60443,5406,1.0,9400,87,60356
6,60449,5407,1.0,9401,87,60362
4,60453,5407,0.0,9402,87,60366
3,60456,5407,0.0,9403,87,60369
4,60460,5407,0.0,9404,87,60373
6,60466,5408,1.0,9405,87,60379
6,60472,5409,1.0,9406,87,60385
6,60478,5410,1.0,9407,87,60391
8,60486,5411,1.0,9408,87,60399
6,60492,5412,1.0,9409,87,60405
11,60503,5413,1.0,9410,87,60416
11,60514,5414,1.0,9411,87,60427
6,60520,5415,1.0,9412,87,60433
6,60526,5416,1.0,9413,87,60439
7,60533,5417,1.0,9414,87,60446
7,60540,5418,1.0,9415,87,60453
6,60546,5419,1.0,9416,87,60459
8,60554,5420,1.0,9417,87,60467
8,60562,5421,1.0,9418,87,60475
6,60568,5422,1.0,9419,87,60481
6,60574,5423,1.0,9420,87,60487
6,60580,5424,1.0,9421,87,60493
6,60586,5425,1.0,9422,87,60499
4,60590,5425,0.0,9423,87,60503
6,60596,5426,1.0,9424,87,60509
8,60604,5427,1.0,9425,87,60517
7,60611,5428,1.0,9426,87,60524
6,60617,5429,1.0,9427,87,60530
6,60623,5430,1.0,9428,87,60536
4,60627,5430,0.0,9429,87,60540
3,60630,5430,0.0,9430,87,60543
5,60635,5430,0.0,9431,87,60548
10,60645,5431,1.0,9432,87,60558
10,60655,5432,1.0,9433,87,60568
4,60659,5432,0.0,9434,87,60572
8,60667,5433,1.0,9435,87,60580
5,60672,5433,0.0,9436,87,60585
10,60682,5434,1.0,9437,87,60595
2,60684,5434,0.0,9438,87,60597
2,60686,5434,0.0,9439,87,60599
6,60692,5435,1.0,9440,87,60605
4,60696,5435,0.0,9441,87,60609
7,60703,5436,1.0,9442,87,60616
2,60705,5436,0.0,9443,87,60618
6,60711,5437,1.0,9444,87,60624
6,60717,5438,1.0,9445,87,60630
7,60724,5438,0.0,9446,87,60637
6,60730,5439,1.0,9447,87,60643
9,60739,5439,0.0,9448,87,60652
7,60746,5440,1.0,9449,87,60659
7,60753,5441,1.0,9450,87,60666
5,60758,5441,0.0,9451,87,60671
6,60764,5442,1.0,9452,87,60677
3,60767,5442,0.0,9453,87,60680
6,60773,5443,1.0,9454,87,60686
7,60780,5444,1.0,9455,87,60693
8,60788,5445,1.0,9456,87,60701
13,60801,5446,1.0,9457,87,60714
6,60807,5447,1.0,9458,87,60720
6,60813,5448,1.0,9459,87,60726
4,60817,5448,0.0,9460,87,60730
2,60819,5448,0.0,9461,87,60732
8,60827,5448,0.0,9462,87,60740
10,60837,5449,1.0,9463,87,60750
7,60844,5450,1.0,9464,87,60757
4,60848,5450,0.0,9465,87,60761
5,60853,5450,0.0,9466,87,60766
8,60861,5451,1.0,9467,87,60774
6,60867,5452,1.0,9468,87,60780
5,60872,5452,0.0,9469,87,60785
8,60880,5453,1.0,9470,87,60793
6,60886,5454,1.0,9471,87,60799
4,60890,5454,0.0,9472,87,60803
6,60896,5455,1.0,9473,87,60809
14,60910,5456,1.0,9474,87,60823
3,60913,5456,0.0,9475,87,60826
7,60920,5457,1.0,9476,87,60833
8,60928,5458,1.0,9477,87,60841
7,60935,5459,1.0,9478,87,60848
4,60939,5459,0.0,9479,87,60852
8,60947,5460,1.0,9480,87,60860
6,60953,5461,1.0,9481,87,60866
6,60959,5462,1.0,9482,87,60872
4,60963,5462,0.0,9483,87,60876
6,60969,5463,1.0,9484,87,60882
9,60978,5464,1.0,9485,87,60891
6,60984,5465,1.0,9486,87,60897
6,60990,5466,1.0,9487,87,60903
8,60998,5466,0.0,9488,87,60911
6,61004,5467,1.0,9489,87,60917
5,61009,5467,0.0,9490,87,60922
6,61015,5467,0.0,9491,87,60928
6,61021,5468,1.0,9492,87,60934
7,61028,5469,1.0,9493,87,60941
8,61036,5470,1.0,9494,87,60949
7,61043,5471,1.0,9495,87,60956
9,61052,5472,1.0,9496,87,60965
5,61057,5472,0.0,9497,87,60970
7,61064,5473,1.0,9498,87,60977
7,61071,5474,1.0,9499,87,60984
8,61079,5475,1.0,9500,87,60992
8,61087,5476,1.0,9501,87,61000
6,61093,5477,1.0,9502,87,61006
14,61107,5478,1.0,9503,87,61020
9,61116,5479,1.0,9504,87,61029
5,61121,5479,0.0,9505,87,61034
7,61128,5480,1.0,9506,87,61041
8,61136,5481,1.0,9507,87,61049
6,61142,5482,1.0,9508,87,61055
2,61144,5482,0.0,9509,87,61057
8,61152,5483,1.0,9510,87,61065
8,61160,5484,1.0,9511,87,61073
7,61167,5485,1.0,9512,87,61080
6,61173,5486,1.0,9513,87,61086
8,61181,5487,1.0,9514,87,61094
6,61187,5488,1.0,9515,87,61100
7,61194,5488,0.0,9516,87,61107
6,61200,5489,1.0,9517,87,61113
6,61206,5490,1.0,9518,87,61119
6,61212,5491,1.0,9519,87,61125
5,61217,5491,0.0,9520,87,61130
6,61223,5492,1.0,9521,87,61136
6,61229,5493,1.0,9522,87,61142
6,61235,5493,0.0,9523,87,61148
6,61241,5494,1.0,9524,87,61154
4,61245,5494,0.0,9525,87,61158
6,61251,5495,1.0,9526,87,61164
4,61255,5495,0.0,9527,87,61168
8,61263,5496,1.0,9528,87,61176
4,61267,5496,0.0,9529,87,61180
6,61273,5496,0.0,9530,87,61186
6,61279,5497,1.0,9531,87,61192
6,61285,5497,0.0,9532,87,61198
6,61291,5498,1.0,9533,87,61204
9,61300,5499,1.0,9534,87,61213
11,61311,5500,1.0,9535,87,61224
7,61318,5501,1.0,9536,87,61231
2,61320,5501,0.0,9537,87,61233
6,61326,5502,1.0,9538,87,61239
7,61333,5503,1.0,9539,87,61246
7,61340,5504,1.0,9540,87,61253
9,61349,5505,1.0,9541,87,61262
5,61354,5505,0.0,9542,87,61267
7,61361,5506,1.0,9543,87,61274
4,61365,5506,0.0,9544,87,61278
2,61367,5506,0.0,9545,87,61280
8,61375,5507,1.0,9546,87,61288
6,61381,5508,1.0,9547,87,61294
6,61387,5509,1.0,9548,87,61300
4,61391,5509,0.0,9549,87,61304
14,61405,5510,1.0,9550,87,61318
6,61411,5511,1.0,9551,87,61324
4,61415,5511,0.0,9552,87,61328
2,61417,5511,0.0,9553,87,61330
2,61419,5511,0.0,9554,87,61332
8,61427,5512,1.0,9555,87,61340
6,61433,5513,1.0,9556,87,61346
6,61439,5514,1.0,9557,87,61352
6,61445,5515,1.0,9558,87,61358
6,61451,5516,1.0,9559,87,61364
4,61455,5516,0.0,9560,87,61368
6,61461,5517,1.0,9561,87,61374
7,61468,5518,1.0,9562,87,61381
7,61475,5519,1.0,9563,87,61388
6,61481,5520,1.0,9564,87,61394
9,61490,5521,1.0,9565,87,61403
7,61497,5522,1.0,9566,87,61410
8,61505,5523,1.0,9567,87,61418
4,61509,5523,0.0,9568,87,61422
4,61513,5523,0.0,9569,87,61426
9,61522,5524,1.0,9570,87,61435
7,61529,5525,1.0,9571,87,61442
11,61540,5526,1.0,9572,87,61453
4,61544,5526,0.0,9573,87,61457
13,61557,5527,1.0,9574,87,61470
8,61565,5528,1.0,9575,87,61478
6,61571,5529,1.0,9576,87,61484
2,61573,5529,0.0,9577,87,61486
7,61580,5530,1.0,9578,87,61493
8,61588,5531,1.0,9579,87,61501
9,61597,5532,1.0,9580,87,61510
6,61603,5533,1.0,9581,87,61516
9,61612,5534,1.0,9582,87,61525
6,61618,5535,1.0,9583,87,61531
6,61624,5536,1.0,9584,87,61537
11,61635,5537,1.0,9585,87,61548
4,61639,5537,0.0,9586,87,61552
7,61646,5537,0.0,9587,87,61559
4,61650,5537,0.0,9588,87,61563
7,61657,5537,0.0,9589,87,61570
8,61665,5538,1.0,9590,87,61578
6,61671,5539,1.0,9591,87,61584
9,61680,5540,1.0,9592,87,61593
2,61682,5540,0.0,9593,87,61595
9,61691,5541,1.0,9594,87,61604
7,61698,5542,1.0,9595,87,61611
2,61700,5542,0.0,9596,87,61613
6,61706,5543,1.0,9597,87,61619
6,61712,5544,1.0,9598,87,61625
6,61718,5545,1.0,9599,87,61631
2,61720,5545,0.0,9600,87,61633
2,61722,5545,0.0,9601,87,61635
3,61725,5545,0.0,9602,87,61638
4,61729,5545,0.0,9603,87,61642
13,61742,5546,1.0,9604,87,61655
4,61746,5546,0.0,9605,87,61659
6,61752,5547,1.0,9606,87,61665
8,61760,5548,1.0,9607,87,61673
4,61764,5548,0.0,9608,87,61677
6,61770,5548,0.0,9609,87,61683
8,61778,5549,1.0,9610,87,61691
4,61782,5549,0.0,9611,87,61695
7,61789,5550,1.0,9612,87,61702
3,61792,5550,0.0,9613,87,61705
6,61798,5551,1.0,9614,87,61711
9,61807,5552,1.0,9615,87,61720
7,61814,5553,1.0,9616,87,61727
4,61818,5553,0.0,9617,87,61731
8,61826,5554,1.0,9618,87,61739
10,61836,5555,1.0,9619,87,61749
8,61844,5556,1.0,9620,87,61757
8,61852,5557,1.0,9621,87,61765
6,61858,5558,1.0,9622,87,61771
4,61862,5558,0.0,9623,87,61775
7,61869,5559,1.0,9624,87,61782
3,61872,5559,0.0,9625,87,61785
10,61882,5560,1.0,9626,87,61795
2,61884,5560,0.0,9627,87,61797
2,61886,5560,0.0,9628,87,61799
6,61892,5561,1.0,9629,87,61805
11,61903,5561,0.0,9630,87,61816
8,61911,5562,1.0,9631,87,61824
7,61918,5562,0.0,9632,87,61831
6,61924,5563,1.0,9633,87,61837
10,61934,5564,1.0,9634,87,61847
7,61941,5565,1.0,9635,87,61854
4,61945,5565,0.0,9636,87,61858
6,61951,5566,1.0,9637,87,61864
8,61959,5567,1.0,9638,87,61872
8,61967,5568,1.0,9639,87,61880
6,61973,5569,1.0,9640,87,61886
4,61977,5569,0.0,9641,87,61890
8,61985,5570,1.0,9642,87,61898
6,61991,5570,0.0,9643,87,61904
6,61997,5571,1.0,9644,87,61910
8,62005,5572,1.0,9645,87,61918
6,62011,5573,1.0,9646,87,61924
6,62017,5574,1.0,9647,87,61930
6,62023,5575,1.0,9648,87,61936
10,62033,5576,1.0,9649,87,61946
6,62039,5577,1.0,9650,87,61952
12,62051,5578,1.0,9651,87,61964
6,62057,5579,1.0,9652,87,61970
9,62066,5580,1.0,9653,87,61979
3,62069,5580,0.0,9654,87,61982
6,62075,5581,1.0,9655,87,61988
7,62082,5582,1.0,9656,87,61995
10,62092,5582,0.0,9657,87,62005
7,62099,5583,1.0,9658,87,62012
2,62101,5583,0.0,9659,87,62014
6,62107,5584,1.0,9660,87,62020
6,62113,5585,1.0,9661,87,62026
9,62122,5586,1.0,9662,87,62035
11,62133,5587,1.0,9663,87,62046
2,62135,5587,0.0,9664,87,62048
6,62141,5588,1.0,9665,87,62054
4,62145,5588,0.0,9666,87,62058
6,62151,5589,1.0,9667,87,62064
6,62157,5590,1.0,9668,87,62070
6,62163,5591,1.0,9669,87,62076
7,62170,5592,1.0,9670,87,62083
7,62177,5593,1.0,9671,87,62090
6,62183,5594,1.0,9672,87,62096
6,62189,5594,0.0,9673,87,62102
6,62195,5595,1.0,9674,87,62108
7,62202,5596,1.0,9675,87,62115
6,62208,5596,0.0,9676,87,62121
6,62214,5597,1.0,9677,87,62127
6,62220,5598,1.0,9678,87,62133
7,62227,5599,1.0,9679,87,62140
3,62230,5599,0.0,9680,87,62143
6,62236,5600,1.0,9681,87,62149
11,62247,5601,1.0,9682,87,62160
7,62254,5602,1.0,9683,87,62167
8,62262,5603,1.0,9684,87,62175
4,62266,5603,0.0,9685,87,62179
4,62270,5603,0.0,9686,87,62183
6,62276,5604,1.0,9687,87,62189
8,62284,5605,1.0,9688,87,62197
9,62293,5606,1.0,9689,87,62206
3,62296,5606,0.0,9690,87,62209
5,62301,5606,0.0,9691,87,62214
10,62311,5607,1.0,9692,87,62224
6,62317,5608,1.0,9693,87,62230
5,62322,5608,0.0,9694,87,62235
6,62328,5609,1.0,9695,87,62241
6,62334,5610,1.0,9696,87,62247
6,62340,5611,1.0,9697,87,62253
9,62349,5611,0.0,9698,87,62262
6,62355,5612,1.0,9699,87,62268
12,62367,5613,1.0,9700,87,62280
2,62369,5613,0.0,9701,87,62282
4,62373,5613,0.0,9702,87,62286
8,62381,5614,1.0,9703,87,62294
6,62387,5615,1.0,9704,87,62300
6,62393,5616,1.0,9705,87,62306
6,62399,5617,1.0,9706,87,62312
4,62403,5617,0.0,9707,87,62316
12,62415,5618,1.0,9708,87,62328
4,62419,5618,0.0,9709,87,62332
7,62426,5619,1.0,9710,87,62339
9,62435,5620,1.0,9711,87,62348
6,62441,5621,1.0,9712,87,62354
6,62447,5622,1.0,9713,87,62360
10,62457,5623,1.0,9714,87,62370
9,62466,5624,1.0,9715,87,62379
6,62472,5624,0.0,9716,87,62385
6,62478,5625,1.0,9717,87,62391
2,62480,5625,0.0,9718,87,62393
6,62486,5626,1.0,9719,87,62399
2,62488,5626,0.0,9720,87,62401
8,62496,5627,1.0,9721,87,62409
6,62502,5628,1.0,9722,87,62415
6,62508,5629,1.0,9723,87,62421
3,62511,5629,0.0,9724,87,62424
9,62520,5630,1.0,9725,87,62433
7,62527,5631,1.0,9726,87,62440
8,62535,5632,1.0,9727,87,62448
7,62542,5633,1.0,9728,87,62455
6,62548,5634,1.0,9729,87,62461
6,62554,5635,1.0,9730,87,62467
9,62563,5636,1.0,9731,87,62476
7,62570,5637,1.0,9732,87,62483
8,62578,5638,1.0,9733,87,62491
6,62584,5639,1.0,9734,87,62497
6,62590,5640,1.0,9735,87,62503
2,62592,5640,0.0,9736,87,62505
6,62598,5641,1.0,9737,87,62511
7,62605,5642,1.0,9738,87,62518
6,62611,5643,1.0,9739,87,62524
8,62619,5644,1.0,9740,87,62532
6,62625,5645,1.0,9741,87,62538
4,62629,5645,0.0,9742,87,62542
6,62635,5646,1.0,9743,87,62548
9,62644,5647,1.0,9744,87,62557
9,62653,5648,1.0,9745,87,62566
9,62662,5649,1.0,9746,87,62575
6,62668,5649,0.0,9747,87,62581
12,62680,5650,1.0,9748,87,62593
9,62689,5651,1.0,9749,87,62602
8,62697,5652,1.0,9750,87,62610
6,62703,5652,0.0,9751,87,62616
3,62706,5652,0.0,9752,87,62619
9,62715,5653,1.0,9753,87,62628
6,62721,5654,1.0,9754,87,62634
6,62727,5655,1.0,9755,87,62640
6,62733,5656,1.0,9756,87,62646
6,62739,5657,1.0,9757,87,62652
9,62748,5658,1.0,9758,87,62661
6,62754,5659,1.0,9759,87,62667
7,62761,5660,1.0,9760,87,62674
6,62767,5661,1.0,9761,87,62680
10,62777,5661,0.0,9762,87,62690
7,62784,5662,1.0,9763,87,62697
7,62791,5663,1.0,9764,87,62704
6,62797,5664,1.0,9765,87,62710
6,62803,5665,1.0,9766,87,62716
2,62805,5665,0.0,9767,87,62718
7,62812,5666,1.0,9768,87,62725
3,62815,5666,0.0,9769,87,62728
2,62817,5666,0.0,9770,87,62730
3,62820,5666,0.0,9771,87,62733
6,62826,5667,1.0,9772,87,62739
6,62832,5668,1.0,9773,87,62745
6,62838,5668,0.0,9774,87,62751
7,62845,5669,1.0,9775,87,62758
6,62851,5670,1.0,9776,87,62764
7,62858,5671,1.0,9777,87,62771
6,62864,5672,1.0,9778,87,62777
9,62873,5673,1.0,9779,87,62786
7,62880,5674,1.0,9780,87,62793
6,62886,5675,1.0,9781,87,62799
6,62892,5676,1.0,9782,87,62805
4,62896,5676,0.0,9783,87,62809
6,62902,5677,1.0,9784,87,62815
8,62910,5678,1.0,9785,87,62823
6,62916,5679,1.0,9786,87,62829
6,62922,5680,1.0,9787,87,62835
6,62928,5681,1.0,9788,87,62841
8,62936,5682,1.0,9789,87,62849
6,62942,5683,1.0,9790,87,62855
6,62948,5684,1.0,9791,87,62861
6,62954,5685,1.0,9792,87,62867
10,62964,5686,1.0,9793,87,62877
2,62966,5686,0.0,9794,87,62879
8,62974,5687,1.0,9795,87,62887
6,62980,5688,1.0,9796,87,62893
6,62986,5689,1.0,9797,87,62899
8,62994,5690,1.0,9798,87,62907
10,63004,5691,1.0,9799,87,62917
6,63010,5692,1.0,9800,87,62923
7,63017,5693,1.0,9801,87,62930
8,63025,5694,1.0,9802,87,62938
8,63033,5695,1.0,9803,87,62946
6,63039,5696,1.0,9804,87,62952
7,63046,5697,1.0,9805,87,62959
6,63052,5698,1.0,9806,87,62965
9,63061,5699,1.0,9807,87,62974
6,63067,5700,1.0,9808,87,62980
6,63073,5701,1.0,9809,87,62986
9,63082,5701,0.0,9810,87,62995
6,63088,5702,1.0,9811,87,63001
7,63095,5702,0.0,9812,87,63008
6,63101,5702,0.0,9813,87,63014
7,63108,5703,1.0,9814,87,63021
7,63115,5703,0.0,9815,87,63028
2,63117,5703,0.0,9816,87,63030
7,63124,5704,1.0,9817,87,63037
8,63132,5705,1.0,9818,87,63045
4,63136,5705,0.0,9819,87,63049
8,63144,5706,1.0,9820,87,63057
9,63153,5706,0.0,9821,87,63066
7,63160,5707,1.0,9822,87,63073
7,63167,5708,1.0,9823,87,63080
8,63175,5709,1.0,9824,87,63088
6,63181,5710,1.0,9825,87,63094
8,63189,5711,1.0,9826,87,63102
12,63201,5712,1.0,9827,87,63114
6,63207,5713,1.0,9828,87,63120
7,63214,5714,1.0,9829,87,63127
8,63222,5715,1.0,9830,87,63135
6,63228,5716,1.0,9831,87,63141
8,63236,5717,1.0,9832,87,63149
3,63239,5717,0.0,9833,87,63152
5,63244,5717,0.0,9834,87,63157
4,63248,5717,0.0,9835,87,63161
6,63254,5718,1.0,9836,87,63167
4,63258,5718,0.0,9837,87,63171
6,63264,5719,1.0,9838,87,63177
7,63271,5720,1.0,9839,87,63184
2,63273,5720,0.0,9840,87,63186
6,63279,5721,1.0,9841,87,63192
6,63285,5722,1.0,9842,87,63198
8,63293,5723,1.0,9843,87,63206
6,63299,5724,1.0,9844,87,63212
7,63306,5725,1.0,9845,87,63219
6,63312,5726,1.0,9846,87,63225
6,63318,5727,1.0,9847,87,63231
8,63326,5728,1.0,9848,87,63239
6,63332,5729,1.0,9849,87,63245
7,63339,5730,1.0,9850,87,63252
2,63341,5730,0.0,9851,87,63254
5,63346,5730,0.0,9852,87,63259
8,63354,5731,1.0,9853,87,63267
10,63364,5732,1.0,9854,87,63277
2,63366,5732,0.0,9855,87,63279
7,63373,5733,1.0,9856,87,63286
6,63379,5734,1.0,9857,87,63292
4,63383,5734,0.0,9858,87,63296
6,63389,5735,1.0,9859,87,63302
16,63405,5736,1.0,9860,87,63318
11,63416,5737,1.0,9861,87,63329
8,63424,5738,1.0,9862,87,63337
8,63432,5739,1.0,9863,87,63345
8,63440,5740,1.0,9864,87,63353
6,63446,5741,1.0,9865,87,63359
9,63455,5742,1.0,9866,87,63368
9,63464,5743,1.0,9867,87,63377
3,63467,5743,0.0,9868,87,63380
5,63472,5743,0.0,9869,87,63385
4,63476,5743,0.0,9870,87,63389
6,63482,5744,1.0,9871,87,63395
5,63487,5744,0.0,9872,87,63400
7,63494,5745,1.0,9873,87,63407
2,63496,5745,0.0,9874,87,63409
8,63504,5746,1.0,9875,87,63417
7,63511,5747,1.0,9876,87,63424
6,63517,5748,1.0,9877,87,63430
7,63524,5748,0.0,9878,87,63437
6,63530,5749,1.0,9879,87,63443
6,63536,5750,1.0,9880,87,63449
7,63543,5751,1.0,9881,87,63456
9,63552,5752,1.0,9882,87,63465
13,63565,5752,0.0,9883,87,63478
6,63571,5753,1.0,9884,87,63484
11,63582,5754,1.0,9885,87,63495
6,63588,5754,0.0,9886,87,63501
2,63590,5754,0.0,9887,87,63503
11,63601,5755,1.0,9888,87,63514
4,63605,5755,0.0,9889,87,63518
4,63609,5755,0.0,9890,87,63522
3,63612,5755,0.0,9891,87,63525
2,63614,5755,0.0,9892,87,63527
7,63621,5755,0.0,9893,87,63534
10,63631,5756,1.0,9894,87,63544
9,63640,5757,1.0,9895,87,63553
8,63648,5758,1.0,9896,87,63561
4,63652,5758,0.0,9897,87,63565
8,63660,5759,1.0,9898,87,63573
7,63667,5760,1.0,9899,87,63580
7,63674,5761,1.0,9900,87,63587
8,63682,5762,1.0,9901,87,63595
6,63688,5763,1.0,9902,87,63601
4,63692,5763,0.0,9903,87,63605
2,63694,5763,0.0,9904,87,63607
4,63698,5763,0.0,9905,87,63611
4,63702,5763,0.0,9906,87,63615
6,63708,5764,1.0,9907,87,63621
6,63714,5765,1.0,9908,87,63627
6,63720,5766,1.0,9909,87,63633
8,63728,5767,1.0,9910,87,63641
6,63734,5768,1.0,9911,87,63647
6,63740,5769,1.0,9912,87,63653
7,63747,5770,1.0,9913,87,63660
9,63756,5771,1.0,9914,87,63669
9,63765,5772,1.0,9915,87,63678
8,63773,5773,1.0,9916,87,63686
11,63784,5774,1.0,9917,87,63697
6,63790,5774,0.0,9918,87,63703
6,63796,5775,1.0,9919,87,63709
3,63799,5775,0.0,9920,87,63712
6,63805,5776,1.0,9921,87,63718
6,63811,5777,1.0,9922,87,63724
6,63817,5778,1.0,9923,87,63730
7,63824,5779,1.0,9924,87,63737
6,63830,5780,1.0,9925,87,63743
6,63836,5781,1.0,9926,87,63749
6,63842,5782,1.0,9927,87,63755
6,63848,5783,1.0,9928,87,63761
6,63854,5784,1.0,9929,87,63767
6,63860,5785,1.0,9930,87,63773
10,63870,5786,1.0,9931,87,63783
9,63879,5787,1.0,9932,87,63792
2,63881,5787,0.0,9933,87,63794
4,63885,5787,0.0,9934,87,63798
8,63893,5788,1.0,9935,87,63806
7,63900,5789,1.0,9936,87,63813
6,63906,5789,0.0,9937,87,63819
8,63914,5790,1.0,9938,87,63827
8,63922,5790,0.0,9939,87,63835
6,63928,5791,1.0,9940,87,63841
3,63931,5791,0.0,9941,87,63844
3,63934,5791,0.0,9942,87,63847
6,63940,5792,1.0,9943,87,63853
12,63952,5793,1.0,9944,87,63865
6,63958,5794,1.0,9945,87,63871
4,63962,5794,0.0,9946,87,63875
6,63968,5795,1.0,9947,87,63881
8,63976,5796,1.0,9948,87,63889
11,63987,5796,0.0,9949,87,63900
8,63995,5797,1.0,9950,87,63908
4,63999,5797,0.0,9951,87,63912
4,64003,5797,0.0,9952,87,63916
6,64009,5798,1.0,9953,87,63922
6,64015,5799,1.0,9954,87,63928
4,64019,5799,0.0,9955,87,63932
6,64025,5800,1.0,9956,87,63938
8,64033,5801,1.0,9957,87,63946
3,64036,5801,0.0,9958,87,63949
6,64042,5802,1.0,9959,87,63955
11,64053,5803,1.0,9960,87,63966
9,64062,5804,1.0,9961,87,63975
8,64070,5805,1.0,9962,87,63983
7,64077,5806,1.0,9963,87,63990
6,64083,5807,1.0,9964,87,63996
5,64088,5807,0.0,9965,87,64001
6,64094,5808,1.0,9966,87,64007
6,64100,5809,1.0,9967,87,64013
5,64105,5809,0.0,9968,87,64018
6,64111,5810,1.0,9969,87,64024
6,64117,5811,1.0,9970,87,64030
7,64124,5812,1.0,9971,87,64037
4,64128,5812,0.0,9972,87,64041
4,64132,5812,0.0,9973,87,64045
6,64138,5813,1.0,9974,87,64051
6,64144,5814,1.0,9975,87,64057
7,64151,5815,1.0,9976,87,64064
2,64153,5815,0.0,9977,87,64066
7,64160,5816,1.0,9978,87,64073
6,64166,5817,1.0,9979,87,64079
6,64172,5818,1.0,9980,87,64085
9,64181,5819,1.0,9981,87,64094
6,64187,5820,1.0,9982,87,64100
6,64193,5821,1.0,9983,87,64106
7,64200,5822,1.0,9984,87,64113
6,64206,5823,1.0,9985,87,64119
7,64213,5824,1.0,9986,87,64126
4,64217,5824,0.0,9987,87,64130
2,64219,5824,0.0,9988,87,64132
7,64226,5825,1.0,9989,87,64139
7,64233,5826,1.0,9990,87,64146
6,64239,5827,1.0,9991,87,64152
8,64247,5828,1.0,9992,87,64160
7,64254,5829,1.0,9993,87,64167
3,64257,5829,0.0,9994,87,64170
8,64265,5830,1.0,9995,87,64178
6,64271,5831,1.0,9996,87,64184
6,64277,5831,0.0,9997,87,64190
6,64283,5832,1.0,9998,87,64196
8,64291,5833,1.0,9999,87,64204
7,64298,5834,1.0,10000,87,64211
9,64307,5835,1.0,10001,87,64220
2,64309,5835,0.0,10002,87,64222
8,64317,5836,1.0,10003,87,64230
8,64325,5837,1.0,10004,87,64238
3,64328,5837,0.0,10005,87,64241
4,64332,5837,0.0,10006,87,64245
6,64338,5837,0.0,10007,87,64251
4,64342,5837,0.0,10008,87,64255
6,64348,5838,1.0,10009,87,64261
6,64354,5838,0.0,10010,87,64267
6,64360,5839,1.0,10011,87,64273
6,64366,5840,1.0,10012,87,64279
6,64372,5841,1.0,10013,87,64285
2,64374,5841,0.0,10014,87,64287
6,64380,5842,1.0,10015,87,64293
6,64386,5843,1.0,10016,87,64299
8,64394,5843,0.0,10017,87,64307
6,64400,5844,1.0,10018,87,64313
3,64403,5844,0.0,10019,87,64316
7,64410,5845,1.0,10020,87,64323
6,64416,5846,1.0,10021,87,64329
7,64423,5847,1.0,10022,87,64336
6,64429,5848,1.0,10023,87,64342
6,64435,5849,1.0,10024,87,64348
5,64440,5849,0.0,10025,87,64353
9,64449,5850,1.0,10026,87,64362
2,64451,5850,0.0,10027,87,64364
7,64458,5851,1.0,10028,87,64371
6,64464,5852,1.0,10029,87,64377
6,64470,5853,1.0,10030,87,64383
2,64472,5853,0.0,10031,87,64385
6,64478,5854,1.0,10032,87,64391
7,64485,5855,1.0,10033,87,64398
5,64490,5855,0.0,10034,87,64403
6,64496,5856,1.0,10035,87,64409
6,64502,5857,1.0,10036,87,64415
6,64508,5858,1.0,10037,87,64421
9,64517,5859,1.0,10038,87,64430
8,64525,5860,1.0,10039,87,64438
6,64531,5861,1.0,10040,87,64444
7,64538,5862,1.0,10041,87,64451
9,64547,5863,1.0,10042,87,64460
6,64553,5864,1.0,10043,87,64466
12,64565,5865,1.0,10044,87,64478
4,64569,5865,0.0,10045,87,64482
8,64577,5866,1.0,10046,87,64490
6,64583,5867,1.0,10047,87,64496
6,64589,5868,1.0,10048,87,64502
8,64597,5869,1.0,10049,87,64510
8,64605,5870,1.0,10050,87,64518
7,64612,5871,1.0,10051,87,64525
6,64618,5872,1.0,10052,87,64531
6,64624,5873,1.0,10053,87,64537
6,64630,5874,1.0,10054,87,64543
7,64637,5875,1.0,10055,87,64550
10,64647,5876,1.0,10056,87,64560
4,64651,5876,0.0,10057,87,64564
8,64659,5877,1.0,10058,87,64572
7,64666,5878,1.0,10059,87,64579
6,64672,5879,1.0,10060,87,64585
7,64679,5880,1.0,10061,87,64592
7,64686,5881,1.0,10062,87,64599
6,64692,5882,1.0,10063,87,64605
2,64694,5882,0.0,10064,87,64607
10,64704,5883,1.0,10065,87,64617
8,64712,5884,1.0,10066,87,64625
8,64720,5885,1.0,10067,87,64633
6,64726,5886,1.0,10068,87,64639
6,64732,5887,1.0,10069,87,64645
6,64738,5888,1.0,10070,87,64651
4,64742,5888,0.0,10071,87,64655
6,64748,5889,1.0,10072,87,64661
15,64763,5889,0.0,10073,87,64676
7,64770,5890,1.0,10074,87,64683
7,64777,5891,1.0,10075,87,64690
6,64783,5892,1.0,10076,87,64696
2,64785,5892,0.0,10077,87,64698
2,64787,5892,0.0,10078,87,64700
7,64794,5893,1.0,10079,87,64707
6,64800,5894,1.0,10080,87,64713
6,64806,5895,1.0,10081,87,64719
9,64815,5895,0.0,10082,87,64728
6,64821,5896,1.0,10083,87,64734
6,64827,5897,1.0,10084,87,64740
7,64834,5898,1.0,10085,87,64747
7,64841,5899,1.0,10086,87,64754
2,64843,5899,0.0,10087,87,64756
6,64849,5899,0.0,10088,87,64762
6,64855,5900,1.0,10089,87,64768
6,64861,5901,1.0,10090,87,64774
6,64867,5902,1.0,10091,87,64780
6,64873,5903,1.0,10092,87,64786
3,64876,5903,0.0,10093,87,64789
5,64881,5903,0.0,10094,87,64794
4,64885,5903,0.0,10095,87,64798
7,64892,5904,1.0,10096,87,64805
6,64898,5905,1.0,10097,87,64811
6,64904,5906,1.0,10098,87,64817
6,64910,5907,1.0,10099,87,64823
10,64920,5908,1.0,10100,87,64833
7,64927,5909,1.0,10101,87,64840
6,64933,5910,1.0,10102,87,64846
6,64939,5911,1.0,10103,87,64852
4,64943,5911,0.0,10104,87,64856
3,64946,5911,0.0,10105,87,64859
4,64950,5911,0.0,10106,87,64863
10,64960,5912,1.0,10107,87,64873
8,64968,5913,1.0,10108,87,64881
7,64975,5914,1.0,10109,87,64888
7,64982,5915,1.0,10110,87,64895
7,64989,5916,1.0,10111,87,64902
9,64998,5917,1.0,10112,87,64911
3,65001,5917,0.0,10113,87,64914
10,65011,5918,1.0,10114,87,64924
6,65017,5919,1.0,10115,87,64930
6,65023,5920,1.0,10116,87,64936
8,65031,5921,1.0,10117,87,64944
8,65039,5922,1.0,10118,87,64952
9,65048,5923,1.0,10119,87,64961
2,65050,5923,0.0,10120,87,64963
5,65055,5923,0.0,10121,87,64968
3,65058,5923,0.0,10122,87,64971
8,65066,5924,1.0,10123,87,64979
6,65072,5925,1.0,10124,87,64985
7,65079,5926,1.0,10125,87,64992
4,65083,5926,0.0,10126,87,64996
11,65094,5927,1.0,10127,87,65007
6,65100,5927,0.0,10128,87,65013
6,65106,5927,0.0,10129,87,65019
9,65115,5928,1.0,10130,87,65028
6,65121,5929,1.0,10131,87,65034
8,65129,5929,0.0,10132,87,65042
6,65135,5930,1.0,10133,87,65048
8,65143,5931,1.0,10134,87,65056
12,65155,5932,1.0,10135,87,65068
8,65163,5933,1.0,10136,87,65076
6,65169,5934,1.0,10137,87,65082
6,65175,5935,1.0,10138,87,65088
11,65186,5936,1.0,10139,87,65099
5,65191,5936,0.0,10140,87,65104
9,65200,5937,1.0,10141,87,65113
2,65202,5937,0.0,10142,87,65115
8,65210,5937,0.0,10143,87,65123
4,65214,5937,0.0,10144,87,65127
9,65223,5938,1.0,10145,87,65136
6,65229,5939,1.0,10146,87,65142
6,65235,5940,1.0,10147,87,65148
7,65242,5941,1.0,10148,87,65155
8,65250,5942,1.0,10149,87,65163
7,65257,5943,1.0,10150,87,65170
7,65264,5944,1.0,10151,87,65177
9,65273,5945,1.0,10152,87,65186
8,65281,5946,1.0,10153,87,65194
6,65287,5947,1.0,10154,87,65200
4,65291,5947,0.0,10155,87,65204
6,65297,5948,1.0,10156,87,65210
7,65304,5949,1.0,10157,87,65217
8,65312,5950,1.0,10158,87,65225
7,65319,5951,1.0,10159,87,65232
7,65326,5952,1.0,10160,87,65239
12,65338,5953,1.0,10161,87,65251
11,65349,5954,1.0,10162,87,65262
6,65355,5955,1.0,10163,87,65268
6,65361,5956,1.0,10164,87,65274
4,65365,5956,0.0,10165,87,65278
4,65369,5956,0.0,10166,87,65282
6,65375,5957,1.0,10167,87,65288
6,65381,5957,0.0,10168,87,65294
4,65385,5957,0.0,10169,87,65298
8,65393,5958,1.0,10170,87,65306
6,65399,5959,1.0,10171,87,65312
7,65406,5960,1.0,10172,87,65319
5,65411,5960,0.0,10173,87,65324
6,65417,5961,1.0,10174,87,65330
7,65424,5962,1.0,10175,87,65337
6,65430,5963,1.0,10176,87,65343
6,65436,5964,1.0,10177,87,65349
6,65442,5965,1.0,10178,87,65355
6,65448,5966,1.0,10179,87,65361
8,65456,5966,0.0,10180,87,65369
7,65463,5966,0.0,10181,87,65376
8,65471,5967,1.0,10182,87,65384
4,65475,5967,0.0,10183,87,65388
3,65478,5967,0.0,10184,87,65391
6,65484,5968,1.0,10185,87,65397
6,65490,5969,1.0,10186,87,65403
8,65498,5970,1.0,10187,87,65411
4,65502,5970,0.0,10188,87,65415
7,65509,5971,1.0,10189,87,65422
10,65519,5972,1.0,10190,87,65432
2,65521,5972,0.0,10191,87,65434
6,65527,5973,1.0,10192,87,65440
4,65531,5973,0.0,10193,87,65444
6,65537,5974,1.0,10194,87,65450
6,65543,5975,1.0,10195,87,65456
7,65550,5976,1.0,10196,87,65463
6,65556,5976,0.0,10197,87,65469
6,65562,5977,1.0,10198,87,65475
6,65568,5978,1.0,10199,87,65481
5,65573,5978,0.0,10200,87,65486
6,65579,5979,1.0,10201,87,65492
6,65585,5980,1.0,10202,87,65498
6,65591,5981,1.0,10203,87,65504
5,65596,5981,0.0,10204,87,65509
6,65602,5982,1.0,10205,87,65515
3,65605,5982,0.0,10206,87,65518
4,65609,5982,0.0,10207,87,65522
10,65619,5983,1.0,10208,87,65532
7,65626,5983,0.0,10209,87,65539
12,65638,5984,1.0,10210,87,65551
6,65644,5985,1.0,10211,87,65557
8,65652,5986,1.0,10212,87,65565
6,65658,5986,0.0,10213,87,65571
2,65660,5986,0.0,10214,87,65573
6,65666,5987,1.0,10215,87,65579
4,65670,5987,0.0,10216,87,65583
7,65677,5987,0.0,10217,87,65590
7,65684,5988,1.0,10218,87,65597
4,65688,5988,0.0,10219,87,65601
5,65693,5988,0.0,10220,87,65606
12,65705,5988,0.0,10221,87,65618
9,65714,5989,1.0,10222,87,65627
6,65720,5990,1.0,10223,87,65633
6,65726,5991,1.0,10224,87,65639
5,65731,5991,0.0,10225,87,65644
6,65737,5992,1.0,10226,87,65650
8,65745,5993,1.0,10227,87,65658
2,65747,5993,0.0,10228,87,65660
6,65753,5994,1.0,10229,87,65666
6,65759,5995,1.0,10230,87,65672
7,65766,5996,1.0,10231,87,65679
2,65768,5996,0.0,10232,87,65681
9,65777,5997,1.0,10233,87,65690
8,65785,5998,1.0,10234,87,65698
10,65795,5999,1.0,10235,87,65708
8,65803,5999,0.0,10236,87,65716
9,65812,6000,1.0,10237,87,65725
5,65817,6000,0.0,10238,87,65730
6,65823,6001,1.0,10239,87,65736
8,65831,6002,1.0,10240,87,65744
6,65837,6003,1.0,10241,87,65750
7,65844,6004,1.0,10242,87,65757
6,65850,6005,1.0,10243,87,65763
2,65852,6005,0.0,10244,87,65765
6,65858,6005,0.0,10245,87,65771
6,65864,6006,1.0,10246,87,65777
6,65870,6007,1.0,10247,87,65783
3,65873,6007,0.0,10248,87,65786
6,65879,6008,1.0,10249,87,65792
8,65887,6009,1.0,10250,87,65800
6,65893,6010,1.0,10251,87,65806
2,65895,6010,0.0,10252,87,65808
6,65901,6011,1.0,10253,87,65814
6,65907,6012,1.0,10254,87,65820
7,65914,6013,1.0,10255,87,65827
4,65918,6013,0.0,10256,87,65831
4,65922,6013,0.0,10257,87,65835
6,65928,6014,1.0,10258,87,65841
6,65934,6015,1.0,10259,87,65847
10,65944,6015,0.0,10260,87,65857
9,65953,6016,1.0,10261,87,65866
6,65959,6017,1.0,10262,87,65872
6,65965,6017,0.0,10263,87,65878
6,65971,6018,1.0,10264,87,65884
6,65977,6019,1.0,10265,87,65890
6,65983,6019,0.0,10266,87,65896
6,65989,6020,1.0,10267,87,65902
6,65995,6021,1.0,10268,87,65908
6,66001,6022,1.0,10269,87,65914
4,66005,6022,0.0,10270,87,65918
6,66011,6023,1.0,10271,87,65924
6,66017,6024,1.0,10272,87,65930
9,66026,6025,1.0,10273,87,65939
6,66032,6026,1.0,10274,87,65945
6,66038,6027,1.0,10275,87,65951
6,66044,6028,1.0,10276,87,65957
2,66046,6028,0.0,10277,87,65959
6,66052,6029,1.0,10278,87,65965
8,66060,6030,1.0,10279,87,65973
8,66068,6031,1.0,10280,87,65981
8,66076,6032,1.0,10281,87,65989
4,66080,6032,0.0,10282,87,65993
4,66084,6032,0.0,10283,87,65997
7,66091,6033,1.0,10284,87,66004
13,66104,6034,1.0,10285,87,66017
6,66110,6035,1.0,10286,87,66023
3,66113,6035,0.0,10287,87,66026
3,66116,6035,0.0,10288,87,66029
2,66118,6035,0.0,10289,87,66031
6,66124,6036,1.0,10290,87,66037
4,66128,6036,0.0,10291,87,66041
7,66135,6037,1.0,10292,87,66048
6,66141,6037,0.0,10293,87,66054
8,66149,6038,1.0,10294,87,66062
2,66151,6038,0.0,10295,87,66064
4,66155,6038,0.0,10296,87,66068
8,66163,6039,1.0,10297,87,66076
8,66171,6040,1.0,10298,87,66084
6,66177,6041,1.0,10299,87,66090
10,66187,6042,1.0,10300,87,66100
7,66194,6043,1.0,10301,87,66107
6,66200,6044,1.0,10302,87,66113
6,66206,6045,1.0,10303,87,66119
6,66212,6046,1.0,10304,87,66125
8,66220,6047,1.0,10305,87,66133
4,66224,6047,0.0,10306,87,66137
8,66232,6048,1.0,10307,87,66145
7,66239,6049,1.0,10308,87,66152
4,66243,6049,0.0,10309,87,66156
5,66248,6049,0.0,10310,87,66161
2,66250,6049,0.0,10311,87,66163
6,66256,6050,1.0,10312,87,66169
8,66264,6051,1.0,10313,87,66177
7,66271,6052,1.0,10314,87,66184
7,66278,6053,1.0,10315,87,66191
3,66281,6053,0.0,10316,87,66194
6,66287,6054,1.0,10317,87,66200
5,66292,6054,0.0,10318,87,66205
2,66294,6054,0.0,10319,87,66207
6,66300,6055,1.0,10320,87,66213
9,66309,6056,1.0,10321,87,66222
6,66315,6057,1.0,10322,87,66228
6,66321,6058,1.0,10323,87,66234
4,66325,6058,0.0,10324,87,66238
6,66331,6059,1.0,10325,87,66244
6,66337,6060,1.0,10326,87,66250
4,66341,6060,0.0,10327,87,66254
6,66347,6061,1.0,10328,87,66260
6,66353,6062,1.0,10329,87,66266
4,66357,6062,0.0,10330,87,66270
3,66360,6062,0.0,10331,87,66273
16,66376,6063,1.0,10332,87,66289
6,66382,6064,1.0,10333,87,66295
6,66388,6064,0.0,10334,87,66301
8,66396,6065,1.0,10335,87,66309
6,66402,6066,1.0,10336,87,66315
9,66411,6067,1.0,10337,87,66324
8,66419,6068,1.0,10338,87,66332
8,66427,6069,1.0,10339,87,66340
9,66436,6070,1.0,10340,87,66349
6,66442,6071,1.0,10341,87,66355
8,66450,6072,1.0,10342,87,66363
6,66456,6073,1.0,10343,87,66369
2,66458,6073,0.0,10344,87,66371
6,66464,6074,1.0,10345,87,66377
8,66472,6075,1.0,10346,87,66385
8,66480,6076,1.0,10347,87,66393
7,66487,6076,0.0,10348,87,66400
8,66495,6077,1.0,10349,87,66408
6,66501,6078,1.0,10350,87,66414
6,66507,6079,1.0,10351,87,66420
6,66513,6080,1.0,10352,87,66426
2,66515,6080,0.0,10353,87,66428
6,66521,6081,1.0,10354,87,66434
6,66527,6082,1.0,10355,87,66440
6,66533,6083,1.0,10356,87,66446
2,66535,6083,0.0,10357,87,66448
6,66541,6084,1.0,10358,87,66454
4,66545,6084,0.0,10359,87,66458
5,66550,6084,0.0,10360,87,66463
4,66554,6084,0.0,10361,87,66467
5,66559,6084,0.0,10362,87,66472
7,66566,6084,0.0,10363,87,66479
8,66574,6085,1.0,10364,87,66487
7,66581,6086,1.0,10365,87,66494
2,66583,6086,0.0,10366,87,66496
4,66587,6086,0.0,10367,87,66500
6,66593,6087,1.0,10368,87,66506
6,66599,6088,1.0,10369,87,66512
5,66604,6088,0.0,10370,87,66517
6,66610,6089,1.0,10371,87,66523
8,66618,6090,1.0,10372,87,66531
6,66624,6091,1.0,10373,87,66537
6,66630,6091,0.0,10374,87,66543
5,66635,6091,0.0,10375,87,66548
10,66645,6092,1.0,10376,87,66558
6,66651,6093,1.0,10377,87,66564
7,66658,6094,1.0,10378,87,66571
6,66664,6095,1.0,10379,87,66577
4,66668,6095,0.0,10380,87,66581
8,66676,6096,1.0,10381,87,66589
8,66684,6097,1.0,10382,87,66597
9,66693,6098,1.0,10383,87,66606
6,66699,6098,0.0,10384,87,66612
6,66705,6099,1.0,10385,87,66618
6,66711,6100,1.0,10386,87,66624
7,66718,6101,1.0,10387,87,66631
6,66724,6102,1.0,10388,87,66637
6,66730,6103,1.0,10389,87,66643
5,66735,6103,0.0,10390,87,66648
4,66739,6103,0.0,10391,87,66652
6,66745,6104,1.0,10392,87,66658
8,66753,6104,0.0,10393,87,66666
2,66755,6104,0.0,10394,87,66668
5,66760,6104,0.0,10395,87,66673
8,66768,6105,1.0,10396,87,66681
6,66774,6106,1.0,10397,87,66687
10,66784,6107,1.0,10398,87,66697
6,66790,6108,1.0,10399,87,66703
5,66795,6108,0.0,10400,87,66708
6,66801,6108,0.0,10401,87,66714
4,66805,6108,0.0,10402,87,66718
6,66811,6109,1.0,10403,87,66724
9,66820,6110,1.0,10404,87,66733
4,66824,6110,0.0,10405,87,66737
8,66832,6111,1.0,10406,87,66745
6,66838,6112,1.0,10407,87,66751
12,66850,6113,1.0,10408,87,66763
7,66857,6114,1.0,10409,87,66770
6,66863,6114,0.0,10410,87,66776
6,66869,6115,1.0,10411,87,66782
6,66875,6116,1.0,10412,87,66788
7,66882,6117,1.0,10413,87,66795
2,66884,6117,0.0,10414,87,66797
5,66889,6117,0.0,10415,87,66802
15,66904,6117,0.0,10416,87,66817
6,66910,6118,1.0,10417,87,66823
7,66917,6119,1.0,10418,87,66830
9,66926,6120,1.0,10419,87,66839
7,66933,6121,1.0,10420,87,66846
6,66939,6122,1.0,10421,87,66852
2,66941,6122,0.0,10422,87,66854
8,66949,6123,1.0,10423,87,66862
2,66951,6123,0.0,10424,87,66864
6,66957,6124,1.0,10425,87,66870
2,66959,6124,0.0,10426,87,66872
7,66966,6125,1.0,10427,87,66879
8,66974,6126,1.0,10428,87,66887
6,66980,6127,1.0,10429,87,66893
6,66986,6127,0.0,10430,87,66899
2,66988,6127,0.0,10431,87,66901
6,66994,6128,1.0,10432,87,66907
9,67003,6129,1.0,10433,87,66916
6,67009,6130,1.0,10434,87,66922
7,67016,6131,1.0,10435,87,66929
4,67020,6131,0.0,10436,87,66933
8,67028,6132,1.0,10437,87,66941
7,67035,6133,1.0,10438,87,66948
13,67048,6134,1.0,10439,87,66961
10,67058,6135,1.0,10440,87,66971
5,67063,6135,0.0,10441,87,66976
9,67072,6136,1.0,10442,87,66985
8,67080,6137,1.0,10443,87,66993
6,67086,6138,1.0,10444,87,66999
6,67092,6139,1.0,10445,87,67005
6,67098,6140,1.0,10446,87,67011
6,67104,6141,1.0,10447,87,67017
7,67111,6142,1.0,10448,87,67024
2,67113,6142,0.0,10449,87,67026
6,67119,6143,1.0,10450,87,67032
4,67123,6143,0.0,10451,87,67036
6,67129,6144,1.0,10452,87,67042
4,67133,6144,0.0,10453,87,67046
6,67139,6145,1.0,10454,87,67052
6,67145,6146,1.0,10455,87,67058
6,67151,6147,1.0,10456,87,67064
5,67156,6147,0.0,10457,87,67069
6,67162,6148,1.0,10458,87,67075
6,67168,6148,0.0,10459,87,67081
9,67177,6149,1.0,10460,87,67090
6,67183,6150,1.0,10461,87,67096
6,67189,6151,1.0,10462,87,67102
7,67196,6152,1.0,10463,87,67109
4,67200,6152,0.0,10464,87,67113
6,67206,6153,1.0,10465,87,67119
9,67215,6154,1.0,10466,87,67128
6,67221,6155,1.0,10467,87,67134
6,67227,6156,1.0,10468,87,67140
7,67234,6157,1.0,10469,87,67147
6,67240,6157,0.0,10470,87,67153
6,67246,6158,1.0,10471,87,67159
4,67250,6158,0.0,10472,87,67163
7,67257,6159,1.0,10473,87,67170
7,67264,6160,1.0,10474,87,67177
4,67268,6160,0.0,10475,87,67181
3,67271,6160,0.0,10476,87,67184
6,67277,6161,1.0,10477,87,67190
4,67281,6161,0.0,10478,87,67194
6,67287,6162,1.0,10479,87,67200
4,67291,6162,0.0,10480,87,67204
6,67297,6163,1.0,10481,87,67210
7,67304,6163,0.0,10482,87,67217
6,67310,6164,1.0,10483,87,67223
6,67316,6165,1.0,10484,87,67229
10,67326,6166,1.0,10485,87,67239
6,67332,6167,1.0,10486,87,67245
7,67339,6167,0.0,10487,87,67252
6,67345,6168,1.0,10488,87,67258
8,67353,6169,1.0,10489,87,67266
6,67359,6170,1.0,10490,87,67272
8,67367,6171,1.0,10491,87,67280
9,67376,6172,1.0,10492,87,67289
10,67386,6173,1.0,10493,87,67299
6,67392,6174,1.0,10494,87,67305
6,67398,6175,1.0,10495,87,67311
8,67406,6176,1.0,10496,87,67319
6,67412,6176,0.0,10497,87,67325
9,67421,6177,1.0,10498,87,67334
2,67423,6177,0.0,10499,87,67336
7,67430,6178,1.0,10500,87,67343
8,67438,6179,1.0,10501,87,67351
12,67450,6180,1.0,10502,87,67363
6,67456,6181,1.0,10503,87,67369
7,67463,6181,0.0,10504,87,67376
4,67467,6181,0.0,10505,87,67380
6,67473,6182,1.0,10506,87,67386
6,67479,6183,1.0,10507,87,67392
13,67492,6184,1.0,10508,87,67405
2,67494,6184,0.0,10509,87,67407
6,67500,6184,0.0,10510,87,67413
7,67507,6185,1.0,10511,87,67420
6,67513,6186,1.0,10512,87,67426
6,67519,6186,0.0,10513,87,67432
6,67525,6187,1.0,10514,87,67438
6,67531,6188,1.0,10515,87,67444
6,67537,6189,1.0,10516,87,67450
4,67541,6189,0.0,10517,87,67454
7,67548,6190,1.0,10518,87,67461
8,67556,6190,0.0,10519,87,67469
7,67563,6191,1.0,10520,87,67476
6,67569,6192,1.0,10521,87,67482
7,67576,6193,1.0,10522,87,67489
4,67580,6193,0.0,10523,87,67493
2,67582,6193,0.0,10524,87,67495
2,67584,6193,0.0,10525,87,67497
7,67591,6194,1.0,10526,87,67504
5,67596,6194,0.0,10527,87,67509
6,67602,6195,1.0,10528,87,67515
7,67609,6196,1.0,10529,87,67522
6,67615,6196,0.0,10530,87,67528
6,67621,6197,1.0,10531,87,67534
2,67623,6197,0.0,10532,87,67536
6,67629,6198,1.0,10533,87,67542
8,67637,6199,1.0,10534,87,67550
8,67645,6200,1.0,10535,87,67558
7,67652,6201,1.0,10536,87,67565
11,67663,6202,1.0,10537,87,67576
7,67670,6203,1.0,10538,87,67583
6,67676,6204,1.0,10539,87,67589
9,67685,6205,1.0,10540,87,67598
2,67687,6205,0.0,10541,87,67600
6,67693,6206,1.0,10542,87,67606
8,67701,6207,1.0,10543,87,67614
8,67709,6208,1.0,10544,87,67622
4,67713,6208,0.0,10545,87,67626
6,67719,6209,1.0,10546,87,67632
6,67725,6210,1.0,10547,87,67638
10,67735,6211,1.0,10548,87,67648
2,67737,6211,0.0,10549,87,67650
6,67743,6212,1.0,10550,87,67656
6,67749,6213,1.0,10551,87,67662
6,67755,6214,1.0,10552,87,67668
3,67758,6214,0.0,10553,87,67671
6,67764,6215,1.0,10554,87,67677
7,67771,6216,1.0,10555,87,67684
6,67777,6217,1.0,10556,87,67690
6,67783,6218,1.0,10557,87,67696
6,67789,6219,1.0,10558,87,67702
2,67791,6219,0.0,10559,87,67704
6,67797,6220,1.0,10560,87,67710
6,67803,6221,1.0,10561,87,67716
9,67812,6222,1.0,10562,87,67725
6,67818,6223,1.0,10563,87,67731
6,67824,6224,1.0,10564,87,67737
6,67830,6225,1.0,10565,87,67743
4,67834,6225,0.0,10566,87,67747
9,67843,6225,0.0,10567,87,67756
3,67846,6225,0.0,10568,87,67759
8,67854,6226,1.0,10569,87,67767
7,67861,6227,1.0,10570,87,67774
6,67867,6228,1.0,10571,87,67780
6,67873,6228,0.0,10572,87,67786
6,67879,6229,1.0,10573,87,67792
4,67883,6229,0.0,10574,87,67796
10,67893,6230,1.0,10575,87,67806
3,67896,6230,0.0,10576,87,67809
5,67901,6230,0.0,10577,87,67814
7,67908,6231,1.0,10578,87,67821
7,67915,6231,0.0,10579,87,67828
6,67921,6232,1.0,10580,87,67834
6,67927,6233,1.0,10581,87,67840
8,67935,6234,1.0,10582,87,67848
6,67941,6235,1.0,10583,87,67854
7,67948,6236,1.0,10584,87,67861
7,67955,6237,1.0,10585,87,67868
3,67958,6237,0.0,10586,87,67871
4,67962,6237,0.0,10587,87,67875
4,67966,6237,0.0,10588,87,67879
6,67972,6238,1.0,10589,87,67885
4,67976,6238,0.0,10590,87,67889
9,67985,6239,1.0,10591,87,67898
6,67991,6240,1.0,10592,87,67904
3,67994,6240,0.0,10593,87,67907
6,68000,6241,1.0,10594,87,67913
2,68002,6241,0.0,10595,87,67915
6,68008,6242,1.0,10596,87,67921
6,68014,6243,1.0,10597,87,67927
6,68020,6243,0.0,10598,87,67933
8,68028,6244,1.0,10599,87,67941
6,68034,6245,1.0,10600,87,67947
7,68041,6246,1.0,10601,87,67954
4,68045,6246,0.0,10602,87,67958
9,68054,6247,1.0,10603,87,67967
6,68060,6248,1.0,10604,87,67973
6,68066,6249,1.0,10605,87,67979
6,68072,6250,1.0,10606,87,67985
5,68077,6250,0.0,10607,87,67990
6,68083,6251,1.0,10608,87,67996
8,68091,6252,1.0,10609,87,68004
4,68095,6252,0.0,10610,87,68008
4,68099,6252,0.0,10611,87,68012
6,68105,6253,1.0,10612,87,68018
6,68111,6254,1.0,10613,87,68024
11,68122,6255,1.0,10614,87,68035
6,68128,6256,1.0,10615,87,68041
7,68135,6256,0.0,10616,87,68048
6,68141,6257,1.0,10617,87,68054
8,68149,6258,1.0,10618,87,68062
6,68155,6259,1.0,10619,87,68068
6,68161,6260,1.0,10620,87,68074
6,68167,6260,0.0,10621,87,68080
2,68169,6260,0.0,10622,87,68082
6,68175,6261,1.0,10623,87,68088
7,68182,6262,1.0,10624,87,68095
8,68190,6263,1.0,10625,87,68103
6,68196,6264,1.0,10626,87,68109
8,68204,6265,1.0,10627,87,68117
8,68212,6266,1.0,10628,87,68125
7,68219,6267,1.0,10629,87,68132
8,68227,6268,1.0,10630,87,68140
6,68233,6269,1.0,10631,87,68146
4,68237,6269,0.0,10632,87,68150
6,68243,6270,1.0,10633,87,68156
6,68249,6271,1.0,10634,87,68162
5,68254,6271,0.0,10635,87,68167
3,68257,6271,0.0,10636,87,68170
11,68268,6272,1.0,10637,87,68181
4,68272,6272,0.0,10638,87,68185
6,68278,6273,1.0,10639,87,68191
7,68285,6274,1.0,10640,87,68198
2,68287,6274,0.0,10641,87,68200
6,68293,6275,1.0,10642,87,68206
8,68301,6276,1.0,10643,87,68214
4,68305,6276,0.0,10644,87,68218
6,68311,6277,1.0,10645,87,68224
3,68314,6277,0.0,10646,87,68227
7,68321,6278,1.0,10647,87,68234
6,68327,6279,1.0,10648,87,68240
6,68333,6280,1.0,10649,87,68246
8,68341,6281,1.0,10650,87,68254
8,68349,6282,1.0,10651,87,68262
7,68356,6283,1.0,10652,87,68269
6,68362,6284,1.0,10653,87,68275
9,68371,6285,1.0,10654,87,68284
6,68377,6286,1.0,10655,87,68290
7,68384,6287,1.0,10656,87,68297
7,68391,6288,1.0,10657,87,68304
6,68397,6289,1.0,10658,87,68310
6,68403,6290,1.0,10659,87,68316
9,68412,6291,1.0,10660,87,68325
6,68418,6292,1.0,10661,87,68331
9,68427,6293,1.0,10662,87,68340
9,68436,6294,1.0,10663,87,68349
7,68443,6295,1.0,10664,87,68356
7,68450,6296,1.0,10665,87,68363
6,68456,6297,1.0,10666,87,68369
10,68466,6298,1.0,10667,87,68379
7,68473,6299,1.0,10668,87,68386
6,68479,6300,1.0,10669,87,68392
7,68486,6301,1.0,10670,87,68399
6,68492,6302,1.0,10671,87,68405
7,68499,6302,0.0,10672,87,68412
6,68505,6303,1.0,10673,87,68418
4,68509,6303,0.0,10674,87,68422
6,68515,6304,1.0,10675,87,68428
8,68523,6305,1.0,10676,87,68436
6,68529,6306,1.0,10677,87,68442
9,68538,6306,0.0,10678,87,68451
4,68542,6306,0.0,10679,87,68455
4,68546,6306,0.0,10680,87,68459
6,68552,6307,1.0,10681,87,68465
4,68556,6307,0.0,10682,87,68469
6,68562,6308,1.0,10683,87,68475
7,68569,6309,1.0,10684,87,68482
4,68573,6309,0.0,10685,87,68486
6,68579,6310,1.0,10686,87,68492
6,68585,6311,1.0,10687,87,68498
6,68591,6311,0.0,10688,87,68504
6,68597,6312,1.0,10689,87,68510
9,68606,6313,1.0,10690,87,68519
13,68619,6314,1.0,10691,87,68532
6,68625,6315,1.0,10692,87,68538
9,68634,6316,1.0,10693,87,68547
4,68638,6316,0.0,10694,87,68551
6,68644,6317,1.0,10695,87,68557
8,68652,6318,1.0,10696,87,68565
4,68656,6318,0.0,10697,87,68569
8,68664,6319,1.0,10698,87,68577
10,68674,6320,1.0,10699,87,68587
7,68681,6321,1.0,10700,87,68594
6,68687,6322,1.0,10701,87,68600
6,68693,6323,1.0,10702,87,68606
8,68701,6324,1.0,10703,87,68614
9,68710,6324,0.0,10704,87,68623
4,68714,6324,0.0,10705,87,68627
10,68724,6325,1.0,10706,87,68637
5,68729,6325,0.0,10707,87,68642
3,68732,6325,0.0,10708,87,68645
6,68738,6326,1.0,10709,87,68651
6,68744,6327,1.0,10710,87,68657
7,68751,6328,1.0,10711,87,68664
6,68757,6329,1.0,10712,87,68670
8,68765,6330,1.0,10713,87,68678
8,68773,6331,1.0,10714,87,68686
8,68781,6332,1.0,10715,87,68694
8,68789,6333,1.0,10716,87,68702
7,68796,6334,1.0,10717,87,68709
6,68802,6335,1.0,10718,87,68715
8,68810,6336,1.0,10719,87,68723
6,68816,6337,1.0,10720,87,68729
6,68822,6338,1.0,10721,87,68735
6,68828,6339,1.0,10722,87,68741
6,68834,6340,1.0,10723,87,68747
9,68843,6341,1.0,10724,87,68756
4,68847,6341,0.0,10725,87,68760
6,68853,6342,1.0,10726,87,68766
6,68859,6343,1.0,10727,87,68772
4,68863,6343,0.0,10728,87,68776
6,68869,6344,1.0,10729,87,68782
7,68876,6345,1.0,10730,87,68789
7,68883,6346,1.0,10731,87,68796
8,68891,6347,1.0,10732,87,68804
6,68897,6348,1.0,10733,87,68810
9,68906,6349,1.0,10734,87,68819
2,68908,6349,0.0,10735,87,68821
7,68915,6350,1.0,10736,87,68828
6,68921,6351,1.0,10737,87,68834
10,68931,6351,0.0,10738,87,68844
2,68933,6351,0.0,10739,87,68846
6,68939,6352,1.0,10740,87,68852
10,68949,6353,1.0,10741,87,68862
4,68953,6353,0.0,10742,87,68866
6,68959,6354,1.0,10743,87,68872
4,68963,6354,0.0,10744,87,68876
2,68965,6354,0.0,10745,87,68878
6,68971,6355,1.0,10746,87,68884
6,68977,6356,1.0,10747,87,68890
6,68983,6357,1.0,10748,87,68896
3,68986,6357,0.0,10749,87,68899
2,68988,6357,0.0,10750,87,68901
6,68994,6358,1.0,10751,87,68907
2,68996,6358,0.0,10752,87,68909
7,69003,6359,1.0,10753,87,68916
6,69009,6360,1.0,10754,87,68922
4,69013,6360,0.0,10755,87,68926
10,69023,6361,1.0,10756,87,68936
8,69031,6362,1.0,10757,87,68944
8,69039,6363,1.0,10758,87,68952
2,69041,6363,0.0,10759,87,68954
4,69045,6363,0.0,10760,87,68958
6,69051,6364,1.0,10761,87,68964
11,69062,6365,1.0,10762,87,68975
10,69072,6366,1.0,10763,87,68985
7,69079,6367,1.0,10764,87,68992
4,69083,6367,0.0,10765,87,68996
6,69089,6367,0.0,10766,87,69002
6,69095,6368,1.0,10767,87,69008
6,69101,6369,1.0,10768,87,69014
9,69110,6370,1.0,10769,87,69023
6,69116,6371,1.0,10770,87,69029
2,69118,6371,0.0,10771,87,69031
9,69127,6371,0.0,10772,87,69040
6,69133,6372,1.0,10773,87,69046
10,69143,6373,1.0,10774,87,69056
6,69149,6373,0.0,10775,87,69062
7,69156,6374,1.0,10776,87,69069
9,69165,6375,1.0,10777,87,69078
9,69174,6376,1.0,10778,87,69087
7,69181,6377,1.0,10779,87,69094
7,69188,6378,1.0,10780,87,69101
8,69196,6379,1.0,10781,87,69109
6,69202,6380,1.0,10782,87,69115
8,69210,6381,1.0,10783,87,69123
6,69216,6382,1.0,10784,87,69129
8,69224,6383,1.0,10785,87,69137
6,69230,6384,1.0,10786,87,69143
7,69237,6385,1.0,10787,87,69150
4,69241,6385,0.0,10788,87,69154
10,69251,6386,1.0,10789,87,69164
6,69257,6387,1.0,10790,87,69170
8,69265,6388,1.0,10791,87,69178
9,69274,6389,1.0,10792,87,69187
6,69280,6390,1.0,10793,87,69193
11,69291,6391,1.0,10794,87,69204
6,69297,6392,1.0,10795,87,69210
6,69303,6393,1.0,10796,87,69216
5,69308,6393,0.0,10797,87,69221
7,69315,6394,1.0,10798,87,69228
5,69320,6394,0.0,10799,87,69233
7,69327,6395,1.0,10800,87,69240
6,69333,6396,1.0,10801,87,69246
4,69337,6396,0.0,10802,87,69250
6,69343,6397,1.0,10803,87,69256
5,69348,6397,0.0,10804,87,69261
7,69355,6398,1.0,10805,87,69268
7,69362,6399,1.0,10806,87,69275
8,69370,6400,1.0,10807,87,69283
6,69376,6401,1.0,10808,87,69289
6,69382,6402,1.0,10809,87,69295
6,69388,6402,0.0,10810,87,69301
6,69394,6403,1.0,10811,87,69307
6,69400,6403,0.0,10812,87,69313
5,69405,6403,0.0,10813,87,69318
6,69411,6404,1.0,10814,87,69324
2,69413,6404,0.0,10815,87,69326
2,69415,6404,0.0,10816,87,69328
15,69430,6405,1.0,10817,87,69343
7,69437,6406,1.0,10818,87,69350
4,69441,6406,0.0,10819,87,69354
8,69449,6407,1.0,10820,87,69362
8,69457,6408,1.0,10821,87,69370
6,69463,6409,1.0,10822,87,69376
4,69467,6409,0.0,10823,87,69380
3,69470,6409,0.0,10824,87,69383
7,69477,6410,1.0,10825,87,69390
6,69483,6411,1.0,10826,87,69396
7,69490,6412,1.0,10827,87,69403
6,69496,6413,1.0,10828,87,69409
9,69505,6414,1.0,10829,87,69418
7,69512,6415,1.0,10830,87,69425
5,69517,6415,0.0,10831,87,69430
10,69527,6416,1.0,10832,87,69440
6,69533,6417,1.0,10833,87,69446
6,69539,6418,1.0,10834,87,69452
6,69545,6418,0.0,10835,87,69458
6,69551,6419,1.0,10836,87,69464
7,69558,6420,1.0,10837,87,69471
6,69564,6421,1.0,10838,87,69477
10,69574,6422,1.0,10839,87,69487
8,69582,6423,1.0,10840,87,69495
4,69586,6423,0.0,10841,87,69499
7,69593,6424,1.0,10842,87,69506
7,69600,6425,1.0,10843,87,69513
18,69618,6426,1.0,10844,87,69531
6,69624,6427,1.0,10845,87,69537
6,69630,6428,1.0,10846,87,69543
7,69637,6429,1.0,10847,87,69550
4,69641,6429,0.0,10848,87,69554
9,69650,6430,1.0,10849,87,69563
6,69656,6431,1.0,10850,87,69569
4,69660,6431,0.0,10851,87,69573
7,69667,6432,1.0,10852,87,69580
2,69669,6432,0.0,10853,87,69582
9,69678,6433,1.0,10854,87,69591
5,69683,6433,0.0,10855,87,69596
4,69687,6433,0.0,10856,87,69600
9,69696,6434,1.0,10857,87,69609
4,69700,6434,0.0,10858,87,69613
9,69709,6435,1.0,10859,87,69622
8,69717,6436,1.0,10860,87,69630
4,69721,6436,0.0,10861,87,69634
7,69728,6436,0.0,10862,87,69641
6,69734,6437,1.0,10863,87,69647
10,69744,6438,1.0,10864,87,69657
6,69750,6439,1.0,10865,87,69663
6,69756,6440,1.0,10866,87,69669
6,69762,6440,0.0,10867,87,69675
6,69768,6441,1.0,10868,87,69681
13,69781,6442,1.0,10869,87,69694
7,69788,6443,1.0,10870,87,69701
2,69790,6443,0.0,10871,87,69703
6,69796,6444,1.0,10872,87,69709
7,69803,6445,1.0,10873,87,69716
7,69810,6446,1.0,10874,87,69723
8,69818,6447,1.0,10875,87,69731
2,69820,6447,0.0,10876,87,69733
6,69826,6448,1.0,10877,87,69739
6,69832,6449,1.0,10878,87,69745
3,69835,6449,0.0,10879,87,69748
2,69837,6449,0.0,10880,87,69750
13,69850,6450,1.0,10881,87,69763
4,69854,6450,0.0,10882,87,69767
6,69860,6450,0.0,10883,87,69773
6,69866,6451,1.0,10884,87,69779
6,69872,6452,1.0,10885,87,69785
5,69877,6452,0.0,10886,87,69790
8,69885,6453,1.0,10887,87,69798
7,69892,6454,1.0,10888,87,69805
6,69898,6455,1.0,10889,87,69811
8,69906,6456,1.0,10890,87,69819
3,69909,6456,0.0,10891,87,69822
4,69913,6456,0.0,10892,87,69826
4,69917,6456,0.0,10893,87,69830
4,69921,6456,0.0,10894,87,69834
6,69927,6457,1.0,10895,87,69840
6,69933,6458,1.0,10896,87,69846
3,69936,6458,0.0,10897,87,69849
6,69942,6459,1.0,10898,87,69855
6,69948,6460,1.0,10899,87,69861
9,69957,6461,1.0,10900,87,69870
6,69963,6462,1.0,10901,87,69876
6,69969,6463,1.0,10902,87,69882
10,69979,6464,1.0,10903,87,69892
8,69987,6465,1.0,10904,87,69900
9,69996,6466,1.0,10905,87,69909
2,69998,6466,0.0,10906,87,69911
7,70005,6466,0.0,10907,87,69918
4,70009,6466,0.0,10908,87,69922
6,70015,6467,1.0,10909,87,69928
8,70023,6468,1.0,10910,87,69936
4,70027,6468,0.0,10911,87,69940
4,70031,6468,0.0,10912,87,69944
6,70037,6469,1.0,10913,87,69950
5,70042,6469,0.0,10914,87,69955
8,70050,6470,1.0,10915,87,69963
2,70052,6470,0.0,10916,87,69965
4,70056,6470,0.0,10917,87,69969
7,70063,6471,1.0,10918,87,69976
14,70077,6472,1.0,10919,87,69990
4,70081,6472,0.0,10920,87,69994
6,70087,6473,1.0,10921,87,70000
6,70093,6474,1.0,10922,87,70006
6,70099,6475,1.0,10923,87,70012
6,70105,6476,1.0,10924,87,70018
6,70111,6477,1.0,10925,87,70024
12,70123,6477,0.0,10926,87,70036
6,70129,6478,1.0,10927,87,70042
6,70135,6478,0.0,10928,87,70048
6,70141,6479,1.0,10929,87,70054
6,70147,6479,0.0,10930,87,70060
8,70155,6480,1.0,10931,87,70068
13,70168,6481,1.0,10932,87,70081
2,70170,6481,0.0,10933,87,70083
7,70177,6482,1.0,10934,87,70090
6,70183,6483,1.0,10935,87,70096
9,70192,6484,1.0,10936,87,70105
6,70198,6485,1.0,10937,87,70111
5,70203,6485,0.0,10938,87,70116
6,70209,6486,1.0,10939,87,70122
9,70218,6486,0.0,10940,87,70131
8,70226,6487,1.0,10941,87,70139
2,70228,6487,0.0,10942,87,70141
6,70234,6488,1.0,10943,87,70147
4,70238,6488,0.0,10944,87,70151
8,70246,6489,1.0,10945,87,70159
7,70253,6490,1.0,10946,87,70166
6,70259,6491,1.0,10947,87,70172
7,70266,6492,1.0,10948,87,70179
9,70275,6493,1.0,10949,87,70188
6,70281,6494,1.0,10950,87,70194
7,70288,6495,1.0,10951,87,70201
4,70292,6495,0.0,10952,87,70205
3,70295,6495,0.0,10953,87,70208
4,70299,6495,0.0,10954,87,70212
7,70306,6496,1.0,10955,87,70219
7,70313,6497,1.0,10956,87,70226
6,70319,6498,1.0,10957,87,70232
4,70323,6498,0.0,10958,87,70236
5,70328,6498,0.0,10959,87,70241
7,70335,6499,1.0,10960,87,70248
2,70337,6499,0.0,10961,87,70250
6,70343,6500,1.0,10962,87,70256
9,70352,6501,1.0,10963,87,70265
7,70359,6502,1.0,10964,87,70272
9,70368,6503,1.0,10965,87,70281
6,70374,6504,1.0,10966,87,70287
6,70380,6505,1.0,10967,87,70293
7,70387,6506,1.0,10968,87,70300
6,70393,6507,1.0,10969,87,70306
6,70399,6508,1.0,10970,87,70312
6,70405,6509,1.0,10971,87,70318
2,70407,6509,0.0,10972,87,70320
6,70413,6510,1.0,10973,87,70326
7,70420,6511,1.0,10974,87,70333
6,70426,6512,1.0,10975,87,70339
2,70428,6512,0.0,10976,87,70341
7,70435,6512,0.0,10977,87,70348
6,70441,6513,1.0,10978,87,70354
6,70447,6514,1.0,10979,87,70360
6,70453,6515,1.0,10980,87,70366
6,70459,6516,1.0,10981,87,70372
5,70464,6516,0.0,10982,87,70377
7,70471,6517,1.0,10983,87,70384
8,70479,6518,1.0,10984,87,70392
9,70488,6519,1.0,10985,87,70401
5,70493,6519,0.0,10986,87,70406
8,70501,6519,0.0,10987,87,70414
9,70510,6520,1.0,10988,87,70423
6,70516,6521,1.0,10989,87,70429
7,70523,6522,1.0,10990,87,70436
7,70530,6523,1.0,10991,87,70443
4,70534,6523,0.0,10992,87,70447
6,70540,6524,1.0,10993,87,70453
9,70549,6525,1.0,10994,87,70462
2,70551,6525,0.0,10995,87,70464
7,70558,6526,1.0,10996,87,70471
4,70562,6526,0.0,10997,87,70475
9,70571,6527,1.0,10998,87,70484
6,70577,6528,1.0,10999,87,70490
6,70583,6528,0.0,11000,87,70496
9,70592,6529,1.0,11001,87,70505
9,70601,6530,1.0,11002,87,70514
6,70607,6531,1.0,11003,87,70520
9,70616,6532,1.0,11004,87,70529
7,70623,6533,1.0,11005,87,70536
6,70629,6534,1.0,11006,87,70542
9,70638,6535,1.0,11007,87,70551
8,70646,6535,0.0,11008,87,70559
6,70652,6536,1.0,11009,87,70565
8,70660,6537,1.0,11010,87,70573
9,70669,6538,1.0,11011,87,70582
5,70674,6538,0.0,11012,87,70587
2,70676,6538,0.0,11013,87,70589
6,70682,6539,1.0,11014,87,70595
6,70688,6540,1.0,11015,87,70601
4,70692,6540,0.0,11016,87,70605
6,70698,6541,1.0,11017,87,70611
6,70704,6542,1.0,11018,87,70617
8,70712,6543,1.0,11019,87,70625
7,70719,6544,1.0,11020,87,70632
6,70725,6545,1.0,11021,87,70638
7,70732,6546,1.0,11022,87,70645
4,70736,6546,0.0,11023,87,70649
6,70742,6547,1.0,11024,87,70655
5,70747,6547,0.0,11025,87,70660
8,70755,6548,1.0,11026,87,70668
7,70762,6549,1.0,11027,87,70675
4,70766,6549,0.0,11028,87,70679
5,70771,6549,0.0,11029,87,70684
9,70780,6550,1.0,11030,87,70693
6,70786,6551,1.0,11031,87,70699
8,70794,6552,1.0,11032,87,70707
8,70802,6553,1.0,11033,87,70715
6,70808,6554,1.0,11034,87,70721
7,70815,6555,1.0,11035,87,70728
6,70821,6556,1.0,11036,87,70734
4,70825,6556,0.0,11037,87,70738
9,70834,6557,1.0,11038,87,70747
6,70840,6558,1.0,11039,87,70753
6,70846,6559,1.0,11040,87,70759
7,70853,6560,1.0,11041,87,70766
6,70859,6561,1.0,11042,87,70772
4,70863,6561,0.0,11043,87,70776
5,70868,6561,0.0,11044,87,70781
8,70876,6562,1.0,11045,87,70789
6,70882,6563,1.0,11046,87,70795
6,70888,6564,1.0,11047,87,70801
10,70898,6565,1.0,11048,87,70811
6,70904,6566,1.0,11049,87,70817
6,70910,6567,1.0,11050,87,70823
6,70916,6568,1.0,11051,87,70829
6,70922,6569,1.0,11052,87,70835
12,70934,6570,1.0,11053,87,70847
9,70943,6571,1.0,11054,87,70856
3,70946,6571,0.0,11055,87,70859
2,70948,6571,0.0,11056,87,70861
7,70955,6572,1.0,11057,87,70868
2,70957,6572,0.0,11058,87,70870
8,70965,6573,1.0,11059,87,70878
6,70971,6574,1.0,11060,87,70884
8,70979,6575,1.0,11061,87,70892
11,70990,6575,0.0,11062,87,70903
6,70996,6576,1.0,11063,87,70909
5,71001,6576,0.0,11064,87,70914
9,71010,6577,1.0,11065,87,70923
7,71017,6577,0.0,11066,87,70930
9,71026,6578,1.0,11067,87,70939
8,71034,6579,1.0,11068,87,70947
7,71041,6580,1.0,11069,87,70954
6,71047,6581,1.0,11070,87,70960
12,71059,6582,1.0,11071,87,70972
6,71065,6582,0.0,11072,87,70978
6,71071,6582,0.0,11073,87,70984
7,71078,6583,1.0,11074,87,70991
6,71084,6584,1.0,11075,87,70997
8,71092,6585,1.0,11076,87,71005
8,71100,6586,1.0,11077,87,71013
7,71107,6586,0.0,11078,87,71020
9,71116,6587,1.0,11079,87,71029
6,71122,6588,1.0,11080,87,71035
6,71128,6589,1.0,11081,87,71041
7,71135,6590,1.0,11082,87,71048
4,71139,6590,0.0,11083,87,71052
3,71142,6590,0.0,11084,87,71055
6,71148,6591,1.0,11085,87,71061
10,71158,6592,1.0,11086,87,71071
6,71164,6593,1.0,11087,87,71077
7,71171,6594,1.0,11088,87,71084
6,71177,6595,1.0,11089,87,71090
6,71183,6596,1.0,11090,87,71096
8,71191,6597,1.0,11091,87,71104
6,71197,6598,1.0,11092,87,71110
12,71209,6599,1.0,11093,87,71122
6,71215,6599,0.0,11094,87,71128
7,71222,6600,1.0,11095,87,71135
2,71224,6600,0.0,11096,87,71137
7,71231,6601,1.0,11097,87,71144
2,71233,6601,0.0,11098,87,71146
7,71240,6601,0.0,11099,87,71153
8,71248,6602,1.0,11100,87,71161
6,71254,6603,1.0,11101,87,71167
8,71262,6604,1.0,11102,87,71175
6,71268,6605,1.0,11103,87,71181
6,71274,6606,1.0,11104,87,71187
6,71280,6607,1.0,11105,87,71193
5,71285,6607,0.0,11106,87,71198
6,71291,6607,0.0,11107,87,71204
9,71300,6608,1.0,11108,87,71213
6,71306,6609,1.0,11109,87,71219
5,71311,6609,0.0,11110,87,71224
11,71322,6610,1.0,11111,87,71235
4,71326,6610,0.0,11112,87,71239
7,71333,6611,1.0,11113,87,71246
9,71342,6612,1.0,11114,87,71255
7,71349,6613,1.0,11115,87,71262
5,71354,6613,0.0,11116,87,71267
7,71361,6614,1.0,11117,87,71274
4,71365,6614,0.0,11118,87,71278
6,71371,6615,1.0,11119,87,71284
3,71374,6615,0.0,11120,87,71287
5,71379,6615,0.0,11121,87,71292
6,71385,6616,1.0,11122,87,71298
10,71395,6616,0.0,11123,87,71308
3,71398,6616,0.0,11124,87,71311
8,71406,6617,1.0,11125,87,71319
7,71413,6618,1.0,11126,87,71326
8,71421,6619,1.0,11127,87,71334
6,71427,6619,0.0,11128,87,71340
6,71433,6620,1.0,11129,87,71346
6,71439,6621,1.0,11130,87,71352
6,71445,6622,1.0,11131,87,71358
8,71453,6623,1.0,11132,87,71366
4,71457,6623,0.0,11133,87,71370
7,71464,6623,0.0,11134,87,71377
6,71470,6623,0.0,11135,87,71383
6,71476,6624,1.0,11136,87,71389
2,71478,6624,0.0,11137,87,71391
7,71485,6625,1.0,11138,87,71398
4,71489,6625,0.0,11139,87,71402
6,71495,6626,1.0,11140,87,71408
6,71501,6627,1.0,11141,87,71414
8,71509,6628,1.0,11142,87,71422
8,71517,6629,1.0,11143,87,71430
2,71519,6629,0.0,11144,87,71432
10,71529,6630,1.0,11145,87,71442
10,71539,6631,1.0,11146,87,71452
6,71545,6632,1.0,11147,87,71458
7,71552,6633,1.0,11148,87,71465
6,71558,6634,1.0,11149,87,71471
7,71565,6635,1.0,11150,87,71478
5,71570,6635,0.0,11151,87,71483
6,71576,6636,1.0,11152,87,71489
4,71580,6636,0.0,11153,87,71493
2,71582,6636,0.0,11154,87,71495
11,71593,6637,1.0,11155,87,71506
9,71602,6638,1.0,11156,87,71515
4,71606,6638,0.0,11157,87,71519
8,71614,6639,1.0,11158,87,71527
5,71619,6639,0.0,11159,87,71532
7,71626,6640,1.0,11160,87,71539
2,71628,6640,0.0,11161,87,71541
6,71634,6641,1.0,11162,87,71547
6,71640,6642,1.0,11163,87,71553
9,71649,6643,1.0,11164,87,71562
8,71657,6644,1.0,11165,87,71570
9,71666,6644,0.0,11166,87,71579
4,71670,6644,0.0,11167,87,71583
4,71674,6644,0.0,11168,87,71587
6,71680,6645,1.0,11169,87,71593
6,71686,6646,1.0,11170,87,71599
5,71691,6646,0.0,11171,87,71604
8,71699,6646,0.0,11172,87,71612
7,71706,6647,1.0,11173,87,71619
8,71714,6648,1.0,11174,87,71627
6,71720,6648,0.0,11175,87,71633
10,71730,6649,1.0,11176,87,71643
6,71736,6650,1.0,11177,87,71649
10,71746,6651,1.0,11178,87,71659
7,71753,6652,1.0,11179,87,71666
7,71760,6653,1.0,11180,87,71673
6,71766,6654,1.0,11181,87,71679
6,71772,6655,1.0,11182,87,71685
6,71778,6656,1.0,11183,87,71691
6,71784,6657,1.0,11184,87,71697
7,71791,6658,1.0,11185,87,71704
9,71800,6659,1.0,11186,87,71713
9,71809,6660,1.0,11187,87,71722
6,71815,6661,1.0,11188,87,71728
6,71821,6662,1.0,11189,87,71734
8,71829,6663,1.0,11190,87,71742
6,71835,6664,1.0,11191,87,71748
5,71840,6664,0.0,11192,87,71753
6,71846,6665,1.0,11193,87,71759
6,71852,6666,1.0,11194,87,71765
4,71856,6666,0.0,11195,87,71769
6,71862,6667,1.0,11196,87,71775
9,71871,6668,1.0,11197,87,71784
6,71877,6669,1.0,11198,87,71790
6,71883,6670,1.0,11199,87,71796
4,71887,6670,0.0,11200,87,71800
6,71893,6671,1.0,11201,87,71806
8,71901,6672,1.0,11202,87,71814
10,71911,6673,1.0,11203,87,71824
7,71918,6674,1.0,11204,87,71831
6,71924,6675,1.0,11205,87,71837
2,71926,6675,0.0,11206,87,71839
5,71931,6675,0.0,11207,87,71844
2,71933,6675,0.0,11208,87,71846
8,71941,6676,1.0,11209,87,71854
6,71947,6677,1.0,11210,87,71860
7,71954,6678,1.0,11211,87,71867
5,71959,6678,0.0,11212,87,71872
5,71964,6678,0.0,11213,87,71877
6,71970,6679,1.0,11214,87,71883
7,71977,6680,1.0,11215,87,71890
2,71979,6680,0.0,11216,87,71892
4,71983,6680,0.0,11217,87,71896
6,71989,6681,1.0,11218,87,71902
9,71998,6682,1.0,11219,87,71911
6,72004,6683,1.0,11220,87,71917
7,72011,6684,1.0,11221,87,71924
7,72018,6685,1.0,11222,87,71931
6,72024,6686,1.0,11223,87,71937
9,72033,6687,1.0,11224,87,71946
7,72040,6688,1.0,11225,87,71953
7,72047,6688,0.0,11226,87,71960
16,72063,6689,1.0,11227,87,71976
2,72065,6689,0.0,11228,87,71978
7,72072,6690,1.0,11229,87,71985
7,72079,6691,1.0,11230,87,71992
6,72085,6692,1.0,11231,87,71998
6,72091,6693,1.0,11232,87,72004
7,72098,6694,1.0,11233,87,72011
2,72100,6694,0.0,11234,87,72013
4,72104,6694,0.0,11235,87,72017
6,72110,6695,1.0,11236,87,72023
6,72116,6696,1.0,11237,87,72029
7,72123,6697,1.0,11238,87,72036
6,72129,6698,1.0,11239,87,72042
6,72135,6699,1.0,11240,87,72048
7,72142,6700,1.0,11241,87,72055
7,72149,6700,0.0,11242,87,72062
8,72157,6701,1.0,11243,87,72070
8,72165,6702,1.0,11244,87,72078
7,72172,6702,0.0,11245,87,72085
10,72182,6703,1.0,11246,87,72095
6,72188,6704,1.0,11247,87,72101
6,72194,6705,1.0,11248,87,72107
5,72199,6705,0.0,11249,87,72112
6,72205,6706,1.0,11250,87,72118
9,72214,6707,1.0,11251,87,72127
7,72221,6708,1.0,11252,87,72134
5,72226,6708,0.0,11253,87,72139
7,72233,6709,1.0,11254,87,72146
6,72239,6710,1.0,11255,87,72152
6,72245,6711,1.0,11256,87,72158
7,72252,6712,1.0,11257,87,72165
6,72258,6713,1.0,11258,87,72171
7,72265,6714,1.0,11259,87,72178
9,72274,6715,1.0,11260,87,72187
6,72280,6716,1.0,11261,87,72193
9,72289,6717,1.0,11262,87,72202
6,72295,6718,1.0,11263,87,72208
6,72301,6719,1.0,11264,87,72214
7,72308,6720,1.0,11265,87,72221
3,72311,6720,0.0,11266,87,72224
3,72314,6720,0.0,11267,87,72227
9,72323,6721,1.0,11268,87,72236
8,72331,6721,0.0,11269,87,72244
6,72337,6722,1.0,11270,87,72250
6,72343,6723,1.0,11271,87,72256
2,72345,6723,0.0,11272,87,72258
4,72349,6723,0.0,11273,87,72262
6,72355,6724,1.0,11274,87,72268
4,72359,6724,0.0,11275,87,72272
3,72362,6724,0.0,11276,87,72275
9,72371,6725,1.0,11277,87,72284
9,72380,6726,1.0,11278,87,72293
8,72388,6727,1.0,11279,87,72301
3,72391,6727,0.0,11280,87,72304
8,72399,6728,1.0,11281,87,72312
6,72405,6729,1.0,11282,87,72318
8,72413,6730,1.0,11283,87,72326
9,72422,6731,1.0,11284,87,72335
8,72430,6732,1.0,11285,87,72343
7,72437,6733,1.0,11286,87,72350
5,72442,6733,0.0,11287,87,72355
2,72444,6733,0.0,11288,87,72357
6,72450,6734,1.0,11289,87,72363
7,72457,6735,1.0,11290,87,72370
2,72459,6735,0.0,11291,87,72372
8,72467,6736,1.0,11292,87,72380
7,72474,6737,1.0,11293,87,72387
7,72481,6738,1.0,11294,87,72394
7,72488,6739,1.0,11295,87,72401
7,72495,6740,1.0,11296,87,72408
2,72497,6740,0.0,11297,87,72410
6,72503,6741,1.0,11298,87,72416
4,72507,6741,0.0,11299,87,72420
2,72509,6741,0.0,11300,87,72422
6,72515,6742,1.0,11301,87,72428
6,72521,6743,1.0,11302,87,72434
3,72524,6743,0.0,11303,87,72437
6,72530,6743,0.0,11304,87,72443
11,72541,6744,1.0,11305,87,72454
7,72548,6745,1.0,11306,87,72461
4,72552,6745,0.0,11307,87,72465
6,72558,6746,1.0,11308,87,72471
2,72560,6746,0.0,11309,87,72473
4,72564,6746,0.0,11310,87,72477
8,72572,6747,1.0,11311,87,72485
2,72574,6747,0.0,11312,87,72487
9,72583,6748,1.0,11313,87,72496
9,72592,6749,1.0,11314,87,72505
7,72599,6750,1.0,11315,87,72512
6,72605,6751,1.0,11316,87,72518
6,72611,6752,1.0,11317,87,72524
8,72619,6753,1.0,11318,87,72532
6,72625,6754,1.0,11319,87,72538
6,72631,6755,1.0,11320,87,72544
6,72637,6756,1.0,11321,87,72550
6,72643,6757,1.0,11322,87,72556
4,72647,6757,0.0,11323,87,72560
6,72653,6758,1.0,11324,87,72566
4,72657,6758,0.0,11325,87,72570
7,72664,6759,1.0,11326,87,72577
6,72670,6760,1.0,11327,87,72583
6,72676,6761,1.0,11328,87,72589
6,72682,6762,1.0,11329,87,72595
2,72684,6762,0.0,11330,87,72597
12,72696,6763,1.0,11331,87,72609
6,72702,6764,1.0,11332,87,72615
8,72710,6765,1.0,11333,87,72623
9,72719,6766,1.0,11334,87,72632
7,72726,6767,1.0,11335,87,72639
4,72730,6767,0.0,11336,87,72643
4,72734,6767,0.0,11337,87,72647
4,72738,6767,0.0,11338,87,72651
9,72747,6768,1.0,11339,87,72660
7,72754,6768,0.0,11340,87,72667
2,72756,6768,0.0,11341,87,72669
6,72762,6769,1.0,11342,87,72675
6,72768,6770,1.0,11343,87,72681
6,72774,6771,1.0,11344,87,72687
10,72784,6772,1.0,11345,87,72697
7,72791,6773,1.0,11346,87,72704
6,72797,6774,1.0,11347,87,72710
7,72804,6775,1.0,11348,87,72717
6,72810,6776,1.0,11349,87,72723
6,72816,6777,1.0,11350,87,72729
4,72820,6777,0.0,11351,87,72733
2,72822,6777,0.0,11352,87,72735
10,72832,6778,1.0,11353,87,72745
9,72841,6779,1.0,11354,87,72754
2,72843,6779,0.0,11355,87,72756
12,72855,6780,1.0,11356,87,72768
6,72861,6781,1.0,11357,87,72774
2,72863,6781,0.0,11358,87,72776
4,72867,6781,0.0,11359,87,72780
7,72874,6782,1.0,11360,87,72787
8,72882,6783,1.0,11361,87,72795
5,72887,6783,0.0,11362,87,72800
6,72893,6784,1.0,11363,87,72806
5,72898,6784,0.0,11364,87,72811
7,72905,6785,1.0,11365,87,72818
9,72914,6786,1.0,11366,87,72827
7,72921,6787,1.0,11367,87,72834
8,72929,6787,0.0,11368,87,72842
6,72935,6788,1.0,11369,87,72848
6,72941,6789,1.0,11370,87,72854
6,72947,6789,0.0,11371,87,72860
5,72952,6789,0.0,11372,87,72865
6,72958,6790,1.0,11373,87,72871
8,72966,6791,1.0,11374,87,72879
6,72972,6792,1.0,11375,87,72885
2,72974,6792,0.0,11376,87,72887
9,72983,6793,1.0,11377,87,72896
4,72987,6793,0.0,11378,87,72900
10,72997,6794,1.0,11379,87,72910
8,73005,6795,1.0,11380,87,72918
9,73014,6796,1.0,11381,87,72927
6,73020,6797,1.0,11382,87,72933
6,73026,6798,1.0,11383,87,72939
4,73030,6798,0.0,11384,87,72943
10,73040,6798,0.0,11385,87,72953
6,73046,6799,1.0,11386,87,72959
6,73052,6800,1.0,11387,87,72965
9,73061,6801,1.0,11388,87,72974
6,73067,6802,1.0,11389,87,72980
6,73073,6803,1.0,11390,87,72986
6,73079,6804,1.0,11391,87,72992
6,73085,6805,1.0,11392,87,72998
6,73091,6806,1.0,11393,87,73004
8,73099,6807,1.0,11394,87,73012
7,73106,6808,1.0,11395,87,73019
7,73113,6809,1.0,11396,87,73026
6,73119,6810,1.0,11397,87,73032
4,73123,6810,0.0,11398,87,73036
6,73129,6811,1.0,11399,87,73042
6,73135,6812,1.0,11400,87,73048
6,73141,6813,1.0,11401,87,73054
3,73144,6813,0.0,11402,87,73057
7,73151,6814,1.0,11403,87,73064
6,73157,6814,0.0,11404,87,73070
6,73163,6815,1.0,11405,87,73076
6,73169,6816,1.0,11406,87,73082
7,73176,6817,1.0,11407,87,73089
7,73183,6818,1.0,11408,87,73096
6,73189,6819,1.0,11409,87,73102
6,73195,6820,1.0,11410,87,73108
5,73200,6820,0.0,11411,87,73113
6,73206,6821,1.0,11412,87,73119
8,73214,6822,1.0,11413,87,73127
2,73216,6822,0.0,11414,87,73129
6,73222,6823,1.0,11415,87,73135
6,73228,6824,1.0,11416,87,73141
6,73234,6825,1.0,11417,87,73147
7,73241,6826,1.0,11418,87,73154
9,73250,6827,1.0,11419,87,73163
6,73256,6828,1.0,11420,87,73169
6,73262,6829,1.0,11421,87,73175
6,73268,6830,1.0,11422,87,73181
4,73272,6830,0.0,11423,87,73185
10,73282,6831,1.0,11424,87,73195
6,73288,6832,1.0,11425,87,73201
6,73294,6833,1.0,11426,87,73207
6,73300,6834,1.0,11427,87,73213
6,73306,6835,1.0,11428,87,73219
4,73310,6835,0.0,11429,87,73223
5,73315,6835,0.0,11430,87,73228
4,73319,6835,0.0,11431,87,73232
15,73334,6836,1.0,11432,87,73247
8,73342,6837,1.0,11433,87,73255
2,73344,6837,0.0,11434,87,73257
6,73350,6838,1.0,11435,87,73263
6,73356,6839,1.0,11436,87,73269
8,73364,6840,1.0,11437,87,73277
6,73370,6841,1.0,11438,87,73283
6,73376,6842,1.0,11439,87,73289
6,73382,6843,1.0,11440,87,73295
3,73385,6843,0.0,11441,87,73298
6,73391,6844,1.0,11442,87,73304
10,73401,6845,1.0,11443,87,73314
3,73404,6845,0.0,11444,87,73317
7,73411,6845,0.0,11445,87,73324
6,73417,6846,1.0,11446,87,73330
6,73423,6847,1.0,11447,87,73336
6,73429,6847,0.0,11448,87,73342
7,73436,6848,1.0,11449,87,73349
3,73439,6848,0.0,11450,87,73352
7,73446,6849,1.0,11451,87,73359
5,73451,6849,0.0,11452,87,73364
4,73455,6849,0.0,11453,87,73368
3,73458,6849,0.0,11454,87,73371
4,73462,6849,0.0,11455,87,73375
7,73469,6850,1.0,11456,87,73382
7,73476,6851,1.0,11457,87,73389
8,73484,6852,1.0,11458,87,73397
6,73490,6853,1.0,11459,87,73403
8,73498,6854,1.0,11460,87,73411
5,73503,6854,0.0,11461,87,73416
7,73510,6855,1.0,11462,87,73423
6,73516,6856,1.0,11463,87,73429
6,73522,6857,1.0,11464,87,73435
9,73531,6858,1.0,11465,87,73444
6,73537,6859,1.0,11466,87,73450
6,73543,6860,1.0,11467,87,73456
7,73550,6861,1.0,11468,87,73463
2,73552,6861,0.0,11469,87,73465
10,73562,6862,1.0,11470,87,73475
4,73566,6862,0.0,11471,87,73479
6,73572,6863,1.0,11472,87,73485
6,73578,6864,1.0,11473,87,73491
7,73585,6865,1.0,11474,87,73498
6,73591,6866,1.0,11475,87,73504
6,73597,6867,1.0,11476,87,73510
8,73605,6868,1.0,11477,87,73518
6,73611,6869,1.0,11478,87,73524
4,73615,6869,0.0,11479,87,73528
7,73622,6870,1.0,11480,87,73535
8,73630,6871,1.0,11481,87,73543
6,73636,6872,1.0,11482,87,73549
6,73642,6873,1.0,11483,87,73555
6,73648,6874,1.0,11484,87,73561
7,73655,6875,1.0,11485,87,73568
3,73658,6875,0.0,11486,87,73571
11,73669,6876,1.0,11487,87,73582
6,73675,6877,1.0,11488,87,73588
8,73683,6878,1.0,11489,87,73596
7,73690,6878,0.0,11490,87,73603
2,73692,6878,0.0,11491,87,73605
2,73694,6878,0.0,11492,87,73607
2,73696,6878,0.0,11493,87,73609
4,73700,6878,0.0,11494,87,73613
6,73706,6878,0.0,11495,87,73619
6,73712,6879,1.0,11496,87,73625
10,73722,6880,1.0,11497,87,73635
8,73730,6881,1.0,11498,87,73643
4,73734,6881,0.0,11499,87,73647
5,73739,6881,0.0,11500,87,73652
9,73748,6882,1.0,11501,87,73661
10,73758,6883,1.0,11502,87,73671
6,73764,6884,1.0,11503,87,73677
6,73770,6885,1.0,11504,87,73683
6,73776,6886,1.0,11505,87,73689
7,73783,6887,1.0,11506,87,73696
6,73789,6888,1.0,11507,87,73702
4,73793,6888,0.0,11508,87,73706
6,73799,6889,1.0,11509,87,73712
6,73805,6890,1.0,11510,87,73718
8,73813,6891,1.0,11511,87,73726
6,73819,6892,1.0,11512,87,73732
7,73826,6893,1.0,11513,87,73739
2,73828,6893,0.0,11514,87,73741
5,73833,6893,0.0,11515,87,73746
7,73840,6894,1.0,11516,87,73753
6,73846,6895,1.0,11517,87,73759
6,73852,6896,1.0,11518,87,73765
8,73860,6896,0.0,11519,87,73773
8,73868,6897,1.0,11520,87,73781
6,73874,6898,1.0,11521,87,73787
9,73883,6899,1.0,11522,87,73796
8,73891,6900,1.0,11523,87,73804
6,73897,6901,1.0,11524,87,73810
5,73902,6901,0.0,11525,87,73815
8,73910,6902,1.0,11526,87,73823
6,73916,6903,1.0,11527,87,73829
6,73922,6904,1.0,11528,87,73835
8,73930,6905,1.0,11529,87,73843
6,73936,6906,1.0,11530,87,73849
6,73942,6906,0.0,11531,87,73855
4,73946,6906,0.0,11532,87,73859
6,73952,6907,1.0,11533,87,73865
7,73959,6908,1.0,11534,87,73872
4,73963,6908,0.0,11535,87,73876
5,73968,6908,0.0,11536,87,73881
6,73974,6909,1.0,11537,87,73887
2,73976,6909,0.0,11538,87,73889
5,73981,6909,0.0,11539,87,73894
11,73992,6910,1.0,11540,87,73905
6,73998,6911,1.0,11541,87,73911
6,74004,6912,1.0,11542,87,73917
4,74008,6912,0.0,11543,87,73921
6,74014,6913,1.0,11544,87,73927
4,74018,6913,0.0,11545,87,73931
4,74022,6913,0.0,11546,87,73935
2,74024,6913,0.0,11547,87,73937
5,74029,6913,0.0,11548,87,73942
13,74042,6914,1.0,11549,87,73955
6,74048,6915,1.0,11550,87,73961
13,74061,6916,1.0,11551,87,73974
6,74067,6917,1.0,11552,87,73980
6,74073,6918,1.0,11553,87,73986
2,74075,6918,0.0,11554,87,73988
6,74081,6919,1.0,11555,87,73994
6,74087,6920,1.0,11556,87,74000
3,74090,6920,0.0,11557,87,74003
6,74096,6920,0.0,11558,87,74009
3,74099,6920,0.0,11559,87,74012
2,74101,6920,0.0,11560,87,74014
6,74107,6921,1.0,11561,87,74020
6,74113,6922,1.0,11562,87,74026
6,74119,6923,1.0,11563,87,74032
6,74125,6924,1.0,11564,87,74038
6,74131,6925,1.0,11565,87,74044
7,74138,6926,1.0,11566,87,74051
6,74144,6927,1.0,11567,87,74057
6,74150,6928,1.0,11568,87,74063
6,74156,6929,1.0,11569,87,74069
6,74162,6930,1.0,11570,87,74075
5,74167,6930,0.0,11571,87,74080
7,74174,6931,1.0,11572,87,74087
8,74182,6932,1.0,11573,87,74095
7,74189,6933,1.0,11574,87,74102
4,74193,6933,0.0,11575,87,74106
7,74200,6933,0.0,11576,87,74113
4,74204,6933,0.0,11577,87,74117
4,74208,6933,0.0,11578,87,74121
6,74214,6934,1.0,11579,87,74127
9,74223,6935,1.0,11580,87,74136
6,74229,6936,1.0,11581,87,74142
3,74232,6936,0.0,11582,87,74145
6,74238,6937,1.0,11583,87,74151
6,74244,6938,1.0,11584,87,74157
6,74250,6939,1.0,11585,87,74163
6,74256,6940,1.0,11586,87,74169
6,74262,6941,1.0,11587,87,74175
6,74268,6942,1.0,11588,87,74181
13,74281,6943,1.0,11589,87,74194
6,74287,6944,1.0,11590,87,74200
6,74293,6945,1.0,11591,87,74206
10,74303,6946,1.0,11592,87,74216
6,74309,6947,1.0,11593,87,74222
8,74317,6948,1.0,11594,87,74230
6,74323,6949,1.0,11595,87,74236
9,74332,6949,0.0,11596,87,74245
6,74338,6950,1.0,11597,87,74251
5,74343,6950,0.0,11598,87,74256
6,74349,6951,1.0,11599,87,74262
7,74356,6952,1.0,11600,87,74269
8,74364,6953,1.0,11601,87,74277
6,74370,6954,1.0,11602,87,74283
6,74376,6955,1.0,11603,87,74289
7,74383,6955,0.0,11604,87,74296
6,74389,6956,1.0,11605,87,74302
6,74395,6957,1.0,11606,87,74308
2,74397,6957,0.0,11607,87,74310
9,74406,6958,1.0,11608,87,74319
6,74412,6959,1.0,11609,87,74325
6,74418,6960,1.0,11610,87,74331
6,74424,6961,1.0,11611,87,74337
4,74428,6961,0.0,11612,87,74341
5,74433,6961,0.0,11613,87,74346
6,74439,6962,1.0,11614,87,74352
9,74448,6963,1.0,11615,87,74361
6,74454,6964,1.0,11616,87,74367
3,74457,6964,0.0,11617,87,74370
2,74459,6964,0.0,11618,87,74372
6,74465,6965,1.0,11619,87,74378
9,74474,6966,1.0,11620,87,74387
10,74484,6967,1.0,11621,87,74397
6,74490,6968,1.0,11622,87,74403
6,74496,6969,1.0,11623,87,74409
9,74505,6970,1.0,11624,87,74418
4,74509,6970,0.0,11625,87,74422
9,74518,6971,1.0,11626,87,74431
6,74524,6972,1.0,11627,87,74437
6,74530,6973,1.0,11628,87,74443
13,74543,6974,1.0,11629,87,74456
9,74552,6975,1.0,11630,87,74465
6,74558,6976,1.0,11631,87,74471
7,74565,6977,1.0,11632,87,74478
6,74571,6978,1.0,11633,87,74484
2,74573,6978,0.0,11634,87,74486
7,74580,6979,1.0,11635,87,74493
7,74587,6979,0.0,11636,87,74500
7,74594,6979,0.0,11637,87,74507
7,74601,6980,1.0,11638,87,74514
3,74604,6980,0.0,11639,87,74517
9,74613,6981,1.0,11640,87,74526
11,74624,6982,1.0,11641,87,74537
5,74629,6982,0.0,11642,87,74542
8,74637,6983,1.0,11643,87,74550
7,74644,6984,1.0,11644,87,74557
6,74650,6985,1.0,11645,87,74563
6,74656,6986,1.0,11646,87,74569
7,74663,6987,1.0,11647,87,74576
7,74670,6988,1.0,11648,87,74583
6,74676,6989,1.0,11649,87,74589
6,74682,6990,1.0,11650,87,74595
6,74688,6991,1.0,11651,87,74601
11,74699,6992,1.0,11652,87,74612
2,74701,6992,0.0,11653,87,74614
7,74708,6993,1.0,11654,87,74621
7,74715,6994,1.0,11655,87,74628
8,74723,6995,1.0,11656,87,74636
6,74729,6995,0.0,11657,87,74642
7,74736,6996,1.0,11658,87,74649
2,74738,6996,0.0,11659,87,74651
7,74745,6997,1.0,11660,87,74658
6,74751,6998,1.0,11661,87,74664
8,74759,6998,0.0,11662,87,74672
6,74765,6999,1.0,11663,87,74678
6,74771,7000,1.0,11664,87,74684
7,74778,7001,1.0,11665,87,74691
10,74788,7002,1.0,11666,87,74701
4,74792,7002,0.0,11667,87,74705
6,74798,7003,1.0,11668,87,74711
4,74802,7003,0.0,11669,87,74715
6,74808,7004,1.0,11670,87,74721
6,74814,7005,1.0,11671,87,74727
6,74820,7006,1.0,11672,87,74733
10,74830,7007,1.0,11673,87,74743
8,74838,7008,1.0,11674,87,74751
7,74845,7009,1.0,11675,87,74758
4,74849,7009,0.0,11676,87,74762
7,74856,7010,1.0,11677,87,74769
2,74858,7010,0.0,11678,87,74771
5,74863,7010,0.0,11679,87,74776
6,74869,7011,1.0,11680,87,74782
6,74875,7012,1.0,11681,87,74788
6,74881,7012,0.0,11682,87,74794
6,74887,7013,1.0,11683,87,74800
6,74893,7014,1.0,11684,87,74806
6,74899,7015,1.0,11685,87,74812
4,74903,7015,0.0,11686,87,74816
6,74909,7016,1.0,11687,87,74822
2,74911,7016,0.0,11688,87,74824
6,74917,7017,1.0,11689,87,74830
6,74923,7018,1.0,11690,87,74836
6,74929,7019,1.0,11691,87,74842
2,74931,7019,0.0,11692,87,74844
6,74937,7020,1.0,11693,87,74850
6,74943,7021,1.0,11694,87,74856
7,74950,7021,0.0,11695,87,74863
9,74959,7022,1.0,11696,87,74872
6,74965,7023,1.0,11697,87,74878
8,74973,7024,1.0,11698,87,74886
6,74979,7025,1.0,11699,87,74892
4,74983,7025,0.0,11700,87,74896
6,74989,7026,1.0,11701,87,74902
6,74995,7027,1.0,11702,87,74908
6,75001,7028,1.0,11703,87,74914
4,75005,7028,0.0,11704,87,74918
7,75012,7029,1.0,11705,87,74925
8,75020,7030,1.0,11706,87,74933
9,75029,7031,1.0,11707,87,74942
6,75035,7032,1.0,11708,87,74948
8,75043,7033,1.0,11709,87,74956
2,75045,7033,0.0,11710,87,74958
6,75051,7033,0.0,11711,87,74964
6,75057,7034,1.0,11712,87,74970
6,75063,7035,1.0,11713,87,74976
3,75066,7035,0.0,11714,87,74979
9,75075,7036,1.0,11715,87,74988
9,75084,7037,1.0,11716,87,74997
6,75090,7038,1.0,11717,87,75003
7,75097,7039,1.0,11718,87,75010
12,75109,7040,1.0,11719,87,75022
6,75115,7041,1.0,11720,87,75028
6,75121,7042,1.0,11721,87,75034
6,75127,7043,1.0,11722,87,75040
6,75133,7044,1.0,11723,87,75046
6,75139,7045,1.0,11724,87,75052
6,75145,7046,1.0,11725,87,75058
9,75154,7047,1.0,11726,87,75067
9,75163,7048,1.0,11727,87,75076
2,75165,7048,0.0,11728,87,75078
10,75175,7049,1.0,11729,87,75088
6,75181,7050,1.0,11730,87,75094
5,75186,7050,0.0,11731,87,75099
8,75194,7051,1.0,11732,87,75107
7,75201,7052,1.0,11733,87,75114
10,75211,7053,1.0,11734,87,75124
6,75217,7054,1.0,11735,87,75130
8,75225,7055,1.0,11736,87,75138
6,75231,7056,1.0,11737,87,75144
6,75237,7057,1.0,11738,87,75150
8,75245,7058,1.0,11739,87,75158
9,75254,7059,1.0,11740,87,75167
7,75261,7060,1.0,11741,87,75174
6,75267,7061,1.0,11742,87,75180
6,75273,7062,1.0,11743,87,75186
2,75275,7062,0.0,11744,87,75188
5,75280,7062,0.0,11745,87,75193
2,75282,7062,0.0,11746,87,75195
4,75286,7062,0.0,11747,87,75199
2,75288,7062,0.0,11748,87,75201
6,75294,7063,1.0,11749,87,75207
4,75298,7063,0.0,11750,87,75211
6,75304,7064,1.0,11751,87,75217
9,75313,7065,1.0,11752,87,75226
6,75319,7065,0.0,11753,87,75232
4,75323,7065,0.0,11754,87,75236
7,75330,7065,0.0,11755,87,75243
2,75332,7065,0.0,11756,87,75245
13,75345,7065,0.0,11757,87,75258
11,75356,7066,1.0,11758,87,75269
8,75364,7067,1.0,11759,87,75277
7,75371,7068,1.0,11760,87,75284
6,75377,7069,1.0,11761,87,75290
9,75386,7070,1.0,11762,87,75299
3,75389,7070,0.0,11763,87,75302
8,75397,7071,1.0,11764,87,75310
6,75403,7072,1.0,11765,87,75316
7,75410,7073,1.0,11766,87,75323
10,75420,7074,1.0,11767,87,75333
6,75426,7075,1.0,11768,87,75339
11,75437,7075,0.0,11769,87,75350
11,75448,7075,0.0,11770,87,75361
6,75454,7076,1.0,11771,87,75367
6,75460,7077,1.0,11772,87,75373
6,75466,7078,1.0,11773,87,75379
2,75468,7078,0.0,11774,87,75381
3,75471,7078,0.0,11775,87,75384
9,75480,7079,1.0,11776,87,75393
7,75487,7079,0.0,11777,87,75400
6,75493,7080,1.0,11778,87,75406
6,75499,7081,1.0,11779,87,75412
6,75505,7082,1.0,11780,87,75418
12,75517,7083,1.0,11781,87,75430
6,75523,7084,1.0,11782,87,75436
6,75529,7085,1.0,11783,87,75442
11,75540,7086,1.0,11784,87,75453
9,75549,7087,1.0,11785,87,75462
6,75555,7088,1.0,11786,87,75468
4,75559,7088,0.0,11787,87,75472
6,75565,7089,1.0,11788,87,75478
10,75575,7090,1.0,11789,87,75488
7,75582,7091,1.0,11790,87,75495
2,75584,7091,0.0,11791,87,75497
6,75590,7092,1.0,11792,87,75503
6,75596,7093,1.0,11793,87,75509
2,75598,7093,0.0,11794,87,75511
6,75604,7094,1.0,11795,87,75517
5,75609,7094,0.0,11796,87,75522
8,75617,7095,1.0,11797,87,75530
9,75626,7096,1.0,11798,87,75539
6,75632,7097,1.0,11799,87,75545
6,75638,7098,1.0,11800,87,75551
6,75644,7099,1.0,11801,87,75557
7,75651,7100,1.0,11802,87,75564
9,75660,7101,1.0,11803,87,75573
10,75670,7102,1.0,11804,87,75583
6,75676,7103,1.0,11805,87,75589
7,75683,7104,1.0,11806,87,75596
6,75689,7105,1.0,11807,87,75602
7,75696,7106,1.0,11808,87,75609
8,75704,7107,1.0,11809,87,75617
8,75712,7108,1.0,11810,87,75625
6,75718,7109,1.0,11811,87,75631
4,75722,7109,0.0,11812,87,75635
6,75728,7110,1.0,11813,87,75641
7,75735,7111,1.0,11814,87,75648
8,75743,7112,1.0,11815,87,75656
5,75748,7112,0.0,11816,87,75661
6,75754,7113,1.0,11817,87,75667
8,75762,7114,1.0,11818,87,75675
10,75772,7115,1.0,11819,87,75685
6,75778,7116,1.0,11820,87,75691
6,75784,7117,1.0,11821,87,75697
6,75790,7118,1.0,11822,87,75703
6,75796,7119,1.0,11823,87,75709
8,75804,7120,1.0,11824,87,75717
7,75811,7121,1.0,11825,87,75724
6,75817,7122,1.0,11826,87,75730
7,75824,7123,1.0,11827,87,75737
4,75828,7123,0.0,11828,87,75741
6,75834,7124,1.0,11829,87,75747
7,75841,7125,1.0,11830,87,75754
4,75845,7125,0.0,11831,87,75758
7,75852,7126,1.0,11832,87,75765
6,75858,7127,1.0,11833,87,75771
6,75864,7128,1.0,11834,87,75777
4,75868,7128,0.0,11835,87,75781
6,75874,7129,1.0,11836,87,75787
2,75876,7129,0.0,11837,87,75789
4,75880,7129,0.0,11838,87,75793
6,75886,7129,0.0,11839,87,75799
6,75892,7129,0.0,11840,87,75805
6,75898,7130,1.0,11841,87,75811
7,75905,7131,1.0,11842,87,75818
6,75911,7132,1.0,11843,87,75824
12,75923,7133,1.0,11844,87,75836
5,75928,7133,0.0,11845,87,75841
3,75931,7133,0.0,11846,87,75844
7,75938,7134,1.0,11847,87,75851
6,75944,7135,1.0,11848,87,75857
6,75950,7136,1.0,11849,87,75863
9,75959,7137,1.0,11850,87,75872
6,75965,7137,0.0,11851,87,75878
6,75971,7138,1.0,11852,87,75884
11,75982,7139,1.0,11853,87,75895
10,75992,7140,1.0,11854,87,75905
6,75998,7141,1.0,11855,87,75911
7,76005,7141,0.0,11856,87,75918
2,76007,7141,0.0,11857,87,75920
6,76013,7142,1.0,11858,87,75926
5,76018,7142,0.0,11859,87,75931
7,76025,7143,1.0,11860,87,75938
4,76029,7143,0.0,11861,87,75942
6,76035,7143,0.0,11862,87,75948
4,76039,7143,0.0,11863,87,75952
6,76045,7144,1.0,11864,87,75958
4,76049,7144,0.0,11865,87,75962
6,76055,7145,1.0,11866,87,75968
12,76067,7146,1.0,11867,87,75980
6,76073,7147,1.0,11868,87,75986
6,76079,7148,1.0,11869,87,75992
7,76086,7148,0.0,11870,87,75999
6,76092,7149,1.0,11871,87,76005
7,76099,7150,1.0,11872,87,76012
5,76104,7150,0.0,11873,87,76017
2,76106,7150,0.0,11874,87,76019
6,76112,7151,1.0,11875,87,76025
4,76116,7151,0.0,11876,87,76029
8,76124,7152,1.0,11877,87,76037
6,76130,7153,1.0,11878,87,76043
6,76136,7154,1.0,11879,87,76049
6,76142,7154,0.0,11880,87,76055
7,76149,7154,0.0,11881,87,76062
6,76155,7155,1.0,11882,87,76068
6,76161,7156,1.0,11883,87,76074
7,76168,7157,1.0,11884,87,76081
7,76175,7158,1.0,11885,87,76088
6,76181,7159,1.0,11886,87,76094
7,76188,7160,1.0,11887,87,76101
3,76191,7160,0.0,11888,87,76104
6,76197,7161,1.0,11889,87,76110
6,76203,7161,0.0,11890,87,76116
6,76209,7162,1.0,11891,87,76122
6,76215,7163,1.0,11892,87,76128
2,76217,7163,0.0,11893,87,76130
2,76219,7163,0.0,11894,87,76132
7,76226,7164,1.0,11895,87,76139
5,76231,7164,0.0,11896,87,76144
6,76237,7165,1.0,11897,87,76150
10,76247,7166,1.0,11898,87,76160
8,76255,7167,1.0,11899,87,76168
2,76257,7167,0.0,11900,87,76170
7,76264,7168,1.0,11901,87,76177
6,76270,7169,1.0,11902,87,76183
6,76276,7170,1.0,11903,87,76189
7,76283,7171,1.0,11904,87,76196
6,76289,7172,1.0,11905,87,76202
5,76294,7172,0.0,11906,87,76207
8,76302,7173,1.0,11907,87,76215
2,76304,7173,0.0,11908,87,76217
3,76307,7173,0.0,11909,87,76220
9,76316,7174,1.0,11910,87,76229
2,76318,7174,0.0,11911,87,76231
6,76324,7175,1.0,11912,87,76237
2,76326,7175,0.0,11913,87,76239
6,76332,7176,1.0,11914,87,76245
6,76338,7177,1.0,11915,87,76251
8,76346,7178,1.0,11916,87,76259
6,76352,7179,1.0,11917,87,76265
8,76360,7180,1.0,11918,87,76273
2,76362,7180,0.0,11919,87,76275
6,76368,7180,0.0,11920,87,76281
6,76374,7180,0.0,11921,87,76287
4,76378,7180,0.0,11922,87,76291
7,76385,7181,1.0,11923,87,76298
8,76393,7182,1.0,11924,87,76306
4,76397,7182,0.0,11925,87,76310
8,76405,7183,1.0,11926,87,76318
11,76416,7184,1.0,11927,87,76329
2,76418,7184,0.0,11928,87,76331
2,76420,7184,0.0,11929,87,76333
7,76427,7185,1.0,11930,87,76340
2,76429,7185,0.0,11931,87,76342
6,76435,7186,1.0,11932,87,76348
4,76439,7186,0.0,11933,87,76352
6,76445,7187,1.0,11934,87,76358
6,76451,7188,1.0,11935,87,76364
8,76459,7189,1.0,11936,87,76372
8,76467,7190,1.0,11937,87,76380
6,76473,7191,1.0,11938,87,76386
2,76475,7191,0.0,11939,87,76388
9,76484,7192,1.0,11940,87,76397
7,76491,7193,1.0,11941,87,76404
6,76497,7194,1.0,11942,87,76410
4,76501,7194,0.0,11943,87,76414
6,76507,7195,1.0,11944,87,76420
2,76509,7195,0.0,11945,87,76422
8,76517,7196,1.0,11946,87,76430
4,76521,7196,0.0,11947,87,76434
7,76528,7197,1.0,11948,87,76441
9,76537,7198,1.0,11949,87,76450
7,76544,7199,1.0,11950,87,76457
6,76550,7200,1.0,11951,87,76463
11,76561,7201,1.0,11952,87,76474
6,76567,7202,1.0,11953,87,76480
6,76573,7203,1.0,11954,87,76486
4,76577,7203,0.0,11955,87,76490
6,76583,7204,1.0,11956,87,76496
6,76589,7205,1.0,11957,87,76502
7,76596,7206,1.0,11958,87,76509
9,76605,7207,1.0,11959,87,76518
6,76611,7208,1.0,11960,87,76524
8,76619,7209,1.0,11961,87,76532
6,76625,7210,1.0,11962,87,76538
10,76635,7211,1.0,11963,87,76548
4,76639,7211,0.0,11964,87,76552
8,76647,7212,1.0,11965,87,76560
6,76653,7213,1.0,11966,87,76566
6,76659,7214,1.0,11967,87,76572
4,76663,7214,0.0,11968,87,76576
7,76670,7215,1.0,11969,87,76583
6,76676,7216,1.0,11970,87,76589
6,76682,7217,1.0,11971,87,76595
6,76688,7218,1.0,11972,87,76601
7,76695,7219,1.0,11973,87,76608
9,76704,7220,1.0,11974,87,76617
6,76710,7220,0.0,11975,87,76623
8,76718,7221,1.0,11976,87,76631
7,76725,7222,1.0,11977,87,76638
6,76731,7223,1.0,11978,87,76644
6,76737,7224,1.0,11979,87,76650
6,76743,7225,1.0,11980,87,76656
6,76749,7226,1.0,11981,87,76662
6,76755,7227,1.0,11982,87,76668
6,76761,7228,1.0,11983,87,76674
2,76763,7228,0.0,11984,87,76676
6,76769,7229,1.0,11985,87,76682
7,76776,7230,1.0,11986,87,76689
6,76782,7231,1.0,11987,87,76695
6,76788,7232,1.0,11988,87,76701
6,76794,7232,0.0,11989,87,76707
6,76800,7233,1.0,11990,87,76713
4,76804,7233,0.0,11991,87,76717
6,76810,7234,1.0,11992,87,76723
2,76812,7234,0.0,11993,87,76725
9,76821,7235,1.0,11994,87,76734
6,76827,7236,1.0,11995,87,76740
6,76833,7237,1.0,11996,87,76746
6,76839,7237,0.0,11997,87,76752
6,76845,7238,1.0,11998,87,76758
7,76852,7238,0.0,11999,87,76765
7,76859,7239,1.0,12000,87,76772
6,76865,7240,1.0,12001,87,76778
6,76871,7241,1.0,12002,87,76784
6,76877,7242,1.0,12003,87,76790
6,76883,7243,1.0,12004,87,76796
10,76893,7244,1.0,12005,87,76806
6,76899,7245,1.0,12006,87,76812
6,76905,7246,1.0,12007,87,76818
14,76919,7247,1.0,12008,87,76832
2,76921,7247,0.0,12009,87,76834
6,76927,7248,1.0,12010,87,76840
6,76933,7249,1.0,12011,87,76846
6,76939,7249,0.0,12012,87,76852
2,76941,7249,0.0,12013,87,76854
9,76950,7250,1.0,12014,87,76863
6,76956,7251,1.0,12015,87,76869
6,76962,7252,1.0,12016,87,76875
6,76968,7253,1.0,12017,87,76881
8,76976,7254,1.0,12018,87,76889
10,76986,7255,1.0,12019,87,76899
10,76996,7256,1.0,12020,87,76909
9,77005,7257,1.0,12021,87,76918
6,77011,7258,1.0,12022,87,76924
8,77019,7259,1.0,12023,87,76932
8,77027,7259,0.0,12024,87,76940
6,77033,7260,1.0,12025,87,76946
6,77039,7261,1.0,12026,87,76952
4,77043,7261,0.0,12027,87,76956
12,77055,7262,1.0,12028,87,76968
4,77059,7262,0.0,12029,87,76972
5,77064,7262,0.0,12030,87,76977
6,77070,7263,1.0,12031,87,76983
4,77074,7263,0.0,12032,87,76987
6,77080,7264,1.0,12033,87,76993
8,77088,7265,1.0,12034,87,77001
5,77093,7265,0.0,12035,87,77006
6,77099,7266,1.0,12036,87,77012
7,77106,7267,1.0,12037,87,77019
7,77113,7268,1.0,12038,87,77026
5,77118,7268,0.0,12039,87,77031
4,77122,7268,0.0,12040,87,77035
5,77127,7268,0.0,12041,87,77040
2,77129,7268,0.0,12042,87,77042
11,77140,7269,1.0,12043,87,77053
11,77151,7270,1.0,12044,87,77064
7,77158,7271,1.0,12045,87,77071
8,77166,7272,1.0,12046,87,77079
3,77169,7272,0.0,12047,87,77082
10,77179,7273,1.0,12048,87,77092
4,77183,7273,0.0,12049,87,77096
8,77191,7274,1.0,12050,87,77104
10,77201,7275,1.0,12051,87,77114
7,77208,7276,1.0,12052,87,77121
4,77212,7276,0.0,12053,87,77125
2,77214,7276,0.0,12054,87,77127
8,77222,7277,1.0,12055,87,77135
8,77230,7278,1.0,12056,87,77143
8,77238,7279,1.0,12057,87,77151
6,77244,7280,1.0,12058,87,77157
6,77250,7281,1.0,12059,87,77163
8,77258,7282,1.0,12060,87,77171
5,77263,7282,0.0,12061,87,77176
7,77270,7283,1.0,12062,87,77183
7,77277,7284,1.0,12063,87,77190
6,77283,7285,1.0,12064,87,77196
4,77287,7285,0.0,12065,87,77200
6,77293,7286,1.0,12066,87,77206
6,77299,7287,1.0,12067,87,77212
9,77308,7288,1.0,12068,87,77221
6,77314,7289,1.0,12069,87,77227
6,77320,7290,1.0,12070,87,77233
6,77326,7291,1.0,12071,87,77239
7,77333,7292,1.0,12072,87,77246
4,77337,7292,0.0,12073,87,77250
6,77343,7293,1.0,12074,87,77256
8,77351,7294,1.0,12075,87,77264
6,77357,7295,1.0,12076,87,77270
6,77363,7296,1.0,12077,87,77276
6,77369,7297,1.0,12078,87,77282
7,77376,7298,1.0,12079,87,77289
6,77382,7299,1.0,12080,87,77295
6,77388,7300,1.0,12081,87,77301
6,77394,7301,1.0,12082,87,77307
8,77402,7302,1.0,12083,87,77315
5,77407,7302,0.0,12084,87,77320
4,77411,7302,0.0,12085,87,77324
6,77417,7303,1.0,12086,87,77330
4,77421,7303,0.0,12087,87,77334
7,77428,7304,1.0,12088,87,77341
6,77434,7305,1.0,12089,87,77347
9,77443,7306,1.0,12090,87,77356
9,77452,7306,0.0,12091,87,77365
3,77455,7306,0.0,12092,87,77368
9,77464,7306,0.0,12093,87,77377
8,77472,7307,1.0,12094,87,77385
5,77477,7307,0.0,12095,87,77390
9,77486,7308,1.0,12096,87,77399
8,77494,7309,1.0,12097,87,77407
6,77500,7310,1.0,12098,87,77413
6,77506,7311,1.0,12099,87,77419
7,77513,7312,1.0,12100,87,77426
11,77524,7313,1.0,12101,87,77437
6,77530,7314,1.0,12102,87,77443
6,77536,7315,1.0,12103,87,77449
2,77538,7315,0.0,12104,87,77451
10,77548,7316,1.0,12105,87,77461
2,77550,7316,0.0,12106,87,77463
3,77553,7316,0.0,12107,87,77466
4,77557,7316,0.0,12108,87,77470
4,77561,7316,0.0,12109,87,77474
8,77569,7317,1.0,12110,87,77482
8,77577,7318,1.0,12111,87,77490
6,77583,7319,1.0,12112,87,77496
7,77590,7320,1.0,12113,87,77503
4,77594,7320,0.0,12114,87,77507
9,77603,7321,1.0,12115,87,77516
3,77606,7321,0.0,12116,87,77519
8,77614,7322,1.0,12117,87,77527
10,77624,7323,1.0,12118,87,77537
6,77630,7324,1.0,12119,87,77543
7,77637,7325,1.0,12120,87,77550
6,77643,7326,1.0,12121,87,77556
6,77649,7327,1.0,12122,87,77562
8,77657,7328,1.0,12123,87,77570
9,77666,7329,1.0,12124,87,77579
9,77675,7330,1.0,12125,87,77588
8,77683,7331,1.0,12126,87,77596
10,77693,7332,1.0,12127,87,77606
6,77699,7333,1.0,12128,87,77612
7,77706,7334,1.0,12129,87,77619
6,77712,7335,1.0,12130,87,77625
9,77721,7336,1.0,12131,87,77634
7,77728,7337,1.0,12132,87,77641
2,77730,7337,0.0,12133,87,77643
6,77736,7338,1.0,12134,87,77649
6,77742,7339,1.0,12135,87,77655
6,77748,7339,0.0,12136,87,77661
6,77754,7339,0.0,12137,87,77667
6,77760,7340,1.0,12138,87,77673
6,77766,7341,1.0,12139,87,77679
8,77774,7342,1.0,12140,87,77687
6,77780,7343,1.0,12141,87,77693
4,77784,7343,0.0,12142,87,77697
6,77790,7344,1.0,12143,87,77703
2,77792,7344,0.0,12144,87,77705
6,77798,7345,1.0,12145,87,77711
7,77805,7346,1.0,12146,87,77718
6,77811,7347,1.0,12147,87,77724
8,77819,7348,1.0,12148,87,77732
5,77824,7348,0.0,12149,87,77737
9,77833,7349,1.0,12150,87,77746
4,77837,7349,0.0,12151,87,77750
6,77843,7350,1.0,12152,87,77756
9,77852,7351,1.0,12153,87,77765
9,77861,7352,1.0,12154,87,77774
6,77867,7353,1.0,12155,87,77780
6,77873,7354,1.0,12156,87,77786
4,77877,7354,0.0,12157,87,77790
8,77885,7355,1.0,12158,87,77798
7,77892,7356,1.0,12159,87,77805
6,77898,7357,1.0,12160,87,77811
7,77905,7358,1.0,12161,87,77818
8,77913,7359,1.0,12162,87,77826
2,77915,7359,0.0,12163,87,77828
2,77917,7359,0.0,12164,87,77830
7,77924,7360,1.0,12165,87,77837
6,77930,7361,1.0,12166,87,77843
10,77940,7362,1.0,12167,87,77853
12,77952,7363,1.0,12168,87,77865
8,77960,7364,1.0,12169,87,77873
9,77969,7365,1.0,12170,87,77882
7,77976,7365,0.0,12171,87,77889
7,77983,7366,1.0,12172,87,77896
4,77987,7366,0.0,12173,87,77900
4,77991,7366,0.0,12174,87,77904
7,77998,7367,1.0,12175,87,77911
6,78004,7368,1.0,12176,87,77917
2,78006,7368,0.0,12177,87,77919
8,78014,7369,1.0,12178,87,77927
6,78020,7370,1.0,12179,87,77933
8,78028,7371,1.0,12180,87,77941
6,78034,7372,1.0,12181,87,77947
8,78042,7373,1.0,12182,87,77955
6,78048,7373,0.0,12183,87,77961
6,78054,7374,1.0,12184,87,77967
6,78060,7375,1.0,12185,87,77973
6,78066,7376,1.0,12186,87,77979
6,78072,7377,1.0,12187,87,77985
4,78076,7377,0.0,12188,87,77989
6,78082,7378,1.0,12189,87,77995
7,78089,7378,0.0,12190,87,78002
7,78096,7379,1.0,12191,87,78009
9,78105,7380,1.0,12192,87,78018
2,78107,7380,0.0,12193,87,78020
2,78109,7380,0.0,12194,87,78022
6,78115,7381,1.0,12195,87,78028
6,78121,7382,1.0,12196,87,78034
6,78127,7383,1.0,12197,87,78040
7,78134,7384,1.0,12198,87,78047
6,78140,7385,1.0,12199,87,78053
8,78148,7386,1.0,12200,87,78061
9,78157,7387,1.0,12201,87,78070
7,78164,7388,1.0,12202,87,78077
6,78170,7389,1.0,12203,87,78083
4,78174,7389,0.0,12204,87,78087
8,78182,7390,1.0,12205,87,78095
2,78184,7390,0.0,12206,87,78097
6,78190,7391,1.0,12207,87,78103
6,78196,7392,1.0,12208,87,78109
6,78202,7392,0.0,12209,87,78115
6,78208,7392,0.0,12210,87,78121
6,78214,7393,1.0,12211,87,78127
6,78220,7394,1.0,12212,87,78133
4,78224,7394,0.0,12213,87,78137
8,78232,7395,1.0,12214,87,78145
6,78238,7396,1.0,12215,87,78151
6,78244,7397,1.0,12216,87,78157
8,78252,7398,1.0,12217,87,78165
6,78258,7399,1.0,12218,87,78171
8,78266,7399,0.0,12219,87,78179
6,78272,7400,1.0,12220,87,78185
2,78274,7400,0.0,12221,87,78187
6,78280,7401,1.0,12222,87,78193
7,78287,7402,1.0,12223,87,78200
6,78293,7403,1.0,12224,87,78206
6,78299,7404,1.0,12225,87,78212
6,78305,7405,1.0,12226,87,78218
6,78311,7406,1.0,12227,87,78224
6,78317,7407,1.0,12228,87,78230
9,78326,7408,1.0,12229,87,78239
7,78333,7409,1.0,12230,87,78246
2,78335,7409,0.0,12231,87,78248
9,78344,7410,1.0,12232,87,78257
8,78352,7411,1.0,12233,87,78265
9,78361,7412,1.0,12234,87,78274
5,78366,7412,0.0,12235,87,78279
7,78373,7413,1.0,12236,87,78286
8,78381,7414,1.0,12237,87,78294
6,78387,7415,1.0,12238,87,78300
6,78393,7416,1.0,12239,87,78306
8,78401,7417,1.0,12240,87,78314
6,78407,7418,1.0,12241,87,78320
6,78413,7419,1.0,12242,87,78326
8,78421,7420,1.0,12243,87,78334
6,78427,7420,0.0,12244,87,78340
10,78437,7421,1.0,12245,87,78350
6,78443,7422,1.0,12246,87,78356
10,78453,7423,1.0,12247,87,78366
2,78455,7423,0.0,12248,87,78368
6,78461,7424,1.0,12249,87,78374
8,78469,7425,1.0,12250,87,78382
6,78475,7426,1.0,12251,87,78388
8,78483,7427,1.0,12252,87,78396
7,78490,7428,1.0,12253,87,78403
8,78498,7429,1.0,12254,87,78411
6,78504,7430,1.0,12255,87,78417
6,78510,7431,1.0,12256,87,78423
6,78516,7432,1.0,12257,87,78429
5,78521,7432,0.0,12258,87,78434
6,78527,7433,1.0,12259,87,78440
11,78538,7434,1.0,12260,87,78451
4,78542,7434,0.0,12261,87,78455
6,78548,7435,1.0,12262,87,78461
6,78554,7436,1.0,12263,87,78467
2,78556,7436,0.0,12264,87,78469
7,78563,7437,1.0,12265,87,78476
7,78570,7437,0.0,12266,87,78483
6,78576,7438,1.0,12267,87,78489
9,78585,7439,1.0,12268,87,78498
2,78587,7439,0.0,12269,87,78500
6,78593,7440,1.0,12270,87,78506
8,78601,7441,1.0,12271,87,78514
6,78607,7442,1.0,12272,87,78520
6,78613,7443,1.0,12273,87,78526
6,78619,7444,1.0,12274,87,78532
8,78627,7445,1.0,12275,87,78540
2,78629,7445,0.0,12276,87,78542
5,78634,7445,0.0,12277,87,78547
3,78637,7445,0.0,12278,87,78550
6,78643,7446,1.0,12279,87,78556
4,78647,7446,0.0,12280,87,78560
4,78651,7446,0.0,12281,87,78564
6,78657,7447,1.0,12282,87,78570
7,78664,7448,1.0,12283,87,78577
7,78671,7449,1.0,12284,87,78584
4,78675,7449,0.0,12285,87,78588
6,78681,7450,1.0,12286,87,78594
6,78687,7451,1.0,12287,87,78600
6,78693,7452,1.0,12288,87,78606
2,78695,7452,0.0,12289,87,78608
8,78703,7453,1.0,12290,87,78616
8,78711,7454,1.0,12291,87,78624
6,78717,7455,1.0,12292,87,78630
6,78723,7456,1.0,12293,87,78636
6,78729,7457,1.0,12294,87,78642
9,78738,7458,1.0,12295,87,78651
6,78744,7459,1.0,12296,87,78657
8,78752,7460,1.0,12297,87,78665
9,78761,7461,1.0,12298,87,78674
11,78772,7462,1.0,12299,87,78685
4,78776,7462,0.0,12300,87,78689
8,78784,7463,1.0,12301,87,78697
7,78791,7464,1.0,12302,87,78704
2,78793,7464,0.0,12303,87,78706
6,78799,7465,1.0,12304,87,78712
8,78807,7466,1.0,12305,87,78720
6,78813,7467,1.0,12306,87,78726
4,78817,7467,0.0,12307,87,78730
4,78821,7467,0.0,12308,87,78734
12,78833,7468,1.0,12309,87,78746
6,78839,7469,1.0,12310,87,78752
2,78841,7469,0.0,12311,87,78754
10,78851,7470,1.0,12312,87,78764
8,78859,7471,1.0,12313,87,78772
6,78865,7472,1.0,12314,87,78778
7,78872,7473,1.0,12315,87,78785
5,78877,7473,0.0,12316,87,78790
6,78883,7474,1.0,12317,87,78796
9,78892,7475,1.0,12318,87,78805
6,78898,7476,1.0,12319,87,78811
4,78902,7476,0.0,12320,87,78815
2,78904,7476,0.0,12321,87,78817
3,78907,7476,0.0,12322,87,78820
9,78916,7477,1.0,12323,87,78829
6,78922,7478,1.0,12324,87,78835
6,78928,7479,1.0,12325,87,78841
6,78934,7480,1.0,12326,87,78847
6,78940,7481,1.0,12327,87,78853
6,78946,7482,1.0,12328,87,78859
6,78952,7483,1.0,12329,87,78865
8,78960,7484,1.0,12330,87,78873
6,78966,7485,1.0,12331,87,78879
8,78974,7486,1.0,12332,87,78887
7,78981,7487,1.0,12333,87,78894
7,78988,7488,1.0,12334,87,78901
13,79001,7489,1.0,12335,87,78914
6,79007,7490,1.0,12336,87,78920
7,79014,7490,0.0,12337,87,78927
9,79023,7490,0.0,12338,87,78936
6,79029,7491,1.0,12339,87,78942
10,79039,7492,1.0,12340,87,78952
5,79044,7492,0.0,12341,87,78957
12,79056,7493,1.0,12342,87,78969
9,79065,7494,1.0,12343,87,78978
6,79071,7494,0.0,12344,87,78984
6,79077,7494,0.0,12345,87,78990
8,79085,7495,1.0,12346,87,78998
6,79091,7496,1.0,12347,87,79004
9,79100,7497,1.0,12348,87,79013
9,79109,7498,1.0,12349,87,79022
7,79116,7499,1.0,12350,87,79029
6,79122,7500,1.0,12351,87,79035
8,79130,7501,1.0,12352,87,79043
7,79137,7502,1.0,12353,87,79050
4,79141,7502,0.0,12354,87,79054
8,79149,7503,1.0,12355,87,79062
6,79155,7504,1.0,12356,87,79068
6,79161,7505,1.0,12357,87,79074
11,79172,7506,1.0,12358,87,79085
7,79179,7507,1.0,12359,87,79092
8,79187,7508,1.0,12360,87,79100
9,79196,7509,1.0,12361,87,79109
2,79198,7509,0.0,12362,87,79111
6,79204,7510,1.0,12363,87,79117
3,79207,7510,0.0,12364,87,79120
6,79213,7511,1.0,12365,87,79126
6,79219,7512,1.0,12366,87,79132
10,79229,7513,1.0,12367,87,79142
6,79235,7514,1.0,12368,87,79148
4,79239,7514,0.0,12369,87,79152
6,79245,7515,1.0,12370,87,79158
5,79250,7515,0.0,12371,87,79163
6,79256,7516,1.0,12372,87,79169
5,79261,7516,0.0,12373,87,79174
6,79267,7517,1.0,12374,87,79180
2,79269,7517,0.0,12375,87,79182
9,79278,7518,1.0,12376,87,79191
4,79282,7518,0.0,12377,87,79195
8,79290,7519,1.0,12378,87,79203
6,79296,7520,1.0,12379,87,79209
4,79300,7520,0.0,12380,87,79213
8,79308,7521,1.0,12381,87,79221
4,79312,7521,0.0,12382,87,79225
7,79319,7522,1.0,12383,87,79232
6,79325,7523,1.0,12384,87,79238
4,79329,7523,0.0,12385,87,79242
2,79331,7523,0.0,12386,87,79244
7,79338,7524,1.0,12387,87,79251
3,79341,7524,0.0,12388,87,79254
6,79347,7525,1.0,12389,87,79260
3,79350,7525,0.0,12390,87,79263
6,79356,7526,1.0,12391,87,79269
7,79363,7527,1.0,12392,87,79276
4,79367,7527,0.0,12393,87,79280
2,79369,7527,0.0,12394,87,79282
8,79377,7528,1.0,12395,87,79290
11,79388,7528,0.0,12396,87,79301
13,79401,7529,1.0,12397,87,79314
5,79406,7529,0.0,12398,87,79319
4,79410,7529,0.0,12399,87,79323
6,79416,7530,1.0,12400,87,79329
5,79421,7530,0.0,12401,87,79334
6,79427,7531,1.0,12402,87,79340
7,79434,7532,1.0,12403,87,79347
6,79440,7533,1.0,12404,87,79353
6,79446,7534,1.0,12405,87,79359
6,79452,7535,1.0,12406,87,79365
6,79458,7536,1.0,12407,87,79371
6,79464,7537,1.0,12408,87,79377
7,79471,7538,1.0,12409,87,79384
9,79480,7539,1.0,12410,87,79393
2,79482,7539,0.0,12411,87,79395
6,79488,7540,1.0,12412,87,79401
4,79492,7540,0.0,12413,87,79405
4,79496,7540,0.0,12414,87,79409
6,79502,7541,1.0,12415,87,79415
4,79506,7541,0.0,12416,87,79419
10,79516,7542,1.0,12417,87,79429
6,79522,7543,1.0,12418,87,79435
3,79525,7543,0.0,12419,87,79438
6,79531,7544,1.0,12420,87,79444
2,79533,7544,0.0,12421,87,79446
8,79541,7545,1.0,12422,87,79454
4,79545,7545,0.0,12423,87,79458
6,79551,7546,1.0,12424,87,79464
3,79554,7546,0.0,12425,87,79467
5,79559,7546,0.0,12426,87,79472
4,79563,7546,0.0,12427,87,79476
6,79569,7547,1.0,12428,87,79482
6,79575,7548,1.0,12429,87,79488
8,79583,7549,1.0,12430,87,79496
6,79589,7550,1.0,12431,87,79502
8,79597,7551,1.0,12432,87,79510
2,79599,7551,0.0,12433,87,79512
2,79601,7551,0.0,12434,87,79514
8,79609,7552,1.0,12435,87,79522
11,79620,7552,0.0,12436,87,79533
6,79626,7553,1.0,12437,87,79539
6,79632,7554,1.0,12438,87,79545
4,79636,7554,0.0,12439,87,79549
3,79639,7554,0.0,12440,87,79552
6,79645,7555,1.0,12441,87,79558
2,79647,7555,0.0,12442,87,79560
9,79656,7555,0.0,12443,87,79569
5,79661,7555,0.0,12444,87,79574
11,79672,7556,1.0,12445,87,79585
7,79679,7557,1.0,12446,87,79592
7,79686,7558,1.0,12447,87,79599
2,79688,7558,0.0,12448,87,79601
6,79694,7559,1.0,12449,87,79607
4,79698,7559,0.0,12450,87,79611
9,79707,7560,1.0,12451,87,79620
7,79714,7561,1.0,12452,87,79627
6,79720,7562,1.0,12453,87,79633
8,79728,7563,1.0,12454,87,79641
6,79734,7564,1.0,12455,87,79647
2,79736,7564,0.0,12456,87,79649
7,79743,7565,1.0,12457,87,79656
6,79749,7566,1.0,12458,87,79662
6,79755,7567,1.0,12459,87,79668
7,79762,7568,1.0,12460,87,79675
6,79768,7569,1.0,12461,87,79681
6,79774,7570,1.0,12462,87,79687
5,79779,7570,0.0,12463,87,79692
6,79785,7571,1.0,12464,87,79698
7,79792,7572,1.0,12465,87,79705
6,79798,7573,1.0,12466,87,79711
8,79806,7573,0.0,12467,87,79719
9,79815,7574,1.0,12468,87,79728
6,79821,7575,1.0,12469,87,79734
6,79827,7576,1.0,12470,87,79740
7,79834,7576,0.0,12471,87,79747
6,79840,7576,0.0,12472,87,79753
6,79846,7577,1.0,12473,87,79759
6,79852,7578,1.0,12474,87,79765
6,79858,7579,1.0,12475,87,79771
5,79863,7579,0.0,12476,87,79776
7,79870,7579,0.0,12477,87,79783
10,79880,7580,1.0,12478,87,79793
8,79888,7581,1.0,12479,87,79801
7,79895,7582,1.0,12480,87,79808
14,79909,7583,1.0,12481,87,79822
4,79913,7583,0.0,12482,87,79826
7,79920,7584,1.0,12483,87,79833
8,79928,7585,1.0,12484,87,79841
2,79930,7585,0.0,12485,87,79843
6,79936,7586,1.0,12486,87,79849
4,79940,7586,0.0,12487,87,79853
6,79946,7587,1.0,12488,87,79859
10,79956,7588,1.0,12489,87,79869
6,79962,7589,1.0,12490,87,79875
4,79966,7589,0.0,12491,87,79879
6,79972,7590,1.0,12492,87,79885
9,79981,7591,1.0,12493,87,79894
6,79987,7592,1.0,12494,87,79900
7,79994,7593,1.0,12495,87,79907
13,80007,7594,1.0,12496,87,79920
3,80010,7594,0.0,12497,87,79923
6,80016,7595,1.0,12498,87,79929
6,80022,7596,1.0,12499,87,79935
11,80033,7597,1.0,12500,87,79946
6,80039,7598,1.0,12501,87,79952
7,80046,7599,1.0,12502,87,79959
6,80052,7600,1.0,12503,87,79965
9,80061,7601,1.0,12504,87,79974
7,80068,7601,0.0,12505,87,79981
4,80072,7601,0.0,12506,87,79985
6,80078,7602,1.0,12507,87,79991
6,80084,7603,1.0,12508,87,79997
8,80092,7604,1.0,12509,87,80005
6,80098,7605,1.0,12510,87,80011
6,80104,7606,1.0,12511,87,80017
7,80111,7607,1.0,12512,87,80024
6,80117,7608,1.0,12513,87,80030
9,80126,7609,1.0,12514,87,80039
6,80132,7610,1.0,12515,87,80045
6,80138,7611,1.0,12516,87,80051
4,80142,7611,0.0,12517,87,80055
2,80144,7611,0.0,12518,87,80057
8,80152,7612,1.0,12519,87,80065
4,80156,7612,0.0,12520,87,80069
7,80163,7613,1.0,12521,87,80076
6,80169,7614,1.0,12522,87,80082
8,80177,7614,0.0,12523,87,80090
10,80187,7615,1.0,12524,87,80100
8,80195,7616,1.0,12525,87,80108
8,80203,7617,1.0,12526,87,80116
4,80207,7617,0.0,12527,87,80120
6,80213,7618,1.0,12528,87,80126
9,80222,7619,1.0,12529,87,80135
6,80228,7619,0.0,12530,87,80141
10,80238,7620,1.0,12531,87,80151
3,80241,7620,0.0,12532,87,80154
7,80248,7621,1.0,12533,87,80161
6,80254,7622,1.0,12534,87,80167
6,80260,7623,1.0,12535,87,80173
10,80270,7624,1.0,12536,87,80183
8,80278,7625,1.0,12537,87,80191
9,80287,7625,0.0,12538,87,80200
6,80293,7626,1.0,12539,87,80206
6,80299,7627,1.0,12540,87,80212
6,80305,7628,1.0,12541,87,80218
7,80312,7629,1.0,12542,87,80225
2,80314,7629,0.0,12543,87,80227
7,80321,7630,1.0,12544,87,80234
6,80327,7631,1.0,12545,87,80240
6,80333,7632,1.0,12546,87,80246
6,80339,7633,1.0,12547,87,80252
8,80347,7634,1.0,12548,87,80260
8,80355,7635,1.0,12549,87,80268
2,80357,7635,0.0,12550,87,80270
7,80364,7636,1.0,12551,87,80277
7,80371,7637,1.0,12552,87,80284
4,80375,7637,0.0,12553,87,80288
6,80381,7638,1.0,12554,87,80294
9,80390,7639,1.0,12555,87,80303
4,80394,7639,0.0,12556,87,80307
6,80400,7640,1.0,12557,87,80313
6,80406,7641,1.0,12558,87,80319
7,80413,7642,1.0,12559,87,80326
8,80421,7643,1.0,12560,87,80334
6,80427,7644,1.0,12561,87,80340
10,80437,7645,1.0,12562,87,80350
12,80449,7646,1.0,12563,87,80362
6,80455,7647,1.0,12564,87,80368
6,80461,7648,1.0,12565,87,80374
10,80471,7649,1.0,12566,87,80384
4,80475,7649,0.0,12567,87,80388
3,80478,7649,0.0,12568,87,80391
6,80484,7650,1.0,12569,87,80397
6,80490,7651,1.0,12570,87,80403
8,80498,7652,1.0,12571,87,80411
7,80505,7653,1.0,12572,87,80418
8,80513,7654,1.0,12573,87,80426
7,80520,7655,1.0,12574,87,80433
3,80523,7655,0.0,12575,87,80436
8,80531,7656,1.0,12576,87,80444
2,80533,7656,0.0,12577,87,80446
6,80539,7657,1.0,12578,87,80452
3,80542,7657,0.0,12579,87,80455
2,80544,7657,0.0,12580,87,80457
7,80551,7658,1.0,12581,87,80464
6,80557,7659,1.0,12582,87,80470
6,80563,7660,1.0,12583,87,80476
6,80569,7661,1.0,12584,87,80482
8,80577,7662,1.0,12585,87,80490
6,80583,7663,1.0,12586,87,80496
8,80591,7664,1.0,12587,87,80504
5,80596,7664,0.0,12588,87,80509
10,80606,7665,1.0,12589,87,80519
6,80612,7665,0.0,12590,87,80525
6,80618,7666,1.0,12591,87,80531
6,80624,7667,1.0,12592,87,80537
8,80632,7668,1.0,12593,87,80545
8,80640,7669,1.0,12594,87,80553
6,80646,7670,1.0,12595,87,80559
7,80653,7671,1.0,12596,87,80566
11,80664,7672,1.0,12597,87,80577
6,80670,7673,1.0,12598,87,80583
6,80676,7674,1.0,12599,87,80589
7,80683,7675,1.0,12600,87,80596
8,80691,7676,1.0,12601,87,80604
5,80696,7676,0.0,12602,87,80609
6,80702,7677,1.0,12603,87,80615
6,80708,7678,1.0,12604,87,80621
2,80710,7678,0.0,12605,87,80623
7,80717,7679,1.0,12606,87,80630
9,80726,7680,1.0,12607,87,80639
8,80734,7681,1.0,12608,87,80647
6,80740,7682,1.0,12609,87,80653
7,80747,7682,0.0,12610,87,80660
6,80753,7683,1.0,12611,87,80666
9,80762,7684,1.0,12612,87,80675
5,80767,7684,0.0,12613,87,80680
7,80774,7685,1.0,12614,87,80687
2,80776,7685,0.0,12615,87,80689
6,80782,7686,1.0,12616,87,80695
10,80792,7687,1.0,12617,87,80705
6,80798,7688,1.0,12618,87,80711
5,80803,7688,0.0,12619,87,80716
6,80809,7689,1.0,12620,87,80722
6,80815,7689,0.0,12621,87,80728
6,80821,7690,1.0,12622,87,80734
11,80832,7691,1.0,12623,87,80745
5,80837,7691,0.0,12624,87,80750
8,80845,7692,1.0,12625,87,80758
4,80849,7692,0.0,12626,87,80762
6,80855,7693,1.0,12627,87,80768
4,80859,7693,0.0,12628,87,80772
6,80865,7693,0.0,12629,87,80778
6,80871,7694,1.0,12630,87,80784
6,80877,7695,1.0,12631,87,80790
3,80880,7695,0.0,12632,87,80793
4,80884,7695,0.0,12633,87,80797
6,80890,7696,1.0,12634,87,80803
8,80898,7697,1.0,12635,87,80811
5,80903,7697,0.0,12636,87,80816
6,80909,7697,0.0,12637,87,80822
6,80915,7698,1.0,12638,87,80828
2,80917,7698,0.0,12639,87,80830
2,80919,7698,0.0,12640,87,80832
6,80925,7699,1.0,12641,87,80838
6,80931,7700,1.0,12642,87,80844
6,80937,7701,1.0,12643,87,80850
11,80948,7702,1.0,12644,87,80861
5,80953,7702,0.0,12645,87,80866
6,80959,7703,1.0,12646,87,80872
8,80967,7704,1.0,12647,87,80880
2,80969,7704,0.0,12648,87,80882
6,80975,7705,1.0,12649,87,80888
7,80982,7706,1.0,12650,87,80895
14,80996,7707,1.0,12651,87,80909
7,81003,7708,1.0,12652,87,80916
9,81012,7709,1.0,12653,87,80925
8,81020,7710,1.0,12654,87,80933
10,81030,7711,1.0,12655,87,80943
4,81034,7711,0.0,12656,87,80947
6,81040,7712,1.0,12657,87,80953
7,81047,7713,1.0,12658,87,80960
2,81049,7713,0.0,12659,87,80962
4,81053,7713,0.0,12660,87,80966
8,81061,7714,1.0,12661,87,80974
8,81069,7715,1.0,12662,87,80982
2,81071,7715,0.0,12663,87,80984
6,81077,7715,0.0,12664,87,80990
7,81084,7716,1.0,12665,87,80997
6,81090,7717,1.0,12666,87,81003
10,81100,7718,1.0,12667,87,81013
7,81107,7718,0.0,12668,87,81020
6,81113,7719,1.0,12669,87,81026
7,81120,7720,1.0,12670,87,81033
3,81123,7720,0.0,12671,87,81036
6,81129,7721,1.0,12672,87,81042
9,81138,7722,1.0,12673,87,81051
9,81147,7723,1.0,12674,87,81060
2,81149,7723,0.0,12675,87,81062
6,81155,7724,1.0,12676,87,81068
8,81163,7725,1.0,12677,87,81076
6,81169,7726,1.0,12678,87,81082
6,81175,7727,1.0,12679,87,81088
2,81177,7727,0.0,12680,87,81090
8,81185,7728,1.0,12681,87,81098
8,81193,7729,1.0,12682,87,81106
6,81199,7729,0.0,12683,87,81112
6,81205,7730,1.0,12684,87,81118
4,81209,7730,0.0,12685,87,81122
5,81214,7730,0.0,12686,87,81127
10,81224,7731,1.0,12687,87,81137
4,81228,7731,0.0,12688,87,81141
8,81236,7732,1.0,12689,87,81149
8,81244,7733,1.0,12690,87,81157
7,81251,7734,1.0,12691,87,81164
6,81257,7735,1.0,12692,87,81170
6,81263,7735,0.0,12693,87,81176
6,81269,7736,1.0,12694,87,81182
8,81277,7737,1.0,12695,87,81190
2,81279,7737,0.0,12696,87,81192
6,81285,7738,1.0,12697,87,81198
5,81290,7738,0.0,12698,87,81203
4,81294,7738,0.0,12699,87,81207
6,81300,7739,1.0,12700,87,81213
5,81305,7739,0.0,12701,87,81218
10,81315,7740,1.0,12702,87,81228
3,81318,7740,0.0,12703,87,81231
12,81330,7741,1.0,12704,87,81243
8,81338,7742,1.0,12705,87,81251
10,81348,7743,1.0,12706,87,81261
6,81354,7743,0.0,12707,87,81267
4,81358,7743,0.0,12708,87,81271
6,81364,7744,1.0,12709,87,81277
21,81385,7745,1.0,12710,87,81298
7,81392,7746,1.0,12711,87,81305
4,81396,7746,0.0,12712,87,81309
7,81403,7747,1.0,12713,87,81316
9,81412,7748,1.0,12714,87,81325
11,81423,7749,1.0,12715,87,81336
9,81432,7750,1.0,12716,87,81345
5,81437,7750,0.0,12717,87,81350
7,81444,7751,1.0,12718,87,81357
7,81451,7751,0.0,12719,87,81364
11,81462,7752,1.0,12720,87,81375
5,81467,7752,0.0,12721,87,81380
9,81476,7753,1.0,12722,87,81389
10,81486,7754,1.0,12723,87,81399
6,81492,7755,1.0,12724,87,81405
7,81499,7756,1.0,12725,87,81412
5,81504,7756,0.0,12726,87,81417
2,81506,7756,0.0,12727,87,81419
6,81512,7757,1.0,12728,87,81425
6,81518,7758,1.0,12729,87,81431
6,81524,7758,0.0,12730,87,81437
6,81530,7759,1.0,12731,87,81443
2,81532,7759,0.0,12732,87,81445
6,81538,7760,1.0,12733,87,81451
4,81542,7760,0.0,12734,87,81455
6,81548,7761,1.0,12735,87,81461
12,81560,7762,1.0,12736,87,81473
7,81567,7763,1.0,12737,87,81480
9,81576,7764,1.0,12738,87,81489
4,81580,7764,0.0,12739,87,81493
6,81586,7765,1.0,12740,87,81499
7,81593,7766,1.0,12741,87,81506
6,81599,7767,1.0,12742,87,81512
4,81603,7767,0.0,12743,87,81516
7,81610,7768,1.0,12744,87,81523
6,81616,7769,1.0,12745,87,81529
6,81622,7770,1.0,12746,87,81535
6,81628,7771,1.0,12747,87,81541
6,81634,7772,1.0,12748,87,81547
7,81641,7773,1.0,12749,87,81554
6,81647,7774,1.0,12750,87,81560
2,81649,7774,0.0,12751,87,81562
6,81655,7775,1.0,12752,87,81568
10,81665,7775,0.0,12753,87,81578
3,81668,7775,0.0,12754,87,81581
4,81672,7775,0.0,12755,87,81585
6,81678,7776,1.0,12756,87,81591
6,81684,7777,1.0,12757,87,81597
9,81693,7778,1.0,12758,87,81606
6,81699,7779,1.0,12759,87,81612
6,81705,7780,1.0,12760,87,81618
7,81712,7781,1.0,12761,87,81625
6,81718,7782,1.0,12762,87,81631
10,81728,7783,1.0,12763,87,81641
6,81734,7784,1.0,12764,87,81647
4,81738,7784,0.0,12765,87,81651
9,81747,7785,1.0,12766,87,81660
7,81754,7786,1.0,12767,87,81667
6,81760,7787,1.0,12768,87,81673
9,81769,7788,1.0,12769,87,81682
2,81771,7788,0.0,12770,87,81684
6,81777,7789,1.0,12771,87,81690
2,81779,7789,0.0,12772,87,81692
2,81781,7789,0.0,12773,87,81694
11,81792,7789,0.0,12774,87,81705
10,81802,7790,1.0,12775,87,81715
8,81810,7791,1.0,12776,87,81723
10,81820,7791,0.0,12777,87,81733
8,81828,7791,0.0,12778,87,81741
8,81836,7792,1.0,12779,87,81749
2,81838,7792,0.0,12780,87,81751
7,81845,7793,1.0,12781,87,81758
8,81853,7794,1.0,12782,87,81766
4,81857,7794,0.0,12783,87,81770
9,81866,7795,1.0,12784,87,81779
6,81872,7796,1.0,12785,87,81785
5,81877,7796,0.0,12786,87,81790
6,81883,7797,1.0,12787,87,81796
7,81890,7798,1.0,12788,87,81803
8,81898,7799,1.0,12789,87,81811
2,81900,7799,0.0,12790,87,81813
8,81908,7800,1.0,12791,87,81821
5,81913,7800,0.0,12792,87,81826
6,81919,7801,1.0,12793,87,81832
7,81926,7802,1.0,12794,87,81839
7,81933,7803,1.0,12795,87,81846
3,81936,7803,0.0,12796,87,81849
7,81943,7804,1.0,12797,87,81856
6,81949,7805,1.0,12798,87,81862
6,81955,7806,1.0,12799,87,81868
11,81966,7807,1.0,12800,87,81879
2,81968,7807,0.0,12801,87,81881
10,81978,7808,1.0,12802,87,81891
4,81982,7808,0.0,12803,87,81895
7,81989,7808,0.0,12804,87,81902
7,81996,7809,1.0,12805,87,81909
6,82002,7810,1.0,12806,87,81915
8,82010,7811,1.0,12807,87,81923
7,82017,7811,0.0,12808,87,81930
6,82023,7812,1.0,12809,87,81936
11,82034,7813,1.0,12810,87,81947
8,82042,7814,1.0,12811,87,81955
6,82048,7815,1.0,12812,87,81961
10,82058,7816,1.0,12813,87,81971
7,82065,7817,1.0,12814,87,81978
5,82070,7817,0.0,12815,87,81983
6,82076,7818,1.0,12816,87,81989
6,82082,7819,1.0,12817,87,81995
8,82090,7820,1.0,12818,87,82003
7,82097,7821,1.0,12819,87,82010
5,82102,7821,0.0,12820,87,82015
7,82109,7822,1.0,12821,87,82022
8,82117,7823,1.0,12822,87,82030
6,82123,7824,1.0,12823,87,82036
6,82129,7825,1.0,12824,87,82042
6,82135,7826,1.0,12825,87,82048
7,82142,7827,1.0,12826,87,82055
13,82155,7828,1.0,12827,87,82068
7,82162,7829,1.0,12828,87,82075
6,82168,7830,1.0,12829,87,82081
6,82174,7831,1.0,12830,87,82087
8,82182,7832,1.0,12831,87,82095
6,82188,7833,1.0,12832,87,82101
6,82194,7834,1.0,12833,87,82107
7,82201,7835,1.0,12834,87,82114
6,82207,7836,1.0,12835,87,82120
9,82216,7837,1.0,12836,87,82129
8,82224,7838,1.0,12837,87,82137
7,82231,7839,1.0,12838,87,82144
8,82239,7840,1.0,12839,87,82152
2,82241,7840,0.0,12840,87,82154
6,82247,7841,1.0,12841,87,82160
6,82253,7842,1.0,12842,87,82166
7,82260,7843,1.0,12843,87,82173
13,82273,7844,1.0,12844,87,82186
2,82275,7844,0.0,12845,87,82188
6,82281,7845,1.0,12846,87,82194
6,82287,7845,0.0,12847,87,82200
8,82295,7846,1.0,12848,87,82208
6,82301,7846,0.0,12849,87,82214
11,82312,7847,1.0,12850,87,82225
8,82320,7848,1.0,12851,87,82233
8,82328,7849,1.0,12852,87,82241
6,82334,7850,1.0,12853,87,82247
6,82340,7851,1.0,12854,87,82253
6,82346,7852,1.0,12855,87,82259
6,82352,7853,1.0,12856,87,82265
2,82354,7853,0.0,12857,87,82267
3,82357,7853,0.0,12858,87,82270
8,82365,7854,1.0,12859,87,82278
2,82367,7854,0.0,12860,87,82280
7,82374,7855,1.0,12861,87,82287
6,82380,7856,1.0,12862,87,82293
6,82386,7857,1.0,12863,87,82299
7,82393,7857,0.0,12864,87,82306
2,82395,7857,0.0,12865,87,82308
6,82401,7858,1.0,12866,87,82314
10,82411,7859,1.0,12867,87,82324
4,82415,7859,0.0,12868,87,82328
8,82423,7860,1.0,12869,87,82336
7,82430,7861,1.0,12870,87,82343
6,82436,7862,1.0,12871,87,82349
8,82444,7863,1.0,12872,87,82357
3,82447,7863,0.0,12873,87,82360
4,82451,7863,0.0,12874,87,82364
6,82457,7864,1.0,12875,87,82370
4,82461,7864,0.0,12876,87,82374
7,82468,7865,1.0,12877,87,82381
2,82470,7865,0.0,12878,87,82383
9,82479,7866,1.0,12879,87,82392
7,82486,7866,0.0,12880,87,82399
6,82492,7867,1.0,12881,87,82405
4,82496,7867,0.0,12882,87,82409
7,82503,7868,1.0,12883,87,82416
6,82509,7869,1.0,12884,87,82422
5,82514,7869,0.0,12885,87,82427
6,82520,7870,1.0,12886,87,82433
6,82526,7871,1.0,12887,87,82439
9,82535,7872,1.0,12888,87,82448
2,82537,7872,0.0,12889,87,82450
8,82545,7873,1.0,12890,87,82458
6,82551,7874,1.0,12891,87,82464
6,82557,7875,1.0,12892,87,82470
6,82563,7876,1.0,12893,87,82476
6,82569,7877,1.0,12894,87,82482
7,82576,7878,1.0,12895,87,82489
6,82582,7879,1.0,12896,87,82495
4,82586,7879,0.0,12897,87,82499
6,82592,7880,1.0,12898,87,82505
6,82598,7881,1.0,12899,87,82511
4,82602,7881,0.0,12900,87,82515
6,82608,7882,1.0,12901,87,82521
8,82616,7883,1.0,12902,87,82529
5,82621,7883,0.0,12903,87,82534
8,82629,7884,1.0,12904,87,82542
5,82634,7884,0.0,12905,87,82547
4,82638,7884,0.0,12906,87,82551
7,82645,7885,1.0,12907,87,82558
6,82651,7886,1.0,12908,87,82564
6,82657,7887,1.0,12909,87,82570
6,82663,7888,1.0,12910,87,82576
2,82665,7888,0.0,12911,87,82578
8,82673,7889,1.0,12912,87,82586
6,82679,7890,1.0,12913,87,82592
6,82685,7891,1.0,12914,87,82598
7,82692,7892,1.0,12915,87,82605
6,82698,7893,1.0,12916,87,82611
8,82706,7894,1.0,12917,87,82619
6,82712,7895,1.0,12918,87,82625
7,82719,7896,1.0,12919,87,82632
7,82726,7897,1.0,12920,87,82639
7,82733,7898,1.0,12921,87,82646
5,82738,7898,0.0,12922,87,82651
7,82745,7899,1.0,12923,87,82658
11,82756,7900,1.0,12924,87,82669
4,82760,7900,0.0,12925,87,82673
8,82768,7901,1.0,12926,87,82681
6,82774,7902,1.0,12927,87,82687
6,82780,7903,1.0,12928,87,82693
6,82786,7904,1.0,12929,87,82699
6,82792,7905,1.0,12930,87,82705
7,82799,7906,1.0,12931,87,82712
5,82804,7906,0.0,12932,87,82717
3,82807,7906,0.0,12933,87,82720
8,82815,7907,1.0,12934,87,82728
7,82822,7908,1.0,12935,87,82735
8,82830,7909,1.0,12936,87,82743
4,82834,7909,0.0,12937,87,82747
6,82840,7910,1.0,12938,87,82753
6,82846,7911,1.0,12939,87,82759
8,82854,7912,1.0,12940,87,82767
4,82858,7912,0.0,12941,87,82771
6,82864,7913,1.0,12942,87,82777
8,82872,7914,1.0,12943,87,82785
6,82878,7915,1.0,12944,87,82791
2,82880,7915,0.0,12945,87,82793
6,82886,7916,1.0,12946,87,82799
5,82891,7916,0.0,12947,87,82804
6,82897,7917,1.0,12948,87,82810
8,82905,7918,1.0,12949,87,82818
4,82909,7918,0.0,12950,87,82822
2,82911,7918,0.0,12951,87,82824
2,82913,7918,0.0,12952,87,82826
2,82915,7918,0.0,12953,87,82828
10,82925,7919,1.0,12954,87,82838
6,82931,7920,1.0,12955,87,82844
6,82937,7921,1.0,12956,87,82850
9,82946,7922,1.0,12957,87,82859
6,82952,7922,0.0,12958,87,82865
9,82961,7923,1.0,12959,87,82874
2,82963,7923,0.0,12960,87,82876
6,82969,7924,1.0,12961,87,82882
6,82975,7925,1.0,12962,87,82888
6,82981,7926,1.0,12963,87,82894
7,82988,7927,1.0,12964,87,82901
6,82994,7928,1.0,12965,87,82907
7,83001,7929,1.0,12966,87,82914
6,83007,7930,1.0,12967,87,82920
7,83014,7931,1.0,12968,87,82927
8,83022,7932,1.0,12969,87,82935
7,83029,7933,1.0,12970,87,82942
6,83035,7933,0.0,12971,87,82948
8,83043,7934,1.0,12972,87,82956
6,83049,7935,1.0,12973,87,82962
6,83055,7936,1.0,12974,87,82968
6,83061,7937,1.0,12975,87,82974
11,83072,7938,1.0,12976,87,82985
6,83078,7939,1.0,12977,87,82991
7,83085,7940,1.0,12978,87,82998
6,83091,7941,1.0,12979,87,83004
6,83097,7942,1.0,12980,87,83010
7,83104,7943,1.0,12981,87,83017
11,83115,7943,0.0,12982,87,83028
4,83119,7943,0.0,12983,87,83032
2,83121,7943,0.0,12984,87,83034
8,83129,7944,1.0,12985,87,83042
9,83138,7945,1.0,12986,87,83051
10,83148,7945,0.0,12987,87,83061
8,83156,7946,1.0,12988,87,83069
7,83163,7947,1.0,12989,87,83076
2,83165,7947,0.0,12990,87,83078
8,83173,7948,1.0,12991,87,83086
6,83179,7949,1.0,12992,87,83092
8,83187,7950,1.0,12993,87,83100
8,83195,7951,1.0,12994,87,83108
10,83205,7952,1.0,12995,87,83118
10,83215,7953,1.0,12996,87,83128
8,83223,7954,1.0,12997,87,83136
9,83232,7955,1.0,12998,87,83145
8,83240,7956,1.0,12999,87,83153
10,83250,7957,1.0,13000,87,83163
2,83252,7957,0.0,13001,87,83165
5,83257,7957,0.0,13002,87,83170
5,83262,7957,0.0,13003,87,83175
11,83273,7958,1.0,13004,87,83186
8,83281,7959,1.0,13005,87,83194
7,83288,7960,1.0,13006,87,83201
2,83290,7960,0.0,13007,87,83203
4,83294,7960,0.0,13008,87,83207
4,83298,7960,0.0,13009,87,83211
9,83307,7961,1.0,13010,87,83220
6,83313,7962,1.0,13011,87,83226
16,83329,7963,1.0,13012,87,83242
6,83335,7964,1.0,13013,87,83248
6,83341,7965,1.0,13014,87,83254
6,83347,7966,1.0,13015,87,83260
7,83354,7967,1.0,13016,87,83267
7,83361,7968,1.0,13017,87,83274
5,83366,7968,0.0,13018,87,83279
3,83369,7968,0.0,13019,87,83282
10,83379,7969,1.0,13020,87,83292
5,83384,7969,0.0,13021,87,83297
6,83390,7970,1.0,13022,87,83303
7,83397,7971,1.0,13023,87,83310
6,83403,7972,1.0,13024,87,83316
10,83413,7973,1.0,13025,87,83326
6,83419,7974,1.0,13026,87,83332
6,83425,7975,1.0,13027,87,83338
6,83431,7976,1.0,13028,87,83344
7,83438,7977,1.0,13029,87,83351
6,83444,7978,1.0,13030,87,83357
4,83448,7978,0.0,13031,87,83361
6,83454,7979,1.0,13032,87,83367
8,83462,7980,1.0,13033,87,83375
6,83468,7981,1.0,13034,87,83381
9,83477,7982,1.0,13035,87,83390
8,83485,7982,0.0,13036,87,83398
6,83491,7982,0.0,13037,87,83404
6,83497,7983,1.0,13038,87,83410
6,83503,7984,1.0,13039,87,83416
6,83509,7985,1.0,13040,87,83422
9,83518,7986,1.0,13041,87,83431
6,83524,7987,1.0,13042,87,83437
3,83527,7987,0.0,13043,87,83440
6,83533,7988,1.0,13044,87,83446
8,83541,7989,1.0,13045,87,83454
6,83547,7990,1.0,13046,87,83460
6,83553,7991,1.0,13047,87,83466
8,83561,7992,1.0,13048,87,83474
6,83567,7993,1.0,13049,87,83480
4,83571,7993,0.0,13050,87,83484
6,83577,7994,1.0,13051,87,83490
4,83581,7994,0.0,13052,87,83494
7,83588,7995,1.0,13053,87,83501
6,83594,7996,1.0,13054,87,83507
2,83596,7996,0.0,13055,87,83509
6,83602,7997,1.0,13056,87,83515
6,83608,7997,0.0,13057,87,83521
8,83616,7998,1.0,13058,87,83529
8,83624,7999,1.0,13059,87,83537
4,83628,7999,0.0,13060,87,83541
6,83634,8000,1.0,13061,87,83547
6,83640,8000,0.0,13062,87,83553
7,83647,8001,1.0,13063,87,83560
6,83653,8002,1.0,13064,87,83566
8,83661,8002,0.0,13065,87,83574
2,83663,8002,0.0,13066,87,83576
6,83669,8003,1.0,13067,87,83582
6,83675,8004,1.0,13068,87,83588
4,83679,8004,0.0,13069,87,83592
7,83686,8005,1.0,13070,87,83599
6,83692,8006,1.0,13071,87,83605
11,83703,8007,1.0,13072,87,83616
5,83708,8007,0.0,13073,87,83621
2,83710,8007,0.0,13074,87,83623
4,83714,8007,0.0,13075,87,83627
2,83716,8007,0.0,13076,87,83629
4,83720,8007,0.0,13077,87,83633
6,83726,8007,0.0,13078,87,83639
2,83728,8007,0.0,13079,87,83641
6,83734,8008,1.0,13080,87,83647
9,83743,8009,1.0,13081,87,83656
6,83749,8010,1.0,13082,87,83662
4,83753,8010,0.0,13083,87,83666
6,83759,8011,1.0,13084,87,83672
10,83769,8011,0.0,13085,87,83682
11,83780,8012,1.0,13086,87,83693
6,83786,8012,0.0,13087,87,83699
8,83794,8013,1.0,13088,87,83707
6,83800,8014,1.0,13089,87,83713
6,83806,8015,1.0,13090,87,83719
4,83810,8015,0.0,13091,87,83723
11,83821,8016,1.0,13092,87,83734
9,83830,8017,1.0,13093,87,83743
6,83836,8018,1.0,13094,87,83749
6,83842,8019,1.0,13095,87,83755
9,83851,8020,1.0,13096,87,83764
6,83857,8021,1.0,13097,87,83770
7,83864,8022,1.0,13098,87,83777
6,83870,8023,1.0,13099,87,83783
10,83880,8024,1.0,13100,87,83793
6,83886,8025,1.0,13101,87,83799
4,83890,8025,0.0,13102,87,83803
6,83896,8026,1.0,13103,87,83809
6,83902,8027,1.0,13104,87,83815
6,83908,8027,0.0,13105,87,83821
4,83912,8027,0.0,13106,87,83825
2,83914,8027,0.0,13107,87,83827
6,83920,8028,1.0,13108,87,83833
6,83926,8029,1.0,13109,87,83839
8,83934,8030,1.0,13110,87,83847
7,83941,8031,1.0,13111,87,83854
6,83947,8032,1.0,13112,87,83860
6,83953,8033,1.0,13113,87,83866
8,83961,8034,1.0,13114,87,83874
6,83967,8035,1.0,13115,87,83880
5,83972,8035,0.0,13116,87,83885
7,83979,8035,0.0,13117,87,83892
7,83986,8036,1.0,13118,87,83899
7,83993,8037,1.0,13119,87,83906
4,83997,8037,0.0,13120,87,83910
4,84001,8037,0.0,13121,87,83914
6,84007,8038,1.0,13122,87,83920
6,84013,8039,1.0,13123,87,83926
2,84015,8039,0.0,13124,87,83928
9,84024,8040,1.0,13125,87,83937
6,84030,8041,1.0,13126,87,83943
8,84038,8042,1.0,13127,87,83951
7,84045,8043,1.0,13128,87,83958
6,84051,8044,1.0,13129,87,83964
6,84057,8045,1.0,13130,87,83970
6,84063,8046,1.0,13131,87,83976
7,84070,8047,1.0,13132,87,83983
5,84075,8047,0.0,13133,87,83988
7,84082,8048,1.0,13134,87,83995
12,84094,8049,1.0,13135,87,84007
8,84102,8050,1.0,13136,87,84015
6,84108,8051,1.0,13137,87,84021
5,84113,8051,0.0,13138,87,84026
2,84115,8051,0.0,13139,87,84028
8,84123,8052,1.0,13140,87,84036
6,84129,8053,1.0,13141,87,84042
8,84137,8054,1.0,13142,87,84050
6,84143,8054,0.0,13143,87,84056
4,84147,8054,0.0,13144,87,84060
6,84153,8055,1.0,13145,87,84066
2,84155,8055,0.0,13146,87,84068
11,84166,8056,1.0,13147,87,84079
2,84168,8056,0.0,13148,87,84081
7,84175,8056,0.0,13149,87,84088
6,84181,8056,0.0,13150,87,84094
7,84188,8057,1.0,13151,87,84101
6,84194,8057,0.0,13152,87,84107
3,84197,8057,0.0,13153,87,84110
6,84203,8058,1.0,13154,87,84116
2,84205,8058,0.0,13155,87,84118
8,84213,8059,1.0,13156,87,84126
6,84219,8060,1.0,13157,87,84132
6,84225,8061,1.0,13158,87,84138
6,84231,8061,0.0,13159,87,84144
4,84235,8061,0.0,13160,87,84148
6,84241,8062,1.0,13161,87,84154
6,84247,8063,1.0,13162,87,84160
6,84253,8064,1.0,13163,87,84166
2,84255,8064,0.0,13164,87,84168
6,84261,8065,1.0,13165,87,84174
8,84269,8066,1.0,13166,87,84182
6,84275,8067,1.0,13167,87,84188
6,84281,8068,1.0,13168,87,84194
7,84288,8069,1.0,13169,87,84201
5,84293,8069,0.0,13170,87,84206
8,84301,8070,1.0,13171,87,84214
8,84309,8071,1.0,13172,87,84222
6,84315,8072,1.0,13173,87,84228
3,84318,8072,0.0,13174,87,84231
3,84321,8072,0.0,13175,87,84234
6,84327,8073,1.0,13176,87,84240
6,84333,8074,1.0,13177,87,84246
10,84343,8075,1.0,13178,87,84256
6,84349,8076,1.0,13179,87,84262
7,84356,8077,1.0,13180,87,84269
6,84362,8077,0.0,13181,87,84275
4,84366,8077,0.0,13182,87,84279
7,84373,8078,1.0,13183,87,84286
7,84380,8079,1.0,13184,87,84293
11,84391,8080,1.0,13185,87,84304
4,84395,8080,0.0,13186,87,84308
9,84404,8081,1.0,13187,87,84317
5,84409,8081,0.0,13188,87,84322
8,84417,8082,1.0,13189,87,84330
6,84423,8083,1.0,13190,87,84336
4,84427,8083,0.0,13191,87,84340
7,84434,8084,1.0,13192,87,84347
6,84440,8085,1.0,13193,87,84353
8,84448,8086,1.0,13194,87,84361
4,84452,8086,0.0,13195,87,84365
2,84454,8086,0.0,13196,87,84367
8,84462,8087,1.0,13197,87,84375
8,84470,8088,1.0,13198,87,84383
7,84477,8089,1.0,13199,87,84390
6,84483,8090,1.0,13200,87,84396
9,84492,8091,1.0,13201,87,84405
8,84500,8092,1.0,13202,87,84413
6,84506,8093,1.0,13203,87,84419
4,84510,8093,0.0,13204,87,84423
8,84518,8093,0.0,13205,87,84431
8,84526,8094,1.0,13206,87,84439
7,84533,8095,1.0,13207,87,84446
7,84540,8096,1.0,13208,87,84453
6,84546,8097,1.0,13209,87,84459
6,84552,8098,1.0,13210,87,84465
4,84556,8098,0.0,13211,87,84469
4,84560,8098,0.0,13212,87,84473
6,84566,8099,1.0,13213,87,84479
6,84572,8100,1.0,13214,87,84485
8,84580,8101,1.0,13215,87,84493
12,84592,8102,1.0,13216,87,84505
2,84594,8102,0.0,13217,87,84507
7,84601,8103,1.0,13218,87,84514
7,84608,8104,1.0,13219,87,84521
9,84617,8105,1.0,13220,87,84530
3,84620,8105,0.0,13221,87,84533
2,84622,8105,0.0,13222,87,84535
7,84629,8106,1.0,13223,87,84542
9,84638,8107,1.0,13224,87,84551
4,84642,8107,0.0,13225,87,84555
7,84649,8108,1.0,13226,87,84562
6,84655,8109,1.0,13227,87,84568
14,84669,8109,0.0,13228,87,84582
10,84679,8110,1.0,13229,87,84592
9,84688,8111,1.0,13230,87,84601
2,84690,8111,0.0,13231,87,84603
6,84696,8112,1.0,13232,87,84609
3,84699,8112,0.0,13233,87,84612
6,84705,8113,1.0,13234,87,84618
7,84712,8114,1.0,13235,87,84625
2,84714,8114,0.0,13236,87,84627
5,84719,8114,0.0,13237,87,84632
7,84726,8115,1.0,13238,87,84639
6,84732,8116,1.0,13239,87,84645
5,84737,8116,0.0,13240,87,84650
2,84739,8116,0.0,13241,87,84652
6,84745,8117,1.0,13242,87,84658
4,84749,8117,0.0,13243,87,84662
11,84760,8118,1.0,13244,87,84673
5,84765,8118,0.0,13245,87,84678
6,84771,8119,1.0,13246,87,84684
7,84778,8120,1.0,13247,87,84691
5,84783,8120,0.0,13248,87,84696
7,84790,8121,1.0,13249,87,84703
6,84796,8122,1.0,13250,87,84709
12,84808,8123,1.0,13251,87,84721
8,84816,8124,1.0,13252,87,84729
7,84823,8125,1.0,13253,87,84736
7,84830,8126,1.0,13254,87,84743
7,84837,8127,1.0,13255,87,84750
7,84844,8127,0.0,13256,87,84757
6,84850,8128,1.0,13257,87,84763
11,84861,8129,1.0,13258,87,84774
8,84869,8130,1.0,13259,87,84782
4,84873,8130,0.0,13260,87,84786
8,84881,8131,1.0,13261,87,84794
2,84883,8131,0.0,13262,87,84796
6,84889,8132,1.0,13263,87,84802
6,84895,8133,1.0,13264,87,84808
7,84902,8134,1.0,13265,87,84815
6,84908,8135,1.0,13266,87,84821
6,84914,8136,1.0,13267,87,84827
9,84923,8137,1.0,13268,87,84836
7,84930,8138,1.0,13269,87,84843
7,84937,8139,1.0,13270,87,84850
6,84943,8140,1.0,13271,87,84856
4,84947,8140,0.0,13272,87,84860
6,84953,8141,1.0,13273,87,84866
7,84960,8141,0.0,13274,87,84873
9,84969,8142,1.0,13275,87,84882
7,84976,8143,1.0,13276,87,84889
2,84978,8143,0.0,13277,87,84891
4,84982,8143,0.0,13278,87,84895
5,84987,8143,0.0,13279,87,84900
6,84993,8144,1.0,13280,87,84906
7,85000,8145,1.0,13281,87,84913
5,85005,8145,0.0,13282,87,84918
8,85013,8146,1.0,13283,87,84926
7,85020,8147,1.0,13284,87,84933
5,85025,8147,0.0,13285,87,84938
6,85031,8148,1.0,13286,87,84944
7,85038,8149,1.0,13287,87,84951
5,85043,8149,0.0,13288,87,84956
7,85050,8150,1.0,13289,87,84963
2,85052,8150,0.0,13290,87,84965
9,85061,8151,1.0,13291,87,84974
8,85069,8152,1.0,13292,87,84982
2,85071,8152,0.0,13293,87,84984
6,85077,8153,1.0,13294,87,84990
6,85083,8154,1.0,13295,87,84996
2,85085,8154,0.0,13296,87,84998
2,85087,8154,0.0,13297,87,85000
9,85096,8155,1.0,13298,87,85009
7,85103,8156,1.0,13299,87,85016
7,85110,8157,1.0,13300,87,85023
7,85117,8157,0.0,13301,87,85030
9,85126,8158,1.0,13302,87,85039
6,85132,8159,1.0,13303,87,85045
6,85138,8160,1.0,13304,87,85051
6,85144,8161,1.0,13305,87,85057
7,85151,8162,1.0,13306,87,85064
9,85160,8163,1.0,13307,87,85073
6,85166,8164,1.0,13308,87,85079
11,85177,8165,1.0,13309,87,85090
8,85185,8166,1.0,13310,87,85098
6,85191,8167,1.0,13311,87,85104
2,85193,8167,0.0,13312,87,85106
6,85199,8168,1.0,13313,87,85112
9,85208,8169,1.0,13314,87,85121
8,85216,8170,1.0,13315,87,85129
2,85218,8170,0.0,13316,87,85131
2,85220,8170,0.0,13317,87,85133
2,85222,8170,0.0,13318,87,85135
6,85228,8171,1.0,13319,87,85141
6,85234,8172,1.0,13320,87,85147
7,85241,8173,1.0,13321,87,85154
6,85247,8174,1.0,13322,87,85160
10,85257,8175,1.0,13323,87,85170
7,85264,8176,1.0,13324,87,85177
9,85273,8177,1.0,13325,87,85186
10,85283,8178,1.0,13326,87,85196
8,85291,8179,1.0,13327,87,85204
7,85298,8180,1.0,13328,87,85211
5,85303,8180,0.0,13329,87,85216
6,85309,8181,1.0,13330,87,85222
6,85315,8182,1.0,13331,87,85228
6,85321,8183,1.0,13332,87,85234
8,85329,8183,0.0,13333,87,85242
6,85335,8184,1.0,13334,87,85248
6,85341,8184,0.0,13335,87,85254
7,85348,8184,0.0,13336,87,85261
17,85365,8185,1.0,13337,87,85278
7,85372,8185,0.0,13338,87,85285
4,85376,8185,0.0,13339,87,85289
6,85382,8186,1.0,13340,87,85295
7,85389,8187,1.0,13341,87,85302
6,85395,8188,1.0,13342,87,85308
6,85401,8189,1.0,13343,87,85314
6,85407,8190,1.0,13344,87,85320
11,85418,8191,1.0,13345,87,85331
2,85420,8191,0.0,13346,87,85333
13,85433,8192,1.0,13347,87,85346
6,85439,8193,1.0,13348,87,85352
6,85445,8194,1.0,13349,87,85358
10,85455,8195,1.0,13350,87,85368
6,85461,8196,1.0,13351,87,85374
13,85474,8197,1.0,13352,87,85387
8,85482,8198,1.0,13353,87,85395
6,85488,8198,0.0,13354,87,85401
6,85494,8199,1.0,13355,87,85407
6,85500,8200,1.0,13356,87,85413
2,85502,8200,0.0,13357,87,85415
7,85509,8201,1.0,13358,87,85422
7,85516,8202,1.0,13359,87,85429
9,85525,8203,1.0,13360,87,85438
7,85532,8204,1.0,13361,87,85445
4,85536,8204,0.0,13362,87,85449
9,85545,8205,1.0,13363,87,85458
6,85551,8206,1.0,13364,87,85464
11,85562,8207,1.0,13365,87,85475
9,85571,8208,1.0,13366,87,85484
7,85578,8209,1.0,13367,87,85491
7,85585,8210,1.0,13368,87,85498
6,85591,8211,1.0,13369,87,85504
7,85598,8212,1.0,13370,87,85511
16,85614,8213,1.0,13371,87,85527
8,85622,8213,0.0,13372,87,85535
6,85628,8214,1.0,13373,87,85541
9,85637,8215,1.0,13374,87,85550
6,85643,8216,1.0,13375,87,85556
6,85649,8217,1.0,13376,87,85562
9,85658,8218,1.0,13377,87,85571
6,85664,8219,1.0,13378,87,85577
8,85672,8220,1.0,13379,87,85585
5,85677,8220,0.0,13380,87,85590
7,85684,8220,0.0,13381,87,85597
9,85693,8220,0.0,13382,87,85606
5,85698,8220,0.0,13383,87,85611
7,85705,8221,1.0,13384,87,85618
9,85714,8222,1.0,13385,87,85627
9,85723,8223,1.0,13386,87,85636
6,85729,8224,1.0,13387,87,85642
2,85731,8224,0.0,13388,87,85644
4,85735,8224,0.0,13389,87,85648
6,85741,8225,1.0,13390,87,85654
6,85747,8225,0.0,13391,87,85660
9,85756,8226,1.0,13392,87,85669
5,85761,8226,0.0,13393,87,85674
6,85767,8227,1.0,13394,87,85680
6,85773,8228,1.0,13395,87,85686
7,85780,8228,0.0,13396,87,85693
7,85787,8229,1.0,13397,87,85700
7,85794,8230,1.0,13398,87,85707
6,85800,8231,1.0,13399,87,85713
6,85806,8232,1.0,13400,87,85719
7,85813,8233,1.0,13401,87,85726
9,85822,8234,1.0,13402,87,85735
6,85828,8235,1.0,13403,87,85741
9,85837,8236,1.0,13404,87,85750
6,85843,8237,1.0,13405,87,85756
2,85845,8237,0.0,13406,87,85758
6,85851,8238,1.0,13407,87,85764
6,85857,8239,1.0,13408,87,85770
7,85864,8240,1.0,13409,87,85777
6,85870,8240,0.0,13410,87,85783
7,85877,8241,1.0,13411,87,85790
6,85883,8242,1.0,13412,87,85796
9,85892,8243,1.0,13413,87,85805
6,85898,8244,1.0,13414,87,85811
10,85908,8245,1.0,13415,87,85821
6,85914,8246,1.0,13416,87,85827
6,85920,8247,1.0,13417,87,85833
7,85927,8248,1.0,13418,87,85840
6,85933,8249,1.0,13419,87,85846
6,85939,8249,0.0,13420,87,85852
7,85946,8250,1.0,13421,87,85859
6,85952,8251,1.0,13422,87,85865
2,85954,8251,0.0,13423,87,85867
6,85960,8252,1.0,13424,87,85873
2,85962,8252,0.0,13425,87,85875
9,85971,8252,0.0,13426,87,85884
2,85973,8252,0.0,13427,87,85886
6,85979,8252,0.0,13428,87,85892
4,85983,8252,0.0,13429,87,85896
8,85991,8253,1.0,13430,87,85904
7,85998,8254,1.0,13431,87,85911
6,86004,8255,1.0,13432,87,85917
6,86010,8256,1.0,13433,87,85923
7,86017,8257,1.0,13434,87,85930
6,86023,8258,1.0,13435,87,85936
4,86027,8258,0.0,13436,87,85940
9,86036,8259,1.0,13437,87,85949
7,86043,8260,1.0,13438,87,85956
5,86048,8260,0.0,13439,87,85961
7,86055,8261,1.0,13440,87,85968
10,86065,8262,1.0,13441,87,85978
2,86067,8262,0.0,13442,87,85980
4,86071,8262,0.0,13443,87,85984
8,86079,8263,1.0,13444,87,85992
6,86085,8264,1.0,13445,87,85998
7,86092,8265,1.0,13446,87,86005
10,86102,8265,0.0,13447,87,86015
6,86108,8265,0.0,13448,87,86021
9,86117,8266,1.0,13449,87,86030
7,86124,8267,1.0,13450,87,86037
6,86130,8268,1.0,13451,87,86043
7,86137,8269,1.0,13452,87,86050
2,86139,8269,0.0,13453,87,86052
8,86147,8270,1.0,13454,87,86060
6,86153,8271,1.0,13455,87,86066
6,86159,8272,1.0,13456,87,86072
7,86166,8273,1.0,13457,87,86079
3,86169,8273,0.0,13458,87,86082
3,86172,8273,0.0,13459,87,86085
11,86183,8274,1.0,13460,87,86096
10,86193,8275,1.0,13461,87,86106
6,86199,8276,1.0,13462,87,86112
5,86204,8276,0.0,13463,87,86117
6,86210,8276,0.0,13464,87,86123
8,86218,8277,1.0,13465,87,86131
6,86224,8278,1.0,13466,87,86137
6,86230,8279,1.0,13467,87,86143
6,86236,8280,1.0,13468,87,86149
4,86240,8280,0.0,13469,87,86153
4,86244,8280,0.0,13470,87,86157
2,86246,8280,0.0,13471,87,86159
4,86250,8280,0.0,13472,87,86163
7,86257,8280,0.0,13473,87,86170
10,86267,8281,1.0,13474,87,86180
8,86275,8282,1.0,13475,87,86188
6,86281,8283,1.0,13476,87,86194
6,86287,8284,1.0,13477,87,86200
6,86293,8285,1.0,13478,87,86206
7,86300,8286,1.0,13479,87,86213
6,86306,8287,1.0,13480,87,86219
4,86310,8287,0.0,13481,87,86223
6,86316,8288,1.0,13482,87,86229
4,86320,8288,0.0,13483,87,86233
7,86327,8289,1.0,13484,87,86240
10,86337,8290,1.0,13485,87,86250
2,86339,8290,0.0,13486,87,86252
6,86345,8291,1.0,13487,87,86258
6,86351,8292,1.0,13488,87,86264
8,86359,8293,1.0,13489,87,86272
4,86363,8293,0.0,13490,87,86276
6,86369,8294,1.0,13491,87,86282
3,86372,8294,0.0,13492,87,86285
6,86378,8295,1.0,13493,87,86291
4,86382,8295,0.0,13494,87,86295
4,86386,8295,0.0,13495,87,86299
2,86388,8295,0.0,13496,87,86301
6,86394,8296,1.0,13497,87,86307
8,86402,8297,1.0,13498,87,86315
6,86408,8298,1.0,13499,87,86321
8,86416,8299,1.0,13500,87,86329
6,86422,8300,1.0,13501,87,86335
8,86430,8301,1.0,13502,87,86343
8,86438,8302,1.0,13503,87,86351
6,86444,8303,1.0,13504,87,86357
6,86450,8304,1.0,13505,87,86363
6,86456,8304,0.0,13506,87,86369
7,86463,8305,1.0,13507,87,86376
6,86469,8306,1.0,13508,87,86382
7,86476,8306,0.0,13509,87,86389
12,86488,8307,1.0,13510,87,86401
6,86494,8308,1.0,13511,87,86407
6,86500,8309,1.0,13512,87,86413
11,86511,8310,1.0,13513,87,86424
7,86518,8311,1.0,13514,87,86431
6,86524,8312,1.0,13515,87,86437
4,86528,8312,0.0,13516,87,86441
12,86540,8313,1.0,13517,87,86453
6,86546,8314,1.0,13518,87,86459
4,86550,8314,0.0,13519,87,86463
6,86556,8315,1.0,13520,87,86469
6,86562,8316,1.0,13521,87,86475
4,86566,8316,0.0,13522,87,86479
6,86572,8317,1.0,13523,87,86485
4,86576,8317,0.0,13524,87,86489
14,86590,8318,1.0,13525,87,86503
8,86598,8319,1.0,13526,87,86511
7,86605,8320,1.0,13527,87,86518
10,86615,8321,1.0,13528,87,86528
6,86621,8322,1.0,13529,87,86534
7,86628,8323,1.0,13530,87,86541
5,86633,8323,0.0,13531,87,86546
8,86641,8324,1.0,13532,87,86554
6,86647,8325,1.0,13533,87,86560
6,86653,8326,1.0,13534,87,86566
2,86655,8326,0.0,13535,87,86568
4,86659,8326,0.0,13536,87,86572
2,86661,8326,0.0,13537,87,86574
6,86667,8327,1.0,13538,87,86580
7,86674,8328,1.0,13539,87,86587
5,86679,8328,0.0,13540,87,86592
7,86686,8329,1.0,13541,87,86599
4,86690,8329,0.0,13542,87,86603
9,86699,8330,1.0,13543,87,86612
6,86705,8330,0.0,13544,87,86618
2,86707,8330,0.0,13545,87,86620
6,86713,8331,1.0,13546,87,86626
7,86720,8332,1.0,13547,87,86633
7,86727,8333,1.0,13548,87,86640
5,86732,8333,0.0,13549,87,86645
6,86738,8334,1.0,13550,87,86651
2,86740,8334,0.0,13551,87,86653
6,86746,8335,1.0,13552,87,86659
7,86753,8336,1.0,13553,87,86666
2,86755,8336,0.0,13554,87,86668
10,86765,8337,1.0,13555,87,86678
9,86774,8338,1.0,13556,87,86687
6,86780,8338,0.0,13557,87,86693
6,86786,8339,1.0,13558,87,86699
6,86792,8340,1.0,13559,87,86705
2,86794,8340,0.0,13560,87,86707
7,86801,8341,1.0,13561,87,86714
6,86807,8341,0.0,13562,87,86720
6,86813,8342,1.0,13563,87,86726
4,86817,8342,0.0,13564,87,86730
10,86827,8343,1.0,13565,87,86740
6,86833,8344,1.0,13566,87,86746
2,86835,8344,0.0,13567,87,86748
6,86841,8345,1.0,13568,87,86754
7,86848,8346,1.0,13569,87,86761
7,86855,8347,1.0,13570,87,86768
3,86858,8347,0.0,13571,87,86771
2,86860,8347,0.0,13572,87,86773
6,86866,8348,1.0,13573,87,86779
6,86872,8349,1.0,13574,87,86785
5,86877,8349,0.0,13575,87,86790
3,86880,8349,0.0,13576,87,86793
2,86882,8349,0.0,13577,87,86795
6,86888,8350,1.0,13578,87,86801
7,86895,8351,1.0,13579,87,86808
6,86901,8352,1.0,13580,87,86814
6,86907,8353,1.0,13581,87,86820
10,86917,8354,1.0,13582,87,86830
6,86923,8355,1.0,13583,87,86836
2,86925,8355,0.0,13584,87,86838
6,86931,8356,1.0,13585,87,86844
8,86939,8357,1.0,13586,87,86852
6,86945,8358,1.0,13587,87,86858
7,86952,8359,1.0,13588,87,86865
7,86959,8360,1.0,13589,87,86872
7,86966,8361,1.0,13590,87,86879
8,86974,8362,1.0,13591,87,86887
6,86980,8363,1.0,13592,87,86893
7,86987,8364,1.0,13593,87,86900
7,86994,8365,1.0,13594,87,86907
3,86997,8365,0.0,13595,87,86910
8,87005,8366,1.0,13596,87,86918
4,87009,8366,0.0,13597,87,86922
6,87015,8367,1.0,13598,87,86928
6,87021,8368,1.0,13599,87,86934
6,87027,8369,1.0,13600,87,86940
3,87030,8369,0.0,13601,87,86943
6,87036,8370,1.0,13602,87,86949
6,87042,8371,1.0,13603,87,86955
6,87048,8372,1.0,13604,87,86961
3,87051,8372,0.0,13605,87,86964
6,87057,8373,1.0,13606,87,86970
7,87064,8374,1.0,13607,87,86977
6,87070,8375,1.0,13608,87,86983
6,87076,8376,1.0,13609,87,86989
6,87082,8377,1.0,13610,87,86995
6,87088,8378,1.0,13611,87,87001
6,87094,8379,1.0,13612,87,87007
2,87096,8379,0.0,13613,87,87009
9,87105,8380,1.0,13614,87,87018
6,87111,8380,0.0,13615,87,87024
3,87114,8380,0.0,13616,87,87027
7,87121,8381,1.0,13617,87,87034
10,87131,8382,1.0,13618,87,87044
4,87135,8382,0.0,13619,87,87048
9,87144,8383,1.0,13620,87,87057
13,87157,8384,1.0,13621,87,87070
6,87163,8384,0.0,13622,87,87076
6,87169,8384,0.0,13623,87,87082
6,87175,8384,0.0,13624,87,87088
6,87181,8385,1.0,13625,87,87094
12,87193,8386,1.0,13626,87,87106
4,87197,8386,0.0,13627,87,87110
6,87203,8387,1.0,13628,87,87116
10,87213,8388,1.0,13629,87,87126
7,87220,8389,1.0,13630,87,87133
8,87228,8390,1.0,13631,87,87141
5,87233,8390,0.0,13632,87,87146
2,87235,8390,0.0,13633,87,87148
6,87241,8390,0.0,13634,87,87154
6,87247,8391,1.0,13635,87,87160
6,87253,8392,1.0,13636,87,87166
6,87259,8393,1.0,13637,87,87172
6,87265,8394,1.0,13638,87,87178
7,87272,8395,1.0,13639,87,87185
3,87275,8395,0.0,13640,87,87188
6,87281,8396,1.0,13641,87,87194
6,87287,8397,1.0,13642,87,87200
9,87296,8398,1.0,13643,87,87209
12,87308,8399,1.0,13644,87,87221
6,87314,8400,1.0,13645,87,87227
7,87321,8401,1.0,13646,87,87234
8,87329,8402,1.0,13647,87,87242
4,87333,8402,0.0,13648,87,87246
7,87340,8403,1.0,13649,87,87253
6,87346,8404,1.0,13650,87,87259
6,87352,8405,1.0,13651,87,87265
6,87358,8406,1.0,13652,87,87271
9,87367,8407,1.0,13653,87,87280
3,87370,8407,0.0,13654,87,87283
4,87374,8407,0.0,13655,87,87287
6,87380,8408,1.0,13656,87,87293
7,87387,8408,0.0,13657,87,87300
9,87396,8409,1.0,13658,87,87309
9,87405,8410,1.0,13659,87,87318
9,87414,8411,1.0,13660,87,87327
6,87420,8412,1.0,13661,87,87333
8,87428,8413,1.0,13662,87,87341
7,87435,8414,1.0,13663,87,87348
6,87441,8415,1.0,13664,87,87354
6,87447,8416,1.0,13665,87,87360
10,87457,8417,1.0,13666,87,87370
7,87464,8418,1.0,13667,87,87377
7,87471,8419,1.0,13668,87,87384
4,87475,8419,0.0,13669,87,87388
2,87477,8419,0.0,13670,87,87390
6,87483,8420,1.0,13671,87,87396
3,87486,8420,0.0,13672,87,87399
6,87492,8421,1.0,13673,87,87405
10,87502,8421,0.0,13674,87,87415
4,87506,8421,0.0,13675,87,87419
6,87512,8422,1.0,13676,87,87425
10,87522,8423,1.0,13677,87,87435
6,87528,8424,1.0,13678,87,87441
4,87532,8424,0.0,13679,87,87445
6,87538,8425,1.0,13680,87,87451
6,87544,8426,1.0,13681,87,87457
7,87551,8427,1.0,13682,87,87464
6,87557,8428,1.0,13683,87,87470
6,87563,8429,1.0,13684,87,87476
6,87569,8430,1.0,13685,87,87482
3,87572,8430,0.0,13686,87,87485
9,87581,8431,1.0,13687,87,87494
7,87588,8432,1.0,13688,87,87501
4,87592,8432,0.0,13689,87,87505
7,87599,8433,1.0,13690,87,87512
6,87605,8434,1.0,13691,87,87518
10,87615,8435,1.0,13692,87,87528
9,87624,8436,1.0,13693,87,87537
8,87632,8437,1.0,13694,87,87545
7,87639,8438,1.0,13695,87,87552
9,87648,8439,1.0,13696,87,87561
6,87654,8439,0.0,13697,87,87567
7,87661,8440,1.0,13698,87,87574
7,87668,8441,1.0,13699,87,87581
6,87674,8442,1.0,13700,87,87587
7,87681,8443,1.0,13701,87,87594
6,87687,8444,1.0,13702,87,87600
6,87693,8445,1.0,13703,87,87606
6,87699,8446,1.0,13704,87,87612
2,87701,8446,0.0,13705,87,87614
6,87707,8447,1.0,13706,87,87620
5,87712,8447,0.0,13707,87,87625
7,87719,8447,0.0,13708,87,87632
8,87727,8448,1.0,13709,87,87640
10,87737,8449,1.0,13710,87,87650
8,87745,8450,1.0,13711,87,87658
7,87752,8451,1.0,13712,87,87665
5,87757,8451,0.0,13713,87,87670
5,87762,8451,0.0,13714,87,87675
6,87768,8452,1.0,13715,87,87681
3,87771,8452,0.0,13716,87,87684
6,87777,8453,1.0,13717,87,87690
6,87783,8454,1.0,13718,87,87696
5,87788,8454,0.0,13719,87,87701
6,87794,8455,1.0,13720,87,87707
6,87800,8456,1.0,13721,87,87713
12,87812,8457,1.0,13722,87,87725
8,87820,8458,1.0,13723,87,87733
10,87830,8459,1.0,13724,87,87743
9,87839,8460,1.0,13725,87,87752
6,87845,8461,1.0,13726,87,87758
6,87851,8461,0.0,13727,87,87764
4,87855,8461,0.0,13728,87,87768
2,87857,8461,0.0,13729,87,87770
7,87864,8462,1.0,13730,87,87777
7,87871,8463,1.0,13731,87,87784
3,87874,8463,0.0,13732,87,87787
6,87880,8464,1.0,13733,87,87793
7,87887,8465,1.0,13734,87,87800
7,87894,8466,1.0,13735,87,87807
7,87901,8467,1.0,13736,87,87814
6,87907,8468,1.0,13737,87,87820
7,87914,8469,1.0,13738,87,87827
13,87927,8470,1.0,13739,87,87840
7,87934,8471,1.0,13740,87,87847
6,87940,8472,1.0,13741,87,87853
6,87946,8473,1.0,13742,87,87859
6,87952,8474,1.0,13743,87,87865
7,87959,8474,0.0,13744,87,87872
6,87965,8475,1.0,13745,87,87878
4,87969,8475,0.0,13746,87,87882
7,87976,8476,1.0,13747,87,87889
6,87982,8477,1.0,13748,87,87895
6,87988,8478,1.0,13749,87,87901
7,87995,8479,1.0,13750,87,87908
7,88002,8480,1.0,13751,87,87915
7,88009,8481,1.0,13752,87,87922
2,88011,8481,0.0,13753,87,87924
6,88017,8482,1.0,13754,87,87930
5,88022,8482,0.0,13755,87,87935
6,88028,8483,1.0,13756,87,87941
6,88034,8484,1.0,13757,87,87947
4,88038,8484,0.0,13758,87,87951
6,88044,8485,1.0,13759,87,87957
5,88049,8485,0.0,13760,87,87962
6,88055,8486,1.0,13761,87,87968
6,88061,8487,1.0,13762,87,87974
4,88065,8487,0.0,13763,87,87978
7,88072,8488,1.0,13764,87,87985
4,88076,8488,0.0,13765,87,87989
6,88082,8489,1.0,13766,87,87995
7,88089,8490,1.0,13767,87,88002
6,88095,8491,1.0,13768,87,88008
6,88101,8492,1.0,13769,87,88014
6,88107,8493,1.0,13770,87,88020
10,88117,8494,1.0,13771,87,88030
7,88124,8495,1.0,13772,87,88037
8,88132,8496,1.0,13773,87,88045
11,88143,8497,1.0,13774,87,88056
6,88149,8497,0.0,13775,87,88062
9,88158,8497,0.0,13776,87,88071
6,88164,8498,1.0,13777,87,88077
3,88167,8498,0.0,13778,87,88080
9,88176,8499,1.0,13779,87,88089
8,88184,8500,1.0,13780,87,88097
6,88190,8501,1.0,13781,87,88103
7,88197,8501,0.0,13782,87,88110
6,88203,8502,1.0,13783,87,88116
9,88212,8503,1.0,13784,87,88125
8,88220,8503,0.0,13785,87,88133
6,88226,8504,1.0,13786,87,88139
7,88233,8505,1.0,13787,87,88146
4,88237,8505,0.0,13788,87,88150
4,88241,8505,0.0,13789,87,88154
6,88247,8506,1.0,13790,87,88160
6,88253,8507,1.0,13791,87,88166
8,88261,8508,1.0,13792,87,88174
10,88271,8509,1.0,13793,87,88184
8,88279,8509,0.0,13794,87,88192
9,88288,8510,1.0,13795,87,88201
2,88290,8510,0.0,13796,87,88203
6,88296,8511,1.0,13797,87,88209
7,88303,8512,1.0,13798,87,88216
5,88308,8512,0.0,13799,87,88221
11,88319,8513,1.0,13800,87,88232
6,88325,8514,1.0,13801,87,88238
6,88331,8515,1.0,13802,87,88244
4,88335,8515,0.0,13803,87,88248
4,88339,8515,0.0,13804,87,88252
6,88345,8516,1.0,13805,87,88258
6,88351,8517,1.0,13806,87,88264
6,88357,8518,1.0,13807,87,88270
7,88364,8519,1.0,13808,87,88277
7,88371,8520,1.0,13809,87,88284
6,88377,8521,1.0,13810,87,88290
4,88381,8521,0.0,13811,87,88294
7,88388,8522,1.0,13812,87,88301
6,88394,8523,1.0,13813,87,88307
6,88400,8524,1.0,13814,87,88313
8,88408,8525,1.0,13815,87,88321
10,88418,8526,1.0,13816,87,88331
6,88424,8527,1.0,13817,87,88337
6,88430,8528,1.0,13818,87,88343
3,88433,8528,0.0,13819,87,88346
5,88438,8528,0.0,13820,87,88351
6,88444,8529,1.0,13821,87,88357
10,88454,8530,1.0,13822,87,88367
8,88462,8531,1.0,13823,87,88375
6,88468,8532,1.0,13824,87,88381
7,88475,8533,1.0,13825,87,88388
6,88481,8534,1.0,13826,87,88394
10,88491,8535,1.0,13827,87,88404
6,88497,8536,1.0,13828,87,88410
6,88503,8537,1.0,13829,87,88416
4,88507,8537,0.0,13830,87,88420
8,88515,8538,1.0,13831,87,88428
6,88521,8538,0.0,13832,87,88434
6,88527,8539,1.0,13833,87,88440
7,88534,8540,1.0,13834,87,88447
10,88544,8541,1.0,13835,87,88457
6,88550,8542,1.0,13836,87,88463
7,88557,8543,1.0,13837,87,88470
7,88564,8544,1.0,13838,87,88477
7,88571,8545,1.0,13839,87,88484
6,88577,8546,1.0,13840,87,88490
2,88579,8546,0.0,13841,87,88492
7,88586,8547,1.0,13842,87,88499
7,88593,8548,1.0,13843,87,88506
4,88597,8548,0.0,13844,87,88510
7,88604,8549,1.0,13845,87,88517
9,88613,8550,1.0,13846,87,88526
6,88619,8551,1.0,13847,87,88532
5,88624,8551,0.0,13848,87,88537
4,88628,8551,0.0,13849,87,88541
9,88637,8552,1.0,13850,87,88550
3,88640,8552,0.0,13851,87,88553
8,88648,8553,1.0,13852,87,88561
10,88658,8554,1.0,13853,87,88571
9,88667,8555,1.0,13854,87,88580
6,88673,8556,1.0,13855,87,88586
6,88679,8557,1.0,13856,87,88592
6,88685,8558,1.0,13857,87,88598
6,88691,8559,1.0,13858,87,88604
6,88697,8559,0.0,13859,87,88610
6,88703,8560,1.0,13860,87,88616
6,88709,8560,0.0,13861,87,88622
8,88717,8561,1.0,13862,87,88630
7,88724,8562,1.0,13863,87,88637
7,88731,8563,1.0,13864,87,88644
12,88743,8564,1.0,13865,87,88656
6,88749,8565,1.0,13866,87,88662
8,88757,8566,1.0,13867,87,88670
9,88766,8567,1.0,13868,87,88679
2,88768,8567,0.0,13869,87,88681
6,88774,8568,1.0,13870,87,88687
4,88778,8568,0.0,13871,87,88691
4,88782,8568,0.0,13872,87,88695
2,88784,8568,0.0,13873,87,88697
3,88787,8568,0.0,13874,87,88700
9,88796,8569,1.0,13875,87,88709
4,88800,8569,0.0,13876,87,88713
7,88807,8570,1.0,13877,87,88720
7,88814,8571,1.0,13878,87,88727
2,88816,8571,0.0,13879,87,88729
2,88818,8571,0.0,13880,87,88731
6,88824,8572,1.0,13881,87,88737
6,88830,8572,0.0,13882,87,88743
4,88834,8572,0.0,13883,87,88747
6,88840,8573,1.0,13884,87,88753
4,88844,8573,0.0,13885,87,88757
6,88850,8574,1.0,13886,87,88763
4,88854,8574,0.0,13887,87,88767
8,88862,8575,1.0,13888,87,88775
7,88869,8576,1.0,13889,87,88782
6,88875,8577,1.0,13890,87,88788
6,88881,8578,1.0,13891,87,88794
2,88883,8578,0.0,13892,87,88796
4,88887,8578,0.0,13893,87,88800
5,88892,8578,0.0,13894,87,88805
2,88894,8578,0.0,13895,87,88807
5,88899,8578,0.0,13896,87,88812
5,88904,8578,0.0,13897,87,88817
8,88912,8579,1.0,13898,87,88825
2,88914,8579,0.0,13899,87,88827
6,88920,8580,1.0,13900,87,88833
6,88926,8581,1.0,13901,87,88839
6,88932,8582,1.0,13902,87,88845
8,88940,8583,1.0,13903,87,88853
6,88946,8584,1.0,13904,87,88859
6,88952,8585,1.0,13905,87,88865
2,88954,8585,0.0,13906,87,88867
6,88960,8586,1.0,13907,87,88873
7,88967,8586,0.0,13908,87,88880
6,88973,8587,1.0,13909,87,88886
4,88977,8587,0.0,13910,87,88890
6,88983,8588,1.0,13911,87,88896
7,88990,8589,1.0,13912,87,88903
6,88996,8590,1.0,13913,87,88909
2,88998,8590,0.0,13914,87,88911
10,89008,8591,1.0,13915,87,88921
14,89022,8592,1.0,13916,87,88935
6,89028,8593,1.0,13917,87,88941
6,89034,8594,1.0,13918,87,88947
2,89036,8594,0.0,13919,87,88949
9,89045,8594,0.0,13920,87,88958
6,89051,8594,0.0,13921,87,88964
6,89057,8595,1.0,13922,87,88970
6,89063,8596,1.0,13923,87,88976
7,89070,8597,1.0,13924,87,88983
6,89076,8598,1.0,13925,87,88989
7,89083,8599,1.0,13926,87,88996
6,89089,8600,1.0,13927,87,89002
6,89095,8601,1.0,13928,87,89008
6,89101,8602,1.0,13929,87,89014
7,89108,8603,1.0,13930,87,89021
2,89110,8603,0.0,13931,87,89023
6,89116,8604,1.0,13932,87,89029
4,89120,8604,0.0,13933,87,89033
6,89126,8605,1.0,13934,87,89039
6,89132,8605,0.0,13935,87,89045
6,89138,8606,1.0,13936,87,89051
6,89144,8607,1.0,13937,87,89057
6,89150,8608,1.0,13938,87,89063
8,89158,8609,1.0,13939,87,89071
7,89165,8610,1.0,13940,87,89078
6,89171,8611,1.0,13941,87,89084
10,89181,8612,1.0,13942,87,89094
5,89186,8612,0.0,13943,87,89099
9,89195,8612,0.0,13944,87,89108
8,89203,8613,1.0,13945,87,89116
6,89209,8614,1.0,13946,87,89122
6,89215,8615,1.0,13947,87,89128
8,89223,8616,1.0,13948,87,89136
6,89229,8616,0.0,13949,87,89142
7,89236,8616,0.0,13950,87,89149
10,89246,8617,1.0,13951,87,89159
11,89257,8617,0.0,13952,87,89170
6,89263,8618,1.0,13953,87,89176
7,89270,8619,1.0,13954,87,89183
4,89274,8619,0.0,13955,87,89187
4,89278,8619,0.0,13956,87,89191
4,89282,8619,0.0,13957,87,89195
8,89290,8620,1.0,13958,87,89203
7,89297,8621,1.0,13959,87,89210
7,89304,8622,1.0,13960,87,89217
6,89310,8623,1.0,13961,87,89223
13,89323,8624,1.0,13962,87,89236
6,89329,8625,1.0,13963,87,89242
8,89337,8626,1.0,13964,87,89250
7,89344,8626,0.0,13965,87,89257
6,89350,8627,1.0,13966,87,89263
6,89356,8627,0.0,13967,87,89269
7,89363,8628,1.0,13968,87,89276
6,89369,8629,1.0,13969,87,89282
9,89378,8630,1.0,13970,87,89291
7,89385,8631,1.0,13971,87,89298
8,89393,8632,1.0,13972,87,89306
8,89401,8633,1.0,13973,87,89314
6,89407,8634,1.0,13974,87,89320
6,89413,8635,1.0,13975,87,89326
13,89426,8636,1.0,13976,87,89339
6,89432,8637,1.0,13977,87,89345
6,89438,8638,1.0,13978,87,89351
6,89444,8639,1.0,13979,87,89357
6,89450,8640,1.0,13980,87,89363
2,89452,8640,0.0,13981,87,89365
6,89458,8641,1.0,13982,87,89371
6,89464,8642,1.0,13983,87,89377
6,89470,8643,1.0,13984,87,89383
5,89475,8643,0.0,13985,87,89388
6,89481,8644,1.0,13986,87,89394
7,89488,8645,1.0,13987,87,89401
8,89496,8646,1.0,13988,87,89409
6,89502,8647,1.0,13989,87,89415
7,89509,8648,1.0,13990,87,89422
2,89511,8648,0.0,13991,87,89424
7,89518,8649,1.0,13992,87,89431
6,89524,8650,1.0,13993,87,89437
6,89530,8651,1.0,13994,87,89443
2,89532,8651,0.0,13995,87,89445
8,89540,8652,1.0,13996,87,89453
8,89548,8653,1.0,13997,87,89461
7,89555,8654,1.0,13998,87,89468
6,89561,8655,1.0,13999,87,89474
6,89567,8656,1.0,14000,87,89480
6,89573,8656,0.0,14001,87,89486
4,89577,8656,0.0,14002,87,89490
4,89581,8656,0.0,14003,87,89494
2,89583,8656,0.0,14004,87,89496
9,89592,8657,1.0,14005,87,89505
5,89597,8657,0.0,14006,87,89510
6,89603,8658,1.0,14007,87,89516
5,89608,8658,0.0,14008,87,89521
6,89614,8659,1.0,14009,87,89527
7,89621,8660,1.0,14010,87,89534
2,89623,8660,0.0,14011,87,89536
9,89632,8661,1.0,14012,87,89545
8,89640,8662,1.0,14013,87,89553
6,89646,8663,1.0,14014,87,89559
6,89652,8664,1.0,14015,87,89565
12,89664,8664,0.0,14016,87,89577
2,89666,8664,0.0,14017,87,89579
2,89668,8664,0.0,14018,87,89581
6,89674,8665,1.0,14019,87,89587
4,89678,8665,0.0,14020,87,89591
6,89684,8666,1.0,14021,87,89597
7,89691,8667,1.0,14022,87,89604
12,89703,8668,1.0,14023,87,89616
10,89713,8668,0.0,14024,87,89626
6,89719,8669,1.0,14025,87,89632
6,89725,8670,1.0,14026,87,89638
4,89729,8670,0.0,14027,87,89642
6,89735,8671,1.0,14028,87,89648
7,89742,8672,1.0,14029,87,89655
7,89749,8673,1.0,14030,87,89662
10,89759,8674,1.0,14031,87,89672
8,89767,8675,1.0,14032,87,89680
8,89775,8676,1.0,14033,87,89688
4,89779,8676,0.0,14034,87,89692
6,89785,8677,1.0,14035,87,89698
7,89792,8678,1.0,14036,87,89705
8,89800,8679,1.0,14037,87,89713
6,89806,8680,1.0,14038,87,89719
8,89814,8681,1.0,14039,87,89727
2,89816,8681,0.0,14040,87,89729
8,89824,8682,1.0,14041,87,89737
4,89828,8682,0.0,14042,87,89741
6,89834,8683,1.0,14043,87,89747
4,89838,8683,0.0,14044,87,89751
11,89849,8684,1.0,14045,87,89762
9,89858,8685,1.0,14046,87,89771
7,89865,8686,1.0,14047,87,89778
8,89873,8687,1.0,14048,87,89786
9,89882,8688,1.0,14049,87,89795
6,89888,8689,1.0,14050,87,89801
6,89894,8690,1.0,14051,87,89807
6,89900,8691,1.0,14052,87,89813
10,89910,8692,1.0,14053,87,89823
6,89916,8693,1.0,14054,87,89829
6,89922,8694,1.0,14055,87,89835
6,89928,8695,1.0,14056,87,89841
10,89938,8696,1.0,14057,87,89851
8,89946,8697,1.0,14058,87,89859
2,89948,8697,0.0,14059,87,89861
6,89954,8698,1.0,14060,87,89867
7,89961,8699,1.0,14061,87,89874
4,89965,8699,0.0,14062,87,89878
5,89970,8699,0.0,14063,87,89883
8,89978,8700,1.0,14064,87,89891
4,89982,8700,0.0,14065,87,89895
4,89986,8700,0.0,14066,87,89899
14,90000,8701,1.0,14067,87,89913
6,90006,8702,1.0,14068,87,89919
6,90012,8703,1.0,14069,87,89925
7,90019,8704,1.0,14070,87,89932
7,90026,8705,1.0,14071,87,89939
4,90030,8705,0.0,14072,87,89943
2,90032,8705,0.0,14073,87,89945
6,90038,8706,1.0,14074,87,89951
7,90045,8707,1.0,14075,87,89958
6,90051,8708,1.0,14076,87,89964
14,90065,8709,1.0,14077,87,89978
7,90072,8710,1.0,14078,87,89985
4,90076,8710,0.0,14079,87,89989
4,90080,8710,0.0,14080,87,89993
4,90084,8710,0.0,14081,87,89997
7,90091,8711,1.0,14082,87,90004
9,90100,8711,0.0,14083,87,90013
7,90107,8712,1.0,14084,87,90020
8,90115,8713,1.0,14085,87,90028
6,90121,8714,1.0,14086,87,90034
6,90127,8715,1.0,14087,87,90040
6,90133,8716,1.0,14088,87,90046
9,90142,8717,1.0,14089,87,90055
6,90148,8718,1.0,14090,87,90061
6,90154,8719,1.0,14091,87,90067
6,90160,8720,1.0,14092,87,90073
6,90166,8720,0.0,14093,87,90079
4,90170,8720,0.0,14094,87,90083
5,90175,8720,0.0,14095,87,90088
7,90182,8721,1.0,14096,87,90095
7,90189,8722,1.0,14097,87,90102
8,90197,8723,1.0,14098,87,90110
2,90199,8723,0.0,14099,87,90112
8,90207,8724,1.0,14100,87,90120
6,90213,8725,1.0,14101,87,90126
7,90220,8726,1.0,14102,87,90133
2,90222,8726,0.0,14103,87,90135
16,90238,8727,1.0,14104,87,90151
2,90240,8727,0.0,14105,87,90153
11,90251,8728,1.0,14106,87,90164
6,90257,8729,1.0,14107,87,90170
6,90263,8729,0.0,14108,87,90176
6,90269,8729,0.0,14109,87,90182
5,90274,8729,0.0,14110,87,90187
7,90281,8730,1.0,14111,87,90194
7,90288,8730,0.0,14112,87,90201
8,90296,8731,1.0,14113,87,90209
6,90302,8732,1.0,14114,87,90215
6,90308,8733,1.0,14115,87,90221
7,90315,8734,1.0,14116,87,90228
2,90317,8734,0.0,14117,87,90230
2,90319,8734,0.0,14118,87,90232
7,90326,8735,1.0,14119,87,90239
7,90333,8736,1.0,14120,87,90246
8,90341,8737,1.0,14121,87,90254
8,90349,8738,1.0,14122,87,90262
6,90355,8739,1.0,14123,87,90268
6,90361,8740,1.0,14124,87,90274
7,90368,8741,1.0,14125,87,90281
6,90374,8742,1.0,14126,87,90287
6,90380,8743,1.0,14127,87,90293
7,90387,8743,0.0,14128,87,90300
5,90392,8743,0.0,14129,87,90305
15,90407,8744,1.0,14130,87,90320
10,90417,8745,1.0,14131,87,90330
2,90419,8745,0.0,14132,87,90332
5,90424,8745,0.0,14133,87,90337
7,90431,8746,1.0,14134,87,90344
6,90437,8747,1.0,14135,87,90350
9,90446,8748,1.0,14136,87,90359
7,90453,8749,1.0,14137,87,90366
6,90459,8750,1.0,14138,87,90372
8,90467,8751,1.0,14139,87,90380
5,90472,8751,0.0,14140,87,90385
6,90478,8752,1.0,14141,87,90391
6,90484,8753,1.0,14142,87,90397
6,90490,8754,1.0,14143,87,90403
4,90494,8754,0.0,14144,87,90407
5,90499,8754,0.0,14145,87,90412
3,90502,8754,0.0,14146,87,90415
6,90508,8755,1.0,14147,87,90421
6,90514,8756,1.0,14148,87,90427
7,90521,8757,1.0,14149,87,90434
11,90532,8758,1.0,14150,87,90445
3,90535,8758,0.0,14151,87,90448
6,90541,8759,1.0,14152,87,90454
7,90548,8760,1.0,14153,87,90461
2,90550,8760,0.0,14154,87,90463
4,90554,8760,0.0,14155,87,90467
6,90560,8761,1.0,14156,87,90473
6,90566,8761,0.0,14157,87,90479
4,90570,8761,0.0,14158,87,90483
8,90578,8762,1.0,14159,87,90491
6,90584,8763,1.0,14160,87,90497
9,90593,8764,1.0,14161,87,90506
6,90599,8765,1.0,14162,87,90512
8,90607,8766,1.0,14163,87,90520
4,90611,8766,0.0,14164,87,90524
13,90624,8767,1.0,14165,87,90537
6,90630,8768,1.0,14166,87,90543
7,90637,8768,0.0,14167,87,90550
9,90646,8769,1.0,14168,87,90559
4,90650,8769,0.0,14169,87,90563
6,90656,8770,1.0,14170,87,90569
6,90662,8771,1.0,14171,87,90575
6,90668,8772,1.0,14172,87,90581
7,90675,8773,1.0,14173,87,90588
3,90678,8773,0.0,14174,87,90591
6,90684,8774,1.0,14175,87,90597
6,90690,8775,1.0,14176,87,90603
9,90699,8776,1.0,14177,87,90612
7,90706,8777,1.0,14178,87,90619
2,90708,8777,0.0,14179,87,90621
6,90714,8778,1.0,14180,87,90627
5,90719,8778,0.0,14181,87,90632
10,90729,8779,1.0,14182,87,90642
9,90738,8779,0.0,14183,87,90651
6,90744,8780,1.0,14184,87,90657
6,90750,8781,1.0,14185,87,90663
9,90759,8782,1.0,14186,87,90672
6,90765,8782,0.0,14187,87,90678
7,90772,8783,1.0,14188,87,90685
6,90778,8784,1.0,14189,87,90691
6,90784,8785,1.0,14190,87,90697
6,90790,8786,1.0,14191,87,90703
4,90794,8786,0.0,14192,87,90707
6,90800,8787,1.0,14193,87,90713
7,90807,8787,0.0,14194,87,90720
7,90814,8787,0.0,14195,87,90727
7,90821,8787,0.0,14196,87,90734
2,90823,8787,0.0,14197,87,90736
7,90830,8788,1.0,14198,87,90743
4,90834,8788,0.0,14199,87,90747
2,90836,8788,0.0,14200,87,90749
6,90842,8788,0.0,14201,87,90755
10,90852,8789,1.0,14202,87,90765
8,90860,8790,1.0,14203,87,90773
5,90865,8790,0.0,14204,87,90778
7,90872,8791,1.0,14205,87,90785
6,90878,8792,1.0,14206,87,90791
7,90885,8793,1.0,14207,87,90798
6,90891,8794,1.0,14208,87,90804
4,90895,8794,0.0,14209,87,90808
9,90904,8794,0.0,14210,87,90817
11,90915,8794,0.0,14211,87,90828
6,90921,8795,1.0,14212,87,90834
6,90927,8796,1.0,14213,87,90840
7,90934,8797,1.0,14214,87,90847
2,90936,8797,0.0,14215,87,90849
6,90942,8798,1.0,14216,87,90855
4,90946,8798,0.0,14217,87,90859
2,90948,8798,0.0,14218,87,90861
6,90954,8799,1.0,14219,87,90867
7,90961,8800,1.0,14220,87,90874
6,90967,8801,1.0,14221,87,90880
8,90975,8802,1.0,14222,87,90888
7,90982,8803,1.0,14223,87,90895
8,90990,8804,1.0,14224,87,90903
6,90996,8805,1.0,14225,87,90909
8,91004,8806,1.0,14226,87,90917
8,91012,8807,1.0,14227,87,90925
8,91020,8808,1.0,14228,87,90933
9,91029,8809,1.0,14229,87,90942
2,91031,8809,0.0,14230,87,90944
7,91038,8810,1.0,14231,87,90951
9,91047,8811,1.0,14232,87,90960
7,91054,8812,1.0,14233,87,90967
6,91060,8813,1.0,14234,87,90973
4,91064,8813,0.0,14235,87,90977
6,91070,8814,1.0,14236,87,90983
7,91077,8815,1.0,14237,87,90990
6,91083,8816,1.0,14238,87,90996
6,91089,8817,1.0,14239,87,91002
2,91091,8817,0.0,14240,87,91004
6,91097,8818,1.0,14241,87,91010
6,91103,8819,1.0,14242,87,91016
4,91107,8819,0.0,14243,87,91020
6,91113,8820,1.0,14244,87,91026
6,91119,8821,1.0,14245,87,91032
6,91125,8822,1.0,14246,87,91038
6,91131,8823,1.0,14247,87,91044
2,91133,8823,0.0,14248,87,91046
7,91140,8824,1.0,14249,87,91053
6,91146,8825,1.0,14250,87,91059
6,91152,8826,1.0,14251,87,91065
6,91158,8827,1.0,14252,87,91071
6,91164,8828,1.0,14253,87,91077
2,91166,8828,0.0,14254,87,91079
11,91177,8829,1.0,14255,87,91090
6,91183,8829,0.0,14256,87,91096
18,91201,8830,1.0,14257,87,91114
10,91211,8830,0.0,14258,87,91124
4,91215,8830,0.0,14259,87,91128
8,91223,8831,1.0,14260,87,91136
6,91229,8832,1.0,14261,87,91142
6,91235,8833,1.0,14262,87,91148
6,91241,8834,1.0,14263,87,91154
7,91248,8835,1.0,14264,87,91161
2,91250,8835,0.0,14265,87,91163
9,91259,8836,1.0,14266,87,91172
9,91268,8837,1.0,14267,87,91181
7,91275,8838,1.0,14268,87,91188
9,91284,8839,1.0,14269,87,91197
8,91292,8840,1.0,14270,87,91205
6,91298,8841,1.0,14271,87,91211
8,91306,8842,1.0,14272,87,91219
6,91312,8843,1.0,14273,87,91225
5,91317,8843,0.0,14274,87,91230
6,91323,8844,1.0,14275,87,91236
6,91329,8845,1.0,14276,87,91242
7,91336,8846,1.0,14277,87,91249
9,91345,8847,1.0,14278,87,91258
7,91352,8848,1.0,14279,87,91265
2,91354,8848,0.0,14280,87,91267
6,91360,8849,1.0,14281,87,91273
6,91366,8850,1.0,14282,87,91279
9,91375,8850,0.0,14283,87,91288
2,91377,8850,0.0,14284,87,91290
6,91383,8851,1.0,14285,87,91296
8,91391,8851,0.0,14286,87,91304
7,91398,8852,1.0,14287,87,91311
9,91407,8852,0.0,14288,87,91320
6,91413,8853,1.0,14289,87,91326
5,91418,8853,0.0,14290,87,91331
6,91424,8854,1.0,14291,87,91337
4,91428,8854,0.0,14292,87,91341
12,91440,8855,1.0,14293,87,91353
4,91444,8855,0.0,14294,87,91357
6,91450,8855,0.0,14295,87,91363
6,91456,8856,1.0,14296,87,91369
7,91463,8857,1.0,14297,87,91376
7,91470,8857,0.0,14298,87,91383
4,91474,8857,0.0,14299,87,91387
4,91478,8857,0.0,14300,87,91391
5,91483,8857,0.0,14301,87,91396
6,91489,8858,1.0,14302,87,91402
12,91501,8859,1.0,14303,87,91414
5,91506,8859,0.0,14304,87,91419
6,91512,8860,1.0,14305,87,91425
6,91518,8861,1.0,14306,87,91431
4,91522,8861,0.0,14307,87,91435
11,91533,8862,1.0,14308,87,91446
8,91541,8863,1.0,14309,87,91454
9,91550,8864,1.0,14310,87,91463
5,91555,8864,0.0,14311,87,91468
6,91561,8865,1.0,14312,87,91474
7,91568,8865,0.0,14313,87,91481
10,91578,8865,0.0,14314,87,91491
10,91588,8866,1.0,14315,87,91501
7,91595,8867,1.0,14316,87,91508
6,91601,8868,1.0,14317,87,91514
4,91605,8868,0.0,14318,87,91518
7,91612,8869,1.0,14319,87,91525
8,91620,8870,1.0,14320,87,91533
11,91631,8871,1.0,14321,87,91544
9,91640,8872,1.0,14322,87,91553
6,91646,8873,1.0,14323,87,91559
4,91650,8873,0.0,14324,87,91563
9,91659,8874,1.0,14325,87,91572
6,91665,8875,1.0,14326,87,91578
8,91673,8876,1.0,14327,87,91586
7,91680,8877,1.0,14328,87,91593
3,91683,8877,0.0,14329,87,91596
6,91689,8878,1.0,14330,87,91602
8,91697,8879,1.0,14331,87,91610
8,91705,8880,1.0,14332,87,91618
7,91712,8881,1.0,14333,87,91625
6,91718,8882,1.0,14334,87,91631
7,91725,8883,1.0,14335,87,91638
7,91732,8884,1.0,14336,87,91645
6,91738,8885,1.0,14337,87,91651
7,91745,8886,1.0,14338,87,91658
6,91751,8887,1.0,14339,87,91664
6,91757,8888,1.0,14340,87,91670
6,91763,8889,1.0,14341,87,91676
9,91772,8890,1.0,14342,87,91685
6,91778,8891,1.0,14343,87,91691
6,91784,8892,1.0,14344,87,91697
6,91790,8893,1.0,14345,87,91703
2,91792,8893,0.0,14346,87,91705
4,91796,8893,0.0,14347,87,91709
6,91802,8894,1.0,14348,87,91715
6,91808,8895,1.0,14349,87,91721
2,91810,8895,0.0,14350,87,91723
7,91817,8896,1.0,14351,87,91730
6,91823,8897,1.0,14352,87,91736
8,91831,8898,1.0,14353,87,91744
6,91837,8899,1.0,14354,87,91750
9,91846,8900,1.0,14355,87,91759
6,91852,8901,1.0,14356,87,91765
5,91857,8901,0.0,14357,87,91770
6,91863,8902,1.0,14358,87,91776
6,91869,8903,1.0,14359,87,91782
10,91879,8904,1.0,14360,87,91792
6,91885,8905,1.0,14361,87,91798
6,91891,8906,1.0,14362,87,91804
6,91897,8907,1.0,14363,87,91810
7,91904,8908,1.0,14364,87,91817
9,91913,8909,1.0,14365,87,91826
6,91919,8910,1.0,14366,87,91832
6,91925,8911,1.0,14367,87,91838
7,91932,8912,1.0,14368,87,91845
6,91938,8913,1.0,14369,87,91851
6,91944,8914,1.0,14370,87,91857
7,91951,8915,1.0,14371,87,91864
8,91959,8916,1.0,14372,87,91872
6,91965,8917,1.0,14373,87,91878
4,91969,8917,0.0,14374,87,91882
2,91971,8917,0.0,14375,87,91884
6,91977,8918,1.0,14376,87,91890
9,91986,8919,1.0,14377,87,91899
4,91990,8919,0.0,14378,87,91903
2,91992,8919,0.0,14379,87,91905
9,92001,8920,1.0,14380,87,91914
6,92007,8921,1.0,14381,87,91920
11,92018,8922,1.0,14382,87,91931
6,92024,8923,1.0,14383,87,91937
7,92031,8924,1.0,14384,87,91944
11,92042,8925,1.0,14385,87,91955
9,92051,8926,1.0,14386,87,91964
9,92060,8927,1.0,14387,87,91973
6,92066,8928,1.0,14388,87,91979
6,92072,8929,1.0,14389,87,91985
4,92076,8929,0.0,14390,87,91989
6,92082,8930,1.0,14391,87,91995
6,92088,8931,1.0,14392,87,92001
7,92095,8931,0.0,14393,87,92008
6,92101,8932,1.0,14394,87,92014
6,92107,8933,1.0,14395,87,92020
7,92114,8934,1.0,14396,87,92027
6,92120,8935,1.0,14397,87,92033
7,92127,8936,1.0,14398,87,92040
6,92133,8937,1.0,14399,87,92046
6,92139,8938,1.0,14400,87,92052
7,92146,8939,1.0,14401,87,92059
6,92152,8940,1.0,14402,87,92065
8,92160,8941,1.0,14403,87,92073
6,92166,8942,1.0,14404,87,92079
2,92168,8942,0.0,14405,87,92081
3,92171,8942,0.0,14406,87,92084
8,92179,8943,1.0,14407,87,92092
2,92181,8943,0.0,14408,87,92094
2,92183,8943,0.0,14409,87,92096
7,92190,8944,1.0,14410,87,92103
3,92193,8944,0.0,14411,87,92106
2,92195,8944,0.0,14412,87,92108
7,92202,8945,1.0,14413,87,92115
6,92208,8946,1.0,14414,87,92121
6,92214,8947,1.0,14415,87,92127
8,92222,8948,1.0,14416,87,92135
8,92230,8948,0.0,14417,87,92143
6,92236,8949,1.0,14418,87,92149
6,92242,8950,1.0,14419,87,92155
5,92247,8950,0.0,14420,87,92160
8,92255,8951,1.0,14421,87,92168
6,92261,8952,1.0,14422,87,92174
3,92264,8952,0.0,14423,87,92177
7,92271,8953,1.0,14424,87,92184
9,92280,8954,1.0,14425,87,92193
7,92287,8955,1.0,14426,87,92200
6,92293,8956,1.0,14427,87,92206
2,92295,8956,0.0,14428,87,92208
2,92297,8956,0.0,14429,87,92210
6,92303,8957,1.0,14430,87,92216
7,92310,8958,1.0,14431,87,92223
4,92314,8958,0.0,14432,87,92227
8,92322,8959,1.0,14433,87,92235
8,92330,8960,1.0,14434,87,92243
7,92337,8961,1.0,14435,87,92250
6,92343,8962,1.0,14436,87,92256
6,92349,8963,1.0,14437,87,92262
7,92356,8964,1.0,14438,87,92269
6,92362,8965,1.0,14439,87,92275
7,92369,8966,1.0,14440,87,92282
13,92382,8967,1.0,14441,87,92295
2,92384,8967,0.0,14442,87,92297
6,92390,8968,1.0,14443,87,92303
8,92398,8969,1.0,14444,87,92311
8,92406,8970,1.0,14445,87,92319
6,92412,8971,1.0,14446,87,92325
11,92423,8972,1.0,14447,87,92336
7,92430,8973,1.0,14448,87,92343
4,92434,8973,0.0,14449,87,92347
4,92438,8973,0.0,14450,87,92351
7,92445,8974,1.0,14451,87,92358
8,92453,8975,1.0,14452,87,92366
10,92463,8976,1.0,14453,87,92376
6,92469,8977,1.0,14454,87,92382
6,92475,8978,1.0,14455,87,92388
10,92485,8979,1.0,14456,87,92398
6,92491,8980,1.0,14457,87,92404
7,92498,8981,1.0,14458,87,92411
6,92504,8982,1.0,14459,87,92417
8,92512,8983,1.0,14460,87,92425
4,92516,8983,0.0,14461,87,92429
5,92521,8983,0.0,14462,87,92434
6,92527,8984,1.0,14463,87,92440
6,92533,8985,1.0,14464,87,92446
6,92539,8985,0.0,14465,87,92452
9,92548,8986,1.0,14466,87,92461
7,92555,8987,1.0,14467,87,92468
7,92562,8988,1.0,14468,87,92475
6,92568,8989,1.0,14469,87,92481
8,92576,8990,1.0,14470,87,92489
7,92583,8991,1.0,14471,87,92496
4,92587,8991,0.0,14472,87,92500
7,92594,8992,1.0,14473,87,92507
6,92600,8993,1.0,14474,87,92513
2,92602,8993,0.0,14475,87,92515
5,92607,8993,0.0,14476,87,92520
7,92614,8994,1.0,14477,87,92527
8,92622,8995,1.0,14478,87,92535
6,92628,8996,1.0,14479,87,92541
4,92632,8996,0.0,14480,87,92545
6,92638,8997,1.0,14481,87,92551
7,92645,8998,1.0,14482,87,92558
2,92647,8998,0.0,14483,87,92560
6,92653,8999,1.0,14484,87,92566
2,92655,8999,0.0,14485,87,92568
6,92661,9000,1.0,14486,87,92574
6,92667,9001,1.0,14487,87,92580
9,92676,9002,1.0,14488,87,92589
4,92680,9002,0.0,14489,87,92593
6,92686,9003,1.0,14490,87,92599
7,92693,9004,1.0,14491,87,92606
4,92697,9004,0.0,14492,87,92610
8,92705,9004,0.0,14493,87,92618
11,92716,9005,1.0,14494,87,92629
8,92724,9006,1.0,14495,87,92637
6,92730,9007,1.0,14496,87,92643
10,92740,9007,0.0,14497,87,92653
2,92742,9007,0.0,14498,87,92655
6,92748,9007,0.0,14499,87,92661
8,92756,9008,1.0,14500,87,92669
6,92762,9009,1.0,14501,87,92675
2,92764,9009,0.0,14502,87,92677
6,92770,9010,1.0,14503,87,92683
6,92776,9011,1.0,14504,87,92689
5,92781,9011,0.0,14505,87,92694
2,92783,9011,0.0,14506,87,92696
4,92787,9011,0.0,14507,87,92700
7,92794,9012,1.0,14508,87,92707
4,92798,9012,0.0,14509,87,92711
6,92804,9012,0.0,14510,87,92717
5,92809,9012,0.0,14511,87,92722
7,92816,9013,1.0,14512,87,92729
6,92822,9014,1.0,14513,87,92735
11,92833,9015,1.0,14514,87,92746
6,92839,9016,1.0,14515,87,92752
7,92846,9017,1.0,14516,87,92759
4,92850,9017,0.0,14517,87,92763
6,92856,9018,1.0,14518,87,92769
10,92866,9019,1.0,14519,87,92779
8,92874,9020,1.0,14520,87,92787
10,92884,9021,1.0,14521,87,92797
6,92890,9022,1.0,14522,87,92803
12,92902,9023,1.0,14523,87,92815
6,92908,9024,1.0,14524,87,92821
6,92914,9025,1.0,14525,87,92827
8,92922,9026,1.0,14526,87,92835
2,92924,9026,0.0,14527,87,92837
4,92928,9026,0.0,14528,87,92841
10,92938,9027,1.0,14529,87,92851
6,92944,9028,1.0,14530,87,92857
4,92948,9028,0.0,14531,87,92861
8,92956,9028,0.0,14532,87,92869
6,92962,9029,1.0,14533,87,92875
8,92970,9030,1.0,14534,87,92883
6,92976,9031,1.0,14535,87,92889
7,92983,9032,1.0,14536,87,92896
2,92985,9032,0.0,14537,87,92898
6,92991,9032,0.0,14538,87,92904
13,93004,9033,1.0,14539,87,92917
6,93010,9034,1.0,14540,87,92923
6,93016,9035,1.0,14541,87,92929
6,93022,9036,1.0,14542,87,92935
6,93028,9037,1.0,14543,87,92941
4,93032,9037,0.0,14544,87,92945
9,93041,9038,1.0,14545,87,92954
6,93047,9039,1.0,14546,87,92960
9,93056,9040,1.0,14547,87,92969
9,93065,9041,1.0,14548,87,92978
6,93071,9042,1.0,14549,87,92984
7,93078,9043,1.0,14550,87,92991
6,93084,9044,1.0,14551,87,92997
7,93091,9045,1.0,14552,87,93004
4,93095,9045,0.0,14553,87,93008
9,93104,9046,1.0,14554,87,93017
11,93115,9047,1.0,14555,87,93028
6,93121,9048,1.0,14556,87,93034
2,93123,9048,0.0,14557,87,93036
11,93134,9049,1.0,14558,87,93047
6,93140,9050,1.0,14559,87,93053
5,93145,9050,0.0,14560,87,93058
8,93153,9051,1.0,14561,87,93066
4,93157,9051,0.0,14562,87,93070
6,93163,9052,1.0,14563,87,93076
7,93170,9053,1.0,14564,87,93083
6,93176,9054,1.0,14565,87,93089
4,93180,9054,0.0,14566,87,93093
8,93188,9055,1.0,14567,87,93101
9,93197,9056,1.0,14568,87,93110
7,93204,9057,1.0,14569,87,93117
8,93212,9058,1.0,14570,87,93125
4,93216,9058,0.0,14571,87,93129
6,93222,9059,1.0,14572,87,93135
8,93230,9060,1.0,14573,87,93143
6,93236,9061,1.0,14574,87,93149
6,93242,9062,1.0,14575,87,93155
6,93248,9063,1.0,14576,87,93161
13,93261,9064,1.0,14577,87,93174
6,93267,9065,1.0,14578,87,93180
6,93273,9066,1.0,14579,87,93186
7,93280,9067,1.0,14580,87,93193
7,93287,9068,1.0,14581,87,93200
6,93293,9069,1.0,14582,87,93206
8,93301,9070,1.0,14583,87,93214
6,93307,9071,1.0,14584,87,93220
7,93314,9072,1.0,14585,87,93227
8,93322,9073,1.0,14586,87,93235
6,93328,9074,1.0,14587,87,93241
2,93330,9074,0.0,14588,87,93243
6,93336,9075,1.0,14589,87,93249
4,93340,9075,0.0,14590,87,93253
4,93344,9075,0.0,14591,87,93257
6,93350,9076,1.0,14592,87,93263
7,93357,9077,1.0,14593,87,93270
6,93363,9078,1.0,14594,87,93276
6,93369,9079,1.0,14595,87,93282
7,93376,9080,1.0,14596,87,93289
6,93382,9081,1.0,14597,87,93295
6,93388,9082,1.0,14598,87,93301
8,93396,9083,1.0,14599,87,93309
7,93403,9084,1.0,14600,87,93316
6,93409,9085,1.0,14601,87,93322
6,93415,9086,1.0,14602,87,93328
6,93421,9087,1.0,14603,87,93334
6,93427,9088,1.0,14604,87,93340
5,93432,9088,0.0,14605,87,93345
6,93438,9089,1.0,14606,87,93351
6,93444,9090,1.0,14607,87,93357
6,93450,9091,1.0,14608,87,93363
6,93456,9091,0.0,14609,87,93369
10,93466,9092,1.0,14610,87,93379
6,93472,9093,1.0,14611,87,93385
3,93475,9093,0.0,14612,87,93388
2,93477,9093,0.0,14613,87,93390
6,93483,9094,1.0,14614,87,93396
6,93489,9095,1.0,14615,87,93402
7,93496,9096,1.0,14616,87,93409
5,93501,9096,0.0,14617,87,93414
7,93508,9097,1.0,14618,87,93421
6,93514,9098,1.0,14619,87,93427
7,93521,9099,1.0,14620,87,93434
6,93527,9100,1.0,14621,87,93440
2,93529,9100,0.0,14622,87,93442
6,93535,9100,0.0,14623,87,93448
9,93544,9101,1.0,14624,87,93457
8,93552,9102,1.0,14625,87,93465
4,93556,9102,0.0,14626,87,93469
2,93558,9102,0.0,14627,87,93471
7,93565,9103,1.0,14628,87,93478
9,93574,9104,1.0,14629,87,93487
4,93578,9104,0.0,14630,87,93491
7,93585,9105,1.0,14631,87,93498
2,93587,9105,0.0,14632,87,93500
8,93595,9106,1.0,14633,87,93508
6,93601,9107,1.0,14634,87,93514
6,93607,9108,1.0,14635,87,93520
6,93613,9109,1.0,14636,87,93526
14,93627,9110,1.0,14637,87,93540
9,93636,9111,1.0,14638,87,93549
6,93642,9112,1.0,14639,87,93555
7,93649,9113,1.0,14640,87,93562
9,93658,9113,0.0,14641,87,93571
8,93666,9114,1.0,14642,87,93579
8,93674,9115,1.0,14643,87,93587
6,93680,9116,1.0,14644,87,93593
7,93687,9117,1.0,14645,87,93600
7,93694,9118,1.0,14646,87,93607
5,93699,9118,0.0,14647,87,93612
9,93708,9119,1.0,14648,87,93621
6,93714,9120,1.0,14649,87,93627
6,93720,9121,1.0,14650,87,93633
6,93726,9122,1.0,14651,87,93639
9,93735,9123,1.0,14652,87,93648
6,93741,9124,1.0,14653,87,93654
6,93747,9125,1.0,14654,87,93660
8,93755,9126,1.0,14655,87,93668
6,93761,9127,1.0,14656,87,93674
7,93768,9128,1.0,14657,87,93681
10,93778,9129,1.0,14658,87,93691
6,93784,9130,1.0,14659,87,93697
6,93790,9131,1.0,14660,87,93703
6,93796,9132,1.0,14661,87,93709
8,93804,9133,1.0,14662,87,93717
7,93811,9134,1.0,14663,87,93724
11,93822,9135,1.0,14664,87,93735
11,93833,9136,1.0,14665,87,93746
8,93841,9137,1.0,14666,87,93754
7,93848,9138,1.0,14667,87,93761
6,93854,9139,1.0,14668,87,93767
6,93860,9140,1.0,14669,87,93773
8,93868,9141,1.0,14670,87,93781
2,93870,9141,0.0,14671,87,93783
2,93872,9141,0.0,14672,87,93785
6,93878,9142,1.0,14673,87,93791
6,93884,9143,1.0,14674,87,93797
10,93894,9144,1.0,14675,87,93807
6,93900,9145,1.0,14676,87,93813
2,93902,9145,0.0,14677,87,93815
4,93906,9145,0.0,14678,87,93819
3,93909,9145,0.0,14679,87,93822
6,93915,9146,1.0,14680,87,93828
2,93917,9146,0.0,14681,87,93830
7,93924,9146,0.0,14682,87,93837
2,93926,9146,0.0,14683,87,93839
5,93931,9146,0.0,14684,87,93844
7,93938,9147,1.0,14685,87,93851
2,93940,9147,0.0,14686,87,93853
2,93942,9147,0.0,14687,87,93855
6,93948,9147,0.0,14688,87,93861
6,93954,9148,1.0,14689,87,93867
8,93962,9149,1.0,14690,87,93875
6,93968,9150,1.0,14691,87,93881
4,93972,9150,0.0,14692,87,93885
6,93978,9151,1.0,14693,87,93891
6,93984,9152,1.0,14694,87,93897
4,93988,9152,0.0,14695,87,93901
8,93996,9153,1.0,14696,87,93909
4,94000,9153,0.0,14697,87,93913
10,94010,9154,1.0,14698,87,93923
8,94018,9155,1.0,14699,87,93931
8,94026,9156,1.0,14700,87,93939
6,94032,9157,1.0,14701,87,93945
2,94034,9157,0.0,14702,87,93947
8,94042,9158,1.0,14703,87,93955
8,94050,9159,1.0,14704,87,93963
6,94056,9160,1.0,14705,87,93969
6,94062,9161,1.0,14706,87,93975
6,94068,9162,1.0,14707,87,93981
2,94070,9162,0.0,14708,87,93983
6,94076,9163,1.0,14709,87,93989
7,94083,9164,1.0,14710,87,93996
8,94091,9165,1.0,14711,87,94004
5,94096,9165,0.0,14712,87,94009
12,94108,9166,1.0,14713,87,94021
6,94114,9167,1.0,14714,87,94027
8,94122,9168,1.0,14715,87,94035
6,94128,9169,1.0,14716,87,94041
9,94137,9170,1.0,14717,87,94050
6,94143,9171,1.0,14718,87,94056
2,94145,9171,0.0,14719,87,94058
6,94151,9172,1.0,14720,87,94064
5,94156,9172,0.0,14721,87,94069
5,94161,9172,0.0,14722,87,94074
7,94168,9172,0.0,14723,87,94081
6,94174,9172,0.0,14724,87,94087
7,94181,9173,1.0,14725,87,94094
2,94183,9173,0.0,14726,87,94096
4,94187,9173,0.0,14727,87,94100
4,94191,9173,0.0,14728,87,94104
5,94196,9173,0.0,14729,87,94109
6,94202,9174,1.0,14730,87,94115
6,94208,9174,0.0,14731,87,94121
6,94214,9175,1.0,14732,87,94127
6,94220,9176,1.0,14733,87,94133
6,94226,9177,1.0,14734,87,94139
6,94232,9178,1.0,14735,87,94145
4,94236,9178,0.0,14736,87,94149
6,94242,9179,1.0,14737,87,94155
2,94244,9179,0.0,14738,87,94157
6,94250,9180,1.0,14739,87,94163
6,94256,9181,1.0,14740,87,94169
6,94262,9182,1.0,14741,87,94175
8,94270,9183,1.0,14742,87,94183
6,94276,9184,1.0,14743,87,94189
6,94282,9185,1.0,14744,87,94195
6,94288,9186,1.0,14745,87,94201
6,94294,9187,1.0,14746,87,94207
6,94300,9188,1.0,14747,87,94213
9,94309,9189,1.0,14748,87,94222
6,94315,9190,1.0,14749,87,94228
2,94317,9190,0.0,14750,87,94230
8,94325,9191,1.0,14751,87,94238
7,94332,9192,1.0,14752,87,94245
2,94334,9192,0.0,14753,87,94247
8,94342,9193,1.0,14754,87,94255
6,94348,9194,1.0,14755,87,94261
7,94355,9195,1.0,14756,87,94268
4,94359,9195,0.0,14757,87,94272
6,94365,9196,1.0,14758,87,94278
6,94371,9197,1.0,14759,87,94284
3,94374,9197,0.0,14760,87,94287
6,94380,9198,1.0,14761,87,94293
7,94387,9199,1.0,14762,87,94300
10,94397,9200,1.0,14763,87,94310
7,94404,9201,1.0,14764,87,94317
6,94410,9202,1.0,14765,87,94323
6,94416,9203,1.0,14766,87,94329
2,94418,9203,0.0,14767,87,94331
8,94426,9204,1.0,14768,87,94339
9,94435,9205,1.0,14769,87,94348
5,94440,9205,0.0,14770,87,94353
6,94446,9206,1.0,14771,87,94359
9,94455,9207,1.0,14772,87,94368
2,94457,9207,0.0,14773,87,94370
6,94463,9208,1.0,14774,87,94376
9,94472,9209,1.0,14775,87,94385
2,94474,9209,0.0,14776,87,94387
7,94481,9210,1.0,14777,87,94394
7,94488,9211,1.0,14778,87,94401
4,94492,9211,0.0,14779,87,94405
9,94501,9212,1.0,14780,87,94414
7,94508,9213,1.0,14781,87,94421
8,94516,9214,1.0,14782,87,94429
3,94519,9214,0.0,14783,87,94432
6,94525,9215,1.0,14784,87,94438
9,94534,9216,1.0,14785,87,94447
6,94540,9217,1.0,14786,87,94453
2,94542,9217,0.0,14787,87,94455
8,94550,9218,1.0,14788,87,94463
8,94558,9219,1.0,14789,87,94471
9,94567,9220,1.0,14790,87,94480
6,94573,9221,1.0,14791,87,94486
7,94580,9222,1.0,14792,87,94493
6,94586,9223,1.0,14793,87,94499
6,94592,9224,1.0,14794,87,94505
8,94600,9225,1.0,14795,87,94513
6,94606,9226,1.0,14796,87,94519
9,94615,9227,1.0,14797,87,94528
2,94617,9227,0.0,14798,87,94530
8,94625,9228,1.0,14799,87,94538
7,94632,9229,1.0,14800,87,94545
4,94636,9229,0.0,14801,87,94549
6,94642,9230,1.0,14802,87,94555
6,94648,9231,1.0,14803,87,94561
6,94654,9232,1.0,14804,87,94567
7,94661,9233,1.0,14805,87,94574
7,94668,9234,1.0,14806,87,94581
6,94674,9235,1.0,14807,87,94587
7,94681,9236,1.0,14808,87,94594
8,94689,9237,1.0,14809,87,94602
9,94698,9238,1.0,14810,87,94611
6,94704,9239,1.0,14811,87,94617
2,94706,9239,0.0,14812,87,94619
8,94714,9240,1.0,14813,87,94627
2,94716,9240,0.0,14814,87,94629
6,94722,9241,1.0,14815,87,94635
8,94730,9242,1.0,14816,87,94643
6,94736,9243,1.0,14817,87,94649
4,94740,9243,0.0,14818,87,94653
10,94750,9244,1.0,14819,87,94663
4,94754,9244,0.0,14820,87,94667
8,94762,9244,0.0,14821,87,94675
2,94764,9244,0.0,14822,87,94677
5,94769,9244,0.0,14823,87,94682
6,94775,9245,1.0,14824,87,94688
4,94779,9245,0.0,14825,87,94692
9,94788,9246,1.0,14826,87,94701
2,94790,9246,0.0,14827,87,94703
9,94799,9247,1.0,14828,87,94712
6,94805,9248,1.0,14829,87,94718
3,94808,9248,0.0,14830,87,94721
8,94816,9249,1.0,14831,87,94729
6,94822,9249,0.0,14832,87,94735
8,94830,9250,1.0,14833,87,94743
8,94838,9251,1.0,14834,87,94751
2,94840,9251,0.0,14835,87,94753
6,94846,9251,0.0,14836,87,94759
4,94850,9251,0.0,14837,87,94763
2,94852,9251,0.0,14838,87,94765
6,94858,9252,1.0,14839,87,94771
6,94864,9253,1.0,14840,87,94777
4,94868,9253,0.0,14841,87,94781
7,94875,9254,1.0,14842,87,94788
7,94882,9255,1.0,14843,87,94795
8,94890,9256,1.0,14844,87,94803
7,94897,9257,1.0,14845,87,94810
4,94901,9257,0.0,14846,87,94814
7,94908,9258,1.0,14847,87,94821
10,94918,9259,1.0,14848,87,94831
2,94920,9259,0.0,14849,87,94833
9,94929,9260,1.0,14850,87,94842
6,94935,9261,1.0,14851,87,94848
8,94943,9262,1.0,14852,87,94856
7,94950,9263,1.0,14853,87,94863
6,94956,9264,1.0,14854,87,94869
6,94962,9265,1.0,14855,87,94875
2,94964,9265,0.0,14856,87,94877
9,94973,9266,1.0,14857,87,94886
6,94979,9267,1.0,14858,87,94892
8,94987,9268,1.0,14859,87,94900
5,94992,9268,0.0,14860,87,94905
6,94998,9269,1.0,14861,87,94911
9,95007,9270,1.0,14862,87,94920
9,95016,9271,1.0,14863,87,94929
6,95022,9272,1.0,14864,87,94935
6,95028,9273,1.0,14865,87,94941
8,95036,9274,1.0,14866,87,94949
9,95045,9275,1.0,14867,87,94958
4,95049,9275,0.0,14868,87,94962
2,95051,9275,0.0,14869,87,94964
7,95058,9276,1.0,14870,87,94971
6,95064,9277,1.0,14871,87,94977
7,95071,9278,1.0,14872,87,94984
7,95078,9279,1.0,14873,87,94991
8,95086,9280,1.0,14874,87,94999
9,95095,9281,1.0,14875,87,95008
4,95099,9281,0.0,14876,87,95012
8,95107,9282,1.0,14877,87,95020
9,95116,9283,1.0,14878,87,95029
8,95124,9284,1.0,14879,87,95037
8,95132,9285,1.0,14880,87,95045
6,95138,9285,0.0,14881,87,95051
8,95146,9286,1.0,14882,87,95059
7,95153,9287,1.0,14883,87,95066
7,95160,9288,1.0,14884,87,95073
6,95166,9288,0.0,14885,87,95079
7,95173,9289,1.0,14886,87,95086
12,95185,9290,1.0,14887,87,95098
8,95193,9291,1.0,14888,87,95106
7,95200,9292,1.0,14889,87,95113
6,95206,9293,1.0,14890,87,95119
10,95216,9294,1.0,14891,87,95129
6,95222,9295,1.0,14892,87,95135
6,95228,9296,1.0,14893,87,95141
10,95238,9297,1.0,14894,87,95151
6,95244,9298,1.0,14895,87,95157
6,95250,9299,1.0,14896,87,95163
8,95258,9300,1.0,14897,87,95171
10,95268,9301,1.0,14898,87,95181
6,95274,9302,1.0,14899,87,95187
12,95286,9303,1.0,14900,87,95199
5,95291,9303,0.0,14901,87,95204
2,95293,9303,0.0,14902,87,95206
7,95300,9304,1.0,14903,87,95213
5,95305,9304,0.0,14904,87,95218
6,95311,9305,1.0,14905,87,95224
11,95322,9306,1.0,14906,87,95235
2,95324,9306,0.0,14907,87,95237
4,95328,9306,0.0,14908,87,95241
3,95331,9306,0.0,14909,87,95244
6,95337,9307,1.0,14910,87,95250
7,95344,9308,1.0,14911,87,95257
8,95352,9309,1.0,14912,87,95265
6,95358,9310,1.0,14913,87,95271
6,95364,9311,1.0,14914,87,95277
6,95370,9312,1.0,14915,87,95283
2,95372,9312,0.0,14916,87,95285
7,95379,9313,1.0,14917,87,95292
8,95387,9314,1.0,14918,87,95300
8,95395,9315,1.0,14919,87,95308
6,95401,9316,1.0,14920,87,95314
10,95411,9317,1.0,14921,87,95324
8,95419,9318,1.0,14922,87,95332
7,95426,9319,1.0,14923,87,95339
4,95430,9319,0.0,14924,87,95343
7,95437,9320,1.0,14925,87,95350
7,95444,9321,1.0,14926,87,95357
6,95450,9322,1.0,14927,87,95363
4,95454,9322,0.0,14928,87,95367
8,95462,9323,1.0,14929,87,95375
6,95468,9324,1.0,14930,87,95381
6,95474,9325,1.0,14931,87,95387
9,95483,9326,1.0,14932,87,95396
6,95489,9327,1.0,14933,87,95402
6,95495,9328,1.0,14934,87,95408
2,95497,9328,0.0,14935,87,95410
6,95503,9329,1.0,14936,87,95416
6,95509,9330,1.0,14937,87,95422
9,95518,9331,1.0,14938,87,95431
7,95525,9332,1.0,14939,87,95438
8,95533,9333,1.0,14940,87,95446
6,95539,9334,1.0,14941,87,95452
8,95547,9335,1.0,14942,87,95460
7,95554,9336,1.0,14943,87,95467
2,95556,9336,0.0,14944,87,95469
6,95562,9337,1.0,14945,87,95475
9,95571,9337,0.0,14946,87,95484
7,95578,9337,0.0,14947,87,95491
9,95587,9338,1.0,14948,87,95500
7,95594,9339,1.0,14949,87,95507
9,95603,9340,1.0,14950,87,95516
6,95609,9341,1.0,14951,87,95522
10,95619,9342,1.0,14952,87,95532
6,95625,9342,0.0,14953,87,95538
6,95631,9343,1.0,14954,87,95544
6,95637,9344,1.0,14955,87,95550
13,95650,9345,1.0,14956,87,95563
9,95659,9346,1.0,14957,87,95572
5,95664,9346,0.0,14958,87,95577
6,95670,9347,1.0,14959,87,95583
6,95676,9348,1.0,14960,87,95589
7,95683,9349,1.0,14961,87,95596
4,95687,9349,0.0,14962,87,95600
9,95696,9350,1.0,14963,87,95609
6,95702,9351,1.0,14964,87,95615
6,95708,9352,1.0,14965,87,95621
6,95714,9353,1.0,14966,87,95627
10,95724,9354,1.0,14967,87,95637
3,95727,9354,0.0,14968,87,95640
7,95734,9355,1.0,14969,87,95647
2,95736,9355,0.0,14970,87,95649
2,95738,9355,0.0,14971,87,95651
6,95744,9356,1.0,14972,87,95657
6,95750,9357,1.0,14973,87,95663
5,95755,9357,0.0,14974,87,95668
2,95757,9357,0.0,14975,87,95670
7,95764,9358,1.0,14976,87,95677
13,95777,9359,1.0,14977,87,95690
4,95781,9359,0.0,14978,87,95694
4,95785,9359,0.0,14979,87,95698
6,95791,9360,1.0,14980,87,95704
5,95796,9360,0.0,14981,87,95709
9,95805,9361,1.0,14982,87,95718
6,95811,9362,1.0,14983,87,95724
6,95817,9363,1.0,14984,87,95730
4,95821,9363,0.0,14985,87,95734
4,95825,9363,0.0,14986,87,95738
5,95830,9363,0.0,14987,87,95743
4,95834,9363,0.0,14988,87,95747
8,95842,9364,1.0,14989,87,95755
6,95848,9365,1.0,14990,87,95761
8,95856,9366,1.0,14991,87,95769
8,95864,9367,1.0,14992,87,95777
4,95868,9367,0.0,14993,87,95781
7,95875,9368,1.0,14994,87,95788
6,95881,9369,1.0,14995,87,95794
2,95883,9369,0.0,14996,87,95796
6,95889,9370,1.0,14997,87,95802
4,95893,9370,0.0,14998,87,95806
8,95901,9371,1.0,14999,87,95814
10,95911,9372,1.0,15000,87,95824
6,95917,9372,0.0,15001,87,95830
6,95923,9373,1.0,15002,87,95836
6,95929,9374,1.0,15003,87,95842
7,95936,9375,1.0,15004,87,95849
8,95944,9376,1.0,15005,87,95857
7,95951,9377,1.0,15006,87,95864
6,95957,9378,1.0,15007,87,95870
8,95965,9379,1.0,15008,87,95878
6,95971,9380,1.0,15009,87,95884
6,95977,9381,1.0,15010,87,95890
4,95981,9381,0.0,15011,87,95894
5,95986,9381,0.0,15012,87,95899
6,95992,9382,1.0,15013,87,95905
8,96000,9383,1.0,15014,87,95913
9,96009,9384,1.0,15015,87,95922
6,96015,9385,1.0,15016,87,95928
7,96022,9386,1.0,15017,87,95935
7,96029,9387,1.0,15018,87,95942
10,96039,9388,1.0,15019,87,95952
5,96044,9388,0.0,15020,87,95957
10,96054,9389,1.0,15021,87,95967
6,96060,9390,1.0,15022,87,95973
6,96066,9391,1.0,15023,87,95979
2,96068,9391,0.0,15024,87,95981
6,96074,9392,1.0,15025,87,95987
2,96076,9392,0.0,15026,87,95989
4,96080,9392,0.0,15027,87,95993
10,96090,9393,1.0,15028,87,96003
7,96097,9394,1.0,15029,87,96010
4,96101,9394,0.0,15030,87,96014
8,96109,9395,1.0,15031,87,96022
6,96115,9396,1.0,15032,87,96028
9,96124,9397,1.0,15033,87,96037
4,96128,9397,0.0,15034,87,96041
6,96134,9398,1.0,15035,87,96047
6,96140,9399,1.0,15036,87,96053
2,96142,9399,0.0,15037,87,96055
7,96149,9399,0.0,15038,87,96062
6,96155,9400,1.0,15039,87,96068
6,96161,9401,1.0,15040,87,96074
6,96167,9402,1.0,15041,87,96080
6,96173,9403,1.0,15042,87,96086
6,96179,9404,1.0,15043,87,96092
6,96185,9405,1.0,15044,87,96098
11,96196,9406,1.0,15045,87,96109
8,96204,9407,1.0,15046,87,96117
9,96213,9408,1.0,15047,87,96126
6,96219,9409,1.0,15048,87,96132
7,96226,9410,1.0,15049,87,96139
7,96233,9411,1.0,15050,87,96146
7,96240,9412,1.0,15051,87,96153
6,96246,9413,1.0,15052,87,96159
6,96252,9414,1.0,15053,87,96165
6,96258,9415,1.0,15054,87,96171
7,96265,9415,0.0,15055,87,96178
6,96271,9416,1.0,15056,87,96184
7,96278,9417,1.0,15057,87,96191
9,96287,9418,1.0,15058,87,96200
4,96291,9418,0.0,15059,87,96204
5,96296,9418,0.0,15060,87,96209
8,96304,9419,1.0,15061,87,96217
11,96315,9420,1.0,15062,87,96228
6,96321,9421,1.0,15063,87,96234
4,96325,9421,0.0,15064,87,96238
6,96331,9421,0.0,15065,87,96244
7,96338,9421,0.0,15066,87,96251
9,96347,9422,1.0,15067,87,96260
4,96351,9422,0.0,15068,87,96264
7,96358,9423,1.0,15069,87,96271
9,96367,9424,1.0,15070,87,96280
10,96377,9425,1.0,15071,87,96290
3,96380,9425,0.0,15072,87,96293
7,96387,9426,1.0,15073,87,96300
7,96394,9427,1.0,15074,87,96307
9,96403,9428,1.0,15075,87,96316
6,96409,9429,1.0,15076,87,96322
4,96413,9429,0.0,15077,87,96326
7,96420,9430,1.0,15078,87,96333
8,96428,9431,1.0,15079,87,96341
7,96435,9432,1.0,15080,87,96348
7,96442,9433,1.0,15081,87,96355
2,96444,9433,0.0,15082,87,96357
8,96452,9434,1.0,15083,87,96365
2,96454,9434,0.0,15084,87,96367
7,96461,9435,1.0,15085,87,96374
6,96467,9436,1.0,15086,87,96380
6,96473,9437,1.0,15087,87,96386
7,96480,9438,1.0,15088,87,96393
6,96486,9439,1.0,15089,87,96399
6,96492,9440,1.0,15090,87,96405
6,96498,9440,0.0,15091,87,96411
6,96504,9441,1.0,15092,87,96417
2,96506,9441,0.0,15093,87,96419
7,96513,9442,1.0,15094,87,96426
6,96519,9443,1.0,15095,87,96432
6,96525,9444,1.0,15096,87,96438
8,96533,9445,1.0,15097,87,96446
7,96540,9446,1.0,15098,87,96453
5,96545,9446,0.0,15099,87,96458
6,96551,9447,1.0,15100,87,96464
6,96557,9448,1.0,15101,87,96470
6,96563,9449,1.0,15102,87,96476
8,96571,9450,1.0,15103,87,96484
6,96577,9451,1.0,15104,87,96490
6,96583,9452,1.0,15105,87,96496
2,96585,9452,0.0,15106,87,96498
6,96591,9453,1.0,15107,87,96504
6,96597,9454,1.0,15108,87,96510
6,96603,9455,1.0,15109,87,96516
6,96609,9456,1.0,15110,87,96522
6,96615,9457,1.0,15111,87,96528
6,96621,9458,1.0,15112,87,96534
3,96624,9458,0.0,15113,87,96537
6,96630,9459,1.0,15114,87,96543
6,96636,9460,1.0,15115,87,96549
8,96644,9461,1.0,15116,87,96557
7,96651,9462,1.0,15117,87,96564
8,96659,9463,1.0,15118,87,96572
8,96667,9464,1.0,15119,87,96580
7,96674,9465,1.0,15120,87,96587
6,96680,9466,1.0,15121,87,96593
6,96686,9467,1.0,15122,87,96599
6,96692,9468,1.0,15123,87,96605
5,96697,9468,0.0,15124,87,96610
4,96701,9468,0.0,15125,87,96614
8,96709,9468,0.0,15126,87,96622
6,96715,9469,1.0,15127,87,96628
11,96726,9470,1.0,15128,87,96639
4,96730,9470,0.0,15129,87,96643
6,96736,9471,1.0,15130,87,96649
9,96745,9472,1.0,15131,87,96658
6,96751,9473,1.0,15132,87,96664
6,96757,9474,1.0,15133,87,96670
7,96764,9475,1.0,15134,87,96677
2,96766,9475,0.0,15135,87,96679
6,96772,9476,1.0,15136,87,96685
8,96780,9477,1.0,15137,87,96693
6,96786,9478,1.0,15138,87,96699
3,96789,9478,0.0,15139,87,96702
6,96795,9479,1.0,15140,87,96708
7,96802,9480,1.0,15141,87,96715
6,96808,9481,1.0,15142,87,96721
7,96815,9482,1.0,15143,87,96728
7,96822,9483,1.0,15144,87,96735
6,96828,9484,1.0,15145,87,96741
3,96831,9484,0.0,15146,87,96744
4,96835,9484,0.0,15147,87,96748
8,96843,9485,1.0,15148,87,96756
12,96855,9486,1.0,15149,87,96768
6,96861,9487,1.0,15150,87,96774
6,96867,9488,1.0,15151,87,96780
6,96873,9489,1.0,15152,87,96786
6,96879,9490,1.0,15153,87,96792
4,96883,9490,0.0,15154,87,96796
6,96889,9491,1.0,15155,87,96802
7,96896,9492,1.0,15156,87,96809
6,96902,9492,0.0,15157,87,96815
10,96912,9493,1.0,15158,87,96825
7,96919,9494,1.0,15159,87,96832
6,96925,9495,1.0,15160,87,96838
6,96931,9496,1.0,15161,87,96844
8,96939,9497,1.0,15162,87,96852
4,96943,9497,0.0,15163,87,96856
6,96949,9498,1.0,15164,87,96862
7,96956,9499,1.0,15165,87,96869
9,96965,9500,1.0,15166,87,96878
6,96971,9500,0.0,15167,87,96884
9,96980,9501,1.0,15168,87,96893
4,96984,9501,0.0,15169,87,96897
6,96990,9502,1.0,15170,87,96903
6,96996,9503,1.0,15171,87,96909
8,97004,9504,1.0,15172,87,96917
6,97010,9505,1.0,15173,87,96923
11,97021,9506,1.0,15174,87,96934
4,97025,9506,0.0,15175,87,96938
6,97031,9507,1.0,15176,87,96944
6,97037,9508,1.0,15177,87,96950
8,97045,9509,1.0,15178,87,96958
7,97052,9510,1.0,15179,87,96965
4,97056,9510,0.0,15180,87,96969
6,97062,9511,1.0,15181,87,96975
4,97066,9511,0.0,15182,87,96979
7,97073,9512,1.0,15183,87,96986
5,97078,9512,0.0,15184,87,96991
6,97084,9513,1.0,15185,87,96997
7,97091,9513,0.0,15186,87,97004
6,97097,9514,1.0,15187,87,97010
7,97104,9514,0.0,15188,87,97017
6,97110,9515,1.0,15189,87,97023
3,97113,9515,0.0,15190,87,97026
7,97120,9516,1.0,15191,87,97033
6,97126,9516,0.0,15192,87,97039
6,97132,9517,1.0,15193,87,97045
7,97139,9518,1.0,15194,87,97052
4,97143,9518,0.0,15195,87,97056
6,97149,9519,1.0,15196,87,97062
3,97152,9519,0.0,15197,87,97065
7,97159,9520,1.0,15198,87,97072
8,97167,9521,1.0,15199,87,97080
6,97173,9522,1.0,15200,87,97086
7,97180,9523,1.0,15201,87,97093
8,97188,9524,1.0,15202,87,97101
10,97198,9525,1.0,15203,87,97111
6,97204,9526,1.0,15204,87,97117
6,97210,9527,1.0,15205,87,97123
2,97212,9527,0.0,15206,87,97125
8,97220,9528,1.0,15207,87,97133
2,97222,9528,0.0,15208,87,97135
6,97228,9528,0.0,15209,87,97141
8,97236,9528,0.0,15210,87,97149
6,97242,9529,1.0,15211,87,97155
7,97249,9530,1.0,15212,87,97162
8,97257,9531,1.0,15213,87,97170
6,97263,9532,1.0,15214,87,97176
4,97267,9532,0.0,15215,87,97180
2,97269,9532,0.0,15216,87,97182
2,97271,9532,0.0,15217,87,97184
6,97277,9533,1.0,15218,87,97190
8,97285,9534,1.0,15219,87,97198
6,97291,9535,1.0,15220,87,97204
2,97293,9535,0.0,15221,87,97206
7,97300,9536,1.0,15222,87,97213
6,97306,9537,1.0,15223,87,97219
10,97316,9538,1.0,15224,87,97229
6,97322,9539,1.0,15225,87,97235
2,97324,9539,0.0,15226,87,97237
6,97330,9540,1.0,15227,87,97243
4,97334,9540,0.0,15228,87,97247
8,97342,9540,0.0,15229,87,97255
7,97349,9541,1.0,15230,87,97262
6,97355,9542,1.0,15231,87,97268
6,97361,9543,1.0,15232,87,97274
7,97368,9544,1.0,15233,87,97281
6,97374,9545,1.0,15234,87,97287
4,97378,9545,0.0,15235,87,97291
6,97384,9546,1.0,15236,87,97297
6,97390,9547,1.0,15237,87,97303
10,97400,9548,1.0,15238,87,97313
7,97407,9549,1.0,15239,87,97320
6,97413,9550,1.0,15240,87,97326
8,97421,9551,1.0,15241,87,97334
7,97428,9552,1.0,15242,87,97341
4,97432,9552,0.0,15243,87,97345
5,97437,9552,0.0,15244,87,97350
6,97443,9553,1.0,15245,87,97356
4,97447,9553,0.0,15246,87,97360
6,97453,9554,1.0,15247,87,97366
10,97463,9555,1.0,15248,87,97376
7,97470,9556,1.0,15249,87,97383
6,97476,9557,1.0,15250,87,97389
10,97486,9558,1.0,15251,87,97399
7,97493,9559,1.0,15252,87,97406
8,97501,9560,1.0,15253,87,97414
7,97508,9561,1.0,15254,87,97421
6,97514,9562,1.0,15255,87,97427
9,97523,9563,1.0,15256,87,97436
6,97529,9564,1.0,15257,87,97442
7,97536,9565,1.0,15258,87,97449
8,97544,9566,1.0,15259,87,97457
15,97559,9567,1.0,15260,87,97472
4,97563,9567,0.0,15261,87,97476
10,97573,9568,1.0,15262,87,97486
7,97580,9569,1.0,15263,87,97493
6,97586,9570,1.0,15264,87,97499
7,97593,9571,1.0,15265,87,97506
2,97595,9571,0.0,15266,87,97508
3,97598,9571,0.0,15267,87,97511
7,97605,9572,1.0,15268,87,97518
7,97612,9573,1.0,15269,87,97525
4,97616,9573,0.0,15270,87,97529
6,97622,9574,1.0,15271,87,97535
6,97628,9575,1.0,15272,87,97541
6,97634,9576,1.0,15273,87,97547
6,97640,9577,1.0,15274,87,97553
8,97648,9578,1.0,15275,87,97561
4,97652,9578,0.0,15276,87,97565
7,97659,9579,1.0,15277,87,97572
6,97665,9580,1.0,15278,87,97578
5,97670,9580,0.0,15279,87,97583
2,97672,9580,0.0,15280,87,97585
6,97678,9581,1.0,15281,87,97591
5,97683,9581,0.0,15282,87,97596
6,97689,9582,1.0,15283,87,97602
6,97695,9582,0.0,15284,87,97608
9,97704,9583,1.0,15285,87,97617
6,97710,9584,1.0,15286,87,97623
8,97718,9585,1.0,15287,87,97631
9,97727,9586,1.0,15288,87,97640
6,97733,9586,0.0,15289,87,97646
6,97739,9587,1.0,15290,87,97652
2,97741,9587,0.0,15291,87,97654
6,97747,9588,1.0,15292,87,97660
7,97754,9589,1.0,15293,87,97667
4,97758,9589,0.0,15294,87,97671
8,97766,9590,1.0,15295,87,97679
8,97774,9591,1.0,15296,87,97687
6,97780,9592,1.0,15297,87,97693
6,97786,9593,1.0,15298,87,97699
6,97792,9593,0.0,15299,87,97705
6,97798,9594,1.0,15300,87,97711
7,97805,9595,1.0,15301,87,97718
8,97813,9596,1.0,15302,87,97726
7,97820,9597,1.0,15303,87,97733
8,97828,9598,1.0,15304,87,97741
6,97834,9599,1.0,15305,87,97747
11,97845,9599,0.0,15306,87,97758
2,97847,9599,0.0,15307,87,97760
6,97853,9600,1.0,15308,87,97766
11,97864,9601,1.0,15309,87,97777
5,97869,9601,0.0,15310,87,97782
6,97875,9602,1.0,15311,87,97788
6,97881,9603,1.0,15312,87,97794
8,97889,9604,1.0,15313,87,97802
7,97896,9605,1.0,15314,87,97809
4,97900,9605,0.0,15315,87,97813
9,97909,9606,1.0,15316,87,97822
7,97916,9607,1.0,15317,87,97829
6,97922,9608,1.0,15318,87,97835
10,97932,9609,1.0,15319,87,97845
7,97939,9610,1.0,15320,87,97852
6,97945,9611,1.0,15321,87,97858
8,97953,9612,1.0,15322,87,97866
2,97955,9612,0.0,15323,87,97868
8,97963,9613,1.0,15324,87,97876
7,97970,9614,1.0,15325,87,97883
7,97977,9615,1.0,15326,87,97890
6,97983,9616,1.0,15327,87,97896
7,97990,9617,1.0,15328,87,97903
7,97997,9618,1.0,15329,87,97910
4,98001,9618,0.0,15330,87,97914
6,98007,9619,1.0,15331,87,97920
9,98016,9620,1.0,15332,87,97929
6,98022,9620,0.0,15333,87,97935
7,98029,9621,1.0,15334,87,97942
7,98036,9622,1.0,15335,87,97949
6,98042,9623,1.0,15336,87,97955
11,98053,9624,1.0,15337,87,97966
6,98059,9625,1.0,15338,87,97972
12,98071,9626,1.0,15339,87,97984
6,98077,9627,1.0,15340,87,97990
8,98085,9628,1.0,15341,87,97998
7,98092,9629,1.0,15342,87,98005
8,98100,9630,1.0,15343,87,98013
6,98106,9631,1.0,15344,87,98019
6,98112,9632,1.0,15345,87,98025
6,98118,9633,1.0,15346,87,98031
7,98125,9634,1.0,15347,87,98038
7,98132,9635,1.0,15348,87,98045
7,98139,9636,1.0,15349,87,98052
6,98145,9636,0.0,15350,87,98058
3,98148,9636,0.0,15351,87,98061
8,98156,9637,1.0,15352,87,98069
8,98164,9637,0.0,15353,87,98077
6,98170,9638,1.0,15354,87,98083
6,98176,9639,1.0,15355,87,98089
6,98182,9640,1.0,15356,87,98095
6,98188,9641,1.0,15357,87,98101
6,98194,9642,1.0,15358,87,98107
8,98202,9643,1.0,15359,87,98115
6,98208,9644,1.0,15360,87,98121
2,98210,9644,0.0,15361,87,98123
7,98217,9645,1.0,15362,87,98130
12,98229,9646,1.0,15363,87,98142
6,98235,9647,1.0,15364,87,98148
3,98238,9647,0.0,15365,87,98151
7,98245,9648,1.0,15366,87,98158
8,98253,9649,1.0,15367,87,98166
7,98260,9650,1.0,15368,87,98173
6,98266,9651,1.0,15369,87,98179
7,98273,9652,1.0,15370,87,98186
6,98279,9653,1.0,15371,87,98192
9,98288,9654,1.0,15372,87,98201
7,98295,9655,1.0,15373,87,98208
6,98301,9656,1.0,15374,87,98214
6,98307,9656,0.0,15375,87,98220
6,98313,9657,1.0,15376,87,98226
2,98315,9657,0.0,15377,87,98228
4,98319,9657,0.0,15378,87,98232
12,98331,9658,1.0,15379,87,98244
7,98338,9659,1.0,15380,87,98251
7,98345,9660,1.0,15381,87,98258
9,98354,9661,1.0,15382,87,98267
2,98356,9661,0.0,15383,87,98269
6,98362,9662,1.0,15384,87,98275
7,98369,9663,1.0,15385,87,98282
7,98376,9664,1.0,15386,87,98289
10,98386,9665,1.0,15387,87,98299
4,98390,9665,0.0,15388,87,98303
6,98396,9666,1.0,15389,87,98309
6,98402,9667,1.0,15390,87,98315
7,98409,9668,1.0,15391,87,98322
7,98416,9669,1.0,15392,87,98329
9,98425,9670,1.0,15393,87,98338
6,98431,9671,1.0,15394,87,98344
6,98437,9672,1.0,15395,87,98350
4,98441,9672,0.0,15396,87,98354
4,98445,9672,0.0,15397,87,98358
6,98451,9673,1.0,15398,87,98364
6,98457,9674,1.0,15399,87,98370
6,98463,9674,0.0,15400,87,98376
7,98470,9675,1.0,15401,87,98383
6,98476,9676,1.0,15402,87,98389
6,98482,9677,1.0,15403,87,98395
6,98488,9677,0.0,15404,87,98401
8,98496,9678,1.0,15405,87,98409
6,98502,9679,1.0,15406,87,98415
5,98507,9679,0.0,15407,87,98420
7,98514,9680,1.0,15408,87,98427
5,98519,9680,0.0,15409,87,98432
5,98524,9680,0.0,15410,87,98437
3,98527,9680,0.0,15411,87,98440
9,98536,9680,0.0,15412,87,98449
10,98546,9681,1.0,15413,87,98459
8,98554,9682,1.0,15414,87,98467
6,98560,9683,1.0,15415,87,98473
10,98570,9684,1.0,15416,87,98483
7,98577,9685,1.0,15417,87,98490
6,98583,9686,1.0,15418,87,98496
8,98591,9687,1.0,15419,87,98504
14,98605,9688,1.0,15420,87,98518
6,98611,9689,1.0,15421,87,98524
9,98620,9689,0.0,15422,87,98533
10,98630,9690,1.0,15423,87,98543
5,98635,9690,0.0,15424,87,98548
9,98644,9691,1.0,15425,87,98557
2,98646,9691,0.0,15426,87,98559
7,98653,9692,1.0,15427,87,98566
2,98655,9692,0.0,15428,87,98568
11,98666,9693,1.0,15429,87,98579
5,98671,9693,0.0,15430,87,98584
6,98677,9693,0.0,15431,87,98590
7,98684,9694,1.0,15432,87,98597
6,98690,9695,1.0,15433,87,98603
6,98696,9696,1.0,15434,87,98609
6,98702,9697,1.0,15435,87,98615
6,98708,9698,1.0,15436,87,98621
5,98713,9698,0.0,15437,87,98626
6,98719,9699,1.0,15438,87,98632
4,98723,9699,0.0,15439,87,98636
7,98730,9700,1.0,15440,87,98643
12,98742,9701,1.0,15441,87,98655
7,98749,9702,1.0,15442,87,98662
6,98755,9703,1.0,15443,87,98668
4,98759,9703,0.0,15444,87,98672
11,98770,9704,1.0,15445,87,98683
9,98779,9705,1.0,15446,87,98692
6,98785,9706,1.0,15447,87,98698
2,98787,9706,0.0,15448,87,98700
6,98793,9707,1.0,15449,87,98706
6,98799,9708,1.0,15450,87,98712
6,98805,9709,1.0,15451,87,98718
8,98813,9710,1.0,15452,87,98726
2,98815,9710,0.0,15453,87,98728
6,98821,9710,0.0,15454,87,98734
6,98827,9710,0.0,15455,87,98740
12,98839,9711,1.0,15456,87,98752
9,98848,9712,1.0,15457,87,98761
11,98859,9713,1.0,15458,87,98772
4,98863,9713,0.0,15459,87,98776
2,98865,9713,0.0,15460,87,98778
6,98871,9714,1.0,15461,87,98784
6,98877,9715,1.0,15462,87,98790
9,98886,9716,1.0,15463,87,98799
7,98893,9717,1.0,15464,87,98806
6,98899,9718,1.0,15465,87,98812
6,98905,9719,1.0,15466,87,98818
8,98913,9720,1.0,15467,87,98826
6,98919,9721,1.0,15468,87,98832
6,98925,9721,0.0,15469,87,98838
6,98931,9722,1.0,15470,87,98844
4,98935,9722,0.0,15471,87,98848
4,98939,9722,0.0,15472,87,98852
8,98947,9723,1.0,15473,87,98860
4,98951,9723,0.0,15474,87,98864
9,98960,9724,1.0,15475,87,98873
6,98966,9725,1.0,15476,87,98879
6,98972,9725,0.0,15477,87,98885
9,98981,9726,1.0,15478,87,98894
6,98987,9727,1.0,15479,87,98900
6,98993,9727,0.0,15480,87,98906
8,99001,9728,1.0,15481,87,98914
3,99004,9728,0.0,15482,87,98917
6,99010,9729,1.0,15483,87,98923
5,99015,9729,0.0,15484,87,98928
6,99021,9730,1.0,15485,87,98934
6,99027,9731,1.0,15486,87,98940
7,99034,9732,1.0,15487,87,98947
4,99038,9732,0.0,15488,87,98951
6,99044,9733,1.0,15489,87,98957
6,99050,9734,1.0,15490,87,98963
10,99060,9735,1.0,15491,87,98973
7,99067,9736,1.0,15492,87,98980
6,99073,9737,1.0,15493,87,98986
7,99080,9738,1.0,15494,87,98993
6,99086,9739,1.0,15495,87,98999
9,99095,9740,1.0,15496,87,99008
4,99099,9740,0.0,15497,87,99012
6,99105,9740,0.0,15498,87,99018
6,99111,9741,1.0,15499,87,99024
7,99118,9741,0.0,15500,87,99031
7,99125,9742,1.0,15501,87,99038
8,99133,9743,1.0,15502,87,99046
5,99138,9743,0.0,15503,87,99051
4,99142,9743,0.0,15504,87,99055
10,99152,9744,1.0,15505,87,99065
7,99159,9744,0.0,15506,87,99072
7,99166,9745,1.0,15507,87,99079
6,99172,9746,1.0,15508,87,99085
6,99178,9747,1.0,15509,87,99091
6,99184,9748,1.0,15510,87,99097
6,99190,9749,1.0,15511,87,99103
4,99194,9749,0.0,15512,87,99107
6,99200,9750,1.0,15513,87,99113
4,99204,9750,0.0,15514,87,99117
4,99208,9750,0.0,15515,87,99121
11,99219,9751,1.0,15516,87,99132
5,99224,9751,0.0,15517,87,99137
10,99234,9752,1.0,15518,87,99147
9,99243,9753,1.0,15519,87,99156
6,99249,9754,1.0,15520,87,99162
7,99256,9755,1.0,15521,87,99169
6,99262,9756,1.0,15522,87,99175
6,99268,9757,1.0,15523,87,99181
4,99272,9757,0.0,15524,87,99185
6,99278,9758,1.0,15525,87,99191
6,99284,9759,1.0,15526,87,99197
12,99296,9760,1.0,15527,87,99209
6,99302,9761,1.0,15528,87,99215
10,99312,9762,1.0,15529,87,99225
6,99318,9762,0.0,15530,87,99231
8,99326,9763,1.0,15531,87,99239
6,99332,9764,1.0,15532,87,99245
9,99341,9765,1.0,15533,87,99254
8,99349,9766,1.0,15534,87,99262
8,99357,9767,1.0,15535,87,99270
6,99363,9767,0.0,15536,87,99276
7,99370,9767,0.0,15537,87,99283
6,99376,9768,1.0,15538,87,99289
7,99383,9769,1.0,15539,87,99296
8,99391,9770,1.0,15540,87,99304
2,99393,9770,0.0,15541,87,99306
7,99400,9771,1.0,15542,87,99313
7,99407,9772,1.0,15543,87,99320
2,99409,9772,0.0,15544,87,99322
6,99415,9773,1.0,15545,87,99328
6,99421,9773,0.0,15546,87,99334
6,99427,9774,1.0,15547,87,99340
2,99429,9774,0.0,15548,87,99342
8,99437,9775,1.0,15549,87,99350
6,99443,9776,1.0,15550,87,99356
4,99447,9776,0.0,15551,87,99360
2,99449,9776,0.0,15552,87,99362
9,99458,9777,1.0,15553,87,99371
8,99466,9778,1.0,15554,87,99379
7,99473,9779,1.0,15555,87,99386
6,99479,9780,1.0,15556,87,99392
8,99487,9781,1.0,15557,87,99400
6,99493,9782,1.0,15558,87,99406
4,99497,9782,0.0,15559,87,99410
6,99503,9783,1.0,15560,87,99416
7,99510,9784,1.0,15561,87,99423
4,99514,9784,0.0,15562,87,99427
10,99524,9785,1.0,15563,87,99437
7,99531,9786,1.0,15564,87,99444
8,99539,9787,1.0,15565,87,99452
6,99545,9788,1.0,15566,87,99458
6,99551,9789,1.0,15567,87,99464
6,99557,9790,1.0,15568,87,99470
10,99567,9791,1.0,15569,87,99480
8,99575,9792,1.0,15570,87,99488
6,99581,9793,1.0,15571,87,99494
6,99587,9794,1.0,15572,87,99500
6,99593,9795,1.0,15573,87,99506
2,99595,9795,0.0,15574,87,99508
11,99606,9796,1.0,15575,87,99519
9,99615,9797,1.0,15576,87,99528
4,99619,9797,0.0,15577,87,99532
7,99626,9798,1.0,15578,87,99539
7,99633,9799,1.0,15579,87,99546
6,99639,9800,1.0,15580,87,99552
2,99641,9800,0.0,15581,87,99554
7,99648,9800,0.0,15582,87,99561
6,99654,9801,1.0,15583,87,99567
4,99658,9801,0.0,15584,87,99571
7,99665,9802,1.0,15585,87,99578
8,99673,9803,1.0,15586,87,99586
5,99678,9803,0.0,15587,87,99591
6,99684,9804,1.0,15588,87,99597
9,99693,9805,1.0,15589,87,99606
6,99699,9805,0.0,15590,87,99612
6,99705,9806,1.0,15591,87,99618
6,99711,9807,1.0,15592,87,99624
6,99717,9808,1.0,15593,87,99630
9,99726,9809,1.0,15594,87,99639
2,99728,9809,0.0,15595,87,99641
4,99732,9809,0.0,15596,87,99645
7,99739,9810,1.0,15597,87,99652
6,99745,9811,1.0,15598,87,99658
6,99751,9812,1.0,15599,87,99664
8,99759,9813,1.0,15600,87,99672
7,99766,9814,1.0,15601,87,99679
6,99772,9815,1.0,15602,87,99685
6,99778,9816,1.0,15603,87,99691
8,99786,9817,1.0,15604,87,99699
3,99789,9817,0.0,15605,87,99702
6,99795,9818,1.0,15606,87,99708
6,99801,9819,1.0,15607,87,99714
2,99803,9819,0.0,15608,87,99716
6,99809,9820,1.0,15609,87,99722
7,99816,9820,0.0,15610,87,99729
6,99822,9821,1.0,15611,87,99735
6,99828,9822,1.0,15612,87,99741
8,99836,9823,1.0,15613,87,99749
5,99841,9823,0.0,15614,87,99754
7,99848,9824,1.0,15615,87,99761
7,99855,9825,1.0,15616,87,99768
3,99858,9825,0.0,15617,87,99771
10,99868,9826,1.0,15618,87,99781
4,99872,9826,0.0,15619,87,99785
6,99878,9826,0.0,15620,87,99791
8,99886,9827,1.0,15621,87,99799
12,99898,9827,0.0,15622,87,99811
11,99909,9828,1.0,15623,87,99822
9,99918,9829,1.0,15624,87,99831
2,99920,9829,0.0,15625,87,99833
6,99926,9830,1.0,15626,87,99839
6,99932,9831,1.0,15627,87,99845
6,99938,9832,1.0,15628,87,99851
4,99942,9832,0.0,15629,87,99855
3,99945,9832,0.0,15630,87,99858
8,99953,9833,1.0,15631,87,99866
6,99959,9834,1.0,15632,87,99872
7,99966,9835,1.0,15633,87,99879
2,99968,9835,0.0,15634,87,99881
7,99975,9835,0.0,15635,87,99888
6,99981,9836,1.0,15636,87,99894
6,99987,9837,1.0,15637,87,99900
2,99989,9837,0.0,15638,87,99902
