iteration,successes,successes_episode,reward_episode,episode_count,random_act,timestep
22,22,0,0.0,1,12,10
5,27,0,0.0,2,17,10
7,34,0,0.0,3,22,12
3,37,0,0.0,4,25,12
7,44,0,0.0,5,29,15
4,48,0,0.0,6,32,16
3,51,0,0.0,7,32,19
4,55,0,0.0,8,36,19
11,66,0,0.0,9,43,23
8,74,0,0.0,10,49,25
20,94,0,0.0,11,64,30
2,96,0,0.0,12,66,30
5,101,0,0.0,13,71,30
3,104,0,0.0,14,72,32
3,107,0,0.0,15,75,32
7,114,0,0.0,16,82,32
6,120,0,0.0,17,85,35
17,137,1,1.0,18,97,40
5,142,1,0.0,19,98,44
7,149,1,0.0,20,98,51
4,153,1,0.0,21,99,54
5,158,1,0.0,22,100,58
7,165,1,0.0,23,100,65
2,167,1,0.0,24,100,67
2,169,1,0.0,25,100,69
21,190,1,0.0,26,102,88
9,199,1,0.0,27,105,94
4,203,1,0.0,28,106,97
14,217,1,0.0,29,106,111
12,229,1,0.0,30,107,122
6,235,1,0.0,31,107,128
13,248,1,0.0,32,108,140
16,264,1,0.0,33,109,155
7,271,1,0.0,34,110,161
14,285,1,0.0,35,113,172
11,296,1,0.0,36,114,182
4,300,1,0.0,37,114,186
11,311,1,0.0,38,114,197
3,314,1,0.0,39,114,200
23,337,1,0.0,40,117,220
10,347,1,0.0,41,118,229
7,354,1,0.0,42,118,236
3,357,1,0.0,43,118,239
14,371,1,0.0,44,119,252
2,373,1,0.0,45,119,254
7,380,1,0.0,46,120,260
6,386,1,0.0,47,122,264
2,388,1,0.0,48,122,266
10,398,1,0.0,49,122,276
5,403,1,0.0,50,123,280
16,419,1,0.0,51,123,296
5,424,1,0.0,52,123,301
5,429,1,0.0,53,123,306
2,431,1,0.0,54,123,308
13,444,1,0.0,55,125,319
17,461,1,0.0,56,126,335
8,469,1,0.0,57,127,342
9,478,1,0.0,58,128,350
4,482,1,0.0,59,129,353
7,489,1,0.0,60,130,359
5,494,1,0.0,61,131,363
3,497,1,0.0,62,131,366
11,508,1,0.0,63,131,377
7,515,2,1.0,64,132,383
9,524,2,0.0,65,132,392
4,528,2,0.0,66,132,396
4,532,2,0.0,67,132,400
27,559,3,1.0,68,132,427
22,581,3,0.0,69,132,449
10,591,3,0.0,70,132,459
2,593,3,0.0,71,132,461
14,607,3,0.0,72,132,475
11,618,3,0.0,73,132,486
14,632,3,0.0,74,132,500
6,638,3,0.0,75,132,506
9,647,3,0.0,76,132,515
10,657,3,0.0,77,132,525
18,675,3,0.0,78,132,543
4,679,3,0.0,79,132,547
17,696,3,0.0,80,133,563
11,707,3,0.0,81,133,574
5,712,3,0.0,82,133,579
5,717,3,0.0,83,133,584
2,719,3,0.0,84,133,586
7,726,3,0.0,85,133,593
8,734,3,0.0,86,133,601
20,754,3,0.0,87,133,621
8,762,3,0.0,88,134,628
10,772,3,0.0,89,134,638
5,777,3,0.0,90,134,643
15,792,3,0.0,91,134,658
14,806,3,0.0,92,134,672
4,810,3,0.0,93,134,676
16,826,3,0.0,94,134,692
12,838,3,0.0,95,134,704
7,845,3,0.0,96,134,711
8,853,3,0.0,97,134,719
2,855,3,0.0,98,134,721
4,859,3,0.0,99,134,725
7,866,3,0.0,100,134,732
3,869,3,0.0,101,134,735
2,871,3,0.0,102,134,737
30,901,3,0.0,103,134,767
2,903,3,0.0,104,134,769
3,906,3,0.0,105,134,772
2,908,3,0.0,106,134,774
9,917,3,0.0,107,134,783
5,922,3,0.0,108,135,787
6,928,3,0.0,109,135,793
5,933,3,0.0,110,135,798
7,940,3,0.0,111,135,805
6,946,3,0.0,112,135,811
6,952,3,0.0,113,135,817
4,956,3,0.0,114,135,821
9,965,3,0.0,115,135,830
3,968,3,0.0,116,135,833
18,986,3,0.0,117,135,851
8,994,3,0.0,118,135,859
4,998,3,0.0,119,135,863
12,1010,3,0.0,120,135,875
16,1026,3,0.0,121,135,891
5,1031,3,0.0,122,135,896
3,1034,3,0.0,123,135,899
15,1049,3,0.0,124,135,914
6,1055,3,0.0,125,136,919
15,1070,3,0.0,126,136,934
4,1074,3,0.0,127,136,938
8,1082,3,0.0,128,137,945
4,1086,3,0.0,129,137,949
14,1100,3,0.0,130,137,963
2,1102,3,0.0,131,137,965
14,1116,3,0.0,132,137,979
17,1133,3,0.0,133,137,996
13,1146,3,0.0,134,137,1009
2,1148,3,0.0,135,137,1011
10,1158,3,0.0,136,137,1021
27,1185,3,0.0,137,137,1048
6,1191,3,0.0,138,137,1054
10,1201,3,0.0,139,137,1064
5,1206,3,0.0,140,138,1068
5,1211,3,0.0,141,138,1073
7,1218,3,0.0,142,138,1080
6,1224,3,0.0,143,138,1086
7,1231,3,0.0,144,138,1093
3,1234,3,0.0,145,138,1096
15,1249,3,0.0,146,138,1111
21,1270,3,0.0,147,139,1131
4,1274,3,0.0,148,139,1135
12,1286,3,0.0,149,139,1147
9,1295,3,0.0,150,139,1156
6,1301,3,0.0,151,139,1162
7,1308,3,0.0,152,140,1168
4,1312,3,0.0,153,140,1172
9,1321,3,0.0,154,140,1181
13,1334,3,0.0,155,140,1194
3,1337,3,0.0,156,140,1197
5,1342,3,0.0,157,140,1202
12,1354,3,0.0,158,140,1214
3,1357,3,0.0,159,140,1217
5,1362,3,0.0,160,140,1222
13,1375,3,0.0,161,140,1235
7,1382,3,0.0,162,140,1242
3,1385,3,0.0,163,140,1245
5,1390,3,0.0,164,140,1250
8,1398,3,0.0,165,140,1258
3,1401,3,0.0,166,140,1261
2,1403,3,0.0,167,140,1263
13,1416,3,0.0,168,140,1276
15,1431,3,0.0,169,140,1291
7,1438,3,0.0,170,140,1298
6,1444,3,0.0,171,140,1304
17,1461,4,1.0,172,140,1321
23,1484,4,0.0,173,140,1344
7,1491,4,0.0,174,140,1351
6,1497,4,0.0,175,140,1357
8,1505,5,1.0,176,140,1365
12,1517,5,0.0,177,140,1377
9,1526,5,0.0,178,140,1386
6,1532,5,0.0,179,140,1392
6,1538,5,0.0,180,140,1398
7,1545,5,0.0,181,140,1405
15,1560,5,0.0,182,140,1420
3,1563,5,0.0,183,140,1423
2,1565,5,0.0,184,140,1425
5,1570,5,0.0,185,140,1430
9,1579,5,0.0,186,140,1439
8,1587,5,0.0,187,140,1447
8,1595,5,0.0,188,140,1455
17,1612,5,0.0,189,140,1472
16,1628,5,0.0,190,140,1488
5,1633,5,0.0,191,140,1493
16,1649,5,0.0,192,140,1509
9,1658,5,0.0,193,140,1518
6,1664,5,0.0,194,140,1524
11,1675,5,0.0,195,140,1535
2,1677,5,0.0,196,140,1537
13,1690,5,0.0,197,140,1550
4,1694,5,0.0,198,140,1554
3,1697,5,0.0,199,140,1557
15,1712,5,0.0,200,140,1572
11,1723,5,0.0,201,140,1583
2,1725,5,0.0,202,140,1585
3,1728,5,0.0,203,140,1588
2,1730,5,0.0,204,140,1590
3,1733,5,0.0,205,140,1593
10,1743,5,0.0,206,140,1603
8,1751,5,0.0,207,140,1611
2,1753,5,0.0,208,140,1613
10,1763,5,0.0,209,140,1623
7,1770,5,0.0,210,140,1630
7,1777,5,0.0,211,140,1637
2,1779,5,0.0,212,140,1639
4,1783,5,0.0,213,140,1643
5,1788,5,0.0,214,140,1648
4,1792,5,0.0,215,140,1652
2,1794,5,0.0,216,140,1654
6,1800,5,0.0,217,140,1660
3,1803,5,0.0,218,140,1663
9,1812,5,0.0,219,140,1672
16,1828,5,0.0,220,140,1688
23,1851,5,0.0,221,140,1711
9,1860,5,0.0,222,140,1720
11,1871,5,0.0,223,140,1731
11,1882,5,0.0,224,140,1742
11,1893,5,0.0,225,140,1753
13,1906,5,0.0,226,140,1766
15,1921,5,0.0,227,140,1781
5,1926,5,0.0,228,140,1786
17,1943,5,0.0,229,140,1803
7,1950,5,0.0,230,140,1810
11,1961,5,0.0,231,140,1821
17,1978,5,0.0,232,140,1838
6,1984,5,0.0,233,140,1844
6,1990,5,0.0,234,140,1850
16,2006,5,0.0,235,140,1866
9,2015,5,0.0,236,140,1875
10,2025,5,0.0,237,140,1885
7,2032,5,0.0,238,140,1892
10,2042,5,0.0,239,140,1902
2,2044,5,0.0,240,140,1904
17,2061,5,0.0,241,140,1921
5,2066,5,0.0,242,140,1926
8,2074,6,1.0,243,140,1934
10,2084,6,0.0,244,140,1944
3,2087,6,0.0,245,140,1947
14,2101,6,0.0,246,140,1961
2,2103,6,0.0,247,140,1963
8,2111,6,0.0,248,140,1971
12,2123,6,0.0,249,140,1983
8,2131,6,0.0,250,140,1991
16,2147,6,0.0,251,140,2007
4,2151,6,0.0,252,140,2011
15,2166,6,0.0,253,140,2026
4,2170,6,0.0,254,140,2030
10,2180,6,0.0,255,140,2040
13,2193,6,0.0,256,140,2053
20,2213,6,0.0,257,140,2073
21,2234,6,0.0,258,140,2094
2,2236,6,0.0,259,140,2096
2,2238,6,0.0,260,140,2098
4,2242,6,0.0,261,140,2102
2,2244,6,0.0,262,140,2104
5,2249,6,0.0,263,140,2109
2,2251,6,0.0,264,140,2111
10,2261,6,0.0,265,140,2121
2,2263,6,0.0,266,140,2123
9,2272,6,0.0,267,141,2131
8,2280,6,0.0,268,141,2139
6,2286,6,0.0,269,141,2145
12,2298,6,0.0,270,141,2157
2,2300,6,0.0,271,141,2159
6,2306,6,0.0,272,141,2165
6,2312,6,0.0,273,141,2171
4,2316,6,0.0,274,141,2175
2,2318,6,0.0,275,141,2177
5,2323,6,0.0,276,141,2182
18,2341,6,0.0,277,141,2200
8,2349,6,0.0,278,141,2208
19,2368,7,1.0,279,141,2227
11,2379,7,0.0,280,141,2238
15,2394,7,0.0,281,141,2253
12,2406,7,0.0,282,141,2265
3,2409,7,0.0,283,141,2268
5,2414,7,0.0,284,141,2273
4,2418,7,0.0,285,141,2277
5,2423,7,0.0,286,141,2282
2,2425,7,0.0,287,141,2284
5,2430,7,0.0,288,141,2289
9,2439,7,0.0,289,141,2298
6,2445,7,0.0,290,141,2304
6,2451,7,0.0,291,141,2310
18,2469,7,0.0,292,141,2328
16,2485,7,0.0,293,141,2344
8,2493,7,0.0,294,141,2352
6,2499,7,0.0,295,141,2358
4,2503,7,0.0,296,141,2362
14,2517,7,0.0,297,141,2376
11,2528,7,0.0,298,141,2387
2,2530,7,0.0,299,141,2389
8,2538,7,0.0,300,141,2397
5,2543,7,0.0,301,141,2402
4,2547,7,0.0,302,141,2406
10,2557,7,0.0,303,141,2416
5,2562,7,0.0,304,141,2421
4,2566,7,0.0,305,141,2425
29,2595,7,0.0,306,141,2454
6,2601,7,0.0,307,141,2460
2,2603,7,0.0,308,141,2462
15,2618,7,0.0,309,141,2477
3,2621,7,0.0,310,141,2480
11,2632,7,0.0,311,141,2491
13,2645,7,0.0,312,141,2504
9,2654,7,0.0,313,141,2513
2,2656,7,0.0,314,141,2515
27,2683,7,0.0,315,141,2542
10,2693,7,0.0,316,141,2552
4,2697,7,0.0,317,141,2556
4,2701,7,0.0,318,141,2560
3,2704,7,0.0,319,141,2563
5,2709,7,0.0,320,141,2568
3,2712,7,0.0,321,141,2571
5,2717,7,0.0,322,141,2576
9,2726,7,0.0,323,141,2585
3,2729,7,0.0,324,141,2588
11,2740,7,0.0,325,141,2599
10,2750,7,0.0,326,141,2609
13,2763,7,0.0,327,141,2622
3,2766,7,0.0,328,141,2625
8,2774,7,0.0,329,141,2633
8,2782,7,0.0,330,141,2641
6,2788,7,0.0,331,141,2647
9,2797,7,0.0,332,141,2656
4,2801,7,0.0,333,141,2660
17,2818,8,1.0,334,141,2677
10,2828,8,0.0,335,141,2687
5,2833,8,0.0,336,141,2692
13,2846,8,0.0,337,141,2705
3,2849,8,0.0,338,141,2708
4,2853,8,0.0,339,141,2712
26,2879,8,0.0,340,141,2738
13,2892,8,0.0,341,141,2751
10,2902,8,0.0,342,141,2761
3,2905,8,0.0,343,141,2764
9,2914,8,0.0,344,141,2773
6,2920,8,0.0,345,141,2779
3,2923,8,0.0,346,141,2782
18,2941,8,0.0,347,141,2800
2,2943,8,0.0,348,141,2802
14,2957,8,0.0,349,141,2816
5,2962,8,0.0,350,141,2821
4,2966,8,0.0,351,141,2825
3,2969,8,0.0,352,141,2828
8,2977,8,0.0,353,141,2836
9,2986,8,0.0,354,141,2845
3,2989,8,0.0,355,141,2848
9,2998,8,0.0,356,141,2857
4,3002,8,0.0,357,141,2861
2,3004,8,0.0,358,141,2863
9,3013,8,0.0,359,141,2872
6,3019,8,0.0,360,141,2878
3,3022,8,0.0,361,141,2881
4,3026,8,0.0,362,141,2885
3,3029,8,0.0,363,141,2888
11,3040,8,0.0,364,141,2899
24,3064,8,0.0,365,141,2923
3,3067,8,0.0,366,141,2926
4,3071,8,0.0,367,141,2930
25,3096,8,0.0,368,141,2955
10,3106,8,0.0,369,141,2965
7,3113,8,0.0,370,141,2972
6,3119,8,0.0,371,141,2978
19,3138,8,0.0,372,141,2997
19,3157,8,0.0,373,141,3016
6,3163,8,0.0,374,141,3022
8,3171,9,1.0,375,141,3030
12,3183,9,0.0,376,141,3042
3,3186,9,0.0,377,141,3045
9,3195,9,0.0,378,141,3054
7,3202,9,0.0,379,141,3061
2,3204,9,0.0,380,141,3063
7,3211,9,0.0,381,141,3070
9,3220,9,0.0,382,141,3079
6,3226,9,0.0,383,141,3085
7,3233,9,0.0,384,141,3092
14,3247,9,0.0,385,141,3106
2,3249,9,0.0,386,141,3108
7,3256,9,0.0,387,141,3115
4,3260,9,0.0,388,141,3119
4,3264,9,0.0,389,141,3123
9,3273,9,0.0,390,141,3132
5,3278,9,0.0,391,141,3137
13,3291,9,0.0,392,141,3150
12,3303,9,0.0,393,141,3162
2,3305,9,0.0,394,141,3164
8,3313,9,0.0,395,141,3172
10,3323,9,0.0,396,141,3182
18,3341,9,0.0,397,141,3200
11,3352,9,0.0,398,141,3211
3,3355,9,0.0,399,141,3214
2,3357,9,0.0,400,141,3216
2,3359,9,0.0,401,141,3218
8,3367,9,0.0,402,141,3226
3,3370,9,0.0,403,141,3229
12,3382,9,0.0,404,141,3241
2,3384,9,0.0,405,141,3243
18,3402,9,0.0,406,141,3261
8,3410,9,0.0,407,141,3269
22,3432,9,0.0,408,141,3291
3,3435,9,0.0,409,141,3294
21,3456,9,0.0,410,141,3315
6,3462,9,0.0,411,141,3321
18,3480,9,0.0,412,141,3339
2,3482,9,0.0,413,141,3341
13,3495,9,0.0,414,141,3354
9,3504,9,0.0,415,141,3363
8,3512,9,0.0,416,141,3371
2,3514,9,0.0,417,141,3373
5,3519,9,0.0,418,141,3378
8,3527,10,1.0,419,141,3386
2,3529,10,0.0,420,141,3388
8,3537,10,0.0,421,141,3396
9,3546,10,0.0,422,141,3405
4,3550,10,0.0,423,141,3409
3,3553,10,0.0,424,141,3412
13,3566,10,0.0,425,141,3425
14,3580,10,0.0,426,141,3439
6,3586,10,0.0,427,141,3445
6,3592,10,0.0,428,141,3451
2,3594,10,0.0,429,141,3453
2,3596,10,0.0,430,141,3455
28,3624,10,0.0,431,141,3483
8,3632,10,0.0,432,141,3491
3,3635,10,0.0,433,141,3494
3,3638,10,0.0,434,141,3497
16,3654,10,0.0,435,141,3513
8,3662,10,0.0,436,141,3521
20,3682,10,0.0,437,141,3541
14,3696,10,0.0,438,141,3555
8,3704,10,0.0,439,141,3563
4,3708,10,0.0,440,141,3567
13,3721,10,0.0,441,141,3580
12,3733,10,0.0,442,141,3592
2,3735,10,0.0,443,141,3594
3,3738,10,0.0,444,141,3597
11,3749,10,0.0,445,141,3608
18,3767,10,0.0,446,141,3626
7,3774,10,0.0,447,141,3633
11,3785,10,0.0,448,141,3644
10,3795,10,0.0,449,141,3654
4,3799,10,0.0,450,141,3658
40,3839,10,0.0,451,141,3698
7,3846,10,0.0,452,141,3705
7,3853,10,0.0,453,141,3712
8,3861,11,1.0,454,141,3720
5,3866,11,0.0,455,141,3725
9,3875,11,0.0,456,141,3734
6,3881,11,0.0,457,141,3740
15,3896,11,0.0,458,141,3755
3,3899,11,0.0,459,141,3758
18,3917,11,0.0,460,141,3776
2,3919,11,0.0,461,141,3778
4,3923,11,0.0,462,141,3782
21,3944,11,0.0,463,141,3803
3,3947,11,0.0,464,141,3806
4,3951,11,0.0,465,141,3810
14,3965,11,0.0,466,141,3824
17,3982,12,1.0,467,141,3841
4,3986,12,0.0,468,141,3845
9,3995,12,0.0,469,141,3854
5,4000,12,0.0,470,141,3859
3,4003,12,0.0,471,141,3862
7,4010,12,0.0,472,141,3869
7,4017,12,0.0,473,141,3876
8,4025,13,1.0,474,141,3884
11,4036,13,0.0,475,141,3895
9,4045,13,0.0,476,141,3904
22,4067,13,0.0,477,141,3926
25,4092,13,0.0,478,141,3951
11,4103,13,0.0,479,141,3962
6,4109,13,0.0,480,141,3968
11,4120,13,0.0,481,141,3979
13,4133,13,0.0,482,141,3992
4,4137,13,0.0,483,141,3996
3,4140,13,0.0,484,141,3999
7,4147,13,0.0,485,141,4006
7,4154,13,0.0,486,141,4013
10,4164,13,0.0,487,141,4023
3,4167,13,0.0,488,141,4026
2,4169,13,0.0,489,141,4028
2,4171,13,0.0,490,141,4030
6,4177,13,0.0,491,141,4036
2,4179,13,0.0,492,141,4038
6,4185,13,0.0,493,141,4044
5,4190,13,0.0,494,141,4049
7,4197,13,0.0,495,141,4056
2,4199,13,0.0,496,141,4058
6,4205,13,0.0,497,141,4064
7,4212,13,0.0,498,141,4071
10,4222,13,0.0,499,141,4081
22,4244,13,0.0,500,141,4103
3,4247,13,0.0,501,141,4106
8,4255,14,1.0,502,141,4114
9,4264,14,0.0,503,141,4123
9,4273,14,0.0,504,141,4132
8,4281,15,1.0,505,141,4140
7,4288,15,0.0,506,141,4147
33,4321,15,0.0,507,141,4180
2,4323,15,0.0,508,141,4182
3,4326,15,0.0,509,141,4185
17,4343,15,0.0,510,141,4202
5,4348,15,0.0,511,141,4207
6,4354,15,0.0,512,141,4213
2,4356,15,0.0,513,141,4215
7,4363,15,0.0,514,141,4222
15,4378,15,0.0,515,141,4237
3,4381,15,0.0,516,141,4240
8,4389,15,0.0,517,141,4248
5,4394,15,0.0,518,141,4253
3,4397,15,0.0,519,141,4256
8,4405,15,0.0,520,141,4264
3,4408,15,0.0,521,141,4267
6,4414,15,0.0,522,141,4273
6,4420,15,0.0,523,141,4279
11,4431,15,0.0,524,141,4290
7,4438,15,0.0,525,141,4297
30,4468,15,0.0,526,141,4327
19,4487,15,0.0,527,141,4346
7,4494,15,0.0,528,141,4353
20,4514,15,0.0,529,141,4373
7,4521,16,1.0,530,141,4380
9,4530,16,0.0,531,141,4389
13,4543,16,0.0,532,141,4402
2,4545,16,0.0,533,141,4404
4,4549,16,0.0,534,141,4408
9,4558,16,0.0,535,141,4417
9,4567,16,0.0,536,141,4426
8,4575,16,0.0,537,141,4434
3,4578,16,0.0,538,141,4437
13,4591,16,0.0,539,141,4450
3,4594,16,0.0,540,141,4453
6,4600,16,0.0,541,141,4459
9,4609,16,0.0,542,141,4468
5,4614,16,0.0,543,141,4473
7,4621,16,0.0,544,141,4480
2,4623,16,0.0,545,141,4482
12,4635,16,0.0,546,141,4494
4,4639,16,0.0,547,141,4498
3,4642,16,0.0,548,141,4501
6,4648,16,0.0,549,141,4507
2,4650,16,0.0,550,141,4509
13,4663,16,0.0,551,141,4522
13,4676,16,0.0,552,141,4535
11,4687,16,0.0,553,141,4546
11,4698,16,0.0,554,141,4557
4,4702,16,0.0,555,141,4561
2,4704,16,0.0,556,141,4563
7,4711,16,0.0,557,141,4570
7,4718,16,0.0,558,141,4577
3,4721,16,0.0,559,141,4580
9,4730,16,0.0,560,141,4589
6,4736,16,0.0,561,141,4595
26,4762,16,0.0,562,141,4621
18,4780,16,0.0,563,141,4639
9,4789,16,0.0,564,141,4648
9,4798,16,0.0,565,141,4657
5,4803,16,0.0,566,141,4662
15,4818,16,0.0,567,141,4677
28,4846,16,0.0,568,141,4705
2,4848,16,0.0,569,141,4707
10,4858,16,0.0,570,141,4717
15,4873,16,0.0,571,141,4732
2,4875,16,0.0,572,141,4734
30,4905,16,0.0,573,141,4764
2,4907,16,0.0,574,141,4766
10,4917,16,0.0,575,141,4776
8,4925,16,0.0,576,141,4784
8,4933,17,1.0,577,141,4792
16,4949,17,0.0,578,141,4808
2,4951,17,0.0,579,141,4810
2,4953,17,0.0,580,141,4812
9,4962,17,0.0,581,141,4821
9,4971,17,0.0,582,141,4830
11,4982,17,0.0,583,141,4841
12,4994,17,0.0,584,141,4853
8,5002,18,1.0,585,141,4861
16,5018,18,0.0,586,141,4877
4,5022,18,0.0,587,141,4881
3,5025,18,0.0,588,141,4884
10,5035,18,0.0,589,141,4894
5,5040,18,0.0,590,141,4899
3,5043,18,0.0,591,141,4902
8,5051,18,0.0,592,141,4910
2,5053,18,0.0,593,141,4912
12,5065,18,0.0,594,141,4924
4,5069,18,0.0,595,141,4928
27,5096,18,0.0,596,141,4955
13,5109,18,0.0,597,141,4968
8,5117,18,0.0,598,141,4976
9,5126,18,0.0,599,141,4985
4,5130,18,0.0,600,141,4989
8,5138,19,1.0,601,141,4997
10,5148,19,0.0,602,141,5007
7,5155,19,0.0,603,141,5014
11,5166,19,0.0,604,141,5025
7,5173,19,0.0,605,141,5032
11,5184,19,0.0,606,141,5043
5,5189,19,0.0,607,141,5048
3,5192,19,0.0,608,141,5051
9,5201,19,0.0,609,141,5060
12,5213,19,0.0,610,141,5072
5,5218,19,0.0,611,141,5077
15,5233,19,0.0,612,141,5092
13,5246,19,0.0,613,141,5105
22,5268,19,0.0,614,141,5127
3,5271,19,0.0,615,141,5130
6,5277,19,0.0,616,141,5136
12,5289,19,0.0,617,141,5148
17,5306,19,0.0,618,141,5165
4,5310,19,0.0,619,141,5169
4,5314,19,0.0,620,141,5173
3,5317,19,0.0,621,141,5176
3,5320,19,0.0,622,141,5179
2,5322,19,0.0,623,141,5181
3,5325,19,0.0,624,141,5184
9,5334,19,0.0,625,141,5193
3,5337,19,0.0,626,141,5196
18,5355,19,0.0,627,141,5214
10,5365,19,0.0,628,141,5224
2,5367,19,0.0,629,141,5226
8,5375,20,1.0,630,141,5234
4,5379,20,0.0,631,141,5238
6,5385,20,0.0,632,141,5244
10,5395,20,0.0,633,141,5254
4,5399,20,0.0,634,141,5258
7,5406,20,0.0,635,141,5265
9,5415,20,0.0,636,141,5274
13,5428,20,0.0,637,141,5287
4,5432,20,0.0,638,141,5291
5,5437,20,0.0,639,141,5296
8,5445,20,0.0,640,141,5304
2,5447,20,0.0,641,141,5306
9,5456,20,0.0,642,141,5315
9,5465,20,0.0,643,141,5324
12,5477,20,0.0,644,141,5336
18,5495,20,0.0,645,141,5354
2,5497,20,0.0,646,141,5356
5,5502,20,0.0,647,141,5361
3,5505,20,0.0,648,141,5364
8,5513,20,0.0,649,141,5372
8,5521,20,0.0,650,141,5380
8,5529,21,1.0,651,141,5388
10,5539,21,0.0,652,141,5398
4,5543,21,0.0,653,141,5402
7,5550,21,0.0,654,141,5409
7,5557,21,0.0,655,141,5416
4,5561,21,0.0,656,141,5420
3,5564,21,0.0,657,141,5423
8,5572,21,0.0,658,141,5431
6,5578,21,0.0,659,141,5437
3,5581,21,0.0,660,141,5440
3,5584,21,0.0,661,141,5443
8,5592,22,1.0,662,141,5451
2,5594,22,0.0,663,141,5453
4,5598,22,0.0,664,141,5457
13,5611,22,0.0,665,141,5470
8,5619,23,1.0,666,141,5478
3,5622,23,0.0,667,141,5481
9,5631,23,0.0,668,141,5490
7,5638,23,0.0,669,141,5497
4,5642,23,0.0,670,141,5501
7,5649,23,0.0,671,141,5508
8,5657,24,1.0,672,141,5516
9,5666,24,0.0,673,141,5525
5,5671,24,0.0,674,141,5530
4,5675,24,0.0,675,141,5534
3,5678,24,0.0,676,141,5537
10,5688,24,0.0,677,141,5547
11,5699,24,0.0,678,141,5558
2,5701,24,0.0,679,141,5560
8,5709,24,0.0,680,141,5568
6,5715,24,0.0,681,141,5574
7,5722,24,0.0,682,141,5581
5,5727,24,0.0,683,141,5586
3,5730,24,0.0,684,141,5589
13,5743,24,0.0,685,141,5602
4,5747,24,0.0,686,141,5606
13,5760,24,0.0,687,141,5619
9,5769,24,0.0,688,141,5628
6,5775,24,0.0,689,141,5634
14,5789,24,0.0,690,141,5648
11,5800,24,0.0,691,141,5659
15,5815,24,0.0,692,141,5674
4,5819,24,0.0,693,141,5678
3,5822,24,0.0,694,141,5681
4,5826,24,0.0,695,141,5685
7,5833,24,0.0,696,141,5692
15,5848,24,0.0,697,141,5707
6,5854,24,0.0,698,141,5713
11,5865,24,0.0,699,141,5724
4,5869,24,0.0,700,141,5728
3,5872,24,0.0,701,141,5731
5,5877,24,0.0,702,141,5736
5,5882,24,0.0,703,141,5741
7,5889,24,0.0,704,141,5748
5,5894,24,0.0,705,141,5753
12,5906,24,0.0,706,141,5765
8,5914,24,0.0,707,141,5773
4,5918,24,0.0,708,141,5777
8,5926,24,0.0,709,141,5785
13,5939,24,0.0,710,141,5798
13,5952,24,0.0,711,141,5811
13,5965,24,0.0,712,141,5824
20,5985,24,0.0,713,141,5844
16,6001,24,0.0,714,141,5860
8,6009,25,1.0,715,141,5868
8,6017,26,1.0,716,141,5876
7,6024,26,0.0,717,141,5883
3,6027,26,0.0,718,141,5886
13,6040,26,0.0,719,141,5899
17,6057,26,0.0,720,141,5916
25,6082,26,0.0,721,141,5941
2,6084,26,0.0,722,141,5943
6,6090,26,0.0,723,141,5949
8,6098,27,1.0,724,141,5957
5,6103,27,0.0,725,141,5962
2,6105,27,0.0,726,141,5964
4,6109,27,0.0,727,141,5968
5,6114,27,0.0,728,141,5973
9,6123,27,0.0,729,141,5982
7,6130,27,0.0,730,141,5989
5,6135,27,0.0,731,141,5994
5,6140,27,0.0,732,141,5999
4,6144,27,0.0,733,141,6003
5,6149,27,0.0,734,141,6008
12,6161,27,0.0,735,141,6020
8,6169,28,1.0,736,141,6028
8,6177,29,1.0,737,141,6036
9,6186,29,0.0,738,141,6045
8,6194,29,0.0,739,141,6053
9,6203,29,0.0,740,141,6062
4,6207,29,0.0,741,141,6066
8,6215,29,0.0,742,141,6074
4,6219,29,0.0,743,141,6078
6,6225,29,0.0,744,141,6084
9,6234,29,0.0,745,141,6093
4,6238,29,0.0,746,141,6097
11,6249,29,0.0,747,141,6108
10,6259,29,0.0,748,141,6118
22,6281,29,0.0,749,141,6140
4,6285,29,0.0,750,141,6144
4,6289,29,0.0,751,141,6148
2,6291,29,0.0,752,141,6150
40,6331,29,0.0,753,141,6190
11,6342,29,0.0,754,141,6201
4,6346,29,0.0,755,141,6205
4,6350,29,0.0,756,141,6209
10,6360,29,0.0,757,141,6219
9,6369,29,0.0,758,141,6228
13,6382,29,0.0,759,141,6241
5,6387,29,0.0,760,141,6246
3,6390,29,0.0,761,141,6249
5,6395,29,0.0,762,141,6254
9,6404,29,0.0,763,141,6263
7,6411,29,0.0,764,141,6270
2,6413,29,0.0,765,141,6272
2,6415,29,0.0,766,141,6274
17,6432,29,0.0,767,141,6291
18,6450,29,0.0,768,141,6309
8,6458,29,0.0,769,141,6317
20,6478,29,0.0,770,141,6337
5,6483,29,0.0,771,141,6342
7,6490,29,0.0,772,141,6349
2,6492,29,0.0,773,141,6351
4,6496,29,0.0,774,141,6355
8,6504,29,0.0,775,141,6363
7,6511,29,0.0,776,141,6370
8,6519,30,1.0,777,141,6378
14,6533,30,0.0,778,141,6392
8,6541,30,0.0,779,141,6400
17,6558,30,0.0,780,141,6417
6,6564,30,0.0,781,141,6423
4,6568,30,0.0,782,141,6427
11,6579,30,0.0,783,141,6438
5,6584,30,0.0,784,141,6443
9,6593,30,0.0,785,141,6452
19,6612,31,1.0,786,141,6471
2,6614,31,0.0,787,141,6473
10,6624,31,0.0,788,141,6483
4,6628,31,0.0,789,141,6487
3,6631,31,0.0,790,141,6490
13,6644,31,0.0,791,141,6503
8,6652,31,0.0,792,141,6511
9,6661,31,0.0,793,141,6520
14,6675,31,0.0,794,141,6534
8,6683,31,0.0,795,141,6542
10,6693,31,0.0,796,141,6552
11,6704,31,0.0,797,141,6563
4,6708,31,0.0,798,141,6567
10,6718,31,0.0,799,141,6577
4,6722,31,0.0,800,141,6581
4,6726,31,0.0,801,141,6585
7,6733,31,0.0,802,141,6592
13,6746,31,0.0,803,141,6605
6,6752,31,0.0,804,141,6611
2,6754,31,0.0,805,141,6613
17,6771,32,1.0,806,141,6630
14,6785,32,0.0,807,141,6644
8,6793,33,1.0,808,141,6652
8,6801,33,0.0,809,141,6660
8,6809,34,1.0,810,141,6668
2,6811,34,0.0,811,141,6670
11,6822,34,0.0,812,141,6681
8,6830,34,0.0,813,141,6689
2,6832,34,0.0,814,141,6691
14,6846,34,0.0,815,141,6705
9,6855,34,0.0,816,141,6714
10,6865,34,0.0,817,141,6724
3,6868,34,0.0,818,141,6727
4,6872,34,0.0,819,141,6731
11,6883,34,0.0,820,141,6742
10,6893,34,0.0,821,141,6752
5,6898,34,0.0,822,141,6757
9,6907,34,0.0,823,141,6766
8,6915,35,1.0,824,141,6774
3,6918,35,0.0,825,141,6777
11,6929,35,0.0,826,141,6788
8,6937,36,1.0,827,141,6796
6,6943,36,0.0,828,141,6802
8,6951,36,0.0,829,141,6810
2,6953,36,0.0,830,141,6812
10,6963,36,0.0,831,141,6822
6,6969,36,0.0,832,141,6828
3,6972,36,0.0,833,141,6831
25,6997,36,0.0,834,141,6856
6,7003,36,0.0,835,141,6862
8,7011,37,1.0,836,141,6870
3,7014,37,0.0,837,141,6873
8,7022,37,0.0,838,141,6881
18,7040,37,0.0,839,141,6899
8,7048,38,1.0,840,141,6907
10,7058,38,0.0,841,141,6917
8,7066,39,1.0,842,141,6925
4,7070,39,0.0,843,141,6929
5,7075,39,0.0,844,141,6934
8,7083,39,0.0,845,141,6942
18,7101,39,0.0,846,141,6960
12,7113,39,0.0,847,141,6972
17,7130,39,0.0,848,141,6989
2,7132,39,0.0,849,141,6991
9,7141,39,0.0,850,141,7000
10,7151,39,0.0,851,141,7010
8,7159,40,1.0,852,141,7018
6,7165,40,0.0,853,141,7024
8,7173,40,0.0,854,141,7032
13,7186,40,0.0,855,141,7045
2,7188,40,0.0,856,141,7047
3,7191,40,0.0,857,141,7050
8,7199,41,1.0,858,141,7058
11,7210,41,0.0,859,141,7069
11,7221,41,0.0,860,141,7080
14,7235,41,0.0,861,141,7094
12,7247,41,0.0,862,141,7106
7,7254,41,0.0,863,141,7113
8,7262,42,1.0,864,141,7121
8,7270,42,0.0,865,141,7129
6,7276,42,0.0,866,141,7135
5,7281,42,0.0,867,141,7140
4,7285,42,0.0,868,141,7144
15,7300,42,0.0,869,141,7159
13,7313,42,0.0,870,141,7172
2,7315,42,0.0,871,141,7174
2,7317,42,0.0,872,141,7176
14,7331,42,0.0,873,141,7190
9,7340,42,0.0,874,141,7199
12,7352,42,0.0,875,141,7211
9,7361,42,0.0,876,141,7220
8,7369,42,0.0,877,141,7228
9,7378,42,0.0,878,141,7237
10,7388,42,0.0,879,141,7247
4,7392,42,0.0,880,141,7251
2,7394,42,0.0,881,141,7253
6,7400,42,0.0,882,141,7259
7,7407,42,0.0,883,141,7266
7,7414,42,0.0,884,141,7273
17,7431,42,0.0,885,141,7290
17,7448,42,0.0,886,141,7307
4,7452,42,0.0,887,141,7311
17,7469,42,0.0,888,141,7328
4,7473,42,0.0,889,141,7332
2,7475,42,0.0,890,141,7334
17,7492,42,0.0,891,141,7351
11,7503,42,0.0,892,141,7362
8,7511,42,0.0,893,141,7370
21,7532,42,0.0,894,141,7391
2,7534,42,0.0,895,141,7393
16,7550,42,0.0,896,141,7409
11,7561,42,0.0,897,141,7420
6,7567,42,0.0,898,141,7426
2,7569,42,0.0,899,141,7428
11,7580,42,0.0,900,141,7439
13,7593,42,0.0,901,141,7452
2,7595,42,0.0,902,141,7454
5,7600,42,0.0,903,141,7459
8,7608,42,0.0,904,141,7467
20,7628,42,0.0,905,141,7487
11,7639,42,0.0,906,141,7498
2,7641,42,0.0,907,141,7500
17,7658,43,1.0,908,141,7517
6,7664,43,0.0,909,141,7523
16,7680,43,0.0,910,141,7539
2,7682,43,0.0,911,141,7541
8,7690,43,0.0,912,141,7549
16,7706,43,0.0,913,141,7565
8,7714,44,1.0,914,141,7573
8,7722,45,1.0,915,141,7581
6,7728,45,0.0,916,141,7587
8,7736,45,0.0,917,141,7595
3,7739,45,0.0,918,141,7598
2,7741,45,0.0,919,141,7600
8,7749,45,0.0,920,141,7608
7,7756,45,0.0,921,141,7615
4,7760,45,0.0,922,141,7619
10,7770,45,0.0,923,141,7629
10,7780,45,0.0,924,141,7639
6,7786,45,0.0,925,141,7645
11,7797,45,0.0,926,141,7656
10,7807,45,0.0,927,141,7666
7,7814,45,0.0,928,141,7673
5,7819,45,0.0,929,141,7678
13,7832,45,0.0,930,141,7691
11,7843,45,0.0,931,141,7702
32,7875,45,0.0,932,141,7734
10,7885,45,0.0,933,141,7744
6,7891,45,0.0,934,141,7750
12,7903,45,0.0,935,141,7762
4,7907,45,0.0,936,141,7766
3,7910,45,0.0,937,141,7769
2,7912,45,0.0,938,141,7771
21,7933,45,0.0,939,141,7792
11,7944,45,0.0,940,141,7803
8,7952,46,1.0,941,141,7811
8,7960,47,1.0,942,141,7819
6,7966,47,0.0,943,141,7825
28,7994,47,0.0,944,141,7853
8,8002,48,1.0,945,141,7861
9,8011,48,0.0,946,141,7870
6,8017,48,0.0,947,141,7876
8,8025,48,0.0,948,141,7884
3,8028,48,0.0,949,141,7887
9,8037,48,0.0,950,141,7896
13,8050,48,0.0,951,141,7909
2,8052,48,0.0,952,141,7911
7,8059,48,0.0,953,141,7918
11,8070,48,0.0,954,141,7929
8,8078,48,0.0,955,141,7937
5,8083,48,0.0,956,141,7942
13,8096,48,0.0,957,141,7955
7,8103,48,0.0,958,141,7962
26,8129,48,0.0,959,141,7988
6,8135,48,0.0,960,141,7994
13,8148,48,0.0,961,141,8007
9,8157,48,0.0,962,141,8016
8,8165,48,0.0,963,141,8024
2,8167,48,0.0,964,141,8026
6,8173,48,0.0,965,141,8032
10,8183,48,0.0,966,141,8042
9,8192,48,0.0,967,141,8051
8,8200,49,1.0,968,141,8059
3,8203,49,0.0,969,141,8062
5,8208,49,0.0,970,141,8067
2,8210,49,0.0,971,141,8069
14,8224,49,0.0,972,141,8083
5,8229,49,0.0,973,141,8088
8,8237,50,1.0,974,141,8096
8,8245,50,0.0,975,141,8104
8,8253,50,0.0,976,141,8112
2,8255,50,0.0,977,141,8114
4,8259,50,0.0,978,141,8118
9,8268,50,0.0,979,141,8127
22,8290,50,0.0,980,141,8149
17,8307,51,1.0,981,141,8166
3,8310,51,0.0,982,141,8169
9,8319,51,0.0,983,141,8178
8,8327,52,1.0,984,141,8186
8,8335,53,1.0,985,141,8194
8,8343,54,1.0,986,141,8202
10,8353,54,0.0,987,141,8212
2,8355,54,0.0,988,141,8214
4,8359,54,0.0,989,141,8218
10,8369,54,0.0,990,141,8228
5,8374,54,0.0,991,141,8233
20,8394,54,0.0,992,141,8253
6,8400,54,0.0,993,141,8259
9,8409,54,0.0,994,141,8268
5,8414,54,0.0,995,141,8273
22,8436,54,0.0,996,141,8295
5,8441,54,0.0,997,141,8300
17,8458,54,0.0,998,141,8317
10,8468,54,0.0,999,141,8327
13,8481,54,0.0,1000,141,8340
3,8484,54,0.0,1001,141,8343
2,8486,54,0.0,1002,141,8345
5,8491,54,0.0,1003,141,8350
6,8497,54,0.0,1004,141,8356
2,8499,54,0.0,1005,141,8358
5,8504,54,0.0,1006,141,8363
8,8512,55,1.0,1007,141,8371
19,8531,56,1.0,1008,141,8390
7,8538,56,0.0,1009,141,8397
3,8541,56,0.0,1010,141,8400
2,8543,56,0.0,1011,141,8402
3,8546,56,0.0,1012,141,8405
13,8559,56,0.0,1013,141,8418
8,8567,56,0.0,1014,141,8426
7,8574,56,0.0,1015,141,8433
20,8594,56,0.0,1016,141,8453
6,8600,56,0.0,1017,141,8459
4,8604,56,0.0,1018,141,8463
5,8609,56,0.0,1019,141,8468
16,8625,56,0.0,1020,141,8484
2,8627,56,0.0,1021,141,8486
22,8649,56,0.0,1022,141,8508
5,8654,56,0.0,1023,141,8513
9,8663,56,0.0,1024,141,8522
4,8667,56,0.0,1025,141,8526
9,8676,56,0.0,1026,141,8535
8,8684,56,0.0,1027,141,8543
2,8686,56,0.0,1028,141,8545
9,8695,56,0.0,1029,141,8554
13,8708,56,0.0,1030,141,8567
8,8716,56,0.0,1031,141,8575
5,8721,56,0.0,1032,141,8580
8,8729,57,1.0,1033,141,8588
8,8737,57,0.0,1034,141,8596
8,8745,58,1.0,1035,141,8604
4,8749,58,0.0,1036,141,8608
8,8757,59,1.0,1037,141,8616
15,8772,59,0.0,1038,141,8631
22,8794,59,0.0,1039,141,8653
6,8800,59,0.0,1040,141,8659
3,8803,59,0.0,1041,141,8662
2,8805,59,0.0,1042,141,8664
3,8808,59,0.0,1043,141,8667
4,8812,59,0.0,1044,141,8671
8,8820,59,0.0,1045,141,8679
8,8828,60,1.0,1046,141,8687
12,8840,60,0.0,1047,141,8699
5,8845,60,0.0,1048,141,8704
11,8856,60,0.0,1049,141,8715
8,8864,61,1.0,1050,141,8723
2,8866,61,0.0,1051,141,8725
5,8871,61,0.0,1052,141,8730
3,8874,61,0.0,1053,141,8733
14,8888,61,0.0,1054,141,8747
8,8896,61,0.0,1055,141,8755
8,8904,62,1.0,1056,141,8763
8,8912,62,0.0,1057,141,8771
8,8920,62,0.0,1058,141,8779
5,8925,62,0.0,1059,141,8784
14,8939,62,0.0,1060,141,8798
9,8948,62,0.0,1061,141,8807
8,8956,62,0.0,1062,141,8815
2,8958,62,0.0,1063,141,8817
10,8968,62,0.0,1064,141,8827
7,8975,62,0.0,1065,141,8834
12,8987,62,0.0,1066,141,8846
3,8990,62,0.0,1067,141,8849
11,9001,62,0.0,1068,141,8860
11,9012,62,0.0,1069,141,8871
7,9019,62,0.0,1070,141,8878
5,9024,62,0.0,1071,141,8883
8,9032,63,1.0,1072,141,8891
3,9035,63,0.0,1073,141,8894
3,9038,63,0.0,1074,141,8897
5,9043,63,0.0,1075,141,8902
7,9050,63,0.0,1076,141,8909
14,9064,63,0.0,1077,141,8923
3,9067,63,0.0,1078,141,8926
2,9069,63,0.0,1079,141,8928
19,9088,64,1.0,1080,141,8947
8,9096,65,1.0,1081,141,8955
12,9108,65,0.0,1082,141,8967
13,9121,65,0.0,1083,141,8980
9,9130,65,0.0,1084,141,8989
10,9140,65,0.0,1085,141,8999
14,9154,65,0.0,1086,141,9013
10,9164,65,0.0,1087,141,9023
8,9172,65,0.0,1088,141,9031
2,9174,65,0.0,1089,141,9033
19,9193,66,1.0,1090,141,9052
7,9200,66,0.0,1091,141,9059
8,9208,67,1.0,1092,141,9067
5,9213,67,0.0,1093,141,9072
5,9218,67,0.0,1094,141,9077
3,9221,67,0.0,1095,141,9080
8,9229,67,0.0,1096,141,9088
13,9242,67,0.0,1097,141,9101
4,9246,67,0.0,1098,141,9105
2,9248,67,0.0,1099,141,9107
9,9257,67,0.0,1100,141,9116
5,9262,67,0.0,1101,141,9121
6,9268,67,0.0,1102,141,9127
2,9270,67,0.0,1103,141,9129
8,9278,67,0.0,1104,141,9137
13,9291,67,0.0,1105,141,9150
4,9295,67,0.0,1106,141,9154
9,9304,67,0.0,1107,141,9163
11,9315,67,0.0,1108,141,9174
8,9323,67,0.0,1109,141,9182
2,9325,67,0.0,1110,141,9184
3,9328,67,0.0,1111,141,9187
4,9332,67,0.0,1112,141,9191
3,9335,67,0.0,1113,141,9194
4,9339,67,0.0,1114,141,9198
7,9346,67,0.0,1115,141,9205
4,9350,67,0.0,1116,141,9209
8,9358,67,0.0,1117,141,9217
10,9368,67,0.0,1118,141,9227
17,9385,68,1.0,1119,141,9244
2,9387,68,0.0,1120,141,9246
11,9398,68,0.0,1121,141,9257
22,9420,68,0.0,1122,141,9279
10,9430,68,0.0,1123,141,9289
15,9445,68,0.0,1124,141,9304
5,9450,68,0.0,1125,141,9309
8,9458,69,1.0,1126,141,9317
2,9460,69,0.0,1127,141,9319
11,9471,69,0.0,1128,141,9330
8,9479,69,0.0,1129,141,9338
4,9483,69,0.0,1130,141,9342
9,9492,69,0.0,1131,141,9351
5,9497,69,0.0,1132,141,9356
2,9499,69,0.0,1133,141,9358
11,9510,69,0.0,1134,141,9369
9,9519,69,0.0,1135,141,9378
7,9526,69,0.0,1136,141,9385
2,9528,69,0.0,1137,141,9387
17,9545,70,1.0,1138,141,9404
14,9559,70,0.0,1139,141,9418
12,9571,70,0.0,1140,141,9430
2,9573,70,0.0,1141,141,9432
6,9579,70,0.0,1142,141,9438
12,9591,70,0.0,1143,141,9450
5,9596,70,0.0,1144,141,9455
8,9604,71,1.0,1145,141,9463
4,9608,71,0.0,1146,141,9467
13,9621,71,0.0,1147,141,9480
7,9628,71,0.0,1148,141,9487
14,9642,71,0.0,1149,141,9501
5,9647,71,0.0,1150,141,9506
16,9663,71,0.0,1151,141,9522
13,9676,71,0.0,1152,141,9535
15,9691,71,0.0,1153,141,9550
8,9699,71,0.0,1154,141,9558
11,9710,71,0.0,1155,141,9569
6,9716,71,0.0,1156,141,9575
4,9720,71,0.0,1157,141,9579
5,9725,71,0.0,1158,141,9584
8,9733,72,1.0,1159,141,9592
6,9739,72,0.0,1160,141,9598
3,9742,72,0.0,1161,141,9601
4,9746,72,0.0,1162,141,9605
2,9748,72,0.0,1163,141,9607
4,9752,72,0.0,1164,141,9611
3,9755,72,0.0,1165,141,9614
6,9761,72,0.0,1166,141,9620
22,9783,72,0.0,1167,141,9642
2,9785,72,0.0,1168,141,9644
3,9788,72,0.0,1169,141,9647
8,9796,73,1.0,1170,141,9655
5,9801,73,0.0,1171,141,9660
8,9809,74,1.0,1172,141,9668
10,9819,74,0.0,1173,141,9678
8,9827,75,1.0,1174,141,9686
7,9834,75,0.0,1175,141,9693
5,9839,75,0.0,1176,141,9698
10,9849,75,0.0,1177,141,9708
4,9853,75,0.0,1178,141,9712
8,9861,76,1.0,1179,141,9720
9,9870,76,0.0,1180,141,9729
5,9875,76,0.0,1181,141,9734
4,9879,76,0.0,1182,141,9738
8,9887,77,1.0,1183,141,9746
3,9890,77,0.0,1184,141,9749
9,9899,77,0.0,1185,141,9758
8,9907,78,1.0,1186,141,9766
2,9909,78,0.0,1187,141,9768
8,9917,78,0.0,1188,141,9776
9,9926,78,0.0,1189,141,9785
7,9933,78,0.0,1190,141,9792
9,9942,78,0.0,1191,141,9801
10,9952,78,0.0,1192,141,9811
4,9956,78,0.0,1193,141,9815
2,9958,78,0.0,1194,141,9817
10,9968,78,0.0,1195,141,9827
2,9970,78,0.0,1196,141,9829
3,9973,78,0.0,1197,141,9832
2,9975,78,0.0,1198,141,9834
2,9977,78,0.0,1199,141,9836
4,9981,78,0.0,1200,141,9840
3,9984,78,0.0,1201,141,9843
8,9992,78,0.0,1202,141,9851
5,9997,78,0.0,1203,141,9856
8,10005,79,1.0,1204,141,9864
7,10012,79,0.0,1205,141,9871
23,10035,79,0.0,1206,141,9894
4,10039,79,0.0,1207,141,9898
25,10064,79,0.0,1208,141,9923
9,10073,79,0.0,1209,141,9932
10,10083,79,0.0,1210,141,9942
15,10098,79,0.0,1211,141,9957
6,10104,79,0.0,1212,141,9963
8,10112,80,1.0,1213,141,9971
23,10135,80,0.0,1214,141,9994
9,10144,80,0.0,1215,141,10003
5,10149,80,0.0,1216,141,10008
8,10157,80,0.0,1217,141,10016
8,10165,80,0.0,1218,141,10024
6,10171,80,0.0,1219,141,10030
15,10186,80,0.0,1220,141,10045
13,10199,80,0.0,1221,141,10058
6,10205,80,0.0,1222,141,10064
2,10207,80,0.0,1223,141,10066
2,10209,80,0.0,1224,141,10068
8,10217,80,0.0,1225,141,10076
11,10228,80,0.0,1226,141,10087
4,10232,80,0.0,1227,141,10091
3,10235,80,0.0,1228,141,10094
9,10244,80,0.0,1229,141,10103
2,10246,80,0.0,1230,141,10105
10,10256,80,0.0,1231,141,10115
13,10269,80,0.0,1232,141,10128
16,10285,80,0.0,1233,141,10144
13,10298,80,0.0,1234,141,10157
9,10307,80,0.0,1235,141,10166
8,10315,81,1.0,1236,141,10174
6,10321,81,0.0,1237,141,10180
9,10330,81,0.0,1238,141,10189
10,10340,81,0.0,1239,141,10199
7,10347,81,0.0,1240,141,10206
15,10362,81,0.0,1241,141,10221
3,10365,81,0.0,1242,141,10224
5,10370,81,0.0,1243,141,10229
2,10372,81,0.0,1244,141,10231
6,10378,81,0.0,1245,141,10237
14,10392,81,0.0,1246,141,10251
2,10394,81,0.0,1247,141,10253
9,10403,81,0.0,1248,141,10262
2,10405,81,0.0,1249,141,10264
11,10416,81,0.0,1250,141,10275
6,10422,81,0.0,1251,141,10281
5,10427,81,0.0,1252,141,10286
8,10435,82,1.0,1253,141,10294
2,10437,82,0.0,1254,141,10296
7,10444,82,0.0,1255,141,10303
13,10457,82,0.0,1256,141,10316
10,10467,82,0.0,1257,141,10326
12,10479,82,0.0,1258,141,10338
4,10483,82,0.0,1259,141,10342
11,10494,82,0.0,1260,141,10353
15,10509,82,0.0,1261,141,10368
4,10513,82,0.0,1262,141,10372
5,10518,82,0.0,1263,141,10377
6,10524,82,0.0,1264,141,10383
2,10526,82,0.0,1265,141,10385
9,10535,82,0.0,1266,141,10394
11,10546,82,0.0,1267,141,10405
8,10554,83,1.0,1268,141,10413
8,10562,83,0.0,1269,141,10421
2,10564,83,0.0,1270,141,10423
10,10574,83,0.0,1271,141,10433
6,10580,83,0.0,1272,141,10439
4,10584,83,0.0,1273,141,10443
8,10592,84,1.0,1274,141,10451
8,10600,85,1.0,1275,141,10459
4,10604,85,0.0,1276,141,10463
3,10607,85,0.0,1277,141,10466
5,10612,85,0.0,1278,141,10471
15,10627,85,0.0,1279,141,10486
2,10629,85,0.0,1280,141,10488
9,10638,85,0.0,1281,141,10497
18,10656,85,0.0,1282,141,10515
5,10661,85,0.0,1283,141,10520
19,10680,85,0.0,1284,141,10539
8,10688,86,1.0,1285,141,10547
9,10697,86,0.0,1286,141,10556
10,10707,86,0.0,1287,141,10566
8,10715,86,0.0,1288,141,10574
3,10718,86,0.0,1289,141,10577
8,10726,87,1.0,1290,141,10585
3,10729,87,0.0,1291,141,10588
11,10740,87,0.0,1292,141,10599
10,10750,87,0.0,1293,141,10609
15,10765,87,0.0,1294,141,10624
11,10776,87,0.0,1295,141,10635
23,10799,87,0.0,1296,141,10658
2,10801,87,0.0,1297,141,10660
18,10819,87,0.0,1298,141,10678
11,10830,87,0.0,1299,141,10689
8,10838,87,0.0,1300,141,10697
11,10849,87,0.0,1301,141,10708
14,10863,87,0.0,1302,141,10722
4,10867,87,0.0,1303,141,10726
2,10869,87,0.0,1304,141,10728
8,10877,87,0.0,1305,141,10736
2,10879,87,0.0,1306,141,10738
3,10882,87,0.0,1307,141,10741
14,10896,87,0.0,1308,141,10755
8,10904,88,1.0,1309,141,10763
2,10906,88,0.0,1310,141,10765
6,10912,88,0.0,1311,141,10771
6,10918,88,0.0,1312,141,10777
14,10932,88,0.0,1313,141,10791
20,10952,88,0.0,1314,141,10811
4,10956,88,0.0,1315,141,10815
4,10960,88,0.0,1316,141,10819
15,10975,88,0.0,1317,141,10834
6,10981,88,0.0,1318,141,10840
2,10983,88,0.0,1319,141,10842
10,10993,88,0.0,1320,141,10852
2,10995,88,0.0,1321,141,10854
9,11004,88,0.0,1322,141,10863
13,11017,88,0.0,1323,141,10876
8,11025,89,1.0,1324,141,10884
2,11027,89,0.0,1325,141,10886
4,11031,89,0.0,1326,141,10890
2,11033,89,0.0,1327,141,10892
12,11045,89,0.0,1328,141,10904
3,11048,89,0.0,1329,141,10907
19,11067,90,1.0,1330,141,10926
6,11073,90,0.0,1331,141,10932
4,11077,90,0.0,1332,141,10936
26,11103,90,0.0,1333,141,10962
6,11109,90,0.0,1334,141,10968
9,11118,90,0.0,1335,141,10977
6,11124,90,0.0,1336,141,10983
8,11132,91,1.0,1337,141,10991
8,11140,92,1.0,1338,141,10999
18,11158,92,0.0,1339,141,11017
10,11168,92,0.0,1340,141,11027
8,11176,92,0.0,1341,141,11035
5,11181,92,0.0,1342,141,11040
10,11191,92,0.0,1343,141,11050
12,11203,92,0.0,1344,141,11062
9,11212,92,0.0,1345,141,11071
7,11219,92,0.0,1346,141,11078
2,11221,92,0.0,1347,141,11080
5,11226,92,0.0,1348,141,11085
5,11231,92,0.0,1349,141,11090
11,11242,92,0.0,1350,141,11101
8,11250,93,1.0,1351,141,11109
11,11261,93,0.0,1352,141,11120
11,11272,93,0.0,1353,141,11131
14,11286,93,0.0,1354,141,11145
5,11291,93,0.0,1355,141,11150
6,11297,93,0.0,1356,141,11156
8,11305,93,0.0,1357,141,11164
6,11311,93,0.0,1358,141,11170
8,11319,94,1.0,1359,141,11178
4,11323,94,0.0,1360,141,11182
6,11329,94,0.0,1361,141,11188
6,11335,94,0.0,1362,141,11194
8,11343,95,1.0,1363,141,11202
4,11347,95,0.0,1364,141,11206
4,11351,95,0.0,1365,141,11210
8,11359,96,1.0,1366,141,11218
7,11366,96,0.0,1367,141,11225
7,11373,96,0.0,1368,141,11232
3,11376,96,0.0,1369,141,11235
2,11378,96,0.0,1370,141,11237
8,11386,97,1.0,1371,141,11245
7,11393,97,0.0,1372,141,11252
2,11395,97,0.0,1373,141,11254
6,11401,97,0.0,1374,141,11260
18,11419,97,0.0,1375,141,11278
2,11421,97,0.0,1376,141,11280
6,11427,97,0.0,1377,141,11286
2,11429,97,0.0,1378,141,11288
9,11438,97,0.0,1379,141,11297
8,11446,98,1.0,1380,141,11305
2,11448,98,0.0,1381,141,11307
8,11456,99,1.0,1382,141,11315
6,11462,99,0.0,1383,141,11321
10,11472,99,0.0,1384,141,11331
20,11492,99,0.0,1385,141,11351
25,11517,99,0.0,1386,141,11376
10,11527,99,0.0,1387,141,11386
15,11542,99,0.0,1388,141,11401
3,11545,99,0.0,1389,141,11404
9,11554,99,0.0,1390,141,11413
2,11556,99,0.0,1391,141,11415
3,11559,99,0.0,1392,141,11418
10,11569,99,0.0,1393,141,11428
8,11577,99,0.0,1394,141,11436
6,11583,99,0.0,1395,141,11442
8,11591,99,0.0,1396,141,11450
8,11599,100,1.0,1397,141,11458
18,11617,100,0.0,1398,141,11476
10,11627,100,0.0,1399,141,11486
6,11633,100,0.0,1400,141,11492
6,11639,100,0.0,1401,141,11498
17,11656,101,1.0,1402,141,11515
3,11659,101,0.0,1403,141,11518
8,11667,101,0.0,1404,141,11526
4,11671,101,0.0,1405,141,11530
5,11676,101,0.0,1406,141,11535
19,11695,102,1.0,1407,141,11554
5,11700,102,0.0,1408,141,11559
8,11708,103,1.0,1409,141,11567
11,11719,103,0.0,1410,141,11578
14,11733,103,0.0,1411,141,11592
3,11736,103,0.0,1412,141,11595
3,11739,103,0.0,1413,141,11598
8,11747,103,0.0,1414,141,11606
5,11752,103,0.0,1415,141,11611
6,11758,103,0.0,1416,141,11617
5,11763,103,0.0,1417,141,11622
6,11769,103,0.0,1418,141,11628
3,11772,103,0.0,1419,141,11631
15,11787,103,0.0,1420,141,11646
8,11795,103,0.0,1421,141,11654
8,11803,104,1.0,1422,141,11662
8,11811,105,1.0,1423,141,11670
5,11816,105,0.0,1424,141,11675
13,11829,105,0.0,1425,141,11688
2,11831,105,0.0,1426,141,11690
8,11839,105,0.0,1427,141,11698
7,11846,105,0.0,1428,141,11705
3,11849,105,0.0,1429,141,11708
9,11858,105,0.0,1430,141,11717
8,11866,106,1.0,1431,141,11725
2,11868,106,0.0,1432,141,11727
5,11873,106,0.0,1433,141,11732
8,11881,106,0.0,1434,141,11740
15,11896,106,0.0,1435,141,11755
6,11902,106,0.0,1436,141,11761
8,11910,107,1.0,1437,141,11769
9,11919,107,0.0,1438,141,11778
22,11941,107,0.0,1439,141,11800
23,11964,107,0.0,1440,141,11823
7,11971,107,0.0,1441,141,11830
8,11979,108,1.0,1442,141,11838
10,11989,108,0.0,1443,141,11848
2,11991,108,0.0,1444,141,11850
2,11993,108,0.0,1445,141,11852
9,12002,108,0.0,1446,141,11861
6,12008,108,0.0,1447,141,11867
12,12020,108,0.0,1448,141,11879
5,12025,108,0.0,1449,141,11884
2,12027,108,0.0,1450,141,11886
2,12029,108,0.0,1451,141,11888
8,12037,109,1.0,1452,141,11896
11,12048,109,0.0,1453,141,11907
2,12050,109,0.0,1454,141,11909
2,12052,109,0.0,1455,141,11911
11,12063,109,0.0,1456,141,11922
4,12067,109,0.0,1457,141,11926
6,12073,109,0.0,1458,141,11932
11,12084,109,0.0,1459,141,11943
7,12091,109,0.0,1460,141,11950
3,12094,109,0.0,1461,141,11953
13,12107,109,0.0,1462,141,11966
9,12116,109,0.0,1463,141,11975
5,12121,109,0.0,1464,141,11980
4,12125,109,0.0,1465,141,11984
14,12139,109,0.0,1466,141,11998
4,12143,109,0.0,1467,141,12002
2,12145,109,0.0,1468,141,12004
5,12150,109,0.0,1469,141,12009
8,12158,109,0.0,1470,141,12017
3,12161,109,0.0,1471,141,12020
4,12165,109,0.0,1472,141,12024
8,12173,110,1.0,1473,141,12032
15,12188,110,0.0,1474,141,12047
11,12199,110,0.0,1475,141,12058
3,12202,110,0.0,1476,141,12061
2,12204,110,0.0,1477,141,12063
9,12213,110,0.0,1478,141,12072
9,12222,110,0.0,1479,141,12081
4,12226,110,0.0,1480,141,12085
5,12231,110,0.0,1481,141,12090
23,12254,110,0.0,1482,141,12113
8,12262,110,0.0,1483,141,12121
8,12270,110,0.0,1484,141,12129
6,12276,110,0.0,1485,141,12135
13,12289,110,0.0,1486,141,12148
14,12303,110,0.0,1487,141,12162
3,12306,110,0.0,1488,141,12165
13,12319,110,0.0,1489,141,12178
5,12324,110,0.0,1490,141,12183
8,12332,110,0.0,1491,141,12191
2,12334,110,0.0,1492,141,12193
2,12336,110,0.0,1493,141,12195
4,12340,110,0.0,1494,141,12199
24,12364,110,0.0,1495,141,12223
10,12374,110,0.0,1496,141,12233
2,12376,110,0.0,1497,141,12235
5,12381,110,0.0,1498,141,12240
3,12384,110,0.0,1499,141,12243
8,12392,111,1.0,1500,141,12251
27,12419,111,0.0,1501,141,12278
2,12421,111,0.0,1502,141,12280
7,12428,111,0.0,1503,141,12287
11,12439,111,0.0,1504,141,12298
22,12461,111,0.0,1505,141,12320
6,12467,111,0.0,1506,141,12326
19,12486,112,1.0,1507,141,12345
14,12500,112,0.0,1508,141,12359
2,12502,112,0.0,1509,141,12361
16,12518,112,0.0,1510,141,12377
6,12524,112,0.0,1511,141,12383
8,12532,112,0.0,1512,141,12391
14,12546,112,0.0,1513,141,12405
2,12548,112,0.0,1514,141,12407
13,12561,112,0.0,1515,141,12420
5,12566,112,0.0,1516,141,12425
8,12574,112,0.0,1517,141,12433
18,12592,112,0.0,1518,141,12451
9,12601,112,0.0,1519,141,12460
8,12609,113,1.0,1520,141,12468
5,12614,113,0.0,1521,141,12473
8,12622,114,1.0,1522,141,12481
4,12626,114,0.0,1523,141,12485
7,12633,114,0.0,1524,141,12492
2,12635,114,0.0,1525,141,12494
8,12643,114,0.0,1526,141,12502
5,12648,114,0.0,1527,141,12507
15,12663,114,0.0,1528,141,12522
9,12672,114,0.0,1529,141,12531
16,12688,114,0.0,1530,141,12547
8,12696,114,0.0,1531,141,12555
12,12708,114,0.0,1532,141,12567
2,12710,114,0.0,1533,141,12569
4,12714,114,0.0,1534,141,12573
4,12718,114,0.0,1535,141,12577
8,12726,115,1.0,1536,141,12585
4,12730,115,0.0,1537,141,12589
14,12744,115,0.0,1538,141,12603
4,12748,115,0.0,1539,141,12607
11,12759,115,0.0,1540,141,12618
14,12773,115,0.0,1541,141,12632
8,12781,115,0.0,1542,141,12640
9,12790,115,0.0,1543,141,12649
8,12798,115,0.0,1544,141,12657
5,12803,115,0.0,1545,141,12662
5,12808,115,0.0,1546,141,12667
8,12816,115,0.0,1547,141,12675
11,12827,115,0.0,1548,141,12686
9,12836,115,0.0,1549,141,12695
27,12863,115,0.0,1550,141,12722
4,12867,115,0.0,1551,141,12726
7,12874,115,0.0,1552,141,12733
7,12881,115,0.0,1553,141,12740
9,12890,115,0.0,1554,141,12749
11,12901,115,0.0,1555,141,12760
8,12909,115,0.0,1556,141,12768
4,12913,115,0.0,1557,141,12772
10,12923,115,0.0,1558,141,12782
28,12951,115,0.0,1559,141,12810
9,12960,115,0.0,1560,141,12819
3,12963,115,0.0,1561,141,12822
5,12968,115,0.0,1562,141,12827
19,12987,116,1.0,1563,141,12846
5,12992,116,0.0,1564,141,12851
6,12998,116,0.0,1565,141,12857
9,13007,116,0.0,1566,141,12866
2,13009,116,0.0,1567,141,12868
8,13017,117,1.0,1568,141,12876
5,13022,117,0.0,1569,141,12881
10,13032,117,0.0,1570,141,12891
3,13035,117,0.0,1571,141,12894
6,13041,117,0.0,1572,141,12900
19,13060,117,0.0,1573,141,12919
5,13065,117,0.0,1574,141,12924
13,13078,117,0.0,1575,141,12937
20,13098,117,0.0,1576,141,12957
3,13101,117,0.0,1577,141,12960
8,13109,118,1.0,1578,141,12968
3,13112,118,0.0,1579,141,12971
3,13115,118,0.0,1580,141,12974
2,13117,118,0.0,1581,141,12976
5,13122,118,0.0,1582,141,12981
8,13130,119,1.0,1583,141,12989
3,13133,119,0.0,1584,141,12992
7,13140,119,0.0,1585,141,12999
8,13148,119,0.0,1586,141,13007
8,13156,120,1.0,1587,141,13015
8,13164,120,0.0,1588,141,13023
10,13174,120,0.0,1589,141,13033
8,13182,121,1.0,1590,141,13041
35,13217,121,0.0,1591,141,13076
8,13225,122,1.0,1592,141,13084
6,13231,122,0.0,1593,141,13090
2,13233,122,0.0,1594,141,13092
9,13242,122,0.0,1595,141,13101
8,13250,122,0.0,1596,141,13109
3,13253,122,0.0,1597,141,13112
8,13261,122,0.0,1598,141,13120
2,13263,122,0.0,1599,141,13122
4,13267,122,0.0,1600,141,13126
8,13275,122,0.0,1601,141,13134
9,13284,122,0.0,1602,141,13143
3,13287,122,0.0,1603,141,13146
6,13293,122,0.0,1604,141,13152
2,13295,122,0.0,1605,141,13154
5,13300,122,0.0,1606,141,13159
15,13315,122,0.0,1607,141,13174
2,13317,122,0.0,1608,141,13176
9,13326,122,0.0,1609,141,13185
6,13332,122,0.0,1610,141,13191
8,13340,123,1.0,1611,141,13199
2,13342,123,0.0,1612,141,13201
3,13345,123,0.0,1613,141,13204
5,13350,123,0.0,1614,141,13209
6,13356,123,0.0,1615,141,13215
8,13364,123,0.0,1616,141,13223
4,13368,123,0.0,1617,141,13227
10,13378,123,0.0,1618,141,13237
10,13388,123,0.0,1619,141,13247
12,13400,123,0.0,1620,141,13259
9,13409,123,0.0,1621,141,13268
8,13417,123,0.0,1622,141,13276
4,13421,123,0.0,1623,141,13280
8,13429,124,1.0,1624,141,13288
3,13432,124,0.0,1625,141,13291
14,13446,124,0.0,1626,141,13305
4,13450,124,0.0,1627,141,13309
26,13476,124,0.0,1628,141,13335
12,13488,124,0.0,1629,141,13347
16,13504,124,0.0,1630,141,13363
6,13510,124,0.0,1631,141,13369
14,13524,124,0.0,1632,141,13383
14,13538,124,0.0,1633,141,13397
3,13541,124,0.0,1634,141,13400
28,13569,124,0.0,1635,141,13428
2,13571,124,0.0,1636,141,13430
6,13577,124,0.0,1637,141,13436
2,13579,124,0.0,1638,141,13438
9,13588,124,0.0,1639,141,13447
2,13590,124,0.0,1640,141,13449
42,13632,124,0.0,1641,141,13491
2,13634,124,0.0,1642,141,13493
3,13637,124,0.0,1643,141,13496
10,13647,124,0.0,1644,141,13506
18,13665,124,0.0,1645,141,13524
6,13671,124,0.0,1646,141,13530
8,13679,125,1.0,1647,141,13538
8,13687,126,1.0,1648,141,13546
5,13692,126,0.0,1649,141,13551
8,13700,127,1.0,1650,141,13559
22,13722,127,0.0,1651,141,13581
7,13729,127,0.0,1652,141,13588
4,13733,127,0.0,1653,141,13592
8,13741,128,1.0,1654,141,13600
7,13748,128,0.0,1655,141,13607
17,13765,129,1.0,1656,141,13624
6,13771,129,0.0,1657,141,13630
3,13774,129,0.0,1658,141,13633
6,13780,129,0.0,1659,141,13639
24,13804,129,0.0,1660,141,13663
3,13807,129,0.0,1661,141,13666
3,13810,129,0.0,1662,141,13669
4,13814,129,0.0,1663,141,13673
2,13816,129,0.0,1664,141,13675
8,13824,130,1.0,1665,141,13683
8,13832,130,0.0,1666,141,13691
10,13842,130,0.0,1667,141,13701
8,13850,130,0.0,1668,141,13709
11,13861,130,0.0,1669,141,13720
14,13875,130,0.0,1670,141,13734
5,13880,130,0.0,1671,141,13739
9,13889,130,0.0,1672,141,13748
4,13893,130,0.0,1673,141,13752
10,13903,130,0.0,1674,141,13762
9,13912,130,0.0,1675,141,13771
8,13920,130,0.0,1676,141,13779
8,13928,131,1.0,1677,141,13787
5,13933,131,0.0,1678,141,13792
10,13943,131,0.0,1679,141,13802
10,13953,131,0.0,1680,141,13812
13,13966,131,0.0,1681,141,13825
11,13977,131,0.0,1682,141,13836
13,13990,131,0.0,1683,141,13849
11,14001,131,0.0,1684,141,13860
7,14008,131,0.0,1685,141,13867
7,14015,131,0.0,1686,141,13874
7,14022,131,0.0,1687,141,13881
9,14031,131,0.0,1688,141,13890
9,14040,131,0.0,1689,141,13899
8,14048,131,0.0,1690,141,13907
10,14058,131,0.0,1691,141,13917
3,14061,131,0.0,1692,141,13920
5,14066,131,0.0,1693,141,13925
8,14074,131,0.0,1694,141,13933
8,14082,132,1.0,1695,141,13941
2,14084,132,0.0,1696,141,13943
2,14086,132,0.0,1697,141,13945
2,14088,132,0.0,1698,141,13947
14,14102,132,0.0,1699,141,13961
17,14119,132,0.0,1700,141,13978
7,14126,132,0.0,1701,141,13985
5,14131,132,0.0,1702,141,13990
11,14142,132,0.0,1703,141,14001
9,14151,132,0.0,1704,141,14010
6,14157,132,0.0,1705,141,14016
8,14165,132,0.0,1706,141,14024
2,14167,132,0.0,1707,141,14026
6,14173,132,0.0,1708,141,14032
5,14178,132,0.0,1709,141,14037
2,14180,132,0.0,1710,141,14039
2,14182,132,0.0,1711,141,14041
2,14184,132,0.0,1712,141,14043
6,14190,132,0.0,1713,141,14049
2,14192,132,0.0,1714,141,14051
2,14194,132,0.0,1715,141,14053
10,14204,132,0.0,1716,141,14063
6,14210,132,0.0,1717,141,14069
8,14218,133,1.0,1718,141,14077
8,14226,133,0.0,1719,141,14085
5,14231,133,0.0,1720,141,14090
13,14244,133,0.0,1721,141,14103
37,14281,133,0.0,1722,141,14140
9,14290,133,0.0,1723,141,14149
3,14293,133,0.0,1724,141,14152
13,14306,133,0.0,1725,141,14165
8,14314,133,0.0,1726,141,14173
5,14319,133,0.0,1727,141,14178
2,14321,133,0.0,1728,141,14180
8,14329,134,1.0,1729,141,14188
23,14352,134,0.0,1730,141,14211
8,14360,135,1.0,1731,141,14219
8,14368,136,1.0,1732,141,14227
14,14382,136,0.0,1733,141,14241
26,14408,136,0.0,1734,141,14267
8,14416,137,1.0,1735,141,14275
8,14424,138,1.0,1736,141,14283
11,14435,138,0.0,1737,141,14294
8,14443,139,1.0,1738,141,14302
3,14446,139,0.0,1739,141,14305
8,14454,139,0.0,1740,141,14313
28,14482,139,0.0,1741,141,14341
12,14494,139,0.0,1742,141,14353
10,14504,139,0.0,1743,141,14363
13,14517,139,0.0,1744,141,14376
13,14530,139,0.0,1745,141,14389
3,14533,139,0.0,1746,141,14392
5,14538,139,0.0,1747,141,14397
6,14544,139,0.0,1748,141,14403
7,14551,139,0.0,1749,141,14410
8,14559,140,1.0,1750,141,14418
2,14561,140,0.0,1751,141,14420
7,14568,140,0.0,1752,141,14427
4,14572,140,0.0,1753,141,14431
24,14596,140,0.0,1754,141,14455
4,14600,140,0.0,1755,141,14459
2,14602,140,0.0,1756,141,14461
6,14608,140,0.0,1757,141,14467
8,14616,141,1.0,1758,141,14475
2,14618,141,0.0,1759,141,14477
6,14624,141,0.0,1760,141,14483
8,14632,142,1.0,1761,141,14491
4,14636,142,0.0,1762,141,14495
8,14644,142,0.0,1763,141,14503
26,14670,142,0.0,1764,141,14529
8,14678,143,1.0,1765,141,14537
8,14686,144,1.0,1766,141,14545
9,14695,144,0.0,1767,141,14554
14,14709,144,0.0,1768,141,14568
2,14711,144,0.0,1769,141,14570
5,14716,144,0.0,1770,141,14575
8,14724,145,1.0,1771,141,14583
4,14728,145,0.0,1772,141,14587
13,14741,145,0.0,1773,141,14600
5,14746,145,0.0,1774,141,14605
4,14750,145,0.0,1775,141,14609
28,14778,145,0.0,1776,141,14637
5,14783,145,0.0,1777,141,14642
4,14787,145,0.0,1778,141,14646
8,14795,146,1.0,1779,141,14654
16,14811,146,0.0,1780,141,14670
7,14818,146,0.0,1781,141,14677
2,14820,146,0.0,1782,141,14679
2,14822,146,0.0,1783,141,14681
11,14833,146,0.0,1784,141,14692
2,14835,146,0.0,1785,141,14694
2,14837,146,0.0,1786,141,14696
4,14841,146,0.0,1787,141,14700
8,14849,147,1.0,1788,141,14708
4,14853,147,0.0,1789,141,14712
4,14857,147,0.0,1790,141,14716
8,14865,148,1.0,1791,141,14724
8,14873,149,1.0,1792,141,14732
2,14875,149,0.0,1793,141,14734
5,14880,149,0.0,1794,141,14739
8,14888,150,1.0,1795,141,14747
8,14896,151,1.0,1796,141,14755
2,14898,151,0.0,1797,141,14757
4,14902,151,0.0,1798,141,14761
5,14907,151,0.0,1799,141,14766
14,14921,151,0.0,1800,141,14780
4,14925,151,0.0,1801,141,14784
14,14939,151,0.0,1802,141,14798
2,14941,151,0.0,1803,141,14800
15,14956,151,0.0,1804,141,14815
8,14964,152,1.0,1805,141,14823
6,14970,152,0.0,1806,141,14829
2,14972,152,0.0,1807,141,14831
2,14974,152,0.0,1808,141,14833
8,14982,153,1.0,1809,141,14841
21,15003,153,0.0,1810,141,14862
8,15011,154,1.0,1811,141,14870
6,15017,154,0.0,1812,141,14876
2,15019,154,0.0,1813,141,14878
7,15026,154,0.0,1814,141,14885
5,15031,154,0.0,1815,141,14890
2,15033,154,0.0,1816,141,14892
5,15038,154,0.0,1817,141,14897
8,15046,155,1.0,1818,141,14905
5,15051,155,0.0,1819,141,14910
4,15055,155,0.0,1820,141,14914
5,15060,155,0.0,1821,141,14919
8,15068,156,1.0,1822,141,14927
13,15081,156,0.0,1823,141,14940
8,15089,157,1.0,1824,141,14948
8,15097,157,0.0,1825,141,14956
5,15102,157,0.0,1826,141,14961
8,15110,158,1.0,1827,141,14969
2,15112,158,0.0,1828,141,14971
5,15117,158,0.0,1829,141,14976
5,15122,158,0.0,1830,141,14981
8,15130,159,1.0,1831,141,14989
8,15138,160,1.0,1832,141,14997
3,15141,160,0.0,1833,141,15000
3,15144,160,0.0,1834,141,15003
12,15156,160,0.0,1835,141,15015
2,15158,160,0.0,1836,141,15017
8,15166,161,1.0,1837,141,15025
5,15171,161,0.0,1838,141,15030
14,15185,161,0.0,1839,141,15044
5,15190,161,0.0,1840,141,15049
4,15194,161,0.0,1841,141,15053
4,15198,161,0.0,1842,141,15057
17,15215,161,0.0,1843,141,15074
8,15223,162,1.0,1844,141,15082
4,15227,162,0.0,1845,141,15086
4,15231,162,0.0,1846,141,15090
2,15233,162,0.0,1847,141,15092
10,15243,162,0.0,1848,141,15102
3,15246,162,0.0,1849,141,15105
6,15252,162,0.0,1850,141,15111
8,15260,162,0.0,1851,141,15119
7,15267,162,0.0,1852,141,15126
2,15269,162,0.0,1853,141,15128
14,15283,162,0.0,1854,141,15142
3,15286,162,0.0,1855,141,15145
13,15299,162,0.0,1856,141,15158
21,15320,162,0.0,1857,141,15179
2,15322,162,0.0,1858,141,15181
4,15326,162,0.0,1859,141,15185
12,15338,162,0.0,1860,141,15197
3,15341,162,0.0,1861,141,15200
7,15348,162,0.0,1862,141,15207
8,15356,163,1.0,1863,141,15215
27,15383,163,0.0,1864,141,15242
8,15391,164,1.0,1865,141,15250
10,15401,164,0.0,1866,141,15260
5,15406,164,0.0,1867,141,15265
8,15414,165,1.0,1868,141,15273
8,15422,166,1.0,1869,141,15281
8,15430,167,1.0,1870,141,15289
9,15439,167,0.0,1871,141,15298
5,15444,167,0.0,1872,141,15303
2,15446,167,0.0,1873,141,15305
6,15452,167,0.0,1874,141,15311
2,15454,167,0.0,1875,141,15313
2,15456,167,0.0,1876,141,15315
5,15461,167,0.0,1877,141,15320
7,15468,167,0.0,1878,141,15327
5,15473,167,0.0,1879,141,15332
5,15478,167,0.0,1880,141,15337
8,15486,168,1.0,1881,141,15345
2,15488,168,0.0,1882,141,15347
8,15496,168,0.0,1883,141,15355
8,15504,168,0.0,1884,141,15363
5,15509,168,0.0,1885,141,15368
5,15514,168,0.0,1886,141,15373
7,15521,168,0.0,1887,141,15380
7,15528,168,0.0,1888,141,15387
16,15544,168,0.0,1889,141,15403
8,15552,169,1.0,1890,141,15411
2,15554,169,0.0,1891,141,15413
3,15557,169,0.0,1892,141,15416
8,15565,170,1.0,1893,141,15424
8,15573,170,0.0,1894,141,15432
22,15595,170,0.0,1895,141,15454
4,15599,170,0.0,1896,141,15458
4,15603,170,0.0,1897,141,15462
8,15611,170,0.0,1898,141,15470
7,15618,170,0.0,1899,141,15477
3,15621,170,0.0,1900,141,15480
5,15626,170,0.0,1901,141,15485
22,15648,170,0.0,1902,141,15507
8,15656,171,1.0,1903,141,15515
4,15660,171,0.0,1904,141,15519
8,15668,172,1.0,1905,141,15527
22,15690,172,0.0,1906,141,15549
8,15698,173,1.0,1907,141,15557
8,15706,174,1.0,1908,141,15565
10,15716,174,0.0,1909,141,15575
7,15723,174,0.0,1910,141,15582
10,15733,174,0.0,1911,141,15592
4,15737,174,0.0,1912,141,15596
11,15748,174,0.0,1913,141,15607
18,15766,174,0.0,1914,141,15625
8,15774,174,0.0,1915,141,15633
2,15776,174,0.0,1916,141,15635
9,15785,174,0.0,1917,141,15644
8,15793,174,0.0,1918,141,15652
6,15799,174,0.0,1919,141,15658
8,15807,175,1.0,1920,141,15666
10,15817,175,0.0,1921,141,15676
8,15825,176,1.0,1922,141,15684
7,15832,176,0.0,1923,141,15691
8,15840,177,1.0,1924,141,15699
7,15847,177,0.0,1925,141,15706
5,15852,177,0.0,1926,141,15711
7,15859,177,0.0,1927,141,15718
5,15864,177,0.0,1928,141,15723
15,15879,177,0.0,1929,141,15738
4,15883,177,0.0,1930,141,15742
8,15891,178,1.0,1931,141,15750
5,15896,178,0.0,1932,141,15755
8,15904,178,0.0,1933,141,15763
4,15908,178,0.0,1934,141,15767
2,15910,178,0.0,1935,141,15769
6,15916,178,0.0,1936,141,15775
3,15919,178,0.0,1937,141,15778
5,15924,178,0.0,1938,141,15783
3,15927,178,0.0,1939,141,15786
3,15930,178,0.0,1940,141,15789
7,15937,178,0.0,1941,141,15796
2,15939,178,0.0,1942,141,15798
5,15944,178,0.0,1943,141,15803
24,15968,178,0.0,1944,141,15827
7,15975,178,0.0,1945,141,15834
2,15977,178,0.0,1946,141,15836
7,15984,178,0.0,1947,141,15843
8,15992,179,1.0,1948,141,15851
16,16008,179,0.0,1949,141,15867
8,16016,179,0.0,1950,141,15875
8,16024,180,1.0,1951,141,15883
5,16029,180,0.0,1952,141,15888
13,16042,180,0.0,1953,141,15901
11,16053,180,0.0,1954,141,15912
8,16061,180,0.0,1955,141,15920
8,16069,181,1.0,1956,141,15928
6,16075,181,0.0,1957,141,15934
8,16083,182,1.0,1958,141,15942
13,16096,182,0.0,1959,141,15955
6,16102,182,0.0,1960,141,15961
5,16107,182,0.0,1961,141,15966
8,16115,183,1.0,1962,141,15974
8,16123,183,0.0,1963,141,15982
5,16128,183,0.0,1964,141,15987
2,16130,183,0.0,1965,141,15989
2,16132,183,0.0,1966,141,15991
4,16136,183,0.0,1967,141,15995
8,16144,183,0.0,1968,141,16003
2,16146,183,0.0,1969,141,16005
7,16153,183,0.0,1970,141,16012
12,16165,183,0.0,1971,141,16024
8,16173,184,1.0,1972,141,16032
11,16184,184,0.0,1973,141,16043
8,16192,184,0.0,1974,141,16051
8,16200,185,1.0,1975,141,16059
2,16202,185,0.0,1976,141,16061
8,16210,185,0.0,1977,141,16069
8,16218,186,1.0,1978,141,16077
10,16228,186,0.0,1979,141,16087
2,16230,186,0.0,1980,141,16089
8,16238,186,0.0,1981,141,16097
14,16252,186,0.0,1982,141,16111
8,16260,187,1.0,1983,141,16119
5,16265,187,0.0,1984,141,16124
9,16274,187,0.0,1985,141,16133
8,16282,188,1.0,1986,141,16141
8,16290,189,1.0,1987,141,16149
17,16307,189,0.0,1988,141,16166
8,16315,190,1.0,1989,141,16174
20,16335,190,0.0,1990,141,16194
5,16340,190,0.0,1991,141,16199
4,16344,190,0.0,1992,141,16203
8,16352,191,1.0,1993,141,16211
9,16361,191,0.0,1994,141,16220
10,16371,191,0.0,1995,141,16230
5,16376,191,0.0,1996,141,16235
7,16383,191,0.0,1997,141,16242
2,16385,191,0.0,1998,141,16244
2,16387,191,0.0,1999,141,16246
25,16412,191,0.0,2000,141,16271
8,16420,192,1.0,2001,141,16279
2,16422,192,0.0,2002,141,16281
8,16430,193,1.0,2003,141,16289
8,16438,194,1.0,2004,141,16297
2,16440,194,0.0,2005,141,16299
8,16448,194,0.0,2006,141,16307
2,16450,194,0.0,2007,141,16309
9,16459,194,0.0,2008,141,16318
8,16467,195,1.0,2009,141,16326
8,16475,196,1.0,2010,141,16334
14,16489,196,0.0,2011,141,16348
3,16492,196,0.0,2012,141,16351
8,16500,197,1.0,2013,141,16359
9,16509,197,0.0,2014,141,16368
14,16523,197,0.0,2015,141,16382
2,16525,197,0.0,2016,141,16384
19,16544,198,1.0,2017,141,16403
5,16549,198,0.0,2018,141,16408
19,16568,198,0.0,2019,141,16427
4,16572,198,0.0,2020,141,16431
2,16574,198,0.0,2021,141,16433
2,16576,198,0.0,2022,141,16435
7,16583,198,0.0,2023,141,16442
30,16613,198,0.0,2024,141,16472
13,16626,198,0.0,2025,141,16485
5,16631,198,0.0,2026,141,16490
6,16637,198,0.0,2027,141,16496
6,16643,198,0.0,2028,141,16502
12,16655,198,0.0,2029,141,16514
2,16657,198,0.0,2030,141,16516
5,16662,198,0.0,2031,141,16521
3,16665,198,0.0,2032,141,16524
2,16667,198,0.0,2033,141,16526
2,16669,198,0.0,2034,141,16528
7,16676,198,0.0,2035,141,16535
6,16682,198,0.0,2036,141,16541
2,16684,198,0.0,2037,141,16543
10,16694,198,0.0,2038,141,16553
9,16703,198,0.0,2039,141,16562
8,16711,199,1.0,2040,141,16570
5,16716,199,0.0,2041,141,16575
6,16722,199,0.0,2042,141,16581
2,16724,199,0.0,2043,141,16583
13,16737,199,0.0,2044,141,16596
5,16742,199,0.0,2045,141,16601
2,16744,199,0.0,2046,141,16603
8,16752,200,1.0,2047,141,16611
14,16766,200,0.0,2048,141,16625
2,16768,200,0.0,2049,141,16627
3,16771,200,0.0,2050,141,16630
4,16775,200,0.0,2051,141,16634
8,16783,200,0.0,2052,141,16642
2,16785,200,0.0,2053,141,16644
2,16787,200,0.0,2054,141,16646
8,16795,201,1.0,2055,141,16654
5,16800,201,0.0,2056,141,16659
2,16802,201,0.0,2057,141,16661
7,16809,201,0.0,2058,141,16668
8,16817,202,1.0,2059,141,16676
9,16826,202,0.0,2060,141,16685
14,16840,202,0.0,2061,141,16699
10,16850,202,0.0,2062,141,16709
2,16852,202,0.0,2063,141,16711
16,16868,202,0.0,2064,141,16727
2,16870,202,0.0,2065,141,16729
9,16879,202,0.0,2066,141,16738
8,16887,203,1.0,2067,141,16746
8,16895,204,1.0,2068,141,16754
2,16897,204,0.0,2069,141,16756
17,16914,204,0.0,2070,141,16773
16,16930,204,0.0,2071,141,16789
9,16939,204,0.0,2072,141,16798
9,16948,204,0.0,2073,141,16807
8,16956,204,0.0,2074,141,16815
8,16964,205,1.0,2075,141,16823
5,16969,205,0.0,2076,141,16828
8,16977,206,1.0,2077,141,16836
14,16991,206,0.0,2078,141,16850
5,16996,206,0.0,2079,141,16855
13,17009,206,0.0,2080,141,16868
4,17013,206,0.0,2081,141,16872
9,17022,206,0.0,2082,141,16881
3,17025,206,0.0,2083,141,16884
2,17027,206,0.0,2084,141,16886
10,17037,206,0.0,2085,141,16896
23,17060,206,0.0,2086,141,16919
8,17068,207,1.0,2087,141,16927
2,17070,207,0.0,2088,141,16929
11,17081,207,0.0,2089,141,16940
8,17089,208,1.0,2090,141,16948
4,17093,208,0.0,2091,141,16952
5,17098,208,0.0,2092,141,16957
10,17108,208,0.0,2093,141,16967
4,17112,208,0.0,2094,141,16971
8,17120,209,1.0,2095,141,16979
11,17131,209,0.0,2096,141,16990
4,17135,209,0.0,2097,141,16994
8,17143,210,1.0,2098,141,17002
6,17149,210,0.0,2099,141,17008
13,17162,210,0.0,2100,141,17021
7,17169,210,0.0,2101,141,17028
26,17195,210,0.0,2102,141,17054
5,17200,210,0.0,2103,141,17059
8,17208,211,1.0,2104,141,17067
8,17216,212,1.0,2105,141,17075
6,17222,212,0.0,2106,141,17081
5,17227,212,0.0,2107,141,17086
8,17235,213,1.0,2108,141,17094
8,17243,214,1.0,2109,141,17102
5,17248,214,0.0,2110,141,17107
5,17253,214,0.0,2111,141,17112
4,17257,214,0.0,2112,141,17116
6,17263,214,0.0,2113,141,17122
6,17269,214,0.0,2114,141,17128
4,17273,214,0.0,2115,141,17132
5,17278,214,0.0,2116,141,17137
8,17286,214,0.0,2117,141,17145
25,17311,214,0.0,2118,141,17170
6,17317,214,0.0,2119,141,17176
7,17324,214,0.0,2120,141,17183
8,17332,215,1.0,2121,141,17191
10,17342,215,0.0,2122,141,17201
8,17350,216,1.0,2123,141,17209
4,17354,216,0.0,2124,141,17213
8,17362,217,1.0,2125,141,17221
19,17381,217,0.0,2126,141,17240
8,17389,218,1.0,2127,141,17248
3,17392,218,0.0,2128,141,17251
15,17407,218,0.0,2129,141,17266
2,17409,218,0.0,2130,141,17268
2,17411,218,0.0,2131,141,17270
5,17416,218,0.0,2132,141,17275
7,17423,218,0.0,2133,141,17282
2,17425,218,0.0,2134,141,17284
2,17427,218,0.0,2135,141,17286
5,17432,218,0.0,2136,141,17291
8,17440,218,0.0,2137,141,17299
8,17448,219,1.0,2138,141,17307
2,17450,219,0.0,2139,141,17309
3,17453,219,0.0,2140,141,17312
2,17455,219,0.0,2141,141,17314
10,17465,219,0.0,2142,141,17324
15,17480,219,0.0,2143,141,17339
8,17488,219,0.0,2144,141,17347
3,17491,219,0.0,2145,141,17350
9,17500,219,0.0,2146,141,17359
8,17508,219,0.0,2147,141,17367
13,17521,219,0.0,2148,141,17380
12,17533,219,0.0,2149,141,17392
7,17540,219,0.0,2150,141,17399
8,17548,220,1.0,2151,141,17407
4,17552,220,0.0,2152,141,17411
4,17556,220,0.0,2153,141,17415
5,17561,220,0.0,2154,141,17420
8,17569,221,1.0,2155,141,17428
4,17573,221,0.0,2156,141,17432
12,17585,221,0.0,2157,141,17444
8,17593,221,0.0,2158,141,17452
13,17606,221,0.0,2159,141,17465
8,17614,221,0.0,2160,141,17473
8,17622,222,1.0,2161,141,17481
7,17629,222,0.0,2162,141,17488
8,17637,223,1.0,2163,141,17496
2,17639,223,0.0,2164,141,17498
2,17641,223,0.0,2165,141,17500
19,17660,223,0.0,2166,141,17519
7,17667,223,0.0,2167,141,17526
4,17671,223,0.0,2168,141,17530
2,17673,223,0.0,2169,141,17532
2,17675,223,0.0,2170,141,17534
3,17678,223,0.0,2171,141,17537
8,17686,224,1.0,2172,141,17545
7,17693,224,0.0,2173,141,17552
4,17697,224,0.0,2174,141,17556
8,17705,225,1.0,2175,141,17564
4,17709,225,0.0,2176,141,17568
8,17717,225,0.0,2177,141,17576
2,17719,225,0.0,2178,141,17578
3,17722,225,0.0,2179,141,17581
11,17733,225,0.0,2180,141,17592
8,17741,226,1.0,2181,141,17600
8,17749,226,0.0,2182,141,17608
8,17757,226,0.0,2183,141,17616
13,17770,226,0.0,2184,141,17629
17,17787,227,1.0,2185,141,17646
13,17800,227,0.0,2186,141,17659
8,17808,228,1.0,2187,141,17667
8,17816,228,0.0,2188,141,17675
2,17818,228,0.0,2189,141,17677
8,17826,228,0.0,2190,141,17685
8,17834,229,1.0,2191,141,17693
8,17842,230,1.0,2192,141,17701
19,17861,230,0.0,2193,141,17720
6,17867,230,0.0,2194,141,17726
5,17872,230,0.0,2195,141,17731
8,17880,230,0.0,2196,141,17739
4,17884,230,0.0,2197,141,17743
8,17892,230,0.0,2198,141,17751
3,17895,230,0.0,2199,141,17754
6,17901,230,0.0,2200,141,17760
4,17905,230,0.0,2201,141,17764
10,17915,230,0.0,2202,141,17774
8,17923,230,0.0,2203,141,17782
3,17926,230,0.0,2204,141,17785
8,17934,231,1.0,2205,141,17793
8,17942,231,0.0,2206,141,17801
8,17950,232,1.0,2207,141,17809
8,17958,233,1.0,2208,141,17817
13,17971,233,0.0,2209,141,17830
8,17979,233,0.0,2210,141,17838
6,17985,233,0.0,2211,141,17844
5,17990,233,0.0,2212,141,17849
8,17998,233,0.0,2213,141,17857
3,18001,233,0.0,2214,141,17860
22,18023,233,0.0,2215,141,17882
4,18027,233,0.0,2216,141,17886
3,18030,233,0.0,2217,141,17889
8,18038,234,1.0,2218,141,17897
8,18046,235,1.0,2219,141,17905
5,18051,235,0.0,2220,141,17910
12,18063,235,0.0,2221,141,17922
8,18071,236,1.0,2222,141,17930
3,18074,236,0.0,2223,141,17933
8,18082,237,1.0,2224,141,17941
12,18094,237,0.0,2225,141,17953
8,18102,238,1.0,2226,141,17961
5,18107,238,0.0,2227,141,17966
5,18112,238,0.0,2228,141,17971
8,18120,239,1.0,2229,141,17979
2,18122,239,0.0,2230,141,17981
4,18126,239,0.0,2231,141,17985
4,18130,239,0.0,2232,141,17989
4,18134,239,0.0,2233,141,17993
8,18142,240,1.0,2234,141,18001
8,18150,241,1.0,2235,141,18009
2,18152,241,0.0,2236,141,18011
8,18160,242,1.0,2237,141,18019
8,18168,242,0.0,2238,141,18027
2,18170,242,0.0,2239,141,18029
8,18178,243,1.0,2240,141,18037
13,18191,243,0.0,2241,141,18050
14,18205,243,0.0,2242,141,18064
3,18208,243,0.0,2243,141,18067
5,18213,243,0.0,2244,141,18072
2,18215,243,0.0,2245,141,18074
5,18220,243,0.0,2246,141,18079
8,18228,243,0.0,2247,141,18087
13,18241,243,0.0,2248,141,18100
8,18249,243,0.0,2249,141,18108
8,18257,243,0.0,2250,141,18116
11,18268,243,0.0,2251,141,18127
8,18276,244,1.0,2252,141,18135
5,18281,244,0.0,2253,141,18140
5,18286,244,0.0,2254,141,18145
5,18291,244,0.0,2255,141,18150
8,18299,245,1.0,2256,141,18158
8,18307,246,1.0,2257,141,18166
8,18315,247,1.0,2258,141,18174
23,18338,247,0.0,2259,141,18197
8,18346,248,1.0,2260,141,18205
2,18348,248,0.0,2261,141,18207
7,18355,248,0.0,2262,141,18214
2,18357,248,0.0,2263,141,18216
12,18369,248,0.0,2264,141,18228
5,18374,248,0.0,2265,141,18233
3,18377,248,0.0,2266,141,18236
15,18392,248,0.0,2267,141,18251
2,18394,248,0.0,2268,141,18253
7,18401,248,0.0,2269,141,18260
8,18409,249,1.0,2270,141,18268
8,18417,250,1.0,2271,141,18276
10,18427,250,0.0,2272,141,18286
8,18435,251,1.0,2273,141,18294
8,18443,252,1.0,2274,141,18302
8,18451,252,0.0,2275,141,18310
11,18462,252,0.0,2276,141,18321
17,18479,252,0.0,2277,141,18338
15,18494,252,0.0,2278,141,18353
8,18502,253,1.0,2279,141,18361
6,18508,253,0.0,2280,141,18367
3,18511,253,0.0,2281,141,18370
2,18513,253,0.0,2282,141,18372
8,18521,254,1.0,2283,141,18380
6,18527,254,0.0,2284,141,18386
8,18535,254,0.0,2285,141,18394
14,18549,254,0.0,2286,141,18408
10,18559,254,0.0,2287,141,18418
6,18565,254,0.0,2288,141,18424
2,18567,254,0.0,2289,141,18426
8,18575,255,1.0,2290,141,18434
2,18577,255,0.0,2291,141,18436
9,18586,255,0.0,2292,141,18445
4,18590,255,0.0,2293,141,18449
2,18592,255,0.0,2294,141,18451
14,18606,255,0.0,2295,141,18465
19,18625,256,1.0,2296,141,18484
13,18638,256,0.0,2297,141,18497
2,18640,256,0.0,2298,141,18499
4,18644,256,0.0,2299,141,18503
5,18649,256,0.0,2300,141,18508
3,18652,256,0.0,2301,141,18511
7,18659,256,0.0,2302,141,18518
2,18661,256,0.0,2303,141,18520
4,18665,256,0.0,2304,141,18524
8,18673,257,1.0,2305,141,18532
17,18690,257,0.0,2306,141,18549
12,18702,257,0.0,2307,141,18561
8,18710,258,1.0,2308,141,18569
7,18717,258,0.0,2309,141,18576
9,18726,258,0.0,2310,141,18585
2,18728,258,0.0,2311,141,18587
14,18742,258,0.0,2312,141,18601
9,18751,258,0.0,2313,141,18610
7,18758,258,0.0,2314,141,18617
25,18783,258,0.0,2315,141,18642
13,18796,258,0.0,2316,141,18655
8,18804,259,1.0,2317,141,18663
19,18823,260,1.0,2318,141,18682
8,18831,261,1.0,2319,141,18690
8,18839,261,0.0,2320,141,18698
22,18861,261,0.0,2321,141,18720
6,18867,261,0.0,2322,141,18726
14,18881,261,0.0,2323,141,18740
8,18889,262,1.0,2324,141,18748
8,18897,263,1.0,2325,141,18756
2,18899,263,0.0,2326,141,18758
17,18916,263,0.0,2327,141,18775
2,18918,263,0.0,2328,141,18777
3,18921,263,0.0,2329,141,18780
8,18929,264,1.0,2330,141,18788
4,18933,264,0.0,2331,141,18792
7,18940,264,0.0,2332,141,18799
8,18948,265,1.0,2333,141,18807
23,18971,265,0.0,2334,141,18830
4,18975,265,0.0,2335,141,18834
8,18983,265,0.0,2336,141,18842
8,18991,266,1.0,2337,141,18850
8,18999,267,1.0,2338,141,18858
8,19007,267,0.0,2339,141,18866
5,19012,267,0.0,2340,141,18871
8,19020,267,0.0,2341,141,18879
4,19024,267,0.0,2342,141,18883
2,19026,267,0.0,2343,141,18885
7,19033,267,0.0,2344,141,18892
5,19038,267,0.0,2345,141,18897
8,19046,268,1.0,2346,141,18905
9,19055,268,0.0,2347,141,18914
8,19063,269,1.0,2348,141,18922
10,19073,269,0.0,2349,141,18932
6,19079,269,0.0,2350,141,18938
8,19087,269,0.0,2351,141,18946
32,19119,269,0.0,2352,141,18978
5,19124,269,0.0,2353,141,18983
8,19132,269,0.0,2354,141,18991
4,19136,269,0.0,2355,141,18995
7,19143,269,0.0,2356,141,19002
8,19151,270,1.0,2357,141,19010
8,19159,270,0.0,2358,141,19018
9,19168,270,0.0,2359,141,19027
11,19179,270,0.0,2360,141,19038
10,19189,270,0.0,2361,141,19048
8,19197,271,1.0,2362,141,19056
8,19205,272,1.0,2363,141,19064
5,19210,272,0.0,2364,141,19069
8,19218,272,0.0,2365,141,19077
3,19221,272,0.0,2366,141,19080
5,19226,272,0.0,2367,141,19085
2,19228,272,0.0,2368,141,19087
8,19236,273,1.0,2369,141,19095
7,19243,273,0.0,2370,141,19102
12,19255,273,0.0,2371,141,19114
19,19274,274,1.0,2372,141,19133
8,19282,275,1.0,2373,141,19141
8,19290,276,1.0,2374,141,19149
36,19326,276,0.0,2375,141,19185
8,19334,277,1.0,2376,141,19193
5,19339,277,0.0,2377,141,19198
19,19358,278,1.0,2378,141,19217
8,19366,278,0.0,2379,141,19225
9,19375,278,0.0,2380,141,19234
5,19380,278,0.0,2381,141,19239
4,19384,278,0.0,2382,141,19243
15,19399,278,0.0,2383,141,19258
2,19401,278,0.0,2384,141,19260
2,19403,278,0.0,2385,141,19262
10,19413,278,0.0,2386,141,19272
18,19431,278,0.0,2387,141,19290
7,19438,278,0.0,2388,141,19297
2,19440,278,0.0,2389,141,19299
2,19442,278,0.0,2390,141,19301
2,19444,278,0.0,2391,141,19303
8,19452,279,1.0,2392,141,19311
5,19457,279,0.0,2393,141,19316
10,19467,279,0.0,2394,141,19326
8,19475,279,0.0,2395,141,19334
8,19483,279,0.0,2396,141,19342
5,19488,279,0.0,2397,141,19347
8,19496,279,0.0,2398,141,19355
4,19500,279,0.0,2399,141,19359
3,19503,279,0.0,2400,141,19362
4,19507,279,0.0,2401,141,19366
10,19517,279,0.0,2402,141,19376
8,19525,280,1.0,2403,141,19384
2,19527,280,0.0,2404,141,19386
8,19535,280,0.0,2405,141,19394
6,19541,280,0.0,2406,141,19400
8,19549,281,1.0,2407,141,19408
7,19556,281,0.0,2408,141,19415
2,19558,281,0.0,2409,141,19417
5,19563,281,0.0,2410,141,19422
8,19571,282,1.0,2411,141,19430
8,19579,283,1.0,2412,141,19438
13,19592,283,0.0,2413,141,19451
2,19594,283,0.0,2414,141,19453
4,19598,283,0.0,2415,141,19457
8,19606,284,1.0,2416,141,19465
10,19616,284,0.0,2417,141,19475
5,19621,284,0.0,2418,141,19480
13,19634,284,0.0,2419,141,19493
4,19638,284,0.0,2420,141,19497
2,19640,284,0.0,2421,141,19499
3,19643,284,0.0,2422,141,19502
8,19651,285,1.0,2423,141,19510
8,19659,285,0.0,2424,141,19518
5,19664,285,0.0,2425,141,19523
3,19667,285,0.0,2426,141,19526
8,19675,286,1.0,2427,141,19534
8,19683,287,1.0,2428,141,19542
11,19694,287,0.0,2429,141,19553
8,19702,287,0.0,2430,141,19561
13,19715,287,0.0,2431,141,19574
17,19732,287,0.0,2432,141,19591
5,19737,287,0.0,2433,141,19596
8,19745,288,1.0,2434,141,19604
8,19753,289,1.0,2435,141,19612
14,19767,289,0.0,2436,141,19626
4,19771,289,0.0,2437,141,19630
8,19779,289,0.0,2438,141,19638
2,19781,289,0.0,2439,141,19640
8,19789,289,0.0,2440,141,19648
9,19798,289,0.0,2441,141,19657
2,19800,289,0.0,2442,141,19659
6,19806,289,0.0,2443,141,19665
3,19809,289,0.0,2444,141,19668
2,19811,289,0.0,2445,141,19670
8,19819,290,1.0,2446,141,19678
8,19827,291,1.0,2447,141,19686
6,19833,291,0.0,2448,141,19692
2,19835,291,0.0,2449,141,19694
5,19840,291,0.0,2450,141,19699
4,19844,291,0.0,2451,141,19703
4,19848,291,0.0,2452,141,19707
7,19855,291,0.0,2453,141,19714
16,19871,291,0.0,2454,141,19730
5,19876,291,0.0,2455,141,19735
5,19881,291,0.0,2456,141,19740
12,19893,291,0.0,2457,141,19752
8,19901,292,1.0,2458,141,19760
5,19906,292,0.0,2459,141,19765
2,19908,292,0.0,2460,141,19767
4,19912,292,0.0,2461,141,19771
17,19929,292,0.0,2462,141,19788
5,19934,292,0.0,2463,141,19793
2,19936,292,0.0,2464,141,19795
8,19944,293,1.0,2465,141,19803
9,19953,293,0.0,2466,141,19812
2,19955,293,0.0,2467,141,19814
14,19969,293,0.0,2468,141,19828
5,19974,293,0.0,2469,141,19833
14,19988,293,0.0,2470,141,19847
8,19996,294,1.0,2471,141,19855
19,20015,294,0.0,2472,141,19874
13,20028,294,0.0,2473,141,19887
6,20034,294,0.0,2474,141,19893
13,20047,294,0.0,2475,141,19906
4,20051,294,0.0,2476,141,19910
16,20067,294,0.0,2477,141,19926
8,20075,295,1.0,2478,141,19934
8,20083,296,1.0,2479,141,19942
2,20085,296,0.0,2480,141,19944
12,20097,296,0.0,2481,141,19956
6,20103,296,0.0,2482,141,19962
3,20106,296,0.0,2483,141,19965
5,20111,296,0.0,2484,141,19970
15,20126,296,0.0,2485,141,19985
2,20128,296,0.0,2486,141,19987
2,20130,296,0.0,2487,141,19989
3,20133,296,0.0,2488,141,19992
7,20140,296,0.0,2489,141,19999
3,20143,296,0.0,2490,141,20002
13,20156,296,0.0,2491,141,20015
14,20170,296,0.0,2492,141,20029
15,20185,296,0.0,2493,141,20044
2,20187,296,0.0,2494,141,20046
8,20195,297,1.0,2495,141,20054
8,20203,298,1.0,2496,141,20062
14,20217,298,0.0,2497,141,20076
8,20225,299,1.0,2498,141,20084
19,20244,299,0.0,2499,141,20103
2,20246,299,0.0,2500,141,20105
4,20250,299,0.0,2501,141,20109
8,20258,299,0.0,2502,141,20117
8,20266,300,1.0,2503,141,20125
2,20268,300,0.0,2504,141,20127
4,20272,300,0.0,2505,141,20131
34,20306,300,0.0,2506,141,20165
4,20310,300,0.0,2507,141,20169
8,20318,301,1.0,2508,141,20177
8,20326,302,1.0,2509,141,20185
9,20335,302,0.0,2510,141,20194
5,20340,302,0.0,2511,141,20199
9,20349,302,0.0,2512,141,20208
7,20356,302,0.0,2513,141,20215
10,20366,302,0.0,2514,141,20225
3,20369,302,0.0,2515,141,20228
8,20377,302,0.0,2516,141,20236
8,20385,303,1.0,2517,141,20244
2,20387,303,0.0,2518,141,20246
4,20391,303,0.0,2519,141,20250
7,20398,303,0.0,2520,141,20257
2,20400,303,0.0,2521,141,20259
13,20413,303,0.0,2522,141,20272
14,20427,303,0.0,2523,141,20286
8,20435,303,0.0,2524,141,20294
2,20437,303,0.0,2525,141,20296
2,20439,303,0.0,2526,141,20298
23,20462,303,0.0,2527,141,20321
19,20481,304,1.0,2528,141,20340
7,20488,304,0.0,2529,141,20347
5,20493,304,0.0,2530,141,20352
8,20501,305,1.0,2531,141,20360
8,20509,306,1.0,2532,141,20368
8,20517,306,0.0,2533,141,20376
5,20522,306,0.0,2534,141,20381
8,20530,307,1.0,2535,141,20389
11,20541,307,0.0,2536,141,20400
8,20549,308,1.0,2537,141,20408
8,20557,309,1.0,2538,141,20416
5,20562,309,0.0,2539,141,20421
2,20564,309,0.0,2540,141,20423
20,20584,309,0.0,2541,141,20443
6,20590,309,0.0,2542,141,20449
8,20598,309,0.0,2543,141,20457
2,20600,309,0.0,2544,141,20459
2,20602,309,0.0,2545,141,20461
8,20610,309,0.0,2546,141,20469
11,20621,309,0.0,2547,141,20480
8,20629,309,0.0,2548,141,20488
8,20637,309,0.0,2549,141,20496
9,20646,309,0.0,2550,141,20505
22,20668,309,0.0,2551,141,20527
2,20670,309,0.0,2552,141,20529
8,20678,310,1.0,2553,141,20537
2,20680,310,0.0,2554,141,20539
9,20689,310,0.0,2555,141,20548
3,20692,310,0.0,2556,141,20551
13,20705,310,0.0,2557,141,20564
6,20711,310,0.0,2558,141,20570
8,20719,311,1.0,2559,141,20578
9,20728,311,0.0,2560,141,20587
2,20730,311,0.0,2561,141,20589
8,20738,312,1.0,2562,141,20597
12,20750,312,0.0,2563,141,20609
15,20765,312,0.0,2564,141,20624
9,20774,312,0.0,2565,141,20633
11,20785,312,0.0,2566,141,20644
2,20787,312,0.0,2567,141,20646
2,20789,312,0.0,2568,141,20648
8,20797,313,1.0,2569,141,20656
3,20800,313,0.0,2570,141,20659
4,20804,313,0.0,2571,141,20663
8,20812,314,1.0,2572,141,20671
8,20820,314,0.0,2573,141,20679
4,20824,314,0.0,2574,141,20683
6,20830,314,0.0,2575,141,20689
8,20838,315,1.0,2576,141,20697
14,20852,315,0.0,2577,141,20711
2,20854,315,0.0,2578,141,20713
7,20861,315,0.0,2579,141,20720
4,20865,315,0.0,2580,141,20724
3,20868,315,0.0,2581,141,20727
8,20876,315,0.0,2582,141,20735
9,20885,315,0.0,2583,141,20744
15,20900,315,0.0,2584,141,20759
8,20908,315,0.0,2585,141,20767
8,20916,316,1.0,2586,141,20775
8,20924,317,1.0,2587,141,20783
7,20931,317,0.0,2588,141,20790
2,20933,317,0.0,2589,141,20792
2,20935,317,0.0,2590,141,20794
9,20944,317,0.0,2591,141,20803
25,20969,317,0.0,2592,141,20828
8,20977,318,1.0,2593,141,20836
8,20985,319,1.0,2594,141,20844
5,20990,319,0.0,2595,141,20849
10,21000,319,0.0,2596,141,20859
13,21013,319,0.0,2597,141,20872
2,21015,319,0.0,2598,141,20874
8,21023,319,0.0,2599,141,20882
6,21029,319,0.0,2600,141,20888
3,21032,319,0.0,2601,141,20891
22,21054,319,0.0,2602,141,20913
8,21062,320,1.0,2603,141,20921
4,21066,320,0.0,2604,141,20925
6,21072,320,0.0,2605,141,20931
14,21086,320,0.0,2606,141,20945
8,21094,321,1.0,2607,141,20953
4,21098,321,0.0,2608,141,20957
8,21106,321,0.0,2609,141,20965
8,21114,322,1.0,2610,141,20973
2,21116,322,0.0,2611,141,20975
11,21127,322,0.0,2612,141,20986
9,21136,322,0.0,2613,141,20995
9,21145,322,0.0,2614,141,21004
2,21147,322,0.0,2615,141,21006
6,21153,322,0.0,2616,141,21012
8,21161,322,0.0,2617,141,21020
3,21164,322,0.0,2618,141,21023
2,21166,322,0.0,2619,141,21025
7,21173,322,0.0,2620,141,21032
11,21184,322,0.0,2621,141,21043
11,21195,322,0.0,2622,141,21054
8,21203,323,1.0,2623,141,21062
4,21207,323,0.0,2624,141,21066
8,21215,324,1.0,2625,141,21074
2,21217,324,0.0,2626,141,21076
5,21222,324,0.0,2627,141,21081
8,21230,325,1.0,2628,141,21089
5,21235,325,0.0,2629,141,21094
8,21243,326,1.0,2630,141,21102
5,21248,326,0.0,2631,141,21107
14,21262,326,0.0,2632,141,21121
8,21270,327,1.0,2633,141,21129
25,21295,327,0.0,2634,141,21154
8,21303,328,1.0,2635,141,21162
8,21311,328,0.0,2636,141,21170
4,21315,328,0.0,2637,141,21174
7,21322,328,0.0,2638,141,21181
8,21330,329,1.0,2639,141,21189
8,21338,329,0.0,2640,141,21197
2,21340,329,0.0,2641,141,21199
8,21348,330,1.0,2642,141,21207
5,21353,330,0.0,2643,141,21212
8,21361,331,1.0,2644,141,21220
2,21363,331,0.0,2645,141,21222
8,21371,332,1.0,2646,141,21230
8,21379,332,0.0,2647,141,21238
8,21387,332,0.0,2648,141,21246
6,21393,332,0.0,2649,141,21252
6,21399,332,0.0,2650,141,21258
8,21407,332,0.0,2651,141,21266
5,21412,332,0.0,2652,141,21271
7,21419,332,0.0,2653,141,21278
5,21424,332,0.0,2654,141,21283
5,21429,332,0.0,2655,141,21288
8,21437,332,0.0,2656,141,21296
2,21439,332,0.0,2657,141,21298
2,21441,332,0.0,2658,141,21300
8,21449,333,1.0,2659,141,21308
4,21453,333,0.0,2660,141,21312
17,21470,334,1.0,2661,141,21329
8,21478,335,1.0,2662,141,21337
6,21484,335,0.0,2663,141,21343
8,21492,336,1.0,2664,141,21351
22,21514,336,0.0,2665,141,21373
2,21516,336,0.0,2666,141,21375
8,21524,337,1.0,2667,141,21383
17,21541,338,1.0,2668,141,21400
8,21549,339,1.0,2669,141,21408
8,21557,340,1.0,2670,141,21416
4,21561,340,0.0,2671,141,21420
4,21565,340,0.0,2672,141,21424
3,21568,340,0.0,2673,141,21427
8,21576,341,1.0,2674,141,21435
3,21579,341,0.0,2675,141,21438
8,21587,341,0.0,2676,141,21446
15,21602,341,0.0,2677,141,21461
15,21617,341,0.0,2678,141,21476
25,21642,341,0.0,2679,141,21501
2,21644,341,0.0,2680,141,21503
8,21652,342,1.0,2681,141,21511
5,21657,342,0.0,2682,141,21516
2,21659,342,0.0,2683,141,21518
8,21667,342,0.0,2684,141,21526
4,21671,342,0.0,2685,141,21530
8,21679,343,1.0,2686,141,21538
7,21686,343,0.0,2687,141,21545
5,21691,343,0.0,2688,141,21550
2,21693,343,0.0,2689,141,21552
8,21701,344,1.0,2690,141,21560
8,21709,344,0.0,2691,141,21568
4,21713,344,0.0,2692,141,21572
6,21719,344,0.0,2693,141,21578
2,21721,344,0.0,2694,141,21580
17,21738,345,1.0,2695,141,21597
4,21742,345,0.0,2696,141,21601
6,21748,345,0.0,2697,141,21607
5,21753,345,0.0,2698,141,21612
9,21762,345,0.0,2699,141,21621
4,21766,345,0.0,2700,141,21625
8,21774,345,0.0,2701,141,21633
6,21780,345,0.0,2702,141,21639
3,21783,345,0.0,2703,141,21642
20,21803,345,0.0,2704,141,21662
8,21811,346,1.0,2705,141,21670
5,21816,346,0.0,2706,141,21675
2,21818,346,0.0,2707,141,21677
14,21832,346,0.0,2708,141,21691
2,21834,346,0.0,2709,141,21693
11,21845,346,0.0,2710,141,21704
4,21849,346,0.0,2711,141,21708
18,21867,346,0.0,2712,141,21726
5,21872,346,0.0,2713,141,21731
3,21875,346,0.0,2714,141,21734
13,21888,346,0.0,2715,141,21747
2,21890,346,0.0,2716,141,21749
2,21892,346,0.0,2717,141,21751
13,21905,346,0.0,2718,141,21764
9,21914,346,0.0,2719,141,21773
7,21921,346,0.0,2720,141,21780
2,21923,346,0.0,2721,141,21782
8,21931,347,1.0,2722,141,21790
8,21939,348,1.0,2723,141,21798
13,21952,348,0.0,2724,141,21811
9,21961,348,0.0,2725,141,21820
3,21964,348,0.0,2726,141,21823
10,21974,348,0.0,2727,141,21833
7,21981,348,0.0,2728,141,21840
26,22007,348,0.0,2729,141,21866
8,22015,349,1.0,2730,141,21874
9,22024,349,0.0,2731,141,21883
8,22032,350,1.0,2732,141,21891
10,22042,350,0.0,2733,141,21901
9,22051,350,0.0,2734,141,21910
4,22055,350,0.0,2735,141,21914
6,22061,350,0.0,2736,141,21920
2,22063,350,0.0,2737,141,21922
5,22068,350,0.0,2738,141,21927
6,22074,350,0.0,2739,141,21933
8,22082,351,1.0,2740,141,21941
7,22089,351,0.0,2741,141,21948
8,22097,351,0.0,2742,141,21956
7,22104,351,0.0,2743,141,21963
2,22106,351,0.0,2744,141,21965
2,22108,351,0.0,2745,141,21967
8,22116,352,1.0,2746,141,21975
15,22131,352,0.0,2747,141,21990
8,22139,353,1.0,2748,141,21998
2,22141,353,0.0,2749,141,22000
19,22160,353,0.0,2750,141,22019
8,22168,354,1.0,2751,141,22027
17,22185,355,1.0,2752,141,22044
8,22193,356,1.0,2753,141,22052
18,22211,356,0.0,2754,141,22070
8,22219,357,1.0,2755,141,22078
8,22227,358,1.0,2756,141,22086
2,22229,358,0.0,2757,141,22088
2,22231,358,0.0,2758,141,22090
5,22236,358,0.0,2759,141,22095
3,22239,358,0.0,2760,141,22098
2,22241,358,0.0,2761,141,22100
6,22247,358,0.0,2762,141,22106
6,22253,358,0.0,2763,141,22112
6,22259,358,0.0,2764,141,22118
4,22263,358,0.0,2765,141,22122
19,22282,358,0.0,2766,141,22141
2,22284,358,0.0,2767,141,22143
6,22290,358,0.0,2768,141,22149
2,22292,358,0.0,2769,141,22151
19,22311,358,0.0,2770,141,22170
8,22319,358,0.0,2771,141,22178
8,22327,359,1.0,2772,141,22186
13,22340,359,0.0,2773,141,22199
9,22349,359,0.0,2774,141,22208
17,22366,360,1.0,2775,141,22225
4,22370,360,0.0,2776,141,22229
7,22377,360,0.0,2777,141,22236
8,22385,361,1.0,2778,141,22244
5,22390,361,0.0,2779,141,22249
2,22392,361,0.0,2780,141,22251
4,22396,361,0.0,2781,141,22255
4,22400,361,0.0,2782,141,22259
8,22408,361,0.0,2783,141,22267
2,22410,361,0.0,2784,141,22269
8,22418,362,1.0,2785,141,22277
8,22426,363,1.0,2786,141,22285
6,22432,363,0.0,2787,141,22291
10,22442,363,0.0,2788,141,22301
8,22450,363,0.0,2789,141,22309
8,22458,364,1.0,2790,141,22317
10,22468,364,0.0,2791,141,22327
11,22479,364,0.0,2792,141,22338
17,22496,364,0.0,2793,141,22355
7,22503,364,0.0,2794,141,22362
2,22505,364,0.0,2795,141,22364
4,22509,364,0.0,2796,141,22368
8,22517,365,1.0,2797,141,22376
2,22519,365,0.0,2798,141,22378
5,22524,365,0.0,2799,141,22383
18,22542,365,0.0,2800,141,22401
5,22547,365,0.0,2801,141,22406
10,22557,365,0.0,2802,141,22416
8,22565,365,0.0,2803,141,22424
8,22573,365,0.0,2804,141,22432
10,22583,365,0.0,2805,141,22442
2,22585,365,0.0,2806,141,22444
15,22600,365,0.0,2807,141,22459
8,22608,366,1.0,2808,141,22467
8,22616,367,1.0,2809,141,22475
9,22625,367,0.0,2810,141,22484
7,22632,367,0.0,2811,141,22491
12,22644,367,0.0,2812,141,22503
2,22646,367,0.0,2813,141,22505
4,22650,367,0.0,2814,141,22509
5,22655,367,0.0,2815,141,22514
4,22659,367,0.0,2816,141,22518
11,22670,367,0.0,2817,141,22529
2,22672,367,0.0,2818,141,22531
10,22682,367,0.0,2819,141,22541
5,22687,367,0.0,2820,141,22546
3,22690,367,0.0,2821,141,22549
2,22692,367,0.0,2822,141,22551
2,22694,367,0.0,2823,141,22553
16,22710,367,0.0,2824,141,22569
16,22726,367,0.0,2825,141,22585
8,22734,368,1.0,2826,141,22593
2,22736,368,0.0,2827,141,22595
8,22744,368,0.0,2828,141,22603
9,22753,368,0.0,2829,141,22612
4,22757,368,0.0,2830,141,22616
8,22765,369,1.0,2831,141,22624
3,22768,369,0.0,2832,141,22627
4,22772,369,0.0,2833,141,22631
6,22778,369,0.0,2834,141,22637
3,22781,369,0.0,2835,141,22640
2,22783,369,0.0,2836,141,22642
16,22799,369,0.0,2837,141,22658
4,22803,369,0.0,2838,141,22662
3,22806,369,0.0,2839,141,22665
3,22809,369,0.0,2840,141,22668
8,22817,370,1.0,2841,141,22676
2,22819,370,0.0,2842,141,22678
2,22821,370,0.0,2843,141,22680
8,22829,371,1.0,2844,141,22688
26,22855,371,0.0,2845,141,22714
2,22857,371,0.0,2846,141,22716
8,22865,372,1.0,2847,141,22724
9,22874,372,0.0,2848,141,22733
5,22879,372,0.0,2849,141,22738
8,22887,373,1.0,2850,141,22746
6,22893,373,0.0,2851,141,22752
5,22898,373,0.0,2852,141,22757
5,22903,373,0.0,2853,141,22762
10,22913,373,0.0,2854,141,22772
10,22923,373,0.0,2855,141,22782
8,22931,373,0.0,2856,141,22790
8,22939,374,1.0,2857,141,22798
9,22948,374,0.0,2858,141,22807
14,22962,374,0.0,2859,141,22821
27,22989,374,0.0,2860,141,22848
5,22994,374,0.0,2861,141,22853
8,23002,374,0.0,2862,141,22861
10,23012,374,0.0,2863,141,22871
11,23023,374,0.0,2864,141,22882
18,23041,374,0.0,2865,141,22900
3,23044,374,0.0,2866,141,22903
5,23049,374,0.0,2867,141,22908
8,23057,375,1.0,2868,141,22916
13,23070,375,0.0,2869,141,22929
16,23086,375,0.0,2870,141,22945
4,23090,375,0.0,2871,141,22949
7,23097,375,0.0,2872,141,22956
8,23105,376,1.0,2873,141,22964
8,23113,377,1.0,2874,141,22972
8,23121,377,0.0,2875,141,22980
2,23123,377,0.0,2876,141,22982
5,23128,377,0.0,2877,141,22987
2,23130,377,0.0,2878,141,22989
8,23138,377,0.0,2879,141,22997
10,23148,377,0.0,2880,141,23007
19,23167,378,1.0,2881,141,23026
21,23188,378,0.0,2882,141,23047
2,23190,378,0.0,2883,141,23049
7,23197,378,0.0,2884,141,23056
8,23205,378,0.0,2885,141,23064
7,23212,378,0.0,2886,141,23071
2,23214,378,0.0,2887,141,23073
2,23216,378,0.0,2888,141,23075
5,23221,378,0.0,2889,141,23080
5,23226,378,0.0,2890,141,23085
17,23243,379,1.0,2891,141,23102
13,23256,379,0.0,2892,141,23115
8,23264,379,0.0,2893,141,23123
12,23276,379,0.0,2894,141,23135
2,23278,379,0.0,2895,141,23137
8,23286,380,1.0,2896,141,23145
4,23290,380,0.0,2897,141,23149
5,23295,380,0.0,2898,141,23154
8,23303,381,1.0,2899,141,23162
2,23305,381,0.0,2900,141,23164
22,23327,381,0.0,2901,141,23186
8,23335,381,0.0,2902,141,23194
10,23345,381,0.0,2903,141,23204
2,23347,381,0.0,2904,141,23206
8,23355,382,1.0,2905,141,23214
2,23357,382,0.0,2906,141,23216
7,23364,382,0.0,2907,141,23223
19,23383,383,1.0,2908,141,23242
5,23388,383,0.0,2909,141,23247
2,23390,383,0.0,2910,141,23249
9,23399,383,0.0,2911,141,23258
8,23407,383,0.0,2912,141,23266
8,23415,384,1.0,2913,141,23274
2,23417,384,0.0,2914,141,23276
8,23425,385,1.0,2915,141,23284
8,23433,386,1.0,2916,141,23292
4,23437,386,0.0,2917,141,23296
8,23445,387,1.0,2918,141,23304
8,23453,388,1.0,2919,141,23312
2,23455,388,0.0,2920,141,23314
6,23461,388,0.0,2921,141,23320
8,23469,389,1.0,2922,141,23328
8,23477,390,1.0,2923,141,23336
8,23485,391,1.0,2924,141,23344
8,23493,392,1.0,2925,141,23352
8,23501,393,1.0,2926,141,23360
4,23505,393,0.0,2927,141,23364
8,23513,394,1.0,2928,141,23372
7,23520,394,0.0,2929,141,23379
9,23529,394,0.0,2930,141,23388
8,23537,394,0.0,2931,141,23396
16,23553,394,0.0,2932,141,23412
4,23557,394,0.0,2933,141,23416
9,23566,394,0.0,2934,141,23425
12,23578,394,0.0,2935,141,23437
5,23583,394,0.0,2936,141,23442
8,23591,395,1.0,2937,141,23450
5,23596,395,0.0,2938,141,23455
7,23603,395,0.0,2939,141,23462
8,23611,396,1.0,2940,141,23470
8,23619,397,1.0,2941,141,23478
3,23622,397,0.0,2942,141,23481
8,23630,398,1.0,2943,141,23489
4,23634,398,0.0,2944,141,23493
2,23636,398,0.0,2945,141,23495
17,23653,398,0.0,2946,141,23512
21,23674,398,0.0,2947,141,23533
8,23682,399,1.0,2948,141,23541
2,23684,399,0.0,2949,141,23543
7,23691,399,0.0,2950,141,23550
3,23694,399,0.0,2951,141,23553
2,23696,399,0.0,2952,141,23555
2,23698,399,0.0,2953,141,23557
2,23700,399,0.0,2954,141,23559
8,23708,400,1.0,2955,141,23567
2,23710,400,0.0,2956,141,23569
11,23721,400,0.0,2957,141,23580
2,23723,400,0.0,2958,141,23582
2,23725,400,0.0,2959,141,23584
8,23733,401,1.0,2960,141,23592
8,23741,402,1.0,2961,141,23600
8,23749,403,1.0,2962,141,23608
8,23757,404,1.0,2963,141,23616
3,23760,404,0.0,2964,141,23619
10,23770,404,0.0,2965,141,23629
6,23776,404,0.0,2966,141,23635
5,23781,404,0.0,2967,141,23640
5,23786,404,0.0,2968,141,23645
8,23794,404,0.0,2969,141,23653
8,23802,405,1.0,2970,141,23661
8,23810,406,1.0,2971,141,23669
13,23823,406,0.0,2972,141,23682
4,23827,406,0.0,2973,141,23686
2,23829,406,0.0,2974,141,23688
3,23832,406,0.0,2975,141,23691
14,23846,406,0.0,2976,141,23705
11,23857,406,0.0,2977,141,23716
6,23863,406,0.0,2978,141,23722
5,23868,406,0.0,2979,141,23727
8,23876,407,1.0,2980,141,23735
6,23882,407,0.0,2981,141,23741
13,23895,407,0.0,2982,141,23754
7,23902,407,0.0,2983,141,23761
11,23913,407,0.0,2984,141,23772
2,23915,407,0.0,2985,141,23774
2,23917,407,0.0,2986,141,23776
19,23936,407,0.0,2987,141,23795
16,23952,407,0.0,2988,141,23811
7,23959,407,0.0,2989,141,23818
8,23967,408,1.0,2990,141,23826
7,23974,408,0.0,2991,141,23833
8,23982,408,0.0,2992,141,23841
8,23990,409,1.0,2993,141,23849
5,23995,409,0.0,2994,141,23854
8,24003,410,1.0,2995,141,23862
5,24008,410,0.0,2996,141,23867
6,24014,410,0.0,2997,141,23873
3,24017,410,0.0,2998,141,23876
4,24021,410,0.0,2999,141,23880
18,24039,410,0.0,3000,141,23898
10,24049,410,0.0,3001,141,23908
2,24051,410,0.0,3002,141,23910
9,24060,410,0.0,3003,141,23919
2,24062,410,0.0,3004,141,23921
8,24070,410,0.0,3005,141,23929
3,24073,410,0.0,3006,141,23932
7,24080,410,0.0,3007,141,23939
8,24088,411,1.0,3008,141,23947
14,24102,411,0.0,3009,141,23961
2,24104,411,0.0,3010,141,23963
5,24109,411,0.0,3011,141,23968
4,24113,411,0.0,3012,141,23972
13,24126,411,0.0,3013,141,23985
14,24140,411,0.0,3014,141,23999
8,24148,411,0.0,3015,141,24007
5,24153,411,0.0,3016,141,24012
7,24160,411,0.0,3017,141,24019
3,24163,411,0.0,3018,141,24022
2,24165,411,0.0,3019,141,24024
20,24185,411,0.0,3020,141,24044
8,24193,412,1.0,3021,141,24052
4,24197,412,0.0,3022,141,24056
2,24199,412,0.0,3023,141,24058
6,24205,412,0.0,3024,141,24064
4,24209,412,0.0,3025,141,24068
2,24211,412,0.0,3026,141,24070
10,24221,412,0.0,3027,141,24080
8,24229,413,1.0,3028,141,24088
8,24237,414,1.0,3029,141,24096
5,24242,414,0.0,3030,141,24101
6,24248,414,0.0,3031,141,24107
8,24256,414,0.0,3032,141,24115
2,24258,414,0.0,3033,141,24117
9,24267,414,0.0,3034,141,24126
2,24269,414,0.0,3035,141,24128
2,24271,414,0.0,3036,141,24130
8,24279,414,0.0,3037,141,24138
13,24292,414,0.0,3038,141,24151
8,24300,415,1.0,3039,141,24159
8,24308,416,1.0,3040,141,24167
8,24316,417,1.0,3041,141,24175
6,24322,417,0.0,3042,141,24181
8,24330,418,1.0,3043,141,24189
7,24337,418,0.0,3044,141,24196
4,24341,418,0.0,3045,141,24200
4,24345,418,0.0,3046,141,24204
14,24359,418,0.0,3047,141,24218
5,24364,418,0.0,3048,141,24223
2,24366,418,0.0,3049,141,24225
7,24373,418,0.0,3050,141,24232
16,24389,418,0.0,3051,141,24248
8,24397,418,0.0,3052,141,24256
2,24399,418,0.0,3053,141,24258
5,24404,418,0.0,3054,141,24263
8,24412,419,1.0,3055,141,24271
6,24418,419,0.0,3056,141,24277
9,24427,419,0.0,3057,141,24286
7,24434,419,0.0,3058,141,24293
8,24442,420,1.0,3059,141,24301
5,24447,420,0.0,3060,141,24306
6,24453,420,0.0,3061,141,24312
9,24462,420,0.0,3062,141,24321
2,24464,420,0.0,3063,141,24323
5,24469,420,0.0,3064,141,24328
4,24473,420,0.0,3065,141,24332
3,24476,420,0.0,3066,141,24335
8,24484,421,1.0,3067,141,24343
6,24490,421,0.0,3068,141,24349
8,24498,422,1.0,3069,141,24357
7,24505,422,0.0,3070,141,24364
8,24513,423,1.0,3071,141,24372
6,24519,423,0.0,3072,141,24378
16,24535,423,0.0,3073,141,24394
2,24537,423,0.0,3074,141,24396
7,24544,423,0.0,3075,141,24403
2,24546,423,0.0,3076,141,24405
2,24548,423,0.0,3077,141,24407
14,24562,423,0.0,3078,141,24421
2,24564,423,0.0,3079,141,24423
3,24567,423,0.0,3080,141,24426
4,24571,423,0.0,3081,141,24430
5,24576,423,0.0,3082,141,24435
8,24584,423,0.0,3083,141,24443
8,24592,424,1.0,3084,141,24451
8,24600,425,1.0,3085,141,24459
8,24608,426,1.0,3086,141,24467
8,24616,427,1.0,3087,141,24475
2,24618,427,0.0,3088,141,24477
7,24625,427,0.0,3089,141,24484
8,24633,428,1.0,3090,141,24492
2,24635,428,0.0,3091,141,24494
9,24644,428,0.0,3092,141,24503
12,24656,428,0.0,3093,141,24515
8,24664,429,1.0,3094,141,24523
17,24681,430,1.0,3095,141,24540
4,24685,430,0.0,3096,141,24544
4,24689,430,0.0,3097,141,24548
10,24699,430,0.0,3098,141,24558
6,24705,430,0.0,3099,141,24564
2,24707,430,0.0,3100,141,24566
8,24715,431,1.0,3101,141,24574
8,24723,431,0.0,3102,141,24582
4,24727,431,0.0,3103,141,24586
8,24735,432,1.0,3104,141,24594
3,24738,432,0.0,3105,141,24597
8,24746,432,0.0,3106,141,24605
5,24751,432,0.0,3107,141,24610
2,24753,432,0.0,3108,141,24612
18,24771,432,0.0,3109,141,24630
13,24784,432,0.0,3110,141,24643
2,24786,432,0.0,3111,141,24645
12,24798,432,0.0,3112,141,24657
13,24811,432,0.0,3113,141,24670
5,24816,432,0.0,3114,141,24675
5,24821,432,0.0,3115,141,24680
8,24829,433,1.0,3116,141,24688
2,24831,433,0.0,3117,141,24690
4,24835,433,0.0,3118,141,24694
3,24838,433,0.0,3119,141,24697
13,24851,433,0.0,3120,141,24710
2,24853,433,0.0,3121,141,24712
8,24861,434,1.0,3122,141,24720
2,24863,434,0.0,3123,141,24722
26,24889,434,0.0,3124,141,24748
7,24896,434,0.0,3125,141,24755
2,24898,434,0.0,3126,141,24757
8,24906,435,1.0,3127,141,24765
6,24912,435,0.0,3128,141,24771
13,24925,435,0.0,3129,141,24784
6,24931,435,0.0,3130,141,24790
4,24935,435,0.0,3131,141,24794
6,24941,435,0.0,3132,141,24800
2,24943,435,0.0,3133,141,24802
13,24956,435,0.0,3134,141,24815
8,24964,436,1.0,3135,141,24823
3,24967,436,0.0,3136,141,24826
9,24976,436,0.0,3137,141,24835
8,24984,437,1.0,3138,141,24843
12,24996,437,0.0,3139,141,24855
8,25004,438,1.0,3140,141,24863
8,25012,438,0.0,3141,141,24871
2,25014,438,0.0,3142,141,24873
5,25019,438,0.0,3143,141,24878
19,25038,439,1.0,3144,141,24897
4,25042,439,0.0,3145,141,24901
9,25051,439,0.0,3146,141,24910
18,25069,439,0.0,3147,141,24928
8,25077,440,1.0,3148,141,24936
8,25085,441,1.0,3149,141,24944
11,25096,441,0.0,3150,141,24955
16,25112,441,0.0,3151,141,24971
4,25116,441,0.0,3152,141,24975
2,25118,441,0.0,3153,141,24977
2,25120,441,0.0,3154,141,24979
8,25128,442,1.0,3155,141,24987
2,25130,442,0.0,3156,141,24989
9,25139,442,0.0,3157,141,24998
8,25147,443,1.0,3158,141,25006
17,25164,444,1.0,3159,141,25023
8,25172,444,0.0,3160,141,25031
2,25174,444,0.0,3161,141,25033
13,25187,444,0.0,3162,141,25046
9,25196,444,0.0,3163,141,25055
10,25206,444,0.0,3164,141,25065
8,25214,445,1.0,3165,141,25073
2,25216,445,0.0,3166,141,25075
6,25222,445,0.0,3167,141,25081
2,25224,445,0.0,3168,141,25083
4,25228,445,0.0,3169,141,25087
8,25236,446,1.0,3170,141,25095
12,25248,446,0.0,3171,141,25107
23,25271,446,0.0,3172,141,25130
7,25278,446,0.0,3173,141,25137
2,25280,446,0.0,3174,141,25139
17,25297,446,0.0,3175,141,25156
7,25304,446,0.0,3176,141,25163
5,25309,446,0.0,3177,141,25168
8,25317,447,1.0,3178,141,25176
6,25323,447,0.0,3179,141,25182
8,25331,448,1.0,3180,141,25190
8,25339,448,0.0,3181,141,25198
2,25341,448,0.0,3182,141,25200
8,25349,449,1.0,3183,141,25208
5,25354,449,0.0,3184,141,25213
8,25362,450,1.0,3185,141,25221
8,25370,451,1.0,3186,141,25229
8,25378,452,1.0,3187,141,25237
8,25386,453,1.0,3188,141,25245
8,25394,454,1.0,3189,141,25253
2,25396,454,0.0,3190,141,25255
8,25404,455,1.0,3191,141,25263
11,25415,455,0.0,3192,141,25274
8,25423,456,1.0,3193,141,25282
2,25425,456,0.0,3194,141,25284
9,25434,456,0.0,3195,141,25293
2,25436,456,0.0,3196,141,25295
6,25442,456,0.0,3197,141,25301
23,25465,456,0.0,3198,141,25324
2,25467,456,0.0,3199,141,25326
2,25469,456,0.0,3200,141,25328
8,25477,457,1.0,3201,141,25336
4,25481,457,0.0,3202,141,25340
8,25489,458,1.0,3203,141,25348
4,25493,458,0.0,3204,141,25352
5,25498,458,0.0,3205,141,25357
4,25502,458,0.0,3206,141,25361
8,25510,459,1.0,3207,141,25369
12,25522,459,0.0,3208,141,25381
8,25530,460,1.0,3209,141,25389
8,25538,461,1.0,3210,141,25397
5,25543,461,0.0,3211,141,25402
6,25549,461,0.0,3212,141,25408
4,25553,461,0.0,3213,141,25412
8,25561,462,1.0,3214,141,25420
3,25564,462,0.0,3215,141,25423
2,25566,462,0.0,3216,141,25425
4,25570,462,0.0,3217,141,25429
5,25575,462,0.0,3218,141,25434
8,25583,462,0.0,3219,141,25442
2,25585,462,0.0,3220,141,25444
9,25594,462,0.0,3221,141,25453
5,25599,462,0.0,3222,141,25458
8,25607,462,0.0,3223,141,25466
16,25623,462,0.0,3224,141,25482
8,25631,463,1.0,3225,141,25490
8,25639,464,1.0,3226,141,25498
17,25656,465,1.0,3227,141,25515
8,25664,466,1.0,3228,141,25523
2,25666,466,0.0,3229,141,25525
5,25671,466,0.0,3230,141,25530
3,25674,466,0.0,3231,141,25533
11,25685,466,0.0,3232,141,25544
3,25688,466,0.0,3233,141,25547
10,25698,466,0.0,3234,141,25557
13,25711,466,0.0,3235,141,25570
4,25715,466,0.0,3236,141,25574
7,25722,466,0.0,3237,141,25581
8,25730,466,0.0,3238,141,25589
2,25732,466,0.0,3239,141,25591
10,25742,466,0.0,3240,141,25601
2,25744,466,0.0,3241,141,25603
3,25747,466,0.0,3242,141,25606
8,25755,467,1.0,3243,141,25614
8,25763,468,1.0,3244,141,25622
2,25765,468,0.0,3245,141,25624
8,25773,468,0.0,3246,141,25632
8,25781,468,0.0,3247,141,25640
8,25789,469,1.0,3248,141,25648
7,25796,469,0.0,3249,141,25655
8,25804,470,1.0,3250,141,25663
8,25812,471,1.0,3251,141,25671
2,25814,471,0.0,3252,141,25673
8,25822,472,1.0,3253,141,25681
2,25824,472,0.0,3254,141,25683
2,25826,472,0.0,3255,141,25685
16,25842,472,0.0,3256,141,25701
8,25850,473,1.0,3257,141,25709
4,25854,473,0.0,3258,141,25713
5,25859,473,0.0,3259,141,25718
4,25863,473,0.0,3260,141,25722
19,25882,473,0.0,3261,141,25741
2,25884,473,0.0,3262,141,25743
8,25892,474,1.0,3263,141,25751
8,25900,474,0.0,3264,141,25759
13,25913,474,0.0,3265,141,25772
9,25922,474,0.0,3266,141,25781
4,25926,474,0.0,3267,141,25785
2,25928,474,0.0,3268,141,25787
10,25938,474,0.0,3269,141,25797
8,25946,475,1.0,3270,141,25805
4,25950,475,0.0,3271,141,25809
8,25958,475,0.0,3272,141,25817
2,25960,475,0.0,3273,141,25819
15,25975,475,0.0,3274,141,25834
2,25977,475,0.0,3275,141,25836
5,25982,475,0.0,3276,141,25841
6,25988,475,0.0,3277,141,25847
2,25990,475,0.0,3278,141,25849
3,25993,475,0.0,3279,141,25852
8,26001,476,1.0,3280,141,25860
8,26009,476,0.0,3281,141,25868
10,26019,476,0.0,3282,141,25878
8,26027,477,1.0,3283,141,25886
8,26035,478,1.0,3284,141,25894
14,26049,478,0.0,3285,141,25908
19,26068,479,1.0,3286,141,25927
8,26076,480,1.0,3287,141,25935
8,26084,481,1.0,3288,141,25943
16,26100,481,0.0,3289,141,25959
11,26111,481,0.0,3290,141,25970
5,26116,481,0.0,3291,141,25975
14,26130,481,0.0,3292,141,25989
8,26138,481,0.0,3293,141,25997
8,26146,482,1.0,3294,141,26005
8,26154,483,1.0,3295,141,26013
8,26162,484,1.0,3296,141,26021
2,26164,484,0.0,3297,141,26023
10,26174,484,0.0,3298,141,26033
13,26187,484,0.0,3299,141,26046
4,26191,484,0.0,3300,141,26050
2,26193,484,0.0,3301,141,26052
4,26197,484,0.0,3302,141,26056
8,26205,485,1.0,3303,141,26064
2,26207,485,0.0,3304,141,26066
7,26214,485,0.0,3305,141,26073
5,26219,485,0.0,3306,141,26078
5,26224,485,0.0,3307,141,26083
7,26231,485,0.0,3308,141,26090
2,26233,485,0.0,3309,141,26092
8,26241,486,1.0,3310,141,26100
4,26245,486,0.0,3311,141,26104
2,26247,486,0.0,3312,141,26106
4,26251,486,0.0,3313,141,26110
2,26253,486,0.0,3314,141,26112
4,26257,486,0.0,3315,141,26116
9,26266,486,0.0,3316,141,26125
20,26286,486,0.0,3317,141,26145
9,26295,486,0.0,3318,141,26154
8,26303,487,1.0,3319,141,26162
4,26307,487,0.0,3320,141,26166
4,26311,487,0.0,3321,141,26170
8,26319,488,1.0,3322,141,26178
4,26323,488,0.0,3323,141,26182
5,26328,488,0.0,3324,141,26187
10,26338,488,0.0,3325,141,26197
8,26346,488,0.0,3326,141,26205
19,26365,488,0.0,3327,141,26224
7,26372,488,0.0,3328,141,26231
4,26376,488,0.0,3329,141,26235
2,26378,488,0.0,3330,141,26237
28,26406,488,0.0,3331,141,26265
10,26416,488,0.0,3332,141,26275
5,26421,488,0.0,3333,141,26280
2,26423,488,0.0,3334,141,26282
13,26436,488,0.0,3335,141,26295
8,26444,488,0.0,3336,141,26303
8,26452,488,0.0,3337,141,26311
6,26458,488,0.0,3338,141,26317
9,26467,488,0.0,3339,141,26326
2,26469,488,0.0,3340,141,26328
13,26482,488,0.0,3341,141,26341
7,26489,488,0.0,3342,141,26348
3,26492,488,0.0,3343,141,26351
8,26500,488,0.0,3344,141,26359
8,26508,489,1.0,3345,141,26367
8,26516,490,1.0,3346,141,26375
5,26521,490,0.0,3347,141,26380
4,26525,490,0.0,3348,141,26384
7,26532,490,0.0,3349,141,26391
13,26545,490,0.0,3350,141,26404
13,26558,490,0.0,3351,141,26417
5,26563,490,0.0,3352,141,26422
10,26573,490,0.0,3353,141,26432
8,26581,491,1.0,3354,141,26440
8,26589,492,1.0,3355,141,26448
5,26594,492,0.0,3356,141,26453
16,26610,492,0.0,3357,141,26469
22,26632,492,0.0,3358,141,26491
8,26640,492,0.0,3359,141,26499
18,26658,492,0.0,3360,141,26517
8,26666,493,1.0,3361,141,26525
13,26679,493,0.0,3362,141,26538
2,26681,493,0.0,3363,141,26540
10,26691,493,0.0,3364,141,26550
8,26699,493,0.0,3365,141,26558
13,26712,493,0.0,3366,141,26571
14,26726,493,0.0,3367,141,26585
8,26734,493,0.0,3368,141,26593
2,26736,493,0.0,3369,141,26595
2,26738,493,0.0,3370,141,26597
8,26746,493,0.0,3371,141,26605
5,26751,493,0.0,3372,141,26610
8,26759,494,1.0,3373,141,26618
3,26762,494,0.0,3374,141,26621
5,26767,494,0.0,3375,141,26626
12,26779,494,0.0,3376,141,26638
3,26782,494,0.0,3377,141,26641
10,26792,494,0.0,3378,141,26651
8,26800,494,0.0,3379,141,26659
2,26802,494,0.0,3380,141,26661
4,26806,494,0.0,3381,141,26665
2,26808,494,0.0,3382,141,26667
2,26810,494,0.0,3383,141,26669
18,26828,494,0.0,3384,141,26687
4,26832,494,0.0,3385,141,26691
8,26840,495,1.0,3386,141,26699
5,26845,495,0.0,3387,141,26704
4,26849,495,0.0,3388,141,26708
7,26856,495,0.0,3389,141,26715
9,26865,495,0.0,3390,141,26724
8,26873,496,1.0,3391,141,26732
4,26877,496,0.0,3392,141,26736
17,26894,496,0.0,3393,141,26753
6,26900,496,0.0,3394,141,26759
8,26908,496,0.0,3395,141,26767
4,26912,496,0.0,3396,141,26771
6,26918,496,0.0,3397,141,26777
2,26920,496,0.0,3398,141,26779
2,26922,496,0.0,3399,141,26781
8,26930,497,1.0,3400,141,26789
5,26935,497,0.0,3401,141,26794
8,26943,498,1.0,3402,141,26802
5,26948,498,0.0,3403,141,26807
8,26956,498,0.0,3404,141,26815
13,26969,498,0.0,3405,141,26828
8,26977,499,1.0,3406,141,26836
13,26990,499,0.0,3407,141,26849
6,26996,499,0.0,3408,141,26855
6,27002,499,0.0,3409,141,26861
8,27010,499,0.0,3410,141,26869
11,27021,499,0.0,3411,141,26880
2,27023,499,0.0,3412,141,26882
6,27029,499,0.0,3413,141,26888
5,27034,499,0.0,3414,141,26893
13,27047,499,0.0,3415,141,26906
13,27060,499,0.0,3416,141,26919
2,27062,499,0.0,3417,141,26921
8,27070,500,1.0,3418,141,26929
17,27087,500,0.0,3419,141,26946
16,27103,500,0.0,3420,141,26962
8,27111,501,1.0,3421,141,26970
7,27118,501,0.0,3422,141,26977
14,27132,501,0.0,3423,141,26991
5,27137,501,0.0,3424,141,26996
5,27142,501,0.0,3425,141,27001
9,27151,501,0.0,3426,141,27010
8,27159,502,1.0,3427,141,27018
8,27167,503,1.0,3428,141,27026
21,27188,503,0.0,3429,141,27047
8,27196,504,1.0,3430,141,27055
8,27204,504,0.0,3431,141,27063
2,27206,504,0.0,3432,141,27065
8,27214,504,0.0,3433,141,27073
5,27219,504,0.0,3434,141,27078
9,27228,504,0.0,3435,141,27087
2,27230,504,0.0,3436,141,27089
2,27232,504,0.0,3437,141,27091
8,27240,505,1.0,3438,141,27099
6,27246,505,0.0,3439,141,27105
8,27254,506,1.0,3440,141,27113
8,27262,507,1.0,3441,141,27121
8,27270,507,0.0,3442,141,27129
6,27276,507,0.0,3443,141,27135
11,27287,507,0.0,3444,141,27146
6,27293,507,0.0,3445,141,27152
13,27306,507,0.0,3446,141,27165
4,27310,507,0.0,3447,141,27169
5,27315,507,0.0,3448,141,27174
9,27324,507,0.0,3449,141,27183
5,27329,507,0.0,3450,141,27188
6,27335,507,0.0,3451,141,27194
8,27343,508,1.0,3452,141,27202
4,27347,508,0.0,3453,141,27206
7,27354,508,0.0,3454,141,27213
8,27362,509,1.0,3455,141,27221
8,27370,509,0.0,3456,141,27229
7,27377,509,0.0,3457,141,27236
8,27385,509,0.0,3458,141,27244
7,27392,509,0.0,3459,141,27251
6,27398,509,0.0,3460,141,27257
19,27417,510,1.0,3461,141,27276
4,27421,510,0.0,3462,141,27280
5,27426,510,0.0,3463,141,27285
5,27431,510,0.0,3464,141,27290
21,27452,510,0.0,3465,141,27311
5,27457,510,0.0,3466,141,27316
8,27465,511,1.0,3467,141,27324
9,27474,511,0.0,3468,141,27333
6,27480,511,0.0,3469,141,27339
13,27493,511,0.0,3470,141,27352
3,27496,511,0.0,3471,141,27355
12,27508,511,0.0,3472,141,27367
4,27512,511,0.0,3473,141,27371
8,27520,512,1.0,3474,141,27379
5,27525,512,0.0,3475,141,27384
10,27535,512,0.0,3476,141,27394
2,27537,512,0.0,3477,141,27396
16,27553,512,0.0,3478,141,27412
7,27560,512,0.0,3479,141,27419
8,27568,513,1.0,3480,141,27427
4,27572,513,0.0,3481,141,27431
13,27585,513,0.0,3482,141,27444
4,27589,513,0.0,3483,141,27448
19,27608,514,1.0,3484,141,27467
8,27616,514,0.0,3485,141,27475
8,27624,515,1.0,3486,141,27483
9,27633,515,0.0,3487,141,27492
5,27638,515,0.0,3488,141,27497
7,27645,515,0.0,3489,141,27504
22,27667,515,0.0,3490,141,27526
7,27674,515,0.0,3491,141,27533
4,27678,515,0.0,3492,141,27537
8,27686,516,1.0,3493,141,27545
2,27688,516,0.0,3494,141,27547
3,27691,516,0.0,3495,141,27550
8,27699,517,1.0,3496,141,27558
5,27704,517,0.0,3497,141,27563
2,27706,517,0.0,3498,141,27565
7,27713,517,0.0,3499,141,27572
8,27721,518,1.0,3500,141,27580
8,27729,518,0.0,3501,141,27588
7,27736,518,0.0,3502,141,27595
2,27738,518,0.0,3503,141,27597
2,27740,518,0.0,3504,141,27599
6,27746,518,0.0,3505,141,27605
8,27754,519,1.0,3506,141,27613
2,27756,519,0.0,3507,141,27615
7,27763,519,0.0,3508,141,27622
8,27771,519,0.0,3509,141,27630
5,27776,519,0.0,3510,141,27635
9,27785,519,0.0,3511,141,27644
3,27788,519,0.0,3512,141,27647
6,27794,519,0.0,3513,141,27653
9,27803,519,0.0,3514,141,27662
2,27805,519,0.0,3515,141,27664
3,27808,519,0.0,3516,141,27667
5,27813,519,0.0,3517,141,27672
3,27816,519,0.0,3518,141,27675
2,27818,519,0.0,3519,141,27677
11,27829,519,0.0,3520,141,27688
3,27832,519,0.0,3521,141,27691
6,27838,519,0.0,3522,141,27697
4,27842,519,0.0,3523,141,27701
4,27846,519,0.0,3524,141,27705
5,27851,519,0.0,3525,141,27710
8,27859,520,1.0,3526,141,27718
9,27868,520,0.0,3527,141,27727
9,27877,520,0.0,3528,141,27736
5,27882,520,0.0,3529,141,27741
4,27886,520,0.0,3530,141,27745
7,27893,520,0.0,3531,141,27752
4,27897,520,0.0,3532,141,27756
10,27907,520,0.0,3533,141,27766
4,27911,520,0.0,3534,141,27770
26,27937,520,0.0,3535,141,27796
17,27954,521,1.0,3536,141,27813
4,27958,521,0.0,3537,141,27817
7,27965,521,0.0,3538,141,27824
9,27974,521,0.0,3539,141,27833
8,27982,521,0.0,3540,141,27841
8,27990,522,1.0,3541,141,27849
3,27993,522,0.0,3542,141,27852
4,27997,522,0.0,3543,141,27856
7,28004,522,0.0,3544,141,27863
8,28012,522,0.0,3545,141,27871
3,28015,522,0.0,3546,141,27874
14,28029,522,0.0,3547,141,27888
9,28038,522,0.0,3548,141,27897
8,28046,522,0.0,3549,141,27905
9,28055,522,0.0,3550,141,27914
3,28058,522,0.0,3551,141,27917
6,28064,522,0.0,3552,141,27923
8,28072,522,0.0,3553,141,27931
7,28079,522,0.0,3554,141,27938
2,28081,522,0.0,3555,141,27940
5,28086,522,0.0,3556,141,27945
7,28093,522,0.0,3557,141,27952
6,28099,522,0.0,3558,141,27958
10,28109,522,0.0,3559,141,27968
2,28111,522,0.0,3560,141,27970
3,28114,522,0.0,3561,141,27973
9,28123,522,0.0,3562,141,27982
8,28131,523,1.0,3563,141,27990
4,28135,523,0.0,3564,141,27994
2,28137,523,0.0,3565,141,27996
2,28139,523,0.0,3566,141,27998
8,28147,523,0.0,3567,141,28006
5,28152,523,0.0,3568,141,28011
5,28157,523,0.0,3569,141,28016
4,28161,523,0.0,3570,141,28020
8,28169,524,1.0,3571,141,28028
2,28171,524,0.0,3572,141,28030
8,28179,525,1.0,3573,141,28038
7,28186,525,0.0,3574,141,28045
8,28194,525,0.0,3575,141,28053
2,28196,525,0.0,3576,141,28055
2,28198,525,0.0,3577,141,28057
8,28206,525,0.0,3578,141,28065
2,28208,525,0.0,3579,141,28067
8,28216,526,1.0,3580,141,28075
12,28228,526,0.0,3581,141,28087
5,28233,526,0.0,3582,141,28092
8,28241,527,1.0,3583,141,28100
8,28249,528,1.0,3584,141,28108
14,28263,528,0.0,3585,141,28122
9,28272,528,0.0,3586,141,28131
11,28283,528,0.0,3587,141,28142
19,28302,529,1.0,3588,141,28161
2,28304,529,0.0,3589,141,28163
3,28307,529,0.0,3590,141,28166
2,28309,529,0.0,3591,141,28168
2,28311,529,0.0,3592,141,28170
9,28320,529,0.0,3593,141,28179
10,28330,529,0.0,3594,141,28189
10,28340,529,0.0,3595,141,28199
11,28351,529,0.0,3596,141,28210
4,28355,529,0.0,3597,141,28214
13,28368,529,0.0,3598,141,28227
8,28376,530,1.0,3599,141,28235
5,28381,530,0.0,3600,141,28240
8,28389,531,1.0,3601,141,28248
8,28397,531,0.0,3602,141,28256
5,28402,531,0.0,3603,141,28261
4,28406,531,0.0,3604,141,28265
5,28411,531,0.0,3605,141,28270
2,28413,531,0.0,3606,141,28272
8,28421,532,1.0,3607,141,28280
8,28429,533,1.0,3608,141,28288
9,28438,533,0.0,3609,141,28297
8,28446,534,1.0,3610,141,28305
6,28452,534,0.0,3611,141,28311
7,28459,534,0.0,3612,141,28318
5,28464,534,0.0,3613,141,28323
8,28472,535,1.0,3614,141,28331
29,28501,535,0.0,3615,141,28360
2,28503,535,0.0,3616,141,28362
3,28506,535,0.0,3617,141,28365
8,28514,536,1.0,3618,141,28373
6,28520,536,0.0,3619,141,28379
8,28528,536,0.0,3620,141,28387
8,28536,536,0.0,3621,141,28395
4,28540,536,0.0,3622,141,28399
8,28548,536,0.0,3623,141,28407
10,28558,536,0.0,3624,141,28417
10,28568,536,0.0,3625,141,28427
13,28581,536,0.0,3626,141,28440
7,28588,536,0.0,3627,141,28447
9,28597,536,0.0,3628,141,28456
8,28605,537,1.0,3629,141,28464
7,28612,537,0.0,3630,141,28471
17,28629,537,0.0,3631,141,28488
5,28634,537,0.0,3632,141,28493
8,28642,538,1.0,3633,141,28501
2,28644,538,0.0,3634,141,28503
10,28654,538,0.0,3635,141,28513
7,28661,538,0.0,3636,141,28520
8,28669,538,0.0,3637,141,28528
5,28674,538,0.0,3638,141,28533
8,28682,539,1.0,3639,141,28541
7,28689,539,0.0,3640,141,28548
4,28693,539,0.0,3641,141,28552
8,28701,539,0.0,3642,141,28560
8,28709,539,0.0,3643,141,28568
8,28717,540,1.0,3644,141,28576
7,28724,540,0.0,3645,141,28583
5,28729,540,0.0,3646,141,28588
8,28737,540,0.0,3647,141,28596
10,28747,540,0.0,3648,141,28606
8,28755,540,0.0,3649,141,28614
8,28763,541,1.0,3650,141,28622
5,28768,541,0.0,3651,141,28627
8,28776,542,1.0,3652,141,28635
13,28789,542,0.0,3653,141,28648
14,28803,542,0.0,3654,141,28662
7,28810,542,0.0,3655,141,28669
12,28822,542,0.0,3656,141,28681
8,28830,543,1.0,3657,141,28689
13,28843,543,0.0,3658,141,28702
5,28848,543,0.0,3659,141,28707
15,28863,543,0.0,3660,141,28722
5,28868,543,0.0,3661,141,28727
8,28876,543,0.0,3662,141,28735
30,28906,543,0.0,3663,141,28765
8,28914,544,1.0,3664,141,28773
2,28916,544,0.0,3665,141,28775
3,28919,544,0.0,3666,141,28778
8,28927,544,0.0,3667,141,28786
16,28943,544,0.0,3668,141,28802
5,28948,544,0.0,3669,141,28807
2,28950,544,0.0,3670,141,28809
4,28954,544,0.0,3671,141,28813
9,28963,544,0.0,3672,141,28822
9,28972,544,0.0,3673,141,28831
8,28980,545,1.0,3674,141,28839
12,28992,545,0.0,3675,141,28851
4,28996,545,0.0,3676,141,28855
2,28998,545,0.0,3677,141,28857
13,29011,545,0.0,3678,141,28870
17,29028,546,1.0,3679,141,28887
2,29030,546,0.0,3680,141,28889
4,29034,546,0.0,3681,141,28893
13,29047,546,0.0,3682,141,28906
7,29054,546,0.0,3683,141,28913
2,29056,546,0.0,3684,141,28915
8,29064,546,0.0,3685,141,28923
10,29074,546,0.0,3686,141,28933
11,29085,546,0.0,3687,141,28944
2,29087,546,0.0,3688,141,28946
22,29109,546,0.0,3689,141,28968
19,29128,547,1.0,3690,141,28987
5,29133,547,0.0,3691,141,28992
12,29145,547,0.0,3692,141,29004
12,29157,547,0.0,3693,141,29016
8,29165,547,0.0,3694,141,29024
2,29167,547,0.0,3695,141,29026
18,29185,547,0.0,3696,141,29044
9,29194,547,0.0,3697,141,29053
8,29202,547,0.0,3698,141,29061
2,29204,547,0.0,3699,141,29063
5,29209,547,0.0,3700,141,29068
8,29217,547,0.0,3701,141,29076
12,29229,547,0.0,3702,141,29088
8,29237,548,1.0,3703,141,29096
4,29241,548,0.0,3704,141,29100
8,29249,549,1.0,3705,141,29108
8,29257,549,0.0,3706,141,29116
3,29260,549,0.0,3707,141,29119
8,29268,550,1.0,3708,141,29127
5,29273,550,0.0,3709,141,29132
10,29283,550,0.0,3710,141,29142
5,29288,550,0.0,3711,141,29147
8,29296,551,1.0,3712,141,29155
3,29299,551,0.0,3713,141,29158
8,29307,552,1.0,3714,141,29166
5,29312,552,0.0,3715,141,29171
4,29316,552,0.0,3716,141,29175
5,29321,552,0.0,3717,141,29180
5,29326,552,0.0,3718,141,29185
5,29331,552,0.0,3719,141,29190
3,29334,552,0.0,3720,141,29193
2,29336,552,0.0,3721,141,29195
4,29340,552,0.0,3722,141,29199
6,29346,552,0.0,3723,141,29205
7,29353,552,0.0,3724,141,29212
8,29361,553,1.0,3725,141,29220
2,29363,553,0.0,3726,141,29222
6,29369,553,0.0,3727,141,29228
4,29373,553,0.0,3728,141,29232
12,29385,553,0.0,3729,141,29244
3,29388,553,0.0,3730,141,29247
8,29396,554,1.0,3731,141,29255
8,29404,555,1.0,3732,141,29263
2,29406,555,0.0,3733,141,29265
10,29416,555,0.0,3734,141,29275
2,29418,555,0.0,3735,141,29277
12,29430,555,0.0,3736,141,29289
8,29438,556,1.0,3737,141,29297
9,29447,556,0.0,3738,141,29306
8,29455,557,1.0,3739,141,29314
5,29460,557,0.0,3740,141,29319
7,29467,557,0.0,3741,141,29326
9,29476,557,0.0,3742,141,29335
10,29486,557,0.0,3743,141,29345
3,29489,557,0.0,3744,141,29348
10,29499,557,0.0,3745,141,29358
8,29507,558,1.0,3746,141,29366
7,29514,558,0.0,3747,141,29373
8,29522,558,0.0,3748,141,29381
11,29533,558,0.0,3749,141,29392
5,29538,558,0.0,3750,141,29397
8,29546,558,0.0,3751,141,29405
16,29562,558,0.0,3752,141,29421
8,29570,559,1.0,3753,141,29429
2,29572,559,0.0,3754,141,29431
8,29580,560,1.0,3755,141,29439
8,29588,561,1.0,3756,141,29447
5,29593,561,0.0,3757,141,29452
2,29595,561,0.0,3758,141,29454
4,29599,561,0.0,3759,141,29458
8,29607,561,0.0,3760,141,29466
9,29616,561,0.0,3761,141,29475
12,29628,561,0.0,3762,141,29487
8,29636,562,1.0,3763,141,29495
3,29639,562,0.0,3764,141,29498
8,29647,563,1.0,3765,141,29506
2,29649,563,0.0,3766,141,29508
6,29655,563,0.0,3767,141,29514
8,29663,564,1.0,3768,141,29522
7,29670,564,0.0,3769,141,29529
9,29679,564,0.0,3770,141,29538
4,29683,564,0.0,3771,141,29542
11,29694,564,0.0,3772,141,29553
8,29702,564,0.0,3773,141,29561
2,29704,564,0.0,3774,141,29563
12,29716,564,0.0,3775,141,29575
3,29719,564,0.0,3776,141,29578
6,29725,564,0.0,3777,141,29584
8,29733,565,1.0,3778,141,29592
8,29741,565,0.0,3779,141,29600
2,29743,565,0.0,3780,141,29602
6,29749,565,0.0,3781,141,29608
8,29757,566,1.0,3782,141,29616
9,29766,566,0.0,3783,141,29625
9,29775,566,0.0,3784,141,29634
8,29783,567,1.0,3785,141,29642
8,29791,568,1.0,3786,141,29650
4,29795,568,0.0,3787,141,29654
5,29800,568,0.0,3788,141,29659
6,29806,568,0.0,3789,141,29665
8,29814,569,1.0,3790,141,29673
5,29819,569,0.0,3791,141,29678
2,29821,569,0.0,3792,141,29680
8,29829,570,1.0,3793,141,29688
14,29843,570,0.0,3794,141,29702
4,29847,570,0.0,3795,141,29706
2,29849,570,0.0,3796,141,29708
13,29862,570,0.0,3797,141,29721
5,29867,570,0.0,3798,141,29726
7,29874,570,0.0,3799,141,29733
8,29882,571,1.0,3800,141,29741
11,29893,571,0.0,3801,141,29752
14,29907,571,0.0,3802,141,29766
8,29915,572,1.0,3803,141,29774
16,29931,572,0.0,3804,141,29790
5,29936,572,0.0,3805,141,29795
2,29938,572,0.0,3806,141,29797
2,29940,572,0.0,3807,141,29799
4,29944,572,0.0,3808,141,29803
5,29949,572,0.0,3809,141,29808
8,29957,573,1.0,3810,141,29816
19,29976,573,0.0,3811,141,29835
2,29978,573,0.0,3812,141,29837
4,29982,573,0.0,3813,141,29841
8,29990,574,1.0,3814,141,29849
9,29999,574,0.0,3815,141,29858
4,30003,574,0.0,3816,141,29862
8,30011,574,0.0,3817,141,29870
4,30015,574,0.0,3818,141,29874
8,30023,575,1.0,3819,141,29882
5,30028,575,0.0,3820,141,29887
4,30032,575,0.0,3821,141,29891
4,30036,575,0.0,3822,141,29895
5,30041,575,0.0,3823,141,29900
17,30058,575,0.0,3824,141,29917
13,30071,575,0.0,3825,141,29930
8,30079,576,1.0,3826,141,29938
2,30081,576,0.0,3827,141,29940
8,30089,576,0.0,3828,141,29948
2,30091,576,0.0,3829,141,29950
9,30100,576,0.0,3830,141,29959
19,30119,576,0.0,3831,141,29978
8,30127,577,1.0,3832,141,29986
5,30132,577,0.0,3833,141,29991
17,30149,577,0.0,3834,141,30008
23,30172,577,0.0,3835,141,30031
3,30175,577,0.0,3836,141,30034
8,30183,578,1.0,3837,141,30042
2,30185,578,0.0,3838,141,30044
22,30207,578,0.0,3839,141,30066
13,30220,578,0.0,3840,141,30079
2,30222,578,0.0,3841,141,30081
6,30228,578,0.0,3842,141,30087
5,30233,578,0.0,3843,141,30092
6,30239,578,0.0,3844,141,30098
2,30241,578,0.0,3845,141,30100
8,30249,579,1.0,3846,141,30108
4,30253,579,0.0,3847,141,30112
8,30261,580,1.0,3848,141,30120
4,30265,580,0.0,3849,141,30124
10,30275,580,0.0,3850,141,30134
23,30298,580,0.0,3851,141,30157
2,30300,580,0.0,3852,141,30159
8,30308,581,1.0,3853,141,30167
8,30316,581,0.0,3854,141,30175
19,30335,582,1.0,3855,141,30194
17,30352,583,1.0,3856,141,30211
2,30354,583,0.0,3857,141,30213
6,30360,583,0.0,3858,141,30219
16,30376,583,0.0,3859,141,30235
5,30381,583,0.0,3860,141,30240
9,30390,583,0.0,3861,141,30249
2,30392,583,0.0,3862,141,30251
8,30400,584,1.0,3863,141,30259
7,30407,584,0.0,3864,141,30266
8,30415,584,0.0,3865,141,30274
2,30417,584,0.0,3866,141,30276
8,30425,584,0.0,3867,141,30284
21,30446,584,0.0,3868,141,30305
8,30454,585,1.0,3869,141,30313
8,30462,586,1.0,3870,141,30321
16,30478,586,0.0,3871,141,30337
6,30484,586,0.0,3872,141,30343
13,30497,586,0.0,3873,141,30356
5,30502,586,0.0,3874,141,30361
16,30518,586,0.0,3875,141,30377
2,30520,586,0.0,3876,141,30379
8,30528,586,0.0,3877,141,30387
8,30536,586,0.0,3878,141,30395
4,30540,586,0.0,3879,141,30399
4,30544,586,0.0,3880,141,30403
2,30546,586,0.0,3881,141,30405
5,30551,586,0.0,3882,141,30410
8,30559,587,1.0,3883,141,30418
8,30567,587,0.0,3884,141,30426
8,30575,588,1.0,3885,141,30434
7,30582,588,0.0,3886,141,30441
11,30593,588,0.0,3887,141,30452
2,30595,588,0.0,3888,141,30454
28,30623,588,0.0,3889,141,30482
2,30625,588,0.0,3890,141,30484
4,30629,588,0.0,3891,141,30488
7,30636,588,0.0,3892,141,30495
7,30643,588,0.0,3893,141,30502
7,30650,588,0.0,3894,141,30509
2,30652,588,0.0,3895,141,30511
4,30656,588,0.0,3896,141,30515
11,30667,588,0.0,3897,141,30526
8,30675,589,1.0,3898,141,30534
3,30678,589,0.0,3899,141,30537
2,30680,589,0.0,3900,141,30539
8,30688,589,0.0,3901,141,30547
5,30693,589,0.0,3902,141,30552
3,30696,589,0.0,3903,141,30555
5,30701,589,0.0,3904,141,30560
8,30709,590,1.0,3905,141,30568
5,30714,590,0.0,3906,141,30573
8,30722,591,1.0,3907,141,30581
9,30731,591,0.0,3908,141,30590
2,30733,591,0.0,3909,141,30592
4,30737,591,0.0,3910,141,30596
19,30756,591,0.0,3911,141,30615
4,30760,591,0.0,3912,141,30619
7,30767,591,0.0,3913,141,30626
8,30775,591,0.0,3914,141,30634
5,30780,591,0.0,3915,141,30639
8,30788,592,1.0,3916,141,30647
4,30792,592,0.0,3917,141,30651
5,30797,592,0.0,3918,141,30656
5,30802,592,0.0,3919,141,30661
2,30804,592,0.0,3920,141,30663
5,30809,592,0.0,3921,141,30668
6,30815,592,0.0,3922,141,30674
8,30823,593,1.0,3923,141,30682
10,30833,593,0.0,3924,141,30692
22,30855,593,0.0,3925,141,30714
5,30860,593,0.0,3926,141,30719
8,30868,594,1.0,3927,141,30727
17,30885,594,0.0,3928,141,30744
4,30889,594,0.0,3929,141,30748
8,30897,595,1.0,3930,141,30756
8,30905,596,1.0,3931,141,30764
8,30913,597,1.0,3932,141,30772
5,30918,597,0.0,3933,141,30777
8,30926,598,1.0,3934,141,30785
6,30932,598,0.0,3935,141,30791
4,30936,598,0.0,3936,141,30795
8,30944,599,1.0,3937,141,30803
3,30947,599,0.0,3938,141,30806
2,30949,599,0.0,3939,141,30808
8,30957,600,1.0,3940,141,30816
2,30959,600,0.0,3941,141,30818
4,30963,600,0.0,3942,141,30822
15,30978,600,0.0,3943,141,30837
8,30986,601,1.0,3944,141,30845
5,30991,601,0.0,3945,141,30850
8,30999,602,1.0,3946,141,30858
8,31007,603,1.0,3947,141,30866
2,31009,603,0.0,3948,141,30868
10,31019,603,0.0,3949,141,30878
2,31021,603,0.0,3950,141,30880
2,31023,603,0.0,3951,141,30882
8,31031,603,0.0,3952,141,30890
8,31039,604,1.0,3953,141,30898
3,31042,604,0.0,3954,141,30901
8,31050,605,1.0,3955,141,30909
2,31052,605,0.0,3956,141,30911
9,31061,605,0.0,3957,141,30920
8,31069,606,1.0,3958,141,30928
14,31083,606,0.0,3959,141,30942
2,31085,606,0.0,3960,141,30944
2,31087,606,0.0,3961,141,30946
5,31092,606,0.0,3962,141,30951
4,31096,606,0.0,3963,141,30955
2,31098,606,0.0,3964,141,30957
9,31107,606,0.0,3965,141,30966
2,31109,606,0.0,3966,141,30968
8,31117,606,0.0,3967,141,30976
8,31125,607,1.0,3968,141,30984
2,31127,607,0.0,3969,141,30986
2,31129,607,0.0,3970,141,30988
2,31131,607,0.0,3971,141,30990
8,31139,608,1.0,3972,141,30998
8,31147,609,1.0,3973,141,31006
8,31155,610,1.0,3974,141,31014
4,31159,610,0.0,3975,141,31018
6,31165,610,0.0,3976,141,31024
8,31173,611,1.0,3977,141,31032
2,31175,611,0.0,3978,141,31034
7,31182,611,0.0,3979,141,31041
2,31184,611,0.0,3980,141,31043
10,31194,611,0.0,3981,141,31053
8,31202,611,0.0,3982,141,31061
9,31211,611,0.0,3983,141,31070
3,31214,611,0.0,3984,141,31073
3,31217,611,0.0,3985,141,31076
8,31225,611,0.0,3986,141,31084
13,31238,611,0.0,3987,141,31097
14,31252,611,0.0,3988,141,31111
10,31262,611,0.0,3989,141,31121
4,31266,611,0.0,3990,141,31125
7,31273,611,0.0,3991,141,31132
2,31275,611,0.0,3992,141,31134
8,31283,611,0.0,3993,141,31142
3,31286,611,0.0,3994,141,31145
19,31305,612,1.0,3995,141,31164
4,31309,612,0.0,3996,141,31168
4,31313,612,0.0,3997,141,31172
10,31323,612,0.0,3998,141,31182
19,31342,612,0.0,3999,141,31201
8,31350,613,1.0,4000,141,31209
8,31358,614,1.0,4001,141,31217
14,31372,614,0.0,4002,141,31231
3,31375,614,0.0,4003,141,31234
8,31383,614,0.0,4004,141,31242
2,31385,614,0.0,4005,141,31244
4,31389,614,0.0,4006,141,31248
5,31394,614,0.0,4007,141,31253
5,31399,614,0.0,4008,141,31258
8,31407,614,0.0,4009,141,31266
9,31416,614,0.0,4010,141,31275
8,31424,614,0.0,4011,141,31283
8,31432,615,1.0,4012,141,31291
8,31440,616,1.0,4013,141,31299
5,31445,616,0.0,4014,141,31304
5,31450,616,0.0,4015,141,31309
8,31458,617,1.0,4016,141,31317
12,31470,617,0.0,4017,141,31329
2,31472,617,0.0,4018,141,31331
8,31480,618,1.0,4019,141,31339
6,31486,618,0.0,4020,141,31345
17,31503,619,1.0,4021,141,31362
9,31512,619,0.0,4022,141,31371
5,31517,619,0.0,4023,141,31376
4,31521,619,0.0,4024,141,31380
8,31529,619,0.0,4025,141,31388
11,31540,619,0.0,4026,141,31399
7,31547,619,0.0,4027,141,31406
8,31555,620,1.0,4028,141,31414
8,31563,621,1.0,4029,141,31422
6,31569,621,0.0,4030,141,31428
9,31578,621,0.0,4031,141,31437
2,31580,621,0.0,4032,141,31439
2,31582,621,0.0,4033,141,31441
5,31587,621,0.0,4034,141,31446
8,31595,622,1.0,4035,141,31454
21,31616,622,0.0,4036,141,31475
6,31622,622,0.0,4037,141,31481
8,31630,622,0.0,4038,141,31489
6,31636,622,0.0,4039,141,31495
8,31644,623,1.0,4040,141,31503
2,31646,623,0.0,4041,141,31505
8,31654,623,0.0,4042,141,31513
13,31667,623,0.0,4043,141,31526
8,31675,624,1.0,4044,141,31534
8,31683,625,1.0,4045,141,31542
15,31698,625,0.0,4046,141,31557
10,31708,625,0.0,4047,141,31567
9,31717,625,0.0,4048,141,31576
17,31734,625,0.0,4049,141,31593
2,31736,625,0.0,4050,141,31595
8,31744,625,0.0,4051,141,31603
6,31750,625,0.0,4052,141,31609
2,31752,625,0.0,4053,141,31611
5,31757,625,0.0,4054,141,31616
8,31765,626,1.0,4055,141,31624
3,31768,626,0.0,4056,141,31627
10,31778,626,0.0,4057,141,31637
13,31791,626,0.0,4058,141,31650
10,31801,626,0.0,4059,141,31660
9,31810,626,0.0,4060,141,31669
17,31827,626,0.0,4061,141,31686
5,31832,626,0.0,4062,141,31691
8,31840,626,0.0,4063,141,31699
7,31847,626,0.0,4064,141,31706
15,31862,626,0.0,4065,141,31721
2,31864,626,0.0,4066,141,31723
4,31868,626,0.0,4067,141,31727
5,31873,626,0.0,4068,141,31732
12,31885,626,0.0,4069,141,31744
4,31889,626,0.0,4070,141,31748
7,31896,626,0.0,4071,141,31755
2,31898,626,0.0,4072,141,31757
8,31906,627,1.0,4073,141,31765
10,31916,627,0.0,4074,141,31775
8,31924,628,1.0,4075,141,31783
5,31929,628,0.0,4076,141,31788
21,31950,628,0.0,4077,141,31809
2,31952,628,0.0,4078,141,31811
4,31956,628,0.0,4079,141,31815
8,31964,629,1.0,4080,141,31823
2,31966,629,0.0,4081,141,31825
8,31974,630,1.0,4082,141,31833
19,31993,631,1.0,4083,141,31852
10,32003,631,0.0,4084,141,31862
8,32011,632,1.0,4085,141,31870
5,32016,632,0.0,4086,141,31875
17,32033,632,0.0,4087,141,31892
8,32041,633,1.0,4088,141,31900
10,32051,633,0.0,4089,141,31910
4,32055,633,0.0,4090,141,31914
23,32078,633,0.0,4091,141,31937
9,32087,633,0.0,4092,141,31946
6,32093,633,0.0,4093,141,31952
7,32100,633,0.0,4094,141,31959
2,32102,633,0.0,4095,141,31961
8,32110,634,1.0,4096,141,31969
4,32114,634,0.0,4097,141,31973
11,32125,634,0.0,4098,141,31984
4,32129,634,0.0,4099,141,31988
4,32133,634,0.0,4100,141,31992
4,32137,634,0.0,4101,141,31996
6,32143,634,0.0,4102,141,32002
5,32148,634,0.0,4103,141,32007
3,32151,634,0.0,4104,141,32010
8,32159,635,1.0,4105,141,32018
4,32163,635,0.0,4106,141,32022
6,32169,635,0.0,4107,141,32028
4,32173,635,0.0,4108,141,32032
12,32185,635,0.0,4109,141,32044
2,32187,635,0.0,4110,141,32046
2,32189,635,0.0,4111,141,32048
8,32197,636,1.0,4112,141,32056
10,32207,636,0.0,4113,141,32066
8,32215,637,1.0,4114,141,32074
7,32222,637,0.0,4115,141,32081
7,32229,637,0.0,4116,141,32088
8,32237,638,1.0,4117,141,32096
4,32241,638,0.0,4118,141,32100
10,32251,638,0.0,4119,141,32110
8,32259,639,1.0,4120,141,32118
4,32263,639,0.0,4121,141,32122
5,32268,639,0.0,4122,141,32127
4,32272,639,0.0,4123,141,32131
8,32280,640,1.0,4124,141,32139
6,32286,640,0.0,4125,141,32145
5,32291,640,0.0,4126,141,32150
10,32301,640,0.0,4127,141,32160
2,32303,640,0.0,4128,141,32162
8,32311,641,1.0,4129,141,32170
8,32319,642,1.0,4130,141,32178
15,32334,642,0.0,4131,141,32193
2,32336,642,0.0,4132,141,32195
8,32344,643,1.0,4133,141,32203
7,32351,643,0.0,4134,141,32210
6,32357,643,0.0,4135,141,32216
8,32365,643,0.0,4136,141,32224
7,32372,643,0.0,4137,141,32231
6,32378,643,0.0,4138,141,32237
5,32383,643,0.0,4139,141,32242
4,32387,643,0.0,4140,141,32246
14,32401,643,0.0,4141,141,32260
9,32410,643,0.0,4142,141,32269
15,32425,643,0.0,4143,141,32284
14,32439,643,0.0,4144,141,32298
3,32442,643,0.0,4145,141,32301
5,32447,643,0.0,4146,141,32306
4,32451,643,0.0,4147,141,32310
2,32453,643,0.0,4148,141,32312
2,32455,643,0.0,4149,141,32314
2,32457,643,0.0,4150,141,32316
8,32465,644,1.0,4151,141,32324
8,32473,645,1.0,4152,141,32332
5,32478,645,0.0,4153,141,32337
6,32484,645,0.0,4154,141,32343
5,32489,645,0.0,4155,141,32348
9,32498,645,0.0,4156,141,32357
6,32504,645,0.0,4157,141,32363
2,32506,645,0.0,4158,141,32365
8,32514,646,1.0,4159,141,32373
8,32522,646,0.0,4160,141,32381
8,32530,647,1.0,4161,141,32389
8,32538,648,1.0,4162,141,32397
7,32545,648,0.0,4163,141,32404
8,32553,649,1.0,4164,141,32412
6,32559,649,0.0,4165,141,32418
8,32567,649,0.0,4166,141,32426
12,32579,649,0.0,4167,141,32438
9,32588,649,0.0,4168,141,32447
13,32601,649,0.0,4169,141,32460
13,32614,649,0.0,4170,141,32473
14,32628,649,0.0,4171,141,32487
7,32635,649,0.0,4172,141,32494
2,32637,649,0.0,4173,141,32496
5,32642,649,0.0,4174,141,32501
13,32655,649,0.0,4175,141,32514
8,32663,649,0.0,4176,141,32522
2,32665,649,0.0,4177,141,32524
6,32671,649,0.0,4178,141,32530
8,32679,649,0.0,4179,141,32538
24,32703,649,0.0,4180,141,32562
7,32710,649,0.0,4181,141,32569
9,32719,649,0.0,4182,141,32578
8,32727,650,1.0,4183,141,32586
3,32730,650,0.0,4184,141,32589
13,32743,650,0.0,4185,141,32602
3,32746,650,0.0,4186,141,32605
4,32750,650,0.0,4187,141,32609
2,32752,650,0.0,4188,141,32611
8,32760,651,1.0,4189,141,32619
2,32762,651,0.0,4190,141,32621
8,32770,652,1.0,4191,141,32629
8,32778,652,0.0,4192,141,32637
2,32780,652,0.0,4193,141,32639
5,32785,652,0.0,4194,141,32644
12,32797,652,0.0,4195,141,32656
19,32816,653,1.0,4196,141,32675
6,32822,653,0.0,4197,141,32681
17,32839,654,1.0,4198,141,32698
22,32861,654,0.0,4199,141,32720
8,32869,654,0.0,4200,141,32728
8,32877,655,1.0,4201,141,32736
2,32879,655,0.0,4202,141,32738
5,32884,655,0.0,4203,141,32743
2,32886,655,0.0,4204,141,32745
7,32893,655,0.0,4205,141,32752
5,32898,655,0.0,4206,141,32757
2,32900,655,0.0,4207,141,32759
2,32902,655,0.0,4208,141,32761
8,32910,656,1.0,4209,141,32769
5,32915,656,0.0,4210,141,32774
5,32920,656,0.0,4211,141,32779
8,32928,656,0.0,4212,141,32787
2,32930,656,0.0,4213,141,32789
2,32932,656,0.0,4214,141,32791
8,32940,657,1.0,4215,141,32799
9,32949,657,0.0,4216,141,32808
22,32971,657,0.0,4217,141,32830
8,32979,658,1.0,4218,141,32838
7,32986,658,0.0,4219,141,32845
7,32993,658,0.0,4220,141,32852
2,32995,658,0.0,4221,141,32854
4,32999,658,0.0,4222,141,32858
4,33003,658,0.0,4223,141,32862
13,33016,658,0.0,4224,141,32875
8,33024,659,1.0,4225,141,32883
21,33045,659,0.0,4226,141,32904
5,33050,659,0.0,4227,141,32909
8,33058,660,1.0,4228,141,32917
8,33066,661,1.0,4229,141,32925
4,33070,661,0.0,4230,141,32929
5,33075,661,0.0,4231,141,32934
7,33082,661,0.0,4232,141,32941
4,33086,661,0.0,4233,141,32945
2,33088,661,0.0,4234,141,32947
14,33102,661,0.0,4235,141,32961
11,33113,661,0.0,4236,141,32972
6,33119,661,0.0,4237,141,32978
10,33129,661,0.0,4238,141,32988
8,33137,662,1.0,4239,141,32996
19,33156,663,1.0,4240,141,33015
4,33160,663,0.0,4241,141,33019
11,33171,663,0.0,4242,141,33030
2,33173,663,0.0,4243,141,33032
8,33181,663,0.0,4244,141,33040
5,33186,663,0.0,4245,141,33045
8,33194,664,1.0,4246,141,33053
13,33207,664,0.0,4247,141,33066
2,33209,664,0.0,4248,141,33068
12,33221,664,0.0,4249,141,33080
4,33225,664,0.0,4250,141,33084
8,33233,665,1.0,4251,141,33092
9,33242,665,0.0,4252,141,33101
2,33244,665,0.0,4253,141,33103
26,33270,665,0.0,4254,141,33129
9,33279,665,0.0,4255,141,33138
5,33284,665,0.0,4256,141,33143
3,33287,665,0.0,4257,141,33146
8,33295,666,1.0,4258,141,33154
8,33303,667,1.0,4259,141,33162
6,33309,667,0.0,4260,141,33168
3,33312,667,0.0,4261,141,33171
18,33330,667,0.0,4262,141,33189
6,33336,667,0.0,4263,141,33195
8,33344,668,1.0,4264,141,33203
3,33347,668,0.0,4265,141,33206
5,33352,668,0.0,4266,141,33211
22,33374,668,0.0,4267,141,33233
7,33381,668,0.0,4268,141,33240
8,33389,669,1.0,4269,141,33248
9,33398,669,0.0,4270,141,33257
8,33406,670,1.0,4271,141,33265
9,33415,670,0.0,4272,141,33274
8,33423,670,0.0,4273,141,33282
8,33431,671,1.0,4274,141,33290
8,33439,672,1.0,4275,141,33298
5,33444,672,0.0,4276,141,33303
8,33452,673,1.0,4277,141,33311
2,33454,673,0.0,4278,141,33313
8,33462,674,1.0,4279,141,33321
9,33471,674,0.0,4280,141,33330
4,33475,674,0.0,4281,141,33334
7,33482,674,0.0,4282,141,33341
10,33492,674,0.0,4283,141,33351
9,33501,674,0.0,4284,141,33360
17,33518,675,1.0,4285,141,33377
9,33527,675,0.0,4286,141,33386
8,33535,676,1.0,4287,141,33394
8,33543,676,0.0,4288,141,33402
5,33548,676,0.0,4289,141,33407
8,33556,677,1.0,4290,141,33415
9,33565,677,0.0,4291,141,33424
7,33572,677,0.0,4292,141,33431
5,33577,677,0.0,4293,141,33436
23,33600,677,0.0,4294,141,33459
8,33608,678,1.0,4295,141,33467
18,33626,678,0.0,4296,141,33485
5,33631,678,0.0,4297,141,33490
14,33645,678,0.0,4298,141,33504
4,33649,678,0.0,4299,141,33508
2,33651,678,0.0,4300,141,33510
9,33660,678,0.0,4301,141,33519
8,33668,679,1.0,4302,141,33527
2,33670,679,0.0,4303,141,33529
3,33673,679,0.0,4304,141,33532
4,33677,679,0.0,4305,141,33536
8,33685,680,1.0,4306,141,33544
17,33702,680,0.0,4307,141,33561
22,33724,680,0.0,4308,141,33583
8,33732,681,1.0,4309,141,33591
8,33740,682,1.0,4310,141,33599
8,33748,682,0.0,4311,141,33607
7,33755,682,0.0,4312,141,33614
8,33763,682,0.0,4313,141,33622
12,33775,682,0.0,4314,141,33634
9,33784,682,0.0,4315,141,33643
2,33786,682,0.0,4316,141,33645
4,33790,682,0.0,4317,141,33649
4,33794,682,0.0,4318,141,33653
8,33802,683,1.0,4319,141,33661
5,33807,683,0.0,4320,141,33666
8,33815,684,1.0,4321,141,33674
4,33819,684,0.0,4322,141,33678
7,33826,684,0.0,4323,141,33685
6,33832,684,0.0,4324,141,33691
13,33845,684,0.0,4325,141,33704
8,33853,685,1.0,4326,141,33712
8,33861,686,1.0,4327,141,33720
11,33872,686,0.0,4328,141,33731
6,33878,686,0.0,4329,141,33737
9,33887,686,0.0,4330,141,33746
19,33906,686,0.0,4331,141,33765
8,33914,687,1.0,4332,141,33773
9,33923,687,0.0,4333,141,33782
2,33925,687,0.0,4334,141,33784
2,33927,687,0.0,4335,141,33786
5,33932,687,0.0,4336,141,33791
3,33935,687,0.0,4337,141,33794
17,33952,688,1.0,4338,141,33811
8,33960,689,1.0,4339,141,33819
5,33965,689,0.0,4340,141,33824
5,33970,689,0.0,4341,141,33829
3,33973,689,0.0,4342,141,33832
2,33975,689,0.0,4343,141,33834
12,33987,689,0.0,4344,141,33846
3,33990,689,0.0,4345,141,33849
9,33999,689,0.0,4346,141,33858
3,34002,689,0.0,4347,141,33861
2,34004,689,0.0,4348,141,33863
4,34008,689,0.0,4349,141,33867
2,34010,689,0.0,4350,141,33869
8,34018,689,0.0,4351,141,33877
5,34023,689,0.0,4352,141,33882
2,34025,689,0.0,4353,141,33884
2,34027,689,0.0,4354,141,33886
5,34032,689,0.0,4355,141,33891
16,34048,689,0.0,4356,141,33907
25,34073,689,0.0,4357,141,33932
8,34081,690,1.0,4358,141,33940
15,34096,690,0.0,4359,141,33955
6,34102,690,0.0,4360,141,33961
4,34106,690,0.0,4361,141,33965
7,34113,690,0.0,4362,141,33972
8,34121,691,1.0,4363,141,33980
7,34128,691,0.0,4364,141,33987
5,34133,691,0.0,4365,141,33992
6,34139,691,0.0,4366,141,33998
2,34141,691,0.0,4367,141,34000
13,34154,691,0.0,4368,141,34013
7,34161,691,0.0,4369,141,34020
5,34166,691,0.0,4370,141,34025
12,34178,691,0.0,4371,141,34037
13,34191,691,0.0,4372,141,34050
19,34210,692,1.0,4373,141,34069
2,34212,692,0.0,4374,141,34071
10,34222,692,0.0,4375,141,34081
12,34234,692,0.0,4376,141,34093
14,34248,692,0.0,4377,141,34107
8,34256,692,0.0,4378,141,34115
4,34260,692,0.0,4379,141,34119
5,34265,692,0.0,4380,141,34124
3,34268,692,0.0,4381,141,34127
2,34270,692,0.0,4382,141,34129
4,34274,692,0.0,4383,141,34133
7,34281,692,0.0,4384,141,34140
2,34283,692,0.0,4385,141,34142
4,34287,692,0.0,4386,141,34146
2,34289,692,0.0,4387,141,34148
6,34295,692,0.0,4388,141,34154
2,34297,692,0.0,4389,141,34156
8,34305,693,1.0,4390,141,34164
8,34313,694,1.0,4391,141,34172
8,34321,694,0.0,4392,141,34180
16,34337,694,0.0,4393,141,34196
8,34345,695,1.0,4394,141,34204
5,34350,695,0.0,4395,141,34209
6,34356,695,0.0,4396,141,34215
4,34360,695,0.0,4397,141,34219
4,34364,695,0.0,4398,141,34223
2,34366,695,0.0,4399,141,34225
22,34388,695,0.0,4400,141,34247
4,34392,695,0.0,4401,141,34251
3,34395,695,0.0,4402,141,34254
9,34404,695,0.0,4403,141,34263
29,34433,695,0.0,4404,141,34292
4,34437,695,0.0,4405,141,34296
8,34445,696,1.0,4406,141,34304
4,34449,696,0.0,4407,141,34308
8,34457,697,1.0,4408,141,34316
8,34465,698,1.0,4409,141,34324
6,34471,698,0.0,4410,141,34330
5,34476,698,0.0,4411,141,34335
7,34483,698,0.0,4412,141,34342
8,34491,698,0.0,4413,141,34350
8,34499,698,0.0,4414,141,34358
8,34507,699,1.0,4415,141,34366
7,34514,699,0.0,4416,141,34373
5,34519,699,0.0,4417,141,34378
21,34540,699,0.0,4418,141,34399
2,34542,699,0.0,4419,141,34401
17,34559,699,0.0,4420,141,34418
3,34562,699,0.0,4421,141,34421
2,34564,699,0.0,4422,141,34423
4,34568,699,0.0,4423,141,34427
16,34584,699,0.0,4424,141,34443
8,34592,700,1.0,4425,141,34451
6,34598,700,0.0,4426,141,34457
2,34600,700,0.0,4427,141,34459
2,34602,700,0.0,4428,141,34461
8,34610,701,1.0,4429,141,34469
25,34635,701,0.0,4430,141,34494
11,34646,701,0.0,4431,141,34505
14,34660,701,0.0,4432,141,34519
8,34668,702,1.0,4433,141,34527
3,34671,702,0.0,4434,141,34530
5,34676,702,0.0,4435,141,34535
4,34680,702,0.0,4436,141,34539
12,34692,702,0.0,4437,141,34551
5,34697,702,0.0,4438,141,34556
3,34700,702,0.0,4439,141,34559
8,34708,703,1.0,4440,141,34567
8,34716,703,0.0,4441,141,34575
8,34724,703,0.0,4442,141,34583
13,34737,703,0.0,4443,141,34596
8,34745,704,1.0,4444,141,34604
4,34749,704,0.0,4445,141,34608
5,34754,704,0.0,4446,141,34613
4,34758,704,0.0,4447,141,34617
26,34784,704,0.0,4448,141,34643
21,34805,704,0.0,4449,141,34664
5,34810,704,0.0,4450,141,34669
7,34817,704,0.0,4451,141,34676
2,34819,704,0.0,4452,141,34678
8,34827,704,0.0,4453,141,34686
8,34835,704,0.0,4454,141,34694
9,34844,704,0.0,4455,141,34703
10,34854,704,0.0,4456,141,34713
13,34867,704,0.0,4457,141,34726
2,34869,704,0.0,4458,141,34728
8,34877,705,1.0,4459,141,34736
2,34879,705,0.0,4460,141,34738
8,34887,706,1.0,4461,141,34746
8,34895,707,1.0,4462,141,34754
24,34919,707,0.0,4463,141,34778
8,34927,708,1.0,4464,141,34786
8,34935,709,1.0,4465,141,34794
8,34943,710,1.0,4466,141,34802
17,34960,711,1.0,4467,141,34819
5,34965,711,0.0,4468,141,34824
11,34976,711,0.0,4469,141,34835
10,34986,711,0.0,4470,141,34845
13,34999,711,0.0,4471,141,34858
9,35008,711,0.0,4472,141,34867
7,35015,711,0.0,4473,141,34874
8,35023,711,0.0,4474,141,34882
5,35028,711,0.0,4475,141,34887
2,35030,711,0.0,4476,141,34889
2,35032,711,0.0,4477,141,34891
10,35042,711,0.0,4478,141,34901
7,35049,711,0.0,4479,141,34908
7,35056,711,0.0,4480,141,34915
2,35058,711,0.0,4481,141,34917
17,35075,712,1.0,4482,141,34934
3,35078,712,0.0,4483,141,34937
2,35080,712,0.0,4484,141,34939
8,35088,713,1.0,4485,141,34947
8,35096,713,0.0,4486,141,34955
4,35100,713,0.0,4487,141,34959
10,35110,713,0.0,4488,141,34969
13,35123,713,0.0,4489,141,34982
8,35131,714,1.0,4490,141,34990
8,35139,715,1.0,4491,141,34998
5,35144,715,0.0,4492,141,35003
2,35146,715,0.0,4493,141,35005
4,35150,715,0.0,4494,141,35009
18,35168,715,0.0,4495,141,35027
2,35170,715,0.0,4496,141,35029
8,35178,716,1.0,4497,141,35037
5,35183,716,0.0,4498,141,35042
8,35191,716,0.0,4499,141,35050
20,35211,716,0.0,4500,141,35070
12,35223,716,0.0,4501,141,35082
8,35231,717,1.0,4502,141,35090
7,35238,717,0.0,4503,141,35097
8,35246,718,1.0,4504,141,35105
8,35254,719,1.0,4505,141,35113
8,35262,720,1.0,4506,141,35121
4,35266,720,0.0,4507,141,35125
8,35274,721,1.0,4508,141,35133
2,35276,721,0.0,4509,141,35135
2,35278,721,0.0,4510,141,35137
3,35281,721,0.0,4511,141,35140
8,35289,722,1.0,4512,141,35148
2,35291,722,0.0,4513,141,35150
5,35296,722,0.0,4514,141,35155
13,35309,722,0.0,4515,141,35168
10,35319,722,0.0,4516,141,35178
8,35327,723,1.0,4517,141,35186
8,35335,723,0.0,4518,141,35194
4,35339,723,0.0,4519,141,35198
2,35341,723,0.0,4520,141,35200
9,35350,723,0.0,4521,141,35209
16,35366,723,0.0,4522,141,35225
2,35368,723,0.0,4523,141,35227
8,35376,724,1.0,4524,141,35235
8,35384,725,1.0,4525,141,35243
13,35397,725,0.0,4526,141,35256
8,35405,726,1.0,4527,141,35264
8,35413,727,1.0,4528,141,35272
16,35429,727,0.0,4529,141,35288
5,35434,727,0.0,4530,141,35293
5,35439,727,0.0,4531,141,35298
2,35441,727,0.0,4532,141,35300
6,35447,727,0.0,4533,141,35306
2,35449,727,0.0,4534,141,35308
2,35451,727,0.0,4535,141,35310
3,35454,727,0.0,4536,141,35313
8,35462,728,1.0,4537,141,35321
28,35490,728,0.0,4538,141,35349
5,35495,728,0.0,4539,141,35354
2,35497,728,0.0,4540,141,35356
4,35501,728,0.0,4541,141,35360
8,35509,729,1.0,4542,141,35368
7,35516,729,0.0,4543,141,35375
8,35524,730,1.0,4544,141,35383
2,35526,730,0.0,4545,141,35385
2,35528,730,0.0,4546,141,35387
8,35536,731,1.0,4547,141,35395
4,35540,731,0.0,4548,141,35399
6,35546,731,0.0,4549,141,35405
2,35548,731,0.0,4550,141,35407
4,35552,731,0.0,4551,141,35411
9,35561,731,0.0,4552,141,35420
8,35569,731,0.0,4553,141,35428
5,35574,731,0.0,4554,141,35433
8,35582,732,1.0,4555,141,35441
2,35584,732,0.0,4556,141,35443
2,35586,732,0.0,4557,141,35445
8,35594,733,1.0,4558,141,35453
10,35604,733,0.0,4559,141,35463
2,35606,733,0.0,4560,141,35465
8,35614,734,1.0,4561,141,35473
13,35627,734,0.0,4562,141,35486
4,35631,734,0.0,4563,141,35490
8,35639,735,1.0,4564,141,35498
18,35657,735,0.0,4565,141,35516
7,35664,735,0.0,4566,141,35523
8,35672,736,1.0,4567,141,35531
8,35680,736,0.0,4568,141,35539
5,35685,736,0.0,4569,141,35544
6,35691,736,0.0,4570,141,35550
3,35694,736,0.0,4571,141,35553
5,35699,736,0.0,4572,141,35558
8,35707,737,1.0,4573,141,35566
4,35711,737,0.0,4574,141,35570
9,35720,737,0.0,4575,141,35579
2,35722,737,0.0,4576,141,35581
13,35735,737,0.0,4577,141,35594
11,35746,737,0.0,4578,141,35605
2,35748,737,0.0,4579,141,35607
7,35755,737,0.0,4580,141,35614
2,35757,737,0.0,4581,141,35616
8,35765,737,0.0,4582,141,35624
8,35773,738,1.0,4583,141,35632
2,35775,738,0.0,4584,141,35634
8,35783,739,1.0,4585,141,35642
4,35787,739,0.0,4586,141,35646
8,35795,740,1.0,4587,141,35654
2,35797,740,0.0,4588,141,35656
7,35804,740,0.0,4589,141,35663
4,35808,740,0.0,4590,141,35667
4,35812,740,0.0,4591,141,35671
2,35814,740,0.0,4592,141,35673
5,35819,740,0.0,4593,141,35678
8,35827,740,0.0,4594,141,35686
8,35835,740,0.0,4595,141,35694
8,35843,741,1.0,4596,141,35702
2,35845,741,0.0,4597,141,35704
2,35847,741,0.0,4598,141,35706
6,35853,741,0.0,4599,141,35712
5,35858,741,0.0,4600,141,35717
9,35867,741,0.0,4601,141,35726
4,35871,741,0.0,4602,141,35730
11,35882,741,0.0,4603,141,35741
11,35893,741,0.0,4604,141,35752
8,35901,742,1.0,4605,141,35760
7,35908,742,0.0,4606,141,35767
8,35916,743,1.0,4607,141,35775
14,35930,743,0.0,4608,141,35789
8,35938,744,1.0,4609,141,35797
11,35949,744,0.0,4610,141,35808
8,35957,745,1.0,4611,141,35816
4,35961,745,0.0,4612,141,35820
8,35969,745,0.0,4613,141,35828
5,35974,745,0.0,4614,141,35833
8,35982,745,0.0,4615,141,35841
4,35986,745,0.0,4616,141,35845
19,36005,745,0.0,4617,141,35864
2,36007,745,0.0,4618,141,35866
5,36012,745,0.0,4619,141,35871
8,36020,746,1.0,4620,141,35879
11,36031,746,0.0,4621,141,35890
9,36040,746,0.0,4622,141,35899
2,36042,746,0.0,4623,141,35901
5,36047,746,0.0,4624,141,35906
8,36055,746,0.0,4625,141,35914
5,36060,746,0.0,4626,141,35919
2,36062,746,0.0,4627,141,35921
9,36071,746,0.0,4628,141,35930
6,36077,746,0.0,4629,141,35936
6,36083,746,0.0,4630,141,35942
6,36089,746,0.0,4631,141,35948
8,36097,746,0.0,4632,141,35956
5,36102,746,0.0,4633,141,35961
8,36110,746,0.0,4634,141,35969
8,36118,747,1.0,4635,141,35977
19,36137,748,1.0,4636,141,35996
13,36150,748,0.0,4637,141,36009
3,36153,748,0.0,4638,141,36012
4,36157,748,0.0,4639,141,36016
5,36162,748,0.0,4640,141,36021
5,36167,748,0.0,4641,141,36026
4,36171,748,0.0,4642,141,36030
9,36180,748,0.0,4643,141,36039
8,36188,748,0.0,4644,141,36047
3,36191,748,0.0,4645,141,36050
2,36193,748,0.0,4646,141,36052
8,36201,749,1.0,4647,141,36060
2,36203,749,0.0,4648,141,36062
2,36205,749,0.0,4649,141,36064
2,36207,749,0.0,4650,141,36066
8,36215,750,1.0,4651,141,36074
2,36217,750,0.0,4652,141,36076
10,36227,750,0.0,4653,141,36086
8,36235,751,1.0,4654,141,36094
13,36248,751,0.0,4655,141,36107
13,36261,751,0.0,4656,141,36120
4,36265,751,0.0,4657,141,36124
5,36270,751,0.0,4658,141,36129
8,36278,752,1.0,4659,141,36137
5,36283,752,0.0,4660,141,36142
3,36286,752,0.0,4661,141,36145
17,36303,752,0.0,4662,141,36162
11,36314,752,0.0,4663,141,36173
2,36316,752,0.0,4664,141,36175
2,36318,752,0.0,4665,141,36177
14,36332,752,0.0,4666,141,36191
16,36348,752,0.0,4667,141,36207
12,36360,752,0.0,4668,141,36219
6,36366,752,0.0,4669,141,36225
4,36370,752,0.0,4670,141,36229
5,36375,752,0.0,4671,141,36234
5,36380,752,0.0,4672,141,36239
5,36385,752,0.0,4673,141,36244
8,36393,753,1.0,4674,141,36252
3,36396,753,0.0,4675,141,36255
8,36404,754,1.0,4676,141,36263
4,36408,754,0.0,4677,141,36267
9,36417,754,0.0,4678,141,36276
8,36425,754,0.0,4679,141,36284
6,36431,754,0.0,4680,141,36290
4,36435,754,0.0,4681,141,36294
5,36440,754,0.0,4682,141,36299
18,36458,754,0.0,4683,141,36317
12,36470,754,0.0,4684,141,36329
7,36477,754,0.0,4685,141,36336
2,36479,754,0.0,4686,141,36338
9,36488,754,0.0,4687,141,36347
10,36498,754,0.0,4688,141,36357
8,36506,754,0.0,4689,141,36365
10,36516,754,0.0,4690,141,36375
7,36523,754,0.0,4691,141,36382
8,36531,755,1.0,4692,141,36390
2,36533,755,0.0,4693,141,36392
2,36535,755,0.0,4694,141,36394
8,36543,756,1.0,4695,141,36402
3,36546,756,0.0,4696,141,36405
5,36551,756,0.0,4697,141,36410
4,36555,756,0.0,4698,141,36414
12,36567,756,0.0,4699,141,36426
7,36574,756,0.0,4700,141,36433
8,36582,756,0.0,4701,141,36441
8,36590,757,1.0,4702,141,36449
17,36607,758,1.0,4703,141,36466
2,36609,758,0.0,4704,141,36468
2,36611,758,0.0,4705,141,36470
2,36613,758,0.0,4706,141,36472
10,36623,758,0.0,4707,141,36482
5,36628,758,0.0,4708,141,36487
2,36630,758,0.0,4709,141,36489
5,36635,758,0.0,4710,141,36494
11,36646,758,0.0,4711,141,36505
2,36648,758,0.0,4712,141,36507
4,36652,758,0.0,4713,141,36511
8,36660,758,0.0,4714,141,36519
6,36666,758,0.0,4715,141,36525
20,36686,758,0.0,4716,141,36545
11,36697,758,0.0,4717,141,36556
2,36699,758,0.0,4718,141,36558
8,36707,759,1.0,4719,141,36566
6,36713,759,0.0,4720,141,36572
11,36724,759,0.0,4721,141,36583
19,36743,759,0.0,4722,141,36602
8,36751,760,1.0,4723,141,36610
6,36757,760,0.0,4724,141,36616
2,36759,760,0.0,4725,141,36618
20,36779,760,0.0,4726,141,36638
8,36787,761,1.0,4727,141,36646
8,36795,762,1.0,4728,141,36654
2,36797,762,0.0,4729,141,36656
14,36811,762,0.0,4730,141,36670
2,36813,762,0.0,4731,141,36672
12,36825,762,0.0,4732,141,36684
10,36835,762,0.0,4733,141,36694
2,36837,762,0.0,4734,141,36696
8,36845,763,1.0,4735,141,36704
7,36852,763,0.0,4736,141,36711
4,36856,763,0.0,4737,141,36715
22,36878,763,0.0,4738,141,36737
5,36883,763,0.0,4739,141,36742
4,36887,763,0.0,4740,141,36746
20,36907,763,0.0,4741,141,36766
12,36919,763,0.0,4742,141,36778
5,36924,763,0.0,4743,141,36783
7,36931,763,0.0,4744,141,36790
6,36937,763,0.0,4745,141,36796
8,36945,764,1.0,4746,141,36804
6,36951,764,0.0,4747,141,36810
5,36956,764,0.0,4748,141,36815
8,36964,765,1.0,4749,141,36823
2,36966,765,0.0,4750,141,36825
8,36974,766,1.0,4751,141,36833
11,36985,766,0.0,4752,141,36844
6,36991,766,0.0,4753,141,36850
5,36996,766,0.0,4754,141,36855
8,37004,767,1.0,4755,141,36863
9,37013,767,0.0,4756,141,36872
8,37021,767,0.0,4757,141,36880
8,37029,767,0.0,4758,141,36888
8,37037,768,1.0,4759,141,36896
4,37041,768,0.0,4760,141,36900
8,37049,768,0.0,4761,141,36908
10,37059,768,0.0,4762,141,36918
3,37062,768,0.0,4763,141,36921
13,37075,768,0.0,4764,141,36934
2,37077,768,0.0,4765,141,36936
8,37085,769,1.0,4766,141,36944
34,37119,769,0.0,4767,141,36978
16,37135,769,0.0,4768,141,36994
4,37139,769,0.0,4769,141,36998
3,37142,769,0.0,4770,141,37001
8,37150,770,1.0,4771,141,37009
5,37155,770,0.0,4772,141,37014
9,37164,770,0.0,4773,141,37023
12,37176,770,0.0,4774,141,37035
3,37179,770,0.0,4775,141,37038
2,37181,770,0.0,4776,141,37040
24,37205,770,0.0,4777,141,37064
8,37213,771,1.0,4778,141,37072
14,37227,771,0.0,4779,141,37086
8,37235,772,1.0,4780,141,37094
5,37240,772,0.0,4781,141,37099
6,37246,772,0.0,4782,141,37105
4,37250,772,0.0,4783,141,37109
7,37257,772,0.0,4784,141,37116
6,37263,772,0.0,4785,141,37122
3,37266,772,0.0,4786,141,37125
8,37274,772,0.0,4787,141,37133
22,37296,772,0.0,4788,141,37155
12,37308,772,0.0,4789,141,37167
19,37327,773,1.0,4790,141,37186
8,37335,773,0.0,4791,141,37194
5,37340,773,0.0,4792,141,37199
7,37347,773,0.0,4793,141,37206
8,37355,774,1.0,4794,141,37214
2,37357,774,0.0,4795,141,37216
19,37376,775,1.0,4796,141,37235
8,37384,776,1.0,4797,141,37243
14,37398,776,0.0,4798,141,37257
5,37403,776,0.0,4799,141,37262
6,37409,776,0.0,4800,141,37268
2,37411,776,0.0,4801,141,37270
4,37415,776,0.0,4802,141,37274
7,37422,776,0.0,4803,141,37281
17,37439,777,1.0,4804,141,37298
2,37441,777,0.0,4805,141,37300
19,37460,778,1.0,4806,141,37319
25,37485,778,0.0,4807,141,37344
2,37487,778,0.0,4808,141,37346
8,37495,778,0.0,4809,141,37354
5,37500,778,0.0,4810,141,37359
7,37507,778,0.0,4811,141,37366
8,37515,779,1.0,4812,141,37374
8,37523,780,1.0,4813,141,37382
9,37532,780,0.0,4814,141,37391
2,37534,780,0.0,4815,141,37393
8,37542,781,1.0,4816,141,37401
2,37544,781,0.0,4817,141,37403
8,37552,781,0.0,4818,141,37411
2,37554,781,0.0,4819,141,37413
19,37573,782,1.0,4820,141,37432
4,37577,782,0.0,4821,141,37436
7,37584,782,0.0,4822,141,37443
18,37602,782,0.0,4823,141,37461
6,37608,782,0.0,4824,141,37467
8,37616,783,1.0,4825,141,37475
7,37623,783,0.0,4826,141,37482
5,37628,783,0.0,4827,141,37487
13,37641,783,0.0,4828,141,37500
16,37657,783,0.0,4829,141,37516
8,37665,783,0.0,4830,141,37524
26,37691,783,0.0,4831,141,37550
4,37695,783,0.0,4832,141,37554
10,37705,783,0.0,4833,141,37564
16,37721,783,0.0,4834,141,37580
2,37723,783,0.0,4835,141,37582
5,37728,783,0.0,4836,141,37587
6,37734,783,0.0,4837,141,37593
5,37739,783,0.0,4838,141,37598
5,37744,783,0.0,4839,141,37603
14,37758,783,0.0,4840,141,37617
2,37760,783,0.0,4841,141,37619
6,37766,783,0.0,4842,141,37625
17,37783,783,0.0,4843,141,37642
8,37791,783,0.0,4844,141,37650
2,37793,783,0.0,4845,141,37652
8,37801,784,1.0,4846,141,37660
26,37827,784,0.0,4847,141,37686
8,37835,785,1.0,4848,141,37694
2,37837,785,0.0,4849,141,37696
13,37850,785,0.0,4850,141,37709
16,37866,785,0.0,4851,141,37725
2,37868,785,0.0,4852,141,37727
5,37873,785,0.0,4853,141,37732
8,37881,786,1.0,4854,141,37740
4,37885,786,0.0,4855,141,37744
8,37893,787,1.0,4856,141,37752
8,37901,788,1.0,4857,141,37760
8,37909,789,1.0,4858,141,37768
8,37917,789,0.0,4859,141,37776
5,37922,789,0.0,4860,141,37781
2,37924,789,0.0,4861,141,37783
16,37940,789,0.0,4862,141,37799
8,37948,789,0.0,4863,141,37807
8,37956,790,1.0,4864,141,37815
16,37972,790,0.0,4865,141,37831
19,37991,790,0.0,4866,141,37850
7,37998,790,0.0,4867,141,37857
8,38006,790,0.0,4868,141,37865
8,38014,791,1.0,4869,141,37873
8,38022,792,1.0,4870,141,37881
37,38059,792,0.0,4871,141,37918
2,38061,792,0.0,4872,141,37920
8,38069,792,0.0,4873,141,37928
8,38077,792,0.0,4874,141,37936
2,38079,792,0.0,4875,141,37938
10,38089,792,0.0,4876,141,37948
5,38094,792,0.0,4877,141,37953
3,38097,792,0.0,4878,141,37956
15,38112,792,0.0,4879,141,37971
8,38120,793,1.0,4880,141,37979
8,38128,794,1.0,4881,141,37987
2,38130,794,0.0,4882,141,37989
2,38132,794,0.0,4883,141,37991
12,38144,794,0.0,4884,141,38003
13,38157,794,0.0,4885,141,38016
9,38166,794,0.0,4886,141,38025
9,38175,794,0.0,4887,141,38034
5,38180,794,0.0,4888,141,38039
4,38184,794,0.0,4889,141,38043
8,38192,795,1.0,4890,141,38051
2,38194,795,0.0,4891,141,38053
8,38202,796,1.0,4892,141,38061
2,38204,796,0.0,4893,141,38063
7,38211,796,0.0,4894,141,38070
8,38219,796,0.0,4895,141,38078
8,38227,796,0.0,4896,141,38086
8,38235,797,1.0,4897,141,38094
12,38247,797,0.0,4898,141,38106
11,38258,797,0.0,4899,141,38117
8,38266,798,1.0,4900,141,38125
7,38273,798,0.0,4901,141,38132
8,38281,798,0.0,4902,141,38140
6,38287,798,0.0,4903,141,38146
2,38289,798,0.0,4904,141,38148
7,38296,798,0.0,4905,141,38155
8,38304,798,0.0,4906,141,38163
2,38306,798,0.0,4907,141,38165
5,38311,798,0.0,4908,141,38170
2,38313,798,0.0,4909,141,38172
3,38316,798,0.0,4910,141,38175
21,38337,798,0.0,4911,141,38196
7,38344,798,0.0,4912,141,38203
13,38357,798,0.0,4913,141,38216
8,38365,799,1.0,4914,141,38224
6,38371,799,0.0,4915,141,38230
3,38374,799,0.0,4916,141,38233
10,38384,799,0.0,4917,141,38243
8,38392,799,0.0,4918,141,38251
17,38409,799,0.0,4919,141,38268
5,38414,799,0.0,4920,141,38273
8,38422,799,0.0,4921,141,38281
8,38430,800,1.0,4922,141,38289
8,38438,801,1.0,4923,141,38297
4,38442,801,0.0,4924,141,38301
2,38444,801,0.0,4925,141,38303
19,38463,802,1.0,4926,141,38322
5,38468,802,0.0,4927,141,38327
13,38481,802,0.0,4928,141,38340
10,38491,802,0.0,4929,141,38350
2,38493,802,0.0,4930,141,38352
2,38495,802,0.0,4931,141,38354
9,38504,802,0.0,4932,141,38363
3,38507,802,0.0,4933,141,38366
10,38517,802,0.0,4934,141,38376
2,38519,802,0.0,4935,141,38378
8,38527,802,0.0,4936,141,38386
2,38529,802,0.0,4937,141,38388
2,38531,802,0.0,4938,141,38390
5,38536,802,0.0,4939,141,38395
4,38540,802,0.0,4940,141,38399
13,38553,802,0.0,4941,141,38412
8,38561,803,1.0,4942,141,38420
8,38569,804,1.0,4943,141,38428
8,38577,804,0.0,4944,141,38436
5,38582,804,0.0,4945,141,38441
8,38590,805,1.0,4946,141,38449
8,38598,806,1.0,4947,141,38457
10,38608,806,0.0,4948,141,38467
2,38610,806,0.0,4949,141,38469
7,38617,806,0.0,4950,141,38476
8,38625,807,1.0,4951,141,38484
4,38629,807,0.0,4952,141,38488
2,38631,807,0.0,4953,141,38490
4,38635,807,0.0,4954,141,38494
8,38643,808,1.0,4955,141,38502
5,38648,808,0.0,4956,141,38507
13,38661,808,0.0,4957,141,38520
8,38669,809,1.0,4958,141,38528
8,38677,810,1.0,4959,141,38536
5,38682,810,0.0,4960,141,38541
2,38684,810,0.0,4961,141,38543
9,38693,810,0.0,4962,141,38552
7,38700,810,0.0,4963,141,38559
13,38713,810,0.0,4964,141,38572
4,38717,810,0.0,4965,141,38576
11,38728,810,0.0,4966,141,38587
5,38733,810,0.0,4967,141,38592
7,38740,810,0.0,4968,141,38599
10,38750,810,0.0,4969,141,38609
12,38762,810,0.0,4970,141,38621
6,38768,810,0.0,4971,141,38627
6,38774,810,0.0,4972,141,38633
14,38788,810,0.0,4973,141,38647
9,38797,810,0.0,4974,141,38656
15,38812,810,0.0,4975,141,38671
5,38817,810,0.0,4976,141,38676
5,38822,810,0.0,4977,141,38681
4,38826,810,0.0,4978,141,38685
4,38830,810,0.0,4979,141,38689
8,38838,811,1.0,4980,141,38697
6,38844,811,0.0,4981,141,38703
17,38861,811,0.0,4982,141,38720
5,38866,811,0.0,4983,141,38725
5,38871,811,0.0,4984,141,38730
5,38876,811,0.0,4985,141,38735
11,38887,811,0.0,4986,141,38746
5,38892,811,0.0,4987,141,38751
16,38908,811,0.0,4988,141,38767
4,38912,811,0.0,4989,141,38771
2,38914,811,0.0,4990,141,38773
8,38922,811,0.0,4991,141,38781
5,38927,811,0.0,4992,141,38786
8,38935,812,1.0,4993,141,38794
8,38943,812,0.0,4994,141,38802
7,38950,812,0.0,4995,141,38809
8,38958,813,1.0,4996,141,38817
7,38965,813,0.0,4997,141,38824
2,38967,813,0.0,4998,141,38826
2,38969,813,0.0,4999,141,38828
2,38971,813,0.0,5000,141,38830
9,38980,813,0.0,5001,141,38839
5,38985,813,0.0,5002,141,38844
8,38993,814,1.0,5003,141,38852
2,38995,814,0.0,5004,141,38854
3,38998,814,0.0,5005,141,38857
14,39012,814,0.0,5006,141,38871
4,39016,814,0.0,5007,141,38875
4,39020,814,0.0,5008,141,38879
8,39028,815,1.0,5009,141,38887
5,39033,815,0.0,5010,141,38892
8,39041,816,1.0,5011,141,38900
5,39046,816,0.0,5012,141,38905
11,39057,816,0.0,5013,141,38916
2,39059,816,0.0,5014,141,38918
8,39067,817,1.0,5015,141,38926
6,39073,817,0.0,5016,141,38932
29,39102,817,0.0,5017,141,38961
3,39105,817,0.0,5018,141,38964
17,39122,817,0.0,5019,141,38981
2,39124,817,0.0,5020,141,38983
2,39126,817,0.0,5021,141,38985
2,39128,817,0.0,5022,141,38987
19,39147,817,0.0,5023,141,39006
8,39155,818,1.0,5024,141,39014
6,39161,818,0.0,5025,141,39020
5,39166,818,0.0,5026,141,39025
4,39170,818,0.0,5027,141,39029
5,39175,818,0.0,5028,141,39034
5,39180,818,0.0,5029,141,39039
7,39187,818,0.0,5030,141,39046
13,39200,818,0.0,5031,141,39059
8,39208,819,1.0,5032,141,39067
8,39216,820,1.0,5033,141,39075
12,39228,820,0.0,5034,141,39087
8,39236,821,1.0,5035,141,39095
8,39244,822,1.0,5036,141,39103
2,39246,822,0.0,5037,141,39105
8,39254,823,1.0,5038,141,39113
8,39262,824,1.0,5039,141,39121
16,39278,824,0.0,5040,141,39137
4,39282,824,0.0,5041,141,39141
16,39298,824,0.0,5042,141,39157
12,39310,824,0.0,5043,141,39169
2,39312,824,0.0,5044,141,39171
8,39320,825,1.0,5045,141,39179
8,39328,826,1.0,5046,141,39187
17,39345,826,0.0,5047,141,39204
8,39353,826,0.0,5048,141,39212
19,39372,827,1.0,5049,141,39231
9,39381,827,0.0,5050,141,39240
15,39396,827,0.0,5051,141,39255
5,39401,827,0.0,5052,141,39260
17,39418,827,0.0,5053,141,39277
6,39424,827,0.0,5054,141,39283
8,39432,828,1.0,5055,141,39291
8,39440,829,1.0,5056,141,39299
8,39448,830,1.0,5057,141,39307
11,39459,830,0.0,5058,141,39318
10,39469,830,0.0,5059,141,39328
8,39477,830,0.0,5060,141,39336
6,39483,830,0.0,5061,141,39342
8,39491,831,1.0,5062,141,39350
5,39496,831,0.0,5063,141,39355
5,39501,831,0.0,5064,141,39360
13,39514,831,0.0,5065,141,39373
6,39520,831,0.0,5066,141,39379
11,39531,831,0.0,5067,141,39390
26,39557,831,0.0,5068,141,39416
8,39565,832,1.0,5069,141,39424
8,39573,833,1.0,5070,141,39432
18,39591,833,0.0,5071,141,39450
2,39593,833,0.0,5072,141,39452
8,39601,834,1.0,5073,141,39460
25,39626,834,0.0,5074,141,39485
8,39634,835,1.0,5075,141,39493
5,39639,835,0.0,5076,141,39498
2,39641,835,0.0,5077,141,39500
8,39649,835,0.0,5078,141,39508
8,39657,836,1.0,5079,141,39516
5,39662,836,0.0,5080,141,39521
2,39664,836,0.0,5081,141,39523
5,39669,836,0.0,5082,141,39528
2,39671,836,0.0,5083,141,39530
8,39679,836,0.0,5084,141,39538
2,39681,836,0.0,5085,141,39540
2,39683,836,0.0,5086,141,39542
11,39694,836,0.0,5087,141,39553
10,39704,836,0.0,5088,141,39563
11,39715,836,0.0,5089,141,39574
2,39717,836,0.0,5090,141,39576
13,39730,836,0.0,5091,141,39589
8,39738,837,1.0,5092,141,39597
2,39740,837,0.0,5093,141,39599
8,39748,838,1.0,5094,141,39607
6,39754,838,0.0,5095,141,39613
22,39776,838,0.0,5096,141,39635
8,39784,839,1.0,5097,141,39643
17,39801,840,1.0,5098,141,39660
2,39803,840,0.0,5099,141,39662
8,39811,840,0.0,5100,141,39670
9,39820,840,0.0,5101,141,39679
2,39822,840,0.0,5102,141,39681
8,39830,840,0.0,5103,141,39689
11,39841,840,0.0,5104,141,39700
2,39843,840,0.0,5105,141,39702
2,39845,840,0.0,5106,141,39704
8,39853,841,1.0,5107,141,39712
8,39861,841,0.0,5108,141,39720
10,39871,841,0.0,5109,141,39730
2,39873,841,0.0,5110,141,39732
4,39877,841,0.0,5111,141,39736
6,39883,841,0.0,5112,141,39742
11,39894,841,0.0,5113,141,39753
2,39896,841,0.0,5114,141,39755
2,39898,841,0.0,5115,141,39757
8,39906,842,1.0,5116,141,39765
8,39914,842,0.0,5117,141,39773
6,39920,842,0.0,5118,141,39779
3,39923,842,0.0,5119,141,39782
8,39931,843,1.0,5120,141,39790
3,39934,843,0.0,5121,141,39793
7,39941,843,0.0,5122,141,39800
19,39960,844,1.0,5123,141,39819
8,39968,844,0.0,5124,141,39827
3,39971,844,0.0,5125,141,39830
8,39979,845,1.0,5126,141,39838
8,39987,846,1.0,5127,141,39846
9,39996,846,0.0,5128,141,39855
12,40008,846,0.0,5129,141,39867
2,40010,846,0.0,5130,141,39869
2,40012,846,0.0,5131,141,39871
2,40014,846,0.0,5132,141,39873
4,40018,846,0.0,5133,141,39877
2,40020,846,0.0,5134,141,39879
18,40038,846,0.0,5135,141,39897
3,40041,846,0.0,5136,141,39900
2,40043,846,0.0,5137,141,39902
4,40047,846,0.0,5138,141,39906
2,40049,846,0.0,5139,141,39908
5,40054,846,0.0,5140,141,39913
2,40056,846,0.0,5141,141,39915
2,40058,846,0.0,5142,141,39917
8,40066,847,1.0,5143,141,39925
13,40079,847,0.0,5144,141,39938
4,40083,847,0.0,5145,141,39942
12,40095,847,0.0,5146,141,39954
4,40099,847,0.0,5147,141,39958
8,40107,847,0.0,5148,141,39966
2,40109,847,0.0,5149,141,39968
3,40112,847,0.0,5150,141,39971
6,40118,847,0.0,5151,141,39977
8,40126,848,1.0,5152,141,39985
8,40134,848,0.0,5153,141,39993
6,40140,848,0.0,5154,141,39999
10,40150,848,0.0,5155,141,40009
4,40154,848,0.0,5156,141,40013
10,40164,848,0.0,5157,141,40023
7,40171,848,0.0,5158,141,40030
8,40179,849,1.0,5159,141,40038
5,40184,849,0.0,5160,141,40043
19,40203,850,1.0,5161,141,40062
15,40218,850,0.0,5162,141,40077
8,40226,850,0.0,5163,141,40085
7,40233,850,0.0,5164,141,40092
2,40235,850,0.0,5165,141,40094
8,40243,851,1.0,5166,141,40102
8,40251,852,1.0,5167,141,40110
2,40253,852,0.0,5168,141,40112
17,40270,853,1.0,5169,141,40129
7,40277,853,0.0,5170,141,40136
2,40279,853,0.0,5171,141,40138
8,40287,854,1.0,5172,141,40146
5,40292,854,0.0,5173,141,40151
3,40295,854,0.0,5174,141,40154
22,40317,854,0.0,5175,141,40176
8,40325,855,1.0,5176,141,40184
3,40328,855,0.0,5177,141,40187
8,40336,856,1.0,5178,141,40195
4,40340,856,0.0,5179,141,40199
26,40366,856,0.0,5180,141,40225
5,40371,856,0.0,5181,141,40230
8,40379,857,1.0,5182,141,40238
18,40397,857,0.0,5183,141,40256
8,40405,858,1.0,5184,141,40264
8,40413,859,1.0,5185,141,40272
2,40415,859,0.0,5186,141,40274
5,40420,859,0.0,5187,141,40279
3,40423,859,0.0,5188,141,40282
8,40431,860,1.0,5189,141,40290
4,40435,860,0.0,5190,141,40294
2,40437,860,0.0,5191,141,40296
8,40445,861,1.0,5192,141,40304
13,40458,861,0.0,5193,141,40317
9,40467,861,0.0,5194,141,40326
7,40474,861,0.0,5195,141,40333
9,40483,861,0.0,5196,141,40342
5,40488,861,0.0,5197,141,40347
7,40495,861,0.0,5198,141,40354
19,40514,862,1.0,5199,141,40373
6,40520,862,0.0,5200,141,40379
4,40524,862,0.0,5201,141,40383
2,40526,862,0.0,5202,141,40385
2,40528,862,0.0,5203,141,40387
6,40534,862,0.0,5204,141,40393
4,40538,862,0.0,5205,141,40397
4,40542,862,0.0,5206,141,40401
3,40545,862,0.0,5207,141,40404
11,40556,862,0.0,5208,141,40415
2,40558,862,0.0,5209,141,40417
3,40561,862,0.0,5210,141,40420
8,40569,863,1.0,5211,141,40428
4,40573,863,0.0,5212,141,40432
5,40578,863,0.0,5213,141,40437
5,40583,863,0.0,5214,141,40442
12,40595,863,0.0,5215,141,40454
16,40611,863,0.0,5216,141,40470
13,40624,863,0.0,5217,141,40483
3,40627,863,0.0,5218,141,40486
12,40639,863,0.0,5219,141,40498
7,40646,863,0.0,5220,141,40505
2,40648,863,0.0,5221,141,40507
3,40651,863,0.0,5222,141,40510
8,40659,864,1.0,5223,141,40518
6,40665,864,0.0,5224,141,40524
5,40670,864,0.0,5225,141,40529
9,40679,864,0.0,5226,141,40538
8,40687,865,1.0,5227,141,40546
4,40691,865,0.0,5228,141,40550
18,40709,865,0.0,5229,141,40568
17,40726,865,0.0,5230,141,40585
2,40728,865,0.0,5231,141,40587
13,40741,865,0.0,5232,141,40600
13,40754,865,0.0,5233,141,40613
3,40757,865,0.0,5234,141,40616
4,40761,865,0.0,5235,141,40620
5,40766,865,0.0,5236,141,40625
3,40769,865,0.0,5237,141,40628
8,40777,866,1.0,5238,141,40636
4,40781,866,0.0,5239,141,40640
6,40787,866,0.0,5240,141,40646
2,40789,866,0.0,5241,141,40648
2,40791,866,0.0,5242,141,40650
9,40800,866,0.0,5243,141,40659
16,40816,866,0.0,5244,141,40675
8,40824,867,1.0,5245,141,40683
17,40841,867,0.0,5246,141,40700
10,40851,867,0.0,5247,141,40710
3,40854,867,0.0,5248,141,40713
14,40868,867,0.0,5249,141,40727
2,40870,867,0.0,5250,141,40729
2,40872,867,0.0,5251,141,40731
2,40874,867,0.0,5252,141,40733
8,40882,868,1.0,5253,141,40741
8,40890,869,1.0,5254,141,40749
4,40894,869,0.0,5255,141,40753
8,40902,869,0.0,5256,141,40761
5,40907,869,0.0,5257,141,40766
8,40915,869,0.0,5258,141,40774
6,40921,869,0.0,5259,141,40780
8,40929,870,1.0,5260,141,40788
4,40933,870,0.0,5261,141,40792
4,40937,870,0.0,5262,141,40796
17,40954,870,0.0,5263,141,40813
5,40959,870,0.0,5264,141,40818
2,40961,870,0.0,5265,141,40820
5,40966,870,0.0,5266,141,40825
6,40972,870,0.0,5267,141,40831
8,40980,871,1.0,5268,141,40839
4,40984,871,0.0,5269,141,40843
2,40986,871,0.0,5270,141,40845
8,40994,872,1.0,5271,141,40853
8,41002,873,1.0,5272,141,40861
17,41019,873,0.0,5273,141,40878
9,41028,873,0.0,5274,141,40887
4,41032,873,0.0,5275,141,40891
8,41040,873,0.0,5276,141,40899
41,41081,873,0.0,5277,141,40940
10,41091,873,0.0,5278,141,40950
15,41106,873,0.0,5279,141,40965
2,41108,873,0.0,5280,141,40967
4,41112,873,0.0,5281,141,40971
2,41114,873,0.0,5282,141,40973
4,41118,873,0.0,5283,141,40977
8,41126,874,1.0,5284,141,40985
8,41134,875,1.0,5285,141,40993
8,41142,876,1.0,5286,141,41001
7,41149,876,0.0,5287,141,41008
11,41160,876,0.0,5288,141,41019
3,41163,876,0.0,5289,141,41022
8,41171,876,0.0,5290,141,41030
8,41179,877,1.0,5291,141,41038
8,41187,878,1.0,5292,141,41046
15,41202,878,0.0,5293,141,41061
18,41220,878,0.0,5294,141,41079
7,41227,878,0.0,5295,141,41086
9,41236,878,0.0,5296,141,41095
8,41244,879,1.0,5297,141,41103
2,41246,879,0.0,5298,141,41105
8,41254,880,1.0,5299,141,41113
6,41260,880,0.0,5300,141,41119
13,41273,880,0.0,5301,141,41132
7,41280,880,0.0,5302,141,41139
5,41285,880,0.0,5303,141,41144
4,41289,880,0.0,5304,141,41148
15,41304,880,0.0,5305,141,41163
8,41312,881,1.0,5306,141,41171
3,41315,881,0.0,5307,141,41174
8,41323,881,0.0,5308,141,41182
4,41327,881,0.0,5309,141,41186
4,41331,881,0.0,5310,141,41190
7,41338,881,0.0,5311,141,41197
2,41340,881,0.0,5312,141,41199
8,41348,882,1.0,5313,141,41207
8,41356,883,1.0,5314,141,41215
2,41358,883,0.0,5315,141,41217
9,41367,883,0.0,5316,141,41226
3,41370,883,0.0,5317,141,41229
2,41372,883,0.0,5318,141,41231
10,41382,883,0.0,5319,141,41241
8,41390,884,1.0,5320,141,41249
5,41395,884,0.0,5321,141,41254
8,41403,885,1.0,5322,141,41262
13,41416,885,0.0,5323,141,41275
4,41420,885,0.0,5324,141,41279
4,41424,885,0.0,5325,141,41283
2,41426,885,0.0,5326,141,41285
8,41434,886,1.0,5327,141,41293
8,41442,887,1.0,5328,141,41301
2,41444,887,0.0,5329,141,41303
8,41452,888,1.0,5330,141,41311
8,41460,889,1.0,5331,141,41319
5,41465,889,0.0,5332,141,41324
8,41473,889,0.0,5333,141,41332
8,41481,890,1.0,5334,141,41340
2,41483,890,0.0,5335,141,41342
6,41489,890,0.0,5336,141,41348
5,41494,890,0.0,5337,141,41353
16,41510,890,0.0,5338,141,41369
7,41517,890,0.0,5339,141,41376
6,41523,890,0.0,5340,141,41382
2,41525,890,0.0,5341,141,41384
8,41533,891,1.0,5342,141,41392
8,41541,892,1.0,5343,141,41400
4,41545,892,0.0,5344,141,41404
8,41553,893,1.0,5345,141,41412
4,41557,893,0.0,5346,141,41416
2,41559,893,0.0,5347,141,41418
10,41569,893,0.0,5348,141,41428
7,41576,893,0.0,5349,141,41435
8,41584,894,1.0,5350,141,41443
7,41591,894,0.0,5351,141,41450
8,41599,894,0.0,5352,141,41458
7,41606,894,0.0,5353,141,41465
5,41611,894,0.0,5354,141,41470
11,41622,894,0.0,5355,141,41481
25,41647,894,0.0,5356,141,41506
16,41663,894,0.0,5357,141,41522
8,41671,895,1.0,5358,141,41530
10,41681,895,0.0,5359,141,41540
12,41693,895,0.0,5360,141,41552
8,41701,895,0.0,5361,141,41560
14,41715,895,0.0,5362,141,41574
8,41723,896,1.0,5363,141,41582
2,41725,896,0.0,5364,141,41584
4,41729,896,0.0,5365,141,41588
19,41748,897,1.0,5366,141,41607
11,41759,897,0.0,5367,141,41618
14,41773,897,0.0,5368,141,41632
7,41780,897,0.0,5369,141,41639
5,41785,897,0.0,5370,141,41644
8,41793,898,1.0,5371,141,41652
5,41798,898,0.0,5372,141,41657
8,41806,899,1.0,5373,141,41665
8,41814,900,1.0,5374,141,41673
2,41816,900,0.0,5375,141,41675
12,41828,900,0.0,5376,141,41687
9,41837,900,0.0,5377,141,41696
12,41849,900,0.0,5378,141,41708
7,41856,900,0.0,5379,141,41715
6,41862,900,0.0,5380,141,41721
8,41870,901,1.0,5381,141,41729
7,41877,901,0.0,5382,141,41736
26,41903,901,0.0,5383,141,41762
8,41911,902,1.0,5384,141,41770
5,41916,902,0.0,5385,141,41775
8,41924,902,0.0,5386,141,41783
8,41932,903,1.0,5387,141,41791
2,41934,903,0.0,5388,141,41793
8,41942,904,1.0,5389,141,41801
10,41952,904,0.0,5390,141,41811
8,41960,905,1.0,5391,141,41819
7,41967,905,0.0,5392,141,41826
5,41972,905,0.0,5393,141,41831
6,41978,905,0.0,5394,141,41837
2,41980,905,0.0,5395,141,41839
2,41982,905,0.0,5396,141,41841
5,41987,905,0.0,5397,141,41846
8,41995,905,0.0,5398,141,41854
4,41999,905,0.0,5399,141,41858
8,42007,906,1.0,5400,141,41866
3,42010,906,0.0,5401,141,41869
2,42012,906,0.0,5402,141,41871
16,42028,906,0.0,5403,141,41887
2,42030,906,0.0,5404,141,41889
9,42039,906,0.0,5405,141,41898
5,42044,906,0.0,5406,141,41903
5,42049,906,0.0,5407,141,41908
8,42057,907,1.0,5408,141,41916
8,42065,908,1.0,5409,141,41924
8,42073,909,1.0,5410,141,41932
4,42077,909,0.0,5411,141,41936
2,42079,909,0.0,5412,141,41938
12,42091,909,0.0,5413,141,41950
11,42102,909,0.0,5414,141,41961
13,42115,909,0.0,5415,141,41974
8,42123,909,0.0,5416,141,41982
5,42128,909,0.0,5417,141,41987
5,42133,909,0.0,5418,141,41992
8,42141,910,1.0,5419,141,42000
6,42147,910,0.0,5420,141,42006
4,42151,910,0.0,5421,141,42010
2,42153,910,0.0,5422,141,42012
2,42155,910,0.0,5423,141,42014
5,42160,910,0.0,5424,141,42019
8,42168,910,0.0,5425,141,42027
7,42175,910,0.0,5426,141,42034
6,42181,910,0.0,5427,141,42040
9,42190,910,0.0,5428,141,42049
11,42201,910,0.0,5429,141,42060
2,42203,910,0.0,5430,141,42062
6,42209,910,0.0,5431,141,42068
6,42215,910,0.0,5432,141,42074
4,42219,910,0.0,5433,141,42078
15,42234,910,0.0,5434,141,42093
8,42242,911,1.0,5435,141,42101
8,42250,911,0.0,5436,141,42109
4,42254,911,0.0,5437,141,42113
10,42264,911,0.0,5438,141,42123
14,42278,911,0.0,5439,141,42137
21,42299,911,0.0,5440,141,42158
2,42301,911,0.0,5441,141,42160
8,42309,912,1.0,5442,141,42168
5,42314,912,0.0,5443,141,42173
8,42322,913,1.0,5444,141,42181
3,42325,913,0.0,5445,141,42184
8,42333,914,1.0,5446,141,42192
8,42341,915,1.0,5447,141,42200
5,42346,915,0.0,5448,141,42205
16,42362,915,0.0,5449,141,42221
6,42368,915,0.0,5450,141,42227
6,42374,915,0.0,5451,141,42233
8,42382,916,1.0,5452,141,42241
16,42398,916,0.0,5453,141,42257
2,42400,916,0.0,5454,141,42259
8,42408,917,1.0,5455,141,42267
19,42427,918,1.0,5456,141,42286
12,42439,918,0.0,5457,141,42298
2,42441,918,0.0,5458,141,42300
7,42448,918,0.0,5459,141,42307
9,42457,918,0.0,5460,141,42316
5,42462,918,0.0,5461,141,42321
7,42469,918,0.0,5462,141,42328
2,42471,918,0.0,5463,141,42330
3,42474,918,0.0,5464,141,42333
2,42476,918,0.0,5465,141,42335
19,42495,919,1.0,5466,141,42354
8,42503,920,1.0,5467,141,42362
9,42512,920,0.0,5468,141,42371
5,42517,920,0.0,5469,141,42376
8,42525,921,1.0,5470,141,42384
8,42533,922,1.0,5471,141,42392
4,42537,922,0.0,5472,141,42396
5,42542,922,0.0,5473,141,42401
8,42550,923,1.0,5474,141,42409
19,42569,924,1.0,5475,141,42428
8,42577,925,1.0,5476,141,42436
8,42585,926,1.0,5477,141,42444
17,42602,926,0.0,5478,141,42461
12,42614,926,0.0,5479,141,42473
4,42618,926,0.0,5480,141,42477
2,42620,926,0.0,5481,141,42479
8,42628,926,0.0,5482,141,42487
2,42630,926,0.0,5483,141,42489
3,42633,926,0.0,5484,141,42492
5,42638,926,0.0,5485,141,42497
6,42644,926,0.0,5486,141,42503
7,42651,926,0.0,5487,141,42510
2,42653,926,0.0,5488,141,42512
5,42658,926,0.0,5489,141,42517
2,42660,926,0.0,5490,141,42519
8,42668,927,1.0,5491,141,42527
10,42678,927,0.0,5492,141,42537
4,42682,927,0.0,5493,141,42541
10,42692,927,0.0,5494,141,42551
4,42696,927,0.0,5495,141,42555
2,42698,927,0.0,5496,141,42557
7,42705,927,0.0,5497,141,42564
2,42707,927,0.0,5498,141,42566
4,42711,927,0.0,5499,141,42570
3,42714,927,0.0,5500,141,42573
10,42724,927,0.0,5501,141,42583
8,42732,928,1.0,5502,141,42591
8,42740,929,1.0,5503,141,42599
8,42748,929,0.0,5504,141,42607
2,42750,929,0.0,5505,141,42609
13,42763,929,0.0,5506,141,42622
5,42768,929,0.0,5507,141,42627
3,42771,929,0.0,5508,141,42630
2,42773,929,0.0,5509,141,42632
6,42779,929,0.0,5510,141,42638
19,42798,930,1.0,5511,141,42657
5,42803,930,0.0,5512,141,42662
8,42811,931,1.0,5513,141,42670
8,42819,932,1.0,5514,141,42678
23,42842,932,0.0,5515,141,42701
10,42852,932,0.0,5516,141,42711
14,42866,932,0.0,5517,141,42725
2,42868,932,0.0,5518,141,42727
8,42876,933,1.0,5519,141,42735
8,42884,933,0.0,5520,141,42743
9,42893,933,0.0,5521,141,42752
8,42901,934,1.0,5522,141,42760
6,42907,934,0.0,5523,141,42766
17,42924,934,0.0,5524,141,42783
6,42930,934,0.0,5525,141,42789
8,42938,935,1.0,5526,141,42797
4,42942,935,0.0,5527,141,42801
8,42950,936,1.0,5528,141,42809
16,42966,936,0.0,5529,141,42825
8,42974,937,1.0,5530,141,42833
13,42987,937,0.0,5531,141,42846
4,42991,937,0.0,5532,141,42850
14,43005,937,0.0,5533,141,42864
8,43013,938,1.0,5534,141,42872
5,43018,938,0.0,5535,141,42877
9,43027,938,0.0,5536,141,42886
8,43035,938,0.0,5537,141,42894
2,43037,938,0.0,5538,141,42896
2,43039,938,0.0,5539,141,42898
6,43045,938,0.0,5540,141,42904
4,43049,938,0.0,5541,141,42908
8,43057,938,0.0,5542,141,42916
3,43060,938,0.0,5543,141,42919
11,43071,938,0.0,5544,141,42930
22,43093,938,0.0,5545,141,42952
2,43095,938,0.0,5546,141,42954
5,43100,938,0.0,5547,141,42959
10,43110,938,0.0,5548,141,42969
16,43126,938,0.0,5549,141,42985
7,43133,938,0.0,5550,141,42992
10,43143,938,0.0,5551,141,43002
5,43148,938,0.0,5552,141,43007
3,43151,938,0.0,5553,141,43010
27,43178,938,0.0,5554,141,43037
17,43195,939,1.0,5555,141,43054
2,43197,939,0.0,5556,141,43056
10,43207,939,0.0,5557,141,43066
12,43219,939,0.0,5558,141,43078
8,43227,939,0.0,5559,141,43086
11,43238,939,0.0,5560,141,43097
5,43243,939,0.0,5561,141,43102
8,43251,940,1.0,5562,141,43110
3,43254,940,0.0,5563,141,43113
6,43260,940,0.0,5564,141,43119
8,43268,941,1.0,5565,141,43127
4,43272,941,0.0,5566,141,43131
8,43280,942,1.0,5567,141,43139
8,43288,943,1.0,5568,141,43147
26,43314,943,0.0,5569,141,43173
10,43324,943,0.0,5570,141,43183
8,43332,943,0.0,5571,141,43191
7,43339,943,0.0,5572,141,43198
2,43341,943,0.0,5573,141,43200
14,43355,943,0.0,5574,141,43214
13,43368,943,0.0,5575,141,43227
10,43378,943,0.0,5576,141,43237
8,43386,944,1.0,5577,141,43245
8,43394,945,1.0,5578,141,43253
7,43401,945,0.0,5579,141,43260
2,43403,945,0.0,5580,141,43262
2,43405,945,0.0,5581,141,43264
8,43413,946,1.0,5582,141,43272
2,43415,946,0.0,5583,141,43274
2,43417,946,0.0,5584,141,43276
4,43421,946,0.0,5585,141,43280
9,43430,946,0.0,5586,141,43289
5,43435,946,0.0,5587,141,43294
15,43450,946,0.0,5588,141,43309
4,43454,946,0.0,5589,141,43313
7,43461,946,0.0,5590,141,43320
8,43469,947,1.0,5591,141,43328
2,43471,947,0.0,5592,141,43330
5,43476,947,0.0,5593,141,43335
7,43483,947,0.0,5594,141,43342
3,43486,947,0.0,5595,141,43345
5,43491,947,0.0,5596,141,43350
2,43493,947,0.0,5597,141,43352
5,43498,947,0.0,5598,141,43357
16,43514,947,0.0,5599,141,43373
7,43521,947,0.0,5600,141,43380
5,43526,947,0.0,5601,141,43385
8,43534,948,1.0,5602,141,43393
7,43541,948,0.0,5603,141,43400
4,43545,948,0.0,5604,141,43404
8,43553,949,1.0,5605,141,43412
8,43561,950,1.0,5606,141,43420
8,43569,951,1.0,5607,141,43428
8,43577,951,0.0,5608,141,43436
5,43582,951,0.0,5609,141,43441
5,43587,951,0.0,5610,141,43446
2,43589,951,0.0,5611,141,43448
13,43602,951,0.0,5612,141,43461
16,43618,951,0.0,5613,141,43477
8,43626,952,1.0,5614,141,43485
10,43636,952,0.0,5615,141,43495
6,43642,952,0.0,5616,141,43501
3,43645,952,0.0,5617,141,43504
8,43653,952,0.0,5618,141,43512
7,43660,952,0.0,5619,141,43519
6,43666,952,0.0,5620,141,43525
3,43669,952,0.0,5621,141,43528
4,43673,952,0.0,5622,141,43532
2,43675,952,0.0,5623,141,43534
7,43682,952,0.0,5624,141,43541
8,43690,953,1.0,5625,141,43549
4,43694,953,0.0,5626,141,43553
8,43702,954,1.0,5627,141,43561
5,43707,954,0.0,5628,141,43566
25,43732,954,0.0,5629,141,43591
4,43736,954,0.0,5630,141,43595
4,43740,954,0.0,5631,141,43599
8,43748,955,1.0,5632,141,43607
2,43750,955,0.0,5633,141,43609
2,43752,955,0.0,5634,141,43611
11,43763,955,0.0,5635,141,43622
4,43767,955,0.0,5636,141,43626
21,43788,955,0.0,5637,141,43647
8,43796,956,1.0,5638,141,43655
8,43804,956,0.0,5639,141,43663
8,43812,957,1.0,5640,141,43671
25,43837,957,0.0,5641,141,43696
3,43840,957,0.0,5642,141,43699
2,43842,957,0.0,5643,141,43701
8,43850,958,1.0,5644,141,43709
5,43855,958,0.0,5645,141,43714
2,43857,958,0.0,5646,141,43716
8,43865,958,0.0,5647,141,43724
7,43872,958,0.0,5648,141,43731
8,43880,959,1.0,5649,141,43739
8,43888,959,0.0,5650,141,43747
2,43890,959,0.0,5651,141,43749
2,43892,959,0.0,5652,141,43751
10,43902,959,0.0,5653,141,43761
2,43904,959,0.0,5654,141,43763
8,43912,959,0.0,5655,141,43771
6,43918,959,0.0,5656,141,43777
6,43924,959,0.0,5657,141,43783
4,43928,959,0.0,5658,141,43787
7,43935,959,0.0,5659,141,43794
5,43940,959,0.0,5660,141,43799
2,43942,959,0.0,5661,141,43801
13,43955,959,0.0,5662,141,43814
2,43957,959,0.0,5663,141,43816
2,43959,959,0.0,5664,141,43818
5,43964,959,0.0,5665,141,43823
19,43983,960,1.0,5666,141,43842
7,43990,960,0.0,5667,141,43849
4,43994,960,0.0,5668,141,43853
8,44002,961,1.0,5669,141,43861
8,44010,961,0.0,5670,141,43869
5,44015,961,0.0,5671,141,43874
5,44020,961,0.0,5672,141,43879
7,44027,961,0.0,5673,141,43886
8,44035,962,1.0,5674,141,43894
11,44046,962,0.0,5675,141,43905
4,44050,962,0.0,5676,141,43909
2,44052,962,0.0,5677,141,43911
8,44060,963,1.0,5678,141,43919
8,44068,963,0.0,5679,141,43927
2,44070,963,0.0,5680,141,43929
5,44075,963,0.0,5681,141,43934
8,44083,964,1.0,5682,141,43942
8,44091,964,0.0,5683,141,43950
8,44099,964,0.0,5684,141,43958
6,44105,964,0.0,5685,141,43964
26,44131,964,0.0,5686,141,43990
5,44136,964,0.0,5687,141,43995
4,44140,964,0.0,5688,141,43999
6,44146,964,0.0,5689,141,44005
8,44154,964,0.0,5690,141,44013
8,44162,965,1.0,5691,141,44021
8,44170,966,1.0,5692,141,44029
4,44174,966,0.0,5693,141,44033
3,44177,966,0.0,5694,141,44036
4,44181,966,0.0,5695,141,44040
2,44183,966,0.0,5696,141,44042
5,44188,966,0.0,5697,141,44047
5,44193,966,0.0,5698,141,44052
7,44200,966,0.0,5699,141,44059
2,44202,966,0.0,5700,141,44061
5,44207,966,0.0,5701,141,44066
8,44215,967,1.0,5702,141,44074
8,44223,967,0.0,5703,141,44082
8,44231,967,0.0,5704,141,44090
8,44239,968,1.0,5705,141,44098
5,44244,968,0.0,5706,141,44103
3,44247,968,0.0,5707,141,44106
6,44253,968,0.0,5708,141,44112
8,44261,969,1.0,5709,141,44120
5,44266,969,0.0,5710,141,44125
7,44273,969,0.0,5711,141,44132
8,44281,970,1.0,5712,141,44140
8,44289,971,1.0,5713,141,44148
6,44295,971,0.0,5714,141,44154
2,44297,971,0.0,5715,141,44156
8,44305,972,1.0,5716,141,44164
8,44313,973,1.0,5717,141,44172
6,44319,973,0.0,5718,141,44178
13,44332,973,0.0,5719,141,44191
11,44343,973,0.0,5720,141,44202
8,44351,974,1.0,5721,141,44210
8,44359,975,1.0,5722,141,44218
4,44363,975,0.0,5723,141,44222
5,44368,975,0.0,5724,141,44227
13,44381,975,0.0,5725,141,44240
5,44386,975,0.0,5726,141,44245
11,44397,975,0.0,5727,141,44256
6,44403,975,0.0,5728,141,44262
2,44405,975,0.0,5729,141,44264
9,44414,975,0.0,5730,141,44273
3,44417,975,0.0,5731,141,44276
10,44427,975,0.0,5732,141,44286
9,44436,975,0.0,5733,141,44295
21,44457,975,0.0,5734,141,44316
4,44461,975,0.0,5735,141,44320
6,44467,975,0.0,5736,141,44326
4,44471,975,0.0,5737,141,44330
2,44473,975,0.0,5738,141,44332
8,44481,975,0.0,5739,141,44340
8,44489,976,1.0,5740,141,44348
10,44499,976,0.0,5741,141,44358
8,44507,977,1.0,5742,141,44366
8,44515,978,1.0,5743,141,44374
8,44523,979,1.0,5744,141,44382
5,44528,979,0.0,5745,141,44387
8,44536,979,0.0,5746,141,44395
8,44544,979,0.0,5747,141,44403
2,44546,979,0.0,5748,141,44405
4,44550,979,0.0,5749,141,44409
12,44562,979,0.0,5750,141,44421
2,44564,979,0.0,5751,141,44423
20,44584,979,0.0,5752,141,44443
8,44592,979,0.0,5753,141,44451
5,44597,979,0.0,5754,141,44456
8,44605,980,1.0,5755,141,44464
9,44614,980,0.0,5756,141,44473
10,44624,980,0.0,5757,141,44483
5,44629,980,0.0,5758,141,44488
17,44646,981,1.0,5759,141,44505
5,44651,981,0.0,5760,141,44510
3,44654,981,0.0,5761,141,44513
8,44662,982,1.0,5762,141,44521
10,44672,982,0.0,5763,141,44531
9,44681,982,0.0,5764,141,44540
21,44702,982,0.0,5765,141,44561
5,44707,982,0.0,5766,141,44566
8,44715,982,0.0,5767,141,44574
2,44717,982,0.0,5768,141,44576
4,44721,982,0.0,5769,141,44580
4,44725,982,0.0,5770,141,44584
13,44738,982,0.0,5771,141,44597
13,44751,982,0.0,5772,141,44610
11,44762,982,0.0,5773,141,44621
9,44771,982,0.0,5774,141,44630
2,44773,982,0.0,5775,141,44632
2,44775,982,0.0,5776,141,44634
2,44777,982,0.0,5777,141,44636
10,44787,982,0.0,5778,141,44646
2,44789,982,0.0,5779,141,44648
19,44808,983,1.0,5780,141,44667
11,44819,983,0.0,5781,141,44678
8,44827,983,0.0,5782,141,44686
6,44833,983,0.0,5783,141,44692
8,44841,983,0.0,5784,141,44700
5,44846,983,0.0,5785,141,44705
6,44852,983,0.0,5786,141,44711
8,44860,984,1.0,5787,141,44719
20,44880,984,0.0,5788,141,44739
2,44882,984,0.0,5789,141,44741
8,44890,984,0.0,5790,141,44749
4,44894,984,0.0,5791,141,44753
8,44902,985,1.0,5792,141,44761
8,44910,986,1.0,5793,141,44769
8,44918,987,1.0,5794,141,44777
8,44926,988,1.0,5795,141,44785
8,44934,988,0.0,5796,141,44793
19,44953,988,0.0,5797,141,44812
6,44959,988,0.0,5798,141,44818
6,44965,988,0.0,5799,141,44824
11,44976,988,0.0,5800,141,44835
13,44989,988,0.0,5801,141,44848
2,44991,988,0.0,5802,141,44850
2,44993,988,0.0,5803,141,44852
9,45002,988,0.0,5804,141,44861
13,45015,988,0.0,5805,141,44874
3,45018,988,0.0,5806,141,44877
11,45029,988,0.0,5807,141,44888
5,45034,988,0.0,5808,141,44893
2,45036,988,0.0,5809,141,44895
7,45043,988,0.0,5810,141,44902
2,45045,988,0.0,5811,141,44904
3,45048,988,0.0,5812,141,44907
12,45060,988,0.0,5813,141,44919
8,45068,989,1.0,5814,141,44927
2,45070,989,0.0,5815,141,44929
8,45078,990,1.0,5816,141,44937
8,45086,991,1.0,5817,141,44945
8,45094,991,0.0,5818,141,44953
18,45112,991,0.0,5819,141,44971
7,45119,991,0.0,5820,141,44978
4,45123,991,0.0,5821,141,44982
2,45125,991,0.0,5822,141,44984
7,45132,991,0.0,5823,141,44991
2,45134,991,0.0,5824,141,44993
8,45142,991,0.0,5825,141,45001
4,45146,991,0.0,5826,141,45005
22,45168,991,0.0,5827,141,45027
8,45176,992,1.0,5828,141,45035
11,45187,992,0.0,5829,141,45046
5,45192,992,0.0,5830,141,45051
8,45200,993,1.0,5831,141,45059
6,45206,993,0.0,5832,141,45065
8,45214,994,1.0,5833,141,45073
7,45221,994,0.0,5834,141,45080
4,45225,994,0.0,5835,141,45084
8,45233,995,1.0,5836,141,45092
8,45241,996,1.0,5837,141,45100
13,45254,996,0.0,5838,141,45113
4,45258,996,0.0,5839,141,45117
8,45266,997,1.0,5840,141,45125
4,45270,997,0.0,5841,141,45129
5,45275,997,0.0,5842,141,45134
2,45277,997,0.0,5843,141,45136
17,45294,997,0.0,5844,141,45153
8,45302,997,0.0,5845,141,45161
6,45308,997,0.0,5846,141,45167
3,45311,997,0.0,5847,141,45170
5,45316,997,0.0,5848,141,45175
8,45324,998,1.0,5849,141,45183
8,45332,999,1.0,5850,141,45191
4,45336,999,0.0,5851,141,45195
4,45340,999,0.0,5852,141,45199
5,45345,999,0.0,5853,141,45204
5,45350,999,0.0,5854,141,45209
19,45369,1000,1.0,5855,141,45228
4,45373,1000,0.0,5856,141,45232
5,45378,1000,0.0,5857,141,45237
5,45383,1000,0.0,5858,141,45242
8,45391,1001,1.0,5859,141,45250
10,45401,1001,0.0,5860,141,45260
9,45410,1001,0.0,5861,141,45269
22,45432,1001,0.0,5862,141,45291
8,45440,1002,1.0,5863,141,45299
8,45448,1003,1.0,5864,141,45307
5,45453,1003,0.0,5865,141,45312
9,45462,1003,0.0,5866,141,45321
9,45471,1003,0.0,5867,141,45330
8,45479,1004,1.0,5868,141,45338
19,45498,1005,1.0,5869,141,45357
14,45512,1005,0.0,5870,141,45371
8,45520,1006,1.0,5871,141,45379
8,45528,1007,1.0,5872,141,45387
9,45537,1007,0.0,5873,141,45396
6,45543,1007,0.0,5874,141,45402
2,45545,1007,0.0,5875,141,45404
12,45557,1007,0.0,5876,141,45416
2,45559,1007,0.0,5877,141,45418
3,45562,1007,0.0,5878,141,45421
10,45572,1007,0.0,5879,141,45431
8,45580,1007,0.0,5880,141,45439
4,45584,1007,0.0,5881,141,45443
19,45603,1008,1.0,5882,141,45462
2,45605,1008,0.0,5883,141,45464
8,45613,1009,1.0,5884,141,45472
8,45621,1010,1.0,5885,141,45480
8,45629,1010,0.0,5886,141,45488
13,45642,1010,0.0,5887,141,45501
8,45650,1010,0.0,5888,141,45509
17,45667,1011,1.0,5889,141,45526
4,45671,1011,0.0,5890,141,45530
14,45685,1011,0.0,5891,141,45544
8,45693,1012,1.0,5892,141,45552
8,45701,1012,0.0,5893,141,45560
2,45703,1012,0.0,5894,141,45562
10,45713,1012,0.0,5895,141,45572
2,45715,1012,0.0,5896,141,45574
28,45743,1012,0.0,5897,141,45602
8,45751,1013,1.0,5898,141,45610
7,45758,1013,0.0,5899,141,45617
2,45760,1013,0.0,5900,141,45619
11,45771,1013,0.0,5901,141,45630
7,45778,1013,0.0,5902,141,45637
13,45791,1013,0.0,5903,141,45650
6,45797,1013,0.0,5904,141,45656
7,45804,1013,0.0,5905,141,45663
8,45812,1013,0.0,5906,141,45671
8,45820,1014,1.0,5907,141,45679
2,45822,1014,0.0,5908,141,45681
7,45829,1014,0.0,5909,141,45688
7,45836,1014,0.0,5910,141,45695
2,45838,1014,0.0,5911,141,45697
9,45847,1014,0.0,5912,141,45706
13,45860,1014,0.0,5913,141,45719
2,45862,1014,0.0,5914,141,45721
11,45873,1014,0.0,5915,141,45732
5,45878,1014,0.0,5916,141,45737
8,45886,1014,0.0,5917,141,45745
7,45893,1014,0.0,5918,141,45752
2,45895,1014,0.0,5919,141,45754
11,45906,1014,0.0,5920,141,45765
15,45921,1014,0.0,5921,141,45780
8,45929,1015,1.0,5922,141,45788
8,45937,1016,1.0,5923,141,45796
2,45939,1016,0.0,5924,141,45798
8,45947,1017,1.0,5925,141,45806
2,45949,1017,0.0,5926,141,45808
8,45957,1018,1.0,5927,141,45816
8,45965,1019,1.0,5928,141,45824
13,45978,1019,0.0,5929,141,45837
18,45996,1019,0.0,5930,141,45855
5,46001,1019,0.0,5931,141,45860
6,46007,1019,0.0,5932,141,45866
3,46010,1019,0.0,5933,141,45869
13,46023,1019,0.0,5934,141,45882
11,46034,1019,0.0,5935,141,45893
5,46039,1019,0.0,5936,141,45898
8,46047,1020,1.0,5937,141,45906
5,46052,1020,0.0,5938,141,45911
4,46056,1020,0.0,5939,141,45915
8,46064,1020,0.0,5940,141,45923
8,46072,1021,1.0,5941,141,45931
8,46080,1022,1.0,5942,141,45939
8,46088,1023,1.0,5943,141,45947
4,46092,1023,0.0,5944,141,45951
9,46101,1023,0.0,5945,141,45960
8,46109,1024,1.0,5946,141,45968
2,46111,1024,0.0,5947,141,45970
8,46119,1025,1.0,5948,141,45978
8,46127,1026,1.0,5949,141,45986
4,46131,1026,0.0,5950,141,45990
23,46154,1026,0.0,5951,141,46013
8,46162,1027,1.0,5952,141,46021
6,46168,1027,0.0,5953,141,46027
19,46187,1027,0.0,5954,141,46046
2,46189,1027,0.0,5955,141,46048
6,46195,1027,0.0,5956,141,46054
8,46203,1028,1.0,5957,141,46062
11,46214,1028,0.0,5958,141,46073
7,46221,1028,0.0,5959,141,46080
9,46230,1028,0.0,5960,141,46089
8,46238,1029,1.0,5961,141,46097
19,46257,1030,1.0,5962,141,46116
4,46261,1030,0.0,5963,141,46120
5,46266,1030,0.0,5964,141,46125
5,46271,1030,0.0,5965,141,46130
3,46274,1030,0.0,5966,141,46133
8,46282,1031,1.0,5967,141,46141
14,46296,1031,0.0,5968,141,46155
8,46304,1032,1.0,5969,141,46163
7,46311,1032,0.0,5970,141,46170
8,46319,1033,1.0,5971,141,46178
5,46324,1033,0.0,5972,141,46183
8,46332,1034,1.0,5973,141,46191
4,46336,1034,0.0,5974,141,46195
2,46338,1034,0.0,5975,141,46197
11,46349,1034,0.0,5976,141,46208
2,46351,1034,0.0,5977,141,46210
2,46353,1034,0.0,5978,141,46212
6,46359,1034,0.0,5979,141,46218
8,46367,1035,1.0,5980,141,46226
3,46370,1035,0.0,5981,141,46229
2,46372,1035,0.0,5982,141,46231
5,46377,1035,0.0,5983,141,46236
8,46385,1036,1.0,5984,141,46244
8,46393,1037,1.0,5985,141,46252
11,46404,1037,0.0,5986,141,46263
28,46432,1037,0.0,5987,141,46291
13,46445,1037,0.0,5988,141,46304
7,46452,1037,0.0,5989,141,46311
8,46460,1038,1.0,5990,141,46319
8,46468,1039,1.0,5991,141,46327
14,46482,1039,0.0,5992,141,46341
2,46484,1039,0.0,5993,141,46343
6,46490,1039,0.0,5994,141,46349
10,46500,1039,0.0,5995,141,46359
8,46508,1040,1.0,5996,141,46367
5,46513,1040,0.0,5997,141,46372
19,46532,1041,1.0,5998,141,46391
8,46540,1042,1.0,5999,141,46399
6,46546,1042,0.0,6000,141,46405
4,46550,1042,0.0,6001,141,46409
19,46569,1043,1.0,6002,141,46428
5,46574,1043,0.0,6003,141,46433
4,46578,1043,0.0,6004,141,46437
4,46582,1043,0.0,6005,141,46441
10,46592,1043,0.0,6006,141,46451
8,46600,1043,0.0,6007,141,46459
9,46609,1043,0.0,6008,141,46468
2,46611,1043,0.0,6009,141,46470
8,46619,1044,1.0,6010,141,46478
2,46621,1044,0.0,6011,141,46480
8,46629,1045,1.0,6012,141,46488
2,46631,1045,0.0,6013,141,46490
5,46636,1045,0.0,6014,141,46495
7,46643,1045,0.0,6015,141,46502
2,46645,1045,0.0,6016,141,46504
19,46664,1046,1.0,6017,141,46523
8,46672,1047,1.0,6018,141,46531
4,46676,1047,0.0,6019,141,46535
8,46684,1048,1.0,6020,141,46543
2,46686,1048,0.0,6021,141,46545
4,46690,1048,0.0,6022,141,46549
8,46698,1048,0.0,6023,141,46557
8,46706,1049,1.0,6024,141,46565
4,46710,1049,0.0,6025,141,46569
5,46715,1049,0.0,6026,141,46574
5,46720,1049,0.0,6027,141,46579
8,46728,1050,1.0,6028,141,46587
8,46736,1051,1.0,6029,141,46595
5,46741,1051,0.0,6030,141,46600
16,46757,1051,0.0,6031,141,46616
8,46765,1052,1.0,6032,141,46624
8,46773,1052,0.0,6033,141,46632
8,46781,1053,1.0,6034,141,46640
5,46786,1053,0.0,6035,141,46645
8,46794,1053,0.0,6036,141,46653
5,46799,1053,0.0,6037,141,46658
7,46806,1053,0.0,6038,141,46665
8,46814,1053,0.0,6039,141,46673
8,46822,1054,1.0,6040,141,46681
7,46829,1054,0.0,6041,141,46688
3,46832,1054,0.0,6042,141,46691
4,46836,1054,0.0,6043,141,46695
16,46852,1054,0.0,6044,141,46711
2,46854,1054,0.0,6045,141,46713
2,46856,1054,0.0,6046,141,46715
4,46860,1054,0.0,6047,141,46719
8,46868,1054,0.0,6048,141,46727
10,46878,1054,0.0,6049,141,46737
8,46886,1055,1.0,6050,141,46745
2,46888,1055,0.0,6051,141,46747
6,46894,1055,0.0,6052,141,46753
2,46896,1055,0.0,6053,141,46755
9,46905,1055,0.0,6054,141,46764
13,46918,1055,0.0,6055,141,46777
8,46926,1055,0.0,6056,141,46785
8,46934,1056,1.0,6057,141,46793
15,46949,1056,0.0,6058,141,46808
7,46956,1056,0.0,6059,141,46815
11,46967,1056,0.0,6060,141,46826
2,46969,1056,0.0,6061,141,46828
8,46977,1056,0.0,6062,141,46836
13,46990,1056,0.0,6063,141,46849
3,46993,1056,0.0,6064,141,46852
7,47000,1056,0.0,6065,141,46859
2,47002,1056,0.0,6066,141,46861
8,47010,1057,1.0,6067,141,46869
6,47016,1057,0.0,6068,141,46875
14,47030,1057,0.0,6069,141,46889
11,47041,1057,0.0,6070,141,46900
10,47051,1057,0.0,6071,141,46910
9,47060,1057,0.0,6072,141,46919
2,47062,1057,0.0,6073,141,46921
2,47064,1057,0.0,6074,141,46923
2,47066,1057,0.0,6075,141,46925
6,47072,1057,0.0,6076,141,46931
12,47084,1057,0.0,6077,141,46943
8,47092,1058,1.0,6078,141,46951
8,47100,1059,1.0,6079,141,46959
10,47110,1059,0.0,6080,141,46969
23,47133,1059,0.0,6081,141,46992
22,47155,1059,0.0,6082,141,47014
4,47159,1059,0.0,6083,141,47018
7,47166,1059,0.0,6084,141,47025
17,47183,1059,0.0,6085,141,47042
3,47186,1059,0.0,6086,141,47045
2,47188,1059,0.0,6087,141,47047
6,47194,1059,0.0,6088,141,47053
8,47202,1059,0.0,6089,141,47061
4,47206,1059,0.0,6090,141,47065
5,47211,1059,0.0,6091,141,47070
7,47218,1059,0.0,6092,141,47077
5,47223,1059,0.0,6093,141,47082
10,47233,1059,0.0,6094,141,47092
15,47248,1059,0.0,6095,141,47107
5,47253,1059,0.0,6096,141,47112
6,47259,1059,0.0,6097,141,47118
5,47264,1059,0.0,6098,141,47123
6,47270,1059,0.0,6099,141,47129
9,47279,1059,0.0,6100,141,47138
2,47281,1059,0.0,6101,141,47140
8,47289,1059,0.0,6102,141,47148
4,47293,1059,0.0,6103,141,47152
14,47307,1059,0.0,6104,141,47166
8,47315,1060,1.0,6105,141,47174
8,47323,1061,1.0,6106,141,47182
15,47338,1061,0.0,6107,141,47197
17,47355,1061,0.0,6108,141,47214
3,47358,1061,0.0,6109,141,47217
8,47366,1061,0.0,6110,141,47225
10,47376,1061,0.0,6111,141,47235
4,47380,1061,0.0,6112,141,47239
4,47384,1061,0.0,6113,141,47243
4,47388,1061,0.0,6114,141,47247
8,47396,1062,1.0,6115,141,47255
2,47398,1062,0.0,6116,141,47257
8,47406,1063,1.0,6117,141,47265
2,47408,1063,0.0,6118,141,47267
8,47416,1064,1.0,6119,141,47275
8,47424,1065,1.0,6120,141,47283
2,47426,1065,0.0,6121,141,47285
9,47435,1065,0.0,6122,141,47294
4,47439,1065,0.0,6123,141,47298
3,47442,1065,0.0,6124,141,47301
5,47447,1065,0.0,6125,141,47306
19,47466,1065,0.0,6126,141,47325
2,47468,1065,0.0,6127,141,47327
2,47470,1065,0.0,6128,141,47329
4,47474,1065,0.0,6129,141,47333
15,47489,1065,0.0,6130,141,47348
6,47495,1065,0.0,6131,141,47354
2,47497,1065,0.0,6132,141,47356
2,47499,1065,0.0,6133,141,47358
8,47507,1065,0.0,6134,141,47366
8,47515,1066,1.0,6135,141,47374
8,47523,1067,1.0,6136,141,47382
8,47531,1068,1.0,6137,141,47390
12,47543,1068,0.0,6138,141,47402
10,47553,1068,0.0,6139,141,47412
19,47572,1068,0.0,6140,141,47431
13,47585,1068,0.0,6141,141,47444
9,47594,1068,0.0,6142,141,47453
8,47602,1069,1.0,6143,141,47461
2,47604,1069,0.0,6144,141,47463
2,47606,1069,0.0,6145,141,47465
5,47611,1069,0.0,6146,141,47470
7,47618,1069,0.0,6147,141,47477
4,47622,1069,0.0,6148,141,47481
12,47634,1069,0.0,6149,141,47493
7,47641,1069,0.0,6150,141,47500
2,47643,1069,0.0,6151,141,47502
4,47647,1069,0.0,6152,141,47506
18,47665,1069,0.0,6153,141,47524
8,47673,1070,1.0,6154,141,47532
10,47683,1070,0.0,6155,141,47542
8,47691,1071,1.0,6156,141,47550
8,47699,1072,1.0,6157,141,47558
2,47701,1072,0.0,6158,141,47560
9,47710,1072,0.0,6159,141,47569
8,47718,1073,1.0,6160,141,47577
9,47727,1073,0.0,6161,141,47586
2,47729,1073,0.0,6162,141,47588
8,47737,1074,1.0,6163,141,47596
8,47745,1075,1.0,6164,141,47604
11,47756,1075,0.0,6165,141,47615
2,47758,1075,0.0,6166,141,47617
3,47761,1075,0.0,6167,141,47620
18,47779,1075,0.0,6168,141,47638
6,47785,1075,0.0,6169,141,47644
14,47799,1075,0.0,6170,141,47658
16,47815,1075,0.0,6171,141,47674
8,47823,1076,1.0,6172,141,47682
4,47827,1076,0.0,6173,141,47686
2,47829,1076,0.0,6174,141,47688
7,47836,1076,0.0,6175,141,47695
8,47844,1077,1.0,6176,141,47703
10,47854,1077,0.0,6177,141,47713
16,47870,1077,0.0,6178,141,47729
6,47876,1077,0.0,6179,141,47735
7,47883,1077,0.0,6180,141,47742
8,47891,1077,0.0,6181,141,47750
3,47894,1077,0.0,6182,141,47753
8,47902,1078,1.0,6183,141,47761
5,47907,1078,0.0,6184,141,47766
8,47915,1079,1.0,6185,141,47774
6,47921,1079,0.0,6186,141,47780
6,47927,1079,0.0,6187,141,47786
8,47935,1079,0.0,6188,141,47794
8,47943,1079,0.0,6189,141,47802
14,47957,1079,0.0,6190,141,47816
6,47963,1079,0.0,6191,141,47822
5,47968,1079,0.0,6192,141,47827
9,47977,1079,0.0,6193,141,47836
8,47985,1080,1.0,6194,141,47844
28,48013,1080,0.0,6195,141,47872
10,48023,1080,0.0,6196,141,47882
8,48031,1081,1.0,6197,141,47890
2,48033,1081,0.0,6198,141,47892
5,48038,1081,0.0,6199,141,47897
2,48040,1081,0.0,6200,141,47899
4,48044,1081,0.0,6201,141,47903
8,48052,1081,0.0,6202,141,47911
6,48058,1081,0.0,6203,141,47917
8,48066,1081,0.0,6204,141,47925
32,48098,1081,0.0,6205,141,47957
5,48103,1081,0.0,6206,141,47962
4,48107,1081,0.0,6207,141,47966
8,48115,1081,0.0,6208,141,47974
5,48120,1081,0.0,6209,141,47979
8,48128,1082,1.0,6210,141,47987
6,48134,1082,0.0,6211,141,47993
8,48142,1083,1.0,6212,141,48001
7,48149,1083,0.0,6213,141,48008
5,48154,1083,0.0,6214,141,48013
6,48160,1083,0.0,6215,141,48019
8,48168,1084,1.0,6216,141,48027
9,48177,1084,0.0,6217,141,48036
6,48183,1084,0.0,6218,141,48042
3,48186,1084,0.0,6219,141,48045
4,48190,1084,0.0,6220,141,48049
2,48192,1084,0.0,6221,141,48051
4,48196,1084,0.0,6222,141,48055
5,48201,1084,0.0,6223,141,48060
8,48209,1085,1.0,6224,141,48068
16,48225,1085,0.0,6225,141,48084
7,48232,1085,0.0,6226,141,48091
10,48242,1085,0.0,6227,141,48101
24,48266,1085,0.0,6228,141,48125
8,48274,1086,1.0,6229,141,48133
8,48282,1087,1.0,6230,141,48141
8,48290,1087,0.0,6231,141,48149
5,48295,1087,0.0,6232,141,48154
7,48302,1087,0.0,6233,141,48161
5,48307,1087,0.0,6234,141,48166
6,48313,1087,0.0,6235,141,48172
8,48321,1088,1.0,6236,141,48180
5,48326,1088,0.0,6237,141,48185
2,48328,1088,0.0,6238,141,48187
16,48344,1088,0.0,6239,141,48203
8,48352,1088,0.0,6240,141,48211
8,48360,1089,1.0,6241,141,48219
8,48368,1090,1.0,6242,141,48227
2,48370,1090,0.0,6243,141,48229
6,48376,1090,0.0,6244,141,48235
11,48387,1090,0.0,6245,141,48246
8,48395,1090,0.0,6246,141,48254
2,48397,1090,0.0,6247,141,48256
9,48406,1090,0.0,6248,141,48265
10,48416,1090,0.0,6249,141,48275
2,48418,1090,0.0,6250,141,48277
4,48422,1090,0.0,6251,141,48281
5,48427,1090,0.0,6252,141,48286
3,48430,1090,0.0,6253,141,48289
4,48434,1090,0.0,6254,141,48293
5,48439,1090,0.0,6255,141,48298
4,48443,1090,0.0,6256,141,48302
2,48445,1090,0.0,6257,141,48304
9,48454,1090,0.0,6258,141,48313
8,48462,1091,1.0,6259,141,48321
8,48470,1092,1.0,6260,141,48329
5,48475,1092,0.0,6261,141,48334
4,48479,1092,0.0,6262,141,48338
2,48481,1092,0.0,6263,141,48340
2,48483,1092,0.0,6264,141,48342
8,48491,1092,0.0,6265,141,48350
2,48493,1092,0.0,6266,141,48352
8,48501,1092,0.0,6267,141,48360
5,48506,1092,0.0,6268,141,48365
19,48525,1092,0.0,6269,141,48384
5,48530,1092,0.0,6270,141,48389
2,48532,1092,0.0,6271,141,48391
11,48543,1092,0.0,6272,141,48402
8,48551,1093,1.0,6273,141,48410
4,48555,1093,0.0,6274,141,48414
8,48563,1094,1.0,6275,141,48422
8,48571,1095,1.0,6276,141,48430
2,48573,1095,0.0,6277,141,48432
2,48575,1095,0.0,6278,141,48434
5,48580,1095,0.0,6279,141,48439
7,48587,1095,0.0,6280,141,48446
8,48595,1095,0.0,6281,141,48454
7,48602,1095,0.0,6282,141,48461
8,48610,1095,0.0,6283,141,48469
17,48627,1095,0.0,6284,141,48486
2,48629,1095,0.0,6285,141,48488
9,48638,1095,0.0,6286,141,48497
10,48648,1095,0.0,6287,141,48507
2,48650,1095,0.0,6288,141,48509
8,48658,1095,0.0,6289,141,48517
8,48666,1096,1.0,6290,141,48525
4,48670,1096,0.0,6291,141,48529
5,48675,1096,0.0,6292,141,48534
2,48677,1096,0.0,6293,141,48536
18,48695,1096,0.0,6294,141,48554
13,48708,1096,0.0,6295,141,48567
2,48710,1096,0.0,6296,141,48569
4,48714,1096,0.0,6297,141,48573
11,48725,1096,0.0,6298,141,48584
3,48728,1096,0.0,6299,141,48587
2,48730,1096,0.0,6300,141,48589
6,48736,1096,0.0,6301,141,48595
7,48743,1096,0.0,6302,141,48602
11,48754,1096,0.0,6303,141,48613
8,48762,1097,1.0,6304,141,48621
11,48773,1097,0.0,6305,141,48632
8,48781,1098,1.0,6306,141,48640
2,48783,1098,0.0,6307,141,48642
17,48800,1098,0.0,6308,141,48659
8,48808,1098,0.0,6309,141,48667
5,48813,1098,0.0,6310,141,48672
4,48817,1098,0.0,6311,141,48676
7,48824,1098,0.0,6312,141,48683
8,48832,1098,0.0,6313,141,48691
8,48840,1099,1.0,6314,141,48699
4,48844,1099,0.0,6315,141,48703
2,48846,1099,0.0,6316,141,48705
8,48854,1100,1.0,6317,141,48713
32,48886,1100,0.0,6318,141,48745
17,48903,1100,0.0,6319,141,48762
32,48935,1100,0.0,6320,141,48794
6,48941,1100,0.0,6321,141,48800
8,48949,1101,1.0,6322,141,48808
8,48957,1102,1.0,6323,141,48816
5,48962,1102,0.0,6324,141,48821
10,48972,1102,0.0,6325,141,48831
5,48977,1102,0.0,6326,141,48836
8,48985,1103,1.0,6327,141,48844
8,48993,1103,0.0,6328,141,48852
5,48998,1103,0.0,6329,141,48857
5,49003,1103,0.0,6330,141,48862
13,49016,1103,0.0,6331,141,48875
9,49025,1103,0.0,6332,141,48884
2,49027,1103,0.0,6333,141,48886
5,49032,1103,0.0,6334,141,48891
9,49041,1103,0.0,6335,141,48900
2,49043,1103,0.0,6336,141,48902
7,49050,1103,0.0,6337,141,48909
16,49066,1103,0.0,6338,141,48925
2,49068,1103,0.0,6339,141,48927
8,49076,1104,1.0,6340,141,48935
7,49083,1104,0.0,6341,141,48942
6,49089,1104,0.0,6342,141,48948
2,49091,1104,0.0,6343,141,48950
4,49095,1104,0.0,6344,141,48954
5,49100,1104,0.0,6345,141,48959
8,49108,1105,1.0,6346,141,48967
2,49110,1105,0.0,6347,141,48969
2,49112,1105,0.0,6348,141,48971
18,49130,1105,0.0,6349,141,48989
7,49137,1105,0.0,6350,141,48996
5,49142,1105,0.0,6351,141,49001
9,49151,1105,0.0,6352,141,49010
4,49155,1105,0.0,6353,141,49014
6,49161,1105,0.0,6354,141,49020
2,49163,1105,0.0,6355,141,49022
8,49171,1106,1.0,6356,141,49030
28,49199,1106,0.0,6357,141,49058
8,49207,1107,1.0,6358,141,49066
17,49224,1108,1.0,6359,141,49083
2,49226,1108,0.0,6360,141,49085
5,49231,1108,0.0,6361,141,49090
7,49238,1108,0.0,6362,141,49097
8,49246,1109,1.0,6363,141,49105
2,49248,1109,0.0,6364,141,49107
8,49256,1109,0.0,6365,141,49115
4,49260,1109,0.0,6366,141,49119
2,49262,1109,0.0,6367,141,49121
8,49270,1110,1.0,6368,141,49129
4,49274,1110,0.0,6369,141,49133
5,49279,1110,0.0,6370,141,49138
10,49289,1110,0.0,6371,141,49148
8,49297,1111,1.0,6372,141,49156
8,49305,1112,1.0,6373,141,49164
8,49313,1113,1.0,6374,141,49172
3,49316,1113,0.0,6375,141,49175
13,49329,1113,0.0,6376,141,49188
8,49337,1114,1.0,6377,141,49196
6,49343,1114,0.0,6378,141,49202
7,49350,1114,0.0,6379,141,49209
6,49356,1114,0.0,6380,141,49215
5,49361,1114,0.0,6381,141,49220
8,49369,1115,1.0,6382,141,49228
8,49377,1115,0.0,6383,141,49236
6,49383,1115,0.0,6384,141,49242
5,49388,1115,0.0,6385,141,49247
8,49396,1115,0.0,6386,141,49255
2,49398,1115,0.0,6387,141,49257
4,49402,1115,0.0,6388,141,49261
14,49416,1115,0.0,6389,141,49275
10,49426,1115,0.0,6390,141,49285
7,49433,1115,0.0,6391,141,49292
3,49436,1115,0.0,6392,141,49295
16,49452,1115,0.0,6393,141,49311
8,49460,1116,1.0,6394,141,49319
2,49462,1116,0.0,6395,141,49321
8,49470,1116,0.0,6396,141,49329
8,49478,1117,1.0,6397,141,49337
8,49486,1117,0.0,6398,141,49345
2,49488,1117,0.0,6399,141,49347
7,49495,1117,0.0,6400,141,49354
8,49503,1118,1.0,6401,141,49362
4,49507,1118,0.0,6402,141,49366
8,49515,1119,1.0,6403,141,49374
8,49523,1120,1.0,6404,141,49382
8,49531,1121,1.0,6405,141,49390
6,49537,1121,0.0,6406,141,49396
8,49545,1122,1.0,6407,141,49404
8,49553,1122,0.0,6408,141,49412
8,49561,1122,0.0,6409,141,49420
3,49564,1122,0.0,6410,141,49423
2,49566,1122,0.0,6411,141,49425
2,49568,1122,0.0,6412,141,49427
8,49576,1122,0.0,6413,141,49435
14,49590,1122,0.0,6414,141,49449
8,49598,1123,1.0,6415,141,49457
16,49614,1123,0.0,6416,141,49473
8,49622,1124,1.0,6417,141,49481
2,49624,1124,0.0,6418,141,49483
8,49632,1124,0.0,6419,141,49491
6,49638,1124,0.0,6420,141,49497
4,49642,1124,0.0,6421,141,49501
2,49644,1124,0.0,6422,141,49503
10,49654,1124,0.0,6423,141,49513
2,49656,1124,0.0,6424,141,49515
3,49659,1124,0.0,6425,141,49518
8,49667,1124,0.0,6426,141,49526
5,49672,1124,0.0,6427,141,49531
6,49678,1124,0.0,6428,141,49537
9,49687,1124,0.0,6429,141,49546
10,49697,1124,0.0,6430,141,49556
17,49714,1125,1.0,6431,141,49573
2,49716,1125,0.0,6432,141,49575
11,49727,1125,0.0,6433,141,49586
3,49730,1125,0.0,6434,141,49589
3,49733,1125,0.0,6435,141,49592
3,49736,1125,0.0,6436,141,49595
8,49744,1126,1.0,6437,141,49603
6,49750,1126,0.0,6438,141,49609
8,49758,1126,0.0,6439,141,49617
4,49762,1126,0.0,6440,141,49621
8,49770,1126,0.0,6441,141,49629
8,49778,1127,1.0,6442,141,49637
35,49813,1127,0.0,6443,141,49672
8,49821,1128,1.0,6444,141,49680
27,49848,1128,0.0,6445,141,49707
8,49856,1129,1.0,6446,141,49715
8,49864,1129,0.0,6447,141,49723
2,49866,1129,0.0,6448,141,49725
8,49874,1130,1.0,6449,141,49733
8,49882,1130,0.0,6450,141,49741
8,49890,1131,1.0,6451,141,49749
8,49898,1131,0.0,6452,141,49757
11,49909,1131,0.0,6453,141,49768
5,49914,1131,0.0,6454,141,49773
8,49922,1131,0.0,6455,141,49781
5,49927,1131,0.0,6456,141,49786
7,49934,1131,0.0,6457,141,49793
19,49953,1131,0.0,6458,141,49812
2,49955,1131,0.0,6459,141,49814
4,49959,1131,0.0,6460,141,49818
8,49967,1132,1.0,6461,141,49826
2,49969,1132,0.0,6462,141,49828
3,49972,1132,0.0,6463,141,49831
8,49980,1132,0.0,6464,141,49839
10,49990,1132,0.0,6465,141,49849
2,49992,1132,0.0,6466,141,49851
2,49994,1132,0.0,6467,141,49853
6,50000,1132,0.0,6468,141,49859
8,50008,1132,0.0,6469,141,49867
3,50011,1132,0.0,6470,141,49870
20,50031,1132,0.0,6471,141,49890
5,50036,1132,0.0,6472,141,49895
6,50042,1132,0.0,6473,141,49901
4,50046,1132,0.0,6474,141,49905
8,50054,1133,1.0,6475,141,49913
2,50056,1133,0.0,6476,141,49915
2,50058,1133,0.0,6477,141,49917
5,50063,1133,0.0,6478,141,49922
8,50071,1134,1.0,6479,141,49930
8,50079,1134,0.0,6480,141,49938
8,50087,1135,1.0,6481,141,49946
7,50094,1135,0.0,6482,141,49953
11,50105,1135,0.0,6483,141,49964
8,50113,1136,1.0,6484,141,49972
4,50117,1136,0.0,6485,141,49976
8,50125,1137,1.0,6486,141,49984
8,50133,1138,1.0,6487,141,49992
10,50143,1138,0.0,6488,141,50002
7,50150,1138,0.0,6489,141,50009
8,50158,1138,0.0,6490,141,50017
8,50166,1138,0.0,6491,141,50025
10,50176,1138,0.0,6492,141,50035
2,50178,1138,0.0,6493,141,50037
8,50186,1139,1.0,6494,141,50045
4,50190,1139,0.0,6495,141,50049
5,50195,1139,0.0,6496,141,50054
8,50203,1140,1.0,6497,141,50062
25,50228,1140,0.0,6498,141,50087
8,50236,1141,1.0,6499,141,50095
16,50252,1141,0.0,6500,141,50111
13,50265,1141,0.0,6501,141,50124
5,50270,1141,0.0,6502,141,50129
2,50272,1141,0.0,6503,141,50131
15,50287,1141,0.0,6504,141,50146
2,50289,1141,0.0,6505,141,50148
11,50300,1141,0.0,6506,141,50159
3,50303,1141,0.0,6507,141,50162
7,50310,1141,0.0,6508,141,50169
17,50327,1141,0.0,6509,141,50186
3,50330,1141,0.0,6510,141,50189
8,50338,1142,1.0,6511,141,50197
8,50346,1143,1.0,6512,141,50205
8,50354,1144,1.0,6513,141,50213
9,50363,1144,0.0,6514,141,50222
13,50376,1144,0.0,6515,141,50235
6,50382,1144,0.0,6516,141,50241
13,50395,1144,0.0,6517,141,50254
10,50405,1144,0.0,6518,141,50264
2,50407,1144,0.0,6519,141,50266
2,50409,1144,0.0,6520,141,50268
18,50427,1144,0.0,6521,141,50286
2,50429,1144,0.0,6522,141,50288
8,50437,1145,1.0,6523,141,50296
5,50442,1145,0.0,6524,141,50301
4,50446,1145,0.0,6525,141,50305
6,50452,1145,0.0,6526,141,50311
2,50454,1145,0.0,6527,141,50313
9,50463,1145,0.0,6528,141,50322
2,50465,1145,0.0,6529,141,50324
7,50472,1145,0.0,6530,141,50331
8,50480,1145,0.0,6531,141,50339
8,50488,1146,1.0,6532,141,50347
4,50492,1146,0.0,6533,141,50351
5,50497,1146,0.0,6534,141,50356
6,50503,1146,0.0,6535,141,50362
10,50513,1146,0.0,6536,141,50372
8,50521,1147,1.0,6537,141,50380
9,50530,1147,0.0,6538,141,50389
8,50538,1148,1.0,6539,141,50397
2,50540,1148,0.0,6540,141,50399
7,50547,1148,0.0,6541,141,50406
3,50550,1148,0.0,6542,141,50409
3,50553,1148,0.0,6543,141,50412
2,50555,1148,0.0,6544,141,50414
8,50563,1149,1.0,6545,141,50422
5,50568,1149,0.0,6546,141,50427
19,50587,1150,1.0,6547,141,50446
2,50589,1150,0.0,6548,141,50448
9,50598,1150,0.0,6549,141,50457
7,50605,1150,0.0,6550,141,50464
6,50611,1150,0.0,6551,141,50470
2,50613,1150,0.0,6552,141,50472
2,50615,1150,0.0,6553,141,50474
2,50617,1150,0.0,6554,141,50476
2,50619,1150,0.0,6555,141,50478
14,50633,1150,0.0,6556,141,50492
27,50660,1150,0.0,6557,141,50519
6,50666,1150,0.0,6558,141,50525
6,50672,1150,0.0,6559,141,50531
8,50680,1151,1.0,6560,141,50539
8,50688,1152,1.0,6561,141,50547
7,50695,1152,0.0,6562,141,50554
3,50698,1152,0.0,6563,141,50557
7,50705,1152,0.0,6564,141,50564
8,50713,1153,1.0,6565,141,50572
2,50715,1153,0.0,6566,141,50574
5,50720,1153,0.0,6567,141,50579
2,50722,1153,0.0,6568,141,50581
8,50730,1153,0.0,6569,141,50589
8,50738,1154,1.0,6570,141,50597
2,50740,1154,0.0,6571,141,50599
8,50748,1154,0.0,6572,141,50607
5,50753,1154,0.0,6573,141,50612
2,50755,1154,0.0,6574,141,50614
10,50765,1154,0.0,6575,141,50624
7,50772,1154,0.0,6576,141,50631
16,50788,1154,0.0,6577,141,50647
22,50810,1154,0.0,6578,141,50669
15,50825,1154,0.0,6579,141,50684
5,50830,1154,0.0,6580,141,50689
16,50846,1154,0.0,6581,141,50705
2,50848,1154,0.0,6582,141,50707
13,50861,1154,0.0,6583,141,50720
6,50867,1154,0.0,6584,141,50726
3,50870,1154,0.0,6585,141,50729
8,50878,1155,1.0,6586,141,50737
8,50886,1156,1.0,6587,141,50745
4,50890,1156,0.0,6588,141,50749
5,50895,1156,0.0,6589,141,50754
4,50899,1156,0.0,6590,141,50758
6,50905,1156,0.0,6591,141,50764
8,50913,1157,1.0,6592,141,50772
3,50916,1157,0.0,6593,141,50775
10,50926,1157,0.0,6594,141,50785
17,50943,1158,1.0,6595,141,50802
5,50948,1158,0.0,6596,141,50807
14,50962,1158,0.0,6597,141,50821
8,50970,1159,1.0,6598,141,50829
14,50984,1159,0.0,6599,141,50843
8,50992,1159,0.0,6600,141,50851
3,50995,1159,0.0,6601,141,50854
2,50997,1159,0.0,6602,141,50856
9,51006,1159,0.0,6603,141,50865
2,51008,1159,0.0,6604,141,50867
19,51027,1160,1.0,6605,141,50886
4,51031,1160,0.0,6606,141,50890
8,51039,1160,0.0,6607,141,50898
5,51044,1160,0.0,6608,141,50903
8,51052,1161,1.0,6609,141,50911
9,51061,1161,0.0,6610,141,50920
3,51064,1161,0.0,6611,141,50923
11,51075,1161,0.0,6612,141,50934
3,51078,1161,0.0,6613,141,50937
8,51086,1162,1.0,6614,141,50945
8,51094,1163,1.0,6615,141,50953
3,51097,1163,0.0,6616,141,50956
6,51103,1163,0.0,6617,141,50962
3,51106,1163,0.0,6618,141,50965
17,51123,1163,0.0,6619,141,50982
6,51129,1163,0.0,6620,141,50988
8,51137,1164,1.0,6621,141,50996
8,51145,1165,1.0,6622,141,51004
6,51151,1165,0.0,6623,141,51010
14,51165,1165,0.0,6624,141,51024
8,51173,1166,1.0,6625,141,51032
14,51187,1166,0.0,6626,141,51046
3,51190,1166,0.0,6627,141,51049
8,51198,1166,0.0,6628,141,51057
3,51201,1166,0.0,6629,141,51060
8,51209,1166,0.0,6630,141,51068
21,51230,1166,0.0,6631,141,51089
9,51239,1166,0.0,6632,141,51098
3,51242,1166,0.0,6633,141,51101
6,51248,1166,0.0,6634,141,51107
8,51256,1166,0.0,6635,141,51115
8,51264,1166,0.0,6636,141,51123
8,51272,1167,1.0,6637,141,51131
14,51286,1167,0.0,6638,141,51145
5,51291,1167,0.0,6639,141,51150
7,51298,1167,0.0,6640,141,51157
9,51307,1167,0.0,6641,141,51166
12,51319,1167,0.0,6642,141,51178
9,51328,1167,0.0,6643,141,51187
8,51336,1168,1.0,6644,141,51195
2,51338,1168,0.0,6645,141,51197
8,51346,1169,1.0,6646,141,51205
4,51350,1169,0.0,6647,141,51209
5,51355,1169,0.0,6648,141,51214
8,51363,1170,1.0,6649,141,51222
10,51373,1170,0.0,6650,141,51232
2,51375,1170,0.0,6651,141,51234
8,51383,1171,1.0,6652,141,51242
5,51388,1171,0.0,6653,141,51247
6,51394,1171,0.0,6654,141,51253
17,51411,1171,0.0,6655,141,51270
4,51415,1171,0.0,6656,141,51274
2,51417,1171,0.0,6657,141,51276
22,51439,1171,0.0,6658,141,51298
8,51447,1172,1.0,6659,141,51306
8,51455,1172,0.0,6660,141,51314
19,51474,1173,1.0,6661,141,51333
8,51482,1174,1.0,6662,141,51341
4,51486,1174,0.0,6663,141,51345
9,51495,1174,0.0,6664,141,51354
13,51508,1174,0.0,6665,141,51367
6,51514,1174,0.0,6666,141,51373
7,51521,1174,0.0,6667,141,51380
8,51529,1175,1.0,6668,141,51388
8,51537,1176,1.0,6669,141,51396
3,51540,1176,0.0,6670,141,51399
9,51549,1176,0.0,6671,141,51408
7,51556,1176,0.0,6672,141,51415
4,51560,1176,0.0,6673,141,51419
7,51567,1176,0.0,6674,141,51426
9,51576,1176,0.0,6675,141,51435
6,51582,1176,0.0,6676,141,51441
8,51590,1176,0.0,6677,141,51449
17,51607,1176,0.0,6678,141,51466
15,51622,1176,0.0,6679,141,51481
2,51624,1176,0.0,6680,141,51483
6,51630,1176,0.0,6681,141,51489
4,51634,1176,0.0,6682,141,51493
6,51640,1176,0.0,6683,141,51499
6,51646,1176,0.0,6684,141,51505
2,51648,1176,0.0,6685,141,51507
4,51652,1176,0.0,6686,141,51511
6,51658,1176,0.0,6687,141,51517
8,51666,1177,1.0,6688,141,51525
8,51674,1178,1.0,6689,141,51533
8,51682,1179,1.0,6690,141,51541
8,51690,1179,0.0,6691,141,51549
8,51698,1180,1.0,6692,141,51557
8,51706,1180,0.0,6693,141,51565
8,51714,1181,1.0,6694,141,51573
8,51722,1182,1.0,6695,141,51581
10,51732,1182,0.0,6696,141,51591
8,51740,1183,1.0,6697,141,51599
12,51752,1183,0.0,6698,141,51611
2,51754,1183,0.0,6699,141,51613
2,51756,1183,0.0,6700,141,51615
8,51764,1184,1.0,6701,141,51623
6,51770,1184,0.0,6702,141,51629
8,51778,1185,1.0,6703,141,51637
4,51782,1185,0.0,6704,141,51641
7,51789,1185,0.0,6705,141,51648
2,51791,1185,0.0,6706,141,51650
9,51800,1185,0.0,6707,141,51659
2,51802,1185,0.0,6708,141,51661
5,51807,1185,0.0,6709,141,51666
4,51811,1185,0.0,6710,141,51670
8,51819,1185,0.0,6711,141,51678
6,51825,1185,0.0,6712,141,51684
8,51833,1186,1.0,6713,141,51692
7,51840,1186,0.0,6714,141,51699
8,51848,1187,1.0,6715,141,51707
8,51856,1187,0.0,6716,141,51715
4,51860,1187,0.0,6717,141,51719
8,51868,1188,1.0,6718,141,51727
5,51873,1188,0.0,6719,141,51732
8,51881,1189,1.0,6720,141,51740
8,51889,1189,0.0,6721,141,51748
3,51892,1189,0.0,6722,141,51751
10,51902,1189,0.0,6723,141,51761
4,51906,1189,0.0,6724,141,51765
3,51909,1189,0.0,6725,141,51768
3,51912,1189,0.0,6726,141,51771
2,51914,1189,0.0,6727,141,51773
5,51919,1189,0.0,6728,141,51778
15,51934,1189,0.0,6729,141,51793
2,51936,1189,0.0,6730,141,51795
2,51938,1189,0.0,6731,141,51797
7,51945,1189,0.0,6732,141,51804
6,51951,1189,0.0,6733,141,51810
13,51964,1189,0.0,6734,141,51823
4,51968,1189,0.0,6735,141,51827
3,51971,1189,0.0,6736,141,51830
2,51973,1189,0.0,6737,141,51832
3,51976,1189,0.0,6738,141,51835
4,51980,1189,0.0,6739,141,51839
2,51982,1189,0.0,6740,141,51841
5,51987,1189,0.0,6741,141,51846
6,51993,1189,0.0,6742,141,51852
8,52001,1190,1.0,6743,141,51860
2,52003,1190,0.0,6744,141,51862
4,52007,1190,0.0,6745,141,51866
4,52011,1190,0.0,6746,141,51870
2,52013,1190,0.0,6747,141,51872
8,52021,1191,1.0,6748,141,51880
2,52023,1191,0.0,6749,141,51882
7,52030,1191,0.0,6750,141,51889
8,52038,1192,1.0,6751,141,51897
10,52048,1192,0.0,6752,141,51907
9,52057,1192,0.0,6753,141,51916
2,52059,1192,0.0,6754,141,51918
2,52061,1192,0.0,6755,141,51920
8,52069,1193,1.0,6756,141,51928
8,52077,1194,1.0,6757,141,51936
10,52087,1194,0.0,6758,141,51946
13,52100,1194,0.0,6759,141,51959
7,52107,1194,0.0,6760,141,51966
13,52120,1194,0.0,6761,141,51979
8,52128,1195,1.0,6762,141,51987
4,52132,1195,0.0,6763,141,51991
2,52134,1195,0.0,6764,141,51993
8,52142,1196,1.0,6765,141,52001
8,52150,1197,1.0,6766,141,52009
7,52157,1197,0.0,6767,141,52016
14,52171,1197,0.0,6768,141,52030
5,52176,1197,0.0,6769,141,52035
10,52186,1197,0.0,6770,141,52045
8,52194,1197,0.0,6771,141,52053
8,52202,1197,0.0,6772,141,52061
4,52206,1197,0.0,6773,141,52065
3,52209,1197,0.0,6774,141,52068
14,52223,1197,0.0,6775,141,52082
4,52227,1197,0.0,6776,141,52086
8,52235,1197,0.0,6777,141,52094
2,52237,1197,0.0,6778,141,52096
6,52243,1197,0.0,6779,141,52102
10,52253,1197,0.0,6780,141,52112
8,52261,1198,1.0,6781,141,52120
5,52266,1198,0.0,6782,141,52125
6,52272,1198,0.0,6783,141,52131
9,52281,1198,0.0,6784,141,52140
7,52288,1198,0.0,6785,141,52147
13,52301,1198,0.0,6786,141,52160
7,52308,1198,0.0,6787,141,52167
18,52326,1198,0.0,6788,141,52185
8,52334,1199,1.0,6789,141,52193
3,52337,1199,0.0,6790,141,52196
2,52339,1199,0.0,6791,141,52198
5,52344,1199,0.0,6792,141,52203
8,52352,1200,1.0,6793,141,52211
15,52367,1200,0.0,6794,141,52226
5,52372,1200,0.0,6795,141,52231
2,52374,1200,0.0,6796,141,52233
4,52378,1200,0.0,6797,141,52237
9,52387,1200,0.0,6798,141,52246
8,52395,1200,0.0,6799,141,52254
11,52406,1200,0.0,6800,141,52265
8,52414,1200,0.0,6801,141,52273
7,52421,1200,0.0,6802,141,52280
3,52424,1200,0.0,6803,141,52283
17,52441,1200,0.0,6804,141,52300
5,52446,1200,0.0,6805,141,52305
8,52454,1200,0.0,6806,141,52313
11,52465,1200,0.0,6807,141,52324
2,52467,1200,0.0,6808,141,52326
2,52469,1200,0.0,6809,141,52328
8,52477,1201,1.0,6810,141,52336
5,52482,1201,0.0,6811,141,52341
8,52490,1202,1.0,6812,141,52349
15,52505,1202,0.0,6813,141,52364
8,52513,1203,1.0,6814,141,52372
13,52526,1203,0.0,6815,141,52385
4,52530,1203,0.0,6816,141,52389
8,52538,1203,0.0,6817,141,52397
2,52540,1203,0.0,6818,141,52399
13,52553,1203,0.0,6819,141,52412
2,52555,1203,0.0,6820,141,52414
9,52564,1203,0.0,6821,141,52423
8,52572,1204,1.0,6822,141,52431
6,52578,1204,0.0,6823,141,52437
7,52585,1204,0.0,6824,141,52444
2,52587,1204,0.0,6825,141,52446
8,52595,1204,0.0,6826,141,52454
6,52601,1204,0.0,6827,141,52460
9,52610,1204,0.0,6828,141,52469
2,52612,1204,0.0,6829,141,52471
8,52620,1205,1.0,6830,141,52479
6,52626,1205,0.0,6831,141,52485
2,52628,1205,0.0,6832,141,52487
5,52633,1205,0.0,6833,141,52492
2,52635,1205,0.0,6834,141,52494
8,52643,1206,1.0,6835,141,52502
8,52651,1207,1.0,6836,141,52510
7,52658,1207,0.0,6837,141,52517
2,52660,1207,0.0,6838,141,52519
2,52662,1207,0.0,6839,141,52521
3,52665,1207,0.0,6840,141,52524
13,52678,1207,0.0,6841,141,52537
5,52683,1207,0.0,6842,141,52542
6,52689,1207,0.0,6843,141,52548
8,52697,1207,0.0,6844,141,52556
5,52702,1207,0.0,6845,141,52561
9,52711,1207,0.0,6846,141,52570
9,52720,1207,0.0,6847,141,52579
16,52736,1207,0.0,6848,141,52595
8,52744,1208,1.0,6849,141,52603
7,52751,1208,0.0,6850,141,52610
4,52755,1208,0.0,6851,141,52614
8,52763,1209,1.0,6852,141,52622
3,52766,1209,0.0,6853,141,52625
9,52775,1209,0.0,6854,141,52634
8,52783,1209,0.0,6855,141,52642
8,52791,1210,1.0,6856,141,52650
4,52795,1210,0.0,6857,141,52654
14,52809,1210,0.0,6858,141,52668
6,52815,1210,0.0,6859,141,52674
24,52839,1210,0.0,6860,141,52698
11,52850,1210,0.0,6861,141,52709
8,52858,1211,1.0,6862,141,52717
9,52867,1211,0.0,6863,141,52726
2,52869,1211,0.0,6864,141,52728
7,52876,1211,0.0,6865,141,52735
4,52880,1211,0.0,6866,141,52739
13,52893,1211,0.0,6867,141,52752
10,52903,1211,0.0,6868,141,52762
8,52911,1212,1.0,6869,141,52770
3,52914,1212,0.0,6870,141,52773
18,52932,1212,0.0,6871,141,52791
2,52934,1212,0.0,6872,141,52793
2,52936,1212,0.0,6873,141,52795
8,52944,1212,0.0,6874,141,52803
14,52958,1212,0.0,6875,141,52817
7,52965,1212,0.0,6876,141,52824
8,52973,1213,1.0,6877,141,52832
8,52981,1213,0.0,6878,141,52840
4,52985,1213,0.0,6879,141,52844
25,53010,1213,0.0,6880,141,52869
8,53018,1214,1.0,6881,141,52877
5,53023,1214,0.0,6882,141,52882
5,53028,1214,0.0,6883,141,52887
2,53030,1214,0.0,6884,141,52889
5,53035,1214,0.0,6885,141,52894
17,53052,1215,1.0,6886,141,52911
8,53060,1216,1.0,6887,141,52919
8,53068,1217,1.0,6888,141,52927
13,53081,1217,0.0,6889,141,52940
5,53086,1217,0.0,6890,141,52945
15,53101,1217,0.0,6891,141,52960
3,53104,1217,0.0,6892,141,52963
2,53106,1217,0.0,6893,141,52965
10,53116,1217,0.0,6894,141,52975
8,53124,1218,1.0,6895,141,52983
9,53133,1218,0.0,6896,141,52992
4,53137,1218,0.0,6897,141,52996
2,53139,1218,0.0,6898,141,52998
2,53141,1218,0.0,6899,141,53000
8,53149,1219,1.0,6900,141,53008
8,53157,1220,1.0,6901,141,53016
18,53175,1220,0.0,6902,141,53034
9,53184,1220,0.0,6903,141,53043
8,53192,1221,1.0,6904,141,53051
2,53194,1221,0.0,6905,141,53053
8,53202,1222,1.0,6906,141,53061
2,53204,1222,0.0,6907,141,53063
9,53213,1222,0.0,6908,141,53072
11,53224,1222,0.0,6909,141,53083
3,53227,1222,0.0,6910,141,53086
9,53236,1222,0.0,6911,141,53095
8,53244,1223,1.0,6912,141,53103
7,53251,1223,0.0,6913,141,53110
5,53256,1223,0.0,6914,141,53115
5,53261,1223,0.0,6915,141,53120
17,53278,1224,1.0,6916,141,53137
9,53287,1224,0.0,6917,141,53146
8,53295,1225,1.0,6918,141,53154
8,53303,1226,1.0,6919,141,53162
8,53311,1227,1.0,6920,141,53170
9,53320,1227,0.0,6921,141,53179
8,53328,1228,1.0,6922,141,53187
3,53331,1228,0.0,6923,141,53190
2,53333,1228,0.0,6924,141,53192
2,53335,1228,0.0,6925,141,53194
19,53354,1228,0.0,6926,141,53213
8,53362,1229,1.0,6927,141,53221
8,53370,1229,0.0,6928,141,53229
6,53376,1229,0.0,6929,141,53235
9,53385,1229,0.0,6930,141,53244
2,53387,1229,0.0,6931,141,53246
25,53412,1229,0.0,6932,141,53271
2,53414,1229,0.0,6933,141,53273
5,53419,1229,0.0,6934,141,53278
4,53423,1229,0.0,6935,141,53282
5,53428,1229,0.0,6936,141,53287
8,53436,1229,0.0,6937,141,53295
8,53444,1229,0.0,6938,141,53303
8,53452,1229,0.0,6939,141,53311
8,53460,1230,1.0,6940,141,53319
4,53464,1230,0.0,6941,141,53323
9,53473,1230,0.0,6942,141,53332
9,53482,1230,0.0,6943,141,53341
3,53485,1230,0.0,6944,141,53344
14,53499,1230,0.0,6945,141,53358
5,53504,1230,0.0,6946,141,53363
8,53512,1230,0.0,6947,141,53371
8,53520,1231,1.0,6948,141,53379
4,53524,1231,0.0,6949,141,53383
24,53548,1231,0.0,6950,141,53407
5,53553,1231,0.0,6951,141,53412
13,53566,1231,0.0,6952,141,53425
27,53593,1231,0.0,6953,141,53452
8,53601,1231,0.0,6954,141,53460
13,53614,1231,0.0,6955,141,53473
8,53622,1231,0.0,6956,141,53481
3,53625,1231,0.0,6957,141,53484
8,53633,1232,1.0,6958,141,53492
8,53641,1233,1.0,6959,141,53500
13,53654,1233,0.0,6960,141,53513
3,53657,1233,0.0,6961,141,53516
2,53659,1233,0.0,6962,141,53518
14,53673,1233,0.0,6963,141,53532
8,53681,1234,1.0,6964,141,53540
10,53691,1234,0.0,6965,141,53550
2,53693,1234,0.0,6966,141,53552
4,53697,1234,0.0,6967,141,53556
10,53707,1234,0.0,6968,141,53566
4,53711,1234,0.0,6969,141,53570
8,53719,1234,0.0,6970,141,53578
9,53728,1234,0.0,6971,141,53587
10,53738,1234,0.0,6972,141,53597
5,53743,1234,0.0,6973,141,53602
5,53748,1234,0.0,6974,141,53607
5,53753,1234,0.0,6975,141,53612
7,53760,1234,0.0,6976,141,53619
5,53765,1234,0.0,6977,141,53624
2,53767,1234,0.0,6978,141,53626
4,53771,1234,0.0,6979,141,53630
2,53773,1234,0.0,6980,141,53632
6,53779,1234,0.0,6981,141,53638
2,53781,1234,0.0,6982,141,53640
9,53790,1234,0.0,6983,141,53649
2,53792,1234,0.0,6984,141,53651
8,53800,1235,1.0,6985,141,53659
10,53810,1235,0.0,6986,141,53669
2,53812,1235,0.0,6987,141,53671
8,53820,1236,1.0,6988,141,53679
10,53830,1236,0.0,6989,141,53689
5,53835,1236,0.0,6990,141,53694
6,53841,1236,0.0,6991,141,53700
14,53855,1236,0.0,6992,141,53714
5,53860,1236,0.0,6993,141,53719
2,53862,1236,0.0,6994,141,53721
6,53868,1236,0.0,6995,141,53727
8,53876,1236,0.0,6996,141,53735
8,53884,1237,1.0,6997,141,53743
6,53890,1237,0.0,6998,141,53749
8,53898,1238,1.0,6999,141,53757
9,53907,1238,0.0,7000,141,53766
22,53929,1238,0.0,7001,141,53788
8,53937,1239,1.0,7002,141,53796
15,53952,1239,0.0,7003,141,53811
21,53973,1239,0.0,7004,141,53832
10,53983,1239,0.0,7005,141,53842
8,53991,1240,1.0,7006,141,53850
3,53994,1240,0.0,7007,141,53853
4,53998,1240,0.0,7008,141,53857
2,54000,1240,0.0,7009,141,53859
7,54007,1240,0.0,7010,141,53866
3,54010,1240,0.0,7011,141,53869
2,54012,1240,0.0,7012,141,53871
5,54017,1240,0.0,7013,141,53876
14,54031,1240,0.0,7014,141,53890
8,54039,1240,0.0,7015,141,53898
2,54041,1240,0.0,7016,141,53900
9,54050,1240,0.0,7017,141,53909
8,54058,1241,1.0,7018,141,53917
3,54061,1241,0.0,7019,141,53920
6,54067,1241,0.0,7020,141,53926
5,54072,1241,0.0,7021,141,53931
7,54079,1241,0.0,7022,141,53938
4,54083,1241,0.0,7023,141,53942
8,54091,1242,1.0,7024,141,53950
4,54095,1242,0.0,7025,141,53954
2,54097,1242,0.0,7026,141,53956
2,54099,1242,0.0,7027,141,53958
4,54103,1242,0.0,7028,141,53962
4,54107,1242,0.0,7029,141,53966
8,54115,1242,0.0,7030,141,53974
8,54123,1243,1.0,7031,141,53982
8,54131,1243,0.0,7032,141,53990
19,54150,1244,1.0,7033,141,54009
8,54158,1245,1.0,7034,141,54017
8,54166,1246,1.0,7035,141,54025
8,54174,1247,1.0,7036,141,54033
17,54191,1248,1.0,7037,141,54050
2,54193,1248,0.0,7038,141,54052
2,54195,1248,0.0,7039,141,54054
8,54203,1249,1.0,7040,141,54062
8,54211,1250,1.0,7041,141,54070
2,54213,1250,0.0,7042,141,54072
4,54217,1250,0.0,7043,141,54076
8,54225,1251,1.0,7044,141,54084
8,54233,1252,1.0,7045,141,54092
2,54235,1252,0.0,7046,141,54094
2,54237,1252,0.0,7047,141,54096
5,54242,1252,0.0,7048,141,54101
4,54246,1252,0.0,7049,141,54105
5,54251,1252,0.0,7050,141,54110
3,54254,1252,0.0,7051,141,54113
10,54264,1252,0.0,7052,141,54123
19,54283,1253,1.0,7053,141,54142
11,54294,1253,0.0,7054,141,54153
2,54296,1253,0.0,7055,141,54155
8,54304,1254,1.0,7056,141,54163
11,54315,1254,0.0,7057,141,54174
7,54322,1254,0.0,7058,141,54181
4,54326,1254,0.0,7059,141,54185
11,54337,1254,0.0,7060,141,54196
8,54345,1255,1.0,7061,141,54204
4,54349,1255,0.0,7062,141,54208
8,54357,1256,1.0,7063,141,54216
8,54365,1256,0.0,7064,141,54224
8,54373,1256,0.0,7065,141,54232
8,54381,1257,1.0,7066,141,54240
10,54391,1257,0.0,7067,141,54250
8,54399,1257,0.0,7068,141,54258
8,54407,1258,1.0,7069,141,54266
2,54409,1258,0.0,7070,141,54268
8,54417,1258,0.0,7071,141,54276
16,54433,1258,0.0,7072,141,54292
8,54441,1258,0.0,7073,141,54300
2,54443,1258,0.0,7074,141,54302
8,54451,1259,1.0,7075,141,54310
6,54457,1259,0.0,7076,141,54316
3,54460,1259,0.0,7077,141,54319
8,54468,1259,0.0,7078,141,54327
14,54482,1259,0.0,7079,141,54341
10,54492,1259,0.0,7080,141,54351
8,54500,1259,0.0,7081,141,54359
8,54508,1260,1.0,7082,141,54367
2,54510,1260,0.0,7083,141,54369
4,54514,1260,0.0,7084,141,54373
13,54527,1260,0.0,7085,141,54386
5,54532,1260,0.0,7086,141,54391
2,54534,1260,0.0,7087,141,54393
15,54549,1260,0.0,7088,141,54408
5,54554,1260,0.0,7089,141,54413
4,54558,1260,0.0,7090,141,54417
14,54572,1260,0.0,7091,141,54431
19,54591,1260,0.0,7092,141,54450
2,54593,1260,0.0,7093,141,54452
8,54601,1261,1.0,7094,141,54460
8,54609,1261,0.0,7095,141,54468
2,54611,1261,0.0,7096,141,54470
3,54614,1261,0.0,7097,141,54473
21,54635,1261,0.0,7098,141,54494
12,54647,1261,0.0,7099,141,54506
8,54655,1262,1.0,7100,141,54514
5,54660,1262,0.0,7101,141,54519
5,54665,1262,0.0,7102,141,54524
8,54673,1263,1.0,7103,141,54532
11,54684,1263,0.0,7104,141,54543
8,54692,1264,1.0,7105,141,54551
3,54695,1264,0.0,7106,141,54554
8,54703,1264,0.0,7107,141,54562
8,54711,1264,0.0,7108,141,54570
9,54720,1264,0.0,7109,141,54579
11,54731,1264,0.0,7110,141,54590
5,54736,1264,0.0,7111,141,54595
2,54738,1264,0.0,7112,141,54597
4,54742,1264,0.0,7113,141,54601
5,54747,1264,0.0,7114,141,54606
10,54757,1264,0.0,7115,141,54616
13,54770,1264,0.0,7116,141,54629
4,54774,1264,0.0,7117,141,54633
8,54782,1265,1.0,7118,141,54641
2,54784,1265,0.0,7119,141,54643
8,54792,1265,0.0,7120,141,54651
13,54805,1265,0.0,7121,141,54664
9,54814,1265,0.0,7122,141,54673
2,54816,1265,0.0,7123,141,54675
13,54829,1265,0.0,7124,141,54688
3,54832,1265,0.0,7125,141,54691
8,54840,1266,1.0,7126,141,54699
9,54849,1266,0.0,7127,141,54708
10,54859,1266,0.0,7128,141,54718
8,54867,1267,1.0,7129,141,54726
5,54872,1267,0.0,7130,141,54731
12,54884,1267,0.0,7131,141,54743
8,54892,1268,1.0,7132,141,54751
11,54903,1268,0.0,7133,141,54762
11,54914,1268,0.0,7134,141,54773
4,54918,1268,0.0,7135,141,54777
7,54925,1268,0.0,7136,141,54784
19,54944,1268,0.0,7137,141,54803
8,54952,1268,0.0,7138,141,54811
8,54960,1269,1.0,7139,141,54819
5,54965,1269,0.0,7140,141,54824
13,54978,1269,0.0,7141,141,54837
3,54981,1269,0.0,7142,141,54840
9,54990,1269,0.0,7143,141,54849
7,54997,1269,0.0,7144,141,54856
2,54999,1269,0.0,7145,141,54858
5,55004,1269,0.0,7146,141,54863
9,55013,1269,0.0,7147,141,54872
5,55018,1269,0.0,7148,141,54877
8,55026,1270,1.0,7149,141,54885
11,55037,1270,0.0,7150,141,54896
2,55039,1270,0.0,7151,141,54898
8,55047,1271,1.0,7152,141,54906
25,55072,1271,0.0,7153,141,54931
6,55078,1271,0.0,7154,141,54937
8,55086,1272,1.0,7155,141,54945
8,55094,1273,1.0,7156,141,54953
8,55102,1273,0.0,7157,141,54961
8,55110,1274,1.0,7158,141,54969
2,55112,1274,0.0,7159,141,54971
3,55115,1274,0.0,7160,141,54974
5,55120,1274,0.0,7161,141,54979
8,55128,1274,0.0,7162,141,54987
8,55136,1275,1.0,7163,141,54995
3,55139,1275,0.0,7164,141,54998
4,55143,1275,0.0,7165,141,55002
5,55148,1275,0.0,7166,141,55007
4,55152,1275,0.0,7167,141,55011
8,55160,1276,1.0,7168,141,55019
8,55168,1277,1.0,7169,141,55027
2,55170,1277,0.0,7170,141,55029
6,55176,1277,0.0,7171,141,55035
10,55186,1277,0.0,7172,141,55045
15,55201,1277,0.0,7173,141,55060
7,55208,1277,0.0,7174,141,55067
8,55216,1278,1.0,7175,141,55075
2,55218,1278,0.0,7176,141,55077
4,55222,1278,0.0,7177,141,55081
7,55229,1278,0.0,7178,141,55088
8,55237,1279,1.0,7179,141,55096
8,55245,1280,1.0,7180,141,55104
5,55250,1280,0.0,7181,141,55109
8,55258,1280,0.0,7182,141,55117
8,55266,1281,1.0,7183,141,55125
8,55274,1281,0.0,7184,141,55133
5,55279,1281,0.0,7185,141,55138
6,55285,1281,0.0,7186,141,55144
19,55304,1282,1.0,7187,141,55163
2,55306,1282,0.0,7188,141,55165
9,55315,1282,0.0,7189,141,55174
4,55319,1282,0.0,7190,141,55178
6,55325,1282,0.0,7191,141,55184
8,55333,1283,1.0,7192,141,55192
6,55339,1283,0.0,7193,141,55198
26,55365,1283,0.0,7194,141,55224
8,55373,1283,0.0,7195,141,55232
8,55381,1283,0.0,7196,141,55240
6,55387,1283,0.0,7197,141,55246
3,55390,1283,0.0,7198,141,55249
17,55407,1284,1.0,7199,141,55266
8,55415,1285,1.0,7200,141,55274
5,55420,1285,0.0,7201,141,55279
5,55425,1285,0.0,7202,141,55284
3,55428,1285,0.0,7203,141,55287
8,55436,1286,1.0,7204,141,55295
2,55438,1286,0.0,7205,141,55297
8,55446,1287,1.0,7206,141,55305
2,55448,1287,0.0,7207,141,55307
8,55456,1288,1.0,7208,141,55315
16,55472,1288,0.0,7209,141,55331
5,55477,1288,0.0,7210,141,55336
8,55485,1289,1.0,7211,141,55344
4,55489,1289,0.0,7212,141,55348
5,55494,1289,0.0,7213,141,55353
4,55498,1289,0.0,7214,141,55357
8,55506,1290,1.0,7215,141,55365
10,55516,1290,0.0,7216,141,55375
8,55524,1290,0.0,7217,141,55383
8,55532,1291,1.0,7218,141,55391
18,55550,1291,0.0,7219,141,55409
15,55565,1291,0.0,7220,141,55424
4,55569,1291,0.0,7221,141,55428
7,55576,1291,0.0,7222,141,55435
15,55591,1291,0.0,7223,141,55450
3,55594,1291,0.0,7224,141,55453
9,55603,1291,0.0,7225,141,55462
8,55611,1292,1.0,7226,141,55470
13,55624,1292,0.0,7227,141,55483
5,55629,1292,0.0,7228,141,55488
8,55637,1293,1.0,7229,141,55496
10,55647,1293,0.0,7230,141,55506
6,55653,1293,0.0,7231,141,55512
22,55675,1293,0.0,7232,141,55534
2,55677,1293,0.0,7233,141,55536
2,55679,1293,0.0,7234,141,55538
12,55691,1293,0.0,7235,141,55550
4,55695,1293,0.0,7236,141,55554
4,55699,1293,0.0,7237,141,55558
13,55712,1293,0.0,7238,141,55571
8,55720,1293,0.0,7239,141,55579
2,55722,1293,0.0,7240,141,55581
8,55730,1293,0.0,7241,141,55589
2,55732,1293,0.0,7242,141,55591
8,55740,1294,1.0,7243,141,55599
5,55745,1294,0.0,7244,141,55604
8,55753,1295,1.0,7245,141,55612
8,55761,1296,1.0,7246,141,55620
8,55769,1297,1.0,7247,141,55628
9,55778,1297,0.0,7248,141,55637
19,55797,1298,1.0,7249,141,55656
8,55805,1299,1.0,7250,141,55664
2,55807,1299,0.0,7251,141,55666
4,55811,1299,0.0,7252,141,55670
26,55837,1299,0.0,7253,141,55696
8,55845,1299,0.0,7254,141,55704
4,55849,1299,0.0,7255,141,55708
6,55855,1299,0.0,7256,141,55714
9,55864,1299,0.0,7257,141,55723
8,55872,1300,1.0,7258,141,55731
14,55886,1300,0.0,7259,141,55745
8,55894,1300,0.0,7260,141,55753
8,55902,1301,1.0,7261,141,55761
4,55906,1301,0.0,7262,141,55765
11,55917,1301,0.0,7263,141,55776
8,55925,1302,1.0,7264,141,55784
9,55934,1302,0.0,7265,141,55793
8,55942,1303,1.0,7266,141,55801
2,55944,1303,0.0,7267,141,55803
6,55950,1303,0.0,7268,141,55809
7,55957,1303,0.0,7269,141,55816
5,55962,1303,0.0,7270,141,55821
11,55973,1303,0.0,7271,141,55832
8,55981,1304,1.0,7272,141,55840
8,55989,1305,1.0,7273,141,55848
8,55997,1306,1.0,7274,141,55856
4,56001,1306,0.0,7275,141,55860
13,56014,1306,0.0,7276,141,55873
5,56019,1306,0.0,7277,141,55878
8,56027,1307,1.0,7278,141,55886
2,56029,1307,0.0,7279,141,55888
8,56037,1308,1.0,7280,141,55896
9,56046,1308,0.0,7281,141,55905
15,56061,1308,0.0,7282,141,55920
9,56070,1308,0.0,7283,141,55929
8,56078,1308,0.0,7284,141,55937
14,56092,1308,0.0,7285,141,55951
13,56105,1308,0.0,7286,141,55964
8,56113,1309,1.0,7287,141,55972
4,56117,1309,0.0,7288,141,55976
4,56121,1309,0.0,7289,141,55980
5,56126,1309,0.0,7290,141,55985
14,56140,1309,0.0,7291,141,55999
2,56142,1309,0.0,7292,141,56001
4,56146,1309,0.0,7293,141,56005
2,56148,1309,0.0,7294,141,56007
7,56155,1309,0.0,7295,141,56014
8,56163,1310,1.0,7296,141,56022
14,56177,1310,0.0,7297,141,56036
4,56181,1310,0.0,7298,141,56040
8,56189,1311,1.0,7299,141,56048
8,56197,1312,1.0,7300,141,56056
10,56207,1312,0.0,7301,141,56066
8,56215,1313,1.0,7302,141,56074
9,56224,1313,0.0,7303,141,56083
10,56234,1313,0.0,7304,141,56093
8,56242,1313,0.0,7305,141,56101
4,56246,1313,0.0,7306,141,56105
5,56251,1313,0.0,7307,141,56110
6,56257,1313,0.0,7308,141,56116
8,56265,1313,0.0,7309,141,56124
8,56273,1314,1.0,7310,141,56132
10,56283,1314,0.0,7311,141,56142
13,56296,1314,0.0,7312,141,56155
4,56300,1314,0.0,7313,141,56159
5,56305,1314,0.0,7314,141,56164
4,56309,1314,0.0,7315,141,56168
16,56325,1314,0.0,7316,141,56184
2,56327,1314,0.0,7317,141,56186
5,56332,1314,0.0,7318,141,56191
12,56344,1314,0.0,7319,141,56203
12,56356,1314,0.0,7320,141,56215
7,56363,1314,0.0,7321,141,56222
20,56383,1314,0.0,7322,141,56242
9,56392,1314,0.0,7323,141,56251
15,56407,1314,0.0,7324,141,56266
3,56410,1314,0.0,7325,141,56269
6,56416,1314,0.0,7326,141,56275
10,56426,1314,0.0,7327,141,56285
5,56431,1314,0.0,7328,141,56290
2,56433,1314,0.0,7329,141,56292
9,56442,1314,0.0,7330,141,56301
19,56461,1315,1.0,7331,141,56320
2,56463,1315,0.0,7332,141,56322
8,56471,1315,0.0,7333,141,56330
4,56475,1315,0.0,7334,141,56334
13,56488,1315,0.0,7335,141,56347
10,56498,1315,0.0,7336,141,56357
7,56505,1315,0.0,7337,141,56364
8,56513,1316,1.0,7338,141,56372
8,56521,1317,1.0,7339,141,56380
8,56529,1318,1.0,7340,141,56388
14,56543,1318,0.0,7341,141,56402
2,56545,1318,0.0,7342,141,56404
8,56553,1319,1.0,7343,141,56412
4,56557,1319,0.0,7344,141,56416
8,56565,1320,1.0,7345,141,56424
8,56573,1321,1.0,7346,141,56432
4,56577,1321,0.0,7347,141,56436
8,56585,1321,0.0,7348,141,56444
2,56587,1321,0.0,7349,141,56446
4,56591,1321,0.0,7350,141,56450
4,56595,1321,0.0,7351,141,56454
8,56603,1322,1.0,7352,141,56462
6,56609,1322,0.0,7353,141,56468
5,56614,1322,0.0,7354,141,56473
13,56627,1322,0.0,7355,141,56486
19,56646,1323,1.0,7356,141,56505
4,56650,1323,0.0,7357,141,56509
6,56656,1323,0.0,7358,141,56515
6,56662,1323,0.0,7359,141,56521
18,56680,1323,0.0,7360,141,56539
9,56689,1323,0.0,7361,141,56548
8,56697,1324,1.0,7362,141,56556
11,56708,1324,0.0,7363,141,56567
2,56710,1324,0.0,7364,141,56569
2,56712,1324,0.0,7365,141,56571
16,56728,1324,0.0,7366,141,56587
8,56736,1324,0.0,7367,141,56595
8,56744,1325,1.0,7368,141,56603
7,56751,1325,0.0,7369,141,56610
6,56757,1325,0.0,7370,141,56616
5,56762,1325,0.0,7371,141,56621
6,56768,1325,0.0,7372,141,56627
4,56772,1325,0.0,7373,141,56631
8,56780,1325,0.0,7374,141,56639
7,56787,1325,0.0,7375,141,56646
8,56795,1325,0.0,7376,141,56654
5,56800,1325,0.0,7377,141,56659
5,56805,1325,0.0,7378,141,56664
5,56810,1325,0.0,7379,141,56669
19,56829,1325,0.0,7380,141,56688
2,56831,1325,0.0,7381,141,56690
5,56836,1325,0.0,7382,141,56695
5,56841,1325,0.0,7383,141,56700
8,56849,1326,1.0,7384,141,56708
9,56858,1326,0.0,7385,141,56717
11,56869,1326,0.0,7386,141,56728
13,56882,1326,0.0,7387,141,56741
8,56890,1327,1.0,7388,141,56749
8,56898,1328,1.0,7389,141,56757
16,56914,1328,0.0,7390,141,56773
4,56918,1328,0.0,7391,141,56777
11,56929,1328,0.0,7392,141,56788
10,56939,1328,0.0,7393,141,56798
7,56946,1328,0.0,7394,141,56805
8,56954,1328,0.0,7395,141,56813
8,56962,1329,1.0,7396,141,56821
4,56966,1329,0.0,7397,141,56825
2,56968,1329,0.0,7398,141,56827
8,56976,1330,1.0,7399,141,56835
2,56978,1330,0.0,7400,141,56837
8,56986,1331,1.0,7401,141,56845
2,56988,1331,0.0,7402,141,56847
8,56996,1332,1.0,7403,141,56855
9,57005,1332,0.0,7404,141,56864
8,57013,1332,0.0,7405,141,56872
21,57034,1332,0.0,7406,141,56893
6,57040,1332,0.0,7407,141,56899
2,57042,1332,0.0,7408,141,56901
9,57051,1332,0.0,7409,141,56910
13,57064,1332,0.0,7410,141,56923
8,57072,1333,1.0,7411,141,56931
13,57085,1333,0.0,7412,141,56944
2,57087,1333,0.0,7413,141,56946
13,57100,1333,0.0,7414,141,56959
8,57108,1333,0.0,7415,141,56967
2,57110,1333,0.0,7416,141,56969
4,57114,1333,0.0,7417,141,56973
8,57122,1334,1.0,7418,141,56981
9,57131,1334,0.0,7419,141,56990
7,57138,1334,0.0,7420,141,56997
5,57143,1334,0.0,7421,141,57002
2,57145,1334,0.0,7422,141,57004
8,57153,1334,0.0,7423,141,57012
12,57165,1334,0.0,7424,141,57024
2,57167,1334,0.0,7425,141,57026
2,57169,1334,0.0,7426,141,57028
5,57174,1334,0.0,7427,141,57033
8,57182,1335,1.0,7428,141,57041
8,57190,1336,1.0,7429,141,57049
5,57195,1336,0.0,7430,141,57054
8,57203,1336,0.0,7431,141,57062
5,57208,1336,0.0,7432,141,57067
2,57210,1336,0.0,7433,141,57069
4,57214,1336,0.0,7434,141,57073
2,57216,1336,0.0,7435,141,57075
5,57221,1336,0.0,7436,141,57080
6,57227,1336,0.0,7437,141,57086
4,57231,1336,0.0,7438,141,57090
2,57233,1336,0.0,7439,141,57092
3,57236,1336,0.0,7440,141,57095
7,57243,1336,0.0,7441,141,57102
16,57259,1336,0.0,7442,141,57118
8,57267,1337,1.0,7443,141,57126
4,57271,1337,0.0,7444,141,57130
2,57273,1337,0.0,7445,141,57132
10,57283,1337,0.0,7446,141,57142
8,57291,1338,1.0,7447,141,57150
12,57303,1338,0.0,7448,141,57162
10,57313,1338,0.0,7449,141,57172
8,57321,1339,1.0,7450,141,57180
8,57329,1340,1.0,7451,141,57188
9,57338,1340,0.0,7452,141,57197
2,57340,1340,0.0,7453,141,57199
15,57355,1340,0.0,7454,141,57214
8,57363,1341,1.0,7455,141,57222
8,57371,1341,0.0,7456,141,57230
8,57379,1342,1.0,7457,141,57238
5,57384,1342,0.0,7458,141,57243
8,57392,1343,1.0,7459,141,57251
13,57405,1343,0.0,7460,141,57264
5,57410,1343,0.0,7461,141,57269
12,57422,1343,0.0,7462,141,57281
3,57425,1343,0.0,7463,141,57284
4,57429,1343,0.0,7464,141,57288
10,57439,1343,0.0,7465,141,57298
8,57447,1343,0.0,7466,141,57306
18,57465,1343,0.0,7467,141,57324
8,57473,1344,1.0,7468,141,57332
8,57481,1345,1.0,7469,141,57340
24,57505,1345,0.0,7470,141,57364
2,57507,1345,0.0,7471,141,57366
8,57515,1346,1.0,7472,141,57374
19,57534,1347,1.0,7473,141,57393
10,57544,1347,0.0,7474,141,57403
8,57552,1348,1.0,7475,141,57411
2,57554,1348,0.0,7476,141,57413
8,57562,1349,1.0,7477,141,57421
9,57571,1349,0.0,7478,141,57430
4,57575,1349,0.0,7479,141,57434
3,57578,1349,0.0,7480,141,57437
13,57591,1349,0.0,7481,141,57450
2,57593,1349,0.0,7482,141,57452
11,57604,1349,0.0,7483,141,57463
8,57612,1350,1.0,7484,141,57471
2,57614,1350,0.0,7485,141,57473
5,57619,1350,0.0,7486,141,57478
2,57621,1350,0.0,7487,141,57480
6,57627,1350,0.0,7488,141,57486
2,57629,1350,0.0,7489,141,57488
11,57640,1350,0.0,7490,141,57499
2,57642,1350,0.0,7491,141,57501
8,57650,1351,1.0,7492,141,57509
10,57660,1351,0.0,7493,141,57519
10,57670,1351,0.0,7494,141,57529
7,57677,1351,0.0,7495,141,57536
8,57685,1351,0.0,7496,141,57544
8,57693,1352,1.0,7497,141,57552
3,57696,1352,0.0,7498,141,57555
9,57705,1352,0.0,7499,141,57564
2,57707,1352,0.0,7500,141,57566
13,57720,1352,0.0,7501,141,57579
8,57728,1353,1.0,7502,141,57587
2,57730,1353,0.0,7503,141,57589
21,57751,1353,0.0,7504,141,57610
10,57761,1353,0.0,7505,141,57620
8,57769,1353,0.0,7506,141,57628
14,57783,1353,0.0,7507,141,57642
8,57791,1354,1.0,7508,141,57650
8,57799,1355,1.0,7509,141,57658
8,57807,1356,1.0,7510,141,57666
8,57815,1357,1.0,7511,141,57674
8,57823,1358,1.0,7512,141,57682
4,57827,1358,0.0,7513,141,57686
16,57843,1358,0.0,7514,141,57702
10,57853,1358,0.0,7515,141,57712
8,57861,1359,1.0,7516,141,57720
10,57871,1359,0.0,7517,141,57730
8,57879,1359,0.0,7518,141,57738
4,57883,1359,0.0,7519,141,57742
3,57886,1359,0.0,7520,141,57745
8,57894,1359,0.0,7521,141,57753
9,57903,1359,0.0,7522,141,57762
14,57917,1359,0.0,7523,141,57776
16,57933,1359,0.0,7524,141,57792
11,57944,1359,0.0,7525,141,57803
13,57957,1359,0.0,7526,141,57816
10,57967,1359,0.0,7527,141,57826
8,57975,1360,1.0,7528,141,57834
8,57983,1361,1.0,7529,141,57842
8,57991,1362,1.0,7530,141,57850
7,57998,1362,0.0,7531,141,57857
24,58022,1362,0.0,7532,141,57881
4,58026,1362,0.0,7533,141,57885
4,58030,1362,0.0,7534,141,57889
8,58038,1363,1.0,7535,141,57897
13,58051,1363,0.0,7536,141,57910
7,58058,1363,0.0,7537,141,57917
2,58060,1363,0.0,7538,141,57919
8,58068,1364,1.0,7539,141,57927
6,58074,1364,0.0,7540,141,57933
8,58082,1365,1.0,7541,141,57941
8,58090,1366,1.0,7542,141,57949
18,58108,1366,0.0,7543,141,57967
2,58110,1366,0.0,7544,141,57969
13,58123,1366,0.0,7545,141,57982
16,58139,1366,0.0,7546,141,57998
8,58147,1366,0.0,7547,141,58006
10,58157,1366,0.0,7548,141,58016
3,58160,1366,0.0,7549,141,58019
17,58177,1367,1.0,7550,141,58036
2,58179,1367,0.0,7551,141,58038
8,58187,1367,0.0,7552,141,58046
5,58192,1367,0.0,7553,141,58051
2,58194,1367,0.0,7554,141,58053
5,58199,1367,0.0,7555,141,58058
8,58207,1368,1.0,7556,141,58066
8,58215,1368,0.0,7557,141,58074
2,58217,1368,0.0,7558,141,58076
11,58228,1368,0.0,7559,141,58087
8,58236,1368,0.0,7560,141,58095
11,58247,1368,0.0,7561,141,58106
5,58252,1368,0.0,7562,141,58111
5,58257,1368,0.0,7563,141,58116
8,58265,1369,1.0,7564,141,58124
13,58278,1369,0.0,7565,141,58137
8,58286,1370,1.0,7566,141,58145
8,58294,1371,1.0,7567,141,58153
2,58296,1371,0.0,7568,141,58155
9,58305,1371,0.0,7569,141,58164
5,58310,1371,0.0,7570,141,58169
9,58319,1371,0.0,7571,141,58178
14,58333,1371,0.0,7572,141,58192
2,58335,1371,0.0,7573,141,58194
2,58337,1371,0.0,7574,141,58196
8,58345,1372,1.0,7575,141,58204
2,58347,1372,0.0,7576,141,58206
12,58359,1372,0.0,7577,141,58218
2,58361,1372,0.0,7578,141,58220
19,58380,1373,1.0,7579,141,58239
13,58393,1373,0.0,7580,141,58252
4,58397,1373,0.0,7581,141,58256
8,58405,1374,1.0,7582,141,58264
8,58413,1375,1.0,7583,141,58272
14,58427,1375,0.0,7584,141,58286
19,58446,1376,1.0,7585,141,58305
8,58454,1377,1.0,7586,141,58313
4,58458,1377,0.0,7587,141,58317
4,58462,1377,0.0,7588,141,58321
7,58469,1377,0.0,7589,141,58328
5,58474,1377,0.0,7590,141,58333
4,58478,1377,0.0,7591,141,58337
3,58481,1377,0.0,7592,141,58340
8,58489,1378,1.0,7593,141,58348
2,58491,1378,0.0,7594,141,58350
2,58493,1378,0.0,7595,141,58352
5,58498,1378,0.0,7596,141,58357
5,58503,1378,0.0,7597,141,58362
8,58511,1378,0.0,7598,141,58370
7,58518,1378,0.0,7599,141,58377
8,58526,1378,0.0,7600,141,58385
2,58528,1378,0.0,7601,141,58387
8,58536,1379,1.0,7602,141,58395
8,58544,1380,1.0,7603,141,58403
8,58552,1381,1.0,7604,141,58411
5,58557,1381,0.0,7605,141,58416
25,58582,1381,0.0,7606,141,58441
16,58598,1381,0.0,7607,141,58457
5,58603,1381,0.0,7608,141,58462
8,58611,1382,1.0,7609,141,58470
4,58615,1382,0.0,7610,141,58474
2,58617,1382,0.0,7611,141,58476
14,58631,1382,0.0,7612,141,58490
5,58636,1382,0.0,7613,141,58495
4,58640,1382,0.0,7614,141,58499
8,58648,1382,0.0,7615,141,58507
9,58657,1382,0.0,7616,141,58516
16,58673,1382,0.0,7617,141,58532
8,58681,1383,1.0,7618,141,58540
25,58706,1383,0.0,7619,141,58565
5,58711,1383,0.0,7620,141,58570
8,58719,1383,0.0,7621,141,58578
15,58734,1383,0.0,7622,141,58593
28,58762,1383,0.0,7623,141,58621
10,58772,1383,0.0,7624,141,58631
13,58785,1383,0.0,7625,141,58644
17,58802,1384,1.0,7626,141,58661
2,58804,1384,0.0,7627,141,58663
8,58812,1384,0.0,7628,141,58671
12,58824,1384,0.0,7629,141,58683
9,58833,1384,0.0,7630,141,58692
15,58848,1384,0.0,7631,141,58707
9,58857,1384,0.0,7632,141,58716
11,58868,1384,0.0,7633,141,58727
8,58876,1384,0.0,7634,141,58735
8,58884,1384,0.0,7635,141,58743
4,58888,1384,0.0,7636,141,58747
10,58898,1384,0.0,7637,141,58757
8,58906,1384,0.0,7638,141,58765
14,58920,1384,0.0,7639,141,58779
9,58929,1384,0.0,7640,141,58788
5,58934,1384,0.0,7641,141,58793
2,58936,1384,0.0,7642,141,58795
8,58944,1385,1.0,7643,141,58803
8,58952,1386,1.0,7644,141,58811
5,58957,1386,0.0,7645,141,58816
7,58964,1386,0.0,7646,141,58823
8,58972,1387,1.0,7647,141,58831
2,58974,1387,0.0,7648,141,58833
4,58978,1387,0.0,7649,141,58837
5,58983,1387,0.0,7650,141,58842
8,58991,1388,1.0,7651,141,58850
8,58999,1389,1.0,7652,141,58858
5,59004,1389,0.0,7653,141,58863
11,59015,1389,0.0,7654,141,58874
5,59020,1389,0.0,7655,141,58879
8,59028,1390,1.0,7656,141,58887
4,59032,1390,0.0,7657,141,58891
5,59037,1390,0.0,7658,141,58896
8,59045,1391,1.0,7659,141,58904
17,59062,1391,0.0,7660,141,58921
19,59081,1391,0.0,7661,141,58940
2,59083,1391,0.0,7662,141,58942
8,59091,1391,0.0,7663,141,58950
8,59099,1392,1.0,7664,141,58958
24,59123,1392,0.0,7665,141,58982
2,59125,1392,0.0,7666,141,58984
7,59132,1392,0.0,7667,141,58991
9,59141,1392,0.0,7668,141,59000
14,59155,1392,0.0,7669,141,59014
2,59157,1392,0.0,7670,141,59016
8,59165,1393,1.0,7671,141,59024
2,59167,1393,0.0,7672,141,59026
8,59175,1394,1.0,7673,141,59034
4,59179,1394,0.0,7674,141,59038
7,59186,1394,0.0,7675,141,59045
8,59194,1394,0.0,7676,141,59053
13,59207,1394,0.0,7677,141,59066
10,59217,1394,0.0,7678,141,59076
9,59226,1394,0.0,7679,141,59085
19,59245,1395,1.0,7680,141,59104
4,59249,1395,0.0,7681,141,59108
8,59257,1395,0.0,7682,141,59116
3,59260,1395,0.0,7683,141,59119
2,59262,1395,0.0,7684,141,59121
5,59267,1395,0.0,7685,141,59126
8,59275,1396,1.0,7686,141,59134
14,59289,1396,0.0,7687,141,59148
10,59299,1396,0.0,7688,141,59158
7,59306,1396,0.0,7689,141,59165
8,59314,1397,1.0,7690,141,59173
8,59322,1398,1.0,7691,141,59181
2,59324,1398,0.0,7692,141,59183
9,59333,1398,0.0,7693,141,59192
3,59336,1398,0.0,7694,141,59195
2,59338,1398,0.0,7695,141,59197
4,59342,1398,0.0,7696,141,59201
4,59346,1398,0.0,7697,141,59205
2,59348,1398,0.0,7698,141,59207
6,59354,1398,0.0,7699,141,59213
8,59362,1399,1.0,7700,141,59221
2,59364,1399,0.0,7701,141,59223
8,59372,1400,1.0,7702,141,59231
10,59382,1400,0.0,7703,141,59241
2,59384,1400,0.0,7704,141,59243
6,59390,1400,0.0,7705,141,59249
7,59397,1400,0.0,7706,141,59256
12,59409,1400,0.0,7707,141,59268
8,59417,1401,1.0,7708,141,59276
14,59431,1401,0.0,7709,141,59290
12,59443,1401,0.0,7710,141,59302
11,59454,1401,0.0,7711,141,59313
8,59462,1402,1.0,7712,141,59321
9,59471,1402,0.0,7713,141,59330
2,59473,1402,0.0,7714,141,59332
8,59481,1403,1.0,7715,141,59340
2,59483,1403,0.0,7716,141,59342
4,59487,1403,0.0,7717,141,59346
16,59503,1403,0.0,7718,141,59362
7,59510,1403,0.0,7719,141,59369
8,59518,1404,1.0,7720,141,59377
8,59526,1405,1.0,7721,141,59385
4,59530,1405,0.0,7722,141,59389
5,59535,1405,0.0,7723,141,59394
4,59539,1405,0.0,7724,141,59398
8,59547,1405,0.0,7725,141,59406
6,59553,1405,0.0,7726,141,59412
8,59561,1406,1.0,7727,141,59420
9,59570,1406,0.0,7728,141,59429
14,59584,1406,0.0,7729,141,59443
5,59589,1406,0.0,7730,141,59448
8,59597,1407,1.0,7731,141,59456
7,59604,1407,0.0,7732,141,59463
2,59606,1407,0.0,7733,141,59465
8,59614,1408,1.0,7734,141,59473
4,59618,1408,0.0,7735,141,59477
2,59620,1408,0.0,7736,141,59479
10,59630,1408,0.0,7737,141,59489
8,59638,1408,0.0,7738,141,59497
4,59642,1408,0.0,7739,141,59501
10,59652,1408,0.0,7740,141,59511
8,59660,1409,1.0,7741,141,59519
5,59665,1409,0.0,7742,141,59524
3,59668,1409,0.0,7743,141,59527
4,59672,1409,0.0,7744,141,59531
8,59680,1410,1.0,7745,141,59539
8,59688,1411,1.0,7746,141,59547
11,59699,1411,0.0,7747,141,59558
2,59701,1411,0.0,7748,141,59560
11,59712,1411,0.0,7749,141,59571
8,59720,1412,1.0,7750,141,59579
2,59722,1412,0.0,7751,141,59581
8,59730,1413,1.0,7752,141,59589
5,59735,1413,0.0,7753,141,59594
8,59743,1414,1.0,7754,141,59602
8,59751,1414,0.0,7755,141,59610
4,59755,1414,0.0,7756,141,59614
8,59763,1414,0.0,7757,141,59622
10,59773,1414,0.0,7758,141,59632
18,59791,1414,0.0,7759,141,59650
8,59799,1415,1.0,7760,141,59658
2,59801,1415,0.0,7761,141,59660
8,59809,1416,1.0,7762,141,59668
2,59811,1416,0.0,7763,141,59670
8,59819,1417,1.0,7764,141,59678
5,59824,1417,0.0,7765,141,59683
31,59855,1417,0.0,7766,141,59714
2,59857,1417,0.0,7767,141,59716
8,59865,1418,1.0,7768,141,59724
5,59870,1418,0.0,7769,141,59729
8,59878,1419,1.0,7770,141,59737
8,59886,1420,1.0,7771,141,59745
4,59890,1420,0.0,7772,141,59749
8,59898,1421,1.0,7773,141,59757
9,59907,1421,0.0,7774,141,59766
2,59909,1421,0.0,7775,141,59768
11,59920,1421,0.0,7776,141,59779
10,59930,1421,0.0,7777,141,59789
8,59938,1422,1.0,7778,141,59797
8,59946,1422,0.0,7779,141,59805
8,59954,1423,1.0,7780,141,59813
8,59962,1423,0.0,7781,141,59821
4,59966,1423,0.0,7782,141,59825
2,59968,1423,0.0,7783,141,59827
3,59971,1423,0.0,7784,141,59830
13,59984,1423,0.0,7785,141,59843
5,59989,1423,0.0,7786,141,59848
9,59998,1423,0.0,7787,141,59857
2,60000,1423,0.0,7788,141,59859
21,60021,1423,0.0,7789,141,59880
8,60029,1423,0.0,7790,141,59888
4,60033,1423,0.0,7791,141,59892
8,60041,1424,1.0,7792,141,59900
7,60048,1424,0.0,7793,141,59907
8,60056,1424,0.0,7794,141,59915
17,60073,1425,1.0,7795,141,59932
4,60077,1425,0.0,7796,141,59936
8,60085,1425,0.0,7797,141,59944
5,60090,1425,0.0,7798,141,59949
8,60098,1426,1.0,7799,141,59957
4,60102,1426,0.0,7800,141,59961
3,60105,1426,0.0,7801,141,59964
6,60111,1426,0.0,7802,141,59970
8,60119,1427,1.0,7803,141,59978
21,60140,1427,0.0,7804,141,59999
8,60148,1427,0.0,7805,141,60007
8,60156,1428,1.0,7806,141,60015
8,60164,1429,1.0,7807,141,60023
8,60172,1430,1.0,7808,141,60031
8,60180,1431,1.0,7809,141,60039
8,60188,1431,0.0,7810,141,60047
4,60192,1431,0.0,7811,141,60051
10,60202,1431,0.0,7812,141,60061
4,60206,1431,0.0,7813,141,60065
4,60210,1431,0.0,7814,141,60069
5,60215,1431,0.0,7815,141,60074
15,60230,1431,0.0,7816,141,60089
3,60233,1431,0.0,7817,141,60092
2,60235,1431,0.0,7818,141,60094
4,60239,1431,0.0,7819,141,60098
13,60252,1431,0.0,7820,141,60111
8,60260,1431,0.0,7821,141,60119
4,60264,1431,0.0,7822,141,60123
2,60266,1431,0.0,7823,141,60125
8,60274,1432,1.0,7824,141,60133
8,60282,1433,1.0,7825,141,60141
8,60290,1433,0.0,7826,141,60149
8,60298,1434,1.0,7827,141,60157
9,60307,1434,0.0,7828,141,60166
8,60315,1435,1.0,7829,141,60174
4,60319,1435,0.0,7830,141,60178
8,60327,1435,0.0,7831,141,60186
11,60338,1435,0.0,7832,141,60197
8,60346,1435,0.0,7833,141,60205
8,60354,1435,0.0,7834,141,60213
5,60359,1435,0.0,7835,141,60218
5,60364,1435,0.0,7836,141,60223
2,60366,1435,0.0,7837,141,60225
8,60374,1435,0.0,7838,141,60233
10,60384,1435,0.0,7839,141,60243
8,60392,1435,0.0,7840,141,60251
8,60400,1436,1.0,7841,141,60259
8,60408,1436,0.0,7842,141,60267
8,60416,1437,1.0,7843,141,60275
8,60424,1438,1.0,7844,141,60283
2,60426,1438,0.0,7845,141,60285
5,60431,1438,0.0,7846,141,60290
8,60439,1439,1.0,7847,141,60298
8,60447,1440,1.0,7848,141,60306
10,60457,1440,0.0,7849,141,60316
5,60462,1440,0.0,7850,141,60321
11,60473,1440,0.0,7851,141,60332
3,60476,1440,0.0,7852,141,60335
8,60484,1440,0.0,7853,141,60343
6,60490,1440,0.0,7854,141,60349
2,60492,1440,0.0,7855,141,60351
2,60494,1440,0.0,7856,141,60353
8,60502,1441,1.0,7857,141,60361
3,60505,1441,0.0,7858,141,60364
2,60507,1441,0.0,7859,141,60366
8,60515,1442,1.0,7860,141,60374
2,60517,1442,0.0,7861,141,60376
2,60519,1442,0.0,7862,141,60378
4,60523,1442,0.0,7863,141,60382
3,60526,1442,0.0,7864,141,60385
9,60535,1442,0.0,7865,141,60394
2,60537,1442,0.0,7866,141,60396
8,60545,1442,0.0,7867,141,60404
31,60576,1442,0.0,7868,141,60435
2,60578,1442,0.0,7869,141,60437
22,60600,1442,0.0,7870,141,60459
2,60602,1442,0.0,7871,141,60461
8,60610,1443,1.0,7872,141,60469
8,60618,1444,1.0,7873,141,60477
5,60623,1444,0.0,7874,141,60482
8,60631,1444,0.0,7875,141,60490
4,60635,1444,0.0,7876,141,60494
8,60643,1445,1.0,7877,141,60502
8,60651,1446,1.0,7878,141,60510
2,60653,1446,0.0,7879,141,60512
8,60661,1447,1.0,7880,141,60520
8,60669,1447,0.0,7881,141,60528
5,60674,1447,0.0,7882,141,60533
8,60682,1448,1.0,7883,141,60541
2,60684,1448,0.0,7884,141,60543
8,60692,1448,0.0,7885,141,60551
28,60720,1448,0.0,7886,141,60579
8,60728,1449,1.0,7887,141,60587
8,60736,1450,1.0,7888,141,60595
5,60741,1450,0.0,7889,141,60600
3,60744,1450,0.0,7890,141,60603
4,60748,1450,0.0,7891,141,60607
19,60767,1451,1.0,7892,141,60626
13,60780,1451,0.0,7893,141,60639
17,60797,1451,0.0,7894,141,60656
9,60806,1451,0.0,7895,141,60665
5,60811,1451,0.0,7896,141,60670
16,60827,1451,0.0,7897,141,60686
8,60835,1452,1.0,7898,141,60694
8,60843,1453,1.0,7899,141,60702
4,60847,1453,0.0,7900,141,60706
8,60855,1453,0.0,7901,141,60714
8,60863,1454,1.0,7902,141,60722
10,60873,1454,0.0,7903,141,60732
8,60881,1455,1.0,7904,141,60740
9,60890,1455,0.0,7905,141,60749
2,60892,1455,0.0,7906,141,60751
4,60896,1455,0.0,7907,141,60755
2,60898,1455,0.0,7908,141,60757
8,60906,1456,1.0,7909,141,60765
8,60914,1457,1.0,7910,141,60773
8,60922,1458,1.0,7911,141,60781
5,60927,1458,0.0,7912,141,60786
2,60929,1458,0.0,7913,141,60788
8,60937,1459,1.0,7914,141,60796
2,60939,1459,0.0,7915,141,60798
2,60941,1459,0.0,7916,141,60800
8,60949,1460,1.0,7917,141,60808
4,60953,1460,0.0,7918,141,60812
14,60967,1460,0.0,7919,141,60826
8,60975,1461,1.0,7920,141,60834
10,60985,1461,0.0,7921,141,60844
8,60993,1461,0.0,7922,141,60852
2,60995,1461,0.0,7923,141,60854
8,61003,1462,1.0,7924,141,60862
2,61005,1462,0.0,7925,141,60864
4,61009,1462,0.0,7926,141,60868
8,61017,1463,1.0,7927,141,60876
10,61027,1463,0.0,7928,141,60886
12,61039,1463,0.0,7929,141,60898
6,61045,1463,0.0,7930,141,60904
2,61047,1463,0.0,7931,141,60906
9,61056,1463,0.0,7932,141,60915
8,61064,1464,1.0,7933,141,60923
4,61068,1464,0.0,7934,141,60927
10,61078,1464,0.0,7935,141,60937
8,61086,1465,1.0,7936,141,60945
10,61096,1465,0.0,7937,141,60955
4,61100,1465,0.0,7938,141,60959
7,61107,1465,0.0,7939,141,60966
8,61115,1465,0.0,7940,141,60974
14,61129,1465,0.0,7941,141,60988
4,61133,1465,0.0,7942,141,60992
6,61139,1465,0.0,7943,141,60998
11,61150,1465,0.0,7944,141,61009
13,61163,1465,0.0,7945,141,61022
5,61168,1465,0.0,7946,141,61027
8,61176,1465,0.0,7947,141,61035
8,61184,1466,1.0,7948,141,61043
13,61197,1466,0.0,7949,141,61056
16,61213,1466,0.0,7950,141,61072
31,61244,1466,0.0,7951,141,61103
2,61246,1466,0.0,7952,141,61105
3,61249,1466,0.0,7953,141,61108
12,61261,1466,0.0,7954,141,61120
8,61269,1467,1.0,7955,141,61128
8,61277,1468,1.0,7956,141,61136
8,61285,1469,1.0,7957,141,61144
4,61289,1469,0.0,7958,141,61148
15,61304,1469,0.0,7959,141,61163
2,61306,1469,0.0,7960,141,61165
13,61319,1469,0.0,7961,141,61178
4,61323,1469,0.0,7962,141,61182
8,61331,1469,0.0,7963,141,61190
8,61339,1470,1.0,7964,141,61198
9,61348,1470,0.0,7965,141,61207
8,61356,1470,0.0,7966,141,61215
2,61358,1470,0.0,7967,141,61217
2,61360,1470,0.0,7968,141,61219
8,61368,1471,1.0,7969,141,61227
10,61378,1471,0.0,7970,141,61237
3,61381,1471,0.0,7971,141,61240
8,61389,1472,1.0,7972,141,61248
4,61393,1472,0.0,7973,141,61252
4,61397,1472,0.0,7974,141,61256
22,61419,1472,0.0,7975,141,61278
2,61421,1472,0.0,7976,141,61280
10,61431,1472,0.0,7977,141,61290
8,61439,1473,1.0,7978,141,61298
8,61447,1474,1.0,7979,141,61306
8,61455,1474,0.0,7980,141,61314
8,61463,1475,1.0,7981,141,61322
4,61467,1475,0.0,7982,141,61326
10,61477,1475,0.0,7983,141,61336
8,61485,1475,0.0,7984,141,61344
8,61493,1475,0.0,7985,141,61352
2,61495,1475,0.0,7986,141,61354
16,61511,1475,0.0,7987,141,61370
6,61517,1475,0.0,7988,141,61376
9,61526,1475,0.0,7989,141,61385
5,61531,1475,0.0,7990,141,61390
8,61539,1476,1.0,7991,141,61398
4,61543,1476,0.0,7992,141,61402
10,61553,1476,0.0,7993,141,61412
4,61557,1476,0.0,7994,141,61416
3,61560,1476,0.0,7995,141,61419
5,61565,1476,0.0,7996,141,61424
2,61567,1476,0.0,7997,141,61426
8,61575,1477,1.0,7998,141,61434
7,61582,1477,0.0,7999,141,61441
9,61591,1477,0.0,8000,141,61450
2,61593,1477,0.0,8001,141,61452
8,61601,1477,0.0,8002,141,61460
7,61608,1477,0.0,8003,141,61467
5,61613,1477,0.0,8004,141,61472
8,61621,1478,1.0,8005,141,61480
8,61629,1479,1.0,8006,141,61488
2,61631,1479,0.0,8007,141,61490
7,61638,1479,0.0,8008,141,61497
2,61640,1479,0.0,8009,141,61499
5,61645,1479,0.0,8010,141,61504
14,61659,1479,0.0,8011,141,61518
4,61663,1479,0.0,8012,141,61522
14,61677,1479,0.0,8013,141,61536
8,61685,1480,1.0,8014,141,61544
8,61693,1480,0.0,8015,141,61552
10,61703,1480,0.0,8016,141,61562
13,61716,1480,0.0,8017,141,61575
4,61720,1480,0.0,8018,141,61579
5,61725,1480,0.0,8019,141,61584
4,61729,1480,0.0,8020,141,61588
2,61731,1480,0.0,8021,141,61590
22,61753,1480,0.0,8022,141,61612
2,61755,1480,0.0,8023,141,61614
8,61763,1481,1.0,8024,141,61622
4,61767,1481,0.0,8025,141,61626
22,61789,1481,0.0,8026,141,61648
10,61799,1481,0.0,8027,141,61658
18,61817,1481,0.0,8028,141,61676
10,61827,1481,0.0,8029,141,61686
5,61832,1481,0.0,8030,141,61691
16,61848,1481,0.0,8031,141,61707
8,61856,1482,1.0,8032,141,61715
8,61864,1483,1.0,8033,141,61723
8,61872,1484,1.0,8034,141,61731
8,61880,1485,1.0,8035,141,61739
4,61884,1485,0.0,8036,141,61743
5,61889,1485,0.0,8037,141,61748
8,61897,1486,1.0,8038,141,61756
8,61905,1487,1.0,8039,141,61764
8,61913,1487,0.0,8040,141,61772
8,61921,1488,1.0,8041,141,61780
11,61932,1488,0.0,8042,141,61791
6,61938,1488,0.0,8043,141,61797
9,61947,1488,0.0,8044,141,61806
7,61954,1488,0.0,8045,141,61813
2,61956,1488,0.0,8046,141,61815
4,61960,1488,0.0,8047,141,61819
8,61968,1489,1.0,8048,141,61827
2,61970,1489,0.0,8049,141,61829
2,61972,1489,0.0,8050,141,61831
16,61988,1489,0.0,8051,141,61847
14,62002,1489,0.0,8052,141,61861
8,62010,1489,0.0,8053,141,61869
9,62019,1489,0.0,8054,141,61878
2,62021,1489,0.0,8055,141,61880
10,62031,1489,0.0,8056,141,61890
8,62039,1490,1.0,8057,141,61898
8,62047,1490,0.0,8058,141,61906
2,62049,1490,0.0,8059,141,61908
2,62051,1490,0.0,8060,141,61910
7,62058,1490,0.0,8061,141,61917
8,62066,1491,1.0,8062,141,61925
8,62074,1492,1.0,8063,141,61933
4,62078,1492,0.0,8064,141,61937
10,62088,1492,0.0,8065,141,61947
2,62090,1492,0.0,8066,141,61949
3,62093,1492,0.0,8067,141,61952
8,62101,1493,1.0,8068,141,61960
4,62105,1493,0.0,8069,141,61964
8,62113,1493,0.0,8070,141,61972
10,62123,1493,0.0,8071,141,61982
8,62131,1494,1.0,8072,141,61990
8,62139,1495,1.0,8073,141,61998
6,62145,1495,0.0,8074,141,62004
13,62158,1495,0.0,8075,141,62017
22,62180,1495,0.0,8076,141,62039
5,62185,1495,0.0,8077,141,62044
3,62188,1495,0.0,8078,141,62047
9,62197,1495,0.0,8079,141,62056
8,62205,1495,0.0,8080,141,62064
17,62222,1495,0.0,8081,141,62081
4,62226,1495,0.0,8082,141,62085
6,62232,1495,0.0,8083,141,62091
2,62234,1495,0.0,8084,141,62093
2,62236,1495,0.0,8085,141,62095
10,62246,1495,0.0,8086,141,62105
4,62250,1495,0.0,8087,141,62109
2,62252,1495,0.0,8088,141,62111
3,62255,1495,0.0,8089,141,62114
3,62258,1495,0.0,8090,141,62117
2,62260,1495,0.0,8091,141,62119
9,62269,1495,0.0,8092,141,62128
2,62271,1495,0.0,8093,141,62130
8,62279,1495,0.0,8094,141,62138
8,62287,1495,0.0,8095,141,62146
2,62289,1495,0.0,8096,141,62148
9,62298,1495,0.0,8097,141,62157
8,62306,1496,1.0,8098,141,62165
22,62328,1496,0.0,8099,141,62187
10,62338,1496,0.0,8100,141,62197
8,62346,1497,1.0,8101,141,62205
3,62349,1497,0.0,8102,141,62208
4,62353,1497,0.0,8103,141,62212
8,62361,1497,0.0,8104,141,62220
9,62370,1497,0.0,8105,141,62229
8,62378,1498,1.0,8106,141,62237
8,62386,1498,0.0,8107,141,62245
2,62388,1498,0.0,8108,141,62247
5,62393,1498,0.0,8109,141,62252
8,62401,1499,1.0,8110,141,62260
8,62409,1500,1.0,8111,141,62268
8,62417,1501,1.0,8112,141,62276
10,62427,1501,0.0,8113,141,62286
8,62435,1502,1.0,8114,141,62294
15,62450,1502,0.0,8115,141,62309
8,62458,1502,0.0,8116,141,62317
4,62462,1502,0.0,8117,141,62321
5,62467,1502,0.0,8118,141,62326
8,62475,1503,1.0,8119,141,62334
10,62485,1503,0.0,8120,141,62344
5,62490,1503,0.0,8121,141,62349
8,62498,1503,0.0,8122,141,62357
9,62507,1503,0.0,8123,141,62366
8,62515,1503,0.0,8124,141,62374
5,62520,1503,0.0,8125,141,62379
5,62525,1503,0.0,8126,141,62384
6,62531,1503,0.0,8127,141,62390
2,62533,1503,0.0,8128,141,62392
9,62542,1503,0.0,8129,141,62401
9,62551,1503,0.0,8130,141,62410
4,62555,1503,0.0,8131,141,62414
9,62564,1503,0.0,8132,141,62423
7,62571,1503,0.0,8133,141,62430
7,62578,1503,0.0,8134,141,62437
4,62582,1503,0.0,8135,141,62441
8,62590,1504,1.0,8136,141,62449
8,62598,1505,1.0,8137,141,62457
5,62603,1505,0.0,8138,141,62462
8,62611,1506,1.0,8139,141,62470
8,62619,1507,1.0,8140,141,62478
5,62624,1507,0.0,8141,141,62483
5,62629,1507,0.0,8142,141,62488
9,62638,1507,0.0,8143,141,62497
4,62642,1507,0.0,8144,141,62501
8,62650,1507,0.0,8145,141,62509
8,62658,1508,1.0,8146,141,62517
8,62666,1508,0.0,8147,141,62525
13,62679,1508,0.0,8148,141,62538
8,62687,1509,1.0,8149,141,62546
8,62695,1510,1.0,8150,141,62554
17,62712,1511,1.0,8151,141,62571
22,62734,1511,0.0,8152,141,62593
8,62742,1511,0.0,8153,141,62601
8,62750,1512,1.0,8154,141,62609
5,62755,1512,0.0,8155,141,62614
2,62757,1512,0.0,8156,141,62616
9,62766,1512,0.0,8157,141,62625
6,62772,1512,0.0,8158,141,62631
8,62780,1513,1.0,8159,141,62639
22,62802,1513,0.0,8160,141,62661
8,62810,1514,1.0,8161,141,62669
10,62820,1514,0.0,8162,141,62679
7,62827,1514,0.0,8163,141,62686
7,62834,1514,0.0,8164,141,62693
4,62838,1514,0.0,8165,141,62697
5,62843,1514,0.0,8166,141,62702
11,62854,1514,0.0,8167,141,62713
2,62856,1514,0.0,8168,141,62715
4,62860,1514,0.0,8169,141,62719
10,62870,1514,0.0,8170,141,62729
8,62878,1515,1.0,8171,141,62737
8,62886,1516,1.0,8172,141,62745
8,62894,1517,1.0,8173,141,62753
9,62903,1517,0.0,8174,141,62762
8,62911,1518,1.0,8175,141,62770
5,62916,1518,0.0,8176,141,62775
9,62925,1518,0.0,8177,141,62784
10,62935,1518,0.0,8178,141,62794
6,62941,1518,0.0,8179,141,62800
5,62946,1518,0.0,8180,141,62805
8,62954,1519,1.0,8181,141,62813
8,62962,1520,1.0,8182,141,62821
3,62965,1520,0.0,8183,141,62824
2,62967,1520,0.0,8184,141,62826
5,62972,1520,0.0,8185,141,62831
8,62980,1521,1.0,8186,141,62839
6,62986,1521,0.0,8187,141,62845
13,62999,1521,0.0,8188,141,62858
17,63016,1521,0.0,8189,141,62875
16,63032,1521,0.0,8190,141,62891
8,63040,1522,1.0,8191,141,62899
8,63048,1523,1.0,8192,141,62907
10,63058,1523,0.0,8193,141,62917
6,63064,1523,0.0,8194,141,62923
6,63070,1523,0.0,8195,141,62929
13,63083,1523,0.0,8196,141,62942
19,63102,1523,0.0,8197,141,62961
2,63104,1523,0.0,8198,141,62963
18,63122,1523,0.0,8199,141,62981
4,63126,1523,0.0,8200,141,62985
13,63139,1523,0.0,8201,141,62998
4,63143,1523,0.0,8202,141,63002
14,63157,1523,0.0,8203,141,63016
3,63160,1523,0.0,8204,141,63019
22,63182,1523,0.0,8205,141,63041
27,63209,1523,0.0,8206,141,63068
8,63217,1524,1.0,8207,141,63076
6,63223,1524,0.0,8208,141,63082
8,63231,1525,1.0,8209,141,63090
8,63239,1526,1.0,8210,141,63098
6,63245,1526,0.0,8211,141,63104
8,63253,1526,0.0,8212,141,63112
5,63258,1526,0.0,8213,141,63117
13,63271,1526,0.0,8214,141,63130
4,63275,1526,0.0,8215,141,63134
5,63280,1526,0.0,8216,141,63139
8,63288,1527,1.0,8217,141,63147
8,63296,1528,1.0,8218,141,63155
8,63304,1529,1.0,8219,141,63163
6,63310,1529,0.0,8220,141,63169
13,63323,1529,0.0,8221,141,63182
7,63330,1529,0.0,8222,141,63189
5,63335,1529,0.0,8223,141,63194
8,63343,1529,0.0,8224,141,63202
13,63356,1529,0.0,8225,141,63215
19,63375,1530,1.0,8226,141,63234
7,63382,1530,0.0,8227,141,63241
8,63390,1531,1.0,8228,141,63249
8,63398,1531,0.0,8229,141,63257
8,63406,1532,1.0,8230,141,63265
8,63414,1532,0.0,8231,141,63273
4,63418,1532,0.0,8232,141,63277
8,63426,1533,1.0,8233,141,63285
13,63439,1533,0.0,8234,141,63298
9,63448,1533,0.0,8235,141,63307
13,63461,1533,0.0,8236,141,63320
2,63463,1533,0.0,8237,141,63322
8,63471,1534,1.0,8238,141,63330
19,63490,1535,1.0,8239,141,63349
2,63492,1535,0.0,8240,141,63351
2,63494,1535,0.0,8241,141,63353
5,63499,1535,0.0,8242,141,63358
5,63504,1535,0.0,8243,141,63363
4,63508,1535,0.0,8244,141,63367
6,63514,1535,0.0,8245,141,63373
8,63522,1536,1.0,8246,141,63381
8,63530,1537,1.0,8247,141,63389
9,63539,1537,0.0,8248,141,63398
4,63543,1537,0.0,8249,141,63402
39,63582,1537,0.0,8250,141,63441
4,63586,1537,0.0,8251,141,63445
6,63592,1537,0.0,8252,141,63451
4,63596,1537,0.0,8253,141,63455
5,63601,1537,0.0,8254,141,63460
15,63616,1537,0.0,8255,141,63475
19,63635,1537,0.0,8256,141,63494
5,63640,1537,0.0,8257,141,63499
7,63647,1537,0.0,8258,141,63506
2,63649,1537,0.0,8259,141,63508
7,63656,1537,0.0,8260,141,63515
8,63664,1537,0.0,8261,141,63523
4,63668,1537,0.0,8262,141,63527
8,63676,1538,1.0,8263,141,63535
8,63684,1539,1.0,8264,141,63543
13,63697,1539,0.0,8265,141,63556
8,63705,1540,1.0,8266,141,63564
6,63711,1540,0.0,8267,141,63570
8,63719,1541,1.0,8268,141,63578
8,63727,1542,1.0,8269,141,63586
6,63733,1542,0.0,8270,141,63592
8,63741,1543,1.0,8271,141,63600
8,63749,1544,1.0,8272,141,63608
8,63757,1544,0.0,8273,141,63616
5,63762,1544,0.0,8274,141,63621
4,63766,1544,0.0,8275,141,63625
8,63774,1545,1.0,8276,141,63633
16,63790,1545,0.0,8277,141,63649
13,63803,1545,0.0,8278,141,63662
8,63811,1546,1.0,8279,141,63670
5,63816,1546,0.0,8280,141,63675
7,63823,1546,0.0,8281,141,63682
3,63826,1546,0.0,8282,141,63685
14,63840,1546,0.0,8283,141,63699
12,63852,1546,0.0,8284,141,63711
10,63862,1546,0.0,8285,141,63721
8,63870,1546,0.0,8286,141,63729
13,63883,1546,0.0,8287,141,63742
16,63899,1546,0.0,8288,141,63758
8,63907,1546,0.0,8289,141,63766
6,63913,1546,0.0,8290,141,63772
8,63921,1547,1.0,8291,141,63780
8,63929,1547,0.0,8292,141,63788
18,63947,1547,0.0,8293,141,63806
7,63954,1547,0.0,8294,141,63813
8,63962,1548,1.0,8295,141,63821
8,63970,1549,1.0,8296,141,63829
14,63984,1549,0.0,8297,141,63843
8,63992,1549,0.0,8298,141,63851
8,64000,1550,1.0,8299,141,63859
3,64003,1550,0.0,8300,141,63862
4,64007,1550,0.0,8301,141,63866
8,64015,1551,1.0,8302,141,63874
24,64039,1551,0.0,8303,141,63898
15,64054,1551,0.0,8304,141,63913
5,64059,1551,0.0,8305,141,63918
2,64061,1551,0.0,8306,141,63920
2,64063,1551,0.0,8307,141,63922
8,64071,1552,1.0,8308,141,63930
18,64089,1552,0.0,8309,141,63948
8,64097,1553,1.0,8310,141,63956
4,64101,1553,0.0,8311,141,63960
8,64109,1554,1.0,8312,141,63968
4,64113,1554,0.0,8313,141,63972
2,64115,1554,0.0,8314,141,63974
18,64133,1554,0.0,8315,141,63992
8,64141,1555,1.0,8316,141,64000
8,64149,1556,1.0,8317,141,64008
8,64157,1556,0.0,8318,141,64016
8,64165,1557,1.0,8319,141,64024
18,64183,1557,0.0,8320,141,64042
10,64193,1557,0.0,8321,141,64052
4,64197,1557,0.0,8322,141,64056
5,64202,1557,0.0,8323,141,64061
7,64209,1557,0.0,8324,141,64068
4,64213,1557,0.0,8325,141,64072
9,64222,1557,0.0,8326,141,64081
2,64224,1557,0.0,8327,141,64083
20,64244,1557,0.0,8328,141,64103
7,64251,1557,0.0,8329,141,64110
8,64259,1558,1.0,8330,141,64118
13,64272,1558,0.0,8331,141,64131
8,64280,1559,1.0,8332,141,64139
2,64282,1559,0.0,8333,141,64141
8,64290,1560,1.0,8334,141,64149
20,64310,1560,0.0,8335,141,64169
8,64318,1561,1.0,8336,141,64177
8,64326,1562,1.0,8337,141,64185
9,64335,1562,0.0,8338,141,64194
8,64343,1563,1.0,8339,141,64202
2,64345,1563,0.0,8340,141,64204
6,64351,1563,0.0,8341,141,64210
2,64353,1563,0.0,8342,141,64212
8,64361,1564,1.0,8343,141,64220
8,64369,1564,0.0,8344,141,64228
19,64388,1565,1.0,8345,141,64247
8,64396,1566,1.0,8346,141,64255
5,64401,1566,0.0,8347,141,64260
4,64405,1566,0.0,8348,141,64264
8,64413,1567,1.0,8349,141,64272
23,64436,1567,0.0,8350,141,64295
8,64444,1567,0.0,8351,141,64303
4,64448,1567,0.0,8352,141,64307
8,64456,1568,1.0,8353,141,64315
4,64460,1568,0.0,8354,141,64319
8,64468,1568,0.0,8355,141,64327
4,64472,1568,0.0,8356,141,64331
8,64480,1569,1.0,8357,141,64339
6,64486,1569,0.0,8358,141,64345
10,64496,1569,0.0,8359,141,64355
6,64502,1569,0.0,8360,141,64361
6,64508,1569,0.0,8361,141,64367
3,64511,1569,0.0,8362,141,64370
12,64523,1569,0.0,8363,141,64382
8,64531,1569,0.0,8364,141,64390
5,64536,1569,0.0,8365,141,64395
22,64558,1569,0.0,8366,141,64417
8,64566,1570,1.0,8367,141,64425
5,64571,1570,0.0,8368,141,64430
8,64579,1570,0.0,8369,141,64438
4,64583,1570,0.0,8370,141,64442
19,64602,1571,1.0,8371,141,64461
5,64607,1571,0.0,8372,141,64466
5,64612,1571,0.0,8373,141,64471
11,64623,1571,0.0,8374,141,64482
8,64631,1572,1.0,8375,141,64490
7,64638,1572,0.0,8376,141,64497
8,64646,1573,1.0,8377,141,64505
3,64649,1573,0.0,8378,141,64508
15,64664,1573,0.0,8379,141,64523
4,64668,1573,0.0,8380,141,64527
4,64672,1573,0.0,8381,141,64531
6,64678,1573,0.0,8382,141,64537
8,64686,1574,1.0,8383,141,64545
9,64695,1574,0.0,8384,141,64554
2,64697,1574,0.0,8385,141,64556
2,64699,1574,0.0,8386,141,64558
5,64704,1574,0.0,8387,141,64563
7,64711,1574,0.0,8388,141,64570
2,64713,1574,0.0,8389,141,64572
2,64715,1574,0.0,8390,141,64574
3,64718,1574,0.0,8391,141,64577
8,64726,1574,0.0,8392,141,64585
5,64731,1574,0.0,8393,141,64590
7,64738,1574,0.0,8394,141,64597
3,64741,1574,0.0,8395,141,64600
8,64749,1574,0.0,8396,141,64608
2,64751,1574,0.0,8397,141,64610
8,64759,1575,1.0,8398,141,64618
19,64778,1575,0.0,8399,141,64637
2,64780,1575,0.0,8400,141,64639
7,64787,1575,0.0,8401,141,64646
8,64795,1576,1.0,8402,141,64654
10,64805,1576,0.0,8403,141,64664
4,64809,1576,0.0,8404,141,64668
12,64821,1576,0.0,8405,141,64680
8,64829,1577,1.0,8406,141,64688
6,64835,1577,0.0,8407,141,64694
4,64839,1577,0.0,8408,141,64698
8,64847,1577,0.0,8409,141,64706
8,64855,1578,1.0,8410,141,64714
8,64863,1579,1.0,8411,141,64722
2,64865,1579,0.0,8412,141,64724
5,64870,1579,0.0,8413,141,64729
8,64878,1580,1.0,8414,141,64737
4,64882,1580,0.0,8415,141,64741
2,64884,1580,0.0,8416,141,64743
8,64892,1581,1.0,8417,141,64751
2,64894,1581,0.0,8418,141,64753
8,64902,1581,0.0,8419,141,64761
3,64905,1581,0.0,8420,141,64764
3,64908,1581,0.0,8421,141,64767
6,64914,1581,0.0,8422,141,64773
4,64918,1581,0.0,8423,141,64777
5,64923,1581,0.0,8424,141,64782
2,64925,1581,0.0,8425,141,64784
8,64933,1581,0.0,8426,141,64792
8,64941,1581,0.0,8427,141,64800
4,64945,1581,0.0,8428,141,64804
2,64947,1581,0.0,8429,141,64806
8,64955,1581,0.0,8430,141,64814
8,64963,1582,1.0,8431,141,64822
5,64968,1582,0.0,8432,141,64827
2,64970,1582,0.0,8433,141,64829
11,64981,1582,0.0,8434,141,64840
8,64989,1583,1.0,8435,141,64848
2,64991,1583,0.0,8436,141,64850
5,64996,1583,0.0,8437,141,64855
2,64998,1583,0.0,8438,141,64857
8,65006,1583,0.0,8439,141,64865
5,65011,1583,0.0,8440,141,64870
21,65032,1583,0.0,8441,141,64891
11,65043,1583,0.0,8442,141,64902
8,65051,1583,0.0,8443,141,64910
8,65059,1583,0.0,8444,141,64918
3,65062,1583,0.0,8445,141,64921
8,65070,1584,1.0,8446,141,64929
17,65087,1585,1.0,8447,141,64946
11,65098,1585,0.0,8448,141,64957
4,65102,1585,0.0,8449,141,64961
10,65112,1585,0.0,8450,141,64971
7,65119,1585,0.0,8451,141,64978
8,65127,1586,1.0,8452,141,64986
2,65129,1586,0.0,8453,141,64988
8,65137,1586,0.0,8454,141,64996
29,65166,1586,0.0,8455,141,65025
10,65176,1586,0.0,8456,141,65035
8,65184,1586,0.0,8457,141,65043
4,65188,1586,0.0,8458,141,65047
8,65196,1587,1.0,8459,141,65055
6,65202,1587,0.0,8460,141,65061
8,65210,1587,0.0,8461,141,65069
2,65212,1587,0.0,8462,141,65071
4,65216,1587,0.0,8463,141,65075
8,65224,1588,1.0,8464,141,65083
8,65232,1589,1.0,8465,141,65091
2,65234,1589,0.0,8466,141,65093
10,65244,1589,0.0,8467,141,65103
26,65270,1589,0.0,8468,141,65129
5,65275,1589,0.0,8469,141,65134
8,65283,1590,1.0,8470,141,65142
2,65285,1590,0.0,8471,141,65144
8,65293,1591,1.0,8472,141,65152
4,65297,1591,0.0,8473,141,65156
8,65305,1592,1.0,8474,141,65164
17,65322,1592,0.0,8475,141,65181
8,65330,1593,1.0,8476,141,65189
2,65332,1593,0.0,8477,141,65191
5,65337,1593,0.0,8478,141,65196
8,65345,1594,1.0,8479,141,65204
10,65355,1594,0.0,8480,141,65214
8,65363,1595,1.0,8481,141,65222
5,65368,1595,0.0,8482,141,65227
8,65376,1595,0.0,8483,141,65235
24,65400,1595,0.0,8484,141,65259
2,65402,1595,0.0,8485,141,65261
14,65416,1595,0.0,8486,141,65275
5,65421,1595,0.0,8487,141,65280
8,65429,1595,0.0,8488,141,65288
8,65437,1596,1.0,8489,141,65296
4,65441,1596,0.0,8490,141,65300
7,65448,1596,0.0,8491,141,65307
2,65450,1596,0.0,8492,141,65309
8,65458,1597,1.0,8493,141,65317
8,65466,1598,1.0,8494,141,65325
8,65474,1598,0.0,8495,141,65333
8,65482,1599,1.0,8496,141,65341
8,65490,1600,1.0,8497,141,65349
10,65500,1600,0.0,8498,141,65359
10,65510,1600,0.0,8499,141,65369
8,65518,1601,1.0,8500,141,65377
5,65523,1601,0.0,8501,141,65382
8,65531,1602,1.0,8502,141,65390
8,65539,1603,1.0,8503,141,65398
19,65558,1604,1.0,8504,141,65417
10,65568,1604,0.0,8505,141,65427
7,65575,1604,0.0,8506,141,65434
8,65583,1605,1.0,8507,141,65442
17,65600,1606,1.0,8508,141,65459
4,65604,1606,0.0,8509,141,65463
8,65612,1607,1.0,8510,141,65471
8,65620,1608,1.0,8511,141,65479
8,65628,1609,1.0,8512,141,65487
10,65638,1609,0.0,8513,141,65497
3,65641,1609,0.0,8514,141,65500
8,65649,1610,1.0,8515,141,65508
10,65659,1610,0.0,8516,141,65518
2,65661,1610,0.0,8517,141,65520
10,65671,1610,0.0,8518,141,65530
5,65676,1610,0.0,8519,141,65535
4,65680,1610,0.0,8520,141,65539
9,65689,1610,0.0,8521,141,65548
16,65705,1610,0.0,8522,141,65564
8,65713,1611,1.0,8523,141,65572
6,65719,1611,0.0,8524,141,65578
2,65721,1611,0.0,8525,141,65580
7,65728,1611,0.0,8526,141,65587
8,65736,1612,1.0,8527,141,65595
14,65750,1612,0.0,8528,141,65609
18,65768,1612,0.0,8529,141,65627
7,65775,1612,0.0,8530,141,65634
10,65785,1612,0.0,8531,141,65644
3,65788,1612,0.0,8532,141,65647
5,65793,1612,0.0,8533,141,65652
2,65795,1612,0.0,8534,141,65654
13,65808,1612,0.0,8535,141,65667
4,65812,1612,0.0,8536,141,65671
8,65820,1612,0.0,8537,141,65679
2,65822,1612,0.0,8538,141,65681
2,65824,1612,0.0,8539,141,65683
8,65832,1613,1.0,8540,141,65691
8,65840,1614,1.0,8541,141,65699
9,65849,1614,0.0,8542,141,65708
8,65857,1615,1.0,8543,141,65716
5,65862,1615,0.0,8544,141,65721
7,65869,1615,0.0,8545,141,65728
8,65877,1615,0.0,8546,141,65736
8,65885,1616,1.0,8547,141,65744
8,65893,1616,0.0,8548,141,65752
8,65901,1617,1.0,8549,141,65760
8,65909,1617,0.0,8550,141,65768
6,65915,1617,0.0,8551,141,65774
8,65923,1618,1.0,8552,141,65782
16,65939,1618,0.0,8553,141,65798
8,65947,1619,1.0,8554,141,65806
2,65949,1619,0.0,8555,141,65808
6,65955,1619,0.0,8556,141,65814
7,65962,1619,0.0,8557,141,65821
2,65964,1619,0.0,8558,141,65823
8,65972,1619,0.0,8559,141,65831
2,65974,1619,0.0,8560,141,65833
2,65976,1619,0.0,8561,141,65835
2,65978,1619,0.0,8562,141,65837
8,65986,1619,0.0,8563,141,65845
9,65995,1619,0.0,8564,141,65854
5,66000,1619,0.0,8565,141,65859
18,66018,1619,0.0,8566,141,65877
15,66033,1619,0.0,8567,141,65892
8,66041,1620,1.0,8568,141,65900
5,66046,1620,0.0,8569,141,65905
8,66054,1621,1.0,8570,141,65913
8,66062,1622,1.0,8571,141,65921
5,66067,1622,0.0,8572,141,65926
8,66075,1623,1.0,8573,141,65934
4,66079,1623,0.0,8574,141,65938
6,66085,1623,0.0,8575,141,65944
8,66093,1623,0.0,8576,141,65952
9,66102,1623,0.0,8577,141,65961
2,66104,1623,0.0,8578,141,65963
8,66112,1623,0.0,8579,141,65971
9,66121,1623,0.0,8580,141,65980
8,66129,1624,1.0,8581,141,65988
8,66137,1625,1.0,8582,141,65996
13,66150,1625,0.0,8583,141,66009
6,66156,1625,0.0,8584,141,66015
2,66158,1625,0.0,8585,141,66017
10,66168,1625,0.0,8586,141,66027
12,66180,1625,0.0,8587,141,66039
4,66184,1625,0.0,8588,141,66043
2,66186,1625,0.0,8589,141,66045
6,66192,1625,0.0,8590,141,66051
5,66197,1625,0.0,8591,141,66056
2,66199,1625,0.0,8592,141,66058
5,66204,1625,0.0,8593,141,66063
8,66212,1625,0.0,8594,141,66071
8,66220,1625,0.0,8595,141,66079
5,66225,1625,0.0,8596,141,66084
8,66233,1626,1.0,8597,141,66092
8,66241,1627,1.0,8598,141,66100
9,66250,1627,0.0,8599,141,66109
12,66262,1627,0.0,8600,141,66121
8,66270,1628,1.0,8601,141,66129
7,66277,1628,0.0,8602,141,66136
5,66282,1628,0.0,8603,141,66141
30,66312,1628,0.0,8604,141,66171
8,66320,1629,1.0,8605,141,66179
5,66325,1629,0.0,8606,141,66184
8,66333,1629,0.0,8607,141,66192
5,66338,1629,0.0,8608,141,66197
28,66366,1629,0.0,8609,141,66225
8,66374,1630,1.0,8610,141,66233
8,66382,1630,0.0,8611,141,66241
8,66390,1630,0.0,8612,141,66249
8,66398,1631,1.0,8613,141,66257
5,66403,1631,0.0,8614,141,66262
5,66408,1631,0.0,8615,141,66267
8,66416,1632,1.0,8616,141,66275
13,66429,1632,0.0,8617,141,66288
2,66431,1632,0.0,8618,141,66290
8,66439,1632,0.0,8619,141,66298
6,66445,1632,0.0,8620,141,66304
9,66454,1632,0.0,8621,141,66313
16,66470,1632,0.0,8622,141,66329
15,66485,1632,0.0,8623,141,66344
5,66490,1632,0.0,8624,141,66349
9,66499,1632,0.0,8625,141,66358
9,66508,1632,0.0,8626,141,66367
30,66538,1632,0.0,8627,141,66397
9,66547,1632,0.0,8628,141,66406
8,66555,1633,1.0,8629,141,66414
5,66560,1633,0.0,8630,141,66419
5,66565,1633,0.0,8631,141,66424
8,66573,1633,0.0,8632,141,66432
8,66581,1634,1.0,8633,141,66440
4,66585,1634,0.0,8634,141,66444
13,66598,1634,0.0,8635,141,66457
10,66608,1634,0.0,8636,141,66467
13,66621,1634,0.0,8637,141,66480
8,66629,1635,1.0,8638,141,66488
5,66634,1635,0.0,8639,141,66493
8,66642,1635,0.0,8640,141,66501
2,66644,1635,0.0,8641,141,66503
2,66646,1635,0.0,8642,141,66505
2,66648,1635,0.0,8643,141,66507
2,66650,1635,0.0,8644,141,66509
13,66663,1635,0.0,8645,141,66522
5,66668,1635,0.0,8646,141,66527
6,66674,1635,0.0,8647,141,66533
4,66678,1635,0.0,8648,141,66537
10,66688,1635,0.0,8649,141,66547
17,66705,1635,0.0,8650,141,66564
8,66713,1635,0.0,8651,141,66572
4,66717,1635,0.0,8652,141,66576
8,66725,1636,1.0,8653,141,66584
2,66727,1636,0.0,8654,141,66586
2,66729,1636,0.0,8655,141,66588
5,66734,1636,0.0,8656,141,66593
2,66736,1636,0.0,8657,141,66595
8,66744,1637,1.0,8658,141,66603
17,66761,1638,1.0,8659,141,66620
8,66769,1638,0.0,8660,141,66628
17,66786,1638,0.0,8661,141,66645
8,66794,1639,1.0,8662,141,66653
25,66819,1639,0.0,8663,141,66678
4,66823,1639,0.0,8664,141,66682
8,66831,1640,1.0,8665,141,66690
13,66844,1640,0.0,8666,141,66703
7,66851,1640,0.0,8667,141,66710
3,66854,1640,0.0,8668,141,66713
10,66864,1640,0.0,8669,141,66723
13,66877,1640,0.0,8670,141,66736
11,66888,1640,0.0,8671,141,66747
8,66896,1640,0.0,8672,141,66755
7,66903,1640,0.0,8673,141,66762
17,66920,1641,1.0,8674,141,66779
2,66922,1641,0.0,8675,141,66781
12,66934,1641,0.0,8676,141,66793
5,66939,1641,0.0,8677,141,66798
7,66946,1641,0.0,8678,141,66805
2,66948,1641,0.0,8679,141,66807
8,66956,1641,0.0,8680,141,66815
12,66968,1641,0.0,8681,141,66827
13,66981,1641,0.0,8682,141,66840
4,66985,1641,0.0,8683,141,66844
2,66987,1641,0.0,8684,141,66846
8,66995,1642,1.0,8685,141,66854
2,66997,1642,0.0,8686,141,66856
8,67005,1643,1.0,8687,141,66864
8,67013,1644,1.0,8688,141,66872
4,67017,1644,0.0,8689,141,66876
10,67027,1644,0.0,8690,141,66886
5,67032,1644,0.0,8691,141,66891
8,67040,1644,0.0,8692,141,66899
5,67045,1644,0.0,8693,141,66904
2,67047,1644,0.0,8694,141,66906
8,67055,1645,1.0,8695,141,66914
4,67059,1645,0.0,8696,141,66918
9,67068,1645,0.0,8697,141,66927
10,67078,1645,0.0,8698,141,66937
17,67095,1646,1.0,8699,141,66954
5,67100,1646,0.0,8700,141,66959
13,67113,1646,0.0,8701,141,66972
9,67122,1646,0.0,8702,141,66981
4,67126,1646,0.0,8703,141,66985
8,67134,1647,1.0,8704,141,66993
8,67142,1648,1.0,8705,141,67001
8,67150,1649,1.0,8706,141,67009
8,67158,1650,1.0,8707,141,67017
7,67165,1650,0.0,8708,141,67024
9,67174,1650,0.0,8709,141,67033
7,67181,1650,0.0,8710,141,67040
8,67189,1651,1.0,8711,141,67048
12,67201,1651,0.0,8712,141,67060
6,67207,1651,0.0,8713,141,67066
6,67213,1651,0.0,8714,141,67072
2,67215,1651,0.0,8715,141,67074
6,67221,1651,0.0,8716,141,67080
5,67226,1651,0.0,8717,141,67085
8,67234,1651,0.0,8718,141,67093
2,67236,1651,0.0,8719,141,67095
8,67244,1652,1.0,8720,141,67103
4,67248,1652,0.0,8721,141,67107
7,67255,1652,0.0,8722,141,67114
8,67263,1653,1.0,8723,141,67122
12,67275,1653,0.0,8724,141,67134
5,67280,1653,0.0,8725,141,67139
7,67287,1653,0.0,8726,141,67146
4,67291,1653,0.0,8727,141,67150
5,67296,1653,0.0,8728,141,67155
10,67306,1653,0.0,8729,141,67165
8,67314,1654,1.0,8730,141,67173
10,67324,1654,0.0,8731,141,67183
8,67332,1655,1.0,8732,141,67191
8,67340,1655,0.0,8733,141,67199
18,67358,1655,0.0,8734,141,67217
8,67366,1656,1.0,8735,141,67225
8,67374,1657,1.0,8736,141,67233
8,67382,1658,1.0,8737,141,67241
27,67409,1658,0.0,8738,141,67268
6,67415,1658,0.0,8739,141,67274
11,67426,1658,0.0,8740,141,67285
15,67441,1658,0.0,8741,141,67300
6,67447,1658,0.0,8742,141,67306
7,67454,1658,0.0,8743,141,67313
4,67458,1658,0.0,8744,141,67317
8,67466,1659,1.0,8745,141,67325
6,67472,1659,0.0,8746,141,67331
6,67478,1659,0.0,8747,141,67337
10,67488,1659,0.0,8748,141,67347
11,67499,1659,0.0,8749,141,67358
7,67506,1659,0.0,8750,141,67365
8,67514,1660,1.0,8751,141,67373
8,67522,1661,1.0,8752,141,67381
8,67530,1661,0.0,8753,141,67389
8,67538,1662,1.0,8754,141,67397
19,67557,1663,1.0,8755,141,67416
8,67565,1663,0.0,8756,141,67424
6,67571,1663,0.0,8757,141,67430
13,67584,1663,0.0,8758,141,67443
7,67591,1663,0.0,8759,141,67450
14,67605,1663,0.0,8760,141,67464
6,67611,1663,0.0,8761,141,67470
2,67613,1663,0.0,8762,141,67472
8,67621,1664,1.0,8763,141,67480
5,67626,1664,0.0,8764,141,67485
6,67632,1664,0.0,8765,141,67491
4,67636,1664,0.0,8766,141,67495
10,67646,1664,0.0,8767,141,67505
8,67654,1664,0.0,8768,141,67513
8,67662,1665,1.0,8769,141,67521
8,67670,1666,1.0,8770,141,67529
10,67680,1666,0.0,8771,141,67539
8,67688,1667,1.0,8772,141,67547
8,67696,1668,1.0,8773,141,67555
9,67705,1668,0.0,8774,141,67564
10,67715,1668,0.0,8775,141,67574
8,67723,1668,0.0,8776,141,67582
8,67731,1668,0.0,8777,141,67590
6,67737,1668,0.0,8778,141,67596
19,67756,1669,1.0,8779,141,67615
8,67764,1670,1.0,8780,141,67623
2,67766,1670,0.0,8781,141,67625
13,67779,1670,0.0,8782,141,67638
8,67787,1670,0.0,8783,141,67646
9,67796,1670,0.0,8784,141,67655
18,67814,1670,0.0,8785,141,67673
8,67822,1671,1.0,8786,141,67681
8,67830,1672,1.0,8787,141,67689
4,67834,1672,0.0,8788,141,67693
4,67838,1672,0.0,8789,141,67697
8,67846,1673,1.0,8790,141,67705
8,67854,1673,0.0,8791,141,67713
2,67856,1673,0.0,8792,141,67715
6,67862,1673,0.0,8793,141,67721
4,67866,1673,0.0,8794,141,67725
7,67873,1673,0.0,8795,141,67732
23,67896,1673,0.0,8796,141,67755
3,67899,1673,0.0,8797,141,67758
10,67909,1673,0.0,8798,141,67768
19,67928,1674,1.0,8799,141,67787
8,67936,1675,1.0,8800,141,67795
5,67941,1675,0.0,8801,141,67800
7,67948,1675,0.0,8802,141,67807
8,67956,1676,1.0,8803,141,67815
8,67964,1677,1.0,8804,141,67823
7,67971,1677,0.0,8805,141,67830
9,67980,1677,0.0,8806,141,67839
6,67986,1677,0.0,8807,141,67845
8,67994,1678,1.0,8808,141,67853
10,68004,1678,0.0,8809,141,67863
8,68012,1679,1.0,8810,141,67871
5,68017,1679,0.0,8811,141,67876
6,68023,1679,0.0,8812,141,67882
2,68025,1679,0.0,8813,141,67884
8,68033,1679,0.0,8814,141,67892
2,68035,1679,0.0,8815,141,67894
2,68037,1679,0.0,8816,141,67896
8,68045,1680,1.0,8817,141,67904
2,68047,1680,0.0,8818,141,67906
7,68054,1680,0.0,8819,141,67913
5,68059,1680,0.0,8820,141,67918
5,68064,1680,0.0,8821,141,67923
8,68072,1680,0.0,8822,141,67931
5,68077,1680,0.0,8823,141,67936
11,68088,1680,0.0,8824,141,67947
2,68090,1680,0.0,8825,141,67949
2,68092,1680,0.0,8826,141,67951
10,68102,1680,0.0,8827,141,67961
9,68111,1680,0.0,8828,141,67970
3,68114,1680,0.0,8829,141,67973
8,68122,1681,1.0,8830,141,67981
8,68130,1682,1.0,8831,141,67989
8,68138,1682,0.0,8832,141,67997
14,68152,1682,0.0,8833,141,68011
11,68163,1682,0.0,8834,141,68022
8,68171,1682,0.0,8835,141,68030
10,68181,1682,0.0,8836,141,68040
8,68189,1683,1.0,8837,141,68048
2,68191,1683,0.0,8838,141,68050
8,68199,1684,1.0,8839,141,68058
8,68207,1685,1.0,8840,141,68066
8,68215,1686,1.0,8841,141,68074
8,68223,1687,1.0,8842,141,68082
13,68236,1687,0.0,8843,141,68095
5,68241,1687,0.0,8844,141,68100
10,68251,1687,0.0,8845,141,68110
10,68261,1687,0.0,8846,141,68120
17,68278,1688,1.0,8847,141,68137
18,68296,1688,0.0,8848,141,68155
13,68309,1688,0.0,8849,141,68168
8,68317,1689,1.0,8850,141,68176
8,68325,1690,1.0,8851,141,68184
16,68341,1690,0.0,8852,141,68200
3,68344,1690,0.0,8853,141,68203
8,68352,1690,0.0,8854,141,68211
9,68361,1690,0.0,8855,141,68220
8,68369,1691,1.0,8856,141,68228
4,68373,1691,0.0,8857,141,68232
2,68375,1691,0.0,8858,141,68234
10,68385,1691,0.0,8859,141,68244
12,68397,1691,0.0,8860,141,68256
5,68402,1691,0.0,8861,141,68261
2,68404,1691,0.0,8862,141,68263
10,68414,1691,0.0,8863,141,68273
5,68419,1691,0.0,8864,141,68278
11,68430,1691,0.0,8865,141,68289
8,68438,1691,0.0,8866,141,68297
8,68446,1692,1.0,8867,141,68305
13,68459,1692,0.0,8868,141,68318
8,68467,1693,1.0,8869,141,68326
17,68484,1694,1.0,8870,141,68343
31,68515,1694,0.0,8871,141,68374
6,68521,1694,0.0,8872,141,68380
5,68526,1694,0.0,8873,141,68385
8,68534,1695,1.0,8874,141,68393
2,68536,1695,0.0,8875,141,68395
8,68544,1696,1.0,8876,141,68403
2,68546,1696,0.0,8877,141,68405
5,68551,1696,0.0,8878,141,68410
7,68558,1696,0.0,8879,141,68417
13,68571,1696,0.0,8880,141,68430
3,68574,1696,0.0,8881,141,68433
12,68586,1696,0.0,8882,141,68445
8,68594,1697,1.0,8883,141,68453
8,68602,1698,1.0,8884,141,68461
8,68610,1699,1.0,8885,141,68469
9,68619,1699,0.0,8886,141,68478
5,68624,1699,0.0,8887,141,68483
5,68629,1699,0.0,8888,141,68488
8,68637,1699,0.0,8889,141,68496
8,68645,1700,1.0,8890,141,68504
6,68651,1700,0.0,8891,141,68510
8,68659,1701,1.0,8892,141,68518
3,68662,1701,0.0,8893,141,68521
13,68675,1701,0.0,8894,141,68534
2,68677,1701,0.0,8895,141,68536
9,68686,1701,0.0,8896,141,68545
4,68690,1701,0.0,8897,141,68549
8,68698,1702,1.0,8898,141,68557
5,68703,1702,0.0,8899,141,68562
8,68711,1703,1.0,8900,141,68570
8,68719,1704,1.0,8901,141,68578
11,68730,1704,0.0,8902,141,68589
6,68736,1704,0.0,8903,141,68595
13,68749,1704,0.0,8904,141,68608
4,68753,1704,0.0,8905,141,68612
8,68761,1705,1.0,8906,141,68620
5,68766,1705,0.0,8907,141,68625
30,68796,1705,0.0,8908,141,68655
8,68804,1706,1.0,8909,141,68663
8,68812,1707,1.0,8910,141,68671
2,68814,1707,0.0,8911,141,68673
2,68816,1707,0.0,8912,141,68675
6,68822,1707,0.0,8913,141,68681
7,68829,1707,0.0,8914,141,68688
18,68847,1707,0.0,8915,141,68706
4,68851,1707,0.0,8916,141,68710
8,68859,1707,0.0,8917,141,68718
4,68863,1707,0.0,8918,141,68722
8,68871,1707,0.0,8919,141,68730
13,68884,1707,0.0,8920,141,68743
5,68889,1707,0.0,8921,141,68748
5,68894,1707,0.0,8922,141,68753
17,68911,1708,1.0,8923,141,68770
4,68915,1708,0.0,8924,141,68774
5,68920,1708,0.0,8925,141,68779
10,68930,1708,0.0,8926,141,68789
4,68934,1708,0.0,8927,141,68793
7,68941,1708,0.0,8928,141,68800
7,68948,1708,0.0,8929,141,68807
4,68952,1708,0.0,8930,141,68811
4,68956,1708,0.0,8931,141,68815
8,68964,1709,1.0,8932,141,68823
5,68969,1709,0.0,8933,141,68828
4,68973,1709,0.0,8934,141,68832
13,68986,1709,0.0,8935,141,68845
8,68994,1710,1.0,8936,141,68853
4,68998,1710,0.0,8937,141,68857
5,69003,1710,0.0,8938,141,68862
9,69012,1710,0.0,8939,141,68871
8,69020,1711,1.0,8940,141,68879
8,69028,1712,1.0,8941,141,68887
9,69037,1712,0.0,8942,141,68896
11,69048,1712,0.0,8943,141,68907
2,69050,1712,0.0,8944,141,68909
7,69057,1712,0.0,8945,141,68916
6,69063,1712,0.0,8946,141,68922
3,69066,1712,0.0,8947,141,68925
8,69074,1713,1.0,8948,141,68933
8,69082,1714,1.0,8949,141,68941
8,69090,1715,1.0,8950,141,68949
2,69092,1715,0.0,8951,141,68951
3,69095,1715,0.0,8952,141,68954
8,69103,1716,1.0,8953,141,68962
6,69109,1716,0.0,8954,141,68968
9,69118,1716,0.0,8955,141,68977
5,69123,1716,0.0,8956,141,68982
4,69127,1716,0.0,8957,141,68986
5,69132,1716,0.0,8958,141,68991
6,69138,1716,0.0,8959,141,68997
11,69149,1716,0.0,8960,141,69008
19,69168,1716,0.0,8961,141,69027
8,69176,1716,0.0,8962,141,69035
8,69184,1717,1.0,8963,141,69043
5,69189,1717,0.0,8964,141,69048
2,69191,1717,0.0,8965,141,69050
5,69196,1717,0.0,8966,141,69055
5,69201,1717,0.0,8967,141,69060
8,69209,1717,0.0,8968,141,69068
14,69223,1717,0.0,8969,141,69082
4,69227,1717,0.0,8970,141,69086
8,69235,1717,0.0,8971,141,69094
13,69248,1717,0.0,8972,141,69107
16,69264,1717,0.0,8973,141,69123
8,69272,1718,1.0,8974,141,69131
8,69280,1718,0.0,8975,141,69139
2,69282,1718,0.0,8976,141,69141
8,69290,1718,0.0,8977,141,69149
8,69298,1719,1.0,8978,141,69157
8,69306,1720,1.0,8979,141,69165
8,69314,1721,1.0,8980,141,69173
12,69326,1721,0.0,8981,141,69185
7,69333,1721,0.0,8982,141,69192
16,69349,1721,0.0,8983,141,69208
8,69357,1722,1.0,8984,141,69216
9,69366,1722,0.0,8985,141,69225
4,69370,1722,0.0,8986,141,69229
3,69373,1722,0.0,8987,141,69232
19,69392,1723,1.0,8988,141,69251
8,69400,1723,0.0,8989,141,69259
5,69405,1723,0.0,8990,141,69264
2,69407,1723,0.0,8991,141,69266
4,69411,1723,0.0,8992,141,69270
2,69413,1723,0.0,8993,141,69272
8,69421,1724,1.0,8994,141,69280
8,69429,1725,1.0,8995,141,69288
8,69437,1726,1.0,8996,141,69296
6,69443,1726,0.0,8997,141,69302
8,69451,1727,1.0,8998,141,69310
10,69461,1727,0.0,8999,141,69320
4,69465,1727,0.0,9000,141,69324
17,69482,1728,1.0,9001,141,69341
5,69487,1728,0.0,9002,141,69346
13,69500,1728,0.0,9003,141,69359
19,69519,1729,1.0,9004,141,69378
7,69526,1729,0.0,9005,141,69385
2,69528,1729,0.0,9006,141,69387
12,69540,1729,0.0,9007,141,69399
9,69549,1729,0.0,9008,141,69408
6,69555,1729,0.0,9009,141,69414
8,69563,1730,1.0,9010,141,69422
8,69571,1731,1.0,9011,141,69430
5,69576,1731,0.0,9012,141,69435
2,69578,1731,0.0,9013,141,69437
5,69583,1731,0.0,9014,141,69442
8,69591,1732,1.0,9015,141,69450
8,69599,1733,1.0,9016,141,69458
2,69601,1733,0.0,9017,141,69460
12,69613,1733,0.0,9018,141,69472
8,69621,1734,1.0,9019,141,69480
11,69632,1734,0.0,9020,141,69491
7,69639,1734,0.0,9021,141,69498
21,69660,1734,0.0,9022,141,69519
11,69671,1734,0.0,9023,141,69530
8,69679,1735,1.0,9024,141,69538
9,69688,1735,0.0,9025,141,69547
6,69694,1735,0.0,9026,141,69553
16,69710,1735,0.0,9027,141,69569
14,69724,1735,0.0,9028,141,69583
2,69726,1735,0.0,9029,141,69585
8,69734,1735,0.0,9030,141,69593
5,69739,1735,0.0,9031,141,69598
9,69748,1735,0.0,9032,141,69607
8,69756,1736,1.0,9033,141,69615
8,69764,1737,1.0,9034,141,69623
2,69766,1737,0.0,9035,141,69625
2,69768,1737,0.0,9036,141,69627
13,69781,1737,0.0,9037,141,69640
6,69787,1737,0.0,9038,141,69646
8,69795,1737,0.0,9039,141,69654
2,69797,1737,0.0,9040,141,69656
18,69815,1737,0.0,9041,141,69674
2,69817,1737,0.0,9042,141,69676
8,69825,1738,1.0,9043,141,69684
8,69833,1739,1.0,9044,141,69692
5,69838,1739,0.0,9045,141,69697
17,69855,1740,1.0,9046,141,69714
8,69863,1740,0.0,9047,141,69722
8,69871,1740,0.0,9048,141,69730
14,69885,1740,0.0,9049,141,69744
17,69902,1740,0.0,9050,141,69761
13,69915,1740,0.0,9051,141,69774
4,69919,1740,0.0,9052,141,69778
6,69925,1740,0.0,9053,141,69784
2,69927,1740,0.0,9054,141,69786
6,69933,1740,0.0,9055,141,69792
3,69936,1740,0.0,9056,141,69795
2,69938,1740,0.0,9057,141,69797
18,69956,1740,0.0,9058,141,69815
8,69964,1741,1.0,9059,141,69823
8,69972,1742,1.0,9060,141,69831
2,69974,1742,0.0,9061,141,69833
10,69984,1742,0.0,9062,141,69843
4,69988,1742,0.0,9063,141,69847
8,69996,1743,1.0,9064,141,69855
9,70005,1743,0.0,9065,141,69864
3,70008,1743,0.0,9066,141,69867
4,70012,1743,0.0,9067,141,69871
5,70017,1743,0.0,9068,141,69876
5,70022,1743,0.0,9069,141,69881
21,70043,1743,0.0,9070,141,69902
6,70049,1743,0.0,9071,141,69908
8,70057,1744,1.0,9072,141,69916
9,70066,1744,0.0,9073,141,69925
10,70076,1744,0.0,9074,141,69935
8,70084,1745,1.0,9075,141,69943
6,70090,1745,0.0,9076,141,69949
8,70098,1745,0.0,9077,141,69957
4,70102,1745,0.0,9078,141,69961
8,70110,1746,1.0,9079,141,69969
8,70118,1746,0.0,9080,141,69977
8,70126,1746,0.0,9081,141,69985
10,70136,1746,0.0,9082,141,69995
8,70144,1747,1.0,9083,141,70003
8,70152,1748,1.0,9084,141,70011
8,70160,1749,1.0,9085,141,70019
10,70170,1749,0.0,9086,141,70029
5,70175,1749,0.0,9087,141,70034
2,70177,1749,0.0,9088,141,70036
2,70179,1749,0.0,9089,141,70038
8,70187,1749,0.0,9090,141,70046
8,70195,1749,0.0,9091,141,70054
5,70200,1749,0.0,9092,141,70059
4,70204,1749,0.0,9093,141,70063
8,70212,1749,0.0,9094,141,70071
8,70220,1750,1.0,9095,141,70079
8,70228,1751,1.0,9096,141,70087
2,70230,1751,0.0,9097,141,70089
2,70232,1751,0.0,9098,141,70091
8,70240,1752,1.0,9099,141,70099
3,70243,1752,0.0,9100,141,70102
5,70248,1752,0.0,9101,141,70107
8,70256,1753,1.0,9102,141,70115
13,70269,1753,0.0,9103,141,70128
8,70277,1753,0.0,9104,141,70136
5,70282,1753,0.0,9105,141,70141
10,70292,1753,0.0,9106,141,70151
14,70306,1753,0.0,9107,141,70165
2,70308,1753,0.0,9108,141,70167
6,70314,1753,0.0,9109,141,70173
8,70322,1753,0.0,9110,141,70181
18,70340,1753,0.0,9111,141,70199
8,70348,1754,1.0,9112,141,70207
2,70350,1754,0.0,9113,141,70209
2,70352,1754,0.0,9114,141,70211
8,70360,1754,0.0,9115,141,70219
8,70368,1754,0.0,9116,141,70227
4,70372,1754,0.0,9117,141,70231
5,70377,1754,0.0,9118,141,70236
8,70385,1754,0.0,9119,141,70244
15,70400,1754,0.0,9120,141,70259
5,70405,1754,0.0,9121,141,70264
5,70410,1754,0.0,9122,141,70269
5,70415,1754,0.0,9123,141,70274
8,70423,1755,1.0,9124,141,70282
8,70431,1756,1.0,9125,141,70290
19,70450,1757,1.0,9126,141,70309
6,70456,1757,0.0,9127,141,70315
4,70460,1757,0.0,9128,141,70319
3,70463,1757,0.0,9129,141,70322
10,70473,1757,0.0,9130,141,70332
13,70486,1757,0.0,9131,141,70345
8,70494,1757,0.0,9132,141,70353
2,70496,1757,0.0,9133,141,70355
8,70504,1758,1.0,9134,141,70363
9,70513,1758,0.0,9135,141,70372
13,70526,1758,0.0,9136,141,70385
7,70533,1758,0.0,9137,141,70392
5,70538,1758,0.0,9138,141,70397
6,70544,1758,0.0,9139,141,70403
2,70546,1758,0.0,9140,141,70405
8,70554,1759,1.0,9141,141,70413
8,70562,1760,1.0,9142,141,70421
9,70571,1760,0.0,9143,141,70430
10,70581,1760,0.0,9144,141,70440
4,70585,1760,0.0,9145,141,70444
5,70590,1760,0.0,9146,141,70449
8,70598,1761,1.0,9147,141,70457
8,70606,1762,1.0,9148,141,70465
5,70611,1762,0.0,9149,141,70470
9,70620,1762,0.0,9150,141,70479
9,70629,1762,0.0,9151,141,70488
20,70649,1762,0.0,9152,141,70508
2,70651,1762,0.0,9153,141,70510
8,70659,1762,0.0,9154,141,70518
6,70665,1762,0.0,9155,141,70524
4,70669,1762,0.0,9156,141,70528
13,70682,1762,0.0,9157,141,70541
8,70690,1762,0.0,9158,141,70549
5,70695,1762,0.0,9159,141,70554
2,70697,1762,0.0,9160,141,70556
17,70714,1763,1.0,9161,141,70573
8,70722,1764,1.0,9162,141,70581
2,70724,1764,0.0,9163,141,70583
5,70729,1764,0.0,9164,141,70588
11,70740,1764,0.0,9165,141,70599
8,70748,1765,1.0,9166,141,70607
8,70756,1766,1.0,9167,141,70615
12,70768,1766,0.0,9168,141,70627
12,70780,1766,0.0,9169,141,70639
4,70784,1766,0.0,9170,141,70643
2,70786,1766,0.0,9171,141,70645
3,70789,1766,0.0,9172,141,70648
13,70802,1766,0.0,9173,141,70661
7,70809,1766,0.0,9174,141,70668
2,70811,1766,0.0,9175,141,70670
16,70827,1766,0.0,9176,141,70686
2,70829,1766,0.0,9177,141,70688
4,70833,1766,0.0,9178,141,70692
6,70839,1766,0.0,9179,141,70698
10,70849,1766,0.0,9180,141,70708
5,70854,1766,0.0,9181,141,70713
8,70862,1766,0.0,9182,141,70721
7,70869,1766,0.0,9183,141,70728
5,70874,1766,0.0,9184,141,70733
8,70882,1767,1.0,9185,141,70741
2,70884,1767,0.0,9186,141,70743
10,70894,1767,0.0,9187,141,70753
9,70903,1767,0.0,9188,141,70762
23,70926,1767,0.0,9189,141,70785
6,70932,1767,0.0,9190,141,70791
4,70936,1767,0.0,9191,141,70795
9,70945,1767,0.0,9192,141,70804
8,70953,1768,1.0,9193,141,70812
7,70960,1768,0.0,9194,141,70819
4,70964,1768,0.0,9195,141,70823
8,70972,1768,0.0,9196,141,70831
3,70975,1768,0.0,9197,141,70834
8,70983,1769,1.0,9198,141,70842
8,70991,1770,1.0,9199,141,70850
6,70997,1770,0.0,9200,141,70856
3,71000,1770,0.0,9201,141,70859
4,71004,1770,0.0,9202,141,70863
8,71012,1771,1.0,9203,141,70871
8,71020,1771,0.0,9204,141,70879
12,71032,1771,0.0,9205,141,70891
9,71041,1771,0.0,9206,141,70900
8,71049,1772,1.0,9207,141,70908
2,71051,1772,0.0,9208,141,70910
8,71059,1773,1.0,9209,141,70918
4,71063,1773,0.0,9210,141,70922
5,71068,1773,0.0,9211,141,70927
5,71073,1773,0.0,9212,141,70932
8,71081,1773,0.0,9213,141,70940
8,71089,1773,0.0,9214,141,70948
8,71097,1774,1.0,9215,141,70956
2,71099,1774,0.0,9216,141,70958
8,71107,1775,1.0,9217,141,70966
2,71109,1775,0.0,9218,141,70968
8,71117,1776,1.0,9219,141,70976
8,71125,1776,0.0,9220,141,70984
20,71145,1776,0.0,9221,141,71004
8,71153,1777,1.0,9222,141,71012
8,71161,1778,1.0,9223,141,71020
8,71169,1779,1.0,9224,141,71028
8,71177,1779,0.0,9225,141,71036
8,71185,1780,1.0,9226,141,71044
5,71190,1780,0.0,9227,141,71049
10,71200,1780,0.0,9228,141,71059
17,71217,1780,0.0,9229,141,71076
7,71224,1780,0.0,9230,141,71083
5,71229,1780,0.0,9231,141,71088
8,71237,1780,0.0,9232,141,71096
13,71250,1780,0.0,9233,141,71109
7,71257,1780,0.0,9234,141,71116
13,71270,1780,0.0,9235,141,71129
7,71277,1780,0.0,9236,141,71136
15,71292,1780,0.0,9237,141,71151
22,71314,1780,0.0,9238,141,71173
2,71316,1780,0.0,9239,141,71175
8,71324,1781,1.0,9240,141,71183
10,71334,1781,0.0,9241,141,71193
8,71342,1781,0.0,9242,141,71201
8,71350,1782,1.0,9243,141,71209
24,71374,1782,0.0,9244,141,71233
4,71378,1782,0.0,9245,141,71237
10,71388,1782,0.0,9246,141,71247
9,71397,1782,0.0,9247,141,71256
7,71404,1782,0.0,9248,141,71263
4,71408,1782,0.0,9249,141,71267
4,71412,1782,0.0,9250,141,71271
8,71420,1783,1.0,9251,141,71279
4,71424,1783,0.0,9252,141,71283
8,71432,1784,1.0,9253,141,71291
4,71436,1784,0.0,9254,141,71295
2,71438,1784,0.0,9255,141,71297
8,71446,1785,1.0,9256,141,71305
2,71448,1785,0.0,9257,141,71307
8,71456,1786,1.0,9258,141,71315
4,71460,1786,0.0,9259,141,71319
4,71464,1786,0.0,9260,141,71323
8,71472,1787,1.0,9261,141,71331
5,71477,1787,0.0,9262,141,71336
37,71514,1787,0.0,9263,141,71373
8,71522,1788,1.0,9264,141,71381
8,71530,1788,0.0,9265,141,71389
2,71532,1788,0.0,9266,141,71391
8,71540,1788,0.0,9267,141,71399
8,71548,1789,1.0,9268,141,71407
13,71561,1789,0.0,9269,141,71420
9,71570,1789,0.0,9270,141,71429
3,71573,1789,0.0,9271,141,71432
8,71581,1789,0.0,9272,141,71440
19,71600,1790,1.0,9273,141,71459
7,71607,1790,0.0,9274,141,71466
8,71615,1791,1.0,9275,141,71474
8,71623,1792,1.0,9276,141,71482
8,71631,1793,1.0,9277,141,71490
10,71641,1793,0.0,9278,141,71500
8,71649,1793,0.0,9279,141,71508
8,71657,1794,1.0,9280,141,71516
8,71665,1794,0.0,9281,141,71524
14,71679,1794,0.0,9282,141,71538
4,71683,1794,0.0,9283,141,71542
8,71691,1794,0.0,9284,141,71550
7,71698,1794,0.0,9285,141,71557
8,71706,1795,1.0,9286,141,71565
7,71713,1795,0.0,9287,141,71572
7,71720,1795,0.0,9288,141,71579
10,71730,1795,0.0,9289,141,71589
8,71738,1796,1.0,9290,141,71597
3,71741,1796,0.0,9291,141,71600
8,71749,1797,1.0,9292,141,71608
7,71756,1797,0.0,9293,141,71615
2,71758,1797,0.0,9294,141,71617
8,71766,1798,1.0,9295,141,71625
2,71768,1798,0.0,9296,141,71627
8,71776,1799,1.0,9297,141,71635
8,71784,1800,1.0,9298,141,71643
17,71801,1801,1.0,9299,141,71660
11,71812,1801,0.0,9300,141,71671
6,71818,1801,0.0,9301,141,71677
7,71825,1801,0.0,9302,141,71684
6,71831,1801,0.0,9303,141,71690
8,71839,1802,1.0,9304,141,71698
2,71841,1802,0.0,9305,141,71700
5,71846,1802,0.0,9306,141,71705
6,71852,1802,0.0,9307,141,71711
8,71860,1803,1.0,9308,141,71719
8,71868,1804,1.0,9309,141,71727
8,71876,1804,0.0,9310,141,71735
8,71884,1804,0.0,9311,141,71743
8,71892,1805,1.0,9312,141,71751
8,71900,1806,1.0,9313,141,71759
8,71908,1807,1.0,9314,141,71767
3,71911,1807,0.0,9315,141,71770
6,71917,1807,0.0,9316,141,71776
8,71925,1808,1.0,9317,141,71784
4,71929,1808,0.0,9318,141,71788
2,71931,1808,0.0,9319,141,71790
11,71942,1808,0.0,9320,141,71801
11,71953,1808,0.0,9321,141,71812
8,71961,1809,1.0,9322,141,71820
17,71978,1809,0.0,9323,141,71837
14,71992,1809,0.0,9324,141,71851
14,72006,1809,0.0,9325,141,71865
8,72014,1810,1.0,9326,141,71873
8,72022,1810,0.0,9327,141,71881
13,72035,1810,0.0,9328,141,71894
19,72054,1811,1.0,9329,141,71913
6,72060,1811,0.0,9330,141,71919
8,72068,1812,1.0,9331,141,71927
8,72076,1812,0.0,9332,141,71935
2,72078,1812,0.0,9333,141,71937
8,72086,1813,1.0,9334,141,71945
8,72094,1814,1.0,9335,141,71953
2,72096,1814,0.0,9336,141,71955
8,72104,1815,1.0,9337,141,71963
8,72112,1816,1.0,9338,141,71971
18,72130,1816,0.0,9339,141,71989
7,72137,1816,0.0,9340,141,71996
8,72145,1817,1.0,9341,141,72004
8,72153,1818,1.0,9342,141,72012
8,72161,1819,1.0,9343,141,72020
4,72165,1819,0.0,9344,141,72024
2,72167,1819,0.0,9345,141,72026
2,72169,1819,0.0,9346,141,72028
4,72173,1819,0.0,9347,141,72032
2,72175,1819,0.0,9348,141,72034
8,72183,1819,0.0,9349,141,72042
2,72185,1819,0.0,9350,141,72044
2,72187,1819,0.0,9351,141,72046
5,72192,1819,0.0,9352,141,72051
2,72194,1819,0.0,9353,141,72053
9,72203,1819,0.0,9354,141,72062
6,72209,1819,0.0,9355,141,72068
2,72211,1819,0.0,9356,141,72070
2,72213,1819,0.0,9357,141,72072
8,72221,1820,1.0,9358,141,72080
2,72223,1820,0.0,9359,141,72082
8,72231,1821,1.0,9360,141,72090
8,72239,1822,1.0,9361,141,72098
2,72241,1822,0.0,9362,141,72100
2,72243,1822,0.0,9363,141,72102
13,72256,1822,0.0,9364,141,72115
13,72269,1822,0.0,9365,141,72128
7,72276,1822,0.0,9366,141,72135
4,72280,1822,0.0,9367,141,72139
8,72288,1823,1.0,9368,141,72147
8,72296,1824,1.0,9369,141,72155
7,72303,1824,0.0,9370,141,72162
8,72311,1824,0.0,9371,141,72170
2,72313,1824,0.0,9372,141,72172
25,72338,1824,0.0,9373,141,72197
14,72352,1824,0.0,9374,141,72211
8,72360,1825,1.0,9375,141,72219
2,72362,1825,0.0,9376,141,72221
5,72367,1825,0.0,9377,141,72226
8,72375,1826,1.0,9378,141,72234
4,72379,1826,0.0,9379,141,72238
8,72387,1827,1.0,9380,141,72246
8,72395,1827,0.0,9381,141,72254
8,72403,1828,1.0,9382,141,72262
8,72411,1829,1.0,9383,141,72270
3,72414,1829,0.0,9384,141,72273
10,72424,1829,0.0,9385,141,72283
2,72426,1829,0.0,9386,141,72285
10,72436,1829,0.0,9387,141,72295
8,72444,1830,1.0,9388,141,72303
8,72452,1831,1.0,9389,141,72311
6,72458,1831,0.0,9390,141,72317
13,72471,1831,0.0,9391,141,72330
3,72474,1831,0.0,9392,141,72333
10,72484,1831,0.0,9393,141,72343
8,72492,1832,1.0,9394,141,72351
8,72500,1833,1.0,9395,141,72359
8,72508,1834,1.0,9396,141,72367
3,72511,1834,0.0,9397,141,72370
2,72513,1834,0.0,9398,141,72372
8,72521,1835,1.0,9399,141,72380
13,72534,1835,0.0,9400,141,72393
8,72542,1836,1.0,9401,141,72401
10,72552,1836,0.0,9402,141,72411
8,72560,1837,1.0,9403,141,72419
18,72578,1837,0.0,9404,141,72437
8,72586,1838,1.0,9405,141,72445
8,72594,1839,1.0,9406,141,72453
2,72596,1839,0.0,9407,141,72455
4,72600,1839,0.0,9408,141,72459
7,72607,1839,0.0,9409,141,72466
10,72617,1839,0.0,9410,141,72476
8,72625,1840,1.0,9411,141,72484
2,72627,1840,0.0,9412,141,72486
4,72631,1840,0.0,9413,141,72490
21,72652,1840,0.0,9414,141,72511
7,72659,1840,0.0,9415,141,72518
4,72663,1840,0.0,9416,141,72522
25,72688,1840,0.0,9417,141,72547
8,72696,1841,1.0,9418,141,72555
4,72700,1841,0.0,9419,141,72559
8,72708,1842,1.0,9420,141,72567
10,72718,1842,0.0,9421,141,72577
8,72726,1843,1.0,9422,141,72585
8,72734,1843,0.0,9423,141,72593
5,72739,1843,0.0,9424,141,72598
2,72741,1843,0.0,9425,141,72600
8,72749,1844,1.0,9426,141,72608
8,72757,1845,1.0,9427,141,72616
7,72764,1845,0.0,9428,141,72623
8,72772,1845,0.0,9429,141,72631
4,72776,1845,0.0,9430,141,72635
2,72778,1845,0.0,9431,141,72637
8,72786,1846,1.0,9432,141,72645
8,72794,1846,0.0,9433,141,72653
4,72798,1846,0.0,9434,141,72657
10,72808,1846,0.0,9435,141,72667
8,72816,1847,1.0,9436,141,72675
4,72820,1847,0.0,9437,141,72679
8,72828,1848,1.0,9438,141,72687
9,72837,1848,0.0,9439,141,72696
26,72863,1848,0.0,9440,141,72722
4,72867,1848,0.0,9441,141,72726
2,72869,1848,0.0,9442,141,72728
6,72875,1848,0.0,9443,141,72734
9,72884,1848,0.0,9444,141,72743
8,72892,1849,1.0,9445,141,72751
10,72902,1849,0.0,9446,141,72761
4,72906,1849,0.0,9447,141,72765
9,72915,1849,0.0,9448,141,72774
8,72923,1849,0.0,9449,141,72782
23,72946,1849,0.0,9450,141,72805
10,72956,1849,0.0,9451,141,72815
16,72972,1849,0.0,9452,141,72831
14,72986,1849,0.0,9453,141,72845
7,72993,1849,0.0,9454,141,72852
18,73011,1849,0.0,9455,141,72870
13,73024,1849,0.0,9456,141,72883
2,73026,1849,0.0,9457,141,72885
4,73030,1849,0.0,9458,141,72889
5,73035,1849,0.0,9459,141,72894
8,73043,1849,0.0,9460,141,72902
2,73045,1849,0.0,9461,141,72904
20,73065,1849,0.0,9462,141,72924
5,73070,1849,0.0,9463,141,72929
7,73077,1849,0.0,9464,141,72936
2,73079,1849,0.0,9465,141,72938
25,73104,1849,0.0,9466,141,72963
5,73109,1849,0.0,9467,141,72968
4,73113,1849,0.0,9468,141,72972
8,73121,1849,0.0,9469,141,72980
8,73129,1850,1.0,9470,141,72988
6,73135,1850,0.0,9471,141,72994
4,73139,1850,0.0,9472,141,72998
14,73153,1850,0.0,9473,141,73012
9,73162,1850,0.0,9474,141,73021
5,73167,1850,0.0,9475,141,73026
24,73191,1850,0.0,9476,141,73050
8,73199,1851,1.0,9477,141,73058
8,73207,1852,1.0,9478,141,73066
4,73211,1852,0.0,9479,141,73070
8,73219,1853,1.0,9480,141,73078
8,73227,1853,0.0,9481,141,73086
4,73231,1853,0.0,9482,141,73090
17,73248,1854,1.0,9483,141,73107
8,73256,1855,1.0,9484,141,73115
10,73266,1855,0.0,9485,141,73125
8,73274,1856,1.0,9486,141,73133
8,73282,1856,0.0,9487,141,73141
4,73286,1856,0.0,9488,141,73145
8,73294,1857,1.0,9489,141,73153
13,73307,1857,0.0,9490,141,73166
6,73313,1857,0.0,9491,141,73172
6,73319,1857,0.0,9492,141,73178
9,73328,1857,0.0,9493,141,73187
8,73336,1858,1.0,9494,141,73195
8,73344,1858,0.0,9495,141,73203
19,73363,1859,1.0,9496,141,73222
2,73365,1859,0.0,9497,141,73224
13,73378,1859,0.0,9498,141,73237
14,73392,1859,0.0,9499,141,73251
6,73398,1859,0.0,9500,141,73257
6,73404,1859,0.0,9501,141,73263
5,73409,1859,0.0,9502,141,73268
6,73415,1859,0.0,9503,141,73274
4,73419,1859,0.0,9504,141,73278
8,73427,1860,1.0,9505,141,73286
4,73431,1860,0.0,9506,141,73290
2,73433,1860,0.0,9507,141,73292
8,73441,1860,0.0,9508,141,73300
8,73449,1861,1.0,9509,141,73308
10,73459,1861,0.0,9510,141,73318
5,73464,1861,0.0,9511,141,73323
17,73481,1862,1.0,9512,141,73340
8,73489,1863,1.0,9513,141,73348
4,73493,1863,0.0,9514,141,73352
8,73501,1864,1.0,9515,141,73360
9,73510,1864,0.0,9516,141,73369
8,73518,1864,0.0,9517,141,73377
25,73543,1864,0.0,9518,141,73402
5,73548,1864,0.0,9519,141,73407
8,73556,1865,1.0,9520,141,73415
2,73558,1865,0.0,9521,141,73417
8,73566,1866,1.0,9522,141,73425
5,73571,1866,0.0,9523,141,73430
8,73579,1867,1.0,9524,141,73438
8,73587,1868,1.0,9525,141,73446
8,73595,1869,1.0,9526,141,73454
12,73607,1869,0.0,9527,141,73466
22,73629,1869,0.0,9528,141,73488
4,73633,1869,0.0,9529,141,73492
8,73641,1870,1.0,9530,141,73500
8,73649,1871,1.0,9531,141,73508
19,73668,1871,0.0,9532,141,73527
8,73676,1871,0.0,9533,141,73535
7,73683,1871,0.0,9534,141,73542
3,73686,1871,0.0,9535,141,73545
5,73691,1871,0.0,9536,141,73550
8,73699,1872,1.0,9537,141,73558
9,73708,1872,0.0,9538,141,73567
12,73720,1872,0.0,9539,141,73579
27,73747,1872,0.0,9540,141,73606
8,73755,1873,1.0,9541,141,73614
2,73757,1873,0.0,9542,141,73616
9,73766,1873,0.0,9543,141,73625
4,73770,1873,0.0,9544,141,73629
3,73773,1873,0.0,9545,141,73632
19,73792,1874,1.0,9546,141,73651
8,73800,1875,1.0,9547,141,73659
6,73806,1875,0.0,9548,141,73665
8,73814,1875,0.0,9549,141,73673
4,73818,1875,0.0,9550,141,73677
4,73822,1875,0.0,9551,141,73681
8,73830,1876,1.0,9552,141,73689
8,73838,1876,0.0,9553,141,73697
9,73847,1876,0.0,9554,141,73706
11,73858,1876,0.0,9555,141,73717
8,73866,1877,1.0,9556,141,73725
8,73874,1877,0.0,9557,141,73733
13,73887,1877,0.0,9558,141,73746
2,73889,1877,0.0,9559,141,73748
2,73891,1877,0.0,9560,141,73750
2,73893,1877,0.0,9561,141,73752
8,73901,1878,1.0,9562,141,73760
2,73903,1878,0.0,9563,141,73762
2,73905,1878,0.0,9564,141,73764
13,73918,1878,0.0,9565,141,73777
8,73926,1879,1.0,9566,141,73785
8,73934,1880,1.0,9567,141,73793
10,73944,1880,0.0,9568,141,73803
3,73947,1880,0.0,9569,141,73806
5,73952,1880,0.0,9570,141,73811
2,73954,1880,0.0,9571,141,73813
12,73966,1880,0.0,9572,141,73825
8,73974,1881,1.0,9573,141,73833
9,73983,1881,0.0,9574,141,73842
8,73991,1882,1.0,9575,141,73850
13,74004,1882,0.0,9576,141,73863
5,74009,1882,0.0,9577,141,73868
5,74014,1882,0.0,9578,141,73873
17,74031,1882,0.0,9579,141,73890
8,74039,1883,1.0,9580,141,73898
5,74044,1883,0.0,9581,141,73903
5,74049,1883,0.0,9582,141,73908
5,74054,1883,0.0,9583,141,73913
14,74068,1883,0.0,9584,141,73927
4,74072,1883,0.0,9585,141,73931
5,74077,1883,0.0,9586,141,73936
3,74080,1883,0.0,9587,141,73939
7,74087,1883,0.0,9588,141,73946
12,74099,1883,0.0,9589,141,73958
2,74101,1883,0.0,9590,141,73960
12,74113,1883,0.0,9591,141,73972
4,74117,1883,0.0,9592,141,73976
5,74122,1883,0.0,9593,141,73981
8,74130,1884,1.0,9594,141,73989
4,74134,1884,0.0,9595,141,73993
20,74154,1884,0.0,9596,141,74013
4,74158,1884,0.0,9597,141,74017
4,74162,1884,0.0,9598,141,74021
8,74170,1884,0.0,9599,141,74029
4,74174,1884,0.0,9600,141,74033
7,74181,1884,0.0,9601,141,74040
2,74183,1884,0.0,9602,141,74042
5,74188,1884,0.0,9603,141,74047
7,74195,1884,0.0,9604,141,74054
8,74203,1884,0.0,9605,141,74062
4,74207,1884,0.0,9606,141,74066
2,74209,1884,0.0,9607,141,74068
2,74211,1884,0.0,9608,141,74070
8,74219,1884,0.0,9609,141,74078
3,74222,1884,0.0,9610,141,74081
9,74231,1884,0.0,9611,141,74090
9,74240,1884,0.0,9612,141,74099
8,74248,1885,1.0,9613,141,74107
2,74250,1885,0.0,9614,141,74109
8,74258,1885,0.0,9615,141,74117
2,74260,1885,0.0,9616,141,74119
25,74285,1885,0.0,9617,141,74144
5,74290,1885,0.0,9618,141,74149
2,74292,1885,0.0,9619,141,74151
5,74297,1885,0.0,9620,141,74156
2,74299,1885,0.0,9621,141,74158
3,74302,1885,0.0,9622,141,74161
2,74304,1885,0.0,9623,141,74163
4,74308,1885,0.0,9624,141,74167
13,74321,1885,0.0,9625,141,74180
2,74323,1885,0.0,9626,141,74182
2,74325,1885,0.0,9627,141,74184
5,74330,1885,0.0,9628,141,74189
3,74333,1885,0.0,9629,141,74192
8,74341,1886,1.0,9630,141,74200
13,74354,1886,0.0,9631,141,74213
9,74363,1886,0.0,9632,141,74222
7,74370,1886,0.0,9633,141,74229
10,74380,1886,0.0,9634,141,74239
2,74382,1886,0.0,9635,141,74241
2,74384,1886,0.0,9636,141,74243
4,74388,1886,0.0,9637,141,74247
2,74390,1886,0.0,9638,141,74249
8,74398,1887,1.0,9639,141,74257
8,74406,1887,0.0,9640,141,74265
4,74410,1887,0.0,9641,141,74269
8,74418,1888,1.0,9642,141,74277
8,74426,1889,1.0,9643,141,74285
8,74434,1889,0.0,9644,141,74293
5,74439,1889,0.0,9645,141,74298
23,74462,1889,0.0,9646,141,74321
17,74479,1890,1.0,9647,141,74338
13,74492,1890,0.0,9648,141,74351
2,74494,1890,0.0,9649,141,74353
12,74506,1890,0.0,9650,141,74365
3,74509,1890,0.0,9651,141,74368
8,74517,1891,1.0,9652,141,74376
4,74521,1891,0.0,9653,141,74380
5,74526,1891,0.0,9654,141,74385
8,74534,1892,1.0,9655,141,74393
8,74542,1892,0.0,9656,141,74401
8,74550,1893,1.0,9657,141,74409
2,74552,1893,0.0,9658,141,74411
8,74560,1893,0.0,9659,141,74419
7,74567,1893,0.0,9660,141,74426
8,74575,1894,1.0,9661,141,74434
10,74585,1894,0.0,9662,141,74444
8,74593,1894,0.0,9663,141,74452
7,74600,1894,0.0,9664,141,74459
8,74608,1895,1.0,9665,141,74467
16,74624,1895,0.0,9666,141,74483
8,74632,1896,1.0,9667,141,74491
8,74640,1896,0.0,9668,141,74499
8,74648,1897,1.0,9669,141,74507
2,74650,1897,0.0,9670,141,74509
4,74654,1897,0.0,9671,141,74513
4,74658,1897,0.0,9672,141,74517
5,74663,1897,0.0,9673,141,74522
8,74671,1898,1.0,9674,141,74530
8,74679,1899,1.0,9675,141,74538
10,74689,1899,0.0,9676,141,74548
2,74691,1899,0.0,9677,141,74550
6,74697,1899,0.0,9678,141,74556
11,74708,1899,0.0,9679,141,74567
8,74716,1900,1.0,9680,141,74575
2,74718,1900,0.0,9681,141,74577
4,74722,1900,0.0,9682,141,74581
8,74730,1900,0.0,9683,141,74589
10,74740,1900,0.0,9684,141,74599
3,74743,1900,0.0,9685,141,74602
8,74751,1901,1.0,9686,141,74610
18,74769,1901,0.0,9687,141,74628
8,74777,1902,1.0,9688,141,74636
8,74785,1903,1.0,9689,141,74644
2,74787,1903,0.0,9690,141,74646
8,74795,1904,1.0,9691,141,74654
8,74803,1904,0.0,9692,141,74662
7,74810,1904,0.0,9693,141,74669
6,74816,1904,0.0,9694,141,74675
6,74822,1904,0.0,9695,141,74681
7,74829,1904,0.0,9696,141,74688
8,74837,1905,1.0,9697,141,74696
6,74843,1905,0.0,9698,141,74702
8,74851,1905,0.0,9699,141,74710
6,74857,1905,0.0,9700,141,74716
8,74865,1906,1.0,9701,141,74724
8,74873,1907,1.0,9702,141,74732
5,74878,1907,0.0,9703,141,74737
8,74886,1908,1.0,9704,141,74745
4,74890,1908,0.0,9705,141,74749
4,74894,1908,0.0,9706,141,74753
4,74898,1908,0.0,9707,141,74757
13,74911,1908,0.0,9708,141,74770
3,74914,1908,0.0,9709,141,74773
3,74917,1908,0.0,9710,141,74776
3,74920,1908,0.0,9711,141,74779
4,74924,1908,0.0,9712,141,74783
2,74926,1908,0.0,9713,141,74785
10,74936,1908,0.0,9714,141,74795
8,74944,1908,0.0,9715,141,74803
4,74948,1908,0.0,9716,141,74807
4,74952,1908,0.0,9717,141,74811
8,74960,1909,1.0,9718,141,74819
2,74962,1909,0.0,9719,141,74821
4,74966,1909,0.0,9720,141,74825
8,74974,1910,1.0,9721,141,74833
8,74982,1911,1.0,9722,141,74841
9,74991,1911,0.0,9723,141,74850
5,74996,1911,0.0,9724,141,74855
11,75007,1911,0.0,9725,141,74866
7,75014,1911,0.0,9726,141,74873
8,75022,1912,1.0,9727,141,74881
9,75031,1912,0.0,9728,141,74890
5,75036,1912,0.0,9729,141,74895
2,75038,1912,0.0,9730,141,74897
15,75053,1912,0.0,9731,141,74912
4,75057,1912,0.0,9732,141,74916
8,75065,1913,1.0,9733,141,74924
6,75071,1913,0.0,9734,141,74930
5,75076,1913,0.0,9735,141,74935
8,75084,1913,0.0,9736,141,74943
2,75086,1913,0.0,9737,141,74945
8,75094,1914,1.0,9738,141,74953
8,75102,1914,0.0,9739,141,74961
8,75110,1914,0.0,9740,141,74969
5,75115,1914,0.0,9741,141,74974
4,75119,1914,0.0,9742,141,74978
2,75121,1914,0.0,9743,141,74980
2,75123,1914,0.0,9744,141,74982
8,75131,1915,1.0,9745,141,74990
3,75134,1915,0.0,9746,141,74993
8,75142,1915,0.0,9747,141,75001
8,75150,1916,1.0,9748,141,75009
8,75158,1917,1.0,9749,141,75017
8,75166,1918,1.0,9750,141,75025
3,75169,1918,0.0,9751,141,75028
8,75177,1918,0.0,9752,141,75036
8,75185,1918,0.0,9753,141,75044
2,75187,1918,0.0,9754,141,75046
3,75190,1918,0.0,9755,141,75049
8,75198,1919,1.0,9756,141,75057
8,75206,1919,0.0,9757,141,75065
13,75219,1919,0.0,9758,141,75078
11,75230,1919,0.0,9759,141,75089
5,75235,1919,0.0,9760,141,75094
4,75239,1919,0.0,9761,141,75098
7,75246,1919,0.0,9762,141,75105
8,75254,1919,0.0,9763,141,75113
8,75262,1919,0.0,9764,141,75121
12,75274,1919,0.0,9765,141,75133
5,75279,1919,0.0,9766,141,75138
13,75292,1919,0.0,9767,141,75151
8,75300,1919,0.0,9768,141,75159
8,75308,1920,1.0,9769,141,75167
8,75316,1921,1.0,9770,141,75175
8,75324,1922,1.0,9771,141,75183
9,75333,1922,0.0,9772,141,75192
9,75342,1922,0.0,9773,141,75201
8,75350,1923,1.0,9774,141,75209
9,75359,1923,0.0,9775,141,75218
4,75363,1923,0.0,9776,141,75222
2,75365,1923,0.0,9777,141,75224
37,75402,1923,0.0,9778,141,75261
2,75404,1923,0.0,9779,141,75263
14,75418,1923,0.0,9780,141,75277
8,75426,1924,1.0,9781,141,75285
8,75434,1925,1.0,9782,141,75293
9,75443,1925,0.0,9783,141,75302
19,75462,1926,1.0,9784,141,75321
8,75470,1927,1.0,9785,141,75329
8,75478,1927,0.0,9786,141,75337
2,75480,1927,0.0,9787,141,75339
2,75482,1927,0.0,9788,141,75341
8,75490,1928,1.0,9789,141,75349
8,75498,1929,1.0,9790,141,75357
5,75503,1929,0.0,9791,141,75362
8,75511,1930,1.0,9792,141,75370
4,75515,1930,0.0,9793,141,75374
17,75532,1931,1.0,9794,141,75391
2,75534,1931,0.0,9795,141,75393
4,75538,1931,0.0,9796,141,75397
4,75542,1931,0.0,9797,141,75401
8,75550,1932,1.0,9798,141,75409
4,75554,1932,0.0,9799,141,75413
5,75559,1932,0.0,9800,141,75418
8,75567,1932,0.0,9801,141,75426
8,75575,1933,1.0,9802,141,75434
8,75583,1933,0.0,9803,141,75442
6,75589,1933,0.0,9804,141,75448
8,75597,1934,1.0,9805,141,75456
8,75605,1935,1.0,9806,141,75464
4,75609,1935,0.0,9807,141,75468
6,75615,1935,0.0,9808,141,75474
8,75623,1936,1.0,9809,141,75482
8,75631,1936,0.0,9810,141,75490
21,75652,1936,0.0,9811,141,75511
19,75671,1937,1.0,9812,141,75530
5,75676,1937,0.0,9813,141,75535
8,75684,1937,0.0,9814,141,75543
2,75686,1937,0.0,9815,141,75545
16,75702,1937,0.0,9816,141,75561
8,75710,1938,1.0,9817,141,75569
8,75718,1939,1.0,9818,141,75577
16,75734,1939,0.0,9819,141,75593
2,75736,1939,0.0,9820,141,75595
8,75744,1940,1.0,9821,141,75603
2,75746,1940,0.0,9822,141,75605
8,75754,1940,0.0,9823,141,75613
8,75762,1941,1.0,9824,141,75621
9,75771,1941,0.0,9825,141,75630
9,75780,1941,0.0,9826,141,75639
13,75793,1941,0.0,9827,141,75652
8,75801,1942,1.0,9828,141,75660
8,75809,1942,0.0,9829,141,75668
6,75815,1942,0.0,9830,141,75674
8,75823,1943,1.0,9831,141,75682
8,75831,1944,1.0,9832,141,75690
4,75835,1944,0.0,9833,141,75694
5,75840,1944,0.0,9834,141,75699
10,75850,1944,0.0,9835,141,75709
2,75852,1944,0.0,9836,141,75711
8,75860,1944,0.0,9837,141,75719
8,75868,1945,1.0,9838,141,75727
5,75873,1945,0.0,9839,141,75732
2,75875,1945,0.0,9840,141,75734
4,75879,1945,0.0,9841,141,75738
9,75888,1945,0.0,9842,141,75747
13,75901,1945,0.0,9843,141,75760
8,75909,1945,0.0,9844,141,75768
8,75917,1945,0.0,9845,141,75776
6,75923,1945,0.0,9846,141,75782
3,75926,1945,0.0,9847,141,75785
2,75928,1945,0.0,9848,141,75787
8,75936,1946,1.0,9849,141,75795
2,75938,1946,0.0,9850,141,75797
2,75940,1946,0.0,9851,141,75799
7,75947,1946,0.0,9852,141,75806
13,75960,1946,0.0,9853,141,75819
23,75983,1946,0.0,9854,141,75842
8,75991,1947,1.0,9855,141,75850
8,75999,1948,1.0,9856,141,75858
6,76005,1948,0.0,9857,141,75864
6,76011,1948,0.0,9858,141,75870
2,76013,1948,0.0,9859,141,75872
3,76016,1948,0.0,9860,141,75875
9,76025,1948,0.0,9861,141,75884
8,76033,1949,1.0,9862,141,75892
7,76040,1949,0.0,9863,141,75899
4,76044,1949,0.0,9864,141,75903
8,76052,1950,1.0,9865,141,75911
17,76069,1951,1.0,9866,141,75928
8,76077,1951,0.0,9867,141,75936
8,76085,1952,1.0,9868,141,75944
2,76087,1952,0.0,9869,141,75946
8,76095,1953,1.0,9870,141,75954
8,76103,1954,1.0,9871,141,75962
4,76107,1954,0.0,9872,141,75966
2,76109,1954,0.0,9873,141,75968
8,76117,1955,1.0,9874,141,75976
2,76119,1955,0.0,9875,141,75978
9,76128,1955,0.0,9876,141,75987
2,76130,1955,0.0,9877,141,75989
8,76138,1955,0.0,9878,141,75997
8,76146,1956,1.0,9879,141,76005
11,76157,1956,0.0,9880,141,76016
3,76160,1956,0.0,9881,141,76019
8,76168,1957,1.0,9882,141,76027
4,76172,1957,0.0,9883,141,76031
6,76178,1957,0.0,9884,141,76037
10,76188,1957,0.0,9885,141,76047
10,76198,1957,0.0,9886,141,76057
8,76206,1958,1.0,9887,141,76065
8,76214,1959,1.0,9888,141,76073
5,76219,1959,0.0,9889,141,76078
4,76223,1959,0.0,9890,141,76082
8,76231,1960,1.0,9891,141,76090
8,76239,1961,1.0,9892,141,76098
8,76247,1961,0.0,9893,141,76106
8,76255,1962,1.0,9894,141,76114
3,76258,1962,0.0,9895,141,76117
6,76264,1962,0.0,9896,141,76123
2,76266,1962,0.0,9897,141,76125
8,76274,1962,0.0,9898,141,76133
8,76282,1963,1.0,9899,141,76141
32,76314,1963,0.0,9900,141,76173
8,76322,1964,1.0,9901,141,76181
10,76332,1964,0.0,9902,141,76191
7,76339,1964,0.0,9903,141,76198
5,76344,1964,0.0,9904,141,76203
2,76346,1964,0.0,9905,141,76205
6,76352,1964,0.0,9906,141,76211
8,76360,1964,0.0,9907,141,76219
8,76368,1964,0.0,9908,141,76227
8,76376,1965,1.0,9909,141,76235
8,76384,1966,1.0,9910,141,76243
13,76397,1966,0.0,9911,141,76256
6,76403,1966,0.0,9912,141,76262
4,76407,1966,0.0,9913,141,76266
8,76415,1967,1.0,9914,141,76274
8,76423,1967,0.0,9915,141,76282
3,76426,1967,0.0,9916,141,76285
8,76434,1968,1.0,9917,141,76293
8,76442,1969,1.0,9918,141,76301
2,76444,1969,0.0,9919,141,76303
8,76452,1970,1.0,9920,141,76311
4,76456,1970,0.0,9921,141,76315
8,76464,1971,1.0,9922,141,76323
8,76472,1972,1.0,9923,141,76331
4,76476,1972,0.0,9924,141,76335
3,76479,1972,0.0,9925,141,76338
3,76482,1972,0.0,9926,141,76341
7,76489,1972,0.0,9927,141,76348
4,76493,1972,0.0,9928,141,76352
8,76501,1973,1.0,9929,141,76360
10,76511,1973,0.0,9930,141,76370
5,76516,1973,0.0,9931,141,76375
13,76529,1973,0.0,9932,141,76388
8,76537,1974,1.0,9933,141,76396
8,76545,1974,0.0,9934,141,76404
17,76562,1974,0.0,9935,141,76421
8,76570,1975,1.0,9936,141,76429
2,76572,1975,0.0,9937,141,76431
6,76578,1975,0.0,9938,141,76437
8,76586,1975,0.0,9939,141,76445
2,76588,1975,0.0,9940,141,76447
13,76601,1975,0.0,9941,141,76460
8,76609,1976,1.0,9942,141,76468
19,76628,1976,0.0,9943,141,76487
6,76634,1976,0.0,9944,141,76493
8,76642,1976,0.0,9945,141,76501
4,76646,1976,0.0,9946,141,76505
8,76654,1977,1.0,9947,141,76513
8,76662,1978,1.0,9948,141,76521
2,76664,1978,0.0,9949,141,76523
29,76693,1978,0.0,9950,141,76552
15,76708,1978,0.0,9951,141,76567
5,76713,1978,0.0,9952,141,76572
2,76715,1978,0.0,9953,141,76574
8,76723,1979,1.0,9954,141,76582
13,76736,1979,0.0,9955,141,76595
5,76741,1979,0.0,9956,141,76600
8,76749,1980,1.0,9957,141,76608
9,76758,1980,0.0,9958,141,76617
8,76766,1980,0.0,9959,141,76625
13,76779,1980,0.0,9960,141,76638
8,76787,1981,1.0,9961,141,76646
6,76793,1981,0.0,9962,141,76652
5,76798,1981,0.0,9963,141,76657
2,76800,1981,0.0,9964,141,76659
18,76818,1981,0.0,9965,141,76677
3,76821,1981,0.0,9966,141,76680
2,76823,1981,0.0,9967,141,76682
7,76830,1981,0.0,9968,141,76689
8,76838,1982,1.0,9969,141,76697
6,76844,1982,0.0,9970,141,76703
5,76849,1982,0.0,9971,141,76708
13,76862,1982,0.0,9972,141,76721
9,76871,1982,0.0,9973,141,76730
8,76879,1982,0.0,9974,141,76738
15,76894,1982,0.0,9975,141,76753
11,76905,1982,0.0,9976,141,76764
8,76913,1983,1.0,9977,141,76772
4,76917,1983,0.0,9978,141,76776
8,76925,1984,1.0,9979,141,76784
8,76933,1984,0.0,9980,141,76792
9,76942,1984,0.0,9981,141,76801
8,76950,1985,1.0,9982,141,76809
9,76959,1985,0.0,9983,141,76818
7,76966,1985,0.0,9984,141,76825
8,76974,1985,0.0,9985,141,76833
23,76997,1985,0.0,9986,141,76856
5,77002,1985,0.0,9987,141,76861
9,77011,1985,0.0,9988,141,76870
8,77019,1986,1.0,9989,141,76878
8,77027,1986,0.0,9990,141,76886
8,77035,1986,0.0,9991,141,76894
10,77045,1986,0.0,9992,141,76904
4,77049,1986,0.0,9993,141,76908
19,77068,1987,1.0,9994,141,76927
8,77076,1988,1.0,9995,141,76935
8,77084,1989,1.0,9996,141,76943
4,77088,1989,0.0,9997,141,76947
15,77103,1989,0.0,9998,141,76962
2,77105,1989,0.0,9999,141,76964
8,77113,1990,1.0,10000,141,76972
4,77117,1990,0.0,10001,141,76976
5,77122,1990,0.0,10002,141,76981
2,77124,1990,0.0,10003,141,76983
14,77138,1990,0.0,10004,141,76997
3,77141,1990,0.0,10005,141,77000
13,77154,1990,0.0,10006,141,77013
8,77162,1990,0.0,10007,141,77021
3,77165,1990,0.0,10008,141,77024
8,77173,1991,1.0,10009,141,77032
10,77183,1991,0.0,10010,141,77042
8,77191,1992,1.0,10011,141,77050
11,77202,1992,0.0,10012,141,77061
8,77210,1993,1.0,10013,141,77069
10,77220,1993,0.0,10014,141,77079
8,77228,1994,1.0,10015,141,77087
8,77236,1995,1.0,10016,141,77095
8,77244,1995,0.0,10017,141,77103
8,77252,1996,1.0,10018,141,77111
2,77254,1996,0.0,10019,141,77113
2,77256,1996,0.0,10020,141,77115
8,77264,1996,0.0,10021,141,77123
4,77268,1996,0.0,10022,141,77127
4,77272,1996,0.0,10023,141,77131
4,77276,1996,0.0,10024,141,77135
8,77284,1996,0.0,10025,141,77143
8,77292,1997,1.0,10026,141,77151
2,77294,1997,0.0,10027,141,77153
10,77304,1997,0.0,10028,141,77163
8,77312,1997,0.0,10029,141,77171
2,77314,1997,0.0,10030,141,77173
2,77316,1997,0.0,10031,141,77175
10,77326,1997,0.0,10032,141,77185
8,77334,1997,0.0,10033,141,77193
19,77353,1998,1.0,10034,141,77212
8,77361,1999,1.0,10035,141,77220
5,77366,1999,0.0,10036,141,77225
13,77379,1999,0.0,10037,141,77238
8,77387,2000,1.0,10038,141,77246
8,77395,2001,1.0,10039,141,77254
8,77403,2002,1.0,10040,141,77262
8,77411,2003,1.0,10041,141,77270
8,77419,2004,1.0,10042,141,77278
8,77427,2005,1.0,10043,141,77286
8,77435,2006,1.0,10044,141,77294
18,77453,2006,0.0,10045,141,77312
8,77461,2007,1.0,10046,141,77320
2,77463,2007,0.0,10047,141,77322
9,77472,2007,0.0,10048,141,77331
8,77480,2008,1.0,10049,141,77339
19,77499,2009,1.0,10050,141,77358
4,77503,2009,0.0,10051,141,77362
3,77506,2009,0.0,10052,141,77365
10,77516,2009,0.0,10053,141,77375
8,77524,2010,1.0,10054,141,77383
8,77532,2011,1.0,10055,141,77391
14,77546,2011,0.0,10056,141,77405
4,77550,2011,0.0,10057,141,77409
9,77559,2011,0.0,10058,141,77418
8,77567,2012,1.0,10059,141,77426
2,77569,2012,0.0,10060,141,77428
8,77577,2012,0.0,10061,141,77436
5,77582,2012,0.0,10062,141,77441
7,77589,2012,0.0,10063,141,77448
10,77599,2012,0.0,10064,141,77458
2,77601,2012,0.0,10065,141,77460
2,77603,2012,0.0,10066,141,77462
8,77611,2012,0.0,10067,141,77470
8,77619,2013,1.0,10068,141,77478
8,77627,2014,1.0,10069,141,77486
8,77635,2015,1.0,10070,141,77494
9,77644,2015,0.0,10071,141,77503
5,77649,2015,0.0,10072,141,77508
10,77659,2015,0.0,10073,141,77518
15,77674,2015,0.0,10074,141,77533
7,77681,2015,0.0,10075,141,77540
5,77686,2015,0.0,10076,141,77545
2,77688,2015,0.0,10077,141,77547
4,77692,2015,0.0,10078,141,77551
8,77700,2015,0.0,10079,141,77559
9,77709,2015,0.0,10080,141,77568
8,77717,2016,1.0,10081,141,77576
7,77724,2016,0.0,10082,141,77583
9,77733,2016,0.0,10083,141,77592
8,77741,2016,0.0,10084,141,77600
6,77747,2016,0.0,10085,141,77606
8,77755,2017,1.0,10086,141,77614
5,77760,2017,0.0,10087,141,77619
8,77768,2018,1.0,10088,141,77627
10,77778,2018,0.0,10089,141,77637
5,77783,2018,0.0,10090,141,77642
14,77797,2018,0.0,10091,141,77656
5,77802,2018,0.0,10092,141,77661
14,77816,2018,0.0,10093,141,77675
8,77824,2019,1.0,10094,141,77683
8,77832,2019,0.0,10095,141,77691
2,77834,2019,0.0,10096,141,77693
16,77850,2019,0.0,10097,141,77709
2,77852,2019,0.0,10098,141,77711
8,77860,2020,1.0,10099,141,77719
8,77868,2021,1.0,10100,141,77727
5,77873,2021,0.0,10101,141,77732
7,77880,2021,0.0,10102,141,77739
11,77891,2021,0.0,10103,141,77750
3,77894,2021,0.0,10104,141,77753
8,77902,2022,1.0,10105,141,77761
10,77912,2022,0.0,10106,141,77771
10,77922,2022,0.0,10107,141,77781
4,77926,2022,0.0,10108,141,77785
5,77931,2022,0.0,10109,141,77790
8,77939,2023,1.0,10110,141,77798
8,77947,2024,1.0,10111,141,77806
8,77955,2025,1.0,10112,141,77814
22,77977,2025,0.0,10113,141,77836
2,77979,2025,0.0,10114,141,77838
8,77987,2026,1.0,10115,141,77846
9,77996,2026,0.0,10116,141,77855
37,78033,2026,0.0,10117,141,77892
7,78040,2026,0.0,10118,141,77899
15,78055,2026,0.0,10119,141,77914
11,78066,2026,0.0,10120,141,77925
8,78074,2027,1.0,10121,141,77933
12,78086,2027,0.0,10122,141,77945
10,78096,2027,0.0,10123,141,77955
6,78102,2027,0.0,10124,141,77961
4,78106,2027,0.0,10125,141,77965
4,78110,2027,0.0,10126,141,77969
2,78112,2027,0.0,10127,141,77971
28,78140,2027,0.0,10128,141,77999
9,78149,2027,0.0,10129,141,78008
5,78154,2027,0.0,10130,141,78013
17,78171,2027,0.0,10131,141,78030
8,78179,2028,1.0,10132,141,78038
8,78187,2029,1.0,10133,141,78046
8,78195,2029,0.0,10134,141,78054
8,78203,2029,0.0,10135,141,78062
4,78207,2029,0.0,10136,141,78066
2,78209,2029,0.0,10137,141,78068
15,78224,2029,0.0,10138,141,78083
2,78226,2029,0.0,10139,141,78085
3,78229,2029,0.0,10140,141,78088
6,78235,2029,0.0,10141,141,78094
2,78237,2029,0.0,10142,141,78096
12,78249,2029,0.0,10143,141,78108
3,78252,2029,0.0,10144,141,78111
5,78257,2029,0.0,10145,141,78116
8,78265,2029,0.0,10146,141,78124
6,78271,2029,0.0,10147,141,78130
9,78280,2029,0.0,10148,141,78139
13,78293,2029,0.0,10149,141,78152
5,78298,2029,0.0,10150,141,78157
8,78306,2029,0.0,10151,141,78165
10,78316,2029,0.0,10152,141,78175
5,78321,2029,0.0,10153,141,78180
29,78350,2029,0.0,10154,141,78209
4,78354,2029,0.0,10155,141,78213
8,78362,2029,0.0,10156,141,78221
8,78370,2029,0.0,10157,141,78229
2,78372,2029,0.0,10158,141,78231
2,78374,2029,0.0,10159,141,78233
19,78393,2030,1.0,10160,141,78252
2,78395,2030,0.0,10161,141,78254
19,78414,2031,1.0,10162,141,78273
18,78432,2031,0.0,10163,141,78291
7,78439,2031,0.0,10164,141,78298
8,78447,2032,1.0,10165,141,78306
4,78451,2032,0.0,10166,141,78310
8,78459,2033,1.0,10167,141,78318
5,78464,2033,0.0,10168,141,78323
8,78472,2034,1.0,10169,141,78331
13,78485,2034,0.0,10170,141,78344
8,78493,2035,1.0,10171,141,78352
8,78501,2036,1.0,10172,141,78360
4,78505,2036,0.0,10173,141,78364
2,78507,2036,0.0,10174,141,78366
2,78509,2036,0.0,10175,141,78368
5,78514,2036,0.0,10176,141,78373
8,78522,2037,1.0,10177,141,78381
2,78524,2037,0.0,10178,141,78383
8,78532,2037,0.0,10179,141,78391
10,78542,2037,0.0,10180,141,78401
4,78546,2037,0.0,10181,141,78405
3,78549,2037,0.0,10182,141,78408
8,78557,2037,0.0,10183,141,78416
8,78565,2038,1.0,10184,141,78424
5,78570,2038,0.0,10185,141,78429
15,78585,2038,0.0,10186,141,78444
9,78594,2038,0.0,10187,141,78453
10,78604,2038,0.0,10188,141,78463
9,78613,2038,0.0,10189,141,78472
6,78619,2038,0.0,10190,141,78478
2,78621,2038,0.0,10191,141,78480
5,78626,2038,0.0,10192,141,78485
19,78645,2039,1.0,10193,141,78504
8,78653,2040,1.0,10194,141,78512
4,78657,2040,0.0,10195,141,78516
27,78684,2040,0.0,10196,141,78543
8,78692,2040,0.0,10197,141,78551
32,78724,2040,0.0,10198,141,78583
2,78726,2040,0.0,10199,141,78585
5,78731,2040,0.0,10200,141,78590
37,78768,2040,0.0,10201,141,78627
10,78778,2040,0.0,10202,141,78637
9,78787,2040,0.0,10203,141,78646
2,78789,2040,0.0,10204,141,78648
7,78796,2040,0.0,10205,141,78655
24,78820,2040,0.0,10206,141,78679
3,78823,2040,0.0,10207,141,78682
8,78831,2040,0.0,10208,141,78690
2,78833,2040,0.0,10209,141,78692
8,78841,2041,1.0,10210,141,78700
7,78848,2041,0.0,10211,141,78707
5,78853,2041,0.0,10212,141,78712
22,78875,2041,0.0,10213,141,78734
5,78880,2041,0.0,10214,141,78739
6,78886,2041,0.0,10215,141,78745
8,78894,2042,1.0,10216,141,78753
2,78896,2042,0.0,10217,141,78755
8,78904,2043,1.0,10218,141,78763
45,78949,2044,1.0,10219,141,78808
8,78957,2045,1.0,10220,141,78816
2,78959,2045,0.0,10221,141,78818
5,78964,2045,0.0,10222,141,78823
8,78972,2046,1.0,10223,141,78831
7,78979,2046,0.0,10224,141,78838
8,78987,2047,1.0,10225,141,78846
2,78989,2047,0.0,10226,141,78848
5,78994,2047,0.0,10227,141,78853
42,79036,2047,0.0,10228,141,78895
3,79039,2047,0.0,10229,141,78898
5,79044,2047,0.0,10230,141,78903
2,79046,2047,0.0,10231,141,78905
8,79054,2047,0.0,10232,141,78913
9,79063,2047,0.0,10233,141,78922
10,79073,2047,0.0,10234,141,78932
8,79081,2047,0.0,10235,141,78940
8,79089,2048,1.0,10236,141,78948
2,79091,2048,0.0,10237,141,78950
18,79109,2048,0.0,10238,141,78968
2,79111,2048,0.0,10239,141,78970
6,79117,2048,0.0,10240,141,78976
8,79125,2049,1.0,10241,141,78984
8,79133,2050,1.0,10242,141,78992
5,79138,2050,0.0,10243,141,78997
8,79146,2051,1.0,10244,141,79005
4,79150,2051,0.0,10245,141,79009
9,79159,2051,0.0,10246,141,79018
2,79161,2051,0.0,10247,141,79020
2,79163,2051,0.0,10248,141,79022
4,79167,2051,0.0,10249,141,79026
10,79177,2051,0.0,10250,141,79036
10,79187,2051,0.0,10251,141,79046
8,79195,2052,1.0,10252,141,79054
8,79203,2053,1.0,10253,141,79062
21,79224,2053,0.0,10254,141,79083
8,79232,2053,0.0,10255,141,79091
2,79234,2053,0.0,10256,141,79093
4,79238,2053,0.0,10257,141,79097
4,79242,2053,0.0,10258,141,79101
8,79250,2054,1.0,10259,141,79109
8,79258,2055,1.0,10260,141,79117
6,79264,2055,0.0,10261,141,79123
8,79272,2056,1.0,10262,141,79131
4,79276,2056,0.0,10263,141,79135
8,79284,2057,1.0,10264,141,79143
2,79286,2057,0.0,10265,141,79145
3,79289,2057,0.0,10266,141,79148
22,79311,2057,0.0,10267,141,79170
8,79319,2058,1.0,10268,141,79178
4,79323,2058,0.0,10269,141,79182
2,79325,2058,0.0,10270,141,79184
31,79356,2058,0.0,10271,141,79215
8,79364,2059,1.0,10272,141,79223
2,79366,2059,0.0,10273,141,79225
2,79368,2059,0.0,10274,141,79227
8,79376,2060,1.0,10275,141,79235
8,79384,2061,1.0,10276,141,79243
6,79390,2061,0.0,10277,141,79249
8,79398,2062,1.0,10278,141,79257
2,79400,2062,0.0,10279,141,79259
13,79413,2062,0.0,10280,141,79272
8,79421,2063,1.0,10281,141,79280
13,79434,2063,0.0,10282,141,79293
8,79442,2064,1.0,10283,141,79301
5,79447,2064,0.0,10284,141,79306
3,79450,2064,0.0,10285,141,79309
6,79456,2064,0.0,10286,141,79315
4,79460,2064,0.0,10287,141,79319
10,79470,2064,0.0,10288,141,79329
5,79475,2064,0.0,10289,141,79334
8,79483,2065,1.0,10290,141,79342
5,79488,2065,0.0,10291,141,79347
2,79490,2065,0.0,10292,141,79349
8,79498,2066,1.0,10293,141,79357
2,79500,2066,0.0,10294,141,79359
8,79508,2067,1.0,10295,141,79367
18,79526,2067,0.0,10296,141,79385
3,79529,2067,0.0,10297,141,79388
8,79537,2068,1.0,10298,141,79396
8,79545,2068,0.0,10299,141,79404
18,79563,2068,0.0,10300,141,79422
4,79567,2068,0.0,10301,141,79426
8,79575,2068,0.0,10302,141,79434
8,79583,2069,1.0,10303,141,79442
4,79587,2069,0.0,10304,141,79446
6,79593,2069,0.0,10305,141,79452
5,79598,2069,0.0,10306,141,79457
9,79607,2069,0.0,10307,141,79466
18,79625,2069,0.0,10308,141,79484
7,79632,2069,0.0,10309,141,79491
2,79634,2069,0.0,10310,141,79493
8,79642,2069,0.0,10311,141,79501
8,79650,2070,1.0,10312,141,79509
9,79659,2070,0.0,10313,141,79518
2,79661,2070,0.0,10314,141,79520
18,79679,2070,0.0,10315,141,79538
29,79708,2070,0.0,10316,141,79567
5,79713,2070,0.0,10317,141,79572
8,79721,2070,0.0,10318,141,79580
6,79727,2070,0.0,10319,141,79586
7,79734,2070,0.0,10320,141,79593
8,79742,2071,1.0,10321,141,79601
3,79745,2071,0.0,10322,141,79604
8,79753,2072,1.0,10323,141,79612
8,79761,2072,0.0,10324,141,79620
8,79769,2073,1.0,10325,141,79628
5,79774,2073,0.0,10326,141,79633
34,79808,2073,0.0,10327,141,79667
4,79812,2073,0.0,10328,141,79671
2,79814,2073,0.0,10329,141,79673
21,79835,2073,0.0,10330,141,79694
5,79840,2073,0.0,10331,141,79699
8,79848,2074,1.0,10332,141,79707
5,79853,2074,0.0,10333,141,79712
13,79866,2074,0.0,10334,141,79725
5,79871,2074,0.0,10335,141,79730
5,79876,2074,0.0,10336,141,79735
3,79879,2074,0.0,10337,141,79738
8,79887,2075,1.0,10338,141,79746
8,79895,2076,1.0,10339,141,79754
8,79903,2076,0.0,10340,141,79762
5,79908,2076,0.0,10341,141,79767
8,79916,2076,0.0,10342,141,79775
6,79922,2076,0.0,10343,141,79781
8,79930,2077,1.0,10344,141,79789
5,79935,2077,0.0,10345,141,79794
2,79937,2077,0.0,10346,141,79796
4,79941,2077,0.0,10347,141,79800
8,79949,2078,1.0,10348,141,79808
14,79963,2078,0.0,10349,141,79822
6,79969,2078,0.0,10350,141,79828
3,79972,2078,0.0,10351,141,79831
10,79982,2078,0.0,10352,141,79841
8,79990,2079,1.0,10353,141,79849
5,79995,2079,0.0,10354,141,79854
8,80003,2080,1.0,10355,141,79862
8,80011,2081,1.0,10356,141,79870
8,80019,2082,1.0,10357,141,79878
3,80022,2082,0.0,10358,141,79881
4,80026,2082,0.0,10359,141,79885
8,80034,2083,1.0,10360,141,79893
2,80036,2083,0.0,10361,141,79895
2,80038,2083,0.0,10362,141,79897
5,80043,2083,0.0,10363,141,79902
13,80056,2083,0.0,10364,141,79915
8,80064,2083,0.0,10365,141,79923
8,80072,2084,1.0,10366,141,79931
17,80089,2085,1.0,10367,141,79948
8,80097,2086,1.0,10368,141,79956
5,80102,2086,0.0,10369,141,79961
5,80107,2086,0.0,10370,141,79966
19,80126,2087,1.0,10371,141,79985
8,80134,2088,1.0,10372,141,79993
8,80142,2089,1.0,10373,141,80001
4,80146,2089,0.0,10374,141,80005
6,80152,2089,0.0,10375,141,80011
4,80156,2089,0.0,10376,141,80015
2,80158,2089,0.0,10377,141,80017
4,80162,2089,0.0,10378,141,80021
3,80165,2089,0.0,10379,141,80024
10,80175,2089,0.0,10380,141,80034
8,80183,2089,0.0,10381,141,80042
8,80191,2090,1.0,10382,141,80050
8,80199,2091,1.0,10383,141,80058
8,80207,2092,1.0,10384,141,80066
7,80214,2092,0.0,10385,141,80073
8,80222,2093,1.0,10386,141,80081
2,80224,2093,0.0,10387,141,80083
8,80232,2094,1.0,10388,141,80091
18,80250,2094,0.0,10389,141,80109
10,80260,2094,0.0,10390,141,80119
8,80268,2095,1.0,10391,141,80127
12,80280,2095,0.0,10392,141,80139
10,80290,2095,0.0,10393,141,80149
9,80299,2095,0.0,10394,141,80158
8,80307,2096,1.0,10395,141,80166
8,80315,2096,0.0,10396,141,80174
6,80321,2096,0.0,10397,141,80180
6,80327,2096,0.0,10398,141,80186
13,80340,2096,0.0,10399,141,80199
5,80345,2096,0.0,10400,141,80204
4,80349,2096,0.0,10401,141,80208
4,80353,2096,0.0,10402,141,80212
8,80361,2097,1.0,10403,141,80220
8,80369,2098,1.0,10404,141,80228
7,80376,2098,0.0,10405,141,80235
2,80378,2098,0.0,10406,141,80237
6,80384,2098,0.0,10407,141,80243
31,80415,2098,0.0,10408,141,80274
2,80417,2098,0.0,10409,141,80276
2,80419,2098,0.0,10410,141,80278
6,80425,2098,0.0,10411,141,80284
9,80434,2098,0.0,10412,141,80293
4,80438,2098,0.0,10413,141,80297
8,80446,2099,1.0,10414,141,80305
9,80455,2099,0.0,10415,141,80314
4,80459,2099,0.0,10416,141,80318
8,80467,2100,1.0,10417,141,80326
2,80469,2100,0.0,10418,141,80328
5,80474,2100,0.0,10419,141,80333
8,80482,2101,1.0,10420,141,80341
10,80492,2101,0.0,10421,141,80351
8,80500,2102,1.0,10422,141,80359
5,80505,2102,0.0,10423,141,80364
8,80513,2102,0.0,10424,141,80372
4,80517,2102,0.0,10425,141,80376
11,80528,2102,0.0,10426,141,80387
2,80530,2102,0.0,10427,141,80389
5,80535,2102,0.0,10428,141,80394
8,80543,2103,1.0,10429,141,80402
4,80547,2103,0.0,10430,141,80406
9,80556,2103,0.0,10431,141,80415
2,80558,2103,0.0,10432,141,80417
4,80562,2103,0.0,10433,141,80421
8,80570,2103,0.0,10434,141,80429
9,80579,2103,0.0,10435,141,80438
2,80581,2103,0.0,10436,141,80440
5,80586,2103,0.0,10437,141,80445
8,80594,2104,1.0,10438,141,80453
8,80602,2105,1.0,10439,141,80461
8,80610,2106,1.0,10440,141,80469
6,80616,2106,0.0,10441,141,80475
8,80624,2106,0.0,10442,141,80483
4,80628,2106,0.0,10443,141,80487
6,80634,2106,0.0,10444,141,80493
8,80642,2107,1.0,10445,141,80501
6,80648,2107,0.0,10446,141,80507
8,80656,2108,1.0,10447,141,80515
5,80661,2108,0.0,10448,141,80520
8,80669,2108,0.0,10449,141,80528
8,80677,2109,1.0,10450,141,80536
7,80684,2109,0.0,10451,141,80543
9,80693,2109,0.0,10452,141,80552
2,80695,2109,0.0,10453,141,80554
2,80697,2109,0.0,10454,141,80556
4,80701,2109,0.0,10455,141,80560
13,80714,2109,0.0,10456,141,80573
14,80728,2109,0.0,10457,141,80587
5,80733,2109,0.0,10458,141,80592
8,80741,2110,1.0,10459,141,80600
8,80749,2110,0.0,10460,141,80608
2,80751,2110,0.0,10461,141,80610
7,80758,2110,0.0,10462,141,80617
2,80760,2110,0.0,10463,141,80619
4,80764,2110,0.0,10464,141,80623
8,80772,2111,1.0,10465,141,80631
7,80779,2111,0.0,10466,141,80638
8,80787,2111,0.0,10467,141,80646
8,80795,2111,0.0,10468,141,80654
2,80797,2111,0.0,10469,141,80656
8,80805,2111,0.0,10470,141,80664
14,80819,2111,0.0,10471,141,80678
8,80827,2112,1.0,10472,141,80686
8,80835,2112,0.0,10473,141,80694
5,80840,2112,0.0,10474,141,80699
3,80843,2112,0.0,10475,141,80702
18,80861,2112,0.0,10476,141,80720
8,80869,2112,0.0,10477,141,80728
8,80877,2113,1.0,10478,141,80736
7,80884,2113,0.0,10479,141,80743
9,80893,2113,0.0,10480,141,80752
4,80897,2113,0.0,10481,141,80756
11,80908,2113,0.0,10482,141,80767
5,80913,2113,0.0,10483,141,80772
8,80921,2114,1.0,10484,141,80780
6,80927,2114,0.0,10485,141,80786
8,80935,2114,0.0,10486,141,80794
8,80943,2115,1.0,10487,141,80802
8,80951,2115,0.0,10488,141,80810
7,80958,2115,0.0,10489,141,80817
9,80967,2115,0.0,10490,141,80826
4,80971,2115,0.0,10491,141,80830
11,80982,2115,0.0,10492,141,80841
8,80990,2116,1.0,10493,141,80849
2,80992,2116,0.0,10494,141,80851
4,80996,2116,0.0,10495,141,80855
6,81002,2116,0.0,10496,141,80861
7,81009,2116,0.0,10497,141,80868
2,81011,2116,0.0,10498,141,80870
8,81019,2117,1.0,10499,141,80878
8,81027,2118,1.0,10500,141,80886
8,81035,2119,1.0,10501,141,80894
9,81044,2119,0.0,10502,141,80903
2,81046,2119,0.0,10503,141,80905
2,81048,2119,0.0,10504,141,80907
2,81050,2119,0.0,10505,141,80909
9,81059,2119,0.0,10506,141,80918
5,81064,2119,0.0,10507,141,80923
2,81066,2119,0.0,10508,141,80925
8,81074,2120,1.0,10509,141,80933
4,81078,2120,0.0,10510,141,80937
2,81080,2120,0.0,10511,141,80939
8,81088,2121,1.0,10512,141,80947
8,81096,2122,1.0,10513,141,80955
8,81104,2123,1.0,10514,141,80963
5,81109,2123,0.0,10515,141,80968
4,81113,2123,0.0,10516,141,80972
8,81121,2124,1.0,10517,141,80980
2,81123,2124,0.0,10518,141,80982
8,81131,2125,1.0,10519,141,80990
8,81139,2126,1.0,10520,141,80998
2,81141,2126,0.0,10521,141,81000
2,81143,2126,0.0,10522,141,81002
17,81160,2126,0.0,10523,141,81019
11,81171,2126,0.0,10524,141,81030
19,81190,2127,1.0,10525,141,81049
5,81195,2127,0.0,10526,141,81054
8,81203,2128,1.0,10527,141,81062
8,81211,2128,0.0,10528,141,81070
13,81224,2128,0.0,10529,141,81083
13,81237,2128,0.0,10530,141,81096
3,81240,2128,0.0,10531,141,81099
10,81250,2128,0.0,10532,141,81109
8,81258,2129,1.0,10533,141,81117
8,81266,2130,1.0,10534,141,81125
3,81269,2130,0.0,10535,141,81128
4,81273,2130,0.0,10536,141,81132
8,81281,2130,0.0,10537,141,81140
8,81289,2131,1.0,10538,141,81148
8,81297,2132,1.0,10539,141,81156
2,81299,2132,0.0,10540,141,81158
8,81307,2133,1.0,10541,141,81166
2,81309,2133,0.0,10542,141,81168
9,81318,2133,0.0,10543,141,81177
2,81320,2133,0.0,10544,141,81179
2,81322,2133,0.0,10545,141,81181
5,81327,2133,0.0,10546,141,81186
13,81340,2133,0.0,10547,141,81199
8,81348,2133,0.0,10548,141,81207
9,81357,2133,0.0,10549,141,81216
8,81365,2134,1.0,10550,141,81224
4,81369,2134,0.0,10551,141,81228
8,81377,2135,1.0,10552,141,81236
28,81405,2135,0.0,10553,141,81264
2,81407,2135,0.0,10554,141,81266
8,81415,2135,0.0,10555,141,81274
8,81423,2136,1.0,10556,141,81282
8,81431,2137,1.0,10557,141,81290
2,81433,2137,0.0,10558,141,81292
8,81441,2138,1.0,10559,141,81300
2,81443,2138,0.0,10560,141,81302
15,81458,2138,0.0,10561,141,81317
8,81466,2139,1.0,10562,141,81325
4,81470,2139,0.0,10563,141,81329
8,81478,2140,1.0,10564,141,81337
8,81486,2141,1.0,10565,141,81345
9,81495,2141,0.0,10566,141,81354
12,81507,2141,0.0,10567,141,81366
14,81521,2141,0.0,10568,141,81380
17,81538,2141,0.0,10569,141,81397
8,81546,2142,1.0,10570,141,81405
14,81560,2142,0.0,10571,141,81419
3,81563,2142,0.0,10572,141,81422
8,81571,2142,0.0,10573,141,81430
7,81578,2142,0.0,10574,141,81437
8,81586,2142,0.0,10575,141,81445
5,81591,2142,0.0,10576,141,81450
15,81606,2142,0.0,10577,141,81465
8,81614,2143,1.0,10578,141,81473
8,81622,2143,0.0,10579,141,81481
16,81638,2143,0.0,10580,141,81497
10,81648,2143,0.0,10581,141,81507
2,81650,2143,0.0,10582,141,81509
8,81658,2143,0.0,10583,141,81517
7,81665,2143,0.0,10584,141,81524
4,81669,2143,0.0,10585,141,81528
5,81674,2143,0.0,10586,141,81533
8,81682,2144,1.0,10587,141,81541
4,81686,2144,0.0,10588,141,81545
2,81688,2144,0.0,10589,141,81547
8,81696,2145,1.0,10590,141,81555
8,81704,2146,1.0,10591,141,81563
8,81712,2147,1.0,10592,141,81571
4,81716,2147,0.0,10593,141,81575
8,81724,2147,0.0,10594,141,81583
9,81733,2147,0.0,10595,141,81592
4,81737,2147,0.0,10596,141,81596
7,81744,2147,0.0,10597,141,81603
9,81753,2147,0.0,10598,141,81612
8,81761,2148,1.0,10599,141,81620
7,81768,2148,0.0,10600,141,81627
9,81777,2148,0.0,10601,141,81636
9,81786,2148,0.0,10602,141,81645
14,81800,2148,0.0,10603,141,81659
8,81808,2148,0.0,10604,141,81667
2,81810,2148,0.0,10605,141,81669
19,81829,2149,1.0,10606,141,81688
8,81837,2149,0.0,10607,141,81696
8,81845,2150,1.0,10608,141,81704
2,81847,2150,0.0,10609,141,81706
4,81851,2150,0.0,10610,141,81710
8,81859,2151,1.0,10611,141,81718
2,81861,2151,0.0,10612,141,81720
10,81871,2151,0.0,10613,141,81730
6,81877,2151,0.0,10614,141,81736
4,81881,2151,0.0,10615,141,81740
5,81886,2151,0.0,10616,141,81745
2,81888,2151,0.0,10617,141,81747
8,81896,2152,1.0,10618,141,81755
8,81904,2153,1.0,10619,141,81763
8,81912,2153,0.0,10620,141,81771
4,81916,2153,0.0,10621,141,81775
17,81933,2153,0.0,10622,141,81792
5,81938,2153,0.0,10623,141,81797
6,81944,2153,0.0,10624,141,81803
13,81957,2153,0.0,10625,141,81816
5,81962,2153,0.0,10626,141,81821
2,81964,2153,0.0,10627,141,81823
8,81972,2153,0.0,10628,141,81831
5,81977,2153,0.0,10629,141,81836
6,81983,2153,0.0,10630,141,81842
7,81990,2153,0.0,10631,141,81849
10,82000,2153,0.0,10632,141,81859
10,82010,2153,0.0,10633,141,81869
8,82018,2154,1.0,10634,141,81877
2,82020,2154,0.0,10635,141,81879
5,82025,2154,0.0,10636,141,81884
2,82027,2154,0.0,10637,141,81886
14,82041,2154,0.0,10638,141,81900
4,82045,2154,0.0,10639,141,81904
7,82052,2154,0.0,10640,141,81911
8,82060,2155,1.0,10641,141,81919
2,82062,2155,0.0,10642,141,81921
18,82080,2155,0.0,10643,141,81939
13,82093,2155,0.0,10644,141,81952
8,82101,2156,1.0,10645,141,81960
19,82120,2156,0.0,10646,141,81979
12,82132,2156,0.0,10647,141,81991
8,82140,2157,1.0,10648,141,81999
8,82148,2158,1.0,10649,141,82007
8,82156,2159,1.0,10650,141,82015
2,82158,2159,0.0,10651,141,82017
9,82167,2159,0.0,10652,141,82026
8,82175,2159,0.0,10653,141,82034
8,82183,2160,1.0,10654,141,82042
4,82187,2160,0.0,10655,141,82046
8,82195,2161,1.0,10656,141,82054
2,82197,2161,0.0,10657,141,82056
19,82216,2162,1.0,10658,141,82075
8,82224,2162,0.0,10659,141,82083
8,82232,2163,1.0,10660,141,82091
2,82234,2163,0.0,10661,141,82093
8,82242,2164,1.0,10662,141,82101
11,82253,2164,0.0,10663,141,82112
4,82257,2164,0.0,10664,141,82116
4,82261,2164,0.0,10665,141,82120
4,82265,2164,0.0,10666,141,82124
7,82272,2164,0.0,10667,141,82131
8,82280,2165,1.0,10668,141,82139
11,82291,2165,0.0,10669,141,82150
9,82300,2165,0.0,10670,141,82159
8,82308,2166,1.0,10671,141,82167
22,82330,2166,0.0,10672,141,82189
4,82334,2166,0.0,10673,141,82193
9,82343,2166,0.0,10674,141,82202
8,82351,2167,1.0,10675,141,82210
4,82355,2167,0.0,10676,141,82214
8,82363,2168,1.0,10677,141,82222
8,82371,2169,1.0,10678,141,82230
18,82389,2169,0.0,10679,141,82248
17,82406,2170,1.0,10680,141,82265
8,82414,2171,1.0,10681,141,82273
2,82416,2171,0.0,10682,141,82275
8,82424,2172,1.0,10683,141,82283
8,82432,2173,1.0,10684,141,82291
10,82442,2173,0.0,10685,141,82301
8,82450,2174,1.0,10686,141,82309
6,82456,2174,0.0,10687,141,82315
4,82460,2174,0.0,10688,141,82319
8,82468,2175,1.0,10689,141,82327
2,82470,2175,0.0,10690,141,82329
14,82484,2175,0.0,10691,141,82343
15,82499,2175,0.0,10692,141,82358
9,82508,2175,0.0,10693,141,82367
5,82513,2175,0.0,10694,141,82372
2,82515,2175,0.0,10695,141,82374
5,82520,2175,0.0,10696,141,82379
7,82527,2175,0.0,10697,141,82386
8,82535,2176,1.0,10698,141,82394
8,82543,2177,1.0,10699,141,82402
8,82551,2178,1.0,10700,141,82410
8,82559,2178,0.0,10701,141,82418
4,82563,2178,0.0,10702,141,82422
8,82571,2179,1.0,10703,141,82430
2,82573,2179,0.0,10704,141,82432
8,82581,2179,0.0,10705,141,82440
8,82589,2180,1.0,10706,141,82448
8,82597,2180,0.0,10707,141,82456
8,82605,2180,0.0,10708,141,82464
8,82613,2180,0.0,10709,141,82472
3,82616,2180,0.0,10710,141,82475
6,82622,2180,0.0,10711,141,82481
8,82630,2181,1.0,10712,141,82489
9,82639,2181,0.0,10713,141,82498
5,82644,2181,0.0,10714,141,82503
8,82652,2181,0.0,10715,141,82511
13,82665,2181,0.0,10716,141,82524
8,82673,2182,1.0,10717,141,82532
25,82698,2182,0.0,10718,141,82557
17,82715,2183,1.0,10719,141,82574
2,82717,2183,0.0,10720,141,82576
4,82721,2183,0.0,10721,141,82580
8,82729,2183,0.0,10722,141,82588
8,82737,2183,0.0,10723,141,82596
5,82742,2183,0.0,10724,141,82601
7,82749,2183,0.0,10725,141,82608
5,82754,2183,0.0,10726,141,82613
23,82777,2183,0.0,10727,141,82636
8,82785,2184,1.0,10728,141,82644
11,82796,2184,0.0,10729,141,82655
8,82804,2184,0.0,10730,141,82663
8,82812,2184,0.0,10731,141,82671
13,82825,2184,0.0,10732,141,82684
8,82833,2185,1.0,10733,141,82692
10,82843,2185,0.0,10734,141,82702
4,82847,2185,0.0,10735,141,82706
8,82855,2186,1.0,10736,141,82714
4,82859,2186,0.0,10737,141,82718
4,82863,2186,0.0,10738,141,82722
4,82867,2186,0.0,10739,141,82726
14,82881,2186,0.0,10740,141,82740
5,82886,2186,0.0,10741,141,82745
8,82894,2186,0.0,10742,141,82753
10,82904,2186,0.0,10743,141,82763
8,82912,2187,1.0,10744,141,82771
5,82917,2187,0.0,10745,141,82776
17,82934,2187,0.0,10746,141,82793
8,82942,2187,0.0,10747,141,82801
11,82953,2187,0.0,10748,141,82812
5,82958,2187,0.0,10749,141,82817
5,82963,2187,0.0,10750,141,82822
8,82971,2188,1.0,10751,141,82830
11,82982,2188,0.0,10752,141,82841
4,82986,2188,0.0,10753,141,82845
8,82994,2189,1.0,10754,141,82853
7,83001,2189,0.0,10755,141,82860
4,83005,2189,0.0,10756,141,82864
4,83009,2189,0.0,10757,141,82868
10,83019,2189,0.0,10758,141,82878
4,83023,2189,0.0,10759,141,82882
2,83025,2189,0.0,10760,141,82884
13,83038,2189,0.0,10761,141,82897
8,83046,2189,0.0,10762,141,82905
3,83049,2189,0.0,10763,141,82908
4,83053,2189,0.0,10764,141,82912
8,83061,2189,0.0,10765,141,82920
9,83070,2189,0.0,10766,141,82929
6,83076,2189,0.0,10767,141,82935
4,83080,2189,0.0,10768,141,82939
7,83087,2189,0.0,10769,141,82946
2,83089,2189,0.0,10770,141,82948
8,83097,2190,1.0,10771,141,82956
5,83102,2190,0.0,10772,141,82961
4,83106,2190,0.0,10773,141,82965
9,83115,2190,0.0,10774,141,82974
5,83120,2190,0.0,10775,141,82979
11,83131,2190,0.0,10776,141,82990
8,83139,2191,1.0,10777,141,82998
2,83141,2191,0.0,10778,141,83000
8,83149,2192,1.0,10779,141,83008
15,83164,2192,0.0,10780,141,83023
4,83168,2192,0.0,10781,141,83027
8,83176,2192,0.0,10782,141,83035
2,83178,2192,0.0,10783,141,83037
8,83186,2192,0.0,10784,141,83045
8,83194,2193,1.0,10785,141,83053
8,83202,2194,1.0,10786,141,83061
12,83214,2194,0.0,10787,141,83073
8,83222,2195,1.0,10788,141,83081
2,83224,2195,0.0,10789,141,83083
7,83231,2195,0.0,10790,141,83090
2,83233,2195,0.0,10791,141,83092
8,83241,2196,1.0,10792,141,83100
4,83245,2196,0.0,10793,141,83104
5,83250,2196,0.0,10794,141,83109
8,83258,2197,1.0,10795,141,83117
6,83264,2197,0.0,10796,141,83123
5,83269,2197,0.0,10797,141,83128
4,83273,2197,0.0,10798,141,83132
8,83281,2198,1.0,10799,141,83140
8,83289,2199,1.0,10800,141,83148
10,83299,2199,0.0,10801,141,83158
8,83307,2199,0.0,10802,141,83166
10,83317,2199,0.0,10803,141,83176
14,83331,2199,0.0,10804,141,83190
8,83339,2200,1.0,10805,141,83198
2,83341,2200,0.0,10806,141,83200
8,83349,2201,1.0,10807,141,83208
2,83351,2201,0.0,10808,141,83210
8,83359,2201,0.0,10809,141,83218
2,83361,2201,0.0,10810,141,83220
2,83363,2201,0.0,10811,141,83222
8,83371,2201,0.0,10812,141,83230
4,83375,2201,0.0,10813,141,83234
7,83382,2201,0.0,10814,141,83241
10,83392,2201,0.0,10815,141,83251
12,83404,2201,0.0,10816,141,83263
5,83409,2201,0.0,10817,141,83268
8,83417,2201,0.0,10818,141,83276
2,83419,2201,0.0,10819,141,83278
8,83427,2202,1.0,10820,141,83286
2,83429,2202,0.0,10821,141,83288
4,83433,2202,0.0,10822,141,83292
8,83441,2202,0.0,10823,141,83300
2,83443,2202,0.0,10824,141,83302
2,83445,2202,0.0,10825,141,83304
11,83456,2202,0.0,10826,141,83315
2,83458,2202,0.0,10827,141,83317
3,83461,2202,0.0,10828,141,83320
14,83475,2202,0.0,10829,141,83334
11,83486,2202,0.0,10830,141,83345
8,83494,2203,1.0,10831,141,83353
2,83496,2203,0.0,10832,141,83355
6,83502,2203,0.0,10833,141,83361
8,83510,2204,1.0,10834,141,83369
19,83529,2205,1.0,10835,141,83388
24,83553,2205,0.0,10836,141,83412
3,83556,2205,0.0,10837,141,83415
5,83561,2205,0.0,10838,141,83420
4,83565,2205,0.0,10839,141,83424
13,83578,2205,0.0,10840,141,83437
4,83582,2205,0.0,10841,141,83441
5,83587,2205,0.0,10842,141,83446
8,83595,2206,1.0,10843,141,83454
8,83603,2207,1.0,10844,141,83462
5,83608,2207,0.0,10845,141,83467
8,83616,2207,0.0,10846,141,83475
3,83619,2207,0.0,10847,141,83478
13,83632,2207,0.0,10848,141,83491
2,83634,2207,0.0,10849,141,83493
7,83641,2207,0.0,10850,141,83500
2,83643,2207,0.0,10851,141,83502
8,83651,2208,1.0,10852,141,83510
2,83653,2208,0.0,10853,141,83512
10,83663,2208,0.0,10854,141,83522
8,83671,2209,1.0,10855,141,83530
8,83679,2209,0.0,10856,141,83538
4,83683,2209,0.0,10857,141,83542
10,83693,2209,0.0,10858,141,83552
9,83702,2209,0.0,10859,141,83561
8,83710,2210,1.0,10860,141,83569
9,83719,2210,0.0,10861,141,83578
2,83721,2210,0.0,10862,141,83580
8,83729,2211,1.0,10863,141,83588
5,83734,2211,0.0,10864,141,83593
8,83742,2212,1.0,10865,141,83601
5,83747,2212,0.0,10866,141,83606
10,83757,2212,0.0,10867,141,83616
11,83768,2212,0.0,10868,141,83627
5,83773,2212,0.0,10869,141,83632
5,83778,2212,0.0,10870,141,83637
5,83783,2212,0.0,10871,141,83642
4,83787,2212,0.0,10872,141,83646
5,83792,2212,0.0,10873,141,83651
29,83821,2212,0.0,10874,141,83680
2,83823,2212,0.0,10875,141,83682
2,83825,2212,0.0,10876,141,83684
8,83833,2213,1.0,10877,141,83692
8,83841,2214,1.0,10878,141,83700
8,83849,2215,1.0,10879,141,83708
8,83857,2216,1.0,10880,141,83716
8,83865,2216,0.0,10881,141,83724
13,83878,2216,0.0,10882,141,83737
8,83886,2217,1.0,10883,141,83745
8,83894,2218,1.0,10884,141,83753
13,83907,2218,0.0,10885,141,83766
5,83912,2218,0.0,10886,141,83771
10,83922,2218,0.0,10887,141,83781
8,83930,2219,1.0,10888,141,83789
7,83937,2219,0.0,10889,141,83796
8,83945,2220,1.0,10890,141,83804
8,83953,2221,1.0,10891,141,83812
2,83955,2221,0.0,10892,141,83814
14,83969,2221,0.0,10893,141,83828
8,83977,2221,0.0,10894,141,83836
2,83979,2221,0.0,10895,141,83838
11,83990,2221,0.0,10896,141,83849
8,83998,2222,1.0,10897,141,83857
8,84006,2223,1.0,10898,141,83865
4,84010,2223,0.0,10899,141,83869
18,84028,2223,0.0,10900,141,83887
8,84036,2224,1.0,10901,141,83895
8,84044,2225,1.0,10902,141,83903
8,84052,2225,0.0,10903,141,83911
6,84058,2225,0.0,10904,141,83917
8,84066,2225,0.0,10905,141,83925
8,84074,2226,1.0,10906,141,83933
2,84076,2226,0.0,10907,141,83935
8,84084,2226,0.0,10908,141,83943
18,84102,2226,0.0,10909,141,83961
5,84107,2226,0.0,10910,141,83966
7,84114,2226,0.0,10911,141,83973
12,84126,2226,0.0,10912,141,83985
6,84132,2226,0.0,10913,141,83991
8,84140,2227,1.0,10914,141,83999
3,84143,2227,0.0,10915,141,84002
5,84148,2227,0.0,10916,141,84007
5,84153,2227,0.0,10917,141,84012
4,84157,2227,0.0,10918,141,84016
4,84161,2227,0.0,10919,141,84020
5,84166,2227,0.0,10920,141,84025
9,84175,2227,0.0,10921,141,84034
2,84177,2227,0.0,10922,141,84036
8,84185,2228,1.0,10923,141,84044
2,84187,2228,0.0,10924,141,84046
8,84195,2228,0.0,10925,141,84054
8,84203,2228,0.0,10926,141,84062
2,84205,2228,0.0,10927,141,84064
8,84213,2229,1.0,10928,141,84072
15,84228,2229,0.0,10929,141,84087
8,84236,2230,1.0,10930,141,84095
2,84238,2230,0.0,10931,141,84097
4,84242,2230,0.0,10932,141,84101
8,84250,2231,1.0,10933,141,84109
5,84255,2231,0.0,10934,141,84114
8,84263,2232,1.0,10935,141,84122
8,84271,2232,0.0,10936,141,84130
10,84281,2232,0.0,10937,141,84140
5,84286,2232,0.0,10938,141,84145
8,84294,2233,1.0,10939,141,84153
17,84311,2233,0.0,10940,141,84170
6,84317,2233,0.0,10941,141,84176
15,84332,2233,0.0,10942,141,84191
9,84341,2233,0.0,10943,141,84200
9,84350,2233,0.0,10944,141,84209
9,84359,2233,0.0,10945,141,84218
8,84367,2233,0.0,10946,141,84226
8,84375,2234,1.0,10947,141,84234
5,84380,2234,0.0,10948,141,84239
8,84388,2235,1.0,10949,141,84247
8,84396,2236,1.0,10950,141,84255
5,84401,2236,0.0,10951,141,84260
8,84409,2237,1.0,10952,141,84268
5,84414,2237,0.0,10953,141,84273
5,84419,2237,0.0,10954,141,84278
8,84427,2238,1.0,10955,141,84286
8,84435,2239,1.0,10956,141,84294
6,84441,2239,0.0,10957,141,84300
13,84454,2239,0.0,10958,141,84313
16,84470,2239,0.0,10959,141,84329
8,84478,2240,1.0,10960,141,84337
5,84483,2240,0.0,10961,141,84342
4,84487,2240,0.0,10962,141,84346
10,84497,2240,0.0,10963,141,84356
4,84501,2240,0.0,10964,141,84360
8,84509,2240,0.0,10965,141,84368
4,84513,2240,0.0,10966,141,84372
2,84515,2240,0.0,10967,141,84374
3,84518,2240,0.0,10968,141,84377
8,84526,2241,1.0,10969,141,84385
9,84535,2241,0.0,10970,141,84394
5,84540,2241,0.0,10971,141,84399
8,84548,2242,1.0,10972,141,84407
8,84556,2243,1.0,10973,141,84415
3,84559,2243,0.0,10974,141,84418
2,84561,2243,0.0,10975,141,84420
7,84568,2243,0.0,10976,141,84427
8,84576,2244,1.0,10977,141,84435
2,84578,2244,0.0,10978,141,84437
8,84586,2244,0.0,10979,141,84445
12,84598,2244,0.0,10980,141,84457
8,84606,2245,1.0,10981,141,84465
8,84614,2246,1.0,10982,141,84473
11,84625,2246,0.0,10983,141,84484
4,84629,2246,0.0,10984,141,84488
10,84639,2246,0.0,10985,141,84498
4,84643,2246,0.0,10986,141,84502
5,84648,2246,0.0,10987,141,84507
10,84658,2246,0.0,10988,141,84517
8,84666,2247,1.0,10989,141,84525
8,84674,2247,0.0,10990,141,84533
16,84690,2247,0.0,10991,141,84549
19,84709,2247,0.0,10992,141,84568
8,84717,2248,1.0,10993,141,84576
8,84725,2249,1.0,10994,141,84584
8,84733,2250,1.0,10995,141,84592
6,84739,2250,0.0,10996,141,84598
5,84744,2250,0.0,10997,141,84603
8,84752,2251,1.0,10998,141,84611
6,84758,2251,0.0,10999,141,84617
8,84766,2252,1.0,11000,141,84625
2,84768,2252,0.0,11001,141,84627
8,84776,2253,1.0,11002,141,84635
2,84778,2253,0.0,11003,141,84637
8,84786,2253,0.0,11004,141,84645
17,84803,2254,1.0,11005,141,84662
8,84811,2255,1.0,11006,141,84670
8,84819,2256,1.0,11007,141,84678
8,84827,2257,1.0,11008,141,84686
2,84829,2257,0.0,11009,141,84688
4,84833,2257,0.0,11010,141,84692
2,84835,2257,0.0,11011,141,84694
4,84839,2257,0.0,11012,141,84698
17,84856,2257,0.0,11013,141,84715
10,84866,2257,0.0,11014,141,84725
8,84874,2258,1.0,11015,141,84733
19,84893,2259,1.0,11016,141,84752
8,84901,2260,1.0,11017,141,84760
2,84903,2260,0.0,11018,141,84762
8,84911,2260,0.0,11019,141,84770
13,84924,2260,0.0,11020,141,84783
10,84934,2260,0.0,11021,141,84793
13,84947,2260,0.0,11022,141,84806
8,84955,2261,1.0,11023,141,84814
4,84959,2261,0.0,11024,141,84818
6,84965,2261,0.0,11025,141,84824
2,84967,2261,0.0,11026,141,84826
22,84989,2261,0.0,11027,141,84848
8,84997,2262,1.0,11028,141,84856
4,85001,2262,0.0,11029,141,84860
7,85008,2262,0.0,11030,141,84867
10,85018,2262,0.0,11031,141,84877
9,85027,2262,0.0,11032,141,84886
5,85032,2262,0.0,11033,141,84891
8,85040,2263,1.0,11034,141,84899
8,85048,2264,1.0,11035,141,84907
8,85056,2264,0.0,11036,141,84915
2,85058,2264,0.0,11037,141,84917
8,85066,2265,1.0,11038,141,84925
8,85074,2266,1.0,11039,141,84933
4,85078,2266,0.0,11040,141,84937
8,85086,2267,1.0,11041,141,84945
19,85105,2267,0.0,11042,141,84964
2,85107,2267,0.0,11043,141,84966
5,85112,2267,0.0,11044,141,84971
13,85125,2267,0.0,11045,141,84984
8,85133,2268,1.0,11046,141,84992
4,85137,2268,0.0,11047,141,84996
22,85159,2268,0.0,11048,141,85018
5,85164,2268,0.0,11049,141,85023
15,85179,2268,0.0,11050,141,85038
2,85181,2268,0.0,11051,141,85040
6,85187,2268,0.0,11052,141,85046
8,85195,2269,1.0,11053,141,85054
5,85200,2269,0.0,11054,141,85059
3,85203,2269,0.0,11055,141,85062
4,85207,2269,0.0,11056,141,85066
2,85209,2269,0.0,11057,141,85068
6,85215,2269,0.0,11058,141,85074
4,85219,2269,0.0,11059,141,85078
10,85229,2269,0.0,11060,141,85088
8,85237,2270,1.0,11061,141,85096
5,85242,2270,0.0,11062,141,85101
8,85250,2271,1.0,11063,141,85109
8,85258,2272,1.0,11064,141,85117
4,85262,2272,0.0,11065,141,85121
22,85284,2272,0.0,11066,141,85143
13,85297,2272,0.0,11067,141,85156
8,85305,2273,1.0,11068,141,85164
9,85314,2273,0.0,11069,141,85173
5,85319,2273,0.0,11070,141,85178
8,85327,2274,1.0,11071,141,85186
5,85332,2274,0.0,11072,141,85191
8,85340,2275,1.0,11073,141,85199
6,85346,2275,0.0,11074,141,85205
14,85360,2275,0.0,11075,141,85219
8,85368,2276,1.0,11076,141,85227
8,85376,2276,0.0,11077,141,85235
2,85378,2276,0.0,11078,141,85237
8,85386,2276,0.0,11079,141,85245
2,85388,2276,0.0,11080,141,85247
8,85396,2277,1.0,11081,141,85255
9,85405,2277,0.0,11082,141,85264
4,85409,2277,0.0,11083,141,85268
10,85419,2277,0.0,11084,141,85278
8,85427,2278,1.0,11085,141,85286
8,85435,2279,1.0,11086,141,85294
29,85464,2279,0.0,11087,141,85323
14,85478,2279,0.0,11088,141,85337
3,85481,2279,0.0,11089,141,85340
2,85483,2279,0.0,11090,141,85342
10,85493,2279,0.0,11091,141,85352
5,85498,2279,0.0,11092,141,85357
8,85506,2280,1.0,11093,141,85365
8,85514,2281,1.0,11094,141,85373
8,85522,2282,1.0,11095,141,85381
2,85524,2282,0.0,11096,141,85383
19,85543,2283,1.0,11097,141,85402
2,85545,2283,0.0,11098,141,85404
2,85547,2283,0.0,11099,141,85406
7,85554,2283,0.0,11100,141,85413
8,85562,2283,0.0,11101,141,85421
6,85568,2283,0.0,11102,141,85427
8,85576,2284,1.0,11103,141,85435
5,85581,2284,0.0,11104,141,85440
8,85589,2285,1.0,11105,141,85448
6,85595,2285,0.0,11106,141,85454
4,85599,2285,0.0,11107,141,85458
2,85601,2285,0.0,11108,141,85460
3,85604,2285,0.0,11109,141,85463
5,85609,2285,0.0,11110,141,85468
4,85613,2285,0.0,11111,141,85472
6,85619,2285,0.0,11112,141,85478
8,85627,2286,1.0,11113,141,85486
23,85650,2286,0.0,11114,141,85509
8,85658,2287,1.0,11115,141,85517
8,85666,2287,0.0,11116,141,85525
2,85668,2287,0.0,11117,141,85527
3,85671,2287,0.0,11118,141,85530
26,85697,2287,0.0,11119,141,85556
2,85699,2287,0.0,11120,141,85558
5,85704,2287,0.0,11121,141,85563
9,85713,2287,0.0,11122,141,85572
6,85719,2287,0.0,11123,141,85578
8,85727,2287,0.0,11124,141,85586
8,85735,2288,1.0,11125,141,85594
5,85740,2288,0.0,11126,141,85599
9,85749,2288,0.0,11127,141,85608
4,85753,2288,0.0,11128,141,85612
17,85770,2289,1.0,11129,141,85629
16,85786,2289,0.0,11130,141,85645
3,85789,2289,0.0,11131,141,85648
4,85793,2289,0.0,11132,141,85652
5,85798,2289,0.0,11133,141,85657
5,85803,2289,0.0,11134,141,85662
17,85820,2290,1.0,11135,141,85679
9,85829,2290,0.0,11136,141,85688
13,85842,2290,0.0,11137,141,85701
6,85848,2290,0.0,11138,141,85707
7,85855,2290,0.0,11139,141,85714
8,85863,2291,1.0,11140,141,85722
5,85868,2291,0.0,11141,141,85727
4,85872,2291,0.0,11142,141,85731
13,85885,2291,0.0,11143,141,85744
3,85888,2291,0.0,11144,141,85747
8,85896,2291,0.0,11145,141,85755
8,85904,2292,1.0,11146,141,85763
8,85912,2293,1.0,11147,141,85771
8,85920,2294,1.0,11148,141,85779
5,85925,2294,0.0,11149,141,85784
4,85929,2294,0.0,11150,141,85788
8,85937,2294,0.0,11151,141,85796
4,85941,2294,0.0,11152,141,85800
8,85949,2294,0.0,11153,141,85808
8,85957,2294,0.0,11154,141,85816
10,85967,2294,0.0,11155,141,85826
4,85971,2294,0.0,11156,141,85830
2,85973,2294,0.0,11157,141,85832
4,85977,2294,0.0,11158,141,85836
9,85986,2294,0.0,11159,141,85845
5,85991,2294,0.0,11160,141,85850
4,85995,2294,0.0,11161,141,85854
10,86005,2294,0.0,11162,141,85864
6,86011,2294,0.0,11163,141,85870
8,86019,2295,1.0,11164,141,85878
8,86027,2296,1.0,11165,141,85886
4,86031,2296,0.0,11166,141,85890
12,86043,2296,0.0,11167,141,85902
18,86061,2296,0.0,11168,141,85920
3,86064,2296,0.0,11169,141,85923
26,86090,2296,0.0,11170,141,85949
8,86098,2297,1.0,11171,141,85957
4,86102,2297,0.0,11172,141,85961
8,86110,2298,1.0,11173,141,85969
11,86121,2298,0.0,11174,141,85980
5,86126,2298,0.0,11175,141,85985
8,86134,2299,1.0,11176,141,85993
8,86142,2300,1.0,11177,141,86001
6,86148,2300,0.0,11178,141,86007
8,86156,2301,1.0,11179,141,86015
8,86164,2301,0.0,11180,141,86023
8,86172,2302,1.0,11181,141,86031
8,86180,2302,0.0,11182,141,86039
2,86182,2302,0.0,11183,141,86041
8,86190,2303,1.0,11184,141,86049
8,86198,2303,0.0,11185,141,86057
8,86206,2304,1.0,11186,141,86065
8,86214,2305,1.0,11187,141,86073
4,86218,2305,0.0,11188,141,86077
5,86223,2305,0.0,11189,141,86082
4,86227,2305,0.0,11190,141,86086
8,86235,2306,1.0,11191,141,86094
8,86243,2307,1.0,11192,141,86102
2,86245,2307,0.0,11193,141,86104
2,86247,2307,0.0,11194,141,86106
8,86255,2308,1.0,11195,141,86114
8,86263,2309,1.0,11196,141,86122
8,86271,2309,0.0,11197,141,86130
8,86279,2310,1.0,11198,141,86138
8,86287,2310,0.0,11199,141,86146
16,86303,2310,0.0,11200,141,86162
4,86307,2310,0.0,11201,141,86166
5,86312,2310,0.0,11202,141,86171
5,86317,2310,0.0,11203,141,86176
18,86335,2310,0.0,11204,141,86194
2,86337,2310,0.0,11205,141,86196
8,86345,2311,1.0,11206,141,86204
2,86347,2311,0.0,11207,141,86206
2,86349,2311,0.0,11208,141,86208
5,86354,2311,0.0,11209,141,86213
2,86356,2311,0.0,11210,141,86215
8,86364,2312,1.0,11211,141,86223
6,86370,2312,0.0,11212,141,86229
8,86378,2312,0.0,11213,141,86237
5,86383,2312,0.0,11214,141,86242
17,86400,2312,0.0,11215,141,86259
3,86403,2312,0.0,11216,141,86262
11,86414,2312,0.0,11217,141,86273
4,86418,2312,0.0,11218,141,86277
8,86426,2313,1.0,11219,141,86285
8,86434,2314,1.0,11220,141,86293
8,86442,2315,1.0,11221,141,86301
3,86445,2315,0.0,11222,141,86304
8,86453,2316,1.0,11223,141,86312
18,86471,2316,0.0,11224,141,86330
13,86484,2316,0.0,11225,141,86343
2,86486,2316,0.0,11226,141,86345
8,86494,2317,1.0,11227,141,86353
2,86496,2317,0.0,11228,141,86355
2,86498,2317,0.0,11229,141,86357
8,86506,2317,0.0,11230,141,86365
8,86514,2318,1.0,11231,141,86373
19,86533,2319,1.0,11232,141,86392
8,86541,2320,1.0,11233,141,86400
8,86549,2320,0.0,11234,141,86408
5,86554,2320,0.0,11235,141,86413
2,86556,2320,0.0,11236,141,86415
8,86564,2321,1.0,11237,141,86423
4,86568,2321,0.0,11238,141,86427
5,86573,2321,0.0,11239,141,86432
9,86582,2321,0.0,11240,141,86441
6,86588,2321,0.0,11241,141,86447
8,86596,2321,0.0,11242,141,86455
7,86603,2321,0.0,11243,141,86462
8,86611,2321,0.0,11244,141,86470
8,86619,2321,0.0,11245,141,86478
10,86629,2321,0.0,11246,141,86488
8,86637,2321,0.0,11247,141,86496
4,86641,2321,0.0,11248,141,86500
5,86646,2321,0.0,11249,141,86505
8,86654,2322,1.0,11250,141,86513
4,86658,2322,0.0,11251,141,86517
4,86662,2322,0.0,11252,141,86521
19,86681,2323,1.0,11253,141,86540
8,86689,2323,0.0,11254,141,86548
2,86691,2323,0.0,11255,141,86550
2,86693,2323,0.0,11256,141,86552
5,86698,2323,0.0,11257,141,86557
4,86702,2323,0.0,11258,141,86561
9,86711,2323,0.0,11259,141,86570
12,86723,2323,0.0,11260,141,86582
2,86725,2323,0.0,11261,141,86584
9,86734,2323,0.0,11262,141,86593
2,86736,2323,0.0,11263,141,86595
2,86738,2323,0.0,11264,141,86597
2,86740,2323,0.0,11265,141,86599
8,86748,2324,1.0,11266,141,86607
16,86764,2324,0.0,11267,141,86623
2,86766,2324,0.0,11268,141,86625
10,86776,2324,0.0,11269,141,86635
8,86784,2325,1.0,11270,141,86643
8,86792,2326,1.0,11271,141,86651
8,86800,2327,1.0,11272,141,86659
8,86808,2327,0.0,11273,141,86667
4,86812,2327,0.0,11274,141,86671
2,86814,2327,0.0,11275,141,86673
21,86835,2327,0.0,11276,141,86694
11,86846,2327,0.0,11277,141,86705
8,86854,2327,0.0,11278,141,86713
8,86862,2328,1.0,11279,141,86721
8,86870,2329,1.0,11280,141,86729
3,86873,2329,0.0,11281,141,86732
6,86879,2329,0.0,11282,141,86738
11,86890,2329,0.0,11283,141,86749
28,86918,2329,0.0,11284,141,86777
9,86927,2329,0.0,11285,141,86786
5,86932,2329,0.0,11286,141,86791
8,86940,2330,1.0,11287,141,86799
9,86949,2330,0.0,11288,141,86808
8,86957,2331,1.0,11289,141,86816
2,86959,2331,0.0,11290,141,86818
8,86967,2331,0.0,11291,141,86826
7,86974,2331,0.0,11292,141,86833
8,86982,2332,1.0,11293,141,86841
8,86990,2333,1.0,11294,141,86849
20,87010,2333,0.0,11295,141,86869
14,87024,2333,0.0,11296,141,86883
8,87032,2334,1.0,11297,141,86891
2,87034,2334,0.0,11298,141,86893
8,87042,2334,0.0,11299,141,86901
19,87061,2335,1.0,11300,141,86920
2,87063,2335,0.0,11301,141,86922
4,87067,2335,0.0,11302,141,86926
13,87080,2335,0.0,11303,141,86939
5,87085,2335,0.0,11304,141,86944
5,87090,2335,0.0,11305,141,86949
8,87098,2336,1.0,11306,141,86957
2,87100,2336,0.0,11307,141,86959
4,87104,2336,0.0,11308,141,86963
3,87107,2336,0.0,11309,141,86966
3,87110,2336,0.0,11310,141,86969
22,87132,2336,0.0,11311,141,86991
12,87144,2336,0.0,11312,141,87003
8,87152,2337,1.0,11313,141,87011
8,87160,2337,0.0,11314,141,87019
4,87164,2337,0.0,11315,141,87023
8,87172,2338,1.0,11316,141,87031
5,87177,2338,0.0,11317,141,87036
2,87179,2338,0.0,11318,141,87038
5,87184,2338,0.0,11319,141,87043
8,87192,2339,1.0,11320,141,87051
5,87197,2339,0.0,11321,141,87056
17,87214,2339,0.0,11322,141,87073
8,87222,2339,0.0,11323,141,87081
9,87231,2339,0.0,11324,141,87090
4,87235,2339,0.0,11325,141,87094
3,87238,2339,0.0,11326,141,87097
19,87257,2339,0.0,11327,141,87116
2,87259,2339,0.0,11328,141,87118
4,87263,2339,0.0,11329,141,87122
2,87265,2339,0.0,11330,141,87124
10,87275,2339,0.0,11331,141,87134
8,87283,2339,0.0,11332,141,87142
14,87297,2339,0.0,11333,141,87156
3,87300,2339,0.0,11334,141,87159
8,87308,2339,0.0,11335,141,87167
4,87312,2339,0.0,11336,141,87171
19,87331,2340,1.0,11337,141,87190
8,87339,2341,1.0,11338,141,87198
8,87347,2342,1.0,11339,141,87206
8,87355,2342,0.0,11340,141,87214
9,87364,2342,0.0,11341,141,87223
8,87372,2342,0.0,11342,141,87231
6,87378,2342,0.0,11343,141,87237
19,87397,2343,1.0,11344,141,87256
10,87407,2343,0.0,11345,141,87266
2,87409,2343,0.0,11346,141,87268
16,87425,2343,0.0,11347,141,87284
4,87429,2343,0.0,11348,141,87288
8,87437,2343,0.0,11349,141,87296
16,87453,2343,0.0,11350,141,87312
8,87461,2344,1.0,11351,141,87320
8,87469,2345,1.0,11352,141,87328
8,87477,2346,1.0,11353,141,87336
8,87485,2347,1.0,11354,141,87344
2,87487,2347,0.0,11355,141,87346
2,87489,2347,0.0,11356,141,87348
8,87497,2348,1.0,11357,141,87356
8,87505,2349,1.0,11358,141,87364
19,87524,2350,1.0,11359,141,87383
8,87532,2351,1.0,11360,141,87391
8,87540,2352,1.0,11361,141,87399
2,87542,2352,0.0,11362,141,87401
5,87547,2352,0.0,11363,141,87406
4,87551,2352,0.0,11364,141,87410
2,87553,2352,0.0,11365,141,87412
8,87561,2353,1.0,11366,141,87420
2,87563,2353,0.0,11367,141,87422
3,87566,2353,0.0,11368,141,87425
8,87574,2354,1.0,11369,141,87433
7,87581,2354,0.0,11370,141,87440
8,87589,2354,0.0,11371,141,87448
9,87598,2354,0.0,11372,141,87457
8,87606,2355,1.0,11373,141,87465
18,87624,2355,0.0,11374,141,87483
17,87641,2355,0.0,11375,141,87500
8,87649,2355,0.0,11376,141,87508
5,87654,2355,0.0,11377,141,87513
4,87658,2355,0.0,11378,141,87517
10,87668,2355,0.0,11379,141,87527
8,87676,2356,1.0,11380,141,87535
8,87684,2356,0.0,11381,141,87543
8,87692,2357,1.0,11382,141,87551
4,87696,2357,0.0,11383,141,87555
8,87704,2358,1.0,11384,141,87563
19,87723,2359,1.0,11385,141,87582
8,87731,2360,1.0,11386,141,87590
8,87739,2361,1.0,11387,141,87598
10,87749,2361,0.0,11388,141,87608
8,87757,2362,1.0,11389,141,87616
8,87765,2363,1.0,11390,141,87624
5,87770,2363,0.0,11391,141,87629
9,87779,2363,0.0,11392,141,87638
9,87788,2363,0.0,11393,141,87647
8,87796,2364,1.0,11394,141,87655
4,87800,2364,0.0,11395,141,87659
8,87808,2365,1.0,11396,141,87667
8,87816,2366,1.0,11397,141,87675
5,87821,2366,0.0,11398,141,87680
7,87828,2366,0.0,11399,141,87687
3,87831,2366,0.0,11400,141,87690
5,87836,2366,0.0,11401,141,87695
2,87838,2366,0.0,11402,141,87697
12,87850,2366,0.0,11403,141,87709
8,87858,2367,1.0,11404,141,87717
8,87866,2368,1.0,11405,141,87725
2,87868,2368,0.0,11406,141,87727
8,87876,2368,0.0,11407,141,87735
2,87878,2368,0.0,11408,141,87737
27,87905,2368,0.0,11409,141,87764
8,87913,2369,1.0,11410,141,87772
9,87922,2369,0.0,11411,141,87781
6,87928,2369,0.0,11412,141,87787
4,87932,2369,0.0,11413,141,87791
9,87941,2369,0.0,11414,141,87800
8,87949,2370,1.0,11415,141,87808
8,87957,2371,1.0,11416,141,87816
4,87961,2371,0.0,11417,141,87820
8,87969,2372,1.0,11418,141,87828
8,87977,2372,0.0,11419,141,87836
5,87982,2372,0.0,11420,141,87841
5,87987,2372,0.0,11421,141,87846
8,87995,2372,0.0,11422,141,87854
6,88001,2372,0.0,11423,141,87860
16,88017,2372,0.0,11424,141,87876
8,88025,2373,1.0,11425,141,87884
23,88048,2373,0.0,11426,141,87907
8,88056,2374,1.0,11427,141,87915
8,88064,2375,1.0,11428,141,87923
7,88071,2375,0.0,11429,141,87930
6,88077,2375,0.0,11430,141,87936
15,88092,2375,0.0,11431,141,87951
7,88099,2375,0.0,11432,141,87958
2,88101,2375,0.0,11433,141,87960
5,88106,2375,0.0,11434,141,87965
2,88108,2375,0.0,11435,141,87967
21,88129,2375,0.0,11436,141,87988
2,88131,2375,0.0,11437,141,87990
2,88133,2375,0.0,11438,141,87992
8,88141,2376,1.0,11439,141,88000
6,88147,2376,0.0,11440,141,88006
8,88155,2377,1.0,11441,141,88014
8,88163,2378,1.0,11442,141,88022
8,88171,2379,1.0,11443,141,88030
4,88175,2379,0.0,11444,141,88034
8,88183,2380,1.0,11445,141,88042
22,88205,2380,0.0,11446,141,88064
4,88209,2380,0.0,11447,141,88068
6,88215,2380,0.0,11448,141,88074
5,88220,2380,0.0,11449,141,88079
8,88228,2381,1.0,11450,141,88087
14,88242,2381,0.0,11451,141,88101
8,88250,2382,1.0,11452,141,88109
8,88258,2383,1.0,11453,141,88117
2,88260,2383,0.0,11454,141,88119
4,88264,2383,0.0,11455,141,88123
12,88276,2383,0.0,11456,141,88135
8,88284,2384,1.0,11457,141,88143
8,88292,2384,0.0,11458,141,88151
3,88295,2384,0.0,11459,141,88154
2,88297,2384,0.0,11460,141,88156
9,88306,2384,0.0,11461,141,88165
5,88311,2384,0.0,11462,141,88170
8,88319,2385,1.0,11463,141,88178
9,88328,2385,0.0,11464,141,88187
5,88333,2385,0.0,11465,141,88192
4,88337,2385,0.0,11466,141,88196
2,88339,2385,0.0,11467,141,88198
8,88347,2385,0.0,11468,141,88206
8,88355,2386,1.0,11469,141,88214
3,88358,2386,0.0,11470,141,88217
8,88366,2387,1.0,11471,141,88225
4,88370,2387,0.0,11472,141,88229
6,88376,2387,0.0,11473,141,88235
16,88392,2387,0.0,11474,141,88251
21,88413,2387,0.0,11475,141,88272
5,88418,2387,0.0,11476,141,88277
8,88426,2388,1.0,11477,141,88285
8,88434,2388,0.0,11478,141,88293
17,88451,2388,0.0,11479,141,88310
2,88453,2388,0.0,11480,141,88312
8,88461,2389,1.0,11481,141,88320
4,88465,2389,0.0,11482,141,88324
19,88484,2390,1.0,11483,141,88343
7,88491,2390,0.0,11484,141,88350
8,88499,2390,0.0,11485,141,88358
8,88507,2391,1.0,11486,141,88366
2,88509,2391,0.0,11487,141,88368
8,88517,2392,1.0,11488,141,88376
6,88523,2392,0.0,11489,141,88382
16,88539,2392,0.0,11490,141,88398
2,88541,2392,0.0,11491,141,88400
8,88549,2393,1.0,11492,141,88408
3,88552,2393,0.0,11493,141,88411
8,88560,2393,0.0,11494,141,88419
2,88562,2393,0.0,11495,141,88421
3,88565,2393,0.0,11496,141,88424
8,88573,2394,1.0,11497,141,88432
2,88575,2394,0.0,11498,141,88434
5,88580,2394,0.0,11499,141,88439
8,88588,2395,1.0,11500,141,88447
9,88597,2395,0.0,11501,141,88456
8,88605,2396,1.0,11502,141,88464
9,88614,2396,0.0,11503,141,88473
2,88616,2396,0.0,11504,141,88475
8,88624,2397,1.0,11505,141,88483
8,88632,2398,1.0,11506,141,88491
2,88634,2398,0.0,11507,141,88493
2,88636,2398,0.0,11508,141,88495
10,88646,2398,0.0,11509,141,88505
7,88653,2398,0.0,11510,141,88512
5,88658,2398,0.0,11511,141,88517
4,88662,2398,0.0,11512,141,88521
2,88664,2398,0.0,11513,141,88523
5,88669,2398,0.0,11514,141,88528
2,88671,2398,0.0,11515,141,88530
4,88675,2398,0.0,11516,141,88534
6,88681,2398,0.0,11517,141,88540
8,88689,2398,0.0,11518,141,88548
7,88696,2398,0.0,11519,141,88555
2,88698,2398,0.0,11520,141,88557
8,88706,2399,1.0,11521,141,88565
8,88714,2400,1.0,11522,141,88573
8,88722,2400,0.0,11523,141,88581
4,88726,2400,0.0,11524,141,88585
9,88735,2400,0.0,11525,141,88594
7,88742,2400,0.0,11526,141,88601
2,88744,2400,0.0,11527,141,88603
8,88752,2401,1.0,11528,141,88611
5,88757,2401,0.0,11529,141,88616
5,88762,2401,0.0,11530,141,88621
12,88774,2401,0.0,11531,141,88633
6,88780,2401,0.0,11532,141,88639
8,88788,2402,1.0,11533,141,88647
3,88791,2402,0.0,11534,141,88650
8,88799,2403,1.0,11535,141,88658
4,88803,2403,0.0,11536,141,88662
19,88822,2404,1.0,11537,141,88681
11,88833,2404,0.0,11538,141,88692
3,88836,2404,0.0,11539,141,88695
4,88840,2404,0.0,11540,141,88699
8,88848,2405,1.0,11541,141,88707
8,88856,2405,0.0,11542,141,88715
18,88874,2405,0.0,11543,141,88733
8,88882,2406,1.0,11544,141,88741
2,88884,2406,0.0,11545,141,88743
5,88889,2406,0.0,11546,141,88748
2,88891,2406,0.0,11547,141,88750
11,88902,2406,0.0,11548,141,88761
8,88910,2406,0.0,11549,141,88769
5,88915,2406,0.0,11550,141,88774
8,88923,2407,1.0,11551,141,88782
4,88927,2407,0.0,11552,141,88786
8,88935,2408,1.0,11553,141,88794
2,88937,2408,0.0,11554,141,88796
8,88945,2408,0.0,11555,141,88804
6,88951,2408,0.0,11556,141,88810
12,88963,2408,0.0,11557,141,88822
4,88967,2408,0.0,11558,141,88826
20,88987,2408,0.0,11559,141,88846
6,88993,2408,0.0,11560,141,88852
9,89002,2408,0.0,11561,141,88861
8,89010,2408,0.0,11562,141,88869
4,89014,2408,0.0,11563,141,88873
5,89019,2408,0.0,11564,141,88878
8,89027,2409,1.0,11565,141,88886
11,89038,2409,0.0,11566,141,88897
8,89046,2409,0.0,11567,141,88905
5,89051,2409,0.0,11568,141,88910
8,89059,2409,0.0,11569,141,88918
8,89067,2410,1.0,11570,141,88926
8,89075,2411,1.0,11571,141,88934
4,89079,2411,0.0,11572,141,88938
8,89087,2412,1.0,11573,141,88946
8,89095,2412,0.0,11574,141,88954
5,89100,2412,0.0,11575,141,88959
4,89104,2412,0.0,11576,141,88963
8,89112,2413,1.0,11577,141,88971
7,89119,2413,0.0,11578,141,88978
2,89121,2413,0.0,11579,141,88980
11,89132,2413,0.0,11580,141,88991
8,89140,2414,1.0,11581,141,88999
7,89147,2414,0.0,11582,141,89006
4,89151,2414,0.0,11583,141,89010
4,89155,2414,0.0,11584,141,89014
4,89159,2414,0.0,11585,141,89018
8,89167,2415,1.0,11586,141,89026
8,89175,2416,1.0,11587,141,89034
5,89180,2416,0.0,11588,141,89039
10,89190,2416,0.0,11589,141,89049
8,89198,2417,1.0,11590,141,89057
4,89202,2417,0.0,11591,141,89061
5,89207,2417,0.0,11592,141,89066
6,89213,2417,0.0,11593,141,89072
5,89218,2417,0.0,11594,141,89077
3,89221,2417,0.0,11595,141,89080
8,89229,2418,1.0,11596,141,89088
2,89231,2418,0.0,11597,141,89090
23,89254,2418,0.0,11598,141,89113
8,89262,2419,1.0,11599,141,89121
8,89270,2420,1.0,11600,141,89129
3,89273,2420,0.0,11601,141,89132
2,89275,2420,0.0,11602,141,89134
4,89279,2420,0.0,11603,141,89138
8,89287,2421,1.0,11604,141,89146
8,89295,2422,1.0,11605,141,89154
2,89297,2422,0.0,11606,141,89156
8,89305,2423,1.0,11607,141,89164
9,89314,2423,0.0,11608,141,89173
2,89316,2423,0.0,11609,141,89175
8,89324,2424,1.0,11610,141,89183
19,89343,2424,0.0,11611,141,89202
2,89345,2424,0.0,11612,141,89204
10,89355,2424,0.0,11613,141,89214
10,89365,2424,0.0,11614,141,89224
9,89374,2424,0.0,11615,141,89233
8,89382,2425,1.0,11616,141,89241
8,89390,2426,1.0,11617,141,89249
8,89398,2426,0.0,11618,141,89257
14,89412,2426,0.0,11619,141,89271
4,89416,2426,0.0,11620,141,89275
3,89419,2426,0.0,11621,141,89278
8,89427,2427,1.0,11622,141,89286
18,89445,2427,0.0,11623,141,89304
8,89453,2428,1.0,11624,141,89312
9,89462,2428,0.0,11625,141,89321
2,89464,2428,0.0,11626,141,89323
2,89466,2428,0.0,11627,141,89325
16,89482,2428,0.0,11628,141,89341
5,89487,2428,0.0,11629,141,89346
6,89493,2428,0.0,11630,141,89352
8,89501,2429,1.0,11631,141,89360
17,89518,2430,1.0,11632,141,89377
4,89522,2430,0.0,11633,141,89381
8,89530,2431,1.0,11634,141,89389
4,89534,2431,0.0,11635,141,89393
8,89542,2432,1.0,11636,141,89401
4,89546,2432,0.0,11637,141,89405
8,89554,2432,0.0,11638,141,89413
9,89563,2432,0.0,11639,141,89422
9,89572,2432,0.0,11640,141,89431
19,89591,2433,1.0,11641,141,89450
8,89599,2434,1.0,11642,141,89458
8,89607,2434,0.0,11643,141,89466
2,89609,2434,0.0,11644,141,89468
8,89617,2434,0.0,11645,141,89476
2,89619,2434,0.0,11646,141,89478
4,89623,2434,0.0,11647,141,89482
4,89627,2434,0.0,11648,141,89486
8,89635,2435,1.0,11649,141,89494
7,89642,2435,0.0,11650,141,89501
2,89644,2435,0.0,11651,141,89503
19,89663,2436,1.0,11652,141,89522
2,89665,2436,0.0,11653,141,89524
2,89667,2436,0.0,11654,141,89526
7,89674,2436,0.0,11655,141,89533
8,89682,2437,1.0,11656,141,89541
2,89684,2437,0.0,11657,141,89543
2,89686,2437,0.0,11658,141,89545
5,89691,2437,0.0,11659,141,89550
8,89699,2438,1.0,11660,141,89558
5,89704,2438,0.0,11661,141,89563
2,89706,2438,0.0,11662,141,89565
5,89711,2438,0.0,11663,141,89570
6,89717,2438,0.0,11664,141,89576
8,89725,2439,1.0,11665,141,89584
4,89729,2439,0.0,11666,141,89588
8,89737,2440,1.0,11667,141,89596
5,89742,2440,0.0,11668,141,89601
14,89756,2440,0.0,11669,141,89615
13,89769,2440,0.0,11670,141,89628
8,89777,2440,0.0,11671,141,89636
13,89790,2440,0.0,11672,141,89649
4,89794,2440,0.0,11673,141,89653
5,89799,2440,0.0,11674,141,89658
6,89805,2440,0.0,11675,141,89664
2,89807,2440,0.0,11676,141,89666
6,89813,2440,0.0,11677,141,89672
8,89821,2440,0.0,11678,141,89680
2,89823,2440,0.0,11679,141,89682
2,89825,2440,0.0,11680,141,89684
8,89833,2441,1.0,11681,141,89692
8,89841,2442,1.0,11682,141,89700
5,89846,2442,0.0,11683,141,89705
10,89856,2442,0.0,11684,141,89715
4,89860,2442,0.0,11685,141,89719
6,89866,2442,0.0,11686,141,89725
8,89874,2443,1.0,11687,141,89733
4,89878,2443,0.0,11688,141,89737
8,89886,2444,1.0,11689,141,89745
8,89894,2445,1.0,11690,141,89753
4,89898,2445,0.0,11691,141,89757
2,89900,2445,0.0,11692,141,89759
2,89902,2445,0.0,11693,141,89761
2,89904,2445,0.0,11694,141,89763
2,89906,2445,0.0,11695,141,89765
2,89908,2445,0.0,11696,141,89767
8,89916,2446,1.0,11697,141,89775
8,89924,2447,1.0,11698,141,89783
4,89928,2447,0.0,11699,141,89787
8,89936,2448,1.0,11700,141,89795
10,89946,2448,0.0,11701,141,89805
7,89953,2448,0.0,11702,141,89812
8,89961,2449,1.0,11703,141,89820
8,89969,2449,0.0,11704,141,89828
4,89973,2449,0.0,11705,141,89832
8,89981,2450,1.0,11706,141,89840
3,89984,2450,0.0,11707,141,89843
9,89993,2450,0.0,11708,141,89852
8,90001,2451,1.0,11709,141,89860
4,90005,2451,0.0,11710,141,89864
4,90009,2451,0.0,11711,141,89868
8,90017,2452,1.0,11712,141,89876
8,90025,2452,0.0,11713,141,89884
6,90031,2452,0.0,11714,141,89890
8,90039,2453,1.0,11715,141,89898
5,90044,2453,0.0,11716,141,89903
17,90061,2454,1.0,11717,141,89920
8,90069,2454,0.0,11718,141,89928
8,90077,2454,0.0,11719,141,89936
13,90090,2454,0.0,11720,141,89949
2,90092,2454,0.0,11721,141,89951
10,90102,2454,0.0,11722,141,89961
8,90110,2455,1.0,11723,141,89969
8,90118,2455,0.0,11724,141,89977
5,90123,2455,0.0,11725,141,89982
10,90133,2455,0.0,11726,141,89992
8,90141,2455,0.0,11727,141,90000
8,90149,2456,1.0,11728,141,90008
8,90157,2456,0.0,11729,141,90016
8,90165,2457,1.0,11730,141,90024
8,90173,2457,0.0,11731,141,90032
3,90176,2457,0.0,11732,141,90035
3,90179,2457,0.0,11733,141,90038
8,90187,2457,0.0,11734,141,90046
5,90192,2457,0.0,11735,141,90051
18,90210,2457,0.0,11736,141,90069
8,90218,2458,1.0,11737,141,90077
2,90220,2458,0.0,11738,141,90079
2,90222,2458,0.0,11739,141,90081
7,90229,2458,0.0,11740,141,90088
8,90237,2458,0.0,11741,141,90096
10,90247,2458,0.0,11742,141,90106
2,90249,2458,0.0,11743,141,90108
8,90257,2459,1.0,11744,141,90116
4,90261,2459,0.0,11745,141,90120
8,90269,2460,1.0,11746,141,90128
9,90278,2460,0.0,11747,141,90137
6,90284,2460,0.0,11748,141,90143
8,90292,2461,1.0,11749,141,90151
4,90296,2461,0.0,11750,141,90155
2,90298,2461,0.0,11751,141,90157
2,90300,2461,0.0,11752,141,90159
6,90306,2461,0.0,11753,141,90165
8,90314,2461,0.0,11754,141,90173
8,90322,2462,1.0,11755,141,90181
9,90331,2462,0.0,11756,141,90190
8,90339,2462,0.0,11757,141,90198
7,90346,2462,0.0,11758,141,90205
2,90348,2462,0.0,11759,141,90207
6,90354,2462,0.0,11760,141,90213
7,90361,2462,0.0,11761,141,90220
4,90365,2462,0.0,11762,141,90224
2,90367,2462,0.0,11763,141,90226
5,90372,2462,0.0,11764,141,90231
2,90374,2462,0.0,11765,141,90233
4,90378,2462,0.0,11766,141,90237
9,90387,2462,0.0,11767,141,90246
19,90406,2463,1.0,11768,141,90265
16,90422,2463,0.0,11769,141,90281
8,90430,2464,1.0,11770,141,90289
8,90438,2465,1.0,11771,141,90297
8,90446,2466,1.0,11772,141,90305
14,90460,2466,0.0,11773,141,90319
11,90471,2466,0.0,11774,141,90330
6,90477,2466,0.0,11775,141,90336
17,90494,2467,1.0,11776,141,90353
13,90507,2467,0.0,11777,141,90366
4,90511,2467,0.0,11778,141,90370
9,90520,2467,0.0,11779,141,90379
10,90530,2467,0.0,11780,141,90389
8,90538,2467,0.0,11781,141,90397
8,90546,2467,0.0,11782,141,90405
7,90553,2467,0.0,11783,141,90412
2,90555,2467,0.0,11784,141,90414
9,90564,2467,0.0,11785,141,90423
7,90571,2467,0.0,11786,141,90430
8,90579,2468,1.0,11787,141,90438
3,90582,2468,0.0,11788,141,90441
17,90599,2469,1.0,11789,141,90458
2,90601,2469,0.0,11790,141,90460
13,90614,2469,0.0,11791,141,90473
13,90627,2469,0.0,11792,141,90486
8,90635,2470,1.0,11793,141,90494
8,90643,2470,0.0,11794,141,90502
14,90657,2470,0.0,11795,141,90516
6,90663,2470,0.0,11796,141,90522
8,90671,2470,0.0,11797,141,90530
15,90686,2470,0.0,11798,141,90545
8,90694,2471,1.0,11799,141,90553
5,90699,2471,0.0,11800,141,90558
5,90704,2471,0.0,11801,141,90563
5,90709,2471,0.0,11802,141,90568
4,90713,2471,0.0,11803,141,90572
16,90729,2471,0.0,11804,141,90588
32,90761,2471,0.0,11805,141,90620
8,90769,2472,1.0,11806,141,90628
10,90779,2472,0.0,11807,141,90638
18,90797,2472,0.0,11808,141,90656
4,90801,2472,0.0,11809,141,90660
2,90803,2472,0.0,11810,141,90662
2,90805,2472,0.0,11811,141,90664
8,90813,2473,1.0,11812,141,90672
2,90815,2473,0.0,11813,141,90674
7,90822,2473,0.0,11814,141,90681
5,90827,2473,0.0,11815,141,90686
6,90833,2473,0.0,11816,141,90692
2,90835,2473,0.0,11817,141,90694
8,90843,2474,1.0,11818,141,90702
2,90845,2474,0.0,11819,141,90704
8,90853,2475,1.0,11820,141,90712
8,90861,2476,1.0,11821,141,90720
8,90869,2477,1.0,11822,141,90728
3,90872,2477,0.0,11823,141,90731
8,90880,2477,0.0,11824,141,90739
12,90892,2477,0.0,11825,141,90751
8,90900,2478,1.0,11826,141,90759
24,90924,2478,0.0,11827,141,90783
8,90932,2479,1.0,11828,141,90791
5,90937,2479,0.0,11829,141,90796
9,90946,2479,0.0,11830,141,90805
8,90954,2479,0.0,11831,141,90813
8,90962,2479,0.0,11832,141,90821
4,90966,2479,0.0,11833,141,90825
2,90968,2479,0.0,11834,141,90827
7,90975,2479,0.0,11835,141,90834
14,90989,2479,0.0,11836,141,90848
10,90999,2479,0.0,11837,141,90858
2,91001,2479,0.0,11838,141,90860
11,91012,2479,0.0,11839,141,90871
4,91016,2479,0.0,11840,141,90875
8,91024,2480,1.0,11841,141,90883
9,91033,2480,0.0,11842,141,90892
4,91037,2480,0.0,11843,141,90896
8,91045,2480,0.0,11844,141,90904
8,91053,2480,0.0,11845,141,90912
8,91061,2481,1.0,11846,141,90920
8,91069,2482,1.0,11847,141,90928
2,91071,2482,0.0,11848,141,90930
8,91079,2483,1.0,11849,141,90938
7,91086,2483,0.0,11850,141,90945
10,91096,2483,0.0,11851,141,90955
8,91104,2484,1.0,11852,141,90963
4,91108,2484,0.0,11853,141,90967
5,91113,2484,0.0,11854,141,90972
8,91121,2485,1.0,11855,141,90980
12,91133,2485,0.0,11856,141,90992
8,91141,2486,1.0,11857,141,91000
5,91146,2486,0.0,11858,141,91005
8,91154,2487,1.0,11859,141,91013
16,91170,2487,0.0,11860,141,91029
4,91174,2487,0.0,11861,141,91033
11,91185,2487,0.0,11862,141,91044
27,91212,2487,0.0,11863,141,91071
8,91220,2488,1.0,11864,141,91079
7,91227,2488,0.0,11865,141,91086
2,91229,2488,0.0,11866,141,91088
8,91237,2488,0.0,11867,141,91096
9,91246,2488,0.0,11868,141,91105
18,91264,2488,0.0,11869,141,91123
2,91266,2488,0.0,11870,141,91125
8,91274,2488,0.0,11871,141,91133
15,91289,2488,0.0,11872,141,91148
5,91294,2488,0.0,11873,141,91153
19,91313,2488,0.0,11874,141,91172
3,91316,2488,0.0,11875,141,91175
2,91318,2488,0.0,11876,141,91177
2,91320,2488,0.0,11877,141,91179
7,91327,2488,0.0,11878,141,91186
10,91337,2488,0.0,11879,141,91196
5,91342,2488,0.0,11880,141,91201
25,91367,2488,0.0,11881,141,91226
8,91375,2489,1.0,11882,141,91234
8,91383,2490,1.0,11883,141,91242
8,91391,2490,0.0,11884,141,91250
25,91416,2490,0.0,11885,141,91275
6,91422,2490,0.0,11886,141,91281
8,91430,2491,1.0,11887,141,91289
8,91438,2492,1.0,11888,141,91297
15,91453,2492,0.0,11889,141,91312
8,91461,2492,0.0,11890,141,91320
8,91469,2493,1.0,11891,141,91328
8,91477,2494,1.0,11892,141,91336
5,91482,2494,0.0,11893,141,91341
2,91484,2494,0.0,11894,141,91343
2,91486,2494,0.0,11895,141,91345
6,91492,2494,0.0,11896,141,91351
13,91505,2494,0.0,11897,141,91364
2,91507,2494,0.0,11898,141,91366
8,91515,2495,1.0,11899,141,91374
18,91533,2495,0.0,11900,141,91392
9,91542,2495,0.0,11901,141,91401
3,91545,2495,0.0,11902,141,91404
8,91553,2496,1.0,11903,141,91412
8,91561,2497,1.0,11904,141,91420
13,91574,2497,0.0,11905,141,91433
6,91580,2497,0.0,11906,141,91439
8,91588,2498,1.0,11907,141,91447
8,91596,2499,1.0,11908,141,91455
26,91622,2499,0.0,11909,141,91481
8,91630,2499,0.0,11910,141,91489
2,91632,2499,0.0,11911,141,91491
8,91640,2500,1.0,11912,141,91499
7,91647,2500,0.0,11913,141,91506
4,91651,2500,0.0,11914,141,91510
2,91653,2500,0.0,11915,141,91512
14,91667,2500,0.0,11916,141,91526
4,91671,2500,0.0,11917,141,91530
2,91673,2500,0.0,11918,141,91532
11,91684,2500,0.0,11919,141,91543
8,91692,2501,1.0,11920,141,91551
8,91700,2502,1.0,11921,141,91559
9,91709,2502,0.0,11922,141,91568
8,91717,2503,1.0,11923,141,91576
8,91725,2503,0.0,11924,141,91584
8,91733,2504,1.0,11925,141,91592
8,91741,2505,1.0,11926,141,91600
5,91746,2505,0.0,11927,141,91605
12,91758,2505,0.0,11928,141,91617
2,91760,2505,0.0,11929,141,91619
2,91762,2505,0.0,11930,141,91621
3,91765,2505,0.0,11931,141,91624
8,91773,2506,1.0,11932,141,91632
4,91777,2506,0.0,11933,141,91636
7,91784,2506,0.0,11934,141,91643
4,91788,2506,0.0,11935,141,91647
8,91796,2507,1.0,11936,141,91655
10,91806,2507,0.0,11937,141,91665
17,91823,2508,1.0,11938,141,91682
2,91825,2508,0.0,11939,141,91684
8,91833,2509,1.0,11940,141,91692
13,91846,2509,0.0,11941,141,91705
4,91850,2509,0.0,11942,141,91709
8,91858,2509,0.0,11943,141,91717
8,91866,2509,0.0,11944,141,91725
8,91874,2510,1.0,11945,141,91733
10,91884,2510,0.0,11946,141,91743
8,91892,2511,1.0,11947,141,91751
19,91911,2512,1.0,11948,141,91770
8,91919,2512,0.0,11949,141,91778
8,91927,2513,1.0,11950,141,91786
7,91934,2513,0.0,11951,141,91793
8,91942,2514,1.0,11952,141,91801
2,91944,2514,0.0,11953,141,91803
10,91954,2514,0.0,11954,141,91813
4,91958,2514,0.0,11955,141,91817
8,91966,2515,1.0,11956,141,91825
9,91975,2515,0.0,11957,141,91834
6,91981,2515,0.0,11958,141,91840
9,91990,2515,0.0,11959,141,91849
17,92007,2516,1.0,11960,141,91866
5,92012,2516,0.0,11961,141,91871
13,92025,2516,0.0,11962,141,91884
3,92028,2516,0.0,11963,141,91887
7,92035,2516,0.0,11964,141,91894
5,92040,2516,0.0,11965,141,91899
47,92087,2516,0.0,11966,141,91946
8,92095,2517,1.0,11967,141,91954
5,92100,2517,0.0,11968,141,91959
9,92109,2517,0.0,11969,141,91968
4,92113,2517,0.0,11970,141,91972
9,92122,2517,0.0,11971,141,91981
8,92130,2518,1.0,11972,141,91989
6,92136,2518,0.0,11973,141,91995
8,92144,2519,1.0,11974,141,92003
4,92148,2519,0.0,11975,141,92007
2,92150,2519,0.0,11976,141,92009
8,92158,2520,1.0,11977,141,92017
2,92160,2520,0.0,11978,141,92019
8,92168,2520,0.0,11979,141,92027
8,92176,2521,1.0,11980,141,92035
4,92180,2521,0.0,11981,141,92039
25,92205,2521,0.0,11982,141,92064
5,92210,2521,0.0,11983,141,92069
10,92220,2521,0.0,11984,141,92079
13,92233,2521,0.0,11985,141,92092
4,92237,2521,0.0,11986,141,92096
4,92241,2521,0.0,11987,141,92100
6,92247,2521,0.0,11988,141,92106
8,92255,2521,0.0,11989,141,92114
5,92260,2521,0.0,11990,141,92119
5,92265,2521,0.0,11991,141,92124
8,92273,2522,1.0,11992,141,92132
8,92281,2523,1.0,11993,141,92140
10,92291,2523,0.0,11994,141,92150
11,92302,2523,0.0,11995,141,92161
8,92310,2523,0.0,11996,141,92169
9,92319,2523,0.0,11997,141,92178
16,92335,2523,0.0,11998,141,92194
8,92343,2523,0.0,11999,141,92202
8,92351,2523,0.0,12000,141,92210
8,92359,2523,0.0,12001,141,92218
8,92367,2524,1.0,12002,141,92226
8,92375,2525,1.0,12003,141,92234
2,92377,2525,0.0,12004,141,92236
6,92383,2525,0.0,12005,141,92242
8,92391,2525,0.0,12006,141,92250
19,92410,2526,1.0,12007,141,92269
23,92433,2526,0.0,12008,141,92292
8,92441,2526,0.0,12009,141,92300
13,92454,2526,0.0,12010,141,92313
8,92462,2527,1.0,12011,141,92321
5,92467,2527,0.0,12012,141,92326
9,92476,2527,0.0,12013,141,92335
6,92482,2527,0.0,12014,141,92341
11,92493,2527,0.0,12015,141,92352
2,92495,2527,0.0,12016,141,92354
5,92500,2527,0.0,12017,141,92359
4,92504,2527,0.0,12018,141,92363
6,92510,2527,0.0,12019,141,92369
8,92518,2528,1.0,12020,141,92377
2,92520,2528,0.0,12021,141,92379
8,92528,2529,1.0,12022,141,92387
18,92546,2529,0.0,12023,141,92405
10,92556,2529,0.0,12024,141,92415
2,92558,2529,0.0,12025,141,92417
13,92571,2529,0.0,12026,141,92430
11,92582,2529,0.0,12027,141,92441
9,92591,2529,0.0,12028,141,92450
3,92594,2529,0.0,12029,141,92453
10,92604,2529,0.0,12030,141,92463
13,92617,2529,0.0,12031,141,92476
4,92621,2529,0.0,12032,141,92480
11,92632,2529,0.0,12033,141,92491
4,92636,2529,0.0,12034,141,92495
17,92653,2529,0.0,12035,141,92512
5,92658,2529,0.0,12036,141,92517
7,92665,2529,0.0,12037,141,92524
5,92670,2529,0.0,12038,141,92529
8,92678,2530,1.0,12039,141,92537
11,92689,2530,0.0,12040,141,92548
8,92697,2531,1.0,12041,141,92556
2,92699,2531,0.0,12042,141,92558
5,92704,2531,0.0,12043,141,92563
5,92709,2531,0.0,12044,141,92568
18,92727,2531,0.0,12045,141,92586
13,92740,2531,0.0,12046,141,92599
5,92745,2531,0.0,12047,141,92604
9,92754,2531,0.0,12048,141,92613
6,92760,2531,0.0,12049,141,92619
8,92768,2531,0.0,12050,141,92627
10,92778,2531,0.0,12051,141,92637
5,92783,2531,0.0,12052,141,92642
5,92788,2531,0.0,12053,141,92647
2,92790,2531,0.0,12054,141,92649
5,92795,2531,0.0,12055,141,92654
5,92800,2531,0.0,12056,141,92659
8,92808,2532,1.0,12057,141,92667
14,92822,2532,0.0,12058,141,92681
10,92832,2532,0.0,12059,141,92691
12,92844,2532,0.0,12060,141,92703
8,92852,2533,1.0,12061,141,92711
2,92854,2533,0.0,12062,141,92713
9,92863,2533,0.0,12063,141,92722
16,92879,2533,0.0,12064,141,92738
2,92881,2533,0.0,12065,141,92740
8,92889,2534,1.0,12066,141,92748
8,92897,2535,1.0,12067,141,92756
8,92905,2536,1.0,12068,141,92764
8,92913,2537,1.0,12069,141,92772
8,92921,2537,0.0,12070,141,92780
10,92931,2537,0.0,12071,141,92790
8,92939,2537,0.0,12072,141,92798
6,92945,2537,0.0,12073,141,92804
10,92955,2537,0.0,12074,141,92814
7,92962,2537,0.0,12075,141,92821
9,92971,2537,0.0,12076,141,92830
4,92975,2537,0.0,12077,141,92834
12,92987,2537,0.0,12078,141,92846
16,93003,2537,0.0,12079,141,92862
2,93005,2537,0.0,12080,141,92864
8,93013,2538,1.0,12081,141,92872
10,93023,2538,0.0,12082,141,92882
2,93025,2538,0.0,12083,141,92884
3,93028,2538,0.0,12084,141,92887
2,93030,2538,0.0,12085,141,92889
3,93033,2538,0.0,12086,141,92892
8,93041,2538,0.0,12087,141,92900
8,93049,2539,1.0,12088,141,92908
13,93062,2539,0.0,12089,141,92921
2,93064,2539,0.0,12090,141,92923
11,93075,2539,0.0,12091,141,92934
8,93083,2540,1.0,12092,141,92942
9,93092,2540,0.0,12093,141,92951
13,93105,2540,0.0,12094,141,92964
13,93118,2540,0.0,12095,141,92977
30,93148,2540,0.0,12096,141,93007
8,93156,2541,1.0,12097,141,93015
15,93171,2541,0.0,12098,141,93030
10,93181,2541,0.0,12099,141,93040
4,93185,2541,0.0,12100,141,93044
8,93193,2542,1.0,12101,141,93052
8,93201,2543,1.0,12102,141,93060
5,93206,2543,0.0,12103,141,93065
8,93214,2544,1.0,12104,141,93073
5,93219,2544,0.0,12105,141,93078
8,93227,2545,1.0,12106,141,93086
9,93236,2545,0.0,12107,141,93095
2,93238,2545,0.0,12108,141,93097
8,93246,2546,1.0,12109,141,93105
2,93248,2546,0.0,12110,141,93107
8,93256,2547,1.0,12111,141,93115
2,93258,2547,0.0,12112,141,93117
5,93263,2547,0.0,12113,141,93122
10,93273,2547,0.0,12114,141,93132
8,93281,2547,0.0,12115,141,93140
14,93295,2547,0.0,12116,141,93154
12,93307,2547,0.0,12117,141,93166
10,93317,2547,0.0,12118,141,93176
16,93333,2547,0.0,12119,141,93192
8,93341,2547,0.0,12120,141,93200
12,93353,2547,0.0,12121,141,93212
8,93361,2548,1.0,12122,141,93220
8,93369,2549,1.0,12123,141,93228
19,93388,2550,1.0,12124,141,93247
4,93392,2550,0.0,12125,141,93251
18,93410,2550,0.0,12126,141,93269
8,93418,2551,1.0,12127,141,93277
10,93428,2551,0.0,12128,141,93287
4,93432,2551,0.0,12129,141,93291
8,93440,2552,1.0,12130,141,93299
4,93444,2552,0.0,12131,141,93303
19,93463,2553,1.0,12132,141,93322
2,93465,2553,0.0,12133,141,93324
17,93482,2554,1.0,12134,141,93341
4,93486,2554,0.0,12135,141,93345
8,93494,2554,0.0,12136,141,93353
9,93503,2554,0.0,12137,141,93362
5,93508,2554,0.0,12138,141,93367
5,93513,2554,0.0,12139,141,93372
5,93518,2554,0.0,12140,141,93377
4,93522,2554,0.0,12141,141,93381
8,93530,2554,0.0,12142,141,93389
5,93535,2554,0.0,12143,141,93394
17,93552,2554,0.0,12144,141,93411
17,93569,2555,1.0,12145,141,93428
13,93582,2555,0.0,12146,141,93441
5,93587,2555,0.0,12147,141,93446
8,93595,2555,0.0,12148,141,93454
7,93602,2555,0.0,12149,141,93461
10,93612,2555,0.0,12150,141,93471
6,93618,2555,0.0,12151,141,93477
10,93628,2555,0.0,12152,141,93487
8,93636,2556,1.0,12153,141,93495
10,93646,2556,0.0,12154,141,93505
12,93658,2556,0.0,12155,141,93517
9,93667,2556,0.0,12156,141,93526
12,93679,2556,0.0,12157,141,93538
2,93681,2556,0.0,12158,141,93540
10,93691,2556,0.0,12159,141,93550
10,93701,2556,0.0,12160,141,93560
4,93705,2556,0.0,12161,141,93564
5,93710,2556,0.0,12162,141,93569
9,93719,2556,0.0,12163,141,93578
8,93727,2557,1.0,12164,141,93586
8,93735,2558,1.0,12165,141,93594
8,93743,2559,1.0,12166,141,93602
5,93748,2559,0.0,12167,141,93607
5,93753,2559,0.0,12168,141,93612
8,93761,2560,1.0,12169,141,93620
5,93766,2560,0.0,12170,141,93625
13,93779,2560,0.0,12171,141,93638
8,93787,2561,1.0,12172,141,93646
5,93792,2561,0.0,12173,141,93651
24,93816,2561,0.0,12174,141,93675
6,93822,2561,0.0,12175,141,93681
2,93824,2561,0.0,12176,141,93683
6,93830,2561,0.0,12177,141,93689
8,93838,2562,1.0,12178,141,93697
2,93840,2562,0.0,12179,141,93699
8,93848,2563,1.0,12180,141,93707
8,93856,2563,0.0,12181,141,93715
8,93864,2564,1.0,12182,141,93723
8,93872,2564,0.0,12183,141,93731
10,93882,2564,0.0,12184,141,93741
8,93890,2565,1.0,12185,141,93749
3,93893,2565,0.0,12186,141,93752
8,93901,2565,0.0,12187,141,93760
2,93903,2565,0.0,12188,141,93762
4,93907,2565,0.0,12189,141,93766
10,93917,2565,0.0,12190,141,93776
6,93923,2565,0.0,12191,141,93782
8,93931,2565,0.0,12192,141,93790
8,93939,2565,0.0,12193,141,93798
25,93964,2565,0.0,12194,141,93823
8,93972,2566,1.0,12195,141,93831
6,93978,2566,0.0,12196,141,93837
4,93982,2566,0.0,12197,141,93841
5,93987,2566,0.0,12198,141,93846
2,93989,2566,0.0,12199,141,93848
12,94001,2566,0.0,12200,141,93860
2,94003,2566,0.0,12201,141,93862
15,94018,2566,0.0,12202,141,93877
13,94031,2566,0.0,12203,141,93890
8,94039,2567,1.0,12204,141,93898
12,94051,2567,0.0,12205,141,93910
14,94065,2567,0.0,12206,141,93924
9,94074,2567,0.0,12207,141,93933
13,94087,2567,0.0,12208,141,93946
4,94091,2567,0.0,12209,141,93950
7,94098,2567,0.0,12210,141,93957
4,94102,2567,0.0,12211,141,93961
3,94105,2567,0.0,12212,141,93964
8,94113,2568,1.0,12213,141,93972
12,94125,2568,0.0,12214,141,93984
5,94130,2568,0.0,12215,141,93989
6,94136,2568,0.0,12216,141,93995
3,94139,2568,0.0,12217,141,93998
8,94147,2568,0.0,12218,141,94006
10,94157,2568,0.0,12219,141,94016
10,94167,2568,0.0,12220,141,94026
5,94172,2568,0.0,12221,141,94031
8,94180,2569,1.0,12222,141,94039
8,94188,2570,1.0,12223,141,94047
7,94195,2570,0.0,12224,141,94054
10,94205,2570,0.0,12225,141,94064
2,94207,2570,0.0,12226,141,94066
2,94209,2570,0.0,12227,141,94068
8,94217,2571,1.0,12228,141,94076
10,94227,2571,0.0,12229,141,94086
8,94235,2572,1.0,12230,141,94094
8,94243,2572,0.0,12231,141,94102
8,94251,2572,0.0,12232,141,94110
10,94261,2572,0.0,12233,141,94120
2,94263,2572,0.0,12234,141,94122
8,94271,2572,0.0,12235,141,94130
6,94277,2572,0.0,12236,141,94136
10,94287,2572,0.0,12237,141,94146
14,94301,2572,0.0,12238,141,94160
11,94312,2572,0.0,12239,141,94171
2,94314,2572,0.0,12240,141,94173
8,94322,2573,1.0,12241,141,94181
4,94326,2573,0.0,12242,141,94185
2,94328,2573,0.0,12243,141,94187
8,94336,2574,1.0,12244,141,94195
5,94341,2574,0.0,12245,141,94200
6,94347,2574,0.0,12246,141,94206
8,94355,2574,0.0,12247,141,94214
2,94357,2574,0.0,12248,141,94216
27,94384,2574,0.0,12249,141,94243
9,94393,2574,0.0,12250,141,94252
2,94395,2574,0.0,12251,141,94254
10,94405,2574,0.0,12252,141,94264
3,94408,2574,0.0,12253,141,94267
14,94422,2574,0.0,12254,141,94281
8,94430,2575,1.0,12255,141,94289
33,94463,2575,0.0,12256,141,94322
8,94471,2575,0.0,12257,141,94330
17,94488,2575,0.0,12258,141,94347
6,94494,2575,0.0,12259,141,94353
10,94504,2575,0.0,12260,141,94363
4,94508,2575,0.0,12261,141,94367
8,94516,2575,0.0,12262,141,94375
20,94536,2575,0.0,12263,141,94395
2,94538,2575,0.0,12264,141,94397
4,94542,2575,0.0,12265,141,94401
6,94548,2575,0.0,12266,141,94407
2,94550,2575,0.0,12267,141,94409
4,94554,2575,0.0,12268,141,94413
9,94563,2575,0.0,12269,141,94422
2,94565,2575,0.0,12270,141,94424
5,94570,2575,0.0,12271,141,94429
8,94578,2575,0.0,12272,141,94437
2,94580,2575,0.0,12273,141,94439
12,94592,2575,0.0,12274,141,94451
4,94596,2575,0.0,12275,141,94455
8,94604,2576,1.0,12276,141,94463
8,94612,2577,1.0,12277,141,94471
4,94616,2577,0.0,12278,141,94475
9,94625,2577,0.0,12279,141,94484
4,94629,2577,0.0,12280,141,94488
8,94637,2578,1.0,12281,141,94496
8,94645,2578,0.0,12282,141,94504
13,94658,2578,0.0,12283,141,94517
5,94663,2578,0.0,12284,141,94522
6,94669,2578,0.0,12285,141,94528
18,94687,2578,0.0,12286,141,94546
8,94695,2578,0.0,12287,141,94554
2,94697,2578,0.0,12288,141,94556
8,94705,2579,1.0,12289,141,94564
8,94713,2580,1.0,12290,141,94572
8,94721,2581,1.0,12291,141,94580
8,94729,2582,1.0,12292,141,94588
5,94734,2582,0.0,12293,141,94593
8,94742,2582,0.0,12294,141,94601
8,94750,2583,1.0,12295,141,94609
2,94752,2583,0.0,12296,141,94611
8,94760,2584,1.0,12297,141,94619
5,94765,2584,0.0,12298,141,94624
19,94784,2584,0.0,12299,141,94643
3,94787,2584,0.0,12300,141,94646
22,94809,2584,0.0,12301,141,94668
5,94814,2584,0.0,12302,141,94673
2,94816,2584,0.0,12303,141,94675
13,94829,2584,0.0,12304,141,94688
8,94837,2584,0.0,12305,141,94696
14,94851,2584,0.0,12306,141,94710
8,94859,2585,1.0,12307,141,94718
13,94872,2585,0.0,12308,141,94731
4,94876,2585,0.0,12309,141,94735
8,94884,2586,1.0,12310,141,94743
8,94892,2587,1.0,12311,141,94751
8,94900,2588,1.0,12312,141,94759
4,94904,2588,0.0,12313,141,94763
8,94912,2588,0.0,12314,141,94771
5,94917,2588,0.0,12315,141,94776
8,94925,2589,1.0,12316,141,94784
4,94929,2589,0.0,12317,141,94788
8,94937,2590,1.0,12318,141,94796
4,94941,2590,0.0,12319,141,94800
8,94949,2591,1.0,12320,141,94808
10,94959,2591,0.0,12321,141,94818
5,94964,2591,0.0,12322,141,94823
8,94972,2591,0.0,12323,141,94831
8,94980,2592,1.0,12324,141,94839
2,94982,2592,0.0,12325,141,94841
8,94990,2592,0.0,12326,141,94849
4,94994,2592,0.0,12327,141,94853
8,95002,2593,1.0,12328,141,94861
8,95010,2594,1.0,12329,141,94869
8,95018,2594,0.0,12330,141,94877
8,95026,2594,0.0,12331,141,94885
5,95031,2594,0.0,12332,141,94890
8,95039,2595,1.0,12333,141,94898
10,95049,2595,0.0,12334,141,94908
6,95055,2595,0.0,12335,141,94914
8,95063,2596,1.0,12336,141,94922
5,95068,2596,0.0,12337,141,94927
5,95073,2596,0.0,12338,141,94932
8,95081,2597,1.0,12339,141,94940
2,95083,2597,0.0,12340,141,94942
3,95086,2597,0.0,12341,141,94945
8,95094,2598,1.0,12342,141,94953
2,95096,2598,0.0,12343,141,94955
8,95104,2598,0.0,12344,141,94963
2,95106,2598,0.0,12345,141,94965
4,95110,2598,0.0,12346,141,94969
2,95112,2598,0.0,12347,141,94971
8,95120,2599,1.0,12348,141,94979
5,95125,2599,0.0,12349,141,94984
3,95128,2599,0.0,12350,141,94987
8,95136,2599,0.0,12351,141,94995
4,95140,2599,0.0,12352,141,94999
2,95142,2599,0.0,12353,141,95001
12,95154,2599,0.0,12354,141,95013
5,95159,2599,0.0,12355,141,95018
5,95164,2599,0.0,12356,141,95023
8,95172,2600,1.0,12357,141,95031
4,95176,2600,0.0,12358,141,95035
8,95184,2601,1.0,12359,141,95043
19,95203,2602,1.0,12360,141,95062
9,95212,2602,0.0,12361,141,95071
9,95221,2602,0.0,12362,141,95080
4,95225,2602,0.0,12363,141,95084
8,95233,2603,1.0,12364,141,95092
8,95241,2604,1.0,12365,141,95100
5,95246,2604,0.0,12366,141,95105
13,95259,2604,0.0,12367,141,95118
8,95267,2605,1.0,12368,141,95126
9,95276,2605,0.0,12369,141,95135
5,95281,2605,0.0,12370,141,95140
6,95287,2605,0.0,12371,141,95146
8,95295,2605,0.0,12372,141,95154
5,95300,2605,0.0,12373,141,95159
3,95303,2605,0.0,12374,141,95162
2,95305,2605,0.0,12375,141,95164
7,95312,2605,0.0,12376,141,95171
4,95316,2605,0.0,12377,141,95175
2,95318,2605,0.0,12378,141,95177
8,95326,2606,1.0,12379,141,95185
8,95334,2607,1.0,12380,141,95193
8,95342,2608,1.0,12381,141,95201
7,95349,2608,0.0,12382,141,95208
2,95351,2608,0.0,12383,141,95210
8,95359,2609,1.0,12384,141,95218
2,95361,2609,0.0,12385,141,95220
10,95371,2609,0.0,12386,141,95230
19,95390,2610,1.0,12387,141,95249
8,95398,2611,1.0,12388,141,95257
4,95402,2611,0.0,12389,141,95261
9,95411,2611,0.0,12390,141,95270
24,95435,2611,0.0,12391,141,95294
13,95448,2611,0.0,12392,141,95307
4,95452,2611,0.0,12393,141,95311
8,95460,2612,1.0,12394,141,95319
8,95468,2613,1.0,12395,141,95327
8,95476,2614,1.0,12396,141,95335
8,95484,2615,1.0,12397,141,95343
8,95492,2615,0.0,12398,141,95351
8,95500,2616,1.0,12399,141,95359
8,95508,2616,0.0,12400,141,95367
8,95516,2617,1.0,12401,141,95375
5,95521,2617,0.0,12402,141,95380
8,95529,2617,0.0,12403,141,95388
4,95533,2617,0.0,12404,141,95392
8,95541,2618,1.0,12405,141,95400
19,95560,2619,1.0,12406,141,95419
8,95568,2620,1.0,12407,141,95427
8,95576,2621,1.0,12408,141,95435
8,95584,2622,1.0,12409,141,95443
16,95600,2622,0.0,12410,141,95459
10,95610,2622,0.0,12411,141,95469
2,95612,2622,0.0,12412,141,95471
4,95616,2622,0.0,12413,141,95475
2,95618,2622,0.0,12414,141,95477
8,95626,2623,1.0,12415,141,95485
7,95633,2623,0.0,12416,141,95492
34,95667,2623,0.0,12417,141,95526
7,95674,2623,0.0,12418,141,95533
4,95678,2623,0.0,12419,141,95537
4,95682,2623,0.0,12420,141,95541
5,95687,2623,0.0,12421,141,95546
2,95689,2623,0.0,12422,141,95548
4,95693,2623,0.0,12423,141,95552
4,95697,2623,0.0,12424,141,95556
6,95703,2623,0.0,12425,141,95562
5,95708,2623,0.0,12426,141,95567
4,95712,2623,0.0,12427,141,95571
8,95720,2624,1.0,12428,141,95579
2,95722,2624,0.0,12429,141,95581
17,95739,2625,1.0,12430,141,95598
8,95747,2626,1.0,12431,141,95606
8,95755,2627,1.0,12432,141,95614
5,95760,2627,0.0,12433,141,95619
14,95774,2627,0.0,12434,141,95633
8,95782,2627,0.0,12435,141,95641
28,95810,2627,0.0,12436,141,95669
16,95826,2627,0.0,12437,141,95685
8,95834,2628,1.0,12438,141,95693
8,95842,2628,0.0,12439,141,95701
3,95845,2628,0.0,12440,141,95704
6,95851,2628,0.0,12441,141,95710
8,95859,2629,1.0,12442,141,95718
8,95867,2629,0.0,12443,141,95726
8,95875,2629,0.0,12444,141,95734
2,95877,2629,0.0,12445,141,95736
18,95895,2629,0.0,12446,141,95754
2,95897,2629,0.0,12447,141,95756
19,95916,2629,0.0,12448,141,95775
8,95924,2630,1.0,12449,141,95783
8,95932,2631,1.0,12450,141,95791
8,95940,2631,0.0,12451,141,95799
8,95948,2631,0.0,12452,141,95807
8,95956,2632,1.0,12453,141,95815
5,95961,2632,0.0,12454,141,95820
10,95971,2632,0.0,12455,141,95830
17,95988,2633,1.0,12456,141,95847
2,95990,2633,0.0,12457,141,95849
3,95993,2633,0.0,12458,141,95852
3,95996,2633,0.0,12459,141,95855
5,96001,2633,0.0,12460,141,95860
4,96005,2633,0.0,12461,141,95864
8,96013,2634,1.0,12462,141,95872
8,96021,2635,1.0,12463,141,95880
8,96029,2635,0.0,12464,141,95888
8,96037,2636,1.0,12465,141,95896
8,96045,2637,1.0,12466,141,95904
2,96047,2637,0.0,12467,141,95906
8,96055,2638,1.0,12468,141,95914
8,96063,2638,0.0,12469,141,95922
9,96072,2638,0.0,12470,141,95931
5,96077,2638,0.0,12471,141,95936
8,96085,2639,1.0,12472,141,95944
2,96087,2639,0.0,12473,141,95946
13,96100,2639,0.0,12474,141,95959
8,96108,2640,1.0,12475,141,95967
21,96129,2640,0.0,12476,141,95988
8,96137,2641,1.0,12477,141,95996
5,96142,2641,0.0,12478,141,96001
8,96150,2641,0.0,12479,141,96009
8,96158,2641,0.0,12480,141,96017
7,96165,2641,0.0,12481,141,96024
4,96169,2641,0.0,12482,141,96028
8,96177,2641,0.0,12483,141,96036
8,96185,2642,1.0,12484,141,96044
8,96193,2643,1.0,12485,141,96052
13,96206,2643,0.0,12486,141,96065
5,96211,2643,0.0,12487,141,96070
8,96219,2644,1.0,12488,141,96078
3,96222,2644,0.0,12489,141,96081
5,96227,2644,0.0,12490,141,96086
2,96229,2644,0.0,12491,141,96088
2,96231,2644,0.0,12492,141,96090
12,96243,2644,0.0,12493,141,96102
19,96262,2644,0.0,12494,141,96121
9,96271,2644,0.0,12495,141,96130
2,96273,2644,0.0,12496,141,96132
15,96288,2644,0.0,12497,141,96147
8,96296,2645,1.0,12498,141,96155
8,96304,2645,0.0,12499,141,96163
8,96312,2646,1.0,12500,141,96171
5,96317,2646,0.0,12501,141,96176
2,96319,2646,0.0,12502,141,96178
6,96325,2646,0.0,12503,141,96184
2,96327,2646,0.0,12504,141,96186
8,96335,2647,1.0,12505,141,96194
2,96337,2647,0.0,12506,141,96196
4,96341,2647,0.0,12507,141,96200
2,96343,2647,0.0,12508,141,96202
2,96345,2647,0.0,12509,141,96204
8,96353,2647,0.0,12510,141,96212
3,96356,2647,0.0,12511,141,96215
6,96362,2647,0.0,12512,141,96221
6,96368,2647,0.0,12513,141,96227
2,96370,2647,0.0,12514,141,96229
5,96375,2647,0.0,12515,141,96234
8,96383,2647,0.0,12516,141,96242
5,96388,2647,0.0,12517,141,96247
6,96394,2647,0.0,12518,141,96253
13,96407,2647,0.0,12519,141,96266
8,96415,2648,1.0,12520,141,96274
3,96418,2648,0.0,12521,141,96277
8,96426,2649,1.0,12522,141,96285
14,96440,2649,0.0,12523,141,96299
11,96451,2649,0.0,12524,141,96310
8,96459,2650,1.0,12525,141,96318
2,96461,2650,0.0,12526,141,96320
5,96466,2650,0.0,12527,141,96325
2,96468,2650,0.0,12528,141,96327
4,96472,2650,0.0,12529,141,96331
5,96477,2650,0.0,12530,141,96336
10,96487,2650,0.0,12531,141,96346
2,96489,2650,0.0,12532,141,96348
8,96497,2651,1.0,12533,141,96356
5,96502,2651,0.0,12534,141,96361
19,96521,2652,1.0,12535,141,96380
8,96529,2653,1.0,12536,141,96388
8,96537,2654,1.0,12537,141,96396
9,96546,2654,0.0,12538,141,96405
22,96568,2654,0.0,12539,141,96427
8,96576,2655,1.0,12540,141,96435
8,96584,2655,0.0,12541,141,96443
2,96586,2655,0.0,12542,141,96445
4,96590,2655,0.0,12543,141,96449
16,96606,2655,0.0,12544,141,96465
8,96614,2655,0.0,12545,141,96473
8,96622,2656,1.0,12546,141,96481
4,96626,2656,0.0,12547,141,96485
8,96634,2657,1.0,12548,141,96493
2,96636,2657,0.0,12549,141,96495
8,96644,2658,1.0,12550,141,96503
4,96648,2658,0.0,12551,141,96507
4,96652,2658,0.0,12552,141,96511
10,96662,2658,0.0,12553,141,96521
8,96670,2659,1.0,12554,141,96529
5,96675,2659,0.0,12555,141,96534
9,96684,2659,0.0,12556,141,96543
8,96692,2660,1.0,12557,141,96551
3,96695,2660,0.0,12558,141,96554
8,96703,2661,1.0,12559,141,96562
21,96724,2661,0.0,12560,141,96583
8,96732,2661,0.0,12561,141,96591
2,96734,2661,0.0,12562,141,96593
8,96742,2661,0.0,12563,141,96601
4,96746,2661,0.0,12564,141,96605
8,96754,2662,1.0,12565,141,96613
8,96762,2663,1.0,12566,141,96621
2,96764,2663,0.0,12567,141,96623
19,96783,2663,0.0,12568,141,96642
11,96794,2663,0.0,12569,141,96653
6,96800,2663,0.0,12570,141,96659
4,96804,2663,0.0,12571,141,96663
6,96810,2663,0.0,12572,141,96669
10,96820,2663,0.0,12573,141,96679
19,96839,2664,1.0,12574,141,96698
3,96842,2664,0.0,12575,141,96701
8,96850,2664,0.0,12576,141,96709
4,96854,2664,0.0,12577,141,96713
8,96862,2664,0.0,12578,141,96721
8,96870,2665,1.0,12579,141,96729
22,96892,2665,0.0,12580,141,96751
8,96900,2665,0.0,12581,141,96759
10,96910,2665,0.0,12582,141,96769
17,96927,2666,1.0,12583,141,96786
8,96935,2667,1.0,12584,141,96794
8,96943,2667,0.0,12585,141,96802
2,96945,2667,0.0,12586,141,96804
5,96950,2667,0.0,12587,141,96809
8,96958,2668,1.0,12588,141,96817
8,96966,2669,1.0,12589,141,96825
2,96968,2669,0.0,12590,141,96827
8,96976,2670,1.0,12591,141,96835
8,96984,2670,0.0,12592,141,96843
2,96986,2670,0.0,12593,141,96845
5,96991,2670,0.0,12594,141,96850
23,97014,2670,0.0,12595,141,96873
10,97024,2670,0.0,12596,141,96883
5,97029,2670,0.0,12597,141,96888
8,97037,2671,1.0,12598,141,96896
4,97041,2671,0.0,12599,141,96900
4,97045,2671,0.0,12600,141,96904
7,97052,2671,0.0,12601,141,96911
8,97060,2672,1.0,12602,141,96919
14,97074,2672,0.0,12603,141,96933
19,97093,2673,1.0,12604,141,96952
15,97108,2673,0.0,12605,141,96967
5,97113,2673,0.0,12606,141,96972
9,97122,2673,0.0,12607,141,96981
12,97134,2673,0.0,12608,141,96993
8,97142,2674,1.0,12609,141,97001
9,97151,2674,0.0,12610,141,97010
6,97157,2674,0.0,12611,141,97016
19,97176,2675,1.0,12612,141,97035
8,97184,2676,1.0,12613,141,97043
6,97190,2676,0.0,12614,141,97049
2,97192,2676,0.0,12615,141,97051
27,97219,2676,0.0,12616,141,97078
4,97223,2676,0.0,12617,141,97082
13,97236,2676,0.0,12618,141,97095
2,97238,2676,0.0,12619,141,97097
2,97240,2676,0.0,12620,141,97099
10,97250,2676,0.0,12621,141,97109
7,97257,2676,0.0,12622,141,97116
2,97259,2676,0.0,12623,141,97118
14,97273,2676,0.0,12624,141,97132
8,97281,2677,1.0,12625,141,97140
8,97289,2678,1.0,12626,141,97148
8,97297,2679,1.0,12627,141,97156
4,97301,2679,0.0,12628,141,97160
2,97303,2679,0.0,12629,141,97162
8,97311,2680,1.0,12630,141,97170
8,97319,2680,0.0,12631,141,97178
8,97327,2681,1.0,12632,141,97186
16,97343,2681,0.0,12633,141,97202
6,97349,2681,0.0,12634,141,97208
22,97371,2681,0.0,12635,141,97230
13,97384,2681,0.0,12636,141,97243
8,97392,2682,1.0,12637,141,97251
24,97416,2682,0.0,12638,141,97275
2,97418,2682,0.0,12639,141,97277
6,97424,2682,0.0,12640,141,97283
4,97428,2682,0.0,12641,141,97287
2,97430,2682,0.0,12642,141,97289
11,97441,2682,0.0,12643,141,97300
8,97449,2682,0.0,12644,141,97308
8,97457,2682,0.0,12645,141,97316
8,97465,2683,1.0,12646,141,97324
8,97473,2683,0.0,12647,141,97332
8,97481,2684,1.0,12648,141,97340
8,97489,2685,1.0,12649,141,97348
4,97493,2685,0.0,12650,141,97352
8,97501,2686,1.0,12651,141,97360
5,97506,2686,0.0,12652,141,97365
15,97521,2686,0.0,12653,141,97380
8,97529,2686,0.0,12654,141,97388
12,97541,2686,0.0,12655,141,97400
8,97549,2687,1.0,12656,141,97408
8,97557,2688,1.0,12657,141,97416
2,97559,2688,0.0,12658,141,97418
2,97561,2688,0.0,12659,141,97420
5,97566,2688,0.0,12660,141,97425
10,97576,2688,0.0,12661,141,97435
3,97579,2688,0.0,12662,141,97438
4,97583,2688,0.0,12663,141,97442
6,97589,2688,0.0,12664,141,97448
8,97597,2689,1.0,12665,141,97456
5,97602,2689,0.0,12666,141,97461
2,97604,2689,0.0,12667,141,97463
2,97606,2689,0.0,12668,141,97465
8,97614,2690,1.0,12669,141,97473
2,97616,2690,0.0,12670,141,97475
13,97629,2690,0.0,12671,141,97488
8,97637,2691,1.0,12672,141,97496
8,97645,2692,1.0,12673,141,97504
8,97653,2693,1.0,12674,141,97512
6,97659,2693,0.0,12675,141,97518
5,97664,2693,0.0,12676,141,97523
8,97672,2693,0.0,12677,141,97531
10,97682,2693,0.0,12678,141,97541
4,97686,2693,0.0,12679,141,97545
13,97699,2693,0.0,12680,141,97558
8,97707,2694,1.0,12681,141,97566
4,97711,2694,0.0,12682,141,97570
17,97728,2695,1.0,12683,141,97587
16,97744,2695,0.0,12684,141,97603
8,97752,2696,1.0,12685,141,97611
10,97762,2696,0.0,12686,141,97621
5,97767,2696,0.0,12687,141,97626
8,97775,2697,1.0,12688,141,97634
14,97789,2697,0.0,12689,141,97648
8,97797,2698,1.0,12690,141,97656
2,97799,2698,0.0,12691,141,97658
8,97807,2699,1.0,12692,141,97666
2,97809,2699,0.0,12693,141,97668
3,97812,2699,0.0,12694,141,97671
8,97820,2699,0.0,12695,141,97679
8,97828,2700,1.0,12696,141,97687
8,97836,2701,1.0,12697,141,97695
8,97844,2702,1.0,12698,141,97703
7,97851,2702,0.0,12699,141,97710
6,97857,2702,0.0,12700,141,97716
9,97866,2702,0.0,12701,141,97725
10,97876,2702,0.0,12702,141,97735
2,97878,2702,0.0,12703,141,97737
8,97886,2703,1.0,12704,141,97745
5,97891,2703,0.0,12705,141,97750
8,97899,2703,0.0,12706,141,97758
11,97910,2703,0.0,12707,141,97769
10,97920,2703,0.0,12708,141,97779
8,97928,2704,1.0,12709,141,97787
8,97936,2704,0.0,12710,141,97795
19,97955,2705,1.0,12711,141,97814
12,97967,2705,0.0,12712,141,97826
2,97969,2705,0.0,12713,141,97828
8,97977,2706,1.0,12714,141,97836
9,97986,2706,0.0,12715,141,97845
7,97993,2706,0.0,12716,141,97852
14,98007,2706,0.0,12717,141,97866
2,98009,2706,0.0,12718,141,97868
5,98014,2706,0.0,12719,141,97873
4,98018,2706,0.0,12720,141,97877
8,98026,2706,0.0,12721,141,97885
8,98034,2707,1.0,12722,141,97893
2,98036,2707,0.0,12723,141,97895
8,98044,2707,0.0,12724,141,97903
16,98060,2707,0.0,12725,141,97919
8,98068,2708,1.0,12726,141,97927
2,98070,2708,0.0,12727,141,97929
8,98078,2709,1.0,12728,141,97937
8,98086,2709,0.0,12729,141,97945
2,98088,2709,0.0,12730,141,97947
6,98094,2709,0.0,12731,141,97953
2,98096,2709,0.0,12732,141,97955
8,98104,2710,1.0,12733,141,97963
8,98112,2711,1.0,12734,141,97971
2,98114,2711,0.0,12735,141,97973
8,98122,2712,1.0,12736,141,97981
4,98126,2712,0.0,12737,141,97985
5,98131,2712,0.0,12738,141,97990
8,98139,2713,1.0,12739,141,97998
19,98158,2713,0.0,12740,141,98017
8,98166,2713,0.0,12741,141,98025
20,98186,2713,0.0,12742,141,98045
3,98189,2713,0.0,12743,141,98048
8,98197,2714,1.0,12744,141,98056
8,98205,2715,1.0,12745,141,98064
14,98219,2715,0.0,12746,141,98078
9,98228,2715,0.0,12747,141,98087
8,98236,2716,1.0,12748,141,98095
8,98244,2716,0.0,12749,141,98103
5,98249,2716,0.0,12750,141,98108
8,98257,2717,1.0,12751,141,98116
3,98260,2717,0.0,12752,141,98119
9,98269,2717,0.0,12753,141,98128
8,98277,2718,1.0,12754,141,98136
4,98281,2718,0.0,12755,141,98140
8,98289,2719,1.0,12756,141,98148
19,98308,2720,1.0,12757,141,98167
2,98310,2720,0.0,12758,141,98169
4,98314,2720,0.0,12759,141,98173
6,98320,2720,0.0,12760,141,98179
7,98327,2720,0.0,12761,141,98186
2,98329,2720,0.0,12762,141,98188
8,98337,2721,1.0,12763,141,98196
2,98339,2721,0.0,12764,141,98198
2,98341,2721,0.0,12765,141,98200
8,98349,2722,1.0,12766,141,98208
5,98354,2722,0.0,12767,141,98213
13,98367,2722,0.0,12768,141,98226
4,98371,2722,0.0,12769,141,98230
8,98379,2722,0.0,12770,141,98238
5,98384,2722,0.0,12771,141,98243
7,98391,2722,0.0,12772,141,98250
15,98406,2722,0.0,12773,141,98265
9,98415,2722,0.0,12774,141,98274
2,98417,2722,0.0,12775,141,98276
8,98425,2723,1.0,12776,141,98284
13,98438,2723,0.0,12777,141,98297
8,98446,2724,1.0,12778,141,98305
2,98448,2724,0.0,12779,141,98307
2,98450,2724,0.0,12780,141,98309
3,98453,2724,0.0,12781,141,98312
7,98460,2724,0.0,12782,141,98319
2,98462,2724,0.0,12783,141,98321
8,98470,2725,1.0,12784,141,98329
4,98474,2725,0.0,12785,141,98333
8,98482,2726,1.0,12786,141,98341
8,98490,2727,1.0,12787,141,98349
5,98495,2727,0.0,12788,141,98354
8,98503,2728,1.0,12789,141,98362
8,98511,2729,1.0,12790,141,98370
8,98519,2729,0.0,12791,141,98378
2,98521,2729,0.0,12792,141,98380
8,98529,2729,0.0,12793,141,98388
2,98531,2729,0.0,12794,141,98390
9,98540,2729,0.0,12795,141,98399
4,98544,2729,0.0,12796,141,98403
4,98548,2729,0.0,12797,141,98407
8,98556,2730,1.0,12798,141,98415
7,98563,2730,0.0,12799,141,98422
9,98572,2730,0.0,12800,141,98431
8,98580,2731,1.0,12801,141,98439
8,98588,2732,1.0,12802,141,98447
7,98595,2732,0.0,12803,141,98454
8,98603,2733,1.0,12804,141,98462
7,98610,2733,0.0,12805,141,98469
3,98613,2733,0.0,12806,141,98472
5,98618,2733,0.0,12807,141,98477
8,98626,2734,1.0,12808,141,98485
8,98634,2734,0.0,12809,141,98493
4,98638,2734,0.0,12810,141,98497
4,98642,2734,0.0,12811,141,98501
2,98644,2734,0.0,12812,141,98503
8,98652,2735,1.0,12813,141,98511
2,98654,2735,0.0,12814,141,98513
9,98663,2735,0.0,12815,141,98522
4,98667,2735,0.0,12816,141,98526
8,98675,2735,0.0,12817,141,98534
8,98683,2735,0.0,12818,141,98542
4,98687,2735,0.0,12819,141,98546
10,98697,2735,0.0,12820,141,98556
4,98701,2735,0.0,12821,141,98560
8,98709,2736,1.0,12822,141,98568
8,98717,2737,1.0,12823,141,98576
10,98727,2737,0.0,12824,141,98586
8,98735,2738,1.0,12825,141,98594
2,98737,2738,0.0,12826,141,98596
5,98742,2738,0.0,12827,141,98601
8,98750,2739,1.0,12828,141,98609
4,98754,2739,0.0,12829,141,98613
8,98762,2739,0.0,12830,141,98621
8,98770,2739,0.0,12831,141,98629
7,98777,2739,0.0,12832,141,98636
8,98785,2740,1.0,12833,141,98644
2,98787,2740,0.0,12834,141,98646
8,98795,2741,1.0,12835,141,98654
9,98804,2741,0.0,12836,141,98663
8,98812,2742,1.0,12837,141,98671
5,98817,2742,0.0,12838,141,98676
10,98827,2742,0.0,12839,141,98686
8,98835,2743,1.0,12840,141,98694
2,98837,2743,0.0,12841,141,98696
8,98845,2744,1.0,12842,141,98704
8,98853,2745,1.0,12843,141,98712
5,98858,2745,0.0,12844,141,98717
8,98866,2745,0.0,12845,141,98725
5,98871,2745,0.0,12846,141,98730
11,98882,2745,0.0,12847,141,98741
8,98890,2745,0.0,12848,141,98749
8,98898,2746,1.0,12849,141,98757
8,98906,2747,1.0,12850,141,98765
8,98914,2748,1.0,12851,141,98773
8,98922,2748,0.0,12852,141,98781
6,98928,2748,0.0,12853,141,98787
5,98933,2748,0.0,12854,141,98792
13,98946,2748,0.0,12855,141,98805
8,98954,2749,1.0,12856,141,98813
14,98968,2749,0.0,12857,141,98827
5,98973,2749,0.0,12858,141,98832
2,98975,2749,0.0,12859,141,98834
8,98983,2749,0.0,12860,141,98842
9,98992,2749,0.0,12861,141,98851
4,98996,2749,0.0,12862,141,98855
19,99015,2750,1.0,12863,141,98874
4,99019,2750,0.0,12864,141,98878
9,99028,2750,0.0,12865,141,98887
4,99032,2750,0.0,12866,141,98891
8,99040,2751,1.0,12867,141,98899
8,99048,2752,1.0,12868,141,98907
5,99053,2752,0.0,12869,141,98912
4,99057,2752,0.0,12870,141,98916
5,99062,2752,0.0,12871,141,98921
9,99071,2752,0.0,12872,141,98930
8,99079,2753,1.0,12873,141,98938
8,99087,2754,1.0,12874,141,98946
8,99095,2754,0.0,12875,141,98954
8,99103,2755,1.0,12876,141,98962
15,99118,2755,0.0,12877,141,98977
5,99123,2755,0.0,12878,141,98982
5,99128,2755,0.0,12879,141,98987
8,99136,2756,1.0,12880,141,98995
8,99144,2757,1.0,12881,141,99003
5,99149,2757,0.0,12882,141,99008
2,99151,2757,0.0,12883,141,99010
13,99164,2757,0.0,12884,141,99023
6,99170,2757,0.0,12885,141,99029
4,99174,2757,0.0,12886,141,99033
3,99177,2757,0.0,12887,141,99036
8,99185,2758,1.0,12888,141,99044
5,99190,2758,0.0,12889,141,99049
9,99199,2758,0.0,12890,141,99058
8,99207,2759,1.0,12891,141,99066
13,99220,2759,0.0,12892,141,99079
8,99228,2759,0.0,12893,141,99087
19,99247,2759,0.0,12894,141,99106
8,99255,2760,1.0,12895,141,99114
5,99260,2760,0.0,12896,141,99119
6,99266,2760,0.0,12897,141,99125
8,99274,2761,1.0,12898,141,99133
5,99279,2761,0.0,12899,141,99138
7,99286,2761,0.0,12900,141,99145
2,99288,2761,0.0,12901,141,99147
13,99301,2761,0.0,12902,141,99160
2,99303,2761,0.0,12903,141,99162
8,99311,2762,1.0,12904,141,99170
13,99324,2762,0.0,12905,141,99183
8,99332,2763,1.0,12906,141,99191
8,99340,2763,0.0,12907,141,99199
2,99342,2763,0.0,12908,141,99201
2,99344,2763,0.0,12909,141,99203
16,99360,2763,0.0,12910,141,99219
3,99363,2763,0.0,12911,141,99222
8,99371,2764,1.0,12912,141,99230
2,99373,2764,0.0,12913,141,99232
3,99376,2764,0.0,12914,141,99235
4,99380,2764,0.0,12915,141,99239
17,99397,2765,1.0,12916,141,99256
8,99405,2766,1.0,12917,141,99264
9,99414,2766,0.0,12918,141,99273
3,99417,2766,0.0,12919,141,99276
4,99421,2766,0.0,12920,141,99280
2,99423,2766,0.0,12921,141,99282
2,99425,2766,0.0,12922,141,99284
8,99433,2767,1.0,12923,141,99292
4,99437,2767,0.0,12924,141,99296
10,99447,2767,0.0,12925,141,99306
4,99451,2767,0.0,12926,141,99310
7,99458,2767,0.0,12927,141,99317
2,99460,2767,0.0,12928,141,99319
4,99464,2767,0.0,12929,141,99323
5,99469,2767,0.0,12930,141,99328
7,99476,2767,0.0,12931,141,99335
3,99479,2767,0.0,12932,141,99338
5,99484,2767,0.0,12933,141,99343
13,99497,2767,0.0,12934,141,99356
8,99505,2768,1.0,12935,141,99364
9,99514,2768,0.0,12936,141,99373
9,99523,2768,0.0,12937,141,99382
2,99525,2768,0.0,12938,141,99384
3,99528,2768,0.0,12939,141,99387
5,99533,2768,0.0,12940,141,99392
14,99547,2768,0.0,12941,141,99406
13,99560,2768,0.0,12942,141,99419
8,99568,2769,1.0,12943,141,99427
8,99576,2770,1.0,12944,141,99435
8,99584,2770,0.0,12945,141,99443
8,99592,2771,1.0,12946,141,99451
10,99602,2771,0.0,12947,141,99461
10,99612,2771,0.0,12948,141,99471
8,99620,2771,0.0,12949,141,99479
11,99631,2771,0.0,12950,141,99490
7,99638,2771,0.0,12951,141,99497
9,99647,2771,0.0,12952,141,99506
11,99658,2771,0.0,12953,141,99517
6,99664,2771,0.0,12954,141,99523
2,99666,2771,0.0,12955,141,99525
10,99676,2771,0.0,12956,141,99535
26,99702,2771,0.0,12957,141,99561
13,99715,2771,0.0,12958,141,99574
7,99722,2771,0.0,12959,141,99581
10,99732,2771,0.0,12960,141,99591
13,99745,2771,0.0,12961,141,99604
2,99747,2771,0.0,12962,141,99606
2,99749,2771,0.0,12963,141,99608
8,99757,2771,0.0,12964,141,99616
8,99765,2772,1.0,12965,141,99624
5,99770,2772,0.0,12966,141,99629
16,99786,2772,0.0,12967,141,99645
15,99801,2772,0.0,12968,141,99660
8,99809,2773,1.0,12969,141,99668
11,99820,2773,0.0,12970,141,99679
4,99824,2773,0.0,12971,141,99683
2,99826,2773,0.0,12972,141,99685
5,99831,2773,0.0,12973,141,99690
6,99837,2773,0.0,12974,141,99696
6,99843,2773,0.0,12975,141,99702
8,99851,2774,1.0,12976,141,99710
13,99864,2774,0.0,12977,141,99723
8,99872,2775,1.0,12978,141,99731
4,99876,2775,0.0,12979,141,99735
8,99884,2775,0.0,12980,141,99743
5,99889,2775,0.0,12981,141,99748
15,99904,2775,0.0,12982,141,99763
2,99906,2775,0.0,12983,141,99765
2,99908,2775,0.0,12984,141,99767
2,99910,2775,0.0,12985,141,99769
6,99916,2775,0.0,12986,141,99775
5,99921,2775,0.0,12987,141,99780
15,99936,2775,0.0,12988,141,99795
8,99944,2776,1.0,12989,141,99803
8,99952,2777,1.0,12990,141,99811
2,99954,2777,0.0,12991,141,99813
2,99956,2777,0.0,12992,141,99815
8,99964,2777,0.0,12993,141,99823
8,99972,2777,0.0,12994,141,99831
25,99997,2777,0.0,12995,141,99856
2,99999,2777,0.0,12996,141,99858
