iteration,successes,successes_episode,reward_episode,episode_count,random_act,timestep
14,14,0,0.0,1,8,6
3,17,0,0.0,2,10,7
8,25,0,0.0,3,15,10
2,27,0,0.0,4,17,10
3,30,0,0.0,5,19,11
4,34,0,0.0,6,22,12
10,44,0,0.0,7,29,15
7,51,0,0.0,8,32,19
12,63,0,0.0,9,41,22
4,67,0,0.0,10,44,23
5,72,0,0.0,11,47,25
11,83,0,0.0,12,55,28
12,95,0,0.0,13,65,30
4,99,0,0.0,14,69,30
4,103,0,0.0,15,72,31
10,113,0,0.0,16,81,32
3,116,0,0.0,17,84,32
10,126,0,0.0,18,89,37
11,137,0,0.0,19,97,40
7,144,0,0.0,20,104,40
15,159,0,0.0,21,118,41
3,162,0,0.0,22,120,42
3,165,0,0.0,23,122,43
6,171,0,0.0,24,127,44
24,195,0,0.0,25,148,47
2,197,0,0.0,26,149,48
8,205,0,0.0,27,154,51
13,218,0,0.0,28,164,54
14,232,0,0.0,29,177,55
3,235,0,0.0,30,179,56
23,258,0,0.0,31,196,62
13,271,0,0.0,32,205,66
6,277,0,0.0,33,210,67
11,288,0,0.0,34,218,70
2,290,0,0.0,35,220,70
6,296,0,0.0,36,225,71
7,303,0,0.0,37,228,75
5,308,0,0.0,38,233,75
2,310,0,0.0,39,234,76
3,313,0,0.0,40,236,77
4,317,0,0.0,41,240,77
4,321,0,0.0,42,242,79
7,328,0,0.0,43,248,80
5,333,0,0.0,44,252,81
8,341,0,0.0,45,258,83
4,345,0,0.0,46,261,84
3,348,0,0.0,47,263,85
18,366,0,0.0,48,281,85
4,370,0,0.0,49,284,86
2,372,0,0.0,50,286,86
5,377,0,0.0,51,291,86
2,379,0,0.0,52,292,87
11,390,0,0.0,53,303,87
3,393,0,0.0,54,306,87
5,398,0,0.0,55,310,88
7,405,0,0.0,56,317,88
2,407,0,0.0,57,319,88
9,416,0,0.0,58,327,89
14,430,0,0.0,59,339,91
11,441,0,0.0,60,349,92
4,445,0,0.0,61,353,92
9,454,0,0.0,62,359,95
10,464,0,0.0,63,366,98
3,467,0,0.0,64,368,99
11,478,0,0.0,65,377,101
7,485,0,0.0,66,382,103
6,491,0,0.0,67,386,105
11,502,0,0.0,68,394,108
4,506,0,0.0,69,398,108
5,511,0,0.0,70,402,109
3,514,0,0.0,71,404,110
11,525,0,0.0,72,413,112
3,528,0,0.0,73,416,112
10,538,0,0.0,74,423,115
4,542,0,0.0,75,425,117
4,546,0,0.0,76,429,117
9,555,0,0.0,77,437,118
12,567,0,0.0,78,446,121
8,575,0,0.0,79,451,124
8,583,0,0.0,80,458,125
13,596,0,0.0,81,470,126
10,606,0,0.0,82,478,128
4,610,0,0.0,83,482,128
3,613,0,0.0,84,485,128
12,625,0,0.0,85,495,130
22,647,0,0.0,86,514,133
2,649,0,0.0,87,516,133
25,674,0,0.0,88,533,141
10,684,0,0.0,89,542,142
7,691,0,0.0,90,549,142
11,702,0,0.0,91,555,147
2,704,0,0.0,92,557,147
15,719,0,0.0,93,570,149
9,728,0,0.0,94,576,152
6,734,0,0.0,95,580,154
4,738,0,0.0,96,584,154
16,754,0,0.0,97,596,158
6,760,0,0.0,98,601,159
3,763,0,0.0,99,604,159
3,766,0,0.0,100,607,159
6,772,0,0.0,101,612,160
12,784,0,0.0,102,621,163
7,791,0,0.0,103,626,165
14,805,0,0.0,104,639,166
3,808,0,0.0,105,641,167
6,814,0,0.0,106,647,167
4,818,0,0.0,107,651,167
3,821,0,0.0,108,653,168
9,830,0,0.0,109,662,168
18,848,0,0.0,110,677,171
2,850,0,0.0,111,679,171
9,859,0,0.0,112,686,173
8,867,0,0.0,113,693,174
19,886,0,0.0,114,708,178
3,889,0,0.0,115,711,178
5,894,0,0.0,116,715,179
2,896,0,0.0,117,716,180
2,898,0,0.0,118,717,181
2,900,0,0.0,119,719,181
6,906,0,0.0,120,724,182
4,910,0,0.0,121,726,184
9,919,0,0.0,122,731,188
8,927,0,0.0,123,734,193
8,935,0,0.0,124,739,196
6,941,1,1.0,125,745,196
6,947,1,0.0,126,745,202
6,953,1,0.0,127,745,208
2,955,1,0.0,128,745,210
3,958,1,0.0,129,746,212
3,961,1,0.0,130,746,215
3,964,1,0.0,131,747,217
7,971,1,0.0,132,747,224
9,980,1,0.0,133,747,233
8,988,1,0.0,134,747,241
6,994,1,0.0,135,747,247
3,997,1,0.0,136,747,250
2,999,1,0.0,137,747,252
19,1018,1,0.0,138,748,270
5,1023,1,0.0,139,748,275
5,1028,1,0.0,140,748,280
5,1033,1,0.0,141,748,285
18,1051,1,0.0,142,748,303
11,1062,2,1.0,143,750,312
17,1079,2,0.0,144,750,329
4,1083,2,0.0,145,750,333
7,1090,2,0.0,146,750,340
2,1092,2,0.0,147,750,342
4,1096,2,0.0,148,750,346
2,1098,2,0.0,149,750,348
3,1101,2,0.0,150,750,351
4,1105,2,0.0,151,750,355
5,1110,2,0.0,152,750,360
12,1122,2,0.0,153,750,372
4,1126,2,0.0,154,750,376
6,1132,2,0.0,155,750,382
3,1135,2,0.0,156,750,385
12,1147,2,0.0,157,750,397
5,1152,2,0.0,158,750,402
14,1166,2,0.0,159,750,416
2,1168,2,0.0,160,750,418
6,1174,2,0.0,161,750,424
2,1176,2,0.0,162,750,426
3,1179,2,0.0,163,750,429
2,1181,2,0.0,164,750,431
2,1183,2,0.0,165,750,433
5,1188,2,0.0,166,750,438
4,1192,2,0.0,167,750,442
15,1207,2,0.0,168,750,457
2,1209,2,0.0,169,750,459
15,1224,2,0.0,170,750,474
9,1233,2,0.0,171,750,483
4,1237,2,0.0,172,750,487
3,1240,2,0.0,173,750,490
2,1242,2,0.0,174,750,492
6,1248,2,0.0,175,750,498
6,1254,2,0.0,176,750,504
17,1271,2,0.0,177,750,521
9,1280,2,0.0,178,750,530
2,1282,2,0.0,179,750,532
6,1288,2,0.0,180,750,538
2,1290,2,0.0,181,750,540
2,1292,2,0.0,182,750,542
2,1294,2,0.0,183,751,543
2,1296,2,0.0,184,751,545
5,1301,2,0.0,185,751,550
7,1308,2,0.0,186,751,557
9,1317,2,0.0,187,751,566
40,1357,2,0.0,188,751,606
22,1379,2,0.0,189,752,627
4,1383,2,0.0,190,752,631
2,1385,2,0.0,191,752,633
5,1390,2,0.0,192,752,638
4,1394,2,0.0,193,752,642
6,1400,2,0.0,194,752,648
2,1402,2,0.0,195,752,650
4,1406,2,0.0,196,752,654
5,1411,2,0.0,197,752,659
4,1415,2,0.0,198,752,663
2,1417,2,0.0,199,752,665
2,1419,2,0.0,200,752,667
26,1445,2,0.0,201,752,693
5,1450,2,0.0,202,752,698
5,1455,2,0.0,203,752,703
10,1465,2,0.0,204,752,713
4,1469,2,0.0,205,752,717
4,1473,2,0.0,206,752,721
11,1484,2,0.0,207,752,732
23,1507,2,0.0,208,752,755
9,1516,2,0.0,209,752,764
2,1518,2,0.0,210,752,766
8,1526,2,0.0,211,753,773
11,1537,2,0.0,212,753,784
2,1539,2,0.0,213,753,786
3,1542,2,0.0,214,753,789
10,1552,2,0.0,215,753,799
3,1555,2,0.0,216,753,802
5,1560,2,0.0,217,753,807
4,1564,2,0.0,218,753,811
4,1568,2,0.0,219,753,815
2,1570,2,0.0,220,753,817
5,1575,2,0.0,221,753,822
3,1578,2,0.0,222,753,825
6,1584,2,0.0,223,753,831
5,1589,2,0.0,224,753,836
7,1596,2,0.0,225,753,843
9,1605,2,0.0,226,753,852
6,1611,2,0.0,227,753,858
6,1617,2,0.0,228,753,864
3,1620,2,0.0,229,753,867
12,1632,2,0.0,230,753,879
10,1642,2,0.0,231,753,889
14,1656,2,0.0,232,754,902
16,1672,2,0.0,233,754,918
12,1684,2,0.0,234,755,929
2,1686,2,0.0,235,755,931
2,1688,2,0.0,236,755,933
7,1695,3,1.0,237,755,940
2,1697,3,0.0,238,755,942
7,1704,3,0.0,239,755,949
13,1717,3,0.0,240,755,962
5,1722,3,0.0,241,755,967
9,1731,3,0.0,242,755,976
16,1747,3,0.0,243,755,992
37,1784,3,0.0,244,755,1029
5,1789,3,0.0,245,755,1034
6,1795,3,0.0,246,755,1040
9,1804,3,0.0,247,755,1049
2,1806,3,0.0,248,756,1050
4,1810,3,0.0,249,756,1054
5,1815,3,0.0,250,756,1059
12,1827,3,0.0,251,756,1071
4,1831,3,0.0,252,756,1075
4,1835,3,0.0,253,756,1079
7,1842,3,0.0,254,756,1086
4,1846,3,0.0,255,756,1090
10,1856,3,0.0,256,757,1099
6,1862,3,0.0,257,757,1105
8,1870,3,0.0,258,757,1113
13,1883,3,0.0,259,757,1126
2,1885,3,0.0,260,757,1128
16,1901,3,0.0,261,758,1143
7,1908,3,0.0,262,758,1150
7,1915,3,0.0,263,758,1157
9,1924,3,0.0,264,758,1166
2,1926,3,0.0,265,758,1168
8,1934,3,0.0,266,758,1176
14,1948,3,0.0,267,758,1190
8,1956,3,0.0,268,758,1198
4,1960,3,0.0,269,758,1202
6,1966,3,0.0,270,758,1208
2,1968,3,0.0,271,758,1210
12,1980,3,0.0,272,758,1222
30,2010,3,0.0,273,758,1252
11,2021,3,0.0,274,758,1263
3,2024,3,0.0,275,758,1266
2,2026,3,0.0,276,758,1268
11,2037,3,0.0,277,758,1279
11,2048,3,0.0,278,758,1290
23,2071,3,0.0,279,758,1313
3,2074,3,0.0,280,758,1316
13,2087,3,0.0,281,758,1329
5,2092,3,0.0,282,758,1334
17,2109,3,0.0,283,758,1351
3,2112,3,0.0,284,758,1354
2,2114,3,0.0,285,758,1356
10,2124,3,0.0,286,758,1366
8,2132,3,0.0,287,758,1374
8,2140,3,0.0,288,758,1382
6,2146,3,0.0,289,758,1388
15,2161,3,0.0,290,758,1403
7,2168,3,0.0,291,758,1410
19,2187,3,0.0,292,758,1429
8,2195,3,0.0,293,758,1437
5,2200,3,0.0,294,758,1442
6,2206,3,0.0,295,758,1448
5,2211,3,0.0,296,758,1453
2,2213,3,0.0,297,758,1455
9,2222,3,0.0,298,758,1464
12,2234,3,0.0,299,758,1476
9,2243,3,0.0,300,758,1485
4,2247,3,0.0,301,758,1489
17,2264,3,0.0,302,758,1506
6,2270,3,0.0,303,758,1512
7,2277,3,0.0,304,758,1519
11,2288,3,0.0,305,758,1530
3,2291,3,0.0,306,758,1533
6,2297,3,0.0,307,758,1539
8,2305,3,0.0,308,758,1547
15,2320,3,0.0,309,758,1562
21,2341,3,0.0,310,758,1583
6,2347,3,0.0,311,758,1589
2,2349,3,0.0,312,758,1591
8,2357,3,0.0,313,758,1599
7,2364,3,0.0,314,758,1606
5,2369,3,0.0,315,758,1611
7,2376,3,0.0,316,758,1618
4,2380,3,0.0,317,758,1622
15,2395,3,0.0,318,758,1637
5,2400,3,0.0,319,758,1642
29,2429,3,0.0,320,758,1671
5,2434,3,0.0,321,758,1676
6,2440,3,0.0,322,758,1682
15,2455,3,0.0,323,758,1697
9,2464,3,0.0,324,758,1706
17,2481,3,0.0,325,758,1723
5,2486,3,0.0,326,758,1728
3,2489,3,0.0,327,758,1731
6,2495,3,0.0,328,758,1737
2,2497,3,0.0,329,758,1739
6,2503,3,0.0,330,758,1745
6,2509,3,0.0,331,758,1751
7,2516,3,0.0,332,758,1758
7,2523,3,0.0,333,758,1765
8,2531,3,0.0,334,758,1773
10,2541,3,0.0,335,758,1783
14,2555,3,0.0,336,758,1797
4,2559,3,0.0,337,758,1801
9,2568,3,0.0,338,758,1810
3,2571,3,0.0,339,758,1813
6,2577,3,0.0,340,758,1819
20,2597,3,0.0,341,758,1839
5,2602,3,0.0,342,758,1844
10,2612,3,0.0,343,758,1854
11,2623,3,0.0,344,758,1865
9,2632,3,0.0,345,758,1874
8,2640,3,0.0,346,758,1882
10,2650,3,0.0,347,758,1892
13,2663,3,0.0,348,758,1905
5,2668,3,0.0,349,758,1910
6,2674,3,0.0,350,758,1916
11,2685,3,0.0,351,758,1927
3,2688,3,0.0,352,758,1930
4,2692,3,0.0,353,758,1934
4,2696,3,0.0,354,758,1938
7,2703,3,0.0,355,758,1945
13,2716,3,0.0,356,758,1958
3,2719,3,0.0,357,758,1961
12,2731,3,0.0,358,758,1973
6,2737,3,0.0,359,758,1979
4,2741,3,0.0,360,758,1983
4,2745,3,0.0,361,758,1987
2,2747,3,0.0,362,758,1989
3,2750,3,0.0,363,758,1992
16,2766,3,0.0,364,758,2008
3,2769,3,0.0,365,758,2011
2,2771,3,0.0,366,758,2013
2,2773,3,0.0,367,758,2015
6,2779,3,0.0,368,758,2021
18,2797,3,0.0,369,758,2039
6,2803,3,0.0,370,758,2045
5,2808,3,0.0,371,758,2050
11,2819,3,0.0,372,758,2061
5,2824,3,0.0,373,758,2066
17,2841,3,0.0,374,759,2082
3,2844,3,0.0,375,759,2085
9,2853,3,0.0,376,759,2094
2,2855,3,0.0,377,759,2096
20,2875,3,0.0,378,759,2116
19,2894,3,0.0,379,759,2135
8,2902,3,0.0,380,759,2143
13,2915,3,0.0,381,759,2156
9,2924,3,0.0,382,759,2165
11,2935,3,0.0,383,759,2176
4,2939,3,0.0,384,759,2180
2,2941,3,0.0,385,759,2182
2,2943,3,0.0,386,759,2184
5,2948,3,0.0,387,759,2189
5,2953,3,0.0,388,759,2194
3,2956,3,0.0,389,759,2197
7,2963,3,0.0,390,759,2204
11,2974,3,0.0,391,759,2215
2,2976,3,0.0,392,759,2217
2,2978,3,0.0,393,759,2219
4,2982,3,0.0,394,759,2223
10,2992,3,0.0,395,759,2233
18,3010,3,0.0,396,759,2251
9,3019,3,0.0,397,759,2260
15,3034,3,0.0,398,759,2275
8,3042,3,0.0,399,759,2283
11,3053,3,0.0,400,759,2294
10,3063,3,0.0,401,759,2304
14,3077,3,0.0,402,759,2318
24,3101,3,0.0,403,759,2342
5,3106,3,0.0,404,759,2347
13,3119,3,0.0,405,759,2360
3,3122,3,0.0,406,759,2363
7,3129,3,0.0,407,759,2370
2,3131,3,0.0,408,759,2372
2,3133,3,0.0,409,759,2374
3,3136,3,0.0,410,759,2377
6,3142,3,0.0,411,759,2383
14,3156,3,0.0,412,759,2397
3,3159,3,0.0,413,759,2400
15,3174,3,0.0,414,759,2415
16,3190,3,0.0,415,759,2431
3,3193,3,0.0,416,759,2434
10,3203,3,0.0,417,759,2444
2,3205,3,0.0,418,759,2446
4,3209,3,0.0,419,759,2450
8,3217,3,0.0,420,759,2458
2,3219,3,0.0,421,759,2460
5,3224,3,0.0,422,759,2465
7,3231,3,0.0,423,759,2472
4,3235,3,0.0,424,759,2476
7,3242,3,0.0,425,759,2483
3,3245,3,0.0,426,759,2486
4,3249,3,0.0,427,759,2490
10,3259,3,0.0,428,759,2500
5,3264,3,0.0,429,759,2505
7,3271,3,0.0,430,760,2511
8,3279,3,0.0,431,760,2519
9,3288,3,0.0,432,760,2528
5,3293,3,0.0,433,760,2533
12,3305,3,0.0,434,760,2545
6,3311,3,0.0,435,760,2551
16,3327,3,0.0,436,760,2567
2,3329,3,0.0,437,760,2569
10,3339,3,0.0,438,760,2579
7,3346,3,0.0,439,760,2586
8,3354,3,0.0,440,760,2594
8,3362,3,0.0,441,760,2602
3,3365,3,0.0,442,760,2605
14,3379,3,0.0,443,760,2619
2,3381,3,0.0,444,760,2621
2,3383,3,0.0,445,760,2623
5,3388,3,0.0,446,760,2628
2,3390,3,0.0,447,760,2630
4,3394,3,0.0,448,760,2634
7,3401,3,0.0,449,760,2641
8,3409,3,0.0,450,760,2649
13,3422,4,1.0,451,760,2662
9,3431,4,0.0,452,760,2671
8,3439,5,1.0,453,760,2679
8,3447,5,0.0,454,760,2687
2,3449,5,0.0,455,760,2689
2,3451,5,0.0,456,760,2691
4,3455,5,0.0,457,760,2695
7,3462,5,0.0,458,760,2702
9,3471,5,0.0,459,760,2711
3,3474,5,0.0,460,760,2714
3,3477,5,0.0,461,760,2717
12,3489,5,0.0,462,760,2729
2,3491,5,0.0,463,760,2731
15,3506,5,0.0,464,760,2746
2,3508,5,0.0,465,760,2748
3,3511,5,0.0,466,760,2751
11,3522,6,1.0,467,760,2762
11,3533,6,0.0,468,760,2773
2,3535,6,0.0,469,760,2775
9,3544,6,0.0,470,760,2784
14,3558,6,0.0,471,760,2798
6,3564,6,0.0,472,760,2804
2,3566,6,0.0,473,760,2806
32,3598,6,0.0,474,760,2838
6,3604,6,0.0,475,760,2844
6,3610,6,0.0,476,760,2850
6,3616,6,0.0,477,760,2856
15,3631,6,0.0,478,760,2871
12,3643,6,0.0,479,760,2883
9,3652,6,0.0,480,760,2892
2,3654,6,0.0,481,760,2894
8,3662,7,1.0,482,760,2902
12,3674,7,0.0,483,760,2914
6,3680,7,0.0,484,760,2920
3,3683,7,0.0,485,760,2923
11,3694,7,0.0,486,760,2934
4,3698,7,0.0,487,760,2938
6,3704,7,0.0,488,760,2944
3,3707,7,0.0,489,760,2947
7,3714,7,0.0,490,760,2954
2,3716,7,0.0,491,760,2956
12,3728,7,0.0,492,760,2968
4,3732,7,0.0,493,760,2972
7,3739,7,0.0,494,760,2979
5,3744,7,0.0,495,760,2984
10,3754,7,0.0,496,760,2994
2,3756,7,0.0,497,760,2996
6,3762,7,0.0,498,760,3002
11,3773,8,1.0,499,760,3013
6,3779,8,0.0,500,760,3019
2,3781,8,0.0,501,760,3021
10,3791,8,0.0,502,760,3031
2,3793,8,0.0,503,760,3033
19,3812,8,0.0,504,760,3052
9,3821,8,0.0,505,760,3061
4,3825,8,0.0,506,760,3065
11,3836,9,1.0,507,760,3076
5,3841,9,0.0,508,760,3081
7,3848,9,0.0,509,760,3088
2,3850,9,0.0,510,760,3090
2,3852,9,0.0,511,760,3092
5,3857,9,0.0,512,760,3097
12,3869,9,0.0,513,760,3109
10,3879,9,0.0,514,760,3119
6,3885,9,0.0,515,760,3125
4,3889,9,0.0,516,760,3129
13,3902,9,0.0,517,760,3142
5,3907,9,0.0,518,760,3147
9,3916,9,0.0,519,760,3156
4,3920,9,0.0,520,760,3160
4,3924,9,0.0,521,760,3164
9,3933,9,0.0,522,760,3173
18,3951,9,0.0,523,760,3191
14,3965,9,0.0,524,760,3205
21,3986,9,0.0,525,760,3226
9,3995,9,0.0,526,760,3235
11,4006,9,0.0,527,760,3246
4,4010,9,0.0,528,760,3250
9,4019,9,0.0,529,760,3259
16,4035,9,0.0,530,760,3275
6,4041,9,0.0,531,760,3281
11,4052,10,1.0,532,760,3292
5,4057,10,0.0,533,760,3297
8,4065,10,0.0,534,760,3305
10,4075,10,0.0,535,760,3315
10,4085,10,0.0,536,760,3325
9,4094,10,0.0,537,760,3334
4,4098,10,0.0,538,760,3338
4,4102,10,0.0,539,760,3342
11,4113,10,0.0,540,760,3353
2,4115,10,0.0,541,760,3355
11,4126,10,0.0,542,760,3366
2,4128,10,0.0,543,760,3368
2,4130,10,0.0,544,760,3370
9,4139,10,0.0,545,760,3379
4,4143,10,0.0,546,760,3383
12,4155,10,0.0,547,760,3395
2,4157,10,0.0,548,760,3397
4,4161,10,0.0,549,760,3401
3,4164,10,0.0,550,760,3404
7,4171,10,0.0,551,760,3411
3,4174,10,0.0,552,760,3414
4,4178,10,0.0,553,760,3418
2,4180,10,0.0,554,760,3420
4,4184,10,0.0,555,760,3424
6,4190,10,0.0,556,760,3430
4,4194,10,0.0,557,760,3434
5,4199,10,0.0,558,760,3439
17,4216,10,0.0,559,760,3456
2,4218,10,0.0,560,760,3458
17,4235,10,0.0,561,760,3475
2,4237,10,0.0,562,760,3477
2,4239,10,0.0,563,760,3479
16,4255,10,0.0,564,760,3495
6,4261,10,0.0,565,760,3501
8,4269,10,0.0,566,760,3509
7,4276,10,0.0,567,760,3516
11,4287,10,0.0,568,760,3527
3,4290,10,0.0,569,760,3530
13,4303,10,0.0,570,760,3543
10,4313,10,0.0,571,760,3553
12,4325,10,0.0,572,760,3565
5,4330,10,0.0,573,760,3570
21,4351,10,0.0,574,760,3591
5,4356,10,0.0,575,760,3596
10,4366,10,0.0,576,760,3606
12,4378,10,0.0,577,760,3618
22,4400,10,0.0,578,760,3640
7,4407,10,0.0,579,760,3647
10,4417,10,0.0,580,760,3657
5,4422,10,0.0,581,760,3662
8,4430,10,0.0,582,760,3670
2,4432,10,0.0,583,760,3672
6,4438,10,0.0,584,760,3678
10,4448,10,0.0,585,760,3688
10,4458,10,0.0,586,760,3698
7,4465,10,0.0,587,760,3705
5,4470,10,0.0,588,760,3710
6,4476,10,0.0,589,760,3716
6,4482,10,0.0,590,760,3722
9,4491,10,0.0,591,760,3731
14,4505,10,0.0,592,760,3745
4,4509,10,0.0,593,760,3749
8,4517,10,0.0,594,760,3757
4,4521,10,0.0,595,760,3761
11,4532,11,1.0,596,760,3772
2,4534,11,0.0,597,760,3774
13,4547,11,0.0,598,760,3787
19,4566,11,0.0,599,760,3806
13,4579,11,0.0,600,760,3819
5,4584,11,0.0,601,760,3824
5,4589,11,0.0,602,760,3829
4,4593,11,0.0,603,760,3833
4,4597,11,0.0,604,760,3837
11,4608,12,1.0,605,760,3848
12,4620,12,0.0,606,760,3860
4,4624,12,0.0,607,760,3864
6,4630,12,0.0,608,760,3870
2,4632,12,0.0,609,760,3872
5,4637,12,0.0,610,760,3877
2,4639,12,0.0,611,760,3879
9,4648,12,0.0,612,760,3888
11,4659,13,1.0,613,760,3899
4,4663,13,0.0,614,760,3903
2,4665,13,0.0,615,760,3905
15,4680,13,0.0,616,760,3920
6,4686,13,0.0,617,760,3926
7,4693,13,0.0,618,760,3933
4,4697,13,0.0,619,760,3937
6,4703,14,1.0,620,760,3943
13,4716,14,0.0,621,760,3956
7,4723,14,0.0,622,760,3963
10,4733,14,0.0,623,760,3973
4,4737,14,0.0,624,760,3977
7,4744,14,0.0,625,760,3984
11,4755,15,1.0,626,760,3995
4,4759,15,0.0,627,760,3999
11,4770,15,0.0,628,760,4010
3,4773,15,0.0,629,760,4013
24,4797,15,0.0,630,760,4037
4,4801,15,0.0,631,760,4041
9,4810,15,0.0,632,760,4050
13,4823,15,0.0,633,760,4063
2,4825,15,0.0,634,760,4065
2,4827,15,0.0,635,760,4067
8,4835,15,0.0,636,760,4075
2,4837,15,0.0,637,760,4077
2,4839,15,0.0,638,760,4079
2,4841,15,0.0,639,760,4081
11,4852,15,0.0,640,760,4092
7,4859,15,0.0,641,760,4099
9,4868,15,0.0,642,760,4108
13,4881,15,0.0,643,760,4121
10,4891,15,0.0,644,760,4131
9,4900,15,0.0,645,760,4140
7,4907,15,0.0,646,760,4147
20,4927,15,0.0,647,760,4167
7,4934,15,0.0,648,760,4174
6,4940,15,0.0,649,760,4180
6,4946,15,0.0,650,760,4186
2,4948,15,0.0,651,760,4188
6,4954,15,0.0,652,760,4194
11,4965,15,0.0,653,760,4205
11,4976,15,0.0,654,760,4216
9,4985,15,0.0,655,760,4225
9,4994,15,0.0,656,760,4234
5,4999,15,0.0,657,760,4239
9,5008,15,0.0,658,760,4248
7,5015,15,0.0,659,760,4255
3,5018,15,0.0,660,760,4258
18,5036,15,0.0,661,760,4276
9,5045,15,0.0,662,760,4285
11,5056,15,0.0,663,760,4296
4,5060,15,0.0,664,760,4300
12,5072,15,0.0,665,760,4312
5,5077,15,0.0,666,760,4317
4,5081,15,0.0,667,760,4321
10,5091,15,0.0,668,760,4331
6,5097,15,0.0,669,760,4337
5,5102,15,0.0,670,760,4342
3,5105,15,0.0,671,760,4345
11,5116,16,1.0,672,760,4356
4,5120,16,0.0,673,760,4360
14,5134,16,0.0,674,760,4374
13,5147,16,0.0,675,760,4387
2,5149,16,0.0,676,760,4389
13,5162,16,0.0,677,760,4402
7,5169,16,0.0,678,760,4409
3,5172,16,0.0,679,760,4412
5,5177,16,0.0,680,760,4417
6,5183,16,0.0,681,760,4423
3,5186,16,0.0,682,760,4426
4,5190,16,0.0,683,760,4430
2,5192,16,0.0,684,760,4432
25,5217,16,0.0,685,760,4457
4,5221,16,0.0,686,760,4461
11,5232,16,0.0,687,760,4472
7,5239,16,0.0,688,760,4479
3,5242,16,0.0,689,760,4482
3,5245,16,0.0,690,760,4485
19,5264,16,0.0,691,760,4504
10,5274,16,0.0,692,760,4514
2,5276,16,0.0,693,760,4516
3,5279,16,0.0,694,760,4519
2,5281,16,0.0,695,760,4521
3,5284,16,0.0,696,760,4524
3,5287,16,0.0,697,760,4527
19,5306,16,0.0,698,760,4546
5,5311,16,0.0,699,760,4551
8,5319,16,0.0,700,760,4559
14,5333,16,0.0,701,760,4573
2,5335,16,0.0,702,760,4575
2,5337,16,0.0,703,760,4577
20,5357,16,0.0,704,760,4597
12,5369,16,0.0,705,760,4609
7,5376,16,0.0,706,760,4616
18,5394,16,0.0,707,760,4634
9,5403,16,0.0,708,760,4643
3,5406,16,0.0,709,760,4646
16,5422,16,0.0,710,760,4662
5,5427,16,0.0,711,760,4667
9,5436,16,0.0,712,760,4676
2,5438,16,0.0,713,760,4678
6,5444,16,0.0,714,760,4684
3,5447,16,0.0,715,760,4687
6,5453,16,0.0,716,760,4693
2,5455,16,0.0,717,760,4695
10,5465,16,0.0,718,760,4705
7,5472,16,0.0,719,760,4712
8,5480,16,0.0,720,760,4720
3,5483,16,0.0,721,760,4723
7,5490,16,0.0,722,760,4730
3,5493,16,0.0,723,760,4733
7,5500,16,0.0,724,760,4740
3,5503,16,0.0,725,760,4743
7,5510,16,0.0,726,760,4750
2,5512,16,0.0,727,760,4752
5,5517,16,0.0,728,760,4757
10,5527,16,0.0,729,760,4767
3,5530,16,0.0,730,760,4770
3,5533,16,0.0,731,760,4773
6,5539,16,0.0,732,760,4779
13,5552,16,0.0,733,760,4792
16,5568,16,0.0,734,760,4808
2,5570,16,0.0,735,760,4810
4,5574,16,0.0,736,760,4814
24,5598,16,0.0,737,760,4838
2,5600,16,0.0,738,760,4840
3,5603,16,0.0,739,760,4843
4,5607,16,0.0,740,760,4847
7,5614,16,0.0,741,760,4854
2,5616,16,0.0,742,760,4856
3,5619,16,0.0,743,760,4859
18,5637,16,0.0,744,760,4877
7,5644,16,0.0,745,760,4884
3,5647,16,0.0,746,760,4887
4,5651,16,0.0,747,760,4891
14,5665,16,0.0,748,760,4905
3,5668,16,0.0,749,760,4908
4,5672,16,0.0,750,760,4912
15,5687,16,0.0,751,760,4927
4,5691,16,0.0,752,760,4931
4,5695,16,0.0,753,760,4935
4,5699,16,0.0,754,760,4939
6,5705,16,0.0,755,760,4945
6,5711,16,0.0,756,760,4951
14,5725,16,0.0,757,760,4965
4,5729,16,0.0,758,760,4969
7,5736,16,0.0,759,760,4976
8,5744,16,0.0,760,760,4984
3,5747,16,0.0,761,760,4987
18,5765,16,0.0,762,760,5005
3,5768,16,0.0,763,760,5008
13,5781,16,0.0,764,760,5021
6,5787,16,0.0,765,760,5027
8,5795,16,0.0,766,760,5035
4,5799,16,0.0,767,760,5039
16,5815,16,0.0,768,760,5055
17,5832,16,0.0,769,760,5072
10,5842,16,0.0,770,760,5082
5,5847,16,0.0,771,760,5087
5,5852,16,0.0,772,760,5092
12,5864,16,0.0,773,760,5104
4,5868,16,0.0,774,760,5108
6,5874,16,0.0,775,760,5114
13,5887,16,0.0,776,760,5127
3,5890,16,0.0,777,760,5130
11,5901,16,0.0,778,760,5141
2,5903,16,0.0,779,760,5143
16,5919,16,0.0,780,760,5159
3,5922,16,0.0,781,760,5162
2,5924,16,0.0,782,760,5164
6,5930,16,0.0,783,760,5170
5,5935,16,0.0,784,760,5175
13,5948,16,0.0,785,760,5188
9,5957,16,0.0,786,760,5197
11,5968,16,0.0,787,760,5208
3,5971,16,0.0,788,760,5211
2,5973,16,0.0,789,760,5213
4,5977,16,0.0,790,760,5217
5,5982,16,0.0,791,760,5222
7,5989,16,0.0,792,760,5229
6,5995,16,0.0,793,760,5235
3,5998,16,0.0,794,760,5238
11,6009,16,0.0,795,760,5249
3,6012,16,0.0,796,760,5252
3,6015,16,0.0,797,760,5255
10,6025,16,0.0,798,760,5265
9,6034,16,0.0,799,760,5274
17,6051,16,0.0,800,760,5291
11,6062,16,0.0,801,760,5302
3,6065,16,0.0,802,760,5305
14,6079,16,0.0,803,760,5319
3,6082,16,0.0,804,760,5322
13,6095,16,0.0,805,760,5335
2,6097,16,0.0,806,760,5337
2,6099,16,0.0,807,760,5339
9,6108,16,0.0,808,760,5348
7,6115,16,0.0,809,760,5355
4,6119,16,0.0,810,760,5359
7,6126,16,0.0,811,760,5366
3,6129,16,0.0,812,760,5369
13,6142,16,0.0,813,760,5382
5,6147,16,0.0,814,760,5387
5,6152,16,0.0,815,760,5392
23,6175,16,0.0,816,760,5415
10,6185,16,0.0,817,760,5425
9,6194,16,0.0,818,760,5434
10,6204,16,0.0,819,760,5444
5,6209,16,0.0,820,760,5449
5,6214,16,0.0,821,760,5454
3,6217,16,0.0,822,760,5457
6,6223,16,0.0,823,760,5463
4,6227,16,0.0,824,760,5467
13,6240,16,0.0,825,760,5480
5,6245,16,0.0,826,760,5485
12,6257,16,0.0,827,760,5497
14,6271,16,0.0,828,760,5511
6,6277,16,0.0,829,760,5517
7,6284,16,0.0,830,760,5524
6,6290,16,0.0,831,760,5530
2,6292,16,0.0,832,760,5532
2,6294,16,0.0,833,760,5534
10,6304,16,0.0,834,760,5544
4,6308,16,0.0,835,760,5548
2,6310,16,0.0,836,760,5550
25,6335,16,0.0,837,760,5575
3,6338,16,0.0,838,760,5578
11,6349,16,0.0,839,760,5589
11,6360,17,1.0,840,760,5600
4,6364,17,0.0,841,760,5604
8,6372,17,0.0,842,760,5612
2,6374,17,0.0,843,760,5614
9,6383,17,0.0,844,760,5623
7,6390,17,0.0,845,760,5630
4,6394,17,0.0,846,760,5634
3,6397,17,0.0,847,760,5637
2,6399,17,0.0,848,760,5639
14,6413,17,0.0,849,760,5653
2,6415,17,0.0,850,760,5655
4,6419,17,0.0,851,760,5659
3,6422,17,0.0,852,760,5662
6,6428,17,0.0,853,760,5668
4,6432,17,0.0,854,760,5672
6,6438,17,0.0,855,760,5678
3,6441,17,0.0,856,760,5681
5,6446,17,0.0,857,760,5686
4,6450,17,0.0,858,760,5690
3,6453,17,0.0,859,760,5693
15,6468,17,0.0,860,760,5708
7,6475,17,0.0,861,760,5715
6,6481,17,0.0,862,760,5721
2,6483,17,0.0,863,760,5723
15,6498,17,0.0,864,760,5738
5,6503,17,0.0,865,760,5743
3,6506,17,0.0,866,760,5746
6,6512,17,0.0,867,760,5752
7,6519,17,0.0,868,760,5759
10,6529,17,0.0,869,760,5769
3,6532,17,0.0,870,760,5772
9,6541,17,0.0,871,760,5781
3,6544,17,0.0,872,760,5784
13,6557,17,0.0,873,760,5797
9,6566,17,0.0,874,760,5806
2,6568,17,0.0,875,760,5808
3,6571,17,0.0,876,760,5811
5,6576,17,0.0,877,760,5816
9,6585,17,0.0,878,760,5825
6,6591,17,0.0,879,760,5831
5,6596,17,0.0,880,760,5836
10,6606,17,0.0,881,760,5846
12,6618,17,0.0,882,760,5858
2,6620,17,0.0,883,760,5860
11,6631,17,0.0,884,760,5871
2,6633,17,0.0,885,760,5873
3,6636,17,0.0,886,760,5876
7,6643,17,0.0,887,760,5883
4,6647,17,0.0,888,760,5887
11,6658,17,0.0,889,760,5898
26,6684,17,0.0,890,760,5924
3,6687,17,0.0,891,760,5927
8,6695,17,0.0,892,760,5935
10,6705,17,0.0,893,760,5945
6,6711,17,0.0,894,760,5951
6,6717,17,0.0,895,760,5957
10,6727,17,0.0,896,760,5967
3,6730,17,0.0,897,760,5970
5,6735,17,0.0,898,760,5975
7,6742,17,0.0,899,760,5982
2,6744,17,0.0,900,760,5984
8,6752,17,0.0,901,760,5992
14,6766,17,0.0,902,760,6006
2,6768,17,0.0,903,760,6008
2,6770,17,0.0,904,760,6010
9,6779,17,0.0,905,760,6019
8,6787,17,0.0,906,760,6027
14,6801,17,0.0,907,760,6041
28,6829,17,0.0,908,760,6069
7,6836,17,0.0,909,760,6076
9,6845,17,0.0,910,760,6085
7,6852,17,0.0,911,760,6092
11,6863,17,0.0,912,760,6103
2,6865,17,0.0,913,760,6105
6,6871,17,0.0,914,760,6111
16,6887,17,0.0,915,760,6127
3,6890,17,0.0,916,760,6130
23,6913,17,0.0,917,760,6153
6,6919,17,0.0,918,760,6159
4,6923,17,0.0,919,760,6163
5,6928,17,0.0,920,760,6168
3,6931,17,0.0,921,760,6171
12,6943,17,0.0,922,760,6183
7,6950,17,0.0,923,760,6190
3,6953,17,0.0,924,760,6193
6,6959,17,0.0,925,760,6199
4,6963,17,0.0,926,760,6203
11,6974,17,0.0,927,760,6214
4,6978,17,0.0,928,760,6218
7,6985,17,0.0,929,760,6225
6,6991,17,0.0,930,760,6231
5,6996,17,0.0,931,760,6236
19,7015,18,1.0,932,760,6255
3,7018,18,0.0,933,760,6258
7,7025,18,0.0,934,760,6265
5,7030,18,0.0,935,760,6270
4,7034,18,0.0,936,760,6274
3,7037,18,0.0,937,760,6277
22,7059,18,0.0,938,760,6299
3,7062,18,0.0,939,760,6302
2,7064,18,0.0,940,760,6304
5,7069,18,0.0,941,760,6309
3,7072,18,0.0,942,760,6312
10,7082,18,0.0,943,760,6322
2,7084,18,0.0,944,760,6324
2,7086,18,0.0,945,760,6326
29,7115,18,0.0,946,760,6355
17,7132,18,0.0,947,760,6372
3,7135,18,0.0,948,760,6375
4,7139,18,0.0,949,760,6379
7,7146,18,0.0,950,760,6386
8,7154,18,0.0,951,760,6394
8,7162,18,0.0,952,760,6402
9,7171,18,0.0,953,760,6411
11,7182,19,1.0,954,760,6422
5,7187,19,0.0,955,760,6427
17,7204,19,0.0,956,760,6444
9,7213,19,0.0,957,760,6453
3,7216,19,0.0,958,760,6456
8,7224,19,0.0,959,760,6464
13,7237,19,0.0,960,760,6477
3,7240,19,0.0,961,760,6480
7,7247,19,0.0,962,760,6487
5,7252,19,0.0,963,760,6492
7,7259,19,0.0,964,760,6499
3,7262,19,0.0,965,760,6502
7,7269,19,0.0,966,760,6509
3,7272,19,0.0,967,760,6512
3,7275,19,0.0,968,760,6515
6,7281,20,1.0,969,760,6521
4,7285,20,0.0,970,760,6525
6,7291,20,0.0,971,760,6531
8,7299,20,0.0,972,760,6539
5,7304,20,0.0,973,760,6544
8,7312,20,0.0,974,760,6552
2,7314,20,0.0,975,760,6554
2,7316,20,0.0,976,760,6556
2,7318,20,0.0,977,760,6558
6,7324,20,0.0,978,760,6564
3,7327,20,0.0,979,760,6567
6,7333,20,0.0,980,760,6573
3,7336,20,0.0,981,760,6576
7,7343,20,0.0,982,760,6583
6,7349,21,1.0,983,760,6589
8,7357,21,0.0,984,760,6597
35,7392,21,0.0,985,760,6632
7,7399,21,0.0,986,760,6639
4,7403,21,0.0,987,760,6643
3,7406,21,0.0,988,760,6646
5,7411,21,0.0,989,760,6651
19,7430,21,0.0,990,760,6670
3,7433,21,0.0,991,760,6673
7,7440,21,0.0,992,760,6680
10,7450,21,0.0,993,760,6690
5,7455,21,0.0,994,760,6695
2,7457,21,0.0,995,760,6697
4,7461,21,0.0,996,760,6701
2,7463,21,0.0,997,760,6703
5,7468,21,0.0,998,760,6708
5,7473,21,0.0,999,760,6713
9,7482,21,0.0,1000,760,6722
11,7493,21,0.0,1001,760,6733
2,7495,21,0.0,1002,760,6735
8,7503,21,0.0,1003,760,6743
7,7510,21,0.0,1004,760,6750
13,7523,21,0.0,1005,760,6763
6,7529,21,0.0,1006,760,6769
4,7533,21,0.0,1007,760,6773
3,7536,21,0.0,1008,760,6776
18,7554,21,0.0,1009,760,6794
3,7557,21,0.0,1010,760,6797
5,7562,21,0.0,1011,760,6802
3,7565,21,0.0,1012,760,6805
4,7569,21,0.0,1013,760,6809
6,7575,21,0.0,1014,760,6815
2,7577,21,0.0,1015,760,6817
16,7593,21,0.0,1016,760,6833
8,7601,21,0.0,1017,760,6841
3,7604,21,0.0,1018,760,6844
4,7608,21,0.0,1019,760,6848
2,7610,21,0.0,1020,760,6850
4,7614,21,0.0,1021,760,6854
9,7623,21,0.0,1022,760,6863
7,7630,21,0.0,1023,760,6870
22,7652,21,0.0,1024,760,6892
10,7662,21,0.0,1025,760,6902
6,7668,21,0.0,1026,760,6908
7,7675,21,0.0,1027,760,6915
6,7681,21,0.0,1028,760,6921
2,7683,21,0.0,1029,760,6923
4,7687,21,0.0,1030,760,6927
3,7690,21,0.0,1031,760,6930
6,7696,21,0.0,1032,760,6936
6,7702,21,0.0,1033,760,6942
11,7713,21,0.0,1034,760,6953
5,7718,21,0.0,1035,760,6958
6,7724,21,0.0,1036,760,6964
2,7726,21,0.0,1037,760,6966
6,7732,21,0.0,1038,760,6972
4,7736,21,0.0,1039,760,6976
5,7741,21,0.0,1040,760,6981
11,7752,21,0.0,1041,760,6992
14,7766,21,0.0,1042,760,7006
12,7778,21,0.0,1043,760,7018
12,7790,21,0.0,1044,760,7030
4,7794,21,0.0,1045,760,7034
15,7809,21,0.0,1046,760,7049
2,7811,21,0.0,1047,760,7051
14,7825,21,0.0,1048,760,7065
3,7828,21,0.0,1049,760,7068
7,7835,21,0.0,1050,760,7075
2,7837,21,0.0,1051,760,7077
3,7840,21,0.0,1052,760,7080
2,7842,21,0.0,1053,760,7082
3,7845,21,0.0,1054,760,7085
8,7853,22,1.0,1055,760,7093
19,7872,22,0.0,1056,760,7112
6,7878,22,0.0,1057,760,7118
15,7893,22,0.0,1058,760,7133
3,7896,22,0.0,1059,760,7136
4,7900,22,0.0,1060,760,7140
2,7902,22,0.0,1061,760,7142
13,7915,22,0.0,1062,760,7155
3,7918,22,0.0,1063,760,7158
3,7921,22,0.0,1064,760,7161
6,7927,22,0.0,1065,760,7167
3,7930,22,0.0,1066,760,7170
6,7936,22,0.0,1067,760,7176
3,7939,22,0.0,1068,760,7179
3,7942,22,0.0,1069,760,7182
2,7944,22,0.0,1070,760,7184
3,7947,22,0.0,1071,760,7187
2,7949,22,0.0,1072,760,7189
7,7956,22,0.0,1073,760,7196
3,7959,22,0.0,1074,760,7199
5,7964,22,0.0,1075,760,7204
8,7972,22,0.0,1076,760,7212
6,7978,22,0.0,1077,760,7218
16,7994,22,0.0,1078,760,7234
49,8043,22,0.0,1079,760,7283
6,8049,22,0.0,1080,760,7289
2,8051,22,0.0,1081,760,7291
11,8062,22,0.0,1082,760,7302
4,8066,22,0.0,1083,760,7306
5,8071,22,0.0,1084,760,7311
3,8074,22,0.0,1085,760,7314
3,8077,22,0.0,1086,760,7317
2,8079,22,0.0,1087,760,7319
8,8087,22,0.0,1088,760,7327
2,8089,22,0.0,1089,760,7329
2,8091,22,0.0,1090,760,7331
3,8094,22,0.0,1091,760,7334
15,8109,22,0.0,1092,760,7349
16,8125,22,0.0,1093,760,7365
14,8139,22,0.0,1094,760,7379
5,8144,22,0.0,1095,760,7384
3,8147,22,0.0,1096,760,7387
7,8154,22,0.0,1097,760,7394
6,8160,22,0.0,1098,760,7400
3,8163,22,0.0,1099,760,7403
11,8174,23,1.0,1100,760,7414
4,8178,23,0.0,1101,760,7418
9,8187,23,0.0,1102,760,7427
6,8193,23,0.0,1103,760,7433
4,8197,23,0.0,1104,760,7437
6,8203,23,0.0,1105,760,7443
3,8206,23,0.0,1106,760,7446
3,8209,23,0.0,1107,760,7449
3,8212,23,0.0,1108,760,7452
7,8219,23,0.0,1109,760,7459
5,8224,23,0.0,1110,760,7464
2,8226,23,0.0,1111,760,7466
4,8230,23,0.0,1112,760,7470
9,8239,23,0.0,1113,760,7479
10,8249,23,0.0,1114,760,7489
2,8251,23,0.0,1115,760,7491
7,8258,23,0.0,1116,760,7498
17,8275,23,0.0,1117,760,7515
14,8289,23,0.0,1118,760,7529
5,8294,23,0.0,1119,760,7534
5,8299,23,0.0,1120,760,7539
25,8324,23,0.0,1121,760,7564
8,8332,23,0.0,1122,760,7572
5,8337,23,0.0,1123,760,7577
2,8339,23,0.0,1124,760,7579
7,8346,23,0.0,1125,760,7586
7,8353,23,0.0,1126,760,7593
5,8358,23,0.0,1127,760,7598
7,8365,23,0.0,1128,760,7605
8,8373,23,0.0,1129,760,7613
22,8395,23,0.0,1130,760,7635
6,8401,23,0.0,1131,760,7641
6,8407,23,0.0,1132,760,7647
6,8413,23,0.0,1133,760,7653
5,8418,23,0.0,1134,760,7658
2,8420,23,0.0,1135,760,7660
16,8436,23,0.0,1136,760,7676
11,8447,23,0.0,1137,760,7687
3,8450,23,0.0,1138,760,7690
6,8456,23,0.0,1139,760,7696
5,8461,23,0.0,1140,760,7701
22,8483,23,0.0,1141,760,7723
6,8489,23,0.0,1142,760,7729
4,8493,23,0.0,1143,760,7733
4,8497,23,0.0,1144,760,7737
3,8500,23,0.0,1145,760,7740
3,8503,23,0.0,1146,760,7743
2,8505,23,0.0,1147,760,7745
8,8513,23,0.0,1148,760,7753
11,8524,23,0.0,1149,760,7764
3,8527,23,0.0,1150,760,7767
2,8529,23,0.0,1151,760,7769
3,8532,23,0.0,1152,760,7772
3,8535,23,0.0,1153,760,7775
3,8538,23,0.0,1154,760,7778
7,8545,23,0.0,1155,760,7785
3,8548,23,0.0,1156,760,7788
3,8551,23,0.0,1157,760,7791
18,8569,23,0.0,1158,760,7809
16,8585,23,0.0,1159,760,7825
16,8601,23,0.0,1160,760,7841
3,8604,23,0.0,1161,760,7844
5,8609,23,0.0,1162,760,7849
17,8626,23,0.0,1163,760,7866
2,8628,23,0.0,1164,760,7868
3,8631,23,0.0,1165,760,7871
14,8645,23,0.0,1166,760,7885
11,8656,23,0.0,1167,760,7896
2,8658,23,0.0,1168,760,7898
25,8683,23,0.0,1169,760,7923
14,8697,23,0.0,1170,760,7937
5,8702,23,0.0,1171,760,7942
2,8704,23,0.0,1172,760,7944
3,8707,23,0.0,1173,760,7947
6,8713,24,1.0,1174,760,7953
10,8723,24,0.0,1175,760,7963
2,8725,24,0.0,1176,760,7965
2,8727,24,0.0,1177,760,7967
2,8729,24,0.0,1178,760,7969
4,8733,24,0.0,1179,760,7973
18,8751,24,0.0,1180,760,7991
2,8753,24,0.0,1181,760,7993
14,8767,24,0.0,1182,760,8007
15,8782,24,0.0,1183,760,8022
7,8789,24,0.0,1184,760,8029
10,8799,24,0.0,1185,760,8039
10,8809,24,0.0,1186,760,8049
11,8820,24,0.0,1187,760,8060
2,8822,24,0.0,1188,760,8062
8,8830,24,0.0,1189,760,8070
3,8833,24,0.0,1190,760,8073
2,8835,24,0.0,1191,760,8075
6,8841,24,0.0,1192,760,8081
3,8844,24,0.0,1193,760,8084
12,8856,24,0.0,1194,760,8096
6,8862,24,0.0,1195,760,8102
14,8876,24,0.0,1196,760,8116
6,8882,24,0.0,1197,760,8122
3,8885,24,0.0,1198,760,8125
11,8896,24,0.0,1199,760,8136
14,8910,24,0.0,1200,760,8150
13,8923,24,0.0,1201,760,8163
7,8930,24,0.0,1202,760,8170
12,8942,24,0.0,1203,760,8182
10,8952,24,0.0,1204,760,8192
6,8958,24,0.0,1205,760,8198
3,8961,24,0.0,1206,760,8201
3,8964,24,0.0,1207,760,8204
10,8974,24,0.0,1208,760,8214
3,8977,24,0.0,1209,760,8217
5,8982,24,0.0,1210,760,8222
3,8985,24,0.0,1211,760,8225
7,8992,24,0.0,1212,760,8232
2,8994,24,0.0,1213,760,8234
10,9004,24,0.0,1214,760,8244
12,9016,24,0.0,1215,760,8256
19,9035,24,0.0,1216,760,8275
2,9037,24,0.0,1217,760,8277
3,9040,24,0.0,1218,760,8280
7,9047,24,0.0,1219,760,8287
3,9050,24,0.0,1220,760,8290
18,9068,24,0.0,1221,760,8308
10,9078,24,0.0,1222,760,8318
16,9094,24,0.0,1223,760,8334
3,9097,24,0.0,1224,760,8337
6,9103,24,0.0,1225,760,8343
3,9106,24,0.0,1226,760,8346
3,9109,24,0.0,1227,760,8349
8,9117,24,0.0,1228,760,8357
7,9124,24,0.0,1229,760,8364
4,9128,24,0.0,1230,760,8368
10,9138,24,0.0,1231,760,8378
4,9142,24,0.0,1232,760,8382
8,9150,24,0.0,1233,760,8390
6,9156,24,0.0,1234,760,8396
16,9172,24,0.0,1235,760,8412
7,9179,24,0.0,1236,760,8419
6,9185,24,0.0,1237,760,8425
8,9193,24,0.0,1238,760,8433
4,9197,24,0.0,1239,760,8437
4,9201,24,0.0,1240,760,8441
7,9208,24,0.0,1241,760,8448
11,9219,24,0.0,1242,760,8459
2,9221,24,0.0,1243,760,8461
8,9229,24,0.0,1244,760,8469
7,9236,24,0.0,1245,760,8476
18,9254,24,0.0,1246,760,8494
23,9277,24,0.0,1247,760,8517
19,9296,24,0.0,1248,760,8536
6,9302,24,0.0,1249,760,8542
12,9314,24,0.0,1250,760,8554
10,9324,24,0.0,1251,760,8564
8,9332,24,0.0,1252,760,8572
4,9336,24,0.0,1253,760,8576
2,9338,24,0.0,1254,760,8578
24,9362,24,0.0,1255,760,8602
3,9365,24,0.0,1256,760,8605
5,9370,24,0.0,1257,760,8610
6,9376,24,0.0,1258,760,8616
22,9398,24,0.0,1259,760,8638
3,9401,24,0.0,1260,760,8641
7,9408,24,0.0,1261,760,8648
8,9416,24,0.0,1262,760,8656
8,9424,24,0.0,1263,760,8664
6,9430,24,0.0,1264,760,8670
33,9463,24,0.0,1265,760,8703
11,9474,25,1.0,1266,760,8714
3,9477,25,0.0,1267,760,8717
7,9484,25,0.0,1268,760,8724
13,9497,25,0.0,1269,760,8737
11,9508,26,1.0,1270,760,8748
5,9513,26,0.0,1271,760,8753
8,9521,26,0.0,1272,760,8761
8,9529,26,0.0,1273,760,8769
11,9540,26,0.0,1274,760,8780
3,9543,26,0.0,1275,760,8783
7,9550,26,0.0,1276,760,8790
4,9554,26,0.0,1277,760,8794
5,9559,26,0.0,1278,760,8799
5,9564,26,0.0,1279,760,8804
7,9571,26,0.0,1280,760,8811
3,9574,26,0.0,1281,760,8814
3,9577,26,0.0,1282,760,8817
3,9580,26,0.0,1283,760,8820
3,9583,26,0.0,1284,760,8823
2,9585,26,0.0,1285,760,8825
3,9588,26,0.0,1286,760,8828
6,9594,27,1.0,1287,760,8834
7,9601,27,0.0,1288,760,8841
2,9603,27,0.0,1289,760,8843
3,9606,27,0.0,1290,760,8846
2,9608,27,0.0,1291,760,8848
5,9613,27,0.0,1292,760,8853
16,9629,27,0.0,1293,760,8869
2,9631,27,0.0,1294,760,8871
17,9648,27,0.0,1295,760,8888
2,9650,27,0.0,1296,760,8890
4,9654,27,0.0,1297,760,8894
13,9667,27,0.0,1298,760,8907
11,9678,27,0.0,1299,760,8918
16,9694,27,0.0,1300,760,8934
10,9704,27,0.0,1301,760,8944
7,9711,27,0.0,1302,760,8951
4,9715,27,0.0,1303,760,8955
2,9717,27,0.0,1304,760,8957
5,9722,27,0.0,1305,760,8962
3,9725,27,0.0,1306,760,8965
17,9742,27,0.0,1307,760,8982
6,9748,27,0.0,1308,760,8988
7,9755,27,0.0,1309,760,8995
11,9766,28,1.0,1310,760,9006
2,9768,28,0.0,1311,760,9008
4,9772,28,0.0,1312,760,9012
2,9774,28,0.0,1313,760,9014
3,9777,28,0.0,1314,760,9017
2,9779,28,0.0,1315,760,9019
23,9802,28,0.0,1316,760,9042
4,9806,28,0.0,1317,760,9046
11,9817,28,0.0,1318,760,9057
3,9820,28,0.0,1319,760,9060
8,9828,28,0.0,1320,760,9068
3,9831,28,0.0,1321,760,9071
10,9841,28,0.0,1322,760,9081
18,9859,28,0.0,1323,760,9099
29,9888,28,0.0,1324,760,9128
11,9899,28,0.0,1325,760,9139
4,9903,28,0.0,1326,760,9143
8,9911,28,0.0,1327,760,9151
11,9922,28,0.0,1328,760,9162
9,9931,28,0.0,1329,760,9171
2,9933,28,0.0,1330,760,9173
8,9941,28,0.0,1331,760,9181
8,9949,28,0.0,1332,760,9189
3,9952,28,0.0,1333,760,9192
2,9954,28,0.0,1334,760,9194
6,9960,28,0.0,1335,760,9200
5,9965,28,0.0,1336,760,9205
3,9968,28,0.0,1337,760,9208
3,9971,28,0.0,1338,760,9211
9,9980,28,0.0,1339,760,9220
5,9985,28,0.0,1340,760,9225
2,9987,28,0.0,1341,760,9227
6,9993,28,0.0,1342,760,9233
17,10010,28,0.0,1343,760,9250
20,10030,28,0.0,1344,760,9270
5,10035,28,0.0,1345,760,9275
2,10037,28,0.0,1346,760,9277
5,10042,28,0.0,1347,760,9282
5,10047,28,0.0,1348,760,9287
4,10051,28,0.0,1349,760,9291
17,10068,28,0.0,1350,760,9308
11,10079,28,0.0,1351,760,9319
7,10086,28,0.0,1352,760,9326
7,10093,28,0.0,1353,760,9333
8,10101,28,0.0,1354,760,9341
12,10113,28,0.0,1355,760,9353
3,10116,28,0.0,1356,760,9356
8,10124,28,0.0,1357,760,9364
7,10131,28,0.0,1358,760,9371
8,10139,28,0.0,1359,760,9379
3,10142,28,0.0,1360,760,9382
2,10144,28,0.0,1361,760,9384
32,10176,28,0.0,1362,760,9416
11,10187,28,0.0,1363,760,9427
14,10201,28,0.0,1364,760,9441
5,10206,28,0.0,1365,760,9446
11,10217,28,0.0,1366,760,9457
4,10221,28,0.0,1367,760,9461
5,10226,28,0.0,1368,760,9466
2,10228,28,0.0,1369,760,9468
14,10242,28,0.0,1370,760,9482
13,10255,28,0.0,1371,760,9495
10,10265,28,0.0,1372,760,9505
10,10275,28,0.0,1373,760,9515
7,10282,28,0.0,1374,760,9522
2,10284,28,0.0,1375,760,9524
17,10301,28,0.0,1376,760,9541
26,10327,28,0.0,1377,760,9567
5,10332,28,0.0,1378,760,9572
5,10337,28,0.0,1379,760,9577
4,10341,28,0.0,1380,760,9581
2,10343,28,0.0,1381,760,9583
11,10354,28,0.0,1382,760,9594
17,10371,28,0.0,1383,760,9611
16,10387,28,0.0,1384,760,9627
3,10390,28,0.0,1385,760,9630
11,10401,28,0.0,1386,760,9641
12,10413,28,0.0,1387,760,9653
5,10418,28,0.0,1388,760,9658
5,10423,28,0.0,1389,760,9663
11,10434,28,0.0,1390,760,9674
4,10438,28,0.0,1391,760,9678
7,10445,28,0.0,1392,760,9685
11,10456,29,1.0,1393,760,9696
8,10464,29,0.0,1394,760,9704
7,10471,29,0.0,1395,760,9711
4,10475,29,0.0,1396,760,9715
6,10481,29,0.0,1397,760,9721
3,10484,29,0.0,1398,760,9724
5,10489,29,0.0,1399,760,9729
3,10492,29,0.0,1400,760,9732
10,10502,29,0.0,1401,760,9742
3,10505,29,0.0,1402,760,9745
8,10513,29,0.0,1403,760,9753
4,10517,29,0.0,1404,760,9757
3,10520,29,0.0,1405,760,9760
4,10524,29,0.0,1406,760,9764
11,10535,29,0.0,1407,760,9775
31,10566,29,0.0,1408,760,9806
10,10576,29,0.0,1409,760,9816
5,10581,29,0.0,1410,760,9821
7,10588,29,0.0,1411,760,9828
19,10607,29,0.0,1412,760,9847
2,10609,29,0.0,1413,760,9849
6,10615,29,0.0,1414,760,9855
8,10623,29,0.0,1415,760,9863
2,10625,29,0.0,1416,760,9865
8,10633,29,0.0,1417,760,9873
7,10640,29,0.0,1418,760,9880
14,10654,29,0.0,1419,760,9894
29,10683,30,1.0,1420,760,9923
11,10694,30,0.0,1421,760,9934
27,10721,30,0.0,1422,760,9961
3,10724,30,0.0,1423,760,9964
3,10727,30,0.0,1424,760,9967
13,10740,30,0.0,1425,760,9980
3,10743,30,0.0,1426,760,9983
7,10750,30,0.0,1427,760,9990
7,10757,30,0.0,1428,760,9997
3,10760,30,0.0,1429,760,10000
17,10777,30,0.0,1430,760,10017
9,10786,30,0.0,1431,760,10026
19,10805,30,0.0,1432,760,10045
5,10810,30,0.0,1433,760,10050
3,10813,30,0.0,1434,760,10053
3,10816,30,0.0,1435,760,10056
15,10831,30,0.0,1436,760,10071
2,10833,30,0.0,1437,760,10073
3,10836,30,0.0,1438,760,10076
5,10841,30,0.0,1439,760,10081
2,10843,30,0.0,1440,760,10083
11,10854,30,0.0,1441,760,10094
13,10867,30,0.0,1442,760,10107
10,10877,30,0.0,1443,760,10117
2,10879,30,0.0,1444,760,10119
2,10881,30,0.0,1445,760,10121
8,10889,30,0.0,1446,760,10129
11,10900,30,0.0,1447,760,10140
4,10904,30,0.0,1448,760,10144
18,10922,30,0.0,1449,760,10162
4,10926,30,0.0,1450,760,10166
12,10938,30,0.0,1451,760,10178
5,10943,30,0.0,1452,760,10183
9,10952,30,0.0,1453,760,10192
3,10955,30,0.0,1454,760,10195
13,10968,30,0.0,1455,760,10208
3,10971,30,0.0,1456,760,10211
10,10981,30,0.0,1457,760,10221
8,10989,30,0.0,1458,760,10229
14,11003,30,0.0,1459,760,10243
5,11008,30,0.0,1460,760,10248
14,11022,30,0.0,1461,760,10262
25,11047,30,0.0,1462,760,10287
3,11050,30,0.0,1463,760,10290
12,11062,30,0.0,1464,760,10302
3,11065,30,0.0,1465,760,10305
3,11068,30,0.0,1466,760,10308
7,11075,30,0.0,1467,760,10315
12,11087,30,0.0,1468,760,10327
3,11090,30,0.0,1469,760,10330
14,11104,30,0.0,1470,760,10344
3,11107,30,0.0,1471,760,10347
3,11110,30,0.0,1472,760,10350
9,11119,30,0.0,1473,760,10359
2,11121,30,0.0,1474,760,10361
6,11127,30,0.0,1475,760,10367
3,11130,30,0.0,1476,760,10370
2,11132,30,0.0,1477,760,10372
18,11150,30,0.0,1478,760,10390
2,11152,30,0.0,1479,760,10392
3,11155,30,0.0,1480,760,10395
10,11165,30,0.0,1481,760,10405
17,11182,30,0.0,1482,760,10422
5,11187,30,0.0,1483,760,10427
3,11190,30,0.0,1484,760,10430
6,11196,30,0.0,1485,760,10436
7,11203,30,0.0,1486,760,10443
5,11208,30,0.0,1487,760,10448
3,11211,30,0.0,1488,760,10451
20,11231,30,0.0,1489,760,10471
2,11233,30,0.0,1490,760,10473
3,11236,30,0.0,1491,760,10476
6,11242,30,0.0,1492,760,10482
6,11248,30,0.0,1493,760,10488
2,11250,30,0.0,1494,760,10490
6,11256,30,0.0,1495,760,10496
5,11261,30,0.0,1496,760,10501
7,11268,30,0.0,1497,760,10508
2,11270,30,0.0,1498,760,10510
11,11281,30,0.0,1499,760,10521
3,11284,30,0.0,1500,760,10524
6,11290,30,0.0,1501,760,10530
2,11292,30,0.0,1502,760,10532
2,11294,30,0.0,1503,760,10534
41,11335,30,0.0,1504,760,10575
3,11338,30,0.0,1505,760,10578
4,11342,30,0.0,1506,760,10582
16,11358,30,0.0,1507,760,10598
5,11363,30,0.0,1508,760,10603
4,11367,30,0.0,1509,760,10607
6,11373,30,0.0,1510,760,10613
2,11375,30,0.0,1511,760,10615
11,11386,30,0.0,1512,760,10626
3,11389,30,0.0,1513,760,10629
11,11400,31,1.0,1514,760,10640
4,11404,31,0.0,1515,760,10644
6,11410,31,0.0,1516,760,10650
2,11412,31,0.0,1517,760,10652
3,11415,31,0.0,1518,760,10655
12,11427,31,0.0,1519,760,10667
5,11432,31,0.0,1520,760,10672
6,11438,31,0.0,1521,760,10678
11,11449,32,1.0,1522,760,10689
6,11455,33,1.0,1523,760,10695
24,11479,33,0.0,1524,760,10719
6,11485,33,0.0,1525,760,10725
3,11488,33,0.0,1526,760,10728
13,11501,33,0.0,1527,760,10741
9,11510,33,0.0,1528,760,10750
7,11517,33,0.0,1529,760,10757
3,11520,33,0.0,1530,760,10760
8,11528,33,0.0,1531,760,10768
6,11534,33,0.0,1532,760,10774
7,11541,33,0.0,1533,760,10781
3,11544,33,0.0,1534,760,10784
13,11557,33,0.0,1535,760,10797
3,11560,33,0.0,1536,760,10800
11,11571,33,0.0,1537,760,10811
8,11579,33,0.0,1538,760,10819
6,11585,33,0.0,1539,760,10825
2,11587,33,0.0,1540,760,10827
3,11590,33,0.0,1541,760,10830
2,11592,33,0.0,1542,760,10832
2,11594,33,0.0,1543,760,10834
16,11610,33,0.0,1544,760,10850
6,11616,33,0.0,1545,760,10856
6,11622,33,0.0,1546,760,10862
15,11637,33,0.0,1547,760,10877
11,11648,33,0.0,1548,760,10888
11,11659,33,0.0,1549,760,10899
42,11701,33,0.0,1550,760,10941
5,11706,33,0.0,1551,760,10946
5,11711,33,0.0,1552,760,10951
5,11716,33,0.0,1553,760,10956
5,11721,33,0.0,1554,760,10961
2,11723,33,0.0,1555,760,10963
3,11726,33,0.0,1556,760,10966
3,11729,33,0.0,1557,760,10969
4,11733,33,0.0,1558,760,10973
11,11744,33,0.0,1559,760,10984
2,11746,33,0.0,1560,760,10986
7,11753,33,0.0,1561,760,10993
4,11757,33,0.0,1562,760,10997
16,11773,33,0.0,1563,760,11013
17,11790,33,0.0,1564,760,11030
17,11807,33,0.0,1565,760,11047
17,11824,33,0.0,1566,760,11064
17,11841,33,0.0,1567,760,11081
3,11844,33,0.0,1568,760,11084
7,11851,33,0.0,1569,760,11091
5,11856,33,0.0,1570,760,11096
9,11865,33,0.0,1571,760,11105
24,11889,33,0.0,1572,760,11129
11,11900,33,0.0,1573,760,11140
10,11910,33,0.0,1574,760,11150
6,11916,33,0.0,1575,760,11156
11,11927,33,0.0,1576,760,11167
5,11932,33,0.0,1577,760,11172
20,11952,33,0.0,1578,760,11192
8,11960,33,0.0,1579,760,11200
2,11962,33,0.0,1580,760,11202
3,11965,33,0.0,1581,760,11205
2,11967,33,0.0,1582,760,11207
2,11969,33,0.0,1583,760,11209
2,11971,33,0.0,1584,760,11211
3,11974,33,0.0,1585,760,11214
17,11991,33,0.0,1586,760,11231
10,12001,33,0.0,1587,760,11241
13,12014,33,0.0,1588,760,11254
4,12018,33,0.0,1589,760,11258
3,12021,33,0.0,1590,760,11261
7,12028,33,0.0,1591,760,11268
5,12033,33,0.0,1592,760,11273
4,12037,33,0.0,1593,760,11277
7,12044,33,0.0,1594,760,11284
17,12061,33,0.0,1595,760,11301
7,12068,33,0.0,1596,760,11308
5,12073,33,0.0,1597,760,11313
11,12084,33,0.0,1598,760,11324
16,12100,33,0.0,1599,760,11340
7,12107,33,0.0,1600,760,11347
2,12109,33,0.0,1601,760,11349
3,12112,33,0.0,1602,760,11352
4,12116,33,0.0,1603,760,11356
6,12122,33,0.0,1604,760,11362
15,12137,33,0.0,1605,760,11377
5,12142,33,0.0,1606,760,11382
3,12145,33,0.0,1607,760,11385
2,12147,33,0.0,1608,760,11387
7,12154,33,0.0,1609,760,11394
4,12158,33,0.0,1610,760,11398
7,12165,33,0.0,1611,760,11405
6,12171,33,0.0,1612,760,11411
5,12176,33,0.0,1613,760,11416
3,12179,33,0.0,1614,760,11419
4,12183,33,0.0,1615,760,11423
6,12189,33,0.0,1616,760,11429
11,12200,33,0.0,1617,760,11440
10,12210,33,0.0,1618,760,11450
11,12221,33,0.0,1619,760,11461
6,12227,33,0.0,1620,760,11467
2,12229,33,0.0,1621,760,11469
3,12232,33,0.0,1622,760,11472
3,12235,33,0.0,1623,760,11475
5,12240,33,0.0,1624,760,11480
8,12248,33,0.0,1625,760,11488
5,12253,33,0.0,1626,760,11493
6,12259,33,0.0,1627,760,11499
7,12266,33,0.0,1628,760,11506
7,12273,33,0.0,1629,760,11513
7,12280,33,0.0,1630,760,11520
3,12283,33,0.0,1631,760,11523
5,12288,33,0.0,1632,760,11528
18,12306,33,0.0,1633,760,11546
5,12311,33,0.0,1634,760,11551
8,12319,33,0.0,1635,760,11559
3,12322,33,0.0,1636,760,11562
31,12353,33,0.0,1637,760,11593
3,12356,33,0.0,1638,760,11596
6,12362,33,0.0,1639,760,11602
2,12364,33,0.0,1640,760,11604
29,12393,33,0.0,1641,760,11633
9,12402,33,0.0,1642,760,11642
3,12405,33,0.0,1643,760,11645
9,12414,33,0.0,1644,760,11654
3,12417,33,0.0,1645,760,11657
11,12428,33,0.0,1646,760,11668
3,12431,33,0.0,1647,760,11671
5,12436,33,0.0,1648,760,11676
8,12444,33,0.0,1649,760,11684
4,12448,33,0.0,1650,760,11688
6,12454,33,0.0,1651,760,11694
12,12466,33,0.0,1652,760,11706
3,12469,33,0.0,1653,760,11709
10,12479,33,0.0,1654,760,11719
2,12481,33,0.0,1655,760,11721
4,12485,33,0.0,1656,760,11725
3,12488,33,0.0,1657,760,11728
8,12496,33,0.0,1658,760,11736
7,12503,33,0.0,1659,760,11743
2,12505,33,0.0,1660,760,11745
4,12509,33,0.0,1661,760,11749
4,12513,33,0.0,1662,760,11753
3,12516,33,0.0,1663,760,11756
3,12519,33,0.0,1664,760,11759
5,12524,33,0.0,1665,760,11764
5,12529,33,0.0,1666,760,11769
4,12533,33,0.0,1667,760,11773
4,12537,33,0.0,1668,760,11777
3,12540,33,0.0,1669,760,11780
3,12543,33,0.0,1670,760,11783
4,12547,33,0.0,1671,760,11787
25,12572,33,0.0,1672,760,11812
6,12578,33,0.0,1673,760,11818
16,12594,33,0.0,1674,760,11834
2,12596,33,0.0,1675,760,11836
3,12599,33,0.0,1676,760,11839
8,12607,33,0.0,1677,760,11847
3,12610,33,0.0,1678,760,11850
11,12621,33,0.0,1679,760,11861
4,12625,33,0.0,1680,760,11865
13,12638,33,0.0,1681,760,11878
5,12643,33,0.0,1682,760,11883
8,12651,33,0.0,1683,760,11891
10,12661,33,0.0,1684,760,11901
6,12667,33,0.0,1685,760,11907
5,12672,33,0.0,1686,760,11912
5,12677,33,0.0,1687,760,11917
4,12681,33,0.0,1688,760,11921
8,12689,33,0.0,1689,760,11929
3,12692,33,0.0,1690,760,11932
2,12694,33,0.0,1691,760,11934
13,12707,33,0.0,1692,760,11947
11,12718,34,1.0,1693,760,11958
3,12721,34,0.0,1694,760,11961
3,12724,34,0.0,1695,760,11964
7,12731,34,0.0,1696,760,11971
5,12736,34,0.0,1697,760,11976
11,12747,34,0.0,1698,760,11987
4,12751,34,0.0,1699,760,11991
13,12764,34,0.0,1700,760,12004
2,12766,34,0.0,1701,760,12006
7,12773,34,0.0,1702,760,12013
5,12778,34,0.0,1703,760,12018
8,12786,34,0.0,1704,760,12026
3,12789,34,0.0,1705,760,12029
4,12793,34,0.0,1706,760,12033
9,12802,34,0.0,1707,760,12042
8,12810,34,0.0,1708,760,12050
11,12821,35,1.0,1709,760,12061
5,12826,35,0.0,1710,760,12066
15,12841,35,0.0,1711,760,12081
3,12844,35,0.0,1712,760,12084
18,12862,35,0.0,1713,760,12102
4,12866,35,0.0,1714,760,12106
11,12877,35,0.0,1715,760,12117
14,12891,35,0.0,1716,760,12131
3,12894,35,0.0,1717,760,12134
3,12897,35,0.0,1718,760,12137
19,12916,35,0.0,1719,760,12156
17,12933,35,0.0,1720,760,12173
6,12939,35,0.0,1721,760,12179
3,12942,35,0.0,1722,760,12182
42,12984,35,0.0,1723,760,12224
4,12988,35,0.0,1724,760,12228
9,12997,35,0.0,1725,760,12237
20,13017,35,0.0,1726,760,12257
6,13023,35,0.0,1727,760,12263
3,13026,35,0.0,1728,760,12266
8,13034,35,0.0,1729,760,12274
5,13039,35,0.0,1730,760,12279
3,13042,35,0.0,1731,760,12282
3,13045,35,0.0,1732,760,12285
6,13051,35,0.0,1733,760,12291
4,13055,35,0.0,1734,760,12295
13,13068,35,0.0,1735,760,12308
5,13073,35,0.0,1736,760,12313
3,13076,35,0.0,1737,760,12316
26,13102,35,0.0,1738,760,12342
12,13114,35,0.0,1739,760,12354
3,13117,35,0.0,1740,760,12357
18,13135,35,0.0,1741,760,12375
2,13137,35,0.0,1742,760,12377
21,13158,35,0.0,1743,760,12398
7,13165,35,0.0,1744,760,12405
3,13168,35,0.0,1745,760,12408
9,13177,35,0.0,1746,760,12417
4,13181,35,0.0,1747,760,12421
21,13202,35,0.0,1748,760,12442
16,13218,35,0.0,1749,760,12458
8,13226,35,0.0,1750,760,12466
9,13235,35,0.0,1751,760,12475
6,13241,36,1.0,1752,760,12481
9,13250,36,0.0,1753,760,12490
14,13264,36,0.0,1754,760,12504
8,13272,36,0.0,1755,760,12512
3,13275,36,0.0,1756,760,12515
3,13278,36,0.0,1757,760,12518
16,13294,36,0.0,1758,760,12534
11,13305,36,0.0,1759,760,12545
6,13311,36,0.0,1760,760,12551
4,13315,36,0.0,1761,760,12555
8,13323,36,0.0,1762,760,12563
3,13326,36,0.0,1763,760,12566
6,13332,36,0.0,1764,760,12572
5,13337,36,0.0,1765,760,12577
2,13339,36,0.0,1766,760,12579
6,13345,36,0.0,1767,760,12585
5,13350,36,0.0,1768,760,12590
2,13352,36,0.0,1769,760,12592
4,13356,36,0.0,1770,760,12596
26,13382,36,0.0,1771,760,12622
13,13395,36,0.0,1772,760,12635
4,13399,36,0.0,1773,760,12639
2,13401,36,0.0,1774,760,12641
3,13404,36,0.0,1775,760,12644
23,13427,36,0.0,1776,760,12667
4,13431,36,0.0,1777,760,12671
2,13433,36,0.0,1778,760,12673
6,13439,36,0.0,1779,760,12679
2,13441,36,0.0,1780,760,12681
14,13455,36,0.0,1781,760,12695
3,13458,36,0.0,1782,760,12698
11,13469,36,0.0,1783,760,12709
5,13474,36,0.0,1784,760,12714
25,13499,36,0.0,1785,760,12739
10,13509,36,0.0,1786,760,12749
3,13512,36,0.0,1787,760,12752
13,13525,36,0.0,1788,760,12765
6,13531,36,0.0,1789,760,12771
6,13537,36,0.0,1790,760,12777
34,13571,36,0.0,1791,760,12811
16,13587,36,0.0,1792,760,12827
16,13603,36,0.0,1793,760,12843
8,13611,36,0.0,1794,760,12851
2,13613,36,0.0,1795,760,12853
7,13620,36,0.0,1796,760,12860
3,13623,36,0.0,1797,760,12863
14,13637,36,0.0,1798,760,12877
8,13645,36,0.0,1799,760,12885
2,13647,36,0.0,1800,760,12887
6,13653,36,0.0,1801,760,12893
8,13661,36,0.0,1802,760,12901
4,13665,36,0.0,1803,760,12905
10,13675,36,0.0,1804,760,12915
11,13686,36,0.0,1805,760,12926
8,13694,36,0.0,1806,760,12934
8,13702,36,0.0,1807,760,12942
16,13718,36,0.0,1808,760,12958
9,13727,36,0.0,1809,760,12967
17,13744,36,0.0,1810,760,12984
9,13753,36,0.0,1811,760,12993
16,13769,36,0.0,1812,760,13009
6,13775,36,0.0,1813,760,13015
15,13790,36,0.0,1814,760,13030
11,13801,36,0.0,1815,760,13041
5,13806,36,0.0,1816,760,13046
5,13811,36,0.0,1817,760,13051
5,13816,36,0.0,1818,760,13056
4,13820,36,0.0,1819,760,13060
5,13825,36,0.0,1820,760,13065
2,13827,36,0.0,1821,760,13067
14,13841,36,0.0,1822,760,13081
6,13847,36,0.0,1823,760,13087
11,13858,37,1.0,1824,760,13098
2,13860,37,0.0,1825,760,13100
16,13876,37,0.0,1826,760,13116
11,13887,37,0.0,1827,760,13127
2,13889,37,0.0,1828,760,13129
8,13897,37,0.0,1829,760,13137
8,13905,37,0.0,1830,760,13145
2,13907,37,0.0,1831,760,13147
3,13910,37,0.0,1832,760,13150
2,13912,37,0.0,1833,760,13152
3,13915,37,0.0,1834,760,13155
5,13920,37,0.0,1835,760,13160
8,13928,37,0.0,1836,760,13168
4,13932,37,0.0,1837,760,13172
12,13944,37,0.0,1838,760,13184
16,13960,37,0.0,1839,760,13200
16,13976,37,0.0,1840,760,13216
10,13986,37,0.0,1841,760,13226
21,14007,37,0.0,1842,760,13247
2,14009,37,0.0,1843,760,13249
7,14016,37,0.0,1844,760,13256
15,14031,37,0.0,1845,760,13271
9,14040,37,0.0,1846,760,13280
10,14050,37,0.0,1847,760,13290
4,14054,37,0.0,1848,760,13294
4,14058,37,0.0,1849,760,13298
15,14073,37,0.0,1850,760,13313
9,14082,37,0.0,1851,760,13322
7,14089,37,0.0,1852,760,13329
5,14094,37,0.0,1853,760,13334
5,14099,37,0.0,1854,760,13339
11,14110,37,0.0,1855,760,13350
14,14124,37,0.0,1856,760,13364
12,14136,37,0.0,1857,760,13376
9,14145,37,0.0,1858,760,13385
4,14149,37,0.0,1859,760,13389
4,14153,37,0.0,1860,760,13393
41,14194,37,0.0,1861,760,13434
9,14203,37,0.0,1862,760,13443
19,14222,37,0.0,1863,760,13462
14,14236,37,0.0,1864,760,13476
3,14239,37,0.0,1865,760,13479
13,14252,37,0.0,1866,760,13492
8,14260,37,0.0,1867,760,13500
23,14283,37,0.0,1868,760,13523
6,14289,37,0.0,1869,760,13529
5,14294,37,0.0,1870,760,13534
6,14300,37,0.0,1871,760,13540
2,14302,37,0.0,1872,760,13542
3,14305,37,0.0,1873,760,13545
5,14310,37,0.0,1874,760,13550
8,14318,37,0.0,1875,760,13558
4,14322,37,0.0,1876,760,13562
16,14338,37,0.0,1877,760,13578
4,14342,37,0.0,1878,760,13582
5,14347,37,0.0,1879,760,13587
3,14350,37,0.0,1880,760,13590
8,14358,37,0.0,1881,760,13598
2,14360,37,0.0,1882,760,13600
4,14364,37,0.0,1883,760,13604
2,14366,37,0.0,1884,760,13606
9,14375,37,0.0,1885,760,13615
9,14384,37,0.0,1886,760,13624
6,14390,37,0.0,1887,760,13630
2,14392,37,0.0,1888,760,13632
5,14397,37,0.0,1889,760,13637
5,14402,37,0.0,1890,760,13642
5,14407,37,0.0,1891,760,13647
9,14416,37,0.0,1892,760,13656
8,14424,37,0.0,1893,760,13664
13,14437,37,0.0,1894,760,13677
6,14443,37,0.0,1895,760,13683
10,14453,37,0.0,1896,760,13693
2,14455,37,0.0,1897,760,13695
6,14461,37,0.0,1898,760,13701
3,14464,37,0.0,1899,760,13704
8,14472,37,0.0,1900,760,13712
9,14481,37,0.0,1901,760,13721
5,14486,37,0.0,1902,760,13726
27,14513,37,0.0,1903,760,13753
6,14519,37,0.0,1904,760,13759
2,14521,37,0.0,1905,760,13761
14,14535,37,0.0,1906,760,13775
14,14549,37,0.0,1907,760,13789
8,14557,37,0.0,1908,760,13797
4,14561,37,0.0,1909,760,13801
23,14584,37,0.0,1910,760,13824
4,14588,37,0.0,1911,760,13828
3,14591,37,0.0,1912,760,13831
20,14611,37,0.0,1913,760,13851
10,14621,37,0.0,1914,760,13861
7,14628,37,0.0,1915,760,13868
9,14637,37,0.0,1916,760,13877
2,14639,37,0.0,1917,760,13879
19,14658,37,0.0,1918,760,13898
3,14661,37,0.0,1919,760,13901
3,14664,37,0.0,1920,760,13904
10,14674,37,0.0,1921,760,13914
16,14690,37,0.0,1922,760,13930
15,14705,37,0.0,1923,760,13945
5,14710,37,0.0,1924,760,13950
2,14712,37,0.0,1925,760,13952
8,14720,37,0.0,1926,760,13960
3,14723,37,0.0,1927,760,13963
2,14725,37,0.0,1928,760,13965
9,14734,37,0.0,1929,760,13974
11,14745,37,0.0,1930,760,13985
4,14749,37,0.0,1931,760,13989
11,14760,37,0.0,1932,760,14000
5,14765,37,0.0,1933,760,14005
8,14773,37,0.0,1934,760,14013
10,14783,37,0.0,1935,760,14023
8,14791,37,0.0,1936,760,14031
5,14796,37,0.0,1937,760,14036
25,14821,37,0.0,1938,760,14061
2,14823,37,0.0,1939,760,14063
3,14826,37,0.0,1940,760,14066
6,14832,38,1.0,1941,760,14072
7,14839,38,0.0,1942,760,14079
5,14844,38,0.0,1943,760,14084
2,14846,38,0.0,1944,760,14086
10,14856,38,0.0,1945,760,14096
23,14879,38,0.0,1946,760,14119
16,14895,38,0.0,1947,760,14135
6,14901,38,0.0,1948,760,14141
8,14909,38,0.0,1949,760,14149
8,14917,38,0.0,1950,760,14157
6,14923,38,0.0,1951,760,14163
11,14934,38,0.0,1952,760,14174
9,14943,38,0.0,1953,760,14183
16,14959,38,0.0,1954,760,14199
11,14970,38,0.0,1955,760,14210
11,14981,38,0.0,1956,760,14221
6,14987,38,0.0,1957,760,14227
2,14989,38,0.0,1958,760,14229
3,14992,38,0.0,1959,760,14232
4,14996,38,0.0,1960,760,14236
4,15000,38,0.0,1961,760,14240
5,15005,38,0.0,1962,760,14245
11,15016,38,0.0,1963,760,14256
4,15020,38,0.0,1964,760,14260
3,15023,38,0.0,1965,760,14263
2,15025,38,0.0,1966,760,14265
15,15040,38,0.0,1967,760,14280
4,15044,38,0.0,1968,760,14284
4,15048,38,0.0,1969,760,14288
4,15052,38,0.0,1970,760,14292
8,15060,38,0.0,1971,760,14300
4,15064,38,0.0,1972,760,14304
17,15081,38,0.0,1973,760,14321
6,15087,39,1.0,1974,760,14327
3,15090,39,0.0,1975,760,14330
10,15100,39,0.0,1976,760,14340
11,15111,39,0.0,1977,760,14351
15,15126,39,0.0,1978,760,14366
4,15130,39,0.0,1979,760,14370
6,15136,39,0.0,1980,760,14376
5,15141,39,0.0,1981,760,14381
9,15150,39,0.0,1982,760,14390
11,15161,39,0.0,1983,760,14401
11,15172,39,0.0,1984,760,14412
11,15183,39,0.0,1985,760,14423
15,15198,39,0.0,1986,760,14438
10,15208,39,0.0,1987,760,14448
3,15211,39,0.0,1988,760,14451
3,15214,39,0.0,1989,760,14454
4,15218,39,0.0,1990,760,14458
10,15228,39,0.0,1991,760,14468
11,15239,39,0.0,1992,760,14479
21,15260,39,0.0,1993,760,14500
4,15264,39,0.0,1994,760,14504
6,15270,39,0.0,1995,760,14510
11,15281,39,0.0,1996,760,14521
5,15286,39,0.0,1997,760,14526
10,15296,39,0.0,1998,760,14536
6,15302,39,0.0,1999,760,14542
16,15318,39,0.0,2000,760,14558
13,15331,39,0.0,2001,760,14571
23,15354,39,0.0,2002,760,14594
4,15358,39,0.0,2003,760,14598
7,15365,39,0.0,2004,760,14605
13,15378,39,0.0,2005,760,14618
14,15392,39,0.0,2006,760,14632
11,15403,39,0.0,2007,760,14643
8,15411,39,0.0,2008,760,14651
16,15427,39,0.0,2009,760,14667
7,15434,39,0.0,2010,760,14674
15,15449,39,0.0,2011,760,14689
5,15454,39,0.0,2012,760,14694
5,15459,39,0.0,2013,760,14699
5,15464,39,0.0,2014,760,14704
11,15475,39,0.0,2015,760,14715
5,15480,39,0.0,2016,760,14720
8,15488,39,0.0,2017,760,14728
2,15490,39,0.0,2018,760,14730
11,15501,39,0.0,2019,760,14741
4,15505,39,0.0,2020,760,14745
11,15516,39,0.0,2021,760,14756
2,15518,39,0.0,2022,760,14758
6,15524,39,0.0,2023,760,14764
4,15528,39,0.0,2024,760,14768
27,15555,39,0.0,2025,760,14795
4,15559,39,0.0,2026,760,14799
5,15564,39,0.0,2027,760,14804
5,15569,39,0.0,2028,760,14809
4,15573,39,0.0,2029,760,14813
14,15587,39,0.0,2030,760,14827
6,15593,39,0.0,2031,760,14833
9,15602,39,0.0,2032,760,14842
11,15613,40,1.0,2033,760,14853
5,15618,40,0.0,2034,760,14858
10,15628,40,0.0,2035,760,14868
5,15633,40,0.0,2036,760,14873
8,15641,40,0.0,2037,760,14881
9,15650,40,0.0,2038,760,14890
6,15656,40,0.0,2039,760,14896
5,15661,40,0.0,2040,760,14901
6,15667,41,1.0,2041,760,14907
2,15669,41,0.0,2042,760,14909
11,15680,42,1.0,2043,760,14920
2,15682,42,0.0,2044,760,14922
8,15690,42,0.0,2045,760,14930
18,15708,42,0.0,2046,760,14948
5,15713,42,0.0,2047,760,14953
11,15724,42,0.0,2048,760,14964
4,15728,42,0.0,2049,760,14968
6,15734,43,1.0,2050,760,14974
6,15740,43,0.0,2051,760,14980
2,15742,43,0.0,2052,760,14982
6,15748,43,0.0,2053,760,14988
9,15757,43,0.0,2054,760,14997
3,15760,43,0.0,2055,760,15000
12,15772,43,0.0,2056,760,15012
4,15776,43,0.0,2057,760,15016
11,15787,43,0.0,2058,760,15027
3,15790,43,0.0,2059,760,15030
10,15800,43,0.0,2060,760,15040
5,15805,43,0.0,2061,760,15045
7,15812,43,0.0,2062,760,15052
8,15820,43,0.0,2063,760,15060
4,15824,43,0.0,2064,760,15064
4,15828,43,0.0,2065,760,15068
19,15847,43,0.0,2066,760,15087
5,15852,43,0.0,2067,760,15092
6,15858,43,0.0,2068,760,15098
3,15861,43,0.0,2069,760,15101
6,15867,43,0.0,2070,760,15107
2,15869,43,0.0,2071,760,15109
5,15874,43,0.0,2072,760,15114
4,15878,43,0.0,2073,760,15118
5,15883,43,0.0,2074,760,15123
11,15894,43,0.0,2075,760,15134
2,15896,43,0.0,2076,760,15136
4,15900,43,0.0,2077,760,15140
6,15906,43,0.0,2078,760,15146
10,15916,43,0.0,2079,760,15156
6,15922,43,0.0,2080,760,15162
5,15927,43,0.0,2081,760,15167
9,15936,43,0.0,2082,760,15176
16,15952,43,0.0,2083,760,15192
15,15967,43,0.0,2084,760,15207
14,15981,43,0.0,2085,760,15221
6,15987,43,0.0,2086,760,15227
4,15991,43,0.0,2087,760,15231
11,16002,43,0.0,2088,760,15242
13,16015,43,0.0,2089,760,15255
10,16025,43,0.0,2090,760,15265
2,16027,43,0.0,2091,760,15267
2,16029,43,0.0,2092,760,15269
6,16035,43,0.0,2093,760,15275
6,16041,43,0.0,2094,760,15281
11,16052,43,0.0,2095,760,15292
8,16060,43,0.0,2096,760,15300
3,16063,43,0.0,2097,760,15303
11,16074,43,0.0,2098,760,15314
16,16090,43,0.0,2099,760,15330
13,16103,43,0.0,2100,760,15343
10,16113,43,0.0,2101,760,15353
9,16122,43,0.0,2102,760,15362
9,16131,43,0.0,2103,760,15371
7,16138,43,0.0,2104,760,15378
7,16145,43,0.0,2105,760,15385
2,16147,43,0.0,2106,760,15387
8,16155,43,0.0,2107,760,15395
19,16174,43,0.0,2108,760,15414
5,16179,43,0.0,2109,760,15419
15,16194,43,0.0,2110,760,15434
5,16199,43,0.0,2111,760,15439
3,16202,43,0.0,2112,760,15442
11,16213,43,0.0,2113,760,15453
2,16215,43,0.0,2114,760,15455
3,16218,43,0.0,2115,760,15458
8,16226,43,0.0,2116,760,15466
2,16228,43,0.0,2117,760,15468
5,16233,43,0.0,2118,760,15473
20,16253,43,0.0,2119,760,15493
7,16260,43,0.0,2120,760,15500
4,16264,43,0.0,2121,760,15504
2,16266,43,0.0,2122,760,15506
4,16270,43,0.0,2123,760,15510
4,16274,43,0.0,2124,760,15514
7,16281,43,0.0,2125,760,15521
26,16307,43,0.0,2126,760,15547
7,16314,43,0.0,2127,760,15554
27,16341,43,0.0,2128,760,15581
5,16346,43,0.0,2129,760,15586
5,16351,43,0.0,2130,760,15591
14,16365,43,0.0,2131,760,15605
5,16370,43,0.0,2132,760,15610
8,16378,43,0.0,2133,760,15618
5,16383,43,0.0,2134,760,15623
19,16402,43,0.0,2135,760,15642
2,16404,43,0.0,2136,760,15644
5,16409,43,0.0,2137,760,15649
4,16413,43,0.0,2138,760,15653
6,16419,43,0.0,2139,760,15659
2,16421,43,0.0,2140,760,15661
21,16442,43,0.0,2141,760,15682
5,16447,43,0.0,2142,760,15687
5,16452,43,0.0,2143,760,15692
4,16456,43,0.0,2144,760,15696
6,16462,43,0.0,2145,760,15702
6,16468,43,0.0,2146,760,15708
9,16477,43,0.0,2147,760,15717
11,16488,43,0.0,2148,760,15728
12,16500,43,0.0,2149,760,15740
5,16505,43,0.0,2150,760,15745
7,16512,43,0.0,2151,760,15752
8,16520,43,0.0,2152,760,15760
4,16524,43,0.0,2153,760,15764
10,16534,43,0.0,2154,760,15774
5,16539,43,0.0,2155,760,15779
15,16554,43,0.0,2156,760,15794
3,16557,43,0.0,2157,760,15797
3,16560,43,0.0,2158,760,15800
16,16576,43,0.0,2159,760,15816
3,16579,43,0.0,2160,760,15819
3,16582,43,0.0,2161,760,15822
6,16588,43,0.0,2162,760,15828
4,16592,43,0.0,2163,760,15832
6,16598,44,1.0,2164,760,15838
4,16602,44,0.0,2165,760,15842
7,16609,44,0.0,2166,760,15849
3,16612,44,0.0,2167,760,15852
13,16625,44,0.0,2168,760,15865
15,16640,44,0.0,2169,760,15880
7,16647,44,0.0,2170,760,15887
3,16650,44,0.0,2171,760,15890
3,16653,44,0.0,2172,760,15893
4,16657,44,0.0,2173,760,15897
5,16662,44,0.0,2174,760,15902
15,16677,44,0.0,2175,760,15917
4,16681,44,0.0,2176,760,15921
5,16686,44,0.0,2177,760,15926
4,16690,44,0.0,2178,760,15930
2,16692,44,0.0,2179,760,15932
13,16705,44,0.0,2180,760,15945
2,16707,44,0.0,2181,760,15947
2,16709,44,0.0,2182,760,15949
8,16717,44,0.0,2183,760,15957
4,16721,44,0.0,2184,760,15961
5,16726,44,0.0,2185,760,15966
11,16737,45,1.0,2186,760,15977
3,16740,45,0.0,2187,760,15980
3,16743,45,0.0,2188,760,15983
5,16748,45,0.0,2189,760,15988
8,16756,45,0.0,2190,760,15996
5,16761,45,0.0,2191,760,16001
6,16767,45,0.0,2192,760,16007
9,16776,45,0.0,2193,760,16016
3,16779,45,0.0,2194,760,16019
4,16783,45,0.0,2195,760,16023
10,16793,45,0.0,2196,760,16033
9,16802,45,0.0,2197,760,16042
7,16809,45,0.0,2198,760,16049
6,16815,45,0.0,2199,760,16055
8,16823,45,0.0,2200,760,16063
13,16836,45,0.0,2201,760,16076
12,16848,45,0.0,2202,760,16088
4,16852,45,0.0,2203,760,16092
4,16856,45,0.0,2204,760,16096
2,16858,45,0.0,2205,760,16098
2,16860,45,0.0,2206,760,16100
7,16867,45,0.0,2207,760,16107
5,16872,45,0.0,2208,760,16112
9,16881,45,0.0,2209,760,16121
5,16886,45,0.0,2210,760,16126
7,16893,45,0.0,2211,760,16133
3,16896,45,0.0,2212,760,16136
4,16900,45,0.0,2213,760,16140
4,16904,45,0.0,2214,760,16144
8,16912,45,0.0,2215,760,16152
7,16919,45,0.0,2216,760,16159
4,16923,45,0.0,2217,760,16163
8,16931,45,0.0,2218,760,16171
3,16934,45,0.0,2219,760,16174
7,16941,45,0.0,2220,760,16181
21,16962,45,0.0,2221,760,16202
2,16964,45,0.0,2222,760,16204
15,16979,45,0.0,2223,760,16219
11,16990,45,0.0,2224,760,16230
2,16992,45,0.0,2225,760,16232
11,17003,45,0.0,2226,760,16243
3,17006,45,0.0,2227,760,16246
2,17008,45,0.0,2228,760,16248
4,17012,45,0.0,2229,760,16252
8,17020,45,0.0,2230,760,16260
13,17033,45,0.0,2231,760,16273
3,17036,45,0.0,2232,760,16276
4,17040,45,0.0,2233,760,16280
16,17056,45,0.0,2234,760,16296
9,17065,45,0.0,2235,760,16305
3,17068,45,0.0,2236,760,16308
9,17077,45,0.0,2237,760,16317
11,17088,45,0.0,2238,760,16328
5,17093,45,0.0,2239,760,16333
25,17118,45,0.0,2240,760,16358
3,17121,45,0.0,2241,760,16361
5,17126,45,0.0,2242,760,16366
4,17130,45,0.0,2243,760,16370
13,17143,45,0.0,2244,760,16383
6,17149,45,0.0,2245,760,16389
2,17151,45,0.0,2246,760,16391
5,17156,45,0.0,2247,760,16396
7,17163,45,0.0,2248,760,16403
2,17165,45,0.0,2249,760,16405
5,17170,45,0.0,2250,760,16410
2,17172,45,0.0,2251,760,16412
6,17178,45,0.0,2252,760,16418
8,17186,45,0.0,2253,760,16426
10,17196,45,0.0,2254,760,16436
2,17198,45,0.0,2255,760,16438
4,17202,45,0.0,2256,760,16442
4,17206,45,0.0,2257,760,16446
4,17210,45,0.0,2258,760,16450
3,17213,45,0.0,2259,760,16453
2,17215,45,0.0,2260,760,16455
4,17219,45,0.0,2261,760,16459
7,17226,45,0.0,2262,760,16466
13,17239,45,0.0,2263,760,16479
21,17260,45,0.0,2264,760,16500
3,17263,45,0.0,2265,760,16503
11,17274,45,0.0,2266,760,16514
11,17285,45,0.0,2267,760,16525
3,17288,45,0.0,2268,760,16528
11,17299,45,0.0,2269,760,16539
13,17312,45,0.0,2270,760,16552
3,17315,45,0.0,2271,760,16555
5,17320,45,0.0,2272,760,16560
26,17346,45,0.0,2273,760,16586
4,17350,45,0.0,2274,760,16590
8,17358,45,0.0,2275,760,16598
3,17361,45,0.0,2276,760,16601
8,17369,45,0.0,2277,760,16609
7,17376,45,0.0,2278,760,16616
2,17378,45,0.0,2279,760,16618
11,17389,45,0.0,2280,760,16629
6,17395,45,0.0,2281,760,16635
5,17400,45,0.0,2282,760,16640
3,17403,45,0.0,2283,760,16643
8,17411,45,0.0,2284,760,16651
5,17416,45,0.0,2285,760,16656
3,17419,45,0.0,2286,760,16659
2,17421,45,0.0,2287,760,16661
7,17428,45,0.0,2288,760,16668
20,17448,45,0.0,2289,760,16688
2,17450,45,0.0,2290,760,16690
10,17460,45,0.0,2291,760,16700
8,17468,45,0.0,2292,760,16708
2,17470,45,0.0,2293,760,16710
2,17472,45,0.0,2294,760,16712
12,17484,45,0.0,2295,760,16724
17,17501,45,0.0,2296,760,16741
3,17504,45,0.0,2297,760,16744
2,17506,45,0.0,2298,760,16746
5,17511,45,0.0,2299,760,16751
11,17522,46,1.0,2300,760,16762
19,17541,46,0.0,2301,760,16781
9,17550,46,0.0,2302,760,16790
12,17562,46,0.0,2303,760,16802
5,17567,46,0.0,2304,760,16807
4,17571,46,0.0,2305,760,16811
4,17575,46,0.0,2306,760,16815
8,17583,46,0.0,2307,760,16823
18,17601,46,0.0,2308,760,16841
11,17612,46,0.0,2309,760,16852
27,17639,46,0.0,2310,760,16879
7,17646,46,0.0,2311,760,16886
13,17659,46,0.0,2312,760,16899
22,17681,46,0.0,2313,760,16921
6,17687,47,1.0,2314,760,16927
6,17693,47,0.0,2315,760,16933
19,17712,47,0.0,2316,760,16952
4,17716,47,0.0,2317,760,16956
5,17721,47,0.0,2318,760,16961
9,17730,47,0.0,2319,760,16970
2,17732,47,0.0,2320,760,16972
4,17736,47,0.0,2321,760,16976
11,17747,48,1.0,2322,760,16987
2,17749,48,0.0,2323,760,16989
10,17759,48,0.0,2324,760,16999
5,17764,48,0.0,2325,760,17004
4,17768,48,0.0,2326,760,17008
25,17793,48,0.0,2327,760,17033
5,17798,48,0.0,2328,760,17038
2,17800,48,0.0,2329,760,17040
2,17802,48,0.0,2330,760,17042
5,17807,48,0.0,2331,760,17047
11,17818,48,0.0,2332,760,17058
14,17832,48,0.0,2333,760,17072
4,17836,48,0.0,2334,760,17076
4,17840,48,0.0,2335,760,17080
22,17862,48,0.0,2336,760,17102
15,17877,48,0.0,2337,760,17117
15,17892,48,0.0,2338,760,17132
10,17902,48,0.0,2339,760,17142
3,17905,48,0.0,2340,760,17145
5,17910,48,0.0,2341,760,17150
3,17913,48,0.0,2342,760,17153
6,17919,48,0.0,2343,760,17159
11,17930,49,1.0,2344,760,17170
5,17935,49,0.0,2345,760,17175
11,17946,49,0.0,2346,760,17186
2,17948,49,0.0,2347,760,17188
7,17955,49,0.0,2348,760,17195
13,17968,49,0.0,2349,760,17208
10,17978,49,0.0,2350,760,17218
5,17983,49,0.0,2351,760,17223
4,17987,49,0.0,2352,760,17227
4,17991,49,0.0,2353,760,17231
7,17998,49,0.0,2354,760,17238
5,18003,49,0.0,2355,760,17243
15,18018,49,0.0,2356,760,17258
6,18024,49,0.0,2357,760,17264
6,18030,49,0.0,2358,760,17270
7,18037,49,0.0,2359,760,17277
38,18075,49,0.0,2360,760,17315
2,18077,49,0.0,2361,760,17317
3,18080,49,0.0,2362,760,17320
2,18082,49,0.0,2363,760,17322
8,18090,49,0.0,2364,760,17330
10,18100,49,0.0,2365,760,17340
13,18113,49,0.0,2366,760,17353
2,18115,49,0.0,2367,760,17355
6,18121,49,0.0,2368,760,17361
5,18126,49,0.0,2369,760,17366
3,18129,49,0.0,2370,760,17369
8,18137,49,0.0,2371,760,17377
5,18142,49,0.0,2372,760,17382
9,18151,49,0.0,2373,760,17391
23,18174,49,0.0,2374,760,17414
12,18186,49,0.0,2375,760,17426
5,18191,49,0.0,2376,760,17431
2,18193,49,0.0,2377,760,17433
2,18195,49,0.0,2378,760,17435
7,18202,49,0.0,2379,760,17442
4,18206,49,0.0,2380,760,17446
2,18208,49,0.0,2381,760,17448
6,18214,49,0.0,2382,760,17454
4,18218,49,0.0,2383,760,17458
3,18221,49,0.0,2384,760,17461
11,18232,49,0.0,2385,760,17472
9,18241,49,0.0,2386,760,17481
3,18244,49,0.0,2387,760,17484
8,18252,49,0.0,2388,760,17492
6,18258,50,1.0,2389,760,17498
18,18276,50,0.0,2390,760,17516
4,18280,50,0.0,2391,760,17520
16,18296,50,0.0,2392,760,17536
4,18300,50,0.0,2393,760,17540
16,18316,50,0.0,2394,760,17556
27,18343,50,0.0,2395,760,17583
10,18353,50,0.0,2396,760,17593
2,18355,50,0.0,2397,760,17595
4,18359,50,0.0,2398,760,17599
11,18370,50,0.0,2399,760,17610
5,18375,50,0.0,2400,760,17615
10,18385,50,0.0,2401,760,17625
2,18387,50,0.0,2402,760,17627
8,18395,50,0.0,2403,760,17635
8,18403,50,0.0,2404,760,17643
6,18409,51,1.0,2405,760,17649
6,18415,51,0.0,2406,760,17655
12,18427,51,0.0,2407,760,17667
12,18439,51,0.0,2408,760,17679
8,18447,51,0.0,2409,760,17687
23,18470,51,0.0,2410,760,17710
5,18475,51,0.0,2411,760,17715
7,18482,51,0.0,2412,760,17722
11,18493,51,0.0,2413,760,17733
8,18501,51,0.0,2414,760,17741
5,18506,51,0.0,2415,760,17746
12,18518,51,0.0,2416,760,17758
15,18533,51,0.0,2417,760,17773
16,18549,51,0.0,2418,760,17789
16,18565,51,0.0,2419,760,17805
11,18576,51,0.0,2420,760,17816
11,18587,52,1.0,2421,760,17827
5,18592,52,0.0,2422,760,17832
13,18605,52,0.0,2423,760,17845
3,18608,52,0.0,2424,760,17848
5,18613,52,0.0,2425,760,17853
8,18621,52,0.0,2426,760,17861
5,18626,52,0.0,2427,760,17866
15,18641,52,0.0,2428,760,17881
5,18646,52,0.0,2429,760,17886
9,18655,52,0.0,2430,760,17895
22,18677,52,0.0,2431,760,17917
6,18683,52,0.0,2432,760,17923
10,18693,52,0.0,2433,760,17933
14,18707,52,0.0,2434,760,17947
9,18716,52,0.0,2435,760,17956
14,18730,52,0.0,2436,760,17970
14,18744,52,0.0,2437,760,17984
4,18748,52,0.0,2438,760,17988
8,18756,52,0.0,2439,760,17996
2,18758,52,0.0,2440,760,17998
17,18775,52,0.0,2441,760,18015
2,18777,52,0.0,2442,760,18017
3,18780,52,0.0,2443,760,18020
8,18788,52,0.0,2444,760,18028
5,18793,52,0.0,2445,760,18033
6,18799,52,0.0,2446,760,18039
6,18805,52,0.0,2447,760,18045
11,18816,53,1.0,2448,760,18056
18,18834,53,0.0,2449,760,18074
7,18841,53,0.0,2450,760,18081
4,18845,53,0.0,2451,760,18085
15,18860,53,0.0,2452,760,18100
2,18862,53,0.0,2453,760,18102
21,18883,53,0.0,2454,760,18123
4,18887,53,0.0,2455,760,18127
7,18894,53,0.0,2456,760,18134
11,18905,54,1.0,2457,760,18145
8,18913,54,0.0,2458,760,18153
16,18929,54,0.0,2459,760,18169
34,18963,54,0.0,2460,760,18203
5,18968,54,0.0,2461,760,18208
5,18973,54,0.0,2462,760,18213
22,18995,54,0.0,2463,760,18235
6,19001,54,0.0,2464,760,18241
4,19005,54,0.0,2465,760,18245
2,19007,54,0.0,2466,760,18247
8,19015,54,0.0,2467,760,18255
3,19018,54,0.0,2468,760,18258
6,19024,54,0.0,2469,760,18264
9,19033,54,0.0,2470,760,18273
11,19044,54,0.0,2471,760,18284
10,19054,54,0.0,2472,760,18294
3,19057,54,0.0,2473,760,18297
2,19059,54,0.0,2474,760,18299
10,19069,54,0.0,2475,760,18309
6,19075,54,0.0,2476,760,18315
10,19085,54,0.0,2477,760,18325
11,19096,54,0.0,2478,760,18336
12,19108,54,0.0,2479,760,18348
6,19114,54,0.0,2480,760,18354
2,19116,54,0.0,2481,760,18356
7,19123,54,0.0,2482,760,18363
13,19136,54,0.0,2483,760,18376
2,19138,54,0.0,2484,760,18378
5,19143,54,0.0,2485,760,18383
3,19146,54,0.0,2486,760,18386
3,19149,54,0.0,2487,760,18389
19,19168,54,0.0,2488,760,18408
7,19175,54,0.0,2489,760,18415
2,19177,54,0.0,2490,760,18417
14,19191,54,0.0,2491,760,18431
2,19193,54,0.0,2492,760,18433
5,19198,54,0.0,2493,760,18438
21,19219,54,0.0,2494,760,18459
4,19223,54,0.0,2495,760,18463
7,19230,54,0.0,2496,760,18470
2,19232,54,0.0,2497,760,18472
19,19251,54,0.0,2498,760,18491
6,19257,54,0.0,2499,760,18497
5,19262,54,0.0,2500,760,18502
5,19267,54,0.0,2501,760,18507
11,19278,54,0.0,2502,760,18518
3,19281,54,0.0,2503,760,18521
15,19296,54,0.0,2504,760,18536
2,19298,54,0.0,2505,760,18538
5,19303,54,0.0,2506,760,18543
3,19306,54,0.0,2507,760,18546
12,19318,54,0.0,2508,760,18558
2,19320,54,0.0,2509,760,18560
2,19322,54,0.0,2510,760,18562
17,19339,54,0.0,2511,760,18579
2,19341,54,0.0,2512,760,18581
9,19350,54,0.0,2513,760,18590
5,19355,54,0.0,2514,760,18595
5,19360,54,0.0,2515,760,18600
2,19362,54,0.0,2516,760,18602
9,19371,54,0.0,2517,760,18611
43,19414,54,0.0,2518,760,18654
5,19419,54,0.0,2519,760,18659
5,19424,54,0.0,2520,760,18664
2,19426,54,0.0,2521,760,18666
8,19434,54,0.0,2522,760,18674
2,19436,54,0.0,2523,760,18676
5,19441,54,0.0,2524,760,18681
17,19458,54,0.0,2525,760,18698
22,19480,54,0.0,2526,760,18720
5,19485,54,0.0,2527,760,18725
2,19487,54,0.0,2528,760,18727
5,19492,54,0.0,2529,760,18732
9,19501,54,0.0,2530,760,18741
3,19504,54,0.0,2531,760,18744
2,19506,54,0.0,2532,760,18746
14,19520,54,0.0,2533,760,18760
17,19537,54,0.0,2534,760,18777
11,19548,55,1.0,2535,760,18788
3,19551,55,0.0,2536,760,18791
2,19553,55,0.0,2537,760,18793
5,19558,55,0.0,2538,760,18798
8,19566,55,0.0,2539,760,18806
5,19571,55,0.0,2540,760,18811
28,19599,55,0.0,2541,760,18839
3,19602,55,0.0,2542,760,18842
10,19612,55,0.0,2543,760,18852
14,19626,55,0.0,2544,760,18866
5,19631,55,0.0,2545,760,18871
2,19633,55,0.0,2546,760,18873
20,19653,55,0.0,2547,760,18893
12,19665,55,0.0,2548,760,18905
30,19695,55,0.0,2549,760,18935
5,19700,55,0.0,2550,760,18940
6,19706,56,1.0,2551,760,18946
11,19717,57,1.0,2552,760,18957
2,19719,57,0.0,2553,760,18959
6,19725,58,1.0,2554,760,18965
6,19731,58,0.0,2555,760,18971
4,19735,58,0.0,2556,760,18975
4,19739,58,0.0,2557,760,18979
21,19760,58,0.0,2558,760,19000
5,19765,58,0.0,2559,760,19005
3,19768,58,0.0,2560,760,19008
3,19771,58,0.0,2561,760,19011
10,19781,58,0.0,2562,760,19021
3,19784,58,0.0,2563,760,19024
18,19802,58,0.0,2564,760,19042
4,19806,58,0.0,2565,760,19046
6,19812,58,0.0,2566,760,19052
4,19816,58,0.0,2567,760,19056
3,19819,58,0.0,2568,760,19059
2,19821,58,0.0,2569,760,19061
2,19823,58,0.0,2570,760,19063
6,19829,59,1.0,2571,760,19069
18,19847,59,0.0,2572,760,19087
3,19850,59,0.0,2573,760,19090
4,19854,59,0.0,2574,760,19094
17,19871,59,0.0,2575,760,19111
11,19882,60,1.0,2576,760,19122
12,19894,60,0.0,2577,760,19134
8,19902,60,0.0,2578,760,19142
6,19908,60,0.0,2579,760,19148
17,19925,60,0.0,2580,760,19165
5,19930,60,0.0,2581,760,19170
5,19935,60,0.0,2582,760,19175
5,19940,60,0.0,2583,760,19180
5,19945,60,0.0,2584,760,19185
4,19949,60,0.0,2585,760,19189
11,19960,61,1.0,2586,760,19200
9,19969,61,0.0,2587,760,19209
5,19974,61,0.0,2588,760,19214
9,19983,61,0.0,2589,760,19223
9,19992,61,0.0,2590,760,19232
15,20007,61,0.0,2591,760,19247
4,20011,61,0.0,2592,760,19251
4,20015,61,0.0,2593,760,19255
3,20018,61,0.0,2594,760,19258
13,20031,61,0.0,2595,760,19271
5,20036,61,0.0,2596,760,19276
10,20046,61,0.0,2597,760,19286
3,20049,61,0.0,2598,760,19289
3,20052,61,0.0,2599,760,19292
12,20064,61,0.0,2600,760,19304
6,20070,61,0.0,2601,760,19310
2,20072,61,0.0,2602,760,19312
6,20078,61,0.0,2603,760,19318
9,20087,61,0.0,2604,760,19327
11,20098,62,1.0,2605,760,19338
2,20100,62,0.0,2606,760,19340
7,20107,62,0.0,2607,760,19347
17,20124,62,0.0,2608,760,19364
9,20133,62,0.0,2609,760,19373
13,20146,62,0.0,2610,760,19386
2,20148,62,0.0,2611,760,19388
14,20162,62,0.0,2612,760,19402
4,20166,62,0.0,2613,760,19406
3,20169,62,0.0,2614,760,19409
17,20186,62,0.0,2615,760,19426
11,20197,63,1.0,2616,760,19437
6,20203,64,1.0,2617,760,19443
2,20205,64,0.0,2618,760,19445
6,20211,65,1.0,2619,760,19451
13,20224,65,0.0,2620,760,19464
5,20229,65,0.0,2621,760,19469
4,20233,65,0.0,2622,760,19473
6,20239,65,0.0,2623,760,19479
8,20247,65,0.0,2624,760,19487
7,20254,65,0.0,2625,760,19494
4,20258,65,0.0,2626,760,19498
4,20262,65,0.0,2627,760,19502
5,20267,65,0.0,2628,760,19507
7,20274,65,0.0,2629,760,19514
8,20282,65,0.0,2630,760,19522
4,20286,65,0.0,2631,760,19526
3,20289,65,0.0,2632,760,19529
4,20293,65,0.0,2633,760,19533
16,20309,65,0.0,2634,760,19549
16,20325,65,0.0,2635,760,19565
5,20330,65,0.0,2636,760,19570
21,20351,65,0.0,2637,760,19591
5,20356,65,0.0,2638,760,19596
6,20362,65,0.0,2639,760,19602
8,20370,65,0.0,2640,760,19610
11,20381,65,0.0,2641,760,19621
4,20385,65,0.0,2642,760,19625
4,20389,65,0.0,2643,760,19629
3,20392,65,0.0,2644,760,19632
8,20400,65,0.0,2645,760,19640
6,20406,65,0.0,2646,760,19646
4,20410,65,0.0,2647,760,19650
11,20421,65,0.0,2648,760,19661
5,20426,65,0.0,2649,760,19666
6,20432,65,0.0,2650,760,19672
4,20436,65,0.0,2651,760,19676
5,20441,65,0.0,2652,760,19681
8,20449,65,0.0,2653,760,19689
3,20452,65,0.0,2654,760,19692
2,20454,65,0.0,2655,760,19694
19,20473,65,0.0,2656,760,19713
8,20481,65,0.0,2657,760,19721
5,20486,65,0.0,2658,760,19726
7,20493,65,0.0,2659,760,19733
8,20501,65,0.0,2660,760,19741
11,20512,66,1.0,2661,760,19752
9,20521,66,0.0,2662,760,19761
5,20526,66,0.0,2663,760,19766
4,20530,66,0.0,2664,760,19770
8,20538,66,0.0,2665,760,19778
11,20549,67,1.0,2666,760,19789
2,20551,67,0.0,2667,760,19791
6,20557,67,0.0,2668,760,19797
2,20559,67,0.0,2669,760,19799
12,20571,67,0.0,2670,760,19811
4,20575,67,0.0,2671,760,19815
12,20587,67,0.0,2672,760,19827
11,20598,67,0.0,2673,760,19838
2,20600,67,0.0,2674,760,19840
2,20602,67,0.0,2675,760,19842
5,20607,67,0.0,2676,760,19847
13,20620,67,0.0,2677,760,19860
8,20628,67,0.0,2678,760,19868
8,20636,67,0.0,2679,760,19876
2,20638,67,0.0,2680,760,19878
8,20646,67,0.0,2681,760,19886
11,20657,67,0.0,2682,760,19897
8,20665,67,0.0,2683,760,19905
10,20675,67,0.0,2684,760,19915
5,20680,67,0.0,2685,760,19920
11,20691,67,0.0,2686,760,19931
3,20694,67,0.0,2687,760,19934
8,20702,67,0.0,2688,760,19942
4,20706,67,0.0,2689,760,19946
5,20711,67,0.0,2690,760,19951
5,20716,67,0.0,2691,760,19956
4,20720,67,0.0,2692,760,19960
3,20723,67,0.0,2693,760,19963
4,20727,67,0.0,2694,760,19967
9,20736,67,0.0,2695,760,19976
5,20741,67,0.0,2696,760,19981
28,20769,67,0.0,2697,760,20009
2,20771,67,0.0,2698,760,20011
6,20777,68,1.0,2699,760,20017
21,20798,68,0.0,2700,760,20038
3,20801,68,0.0,2701,760,20041
8,20809,68,0.0,2702,760,20049
5,20814,68,0.0,2703,760,20054
12,20826,68,0.0,2704,760,20066
5,20831,68,0.0,2705,760,20071
11,20842,69,1.0,2706,760,20082
9,20851,69,0.0,2707,760,20091
3,20854,69,0.0,2708,760,20094
3,20857,69,0.0,2709,760,20097
10,20867,69,0.0,2710,760,20107
18,20885,69,0.0,2711,760,20125
12,20897,69,0.0,2712,760,20137
10,20907,69,0.0,2713,760,20147
8,20915,69,0.0,2714,760,20155
9,20924,69,0.0,2715,760,20164
5,20929,69,0.0,2716,760,20169
10,20939,69,0.0,2717,760,20179
5,20944,69,0.0,2718,760,20184
18,20962,69,0.0,2719,760,20202
7,20969,69,0.0,2720,760,20209
17,20986,69,0.0,2721,760,20226
9,20995,69,0.0,2722,760,20235
9,21004,69,0.0,2723,760,20244
21,21025,69,0.0,2724,760,20265
17,21042,69,0.0,2725,760,20282
2,21044,69,0.0,2726,760,20284
11,21055,70,1.0,2727,760,20295
19,21074,71,1.0,2728,760,20314
11,21085,71,0.0,2729,760,20325
13,21098,71,0.0,2730,760,20338
15,21113,71,0.0,2731,760,20353
17,21130,71,0.0,2732,760,20370
17,21147,71,0.0,2733,760,20387
5,21152,71,0.0,2734,760,20392
8,21160,71,0.0,2735,760,20400
3,21163,71,0.0,2736,760,20403
8,21171,71,0.0,2737,760,20411
5,21176,71,0.0,2738,760,20416
12,21188,71,0.0,2739,760,20428
2,21190,71,0.0,2740,760,20430
20,21210,71,0.0,2741,760,20450
2,21212,71,0.0,2742,760,20452
4,21216,71,0.0,2743,760,20456
15,21231,71,0.0,2744,760,20471
4,21235,71,0.0,2745,760,20475
12,21247,71,0.0,2746,760,20487
17,21264,71,0.0,2747,760,20504
7,21271,71,0.0,2748,760,20511
4,21275,71,0.0,2749,760,20515
3,21278,71,0.0,2750,760,20518
3,21281,71,0.0,2751,760,20521
8,21289,71,0.0,2752,760,20529
12,21301,71,0.0,2753,760,20541
7,21308,71,0.0,2754,760,20548
4,21312,71,0.0,2755,760,20552
21,21333,71,0.0,2756,760,20573
2,21335,71,0.0,2757,760,20575
8,21343,71,0.0,2758,760,20583
8,21351,71,0.0,2759,760,20591
5,21356,71,0.0,2760,760,20596
3,21359,71,0.0,2761,760,20599
5,21364,71,0.0,2762,760,20604
7,21371,71,0.0,2763,760,20611
2,21373,71,0.0,2764,760,20613
9,21382,71,0.0,2765,760,20622
5,21387,71,0.0,2766,760,20627
4,21391,71,0.0,2767,760,20631
5,21396,71,0.0,2768,760,20636
3,21399,71,0.0,2769,760,20639
4,21403,71,0.0,2770,760,20643
19,21422,71,0.0,2771,760,20662
6,21428,71,0.0,2772,760,20668
4,21432,71,0.0,2773,760,20672
6,21438,72,1.0,2774,760,20678
8,21446,72,0.0,2775,760,20686
4,21450,72,0.0,2776,760,20690
7,21457,72,0.0,2777,760,20697
6,21463,73,1.0,2778,760,20703
9,21472,73,0.0,2779,760,20712
2,21474,73,0.0,2780,760,20714
22,21496,73,0.0,2781,760,20736
13,21509,73,0.0,2782,760,20749
14,21523,73,0.0,2783,760,20763
13,21536,73,0.0,2784,760,20776
5,21541,73,0.0,2785,760,20781
3,21544,73,0.0,2786,760,20784
8,21552,73,0.0,2787,760,20792
6,21558,73,0.0,2788,760,20798
14,21572,73,0.0,2789,760,20812
9,21581,73,0.0,2790,760,20821
2,21583,73,0.0,2791,760,20823
2,21585,73,0.0,2792,760,20825
4,21589,73,0.0,2793,760,20829
8,21597,73,0.0,2794,760,20837
2,21599,73,0.0,2795,760,20839
5,21604,73,0.0,2796,760,20844
4,21608,73,0.0,2797,760,20848
10,21618,73,0.0,2798,760,20858
7,21625,73,0.0,2799,760,20865
6,21631,73,0.0,2800,760,20871
6,21637,73,0.0,2801,760,20877
11,21648,73,0.0,2802,760,20888
5,21653,73,0.0,2803,760,20893
5,21658,73,0.0,2804,760,20898
14,21672,73,0.0,2805,760,20912
7,21679,73,0.0,2806,760,20919
8,21687,73,0.0,2807,760,20927
5,21692,73,0.0,2808,760,20932
6,21698,73,0.0,2809,760,20938
5,21703,73,0.0,2810,760,20943
2,21705,73,0.0,2811,760,20945
5,21710,73,0.0,2812,760,20950
6,21716,74,1.0,2813,760,20956
8,21724,74,0.0,2814,760,20964
13,21737,74,0.0,2815,760,20977
7,21744,74,0.0,2816,760,20984
4,21748,74,0.0,2817,760,20988
14,21762,74,0.0,2818,760,21002
11,21773,74,0.0,2819,760,21013
4,21777,74,0.0,2820,760,21017
7,21784,74,0.0,2821,760,21024
9,21793,74,0.0,2822,760,21033
9,21802,74,0.0,2823,760,21042
8,21810,74,0.0,2824,760,21050
3,21813,74,0.0,2825,760,21053
5,21818,74,0.0,2826,760,21058
7,21825,74,0.0,2827,760,21065
4,21829,74,0.0,2828,760,21069
7,21836,74,0.0,2829,760,21076
8,21844,74,0.0,2830,760,21084
7,21851,74,0.0,2831,760,21091
4,21855,74,0.0,2832,760,21095
20,21875,74,0.0,2833,760,21115
8,21883,74,0.0,2834,760,21123
15,21898,74,0.0,2835,760,21138
24,21922,74,0.0,2836,760,21162
15,21937,74,0.0,2837,760,21177
12,21949,74,0.0,2838,760,21189
11,21960,74,0.0,2839,760,21200
4,21964,74,0.0,2840,760,21204
4,21968,74,0.0,2841,760,21208
4,21972,74,0.0,2842,760,21212
2,21974,74,0.0,2843,760,21214
6,21980,75,1.0,2844,760,21220
10,21990,75,0.0,2845,760,21230
5,21995,75,0.0,2846,760,21235
2,21997,75,0.0,2847,760,21237
5,22002,75,0.0,2848,760,21242
5,22007,75,0.0,2849,760,21247
2,22009,75,0.0,2850,760,21249
5,22014,75,0.0,2851,760,21254
2,22016,75,0.0,2852,760,21256
4,22020,75,0.0,2853,760,21260
5,22025,75,0.0,2854,760,21265
21,22046,75,0.0,2855,760,21286
4,22050,75,0.0,2856,760,21290
5,22055,75,0.0,2857,760,21295
11,22066,75,0.0,2858,760,21306
8,22074,75,0.0,2859,760,21314
5,22079,75,0.0,2860,760,21319
2,22081,75,0.0,2861,760,21321
10,22091,75,0.0,2862,760,21331
2,22093,75,0.0,2863,760,21333
5,22098,75,0.0,2864,760,21338
13,22111,75,0.0,2865,760,21351
20,22131,75,0.0,2866,760,21371
9,22140,75,0.0,2867,760,21380
5,22145,75,0.0,2868,760,21385
5,22150,75,0.0,2869,760,21390
5,22155,75,0.0,2870,760,21395
5,22160,75,0.0,2871,760,21400
11,22171,75,0.0,2872,760,21411
10,22181,75,0.0,2873,760,21421
45,22226,75,0.0,2874,760,21466
10,22236,75,0.0,2875,760,21476
5,22241,75,0.0,2876,760,21481
14,22255,75,0.0,2877,760,21495
2,22257,75,0.0,2878,760,21497
5,22262,75,0.0,2879,760,21502
4,22266,75,0.0,2880,760,21506
5,22271,75,0.0,2881,760,21511
2,22273,75,0.0,2882,760,21513
8,22281,75,0.0,2883,760,21521
7,22288,75,0.0,2884,760,21528
4,22292,75,0.0,2885,760,21532
5,22297,75,0.0,2886,760,21537
5,22302,75,0.0,2887,760,21542
6,22308,75,0.0,2888,760,21548
2,22310,75,0.0,2889,760,21550
11,22321,76,1.0,2890,760,21561
3,22324,76,0.0,2891,760,21564
3,22327,76,0.0,2892,760,21567
8,22335,76,0.0,2893,760,21575
5,22340,76,0.0,2894,760,21580
2,22342,76,0.0,2895,760,21582
2,22344,76,0.0,2896,760,21584
5,22349,76,0.0,2897,760,21589
2,22351,76,0.0,2898,760,21591
9,22360,76,0.0,2899,760,21600
8,22368,76,0.0,2900,760,21608
2,22370,76,0.0,2901,760,21610
11,22381,76,0.0,2902,760,21621
15,22396,76,0.0,2903,760,21636
5,22401,76,0.0,2904,760,21641
9,22410,76,0.0,2905,760,21650
28,22438,76,0.0,2906,760,21678
4,22442,76,0.0,2907,760,21682
24,22466,76,0.0,2908,760,21706
4,22470,76,0.0,2909,760,21710
7,22477,76,0.0,2910,760,21717
2,22479,76,0.0,2911,760,21719
2,22481,76,0.0,2912,760,21721
3,22484,76,0.0,2913,760,21724
6,22490,77,1.0,2914,760,21730
2,22492,77,0.0,2915,760,21732
2,22494,77,0.0,2916,760,21734
11,22505,78,1.0,2917,760,21745
9,22514,78,0.0,2918,760,21754
7,22521,78,0.0,2919,760,21761
12,22533,78,0.0,2920,760,21773
8,22541,78,0.0,2921,760,21781
4,22545,78,0.0,2922,760,21785
2,22547,78,0.0,2923,760,21787
6,22553,78,0.0,2924,760,21793
5,22558,78,0.0,2925,760,21798
7,22565,78,0.0,2926,760,21805
5,22570,78,0.0,2927,760,21810
19,22589,78,0.0,2928,760,21829
26,22615,78,0.0,2929,760,21855
10,22625,78,0.0,2930,760,21865
4,22629,78,0.0,2931,760,21869
2,22631,78,0.0,2932,760,21871
24,22655,78,0.0,2933,760,21895
5,22660,78,0.0,2934,760,21900
5,22665,78,0.0,2935,760,21905
2,22667,78,0.0,2936,760,21907
6,22673,78,0.0,2937,760,21913
9,22682,78,0.0,2938,760,21922
7,22689,78,0.0,2939,760,21929
26,22715,78,0.0,2940,760,21955
3,22718,78,0.0,2941,760,21958
3,22721,78,0.0,2942,760,21961
5,22726,78,0.0,2943,760,21966
6,22732,78,0.0,2944,760,21972
5,22737,78,0.0,2945,760,21977
2,22739,78,0.0,2946,760,21979
3,22742,78,0.0,2947,760,21982
4,22746,78,0.0,2948,760,21986
10,22756,78,0.0,2949,760,21996
15,22771,78,0.0,2950,760,22011
2,22773,78,0.0,2951,760,22013
11,22784,78,0.0,2952,760,22024
29,22813,78,0.0,2953,760,22053
12,22825,78,0.0,2954,760,22065
6,22831,78,0.0,2955,760,22071
5,22836,78,0.0,2956,760,22076
5,22841,78,0.0,2957,760,22081
7,22848,78,0.0,2958,760,22088
42,22890,78,0.0,2959,760,22130
6,22896,78,0.0,2960,760,22136
5,22901,78,0.0,2961,760,22141
9,22910,78,0.0,2962,760,22150
11,22921,78,0.0,2963,760,22161
11,22932,79,1.0,2964,760,22172
7,22939,79,0.0,2965,760,22179
3,22942,79,0.0,2966,760,22182
8,22950,79,0.0,2967,760,22190
7,22957,79,0.0,2968,760,22197
3,22960,79,0.0,2969,760,22200
3,22963,79,0.0,2970,760,22203
12,22975,79,0.0,2971,760,22215
11,22986,80,1.0,2972,760,22226
5,22991,80,0.0,2973,760,22231
8,22999,80,0.0,2974,760,22239
7,23006,80,0.0,2975,760,22246
11,23017,81,1.0,2976,760,22257
7,23024,81,0.0,2977,760,22264
7,23031,81,0.0,2978,760,22271
10,23041,81,0.0,2979,760,22281
7,23048,81,0.0,2980,760,22288
6,23054,81,0.0,2981,760,22294
14,23068,81,0.0,2982,760,22308
9,23077,81,0.0,2983,760,22317
15,23092,81,0.0,2984,760,22332
5,23097,81,0.0,2985,760,22337
5,23102,81,0.0,2986,760,22342
11,23113,81,0.0,2987,760,22353
6,23119,81,0.0,2988,760,22359
6,23125,82,1.0,2989,760,22365
5,23130,82,0.0,2990,760,22370
7,23137,82,0.0,2991,760,22377
19,23156,82,0.0,2992,760,22396
11,23167,82,0.0,2993,760,22407
7,23174,82,0.0,2994,760,22414
9,23183,82,0.0,2995,760,22423
2,23185,82,0.0,2996,760,22425
13,23198,82,0.0,2997,760,22438
6,23204,83,1.0,2998,760,22444
3,23207,83,0.0,2999,760,22447
9,23216,83,0.0,3000,760,22456
3,23219,83,0.0,3001,760,22459
2,23221,83,0.0,3002,760,22461
22,23243,83,0.0,3003,760,22483
9,23252,83,0.0,3004,760,22492
18,23270,83,0.0,3005,760,22510
7,23277,83,0.0,3006,760,22517
15,23292,83,0.0,3007,760,22532
24,23316,83,0.0,3008,760,22556
4,23320,83,0.0,3009,760,22560
2,23322,83,0.0,3010,760,22562
5,23327,83,0.0,3011,760,22567
7,23334,83,0.0,3012,760,22574
4,23338,83,0.0,3013,760,22578
13,23351,83,0.0,3014,760,22591
11,23362,83,0.0,3015,760,22602
4,23366,83,0.0,3016,760,22606
11,23377,83,0.0,3017,760,22617
7,23384,83,0.0,3018,760,22624
5,23389,83,0.0,3019,760,22629
12,23401,83,0.0,3020,760,22641
11,23412,84,1.0,3021,760,22652
3,23415,84,0.0,3022,760,22655
11,23426,84,0.0,3023,760,22666
3,23429,84,0.0,3024,760,22669
3,23432,84,0.0,3025,760,22672
12,23444,84,0.0,3026,760,22684
3,23447,84,0.0,3027,760,22687
7,23454,84,0.0,3028,760,22694
5,23459,84,0.0,3029,760,22699
4,23463,84,0.0,3030,760,22703
11,23474,84,0.0,3031,760,22714
13,23487,84,0.0,3032,760,22727
11,23498,84,0.0,3033,760,22738
3,23501,84,0.0,3034,760,22741
8,23509,84,0.0,3035,760,22749
11,23520,84,0.0,3036,760,22760
5,23525,84,0.0,3037,760,22765
5,23530,84,0.0,3038,760,22770
8,23538,84,0.0,3039,760,22778
8,23546,84,0.0,3040,760,22786
4,23550,84,0.0,3041,760,22790
9,23559,84,0.0,3042,760,22799
5,23564,84,0.0,3043,760,22804
9,23573,84,0.0,3044,760,22813
13,23586,84,0.0,3045,760,22826
7,23593,84,0.0,3046,760,22833
10,23603,84,0.0,3047,760,22843
6,23609,85,1.0,3048,760,22849
8,23617,85,0.0,3049,760,22857
2,23619,85,0.0,3050,760,22859
3,23622,85,0.0,3051,760,22862
6,23628,85,0.0,3052,760,22868
8,23636,85,0.0,3053,760,22876
6,23642,85,0.0,3054,760,22882
7,23649,85,0.0,3055,760,22889
41,23690,85,0.0,3056,760,22930
2,23692,85,0.0,3057,760,22932
11,23703,86,1.0,3058,760,22943
10,23713,86,0.0,3059,760,22953
22,23735,86,0.0,3060,760,22975
8,23743,86,0.0,3061,760,22983
4,23747,86,0.0,3062,760,22987
2,23749,86,0.0,3063,760,22989
7,23756,86,0.0,3064,760,22996
5,23761,86,0.0,3065,760,23001
6,23767,86,0.0,3066,760,23007
6,23773,86,0.0,3067,760,23013
13,23786,86,0.0,3068,760,23026
5,23791,86,0.0,3069,760,23031
4,23795,86,0.0,3070,760,23035
12,23807,86,0.0,3071,760,23047
11,23818,86,0.0,3072,760,23058
11,23829,86,0.0,3073,760,23069
7,23836,86,0.0,3074,760,23076
33,23869,86,0.0,3075,760,23109
18,23887,86,0.0,3076,760,23127
9,23896,86,0.0,3077,760,23136
11,23907,86,0.0,3078,760,23147
5,23912,86,0.0,3079,760,23152
10,23922,86,0.0,3080,760,23162
7,23929,86,0.0,3081,760,23169
14,23943,86,0.0,3082,760,23183
2,23945,86,0.0,3083,760,23185
10,23955,86,0.0,3084,760,23195
8,23963,86,0.0,3085,760,23203
12,23975,86,0.0,3086,760,23215
17,23992,86,0.0,3087,760,23232
2,23994,86,0.0,3088,760,23234
20,24014,86,0.0,3089,760,23254
19,24033,86,0.0,3090,760,23273
2,24035,86,0.0,3091,760,23275
11,24046,87,1.0,3092,760,23286
14,24060,87,0.0,3093,760,23300
6,24066,87,0.0,3094,760,23306
5,24071,87,0.0,3095,760,23311
5,24076,87,0.0,3096,760,23316
2,24078,87,0.0,3097,760,23318
5,24083,87,0.0,3098,760,23323
7,24090,87,0.0,3099,760,23330
11,24101,87,0.0,3100,760,23341
3,24104,87,0.0,3101,760,23344
11,24115,87,0.0,3102,760,23355
5,24120,87,0.0,3103,760,23360
6,24126,87,0.0,3104,760,23366
8,24134,87,0.0,3105,760,23374
7,24141,87,0.0,3106,760,23381
8,24149,87,0.0,3107,760,23389
15,24164,87,0.0,3108,760,23404
2,24166,87,0.0,3109,760,23406
4,24170,87,0.0,3110,760,23410
13,24183,87,0.0,3111,760,23423
8,24191,87,0.0,3112,760,23431
8,24199,87,0.0,3113,760,23439
22,24221,87,0.0,3114,760,23461
27,24248,87,0.0,3115,760,23488
7,24255,87,0.0,3116,760,23495
13,24268,87,0.0,3117,760,23508
2,24270,87,0.0,3118,760,23510
24,24294,87,0.0,3119,760,23534
6,24300,87,0.0,3120,760,23540
2,24302,87,0.0,3121,760,23542
3,24305,87,0.0,3122,760,23545
4,24309,87,0.0,3123,760,23549
6,24315,87,0.0,3124,760,23555
8,24323,87,0.0,3125,760,23563
20,24343,87,0.0,3126,760,23583
16,24359,87,0.0,3127,760,23599
5,24364,87,0.0,3128,760,23604
5,24369,87,0.0,3129,760,23609
8,24377,87,0.0,3130,760,23617
3,24380,87,0.0,3131,760,23620
4,24384,87,0.0,3132,760,23624
7,24391,87,0.0,3133,760,23631
19,24410,87,0.0,3134,760,23650
7,24417,87,0.0,3135,760,23657
5,24422,87,0.0,3136,760,23662
4,24426,87,0.0,3137,760,23666
18,24444,87,0.0,3138,760,23684
9,24453,87,0.0,3139,760,23693
9,24462,87,0.0,3140,760,23702
38,24500,87,0.0,3141,760,23740
16,24516,87,0.0,3142,760,23756
24,24540,87,0.0,3143,760,23780
2,24542,87,0.0,3144,760,23782
2,24544,87,0.0,3145,760,23784
9,24553,87,0.0,3146,760,23793
6,24559,87,0.0,3147,760,23799
2,24561,87,0.0,3148,760,23801
11,24572,87,0.0,3149,760,23812
11,24583,87,0.0,3150,760,23823
2,24585,87,0.0,3151,760,23825
15,24600,87,0.0,3152,760,23840
3,24603,87,0.0,3153,760,23843
5,24608,87,0.0,3154,760,23848
5,24613,87,0.0,3155,760,23853
10,24623,87,0.0,3156,760,23863
3,24626,87,0.0,3157,760,23866
5,24631,87,0.0,3158,760,23871
9,24640,87,0.0,3159,760,23880
11,24651,87,0.0,3160,760,23891
2,24653,87,0.0,3161,760,23893
18,24671,87,0.0,3162,760,23911
3,24674,87,0.0,3163,760,23914
5,24679,87,0.0,3164,760,23919
8,24687,87,0.0,3165,760,23927
3,24690,87,0.0,3166,760,23930
4,24694,87,0.0,3167,760,23934
14,24708,87,0.0,3168,760,23948
7,24715,87,0.0,3169,760,23955
7,24722,87,0.0,3170,760,23962
6,24728,87,0.0,3171,760,23968
6,24734,88,1.0,3172,760,23974
16,24750,88,0.0,3173,760,23990
2,24752,88,0.0,3174,760,23992
2,24754,88,0.0,3175,760,23994
4,24758,88,0.0,3176,760,23998
25,24783,88,0.0,3177,760,24023
4,24787,88,0.0,3178,760,24027
9,24796,88,0.0,3179,760,24036
7,24803,88,0.0,3180,760,24043
2,24805,88,0.0,3181,760,24045
5,24810,88,0.0,3182,760,24050
4,24814,88,0.0,3183,760,24054
26,24840,88,0.0,3184,760,24080
11,24851,88,0.0,3185,760,24091
6,24857,89,1.0,3186,760,24097
7,24864,89,0.0,3187,760,24104
9,24873,89,0.0,3188,760,24113
3,24876,89,0.0,3189,760,24116
10,24886,89,0.0,3190,760,24126
5,24891,89,0.0,3191,760,24131
5,24896,89,0.0,3192,760,24136
5,24901,89,0.0,3193,760,24141
2,24903,89,0.0,3194,760,24143
7,24910,89,0.0,3195,760,24150
5,24915,89,0.0,3196,760,24155
4,24919,89,0.0,3197,760,24159
11,24930,89,0.0,3198,760,24170
8,24938,89,0.0,3199,760,24178
13,24951,89,0.0,3200,760,24191
3,24954,89,0.0,3201,760,24194
8,24962,89,0.0,3202,760,24202
13,24975,89,0.0,3203,760,24215
2,24977,89,0.0,3204,760,24217
5,24982,89,0.0,3205,760,24222
2,24984,89,0.0,3206,760,24224
9,24993,89,0.0,3207,760,24233
11,25004,89,0.0,3208,760,24244
5,25009,89,0.0,3209,760,24249
12,25021,89,0.0,3210,760,24261
5,25026,89,0.0,3211,760,24266
2,25028,89,0.0,3212,760,24268
8,25036,89,0.0,3213,760,24276
10,25046,89,0.0,3214,760,24286
9,25055,89,0.0,3215,760,24295
5,25060,89,0.0,3216,760,24300
8,25068,89,0.0,3217,760,24308
9,25077,89,0.0,3218,760,24317
9,25086,89,0.0,3219,760,24326
2,25088,89,0.0,3220,760,24328
3,25091,89,0.0,3221,760,24331
9,25100,89,0.0,3222,760,24340
11,25111,89,0.0,3223,760,24351
2,25113,89,0.0,3224,760,24353
24,25137,89,0.0,3225,760,24377
2,25139,89,0.0,3226,760,24379
6,25145,89,0.0,3227,760,24385
9,25154,89,0.0,3228,760,24394
6,25160,89,0.0,3229,760,24400
4,25164,89,0.0,3230,760,24404
3,25167,89,0.0,3231,760,24407
3,25170,89,0.0,3232,760,24410
10,25180,89,0.0,3233,760,24420
3,25183,89,0.0,3234,760,24423
8,25191,89,0.0,3235,760,24431
4,25195,89,0.0,3236,760,24435
28,25223,89,0.0,3237,760,24463
8,25231,89,0.0,3238,760,24471
11,25242,89,0.0,3239,760,24482
4,25246,89,0.0,3240,760,24486
6,25252,89,0.0,3241,760,24492
3,25255,89,0.0,3242,760,24495
5,25260,89,0.0,3243,760,24500
29,25289,89,0.0,3244,760,24529
5,25294,89,0.0,3245,760,24534
5,25299,89,0.0,3246,760,24539
24,25323,90,1.0,3247,760,24563
6,25329,90,0.0,3248,760,24569
4,25333,90,0.0,3249,760,24573
3,25336,90,0.0,3250,760,24576
8,25344,90,0.0,3251,760,24584
2,25346,90,0.0,3252,760,24586
5,25351,90,0.0,3253,760,24591
8,25359,90,0.0,3254,760,24599
8,25367,90,0.0,3255,760,24607
4,25371,90,0.0,3256,760,24611
8,25379,90,0.0,3257,760,24619
8,25387,90,0.0,3258,760,24627
11,25398,90,0.0,3259,760,24638
25,25423,90,0.0,3260,760,24663
9,25432,90,0.0,3261,760,24672
5,25437,90,0.0,3262,760,24677
3,25440,90,0.0,3263,760,24680
12,25452,90,0.0,3264,760,24692
9,25461,90,0.0,3265,760,24701
6,25467,90,0.0,3266,760,24707
5,25472,90,0.0,3267,760,24712
5,25477,90,0.0,3268,760,24717
5,25482,90,0.0,3269,760,24722
12,25494,90,0.0,3270,760,24734
3,25497,90,0.0,3271,760,24737
2,25499,90,0.0,3272,760,24739
15,25514,90,0.0,3273,760,24754
4,25518,90,0.0,3274,760,24758
3,25521,90,0.0,3275,760,24761
19,25540,90,0.0,3276,760,24780
8,25548,90,0.0,3277,760,24788
8,25556,90,0.0,3278,760,24796
19,25575,90,0.0,3279,760,24815
16,25591,90,0.0,3280,760,24831
8,25599,90,0.0,3281,760,24839
4,25603,90,0.0,3282,760,24843
2,25605,90,0.0,3283,760,24845
6,25611,91,1.0,3284,760,24851
6,25617,91,0.0,3285,760,24857
2,25619,91,0.0,3286,760,24859
7,25626,91,0.0,3287,760,24866
7,25633,91,0.0,3288,760,24873
2,25635,91,0.0,3289,760,24875
5,25640,91,0.0,3290,760,24880
2,25642,91,0.0,3291,760,24882
3,25645,91,0.0,3292,760,24885
13,25658,91,0.0,3293,760,24898
4,25662,91,0.0,3294,760,24902
5,25667,91,0.0,3295,760,24907
8,25675,91,0.0,3296,760,24915
3,25678,91,0.0,3297,760,24918
2,25680,91,0.0,3298,760,24920
4,25684,91,0.0,3299,760,24924
10,25694,91,0.0,3300,760,24934
2,25696,91,0.0,3301,760,24936
8,25704,91,0.0,3302,760,24944
2,25706,91,0.0,3303,760,24946
5,25711,91,0.0,3304,760,24951
14,25725,91,0.0,3305,760,24965
17,25742,91,0.0,3306,760,24982
2,25744,91,0.0,3307,760,24984
34,25778,91,0.0,3308,760,25018
11,25789,92,1.0,3309,760,25029
3,25792,92,0.0,3310,760,25032
16,25808,92,0.0,3311,760,25048
9,25817,92,0.0,3312,760,25057
5,25822,92,0.0,3313,760,25062
6,25828,92,0.0,3314,760,25068
9,25837,92,0.0,3315,760,25077
18,25855,92,0.0,3316,760,25095
20,25875,92,0.0,3317,760,25115
7,25882,92,0.0,3318,760,25122
7,25889,92,0.0,3319,760,25129
9,25898,92,0.0,3320,760,25138
6,25904,93,1.0,3321,760,25144
15,25919,93,0.0,3322,760,25159
2,25921,93,0.0,3323,760,25161
7,25928,93,0.0,3324,760,25168
9,25937,93,0.0,3325,760,25177
3,25940,93,0.0,3326,760,25180
3,25943,93,0.0,3327,760,25183
21,25964,93,0.0,3328,760,25204
4,25968,93,0.0,3329,760,25208
5,25973,93,0.0,3330,760,25213
3,25976,93,0.0,3331,760,25216
12,25988,93,0.0,3332,760,25228
10,25998,93,0.0,3333,760,25238
5,26003,93,0.0,3334,760,25243
8,26011,93,0.0,3335,760,25251
8,26019,93,0.0,3336,760,25259
2,26021,93,0.0,3337,760,25261
9,26030,93,0.0,3338,760,25270
8,26038,93,0.0,3339,760,25278
4,26042,93,0.0,3340,760,25282
14,26056,93,0.0,3341,760,25296
24,26080,93,0.0,3342,760,25320
23,26103,93,0.0,3343,760,25343
9,26112,93,0.0,3344,760,25352
8,26120,93,0.0,3345,760,25360
2,26122,93,0.0,3346,760,25362
7,26129,93,0.0,3347,760,25369
2,26131,93,0.0,3348,760,25371
2,26133,93,0.0,3349,760,25373
13,26146,93,0.0,3350,760,25386
4,26150,93,0.0,3351,760,25390
5,26155,93,0.0,3352,760,25395
7,26162,93,0.0,3353,760,25402
9,26171,93,0.0,3354,760,25411
11,26182,93,0.0,3355,760,25422
6,26188,93,0.0,3356,760,25428
14,26202,93,0.0,3357,760,25442
10,26212,93,0.0,3358,760,25452
13,26225,93,0.0,3359,760,25465
6,26231,93,0.0,3360,760,25471
5,26236,93,0.0,3361,760,25476
8,26244,93,0.0,3362,760,25484
2,26246,93,0.0,3363,760,25486
2,26248,93,0.0,3364,760,25488
8,26256,93,0.0,3365,760,25496
7,26263,93,0.0,3366,760,25503
8,26271,93,0.0,3367,760,25511
39,26310,93,0.0,3368,760,25550
11,26321,93,0.0,3369,760,25561
3,26324,93,0.0,3370,760,25564
19,26343,93,0.0,3371,760,25583
13,26356,93,0.0,3372,760,25596
8,26364,93,0.0,3373,760,25604
6,26370,93,0.0,3374,760,25610
9,26379,93,0.0,3375,760,25619
2,26381,93,0.0,3376,760,25621
4,26385,93,0.0,3377,760,25625
3,26388,93,0.0,3378,760,25628
5,26393,93,0.0,3379,760,25633
11,26404,93,0.0,3380,760,25644
2,26406,93,0.0,3381,760,25646
11,26417,93,0.0,3382,760,25657
5,26422,93,0.0,3383,760,25662
19,26441,93,0.0,3384,760,25681
2,26443,93,0.0,3385,760,25683
9,26452,93,0.0,3386,760,25692
14,26466,93,0.0,3387,760,25706
4,26470,93,0.0,3388,760,25710
13,26483,93,0.0,3389,760,25723
8,26491,93,0.0,3390,760,25731
2,26493,93,0.0,3391,760,25733
5,26498,93,0.0,3392,760,25738
11,26509,94,1.0,3393,760,25749
5,26514,94,0.0,3394,760,25754
5,26519,94,0.0,3395,760,25759
5,26524,94,0.0,3396,760,25764
2,26526,94,0.0,3397,760,25766
29,26555,94,0.0,3398,760,25795
11,26566,94,0.0,3399,760,25806
9,26575,94,0.0,3400,760,25815
9,26584,94,0.0,3401,760,25824
4,26588,94,0.0,3402,760,25828
15,26603,94,0.0,3403,760,25843
5,26608,94,0.0,3404,760,25848
3,26611,94,0.0,3405,760,25851
9,26620,94,0.0,3406,760,25860
3,26623,94,0.0,3407,760,25863
9,26632,94,0.0,3408,760,25872
11,26643,94,0.0,3409,760,25883
2,26645,94,0.0,3410,760,25885
6,26651,94,0.0,3411,760,25891
5,26656,94,0.0,3412,760,25896
4,26660,94,0.0,3413,760,25900
4,26664,94,0.0,3414,760,25904
12,26676,94,0.0,3415,760,25916
5,26681,94,0.0,3416,760,25921
5,26686,94,0.0,3417,760,25926
4,26690,94,0.0,3418,760,25930
5,26695,94,0.0,3419,760,25935
2,26697,94,0.0,3420,760,25937
4,26701,94,0.0,3421,760,25941
10,26711,94,0.0,3422,760,25951
6,26717,94,0.0,3423,760,25957
12,26729,94,0.0,3424,760,25969
5,26734,94,0.0,3425,760,25974
41,26775,94,0.0,3426,760,26015
5,26780,94,0.0,3427,760,26020
5,26785,94,0.0,3428,760,26025
4,26789,94,0.0,3429,760,26029
10,26799,94,0.0,3430,760,26039
2,26801,94,0.0,3431,760,26041
7,26808,94,0.0,3432,760,26048
10,26818,94,0.0,3433,760,26058
13,26831,94,0.0,3434,760,26071
9,26840,94,0.0,3435,760,26080
15,26855,94,0.0,3436,760,26095
13,26868,94,0.0,3437,760,26108
11,26879,95,1.0,3438,760,26119
18,26897,95,0.0,3439,760,26137
2,26899,95,0.0,3440,760,26139
5,26904,95,0.0,3441,760,26144
13,26917,95,0.0,3442,760,26157
3,26920,95,0.0,3443,760,26160
3,26923,95,0.0,3444,760,26163
3,26926,95,0.0,3445,760,26166
7,26933,95,0.0,3446,760,26173
3,26936,95,0.0,3447,760,26176
5,26941,95,0.0,3448,760,26181
7,26948,95,0.0,3449,760,26188
2,26950,95,0.0,3450,760,26190
2,26952,95,0.0,3451,760,26192
5,26957,95,0.0,3452,760,26197
47,27004,96,1.0,3453,760,26244
7,27011,96,0.0,3454,760,26251
5,27016,96,0.0,3455,760,26256
6,27022,96,0.0,3456,760,26262
17,27039,96,0.0,3457,760,26279
3,27042,96,0.0,3458,760,26282
2,27044,96,0.0,3459,760,26284
11,27055,96,0.0,3460,760,26295
5,27060,96,0.0,3461,760,26300
4,27064,96,0.0,3462,760,26304
11,27075,96,0.0,3463,760,26315
2,27077,96,0.0,3464,760,26317
2,27079,96,0.0,3465,760,26319
14,27093,96,0.0,3466,760,26333
17,27110,96,0.0,3467,760,26350
9,27119,96,0.0,3468,760,26359
5,27124,96,0.0,3469,760,26364
12,27136,96,0.0,3470,760,26376
3,27139,96,0.0,3471,760,26379
7,27146,96,0.0,3472,760,26386
5,27151,96,0.0,3473,760,26391
4,27155,96,0.0,3474,760,26395
4,27159,96,0.0,3475,760,26399
15,27174,96,0.0,3476,760,26414
3,27177,96,0.0,3477,760,26417
11,27188,96,0.0,3478,760,26428
12,27200,96,0.0,3479,760,26440
10,27210,96,0.0,3480,760,26450
5,27215,96,0.0,3481,760,26455
17,27232,96,0.0,3482,760,26472
8,27240,96,0.0,3483,760,26480
2,27242,96,0.0,3484,760,26482
16,27258,96,0.0,3485,760,26498
2,27260,96,0.0,3486,760,26500
7,27267,96,0.0,3487,760,26507
8,27275,96,0.0,3488,760,26515
8,27283,96,0.0,3489,760,26523
21,27304,96,0.0,3490,760,26544
10,27314,96,0.0,3491,760,26554
2,27316,96,0.0,3492,760,26556
4,27320,96,0.0,3493,760,26560
7,27327,96,0.0,3494,760,26567
5,27332,96,0.0,3495,760,26572
7,27339,96,0.0,3496,760,26579
34,27373,96,0.0,3497,760,26613
22,27395,96,0.0,3498,760,26635
18,27413,96,0.0,3499,760,26653
16,27429,96,0.0,3500,760,26669
9,27438,96,0.0,3501,760,26678
5,27443,96,0.0,3502,760,26683
6,27449,96,0.0,3503,760,26689
4,27453,96,0.0,3504,760,26693
19,27472,96,0.0,3505,760,26712
26,27498,96,0.0,3506,760,26738
4,27502,96,0.0,3507,760,26742
5,27507,96,0.0,3508,760,26747
5,27512,96,0.0,3509,760,26752
11,27523,96,0.0,3510,760,26763
5,27528,96,0.0,3511,760,26768
7,27535,96,0.0,3512,760,26775
7,27542,96,0.0,3513,760,26782
3,27545,96,0.0,3514,760,26785
3,27548,96,0.0,3515,760,26788
10,27558,96,0.0,3516,760,26798
21,27579,96,0.0,3517,760,26819
8,27587,96,0.0,3518,760,26827
7,27594,96,0.0,3519,760,26834
3,27597,96,0.0,3520,760,26837
6,27603,96,0.0,3521,760,26843
6,27609,96,0.0,3522,760,26849
2,27611,96,0.0,3523,760,26851
8,27619,96,0.0,3524,760,26859
2,27621,96,0.0,3525,760,26861
10,27631,96,0.0,3526,760,26871
8,27639,96,0.0,3527,760,26879
4,27643,96,0.0,3528,760,26883
11,27654,96,0.0,3529,760,26894
9,27663,96,0.0,3530,760,26903
2,27665,96,0.0,3531,760,26905
8,27673,96,0.0,3532,760,26913
6,27679,96,0.0,3533,760,26919
9,27688,96,0.0,3534,760,26928
13,27701,96,0.0,3535,760,26941
30,27731,96,0.0,3536,760,26971
3,27734,96,0.0,3537,760,26974
18,27752,96,0.0,3538,760,26992
6,27758,96,0.0,3539,760,26998
2,27760,96,0.0,3540,760,27000
18,27778,96,0.0,3541,760,27018
2,27780,96,0.0,3542,760,27020
8,27788,96,0.0,3543,760,27028
24,27812,96,0.0,3544,760,27052
14,27826,96,0.0,3545,760,27066
24,27850,96,0.0,3546,760,27090
8,27858,96,0.0,3547,760,27098
5,27863,96,0.0,3548,760,27103
6,27869,96,0.0,3549,760,27109
5,27874,96,0.0,3550,760,27114
11,27885,96,0.0,3551,760,27125
11,27896,96,0.0,3552,760,27136
14,27910,96,0.0,3553,760,27150
16,27926,96,0.0,3554,760,27166
6,27932,96,0.0,3555,760,27172
7,27939,96,0.0,3556,760,27179
5,27944,96,0.0,3557,760,27184
4,27948,96,0.0,3558,760,27188
2,27950,96,0.0,3559,760,27190
19,27969,96,0.0,3560,760,27209
11,27980,96,0.0,3561,760,27220
5,27985,96,0.0,3562,760,27225
2,27987,96,0.0,3563,760,27227
24,28011,97,1.0,3564,760,27251
6,28017,97,0.0,3565,760,27257
8,28025,97,0.0,3566,760,27265
5,28030,97,0.0,3567,760,27270
24,28054,98,1.0,3568,760,27294
5,28059,98,0.0,3569,760,27299
15,28074,98,0.0,3570,760,27314
14,28088,98,0.0,3571,760,27328
8,28096,98,0.0,3572,760,27336
2,28098,98,0.0,3573,760,27338
3,28101,98,0.0,3574,760,27341
11,28112,98,0.0,3575,760,27352
22,28134,98,0.0,3576,760,27374
5,28139,98,0.0,3577,760,27379
16,28155,98,0.0,3578,760,27395
2,28157,98,0.0,3579,760,27397
4,28161,98,0.0,3580,760,27401
9,28170,98,0.0,3581,760,27410
3,28173,98,0.0,3582,760,27413
3,28176,98,0.0,3583,760,27416
24,28200,98,0.0,3584,760,27440
2,28202,98,0.0,3585,760,27442
8,28210,98,0.0,3586,760,27450
16,28226,98,0.0,3587,760,27466
19,28245,98,0.0,3588,760,27485
4,28249,98,0.0,3589,760,27489
7,28256,98,0.0,3590,760,27496
8,28264,98,0.0,3591,760,27504
8,28272,98,0.0,3592,760,27512
2,28274,98,0.0,3593,760,27514
8,28282,98,0.0,3594,760,27522
6,28288,98,0.0,3595,760,27528
24,28312,98,0.0,3596,760,27552
6,28318,98,0.0,3597,760,27558
6,28324,98,0.0,3598,760,27564
8,28332,98,0.0,3599,760,27572
4,28336,98,0.0,3600,760,27576
7,28343,98,0.0,3601,760,27583
2,28345,98,0.0,3602,760,27585
5,28350,98,0.0,3603,760,27590
6,28356,98,0.0,3604,760,27596
5,28361,98,0.0,3605,760,27601
24,28385,98,0.0,3606,760,27625
3,28388,98,0.0,3607,760,27628
9,28397,98,0.0,3608,760,27637
5,28402,98,0.0,3609,760,27642
5,28407,98,0.0,3610,760,27647
2,28409,98,0.0,3611,760,27649
5,28414,98,0.0,3612,760,27654
6,28420,98,0.0,3613,760,27660
28,28448,98,0.0,3614,760,27688
3,28451,98,0.0,3615,760,27691
5,28456,98,0.0,3616,760,27696
2,28458,98,0.0,3617,760,27698
7,28465,98,0.0,3618,760,27705
5,28470,98,0.0,3619,760,27710
3,28473,98,0.0,3620,760,27713
7,28480,98,0.0,3621,760,27720
5,28485,98,0.0,3622,760,27725
11,28496,99,1.0,3623,760,27736
4,28500,99,0.0,3624,760,27740
2,28502,99,0.0,3625,760,27742
3,28505,99,0.0,3626,760,27745
11,28516,99,0.0,3627,760,27756
5,28521,99,0.0,3628,760,27761
4,28525,99,0.0,3629,760,27765
6,28531,99,0.0,3630,760,27771
18,28549,99,0.0,3631,760,27789
3,28552,99,0.0,3632,760,27792
9,28561,99,0.0,3633,760,27801
2,28563,99,0.0,3634,760,27803
15,28578,99,0.0,3635,760,27818
4,28582,99,0.0,3636,760,27822
8,28590,99,0.0,3637,760,27830
18,28608,99,0.0,3638,760,27848
13,28621,99,0.0,3639,760,27861
6,28627,99,0.0,3640,760,27867
6,28633,99,0.0,3641,760,27873
6,28639,99,0.0,3642,760,27879
6,28645,99,0.0,3643,760,27885
5,28650,99,0.0,3644,760,27890
6,28656,99,0.0,3645,760,27896
5,28661,99,0.0,3646,760,27901
11,28672,99,0.0,3647,760,27912
5,28677,99,0.0,3648,760,27917
7,28684,99,0.0,3649,760,27924
15,28699,99,0.0,3650,760,27939
8,28707,99,0.0,3651,760,27947
5,28712,99,0.0,3652,760,27952
3,28715,99,0.0,3653,760,27955
11,28726,99,0.0,3654,760,27966
3,28729,99,0.0,3655,760,27969
3,28732,99,0.0,3656,760,27972
15,28747,99,0.0,3657,760,27987
21,28768,99,0.0,3658,760,28008
20,28788,99,0.0,3659,760,28028
21,28809,99,0.0,3660,760,28049
2,28811,99,0.0,3661,760,28051
5,28816,99,0.0,3662,760,28056
24,28840,99,0.0,3663,760,28080
3,28843,99,0.0,3664,760,28083
3,28846,99,0.0,3665,760,28086
15,28861,99,0.0,3666,760,28101
8,28869,99,0.0,3667,760,28109
3,28872,99,0.0,3668,760,28112
3,28875,99,0.0,3669,760,28115
8,28883,99,0.0,3670,760,28123
6,28889,99,0.0,3671,760,28129
2,28891,99,0.0,3672,760,28131
4,28895,99,0.0,3673,760,28135
2,28897,99,0.0,3674,760,28137
9,28906,99,0.0,3675,760,28146
4,28910,99,0.0,3676,760,28150
9,28919,99,0.0,3677,760,28159
9,28928,99,0.0,3678,760,28168
5,28933,99,0.0,3679,760,28173
7,28940,99,0.0,3680,760,28180
11,28951,99,0.0,3681,760,28191
11,28962,99,0.0,3682,760,28202
2,28964,99,0.0,3683,760,28204
4,28968,99,0.0,3684,760,28208
5,28973,99,0.0,3685,760,28213
3,28976,99,0.0,3686,760,28216
11,28987,99,0.0,3687,760,28227
3,28990,99,0.0,3688,760,28230
11,29001,99,0.0,3689,760,28241
8,29009,99,0.0,3690,760,28249
3,29012,99,0.0,3691,760,28252
9,29021,99,0.0,3692,760,28261
7,29028,99,0.0,3693,760,28268
4,29032,99,0.0,3694,760,28272
6,29038,99,0.0,3695,760,28278
7,29045,99,0.0,3696,760,28285
6,29051,99,0.0,3697,760,28291
5,29056,99,0.0,3698,760,28296
5,29061,99,0.0,3699,760,28301
11,29072,99,0.0,3700,760,28312
3,29075,99,0.0,3701,760,28315
8,29083,99,0.0,3702,760,28323
6,29089,99,0.0,3703,760,28329
49,29138,99,0.0,3704,760,28378
13,29151,99,0.0,3705,760,28391
16,29167,99,0.0,3706,760,28407
4,29171,99,0.0,3707,760,28411
5,29176,99,0.0,3708,760,28416
6,29182,99,0.0,3709,760,28422
16,29198,99,0.0,3710,760,28438
6,29204,99,0.0,3711,760,28444
9,29213,99,0.0,3712,760,28453
15,29228,99,0.0,3713,760,28468
8,29236,99,0.0,3714,760,28476
2,29238,99,0.0,3715,760,28478
15,29253,99,0.0,3716,760,28493
8,29261,99,0.0,3717,760,28501
10,29271,99,0.0,3718,760,28511
6,29277,99,0.0,3719,760,28517
24,29301,99,0.0,3720,760,28541
7,29308,99,0.0,3721,760,28548
11,29319,99,0.0,3722,760,28559
4,29323,99,0.0,3723,760,28563
4,29327,99,0.0,3724,760,28567
3,29330,99,0.0,3725,760,28570
5,29335,99,0.0,3726,760,28575
8,29343,99,0.0,3727,760,28583
5,29348,99,0.0,3728,760,28588
15,29363,99,0.0,3729,760,28603
3,29366,99,0.0,3730,760,28606
7,29373,99,0.0,3731,760,28613
3,29376,99,0.0,3732,760,28616
3,29379,99,0.0,3733,760,28619
3,29382,99,0.0,3734,760,28622
6,29388,99,0.0,3735,760,28628
10,29398,99,0.0,3736,760,28638
7,29405,99,0.0,3737,760,28645
4,29409,99,0.0,3738,760,28649
2,29411,99,0.0,3739,760,28651
8,29419,99,0.0,3740,760,28659
12,29431,99,0.0,3741,760,28671
13,29444,99,0.0,3742,760,28684
5,29449,99,0.0,3743,760,28689
6,29455,99,0.0,3744,760,28695
5,29460,99,0.0,3745,760,28700
2,29462,99,0.0,3746,760,28702
2,29464,99,0.0,3747,760,28704
3,29467,99,0.0,3748,760,28707
10,29477,99,0.0,3749,760,28717
19,29496,99,0.0,3750,760,28736
2,29498,99,0.0,3751,760,28738
20,29518,99,0.0,3752,760,28758
2,29520,99,0.0,3753,760,28760
19,29539,99,0.0,3754,760,28779
4,29543,99,0.0,3755,760,28783
11,29554,99,0.0,3756,760,28794
11,29565,100,1.0,3757,760,28805
4,29569,100,0.0,3758,760,28809
8,29577,100,0.0,3759,760,28817
2,29579,100,0.0,3760,760,28819
6,29585,100,0.0,3761,760,28825
8,29593,100,0.0,3762,760,28833
20,29613,100,0.0,3763,760,28853
3,29616,100,0.0,3764,760,28856
4,29620,100,0.0,3765,760,28860
11,29631,101,1.0,3766,760,28871
19,29650,101,0.0,3767,760,28890
5,29655,101,0.0,3768,760,28895
6,29661,101,0.0,3769,760,28901
15,29676,101,0.0,3770,760,28916
6,29682,101,0.0,3771,760,28922
15,29697,101,0.0,3772,760,28937
13,29710,101,0.0,3773,760,28950
14,29724,101,0.0,3774,760,28964
7,29731,101,0.0,3775,760,28971
2,29733,101,0.0,3776,760,28973
5,29738,101,0.0,3777,760,28978
5,29743,101,0.0,3778,760,28983
8,29751,101,0.0,3779,760,28991
7,29758,101,0.0,3780,760,28998
4,29762,101,0.0,3781,760,29002
15,29777,101,0.0,3782,760,29017
15,29792,101,0.0,3783,760,29032
9,29801,101,0.0,3784,760,29041
8,29809,101,0.0,3785,760,29049
20,29829,101,0.0,3786,760,29069
11,29840,102,1.0,3787,760,29080
2,29842,102,0.0,3788,760,29082
28,29870,102,0.0,3789,760,29110
5,29875,102,0.0,3790,760,29115
20,29895,102,0.0,3791,760,29135
7,29902,102,0.0,3792,760,29142
9,29911,102,0.0,3793,760,29151
4,29915,102,0.0,3794,760,29155
2,29917,102,0.0,3795,760,29157
3,29920,102,0.0,3796,760,29160
11,29931,102,0.0,3797,760,29171
10,29941,102,0.0,3798,760,29181
4,29945,102,0.0,3799,760,29185
2,29947,102,0.0,3800,760,29187
7,29954,102,0.0,3801,760,29194
16,29970,102,0.0,3802,760,29210
9,29979,102,0.0,3803,760,29219
2,29981,102,0.0,3804,760,29221
11,29992,102,0.0,3805,760,29232
11,30003,102,0.0,3806,760,29243
15,30018,102,0.0,3807,760,29258
3,30021,102,0.0,3808,760,29261
2,30023,102,0.0,3809,760,29263
24,30047,102,0.0,3810,760,29287
8,30055,102,0.0,3811,760,29295
5,30060,102,0.0,3812,760,29300
3,30063,102,0.0,3813,760,29303
3,30066,102,0.0,3814,760,29306
9,30075,102,0.0,3815,760,29315
5,30080,102,0.0,3816,760,29320
4,30084,102,0.0,3817,760,29324
5,30089,102,0.0,3818,760,29329
5,30094,102,0.0,3819,760,29334
5,30099,102,0.0,3820,760,29339
5,30104,102,0.0,3821,760,29344
2,30106,102,0.0,3822,760,29346
8,30114,102,0.0,3823,760,29354
3,30117,102,0.0,3824,760,29357
7,30124,102,0.0,3825,760,29364
2,30126,102,0.0,3826,760,29366
17,30143,102,0.0,3827,760,29383
11,30154,103,1.0,3828,760,29394
3,30157,103,0.0,3829,760,29397
6,30163,103,0.0,3830,760,29403
9,30172,103,0.0,3831,760,29412
2,30174,103,0.0,3832,760,29414
10,30184,103,0.0,3833,760,29424
5,30189,103,0.0,3834,760,29429
5,30194,103,0.0,3835,760,29434
11,30205,103,0.0,3836,760,29445
2,30207,103,0.0,3837,760,29447
13,30220,103,0.0,3838,760,29460
13,30233,103,0.0,3839,760,29473
7,30240,103,0.0,3840,760,29480
7,30247,103,0.0,3841,760,29487
8,30255,103,0.0,3842,760,29495
2,30257,103,0.0,3843,760,29497
2,30259,103,0.0,3844,760,29499
6,30265,103,0.0,3845,760,29505
7,30272,103,0.0,3846,760,29512
2,30274,103,0.0,3847,760,29514
8,30282,103,0.0,3848,760,29522
6,30288,103,0.0,3849,760,29528
5,30293,103,0.0,3850,760,29533
5,30298,103,0.0,3851,760,29538
2,30300,103,0.0,3852,760,29540
21,30321,103,0.0,3853,760,29561
5,30326,103,0.0,3854,760,29566
2,30328,103,0.0,3855,760,29568
8,30336,103,0.0,3856,760,29576
4,30340,103,0.0,3857,760,29580
3,30343,103,0.0,3858,760,29583
5,30348,103,0.0,3859,760,29588
3,30351,103,0.0,3860,760,29591
15,30366,103,0.0,3861,760,29606
5,30371,103,0.0,3862,760,29611
13,30384,103,0.0,3863,760,29624
5,30389,103,0.0,3864,760,29629
3,30392,103,0.0,3865,760,29632
5,30397,103,0.0,3866,760,29637
6,30403,103,0.0,3867,760,29643
19,30422,103,0.0,3868,760,29662
5,30427,103,0.0,3869,760,29667
5,30432,103,0.0,3870,760,29672
12,30444,103,0.0,3871,760,29684
25,30469,103,0.0,3872,760,29709
15,30484,103,0.0,3873,760,29724
7,30491,103,0.0,3874,760,29731
3,30494,103,0.0,3875,760,29734
3,30497,103,0.0,3876,760,29737
7,30504,103,0.0,3877,760,29744
13,30517,103,0.0,3878,760,29757
4,30521,103,0.0,3879,760,29761
15,30536,103,0.0,3880,760,29776
5,30541,103,0.0,3881,760,29781
8,30549,103,0.0,3882,760,29789
7,30556,103,0.0,3883,760,29796
11,30567,104,1.0,3884,760,29807
23,30590,104,0.0,3885,760,29830
2,30592,104,0.0,3886,760,29832
2,30594,104,0.0,3887,760,29834
16,30610,104,0.0,3888,760,29850
18,30628,104,0.0,3889,760,29868
7,30635,104,0.0,3890,760,29875
6,30641,104,0.0,3891,760,29881
5,30646,104,0.0,3892,760,29886
11,30657,104,0.0,3893,760,29897
2,30659,104,0.0,3894,760,29899
15,30674,104,0.0,3895,760,29914
4,30678,104,0.0,3896,760,29918
5,30683,104,0.0,3897,760,29923
5,30688,104,0.0,3898,760,29928
24,30712,105,1.0,3899,760,29952
2,30714,105,0.0,3900,760,29954
3,30717,105,0.0,3901,760,29957
7,30724,105,0.0,3902,760,29964
3,30727,105,0.0,3903,760,29967
5,30732,105,0.0,3904,760,29972
11,30743,105,0.0,3905,760,29983
5,30748,105,0.0,3906,760,29988
8,30756,105,0.0,3907,760,29996
5,30761,105,0.0,3908,760,30001
3,30764,105,0.0,3909,760,30004
5,30769,105,0.0,3910,760,30009
15,30784,105,0.0,3911,760,30024
3,30787,105,0.0,3912,760,30027
2,30789,105,0.0,3913,760,30029
2,30791,105,0.0,3914,760,30031
10,30801,105,0.0,3915,760,30041
7,30808,105,0.0,3916,760,30048
3,30811,105,0.0,3917,760,30051
25,30836,105,0.0,3918,760,30076
4,30840,105,0.0,3919,760,30080
7,30847,105,0.0,3920,760,30087
6,30853,106,1.0,3921,760,30093
2,30855,106,0.0,3922,760,30095
6,30861,106,0.0,3923,760,30101
3,30864,106,0.0,3924,760,30104
5,30869,106,0.0,3925,760,30109
7,30876,106,0.0,3926,760,30116
9,30885,106,0.0,3927,760,30125
3,30888,106,0.0,3928,760,30128
6,30894,106,0.0,3929,760,30134
3,30897,106,0.0,3930,760,30137
2,30899,106,0.0,3931,760,30139
5,30904,106,0.0,3932,760,30144
4,30908,106,0.0,3933,760,30148
13,30921,106,0.0,3934,760,30161
11,30932,106,0.0,3935,760,30172
5,30937,106,0.0,3936,760,30177
3,30940,106,0.0,3937,760,30180
16,30956,106,0.0,3938,760,30196
7,30963,106,0.0,3939,760,30203
5,30968,106,0.0,3940,760,30208
18,30986,106,0.0,3941,760,30226
9,30995,106,0.0,3942,760,30235
10,31005,106,0.0,3943,760,30245
3,31008,106,0.0,3944,760,30248
3,31011,106,0.0,3945,760,30251
7,31018,106,0.0,3946,760,30258
10,31028,106,0.0,3947,760,30268
6,31034,106,0.0,3948,760,30274
3,31037,106,0.0,3949,760,30277
8,31045,106,0.0,3950,760,30285
11,31056,106,0.0,3951,760,30296
3,31059,106,0.0,3952,760,30299
3,31062,106,0.0,3953,760,30302
9,31071,106,0.0,3954,760,30311
2,31073,106,0.0,3955,760,30313
14,31087,106,0.0,3956,760,30327
17,31104,106,0.0,3957,760,30344
6,31110,106,0.0,3958,760,30350
13,31123,106,0.0,3959,760,30363
24,31147,106,0.0,3960,760,30387
5,31152,106,0.0,3961,760,30392
11,31163,106,0.0,3962,760,30403
5,31168,106,0.0,3963,760,30408
2,31170,106,0.0,3964,760,30410
11,31181,106,0.0,3965,760,30421
18,31199,106,0.0,3966,760,30439
25,31224,106,0.0,3967,760,30464
3,31227,106,0.0,3968,760,30467
4,31231,106,0.0,3969,760,30471
6,31237,106,0.0,3970,760,30477
14,31251,106,0.0,3971,760,30491
7,31258,106,0.0,3972,760,30498
4,31262,106,0.0,3973,760,30502
3,31265,106,0.0,3974,760,30505
18,31283,106,0.0,3975,760,30523
5,31288,106,0.0,3976,760,30528
5,31293,106,0.0,3977,760,30533
22,31315,106,0.0,3978,760,30555
25,31340,106,0.0,3979,760,30580
3,31343,106,0.0,3980,760,30583
11,31354,106,0.0,3981,760,30594
24,31378,106,0.0,3982,760,30618
18,31396,106,0.0,3983,760,30636
2,31398,106,0.0,3984,760,30638
11,31409,106,0.0,3985,760,30649
9,31418,106,0.0,3986,760,30658
5,31423,106,0.0,3987,760,30663
2,31425,106,0.0,3988,760,30665
3,31428,106,0.0,3989,760,30668
5,31433,106,0.0,3990,760,30673
4,31437,106,0.0,3991,760,30677
23,31460,106,0.0,3992,760,30700
13,31473,106,0.0,3993,760,30713
10,31483,106,0.0,3994,760,30723
4,31487,106,0.0,3995,760,30727
5,31492,106,0.0,3996,760,30732
11,31503,106,0.0,3997,760,30743
3,31506,106,0.0,3998,760,30746
12,31518,106,0.0,3999,760,30758
5,31523,106,0.0,4000,760,30763
4,31527,106,0.0,4001,760,30767
21,31548,106,0.0,4002,760,30788
34,31582,106,0.0,4003,760,30822
5,31587,106,0.0,4004,760,30827
3,31590,106,0.0,4005,760,30830
5,31595,106,0.0,4006,760,30835
5,31600,106,0.0,4007,760,30840
13,31613,106,0.0,4008,760,30853
5,31618,106,0.0,4009,760,30858
10,31628,106,0.0,4010,760,30868
7,31635,106,0.0,4011,760,30875
13,31648,106,0.0,4012,760,30888
7,31655,106,0.0,4013,760,30895
6,31661,106,0.0,4014,760,30901
5,31666,106,0.0,4015,760,30906
25,31691,106,0.0,4016,760,30931
3,31694,106,0.0,4017,760,30934
15,31709,106,0.0,4018,760,30949
5,31714,106,0.0,4019,760,30954
5,31719,106,0.0,4020,760,30959
5,31724,106,0.0,4021,760,30964
18,31742,106,0.0,4022,760,30982
3,31745,106,0.0,4023,760,30985
3,31748,106,0.0,4024,760,30988
17,31765,106,0.0,4025,760,31005
5,31770,106,0.0,4026,760,31010
17,31787,106,0.0,4027,760,31027
5,31792,106,0.0,4028,760,31032
8,31800,106,0.0,4029,760,31040
2,31802,106,0.0,4030,760,31042
17,31819,106,0.0,4031,760,31059
5,31824,106,0.0,4032,760,31064
2,31826,106,0.0,4033,760,31066
16,31842,106,0.0,4034,760,31082
5,31847,106,0.0,4035,760,31087
5,31852,106,0.0,4036,760,31092
5,31857,106,0.0,4037,760,31097
8,31865,106,0.0,4038,760,31105
8,31873,106,0.0,4039,760,31113
17,31890,106,0.0,4040,760,31130
13,31903,106,0.0,4041,760,31143
2,31905,106,0.0,4042,760,31145
3,31908,106,0.0,4043,760,31148
5,31913,106,0.0,4044,760,31153
17,31930,106,0.0,4045,760,31170
3,31933,106,0.0,4046,760,31173
5,31938,106,0.0,4047,760,31178
5,31943,106,0.0,4048,760,31183
7,31950,106,0.0,4049,760,31190
3,31953,106,0.0,4050,760,31193
21,31974,106,0.0,4051,760,31214
3,31977,106,0.0,4052,760,31217
2,31979,106,0.0,4053,760,31219
5,31984,106,0.0,4054,760,31224
5,31989,106,0.0,4055,760,31229
2,31991,106,0.0,4056,760,31231
11,32002,106,0.0,4057,760,31242
12,32014,106,0.0,4058,760,31254
10,32024,106,0.0,4059,760,31264
4,32028,106,0.0,4060,760,31268
13,32041,106,0.0,4061,760,31281
4,32045,106,0.0,4062,760,31285
4,32049,106,0.0,4063,760,31289
3,32052,106,0.0,4064,760,31292
6,32058,106,0.0,4065,760,31298
3,32061,106,0.0,4066,760,31301
6,32067,106,0.0,4067,760,31307
6,32073,106,0.0,4068,760,31313
13,32086,106,0.0,4069,760,31326
6,32092,106,0.0,4070,760,31332
4,32096,106,0.0,4071,760,31336
15,32111,106,0.0,4072,760,31351
5,32116,106,0.0,4073,760,31356
5,32121,106,0.0,4074,760,31361
7,32128,106,0.0,4075,760,31368
3,32131,106,0.0,4076,760,31371
9,32140,106,0.0,4077,760,31380
11,32151,107,1.0,4078,760,31391
5,32156,107,0.0,4079,760,31396
6,32162,107,0.0,4080,760,31402
11,32173,107,0.0,4081,760,31413
6,32179,108,1.0,4082,760,31419
14,32193,108,0.0,4083,760,31433
8,32201,108,0.0,4084,760,31441
6,32207,108,0.0,4085,760,31447
13,32220,108,0.0,4086,760,31460
4,32224,108,0.0,4087,760,31464
5,32229,108,0.0,4088,760,31469
3,32232,108,0.0,4089,760,31472
7,32239,108,0.0,4090,760,31479
19,32258,108,0.0,4091,760,31498
8,32266,108,0.0,4092,760,31506
2,32268,108,0.0,4093,760,31508
4,32272,108,0.0,4094,760,31512
4,32276,108,0.0,4095,760,31516
13,32289,108,0.0,4096,760,31529
2,32291,108,0.0,4097,760,31531
7,32298,108,0.0,4098,760,31538
6,32304,108,0.0,4099,760,31544
5,32309,108,0.0,4100,760,31549
12,32321,108,0.0,4101,760,31561
2,32323,108,0.0,4102,760,31563
10,32333,108,0.0,4103,760,31573
2,32335,108,0.0,4104,760,31575
19,32354,108,0.0,4105,760,31594
12,32366,108,0.0,4106,760,31606
11,32377,108,0.0,4107,760,31617
6,32383,108,0.0,4108,760,31623
5,32388,108,0.0,4109,760,31628
8,32396,108,0.0,4110,760,31636
3,32399,108,0.0,4111,760,31639
7,32406,108,0.0,4112,760,31646
9,32415,108,0.0,4113,760,31655
11,32426,108,0.0,4114,760,31666
5,32431,108,0.0,4115,760,31671
6,32437,108,0.0,4116,760,31677
8,32445,108,0.0,4117,760,31685
5,32450,108,0.0,4118,760,31690
12,32462,108,0.0,4119,760,31702
11,32473,108,0.0,4120,760,31713
15,32488,108,0.0,4121,760,31728
4,32492,108,0.0,4122,760,31732
8,32500,108,0.0,4123,760,31740
3,32503,108,0.0,4124,760,31743
14,32517,108,0.0,4125,760,31757
7,32524,108,0.0,4126,760,31764
3,32527,108,0.0,4127,760,31767
5,32532,108,0.0,4128,760,31772
11,32543,108,0.0,4129,760,31783
13,32556,108,0.0,4130,760,31796
11,32567,108,0.0,4131,760,31807
4,32571,108,0.0,4132,760,31811
7,32578,108,0.0,4133,760,31818
4,32582,108,0.0,4134,760,31822
5,32587,108,0.0,4135,760,31827
11,32598,108,0.0,4136,760,31838
2,32600,108,0.0,4137,760,31840
19,32619,108,0.0,4138,760,31859
2,32621,108,0.0,4139,760,31861
2,32623,108,0.0,4140,760,31863
2,32625,108,0.0,4141,760,31865
2,32627,108,0.0,4142,760,31867
2,32629,108,0.0,4143,760,31869
5,32634,108,0.0,4144,760,31874
5,32639,108,0.0,4145,760,31879
24,32663,108,0.0,4146,760,31903
3,32666,108,0.0,4147,760,31906
7,32673,108,0.0,4148,760,31913
21,32694,108,0.0,4149,760,31934
8,32702,108,0.0,4150,760,31942
3,32705,108,0.0,4151,760,31945
7,32712,108,0.0,4152,760,31952
18,32730,108,0.0,4153,760,31970
4,32734,108,0.0,4154,760,31974
3,32737,108,0.0,4155,760,31977
21,32758,108,0.0,4156,760,31998
6,32764,108,0.0,4157,760,32004
3,32767,108,0.0,4158,760,32007
5,32772,108,0.0,4159,760,32012
9,32781,108,0.0,4160,760,32021
7,32788,108,0.0,4161,760,32028
5,32793,108,0.0,4162,760,32033
29,32822,108,0.0,4163,760,32062
2,32824,108,0.0,4164,760,32064
12,32836,108,0.0,4165,760,32076
3,32839,108,0.0,4166,760,32079
5,32844,108,0.0,4167,760,32084
5,32849,108,0.0,4168,760,32089
12,32861,108,0.0,4169,760,32101
2,32863,108,0.0,4170,760,32103
19,32882,108,0.0,4171,760,32122
9,32891,108,0.0,4172,760,32131
4,32895,108,0.0,4173,760,32135
12,32907,108,0.0,4174,760,32147
15,32922,108,0.0,4175,760,32162
5,32927,108,0.0,4176,760,32167
4,32931,108,0.0,4177,760,32171
19,32950,109,1.0,4178,760,32190
23,32973,109,0.0,4179,760,32213
19,32992,109,0.0,4180,760,32232
3,32995,109,0.0,4181,760,32235
5,33000,109,0.0,4182,760,32240
2,33002,109,0.0,4183,760,32242
5,33007,109,0.0,4184,760,32247
21,33028,109,0.0,4185,760,32268
6,33034,109,0.0,4186,760,32274
8,33042,109,0.0,4187,760,32282
7,33049,109,0.0,4188,760,32289
12,33061,109,0.0,4189,760,32301
4,33065,109,0.0,4190,760,32305
2,33067,109,0.0,4191,760,32307
2,33069,109,0.0,4192,760,32309
12,33081,109,0.0,4193,760,32321
8,33089,109,0.0,4194,760,32329
6,33095,109,0.0,4195,760,32335
2,33097,109,0.0,4196,760,32337
9,33106,109,0.0,4197,760,32346
10,33116,109,0.0,4198,760,32356
3,33119,109,0.0,4199,760,32359
2,33121,109,0.0,4200,760,32361
8,33129,109,0.0,4201,760,32369
5,33134,109,0.0,4202,760,32374
6,33140,109,0.0,4203,760,32380
7,33147,109,0.0,4204,760,32387
14,33161,109,0.0,4205,760,32401
9,33170,109,0.0,4206,760,32410
24,33194,110,1.0,4207,760,32434
5,33199,110,0.0,4208,760,32439
18,33217,110,0.0,4209,760,32457
6,33223,110,0.0,4210,760,32463
9,33232,110,0.0,4211,760,32472
2,33234,110,0.0,4212,760,32474
4,33238,110,0.0,4213,760,32478
3,33241,110,0.0,4214,760,32481
2,33243,110,0.0,4215,760,32483
6,33249,110,0.0,4216,760,32489
2,33251,110,0.0,4217,760,32491
6,33257,111,1.0,4218,760,32497
5,33262,111,0.0,4219,760,32502
5,33267,111,0.0,4220,760,32507
5,33272,111,0.0,4221,760,32512
3,33275,111,0.0,4222,760,32515
19,33294,111,0.0,4223,760,32534
7,33301,111,0.0,4224,760,32541
4,33305,111,0.0,4225,760,32545
7,33312,111,0.0,4226,760,32552
2,33314,111,0.0,4227,760,32554
11,33325,111,0.0,4228,760,32565
9,33334,111,0.0,4229,760,32574
5,33339,111,0.0,4230,760,32579
6,33345,111,0.0,4231,760,32585
5,33350,111,0.0,4232,760,32590
2,33352,111,0.0,4233,760,32592
20,33372,111,0.0,4234,760,32612
5,33377,111,0.0,4235,760,32617
8,33385,111,0.0,4236,760,32625
5,33390,111,0.0,4237,760,32630
2,33392,111,0.0,4238,760,32632
3,33395,111,0.0,4239,760,32635
3,33398,111,0.0,4240,760,32638
7,33405,111,0.0,4241,760,32645
5,33410,111,0.0,4242,760,32650
19,33429,111,0.0,4243,760,32669
2,33431,111,0.0,4244,760,32671
20,33451,111,0.0,4245,760,32691
5,33456,111,0.0,4246,760,32696
5,33461,111,0.0,4247,760,32701
7,33468,111,0.0,4248,760,32708
5,33473,111,0.0,4249,760,32713
7,33480,111,0.0,4250,760,32720
3,33483,111,0.0,4251,760,32723
4,33487,111,0.0,4252,760,32727
3,33490,111,0.0,4253,760,32730
5,33495,111,0.0,4254,760,32735
2,33497,111,0.0,4255,760,32737
16,33513,111,0.0,4256,760,32753
3,33516,111,0.0,4257,760,32756
3,33519,111,0.0,4258,760,32759
11,33530,111,0.0,4259,760,32770
2,33532,111,0.0,4260,760,32772
8,33540,111,0.0,4261,760,32780
11,33551,112,1.0,4262,760,32791
18,33569,112,0.0,4263,760,32809
5,33574,112,0.0,4264,760,32814
14,33588,112,0.0,4265,760,32828
5,33593,112,0.0,4266,760,32833
9,33602,112,0.0,4267,760,32842
6,33608,112,0.0,4268,760,32848
7,33615,112,0.0,4269,760,32855
17,33632,112,0.0,4270,760,32872
5,33637,112,0.0,4271,760,32877
14,33651,112,0.0,4272,760,32891
3,33654,112,0.0,4273,760,32894
2,33656,112,0.0,4274,760,32896
9,33665,112,0.0,4275,760,32905
18,33683,112,0.0,4276,760,32923
6,33689,113,1.0,4277,760,32929
3,33692,113,0.0,4278,760,32932
4,33696,113,0.0,4279,760,32936
8,33704,113,0.0,4280,760,32944
4,33708,113,0.0,4281,760,32948
3,33711,113,0.0,4282,760,32951
24,33735,113,0.0,4283,760,32975
14,33749,113,0.0,4284,760,32989
4,33753,113,0.0,4285,760,32993
22,33775,113,0.0,4286,760,33015
7,33782,113,0.0,4287,760,33022
2,33784,113,0.0,4288,760,33024
3,33787,113,0.0,4289,760,33027
3,33790,113,0.0,4290,760,33030
7,33797,113,0.0,4291,760,33037
5,33802,113,0.0,4292,760,33042
32,33834,113,0.0,4293,760,33074
17,33851,113,0.0,4294,760,33091
7,33858,113,0.0,4295,760,33098
5,33863,113,0.0,4296,760,33103
2,33865,113,0.0,4297,760,33105
7,33872,113,0.0,4298,760,33112
3,33875,113,0.0,4299,760,33115
6,33881,113,0.0,4300,760,33121
4,33885,113,0.0,4301,760,33125
22,33907,113,0.0,4302,760,33147
8,33915,113,0.0,4303,760,33155
9,33924,113,0.0,4304,760,33164
11,33935,114,1.0,4305,760,33175
13,33948,114,0.0,4306,760,33188
4,33952,114,0.0,4307,760,33192
2,33954,114,0.0,4308,760,33194
2,33956,114,0.0,4309,760,33196
4,33960,114,0.0,4310,760,33200
4,33964,114,0.0,4311,760,33204
8,33972,114,0.0,4312,760,33212
2,33974,114,0.0,4313,760,33214
2,33976,114,0.0,4314,760,33216
5,33981,114,0.0,4315,760,33221
7,33988,114,0.0,4316,760,33228
13,34001,114,0.0,4317,760,33241
4,34005,114,0.0,4318,760,33245
6,34011,114,0.0,4319,760,33251
3,34014,114,0.0,4320,760,33254
24,34038,114,0.0,4321,760,33278
5,34043,114,0.0,4322,760,33283
5,34048,114,0.0,4323,760,33288
4,34052,114,0.0,4324,760,33292
3,34055,114,0.0,4325,760,33295
8,34063,114,0.0,4326,760,33303
7,34070,114,0.0,4327,760,33310
10,34080,114,0.0,4328,760,33320
3,34083,114,0.0,4329,760,33323
6,34089,114,0.0,4330,760,33329
6,34095,114,0.0,4331,760,33335
9,34104,114,0.0,4332,760,33344
2,34106,114,0.0,4333,760,33346
5,34111,114,0.0,4334,760,33351
6,34117,114,0.0,4335,760,33357
8,34125,114,0.0,4336,760,33365
8,34133,114,0.0,4337,760,33373
8,34141,114,0.0,4338,760,33381
5,34146,114,0.0,4339,760,33386
2,34148,114,0.0,4340,760,33388
4,34152,114,0.0,4341,760,33392
7,34159,114,0.0,4342,760,33399
11,34170,115,1.0,4343,760,33410
7,34177,115,0.0,4344,760,33417
2,34179,115,0.0,4345,760,33419
3,34182,115,0.0,4346,760,33422
6,34188,115,0.0,4347,760,33428
2,34190,115,0.0,4348,760,33430
10,34200,115,0.0,4349,760,33440
5,34205,115,0.0,4350,760,33445
24,34229,115,0.0,4351,760,33469
2,34231,115,0.0,4352,760,33471
2,34233,115,0.0,4353,760,33473
11,34244,115,0.0,4354,760,33484
4,34248,115,0.0,4355,760,33488
3,34251,115,0.0,4356,760,33491
5,34256,115,0.0,4357,760,33496
11,34267,115,0.0,4358,760,33507
6,34273,116,1.0,4359,760,33513
10,34283,116,0.0,4360,760,33523
7,34290,116,0.0,4361,760,33530
19,34309,116,0.0,4362,760,33549
5,34314,116,0.0,4363,760,33554
2,34316,116,0.0,4364,760,33556
8,34324,116,0.0,4365,760,33564
11,34335,116,0.0,4366,760,33575
2,34337,116,0.0,4367,760,33577
18,34355,116,0.0,4368,760,33595
3,34358,116,0.0,4369,760,33598
2,34360,116,0.0,4370,760,33600
3,34363,116,0.0,4371,760,33603
6,34369,116,0.0,4372,760,33609
7,34376,116,0.0,4373,760,33616
5,34381,116,0.0,4374,760,33621
8,34389,116,0.0,4375,760,33629
5,34394,116,0.0,4376,760,33634
18,34412,116,0.0,4377,760,33652
3,34415,116,0.0,4378,760,33655
2,34417,116,0.0,4379,760,33657
3,34420,116,0.0,4380,760,33660
11,34431,116,0.0,4381,760,33671
11,34442,116,0.0,4382,760,33682
15,34457,116,0.0,4383,760,33697
5,34462,116,0.0,4384,760,33702
13,34475,116,0.0,4385,760,33715
13,34488,116,0.0,4386,760,33728
3,34491,116,0.0,4387,760,33731
5,34496,116,0.0,4388,760,33736
5,34501,116,0.0,4389,760,33741
4,34505,116,0.0,4390,760,33745
11,34516,117,1.0,4391,760,33756
8,34524,117,0.0,4392,760,33764
13,34537,117,0.0,4393,760,33777
4,34541,117,0.0,4394,760,33781
5,34546,117,0.0,4395,760,33786
6,34552,117,0.0,4396,760,33792
5,34557,117,0.0,4397,760,33797
3,34560,117,0.0,4398,760,33800
7,34567,117,0.0,4399,760,33807
5,34572,117,0.0,4400,760,33812
2,34574,117,0.0,4401,760,33814
13,34587,117,0.0,4402,760,33827
2,34589,117,0.0,4403,760,33829
24,34613,117,0.0,4404,760,33853
4,34617,117,0.0,4405,760,33857
5,34622,117,0.0,4406,760,33862
19,34641,117,0.0,4407,760,33881
2,34643,117,0.0,4408,760,33883
5,34648,117,0.0,4409,760,33888
11,34659,117,0.0,4410,760,33899
11,34670,117,0.0,4411,760,33910
3,34673,117,0.0,4412,760,33913
4,34677,117,0.0,4413,760,33917
6,34683,118,1.0,4414,760,33923
2,34685,118,0.0,4415,760,33925
7,34692,118,0.0,4416,760,33932
5,34697,118,0.0,4417,760,33937
2,34699,118,0.0,4418,760,33939
11,34710,118,0.0,4419,760,33950
5,34715,118,0.0,4420,760,33955
6,34721,118,0.0,4421,760,33961
8,34729,118,0.0,4422,760,33969
14,34743,118,0.0,4423,760,33983
5,34748,118,0.0,4424,760,33988
5,34753,118,0.0,4425,760,33993
12,34765,118,0.0,4426,760,34005
4,34769,118,0.0,4427,760,34009
8,34777,118,0.0,4428,760,34017
6,34783,118,0.0,4429,760,34023
5,34788,118,0.0,4430,760,34028
17,34805,118,0.0,4431,760,34045
17,34822,118,0.0,4432,760,34062
3,34825,118,0.0,4433,760,34065
6,34831,119,1.0,4434,760,34071
12,34843,119,0.0,4435,760,34083
6,34849,119,0.0,4436,760,34089
18,34867,119,0.0,4437,760,34107
19,34886,119,0.0,4438,760,34126
23,34909,119,0.0,4439,760,34149
3,34912,119,0.0,4440,760,34152
19,34931,119,0.0,4441,760,34171
11,34942,119,0.0,4442,760,34182
4,34946,119,0.0,4443,760,34186
2,34948,119,0.0,4444,760,34188
9,34957,119,0.0,4445,760,34197
4,34961,119,0.0,4446,760,34201
10,34971,119,0.0,4447,760,34211
6,34977,119,0.0,4448,760,34217
9,34986,119,0.0,4449,760,34226
5,34991,119,0.0,4450,760,34231
7,34998,119,0.0,4451,760,34238
6,35004,119,0.0,4452,760,34244
11,35015,119,0.0,4453,760,34255
9,35024,119,0.0,4454,760,34264
7,35031,119,0.0,4455,760,34271
3,35034,119,0.0,4456,760,34274
5,35039,119,0.0,4457,760,34279
7,35046,119,0.0,4458,760,34286
3,35049,119,0.0,4459,760,34289
12,35061,119,0.0,4460,760,34301
6,35067,119,0.0,4461,760,34307
3,35070,119,0.0,4462,760,34310
4,35074,119,0.0,4463,760,34314
3,35077,119,0.0,4464,760,34317
7,35084,119,0.0,4465,760,34324
18,35102,119,0.0,4466,760,34342
5,35107,119,0.0,4467,760,34347
20,35127,119,0.0,4468,760,34367
6,35133,119,0.0,4469,760,34373
24,35157,119,0.0,4470,760,34397
6,35163,119,0.0,4471,760,34403
13,35176,119,0.0,4472,760,34416
2,35178,119,0.0,4473,760,34418
8,35186,119,0.0,4474,760,34426
19,35205,119,0.0,4475,760,34445
8,35213,119,0.0,4476,760,34453
13,35226,119,0.0,4477,760,34466
7,35233,119,0.0,4478,760,34473
5,35238,119,0.0,4479,760,34478
13,35251,119,0.0,4480,760,34491
6,35257,119,0.0,4481,760,34497
5,35262,119,0.0,4482,760,34502
5,35267,119,0.0,4483,760,34507
2,35269,119,0.0,4484,760,34509
3,35272,119,0.0,4485,760,34512
7,35279,119,0.0,4486,760,34519
8,35287,119,0.0,4487,760,34527
5,35292,119,0.0,4488,760,34532
2,35294,119,0.0,4489,760,34534
8,35302,119,0.0,4490,760,34542
5,35307,119,0.0,4491,760,34547
5,35312,119,0.0,4492,760,34552
2,35314,119,0.0,4493,760,34554
5,35319,119,0.0,4494,760,34559
25,35344,119,0.0,4495,760,34584
19,35363,119,0.0,4496,760,34603
3,35366,119,0.0,4497,760,34606
4,35370,119,0.0,4498,760,34610
19,35389,119,0.0,4499,760,34629
5,35394,119,0.0,4500,760,34634
11,35405,119,0.0,4501,760,34645
9,35414,119,0.0,4502,760,34654
7,35421,119,0.0,4503,760,34661
15,35436,119,0.0,4504,760,34676
7,35443,119,0.0,4505,760,34683
9,35452,119,0.0,4506,760,34692
7,35459,119,0.0,4507,760,34699
12,35471,119,0.0,4508,760,34711
8,35479,119,0.0,4509,760,34719
5,35484,119,0.0,4510,760,34724
11,35495,119,0.0,4511,760,34735
6,35501,119,0.0,4512,760,34741
2,35503,119,0.0,4513,760,34743
4,35507,119,0.0,4514,760,34747
24,35531,119,0.0,4515,760,34771
6,35537,120,1.0,4516,760,34777
17,35554,120,0.0,4517,760,34794
11,35565,120,0.0,4518,760,34805
7,35572,120,0.0,4519,760,34812
17,35589,120,0.0,4520,760,34829
22,35611,120,0.0,4521,760,34851
5,35616,120,0.0,4522,760,34856
3,35619,120,0.0,4523,760,34859
7,35626,120,0.0,4524,760,34866
2,35628,120,0.0,4525,760,34868
5,35633,120,0.0,4526,760,34873
2,35635,120,0.0,4527,760,34875
8,35643,120,0.0,4528,760,34883
8,35651,120,0.0,4529,760,34891
6,35657,120,0.0,4530,760,34897
4,35661,120,0.0,4531,760,34901
6,35667,120,0.0,4532,760,34907
11,35678,120,0.0,4533,760,34918
4,35682,120,0.0,4534,760,34922
5,35687,120,0.0,4535,760,34927
3,35690,120,0.0,4536,760,34930
20,35710,120,0.0,4537,760,34950
5,35715,120,0.0,4538,760,34955
2,35717,120,0.0,4539,760,34957
12,35729,120,0.0,4540,760,34969
11,35740,121,1.0,4541,760,34980
11,35751,121,0.0,4542,760,34991
9,35760,121,0.0,4543,760,35000
7,35767,121,0.0,4544,760,35007
5,35772,121,0.0,4545,760,35012
5,35777,121,0.0,4546,760,35017
6,35783,121,0.0,4547,760,35023
2,35785,121,0.0,4548,760,35025
2,35787,121,0.0,4549,760,35027
2,35789,121,0.0,4550,760,35029
5,35794,121,0.0,4551,760,35034
18,35812,121,0.0,4552,760,35052
6,35818,121,0.0,4553,760,35058
5,35823,121,0.0,4554,760,35063
6,35829,122,1.0,4555,760,35069
2,35831,122,0.0,4556,760,35071
3,35834,122,0.0,4557,760,35074
8,35842,122,0.0,4558,760,35082
18,35860,122,0.0,4559,760,35100
6,35866,122,0.0,4560,760,35106
2,35868,122,0.0,4561,760,35108
4,35872,122,0.0,4562,760,35112
10,35882,122,0.0,4563,760,35122
10,35892,122,0.0,4564,760,35132
3,35895,122,0.0,4565,760,35135
7,35902,122,0.0,4566,760,35142
3,35905,122,0.0,4567,760,35145
5,35910,122,0.0,4568,760,35150
11,35921,122,0.0,4569,760,35161
8,35929,122,0.0,4570,760,35169
11,35940,122,0.0,4571,760,35180
24,35964,122,0.0,4572,760,35204
11,35975,122,0.0,4573,760,35215
5,35980,122,0.0,4574,760,35220
3,35983,122,0.0,4575,760,35223
19,36002,122,0.0,4576,760,35242
2,36004,122,0.0,4577,760,35244
5,36009,122,0.0,4578,760,35249
4,36013,122,0.0,4579,760,35253
6,36019,122,0.0,4580,760,35259
19,36038,122,0.0,4581,760,35278
6,36044,123,1.0,4582,760,35284
6,36050,123,0.0,4583,760,35290
6,36056,124,1.0,4584,760,35296
7,36063,124,0.0,4585,760,35303
16,36079,124,0.0,4586,760,35319
6,36085,124,0.0,4587,760,35325
9,36094,124,0.0,4588,760,35334
8,36102,124,0.0,4589,760,35342
4,36106,124,0.0,4590,760,35346
5,36111,124,0.0,4591,760,35351
5,36116,124,0.0,4592,760,35356
5,36121,124,0.0,4593,760,35361
20,36141,124,0.0,4594,760,35381
5,36146,124,0.0,4595,760,35386
5,36151,124,0.0,4596,760,35391
6,36157,125,1.0,4597,760,35397
8,36165,125,0.0,4598,760,35405
2,36167,125,0.0,4599,760,35407
2,36169,125,0.0,4600,760,35409
7,36176,125,0.0,4601,760,35416
8,36184,125,0.0,4602,760,35424
4,36188,125,0.0,4603,760,35428
11,36199,126,1.0,4604,760,35439
22,36221,126,0.0,4605,760,35461
7,36228,126,0.0,4606,760,35468
2,36230,126,0.0,4607,760,35470
2,36232,126,0.0,4608,760,35472
4,36236,126,0.0,4609,760,35476
7,36243,126,0.0,4610,760,35483
5,36248,126,0.0,4611,760,35488
5,36253,126,0.0,4612,760,35493
10,36263,126,0.0,4613,760,35503
9,36272,126,0.0,4614,760,35512
2,36274,126,0.0,4615,760,35514
7,36281,126,0.0,4616,760,35521
11,36292,126,0.0,4617,760,35532
19,36311,126,0.0,4618,760,35551
13,36324,126,0.0,4619,760,35564
7,36331,126,0.0,4620,760,35571
4,36335,126,0.0,4621,760,35575
7,36342,126,0.0,4622,760,35582
11,36353,126,0.0,4623,760,35593
19,36372,126,0.0,4624,760,35612
3,36375,126,0.0,4625,760,35615
5,36380,126,0.0,4626,760,35620
9,36389,126,0.0,4627,760,35629
3,36392,126,0.0,4628,760,35632
2,36394,126,0.0,4629,760,35634
7,36401,126,0.0,4630,760,35641
6,36407,126,0.0,4631,760,35647
5,36412,126,0.0,4632,760,35652
5,36417,126,0.0,4633,760,35657
12,36429,126,0.0,4634,760,35669
9,36438,126,0.0,4635,760,35678
13,36451,126,0.0,4636,760,35691
10,36461,126,0.0,4637,760,35701
5,36466,126,0.0,4638,760,35706
2,36468,126,0.0,4639,760,35708
5,36473,126,0.0,4640,760,35713
2,36475,126,0.0,4641,760,35715
11,36486,126,0.0,4642,760,35726
8,36494,126,0.0,4643,760,35734
3,36497,126,0.0,4644,760,35737
5,36502,126,0.0,4645,760,35742
3,36505,126,0.0,4646,760,35745
2,36507,126,0.0,4647,760,35747
8,36515,126,0.0,4648,760,35755
2,36517,126,0.0,4649,760,35757
17,36534,126,0.0,4650,760,35774
3,36537,126,0.0,4651,760,35777
3,36540,126,0.0,4652,760,35780
8,36548,126,0.0,4653,760,35788
6,36554,127,1.0,4654,760,35794
10,36564,127,0.0,4655,760,35804
8,36572,127,0.0,4656,760,35812
9,36581,127,0.0,4657,760,35821
2,36583,127,0.0,4658,760,35823
8,36591,127,0.0,4659,760,35831
11,36602,127,0.0,4660,760,35842
3,36605,127,0.0,4661,760,35845
9,36614,127,0.0,4662,760,35854
3,36617,127,0.0,4663,760,35857
4,36621,127,0.0,4664,760,35861
14,36635,127,0.0,4665,760,35875
6,36641,127,0.0,4666,760,35881
6,36647,127,0.0,4667,760,35887
11,36658,127,0.0,4668,760,35898
13,36671,127,0.0,4669,760,35911
5,36676,127,0.0,4670,760,35916
8,36684,127,0.0,4671,760,35924
14,36698,127,0.0,4672,760,35938
6,36704,127,0.0,4673,760,35944
5,36709,127,0.0,4674,760,35949
4,36713,127,0.0,4675,760,35953
7,36720,127,0.0,4676,760,35960
5,36725,127,0.0,4677,760,35965
6,36731,127,0.0,4678,760,35971
5,36736,127,0.0,4679,760,35976
5,36741,127,0.0,4680,760,35981
18,36759,127,0.0,4681,760,35999
5,36764,127,0.0,4682,760,36004
2,36766,127,0.0,4683,760,36006
10,36776,127,0.0,4684,760,36016
6,36782,127,0.0,4685,760,36022
5,36787,127,0.0,4686,760,36027
2,36789,127,0.0,4687,760,36029
2,36791,127,0.0,4688,760,36031
12,36803,127,0.0,4689,760,36043
14,36817,127,0.0,4690,760,36057
11,36828,127,0.0,4691,760,36068
8,36836,127,0.0,4692,760,36076
7,36843,127,0.0,4693,760,36083
7,36850,127,0.0,4694,760,36090
4,36854,127,0.0,4695,760,36094
6,36860,127,0.0,4696,760,36100
28,36888,127,0.0,4697,760,36128
2,36890,127,0.0,4698,760,36130
15,36905,127,0.0,4699,760,36145
11,36916,127,0.0,4700,760,36156
4,36920,127,0.0,4701,760,36160
3,36923,127,0.0,4702,760,36163
5,36928,127,0.0,4703,760,36168
5,36933,127,0.0,4704,760,36173
8,36941,127,0.0,4705,760,36181
19,36960,127,0.0,4706,760,36200
2,36962,127,0.0,4707,760,36202
3,36965,127,0.0,4708,760,36205
9,36974,127,0.0,4709,760,36214
9,36983,127,0.0,4710,760,36223
5,36988,127,0.0,4711,760,36228
5,36993,127,0.0,4712,760,36233
2,36995,127,0.0,4713,760,36235
5,37000,127,0.0,4714,760,36240
4,37004,127,0.0,4715,760,36244
11,37015,127,0.0,4716,760,36255
3,37018,127,0.0,4717,760,36258
2,37020,127,0.0,4718,760,36260
11,37031,127,0.0,4719,760,36271
12,37043,127,0.0,4720,760,36283
11,37054,127,0.0,4721,760,36294
5,37059,127,0.0,4722,760,36299
6,37065,127,0.0,4723,760,36305
2,37067,127,0.0,4724,760,36307
6,37073,127,0.0,4725,760,36313
5,37078,127,0.0,4726,760,36318
3,37081,127,0.0,4727,760,36321
7,37088,127,0.0,4728,760,36328
5,37093,127,0.0,4729,760,36333
2,37095,127,0.0,4730,760,36335
5,37100,127,0.0,4731,760,36340
5,37105,127,0.0,4732,760,36345
5,37110,127,0.0,4733,760,36350
5,37115,127,0.0,4734,760,36355
22,37137,127,0.0,4735,760,36377
12,37149,127,0.0,4736,760,36389
7,37156,127,0.0,4737,760,36396
8,37164,127,0.0,4738,760,36404
4,37168,127,0.0,4739,760,36408
6,37174,127,0.0,4740,760,36414
2,37176,127,0.0,4741,760,36416
16,37192,127,0.0,4742,760,36432
5,37197,127,0.0,4743,760,36437
5,37202,127,0.0,4744,760,36442
3,37205,127,0.0,4745,760,36445
11,37216,127,0.0,4746,760,36456
8,37224,127,0.0,4747,760,36464
31,37255,127,0.0,4748,760,36495
2,37257,127,0.0,4749,760,36497
9,37266,127,0.0,4750,760,36506
2,37268,127,0.0,4751,760,36508
5,37273,127,0.0,4752,760,36513
9,37282,127,0.0,4753,760,36522
35,37317,127,0.0,4754,760,36557
7,37324,127,0.0,4755,760,36564
5,37329,127,0.0,4756,760,36569
5,37334,127,0.0,4757,760,36574
7,37341,127,0.0,4758,760,36581
3,37344,127,0.0,4759,760,36584
6,37350,127,0.0,4760,760,36590
10,37360,127,0.0,4761,760,36600
5,37365,127,0.0,4762,760,36605
17,37382,127,0.0,4763,760,36622
9,37391,127,0.0,4764,760,36631
7,37398,127,0.0,4765,760,36638
24,37422,127,0.0,4766,760,36662
2,37424,127,0.0,4767,760,36664
3,37427,127,0.0,4768,760,36667
3,37430,127,0.0,4769,760,36670
14,37444,127,0.0,4770,760,36684
24,37468,127,0.0,4771,760,36708
5,37473,127,0.0,4772,760,36713
5,37478,127,0.0,4773,760,36718
5,37483,127,0.0,4774,760,36723
6,37489,127,0.0,4775,760,36729
9,37498,127,0.0,4776,760,36738
6,37504,127,0.0,4777,760,36744
6,37510,127,0.0,4778,760,36750
11,37521,127,0.0,4779,760,36761
7,37528,127,0.0,4780,760,36768
3,37531,127,0.0,4781,760,36771
2,37533,127,0.0,4782,760,36773
3,37536,127,0.0,4783,760,36776
7,37543,127,0.0,4784,760,36783
5,37548,127,0.0,4785,760,36788
3,37551,127,0.0,4786,760,36791
24,37575,127,0.0,4787,760,36815
3,37578,127,0.0,4788,760,36818
4,37582,127,0.0,4789,760,36822
24,37606,127,0.0,4790,760,36846
5,37611,127,0.0,4791,760,36851
10,37621,127,0.0,4792,760,36861
4,37625,127,0.0,4793,760,36865
2,37627,127,0.0,4794,760,36867
5,37632,127,0.0,4795,760,36872
4,37636,127,0.0,4796,760,36876
3,37639,127,0.0,4797,760,36879
2,37641,127,0.0,4798,760,36881
5,37646,127,0.0,4799,760,36886
7,37653,127,0.0,4800,760,36893
8,37661,127,0.0,4801,760,36901
19,37680,127,0.0,4802,760,36920
5,37685,127,0.0,4803,760,36925
11,37696,127,0.0,4804,760,36936
10,37706,127,0.0,4805,760,36946
3,37709,127,0.0,4806,760,36949
3,37712,127,0.0,4807,760,36952
3,37715,127,0.0,4808,760,36955
2,37717,127,0.0,4809,760,36957
3,37720,127,0.0,4810,760,36960
11,37731,127,0.0,4811,760,36971
8,37739,127,0.0,4812,760,36979
7,37746,127,0.0,4813,760,36986
3,37749,127,0.0,4814,760,36989
2,37751,127,0.0,4815,760,36991
15,37766,127,0.0,4816,760,37006
5,37771,127,0.0,4817,760,37011
3,37774,127,0.0,4818,760,37014
16,37790,127,0.0,4819,760,37030
11,37801,127,0.0,4820,760,37041
11,37812,127,0.0,4821,760,37052
11,37823,127,0.0,4822,760,37063
3,37826,127,0.0,4823,760,37066
6,37832,128,1.0,4824,760,37072
3,37835,128,0.0,4825,760,37075
4,37839,128,0.0,4826,760,37079
3,37842,128,0.0,4827,760,37082
2,37844,128,0.0,4828,760,37084
18,37862,128,0.0,4829,760,37102
4,37866,128,0.0,4830,760,37106
11,37877,128,0.0,4831,760,37117
7,37884,128,0.0,4832,760,37124
14,37898,128,0.0,4833,760,37138
11,37909,128,0.0,4834,760,37149
5,37914,128,0.0,4835,760,37154
10,37924,128,0.0,4836,760,37164
7,37931,128,0.0,4837,760,37171
5,37936,128,0.0,4838,760,37176
6,37942,128,0.0,4839,760,37182
5,37947,128,0.0,4840,760,37187
4,37951,128,0.0,4841,760,37191
5,37956,128,0.0,4842,760,37196
2,37958,128,0.0,4843,760,37198
16,37974,128,0.0,4844,760,37214
2,37976,128,0.0,4845,760,37216
20,37996,128,0.0,4846,760,37236
3,37999,128,0.0,4847,760,37239
6,38005,128,0.0,4848,760,37245
2,38007,128,0.0,4849,760,37247
5,38012,128,0.0,4850,760,37252
8,38020,128,0.0,4851,760,37260
6,38026,128,0.0,4852,760,37266
4,38030,128,0.0,4853,760,37270
24,38054,129,1.0,4854,760,37294
6,38060,129,0.0,4855,760,37300
6,38066,130,1.0,4856,760,37306
24,38090,130,0.0,4857,760,37330
2,38092,130,0.0,4858,760,37332
2,38094,130,0.0,4859,760,37334
9,38103,130,0.0,4860,760,37343
6,38109,130,0.0,4861,760,37349
3,38112,130,0.0,4862,760,37352
3,38115,130,0.0,4863,760,37355
3,38118,130,0.0,4864,760,37358
5,38123,130,0.0,4865,760,37363
4,38127,130,0.0,4866,760,37367
7,38134,130,0.0,4867,760,37374
2,38136,130,0.0,4868,760,37376
2,38138,130,0.0,4869,760,37378
8,38146,130,0.0,4870,760,37386
24,38170,131,1.0,4871,760,37410
7,38177,131,0.0,4872,760,37417
11,38188,131,0.0,4873,760,37428
3,38191,131,0.0,4874,760,37431
8,38199,131,0.0,4875,760,37439
7,38206,131,0.0,4876,760,37446
3,38209,131,0.0,4877,760,37449
11,38220,131,0.0,4878,760,37460
5,38225,131,0.0,4879,760,37465
6,38231,131,0.0,4880,760,37471
7,38238,131,0.0,4881,760,37478
4,38242,131,0.0,4882,760,37482
20,38262,131,0.0,4883,760,37502
9,38271,131,0.0,4884,760,37511
5,38276,131,0.0,4885,760,37516
11,38287,131,0.0,4886,760,37527
8,38295,131,0.0,4887,760,37535
4,38299,131,0.0,4888,760,37539
2,38301,131,0.0,4889,760,37541
5,38306,131,0.0,4890,760,37546
3,38309,131,0.0,4891,760,37549
2,38311,131,0.0,4892,760,37551
2,38313,131,0.0,4893,760,37553
2,38315,131,0.0,4894,760,37555
3,38318,131,0.0,4895,760,37558
21,38339,131,0.0,4896,760,37579
3,38342,131,0.0,4897,760,37582
15,38357,131,0.0,4898,760,37597
6,38363,131,0.0,4899,760,37603
5,38368,131,0.0,4900,760,37608
24,38392,131,0.0,4901,760,37632
2,38394,131,0.0,4902,760,37634
2,38396,131,0.0,4903,760,37636
4,38400,131,0.0,4904,760,37640
5,38405,131,0.0,4905,760,37645
11,38416,131,0.0,4906,760,37656
6,38422,132,1.0,4907,760,37662
4,38426,132,0.0,4908,760,37666
7,38433,132,0.0,4909,760,37673
2,38435,132,0.0,4910,760,37675
14,38449,132,0.0,4911,760,37689
8,38457,132,0.0,4912,760,37697
5,38462,132,0.0,4913,760,37702
14,38476,132,0.0,4914,760,37716
8,38484,132,0.0,4915,760,37724
7,38491,132,0.0,4916,760,37731
2,38493,132,0.0,4917,760,37733
2,38495,132,0.0,4918,760,37735
5,38500,132,0.0,4919,760,37740
19,38519,132,0.0,4920,760,37759
11,38530,132,0.0,4921,760,37770
12,38542,132,0.0,4922,760,37782
5,38547,132,0.0,4923,760,37787
2,38549,132,0.0,4924,760,37789
5,38554,132,0.0,4925,760,37794
5,38559,132,0.0,4926,760,37799
7,38566,132,0.0,4927,760,37806
5,38571,132,0.0,4928,760,37811
6,38577,132,0.0,4929,760,37817
5,38582,132,0.0,4930,760,37822
8,38590,132,0.0,4931,760,37830
25,38615,132,0.0,4932,760,37855
12,38627,132,0.0,4933,760,37867
14,38641,132,0.0,4934,760,37881
19,38660,132,0.0,4935,760,37900
7,38667,132,0.0,4936,760,37907
13,38680,132,0.0,4937,760,37920
5,38685,132,0.0,4938,760,37925
3,38688,132,0.0,4939,760,37928
4,38692,132,0.0,4940,760,37932
8,38700,132,0.0,4941,760,37940
2,38702,132,0.0,4942,760,37942
2,38704,132,0.0,4943,760,37944
6,38710,132,0.0,4944,760,37950
5,38715,132,0.0,4945,760,37955
2,38717,132,0.0,4946,760,37957
19,38736,132,0.0,4947,760,37976
2,38738,132,0.0,4948,760,37978
6,38744,132,0.0,4949,760,37984
5,38749,132,0.0,4950,760,37989
8,38757,132,0.0,4951,760,37997
3,38760,132,0.0,4952,760,38000
3,38763,132,0.0,4953,760,38003
2,38765,132,0.0,4954,760,38005
11,38776,132,0.0,4955,760,38016
8,38784,132,0.0,4956,760,38024
6,38790,132,0.0,4957,760,38030
5,38795,132,0.0,4958,760,38035
2,38797,132,0.0,4959,760,38037
11,38808,132,0.0,4960,760,38048
5,38813,132,0.0,4961,760,38053
2,38815,132,0.0,4962,760,38055
19,38834,132,0.0,4963,760,38074
25,38859,132,0.0,4964,760,38099
10,38869,132,0.0,4965,760,38109
6,38875,132,0.0,4966,760,38115
6,38881,132,0.0,4967,760,38121
5,38886,132,0.0,4968,760,38126
10,38896,132,0.0,4969,760,38136
11,38907,132,0.0,4970,760,38147
4,38911,132,0.0,4971,760,38151
9,38920,132,0.0,4972,760,38160
7,38927,132,0.0,4973,760,38167
3,38930,132,0.0,4974,760,38170
3,38933,132,0.0,4975,760,38173
8,38941,132,0.0,4976,760,38181
9,38950,132,0.0,4977,760,38190
15,38965,132,0.0,4978,760,38205
3,38968,132,0.0,4979,760,38208
2,38970,132,0.0,4980,760,38210
19,38989,132,0.0,4981,760,38229
12,39001,132,0.0,4982,760,38241
7,39008,132,0.0,4983,760,38248
7,39015,132,0.0,4984,760,38255
2,39017,132,0.0,4985,760,38257
7,39024,132,0.0,4986,760,38264
2,39026,132,0.0,4987,760,38266
7,39033,132,0.0,4988,760,38273
8,39041,132,0.0,4989,760,38281
6,39047,132,0.0,4990,760,38287
8,39055,132,0.0,4991,760,38295
24,39079,132,0.0,4992,760,38319
6,39085,132,0.0,4993,760,38325
7,39092,132,0.0,4994,760,38332
5,39097,132,0.0,4995,760,38337
3,39100,132,0.0,4996,760,38340
15,39115,132,0.0,4997,760,38355
28,39143,132,0.0,4998,760,38383
10,39153,132,0.0,4999,760,38393
17,39170,132,0.0,5000,760,38410
4,39174,132,0.0,5001,760,38414
4,39178,132,0.0,5002,760,38418
4,39182,132,0.0,5003,760,38422
11,39193,132,0.0,5004,760,38433
3,39196,132,0.0,5005,760,38436
31,39227,132,0.0,5006,760,38467
19,39246,132,0.0,5007,760,38486
16,39262,132,0.0,5008,760,38502
8,39270,132,0.0,5009,760,38510
21,39291,132,0.0,5010,760,38531
3,39294,132,0.0,5011,760,38534
16,39310,132,0.0,5012,760,38550
5,39315,132,0.0,5013,760,38555
8,39323,132,0.0,5014,760,38563
3,39326,132,0.0,5015,760,38566
3,39329,132,0.0,5016,760,38569
5,39334,132,0.0,5017,760,38574
9,39343,132,0.0,5018,760,38583
4,39347,132,0.0,5019,760,38587
2,39349,132,0.0,5020,760,38589
13,39362,132,0.0,5021,760,38602
10,39372,132,0.0,5022,760,38612
3,39375,132,0.0,5023,760,38615
2,39377,132,0.0,5024,760,38617
16,39393,132,0.0,5025,760,38633
11,39404,133,1.0,5026,760,38644
6,39410,133,0.0,5027,760,38650
7,39417,133,0.0,5028,760,38657
4,39421,133,0.0,5029,760,38661
5,39426,133,0.0,5030,760,38666
2,39428,133,0.0,5031,760,38668
2,39430,133,0.0,5032,760,38670
15,39445,133,0.0,5033,760,38685
2,39447,133,0.0,5034,760,38687
5,39452,133,0.0,5035,760,38692
2,39454,133,0.0,5036,760,38694
10,39464,133,0.0,5037,760,38704
15,39479,133,0.0,5038,760,38719
4,39483,133,0.0,5039,760,38723
4,39487,133,0.0,5040,760,38727
3,39490,133,0.0,5041,760,38730
9,39499,133,0.0,5042,760,38739
6,39505,133,0.0,5043,760,38745
2,39507,133,0.0,5044,760,38747
3,39510,133,0.0,5045,760,38750
9,39519,133,0.0,5046,760,38759
22,39541,133,0.0,5047,760,38781
14,39555,133,0.0,5048,760,38795
3,39558,133,0.0,5049,760,38798
5,39563,133,0.0,5050,760,38803
11,39574,133,0.0,5051,760,38814
7,39581,133,0.0,5052,760,38821
2,39583,133,0.0,5053,760,38823
9,39592,133,0.0,5054,760,38832
3,39595,133,0.0,5055,760,38835
15,39610,133,0.0,5056,760,38850
4,39614,133,0.0,5057,760,38854
2,39616,133,0.0,5058,760,38856
7,39623,133,0.0,5059,760,38863
11,39634,133,0.0,5060,760,38874
2,39636,133,0.0,5061,760,38876
14,39650,133,0.0,5062,760,38890
7,39657,133,0.0,5063,760,38897
8,39665,133,0.0,5064,760,38905
7,39672,133,0.0,5065,760,38912
4,39676,133,0.0,5066,760,38916
10,39686,133,0.0,5067,760,38926
9,39695,133,0.0,5068,760,38935
6,39701,133,0.0,5069,760,38941
3,39704,133,0.0,5070,760,38944
9,39713,133,0.0,5071,760,38953
20,39733,133,0.0,5072,760,38973
11,39744,133,0.0,5073,760,38984
25,39769,133,0.0,5074,760,39009
6,39775,133,0.0,5075,760,39015
19,39794,133,0.0,5076,760,39034
3,39797,133,0.0,5077,760,39037
2,39799,133,0.0,5078,760,39039
5,39804,133,0.0,5079,760,39044
6,39810,133,0.0,5080,760,39050
5,39815,133,0.0,5081,760,39055
8,39823,133,0.0,5082,760,39063
4,39827,133,0.0,5083,760,39067
9,39836,133,0.0,5084,760,39076
2,39838,133,0.0,5085,760,39078
20,39858,133,0.0,5086,760,39098
21,39879,133,0.0,5087,760,39119
8,39887,133,0.0,5088,760,39127
2,39889,133,0.0,5089,760,39129
8,39897,133,0.0,5090,760,39137
14,39911,133,0.0,5091,760,39151
10,39921,133,0.0,5092,760,39161
24,39945,133,0.0,5093,760,39185
17,39962,133,0.0,5094,760,39202
2,39964,133,0.0,5095,760,39204
6,39970,133,0.0,5096,760,39210
11,39981,133,0.0,5097,760,39221
6,39987,133,0.0,5098,760,39227
3,39990,133,0.0,5099,760,39230
4,39994,133,0.0,5100,760,39234
6,40000,133,0.0,5101,760,39240
7,40007,133,0.0,5102,760,39247
3,40010,133,0.0,5103,760,39250
3,40013,133,0.0,5104,760,39253
8,40021,133,0.0,5105,760,39261
4,40025,133,0.0,5106,760,39265
27,40052,133,0.0,5107,760,39292
22,40074,133,0.0,5108,760,39314
11,40085,133,0.0,5109,760,39325
9,40094,133,0.0,5110,760,39334
7,40101,133,0.0,5111,760,39341
3,40104,133,0.0,5112,760,39344
11,40115,133,0.0,5113,760,39355
5,40120,133,0.0,5114,760,39360
8,40128,133,0.0,5115,760,39368
6,40134,133,0.0,5116,760,39374
6,40140,133,0.0,5117,760,39380
14,40154,133,0.0,5118,760,39394
6,40160,134,1.0,5119,760,39400
2,40162,134,0.0,5120,760,39402
11,40173,135,1.0,5121,760,39413
5,40178,135,0.0,5122,760,39418
24,40202,135,0.0,5123,760,39442
5,40207,135,0.0,5124,760,39447
2,40209,135,0.0,5125,760,39449
11,40220,135,0.0,5126,760,39460
25,40245,135,0.0,5127,760,39485
8,40253,135,0.0,5128,760,39493
5,40258,135,0.0,5129,760,39498
5,40263,135,0.0,5130,760,39503
17,40280,135,0.0,5131,760,39520
7,40287,135,0.0,5132,760,39527
7,40294,135,0.0,5133,760,39534
8,40302,135,0.0,5134,760,39542
3,40305,135,0.0,5135,760,39545
8,40313,135,0.0,5136,760,39553
3,40316,135,0.0,5137,760,39556
7,40323,135,0.0,5138,760,39563
4,40327,135,0.0,5139,760,39567
4,40331,135,0.0,5140,760,39571
3,40334,135,0.0,5141,760,39574
8,40342,135,0.0,5142,760,39582
11,40353,135,0.0,5143,760,39593
13,40366,135,0.0,5144,760,39606
10,40376,135,0.0,5145,760,39616
9,40385,135,0.0,5146,760,39625
11,40396,135,0.0,5147,760,39636
9,40405,135,0.0,5148,760,39645
6,40411,135,0.0,5149,760,39651
8,40419,135,0.0,5150,760,39659
2,40421,135,0.0,5151,760,39661
6,40427,136,1.0,5152,760,39667
4,40431,136,0.0,5153,760,39671
6,40437,136,0.0,5154,760,39677
5,40442,136,0.0,5155,760,39682
4,40446,136,0.0,5156,760,39686
2,40448,136,0.0,5157,760,39688
11,40459,136,0.0,5158,760,39699
4,40463,136,0.0,5159,760,39703
2,40465,136,0.0,5160,760,39705
2,40467,136,0.0,5161,760,39707
9,40476,136,0.0,5162,760,39716
6,40482,136,0.0,5163,760,39722
8,40490,136,0.0,5164,760,39730
6,40496,136,0.0,5165,760,39736
2,40498,136,0.0,5166,760,39738
4,40502,136,0.0,5167,760,39742
6,40508,136,0.0,5168,760,39748
11,40519,136,0.0,5169,760,39759
2,40521,136,0.0,5170,760,39761
8,40529,136,0.0,5171,760,39769
7,40536,136,0.0,5172,760,39776
2,40538,136,0.0,5173,760,39778
11,40549,137,1.0,5174,760,39789
4,40553,137,0.0,5175,760,39793
13,40566,137,0.0,5176,760,39806
9,40575,137,0.0,5177,760,39815
15,40590,137,0.0,5178,760,39830
6,40596,137,0.0,5179,760,39836
5,40601,137,0.0,5180,760,39841
3,40604,137,0.0,5181,760,39844
3,40607,137,0.0,5182,760,39847
8,40615,137,0.0,5183,760,39855
7,40622,137,0.0,5184,760,39862
6,40628,137,0.0,5185,760,39868
4,40632,137,0.0,5186,760,39872
11,40643,138,1.0,5187,760,39883
6,40649,139,1.0,5188,760,39889
8,40657,139,0.0,5189,760,39897
4,40661,139,0.0,5190,760,39901
10,40671,139,0.0,5191,760,39911
3,40674,139,0.0,5192,760,39914
2,40676,139,0.0,5193,760,39916
9,40685,139,0.0,5194,760,39925
11,40696,139,0.0,5195,760,39936
7,40703,139,0.0,5196,760,39943
10,40713,139,0.0,5197,760,39953
9,40722,139,0.0,5198,760,39962
8,40730,139,0.0,5199,760,39970
24,40754,139,0.0,5200,760,39994
2,40756,139,0.0,5201,760,39996
11,40767,139,0.0,5202,760,40007
2,40769,139,0.0,5203,760,40009
2,40771,139,0.0,5204,760,40011
5,40776,139,0.0,5205,760,40016
8,40784,139,0.0,5206,760,40024
2,40786,139,0.0,5207,760,40026
11,40797,139,0.0,5208,760,40037
2,40799,139,0.0,5209,760,40039
12,40811,139,0.0,5210,760,40051
3,40814,139,0.0,5211,760,40054
8,40822,139,0.0,5212,760,40062
15,40837,139,0.0,5213,760,40077
4,40841,139,0.0,5214,760,40081
5,40846,139,0.0,5215,760,40086
8,40854,139,0.0,5216,760,40094
2,40856,139,0.0,5217,760,40096
6,40862,139,0.0,5218,760,40102
2,40864,139,0.0,5219,760,40104
15,40879,139,0.0,5220,760,40119
9,40888,139,0.0,5221,760,40128
2,40890,139,0.0,5222,760,40130
10,40900,139,0.0,5223,760,40140
11,40911,139,0.0,5224,760,40151
5,40916,139,0.0,5225,760,40156
2,40918,139,0.0,5226,760,40158
3,40921,139,0.0,5227,760,40161
11,40932,139,0.0,5228,760,40172
3,40935,139,0.0,5229,760,40175
24,40959,139,0.0,5230,760,40199
11,40970,139,0.0,5231,760,40210
3,40973,139,0.0,5232,760,40213
6,40979,139,0.0,5233,760,40219
5,40984,139,0.0,5234,760,40224
16,41000,139,0.0,5235,760,40240
8,41008,139,0.0,5236,760,40248
2,41010,139,0.0,5237,760,40250
7,41017,139,0.0,5238,760,40257
19,41036,139,0.0,5239,760,40276
6,41042,139,0.0,5240,760,40282
10,41052,139,0.0,5241,760,40292
3,41055,139,0.0,5242,760,40295
7,41062,139,0.0,5243,760,40302
3,41065,139,0.0,5244,760,40305
7,41072,139,0.0,5245,760,40312
3,41075,139,0.0,5246,760,40315
8,41083,139,0.0,5247,760,40323
7,41090,139,0.0,5248,760,40330
9,41099,139,0.0,5249,760,40339
5,41104,139,0.0,5250,760,40344
5,41109,139,0.0,5251,760,40349
2,41111,139,0.0,5252,760,40351
19,41130,139,0.0,5253,760,40370
8,41138,139,0.0,5254,760,40378
3,41141,139,0.0,5255,760,40381
4,41145,139,0.0,5256,760,40385
3,41148,139,0.0,5257,760,40388
20,41168,139,0.0,5258,760,40408
7,41175,139,0.0,5259,760,40415
4,41179,139,0.0,5260,760,40419
19,41198,139,0.0,5261,760,40438
3,41201,139,0.0,5262,760,40441
7,41208,139,0.0,5263,760,40448
19,41227,139,0.0,5264,760,40467
17,41244,139,0.0,5265,760,40484
19,41263,140,1.0,5266,760,40503
7,41270,140,0.0,5267,760,40510
9,41279,140,0.0,5268,760,40519
5,41284,140,0.0,5269,760,40524
3,41287,140,0.0,5270,760,40527
5,41292,140,0.0,5271,760,40532
13,41305,140,0.0,5272,760,40545
14,41319,140,0.0,5273,760,40559
5,41324,140,0.0,5274,760,40564
8,41332,140,0.0,5275,760,40572
5,41337,140,0.0,5276,760,40577
5,41342,140,0.0,5277,760,40582
4,41346,140,0.0,5278,760,40586
5,41351,140,0.0,5279,760,40591
6,41357,141,1.0,5280,760,40597
19,41376,141,0.0,5281,760,40616
4,41380,141,0.0,5282,760,40620
5,41385,141,0.0,5283,760,40625
6,41391,141,0.0,5284,760,40631
21,41412,141,0.0,5285,760,40652
11,41423,141,0.0,5286,760,40663
5,41428,141,0.0,5287,760,40668
11,41439,141,0.0,5288,760,40679
17,41456,141,0.0,5289,760,40696
5,41461,141,0.0,5290,760,40701
3,41464,141,0.0,5291,760,40704
24,41488,141,0.0,5292,760,40728
11,41499,141,0.0,5293,760,40739
7,41506,141,0.0,5294,760,40746
5,41511,141,0.0,5295,760,40751
9,41520,141,0.0,5296,760,40760
6,41526,142,1.0,5297,760,40766
8,41534,142,0.0,5298,760,40774
16,41550,142,0.0,5299,760,40790
5,41555,142,0.0,5300,760,40795
10,41565,142,0.0,5301,760,40805
11,41576,142,0.0,5302,760,40816
6,41582,142,0.0,5303,760,40822
6,41588,142,0.0,5304,760,40828
16,41604,142,0.0,5305,760,40844
11,41615,142,0.0,5306,760,40855
5,41620,142,0.0,5307,760,40860
2,41622,142,0.0,5308,760,40862
7,41629,142,0.0,5309,760,40869
2,41631,142,0.0,5310,760,40871
6,41637,142,0.0,5311,760,40877
4,41641,142,0.0,5312,760,40881
6,41647,142,0.0,5313,760,40887
8,41655,142,0.0,5314,760,40895
5,41660,142,0.0,5315,760,40900
10,41670,142,0.0,5316,760,40910
10,41680,142,0.0,5317,760,40920
5,41685,142,0.0,5318,760,40925
6,41691,142,0.0,5319,760,40931
4,41695,142,0.0,5320,760,40935
8,41703,142,0.0,5321,760,40943
6,41709,142,0.0,5322,760,40949
19,41728,142,0.0,5323,760,40968
14,41742,142,0.0,5324,760,40982
5,41747,142,0.0,5325,760,40987
9,41756,142,0.0,5326,760,40996
7,41763,142,0.0,5327,760,41003
3,41766,142,0.0,5328,760,41006
3,41769,142,0.0,5329,760,41009
5,41774,142,0.0,5330,760,41014
2,41776,142,0.0,5331,760,41016
19,41795,142,0.0,5332,760,41035
5,41800,142,0.0,5333,760,41040
4,41804,142,0.0,5334,760,41044
5,41809,142,0.0,5335,760,41049
5,41814,142,0.0,5336,760,41054
6,41820,142,0.0,5337,760,41060
9,41829,142,0.0,5338,760,41069
8,41837,142,0.0,5339,760,41077
18,41855,142,0.0,5340,760,41095
5,41860,142,0.0,5341,760,41100
3,41863,142,0.0,5342,760,41103
6,41869,143,1.0,5343,760,41109
15,41884,143,0.0,5344,760,41124
15,41899,143,0.0,5345,760,41139
6,41905,143,0.0,5346,760,41145
3,41908,143,0.0,5347,760,41148
3,41911,143,0.0,5348,760,41151
10,41921,143,0.0,5349,760,41161
16,41937,143,0.0,5350,760,41177
7,41944,143,0.0,5351,760,41184
11,41955,144,1.0,5352,760,41195
7,41962,144,0.0,5353,760,41202
13,41975,144,0.0,5354,760,41215
4,41979,144,0.0,5355,760,41219
17,41996,144,0.0,5356,760,41236
11,42007,144,0.0,5357,760,41247
4,42011,144,0.0,5358,760,41251
4,42015,144,0.0,5359,760,41255
11,42026,144,0.0,5360,760,41266
2,42028,144,0.0,5361,760,41268
8,42036,144,0.0,5362,760,41276
5,42041,144,0.0,5363,760,41281
5,42046,144,0.0,5364,760,41286
5,42051,144,0.0,5365,760,41291
4,42055,144,0.0,5366,760,41295
7,42062,144,0.0,5367,760,41302
6,42068,145,1.0,5368,760,41308
12,42080,145,0.0,5369,760,41320
11,42091,146,1.0,5370,760,41331
6,42097,146,0.0,5371,760,41337
15,42112,146,0.0,5372,760,41352
8,42120,146,0.0,5373,760,41360
4,42124,146,0.0,5374,760,41364
32,42156,146,0.0,5375,760,41396
23,42179,146,0.0,5376,760,41419
6,42185,147,1.0,5377,760,41425
15,42200,147,0.0,5378,760,41440
8,42208,147,0.0,5379,760,41448
5,42213,147,0.0,5380,760,41453
6,42219,147,0.0,5381,760,41459
5,42224,147,0.0,5382,760,41464
5,42229,147,0.0,5383,760,41469
24,42253,147,0.0,5384,760,41493
4,42257,147,0.0,5385,760,41497
3,42260,147,0.0,5386,760,41500
2,42262,147,0.0,5387,760,41502
8,42270,147,0.0,5388,760,41510
12,42282,147,0.0,5389,760,41522
4,42286,147,0.0,5390,760,41526
12,42298,147,0.0,5391,760,41538
3,42301,147,0.0,5392,760,41541
4,42305,147,0.0,5393,760,41545
16,42321,147,0.0,5394,760,41561
6,42327,147,0.0,5395,760,41567
7,42334,147,0.0,5396,760,41574
5,42339,147,0.0,5397,760,41579
8,42347,147,0.0,5398,760,41587
7,42354,147,0.0,5399,760,41594
2,42356,147,0.0,5400,760,41596
4,42360,147,0.0,5401,760,41600
7,42367,147,0.0,5402,760,41607
2,42369,147,0.0,5403,760,41609
18,42387,147,0.0,5404,760,41627
2,42389,147,0.0,5405,760,41629
6,42395,147,0.0,5406,760,41635
6,42401,147,0.0,5407,760,41641
2,42403,147,0.0,5408,760,41643
11,42414,148,1.0,5409,760,41654
19,42433,148,0.0,5410,760,41673
5,42438,148,0.0,5411,760,41678
5,42443,148,0.0,5412,760,41683
6,42449,148,0.0,5413,760,41689
4,42453,148,0.0,5414,760,41693
5,42458,148,0.0,5415,760,41698
4,42462,148,0.0,5416,760,41702
7,42469,148,0.0,5417,760,41709
9,42478,148,0.0,5418,760,41718
11,42489,148,0.0,5419,760,41729
9,42498,148,0.0,5420,760,41738
6,42504,148,0.0,5421,760,41744
4,42508,148,0.0,5422,760,41748
16,42524,148,0.0,5423,760,41764
4,42528,148,0.0,5424,760,41768
6,42534,148,0.0,5425,760,41774
6,42540,148,0.0,5426,760,41780
5,42545,148,0.0,5427,760,41785
2,42547,148,0.0,5428,760,41787
7,42554,148,0.0,5429,760,41794
3,42557,148,0.0,5430,760,41797
8,42565,148,0.0,5431,760,41805
6,42571,148,0.0,5432,760,41811
4,42575,148,0.0,5433,760,41815
7,42582,148,0.0,5434,760,41822
4,42586,148,0.0,5435,760,41826
4,42590,148,0.0,5436,760,41830
5,42595,148,0.0,5437,760,41835
15,42610,148,0.0,5438,760,41850
5,42615,148,0.0,5439,760,41855
6,42621,148,0.0,5440,760,41861
3,42624,148,0.0,5441,760,41864
4,42628,148,0.0,5442,760,41868
2,42630,148,0.0,5443,760,41870
5,42635,148,0.0,5444,760,41875
8,42643,148,0.0,5445,760,41883
7,42650,148,0.0,5446,760,41890
2,42652,148,0.0,5447,760,41892
12,42664,148,0.0,5448,760,41904
12,42676,148,0.0,5449,760,41916
5,42681,148,0.0,5450,760,41921
6,42687,148,0.0,5451,760,41927
3,42690,148,0.0,5452,760,41930
24,42714,149,1.0,5453,760,41954
7,42721,149,0.0,5454,760,41961
5,42726,149,0.0,5455,760,41966
8,42734,149,0.0,5456,760,41974
23,42757,149,0.0,5457,760,41997
26,42783,149,0.0,5458,760,42023
11,42794,149,0.0,5459,760,42034
11,42805,150,1.0,5460,760,42045
3,42808,150,0.0,5461,760,42048
3,42811,150,0.0,5462,760,42051
13,42824,150,0.0,5463,760,42064
14,42838,150,0.0,5464,760,42078
8,42846,150,0.0,5465,760,42086
4,42850,150,0.0,5466,760,42090
3,42853,150,0.0,5467,760,42093
5,42858,150,0.0,5468,760,42098
6,42864,150,0.0,5469,760,42104
11,42875,151,1.0,5470,760,42115
7,42882,151,0.0,5471,760,42122
8,42890,151,0.0,5472,760,42130
4,42894,151,0.0,5473,760,42134
10,42904,151,0.0,5474,760,42144
7,42911,151,0.0,5475,760,42151
9,42920,151,0.0,5476,760,42160
5,42925,151,0.0,5477,760,42165
4,42929,151,0.0,5478,760,42169
6,42935,151,0.0,5479,760,42175
6,42941,151,0.0,5480,760,42181
2,42943,151,0.0,5481,760,42183
8,42951,151,0.0,5482,760,42191
8,42959,151,0.0,5483,760,42199
2,42961,151,0.0,5484,760,42201
4,42965,151,0.0,5485,760,42205
11,42976,152,1.0,5486,760,42216
24,43000,152,0.0,5487,760,42240
5,43005,152,0.0,5488,760,42245
8,43013,152,0.0,5489,760,42253
5,43018,152,0.0,5490,760,42258
11,43029,153,1.0,5491,760,42269
2,43031,153,0.0,5492,760,42271
11,43042,153,0.0,5493,760,42282
13,43055,153,0.0,5494,760,42295
20,43075,153,0.0,5495,760,42315
18,43093,153,0.0,5496,760,42333
19,43112,153,0.0,5497,760,42352
2,43114,153,0.0,5498,760,42354
11,43125,153,0.0,5499,760,42365
2,43127,153,0.0,5500,760,42367
7,43134,153,0.0,5501,760,42374
4,43138,153,0.0,5502,760,42378
6,43144,153,0.0,5503,760,42384
5,43149,153,0.0,5504,760,42389
4,43153,153,0.0,5505,760,42393
2,43155,153,0.0,5506,760,42395
10,43165,153,0.0,5507,760,42405
2,43167,153,0.0,5508,760,42407
2,43169,153,0.0,5509,760,42409
12,43181,153,0.0,5510,760,42421
11,43192,153,0.0,5511,760,42432
3,43195,153,0.0,5512,760,42435
8,43203,153,0.0,5513,760,42443
4,43207,153,0.0,5514,760,42447
8,43215,153,0.0,5515,760,42455
6,43221,153,0.0,5516,760,42461
8,43229,153,0.0,5517,760,42469
7,43236,153,0.0,5518,760,42476
2,43238,153,0.0,5519,760,42478
15,43253,153,0.0,5520,760,42493
3,43256,153,0.0,5521,760,42496
6,43262,153,0.0,5522,760,42502
7,43269,153,0.0,5523,760,42509
15,43284,153,0.0,5524,760,42524
5,43289,153,0.0,5525,760,42529
5,43294,153,0.0,5526,760,42534
5,43299,153,0.0,5527,760,42539
5,43304,153,0.0,5528,760,42544
2,43306,153,0.0,5529,760,42546
5,43311,153,0.0,5530,760,42551
4,43315,153,0.0,5531,760,42555
10,43325,153,0.0,5532,760,42565
5,43330,153,0.0,5533,760,42570
5,43335,153,0.0,5534,760,42575
6,43341,153,0.0,5535,760,42581
8,43349,153,0.0,5536,760,42589
10,43359,153,0.0,5537,760,42599
13,43372,153,0.0,5538,760,42612
8,43380,153,0.0,5539,760,42620
2,43382,153,0.0,5540,760,42622
6,43388,153,0.0,5541,760,42628
5,43393,153,0.0,5542,760,42633
4,43397,153,0.0,5543,760,42637
24,43421,153,0.0,5544,760,42661
15,43436,153,0.0,5545,760,42676
4,43440,153,0.0,5546,760,42680
13,43453,153,0.0,5547,760,42693
3,43456,153,0.0,5548,760,42696
2,43458,153,0.0,5549,760,42698
10,43468,153,0.0,5550,760,42708
6,43474,153,0.0,5551,760,42714
9,43483,153,0.0,5552,760,42723
2,43485,153,0.0,5553,760,42725
4,43489,153,0.0,5554,760,42729
3,43492,153,0.0,5555,760,42732
7,43499,153,0.0,5556,760,42739
13,43512,153,0.0,5557,760,42752
6,43518,153,0.0,5558,760,42758
5,43523,153,0.0,5559,760,42763
3,43526,153,0.0,5560,760,42766
7,43533,153,0.0,5561,760,42773
2,43535,153,0.0,5562,760,42775
6,43541,153,0.0,5563,760,42781
11,43552,154,1.0,5564,760,42792
12,43564,154,0.0,5565,760,42804
12,43576,154,0.0,5566,760,42816
4,43580,154,0.0,5567,760,42820
8,43588,154,0.0,5568,760,42828
5,43593,154,0.0,5569,760,42833
2,43595,154,0.0,5570,760,42835
12,43607,154,0.0,5571,760,42847
5,43612,154,0.0,5572,760,42852
15,43627,154,0.0,5573,760,42867
6,43633,154,0.0,5574,760,42873
24,43657,154,0.0,5575,760,42897
7,43664,154,0.0,5576,760,42904
3,43667,154,0.0,5577,760,42907
7,43674,154,0.0,5578,760,42914
3,43677,154,0.0,5579,760,42917
5,43682,154,0.0,5580,760,42922
5,43687,154,0.0,5581,760,42927
2,43689,154,0.0,5582,760,42929
5,43694,154,0.0,5583,760,42934
15,43709,154,0.0,5584,760,42949
21,43730,154,0.0,5585,760,42970
4,43734,154,0.0,5586,760,42974
19,43753,154,0.0,5587,760,42993
11,43764,155,1.0,5588,760,43004
8,43772,155,0.0,5589,760,43012
3,43775,155,0.0,5590,760,43015
13,43788,155,0.0,5591,760,43028
14,43802,155,0.0,5592,760,43042
4,43806,155,0.0,5593,760,43046
3,43809,155,0.0,5594,760,43049
5,43814,155,0.0,5595,760,43054
2,43816,155,0.0,5596,760,43056
5,43821,155,0.0,5597,760,43061
12,43833,155,0.0,5598,760,43073
3,43836,155,0.0,5599,760,43076
3,43839,155,0.0,5600,760,43079
18,43857,155,0.0,5601,760,43097
5,43862,155,0.0,5602,760,43102
2,43864,155,0.0,5603,760,43104
4,43868,155,0.0,5604,760,43108
4,43872,155,0.0,5605,760,43112
6,43878,155,0.0,5606,760,43118
12,43890,155,0.0,5607,760,43130
5,43895,155,0.0,5608,760,43135
11,43906,155,0.0,5609,760,43146
5,43911,155,0.0,5610,760,43151
2,43913,155,0.0,5611,760,43153
8,43921,155,0.0,5612,760,43161
6,43927,156,1.0,5613,760,43167
4,43931,156,0.0,5614,760,43171
6,43937,156,0.0,5615,760,43177
11,43948,156,0.0,5616,760,43188
11,43959,156,0.0,5617,760,43199
4,43963,156,0.0,5618,760,43203
5,43968,156,0.0,5619,760,43208
4,43972,156,0.0,5620,760,43212
6,43978,156,0.0,5621,760,43218
11,43989,157,1.0,5622,760,43229
7,43996,157,0.0,5623,760,43236
6,44002,157,0.0,5624,760,43242
5,44007,157,0.0,5625,760,43247
9,44016,157,0.0,5626,760,43256
7,44023,157,0.0,5627,760,43263
7,44030,157,0.0,5628,760,43270
6,44036,157,0.0,5629,760,43276
5,44041,157,0.0,5630,760,43281
3,44044,157,0.0,5631,760,43284
25,44069,157,0.0,5632,760,43309
24,44093,157,0.0,5633,760,43333
11,44104,157,0.0,5634,760,43344
6,44110,157,0.0,5635,760,43350
6,44116,157,0.0,5636,760,43356
3,44119,157,0.0,5637,760,43359
2,44121,157,0.0,5638,760,43361
8,44129,157,0.0,5639,760,43369
21,44150,157,0.0,5640,760,43390
2,44152,157,0.0,5641,760,43392
3,44155,157,0.0,5642,760,43395
6,44161,157,0.0,5643,760,43401
6,44167,157,0.0,5644,760,43407
4,44171,157,0.0,5645,760,43411
5,44176,157,0.0,5646,760,43416
20,44196,157,0.0,5647,760,43436
16,44212,157,0.0,5648,760,43452
11,44223,158,1.0,5649,760,43463
4,44227,158,0.0,5650,760,43467
8,44235,158,0.0,5651,760,43475
2,44237,158,0.0,5652,760,43477
5,44242,158,0.0,5653,760,43482
2,44244,158,0.0,5654,760,43484
3,44247,158,0.0,5655,760,43487
7,44254,158,0.0,5656,760,43494
6,44260,158,0.0,5657,760,43500
8,44268,158,0.0,5658,760,43508
28,44296,158,0.0,5659,760,43536
2,44298,158,0.0,5660,760,43538
13,44311,158,0.0,5661,760,43551
8,44319,158,0.0,5662,760,43559
2,44321,158,0.0,5663,760,43561
12,44333,158,0.0,5664,760,43573
4,44337,158,0.0,5665,760,43577
10,44347,158,0.0,5666,760,43587
9,44356,158,0.0,5667,760,43596
5,44361,158,0.0,5668,760,43601
6,44367,158,0.0,5669,760,43607
2,44369,158,0.0,5670,760,43609
7,44376,158,0.0,5671,760,43616
2,44378,158,0.0,5672,760,43618
2,44380,158,0.0,5673,760,43620
15,44395,158,0.0,5674,760,43635
7,44402,158,0.0,5675,760,43642
13,44415,158,0.0,5676,760,43655
3,44418,158,0.0,5677,760,43658
5,44423,158,0.0,5678,760,43663
15,44438,158,0.0,5679,760,43678
16,44454,158,0.0,5680,760,43694
14,44468,158,0.0,5681,760,43708
7,44475,158,0.0,5682,760,43715
5,44480,158,0.0,5683,760,43720
3,44483,158,0.0,5684,760,43723
5,44488,158,0.0,5685,760,43728
7,44495,158,0.0,5686,760,43735
4,44499,158,0.0,5687,760,43739
5,44504,158,0.0,5688,760,43744
5,44509,158,0.0,5689,760,43749
6,44515,158,0.0,5690,760,43755
2,44517,158,0.0,5691,760,43757
2,44519,158,0.0,5692,760,43759
2,44521,158,0.0,5693,760,43761
3,44524,158,0.0,5694,760,43764
10,44534,158,0.0,5695,760,43774
20,44554,158,0.0,5696,760,43794
9,44563,158,0.0,5697,760,43803
2,44565,158,0.0,5698,760,43805
22,44587,158,0.0,5699,760,43827
3,44590,158,0.0,5700,760,43830
8,44598,158,0.0,5701,760,43838
24,44622,158,0.0,5702,760,43862
2,44624,158,0.0,5703,760,43864
3,44627,158,0.0,5704,760,43867
8,44635,158,0.0,5705,760,43875
4,44639,158,0.0,5706,760,43879
2,44641,158,0.0,5707,760,43881
8,44649,158,0.0,5708,760,43889
3,44652,158,0.0,5709,760,43892
3,44655,158,0.0,5710,760,43895
8,44663,158,0.0,5711,760,43903
2,44665,158,0.0,5712,760,43905
5,44670,158,0.0,5713,760,43910
7,44677,158,0.0,5714,760,43917
4,44681,158,0.0,5715,760,43921
10,44691,158,0.0,5716,760,43931
2,44693,158,0.0,5717,760,43933
10,44703,158,0.0,5718,760,43943
5,44708,158,0.0,5719,760,43948
24,44732,158,0.0,5720,760,43972
5,44737,158,0.0,5721,760,43977
2,44739,158,0.0,5722,760,43979
10,44749,158,0.0,5723,760,43989
9,44758,158,0.0,5724,760,43998
3,44761,158,0.0,5725,760,44001
10,44771,158,0.0,5726,760,44011
8,44779,158,0.0,5727,760,44019
4,44783,158,0.0,5728,760,44023
5,44788,158,0.0,5729,760,44028
2,44790,158,0.0,5730,760,44030
15,44805,158,0.0,5731,760,44045
7,44812,158,0.0,5732,760,44052
4,44816,158,0.0,5733,760,44056
4,44820,158,0.0,5734,760,44060
17,44837,158,0.0,5735,760,44077
5,44842,158,0.0,5736,760,44082
5,44847,158,0.0,5737,760,44087
9,44856,158,0.0,5738,760,44096
2,44858,158,0.0,5739,760,44098
2,44860,158,0.0,5740,760,44100
21,44881,158,0.0,5741,760,44121
9,44890,158,0.0,5742,760,44130
24,44914,159,1.0,5743,760,44154
10,44924,159,0.0,5744,760,44164
6,44930,160,1.0,5745,760,44170
6,44936,160,0.0,5746,760,44176
8,44944,160,0.0,5747,760,44184
2,44946,160,0.0,5748,760,44186
6,44952,160,0.0,5749,760,44192
17,44969,160,0.0,5750,760,44209
4,44973,160,0.0,5751,760,44213
5,44978,160,0.0,5752,760,44218
2,44980,160,0.0,5753,760,44220
7,44987,160,0.0,5754,760,44227
11,44998,160,0.0,5755,760,44238
5,45003,160,0.0,5756,760,44243
9,45012,160,0.0,5757,760,44252
11,45023,160,0.0,5758,760,44263
13,45036,160,0.0,5759,760,44276
5,45041,160,0.0,5760,760,44281
4,45045,160,0.0,5761,760,44285
5,45050,160,0.0,5762,760,44290
5,45055,160,0.0,5763,760,44295
5,45060,160,0.0,5764,760,44300
3,45063,160,0.0,5765,760,44303
4,45067,160,0.0,5766,760,44307
8,45075,160,0.0,5767,760,44315
28,45103,160,0.0,5768,760,44343
12,45115,160,0.0,5769,760,44355
3,45118,160,0.0,5770,760,44358
9,45127,160,0.0,5771,760,44367
19,45146,160,0.0,5772,760,44386
5,45151,160,0.0,5773,760,44391
3,45154,160,0.0,5774,760,44394
5,45159,160,0.0,5775,760,44399
12,45171,160,0.0,5776,760,44411
10,45181,160,0.0,5777,760,44421
2,45183,160,0.0,5778,760,44423
3,45186,160,0.0,5779,760,44426
21,45207,160,0.0,5780,760,44447
8,45215,160,0.0,5781,760,44455
3,45218,160,0.0,5782,760,44458
4,45222,160,0.0,5783,760,44462
8,45230,160,0.0,5784,760,44470
10,45240,160,0.0,5785,760,44480
6,45246,160,0.0,5786,760,44486
13,45259,160,0.0,5787,760,44499
9,45268,160,0.0,5788,760,44508
3,45271,160,0.0,5789,760,44511
9,45280,160,0.0,5790,760,44520
3,45283,160,0.0,5791,760,44523
14,45297,160,0.0,5792,760,44537
7,45304,160,0.0,5793,760,44544
3,45307,160,0.0,5794,760,44547
3,45310,160,0.0,5795,760,44550
2,45312,160,0.0,5796,760,44552
4,45316,160,0.0,5797,760,44556
9,45325,160,0.0,5798,760,44565
2,45327,160,0.0,5799,760,44567
2,45329,160,0.0,5800,760,44569
2,45331,160,0.0,5801,760,44571
8,45339,160,0.0,5802,760,44579
16,45355,160,0.0,5803,760,44595
12,45367,160,0.0,5804,760,44607
5,45372,160,0.0,5805,760,44612
3,45375,160,0.0,5806,760,44615
4,45379,160,0.0,5807,760,44619
17,45396,160,0.0,5808,760,44636
13,45409,160,0.0,5809,760,44649
5,45414,160,0.0,5810,760,44654
14,45428,160,0.0,5811,760,44668
5,45433,160,0.0,5812,760,44673
3,45436,160,0.0,5813,760,44676
7,45443,160,0.0,5814,760,44683
7,45450,160,0.0,5815,760,44690
15,45465,160,0.0,5816,760,44705
4,45469,160,0.0,5817,760,44709
21,45490,160,0.0,5818,760,44730
18,45508,160,0.0,5819,760,44748
7,45515,160,0.0,5820,760,44755
13,45528,160,0.0,5821,760,44768
5,45533,160,0.0,5822,760,44773
3,45536,160,0.0,5823,760,44776
4,45540,160,0.0,5824,760,44780
12,45552,160,0.0,5825,760,44792
2,45554,160,0.0,5826,760,44794
11,45565,160,0.0,5827,760,44805
2,45567,160,0.0,5828,760,44807
12,45579,160,0.0,5829,760,44819
3,45582,160,0.0,5830,760,44822
3,45585,160,0.0,5831,760,44825
11,45596,160,0.0,5832,760,44836
19,45615,160,0.0,5833,760,44855
2,45617,160,0.0,5834,760,44857
3,45620,160,0.0,5835,760,44860
3,45623,160,0.0,5836,760,44863
8,45631,160,0.0,5837,760,44871
11,45642,161,1.0,5838,760,44882
22,45664,161,0.0,5839,760,44904
5,45669,161,0.0,5840,760,44909
6,45675,161,0.0,5841,760,44915
7,45682,161,0.0,5842,760,44922
3,45685,161,0.0,5843,760,44925
12,45697,161,0.0,5844,760,44937
7,45704,161,0.0,5845,760,44944
2,45706,161,0.0,5846,760,44946
4,45710,161,0.0,5847,760,44950
23,45733,161,0.0,5848,760,44973
11,45744,161,0.0,5849,760,44984
7,45751,161,0.0,5850,760,44991
11,45762,161,0.0,5851,760,45002
10,45772,161,0.0,5852,760,45012
11,45783,161,0.0,5853,760,45023
8,45791,161,0.0,5854,760,45031
4,45795,161,0.0,5855,760,45035
11,45806,161,0.0,5856,760,45046
5,45811,161,0.0,5857,760,45051
6,45817,161,0.0,5858,760,45057
2,45819,161,0.0,5859,760,45059
11,45830,161,0.0,5860,760,45070
3,45833,161,0.0,5861,760,45073
17,45850,161,0.0,5862,760,45090
11,45861,161,0.0,5863,760,45101
11,45872,161,0.0,5864,760,45112
7,45879,161,0.0,5865,760,45119
8,45887,161,0.0,5866,760,45127
5,45892,161,0.0,5867,760,45132
6,45898,161,0.0,5868,760,45138
10,45908,161,0.0,5869,760,45148
10,45918,161,0.0,5870,760,45158
3,45921,161,0.0,5871,760,45161
19,45940,161,0.0,5872,760,45180
7,45947,161,0.0,5873,760,45187
7,45954,161,0.0,5874,760,45194
11,45965,161,0.0,5875,760,45205
10,45975,161,0.0,5876,760,45215
7,45982,161,0.0,5877,760,45222
12,45994,161,0.0,5878,760,45234
4,45998,161,0.0,5879,760,45238
4,46002,161,0.0,5880,760,45242
11,46013,161,0.0,5881,760,45253
13,46026,161,0.0,5882,760,45266
4,46030,161,0.0,5883,760,45270
3,46033,161,0.0,5884,760,45273
6,46039,161,0.0,5885,760,45279
8,46047,161,0.0,5886,760,45287
4,46051,161,0.0,5887,760,45291
6,46057,161,0.0,5888,760,45297
8,46065,161,0.0,5889,760,45305
6,46071,161,0.0,5890,760,45311
3,46074,161,0.0,5891,760,45314
13,46087,161,0.0,5892,760,45327
4,46091,161,0.0,5893,760,45331
11,46102,161,0.0,5894,760,45342
2,46104,161,0.0,5895,760,45344
11,46115,161,0.0,5896,760,45355
2,46117,161,0.0,5897,760,45357
5,46122,161,0.0,5898,760,45362
19,46141,161,0.0,5899,760,45381
5,46146,161,0.0,5900,760,45386
10,46156,161,0.0,5901,760,45396
2,46158,161,0.0,5902,760,45398
20,46178,161,0.0,5903,760,45418
6,46184,161,0.0,5904,760,45424
5,46189,161,0.0,5905,760,45429
2,46191,161,0.0,5906,760,45431
8,46199,161,0.0,5907,760,45439
5,46204,161,0.0,5908,760,45444
9,46213,161,0.0,5909,760,45453
5,46218,161,0.0,5910,760,45458
3,46221,161,0.0,5911,760,45461
13,46234,161,0.0,5912,760,45474
17,46251,161,0.0,5913,760,45491
8,46259,161,0.0,5914,760,45499
2,46261,161,0.0,5915,760,45501
4,46265,161,0.0,5916,760,45505
17,46282,161,0.0,5917,760,45522
11,46293,161,0.0,5918,760,45533
3,46296,161,0.0,5919,760,45536
2,46298,161,0.0,5920,760,45538
4,46302,161,0.0,5921,760,45542
10,46312,161,0.0,5922,760,45552
3,46315,161,0.0,5923,760,45555
11,46326,161,0.0,5924,760,45566
5,46331,161,0.0,5925,760,45571
5,46336,161,0.0,5926,760,45576
6,46342,161,0.0,5927,760,45582
13,46355,161,0.0,5928,760,45595
11,46366,162,1.0,5929,760,45606
16,46382,162,0.0,5930,760,45622
8,46390,162,0.0,5931,760,45630
4,46394,162,0.0,5932,760,45634
6,46400,162,0.0,5933,760,45640
11,46411,162,0.0,5934,760,45651
25,46436,162,0.0,5935,760,45676
3,46439,162,0.0,5936,760,45679
2,46441,162,0.0,5937,760,45681
4,46445,162,0.0,5938,760,45685
5,46450,162,0.0,5939,760,45690
2,46452,162,0.0,5940,760,45692
5,46457,162,0.0,5941,760,45697
2,46459,162,0.0,5942,760,45699
5,46464,162,0.0,5943,760,45704
8,46472,162,0.0,5944,760,45712
7,46479,162,0.0,5945,760,45719
4,46483,162,0.0,5946,760,45723
4,46487,162,0.0,5947,760,45727
2,46489,162,0.0,5948,760,45729
3,46492,162,0.0,5949,760,45732
5,46497,162,0.0,5950,760,45737
3,46500,162,0.0,5951,760,45740
6,46506,162,0.0,5952,760,45746
3,46509,162,0.0,5953,760,45749
5,46514,162,0.0,5954,760,45754
19,46533,162,0.0,5955,760,45773
7,46540,162,0.0,5956,760,45780
10,46550,162,0.0,5957,760,45790
3,46553,162,0.0,5958,760,45793
3,46556,162,0.0,5959,760,45796
4,46560,162,0.0,5960,760,45800
9,46569,162,0.0,5961,760,45809
19,46588,162,0.0,5962,760,45828
9,46597,162,0.0,5963,760,45837
3,46600,162,0.0,5964,760,45840
13,46613,162,0.0,5965,760,45853
7,46620,162,0.0,5966,760,45860
8,46628,162,0.0,5967,760,45868
24,46652,162,0.0,5968,760,45892
6,46658,162,0.0,5969,760,45898
3,46661,162,0.0,5970,760,45901
5,46666,162,0.0,5971,760,45906
11,46677,163,1.0,5972,760,45917
5,46682,163,0.0,5973,760,45922
11,46693,164,1.0,5974,760,45933
7,46700,164,0.0,5975,760,45940
2,46702,164,0.0,5976,760,45942
5,46707,164,0.0,5977,760,45947
12,46719,164,0.0,5978,760,45959
2,46721,164,0.0,5979,760,45961
9,46730,164,0.0,5980,760,45970
4,46734,164,0.0,5981,760,45974
6,46740,164,0.0,5982,760,45980
3,46743,164,0.0,5983,760,45983
11,46754,164,0.0,5984,760,45994
6,46760,164,0.0,5985,760,46000
7,46767,164,0.0,5986,760,46007
3,46770,164,0.0,5987,760,46010
6,46776,164,0.0,5988,760,46016
4,46780,164,0.0,5989,760,46020
2,46782,164,0.0,5990,760,46022
12,46794,164,0.0,5991,760,46034
7,46801,164,0.0,5992,760,46041
8,46809,164,0.0,5993,760,46049
8,46817,164,0.0,5994,760,46057
7,46824,164,0.0,5995,760,46064
5,46829,164,0.0,5996,760,46069
11,46840,164,0.0,5997,760,46080
5,46845,164,0.0,5998,760,46085
6,46851,165,1.0,5999,760,46091
8,46859,165,0.0,6000,760,46099
19,46878,165,0.0,6001,760,46118
4,46882,165,0.0,6002,760,46122
2,46884,165,0.0,6003,760,46124
7,46891,165,0.0,6004,760,46131
6,46897,165,0.0,6005,760,46137
14,46911,165,0.0,6006,760,46151
9,46920,165,0.0,6007,760,46160
2,46922,165,0.0,6008,760,46162
8,46930,165,0.0,6009,760,46170
5,46935,165,0.0,6010,760,46175
4,46939,165,0.0,6011,760,46179
8,46947,165,0.0,6012,760,46187
5,46952,165,0.0,6013,760,46192
14,46966,165,0.0,6014,760,46206
14,46980,165,0.0,6015,760,46220
7,46987,165,0.0,6016,760,46227
12,46999,165,0.0,6017,760,46239
13,47012,165,0.0,6018,760,46252
7,47019,165,0.0,6019,760,46259
5,47024,165,0.0,6020,760,46264
7,47031,165,0.0,6021,760,46271
2,47033,165,0.0,6022,760,46273
2,47035,165,0.0,6023,760,46275
7,47042,165,0.0,6024,760,46282
20,47062,165,0.0,6025,760,46302
9,47071,165,0.0,6026,760,46311
2,47073,165,0.0,6027,760,46313
6,47079,165,0.0,6028,760,46319
3,47082,165,0.0,6029,760,46322
5,47087,165,0.0,6030,760,46327
5,47092,165,0.0,6031,760,46332
7,47099,165,0.0,6032,760,46339
2,47101,165,0.0,6033,760,46341
6,47107,165,0.0,6034,760,46347
7,47114,165,0.0,6035,760,46354
6,47120,165,0.0,6036,760,46360
11,47131,165,0.0,6037,760,46371
3,47134,165,0.0,6038,760,46374
11,47145,165,0.0,6039,760,46385
5,47150,165,0.0,6040,760,46390
7,47157,165,0.0,6041,760,46397
5,47162,165,0.0,6042,760,46402
6,47168,165,0.0,6043,760,46408
6,47174,165,0.0,6044,760,46414
4,47178,165,0.0,6045,760,46418
9,47187,165,0.0,6046,760,46427
4,47191,165,0.0,6047,760,46431
2,47193,165,0.0,6048,760,46433
5,47198,165,0.0,6049,760,46438
11,47209,165,0.0,6050,760,46449
7,47216,165,0.0,6051,760,46456
2,47218,165,0.0,6052,760,46458
2,47220,165,0.0,6053,760,46460
5,47225,165,0.0,6054,760,46465
6,47231,165,0.0,6055,760,46471
18,47249,165,0.0,6056,760,46489
3,47252,165,0.0,6057,760,46492
8,47260,165,0.0,6058,760,46500
11,47271,165,0.0,6059,760,46511
3,47274,165,0.0,6060,760,46514
4,47278,165,0.0,6061,760,46518
24,47302,166,1.0,6062,760,46542
2,47304,166,0.0,6063,760,46544
25,47329,166,0.0,6064,760,46569
4,47333,166,0.0,6065,760,46573
3,47336,166,0.0,6066,760,46576
3,47339,166,0.0,6067,760,46579
12,47351,166,0.0,6068,760,46591
2,47353,166,0.0,6069,760,46593
7,47360,166,0.0,6070,760,46600
2,47362,166,0.0,6071,760,46602
19,47381,166,0.0,6072,760,46621
5,47386,166,0.0,6073,760,46626
10,47396,166,0.0,6074,760,46636
6,47402,166,0.0,6075,760,46642
12,47414,166,0.0,6076,760,46654
2,47416,166,0.0,6077,760,46656
8,47424,166,0.0,6078,760,46664
30,47454,166,0.0,6079,760,46694
3,47457,166,0.0,6080,760,46697
7,47464,166,0.0,6081,760,46704
6,47470,166,0.0,6082,760,46710
16,47486,166,0.0,6083,760,46726
8,47494,166,0.0,6084,760,46734
8,47502,166,0.0,6085,760,46742
7,47509,166,0.0,6086,760,46749
8,47517,166,0.0,6087,760,46757
9,47526,166,0.0,6088,760,46766
7,47533,166,0.0,6089,760,46773
5,47538,166,0.0,6090,760,46778
2,47540,166,0.0,6091,760,46780
2,47542,166,0.0,6092,760,46782
19,47561,166,0.0,6093,760,46801
7,47568,166,0.0,6094,760,46808
8,47576,166,0.0,6095,760,46816
5,47581,166,0.0,6096,760,46821
4,47585,166,0.0,6097,760,46825
6,47591,166,0.0,6098,760,46831
3,47594,166,0.0,6099,760,46834
7,47601,166,0.0,6100,760,46841
3,47604,166,0.0,6101,760,46844
8,47612,166,0.0,6102,760,46852
3,47615,166,0.0,6103,760,46855
18,47633,166,0.0,6104,760,46873
3,47636,166,0.0,6105,760,46876
5,47641,166,0.0,6106,760,46881
5,47646,166,0.0,6107,760,46886
9,47655,166,0.0,6108,760,46895
3,47658,166,0.0,6109,760,46898
13,47671,166,0.0,6110,760,46911
6,47677,166,0.0,6111,760,46917
4,47681,166,0.0,6112,760,46921
2,47683,166,0.0,6113,760,46923
8,47691,166,0.0,6114,760,46931
8,47699,166,0.0,6115,760,46939
2,47701,166,0.0,6116,760,46941
14,47715,166,0.0,6117,760,46955
9,47724,166,0.0,6118,760,46964
3,47727,166,0.0,6119,760,46967
8,47735,166,0.0,6120,760,46975
5,47740,166,0.0,6121,760,46980
3,47743,166,0.0,6122,760,46983
5,47748,166,0.0,6123,760,46988
6,47754,166,0.0,6124,760,46994
11,47765,166,0.0,6125,760,47005
4,47769,166,0.0,6126,760,47009
8,47777,166,0.0,6127,760,47017
27,47804,166,0.0,6128,760,47044
10,47814,166,0.0,6129,760,47054
3,47817,166,0.0,6130,760,47057
8,47825,166,0.0,6131,760,47065
5,47830,166,0.0,6132,760,47070
7,47837,166,0.0,6133,760,47077
11,47848,166,0.0,6134,760,47088
4,47852,166,0.0,6135,760,47092
5,47857,166,0.0,6136,760,47097
11,47868,166,0.0,6137,760,47108
2,47870,166,0.0,6138,760,47110
3,47873,166,0.0,6139,760,47113
10,47883,166,0.0,6140,760,47123
3,47886,166,0.0,6141,760,47126
10,47896,166,0.0,6142,760,47136
4,47900,166,0.0,6143,760,47140
9,47909,166,0.0,6144,760,47149
9,47918,166,0.0,6145,760,47158
3,47921,166,0.0,6146,760,47161
8,47929,166,0.0,6147,760,47169
3,47932,166,0.0,6148,760,47172
11,47943,166,0.0,6149,760,47183
4,47947,166,0.0,6150,760,47187
3,47950,166,0.0,6151,760,47190
2,47952,166,0.0,6152,760,47192
21,47973,166,0.0,6153,760,47213
5,47978,166,0.0,6154,760,47218
14,47992,166,0.0,6155,760,47232
2,47994,166,0.0,6156,760,47234
4,47998,166,0.0,6157,760,47238
6,48004,166,0.0,6158,760,47244
3,48007,166,0.0,6159,760,47247
9,48016,166,0.0,6160,760,47256
6,48022,166,0.0,6161,760,47262
2,48024,166,0.0,6162,760,47264
7,48031,166,0.0,6163,760,47271
13,48044,166,0.0,6164,760,47284
2,48046,166,0.0,6165,760,47286
2,48048,166,0.0,6166,760,47288
25,48073,166,0.0,6167,760,47313
6,48079,166,0.0,6168,760,47319
21,48100,166,0.0,6169,760,47340
12,48112,166,0.0,6170,760,47352
5,48117,166,0.0,6171,760,47357
11,48128,166,0.0,6172,760,47368
18,48146,166,0.0,6173,760,47386
11,48157,167,1.0,6174,760,47397
12,48169,167,0.0,6175,760,47409
6,48175,167,0.0,6176,760,47415
6,48181,167,0.0,6177,760,47421
11,48192,167,0.0,6178,760,47432
3,48195,167,0.0,6179,760,47435
18,48213,167,0.0,6180,760,47453
5,48218,167,0.0,6181,760,47458
4,48222,167,0.0,6182,760,47462
5,48227,167,0.0,6183,760,47467
6,48233,167,0.0,6184,760,47473
4,48237,167,0.0,6185,760,47477
2,48239,167,0.0,6186,760,47479
10,48249,167,0.0,6187,760,47489
7,48256,167,0.0,6188,760,47496
5,48261,167,0.0,6189,760,47501
6,48267,167,0.0,6190,760,47507
8,48275,167,0.0,6191,760,47515
7,48282,167,0.0,6192,760,47522
24,48306,167,0.0,6193,760,47546
10,48316,167,0.0,6194,760,47556
24,48340,167,0.0,6195,760,47580
24,48364,167,0.0,6196,760,47604
2,48366,167,0.0,6197,760,47606
7,48373,167,0.0,6198,760,47613
2,48375,167,0.0,6199,760,47615
14,48389,167,0.0,6200,760,47629
2,48391,167,0.0,6201,760,47631
3,48394,167,0.0,6202,760,47634
11,48405,167,0.0,6203,760,47645
9,48414,167,0.0,6204,760,47654
3,48417,167,0.0,6205,760,47657
10,48427,167,0.0,6206,760,47667
2,48429,167,0.0,6207,760,47669
20,48449,167,0.0,6208,760,47689
4,48453,167,0.0,6209,760,47693
7,48460,167,0.0,6210,760,47700
8,48468,167,0.0,6211,760,47708
5,48473,167,0.0,6212,760,47713
11,48484,167,0.0,6213,760,47724
12,48496,167,0.0,6214,760,47736
8,48504,167,0.0,6215,760,47744
6,48510,167,0.0,6216,760,47750
5,48515,167,0.0,6217,760,47755
2,48517,167,0.0,6218,760,47757
5,48522,167,0.0,6219,760,47762
2,48524,167,0.0,6220,760,47764
5,48529,167,0.0,6221,760,47769
10,48539,167,0.0,6222,760,47779
9,48548,167,0.0,6223,760,47788
2,48550,167,0.0,6224,760,47790
5,48555,167,0.0,6225,760,47795
3,48558,167,0.0,6226,760,47798
7,48565,167,0.0,6227,760,47805
3,48568,167,0.0,6228,760,47808
8,48576,167,0.0,6229,760,47816
9,48585,167,0.0,6230,760,47825
10,48595,167,0.0,6231,760,47835
5,48600,167,0.0,6232,760,47840
7,48607,167,0.0,6233,760,47847
2,48609,167,0.0,6234,760,47849
8,48617,167,0.0,6235,760,47857
3,48620,167,0.0,6236,760,47860
7,48627,167,0.0,6237,760,47867
4,48631,167,0.0,6238,760,47871
5,48636,167,0.0,6239,760,47876
2,48638,167,0.0,6240,760,47878
3,48641,167,0.0,6241,760,47881
8,48649,167,0.0,6242,760,47889
4,48653,167,0.0,6243,760,47893
12,48665,167,0.0,6244,760,47905
9,48674,167,0.0,6245,760,47914
2,48676,167,0.0,6246,760,47916
9,48685,167,0.0,6247,760,47925
7,48692,167,0.0,6248,760,47932
7,48699,167,0.0,6249,760,47939
3,48702,167,0.0,6250,760,47942
9,48711,167,0.0,6251,760,47951
5,48716,167,0.0,6252,760,47956
5,48721,167,0.0,6253,760,47961
4,48725,167,0.0,6254,760,47965
2,48727,167,0.0,6255,760,47967
2,48729,167,0.0,6256,760,47969
7,48736,167,0.0,6257,760,47976
6,48742,168,1.0,6258,760,47982
5,48747,168,0.0,6259,760,47987
9,48756,168,0.0,6260,760,47996
5,48761,168,0.0,6261,760,48001
3,48764,168,0.0,6262,760,48004
9,48773,168,0.0,6263,760,48013
9,48782,168,0.0,6264,760,48022
6,48788,168,0.0,6265,760,48028
3,48791,168,0.0,6266,760,48031
14,48805,168,0.0,6267,760,48045
4,48809,168,0.0,6268,760,48049
20,48829,168,0.0,6269,760,48069
19,48848,168,0.0,6270,760,48088
10,48858,168,0.0,6271,760,48098
7,48865,168,0.0,6272,760,48105
5,48870,168,0.0,6273,760,48110
11,48881,168,0.0,6274,760,48121
2,48883,168,0.0,6275,760,48123
2,48885,168,0.0,6276,760,48125
8,48893,168,0.0,6277,760,48133
6,48899,168,0.0,6278,760,48139
6,48905,168,0.0,6279,760,48145
14,48919,168,0.0,6280,760,48159
13,48932,168,0.0,6281,760,48172
7,48939,168,0.0,6282,760,48179
6,48945,168,0.0,6283,760,48185
3,48948,168,0.0,6284,760,48188
7,48955,168,0.0,6285,760,48195
4,48959,168,0.0,6286,760,48199
5,48964,168,0.0,6287,760,48204
8,48972,168,0.0,6288,760,48212
5,48977,168,0.0,6289,760,48217
24,49001,168,0.0,6290,760,48241
8,49009,168,0.0,6291,760,48249
11,49020,168,0.0,6292,760,48260
9,49029,168,0.0,6293,760,48269
11,49040,168,0.0,6294,760,48280
3,49043,168,0.0,6295,760,48283
2,49045,168,0.0,6296,760,48285
2,49047,168,0.0,6297,760,48287
2,49049,168,0.0,6298,760,48289
5,49054,168,0.0,6299,760,48294
3,49057,168,0.0,6300,760,48297
4,49061,168,0.0,6301,760,48301
19,49080,168,0.0,6302,760,48320
11,49091,168,0.0,6303,760,48331
15,49106,168,0.0,6304,760,48346
23,49129,168,0.0,6305,760,48369
4,49133,168,0.0,6306,760,48373
4,49137,168,0.0,6307,760,48377
3,49140,168,0.0,6308,760,48380
13,49153,168,0.0,6309,760,48393
23,49176,168,0.0,6310,760,48416
3,49179,168,0.0,6311,760,48419
7,49186,168,0.0,6312,760,48426
3,49189,168,0.0,6313,760,48429
24,49213,168,0.0,6314,760,48453
19,49232,168,0.0,6315,760,48472
12,49244,168,0.0,6316,760,48484
6,49250,168,0.0,6317,760,48490
5,49255,168,0.0,6318,760,48495
4,49259,168,0.0,6319,760,48499
8,49267,168,0.0,6320,760,48507
2,49269,168,0.0,6321,760,48509
19,49288,168,0.0,6322,760,48528
2,49290,168,0.0,6323,760,48530
9,49299,168,0.0,6324,760,48539
5,49304,168,0.0,6325,760,48544
5,49309,168,0.0,6326,760,48549
3,49312,168,0.0,6327,760,48552
6,49318,168,0.0,6328,760,48558
2,49320,168,0.0,6329,760,48560
7,49327,168,0.0,6330,760,48567
9,49336,168,0.0,6331,760,48576
8,49344,168,0.0,6332,760,48584
4,49348,168,0.0,6333,760,48588
7,49355,168,0.0,6334,760,48595
2,49357,168,0.0,6335,760,48597
7,49364,168,0.0,6336,760,48604
4,49368,168,0.0,6337,760,48608
20,49388,168,0.0,6338,760,48628
5,49393,168,0.0,6339,760,48633
2,49395,168,0.0,6340,760,48635
13,49408,168,0.0,6341,760,48648
2,49410,168,0.0,6342,760,48650
3,49413,168,0.0,6343,760,48653
5,49418,168,0.0,6344,760,48658
5,49423,168,0.0,6345,760,48663
9,49432,168,0.0,6346,760,48672
2,49434,168,0.0,6347,760,48674
22,49456,168,0.0,6348,760,48696
7,49463,168,0.0,6349,760,48703
2,49465,168,0.0,6350,760,48705
5,49470,168,0.0,6351,760,48710
8,49478,168,0.0,6352,760,48718
5,49483,168,0.0,6353,760,48723
9,49492,168,0.0,6354,760,48732
3,49495,168,0.0,6355,760,48735
16,49511,168,0.0,6356,760,48751
4,49515,168,0.0,6357,760,48755
2,49517,168,0.0,6358,760,48757
4,49521,168,0.0,6359,760,48761
6,49527,168,0.0,6360,760,48767
11,49538,168,0.0,6361,760,48778
2,49540,168,0.0,6362,760,48780
5,49545,168,0.0,6363,760,48785
5,49550,168,0.0,6364,760,48790
3,49553,168,0.0,6365,760,48793
15,49568,168,0.0,6366,760,48808
11,49579,168,0.0,6367,760,48819
4,49583,168,0.0,6368,760,48823
12,49595,168,0.0,6369,760,48835
3,49598,168,0.0,6370,760,48838
11,49609,169,1.0,6371,760,48849
3,49612,169,0.0,6372,760,48852
4,49616,169,0.0,6373,760,48856
6,49622,169,0.0,6374,760,48862
7,49629,169,0.0,6375,760,48869
10,49639,169,0.0,6376,760,48879
13,49652,169,0.0,6377,760,48892
12,49664,169,0.0,6378,760,48904
6,49670,169,0.0,6379,760,48910
6,49676,169,0.0,6380,760,48916
4,49680,169,0.0,6381,760,48920
5,49685,169,0.0,6382,760,48925
11,49696,169,0.0,6383,760,48936
2,49698,169,0.0,6384,760,48938
6,49704,169,0.0,6385,760,48944
9,49713,169,0.0,6386,760,48953
4,49717,169,0.0,6387,760,48957
8,49725,169,0.0,6388,760,48965
6,49731,169,0.0,6389,760,48971
2,49733,169,0.0,6390,760,48973
5,49738,169,0.0,6391,760,48978
14,49752,169,0.0,6392,760,48992
4,49756,169,0.0,6393,760,48996
13,49769,169,0.0,6394,760,49009
5,49774,169,0.0,6395,760,49014
5,49779,169,0.0,6396,760,49019
6,49785,169,0.0,6397,760,49025
7,49792,169,0.0,6398,760,49032
16,49808,169,0.0,6399,760,49048
6,49814,169,0.0,6400,760,49054
3,49817,169,0.0,6401,760,49057
2,49819,169,0.0,6402,760,49059
11,49830,170,1.0,6403,760,49070
2,49832,170,0.0,6404,760,49072
11,49843,170,0.0,6405,760,49083
7,49850,170,0.0,6406,760,49090
3,49853,170,0.0,6407,760,49093
5,49858,170,0.0,6408,760,49098
5,49863,170,0.0,6409,760,49103
2,49865,170,0.0,6410,760,49105
10,49875,170,0.0,6411,760,49115
11,49886,170,0.0,6412,760,49126
11,49897,171,1.0,6413,760,49137
2,49899,171,0.0,6414,760,49139
3,49902,171,0.0,6415,760,49142
4,49906,171,0.0,6416,760,49146
12,49918,171,0.0,6417,760,49158
7,49925,171,0.0,6418,760,49165
12,49937,171,0.0,6419,760,49177
5,49942,171,0.0,6420,760,49182
11,49953,171,0.0,6421,760,49193
8,49961,171,0.0,6422,760,49201
4,49965,171,0.0,6423,760,49205
12,49977,171,0.0,6424,760,49217
2,49979,171,0.0,6425,760,49219
15,49994,171,0.0,6426,760,49234
6,50000,171,0.0,6427,760,49240
25,50025,171,0.0,6428,760,49265
30,50055,171,0.0,6429,760,49295
13,50068,171,0.0,6430,760,49308
25,50093,171,0.0,6431,760,49333
14,50107,171,0.0,6432,760,49347
7,50114,171,0.0,6433,760,49354
6,50120,171,0.0,6434,760,49360
5,50125,171,0.0,6435,760,49365
5,50130,171,0.0,6436,760,49370
10,50140,171,0.0,6437,760,49380
8,50148,171,0.0,6438,760,49388
11,50159,172,1.0,6439,760,49399
8,50167,172,0.0,6440,760,49407
5,50172,172,0.0,6441,760,49412
6,50178,172,0.0,6442,760,49418
4,50182,172,0.0,6443,760,49422
2,50184,172,0.0,6444,760,49424
11,50195,173,1.0,6445,760,49435
4,50199,173,0.0,6446,760,49439
11,50210,174,1.0,6447,760,49450
5,50215,174,0.0,6448,760,49455
5,50220,174,0.0,6449,760,49460
3,50223,174,0.0,6450,760,49463
10,50233,174,0.0,6451,760,49473
2,50235,174,0.0,6452,760,49475
2,50237,174,0.0,6453,760,49477
2,50239,174,0.0,6454,760,49479
2,50241,174,0.0,6455,760,49481
5,50246,174,0.0,6456,760,49486
3,50249,174,0.0,6457,760,49489
4,50253,174,0.0,6458,760,49493
14,50267,174,0.0,6459,760,49507
3,50270,174,0.0,6460,760,49510
5,50275,174,0.0,6461,760,49515
6,50281,174,0.0,6462,760,49521
5,50286,174,0.0,6463,760,49526
4,50290,174,0.0,6464,760,49530
5,50295,174,0.0,6465,760,49535
12,50307,174,0.0,6466,760,49547
4,50311,174,0.0,6467,760,49551
5,50316,174,0.0,6468,760,49556
12,50328,174,0.0,6469,760,49568
5,50333,174,0.0,6470,760,49573
8,50341,174,0.0,6471,760,49581
5,50346,174,0.0,6472,760,49586
5,50351,174,0.0,6473,760,49591
10,50361,174,0.0,6474,760,49601
14,50375,174,0.0,6475,760,49615
6,50381,174,0.0,6476,760,49621
7,50388,174,0.0,6477,760,49628
20,50408,174,0.0,6478,760,49648
2,50410,174,0.0,6479,760,49650
11,50421,174,0.0,6480,760,49661
17,50438,174,0.0,6481,760,49678
11,50449,174,0.0,6482,760,49689
5,50454,174,0.0,6483,760,49694
21,50475,174,0.0,6484,760,49715
5,50480,174,0.0,6485,760,49720
7,50487,174,0.0,6486,760,49727
2,50489,174,0.0,6487,760,49729
2,50491,174,0.0,6488,760,49731
5,50496,174,0.0,6489,760,49736
15,50511,174,0.0,6490,760,49751
8,50519,174,0.0,6491,760,49759
5,50524,174,0.0,6492,760,49764
6,50530,174,0.0,6493,760,49770
4,50534,174,0.0,6494,760,49774
3,50537,174,0.0,6495,760,49777
6,50543,174,0.0,6496,760,49783
8,50551,174,0.0,6497,760,49791
12,50563,174,0.0,6498,760,49803
11,50574,174,0.0,6499,760,49814
13,50587,174,0.0,6500,760,49827
8,50595,174,0.0,6501,760,49835
2,50597,174,0.0,6502,760,49837
5,50602,174,0.0,6503,760,49842
10,50612,174,0.0,6504,760,49852
16,50628,174,0.0,6505,760,49868
19,50647,174,0.0,6506,760,49887
5,50652,174,0.0,6507,760,49892
9,50661,174,0.0,6508,760,49901
19,50680,174,0.0,6509,760,49920
5,50685,174,0.0,6510,760,49925
7,50692,174,0.0,6511,760,49932
6,50698,174,0.0,6512,760,49938
10,50708,174,0.0,6513,760,49948
5,50713,174,0.0,6514,760,49953
6,50719,175,1.0,6515,760,49959
3,50722,175,0.0,6516,760,49962
6,50728,175,0.0,6517,760,49968
5,50733,175,0.0,6518,760,49973
10,50743,175,0.0,6519,760,49983
2,50745,175,0.0,6520,760,49985
19,50764,175,0.0,6521,760,50004
2,50766,175,0.0,6522,760,50006
5,50771,175,0.0,6523,760,50011
11,50782,175,0.0,6524,760,50022
2,50784,175,0.0,6525,760,50024
2,50786,175,0.0,6526,760,50026
10,50796,175,0.0,6527,760,50036
7,50803,175,0.0,6528,760,50043
23,50826,175,0.0,6529,760,50066
3,50829,175,0.0,6530,760,50069
2,50831,175,0.0,6531,760,50071
7,50838,175,0.0,6532,760,50078
4,50842,175,0.0,6533,760,50082
5,50847,175,0.0,6534,760,50087
11,50858,176,1.0,6535,760,50098
3,50861,176,0.0,6536,760,50101
3,50864,176,0.0,6537,760,50104
13,50877,176,0.0,6538,760,50117
3,50880,176,0.0,6539,760,50120
6,50886,176,0.0,6540,760,50126
9,50895,176,0.0,6541,760,50135
5,50900,176,0.0,6542,760,50140
2,50902,176,0.0,6543,760,50142
3,50905,176,0.0,6544,760,50145
2,50907,176,0.0,6545,760,50147
6,50913,176,0.0,6546,760,50153
22,50935,176,0.0,6547,760,50175
7,50942,176,0.0,6548,760,50182
5,50947,176,0.0,6549,760,50187
2,50949,176,0.0,6550,760,50189
11,50960,177,1.0,6551,760,50200
8,50968,177,0.0,6552,760,50208
6,50974,177,0.0,6553,760,50214
16,50990,177,0.0,6554,760,50230
8,50998,177,0.0,6555,760,50238
11,51009,177,0.0,6556,760,50249
2,51011,177,0.0,6557,760,50251
2,51013,177,0.0,6558,760,50253
4,51017,177,0.0,6559,760,50257
24,51041,177,0.0,6560,760,50281
5,51046,177,0.0,6561,760,50286
15,51061,177,0.0,6562,760,50301
3,51064,177,0.0,6563,760,50304
3,51067,177,0.0,6564,760,50307
2,51069,177,0.0,6565,760,50309
5,51074,177,0.0,6566,760,50314
5,51079,177,0.0,6567,760,50319
4,51083,177,0.0,6568,760,50323
3,51086,177,0.0,6569,760,50326
7,51093,177,0.0,6570,760,50333
3,51096,177,0.0,6571,760,50336
6,51102,177,0.0,6572,760,50342
9,51111,177,0.0,6573,760,50351
7,51118,177,0.0,6574,760,50358
3,51121,177,0.0,6575,760,50361
4,51125,177,0.0,6576,760,50365
2,51127,177,0.0,6577,760,50367
11,51138,177,0.0,6578,760,50378
6,51144,177,0.0,6579,760,50384
10,51154,177,0.0,6580,760,50394
6,51160,177,0.0,6581,760,50400
2,51162,177,0.0,6582,760,50402
15,51177,177,0.0,6583,760,50417
6,51183,177,0.0,6584,760,50423
8,51191,177,0.0,6585,760,50431
5,51196,177,0.0,6586,760,50436
19,51215,177,0.0,6587,760,50455
7,51222,177,0.0,6588,760,50462
2,51224,177,0.0,6589,760,50464
6,51230,177,0.0,6590,760,50470
7,51237,177,0.0,6591,760,50477
6,51243,177,0.0,6592,760,50483
3,51246,177,0.0,6593,760,50486
2,51248,177,0.0,6594,760,50488
11,51259,177,0.0,6595,760,50499
6,51265,177,0.0,6596,760,50505
3,51268,177,0.0,6597,760,50508
5,51273,177,0.0,6598,760,50513
8,51281,177,0.0,6599,760,50521
15,51296,177,0.0,6600,760,50536
2,51298,177,0.0,6601,760,50538
8,51306,177,0.0,6602,760,50546
7,51313,177,0.0,6603,760,50553
8,51321,177,0.0,6604,760,50561
8,51329,177,0.0,6605,760,50569
7,51336,177,0.0,6606,760,50576
8,51344,177,0.0,6607,760,50584
20,51364,177,0.0,6608,760,50604
8,51372,177,0.0,6609,760,50612
2,51374,177,0.0,6610,760,50614
17,51391,177,0.0,6611,760,50631
5,51396,177,0.0,6612,760,50636
3,51399,177,0.0,6613,760,50639
14,51413,177,0.0,6614,760,50653
24,51437,177,0.0,6615,760,50677
3,51440,177,0.0,6616,760,50680
16,51456,177,0.0,6617,760,50696
5,51461,177,0.0,6618,760,50701
6,51467,177,0.0,6619,760,50707
3,51470,177,0.0,6620,760,50710
2,51472,177,0.0,6621,760,50712
2,51474,177,0.0,6622,760,50714
8,51482,177,0.0,6623,760,50722
19,51501,177,0.0,6624,760,50741
7,51508,177,0.0,6625,760,50748
14,51522,177,0.0,6626,760,50762
6,51528,177,0.0,6627,760,50768
5,51533,177,0.0,6628,760,50773
5,51538,177,0.0,6629,760,50778
13,51551,177,0.0,6630,760,50791
2,51553,177,0.0,6631,760,50793
8,51561,177,0.0,6632,760,50801
10,51571,177,0.0,6633,760,50811
11,51582,177,0.0,6634,760,50822
8,51590,177,0.0,6635,760,50830
2,51592,177,0.0,6636,760,50832
8,51600,177,0.0,6637,760,50840
22,51622,177,0.0,6638,760,50862
5,51627,177,0.0,6639,760,50867
13,51640,177,0.0,6640,760,50880
3,51643,177,0.0,6641,760,50883
22,51665,177,0.0,6642,760,50905
4,51669,177,0.0,6643,760,50909
6,51675,177,0.0,6644,760,50915
2,51677,177,0.0,6645,760,50917
11,51688,177,0.0,6646,760,50928
11,51699,177,0.0,6647,760,50939
3,51702,177,0.0,6648,760,50942
8,51710,177,0.0,6649,760,50950
2,51712,177,0.0,6650,760,50952
2,51714,177,0.0,6651,760,50954
5,51719,177,0.0,6652,760,50959
6,51725,177,0.0,6653,760,50965
6,51731,177,0.0,6654,760,50971
15,51746,177,0.0,6655,760,50986
6,51752,177,0.0,6656,760,50992
8,51760,177,0.0,6657,760,51000
13,51773,177,0.0,6658,760,51013
5,51778,177,0.0,6659,760,51018
9,51787,177,0.0,6660,760,51027
7,51794,177,0.0,6661,760,51034
24,51818,177,0.0,6662,760,51058
13,51831,177,0.0,6663,760,51071
9,51840,177,0.0,6664,760,51080
5,51845,177,0.0,6665,760,51085
13,51858,177,0.0,6666,760,51098
11,51869,177,0.0,6667,760,51109
2,51871,177,0.0,6668,760,51111
3,51874,177,0.0,6669,760,51114
2,51876,177,0.0,6670,760,51116
4,51880,177,0.0,6671,760,51120
3,51883,177,0.0,6672,760,51123
11,51894,177,0.0,6673,760,51134
2,51896,177,0.0,6674,760,51136
6,51902,177,0.0,6675,760,51142
2,51904,177,0.0,6676,760,51144
14,51918,177,0.0,6677,760,51158
5,51923,177,0.0,6678,760,51163
9,51932,177,0.0,6679,760,51172
13,51945,177,0.0,6680,760,51185
2,51947,177,0.0,6681,760,51187
7,51954,177,0.0,6682,760,51194
6,51960,177,0.0,6683,760,51200
8,51968,177,0.0,6684,760,51208
5,51973,177,0.0,6685,760,51213
12,51985,177,0.0,6686,760,51225
6,51991,177,0.0,6687,760,51231
2,51993,177,0.0,6688,760,51233
16,52009,177,0.0,6689,760,51249
11,52020,177,0.0,6690,760,51260
4,52024,177,0.0,6691,760,51264
5,52029,177,0.0,6692,760,51269
5,52034,177,0.0,6693,760,51274
3,52037,177,0.0,6694,760,51277
9,52046,177,0.0,6695,760,51286
19,52065,177,0.0,6696,760,51305
10,52075,177,0.0,6697,760,51315
3,52078,177,0.0,6698,760,51318
7,52085,177,0.0,6699,760,51325
7,52092,177,0.0,6700,760,51332
5,52097,177,0.0,6701,760,51337
11,52108,177,0.0,6702,760,51348
6,52114,177,0.0,6703,760,51354
8,52122,177,0.0,6704,760,51362
2,52124,177,0.0,6705,760,51364
3,52127,177,0.0,6706,760,51367
2,52129,177,0.0,6707,760,51369
8,52137,177,0.0,6708,760,51377
15,52152,177,0.0,6709,760,51392
17,52169,177,0.0,6710,760,51409
7,52176,177,0.0,6711,760,51416
3,52179,177,0.0,6712,760,51419
4,52183,177,0.0,6713,760,51423
4,52187,177,0.0,6714,760,51427
9,52196,177,0.0,6715,760,51436
7,52203,177,0.0,6716,760,51443
11,52214,177,0.0,6717,760,51454
4,52218,177,0.0,6718,760,51458
7,52225,177,0.0,6719,760,51465
20,52245,177,0.0,6720,760,51485
9,52254,177,0.0,6721,760,51494
20,52274,177,0.0,6722,760,51514
11,52285,177,0.0,6723,760,51525
2,52287,177,0.0,6724,760,51527
9,52296,177,0.0,6725,760,51536
3,52299,177,0.0,6726,760,51539
8,52307,177,0.0,6727,760,51547
2,52309,177,0.0,6728,760,51549
6,52315,177,0.0,6729,760,51555
8,52323,177,0.0,6730,760,51563
9,52332,177,0.0,6731,760,51572
7,52339,177,0.0,6732,760,51579
3,52342,177,0.0,6733,760,51582
7,52349,177,0.0,6734,760,51589
4,52353,177,0.0,6735,760,51593
11,52364,178,1.0,6736,760,51604
2,52366,178,0.0,6737,760,51606
4,52370,178,0.0,6738,760,51610
24,52394,178,0.0,6739,760,51634
6,52400,178,0.0,6740,760,51640
4,52404,178,0.0,6741,760,51644
23,52427,178,0.0,6742,760,51667
15,52442,178,0.0,6743,760,51682
9,52451,178,0.0,6744,760,51691
9,52460,178,0.0,6745,760,51700
3,52463,178,0.0,6746,760,51703
13,52476,178,0.0,6747,760,51716
19,52495,178,0.0,6748,760,51735
11,52506,178,0.0,6749,760,51746
9,52515,178,0.0,6750,760,51755
4,52519,178,0.0,6751,760,51759
3,52522,178,0.0,6752,760,51762
2,52524,178,0.0,6753,760,51764
2,52526,178,0.0,6754,760,51766
6,52532,178,0.0,6755,760,51772
4,52536,178,0.0,6756,760,51776
6,52542,178,0.0,6757,760,51782
8,52550,178,0.0,6758,760,51790
6,52556,178,0.0,6759,760,51796
3,52559,178,0.0,6760,760,51799
9,52568,178,0.0,6761,760,51808
16,52584,178,0.0,6762,760,51824
6,52590,178,0.0,6763,760,51830
2,52592,178,0.0,6764,760,51832
5,52597,178,0.0,6765,760,51837
3,52600,178,0.0,6766,760,51840
7,52607,178,0.0,6767,760,51847
5,52612,178,0.0,6768,760,51852
25,52637,178,0.0,6769,760,51877
3,52640,178,0.0,6770,760,51880
9,52649,178,0.0,6771,760,51889
3,52652,178,0.0,6772,760,51892
6,52658,178,0.0,6773,760,51898
8,52666,178,0.0,6774,760,51906
7,52673,178,0.0,6775,760,51913
4,52677,178,0.0,6776,760,51917
8,52685,178,0.0,6777,760,51925
8,52693,178,0.0,6778,760,51933
8,52701,178,0.0,6779,760,51941
8,52709,178,0.0,6780,760,51949
3,52712,178,0.0,6781,760,51952
4,52716,178,0.0,6782,760,51956
20,52736,178,0.0,6783,760,51976
6,52742,178,0.0,6784,760,51982
3,52745,178,0.0,6785,760,51985
24,52769,178,0.0,6786,760,52009
3,52772,178,0.0,6787,760,52012
2,52774,178,0.0,6788,760,52014
4,52778,178,0.0,6789,760,52018
4,52782,178,0.0,6790,760,52022
3,52785,178,0.0,6791,760,52025
12,52797,178,0.0,6792,760,52037
2,52799,178,0.0,6793,760,52039
8,52807,178,0.0,6794,760,52047
5,52812,178,0.0,6795,760,52052
6,52818,178,0.0,6796,760,52058
9,52827,178,0.0,6797,760,52067
8,52835,178,0.0,6798,760,52075
11,52846,178,0.0,6799,760,52086
8,52854,178,0.0,6800,760,52094
10,52864,178,0.0,6801,760,52104
2,52866,178,0.0,6802,760,52106
6,52872,178,0.0,6803,760,52112
2,52874,178,0.0,6804,760,52114
11,52885,178,0.0,6805,760,52125
5,52890,178,0.0,6806,760,52130
11,52901,179,1.0,6807,760,52141
9,52910,179,0.0,6808,760,52150
3,52913,179,0.0,6809,760,52153
8,52921,179,0.0,6810,760,52161
11,52932,179,0.0,6811,760,52172
12,52944,179,0.0,6812,760,52184
3,52947,179,0.0,6813,760,52187
9,52956,179,0.0,6814,760,52196
4,52960,179,0.0,6815,760,52200
4,52964,179,0.0,6816,760,52204
4,52968,179,0.0,6817,760,52208
15,52983,179,0.0,6818,760,52223
6,52989,179,0.0,6819,760,52229
3,52992,179,0.0,6820,760,52232
5,52997,179,0.0,6821,760,52237
9,53006,179,0.0,6822,760,52246
4,53010,179,0.0,6823,760,52250
8,53018,179,0.0,6824,760,52258
11,53029,179,0.0,6825,760,52269
2,53031,179,0.0,6826,760,52271
8,53039,179,0.0,6827,760,52279
4,53043,179,0.0,6828,760,52283
9,53052,179,0.0,6829,760,52292
17,53069,179,0.0,6830,760,52309
2,53071,179,0.0,6831,760,52311
7,53078,179,0.0,6832,760,52318
7,53085,179,0.0,6833,760,52325
12,53097,179,0.0,6834,760,52337
9,53106,179,0.0,6835,760,52346
6,53112,179,0.0,6836,760,52352
14,53126,179,0.0,6837,760,52366
4,53130,179,0.0,6838,760,52370
7,53137,179,0.0,6839,760,52377
2,53139,179,0.0,6840,760,52379
3,53142,179,0.0,6841,760,52382
11,53153,179,0.0,6842,760,52393
2,53155,179,0.0,6843,760,52395
20,53175,179,0.0,6844,760,52415
6,53181,179,0.0,6845,760,52421
7,53188,179,0.0,6846,760,52428
5,53193,179,0.0,6847,760,52433
4,53197,179,0.0,6848,760,52437
4,53201,179,0.0,6849,760,52441
2,53203,179,0.0,6850,760,52443
10,53213,179,0.0,6851,760,52453
2,53215,179,0.0,6852,760,52455
14,53229,179,0.0,6853,760,52469
4,53233,179,0.0,6854,760,52473
13,53246,179,0.0,6855,760,52486
2,53248,179,0.0,6856,760,52488
4,53252,179,0.0,6857,760,52492
14,53266,179,0.0,6858,760,52506
2,53268,179,0.0,6859,760,52508
3,53271,179,0.0,6860,760,52511
11,53282,179,0.0,6861,760,52522
19,53301,179,0.0,6862,760,52541
11,53312,179,0.0,6863,760,52552
4,53316,179,0.0,6864,760,52556
4,53320,179,0.0,6865,760,52560
4,53324,179,0.0,6866,760,52564
8,53332,179,0.0,6867,760,52572
6,53338,179,0.0,6868,760,52578
2,53340,179,0.0,6869,760,52580
13,53353,179,0.0,6870,760,52593
7,53360,179,0.0,6871,760,52600
5,53365,179,0.0,6872,760,52605
3,53368,179,0.0,6873,760,52608
2,53370,179,0.0,6874,760,52610
2,53372,179,0.0,6875,760,52612
5,53377,179,0.0,6876,760,52617
13,53390,179,0.0,6877,760,52630
9,53399,179,0.0,6878,760,52639
6,53405,179,0.0,6879,760,52645
2,53407,179,0.0,6880,760,52647
4,53411,179,0.0,6881,760,52651
11,53422,179,0.0,6882,760,52662
4,53426,179,0.0,6883,760,52666
2,53428,179,0.0,6884,760,52668
3,53431,179,0.0,6885,760,52671
6,53437,179,0.0,6886,760,52677
12,53449,179,0.0,6887,760,52689
4,53453,179,0.0,6888,760,52693
10,53463,179,0.0,6889,760,52703
6,53469,179,0.0,6890,760,52709
2,53471,179,0.0,6891,760,52711
19,53490,179,0.0,6892,760,52730
7,53497,179,0.0,6893,760,52737
20,53517,179,0.0,6894,760,52757
11,53528,179,0.0,6895,760,52768
2,53530,179,0.0,6896,760,52770
6,53536,179,0.0,6897,760,52776
6,53542,179,0.0,6898,760,52782
4,53546,179,0.0,6899,760,52786
14,53560,179,0.0,6900,760,52800
5,53565,179,0.0,6901,760,52805
10,53575,179,0.0,6902,760,52815
4,53579,179,0.0,6903,760,52819
4,53583,179,0.0,6904,760,52823
11,53594,179,0.0,6905,760,52834
4,53598,179,0.0,6906,760,52838
7,53605,179,0.0,6907,760,52845
2,53607,179,0.0,6908,760,52847
24,53631,179,0.0,6909,760,52871
5,53636,179,0.0,6910,760,52876
5,53641,179,0.0,6911,760,52881
3,53644,179,0.0,6912,760,52884
11,53655,179,0.0,6913,760,52895
19,53674,179,0.0,6914,760,52914
2,53676,179,0.0,6915,760,52916
6,53682,179,0.0,6916,760,52922
2,53684,179,0.0,6917,760,52924
10,53694,179,0.0,6918,760,52934
13,53707,179,0.0,6919,760,52947
8,53715,179,0.0,6920,760,52955
2,53717,179,0.0,6921,760,52957
11,53728,179,0.0,6922,760,52968
2,53730,179,0.0,6923,760,52970
6,53736,179,0.0,6924,760,52976
4,53740,179,0.0,6925,760,52980
5,53745,179,0.0,6926,760,52985
4,53749,179,0.0,6927,760,52989
3,53752,179,0.0,6928,760,52992
9,53761,179,0.0,6929,760,53001
19,53780,179,0.0,6930,760,53020
19,53799,180,1.0,6931,760,53039
2,53801,180,0.0,6932,760,53041
3,53804,180,0.0,6933,760,53044
5,53809,180,0.0,6934,760,53049
5,53814,180,0.0,6935,760,53054
11,53825,180,0.0,6936,760,53065
3,53828,180,0.0,6937,760,53068
9,53837,180,0.0,6938,760,53077
2,53839,180,0.0,6939,760,53079
5,53844,180,0.0,6940,760,53084
22,53866,180,0.0,6941,760,53106
12,53878,180,0.0,6942,760,53118
4,53882,180,0.0,6943,760,53122
4,53886,180,0.0,6944,760,53126
5,53891,180,0.0,6945,760,53131
5,53896,180,0.0,6946,760,53136
3,53899,180,0.0,6947,760,53139
6,53905,180,0.0,6948,760,53145
11,53916,180,0.0,6949,760,53156
11,53927,180,0.0,6950,760,53167
3,53930,180,0.0,6951,760,53170
2,53932,180,0.0,6952,760,53172
4,53936,180,0.0,6953,760,53176
11,53947,181,1.0,6954,760,53187
6,53953,181,0.0,6955,760,53193
7,53960,181,0.0,6956,760,53200
12,53972,181,0.0,6957,760,53212
9,53981,181,0.0,6958,760,53221
28,54009,181,0.0,6959,760,53249
11,54020,182,1.0,6960,760,53260
3,54023,182,0.0,6961,760,53263
6,54029,182,0.0,6962,760,53269
11,54040,182,0.0,6963,760,53280
5,54045,182,0.0,6964,760,53285
2,54047,182,0.0,6965,760,53287
6,54053,182,0.0,6966,760,53293
4,54057,182,0.0,6967,760,53297
7,54064,182,0.0,6968,760,53304
13,54077,182,0.0,6969,760,53317
3,54080,182,0.0,6970,760,53320
2,54082,182,0.0,6971,760,53322
6,54088,182,0.0,6972,760,53328
7,54095,182,0.0,6973,760,53335
10,54105,182,0.0,6974,760,53345
5,54110,182,0.0,6975,760,53350
7,54117,182,0.0,6976,760,53357
4,54121,182,0.0,6977,760,53361
19,54140,182,0.0,6978,760,53380
3,54143,182,0.0,6979,760,53383
5,54148,182,0.0,6980,760,53388
6,54154,182,0.0,6981,760,53394
8,54162,182,0.0,6982,760,53402
24,54186,182,0.0,6983,760,53426
5,54191,182,0.0,6984,760,53431
2,54193,182,0.0,6985,760,53433
7,54200,182,0.0,6986,760,53440
18,54218,182,0.0,6987,760,53458
5,54223,182,0.0,6988,760,53463
5,54228,182,0.0,6989,760,53468
11,54239,182,0.0,6990,760,53479
10,54249,182,0.0,6991,760,53489
5,54254,182,0.0,6992,760,53494
2,54256,182,0.0,6993,760,53496
5,54261,182,0.0,6994,760,53501
4,54265,182,0.0,6995,760,53505
5,54270,182,0.0,6996,760,53510
8,54278,182,0.0,6997,760,53518
3,54281,182,0.0,6998,760,53521
6,54287,182,0.0,6999,760,53527
17,54304,182,0.0,7000,760,53544
5,54309,182,0.0,7001,760,53549
8,54317,182,0.0,7002,760,53557
11,54328,182,0.0,7003,760,53568
4,54332,182,0.0,7004,760,53572
5,54337,182,0.0,7005,760,53577
8,54345,182,0.0,7006,760,53585
4,54349,182,0.0,7007,760,53589
5,54354,182,0.0,7008,760,53594
9,54363,182,0.0,7009,760,53603
2,54365,182,0.0,7010,760,53605
3,54368,182,0.0,7011,760,53608
28,54396,182,0.0,7012,760,53636
26,54422,182,0.0,7013,760,53662
15,54437,182,0.0,7014,760,53677
7,54444,182,0.0,7015,760,53684
5,54449,182,0.0,7016,760,53689
4,54453,182,0.0,7017,760,53693
4,54457,182,0.0,7018,760,53697
2,54459,182,0.0,7019,760,53699
6,54465,182,0.0,7020,760,53705
13,54478,182,0.0,7021,760,53718
7,54485,182,0.0,7022,760,53725
4,54489,182,0.0,7023,760,53729
10,54499,182,0.0,7024,760,53739
7,54506,182,0.0,7025,760,53746
3,54509,182,0.0,7026,760,53749
15,54524,182,0.0,7027,760,53764
4,54528,182,0.0,7028,760,53768
7,54535,182,0.0,7029,760,53775
17,54552,182,0.0,7030,760,53792
16,54568,182,0.0,7031,760,53808
14,54582,182,0.0,7032,760,53822
2,54584,182,0.0,7033,760,53824
10,54594,182,0.0,7034,760,53834
13,54607,182,0.0,7035,760,53847
4,54611,182,0.0,7036,760,53851
4,54615,182,0.0,7037,760,53855
3,54618,182,0.0,7038,760,53858
3,54621,182,0.0,7039,760,53861
4,54625,182,0.0,7040,760,53865
8,54633,182,0.0,7041,760,53873
3,54636,182,0.0,7042,760,53876
11,54647,183,1.0,7043,760,53887
4,54651,183,0.0,7044,760,53891
5,54656,183,0.0,7045,760,53896
3,54659,183,0.0,7046,760,53899
11,54670,183,0.0,7047,760,53910
8,54678,183,0.0,7048,760,53918
3,54681,183,0.0,7049,760,53921
26,54707,183,0.0,7050,760,53947
2,54709,183,0.0,7051,760,53949
2,54711,183,0.0,7052,760,53951
2,54713,183,0.0,7053,760,53953
5,54718,183,0.0,7054,760,53958
14,54732,183,0.0,7055,760,53972
12,54744,183,0.0,7056,760,53984
4,54748,183,0.0,7057,760,53988
5,54753,183,0.0,7058,760,53993
2,54755,183,0.0,7059,760,53995
14,54769,183,0.0,7060,760,54009
19,54788,183,0.0,7061,760,54028
10,54798,183,0.0,7062,760,54038
13,54811,183,0.0,7063,760,54051
8,54819,183,0.0,7064,760,54059
3,54822,183,0.0,7065,760,54062
10,54832,183,0.0,7066,760,54072
8,54840,183,0.0,7067,760,54080
11,54851,183,0.0,7068,760,54091
2,54853,183,0.0,7069,760,54093
11,54864,183,0.0,7070,760,54104
9,54873,183,0.0,7071,760,54113
6,54879,183,0.0,7072,760,54119
8,54887,183,0.0,7073,760,54127
7,54894,183,0.0,7074,760,54134
13,54907,183,0.0,7075,760,54147
13,54920,183,0.0,7076,760,54160
2,54922,183,0.0,7077,760,54162
22,54944,183,0.0,7078,760,54184
8,54952,183,0.0,7079,760,54192
3,54955,183,0.0,7080,760,54195
2,54957,183,0.0,7081,760,54197
11,54968,184,1.0,7082,760,54208
7,54975,184,0.0,7083,760,54215
11,54986,184,0.0,7084,760,54226
10,54996,184,0.0,7085,760,54236
2,54998,184,0.0,7086,760,54238
9,55007,184,0.0,7087,760,54247
12,55019,184,0.0,7088,760,54259
2,55021,184,0.0,7089,760,54261
6,55027,184,0.0,7090,760,54267
5,55032,184,0.0,7091,760,54272
3,55035,184,0.0,7092,760,54275
4,55039,184,0.0,7093,760,54279
12,55051,184,0.0,7094,760,54291
6,55057,184,0.0,7095,760,54297
18,55075,184,0.0,7096,760,54315
3,55078,184,0.0,7097,760,54318
10,55088,184,0.0,7098,760,54328
8,55096,184,0.0,7099,760,54336
2,55098,184,0.0,7100,760,54338
2,55100,184,0.0,7101,760,54340
8,55108,184,0.0,7102,760,54348
22,55130,184,0.0,7103,760,54370
26,55156,184,0.0,7104,760,54396
7,55163,184,0.0,7105,760,54403
4,55167,184,0.0,7106,760,54407
5,55172,184,0.0,7107,760,54412
12,55184,184,0.0,7108,760,54424
2,55186,184,0.0,7109,760,54426
24,55210,184,0.0,7110,760,54450
7,55217,184,0.0,7111,760,54457
4,55221,184,0.0,7112,760,54461
5,55226,184,0.0,7113,760,54466
18,55244,184,0.0,7114,760,54484
24,55268,184,0.0,7115,760,54508
2,55270,184,0.0,7116,760,54510
7,55277,184,0.0,7117,760,54517
3,55280,184,0.0,7118,760,54520
6,55286,184,0.0,7119,760,54526
18,55304,184,0.0,7120,760,54544
3,55307,184,0.0,7121,760,54547
3,55310,184,0.0,7122,760,54550
3,55313,184,0.0,7123,760,54553
11,55324,184,0.0,7124,760,54564
7,55331,184,0.0,7125,760,54571
24,55355,185,1.0,7126,760,54595
14,55369,185,0.0,7127,760,54609
7,55376,185,0.0,7128,760,54616
10,55386,185,0.0,7129,760,54626
4,55390,185,0.0,7130,760,54630
2,55392,185,0.0,7131,760,54632
7,55399,185,0.0,7132,760,54639
13,55412,185,0.0,7133,760,54652
6,55418,185,0.0,7134,760,54658
6,55424,185,0.0,7135,760,54664
8,55432,185,0.0,7136,760,54672
4,55436,185,0.0,7137,760,54676
4,55440,185,0.0,7138,760,54680
2,55442,185,0.0,7139,760,54682
3,55445,185,0.0,7140,760,54685
17,55462,185,0.0,7141,760,54702
2,55464,185,0.0,7142,760,54704
12,55476,185,0.0,7143,760,54716
6,55482,185,0.0,7144,760,54722
16,55498,185,0.0,7145,760,54738
6,55504,185,0.0,7146,760,54744
8,55512,185,0.0,7147,760,54752
2,55514,185,0.0,7148,760,54754
2,55516,185,0.0,7149,760,54756
7,55523,185,0.0,7150,760,54763
3,55526,185,0.0,7151,760,54766
8,55534,185,0.0,7152,760,54774
19,55553,185,0.0,7153,760,54793
6,55559,185,0.0,7154,760,54799
10,55569,185,0.0,7155,760,54809
16,55585,185,0.0,7156,760,54825
19,55604,185,0.0,7157,760,54844
2,55606,185,0.0,7158,760,54846
8,55614,185,0.0,7159,760,54854
8,55622,185,0.0,7160,760,54862
2,55624,185,0.0,7161,760,54864
24,55648,185,0.0,7162,760,54888
4,55652,185,0.0,7163,760,54892
3,55655,185,0.0,7164,760,54895
2,55657,185,0.0,7165,760,54897
8,55665,185,0.0,7166,760,54905
24,55689,185,0.0,7167,760,54929
6,55695,185,0.0,7168,760,54935
19,55714,185,0.0,7169,760,54954
2,55716,185,0.0,7170,760,54956
8,55724,185,0.0,7171,760,54964
10,55734,185,0.0,7172,760,54974
3,55737,185,0.0,7173,760,54977
6,55743,185,0.0,7174,760,54983
9,55752,185,0.0,7175,760,54992
11,55763,185,0.0,7176,760,55003
5,55768,185,0.0,7177,760,55008
5,55773,185,0.0,7178,760,55013
19,55792,185,0.0,7179,760,55032
5,55797,185,0.0,7180,760,55037
7,55804,185,0.0,7181,760,55044
4,55808,185,0.0,7182,760,55048
4,55812,185,0.0,7183,760,55052
2,55814,185,0.0,7184,760,55054
8,55822,185,0.0,7185,760,55062
5,55827,185,0.0,7186,760,55067
5,55832,185,0.0,7187,760,55072
9,55841,185,0.0,7188,760,55081
6,55847,185,0.0,7189,760,55087
10,55857,185,0.0,7190,760,55097
13,55870,185,0.0,7191,760,55110
5,55875,185,0.0,7192,760,55115
6,55881,185,0.0,7193,760,55121
7,55888,185,0.0,7194,760,55128
10,55898,185,0.0,7195,760,55138
3,55901,185,0.0,7196,760,55141
5,55906,185,0.0,7197,760,55146
5,55911,185,0.0,7198,760,55151
2,55913,185,0.0,7199,760,55153
11,55924,185,0.0,7200,760,55164
8,55932,185,0.0,7201,760,55172
22,55954,185,0.0,7202,760,55194
5,55959,185,0.0,7203,760,55199
7,55966,185,0.0,7204,760,55206
5,55971,185,0.0,7205,760,55211
20,55991,185,0.0,7206,760,55231
7,55998,185,0.0,7207,760,55238
4,56002,185,0.0,7208,760,55242
15,56017,185,0.0,7209,760,55257
25,56042,185,0.0,7210,760,55282
2,56044,185,0.0,7211,760,55284
2,56046,185,0.0,7212,760,55286
11,56057,185,0.0,7213,760,55297
19,56076,186,1.0,7214,760,55316
5,56081,186,0.0,7215,760,55321
6,56087,186,0.0,7216,760,55327
8,56095,186,0.0,7217,760,55335
3,56098,186,0.0,7218,760,55338
13,56111,186,0.0,7219,760,55351
28,56139,186,0.0,7220,760,55379
3,56142,186,0.0,7221,760,55382
5,56147,186,0.0,7222,760,55387
5,56152,186,0.0,7223,760,55392
64,56216,186,0.0,7224,760,55456
36,56252,186,0.0,7225,760,55492
2,56254,186,0.0,7226,760,55494
11,56265,186,0.0,7227,760,55505
18,56283,186,0.0,7228,760,55523
6,56289,186,0.0,7229,760,55529
5,56294,186,0.0,7230,760,55534
27,56321,186,0.0,7231,760,55561
8,56329,186,0.0,7232,760,55569
10,56339,186,0.0,7233,760,55579
6,56345,186,0.0,7234,760,55585
24,56369,186,0.0,7235,760,55609
6,56375,186,0.0,7236,760,55615
7,56382,186,0.0,7237,760,55622
4,56386,186,0.0,7238,760,55626
8,56394,186,0.0,7239,760,55634
9,56403,186,0.0,7240,760,55643
20,56423,186,0.0,7241,760,55663
8,56431,186,0.0,7242,760,55671
5,56436,186,0.0,7243,760,55676
11,56447,186,0.0,7244,760,55687
7,56454,186,0.0,7245,760,55694
13,56467,186,0.0,7246,760,55707
24,56491,186,0.0,7247,760,55731
3,56494,186,0.0,7248,760,55734
22,56516,186,0.0,7249,760,55756
11,56527,186,0.0,7250,760,55767
14,56541,186,0.0,7251,760,55781
8,56549,186,0.0,7252,760,55789
9,56558,186,0.0,7253,760,55798
16,56574,186,0.0,7254,760,55814
2,56576,186,0.0,7255,760,55816
5,56581,186,0.0,7256,760,55821
2,56583,186,0.0,7257,760,55823
2,56585,186,0.0,7258,760,55825
17,56602,186,0.0,7259,760,55842
3,56605,186,0.0,7260,760,55845
4,56609,186,0.0,7261,760,55849
4,56613,186,0.0,7262,760,55853
5,56618,186,0.0,7263,760,55858
5,56623,186,0.0,7264,760,55863
3,56626,186,0.0,7265,760,55866
2,56628,186,0.0,7266,760,55868
2,56630,186,0.0,7267,760,55870
7,56637,186,0.0,7268,760,55877
2,56639,186,0.0,7269,760,55879
8,56647,186,0.0,7270,760,55887
12,56659,186,0.0,7271,760,55899
11,56670,186,0.0,7272,760,55910
11,56681,186,0.0,7273,760,55921
13,56694,186,0.0,7274,760,55934
8,56702,186,0.0,7275,760,55942
11,56713,186,0.0,7276,760,55953
10,56723,186,0.0,7277,760,55963
7,56730,186,0.0,7278,760,55970
6,56736,186,0.0,7279,760,55976
9,56745,186,0.0,7280,760,55985
3,56748,186,0.0,7281,760,55988
3,56751,186,0.0,7282,760,55991
5,56756,186,0.0,7283,760,55996
7,56763,186,0.0,7284,760,56003
8,56771,186,0.0,7285,760,56011
3,56774,186,0.0,7286,760,56014
5,56779,186,0.0,7287,760,56019
11,56790,186,0.0,7288,760,56030
11,56801,186,0.0,7289,760,56041
18,56819,186,0.0,7290,760,56059
12,56831,186,0.0,7291,760,56071
2,56833,186,0.0,7292,760,56073
2,56835,186,0.0,7293,760,56075
5,56840,186,0.0,7294,760,56080
3,56843,186,0.0,7295,760,56083
24,56867,186,0.0,7296,760,56107
4,56871,186,0.0,7297,760,56111
5,56876,186,0.0,7298,760,56116
15,56891,186,0.0,7299,760,56131
7,56898,186,0.0,7300,760,56138
10,56908,186,0.0,7301,760,56148
7,56915,186,0.0,7302,760,56155
11,56926,187,1.0,7303,760,56166
4,56930,187,0.0,7304,760,56170
10,56940,187,0.0,7305,760,56180
20,56960,187,0.0,7306,760,56200
7,56967,187,0.0,7307,760,56207
2,56969,187,0.0,7308,760,56209
6,56975,187,0.0,7309,760,56215
3,56978,187,0.0,7310,760,56218
4,56982,187,0.0,7311,760,56222
4,56986,187,0.0,7312,760,56226
6,56992,188,1.0,7313,760,56232
5,56997,188,0.0,7314,760,56237
11,57008,188,0.0,7315,760,56248
9,57017,188,0.0,7316,760,56257
28,57045,188,0.0,7317,760,56285
11,57056,188,0.0,7318,760,56296
17,57073,188,0.0,7319,760,56313
15,57088,188,0.0,7320,760,56328
2,57090,188,0.0,7321,760,56330
6,57096,188,0.0,7322,760,56336
2,57098,188,0.0,7323,760,56338
12,57110,188,0.0,7324,760,56350
4,57114,188,0.0,7325,760,56354
3,57117,188,0.0,7326,760,56357
5,57122,188,0.0,7327,760,56362
11,57133,188,0.0,7328,760,56373
11,57144,188,0.0,7329,760,56384
5,57149,188,0.0,7330,760,56389
7,57156,188,0.0,7331,760,56396
2,57158,188,0.0,7332,760,56398
3,57161,188,0.0,7333,760,56401
4,57165,188,0.0,7334,760,56405
2,57167,188,0.0,7335,760,56407
14,57181,188,0.0,7336,760,56421
6,57187,188,0.0,7337,760,56427
12,57199,188,0.0,7338,760,56439
11,57210,188,0.0,7339,760,56450
5,57215,188,0.0,7340,760,56455
5,57220,188,0.0,7341,760,56460
14,57234,188,0.0,7342,760,56474
9,57243,188,0.0,7343,760,56483
14,57257,188,0.0,7344,760,56497
2,57259,188,0.0,7345,760,56499
5,57264,188,0.0,7346,760,56504
4,57268,188,0.0,7347,760,56508
4,57272,188,0.0,7348,760,56512
2,57274,188,0.0,7349,760,56514
7,57281,188,0.0,7350,760,56521
2,57283,188,0.0,7351,760,56523
7,57290,188,0.0,7352,760,56530
3,57293,188,0.0,7353,760,56533
9,57302,188,0.0,7354,760,56542
8,57310,188,0.0,7355,760,56550
6,57316,188,0.0,7356,760,56556
6,57322,188,0.0,7357,760,56562
8,57330,188,0.0,7358,760,56570
4,57334,188,0.0,7359,760,56574
3,57337,188,0.0,7360,760,56577
2,57339,188,0.0,7361,760,56579
8,57347,188,0.0,7362,760,56587
3,57350,188,0.0,7363,760,56590
6,57356,188,0.0,7364,760,56596
13,57369,188,0.0,7365,760,56609
4,57373,188,0.0,7366,760,56613
28,57401,189,1.0,7367,760,56641
14,57415,189,0.0,7368,760,56655
20,57435,189,0.0,7369,760,56675
24,57459,189,0.0,7370,760,56699
28,57487,189,0.0,7371,760,56727
7,57494,189,0.0,7372,760,56734
2,57496,189,0.0,7373,760,56736
5,57501,189,0.0,7374,760,56741
5,57506,189,0.0,7375,760,56746
17,57523,189,0.0,7376,760,56763
8,57531,189,0.0,7377,760,56771
2,57533,189,0.0,7378,760,56773
7,57540,189,0.0,7379,760,56780
2,57542,189,0.0,7380,760,56782
3,57545,189,0.0,7381,760,56785
6,57551,189,0.0,7382,760,56791
12,57563,189,0.0,7383,760,56803
2,57565,189,0.0,7384,760,56805
8,57573,189,0.0,7385,760,56813
2,57575,189,0.0,7386,760,56815
4,57579,189,0.0,7387,760,56819
11,57590,189,0.0,7388,760,56830
8,57598,189,0.0,7389,760,56838
3,57601,189,0.0,7390,760,56841
6,57607,190,1.0,7391,760,56847
13,57620,190,0.0,7392,760,56860
9,57629,190,0.0,7393,760,56869
9,57638,190,0.0,7394,760,56878
11,57649,190,0.0,7395,760,56889
7,57656,190,0.0,7396,760,56896
8,57664,190,0.0,7397,760,56904
2,57666,190,0.0,7398,760,56906
4,57670,190,0.0,7399,760,56910
3,57673,190,0.0,7400,760,56913
6,57679,190,0.0,7401,760,56919
11,57690,191,1.0,7402,760,56930
3,57693,191,0.0,7403,760,56933
5,57698,191,0.0,7404,760,56938
4,57702,191,0.0,7405,760,56942
11,57713,191,0.0,7406,760,56953
24,57737,191,0.0,7407,760,56977
13,57750,191,0.0,7408,760,56990
4,57754,191,0.0,7409,760,56994
5,57759,191,0.0,7410,760,56999
32,57791,191,0.0,7411,760,57031
10,57801,191,0.0,7412,760,57041
12,57813,191,0.0,7413,760,57053
8,57821,191,0.0,7414,760,57061
13,57834,191,0.0,7415,760,57074
2,57836,191,0.0,7416,760,57076
3,57839,191,0.0,7417,760,57079
29,57868,191,0.0,7418,760,57108
8,57876,191,0.0,7419,760,57116
24,57900,191,0.0,7420,760,57140
9,57909,191,0.0,7421,760,57149
5,57914,191,0.0,7422,760,57154
8,57922,191,0.0,7423,760,57162
5,57927,191,0.0,7424,760,57167
5,57932,191,0.0,7425,760,57172
12,57944,191,0.0,7426,760,57184
5,57949,191,0.0,7427,760,57189
8,57957,191,0.0,7428,760,57197
3,57960,191,0.0,7429,760,57200
20,57980,191,0.0,7430,760,57220
11,57991,191,0.0,7431,760,57231
10,58001,191,0.0,7432,760,57241
5,58006,191,0.0,7433,760,57246
2,58008,191,0.0,7434,760,57248
5,58013,191,0.0,7435,760,57253
2,58015,191,0.0,7436,760,57255
2,58017,191,0.0,7437,760,57257
2,58019,191,0.0,7438,760,57259
13,58032,191,0.0,7439,760,57272
6,58038,191,0.0,7440,760,57278
11,58049,192,1.0,7441,760,57289
4,58053,192,0.0,7442,760,57293
5,58058,192,0.0,7443,760,57298
2,58060,192,0.0,7444,760,57300
7,58067,192,0.0,7445,760,57307
5,58072,192,0.0,7446,760,57312
9,58081,192,0.0,7447,760,57321
6,58087,192,0.0,7448,760,57327
11,58098,192,0.0,7449,760,57338
8,58106,192,0.0,7450,760,57346
2,58108,192,0.0,7451,760,57348
9,58117,192,0.0,7452,760,57357
3,58120,192,0.0,7453,760,57360
8,58128,192,0.0,7454,760,57368
5,58133,192,0.0,7455,760,57373
13,58146,192,0.0,7456,760,57386
12,58158,192,0.0,7457,760,57398
3,58161,192,0.0,7458,760,57401
8,58169,192,0.0,7459,760,57409
7,58176,192,0.0,7460,760,57416
35,58211,192,0.0,7461,760,57451
2,58213,192,0.0,7462,760,57453
5,58218,192,0.0,7463,760,57458
6,58224,192,0.0,7464,760,57464
11,58235,192,0.0,7465,760,57475
2,58237,192,0.0,7466,760,57477
7,58244,192,0.0,7467,760,57484
22,58266,192,0.0,7468,760,57506
3,58269,192,0.0,7469,760,57509
11,58280,192,0.0,7470,760,57520
2,58282,192,0.0,7471,760,57522
14,58296,192,0.0,7472,760,57536
11,58307,193,1.0,7473,760,57547
5,58312,193,0.0,7474,760,57552
4,58316,193,0.0,7475,760,57556
4,58320,193,0.0,7476,760,57560
3,58323,193,0.0,7477,760,57563
9,58332,193,0.0,7478,760,57572
8,58340,193,0.0,7479,760,57580
19,58359,193,0.0,7480,760,57599
5,58364,193,0.0,7481,760,57604
10,58374,193,0.0,7482,760,57614
8,58382,193,0.0,7483,760,57622
6,58388,193,0.0,7484,760,57628
5,58393,193,0.0,7485,760,57633
4,58397,193,0.0,7486,760,57637
20,58417,193,0.0,7487,760,57657
8,58425,193,0.0,7488,760,57665
3,58428,193,0.0,7489,760,57668
4,58432,193,0.0,7490,760,57672
2,58434,193,0.0,7491,760,57674
15,58449,193,0.0,7492,760,57689
16,58465,193,0.0,7493,760,57705
11,58476,193,0.0,7494,760,57716
13,58489,193,0.0,7495,760,57729
4,58493,193,0.0,7496,760,57733
24,58517,193,0.0,7497,760,57757
15,58532,193,0.0,7498,760,57772
10,58542,193,0.0,7499,760,57782
5,58547,193,0.0,7500,760,57787
5,58552,193,0.0,7501,760,57792
35,58587,193,0.0,7502,760,57827
11,58598,193,0.0,7503,760,57838
9,58607,193,0.0,7504,760,57847
6,58613,193,0.0,7505,760,57853
3,58616,193,0.0,7506,760,57856
6,58622,193,0.0,7507,760,57862
5,58627,193,0.0,7508,760,57867
8,58635,193,0.0,7509,760,57875
10,58645,193,0.0,7510,760,57885
3,58648,193,0.0,7511,760,57888
9,58657,193,0.0,7512,760,57897
3,58660,193,0.0,7513,760,57900
6,58666,193,0.0,7514,760,57906
2,58668,193,0.0,7515,760,57908
3,58671,193,0.0,7516,760,57911
8,58679,193,0.0,7517,760,57919
11,58690,193,0.0,7518,760,57930
14,58704,193,0.0,7519,760,57944
5,58709,193,0.0,7520,760,57949
11,58720,193,0.0,7521,760,57960
6,58726,193,0.0,7522,760,57966
5,58731,193,0.0,7523,760,57971
6,58737,193,0.0,7524,760,57977
2,58739,193,0.0,7525,760,57979
3,58742,193,0.0,7526,760,57982
3,58745,193,0.0,7527,760,57985
3,58748,193,0.0,7528,760,57988
13,58761,193,0.0,7529,760,58001
28,58789,193,0.0,7530,760,58029
7,58796,193,0.0,7531,760,58036
8,58804,193,0.0,7532,760,58044
2,58806,193,0.0,7533,760,58046
6,58812,193,0.0,7534,760,58052
8,58820,193,0.0,7535,760,58060
17,58837,193,0.0,7536,760,58077
6,58843,193,0.0,7537,760,58083
4,58847,193,0.0,7538,760,58087
12,58859,193,0.0,7539,760,58099
13,58872,193,0.0,7540,760,58112
11,58883,194,1.0,7541,760,58123
2,58885,194,0.0,7542,760,58125
11,58896,195,1.0,7543,760,58136
6,58902,195,0.0,7544,760,58142
6,58908,195,0.0,7545,760,58148
10,58918,195,0.0,7546,760,58158
5,58923,195,0.0,7547,760,58163
4,58927,195,0.0,7548,760,58167
4,58931,195,0.0,7549,760,58171
7,58938,195,0.0,7550,760,58178
8,58946,195,0.0,7551,760,58186
13,58959,195,0.0,7552,760,58199
11,58970,195,0.0,7553,760,58210
5,58975,195,0.0,7554,760,58215
12,58987,195,0.0,7555,760,58227
15,59002,195,0.0,7556,760,58242
8,59010,195,0.0,7557,760,58250
3,59013,195,0.0,7558,760,58253
5,59018,195,0.0,7559,760,58258
14,59032,195,0.0,7560,760,58272
23,59055,195,0.0,7561,760,58295
3,59058,195,0.0,7562,760,58298
2,59060,195,0.0,7563,760,58300
19,59079,195,0.0,7564,760,58319
5,59084,195,0.0,7565,760,58324
5,59089,195,0.0,7566,760,58329
24,59113,195,0.0,7567,760,58353
3,59116,195,0.0,7568,760,58356
5,59121,195,0.0,7569,760,58361
38,59159,195,0.0,7570,760,58399
3,59162,195,0.0,7571,760,58402
9,59171,195,0.0,7572,760,58411
8,59179,195,0.0,7573,760,58419
18,59197,195,0.0,7574,760,58437
10,59207,195,0.0,7575,760,58447
13,59220,195,0.0,7576,760,58460
6,59226,195,0.0,7577,760,58466
5,59231,195,0.0,7578,760,58471
15,59246,195,0.0,7579,760,58486
11,59257,195,0.0,7580,760,58497
6,59263,195,0.0,7581,760,58503
5,59268,195,0.0,7582,760,58508
9,59277,195,0.0,7583,760,58517
11,59288,195,0.0,7584,760,58528
5,59293,195,0.0,7585,760,58533
3,59296,195,0.0,7586,760,58536
3,59299,195,0.0,7587,760,58539
7,59306,195,0.0,7588,760,58546
5,59311,195,0.0,7589,760,58551
4,59315,195,0.0,7590,760,58555
16,59331,195,0.0,7591,760,58571
8,59339,195,0.0,7592,760,58579
7,59346,195,0.0,7593,760,58586
15,59361,195,0.0,7594,760,58601
5,59366,195,0.0,7595,760,58606
3,59369,195,0.0,7596,760,58609
6,59375,195,0.0,7597,760,58615
4,59379,195,0.0,7598,760,58619
2,59381,195,0.0,7599,760,58621
6,59387,196,1.0,7600,760,58627
4,59391,196,0.0,7601,760,58631
3,59394,196,0.0,7602,760,58634
2,59396,196,0.0,7603,760,58636
11,59407,196,0.0,7604,760,58647
4,59411,196,0.0,7605,760,58651
10,59421,196,0.0,7606,760,58661
5,59426,196,0.0,7607,760,58666
5,59431,196,0.0,7608,760,58671
3,59434,196,0.0,7609,760,58674
3,59437,196,0.0,7610,760,58677
2,59439,196,0.0,7611,760,58679
24,59463,196,0.0,7612,760,58703
17,59480,196,0.0,7613,760,58720
3,59483,196,0.0,7614,760,58723
11,59494,196,0.0,7615,760,58734
11,59505,196,0.0,7616,760,58745
4,59509,196,0.0,7617,760,58749
16,59525,196,0.0,7618,760,58765
6,59531,196,0.0,7619,760,58771
8,59539,196,0.0,7620,760,58779
4,59543,196,0.0,7621,760,58783
2,59545,196,0.0,7622,760,58785
9,59554,196,0.0,7623,760,58794
2,59556,196,0.0,7624,760,58796
4,59560,196,0.0,7625,760,58800
6,59566,196,0.0,7626,760,58806
10,59576,196,0.0,7627,760,58816
10,59586,196,0.0,7628,760,58826
7,59593,196,0.0,7629,760,58833
5,59598,196,0.0,7630,760,58838
2,59600,196,0.0,7631,760,58840
15,59615,196,0.0,7632,760,58855
5,59620,196,0.0,7633,760,58860
5,59625,196,0.0,7634,760,58865
10,59635,196,0.0,7635,760,58875
6,59641,196,0.0,7636,760,58881
9,59650,196,0.0,7637,760,58890
6,59656,196,0.0,7638,760,58896
5,59661,196,0.0,7639,760,58901
4,59665,196,0.0,7640,760,58905
4,59669,196,0.0,7641,760,58909
2,59671,196,0.0,7642,760,58911
3,59674,196,0.0,7643,760,58914
12,59686,196,0.0,7644,760,58926
4,59690,196,0.0,7645,760,58930
3,59693,196,0.0,7646,760,58933
8,59701,196,0.0,7647,760,58941
5,59706,196,0.0,7648,760,58946
14,59720,196,0.0,7649,760,58960
16,59736,196,0.0,7650,760,58976
3,59739,196,0.0,7651,760,58979
19,59758,196,0.0,7652,760,58998
4,59762,196,0.0,7653,760,59002
3,59765,196,0.0,7654,760,59005
12,59777,196,0.0,7655,760,59017
11,59788,196,0.0,7656,760,59028
5,59793,196,0.0,7657,760,59033
9,59802,196,0.0,7658,760,59042
5,59807,196,0.0,7659,760,59047
17,59824,196,0.0,7660,760,59064
12,59836,196,0.0,7661,760,59076
3,59839,196,0.0,7662,760,59079
5,59844,196,0.0,7663,760,59084
5,59849,196,0.0,7664,760,59089
4,59853,196,0.0,7665,760,59093
24,59877,196,0.0,7666,760,59117
11,59888,196,0.0,7667,760,59128
3,59891,196,0.0,7668,760,59131
2,59893,196,0.0,7669,760,59133
4,59897,196,0.0,7670,760,59137
7,59904,196,0.0,7671,760,59144
2,59906,196,0.0,7672,760,59146
13,59919,196,0.0,7673,760,59159
6,59925,196,0.0,7674,760,59165
2,59927,196,0.0,7675,760,59167
8,59935,196,0.0,7676,760,59175
10,59945,196,0.0,7677,760,59185
12,59957,196,0.0,7678,760,59197
18,59975,196,0.0,7679,760,59215
7,59982,196,0.0,7680,760,59222
10,59992,196,0.0,7681,760,59232
5,59997,196,0.0,7682,760,59237
9,60006,196,0.0,7683,760,59246
11,60017,196,0.0,7684,760,59257
2,60019,196,0.0,7685,760,59259
11,60030,196,0.0,7686,760,59270
7,60037,196,0.0,7687,760,59277
12,60049,196,0.0,7688,760,59289
9,60058,196,0.0,7689,760,59298
4,60062,196,0.0,7690,760,59302
11,60073,196,0.0,7691,760,59313
5,60078,196,0.0,7692,760,59318
2,60080,196,0.0,7693,760,59320
6,60086,196,0.0,7694,760,59326
4,60090,196,0.0,7695,760,59330
3,60093,196,0.0,7696,760,59333
4,60097,196,0.0,7697,760,59337
5,60102,196,0.0,7698,760,59342
9,60111,196,0.0,7699,760,59351
24,60135,196,0.0,7700,760,59375
27,60162,196,0.0,7701,760,59402
5,60167,196,0.0,7702,760,59407
23,60190,196,0.0,7703,760,59430
7,60197,196,0.0,7704,760,59437
4,60201,196,0.0,7705,760,59441
6,60207,196,0.0,7706,760,59447
6,60213,196,0.0,7707,760,59453
5,60218,196,0.0,7708,760,59458
10,60228,196,0.0,7709,760,59468
11,60239,196,0.0,7710,760,59479
4,60243,196,0.0,7711,760,59483
12,60255,196,0.0,7712,760,59495
6,60261,196,0.0,7713,760,59501
20,60281,196,0.0,7714,760,59521
9,60290,196,0.0,7715,760,59530
5,60295,196,0.0,7716,760,59535
4,60299,196,0.0,7717,760,59539
7,60306,196,0.0,7718,760,59546
15,60321,196,0.0,7719,760,59561
2,60323,196,0.0,7720,760,59563
7,60330,196,0.0,7721,760,59570
13,60343,196,0.0,7722,760,59583
9,60352,196,0.0,7723,760,59592
10,60362,196,0.0,7724,760,59602
3,60365,196,0.0,7725,760,59605
5,60370,196,0.0,7726,760,59610
7,60377,196,0.0,7727,760,59617
6,60383,196,0.0,7728,760,59623
6,60389,196,0.0,7729,760,59629
2,60391,196,0.0,7730,760,59631
21,60412,196,0.0,7731,760,59652
2,60414,196,0.0,7732,760,59654
8,60422,196,0.0,7733,760,59662
3,60425,196,0.0,7734,760,59665
2,60427,196,0.0,7735,760,59667
3,60430,196,0.0,7736,760,59670
5,60435,196,0.0,7737,760,59675
5,60440,196,0.0,7738,760,59680
6,60446,196,0.0,7739,760,59686
2,60448,196,0.0,7740,760,59688
8,60456,196,0.0,7741,760,59696
6,60462,196,0.0,7742,760,59702
6,60468,196,0.0,7743,760,59708
11,60479,196,0.0,7744,760,59719
2,60481,196,0.0,7745,760,59721
5,60486,196,0.0,7746,760,59726
24,60510,196,0.0,7747,760,59750
9,60519,196,0.0,7748,760,59759
5,60524,196,0.0,7749,760,59764
5,60529,196,0.0,7750,760,59769
5,60534,196,0.0,7751,760,59774
8,60542,196,0.0,7752,760,59782
11,60553,196,0.0,7753,760,59793
19,60572,196,0.0,7754,760,59812
8,60580,196,0.0,7755,760,59820
2,60582,196,0.0,7756,760,59822
10,60592,196,0.0,7757,760,59832
6,60598,196,0.0,7758,760,59838
15,60613,196,0.0,7759,760,59853
3,60616,196,0.0,7760,760,59856
12,60628,196,0.0,7761,760,59868
5,60633,196,0.0,7762,760,59873
2,60635,196,0.0,7763,760,59875
11,60646,196,0.0,7764,760,59886
3,60649,196,0.0,7765,760,59889
4,60653,196,0.0,7766,760,59893
6,60659,196,0.0,7767,760,59899
2,60661,196,0.0,7768,760,59901
8,60669,196,0.0,7769,760,59909
3,60672,196,0.0,7770,760,59912
22,60694,196,0.0,7771,760,59934
11,60705,196,0.0,7772,760,59945
2,60707,196,0.0,7773,760,59947
4,60711,196,0.0,7774,760,59951
18,60729,196,0.0,7775,760,59969
8,60737,196,0.0,7776,760,59977
5,60742,196,0.0,7777,760,59982
10,60752,196,0.0,7778,760,59992
2,60754,196,0.0,7779,760,59994
7,60761,196,0.0,7780,760,60001
17,60778,196,0.0,7781,760,60018
24,60802,196,0.0,7782,760,60042
2,60804,196,0.0,7783,760,60044
6,60810,196,0.0,7784,760,60050
24,60834,197,1.0,7785,760,60074
3,60837,197,0.0,7786,760,60077
4,60841,197,0.0,7787,760,60081
4,60845,197,0.0,7788,760,60085
13,60858,197,0.0,7789,760,60098
11,60869,197,0.0,7790,760,60109
9,60878,197,0.0,7791,760,60118
6,60884,197,0.0,7792,760,60124
8,60892,197,0.0,7793,760,60132
12,60904,197,0.0,7794,760,60144
6,60910,197,0.0,7795,760,60150
30,60940,197,0.0,7796,760,60180
3,60943,197,0.0,7797,760,60183
11,60954,197,0.0,7798,760,60194
3,60957,197,0.0,7799,760,60197
3,60960,197,0.0,7800,760,60200
11,60971,197,0.0,7801,760,60211
7,60978,197,0.0,7802,760,60218
12,60990,197,0.0,7803,760,60230
2,60992,197,0.0,7804,760,60232
7,60999,197,0.0,7805,760,60239
3,61002,197,0.0,7806,760,60242
7,61009,197,0.0,7807,760,60249
3,61012,197,0.0,7808,760,60252
4,61016,197,0.0,7809,760,60256
7,61023,197,0.0,7810,760,60263
7,61030,197,0.0,7811,760,60270
5,61035,197,0.0,7812,760,60275
2,61037,197,0.0,7813,760,60277
2,61039,197,0.0,7814,760,60279
5,61044,197,0.0,7815,760,60284
5,61049,197,0.0,7816,760,60289
2,61051,197,0.0,7817,760,60291
15,61066,197,0.0,7818,760,60306
4,61070,197,0.0,7819,760,60310
16,61086,197,0.0,7820,760,60326
24,61110,197,0.0,7821,760,60350
5,61115,197,0.0,7822,760,60355
19,61134,197,0.0,7823,760,60374
24,61158,197,0.0,7824,760,60398
19,61177,197,0.0,7825,760,60417
4,61181,197,0.0,7826,760,60421
3,61184,197,0.0,7827,760,60424
8,61192,197,0.0,7828,760,60432
6,61198,197,0.0,7829,760,60438
5,61203,197,0.0,7830,760,60443
7,61210,197,0.0,7831,760,60450
15,61225,197,0.0,7832,760,60465
4,61229,197,0.0,7833,760,60469
12,61241,197,0.0,7834,760,60481
14,61255,197,0.0,7835,760,60495
7,61262,197,0.0,7836,760,60502
2,61264,197,0.0,7837,760,60504
7,61271,197,0.0,7838,760,60511
4,61275,197,0.0,7839,760,60515
8,61283,197,0.0,7840,760,60523
6,61289,197,0.0,7841,760,60529
6,61295,197,0.0,7842,760,60535
6,61301,197,0.0,7843,760,60541
11,61312,197,0.0,7844,760,60552
19,61331,197,0.0,7845,760,60571
2,61333,197,0.0,7846,760,60573
7,61340,197,0.0,7847,760,60580
5,61345,197,0.0,7848,760,60585
5,61350,197,0.0,7849,760,60590
6,61356,197,0.0,7850,760,60596
3,61359,197,0.0,7851,760,60599
9,61368,197,0.0,7852,760,60608
8,61376,197,0.0,7853,760,60616
5,61381,197,0.0,7854,760,60621
20,61401,197,0.0,7855,760,60641
19,61420,197,0.0,7856,760,60660
2,61422,197,0.0,7857,760,60662
8,61430,197,0.0,7858,760,60670
5,61435,197,0.0,7859,760,60675
2,61437,197,0.0,7860,760,60677
9,61446,197,0.0,7861,760,60686
4,61450,197,0.0,7862,760,60690
9,61459,197,0.0,7863,760,60699
6,61465,197,0.0,7864,760,60705
20,61485,197,0.0,7865,760,60725
3,61488,197,0.0,7866,760,60728
7,61495,197,0.0,7867,760,60735
3,61498,197,0.0,7868,760,60738
2,61500,197,0.0,7869,760,60740
10,61510,197,0.0,7870,760,60750
6,61516,197,0.0,7871,760,60756
5,61521,197,0.0,7872,760,60761
7,61528,197,0.0,7873,760,60768
7,61535,197,0.0,7874,760,60775
5,61540,197,0.0,7875,760,60780
14,61554,197,0.0,7876,760,60794
4,61558,197,0.0,7877,760,60798
11,61569,197,0.0,7878,760,60809
2,61571,197,0.0,7879,760,60811
13,61584,197,0.0,7880,760,60824
4,61588,197,0.0,7881,760,60828
4,61592,197,0.0,7882,760,60832
12,61604,197,0.0,7883,760,60844
12,61616,197,0.0,7884,760,60856
10,61626,197,0.0,7885,760,60866
19,61645,197,0.0,7886,760,60885
3,61648,197,0.0,7887,760,60888
2,61650,197,0.0,7888,760,60890
6,61656,197,0.0,7889,760,60896
4,61660,197,0.0,7890,760,60900
4,61664,197,0.0,7891,760,60904
6,61670,197,0.0,7892,760,60910
8,61678,197,0.0,7893,760,60918
4,61682,197,0.0,7894,760,60922
11,61693,197,0.0,7895,760,60933
4,61697,197,0.0,7896,760,60937
14,61711,197,0.0,7897,760,60951
7,61718,197,0.0,7898,760,60958
6,61724,197,0.0,7899,760,60964
5,61729,197,0.0,7900,760,60969
13,61742,197,0.0,7901,760,60982
7,61749,197,0.0,7902,760,60989
6,61755,197,0.0,7903,760,60995
6,61761,198,1.0,7904,760,61001
5,61766,198,0.0,7905,760,61006
5,61771,198,0.0,7906,760,61011
4,61775,198,0.0,7907,760,61015
43,61818,198,0.0,7908,760,61058
4,61822,198,0.0,7909,760,61062
24,61846,198,0.0,7910,760,61086
3,61849,198,0.0,7911,760,61089
6,61855,198,0.0,7912,760,61095
5,61860,198,0.0,7913,760,61100
10,61870,198,0.0,7914,760,61110
3,61873,198,0.0,7915,760,61113
12,61885,198,0.0,7916,760,61125
9,61894,198,0.0,7917,760,61134
2,61896,198,0.0,7918,760,61136
5,61901,198,0.0,7919,760,61141
3,61904,198,0.0,7920,760,61144
13,61917,198,0.0,7921,760,61157
6,61923,198,0.0,7922,760,61163
5,61928,198,0.0,7923,760,61168
8,61936,198,0.0,7924,760,61176
5,61941,198,0.0,7925,760,61181
6,61947,198,0.0,7926,760,61187
5,61952,198,0.0,7927,760,61192
9,61961,198,0.0,7928,760,61201
6,61967,198,0.0,7929,760,61207
6,61973,198,0.0,7930,760,61213
24,61997,198,0.0,7931,760,61237
9,62006,198,0.0,7932,760,61246
4,62010,198,0.0,7933,760,61250
2,62012,198,0.0,7934,760,61252
2,62014,198,0.0,7935,760,61254
3,62017,198,0.0,7936,760,61257
8,62025,198,0.0,7937,760,61265
6,62031,198,0.0,7938,760,61271
7,62038,198,0.0,7939,760,61278
2,62040,198,0.0,7940,760,61280
14,62054,198,0.0,7941,760,61294
11,62065,198,0.0,7942,760,61305
6,62071,198,0.0,7943,760,61311
8,62079,198,0.0,7944,760,61319
24,62103,198,0.0,7945,760,61343
7,62110,198,0.0,7946,760,61350
6,62116,199,1.0,7947,760,61356
11,62127,199,0.0,7948,760,61367
7,62134,199,0.0,7949,760,61374
11,62145,199,0.0,7950,760,61385
7,62152,199,0.0,7951,760,61392
5,62157,199,0.0,7952,760,61397
2,62159,199,0.0,7953,760,61399
7,62166,199,0.0,7954,760,61406
3,62169,199,0.0,7955,760,61409
6,62175,199,0.0,7956,760,61415
2,62177,199,0.0,7957,760,61417
17,62194,199,0.0,7958,760,61434
2,62196,199,0.0,7959,760,61436
25,62221,199,0.0,7960,760,61461
2,62223,199,0.0,7961,760,61463
7,62230,199,0.0,7962,760,61470
9,62239,199,0.0,7963,760,61479
5,62244,199,0.0,7964,760,61484
18,62262,199,0.0,7965,760,61502
9,62271,199,0.0,7966,760,61511
6,62277,200,1.0,7967,760,61517
24,62301,200,0.0,7968,760,61541
6,62307,200,0.0,7969,760,61547
4,62311,200,0.0,7970,760,61551
14,62325,200,0.0,7971,760,61565
26,62351,200,0.0,7972,760,61591
7,62358,200,0.0,7973,760,61598
2,62360,200,0.0,7974,760,61600
5,62365,200,0.0,7975,760,61605
10,62375,200,0.0,7976,760,61615
8,62383,200,0.0,7977,760,61623
4,62387,200,0.0,7978,760,61627
5,62392,200,0.0,7979,760,61632
9,62401,200,0.0,7980,760,61641
5,62406,200,0.0,7981,760,61646
2,62408,200,0.0,7982,760,61648
3,62411,200,0.0,7983,760,61651
3,62414,200,0.0,7984,760,61654
3,62417,200,0.0,7985,760,61657
7,62424,200,0.0,7986,760,61664
8,62432,200,0.0,7987,760,61672
6,62438,200,0.0,7988,760,61678
4,62442,200,0.0,7989,760,61682
7,62449,200,0.0,7990,760,61689
7,62456,200,0.0,7991,760,61696
6,62462,200,0.0,7992,760,61702
7,62469,200,0.0,7993,760,61709
7,62476,200,0.0,7994,760,61716
8,62484,200,0.0,7995,760,61724
11,62495,200,0.0,7996,760,61735
24,62519,200,0.0,7997,760,61759
6,62525,200,0.0,7998,760,61765
2,62527,200,0.0,7999,760,61767
6,62533,200,0.0,8000,760,61773
18,62551,200,0.0,8001,760,61791
8,62559,200,0.0,8002,760,61799
11,62570,200,0.0,8003,760,61810
7,62577,200,0.0,8004,760,61817
7,62584,200,0.0,8005,760,61824
5,62589,200,0.0,8006,760,61829
5,62594,200,0.0,8007,760,61834
3,62597,200,0.0,8008,760,61837
8,62605,200,0.0,8009,760,61845
12,62617,200,0.0,8010,760,61857
3,62620,200,0.0,8011,760,61860
5,62625,200,0.0,8012,760,61865
2,62627,200,0.0,8013,760,61867
4,62631,200,0.0,8014,760,61871
5,62636,200,0.0,8015,760,61876
5,62641,200,0.0,8016,760,61881
5,62646,200,0.0,8017,760,61886
14,62660,200,0.0,8018,760,61900
9,62669,200,0.0,8019,760,61909
14,62683,200,0.0,8020,760,61923
7,62690,200,0.0,8021,760,61930
7,62697,200,0.0,8022,760,61937
13,62710,200,0.0,8023,760,61950
2,62712,200,0.0,8024,760,61952
4,62716,200,0.0,8025,760,61956
2,62718,200,0.0,8026,760,61958
32,62750,200,0.0,8027,760,61990
22,62772,200,0.0,8028,760,62012
6,62778,200,0.0,8029,760,62018
5,62783,200,0.0,8030,760,62023
2,62785,200,0.0,8031,760,62025
6,62791,200,0.0,8032,760,62031
20,62811,200,0.0,8033,760,62051
3,62814,200,0.0,8034,760,62054
10,62824,200,0.0,8035,760,62064
2,62826,200,0.0,8036,760,62066
7,62833,200,0.0,8037,760,62073
3,62836,200,0.0,8038,760,62076
14,62850,200,0.0,8039,760,62090
9,62859,200,0.0,8040,760,62099
3,62862,200,0.0,8041,760,62102
3,62865,200,0.0,8042,760,62105
12,62877,200,0.0,8043,760,62117
6,62883,200,0.0,8044,760,62123
5,62888,200,0.0,8045,760,62128
2,62890,200,0.0,8046,760,62130
18,62908,200,0.0,8047,760,62148
3,62911,200,0.0,8048,760,62151
2,62913,200,0.0,8049,760,62153
2,62915,200,0.0,8050,760,62155
5,62920,200,0.0,8051,760,62160
4,62924,200,0.0,8052,760,62164
2,62926,200,0.0,8053,760,62166
2,62928,200,0.0,8054,760,62168
6,62934,200,0.0,8055,760,62174
14,62948,200,0.0,8056,760,62188
11,62959,200,0.0,8057,760,62199
13,62972,200,0.0,8058,760,62212
13,62985,200,0.0,8059,760,62225
4,62989,200,0.0,8060,760,62229
10,62999,200,0.0,8061,760,62239
2,63001,200,0.0,8062,760,62241
11,63012,200,0.0,8063,760,62252
2,63014,200,0.0,8064,760,62254
13,63027,200,0.0,8065,760,62267
14,63041,200,0.0,8066,760,62281
7,63048,200,0.0,8067,760,62288
8,63056,200,0.0,8068,760,62296
3,63059,200,0.0,8069,760,62299
3,63062,200,0.0,8070,760,62302
15,63077,200,0.0,8071,760,62317
5,63082,200,0.0,8072,760,62322
3,63085,200,0.0,8073,760,62325
10,63095,200,0.0,8074,760,62335
5,63100,200,0.0,8075,760,62340
6,63106,200,0.0,8076,760,62346
3,63109,200,0.0,8077,760,62349
6,63115,200,0.0,8078,760,62355
9,63124,200,0.0,8079,760,62364
6,63130,201,1.0,8080,760,62370
3,63133,201,0.0,8081,760,62373
2,63135,201,0.0,8082,760,62375
13,63148,201,0.0,8083,760,62388
10,63158,201,0.0,8084,760,62398
18,63176,201,0.0,8085,760,62416
7,63183,201,0.0,8086,760,62423
11,63194,201,0.0,8087,760,62434
2,63196,201,0.0,8088,760,62436
3,63199,201,0.0,8089,760,62439
5,63204,201,0.0,8090,760,62444
5,63209,201,0.0,8091,760,62449
7,63216,201,0.0,8092,760,62456
3,63219,201,0.0,8093,760,62459
9,63228,201,0.0,8094,760,62468
8,63236,201,0.0,8095,760,62476
2,63238,201,0.0,8096,760,62478
6,63244,201,0.0,8097,760,62484
3,63247,201,0.0,8098,760,62487
11,63258,201,0.0,8099,760,62498
24,63282,201,0.0,8100,760,62522
9,63291,201,0.0,8101,760,62531
24,63315,201,0.0,8102,760,62555
6,63321,201,0.0,8103,760,62561
17,63338,201,0.0,8104,760,62578
2,63340,201,0.0,8105,760,62580
5,63345,201,0.0,8106,760,62585
5,63350,201,0.0,8107,760,62590
8,63358,201,0.0,8108,760,62598
5,63363,201,0.0,8109,760,62603
5,63368,201,0.0,8110,760,62608
6,63374,201,0.0,8111,760,62614
3,63377,201,0.0,8112,760,62617
2,63379,201,0.0,8113,760,62619
3,63382,201,0.0,8114,760,62622
15,63397,201,0.0,8115,760,62637
8,63405,201,0.0,8116,760,62645
4,63409,201,0.0,8117,760,62649
26,63435,201,0.0,8118,760,62675
5,63440,201,0.0,8119,760,62680
15,63455,201,0.0,8120,760,62695
11,63466,201,0.0,8121,760,62706
4,63470,201,0.0,8122,760,62710
7,63477,201,0.0,8123,760,62717
13,63490,201,0.0,8124,760,62730
2,63492,201,0.0,8125,760,62732
2,63494,201,0.0,8126,760,62734
10,63504,201,0.0,8127,760,62744
13,63517,201,0.0,8128,760,62757
11,63528,201,0.0,8129,760,62768
7,63535,201,0.0,8130,760,62775
9,63544,201,0.0,8131,760,62784
5,63549,201,0.0,8132,760,62789
11,63560,201,0.0,8133,760,62800
18,63578,201,0.0,8134,760,62818
16,63594,201,0.0,8135,760,62834
4,63598,201,0.0,8136,760,62838
18,63616,201,0.0,8137,760,62856
8,63624,201,0.0,8138,760,62864
13,63637,201,0.0,8139,760,62877
24,63661,201,0.0,8140,760,62901
13,63674,201,0.0,8141,760,62914
5,63679,201,0.0,8142,760,62919
8,63687,201,0.0,8143,760,62927
5,63692,201,0.0,8144,760,62932
16,63708,201,0.0,8145,760,62948
8,63716,201,0.0,8146,760,62956
9,63725,201,0.0,8147,760,62965
3,63728,201,0.0,8148,760,62968
11,63739,201,0.0,8149,760,62979
5,63744,201,0.0,8150,760,62984
2,63746,201,0.0,8151,760,62986
5,63751,201,0.0,8152,760,62991
7,63758,201,0.0,8153,760,62998
4,63762,201,0.0,8154,760,63002
7,63769,201,0.0,8155,760,63009
3,63772,201,0.0,8156,760,63012
6,63778,201,0.0,8157,760,63018
4,63782,201,0.0,8158,760,63022
8,63790,201,0.0,8159,760,63030
5,63795,201,0.0,8160,760,63035
11,63806,201,0.0,8161,760,63046
20,63826,201,0.0,8162,760,63066
6,63832,201,0.0,8163,760,63072
17,63849,201,0.0,8164,760,63089
8,63857,201,0.0,8165,760,63097
5,63862,201,0.0,8166,760,63102
6,63868,201,0.0,8167,760,63108
24,63892,201,0.0,8168,760,63132
10,63902,201,0.0,8169,760,63142
24,63926,201,0.0,8170,760,63166
24,63950,202,1.0,8171,760,63190
5,63955,202,0.0,8172,760,63195
5,63960,202,0.0,8173,760,63200
13,63973,202,0.0,8174,760,63213
7,63980,202,0.0,8175,760,63220
3,63983,202,0.0,8176,760,63223
2,63985,202,0.0,8177,760,63225
6,63991,202,0.0,8178,760,63231
6,63997,202,0.0,8179,760,63237
3,64000,202,0.0,8180,760,63240
8,64008,202,0.0,8181,760,63248
6,64014,202,0.0,8182,760,63254
3,64017,202,0.0,8183,760,63257
11,64028,202,0.0,8184,760,63268
5,64033,202,0.0,8185,760,63273
4,64037,202,0.0,8186,760,63277
9,64046,202,0.0,8187,760,63286
16,64062,202,0.0,8188,760,63302
3,64065,202,0.0,8189,760,63305
15,64080,202,0.0,8190,760,63320
24,64104,202,0.0,8191,760,63344
3,64107,202,0.0,8192,760,63347
19,64126,202,0.0,8193,760,63366
5,64131,202,0.0,8194,760,63371
11,64142,202,0.0,8195,760,63382
6,64148,202,0.0,8196,760,63388
8,64156,202,0.0,8197,760,63396
9,64165,202,0.0,8198,760,63405
8,64173,202,0.0,8199,760,63413
12,64185,202,0.0,8200,760,63425
4,64189,202,0.0,8201,760,63429
2,64191,202,0.0,8202,760,63431
3,64194,202,0.0,8203,760,63434
12,64206,202,0.0,8204,760,63446
5,64211,202,0.0,8205,760,63451
3,64214,202,0.0,8206,760,63454
2,64216,202,0.0,8207,760,63456
19,64235,202,0.0,8208,760,63475
11,64246,202,0.0,8209,760,63486
5,64251,202,0.0,8210,760,63491
4,64255,202,0.0,8211,760,63495
11,64266,202,0.0,8212,760,63506
8,64274,202,0.0,8213,760,63514
7,64281,202,0.0,8214,760,63521
4,64285,202,0.0,8215,760,63525
3,64288,202,0.0,8216,760,63528
6,64294,202,0.0,8217,760,63534
2,64296,202,0.0,8218,760,63536
6,64302,202,0.0,8219,760,63542
2,64304,202,0.0,8220,760,63544
3,64307,202,0.0,8221,760,63547
5,64312,202,0.0,8222,760,63552
5,64317,202,0.0,8223,760,63557
4,64321,202,0.0,8224,760,63561
12,64333,202,0.0,8225,760,63573
4,64337,202,0.0,8226,760,63577
5,64342,202,0.0,8227,760,63582
19,64361,202,0.0,8228,760,63601
2,64363,202,0.0,8229,760,63603
6,64369,202,0.0,8230,760,63609
11,64380,202,0.0,8231,760,63620
3,64383,202,0.0,8232,760,63623
5,64388,202,0.0,8233,760,63628
2,64390,202,0.0,8234,760,63630
6,64396,202,0.0,8235,760,63636
6,64402,202,0.0,8236,760,63642
2,64404,202,0.0,8237,760,63644
4,64408,202,0.0,8238,760,63648
15,64423,202,0.0,8239,760,63663
8,64431,202,0.0,8240,760,63671
8,64439,202,0.0,8241,760,63679
3,64442,202,0.0,8242,760,63682
8,64450,202,0.0,8243,760,63690
6,64456,202,0.0,8244,760,63696
2,64458,202,0.0,8245,760,63698
11,64469,202,0.0,8246,760,63709
2,64471,202,0.0,8247,760,63711
22,64493,202,0.0,8248,760,63733
5,64498,202,0.0,8249,760,63738
6,64504,203,1.0,8250,760,63744
6,64510,203,0.0,8251,760,63750
2,64512,203,0.0,8252,760,63752
6,64518,203,0.0,8253,760,63758
11,64529,203,0.0,8254,760,63769
5,64534,203,0.0,8255,760,63774
6,64540,203,0.0,8256,760,63780
9,64549,203,0.0,8257,760,63789
3,64552,203,0.0,8258,760,63792
16,64568,203,0.0,8259,760,63808
2,64570,203,0.0,8260,760,63810
2,64572,203,0.0,8261,760,63812
16,64588,203,0.0,8262,760,63828
31,64619,203,0.0,8263,760,63859
20,64639,203,0.0,8264,760,63879
13,64652,203,0.0,8265,760,63892
13,64665,203,0.0,8266,760,63905
3,64668,203,0.0,8267,760,63908
24,64692,203,0.0,8268,760,63932
2,64694,203,0.0,8269,760,63934
2,64696,203,0.0,8270,760,63936
17,64713,203,0.0,8271,760,63953
3,64716,203,0.0,8272,760,63956
8,64724,203,0.0,8273,760,63964
3,64727,203,0.0,8274,760,63967
5,64732,203,0.0,8275,760,63972
9,64741,203,0.0,8276,760,63981
2,64743,203,0.0,8277,760,63983
5,64748,203,0.0,8278,760,63988
5,64753,203,0.0,8279,760,63993
11,64764,203,0.0,8280,760,64004
15,64779,203,0.0,8281,760,64019
17,64796,203,0.0,8282,760,64036
5,64801,203,0.0,8283,760,64041
8,64809,203,0.0,8284,760,64049
3,64812,203,0.0,8285,760,64052
5,64817,203,0.0,8286,760,64057
24,64841,204,1.0,8287,760,64081
2,64843,204,0.0,8288,760,64083
2,64845,204,0.0,8289,760,64085
2,64847,204,0.0,8290,760,64087
2,64849,204,0.0,8291,760,64089
2,64851,204,0.0,8292,760,64091
19,64870,204,0.0,8293,760,64110
12,64882,204,0.0,8294,760,64122
8,64890,204,0.0,8295,760,64130
4,64894,204,0.0,8296,760,64134
6,64900,204,0.0,8297,760,64140
12,64912,204,0.0,8298,760,64152
2,64914,204,0.0,8299,760,64154
8,64922,204,0.0,8300,760,64162
3,64925,204,0.0,8301,760,64165
11,64936,205,1.0,8302,760,64176
3,64939,205,0.0,8303,760,64179
7,64946,205,0.0,8304,760,64186
11,64957,205,0.0,8305,760,64197
7,64964,205,0.0,8306,760,64204
9,64973,205,0.0,8307,760,64213
6,64979,205,0.0,8308,760,64219
5,64984,205,0.0,8309,760,64224
7,64991,205,0.0,8310,760,64231
11,65002,206,1.0,8311,760,64242
8,65010,206,0.0,8312,760,64250
24,65034,206,0.0,8313,760,64274
5,65039,206,0.0,8314,760,64279
6,65045,206,0.0,8315,760,64285
3,65048,206,0.0,8316,760,64288
3,65051,206,0.0,8317,760,64291
2,65053,206,0.0,8318,760,64293
24,65077,206,0.0,8319,760,64317
4,65081,206,0.0,8320,760,64321
4,65085,206,0.0,8321,760,64325
12,65097,206,0.0,8322,760,64337
2,65099,206,0.0,8323,760,64339
34,65133,206,0.0,8324,760,64373
2,65135,206,0.0,8325,760,64375
6,65141,206,0.0,8326,760,64381
6,65147,206,0.0,8327,760,64387
6,65153,206,0.0,8328,760,64393
2,65155,206,0.0,8329,760,64395
4,65159,206,0.0,8330,760,64399
2,65161,206,0.0,8331,760,64401
12,65173,206,0.0,8332,760,64413
8,65181,206,0.0,8333,760,64421
8,65189,206,0.0,8334,760,64429
5,65194,206,0.0,8335,760,64434
20,65214,206,0.0,8336,760,64454
2,65216,206,0.0,8337,760,64456
12,65228,206,0.0,8338,760,64468
6,65234,206,0.0,8339,760,64474
10,65244,206,0.0,8340,760,64484
7,65251,206,0.0,8341,760,64491
3,65254,206,0.0,8342,760,64494
4,65258,206,0.0,8343,760,64498
4,65262,206,0.0,8344,760,64502
14,65276,206,0.0,8345,760,64516
12,65288,206,0.0,8346,760,64528
6,65294,206,0.0,8347,760,64534
2,65296,206,0.0,8348,760,64536
5,65301,206,0.0,8349,760,64541
11,65312,206,0.0,8350,760,64552
4,65316,206,0.0,8351,760,64556
12,65328,206,0.0,8352,760,64568
7,65335,206,0.0,8353,760,64575
3,65338,206,0.0,8354,760,64578
2,65340,206,0.0,8355,760,64580
3,65343,206,0.0,8356,760,64583
14,65357,206,0.0,8357,760,64597
2,65359,206,0.0,8358,760,64599
11,65370,206,0.0,8359,760,64610
2,65372,206,0.0,8360,760,64612
2,65374,206,0.0,8361,760,64614
6,65380,206,0.0,8362,760,64620
2,65382,206,0.0,8363,760,64622
9,65391,206,0.0,8364,760,64631
4,65395,206,0.0,8365,760,64635
6,65401,206,0.0,8366,760,64641
6,65407,206,0.0,8367,760,64647
8,65415,206,0.0,8368,760,64655
2,65417,206,0.0,8369,760,64657
6,65423,207,1.0,8370,760,64663
10,65433,207,0.0,8371,760,64673
2,65435,207,0.0,8372,760,64675
14,65449,207,0.0,8373,760,64689
4,65453,207,0.0,8374,760,64693
6,65459,207,0.0,8375,760,64699
4,65463,207,0.0,8376,760,64703
2,65465,207,0.0,8377,760,64705
4,65469,207,0.0,8378,760,64709
10,65479,207,0.0,8379,760,64719
6,65485,207,0.0,8380,760,64725
3,65488,207,0.0,8381,760,64728
8,65496,207,0.0,8382,760,64736
2,65498,207,0.0,8383,760,64738
8,65506,207,0.0,8384,760,64746
3,65509,207,0.0,8385,760,64749
27,65536,207,0.0,8386,760,64776
6,65542,207,0.0,8387,760,64782
3,65545,207,0.0,8388,760,64785
4,65549,207,0.0,8389,760,64789
3,65552,207,0.0,8390,760,64792
4,65556,207,0.0,8391,760,64796
4,65560,207,0.0,8392,760,64800
4,65564,207,0.0,8393,760,64804
10,65574,207,0.0,8394,760,64814
7,65581,207,0.0,8395,760,64821
2,65583,207,0.0,8396,760,64823
6,65589,207,0.0,8397,760,64829
6,65595,207,0.0,8398,760,64835
11,65606,207,0.0,8399,760,64846
3,65609,207,0.0,8400,760,64849
3,65612,207,0.0,8401,760,64852
9,65621,207,0.0,8402,760,64861
8,65629,207,0.0,8403,760,64869
12,65641,207,0.0,8404,760,64881
2,65643,207,0.0,8405,760,64883
2,65645,207,0.0,8406,760,64885
3,65648,207,0.0,8407,760,64888
21,65669,207,0.0,8408,760,64909
7,65676,207,0.0,8409,760,64916
5,65681,207,0.0,8410,760,64921
5,65686,207,0.0,8411,760,64926
6,65692,207,0.0,8412,760,64932
6,65698,207,0.0,8413,760,64938
6,65704,207,0.0,8414,760,64944
4,65708,207,0.0,8415,760,64948
28,65736,207,0.0,8416,760,64976
4,65740,207,0.0,8417,760,64980
16,65756,207,0.0,8418,760,64996
19,65775,207,0.0,8419,760,65015
3,65778,207,0.0,8420,760,65018
3,65781,207,0.0,8421,760,65021
8,65789,207,0.0,8422,760,65029
4,65793,207,0.0,8423,760,65033
5,65798,207,0.0,8424,760,65038
6,65804,207,0.0,8425,760,65044
4,65808,207,0.0,8426,760,65048
9,65817,207,0.0,8427,760,65057
11,65828,207,0.0,8428,760,65068
8,65836,207,0.0,8429,760,65076
19,65855,207,0.0,8430,760,65095
2,65857,207,0.0,8431,760,65097
8,65865,207,0.0,8432,760,65105
30,65895,207,0.0,8433,760,65135
4,65899,207,0.0,8434,760,65139
5,65904,207,0.0,8435,760,65144
24,65928,208,1.0,8436,760,65168
5,65933,208,0.0,8437,760,65173
11,65944,208,0.0,8438,760,65184
4,65948,208,0.0,8439,760,65188
4,65952,208,0.0,8440,760,65192
4,65956,208,0.0,8441,760,65196
3,65959,208,0.0,8442,760,65199
13,65972,208,0.0,8443,760,65212
15,65987,208,0.0,8444,760,65227
5,65992,208,0.0,8445,760,65232
8,66000,208,0.0,8446,760,65240
16,66016,208,0.0,8447,760,65256
9,66025,208,0.0,8448,760,65265
4,66029,208,0.0,8449,760,65269
7,66036,208,0.0,8450,760,65276
6,66042,208,0.0,8451,760,65282
4,66046,208,0.0,8452,760,65286
13,66059,208,0.0,8453,760,65299
4,66063,208,0.0,8454,760,65303
41,66104,208,0.0,8455,760,65344
3,66107,208,0.0,8456,760,65347
15,66122,208,0.0,8457,760,65362
8,66130,208,0.0,8458,760,65370
8,66138,208,0.0,8459,760,65378
11,66149,209,1.0,8460,760,65389
11,66160,209,0.0,8461,760,65400
23,66183,209,0.0,8462,760,65423
15,66198,209,0.0,8463,760,65438
3,66201,209,0.0,8464,760,65441
2,66203,209,0.0,8465,760,65443
2,66205,209,0.0,8466,760,65445
6,66211,209,0.0,8467,760,65451
3,66214,209,0.0,8468,760,65454
11,66225,210,1.0,8469,760,65465
3,66228,210,0.0,8470,760,65468
2,66230,210,0.0,8471,760,65470
4,66234,210,0.0,8472,760,65474
2,66236,210,0.0,8473,760,65476
4,66240,210,0.0,8474,760,65480
11,66251,210,0.0,8475,760,65491
9,66260,210,0.0,8476,760,65500
11,66271,210,0.0,8477,760,65511
3,66274,210,0.0,8478,760,65514
3,66277,210,0.0,8479,760,65517
2,66279,210,0.0,8480,760,65519
8,66287,210,0.0,8481,760,65527
5,66292,210,0.0,8482,760,65532
5,66297,210,0.0,8483,760,65537
5,66302,210,0.0,8484,760,65542
44,66346,210,0.0,8485,760,65586
7,66353,210,0.0,8486,760,65593
7,66360,210,0.0,8487,760,65600
3,66363,210,0.0,8488,760,65603
3,66366,210,0.0,8489,760,65606
3,66369,210,0.0,8490,760,65609
13,66382,210,0.0,8491,760,65622
8,66390,210,0.0,8492,760,65630
2,66392,210,0.0,8493,760,65632
4,66396,210,0.0,8494,760,65636
6,66402,210,0.0,8495,760,65642
2,66404,210,0.0,8496,760,65644
34,66438,210,0.0,8497,760,65678
14,66452,210,0.0,8498,760,65692
7,66459,210,0.0,8499,760,65699
24,66483,211,1.0,8500,760,65723
5,66488,211,0.0,8501,760,65728
4,66492,211,0.0,8502,760,65732
12,66504,211,0.0,8503,760,65744
8,66512,211,0.0,8504,760,65752
5,66517,211,0.0,8505,760,65757
11,66528,211,0.0,8506,760,65768
6,66534,211,0.0,8507,760,65774
11,66545,211,0.0,8508,760,65785
9,66554,211,0.0,8509,760,65794
21,66575,211,0.0,8510,760,65815
9,66584,211,0.0,8511,760,65824
5,66589,211,0.0,8512,760,65829
3,66592,211,0.0,8513,760,65832
3,66595,211,0.0,8514,760,65835
11,66606,211,0.0,8515,760,65846
7,66613,211,0.0,8516,760,65853
8,66621,211,0.0,8517,760,65861
11,66632,211,0.0,8518,760,65872
2,66634,211,0.0,8519,760,65874
14,66648,211,0.0,8520,760,65888
5,66653,211,0.0,8521,760,65893
4,66657,211,0.0,8522,760,65897
7,66664,211,0.0,8523,760,65904
9,66673,211,0.0,8524,760,65913
7,66680,211,0.0,8525,760,65920
4,66684,211,0.0,8526,760,65924
4,66688,211,0.0,8527,760,65928
11,66699,211,0.0,8528,760,65939
7,66706,211,0.0,8529,760,65946
11,66717,211,0.0,8530,760,65957
5,66722,211,0.0,8531,760,65962
10,66732,211,0.0,8532,760,65972
4,66736,211,0.0,8533,760,65976
4,66740,211,0.0,8534,760,65980
2,66742,211,0.0,8535,760,65982
8,66750,211,0.0,8536,760,65990
6,66756,211,0.0,8537,760,65996
6,66762,211,0.0,8538,760,66002
3,66765,211,0.0,8539,760,66005
5,66770,211,0.0,8540,760,66010
9,66779,211,0.0,8541,760,66019
4,66783,211,0.0,8542,760,66023
2,66785,211,0.0,8543,760,66025
7,66792,211,0.0,8544,760,66032
9,66801,211,0.0,8545,760,66041
8,66809,211,0.0,8546,760,66049
2,66811,211,0.0,8547,760,66051
4,66815,211,0.0,8548,760,66055
3,66818,211,0.0,8549,760,66058
13,66831,211,0.0,8550,760,66071
4,66835,211,0.0,8551,760,66075
8,66843,211,0.0,8552,760,66083
2,66845,211,0.0,8553,760,66085
5,66850,211,0.0,8554,760,66090
2,66852,211,0.0,8555,760,66092
5,66857,211,0.0,8556,760,66097
7,66864,211,0.0,8557,760,66104
7,66871,211,0.0,8558,760,66111
9,66880,211,0.0,8559,760,66120
11,66891,211,0.0,8560,760,66131
6,66897,211,0.0,8561,760,66137
3,66900,211,0.0,8562,760,66140
2,66902,211,0.0,8563,760,66142
7,66909,211,0.0,8564,760,66149
26,66935,211,0.0,8565,760,66175
12,66947,211,0.0,8566,760,66187
17,66964,211,0.0,8567,760,66204
17,66981,211,0.0,8568,760,66221
5,66986,211,0.0,8569,760,66226
3,66989,211,0.0,8570,760,66229
16,67005,211,0.0,8571,760,66245
6,67011,211,0.0,8572,760,66251
24,67035,211,0.0,8573,760,66275
3,67038,211,0.0,8574,760,66278
11,67049,211,0.0,8575,760,66289
3,67052,211,0.0,8576,760,66292
4,67056,211,0.0,8577,760,66296
3,67059,211,0.0,8578,760,66299
4,67063,211,0.0,8579,760,66303
6,67069,211,0.0,8580,760,66309
23,67092,211,0.0,8581,760,66332
4,67096,211,0.0,8582,760,66336
9,67105,211,0.0,8583,760,66345
5,67110,211,0.0,8584,760,66350
5,67115,211,0.0,8585,760,66355
8,67123,211,0.0,8586,760,66363
11,67134,211,0.0,8587,760,66374
7,67141,211,0.0,8588,760,66381
8,67149,211,0.0,8589,760,66389
20,67169,211,0.0,8590,760,66409
3,67172,211,0.0,8591,760,66412
11,67183,211,0.0,8592,760,66423
3,67186,211,0.0,8593,760,66426
10,67196,211,0.0,8594,760,66436
3,67199,211,0.0,8595,760,66439
3,67202,211,0.0,8596,760,66442
2,67204,211,0.0,8597,760,66444
2,67206,211,0.0,8598,760,66446
8,67214,211,0.0,8599,760,66454
12,67226,211,0.0,8600,760,66466
8,67234,211,0.0,8601,760,66474
9,67243,211,0.0,8602,760,66483
24,67267,211,0.0,8603,760,66507
36,67303,211,0.0,8604,760,66543
6,67309,211,0.0,8605,760,66549
2,67311,211,0.0,8606,760,66551
8,67319,211,0.0,8607,760,66559
11,67330,211,0.0,8608,760,66570
5,67335,211,0.0,8609,760,66575
24,67359,212,1.0,8610,760,66599
4,67363,212,0.0,8611,760,66603
6,67369,212,0.0,8612,760,66609
4,67373,212,0.0,8613,760,66613
8,67381,212,0.0,8614,760,66621
6,67387,212,0.0,8615,760,66627
12,67399,212,0.0,8616,760,66639
4,67403,212,0.0,8617,760,66643
13,67416,212,0.0,8618,760,66656
7,67423,212,0.0,8619,760,66663
12,67435,212,0.0,8620,760,66675
8,67443,212,0.0,8621,760,66683
3,67446,212,0.0,8622,760,66686
16,67462,212,0.0,8623,760,66702
10,67472,212,0.0,8624,760,66712
2,67474,212,0.0,8625,760,66714
8,67482,212,0.0,8626,760,66722
21,67503,212,0.0,8627,760,66743
2,67505,212,0.0,8628,760,66745
12,67517,212,0.0,8629,760,66757
4,67521,212,0.0,8630,760,66761
11,67532,212,0.0,8631,760,66772
9,67541,212,0.0,8632,760,66781
25,67566,212,0.0,8633,760,66806
5,67571,212,0.0,8634,760,66811
11,67582,212,0.0,8635,760,66822
16,67598,212,0.0,8636,760,66838
11,67609,212,0.0,8637,760,66849
5,67614,212,0.0,8638,760,66854
14,67628,212,0.0,8639,760,66868
5,67633,212,0.0,8640,760,66873
13,67646,212,0.0,8641,760,66886
5,67651,212,0.0,8642,760,66891
7,67658,212,0.0,8643,760,66898
4,67662,212,0.0,8644,760,66902
7,67669,212,0.0,8645,760,66909
6,67675,212,0.0,8646,760,66915
2,67677,212,0.0,8647,760,66917
11,67688,212,0.0,8648,760,66928
3,67691,212,0.0,8649,760,66931
5,67696,212,0.0,8650,760,66936
7,67703,212,0.0,8651,760,66943
2,67705,212,0.0,8652,760,66945
4,67709,212,0.0,8653,760,66949
19,67728,212,0.0,8654,760,66968
6,67734,212,0.0,8655,760,66974
5,67739,212,0.0,8656,760,66979
4,67743,212,0.0,8657,760,66983
2,67745,212,0.0,8658,760,66985
5,67750,212,0.0,8659,760,66990
22,67772,212,0.0,8660,760,67012
17,67789,212,0.0,8661,760,67029
2,67791,212,0.0,8662,760,67031
7,67798,212,0.0,8663,760,67038
17,67815,212,0.0,8664,760,67055
3,67818,212,0.0,8665,760,67058
11,67829,212,0.0,8666,760,67069
9,67838,212,0.0,8667,760,67078
19,67857,212,0.0,8668,760,67097
5,67862,212,0.0,8669,760,67102
2,67864,212,0.0,8670,760,67104
10,67874,212,0.0,8671,760,67114
7,67881,212,0.0,8672,760,67121
14,67895,212,0.0,8673,760,67135
3,67898,212,0.0,8674,760,67138
3,67901,212,0.0,8675,760,67141
15,67916,212,0.0,8676,760,67156
5,67921,212,0.0,8677,760,67161
3,67924,212,0.0,8678,760,67164
10,67934,212,0.0,8679,760,67174
16,67950,212,0.0,8680,760,67190
5,67955,212,0.0,8681,760,67195
19,67974,212,0.0,8682,760,67214
2,67976,212,0.0,8683,760,67216
4,67980,212,0.0,8684,760,67220
8,67988,212,0.0,8685,760,67228
2,67990,212,0.0,8686,760,67230
16,68006,212,0.0,8687,760,67246
11,68017,212,0.0,8688,760,67257
13,68030,212,0.0,8689,760,67270
10,68040,212,0.0,8690,760,67280
2,68042,212,0.0,8691,760,67282
24,68066,212,0.0,8692,760,67306
4,68070,212,0.0,8693,760,67310
14,68084,212,0.0,8694,760,67324
8,68092,212,0.0,8695,760,67332
3,68095,212,0.0,8696,760,67335
2,68097,212,0.0,8697,760,67337
4,68101,212,0.0,8698,760,67341
2,68103,212,0.0,8699,760,67343
4,68107,212,0.0,8700,760,67347
7,68114,212,0.0,8701,760,67354
8,68122,212,0.0,8702,760,67362
6,68128,212,0.0,8703,760,67368
8,68136,212,0.0,8704,760,67376
24,68160,212,0.0,8705,760,67400
8,68168,212,0.0,8706,760,67408
2,68170,212,0.0,8707,760,67410
26,68196,212,0.0,8708,760,67436
5,68201,212,0.0,8709,760,67441
8,68209,212,0.0,8710,760,67449
7,68216,212,0.0,8711,760,67456
5,68221,212,0.0,8712,760,67461
9,68230,212,0.0,8713,760,67470
8,68238,212,0.0,8714,760,67478
11,68249,212,0.0,8715,760,67489
13,68262,212,0.0,8716,760,67502
9,68271,212,0.0,8717,760,67511
12,68283,212,0.0,8718,760,67523
3,68286,212,0.0,8719,760,67526
6,68292,212,0.0,8720,760,67532
9,68301,212,0.0,8721,760,67541
4,68305,212,0.0,8722,760,67545
3,68308,212,0.0,8723,760,67548
2,68310,212,0.0,8724,760,67550
11,68321,212,0.0,8725,760,67561
4,68325,212,0.0,8726,760,67565
3,68328,212,0.0,8727,760,67568
3,68331,212,0.0,8728,760,67571
11,68342,212,0.0,8729,760,67582
8,68350,212,0.0,8730,760,67590
14,68364,212,0.0,8731,760,67604
3,68367,212,0.0,8732,760,67607
5,68372,212,0.0,8733,760,67612
5,68377,212,0.0,8734,760,67617
8,68385,212,0.0,8735,760,67625
5,68390,212,0.0,8736,760,67630
5,68395,212,0.0,8737,760,67635
13,68408,212,0.0,8738,760,67648
9,68417,212,0.0,8739,760,67657
9,68426,212,0.0,8740,760,67666
19,68445,212,0.0,8741,760,67685
6,68451,212,0.0,8742,760,67691
12,68463,212,0.0,8743,760,67703
9,68472,212,0.0,8744,760,67712
16,68488,212,0.0,8745,760,67728
5,68493,212,0.0,8746,760,67733
8,68501,212,0.0,8747,760,67741
2,68503,212,0.0,8748,760,67743
3,68506,212,0.0,8749,760,67746
4,68510,212,0.0,8750,760,67750
8,68518,212,0.0,8751,760,67758
4,68522,212,0.0,8752,760,67762
5,68527,212,0.0,8753,760,67767
16,68543,212,0.0,8754,760,67783
3,68546,212,0.0,8755,760,67786
9,68555,212,0.0,8756,760,67795
5,68560,212,0.0,8757,760,67800
7,68567,212,0.0,8758,760,67807
11,68578,213,1.0,8759,760,67818
6,68584,213,0.0,8760,760,67824
4,68588,213,0.0,8761,760,67828
7,68595,213,0.0,8762,760,67835
8,68603,213,0.0,8763,760,67843
5,68608,213,0.0,8764,760,67848
4,68612,213,0.0,8765,760,67852
5,68617,213,0.0,8766,760,67857
7,68624,213,0.0,8767,760,67864
4,68628,213,0.0,8768,760,67868
18,68646,213,0.0,8769,760,67886
7,68653,213,0.0,8770,760,67893
3,68656,213,0.0,8771,760,67896
7,68663,213,0.0,8772,760,67903
11,68674,213,0.0,8773,760,67914
11,68685,213,0.0,8774,760,67925
2,68687,213,0.0,8775,760,67927
8,68695,213,0.0,8776,760,67935
4,68699,213,0.0,8777,760,67939
7,68706,213,0.0,8778,760,67946
3,68709,213,0.0,8779,760,67949
2,68711,213,0.0,8780,760,67951
5,68716,213,0.0,8781,760,67956
13,68729,213,0.0,8782,760,67969
2,68731,213,0.0,8783,760,67971
3,68734,213,0.0,8784,760,67974
2,68736,213,0.0,8785,760,67976
5,68741,213,0.0,8786,760,67981
3,68744,213,0.0,8787,760,67984
4,68748,213,0.0,8788,760,67988
5,68753,213,0.0,8789,760,67993
3,68756,213,0.0,8790,760,67996
8,68764,213,0.0,8791,760,68004
11,68775,213,0.0,8792,760,68015
11,68786,213,0.0,8793,760,68026
6,68792,213,0.0,8794,760,68032
3,68795,213,0.0,8795,760,68035
6,68801,213,0.0,8796,760,68041
3,68804,213,0.0,8797,760,68044
3,68807,213,0.0,8798,760,68047
7,68814,213,0.0,8799,760,68054
5,68819,213,0.0,8800,760,68059
3,68822,213,0.0,8801,760,68062
4,68826,213,0.0,8802,760,68066
10,68836,213,0.0,8803,760,68076
21,68857,213,0.0,8804,760,68097
2,68859,213,0.0,8805,760,68099
4,68863,213,0.0,8806,760,68103
19,68882,213,0.0,8807,760,68122
3,68885,213,0.0,8808,760,68125
11,68896,213,0.0,8809,760,68136
19,68915,213,0.0,8810,760,68155
4,68919,213,0.0,8811,760,68159
5,68924,213,0.0,8812,760,68164
6,68930,213,0.0,8813,760,68170
24,68954,213,0.0,8814,760,68194
6,68960,213,0.0,8815,760,68200
11,68971,213,0.0,8816,760,68211
24,68995,213,0.0,8817,760,68235
5,69000,213,0.0,8818,760,68240
17,69017,213,0.0,8819,760,68257
6,69023,213,0.0,8820,760,68263
7,69030,213,0.0,8821,760,68270
8,69038,213,0.0,8822,760,68278
4,69042,213,0.0,8823,760,68282
7,69049,213,0.0,8824,760,68289
6,69055,213,0.0,8825,760,68295
11,69066,214,1.0,8826,760,68306
4,69070,214,0.0,8827,760,68310
3,69073,214,0.0,8828,760,68313
4,69077,214,0.0,8829,760,68317
2,69079,214,0.0,8830,760,68319
6,69085,214,0.0,8831,760,68325
24,69109,214,0.0,8832,760,68349
4,69113,214,0.0,8833,760,68353
4,69117,214,0.0,8834,760,68357
2,69119,214,0.0,8835,760,68359
22,69141,214,0.0,8836,760,68381
19,69160,214,0.0,8837,760,68400
3,69163,214,0.0,8838,760,68403
7,69170,214,0.0,8839,760,68410
7,69177,214,0.0,8840,760,68417
7,69184,214,0.0,8841,760,68424
14,69198,214,0.0,8842,760,68438
5,69203,214,0.0,8843,760,68443
4,69207,214,0.0,8844,760,68447
6,69213,214,0.0,8845,760,68453
5,69218,214,0.0,8846,760,68458
11,69229,214,0.0,8847,760,68469
8,69237,214,0.0,8848,760,68477
8,69245,214,0.0,8849,760,68485
13,69258,214,0.0,8850,760,68498
6,69264,214,0.0,8851,760,68504
4,69268,214,0.0,8852,760,68508
8,69276,214,0.0,8853,760,68516
25,69301,214,0.0,8854,760,68541
2,69303,214,0.0,8855,760,68543
3,69306,214,0.0,8856,760,68546
3,69309,214,0.0,8857,760,68549
4,69313,214,0.0,8858,760,68553
7,69320,214,0.0,8859,760,68560
10,69330,214,0.0,8860,760,68570
8,69338,214,0.0,8861,760,68578
11,69349,214,0.0,8862,760,68589
2,69351,214,0.0,8863,760,68591
10,69361,214,0.0,8864,760,68601
5,69366,214,0.0,8865,760,68606
11,69377,214,0.0,8866,760,68617
5,69382,214,0.0,8867,760,68622
20,69402,214,0.0,8868,760,68642
4,69406,214,0.0,8869,760,68646
6,69412,214,0.0,8870,760,68652
4,69416,214,0.0,8871,760,68656
4,69420,214,0.0,8872,760,68660
2,69422,214,0.0,8873,760,68662
3,69425,214,0.0,8874,760,68665
7,69432,214,0.0,8875,760,68672
9,69441,214,0.0,8876,760,68681
6,69447,214,0.0,8877,760,68687
8,69455,214,0.0,8878,760,68695
6,69461,214,0.0,8879,760,68701
5,69466,214,0.0,8880,760,68706
14,69480,214,0.0,8881,760,68720
2,69482,214,0.0,8882,760,68722
6,69488,214,0.0,8883,760,68728
11,69499,214,0.0,8884,760,68739
24,69523,214,0.0,8885,760,68763
7,69530,214,0.0,8886,760,68770
10,69540,214,0.0,8887,760,68780
6,69546,214,0.0,8888,760,68786
7,69553,214,0.0,8889,760,68793
11,69564,214,0.0,8890,760,68804
6,69570,214,0.0,8891,760,68810
5,69575,214,0.0,8892,760,68815
9,69584,214,0.0,8893,760,68824
7,69591,214,0.0,8894,760,68831
2,69593,214,0.0,8895,760,68833
6,69599,214,0.0,8896,760,68839
2,69601,214,0.0,8897,760,68841
3,69604,214,0.0,8898,760,68844
4,69608,214,0.0,8899,760,68848
3,69611,214,0.0,8900,760,68851
3,69614,214,0.0,8901,760,68854
4,69618,214,0.0,8902,760,68858
34,69652,214,0.0,8903,760,68892
5,69657,214,0.0,8904,760,68897
11,69668,214,0.0,8905,760,68908
8,69676,214,0.0,8906,760,68916
6,69682,214,0.0,8907,760,68922
20,69702,214,0.0,8908,760,68942
6,69708,214,0.0,8909,760,68948
7,69715,214,0.0,8910,760,68955
10,69725,214,0.0,8911,760,68965
5,69730,214,0.0,8912,760,68970
11,69741,214,0.0,8913,760,68981
11,69752,214,0.0,8914,760,68992
3,69755,214,0.0,8915,760,68995
10,69765,214,0.0,8916,760,69005
2,69767,214,0.0,8917,760,69007
5,69772,214,0.0,8918,760,69012
11,69783,214,0.0,8919,760,69023
2,69785,214,0.0,8920,760,69025
5,69790,214,0.0,8921,760,69030
4,69794,214,0.0,8922,760,69034
13,69807,214,0.0,8923,760,69047
18,69825,214,0.0,8924,760,69065
3,69828,214,0.0,8925,760,69068
6,69834,214,0.0,8926,760,69074
4,69838,214,0.0,8927,760,69078
8,69846,214,0.0,8928,760,69086
12,69858,214,0.0,8929,760,69098
3,69861,214,0.0,8930,760,69101
23,69884,214,0.0,8931,760,69124
37,69921,214,0.0,8932,760,69161
3,69924,214,0.0,8933,760,69164
5,69929,214,0.0,8934,760,69169
6,69935,214,0.0,8935,760,69175
11,69946,214,0.0,8936,760,69186
5,69951,214,0.0,8937,760,69191
2,69953,214,0.0,8938,760,69193
3,69956,214,0.0,8939,760,69196
7,69963,214,0.0,8940,760,69203
9,69972,214,0.0,8941,760,69212
5,69977,214,0.0,8942,760,69217
2,69979,214,0.0,8943,760,69219
25,70004,214,0.0,8944,760,69244
2,70006,214,0.0,8945,760,69246
11,70017,214,0.0,8946,760,69257
6,70023,214,0.0,8947,760,69263
12,70035,214,0.0,8948,760,69275
7,70042,214,0.0,8949,760,69282
22,70064,214,0.0,8950,760,69304
16,70080,214,0.0,8951,760,69320
3,70083,214,0.0,8952,760,69323
5,70088,214,0.0,8953,760,69328
4,70092,214,0.0,8954,760,69332
4,70096,214,0.0,8955,760,69336
5,70101,214,0.0,8956,760,69341
4,70105,214,0.0,8957,760,69345
24,70129,214,0.0,8958,760,69369
18,70147,214,0.0,8959,760,69387
9,70156,214,0.0,8960,760,69396
4,70160,214,0.0,8961,760,69400
2,70162,214,0.0,8962,760,69402
2,70164,214,0.0,8963,760,69404
3,70167,214,0.0,8964,760,69407
4,70171,214,0.0,8965,760,69411
5,70176,214,0.0,8966,760,69416
7,70183,214,0.0,8967,760,69423
2,70185,214,0.0,8968,760,69425
5,70190,214,0.0,8969,760,69430
11,70201,214,0.0,8970,760,69441
8,70209,214,0.0,8971,760,69449
11,70220,215,1.0,8972,760,69460
6,70226,215,0.0,8973,760,69466
13,70239,215,0.0,8974,760,69479
20,70259,215,0.0,8975,760,69499
11,70270,215,0.0,8976,760,69510
25,70295,215,0.0,8977,760,69535
7,70302,215,0.0,8978,760,69542
2,70304,215,0.0,8979,760,69544
6,70310,216,1.0,8980,760,69550
3,70313,216,0.0,8981,760,69553
2,70315,216,0.0,8982,760,69555
5,70320,216,0.0,8983,760,69560
9,70329,216,0.0,8984,760,69569
3,70332,216,0.0,8985,760,69572
3,70335,216,0.0,8986,760,69575
20,70355,216,0.0,8987,760,69595
3,70358,216,0.0,8988,760,69598
10,70368,216,0.0,8989,760,69608
3,70371,216,0.0,8990,760,69611
5,70376,216,0.0,8991,760,69616
7,70383,216,0.0,8992,760,69623
2,70385,216,0.0,8993,760,69625
8,70393,216,0.0,8994,760,69633
3,70396,216,0.0,8995,760,69636
10,70406,216,0.0,8996,760,69646
5,70411,216,0.0,8997,760,69651
2,70413,216,0.0,8998,760,69653
6,70419,216,0.0,8999,760,69659
6,70425,216,0.0,9000,760,69665
10,70435,216,0.0,9001,760,69675
11,70446,216,0.0,9002,760,69686
4,70450,216,0.0,9003,760,69690
6,70456,216,0.0,9004,760,69696
13,70469,216,0.0,9005,760,69709
6,70475,216,0.0,9006,760,69715
3,70478,216,0.0,9007,760,69718
4,70482,216,0.0,9008,760,69722
5,70487,216,0.0,9009,760,69727
3,70490,216,0.0,9010,760,69730
11,70501,216,0.0,9011,760,69741
32,70533,216,0.0,9012,760,69773
7,70540,216,0.0,9013,760,69780
3,70543,216,0.0,9014,760,69783
5,70548,216,0.0,9015,760,69788
13,70561,216,0.0,9016,760,69801
8,70569,216,0.0,9017,760,69809
5,70574,216,0.0,9018,760,69814
5,70579,216,0.0,9019,760,69819
7,70586,216,0.0,9020,760,69826
4,70590,216,0.0,9021,760,69830
16,70606,216,0.0,9022,760,69846
6,70612,216,0.0,9023,760,69852
14,70626,216,0.0,9024,760,69866
21,70647,216,0.0,9025,760,69887
6,70653,216,0.0,9026,760,69893
2,70655,216,0.0,9027,760,69895
2,70657,216,0.0,9028,760,69897
6,70663,216,0.0,9029,760,69903
5,70668,216,0.0,9030,760,69908
12,70680,216,0.0,9031,760,69920
2,70682,216,0.0,9032,760,69922
8,70690,216,0.0,9033,760,69930
13,70703,216,0.0,9034,760,69943
4,70707,216,0.0,9035,760,69947
8,70715,216,0.0,9036,760,69955
10,70725,216,0.0,9037,760,69965
17,70742,216,0.0,9038,760,69982
2,70744,216,0.0,9039,760,69984
10,70754,216,0.0,9040,760,69994
4,70758,216,0.0,9041,760,69998
5,70763,216,0.0,9042,760,70003
2,70765,216,0.0,9043,760,70005
8,70773,216,0.0,9044,760,70013
4,70777,216,0.0,9045,760,70017
2,70779,216,0.0,9046,760,70019
6,70785,216,0.0,9047,760,70025
2,70787,216,0.0,9048,760,70027
4,70791,216,0.0,9049,760,70031
18,70809,216,0.0,9050,760,70049
21,70830,216,0.0,9051,760,70070
11,70841,217,1.0,9052,760,70081
5,70846,217,0.0,9053,760,70086
6,70852,217,0.0,9054,760,70092
11,70863,217,0.0,9055,760,70103
5,70868,217,0.0,9056,760,70108
5,70873,217,0.0,9057,760,70113
23,70896,217,0.0,9058,760,70136
7,70903,217,0.0,9059,760,70143
24,70927,217,0.0,9060,760,70167
5,70932,217,0.0,9061,760,70172
7,70939,217,0.0,9062,760,70179
3,70942,217,0.0,9063,760,70182
7,70949,217,0.0,9064,760,70189
3,70952,217,0.0,9065,760,70192
7,70959,217,0.0,9066,760,70199
9,70968,217,0.0,9067,760,70208
5,70973,217,0.0,9068,760,70213
2,70975,217,0.0,9069,760,70215
19,70994,217,0.0,9070,760,70234
9,71003,217,0.0,9071,760,70243
6,71009,218,1.0,9072,760,70249
6,71015,218,0.0,9073,760,70255
15,71030,218,0.0,9074,760,70270
5,71035,218,0.0,9075,760,70275
8,71043,218,0.0,9076,760,70283
2,71045,218,0.0,9077,760,70285
16,71061,218,0.0,9078,760,70301
3,71064,218,0.0,9079,760,70304
6,71070,218,0.0,9080,760,70310
14,71084,218,0.0,9081,760,70324
5,71089,218,0.0,9082,760,70329
27,71116,218,0.0,9083,760,70356
3,71119,218,0.0,9084,760,70359
6,71125,218,0.0,9085,760,70365
2,71127,218,0.0,9086,760,70367
4,71131,218,0.0,9087,760,70371
2,71133,218,0.0,9088,760,70373
5,71138,218,0.0,9089,760,70378
34,71172,218,0.0,9090,760,70412
3,71175,218,0.0,9091,760,70415
5,71180,218,0.0,9092,760,70420
24,71204,218,0.0,9093,760,70444
7,71211,218,0.0,9094,760,70451
9,71220,218,0.0,9095,760,70460
20,71240,218,0.0,9096,760,70480
10,71250,218,0.0,9097,760,70490
5,71255,218,0.0,9098,760,70495
4,71259,218,0.0,9099,760,70499
8,71267,218,0.0,9100,760,70507
6,71273,218,0.0,9101,760,70513
6,71279,218,0.0,9102,760,70519
14,71293,218,0.0,9103,760,70533
3,71296,218,0.0,9104,760,70536
3,71299,218,0.0,9105,760,70539
5,71304,218,0.0,9106,760,70544
14,71318,218,0.0,9107,760,70558
3,71321,218,0.0,9108,760,70561
11,71332,218,0.0,9109,760,70572
2,71334,218,0.0,9110,760,70574
6,71340,218,0.0,9111,760,70580
2,71342,218,0.0,9112,760,70582
9,71351,218,0.0,9113,760,70591
5,71356,218,0.0,9114,760,70596
2,71358,218,0.0,9115,760,70598
4,71362,218,0.0,9116,760,70602
19,71381,218,0.0,9117,760,70621
2,71383,218,0.0,9118,760,70623
12,71395,218,0.0,9119,760,70635
13,71408,218,0.0,9120,760,70648
6,71414,218,0.0,9121,760,70654
3,71417,218,0.0,9122,760,70657
11,71428,218,0.0,9123,760,70668
5,71433,218,0.0,9124,760,70673
11,71444,218,0.0,9125,760,70684
12,71456,218,0.0,9126,760,70696
2,71458,218,0.0,9127,760,70698
8,71466,218,0.0,9128,760,70706
5,71471,218,0.0,9129,760,70711
8,71479,218,0.0,9130,760,70719
6,71485,219,1.0,9131,760,70725
10,71495,219,0.0,9132,760,70735
18,71513,219,0.0,9133,760,70753
7,71520,219,0.0,9134,760,70760
20,71540,219,0.0,9135,760,70780
2,71542,219,0.0,9136,760,70782
6,71548,219,0.0,9137,760,70788
18,71566,219,0.0,9138,760,70806
5,71571,219,0.0,9139,760,70811
3,71574,219,0.0,9140,760,70814
14,71588,219,0.0,9141,760,70828
11,71599,219,0.0,9142,760,70839
15,71614,219,0.0,9143,760,70854
13,71627,219,0.0,9144,760,70867
12,71639,219,0.0,9145,760,70879
3,71642,219,0.0,9146,760,70882
2,71644,219,0.0,9147,760,70884
4,71648,219,0.0,9148,760,70888
11,71659,219,0.0,9149,760,70899
4,71663,219,0.0,9150,760,70903
7,71670,219,0.0,9151,760,70910
7,71677,219,0.0,9152,760,70917
3,71680,219,0.0,9153,760,70920
4,71684,219,0.0,9154,760,70924
5,71689,219,0.0,9155,760,70929
2,71691,219,0.0,9156,760,70931
19,71710,219,0.0,9157,760,70950
7,71717,219,0.0,9158,760,70957
2,71719,219,0.0,9159,760,70959
11,71730,219,0.0,9160,760,70970
24,71754,219,0.0,9161,760,70994
2,71756,219,0.0,9162,760,70996
6,71762,219,0.0,9163,760,71002
13,71775,219,0.0,9164,760,71015
3,71778,219,0.0,9165,760,71018
4,71782,219,0.0,9166,760,71022
6,71788,219,0.0,9167,760,71028
5,71793,219,0.0,9168,760,71033
2,71795,219,0.0,9169,760,71035
5,71800,219,0.0,9170,760,71040
11,71811,219,0.0,9171,760,71051
3,71814,219,0.0,9172,760,71054
23,71837,219,0.0,9173,760,71077
6,71843,219,0.0,9174,760,71083
7,71850,219,0.0,9175,760,71090
30,71880,219,0.0,9176,760,71120
2,71882,219,0.0,9177,760,71122
11,71893,219,0.0,9178,760,71133
3,71896,219,0.0,9179,760,71136
5,71901,219,0.0,9180,760,71141
5,71906,219,0.0,9181,760,71146
7,71913,219,0.0,9182,760,71153
7,71920,219,0.0,9183,760,71160
4,71924,219,0.0,9184,760,71164
4,71928,219,0.0,9185,760,71168
6,71934,220,1.0,9186,760,71174
20,71954,220,0.0,9187,760,71194
13,71967,220,0.0,9188,760,71207
13,71980,220,0.0,9189,760,71220
13,71993,220,0.0,9190,760,71233
6,71999,220,0.0,9191,760,71239
10,72009,220,0.0,9192,760,71249
12,72021,220,0.0,9193,760,71261
5,72026,220,0.0,9194,760,71266
5,72031,220,0.0,9195,760,71271
3,72034,220,0.0,9196,760,71274
6,72040,220,0.0,9197,760,71280
11,72051,220,0.0,9198,760,71291
17,72068,220,0.0,9199,760,71308
8,72076,220,0.0,9200,760,71316
9,72085,220,0.0,9201,760,71325
4,72089,220,0.0,9202,760,71329
11,72100,220,0.0,9203,760,71340
13,72113,220,0.0,9204,760,71353
3,72116,220,0.0,9205,760,71356
14,72130,220,0.0,9206,760,71370
7,72137,220,0.0,9207,760,71377
10,72147,220,0.0,9208,760,71387
3,72150,220,0.0,9209,760,71390
4,72154,220,0.0,9210,760,71394
11,72165,220,0.0,9211,760,71405
10,72175,220,0.0,9212,760,71415
9,72184,220,0.0,9213,760,71424
5,72189,220,0.0,9214,760,71429
3,72192,220,0.0,9215,760,71432
2,72194,220,0.0,9216,760,71434
3,72197,220,0.0,9217,760,71437
15,72212,220,0.0,9218,760,71452
5,72217,220,0.0,9219,760,71457
3,72220,220,0.0,9220,760,71460
2,72222,220,0.0,9221,760,71462
2,72224,220,0.0,9222,760,71464
4,72228,220,0.0,9223,760,71468
4,72232,220,0.0,9224,760,71472
4,72236,220,0.0,9225,760,71476
2,72238,220,0.0,9226,760,71478
6,72244,220,0.0,9227,760,71484
3,72247,220,0.0,9228,760,71487
4,72251,220,0.0,9229,760,71491
42,72293,220,0.0,9230,760,71533
6,72299,220,0.0,9231,760,71539
6,72305,220,0.0,9232,760,71545
15,72320,220,0.0,9233,760,71560
3,72323,220,0.0,9234,760,71563
19,72342,220,0.0,9235,760,71582
7,72349,220,0.0,9236,760,71589
5,72354,220,0.0,9237,760,71594
4,72358,220,0.0,9238,760,71598
9,72367,220,0.0,9239,760,71607
3,72370,220,0.0,9240,760,71610
4,72374,220,0.0,9241,760,71614
4,72378,220,0.0,9242,760,71618
2,72380,220,0.0,9243,760,71620
9,72389,220,0.0,9244,760,71629
6,72395,220,0.0,9245,760,71635
11,72406,220,0.0,9246,760,71646
8,72414,220,0.0,9247,760,71654
6,72420,220,0.0,9248,760,71660
7,72427,220,0.0,9249,760,71667
9,72436,220,0.0,9250,760,71676
3,72439,220,0.0,9251,760,71679
8,72447,220,0.0,9252,760,71687
2,72449,220,0.0,9253,760,71689
8,72457,220,0.0,9254,760,71697
3,72460,220,0.0,9255,760,71700
6,72466,220,0.0,9256,760,71706
7,72473,220,0.0,9257,760,71713
5,72478,220,0.0,9258,760,71718
4,72482,220,0.0,9259,760,71722
11,72493,220,0.0,9260,760,71733
2,72495,220,0.0,9261,760,71735
8,72503,220,0.0,9262,760,71743
9,72512,220,0.0,9263,760,71752
6,72518,220,0.0,9264,760,71758
4,72522,220,0.0,9265,760,71762
4,72526,220,0.0,9266,760,71766
7,72533,220,0.0,9267,760,71773
5,72538,220,0.0,9268,760,71778
2,72540,220,0.0,9269,760,71780
17,72557,220,0.0,9270,760,71797
2,72559,220,0.0,9271,760,71799
3,72562,220,0.0,9272,760,71802
6,72568,220,0.0,9273,760,71808
9,72577,220,0.0,9274,760,71817
22,72599,220,0.0,9275,760,71839
3,72602,220,0.0,9276,760,71842
6,72608,220,0.0,9277,760,71848
7,72615,220,0.0,9278,760,71855
5,72620,220,0.0,9279,760,71860
3,72623,220,0.0,9280,760,71863
9,72632,220,0.0,9281,760,71872
7,72639,220,0.0,9282,760,71879
2,72641,220,0.0,9283,760,71881
25,72666,220,0.0,9284,760,71906
9,72675,220,0.0,9285,760,71915
9,72684,220,0.0,9286,760,71924
7,72691,220,0.0,9287,760,71931
4,72695,220,0.0,9288,760,71935
2,72697,220,0.0,9289,760,71937
24,72721,221,1.0,9290,760,71961
13,72734,221,0.0,9291,760,71974
8,72742,221,0.0,9292,760,71982
8,72750,221,0.0,9293,760,71990
3,72753,221,0.0,9294,760,71993
4,72757,221,0.0,9295,760,71997
3,72760,221,0.0,9296,760,72000
18,72778,221,0.0,9297,760,72018
6,72784,222,1.0,9298,760,72024
9,72793,222,0.0,9299,760,72033
4,72797,222,0.0,9300,760,72037
5,72802,222,0.0,9301,760,72042
4,72806,222,0.0,9302,760,72046
13,72819,222,0.0,9303,760,72059
2,72821,222,0.0,9304,760,72061
7,72828,222,0.0,9305,760,72068
11,72839,222,0.0,9306,760,72079
5,72844,222,0.0,9307,760,72084
7,72851,222,0.0,9308,760,72091
3,72854,222,0.0,9309,760,72094
14,72868,222,0.0,9310,760,72108
5,72873,222,0.0,9311,760,72113
2,72875,222,0.0,9312,760,72115
3,72878,222,0.0,9313,760,72118
7,72885,222,0.0,9314,760,72125
2,72887,222,0.0,9315,760,72127
9,72896,222,0.0,9316,760,72136
4,72900,222,0.0,9317,760,72140
24,72924,222,0.0,9318,760,72164
2,72926,222,0.0,9319,760,72166
2,72928,222,0.0,9320,760,72168
6,72934,222,0.0,9321,760,72174
4,72938,222,0.0,9322,760,72178
6,72944,222,0.0,9323,760,72184
4,72948,222,0.0,9324,760,72188
5,72953,222,0.0,9325,760,72193
7,72960,222,0.0,9326,760,72200
5,72965,222,0.0,9327,760,72205
11,72976,222,0.0,9328,760,72216
2,72978,222,0.0,9329,760,72218
4,72982,222,0.0,9330,760,72222
4,72986,222,0.0,9331,760,72226
17,73003,222,0.0,9332,760,72243
6,73009,223,1.0,9333,760,72249
11,73020,223,0.0,9334,760,72260
19,73039,223,0.0,9335,760,72279
24,73063,224,1.0,9336,760,72303
4,73067,224,0.0,9337,760,72307
5,73072,224,0.0,9338,760,72312
5,73077,224,0.0,9339,760,72317
9,73086,224,0.0,9340,760,72326
12,73098,224,0.0,9341,760,72338
7,73105,224,0.0,9342,760,72345
3,73108,224,0.0,9343,760,72348
4,73112,224,0.0,9344,760,72352
7,73119,224,0.0,9345,760,72359
11,73130,224,0.0,9346,760,72370
3,73133,224,0.0,9347,760,72373
2,73135,224,0.0,9348,760,72375
9,73144,224,0.0,9349,760,72384
4,73148,224,0.0,9350,760,72388
2,73150,224,0.0,9351,760,72390
5,73155,224,0.0,9352,760,72395
4,73159,224,0.0,9353,760,72399
12,73171,224,0.0,9354,760,72411
2,73173,224,0.0,9355,760,72413
13,73186,224,0.0,9356,760,72426
9,73195,224,0.0,9357,760,72435
7,73202,224,0.0,9358,760,72442
2,73204,224,0.0,9359,760,72444
3,73207,224,0.0,9360,760,72447
3,73210,224,0.0,9361,760,72450
12,73222,224,0.0,9362,760,72462
3,73225,224,0.0,9363,760,72465
6,73231,224,0.0,9364,760,72471
8,73239,224,0.0,9365,760,72479
19,73258,224,0.0,9366,760,72498
13,73271,224,0.0,9367,760,72511
5,73276,224,0.0,9368,760,72516
3,73279,224,0.0,9369,760,72519
3,73282,224,0.0,9370,760,72522
2,73284,224,0.0,9371,760,72524
13,73297,224,0.0,9372,760,72537
8,73305,224,0.0,9373,760,72545
8,73313,224,0.0,9374,760,72553
4,73317,224,0.0,9375,760,72557
10,73327,224,0.0,9376,760,72567
27,73354,224,0.0,9377,760,72594
3,73357,224,0.0,9378,760,72597
6,73363,224,0.0,9379,760,72603
2,73365,224,0.0,9380,760,72605
7,73372,224,0.0,9381,760,72612
10,73382,224,0.0,9382,760,72622
8,73390,224,0.0,9383,760,72630
2,73392,224,0.0,9384,760,72632
25,73417,224,0.0,9385,760,72657
11,73428,224,0.0,9386,760,72668
13,73441,224,0.0,9387,760,72681
14,73455,224,0.0,9388,760,72695
8,73463,224,0.0,9389,760,72703
12,73475,224,0.0,9390,760,72715
9,73484,224,0.0,9391,760,72724
6,73490,224,0.0,9392,760,72730
10,73500,224,0.0,9393,760,72740
6,73506,224,0.0,9394,760,72746
7,73513,224,0.0,9395,760,72753
6,73519,224,0.0,9396,760,72759
2,73521,224,0.0,9397,760,72761
3,73524,224,0.0,9398,760,72764
15,73539,224,0.0,9399,760,72779
6,73545,224,0.0,9400,760,72785
16,73561,224,0.0,9401,760,72801
7,73568,224,0.0,9402,760,72808
10,73578,224,0.0,9403,760,72818
3,73581,224,0.0,9404,760,72821
11,73592,224,0.0,9405,760,72832
8,73600,224,0.0,9406,760,72840
11,73611,224,0.0,9407,760,72851
2,73613,224,0.0,9408,760,72853
6,73619,224,0.0,9409,760,72859
20,73639,224,0.0,9410,760,72879
6,73645,224,0.0,9411,760,72885
3,73648,224,0.0,9412,760,72888
18,73666,224,0.0,9413,760,72906
4,73670,224,0.0,9414,760,72910
3,73673,224,0.0,9415,760,72913
8,73681,224,0.0,9416,760,72921
4,73685,224,0.0,9417,760,72925
8,73693,224,0.0,9418,760,72933
3,73696,224,0.0,9419,760,72936
4,73700,224,0.0,9420,760,72940
4,73704,224,0.0,9421,760,72944
3,73707,224,0.0,9422,760,72947
4,73711,224,0.0,9423,760,72951
5,73716,224,0.0,9424,760,72956
3,73719,224,0.0,9425,760,72959
2,73721,224,0.0,9426,760,72961
3,73724,224,0.0,9427,760,72964
9,73733,224,0.0,9428,760,72973
4,73737,224,0.0,9429,760,72977
15,73752,224,0.0,9430,760,72992
5,73757,224,0.0,9431,760,72997
8,73765,224,0.0,9432,760,73005
10,73775,224,0.0,9433,760,73015
4,73779,224,0.0,9434,760,73019
9,73788,224,0.0,9435,760,73028
22,73810,224,0.0,9436,760,73050
17,73827,224,0.0,9437,760,73067
9,73836,224,0.0,9438,760,73076
4,73840,224,0.0,9439,760,73080
25,73865,224,0.0,9440,760,73105
7,73872,224,0.0,9441,760,73112
10,73882,224,0.0,9442,760,73122
9,73891,224,0.0,9443,760,73131
13,73904,224,0.0,9444,760,73144
10,73914,224,0.0,9445,760,73154
11,73925,225,1.0,9446,760,73165
3,73928,225,0.0,9447,760,73168
8,73936,225,0.0,9448,760,73176
8,73944,225,0.0,9449,760,73184
3,73947,225,0.0,9450,760,73187
9,73956,225,0.0,9451,760,73196
2,73958,225,0.0,9452,760,73198
18,73976,225,0.0,9453,760,73216
9,73985,225,0.0,9454,760,73225
5,73990,225,0.0,9455,760,73230
9,73999,225,0.0,9456,760,73239
9,74008,225,0.0,9457,760,73248
2,74010,225,0.0,9458,760,73250
2,74012,225,0.0,9459,760,73252
9,74021,225,0.0,9460,760,73261
2,74023,225,0.0,9461,760,73263
8,74031,225,0.0,9462,760,73271
6,74037,226,1.0,9463,760,73277
3,74040,226,0.0,9464,760,73280
12,74052,226,0.0,9465,760,73292
5,74057,226,0.0,9466,760,73297
8,74065,226,0.0,9467,760,73305
11,74076,226,0.0,9468,760,73316
4,74080,226,0.0,9469,760,73320
7,74087,226,0.0,9470,760,73327
13,74100,226,0.0,9471,760,73340
8,74108,226,0.0,9472,760,73348
11,74119,226,0.0,9473,760,73359
5,74124,226,0.0,9474,760,73364
6,74130,226,0.0,9475,760,73370
4,74134,226,0.0,9476,760,73374
7,74141,226,0.0,9477,760,73381
12,74153,226,0.0,9478,760,73393
5,74158,226,0.0,9479,760,73398
11,74169,226,0.0,9480,760,73409
2,74171,226,0.0,9481,760,73411
5,74176,226,0.0,9482,760,73416
6,74182,226,0.0,9483,760,73422
9,74191,226,0.0,9484,760,73431
24,74215,226,0.0,9485,760,73455
12,74227,226,0.0,9486,760,73467
8,74235,226,0.0,9487,760,73475
10,74245,226,0.0,9488,760,73485
3,74248,226,0.0,9489,760,73488
6,74254,227,1.0,9490,760,73494
3,74257,227,0.0,9491,760,73497
2,74259,227,0.0,9492,760,73499
10,74269,227,0.0,9493,760,73509
18,74287,227,0.0,9494,760,73527
5,74292,227,0.0,9495,760,73532
5,74297,227,0.0,9496,760,73537
9,74306,227,0.0,9497,760,73546
2,74308,227,0.0,9498,760,73548
4,74312,227,0.0,9499,760,73552
5,74317,227,0.0,9500,760,73557
20,74337,227,0.0,9501,760,73577
6,74343,227,0.0,9502,760,73583
20,74363,227,0.0,9503,760,73603
14,74377,227,0.0,9504,760,73617
5,74382,227,0.0,9505,760,73622
11,74393,227,0.0,9506,760,73633
11,74404,227,0.0,9507,760,73644
19,74423,227,0.0,9508,760,73663
18,74441,227,0.0,9509,760,73681
7,74448,227,0.0,9510,760,73688
3,74451,227,0.0,9511,760,73691
17,74468,227,0.0,9512,760,73708
3,74471,227,0.0,9513,760,73711
11,74482,227,0.0,9514,760,73722
5,74487,227,0.0,9515,760,73727
6,74493,228,1.0,9516,760,73733
8,74501,228,0.0,9517,760,73741
3,74504,228,0.0,9518,760,73744
5,74509,228,0.0,9519,760,73749
18,74527,228,0.0,9520,760,73767
15,74542,228,0.0,9521,760,73782
2,74544,228,0.0,9522,760,73784
5,74549,228,0.0,9523,760,73789
10,74559,228,0.0,9524,760,73799
3,74562,228,0.0,9525,760,73802
10,74572,228,0.0,9526,760,73812
2,74574,228,0.0,9527,760,73814
10,74584,228,0.0,9528,760,73824
6,74590,228,0.0,9529,760,73830
5,74595,228,0.0,9530,760,73835
3,74598,228,0.0,9531,760,73838
7,74605,228,0.0,9532,760,73845
3,74608,228,0.0,9533,760,73848
5,74613,228,0.0,9534,760,73853
7,74620,228,0.0,9535,760,73860
6,74626,228,0.0,9536,760,73866
3,74629,228,0.0,9537,760,73869
9,74638,228,0.0,9538,760,73878
9,74647,228,0.0,9539,760,73887
8,74655,228,0.0,9540,760,73895
2,74657,228,0.0,9541,760,73897
6,74663,228,0.0,9542,760,73903
5,74668,228,0.0,9543,760,73908
13,74681,228,0.0,9544,760,73921
6,74687,228,0.0,9545,760,73927
11,74698,228,0.0,9546,760,73938
8,74706,228,0.0,9547,760,73946
8,74714,228,0.0,9548,760,73954
12,74726,228,0.0,9549,760,73966
3,74729,228,0.0,9550,760,73969
5,74734,228,0.0,9551,760,73974
11,74745,228,0.0,9552,760,73985
10,74755,228,0.0,9553,760,73995
19,74774,228,0.0,9554,760,74014
14,74788,228,0.0,9555,760,74028
8,74796,228,0.0,9556,760,74036
15,74811,228,0.0,9557,760,74051
4,74815,228,0.0,9558,760,74055
3,74818,228,0.0,9559,760,74058
2,74820,228,0.0,9560,760,74060
7,74827,228,0.0,9561,760,74067
2,74829,228,0.0,9562,760,74069
7,74836,228,0.0,9563,760,74076
7,74843,228,0.0,9564,760,74083
5,74848,228,0.0,9565,760,74088
11,74859,228,0.0,9566,760,74099
9,74868,228,0.0,9567,760,74108
12,74880,228,0.0,9568,760,74120
6,74886,228,0.0,9569,760,74126
11,74897,228,0.0,9570,760,74137
38,74935,228,0.0,9571,760,74175
11,74946,228,0.0,9572,760,74186
3,74949,228,0.0,9573,760,74189
6,74955,228,0.0,9574,760,74195
7,74962,228,0.0,9575,760,74202
9,74971,228,0.0,9576,760,74211
11,74982,229,1.0,9577,760,74222
8,74990,229,0.0,9578,760,74230
5,74995,229,0.0,9579,760,74235
3,74998,229,0.0,9580,760,74238
8,75006,229,0.0,9581,760,74246
5,75011,229,0.0,9582,760,74251
8,75019,229,0.0,9583,760,74259
14,75033,229,0.0,9584,760,74273
24,75057,229,0.0,9585,760,74297
30,75087,229,0.0,9586,760,74327
16,75103,229,0.0,9587,760,74343
6,75109,229,0.0,9588,760,74349
9,75118,229,0.0,9589,760,74358
32,75150,229,0.0,9590,760,74390
3,75153,229,0.0,9591,760,74393
4,75157,229,0.0,9592,760,74397
8,75165,229,0.0,9593,760,74405
6,75171,229,0.0,9594,760,74411
13,75184,229,0.0,9595,760,74424
4,75188,229,0.0,9596,760,74428
4,75192,229,0.0,9597,760,74432
14,75206,229,0.0,9598,760,74446
9,75215,229,0.0,9599,760,74455
2,75217,229,0.0,9600,760,74457
8,75225,229,0.0,9601,760,74465
6,75231,229,0.0,9602,760,74471
9,75240,229,0.0,9603,760,74480
4,75244,229,0.0,9604,760,74484
5,75249,229,0.0,9605,760,74489
14,75263,229,0.0,9606,760,74503
10,75273,229,0.0,9607,760,74513
9,75282,229,0.0,9608,760,74522
4,75286,229,0.0,9609,760,74526
8,75294,229,0.0,9610,760,74534
14,75308,229,0.0,9611,760,74548
3,75311,229,0.0,9612,760,74551
2,75313,229,0.0,9613,760,74553
15,75328,229,0.0,9614,760,74568
7,75335,229,0.0,9615,760,74575
15,75350,229,0.0,9616,760,74590
5,75355,229,0.0,9617,760,74595
2,75357,229,0.0,9618,760,74597
3,75360,229,0.0,9619,760,74600
2,75362,229,0.0,9620,760,74602
6,75368,229,0.0,9621,760,74608
10,75378,229,0.0,9622,760,74618
5,75383,229,0.0,9623,760,74623
10,75393,229,0.0,9624,760,74633
10,75403,229,0.0,9625,760,74643
6,75409,229,0.0,9626,760,74649
5,75414,229,0.0,9627,760,74654
5,75419,229,0.0,9628,760,74659
7,75426,229,0.0,9629,760,74666
6,75432,229,0.0,9630,760,74672
9,75441,229,0.0,9631,760,74681
3,75444,229,0.0,9632,760,74684
2,75446,229,0.0,9633,760,74686
9,75455,229,0.0,9634,760,74695
14,75469,229,0.0,9635,760,74709
2,75471,229,0.0,9636,760,74711
8,75479,229,0.0,9637,760,74719
8,75487,229,0.0,9638,760,74727
4,75491,229,0.0,9639,760,74731
8,75499,229,0.0,9640,760,74739
8,75507,229,0.0,9641,760,74747
4,75511,229,0.0,9642,760,74751
24,75535,229,0.0,9643,760,74775
2,75537,229,0.0,9644,760,74777
2,75539,229,0.0,9645,760,74779
2,75541,229,0.0,9646,760,74781
11,75552,229,0.0,9647,760,74792
3,75555,229,0.0,9648,760,74795
17,75572,229,0.0,9649,760,74812
9,75581,229,0.0,9650,760,74821
3,75584,229,0.0,9651,760,74824
7,75591,229,0.0,9652,760,74831
7,75598,229,0.0,9653,760,74838
6,75604,229,0.0,9654,760,74844
13,75617,229,0.0,9655,760,74857
5,75622,229,0.0,9656,760,74862
2,75624,229,0.0,9657,760,74864
9,75633,229,0.0,9658,760,74873
3,75636,229,0.0,9659,760,74876
3,75639,229,0.0,9660,760,74879
11,75650,230,1.0,9661,760,74890
3,75653,230,0.0,9662,760,74893
5,75658,230,0.0,9663,760,74898
6,75664,230,0.0,9664,760,74904
10,75674,230,0.0,9665,760,74914
15,75689,230,0.0,9666,760,74929
2,75691,230,0.0,9667,760,74931
2,75693,230,0.0,9668,760,74933
3,75696,230,0.0,9669,760,74936
8,75704,230,0.0,9670,760,74944
11,75715,231,1.0,9671,760,74955
11,75726,231,0.0,9672,760,74966
11,75737,231,0.0,9673,760,74977
3,75740,231,0.0,9674,760,74980
3,75743,231,0.0,9675,760,74983
6,75749,231,0.0,9676,760,74989
4,75753,231,0.0,9677,760,74993
4,75757,231,0.0,9678,760,74997
2,75759,231,0.0,9679,760,74999
2,75761,231,0.0,9680,760,75001
6,75767,231,0.0,9681,760,75007
2,75769,231,0.0,9682,760,75009
7,75776,231,0.0,9683,760,75016
11,75787,231,0.0,9684,760,75027
2,75789,231,0.0,9685,760,75029
5,75794,231,0.0,9686,760,75034
18,75812,231,0.0,9687,760,75052
2,75814,231,0.0,9688,760,75054
5,75819,231,0.0,9689,760,75059
7,75826,231,0.0,9690,760,75066
2,75828,231,0.0,9691,760,75068
5,75833,231,0.0,9692,760,75073
9,75842,231,0.0,9693,760,75082
11,75853,232,1.0,9694,760,75093
9,75862,232,0.0,9695,760,75102
4,75866,232,0.0,9696,760,75106
7,75873,232,0.0,9697,760,75113
12,75885,232,0.0,9698,760,75125
6,75891,232,0.0,9699,760,75131
10,75901,232,0.0,9700,760,75141
11,75912,233,1.0,9701,760,75152
8,75920,233,0.0,9702,760,75160
2,75922,233,0.0,9703,760,75162
11,75933,233,0.0,9704,760,75173
9,75942,233,0.0,9705,760,75182
5,75947,233,0.0,9706,760,75187
23,75970,233,0.0,9707,760,75210
9,75979,233,0.0,9708,760,75219
19,75998,233,0.0,9709,760,75238
3,76001,233,0.0,9710,760,75241
2,76003,233,0.0,9711,760,75243
21,76024,233,0.0,9712,760,75264
5,76029,233,0.0,9713,760,75269
23,76052,233,0.0,9714,760,75292
5,76057,233,0.0,9715,760,75297
6,76063,233,0.0,9716,760,75303
3,76066,233,0.0,9717,760,75306
5,76071,233,0.0,9718,760,75311
5,76076,233,0.0,9719,760,75316
11,76087,233,0.0,9720,760,75327
8,76095,233,0.0,9721,760,75335
12,76107,233,0.0,9722,760,75347
9,76116,233,0.0,9723,760,75356
7,76123,233,0.0,9724,760,75363
2,76125,233,0.0,9725,760,75365
2,76127,233,0.0,9726,760,75367
8,76135,233,0.0,9727,760,75375
8,76143,233,0.0,9728,760,75383
24,76167,233,0.0,9729,760,75407
11,76178,233,0.0,9730,760,75418
6,76184,233,0.0,9731,760,75424
13,76197,233,0.0,9732,760,75437
3,76200,233,0.0,9733,760,75440
5,76205,233,0.0,9734,760,75445
8,76213,233,0.0,9735,760,75453
13,76226,233,0.0,9736,760,75466
3,76229,233,0.0,9737,760,75469
4,76233,233,0.0,9738,760,75473
2,76235,233,0.0,9739,760,75475
4,76239,233,0.0,9740,760,75479
8,76247,233,0.0,9741,760,75487
16,76263,233,0.0,9742,760,75503
2,76265,233,0.0,9743,760,75505
12,76277,233,0.0,9744,760,75517
7,76284,233,0.0,9745,760,75524
7,76291,233,0.0,9746,760,75531
8,76299,233,0.0,9747,760,75539
8,76307,233,0.0,9748,760,75547
10,76317,233,0.0,9749,760,75557
8,76325,233,0.0,9750,760,75565
3,76328,233,0.0,9751,760,75568
6,76334,233,0.0,9752,760,75574
9,76343,233,0.0,9753,760,75583
3,76346,233,0.0,9754,760,75586
4,76350,233,0.0,9755,760,75590
2,76352,233,0.0,9756,760,75592
6,76358,234,1.0,9757,760,75598
24,76382,234,0.0,9758,760,75622
9,76391,234,0.0,9759,760,75631
11,76402,234,0.0,9760,760,75642
5,76407,234,0.0,9761,760,75647
14,76421,234,0.0,9762,760,75661
6,76427,234,0.0,9763,760,75667
4,76431,234,0.0,9764,760,75671
3,76434,234,0.0,9765,760,75674
22,76456,234,0.0,9766,760,75696
11,76467,234,0.0,9767,760,75707
11,76478,234,0.0,9768,760,75718
4,76482,234,0.0,9769,760,75722
4,76486,234,0.0,9770,760,75726
4,76490,234,0.0,9771,760,75730
11,76501,234,0.0,9772,760,75741
8,76509,234,0.0,9773,760,75749
6,76515,235,1.0,9774,760,75755
2,76517,235,0.0,9775,760,75757
2,76519,235,0.0,9776,760,75759
4,76523,235,0.0,9777,760,75763
5,76528,235,0.0,9778,760,75768
11,76539,235,0.0,9779,760,75779
4,76543,235,0.0,9780,760,75783
7,76550,235,0.0,9781,760,75790
8,76558,235,0.0,9782,760,75798
6,76564,235,0.0,9783,760,75804
7,76571,235,0.0,9784,760,75811
6,76577,235,0.0,9785,760,75817
2,76579,235,0.0,9786,760,75819
3,76582,235,0.0,9787,760,75822
5,76587,235,0.0,9788,760,75827
8,76595,235,0.0,9789,760,75835
2,76597,235,0.0,9790,760,75837
5,76602,235,0.0,9791,760,75842
13,76615,235,0.0,9792,760,75855
24,76639,235,0.0,9793,760,75879
9,76648,235,0.0,9794,760,75888
4,76652,235,0.0,9795,760,75892
2,76654,235,0.0,9796,760,75894
6,76660,235,0.0,9797,760,75900
5,76665,235,0.0,9798,760,75905
23,76688,235,0.0,9799,760,75928
4,76692,235,0.0,9800,760,75932
4,76696,235,0.0,9801,760,75936
6,76702,235,0.0,9802,760,75942
7,76709,235,0.0,9803,760,75949
20,76729,235,0.0,9804,760,75969
3,76732,235,0.0,9805,760,75972
5,76737,235,0.0,9806,760,75977
9,76746,235,0.0,9807,760,75986
8,76754,235,0.0,9808,760,75994
2,76756,235,0.0,9809,760,75996
9,76765,235,0.0,9810,760,76005
3,76768,235,0.0,9811,760,76008
5,76773,235,0.0,9812,760,76013
17,76790,235,0.0,9813,760,76030
6,76796,235,0.0,9814,760,76036
2,76798,235,0.0,9815,760,76038
6,76804,235,0.0,9816,760,76044
4,76808,235,0.0,9817,760,76048
3,76811,235,0.0,9818,760,76051
7,76818,235,0.0,9819,760,76058
10,76828,235,0.0,9820,760,76068
14,76842,235,0.0,9821,760,76082
2,76844,235,0.0,9822,760,76084
13,76857,235,0.0,9823,760,76097
6,76863,235,0.0,9824,760,76103
4,76867,235,0.0,9825,760,76107
19,76886,236,1.0,9826,760,76126
8,76894,236,0.0,9827,760,76134
21,76915,236,0.0,9828,760,76155
11,76926,236,0.0,9829,760,76166
3,76929,236,0.0,9830,760,76169
3,76932,236,0.0,9831,760,76172
16,76948,236,0.0,9832,760,76188
3,76951,236,0.0,9833,760,76191
2,76953,236,0.0,9834,760,76193
4,76957,236,0.0,9835,760,76197
4,76961,236,0.0,9836,760,76201
4,76965,236,0.0,9837,760,76205
3,76968,236,0.0,9838,760,76208
6,76974,236,0.0,9839,760,76214
14,76988,236,0.0,9840,760,76228
7,76995,236,0.0,9841,760,76235
11,77006,236,0.0,9842,760,76246
11,77017,236,0.0,9843,760,76257
2,77019,236,0.0,9844,760,76259
4,77023,236,0.0,9845,760,76263
2,77025,236,0.0,9846,760,76265
14,77039,236,0.0,9847,760,76279
10,77049,236,0.0,9848,760,76289
8,77057,236,0.0,9849,760,76297
8,77065,236,0.0,9850,760,76305
4,77069,236,0.0,9851,760,76309
5,77074,236,0.0,9852,760,76314
5,77079,236,0.0,9853,760,76319
7,77086,236,0.0,9854,760,76326
20,77106,236,0.0,9855,760,76346
8,77114,236,0.0,9856,760,76354
11,77125,236,0.0,9857,760,76365
2,77127,236,0.0,9858,760,76367
12,77139,236,0.0,9859,760,76379
28,77167,236,0.0,9860,760,76407
3,77170,236,0.0,9861,760,76410
16,77186,236,0.0,9862,760,76426
6,77192,236,0.0,9863,760,76432
5,77197,236,0.0,9864,760,76437
19,77216,236,0.0,9865,760,76456
5,77221,236,0.0,9866,760,76461
3,77224,236,0.0,9867,760,76464
25,77249,236,0.0,9868,760,76489
13,77262,236,0.0,9869,760,76502
24,77286,236,0.0,9870,760,76526
4,77290,236,0.0,9871,760,76530
5,77295,236,0.0,9872,760,76535
5,77300,236,0.0,9873,760,76540
9,77309,236,0.0,9874,760,76549
12,77321,236,0.0,9875,760,76561
5,77326,236,0.0,9876,760,76566
9,77335,236,0.0,9877,760,76575
21,77356,236,0.0,9878,760,76596
8,77364,236,0.0,9879,760,76604
8,77372,236,0.0,9880,760,76612
5,77377,236,0.0,9881,760,76617
12,77389,236,0.0,9882,760,76629
6,77395,237,1.0,9883,760,76635
7,77402,237,0.0,9884,760,76642
7,77409,237,0.0,9885,760,76649
22,77431,237,0.0,9886,760,76671
5,77436,237,0.0,9887,760,76676
4,77440,237,0.0,9888,760,76680
9,77449,237,0.0,9889,760,76689
6,77455,237,0.0,9890,760,76695
7,77462,237,0.0,9891,760,76702
2,77464,237,0.0,9892,760,76704
15,77479,237,0.0,9893,760,76719
4,77483,237,0.0,9894,760,76723
4,77487,237,0.0,9895,760,76727
6,77493,237,0.0,9896,760,76733
6,77499,237,0.0,9897,760,76739
2,77501,237,0.0,9898,760,76741
2,77503,237,0.0,9899,760,76743
4,77507,237,0.0,9900,760,76747
24,77531,237,0.0,9901,760,76771
4,77535,237,0.0,9902,760,76775
6,77541,237,0.0,9903,760,76781
11,77552,237,0.0,9904,760,76792
18,77570,237,0.0,9905,760,76810
3,77573,237,0.0,9906,760,76813
2,77575,237,0.0,9907,760,76815
4,77579,237,0.0,9908,760,76819
13,77592,237,0.0,9909,760,76832
14,77606,237,0.0,9910,760,76846
3,77609,237,0.0,9911,760,76849
5,77614,237,0.0,9912,760,76854
24,77638,237,0.0,9913,760,76878
31,77669,237,0.0,9914,760,76909
8,77677,237,0.0,9915,760,76917
8,77685,237,0.0,9916,760,76925
14,77699,237,0.0,9917,760,76939
11,77710,237,0.0,9918,760,76950
7,77717,237,0.0,9919,760,76957
9,77726,237,0.0,9920,760,76966
19,77745,237,0.0,9921,760,76985
4,77749,237,0.0,9922,760,76989
2,77751,237,0.0,9923,760,76991
16,77767,237,0.0,9924,760,77007
18,77785,237,0.0,9925,760,77025
10,77795,237,0.0,9926,760,77035
4,77799,237,0.0,9927,760,77039
11,77810,238,1.0,9928,760,77050
12,77822,238,0.0,9929,760,77062
31,77853,238,0.0,9930,760,77093
5,77858,238,0.0,9931,760,77098
11,77869,239,1.0,9932,760,77109
18,77887,239,0.0,9933,760,77127
7,77894,239,0.0,9934,760,77134
10,77904,239,0.0,9935,760,77144
18,77922,239,0.0,9936,760,77162
9,77931,239,0.0,9937,760,77171
5,77936,239,0.0,9938,760,77176
6,77942,239,0.0,9939,760,77182
8,77950,239,0.0,9940,760,77190
2,77952,239,0.0,9941,760,77192
10,77962,239,0.0,9942,760,77202
3,77965,239,0.0,9943,760,77205
5,77970,239,0.0,9944,760,77210
8,77978,239,0.0,9945,760,77218
5,77983,239,0.0,9946,760,77223
7,77990,239,0.0,9947,760,77230
8,77998,239,0.0,9948,760,77238
21,78019,239,0.0,9949,760,77259
5,78024,239,0.0,9950,760,77264
2,78026,239,0.0,9951,760,77266
5,78031,239,0.0,9952,760,77271
2,78033,239,0.0,9953,760,77273
7,78040,239,0.0,9954,760,77280
7,78047,239,0.0,9955,760,77287
8,78055,239,0.0,9956,760,77295
3,78058,239,0.0,9957,760,77298
5,78063,239,0.0,9958,760,77303
14,78077,239,0.0,9959,760,77317
7,78084,239,0.0,9960,760,77324
2,78086,239,0.0,9961,760,77326
8,78094,239,0.0,9962,760,77334
6,78100,239,0.0,9963,760,77340
7,78107,239,0.0,9964,760,77347
11,78118,240,1.0,9965,760,77358
8,78126,240,0.0,9966,760,77366
2,78128,240,0.0,9967,760,77368
2,78130,240,0.0,9968,760,77370
6,78136,240,0.0,9969,760,77376
10,78146,240,0.0,9970,760,77386
11,78157,240,0.0,9971,760,77397
4,78161,240,0.0,9972,760,77401
2,78163,240,0.0,9973,760,77403
4,78167,240,0.0,9974,760,77407
8,78175,240,0.0,9975,760,77415
4,78179,240,0.0,9976,760,77419
4,78183,240,0.0,9977,760,77423
12,78195,240,0.0,9978,760,77435
2,78197,240,0.0,9979,760,77437
4,78201,240,0.0,9980,760,77441
9,78210,240,0.0,9981,760,77450
4,78214,240,0.0,9982,760,77454
2,78216,240,0.0,9983,760,77456
19,78235,240,0.0,9984,760,77475
5,78240,240,0.0,9985,760,77480
2,78242,240,0.0,9986,760,77482
2,78244,240,0.0,9987,760,77484
3,78247,240,0.0,9988,760,77487
6,78253,240,0.0,9989,760,77493
9,78262,240,0.0,9990,760,77502
2,78264,240,0.0,9991,760,77504
11,78275,240,0.0,9992,760,77515
8,78283,240,0.0,9993,760,77523
3,78286,240,0.0,9994,760,77526
6,78292,241,1.0,9995,760,77532
7,78299,241,0.0,9996,760,77539
8,78307,241,0.0,9997,760,77547
11,78318,241,0.0,9998,760,77558
4,78322,241,0.0,9999,760,77562
3,78325,241,0.0,10000,760,77565
24,78349,241,0.0,10001,760,77589
3,78352,241,0.0,10002,760,77592
13,78365,241,0.0,10003,760,77605
6,78371,241,0.0,10004,760,77611
10,78381,241,0.0,10005,760,77621
5,78386,241,0.0,10006,760,77626
4,78390,241,0.0,10007,760,77630
13,78403,241,0.0,10008,760,77643
6,78409,241,0.0,10009,760,77649
8,78417,241,0.0,10010,760,77657
6,78423,241,0.0,10011,760,77663
11,78434,241,0.0,10012,760,77674
10,78444,241,0.0,10013,760,77684
11,78455,241,0.0,10014,760,77695
6,78461,241,0.0,10015,760,77701
28,78489,241,0.0,10016,760,77729
4,78493,241,0.0,10017,760,77733
24,78517,241,0.0,10018,760,77757
8,78525,241,0.0,10019,760,77765
15,78540,241,0.0,10020,760,77780
17,78557,241,0.0,10021,760,77797
10,78567,241,0.0,10022,760,77807
4,78571,241,0.0,10023,760,77811
6,78577,241,0.0,10024,760,77817
7,78584,241,0.0,10025,760,77824
2,78586,241,0.0,10026,760,77826
5,78591,241,0.0,10027,760,77831
6,78597,241,0.0,10028,760,77837
13,78610,241,0.0,10029,760,77850
2,78612,241,0.0,10030,760,77852
11,78623,241,0.0,10031,760,77863
2,78625,241,0.0,10032,760,77865
8,78633,241,0.0,10033,760,77873
2,78635,241,0.0,10034,760,77875
4,78639,241,0.0,10035,760,77879
18,78657,241,0.0,10036,760,77897
3,78660,241,0.0,10037,760,77900
5,78665,241,0.0,10038,760,77905
13,78678,241,0.0,10039,760,77918
4,78682,241,0.0,10040,760,77922
2,78684,241,0.0,10041,760,77924
11,78695,241,0.0,10042,760,77935
6,78701,241,0.0,10043,760,77941
2,78703,241,0.0,10044,760,77943
3,78706,241,0.0,10045,760,77946
2,78708,241,0.0,10046,760,77948
13,78721,241,0.0,10047,760,77961
2,78723,241,0.0,10048,760,77963
6,78729,241,0.0,10049,760,77969
7,78736,241,0.0,10050,760,77976
3,78739,241,0.0,10051,760,77979
15,78754,241,0.0,10052,760,77994
10,78764,241,0.0,10053,760,78004
5,78769,241,0.0,10054,760,78009
10,78779,241,0.0,10055,760,78019
18,78797,241,0.0,10056,760,78037
5,78802,241,0.0,10057,760,78042
10,78812,241,0.0,10058,760,78052
6,78818,242,1.0,10059,760,78058
2,78820,242,0.0,10060,760,78060
3,78823,242,0.0,10061,760,78063
4,78827,242,0.0,10062,760,78067
3,78830,242,0.0,10063,760,78070
7,78837,242,0.0,10064,760,78077
4,78841,242,0.0,10065,760,78081
6,78847,242,0.0,10066,760,78087
19,78866,242,0.0,10067,760,78106
7,78873,242,0.0,10068,760,78113
5,78878,242,0.0,10069,760,78118
2,78880,242,0.0,10070,760,78120
19,78899,242,0.0,10071,760,78139
8,78907,242,0.0,10072,760,78147
5,78912,242,0.0,10073,760,78152
21,78933,242,0.0,10074,760,78173
2,78935,242,0.0,10075,760,78175
6,78941,242,0.0,10076,760,78181
9,78950,242,0.0,10077,760,78190
5,78955,242,0.0,10078,760,78195
5,78960,242,0.0,10079,760,78200
2,78962,242,0.0,10080,760,78202
4,78966,242,0.0,10081,760,78206
2,78968,242,0.0,10082,760,78208
10,78978,242,0.0,10083,760,78218
9,78987,242,0.0,10084,760,78227
11,78998,243,1.0,10085,760,78238
2,79000,243,0.0,10086,760,78240
8,79008,243,0.0,10087,760,78248
24,79032,243,0.0,10088,760,78272
5,79037,243,0.0,10089,760,78277
9,79046,243,0.0,10090,760,78286
5,79051,243,0.0,10091,760,78291
3,79054,243,0.0,10092,760,78294
13,79067,243,0.0,10093,760,78307
10,79077,243,0.0,10094,760,78317
19,79096,243,0.0,10095,760,78336
3,79099,243,0.0,10096,760,78339
4,79103,243,0.0,10097,760,78343
19,79122,243,0.0,10098,760,78362
31,79153,243,0.0,10099,760,78393
4,79157,243,0.0,10100,760,78397
5,79162,243,0.0,10101,760,78402
17,79179,243,0.0,10102,760,78419
3,79182,243,0.0,10103,760,78422
21,79203,243,0.0,10104,760,78443
5,79208,243,0.0,10105,760,78448
7,79215,243,0.0,10106,760,78455
10,79225,243,0.0,10107,760,78465
8,79233,243,0.0,10108,760,78473
5,79238,243,0.0,10109,760,78478
7,79245,243,0.0,10110,760,78485
16,79261,243,0.0,10111,760,78501
2,79263,243,0.0,10112,760,78503
9,79272,243,0.0,10113,760,78512
3,79275,243,0.0,10114,760,78515
8,79283,243,0.0,10115,760,78523
4,79287,243,0.0,10116,760,78527
3,79290,243,0.0,10117,760,78530
7,79297,243,0.0,10118,760,78537
3,79300,243,0.0,10119,760,78540
11,79311,243,0.0,10120,760,78551
3,79314,243,0.0,10121,760,78554
5,79319,243,0.0,10122,760,78559
8,79327,243,0.0,10123,760,78567
3,79330,243,0.0,10124,760,78570
11,79341,243,0.0,10125,760,78581
8,79349,243,0.0,10126,760,78589
3,79352,243,0.0,10127,760,78592
8,79360,243,0.0,10128,760,78600
5,79365,243,0.0,10129,760,78605
3,79368,243,0.0,10130,760,78608
4,79372,243,0.0,10131,760,78612
11,79383,243,0.0,10132,760,78623
5,79388,243,0.0,10133,760,78628
7,79395,243,0.0,10134,760,78635
3,79398,243,0.0,10135,760,78638
5,79403,243,0.0,10136,760,78643
11,79414,243,0.0,10137,760,78654
7,79421,243,0.0,10138,760,78661
6,79427,243,0.0,10139,760,78667
6,79433,243,0.0,10140,760,78673
6,79439,244,1.0,10141,760,78679
24,79463,244,0.0,10142,760,78703
7,79470,244,0.0,10143,760,78710
5,79475,244,0.0,10144,760,78715
16,79491,244,0.0,10145,760,78731
11,79502,244,0.0,10146,760,78742
7,79509,244,0.0,10147,760,78749
5,79514,244,0.0,10148,760,78754
8,79522,244,0.0,10149,760,78762
9,79531,244,0.0,10150,760,78771
4,79535,244,0.0,10151,760,78775
9,79544,244,0.0,10152,760,78784
22,79566,244,0.0,10153,760,78806
6,79572,244,0.0,10154,760,78812
8,79580,244,0.0,10155,760,78820
14,79594,244,0.0,10156,760,78834
6,79600,244,0.0,10157,760,78840
5,79605,244,0.0,10158,760,78845
14,79619,244,0.0,10159,760,78859
40,79659,244,0.0,10160,760,78899
24,79683,245,1.0,10161,760,78923
18,79701,245,0.0,10162,760,78941
21,79722,245,0.0,10163,760,78962
5,79727,245,0.0,10164,760,78967
15,79742,245,0.0,10165,760,78982
2,79744,245,0.0,10166,760,78984
9,79753,245,0.0,10167,760,78993
5,79758,245,0.0,10168,760,78998
5,79763,245,0.0,10169,760,79003
7,79770,245,0.0,10170,760,79010
6,79776,245,0.0,10171,760,79016
12,79788,245,0.0,10172,760,79028
7,79795,245,0.0,10173,760,79035
7,79802,245,0.0,10174,760,79042
16,79818,245,0.0,10175,760,79058
3,79821,245,0.0,10176,760,79061
5,79826,245,0.0,10177,760,79066
3,79829,245,0.0,10178,760,79069
6,79835,245,0.0,10179,760,79075
2,79837,245,0.0,10180,760,79077
7,79844,245,0.0,10181,760,79084
15,79859,245,0.0,10182,760,79099
2,79861,245,0.0,10183,760,79101
3,79864,245,0.0,10184,760,79104
2,79866,245,0.0,10185,760,79106
8,79874,245,0.0,10186,760,79114
3,79877,245,0.0,10187,760,79117
11,79888,245,0.0,10188,760,79128
7,79895,245,0.0,10189,760,79135
9,79904,245,0.0,10190,760,79144
11,79915,245,0.0,10191,760,79155
9,79924,245,0.0,10192,760,79164
5,79929,245,0.0,10193,760,79169
8,79937,245,0.0,10194,760,79177
7,79944,245,0.0,10195,760,79184
10,79954,245,0.0,10196,760,79194
8,79962,245,0.0,10197,760,79202
5,79967,245,0.0,10198,760,79207
6,79973,245,0.0,10199,760,79213
10,79983,245,0.0,10200,760,79223
9,79992,245,0.0,10201,760,79232
6,79998,245,0.0,10202,760,79238
11,80009,245,0.0,10203,760,79249
8,80017,245,0.0,10204,760,79257
3,80020,245,0.0,10205,760,79260
8,80028,245,0.0,10206,760,79268
3,80031,245,0.0,10207,760,79271
8,80039,245,0.0,10208,760,79279
11,80050,245,0.0,10209,760,79290
12,80062,245,0.0,10210,760,79302
2,80064,245,0.0,10211,760,79304
22,80086,245,0.0,10212,760,79326
6,80092,245,0.0,10213,760,79332
7,80099,245,0.0,10214,760,79339
42,80141,245,0.0,10215,760,79381
7,80148,245,0.0,10216,760,79388
5,80153,245,0.0,10217,760,79393
4,80157,245,0.0,10218,760,79397
8,80165,245,0.0,10219,760,79405
6,80171,245,0.0,10220,760,79411
10,80181,245,0.0,10221,760,79421
3,80184,245,0.0,10222,760,79424
2,80186,245,0.0,10223,760,79426
21,80207,245,0.0,10224,760,79447
11,80218,245,0.0,10225,760,79458
4,80222,245,0.0,10226,760,79462
14,80236,245,0.0,10227,760,79476
7,80243,245,0.0,10228,760,79483
5,80248,245,0.0,10229,760,79488
11,80259,245,0.0,10230,760,79499
11,80270,245,0.0,10231,760,79510
8,80278,245,0.0,10232,760,79518
3,80281,245,0.0,10233,760,79521
5,80286,245,0.0,10234,760,79526
11,80297,245,0.0,10235,760,79537
3,80300,245,0.0,10236,760,79540
8,80308,245,0.0,10237,760,79548
5,80313,245,0.0,10238,760,79553
2,80315,245,0.0,10239,760,79555
3,80318,245,0.0,10240,760,79558
7,80325,245,0.0,10241,760,79565
9,80334,245,0.0,10242,760,79574
7,80341,245,0.0,10243,760,79581
3,80344,245,0.0,10244,760,79584
15,80359,245,0.0,10245,760,79599
19,80378,245,0.0,10246,760,79618
8,80386,245,0.0,10247,760,79626
6,80392,245,0.0,10248,760,79632
4,80396,245,0.0,10249,760,79636
3,80399,245,0.0,10250,760,79639
10,80409,245,0.0,10251,760,79649
2,80411,245,0.0,10252,760,79651
4,80415,245,0.0,10253,760,79655
9,80424,245,0.0,10254,760,79664
3,80427,245,0.0,10255,760,79667
2,80429,245,0.0,10256,760,79669
4,80433,245,0.0,10257,760,79673
11,80444,245,0.0,10258,760,79684
2,80446,245,0.0,10259,760,79686
5,80451,245,0.0,10260,760,79691
3,80454,245,0.0,10261,760,79694
5,80459,245,0.0,10262,760,79699
8,80467,245,0.0,10263,760,79707
3,80470,245,0.0,10264,760,79710
8,80478,245,0.0,10265,760,79718
8,80486,245,0.0,10266,760,79726
3,80489,245,0.0,10267,760,79729
6,80495,245,0.0,10268,760,79735
17,80512,245,0.0,10269,760,79752
21,80533,245,0.0,10270,760,79773
12,80545,245,0.0,10271,760,79785
6,80551,246,1.0,10272,760,79791
2,80553,246,0.0,10273,760,79793
17,80570,246,0.0,10274,760,79810
8,80578,246,0.0,10275,760,79818
8,80586,246,0.0,10276,760,79826
4,80590,246,0.0,10277,760,79830
17,80607,246,0.0,10278,760,79847
5,80612,246,0.0,10279,760,79852
2,80614,246,0.0,10280,760,79854
10,80624,246,0.0,10281,760,79864
5,80629,246,0.0,10282,760,79869
6,80635,246,0.0,10283,760,79875
20,80655,246,0.0,10284,760,79895
9,80664,246,0.0,10285,760,79904
6,80670,246,0.0,10286,760,79910
7,80677,246,0.0,10287,760,79917
3,80680,246,0.0,10288,760,79920
9,80689,246,0.0,10289,760,79929
6,80695,246,0.0,10290,760,79935
11,80706,246,0.0,10291,760,79946
8,80714,246,0.0,10292,760,79954
20,80734,246,0.0,10293,760,79974
5,80739,246,0.0,10294,760,79979
10,80749,246,0.0,10295,760,79989
9,80758,246,0.0,10296,760,79998
8,80766,246,0.0,10297,760,80006
4,80770,246,0.0,10298,760,80010
2,80772,246,0.0,10299,760,80012
2,80774,246,0.0,10300,760,80014
11,80785,246,0.0,10301,760,80025
4,80789,246,0.0,10302,760,80029
7,80796,246,0.0,10303,760,80036
3,80799,246,0.0,10304,760,80039
4,80803,246,0.0,10305,760,80043
11,80814,246,0.0,10306,760,80054
12,80826,246,0.0,10307,760,80066
6,80832,246,0.0,10308,760,80072
6,80838,246,0.0,10309,760,80078
3,80841,246,0.0,10310,760,80081
11,80852,246,0.0,10311,760,80092
4,80856,246,0.0,10312,760,80096
12,80868,246,0.0,10313,760,80108
2,80870,246,0.0,10314,760,80110
3,80873,246,0.0,10315,760,80113
9,80882,246,0.0,10316,760,80122
11,80893,247,1.0,10317,760,80133
5,80898,247,0.0,10318,760,80138
3,80901,247,0.0,10319,760,80141
5,80906,247,0.0,10320,760,80146
18,80924,247,0.0,10321,760,80164
7,80931,247,0.0,10322,760,80171
5,80936,247,0.0,10323,760,80176
7,80943,247,0.0,10324,760,80183
15,80958,247,0.0,10325,760,80198
12,80970,247,0.0,10326,760,80210
6,80976,247,0.0,10327,760,80216
12,80988,247,0.0,10328,760,80228
13,81001,247,0.0,10329,760,80241
8,81009,247,0.0,10330,760,80249
22,81031,247,0.0,10331,760,80271
7,81038,247,0.0,10332,760,80278
23,81061,247,0.0,10333,760,80301
8,81069,247,0.0,10334,760,80309
4,81073,247,0.0,10335,760,80313
14,81087,247,0.0,10336,760,80327
3,81090,247,0.0,10337,760,80330
20,81110,247,0.0,10338,760,80350
4,81114,247,0.0,10339,760,80354
11,81125,248,1.0,10340,760,80365
6,81131,248,0.0,10341,760,80371
13,81144,248,0.0,10342,760,80384
15,81159,248,0.0,10343,760,80399
13,81172,248,0.0,10344,760,80412
13,81185,248,0.0,10345,760,80425
4,81189,248,0.0,10346,760,80429
24,81213,248,0.0,10347,760,80453
11,81224,248,0.0,10348,760,80464
11,81235,248,0.0,10349,760,80475
10,81245,248,0.0,10350,760,80485
2,81247,248,0.0,10351,760,80487
26,81273,248,0.0,10352,760,80513
4,81277,248,0.0,10353,760,80517
4,81281,248,0.0,10354,760,80521
6,81287,248,0.0,10355,760,80527
6,81293,248,0.0,10356,760,80533
12,81305,248,0.0,10357,760,80545
5,81310,248,0.0,10358,760,80550
2,81312,248,0.0,10359,760,80552
11,81323,248,0.0,10360,760,80563
20,81343,248,0.0,10361,760,80583
16,81359,248,0.0,10362,760,80599
3,81362,248,0.0,10363,760,80602
2,81364,248,0.0,10364,760,80604
2,81366,248,0.0,10365,760,80606
10,81376,248,0.0,10366,760,80616
29,81405,248,0.0,10367,760,80645
12,81417,248,0.0,10368,760,80657
3,81420,248,0.0,10369,760,80660
6,81426,248,0.0,10370,760,80666
11,81437,248,0.0,10371,760,80677
5,81442,248,0.0,10372,760,80682
2,81444,248,0.0,10373,760,80684
11,81455,249,1.0,10374,760,80695
7,81462,249,0.0,10375,760,80702
2,81464,249,0.0,10376,760,80704
4,81468,249,0.0,10377,760,80708
3,81471,249,0.0,10378,760,80711
8,81479,249,0.0,10379,760,80719
5,81484,249,0.0,10380,760,80724
11,81495,249,0.0,10381,760,80735
10,81505,249,0.0,10382,760,80745
3,81508,249,0.0,10383,760,80748
4,81512,249,0.0,10384,760,80752
4,81516,249,0.0,10385,760,80756
11,81527,249,0.0,10386,760,80767
15,81542,249,0.0,10387,760,80782
19,81561,249,0.0,10388,760,80801
5,81566,249,0.0,10389,760,80806
6,81572,249,0.0,10390,760,80812
5,81577,249,0.0,10391,760,80817
5,81582,249,0.0,10392,760,80822
17,81599,249,0.0,10393,760,80839
11,81610,249,0.0,10394,760,80850
5,81615,249,0.0,10395,760,80855
17,81632,249,0.0,10396,760,80872
2,81634,249,0.0,10397,760,80874
5,81639,249,0.0,10398,760,80879
11,81650,250,1.0,10399,760,80890
14,81664,250,0.0,10400,760,80904
21,81685,250,0.0,10401,760,80925
7,81692,250,0.0,10402,760,80932
38,81730,250,0.0,10403,760,80970
16,81746,250,0.0,10404,760,80986
11,81757,250,0.0,10405,760,80997
3,81760,250,0.0,10406,760,81000
4,81764,250,0.0,10407,760,81004
10,81774,250,0.0,10408,760,81014
6,81780,250,0.0,10409,760,81020
7,81787,250,0.0,10410,760,81027
5,81792,250,0.0,10411,760,81032
9,81801,250,0.0,10412,760,81041
6,81807,250,0.0,10413,760,81047
3,81810,250,0.0,10414,760,81050
11,81821,250,0.0,10415,760,81061
16,81837,250,0.0,10416,760,81077
2,81839,250,0.0,10417,760,81079
7,81846,250,0.0,10418,760,81086
4,81850,250,0.0,10419,760,81090
5,81855,250,0.0,10420,760,81095
7,81862,250,0.0,10421,760,81102
3,81865,250,0.0,10422,760,81105
2,81867,250,0.0,10423,760,81107
8,81875,250,0.0,10424,760,81115
2,81877,250,0.0,10425,760,81117
10,81887,250,0.0,10426,760,81127
7,81894,250,0.0,10427,760,81134
3,81897,250,0.0,10428,760,81137
5,81902,250,0.0,10429,760,81142
2,81904,250,0.0,10430,760,81144
3,81907,250,0.0,10431,760,81147
10,81917,250,0.0,10432,760,81157
11,81928,250,0.0,10433,760,81168
13,81941,250,0.0,10434,760,81181
14,81955,250,0.0,10435,760,81195
5,81960,250,0.0,10436,760,81200
8,81968,250,0.0,10437,760,81208
8,81976,250,0.0,10438,760,81216
6,81982,250,0.0,10439,760,81222
2,81984,250,0.0,10440,760,81224
9,81993,250,0.0,10441,760,81233
5,81998,250,0.0,10442,760,81238
3,82001,250,0.0,10443,760,81241
11,82012,251,1.0,10444,760,81252
2,82014,251,0.0,10445,760,81254
9,82023,251,0.0,10446,760,81263
5,82028,251,0.0,10447,760,81268
5,82033,251,0.0,10448,760,81273
5,82038,251,0.0,10449,760,81278
11,82049,251,0.0,10450,760,81289
13,82062,251,0.0,10451,760,81302
9,82071,251,0.0,10452,760,81311
2,82073,251,0.0,10453,760,81313
7,82080,251,0.0,10454,760,81320
2,82082,251,0.0,10455,760,81322
8,82090,251,0.0,10456,760,81330
2,82092,251,0.0,10457,760,81332
5,82097,251,0.0,10458,760,81337
14,82111,251,0.0,10459,760,81351
19,82130,251,0.0,10460,760,81370
10,82140,251,0.0,10461,760,81380
4,82144,251,0.0,10462,760,81384
2,82146,251,0.0,10463,760,81386
8,82154,251,0.0,10464,760,81394
7,82161,251,0.0,10465,760,81401
11,82172,251,0.0,10466,760,81412
4,82176,251,0.0,10467,760,81416
8,82184,251,0.0,10468,760,81424
11,82195,251,0.0,10469,760,81435
3,82198,251,0.0,10470,760,81438
2,82200,251,0.0,10471,760,81440
7,82207,251,0.0,10472,760,81447
8,82215,251,0.0,10473,760,81455
5,82220,251,0.0,10474,760,81460
5,82225,251,0.0,10475,760,81465
10,82235,251,0.0,10476,760,81475
6,82241,251,0.0,10477,760,81481
4,82245,251,0.0,10478,760,81485
11,82256,251,0.0,10479,760,81496
9,82265,251,0.0,10480,760,81505
4,82269,251,0.0,10481,760,81509
4,82273,251,0.0,10482,760,81513
7,82280,251,0.0,10483,760,81520
6,82286,251,0.0,10484,760,81526
12,82298,251,0.0,10485,760,81538
12,82310,251,0.0,10486,760,81550
4,82314,251,0.0,10487,760,81554
4,82318,251,0.0,10488,760,81558
6,82324,251,0.0,10489,760,81564
9,82333,251,0.0,10490,760,81573
6,82339,251,0.0,10491,760,81579
3,82342,251,0.0,10492,760,81582
2,82344,251,0.0,10493,760,81584
5,82349,251,0.0,10494,760,81589
6,82355,251,0.0,10495,760,81595
3,82358,251,0.0,10496,760,81598
9,82367,251,0.0,10497,760,81607
7,82374,251,0.0,10498,760,81614
11,82385,251,0.0,10499,760,81625
2,82387,251,0.0,10500,760,81627
4,82391,251,0.0,10501,760,81631
20,82411,251,0.0,10502,760,81651
7,82418,251,0.0,10503,760,81658
5,82423,251,0.0,10504,760,81663
8,82431,251,0.0,10505,760,81671
8,82439,251,0.0,10506,760,81679
6,82445,251,0.0,10507,760,81685
4,82449,251,0.0,10508,760,81689
11,82460,251,0.0,10509,760,81700
2,82462,251,0.0,10510,760,81702
16,82478,251,0.0,10511,760,81718
8,82486,251,0.0,10512,760,81726
2,82488,251,0.0,10513,760,81728
4,82492,251,0.0,10514,760,81732
7,82499,251,0.0,10515,760,81739
4,82503,251,0.0,10516,760,81743
9,82512,251,0.0,10517,760,81752
4,82516,251,0.0,10518,760,81756
11,82527,251,0.0,10519,760,81767
6,82533,251,0.0,10520,760,81773
13,82546,251,0.0,10521,760,81786
2,82548,251,0.0,10522,760,81788
5,82553,251,0.0,10523,760,81793
6,82559,251,0.0,10524,760,81799
8,82567,251,0.0,10525,760,81807
7,82574,251,0.0,10526,760,81814
6,82580,251,0.0,10527,760,81820
2,82582,251,0.0,10528,760,81822
24,82606,251,0.0,10529,760,81846
24,82630,252,1.0,10530,760,81870
5,82635,252,0.0,10531,760,81875
6,82641,252,0.0,10532,760,81881
3,82644,252,0.0,10533,760,81884
9,82653,252,0.0,10534,760,81893
4,82657,252,0.0,10535,760,81897
2,82659,252,0.0,10536,760,81899
6,82665,252,0.0,10537,760,81905
3,82668,252,0.0,10538,760,81908
17,82685,252,0.0,10539,760,81925
4,82689,252,0.0,10540,760,81929
6,82695,252,0.0,10541,760,81935
2,82697,252,0.0,10542,760,81937
11,82708,252,0.0,10543,760,81948
2,82710,252,0.0,10544,760,81950
13,82723,252,0.0,10545,760,81963
5,82728,252,0.0,10546,760,81968
9,82737,252,0.0,10547,760,81977
6,82743,252,0.0,10548,760,81983
4,82747,252,0.0,10549,760,81987
2,82749,252,0.0,10550,760,81989
22,82771,252,0.0,10551,760,82011
2,82773,252,0.0,10552,760,82013
5,82778,252,0.0,10553,760,82018
13,82791,252,0.0,10554,760,82031
3,82794,252,0.0,10555,760,82034
7,82801,252,0.0,10556,760,82041
11,82812,252,0.0,10557,760,82052
20,82832,252,0.0,10558,760,82072
5,82837,252,0.0,10559,760,82077
4,82841,252,0.0,10560,760,82081
20,82861,252,0.0,10561,760,82101
7,82868,252,0.0,10562,760,82108
4,82872,252,0.0,10563,760,82112
2,82874,252,0.0,10564,760,82114
19,82893,252,0.0,10565,760,82133
10,82903,252,0.0,10566,760,82143
5,82908,252,0.0,10567,760,82148
2,82910,252,0.0,10568,760,82150
5,82915,252,0.0,10569,760,82155
13,82928,252,0.0,10570,760,82168
5,82933,252,0.0,10571,760,82173
4,82937,252,0.0,10572,760,82177
2,82939,252,0.0,10573,760,82179
2,82941,252,0.0,10574,760,82181
2,82943,252,0.0,10575,760,82183
3,82946,252,0.0,10576,760,82186
6,82952,253,1.0,10577,760,82192
11,82963,253,0.0,10578,760,82203
27,82990,253,0.0,10579,760,82230
3,82993,253,0.0,10580,760,82233
4,82997,253,0.0,10581,760,82237
12,83009,253,0.0,10582,760,82249
2,83011,253,0.0,10583,760,82251
11,83022,253,0.0,10584,760,82262
11,83033,253,0.0,10585,760,82273
9,83042,253,0.0,10586,760,82282
4,83046,253,0.0,10587,760,82286
19,83065,253,0.0,10588,760,82305
5,83070,253,0.0,10589,760,82310
4,83074,253,0.0,10590,760,82314
7,83081,253,0.0,10591,760,82321
4,83085,253,0.0,10592,760,82325
24,83109,253,0.0,10593,760,82349
10,83119,253,0.0,10594,760,82359
7,83126,253,0.0,10595,760,82366
4,83130,253,0.0,10596,760,82370
6,83136,253,0.0,10597,760,82376
5,83141,253,0.0,10598,760,82381
3,83144,253,0.0,10599,760,82384
4,83148,253,0.0,10600,760,82388
2,83150,253,0.0,10601,760,82390
16,83166,253,0.0,10602,760,82406
5,83171,253,0.0,10603,760,82411
11,83182,253,0.0,10604,760,82422
11,83193,253,0.0,10605,760,82433
4,83197,253,0.0,10606,760,82437
8,83205,253,0.0,10607,760,82445
3,83208,253,0.0,10608,760,82448
8,83216,253,0.0,10609,760,82456
12,83228,253,0.0,10610,760,82468
4,83232,253,0.0,10611,760,82472
8,83240,253,0.0,10612,760,82480
6,83246,254,1.0,10613,760,82486
4,83250,254,0.0,10614,760,82490
4,83254,254,0.0,10615,760,82494
9,83263,254,0.0,10616,760,82503
7,83270,254,0.0,10617,760,82510
5,83275,254,0.0,10618,760,82515
14,83289,254,0.0,10619,760,82529
3,83292,254,0.0,10620,760,82532
2,83294,254,0.0,10621,760,82534
2,83296,254,0.0,10622,760,82536
17,83313,254,0.0,10623,760,82553
7,83320,254,0.0,10624,760,82560
9,83329,254,0.0,10625,760,82569
3,83332,254,0.0,10626,760,82572
7,83339,254,0.0,10627,760,82579
13,83352,254,0.0,10628,760,82592
24,83376,254,0.0,10629,760,82616
5,83381,254,0.0,10630,760,82621
9,83390,254,0.0,10631,760,82630
2,83392,254,0.0,10632,760,82632
7,83399,254,0.0,10633,760,82639
5,83404,254,0.0,10634,760,82644
9,83413,254,0.0,10635,760,82653
3,83416,254,0.0,10636,760,82656
6,83422,255,1.0,10637,760,82662
15,83437,255,0.0,10638,760,82677
8,83445,255,0.0,10639,760,82685
4,83449,255,0.0,10640,760,82689
7,83456,255,0.0,10641,760,82696
9,83465,255,0.0,10642,760,82705
11,83476,255,0.0,10643,760,82716
5,83481,255,0.0,10644,760,82721
2,83483,255,0.0,10645,760,82723
11,83494,255,0.0,10646,760,82734
2,83496,255,0.0,10647,760,82736
16,83512,255,0.0,10648,760,82752
5,83517,255,0.0,10649,760,82757
13,83530,255,0.0,10650,760,82770
7,83537,255,0.0,10651,760,82777
5,83542,255,0.0,10652,760,82782
11,83553,255,0.0,10653,760,82793
2,83555,255,0.0,10654,760,82795
2,83557,255,0.0,10655,760,82797
2,83559,255,0.0,10656,760,82799
8,83567,255,0.0,10657,760,82807
7,83574,255,0.0,10658,760,82814
6,83580,255,0.0,10659,760,82820
6,83586,255,0.0,10660,760,82826
11,83597,255,0.0,10661,760,82837
5,83602,255,0.0,10662,760,82842
9,83611,255,0.0,10663,760,82851
7,83618,255,0.0,10664,760,82858
15,83633,255,0.0,10665,760,82873
4,83637,255,0.0,10666,760,82877
3,83640,255,0.0,10667,760,82880
3,83643,255,0.0,10668,760,82883
26,83669,255,0.0,10669,760,82909
11,83680,255,0.0,10670,760,82920
9,83689,255,0.0,10671,760,82929
19,83708,255,0.0,10672,760,82948
15,83723,255,0.0,10673,760,82963
8,83731,255,0.0,10674,760,82971
6,83737,255,0.0,10675,760,82977
3,83740,255,0.0,10676,760,82980
3,83743,255,0.0,10677,760,82983
4,83747,255,0.0,10678,760,82987
6,83753,255,0.0,10679,760,82993
8,83761,255,0.0,10680,760,83001
5,83766,255,0.0,10681,760,83006
6,83772,255,0.0,10682,760,83012
11,83783,255,0.0,10683,760,83023
20,83803,255,0.0,10684,760,83043
4,83807,255,0.0,10685,760,83047
2,83809,255,0.0,10686,760,83049
12,83821,255,0.0,10687,760,83061
4,83825,255,0.0,10688,760,83065
8,83833,255,0.0,10689,760,83073
6,83839,255,0.0,10690,760,83079
8,83847,255,0.0,10691,760,83087
8,83855,255,0.0,10692,760,83095
8,83863,255,0.0,10693,760,83103
4,83867,255,0.0,10694,760,83107
13,83880,255,0.0,10695,760,83120
21,83901,255,0.0,10696,760,83141
2,83903,255,0.0,10697,760,83143
24,83927,255,0.0,10698,760,83167
4,83931,255,0.0,10699,760,83171
5,83936,255,0.0,10700,760,83176
4,83940,255,0.0,10701,760,83180
8,83948,255,0.0,10702,760,83188
3,83951,255,0.0,10703,760,83191
2,83953,255,0.0,10704,760,83193
4,83957,255,0.0,10705,760,83197
31,83988,255,0.0,10706,760,83228
2,83990,255,0.0,10707,760,83230
7,83997,255,0.0,10708,760,83237
4,84001,255,0.0,10709,760,83241
12,84013,255,0.0,10710,760,83253
5,84018,255,0.0,10711,760,83258
5,84023,255,0.0,10712,760,83263
4,84027,255,0.0,10713,760,83267
12,84039,255,0.0,10714,760,83279
3,84042,255,0.0,10715,760,83282
4,84046,255,0.0,10716,760,83286
2,84048,255,0.0,10717,760,83288
2,84050,255,0.0,10718,760,83290
9,84059,255,0.0,10719,760,83299
2,84061,255,0.0,10720,760,83301
5,84066,255,0.0,10721,760,83306
8,84074,255,0.0,10722,760,83314
4,84078,255,0.0,10723,760,83318
7,84085,255,0.0,10724,760,83325
21,84106,255,0.0,10725,760,83346
11,84117,255,0.0,10726,760,83357
4,84121,255,0.0,10727,760,83361
2,84123,255,0.0,10728,760,83363
7,84130,255,0.0,10729,760,83370
8,84138,255,0.0,10730,760,83378
8,84146,255,0.0,10731,760,83386
4,84150,255,0.0,10732,760,83390
11,84161,255,0.0,10733,760,83401
7,84168,255,0.0,10734,760,83408
11,84179,255,0.0,10735,760,83419
11,84190,255,0.0,10736,760,83430
24,84214,255,0.0,10737,760,83454
8,84222,255,0.0,10738,760,83462
6,84228,255,0.0,10739,760,83468
9,84237,255,0.0,10740,760,83477
7,84244,255,0.0,10741,760,83484
3,84247,255,0.0,10742,760,83487
2,84249,255,0.0,10743,760,83489
39,84288,255,0.0,10744,760,83528
9,84297,255,0.0,10745,760,83537
29,84326,255,0.0,10746,760,83566
31,84357,255,0.0,10747,760,83597
24,84381,255,0.0,10748,760,83621
2,84383,255,0.0,10749,760,83623
3,84386,255,0.0,10750,760,83626
24,84410,255,0.0,10751,760,83650
15,84425,255,0.0,10752,760,83665
2,84427,255,0.0,10753,760,83667
18,84445,255,0.0,10754,760,83685
8,84453,255,0.0,10755,760,83693
3,84456,255,0.0,10756,760,83696
7,84463,255,0.0,10757,760,83703
12,84475,255,0.0,10758,760,83715
9,84484,255,0.0,10759,760,83724
9,84493,255,0.0,10760,760,83733
5,84498,255,0.0,10761,760,83738
9,84507,255,0.0,10762,760,83747
13,84520,255,0.0,10763,760,83760
2,84522,255,0.0,10764,760,83762
5,84527,255,0.0,10765,760,83767
7,84534,255,0.0,10766,760,83774
2,84536,255,0.0,10767,760,83776
14,84550,255,0.0,10768,760,83790
4,84554,255,0.0,10769,760,83794
5,84559,255,0.0,10770,760,83799
11,84570,256,1.0,10771,760,83810
11,84581,257,1.0,10772,760,83821
13,84594,257,0.0,10773,760,83834
22,84616,257,0.0,10774,760,83856
6,84622,257,0.0,10775,760,83862
2,84624,257,0.0,10776,760,83864
5,84629,257,0.0,10777,760,83869
5,84634,257,0.0,10778,760,83874
7,84641,257,0.0,10779,760,83881
8,84649,257,0.0,10780,760,83889
5,84654,257,0.0,10781,760,83894
24,84678,257,0.0,10782,760,83918
4,84682,257,0.0,10783,760,83922
3,84685,257,0.0,10784,760,83925
4,84689,257,0.0,10785,760,83929
13,84702,257,0.0,10786,760,83942
3,84705,257,0.0,10787,760,83945
15,84720,257,0.0,10788,760,83960
18,84738,257,0.0,10789,760,83978
5,84743,257,0.0,10790,760,83983
10,84753,257,0.0,10791,760,83993
13,84766,257,0.0,10792,760,84006
4,84770,257,0.0,10793,760,84010
2,84772,257,0.0,10794,760,84012
28,84800,257,0.0,10795,760,84040
2,84802,257,0.0,10796,760,84042
2,84804,257,0.0,10797,760,84044
16,84820,257,0.0,10798,760,84060
4,84824,257,0.0,10799,760,84064
3,84827,257,0.0,10800,760,84067
3,84830,257,0.0,10801,760,84070
5,84835,257,0.0,10802,760,84075
12,84847,257,0.0,10803,760,84087
11,84858,257,0.0,10804,760,84098
8,84866,257,0.0,10805,760,84106
5,84871,257,0.0,10806,760,84111
8,84879,257,0.0,10807,760,84119
24,84903,257,0.0,10808,760,84143
5,84908,257,0.0,10809,760,84148
7,84915,257,0.0,10810,760,84155
5,84920,257,0.0,10811,760,84160
17,84937,257,0.0,10812,760,84177
3,84940,257,0.0,10813,760,84180
4,84944,257,0.0,10814,760,84184
5,84949,257,0.0,10815,760,84189
6,84955,257,0.0,10816,760,84195
20,84975,257,0.0,10817,760,84215
3,84978,257,0.0,10818,760,84218
11,84989,257,0.0,10819,760,84229
2,84991,257,0.0,10820,760,84231
4,84995,257,0.0,10821,760,84235
13,85008,257,0.0,10822,760,84248
19,85027,257,0.0,10823,760,84267
33,85060,257,0.0,10824,760,84300
2,85062,257,0.0,10825,760,84302
6,85068,257,0.0,10826,760,84308
5,85073,257,0.0,10827,760,84313
6,85079,257,0.0,10828,760,84319
3,85082,257,0.0,10829,760,84322
6,85088,257,0.0,10830,760,84328
5,85093,257,0.0,10831,760,84333
2,85095,257,0.0,10832,760,84335
6,85101,257,0.0,10833,760,84341
4,85105,257,0.0,10834,760,84345
19,85124,257,0.0,10835,760,84364
10,85134,257,0.0,10836,760,84374
7,85141,257,0.0,10837,760,84381
5,85146,257,0.0,10838,760,84386
10,85156,257,0.0,10839,760,84396
9,85165,257,0.0,10840,760,84405
8,85173,257,0.0,10841,760,84413
10,85183,257,0.0,10842,760,84423
2,85185,257,0.0,10843,760,84425
4,85189,257,0.0,10844,760,84429
3,85192,257,0.0,10845,760,84432
2,85194,257,0.0,10846,760,84434
2,85196,257,0.0,10847,760,84436
11,85207,257,0.0,10848,760,84447
6,85213,257,0.0,10849,760,84453
9,85222,257,0.0,10850,760,84462
4,85226,257,0.0,10851,760,84466
5,85231,257,0.0,10852,760,84471
24,85255,257,0.0,10853,760,84495
12,85267,257,0.0,10854,760,84507
4,85271,257,0.0,10855,760,84511
4,85275,257,0.0,10856,760,84515
2,85277,257,0.0,10857,760,84517
8,85285,257,0.0,10858,760,84525
3,85288,257,0.0,10859,760,84528
8,85296,257,0.0,10860,760,84536
5,85301,257,0.0,10861,760,84541
10,85311,257,0.0,10862,760,84551
2,85313,257,0.0,10863,760,84553
9,85322,257,0.0,10864,760,84562
6,85328,257,0.0,10865,760,84568
4,85332,257,0.0,10866,760,84572
7,85339,257,0.0,10867,760,84579
3,85342,257,0.0,10868,760,84582
5,85347,257,0.0,10869,760,84587
24,85371,257,0.0,10870,760,84611
6,85377,257,0.0,10871,760,84617
6,85383,257,0.0,10872,760,84623
5,85388,257,0.0,10873,760,84628
4,85392,257,0.0,10874,760,84632
7,85399,257,0.0,10875,760,84639
4,85403,257,0.0,10876,760,84643
4,85407,257,0.0,10877,760,84647
8,85415,257,0.0,10878,760,84655
12,85427,257,0.0,10879,760,84667
25,85452,257,0.0,10880,760,84692
8,85460,257,0.0,10881,760,84700
2,85462,257,0.0,10882,760,84702
5,85467,257,0.0,10883,760,84707
2,85469,257,0.0,10884,760,84709
8,85477,257,0.0,10885,760,84717
8,85485,257,0.0,10886,760,84725
24,85509,257,0.0,10887,760,84749
2,85511,257,0.0,10888,760,84751
9,85520,257,0.0,10889,760,84760
10,85530,257,0.0,10890,760,84770
10,85540,257,0.0,10891,760,84780
24,85564,257,0.0,10892,760,84804
5,85569,257,0.0,10893,760,84809
3,85572,257,0.0,10894,760,84812
4,85576,257,0.0,10895,760,84816
2,85578,257,0.0,10896,760,84818
4,85582,257,0.0,10897,760,84822
21,85603,257,0.0,10898,760,84843
11,85614,257,0.0,10899,760,84854
11,85625,257,0.0,10900,760,84865
7,85632,257,0.0,10901,760,84872
2,85634,257,0.0,10902,760,84874
2,85636,257,0.0,10903,760,84876
11,85647,257,0.0,10904,760,84887
8,85655,257,0.0,10905,760,84895
5,85660,257,0.0,10906,760,84900
10,85670,257,0.0,10907,760,84910
9,85679,257,0.0,10908,760,84919
8,85687,257,0.0,10909,760,84927
8,85695,257,0.0,10910,760,84935
24,85719,257,0.0,10911,760,84959
4,85723,257,0.0,10912,760,84963
3,85726,257,0.0,10913,760,84966
11,85737,257,0.0,10914,760,84977
3,85740,257,0.0,10915,760,84980
9,85749,257,0.0,10916,760,84989
9,85758,257,0.0,10917,760,84998
7,85765,257,0.0,10918,760,85005
2,85767,257,0.0,10919,760,85007
9,85776,257,0.0,10920,760,85016
5,85781,257,0.0,10921,760,85021
2,85783,257,0.0,10922,760,85023
5,85788,257,0.0,10923,760,85028
8,85796,257,0.0,10924,760,85036
11,85807,257,0.0,10925,760,85047
5,85812,257,0.0,10926,760,85052
20,85832,257,0.0,10927,760,85072
7,85839,257,0.0,10928,760,85079
19,85858,257,0.0,10929,760,85098
11,85869,257,0.0,10930,760,85109
8,85877,257,0.0,10931,760,85117
2,85879,257,0.0,10932,760,85119
16,85895,257,0.0,10933,760,85135
5,85900,257,0.0,10934,760,85140
7,85907,257,0.0,10935,760,85147
8,85915,257,0.0,10936,760,85155
17,85932,257,0.0,10937,760,85172
14,85946,257,0.0,10938,760,85186
13,85959,257,0.0,10939,760,85199
14,85973,257,0.0,10940,760,85213
6,85979,257,0.0,10941,760,85219
12,85991,257,0.0,10942,760,85231
7,85998,257,0.0,10943,760,85238
11,86009,257,0.0,10944,760,85249
5,86014,257,0.0,10945,760,85254
12,86026,257,0.0,10946,760,85266
6,86032,257,0.0,10947,760,85272
3,86035,257,0.0,10948,760,85275
5,86040,257,0.0,10949,760,85280
5,86045,257,0.0,10950,760,85285
21,86066,257,0.0,10951,760,85306
16,86082,257,0.0,10952,760,85322
24,86106,258,1.0,10953,760,85346
24,86130,258,0.0,10954,760,85370
5,86135,258,0.0,10955,760,85375
2,86137,258,0.0,10956,760,85377
2,86139,258,0.0,10957,760,85379
9,86148,258,0.0,10958,760,85388
9,86157,258,0.0,10959,760,85397
8,86165,258,0.0,10960,760,85405
9,86174,258,0.0,10961,760,85414
8,86182,258,0.0,10962,760,85422
28,86210,258,0.0,10963,760,85450
4,86214,258,0.0,10964,760,85454
2,86216,258,0.0,10965,760,85456
6,86222,258,0.0,10966,760,85462
10,86232,258,0.0,10967,760,85472
7,86239,258,0.0,10968,760,85479
6,86245,258,0.0,10969,760,85485
3,86248,258,0.0,10970,760,85488
11,86259,258,0.0,10971,760,85499
11,86270,258,0.0,10972,760,85510
6,86276,258,0.0,10973,760,85516
6,86282,259,1.0,10974,760,85522
8,86290,259,0.0,10975,760,85530
8,86298,259,0.0,10976,760,85538
5,86303,259,0.0,10977,760,85543
6,86309,259,0.0,10978,760,85549
2,86311,259,0.0,10979,760,85551
5,86316,259,0.0,10980,760,85556
2,86318,259,0.0,10981,760,85558
2,86320,259,0.0,10982,760,85560
4,86324,259,0.0,10983,760,85564
5,86329,259,0.0,10984,760,85569
13,86342,259,0.0,10985,760,85582
4,86346,259,0.0,10986,760,85586
4,86350,259,0.0,10987,760,85590
5,86355,259,0.0,10988,760,85595
2,86357,259,0.0,10989,760,85597
18,86375,259,0.0,10990,760,85615
12,86387,259,0.0,10991,760,85627
17,86404,259,0.0,10992,760,85644
11,86415,259,0.0,10993,760,85655
2,86417,259,0.0,10994,760,85657
3,86420,259,0.0,10995,760,85660
3,86423,259,0.0,10996,760,85663
5,86428,259,0.0,10997,760,85668
15,86443,259,0.0,10998,760,85683
11,86454,259,0.0,10999,760,85694
2,86456,259,0.0,11000,760,85696
10,86466,259,0.0,11001,760,85706
15,86481,259,0.0,11002,760,85721
12,86493,259,0.0,11003,760,85733
4,86497,259,0.0,11004,760,85737
4,86501,259,0.0,11005,760,85741
4,86505,259,0.0,11006,760,85745
3,86508,259,0.0,11007,760,85748
11,86519,260,1.0,11008,760,85759
5,86524,260,0.0,11009,760,85764
5,86529,260,0.0,11010,760,85769
2,86531,260,0.0,11011,760,85771
13,86544,260,0.0,11012,760,85784
6,86550,260,0.0,11013,760,85790
11,86561,261,1.0,11014,760,85801
5,86566,261,0.0,11015,760,85806
17,86583,261,0.0,11016,760,85823
6,86589,261,0.0,11017,760,85829
6,86595,261,0.0,11018,760,85835
8,86603,261,0.0,11019,760,85843
4,86607,261,0.0,11020,760,85847
6,86613,261,0.0,11021,760,85853
11,86624,261,0.0,11022,760,85864
8,86632,261,0.0,11023,760,85872
4,86636,261,0.0,11024,760,85876
6,86642,262,1.0,11025,760,85882
11,86653,262,0.0,11026,760,85893
11,86664,262,0.0,11027,760,85904
4,86668,262,0.0,11028,760,85908
7,86675,262,0.0,11029,760,85915
2,86677,262,0.0,11030,760,85917
7,86684,262,0.0,11031,760,85924
4,86688,262,0.0,11032,760,85928
3,86691,262,0.0,11033,760,85931
2,86693,262,0.0,11034,760,85933
20,86713,262,0.0,11035,760,85953
4,86717,262,0.0,11036,760,85957
12,86729,262,0.0,11037,760,85969
2,86731,262,0.0,11038,760,85971
2,86733,262,0.0,11039,760,85973
3,86736,262,0.0,11040,760,85976
11,86747,262,0.0,11041,760,85987
28,86775,262,0.0,11042,760,86015
2,86777,262,0.0,11043,760,86017
9,86786,262,0.0,11044,760,86026
5,86791,262,0.0,11045,760,86031
11,86802,262,0.0,11046,760,86042
2,86804,262,0.0,11047,760,86044
10,86814,262,0.0,11048,760,86054
11,86825,262,0.0,11049,760,86065
13,86838,262,0.0,11050,760,86078
9,86847,262,0.0,11051,760,86087
5,86852,262,0.0,11052,760,86092
2,86854,262,0.0,11053,760,86094
2,86856,262,0.0,11054,760,86096
10,86866,262,0.0,11055,760,86106
2,86868,262,0.0,11056,760,86108
9,86877,262,0.0,11057,760,86117
11,86888,262,0.0,11058,760,86128
18,86906,262,0.0,11059,760,86146
4,86910,262,0.0,11060,760,86150
11,86921,262,0.0,11061,760,86161
11,86932,262,0.0,11062,760,86172
4,86936,262,0.0,11063,760,86176
5,86941,262,0.0,11064,760,86181
24,86965,262,0.0,11065,760,86205
2,86967,262,0.0,11066,760,86207
7,86974,262,0.0,11067,760,86214
6,86980,262,0.0,11068,760,86220
3,86983,262,0.0,11069,760,86223
3,86986,262,0.0,11070,760,86226
3,86989,262,0.0,11071,760,86229
6,86995,262,0.0,11072,760,86235
13,87008,262,0.0,11073,760,86248
4,87012,262,0.0,11074,760,86252
7,87019,262,0.0,11075,760,86259
3,87022,262,0.0,11076,760,86262
7,87029,262,0.0,11077,760,86269
6,87035,262,0.0,11078,760,86275
5,87040,262,0.0,11079,760,86280
2,87042,262,0.0,11080,760,86282
12,87054,262,0.0,11081,760,86294
5,87059,262,0.0,11082,760,86299
7,87066,262,0.0,11083,760,86306
5,87071,262,0.0,11084,760,86311
5,87076,262,0.0,11085,760,86316
24,87100,262,0.0,11086,760,86340
5,87105,262,0.0,11087,760,86345
4,87109,262,0.0,11088,760,86349
3,87112,262,0.0,11089,760,86352
10,87122,262,0.0,11090,760,86362
3,87125,262,0.0,11091,760,86365
7,87132,262,0.0,11092,760,86372
12,87144,262,0.0,11093,760,86384
8,87152,262,0.0,11094,760,86392
5,87157,262,0.0,11095,760,86397
11,87168,262,0.0,11096,760,86408
8,87176,262,0.0,11097,760,86416
10,87186,262,0.0,11098,760,86426
7,87193,262,0.0,11099,760,86433
6,87199,262,0.0,11100,760,86439
14,87213,262,0.0,11101,760,86453
11,87224,262,0.0,11102,760,86464
6,87230,262,0.0,11103,760,86470
7,87237,262,0.0,11104,760,86477
4,87241,262,0.0,11105,760,86481
18,87259,262,0.0,11106,760,86499
11,87270,263,1.0,11107,760,86510
2,87272,263,0.0,11108,760,86512
18,87290,263,0.0,11109,760,86530
3,87293,263,0.0,11110,760,86533
3,87296,263,0.0,11111,760,86536
4,87300,263,0.0,11112,760,86540
11,87311,263,0.0,11113,760,86551
2,87313,263,0.0,11114,760,86553
11,87324,263,0.0,11115,760,86564
7,87331,263,0.0,11116,760,86571
27,87358,263,0.0,11117,760,86598
4,87362,263,0.0,11118,760,86602
2,87364,263,0.0,11119,760,86604
3,87367,263,0.0,11120,760,86607
11,87378,263,0.0,11121,760,86618
21,87399,263,0.0,11122,760,86639
2,87401,263,0.0,11123,760,86641
3,87404,263,0.0,11124,760,86644
5,87409,263,0.0,11125,760,86649
13,87422,263,0.0,11126,760,86662
8,87430,263,0.0,11127,760,86670
5,87435,263,0.0,11128,760,86675
24,87459,263,0.0,11129,760,86699
23,87482,263,0.0,11130,760,86722
8,87490,263,0.0,11131,760,86730
4,87494,263,0.0,11132,760,86734
9,87503,263,0.0,11133,760,86743
15,87518,263,0.0,11134,760,86758
8,87526,263,0.0,11135,760,86766
5,87531,263,0.0,11136,760,86771
3,87534,263,0.0,11137,760,86774
7,87541,263,0.0,11138,760,86781
8,87549,263,0.0,11139,760,86789
3,87552,263,0.0,11140,760,86792
15,87567,263,0.0,11141,760,86807
3,87570,263,0.0,11142,760,86810
3,87573,263,0.0,11143,760,86813
8,87581,263,0.0,11144,760,86821
10,87591,263,0.0,11145,760,86831
5,87596,263,0.0,11146,760,86836
3,87599,263,0.0,11147,760,86839
4,87603,263,0.0,11148,760,86843
2,87605,263,0.0,11149,760,86845
4,87609,263,0.0,11150,760,86849
10,87619,263,0.0,11151,760,86859
7,87626,263,0.0,11152,760,86866
7,87633,263,0.0,11153,760,86873
3,87636,263,0.0,11154,760,86876
11,87647,263,0.0,11155,760,86887
10,87657,263,0.0,11156,760,86897
5,87662,263,0.0,11157,760,86902
7,87669,263,0.0,11158,760,86909
8,87677,263,0.0,11159,760,86917
4,87681,263,0.0,11160,760,86921
10,87691,263,0.0,11161,760,86931
10,87701,263,0.0,11162,760,86941
3,87704,263,0.0,11163,760,86944
8,87712,263,0.0,11164,760,86952
24,87736,263,0.0,11165,760,86976
2,87738,263,0.0,11166,760,86978
2,87740,263,0.0,11167,760,86980
14,87754,263,0.0,11168,760,86994
3,87757,263,0.0,11169,760,86997
4,87761,263,0.0,11170,760,87001
3,87764,263,0.0,11171,760,87004
20,87784,263,0.0,11172,760,87024
4,87788,263,0.0,11173,760,87028
10,87798,263,0.0,11174,760,87038
8,87806,263,0.0,11175,760,87046
3,87809,263,0.0,11176,760,87049
7,87816,263,0.0,11177,760,87056
2,87818,263,0.0,11178,760,87058
11,87829,263,0.0,11179,760,87069
3,87832,263,0.0,11180,760,87072
10,87842,263,0.0,11181,760,87082
11,87853,263,0.0,11182,760,87093
15,87868,263,0.0,11183,760,87108
3,87871,263,0.0,11184,760,87111
4,87875,263,0.0,11185,760,87115
9,87884,263,0.0,11186,760,87124
2,87886,263,0.0,11187,760,87126
2,87888,263,0.0,11188,760,87128
6,87894,263,0.0,11189,760,87134
11,87905,263,0.0,11190,760,87145
28,87933,263,0.0,11191,760,87173
2,87935,263,0.0,11192,760,87175
20,87955,263,0.0,11193,760,87195
26,87981,263,0.0,11194,760,87221
9,87990,263,0.0,11195,760,87230
2,87992,263,0.0,11196,760,87232
6,87998,263,0.0,11197,760,87238
2,88000,263,0.0,11198,760,87240
7,88007,263,0.0,11199,760,87247
7,88014,263,0.0,11200,760,87254
5,88019,263,0.0,11201,760,87259
8,88027,263,0.0,11202,760,87267
10,88037,263,0.0,11203,760,87277
8,88045,263,0.0,11204,760,87285
10,88055,263,0.0,11205,760,87295
7,88062,263,0.0,11206,760,87302
4,88066,263,0.0,11207,760,87306
5,88071,263,0.0,11208,760,87311
5,88076,263,0.0,11209,760,87316
5,88081,263,0.0,11210,760,87321
24,88105,263,0.0,11211,760,87345
10,88115,263,0.0,11212,760,87355
13,88128,263,0.0,11213,760,87368
3,88131,263,0.0,11214,760,87371
5,88136,263,0.0,11215,760,87376
4,88140,263,0.0,11216,760,87380
4,88144,263,0.0,11217,760,87384
10,88154,263,0.0,11218,760,87394
6,88160,263,0.0,11219,760,87400
24,88184,263,0.0,11220,760,87424
7,88191,263,0.0,11221,760,87431
10,88201,263,0.0,11222,760,87441
8,88209,263,0.0,11223,760,87449
3,88212,263,0.0,11224,760,87452
3,88215,263,0.0,11225,760,87455
2,88217,263,0.0,11226,760,87457
7,88224,263,0.0,11227,760,87464
3,88227,263,0.0,11228,760,87467
6,88233,264,1.0,11229,760,87473
5,88238,264,0.0,11230,760,87478
5,88243,264,0.0,11231,760,87483
2,88245,264,0.0,11232,760,87485
2,88247,264,0.0,11233,760,87487
4,88251,264,0.0,11234,760,87491
5,88256,264,0.0,11235,760,87496
7,88263,264,0.0,11236,760,87503
8,88271,264,0.0,11237,760,87511
11,88282,264,0.0,11238,760,87522
10,88292,264,0.0,11239,760,87532
10,88302,264,0.0,11240,760,87542
12,88314,264,0.0,11241,760,87554
5,88319,264,0.0,11242,760,87559
7,88326,264,0.0,11243,760,87566
5,88331,264,0.0,11244,760,87571
6,88337,265,1.0,11245,760,87577
24,88361,265,0.0,11246,760,87601
5,88366,265,0.0,11247,760,87606
3,88369,265,0.0,11248,760,87609
6,88375,265,0.0,11249,760,87615
8,88383,265,0.0,11250,760,87623
13,88396,265,0.0,11251,760,87636
4,88400,265,0.0,11252,760,87640
9,88409,265,0.0,11253,760,87649
4,88413,265,0.0,11254,760,87653
6,88419,265,0.0,11255,760,87659
8,88427,265,0.0,11256,760,87667
7,88434,265,0.0,11257,760,87674
4,88438,265,0.0,11258,760,87678
6,88444,265,0.0,11259,760,87684
4,88448,265,0.0,11260,760,87688
9,88457,265,0.0,11261,760,87697
2,88459,265,0.0,11262,760,87699
8,88467,265,0.0,11263,760,87707
2,88469,265,0.0,11264,760,87709
7,88476,265,0.0,11265,760,87716
7,88483,265,0.0,11266,760,87723
3,88486,265,0.0,11267,760,87726
3,88489,265,0.0,11268,760,87729
16,88505,265,0.0,11269,760,87745
6,88511,265,0.0,11270,760,87751
5,88516,265,0.0,11271,760,87756
4,88520,265,0.0,11272,760,87760
6,88526,265,0.0,11273,760,87766
6,88532,265,0.0,11274,760,87772
2,88534,265,0.0,11275,760,87774
19,88553,265,0.0,11276,760,87793
8,88561,265,0.0,11277,760,87801
24,88585,265,0.0,11278,760,87825
7,88592,265,0.0,11279,760,87832
11,88603,265,0.0,11280,760,87843
2,88605,265,0.0,11281,760,87845
6,88611,265,0.0,11282,760,87851
8,88619,265,0.0,11283,760,87859
16,88635,265,0.0,11284,760,87875
8,88643,265,0.0,11285,760,87883
2,88645,265,0.0,11286,760,87885
4,88649,265,0.0,11287,760,87889
6,88655,265,0.0,11288,760,87895
14,88669,265,0.0,11289,760,87909
3,88672,265,0.0,11290,760,87912
7,88679,265,0.0,11291,760,87919
18,88697,265,0.0,11292,760,87937
4,88701,265,0.0,11293,760,87941
7,88708,265,0.0,11294,760,87948
17,88725,265,0.0,11295,760,87965
3,88728,265,0.0,11296,760,87968
4,88732,265,0.0,11297,760,87972
6,88738,265,0.0,11298,760,87978
4,88742,265,0.0,11299,760,87982
10,88752,265,0.0,11300,760,87992
2,88754,265,0.0,11301,760,87994
11,88765,265,0.0,11302,760,88005
9,88774,265,0.0,11303,760,88014
7,88781,265,0.0,11304,760,88021
9,88790,265,0.0,11305,760,88030
3,88793,265,0.0,11306,760,88033
3,88796,265,0.0,11307,760,88036
3,88799,265,0.0,11308,760,88039
22,88821,265,0.0,11309,760,88061
4,88825,265,0.0,11310,760,88065
18,88843,265,0.0,11311,760,88083
3,88846,265,0.0,11312,760,88086
8,88854,265,0.0,11313,760,88094
3,88857,265,0.0,11314,760,88097
29,88886,265,0.0,11315,760,88126
6,88892,265,0.0,11316,760,88132
8,88900,265,0.0,11317,760,88140
18,88918,265,0.0,11318,760,88158
2,88920,265,0.0,11319,760,88160
2,88922,265,0.0,11320,760,88162
5,88927,265,0.0,11321,760,88167
3,88930,265,0.0,11322,760,88170
10,88940,265,0.0,11323,760,88180
2,88942,265,0.0,11324,760,88182
13,88955,265,0.0,11325,760,88195
22,88977,265,0.0,11326,760,88217
10,88987,265,0.0,11327,760,88227
2,88989,265,0.0,11328,760,88229
8,88997,265,0.0,11329,760,88237
18,89015,265,0.0,11330,760,88255
9,89024,265,0.0,11331,760,88264
2,89026,265,0.0,11332,760,88266
6,89032,265,0.0,11333,760,88272
4,89036,265,0.0,11334,760,88276
9,89045,265,0.0,11335,760,88285
8,89053,265,0.0,11336,760,88293
5,89058,265,0.0,11337,760,88298
5,89063,265,0.0,11338,760,88303
5,89068,265,0.0,11339,760,88308
3,89071,265,0.0,11340,760,88311
6,89077,265,0.0,11341,760,88317
17,89094,265,0.0,11342,760,88334
2,89096,265,0.0,11343,760,88336
12,89108,265,0.0,11344,760,88348
2,89110,265,0.0,11345,760,88350
27,89137,265,0.0,11346,760,88377
8,89145,265,0.0,11347,760,88385
5,89150,265,0.0,11348,760,88390
5,89155,265,0.0,11349,760,88395
8,89163,265,0.0,11350,760,88403
6,89169,265,0.0,11351,760,88409
5,89174,265,0.0,11352,760,88414
10,89184,265,0.0,11353,760,88424
7,89191,265,0.0,11354,760,88431
8,89199,265,0.0,11355,760,88439
6,89205,265,0.0,11356,760,88445
11,89216,265,0.0,11357,760,88456
4,89220,265,0.0,11358,760,88460
24,89244,265,0.0,11359,760,88484
9,89253,265,0.0,11360,760,88493
2,89255,265,0.0,11361,760,88495
20,89275,265,0.0,11362,760,88515
5,89280,265,0.0,11363,760,88520
3,89283,265,0.0,11364,760,88523
2,89285,265,0.0,11365,760,88525
8,89293,265,0.0,11366,760,88533
13,89306,265,0.0,11367,760,88546
7,89313,265,0.0,11368,760,88553
5,89318,265,0.0,11369,760,88558
6,89324,265,0.0,11370,760,88564
13,89337,265,0.0,11371,760,88577
3,89340,265,0.0,11372,760,88580
5,89345,265,0.0,11373,760,88585
3,89348,265,0.0,11374,760,88588
2,89350,265,0.0,11375,760,88590
24,89374,265,0.0,11376,760,88614
6,89380,265,0.0,11377,760,88620
11,89391,265,0.0,11378,760,88631
5,89396,265,0.0,11379,760,88636
24,89420,265,0.0,11380,760,88660
3,89423,265,0.0,11381,760,88663
4,89427,265,0.0,11382,760,88667
24,89451,265,0.0,11383,760,88691
4,89455,265,0.0,11384,760,88695
19,89474,265,0.0,11385,760,88714
5,89479,265,0.0,11386,760,88719
2,89481,265,0.0,11387,760,88721
7,89488,265,0.0,11388,760,88728
2,89490,265,0.0,11389,760,88730
2,89492,265,0.0,11390,760,88732
6,89498,265,0.0,11391,760,88738
5,89503,265,0.0,11392,760,88743
3,89506,265,0.0,11393,760,88746
6,89512,265,0.0,11394,760,88752
28,89540,265,0.0,11395,760,88780
13,89553,265,0.0,11396,760,88793
4,89557,265,0.0,11397,760,88797
5,89562,265,0.0,11398,760,88802
2,89564,265,0.0,11399,760,88804
8,89572,265,0.0,11400,760,88812
8,89580,265,0.0,11401,760,88820
5,89585,265,0.0,11402,760,88825
6,89591,265,0.0,11403,760,88831
4,89595,265,0.0,11404,760,88835
3,89598,265,0.0,11405,760,88838
2,89600,265,0.0,11406,760,88840
12,89612,265,0.0,11407,760,88852
4,89616,265,0.0,11408,760,88856
19,89635,265,0.0,11409,760,88875
6,89641,265,0.0,11410,760,88881
5,89646,265,0.0,11411,760,88886
6,89652,265,0.0,11412,760,88892
3,89655,265,0.0,11413,760,88895
11,89666,266,1.0,11414,760,88906
24,89690,266,0.0,11415,760,88930
14,89704,266,0.0,11416,760,88944
2,89706,266,0.0,11417,760,88946
21,89727,266,0.0,11418,760,88967
12,89739,266,0.0,11419,760,88979
2,89741,266,0.0,11420,760,88981
14,89755,266,0.0,11421,760,88995
12,89767,266,0.0,11422,760,89007
9,89776,266,0.0,11423,760,89016
5,89781,266,0.0,11424,760,89021
6,89787,266,0.0,11425,760,89027
18,89805,266,0.0,11426,760,89045
9,89814,266,0.0,11427,760,89054
20,89834,266,0.0,11428,760,89074
12,89846,266,0.0,11429,760,89086
6,89852,266,0.0,11430,760,89092
9,89861,266,0.0,11431,760,89101
16,89877,266,0.0,11432,760,89117
6,89883,266,0.0,11433,760,89123
9,89892,266,0.0,11434,760,89132
8,89900,266,0.0,11435,760,89140
4,89904,266,0.0,11436,760,89144
5,89909,266,0.0,11437,760,89149
9,89918,266,0.0,11438,760,89158
10,89928,266,0.0,11439,760,89168
7,89935,266,0.0,11440,760,89175
10,89945,266,0.0,11441,760,89185
10,89955,266,0.0,11442,760,89195
3,89958,266,0.0,11443,760,89198
5,89963,266,0.0,11444,760,89203
4,89967,266,0.0,11445,760,89207
3,89970,266,0.0,11446,760,89210
4,89974,266,0.0,11447,760,89214
2,89976,266,0.0,11448,760,89216
2,89978,266,0.0,11449,760,89218
3,89981,266,0.0,11450,760,89221
12,89993,266,0.0,11451,760,89233
5,89998,266,0.0,11452,760,89238
19,90017,266,0.0,11453,760,89257
2,90019,266,0.0,11454,760,89259
6,90025,266,0.0,11455,760,89265
2,90027,266,0.0,11456,760,89267
3,90030,266,0.0,11457,760,89270
4,90034,266,0.0,11458,760,89274
2,90036,266,0.0,11459,760,89276
3,90039,266,0.0,11460,760,89279
11,90050,266,0.0,11461,760,89290
8,90058,266,0.0,11462,760,89298
5,90063,266,0.0,11463,760,89303
4,90067,266,0.0,11464,760,89307
5,90072,266,0.0,11465,760,89312
9,90081,266,0.0,11466,760,89321
13,90094,266,0.0,11467,760,89334
18,90112,266,0.0,11468,760,89352
5,90117,266,0.0,11469,760,89357
12,90129,266,0.0,11470,760,89369
10,90139,266,0.0,11471,760,89379
5,90144,266,0.0,11472,760,89384
2,90146,266,0.0,11473,760,89386
5,90151,266,0.0,11474,760,89391
4,90155,266,0.0,11475,760,89395
10,90165,266,0.0,11476,760,89405
6,90171,266,0.0,11477,760,89411
17,90188,266,0.0,11478,760,89428
31,90219,266,0.0,11479,760,89459
5,90224,266,0.0,11480,760,89464
5,90229,266,0.0,11481,760,89469
2,90231,266,0.0,11482,760,89471
12,90243,266,0.0,11483,760,89483
21,90264,266,0.0,11484,760,89504
6,90270,266,0.0,11485,760,89510
2,90272,266,0.0,11486,760,89512
5,90277,266,0.0,11487,760,89517
19,90296,266,0.0,11488,760,89536
19,90315,266,0.0,11489,760,89555
7,90322,266,0.0,11490,760,89562
12,90334,266,0.0,11491,760,89574
5,90339,266,0.0,11492,760,89579
7,90346,266,0.0,11493,760,89586
10,90356,266,0.0,11494,760,89596
4,90360,266,0.0,11495,760,89600
3,90363,266,0.0,11496,760,89603
2,90365,266,0.0,11497,760,89605
5,90370,266,0.0,11498,760,89610
5,90375,266,0.0,11499,760,89615
4,90379,266,0.0,11500,760,89619
4,90383,266,0.0,11501,760,89623
5,90388,266,0.0,11502,760,89628
5,90393,266,0.0,11503,760,89633
11,90404,266,0.0,11504,760,89644
5,90409,266,0.0,11505,760,89649
14,90423,266,0.0,11506,760,89663
5,90428,266,0.0,11507,760,89668
6,90434,266,0.0,11508,760,89674
5,90439,266,0.0,11509,760,89679
3,90442,266,0.0,11510,760,89682
4,90446,266,0.0,11511,760,89686
6,90452,266,0.0,11512,760,89692
2,90454,266,0.0,11513,760,89694
4,90458,266,0.0,11514,760,89698
7,90465,266,0.0,11515,760,89705
14,90479,266,0.0,11516,760,89719
7,90486,266,0.0,11517,760,89726
2,90488,266,0.0,11518,760,89728
7,90495,266,0.0,11519,760,89735
5,90500,266,0.0,11520,760,89740
2,90502,266,0.0,11521,760,89742
4,90506,266,0.0,11522,760,89746
6,90512,266,0.0,11523,760,89752
10,90522,266,0.0,11524,760,89762
8,90530,266,0.0,11525,760,89770
7,90537,266,0.0,11526,760,89777
7,90544,266,0.0,11527,760,89784
3,90547,266,0.0,11528,760,89787
7,90554,266,0.0,11529,760,89794
8,90562,266,0.0,11530,760,89802
2,90564,266,0.0,11531,760,89804
9,90573,266,0.0,11532,760,89813
2,90575,266,0.0,11533,760,89815
8,90583,266,0.0,11534,760,89823
10,90593,266,0.0,11535,760,89833
4,90597,266,0.0,11536,760,89837
5,90602,266,0.0,11537,760,89842
9,90611,266,0.0,11538,760,89851
9,90620,266,0.0,11539,760,89860
10,90630,266,0.0,11540,760,89870
4,90634,266,0.0,11541,760,89874
9,90643,266,0.0,11542,760,89883
11,90654,266,0.0,11543,760,89894
8,90662,266,0.0,11544,760,89902
8,90670,266,0.0,11545,760,89910
9,90679,266,0.0,11546,760,89919
21,90700,266,0.0,11547,760,89940
5,90705,266,0.0,11548,760,89945
7,90712,266,0.0,11549,760,89952
12,90724,266,0.0,11550,760,89964
3,90727,266,0.0,11551,760,89967
5,90732,266,0.0,11552,760,89972
7,90739,266,0.0,11553,760,89979
2,90741,266,0.0,11554,760,89981
11,90752,266,0.0,11555,760,89992
14,90766,266,0.0,11556,760,90006
15,90781,266,0.0,11557,760,90021
3,90784,266,0.0,11558,760,90024
17,90801,266,0.0,11559,760,90041
8,90809,266,0.0,11560,760,90049
11,90820,267,1.0,11561,760,90060
5,90825,267,0.0,11562,760,90065
15,90840,267,0.0,11563,760,90080
19,90859,267,0.0,11564,760,90099
8,90867,267,0.0,11565,760,90107
24,90891,267,0.0,11566,760,90131
14,90905,267,0.0,11567,760,90145
5,90910,267,0.0,11568,760,90150
7,90917,267,0.0,11569,760,90157
25,90942,267,0.0,11570,760,90182
11,90953,267,0.0,11571,760,90193
3,90956,267,0.0,11572,760,90196
7,90963,267,0.0,11573,760,90203
7,90970,267,0.0,11574,760,90210
11,90981,267,0.0,11575,760,90221
4,90985,267,0.0,11576,760,90225
2,90987,267,0.0,11577,760,90227
8,90995,267,0.0,11578,760,90235
3,90998,267,0.0,11579,760,90238
7,91005,267,0.0,11580,760,90245
3,91008,267,0.0,11581,760,90248
9,91017,267,0.0,11582,760,90257
13,91030,267,0.0,11583,760,90270
4,91034,267,0.0,11584,760,90274
11,91045,267,0.0,11585,760,90285
3,91048,267,0.0,11586,760,90288
15,91063,267,0.0,11587,760,90303
8,91071,267,0.0,11588,760,90311
2,91073,267,0.0,11589,760,90313
2,91075,267,0.0,11590,760,90315
7,91082,267,0.0,11591,760,90322
8,91090,267,0.0,11592,760,90330
5,91095,267,0.0,11593,760,90335
2,91097,267,0.0,11594,760,90337
5,91102,267,0.0,11595,760,90342
4,91106,267,0.0,11596,760,90346
11,91117,267,0.0,11597,760,90357
8,91125,267,0.0,11598,760,90365
3,91128,267,0.0,11599,760,90368
2,91130,267,0.0,11600,760,90370
24,91154,267,0.0,11601,760,90394
8,91162,267,0.0,11602,760,90402
5,91167,267,0.0,11603,760,90407
6,91173,267,0.0,11604,760,90413
5,91178,267,0.0,11605,760,90418
3,91181,267,0.0,11606,760,90421
21,91202,267,0.0,11607,760,90442
10,91212,267,0.0,11608,760,90452
7,91219,267,0.0,11609,760,90459
22,91241,267,0.0,11610,760,90481
8,91249,267,0.0,11611,760,90489
19,91268,267,0.0,11612,760,90508
4,91272,267,0.0,11613,760,90512
11,91283,267,0.0,11614,760,90523
5,91288,267,0.0,11615,760,90528
8,91296,267,0.0,11616,760,90536
8,91304,267,0.0,11617,760,90544
12,91316,267,0.0,11618,760,90556
10,91326,267,0.0,11619,760,90566
9,91335,267,0.0,11620,760,90575
26,91361,267,0.0,11621,760,90601
7,91368,267,0.0,11622,760,90608
5,91373,267,0.0,11623,760,90613
3,91376,267,0.0,11624,760,90616
13,91389,267,0.0,11625,760,90629
7,91396,267,0.0,11626,760,90636
2,91398,267,0.0,11627,760,90638
6,91404,268,1.0,11628,760,90644
3,91407,268,0.0,11629,760,90647
2,91409,268,0.0,11630,760,90649
5,91414,268,0.0,11631,760,90654
5,91419,268,0.0,11632,760,90659
18,91437,268,0.0,11633,760,90677
4,91441,268,0.0,11634,760,90681
8,91449,268,0.0,11635,760,90689
10,91459,268,0.0,11636,760,90699
20,91479,268,0.0,11637,760,90719
6,91485,268,0.0,11638,760,90725
2,91487,268,0.0,11639,760,90727
3,91490,268,0.0,11640,760,90730
2,91492,268,0.0,11641,760,90732
3,91495,268,0.0,11642,760,90735
31,91526,268,0.0,11643,760,90766
5,91531,268,0.0,11644,760,90771
4,91535,268,0.0,11645,760,90775
3,91538,268,0.0,11646,760,90778
6,91544,268,0.0,11647,760,90784
4,91548,268,0.0,11648,760,90788
6,91554,268,0.0,11649,760,90794
3,91557,268,0.0,11650,760,90797
2,91559,268,0.0,11651,760,90799
24,91583,268,0.0,11652,760,90823
4,91587,268,0.0,11653,760,90827
5,91592,268,0.0,11654,760,90832
6,91598,268,0.0,11655,760,90838
7,91605,268,0.0,11656,760,90845
7,91612,268,0.0,11657,760,90852
9,91621,268,0.0,11658,760,90861
5,91626,268,0.0,11659,760,90866
11,91637,269,1.0,11660,760,90877
2,91639,269,0.0,11661,760,90879
5,91644,269,0.0,11662,760,90884
3,91647,269,0.0,11663,760,90887
9,91656,269,0.0,11664,760,90896
18,91674,269,0.0,11665,760,90914
7,91681,269,0.0,11666,760,90921
7,91688,269,0.0,11667,760,90928
3,91691,269,0.0,11668,760,90931
3,91694,269,0.0,11669,760,90934
7,91701,269,0.0,11670,760,90941
6,91707,269,0.0,11671,760,90947
9,91716,269,0.0,11672,760,90956
2,91718,269,0.0,11673,760,90958
10,91728,269,0.0,11674,760,90968
6,91734,269,0.0,11675,760,90974
21,91755,269,0.0,11676,760,90995
3,91758,269,0.0,11677,760,90998
6,91764,269,0.0,11678,760,91004
14,91778,269,0.0,11679,760,91018
6,91784,269,0.0,11680,760,91024
13,91797,269,0.0,11681,760,91037
4,91801,269,0.0,11682,760,91041
11,91812,269,0.0,11683,760,91052
2,91814,269,0.0,11684,760,91054
8,91822,269,0.0,11685,760,91062
8,91830,269,0.0,11686,760,91070
5,91835,269,0.0,11687,760,91075
5,91840,269,0.0,11688,760,91080
6,91846,269,0.0,11689,760,91086
13,91859,269,0.0,11690,760,91099
8,91867,269,0.0,11691,760,91107
44,91911,269,0.0,11692,760,91151
9,91920,269,0.0,11693,760,91160
8,91928,269,0.0,11694,760,91168
5,91933,269,0.0,11695,760,91173
14,91947,269,0.0,11696,760,91187
9,91956,269,0.0,11697,760,91196
13,91969,269,0.0,11698,760,91209
24,91993,270,1.0,11699,760,91233
3,91996,270,0.0,11700,760,91236
8,92004,270,0.0,11701,760,91244
11,92015,271,1.0,11702,760,91255
3,92018,271,0.0,11703,760,91258
14,92032,271,0.0,11704,760,91272
7,92039,271,0.0,11705,760,91279
9,92048,271,0.0,11706,760,91288
6,92054,271,0.0,11707,760,91294
2,92056,271,0.0,11708,760,91296
5,92061,271,0.0,11709,760,91301
2,92063,271,0.0,11710,760,91303
2,92065,271,0.0,11711,760,91305
11,92076,271,0.0,11712,760,91316
6,92082,271,0.0,11713,760,91322
5,92087,271,0.0,11714,760,91327
5,92092,271,0.0,11715,760,91332
9,92101,271,0.0,11716,760,91341
5,92106,271,0.0,11717,760,91346
8,92114,271,0.0,11718,760,91354
6,92120,271,0.0,11719,760,91360
10,92130,271,0.0,11720,760,91370
11,92141,271,0.0,11721,760,91381
2,92143,271,0.0,11722,760,91383
5,92148,271,0.0,11723,760,91388
11,92159,271,0.0,11724,760,91399
8,92167,271,0.0,11725,760,91407
3,92170,271,0.0,11726,760,91410
12,92182,271,0.0,11727,760,91422
2,92184,271,0.0,11728,760,91424
7,92191,271,0.0,11729,760,91431
3,92194,271,0.0,11730,760,91434
24,92218,271,0.0,11731,760,91458
5,92223,271,0.0,11732,760,91463
13,92236,271,0.0,11733,760,91476
8,92244,271,0.0,11734,760,91484
11,92255,271,0.0,11735,760,91495
9,92264,271,0.0,11736,760,91504
8,92272,271,0.0,11737,760,91512
11,92283,271,0.0,11738,760,91523
5,92288,271,0.0,11739,760,91528
3,92291,271,0.0,11740,760,91531
3,92294,271,0.0,11741,760,91534
4,92298,271,0.0,11742,760,91538
3,92301,271,0.0,11743,760,91541
2,92303,271,0.0,11744,760,91543
24,92327,271,0.0,11745,760,91567
5,92332,271,0.0,11746,760,91572
11,92343,271,0.0,11747,760,91583
2,92345,271,0.0,11748,760,91585
3,92348,271,0.0,11749,760,91588
6,92354,271,0.0,11750,760,91594
4,92358,271,0.0,11751,760,91598
2,92360,271,0.0,11752,760,91600
8,92368,271,0.0,11753,760,91608
24,92392,272,1.0,11754,760,91632
11,92403,272,0.0,11755,760,91643
7,92410,272,0.0,11756,760,91650
2,92412,272,0.0,11757,760,91652
7,92419,272,0.0,11758,760,91659
11,92430,272,0.0,11759,760,91670
2,92432,272,0.0,11760,760,91672
6,92438,272,0.0,11761,760,91678
4,92442,272,0.0,11762,760,91682
15,92457,272,0.0,11763,760,91697
6,92463,272,0.0,11764,760,91703
4,92467,272,0.0,11765,760,91707
11,92478,272,0.0,11766,760,91718
29,92507,272,0.0,11767,760,91747
10,92517,272,0.0,11768,760,91757
3,92520,272,0.0,11769,760,91760
9,92529,272,0.0,11770,760,91769
2,92531,272,0.0,11771,760,91771
13,92544,272,0.0,11772,760,91784
18,92562,272,0.0,11773,760,91802
7,92569,272,0.0,11774,760,91809
17,92586,272,0.0,11775,760,91826
8,92594,272,0.0,11776,760,91834
3,92597,272,0.0,11777,760,91837
11,92608,272,0.0,11778,760,91848
12,92620,272,0.0,11779,760,91860
2,92622,272,0.0,11780,760,91862
8,92630,272,0.0,11781,760,91870
2,92632,272,0.0,11782,760,91872
11,92643,272,0.0,11783,760,91883
9,92652,272,0.0,11784,760,91892
4,92656,272,0.0,11785,760,91896
15,92671,272,0.0,11786,760,91911
8,92679,272,0.0,11787,760,91919
5,92684,272,0.0,11788,760,91924
12,92696,272,0.0,11789,760,91936
13,92709,272,0.0,11790,760,91949
3,92712,272,0.0,11791,760,91952
12,92724,272,0.0,11792,760,91964
8,92732,272,0.0,11793,760,91972
16,92748,272,0.0,11794,760,91988
5,92753,272,0.0,11795,760,91993
9,92762,272,0.0,11796,760,92002
6,92768,272,0.0,11797,760,92008
8,92776,272,0.0,11798,760,92016
9,92785,272,0.0,11799,760,92025
7,92792,272,0.0,11800,760,92032
11,92803,273,1.0,11801,760,92043
2,92805,273,0.0,11802,760,92045
5,92810,273,0.0,11803,760,92050
3,92813,273,0.0,11804,760,92053
11,92824,273,0.0,11805,760,92064
5,92829,273,0.0,11806,760,92069
11,92840,273,0.0,11807,760,92080
11,92851,273,0.0,11808,760,92091
15,92866,273,0.0,11809,760,92106
11,92877,273,0.0,11810,760,92117
3,92880,273,0.0,11811,760,92120
5,92885,273,0.0,11812,760,92125
2,92887,273,0.0,11813,760,92127
3,92890,273,0.0,11814,760,92130
4,92894,273,0.0,11815,760,92134
4,92898,273,0.0,11816,760,92138
3,92901,273,0.0,11817,760,92141
3,92904,273,0.0,11818,760,92144
12,92916,273,0.0,11819,760,92156
2,92918,273,0.0,11820,760,92158
2,92920,273,0.0,11821,760,92160
3,92923,273,0.0,11822,760,92163
2,92925,273,0.0,11823,760,92165
15,92940,273,0.0,11824,760,92180
2,92942,273,0.0,11825,760,92182
4,92946,273,0.0,11826,760,92186
11,92957,273,0.0,11827,760,92197
3,92960,273,0.0,11828,760,92200
9,92969,273,0.0,11829,760,92209
11,92980,273,0.0,11830,760,92220
9,92989,273,0.0,11831,760,92229
7,92996,273,0.0,11832,760,92236
11,93007,273,0.0,11833,760,92247
3,93010,273,0.0,11834,760,92250
11,93021,273,0.0,11835,760,92261
2,93023,273,0.0,11836,760,92263
2,93025,273,0.0,11837,760,92265
4,93029,273,0.0,11838,760,92269
3,93032,273,0.0,11839,760,92272
4,93036,273,0.0,11840,760,92276
11,93047,273,0.0,11841,760,92287
11,93058,273,0.0,11842,760,92298
8,93066,273,0.0,11843,760,92306
18,93084,273,0.0,11844,760,92324
8,93092,273,0.0,11845,760,92332
11,93103,273,0.0,11846,760,92343
10,93113,273,0.0,11847,760,92353
8,93121,273,0.0,11848,760,92361
5,93126,273,0.0,11849,760,92366
4,93130,273,0.0,11850,760,92370
7,93137,273,0.0,11851,760,92377
8,93145,273,0.0,11852,760,92385
24,93169,273,0.0,11853,760,92409
6,93175,273,0.0,11854,760,92415
5,93180,273,0.0,11855,760,92420
11,93191,273,0.0,11856,760,92431
8,93199,273,0.0,11857,760,92439
9,93208,273,0.0,11858,760,92448
3,93211,273,0.0,11859,760,92451
4,93215,273,0.0,11860,760,92455
3,93218,273,0.0,11861,760,92458
4,93222,273,0.0,11862,760,92462
2,93224,273,0.0,11863,760,92464
4,93228,273,0.0,11864,760,92468
11,93239,273,0.0,11865,760,92479
5,93244,273,0.0,11866,760,92484
24,93268,274,1.0,11867,760,92508
2,93270,274,0.0,11868,760,92510
15,93285,274,0.0,11869,760,92525
11,93296,274,0.0,11870,760,92536
3,93299,274,0.0,11871,760,92539
2,93301,274,0.0,11872,760,92541
2,93303,274,0.0,11873,760,92543
2,93305,274,0.0,11874,760,92545
2,93307,274,0.0,11875,760,92547
2,93309,274,0.0,11876,760,92549
9,93318,274,0.0,11877,760,92558
2,93320,274,0.0,11878,760,92560
6,93326,274,0.0,11879,760,92566
4,93330,274,0.0,11880,760,92570
11,93341,274,0.0,11881,760,92581
6,93347,274,0.0,11882,760,92587
29,93376,274,0.0,11883,760,92616
2,93378,274,0.0,11884,760,92618
3,93381,274,0.0,11885,760,92621
11,93392,274,0.0,11886,760,92632
19,93411,274,0.0,11887,760,92651
9,93420,274,0.0,11888,760,92660
8,93428,274,0.0,11889,760,92668
8,93436,274,0.0,11890,760,92676
10,93446,274,0.0,11891,760,92686
4,93450,274,0.0,11892,760,92690
2,93452,274,0.0,11893,760,92692
3,93455,274,0.0,11894,760,92695
6,93461,274,0.0,11895,760,92701
11,93472,274,0.0,11896,760,92712
6,93478,274,0.0,11897,760,92718
5,93483,274,0.0,11898,760,92723
2,93485,274,0.0,11899,760,92725
4,93489,274,0.0,11900,760,92729
11,93500,274,0.0,11901,760,92740
11,93511,275,1.0,11902,760,92751
12,93523,275,0.0,11903,760,92763
8,93531,275,0.0,11904,760,92771
24,93555,275,0.0,11905,760,92795
2,93557,275,0.0,11906,760,92797
24,93581,275,0.0,11907,760,92821
12,93593,275,0.0,11908,760,92833
2,93595,275,0.0,11909,760,92835
2,93597,275,0.0,11910,760,92837
7,93604,275,0.0,11911,760,92844
7,93611,275,0.0,11912,760,92851
8,93619,275,0.0,11913,760,92859
5,93624,275,0.0,11914,760,92864
18,93642,275,0.0,11915,760,92882
5,93647,275,0.0,11916,760,92887
4,93651,275,0.0,11917,760,92891
6,93657,275,0.0,11918,760,92897
2,93659,275,0.0,11919,760,92899
9,93668,275,0.0,11920,760,92908
3,93671,275,0.0,11921,760,92911
5,93676,275,0.0,11922,760,92916
6,93682,275,0.0,11923,760,92922
2,93684,275,0.0,11924,760,92924
10,93694,275,0.0,11925,760,92934
2,93696,275,0.0,11926,760,92936
6,93702,275,0.0,11927,760,92942
5,93707,275,0.0,11928,760,92947
2,93709,275,0.0,11929,760,92949
5,93714,275,0.0,11930,760,92954
8,93722,275,0.0,11931,760,92962
5,93727,275,0.0,11932,760,92967
17,93744,275,0.0,11933,760,92984
19,93763,275,0.0,11934,760,93003
5,93768,275,0.0,11935,760,93008
4,93772,275,0.0,11936,760,93012
9,93781,275,0.0,11937,760,93021
2,93783,275,0.0,11938,760,93023
8,93791,275,0.0,11939,760,93031
4,93795,275,0.0,11940,760,93035
4,93799,275,0.0,11941,760,93039
9,93808,275,0.0,11942,760,93048
3,93811,275,0.0,11943,760,93051
3,93814,275,0.0,11944,760,93054
9,93823,275,0.0,11945,760,93063
9,93832,275,0.0,11946,760,93072
9,93841,275,0.0,11947,760,93081
5,93846,275,0.0,11948,760,93086
6,93852,275,0.0,11949,760,93092
5,93857,275,0.0,11950,760,93097
4,93861,275,0.0,11951,760,93101
2,93863,275,0.0,11952,760,93103
12,93875,275,0.0,11953,760,93115
5,93880,275,0.0,11954,760,93120
2,93882,275,0.0,11955,760,93122
5,93887,275,0.0,11956,760,93127
5,93892,275,0.0,11957,760,93132
5,93897,275,0.0,11958,760,93137
3,93900,275,0.0,11959,760,93140
11,93911,275,0.0,11960,760,93151
12,93923,275,0.0,11961,760,93163
3,93926,275,0.0,11962,760,93166
5,93931,275,0.0,11963,760,93171
5,93936,275,0.0,11964,760,93176
13,93949,275,0.0,11965,760,93189
2,93951,275,0.0,11966,760,93191
7,93958,275,0.0,11967,760,93198
8,93966,275,0.0,11968,760,93206
9,93975,275,0.0,11969,760,93215
12,93987,275,0.0,11970,760,93227
5,93992,275,0.0,11971,760,93232
4,93996,275,0.0,11972,760,93236
3,93999,275,0.0,11973,760,93239
5,94004,275,0.0,11974,760,93244
2,94006,275,0.0,11975,760,93246
10,94016,275,0.0,11976,760,93256
12,94028,275,0.0,11977,760,93268
7,94035,275,0.0,11978,760,93275
9,94044,275,0.0,11979,760,93284
9,94053,275,0.0,11980,760,93293
8,94061,275,0.0,11981,760,93301
5,94066,275,0.0,11982,760,93306
12,94078,275,0.0,11983,760,93318
7,94085,275,0.0,11984,760,93325
7,94092,275,0.0,11985,760,93332
6,94098,275,0.0,11986,760,93338
7,94105,275,0.0,11987,760,93345
5,94110,275,0.0,11988,760,93350
11,94121,275,0.0,11989,760,93361
8,94129,275,0.0,11990,760,93369
8,94137,275,0.0,11991,760,93377
2,94139,275,0.0,11992,760,93379
2,94141,275,0.0,11993,760,93381
5,94146,275,0.0,11994,760,93386
3,94149,275,0.0,11995,760,93389
7,94156,275,0.0,11996,760,93396
7,94163,275,0.0,11997,760,93403
3,94166,275,0.0,11998,760,93406
6,94172,275,0.0,11999,760,93412
5,94177,275,0.0,12000,760,93417
24,94201,275,0.0,12001,760,93441
25,94226,275,0.0,12002,760,93466
3,94229,275,0.0,12003,760,93469
2,94231,275,0.0,12004,760,93471
7,94238,275,0.0,12005,760,93478
4,94242,275,0.0,12006,760,93482
2,94244,275,0.0,12007,760,93484
16,94260,275,0.0,12008,760,93500
5,94265,275,0.0,12009,760,93505
2,94267,275,0.0,12010,760,93507
4,94271,275,0.0,12011,760,93511
6,94277,275,0.0,12012,760,93517
2,94279,275,0.0,12013,760,93519
6,94285,275,0.0,12014,760,93525
3,94288,275,0.0,12015,760,93528
11,94299,275,0.0,12016,760,93539
8,94307,275,0.0,12017,760,93547
8,94315,275,0.0,12018,760,93555
6,94321,275,0.0,12019,760,93561
7,94328,275,0.0,12020,760,93568
5,94333,275,0.0,12021,760,93573
5,94338,275,0.0,12022,760,93578
4,94342,275,0.0,12023,760,93582
10,94352,275,0.0,12024,760,93592
6,94358,275,0.0,12025,760,93598
9,94367,275,0.0,12026,760,93607
18,94385,275,0.0,12027,760,93625
3,94388,275,0.0,12028,760,93628
32,94420,275,0.0,12029,760,93660
5,94425,275,0.0,12030,760,93665
5,94430,275,0.0,12031,760,93670
10,94440,275,0.0,12032,760,93680
8,94448,275,0.0,12033,760,93688
11,94459,275,0.0,12034,760,93699
18,94477,275,0.0,12035,760,93717
11,94488,275,0.0,12036,760,93728
4,94492,275,0.0,12037,760,93732
15,94507,275,0.0,12038,760,93747
5,94512,275,0.0,12039,760,93752
24,94536,275,0.0,12040,760,93776
6,94542,275,0.0,12041,760,93782
16,94558,275,0.0,12042,760,93798
6,94564,276,1.0,12043,760,93804
2,94566,276,0.0,12044,760,93806
10,94576,276,0.0,12045,760,93816
7,94583,276,0.0,12046,760,93823
6,94589,276,0.0,12047,760,93829
2,94591,276,0.0,12048,760,93831
11,94602,277,1.0,12049,760,93842
8,94610,277,0.0,12050,760,93850
14,94624,277,0.0,12051,760,93864
3,94627,277,0.0,12052,760,93867
12,94639,277,0.0,12053,760,93879
7,94646,277,0.0,12054,760,93886
11,94657,277,0.0,12055,760,93897
7,94664,277,0.0,12056,760,93904
3,94667,277,0.0,12057,760,93907
4,94671,277,0.0,12058,760,93911
4,94675,277,0.0,12059,760,93915
5,94680,277,0.0,12060,760,93920
6,94686,277,0.0,12061,760,93926
8,94694,277,0.0,12062,760,93934
5,94699,277,0.0,12063,760,93939
11,94710,277,0.0,12064,760,93950
5,94715,277,0.0,12065,760,93955
4,94719,277,0.0,12066,760,93959
5,94724,277,0.0,12067,760,93964
24,94748,277,0.0,12068,760,93988
9,94757,277,0.0,12069,760,93997
7,94764,277,0.0,12070,760,94004
5,94769,277,0.0,12071,760,94009
8,94777,277,0.0,12072,760,94017
7,94784,277,0.0,12073,760,94024
22,94806,277,0.0,12074,760,94046
6,94812,277,0.0,12075,760,94052
14,94826,277,0.0,12076,760,94066
3,94829,277,0.0,12077,760,94069
8,94837,277,0.0,12078,760,94077
3,94840,277,0.0,12079,760,94080
4,94844,277,0.0,12080,760,94084
4,94848,277,0.0,12081,760,94088
5,94853,277,0.0,12082,760,94093
4,94857,277,0.0,12083,760,94097
3,94860,277,0.0,12084,760,94100
2,94862,277,0.0,12085,760,94102
12,94874,277,0.0,12086,760,94114
4,94878,277,0.0,12087,760,94118
2,94880,277,0.0,12088,760,94120
2,94882,277,0.0,12089,760,94122
10,94892,277,0.0,12090,760,94132
3,94895,277,0.0,12091,760,94135
5,94900,277,0.0,12092,760,94140
18,94918,277,0.0,12093,760,94158
24,94942,277,0.0,12094,760,94182
7,94949,277,0.0,12095,760,94189
18,94967,277,0.0,12096,760,94207
2,94969,277,0.0,12097,760,94209
9,94978,277,0.0,12098,760,94218
4,94982,277,0.0,12099,760,94222
13,94995,277,0.0,12100,760,94235
2,94997,277,0.0,12101,760,94237
13,95010,277,0.0,12102,760,94250
3,95013,277,0.0,12103,760,94253
6,95019,277,0.0,12104,760,94259
5,95024,277,0.0,12105,760,94264
7,95031,277,0.0,12106,760,94271
8,95039,277,0.0,12107,760,94279
24,95063,277,0.0,12108,760,94303
18,95081,277,0.0,12109,760,94321
13,95094,277,0.0,12110,760,94334
10,95104,277,0.0,12111,760,94344
7,95111,277,0.0,12112,760,94351
3,95114,277,0.0,12113,760,94354
2,95116,277,0.0,12114,760,94356
6,95122,277,0.0,12115,760,94362
9,95131,277,0.0,12116,760,94371
8,95139,277,0.0,12117,760,94379
5,95144,277,0.0,12118,760,94384
11,95155,277,0.0,12119,760,94395
8,95163,277,0.0,12120,760,94403
7,95170,277,0.0,12121,760,94410
11,95181,277,0.0,12122,760,94421
14,95195,277,0.0,12123,760,94435
42,95237,277,0.0,12124,760,94477
4,95241,277,0.0,12125,760,94481
10,95251,277,0.0,12126,760,94491
7,95258,277,0.0,12127,760,94498
2,95260,277,0.0,12128,760,94500
3,95263,277,0.0,12129,760,94503
2,95265,277,0.0,12130,760,94505
39,95304,277,0.0,12131,760,94544
4,95308,277,0.0,12132,760,94548
6,95314,277,0.0,12133,760,94554
8,95322,277,0.0,12134,760,94562
2,95324,277,0.0,12135,760,94564
14,95338,277,0.0,12136,760,94578
7,95345,277,0.0,12137,760,94585
2,95347,277,0.0,12138,760,94587
6,95353,277,0.0,12139,760,94593
5,95358,277,0.0,12140,760,94598
21,95379,277,0.0,12141,760,94619
12,95391,277,0.0,12142,760,94631
3,95394,277,0.0,12143,760,94634
3,95397,277,0.0,12144,760,94637
5,95402,277,0.0,12145,760,94642
4,95406,277,0.0,12146,760,94646
7,95413,277,0.0,12147,760,94653
6,95419,277,0.0,12148,760,94659
20,95439,277,0.0,12149,760,94679
5,95444,277,0.0,12150,760,94684
11,95455,277,0.0,12151,760,94695
3,95458,277,0.0,12152,760,94698
11,95469,277,0.0,12153,760,94709
16,95485,277,0.0,12154,760,94725
5,95490,277,0.0,12155,760,94730
4,95494,277,0.0,12156,760,94734
7,95501,277,0.0,12157,760,94741
10,95511,277,0.0,12158,760,94751
22,95533,277,0.0,12159,760,94773
3,95536,277,0.0,12160,760,94776
11,95547,277,0.0,12161,760,94787
5,95552,277,0.0,12162,760,94792
5,95557,277,0.0,12163,760,94797
7,95564,277,0.0,12164,760,94804
4,95568,277,0.0,12165,760,94808
13,95581,277,0.0,12166,760,94821
2,95583,277,0.0,12167,760,94823
11,95594,278,1.0,12168,760,94834
3,95597,278,0.0,12169,760,94837
3,95600,278,0.0,12170,760,94840
6,95606,278,0.0,12171,760,94846
2,95608,278,0.0,12172,760,94848
7,95615,278,0.0,12173,760,94855
5,95620,278,0.0,12174,760,94860
11,95631,279,1.0,12175,760,94871
4,95635,279,0.0,12176,760,94875
8,95643,279,0.0,12177,760,94883
6,95649,279,0.0,12178,760,94889
24,95673,279,0.0,12179,760,94913
8,95681,279,0.0,12180,760,94921
2,95683,279,0.0,12181,760,94923
2,95685,279,0.0,12182,760,94925
8,95693,279,0.0,12183,760,94933
4,95697,279,0.0,12184,760,94937
6,95703,279,0.0,12185,760,94943
3,95706,279,0.0,12186,760,94946
5,95711,279,0.0,12187,760,94951
2,95713,279,0.0,12188,760,94953
3,95716,279,0.0,12189,760,94956
10,95726,279,0.0,12190,760,94966
5,95731,279,0.0,12191,760,94971
19,95750,279,0.0,12192,760,94990
8,95758,279,0.0,12193,760,94998
15,95773,279,0.0,12194,760,95013
5,95778,279,0.0,12195,760,95018
6,95784,279,0.0,12196,760,95024
5,95789,279,0.0,12197,760,95029
29,95818,279,0.0,12198,760,95058
6,95824,279,0.0,12199,760,95064
24,95848,279,0.0,12200,760,95088
5,95853,279,0.0,12201,760,95093
7,95860,279,0.0,12202,760,95100
3,95863,279,0.0,12203,760,95103
2,95865,279,0.0,12204,760,95105
4,95869,279,0.0,12205,760,95109
4,95873,279,0.0,12206,760,95113
4,95877,279,0.0,12207,760,95117
8,95885,279,0.0,12208,760,95125
11,95896,279,0.0,12209,760,95136
2,95898,279,0.0,12210,760,95138
6,95904,279,0.0,12211,760,95144
4,95908,279,0.0,12212,760,95148
16,95924,279,0.0,12213,760,95164
10,95934,279,0.0,12214,760,95174
14,95948,279,0.0,12215,760,95188
17,95965,279,0.0,12216,760,95205
3,95968,279,0.0,12217,760,95208
3,95971,279,0.0,12218,760,95211
8,95979,279,0.0,12219,760,95219
4,95983,279,0.0,12220,760,95223
3,95986,279,0.0,12221,760,95226
8,95994,279,0.0,12222,760,95234
11,96005,279,0.0,12223,760,95245
20,96025,279,0.0,12224,760,95265
8,96033,279,0.0,12225,760,95273
5,96038,279,0.0,12226,760,95278
2,96040,279,0.0,12227,760,95280
8,96048,279,0.0,12228,760,95288
8,96056,279,0.0,12229,760,95296
6,96062,279,0.0,12230,760,95302
7,96069,279,0.0,12231,760,95309
4,96073,279,0.0,12232,760,95313
2,96075,279,0.0,12233,760,95315
4,96079,279,0.0,12234,760,95319
6,96085,279,0.0,12235,760,95325
4,96089,279,0.0,12236,760,95329
8,96097,279,0.0,12237,760,95337
7,96104,279,0.0,12238,760,95344
2,96106,279,0.0,12239,760,95346
5,96111,279,0.0,12240,760,95351
3,96114,279,0.0,12241,760,95354
5,96119,279,0.0,12242,760,95359
3,96122,279,0.0,12243,760,95362
16,96138,279,0.0,12244,760,95378
6,96144,279,0.0,12245,760,95384
2,96146,279,0.0,12246,760,95386
13,96159,279,0.0,12247,760,95399
5,96164,279,0.0,12248,760,95404
5,96169,279,0.0,12249,760,95409
4,96173,279,0.0,12250,760,95413
5,96178,279,0.0,12251,760,95418
11,96189,279,0.0,12252,760,95429
6,96195,280,1.0,12253,760,95435
4,96199,280,0.0,12254,760,95439
8,96207,280,0.0,12255,760,95447
14,96221,280,0.0,12256,760,95461
8,96229,280,0.0,12257,760,95469
7,96236,280,0.0,12258,760,95476
2,96238,280,0.0,12259,760,95478
6,96244,280,0.0,12260,760,95484
25,96269,280,0.0,12261,760,95509
8,96277,280,0.0,12262,760,95517
3,96280,280,0.0,12263,760,95520
8,96288,280,0.0,12264,760,95528
9,96297,280,0.0,12265,760,95537
24,96321,280,0.0,12266,760,95561
3,96324,280,0.0,12267,760,95564
5,96329,280,0.0,12268,760,95569
4,96333,280,0.0,12269,760,95573
5,96338,280,0.0,12270,760,95578
9,96347,280,0.0,12271,760,95587
13,96360,280,0.0,12272,760,95600
6,96366,280,0.0,12273,760,95606
4,96370,280,0.0,12274,760,95610
3,96373,280,0.0,12275,760,95613
3,96376,280,0.0,12276,760,95616
11,96387,280,0.0,12277,760,95627
3,96390,280,0.0,12278,760,95630
2,96392,280,0.0,12279,760,95632
8,96400,280,0.0,12280,760,95640
6,96406,280,0.0,12281,760,95646
2,96408,280,0.0,12282,760,95648
16,96424,280,0.0,12283,760,95664
7,96431,280,0.0,12284,760,95671
2,96433,280,0.0,12285,760,95673
5,96438,280,0.0,12286,760,95678
10,96448,280,0.0,12287,760,95688
19,96467,280,0.0,12288,760,95707
12,96479,280,0.0,12289,760,95719
2,96481,280,0.0,12290,760,95721
7,96488,280,0.0,12291,760,95728
2,96490,280,0.0,12292,760,95730
3,96493,280,0.0,12293,760,95733
4,96497,280,0.0,12294,760,95737
6,96503,280,0.0,12295,760,95743
11,96514,280,0.0,12296,760,95754
6,96520,280,0.0,12297,760,95760
2,96522,280,0.0,12298,760,95762
6,96528,281,1.0,12299,760,95768
4,96532,281,0.0,12300,760,95772
9,96541,281,0.0,12301,760,95781
2,96543,281,0.0,12302,760,95783
4,96547,281,0.0,12303,760,95787
10,96557,281,0.0,12304,760,95797
4,96561,281,0.0,12305,760,95801
6,96567,281,0.0,12306,760,95807
3,96570,281,0.0,12307,760,95810
2,96572,281,0.0,12308,760,95812
17,96589,281,0.0,12309,760,95829
6,96595,281,0.0,12310,760,95835
2,96597,281,0.0,12311,760,95837
30,96627,281,0.0,12312,760,95867
11,96638,282,1.0,12313,760,95878
6,96644,282,0.0,12314,760,95884
9,96653,282,0.0,12315,760,95893
6,96659,282,0.0,12316,760,95899
7,96666,282,0.0,12317,760,95906
3,96669,282,0.0,12318,760,95909
2,96671,282,0.0,12319,760,95911
5,96676,282,0.0,12320,760,95916
8,96684,282,0.0,12321,760,95924
11,96695,282,0.0,12322,760,95935
5,96700,282,0.0,12323,760,95940
11,96711,282,0.0,12324,760,95951
6,96717,282,0.0,12325,760,95957
5,96722,282,0.0,12326,760,95962
5,96727,282,0.0,12327,760,95967
3,96730,282,0.0,12328,760,95970
8,96738,282,0.0,12329,760,95978
8,96746,282,0.0,12330,760,95986
4,96750,282,0.0,12331,760,95990
8,96758,282,0.0,12332,760,95998
5,96763,282,0.0,12333,760,96003
10,96773,282,0.0,12334,760,96013
3,96776,282,0.0,12335,760,96016
2,96778,282,0.0,12336,760,96018
10,96788,282,0.0,12337,760,96028
9,96797,282,0.0,12338,760,96037
44,96841,282,0.0,12339,760,96081
2,96843,282,0.0,12340,760,96083
5,96848,282,0.0,12341,760,96088
8,96856,282,0.0,12342,760,96096
6,96862,282,0.0,12343,760,96102
2,96864,282,0.0,12344,760,96104
23,96887,282,0.0,12345,760,96127
27,96914,282,0.0,12346,760,96154
6,96920,282,0.0,12347,760,96160
8,96928,282,0.0,12348,760,96168
8,96936,282,0.0,12349,760,96176
4,96940,282,0.0,12350,760,96180
5,96945,282,0.0,12351,760,96185
13,96958,282,0.0,12352,760,96198
19,96977,282,0.0,12353,760,96217
2,96979,282,0.0,12354,760,96219
8,96987,282,0.0,12355,760,96227
3,96990,282,0.0,12356,760,96230
2,96992,282,0.0,12357,760,96232
4,96996,282,0.0,12358,760,96236
2,96998,282,0.0,12359,760,96238
4,97002,282,0.0,12360,760,96242
5,97007,282,0.0,12361,760,96247
14,97021,282,0.0,12362,760,96261
4,97025,282,0.0,12363,760,96265
5,97030,282,0.0,12364,760,96270
9,97039,282,0.0,12365,760,96279
8,97047,282,0.0,12366,760,96287
2,97049,282,0.0,12367,760,96289
11,97060,282,0.0,12368,760,96300
8,97068,282,0.0,12369,760,96308
5,97073,282,0.0,12370,760,96313
7,97080,282,0.0,12371,760,96320
10,97090,282,0.0,12372,760,96330
3,97093,282,0.0,12373,760,96333
5,97098,282,0.0,12374,760,96338
4,97102,282,0.0,12375,760,96342
2,97104,282,0.0,12376,760,96344
2,97106,282,0.0,12377,760,96346
8,97114,282,0.0,12378,760,96354
5,97119,282,0.0,12379,760,96359
3,97122,282,0.0,12380,760,96362
4,97126,282,0.0,12381,760,96366
11,97137,283,1.0,12382,760,96377
13,97150,283,0.0,12383,760,96390
6,97156,283,0.0,12384,760,96396
11,97167,283,0.0,12385,760,96407
2,97169,283,0.0,12386,760,96409
2,97171,283,0.0,12387,760,96411
21,97192,283,0.0,12388,760,96432
6,97198,283,0.0,12389,760,96438
16,97214,283,0.0,12390,760,96454
4,97218,283,0.0,12391,760,96458
9,97227,283,0.0,12392,760,96467
28,97255,283,0.0,12393,760,96495
5,97260,283,0.0,12394,760,96500
6,97266,283,0.0,12395,760,96506
6,97272,283,0.0,12396,760,96512
5,97277,283,0.0,12397,760,96517
4,97281,283,0.0,12398,760,96521
2,97283,283,0.0,12399,760,96523
11,97294,283,0.0,12400,760,96534
11,97305,283,0.0,12401,760,96545
12,97317,283,0.0,12402,760,96557
3,97320,283,0.0,12403,760,96560
5,97325,283,0.0,12404,760,96565
4,97329,283,0.0,12405,760,96569
9,97338,283,0.0,12406,760,96578
3,97341,283,0.0,12407,760,96581
7,97348,283,0.0,12408,760,96588
6,97354,283,0.0,12409,760,96594
11,97365,283,0.0,12410,760,96605
5,97370,283,0.0,12411,760,96610
11,97381,283,0.0,12412,760,96621
12,97393,283,0.0,12413,760,96633
7,97400,283,0.0,12414,760,96640
8,97408,283,0.0,12415,760,96648
27,97435,283,0.0,12416,760,96675
11,97446,283,0.0,12417,760,96686
6,97452,283,0.0,12418,760,96692
7,97459,283,0.0,12419,760,96699
6,97465,283,0.0,12420,760,96705
4,97469,283,0.0,12421,760,96709
3,97472,283,0.0,12422,760,96712
6,97478,283,0.0,12423,760,96718
2,97480,283,0.0,12424,760,96720
5,97485,283,0.0,12425,760,96725
2,97487,283,0.0,12426,760,96727
9,97496,283,0.0,12427,760,96736
5,97501,283,0.0,12428,760,96741
3,97504,283,0.0,12429,760,96744
16,97520,283,0.0,12430,760,96760
10,97530,283,0.0,12431,760,96770
16,97546,283,0.0,12432,760,96786
4,97550,283,0.0,12433,760,96790
12,97562,283,0.0,12434,760,96802
2,97564,283,0.0,12435,760,96804
6,97570,283,0.0,12436,760,96810
4,97574,283,0.0,12437,760,96814
20,97594,283,0.0,12438,760,96834
4,97598,283,0.0,12439,760,96838
5,97603,283,0.0,12440,760,96843
18,97621,283,0.0,12441,760,96861
2,97623,283,0.0,12442,760,96863
9,97632,283,0.0,12443,760,96872
5,97637,283,0.0,12444,760,96877
11,97648,283,0.0,12445,760,96888
4,97652,283,0.0,12446,760,96892
7,97659,283,0.0,12447,760,96899
8,97667,283,0.0,12448,760,96907
6,97673,283,0.0,12449,760,96913
6,97679,283,0.0,12450,760,96919
9,97688,283,0.0,12451,760,96928
2,97690,283,0.0,12452,760,96930
3,97693,283,0.0,12453,760,96933
5,97698,283,0.0,12454,760,96938
8,97706,283,0.0,12455,760,96946
13,97719,283,0.0,12456,760,96959
5,97724,283,0.0,12457,760,96964
3,97727,283,0.0,12458,760,96967
9,97736,283,0.0,12459,760,96976
9,97745,283,0.0,12460,760,96985
11,97756,283,0.0,12461,760,96996
13,97769,283,0.0,12462,760,97009
4,97773,283,0.0,12463,760,97013
8,97781,283,0.0,12464,760,97021
8,97789,283,0.0,12465,760,97029
3,97792,283,0.0,12466,760,97032
3,97795,283,0.0,12467,760,97035
24,97819,283,0.0,12468,760,97059
2,97821,283,0.0,12469,760,97061
3,97824,283,0.0,12470,760,97064
8,97832,283,0.0,12471,760,97072
9,97841,283,0.0,12472,760,97081
19,97860,283,0.0,12473,760,97100
8,97868,283,0.0,12474,760,97108
5,97873,283,0.0,12475,760,97113
5,97878,283,0.0,12476,760,97118
3,97881,283,0.0,12477,760,97121
2,97883,283,0.0,12478,760,97123
2,97885,283,0.0,12479,760,97125
9,97894,283,0.0,12480,760,97134
8,97902,283,0.0,12481,760,97142
3,97905,283,0.0,12482,760,97145
42,97947,283,0.0,12483,760,97187
5,97952,283,0.0,12484,760,97192
10,97962,283,0.0,12485,760,97202
9,97971,283,0.0,12486,760,97211
3,97974,283,0.0,12487,760,97214
5,97979,283,0.0,12488,760,97219
6,97985,284,1.0,12489,760,97225
6,97991,284,0.0,12490,760,97231
2,97993,284,0.0,12491,760,97233
4,97997,284,0.0,12492,760,97237
8,98005,284,0.0,12493,760,97245
5,98010,284,0.0,12494,760,97250
3,98013,284,0.0,12495,760,97253
14,98027,284,0.0,12496,760,97267
5,98032,284,0.0,12497,760,97272
3,98035,284,0.0,12498,760,97275
4,98039,284,0.0,12499,760,97279
5,98044,284,0.0,12500,760,97284
21,98065,284,0.0,12501,760,97305
17,98082,284,0.0,12502,760,97322
2,98084,284,0.0,12503,760,97324
11,98095,284,0.0,12504,760,97335
7,98102,284,0.0,12505,760,97342
10,98112,284,0.0,12506,760,97352
24,98136,284,0.0,12507,760,97376
5,98141,284,0.0,12508,760,97381
6,98147,284,0.0,12509,760,97387
4,98151,284,0.0,12510,760,97391
13,98164,284,0.0,12511,760,97404
3,98167,284,0.0,12512,760,97407
3,98170,284,0.0,12513,760,97410
24,98194,284,0.0,12514,760,97434
4,98198,284,0.0,12515,760,97438
4,98202,284,0.0,12516,760,97442
3,98205,284,0.0,12517,760,97445
19,98224,284,0.0,12518,760,97464
2,98226,284,0.0,12519,760,97466
3,98229,284,0.0,12520,760,97469
2,98231,284,0.0,12521,760,97471
19,98250,284,0.0,12522,760,97490
17,98267,284,0.0,12523,760,97507
2,98269,284,0.0,12524,760,97509
2,98271,284,0.0,12525,760,97511
8,98279,284,0.0,12526,760,97519
8,98287,284,0.0,12527,760,97527
4,98291,284,0.0,12528,760,97531
24,98315,284,0.0,12529,760,97555
3,98318,284,0.0,12530,760,97558
5,98323,284,0.0,12531,760,97563
24,98347,284,0.0,12532,760,97587
6,98353,284,0.0,12533,760,97593
2,98355,284,0.0,12534,760,97595
13,98368,284,0.0,12535,760,97608
3,98371,284,0.0,12536,760,97611
18,98389,284,0.0,12537,760,97629
6,98395,284,0.0,12538,760,97635
11,98406,284,0.0,12539,760,97646
3,98409,284,0.0,12540,760,97649
10,98419,284,0.0,12541,760,97659
12,98431,284,0.0,12542,760,97671
27,98458,284,0.0,12543,760,97698
5,98463,284,0.0,12544,760,97703
5,98468,284,0.0,12545,760,97708
2,98470,284,0.0,12546,760,97710
8,98478,284,0.0,12547,760,97718
9,98487,284,0.0,12548,760,97727
4,98491,284,0.0,12549,760,97731
4,98495,284,0.0,12550,760,97735
2,98497,284,0.0,12551,760,97737
4,98501,284,0.0,12552,760,97741
2,98503,284,0.0,12553,760,97743
13,98516,284,0.0,12554,760,97756
5,98521,284,0.0,12555,760,97761
3,98524,284,0.0,12556,760,97764
4,98528,284,0.0,12557,760,97768
15,98543,284,0.0,12558,760,97783
4,98547,284,0.0,12559,760,97787
2,98549,284,0.0,12560,760,97789
7,98556,284,0.0,12561,760,97796
20,98576,284,0.0,12562,760,97816
4,98580,284,0.0,12563,760,97820
5,98585,284,0.0,12564,760,97825
7,98592,284,0.0,12565,760,97832
7,98599,284,0.0,12566,760,97839
10,98609,284,0.0,12567,760,97849
4,98613,284,0.0,12568,760,97853
4,98617,284,0.0,12569,760,97857
6,98623,284,0.0,12570,760,97863
18,98641,284,0.0,12571,760,97881
8,98649,284,0.0,12572,760,97889
6,98655,284,0.0,12573,760,97895
5,98660,284,0.0,12574,760,97900
6,98666,284,0.0,12575,760,97906
11,98677,284,0.0,12576,760,97917
10,98687,284,0.0,12577,760,97927
5,98692,284,0.0,12578,760,97932
3,98695,284,0.0,12579,760,97935
11,98706,284,0.0,12580,760,97946
4,98710,284,0.0,12581,760,97950
12,98722,284,0.0,12582,760,97962
7,98729,284,0.0,12583,760,97969
4,98733,284,0.0,12584,760,97973
11,98744,284,0.0,12585,760,97984
2,98746,284,0.0,12586,760,97986
27,98773,284,0.0,12587,760,98013
8,98781,284,0.0,12588,760,98021
5,98786,284,0.0,12589,760,98026
11,98797,284,0.0,12590,760,98037
6,98803,284,0.0,12591,760,98043
2,98805,284,0.0,12592,760,98045
9,98814,284,0.0,12593,760,98054
3,98817,284,0.0,12594,760,98057
2,98819,284,0.0,12595,760,98059
2,98821,284,0.0,12596,760,98061
14,98835,284,0.0,12597,760,98075
2,98837,284,0.0,12598,760,98077
6,98843,285,1.0,12599,760,98083
4,98847,285,0.0,12600,760,98087
13,98860,285,0.0,12601,760,98100
11,98871,285,0.0,12602,760,98111
5,98876,285,0.0,12603,760,98116
19,98895,285,0.0,12604,760,98135
4,98899,285,0.0,12605,760,98139
5,98904,285,0.0,12606,760,98144
16,98920,285,0.0,12607,760,98160
7,98927,285,0.0,12608,760,98167
4,98931,285,0.0,12609,760,98171
19,98950,285,0.0,12610,760,98190
3,98953,285,0.0,12611,760,98193
6,98959,285,0.0,12612,760,98199
4,98963,285,0.0,12613,760,98203
11,98974,285,0.0,12614,760,98214
10,98984,285,0.0,12615,760,98224
12,98996,285,0.0,12616,760,98236
6,99002,285,0.0,12617,760,98242
2,99004,285,0.0,12618,760,98244
9,99013,285,0.0,12619,760,98253
3,99016,285,0.0,12620,760,98256
2,99018,285,0.0,12621,760,98258
7,99025,285,0.0,12622,760,98265
9,99034,285,0.0,12623,760,98274
3,99037,285,0.0,12624,760,98277
3,99040,285,0.0,12625,760,98280
5,99045,285,0.0,12626,760,98285
10,99055,285,0.0,12627,760,98295
8,99063,285,0.0,12628,760,98303
2,99065,285,0.0,12629,760,98305
11,99076,285,0.0,12630,760,98316
15,99091,285,0.0,12631,760,98331
2,99093,285,0.0,12632,760,98333
2,99095,285,0.0,12633,760,98335
11,99106,285,0.0,12634,760,98346
2,99108,285,0.0,12635,760,98348
3,99111,285,0.0,12636,760,98351
10,99121,285,0.0,12637,760,98361
7,99128,285,0.0,12638,760,98368
19,99147,285,0.0,12639,760,98387
9,99156,285,0.0,12640,760,98396
8,99164,285,0.0,12641,760,98404
5,99169,285,0.0,12642,760,98409
8,99177,285,0.0,12643,760,98417
5,99182,285,0.0,12644,760,98422
3,99185,285,0.0,12645,760,98425
5,99190,285,0.0,12646,760,98430
9,99199,285,0.0,12647,760,98439
4,99203,285,0.0,12648,760,98443
7,99210,285,0.0,12649,760,98450
4,99214,285,0.0,12650,760,98454
8,99222,285,0.0,12651,760,98462
3,99225,285,0.0,12652,760,98465
13,99238,285,0.0,12653,760,98478
3,99241,285,0.0,12654,760,98481
7,99248,285,0.0,12655,760,98488
2,99250,285,0.0,12656,760,98490
2,99252,285,0.0,12657,760,98492
6,99258,285,0.0,12658,760,98498
5,99263,285,0.0,12659,760,98503
18,99281,285,0.0,12660,760,98521
36,99317,285,0.0,12661,760,98557
9,99326,285,0.0,12662,760,98566
10,99336,285,0.0,12663,760,98576
3,99339,285,0.0,12664,760,98579
2,99341,285,0.0,12665,760,98581
13,99354,285,0.0,12666,760,98594
16,99370,285,0.0,12667,760,98610
2,99372,285,0.0,12668,760,98612
2,99374,285,0.0,12669,760,98614
3,99377,285,0.0,12670,760,98617
2,99379,285,0.0,12671,760,98619
2,99381,285,0.0,12672,760,98621
2,99383,285,0.0,12673,760,98623
5,99388,285,0.0,12674,760,98628
3,99391,285,0.0,12675,760,98631
7,99398,285,0.0,12676,760,98638
24,99422,285,0.0,12677,760,98662
4,99426,285,0.0,12678,760,98666
7,99433,285,0.0,12679,760,98673
5,99438,285,0.0,12680,760,98678
11,99449,285,0.0,12681,760,98689
7,99456,285,0.0,12682,760,98696
2,99458,285,0.0,12683,760,98698
2,99460,285,0.0,12684,760,98700
5,99465,285,0.0,12685,760,98705
31,99496,285,0.0,12686,760,98736
24,99520,286,1.0,12687,760,98760
2,99522,286,0.0,12688,760,98762
8,99530,286,0.0,12689,760,98770
8,99538,286,0.0,12690,760,98778
4,99542,286,0.0,12691,760,98782
5,99547,286,0.0,12692,760,98787
14,99561,286,0.0,12693,760,98801
2,99563,286,0.0,12694,760,98803
9,99572,286,0.0,12695,760,98812
24,99596,286,0.0,12696,760,98836
2,99598,286,0.0,12697,760,98838
5,99603,286,0.0,12698,760,98843
6,99609,286,0.0,12699,760,98849
5,99614,286,0.0,12700,760,98854
5,99619,286,0.0,12701,760,98859
7,99626,286,0.0,12702,760,98866
2,99628,286,0.0,12703,760,98868
5,99633,286,0.0,12704,760,98873
3,99636,286,0.0,12705,760,98876
11,99647,286,0.0,12706,760,98887
5,99652,286,0.0,12707,760,98892
11,99663,286,0.0,12708,760,98903
4,99667,286,0.0,12709,760,98907
13,99680,286,0.0,12710,760,98920
19,99699,286,0.0,12711,760,98939
2,99701,286,0.0,12712,760,98941
3,99704,286,0.0,12713,760,98944
12,99716,286,0.0,12714,760,98956
4,99720,286,0.0,12715,760,98960
7,99727,286,0.0,12716,760,98967
24,99751,286,0.0,12717,760,98991
6,99757,286,0.0,12718,760,98997
15,99772,286,0.0,12719,760,99012
2,99774,286,0.0,12720,760,99014
2,99776,286,0.0,12721,760,99016
24,99800,286,0.0,12722,760,99040
4,99804,286,0.0,12723,760,99044
9,99813,286,0.0,12724,760,99053
6,99819,286,0.0,12725,760,99059
4,99823,286,0.0,12726,760,99063
2,99825,286,0.0,12727,760,99065
24,99849,286,0.0,12728,760,99089
15,99864,286,0.0,12729,760,99104
7,99871,286,0.0,12730,760,99111
6,99877,286,0.0,12731,760,99117
8,99885,286,0.0,12732,760,99125
13,99898,286,0.0,12733,760,99138
7,99905,286,0.0,12734,760,99145
3,99908,286,0.0,12735,760,99148
16,99924,286,0.0,12736,760,99164
3,99927,286,0.0,12737,760,99167
9,99936,286,0.0,12738,760,99176
6,99942,286,0.0,12739,760,99182
6,99948,286,0.0,12740,760,99188
11,99959,287,1.0,12741,760,99199
3,99962,287,0.0,12742,760,99202
6,99968,287,0.0,12743,760,99208
3,99971,287,0.0,12744,760,99211
4,99975,287,0.0,12745,760,99215
8,99983,287,0.0,12746,760,99223
16,99999,287,0.0,12747,760,99239
