iteration,successes,successes_episode,reward_episode,episode_count,random_act,timestep
18,18,0,0.0,1,11,7
30,48,0,0.0,2,32,16
17,65,0,0.0,3,42,23
14,79,0,0.0,4,53,26
9,88,0,0.0,5,58,30
3,91,0,0.0,6,61,30
11,102,0,0.0,7,72,30
10,112,0,0.0,8,80,32
12,124,0,0.0,9,88,36
11,135,0,0.0,10,96,39
8,143,0,0.0,11,103,40
3,146,0,0.0,12,106,40
2,148,0,0.0,13,108,40
3,151,0,0.0,14,111,40
8,159,0,0.0,15,118,41
2,161,0,0.0,16,120,41
2,163,0,0.0,17,121,42
4,167,0,0.0,18,124,43
3,170,0,0.0,19,126,44
4,174,0,0.0,20,130,44
10,184,0,0.0,21,138,46
8,192,0,0.0,22,145,47
6,198,0,0.0,23,150,48
17,215,0,0.0,24,161,54
7,222,0,0.0,25,167,55
11,233,0,0.0,26,178,55
4,237,0,0.0,27,181,56
12,249,0,0.0,28,189,60
19,268,0,0.0,29,204,64
3,271,0,0.0,30,205,66
3,274,0,0.0,31,207,67
2,276,0,0.0,32,209,67
2,278,0,0.0,33,210,68
2,280,0,0.0,34,212,68
3,283,0,0.0,35,214,69
6,289,0,0.0,36,219,70
2,291,0,0.0,37,221,70
11,302,0,0.0,38,228,74
3,305,0,0.0,39,230,75
10,315,0,0.0,40,238,77
12,327,0,0.0,41,247,80
6,333,0,0.0,42,252,81
2,335,0,0.0,43,253,82
11,346,0,0.0,44,262,84
8,354,0,0.0,45,269,85
6,360,0,0.0,46,275,85
6,366,0,0.0,47,281,85
17,383,1,1.0,48,296,87
3,386,1,0.0,49,298,88
3,389,1,0.0,50,300,89
12,401,1,0.0,51,302,99
10,411,1,0.0,52,302,109
11,422,1,0.0,53,304,118
12,434,1,0.0,54,306,128
14,448,1,0.0,55,310,138
11,459,1,0.0,56,312,147
2,461,1,0.0,57,313,148
4,465,1,0.0,58,314,151
5,470,1,0.0,59,315,155
4,474,1,0.0,60,315,159
11,485,1,0.0,61,319,166
7,492,1,0.0,62,322,170
12,504,1,0.0,63,326,178
3,507,1,0.0,64,326,181
7,514,1,0.0,65,326,188
13,527,1,0.0,66,327,200
8,535,1,0.0,67,328,207
11,546,1,0.0,68,332,214
9,555,1,0.0,69,335,220
8,563,1,0.0,70,335,228
3,566,1,0.0,71,336,230
11,577,1,0.0,72,338,239
2,579,1,0.0,73,338,241
6,585,1,0.0,74,340,245
13,598,1,0.0,75,343,255
8,606,1,0.0,76,346,260
7,613,1,0.0,77,348,265
15,628,1,0.0,78,351,277
10,638,1,0.0,79,352,286
4,642,1,0.0,80,353,289
3,645,1,0.0,81,354,291
8,653,1,0.0,82,354,299
8,661,1,0.0,83,355,306
10,671,1,0.0,84,358,313
2,673,1,0.0,85,358,315
4,677,1,0.0,86,359,318
12,689,1,0.0,87,362,327
5,694,1,0.0,88,362,332
3,697,1,0.0,89,364,333
4,701,1,0.0,90,364,337
4,705,1,0.0,91,365,340
4,709,1,0.0,92,367,342
2,711,1,0.0,93,367,344
3,714,1,0.0,94,367,347
6,720,1,0.0,95,369,351
5,725,1,0.0,96,371,354
4,729,1,0.0,97,372,357
5,734,1,0.0,98,372,362
17,751,1,0.0,99,375,376
5,756,1,0.0,100,375,381
9,765,1,0.0,101,379,386
13,778,1,0.0,102,382,396
3,781,1,0.0,103,382,399
10,791,1,0.0,104,384,407
13,804,1,0.0,105,385,419
13,817,1,0.0,106,389,428
10,827,1,0.0,107,390,437
8,835,1,0.0,108,391,444
15,850,1,0.0,109,392,458
5,855,1,0.0,110,393,462
3,858,1,0.0,111,393,465
5,863,1,0.0,112,394,469
4,867,1,0.0,113,395,472
4,871,1,0.0,114,396,475
4,875,1,0.0,115,396,479
13,888,2,1.0,116,399,489
2,890,2,0.0,117,399,491
6,896,2,0.0,118,399,497
11,907,2,0.0,119,399,508
5,912,2,0.0,120,399,513
5,917,2,0.0,121,399,518
4,921,2,0.0,122,399,522
6,927,2,0.0,123,400,527
5,932,2,0.0,124,400,532
8,940,2,0.0,125,400,540
8,948,2,0.0,126,402,546
4,952,2,0.0,127,403,549
9,961,2,0.0,128,403,558
6,967,2,0.0,129,403,564
7,974,2,0.0,130,404,570
8,982,2,0.0,131,404,578
14,996,2,0.0,132,404,592
16,1012,2,0.0,133,404,608
5,1017,2,0.0,134,404,613
8,1025,2,0.0,135,404,621
4,1029,2,0.0,136,404,625
4,1033,2,0.0,137,404,629
5,1038,2,0.0,138,404,634
3,1041,2,0.0,139,404,637
14,1055,2,0.0,140,404,651
35,1090,2,0.0,141,404,686
8,1098,3,1.0,142,404,694
6,1104,3,0.0,143,404,700
6,1110,3,0.0,144,404,706
5,1115,3,0.0,145,404,711
11,1126,3,0.0,146,404,722
5,1131,3,0.0,147,404,727
4,1135,3,0.0,148,404,731
5,1140,3,0.0,149,404,736
13,1153,3,0.0,150,404,749
3,1156,3,0.0,151,404,752
13,1169,3,0.0,152,404,765
2,1171,3,0.0,153,404,767
7,1178,3,0.0,154,405,773
20,1198,3,0.0,155,405,793
11,1209,3,0.0,156,405,804
4,1213,3,0.0,157,405,808
4,1217,3,0.0,158,405,812
6,1223,3,0.0,159,405,818
9,1232,3,0.0,160,405,827
7,1239,3,0.0,161,405,834
8,1247,3,0.0,162,405,842
3,1250,3,0.0,163,405,845
3,1253,3,0.0,164,405,848
14,1267,3,0.0,165,405,862
7,1274,3,0.0,166,405,869
3,1277,3,0.0,167,405,872
3,1280,3,0.0,168,405,875
9,1289,3,0.0,169,405,884
3,1292,3,0.0,170,405,887
6,1298,3,0.0,171,405,893
2,1300,3,0.0,172,405,895
14,1314,4,1.0,173,406,908
12,1326,4,0.0,174,406,920
4,1330,4,0.0,175,406,924
7,1337,4,0.0,176,406,931
8,1345,4,0.0,177,407,938
2,1347,4,0.0,178,407,940
6,1353,4,0.0,179,407,946
13,1366,4,0.0,180,407,959
11,1377,4,0.0,181,407,970
6,1383,4,0.0,182,407,976
6,1389,4,0.0,183,407,982
11,1400,4,0.0,184,407,993
6,1406,4,0.0,185,407,999
7,1413,4,0.0,186,407,1006
5,1418,4,0.0,187,407,1011
10,1428,4,0.0,188,407,1021
7,1435,4,0.0,189,407,1028
4,1439,4,0.0,190,407,1032
13,1452,4,0.0,191,407,1045
14,1466,5,1.0,192,407,1059
7,1473,5,0.0,193,408,1065
9,1482,5,0.0,194,408,1074
2,1484,5,0.0,195,408,1076
8,1492,5,0.0,196,408,1084
14,1506,6,1.0,197,408,1098
5,1511,6,0.0,198,408,1103
4,1515,6,0.0,199,408,1107
10,1525,6,0.0,200,408,1117
12,1537,6,0.0,201,408,1129
14,1551,7,1.0,202,408,1143
7,1558,7,0.0,203,408,1150
9,1567,7,0.0,204,408,1159
2,1569,7,0.0,205,408,1161
2,1571,7,0.0,206,408,1163
11,1582,7,0.0,207,408,1174
8,1590,7,0.0,208,408,1182
17,1607,7,0.0,209,408,1199
10,1617,7,0.0,210,408,1209
9,1626,7,0.0,211,408,1218
14,1640,8,1.0,212,408,1232
6,1646,8,0.0,213,408,1238
16,1662,8,0.0,214,408,1254
3,1665,8,0.0,215,408,1257
5,1670,8,0.0,216,408,1262
3,1673,8,0.0,217,408,1265
2,1675,8,0.0,218,408,1267
9,1684,8,0.0,219,408,1276
7,1691,8,0.0,220,408,1283
20,1711,8,0.0,221,408,1303
12,1723,8,0.0,222,408,1315
14,1737,9,1.0,223,408,1329
7,1744,9,0.0,224,408,1336
9,1753,9,0.0,225,408,1345
4,1757,9,0.0,226,408,1349
6,1763,9,0.0,227,408,1355
13,1776,9,0.0,228,408,1368
4,1780,9,0.0,229,408,1372
3,1783,9,0.0,230,408,1375
5,1788,9,0.0,231,408,1380
7,1795,9,0.0,232,408,1387
6,1801,9,0.0,233,408,1393
9,1810,9,0.0,234,408,1402
8,1818,9,0.0,235,408,1410
13,1831,9,0.0,236,408,1423
7,1838,9,0.0,237,408,1430
2,1840,9,0.0,238,408,1432
5,1845,9,0.0,239,408,1437
9,1854,9,0.0,240,408,1446
17,1871,9,0.0,241,408,1463
10,1881,9,0.0,242,408,1473
4,1885,9,0.0,243,408,1477
12,1897,9,0.0,244,408,1489
5,1902,9,0.0,245,408,1494
20,1922,9,0.0,246,408,1514
4,1926,9,0.0,247,408,1518
10,1936,9,0.0,248,408,1528
7,1943,9,0.0,249,408,1535
4,1947,9,0.0,250,408,1539
10,1957,9,0.0,251,408,1549
4,1961,9,0.0,252,408,1553
8,1969,9,0.0,253,408,1561
7,1976,9,0.0,254,408,1568
4,1980,9,0.0,255,408,1572
3,1983,9,0.0,256,408,1575
6,1989,9,0.0,257,408,1581
11,2000,9,0.0,258,408,1592
5,2005,9,0.0,259,408,1597
8,2013,9,0.0,260,408,1605
3,2016,9,0.0,261,408,1608
5,2021,9,0.0,262,408,1613
6,2027,9,0.0,263,408,1619
3,2030,9,0.0,264,408,1622
17,2047,9,0.0,265,408,1639
23,2070,9,0.0,266,408,1662
9,2079,9,0.0,267,408,1671
3,2082,9,0.0,268,408,1674
7,2089,9,0.0,269,408,1681
2,2091,9,0.0,270,408,1683
16,2107,9,0.0,271,408,1699
2,2109,9,0.0,272,408,1701
11,2120,9,0.0,273,408,1712
4,2124,9,0.0,274,408,1716
4,2128,9,0.0,275,408,1720
9,2137,9,0.0,276,408,1729
7,2144,9,0.0,277,408,1736
5,2149,9,0.0,278,408,1741
11,2160,9,0.0,279,408,1752
14,2174,10,1.0,280,408,1766
12,2186,10,0.0,281,408,1778
9,2195,10,0.0,282,408,1787
11,2206,10,0.0,283,408,1798
6,2212,10,0.0,284,408,1804
14,2226,11,1.0,285,408,1818
9,2235,11,0.0,286,408,1827
8,2243,11,0.0,287,408,1835
15,2258,11,0.0,288,408,1850
6,2264,11,0.0,289,408,1856
7,2271,11,0.0,290,408,1863
6,2277,11,0.0,291,408,1869
14,2291,12,1.0,292,408,1883
7,2298,12,0.0,293,408,1890
7,2305,12,0.0,294,408,1897
4,2309,12,0.0,295,408,1901
18,2327,12,0.0,296,408,1919
6,2333,12,0.0,297,408,1925
12,2345,12,0.0,298,408,1937
6,2351,12,0.0,299,408,1943
2,2353,12,0.0,300,408,1945
3,2356,12,0.0,301,408,1948
8,2364,12,0.0,302,408,1956
6,2370,12,0.0,303,408,1962
3,2373,12,0.0,304,408,1965
14,2387,13,1.0,305,408,1979
3,2390,13,0.0,306,408,1982
3,2393,13,0.0,307,408,1985
15,2408,13,0.0,308,408,2000
8,2416,13,0.0,309,408,2008
4,2420,13,0.0,310,408,2012
3,2423,13,0.0,311,408,2015
14,2437,14,1.0,312,408,2029
13,2450,14,0.0,313,408,2042
5,2455,14,0.0,314,408,2047
10,2465,14,0.0,315,408,2057
4,2469,14,0.0,316,408,2061
14,2483,15,1.0,317,408,2075
3,2486,15,0.0,318,408,2078
2,2488,15,0.0,319,408,2080
5,2493,15,0.0,320,408,2085
5,2498,15,0.0,321,408,2090
4,2502,15,0.0,322,408,2094
8,2510,15,0.0,323,408,2102
13,2523,15,0.0,324,408,2115
5,2528,15,0.0,325,408,2120
8,2536,15,0.0,326,408,2128
5,2541,15,0.0,327,408,2133
3,2544,15,0.0,328,408,2136
14,2558,15,0.0,329,408,2150
5,2563,15,0.0,330,408,2155
14,2577,16,1.0,331,408,2169
4,2581,16,0.0,332,408,2173
2,2583,16,0.0,333,409,2174
4,2587,16,0.0,334,409,2178
10,2597,16,0.0,335,409,2188
4,2601,16,0.0,336,409,2192
6,2607,16,0.0,337,409,2198
3,2610,16,0.0,338,409,2201
13,2623,16,0.0,339,409,2214
4,2627,16,0.0,340,409,2218
10,2637,16,0.0,341,409,2228
7,2644,16,0.0,342,409,2235
7,2651,16,0.0,343,409,2242
11,2662,16,0.0,344,409,2253
8,2670,16,0.0,345,409,2261
14,2684,17,1.0,346,409,2275
4,2688,17,0.0,347,409,2279
14,2702,18,1.0,348,409,2293
5,2707,18,0.0,349,409,2298
7,2714,18,0.0,350,409,2305
14,2728,19,1.0,351,409,2319
7,2735,19,0.0,352,409,2326
2,2737,19,0.0,353,409,2328
2,2739,19,0.0,354,409,2330
14,2753,20,1.0,355,409,2344
5,2758,20,0.0,356,409,2349
8,2766,20,0.0,357,409,2357
5,2771,20,0.0,358,409,2362
2,2773,20,0.0,359,409,2364
5,2778,20,0.0,360,409,2369
14,2792,21,1.0,361,409,2383
6,2798,21,0.0,362,409,2389
8,2806,21,0.0,363,409,2397
13,2819,21,0.0,364,409,2410
14,2833,22,1.0,365,409,2424
9,2842,22,0.0,366,409,2433
2,2844,22,0.0,367,409,2435
14,2858,23,1.0,368,409,2449
6,2864,23,0.0,369,409,2455
4,2868,23,0.0,370,409,2459
2,2870,23,0.0,371,409,2461
9,2879,23,0.0,372,409,2470
7,2886,23,0.0,373,409,2477
5,2891,23,0.0,374,409,2482
3,2894,23,0.0,375,409,2485
7,2901,23,0.0,376,409,2492
3,2904,23,0.0,377,409,2495
3,2907,23,0.0,378,409,2498
17,2924,23,0.0,379,409,2515
9,2933,23,0.0,380,409,2524
7,2940,23,0.0,381,409,2531
3,2943,23,0.0,382,409,2534
2,2945,23,0.0,383,409,2536
14,2959,24,1.0,384,409,2550
12,2971,24,0.0,385,409,2562
20,2991,24,0.0,386,409,2582
9,3000,24,0.0,387,409,2591
5,3005,24,0.0,388,409,2596
5,3010,24,0.0,389,409,2601
6,3016,24,0.0,390,409,2607
7,3023,24,0.0,391,409,2614
18,3041,24,0.0,392,409,2632
14,3055,25,1.0,393,409,2646
9,3064,25,0.0,394,409,2655
5,3069,25,0.0,395,409,2660
13,3082,25,0.0,396,409,2673
4,3086,25,0.0,397,409,2677
38,3124,25,0.0,398,409,2715
14,3138,26,1.0,399,409,2729
5,3143,26,0.0,400,409,2734
5,3148,26,0.0,401,409,2739
4,3152,26,0.0,402,409,2743
2,3154,26,0.0,403,409,2745
21,3175,26,0.0,404,409,2766
2,3177,26,0.0,405,409,2768
8,3185,26,0.0,406,409,2776
3,3188,26,0.0,407,409,2779
3,3191,26,0.0,408,409,2782
4,3195,26,0.0,409,409,2786
3,3198,26,0.0,410,409,2789
4,3202,26,0.0,411,409,2793
12,3214,26,0.0,412,409,2805
14,3228,27,1.0,413,409,2819
3,3231,27,0.0,414,409,2822
14,3245,27,0.0,415,409,2836
6,3251,27,0.0,416,409,2842
18,3269,27,0.0,417,409,2860
14,3283,28,1.0,418,409,2874
4,3287,28,0.0,419,409,2878
22,3309,28,0.0,420,409,2900
10,3319,28,0.0,421,409,2910
2,3321,28,0.0,422,409,2912
3,3324,28,0.0,423,409,2915
7,3331,28,0.0,424,409,2922
7,3338,28,0.0,425,409,2929
9,3347,28,0.0,426,409,2938
13,3360,28,0.0,427,409,2951
8,3368,28,0.0,428,409,2959
17,3385,28,0.0,429,409,2976
2,3387,28,0.0,430,409,2978
2,3389,28,0.0,431,409,2980
3,3392,28,0.0,432,409,2983
5,3397,28,0.0,433,409,2988
14,3411,28,0.0,434,409,3002
2,3413,28,0.0,435,409,3004
4,3417,28,0.0,436,409,3008
5,3422,28,0.0,437,409,3013
13,3435,28,0.0,438,409,3026
3,3438,28,0.0,439,409,3029
13,3451,28,0.0,440,409,3042
12,3463,28,0.0,441,409,3054
6,3469,28,0.0,442,409,3060
10,3479,28,0.0,443,409,3070
7,3486,28,0.0,444,409,3077
2,3488,28,0.0,445,409,3079
15,3503,28,0.0,446,409,3094
2,3505,28,0.0,447,409,3096
10,3515,28,0.0,448,409,3106
11,3526,28,0.0,449,409,3117
5,3531,28,0.0,450,409,3122
23,3554,28,0.0,451,409,3145
7,3561,28,0.0,452,409,3152
7,3568,28,0.0,453,409,3159
14,3582,29,1.0,454,409,3173
7,3589,29,0.0,455,409,3180
5,3594,29,0.0,456,409,3185
14,3608,30,1.0,457,409,3199
6,3614,30,0.0,458,409,3205
5,3619,30,0.0,459,409,3210
4,3623,30,0.0,460,409,3214
3,3626,30,0.0,461,409,3217
6,3632,30,0.0,462,409,3223
19,3651,30,0.0,463,409,3242
3,3654,30,0.0,464,409,3245
2,3656,30,0.0,465,409,3247
3,3659,30,0.0,466,409,3250
27,3686,31,1.0,467,409,3277
2,3688,31,0.0,468,409,3279
4,3692,31,0.0,469,409,3283
6,3698,31,0.0,470,409,3289
13,3711,31,0.0,471,409,3302
5,3716,31,0.0,472,409,3307
4,3720,31,0.0,473,409,3311
14,3734,32,1.0,474,409,3325
5,3739,32,0.0,475,409,3330
4,3743,32,0.0,476,409,3334
8,3751,32,0.0,477,409,3342
14,3765,32,0.0,478,409,3356
12,3777,32,0.0,479,409,3368
14,3791,32,0.0,480,409,3382
14,3805,33,1.0,481,409,3396
15,3820,33,0.0,482,409,3411
15,3835,33,0.0,483,409,3426
8,3843,33,0.0,484,409,3434
4,3847,33,0.0,485,409,3438
2,3849,33,0.0,486,409,3440
19,3868,33,0.0,487,409,3459
4,3872,33,0.0,488,409,3463
10,3882,33,0.0,489,409,3473
11,3893,33,0.0,490,409,3484
3,3896,33,0.0,491,409,3487
2,3898,33,0.0,492,409,3489
18,3916,33,0.0,493,409,3507
7,3923,33,0.0,494,409,3514
2,3925,33,0.0,495,409,3516
7,3932,33,0.0,496,409,3523
7,3939,33,0.0,497,409,3530
9,3948,33,0.0,498,409,3539
12,3960,33,0.0,499,409,3551
15,3975,33,0.0,500,409,3566
5,3980,33,0.0,501,409,3571
10,3990,33,0.0,502,409,3581
2,3992,33,0.0,503,409,3583
11,4003,33,0.0,504,409,3594
4,4007,33,0.0,505,409,3598
2,4009,33,0.0,506,409,3600
11,4020,33,0.0,507,409,3611
3,4023,33,0.0,508,409,3614
2,4025,33,0.0,509,409,3616
9,4034,33,0.0,510,409,3625
10,4044,33,0.0,511,409,3635
11,4055,33,0.0,512,409,3646
2,4057,33,0.0,513,409,3648
4,4061,33,0.0,514,409,3652
14,4075,34,1.0,515,409,3666
3,4078,34,0.0,516,409,3669
6,4084,34,0.0,517,409,3675
10,4094,34,0.0,518,409,3685
7,4101,34,0.0,519,409,3692
4,4105,34,0.0,520,409,3696
4,4109,34,0.0,521,409,3700
8,4117,34,0.0,522,409,3708
10,4127,34,0.0,523,409,3718
11,4138,34,0.0,524,409,3729
9,4147,34,0.0,525,409,3738
3,4150,34,0.0,526,409,3741
5,4155,34,0.0,527,409,3746
6,4161,34,0.0,528,409,3752
3,4164,34,0.0,529,409,3755
14,4178,34,0.0,530,409,3769
14,4192,35,1.0,531,409,3783
14,4206,36,1.0,532,409,3797
12,4218,36,0.0,533,409,3809
6,4224,36,0.0,534,409,3815
14,4238,37,1.0,535,409,3829
4,4242,37,0.0,536,409,3833
2,4244,37,0.0,537,409,3835
9,4253,37,0.0,538,409,3844
4,4257,37,0.0,539,409,3848
4,4261,37,0.0,540,409,3852
11,4272,37,0.0,541,409,3863
6,4278,37,0.0,542,409,3869
14,4292,38,1.0,543,409,3883
4,4296,38,0.0,544,409,3887
2,4298,38,0.0,545,409,3889
9,4307,38,0.0,546,409,3898
3,4310,38,0.0,547,409,3901
3,4313,38,0.0,548,409,3904
2,4315,38,0.0,549,409,3906
2,4317,38,0.0,550,409,3908
5,4322,38,0.0,551,409,3913
25,4347,38,0.0,552,409,3938
4,4351,38,0.0,553,409,3942
3,4354,38,0.0,554,409,3945
12,4366,38,0.0,555,409,3957
8,4374,38,0.0,556,409,3965
3,4377,38,0.0,557,409,3968
7,4384,38,0.0,558,409,3975
7,4391,38,0.0,559,409,3982
14,4405,39,1.0,560,409,3996
7,4412,39,0.0,561,409,4003
13,4425,39,0.0,562,409,4016
2,4427,39,0.0,563,409,4018
17,4444,39,0.0,564,409,4035
4,4448,39,0.0,565,409,4039
10,4458,39,0.0,566,409,4049
6,4464,39,0.0,567,409,4055
2,4466,39,0.0,568,409,4057
6,4472,39,0.0,569,409,4063
32,4504,39,0.0,570,409,4095
3,4507,39,0.0,571,409,4098
7,4514,39,0.0,572,409,4105
3,4517,39,0.0,573,409,4108
14,4531,39,0.0,574,409,4122
3,4534,39,0.0,575,409,4125
14,4548,40,1.0,576,409,4139
5,4553,40,0.0,577,409,4144
7,4560,40,0.0,578,409,4151
7,4567,40,0.0,579,409,4158
2,4569,40,0.0,580,409,4160
8,4577,40,0.0,581,409,4168
2,4579,40,0.0,582,409,4170
4,4583,40,0.0,583,409,4174
5,4588,40,0.0,584,409,4179
2,4590,40,0.0,585,409,4181
9,4599,40,0.0,586,409,4190
15,4614,40,0.0,587,409,4205
3,4617,40,0.0,588,409,4208
2,4619,40,0.0,589,409,4210
2,4621,40,0.0,590,409,4212
7,4628,40,0.0,591,409,4219
19,4647,40,0.0,592,409,4238
4,4651,40,0.0,593,409,4242
4,4655,40,0.0,594,409,4246
11,4666,40,0.0,595,409,4257
13,4679,40,0.0,596,409,4270
2,4681,40,0.0,597,409,4272
7,4688,40,0.0,598,409,4279
4,4692,40,0.0,599,409,4283
4,4696,40,0.0,600,409,4287
3,4699,40,0.0,601,409,4290
4,4703,40,0.0,602,409,4294
24,4727,41,1.0,603,409,4318
2,4729,41,0.0,604,409,4320
14,4743,42,1.0,605,409,4334
6,4749,42,0.0,606,409,4340
2,4751,42,0.0,607,409,4342
6,4757,42,0.0,608,409,4348
4,4761,42,0.0,609,409,4352
2,4763,42,0.0,610,409,4354
9,4772,42,0.0,611,409,4363
2,4774,42,0.0,612,409,4365
17,4791,42,0.0,613,409,4382
2,4793,42,0.0,614,409,4384
3,4796,42,0.0,615,409,4387
4,4800,42,0.0,616,409,4391
10,4810,42,0.0,617,409,4401
8,4818,42,0.0,618,409,4409
5,4823,42,0.0,619,409,4414
6,4829,42,0.0,620,409,4420
2,4831,42,0.0,621,409,4422
12,4843,42,0.0,622,409,4434
17,4860,42,0.0,623,409,4451
11,4871,42,0.0,624,409,4462
4,4875,42,0.0,625,409,4466
11,4886,42,0.0,626,409,4477
2,4888,42,0.0,627,409,4479
15,4903,42,0.0,628,409,4494
3,4906,42,0.0,629,409,4497
6,4912,42,0.0,630,409,4503
20,4932,42,0.0,631,409,4523
8,4940,42,0.0,632,409,4531
15,4955,42,0.0,633,409,4546
6,4961,42,0.0,634,409,4552
4,4965,42,0.0,635,409,4556
4,4969,42,0.0,636,409,4560
8,4977,42,0.0,637,409,4568
4,4981,42,0.0,638,409,4572
13,4994,42,0.0,639,409,4585
14,5008,43,1.0,640,409,4599
6,5014,43,0.0,641,409,4605
5,5019,43,0.0,642,409,4610
7,5026,43,0.0,643,409,4617
12,5038,43,0.0,644,409,4629
4,5042,43,0.0,645,409,4633
2,5044,43,0.0,646,409,4635
4,5048,43,0.0,647,409,4639
18,5066,43,0.0,648,409,4657
14,5080,44,1.0,649,409,4671
6,5086,44,0.0,650,409,4677
9,5095,44,0.0,651,409,4686
2,5097,44,0.0,652,409,4688
3,5100,44,0.0,653,409,4691
7,5107,44,0.0,654,409,4698
2,5109,44,0.0,655,409,4700
13,5122,44,0.0,656,409,4713
4,5126,44,0.0,657,409,4717
5,5131,44,0.0,658,409,4722
4,5135,44,0.0,659,409,4726
14,5149,44,0.0,660,409,4740
14,5163,44,0.0,661,409,4754
5,5168,44,0.0,662,409,4759
8,5176,44,0.0,663,409,4767
3,5179,44,0.0,664,409,4770
11,5190,44,0.0,665,409,4781
6,5196,44,0.0,666,409,4787
5,5201,44,0.0,667,409,4792
14,5215,45,1.0,668,409,4806
4,5219,45,0.0,669,409,4810
21,5240,45,0.0,670,409,4831
7,5247,45,0.0,671,409,4838
16,5263,45,0.0,672,409,4854
4,5267,45,0.0,673,409,4858
6,5273,45,0.0,674,409,4864
5,5278,45,0.0,675,409,4869
6,5284,45,0.0,676,409,4875
6,5290,45,0.0,677,409,4881
4,5294,45,0.0,678,409,4885
14,5308,46,1.0,679,409,4899
2,5310,46,0.0,680,409,4901
7,5317,46,0.0,681,409,4908
8,5325,46,0.0,682,409,4916
14,5339,46,0.0,683,409,4930
2,5341,46,0.0,684,409,4932
4,5345,46,0.0,685,409,4936
4,5349,46,0.0,686,409,4940
3,5352,46,0.0,687,409,4943
4,5356,46,0.0,688,409,4947
10,5366,46,0.0,689,409,4957
3,5369,46,0.0,690,409,4960
2,5371,46,0.0,691,409,4962
7,5378,46,0.0,692,409,4969
22,5400,46,0.0,693,409,4991
4,5404,46,0.0,694,409,4995
3,5407,46,0.0,695,409,4998
4,5411,46,0.0,696,409,5002
6,5417,46,0.0,697,409,5008
9,5426,46,0.0,698,409,5017
14,5440,46,0.0,699,409,5031
6,5446,46,0.0,700,409,5037
3,5449,46,0.0,701,409,5040
2,5451,46,0.0,702,409,5042
8,5459,46,0.0,703,409,5050
5,5464,46,0.0,704,409,5055
14,5478,46,0.0,705,409,5069
2,5480,46,0.0,706,409,5071
2,5482,46,0.0,707,409,5073
10,5492,46,0.0,708,409,5083
5,5497,46,0.0,709,409,5088
4,5501,46,0.0,710,409,5092
2,5503,46,0.0,711,409,5094
7,5510,46,0.0,712,409,5101
10,5520,46,0.0,713,409,5111
7,5527,46,0.0,714,409,5118
11,5538,46,0.0,715,409,5129
4,5542,46,0.0,716,409,5133
15,5557,46,0.0,717,409,5148
5,5562,46,0.0,718,409,5153
14,5576,47,1.0,719,409,5167
7,5583,47,0.0,720,409,5174
13,5596,47,0.0,721,409,5187
2,5598,47,0.0,722,409,5189
4,5602,47,0.0,723,409,5193
4,5606,47,0.0,724,409,5197
4,5610,47,0.0,725,409,5201
7,5617,47,0.0,726,409,5208
8,5625,47,0.0,727,409,5216
14,5639,48,1.0,728,409,5230
6,5645,48,0.0,729,409,5236
16,5661,48,0.0,730,409,5252
14,5675,48,0.0,731,409,5266
8,5683,48,0.0,732,409,5274
4,5687,48,0.0,733,409,5278
7,5694,48,0.0,734,409,5285
3,5697,48,0.0,735,409,5288
6,5703,48,0.0,736,409,5294
4,5707,48,0.0,737,409,5298
4,5711,48,0.0,738,409,5302
12,5723,48,0.0,739,409,5314
4,5727,48,0.0,740,409,5318
5,5732,48,0.0,741,409,5323
9,5741,48,0.0,742,409,5332
4,5745,48,0.0,743,409,5336
4,5749,48,0.0,744,409,5340
12,5761,48,0.0,745,409,5352
2,5763,48,0.0,746,409,5354
9,5772,48,0.0,747,409,5363
14,5786,49,1.0,748,409,5377
14,5800,49,0.0,749,409,5391
14,5814,50,1.0,750,409,5405
4,5818,50,0.0,751,409,5409
8,5826,50,0.0,752,409,5417
7,5833,50,0.0,753,409,5424
3,5836,50,0.0,754,409,5427
6,5842,50,0.0,755,409,5433
2,5844,50,0.0,756,409,5435
2,5846,50,0.0,757,409,5437
6,5852,50,0.0,758,409,5443
19,5871,50,0.0,759,409,5462
2,5873,50,0.0,760,409,5464
2,5875,50,0.0,761,409,5466
24,5899,50,0.0,762,409,5490
6,5905,50,0.0,763,409,5496
6,5911,50,0.0,764,409,5502
14,5925,51,1.0,765,409,5516
5,5930,51,0.0,766,409,5521
25,5955,51,0.0,767,409,5546
4,5959,51,0.0,768,409,5550
15,5974,51,0.0,769,409,5565
7,5981,51,0.0,770,409,5572
4,5985,51,0.0,771,409,5576
12,5997,51,0.0,772,409,5588
2,5999,51,0.0,773,409,5590
8,6007,51,0.0,774,409,5598
8,6015,51,0.0,775,409,5606
6,6021,51,0.0,776,409,5612
7,6028,51,0.0,777,409,5619
14,6042,51,0.0,778,409,5633
7,6049,51,0.0,779,409,5640
8,6057,51,0.0,780,409,5648
20,6077,51,0.0,781,409,5668
3,6080,51,0.0,782,409,5671
14,6094,52,1.0,783,409,5685
4,6098,52,0.0,784,409,5689
8,6106,52,0.0,785,409,5697
2,6108,52,0.0,786,409,5699
7,6115,52,0.0,787,409,5706
5,6120,52,0.0,788,409,5711
6,6126,52,0.0,789,409,5717
10,6136,52,0.0,790,409,5727
8,6144,52,0.0,791,409,5735
4,6148,52,0.0,792,409,5739
7,6155,52,0.0,793,409,5746
24,6179,52,0.0,794,409,5770
2,6181,52,0.0,795,409,5772
7,6188,52,0.0,796,409,5779
2,6190,52,0.0,797,409,5781
9,6199,52,0.0,798,409,5790
3,6202,52,0.0,799,409,5793
13,6215,52,0.0,800,409,5806
8,6223,52,0.0,801,409,5814
23,6246,52,0.0,802,409,5837
2,6248,52,0.0,803,409,5839
6,6254,52,0.0,804,409,5845
4,6258,52,0.0,805,409,5849
4,6262,52,0.0,806,409,5853
14,6276,52,0.0,807,409,5867
2,6278,52,0.0,808,409,5869
4,6282,52,0.0,809,409,5873
14,6296,53,1.0,810,409,5887
8,6304,53,0.0,811,409,5895
6,6310,53,0.0,812,409,5901
3,6313,53,0.0,813,409,5904
7,6320,53,0.0,814,409,5911
19,6339,53,0.0,815,409,5930
2,6341,53,0.0,816,409,5932
2,6343,53,0.0,817,409,5934
9,6352,53,0.0,818,409,5943
9,6361,53,0.0,819,409,5952
5,6366,53,0.0,820,409,5957
17,6383,53,0.0,821,409,5974
7,6390,53,0.0,822,409,5981
11,6401,53,0.0,823,409,5992
14,6415,54,1.0,824,409,6006
3,6418,54,0.0,825,409,6009
8,6426,54,0.0,826,409,6017
5,6431,54,0.0,827,409,6022
9,6440,54,0.0,828,409,6031
14,6454,54,0.0,829,409,6045
3,6457,54,0.0,830,409,6048
4,6461,54,0.0,831,409,6052
5,6466,54,0.0,832,409,6057
4,6470,54,0.0,833,409,6061
3,6473,54,0.0,834,409,6064
21,6494,54,0.0,835,409,6085
8,6502,54,0.0,836,409,6093
6,6508,54,0.0,837,409,6099
11,6519,54,0.0,838,409,6110
2,6521,54,0.0,839,409,6112
4,6525,54,0.0,840,409,6116
6,6531,54,0.0,841,409,6122
6,6537,54,0.0,842,409,6128
2,6539,54,0.0,843,409,6130
5,6544,54,0.0,844,409,6135
3,6547,54,0.0,845,409,6138
9,6556,54,0.0,846,409,6147
12,6568,54,0.0,847,409,6159
3,6571,54,0.0,848,409,6162
3,6574,54,0.0,849,409,6165
7,6581,54,0.0,850,409,6172
3,6584,54,0.0,851,409,6175
5,6589,54,0.0,852,409,6180
7,6596,54,0.0,853,409,6187
4,6600,54,0.0,854,409,6191
2,6602,54,0.0,855,409,6193
4,6606,54,0.0,856,409,6197
10,6616,54,0.0,857,409,6207
4,6620,54,0.0,858,409,6211
8,6628,54,0.0,859,409,6219
2,6630,54,0.0,860,409,6221
3,6633,54,0.0,861,409,6224
14,6647,55,1.0,862,409,6238
4,6651,55,0.0,863,409,6242
14,6665,56,1.0,864,409,6256
9,6674,56,0.0,865,409,6265
14,6688,56,0.0,866,409,6279
10,6698,56,0.0,867,409,6289
4,6702,56,0.0,868,409,6293
17,6719,56,0.0,869,409,6310
7,6726,56,0.0,870,409,6317
4,6730,56,0.0,871,409,6321
24,6754,56,0.0,872,409,6345
13,6767,56,0.0,873,409,6358
21,6788,57,1.0,874,409,6379
8,6796,57,0.0,875,409,6387
5,6801,57,0.0,876,409,6392
7,6808,57,0.0,877,409,6399
2,6810,57,0.0,878,409,6401
24,6834,57,0.0,879,409,6425
8,6842,57,0.0,880,409,6433
8,6850,57,0.0,881,409,6441
3,6853,57,0.0,882,409,6444
5,6858,57,0.0,883,409,6449
3,6861,57,0.0,884,409,6452
18,6879,58,1.0,885,409,6470
7,6886,58,0.0,886,409,6477
8,6894,58,0.0,887,409,6485
3,6897,58,0.0,888,409,6488
24,6921,58,0.0,889,409,6512
5,6926,58,0.0,890,409,6517
8,6934,58,0.0,891,409,6525
7,6941,58,0.0,892,409,6532
18,6959,58,0.0,893,409,6550
9,6968,58,0.0,894,409,6559
20,6988,58,0.0,895,409,6579
4,6992,58,0.0,896,409,6583
3,6995,58,0.0,897,409,6586
14,7009,59,1.0,898,409,6600
2,7011,59,0.0,899,409,6602
5,7016,59,0.0,900,409,6607
3,7019,59,0.0,901,409,6610
14,7033,60,1.0,902,409,6624
3,7036,60,0.0,903,409,6627
4,7040,60,0.0,904,409,6631
17,7057,60,0.0,905,409,6648
7,7064,60,0.0,906,409,6655
7,7071,60,0.0,907,409,6662
3,7074,60,0.0,908,409,6665
23,7097,60,0.0,909,409,6688
22,7119,60,0.0,910,409,6710
15,7134,60,0.0,911,409,6725
5,7139,60,0.0,912,409,6730
2,7141,60,0.0,913,409,6732
4,7145,60,0.0,914,409,6736
3,7148,60,0.0,915,409,6739
3,7151,60,0.0,916,409,6742
8,7159,60,0.0,917,409,6750
6,7165,60,0.0,918,409,6756
5,7170,60,0.0,919,409,6761
5,7175,60,0.0,920,409,6766
10,7185,60,0.0,921,409,6776
5,7190,60,0.0,922,409,6781
4,7194,60,0.0,923,409,6785
6,7200,60,0.0,924,409,6791
16,7216,60,0.0,925,409,6807
14,7230,61,1.0,926,409,6821
3,7233,61,0.0,927,409,6824
4,7237,61,0.0,928,409,6828
6,7243,61,0.0,929,409,6834
9,7252,61,0.0,930,409,6843
7,7259,61,0.0,931,409,6850
12,7271,61,0.0,932,409,6862
9,7280,61,0.0,933,409,6871
5,7285,61,0.0,934,409,6876
9,7294,61,0.0,935,409,6885
19,7313,61,0.0,936,409,6904
12,7325,61,0.0,937,409,6916
4,7329,61,0.0,938,409,6920
4,7333,61,0.0,939,409,6924
9,7342,61,0.0,940,409,6933
14,7356,62,1.0,941,409,6947
6,7362,62,0.0,942,409,6953
14,7376,62,0.0,943,409,6967
6,7382,62,0.0,944,409,6973
9,7391,62,0.0,945,409,6982
4,7395,62,0.0,946,409,6986
5,7400,62,0.0,947,409,6991
12,7412,62,0.0,948,409,7003
4,7416,62,0.0,949,409,7007
3,7419,62,0.0,950,409,7010
4,7423,62,0.0,951,409,7014
7,7430,62,0.0,952,409,7021
3,7433,62,0.0,953,409,7024
17,7450,62,0.0,954,409,7041
7,7457,62,0.0,955,409,7048
13,7470,62,0.0,956,409,7061
2,7472,62,0.0,957,409,7063
4,7476,62,0.0,958,409,7067
3,7479,62,0.0,959,409,7070
2,7481,62,0.0,960,409,7072
12,7493,62,0.0,961,409,7084
7,7500,62,0.0,962,409,7091
10,7510,62,0.0,963,409,7101
14,7524,63,1.0,964,409,7115
21,7545,63,0.0,965,409,7136
3,7548,63,0.0,966,409,7139
12,7560,63,0.0,967,409,7151
8,7568,63,0.0,968,409,7159
19,7587,63,0.0,969,409,7178
3,7590,63,0.0,970,409,7181
4,7594,63,0.0,971,409,7185
8,7602,63,0.0,972,409,7193
18,7620,63,0.0,973,409,7211
5,7625,63,0.0,974,409,7216
4,7629,63,0.0,975,409,7220
18,7647,63,0.0,976,409,7238
13,7660,63,0.0,977,409,7251
3,7663,63,0.0,978,409,7254
13,7676,63,0.0,979,409,7267
5,7681,63,0.0,980,409,7272
3,7684,63,0.0,981,409,7275
5,7689,63,0.0,982,409,7280
14,7703,64,1.0,983,409,7294
5,7708,64,0.0,984,409,7299
4,7712,64,0.0,985,409,7303
2,7714,64,0.0,986,409,7305
7,7721,64,0.0,987,409,7312
8,7729,64,0.0,988,409,7320
4,7733,64,0.0,989,409,7324
13,7746,64,0.0,990,409,7337
3,7749,64,0.0,991,409,7340
8,7757,64,0.0,992,409,7348
11,7768,64,0.0,993,409,7359
2,7770,64,0.0,994,409,7361
9,7779,64,0.0,995,409,7370
4,7783,64,0.0,996,409,7374
6,7789,64,0.0,997,409,7380
14,7803,65,1.0,998,409,7394
2,7805,65,0.0,999,409,7396
2,7807,65,0.0,1000,409,7398
8,7815,65,0.0,1001,409,7406
8,7823,65,0.0,1002,409,7414
11,7834,65,0.0,1003,409,7425
3,7837,65,0.0,1004,409,7428
8,7845,65,0.0,1005,409,7436
15,7860,65,0.0,1006,409,7451
15,7875,65,0.0,1007,409,7466
2,7877,65,0.0,1008,409,7468
13,7890,65,0.0,1009,409,7481
10,7900,65,0.0,1010,409,7491
2,7902,65,0.0,1011,409,7493
8,7910,65,0.0,1012,409,7501
8,7918,65,0.0,1013,409,7509
12,7930,65,0.0,1014,409,7521
4,7934,65,0.0,1015,409,7525
4,7938,65,0.0,1016,409,7529
14,7952,65,0.0,1017,409,7543
14,7966,65,0.0,1018,409,7557
5,7971,65,0.0,1019,409,7562
2,7973,65,0.0,1020,409,7564
14,7987,65,0.0,1021,409,7578
4,7991,65,0.0,1022,409,7582
5,7996,65,0.0,1023,409,7587
4,8000,65,0.0,1024,409,7591
4,8004,65,0.0,1025,409,7595
12,8016,65,0.0,1026,409,7607
11,8027,65,0.0,1027,409,7618
8,8035,65,0.0,1028,409,7626
9,8044,65,0.0,1029,409,7635
12,8056,65,0.0,1030,409,7647
8,8064,65,0.0,1031,409,7655
14,8078,65,0.0,1032,409,7669
2,8080,65,0.0,1033,409,7671
2,8082,65,0.0,1034,409,7673
8,8090,65,0.0,1035,409,7681
9,8099,65,0.0,1036,409,7690
18,8117,65,0.0,1037,409,7708
2,8119,65,0.0,1038,409,7710
15,8134,65,0.0,1039,409,7725
4,8138,65,0.0,1040,409,7729
7,8145,65,0.0,1041,409,7736
5,8150,65,0.0,1042,409,7741
6,8156,65,0.0,1043,409,7747
2,8158,65,0.0,1044,409,7749
14,8172,66,1.0,1045,409,7763
5,8177,66,0.0,1046,409,7768
14,8191,67,1.0,1047,409,7782
3,8194,67,0.0,1048,409,7785
7,8201,67,0.0,1049,409,7792
3,8204,67,0.0,1050,409,7795
4,8208,67,0.0,1051,409,7799
4,8212,67,0.0,1052,409,7803
6,8218,67,0.0,1053,409,7809
6,8224,67,0.0,1054,409,7815
2,8226,67,0.0,1055,409,7817
4,8230,67,0.0,1056,409,7821
18,8248,67,0.0,1057,409,7839
10,8258,67,0.0,1058,409,7849
6,8264,67,0.0,1059,409,7855
6,8270,67,0.0,1060,409,7861
5,8275,67,0.0,1061,409,7866
11,8286,67,0.0,1062,409,7877
18,8304,67,0.0,1063,409,7895
12,8316,67,0.0,1064,409,7907
3,8319,67,0.0,1065,409,7910
3,8322,67,0.0,1066,409,7913
16,8338,67,0.0,1067,409,7929
2,8340,67,0.0,1068,409,7931
12,8352,67,0.0,1069,409,7943
7,8359,67,0.0,1070,409,7950
4,8363,67,0.0,1071,409,7954
6,8369,67,0.0,1072,409,7960
11,8380,67,0.0,1073,409,7971
3,8383,67,0.0,1074,409,7974
19,8402,67,0.0,1075,409,7993
12,8414,67,0.0,1076,409,8005
8,8422,67,0.0,1077,409,8013
10,8432,67,0.0,1078,409,8023
11,8443,67,0.0,1079,409,8034
5,8448,67,0.0,1080,409,8039
6,8454,67,0.0,1081,409,8045
12,8466,67,0.0,1082,409,8057
8,8474,67,0.0,1083,409,8065
9,8483,67,0.0,1084,409,8074
2,8485,67,0.0,1085,409,8076
14,8499,67,0.0,1086,409,8090
14,8513,68,1.0,1087,409,8104
8,8521,68,0.0,1088,409,8112
5,8526,68,0.0,1089,409,8117
5,8531,68,0.0,1090,409,8122
14,8545,68,0.0,1091,409,8136
6,8551,68,0.0,1092,409,8142
4,8555,68,0.0,1093,409,8146
2,8557,68,0.0,1094,409,8148
11,8568,68,0.0,1095,409,8159
8,8576,68,0.0,1096,409,8167
11,8587,68,0.0,1097,409,8178
2,8589,68,0.0,1098,409,8180
6,8595,68,0.0,1099,409,8186
6,8601,68,0.0,1100,409,8192
8,8609,68,0.0,1101,409,8200
6,8615,68,0.0,1102,409,8206
3,8618,68,0.0,1103,409,8209
5,8623,68,0.0,1104,409,8214
7,8630,68,0.0,1105,409,8221
2,8632,68,0.0,1106,409,8223
6,8638,68,0.0,1107,409,8229
9,8647,68,0.0,1108,409,8238
3,8650,68,0.0,1109,409,8241
7,8657,68,0.0,1110,409,8248
8,8665,68,0.0,1111,409,8256
2,8667,68,0.0,1112,409,8258
11,8678,68,0.0,1113,409,8269
8,8686,68,0.0,1114,409,8277
12,8698,68,0.0,1115,409,8289
14,8712,69,1.0,1116,409,8303
3,8715,69,0.0,1117,409,8306
4,8719,69,0.0,1118,409,8310
7,8726,69,0.0,1119,409,8317
4,8730,69,0.0,1120,409,8321
4,8734,69,0.0,1121,409,8325
8,8742,69,0.0,1122,409,8333
8,8750,69,0.0,1123,409,8341
9,8759,69,0.0,1124,409,8350
8,8767,69,0.0,1125,409,8358
4,8771,69,0.0,1126,409,8362
5,8776,69,0.0,1127,409,8367
5,8781,69,0.0,1128,409,8372
10,8791,69,0.0,1129,409,8382
11,8802,69,0.0,1130,409,8393
14,8816,69,0.0,1131,409,8407
4,8820,69,0.0,1132,409,8411
4,8824,69,0.0,1133,409,8415
3,8827,69,0.0,1134,409,8418
5,8832,69,0.0,1135,409,8423
2,8834,69,0.0,1136,409,8425
11,8845,69,0.0,1137,409,8436
6,8851,69,0.0,1138,409,8442
3,8854,69,0.0,1139,409,8445
8,8862,69,0.0,1140,409,8453
8,8870,69,0.0,1141,409,8461
2,8872,69,0.0,1142,409,8463
6,8878,69,0.0,1143,409,8469
14,8892,70,1.0,1144,409,8483
8,8900,70,0.0,1145,409,8491
2,8902,70,0.0,1146,409,8493
2,8904,70,0.0,1147,409,8495
19,8923,70,0.0,1148,409,8514
3,8926,70,0.0,1149,409,8517
6,8932,70,0.0,1150,409,8523
3,8935,70,0.0,1151,409,8526
9,8944,70,0.0,1152,409,8535
8,8952,70,0.0,1153,409,8543
3,8955,70,0.0,1154,409,8546
4,8959,70,0.0,1155,409,8550
9,8968,70,0.0,1156,409,8559
2,8970,70,0.0,1157,409,8561
3,8973,70,0.0,1158,409,8564
7,8980,70,0.0,1159,409,8571
8,8988,70,0.0,1160,409,8579
14,9002,70,0.0,1161,409,8593
2,9004,70,0.0,1162,409,8595
7,9011,70,0.0,1163,409,8602
5,9016,70,0.0,1164,409,8607
4,9020,70,0.0,1165,409,8611
33,9053,70,0.0,1166,409,8644
6,9059,70,0.0,1167,409,8650
6,9065,70,0.0,1168,409,8656
5,9070,70,0.0,1169,409,8661
2,9072,70,0.0,1170,409,8663
12,9084,70,0.0,1171,409,8675
7,9091,70,0.0,1172,409,8682
9,9100,70,0.0,1173,409,8691
9,9109,70,0.0,1174,409,8700
8,9117,70,0.0,1175,409,8708
2,9119,70,0.0,1176,409,8710
16,9135,70,0.0,1177,409,8726
2,9137,70,0.0,1178,409,8728
14,9151,70,0.0,1179,409,8742
25,9176,70,0.0,1180,409,8767
14,9190,71,1.0,1181,409,8781
8,9198,71,0.0,1182,409,8789
2,9200,71,0.0,1183,409,8791
2,9202,71,0.0,1184,409,8793
4,9206,71,0.0,1185,409,8797
5,9211,71,0.0,1186,409,8802
4,9215,71,0.0,1187,409,8806
2,9217,71,0.0,1188,409,8808
8,9225,71,0.0,1189,409,8816
4,9229,71,0.0,1190,409,8820
14,9243,72,1.0,1191,409,8834
2,9245,72,0.0,1192,409,8836
14,9259,72,0.0,1193,409,8850
11,9270,72,0.0,1194,409,8861
9,9279,72,0.0,1195,409,8870
14,9293,73,1.0,1196,409,8884
9,9302,73,0.0,1197,409,8893
8,9310,73,0.0,1198,409,8901
11,9321,73,0.0,1199,409,8912
5,9326,73,0.0,1200,409,8917
4,9330,73,0.0,1201,409,8921
9,9339,73,0.0,1202,409,8930
8,9347,73,0.0,1203,409,8938
8,9355,73,0.0,1204,409,8946
7,9362,73,0.0,1205,409,8953
12,9374,73,0.0,1206,409,8965
4,9378,73,0.0,1207,409,8969
6,9384,73,0.0,1208,409,8975
14,9398,73,0.0,1209,409,8989
4,9402,73,0.0,1210,409,8993
2,9404,73,0.0,1211,409,8995
3,9407,73,0.0,1212,409,8998
8,9415,73,0.0,1213,409,9006
11,9426,73,0.0,1214,409,9017
3,9429,73,0.0,1215,409,9020
8,9437,73,0.0,1216,409,9028
4,9441,73,0.0,1217,409,9032
5,9446,73,0.0,1218,409,9037
8,9454,73,0.0,1219,409,9045
2,9456,73,0.0,1220,409,9047
3,9459,73,0.0,1221,409,9050
2,9461,73,0.0,1222,409,9052
14,9475,73,0.0,1223,409,9066
8,9483,73,0.0,1224,409,9074
5,9488,73,0.0,1225,409,9079
14,9502,73,0.0,1226,409,9093
14,9516,74,1.0,1227,409,9107
10,9526,74,0.0,1228,409,9117
6,9532,74,0.0,1229,409,9123
7,9539,74,0.0,1230,409,9130
14,9553,75,1.0,1231,409,9144
19,9572,75,0.0,1232,409,9163
12,9584,75,0.0,1233,409,9175
2,9586,75,0.0,1234,409,9177
11,9597,75,0.0,1235,409,9188
8,9605,75,0.0,1236,409,9196
7,9612,75,0.0,1237,409,9203
9,9621,75,0.0,1238,409,9212
16,9637,75,0.0,1239,409,9228
4,9641,75,0.0,1240,409,9232
9,9650,75,0.0,1241,409,9241
17,9667,75,0.0,1242,409,9258
8,9675,75,0.0,1243,409,9266
4,9679,75,0.0,1244,409,9270
3,9682,75,0.0,1245,409,9273
13,9695,75,0.0,1246,409,9286
4,9699,75,0.0,1247,409,9290
15,9714,75,0.0,1248,409,9305
8,9722,75,0.0,1249,409,9313
3,9725,75,0.0,1250,409,9316
9,9734,75,0.0,1251,409,9325
2,9736,75,0.0,1252,409,9327
18,9754,75,0.0,1253,409,9345
5,9759,75,0.0,1254,409,9350
6,9765,75,0.0,1255,409,9356
12,9777,75,0.0,1256,409,9368
3,9780,75,0.0,1257,409,9371
2,9782,75,0.0,1258,409,9373
20,9802,75,0.0,1259,409,9393
4,9806,75,0.0,1260,409,9397
5,9811,75,0.0,1261,409,9402
12,9823,75,0.0,1262,409,9414
12,9835,75,0.0,1263,409,9426
8,9843,75,0.0,1264,409,9434
3,9846,75,0.0,1265,409,9437
8,9854,75,0.0,1266,409,9445
10,9864,75,0.0,1267,409,9455
3,9867,75,0.0,1268,409,9458
2,9869,75,0.0,1269,409,9460
7,9876,75,0.0,1270,409,9467
3,9879,75,0.0,1271,409,9470
10,9889,75,0.0,1272,409,9480
10,9899,75,0.0,1273,409,9490
9,9908,75,0.0,1274,409,9499
2,9910,75,0.0,1275,409,9501
2,9912,75,0.0,1276,409,9503
21,9933,75,0.0,1277,409,9524
4,9937,75,0.0,1278,409,9528
21,9958,75,0.0,1279,409,9549
9,9967,75,0.0,1280,409,9558
9,9976,75,0.0,1281,409,9567
8,9984,75,0.0,1282,409,9575
15,9999,75,0.0,1283,409,9590
2,10001,75,0.0,1284,409,9592
5,10006,75,0.0,1285,409,9597
4,10010,75,0.0,1286,409,9601
2,10012,75,0.0,1287,409,9603
3,10015,75,0.0,1288,409,9606
3,10018,75,0.0,1289,409,9609
6,10024,75,0.0,1290,409,9615
6,10030,75,0.0,1291,409,9621
10,10040,75,0.0,1292,409,9631
6,10046,75,0.0,1293,409,9637
6,10052,75,0.0,1294,409,9643
2,10054,75,0.0,1295,409,9645
6,10060,75,0.0,1296,409,9651
14,10074,75,0.0,1297,409,9665
4,10078,75,0.0,1298,409,9669
5,10083,75,0.0,1299,409,9674
10,10093,75,0.0,1300,409,9684
2,10095,75,0.0,1301,409,9686
8,10103,75,0.0,1302,409,9694
7,10110,75,0.0,1303,409,9701
2,10112,75,0.0,1304,409,9703
33,10145,75,0.0,1305,409,9736
2,10147,75,0.0,1306,409,9738
7,10154,75,0.0,1307,409,9745
29,10183,76,1.0,1308,409,9774
3,10186,76,0.0,1309,409,9777
5,10191,76,0.0,1310,409,9782
8,10199,76,0.0,1311,409,9790
2,10201,76,0.0,1312,409,9792
8,10209,76,0.0,1313,409,9800
7,10216,76,0.0,1314,409,9807
2,10218,76,0.0,1315,409,9809
10,10228,76,0.0,1316,409,9819
8,10236,76,0.0,1317,409,9827
7,10243,76,0.0,1318,409,9834
6,10249,76,0.0,1319,409,9840
5,10254,76,0.0,1320,409,9845
11,10265,76,0.0,1321,409,9856
2,10267,76,0.0,1322,409,9858
28,10295,76,0.0,1323,409,9886
5,10300,76,0.0,1324,409,9891
6,10306,76,0.0,1325,409,9897
14,10320,77,1.0,1326,409,9911
6,10326,77,0.0,1327,409,9917
6,10332,77,0.0,1328,409,9923
7,10339,77,0.0,1329,409,9930
12,10351,77,0.0,1330,409,9942
5,10356,77,0.0,1331,409,9947
9,10365,77,0.0,1332,409,9956
5,10370,77,0.0,1333,409,9961
6,10376,77,0.0,1334,409,9967
9,10385,77,0.0,1335,409,9976
12,10397,77,0.0,1336,409,9988
13,10410,77,0.0,1337,409,10001
2,10412,77,0.0,1338,409,10003
8,10420,77,0.0,1339,409,10011
9,10429,77,0.0,1340,409,10020
9,10438,77,0.0,1341,409,10029
3,10441,77,0.0,1342,409,10032
5,10446,77,0.0,1343,409,10037
5,10451,77,0.0,1344,409,10042
13,10464,77,0.0,1345,409,10055
12,10476,77,0.0,1346,409,10067
14,10490,77,0.0,1347,409,10081
8,10498,77,0.0,1348,409,10089
2,10500,77,0.0,1349,409,10091
3,10503,77,0.0,1350,409,10094
6,10509,77,0.0,1351,409,10100
14,10523,78,1.0,1352,409,10114
14,10537,79,1.0,1353,409,10128
4,10541,79,0.0,1354,409,10132
8,10549,79,0.0,1355,409,10140
18,10567,79,0.0,1356,409,10158
4,10571,79,0.0,1357,409,10162
2,10573,79,0.0,1358,409,10164
14,10587,80,1.0,1359,409,10178
6,10593,80,0.0,1360,409,10184
8,10601,80,0.0,1361,409,10192
7,10608,80,0.0,1362,409,10199
4,10612,80,0.0,1363,409,10203
5,10617,80,0.0,1364,409,10208
3,10620,80,0.0,1365,409,10211
12,10632,80,0.0,1366,409,10223
14,10646,81,1.0,1367,409,10237
2,10648,81,0.0,1368,409,10239
9,10657,81,0.0,1369,409,10248
20,10677,81,0.0,1370,409,10268
15,10692,82,1.0,1371,409,10283
8,10700,82,0.0,1372,409,10291
4,10704,82,0.0,1373,409,10295
2,10706,82,0.0,1374,409,10297
4,10710,82,0.0,1375,409,10301
15,10725,82,0.0,1376,409,10316
5,10730,82,0.0,1377,409,10321
4,10734,82,0.0,1378,409,10325
4,10738,82,0.0,1379,409,10329
3,10741,82,0.0,1380,409,10332
4,10745,82,0.0,1381,409,10336
5,10750,82,0.0,1382,409,10341
6,10756,82,0.0,1383,409,10347
7,10763,82,0.0,1384,409,10354
8,10771,82,0.0,1385,409,10362
12,10783,82,0.0,1386,409,10374
3,10786,82,0.0,1387,409,10377
11,10797,82,0.0,1388,409,10388
7,10804,82,0.0,1389,409,10395
8,10812,82,0.0,1390,409,10403
5,10817,82,0.0,1391,409,10408
6,10823,82,0.0,1392,409,10414
7,10830,82,0.0,1393,409,10421
7,10837,82,0.0,1394,409,10428
5,10842,82,0.0,1395,409,10433
7,10849,82,0.0,1396,409,10440
15,10864,82,0.0,1397,409,10455
8,10872,82,0.0,1398,409,10463
18,10890,82,0.0,1399,409,10481
3,10893,82,0.0,1400,409,10484
2,10895,82,0.0,1401,409,10486
2,10897,82,0.0,1402,409,10488
7,10904,82,0.0,1403,409,10495
14,10918,82,0.0,1404,409,10509
14,10932,82,0.0,1405,409,10523
6,10938,82,0.0,1406,409,10529
4,10942,82,0.0,1407,409,10533
4,10946,82,0.0,1408,409,10537
8,10954,82,0.0,1409,409,10545
7,10961,82,0.0,1410,409,10552
38,10999,82,0.0,1411,409,10590
8,11007,82,0.0,1412,409,10598
2,11009,82,0.0,1413,409,10600
2,11011,82,0.0,1414,409,10602
9,11020,82,0.0,1415,409,10611
7,11027,82,0.0,1416,409,10618
2,11029,82,0.0,1417,409,10620
6,11035,82,0.0,1418,409,10626
2,11037,82,0.0,1419,409,10628
15,11052,82,0.0,1420,409,10643
12,11064,82,0.0,1421,409,10655
5,11069,82,0.0,1422,409,10660
9,11078,82,0.0,1423,409,10669
12,11090,82,0.0,1424,409,10681
2,11092,82,0.0,1425,409,10683
17,11109,82,0.0,1426,409,10700
4,11113,82,0.0,1427,409,10704
2,11115,82,0.0,1428,409,10706
3,11118,82,0.0,1429,409,10709
6,11124,82,0.0,1430,409,10715
22,11146,82,0.0,1431,409,10737
7,11153,82,0.0,1432,409,10744
3,11156,82,0.0,1433,409,10747
14,11170,82,0.0,1434,409,10761
5,11175,82,0.0,1435,409,10766
3,11178,82,0.0,1436,409,10769
2,11180,82,0.0,1437,409,10771
2,11182,82,0.0,1438,409,10773
17,11199,82,0.0,1439,409,10790
3,11202,82,0.0,1440,409,10793
5,11207,82,0.0,1441,409,10798
6,11213,82,0.0,1442,409,10804
15,11228,82,0.0,1443,409,10819
2,11230,82,0.0,1444,409,10821
9,11239,82,0.0,1445,409,10830
8,11247,82,0.0,1446,409,10838
6,11253,82,0.0,1447,409,10844
7,11260,82,0.0,1448,409,10851
7,11267,82,0.0,1449,409,10858
6,11273,82,0.0,1450,409,10864
6,11279,82,0.0,1451,409,10870
6,11285,82,0.0,1452,409,10876
3,11288,82,0.0,1453,409,10879
7,11295,82,0.0,1454,409,10886
8,11303,82,0.0,1455,409,10894
4,11307,82,0.0,1456,409,10898
13,11320,82,0.0,1457,409,10911
4,11324,82,0.0,1458,409,10915
2,11326,82,0.0,1459,409,10917
2,11328,82,0.0,1460,409,10919
14,11342,82,0.0,1461,409,10933
11,11353,82,0.0,1462,409,10944
4,11357,82,0.0,1463,409,10948
2,11359,82,0.0,1464,409,10950
8,11367,82,0.0,1465,409,10958
5,11372,82,0.0,1466,409,10963
4,11376,82,0.0,1467,409,10967
2,11378,82,0.0,1468,409,10969
2,11380,82,0.0,1469,409,10971
2,11382,82,0.0,1470,409,10973
14,11396,82,0.0,1471,409,10987
12,11408,82,0.0,1472,409,10999
2,11410,82,0.0,1473,409,11001
2,11412,82,0.0,1474,409,11003
6,11418,82,0.0,1475,409,11009
17,11435,82,0.0,1476,409,11026
8,11443,82,0.0,1477,409,11034
2,11445,82,0.0,1478,409,11036
14,11459,83,1.0,1479,409,11050
5,11464,83,0.0,1480,409,11055
4,11468,83,0.0,1481,409,11059
2,11470,83,0.0,1482,409,11061
14,11484,83,0.0,1483,409,11075
13,11497,83,0.0,1484,409,11088
3,11500,83,0.0,1485,409,11091
7,11507,83,0.0,1486,409,11098
5,11512,83,0.0,1487,409,11103
8,11520,83,0.0,1488,409,11111
4,11524,83,0.0,1489,409,11115
9,11533,83,0.0,1490,409,11124
5,11538,83,0.0,1491,409,11129
2,11540,83,0.0,1492,409,11131
4,11544,83,0.0,1493,409,11135
13,11557,83,0.0,1494,409,11148
2,11559,83,0.0,1495,409,11150
12,11571,83,0.0,1496,409,11162
5,11576,83,0.0,1497,409,11167
11,11587,83,0.0,1498,409,11178
12,11599,83,0.0,1499,409,11190
8,11607,83,0.0,1500,409,11198
3,11610,83,0.0,1501,409,11201
11,11621,83,0.0,1502,409,11212
11,11632,83,0.0,1503,409,11223
3,11635,83,0.0,1504,409,11226
8,11643,83,0.0,1505,409,11234
6,11649,83,0.0,1506,409,11240
10,11659,83,0.0,1507,409,11250
3,11662,83,0.0,1508,409,11253
5,11667,83,0.0,1509,409,11258
21,11688,83,0.0,1510,409,11279
5,11693,83,0.0,1511,409,11284
7,11700,83,0.0,1512,409,11291
8,11708,83,0.0,1513,409,11299
2,11710,83,0.0,1514,409,11301
11,11721,83,0.0,1515,409,11312
9,11730,83,0.0,1516,409,11321
2,11732,83,0.0,1517,409,11323
3,11735,83,0.0,1518,409,11326
7,11742,83,0.0,1519,409,11333
10,11752,83,0.0,1520,409,11343
13,11765,83,0.0,1521,409,11356
6,11771,83,0.0,1522,409,11362
13,11784,83,0.0,1523,409,11375
13,11797,83,0.0,1524,409,11388
4,11801,83,0.0,1525,409,11392
3,11804,83,0.0,1526,409,11395
12,11816,83,0.0,1527,409,11407
2,11818,83,0.0,1528,409,11409
3,11821,83,0.0,1529,409,11412
2,11823,83,0.0,1530,409,11414
16,11839,83,0.0,1531,409,11430
7,11846,83,0.0,1532,409,11437
14,11860,83,0.0,1533,409,11451
8,11868,83,0.0,1534,409,11459
8,11876,83,0.0,1535,409,11467
4,11880,83,0.0,1536,409,11471
6,11886,83,0.0,1537,409,11477
6,11892,83,0.0,1538,409,11483
2,11894,83,0.0,1539,409,11485
4,11898,83,0.0,1540,409,11489
14,11912,83,0.0,1541,409,11503
16,11928,83,0.0,1542,409,11519
7,11935,83,0.0,1543,409,11526
15,11950,83,0.0,1544,409,11541
12,11962,83,0.0,1545,409,11553
8,11970,83,0.0,1546,409,11561
14,11984,84,1.0,1547,409,11575
5,11989,84,0.0,1548,409,11580
8,11997,84,0.0,1549,409,11588
8,12005,84,0.0,1550,409,11596
15,12020,84,0.0,1551,409,11611
2,12022,84,0.0,1552,409,11613
8,12030,84,0.0,1553,409,11621
4,12034,84,0.0,1554,409,11625
10,12044,84,0.0,1555,409,11635
8,12052,84,0.0,1556,409,11643
2,12054,84,0.0,1557,409,11645
11,12065,84,0.0,1558,409,11656
6,12071,84,0.0,1559,409,11662
4,12075,84,0.0,1560,409,11666
7,12082,84,0.0,1561,409,11673
14,12096,84,0.0,1562,409,11687
6,12102,84,0.0,1563,409,11693
4,12106,84,0.0,1564,409,11697
14,12120,85,1.0,1565,409,11711
15,12135,85,0.0,1566,409,11726
3,12138,85,0.0,1567,409,11729
8,12146,85,0.0,1568,409,11737
7,12153,85,0.0,1569,409,11744
4,12157,85,0.0,1570,409,11748
5,12162,85,0.0,1571,409,11753
4,12166,85,0.0,1572,409,11757
3,12169,85,0.0,1573,409,11760
8,12177,85,0.0,1574,409,11768
14,12191,86,1.0,1575,409,11782
2,12193,86,0.0,1576,409,11784
2,12195,86,0.0,1577,409,11786
4,12199,86,0.0,1578,409,11790
7,12206,86,0.0,1579,409,11797
14,12220,86,0.0,1580,409,11811
8,12228,86,0.0,1581,409,11819
4,12232,86,0.0,1582,409,11823
2,12234,86,0.0,1583,409,11825
17,12251,86,0.0,1584,409,11842
5,12256,86,0.0,1585,409,11847
18,12274,86,0.0,1586,409,11865
8,12282,86,0.0,1587,409,11873
2,12284,86,0.0,1588,409,11875
5,12289,86,0.0,1589,409,11880
18,12307,86,0.0,1590,409,11898
14,12321,86,0.0,1591,409,11912
2,12323,86,0.0,1592,409,11914
6,12329,86,0.0,1593,409,11920
14,12343,87,1.0,1594,409,11934
2,12345,87,0.0,1595,409,11936
8,12353,87,0.0,1596,409,11944
14,12367,87,0.0,1597,409,11958
8,12375,87,0.0,1598,409,11966
6,12381,87,0.0,1599,409,11972
12,12393,87,0.0,1600,409,11984
24,12417,87,0.0,1601,409,12008
5,12422,87,0.0,1602,409,12013
6,12428,87,0.0,1603,409,12019
11,12439,87,0.0,1604,409,12030
6,12445,87,0.0,1605,409,12036
3,12448,87,0.0,1606,409,12039
7,12455,87,0.0,1607,409,12046
8,12463,87,0.0,1608,409,12054
10,12473,87,0.0,1609,409,12064
14,12487,88,1.0,1610,409,12078
10,12497,88,0.0,1611,409,12088
2,12499,88,0.0,1612,409,12090
8,12507,88,0.0,1613,409,12098
14,12521,88,0.0,1614,409,12112
7,12528,88,0.0,1615,409,12119
12,12540,88,0.0,1616,409,12131
6,12546,88,0.0,1617,409,12137
6,12552,88,0.0,1618,409,12143
5,12557,88,0.0,1619,409,12148
6,12563,88,0.0,1620,409,12154
4,12567,88,0.0,1621,409,12158
7,12574,88,0.0,1622,409,12165
4,12578,88,0.0,1623,409,12169
5,12583,88,0.0,1624,409,12174
3,12586,88,0.0,1625,409,12177
4,12590,88,0.0,1626,409,12181
2,12592,88,0.0,1627,409,12183
3,12595,88,0.0,1628,409,12186
5,12600,88,0.0,1629,409,12191
3,12603,88,0.0,1630,409,12194
8,12611,88,0.0,1631,409,12202
4,12615,88,0.0,1632,409,12206
6,12621,88,0.0,1633,409,12212
8,12629,88,0.0,1634,409,12220
3,12632,88,0.0,1635,409,12223
4,12636,88,0.0,1636,409,12227
8,12644,88,0.0,1637,409,12235
12,12656,88,0.0,1638,409,12247
6,12662,88,0.0,1639,409,12253
4,12666,88,0.0,1640,409,12257
14,12680,88,0.0,1641,409,12271
5,12685,88,0.0,1642,409,12276
2,12687,88,0.0,1643,409,12278
3,12690,88,0.0,1644,409,12281
7,12697,88,0.0,1645,409,12288
5,12702,88,0.0,1646,409,12293
2,12704,88,0.0,1647,409,12295
19,12723,88,0.0,1648,409,12314
14,12737,89,1.0,1649,409,12328
9,12746,89,0.0,1650,409,12337
3,12749,89,0.0,1651,409,12340
2,12751,89,0.0,1652,409,12342
5,12756,89,0.0,1653,409,12347
7,12763,89,0.0,1654,409,12354
3,12766,89,0.0,1655,409,12357
5,12771,89,0.0,1656,409,12362
5,12776,89,0.0,1657,409,12367
5,12781,89,0.0,1658,409,12372
5,12786,89,0.0,1659,409,12377
11,12797,89,0.0,1660,409,12388
8,12805,89,0.0,1661,409,12396
12,12817,89,0.0,1662,409,12408
7,12824,89,0.0,1663,409,12415
4,12828,89,0.0,1664,409,12419
35,12863,89,0.0,1665,409,12454
2,12865,89,0.0,1666,409,12456
14,12879,89,0.0,1667,409,12470
2,12881,89,0.0,1668,409,12472
5,12886,89,0.0,1669,409,12477
7,12893,89,0.0,1670,409,12484
9,12902,89,0.0,1671,409,12493
9,12911,89,0.0,1672,409,12502
5,12916,89,0.0,1673,409,12507
5,12921,89,0.0,1674,409,12512
8,12929,89,0.0,1675,409,12520
6,12935,89,0.0,1676,409,12526
8,12943,89,0.0,1677,409,12534
13,12956,89,0.0,1678,409,12547
5,12961,89,0.0,1679,409,12552
17,12978,89,0.0,1680,409,12569
2,12980,89,0.0,1681,409,12571
5,12985,89,0.0,1682,409,12576
14,12999,89,0.0,1683,409,12590
4,13003,89,0.0,1684,409,12594
2,13005,89,0.0,1685,409,12596
5,13010,89,0.0,1686,409,12601
12,13022,89,0.0,1687,409,12613
2,13024,89,0.0,1688,409,12615
9,13033,89,0.0,1689,409,12624
2,13035,89,0.0,1690,409,12626
6,13041,89,0.0,1691,409,12632
15,13056,90,1.0,1692,409,12647
24,13080,90,0.0,1693,409,12671
3,13083,90,0.0,1694,409,12674
2,13085,90,0.0,1695,409,12676
10,13095,90,0.0,1696,409,12686
3,13098,90,0.0,1697,409,12689
5,13103,90,0.0,1698,409,12694
9,13112,90,0.0,1699,409,12703
11,13123,90,0.0,1700,409,12714
16,13139,90,0.0,1701,409,12730
6,13145,90,0.0,1702,409,12736
2,13147,90,0.0,1703,409,12738
8,13155,90,0.0,1704,409,12746
6,13161,90,0.0,1705,409,12752
4,13165,90,0.0,1706,409,12756
3,13168,90,0.0,1707,409,12759
5,13173,90,0.0,1708,409,12764
7,13180,90,0.0,1709,409,12771
4,13184,90,0.0,1710,409,12775
14,13198,91,1.0,1711,409,12789
2,13200,91,0.0,1712,409,12791
9,13209,91,0.0,1713,409,12800
14,13223,91,0.0,1714,409,12814
2,13225,91,0.0,1715,409,12816
18,13243,91,0.0,1716,409,12834
11,13254,91,0.0,1717,409,12845
2,13256,91,0.0,1718,409,12847
8,13264,91,0.0,1719,409,12855
3,13267,91,0.0,1720,409,12858
3,13270,91,0.0,1721,409,12861
8,13278,91,0.0,1722,409,12869
7,13285,91,0.0,1723,409,12876
3,13288,91,0.0,1724,409,12879
2,13290,91,0.0,1725,409,12881
15,13305,91,0.0,1726,409,12896
7,13312,91,0.0,1727,409,12903
7,13319,91,0.0,1728,409,12910
13,13332,91,0.0,1729,409,12923
4,13336,91,0.0,1730,409,12927
4,13340,91,0.0,1731,409,12931
7,13347,91,0.0,1732,409,12938
8,13355,91,0.0,1733,409,12946
3,13358,91,0.0,1734,409,12949
7,13365,91,0.0,1735,409,12956
2,13367,91,0.0,1736,409,12958
2,13369,91,0.0,1737,409,12960
2,13371,91,0.0,1738,409,12962
4,13375,91,0.0,1739,409,12966
5,13380,91,0.0,1740,409,12971
8,13388,91,0.0,1741,409,12979
2,13390,91,0.0,1742,409,12981
7,13397,91,0.0,1743,409,12988
22,13419,91,0.0,1744,409,13010
2,13421,91,0.0,1745,409,13012
2,13423,91,0.0,1746,409,13014
10,13433,91,0.0,1747,409,13024
15,13448,91,0.0,1748,409,13039
5,13453,91,0.0,1749,409,13044
5,13458,91,0.0,1750,409,13049
18,13476,91,0.0,1751,409,13067
2,13478,91,0.0,1752,409,13069
4,13482,91,0.0,1753,409,13073
2,13484,91,0.0,1754,409,13075
18,13502,91,0.0,1755,409,13093
15,13517,92,1.0,1756,409,13108
6,13523,92,0.0,1757,409,13114
8,13531,92,0.0,1758,409,13122
17,13548,92,0.0,1759,409,13139
7,13555,92,0.0,1760,409,13146
5,13560,92,0.0,1761,409,13151
2,13562,92,0.0,1762,409,13153
7,13569,92,0.0,1763,409,13160
2,13571,92,0.0,1764,409,13162
2,13573,92,0.0,1765,409,13164
2,13575,92,0.0,1766,409,13166
8,13583,92,0.0,1767,409,13174
5,13588,92,0.0,1768,409,13179
3,13591,92,0.0,1769,409,13182
4,13595,92,0.0,1770,409,13186
2,13597,92,0.0,1771,409,13188
7,13604,92,0.0,1772,409,13195
2,13606,92,0.0,1773,409,13197
4,13610,92,0.0,1774,409,13201
16,13626,92,0.0,1775,409,13217
13,13639,92,0.0,1776,409,13230
3,13642,92,0.0,1777,409,13233
2,13644,92,0.0,1778,409,13235
12,13656,92,0.0,1779,409,13247
2,13658,92,0.0,1780,409,13249
5,13663,92,0.0,1781,409,13254
10,13673,92,0.0,1782,409,13264
9,13682,92,0.0,1783,409,13273
7,13689,92,0.0,1784,409,13280
2,13691,92,0.0,1785,409,13282
3,13694,92,0.0,1786,409,13285
16,13710,92,0.0,1787,409,13301
2,13712,92,0.0,1788,409,13303
6,13718,92,0.0,1789,409,13309
8,13726,92,0.0,1790,409,13317
21,13747,92,0.0,1791,409,13338
10,13757,92,0.0,1792,409,13348
3,13760,92,0.0,1793,409,13351
7,13767,92,0.0,1794,409,13358
9,13776,92,0.0,1795,409,13367
3,13779,92,0.0,1796,409,13370
2,13781,92,0.0,1797,409,13372
14,13795,92,0.0,1798,409,13386
11,13806,92,0.0,1799,409,13397
2,13808,92,0.0,1800,409,13399
3,13811,92,0.0,1801,409,13402
8,13819,92,0.0,1802,409,13410
8,13827,92,0.0,1803,409,13418
12,13839,92,0.0,1804,409,13430
4,13843,92,0.0,1805,409,13434
4,13847,92,0.0,1806,409,13438
5,13852,92,0.0,1807,409,13443
2,13854,92,0.0,1808,409,13445
7,13861,92,0.0,1809,409,13452
3,13864,92,0.0,1810,409,13455
5,13869,92,0.0,1811,409,13460
4,13873,92,0.0,1812,409,13464
6,13879,92,0.0,1813,409,13470
5,13884,92,0.0,1814,409,13475
8,13892,92,0.0,1815,409,13483
9,13901,92,0.0,1816,409,13492
5,13906,92,0.0,1817,409,13497
5,13911,92,0.0,1818,409,13502
4,13915,92,0.0,1819,409,13506
17,13932,92,0.0,1820,409,13523
2,13934,92,0.0,1821,409,13525
3,13937,92,0.0,1822,409,13528
4,13941,92,0.0,1823,409,13532
6,13947,92,0.0,1824,409,13538
2,13949,92,0.0,1825,409,13540
7,13956,92,0.0,1826,409,13547
14,13970,92,0.0,1827,409,13561
13,13983,92,0.0,1828,409,13574
10,13993,92,0.0,1829,409,13584
14,14007,92,0.0,1830,409,13598
3,14010,92,0.0,1831,409,13601
6,14016,92,0.0,1832,409,13607
17,14033,92,0.0,1833,409,13624
2,14035,92,0.0,1834,409,13626
7,14042,92,0.0,1835,409,13633
9,14051,92,0.0,1836,409,13642
2,14053,92,0.0,1837,409,13644
7,14060,92,0.0,1838,409,13651
2,14062,92,0.0,1839,409,13653
6,14068,92,0.0,1840,409,13659
3,14071,92,0.0,1841,409,13662
5,14076,92,0.0,1842,409,13667
6,14082,92,0.0,1843,409,13673
2,14084,92,0.0,1844,409,13675
3,14087,92,0.0,1845,409,13678
9,14096,92,0.0,1846,409,13687
4,14100,92,0.0,1847,409,13691
7,14107,92,0.0,1848,409,13698
4,14111,92,0.0,1849,409,13702
3,14114,92,0.0,1850,409,13705
3,14117,92,0.0,1851,409,13708
2,14119,92,0.0,1852,409,13710
5,14124,92,0.0,1853,409,13715
3,14127,92,0.0,1854,409,13718
2,14129,92,0.0,1855,409,13720
14,14143,93,1.0,1856,409,13734
3,14146,93,0.0,1857,409,13737
4,14150,93,0.0,1858,409,13741
2,14152,93,0.0,1859,409,13743
3,14155,93,0.0,1860,409,13746
6,14161,93,0.0,1861,409,13752
2,14163,93,0.0,1862,409,13754
2,14165,93,0.0,1863,409,13756
7,14172,93,0.0,1864,409,13763
7,14179,93,0.0,1865,409,13770
2,14181,93,0.0,1866,409,13772
5,14186,93,0.0,1867,409,13777
18,14204,93,0.0,1868,409,13795
8,14212,93,0.0,1869,409,13803
4,14216,93,0.0,1870,409,13807
6,14222,93,0.0,1871,409,13813
8,14230,93,0.0,1872,409,13821
6,14236,93,0.0,1873,409,13827
2,14238,93,0.0,1874,409,13829
3,14241,93,0.0,1875,409,13832
2,14243,93,0.0,1876,409,13834
5,14248,93,0.0,1877,409,13839
3,14251,93,0.0,1878,409,13842
2,14253,93,0.0,1879,409,13844
2,14255,93,0.0,1880,409,13846
8,14263,93,0.0,1881,409,13854
17,14280,93,0.0,1882,409,13871
2,14282,93,0.0,1883,409,13873
2,14284,93,0.0,1884,409,13875
11,14295,93,0.0,1885,409,13886
3,14298,93,0.0,1886,409,13889
2,14300,93,0.0,1887,409,13891
6,14306,93,0.0,1888,409,13897
17,14323,93,0.0,1889,409,13914
9,14332,93,0.0,1890,409,13923
2,14334,93,0.0,1891,409,13925
4,14338,93,0.0,1892,409,13929
8,14346,93,0.0,1893,409,13937
3,14349,93,0.0,1894,409,13940
10,14359,93,0.0,1895,409,13950
15,14374,94,1.0,1896,409,13965
2,14376,94,0.0,1897,409,13967
4,14380,94,0.0,1898,409,13971
10,14390,94,0.0,1899,409,13981
9,14399,94,0.0,1900,409,13990
9,14408,94,0.0,1901,409,13999
7,14415,94,0.0,1902,409,14006
14,14429,95,1.0,1903,409,14020
2,14431,95,0.0,1904,409,14022
8,14439,95,0.0,1905,409,14030
4,14443,95,0.0,1906,409,14034
2,14445,95,0.0,1907,409,14036
2,14447,95,0.0,1908,409,14038
18,14465,95,0.0,1909,409,14056
6,14471,95,0.0,1910,409,14062
11,14482,95,0.0,1911,409,14073
6,14488,95,0.0,1912,409,14079
8,14496,95,0.0,1913,409,14087
4,14500,95,0.0,1914,409,14091
5,14505,95,0.0,1915,409,14096
2,14507,95,0.0,1916,409,14098
2,14509,95,0.0,1917,409,14100
27,14536,96,1.0,1918,409,14127
9,14545,96,0.0,1919,409,14136
9,14554,96,0.0,1920,409,14145
12,14566,96,0.0,1921,409,14157
14,14580,96,0.0,1922,409,14171
5,14585,96,0.0,1923,409,14176
6,14591,96,0.0,1924,409,14182
2,14593,96,0.0,1925,409,14184
10,14603,96,0.0,1926,409,14194
7,14610,96,0.0,1927,409,14201
5,14615,96,0.0,1928,409,14206
2,14617,96,0.0,1929,409,14208
2,14619,96,0.0,1930,409,14210
16,14635,96,0.0,1931,409,14226
8,14643,96,0.0,1932,409,14234
11,14654,96,0.0,1933,409,14245
2,14656,96,0.0,1934,409,14247
3,14659,96,0.0,1935,409,14250
2,14661,96,0.0,1936,409,14252
3,14664,96,0.0,1937,409,14255
8,14672,96,0.0,1938,409,14263
8,14680,96,0.0,1939,409,14271
2,14682,96,0.0,1940,409,14273
9,14691,96,0.0,1941,409,14282
3,14694,96,0.0,1942,409,14285
16,14710,96,0.0,1943,409,14301
8,14718,96,0.0,1944,409,14309
6,14724,96,0.0,1945,409,14315
2,14726,96,0.0,1946,409,14317
7,14733,96,0.0,1947,409,14324
7,14740,96,0.0,1948,409,14331
27,14767,96,0.0,1949,409,14358
12,14779,96,0.0,1950,409,14370
4,14783,96,0.0,1951,409,14374
14,14797,96,0.0,1952,409,14388
12,14809,96,0.0,1953,409,14400
10,14819,96,0.0,1954,409,14410
8,14827,97,1.0,1955,409,14418
4,14831,97,0.0,1956,409,14422
3,14834,97,0.0,1957,409,14425
4,14838,97,0.0,1958,409,14429
7,14845,97,0.0,1959,409,14436
12,14857,97,0.0,1960,409,14448
4,14861,97,0.0,1961,409,14452
9,14870,97,0.0,1962,409,14461
2,14872,97,0.0,1963,409,14463
2,14874,97,0.0,1964,409,14465
7,14881,97,0.0,1965,409,14472
5,14886,97,0.0,1966,409,14477
5,14891,97,0.0,1967,409,14482
4,14895,97,0.0,1968,409,14486
9,14904,97,0.0,1969,409,14495
5,14909,97,0.0,1970,409,14500
9,14918,97,0.0,1971,409,14509
7,14925,97,0.0,1972,409,14516
3,14928,97,0.0,1973,409,14519
10,14938,97,0.0,1974,409,14529
7,14945,97,0.0,1975,409,14536
8,14953,97,0.0,1976,409,14544
2,14955,97,0.0,1977,409,14546
12,14967,97,0.0,1978,409,14558
15,14982,97,0.0,1979,409,14573
5,14987,97,0.0,1980,409,14578
8,14995,97,0.0,1981,409,14586
3,14998,97,0.0,1982,409,14589
10,15008,97,0.0,1983,409,14599
5,15013,97,0.0,1984,409,14604
7,15020,97,0.0,1985,409,14611
2,15022,97,0.0,1986,409,14613
4,15026,97,0.0,1987,409,14617
8,15034,97,0.0,1988,409,14625
7,15041,97,0.0,1989,409,14632
8,15049,97,0.0,1990,409,14640
10,15059,97,0.0,1991,409,14650
6,15065,97,0.0,1992,409,14656
7,15072,97,0.0,1993,409,14663
2,15074,97,0.0,1994,409,14665
6,15080,97,0.0,1995,409,14671
5,15085,97,0.0,1996,409,14676
2,15087,97,0.0,1997,409,14678
2,15089,97,0.0,1998,409,14680
12,15101,97,0.0,1999,409,14692
2,15103,97,0.0,2000,409,14694
14,15117,97,0.0,2001,409,14708
3,15120,97,0.0,2002,409,14711
10,15130,97,0.0,2003,409,14721
9,15139,97,0.0,2004,409,14730
2,15141,97,0.0,2005,409,14732
4,15145,97,0.0,2006,409,14736
3,15148,97,0.0,2007,409,14739
4,15152,97,0.0,2008,409,14743
19,15171,97,0.0,2009,409,14762
7,15178,97,0.0,2010,409,14769
16,15194,97,0.0,2011,409,14785
4,15198,97,0.0,2012,409,14789
21,15219,97,0.0,2013,409,14810
6,15225,97,0.0,2014,409,14816
2,15227,97,0.0,2015,409,14818
4,15231,97,0.0,2016,409,14822
4,15235,97,0.0,2017,409,14826
5,15240,97,0.0,2018,409,14831
3,15243,97,0.0,2019,409,14834
3,15246,97,0.0,2020,409,14837
2,15248,97,0.0,2021,409,14839
4,15252,97,0.0,2022,409,14843
10,15262,97,0.0,2023,409,14853
10,15272,97,0.0,2024,409,14863
4,15276,97,0.0,2025,409,14867
8,15284,97,0.0,2026,409,14875
9,15293,97,0.0,2027,409,14884
8,15301,97,0.0,2028,409,14892
2,15303,97,0.0,2029,409,14894
5,15308,97,0.0,2030,409,14899
4,15312,97,0.0,2031,409,14903
8,15320,97,0.0,2032,409,14911
24,15344,98,1.0,2033,409,14935
12,15356,98,0.0,2034,409,14947
2,15358,98,0.0,2035,409,14949
17,15375,98,0.0,2036,409,14966
10,15385,98,0.0,2037,409,14976
9,15394,98,0.0,2038,409,14985
5,15399,98,0.0,2039,409,14990
2,15401,98,0.0,2040,409,14992
5,15406,98,0.0,2041,409,14997
2,15408,98,0.0,2042,409,14999
7,15415,98,0.0,2043,409,15006
8,15423,98,0.0,2044,409,15014
2,15425,98,0.0,2045,409,15016
3,15428,98,0.0,2046,409,15019
8,15436,98,0.0,2047,409,15027
9,15445,98,0.0,2048,409,15036
7,15452,98,0.0,2049,409,15043
5,15457,98,0.0,2050,409,15048
7,15464,98,0.0,2051,409,15055
5,15469,98,0.0,2052,409,15060
4,15473,98,0.0,2053,409,15064
2,15475,98,0.0,2054,409,15066
6,15481,98,0.0,2055,409,15072
6,15487,98,0.0,2056,409,15078
7,15494,98,0.0,2057,409,15085
2,15496,98,0.0,2058,409,15087
4,15500,98,0.0,2059,409,15091
12,15512,98,0.0,2060,409,15103
3,15515,98,0.0,2061,409,15106
8,15523,98,0.0,2062,409,15114
10,15533,98,0.0,2063,409,15124
42,15575,99,1.0,2064,409,15166
11,15586,99,0.0,2065,409,15177
5,15591,99,0.0,2066,409,15182
3,15594,99,0.0,2067,409,15185
8,15602,99,0.0,2068,409,15193
4,15606,99,0.0,2069,409,15197
14,15620,99,0.0,2070,409,15211
10,15630,99,0.0,2071,409,15221
5,15635,99,0.0,2072,409,15226
3,15638,99,0.0,2073,409,15229
3,15641,99,0.0,2074,409,15232
4,15645,99,0.0,2075,409,15236
18,15663,99,0.0,2076,409,15254
2,15665,99,0.0,2077,409,15256
7,15672,99,0.0,2078,409,15263
7,15679,99,0.0,2079,409,15270
22,15701,99,0.0,2080,409,15292
10,15711,99,0.0,2081,409,15302
3,15714,99,0.0,2082,409,15305
8,15722,99,0.0,2083,409,15313
6,15728,99,0.0,2084,409,15319
2,15730,99,0.0,2085,409,15321
31,15761,99,0.0,2086,409,15352
5,15766,99,0.0,2087,409,15357
7,15773,99,0.0,2088,409,15364
5,15778,99,0.0,2089,409,15369
6,15784,99,0.0,2090,409,15375
14,15798,99,0.0,2091,409,15389
2,15800,99,0.0,2092,409,15391
8,15808,99,0.0,2093,409,15399
9,15817,99,0.0,2094,409,15408
12,15829,99,0.0,2095,409,15420
10,15839,99,0.0,2096,409,15430
8,15847,99,0.0,2097,409,15438
8,15855,99,0.0,2098,409,15446
2,15857,99,0.0,2099,409,15448
8,15865,99,0.0,2100,409,15456
2,15867,99,0.0,2101,409,15458
6,15873,99,0.0,2102,409,15464
7,15880,99,0.0,2103,409,15471
8,15888,99,0.0,2104,409,15479
5,15893,99,0.0,2105,409,15484
9,15902,99,0.0,2106,409,15493
7,15909,99,0.0,2107,409,15500
4,15913,99,0.0,2108,409,15504
14,15927,99,0.0,2109,409,15518
2,15929,99,0.0,2110,409,15520
12,15941,99,0.0,2111,409,15532
2,15943,99,0.0,2112,409,15534
8,15951,99,0.0,2113,409,15542
13,15964,99,0.0,2114,409,15555
6,15970,99,0.0,2115,409,15561
3,15973,99,0.0,2116,409,15564
8,15981,99,0.0,2117,409,15572
45,16026,99,0.0,2118,409,15617
7,16033,99,0.0,2119,409,15624
8,16041,99,0.0,2120,409,15632
9,16050,99,0.0,2121,409,15641
13,16063,99,0.0,2122,409,15654
6,16069,99,0.0,2123,409,15660
13,16082,99,0.0,2124,409,15673
17,16099,99,0.0,2125,409,15690
4,16103,99,0.0,2126,409,15694
6,16109,99,0.0,2127,409,15700
9,16118,99,0.0,2128,409,15709
14,16132,100,1.0,2129,409,15723
9,16141,100,0.0,2130,409,15732
4,16145,100,0.0,2131,409,15736
4,16149,100,0.0,2132,409,15740
23,16172,100,0.0,2133,409,15763
2,16174,100,0.0,2134,409,15765
9,16183,100,0.0,2135,409,15774
8,16191,100,0.0,2136,409,15782
14,16205,100,0.0,2137,409,15796
6,16211,100,0.0,2138,409,15802
15,16226,100,0.0,2139,409,15817
2,16228,100,0.0,2140,409,15819
10,16238,100,0.0,2141,409,15829
2,16240,100,0.0,2142,409,15831
11,16251,100,0.0,2143,409,15842
3,16254,100,0.0,2144,409,15845
5,16259,100,0.0,2145,409,15850
2,16261,100,0.0,2146,409,15852
4,16265,100,0.0,2147,409,15856
2,16267,100,0.0,2148,409,15858
2,16269,100,0.0,2149,409,15860
8,16277,100,0.0,2150,409,15868
4,16281,100,0.0,2151,409,15872
8,16289,100,0.0,2152,409,15880
2,16291,100,0.0,2153,409,15882
4,16295,100,0.0,2154,409,15886
13,16308,100,0.0,2155,409,15899
8,16316,100,0.0,2156,409,15907
2,16318,100,0.0,2157,409,15909
7,16325,100,0.0,2158,409,15916
7,16332,100,0.0,2159,409,15923
7,16339,100,0.0,2160,409,15930
4,16343,100,0.0,2161,409,15934
10,16353,100,0.0,2162,409,15944
2,16355,100,0.0,2163,409,15946
4,16359,100,0.0,2164,409,15950
2,16361,100,0.0,2165,409,15952
2,16363,100,0.0,2166,409,15954
25,16388,100,0.0,2167,409,15979
5,16393,100,0.0,2168,409,15984
4,16397,100,0.0,2169,409,15988
14,16411,100,0.0,2170,409,16002
8,16419,100,0.0,2171,409,16010
6,16425,100,0.0,2172,409,16016
6,16431,100,0.0,2173,409,16022
6,16437,100,0.0,2174,409,16028
2,16439,100,0.0,2175,409,16030
6,16445,100,0.0,2176,409,16036
11,16456,100,0.0,2177,409,16047
9,16465,100,0.0,2178,409,16056
7,16472,100,0.0,2179,409,16063
21,16493,100,0.0,2180,409,16084
12,16505,100,0.0,2181,409,16096
14,16519,100,0.0,2182,409,16110
43,16562,100,0.0,2183,409,16153
8,16570,101,1.0,2184,409,16161
17,16587,101,0.0,2185,409,16178
15,16602,101,0.0,2186,409,16193
15,16617,101,0.0,2187,409,16208
10,16627,101,0.0,2188,409,16218
5,16632,101,0.0,2189,409,16223
6,16638,101,0.0,2190,409,16229
3,16641,101,0.0,2191,409,16232
12,16653,101,0.0,2192,409,16244
4,16657,101,0.0,2193,409,16248
8,16665,101,0.0,2194,409,16256
5,16670,101,0.0,2195,409,16261
8,16678,101,0.0,2196,409,16269
5,16683,101,0.0,2197,409,16274
12,16695,101,0.0,2198,409,16286
10,16705,101,0.0,2199,409,16296
2,16707,101,0.0,2200,409,16298
3,16710,101,0.0,2201,409,16301
9,16719,101,0.0,2202,409,16310
2,16721,101,0.0,2203,409,16312
8,16729,101,0.0,2204,409,16320
2,16731,101,0.0,2205,409,16322
4,16735,101,0.0,2206,409,16326
14,16749,101,0.0,2207,409,16340
20,16769,101,0.0,2208,409,16360
12,16781,101,0.0,2209,409,16372
3,16784,101,0.0,2210,409,16375
10,16794,101,0.0,2211,409,16385
7,16801,101,0.0,2212,409,16392
8,16809,101,0.0,2213,409,16400
7,16816,101,0.0,2214,409,16407
13,16829,101,0.0,2215,409,16420
8,16837,101,0.0,2216,409,16428
18,16855,101,0.0,2217,409,16446
4,16859,101,0.0,2218,409,16450
14,16873,102,1.0,2219,409,16464
8,16881,102,0.0,2220,409,16472
8,16889,102,0.0,2221,409,16480
6,16895,102,0.0,2222,409,16486
7,16902,102,0.0,2223,409,16493
17,16919,102,0.0,2224,409,16510
5,16924,102,0.0,2225,409,16515
14,16938,102,0.0,2226,409,16529
4,16942,102,0.0,2227,409,16533
5,16947,102,0.0,2228,409,16538
2,16949,102,0.0,2229,409,16540
8,16957,102,0.0,2230,409,16548
3,16960,102,0.0,2231,409,16551
2,16962,102,0.0,2232,409,16553
8,16970,102,0.0,2233,409,16561
14,16984,103,1.0,2234,409,16575
4,16988,103,0.0,2235,409,16579
8,16996,103,0.0,2236,409,16587
7,17003,103,0.0,2237,409,16594
8,17011,103,0.0,2238,409,16602
4,17015,103,0.0,2239,409,16606
4,17019,103,0.0,2240,409,16610
8,17027,103,0.0,2241,409,16618
2,17029,103,0.0,2242,409,16620
14,17043,103,0.0,2243,409,16634
3,17046,103,0.0,2244,409,16637
11,17057,103,0.0,2245,409,16648
2,17059,103,0.0,2246,409,16650
9,17068,103,0.0,2247,409,16659
7,17075,103,0.0,2248,409,16666
8,17083,103,0.0,2249,409,16674
10,17093,103,0.0,2250,409,16684
4,17097,103,0.0,2251,409,16688
2,17099,103,0.0,2252,409,16690
6,17105,103,0.0,2253,409,16696
6,17111,103,0.0,2254,409,16702
6,17117,103,0.0,2255,409,16708
14,17131,103,0.0,2256,409,16722
9,17140,103,0.0,2257,409,16731
15,17155,104,1.0,2258,409,16746
7,17162,104,0.0,2259,409,16753
12,17174,104,0.0,2260,409,16765
8,17182,104,0.0,2261,409,16773
8,17190,104,0.0,2262,409,16781
18,17208,105,1.0,2263,409,16799
6,17214,105,0.0,2264,409,16805
5,17219,105,0.0,2265,409,16810
7,17226,105,0.0,2266,409,16817
17,17243,105,0.0,2267,409,16834
3,17246,105,0.0,2268,409,16837
8,17254,105,0.0,2269,409,16845
4,17258,105,0.0,2270,409,16849
7,17265,105,0.0,2271,409,16856
2,17267,105,0.0,2272,409,16858
7,17274,105,0.0,2273,409,16865
4,17278,105,0.0,2274,409,16869
4,17282,105,0.0,2275,409,16873
7,17289,105,0.0,2276,409,16880
4,17293,105,0.0,2277,409,16884
7,17300,105,0.0,2278,409,16891
4,17304,105,0.0,2279,409,16895
5,17309,105,0.0,2280,409,16900
3,17312,105,0.0,2281,409,16903
7,17319,105,0.0,2282,409,16910
3,17322,105,0.0,2283,409,16913
20,17342,105,0.0,2284,409,16933
12,17354,105,0.0,2285,409,16945
2,17356,105,0.0,2286,409,16947
2,17358,105,0.0,2287,409,16949
2,17360,105,0.0,2288,409,16951
4,17364,105,0.0,2289,409,16955
7,17371,105,0.0,2290,409,16962
15,17386,105,0.0,2291,409,16977
10,17396,105,0.0,2292,409,16987
7,17403,105,0.0,2293,409,16994
7,17410,105,0.0,2294,409,17001
13,17423,105,0.0,2295,409,17014
2,17425,105,0.0,2296,409,17016
20,17445,105,0.0,2297,409,17036
8,17453,105,0.0,2298,409,17044
3,17456,105,0.0,2299,409,17047
5,17461,105,0.0,2300,409,17052
8,17469,105,0.0,2301,409,17060
8,17477,105,0.0,2302,409,17068
6,17483,105,0.0,2303,409,17074
9,17492,105,0.0,2304,409,17083
2,17494,105,0.0,2305,409,17085
5,17499,105,0.0,2306,409,17090
10,17509,105,0.0,2307,409,17100
5,17514,105,0.0,2308,409,17105
6,17520,105,0.0,2309,409,17111
5,17525,105,0.0,2310,409,17116
2,17527,105,0.0,2311,409,17118
4,17531,105,0.0,2312,409,17122
2,17533,105,0.0,2313,409,17124
12,17545,105,0.0,2314,409,17136
2,17547,105,0.0,2315,409,17138
6,17553,105,0.0,2316,409,17144
11,17564,105,0.0,2317,409,17155
7,17571,105,0.0,2318,409,17162
5,17576,105,0.0,2319,409,17167
7,17583,105,0.0,2320,409,17174
2,17585,105,0.0,2321,409,17176
5,17590,105,0.0,2322,409,17181
4,17594,105,0.0,2323,409,17185
2,17596,105,0.0,2324,409,17187
2,17598,105,0.0,2325,409,17189
9,17607,105,0.0,2326,409,17198
2,17609,105,0.0,2327,409,17200
2,17611,105,0.0,2328,409,17202
4,17615,105,0.0,2329,409,17206
14,17629,105,0.0,2330,409,17220
6,17635,105,0.0,2331,409,17226
4,17639,105,0.0,2332,409,17230
11,17650,105,0.0,2333,409,17241
8,17658,105,0.0,2334,409,17249
4,17662,105,0.0,2335,409,17253
3,17665,105,0.0,2336,409,17256
10,17675,105,0.0,2337,409,17266
12,17687,105,0.0,2338,409,17278
4,17691,105,0.0,2339,409,17282
7,17698,105,0.0,2340,409,17289
4,17702,105,0.0,2341,409,17293
16,17718,105,0.0,2342,409,17309
4,17722,105,0.0,2343,409,17313
2,17724,105,0.0,2344,409,17315
6,17730,105,0.0,2345,409,17321
8,17738,105,0.0,2346,409,17329
8,17746,105,0.0,2347,409,17337
11,17757,105,0.0,2348,409,17348
15,17772,105,0.0,2349,409,17363
2,17774,105,0.0,2350,409,17365
7,17781,105,0.0,2351,409,17372
2,17783,105,0.0,2352,409,17374
3,17786,105,0.0,2353,409,17377
2,17788,105,0.0,2354,409,17379
4,17792,105,0.0,2355,409,17383
11,17803,105,0.0,2356,409,17394
5,17808,105,0.0,2357,409,17399
3,17811,105,0.0,2358,409,17402
10,17821,105,0.0,2359,409,17412
8,17829,105,0.0,2360,409,17420
18,17847,105,0.0,2361,409,17438
3,17850,105,0.0,2362,409,17441
12,17862,105,0.0,2363,409,17453
3,17865,105,0.0,2364,409,17456
8,17873,105,0.0,2365,409,17464
3,17876,105,0.0,2366,409,17467
8,17884,105,0.0,2367,409,17475
12,17896,105,0.0,2368,409,17487
4,17900,105,0.0,2369,409,17491
21,17921,105,0.0,2370,409,17512
2,17923,105,0.0,2371,409,17514
8,17931,105,0.0,2372,409,17522
5,17936,105,0.0,2373,409,17527
13,17949,105,0.0,2374,409,17540
5,17954,105,0.0,2375,409,17545
2,17956,105,0.0,2376,409,17547
13,17969,105,0.0,2377,409,17560
5,17974,105,0.0,2378,409,17565
5,17979,105,0.0,2379,409,17570
16,17995,105,0.0,2380,409,17586
8,18003,105,0.0,2381,409,17594
2,18005,105,0.0,2382,409,17596
7,18012,105,0.0,2383,409,17603
13,18025,105,0.0,2384,409,17616
3,18028,105,0.0,2385,409,17619
3,18031,105,0.0,2386,409,17622
14,18045,105,0.0,2387,409,17636
6,18051,105,0.0,2388,409,17642
7,18058,105,0.0,2389,409,17649
13,18071,105,0.0,2390,409,17662
3,18074,105,0.0,2391,409,17665
10,18084,105,0.0,2392,409,17675
2,18086,105,0.0,2393,409,17677
7,18093,105,0.0,2394,409,17684
15,18108,105,0.0,2395,409,17699
14,18122,105,0.0,2396,409,17713
7,18129,105,0.0,2397,409,17720
12,18141,105,0.0,2398,409,17732
2,18143,105,0.0,2399,409,17734
5,18148,105,0.0,2400,409,17739
20,18168,105,0.0,2401,409,17759
2,18170,105,0.0,2402,409,17761
10,18180,105,0.0,2403,409,17771
3,18183,105,0.0,2404,409,17774
2,18185,105,0.0,2405,409,17776
2,18187,105,0.0,2406,409,17778
7,18194,105,0.0,2407,409,17785
6,18200,105,0.0,2408,409,17791
4,18204,105,0.0,2409,409,17795
13,18217,105,0.0,2410,409,17808
4,18221,105,0.0,2411,409,17812
3,18224,105,0.0,2412,409,17815
7,18231,105,0.0,2413,409,17822
8,18239,105,0.0,2414,409,17830
6,18245,105,0.0,2415,409,17836
6,18251,105,0.0,2416,409,17842
9,18260,105,0.0,2417,409,17851
12,18272,105,0.0,2418,409,17863
7,18279,105,0.0,2419,409,17870
8,18287,105,0.0,2420,409,17878
7,18294,105,0.0,2421,409,17885
3,18297,105,0.0,2422,409,17888
13,18310,105,0.0,2423,409,17901
2,18312,105,0.0,2424,409,17903
15,18327,105,0.0,2425,409,17918
2,18329,105,0.0,2426,409,17920
2,18331,105,0.0,2427,409,17922
5,18336,105,0.0,2428,409,17927
8,18344,105,0.0,2429,409,17935
5,18349,105,0.0,2430,409,17940
4,18353,105,0.0,2431,409,17944
5,18358,105,0.0,2432,409,17949
9,18367,105,0.0,2433,409,17958
7,18374,105,0.0,2434,409,17965
2,18376,105,0.0,2435,409,17967
10,18386,105,0.0,2436,409,17977
3,18389,105,0.0,2437,409,17980
14,18403,105,0.0,2438,409,17994
5,18408,105,0.0,2439,409,17999
8,18416,105,0.0,2440,409,18007
3,18419,105,0.0,2441,409,18010
8,18427,105,0.0,2442,409,18018
9,18436,105,0.0,2443,409,18027
15,18451,105,0.0,2444,409,18042
12,18463,105,0.0,2445,409,18054
7,18470,105,0.0,2446,409,18061
3,18473,105,0.0,2447,409,18064
5,18478,105,0.0,2448,409,18069
2,18480,105,0.0,2449,409,18071
7,18487,105,0.0,2450,409,18078
23,18510,105,0.0,2451,409,18101
5,18515,105,0.0,2452,409,18106
2,18517,105,0.0,2453,409,18108
5,18522,105,0.0,2454,409,18113
3,18525,105,0.0,2455,409,18116
3,18528,105,0.0,2456,409,18119
14,18542,105,0.0,2457,409,18133
2,18544,105,0.0,2458,409,18135
8,18552,105,0.0,2459,409,18143
2,18554,105,0.0,2460,409,18145
2,18556,105,0.0,2461,409,18147
7,18563,105,0.0,2462,409,18154
2,18565,105,0.0,2463,409,18156
2,18567,105,0.0,2464,409,18158
4,18571,105,0.0,2465,409,18162
8,18579,105,0.0,2466,409,18170
10,18589,105,0.0,2467,409,18180
2,18591,105,0.0,2468,409,18182
7,18598,105,0.0,2469,409,18189
10,18608,105,0.0,2470,409,18199
8,18616,105,0.0,2471,409,18207
7,18623,105,0.0,2472,409,18214
7,18630,105,0.0,2473,409,18221
4,18634,105,0.0,2474,409,18225
2,18636,105,0.0,2475,409,18227
2,18638,105,0.0,2476,409,18229
8,18646,105,0.0,2477,409,18237
12,18658,105,0.0,2478,409,18249
13,18671,105,0.0,2479,409,18262
5,18676,105,0.0,2480,409,18267
3,18679,105,0.0,2481,409,18270
6,18685,105,0.0,2482,409,18276
2,18687,105,0.0,2483,409,18278
16,18703,105,0.0,2484,409,18294
13,18716,105,0.0,2485,409,18307
24,18740,106,1.0,2486,409,18331
8,18748,106,0.0,2487,409,18339
9,18757,106,0.0,2488,409,18348
7,18764,106,0.0,2489,409,18355
5,18769,106,0.0,2490,409,18360
3,18772,106,0.0,2491,409,18363
16,18788,106,0.0,2492,409,18379
4,18792,106,0.0,2493,409,18383
7,18799,106,0.0,2494,409,18390
2,18801,106,0.0,2495,409,18392
4,18805,106,0.0,2496,409,18396
11,18816,106,0.0,2497,409,18407
3,18819,106,0.0,2498,409,18410
2,18821,106,0.0,2499,409,18412
5,18826,106,0.0,2500,409,18417
12,18838,106,0.0,2501,409,18429
6,18844,106,0.0,2502,409,18435
18,18862,107,1.0,2503,409,18453
14,18876,108,1.0,2504,409,18467
2,18878,108,0.0,2505,409,18469
18,18896,108,0.0,2506,409,18487
12,18908,108,0.0,2507,409,18499
13,18921,108,0.0,2508,409,18512
11,18932,108,0.0,2509,409,18523
5,18937,108,0.0,2510,409,18528
8,18945,108,0.0,2511,409,18536
5,18950,108,0.0,2512,409,18541
9,18959,108,0.0,2513,409,18550
24,18983,108,0.0,2514,409,18574
2,18985,108,0.0,2515,409,18576
6,18991,108,0.0,2516,409,18582
8,18999,108,0.0,2517,409,18590
5,19004,108,0.0,2518,409,18595
4,19008,108,0.0,2519,409,18599
7,19015,108,0.0,2520,409,18606
2,19017,108,0.0,2521,409,18608
7,19024,108,0.0,2522,409,18615
4,19028,108,0.0,2523,409,18619
8,19036,108,0.0,2524,409,18627
3,19039,108,0.0,2525,409,18630
4,19043,108,0.0,2526,409,18634
7,19050,108,0.0,2527,409,18641
5,19055,108,0.0,2528,409,18646
4,19059,108,0.0,2529,409,18650
2,19061,108,0.0,2530,409,18652
5,19066,108,0.0,2531,409,18657
2,19068,108,0.0,2532,409,18659
8,19076,108,0.0,2533,409,18667
12,19088,108,0.0,2534,409,18679
4,19092,108,0.0,2535,409,18683
18,19110,108,0.0,2536,409,18701
3,19113,108,0.0,2537,409,18704
3,19116,108,0.0,2538,409,18707
2,19118,108,0.0,2539,409,18709
2,19120,108,0.0,2540,409,18711
2,19122,108,0.0,2541,409,18713
8,19130,108,0.0,2542,409,18721
2,19132,108,0.0,2543,409,18723
7,19139,108,0.0,2544,409,18730
2,19141,108,0.0,2545,409,18732
6,19147,108,0.0,2546,409,18738
8,19155,108,0.0,2547,409,18746
6,19161,108,0.0,2548,409,18752
12,19173,108,0.0,2549,409,18764
3,19176,108,0.0,2550,409,18767
17,19193,108,0.0,2551,409,18784
6,19199,108,0.0,2552,409,18790
2,19201,108,0.0,2553,409,18792
12,19213,108,0.0,2554,409,18804
2,19215,108,0.0,2555,409,18806
17,19232,108,0.0,2556,409,18823
2,19234,108,0.0,2557,409,18825
4,19238,108,0.0,2558,409,18829
2,19240,108,0.0,2559,409,18831
3,19243,108,0.0,2560,409,18834
2,19245,108,0.0,2561,409,18836
2,19247,108,0.0,2562,409,18838
5,19252,108,0.0,2563,409,18843
8,19260,108,0.0,2564,409,18851
3,19263,108,0.0,2565,409,18854
2,19265,108,0.0,2566,409,18856
6,19271,108,0.0,2567,409,18862
3,19274,108,0.0,2568,409,18865
4,19278,108,0.0,2569,409,18869
3,19281,108,0.0,2570,409,18872
5,19286,108,0.0,2571,409,18877
9,19295,108,0.0,2572,409,18886
17,19312,108,0.0,2573,409,18903
14,19326,108,0.0,2574,409,18917
2,19328,108,0.0,2575,409,18919
6,19334,108,0.0,2576,409,18925
14,19348,108,0.0,2577,409,18939
8,19356,108,0.0,2578,409,18947
8,19364,108,0.0,2579,409,18955
2,19366,108,0.0,2580,409,18957
9,19375,108,0.0,2581,409,18966
14,19389,109,1.0,2582,409,18980
8,19397,109,0.0,2583,409,18988
4,19401,109,0.0,2584,409,18992
11,19412,109,0.0,2585,409,19003
6,19418,109,0.0,2586,409,19009
8,19426,109,0.0,2587,409,19017
16,19442,109,0.0,2588,409,19033
4,19446,109,0.0,2589,409,19037
6,19452,109,0.0,2590,409,19043
5,19457,109,0.0,2591,409,19048
23,19480,109,0.0,2592,409,19071
4,19484,109,0.0,2593,409,19075
3,19487,109,0.0,2594,409,19078
4,19491,109,0.0,2595,409,19082
10,19501,109,0.0,2596,409,19092
2,19503,109,0.0,2597,409,19094
6,19509,109,0.0,2598,409,19100
5,19514,109,0.0,2599,409,19105
4,19518,109,0.0,2600,409,19109
5,19523,109,0.0,2601,409,19114
2,19525,109,0.0,2602,409,19116
10,19535,109,0.0,2603,409,19126
20,19555,109,0.0,2604,409,19146
6,19561,109,0.0,2605,409,19152
2,19563,109,0.0,2606,409,19154
6,19569,109,0.0,2607,409,19160
10,19579,109,0.0,2608,409,19170
9,19588,109,0.0,2609,409,19179
14,19602,109,0.0,2610,409,19193
5,19607,109,0.0,2611,409,19198
4,19611,109,0.0,2612,409,19202
8,19619,109,0.0,2613,409,19210
5,19624,109,0.0,2614,409,19215
3,19627,109,0.0,2615,409,19218
5,19632,109,0.0,2616,409,19223
8,19640,109,0.0,2617,409,19231
11,19651,109,0.0,2618,409,19242
2,19653,109,0.0,2619,409,19244
3,19656,109,0.0,2620,409,19247
2,19658,109,0.0,2621,409,19249
2,19660,109,0.0,2622,409,19251
7,19667,109,0.0,2623,409,19258
2,19669,109,0.0,2624,409,19260
9,19678,109,0.0,2625,409,19269
2,19680,109,0.0,2626,409,19271
3,19683,109,0.0,2627,409,19274
9,19692,109,0.0,2628,409,19283
8,19700,109,0.0,2629,409,19291
3,19703,109,0.0,2630,409,19294
2,19705,109,0.0,2631,409,19296
2,19707,109,0.0,2632,409,19298
9,19716,109,0.0,2633,409,19307
14,19730,109,0.0,2634,409,19321
5,19735,109,0.0,2635,409,19326
5,19740,109,0.0,2636,409,19331
2,19742,109,0.0,2637,409,19333
5,19747,109,0.0,2638,409,19338
8,19755,109,0.0,2639,409,19346
8,19763,109,0.0,2640,409,19354
6,19769,109,0.0,2641,409,19360
5,19774,109,0.0,2642,409,19365
8,19782,109,0.0,2643,409,19373
8,19790,109,0.0,2644,409,19381
2,19792,109,0.0,2645,409,19383
9,19801,109,0.0,2646,409,19392
4,19805,109,0.0,2647,409,19396
7,19812,109,0.0,2648,409,19403
3,19815,109,0.0,2649,409,19406
2,19817,109,0.0,2650,409,19408
6,19823,109,0.0,2651,409,19414
3,19826,109,0.0,2652,409,19417
2,19828,109,0.0,2653,409,19419
4,19832,109,0.0,2654,409,19423
9,19841,109,0.0,2655,409,19432
5,19846,109,0.0,2656,409,19437
8,19854,109,0.0,2657,409,19445
2,19856,109,0.0,2658,409,19447
7,19863,109,0.0,2659,409,19454
9,19872,109,0.0,2660,409,19463
2,19874,109,0.0,2661,409,19465
6,19880,109,0.0,2662,409,19471
3,19883,109,0.0,2663,409,19474
7,19890,109,0.0,2664,409,19481
21,19911,109,0.0,2665,409,19502
23,19934,109,0.0,2666,409,19525
2,19936,109,0.0,2667,409,19527
11,19947,109,0.0,2668,409,19538
14,19961,110,1.0,2669,409,19552
7,19968,110,0.0,2670,409,19559
12,19980,110,0.0,2671,409,19571
6,19986,110,0.0,2672,409,19577
12,19998,110,0.0,2673,409,19589
9,20007,110,0.0,2674,409,19598
5,20012,110,0.0,2675,409,19603
3,20015,110,0.0,2676,409,19606
2,20017,110,0.0,2677,409,19608
4,20021,110,0.0,2678,409,19612
2,20023,110,0.0,2679,409,19614
3,20026,110,0.0,2680,409,19617
3,20029,110,0.0,2681,409,19620
2,20031,110,0.0,2682,409,19622
10,20041,110,0.0,2683,409,19632
15,20056,110,0.0,2684,409,19647
3,20059,110,0.0,2685,409,19650
9,20068,110,0.0,2686,409,19659
18,20086,110,0.0,2687,409,19677
9,20095,110,0.0,2688,409,19686
14,20109,110,0.0,2689,409,19700
12,20121,110,0.0,2690,409,19712
8,20129,110,0.0,2691,409,19720
5,20134,110,0.0,2692,409,19725
11,20145,110,0.0,2693,409,19736
11,20156,110,0.0,2694,409,19747
3,20159,110,0.0,2695,409,19750
5,20164,110,0.0,2696,409,19755
2,20166,110,0.0,2697,409,19757
2,20168,110,0.0,2698,409,19759
8,20176,110,0.0,2699,409,19767
5,20181,110,0.0,2700,409,19772
8,20189,110,0.0,2701,409,19780
7,20196,110,0.0,2702,409,19787
2,20198,110,0.0,2703,409,19789
10,20208,110,0.0,2704,409,19799
6,20214,110,0.0,2705,409,19805
10,20224,110,0.0,2706,409,19815
24,20248,110,0.0,2707,409,19839
9,20257,110,0.0,2708,409,19848
2,20259,110,0.0,2709,409,19850
15,20274,110,0.0,2710,409,19865
5,20279,110,0.0,2711,409,19870
11,20290,110,0.0,2712,409,19881
7,20297,110,0.0,2713,409,19888
15,20312,110,0.0,2714,409,19903
6,20318,110,0.0,2715,409,19909
10,20328,110,0.0,2716,409,19919
2,20330,110,0.0,2717,409,19921
4,20334,110,0.0,2718,409,19925
5,20339,110,0.0,2719,409,19930
4,20343,110,0.0,2720,409,19934
9,20352,110,0.0,2721,409,19943
5,20357,110,0.0,2722,409,19948
2,20359,110,0.0,2723,409,19950
18,20377,110,0.0,2724,409,19968
4,20381,110,0.0,2725,409,19972
7,20388,110,0.0,2726,409,19979
14,20402,110,0.0,2727,409,19993
4,20406,110,0.0,2728,409,19997
4,20410,110,0.0,2729,409,20001
8,20418,110,0.0,2730,409,20009
8,20426,110,0.0,2731,409,20017
5,20431,110,0.0,2732,409,20022
6,20437,110,0.0,2733,409,20028
14,20451,110,0.0,2734,409,20042
3,20454,110,0.0,2735,409,20045
4,20458,110,0.0,2736,409,20049
14,20472,111,1.0,2737,409,20063
11,20483,111,0.0,2738,409,20074
8,20491,111,0.0,2739,409,20082
6,20497,111,0.0,2740,409,20088
5,20502,111,0.0,2741,409,20093
2,20504,111,0.0,2742,409,20095
5,20509,111,0.0,2743,409,20100
4,20513,111,0.0,2744,409,20104
14,20527,111,0.0,2745,409,20118
5,20532,111,0.0,2746,409,20123
14,20546,111,0.0,2747,409,20137
4,20550,111,0.0,2748,409,20141
5,20555,111,0.0,2749,409,20146
4,20559,111,0.0,2750,409,20150
14,20573,112,1.0,2751,409,20164
8,20581,112,0.0,2752,409,20172
4,20585,112,0.0,2753,409,20176
2,20587,112,0.0,2754,409,20178
5,20592,112,0.0,2755,409,20183
10,20602,112,0.0,2756,409,20193
12,20614,112,0.0,2757,409,20205
3,20617,112,0.0,2758,409,20208
4,20621,112,0.0,2759,409,20212
5,20626,112,0.0,2760,409,20217
4,20630,112,0.0,2761,409,20221
14,20644,112,0.0,2762,409,20235
9,20653,112,0.0,2763,409,20244
8,20661,112,0.0,2764,409,20252
2,20663,112,0.0,2765,409,20254
3,20666,112,0.0,2766,409,20257
12,20678,112,0.0,2767,409,20269
2,20680,112,0.0,2768,409,20271
3,20683,112,0.0,2769,409,20274
2,20685,112,0.0,2770,409,20276
7,20692,112,0.0,2771,409,20283
6,20698,112,0.0,2772,409,20289
5,20703,112,0.0,2773,409,20294
6,20709,112,0.0,2774,409,20300
4,20713,112,0.0,2775,409,20304
3,20716,112,0.0,2776,409,20307
16,20732,112,0.0,2777,409,20323
10,20742,112,0.0,2778,409,20333
11,20753,112,0.0,2779,409,20344
5,20758,112,0.0,2780,409,20349
8,20766,112,0.0,2781,409,20357
9,20775,112,0.0,2782,409,20366
5,20780,112,0.0,2783,409,20371
2,20782,112,0.0,2784,409,20373
9,20791,112,0.0,2785,409,20382
15,20806,112,0.0,2786,409,20397
2,20808,112,0.0,2787,409,20399
14,20822,112,0.0,2788,409,20413
21,20843,112,0.0,2789,409,20434
18,20861,112,0.0,2790,409,20452
6,20867,112,0.0,2791,409,20458
4,20871,112,0.0,2792,409,20462
10,20881,112,0.0,2793,409,20472
5,20886,112,0.0,2794,409,20477
5,20891,112,0.0,2795,409,20482
3,20894,112,0.0,2796,409,20485
7,20901,112,0.0,2797,409,20492
5,20906,112,0.0,2798,409,20497
2,20908,112,0.0,2799,409,20499
2,20910,112,0.0,2800,409,20501
13,20923,112,0.0,2801,409,20514
8,20931,112,0.0,2802,409,20522
5,20936,112,0.0,2803,409,20527
6,20942,112,0.0,2804,409,20533
4,20946,112,0.0,2805,409,20537
4,20950,112,0.0,2806,409,20541
2,20952,112,0.0,2807,409,20543
2,20954,112,0.0,2808,409,20545
2,20956,112,0.0,2809,409,20547
8,20964,112,0.0,2810,409,20555
2,20966,112,0.0,2811,409,20557
2,20968,112,0.0,2812,409,20559
8,20976,112,0.0,2813,409,20567
8,20984,112,0.0,2814,409,20575
14,20998,112,0.0,2815,409,20589
3,21001,112,0.0,2816,409,20592
14,21015,113,1.0,2817,409,20606
7,21022,113,0.0,2818,409,20613
21,21043,113,0.0,2819,409,20634
6,21049,113,0.0,2820,409,20640
14,21063,114,1.0,2821,409,20654
9,21072,114,0.0,2822,409,20663
12,21084,114,0.0,2823,409,20675
7,21091,114,0.0,2824,409,20682
10,21101,114,0.0,2825,409,20692
18,21119,114,0.0,2826,409,20710
6,21125,114,0.0,2827,409,20716
2,21127,114,0.0,2828,409,20718
4,21131,114,0.0,2829,409,20722
2,21133,114,0.0,2830,409,20724
2,21135,114,0.0,2831,409,20726
8,21143,114,0.0,2832,409,20734
13,21156,114,0.0,2833,409,20747
2,21158,114,0.0,2834,409,20749
2,21160,114,0.0,2835,409,20751
4,21164,114,0.0,2836,409,20755
5,21169,114,0.0,2837,409,20760
6,21175,114,0.0,2838,409,20766
13,21188,114,0.0,2839,409,20779
9,21197,114,0.0,2840,409,20788
4,21201,114,0.0,2841,409,20792
4,21205,114,0.0,2842,409,20796
13,21218,114,0.0,2843,409,20809
3,21221,114,0.0,2844,409,20812
8,21229,114,0.0,2845,409,20820
6,21235,114,0.0,2846,409,20826
5,21240,114,0.0,2847,409,20831
2,21242,114,0.0,2848,409,20833
2,21244,114,0.0,2849,409,20835
14,21258,114,0.0,2850,409,20849
8,21266,114,0.0,2851,409,20857
21,21287,114,0.0,2852,409,20878
10,21297,114,0.0,2853,409,20888
4,21301,114,0.0,2854,409,20892
6,21307,114,0.0,2855,409,20898
12,21319,114,0.0,2856,409,20910
3,21322,114,0.0,2857,409,20913
3,21325,114,0.0,2858,409,20916
8,21333,114,0.0,2859,409,20924
7,21340,114,0.0,2860,409,20931
6,21346,114,0.0,2861,409,20937
8,21354,114,0.0,2862,409,20945
6,21360,114,0.0,2863,409,20951
4,21364,114,0.0,2864,409,20955
5,21369,114,0.0,2865,409,20960
3,21372,114,0.0,2866,409,20963
4,21376,114,0.0,2867,409,20967
12,21388,114,0.0,2868,409,20979
6,21394,114,0.0,2869,409,20985
10,21404,114,0.0,2870,409,20995
22,21426,114,0.0,2871,409,21017
13,21439,114,0.0,2872,409,21030
12,21451,114,0.0,2873,409,21042
10,21461,114,0.0,2874,409,21052
8,21469,114,0.0,2875,409,21060
12,21481,114,0.0,2876,409,21072
5,21486,114,0.0,2877,409,21077
10,21496,114,0.0,2878,409,21087
8,21504,114,0.0,2879,409,21095
3,21507,114,0.0,2880,409,21098
8,21515,114,0.0,2881,409,21106
8,21523,114,0.0,2882,409,21114
6,21529,114,0.0,2883,409,21120
8,21537,114,0.0,2884,409,21128
3,21540,114,0.0,2885,409,21131
9,21549,114,0.0,2886,409,21140
2,21551,114,0.0,2887,409,21142
4,21555,114,0.0,2888,409,21146
12,21567,114,0.0,2889,409,21158
7,21574,114,0.0,2890,409,21165
28,21602,114,0.0,2891,409,21193
2,21604,114,0.0,2892,409,21195
6,21610,114,0.0,2893,409,21201
4,21614,114,0.0,2894,409,21205
7,21621,114,0.0,2895,409,21212
6,21627,114,0.0,2896,409,21218
3,21630,114,0.0,2897,409,21221
18,21648,114,0.0,2898,409,21239
14,21662,114,0.0,2899,409,21253
8,21670,114,0.0,2900,409,21261
14,21684,114,0.0,2901,409,21275
15,21699,114,0.0,2902,409,21290
4,21703,114,0.0,2903,409,21294
3,21706,114,0.0,2904,409,21297
23,21729,114,0.0,2905,409,21320
7,21736,114,0.0,2906,409,21327
4,21740,114,0.0,2907,409,21331
13,21753,114,0.0,2908,409,21344
8,21761,114,0.0,2909,409,21352
5,21766,114,0.0,2910,409,21357
10,21776,114,0.0,2911,409,21367
4,21780,114,0.0,2912,409,21371
7,21787,114,0.0,2913,409,21378
7,21794,114,0.0,2914,409,21385
4,21798,114,0.0,2915,409,21389
4,21802,114,0.0,2916,409,21393
8,21810,114,0.0,2917,409,21401
6,21816,114,0.0,2918,409,21407
2,21818,114,0.0,2919,409,21409
4,21822,114,0.0,2920,409,21413
6,21828,114,0.0,2921,409,21419
6,21834,114,0.0,2922,409,21425
4,21838,114,0.0,2923,409,21429
4,21842,114,0.0,2924,409,21433
2,21844,114,0.0,2925,409,21435
6,21850,114,0.0,2926,409,21441
14,21864,115,1.0,2927,409,21455
2,21866,115,0.0,2928,409,21457
13,21879,115,0.0,2929,409,21470
14,21893,116,1.0,2930,409,21484
9,21902,116,0.0,2931,409,21493
4,21906,116,0.0,2932,409,21497
14,21920,116,0.0,2933,409,21511
2,21922,116,0.0,2934,409,21513
12,21934,116,0.0,2935,409,21525
3,21937,116,0.0,2936,409,21528
5,21942,116,0.0,2937,409,21533
14,21956,116,0.0,2938,409,21547
7,21963,116,0.0,2939,409,21554
3,21966,116,0.0,2940,409,21557
9,21975,116,0.0,2941,409,21566
2,21977,116,0.0,2942,409,21568
4,21981,116,0.0,2943,409,21572
8,21989,116,0.0,2944,409,21580
7,21996,116,0.0,2945,409,21587
2,21998,116,0.0,2946,409,21589
3,22001,116,0.0,2947,409,21592
7,22008,116,0.0,2948,409,21599
14,22022,116,0.0,2949,409,21613
11,22033,116,0.0,2950,409,21624
6,22039,116,0.0,2951,409,21630
12,22051,116,0.0,2952,409,21642
8,22059,116,0.0,2953,409,21650
4,22063,116,0.0,2954,409,21654
8,22071,116,0.0,2955,409,21662
4,22075,116,0.0,2956,409,21666
2,22077,116,0.0,2957,409,21668
7,22084,116,0.0,2958,409,21675
10,22094,116,0.0,2959,409,21685
2,22096,116,0.0,2960,409,21687
27,22123,117,1.0,2961,409,21714
8,22131,117,0.0,2962,409,21722
8,22139,117,0.0,2963,409,21730
18,22157,117,0.0,2964,409,21748
13,22170,117,0.0,2965,409,21761
17,22187,117,0.0,2966,409,21778
2,22189,117,0.0,2967,409,21780
14,22203,117,0.0,2968,409,21794
9,22212,117,0.0,2969,409,21803
2,22214,117,0.0,2970,409,21805
2,22216,117,0.0,2971,409,21807
12,22228,117,0.0,2972,409,21819
3,22231,117,0.0,2973,409,21822
2,22233,117,0.0,2974,409,21824
8,22241,117,0.0,2975,409,21832
2,22243,117,0.0,2976,409,21834
15,22258,117,0.0,2977,409,21849
8,22266,117,0.0,2978,409,21857
7,22273,117,0.0,2979,409,21864
18,22291,117,0.0,2980,409,21882
2,22293,117,0.0,2981,409,21884
11,22304,117,0.0,2982,409,21895
4,22308,117,0.0,2983,409,21899
2,22310,117,0.0,2984,409,21901
3,22313,117,0.0,2985,409,21904
4,22317,117,0.0,2986,409,21908
14,22331,118,1.0,2987,409,21922
2,22333,118,0.0,2988,409,21924
14,22347,119,1.0,2989,409,21938
7,22354,119,0.0,2990,409,21945
6,22360,119,0.0,2991,409,21951
6,22366,119,0.0,2992,409,21957
8,22374,119,0.0,2993,409,21965
4,22378,119,0.0,2994,409,21969
8,22386,119,0.0,2995,409,21977
4,22390,119,0.0,2996,409,21981
14,22404,120,1.0,2997,409,21995
12,22416,120,0.0,2998,409,22007
4,22420,120,0.0,2999,409,22011
8,22428,120,0.0,3000,409,22019
9,22437,120,0.0,3001,409,22028
14,22451,120,0.0,3002,409,22042
18,22469,120,0.0,3003,409,22060
5,22474,120,0.0,3004,409,22065
8,22482,120,0.0,3005,409,22073
3,22485,120,0.0,3006,409,22076
5,22490,120,0.0,3007,409,22081
15,22505,121,1.0,3008,409,22096
9,22514,121,0.0,3009,409,22105
12,22526,121,0.0,3010,409,22117
8,22534,121,0.0,3011,409,22125
4,22538,121,0.0,3012,409,22129
3,22541,121,0.0,3013,409,22132
14,22555,121,0.0,3014,409,22146
5,22560,121,0.0,3015,409,22151
12,22572,121,0.0,3016,409,22163
14,22586,121,0.0,3017,409,22177
21,22607,121,0.0,3018,409,22198
8,22615,121,0.0,3019,409,22206
8,22623,121,0.0,3020,409,22214
2,22625,121,0.0,3021,409,22216
4,22629,121,0.0,3022,409,22220
5,22634,121,0.0,3023,409,22225
2,22636,121,0.0,3024,409,22227
3,22639,121,0.0,3025,409,22230
5,22644,121,0.0,3026,409,22235
12,22656,121,0.0,3027,409,22247
6,22662,121,0.0,3028,409,22253
6,22668,121,0.0,3029,409,22259
2,22670,121,0.0,3030,409,22261
18,22688,121,0.0,3031,409,22279
2,22690,121,0.0,3032,409,22281
8,22698,121,0.0,3033,409,22289
7,22705,121,0.0,3034,409,22296
5,22710,121,0.0,3035,409,22301
2,22712,121,0.0,3036,409,22303
10,22722,121,0.0,3037,409,22313
2,22724,121,0.0,3038,409,22315
3,22727,121,0.0,3039,409,22318
11,22738,121,0.0,3040,409,22329
6,22744,121,0.0,3041,409,22335
5,22749,121,0.0,3042,409,22340
8,22757,121,0.0,3043,409,22348
5,22762,121,0.0,3044,409,22353
2,22764,121,0.0,3045,409,22355
2,22766,121,0.0,3046,409,22357
8,22774,122,1.0,3047,409,22365
7,22781,122,0.0,3048,409,22372
8,22789,122,0.0,3049,409,22380
6,22795,122,0.0,3050,409,22386
2,22797,122,0.0,3051,409,22388
12,22809,122,0.0,3052,409,22400
8,22817,122,0.0,3053,409,22408
9,22826,122,0.0,3054,409,22417
19,22845,122,0.0,3055,409,22436
3,22848,122,0.0,3056,409,22439
3,22851,122,0.0,3057,409,22442
5,22856,122,0.0,3058,409,22447
5,22861,122,0.0,3059,409,22452
5,22866,122,0.0,3060,409,22457
4,22870,122,0.0,3061,409,22461
10,22880,122,0.0,3062,409,22471
2,22882,122,0.0,3063,409,22473
8,22890,122,0.0,3064,409,22481
7,22897,122,0.0,3065,409,22488
3,22900,122,0.0,3066,409,22491
11,22911,122,0.0,3067,409,22502
2,22913,122,0.0,3068,409,22504
20,22933,122,0.0,3069,409,22524
8,22941,122,0.0,3070,409,22532
4,22945,122,0.0,3071,409,22536
13,22958,122,0.0,3072,409,22549
9,22967,122,0.0,3073,409,22558
7,22974,122,0.0,3074,409,22565
2,22976,122,0.0,3075,409,22567
10,22986,122,0.0,3076,409,22577
18,23004,122,0.0,3077,409,22595
15,23019,122,0.0,3078,409,22610
4,23023,122,0.0,3079,409,22614
2,23025,122,0.0,3080,409,22616
17,23042,122,0.0,3081,409,22633
11,23053,122,0.0,3082,409,22644
7,23060,122,0.0,3083,409,22651
5,23065,122,0.0,3084,409,22656
3,23068,122,0.0,3085,409,22659
10,23078,122,0.0,3086,409,22669
3,23081,122,0.0,3087,409,22672
2,23083,122,0.0,3088,409,22674
2,23085,122,0.0,3089,409,22676
8,23093,122,0.0,3090,409,22684
2,23095,122,0.0,3091,409,22686
3,23098,122,0.0,3092,409,22689
2,23100,122,0.0,3093,409,22691
5,23105,122,0.0,3094,409,22696
10,23115,122,0.0,3095,409,22706
6,23121,122,0.0,3096,409,22712
12,23133,122,0.0,3097,409,22724
14,23147,123,1.0,3098,409,22738
10,23157,123,0.0,3099,409,22748
21,23178,123,0.0,3100,409,22769
2,23180,123,0.0,3101,409,22771
4,23184,123,0.0,3102,409,22775
2,23186,123,0.0,3103,409,22777
4,23190,123,0.0,3104,409,22781
2,23192,123,0.0,3105,409,22783
11,23203,123,0.0,3106,409,22794
2,23205,123,0.0,3107,409,22796
14,23219,123,0.0,3108,409,22810
21,23240,123,0.0,3109,409,22831
14,23254,123,0.0,3110,409,22845
12,23266,123,0.0,3111,409,22857
20,23286,123,0.0,3112,409,22877
13,23299,123,0.0,3113,409,22890
8,23307,123,0.0,3114,409,22898
8,23315,123,0.0,3115,409,22906
6,23321,123,0.0,3116,409,22912
14,23335,124,1.0,3117,409,22926
7,23342,124,0.0,3118,409,22933
5,23347,124,0.0,3119,409,22938
13,23360,124,0.0,3120,409,22951
9,23369,124,0.0,3121,409,22960
3,23372,124,0.0,3122,409,22963
7,23379,124,0.0,3123,409,22970
2,23381,124,0.0,3124,409,22972
8,23389,124,0.0,3125,409,22980
4,23393,124,0.0,3126,409,22984
2,23395,124,0.0,3127,409,22986
4,23399,124,0.0,3128,409,22990
13,23412,124,0.0,3129,409,23003
5,23417,124,0.0,3130,409,23008
10,23427,124,0.0,3131,409,23018
10,23437,124,0.0,3132,409,23028
8,23445,124,0.0,3133,409,23036
7,23452,124,0.0,3134,409,23043
2,23454,124,0.0,3135,409,23045
7,23461,124,0.0,3136,409,23052
5,23466,124,0.0,3137,409,23057
4,23470,124,0.0,3138,409,23061
3,23473,124,0.0,3139,409,23064
17,23490,124,0.0,3140,409,23081
5,23495,124,0.0,3141,409,23086
4,23499,124,0.0,3142,409,23090
4,23503,124,0.0,3143,409,23094
5,23508,124,0.0,3144,409,23099
9,23517,124,0.0,3145,409,23108
5,23522,124,0.0,3146,409,23113
2,23524,124,0.0,3147,409,23115
4,23528,124,0.0,3148,409,23119
2,23530,124,0.0,3149,409,23121
8,23538,124,0.0,3150,409,23129
8,23546,124,0.0,3151,409,23137
4,23550,124,0.0,3152,409,23141
2,23552,124,0.0,3153,409,23143
2,23554,124,0.0,3154,409,23145
2,23556,124,0.0,3155,409,23147
17,23573,124,0.0,3156,409,23164
2,23575,124,0.0,3157,409,23166
5,23580,124,0.0,3158,409,23171
13,23593,124,0.0,3159,409,23184
6,23599,124,0.0,3160,409,23190
13,23612,124,0.0,3161,409,23203
10,23622,124,0.0,3162,409,23213
11,23633,124,0.0,3163,409,23224
8,23641,124,0.0,3164,409,23232
9,23650,124,0.0,3165,409,23241
9,23659,124,0.0,3166,409,23250
2,23661,124,0.0,3167,409,23252
2,23663,124,0.0,3168,409,23254
4,23667,124,0.0,3169,409,23258
7,23674,124,0.0,3170,409,23265
5,23679,124,0.0,3171,409,23270
9,23688,124,0.0,3172,409,23279
7,23695,124,0.0,3173,409,23286
12,23707,124,0.0,3174,409,23298
6,23713,124,0.0,3175,409,23304
2,23715,124,0.0,3176,409,23306
2,23717,124,0.0,3177,409,23308
2,23719,124,0.0,3178,409,23310
9,23728,124,0.0,3179,409,23319
4,23732,124,0.0,3180,409,23323
17,23749,124,0.0,3181,409,23340
8,23757,124,0.0,3182,409,23348
4,23761,124,0.0,3183,409,23352
14,23775,124,0.0,3184,409,23366
5,23780,124,0.0,3185,409,23371
8,23788,124,0.0,3186,409,23379
7,23795,124,0.0,3187,409,23386
20,23815,124,0.0,3188,409,23406
4,23819,124,0.0,3189,409,23410
19,23838,124,0.0,3190,409,23429
3,23841,124,0.0,3191,409,23432
6,23847,124,0.0,3192,409,23438
2,23849,124,0.0,3193,409,23440
2,23851,124,0.0,3194,409,23442
9,23860,124,0.0,3195,409,23451
7,23867,124,0.0,3196,409,23458
19,23886,124,0.0,3197,409,23477
4,23890,124,0.0,3198,409,23481
5,23895,124,0.0,3199,409,23486
8,23903,124,0.0,3200,409,23494
7,23910,124,0.0,3201,409,23501
8,23918,124,0.0,3202,409,23509
11,23929,124,0.0,3203,409,23520
10,23939,124,0.0,3204,409,23530
9,23948,124,0.0,3205,409,23539
3,23951,124,0.0,3206,409,23542
16,23967,124,0.0,3207,409,23558
4,23971,124,0.0,3208,409,23562
6,23977,124,0.0,3209,409,23568
9,23986,124,0.0,3210,409,23577
6,23992,124,0.0,3211,409,23583
13,24005,124,0.0,3212,409,23596
9,24014,124,0.0,3213,409,23605
5,24019,124,0.0,3214,409,23610
2,24021,124,0.0,3215,409,23612
2,24023,124,0.0,3216,409,23614
18,24041,124,0.0,3217,409,23632
8,24049,124,0.0,3218,409,23640
13,24062,124,0.0,3219,409,23653
3,24065,124,0.0,3220,409,23656
3,24068,124,0.0,3221,409,23659
8,24076,124,0.0,3222,409,23667
12,24088,124,0.0,3223,409,23679
21,24109,124,0.0,3224,409,23700
7,24116,124,0.0,3225,409,23707
5,24121,124,0.0,3226,409,23712
2,24123,124,0.0,3227,409,23714
6,24129,124,0.0,3228,409,23720
9,24138,124,0.0,3229,409,23729
5,24143,124,0.0,3230,409,23734
17,24160,124,0.0,3231,409,23751
2,24162,124,0.0,3232,409,23753
10,24172,124,0.0,3233,409,23763
8,24180,124,0.0,3234,409,23771
13,24193,124,0.0,3235,409,23784
3,24196,124,0.0,3236,409,23787
6,24202,124,0.0,3237,409,23793
4,24206,124,0.0,3238,409,23797
2,24208,124,0.0,3239,409,23799
2,24210,124,0.0,3240,409,23801
2,24212,124,0.0,3241,409,23803
4,24216,124,0.0,3242,409,23807
7,24223,124,0.0,3243,409,23814
6,24229,124,0.0,3244,409,23820
6,24235,124,0.0,3245,409,23826
4,24239,124,0.0,3246,409,23830
3,24242,124,0.0,3247,409,23833
2,24244,124,0.0,3248,409,23835
14,24258,124,0.0,3249,409,23849
9,24267,124,0.0,3250,409,23858
6,24273,124,0.0,3251,409,23864
5,24278,124,0.0,3252,409,23869
14,24292,124,0.0,3253,409,23883
6,24298,124,0.0,3254,409,23889
5,24303,124,0.0,3255,409,23894
3,24306,124,0.0,3256,409,23897
8,24314,124,0.0,3257,409,23905
4,24318,124,0.0,3258,409,23909
7,24325,124,0.0,3259,409,23916
10,24335,124,0.0,3260,409,23926
4,24339,124,0.0,3261,409,23930
23,24362,124,0.0,3262,409,23953
2,24364,124,0.0,3263,409,23955
14,24378,124,0.0,3264,409,23969
3,24381,124,0.0,3265,409,23972
5,24386,124,0.0,3266,409,23977
10,24396,124,0.0,3267,409,23987
14,24410,124,0.0,3268,409,24001
8,24418,124,0.0,3269,409,24009
8,24426,124,0.0,3270,409,24017
4,24430,124,0.0,3271,409,24021
3,24433,124,0.0,3272,409,24024
7,24440,124,0.0,3273,409,24031
5,24445,124,0.0,3274,409,24036
17,24462,124,0.0,3275,409,24053
7,24469,124,0.0,3276,409,24060
2,24471,124,0.0,3277,409,24062
2,24473,124,0.0,3278,409,24064
14,24487,125,1.0,3279,409,24078
2,24489,125,0.0,3280,409,24080
2,24491,125,0.0,3281,409,24082
8,24499,125,0.0,3282,409,24090
2,24501,125,0.0,3283,409,24092
2,24503,125,0.0,3284,409,24094
6,24509,125,0.0,3285,409,24100
8,24517,125,0.0,3286,409,24108
5,24522,125,0.0,3287,409,24113
8,24530,125,0.0,3288,409,24121
5,24535,125,0.0,3289,409,24126
15,24550,126,1.0,3290,409,24141
6,24556,126,0.0,3291,409,24147
5,24561,126,0.0,3292,409,24152
4,24565,126,0.0,3293,409,24156
3,24568,126,0.0,3294,409,24159
6,24574,126,0.0,3295,409,24165
8,24582,126,0.0,3296,409,24173
2,24584,126,0.0,3297,409,24175
2,24586,126,0.0,3298,409,24177
6,24592,126,0.0,3299,409,24183
17,24609,126,0.0,3300,409,24200
4,24613,126,0.0,3301,409,24204
2,24615,126,0.0,3302,409,24206
6,24621,126,0.0,3303,409,24212
4,24625,126,0.0,3304,409,24216
10,24635,126,0.0,3305,409,24226
5,24640,126,0.0,3306,409,24231
2,24642,126,0.0,3307,409,24233
20,24662,126,0.0,3308,409,24253
3,24665,126,0.0,3309,409,24256
3,24668,126,0.0,3310,409,24259
5,24673,126,0.0,3311,409,24264
5,24678,126,0.0,3312,409,24269
13,24691,126,0.0,3313,409,24282
2,24693,126,0.0,3314,409,24284
10,24703,126,0.0,3315,409,24294
3,24706,126,0.0,3316,409,24297
5,24711,126,0.0,3317,409,24302
10,24721,126,0.0,3318,409,24312
4,24725,126,0.0,3319,409,24316
2,24727,126,0.0,3320,409,24318
20,24747,126,0.0,3321,409,24338
3,24750,126,0.0,3322,409,24341
5,24755,126,0.0,3323,409,24346
10,24765,126,0.0,3324,409,24356
6,24771,126,0.0,3325,409,24362
3,24774,126,0.0,3326,409,24365
2,24776,126,0.0,3327,409,24367
3,24779,126,0.0,3328,409,24370
12,24791,126,0.0,3329,409,24382
9,24800,126,0.0,3330,409,24391
3,24803,126,0.0,3331,409,24394
2,24805,126,0.0,3332,409,24396
2,24807,126,0.0,3333,409,24398
6,24813,126,0.0,3334,409,24404
14,24827,126,0.0,3335,409,24418
7,24834,126,0.0,3336,409,24425
10,24844,126,0.0,3337,409,24435
8,24852,126,0.0,3338,409,24443
2,24854,126,0.0,3339,409,24445
14,24868,126,0.0,3340,409,24459
6,24874,126,0.0,3341,409,24465
20,24894,126,0.0,3342,409,24485
10,24904,126,0.0,3343,409,24495
7,24911,126,0.0,3344,409,24502
6,24917,126,0.0,3345,409,24508
6,24923,126,0.0,3346,409,24514
2,24925,126,0.0,3347,409,24516
2,24927,126,0.0,3348,409,24518
18,24945,126,0.0,3349,409,24536
12,24957,126,0.0,3350,409,24548
4,24961,126,0.0,3351,409,24552
7,24968,126,0.0,3352,409,24559
15,24983,126,0.0,3353,409,24574
14,24997,126,0.0,3354,409,24588
4,25001,126,0.0,3355,409,24592
10,25011,126,0.0,3356,409,24602
2,25013,126,0.0,3357,409,24604
2,25015,126,0.0,3358,409,24606
14,25029,126,0.0,3359,409,24620
10,25039,126,0.0,3360,409,24630
10,25049,126,0.0,3361,409,24640
7,25056,126,0.0,3362,409,24647
11,25067,126,0.0,3363,409,24658
2,25069,126,0.0,3364,409,24660
26,25095,126,0.0,3365,409,24686
5,25100,126,0.0,3366,409,24691
7,25107,126,0.0,3367,409,24698
2,25109,126,0.0,3368,409,24700
3,25112,126,0.0,3369,409,24703
14,25126,127,1.0,3370,409,24717
12,25138,127,0.0,3371,409,24729
14,25152,127,0.0,3372,409,24743
4,25156,127,0.0,3373,409,24747
14,25170,128,1.0,3374,409,24761
7,25177,128,0.0,3375,409,24768
5,25182,128,0.0,3376,409,24773
13,25195,128,0.0,3377,409,24786
2,25197,128,0.0,3378,409,24788
7,25204,128,0.0,3379,409,24795
4,25208,128,0.0,3380,409,24799
7,25215,128,0.0,3381,409,24806
4,25219,128,0.0,3382,409,24810
11,25230,128,0.0,3383,409,24821
3,25233,128,0.0,3384,409,24824
7,25240,128,0.0,3385,409,24831
8,25248,128,0.0,3386,409,24839
6,25254,128,0.0,3387,409,24845
13,25267,128,0.0,3388,409,24858
12,25279,128,0.0,3389,409,24870
13,25292,128,0.0,3390,409,24883
7,25299,128,0.0,3391,409,24890
15,25314,128,0.0,3392,409,24905
10,25324,128,0.0,3393,409,24915
3,25327,128,0.0,3394,409,24918
3,25330,128,0.0,3395,409,24921
27,25357,129,1.0,3396,409,24948
4,25361,129,0.0,3397,409,24952
7,25368,129,0.0,3398,409,24959
5,25373,129,0.0,3399,409,24964
5,25378,129,0.0,3400,409,24969
20,25398,129,0.0,3401,409,24989
6,25404,129,0.0,3402,409,24995
3,25407,129,0.0,3403,409,24998
15,25422,129,0.0,3404,409,25013
11,25433,129,0.0,3405,409,25024
6,25439,129,0.0,3406,409,25030
7,25446,129,0.0,3407,409,25037
6,25452,129,0.0,3408,409,25043
4,25456,129,0.0,3409,409,25047
5,25461,129,0.0,3410,409,25052
14,25475,129,0.0,3411,409,25066
6,25481,129,0.0,3412,409,25072
4,25485,129,0.0,3413,409,25076
22,25507,129,0.0,3414,409,25098
3,25510,129,0.0,3415,409,25101
5,25515,129,0.0,3416,409,25106
2,25517,129,0.0,3417,409,25108
15,25532,129,0.0,3418,409,25123
15,25547,129,0.0,3419,409,25138
7,25554,129,0.0,3420,409,25145
16,25570,129,0.0,3421,409,25161
7,25577,129,0.0,3422,409,25168
2,25579,129,0.0,3423,409,25170
7,25586,129,0.0,3424,409,25177
3,25589,129,0.0,3425,409,25180
8,25597,129,0.0,3426,409,25188
2,25599,129,0.0,3427,409,25190
2,25601,129,0.0,3428,409,25192
3,25604,129,0.0,3429,409,25195
21,25625,129,0.0,3430,409,25216
19,25644,129,0.0,3431,409,25235
4,25648,129,0.0,3432,409,25239
12,25660,129,0.0,3433,409,25251
5,25665,129,0.0,3434,409,25256
8,25673,129,0.0,3435,409,25264
4,25677,129,0.0,3436,409,25268
7,25684,129,0.0,3437,409,25275
4,25688,129,0.0,3438,409,25279
9,25697,129,0.0,3439,409,25288
6,25703,129,0.0,3440,409,25294
4,25707,129,0.0,3441,409,25298
2,25709,129,0.0,3442,409,25300
4,25713,129,0.0,3443,409,25304
14,25727,130,1.0,3444,409,25318
8,25735,130,0.0,3445,409,25326
3,25738,130,0.0,3446,409,25329
5,25743,130,0.0,3447,409,25334
11,25754,130,0.0,3448,409,25345
9,25763,130,0.0,3449,409,25354
19,25782,130,0.0,3450,409,25373
10,25792,130,0.0,3451,409,25383
5,25797,130,0.0,3452,409,25388
4,25801,130,0.0,3453,409,25392
5,25806,130,0.0,3454,409,25397
8,25814,130,0.0,3455,409,25405
3,25817,130,0.0,3456,409,25408
2,25819,130,0.0,3457,409,25410
6,25825,130,0.0,3458,409,25416
6,25831,130,0.0,3459,409,25422
3,25834,130,0.0,3460,409,25425
15,25849,131,1.0,3461,409,25440
6,25855,131,0.0,3462,409,25446
21,25876,131,0.0,3463,409,25467
14,25890,131,0.0,3464,409,25481
6,25896,131,0.0,3465,409,25487
4,25900,131,0.0,3466,409,25491
5,25905,131,0.0,3467,409,25496
8,25913,131,0.0,3468,409,25504
2,25915,131,0.0,3469,409,25506
10,25925,131,0.0,3470,409,25516
21,25946,131,0.0,3471,409,25537
16,25962,131,0.0,3472,409,25553
7,25969,131,0.0,3473,409,25560
17,25986,131,0.0,3474,409,25577
12,25998,131,0.0,3475,409,25589
2,26000,131,0.0,3476,409,25591
4,26004,131,0.0,3477,409,25595
8,26012,131,0.0,3478,409,25603
12,26024,131,0.0,3479,409,25615
11,26035,131,0.0,3480,409,25626
7,26042,131,0.0,3481,409,25633
11,26053,131,0.0,3482,409,25644
4,26057,131,0.0,3483,409,25648
7,26064,131,0.0,3484,409,25655
3,26067,131,0.0,3485,409,25658
14,26081,131,0.0,3486,409,25672
16,26097,131,0.0,3487,409,25688
7,26104,131,0.0,3488,409,25695
2,26106,131,0.0,3489,409,25697
5,26111,131,0.0,3490,409,25702
6,26117,131,0.0,3491,409,25708
3,26120,131,0.0,3492,409,25711
2,26122,131,0.0,3493,409,25713
21,26143,131,0.0,3494,409,25734
4,26147,131,0.0,3495,409,25738
18,26165,131,0.0,3496,409,25756
14,26179,131,0.0,3497,409,25770
6,26185,131,0.0,3498,409,25776
10,26195,131,0.0,3499,409,25786
8,26203,131,0.0,3500,409,25794
5,26208,131,0.0,3501,409,25799
14,26222,131,0.0,3502,409,25813
10,26232,131,0.0,3503,409,25823
9,26241,131,0.0,3504,409,25832
8,26249,131,0.0,3505,409,25840
15,26264,131,0.0,3506,409,25855
4,26268,131,0.0,3507,409,25859
3,26271,131,0.0,3508,409,25862
2,26273,131,0.0,3509,409,25864
4,26277,131,0.0,3510,409,25868
9,26286,131,0.0,3511,409,25877
7,26293,131,0.0,3512,409,25884
8,26301,131,0.0,3513,409,25892
9,26310,131,0.0,3514,409,25901
2,26312,131,0.0,3515,409,25903
12,26324,131,0.0,3516,409,25915
7,26331,131,0.0,3517,409,25922
2,26333,131,0.0,3518,409,25924
9,26342,131,0.0,3519,409,25933
4,26346,131,0.0,3520,409,25937
10,26356,131,0.0,3521,409,25947
3,26359,131,0.0,3522,409,25950
2,26361,131,0.0,3523,409,25952
5,26366,131,0.0,3524,409,25957
2,26368,131,0.0,3525,409,25959
15,26383,131,0.0,3526,409,25974
5,26388,131,0.0,3527,409,25979
2,26390,131,0.0,3528,409,25981
3,26393,131,0.0,3529,409,25984
10,26403,131,0.0,3530,409,25994
5,26408,131,0.0,3531,409,25999
5,26413,131,0.0,3532,409,26004
11,26424,131,0.0,3533,409,26015
10,26434,131,0.0,3534,409,26025
6,26440,131,0.0,3535,409,26031
28,26468,131,0.0,3536,409,26059
2,26470,131,0.0,3537,409,26061
4,26474,131,0.0,3538,409,26065
8,26482,131,0.0,3539,409,26073
2,26484,131,0.0,3540,409,26075
2,26486,131,0.0,3541,409,26077
4,26490,131,0.0,3542,409,26081
3,26493,131,0.0,3543,409,26084
8,26501,131,0.0,3544,409,26092
7,26508,131,0.0,3545,409,26099
10,26518,131,0.0,3546,409,26109
9,26527,131,0.0,3547,409,26118
4,26531,131,0.0,3548,409,26122
10,26541,131,0.0,3549,409,26132
2,26543,131,0.0,3550,409,26134
10,26553,131,0.0,3551,409,26144
14,26567,131,0.0,3552,409,26158
3,26570,131,0.0,3553,409,26161
8,26578,131,0.0,3554,409,26169
5,26583,131,0.0,3555,409,26174
7,26590,131,0.0,3556,409,26181
2,26592,131,0.0,3557,409,26183
3,26595,131,0.0,3558,409,26186
13,26608,131,0.0,3559,409,26199
17,26625,131,0.0,3560,409,26216
2,26627,131,0.0,3561,409,26218
9,26636,131,0.0,3562,409,26227
2,26638,131,0.0,3563,409,26229
2,26640,131,0.0,3564,409,26231
8,26648,131,0.0,3565,409,26239
15,26663,132,1.0,3566,409,26254
7,26670,132,0.0,3567,409,26261
8,26678,132,0.0,3568,409,26269
12,26690,132,0.0,3569,409,26281
4,26694,132,0.0,3570,409,26285
2,26696,132,0.0,3571,409,26287
8,26704,132,0.0,3572,409,26295
15,26719,132,0.0,3573,409,26310
13,26732,132,0.0,3574,409,26323
13,26745,132,0.0,3575,409,26336
4,26749,132,0.0,3576,409,26340
4,26753,132,0.0,3577,409,26344
11,26764,132,0.0,3578,409,26355
8,26772,132,0.0,3579,409,26363
24,26796,132,0.0,3580,409,26387
3,26799,132,0.0,3581,409,26390
3,26802,132,0.0,3582,409,26393
7,26809,132,0.0,3583,409,26400
14,26823,132,0.0,3584,409,26414
2,26825,132,0.0,3585,409,26416
4,26829,132,0.0,3586,409,26420
4,26833,132,0.0,3587,409,26424
4,26837,132,0.0,3588,409,26428
7,26844,132,0.0,3589,409,26435
7,26851,132,0.0,3590,409,26442
5,26856,132,0.0,3591,409,26447
20,26876,132,0.0,3592,409,26467
5,26881,132,0.0,3593,409,26472
3,26884,132,0.0,3594,409,26475
14,26898,133,1.0,3595,409,26489
3,26901,133,0.0,3596,409,26492
7,26908,133,0.0,3597,409,26499
8,26916,133,0.0,3598,409,26507
9,26925,133,0.0,3599,409,26516
4,26929,133,0.0,3600,409,26520
2,26931,133,0.0,3601,409,26522
3,26934,133,0.0,3602,409,26525
7,26941,133,0.0,3603,409,26532
2,26943,133,0.0,3604,409,26534
14,26957,133,0.0,3605,409,26548
11,26968,133,0.0,3606,409,26559
3,26971,133,0.0,3607,409,26562
11,26982,133,0.0,3608,409,26573
11,26993,133,0.0,3609,409,26584
2,26995,133,0.0,3610,409,26586
6,27001,133,0.0,3611,409,26592
11,27012,133,0.0,3612,409,26603
14,27026,133,0.0,3613,409,26617
4,27030,133,0.0,3614,409,26621
5,27035,133,0.0,3615,409,26626
14,27049,133,0.0,3616,409,26640
2,27051,133,0.0,3617,409,26642
11,27062,133,0.0,3618,409,26653
3,27065,133,0.0,3619,409,26656
4,27069,133,0.0,3620,409,26660
4,27073,133,0.0,3621,409,26664
9,27082,133,0.0,3622,409,26673
11,27093,133,0.0,3623,409,26684
3,27096,133,0.0,3624,409,26687
4,27100,133,0.0,3625,409,26691
5,27105,133,0.0,3626,409,26696
5,27110,133,0.0,3627,409,26701
8,27118,133,0.0,3628,409,26709
8,27126,133,0.0,3629,409,26717
14,27140,133,0.0,3630,409,26731
2,27142,133,0.0,3631,409,26733
8,27150,133,0.0,3632,409,26741
3,27153,133,0.0,3633,409,26744
7,27160,133,0.0,3634,409,26751
2,27162,133,0.0,3635,409,26753
14,27176,134,1.0,3636,409,26767
7,27183,134,0.0,3637,409,26774
3,27186,134,0.0,3638,409,26777
15,27201,135,1.0,3639,409,26792
20,27221,135,0.0,3640,409,26812
2,27223,135,0.0,3641,409,26814
3,27226,135,0.0,3642,409,26817
3,27229,135,0.0,3643,409,26820
5,27234,135,0.0,3644,409,26825
7,27241,135,0.0,3645,409,26832
5,27246,135,0.0,3646,409,26837
4,27250,135,0.0,3647,409,26841
8,27258,135,0.0,3648,409,26849
18,27276,135,0.0,3649,409,26867
4,27280,135,0.0,3650,409,26871
18,27298,135,0.0,3651,409,26889
2,27300,135,0.0,3652,409,26891
8,27308,135,0.0,3653,409,26899
2,27310,135,0.0,3654,409,26901
15,27325,135,0.0,3655,409,26916
4,27329,135,0.0,3656,409,26920
9,27338,135,0.0,3657,409,26929
4,27342,135,0.0,3658,409,26933
2,27344,135,0.0,3659,409,26935
5,27349,135,0.0,3660,409,26940
4,27353,135,0.0,3661,409,26944
5,27358,135,0.0,3662,409,26949
2,27360,135,0.0,3663,409,26951
3,27363,135,0.0,3664,409,26954
12,27375,135,0.0,3665,409,26966
2,27377,135,0.0,3666,409,26968
8,27385,135,0.0,3667,409,26976
15,27400,136,1.0,3668,409,26991
8,27408,136,0.0,3669,409,26999
5,27413,136,0.0,3670,409,27004
4,27417,136,0.0,3671,409,27008
7,27424,136,0.0,3672,409,27015
2,27426,136,0.0,3673,409,27017
8,27434,136,0.0,3674,409,27025
2,27436,136,0.0,3675,409,27027
3,27439,136,0.0,3676,409,27030
2,27441,136,0.0,3677,409,27032
2,27443,136,0.0,3678,409,27034
2,27445,136,0.0,3679,409,27036
7,27452,136,0.0,3680,409,27043
10,27462,136,0.0,3681,409,27053
32,27494,136,0.0,3682,409,27085
10,27504,136,0.0,3683,409,27095
9,27513,136,0.0,3684,409,27104
2,27515,136,0.0,3685,409,27106
13,27528,136,0.0,3686,409,27119
2,27530,136,0.0,3687,409,27121
3,27533,136,0.0,3688,409,27124
5,27538,136,0.0,3689,409,27129
14,27552,136,0.0,3690,409,27143
4,27556,136,0.0,3691,409,27147
4,27560,136,0.0,3692,409,27151
16,27576,136,0.0,3693,409,27167
17,27593,136,0.0,3694,409,27184
14,27607,137,1.0,3695,409,27198
21,27628,137,0.0,3696,409,27219
7,27635,137,0.0,3697,409,27226
6,27641,137,0.0,3698,409,27232
15,27656,137,0.0,3699,409,27247
3,27659,137,0.0,3700,409,27250
15,27674,137,0.0,3701,409,27265
9,27683,137,0.0,3702,409,27274
14,27697,137,0.0,3703,409,27288
8,27705,137,0.0,3704,409,27296
2,27707,137,0.0,3705,409,27298
4,27711,137,0.0,3706,409,27302
4,27715,137,0.0,3707,409,27306
12,27727,137,0.0,3708,409,27318
14,27741,137,0.0,3709,409,27332
12,27753,137,0.0,3710,409,27344
6,27759,137,0.0,3711,409,27350
8,27767,137,0.0,3712,409,27358
7,27774,137,0.0,3713,409,27365
5,27779,137,0.0,3714,409,27370
13,27792,137,0.0,3715,409,27383
5,27797,137,0.0,3716,409,27388
5,27802,137,0.0,3717,409,27393
8,27810,137,0.0,3718,409,27401
10,27820,137,0.0,3719,409,27411
8,27828,137,0.0,3720,409,27419
2,27830,137,0.0,3721,409,27421
2,27832,137,0.0,3722,409,27423
3,27835,137,0.0,3723,409,27426
9,27844,137,0.0,3724,409,27435
15,27859,138,1.0,3725,409,27450
2,27861,138,0.0,3726,409,27452
2,27863,138,0.0,3727,409,27454
8,27871,138,0.0,3728,409,27462
3,27874,138,0.0,3729,409,27465
2,27876,138,0.0,3730,409,27467
6,27882,138,0.0,3731,409,27473
8,27890,138,0.0,3732,409,27481
2,27892,138,0.0,3733,409,27483
3,27895,138,0.0,3734,409,27486
9,27904,138,0.0,3735,409,27495
14,27918,138,0.0,3736,409,27509
3,27921,138,0.0,3737,409,27512
7,27928,138,0.0,3738,409,27519
13,27941,138,0.0,3739,409,27532
2,27943,138,0.0,3740,409,27534
14,27957,138,0.0,3741,409,27548
4,27961,138,0.0,3742,409,27552
8,27969,138,0.0,3743,409,27560
2,27971,138,0.0,3744,409,27562
2,27973,138,0.0,3745,409,27564
6,27979,138,0.0,3746,409,27570
3,27982,138,0.0,3747,409,27573
6,27988,138,0.0,3748,409,27579
2,27990,138,0.0,3749,409,27581
3,27993,138,0.0,3750,409,27584
2,27995,138,0.0,3751,409,27586
2,27997,138,0.0,3752,409,27588
4,28001,138,0.0,3753,409,27592
8,28009,138,0.0,3754,409,27600
2,28011,138,0.0,3755,409,27602
2,28013,138,0.0,3756,409,27604
3,28016,138,0.0,3757,409,27607
8,28024,138,0.0,3758,409,27615
15,28039,138,0.0,3759,409,27630
12,28051,138,0.0,3760,409,27642
24,28075,138,0.0,3761,409,27666
12,28087,138,0.0,3762,409,27678
7,28094,138,0.0,3763,409,27685
2,28096,138,0.0,3764,409,27687
6,28102,138,0.0,3765,409,27693
11,28113,138,0.0,3766,409,27704
2,28115,138,0.0,3767,409,27706
5,28120,138,0.0,3768,409,27711
10,28130,138,0.0,3769,409,27721
6,28136,138,0.0,3770,409,27727
2,28138,138,0.0,3771,409,27729
12,28150,138,0.0,3772,409,27741
2,28152,138,0.0,3773,409,27743
4,28156,138,0.0,3774,409,27747
8,28164,138,0.0,3775,409,27755
5,28169,138,0.0,3776,409,27760
2,28171,138,0.0,3777,409,27762
9,28180,138,0.0,3778,409,27771
7,28187,138,0.0,3779,409,27778
5,28192,138,0.0,3780,409,27783
3,28195,138,0.0,3781,409,27786
14,28209,138,0.0,3782,409,27800
11,28220,138,0.0,3783,409,27811
7,28227,138,0.0,3784,409,27818
2,28229,138,0.0,3785,409,27820
4,28233,138,0.0,3786,409,27824
7,28240,138,0.0,3787,409,27831
2,28242,138,0.0,3788,409,27833
5,28247,138,0.0,3789,409,27838
2,28249,138,0.0,3790,409,27840
6,28255,138,0.0,3791,409,27846
2,28257,138,0.0,3792,409,27848
6,28263,138,0.0,3793,409,27854
7,28270,138,0.0,3794,409,27861
3,28273,138,0.0,3795,409,27864
8,28281,138,0.0,3796,409,27872
2,28283,138,0.0,3797,409,27874
8,28291,138,0.0,3798,409,27882
7,28298,138,0.0,3799,409,27889
2,28300,138,0.0,3800,409,27891
14,28314,138,0.0,3801,409,27905
9,28323,138,0.0,3802,409,27914
5,28328,138,0.0,3803,409,27919
12,28340,138,0.0,3804,409,27931
5,28345,138,0.0,3805,409,27936
3,28348,138,0.0,3806,409,27939
14,28362,138,0.0,3807,409,27953
2,28364,138,0.0,3808,409,27955
10,28374,138,0.0,3809,409,27965
5,28379,138,0.0,3810,409,27970
4,28383,138,0.0,3811,409,27974
4,28387,138,0.0,3812,409,27978
8,28395,138,0.0,3813,409,27986
4,28399,138,0.0,3814,409,27990
3,28402,138,0.0,3815,409,27993
2,28404,138,0.0,3816,409,27995
7,28411,138,0.0,3817,409,28002
2,28413,138,0.0,3818,409,28004
3,28416,138,0.0,3819,409,28007
5,28421,138,0.0,3820,409,28012
2,28423,138,0.0,3821,409,28014
2,28425,138,0.0,3822,409,28016
12,28437,138,0.0,3823,409,28028
2,28439,138,0.0,3824,409,28030
2,28441,138,0.0,3825,409,28032
6,28447,138,0.0,3826,409,28038
3,28450,138,0.0,3827,409,28041
6,28456,138,0.0,3828,409,28047
20,28476,138,0.0,3829,409,28067
3,28479,138,0.0,3830,409,28070
3,28482,138,0.0,3831,409,28073
7,28489,138,0.0,3832,409,28080
8,28497,138,0.0,3833,409,28088
6,28503,138,0.0,3834,409,28094
9,28512,138,0.0,3835,409,28103
4,28516,138,0.0,3836,409,28107
2,28518,138,0.0,3837,409,28109
5,28523,138,0.0,3838,409,28114
8,28531,138,0.0,3839,409,28122
5,28536,138,0.0,3840,409,28127
7,28543,138,0.0,3841,409,28134
8,28551,138,0.0,3842,409,28142
4,28555,138,0.0,3843,409,28146
3,28558,138,0.0,3844,409,28149
14,28572,138,0.0,3845,409,28163
8,28580,138,0.0,3846,409,28171
8,28588,138,0.0,3847,409,28179
15,28603,138,0.0,3848,409,28194
16,28619,138,0.0,3849,409,28210
2,28621,138,0.0,3850,409,28212
5,28626,138,0.0,3851,409,28217
11,28637,138,0.0,3852,409,28228
7,28644,138,0.0,3853,409,28235
16,28660,138,0.0,3854,409,28251
9,28669,138,0.0,3855,409,28260
10,28679,138,0.0,3856,409,28270
3,28682,138,0.0,3857,409,28273
15,28697,138,0.0,3858,409,28288
10,28707,138,0.0,3859,409,28298
5,28712,138,0.0,3860,409,28303
2,28714,138,0.0,3861,409,28305
4,28718,138,0.0,3862,409,28309
4,28722,138,0.0,3863,409,28313
15,28737,138,0.0,3864,409,28328
4,28741,138,0.0,3865,409,28332
10,28751,138,0.0,3866,409,28342
2,28753,138,0.0,3867,409,28344
2,28755,138,0.0,3868,409,28346
4,28759,138,0.0,3869,409,28350
14,28773,138,0.0,3870,409,28364
6,28779,138,0.0,3871,409,28370
14,28793,138,0.0,3872,409,28384
2,28795,138,0.0,3873,409,28386
2,28797,138,0.0,3874,409,28388
3,28800,138,0.0,3875,409,28391
7,28807,138,0.0,3876,409,28398
9,28816,138,0.0,3877,409,28407
5,28821,138,0.0,3878,409,28412
6,28827,138,0.0,3879,409,28418
2,28829,138,0.0,3880,409,28420
9,28838,138,0.0,3881,409,28429
8,28846,138,0.0,3882,409,28437
2,28848,138,0.0,3883,409,28439
4,28852,138,0.0,3884,409,28443
5,28857,138,0.0,3885,409,28448
4,28861,138,0.0,3886,409,28452
4,28865,138,0.0,3887,409,28456
2,28867,138,0.0,3888,409,28458
2,28869,138,0.0,3889,409,28460
9,28878,138,0.0,3890,409,28469
2,28880,138,0.0,3891,409,28471
6,28886,138,0.0,3892,409,28477
15,28901,138,0.0,3893,409,28492
5,28906,138,0.0,3894,409,28497
2,28908,138,0.0,3895,409,28499
2,28910,138,0.0,3896,409,28501
4,28914,138,0.0,3897,409,28505
10,28924,138,0.0,3898,409,28515
7,28931,138,0.0,3899,409,28522
20,28951,138,0.0,3900,409,28542
3,28954,138,0.0,3901,409,28545
2,28956,138,0.0,3902,409,28547
15,28971,138,0.0,3903,409,28562
4,28975,138,0.0,3904,409,28566
2,28977,138,0.0,3905,409,28568
5,28982,138,0.0,3906,409,28573
2,28984,138,0.0,3907,409,28575
8,28992,138,0.0,3908,409,28583
6,28998,138,0.0,3909,409,28589
6,29004,138,0.0,3910,409,28595
2,29006,138,0.0,3911,409,28597
10,29016,138,0.0,3912,409,28607
8,29024,138,0.0,3913,409,28615
7,29031,138,0.0,3914,409,28622
4,29035,138,0.0,3915,409,28626
2,29037,138,0.0,3916,409,28628
6,29043,138,0.0,3917,409,28634
2,29045,138,0.0,3918,409,28636
19,29064,138,0.0,3919,409,28655
10,29074,138,0.0,3920,409,28665
10,29084,138,0.0,3921,409,28675
2,29086,138,0.0,3922,409,28677
7,29093,138,0.0,3923,409,28684
8,29101,138,0.0,3924,409,28692
6,29107,138,0.0,3925,409,28698
12,29119,138,0.0,3926,409,28710
9,29128,138,0.0,3927,409,28719
5,29133,138,0.0,3928,409,28724
10,29143,138,0.0,3929,409,28734
14,29157,138,0.0,3930,409,28748
4,29161,138,0.0,3931,409,28752
2,29163,138,0.0,3932,409,28754
4,29167,138,0.0,3933,409,28758
13,29180,138,0.0,3934,409,28771
10,29190,138,0.0,3935,409,28781
7,29197,138,0.0,3936,409,28788
14,29211,139,1.0,3937,409,28802
10,29221,139,0.0,3938,409,28812
5,29226,139,0.0,3939,409,28817
9,29235,139,0.0,3940,409,28826
14,29249,139,0.0,3941,409,28840
8,29257,139,0.0,3942,409,28848
19,29276,139,0.0,3943,409,28867
7,29283,139,0.0,3944,409,28874
11,29294,139,0.0,3945,409,28885
2,29296,139,0.0,3946,409,28887
2,29298,139,0.0,3947,409,28889
8,29306,139,0.0,3948,409,28897
6,29312,139,0.0,3949,409,28903
2,29314,139,0.0,3950,409,28905
21,29335,139,0.0,3951,409,28926
6,29341,139,0.0,3952,409,28932
7,29348,139,0.0,3953,409,28939
2,29350,139,0.0,3954,409,28941
15,29365,139,0.0,3955,409,28956
10,29375,139,0.0,3956,409,28966
9,29384,139,0.0,3957,409,28975
4,29388,139,0.0,3958,409,28979
2,29390,139,0.0,3959,409,28981
9,29399,139,0.0,3960,409,28990
7,29406,139,0.0,3961,409,28997
6,29412,139,0.0,3962,409,29003
15,29427,139,0.0,3963,409,29018
3,29430,139,0.0,3964,409,29021
4,29434,139,0.0,3965,409,29025
2,29436,139,0.0,3966,409,29027
12,29448,139,0.0,3967,409,29039
6,29454,139,0.0,3968,409,29045
10,29464,139,0.0,3969,409,29055
4,29468,139,0.0,3970,409,29059
4,29472,139,0.0,3971,409,29063
2,29474,139,0.0,3972,409,29065
7,29481,139,0.0,3973,409,29072
2,29483,139,0.0,3974,409,29074
12,29495,139,0.0,3975,409,29086
6,29501,139,0.0,3976,409,29092
2,29503,139,0.0,3977,409,29094
3,29506,139,0.0,3978,409,29097
6,29512,139,0.0,3979,409,29103
11,29523,139,0.0,3980,409,29114
11,29534,139,0.0,3981,409,29125
6,29540,139,0.0,3982,409,29131
20,29560,139,0.0,3983,409,29151
5,29565,139,0.0,3984,409,29156
16,29581,139,0.0,3985,409,29172
7,29588,139,0.0,3986,409,29179
15,29603,139,0.0,3987,409,29194
2,29605,139,0.0,3988,409,29196
2,29607,139,0.0,3989,409,29198
6,29613,139,0.0,3990,409,29204
8,29621,139,0.0,3991,409,29212
7,29628,139,0.0,3992,409,29219
19,29647,139,0.0,3993,409,29238
27,29674,140,1.0,3994,409,29265
8,29682,140,0.0,3995,409,29273
10,29692,140,0.0,3996,409,29283
11,29703,140,0.0,3997,409,29294
17,29720,140,0.0,3998,409,29311
2,29722,140,0.0,3999,409,29313
15,29737,140,0.0,4000,409,29328
13,29750,140,0.0,4001,409,29341
5,29755,140,0.0,4002,409,29346
2,29757,140,0.0,4003,409,29348
6,29763,140,0.0,4004,409,29354
2,29765,140,0.0,4005,409,29356
7,29772,140,0.0,4006,409,29363
31,29803,140,0.0,4007,409,29394
10,29813,140,0.0,4008,409,29404
2,29815,140,0.0,4009,409,29406
10,29825,140,0.0,4010,409,29416
8,29833,140,0.0,4011,409,29424
7,29840,140,0.0,4012,409,29431
3,29843,140,0.0,4013,409,29434
16,29859,140,0.0,4014,409,29450
11,29870,140,0.0,4015,409,29461
2,29872,140,0.0,4016,409,29463
4,29876,140,0.0,4017,409,29467
8,29884,140,0.0,4018,409,29475
7,29891,140,0.0,4019,409,29482
8,29899,140,0.0,4020,409,29490
7,29906,140,0.0,4021,409,29497
4,29910,140,0.0,4022,409,29501
2,29912,140,0.0,4023,409,29503
6,29918,140,0.0,4024,409,29509
3,29921,140,0.0,4025,409,29512
2,29923,140,0.0,4026,409,29514
2,29925,140,0.0,4027,409,29516
10,29935,140,0.0,4028,409,29526
9,29944,140,0.0,4029,409,29535
2,29946,140,0.0,4030,409,29537
6,29952,140,0.0,4031,409,29543
13,29965,140,0.0,4032,409,29556
10,29975,140,0.0,4033,409,29566
7,29982,140,0.0,4034,409,29573
7,29989,140,0.0,4035,409,29580
9,29998,140,0.0,4036,409,29589
16,30014,140,0.0,4037,409,29605
15,30029,140,0.0,4038,409,29620
8,30037,140,0.0,4039,409,29628
4,30041,140,0.0,4040,409,29632
10,30051,140,0.0,4041,409,29642
8,30059,140,0.0,4042,409,29650
15,30074,141,1.0,4043,409,29665
8,30082,141,0.0,4044,409,29673
15,30097,141,0.0,4045,409,29688
5,30102,141,0.0,4046,409,29693
10,30112,141,0.0,4047,409,29703
14,30126,141,0.0,4048,409,29717
8,30134,141,0.0,4049,409,29725
12,30146,141,0.0,4050,409,29737
10,30156,141,0.0,4051,409,29747
2,30158,141,0.0,4052,409,29749
16,30174,141,0.0,4053,409,29765
3,30177,141,0.0,4054,409,29768
6,30183,141,0.0,4055,409,29774
2,30185,141,0.0,4056,409,29776
5,30190,141,0.0,4057,409,29781
10,30200,141,0.0,4058,409,29791
3,30203,141,0.0,4059,409,29794
3,30206,141,0.0,4060,409,29797
5,30211,141,0.0,4061,409,29802
16,30227,141,0.0,4062,409,29818
9,30236,141,0.0,4063,409,29827
7,30243,141,0.0,4064,409,29834
7,30250,141,0.0,4065,409,29841
7,30257,141,0.0,4066,409,29848
20,30277,141,0.0,4067,409,29868
4,30281,141,0.0,4068,409,29872
23,30304,141,0.0,4069,409,29895
7,30311,141,0.0,4070,409,29902
11,30322,141,0.0,4071,409,29913
9,30331,141,0.0,4072,409,29922
2,30333,141,0.0,4073,409,29924
14,30347,141,0.0,4074,409,29938
2,30349,141,0.0,4075,409,29940
9,30358,141,0.0,4076,409,29949
3,30361,141,0.0,4077,409,29952
5,30366,141,0.0,4078,409,29957
2,30368,141,0.0,4079,409,29959
8,30376,141,0.0,4080,409,29967
2,30378,141,0.0,4081,409,29969
18,30396,141,0.0,4082,409,29987
5,30401,141,0.0,4083,409,29992
3,30404,141,0.0,4084,409,29995
7,30411,141,0.0,4085,409,30002
8,30419,141,0.0,4086,409,30010
4,30423,141,0.0,4087,409,30014
7,30430,141,0.0,4088,409,30021
18,30448,141,0.0,4089,409,30039
7,30455,141,0.0,4090,409,30046
5,30460,141,0.0,4091,409,30051
8,30468,141,0.0,4092,409,30059
4,30472,141,0.0,4093,409,30063
2,30474,141,0.0,4094,409,30065
8,30482,141,0.0,4095,409,30073
14,30496,141,0.0,4096,409,30087
13,30509,141,0.0,4097,409,30100
10,30519,141,0.0,4098,409,30110
8,30527,141,0.0,4099,409,30118
2,30529,141,0.0,4100,409,30120
5,30534,141,0.0,4101,409,30125
17,30551,141,0.0,4102,409,30142
9,30560,141,0.0,4103,409,30151
9,30569,141,0.0,4104,409,30160
2,30571,141,0.0,4105,409,30162
5,30576,141,0.0,4106,409,30167
7,30583,141,0.0,4107,409,30174
4,30587,141,0.0,4108,409,30178
9,30596,141,0.0,4109,409,30187
7,30603,141,0.0,4110,409,30194
17,30620,141,0.0,4111,409,30211
2,30622,141,0.0,4112,409,30213
8,30630,141,0.0,4113,409,30221
2,30632,141,0.0,4114,409,30223
3,30635,141,0.0,4115,409,30226
14,30649,141,0.0,4116,409,30240
8,30657,141,0.0,4117,409,30248
7,30664,141,0.0,4118,409,30255
10,30674,141,0.0,4119,409,30265
8,30682,141,0.0,4120,409,30273
10,30692,141,0.0,4121,409,30283
2,30694,141,0.0,4122,409,30285
8,30702,141,0.0,4123,409,30293
4,30706,141,0.0,4124,409,30297
6,30712,141,0.0,4125,409,30303
14,30726,141,0.0,4126,409,30317
12,30738,141,0.0,4127,409,30329
2,30740,141,0.0,4128,409,30331
18,30758,141,0.0,4129,409,30349
2,30760,141,0.0,4130,409,30351
2,30762,141,0.0,4131,409,30353
2,30764,141,0.0,4132,409,30355
4,30768,141,0.0,4133,409,30359
6,30774,141,0.0,4134,409,30365
2,30776,141,0.0,4135,409,30367
13,30789,141,0.0,4136,409,30380
3,30792,141,0.0,4137,409,30383
8,30800,141,0.0,4138,409,30391
8,30808,141,0.0,4139,409,30399
2,30810,141,0.0,4140,409,30401
8,30818,141,0.0,4141,409,30409
7,30825,141,0.0,4142,409,30416
2,30827,141,0.0,4143,409,30418
2,30829,141,0.0,4144,409,30420
7,30836,141,0.0,4145,409,30427
5,30841,141,0.0,4146,409,30432
12,30853,141,0.0,4147,409,30444
8,30861,141,0.0,4148,409,30452
2,30863,141,0.0,4149,409,30454
3,30866,141,0.0,4150,409,30457
7,30873,141,0.0,4151,409,30464
2,30875,141,0.0,4152,409,30466
3,30878,141,0.0,4153,409,30469
7,30885,141,0.0,4154,409,30476
8,30893,141,0.0,4155,409,30484
2,30895,141,0.0,4156,409,30486
4,30899,141,0.0,4157,409,30490
3,30902,141,0.0,4158,409,30493
10,30912,141,0.0,4159,409,30503
2,30914,141,0.0,4160,409,30505
4,30918,141,0.0,4161,409,30509
5,30923,141,0.0,4162,409,30514
4,30927,141,0.0,4163,409,30518
5,30932,141,0.0,4164,409,30523
15,30947,142,1.0,4165,409,30538
15,30962,142,0.0,4166,409,30553
7,30969,142,0.0,4167,409,30560
13,30982,142,0.0,4168,409,30573
6,30988,142,0.0,4169,409,30579
6,30994,142,0.0,4170,409,30585
4,30998,142,0.0,4171,409,30589
11,31009,142,0.0,4172,409,30600
8,31017,142,0.0,4173,409,30608
3,31020,142,0.0,4174,409,30611
7,31027,142,0.0,4175,409,30618
2,31029,142,0.0,4176,409,30620
2,31031,142,0.0,4177,409,30622
15,31046,142,0.0,4178,409,30637
5,31051,142,0.0,4179,409,30642
11,31062,142,0.0,4180,409,30653
17,31079,142,0.0,4181,409,30670
8,31087,142,0.0,4182,409,30678
3,31090,142,0.0,4183,409,30681
4,31094,142,0.0,4184,409,30685
8,31102,142,0.0,4185,409,30693
11,31113,142,0.0,4186,409,30704
8,31121,142,0.0,4187,409,30712
3,31124,142,0.0,4188,409,30715
2,31126,142,0.0,4189,409,30717
4,31130,142,0.0,4190,409,30721
4,31134,142,0.0,4191,409,30725
2,31136,142,0.0,4192,409,30727
10,31146,142,0.0,4193,409,30737
7,31153,142,0.0,4194,409,30744
8,31161,142,0.0,4195,409,30752
9,31170,142,0.0,4196,409,30761
2,31172,142,0.0,4197,409,30763
11,31183,142,0.0,4198,409,30774
11,31194,142,0.0,4199,409,30785
7,31201,142,0.0,4200,409,30792
8,31209,142,0.0,4201,409,30800
8,31217,142,0.0,4202,409,30808
5,31222,142,0.0,4203,409,30813
8,31230,142,0.0,4204,409,30821
8,31238,142,0.0,4205,409,30829
5,31243,142,0.0,4206,409,30834
12,31255,142,0.0,4207,409,30846
2,31257,142,0.0,4208,409,30848
9,31266,142,0.0,4209,409,30857
3,31269,142,0.0,4210,409,30860
8,31277,142,0.0,4211,409,30868
5,31282,142,0.0,4212,409,30873
2,31284,142,0.0,4213,409,30875
5,31289,142,0.0,4214,409,30880
12,31301,142,0.0,4215,409,30892
7,31308,142,0.0,4216,409,30899
10,31318,142,0.0,4217,409,30909
10,31328,142,0.0,4218,409,30919
2,31330,142,0.0,4219,409,30921
2,31332,142,0.0,4220,409,30923
7,31339,142,0.0,4221,409,30930
12,31351,142,0.0,4222,409,30942
4,31355,142,0.0,4223,409,30946
8,31363,142,0.0,4224,409,30954
4,31367,142,0.0,4225,409,30958
2,31369,142,0.0,4226,409,30960
2,31371,142,0.0,4227,409,30962
4,31375,142,0.0,4228,409,30966
2,31377,142,0.0,4229,409,30968
2,31379,142,0.0,4230,409,30970
2,31381,142,0.0,4231,409,30972
6,31387,142,0.0,4232,409,30978
15,31402,143,1.0,4233,409,30993
4,31406,143,0.0,4234,409,30997
3,31409,143,0.0,4235,409,31000
5,31414,143,0.0,4236,409,31005
8,31422,143,0.0,4237,409,31013
8,31430,143,0.0,4238,409,31021
7,31437,143,0.0,4239,409,31028
3,31440,143,0.0,4240,409,31031
3,31443,143,0.0,4241,409,31034
2,31445,143,0.0,4242,409,31036
6,31451,143,0.0,4243,409,31042
15,31466,143,0.0,4244,409,31057
5,31471,143,0.0,4245,409,31062
23,31494,143,0.0,4246,409,31085
15,31509,143,0.0,4247,409,31100
13,31522,143,0.0,4248,409,31113
2,31524,143,0.0,4249,409,31115
21,31545,143,0.0,4250,409,31136
8,31553,143,0.0,4251,409,31144
4,31557,143,0.0,4252,409,31148
17,31574,143,0.0,4253,409,31165
5,31579,143,0.0,4254,409,31170
12,31591,143,0.0,4255,409,31182
2,31593,143,0.0,4256,409,31184
2,31595,143,0.0,4257,409,31186
3,31598,143,0.0,4258,409,31189
2,31600,143,0.0,4259,409,31191
10,31610,143,0.0,4260,409,31201
13,31623,143,0.0,4261,409,31214
2,31625,143,0.0,4262,409,31216
4,31629,143,0.0,4263,409,31220
15,31644,143,0.0,4264,409,31235
8,31652,143,0.0,4265,409,31243
7,31659,143,0.0,4266,409,31250
2,31661,143,0.0,4267,409,31252
2,31663,143,0.0,4268,409,31254
3,31666,143,0.0,4269,409,31257
10,31676,143,0.0,4270,409,31267
23,31699,143,0.0,4271,409,31290
9,31708,143,0.0,4272,409,31299
9,31717,143,0.0,4273,409,31308
2,31719,143,0.0,4274,409,31310
5,31724,143,0.0,4275,409,31315
10,31734,143,0.0,4276,409,31325
2,31736,143,0.0,4277,409,31327
2,31738,143,0.0,4278,409,31329
10,31748,143,0.0,4279,409,31339
4,31752,143,0.0,4280,409,31343
2,31754,143,0.0,4281,409,31345
2,31756,143,0.0,4282,409,31347
4,31760,143,0.0,4283,409,31351
2,31762,143,0.0,4284,409,31353
8,31770,143,0.0,4285,409,31361
2,31772,143,0.0,4286,409,31363
7,31779,143,0.0,4287,409,31370
3,31782,143,0.0,4288,409,31373
10,31792,143,0.0,4289,409,31383
16,31808,143,0.0,4290,409,31399
3,31811,143,0.0,4291,409,31402
6,31817,143,0.0,4292,409,31408
31,31848,143,0.0,4293,409,31439
2,31850,143,0.0,4294,409,31441
4,31854,143,0.0,4295,409,31445
2,31856,143,0.0,4296,409,31447
2,31858,143,0.0,4297,409,31449
2,31860,143,0.0,4298,409,31451
4,31864,143,0.0,4299,409,31455
2,31866,143,0.0,4300,409,31457
5,31871,143,0.0,4301,409,31462
13,31884,143,0.0,4302,409,31475
9,31893,143,0.0,4303,409,31484
19,31912,143,0.0,4304,409,31503
3,31915,143,0.0,4305,409,31506
8,31923,143,0.0,4306,409,31514
4,31927,143,0.0,4307,409,31518
7,31934,143,0.0,4308,409,31525
9,31943,143,0.0,4309,409,31534
3,31946,143,0.0,4310,409,31537
10,31956,143,0.0,4311,409,31547
15,31971,143,0.0,4312,409,31562
5,31976,143,0.0,4313,409,31567
6,31982,143,0.0,4314,409,31573
8,31990,143,0.0,4315,409,31581
5,31995,143,0.0,4316,409,31586
13,32008,143,0.0,4317,409,31599
5,32013,143,0.0,4318,409,31604
2,32015,143,0.0,4319,409,31606
8,32023,143,0.0,4320,409,31614
4,32027,143,0.0,4321,409,31618
2,32029,143,0.0,4322,409,31620
2,32031,143,0.0,4323,409,31622
4,32035,143,0.0,4324,409,31626
16,32051,143,0.0,4325,409,31642
20,32071,143,0.0,4326,409,31662
10,32081,143,0.0,4327,409,31672
2,32083,143,0.0,4328,409,31674
7,32090,143,0.0,4329,409,31681
8,32098,143,0.0,4330,409,31689
24,32122,143,0.0,4331,409,31713
15,32137,143,0.0,4332,409,31728
2,32139,143,0.0,4333,409,31730
7,32146,143,0.0,4334,409,31737
2,32148,143,0.0,4335,409,31739
6,32154,143,0.0,4336,409,31745
8,32162,143,0.0,4337,409,31753
7,32169,143,0.0,4338,409,31760
4,32173,143,0.0,4339,409,31764
7,32180,143,0.0,4340,409,31771
2,32182,143,0.0,4341,409,31773
3,32185,143,0.0,4342,409,31776
9,32194,143,0.0,4343,409,31785
6,32200,143,0.0,4344,409,31791
16,32216,143,0.0,4345,409,31807
10,32226,143,0.0,4346,409,31817
14,32240,143,0.0,4347,409,31831
8,32248,143,0.0,4348,409,31839
6,32254,143,0.0,4349,409,31845
2,32256,143,0.0,4350,409,31847
15,32271,144,1.0,4351,409,31862
8,32279,144,0.0,4352,409,31870
8,32287,144,0.0,4353,409,31878
6,32293,144,0.0,4354,409,31884
7,32300,144,0.0,4355,409,31891
7,32307,144,0.0,4356,409,31898
6,32313,144,0.0,4357,409,31904
3,32316,144,0.0,4358,409,31907
9,32325,144,0.0,4359,409,31916
4,32329,144,0.0,4360,409,31920
5,32334,144,0.0,4361,409,31925
3,32337,144,0.0,4362,409,31928
7,32344,144,0.0,4363,409,31935
7,32351,144,0.0,4364,409,31942
2,32353,144,0.0,4365,409,31944
17,32370,144,0.0,4366,409,31961
9,32379,144,0.0,4367,409,31970
9,32388,144,0.0,4368,409,31979
7,32395,144,0.0,4369,409,31986
2,32397,144,0.0,4370,409,31988
14,32411,144,0.0,4371,409,32002
6,32417,144,0.0,4372,409,32008
4,32421,144,0.0,4373,409,32012
10,32431,144,0.0,4374,409,32022
2,32433,144,0.0,4375,409,32024
7,32440,144,0.0,4376,409,32031
10,32450,144,0.0,4377,409,32041
3,32453,144,0.0,4378,409,32044
15,32468,145,1.0,4379,409,32059
2,32470,145,0.0,4380,409,32061
23,32493,145,0.0,4381,409,32084
6,32499,145,0.0,4382,409,32090
13,32512,145,0.0,4383,409,32103
5,32517,145,0.0,4384,409,32108
18,32535,145,0.0,4385,409,32126
3,32538,145,0.0,4386,409,32129
10,32548,145,0.0,4387,409,32139
5,32553,145,0.0,4388,409,32144
19,32572,145,0.0,4389,409,32163
13,32585,145,0.0,4390,409,32176
14,32599,145,0.0,4391,409,32190
7,32606,145,0.0,4392,409,32197
4,32610,145,0.0,4393,409,32201
21,32631,145,0.0,4394,409,32222
4,32635,145,0.0,4395,409,32226
8,32643,145,0.0,4396,409,32234
5,32648,145,0.0,4397,409,32239
6,32654,145,0.0,4398,409,32245
7,32661,145,0.0,4399,409,32252
2,32663,145,0.0,4400,409,32254
2,32665,145,0.0,4401,409,32256
3,32668,145,0.0,4402,409,32259
8,32676,145,0.0,4403,409,32267
5,32681,145,0.0,4404,409,32272
10,32691,145,0.0,4405,409,32282
5,32696,145,0.0,4406,409,32287
14,32710,145,0.0,4407,409,32301
5,32715,145,0.0,4408,409,32306
4,32719,145,0.0,4409,409,32310
2,32721,145,0.0,4410,409,32312
6,32727,145,0.0,4411,409,32318
7,32734,145,0.0,4412,409,32325
8,32742,145,0.0,4413,409,32333
10,32752,145,0.0,4414,409,32343
5,32757,145,0.0,4415,409,32348
2,32759,145,0.0,4416,409,32350
2,32761,145,0.0,4417,409,32352
4,32765,145,0.0,4418,409,32356
2,32767,145,0.0,4419,409,32358
9,32776,145,0.0,4420,409,32367
4,32780,145,0.0,4421,409,32371
4,32784,145,0.0,4422,409,32375
8,32792,145,0.0,4423,409,32383
10,32802,145,0.0,4424,409,32393
14,32816,146,1.0,4425,409,32407
2,32818,146,0.0,4426,409,32409
2,32820,146,0.0,4427,409,32411
16,32836,146,0.0,4428,409,32427
15,32851,146,0.0,4429,409,32442
6,32857,146,0.0,4430,409,32448
14,32871,146,0.0,4431,409,32462
2,32873,146,0.0,4432,409,32464
4,32877,146,0.0,4433,409,32468
4,32881,146,0.0,4434,409,32472
8,32889,146,0.0,4435,409,32480
3,32892,146,0.0,4436,409,32483
8,32900,146,0.0,4437,409,32491
2,32902,146,0.0,4438,409,32493
3,32905,146,0.0,4439,409,32496
19,32924,146,0.0,4440,409,32515
2,32926,146,0.0,4441,409,32517
13,32939,146,0.0,4442,409,32530
2,32941,146,0.0,4443,409,32532
8,32949,146,0.0,4444,409,32540
3,32952,146,0.0,4445,409,32543
10,32962,146,0.0,4446,409,32553
8,32970,146,0.0,4447,409,32561
4,32974,146,0.0,4448,409,32565
2,32976,146,0.0,4449,409,32567
3,32979,146,0.0,4450,409,32570
8,32987,146,0.0,4451,409,32578
2,32989,146,0.0,4452,409,32580
2,32991,146,0.0,4453,409,32582
8,32999,146,0.0,4454,409,32590
2,33001,146,0.0,4455,409,32592
10,33011,146,0.0,4456,409,32602
7,33018,146,0.0,4457,409,32609
4,33022,146,0.0,4458,409,32613
5,33027,146,0.0,4459,409,32618
5,33032,146,0.0,4460,409,32623
16,33048,146,0.0,4461,409,32639
3,33051,146,0.0,4462,409,32642
2,33053,146,0.0,4463,409,32644
6,33059,146,0.0,4464,409,32650
23,33082,146,0.0,4465,409,32673
14,33096,146,0.0,4466,409,32687
5,33101,146,0.0,4467,409,32692
2,33103,146,0.0,4468,409,32694
4,33107,146,0.0,4469,409,32698
14,33121,146,0.0,4470,409,32712
4,33125,146,0.0,4471,409,32716
12,33137,146,0.0,4472,409,32728
2,33139,146,0.0,4473,409,32730
9,33148,146,0.0,4474,409,32739
4,33152,146,0.0,4475,409,32743
3,33155,146,0.0,4476,409,32746
10,33165,146,0.0,4477,409,32756
3,33168,146,0.0,4478,409,32759
7,33175,146,0.0,4479,409,32766
22,33197,146,0.0,4480,409,32788
5,33202,146,0.0,4481,409,32793
11,33213,146,0.0,4482,409,32804
2,33215,146,0.0,4483,409,32806
5,33220,146,0.0,4484,409,32811
4,33224,146,0.0,4485,409,32815
2,33226,146,0.0,4486,409,32817
2,33228,146,0.0,4487,409,32819
2,33230,146,0.0,4488,409,32821
15,33245,147,1.0,4489,409,32836
2,33247,147,0.0,4490,409,32838
2,33249,147,0.0,4491,409,32840
2,33251,147,0.0,4492,409,32842
2,33253,147,0.0,4493,409,32844
8,33261,147,0.0,4494,409,32852
15,33276,147,0.0,4495,409,32867
18,33294,147,0.0,4496,409,32885
6,33300,147,0.0,4497,409,32891
4,33304,147,0.0,4498,409,32895
2,33306,147,0.0,4499,409,32897
2,33308,147,0.0,4500,409,32899
4,33312,147,0.0,4501,409,32903
16,33328,147,0.0,4502,409,32919
8,33336,147,0.0,4503,409,32927
2,33338,147,0.0,4504,409,32929
6,33344,147,0.0,4505,409,32935
7,33351,147,0.0,4506,409,32942
2,33353,147,0.0,4507,409,32944
8,33361,147,0.0,4508,409,32952
5,33366,147,0.0,4509,409,32957
6,33372,147,0.0,4510,409,32963
10,33382,147,0.0,4511,409,32973
7,33389,147,0.0,4512,409,32980
3,33392,147,0.0,4513,409,32983
2,33394,147,0.0,4514,409,32985
4,33398,147,0.0,4515,409,32989
5,33403,147,0.0,4516,409,32994
8,33411,147,0.0,4517,409,33002
8,33419,147,0.0,4518,409,33010
5,33424,147,0.0,4519,409,33015
24,33448,147,0.0,4520,409,33039
14,33462,147,0.0,4521,409,33053
5,33467,147,0.0,4522,409,33058
9,33476,147,0.0,4523,409,33067
2,33478,147,0.0,4524,409,33069
8,33486,147,0.0,4525,409,33077
5,33491,147,0.0,4526,409,33082
2,33493,147,0.0,4527,409,33084
6,33499,147,0.0,4528,409,33090
4,33503,147,0.0,4529,409,33094
2,33505,147,0.0,4530,409,33096
4,33509,147,0.0,4531,409,33100
10,33519,147,0.0,4532,409,33110
2,33521,147,0.0,4533,409,33112
2,33523,147,0.0,4534,409,33114
4,33527,147,0.0,4535,409,33118
11,33538,147,0.0,4536,409,33129
8,33546,147,0.0,4537,409,33137
8,33554,147,0.0,4538,409,33145
2,33556,147,0.0,4539,409,33147
3,33559,147,0.0,4540,409,33150
10,33569,147,0.0,4541,409,33160
6,33575,147,0.0,4542,409,33166
10,33585,147,0.0,4543,409,33176
7,33592,147,0.0,4544,409,33183
2,33594,147,0.0,4545,409,33185
4,33598,147,0.0,4546,409,33189
8,33606,147,0.0,4547,409,33197
11,33617,147,0.0,4548,409,33208
7,33624,147,0.0,4549,409,33215
6,33630,147,0.0,4550,409,33221
20,33650,147,0.0,4551,409,33241
8,33658,147,0.0,4552,409,33249
7,33665,147,0.0,4553,409,33256
6,33671,147,0.0,4554,409,33262
14,33685,148,1.0,4555,409,33276
4,33689,148,0.0,4556,409,33280
2,33691,148,0.0,4557,409,33282
11,33702,148,0.0,4558,409,33293
9,33711,148,0.0,4559,409,33302
12,33723,148,0.0,4560,409,33314
5,33728,148,0.0,4561,409,33319
2,33730,148,0.0,4562,409,33321
2,33732,148,0.0,4563,409,33323
5,33737,148,0.0,4564,409,33328
2,33739,148,0.0,4565,409,33330
5,33744,148,0.0,4566,409,33335
2,33746,148,0.0,4567,409,33337
4,33750,148,0.0,4568,409,33341
10,33760,148,0.0,4569,409,33351
7,33767,148,0.0,4570,409,33358
2,33769,148,0.0,4571,409,33360
6,33775,148,0.0,4572,409,33366
12,33787,148,0.0,4573,409,33378
7,33794,148,0.0,4574,409,33385
2,33796,148,0.0,4575,409,33387
2,33798,148,0.0,4576,409,33389
7,33805,148,0.0,4577,409,33396
2,33807,148,0.0,4578,409,33398
5,33812,148,0.0,4579,409,33403
15,33827,149,1.0,4580,409,33418
8,33835,149,0.0,4581,409,33426
4,33839,149,0.0,4582,409,33430
6,33845,149,0.0,4583,409,33436
3,33848,149,0.0,4584,409,33439
24,33872,149,0.0,4585,409,33463
3,33875,149,0.0,4586,409,33466
2,33877,149,0.0,4587,409,33468
14,33891,149,0.0,4588,409,33482
4,33895,149,0.0,4589,409,33486
2,33897,149,0.0,4590,409,33488
20,33917,149,0.0,4591,409,33508
2,33919,149,0.0,4592,409,33510
4,33923,149,0.0,4593,409,33514
6,33929,149,0.0,4594,409,33520
15,33944,150,1.0,4595,409,33535
20,33964,150,0.0,4596,409,33555
4,33968,150,0.0,4597,409,33559
9,33977,150,0.0,4598,409,33568
6,33983,150,0.0,4599,409,33574
9,33992,150,0.0,4600,409,33583
2,33994,150,0.0,4601,409,33585
7,34001,150,0.0,4602,409,33592
3,34004,150,0.0,4603,409,33595
4,34008,150,0.0,4604,409,33599
8,34016,150,0.0,4605,409,33607
4,34020,150,0.0,4606,409,33611
4,34024,150,0.0,4607,409,33615
8,34032,150,0.0,4608,409,33623
2,34034,150,0.0,4609,409,33625
2,34036,150,0.0,4610,409,33627
4,34040,150,0.0,4611,409,33631
9,34049,150,0.0,4612,409,33640
3,34052,150,0.0,4613,409,33643
8,34060,150,0.0,4614,409,33651
7,34067,150,0.0,4615,409,33658
3,34070,150,0.0,4616,409,33661
2,34072,150,0.0,4617,409,33663
3,34075,150,0.0,4618,409,33666
2,34077,150,0.0,4619,409,33668
4,34081,150,0.0,4620,409,33672
2,34083,150,0.0,4621,409,33674
8,34091,150,0.0,4622,409,33682
7,34098,150,0.0,4623,409,33689
3,34101,150,0.0,4624,409,33692
7,34108,150,0.0,4625,409,33699
5,34113,150,0.0,4626,409,33704
5,34118,150,0.0,4627,409,33709
4,34122,150,0.0,4628,409,33713
5,34127,150,0.0,4629,409,33718
8,34135,150,0.0,4630,409,33726
7,34142,150,0.0,4631,409,33733
10,34152,150,0.0,4632,409,33743
12,34164,150,0.0,4633,409,33755
12,34176,150,0.0,4634,409,33767
2,34178,150,0.0,4635,409,33769
2,34180,150,0.0,4636,409,33771
2,34182,150,0.0,4637,409,33773
2,34184,150,0.0,4638,409,33775
21,34205,150,0.0,4639,409,33796
15,34220,150,0.0,4640,409,33811
3,34223,150,0.0,4641,409,33814
2,34225,150,0.0,4642,409,33816
4,34229,150,0.0,4643,409,33820
6,34235,150,0.0,4644,409,33826
5,34240,150,0.0,4645,409,33831
10,34250,150,0.0,4646,409,33841
2,34252,150,0.0,4647,409,33843
13,34265,150,0.0,4648,409,33856
9,34274,150,0.0,4649,409,33865
2,34276,150,0.0,4650,409,33867
9,34285,150,0.0,4651,409,33876
2,34287,150,0.0,4652,409,33878
8,34295,150,0.0,4653,409,33886
5,34300,150,0.0,4654,409,33891
8,34308,150,0.0,4655,409,33899
18,34326,150,0.0,4656,409,33917
7,34333,150,0.0,4657,409,33924
4,34337,150,0.0,4658,409,33928
8,34345,150,0.0,4659,409,33936
2,34347,150,0.0,4660,409,33938
3,34350,150,0.0,4661,409,33941
15,34365,151,1.0,4662,409,33956
3,34368,151,0.0,4663,409,33959
8,34376,151,0.0,4664,409,33967
10,34386,151,0.0,4665,409,33977
8,34394,151,0.0,4666,409,33985
7,34401,151,0.0,4667,409,33992
19,34420,151,0.0,4668,409,34011
11,34431,151,0.0,4669,409,34022
4,34435,151,0.0,4670,409,34026
2,34437,151,0.0,4671,409,34028
15,34452,152,1.0,4672,409,34043
4,34456,152,0.0,4673,409,34047
4,34460,152,0.0,4674,409,34051
2,34462,152,0.0,4675,409,34053
7,34469,152,0.0,4676,409,34060
7,34476,152,0.0,4677,409,34067
4,34480,152,0.0,4678,409,34071
2,34482,152,0.0,4679,409,34073
7,34489,152,0.0,4680,409,34080
20,34509,152,0.0,4681,409,34100
7,34516,152,0.0,4682,409,34107
2,34518,152,0.0,4683,409,34109
2,34520,152,0.0,4684,409,34111
2,34522,152,0.0,4685,409,34113
4,34526,152,0.0,4686,409,34117
5,34531,152,0.0,4687,409,34122
4,34535,152,0.0,4688,409,34126
5,34540,152,0.0,4689,409,34131
2,34542,152,0.0,4690,409,34133
24,34566,153,1.0,4691,409,34157
9,34575,153,0.0,4692,409,34166
7,34582,153,0.0,4693,409,34173
5,34587,153,0.0,4694,409,34178
10,34597,153,0.0,4695,409,34188
2,34599,153,0.0,4696,409,34190
5,34604,153,0.0,4697,409,34195
22,34626,153,0.0,4698,409,34217
12,34638,153,0.0,4699,409,34229
5,34643,153,0.0,4700,409,34234
2,34645,153,0.0,4701,409,34236
4,34649,153,0.0,4702,409,34240
10,34659,153,0.0,4703,409,34250
13,34672,153,0.0,4704,409,34263
2,34674,153,0.0,4705,409,34265
10,34684,153,0.0,4706,409,34275
3,34687,153,0.0,4707,409,34278
10,34697,153,0.0,4708,409,34288
4,34701,153,0.0,4709,409,34292
5,34706,153,0.0,4710,409,34297
2,34708,153,0.0,4711,409,34299
8,34716,153,0.0,4712,409,34307
2,34718,153,0.0,4713,409,34309
2,34720,153,0.0,4714,409,34311
3,34723,153,0.0,4715,409,34314
27,34750,154,1.0,4716,409,34341
6,34756,154,0.0,4717,409,34347
2,34758,154,0.0,4718,409,34349
7,34765,154,0.0,4719,409,34356
8,34773,154,0.0,4720,409,34364
4,34777,154,0.0,4721,409,34368
3,34780,154,0.0,4722,409,34371
4,34784,154,0.0,4723,409,34375
5,34789,154,0.0,4724,409,34380
20,34809,154,0.0,4725,409,34400
15,34824,154,0.0,4726,409,34415
25,34849,154,0.0,4727,409,34440
3,34852,154,0.0,4728,409,34443
9,34861,154,0.0,4729,409,34452
4,34865,154,0.0,4730,409,34456
15,34880,155,1.0,4731,409,34471
4,34884,155,0.0,4732,409,34475
10,34894,155,0.0,4733,409,34485
4,34898,155,0.0,4734,409,34489
3,34901,155,0.0,4735,409,34492
10,34911,155,0.0,4736,409,34502
2,34913,155,0.0,4737,409,34504
8,34921,155,0.0,4738,409,34512
8,34929,155,0.0,4739,409,34520
6,34935,155,0.0,4740,409,34526
10,34945,155,0.0,4741,409,34536
7,34952,155,0.0,4742,409,34543
10,34962,155,0.0,4743,409,34553
5,34967,155,0.0,4744,409,34558
4,34971,155,0.0,4745,409,34562
16,34987,155,0.0,4746,409,34578
2,34989,155,0.0,4747,409,34580
2,34991,155,0.0,4748,409,34582
11,35002,155,0.0,4749,409,34593
7,35009,155,0.0,4750,409,34600
8,35017,155,0.0,4751,409,34608
4,35021,155,0.0,4752,409,34612
3,35024,155,0.0,4753,409,34615
3,35027,155,0.0,4754,409,34618
7,35034,155,0.0,4755,409,34625
15,35049,156,1.0,4756,409,34640
7,35056,156,0.0,4757,409,34647
4,35060,156,0.0,4758,409,34651
2,35062,156,0.0,4759,409,34653
6,35068,156,0.0,4760,409,34659
2,35070,156,0.0,4761,409,34661
8,35078,156,0.0,4762,409,34669
13,35091,156,0.0,4763,409,34682
15,35106,156,0.0,4764,409,34697
7,35113,156,0.0,4765,409,34704
18,35131,156,0.0,4766,409,34722
7,35138,156,0.0,4767,409,34729
2,35140,156,0.0,4768,409,34731
2,35142,156,0.0,4769,409,34733
17,35159,156,0.0,4770,409,34750
9,35168,156,0.0,4771,409,34759
3,35171,156,0.0,4772,409,34762
2,35173,156,0.0,4773,409,34764
2,35175,156,0.0,4774,409,34766
9,35184,156,0.0,4775,409,34775
5,35189,156,0.0,4776,409,34780
3,35192,156,0.0,4777,409,34783
3,35195,156,0.0,4778,409,34786
7,35202,156,0.0,4779,409,34793
10,35212,156,0.0,4780,409,34803
10,35222,156,0.0,4781,409,34813
2,35224,156,0.0,4782,409,34815
3,35227,156,0.0,4783,409,34818
10,35237,156,0.0,4784,409,34828
4,35241,156,0.0,4785,409,34832
11,35252,156,0.0,4786,409,34843
7,35259,156,0.0,4787,409,34850
10,35269,156,0.0,4788,409,34860
4,35273,156,0.0,4789,409,34864
3,35276,156,0.0,4790,409,34867
2,35278,156,0.0,4791,409,34869
10,35288,156,0.0,4792,409,34879
7,35295,156,0.0,4793,409,34886
10,35305,156,0.0,4794,409,34896
3,35308,156,0.0,4795,409,34899
10,35318,156,0.0,4796,409,34909
15,35333,156,0.0,4797,409,34924
6,35339,156,0.0,4798,409,34930
4,35343,156,0.0,4799,409,34934
10,35353,156,0.0,4800,409,34944
7,35360,156,0.0,4801,409,34951
12,35372,156,0.0,4802,409,34963
2,35374,156,0.0,4803,409,34965
21,35395,156,0.0,4804,409,34986
3,35398,156,0.0,4805,409,34989
10,35408,156,0.0,4806,409,34999
11,35419,156,0.0,4807,409,35010
4,35423,156,0.0,4808,409,35014
9,35432,156,0.0,4809,409,35023
2,35434,156,0.0,4810,409,35025
5,35439,156,0.0,4811,409,35030
2,35441,156,0.0,4812,409,35032
7,35448,156,0.0,4813,409,35039
6,35454,156,0.0,4814,409,35045
2,35456,156,0.0,4815,409,35047
2,35458,156,0.0,4816,409,35049
5,35463,156,0.0,4817,409,35054
5,35468,156,0.0,4818,409,35059
8,35476,156,0.0,4819,409,35067
9,35485,156,0.0,4820,409,35076
4,35489,156,0.0,4821,409,35080
4,35493,156,0.0,4822,409,35084
15,35508,156,0.0,4823,409,35099
8,35516,156,0.0,4824,409,35107
2,35518,156,0.0,4825,409,35109
4,35522,156,0.0,4826,409,35113
15,35537,156,0.0,4827,409,35128
11,35548,156,0.0,4828,409,35139
11,35559,156,0.0,4829,409,35150
5,35564,156,0.0,4830,409,35155
7,35571,156,0.0,4831,409,35162
5,35576,156,0.0,4832,409,35167
3,35579,156,0.0,4833,409,35170
6,35585,156,0.0,4834,409,35176
2,35587,156,0.0,4835,409,35178
9,35596,156,0.0,4836,409,35187
2,35598,156,0.0,4837,409,35189
20,35618,156,0.0,4838,409,35209
8,35626,156,0.0,4839,409,35217
7,35633,156,0.0,4840,409,35224
3,35636,156,0.0,4841,409,35227
5,35641,156,0.0,4842,409,35232
2,35643,156,0.0,4843,409,35234
7,35650,156,0.0,4844,409,35241
2,35652,156,0.0,4845,409,35243
13,35665,156,0.0,4846,409,35256
4,35669,156,0.0,4847,409,35260
7,35676,156,0.0,4848,409,35267
10,35686,156,0.0,4849,409,35277
5,35691,156,0.0,4850,409,35282
5,35696,156,0.0,4851,409,35287
2,35698,156,0.0,4852,409,35289
5,35703,156,0.0,4853,409,35294
20,35723,156,0.0,4854,409,35314
2,35725,156,0.0,4855,409,35316
5,35730,156,0.0,4856,409,35321
8,35738,156,0.0,4857,409,35329
7,35745,156,0.0,4858,409,35336
4,35749,156,0.0,4859,409,35340
2,35751,156,0.0,4860,409,35342
15,35766,156,0.0,4861,409,35357
7,35773,156,0.0,4862,409,35364
6,35779,156,0.0,4863,409,35370
7,35786,156,0.0,4864,409,35377
3,35789,156,0.0,4865,409,35380
5,35794,156,0.0,4866,409,35385
5,35799,156,0.0,4867,409,35390
7,35806,156,0.0,4868,409,35397
3,35809,156,0.0,4869,409,35400
23,35832,156,0.0,4870,409,35423
15,35847,156,0.0,4871,409,35438
5,35852,156,0.0,4872,409,35443
5,35857,156,0.0,4873,409,35448
11,35868,156,0.0,4874,409,35459
3,35871,156,0.0,4875,409,35462
20,35891,156,0.0,4876,409,35482
3,35894,156,0.0,4877,409,35485
2,35896,156,0.0,4878,409,35487
8,35904,156,0.0,4879,409,35495
7,35911,156,0.0,4880,409,35502
8,35919,156,0.0,4881,409,35510
2,35921,156,0.0,4882,409,35512
7,35928,156,0.0,4883,409,35519
8,35936,156,0.0,4884,409,35527
13,35949,156,0.0,4885,409,35540
3,35952,156,0.0,4886,409,35543
7,35959,156,0.0,4887,409,35550
20,35979,156,0.0,4888,409,35570
10,35989,156,0.0,4889,409,35580
14,36003,156,0.0,4890,409,35594
2,36005,156,0.0,4891,409,35596
6,36011,156,0.0,4892,409,35602
7,36018,156,0.0,4893,409,35609
22,36040,156,0.0,4894,409,35631
7,36047,156,0.0,4895,409,35638
5,36052,156,0.0,4896,409,35643
16,36068,156,0.0,4897,409,35659
2,36070,156,0.0,4898,409,35661
5,36075,156,0.0,4899,409,35666
5,36080,156,0.0,4900,409,35671
2,36082,156,0.0,4901,409,35673
10,36092,156,0.0,4902,409,35683
13,36105,156,0.0,4903,409,35696
3,36108,156,0.0,4904,409,35699
13,36121,156,0.0,4905,409,35712
4,36125,156,0.0,4906,409,35716
4,36129,156,0.0,4907,409,35720
5,36134,156,0.0,4908,409,35725
11,36145,156,0.0,4909,409,35736
5,36150,156,0.0,4910,409,35741
5,36155,156,0.0,4911,409,35746
10,36165,156,0.0,4912,409,35756
2,36167,156,0.0,4913,409,35758
5,36172,156,0.0,4914,409,35763
7,36179,156,0.0,4915,409,35770
10,36189,156,0.0,4916,409,35780
2,36191,156,0.0,4917,409,35782
7,36198,156,0.0,4918,409,35789
2,36200,156,0.0,4919,409,35791
12,36212,156,0.0,4920,409,35803
14,36226,156,0.0,4921,409,35817
7,36233,156,0.0,4922,409,35824
4,36237,156,0.0,4923,409,35828
7,36244,156,0.0,4924,409,35835
9,36253,156,0.0,4925,409,35844
8,36261,156,0.0,4926,409,35852
6,36267,156,0.0,4927,409,35858
36,36303,156,0.0,4928,409,35894
2,36305,156,0.0,4929,409,35896
11,36316,156,0.0,4930,409,35907
19,36335,156,0.0,4931,409,35926
4,36339,156,0.0,4932,409,35930
2,36341,156,0.0,4933,409,35932
3,36344,156,0.0,4934,409,35935
11,36355,156,0.0,4935,409,35946
4,36359,156,0.0,4936,409,35950
9,36368,156,0.0,4937,409,35959
15,36383,157,1.0,4938,409,35974
8,36391,157,0.0,4939,409,35982
8,36399,157,0.0,4940,409,35990
5,36404,157,0.0,4941,409,35995
3,36407,157,0.0,4942,409,35998
6,36413,157,0.0,4943,409,36004
5,36418,157,0.0,4944,409,36009
4,36422,157,0.0,4945,409,36013
10,36432,157,0.0,4946,409,36023
7,36439,157,0.0,4947,409,36030
16,36455,157,0.0,4948,409,36046
15,36470,158,1.0,4949,409,36061
6,36476,158,0.0,4950,409,36067
8,36484,158,0.0,4951,409,36075
5,36489,158,0.0,4952,409,36080
2,36491,158,0.0,4953,409,36082
7,36498,158,0.0,4954,409,36089
2,36500,158,0.0,4955,409,36091
7,36507,158,0.0,4956,409,36098
2,36509,158,0.0,4957,409,36100
9,36518,158,0.0,4958,409,36109
27,36545,159,1.0,4959,409,36136
2,36547,159,0.0,4960,409,36138
14,36561,160,1.0,4961,409,36152
3,36564,160,0.0,4962,409,36155
2,36566,160,0.0,4963,409,36157
3,36569,160,0.0,4964,409,36160
9,36578,160,0.0,4965,409,36169
6,36584,160,0.0,4966,409,36175
2,36586,160,0.0,4967,409,36177
7,36593,160,0.0,4968,409,36184
6,36599,160,0.0,4969,409,36190
10,36609,160,0.0,4970,409,36200
3,36612,160,0.0,4971,409,36203
4,36616,160,0.0,4972,409,36207
3,36619,160,0.0,4973,409,36210
8,36627,160,0.0,4974,409,36218
14,36641,161,1.0,4975,409,36232
6,36647,161,0.0,4976,409,36238
5,36652,161,0.0,4977,409,36243
2,36654,161,0.0,4978,409,36245
4,36658,161,0.0,4979,409,36249
5,36663,161,0.0,4980,409,36254
2,36665,161,0.0,4981,409,36256
2,36667,161,0.0,4982,409,36258
4,36671,161,0.0,4983,409,36262
10,36681,161,0.0,4984,409,36272
12,36693,161,0.0,4985,409,36284
7,36700,161,0.0,4986,409,36291
3,36703,161,0.0,4987,409,36294
11,36714,161,0.0,4988,409,36305
6,36720,161,0.0,4989,409,36311
16,36736,161,0.0,4990,409,36327
4,36740,161,0.0,4991,409,36331
5,36745,161,0.0,4992,409,36336
25,36770,161,0.0,4993,409,36361
5,36775,161,0.0,4994,409,36366
16,36791,161,0.0,4995,409,36382
3,36794,161,0.0,4996,409,36385
8,36802,161,0.0,4997,409,36393
2,36804,161,0.0,4998,409,36395
6,36810,161,0.0,4999,409,36401
2,36812,161,0.0,5000,409,36403
23,36835,161,0.0,5001,409,36426
3,36838,161,0.0,5002,409,36429
10,36848,161,0.0,5003,409,36439
4,36852,161,0.0,5004,409,36443
2,36854,161,0.0,5005,409,36445
4,36858,161,0.0,5006,409,36449
15,36873,162,1.0,5007,409,36464
10,36883,162,0.0,5008,409,36474
3,36886,162,0.0,5009,409,36477
5,36891,162,0.0,5010,409,36482
2,36893,162,0.0,5011,409,36484
9,36902,162,0.0,5012,409,36493
7,36909,162,0.0,5013,409,36500
4,36913,162,0.0,5014,409,36504
11,36924,162,0.0,5015,409,36515
14,36938,162,0.0,5016,409,36529
2,36940,162,0.0,5017,409,36531
3,36943,162,0.0,5018,409,36534
15,36958,162,0.0,5019,409,36549
10,36968,162,0.0,5020,409,36559
6,36974,162,0.0,5021,409,36565
5,36979,162,0.0,5022,409,36570
15,36994,162,0.0,5023,409,36585
12,37006,162,0.0,5024,409,36597
3,37009,162,0.0,5025,409,36600
8,37017,162,0.0,5026,409,36608
2,37019,162,0.0,5027,409,36610
19,37038,162,0.0,5028,409,36629
2,37040,162,0.0,5029,409,36631
25,37065,162,0.0,5030,409,36656
31,37096,162,0.0,5031,409,36687
8,37104,162,0.0,5032,409,36695
2,37106,162,0.0,5033,409,36697
24,37130,162,0.0,5034,409,36721
14,37144,162,0.0,5035,409,36735
8,37152,162,0.0,5036,409,36743
4,37156,162,0.0,5037,409,36747
8,37164,162,0.0,5038,409,36755
7,37171,162,0.0,5039,409,36762
7,37178,162,0.0,5040,409,36769
22,37200,162,0.0,5041,409,36791
15,37215,162,0.0,5042,409,36806
5,37220,162,0.0,5043,409,36811
4,37224,162,0.0,5044,409,36815
5,37229,162,0.0,5045,409,36820
9,37238,162,0.0,5046,409,36829
9,37247,162,0.0,5047,409,36838
26,37273,162,0.0,5048,409,36864
8,37281,162,0.0,5049,409,36872
33,37314,162,0.0,5050,409,36905
10,37324,162,0.0,5051,409,36915
15,37339,162,0.0,5052,409,36930
17,37356,162,0.0,5053,409,36947
7,37363,162,0.0,5054,409,36954
9,37372,162,0.0,5055,409,36963
7,37379,162,0.0,5056,409,36970
8,37387,162,0.0,5057,409,36978
8,37395,162,0.0,5058,409,36986
8,37403,162,0.0,5059,409,36994
6,37409,162,0.0,5060,409,37000
3,37412,162,0.0,5061,409,37003
5,37417,162,0.0,5062,409,37008
6,37423,162,0.0,5063,409,37014
2,37425,162,0.0,5064,409,37016
9,37434,162,0.0,5065,409,37025
6,37440,162,0.0,5066,409,37031
7,37447,162,0.0,5067,409,37038
4,37451,162,0.0,5068,409,37042
5,37456,162,0.0,5069,409,37047
3,37459,162,0.0,5070,409,37050
3,37462,162,0.0,5071,409,37053
12,37474,162,0.0,5072,409,37065
10,37484,162,0.0,5073,409,37075
8,37492,162,0.0,5074,409,37083
10,37502,162,0.0,5075,409,37093
2,37504,162,0.0,5076,409,37095
4,37508,162,0.0,5077,409,37099
5,37513,162,0.0,5078,409,37104
2,37515,162,0.0,5079,409,37106
3,37518,162,0.0,5080,409,37109
7,37525,162,0.0,5081,409,37116
10,37535,162,0.0,5082,409,37126
6,37541,162,0.0,5083,409,37132
13,37554,162,0.0,5084,409,37145
6,37560,162,0.0,5085,409,37151
20,37580,162,0.0,5086,409,37171
15,37595,162,0.0,5087,409,37186
7,37602,162,0.0,5088,409,37193
3,37605,162,0.0,5089,409,37196
4,37609,162,0.0,5090,409,37200
2,37611,162,0.0,5091,409,37202
4,37615,162,0.0,5092,409,37206
24,37639,162,0.0,5093,409,37230
5,37644,162,0.0,5094,409,37235
6,37650,162,0.0,5095,409,37241
14,37664,162,0.0,5096,409,37255
18,37682,162,0.0,5097,409,37273
12,37694,162,0.0,5098,409,37285
17,37711,162,0.0,5099,409,37302
14,37725,162,0.0,5100,409,37316
3,37728,162,0.0,5101,409,37319
4,37732,162,0.0,5102,409,37323
5,37737,162,0.0,5103,409,37328
29,37766,162,0.0,5104,409,37357
2,37768,162,0.0,5105,409,37359
9,37777,162,0.0,5106,409,37368
23,37800,162,0.0,5107,409,37391
2,37802,162,0.0,5108,409,37393
6,37808,162,0.0,5109,409,37399
2,37810,162,0.0,5110,409,37401
2,37812,162,0.0,5111,409,37403
10,37822,162,0.0,5112,409,37413
14,37836,162,0.0,5113,409,37427
3,37839,162,0.0,5114,409,37430
5,37844,162,0.0,5115,409,37435
11,37855,162,0.0,5116,409,37446
3,37858,162,0.0,5117,409,37449
3,37861,162,0.0,5118,409,37452
6,37867,162,0.0,5119,409,37458
8,37875,162,0.0,5120,409,37466
15,37890,162,0.0,5121,409,37481
2,37892,162,0.0,5122,409,37483
5,37897,162,0.0,5123,409,37488
2,37899,162,0.0,5124,409,37490
11,37910,162,0.0,5125,409,37501
8,37918,162,0.0,5126,409,37509
4,37922,162,0.0,5127,409,37513
13,37935,162,0.0,5128,409,37526
8,37943,162,0.0,5129,409,37534
20,37963,162,0.0,5130,409,37554
5,37968,162,0.0,5131,409,37559
15,37983,162,0.0,5132,409,37574
6,37989,162,0.0,5133,409,37580
5,37994,162,0.0,5134,409,37585
21,38015,162,0.0,5135,409,37606
3,38018,162,0.0,5136,409,37609
2,38020,162,0.0,5137,409,37611
2,38022,162,0.0,5138,409,37613
4,38026,162,0.0,5139,409,37617
4,38030,162,0.0,5140,409,37621
8,38038,162,0.0,5141,409,37629
2,38040,162,0.0,5142,409,37631
2,38042,162,0.0,5143,409,37633
9,38051,162,0.0,5144,409,37642
2,38053,162,0.0,5145,409,37644
5,38058,162,0.0,5146,409,37649
2,38060,162,0.0,5147,409,37651
5,38065,162,0.0,5148,409,37656
2,38067,162,0.0,5149,409,37658
19,38086,162,0.0,5150,409,37677
3,38089,162,0.0,5151,409,37680
8,38097,162,0.0,5152,409,37688
2,38099,162,0.0,5153,409,37690
9,38108,162,0.0,5154,409,37699
8,38116,162,0.0,5155,409,37707
24,38140,162,0.0,5156,409,37731
7,38147,162,0.0,5157,409,37738
3,38150,162,0.0,5158,409,37741
6,38156,162,0.0,5159,409,37747
10,38166,162,0.0,5160,409,37757
8,38174,162,0.0,5161,409,37765
5,38179,162,0.0,5162,409,37770
4,38183,162,0.0,5163,409,37774
6,38189,162,0.0,5164,409,37780
11,38200,162,0.0,5165,409,37791
4,38204,162,0.0,5166,409,37795
5,38209,162,0.0,5167,409,37800
12,38221,162,0.0,5168,409,37812
14,38235,162,0.0,5169,409,37826
6,38241,162,0.0,5170,409,37832
12,38253,162,0.0,5171,409,37844
10,38263,162,0.0,5172,409,37854
5,38268,162,0.0,5173,409,37859
4,38272,162,0.0,5174,409,37863
6,38278,162,0.0,5175,409,37869
9,38287,162,0.0,5176,409,37878
2,38289,162,0.0,5177,409,37880
12,38301,162,0.0,5178,409,37892
5,38306,162,0.0,5179,409,37897
2,38308,162,0.0,5180,409,37899
2,38310,162,0.0,5181,409,37901
3,38313,162,0.0,5182,409,37904
5,38318,162,0.0,5183,409,37909
5,38323,162,0.0,5184,409,37914
7,38330,162,0.0,5185,409,37921
2,38332,162,0.0,5186,409,37923
10,38342,162,0.0,5187,409,37933
4,38346,162,0.0,5188,409,37937
15,38361,162,0.0,5189,409,37952
16,38377,162,0.0,5190,409,37968
8,38385,162,0.0,5191,409,37976
11,38396,162,0.0,5192,409,37987
4,38400,162,0.0,5193,409,37991
12,38412,162,0.0,5194,409,38003
10,38422,162,0.0,5195,409,38013
6,38428,162,0.0,5196,409,38019
2,38430,162,0.0,5197,409,38021
22,38452,162,0.0,5198,409,38043
7,38459,162,0.0,5199,409,38050
14,38473,162,0.0,5200,409,38064
2,38475,162,0.0,5201,409,38066
2,38477,162,0.0,5202,409,38068
6,38483,162,0.0,5203,409,38074
2,38485,162,0.0,5204,409,38076
3,38488,162,0.0,5205,409,38079
7,38495,162,0.0,5206,409,38086
2,38497,162,0.0,5207,409,38088
9,38506,162,0.0,5208,409,38097
8,38514,162,0.0,5209,409,38105
4,38518,162,0.0,5210,409,38109
8,38526,163,1.0,5211,409,38117
12,38538,163,0.0,5212,409,38129
4,38542,163,0.0,5213,409,38133
2,38544,163,0.0,5214,409,38135
9,38553,163,0.0,5215,409,38144
37,38590,164,1.0,5216,409,38181
3,38593,164,0.0,5217,409,38184
14,38607,165,1.0,5218,409,38198
12,38619,165,0.0,5219,409,38210
2,38621,165,0.0,5220,409,38212
8,38629,165,0.0,5221,409,38220
2,38631,165,0.0,5222,409,38222
2,38633,165,0.0,5223,409,38224
7,38640,165,0.0,5224,409,38231
3,38643,165,0.0,5225,409,38234
11,38654,165,0.0,5226,409,38245
15,38669,165,0.0,5227,409,38260
8,38677,165,0.0,5228,409,38268
5,38682,165,0.0,5229,409,38273
8,38690,165,0.0,5230,409,38281
15,38705,165,0.0,5231,409,38296
4,38709,165,0.0,5232,409,38300
6,38715,165,0.0,5233,409,38306
8,38723,165,0.0,5234,409,38314
8,38731,165,0.0,5235,409,38322
2,38733,165,0.0,5236,409,38324
9,38742,165,0.0,5237,409,38333
5,38747,165,0.0,5238,409,38338
5,38752,165,0.0,5239,409,38343
2,38754,165,0.0,5240,409,38345
11,38765,165,0.0,5241,409,38356
4,38769,165,0.0,5242,409,38360
10,38779,165,0.0,5243,409,38370
6,38785,165,0.0,5244,409,38376
6,38791,165,0.0,5245,409,38382
5,38796,165,0.0,5246,409,38387
8,38804,166,1.0,5247,409,38395
5,38809,166,0.0,5248,409,38400
8,38817,166,0.0,5249,409,38408
8,38825,166,0.0,5250,409,38416
3,38828,166,0.0,5251,409,38419
7,38835,166,0.0,5252,409,38426
9,38844,166,0.0,5253,409,38435
3,38847,166,0.0,5254,409,38438
7,38854,166,0.0,5255,409,38445
7,38861,166,0.0,5256,409,38452
2,38863,166,0.0,5257,409,38454
16,38879,166,0.0,5258,409,38470
5,38884,166,0.0,5259,409,38475
13,38897,166,0.0,5260,409,38488
8,38905,166,0.0,5261,409,38496
6,38911,166,0.0,5262,409,38502
2,38913,166,0.0,5263,409,38504
8,38921,166,0.0,5264,409,38512
3,38924,166,0.0,5265,409,38515
17,38941,166,0.0,5266,409,38532
6,38947,166,0.0,5267,409,38538
2,38949,166,0.0,5268,409,38540
2,38951,166,0.0,5269,409,38542
2,38953,166,0.0,5270,409,38544
17,38970,166,0.0,5271,409,38561
2,38972,166,0.0,5272,409,38563
5,38977,166,0.0,5273,409,38568
5,38982,166,0.0,5274,409,38573
7,38989,166,0.0,5275,409,38580
2,38991,166,0.0,5276,409,38582
20,39011,166,0.0,5277,409,38602
17,39028,166,0.0,5278,409,38619
7,39035,166,0.0,5279,409,38626
16,39051,166,0.0,5280,409,38642
10,39061,166,0.0,5281,409,38652
6,39067,166,0.0,5282,409,38658
8,39075,166,0.0,5283,409,38666
10,39085,166,0.0,5284,409,38676
15,39100,166,0.0,5285,409,38691
2,39102,166,0.0,5286,409,38693
7,39109,166,0.0,5287,409,38700
6,39115,166,0.0,5288,409,38706
11,39126,166,0.0,5289,409,38717
7,39133,166,0.0,5290,409,38724
11,39144,166,0.0,5291,409,38735
3,39147,166,0.0,5292,409,38738
22,39169,166,0.0,5293,409,38760
6,39175,166,0.0,5294,409,38766
7,39182,166,0.0,5295,409,38773
16,39198,166,0.0,5296,409,38789
4,39202,166,0.0,5297,409,38793
4,39206,166,0.0,5298,409,38797
29,39235,166,0.0,5299,409,38826
10,39245,166,0.0,5300,409,38836
8,39253,166,0.0,5301,409,38844
4,39257,166,0.0,5302,409,38848
10,39267,166,0.0,5303,409,38858
13,39280,166,0.0,5304,409,38871
2,39282,166,0.0,5305,409,38873
2,39284,166,0.0,5306,409,38875
3,39287,166,0.0,5307,409,38878
7,39294,166,0.0,5308,409,38885
3,39297,166,0.0,5309,409,38888
5,39302,166,0.0,5310,409,38893
10,39312,166,0.0,5311,409,38903
3,39315,166,0.0,5312,409,38906
4,39319,166,0.0,5313,409,38910
7,39326,166,0.0,5314,409,38917
11,39337,166,0.0,5315,409,38928
8,39345,166,0.0,5316,409,38936
9,39354,166,0.0,5317,409,38945
4,39358,166,0.0,5318,409,38949
8,39366,166,0.0,5319,409,38957
2,39368,166,0.0,5320,409,38959
3,39371,166,0.0,5321,409,38962
10,39381,166,0.0,5322,409,38972
12,39393,166,0.0,5323,409,38984
2,39395,166,0.0,5324,409,38986
20,39415,166,0.0,5325,409,39006
8,39423,166,0.0,5326,409,39014
4,39427,166,0.0,5327,409,39018
2,39429,166,0.0,5328,409,39020
9,39438,166,0.0,5329,409,39029
2,39440,166,0.0,5330,409,39031
9,39449,166,0.0,5331,409,39040
4,39453,166,0.0,5332,409,39044
5,39458,166,0.0,5333,409,39049
3,39461,166,0.0,5334,409,39052
11,39472,166,0.0,5335,409,39063
6,39478,166,0.0,5336,409,39069
10,39488,166,0.0,5337,409,39079
16,39504,166,0.0,5338,409,39095
8,39512,166,0.0,5339,409,39103
12,39524,166,0.0,5340,409,39115
10,39534,166,0.0,5341,409,39125
2,39536,166,0.0,5342,409,39127
15,39551,166,0.0,5343,409,39142
3,39554,166,0.0,5344,409,39145
2,39556,166,0.0,5345,409,39147
12,39568,166,0.0,5346,409,39159
2,39570,166,0.0,5347,409,39161
5,39575,166,0.0,5348,409,39166
27,39602,167,1.0,5349,409,39193
7,39609,167,0.0,5350,409,39200
2,39611,167,0.0,5351,409,39202
7,39618,167,0.0,5352,409,39209
5,39623,167,0.0,5353,409,39214
6,39629,167,0.0,5354,409,39220
5,39634,167,0.0,5355,409,39225
3,39637,167,0.0,5356,409,39228
4,39641,167,0.0,5357,409,39232
12,39653,167,0.0,5358,409,39244
2,39655,167,0.0,5359,409,39246
6,39661,167,0.0,5360,409,39252
12,39673,167,0.0,5361,409,39264
6,39679,167,0.0,5362,409,39270
7,39686,167,0.0,5363,409,39277
9,39695,167,0.0,5364,409,39286
18,39713,167,0.0,5365,409,39304
17,39730,167,0.0,5366,409,39321
7,39737,167,0.0,5367,409,39328
4,39741,167,0.0,5368,409,39332
6,39747,167,0.0,5369,409,39338
11,39758,167,0.0,5370,409,39349
7,39765,167,0.0,5371,409,39356
10,39775,167,0.0,5372,409,39366
10,39785,167,0.0,5373,409,39376
7,39792,167,0.0,5374,409,39383
3,39795,167,0.0,5375,409,39386
11,39806,167,0.0,5376,409,39397
2,39808,167,0.0,5377,409,39399
13,39821,167,0.0,5378,409,39412
9,39830,167,0.0,5379,409,39421
7,39837,167,0.0,5380,409,39428
5,39842,167,0.0,5381,409,39433
3,39845,167,0.0,5382,409,39436
5,39850,167,0.0,5383,409,39441
2,39852,167,0.0,5384,409,39443
6,39858,167,0.0,5385,409,39449
5,39863,167,0.0,5386,409,39454
5,39868,167,0.0,5387,409,39459
7,39875,167,0.0,5388,409,39466
6,39881,167,0.0,5389,409,39472
8,39889,167,0.0,5390,409,39480
12,39901,167,0.0,5391,409,39492
23,39924,167,0.0,5392,409,39515
4,39928,167,0.0,5393,409,39519
10,39938,167,0.0,5394,409,39529
3,39941,167,0.0,5395,409,39532
8,39949,167,0.0,5396,409,39540
2,39951,167,0.0,5397,409,39542
10,39961,167,0.0,5398,409,39552
4,39965,167,0.0,5399,409,39556
2,39967,167,0.0,5400,409,39558
2,39969,167,0.0,5401,409,39560
7,39976,167,0.0,5402,409,39567
17,39993,167,0.0,5403,409,39584
5,39998,167,0.0,5404,409,39589
3,40001,167,0.0,5405,409,39592
7,40008,167,0.0,5406,409,39599
3,40011,167,0.0,5407,409,39602
6,40017,167,0.0,5408,409,39608
32,40049,167,0.0,5409,409,39640
10,40059,167,0.0,5410,409,39650
12,40071,167,0.0,5411,409,39662
2,40073,167,0.0,5412,409,39664
7,40080,167,0.0,5413,409,39671
12,40092,167,0.0,5414,409,39683
20,40112,167,0.0,5415,409,39703
2,40114,167,0.0,5416,409,39705
2,40116,167,0.0,5417,409,39707
18,40134,168,1.0,5418,409,39725
9,40143,168,0.0,5419,409,39734
31,40174,168,0.0,5420,409,39765
10,40184,168,0.0,5421,409,39775
25,40209,168,0.0,5422,409,39800
10,40219,168,0.0,5423,409,39810
6,40225,168,0.0,5424,409,39816
5,40230,168,0.0,5425,409,39821
13,40243,168,0.0,5426,409,39834
21,40264,168,0.0,5427,409,39855
8,40272,168,0.0,5428,409,39863
14,40286,168,0.0,5429,409,39877
5,40291,168,0.0,5430,409,39882
2,40293,168,0.0,5431,409,39884
5,40298,168,0.0,5432,409,39889
20,40318,168,0.0,5433,409,39909
5,40323,168,0.0,5434,409,39914
3,40326,168,0.0,5435,409,39917
5,40331,168,0.0,5436,409,39922
2,40333,168,0.0,5437,409,39924
3,40336,168,0.0,5438,409,39927
2,40338,168,0.0,5439,409,39929
5,40343,168,0.0,5440,409,39934
11,40354,168,0.0,5441,409,39945
2,40356,168,0.0,5442,409,39947
15,40371,168,0.0,5443,409,39962
19,40390,168,0.0,5444,409,39981
15,40405,168,0.0,5445,409,39996
10,40415,168,0.0,5446,409,40006
7,40422,168,0.0,5447,409,40013
10,40432,168,0.0,5448,409,40023
14,40446,168,0.0,5449,409,40037
3,40449,168,0.0,5450,409,40040
8,40457,168,0.0,5451,409,40048
6,40463,168,0.0,5452,409,40054
5,40468,168,0.0,5453,409,40059
23,40491,168,0.0,5454,409,40082
3,40494,168,0.0,5455,409,40085
10,40504,168,0.0,5456,409,40095
2,40506,168,0.0,5457,409,40097
7,40513,168,0.0,5458,409,40104
6,40519,168,0.0,5459,409,40110
10,40529,168,0.0,5460,409,40120
8,40537,168,0.0,5461,409,40128
2,40539,168,0.0,5462,409,40130
5,40544,168,0.0,5463,409,40135
4,40548,168,0.0,5464,409,40139
3,40551,168,0.0,5465,409,40142
4,40555,168,0.0,5466,409,40146
6,40561,168,0.0,5467,409,40152
11,40572,168,0.0,5468,409,40163
7,40579,168,0.0,5469,409,40170
4,40583,168,0.0,5470,409,40174
14,40597,168,0.0,5471,409,40188
10,40607,168,0.0,5472,409,40198
7,40614,168,0.0,5473,409,40205
4,40618,168,0.0,5474,409,40209
2,40620,168,0.0,5475,409,40211
6,40626,168,0.0,5476,409,40217
4,40630,168,0.0,5477,409,40221
12,40642,168,0.0,5478,409,40233
15,40657,169,1.0,5479,409,40248
4,40661,169,0.0,5480,409,40252
24,40685,170,1.0,5481,409,40276
4,40689,170,0.0,5482,409,40280
6,40695,170,0.0,5483,409,40286
16,40711,170,0.0,5484,409,40302
2,40713,170,0.0,5485,409,40304
4,40717,170,0.0,5486,409,40308
7,40724,170,0.0,5487,409,40315
3,40727,170,0.0,5488,409,40318
9,40736,170,0.0,5489,409,40327
7,40743,170,0.0,5490,409,40334
3,40746,170,0.0,5491,409,40337
3,40749,170,0.0,5492,409,40340
10,40759,170,0.0,5493,409,40350
13,40772,170,0.0,5494,409,40363
6,40778,170,0.0,5495,409,40369
7,40785,170,0.0,5496,409,40376
5,40790,170,0.0,5497,409,40381
9,40799,170,0.0,5498,409,40390
2,40801,170,0.0,5499,409,40392
6,40807,170,0.0,5500,409,40398
5,40812,170,0.0,5501,409,40403
20,40832,170,0.0,5502,409,40423
4,40836,170,0.0,5503,409,40427
2,40838,170,0.0,5504,409,40429
2,40840,170,0.0,5505,409,40431
9,40849,170,0.0,5506,409,40440
9,40858,170,0.0,5507,409,40449
2,40860,170,0.0,5508,409,40451
4,40864,170,0.0,5509,409,40455
4,40868,170,0.0,5510,409,40459
11,40879,170,0.0,5511,409,40470
2,40881,170,0.0,5512,409,40472
22,40903,170,0.0,5513,409,40494
5,40908,170,0.0,5514,409,40499
22,40930,170,0.0,5515,409,40521
3,40933,170,0.0,5516,409,40524
5,40938,170,0.0,5517,409,40529
3,40941,170,0.0,5518,409,40532
4,40945,170,0.0,5519,409,40536
2,40947,170,0.0,5520,409,40538
7,40954,170,0.0,5521,409,40545
5,40959,170,0.0,5522,409,40550
22,40981,170,0.0,5523,409,40572
8,40989,170,0.0,5524,409,40580
6,40995,170,0.0,5525,409,40586
16,41011,170,0.0,5526,409,40602
5,41016,170,0.0,5527,409,40607
3,41019,170,0.0,5528,409,40610
4,41023,170,0.0,5529,409,40614
7,41030,170,0.0,5530,409,40621
16,41046,170,0.0,5531,409,40637
6,41052,170,0.0,5532,409,40643
11,41063,170,0.0,5533,409,40654
7,41070,170,0.0,5534,409,40661
2,41072,170,0.0,5535,409,40663
5,41077,170,0.0,5536,409,40668
7,41084,170,0.0,5537,409,40675
6,41090,170,0.0,5538,409,40681
2,41092,170,0.0,5539,409,40683
2,41094,170,0.0,5540,409,40685
7,41101,170,0.0,5541,409,40692
12,41113,170,0.0,5542,409,40704
10,41123,170,0.0,5543,409,40714
4,41127,170,0.0,5544,409,40718
2,41129,170,0.0,5545,409,40720
3,41132,170,0.0,5546,409,40723
6,41138,170,0.0,5547,409,40729
4,41142,170,0.0,5548,409,40733
2,41144,170,0.0,5549,409,40735
3,41147,170,0.0,5550,409,40738
24,41171,170,0.0,5551,409,40762
7,41178,170,0.0,5552,409,40769
20,41198,170,0.0,5553,409,40789
7,41205,170,0.0,5554,409,40796
4,41209,170,0.0,5555,409,40800
5,41214,170,0.0,5556,409,40805
4,41218,170,0.0,5557,409,40809
3,41221,170,0.0,5558,409,40812
2,41223,170,0.0,5559,409,40814
17,41240,170,0.0,5560,409,40831
3,41243,170,0.0,5561,409,40834
3,41246,170,0.0,5562,409,40837
6,41252,170,0.0,5563,409,40843
10,41262,170,0.0,5564,409,40853
4,41266,170,0.0,5565,409,40857
3,41269,170,0.0,5566,409,40860
14,41283,171,1.0,5567,409,40874
12,41295,171,0.0,5568,409,40886
4,41299,171,0.0,5569,409,40890
6,41305,171,0.0,5570,409,40896
17,41322,171,0.0,5571,409,40913
4,41326,171,0.0,5572,409,40917
9,41335,171,0.0,5573,409,40926
11,41346,171,0.0,5574,409,40937
8,41354,171,0.0,5575,409,40945
29,41383,171,0.0,5576,409,40974
7,41390,171,0.0,5577,409,40981
10,41400,171,0.0,5578,409,40991
2,41402,171,0.0,5579,409,40993
13,41415,171,0.0,5580,409,41006
5,41420,171,0.0,5581,409,41011
2,41422,171,0.0,5582,409,41013
6,41428,171,0.0,5583,409,41019
11,41439,171,0.0,5584,409,41030
4,41443,171,0.0,5585,409,41034
7,41450,171,0.0,5586,409,41041
17,41467,171,0.0,5587,409,41058
3,41470,171,0.0,5588,409,41061
10,41480,171,0.0,5589,409,41071
17,41497,171,0.0,5590,409,41088
3,41500,171,0.0,5591,409,41091
12,41512,171,0.0,5592,409,41103
10,41522,171,0.0,5593,409,41113
15,41537,171,0.0,5594,409,41128
8,41545,171,0.0,5595,409,41136
3,41548,171,0.0,5596,409,41139
35,41583,171,0.0,5597,409,41174
6,41589,171,0.0,5598,409,41180
3,41592,171,0.0,5599,409,41183
3,41595,171,0.0,5600,409,41186
3,41598,171,0.0,5601,409,41189
7,41605,171,0.0,5602,409,41196
17,41622,171,0.0,5603,409,41213
7,41629,171,0.0,5604,409,41220
8,41637,171,0.0,5605,409,41228
9,41646,171,0.0,5606,409,41237
10,41656,171,0.0,5607,409,41247
2,41658,171,0.0,5608,409,41249
5,41663,171,0.0,5609,409,41254
5,41668,171,0.0,5610,409,41259
8,41676,171,0.0,5611,409,41267
3,41679,171,0.0,5612,409,41270
5,41684,171,0.0,5613,409,41275
7,41691,171,0.0,5614,409,41282
2,41693,171,0.0,5615,409,41284
2,41695,171,0.0,5616,409,41286
5,41700,171,0.0,5617,409,41291
10,41710,171,0.0,5618,409,41301
7,41717,171,0.0,5619,409,41308
12,41729,171,0.0,5620,409,41320
2,41731,171,0.0,5621,409,41322
2,41733,171,0.0,5622,409,41324
4,41737,171,0.0,5623,409,41328
8,41745,171,0.0,5624,409,41336
3,41748,171,0.0,5625,409,41339
6,41754,171,0.0,5626,409,41345
9,41763,171,0.0,5627,409,41354
9,41772,171,0.0,5628,409,41363
5,41777,171,0.0,5629,409,41368
12,41789,171,0.0,5630,409,41380
21,41810,172,1.0,5631,409,41401
9,41819,172,0.0,5632,409,41410
8,41827,172,0.0,5633,409,41418
6,41833,172,0.0,5634,409,41424
8,41841,172,0.0,5635,409,41432
11,41852,172,0.0,5636,409,41443
11,41863,172,0.0,5637,409,41454
2,41865,172,0.0,5638,409,41456
2,41867,172,0.0,5639,409,41458
8,41875,172,0.0,5640,409,41466
6,41881,172,0.0,5641,409,41472
6,41887,172,0.0,5642,409,41478
3,41890,172,0.0,5643,409,41481
14,41904,172,0.0,5644,409,41495
9,41913,172,0.0,5645,409,41504
2,41915,172,0.0,5646,409,41506
12,41927,172,0.0,5647,409,41518
2,41929,172,0.0,5648,409,41520
11,41940,172,0.0,5649,409,41531
8,41948,172,0.0,5650,409,41539
7,41955,172,0.0,5651,409,41546
10,41965,172,0.0,5652,409,41556
4,41969,172,0.0,5653,409,41560
17,41986,172,0.0,5654,409,41577
2,41988,172,0.0,5655,409,41579
22,42010,172,0.0,5656,409,41601
4,42014,172,0.0,5657,409,41605
19,42033,172,0.0,5658,409,41624
5,42038,172,0.0,5659,409,41629
3,42041,172,0.0,5660,409,41632
7,42048,172,0.0,5661,409,41639
4,42052,172,0.0,5662,409,41643
13,42065,172,0.0,5663,409,41656
14,42079,172,0.0,5664,409,41670
16,42095,172,0.0,5665,409,41686
21,42116,172,0.0,5666,409,41707
7,42123,172,0.0,5667,409,41714
11,42134,172,0.0,5668,409,41725
18,42152,172,0.0,5669,409,41743
5,42157,172,0.0,5670,409,41748
12,42169,172,0.0,5671,409,41760
2,42171,172,0.0,5672,409,41762
3,42174,172,0.0,5673,409,41765
4,42178,172,0.0,5674,409,41769
5,42183,172,0.0,5675,409,41774
2,42185,172,0.0,5676,409,41776
9,42194,172,0.0,5677,409,41785
2,42196,172,0.0,5678,409,41787
6,42202,172,0.0,5679,409,41793
10,42212,172,0.0,5680,409,41803
4,42216,172,0.0,5681,409,41807
3,42219,172,0.0,5682,409,41810
2,42221,172,0.0,5683,409,41812
6,42227,172,0.0,5684,409,41818
13,42240,172,0.0,5685,409,41831
4,42244,172,0.0,5686,409,41835
31,42275,172,0.0,5687,409,41866
2,42277,172,0.0,5688,409,41868
3,42280,172,0.0,5689,409,41871
5,42285,172,0.0,5690,409,41876
15,42300,173,1.0,5691,409,41891
2,42302,173,0.0,5692,409,41893
4,42306,173,0.0,5693,409,41897
4,42310,173,0.0,5694,409,41901
16,42326,173,0.0,5695,409,41917
2,42328,173,0.0,5696,409,41919
12,42340,173,0.0,5697,409,41931
3,42343,173,0.0,5698,409,41934
8,42351,173,0.0,5699,409,41942
4,42355,173,0.0,5700,409,41946
2,42357,173,0.0,5701,409,41948
2,42359,173,0.0,5702,409,41950
7,42366,173,0.0,5703,409,41957
5,42371,173,0.0,5704,409,41962
10,42381,173,0.0,5705,409,41972
10,42391,173,0.0,5706,409,41982
5,42396,173,0.0,5707,409,41987
2,42398,173,0.0,5708,409,41989
5,42403,173,0.0,5709,409,41994
15,42418,173,0.0,5710,409,42009
7,42425,173,0.0,5711,409,42016
10,42435,173,0.0,5712,409,42026
3,42438,173,0.0,5713,409,42029
4,42442,173,0.0,5714,409,42033
12,42454,173,0.0,5715,409,42045
27,42481,173,0.0,5716,409,42072
4,42485,173,0.0,5717,409,42076
19,42504,173,0.0,5718,409,42095
5,42509,173,0.0,5719,409,42100
7,42516,173,0.0,5720,409,42107
5,42521,173,0.0,5721,409,42112
7,42528,173,0.0,5722,409,42119
4,42532,173,0.0,5723,409,42123
4,42536,173,0.0,5724,409,42127
16,42552,173,0.0,5725,409,42143
4,42556,173,0.0,5726,409,42147
8,42564,173,0.0,5727,409,42155
16,42580,173,0.0,5728,409,42171
9,42589,173,0.0,5729,409,42180
4,42593,173,0.0,5730,409,42184
9,42602,173,0.0,5731,409,42193
5,42607,173,0.0,5732,409,42198
2,42609,173,0.0,5733,409,42200
6,42615,173,0.0,5734,409,42206
7,42622,173,0.0,5735,409,42213
14,42636,174,1.0,5736,409,42227
9,42645,174,0.0,5737,409,42236
2,42647,174,0.0,5738,409,42238
6,42653,174,0.0,5739,409,42244
7,42660,174,0.0,5740,409,42251
4,42664,174,0.0,5741,409,42255
18,42682,174,0.0,5742,409,42273
2,42684,174,0.0,5743,409,42275
5,42689,174,0.0,5744,409,42280
7,42696,174,0.0,5745,409,42287
15,42711,174,0.0,5746,409,42302
6,42717,174,0.0,5747,409,42308
4,42721,174,0.0,5748,409,42312
2,42723,174,0.0,5749,409,42314
9,42732,174,0.0,5750,409,42323
3,42735,174,0.0,5751,409,42326
6,42741,174,0.0,5752,409,42332
13,42754,174,0.0,5753,409,42345
4,42758,174,0.0,5754,409,42349
2,42760,174,0.0,5755,409,42351
4,42764,174,0.0,5756,409,42355
10,42774,174,0.0,5757,409,42365
12,42786,174,0.0,5758,409,42377
6,42792,174,0.0,5759,409,42383
4,42796,174,0.0,5760,409,42387
2,42798,174,0.0,5761,409,42389
4,42802,174,0.0,5762,409,42393
12,42814,174,0.0,5763,409,42405
7,42821,174,0.0,5764,409,42412
2,42823,174,0.0,5765,409,42414
40,42863,174,0.0,5766,409,42454
8,42871,174,0.0,5767,409,42462
8,42879,174,0.0,5768,409,42470
6,42885,174,0.0,5769,409,42476
9,42894,174,0.0,5770,409,42485
7,42901,174,0.0,5771,409,42492
4,42905,174,0.0,5772,409,42496
2,42907,174,0.0,5773,409,42498
17,42924,174,0.0,5774,409,42515
9,42933,174,0.0,5775,409,42524
4,42937,174,0.0,5776,409,42528
6,42943,174,0.0,5777,409,42534
2,42945,174,0.0,5778,409,42536
2,42947,174,0.0,5779,409,42538
2,42949,174,0.0,5780,409,42540
6,42955,174,0.0,5781,409,42546
6,42961,174,0.0,5782,409,42552
7,42968,174,0.0,5783,409,42559
2,42970,174,0.0,5784,409,42561
11,42981,174,0.0,5785,409,42572
8,42989,174,0.0,5786,409,42580
4,42993,174,0.0,5787,409,42584
12,43005,174,0.0,5788,409,42596
4,43009,174,0.0,5789,409,42600
4,43013,174,0.0,5790,409,42604
7,43020,174,0.0,5791,409,42611
8,43028,174,0.0,5792,409,42619
2,43030,174,0.0,5793,409,42621
6,43036,174,0.0,5794,409,42627
7,43043,174,0.0,5795,409,42634
7,43050,174,0.0,5796,409,42641
2,43052,174,0.0,5797,409,42643
7,43059,174,0.0,5798,409,42650
5,43064,174,0.0,5799,409,42655
14,43078,174,0.0,5800,409,42669
7,43085,174,0.0,5801,409,42676
11,43096,174,0.0,5802,409,42687
3,43099,174,0.0,5803,409,42690
2,43101,174,0.0,5804,409,42692
13,43114,174,0.0,5805,409,42705
7,43121,174,0.0,5806,409,42712
11,43132,174,0.0,5807,409,42723
9,43141,174,0.0,5808,409,42732
15,43156,174,0.0,5809,409,42747
5,43161,174,0.0,5810,409,42752
3,43164,174,0.0,5811,409,42755
2,43166,174,0.0,5812,409,42757
10,43176,174,0.0,5813,409,42767
20,43196,174,0.0,5814,409,42787
3,43199,174,0.0,5815,409,42790
15,43214,174,0.0,5816,409,42805
4,43218,174,0.0,5817,409,42809
7,43225,174,0.0,5818,409,42816
13,43238,174,0.0,5819,409,42829
8,43246,174,0.0,5820,409,42837
3,43249,174,0.0,5821,409,42840
2,43251,174,0.0,5822,409,42842
3,43254,174,0.0,5823,409,42845
11,43265,174,0.0,5824,409,42856
15,43280,174,0.0,5825,409,42871
10,43290,174,0.0,5826,409,42881
3,43293,174,0.0,5827,409,42884
3,43296,174,0.0,5828,409,42887
11,43307,174,0.0,5829,409,42898
2,43309,174,0.0,5830,409,42900
14,43323,174,0.0,5831,409,42914
6,43329,174,0.0,5832,409,42920
8,43337,174,0.0,5833,409,42928
11,43348,174,0.0,5834,409,42939
6,43354,174,0.0,5835,409,42945
7,43361,174,0.0,5836,409,42952
3,43364,174,0.0,5837,409,42955
10,43374,174,0.0,5838,409,42965
3,43377,174,0.0,5839,409,42968
8,43385,174,0.0,5840,409,42976
2,43387,174,0.0,5841,409,42978
2,43389,174,0.0,5842,409,42980
5,43394,174,0.0,5843,409,42985
7,43401,174,0.0,5844,409,42992
7,43408,174,0.0,5845,409,42999
10,43418,174,0.0,5846,409,43009
6,43424,174,0.0,5847,409,43015
6,43430,174,0.0,5848,409,43021
7,43437,174,0.0,5849,409,43028
3,43440,174,0.0,5850,409,43031
4,43444,174,0.0,5851,409,43035
8,43452,174,0.0,5852,409,43043
8,43460,174,0.0,5853,409,43051
6,43466,174,0.0,5854,409,43057
9,43475,174,0.0,5855,409,43066
10,43485,174,0.0,5856,409,43076
10,43495,174,0.0,5857,409,43086
10,43505,174,0.0,5858,409,43096
2,43507,174,0.0,5859,409,43098
10,43517,174,0.0,5860,409,43108
10,43527,174,0.0,5861,409,43118
5,43532,174,0.0,5862,409,43123
9,43541,174,0.0,5863,409,43132
14,43555,174,0.0,5864,409,43146
5,43560,174,0.0,5865,409,43151
6,43566,174,0.0,5866,409,43157
7,43573,174,0.0,5867,409,43164
3,43576,174,0.0,5868,409,43167
2,43578,174,0.0,5869,409,43169
14,43592,174,0.0,5870,409,43183
21,43613,174,0.0,5871,409,43204
3,43616,174,0.0,5872,409,43207
12,43628,174,0.0,5873,409,43219
17,43645,174,0.0,5874,409,43236
23,43668,174,0.0,5875,409,43259
5,43673,174,0.0,5876,409,43264
10,43683,174,0.0,5877,409,43274
4,43687,174,0.0,5878,409,43278
3,43690,174,0.0,5879,409,43281
10,43700,174,0.0,5880,409,43291
2,43702,174,0.0,5881,409,43293
3,43705,174,0.0,5882,409,43296
7,43712,174,0.0,5883,409,43303
3,43715,174,0.0,5884,409,43306
6,43721,174,0.0,5885,409,43312
8,43729,174,0.0,5886,409,43320
6,43735,174,0.0,5887,409,43326
12,43747,174,0.0,5888,409,43338
13,43760,174,0.0,5889,409,43351
2,43762,174,0.0,5890,409,43353
15,43777,175,1.0,5891,409,43368
3,43780,175,0.0,5892,409,43371
6,43786,175,0.0,5893,409,43377
11,43797,175,0.0,5894,409,43388
6,43803,175,0.0,5895,409,43394
3,43806,175,0.0,5896,409,43397
6,43812,175,0.0,5897,409,43403
8,43820,175,0.0,5898,409,43411
5,43825,175,0.0,5899,409,43416
4,43829,175,0.0,5900,409,43420
13,43842,175,0.0,5901,409,43433
8,43850,175,0.0,5902,409,43441
6,43856,175,0.0,5903,409,43447
16,43872,175,0.0,5904,409,43463
4,43876,175,0.0,5905,409,43467
5,43881,175,0.0,5906,409,43472
5,43886,175,0.0,5907,409,43477
7,43893,175,0.0,5908,409,43484
7,43900,175,0.0,5909,409,43491
5,43905,175,0.0,5910,409,43496
8,43913,175,0.0,5911,409,43504
2,43915,175,0.0,5912,409,43506
4,43919,175,0.0,5913,409,43510
2,43921,175,0.0,5914,409,43512
8,43929,175,0.0,5915,409,43520
2,43931,175,0.0,5916,409,43522
8,43939,175,0.0,5917,409,43530
21,43960,175,0.0,5918,409,43551
23,43983,175,0.0,5919,409,43574
21,44004,175,0.0,5920,409,43595
8,44012,175,0.0,5921,409,43603
4,44016,175,0.0,5922,409,43607
5,44021,175,0.0,5923,409,43612
5,44026,175,0.0,5924,409,43617
11,44037,175,0.0,5925,409,43628
8,44045,175,0.0,5926,409,43636
8,44053,175,0.0,5927,409,43644
2,44055,175,0.0,5928,409,43646
2,44057,175,0.0,5929,409,43648
8,44065,175,0.0,5930,409,43656
2,44067,175,0.0,5931,409,43658
3,44070,175,0.0,5932,409,43661
7,44077,175,0.0,5933,409,43668
11,44088,175,0.0,5934,409,43679
15,44103,175,0.0,5935,409,43694
4,44107,175,0.0,5936,409,43698
23,44130,175,0.0,5937,409,43721
3,44133,175,0.0,5938,409,43724
2,44135,175,0.0,5939,409,43726
7,44142,175,0.0,5940,409,43733
15,44157,175,0.0,5941,409,43748
13,44170,175,0.0,5942,409,43761
21,44191,175,0.0,5943,409,43782
6,44197,175,0.0,5944,409,43788
2,44199,175,0.0,5945,409,43790
14,44213,175,0.0,5946,409,43804
6,44219,175,0.0,5947,409,43810
12,44231,175,0.0,5948,409,43822
10,44241,175,0.0,5949,409,43832
3,44244,175,0.0,5950,409,43835
8,44252,175,0.0,5951,409,43843
3,44255,175,0.0,5952,409,43846
8,44263,175,0.0,5953,409,43854
11,44274,175,0.0,5954,409,43865
12,44286,175,0.0,5955,409,43877
2,44288,175,0.0,5956,409,43879
4,44292,175,0.0,5957,409,43883
4,44296,175,0.0,5958,409,43887
7,44303,175,0.0,5959,409,43894
6,44309,175,0.0,5960,409,43900
13,44322,175,0.0,5961,409,43913
6,44328,175,0.0,5962,409,43919
16,44344,175,0.0,5963,409,43935
25,44369,175,0.0,5964,409,43960
4,44373,175,0.0,5965,409,43964
5,44378,175,0.0,5966,409,43969
4,44382,175,0.0,5967,409,43973
3,44385,175,0.0,5968,409,43976
5,44390,175,0.0,5969,409,43981
15,44405,175,0.0,5970,409,43996
11,44416,175,0.0,5971,409,44007
8,44424,175,0.0,5972,409,44015
10,44434,175,0.0,5973,409,44025
2,44436,175,0.0,5974,409,44027
5,44441,175,0.0,5975,409,44032
3,44444,175,0.0,5976,409,44035
4,44448,175,0.0,5977,409,44039
11,44459,175,0.0,5978,409,44050
2,44461,175,0.0,5979,409,44052
6,44467,175,0.0,5980,409,44058
2,44469,175,0.0,5981,409,44060
2,44471,175,0.0,5982,409,44062
14,44485,175,0.0,5983,409,44076
10,44495,175,0.0,5984,409,44086
7,44502,175,0.0,5985,409,44093
7,44509,175,0.0,5986,409,44100
17,44526,175,0.0,5987,409,44117
3,44529,175,0.0,5988,409,44120
10,44539,175,0.0,5989,409,44130
9,44548,175,0.0,5990,409,44139
2,44550,175,0.0,5991,409,44141
15,44565,176,1.0,5992,409,44156
11,44576,176,0.0,5993,409,44167
6,44582,176,0.0,5994,409,44173
13,44595,176,0.0,5995,409,44186
3,44598,176,0.0,5996,409,44189
10,44608,176,0.0,5997,409,44199
11,44619,176,0.0,5998,409,44210
5,44624,176,0.0,5999,409,44215
12,44636,176,0.0,6000,409,44227
12,44648,176,0.0,6001,409,44239
7,44655,176,0.0,6002,409,44246
6,44661,176,0.0,6003,409,44252
11,44672,176,0.0,6004,409,44263
6,44678,176,0.0,6005,409,44269
4,44682,176,0.0,6006,409,44273
10,44692,176,0.0,6007,409,44283
7,44699,176,0.0,6008,409,44290
2,44701,176,0.0,6009,409,44292
9,44710,176,0.0,6010,409,44301
10,44720,176,0.0,6011,409,44311
5,44725,176,0.0,6012,409,44316
10,44735,176,0.0,6013,409,44326
6,44741,176,0.0,6014,409,44332
17,44758,176,0.0,6015,409,44349
15,44773,176,0.0,6016,409,44364
8,44781,176,0.0,6017,409,44372
3,44784,176,0.0,6018,409,44375
6,44790,176,0.0,6019,409,44381
5,44795,176,0.0,6020,409,44386
6,44801,176,0.0,6021,409,44392
2,44803,176,0.0,6022,409,44394
13,44816,176,0.0,6023,409,44407
2,44818,176,0.0,6024,409,44409
2,44820,176,0.0,6025,409,44411
10,44830,176,0.0,6026,409,44421
5,44835,176,0.0,6027,409,44426
8,44843,176,0.0,6028,409,44434
13,44856,176,0.0,6029,409,44447
23,44879,176,0.0,6030,409,44470
13,44892,176,0.0,6031,409,44483
2,44894,176,0.0,6032,409,44485
2,44896,176,0.0,6033,409,44487
2,44898,176,0.0,6034,409,44489
7,44905,176,0.0,6035,409,44496
3,44908,176,0.0,6036,409,44499
15,44923,176,0.0,6037,409,44514
3,44926,176,0.0,6038,409,44517
4,44930,176,0.0,6039,409,44521
16,44946,176,0.0,6040,409,44537
22,44968,176,0.0,6041,409,44559
4,44972,176,0.0,6042,409,44563
2,44974,176,0.0,6043,409,44565
33,45007,176,0.0,6044,409,44598
3,45010,176,0.0,6045,409,44601
3,45013,176,0.0,6046,409,44604
13,45026,176,0.0,6047,409,44617
8,45034,176,0.0,6048,409,44625
5,45039,176,0.0,6049,409,44630
4,45043,176,0.0,6050,409,44634
2,45045,176,0.0,6051,409,44636
15,45060,176,0.0,6052,409,44651
6,45066,176,0.0,6053,409,44657
20,45086,176,0.0,6054,409,44677
25,45111,176,0.0,6055,409,44702
7,45118,176,0.0,6056,409,44709
10,45128,176,0.0,6057,409,44719
14,45142,177,1.0,6058,409,44733
10,45152,177,0.0,6059,409,44743
6,45158,177,0.0,6060,409,44749
9,45167,177,0.0,6061,409,44758
8,45175,177,0.0,6062,409,44766
20,45195,177,0.0,6063,409,44786
2,45197,177,0.0,6064,409,44788
3,45200,177,0.0,6065,409,44791
14,45214,177,0.0,6066,409,44805
14,45228,177,0.0,6067,409,44819
14,45242,177,0.0,6068,409,44833
4,45246,177,0.0,6069,409,44837
8,45254,177,0.0,6070,409,44845
20,45274,177,0.0,6071,409,44865
7,45281,177,0.0,6072,409,44872
2,45283,177,0.0,6073,409,44874
3,45286,177,0.0,6074,409,44877
5,45291,177,0.0,6075,409,44882
10,45301,177,0.0,6076,409,44892
2,45303,177,0.0,6077,409,44894
6,45309,177,0.0,6078,409,44900
3,45312,177,0.0,6079,409,44903
7,45319,177,0.0,6080,409,44910
2,45321,177,0.0,6081,409,44912
8,45329,177,0.0,6082,409,44920
3,45332,177,0.0,6083,409,44923
19,45351,177,0.0,6084,409,44942
12,45363,177,0.0,6085,409,44954
4,45367,177,0.0,6086,409,44958
4,45371,177,0.0,6087,409,44962
6,45377,177,0.0,6088,409,44968
13,45390,177,0.0,6089,409,44981
12,45402,177,0.0,6090,409,44993
3,45405,177,0.0,6091,409,44996
2,45407,177,0.0,6092,409,44998
2,45409,177,0.0,6093,409,45000
3,45412,177,0.0,6094,409,45003
13,45425,177,0.0,6095,409,45016
2,45427,177,0.0,6096,409,45018
2,45429,177,0.0,6097,409,45020
7,45436,177,0.0,6098,409,45027
15,45451,177,0.0,6099,409,45042
4,45455,177,0.0,6100,409,45046
8,45463,177,0.0,6101,409,45054
5,45468,177,0.0,6102,409,45059
7,45475,177,0.0,6103,409,45066
6,45481,177,0.0,6104,409,45072
10,45491,177,0.0,6105,409,45082
4,45495,177,0.0,6106,409,45086
10,45505,177,0.0,6107,409,45096
5,45510,177,0.0,6108,409,45101
3,45513,177,0.0,6109,409,45104
22,45535,177,0.0,6110,409,45126
2,45537,177,0.0,6111,409,45128
16,45553,177,0.0,6112,409,45144
2,45555,177,0.0,6113,409,45146
5,45560,177,0.0,6114,409,45151
10,45570,177,0.0,6115,409,45161
12,45582,177,0.0,6116,409,45173
2,45584,177,0.0,6117,409,45175
7,45591,177,0.0,6118,409,45182
2,45593,177,0.0,6119,409,45184
20,45613,177,0.0,6120,409,45204
6,45619,177,0.0,6121,409,45210
4,45623,177,0.0,6122,409,45214
2,45625,177,0.0,6123,409,45216
24,45649,177,0.0,6124,409,45240
10,45659,177,0.0,6125,409,45250
11,45670,177,0.0,6126,409,45261
10,45680,177,0.0,6127,409,45271
5,45685,177,0.0,6128,409,45276
2,45687,177,0.0,6129,409,45278
16,45703,177,0.0,6130,409,45294
13,45716,177,0.0,6131,409,45307
10,45726,177,0.0,6132,409,45317
3,45729,177,0.0,6133,409,45320
5,45734,177,0.0,6134,409,45325
4,45738,177,0.0,6135,409,45329
2,45740,177,0.0,6136,409,45331
4,45744,177,0.0,6137,409,45335
33,45777,177,0.0,6138,409,45368
10,45787,177,0.0,6139,409,45378
13,45800,177,0.0,6140,409,45391
4,45804,177,0.0,6141,409,45395
2,45806,177,0.0,6142,409,45397
8,45814,177,0.0,6143,409,45405
10,45824,177,0.0,6144,409,45415
10,45834,177,0.0,6145,409,45425
3,45837,177,0.0,6146,409,45428
5,45842,177,0.0,6147,409,45433
12,45854,177,0.0,6148,409,45445
10,45864,177,0.0,6149,409,45455
7,45871,177,0.0,6150,409,45462
2,45873,177,0.0,6151,409,45464
6,45879,177,0.0,6152,409,45470
8,45887,177,0.0,6153,409,45478
10,45897,177,0.0,6154,409,45488
8,45905,177,0.0,6155,409,45496
4,45909,177,0.0,6156,409,45500
12,45921,177,0.0,6157,409,45512
6,45927,177,0.0,6158,409,45518
11,45938,177,0.0,6159,409,45529
5,45943,177,0.0,6160,409,45534
8,45951,177,0.0,6161,409,45542
7,45958,177,0.0,6162,409,45549
2,45960,177,0.0,6163,409,45551
4,45964,177,0.0,6164,409,45555
8,45972,177,0.0,6165,409,45563
3,45975,177,0.0,6166,409,45566
5,45980,177,0.0,6167,409,45571
5,45985,177,0.0,6168,409,45576
8,45993,177,0.0,6169,409,45584
16,46009,177,0.0,6170,409,45600
10,46019,177,0.0,6171,409,45610
4,46023,177,0.0,6172,409,45614
25,46048,177,0.0,6173,409,45639
4,46052,177,0.0,6174,409,45643
3,46055,177,0.0,6175,409,45646
5,46060,177,0.0,6176,409,45651
6,46066,177,0.0,6177,409,45657
2,46068,177,0.0,6178,409,45659
3,46071,177,0.0,6179,409,45662
18,46089,177,0.0,6180,409,45680
2,46091,177,0.0,6181,409,45682
13,46104,177,0.0,6182,409,45695
2,46106,177,0.0,6183,409,45697
7,46113,177,0.0,6184,409,45704
10,46123,177,0.0,6185,409,45714
7,46130,177,0.0,6186,409,45721
4,46134,177,0.0,6187,409,45725
8,46142,177,0.0,6188,409,45733
3,46145,177,0.0,6189,409,45736
3,46148,177,0.0,6190,409,45739
2,46150,177,0.0,6191,409,45741
8,46158,177,0.0,6192,409,45749
9,46167,177,0.0,6193,409,45758
2,46169,177,0.0,6194,409,45760
3,46172,177,0.0,6195,409,45763
2,46174,177,0.0,6196,409,45765
24,46198,177,0.0,6197,409,45789
8,46206,177,0.0,6198,409,45797
15,46221,177,0.0,6199,409,45812
3,46224,177,0.0,6200,409,45815
9,46233,177,0.0,6201,409,45824
6,46239,177,0.0,6202,409,45830
8,46247,177,0.0,6203,409,45838
2,46249,177,0.0,6204,409,45840
9,46258,177,0.0,6205,409,45849
2,46260,177,0.0,6206,409,45851
5,46265,177,0.0,6207,409,45856
8,46273,177,0.0,6208,409,45864
5,46278,177,0.0,6209,409,45869
9,46287,177,0.0,6210,409,45878
8,46295,177,0.0,6211,409,45886
6,46301,177,0.0,6212,409,45892
24,46325,177,0.0,6213,409,45916
4,46329,177,0.0,6214,409,45920
12,46341,177,0.0,6215,409,45932
5,46346,177,0.0,6216,409,45937
5,46351,177,0.0,6217,409,45942
13,46364,177,0.0,6218,409,45955
3,46367,177,0.0,6219,409,45958
4,46371,177,0.0,6220,409,45962
6,46377,177,0.0,6221,409,45968
2,46379,177,0.0,6222,409,45970
5,46384,177,0.0,6223,409,45975
14,46398,177,0.0,6224,409,45989
7,46405,177,0.0,6225,409,45996
6,46411,177,0.0,6226,409,46002
4,46415,177,0.0,6227,409,46006
9,46424,177,0.0,6228,409,46015
16,46440,177,0.0,6229,409,46031
6,46446,177,0.0,6230,409,46037
8,46454,177,0.0,6231,409,46045
5,46459,177,0.0,6232,409,46050
6,46465,177,0.0,6233,409,46056
23,46488,177,0.0,6234,409,46079
13,46501,177,0.0,6235,409,46092
4,46505,177,0.0,6236,409,46096
2,46507,177,0.0,6237,409,46098
17,46524,177,0.0,6238,409,46115
14,46538,177,0.0,6239,409,46129
11,46549,177,0.0,6240,409,46140
3,46552,177,0.0,6241,409,46143
9,46561,177,0.0,6242,409,46152
14,46575,177,0.0,6243,409,46166
7,46582,177,0.0,6244,409,46173
12,46594,177,0.0,6245,409,46185
2,46596,177,0.0,6246,409,46187
2,46598,177,0.0,6247,409,46189
2,46600,177,0.0,6248,409,46191
8,46608,177,0.0,6249,409,46199
7,46615,177,0.0,6250,409,46206
12,46627,177,0.0,6251,409,46218
2,46629,177,0.0,6252,409,46220
10,46639,177,0.0,6253,409,46230
11,46650,177,0.0,6254,409,46241
7,46657,177,0.0,6255,409,46248
4,46661,177,0.0,6256,409,46252
4,46665,177,0.0,6257,409,46256
8,46673,177,0.0,6258,409,46264
9,46682,177,0.0,6259,409,46273
8,46690,177,0.0,6260,409,46281
5,46695,177,0.0,6261,409,46286
8,46703,177,0.0,6262,409,46294
3,46706,177,0.0,6263,409,46297
5,46711,177,0.0,6264,409,46302
8,46719,177,0.0,6265,409,46310
3,46722,177,0.0,6266,409,46313
8,46730,177,0.0,6267,409,46321
4,46734,177,0.0,6268,409,46325
7,46741,177,0.0,6269,409,46332
11,46752,177,0.0,6270,409,46343
6,46758,177,0.0,6271,409,46349
11,46769,177,0.0,6272,409,46360
9,46778,177,0.0,6273,409,46369
4,46782,177,0.0,6274,409,46373
2,46784,177,0.0,6275,409,46375
4,46788,177,0.0,6276,409,46379
2,46790,177,0.0,6277,409,46381
6,46796,177,0.0,6278,409,46387
4,46800,177,0.0,6279,409,46391
10,46810,177,0.0,6280,409,46401
2,46812,177,0.0,6281,409,46403
2,46814,177,0.0,6282,409,46405
4,46818,177,0.0,6283,409,46409
7,46825,177,0.0,6284,409,46416
7,46832,177,0.0,6285,409,46423
3,46835,177,0.0,6286,409,46426
3,46838,177,0.0,6287,409,46429
6,46844,177,0.0,6288,409,46435
3,46847,177,0.0,6289,409,46438
2,46849,177,0.0,6290,409,46440
5,46854,177,0.0,6291,409,46445
2,46856,177,0.0,6292,409,46447
13,46869,177,0.0,6293,409,46460
4,46873,177,0.0,6294,409,46464
4,46877,177,0.0,6295,409,46468
10,46887,177,0.0,6296,409,46478
11,46898,177,0.0,6297,409,46489
11,46909,177,0.0,6298,409,46500
5,46914,177,0.0,6299,409,46505
10,46924,177,0.0,6300,409,46515
7,46931,177,0.0,6301,409,46522
4,46935,177,0.0,6302,409,46526
3,46938,177,0.0,6303,409,46529
6,46944,177,0.0,6304,409,46535
4,46948,177,0.0,6305,409,46539
10,46958,177,0.0,6306,409,46549
2,46960,177,0.0,6307,409,46551
10,46970,177,0.0,6308,409,46561
16,46986,177,0.0,6309,409,46577
9,46995,177,0.0,6310,409,46586
6,47001,177,0.0,6311,409,46592
3,47004,177,0.0,6312,409,46595
3,47007,177,0.0,6313,409,46598
9,47016,177,0.0,6314,409,46607
4,47020,177,0.0,6315,409,46611
11,47031,177,0.0,6316,409,46622
6,47037,177,0.0,6317,409,46628
12,47049,177,0.0,6318,409,46640
7,47056,177,0.0,6319,409,46647
4,47060,177,0.0,6320,409,46651
2,47062,177,0.0,6321,409,46653
2,47064,177,0.0,6322,409,46655
2,47066,177,0.0,6323,409,46657
8,47074,177,0.0,6324,409,46665
7,47081,177,0.0,6325,409,46672
15,47096,178,1.0,6326,409,46687
10,47106,178,0.0,6327,409,46697
6,47112,178,0.0,6328,409,46703
7,47119,178,0.0,6329,409,46710
28,47147,178,0.0,6330,409,46738
17,47164,178,0.0,6331,409,46755
6,47170,178,0.0,6332,409,46761
3,47173,178,0.0,6333,409,46764
8,47181,178,0.0,6334,409,46772
6,47187,178,0.0,6335,409,46778
3,47190,178,0.0,6336,409,46781
35,47225,178,0.0,6337,409,46816
5,47230,178,0.0,6338,409,46821
3,47233,178,0.0,6339,409,46824
7,47240,178,0.0,6340,409,46831
13,47253,178,0.0,6341,409,46844
2,47255,178,0.0,6342,409,46846
7,47262,178,0.0,6343,409,46853
7,47269,178,0.0,6344,409,46860
8,47277,178,0.0,6345,409,46868
7,47284,178,0.0,6346,409,46875
2,47286,178,0.0,6347,409,46877
24,47310,178,0.0,6348,409,46901
6,47316,178,0.0,6349,409,46907
5,47321,178,0.0,6350,409,46912
12,47333,178,0.0,6351,409,46924
15,47348,179,1.0,6352,409,46939
6,47354,179,0.0,6353,409,46945
2,47356,179,0.0,6354,409,46947
6,47362,179,0.0,6355,409,46953
3,47365,179,0.0,6356,409,46956
5,47370,179,0.0,6357,409,46961
7,47377,179,0.0,6358,409,46968
16,47393,179,0.0,6359,409,46984
10,47403,179,0.0,6360,409,46994
11,47414,179,0.0,6361,409,47005
12,47426,179,0.0,6362,409,47017
3,47429,179,0.0,6363,409,47020
7,47436,179,0.0,6364,409,47027
23,47459,179,0.0,6365,409,47050
20,47479,179,0.0,6366,409,47070
13,47492,179,0.0,6367,409,47083
3,47495,179,0.0,6368,409,47086
2,47497,179,0.0,6369,409,47088
9,47506,179,0.0,6370,409,47097
11,47517,179,0.0,6371,409,47108
18,47535,179,0.0,6372,409,47126
4,47539,179,0.0,6373,409,47130
6,47545,179,0.0,6374,409,47136
11,47556,179,0.0,6375,409,47147
3,47559,179,0.0,6376,409,47150
7,47566,179,0.0,6377,409,47157
8,47574,179,0.0,6378,409,47165
3,47577,179,0.0,6379,409,47168
2,47579,179,0.0,6380,409,47170
7,47586,179,0.0,6381,409,47177
23,47609,179,0.0,6382,409,47200
5,47614,179,0.0,6383,409,47205
21,47635,179,0.0,6384,409,47226
13,47648,179,0.0,6385,409,47239
4,47652,179,0.0,6386,409,47243
7,47659,179,0.0,6387,409,47250
2,47661,179,0.0,6388,409,47252
7,47668,179,0.0,6389,409,47259
3,47671,179,0.0,6390,409,47262
9,47680,179,0.0,6391,409,47271
9,47689,179,0.0,6392,409,47280
13,47702,179,0.0,6393,409,47293
17,47719,179,0.0,6394,409,47310
10,47729,179,0.0,6395,409,47320
7,47736,179,0.0,6396,409,47327
9,47745,179,0.0,6397,409,47336
2,47747,179,0.0,6398,409,47338
16,47763,179,0.0,6399,409,47354
12,47775,179,0.0,6400,409,47366
5,47780,179,0.0,6401,409,47371
6,47786,179,0.0,6402,409,47377
17,47803,179,0.0,6403,409,47394
11,47814,179,0.0,6404,409,47405
7,47821,179,0.0,6405,409,47412
2,47823,179,0.0,6406,409,47414
6,47829,179,0.0,6407,409,47420
11,47840,179,0.0,6408,409,47431
7,47847,179,0.0,6409,409,47438
8,47855,179,0.0,6410,409,47446
2,47857,179,0.0,6411,409,47448
22,47879,179,0.0,6412,409,47470
3,47882,179,0.0,6413,409,47473
7,47889,179,0.0,6414,409,47480
7,47896,179,0.0,6415,409,47487
6,47902,179,0.0,6416,409,47493
10,47912,179,0.0,6417,409,47503
9,47921,179,0.0,6418,409,47512
21,47942,180,1.0,6419,409,47533
4,47946,180,0.0,6420,409,47537
5,47951,180,0.0,6421,409,47542
8,47959,180,0.0,6422,409,47550
5,47964,180,0.0,6423,409,47555
2,47966,180,0.0,6424,409,47557
13,47979,180,0.0,6425,409,47570
15,47994,180,0.0,6426,409,47585
4,47998,180,0.0,6427,409,47589
3,48001,180,0.0,6428,409,47592
7,48008,180,0.0,6429,409,47599
27,48035,181,1.0,6430,409,47626
11,48046,181,0.0,6431,409,47637
11,48057,181,0.0,6432,409,47648
20,48077,181,0.0,6433,409,47668
14,48091,181,0.0,6434,409,47682
8,48099,181,0.0,6435,409,47690
2,48101,181,0.0,6436,409,47692
6,48107,181,0.0,6437,409,47698
7,48114,181,0.0,6438,409,47705
14,48128,182,1.0,6439,409,47719
6,48134,182,0.0,6440,409,47725
13,48147,182,0.0,6441,409,47738
6,48153,182,0.0,6442,409,47744
4,48157,182,0.0,6443,409,47748
11,48168,182,0.0,6444,409,47759
2,48170,182,0.0,6445,409,47761
15,48185,182,0.0,6446,409,47776
4,48189,182,0.0,6447,409,47780
14,48203,183,1.0,6448,409,47794
4,48207,183,0.0,6449,409,47798
4,48211,183,0.0,6450,409,47802
3,48214,183,0.0,6451,409,47805
7,48221,183,0.0,6452,409,47812
6,48227,183,0.0,6453,409,47818
2,48229,183,0.0,6454,409,47820
7,48236,183,0.0,6455,409,47827
15,48251,184,1.0,6456,409,47842
6,48257,184,0.0,6457,409,47848
7,48264,184,0.0,6458,409,47855
6,48270,184,0.0,6459,409,47861
3,48273,184,0.0,6460,409,47864
8,48281,184,0.0,6461,409,47872
18,48299,185,1.0,6462,409,47890
8,48307,185,0.0,6463,409,47898
2,48309,185,0.0,6464,409,47900
2,48311,185,0.0,6465,409,47902
5,48316,185,0.0,6466,409,47907
2,48318,185,0.0,6467,409,47909
9,48327,185,0.0,6468,409,47918
4,48331,185,0.0,6469,409,47922
9,48340,185,0.0,6470,409,47931
2,48342,185,0.0,6471,409,47933
2,48344,185,0.0,6472,409,47935
4,48348,185,0.0,6473,409,47939
8,48356,185,0.0,6474,409,47947
8,48364,185,0.0,6475,409,47955
9,48373,185,0.0,6476,409,47964
21,48394,186,1.0,6477,409,47985
5,48399,186,0.0,6478,409,47990
11,48410,186,0.0,6479,409,48001
3,48413,186,0.0,6480,409,48004
5,48418,186,0.0,6481,409,48009
8,48426,186,0.0,6482,409,48017
3,48429,186,0.0,6483,409,48020
4,48433,186,0.0,6484,409,48024
5,48438,186,0.0,6485,409,48029
9,48447,186,0.0,6486,409,48038
5,48452,186,0.0,6487,409,48043
8,48460,186,0.0,6488,409,48051
2,48462,186,0.0,6489,409,48053
14,48476,187,1.0,6490,409,48067
13,48489,187,0.0,6491,409,48080
3,48492,187,0.0,6492,409,48083
2,48494,187,0.0,6493,409,48085
6,48500,187,0.0,6494,409,48091
8,48508,187,0.0,6495,409,48099
7,48515,187,0.0,6496,409,48106
10,48525,187,0.0,6497,409,48116
15,48540,187,0.0,6498,409,48131
5,48545,187,0.0,6499,409,48136
9,48554,187,0.0,6500,409,48145
13,48567,187,0.0,6501,409,48158
7,48574,187,0.0,6502,409,48165
14,48588,187,0.0,6503,409,48179
17,48605,187,0.0,6504,409,48196
2,48607,187,0.0,6505,409,48198
12,48619,187,0.0,6506,409,48210
14,48633,187,0.0,6507,409,48224
2,48635,187,0.0,6508,409,48226
3,48638,187,0.0,6509,409,48229
20,48658,187,0.0,6510,409,48249
9,48667,187,0.0,6511,409,48258
22,48689,187,0.0,6512,409,48280
11,48700,187,0.0,6513,409,48291
4,48704,187,0.0,6514,409,48295
21,48725,187,0.0,6515,409,48316
3,48728,187,0.0,6516,409,48319
2,48730,187,0.0,6517,409,48321
3,48733,187,0.0,6518,409,48324
4,48737,187,0.0,6519,409,48328
2,48739,187,0.0,6520,409,48330
29,48768,187,0.0,6521,409,48359
10,48778,187,0.0,6522,409,48369
5,48783,187,0.0,6523,409,48374
2,48785,187,0.0,6524,409,48376
4,48789,187,0.0,6525,409,48380
20,48809,187,0.0,6526,409,48400
3,48812,187,0.0,6527,409,48403
7,48819,187,0.0,6528,409,48410
2,48821,187,0.0,6529,409,48412
3,48824,187,0.0,6530,409,48415
16,48840,187,0.0,6531,409,48431
11,48851,187,0.0,6532,409,48442
18,48869,187,0.0,6533,409,48460
2,48871,187,0.0,6534,409,48462
10,48881,187,0.0,6535,409,48472
10,48891,187,0.0,6536,409,48482
9,48900,187,0.0,6537,409,48491
7,48907,187,0.0,6538,409,48498
21,48928,187,0.0,6539,409,48519
3,48931,187,0.0,6540,409,48522
7,48938,187,0.0,6541,409,48529
8,48946,187,0.0,6542,409,48537
2,48948,187,0.0,6543,409,48539
2,48950,187,0.0,6544,409,48541
8,48958,187,0.0,6545,409,48549
8,48966,187,0.0,6546,409,48557
3,48969,187,0.0,6547,409,48560
18,48987,187,0.0,6548,409,48578
2,48989,187,0.0,6549,409,48580
2,48991,187,0.0,6550,409,48582
11,49002,187,0.0,6551,409,48593
4,49006,187,0.0,6552,409,48597
10,49016,187,0.0,6553,409,48607
5,49021,187,0.0,6554,409,48612
2,49023,187,0.0,6555,409,48614
13,49036,187,0.0,6556,409,48627
15,49051,187,0.0,6557,409,48642
5,49056,187,0.0,6558,409,48647
4,49060,187,0.0,6559,409,48651
6,49066,187,0.0,6560,409,48657
4,49070,187,0.0,6561,409,48661
7,49077,187,0.0,6562,409,48668
4,49081,187,0.0,6563,409,48672
7,49088,187,0.0,6564,409,48679
7,49095,187,0.0,6565,409,48686
9,49104,187,0.0,6566,409,48695
7,49111,187,0.0,6567,409,48702
2,49113,187,0.0,6568,409,48704
4,49117,187,0.0,6569,409,48708
4,49121,187,0.0,6570,409,48712
4,49125,187,0.0,6571,409,48716
3,49128,187,0.0,6572,409,48719
2,49130,187,0.0,6573,409,48721
3,49133,187,0.0,6574,409,48724
5,49138,187,0.0,6575,409,48729
14,49152,188,1.0,6576,409,48743
5,49157,188,0.0,6577,409,48748
12,49169,188,0.0,6578,409,48760
9,49178,188,0.0,6579,409,48769
8,49186,188,0.0,6580,409,48777
8,49194,188,0.0,6581,409,48785
3,49197,188,0.0,6582,409,48788
4,49201,188,0.0,6583,409,48792
9,49210,188,0.0,6584,409,48801
20,49230,188,0.0,6585,409,48821
4,49234,188,0.0,6586,409,48825
2,49236,188,0.0,6587,409,48827
3,49239,188,0.0,6588,409,48830
4,49243,188,0.0,6589,409,48834
14,49257,188,0.0,6590,409,48848
5,49262,188,0.0,6591,409,48853
6,49268,188,0.0,6592,409,48859
2,49270,188,0.0,6593,409,48861
8,49278,188,0.0,6594,409,48869
2,49280,188,0.0,6595,409,48871
6,49286,188,0.0,6596,409,48877
14,49300,188,0.0,6597,409,48891
8,49308,188,0.0,6598,409,48899
20,49328,188,0.0,6599,409,48919
2,49330,188,0.0,6600,409,48921
2,49332,188,0.0,6601,409,48923
3,49335,188,0.0,6602,409,48926
4,49339,188,0.0,6603,409,48930
5,49344,188,0.0,6604,409,48935
9,49353,188,0.0,6605,409,48944
3,49356,188,0.0,6606,409,48947
9,49365,188,0.0,6607,409,48956
4,49369,188,0.0,6608,409,48960
14,49383,188,0.0,6609,409,48974
4,49387,188,0.0,6610,409,48978
4,49391,188,0.0,6611,409,48982
4,49395,188,0.0,6612,409,48986
5,49400,188,0.0,6613,409,48991
14,49414,189,1.0,6614,409,49005
7,49421,189,0.0,6615,409,49012
5,49426,189,0.0,6616,409,49017
10,49436,189,0.0,6617,409,49027
14,49450,189,0.0,6618,409,49041
5,49455,189,0.0,6619,409,49046
13,49468,189,0.0,6620,409,49059
5,49473,189,0.0,6621,409,49064
2,49475,189,0.0,6622,409,49066
6,49481,189,0.0,6623,409,49072
3,49484,189,0.0,6624,409,49075
11,49495,189,0.0,6625,409,49086
7,49502,189,0.0,6626,409,49093
2,49504,189,0.0,6627,409,49095
7,49511,189,0.0,6628,409,49102
34,49545,189,0.0,6629,409,49136
5,49550,189,0.0,6630,409,49141
2,49552,189,0.0,6631,409,49143
7,49559,189,0.0,6632,409,49150
43,49602,189,0.0,6633,409,49193
2,49604,189,0.0,6634,409,49195
10,49614,189,0.0,6635,409,49205
7,49621,189,0.0,6636,409,49212
2,49623,189,0.0,6637,409,49214
6,49629,189,0.0,6638,409,49220
2,49631,189,0.0,6639,409,49222
20,49651,189,0.0,6640,409,49242
3,49654,189,0.0,6641,409,49245
19,49673,189,0.0,6642,409,49264
14,49687,189,0.0,6643,409,49278
23,49710,189,0.0,6644,409,49301
10,49720,189,0.0,6645,409,49311
8,49728,189,0.0,6646,409,49319
10,49738,189,0.0,6647,409,49329
12,49750,189,0.0,6648,409,49341
16,49766,189,0.0,6649,409,49357
2,49768,189,0.0,6650,409,49359
6,49774,189,0.0,6651,409,49365
6,49780,189,0.0,6652,409,49371
6,49786,189,0.0,6653,409,49377
4,49790,189,0.0,6654,409,49381
24,49814,189,0.0,6655,409,49405
6,49820,189,0.0,6656,409,49411
23,49843,189,0.0,6657,409,49434
4,49847,189,0.0,6658,409,49438
18,49865,189,0.0,6659,409,49456
2,49867,189,0.0,6660,409,49458
4,49871,189,0.0,6661,409,49462
7,49878,189,0.0,6662,409,49469
3,49881,189,0.0,6663,409,49472
12,49893,189,0.0,6664,409,49484
3,49896,189,0.0,6665,409,49487
2,49898,189,0.0,6666,409,49489
8,49906,189,0.0,6667,409,49497
8,49914,189,0.0,6668,409,49505
7,49921,189,0.0,6669,409,49512
13,49934,189,0.0,6670,409,49525
17,49951,189,0.0,6671,409,49542
2,49953,189,0.0,6672,409,49544
3,49956,189,0.0,6673,409,49547
21,49977,189,0.0,6674,409,49568
2,49979,189,0.0,6675,409,49570
3,49982,189,0.0,6676,409,49573
3,49985,189,0.0,6677,409,49576
14,49999,189,0.0,6678,409,49590
18,50017,189,0.0,6679,409,49608
6,50023,189,0.0,6680,409,49614
12,50035,189,0.0,6681,409,49626
4,50039,189,0.0,6682,409,49630
10,50049,189,0.0,6683,409,49640
2,50051,189,0.0,6684,409,49642
6,50057,189,0.0,6685,409,49648
3,50060,189,0.0,6686,409,49651
10,50070,189,0.0,6687,409,49661
14,50084,189,0.0,6688,409,49675
3,50087,189,0.0,6689,409,49678
5,50092,189,0.0,6690,409,49683
3,50095,189,0.0,6691,409,49686
10,50105,189,0.0,6692,409,49696
2,50107,189,0.0,6693,409,49698
27,50134,190,1.0,6694,409,49725
18,50152,190,0.0,6695,409,49743
6,50158,190,0.0,6696,409,49749
19,50177,190,0.0,6697,409,49768
4,50181,190,0.0,6698,409,49772
2,50183,190,0.0,6699,409,49774
9,50192,190,0.0,6700,409,49783
4,50196,190,0.0,6701,409,49787
17,50213,190,0.0,6702,409,49804
4,50217,190,0.0,6703,409,49808
4,50221,190,0.0,6704,409,49812
7,50228,190,0.0,6705,409,49819
15,50243,190,0.0,6706,409,49834
3,50246,190,0.0,6707,409,49837
10,50256,190,0.0,6708,409,49847
7,50263,190,0.0,6709,409,49854
14,50277,190,0.0,6710,409,49868
6,50283,190,0.0,6711,409,49874
5,50288,190,0.0,6712,409,49879
5,50293,190,0.0,6713,409,49884
15,50308,190,0.0,6714,409,49899
5,50313,190,0.0,6715,409,49904
21,50334,190,0.0,6716,409,49925
3,50337,190,0.0,6717,409,49928
2,50339,190,0.0,6718,409,49930
2,50341,190,0.0,6719,409,49932
9,50350,190,0.0,6720,409,49941
18,50368,190,0.0,6721,409,49959
3,50371,190,0.0,6722,409,49962
6,50377,190,0.0,6723,409,49968
7,50384,190,0.0,6724,409,49975
8,50392,190,0.0,6725,409,49983
6,50398,190,0.0,6726,409,49989
8,50406,190,0.0,6727,409,49997
8,50414,190,0.0,6728,409,50005
4,50418,190,0.0,6729,409,50009
6,50424,190,0.0,6730,409,50015
14,50438,190,0.0,6731,409,50029
26,50464,190,0.0,6732,409,50055
7,50471,190,0.0,6733,409,50062
6,50477,190,0.0,6734,409,50068
12,50489,190,0.0,6735,409,50080
7,50496,190,0.0,6736,409,50087
6,50502,190,0.0,6737,409,50093
8,50510,190,0.0,6738,410,50100
11,50521,190,0.0,6739,410,50111
3,50524,190,0.0,6740,410,50114
32,50556,190,0.0,6741,410,50146
3,50559,190,0.0,6742,410,50149
4,50563,190,0.0,6743,410,50153
5,50568,190,0.0,6744,410,50158
11,50579,190,0.0,6745,410,50169
8,50587,190,0.0,6746,410,50177
2,50589,190,0.0,6747,410,50179
12,50601,190,0.0,6748,410,50191
8,50609,190,0.0,6749,410,50199
3,50612,190,0.0,6750,410,50202
14,50626,190,0.0,6751,410,50216
3,50629,190,0.0,6752,410,50219
17,50646,190,0.0,6753,410,50236
11,50657,190,0.0,6754,410,50247
15,50672,191,1.0,6755,410,50262
4,50676,191,0.0,6756,410,50266
5,50681,191,0.0,6757,410,50271
7,50688,191,0.0,6758,410,50278
3,50691,191,0.0,6759,410,50281
7,50698,191,0.0,6760,410,50288
26,50724,191,0.0,6761,410,50314
12,50736,191,0.0,6762,410,50326
4,50740,191,0.0,6763,410,50330
5,50745,191,0.0,6764,410,50335
6,50751,191,0.0,6765,410,50341
12,50763,191,0.0,6766,410,50353
10,50773,191,0.0,6767,410,50363
4,50777,191,0.0,6768,410,50367
8,50785,191,0.0,6769,410,50375
6,50791,191,0.0,6770,410,50381
8,50799,191,0.0,6771,410,50389
19,50818,191,0.0,6772,410,50408
14,50832,191,0.0,6773,410,50422
6,50838,191,0.0,6774,410,50428
12,50850,191,0.0,6775,410,50440
6,50856,191,0.0,6776,410,50446
8,50864,191,0.0,6777,410,50454
7,50871,191,0.0,6778,410,50461
13,50884,191,0.0,6779,410,50474
2,50886,191,0.0,6780,410,50476
11,50897,191,0.0,6781,410,50487
11,50908,191,0.0,6782,410,50498
2,50910,191,0.0,6783,410,50500
3,50913,191,0.0,6784,410,50503
6,50919,191,0.0,6785,410,50509
2,50921,191,0.0,6786,410,50511
5,50926,191,0.0,6787,410,50516
7,50933,191,0.0,6788,410,50523
5,50938,191,0.0,6789,410,50528
19,50957,191,0.0,6790,410,50547
17,50974,191,0.0,6791,410,50564
15,50989,191,0.0,6792,410,50579
19,51008,191,0.0,6793,410,50598
4,51012,191,0.0,6794,410,50602
8,51020,191,0.0,6795,410,50610
12,51032,191,0.0,6796,410,50622
3,51035,191,0.0,6797,410,50625
2,51037,191,0.0,6798,410,50627
27,51064,192,1.0,6799,410,50654
2,51066,192,0.0,6800,410,50656
3,51069,192,0.0,6801,410,50659
4,51073,192,0.0,6802,410,50663
4,51077,192,0.0,6803,410,50667
7,51084,192,0.0,6804,410,50674
8,51092,192,0.0,6805,410,50682
14,51106,192,0.0,6806,410,50696
4,51110,192,0.0,6807,410,50700
3,51113,192,0.0,6808,410,50703
6,51119,192,0.0,6809,410,50709
14,51133,192,0.0,6810,410,50723
15,51148,192,0.0,6811,410,50738
5,51153,192,0.0,6812,410,50743
4,51157,192,0.0,6813,410,50747
6,51163,192,0.0,6814,410,50753
3,51166,192,0.0,6815,410,50756
15,51181,192,0.0,6816,410,50771
5,51186,192,0.0,6817,410,50776
9,51195,192,0.0,6818,410,50785
12,51207,192,0.0,6819,410,50797
8,51215,192,0.0,6820,410,50805
3,51218,192,0.0,6821,410,50808
2,51220,192,0.0,6822,410,50810
17,51237,192,0.0,6823,410,50827
2,51239,192,0.0,6824,410,50829
7,51246,192,0.0,6825,410,50836
8,51254,192,0.0,6826,410,50844
3,51257,192,0.0,6827,410,50847
8,51265,192,0.0,6828,410,50855
4,51269,192,0.0,6829,410,50859
7,51276,192,0.0,6830,410,50866
2,51278,192,0.0,6831,410,50868
5,51283,192,0.0,6832,410,50873
3,51286,192,0.0,6833,410,50876
6,51292,192,0.0,6834,410,50882
7,51299,192,0.0,6835,410,50889
12,51311,192,0.0,6836,410,50901
3,51314,192,0.0,6837,410,50904
16,51330,192,0.0,6838,410,50920
8,51338,192,0.0,6839,410,50928
5,51343,192,0.0,6840,410,50933
18,51361,192,0.0,6841,410,50951
10,51371,192,0.0,6842,410,50961
13,51384,192,0.0,6843,410,50974
2,51386,192,0.0,6844,410,50976
8,51394,192,0.0,6845,410,50984
3,51397,192,0.0,6846,410,50987
4,51401,192,0.0,6847,410,50991
3,51404,192,0.0,6848,410,50994
11,51415,192,0.0,6849,410,51005
5,51420,192,0.0,6850,410,51010
3,51423,192,0.0,6851,410,51013
12,51435,192,0.0,6852,410,51025
15,51450,192,0.0,6853,410,51040
17,51467,192,0.0,6854,410,51057
4,51471,192,0.0,6855,410,51061
6,51477,192,0.0,6856,410,51067
7,51484,192,0.0,6857,410,51074
6,51490,192,0.0,6858,410,51080
5,51495,192,0.0,6859,410,51085
8,51503,192,0.0,6860,410,51093
3,51506,192,0.0,6861,410,51096
2,51508,192,0.0,6862,410,51098
9,51517,192,0.0,6863,410,51107
2,51519,192,0.0,6864,410,51109
15,51534,192,0.0,6865,410,51124
28,51562,192,0.0,6866,410,51152
26,51588,192,0.0,6867,410,51178
10,51598,192,0.0,6868,410,51188
10,51608,192,0.0,6869,410,51198
9,51617,192,0.0,6870,410,51207
10,51627,192,0.0,6871,410,51217
3,51630,192,0.0,6872,410,51220
7,51637,192,0.0,6873,410,51227
8,51645,192,0.0,6874,410,51235
4,51649,192,0.0,6875,410,51239
16,51665,192,0.0,6876,410,51255
7,51672,192,0.0,6877,410,51262
3,51675,192,0.0,6878,410,51265
2,51677,192,0.0,6879,410,51267
12,51689,192,0.0,6880,410,51279
6,51695,192,0.0,6881,410,51285
6,51701,192,0.0,6882,410,51291
5,51706,192,0.0,6883,410,51296
7,51713,192,0.0,6884,410,51303
7,51720,192,0.0,6885,410,51310
2,51722,192,0.0,6886,410,51312
14,51736,192,0.0,6887,410,51326
13,51749,192,0.0,6888,410,51339
2,51751,192,0.0,6889,410,51341
5,51756,192,0.0,6890,410,51346
6,51762,192,0.0,6891,410,51352
2,51764,192,0.0,6892,410,51354
12,51776,192,0.0,6893,410,51366
2,51778,192,0.0,6894,410,51368
4,51782,192,0.0,6895,410,51372
2,51784,192,0.0,6896,410,51374
3,51787,192,0.0,6897,410,51377
7,51794,192,0.0,6898,410,51384
11,51805,192,0.0,6899,410,51395
3,51808,192,0.0,6900,410,51398
6,51814,192,0.0,6901,410,51404
12,51826,192,0.0,6902,410,51416
8,51834,192,0.0,6903,410,51424
2,51836,192,0.0,6904,410,51426
8,51844,193,1.0,6905,410,51434
18,51862,194,1.0,6906,410,51452
4,51866,194,0.0,6907,410,51456
15,51881,194,0.0,6908,410,51471
13,51894,194,0.0,6909,410,51484
10,51904,194,0.0,6910,410,51494
8,51912,194,0.0,6911,410,51502
10,51922,194,0.0,6912,410,51512
4,51926,194,0.0,6913,410,51516
11,51937,194,0.0,6914,410,51527
4,51941,194,0.0,6915,410,51531
7,51948,194,0.0,6916,410,51538
8,51956,194,0.0,6917,410,51546
4,51960,194,0.0,6918,410,51550
24,51984,194,0.0,6919,410,51574
12,51996,194,0.0,6920,410,51586
3,51999,194,0.0,6921,410,51589
7,52006,194,0.0,6922,410,51596
6,52012,194,0.0,6923,410,51602
6,52018,194,0.0,6924,410,51608
14,52032,194,0.0,6925,410,51622
2,52034,194,0.0,6926,410,51624
9,52043,194,0.0,6927,410,51633
3,52046,194,0.0,6928,410,51636
12,52058,194,0.0,6929,410,51648
2,52060,194,0.0,6930,410,51650
15,52075,194,0.0,6931,410,51665
5,52080,194,0.0,6932,410,51670
3,52083,194,0.0,6933,410,51673
4,52087,194,0.0,6934,410,51677
2,52089,194,0.0,6935,410,51679
11,52100,194,0.0,6936,410,51690
2,52102,194,0.0,6937,410,51692
3,52105,194,0.0,6938,410,51695
3,52108,194,0.0,6939,410,51698
23,52131,194,0.0,6940,410,51721
7,52138,194,0.0,6941,410,51728
3,52141,194,0.0,6942,410,51731
5,52146,194,0.0,6943,410,51736
15,52161,194,0.0,6944,410,51751
19,52180,194,0.0,6945,410,51770
2,52182,194,0.0,6946,410,51772
2,52184,194,0.0,6947,410,51774
10,52194,194,0.0,6948,410,51784
2,52196,194,0.0,6949,410,51786
2,52198,194,0.0,6950,410,51788
12,52210,194,0.0,6951,410,51800
7,52217,194,0.0,6952,410,51807
7,52224,194,0.0,6953,410,51814
10,52234,194,0.0,6954,410,51824
7,52241,194,0.0,6955,410,51831
15,52256,194,0.0,6956,410,51846
34,52290,194,0.0,6957,410,51880
6,52296,194,0.0,6958,410,51886
9,52305,194,0.0,6959,410,51895
15,52320,194,0.0,6960,410,51910
4,52324,194,0.0,6961,410,51914
8,52332,194,0.0,6962,410,51922
6,52338,194,0.0,6963,410,51928
7,52345,194,0.0,6964,410,51935
6,52351,194,0.0,6965,410,51941
10,52361,194,0.0,6966,410,51951
6,52367,194,0.0,6967,410,51957
3,52370,194,0.0,6968,410,51960
19,52389,194,0.0,6969,410,51979
2,52391,194,0.0,6970,410,51981
4,52395,194,0.0,6971,410,51985
4,52399,194,0.0,6972,410,51989
10,52409,194,0.0,6973,410,51999
10,52419,194,0.0,6974,410,52009
13,52432,194,0.0,6975,410,52022
3,52435,194,0.0,6976,410,52025
6,52441,194,0.0,6977,410,52031
2,52443,194,0.0,6978,410,52033
4,52447,194,0.0,6979,410,52037
12,52459,194,0.0,6980,410,52049
11,52470,194,0.0,6981,410,52060
3,52473,194,0.0,6982,410,52063
6,52479,194,0.0,6983,410,52069
14,52493,194,0.0,6984,410,52083
3,52496,194,0.0,6985,410,52086
22,52518,194,0.0,6986,410,52108
5,52523,194,0.0,6987,410,52113
2,52525,194,0.0,6988,410,52115
2,52527,194,0.0,6989,410,52117
2,52529,194,0.0,6990,410,52119
2,52531,194,0.0,6991,410,52121
5,52536,194,0.0,6992,410,52126
32,52568,194,0.0,6993,410,52158
7,52575,194,0.0,6994,410,52165
6,52581,194,0.0,6995,410,52171
7,52588,194,0.0,6996,410,52178
13,52601,194,0.0,6997,410,52191
2,52603,194,0.0,6998,410,52193
8,52611,194,0.0,6999,410,52201
8,52619,194,0.0,7000,410,52209
7,52626,194,0.0,7001,410,52216
4,52630,194,0.0,7002,410,52220
7,52637,194,0.0,7003,410,52227
13,52650,194,0.0,7004,410,52240
4,52654,194,0.0,7005,410,52244
4,52658,194,0.0,7006,410,52248
2,52660,194,0.0,7007,410,52250
3,52663,194,0.0,7008,410,52253
8,52671,194,0.0,7009,410,52261
7,52678,194,0.0,7010,410,52268
6,52684,194,0.0,7011,410,52274
9,52693,194,0.0,7012,410,52283
4,52697,194,0.0,7013,410,52287
2,52699,194,0.0,7014,410,52289
3,52702,194,0.0,7015,410,52292
4,52706,194,0.0,7016,410,52296
9,52715,194,0.0,7017,410,52305
12,52727,194,0.0,7018,410,52317
8,52735,194,0.0,7019,410,52325
6,52741,194,0.0,7020,410,52331
3,52744,194,0.0,7021,410,52334
4,52748,194,0.0,7022,410,52338
12,52760,194,0.0,7023,410,52350
4,52764,194,0.0,7024,410,52354
6,52770,194,0.0,7025,410,52360
6,52776,194,0.0,7026,410,52366
20,52796,194,0.0,7027,410,52386
8,52804,194,0.0,7028,410,52394
4,52808,194,0.0,7029,410,52398
3,52811,194,0.0,7030,410,52401
2,52813,194,0.0,7031,410,52403
6,52819,194,0.0,7032,410,52409
8,52827,194,0.0,7033,410,52417
14,52841,194,0.0,7034,410,52431
5,52846,194,0.0,7035,410,52436
23,52869,194,0.0,7036,410,52459
3,52872,194,0.0,7037,410,52462
12,52884,194,0.0,7038,410,52474
6,52890,194,0.0,7039,410,52480
31,52921,194,0.0,7040,410,52511
5,52926,194,0.0,7041,410,52516
17,52943,194,0.0,7042,410,52533
6,52949,194,0.0,7043,410,52539
4,52953,194,0.0,7044,410,52543
9,52962,194,0.0,7045,410,52552
8,52970,194,0.0,7046,410,52560
3,52973,194,0.0,7047,410,52563
6,52979,194,0.0,7048,410,52569
10,52989,194,0.0,7049,410,52579
5,52994,194,0.0,7050,410,52584
6,53000,194,0.0,7051,410,52590
6,53006,194,0.0,7052,410,52596
6,53012,194,0.0,7053,410,52602
6,53018,194,0.0,7054,410,52608
11,53029,194,0.0,7055,410,52619
10,53039,194,0.0,7056,410,52629
7,53046,194,0.0,7057,410,52636
16,53062,194,0.0,7058,410,52652
14,53076,194,0.0,7059,410,52666
8,53084,194,0.0,7060,410,52674
5,53089,194,0.0,7061,410,52679
7,53096,194,0.0,7062,410,52686
5,53101,194,0.0,7063,410,52691
18,53119,194,0.0,7064,410,52709
6,53125,194,0.0,7065,410,52715
6,53131,194,0.0,7066,410,52721
15,53146,194,0.0,7067,410,52736
4,53150,194,0.0,7068,410,52740
13,53163,194,0.0,7069,410,52753
4,53167,194,0.0,7070,410,52757
12,53179,194,0.0,7071,410,52769
10,53189,194,0.0,7072,410,52779
8,53197,194,0.0,7073,410,52787
7,53204,194,0.0,7074,410,52794
2,53206,194,0.0,7075,410,52796
7,53213,194,0.0,7076,410,52803
2,53215,194,0.0,7077,410,52805
7,53222,194,0.0,7078,410,52812
4,53226,194,0.0,7079,410,52816
14,53240,194,0.0,7080,410,52830
2,53242,194,0.0,7081,410,52832
9,53251,194,0.0,7082,410,52841
11,53262,194,0.0,7083,410,52852
7,53269,194,0.0,7084,410,52859
5,53274,194,0.0,7085,410,52864
8,53282,194,0.0,7086,410,52872
4,53286,194,0.0,7087,410,52876
6,53292,194,0.0,7088,410,52882
3,53295,194,0.0,7089,410,52885
21,53316,194,0.0,7090,410,52906
6,53322,194,0.0,7091,410,52912
35,53357,194,0.0,7092,410,52947
8,53365,194,0.0,7093,410,52955
7,53372,194,0.0,7094,410,52962
9,53381,194,0.0,7095,410,52971
9,53390,194,0.0,7096,410,52980
14,53404,194,0.0,7097,410,52994
18,53422,194,0.0,7098,410,53012
8,53430,194,0.0,7099,410,53020
13,53443,194,0.0,7100,410,53033
4,53447,194,0.0,7101,410,53037
5,53452,194,0.0,7102,410,53042
14,53466,195,1.0,7103,410,53056
5,53471,195,0.0,7104,410,53061
12,53483,195,0.0,7105,410,53073
2,53485,195,0.0,7106,410,53075
7,53492,195,0.0,7107,410,53082
11,53503,195,0.0,7108,410,53093
7,53510,195,0.0,7109,410,53100
6,53516,195,0.0,7110,410,53106
12,53528,195,0.0,7111,410,53118
17,53545,195,0.0,7112,410,53135
3,53548,195,0.0,7113,410,53138
6,53554,195,0.0,7114,410,53144
5,53559,195,0.0,7115,410,53149
7,53566,195,0.0,7116,410,53156
5,53571,195,0.0,7117,410,53161
10,53581,195,0.0,7118,410,53171
4,53585,195,0.0,7119,410,53175
14,53599,195,0.0,7120,410,53189
31,53630,195,0.0,7121,410,53220
3,53633,195,0.0,7122,410,53223
10,53643,195,0.0,7123,410,53233
18,53661,195,0.0,7124,410,53251
4,53665,195,0.0,7125,410,53255
2,53667,195,0.0,7126,410,53257
3,53670,195,0.0,7127,410,53260
4,53674,195,0.0,7128,410,53264
3,53677,195,0.0,7129,410,53267
2,53679,195,0.0,7130,410,53269
6,53685,195,0.0,7131,410,53275
8,53693,195,0.0,7132,410,53283
9,53702,195,0.0,7133,410,53292
2,53704,195,0.0,7134,410,53294
8,53712,195,0.0,7135,410,53302
9,53721,195,0.0,7136,410,53311
6,53727,195,0.0,7137,410,53317
2,53729,195,0.0,7138,410,53319
11,53740,195,0.0,7139,410,53330
12,53752,195,0.0,7140,410,53342
2,53754,195,0.0,7141,410,53344
8,53762,195,0.0,7142,410,53352
2,53764,195,0.0,7143,410,53354
8,53772,195,0.0,7144,410,53362
14,53786,195,0.0,7145,410,53376
5,53791,195,0.0,7146,410,53381
6,53797,195,0.0,7147,410,53387
10,53807,195,0.0,7148,410,53397
2,53809,195,0.0,7149,410,53399
6,53815,195,0.0,7150,410,53405
5,53820,195,0.0,7151,410,53410
6,53826,195,0.0,7152,410,53416
2,53828,195,0.0,7153,410,53418
5,53833,195,0.0,7154,410,53423
2,53835,195,0.0,7155,410,53425
5,53840,195,0.0,7156,410,53430
5,53845,195,0.0,7157,410,53435
7,53852,195,0.0,7158,410,53442
3,53855,195,0.0,7159,410,53445
5,53860,195,0.0,7160,410,53450
7,53867,195,0.0,7161,410,53457
3,53870,195,0.0,7162,410,53460
2,53872,195,0.0,7163,410,53462
13,53885,195,0.0,7164,410,53475
2,53887,195,0.0,7165,410,53477
17,53904,195,0.0,7166,410,53494
3,53907,195,0.0,7167,410,53497
2,53909,195,0.0,7168,410,53499
9,53918,195,0.0,7169,410,53508
5,53923,195,0.0,7170,410,53513
4,53927,195,0.0,7171,410,53517
10,53937,195,0.0,7172,410,53527
6,53943,195,0.0,7173,410,53533
14,53957,195,0.0,7174,410,53547
9,53966,195,0.0,7175,410,53556
23,53989,195,0.0,7176,410,53579
5,53994,195,0.0,7177,410,53584
2,53996,195,0.0,7178,410,53586
5,54001,195,0.0,7179,410,53591
20,54021,195,0.0,7180,410,53611
11,54032,195,0.0,7181,410,53622
9,54041,195,0.0,7182,410,53631
4,54045,195,0.0,7183,410,53635
2,54047,195,0.0,7184,410,53637
3,54050,195,0.0,7185,410,53640
14,54064,195,0.0,7186,410,53654
6,54070,195,0.0,7187,410,53660
7,54077,195,0.0,7188,410,53667
19,54096,195,0.0,7189,410,53686
3,54099,195,0.0,7190,410,53689
7,54106,195,0.0,7191,410,53696
5,54111,195,0.0,7192,410,53701
14,54125,195,0.0,7193,410,53715
11,54136,195,0.0,7194,410,53726
2,54138,195,0.0,7195,410,53728
4,54142,195,0.0,7196,410,53732
7,54149,195,0.0,7197,410,53739
6,54155,195,0.0,7198,410,53745
3,54158,195,0.0,7199,410,53748
3,54161,195,0.0,7200,410,53751
16,54177,195,0.0,7201,410,53767
6,54183,195,0.0,7202,410,53773
4,54187,195,0.0,7203,410,53777
8,54195,195,0.0,7204,410,53785
14,54209,196,1.0,7205,410,53799
4,54213,196,0.0,7206,410,53803
7,54220,196,0.0,7207,410,53810
3,54223,196,0.0,7208,410,53813
6,54229,196,0.0,7209,410,53819
5,54234,196,0.0,7210,410,53824
4,54238,196,0.0,7211,410,53828
9,54247,196,0.0,7212,410,53837
21,54268,197,1.0,7213,410,53858
4,54272,197,0.0,7214,410,53862
3,54275,197,0.0,7215,410,53865
8,54283,197,0.0,7216,410,53873
6,54289,197,0.0,7217,410,53879
6,54295,197,0.0,7218,410,53885
9,54304,197,0.0,7219,410,53894
3,54307,197,0.0,7220,410,53897
8,54315,197,0.0,7221,410,53905
26,54341,197,0.0,7222,410,53931
3,54344,197,0.0,7223,410,53934
2,54346,197,0.0,7224,410,53936
7,54353,197,0.0,7225,410,53943
10,54363,197,0.0,7226,410,53953
16,54379,197,0.0,7227,410,53969
18,54397,197,0.0,7228,410,53987
10,54407,197,0.0,7229,410,53997
11,54418,197,0.0,7230,410,54008
7,54425,197,0.0,7231,410,54015
3,54428,197,0.0,7232,410,54018
8,54436,197,0.0,7233,410,54026
10,54446,197,0.0,7234,410,54036
5,54451,197,0.0,7235,410,54041
13,54464,197,0.0,7236,410,54054
3,54467,197,0.0,7237,410,54057
13,54480,197,0.0,7238,410,54070
4,54484,197,0.0,7239,410,54074
4,54488,197,0.0,7240,410,54078
4,54492,197,0.0,7241,410,54082
10,54502,197,0.0,7242,410,54092
3,54505,197,0.0,7243,410,54095
8,54513,197,0.0,7244,410,54103
17,54530,197,0.0,7245,410,54120
13,54543,197,0.0,7246,410,54133
3,54546,197,0.0,7247,410,54136
2,54548,197,0.0,7248,410,54138
10,54558,197,0.0,7249,410,54148
5,54563,197,0.0,7250,410,54153
8,54571,197,0.0,7251,410,54161
15,54586,197,0.0,7252,410,54176
3,54589,197,0.0,7253,410,54179
2,54591,197,0.0,7254,410,54181
5,54596,197,0.0,7255,410,54186
3,54599,197,0.0,7256,410,54189
3,54602,197,0.0,7257,410,54192
6,54608,197,0.0,7258,410,54198
8,54616,197,0.0,7259,410,54206
8,54624,197,0.0,7260,410,54214
3,54627,197,0.0,7261,410,54217
2,54629,197,0.0,7262,410,54219
8,54637,197,0.0,7263,410,54227
2,54639,197,0.0,7264,410,54229
12,54651,197,0.0,7265,410,54241
8,54659,197,0.0,7266,410,54249
3,54662,197,0.0,7267,410,54252
8,54670,197,0.0,7268,410,54260
2,54672,197,0.0,7269,410,54262
6,54678,197,0.0,7270,410,54268
16,54694,197,0.0,7271,410,54284
7,54701,197,0.0,7272,410,54291
42,54743,197,0.0,7273,410,54333
8,54751,197,0.0,7274,410,54341
9,54760,197,0.0,7275,410,54350
2,54762,197,0.0,7276,410,54352
10,54772,197,0.0,7277,410,54362
8,54780,197,0.0,7278,410,54370
18,54798,197,0.0,7279,410,54388
8,54806,197,0.0,7280,410,54396
5,54811,197,0.0,7281,410,54401
5,54816,197,0.0,7282,410,54406
7,54823,197,0.0,7283,410,54413
2,54825,197,0.0,7284,410,54415
9,54834,197,0.0,7285,410,54424
3,54837,197,0.0,7286,410,54427
3,54840,197,0.0,7287,410,54430
7,54847,197,0.0,7288,410,54437
9,54856,197,0.0,7289,410,54446
8,54864,197,0.0,7290,410,54454
2,54866,197,0.0,7291,410,54456
10,54876,197,0.0,7292,410,54466
8,54884,197,0.0,7293,410,54474
10,54894,197,0.0,7294,410,54484
44,54938,197,0.0,7295,410,54528
7,54945,197,0.0,7296,410,54535
7,54952,197,0.0,7297,410,54542
3,54955,197,0.0,7298,410,54545
9,54964,197,0.0,7299,410,54554
2,54966,197,0.0,7300,410,54556
22,54988,197,0.0,7301,410,54578
3,54991,197,0.0,7302,410,54581
2,54993,197,0.0,7303,410,54583
6,54999,197,0.0,7304,410,54589
15,55014,197,0.0,7305,410,54604
5,55019,197,0.0,7306,410,54609
2,55021,197,0.0,7307,410,54611
10,55031,197,0.0,7308,410,54621
8,55039,197,0.0,7309,410,54629
13,55052,197,0.0,7310,410,54642
8,55060,197,0.0,7311,410,54650
10,55070,197,0.0,7312,410,54660
7,55077,197,0.0,7313,410,54667
6,55083,197,0.0,7314,410,54673
4,55087,197,0.0,7315,410,54677
13,55100,197,0.0,7316,410,54690
4,55104,197,0.0,7317,410,54694
2,55106,197,0.0,7318,410,54696
3,55109,197,0.0,7319,410,54699
10,55119,197,0.0,7320,410,54709
8,55127,197,0.0,7321,410,54717
10,55137,197,0.0,7322,410,54727
5,55142,197,0.0,7323,410,54732
3,55145,197,0.0,7324,410,54735
4,55149,197,0.0,7325,410,54739
5,55154,197,0.0,7326,410,54744
21,55175,197,0.0,7327,410,54765
2,55177,197,0.0,7328,410,54767
2,55179,197,0.0,7329,410,54769
11,55190,197,0.0,7330,410,54780
7,55197,197,0.0,7331,410,54787
9,55206,197,0.0,7332,410,54796
13,55219,197,0.0,7333,410,54809
3,55222,197,0.0,7334,410,54812
8,55230,197,0.0,7335,410,54820
4,55234,197,0.0,7336,410,54824
8,55242,197,0.0,7337,410,54832
10,55252,197,0.0,7338,410,54842
6,55258,197,0.0,7339,410,54848
15,55273,197,0.0,7340,410,54863
26,55299,197,0.0,7341,410,54889
8,55307,197,0.0,7342,410,54897
14,55321,197,0.0,7343,410,54911
2,55323,197,0.0,7344,410,54913
7,55330,197,0.0,7345,410,54920
7,55337,197,0.0,7346,410,54927
7,55344,197,0.0,7347,410,54934
3,55347,197,0.0,7348,410,54937
14,55361,197,0.0,7349,410,54951
2,55363,197,0.0,7350,410,54953
5,55368,197,0.0,7351,410,54958
3,55371,197,0.0,7352,410,54961
8,55379,197,0.0,7353,410,54969
6,55385,197,0.0,7354,410,54975
2,55387,197,0.0,7355,410,54977
10,55397,197,0.0,7356,410,54987
4,55401,197,0.0,7357,410,54991
4,55405,197,0.0,7358,410,54995
6,55411,197,0.0,7359,410,55001
7,55418,197,0.0,7360,410,55008
3,55421,197,0.0,7361,410,55011
4,55425,197,0.0,7362,410,55015
2,55427,197,0.0,7363,410,55017
14,55441,197,0.0,7364,410,55031
2,55443,197,0.0,7365,410,55033
2,55445,197,0.0,7366,410,55035
13,55458,197,0.0,7367,410,55048
4,55462,197,0.0,7368,410,55052
2,55464,197,0.0,7369,410,55054
14,55478,197,0.0,7370,410,55068
7,55485,197,0.0,7371,410,55075
4,55489,197,0.0,7372,410,55079
3,55492,197,0.0,7373,410,55082
11,55503,197,0.0,7374,410,55093
2,55505,197,0.0,7375,410,55095
8,55513,197,0.0,7376,410,55103
5,55518,197,0.0,7377,410,55108
12,55530,197,0.0,7378,410,55120
7,55537,197,0.0,7379,410,55127
9,55546,197,0.0,7380,410,55136
3,55549,197,0.0,7381,410,55139
4,55553,197,0.0,7382,410,55143
4,55557,197,0.0,7383,410,55147
5,55562,197,0.0,7384,410,55152
7,55569,197,0.0,7385,410,55159
2,55571,197,0.0,7386,410,55161
4,55575,197,0.0,7387,410,55165
3,55578,197,0.0,7388,410,55168
7,55585,197,0.0,7389,410,55175
11,55596,197,0.0,7390,410,55186
5,55601,197,0.0,7391,410,55191
10,55611,197,0.0,7392,410,55201
3,55614,197,0.0,7393,410,55204
23,55637,197,0.0,7394,410,55227
3,55640,197,0.0,7395,410,55230
2,55642,197,0.0,7396,410,55232
7,55649,197,0.0,7397,410,55239
5,55654,197,0.0,7398,410,55244
14,55668,197,0.0,7399,410,55258
10,55678,197,0.0,7400,410,55268
23,55701,197,0.0,7401,410,55291
4,55705,197,0.0,7402,410,55295
8,55713,197,0.0,7403,410,55303
6,55719,197,0.0,7404,410,55309
4,55723,197,0.0,7405,410,55313
9,55732,197,0.0,7406,410,55322
6,55738,197,0.0,7407,410,55328
5,55743,197,0.0,7408,410,55333
4,55747,197,0.0,7409,410,55337
5,55752,197,0.0,7410,410,55342
6,55758,197,0.0,7411,410,55348
7,55765,197,0.0,7412,410,55355
11,55776,197,0.0,7413,410,55366
5,55781,197,0.0,7414,410,55371
2,55783,197,0.0,7415,410,55373
5,55788,197,0.0,7416,410,55378
2,55790,197,0.0,7417,410,55380
19,55809,197,0.0,7418,410,55399
8,55817,197,0.0,7419,410,55407
2,55819,197,0.0,7420,410,55409
3,55822,197,0.0,7421,410,55412
2,55824,197,0.0,7422,410,55414
2,55826,197,0.0,7423,410,55416
11,55837,197,0.0,7424,410,55427
2,55839,197,0.0,7425,410,55429
9,55848,197,0.0,7426,410,55438
3,55851,197,0.0,7427,410,55441
7,55858,197,0.0,7428,410,55448
9,55867,197,0.0,7429,410,55457
6,55873,197,0.0,7430,410,55463
15,55888,197,0.0,7431,410,55478
8,55896,197,0.0,7432,410,55486
5,55901,197,0.0,7433,410,55491
11,55912,197,0.0,7434,410,55502
2,55914,197,0.0,7435,410,55504
7,55921,197,0.0,7436,410,55511
3,55924,197,0.0,7437,410,55514
5,55929,197,0.0,7438,410,55519
8,55937,197,0.0,7439,410,55527
2,55939,197,0.0,7440,410,55529
5,55944,197,0.0,7441,410,55534
5,55949,197,0.0,7442,410,55539
4,55953,197,0.0,7443,410,55543
4,55957,197,0.0,7444,410,55547
2,55959,197,0.0,7445,410,55549
7,55966,197,0.0,7446,410,55556
3,55969,197,0.0,7447,410,55559
17,55986,197,0.0,7448,410,55576
8,55994,197,0.0,7449,410,55584
7,56001,197,0.0,7450,410,55591
5,56006,197,0.0,7451,410,55596
7,56013,197,0.0,7452,410,55603
20,56033,197,0.0,7453,410,55623
7,56040,197,0.0,7454,410,55630
4,56044,197,0.0,7455,410,55634
9,56053,197,0.0,7456,410,55643
8,56061,197,0.0,7457,410,55651
8,56069,197,0.0,7458,410,55659
7,56076,197,0.0,7459,410,55666
13,56089,197,0.0,7460,410,55679
5,56094,197,0.0,7461,410,55684
6,56100,197,0.0,7462,410,55690
13,56113,197,0.0,7463,410,55703
2,56115,197,0.0,7464,410,55705
5,56120,197,0.0,7465,410,55710
3,56123,197,0.0,7466,410,55713
5,56128,197,0.0,7467,410,55718
2,56130,197,0.0,7468,410,55720
2,56132,197,0.0,7469,410,55722
13,56145,197,0.0,7470,410,55735
4,56149,197,0.0,7471,410,55739
9,56158,197,0.0,7472,410,55748
2,56160,197,0.0,7473,410,55750
2,56162,197,0.0,7474,410,55752
2,56164,197,0.0,7475,410,55754
4,56168,197,0.0,7476,410,55758
3,56171,197,0.0,7477,410,55761
9,56180,197,0.0,7478,410,55770
14,56194,197,0.0,7479,410,55784
19,56213,197,0.0,7480,410,55803
3,56216,197,0.0,7481,410,55806
10,56226,197,0.0,7482,410,55816
2,56228,197,0.0,7483,410,55818
7,56235,197,0.0,7484,410,55825
20,56255,197,0.0,7485,410,55845
3,56258,197,0.0,7486,410,55848
10,56268,197,0.0,7487,410,55858
8,56276,197,0.0,7488,410,55866
5,56281,197,0.0,7489,410,55871
6,56287,197,0.0,7490,410,55877
3,56290,197,0.0,7491,410,55880
8,56298,197,0.0,7492,410,55888
4,56302,197,0.0,7493,410,55892
10,56312,197,0.0,7494,410,55902
11,56323,197,0.0,7495,410,55913
10,56333,197,0.0,7496,410,55923
14,56347,197,0.0,7497,410,55937
6,56353,197,0.0,7498,410,55943
8,56361,197,0.0,7499,410,55951
2,56363,197,0.0,7500,410,55953
4,56367,197,0.0,7501,410,55957
8,56375,197,0.0,7502,410,55965
3,56378,197,0.0,7503,410,55968
6,56384,197,0.0,7504,410,55974
7,56391,197,0.0,7505,410,55981
12,56403,197,0.0,7506,410,55993
17,56420,197,0.0,7507,410,56010
21,56441,197,0.0,7508,410,56031
2,56443,197,0.0,7509,410,56033
14,56457,198,1.0,7510,410,56047
13,56470,198,0.0,7511,410,56060
5,56475,198,0.0,7512,410,56065
2,56477,198,0.0,7513,410,56067
9,56486,198,0.0,7514,410,56076
18,56504,198,0.0,7515,410,56094
6,56510,198,0.0,7516,410,56100
5,56515,198,0.0,7517,410,56105
3,56518,198,0.0,7518,410,56108
11,56529,198,0.0,7519,410,56119
10,56539,198,0.0,7520,410,56129
7,56546,198,0.0,7521,410,56136
7,56553,198,0.0,7522,410,56143
2,56555,198,0.0,7523,410,56145
8,56563,199,1.0,7524,410,56153
2,56565,199,0.0,7525,410,56155
7,56572,199,0.0,7526,410,56162
8,56580,199,0.0,7527,410,56170
3,56583,199,0.0,7528,410,56173
16,56599,199,0.0,7529,410,56189
7,56606,199,0.0,7530,410,56196
5,56611,199,0.0,7531,410,56201
11,56622,199,0.0,7532,410,56212
6,56628,199,0.0,7533,410,56218
5,56633,199,0.0,7534,410,56223
13,56646,199,0.0,7535,410,56236
40,56686,199,0.0,7536,410,56276
12,56698,199,0.0,7537,410,56288
10,56708,199,0.0,7538,410,56298
6,56714,199,0.0,7539,410,56304
4,56718,199,0.0,7540,410,56308
20,56738,199,0.0,7541,410,56328
6,56744,199,0.0,7542,410,56334
8,56752,199,0.0,7543,410,56342
9,56761,199,0.0,7544,410,56351
4,56765,199,0.0,7545,410,56355
7,56772,199,0.0,7546,410,56362
2,56774,199,0.0,7547,410,56364
5,56779,199,0.0,7548,410,56369
16,56795,199,0.0,7549,410,56385
8,56803,199,0.0,7550,410,56393
8,56811,199,0.0,7551,410,56401
2,56813,199,0.0,7552,410,56403
3,56816,199,0.0,7553,410,56406
7,56823,199,0.0,7554,410,56413
9,56832,199,0.0,7555,410,56422
2,56834,199,0.0,7556,410,56424
3,56837,199,0.0,7557,410,56427
5,56842,199,0.0,7558,410,56432
5,56847,199,0.0,7559,410,56437
2,56849,199,0.0,7560,410,56439
7,56856,199,0.0,7561,410,56446
2,56858,199,0.0,7562,410,56448
2,56860,199,0.0,7563,410,56450
10,56870,199,0.0,7564,410,56460
4,56874,199,0.0,7565,410,56464
3,56877,199,0.0,7566,410,56467
8,56885,199,0.0,7567,410,56475
12,56897,199,0.0,7568,410,56487
12,56909,199,0.0,7569,410,56499
2,56911,199,0.0,7570,410,56501
5,56916,199,0.0,7571,410,56506
17,56933,199,0.0,7572,410,56523
2,56935,199,0.0,7573,410,56525
35,56970,199,0.0,7574,410,56560
9,56979,199,0.0,7575,410,56569
6,56985,199,0.0,7576,410,56575
7,56992,199,0.0,7577,410,56582
11,57003,199,0.0,7578,410,56593
7,57010,199,0.0,7579,410,56600
24,57034,199,0.0,7580,410,56624
8,57042,199,0.0,7581,410,56632
2,57044,199,0.0,7582,410,56634
5,57049,199,0.0,7583,410,56639
14,57063,199,0.0,7584,410,56653
2,57065,199,0.0,7585,410,56655
8,57073,199,0.0,7586,410,56663
13,57086,199,0.0,7587,410,56676
3,57089,199,0.0,7588,410,56679
5,57094,199,0.0,7589,410,56684
6,57100,199,0.0,7590,410,56690
13,57113,199,0.0,7591,410,56703
4,57117,199,0.0,7592,410,56707
8,57125,199,0.0,7593,410,56715
4,57129,199,0.0,7594,410,56719
39,57168,199,0.0,7595,410,56758
8,57176,199,0.0,7596,410,56766
2,57178,199,0.0,7597,410,56768
20,57198,199,0.0,7598,410,56788
4,57202,199,0.0,7599,410,56792
3,57205,199,0.0,7600,410,56795
10,57215,199,0.0,7601,410,56805
7,57222,199,0.0,7602,410,56812
2,57224,199,0.0,7603,410,56814
5,57229,199,0.0,7604,410,56819
3,57232,199,0.0,7605,410,56822
7,57239,199,0.0,7606,410,56829
11,57250,199,0.0,7607,410,56840
6,57256,199,0.0,7608,410,56846
19,57275,199,0.0,7609,410,56865
17,57292,199,0.0,7610,410,56882
4,57296,199,0.0,7611,410,56886
4,57300,199,0.0,7612,410,56890
10,57310,199,0.0,7613,410,56900
9,57319,199,0.0,7614,410,56909
10,57329,199,0.0,7615,410,56919
7,57336,199,0.0,7616,410,56926
4,57340,199,0.0,7617,410,56930
4,57344,199,0.0,7618,410,56934
38,57382,200,1.0,7619,410,56972
4,57386,200,0.0,7620,410,56976
12,57398,200,0.0,7621,410,56988
2,57400,200,0.0,7622,410,56990
8,57408,200,0.0,7623,410,56998
6,57414,200,0.0,7624,410,57004
4,57418,200,0.0,7625,410,57008
3,57421,200,0.0,7626,410,57011
13,57434,200,0.0,7627,410,57024
7,57441,200,0.0,7628,410,57031
10,57451,200,0.0,7629,410,57041
9,57460,200,0.0,7630,410,57050
9,57469,200,0.0,7631,410,57059
2,57471,200,0.0,7632,410,57061
6,57477,200,0.0,7633,410,57067
2,57479,200,0.0,7634,410,57069
2,57481,200,0.0,7635,410,57071
16,57497,200,0.0,7636,410,57087
7,57504,200,0.0,7637,410,57094
8,57512,200,0.0,7638,410,57102
43,57555,200,0.0,7639,410,57145
2,57557,200,0.0,7640,410,57147
6,57563,200,0.0,7641,410,57153
9,57572,200,0.0,7642,410,57162
27,57599,201,1.0,7643,410,57189
2,57601,201,0.0,7644,410,57191
16,57617,201,0.0,7645,410,57207
2,57619,201,0.0,7646,410,57209
9,57628,201,0.0,7647,410,57218
7,57635,201,0.0,7648,410,57225
3,57638,201,0.0,7649,410,57228
11,57649,201,0.0,7650,410,57239
3,57652,201,0.0,7651,410,57242
13,57665,201,0.0,7652,410,57255
3,57668,201,0.0,7653,410,57258
2,57670,201,0.0,7654,410,57260
2,57672,201,0.0,7655,410,57262
8,57680,201,0.0,7656,410,57270
18,57698,201,0.0,7657,410,57288
7,57705,201,0.0,7658,410,57295
13,57718,201,0.0,7659,410,57308
4,57722,201,0.0,7660,410,57312
6,57728,201,0.0,7661,410,57318
4,57732,201,0.0,7662,410,57322
8,57740,201,0.0,7663,410,57330
11,57751,201,0.0,7664,410,57341
11,57762,201,0.0,7665,410,57352
3,57765,201,0.0,7666,410,57355
6,57771,201,0.0,7667,410,57361
9,57780,201,0.0,7668,410,57370
9,57789,201,0.0,7669,410,57379
10,57799,201,0.0,7670,410,57389
2,57801,201,0.0,7671,410,57391
5,57806,201,0.0,7672,410,57396
11,57817,201,0.0,7673,410,57407
7,57824,201,0.0,7674,410,57414
3,57827,201,0.0,7675,410,57417
3,57830,201,0.0,7676,410,57420
5,57835,201,0.0,7677,410,57425
10,57845,201,0.0,7678,410,57435
2,57847,201,0.0,7679,410,57437
7,57854,201,0.0,7680,410,57444
3,57857,201,0.0,7681,410,57447
10,57867,201,0.0,7682,410,57457
5,57872,201,0.0,7683,410,57462
26,57898,201,0.0,7684,410,57488
2,57900,201,0.0,7685,410,57490
7,57907,201,0.0,7686,410,57497
2,57909,201,0.0,7687,410,57499
11,57920,201,0.0,7688,410,57510
2,57922,201,0.0,7689,410,57512
10,57932,201,0.0,7690,410,57522
2,57934,201,0.0,7691,410,57524
10,57944,201,0.0,7692,410,57534
8,57952,201,0.0,7693,410,57542
3,57955,201,0.0,7694,410,57545
7,57962,201,0.0,7695,410,57552
5,57967,201,0.0,7696,410,57557
3,57970,201,0.0,7697,410,57560
3,57973,201,0.0,7698,410,57563
10,57983,201,0.0,7699,410,57573
4,57987,201,0.0,7700,410,57577
7,57994,201,0.0,7701,410,57584
5,57999,201,0.0,7702,410,57589
10,58009,201,0.0,7703,410,57599
4,58013,201,0.0,7704,410,57603
22,58035,201,0.0,7705,410,57625
13,58048,201,0.0,7706,410,57638
3,58051,201,0.0,7707,410,57641
4,58055,201,0.0,7708,410,57645
18,58073,201,0.0,7709,410,57663
4,58077,201,0.0,7710,410,57667
7,58084,201,0.0,7711,410,57674
4,58088,201,0.0,7712,410,57678
4,58092,201,0.0,7713,410,57682
12,58104,201,0.0,7714,410,57694
5,58109,201,0.0,7715,410,57699
5,58114,201,0.0,7716,410,57704
9,58123,201,0.0,7717,410,57713
7,58130,201,0.0,7718,410,57720
11,58141,201,0.0,7719,410,57731
7,58148,201,0.0,7720,410,57738
2,58150,201,0.0,7721,410,57740
8,58158,201,0.0,7722,410,57748
7,58165,201,0.0,7723,410,57755
8,58173,201,0.0,7724,410,57763
13,58186,201,0.0,7725,410,57776
5,58191,201,0.0,7726,410,57781
12,58203,201,0.0,7727,410,57793
2,58205,201,0.0,7728,410,57795
6,58211,201,0.0,7729,410,57801
10,58221,201,0.0,7730,410,57811
7,58228,201,0.0,7731,410,57818
5,58233,201,0.0,7732,410,57823
9,58242,201,0.0,7733,410,57832
5,58247,201,0.0,7734,410,57837
6,58253,201,0.0,7735,410,57843
2,58255,201,0.0,7736,410,57845
2,58257,201,0.0,7737,410,57847
4,58261,201,0.0,7738,410,57851
2,58263,201,0.0,7739,410,57853
11,58274,201,0.0,7740,410,57864
6,58280,201,0.0,7741,410,57870
9,58289,201,0.0,7742,410,57879
12,58301,201,0.0,7743,410,57891
9,58310,201,0.0,7744,410,57900
2,58312,201,0.0,7745,410,57902
2,58314,201,0.0,7746,410,57904
4,58318,201,0.0,7747,410,57908
7,58325,201,0.0,7748,410,57915
12,58337,201,0.0,7749,410,57927
6,58343,201,0.0,7750,410,57933
2,58345,201,0.0,7751,410,57935
6,58351,201,0.0,7752,410,57941
2,58353,201,0.0,7753,410,57943
7,58360,201,0.0,7754,410,57950
8,58368,201,0.0,7755,410,57958
6,58374,201,0.0,7756,410,57964
10,58384,201,0.0,7757,410,57974
5,58389,201,0.0,7758,410,57979
14,58403,202,1.0,7759,410,57993
4,58407,202,0.0,7760,410,57997
13,58420,202,0.0,7761,410,58010
3,58423,202,0.0,7762,410,58013
2,58425,202,0.0,7763,410,58015
10,58435,202,0.0,7764,410,58025
8,58443,202,0.0,7765,410,58033
17,58460,202,0.0,7766,410,58050
12,58472,202,0.0,7767,410,58062
2,58474,202,0.0,7768,410,58064
8,58482,202,0.0,7769,410,58072
8,58490,202,0.0,7770,410,58080
16,58506,202,0.0,7771,410,58096
16,58522,202,0.0,7772,410,58112
3,58525,202,0.0,7773,410,58115
2,58527,202,0.0,7774,410,58117
2,58529,202,0.0,7775,410,58119
4,58533,202,0.0,7776,410,58123
6,58539,202,0.0,7777,410,58129
6,58545,202,0.0,7778,410,58135
6,58551,202,0.0,7779,410,58141
2,58553,202,0.0,7780,410,58143
2,58555,202,0.0,7781,410,58145
2,58557,202,0.0,7782,410,58147
12,58569,202,0.0,7783,410,58159
2,58571,202,0.0,7784,410,58161
12,58583,202,0.0,7785,410,58173
8,58591,202,0.0,7786,410,58181
4,58595,202,0.0,7787,410,58185
5,58600,202,0.0,7788,410,58190
6,58606,202,0.0,7789,410,58196
2,58608,202,0.0,7790,410,58198
6,58614,202,0.0,7791,410,58204
12,58626,202,0.0,7792,410,58216
15,58641,202,0.0,7793,410,58231
7,58648,202,0.0,7794,410,58238
5,58653,202,0.0,7795,410,58243
9,58662,202,0.0,7796,410,58252
16,58678,202,0.0,7797,410,58268
4,58682,202,0.0,7798,410,58272
4,58686,202,0.0,7799,410,58276
14,58700,203,1.0,7800,410,58290
13,58713,203,0.0,7801,410,58303
12,58725,203,0.0,7802,410,58315
6,58731,203,0.0,7803,410,58321
6,58737,203,0.0,7804,410,58327
8,58745,203,0.0,7805,410,58335
7,58752,203,0.0,7806,410,58342
8,58760,203,0.0,7807,410,58350
6,58766,203,0.0,7808,410,58356
17,58783,203,0.0,7809,410,58373
6,58789,203,0.0,7810,410,58379
5,58794,203,0.0,7811,410,58384
12,58806,203,0.0,7812,410,58396
2,58808,203,0.0,7813,410,58398
14,58822,204,1.0,7814,410,58412
3,58825,204,0.0,7815,410,58415
10,58835,204,0.0,7816,410,58425
12,58847,204,0.0,7817,410,58437
4,58851,204,0.0,7818,410,58441
3,58854,204,0.0,7819,410,58444
2,58856,204,0.0,7820,410,58446
2,58858,204,0.0,7821,410,58448
2,58860,204,0.0,7822,410,58450
7,58867,204,0.0,7823,410,58457
5,58872,204,0.0,7824,410,58462
2,58874,204,0.0,7825,410,58464
8,58882,204,0.0,7826,410,58472
3,58885,204,0.0,7827,410,58475
13,58898,204,0.0,7828,410,58488
6,58904,204,0.0,7829,410,58494
8,58912,204,0.0,7830,410,58502
7,58919,204,0.0,7831,410,58509
2,58921,204,0.0,7832,410,58511
15,58936,204,0.0,7833,410,58526
6,58942,204,0.0,7834,410,58532
5,58947,204,0.0,7835,410,58537
5,58952,204,0.0,7836,410,58542
14,58966,204,0.0,7837,410,58556
6,58972,204,0.0,7838,410,58562
2,58974,204,0.0,7839,410,58564
5,58979,204,0.0,7840,410,58569
3,58982,204,0.0,7841,410,58572
10,58992,204,0.0,7842,410,58582
5,58997,204,0.0,7843,410,58587
4,59001,204,0.0,7844,410,58591
12,59013,204,0.0,7845,410,58603
2,59015,204,0.0,7846,410,58605
13,59028,204,0.0,7847,410,58618
10,59038,204,0.0,7848,410,58628
4,59042,204,0.0,7849,410,58632
14,59056,204,0.0,7850,410,58646
5,59061,204,0.0,7851,410,58651
8,59069,204,0.0,7852,410,58659
2,59071,204,0.0,7853,410,58661
5,59076,204,0.0,7854,410,58666
3,59079,204,0.0,7855,410,58669
14,59093,204,0.0,7856,410,58683
27,59120,205,1.0,7857,410,58710
12,59132,205,0.0,7858,410,58722
7,59139,205,0.0,7859,410,58729
2,59141,205,0.0,7860,410,58731
2,59143,205,0.0,7861,410,58733
10,59153,205,0.0,7862,410,58743
6,59159,205,0.0,7863,410,58749
10,59169,205,0.0,7864,410,58759
2,59171,205,0.0,7865,410,58761
4,59175,205,0.0,7866,410,58765
7,59182,205,0.0,7867,410,58772
5,59187,205,0.0,7868,410,58777
13,59200,205,0.0,7869,410,58790
10,59210,205,0.0,7870,410,58800
3,59213,205,0.0,7871,410,58803
9,59222,205,0.0,7872,410,58812
2,59224,205,0.0,7873,410,58814
5,59229,205,0.0,7874,410,58819
7,59236,205,0.0,7875,410,58826
7,59243,205,0.0,7876,410,58833
11,59254,205,0.0,7877,410,58844
5,59259,205,0.0,7878,410,58849
8,59267,205,0.0,7879,410,58857
14,59281,205,0.0,7880,410,58871
8,59289,205,0.0,7881,410,58879
32,59321,205,0.0,7882,410,58911
10,59331,205,0.0,7883,410,58921
2,59333,205,0.0,7884,410,58923
2,59335,205,0.0,7885,410,58925
5,59340,205,0.0,7886,410,58930
9,59349,205,0.0,7887,410,58939
12,59361,205,0.0,7888,410,58951
2,59363,205,0.0,7889,410,58953
5,59368,205,0.0,7890,410,58958
7,59375,205,0.0,7891,410,58965
11,59386,205,0.0,7892,410,58976
2,59388,205,0.0,7893,410,58978
7,59395,205,0.0,7894,410,58985
14,59409,205,0.0,7895,410,58999
5,59414,205,0.0,7896,410,59004
2,59416,205,0.0,7897,410,59006
9,59425,205,0.0,7898,410,59015
6,59431,205,0.0,7899,410,59021
20,59451,205,0.0,7900,410,59041
3,59454,205,0.0,7901,410,59044
2,59456,205,0.0,7902,410,59046
14,59470,206,1.0,7903,410,59060
6,59476,206,0.0,7904,410,59066
7,59483,206,0.0,7905,410,59073
11,59494,206,0.0,7906,410,59084
5,59499,206,0.0,7907,410,59089
2,59501,206,0.0,7908,410,59091
10,59511,206,0.0,7909,410,59101
5,59516,206,0.0,7910,410,59106
2,59518,206,0.0,7911,410,59108
8,59526,206,0.0,7912,410,59116
7,59533,206,0.0,7913,410,59123
10,59543,206,0.0,7914,410,59133
4,59547,206,0.0,7915,410,59137
22,59569,206,0.0,7916,410,59159
2,59571,206,0.0,7917,410,59161
4,59575,206,0.0,7918,410,59165
3,59578,206,0.0,7919,410,59168
8,59586,206,0.0,7920,410,59176
18,59604,206,0.0,7921,410,59194
2,59606,206,0.0,7922,410,59196
9,59615,206,0.0,7923,410,59205
5,59620,206,0.0,7924,410,59210
14,59634,206,0.0,7925,410,59224
3,59637,206,0.0,7926,410,59227
6,59643,206,0.0,7927,410,59233
4,59647,206,0.0,7928,410,59237
8,59655,206,0.0,7929,410,59245
5,59660,206,0.0,7930,410,59250
3,59663,206,0.0,7931,410,59253
4,59667,206,0.0,7932,410,59257
6,59673,206,0.0,7933,410,59263
18,59691,206,0.0,7934,410,59281
3,59694,206,0.0,7935,410,59284
6,59700,206,0.0,7936,410,59290
2,59702,206,0.0,7937,410,59292
25,59727,206,0.0,7938,410,59317
23,59750,206,0.0,7939,410,59340
4,59754,206,0.0,7940,410,59344
5,59759,206,0.0,7941,410,59349
7,59766,206,0.0,7942,410,59356
8,59774,206,0.0,7943,410,59364
3,59777,206,0.0,7944,410,59367
15,59792,206,0.0,7945,410,59382
3,59795,206,0.0,7946,410,59385
12,59807,206,0.0,7947,410,59397
7,59814,206,0.0,7948,410,59404
3,59817,206,0.0,7949,410,59407
8,59825,206,0.0,7950,410,59415
2,59827,206,0.0,7951,410,59417
3,59830,206,0.0,7952,410,59420
15,59845,207,1.0,7953,410,59435
16,59861,207,0.0,7954,410,59451
6,59867,207,0.0,7955,410,59457
8,59875,207,0.0,7956,410,59465
13,59888,207,0.0,7957,410,59478
5,59893,207,0.0,7958,410,59483
2,59895,207,0.0,7959,410,59485
9,59904,207,0.0,7960,410,59494
3,59907,207,0.0,7961,410,59497
15,59922,207,0.0,7962,410,59512
7,59929,207,0.0,7963,410,59519
11,59940,207,0.0,7964,410,59530
4,59944,207,0.0,7965,410,59534
20,59964,207,0.0,7966,410,59554
8,59972,207,0.0,7967,410,59562
7,59979,207,0.0,7968,410,59569
5,59984,207,0.0,7969,410,59574
3,59987,207,0.0,7970,410,59577
2,59989,207,0.0,7971,410,59579
11,60000,207,0.0,7972,410,59590
3,60003,207,0.0,7973,410,59593
6,60009,207,0.0,7974,410,59599
3,60012,207,0.0,7975,410,59602
13,60025,207,0.0,7976,410,59615
21,60046,207,0.0,7977,410,59636
11,60057,207,0.0,7978,410,59647
6,60063,207,0.0,7979,410,59653
4,60067,207,0.0,7980,410,59657
7,60074,207,0.0,7981,410,59664
7,60081,207,0.0,7982,410,59671
6,60087,207,0.0,7983,410,59677
11,60098,207,0.0,7984,410,59688
9,60107,207,0.0,7985,410,59697
6,60113,207,0.0,7986,410,59703
4,60117,207,0.0,7987,410,59707
9,60126,207,0.0,7988,410,59716
7,60133,207,0.0,7989,410,59723
9,60142,207,0.0,7990,410,59732
8,60150,207,0.0,7991,410,59740
2,60152,207,0.0,7992,410,59742
2,60154,207,0.0,7993,410,59744
3,60157,207,0.0,7994,410,59747
14,60171,207,0.0,7995,410,59761
8,60179,207,0.0,7996,410,59769
6,60185,207,0.0,7997,410,59775
5,60190,207,0.0,7998,410,59780
12,60202,207,0.0,7999,410,59792
4,60206,207,0.0,8000,410,59796
5,60211,207,0.0,8001,410,59801
4,60215,207,0.0,8002,410,59805
21,60236,207,0.0,8003,410,59826
25,60261,207,0.0,8004,410,59851
8,60269,207,0.0,8005,410,59859
2,60271,207,0.0,8006,410,59861
26,60297,207,0.0,8007,410,59887
3,60300,207,0.0,8008,410,59890
2,60302,207,0.0,8009,410,59892
6,60308,207,0.0,8010,410,59898
2,60310,207,0.0,8011,410,59900
5,60315,207,0.0,8012,410,59905
15,60330,207,0.0,8013,410,59920
2,60332,207,0.0,8014,410,59922
12,60344,207,0.0,8015,410,59934
8,60352,207,0.0,8016,410,59942
7,60359,207,0.0,8017,410,59949
3,60362,207,0.0,8018,410,59952
13,60375,207,0.0,8019,410,59965
5,60380,207,0.0,8020,410,59970
7,60387,207,0.0,8021,410,59977
8,60395,207,0.0,8022,410,59985
10,60405,207,0.0,8023,410,59995
5,60410,207,0.0,8024,410,60000
3,60413,207,0.0,8025,410,60003
10,60423,207,0.0,8026,410,60013
8,60431,207,0.0,8027,410,60021
16,60447,207,0.0,8028,410,60037
11,60458,207,0.0,8029,410,60048
2,60460,207,0.0,8030,410,60050
4,60464,207,0.0,8031,410,60054
5,60469,207,0.0,8032,410,60059
11,60480,207,0.0,8033,410,60070
7,60487,207,0.0,8034,410,60077
20,60507,207,0.0,8035,410,60097
11,60518,207,0.0,8036,410,60108
8,60526,207,0.0,8037,410,60116
5,60531,207,0.0,8038,410,60121
24,60555,207,0.0,8039,410,60145
4,60559,207,0.0,8040,410,60149
10,60569,207,0.0,8041,410,60159
6,60575,207,0.0,8042,410,60165
4,60579,207,0.0,8043,410,60169
15,60594,207,0.0,8044,410,60184
8,60602,207,0.0,8045,410,60192
12,60614,207,0.0,8046,410,60204
14,60628,207,0.0,8047,410,60218
5,60633,207,0.0,8048,410,60223
18,60651,207,0.0,8049,410,60241
4,60655,207,0.0,8050,410,60245
10,60665,207,0.0,8051,410,60255
3,60668,207,0.0,8052,410,60258
11,60679,207,0.0,8053,410,60269
24,60703,207,0.0,8054,410,60293
3,60706,207,0.0,8055,410,60296
6,60712,207,0.0,8056,410,60302
6,60718,207,0.0,8057,410,60308
14,60732,208,1.0,8058,410,60322
2,60734,208,0.0,8059,410,60324
17,60751,208,0.0,8060,410,60341
6,60757,208,0.0,8061,410,60347
10,60767,208,0.0,8062,410,60357
19,60786,208,0.0,8063,410,60376
11,60797,208,0.0,8064,410,60387
5,60802,208,0.0,8065,410,60392
6,60808,208,0.0,8066,410,60398
7,60815,208,0.0,8067,410,60405
5,60820,208,0.0,8068,410,60410
4,60824,208,0.0,8069,410,60414
4,60828,208,0.0,8070,410,60418
21,60849,209,1.0,8071,410,60439
12,60861,209,0.0,8072,410,60451
2,60863,209,0.0,8073,410,60453
10,60873,209,0.0,8074,410,60463
12,60885,209,0.0,8075,410,60475
4,60889,209,0.0,8076,410,60479
10,60899,209,0.0,8077,410,60489
13,60912,209,0.0,8078,410,60502
8,60920,209,0.0,8079,410,60510
7,60927,209,0.0,8080,410,60517
13,60940,209,0.0,8081,410,60530
5,60945,209,0.0,8082,410,60535
8,60953,209,0.0,8083,410,60543
8,60961,209,0.0,8084,410,60551
4,60965,209,0.0,8085,410,60555
11,60976,209,0.0,8086,410,60566
8,60984,209,0.0,8087,410,60574
4,60988,209,0.0,8088,410,60578
12,61000,209,0.0,8089,410,60590
10,61010,209,0.0,8090,410,60600
12,61022,209,0.0,8091,410,60612
8,61030,209,0.0,8092,410,60620
11,61041,209,0.0,8093,410,60631
12,61053,209,0.0,8094,410,60643
4,61057,209,0.0,8095,410,60647
7,61064,209,0.0,8096,410,60654
7,61071,209,0.0,8097,410,60661
13,61084,209,0.0,8098,410,60674
8,61092,209,0.0,8099,410,60682
2,61094,209,0.0,8100,410,60684
4,61098,209,0.0,8101,410,60688
9,61107,209,0.0,8102,410,60697
13,61120,209,0.0,8103,410,60710
6,61126,209,0.0,8104,410,60716
19,61145,209,0.0,8105,410,60735
2,61147,209,0.0,8106,410,60737
2,61149,209,0.0,8107,410,60739
4,61153,209,0.0,8108,410,60743
12,61165,209,0.0,8109,410,60755
7,61172,209,0.0,8110,410,60762
2,61174,209,0.0,8111,410,60764
7,61181,209,0.0,8112,410,60771
10,61191,209,0.0,8113,410,60781
10,61201,209,0.0,8114,410,60791
3,61204,209,0.0,8115,410,60794
8,61212,209,0.0,8116,410,60802
22,61234,209,0.0,8117,410,60824
15,61249,209,0.0,8118,410,60839
15,61264,209,0.0,8119,410,60854
5,61269,209,0.0,8120,410,60859
20,61289,209,0.0,8121,410,60879
3,61292,209,0.0,8122,410,60882
14,61306,209,0.0,8123,410,60896
14,61320,210,1.0,8124,410,60910
2,61322,210,0.0,8125,410,60912
9,61331,210,0.0,8126,410,60921
8,61339,210,0.0,8127,410,60929
6,61345,210,0.0,8128,410,60935
3,61348,210,0.0,8129,410,60938
3,61351,210,0.0,8130,410,60941
2,61353,210,0.0,8131,410,60943
7,61360,210,0.0,8132,410,60950
8,61368,210,0.0,8133,410,60958
2,61370,210,0.0,8134,410,60960
2,61372,210,0.0,8135,410,60962
13,61385,210,0.0,8136,410,60975
14,61399,210,0.0,8137,410,60989
2,61401,210,0.0,8138,410,60991
7,61408,210,0.0,8139,410,60998
7,61415,210,0.0,8140,410,61005
10,61425,210,0.0,8141,410,61015
2,61427,210,0.0,8142,410,61017
2,61429,210,0.0,8143,410,61019
11,61440,210,0.0,8144,410,61030
4,61444,210,0.0,8145,410,61034
3,61447,210,0.0,8146,410,61037
5,61452,210,0.0,8147,410,61042
13,61465,210,0.0,8148,410,61055
9,61474,210,0.0,8149,410,61064
3,61477,210,0.0,8150,410,61067
4,61481,210,0.0,8151,410,61071
26,61507,210,0.0,8152,410,61097
14,61521,210,0.0,8153,410,61111
2,61523,210,0.0,8154,410,61113
14,61537,210,0.0,8155,410,61127
18,61555,210,0.0,8156,410,61145
17,61572,210,0.0,8157,410,61162
20,61592,210,0.0,8158,410,61182
2,61594,210,0.0,8159,410,61184
6,61600,210,0.0,8160,410,61190
6,61606,210,0.0,8161,410,61196
6,61612,210,0.0,8162,410,61202
2,61614,210,0.0,8163,410,61204
11,61625,210,0.0,8164,410,61215
3,61628,210,0.0,8165,410,61218
7,61635,210,0.0,8166,410,61225
7,61642,210,0.0,8167,410,61232
8,61650,210,0.0,8168,410,61240
4,61654,210,0.0,8169,410,61244
3,61657,210,0.0,8170,410,61247
2,61659,210,0.0,8171,410,61249
12,61671,210,0.0,8172,410,61261
7,61678,210,0.0,8173,410,61268
14,61692,210,0.0,8174,410,61282
2,61694,210,0.0,8175,410,61284
5,61699,210,0.0,8176,410,61289
10,61709,210,0.0,8177,410,61299
2,61711,210,0.0,8178,410,61301
2,61713,210,0.0,8179,410,61303
14,61727,210,0.0,8180,410,61317
23,61750,210,0.0,8181,410,61340
2,61752,210,0.0,8182,410,61342
2,61754,210,0.0,8183,410,61344
13,61767,210,0.0,8184,410,61357
2,61769,210,0.0,8185,410,61359
20,61789,210,0.0,8186,410,61379
11,61800,210,0.0,8187,410,61390
2,61802,210,0.0,8188,410,61392
2,61804,210,0.0,8189,410,61394
7,61811,210,0.0,8190,410,61401
5,61816,210,0.0,8191,410,61406
7,61823,210,0.0,8192,410,61413
3,61826,210,0.0,8193,410,61416
6,61832,210,0.0,8194,410,61422
3,61835,210,0.0,8195,410,61425
5,61840,210,0.0,8196,410,61430
6,61846,210,0.0,8197,410,61436
6,61852,210,0.0,8198,410,61442
3,61855,210,0.0,8199,410,61445
17,61872,210,0.0,8200,410,61462
5,61877,210,0.0,8201,410,61467
16,61893,210,0.0,8202,410,61483
3,61896,210,0.0,8203,410,61486
10,61906,210,0.0,8204,410,61496
4,61910,210,0.0,8205,410,61500
7,61917,210,0.0,8206,410,61507
18,61935,210,0.0,8207,410,61525
8,61943,210,0.0,8208,410,61533
17,61960,210,0.0,8209,410,61550
4,61964,210,0.0,8210,410,61554
2,61966,210,0.0,8211,410,61556
18,61984,210,0.0,8212,410,61574
2,61986,210,0.0,8213,410,61576
6,61992,210,0.0,8214,410,61582
3,61995,210,0.0,8215,410,61585
2,61997,210,0.0,8216,410,61587
8,62005,210,0.0,8217,410,61595
16,62021,210,0.0,8218,410,61611
6,62027,210,0.0,8219,410,61617
13,62040,210,0.0,8220,410,61630
5,62045,210,0.0,8221,410,61635
2,62047,210,0.0,8222,410,61637
12,62059,210,0.0,8223,410,61649
2,62061,210,0.0,8224,410,61651
2,62063,210,0.0,8225,410,61653
7,62070,210,0.0,8226,410,61660
12,62082,210,0.0,8227,410,61672
2,62084,210,0.0,8228,410,61674
15,62099,210,0.0,8229,410,61689
10,62109,210,0.0,8230,410,61699
12,62121,210,0.0,8231,410,61711
6,62127,210,0.0,8232,410,61717
5,62132,210,0.0,8233,410,61722
15,62147,210,0.0,8234,410,61737
9,62156,210,0.0,8235,410,61746
4,62160,210,0.0,8236,410,61750
16,62176,210,0.0,8237,410,61766
10,62186,210,0.0,8238,410,61776
11,62197,210,0.0,8239,410,61787
5,62202,210,0.0,8240,410,61792
7,62209,210,0.0,8241,410,61799
2,62211,210,0.0,8242,410,61801
5,62216,210,0.0,8243,410,61806
23,62239,210,0.0,8244,410,61829
14,62253,210,0.0,8245,410,61843
3,62256,210,0.0,8246,410,61846
8,62264,210,0.0,8247,410,61854
7,62271,210,0.0,8248,410,61861
5,62276,210,0.0,8249,410,61866
7,62283,210,0.0,8250,410,61873
7,62290,210,0.0,8251,410,61880
12,62302,210,0.0,8252,410,61892
5,62307,210,0.0,8253,410,61897
6,62313,210,0.0,8254,410,61903
4,62317,210,0.0,8255,410,61907
3,62320,210,0.0,8256,410,61910
8,62328,210,0.0,8257,410,61918
4,62332,210,0.0,8258,410,61922
2,62334,210,0.0,8259,410,61924
8,62342,210,0.0,8260,410,61932
5,62347,210,0.0,8261,410,61937
21,62368,210,0.0,8262,410,61958
7,62375,210,0.0,8263,410,61965
2,62377,210,0.0,8264,410,61967
14,62391,211,1.0,8265,410,61981
4,62395,211,0.0,8266,410,61985
8,62403,211,0.0,8267,410,61993
12,62415,211,0.0,8268,410,62005
3,62418,211,0.0,8269,410,62008
2,62420,211,0.0,8270,410,62010
5,62425,211,0.0,8271,410,62015
10,62435,211,0.0,8272,410,62025
4,62439,211,0.0,8273,410,62029
2,62441,211,0.0,8274,410,62031
23,62464,211,0.0,8275,410,62054
4,62468,211,0.0,8276,410,62058
12,62480,211,0.0,8277,410,62070
16,62496,211,0.0,8278,410,62086
18,62514,211,0.0,8279,410,62104
3,62517,211,0.0,8280,410,62107
15,62532,211,0.0,8281,410,62122
15,62547,212,1.0,8282,410,62137
6,62553,212,0.0,8283,410,62143
4,62557,212,0.0,8284,410,62147
10,62567,212,0.0,8285,410,62157
6,62573,212,0.0,8286,410,62163
21,62594,212,0.0,8287,410,62184
8,62602,212,0.0,8288,410,62192
4,62606,212,0.0,8289,410,62196
5,62611,212,0.0,8290,410,62201
4,62615,212,0.0,8291,410,62205
5,62620,212,0.0,8292,410,62210
2,62622,212,0.0,8293,410,62212
5,62627,212,0.0,8294,410,62217
5,62632,212,0.0,8295,410,62222
3,62635,212,0.0,8296,410,62225
5,62640,212,0.0,8297,410,62230
7,62647,212,0.0,8298,410,62237
4,62651,212,0.0,8299,410,62241
13,62664,212,0.0,8300,410,62254
6,62670,212,0.0,8301,410,62260
6,62676,212,0.0,8302,410,62266
10,62686,212,0.0,8303,410,62276
21,62707,212,0.0,8304,410,62297
6,62713,212,0.0,8305,410,62303
8,62721,212,0.0,8306,410,62311
9,62730,212,0.0,8307,410,62320
2,62732,212,0.0,8308,410,62322
5,62737,212,0.0,8309,410,62327
26,62763,212,0.0,8310,410,62353
7,62770,212,0.0,8311,410,62360
8,62778,212,0.0,8312,410,62368
8,62786,212,0.0,8313,410,62376
3,62789,212,0.0,8314,410,62379
4,62793,212,0.0,8315,410,62383
2,62795,212,0.0,8316,410,62385
7,62802,212,0.0,8317,410,62392
4,62806,212,0.0,8318,410,62396
3,62809,212,0.0,8319,410,62399
8,62817,212,0.0,8320,410,62407
2,62819,212,0.0,8321,410,62409
3,62822,212,0.0,8322,410,62412
2,62824,212,0.0,8323,410,62414
2,62826,212,0.0,8324,410,62416
3,62829,212,0.0,8325,410,62419
7,62836,212,0.0,8326,410,62426
10,62846,212,0.0,8327,410,62436
7,62853,212,0.0,8328,410,62443
3,62856,212,0.0,8329,410,62446
17,62873,212,0.0,8330,410,62463
2,62875,212,0.0,8331,410,62465
3,62878,212,0.0,8332,410,62468
8,62886,212,0.0,8333,410,62476
2,62888,212,0.0,8334,410,62478
6,62894,212,0.0,8335,410,62484
12,62906,212,0.0,8336,410,62496
15,62921,212,0.0,8337,410,62511
12,62933,212,0.0,8338,410,62523
7,62940,212,0.0,8339,410,62530
5,62945,212,0.0,8340,410,62535
6,62951,212,0.0,8341,410,62541
5,62956,212,0.0,8342,410,62546
5,62961,212,0.0,8343,410,62551
14,62975,212,0.0,8344,410,62565
7,62982,212,0.0,8345,410,62572
23,63005,212,0.0,8346,410,62595
5,63010,212,0.0,8347,410,62600
6,63016,212,0.0,8348,410,62606
4,63020,212,0.0,8349,410,62610
15,63035,212,0.0,8350,410,62625
15,63050,212,0.0,8351,410,62640
10,63060,212,0.0,8352,410,62650
3,63063,212,0.0,8353,410,62653
2,63065,212,0.0,8354,410,62655
2,63067,212,0.0,8355,410,62657
2,63069,212,0.0,8356,410,62659
27,63096,213,1.0,8357,410,62686
10,63106,213,0.0,8358,410,62696
4,63110,213,0.0,8359,410,62700
5,63115,213,0.0,8360,410,62705
7,63122,213,0.0,8361,410,62712
6,63128,213,0.0,8362,410,62718
7,63135,213,0.0,8363,410,62725
3,63138,213,0.0,8364,410,62728
3,63141,213,0.0,8365,410,62731
2,63143,213,0.0,8366,410,62733
2,63145,213,0.0,8367,410,62735
6,63151,213,0.0,8368,410,62741
2,63153,213,0.0,8369,410,62743
4,63157,213,0.0,8370,410,62747
2,63159,213,0.0,8371,410,62749
5,63164,213,0.0,8372,410,62754
4,63168,213,0.0,8373,410,62758
15,63183,214,1.0,8374,410,62773
10,63193,214,0.0,8375,410,62783
3,63196,214,0.0,8376,410,62786
2,63198,214,0.0,8377,410,62788
14,63212,215,1.0,8378,410,62802
5,63217,215,0.0,8379,410,62807
10,63227,215,0.0,8380,410,62817
10,63237,215,0.0,8381,410,62827
2,63239,215,0.0,8382,410,62829
6,63245,215,0.0,8383,410,62835
2,63247,215,0.0,8384,410,62837
6,63253,215,0.0,8385,410,62843
15,63268,215,0.0,8386,410,62858
2,63270,215,0.0,8387,410,62860
5,63275,215,0.0,8388,410,62865
7,63282,215,0.0,8389,410,62872
6,63288,215,0.0,8390,410,62878
7,63295,215,0.0,8391,410,62885
2,63297,215,0.0,8392,410,62887
9,63306,215,0.0,8393,410,62896
11,63317,215,0.0,8394,410,62907
7,63324,215,0.0,8395,410,62914
5,63329,215,0.0,8396,410,62919
15,63344,215,0.0,8397,410,62934
9,63353,215,0.0,8398,410,62943
4,63357,215,0.0,8399,410,62947
16,63373,215,0.0,8400,410,62963
6,63379,215,0.0,8401,410,62969
8,63387,215,0.0,8402,410,62977
5,63392,215,0.0,8403,410,62982
5,63397,215,0.0,8404,410,62987
2,63399,215,0.0,8405,410,62989
2,63401,215,0.0,8406,410,62991
31,63432,215,0.0,8407,410,63022
7,63439,215,0.0,8408,410,63029
8,63447,215,0.0,8409,410,63037
4,63451,215,0.0,8410,410,63041
3,63454,215,0.0,8411,410,63044
4,63458,215,0.0,8412,410,63048
5,63463,215,0.0,8413,410,63053
8,63471,215,0.0,8414,410,63061
4,63475,215,0.0,8415,410,63065
3,63478,215,0.0,8416,410,63068
7,63485,215,0.0,8417,410,63075
8,63493,215,0.0,8418,410,63083
6,63499,215,0.0,8419,410,63089
16,63515,215,0.0,8420,410,63105
8,63523,215,0.0,8421,410,63113
2,63525,215,0.0,8422,410,63115
7,63532,215,0.0,8423,410,63122
3,63535,215,0.0,8424,410,63125
12,63547,215,0.0,8425,410,63137
5,63552,215,0.0,8426,410,63142
10,63562,215,0.0,8427,410,63152
4,63566,215,0.0,8428,410,63156
3,63569,215,0.0,8429,410,63159
7,63576,215,0.0,8430,410,63166
4,63580,215,0.0,8431,410,63170
13,63593,215,0.0,8432,410,63183
7,63600,215,0.0,8433,410,63190
12,63612,215,0.0,8434,410,63202
3,63615,215,0.0,8435,410,63205
10,63625,215,0.0,8436,410,63215
11,63636,215,0.0,8437,410,63226
9,63645,215,0.0,8438,410,63235
10,63655,215,0.0,8439,410,63245
2,63657,215,0.0,8440,410,63247
4,63661,215,0.0,8441,410,63251
10,63671,215,0.0,8442,410,63261
2,63673,215,0.0,8443,410,63263
5,63678,215,0.0,8444,410,63268
2,63680,215,0.0,8445,410,63270
8,63688,215,0.0,8446,410,63278
13,63701,215,0.0,8447,410,63291
3,63704,215,0.0,8448,410,63294
5,63709,215,0.0,8449,410,63299
12,63721,215,0.0,8450,410,63311
3,63724,215,0.0,8451,410,63314
8,63732,215,0.0,8452,410,63322
10,63742,215,0.0,8453,410,63332
10,63752,215,0.0,8454,410,63342
2,63754,215,0.0,8455,410,63344
2,63756,215,0.0,8456,410,63346
6,63762,215,0.0,8457,410,63352
4,63766,215,0.0,8458,410,63356
27,63793,216,1.0,8459,410,63383
7,63800,216,0.0,8460,410,63390
7,63807,216,0.0,8461,410,63397
13,63820,216,0.0,8462,410,63410
4,63824,216,0.0,8463,410,63414
8,63832,216,0.0,8464,410,63422
18,63850,216,0.0,8465,410,63440
7,63857,216,0.0,8466,410,63447
16,63873,216,0.0,8467,410,63463
5,63878,216,0.0,8468,410,63468
6,63884,216,0.0,8469,410,63474
5,63889,216,0.0,8470,410,63479
20,63909,216,0.0,8471,410,63499
12,63921,216,0.0,8472,410,63511
6,63927,216,0.0,8473,410,63517
13,63940,216,0.0,8474,410,63530
38,63978,217,1.0,8475,410,63568
8,63986,217,0.0,8476,410,63576
2,63988,217,0.0,8477,410,63578
3,63991,217,0.0,8478,410,63581
2,63993,217,0.0,8479,410,63583
5,63998,217,0.0,8480,410,63588
12,64010,217,0.0,8481,410,63600
28,64038,217,0.0,8482,410,63628
9,64047,217,0.0,8483,410,63637
10,64057,217,0.0,8484,410,63647
11,64068,217,0.0,8485,410,63658
4,64072,217,0.0,8486,410,63662
5,64077,217,0.0,8487,410,63667
5,64082,217,0.0,8488,410,63672
2,64084,217,0.0,8489,410,63674
3,64087,217,0.0,8490,410,63677
3,64090,217,0.0,8491,410,63680
8,64098,217,0.0,8492,410,63688
2,64100,217,0.0,8493,410,63690
2,64102,217,0.0,8494,410,63692
2,64104,217,0.0,8495,410,63694
14,64118,217,0.0,8496,410,63708
12,64130,217,0.0,8497,410,63720
4,64134,217,0.0,8498,410,63724
3,64137,217,0.0,8499,410,63727
20,64157,217,0.0,8500,410,63747
2,64159,217,0.0,8501,410,63749
4,64163,217,0.0,8502,410,63753
6,64169,217,0.0,8503,410,63759
2,64171,217,0.0,8504,410,63761
5,64176,217,0.0,8505,410,63766
3,64179,217,0.0,8506,410,63769
6,64185,217,0.0,8507,410,63775
5,64190,217,0.0,8508,410,63780
4,64194,217,0.0,8509,410,63784
4,64198,217,0.0,8510,410,63788
14,64212,218,1.0,8511,410,63802
4,64216,218,0.0,8512,410,63806
6,64222,218,0.0,8513,410,63812
7,64229,218,0.0,8514,410,63819
4,64233,218,0.0,8515,410,63823
7,64240,218,0.0,8516,410,63830
2,64242,218,0.0,8517,410,63832
17,64259,218,0.0,8518,410,63849
6,64265,218,0.0,8519,410,63855
12,64277,218,0.0,8520,410,63867
2,64279,218,0.0,8521,410,63869
6,64285,218,0.0,8522,410,63875
3,64288,218,0.0,8523,410,63878
8,64296,219,1.0,8524,410,63886
14,64310,219,0.0,8525,410,63900
5,64315,219,0.0,8526,410,63905
7,64322,219,0.0,8527,410,63912
4,64326,219,0.0,8528,410,63916
24,64350,219,0.0,8529,410,63940
2,64352,219,0.0,8530,410,63942
4,64356,219,0.0,8531,410,63946
6,64362,219,0.0,8532,410,63952
7,64369,219,0.0,8533,410,63959
2,64371,219,0.0,8534,410,63961
5,64376,219,0.0,8535,410,63966
11,64387,219,0.0,8536,410,63977
9,64396,219,0.0,8537,410,63986
21,64417,219,0.0,8538,410,64007
7,64424,219,0.0,8539,410,64014
7,64431,219,0.0,8540,410,64021
6,64437,219,0.0,8541,410,64027
3,64440,219,0.0,8542,410,64030
5,64445,219,0.0,8543,410,64035
2,64447,219,0.0,8544,410,64037
4,64451,219,0.0,8545,410,64041
11,64462,219,0.0,8546,410,64052
2,64464,219,0.0,8547,410,64054
3,64467,219,0.0,8548,410,64057
9,64476,219,0.0,8549,410,64066
5,64481,219,0.0,8550,410,64071
5,64486,219,0.0,8551,410,64076
35,64521,219,0.0,8552,410,64111
10,64531,219,0.0,8553,410,64121
5,64536,219,0.0,8554,410,64126
9,64545,219,0.0,8555,410,64135
10,64555,219,0.0,8556,410,64145
3,64558,219,0.0,8557,410,64148
8,64566,219,0.0,8558,410,64156
2,64568,219,0.0,8559,410,64158
6,64574,219,0.0,8560,410,64164
4,64578,219,0.0,8561,410,64168
4,64582,219,0.0,8562,410,64172
4,64586,219,0.0,8563,410,64176
6,64592,219,0.0,8564,410,64182
4,64596,219,0.0,8565,410,64186
4,64600,219,0.0,8566,410,64190
10,64610,219,0.0,8567,410,64200
2,64612,219,0.0,8568,410,64202
11,64623,219,0.0,8569,410,64213
2,64625,219,0.0,8570,410,64215
5,64630,219,0.0,8571,410,64220
10,64640,219,0.0,8572,410,64230
11,64651,219,0.0,8573,410,64241
3,64654,219,0.0,8574,410,64244
9,64663,219,0.0,8575,410,64253
10,64673,219,0.0,8576,410,64263
4,64677,219,0.0,8577,410,64267
7,64684,219,0.0,8578,410,64274
6,64690,219,0.0,8579,410,64280
9,64699,219,0.0,8580,410,64289
2,64701,219,0.0,8581,410,64291
4,64705,219,0.0,8582,410,64295
6,64711,219,0.0,8583,410,64301
6,64717,219,0.0,8584,410,64307
2,64719,219,0.0,8585,410,64309
2,64721,219,0.0,8586,410,64311
4,64725,219,0.0,8587,410,64315
4,64729,219,0.0,8588,410,64319
7,64736,219,0.0,8589,410,64326
12,64748,219,0.0,8590,410,64338
6,64754,219,0.0,8591,410,64344
7,64761,219,0.0,8592,410,64351
16,64777,219,0.0,8593,410,64367
12,64789,219,0.0,8594,410,64379
3,64792,219,0.0,8595,410,64382
7,64799,219,0.0,8596,410,64389
4,64803,219,0.0,8597,410,64393
15,64818,220,1.0,8598,410,64408
2,64820,220,0.0,8599,410,64410
21,64841,220,0.0,8600,410,64431
14,64855,220,0.0,8601,410,64445
2,64857,220,0.0,8602,410,64447
9,64866,220,0.0,8603,410,64456
6,64872,220,0.0,8604,410,64462
5,64877,220,0.0,8605,410,64467
4,64881,220,0.0,8606,410,64471
3,64884,220,0.0,8607,410,64474
15,64899,220,0.0,8608,410,64489
14,64913,220,0.0,8609,410,64503
2,64915,220,0.0,8610,410,64505
4,64919,220,0.0,8611,410,64509
3,64922,220,0.0,8612,410,64512
8,64930,220,0.0,8613,410,64520
14,64944,221,1.0,8614,410,64534
6,64950,221,0.0,8615,410,64540
4,64954,221,0.0,8616,410,64544
6,64960,221,0.0,8617,410,64550
10,64970,221,0.0,8618,410,64560
2,64972,221,0.0,8619,410,64562
20,64992,221,0.0,8620,410,64582
7,64999,221,0.0,8621,410,64589
24,65023,221,0.0,8622,410,64613
5,65028,221,0.0,8623,410,64618
8,65036,221,0.0,8624,410,64626
4,65040,221,0.0,8625,410,64630
5,65045,221,0.0,8626,410,64635
12,65057,221,0.0,8627,410,64647
7,65064,221,0.0,8628,410,64654
16,65080,221,0.0,8629,410,64670
17,65097,221,0.0,8630,410,64687
11,65108,221,0.0,8631,410,64698
3,65111,221,0.0,8632,410,64701
9,65120,221,0.0,8633,410,64710
14,65134,221,0.0,8634,410,64724
2,65136,221,0.0,8635,410,64726
3,65139,221,0.0,8636,410,64729
12,65151,221,0.0,8637,410,64741
3,65154,221,0.0,8638,410,64744
3,65157,221,0.0,8639,410,64747
3,65160,221,0.0,8640,410,64750
3,65163,221,0.0,8641,410,64753
19,65182,221,0.0,8642,410,64772
5,65187,221,0.0,8643,410,64777
2,65189,221,0.0,8644,410,64779
6,65195,221,0.0,8645,410,64785
2,65197,221,0.0,8646,410,64787
7,65204,221,0.0,8647,410,64794
2,65206,221,0.0,8648,410,64796
6,65212,221,0.0,8649,410,64802
3,65215,221,0.0,8650,410,64805
5,65220,221,0.0,8651,410,64810
10,65230,221,0.0,8652,410,64820
19,65249,221,0.0,8653,410,64839
19,65268,221,0.0,8654,410,64858
10,65278,221,0.0,8655,410,64868
16,65294,221,0.0,8656,410,64884
12,65306,221,0.0,8657,410,64896
5,65311,221,0.0,8658,410,64901
20,65331,221,0.0,8659,410,64921
14,65345,221,0.0,8660,410,64935
4,65349,221,0.0,8661,410,64939
7,65356,221,0.0,8662,410,64946
2,65358,221,0.0,8663,410,64948
8,65366,221,0.0,8664,410,64956
23,65389,221,0.0,8665,410,64979
15,65404,221,0.0,8666,410,64994
5,65409,221,0.0,8667,410,64999
9,65418,221,0.0,8668,410,65008
32,65450,221,0.0,8669,410,65040
3,65453,221,0.0,8670,410,65043
3,65456,221,0.0,8671,410,65046
7,65463,221,0.0,8672,410,65053
8,65471,221,0.0,8673,410,65061
5,65476,221,0.0,8674,410,65066
8,65484,221,0.0,8675,410,65074
13,65497,221,0.0,8676,410,65087
5,65502,221,0.0,8677,410,65092
2,65504,221,0.0,8678,410,65094
13,65517,221,0.0,8679,410,65107
3,65520,221,0.0,8680,410,65110
4,65524,221,0.0,8681,410,65114
3,65527,221,0.0,8682,410,65117
8,65535,221,0.0,8683,410,65125
16,65551,221,0.0,8684,410,65141
20,65571,221,0.0,8685,410,65161
4,65575,221,0.0,8686,410,65165
2,65577,221,0.0,8687,410,65167
6,65583,221,0.0,8688,410,65173
10,65593,221,0.0,8689,410,65183
6,65599,221,0.0,8690,410,65189
3,65602,221,0.0,8691,410,65192
10,65612,221,0.0,8692,410,65202
3,65615,221,0.0,8693,410,65205
7,65622,221,0.0,8694,410,65212
2,65624,221,0.0,8695,410,65214
35,65659,221,0.0,8696,410,65249
14,65673,221,0.0,8697,410,65263
11,65684,221,0.0,8698,410,65274
4,65688,221,0.0,8699,410,65278
2,65690,221,0.0,8700,410,65280
3,65693,221,0.0,8701,410,65283
5,65698,221,0.0,8702,410,65288
12,65710,221,0.0,8703,410,65300
5,65715,221,0.0,8704,410,65305
12,65727,221,0.0,8705,410,65317
8,65735,221,0.0,8706,410,65325
4,65739,221,0.0,8707,410,65329
7,65746,221,0.0,8708,410,65336
11,65757,221,0.0,8709,410,65347
9,65766,221,0.0,8710,410,65356
14,65780,221,0.0,8711,410,65370
8,65788,221,0.0,8712,410,65378
10,65798,221,0.0,8713,410,65388
15,65813,221,0.0,8714,410,65403
7,65820,221,0.0,8715,410,65410
4,65824,221,0.0,8716,410,65414
12,65836,221,0.0,8717,410,65426
5,65841,221,0.0,8718,410,65431
15,65856,221,0.0,8719,410,65446
14,65870,222,1.0,8720,410,65460
4,65874,222,0.0,8721,410,65464
12,65886,222,0.0,8722,410,65476
7,65893,222,0.0,8723,410,65483
3,65896,222,0.0,8724,410,65486
2,65898,222,0.0,8725,410,65488
5,65903,222,0.0,8726,410,65493
11,65914,222,0.0,8727,410,65504
5,65919,222,0.0,8728,410,65509
11,65930,222,0.0,8729,410,65520
2,65932,222,0.0,8730,410,65522
15,65947,223,1.0,8731,410,65537
8,65955,223,0.0,8732,410,65545
4,65959,223,0.0,8733,410,65549
13,65972,223,0.0,8734,410,65562
2,65974,223,0.0,8735,410,65564
3,65977,223,0.0,8736,410,65567
7,65984,223,0.0,8737,410,65574
13,65997,223,0.0,8738,410,65587
5,66002,223,0.0,8739,410,65592
17,66019,223,0.0,8740,410,65609
11,66030,223,0.0,8741,410,65620
6,66036,223,0.0,8742,410,65626
8,66044,223,0.0,8743,410,65634
5,66049,223,0.0,8744,410,65639
4,66053,223,0.0,8745,410,65643
3,66056,223,0.0,8746,410,65646
18,66074,223,0.0,8747,410,65664
2,66076,223,0.0,8748,410,65666
17,66093,223,0.0,8749,410,65683
6,66099,223,0.0,8750,410,65689
35,66134,223,0.0,8751,410,65724
4,66138,223,0.0,8752,410,65728
3,66141,223,0.0,8753,410,65731
4,66145,223,0.0,8754,410,65735
2,66147,223,0.0,8755,410,65737
8,66155,223,0.0,8756,410,65745
5,66160,223,0.0,8757,410,65750
11,66171,223,0.0,8758,410,65761
6,66177,223,0.0,8759,410,65767
7,66184,223,0.0,8760,410,65774
5,66189,223,0.0,8761,410,65779
17,66206,223,0.0,8762,410,65796
5,66211,223,0.0,8763,410,65801
24,66235,223,0.0,8764,410,65825
11,66246,223,0.0,8765,410,65836
6,66252,223,0.0,8766,410,65842
2,66254,223,0.0,8767,410,65844
12,66266,223,0.0,8768,410,65856
4,66270,223,0.0,8769,410,65860
2,66272,223,0.0,8770,410,65862
2,66274,223,0.0,8771,410,65864
2,66276,223,0.0,8772,410,65866
6,66282,223,0.0,8773,410,65872
3,66285,223,0.0,8774,410,65875
4,66289,223,0.0,8775,410,65879
12,66301,223,0.0,8776,410,65891
5,66306,223,0.0,8777,410,65896
13,66319,223,0.0,8778,410,65909
7,66326,223,0.0,8779,410,65916
15,66341,224,1.0,8780,410,65931
6,66347,224,0.0,8781,410,65937
11,66358,224,0.0,8782,410,65948
3,66361,224,0.0,8783,410,65951
7,66368,224,0.0,8784,410,65958
7,66375,224,0.0,8785,410,65965
3,66378,224,0.0,8786,410,65968
4,66382,224,0.0,8787,410,65972
4,66386,224,0.0,8788,410,65976
15,66401,224,0.0,8789,410,65991
7,66408,224,0.0,8790,410,65998
5,66413,224,0.0,8791,410,66003
13,66426,224,0.0,8792,410,66016
3,66429,224,0.0,8793,410,66019
4,66433,224,0.0,8794,410,66023
17,66450,224,0.0,8795,410,66040
4,66454,224,0.0,8796,410,66044
6,66460,224,0.0,8797,410,66050
7,66467,224,0.0,8798,410,66057
3,66470,224,0.0,8799,410,66060
13,66483,224,0.0,8800,410,66073
20,66503,224,0.0,8801,410,66093
2,66505,224,0.0,8802,410,66095
2,66507,224,0.0,8803,410,66097
4,66511,224,0.0,8804,410,66101
7,66518,224,0.0,8805,410,66108
5,66523,224,0.0,8806,410,66113
12,66535,224,0.0,8807,410,66125
5,66540,224,0.0,8808,410,66130
13,66553,224,0.0,8809,410,66143
18,66571,224,0.0,8810,410,66161
9,66580,224,0.0,8811,410,66170
3,66583,224,0.0,8812,410,66173
13,66596,224,0.0,8813,410,66186
13,66609,224,0.0,8814,410,66199
3,66612,224,0.0,8815,410,66202
10,66622,224,0.0,8816,410,66212
4,66626,224,0.0,8817,410,66216
2,66628,224,0.0,8818,410,66218
7,66635,224,0.0,8819,410,66225
8,66643,224,0.0,8820,410,66233
4,66647,224,0.0,8821,410,66237
3,66650,224,0.0,8822,410,66240
2,66652,224,0.0,8823,410,66242
6,66658,224,0.0,8824,410,66248
12,66670,224,0.0,8825,410,66260
9,66679,224,0.0,8826,410,66269
11,66690,224,0.0,8827,410,66280
8,66698,224,0.0,8828,410,66288
11,66709,224,0.0,8829,410,66299
14,66723,225,1.0,8830,410,66313
2,66725,225,0.0,8831,410,66315
3,66728,225,0.0,8832,410,66318
8,66736,225,0.0,8833,410,66326
2,66738,225,0.0,8834,410,66328
2,66740,225,0.0,8835,410,66330
3,66743,225,0.0,8836,410,66333
8,66751,225,0.0,8837,410,66341
2,66753,225,0.0,8838,410,66343
5,66758,225,0.0,8839,410,66348
10,66768,225,0.0,8840,410,66358
3,66771,225,0.0,8841,410,66361
3,66774,225,0.0,8842,410,66364
8,66782,225,0.0,8843,410,66372
2,66784,225,0.0,8844,410,66374
12,66796,225,0.0,8845,410,66386
4,66800,225,0.0,8846,410,66390
4,66804,225,0.0,8847,410,66394
2,66806,225,0.0,8848,410,66396
6,66812,225,0.0,8849,410,66402
5,66817,225,0.0,8850,410,66407
9,66826,225,0.0,8851,410,66416
9,66835,225,0.0,8852,410,66425
2,66837,225,0.0,8853,410,66427
2,66839,225,0.0,8854,410,66429
3,66842,225,0.0,8855,410,66432
10,66852,225,0.0,8856,410,66442
6,66858,225,0.0,8857,410,66448
15,66873,225,0.0,8858,410,66463
7,66880,225,0.0,8859,410,66470
6,66886,225,0.0,8860,410,66476
10,66896,225,0.0,8861,410,66486
7,66903,225,0.0,8862,410,66493
5,66908,225,0.0,8863,410,66498
33,66941,225,0.0,8864,410,66531
13,66954,225,0.0,8865,410,66544
13,66967,225,0.0,8866,410,66557
3,66970,225,0.0,8867,410,66560
2,66972,225,0.0,8868,410,66562
9,66981,225,0.0,8869,410,66571
10,66991,225,0.0,8870,410,66581
10,67001,225,0.0,8871,410,66591
6,67007,225,0.0,8872,410,66597
8,67015,225,0.0,8873,410,66605
8,67023,225,0.0,8874,410,66613
14,67037,226,1.0,8875,410,66627
4,67041,226,0.0,8876,410,66631
2,67043,226,0.0,8877,410,66633
7,67050,226,0.0,8878,410,66640
8,67058,226,0.0,8879,410,66648
8,67066,226,0.0,8880,410,66656
15,67081,226,0.0,8881,410,66671
10,67091,226,0.0,8882,410,66681
10,67101,226,0.0,8883,410,66691
4,67105,226,0.0,8884,410,66695
7,67112,226,0.0,8885,410,66702
4,67116,226,0.0,8886,410,66706
34,67150,226,0.0,8887,410,66740
5,67155,226,0.0,8888,410,66745
6,67161,226,0.0,8889,410,66751
4,67165,226,0.0,8890,410,66755
2,67167,226,0.0,8891,410,66757
12,67179,226,0.0,8892,410,66769
7,67186,226,0.0,8893,410,66776
3,67189,226,0.0,8894,410,66779
9,67198,226,0.0,8895,410,66788
5,67203,226,0.0,8896,410,66793
5,67208,226,0.0,8897,410,66798
11,67219,226,0.0,8898,410,66809
10,67229,226,0.0,8899,410,66819
7,67236,226,0.0,8900,410,66826
7,67243,226,0.0,8901,410,66833
6,67249,226,0.0,8902,410,66839
4,67253,226,0.0,8903,410,66843
2,67255,226,0.0,8904,410,66845
11,67266,226,0.0,8905,410,66856
6,67272,226,0.0,8906,410,66862
4,67276,226,0.0,8907,410,66866
7,67283,226,0.0,8908,410,66873
5,67288,226,0.0,8909,410,66878
6,67294,226,0.0,8910,410,66884
2,67296,226,0.0,8911,410,66886
2,67298,226,0.0,8912,410,66888
8,67306,226,0.0,8913,410,66896
4,67310,226,0.0,8914,410,66900
6,67316,226,0.0,8915,410,66906
7,67323,226,0.0,8916,410,66913
7,67330,226,0.0,8917,410,66920
8,67338,226,0.0,8918,410,66928
2,67340,226,0.0,8919,410,66930
4,67344,226,0.0,8920,410,66934
6,67350,226,0.0,8921,410,66940
2,67352,226,0.0,8922,410,66942
5,67357,226,0.0,8923,410,66947
7,67364,226,0.0,8924,410,66954
6,67370,226,0.0,8925,410,66960
4,67374,226,0.0,8926,410,66964
2,67376,226,0.0,8927,410,66966
10,67386,226,0.0,8928,410,66976
3,67389,226,0.0,8929,410,66979
3,67392,226,0.0,8930,410,66982
5,67397,226,0.0,8931,410,66987
6,67403,226,0.0,8932,410,66993
4,67407,226,0.0,8933,410,66997
17,67424,226,0.0,8934,410,67014
2,67426,226,0.0,8935,410,67016
3,67429,226,0.0,8936,410,67019
10,67439,226,0.0,8937,410,67029
3,67442,226,0.0,8938,410,67032
15,67457,226,0.0,8939,410,67047
7,67464,226,0.0,8940,410,67054
7,67471,226,0.0,8941,410,67061
7,67478,226,0.0,8942,410,67068
5,67483,226,0.0,8943,410,67073
8,67491,226,0.0,8944,410,67081
14,67505,227,1.0,8945,410,67095
6,67511,227,0.0,8946,410,67101
5,67516,227,0.0,8947,410,67106
7,67523,227,0.0,8948,410,67113
2,67525,227,0.0,8949,410,67115
4,67529,227,0.0,8950,410,67119
2,67531,227,0.0,8951,410,67121
2,67533,227,0.0,8952,410,67123
4,67537,227,0.0,8953,410,67127
5,67542,227,0.0,8954,410,67132
8,67550,227,0.0,8955,410,67140
7,67557,227,0.0,8956,410,67147
11,67568,227,0.0,8957,410,67158
9,67577,227,0.0,8958,410,67167
3,67580,227,0.0,8959,410,67170
2,67582,227,0.0,8960,410,67172
6,67588,227,0.0,8961,410,67178
5,67593,227,0.0,8962,410,67183
2,67595,227,0.0,8963,410,67185
14,67609,227,0.0,8964,410,67199
10,67619,227,0.0,8965,410,67209
8,67627,227,0.0,8966,410,67217
7,67634,227,0.0,8967,410,67224
5,67639,227,0.0,8968,410,67229
11,67650,227,0.0,8969,410,67240
6,67656,227,0.0,8970,410,67246
21,67677,227,0.0,8971,410,67267
8,67685,227,0.0,8972,410,67275
14,67699,227,0.0,8973,410,67289
13,67712,227,0.0,8974,410,67302
14,67726,227,0.0,8975,410,67316
10,67736,227,0.0,8976,410,67326
4,67740,227,0.0,8977,410,67330
14,67754,227,0.0,8978,410,67344
2,67756,227,0.0,8979,410,67346
2,67758,227,0.0,8980,410,67348
3,67761,227,0.0,8981,410,67351
2,67763,227,0.0,8982,410,67353
11,67774,227,0.0,8983,410,67364
3,67777,227,0.0,8984,410,67367
4,67781,227,0.0,8985,410,67371
2,67783,227,0.0,8986,410,67373
6,67789,227,0.0,8987,410,67379
10,67799,227,0.0,8988,410,67389
7,67806,227,0.0,8989,410,67396
6,67812,227,0.0,8990,410,67402
4,67816,227,0.0,8991,410,67406
9,67825,227,0.0,8992,410,67415
16,67841,227,0.0,8993,410,67431
3,67844,227,0.0,8994,410,67434
11,67855,227,0.0,8995,410,67445
2,67857,227,0.0,8996,410,67447
4,67861,227,0.0,8997,410,67451
5,67866,227,0.0,8998,410,67456
3,67869,227,0.0,8999,410,67459
4,67873,227,0.0,9000,410,67463
3,67876,227,0.0,9001,410,67466
2,67878,227,0.0,9002,410,67468
6,67884,227,0.0,9003,410,67474
29,67913,227,0.0,9004,410,67503
7,67920,227,0.0,9005,410,67510
4,67924,227,0.0,9006,410,67514
5,67929,227,0.0,9007,410,67519
11,67940,227,0.0,9008,410,67530
3,67943,227,0.0,9009,410,67533
2,67945,227,0.0,9010,410,67535
2,67947,227,0.0,9011,410,67537
15,67962,227,0.0,9012,410,67552
14,67976,227,0.0,9013,410,67566
8,67984,227,0.0,9014,410,67574
2,67986,227,0.0,9015,410,67576
4,67990,227,0.0,9016,410,67580
9,67999,227,0.0,9017,410,67589
10,68009,227,0.0,9018,410,67599
6,68015,227,0.0,9019,410,67605
8,68023,227,0.0,9020,410,67613
17,68040,227,0.0,9021,410,67630
3,68043,227,0.0,9022,410,67633
2,68045,227,0.0,9023,410,67635
5,68050,227,0.0,9024,410,67640
2,68052,227,0.0,9025,410,67642
9,68061,227,0.0,9026,410,67651
14,68075,227,0.0,9027,410,67665
8,68083,227,0.0,9028,410,67673
9,68092,227,0.0,9029,410,67682
9,68101,227,0.0,9030,410,67691
5,68106,227,0.0,9031,410,67696
3,68109,227,0.0,9032,410,67699
10,68119,227,0.0,9033,410,67709
6,68125,227,0.0,9034,410,67715
6,68131,227,0.0,9035,410,67721
7,68138,227,0.0,9036,410,67728
7,68145,227,0.0,9037,410,67735
2,68147,227,0.0,9038,410,67737
11,68158,227,0.0,9039,410,67748
4,68162,227,0.0,9040,410,67752
7,68169,227,0.0,9041,410,67759
4,68173,227,0.0,9042,410,67763
6,68179,227,0.0,9043,410,67769
2,68181,227,0.0,9044,410,67771
2,68183,227,0.0,9045,410,67773
14,68197,227,0.0,9046,410,67787
2,68199,227,0.0,9047,410,67789
10,68209,227,0.0,9048,410,67799
2,68211,227,0.0,9049,410,67801
8,68219,227,0.0,9050,410,67809
4,68223,227,0.0,9051,410,67813
4,68227,227,0.0,9052,410,67817
3,68230,227,0.0,9053,410,67820
5,68235,227,0.0,9054,410,67825
11,68246,227,0.0,9055,410,67836
5,68251,227,0.0,9056,410,67841
9,68260,227,0.0,9057,410,67850
9,68269,227,0.0,9058,410,67859
10,68279,227,0.0,9059,410,67869
2,68281,227,0.0,9060,410,67871
3,68284,227,0.0,9061,410,67874
6,68290,227,0.0,9062,410,67880
10,68300,227,0.0,9063,410,67890
2,68302,227,0.0,9064,410,67892
2,68304,227,0.0,9065,410,67894
8,68312,227,0.0,9066,410,67902
7,68319,227,0.0,9067,410,67909
4,68323,227,0.0,9068,410,67913
3,68326,227,0.0,9069,410,67916
4,68330,227,0.0,9070,410,67920
5,68335,227,0.0,9071,410,67925
16,68351,227,0.0,9072,410,67941
2,68353,227,0.0,9073,410,67943
7,68360,227,0.0,9074,410,67950
7,68367,227,0.0,9075,410,67957
4,68371,227,0.0,9076,410,67961
4,68375,227,0.0,9077,410,67965
14,68389,227,0.0,9078,410,67979
5,68394,227,0.0,9079,410,67984
3,68397,227,0.0,9080,410,67987
3,68400,227,0.0,9081,410,67990
2,68402,227,0.0,9082,410,67992
17,68419,227,0.0,9083,410,68009
6,68425,227,0.0,9084,410,68015
2,68427,227,0.0,9085,410,68017
5,68432,227,0.0,9086,410,68022
7,68439,227,0.0,9087,410,68029
8,68447,227,0.0,9088,410,68037
8,68455,227,0.0,9089,410,68045
2,68457,227,0.0,9090,410,68047
4,68461,227,0.0,9091,410,68051
5,68466,227,0.0,9092,410,68056
5,68471,227,0.0,9093,410,68061
14,68485,227,0.0,9094,410,68075
3,68488,227,0.0,9095,410,68078
5,68493,227,0.0,9096,410,68083
7,68500,227,0.0,9097,410,68090
6,68506,227,0.0,9098,410,68096
9,68515,227,0.0,9099,410,68105
12,68527,227,0.0,9100,410,68117
4,68531,227,0.0,9101,410,68121
2,68533,227,0.0,9102,410,68123
7,68540,227,0.0,9103,410,68130
33,68573,228,1.0,9104,410,68163
3,68576,228,0.0,9105,410,68166
10,68586,228,0.0,9106,410,68176
2,68588,228,0.0,9107,410,68178
16,68604,228,0.0,9108,410,68194
2,68606,228,0.0,9109,410,68196
3,68609,228,0.0,9110,410,68199
7,68616,228,0.0,9111,410,68206
8,68624,228,0.0,9112,410,68214
2,68626,228,0.0,9113,410,68216
3,68629,228,0.0,9114,410,68219
2,68631,228,0.0,9115,410,68221
29,68660,228,0.0,9116,410,68250
11,68671,228,0.0,9117,410,68261
5,68676,228,0.0,9118,410,68266
5,68681,228,0.0,9119,410,68271
3,68684,228,0.0,9120,410,68274
3,68687,228,0.0,9121,410,68277
19,68706,228,0.0,9122,410,68296
2,68708,228,0.0,9123,410,68298
7,68715,228,0.0,9124,410,68305
15,68730,228,0.0,9125,410,68320
14,68744,228,0.0,9126,410,68334
16,68760,228,0.0,9127,410,68350
7,68767,228,0.0,9128,410,68357
12,68779,228,0.0,9129,410,68369
9,68788,228,0.0,9130,410,68378
8,68796,228,0.0,9131,410,68386
3,68799,228,0.0,9132,410,68389
5,68804,228,0.0,9133,410,68394
4,68808,228,0.0,9134,410,68398
7,68815,228,0.0,9135,410,68405
12,68827,228,0.0,9136,410,68417
5,68832,228,0.0,9137,410,68422
7,68839,228,0.0,9138,410,68429
5,68844,228,0.0,9139,410,68434
7,68851,228,0.0,9140,410,68441
5,68856,228,0.0,9141,410,68446
2,68858,228,0.0,9142,410,68448
17,68875,228,0.0,9143,410,68465
7,68882,228,0.0,9144,410,68472
12,68894,228,0.0,9145,410,68484
3,68897,228,0.0,9146,410,68487
21,68918,228,0.0,9147,410,68508
12,68930,228,0.0,9148,410,68520
6,68936,228,0.0,9149,410,68526
7,68943,228,0.0,9150,410,68533
16,68959,228,0.0,9151,410,68549
6,68965,228,0.0,9152,410,68555
9,68974,228,0.0,9153,410,68564
6,68980,228,0.0,9154,410,68570
15,68995,229,1.0,9155,410,68585
9,69004,229,0.0,9156,410,68594
3,69007,229,0.0,9157,410,68597
8,69015,229,0.0,9158,410,68605
5,69020,229,0.0,9159,410,68610
10,69030,229,0.0,9160,410,68620
14,69044,229,0.0,9161,410,68634
6,69050,229,0.0,9162,410,68640
14,69064,229,0.0,9163,410,68654
4,69068,229,0.0,9164,410,68658
16,69084,229,0.0,9165,410,68674
8,69092,229,0.0,9166,410,68682
9,69101,229,0.0,9167,410,68691
5,69106,229,0.0,9168,410,68696
4,69110,229,0.0,9169,410,68700
18,69128,229,0.0,9170,410,68718
33,69161,229,0.0,9171,410,68751
10,69171,229,0.0,9172,410,68761
6,69177,229,0.0,9173,410,68767
4,69181,229,0.0,9174,410,68771
3,69184,229,0.0,9175,410,68774
17,69201,229,0.0,9176,410,68791
2,69203,229,0.0,9177,410,68793
12,69215,229,0.0,9178,410,68805
8,69223,229,0.0,9179,410,68813
2,69225,229,0.0,9180,410,68815
2,69227,229,0.0,9181,410,68817
3,69230,229,0.0,9182,410,68820
8,69238,229,0.0,9183,410,68828
12,69250,229,0.0,9184,410,68840
4,69254,229,0.0,9185,410,68844
21,69275,229,0.0,9186,410,68865
3,69278,229,0.0,9187,410,68868
4,69282,229,0.0,9188,410,68872
2,69284,229,0.0,9189,410,68874
20,69304,229,0.0,9190,410,68894
7,69311,229,0.0,9191,410,68901
9,69320,229,0.0,9192,410,68910
8,69328,229,0.0,9193,410,68918
2,69330,229,0.0,9194,410,68920
24,69354,229,0.0,9195,410,68944
3,69357,229,0.0,9196,410,68947
4,69361,229,0.0,9197,410,68951
4,69365,229,0.0,9198,410,68955
6,69371,229,0.0,9199,410,68961
12,69383,229,0.0,9200,410,68973
5,69388,229,0.0,9201,410,68978
4,69392,229,0.0,9202,410,68982
4,69396,229,0.0,9203,410,68986
17,69413,229,0.0,9204,410,69003
3,69416,229,0.0,9205,410,69006
13,69429,229,0.0,9206,410,69019
12,69441,229,0.0,9207,410,69031
3,69444,229,0.0,9208,410,69034
5,69449,229,0.0,9209,410,69039
6,69455,229,0.0,9210,410,69045
14,69469,230,1.0,9211,410,69059
8,69477,230,0.0,9212,410,69067
8,69485,230,0.0,9213,410,69075
2,69487,230,0.0,9214,410,69077
17,69504,230,0.0,9215,410,69094
5,69509,230,0.0,9216,410,69099
8,69517,230,0.0,9217,410,69107
11,69528,230,0.0,9218,410,69118
29,69557,231,1.0,9219,410,69147
13,69570,231,0.0,9220,410,69160
7,69577,231,0.0,9221,410,69167
14,69591,231,0.0,9222,410,69181
8,69599,231,0.0,9223,410,69189
10,69609,231,0.0,9224,410,69199
2,69611,231,0.0,9225,410,69201
11,69622,231,0.0,9226,410,69212
3,69625,231,0.0,9227,410,69215
6,69631,231,0.0,9228,410,69221
2,69633,231,0.0,9229,410,69223
10,69643,231,0.0,9230,410,69233
4,69647,231,0.0,9231,410,69237
10,69657,231,0.0,9232,410,69247
11,69668,231,0.0,9233,410,69258
19,69687,231,0.0,9234,410,69277
7,69694,231,0.0,9235,410,69284
8,69702,231,0.0,9236,410,69292
7,69709,231,0.0,9237,410,69299
10,69719,231,0.0,9238,410,69309
4,69723,231,0.0,9239,410,69313
8,69731,231,0.0,9240,410,69321
21,69752,231,0.0,9241,410,69342
14,69766,231,0.0,9242,410,69356
2,69768,231,0.0,9243,410,69358
27,69795,232,1.0,9244,410,69385
14,69809,232,0.0,9245,410,69399
8,69817,232,0.0,9246,410,69407
5,69822,232,0.0,9247,410,69412
5,69827,232,0.0,9248,410,69417
19,69846,232,0.0,9249,410,69436
13,69859,232,0.0,9250,410,69449
5,69864,232,0.0,9251,410,69454
17,69881,232,0.0,9252,410,69471
5,69886,232,0.0,9253,410,69476
17,69903,232,0.0,9254,410,69493
7,69910,232,0.0,9255,410,69500
6,69916,232,0.0,9256,410,69506
6,69922,232,0.0,9257,410,69512
10,69932,232,0.0,9258,410,69522
3,69935,232,0.0,9259,410,69525
17,69952,232,0.0,9260,410,69542
4,69956,232,0.0,9261,410,69546
4,69960,232,0.0,9262,410,69550
5,69965,232,0.0,9263,410,69555
7,69972,232,0.0,9264,410,69562
2,69974,232,0.0,9265,410,69564
8,69982,232,0.0,9266,410,69572
20,70002,232,0.0,9267,410,69592
7,70009,232,0.0,9268,410,69599
3,70012,232,0.0,9269,410,69602
11,70023,232,0.0,9270,410,69613
6,70029,232,0.0,9271,410,69619
4,70033,232,0.0,9272,410,69623
5,70038,232,0.0,9273,410,69628
23,70061,232,0.0,9274,410,69651
5,70066,232,0.0,9275,410,69656
7,70073,232,0.0,9276,410,69663
9,70082,232,0.0,9277,410,69672
7,70089,232,0.0,9278,410,69679
17,70106,232,0.0,9279,410,69696
12,70118,232,0.0,9280,410,69708
5,70123,232,0.0,9281,410,69713
13,70136,232,0.0,9282,410,69726
3,70139,232,0.0,9283,410,69729
4,70143,232,0.0,9284,410,69733
4,70147,232,0.0,9285,410,69737
5,70152,232,0.0,9286,410,69742
6,70158,232,0.0,9287,410,69748
2,70160,232,0.0,9288,410,69750
6,70166,232,0.0,9289,410,69756
6,70172,232,0.0,9290,410,69762
2,70174,232,0.0,9291,410,69764
11,70185,232,0.0,9292,410,69775
7,70192,232,0.0,9293,410,69782
11,70203,232,0.0,9294,410,69793
12,70215,232,0.0,9295,410,69805
3,70218,232,0.0,9296,410,69808
3,70221,232,0.0,9297,410,69811
12,70233,232,0.0,9298,410,69823
11,70244,232,0.0,9299,410,69834
6,70250,232,0.0,9300,410,69840
2,70252,232,0.0,9301,410,69842
15,70267,232,0.0,9302,410,69857
2,70269,232,0.0,9303,410,69859
3,70272,232,0.0,9304,410,69862
7,70279,232,0.0,9305,410,69869
6,70285,232,0.0,9306,410,69875
8,70293,232,0.0,9307,410,69883
5,70298,232,0.0,9308,410,69888
3,70301,232,0.0,9309,410,69891
7,70308,232,0.0,9310,410,69898
10,70318,232,0.0,9311,410,69908
8,70326,232,0.0,9312,410,69916
10,70336,232,0.0,9313,410,69926
8,70344,232,0.0,9314,410,69934
25,70369,232,0.0,9315,410,69959
3,70372,232,0.0,9316,410,69962
10,70382,232,0.0,9317,410,69972
26,70408,232,0.0,9318,410,69998
8,70416,232,0.0,9319,410,70006
4,70420,232,0.0,9320,410,70010
9,70429,232,0.0,9321,410,70019
13,70442,232,0.0,9322,410,70032
5,70447,232,0.0,9323,410,70037
6,70453,232,0.0,9324,410,70043
4,70457,232,0.0,9325,410,70047
11,70468,232,0.0,9326,410,70058
5,70473,232,0.0,9327,410,70063
10,70483,232,0.0,9328,410,70073
17,70500,232,0.0,9329,410,70090
5,70505,232,0.0,9330,410,70095
4,70509,232,0.0,9331,410,70099
3,70512,232,0.0,9332,410,70102
8,70520,232,0.0,9333,410,70110
6,70526,232,0.0,9334,410,70116
5,70531,232,0.0,9335,410,70121
6,70537,232,0.0,9336,410,70127
2,70539,232,0.0,9337,410,70129
4,70543,232,0.0,9338,410,70133
5,70548,232,0.0,9339,410,70138
12,70560,232,0.0,9340,410,70150
2,70562,232,0.0,9341,410,70152
2,70564,232,0.0,9342,410,70154
8,70572,232,0.0,9343,410,70162
2,70574,232,0.0,9344,410,70164
4,70578,232,0.0,9345,410,70168
5,70583,232,0.0,9346,410,70173
3,70586,232,0.0,9347,410,70176
4,70590,232,0.0,9348,410,70180
4,70594,232,0.0,9349,410,70184
6,70600,232,0.0,9350,410,70190
2,70602,232,0.0,9351,410,70192
7,70609,232,0.0,9352,410,70199
2,70611,232,0.0,9353,410,70201
13,70624,232,0.0,9354,410,70214
9,70633,232,0.0,9355,410,70223
3,70636,232,0.0,9356,410,70226
6,70642,232,0.0,9357,410,70232
6,70648,232,0.0,9358,410,70238
5,70653,232,0.0,9359,410,70243
6,70659,232,0.0,9360,410,70249
5,70664,232,0.0,9361,410,70254
8,70672,232,0.0,9362,410,70262
4,70676,232,0.0,9363,410,70266
3,70679,232,0.0,9364,410,70269
10,70689,232,0.0,9365,410,70279
11,70700,232,0.0,9366,410,70290
7,70707,232,0.0,9367,410,70297
14,70721,232,0.0,9368,410,70311
5,70726,232,0.0,9369,410,70316
13,70739,232,0.0,9370,410,70329
7,70746,232,0.0,9371,410,70336
3,70749,232,0.0,9372,410,70339
22,70771,232,0.0,9373,410,70361
20,70791,232,0.0,9374,410,70381
15,70806,232,0.0,9375,410,70396
6,70812,232,0.0,9376,410,70402
6,70818,232,0.0,9377,410,70408
8,70826,232,0.0,9378,410,70416
2,70828,232,0.0,9379,410,70418
7,70835,232,0.0,9380,410,70425
3,70838,232,0.0,9381,410,70428
13,70851,232,0.0,9382,410,70441
11,70862,232,0.0,9383,410,70452
16,70878,232,0.0,9384,410,70468
13,70891,232,0.0,9385,410,70481
8,70899,232,0.0,9386,410,70489
12,70911,232,0.0,9387,410,70501
4,70915,232,0.0,9388,410,70505
11,70926,232,0.0,9389,410,70516
25,70951,232,0.0,9390,410,70541
2,70953,232,0.0,9391,410,70543
7,70960,232,0.0,9392,410,70550
6,70966,232,0.0,9393,410,70556
3,70969,232,0.0,9394,410,70559
5,70974,232,0.0,9395,410,70564
7,70981,232,0.0,9396,410,70571
23,71004,232,0.0,9397,410,70594
8,71012,232,0.0,9398,410,70602
3,71015,232,0.0,9399,410,70605
3,71018,232,0.0,9400,410,70608
6,71024,232,0.0,9401,410,70614
4,71028,232,0.0,9402,410,70618
6,71034,232,0.0,9403,410,70624
5,71039,232,0.0,9404,410,70629
3,71042,232,0.0,9405,410,70632
8,71050,232,0.0,9406,410,70640
2,71052,232,0.0,9407,410,70642
3,71055,232,0.0,9408,410,70645
3,71058,232,0.0,9409,410,70648
3,71061,232,0.0,9410,410,70651
3,71064,232,0.0,9411,410,70654
5,71069,232,0.0,9412,410,70659
5,71074,232,0.0,9413,410,70664
2,71076,232,0.0,9414,410,70666
8,71084,232,0.0,9415,410,70674
9,71093,232,0.0,9416,410,70683
6,71099,232,0.0,9417,410,70689
14,71113,232,0.0,9418,410,70703
17,71130,232,0.0,9419,410,70720
20,71150,232,0.0,9420,410,70740
6,71156,232,0.0,9421,410,70746
5,71161,232,0.0,9422,410,70751
3,71164,232,0.0,9423,410,70754
11,71175,232,0.0,9424,410,70765
2,71177,232,0.0,9425,410,70767
4,71181,232,0.0,9426,410,70771
3,71184,232,0.0,9427,410,70774
4,71188,232,0.0,9428,410,70778
21,71209,232,0.0,9429,410,70799
7,71216,232,0.0,9430,410,70806
8,71224,232,0.0,9431,410,70814
7,71231,232,0.0,9432,410,70821
18,71249,232,0.0,9433,410,70839
3,71252,232,0.0,9434,410,70842
6,71258,232,0.0,9435,410,70848
2,71260,232,0.0,9436,410,70850
9,71269,232,0.0,9437,410,70859
19,71288,232,0.0,9438,410,70878
6,71294,232,0.0,9439,410,70884
23,71317,232,0.0,9440,410,70907
3,71320,232,0.0,9441,410,70910
7,71327,232,0.0,9442,410,70917
11,71338,232,0.0,9443,410,70928
9,71347,232,0.0,9444,410,70937
7,71354,232,0.0,9445,410,70944
8,71362,232,0.0,9446,410,70952
2,71364,232,0.0,9447,410,70954
13,71377,232,0.0,9448,410,70967
4,71381,232,0.0,9449,410,70971
3,71384,232,0.0,9450,410,70974
3,71387,232,0.0,9451,410,70977
9,71396,232,0.0,9452,410,70986
18,71414,233,1.0,9453,410,71004
20,71434,233,0.0,9454,410,71024
6,71440,233,0.0,9455,410,71030
2,71442,233,0.0,9456,410,71032
16,71458,233,0.0,9457,410,71048
5,71463,233,0.0,9458,410,71053
14,71477,233,0.0,9459,410,71067
10,71487,233,0.0,9460,410,71077
5,71492,233,0.0,9461,410,71082
6,71498,233,0.0,9462,410,71088
3,71501,233,0.0,9463,410,71091
10,71511,233,0.0,9464,410,71101
6,71517,233,0.0,9465,410,71107
6,71523,233,0.0,9466,410,71113
23,71546,233,0.0,9467,410,71136
5,71551,233,0.0,9468,410,71141
12,71563,233,0.0,9469,410,71153
9,71572,233,0.0,9470,410,71162
2,71574,233,0.0,9471,410,71164
6,71580,233,0.0,9472,410,71170
2,71582,233,0.0,9473,410,71172
5,71587,233,0.0,9474,410,71177
3,71590,233,0.0,9475,410,71180
2,71592,233,0.0,9476,410,71182
5,71597,233,0.0,9477,410,71187
12,71609,233,0.0,9478,410,71199
6,71615,233,0.0,9479,410,71205
18,71633,233,0.0,9480,410,71223
7,71640,233,0.0,9481,410,71230
16,71656,233,0.0,9482,410,71246
4,71660,233,0.0,9483,410,71250
6,71666,233,0.0,9484,410,71256
6,71672,233,0.0,9485,410,71262
14,71686,233,0.0,9486,410,71276
8,71694,233,0.0,9487,410,71284
2,71696,233,0.0,9488,410,71286
2,71698,233,0.0,9489,410,71288
7,71705,233,0.0,9490,410,71295
3,71708,233,0.0,9491,410,71298
3,71711,233,0.0,9492,410,71301
10,71721,233,0.0,9493,410,71311
8,71729,233,0.0,9494,410,71319
4,71733,233,0.0,9495,410,71323
9,71742,233,0.0,9496,410,71332
5,71747,233,0.0,9497,410,71337
2,71749,233,0.0,9498,410,71339
5,71754,233,0.0,9499,410,71344
4,71758,233,0.0,9500,410,71348
6,71764,233,0.0,9501,410,71354
3,71767,233,0.0,9502,410,71357
5,71772,233,0.0,9503,410,71362
2,71774,233,0.0,9504,410,71364
14,71788,233,0.0,9505,410,71378
10,71798,233,0.0,9506,410,71388
15,71813,234,1.0,9507,410,71403
18,71831,234,0.0,9508,410,71421
6,71837,234,0.0,9509,410,71427
21,71858,234,0.0,9510,410,71448
4,71862,234,0.0,9511,410,71452
16,71878,234,0.0,9512,410,71468
2,71880,234,0.0,9513,410,71470
5,71885,234,0.0,9514,410,71475
5,71890,234,0.0,9515,410,71480
12,71902,234,0.0,9516,410,71492
5,71907,234,0.0,9517,410,71497
2,71909,234,0.0,9518,410,71499
4,71913,234,0.0,9519,410,71503
5,71918,234,0.0,9520,410,71508
14,71932,234,0.0,9521,410,71522
4,71936,234,0.0,9522,410,71526
2,71938,234,0.0,9523,410,71528
6,71944,234,0.0,9524,410,71534
2,71946,234,0.0,9525,410,71536
12,71958,234,0.0,9526,410,71548
7,71965,234,0.0,9527,410,71555
5,71970,234,0.0,9528,410,71560
8,71978,234,0.0,9529,410,71568
5,71983,234,0.0,9530,410,71573
10,71993,234,0.0,9531,410,71583
7,72000,234,0.0,9532,410,71590
2,72002,234,0.0,9533,410,71592
9,72011,234,0.0,9534,410,71601
2,72013,234,0.0,9535,410,71603
5,72018,234,0.0,9536,410,71608
4,72022,234,0.0,9537,410,71612
2,72024,234,0.0,9538,410,71614
7,72031,234,0.0,9539,410,71621
11,72042,234,0.0,9540,410,71632
4,72046,234,0.0,9541,410,71636
7,72053,234,0.0,9542,410,71643
9,72062,234,0.0,9543,410,71652
15,72077,234,0.0,9544,410,71667
2,72079,234,0.0,9545,410,71669
5,72084,234,0.0,9546,410,71674
9,72093,234,0.0,9547,410,71683
5,72098,234,0.0,9548,410,71688
3,72101,234,0.0,9549,410,71691
9,72110,234,0.0,9550,410,71700
2,72112,234,0.0,9551,410,71702
5,72117,234,0.0,9552,410,71707
9,72126,234,0.0,9553,410,71716
4,72130,234,0.0,9554,410,71720
9,72139,234,0.0,9555,410,71729
5,72144,234,0.0,9556,410,71734
10,72154,234,0.0,9557,410,71744
8,72162,234,0.0,9558,410,71752
6,72168,234,0.0,9559,410,71758
17,72185,234,0.0,9560,410,71775
11,72196,234,0.0,9561,410,71786
2,72198,234,0.0,9562,410,71788
19,72217,234,0.0,9563,410,71807
7,72224,234,0.0,9564,410,71814
7,72231,234,0.0,9565,410,71821
2,72233,234,0.0,9566,410,71823
7,72240,234,0.0,9567,410,71830
5,72245,234,0.0,9568,410,71835
3,72248,234,0.0,9569,410,71838
7,72255,234,0.0,9570,410,71845
5,72260,234,0.0,9571,410,71850
12,72272,234,0.0,9572,410,71862
3,72275,234,0.0,9573,410,71865
5,72280,234,0.0,9574,410,71870
13,72293,234,0.0,9575,410,71883
2,72295,234,0.0,9576,410,71885
10,72305,234,0.0,9577,410,71895
17,72322,234,0.0,9578,410,71912
2,72324,234,0.0,9579,410,71914
2,72326,234,0.0,9580,410,71916
6,72332,234,0.0,9581,410,71922
5,72337,234,0.0,9582,410,71927
3,72340,234,0.0,9583,410,71930
2,72342,234,0.0,9584,410,71932
27,72369,234,0.0,9585,410,71959
23,72392,234,0.0,9586,410,71982
13,72405,234,0.0,9587,410,71995
3,72408,234,0.0,9588,410,71998
11,72419,234,0.0,9589,410,72009
6,72425,234,0.0,9590,410,72015
17,72442,234,0.0,9591,410,72032
8,72450,234,0.0,9592,410,72040
2,72452,234,0.0,9593,410,72042
10,72462,234,0.0,9594,410,72052
2,72464,234,0.0,9595,410,72054
12,72476,234,0.0,9596,410,72066
4,72480,234,0.0,9597,410,72070
6,72486,234,0.0,9598,410,72076
3,72489,234,0.0,9599,410,72079
4,72493,234,0.0,9600,410,72083
12,72505,234,0.0,9601,410,72095
11,72516,234,0.0,9602,410,72106
18,72534,234,0.0,9603,410,72124
5,72539,234,0.0,9604,410,72129
21,72560,234,0.0,9605,410,72150
4,72564,234,0.0,9606,410,72154
4,72568,234,0.0,9607,410,72158
2,72570,234,0.0,9608,410,72160
2,72572,234,0.0,9609,410,72162
2,72574,234,0.0,9610,410,72164
7,72581,234,0.0,9611,410,72171
3,72584,234,0.0,9612,410,72174
20,72604,234,0.0,9613,410,72194
5,72609,234,0.0,9614,410,72199
5,72614,234,0.0,9615,410,72204
2,72616,234,0.0,9616,410,72206
4,72620,234,0.0,9617,410,72210
2,72622,234,0.0,9618,410,72212
9,72631,234,0.0,9619,410,72221
26,72657,234,0.0,9620,410,72247
20,72677,234,0.0,9621,410,72267
5,72682,234,0.0,9622,410,72272
4,72686,234,0.0,9623,410,72276
2,72688,234,0.0,9624,410,72278
5,72693,234,0.0,9625,410,72283
10,72703,234,0.0,9626,410,72293
4,72707,234,0.0,9627,410,72297
2,72709,234,0.0,9628,410,72299
12,72721,234,0.0,9629,410,72311
6,72727,234,0.0,9630,410,72317
2,72729,234,0.0,9631,410,72319
12,72741,234,0.0,9632,410,72331
3,72744,234,0.0,9633,410,72334
4,72748,234,0.0,9634,410,72338
4,72752,234,0.0,9635,410,72342
2,72754,234,0.0,9636,410,72344
13,72767,234,0.0,9637,410,72357
3,72770,234,0.0,9638,410,72360
3,72773,234,0.0,9639,410,72363
3,72776,234,0.0,9640,410,72366
8,72784,234,0.0,9641,410,72374
14,72798,234,0.0,9642,410,72388
4,72802,234,0.0,9643,410,72392
5,72807,234,0.0,9644,410,72397
11,72818,234,0.0,9645,410,72408
12,72830,234,0.0,9646,410,72420
12,72842,234,0.0,9647,410,72432
5,72847,234,0.0,9648,410,72437
6,72853,234,0.0,9649,410,72443
3,72856,234,0.0,9650,410,72446
18,72874,234,0.0,9651,410,72464
18,72892,234,0.0,9652,410,72482
4,72896,234,0.0,9653,410,72486
27,72923,235,1.0,9654,410,72513
7,72930,235,0.0,9655,410,72520
15,72945,235,0.0,9656,410,72535
3,72948,235,0.0,9657,410,72538
3,72951,235,0.0,9658,410,72541
2,72953,235,0.0,9659,410,72543
11,72964,235,0.0,9660,410,72554
6,72970,235,0.0,9661,410,72560
11,72981,235,0.0,9662,410,72571
7,72988,235,0.0,9663,410,72578
2,72990,235,0.0,9664,410,72580
3,72993,235,0.0,9665,410,72583
6,72999,235,0.0,9666,410,72589
12,73011,235,0.0,9667,410,72601
9,73020,235,0.0,9668,410,72610
7,73027,235,0.0,9669,410,72617
5,73032,235,0.0,9670,410,72622
7,73039,235,0.0,9671,410,72629
6,73045,235,0.0,9672,410,72635
3,73048,235,0.0,9673,410,72638
2,73050,235,0.0,9674,410,72640
3,73053,235,0.0,9675,410,72643
15,73068,235,0.0,9676,410,72658
19,73087,235,0.0,9677,410,72677
14,73101,236,1.0,9678,410,72691
4,73105,236,0.0,9679,410,72695
4,73109,236,0.0,9680,410,72699
11,73120,236,0.0,9681,410,72710
5,73125,236,0.0,9682,410,72715
29,73154,236,0.0,9683,410,72744
11,73165,236,0.0,9684,410,72755
4,73169,236,0.0,9685,410,72759
3,73172,236,0.0,9686,410,72762
10,73182,236,0.0,9687,410,72772
6,73188,236,0.0,9688,410,72778
3,73191,236,0.0,9689,410,72781
11,73202,236,0.0,9690,410,72792
11,73213,236,0.0,9691,410,72803
13,73226,236,0.0,9692,410,72816
13,73239,236,0.0,9693,410,72829
7,73246,236,0.0,9694,410,72836
16,73262,236,0.0,9695,410,72852
2,73264,236,0.0,9696,410,72854
8,73272,236,0.0,9697,410,72862
2,73274,236,0.0,9698,410,72864
21,73295,236,0.0,9699,410,72885
10,73305,236,0.0,9700,410,72895
4,73309,236,0.0,9701,410,72899
5,73314,236,0.0,9702,410,72904
4,73318,236,0.0,9703,410,72908
5,73323,236,0.0,9704,410,72913
8,73331,236,0.0,9705,410,72921
3,73334,236,0.0,9706,410,72924
3,73337,236,0.0,9707,410,72927
11,73348,236,0.0,9708,410,72938
8,73356,236,0.0,9709,410,72946
14,73370,237,1.0,9710,410,72960
8,73378,237,0.0,9711,410,72968
3,73381,237,0.0,9712,410,72971
17,73398,237,0.0,9713,410,72988
4,73402,237,0.0,9714,410,72992
2,73404,237,0.0,9715,410,72994
2,73406,237,0.0,9716,410,72996
3,73409,237,0.0,9717,410,72999
2,73411,237,0.0,9718,410,73001
11,73422,237,0.0,9719,410,73012
6,73428,237,0.0,9720,410,73018
4,73432,237,0.0,9721,410,73022
17,73449,237,0.0,9722,410,73039
33,73482,237,0.0,9723,410,73072
7,73489,237,0.0,9724,410,73079
2,73491,237,0.0,9725,410,73081
7,73498,237,0.0,9726,410,73088
2,73500,237,0.0,9727,410,73090
7,73507,237,0.0,9728,410,73097
4,73511,237,0.0,9729,410,73101
10,73521,237,0.0,9730,410,73111
3,73524,237,0.0,9731,410,73114
10,73534,237,0.0,9732,410,73124
2,73536,237,0.0,9733,410,73126
7,73543,237,0.0,9734,410,73133
10,73553,237,0.0,9735,410,73143
2,73555,237,0.0,9736,410,73145
7,73562,237,0.0,9737,410,73152
8,73570,237,0.0,9738,410,73160
15,73585,237,0.0,9739,410,73175
6,73591,237,0.0,9740,410,73181
7,73598,237,0.0,9741,410,73188
2,73600,237,0.0,9742,410,73190
5,73605,237,0.0,9743,410,73195
6,73611,237,0.0,9744,410,73201
7,73618,237,0.0,9745,410,73208
11,73629,237,0.0,9746,410,73219
10,73639,237,0.0,9747,410,73229
5,73644,237,0.0,9748,410,73234
3,73647,237,0.0,9749,410,73237
10,73657,237,0.0,9750,410,73247
5,73662,237,0.0,9751,410,73252
6,73668,237,0.0,9752,410,73258
4,73672,237,0.0,9753,410,73262
7,73679,237,0.0,9754,410,73269
8,73687,237,0.0,9755,410,73277
2,73689,237,0.0,9756,410,73279
8,73697,237,0.0,9757,410,73287
8,73705,237,0.0,9758,410,73295
10,73715,237,0.0,9759,410,73305
5,73720,237,0.0,9760,410,73310
2,73722,237,0.0,9761,410,73312
3,73725,237,0.0,9762,410,73315
17,73742,237,0.0,9763,410,73332
15,73757,237,0.0,9764,410,73347
7,73764,237,0.0,9765,410,73354
15,73779,237,0.0,9766,410,73369
11,73790,237,0.0,9767,410,73380
4,73794,237,0.0,9768,410,73384
6,73800,237,0.0,9769,410,73390
6,73806,237,0.0,9770,410,73396
6,73812,237,0.0,9771,410,73402
12,73824,237,0.0,9772,410,73414
5,73829,237,0.0,9773,410,73419
14,73843,237,0.0,9774,410,73433
7,73850,237,0.0,9775,410,73440
8,73858,237,0.0,9776,410,73448
4,73862,237,0.0,9777,410,73452
12,73874,237,0.0,9778,410,73464
13,73887,237,0.0,9779,410,73477
7,73894,237,0.0,9780,410,73484
5,73899,237,0.0,9781,410,73489
11,73910,237,0.0,9782,410,73500
18,73928,237,0.0,9783,410,73518
8,73936,237,0.0,9784,410,73526
16,73952,237,0.0,9785,410,73542
7,73959,237,0.0,9786,410,73549
8,73967,237,0.0,9787,410,73557
7,73974,237,0.0,9788,410,73564
14,73988,237,0.0,9789,410,73578
2,73990,237,0.0,9790,410,73580
3,73993,237,0.0,9791,410,73583
3,73996,237,0.0,9792,410,73586
2,73998,237,0.0,9793,410,73588
2,74000,237,0.0,9794,410,73590
8,74008,237,0.0,9795,410,73598
7,74015,237,0.0,9796,410,73605
18,74033,237,0.0,9797,410,73623
9,74042,237,0.0,9798,410,73632
5,74047,237,0.0,9799,410,73637
3,74050,237,0.0,9800,410,73640
6,74056,237,0.0,9801,410,73646
9,74065,237,0.0,9802,410,73655
7,74072,237,0.0,9803,410,73662
6,74078,237,0.0,9804,410,73668
5,74083,237,0.0,9805,410,73673
6,74089,237,0.0,9806,410,73679
7,74096,237,0.0,9807,410,73686
8,74104,237,0.0,9808,410,73694
5,74109,237,0.0,9809,410,73699
4,74113,237,0.0,9810,410,73703
2,74115,237,0.0,9811,410,73705
15,74130,237,0.0,9812,410,73720
6,74136,237,0.0,9813,410,73726
6,74142,237,0.0,9814,410,73732
8,74150,237,0.0,9815,410,73740
4,74154,237,0.0,9816,410,73744
2,74156,237,0.0,9817,410,73746
3,74159,237,0.0,9818,410,73749
3,74162,237,0.0,9819,410,73752
7,74169,237,0.0,9820,410,73759
4,74173,237,0.0,9821,410,73763
16,74189,237,0.0,9822,410,73779
2,74191,237,0.0,9823,410,73781
12,74203,237,0.0,9824,410,73793
12,74215,237,0.0,9825,410,73805
10,74225,237,0.0,9826,410,73815
29,74254,237,0.0,9827,410,73844
5,74259,237,0.0,9828,410,73849
14,74273,237,0.0,9829,410,73863
3,74276,237,0.0,9830,410,73866
7,74283,237,0.0,9831,410,73873
3,74286,237,0.0,9832,410,73876
10,74296,237,0.0,9833,410,73886
2,74298,237,0.0,9834,410,73888
4,74302,237,0.0,9835,410,73892
7,74309,237,0.0,9836,410,73899
5,74314,237,0.0,9837,410,73904
15,74329,237,0.0,9838,410,73919
6,74335,237,0.0,9839,410,73925
2,74337,237,0.0,9840,410,73927
3,74340,237,0.0,9841,410,73930
4,74344,237,0.0,9842,410,73934
15,74359,237,0.0,9843,410,73949
8,74367,237,0.0,9844,410,73957
4,74371,237,0.0,9845,410,73961
5,74376,237,0.0,9846,410,73966
6,74382,237,0.0,9847,410,73972
2,74384,237,0.0,9848,410,73974
13,74397,237,0.0,9849,410,73987
12,74409,237,0.0,9850,410,73999
8,74417,237,0.0,9851,410,74007
6,74423,237,0.0,9852,410,74013
6,74429,237,0.0,9853,410,74019
3,74432,237,0.0,9854,410,74022
6,74438,237,0.0,9855,410,74028
5,74443,237,0.0,9856,410,74033
17,74460,237,0.0,9857,410,74050
9,74469,237,0.0,9858,410,74059
2,74471,237,0.0,9859,410,74061
7,74478,237,0.0,9860,410,74068
2,74480,237,0.0,9861,410,74070
4,74484,237,0.0,9862,410,74074
7,74491,237,0.0,9863,410,74081
6,74497,237,0.0,9864,410,74087
12,74509,237,0.0,9865,410,74099
9,74518,237,0.0,9866,410,74108
5,74523,237,0.0,9867,410,74113
5,74528,237,0.0,9868,410,74118
14,74542,238,1.0,9869,410,74132
9,74551,238,0.0,9870,410,74141
11,74562,238,0.0,9871,410,74152
7,74569,238,0.0,9872,410,74159
5,74574,238,0.0,9873,410,74164
7,74581,238,0.0,9874,410,74171
16,74597,238,0.0,9875,410,74187
4,74601,238,0.0,9876,410,74191
5,74606,238,0.0,9877,410,74196
7,74613,238,0.0,9878,410,74203
4,74617,238,0.0,9879,410,74207
2,74619,238,0.0,9880,410,74209
5,74624,238,0.0,9881,410,74214
5,74629,238,0.0,9882,410,74219
12,74641,238,0.0,9883,410,74231
10,74651,238,0.0,9884,410,74241
2,74653,238,0.0,9885,410,74243
3,74656,238,0.0,9886,410,74246
4,74660,238,0.0,9887,410,74250
5,74665,238,0.0,9888,410,74255
2,74667,238,0.0,9889,410,74257
2,74669,238,0.0,9890,410,74259
7,74676,238,0.0,9891,410,74266
3,74679,238,0.0,9892,410,74269
4,74683,238,0.0,9893,410,74273
7,74690,238,0.0,9894,410,74280
7,74697,238,0.0,9895,410,74287
6,74703,238,0.0,9896,410,74293
25,74728,238,0.0,9897,410,74318
7,74735,238,0.0,9898,410,74325
25,74760,238,0.0,9899,410,74350
2,74762,238,0.0,9900,410,74352
15,74777,238,0.0,9901,410,74367
5,74782,238,0.0,9902,410,74372
2,74784,238,0.0,9903,410,74374
7,74791,238,0.0,9904,410,74381
2,74793,238,0.0,9905,410,74383
5,74798,238,0.0,9906,410,74388
13,74811,238,0.0,9907,410,74401
5,74816,238,0.0,9908,410,74406
2,74818,238,0.0,9909,410,74408
20,74838,238,0.0,9910,410,74428
3,74841,238,0.0,9911,410,74431
4,74845,238,0.0,9912,410,74435
10,74855,238,0.0,9913,410,74445
2,74857,238,0.0,9914,410,74447
4,74861,238,0.0,9915,410,74451
8,74869,238,0.0,9916,410,74459
2,74871,238,0.0,9917,410,74461
7,74878,238,0.0,9918,410,74468
10,74888,238,0.0,9919,410,74478
2,74890,238,0.0,9920,410,74480
2,74892,238,0.0,9921,410,74482
10,74902,238,0.0,9922,410,74492
7,74909,238,0.0,9923,410,74499
2,74911,238,0.0,9924,410,74501
11,74922,238,0.0,9925,410,74512
4,74926,238,0.0,9926,410,74516
3,74929,238,0.0,9927,410,74519
16,74945,238,0.0,9928,410,74535
12,74957,238,0.0,9929,410,74547
16,74973,238,0.0,9930,410,74563
17,74990,238,0.0,9931,410,74580
4,74994,238,0.0,9932,410,74584
5,74999,238,0.0,9933,410,74589
10,75009,238,0.0,9934,410,74599
5,75014,238,0.0,9935,410,74604
6,75020,238,0.0,9936,410,74610
2,75022,238,0.0,9937,410,74612
17,75039,238,0.0,9938,410,74629
8,75047,238,0.0,9939,410,74637
5,75052,238,0.0,9940,410,74642
7,75059,238,0.0,9941,410,74649
2,75061,238,0.0,9942,410,74651
37,75098,238,0.0,9943,410,74688
7,75105,238,0.0,9944,410,74695
8,75113,238,0.0,9945,410,74703
3,75116,238,0.0,9946,410,74706
14,75130,238,0.0,9947,410,74720
24,75154,238,0.0,9948,410,74744
9,75163,238,0.0,9949,410,74753
3,75166,238,0.0,9950,410,74756
19,75185,238,0.0,9951,410,74775
3,75188,238,0.0,9952,410,74778
3,75191,238,0.0,9953,410,74781
7,75198,238,0.0,9954,410,74788
2,75200,238,0.0,9955,410,74790
14,75214,238,0.0,9956,410,74804
7,75221,238,0.0,9957,410,74811
15,75236,238,0.0,9958,410,74826
4,75240,238,0.0,9959,410,74830
3,75243,238,0.0,9960,410,74833
5,75248,238,0.0,9961,410,74838
11,75259,238,0.0,9962,410,74849
22,75281,238,0.0,9963,410,74871
8,75289,238,0.0,9964,410,74879
5,75294,238,0.0,9965,410,74884
10,75304,238,0.0,9966,410,74894
5,75309,238,0.0,9967,410,74899
9,75318,238,0.0,9968,410,74908
4,75322,238,0.0,9969,410,74912
2,75324,238,0.0,9970,410,74914
2,75326,238,0.0,9971,410,74916
8,75334,238,0.0,9972,410,74924
5,75339,238,0.0,9973,410,74929
10,75349,238,0.0,9974,410,74939
10,75359,238,0.0,9975,410,74949
3,75362,238,0.0,9976,410,74952
2,75364,238,0.0,9977,410,74954
8,75372,238,0.0,9978,410,74962
5,75377,238,0.0,9979,410,74967
9,75386,238,0.0,9980,410,74976
6,75392,238,0.0,9981,410,74982
2,75394,238,0.0,9982,410,74984
21,75415,238,0.0,9983,410,75005
17,75432,238,0.0,9984,410,75022
6,75438,238,0.0,9985,410,75028
4,75442,238,0.0,9986,410,75032
12,75454,238,0.0,9987,410,75044
4,75458,238,0.0,9988,410,75048
7,75465,238,0.0,9989,410,75055
2,75467,238,0.0,9990,410,75057
19,75486,238,0.0,9991,410,75076
3,75489,238,0.0,9992,410,75079
12,75501,238,0.0,9993,410,75091
8,75509,238,0.0,9994,410,75099
3,75512,238,0.0,9995,410,75102
8,75520,238,0.0,9996,410,75110
13,75533,238,0.0,9997,410,75123
5,75538,238,0.0,9998,410,75128
9,75547,238,0.0,9999,410,75137
6,75553,238,0.0,10000,410,75143
10,75563,238,0.0,10001,410,75153
4,75567,238,0.0,10002,410,75157
4,75571,238,0.0,10003,410,75161
6,75577,238,0.0,10004,410,75167
6,75583,238,0.0,10005,410,75173
14,75597,238,0.0,10006,410,75187
13,75610,238,0.0,10007,410,75200
2,75612,238,0.0,10008,410,75202
10,75622,238,0.0,10009,410,75212
20,75642,238,0.0,10010,410,75232
6,75648,238,0.0,10011,410,75238
4,75652,238,0.0,10012,410,75242
6,75658,238,0.0,10013,410,75248
8,75666,238,0.0,10014,410,75256
6,75672,238,0.0,10015,410,75262
9,75681,238,0.0,10016,410,75271
9,75690,238,0.0,10017,410,75280
4,75694,238,0.0,10018,410,75284
2,75696,238,0.0,10019,410,75286
7,75703,238,0.0,10020,410,75293
4,75707,238,0.0,10021,410,75297
6,75713,238,0.0,10022,410,75303
5,75718,238,0.0,10023,410,75308
8,75726,238,0.0,10024,410,75316
2,75728,238,0.0,10025,410,75318
11,75739,238,0.0,10026,410,75329
8,75747,238,0.0,10027,410,75337
9,75756,238,0.0,10028,410,75346
4,75760,238,0.0,10029,410,75350
6,75766,238,0.0,10030,410,75356
2,75768,238,0.0,10031,410,75358
6,75774,238,0.0,10032,410,75364
10,75784,238,0.0,10033,410,75374
8,75792,238,0.0,10034,410,75382
7,75799,238,0.0,10035,410,75389
5,75804,238,0.0,10036,410,75394
2,75806,238,0.0,10037,410,75396
6,75812,238,0.0,10038,410,75402
9,75821,238,0.0,10039,410,75411
7,75828,238,0.0,10040,410,75418
4,75832,238,0.0,10041,410,75422
3,75835,238,0.0,10042,410,75425
6,75841,238,0.0,10043,410,75431
2,75843,238,0.0,10044,410,75433
2,75845,238,0.0,10045,410,75435
6,75851,238,0.0,10046,410,75441
8,75859,238,0.0,10047,410,75449
2,75861,238,0.0,10048,410,75451
5,75866,238,0.0,10049,410,75456
8,75874,238,0.0,10050,410,75464
11,75885,238,0.0,10051,410,75475
2,75887,238,0.0,10052,410,75477
8,75895,238,0.0,10053,410,75485
10,75905,238,0.0,10054,410,75495
2,75907,238,0.0,10055,410,75497
2,75909,238,0.0,10056,410,75499
18,75927,238,0.0,10057,410,75517
8,75935,238,0.0,10058,410,75525
8,75943,238,0.0,10059,410,75533
10,75953,238,0.0,10060,410,75543
12,75965,238,0.0,10061,410,75555
9,75974,238,0.0,10062,410,75564
7,75981,238,0.0,10063,410,75571
3,75984,238,0.0,10064,410,75574
2,75986,238,0.0,10065,410,75576
6,75992,238,0.0,10066,410,75582
21,76013,238,0.0,10067,410,75603
3,76016,238,0.0,10068,410,75606
2,76018,238,0.0,10069,410,75608
4,76022,238,0.0,10070,410,75612
3,76025,238,0.0,10071,410,75615
2,76027,238,0.0,10072,410,75617
7,76034,238,0.0,10073,410,75624
5,76039,238,0.0,10074,410,75629
7,76046,238,0.0,10075,410,75636
9,76055,238,0.0,10076,410,75645
5,76060,238,0.0,10077,410,75650
4,76064,238,0.0,10078,410,75654
8,76072,238,0.0,10079,410,75662
3,76075,238,0.0,10080,410,75665
10,76085,238,0.0,10081,410,75675
6,76091,238,0.0,10082,410,75681
6,76097,238,0.0,10083,410,75687
2,76099,238,0.0,10084,410,75689
7,76106,238,0.0,10085,410,75696
6,76112,238,0.0,10086,410,75702
17,76129,238,0.0,10087,410,75719
13,76142,238,0.0,10088,410,75732
8,76150,238,0.0,10089,410,75740
8,76158,238,0.0,10090,410,75748
21,76179,238,0.0,10091,410,75769
4,76183,238,0.0,10092,410,75773
8,76191,238,0.0,10093,410,75781
2,76193,238,0.0,10094,410,75783
4,76197,238,0.0,10095,410,75787
11,76208,238,0.0,10096,410,75798
2,76210,238,0.0,10097,410,75800
21,76231,238,0.0,10098,410,75821
5,76236,238,0.0,10099,410,75826
7,76243,238,0.0,10100,410,75833
6,76249,238,0.0,10101,410,75839
3,76252,238,0.0,10102,410,75842
7,76259,238,0.0,10103,410,75849
5,76264,238,0.0,10104,410,75854
2,76266,238,0.0,10105,410,75856
8,76274,238,0.0,10106,410,75864
9,76283,238,0.0,10107,410,75873
3,76286,238,0.0,10108,410,75876
3,76289,238,0.0,10109,410,75879
2,76291,238,0.0,10110,410,75881
12,76303,238,0.0,10111,410,75893
5,76308,238,0.0,10112,410,75898
8,76316,238,0.0,10113,410,75906
8,76324,238,0.0,10114,410,75914
3,76327,238,0.0,10115,410,75917
27,76354,238,0.0,10116,410,75944
6,76360,238,0.0,10117,410,75950
15,76375,238,0.0,10118,410,75965
3,76378,238,0.0,10119,410,75968
5,76383,238,0.0,10120,410,75973
3,76386,238,0.0,10121,410,75976
6,76392,238,0.0,10122,410,75982
4,76396,238,0.0,10123,410,75986
2,76398,238,0.0,10124,410,75988
5,76403,238,0.0,10125,410,75993
7,76410,238,0.0,10126,410,76000
8,76418,238,0.0,10127,410,76008
2,76420,238,0.0,10128,410,76010
9,76429,238,0.0,10129,410,76019
9,76438,238,0.0,10130,410,76028
2,76440,238,0.0,10131,410,76030
2,76442,238,0.0,10132,410,76032
4,76446,238,0.0,10133,410,76036
15,76461,238,0.0,10134,410,76051
6,76467,238,0.0,10135,410,76057
5,76472,238,0.0,10136,410,76062
7,76479,238,0.0,10137,410,76069
14,76493,238,0.0,10138,410,76083
2,76495,238,0.0,10139,410,76085
2,76497,238,0.0,10140,410,76087
10,76507,238,0.0,10141,410,76097
3,76510,238,0.0,10142,410,76100
6,76516,238,0.0,10143,410,76106
9,76525,238,0.0,10144,410,76115
14,76539,239,1.0,10145,410,76129
7,76546,239,0.0,10146,410,76136
7,76553,239,0.0,10147,410,76143
3,76556,239,0.0,10148,410,76146
17,76573,239,0.0,10149,410,76163
18,76591,239,0.0,10150,410,76181
3,76594,239,0.0,10151,410,76184
2,76596,239,0.0,10152,410,76186
3,76599,239,0.0,10153,410,76189
10,76609,239,0.0,10154,410,76199
8,76617,239,0.0,10155,410,76207
7,76624,239,0.0,10156,410,76214
7,76631,239,0.0,10157,410,76221
12,76643,239,0.0,10158,410,76233
4,76647,239,0.0,10159,410,76237
5,76652,239,0.0,10160,410,76242
10,76662,239,0.0,10161,410,76252
9,76671,239,0.0,10162,410,76261
4,76675,239,0.0,10163,410,76265
4,76679,239,0.0,10164,410,76269
6,76685,239,0.0,10165,410,76275
6,76691,239,0.0,10166,410,76281
5,76696,239,0.0,10167,410,76286
17,76713,239,0.0,10168,410,76303
7,76720,239,0.0,10169,410,76310
11,76731,239,0.0,10170,410,76321
7,76738,239,0.0,10171,410,76328
4,76742,239,0.0,10172,410,76332
17,76759,239,0.0,10173,410,76349
13,76772,239,0.0,10174,410,76362
7,76779,239,0.0,10175,410,76369
12,76791,239,0.0,10176,410,76381
13,76804,239,0.0,10177,410,76394
11,76815,239,0.0,10178,410,76405
8,76823,240,1.0,10179,410,76413
6,76829,240,0.0,10180,410,76419
9,76838,240,0.0,10181,410,76428
2,76840,240,0.0,10182,410,76430
17,76857,240,0.0,10183,410,76447
10,76867,240,0.0,10184,410,76457
2,76869,240,0.0,10185,410,76459
6,76875,240,0.0,10186,410,76465
10,76885,240,0.0,10187,410,76475
2,76887,240,0.0,10188,410,76477
2,76889,240,0.0,10189,410,76479
2,76891,240,0.0,10190,410,76481
12,76903,240,0.0,10191,410,76493
14,76917,240,0.0,10192,410,76507
10,76927,240,0.0,10193,410,76517
3,76930,240,0.0,10194,410,76520
9,76939,240,0.0,10195,410,76529
6,76945,240,0.0,10196,410,76535
3,76948,240,0.0,10197,410,76538
10,76958,240,0.0,10198,410,76548
3,76961,240,0.0,10199,410,76551
4,76965,240,0.0,10200,410,76555
6,76971,240,0.0,10201,410,76561
14,76985,240,0.0,10202,410,76575
3,76988,240,0.0,10203,410,76578
3,76991,240,0.0,10204,410,76581
7,76998,240,0.0,10205,410,76588
11,77009,240,0.0,10206,410,76599
3,77012,240,0.0,10207,410,76602
12,77024,240,0.0,10208,410,76614
4,77028,240,0.0,10209,410,76618
5,77033,240,0.0,10210,410,76623
7,77040,240,0.0,10211,410,76630
8,77048,240,0.0,10212,410,76638
8,77056,240,0.0,10213,410,76646
7,77063,240,0.0,10214,410,76653
10,77073,240,0.0,10215,410,76663
9,77082,240,0.0,10216,410,76672
4,77086,240,0.0,10217,410,76676
7,77093,240,0.0,10218,410,76683
23,77116,240,0.0,10219,410,76706
4,77120,240,0.0,10220,410,76710
12,77132,240,0.0,10221,410,76722
22,77154,240,0.0,10222,410,76744
7,77161,240,0.0,10223,410,76751
27,77188,241,1.0,10224,410,76778
2,77190,241,0.0,10225,410,76780
6,77196,241,0.0,10226,410,76786
3,77199,241,0.0,10227,410,76789
4,77203,241,0.0,10228,410,76793
13,77216,241,0.0,10229,410,76806
2,77218,241,0.0,10230,410,76808
3,77221,241,0.0,10231,410,76811
11,77232,241,0.0,10232,410,76822
21,77253,241,0.0,10233,410,76843
2,77255,241,0.0,10234,410,76845
7,77262,241,0.0,10235,410,76852
8,77270,241,0.0,10236,410,76860
8,77278,241,0.0,10237,410,76868
8,77286,241,0.0,10238,410,76876
32,77318,241,0.0,10239,410,76908
3,77321,241,0.0,10240,410,76911
3,77324,241,0.0,10241,410,76914
3,77327,241,0.0,10242,410,76917
8,77335,241,0.0,10243,410,76925
6,77341,241,0.0,10244,410,76931
11,77352,241,0.0,10245,410,76942
10,77362,241,0.0,10246,410,76952
15,77377,241,0.0,10247,410,76967
3,77380,241,0.0,10248,410,76970
3,77383,241,0.0,10249,410,76973
11,77394,241,0.0,10250,410,76984
3,77397,241,0.0,10251,410,76987
9,77406,241,0.0,10252,410,76996
21,77427,241,0.0,10253,410,77017
3,77430,241,0.0,10254,410,77020
19,77449,241,0.0,10255,410,77039
9,77458,241,0.0,10256,410,77048
2,77460,241,0.0,10257,410,77050
2,77462,241,0.0,10258,410,77052
6,77468,241,0.0,10259,410,77058
8,77476,241,0.0,10260,410,77066
3,77479,241,0.0,10261,410,77069
3,77482,241,0.0,10262,410,77072
8,77490,242,1.0,10263,410,77080
3,77493,242,0.0,10264,410,77083
6,77499,242,0.0,10265,410,77089
9,77508,242,0.0,10266,410,77098
3,77511,242,0.0,10267,410,77101
7,77518,242,0.0,10268,410,77108
2,77520,242,0.0,10269,410,77110
12,77532,242,0.0,10270,410,77122
3,77535,242,0.0,10271,410,77125
3,77538,242,0.0,10272,410,77128
3,77541,242,0.0,10273,410,77131
5,77546,242,0.0,10274,410,77136
4,77550,242,0.0,10275,410,77140
4,77554,242,0.0,10276,410,77144
16,77570,242,0.0,10277,410,77160
3,77573,242,0.0,10278,410,77163
14,77587,242,0.0,10279,410,77177
4,77591,242,0.0,10280,410,77181
3,77594,242,0.0,10281,410,77184
7,77601,242,0.0,10282,410,77191
5,77606,242,0.0,10283,410,77196
8,77614,242,0.0,10284,410,77204
16,77630,242,0.0,10285,410,77220
5,77635,242,0.0,10286,410,77225
6,77641,242,0.0,10287,410,77231
5,77646,242,0.0,10288,410,77236
21,77667,242,0.0,10289,410,77257
3,77670,242,0.0,10290,410,77260
2,77672,242,0.0,10291,410,77262
2,77674,242,0.0,10292,410,77264
21,77695,242,0.0,10293,410,77285
11,77706,242,0.0,10294,410,77296
3,77709,242,0.0,10295,410,77299
5,77714,242,0.0,10296,410,77304
7,77721,242,0.0,10297,410,77311
24,77745,242,0.0,10298,410,77335
2,77747,242,0.0,10299,410,77337
4,77751,242,0.0,10300,410,77341
18,77769,242,0.0,10301,410,77359
14,77783,242,0.0,10302,410,77373
2,77785,242,0.0,10303,410,77375
11,77796,242,0.0,10304,410,77386
2,77798,242,0.0,10305,410,77388
3,77801,242,0.0,10306,410,77391
29,77830,242,0.0,10307,410,77420
15,77845,242,0.0,10308,410,77435
15,77860,242,0.0,10309,410,77450
8,77868,242,0.0,10310,410,77458
9,77877,242,0.0,10311,410,77467
13,77890,242,0.0,10312,410,77480
2,77892,242,0.0,10313,410,77482
3,77895,242,0.0,10314,410,77485
5,77900,242,0.0,10315,410,77490
2,77902,242,0.0,10316,410,77492
31,77933,242,0.0,10317,410,77523
2,77935,242,0.0,10318,410,77525
7,77942,242,0.0,10319,410,77532
3,77945,242,0.0,10320,410,77535
2,77947,242,0.0,10321,410,77537
19,77966,242,0.0,10322,410,77556
8,77974,242,0.0,10323,410,77564
4,77978,242,0.0,10324,410,77568
11,77989,242,0.0,10325,410,77579
2,77991,242,0.0,10326,410,77581
2,77993,242,0.0,10327,410,77583
11,78004,242,0.0,10328,410,77594
5,78009,242,0.0,10329,410,77599
5,78014,242,0.0,10330,410,77604
12,78026,242,0.0,10331,410,77616
16,78042,242,0.0,10332,410,77632
3,78045,242,0.0,10333,410,77635
11,78056,242,0.0,10334,410,77646
2,78058,242,0.0,10335,410,77648
14,78072,242,0.0,10336,410,77662
9,78081,242,0.0,10337,410,77671
4,78085,242,0.0,10338,410,77675
3,78088,242,0.0,10339,410,77678
4,78092,242,0.0,10340,410,77682
4,78096,242,0.0,10341,410,77686
6,78102,242,0.0,10342,410,77692
2,78104,242,0.0,10343,410,77694
5,78109,242,0.0,10344,410,77699
10,78119,242,0.0,10345,410,77709
13,78132,242,0.0,10346,410,77722
2,78134,242,0.0,10347,410,77724
13,78147,242,0.0,10348,410,77737
18,78165,242,0.0,10349,410,77755
8,78173,242,0.0,10350,410,77763
10,78183,242,0.0,10351,410,77773
12,78195,242,0.0,10352,410,77785
2,78197,242,0.0,10353,410,77787
11,78208,242,0.0,10354,410,77798
17,78225,242,0.0,10355,410,77815
6,78231,242,0.0,10356,410,77821
12,78243,242,0.0,10357,410,77833
2,78245,242,0.0,10358,410,77835
7,78252,242,0.0,10359,410,77842
3,78255,242,0.0,10360,410,77845
17,78272,242,0.0,10361,410,77862
2,78274,242,0.0,10362,410,77864
7,78281,242,0.0,10363,410,77871
3,78284,242,0.0,10364,410,77874
4,78288,242,0.0,10365,410,77878
12,78300,242,0.0,10366,410,77890
19,78319,242,0.0,10367,410,77909
8,78327,242,0.0,10368,410,77917
18,78345,242,0.0,10369,410,77935
15,78360,242,0.0,10370,410,77950
6,78366,242,0.0,10371,410,77956
6,78372,242,0.0,10372,410,77962
3,78375,242,0.0,10373,410,77965
3,78378,242,0.0,10374,410,77968
4,78382,242,0.0,10375,410,77972
2,78384,242,0.0,10376,410,77974
7,78391,242,0.0,10377,410,77981
3,78394,242,0.0,10378,410,77984
4,78398,242,0.0,10379,410,77988
4,78402,242,0.0,10380,410,77992
6,78408,242,0.0,10381,410,77998
15,78423,242,0.0,10382,410,78013
2,78425,242,0.0,10383,410,78015
6,78431,242,0.0,10384,410,78021
13,78444,242,0.0,10385,410,78034
5,78449,242,0.0,10386,410,78039
9,78458,242,0.0,10387,410,78048
10,78468,242,0.0,10388,410,78058
7,78475,242,0.0,10389,410,78065
2,78477,242,0.0,10390,410,78067
2,78479,242,0.0,10391,410,78069
10,78489,242,0.0,10392,410,78079
34,78523,242,0.0,10393,410,78113
2,78525,242,0.0,10394,410,78115
3,78528,242,0.0,10395,410,78118
9,78537,242,0.0,10396,410,78127
4,78541,242,0.0,10397,410,78131
2,78543,242,0.0,10398,410,78133
3,78546,242,0.0,10399,410,78136
15,78561,242,0.0,10400,410,78151
6,78567,242,0.0,10401,410,78157
6,78573,242,0.0,10402,410,78163
8,78581,242,0.0,10403,410,78171
2,78583,242,0.0,10404,410,78173
4,78587,242,0.0,10405,410,78177
5,78592,242,0.0,10406,410,78182
8,78600,242,0.0,10407,410,78190
19,78619,242,0.0,10408,410,78209
3,78622,242,0.0,10409,410,78212
3,78625,242,0.0,10410,410,78215
6,78631,242,0.0,10411,410,78221
4,78635,242,0.0,10412,410,78225
5,78640,242,0.0,10413,410,78230
10,78650,242,0.0,10414,410,78240
13,78663,242,0.0,10415,410,78253
4,78667,242,0.0,10416,410,78257
14,78681,243,1.0,10417,410,78271
11,78692,243,0.0,10418,410,78282
4,78696,243,0.0,10419,410,78286
8,78704,243,0.0,10420,410,78294
12,78716,243,0.0,10421,410,78306
15,78731,243,0.0,10422,410,78321
2,78733,243,0.0,10423,410,78323
7,78740,243,0.0,10424,410,78330
5,78745,243,0.0,10425,410,78335
2,78747,243,0.0,10426,410,78337
24,78771,243,0.0,10427,410,78361
3,78774,243,0.0,10428,410,78364
9,78783,243,0.0,10429,410,78373
5,78788,243,0.0,10430,410,78378
3,78791,243,0.0,10431,410,78381
7,78798,243,0.0,10432,410,78388
2,78800,243,0.0,10433,410,78390
6,78806,243,0.0,10434,410,78396
2,78808,243,0.0,10435,410,78398
14,78822,243,0.0,10436,410,78412
8,78830,243,0.0,10437,410,78420
6,78836,243,0.0,10438,410,78426
4,78840,243,0.0,10439,410,78430
2,78842,243,0.0,10440,410,78432
4,78846,243,0.0,10441,410,78436
8,78854,243,0.0,10442,410,78444
12,78866,243,0.0,10443,410,78456
7,78873,243,0.0,10444,410,78463
3,78876,243,0.0,10445,410,78466
7,78883,243,0.0,10446,410,78473
2,78885,243,0.0,10447,410,78475
2,78887,243,0.0,10448,410,78477
20,78907,243,0.0,10449,410,78497
5,78912,243,0.0,10450,410,78502
9,78921,243,0.0,10451,410,78511
11,78932,243,0.0,10452,410,78522
6,78938,243,0.0,10453,410,78528
2,78940,243,0.0,10454,410,78530
7,78947,243,0.0,10455,410,78537
2,78949,243,0.0,10456,410,78539
4,78953,243,0.0,10457,410,78543
4,78957,243,0.0,10458,410,78547
4,78961,243,0.0,10459,410,78551
7,78968,243,0.0,10460,410,78558
26,78994,243,0.0,10461,410,78584
3,78997,243,0.0,10462,410,78587
8,79005,243,0.0,10463,410,78595
11,79016,243,0.0,10464,410,78606
8,79024,243,0.0,10465,410,78614
4,79028,243,0.0,10466,410,78618
3,79031,243,0.0,10467,410,78621
3,79034,243,0.0,10468,410,78624
13,79047,243,0.0,10469,410,78637
15,79062,243,0.0,10470,410,78652
5,79067,243,0.0,10471,410,78657
2,79069,243,0.0,10472,410,78659
4,79073,243,0.0,10473,410,78663
10,79083,243,0.0,10474,410,78673
22,79105,243,0.0,10475,410,78695
4,79109,243,0.0,10476,410,78699
8,79117,243,0.0,10477,410,78707
7,79124,243,0.0,10478,410,78714
7,79131,243,0.0,10479,410,78721
6,79137,243,0.0,10480,410,78727
12,79149,243,0.0,10481,410,78739
7,79156,243,0.0,10482,410,78746
12,79168,243,0.0,10483,410,78758
3,79171,243,0.0,10484,410,78761
3,79174,243,0.0,10485,410,78764
2,79176,243,0.0,10486,410,78766
6,79182,243,0.0,10487,410,78772
6,79188,243,0.0,10488,410,78778
17,79205,243,0.0,10489,410,78795
3,79208,243,0.0,10490,410,78798
12,79220,243,0.0,10491,410,78810
11,79231,243,0.0,10492,410,78821
2,79233,243,0.0,10493,410,78823
5,79238,243,0.0,10494,410,78828
3,79241,243,0.0,10495,410,78831
3,79244,243,0.0,10496,410,78834
14,79258,244,1.0,10497,410,78848
2,79260,244,0.0,10498,410,78850
4,79264,244,0.0,10499,410,78854
5,79269,244,0.0,10500,410,78859
2,79271,244,0.0,10501,410,78861
4,79275,244,0.0,10502,410,78865
14,79289,244,0.0,10503,410,78879
13,79302,244,0.0,10504,410,78892
3,79305,244,0.0,10505,410,78895
24,79329,245,1.0,10506,410,78919
2,79331,245,0.0,10507,410,78921
5,79336,245,0.0,10508,410,78926
9,79345,245,0.0,10509,410,78935
4,79349,245,0.0,10510,410,78939
2,79351,245,0.0,10511,410,78941
12,79363,245,0.0,10512,410,78953
4,79367,245,0.0,10513,410,78957
3,79370,245,0.0,10514,410,78960
13,79383,245,0.0,10515,410,78973
10,79393,245,0.0,10516,410,78983
13,79406,245,0.0,10517,410,78996
8,79414,245,0.0,10518,410,79004
8,79422,245,0.0,10519,410,79012
3,79425,245,0.0,10520,410,79015
10,79435,245,0.0,10521,410,79025
13,79448,245,0.0,10522,410,79038
2,79450,245,0.0,10523,410,79040
8,79458,245,0.0,10524,410,79048
26,79484,245,0.0,10525,410,79074
2,79486,245,0.0,10526,410,79076
5,79491,245,0.0,10527,410,79081
2,79493,245,0.0,10528,410,79083
2,79495,245,0.0,10529,410,79085
17,79512,245,0.0,10530,410,79102
8,79520,245,0.0,10531,410,79110
3,79523,245,0.0,10532,410,79113
4,79527,245,0.0,10533,410,79117
10,79537,245,0.0,10534,410,79127
3,79540,245,0.0,10535,410,79130
2,79542,245,0.0,10536,410,79132
8,79550,245,0.0,10537,410,79140
23,79573,245,0.0,10538,410,79163
26,79599,245,0.0,10539,410,79189
7,79606,245,0.0,10540,410,79196
3,79609,245,0.0,10541,410,79199
8,79617,245,0.0,10542,410,79207
2,79619,245,0.0,10543,410,79209
15,79634,245,0.0,10544,410,79224
4,79638,245,0.0,10545,410,79228
9,79647,245,0.0,10546,410,79237
7,79654,245,0.0,10547,410,79244
5,79659,245,0.0,10548,410,79249
4,79663,245,0.0,10549,410,79253
2,79665,245,0.0,10550,410,79255
9,79674,245,0.0,10551,410,79264
5,79679,245,0.0,10552,410,79269
17,79696,245,0.0,10553,410,79286
8,79704,245,0.0,10554,410,79294
2,79706,245,0.0,10555,410,79296
4,79710,245,0.0,10556,410,79300
4,79714,245,0.0,10557,410,79304
12,79726,245,0.0,10558,410,79316
2,79728,245,0.0,10559,410,79318
14,79742,245,0.0,10560,410,79332
25,79767,245,0.0,10561,410,79357
2,79769,245,0.0,10562,410,79359
18,79787,245,0.0,10563,410,79377
7,79794,245,0.0,10564,410,79384
3,79797,245,0.0,10565,410,79387
8,79805,245,0.0,10566,410,79395
6,79811,245,0.0,10567,410,79401
18,79829,245,0.0,10568,410,79419
5,79834,245,0.0,10569,410,79424
10,79844,245,0.0,10570,410,79434
14,79858,245,0.0,10571,410,79448
3,79861,245,0.0,10572,410,79451
5,79866,245,0.0,10573,410,79456
7,79873,245,0.0,10574,410,79463
17,79890,245,0.0,10575,410,79480
7,79897,245,0.0,10576,410,79487
2,79899,245,0.0,10577,410,79489
10,79909,245,0.0,10578,410,79499
3,79912,245,0.0,10579,410,79502
26,79938,245,0.0,10580,410,79528
3,79941,245,0.0,10581,410,79531
7,79948,245,0.0,10582,410,79538
2,79950,245,0.0,10583,410,79540
6,79956,245,0.0,10584,410,79546
8,79964,245,0.0,10585,410,79554
10,79974,245,0.0,10586,410,79564
5,79979,245,0.0,10587,410,79569
6,79985,245,0.0,10588,410,79575
8,79993,245,0.0,10589,410,79583
28,80021,245,0.0,10590,410,79611
5,80026,245,0.0,10591,410,79616
10,80036,245,0.0,10592,410,79626
14,80050,245,0.0,10593,410,79640
3,80053,245,0.0,10594,410,79643
2,80055,245,0.0,10595,410,79645
17,80072,245,0.0,10596,410,79662
15,80087,245,0.0,10597,410,79677
7,80094,245,0.0,10598,410,79684
11,80105,245,0.0,10599,410,79695
12,80117,245,0.0,10600,410,79707
2,80119,245,0.0,10601,410,79709
6,80125,245,0.0,10602,410,79715
5,80130,245,0.0,10603,410,79720
18,80148,245,0.0,10604,410,79738
2,80150,245,0.0,10605,410,79740
15,80165,245,0.0,10606,410,79755
16,80181,245,0.0,10607,410,79771
10,80191,245,0.0,10608,410,79781
5,80196,245,0.0,10609,410,79786
3,80199,245,0.0,10610,410,79789
8,80207,245,0.0,10611,410,79797
8,80215,245,0.0,10612,410,79805
3,80218,245,0.0,10613,410,79808
10,80228,245,0.0,10614,410,79818
4,80232,245,0.0,10615,410,79822
10,80242,245,0.0,10616,410,79832
3,80245,245,0.0,10617,410,79835
3,80248,245,0.0,10618,410,79838
9,80257,245,0.0,10619,410,79847
7,80264,245,0.0,10620,410,79854
21,80285,245,0.0,10621,410,79875
5,80290,245,0.0,10622,410,79880
4,80294,245,0.0,10623,410,79884
2,80296,245,0.0,10624,410,79886
2,80298,245,0.0,10625,410,79888
20,80318,245,0.0,10626,410,79908
7,80325,245,0.0,10627,410,79915
7,80332,245,0.0,10628,410,79922
8,80340,245,0.0,10629,410,79930
3,80343,245,0.0,10630,410,79933
5,80348,245,0.0,10631,410,79938
14,80362,245,0.0,10632,410,79952
2,80364,245,0.0,10633,410,79954
5,80369,245,0.0,10634,410,79959
12,80381,245,0.0,10635,410,79971
3,80384,245,0.0,10636,410,79974
5,80389,245,0.0,10637,410,79979
9,80398,245,0.0,10638,410,79988
14,80412,245,0.0,10639,410,80002
6,80418,245,0.0,10640,410,80008
7,80425,245,0.0,10641,410,80015
12,80437,245,0.0,10642,410,80027
2,80439,245,0.0,10643,410,80029
7,80446,245,0.0,10644,410,80036
10,80456,245,0.0,10645,410,80046
14,80470,245,0.0,10646,410,80060
2,80472,245,0.0,10647,410,80062
14,80486,245,0.0,10648,410,80076
7,80493,245,0.0,10649,410,80083
6,80499,245,0.0,10650,410,80089
8,80507,245,0.0,10651,410,80097
13,80520,245,0.0,10652,410,80110
3,80523,245,0.0,10653,410,80113
5,80528,245,0.0,10654,410,80118
25,80553,245,0.0,10655,410,80143
2,80555,245,0.0,10656,410,80145
3,80558,245,0.0,10657,410,80148
2,80560,245,0.0,10658,410,80150
14,80574,245,0.0,10659,410,80164
13,80587,245,0.0,10660,410,80177
9,80596,245,0.0,10661,410,80186
7,80603,245,0.0,10662,410,80193
5,80608,245,0.0,10663,410,80198
3,80611,245,0.0,10664,410,80201
10,80621,245,0.0,10665,410,80211
10,80631,245,0.0,10666,410,80221
6,80637,245,0.0,10667,410,80227
18,80655,245,0.0,10668,410,80245
8,80663,245,0.0,10669,410,80253
10,80673,245,0.0,10670,410,80263
8,80681,245,0.0,10671,410,80271
3,80684,245,0.0,10672,410,80274
4,80688,245,0.0,10673,410,80278
6,80694,245,0.0,10674,410,80284
16,80710,245,0.0,10675,410,80300
7,80717,245,0.0,10676,410,80307
4,80721,245,0.0,10677,410,80311
4,80725,245,0.0,10678,410,80315
7,80732,245,0.0,10679,410,80322
10,80742,245,0.0,10680,410,80332
2,80744,245,0.0,10681,410,80334
16,80760,245,0.0,10682,410,80350
7,80767,245,0.0,10683,410,80357
12,80779,245,0.0,10684,410,80369
14,80793,245,0.0,10685,410,80383
18,80811,245,0.0,10686,410,80401
2,80813,245,0.0,10687,410,80403
7,80820,245,0.0,10688,410,80410
8,80828,245,0.0,10689,410,80418
18,80846,245,0.0,10690,410,80436
5,80851,245,0.0,10691,410,80441
5,80856,245,0.0,10692,410,80446
4,80860,245,0.0,10693,410,80450
14,80874,245,0.0,10694,410,80464
7,80881,245,0.0,10695,410,80471
8,80889,245,0.0,10696,410,80479
6,80895,245,0.0,10697,410,80485
2,80897,245,0.0,10698,410,80487
2,80899,245,0.0,10699,410,80489
5,80904,245,0.0,10700,410,80494
5,80909,245,0.0,10701,410,80499
14,80923,245,0.0,10702,410,80513
11,80934,245,0.0,10703,410,80524
3,80937,245,0.0,10704,410,80527
9,80946,245,0.0,10705,410,80536
5,80951,245,0.0,10706,410,80541
6,80957,245,0.0,10707,410,80547
3,80960,245,0.0,10708,410,80550
2,80962,245,0.0,10709,410,80552
4,80966,245,0.0,10710,410,80556
6,80972,245,0.0,10711,410,80562
10,80982,245,0.0,10712,410,80572
2,80984,245,0.0,10713,410,80574
4,80988,245,0.0,10714,410,80578
25,81013,245,0.0,10715,410,80603
10,81023,245,0.0,10716,410,80613
2,81025,245,0.0,10717,410,80615
4,81029,245,0.0,10718,410,80619
31,81060,245,0.0,10719,410,80650
8,81068,245,0.0,10720,410,80658
8,81076,246,1.0,10721,410,80666
7,81083,246,0.0,10722,410,80673
4,81087,246,0.0,10723,410,80677
5,81092,246,0.0,10724,410,80682
4,81096,246,0.0,10725,410,80686
7,81103,246,0.0,10726,410,80693
30,81133,246,0.0,10727,410,80723
20,81153,246,0.0,10728,410,80743
23,81176,246,0.0,10729,410,80766
11,81187,246,0.0,10730,410,80777
7,81194,246,0.0,10731,410,80784
12,81206,246,0.0,10732,410,80796
6,81212,246,0.0,10733,410,80802
2,81214,246,0.0,10734,410,80804
4,81218,246,0.0,10735,410,80808
15,81233,247,1.0,10736,410,80823
3,81236,247,0.0,10737,410,80826
11,81247,247,0.0,10738,410,80837
2,81249,247,0.0,10739,410,80839
6,81255,247,0.0,10740,410,80845
8,81263,247,0.0,10741,410,80853
12,81275,247,0.0,10742,410,80865
18,81293,247,0.0,10743,410,80883
13,81306,247,0.0,10744,410,80896
7,81313,247,0.0,10745,410,80903
5,81318,247,0.0,10746,410,80908
10,81328,247,0.0,10747,410,80918
2,81330,247,0.0,10748,410,80920
19,81349,247,0.0,10749,410,80939
5,81354,247,0.0,10750,410,80944
2,81356,247,0.0,10751,410,80946
3,81359,247,0.0,10752,410,80949
8,81367,247,0.0,10753,410,80957
3,81370,247,0.0,10754,410,80960
2,81372,247,0.0,10755,410,80962
8,81380,247,0.0,10756,410,80970
2,81382,247,0.0,10757,410,80972
7,81389,247,0.0,10758,410,80979
9,81398,247,0.0,10759,410,80988
8,81406,247,0.0,10760,410,80996
9,81415,247,0.0,10761,410,81005
5,81420,247,0.0,10762,410,81010
2,81422,247,0.0,10763,410,81012
2,81424,247,0.0,10764,410,81014
9,81433,247,0.0,10765,410,81023
15,81448,247,0.0,10766,410,81038
14,81462,248,1.0,10767,410,81052
9,81471,248,0.0,10768,410,81061
3,81474,248,0.0,10769,410,81064
10,81484,248,0.0,10770,410,81074
2,81486,248,0.0,10771,410,81076
6,81492,248,0.0,10772,410,81082
7,81499,248,0.0,10773,410,81089
11,81510,248,0.0,10774,410,81100
2,81512,248,0.0,10775,410,81102
2,81514,248,0.0,10776,410,81104
5,81519,248,0.0,10777,410,81109
6,81525,248,0.0,10778,410,81115
8,81533,248,0.0,10779,410,81123
5,81538,248,0.0,10780,410,81128
10,81548,248,0.0,10781,410,81138
10,81558,248,0.0,10782,410,81148
2,81560,248,0.0,10783,410,81150
11,81571,248,0.0,10784,410,81161
3,81574,248,0.0,10785,410,81164
6,81580,248,0.0,10786,410,81170
11,81591,248,0.0,10787,410,81181
9,81600,248,0.0,10788,410,81190
2,81602,248,0.0,10789,410,81192
12,81614,248,0.0,10790,410,81204
4,81618,248,0.0,10791,410,81208
8,81626,248,0.0,10792,410,81216
5,81631,248,0.0,10793,410,81221
12,81643,248,0.0,10794,410,81233
16,81659,248,0.0,10795,410,81249
2,81661,248,0.0,10796,410,81251
3,81664,248,0.0,10797,410,81254
5,81669,248,0.0,10798,410,81259
9,81678,248,0.0,10799,410,81268
4,81682,248,0.0,10800,410,81272
6,81688,248,0.0,10801,410,81278
10,81698,248,0.0,10802,410,81288
11,81709,248,0.0,10803,410,81299
4,81713,248,0.0,10804,410,81303
15,81728,248,0.0,10805,410,81318
12,81740,248,0.0,10806,410,81330
8,81748,248,0.0,10807,410,81338
7,81755,248,0.0,10808,410,81345
8,81763,248,0.0,10809,410,81353
8,81771,248,0.0,10810,410,81361
7,81778,248,0.0,10811,410,81368
10,81788,248,0.0,10812,410,81378
4,81792,248,0.0,10813,410,81382
13,81805,248,0.0,10814,410,81395
3,81808,248,0.0,10815,410,81398
15,81823,248,0.0,10816,410,81413
7,81830,248,0.0,10817,410,81420
10,81840,248,0.0,10818,410,81430
8,81848,248,0.0,10819,410,81438
3,81851,248,0.0,10820,410,81441
2,81853,248,0.0,10821,410,81443
12,81865,248,0.0,10822,410,81455
6,81871,248,0.0,10823,410,81461
18,81889,248,0.0,10824,410,81479
7,81896,248,0.0,10825,410,81486
6,81902,248,0.0,10826,410,81492
3,81905,248,0.0,10827,410,81495
8,81913,248,0.0,10828,410,81503
7,81920,248,0.0,10829,410,81510
5,81925,248,0.0,10830,410,81515
8,81933,248,0.0,10831,410,81523
10,81943,248,0.0,10832,410,81533
6,81949,248,0.0,10833,410,81539
2,81951,248,0.0,10834,410,81541
2,81953,248,0.0,10835,410,81543
6,81959,248,0.0,10836,410,81549
6,81965,248,0.0,10837,410,81555
8,81973,248,0.0,10838,410,81563
10,81983,248,0.0,10839,410,81573
10,81993,248,0.0,10840,410,81583
18,82011,248,0.0,10841,410,81601
3,82014,248,0.0,10842,410,81604
2,82016,248,0.0,10843,410,81606
3,82019,248,0.0,10844,410,81609
5,82024,248,0.0,10845,410,81614
8,82032,248,0.0,10846,410,81622
3,82035,248,0.0,10847,410,81625
13,82048,248,0.0,10848,410,81638
2,82050,248,0.0,10849,410,81640
24,82074,248,0.0,10850,410,81664
10,82084,248,0.0,10851,410,81674
4,82088,248,0.0,10852,410,81678
4,82092,248,0.0,10853,410,81682
24,82116,248,0.0,10854,410,81706
7,82123,248,0.0,10855,410,81713
12,82135,248,0.0,10856,410,81725
3,82138,248,0.0,10857,410,81728
3,82141,248,0.0,10858,410,81731
3,82144,248,0.0,10859,410,81734
7,82151,248,0.0,10860,410,81741
7,82158,248,0.0,10861,410,81748
2,82160,248,0.0,10862,410,81750
8,82168,248,0.0,10863,410,81758
8,82176,248,0.0,10864,410,81766
10,82186,248,0.0,10865,410,81776
18,82204,248,0.0,10866,410,81794
11,82215,248,0.0,10867,410,81805
5,82220,248,0.0,10868,410,81810
3,82223,248,0.0,10869,410,81813
6,82229,248,0.0,10870,410,81819
5,82234,248,0.0,10871,410,81824
5,82239,248,0.0,10872,410,81829
10,82249,248,0.0,10873,410,81839
3,82252,248,0.0,10874,410,81842
2,82254,248,0.0,10875,410,81844
6,82260,248,0.0,10876,410,81850
3,82263,248,0.0,10877,410,81853
15,82278,248,0.0,10878,410,81868
3,82281,248,0.0,10879,410,81871
7,82288,248,0.0,10880,410,81878
5,82293,248,0.0,10881,410,81883
12,82305,248,0.0,10882,410,81895
7,82312,248,0.0,10883,410,81902
4,82316,248,0.0,10884,410,81906
3,82319,248,0.0,10885,410,81909
23,82342,248,0.0,10886,410,81932
2,82344,248,0.0,10887,410,81934
14,82358,248,0.0,10888,410,81948
5,82363,248,0.0,10889,410,81953
6,82369,248,0.0,10890,410,81959
11,82380,248,0.0,10891,410,81970
12,82392,248,0.0,10892,410,81982
9,82401,248,0.0,10893,410,81991
8,82409,248,0.0,10894,410,81999
2,82411,248,0.0,10895,410,82001
4,82415,248,0.0,10896,410,82005
8,82423,248,0.0,10897,410,82013
7,82430,248,0.0,10898,410,82020
10,82440,248,0.0,10899,410,82030
5,82445,248,0.0,10900,410,82035
16,82461,248,0.0,10901,410,82051
5,82466,248,0.0,10902,410,82056
15,82481,248,0.0,10903,410,82071
5,82486,248,0.0,10904,410,82076
4,82490,248,0.0,10905,410,82080
4,82494,248,0.0,10906,410,82084
17,82511,248,0.0,10907,410,82101
9,82520,248,0.0,10908,410,82110
2,82522,248,0.0,10909,410,82112
3,82525,248,0.0,10910,410,82115
14,82539,248,0.0,10911,410,82129
3,82542,248,0.0,10912,410,82132
2,82544,248,0.0,10913,410,82134
17,82561,248,0.0,10914,410,82151
7,82568,248,0.0,10915,410,82158
15,82583,248,0.0,10916,410,82173
3,82586,248,0.0,10917,410,82176
4,82590,248,0.0,10918,410,82180
11,82601,248,0.0,10919,410,82191
12,82613,248,0.0,10920,410,82203
2,82615,248,0.0,10921,410,82205
4,82619,248,0.0,10922,410,82209
12,82631,248,0.0,10923,410,82221
6,82637,248,0.0,10924,410,82227
12,82649,248,0.0,10925,410,82239
7,82656,248,0.0,10926,410,82246
5,82661,248,0.0,10927,410,82251
10,82671,248,0.0,10928,410,82261
16,82687,248,0.0,10929,410,82277
15,82702,248,0.0,10930,410,82292
10,82712,248,0.0,10931,410,82302
6,82718,248,0.0,10932,410,82308
5,82723,248,0.0,10933,410,82313
6,82729,248,0.0,10934,410,82319
10,82739,248,0.0,10935,410,82329
11,82750,248,0.0,10936,410,82340
5,82755,248,0.0,10937,410,82345
2,82757,248,0.0,10938,410,82347
5,82762,248,0.0,10939,410,82352
16,82778,248,0.0,10940,410,82368
3,82781,248,0.0,10941,410,82371
8,82789,248,0.0,10942,410,82379
2,82791,248,0.0,10943,410,82381
11,82802,248,0.0,10944,410,82392
6,82808,248,0.0,10945,410,82398
10,82818,248,0.0,10946,410,82408
3,82821,248,0.0,10947,410,82411
7,82828,248,0.0,10948,410,82418
14,82842,248,0.0,10949,410,82432
17,82859,248,0.0,10950,410,82449
5,82864,248,0.0,10951,410,82454
7,82871,248,0.0,10952,410,82461
3,82874,248,0.0,10953,410,82464
9,82883,248,0.0,10954,410,82473
7,82890,248,0.0,10955,410,82480
2,82892,248,0.0,10956,410,82482
12,82904,248,0.0,10957,410,82494
23,82927,248,0.0,10958,410,82517
3,82930,248,0.0,10959,410,82520
15,82945,248,0.0,10960,410,82535
2,82947,248,0.0,10961,410,82537
5,82952,248,0.0,10962,410,82542
10,82962,248,0.0,10963,410,82552
21,82983,248,0.0,10964,410,82573
9,82992,248,0.0,10965,410,82582
6,82998,248,0.0,10966,410,82588
9,83007,248,0.0,10967,410,82597
7,83014,248,0.0,10968,410,82604
8,83022,248,0.0,10969,410,82612
2,83024,248,0.0,10970,410,82614
10,83034,248,0.0,10971,410,82624
7,83041,248,0.0,10972,410,82631
5,83046,248,0.0,10973,410,82636
10,83056,248,0.0,10974,410,82646
6,83062,248,0.0,10975,410,82652
11,83073,248,0.0,10976,410,82663
2,83075,248,0.0,10977,410,82665
15,83090,248,0.0,10978,410,82680
12,83102,248,0.0,10979,410,82692
8,83110,248,0.0,10980,410,82700
14,83124,248,0.0,10981,410,82714
6,83130,248,0.0,10982,410,82720
12,83142,248,0.0,10983,410,82732
3,83145,248,0.0,10984,410,82735
4,83149,248,0.0,10985,410,82739
8,83157,248,0.0,10986,410,82747
2,83159,248,0.0,10987,410,82749
13,83172,248,0.0,10988,410,82762
8,83180,248,0.0,10989,410,82770
7,83187,248,0.0,10990,410,82777
11,83198,248,0.0,10991,410,82788
5,83203,248,0.0,10992,410,82793
12,83215,248,0.0,10993,410,82805
2,83217,248,0.0,10994,410,82807
2,83219,248,0.0,10995,410,82809
11,83230,248,0.0,10996,410,82820
10,83240,248,0.0,10997,410,82830
5,83245,248,0.0,10998,410,82835
4,83249,248,0.0,10999,410,82839
21,83270,248,0.0,11000,410,82860
7,83277,248,0.0,11001,410,82867
6,83283,248,0.0,11002,410,82873
7,83290,248,0.0,11003,410,82880
5,83295,248,0.0,11004,410,82885
3,83298,248,0.0,11005,410,82888
5,83303,248,0.0,11006,410,82893
2,83305,248,0.0,11007,410,82895
3,83308,248,0.0,11008,410,82898
11,83319,248,0.0,11009,410,82909
4,83323,248,0.0,11010,410,82913
9,83332,248,0.0,11011,410,82922
5,83337,248,0.0,11012,410,82927
7,83344,248,0.0,11013,410,82934
7,83351,248,0.0,11014,410,82941
6,83357,248,0.0,11015,410,82947
3,83360,248,0.0,11016,410,82950
5,83365,248,0.0,11017,410,82955
13,83378,248,0.0,11018,410,82968
4,83382,248,0.0,11019,410,82972
10,83392,248,0.0,11020,410,82982
2,83394,248,0.0,11021,410,82984
16,83410,248,0.0,11022,410,83000
3,83413,248,0.0,11023,410,83003
7,83420,248,0.0,11024,410,83010
7,83427,248,0.0,11025,410,83017
9,83436,248,0.0,11026,410,83026
14,83450,249,1.0,11027,410,83040
3,83453,249,0.0,11028,410,83043
7,83460,249,0.0,11029,410,83050
4,83464,249,0.0,11030,410,83054
2,83466,249,0.0,11031,410,83056
6,83472,249,0.0,11032,410,83062
2,83474,249,0.0,11033,410,83064
4,83478,249,0.0,11034,410,83068
12,83490,249,0.0,11035,410,83080
12,83502,249,0.0,11036,410,83092
5,83507,249,0.0,11037,410,83097
10,83517,249,0.0,11038,410,83107
13,83530,249,0.0,11039,410,83120
3,83533,249,0.0,11040,410,83123
5,83538,249,0.0,11041,410,83128
2,83540,249,0.0,11042,410,83130
6,83546,249,0.0,11043,410,83136
7,83553,249,0.0,11044,410,83143
7,83560,249,0.0,11045,410,83150
20,83580,249,0.0,11046,410,83170
2,83582,249,0.0,11047,410,83172
5,83587,249,0.0,11048,410,83177
13,83600,249,0.0,11049,410,83190
3,83603,249,0.0,11050,410,83193
4,83607,249,0.0,11051,410,83197
2,83609,249,0.0,11052,410,83199
6,83615,249,0.0,11053,410,83205
4,83619,249,0.0,11054,410,83209
12,83631,249,0.0,11055,410,83221
4,83635,249,0.0,11056,410,83225
2,83637,249,0.0,11057,410,83227
5,83642,249,0.0,11058,410,83232
4,83646,249,0.0,11059,410,83236
8,83654,249,0.0,11060,410,83244
8,83662,250,1.0,11061,410,83252
5,83667,250,0.0,11062,410,83257
13,83680,250,0.0,11063,410,83270
4,83684,250,0.0,11064,410,83274
25,83709,250,0.0,11065,410,83299
23,83732,250,0.0,11066,410,83322
11,83743,250,0.0,11067,410,83333
11,83754,250,0.0,11068,410,83344
4,83758,250,0.0,11069,410,83348
2,83760,250,0.0,11070,410,83350
12,83772,250,0.0,11071,410,83362
8,83780,250,0.0,11072,410,83370
4,83784,250,0.0,11073,410,83374
3,83787,250,0.0,11074,410,83377
4,83791,250,0.0,11075,410,83381
15,83806,250,0.0,11076,410,83396
6,83812,250,0.0,11077,410,83402
5,83817,250,0.0,11078,410,83407
4,83821,250,0.0,11079,410,83411
7,83828,250,0.0,11080,410,83418
4,83832,250,0.0,11081,410,83422
5,83837,250,0.0,11082,410,83427
3,83840,250,0.0,11083,410,83430
8,83848,250,0.0,11084,410,83438
14,83862,250,0.0,11085,410,83452
7,83869,250,0.0,11086,410,83459
5,83874,250,0.0,11087,410,83464
11,83885,250,0.0,11088,410,83475
10,83895,250,0.0,11089,410,83485
6,83901,250,0.0,11090,410,83491
24,83925,250,0.0,11091,410,83515
14,83939,250,0.0,11092,410,83529
8,83947,250,0.0,11093,410,83537
2,83949,250,0.0,11094,410,83539
8,83957,250,0.0,11095,410,83547
3,83960,250,0.0,11096,410,83550
3,83963,250,0.0,11097,410,83553
5,83968,250,0.0,11098,410,83558
5,83973,250,0.0,11099,410,83563
7,83980,250,0.0,11100,410,83570
6,83986,250,0.0,11101,410,83576
4,83990,250,0.0,11102,410,83580
3,83993,250,0.0,11103,410,83583
5,83998,250,0.0,11104,410,83588
7,84005,250,0.0,11105,410,83595
16,84021,250,0.0,11106,410,83611
3,84024,250,0.0,11107,410,83614
8,84032,250,0.0,11108,410,83622
9,84041,250,0.0,11109,410,83631
8,84049,250,0.0,11110,410,83639
6,84055,250,0.0,11111,410,83645
18,84073,250,0.0,11112,410,83663
3,84076,250,0.0,11113,410,83666
7,84083,250,0.0,11114,410,83673
2,84085,250,0.0,11115,410,83675
9,84094,250,0.0,11116,410,83684
11,84105,250,0.0,11117,410,83695
14,84119,251,1.0,11118,410,83709
21,84140,251,0.0,11119,410,83730
7,84147,251,0.0,11120,410,83737
4,84151,251,0.0,11121,410,83741
6,84157,251,0.0,11122,410,83747
9,84166,251,0.0,11123,410,83756
6,84172,251,0.0,11124,410,83762
13,84185,251,0.0,11125,410,83775
8,84193,252,1.0,11126,410,83783
10,84203,252,0.0,11127,410,83793
2,84205,252,0.0,11128,410,83795
9,84214,252,0.0,11129,410,83804
8,84222,252,0.0,11130,410,83812
7,84229,252,0.0,11131,410,83819
2,84231,252,0.0,11132,410,83821
37,84268,252,0.0,11133,410,83858
5,84273,252,0.0,11134,410,83863
8,84281,252,0.0,11135,410,83871
8,84289,252,0.0,11136,410,83879
10,84299,252,0.0,11137,410,83889
4,84303,252,0.0,11138,410,83893
5,84308,252,0.0,11139,410,83898
7,84315,252,0.0,11140,410,83905
5,84320,252,0.0,11141,410,83910
2,84322,252,0.0,11142,410,83912
9,84331,252,0.0,11143,410,83921
19,84350,252,0.0,11144,410,83940
6,84356,252,0.0,11145,410,83946
15,84371,252,0.0,11146,410,83961
8,84379,252,0.0,11147,410,83969
10,84389,252,0.0,11148,410,83979
9,84398,252,0.0,11149,410,83988
13,84411,252,0.0,11150,410,84001
2,84413,252,0.0,11151,410,84003
3,84416,252,0.0,11152,410,84006
10,84426,252,0.0,11153,410,84016
15,84441,252,0.0,11154,410,84031
9,84450,252,0.0,11155,410,84040
7,84457,252,0.0,11156,410,84047
4,84461,252,0.0,11157,410,84051
9,84470,252,0.0,11158,410,84060
9,84479,252,0.0,11159,410,84069
14,84493,252,0.0,11160,410,84083
6,84499,252,0.0,11161,410,84089
4,84503,252,0.0,11162,410,84093
8,84511,252,0.0,11163,410,84101
9,84520,252,0.0,11164,410,84110
3,84523,252,0.0,11165,410,84113
13,84536,252,0.0,11166,410,84126
5,84541,252,0.0,11167,410,84131
16,84557,252,0.0,11168,410,84147
9,84566,252,0.0,11169,410,84156
7,84573,252,0.0,11170,410,84163
3,84576,252,0.0,11171,410,84166
2,84578,252,0.0,11172,410,84168
4,84582,252,0.0,11173,410,84172
4,84586,252,0.0,11174,410,84176
7,84593,252,0.0,11175,410,84183
11,84604,252,0.0,11176,410,84194
15,84619,252,0.0,11177,410,84209
4,84623,252,0.0,11178,410,84213
6,84629,252,0.0,11179,410,84219
2,84631,252,0.0,11180,410,84221
12,84643,252,0.0,11181,410,84233
12,84655,252,0.0,11182,410,84245
6,84661,252,0.0,11183,410,84251
9,84670,252,0.0,11184,410,84260
5,84675,252,0.0,11185,410,84265
8,84683,252,0.0,11186,410,84273
18,84701,252,0.0,11187,410,84291
5,84706,252,0.0,11188,410,84296
15,84721,252,0.0,11189,410,84311
11,84732,252,0.0,11190,410,84322
11,84743,252,0.0,11191,410,84333
14,84757,252,0.0,11192,410,84347
6,84763,252,0.0,11193,410,84353
10,84773,252,0.0,11194,410,84363
10,84783,252,0.0,11195,410,84373
6,84789,252,0.0,11196,410,84379
4,84793,252,0.0,11197,410,84383
5,84798,252,0.0,11198,410,84388
5,84803,252,0.0,11199,410,84393
2,84805,252,0.0,11200,410,84395
12,84817,252,0.0,11201,410,84407
4,84821,252,0.0,11202,410,84411
8,84829,252,0.0,11203,410,84419
2,84831,252,0.0,11204,410,84421
3,84834,252,0.0,11205,410,84424
3,84837,252,0.0,11206,410,84427
12,84849,252,0.0,11207,410,84439
9,84858,252,0.0,11208,410,84448
13,84871,252,0.0,11209,410,84461
3,84874,252,0.0,11210,410,84464
8,84882,252,0.0,11211,410,84472
3,84885,252,0.0,11212,410,84475
9,84894,252,0.0,11213,410,84484
8,84902,252,0.0,11214,410,84492
7,84909,252,0.0,11215,410,84499
3,84912,252,0.0,11216,410,84502
2,84914,252,0.0,11217,410,84504
3,84917,252,0.0,11218,410,84507
14,84931,252,0.0,11219,410,84521
7,84938,252,0.0,11220,410,84528
4,84942,252,0.0,11221,410,84532
12,84954,252,0.0,11222,410,84544
7,84961,252,0.0,11223,410,84551
7,84968,252,0.0,11224,410,84558
9,84977,252,0.0,11225,410,84567
4,84981,252,0.0,11226,410,84571
2,84983,252,0.0,11227,410,84573
7,84990,252,0.0,11228,410,84580
10,85000,252,0.0,11229,410,84590
17,85017,252,0.0,11230,410,84607
4,85021,252,0.0,11231,410,84611
2,85023,252,0.0,11232,410,84613
11,85034,252,0.0,11233,410,84624
9,85043,252,0.0,11234,410,84633
3,85046,252,0.0,11235,410,84636
3,85049,252,0.0,11236,410,84639
21,85070,252,0.0,11237,410,84660
5,85075,252,0.0,11238,410,84665
8,85083,252,0.0,11239,410,84673
3,85086,252,0.0,11240,410,84676
10,85096,252,0.0,11241,410,84686
6,85102,252,0.0,11242,410,84692
12,85114,252,0.0,11243,410,84704
3,85117,252,0.0,11244,410,84707
5,85122,252,0.0,11245,410,84712
7,85129,252,0.0,11246,410,84719
8,85137,252,0.0,11247,410,84727
8,85145,252,0.0,11248,410,84735
10,85155,252,0.0,11249,410,84745
6,85161,252,0.0,11250,410,84751
12,85173,252,0.0,11251,410,84763
12,85185,252,0.0,11252,410,84775
11,85196,252,0.0,11253,410,84786
2,85198,252,0.0,11254,410,84788
6,85204,252,0.0,11255,410,84794
4,85208,252,0.0,11256,410,84798
6,85214,252,0.0,11257,410,84804
7,85221,252,0.0,11258,410,84811
2,85223,252,0.0,11259,410,84813
7,85230,252,0.0,11260,410,84820
4,85234,252,0.0,11261,410,84824
7,85241,252,0.0,11262,410,84831
12,85253,252,0.0,11263,410,84843
4,85257,252,0.0,11264,410,84847
2,85259,252,0.0,11265,410,84849
6,85265,252,0.0,11266,410,84855
12,85277,252,0.0,11267,410,84867
2,85279,252,0.0,11268,410,84869
2,85281,252,0.0,11269,410,84871
4,85285,252,0.0,11270,410,84875
7,85292,252,0.0,11271,410,84882
10,85302,252,0.0,11272,410,84892
6,85308,252,0.0,11273,410,84898
14,85322,252,0.0,11274,410,84912
4,85326,252,0.0,11275,410,84916
2,85328,252,0.0,11276,410,84918
2,85330,252,0.0,11277,410,84920
3,85333,252,0.0,11278,410,84923
14,85347,252,0.0,11279,410,84937
10,85357,252,0.0,11280,410,84947
4,85361,252,0.0,11281,410,84951
5,85366,252,0.0,11282,410,84956
5,85371,252,0.0,11283,410,84961
6,85377,252,0.0,11284,410,84967
9,85386,252,0.0,11285,410,84976
13,85399,252,0.0,11286,410,84989
2,85401,252,0.0,11287,410,84991
7,85408,252,0.0,11288,410,84998
6,85414,252,0.0,11289,410,85004
4,85418,252,0.0,11290,410,85008
9,85427,252,0.0,11291,410,85017
4,85431,252,0.0,11292,410,85021
5,85436,252,0.0,11293,410,85026
10,85446,252,0.0,11294,410,85036
5,85451,252,0.0,11295,410,85041
4,85455,252,0.0,11296,410,85045
3,85458,252,0.0,11297,410,85048
2,85460,252,0.0,11298,410,85050
2,85462,252,0.0,11299,410,85052
8,85470,252,0.0,11300,410,85060
8,85478,252,0.0,11301,410,85068
2,85480,252,0.0,11302,410,85070
3,85483,252,0.0,11303,410,85073
6,85489,252,0.0,11304,410,85079
3,85492,252,0.0,11305,410,85082
4,85496,252,0.0,11306,410,85086
8,85504,252,0.0,11307,410,85094
12,85516,252,0.0,11308,410,85106
2,85518,252,0.0,11309,410,85108
5,85523,252,0.0,11310,410,85113
4,85527,252,0.0,11311,410,85117
2,85529,252,0.0,11312,410,85119
5,85534,252,0.0,11313,410,85124
2,85536,252,0.0,11314,410,85126
6,85542,252,0.0,11315,410,85132
3,85545,252,0.0,11316,410,85135
16,85561,252,0.0,11317,410,85151
9,85570,252,0.0,11318,410,85160
6,85576,252,0.0,11319,410,85166
10,85586,252,0.0,11320,410,85176
9,85595,252,0.0,11321,410,85185
15,85610,253,1.0,11322,410,85200
5,85615,253,0.0,11323,410,85205
11,85626,253,0.0,11324,410,85216
4,85630,253,0.0,11325,410,85220
8,85638,253,0.0,11326,410,85228
10,85648,253,0.0,11327,410,85238
8,85656,253,0.0,11328,410,85246
8,85664,253,0.0,11329,410,85254
2,85666,253,0.0,11330,410,85256
2,85668,253,0.0,11331,410,85258
2,85670,253,0.0,11332,410,85260
2,85672,253,0.0,11333,410,85262
3,85675,253,0.0,11334,410,85265
10,85685,253,0.0,11335,410,85275
3,85688,253,0.0,11336,410,85278
4,85692,253,0.0,11337,410,85282
17,85709,253,0.0,11338,410,85299
15,85724,253,0.0,11339,410,85314
7,85731,253,0.0,11340,410,85321
7,85738,253,0.0,11341,410,85328
6,85744,253,0.0,11342,410,85334
15,85759,253,0.0,11343,410,85349
5,85764,253,0.0,11344,410,85354
3,85767,253,0.0,11345,410,85357
21,85788,253,0.0,11346,410,85378
14,85802,253,0.0,11347,410,85392
5,85807,253,0.0,11348,410,85397
5,85812,253,0.0,11349,410,85402
5,85817,253,0.0,11350,410,85407
9,85826,253,0.0,11351,410,85416
10,85836,253,0.0,11352,410,85426
11,85847,253,0.0,11353,410,85437
3,85850,253,0.0,11354,410,85440
15,85865,253,0.0,11355,410,85455
3,85868,253,0.0,11356,410,85458
7,85875,253,0.0,11357,410,85465
9,85884,253,0.0,11358,410,85474
5,85889,253,0.0,11359,410,85479
12,85901,253,0.0,11360,410,85491
3,85904,253,0.0,11361,410,85494
6,85910,253,0.0,11362,410,85500
7,85917,253,0.0,11363,410,85507
7,85924,253,0.0,11364,410,85514
13,85937,253,0.0,11365,410,85527
7,85944,253,0.0,11366,410,85534
6,85950,253,0.0,11367,410,85540
5,85955,253,0.0,11368,410,85545
3,85958,253,0.0,11369,410,85548
2,85960,253,0.0,11370,410,85550
15,85975,254,1.0,11371,410,85565
14,85989,254,0.0,11372,410,85579
14,86003,254,0.0,11373,410,85593
9,86012,254,0.0,11374,410,85602
3,86015,254,0.0,11375,410,85605
7,86022,254,0.0,11376,410,85612
14,86036,254,0.0,11377,410,85626
15,86051,254,0.0,11378,410,85641
7,86058,254,0.0,11379,410,85648
8,86066,254,0.0,11380,410,85656
2,86068,254,0.0,11381,410,85658
24,86092,254,0.0,11382,410,85682
6,86098,254,0.0,11383,410,85688
17,86115,254,0.0,11384,410,85705
10,86125,254,0.0,11385,410,85715
3,86128,254,0.0,11386,410,85718
7,86135,254,0.0,11387,410,85725
4,86139,254,0.0,11388,410,85729
2,86141,254,0.0,11389,410,85731
2,86143,254,0.0,11390,410,85733
13,86156,254,0.0,11391,410,85746
17,86173,254,0.0,11392,410,85763
5,86178,254,0.0,11393,410,85768
2,86180,254,0.0,11394,410,85770
5,86185,254,0.0,11395,410,85775
6,86191,254,0.0,11396,410,85781
5,86196,254,0.0,11397,410,85786
5,86201,254,0.0,11398,410,85791
3,86204,254,0.0,11399,410,85794
5,86209,254,0.0,11400,410,85799
3,86212,254,0.0,11401,410,85802
10,86222,254,0.0,11402,410,85812
14,86236,254,0.0,11403,410,85826
11,86247,254,0.0,11404,410,85837
3,86250,254,0.0,11405,410,85840
4,86254,254,0.0,11406,410,85844
2,86256,254,0.0,11407,410,85846
4,86260,254,0.0,11408,410,85850
2,86262,254,0.0,11409,410,85852
6,86268,254,0.0,11410,410,85858
6,86274,254,0.0,11411,410,85864
13,86287,254,0.0,11412,410,85877
10,86297,254,0.0,11413,410,85887
9,86306,254,0.0,11414,410,85896
14,86320,254,0.0,11415,410,85910
7,86327,254,0.0,11416,410,85917
4,86331,254,0.0,11417,410,85921
2,86333,254,0.0,11418,410,85923
6,86339,254,0.0,11419,410,85929
21,86360,254,0.0,11420,410,85950
7,86367,254,0.0,11421,410,85957
5,86372,254,0.0,11422,410,85962
6,86378,254,0.0,11423,410,85968
6,86384,254,0.0,11424,410,85974
4,86388,254,0.0,11425,410,85978
8,86396,254,0.0,11426,410,85986
15,86411,254,0.0,11427,410,86001
2,86413,254,0.0,11428,410,86003
2,86415,254,0.0,11429,410,86005
15,86430,254,0.0,11430,410,86020
9,86439,254,0.0,11431,410,86029
5,86444,254,0.0,11432,410,86034
4,86448,254,0.0,11433,410,86038
21,86469,254,0.0,11434,410,86059
6,86475,254,0.0,11435,410,86065
7,86482,254,0.0,11436,410,86072
6,86488,254,0.0,11437,410,86078
6,86494,254,0.0,11438,410,86084
15,86509,254,0.0,11439,410,86099
4,86513,254,0.0,11440,410,86103
13,86526,254,0.0,11441,410,86116
11,86537,254,0.0,11442,410,86127
4,86541,254,0.0,11443,410,86131
6,86547,254,0.0,11444,410,86137
7,86554,254,0.0,11445,410,86144
14,86568,254,0.0,11446,410,86158
6,86574,254,0.0,11447,410,86164
8,86582,254,0.0,11448,410,86172
10,86592,254,0.0,11449,410,86182
6,86598,254,0.0,11450,410,86188
10,86608,254,0.0,11451,410,86198
10,86618,254,0.0,11452,410,86208
14,86632,254,0.0,11453,410,86222
14,86646,254,0.0,11454,410,86236
5,86651,254,0.0,11455,410,86241
8,86659,254,0.0,11456,410,86249
16,86675,254,0.0,11457,410,86265
7,86682,254,0.0,11458,410,86272
29,86711,254,0.0,11459,410,86301
9,86720,254,0.0,11460,410,86310
6,86726,254,0.0,11461,410,86316
3,86729,254,0.0,11462,410,86319
11,86740,254,0.0,11463,410,86330
6,86746,254,0.0,11464,410,86336
13,86759,254,0.0,11465,410,86349
2,86761,254,0.0,11466,410,86351
2,86763,254,0.0,11467,410,86353
5,86768,254,0.0,11468,410,86358
13,86781,254,0.0,11469,410,86371
18,86799,254,0.0,11470,410,86389
6,86805,254,0.0,11471,410,86395
9,86814,254,0.0,11472,410,86404
14,86828,254,0.0,11473,410,86418
4,86832,254,0.0,11474,410,86422
8,86840,254,0.0,11475,410,86430
7,86847,254,0.0,11476,410,86437
11,86858,254,0.0,11477,410,86448
20,86878,254,0.0,11478,410,86468
4,86882,254,0.0,11479,410,86472
16,86898,254,0.0,11480,410,86488
4,86902,254,0.0,11481,410,86492
6,86908,254,0.0,11482,410,86498
9,86917,254,0.0,11483,410,86507
6,86923,254,0.0,11484,410,86513
3,86926,254,0.0,11485,410,86516
8,86934,254,0.0,11486,410,86524
7,86941,254,0.0,11487,410,86531
9,86950,254,0.0,11488,410,86540
7,86957,254,0.0,11489,410,86547
9,86966,254,0.0,11490,410,86556
7,86973,254,0.0,11491,410,86563
4,86977,254,0.0,11492,410,86567
7,86984,254,0.0,11493,410,86574
4,86988,254,0.0,11494,410,86578
3,86991,254,0.0,11495,410,86581
3,86994,254,0.0,11496,410,86584
2,86996,254,0.0,11497,410,86586
7,87003,254,0.0,11498,410,86593
19,87022,254,0.0,11499,410,86612
2,87024,254,0.0,11500,410,86614
5,87029,254,0.0,11501,410,86619
15,87044,254,0.0,11502,410,86634
2,87046,254,0.0,11503,410,86636
4,87050,254,0.0,11504,410,86640
7,87057,254,0.0,11505,410,86647
4,87061,254,0.0,11506,410,86651
4,87065,254,0.0,11507,410,86655
13,87078,254,0.0,11508,410,86668
3,87081,254,0.0,11509,410,86671
2,87083,254,0.0,11510,410,86673
2,87085,254,0.0,11511,410,86675
2,87087,254,0.0,11512,410,86677
5,87092,254,0.0,11513,410,86682
4,87096,254,0.0,11514,410,86686
4,87100,254,0.0,11515,410,86690
4,87104,254,0.0,11516,410,86694
7,87111,254,0.0,11517,410,86701
10,87121,254,0.0,11518,410,86711
18,87139,254,0.0,11519,410,86729
2,87141,254,0.0,11520,410,86731
3,87144,254,0.0,11521,410,86734
12,87156,254,0.0,11522,410,86746
7,87163,254,0.0,11523,410,86753
4,87167,254,0.0,11524,410,86757
22,87189,254,0.0,11525,410,86779
8,87197,254,0.0,11526,410,86787
3,87200,254,0.0,11527,410,86790
15,87215,255,1.0,11528,410,86805
8,87223,255,0.0,11529,410,86813
7,87230,255,0.0,11530,410,86820
4,87234,255,0.0,11531,410,86824
13,87247,255,0.0,11532,410,86837
14,87261,255,0.0,11533,410,86851
2,87263,255,0.0,11534,410,86853
15,87278,255,0.0,11535,410,86868
2,87280,255,0.0,11536,410,86870
3,87283,255,0.0,11537,410,86873
4,87287,255,0.0,11538,410,86877
16,87303,255,0.0,11539,410,86893
4,87307,255,0.0,11540,410,86897
2,87309,255,0.0,11541,410,86899
11,87320,255,0.0,11542,410,86910
3,87323,255,0.0,11543,410,86913
13,87336,255,0.0,11544,410,86926
16,87352,255,0.0,11545,410,86942
6,87358,255,0.0,11546,410,86948
11,87369,255,0.0,11547,410,86959
6,87375,255,0.0,11548,410,86965
8,87383,255,0.0,11549,410,86973
2,87385,255,0.0,11550,410,86975
2,87387,255,0.0,11551,410,86977
2,87389,255,0.0,11552,410,86979
11,87400,255,0.0,11553,410,86990
4,87404,255,0.0,11554,410,86994
8,87412,255,0.0,11555,410,87002
7,87419,255,0.0,11556,410,87009
5,87424,255,0.0,11557,410,87014
7,87431,255,0.0,11558,410,87021
15,87446,255,0.0,11559,410,87036
16,87462,255,0.0,11560,410,87052
21,87483,255,0.0,11561,410,87073
6,87489,255,0.0,11562,410,87079
2,87491,255,0.0,11563,410,87081
6,87497,255,0.0,11564,410,87087
3,87500,255,0.0,11565,410,87090
4,87504,255,0.0,11566,410,87094
5,87509,255,0.0,11567,410,87099
3,87512,255,0.0,11568,410,87102
8,87520,255,0.0,11569,410,87110
12,87532,255,0.0,11570,410,87122
3,87535,255,0.0,11571,410,87125
2,87537,255,0.0,11572,410,87127
7,87544,255,0.0,11573,410,87134
11,87555,255,0.0,11574,410,87145
2,87557,255,0.0,11575,410,87147
7,87564,255,0.0,11576,410,87154
3,87567,255,0.0,11577,410,87157
11,87578,255,0.0,11578,410,87168
3,87581,255,0.0,11579,410,87171
7,87588,255,0.0,11580,410,87178
6,87594,255,0.0,11581,410,87184
2,87596,255,0.0,11582,410,87186
2,87598,255,0.0,11583,410,87188
11,87609,255,0.0,11584,410,87199
4,87613,255,0.0,11585,410,87203
3,87616,255,0.0,11586,410,87206
9,87625,255,0.0,11587,410,87215
5,87630,255,0.0,11588,410,87220
10,87640,255,0.0,11589,410,87230
5,87645,255,0.0,11590,410,87235
13,87658,255,0.0,11591,410,87248
7,87665,255,0.0,11592,410,87255
5,87670,255,0.0,11593,410,87260
21,87691,255,0.0,11594,410,87281
9,87700,255,0.0,11595,410,87290
7,87707,255,0.0,11596,410,87297
9,87716,255,0.0,11597,410,87306
5,87721,255,0.0,11598,410,87311
10,87731,255,0.0,11599,410,87321
8,87739,255,0.0,11600,410,87329
4,87743,255,0.0,11601,410,87333
4,87747,255,0.0,11602,410,87337
5,87752,255,0.0,11603,410,87342
2,87754,255,0.0,11604,410,87344
4,87758,255,0.0,11605,410,87348
21,87779,255,0.0,11606,410,87369
9,87788,255,0.0,11607,410,87378
12,87800,255,0.0,11608,410,87390
8,87808,255,0.0,11609,410,87398
2,87810,255,0.0,11610,410,87400
10,87820,255,0.0,11611,410,87410
2,87822,255,0.0,11612,410,87412
3,87825,255,0.0,11613,410,87415
6,87831,255,0.0,11614,410,87421
5,87836,255,0.0,11615,410,87426
20,87856,255,0.0,11616,410,87446
11,87867,255,0.0,11617,410,87457
2,87869,255,0.0,11618,410,87459
13,87882,255,0.0,11619,410,87472
3,87885,255,0.0,11620,410,87475
3,87888,255,0.0,11621,410,87478
7,87895,255,0.0,11622,410,87485
12,87907,255,0.0,11623,410,87497
3,87910,255,0.0,11624,410,87500
2,87912,255,0.0,11625,410,87502
15,87927,255,0.0,11626,410,87517
3,87930,255,0.0,11627,410,87520
6,87936,255,0.0,11628,410,87526
6,87942,255,0.0,11629,410,87532
11,87953,255,0.0,11630,410,87543
3,87956,255,0.0,11631,410,87546
2,87958,255,0.0,11632,410,87548
7,87965,255,0.0,11633,410,87555
2,87967,255,0.0,11634,410,87557
7,87974,255,0.0,11635,410,87564
14,87988,255,0.0,11636,410,87578
12,88000,255,0.0,11637,410,87590
4,88004,255,0.0,11638,410,87594
9,88013,255,0.0,11639,410,87603
9,88022,255,0.0,11640,410,87612
5,88027,255,0.0,11641,410,87617
4,88031,255,0.0,11642,410,87621
7,88038,255,0.0,11643,410,87628
2,88040,255,0.0,11644,410,87630
3,88043,255,0.0,11645,410,87633
11,88054,255,0.0,11646,410,87644
3,88057,255,0.0,11647,410,87647
10,88067,255,0.0,11648,410,87657
9,88076,255,0.0,11649,410,87666
8,88084,255,0.0,11650,410,87674
15,88099,255,0.0,11651,410,87689
10,88109,255,0.0,11652,410,87699
14,88123,255,0.0,11653,410,87713
13,88136,255,0.0,11654,410,87726
10,88146,255,0.0,11655,410,87736
2,88148,255,0.0,11656,410,87738
2,88150,255,0.0,11657,410,87740
4,88154,255,0.0,11658,410,87744
3,88157,255,0.0,11659,410,87747
2,88159,255,0.0,11660,410,87749
9,88168,255,0.0,11661,410,87758
3,88171,255,0.0,11662,410,87761
2,88173,255,0.0,11663,410,87763
6,88179,255,0.0,11664,410,87769
7,88186,255,0.0,11665,410,87776
8,88194,255,0.0,11666,410,87784
6,88200,255,0.0,11667,410,87790
2,88202,255,0.0,11668,410,87792
6,88208,255,0.0,11669,410,87798
3,88211,255,0.0,11670,410,87801
4,88215,255,0.0,11671,410,87805
7,88222,255,0.0,11672,410,87812
6,88228,255,0.0,11673,410,87818
11,88239,255,0.0,11674,410,87829
8,88247,255,0.0,11675,410,87837
20,88267,255,0.0,11676,410,87857
7,88274,255,0.0,11677,410,87864
2,88276,255,0.0,11678,410,87866
3,88279,255,0.0,11679,410,87869
2,88281,255,0.0,11680,410,87871
8,88289,255,0.0,11681,410,87879
10,88299,255,0.0,11682,410,87889
2,88301,255,0.0,11683,410,87891
2,88303,255,0.0,11684,410,87893
9,88312,255,0.0,11685,410,87902
12,88324,255,0.0,11686,410,87914
3,88327,255,0.0,11687,410,87917
2,88329,255,0.0,11688,410,87919
16,88345,255,0.0,11689,410,87935
6,88351,255,0.0,11690,410,87941
13,88364,255,0.0,11691,410,87954
8,88372,255,0.0,11692,410,87962
4,88376,255,0.0,11693,410,87966
12,88388,255,0.0,11694,410,87978
11,88399,255,0.0,11695,410,87989
5,88404,255,0.0,11696,410,87994
8,88412,255,0.0,11697,410,88002
2,88414,255,0.0,11698,410,88004
2,88416,255,0.0,11699,410,88006
5,88421,255,0.0,11700,410,88011
8,88429,255,0.0,11701,410,88019
10,88439,255,0.0,11702,410,88029
2,88441,255,0.0,11703,410,88031
4,88445,255,0.0,11704,410,88035
2,88447,255,0.0,11705,410,88037
12,88459,255,0.0,11706,410,88049
8,88467,255,0.0,11707,410,88057
2,88469,255,0.0,11708,410,88059
6,88475,255,0.0,11709,410,88065
2,88477,255,0.0,11710,410,88067
2,88479,255,0.0,11711,410,88069
26,88505,255,0.0,11712,410,88095
4,88509,255,0.0,11713,410,88099
7,88516,255,0.0,11714,410,88106
12,88528,255,0.0,11715,410,88118
7,88535,255,0.0,11716,410,88125
2,88537,255,0.0,11717,410,88127
6,88543,255,0.0,11718,410,88133
7,88550,255,0.0,11719,410,88140
16,88566,255,0.0,11720,410,88156
5,88571,255,0.0,11721,410,88161
5,88576,255,0.0,11722,410,88166
8,88584,255,0.0,11723,410,88174
2,88586,255,0.0,11724,410,88176
2,88588,255,0.0,11725,410,88178
2,88590,255,0.0,11726,410,88180
8,88598,255,0.0,11727,410,88188
6,88604,255,0.0,11728,410,88194
40,88644,255,0.0,11729,410,88234
4,88648,255,0.0,11730,410,88238
12,88660,255,0.0,11731,410,88250
7,88667,255,0.0,11732,410,88257
24,88691,256,1.0,11733,410,88281
11,88702,256,0.0,11734,410,88292
5,88707,256,0.0,11735,410,88297
4,88711,256,0.0,11736,410,88301
6,88717,256,0.0,11737,410,88307
26,88743,256,0.0,11738,410,88333
4,88747,256,0.0,11739,410,88337
7,88754,256,0.0,11740,410,88344
7,88761,256,0.0,11741,410,88351
4,88765,256,0.0,11742,410,88355
10,88775,256,0.0,11743,410,88365
11,88786,256,0.0,11744,410,88376
16,88802,256,0.0,11745,410,88392
15,88817,256,0.0,11746,410,88407
7,88824,256,0.0,11747,410,88414
15,88839,256,0.0,11748,410,88429
4,88843,256,0.0,11749,410,88433
4,88847,256,0.0,11750,410,88437
10,88857,256,0.0,11751,410,88447
4,88861,256,0.0,11752,410,88451
4,88865,256,0.0,11753,410,88455
13,88878,256,0.0,11754,410,88468
7,88885,256,0.0,11755,410,88475
5,88890,256,0.0,11756,410,88480
8,88898,256,0.0,11757,410,88488
4,88902,256,0.0,11758,410,88492
9,88911,256,0.0,11759,410,88501
4,88915,256,0.0,11760,410,88505
10,88925,256,0.0,11761,410,88515
3,88928,256,0.0,11762,410,88518
2,88930,256,0.0,11763,410,88520
8,88938,256,0.0,11764,410,88528
12,88950,256,0.0,11765,410,88540
4,88954,256,0.0,11766,410,88544
2,88956,256,0.0,11767,410,88546
17,88973,256,0.0,11768,410,88563
5,88978,256,0.0,11769,410,88568
10,88988,256,0.0,11770,410,88578
3,88991,256,0.0,11771,410,88581
4,88995,256,0.0,11772,410,88585
4,88999,256,0.0,11773,410,88589
10,89009,256,0.0,11774,410,88599
7,89016,256,0.0,11775,410,88606
9,89025,256,0.0,11776,410,88615
7,89032,256,0.0,11777,410,88622
12,89044,256,0.0,11778,410,88634
18,89062,256,0.0,11779,410,88652
2,89064,256,0.0,11780,410,88654
29,89093,256,0.0,11781,410,88683
18,89111,256,0.0,11782,410,88701
4,89115,256,0.0,11783,410,88705
5,89120,256,0.0,11784,410,88710
5,89125,256,0.0,11785,410,88715
10,89135,256,0.0,11786,410,88725
3,89138,256,0.0,11787,410,88728
2,89140,256,0.0,11788,410,88730
6,89146,256,0.0,11789,410,88736
4,89150,256,0.0,11790,410,88740
8,89158,256,0.0,11791,410,88748
2,89160,256,0.0,11792,410,88750
2,89162,256,0.0,11793,410,88752
8,89170,256,0.0,11794,410,88760
2,89172,256,0.0,11795,410,88762
5,89177,256,0.0,11796,410,88767
8,89185,256,0.0,11797,410,88775
19,89204,256,0.0,11798,410,88794
4,89208,256,0.0,11799,410,88798
4,89212,256,0.0,11800,410,88802
2,89214,256,0.0,11801,410,88804
9,89223,256,0.0,11802,410,88813
5,89228,256,0.0,11803,410,88818
27,89255,256,0.0,11804,410,88845
7,89262,256,0.0,11805,410,88852
2,89264,256,0.0,11806,410,88854
4,89268,256,0.0,11807,410,88858
10,89278,256,0.0,11808,410,88868
9,89287,256,0.0,11809,410,88877
11,89298,256,0.0,11810,410,88888
8,89306,256,0.0,11811,410,88896
6,89312,256,0.0,11812,410,88902
5,89317,256,0.0,11813,410,88907
11,89328,256,0.0,11814,410,88918
7,89335,256,0.0,11815,410,88925
5,89340,256,0.0,11816,410,88930
4,89344,256,0.0,11817,410,88934
3,89347,256,0.0,11818,410,88937
2,89349,256,0.0,11819,410,88939
10,89359,256,0.0,11820,410,88949
4,89363,256,0.0,11821,410,88953
12,89375,256,0.0,11822,410,88965
7,89382,256,0.0,11823,410,88972
8,89390,256,0.0,11824,410,88980
12,89402,256,0.0,11825,410,88992
5,89407,256,0.0,11826,410,88997
3,89410,256,0.0,11827,410,89000
9,89419,256,0.0,11828,410,89009
2,89421,256,0.0,11829,410,89011
4,89425,256,0.0,11830,410,89015
3,89428,256,0.0,11831,410,89018
10,89438,256,0.0,11832,410,89028
4,89442,256,0.0,11833,410,89032
11,89453,256,0.0,11834,410,89043
3,89456,256,0.0,11835,410,89046
6,89462,256,0.0,11836,410,89052
8,89470,256,0.0,11837,410,89060
2,89472,256,0.0,11838,410,89062
6,89478,256,0.0,11839,410,89068
12,89490,256,0.0,11840,410,89080
8,89498,256,0.0,11841,410,89088
2,89500,256,0.0,11842,410,89090
8,89508,256,0.0,11843,410,89098
5,89513,256,0.0,11844,410,89103
4,89517,256,0.0,11845,410,89107
6,89523,256,0.0,11846,410,89113
5,89528,256,0.0,11847,410,89118
3,89531,256,0.0,11848,410,89121
4,89535,256,0.0,11849,410,89125
2,89537,256,0.0,11850,410,89127
8,89545,256,0.0,11851,410,89135
7,89552,256,0.0,11852,410,89142
3,89555,256,0.0,11853,410,89145
18,89573,256,0.0,11854,410,89163
10,89583,256,0.0,11855,410,89173
2,89585,256,0.0,11856,410,89175
7,89592,256,0.0,11857,410,89182
8,89600,256,0.0,11858,410,89190
7,89607,256,0.0,11859,410,89197
21,89628,256,0.0,11860,410,89218
2,89630,256,0.0,11861,410,89220
7,89637,256,0.0,11862,410,89227
2,89639,256,0.0,11863,410,89229
3,89642,256,0.0,11864,410,89232
2,89644,256,0.0,11865,410,89234
12,89656,256,0.0,11866,410,89246
15,89671,257,1.0,11867,410,89261
5,89676,257,0.0,11868,410,89266
3,89679,257,0.0,11869,410,89269
8,89687,257,0.0,11870,410,89277
5,89692,257,0.0,11871,410,89282
2,89694,257,0.0,11872,410,89284
10,89704,257,0.0,11873,410,89294
2,89706,257,0.0,11874,410,89296
12,89718,257,0.0,11875,410,89308
2,89720,257,0.0,11876,410,89310
2,89722,257,0.0,11877,410,89312
3,89725,257,0.0,11878,410,89315
8,89733,257,0.0,11879,410,89323
4,89737,257,0.0,11880,410,89327
2,89739,257,0.0,11881,410,89329
7,89746,257,0.0,11882,410,89336
7,89753,257,0.0,11883,410,89343
13,89766,257,0.0,11884,410,89356
4,89770,257,0.0,11885,410,89360
6,89776,257,0.0,11886,410,89366
5,89781,257,0.0,11887,410,89371
3,89784,257,0.0,11888,410,89374
6,89790,257,0.0,11889,410,89380
15,89805,258,1.0,11890,410,89395
2,89807,258,0.0,11891,410,89397
10,89817,258,0.0,11892,410,89407
3,89820,258,0.0,11893,410,89410
5,89825,258,0.0,11894,410,89415
26,89851,258,0.0,11895,410,89441
3,89854,258,0.0,11896,410,89444
6,89860,258,0.0,11897,410,89450
11,89871,258,0.0,11898,410,89461
2,89873,258,0.0,11899,410,89463
20,89893,258,0.0,11900,410,89483
8,89901,258,0.0,11901,410,89491
10,89911,258,0.0,11902,410,89501
8,89919,258,0.0,11903,410,89509
9,89928,258,0.0,11904,410,89518
8,89936,258,0.0,11905,410,89526
4,89940,258,0.0,11906,410,89530
10,89950,258,0.0,11907,410,89540
8,89958,258,0.0,11908,410,89548
10,89968,258,0.0,11909,410,89558
8,89976,258,0.0,11910,410,89566
2,89978,258,0.0,11911,410,89568
15,89993,258,0.0,11912,410,89583
7,90000,258,0.0,11913,410,89590
12,90012,258,0.0,11914,410,89602
7,90019,258,0.0,11915,410,89609
3,90022,258,0.0,11916,410,89612
2,90024,258,0.0,11917,410,89614
10,90034,258,0.0,11918,410,89624
6,90040,258,0.0,11919,410,89630
13,90053,258,0.0,11920,410,89643
4,90057,258,0.0,11921,410,89647
21,90078,258,0.0,11922,410,89668
2,90080,258,0.0,11923,410,89670
12,90092,258,0.0,11924,410,89682
4,90096,258,0.0,11925,410,89686
7,90103,258,0.0,11926,410,89693
13,90116,258,0.0,11927,410,89706
9,90125,258,0.0,11928,410,89715
8,90133,258,0.0,11929,410,89723
2,90135,258,0.0,11930,410,89725
20,90155,258,0.0,11931,410,89745
3,90158,258,0.0,11932,410,89748
3,90161,258,0.0,11933,410,89751
16,90177,258,0.0,11934,410,89767
8,90185,258,0.0,11935,410,89775
7,90192,258,0.0,11936,410,89782
14,90206,259,1.0,11937,410,89796
12,90218,259,0.0,11938,410,89808
7,90225,259,0.0,11939,410,89815
21,90246,259,0.0,11940,410,89836
8,90254,259,0.0,11941,410,89844
12,90266,259,0.0,11942,410,89856
4,90270,259,0.0,11943,410,89860
12,90282,259,0.0,11944,410,89872
6,90288,259,0.0,11945,410,89878
17,90305,259,0.0,11946,410,89895
2,90307,259,0.0,11947,410,89897
2,90309,259,0.0,11948,410,89899
11,90320,259,0.0,11949,410,89910
8,90328,259,0.0,11950,410,89918
36,90364,259,0.0,11951,410,89954
5,90369,259,0.0,11952,410,89959
2,90371,259,0.0,11953,410,89961
15,90386,259,0.0,11954,410,89976
5,90391,259,0.0,11955,410,89981
6,90397,259,0.0,11956,410,89987
4,90401,259,0.0,11957,410,89991
23,90424,259,0.0,11958,410,90014
3,90427,259,0.0,11959,410,90017
7,90434,259,0.0,11960,410,90024
4,90438,259,0.0,11961,410,90028
4,90442,259,0.0,11962,410,90032
4,90446,259,0.0,11963,410,90036
18,90464,259,0.0,11964,410,90054
3,90467,259,0.0,11965,410,90057
7,90474,259,0.0,11966,410,90064
2,90476,259,0.0,11967,410,90066
3,90479,259,0.0,11968,410,90069
2,90481,259,0.0,11969,410,90071
4,90485,259,0.0,11970,410,90075
2,90487,259,0.0,11971,410,90077
3,90490,259,0.0,11972,410,90080
3,90493,259,0.0,11973,410,90083
5,90498,259,0.0,11974,410,90088
7,90505,259,0.0,11975,410,90095
2,90507,259,0.0,11976,410,90097
14,90521,259,0.0,11977,410,90111
4,90525,259,0.0,11978,410,90115
2,90527,259,0.0,11979,410,90117
2,90529,259,0.0,11980,410,90119
5,90534,259,0.0,11981,410,90124
24,90558,259,0.0,11982,410,90148
6,90564,259,0.0,11983,410,90154
2,90566,259,0.0,11984,410,90156
13,90579,259,0.0,11985,410,90169
23,90602,259,0.0,11986,410,90192
6,90608,259,0.0,11987,410,90198
5,90613,259,0.0,11988,410,90203
7,90620,259,0.0,11989,410,90210
5,90625,259,0.0,11990,410,90215
5,90630,259,0.0,11991,410,90220
10,90640,259,0.0,11992,410,90230
4,90644,259,0.0,11993,410,90234
2,90646,259,0.0,11994,410,90236
10,90656,259,0.0,11995,410,90246
13,90669,259,0.0,11996,410,90259
5,90674,259,0.0,11997,410,90264
7,90681,259,0.0,11998,410,90271
2,90683,259,0.0,11999,410,90273
11,90694,259,0.0,12000,410,90284
4,90698,259,0.0,12001,410,90288
8,90706,259,0.0,12002,410,90296
3,90709,259,0.0,12003,410,90299
6,90715,259,0.0,12004,410,90305
6,90721,259,0.0,12005,410,90311
2,90723,259,0.0,12006,410,90313
8,90731,259,0.0,12007,410,90321
5,90736,259,0.0,12008,410,90326
11,90747,259,0.0,12009,410,90337
9,90756,259,0.0,12010,410,90346
8,90764,259,0.0,12011,410,90354
14,90778,259,0.0,12012,410,90368
7,90785,259,0.0,12013,410,90375
7,90792,259,0.0,12014,410,90382
2,90794,259,0.0,12015,410,90384
12,90806,259,0.0,12016,410,90396
9,90815,259,0.0,12017,410,90405
8,90823,259,0.0,12018,410,90413
3,90826,259,0.0,12019,410,90416
8,90834,259,0.0,12020,411,90423
9,90843,259,0.0,12021,411,90432
12,90855,259,0.0,12022,411,90444
7,90862,259,0.0,12023,411,90451
8,90870,259,0.0,12024,411,90459
6,90876,259,0.0,12025,411,90465
7,90883,259,0.0,12026,411,90472
8,90891,259,0.0,12027,411,90480
16,90907,259,0.0,12028,411,90496
6,90913,259,0.0,12029,411,90502
10,90923,259,0.0,12030,411,90512
9,90932,259,0.0,12031,411,90521
3,90935,259,0.0,12032,411,90524
11,90946,259,0.0,12033,411,90535
9,90955,259,0.0,12034,411,90544
4,90959,259,0.0,12035,411,90548
15,90974,259,0.0,12036,411,90563
2,90976,259,0.0,12037,411,90565
2,90978,259,0.0,12038,411,90567
3,90981,259,0.0,12039,411,90570
23,91004,259,0.0,12040,411,90593
21,91025,259,0.0,12041,411,90614
6,91031,259,0.0,12042,411,90620
6,91037,259,0.0,12043,411,90626
6,91043,259,0.0,12044,411,90632
12,91055,259,0.0,12045,411,90644
6,91061,259,0.0,12046,411,90650
2,91063,259,0.0,12047,411,90652
7,91070,259,0.0,12048,411,90659
11,91081,259,0.0,12049,411,90670
4,91085,259,0.0,12050,411,90674
11,91096,259,0.0,12051,411,90685
11,91107,259,0.0,12052,411,90696
7,91114,259,0.0,12053,411,90703
4,91118,259,0.0,12054,411,90707
9,91127,259,0.0,12055,411,90716
3,91130,259,0.0,12056,411,90719
13,91143,259,0.0,12057,411,90732
5,91148,259,0.0,12058,411,90737
20,91168,259,0.0,12059,411,90757
2,91170,259,0.0,12060,411,90759
26,91196,259,0.0,12061,411,90785
8,91204,259,0.0,12062,411,90793
6,91210,259,0.0,12063,411,90799
8,91218,259,0.0,12064,411,90807
5,91223,259,0.0,12065,411,90812
8,91231,259,0.0,12066,411,90820
4,91235,259,0.0,12067,411,90824
5,91240,259,0.0,12068,411,90829
4,91244,259,0.0,12069,411,90833
8,91252,260,1.0,12070,411,90841
3,91255,260,0.0,12071,411,90844
4,91259,260,0.0,12072,411,90848
7,91266,260,0.0,12073,411,90855
3,91269,260,0.0,12074,411,90858
6,91275,260,0.0,12075,411,90864
4,91279,260,0.0,12076,411,90868
3,91282,260,0.0,12077,411,90871
10,91292,260,0.0,12078,411,90881
13,91305,260,0.0,12079,411,90894
39,91344,260,0.0,12080,411,90933
5,91349,260,0.0,12081,411,90938
5,91354,260,0.0,12082,411,90943
2,91356,260,0.0,12083,411,90945
3,91359,260,0.0,12084,411,90948
10,91369,260,0.0,12085,411,90958
12,91381,260,0.0,12086,411,90970
5,91386,260,0.0,12087,411,90975
4,91390,260,0.0,12088,411,90979
2,91392,260,0.0,12089,411,90981
4,91396,260,0.0,12090,411,90985
8,91404,260,0.0,12091,411,90993
2,91406,260,0.0,12092,411,90995
3,91409,260,0.0,12093,411,90998
2,91411,260,0.0,12094,411,91000
3,91414,260,0.0,12095,411,91003
8,91422,260,0.0,12096,411,91011
11,91433,260,0.0,12097,411,91022
2,91435,260,0.0,12098,411,91024
11,91446,260,0.0,12099,411,91035
5,91451,260,0.0,12100,411,91040
4,91455,260,0.0,12101,411,91044
12,91467,260,0.0,12102,411,91056
5,91472,260,0.0,12103,411,91061
16,91488,260,0.0,12104,411,91077
5,91493,260,0.0,12105,411,91082
10,91503,260,0.0,12106,411,91092
14,91517,260,0.0,12107,411,91106
12,91529,260,0.0,12108,411,91118
4,91533,260,0.0,12109,411,91122
4,91537,260,0.0,12110,411,91126
5,91542,260,0.0,12111,411,91131
6,91548,260,0.0,12112,411,91137
4,91552,260,0.0,12113,411,91141
12,91564,260,0.0,12114,411,91153
4,91568,260,0.0,12115,411,91157
5,91573,260,0.0,12116,411,91162
13,91586,260,0.0,12117,411,91175
8,91594,260,0.0,12118,411,91183
3,91597,260,0.0,12119,411,91186
12,91609,260,0.0,12120,411,91198
13,91622,260,0.0,12121,411,91211
4,91626,260,0.0,12122,411,91215
21,91647,261,1.0,12123,411,91236
7,91654,261,0.0,12124,411,91243
13,91667,261,0.0,12125,411,91256
4,91671,261,0.0,12126,411,91260
5,91676,261,0.0,12127,411,91265
28,91704,261,0.0,12128,411,91293
12,91716,261,0.0,12129,411,91305
12,91728,261,0.0,12130,411,91317
5,91733,261,0.0,12131,411,91322
5,91738,261,0.0,12132,411,91327
5,91743,261,0.0,12133,411,91332
7,91750,261,0.0,12134,411,91339
7,91757,261,0.0,12135,411,91346
3,91760,261,0.0,12136,411,91349
7,91767,261,0.0,12137,411,91356
4,91771,261,0.0,12138,411,91360
4,91775,261,0.0,12139,411,91364
2,91777,261,0.0,12140,411,91366
10,91787,261,0.0,12141,411,91376
7,91794,261,0.0,12142,411,91383
2,91796,261,0.0,12143,411,91385
10,91806,261,0.0,12144,411,91395
14,91820,261,0.0,12145,411,91409
3,91823,261,0.0,12146,411,91412
14,91837,261,0.0,12147,411,91426
18,91855,261,0.0,12148,411,91444
8,91863,262,1.0,12149,411,91452
3,91866,262,0.0,12150,411,91455
4,91870,262,0.0,12151,411,91459
6,91876,262,0.0,12152,411,91465
4,91880,262,0.0,12153,411,91469
4,91884,262,0.0,12154,411,91473
14,91898,262,0.0,12155,411,91487
14,91912,262,0.0,12156,411,91501
8,91920,262,0.0,12157,411,91509
7,91927,262,0.0,12158,411,91516
10,91937,262,0.0,12159,411,91526
3,91940,262,0.0,12160,411,91529
4,91944,262,0.0,12161,411,91533
4,91948,262,0.0,12162,411,91537
4,91952,262,0.0,12163,411,91541
9,91961,262,0.0,12164,411,91550
37,91998,262,0.0,12165,411,91587
23,92021,262,0.0,12166,411,91610
7,92028,262,0.0,12167,411,91617
6,92034,262,0.0,12168,411,91623
12,92046,262,0.0,12169,411,91635
8,92054,262,0.0,12170,411,91643
9,92063,262,0.0,12171,411,91652
6,92069,262,0.0,12172,411,91658
3,92072,262,0.0,12173,411,91661
3,92075,262,0.0,12174,411,91664
7,92082,262,0.0,12175,411,91671
7,92089,262,0.0,12176,411,91678
2,92091,262,0.0,12177,411,91680
27,92118,263,1.0,12178,411,91707
3,92121,263,0.0,12179,411,91710
3,92124,263,0.0,12180,411,91713
2,92126,263,0.0,12181,411,91715
12,92138,263,0.0,12182,411,91727
7,92145,263,0.0,12183,411,91734
12,92157,263,0.0,12184,411,91746
11,92168,263,0.0,12185,411,91757
16,92184,263,0.0,12186,411,91773
18,92202,263,0.0,12187,411,91791
27,92229,264,1.0,12188,411,91818
3,92232,264,0.0,12189,411,91821
7,92239,264,0.0,12190,411,91828
2,92241,264,0.0,12191,411,91830
11,92252,264,0.0,12192,411,91841
26,92278,264,0.0,12193,411,91867
2,92280,264,0.0,12194,411,91869
4,92284,264,0.0,12195,411,91873
3,92287,264,0.0,12196,411,91876
3,92290,264,0.0,12197,411,91879
2,92292,264,0.0,12198,411,91881
4,92296,264,0.0,12199,411,91885
3,92299,264,0.0,12200,411,91888
9,92308,264,0.0,12201,411,91897
12,92320,264,0.0,12202,411,91909
3,92323,264,0.0,12203,411,91912
3,92326,264,0.0,12204,411,91915
3,92329,264,0.0,12205,411,91918
13,92342,264,0.0,12206,411,91931
2,92344,264,0.0,12207,411,91933
3,92347,264,0.0,12208,411,91936
9,92356,264,0.0,12209,411,91945
10,92366,264,0.0,12210,411,91955
15,92381,264,0.0,12211,411,91970
5,92386,264,0.0,12212,411,91975
17,92403,264,0.0,12213,411,91992
4,92407,264,0.0,12214,411,91996
2,92409,264,0.0,12215,411,91998
7,92416,264,0.0,12216,411,92005
4,92420,264,0.0,12217,411,92009
8,92428,264,0.0,12218,411,92017
12,92440,264,0.0,12219,411,92029
3,92443,264,0.0,12220,411,92032
5,92448,264,0.0,12221,411,92037
5,92453,264,0.0,12222,411,92042
6,92459,264,0.0,12223,411,92048
6,92465,264,0.0,12224,411,92054
10,92475,264,0.0,12225,411,92064
2,92477,264,0.0,12226,411,92066
6,92483,264,0.0,12227,411,92072
13,92496,264,0.0,12228,411,92085
13,92509,264,0.0,12229,411,92098
16,92525,264,0.0,12230,411,92114
2,92527,264,0.0,12231,411,92116
2,92529,264,0.0,12232,411,92118
9,92538,264,0.0,12233,411,92127
4,92542,264,0.0,12234,411,92131
7,92549,264,0.0,12235,411,92138
8,92557,264,0.0,12236,411,92146
12,92569,264,0.0,12237,411,92158
4,92573,264,0.0,12238,411,92162
10,92583,264,0.0,12239,411,92172
3,92586,264,0.0,12240,411,92175
10,92596,264,0.0,12241,411,92185
10,92606,264,0.0,12242,411,92195
5,92611,264,0.0,12243,411,92200
10,92621,264,0.0,12244,411,92210
2,92623,264,0.0,12245,411,92212
2,92625,264,0.0,12246,411,92214
2,92627,264,0.0,12247,411,92216
2,92629,264,0.0,12248,411,92218
18,92647,264,0.0,12249,411,92236
5,92652,264,0.0,12250,411,92241
6,92658,264,0.0,12251,411,92247
8,92666,264,0.0,12252,411,92255
6,92672,264,0.0,12253,411,92261
5,92677,264,0.0,12254,411,92266
2,92679,264,0.0,12255,411,92268
14,92693,264,0.0,12256,411,92282
10,92703,264,0.0,12257,411,92292
10,92713,264,0.0,12258,411,92302
6,92719,264,0.0,12259,411,92308
12,92731,264,0.0,12260,411,92320
7,92738,264,0.0,12261,411,92327
5,92743,264,0.0,12262,411,92332
6,92749,264,0.0,12263,411,92338
17,92766,264,0.0,12264,411,92355
5,92771,264,0.0,12265,411,92360
8,92779,264,0.0,12266,411,92368
7,92786,264,0.0,12267,411,92375
20,92806,264,0.0,12268,411,92395
12,92818,264,0.0,12269,411,92407
21,92839,264,0.0,12270,411,92428
12,92851,264,0.0,12271,411,92440
11,92862,264,0.0,12272,411,92451
9,92871,264,0.0,12273,411,92460
2,92873,264,0.0,12274,411,92462
3,92876,264,0.0,12275,411,92465
2,92878,264,0.0,12276,411,92467
2,92880,264,0.0,12277,411,92469
8,92888,264,0.0,12278,411,92477
15,92903,264,0.0,12279,411,92492
17,92920,264,0.0,12280,411,92509
13,92933,264,0.0,12281,411,92522
6,92939,264,0.0,12282,411,92528
9,92948,264,0.0,12283,411,92537
4,92952,264,0.0,12284,411,92541
2,92954,264,0.0,12285,411,92543
5,92959,264,0.0,12286,411,92548
2,92961,264,0.0,12287,411,92550
9,92970,264,0.0,12288,411,92559
4,92974,264,0.0,12289,411,92563
4,92978,264,0.0,12290,411,92567
11,92989,264,0.0,12291,411,92578
9,92998,264,0.0,12292,411,92587
6,93004,264,0.0,12293,411,92593
8,93012,264,0.0,12294,411,92601
12,93024,264,0.0,12295,411,92613
4,93028,264,0.0,12296,411,92617
2,93030,264,0.0,12297,411,92619
3,93033,264,0.0,12298,411,92622
10,93043,264,0.0,12299,411,92632
16,93059,264,0.0,12300,411,92648
4,93063,264,0.0,12301,411,92652
3,93066,264,0.0,12302,411,92655
10,93076,264,0.0,12303,411,92665
5,93081,264,0.0,12304,411,92670
8,93089,265,1.0,12305,411,92678
7,93096,265,0.0,12306,411,92685
5,93101,265,0.0,12307,411,92690
11,93112,265,0.0,12308,411,92701
3,93115,265,0.0,12309,411,92704
2,93117,265,0.0,12310,411,92706
5,93122,265,0.0,12311,411,92711
14,93136,266,1.0,12312,411,92725
10,93146,266,0.0,12313,411,92735
8,93154,266,0.0,12314,411,92743
2,93156,266,0.0,12315,411,92745
4,93160,266,0.0,12316,411,92749
7,93167,266,0.0,12317,411,92756
6,93173,266,0.0,12318,411,92762
7,93180,266,0.0,12319,411,92769
12,93192,266,0.0,12320,411,92781
4,93196,266,0.0,12321,411,92785
9,93205,266,0.0,12322,411,92794
3,93208,266,0.0,12323,411,92797
4,93212,266,0.0,12324,411,92801
8,93220,266,0.0,12325,411,92809
3,93223,266,0.0,12326,411,92812
4,93227,266,0.0,12327,411,92816
6,93233,266,0.0,12328,411,92822
8,93241,266,0.0,12329,411,92830
14,93255,266,0.0,12330,411,92844
7,93262,266,0.0,12331,411,92851
2,93264,266,0.0,12332,411,92853
10,93274,266,0.0,12333,411,92863
5,93279,266,0.0,12334,411,92868
5,93284,266,0.0,12335,411,92873
15,93299,266,0.0,12336,411,92888
4,93303,266,0.0,12337,411,92892
21,93324,266,0.0,12338,411,92913
4,93328,266,0.0,12339,411,92917
6,93334,266,0.0,12340,411,92923
7,93341,266,0.0,12341,411,92930
21,93362,266,0.0,12342,411,92951
7,93369,266,0.0,12343,411,92958
8,93377,266,0.0,12344,411,92966
4,93381,266,0.0,12345,411,92970
12,93393,266,0.0,12346,411,92982
14,93407,266,0.0,12347,411,92996
7,93414,266,0.0,12348,411,93003
7,93421,266,0.0,12349,411,93010
11,93432,266,0.0,12350,411,93021
2,93434,266,0.0,12351,411,93023
6,93440,266,0.0,12352,411,93029
2,93442,266,0.0,12353,411,93031
6,93448,266,0.0,12354,411,93037
10,93458,266,0.0,12355,411,93047
9,93467,266,0.0,12356,411,93056
7,93474,266,0.0,12357,411,93063
3,93477,266,0.0,12358,411,93066
8,93485,266,0.0,12359,411,93074
4,93489,266,0.0,12360,411,93078
3,93492,266,0.0,12361,411,93081
10,93502,266,0.0,12362,411,93091
8,93510,266,0.0,12363,411,93099
7,93517,266,0.0,12364,411,93106
7,93524,266,0.0,12365,411,93113
5,93529,266,0.0,12366,411,93118
2,93531,266,0.0,12367,411,93120
8,93539,267,1.0,12368,411,93128
7,93546,267,0.0,12369,411,93135
8,93554,267,0.0,12370,411,93143
10,93564,267,0.0,12371,411,93153
9,93573,267,0.0,12372,411,93162
4,93577,267,0.0,12373,411,93166
3,93580,267,0.0,12374,411,93169
2,93582,267,0.0,12375,411,93171
7,93589,267,0.0,12376,411,93178
11,93600,267,0.0,12377,411,93189
6,93606,267,0.0,12378,411,93195
7,93613,267,0.0,12379,411,93202
6,93619,267,0.0,12380,411,93208
3,93622,267,0.0,12381,411,93211
2,93624,267,0.0,12382,411,93213
7,93631,267,0.0,12383,411,93220
21,93652,267,0.0,12384,411,93241
2,93654,267,0.0,12385,411,93243
8,93662,267,0.0,12386,411,93251
7,93669,267,0.0,12387,411,93258
8,93677,267,0.0,12388,411,93266
7,93684,267,0.0,12389,411,93273
10,93694,267,0.0,12390,411,93283
3,93697,267,0.0,12391,411,93286
2,93699,267,0.0,12392,411,93288
2,93701,267,0.0,12393,411,93290
4,93705,267,0.0,12394,411,93294
9,93714,267,0.0,12395,411,93303
2,93716,267,0.0,12396,411,93305
5,93721,267,0.0,12397,411,93310
7,93728,267,0.0,12398,411,93317
8,93736,267,0.0,12399,411,93325
8,93744,267,0.0,12400,411,93333
8,93752,267,0.0,12401,411,93341
7,93759,267,0.0,12402,411,93348
2,93761,267,0.0,12403,411,93350
8,93769,267,0.0,12404,411,93358
4,93773,267,0.0,12405,411,93362
5,93778,267,0.0,12406,411,93367
17,93795,267,0.0,12407,411,93384
15,93810,267,0.0,12408,411,93399
7,93817,267,0.0,12409,411,93406
15,93832,267,0.0,12410,411,93421
3,93835,267,0.0,12411,411,93424
2,93837,267,0.0,12412,411,93426
5,93842,267,0.0,12413,411,93431
6,93848,267,0.0,12414,411,93437
8,93856,267,0.0,12415,411,93445
12,93868,267,0.0,12416,411,93457
20,93888,267,0.0,12417,411,93477
7,93895,267,0.0,12418,411,93484
9,93904,267,0.0,12419,411,93493
2,93906,267,0.0,12420,411,93495
9,93915,267,0.0,12421,411,93504
2,93917,267,0.0,12422,411,93506
14,93931,267,0.0,12423,411,93520
8,93939,267,0.0,12424,411,93528
4,93943,267,0.0,12425,411,93532
7,93950,267,0.0,12426,411,93539
2,93952,267,0.0,12427,411,93541
15,93967,268,1.0,12428,411,93556
2,93969,268,0.0,12429,411,93558
14,93983,268,0.0,12430,411,93572
7,93990,268,0.0,12431,411,93579
2,93992,268,0.0,12432,411,93581
7,93999,268,0.0,12433,411,93588
9,94008,268,0.0,12434,411,93597
5,94013,268,0.0,12435,411,93602
6,94019,268,0.0,12436,411,93608
3,94022,268,0.0,12437,411,93611
12,94034,268,0.0,12438,411,93623
3,94037,268,0.0,12439,411,93626
5,94042,268,0.0,12440,411,93631
16,94058,268,0.0,12441,411,93647
2,94060,268,0.0,12442,411,93649
6,94066,268,0.0,12443,411,93655
4,94070,268,0.0,12444,411,93659
3,94073,268,0.0,12445,411,93662
5,94078,268,0.0,12446,411,93667
7,94085,268,0.0,12447,411,93674
11,94096,268,0.0,12448,411,93685
2,94098,268,0.0,12449,411,93687
14,94112,268,0.0,12450,411,93701
7,94119,268,0.0,12451,411,93708
13,94132,268,0.0,12452,411,93721
12,94144,268,0.0,12453,411,93733
2,94146,268,0.0,12454,411,93735
11,94157,268,0.0,12455,411,93746
4,94161,268,0.0,12456,411,93750
14,94175,269,1.0,12457,411,93764
6,94181,269,0.0,12458,411,93770
14,94195,269,0.0,12459,411,93784
9,94204,269,0.0,12460,411,93793
11,94215,269,0.0,12461,411,93804
10,94225,269,0.0,12462,411,93814
4,94229,269,0.0,12463,411,93818
4,94233,269,0.0,12464,411,93822
6,94239,269,0.0,12465,411,93828
2,94241,269,0.0,12466,411,93830
10,94251,269,0.0,12467,411,93840
2,94253,269,0.0,12468,411,93842
5,94258,269,0.0,12469,411,93847
10,94268,269,0.0,12470,411,93857
13,94281,269,0.0,12471,411,93870
5,94286,269,0.0,12472,411,93875
8,94294,270,1.0,12473,411,93883
7,94301,270,0.0,12474,411,93890
8,94309,270,0.0,12475,411,93898
8,94317,270,0.0,12476,411,93906
14,94331,271,1.0,12477,411,93920
7,94338,271,0.0,12478,411,93927
4,94342,271,0.0,12479,411,93931
7,94349,271,0.0,12480,411,93938
4,94353,271,0.0,12481,411,93942
5,94358,271,0.0,12482,411,93947
3,94361,271,0.0,12483,411,93950
8,94369,271,0.0,12484,411,93958
8,94377,271,0.0,12485,411,93966
5,94382,271,0.0,12486,411,93971
8,94390,271,0.0,12487,411,93979
21,94411,271,0.0,12488,411,94000
11,94422,271,0.0,12489,411,94011
10,94432,271,0.0,12490,411,94021
2,94434,271,0.0,12491,411,94023
3,94437,271,0.0,12492,411,94026
3,94440,271,0.0,12493,411,94029
4,94444,271,0.0,12494,411,94033
24,94468,271,0.0,12495,411,94057
8,94476,271,0.0,12496,411,94065
2,94478,271,0.0,12497,411,94067
2,94480,271,0.0,12498,411,94069
11,94491,271,0.0,12499,411,94080
4,94495,271,0.0,12500,411,94084
2,94497,271,0.0,12501,411,94086
15,94512,271,0.0,12502,411,94101
3,94515,271,0.0,12503,411,94104
9,94524,271,0.0,12504,411,94113
2,94526,271,0.0,12505,411,94115
13,94539,271,0.0,12506,411,94128
8,94547,271,0.0,12507,411,94136
16,94563,271,0.0,12508,411,94152
3,94566,271,0.0,12509,411,94155
2,94568,271,0.0,12510,411,94157
3,94571,271,0.0,12511,411,94160
7,94578,271,0.0,12512,411,94167
8,94586,271,0.0,12513,411,94175
11,94597,271,0.0,12514,411,94186
3,94600,271,0.0,12515,411,94189
2,94602,271,0.0,12516,411,94191
14,94616,272,1.0,12517,411,94205
6,94622,272,0.0,12518,411,94211
8,94630,272,0.0,12519,411,94219
3,94633,272,0.0,12520,411,94222
2,94635,272,0.0,12521,411,94224
9,94644,272,0.0,12522,411,94233
4,94648,272,0.0,12523,411,94237
2,94650,272,0.0,12524,411,94239
7,94657,272,0.0,12525,411,94246
10,94667,272,0.0,12526,411,94256
5,94672,272,0.0,12527,411,94261
14,94686,272,0.0,12528,411,94275
5,94691,272,0.0,12529,411,94280
13,94704,272,0.0,12530,411,94293
12,94716,272,0.0,12531,411,94305
5,94721,272,0.0,12532,411,94310
4,94725,272,0.0,12533,411,94314
5,94730,272,0.0,12534,411,94319
21,94751,272,0.0,12535,411,94340
3,94754,272,0.0,12536,411,94343
14,94768,273,1.0,12537,411,94357
16,94784,273,0.0,12538,411,94373
6,94790,273,0.0,12539,411,94379
5,94795,273,0.0,12540,411,94384
3,94798,273,0.0,12541,411,94387
2,94800,273,0.0,12542,411,94389
15,94815,273,0.0,12543,411,94404
10,94825,273,0.0,12544,411,94414
13,94838,273,0.0,12545,411,94427
12,94850,273,0.0,12546,411,94439
5,94855,273,0.0,12547,411,94444
3,94858,273,0.0,12548,411,94447
9,94867,273,0.0,12549,411,94456
14,94881,273,0.0,12550,411,94470
21,94902,274,1.0,12551,411,94491
22,94924,274,0.0,12552,411,94513
3,94927,274,0.0,12553,411,94516
6,94933,274,0.0,12554,411,94522
7,94940,274,0.0,12555,411,94529
8,94948,274,0.0,12556,411,94537
3,94951,274,0.0,12557,411,94540
21,94972,274,0.0,12558,411,94561
7,94979,274,0.0,12559,411,94568
3,94982,274,0.0,12560,411,94571
5,94987,274,0.0,12561,411,94576
6,94993,274,0.0,12562,411,94582
10,95003,274,0.0,12563,411,94592
9,95012,274,0.0,12564,411,94601
5,95017,274,0.0,12565,411,94606
6,95023,274,0.0,12566,411,94612
18,95041,274,0.0,12567,411,94630
10,95051,274,0.0,12568,411,94640
3,95054,274,0.0,12569,411,94643
5,95059,274,0.0,12570,411,94648
15,95074,274,0.0,12571,411,94663
6,95080,274,0.0,12572,411,94669
6,95086,274,0.0,12573,411,94675
4,95090,274,0.0,12574,411,94679
8,95098,274,0.0,12575,411,94687
11,95109,274,0.0,12576,411,94698
5,95114,274,0.0,12577,411,94703
11,95125,274,0.0,12578,411,94714
17,95142,274,0.0,12579,411,94731
5,95147,274,0.0,12580,411,94736
8,95155,274,0.0,12581,411,94744
4,95159,274,0.0,12582,411,94748
2,95161,274,0.0,12583,411,94750
3,95164,274,0.0,12584,411,94753
6,95170,274,0.0,12585,411,94759
6,95176,274,0.0,12586,411,94765
7,95183,274,0.0,12587,411,94772
5,95188,274,0.0,12588,411,94777
5,95193,274,0.0,12589,411,94782
8,95201,274,0.0,12590,411,94790
5,95206,274,0.0,12591,411,94795
2,95208,274,0.0,12592,411,94797
5,95213,274,0.0,12593,411,94802
2,95215,274,0.0,12594,411,94804
10,95225,274,0.0,12595,411,94814
14,95239,274,0.0,12596,411,94828
2,95241,274,0.0,12597,411,94830
6,95247,274,0.0,12598,411,94836
7,95254,274,0.0,12599,411,94843
2,95256,274,0.0,12600,411,94845
11,95267,274,0.0,12601,411,94856
13,95280,274,0.0,12602,411,94869
2,95282,274,0.0,12603,411,94871
11,95293,274,0.0,12604,411,94882
4,95297,274,0.0,12605,411,94886
23,95320,274,0.0,12606,411,94909
4,95324,274,0.0,12607,411,94913
2,95326,274,0.0,12608,411,94915
2,95328,274,0.0,12609,411,94917
13,95341,274,0.0,12610,411,94930
8,95349,274,0.0,12611,411,94938
8,95357,274,0.0,12612,411,94946
6,95363,274,0.0,12613,411,94952
7,95370,274,0.0,12614,411,94959
20,95390,274,0.0,12615,411,94979
14,95404,274,0.0,12616,411,94993
6,95410,274,0.0,12617,411,94999
19,95429,274,0.0,12618,411,95018
15,95444,274,0.0,12619,411,95033
5,95449,274,0.0,12620,411,95038
11,95460,274,0.0,12621,411,95049
33,95493,274,0.0,12622,411,95082
2,95495,274,0.0,12623,411,95084
12,95507,274,0.0,12624,411,95096
10,95517,274,0.0,12625,411,95106
8,95525,274,0.0,12626,411,95114
2,95527,274,0.0,12627,411,95116
8,95535,274,0.0,12628,411,95124
8,95543,274,0.0,12629,411,95132
23,95566,274,0.0,12630,411,95155
7,95573,274,0.0,12631,411,95162
17,95590,274,0.0,12632,411,95179
2,95592,274,0.0,12633,411,95181
7,95599,274,0.0,12634,411,95188
23,95622,274,0.0,12635,411,95211
2,95624,274,0.0,12636,411,95213
8,95632,274,0.0,12637,411,95221
13,95645,274,0.0,12638,411,95234
12,95657,274,0.0,12639,411,95246
2,95659,274,0.0,12640,411,95248
14,95673,274,0.0,12641,411,95262
14,95687,274,0.0,12642,411,95276
6,95693,274,0.0,12643,411,95282
2,95695,274,0.0,12644,411,95284
2,95697,274,0.0,12645,411,95286
17,95714,274,0.0,12646,411,95303
3,95717,274,0.0,12647,411,95306
6,95723,274,0.0,12648,411,95312
7,95730,274,0.0,12649,411,95319
5,95735,274,0.0,12650,411,95324
6,95741,274,0.0,12651,411,95330
5,95746,274,0.0,12652,411,95335
2,95748,274,0.0,12653,411,95337
10,95758,274,0.0,12654,411,95347
21,95779,274,0.0,12655,411,95368
8,95787,275,1.0,12656,411,95376
10,95797,275,0.0,12657,411,95386
5,95802,275,0.0,12658,411,95391
15,95817,275,0.0,12659,411,95406
2,95819,275,0.0,12660,411,95408
4,95823,275,0.0,12661,411,95412
3,95826,275,0.0,12662,411,95415
13,95839,275,0.0,12663,411,95428
5,95844,275,0.0,12664,411,95433
7,95851,275,0.0,12665,411,95440
10,95861,275,0.0,12666,411,95450
2,95863,275,0.0,12667,411,95452
14,95877,275,0.0,12668,411,95466
2,95879,275,0.0,12669,411,95468
12,95891,275,0.0,12670,411,95480
2,95893,275,0.0,12671,411,95482
7,95900,275,0.0,12672,411,95489
7,95907,275,0.0,12673,411,95496
8,95915,275,0.0,12674,411,95504
4,95919,275,0.0,12675,411,95508
3,95922,275,0.0,12676,411,95511
6,95928,275,0.0,12677,411,95517
7,95935,275,0.0,12678,411,95524
10,95945,275,0.0,12679,411,95534
2,95947,275,0.0,12680,411,95536
3,95950,275,0.0,12681,411,95539
10,95960,275,0.0,12682,411,95549
8,95968,275,0.0,12683,411,95557
2,95970,275,0.0,12684,411,95559
5,95975,275,0.0,12685,411,95564
5,95980,275,0.0,12686,411,95569
13,95993,275,0.0,12687,411,95582
8,96001,275,0.0,12688,411,95590
4,96005,275,0.0,12689,411,95594
4,96009,275,0.0,12690,411,95598
10,96019,275,0.0,12691,411,95608
7,96026,275,0.0,12692,411,95615
2,96028,275,0.0,12693,411,95617
9,96037,275,0.0,12694,411,95626
5,96042,275,0.0,12695,411,95631
11,96053,275,0.0,12696,411,95642
2,96055,275,0.0,12697,411,95644
18,96073,275,0.0,12698,411,95662
10,96083,275,0.0,12699,411,95672
14,96097,275,0.0,12700,411,95686
2,96099,275,0.0,12701,411,95688
10,96109,275,0.0,12702,411,95698
3,96112,275,0.0,12703,411,95701
2,96114,275,0.0,12704,411,95703
14,96128,275,0.0,12705,411,95717
7,96135,275,0.0,12706,411,95724
3,96138,275,0.0,12707,411,95727
2,96140,275,0.0,12708,411,95729
3,96143,275,0.0,12709,411,95732
15,96158,275,0.0,12710,411,95747
5,96163,275,0.0,12711,411,95752
3,96166,275,0.0,12712,411,95755
14,96180,275,0.0,12713,411,95769
3,96183,275,0.0,12714,411,95772
8,96191,275,0.0,12715,411,95780
3,96194,275,0.0,12716,411,95783
29,96223,275,0.0,12717,411,95812
3,96226,275,0.0,12718,411,95815
13,96239,275,0.0,12719,411,95828
2,96241,275,0.0,12720,411,95830
10,96251,275,0.0,12721,411,95840
4,96255,275,0.0,12722,411,95844
23,96278,275,0.0,12723,411,95867
3,96281,275,0.0,12724,411,95870
2,96283,275,0.0,12725,411,95872
8,96291,275,0.0,12726,411,95880
11,96302,275,0.0,12727,411,95891
7,96309,275,0.0,12728,411,95898
8,96317,275,0.0,12729,411,95906
6,96323,275,0.0,12730,411,95912
6,96329,275,0.0,12731,411,95918
10,96339,275,0.0,12732,411,95928
3,96342,275,0.0,12733,411,95931
6,96348,275,0.0,12734,411,95937
4,96352,275,0.0,12735,411,95941
10,96362,275,0.0,12736,411,95951
16,96378,275,0.0,12737,411,95967
2,96380,275,0.0,12738,411,95969
5,96385,275,0.0,12739,411,95974
5,96390,275,0.0,12740,411,95979
15,96405,276,1.0,12741,411,95994
5,96410,276,0.0,12742,411,95999
4,96414,276,0.0,12743,411,96003
3,96417,276,0.0,12744,411,96006
8,96425,276,0.0,12745,411,96014
11,96436,276,0.0,12746,412,96024
3,96439,276,0.0,12747,412,96027
3,96442,276,0.0,12748,412,96030
6,96448,276,0.0,12749,412,96036
3,96451,276,0.0,12750,412,96039
2,96453,276,0.0,12751,412,96041
11,96464,276,0.0,12752,412,96052
2,96466,276,0.0,12753,412,96054
4,96470,276,0.0,12754,412,96058
4,96474,276,0.0,12755,412,96062
5,96479,276,0.0,12756,412,96067
8,96487,276,0.0,12757,412,96075
2,96489,276,0.0,12758,412,96077
10,96499,276,0.0,12759,412,96087
5,96504,276,0.0,12760,412,96092
2,96506,276,0.0,12761,412,96094
5,96511,276,0.0,12762,412,96099
12,96523,276,0.0,12763,412,96111
6,96529,276,0.0,12764,412,96117
17,96546,276,0.0,12765,412,96134
5,96551,276,0.0,12766,412,96139
4,96555,276,0.0,12767,412,96143
2,96557,276,0.0,12768,412,96145
4,96561,276,0.0,12769,412,96149
5,96566,276,0.0,12770,412,96154
14,96580,276,0.0,12771,412,96168
2,96582,276,0.0,12772,412,96170
18,96600,276,0.0,12773,412,96188
2,96602,276,0.0,12774,412,96190
7,96609,276,0.0,12775,412,96197
5,96614,276,0.0,12776,412,96202
3,96617,276,0.0,12777,412,96205
4,96621,276,0.0,12778,412,96209
10,96631,276,0.0,12779,412,96219
4,96635,276,0.0,12780,412,96223
2,96637,276,0.0,12781,412,96225
2,96639,276,0.0,12782,412,96227
5,96644,276,0.0,12783,412,96232
9,96653,276,0.0,12784,412,96241
7,96660,276,0.0,12785,412,96248
3,96663,276,0.0,12786,412,96251
5,96668,276,0.0,12787,412,96256
4,96672,276,0.0,12788,412,96260
7,96679,276,0.0,12789,412,96267
7,96686,276,0.0,12790,412,96274
9,96695,276,0.0,12791,412,96283
3,96698,276,0.0,12792,412,96286
2,96700,276,0.0,12793,412,96288
7,96707,276,0.0,12794,412,96295
7,96714,276,0.0,12795,412,96302
12,96726,276,0.0,12796,412,96314
7,96733,276,0.0,12797,412,96321
13,96746,276,0.0,12798,412,96334
24,96770,276,0.0,12799,412,96358
11,96781,276,0.0,12800,412,96369
2,96783,276,0.0,12801,412,96371
8,96791,276,0.0,12802,412,96379
6,96797,276,0.0,12803,412,96385
11,96808,276,0.0,12804,412,96396
10,96818,276,0.0,12805,412,96406
4,96822,276,0.0,12806,412,96410
3,96825,276,0.0,12807,412,96413
27,96852,276,0.0,12808,412,96440
7,96859,276,0.0,12809,412,96447
13,96872,276,0.0,12810,412,96460
4,96876,276,0.0,12811,412,96464
2,96878,276,0.0,12812,412,96466
6,96884,276,0.0,12813,412,96472
12,96896,276,0.0,12814,412,96484
5,96901,276,0.0,12815,412,96489
2,96903,276,0.0,12816,412,96491
13,96916,276,0.0,12817,412,96504
24,96940,276,0.0,12818,412,96528
2,96942,276,0.0,12819,412,96530
10,96952,276,0.0,12820,412,96540
5,96957,276,0.0,12821,412,96545
20,96977,276,0.0,12822,412,96565
14,96991,276,0.0,12823,412,96579
2,96993,276,0.0,12824,412,96581
2,96995,276,0.0,12825,412,96583
8,97003,276,0.0,12826,412,96591
8,97011,276,0.0,12827,412,96599
6,97017,276,0.0,12828,412,96605
23,97040,276,0.0,12829,412,96628
12,97052,276,0.0,12830,412,96640
12,97064,276,0.0,12831,412,96652
5,97069,276,0.0,12832,412,96657
7,97076,276,0.0,12833,412,96664
2,97078,276,0.0,12834,412,96666
2,97080,276,0.0,12835,412,96668
5,97085,276,0.0,12836,412,96673
2,97087,276,0.0,12837,412,96675
2,97089,276,0.0,12838,412,96677
3,97092,276,0.0,12839,412,96680
4,97096,276,0.0,12840,412,96684
3,97099,276,0.0,12841,412,96687
5,97104,276,0.0,12842,412,96692
22,97126,276,0.0,12843,412,96714
10,97136,276,0.0,12844,412,96724
8,97144,276,0.0,12845,412,96732
3,97147,276,0.0,12846,412,96735
2,97149,276,0.0,12847,412,96737
5,97154,276,0.0,12848,412,96742
4,97158,276,0.0,12849,412,96746
17,97175,276,0.0,12850,412,96763
2,97177,276,0.0,12851,412,96765
6,97183,276,0.0,12852,412,96771
7,97190,276,0.0,12853,412,96778
5,97195,276,0.0,12854,412,96783
5,97200,276,0.0,12855,412,96788
4,97204,276,0.0,12856,412,96792
3,97207,276,0.0,12857,412,96795
4,97211,276,0.0,12858,412,96799
3,97214,276,0.0,12859,412,96802
11,97225,276,0.0,12860,412,96813
22,97247,276,0.0,12861,412,96835
2,97249,276,0.0,12862,412,96837
6,97255,276,0.0,12863,412,96843
8,97263,276,0.0,12864,412,96851
5,97268,276,0.0,12865,412,96856
4,97272,276,0.0,12866,412,96860
4,97276,276,0.0,12867,412,96864
3,97279,276,0.0,12868,412,96867
5,97284,276,0.0,12869,412,96872
3,97287,276,0.0,12870,412,96875
7,97294,276,0.0,12871,412,96882
12,97306,276,0.0,12872,412,96894
9,97315,276,0.0,12873,412,96903
11,97326,276,0.0,12874,412,96914
2,97328,276,0.0,12875,412,96916
6,97334,276,0.0,12876,412,96922
9,97343,276,0.0,12877,412,96931
23,97366,276,0.0,12878,412,96954
12,97378,276,0.0,12879,412,96966
7,97385,276,0.0,12880,412,96973
13,97398,276,0.0,12881,412,96986
16,97414,276,0.0,12882,412,97002
8,97422,276,0.0,12883,412,97010
12,97434,276,0.0,12884,412,97022
4,97438,276,0.0,12885,412,97026
4,97442,276,0.0,12886,412,97030
19,97461,276,0.0,12887,412,97049
14,97475,276,0.0,12888,412,97063
5,97480,276,0.0,12889,412,97068
2,97482,276,0.0,12890,412,97070
16,97498,276,0.0,12891,412,97086
3,97501,276,0.0,12892,412,97089
14,97515,276,0.0,12893,412,97103
11,97526,276,0.0,12894,412,97114
10,97536,276,0.0,12895,412,97124
3,97539,276,0.0,12896,412,97127
28,97567,276,0.0,12897,412,97155
7,97574,276,0.0,12898,412,97162
7,97581,276,0.0,12899,412,97169
2,97583,276,0.0,12900,412,97171
7,97590,276,0.0,12901,412,97178
15,97605,276,0.0,12902,412,97193
8,97613,276,0.0,12903,412,97201
7,97620,276,0.0,12904,412,97208
3,97623,276,0.0,12905,412,97211
3,97626,276,0.0,12906,412,97214
11,97637,276,0.0,12907,412,97225
6,97643,276,0.0,12908,412,97231
9,97652,276,0.0,12909,412,97240
8,97660,276,0.0,12910,412,97248
2,97662,276,0.0,12911,412,97250
10,97672,276,0.0,12912,412,97260
4,97676,276,0.0,12913,412,97264
4,97680,276,0.0,12914,412,97268
2,97682,276,0.0,12915,412,97270
7,97689,276,0.0,12916,412,97277
23,97712,276,0.0,12917,412,97300
4,97716,276,0.0,12918,412,97304
2,97718,276,0.0,12919,412,97306
6,97724,276,0.0,12920,412,97312
7,97731,276,0.0,12921,412,97319
7,97738,276,0.0,12922,412,97326
11,97749,276,0.0,12923,412,97337
3,97752,276,0.0,12924,412,97340
7,97759,276,0.0,12925,412,97347
7,97766,276,0.0,12926,412,97354
2,97768,276,0.0,12927,412,97356
3,97771,276,0.0,12928,412,97359
3,97774,276,0.0,12929,412,97362
3,97777,276,0.0,12930,412,97365
3,97780,276,0.0,12931,412,97368
8,97788,276,0.0,12932,412,97376
8,97796,276,0.0,12933,412,97384
20,97816,276,0.0,12934,412,97404
11,97827,276,0.0,12935,412,97415
3,97830,276,0.0,12936,412,97418
4,97834,276,0.0,12937,412,97422
3,97837,276,0.0,12938,412,97425
8,97845,276,0.0,12939,412,97433
7,97852,276,0.0,12940,412,97440
6,97858,276,0.0,12941,412,97446
25,97883,276,0.0,12942,412,97471
9,97892,276,0.0,12943,412,97480
12,97904,276,0.0,12944,412,97492
2,97906,276,0.0,12945,412,97494
3,97909,276,0.0,12946,412,97497
4,97913,276,0.0,12947,412,97501
3,97916,276,0.0,12948,412,97504
9,97925,276,0.0,12949,412,97513
9,97934,276,0.0,12950,412,97522
13,97947,276,0.0,12951,412,97535
17,97964,276,0.0,12952,412,97552
2,97966,276,0.0,12953,412,97554
16,97982,276,0.0,12954,412,97570
7,97989,276,0.0,12955,412,97577
2,97991,276,0.0,12956,412,97579
7,97998,276,0.0,12957,412,97586
14,98012,276,0.0,12958,412,97600
12,98024,276,0.0,12959,412,97612
12,98036,276,0.0,12960,412,97624
4,98040,276,0.0,12961,412,97628
3,98043,276,0.0,12962,412,97631
14,98057,277,1.0,12963,412,97645
5,98062,277,0.0,12964,412,97650
7,98069,277,0.0,12965,412,97657
4,98073,277,0.0,12966,412,97661
7,98080,277,0.0,12967,412,97668
12,98092,277,0.0,12968,412,97680
4,98096,277,0.0,12969,412,97684
2,98098,277,0.0,12970,412,97686
8,98106,277,0.0,12971,412,97694
10,98116,277,0.0,12972,412,97704
13,98129,277,0.0,12973,412,97717
12,98141,277,0.0,12974,412,97729
21,98162,277,0.0,12975,412,97750
8,98170,277,0.0,12976,412,97758
4,98174,277,0.0,12977,412,97762
14,98188,277,0.0,12978,412,97776
18,98206,277,0.0,12979,412,97794
4,98210,277,0.0,12980,412,97798
9,98219,277,0.0,12981,412,97807
2,98221,277,0.0,12982,412,97809
10,98231,277,0.0,12983,413,97818
3,98234,277,0.0,12984,413,97821
7,98241,277,0.0,12985,413,97828
7,98248,277,0.0,12986,413,97835
5,98253,277,0.0,12987,413,97840
7,98260,277,0.0,12988,413,97847
5,98265,277,0.0,12989,413,97852
6,98271,277,0.0,12990,413,97858
8,98279,277,0.0,12991,413,97866
7,98286,277,0.0,12992,413,97873
4,98290,277,0.0,12993,413,97877
10,98300,277,0.0,12994,413,97887
23,98323,277,0.0,12995,413,97910
5,98328,277,0.0,12996,413,97915
6,98334,277,0.0,12997,413,97921
2,98336,277,0.0,12998,413,97923
3,98339,277,0.0,12999,413,97926
2,98341,277,0.0,13000,413,97928
7,98348,277,0.0,13001,413,97935
39,98387,277,0.0,13002,413,97974
12,98399,277,0.0,13003,413,97986
2,98401,277,0.0,13004,413,97988
8,98409,277,0.0,13005,413,97996
7,98416,277,0.0,13006,413,98003
12,98428,277,0.0,13007,413,98015
2,98430,277,0.0,13008,413,98017
10,98440,277,0.0,13009,413,98027
7,98447,277,0.0,13010,413,98034
26,98473,277,0.0,13011,413,98060
3,98476,277,0.0,13012,413,98063
5,98481,277,0.0,13013,413,98068
8,98489,277,0.0,13014,413,98076
9,98498,277,0.0,13015,413,98085
7,98505,277,0.0,13016,413,98092
3,98508,277,0.0,13017,413,98095
6,98514,277,0.0,13018,413,98101
3,98517,277,0.0,13019,413,98104
12,98529,277,0.0,13020,413,98116
3,98532,277,0.0,13021,413,98119
7,98539,277,0.0,13022,413,98126
4,98543,277,0.0,13023,413,98130
8,98551,277,0.0,13024,413,98138
4,98555,277,0.0,13025,413,98142
5,98560,277,0.0,13026,413,98147
15,98575,277,0.0,13027,413,98162
2,98577,277,0.0,13028,413,98164
3,98580,277,0.0,13029,413,98167
2,98582,277,0.0,13030,413,98169
8,98590,277,0.0,13031,413,98177
21,98611,277,0.0,13032,413,98198
2,98613,277,0.0,13033,413,98200
7,98620,277,0.0,13034,413,98207
6,98626,277,0.0,13035,413,98213
5,98631,277,0.0,13036,413,98218
6,98637,277,0.0,13037,413,98224
23,98660,277,0.0,13038,413,98247
8,98668,277,0.0,13039,413,98255
4,98672,277,0.0,13040,413,98259
20,98692,277,0.0,13041,413,98279
4,98696,277,0.0,13042,413,98283
3,98699,277,0.0,13043,413,98286
3,98702,277,0.0,13044,413,98289
6,98708,277,0.0,13045,413,98295
9,98717,277,0.0,13046,413,98304
10,98727,277,0.0,13047,413,98314
15,98742,277,0.0,13048,413,98329
2,98744,277,0.0,13049,413,98331
20,98764,277,0.0,13050,413,98351
6,98770,277,0.0,13051,413,98357
15,98785,278,1.0,13052,413,98372
4,98789,278,0.0,13053,413,98376
10,98799,278,0.0,13054,413,98386
4,98803,278,0.0,13055,413,98390
5,98808,278,0.0,13056,413,98395
8,98816,278,0.0,13057,413,98403
6,98822,278,0.0,13058,413,98409
7,98829,278,0.0,13059,413,98416
10,98839,278,0.0,13060,413,98426
16,98855,278,0.0,13061,413,98442
9,98864,278,0.0,13062,413,98451
10,98874,278,0.0,13063,413,98461
7,98881,278,0.0,13064,413,98468
2,98883,278,0.0,13065,413,98470
8,98891,278,0.0,13066,413,98478
19,98910,278,0.0,13067,413,98497
5,98915,278,0.0,13068,413,98502
9,98924,278,0.0,13069,413,98511
10,98934,278,0.0,13070,413,98521
11,98945,278,0.0,13071,413,98532
7,98952,278,0.0,13072,413,98539
7,98959,278,0.0,13073,413,98546
5,98964,278,0.0,13074,413,98551
5,98969,278,0.0,13075,413,98556
11,98980,278,0.0,13076,413,98567
26,99006,278,0.0,13077,413,98593
9,99015,278,0.0,13078,413,98602
18,99033,278,0.0,13079,413,98620
20,99053,278,0.0,13080,413,98640
7,99060,278,0.0,13081,413,98647
7,99067,278,0.0,13082,413,98654
2,99069,278,0.0,13083,413,98656
4,99073,278,0.0,13084,413,98660
4,99077,278,0.0,13085,413,98664
4,99081,278,0.0,13086,413,98668
10,99091,278,0.0,13087,413,98678
8,99099,278,0.0,13088,413,98686
9,99108,278,0.0,13089,413,98695
6,99114,278,0.0,13090,413,98701
12,99126,278,0.0,13091,413,98713
6,99132,278,0.0,13092,413,98719
12,99144,278,0.0,13093,413,98731
8,99152,278,0.0,13094,413,98739
11,99163,278,0.0,13095,413,98750
3,99166,278,0.0,13096,413,98753
11,99177,278,0.0,13097,413,98764
7,99184,278,0.0,13098,413,98771
5,99189,278,0.0,13099,413,98776
15,99204,278,0.0,13100,413,98791
7,99211,278,0.0,13101,413,98798
11,99222,278,0.0,13102,413,98809
11,99233,278,0.0,13103,413,98820
6,99239,278,0.0,13104,413,98826
4,99243,278,0.0,13105,413,98830
4,99247,278,0.0,13106,413,98834
5,99252,278,0.0,13107,413,98839
4,99256,278,0.0,13108,413,98843
3,99259,278,0.0,13109,413,98846
15,99274,278,0.0,13110,413,98861
2,99276,278,0.0,13111,413,98863
6,99282,278,0.0,13112,413,98869
3,99285,278,0.0,13113,413,98872
10,99295,278,0.0,13114,413,98882
8,99303,278,0.0,13115,413,98890
2,99305,278,0.0,13116,413,98892
9,99314,278,0.0,13117,413,98901
6,99320,278,0.0,13118,413,98907
2,99322,278,0.0,13119,413,98909
7,99329,278,0.0,13120,413,98916
7,99336,278,0.0,13121,413,98923
4,99340,278,0.0,13122,413,98927
13,99353,278,0.0,13123,413,98940
4,99357,278,0.0,13124,413,98944
5,99362,278,0.0,13125,413,98949
12,99374,278,0.0,13126,413,98961
3,99377,278,0.0,13127,413,98964
15,99392,278,0.0,13128,413,98979
8,99400,278,0.0,13129,413,98987
5,99405,278,0.0,13130,413,98992
11,99416,278,0.0,13131,413,99003
3,99419,278,0.0,13132,413,99006
12,99431,278,0.0,13133,413,99018
4,99435,278,0.0,13134,413,99022
5,99440,278,0.0,13135,413,99027
4,99444,278,0.0,13136,413,99031
5,99449,278,0.0,13137,413,99036
2,99451,278,0.0,13138,413,99038
23,99474,278,0.0,13139,413,99061
7,99481,278,0.0,13140,413,99068
6,99487,278,0.0,13141,413,99074
19,99506,278,0.0,13142,413,99093
7,99513,278,0.0,13143,413,99100
4,99517,278,0.0,13144,413,99104
15,99532,278,0.0,13145,413,99119
8,99540,278,0.0,13146,413,99127
14,99554,279,1.0,13147,413,99141
9,99563,279,0.0,13148,413,99150
17,99580,279,0.0,13149,413,99167
8,99588,279,0.0,13150,413,99175
5,99593,279,0.0,13151,413,99180
2,99595,279,0.0,13152,413,99182
11,99606,279,0.0,13153,413,99193
7,99613,279,0.0,13154,413,99200
2,99615,279,0.0,13155,413,99202
14,99629,279,0.0,13156,413,99216
8,99637,279,0.0,13157,413,99224
9,99646,279,0.0,13158,413,99233
9,99655,279,0.0,13159,413,99242
12,99667,279,0.0,13160,413,99254
5,99672,279,0.0,13161,413,99259
3,99675,279,0.0,13162,413,99262
4,99679,279,0.0,13163,413,99266
7,99686,279,0.0,13164,413,99273
4,99690,279,0.0,13165,413,99277
4,99694,279,0.0,13166,413,99281
13,99707,279,0.0,13167,413,99294
4,99711,279,0.0,13168,413,99298
7,99718,279,0.0,13169,413,99305
12,99730,279,0.0,13170,413,99317
4,99734,279,0.0,13171,413,99321
17,99751,279,0.0,13172,413,99338
14,99765,279,0.0,13173,413,99352
13,99778,279,0.0,13174,413,99365
10,99788,279,0.0,13175,413,99375
7,99795,279,0.0,13176,413,99382
18,99813,279,0.0,13177,413,99400
5,99818,279,0.0,13178,413,99405
3,99821,279,0.0,13179,413,99408
6,99827,279,0.0,13180,413,99414
7,99834,279,0.0,13181,413,99421
8,99842,279,0.0,13182,413,99429
13,99855,279,0.0,13183,413,99442
11,99866,279,0.0,13184,413,99453
5,99871,279,0.0,13185,413,99458
8,99879,279,0.0,13186,413,99466
9,99888,279,0.0,13187,413,99475
19,99907,279,0.0,13188,413,99494
4,99911,279,0.0,13189,413,99498
11,99922,279,0.0,13190,413,99509
5,99927,279,0.0,13191,413,99514
3,99930,279,0.0,13192,413,99517
14,99944,279,0.0,13193,413,99531
2,99946,279,0.0,13194,413,99533
3,99949,279,0.0,13195,413,99536
4,99953,279,0.0,13196,413,99540
2,99955,279,0.0,13197,413,99542
7,99962,279,0.0,13198,413,99549
3,99965,279,0.0,13199,413,99552
10,99975,279,0.0,13200,413,99562
4,99979,279,0.0,13201,413,99566
4,99983,279,0.0,13202,413,99570
8,99991,279,0.0,13203,413,99578
