iteration,successes,successes_episode,reward_episode,episode_count,random_act,timestep
3,3,0,0.0,1,3,0
8,11,0,0.0,2,7,4
9,20,0,0.0,3,11,9
4,24,0,0.0,4,14,10
5,29,0,0.0,5,19,10
23,52,0,0.0,6,33,19
14,66,0,0.0,7,43,23
6,72,0,0.0,8,47,25
3,75,0,0.0,9,50,25
9,84,0,0.0,10,55,29
19,103,0,0.0,11,72,31
5,108,0,0.0,12,76,32
20,128,0,0.0,13,90,38
4,132,0,0.0,14,93,39
3,135,0,0.0,15,96,39
14,149,0,0.0,16,109,40
7,156,0,0.0,17,115,41
3,159,0,0.0,18,118,41
13,172,0,0.0,19,128,44
10,182,0,0.0,20,137,45
8,190,0,0.0,21,143,47
4,194,0,0.0,22,147,47
5,199,0,0.0,23,151,48
16,215,0,0.0,24,161,54
5,220,0,0.0,25,165,55
6,226,0,0.0,26,171,55
23,249,0,0.0,27,189,60
4,253,0,0.0,28,192,61
9,262,0,0.0,29,199,63
4,266,0,0.0,30,203,63
5,271,0,0.0,31,205,66
4,275,0,0.0,32,208,67
2,277,0,0.0,33,210,67
4,281,0,0.0,34,213,68
15,296,0,0.0,35,225,71
3,299,0,0.0,36,226,73
6,305,0,0.0,37,230,75
8,313,0,0.0,38,236,77
16,329,0,0.0,39,249,80
4,333,0,0.0,40,252,81
9,342,0,0.0,41,259,83
9,351,0,0.0,42,266,85
6,357,0,0.0,43,272,85
9,366,0,0.0,44,281,85
4,370,0,0.0,45,284,86
7,377,0,0.0,46,291,86
11,388,0,0.0,47,301,87
5,393,0,0.0,48,306,87
14,407,0,0.0,49,319,88
10,417,0,0.0,50,328,89
20,437,0,0.0,51,345,92
5,442,0,0.0,52,350,92
3,445,0,0.0,53,353,92
18,463,0,0.0,54,366,97
11,474,0,0.0,55,374,100
2,476,0,0.0,56,376,100
2,478,0,0.0,57,377,101
5,483,0,0.0,58,381,102
6,489,0,0.0,59,384,105
9,498,0,0.0,60,391,107
7,505,0,0.0,61,397,108
9,514,0,0.0,62,404,110
2,516,0,0.0,63,406,110
12,528,0,0.0,64,416,112
4,532,0,0.0,65,418,114
8,540,0,0.0,66,424,116
6,546,0,0.0,67,429,117
9,555,0,0.0,68,437,118
4,559,0,0.0,69,441,118
8,567,0,0.0,70,446,121
7,574,0,0.0,71,451,123
4,578,0,0.0,72,454,124
14,592,0,0.0,73,466,126
5,597,0,0.0,74,471,126
10,607,0,0.0,75,479,128
6,613,0,0.0,76,485,128
8,621,0,0.0,77,491,130
13,634,0,0.0,78,502,132
16,650,0,0.0,79,516,134
14,664,0,0.0,80,525,139
3,667,0,0.0,81,527,140
6,673,0,0.0,82,532,141
2,675,0,0.0,83,534,141
5,680,0,0.0,84,539,141
13,693,0,0.0,85,550,143
9,702,0,0.0,86,555,147
6,708,0,0.0,87,561,147
2,710,0,0.0,88,562,148
3,713,0,0.0,89,564,149
9,722,0,0.0,90,572,150
14,736,0,0.0,91,582,154
6,742,0,0.0,92,588,154
6,748,0,0.0,93,592,156
14,762,0,0.0,94,603,159
13,775,0,0.0,95,614,161
2,777,0,0.0,96,616,161
6,783,0,0.0,97,621,162
2,785,0,0.0,98,622,163
3,788,0,0.0,99,624,164
4,792,0,0.0,100,627,165
8,800,0,0.0,101,634,166
7,807,0,0.0,102,641,166
5,812,0,0.0,103,645,167
2,814,0,0.0,104,647,167
38,852,0,0.0,105,681,171
4,856,0,0.0,106,684,172
13,869,0,0.0,107,695,174
5,874,0,0.0,108,699,175
3,877,0,0.0,109,700,177
3,880,0,0.0,110,702,178
2,882,0,0.0,111,704,178
7,889,0,0.0,112,711,178
15,904,0,0.0,113,722,182
3,907,0,0.0,114,724,183
10,917,0,0.0,115,731,186
12,929,0,0.0,116,736,193
5,934,0,0.0,117,738,196
2,936,0,0.0,118,740,196
3,939,0,0.0,119,743,196
7,946,0,0.0,120,749,197
3,949,0,0.0,121,750,199
26,975,0,0.0,122,772,203
5,980,0,0.0,123,775,205
8,988,0,0.0,124,781,207
5,993,0,0.0,125,786,207
18,1011,0,0.0,126,801,210
8,1019,0,0.0,127,809,210
3,1022,0,0.0,128,812,210
13,1035,0,0.0,129,822,213
3,1038,0,0.0,130,825,213
10,1048,0,0.0,131,833,215
9,1057,0,0.0,132,840,217
6,1063,0,0.0,133,846,217
2,1065,0,0.0,134,848,217
3,1068,0,0.0,135,851,217
19,1087,0,0.0,136,864,223
33,1120,0,0.0,137,887,233
7,1127,0,0.0,138,893,234
15,1142,0,0.0,139,907,235
6,1148,0,0.0,140,911,237
7,1155,0,0.0,141,915,240
21,1176,0,0.0,142,932,244
2,1178,0,0.0,143,934,244
12,1190,0,0.0,144,943,247
13,1203,0,0.0,145,954,249
6,1209,0,0.0,146,959,250
16,1225,0,0.0,147,972,253
6,1231,0,0.0,148,976,255
5,1236,0,0.0,149,981,255
5,1241,0,0.0,150,986,255
5,1246,0,0.0,151,991,255
4,1250,0,0.0,152,995,255
5,1255,0,0.0,153,1000,255
6,1261,0,0.0,154,1005,256
4,1265,0,0.0,155,1008,257
3,1268,0,0.0,156,1011,257
8,1276,0,0.0,157,1017,259
2,1278,0,0.0,158,1018,260
9,1287,0,0.0,159,1025,262
4,1291,0,0.0,160,1029,262
2,1293,0,0.0,161,1030,263
5,1298,0,0.0,162,1035,263
2,1300,0,0.0,163,1037,263
2,1302,0,0.0,164,1038,264
2,1304,0,0.0,165,1040,264
5,1309,0,0.0,166,1043,266
4,1313,0,0.0,167,1046,267
3,1316,0,0.0,168,1049,267
17,1333,0,0.0,169,1063,270
10,1343,0,0.0,170,1071,272
3,1346,0,0.0,171,1073,273
2,1348,0,0.0,172,1075,273
8,1356,1,1.0,173,1080,276
2,1358,1,0.0,174,1080,278
7,1365,1,0.0,175,1080,285
24,1389,1,0.0,176,1080,309
7,1396,1,0.0,177,1080,316
8,1404,1,0.0,178,1080,324
5,1409,1,0.0,179,1081,328
6,1415,1,0.0,180,1081,334
4,1419,1,0.0,181,1081,338
5,1424,1,0.0,182,1081,343
8,1432,1,0.0,183,1081,351
5,1437,1,0.0,184,1081,356
3,1440,1,0.0,185,1081,359
5,1445,1,0.0,186,1081,364
8,1453,1,0.0,187,1081,372
2,1455,1,0.0,188,1081,374
2,1457,1,0.0,189,1081,376
3,1460,1,0.0,190,1081,379
5,1465,1,0.0,191,1081,384
5,1470,1,0.0,192,1081,389
3,1473,1,0.0,193,1081,392
10,1483,1,0.0,194,1081,402
8,1491,1,0.0,195,1081,410
8,1499,1,0.0,196,1081,418
3,1502,1,0.0,197,1081,421
2,1504,1,0.0,198,1081,423
3,1507,1,0.0,199,1081,426
25,1532,1,0.0,200,1081,451
11,1543,1,0.0,201,1081,462
6,1549,1,0.0,202,1081,468
4,1553,1,0.0,203,1081,472
5,1558,1,0.0,204,1081,477
13,1571,1,0.0,205,1081,490
8,1579,1,0.0,206,1081,498
9,1588,1,0.0,207,1081,507
4,1592,1,0.0,208,1081,511
2,1594,1,0.0,209,1081,513
16,1610,1,0.0,210,1081,529
14,1624,1,0.0,211,1082,542
17,1641,1,0.0,212,1083,558
4,1645,1,0.0,213,1083,562
4,1649,1,0.0,214,1083,566
8,1657,1,0.0,215,1084,573
8,1665,1,0.0,216,1084,581
9,1674,1,0.0,217,1084,590
3,1677,1,0.0,218,1084,593
18,1695,1,0.0,219,1085,610
6,1701,1,0.0,220,1085,616
16,1717,1,0.0,221,1085,632
12,1729,1,0.0,222,1085,644
9,1738,1,0.0,223,1085,653
7,1745,1,0.0,224,1085,660
7,1752,1,0.0,225,1085,667
4,1756,1,0.0,226,1085,671
4,1760,1,0.0,227,1085,675
3,1763,1,0.0,228,1085,678
9,1772,1,0.0,229,1085,687
4,1776,1,0.0,230,1085,691
2,1778,1,0.0,231,1085,693
6,1784,1,0.0,232,1085,699
5,1789,1,0.0,233,1085,704
5,1794,1,0.0,234,1085,709
18,1812,1,0.0,235,1085,727
12,1824,1,0.0,236,1085,739
6,1830,1,0.0,237,1085,745
2,1832,1,0.0,238,1085,747
6,1838,1,0.0,239,1085,753
8,1846,1,0.0,240,1085,761
5,1851,1,0.0,241,1085,766
13,1864,1,0.0,242,1087,777
7,1871,1,0.0,243,1087,784
10,1881,1,0.0,244,1087,794
12,1893,1,0.0,245,1087,806
2,1895,1,0.0,246,1087,808
9,1904,1,0.0,247,1088,816
19,1923,1,0.0,248,1088,835
16,1939,1,0.0,249,1089,850
4,1943,1,0.0,250,1089,854
4,1947,1,0.0,251,1089,858
13,1960,1,0.0,252,1089,871
5,1965,1,0.0,253,1089,876
12,1977,1,0.0,254,1089,888
11,1988,1,0.0,255,1090,898
7,1995,1,0.0,256,1090,905
7,2002,1,0.0,257,1090,912
5,2007,1,0.0,258,1090,917
18,2025,1,0.0,259,1091,934
8,2033,1,0.0,260,1091,942
2,2035,1,0.0,261,1091,944
2,2037,1,0.0,262,1091,946
4,2041,1,0.0,263,1091,950
10,2051,1,0.0,264,1092,959
4,2055,1,0.0,265,1092,963
5,2060,1,0.0,266,1092,968
16,2076,1,0.0,267,1092,984
2,2078,1,0.0,268,1092,986
5,2083,1,0.0,269,1093,990
9,2092,1,0.0,270,1093,999
8,2100,1,0.0,271,1093,1007
11,2111,2,1.0,272,1093,1018
5,2116,2,0.0,273,1093,1023
9,2125,2,0.0,274,1093,1032
5,2130,2,0.0,275,1093,1037
4,2134,2,0.0,276,1093,1041
2,2136,2,0.0,277,1093,1043
10,2146,2,0.0,278,1094,1052
2,2148,2,0.0,279,1094,1054
3,2151,2,0.0,280,1094,1057
4,2155,2,0.0,281,1094,1061
5,2160,2,0.0,282,1094,1066
3,2163,2,0.0,283,1094,1069
5,2168,2,0.0,284,1094,1074
5,2173,2,0.0,285,1094,1079
3,2176,2,0.0,286,1094,1082
3,2179,2,0.0,287,1094,1085
8,2187,2,0.0,288,1094,1093
17,2204,2,0.0,289,1095,1109
5,2209,2,0.0,290,1095,1114
3,2212,2,0.0,291,1095,1117
2,2214,2,0.0,292,1095,1119
4,2218,2,0.0,293,1095,1123
7,2225,2,0.0,294,1095,1130
3,2228,2,0.0,295,1095,1133
5,2233,2,0.0,296,1096,1137
13,2246,2,0.0,297,1096,1150
4,2250,2,0.0,298,1096,1154
24,2274,2,0.0,299,1096,1178
2,2276,2,0.0,300,1096,1180
4,2280,2,0.0,301,1096,1184
4,2284,2,0.0,302,1096,1188
9,2293,2,0.0,303,1096,1197
14,2307,2,0.0,304,1096,1211
2,2309,2,0.0,305,1096,1213
3,2312,2,0.0,306,1096,1216
5,2317,2,0.0,307,1096,1221
4,2321,2,0.0,308,1096,1225
8,2329,2,0.0,309,1096,1233
15,2344,2,0.0,310,1096,1248
7,2351,2,0.0,311,1096,1255
3,2354,2,0.0,312,1096,1258
3,2357,2,0.0,313,1096,1261
3,2360,2,0.0,314,1096,1264
9,2369,2,0.0,315,1096,1273
9,2378,2,0.0,316,1096,1282
7,2385,2,0.0,317,1096,1289
14,2399,2,0.0,318,1096,1303
2,2401,2,0.0,319,1096,1305
6,2407,2,0.0,320,1096,1311
3,2410,2,0.0,321,1096,1314
6,2416,2,0.0,322,1096,1320
14,2430,2,0.0,323,1096,1334
12,2442,3,1.0,324,1096,1346
5,2447,3,0.0,325,1096,1351
24,2471,3,0.0,326,1096,1375
5,2476,3,0.0,327,1096,1380
7,2483,3,0.0,328,1096,1387
6,2489,3,0.0,329,1096,1393
12,2501,3,0.0,330,1096,1405
15,2516,3,0.0,331,1096,1420
5,2521,3,0.0,332,1096,1425
4,2525,3,0.0,333,1096,1429
5,2530,3,0.0,334,1096,1434
2,2532,3,0.0,335,1096,1436
11,2543,3,0.0,336,1096,1447
7,2550,3,0.0,337,1096,1454
4,2554,3,0.0,338,1096,1458
6,2560,3,0.0,339,1096,1464
13,2573,3,0.0,340,1096,1477
3,2576,3,0.0,341,1096,1480
3,2579,3,0.0,342,1096,1483
12,2591,3,0.0,343,1096,1495
2,2593,3,0.0,344,1096,1497
8,2601,3,0.0,345,1096,1505
7,2608,3,0.0,346,1096,1512
23,2631,3,0.0,347,1096,1535
9,2640,3,0.0,348,1096,1544
10,2650,3,0.0,349,1096,1554
3,2653,3,0.0,350,1096,1557
6,2659,3,0.0,351,1096,1563
7,2666,3,0.0,352,1096,1570
2,2668,3,0.0,353,1096,1572
11,2679,3,0.0,354,1096,1583
6,2685,3,0.0,355,1096,1589
15,2700,4,1.0,356,1096,1604
7,2707,4,0.0,357,1096,1611
23,2730,4,0.0,358,1096,1634
6,2736,4,0.0,359,1096,1640
17,2753,4,0.0,360,1096,1657
11,2764,4,0.0,361,1096,1668
36,2800,4,0.0,362,1096,1704
22,2822,4,0.0,363,1096,1726
4,2826,4,0.0,364,1096,1730
9,2835,4,0.0,365,1096,1739
7,2842,4,0.0,366,1096,1746
5,2847,4,0.0,367,1096,1751
12,2859,4,0.0,368,1096,1763
20,2879,4,0.0,369,1096,1783
3,2882,4,0.0,370,1096,1786
14,2896,4,0.0,371,1096,1800
2,2898,4,0.0,372,1096,1802
18,2916,4,0.0,373,1096,1820
9,2925,4,0.0,374,1096,1829
30,2955,4,0.0,375,1096,1859
2,2957,4,0.0,376,1096,1861
8,2965,4,0.0,377,1096,1869
4,2969,4,0.0,378,1096,1873
22,2991,4,0.0,379,1096,1895
24,3015,4,0.0,380,1096,1919
2,3017,4,0.0,381,1096,1921
4,3021,4,0.0,382,1096,1925
3,3024,4,0.0,383,1096,1928
5,3029,4,0.0,384,1096,1933
12,3041,4,0.0,385,1096,1945
5,3046,4,0.0,386,1096,1950
7,3053,4,0.0,387,1096,1957
3,3056,4,0.0,388,1096,1960
8,3064,4,0.0,389,1096,1968
2,3066,4,0.0,390,1096,1970
2,3068,4,0.0,391,1096,1972
13,3081,4,0.0,392,1096,1985
21,3102,4,0.0,393,1096,2006
5,3107,4,0.0,394,1096,2011
3,3110,4,0.0,395,1096,2014
2,3112,4,0.0,396,1096,2016
6,3118,4,0.0,397,1096,2022
3,3121,4,0.0,398,1096,2025
7,3128,4,0.0,399,1096,2032
5,3133,4,0.0,400,1096,2037
13,3146,4,0.0,401,1096,2050
8,3154,4,0.0,402,1096,2058
7,3161,4,0.0,403,1096,2065
4,3165,4,0.0,404,1096,2069
4,3169,4,0.0,405,1096,2073
3,3172,4,0.0,406,1096,2076
2,3174,4,0.0,407,1096,2078
5,3179,4,0.0,408,1097,2082
9,3188,4,0.0,409,1097,2091
10,3198,4,0.0,410,1097,2101
4,3202,4,0.0,411,1097,2105
5,3207,4,0.0,412,1097,2110
2,3209,4,0.0,413,1097,2112
19,3228,5,1.0,414,1097,2131
7,3235,5,0.0,415,1097,2138
4,3239,5,0.0,416,1097,2142
2,3241,5,0.0,417,1097,2144
7,3248,5,0.0,418,1097,2151
14,3262,5,0.0,419,1097,2165
7,3269,5,0.0,420,1097,2172
5,3274,5,0.0,421,1097,2177
2,3276,5,0.0,422,1097,2179
3,3279,5,0.0,423,1097,2182
12,3291,5,0.0,424,1097,2194
2,3293,5,0.0,425,1097,2196
3,3296,5,0.0,426,1097,2199
15,3311,6,1.0,427,1097,2214
8,3319,6,0.0,428,1097,2222
4,3323,6,0.0,429,1097,2226
5,3328,6,0.0,430,1097,2231
9,3337,6,0.0,431,1097,2240
15,3352,6,0.0,432,1097,2255
5,3357,6,0.0,433,1097,2260
3,3360,6,0.0,434,1097,2263
4,3364,6,0.0,435,1097,2267
9,3373,7,1.0,436,1097,2276
3,3376,7,0.0,437,1097,2279
8,3384,7,0.0,438,1097,2287
8,3392,7,0.0,439,1097,2295
4,3396,7,0.0,440,1097,2299
3,3399,7,0.0,441,1097,2302
5,3404,7,0.0,442,1097,2307
10,3414,7,0.0,443,1097,2317
3,3417,7,0.0,444,1097,2320
10,3427,7,0.0,445,1097,2330
9,3436,7,0.0,446,1097,2339
5,3441,7,0.0,447,1097,2344
7,3448,7,0.0,448,1097,2351
15,3463,8,1.0,449,1097,2366
7,3470,8,0.0,450,1097,2373
22,3492,8,0.0,451,1097,2395
3,3495,8,0.0,452,1097,2398
3,3498,8,0.0,453,1097,2401
31,3529,8,0.0,454,1097,2432
9,3538,9,1.0,455,1097,2441
9,3547,9,0.0,456,1097,2450
21,3568,9,0.0,457,1097,2471
20,3588,9,0.0,458,1097,2491
7,3595,9,0.0,459,1097,2498
2,3597,9,0.0,460,1097,2500
5,3602,9,0.0,461,1097,2505
6,3608,9,0.0,462,1097,2511
9,3617,9,0.0,463,1097,2520
43,3660,10,1.0,464,1097,2563
18,3678,10,0.0,465,1097,2581
4,3682,10,0.0,466,1097,2585
3,3685,10,0.0,467,1097,2588
3,3688,10,0.0,468,1097,2591
24,3712,10,0.0,469,1097,2615
10,3722,10,0.0,470,1097,2625
5,3727,10,0.0,471,1097,2630
7,3734,10,0.0,472,1097,2637
7,3741,10,0.0,473,1097,2644
11,3752,10,0.0,474,1097,2655
2,3754,10,0.0,475,1097,2657
3,3757,10,0.0,476,1097,2660
4,3761,10,0.0,477,1097,2664
3,3764,10,0.0,478,1097,2667
2,3766,10,0.0,479,1097,2669
9,3775,10,0.0,480,1097,2678
9,3784,10,0.0,481,1097,2687
2,3786,10,0.0,482,1097,2689
9,3795,10,0.0,483,1097,2698
3,3798,10,0.0,484,1097,2701
19,3817,10,0.0,485,1097,2720
7,3824,10,0.0,486,1097,2727
3,3827,10,0.0,487,1097,2730
22,3849,10,0.0,488,1097,2752
2,3851,10,0.0,489,1097,2754
9,3860,10,0.0,490,1097,2763
5,3865,10,0.0,491,1097,2768
19,3884,10,0.0,492,1097,2787
3,3887,10,0.0,493,1097,2790
15,3902,10,0.0,494,1097,2805
3,3905,10,0.0,495,1097,2808
26,3931,10,0.0,496,1097,2834
3,3934,10,0.0,497,1097,2837
18,3952,10,0.0,498,1097,2855
7,3959,10,0.0,499,1097,2862
8,3967,10,0.0,500,1097,2870
3,3970,10,0.0,501,1097,2873
5,3975,10,0.0,502,1097,2878
4,3979,10,0.0,503,1097,2882
7,3986,10,0.0,504,1097,2889
17,4003,10,0.0,505,1097,2906
5,4008,10,0.0,506,1097,2911
5,4013,10,0.0,507,1097,2916
7,4020,10,0.0,508,1097,2923
2,4022,10,0.0,509,1097,2925
8,4030,10,0.0,510,1097,2933
8,4038,10,0.0,511,1097,2941
4,4042,10,0.0,512,1097,2945
10,4052,10,0.0,513,1097,2955
3,4055,10,0.0,514,1097,2958
3,4058,10,0.0,515,1097,2961
6,4064,10,0.0,516,1097,2967
16,4080,10,0.0,517,1097,2983
15,4095,10,0.0,518,1097,2998
3,4098,10,0.0,519,1097,3001
24,4122,10,0.0,520,1097,3025
5,4127,10,0.0,521,1097,3030
6,4133,10,0.0,522,1097,3036
13,4146,10,0.0,523,1097,3049
2,4148,10,0.0,524,1097,3051
13,4161,10,0.0,525,1097,3064
12,4173,10,0.0,526,1097,3076
2,4175,10,0.0,527,1097,3078
4,4179,10,0.0,528,1097,3082
7,4186,10,0.0,529,1097,3089
12,4198,10,0.0,530,1097,3101
6,4204,10,0.0,531,1097,3107
9,4213,10,0.0,532,1097,3116
3,4216,10,0.0,533,1097,3119
2,4218,10,0.0,534,1097,3121
15,4233,10,0.0,535,1097,3136
9,4242,10,0.0,536,1097,3145
6,4248,10,0.0,537,1097,3151
8,4256,10,0.0,538,1097,3159
2,4258,10,0.0,539,1097,3161
2,4260,10,0.0,540,1097,3163
7,4267,10,0.0,541,1097,3170
3,4270,10,0.0,542,1097,3173
3,4273,10,0.0,543,1097,3176
10,4283,10,0.0,544,1097,3186
4,4287,10,0.0,545,1097,3190
15,4302,10,0.0,546,1097,3205
13,4315,10,0.0,547,1097,3218
6,4321,10,0.0,548,1097,3224
11,4332,10,0.0,549,1097,3235
4,4336,10,0.0,550,1097,3239
13,4349,10,0.0,551,1097,3252
9,4358,10,0.0,552,1097,3261
9,4367,10,0.0,553,1097,3270
19,4386,10,0.0,554,1097,3289
5,4391,10,0.0,555,1097,3294
7,4398,10,0.0,556,1097,3301
7,4405,10,0.0,557,1097,3308
3,4408,10,0.0,558,1097,3311
4,4412,10,0.0,559,1097,3315
9,4421,10,0.0,560,1097,3324
2,4423,10,0.0,561,1097,3326
4,4427,10,0.0,562,1097,3330
3,4430,10,0.0,563,1097,3333
2,4432,10,0.0,564,1097,3335
9,4441,10,0.0,565,1097,3344
9,4450,10,0.0,566,1097,3353
10,4460,10,0.0,567,1097,3363
2,4462,10,0.0,568,1097,3365
2,4464,10,0.0,569,1097,3367
8,4472,10,0.0,570,1097,3375
7,4479,10,0.0,571,1097,3382
6,4485,10,0.0,572,1097,3388
5,4490,10,0.0,573,1097,3393
4,4494,10,0.0,574,1097,3397
18,4512,10,0.0,575,1097,3415
3,4515,10,0.0,576,1097,3418
4,4519,10,0.0,577,1097,3422
2,4521,10,0.0,578,1097,3424
3,4524,10,0.0,579,1097,3427
15,4539,11,1.0,580,1097,3442
34,4573,11,0.0,581,1097,3476
7,4580,11,0.0,582,1097,3483
7,4587,11,0.0,583,1097,3490
3,4590,11,0.0,584,1097,3493
5,4595,11,0.0,585,1097,3498
15,4610,11,0.0,586,1097,3513
5,4615,11,0.0,587,1097,3518
9,4624,11,0.0,588,1097,3527
3,4627,11,0.0,589,1097,3530
3,4630,11,0.0,590,1097,3533
6,4636,11,0.0,591,1097,3539
7,4643,11,0.0,592,1097,3546
5,4648,11,0.0,593,1097,3551
7,4655,11,0.0,594,1097,3558
3,4658,11,0.0,595,1097,3561
3,4661,11,0.0,596,1097,3564
6,4667,11,0.0,597,1097,3570
8,4675,11,0.0,598,1097,3578
2,4677,11,0.0,599,1097,3580
6,4683,11,0.0,600,1097,3586
11,4694,11,0.0,601,1097,3597
3,4697,11,0.0,602,1097,3600
2,4699,11,0.0,603,1097,3602
16,4715,11,0.0,604,1097,3618
15,4730,11,0.0,605,1097,3633
19,4749,12,1.0,606,1097,3652
2,4751,12,0.0,607,1097,3654
15,4766,12,0.0,608,1097,3669
7,4773,12,0.0,609,1097,3676
10,4783,12,0.0,610,1097,3686
6,4789,12,0.0,611,1097,3692
9,4798,12,0.0,612,1097,3701
24,4822,12,0.0,613,1097,3725
3,4825,12,0.0,614,1097,3728
9,4834,12,0.0,615,1097,3737
19,4853,13,1.0,616,1097,3756
9,4862,13,0.0,617,1097,3765
11,4873,13,0.0,618,1097,3776
11,4884,13,0.0,619,1097,3787
9,4893,13,0.0,620,1097,3796
3,4896,13,0.0,621,1097,3799
6,4902,13,0.0,622,1097,3805
15,4917,13,0.0,623,1097,3820
3,4920,13,0.0,624,1097,3823
7,4927,13,0.0,625,1097,3830
3,4930,13,0.0,626,1097,3833
4,4934,13,0.0,627,1097,3837
7,4941,13,0.0,628,1097,3844
8,4949,13,0.0,629,1097,3852
3,4952,13,0.0,630,1097,3855
6,4958,13,0.0,631,1097,3861
2,4960,13,0.0,632,1097,3863
5,4965,13,0.0,633,1097,3868
7,4972,13,0.0,634,1097,3875
3,4975,13,0.0,635,1097,3878
5,4980,13,0.0,636,1097,3883
3,4983,13,0.0,637,1097,3886
6,4989,13,0.0,638,1097,3892
3,4992,13,0.0,639,1097,3895
3,4995,13,0.0,640,1097,3898
22,5017,13,0.0,641,1097,3920
3,5020,13,0.0,642,1097,3923
12,5032,13,0.0,643,1097,3935
2,5034,13,0.0,644,1097,3937
3,5037,13,0.0,645,1097,3940
11,5048,14,1.0,646,1097,3951
16,5064,14,0.0,647,1097,3967
19,5083,14,0.0,648,1097,3986
6,5089,14,0.0,649,1097,3992
22,5111,14,0.0,650,1097,4014
5,5116,14,0.0,651,1097,4019
15,5131,14,0.0,652,1097,4034
3,5134,14,0.0,653,1097,4037
6,5140,14,0.0,654,1097,4043
3,5143,14,0.0,655,1097,4046
2,5145,14,0.0,656,1097,4048
11,5156,14,0.0,657,1097,4059
25,5181,14,0.0,658,1097,4084
18,5199,14,0.0,659,1097,4102
3,5202,14,0.0,660,1097,4105
4,5206,14,0.0,661,1097,4109
11,5217,14,0.0,662,1097,4120
6,5223,14,0.0,663,1097,4126
9,5232,14,0.0,664,1097,4135
2,5234,14,0.0,665,1097,4137
3,5237,14,0.0,666,1097,4140
22,5259,14,0.0,667,1097,4162
3,5262,14,0.0,668,1097,4165
2,5264,14,0.0,669,1097,4167
3,5267,14,0.0,670,1097,4170
4,5271,14,0.0,671,1097,4174
7,5278,14,0.0,672,1097,4181
3,5281,14,0.0,673,1097,4184
8,5289,14,0.0,674,1097,4192
8,5297,14,0.0,675,1097,4200
6,5303,14,0.0,676,1097,4206
4,5307,14,0.0,677,1097,4210
3,5310,14,0.0,678,1097,4213
7,5317,14,0.0,679,1097,4220
5,5322,14,0.0,680,1097,4225
9,5331,14,0.0,681,1097,4234
11,5342,14,0.0,682,1097,4245
6,5348,14,0.0,683,1097,4251
2,5350,14,0.0,684,1097,4253
3,5353,14,0.0,685,1097,4256
14,5367,14,0.0,686,1097,4270
8,5375,14,0.0,687,1097,4278
3,5378,14,0.0,688,1097,4281
3,5381,14,0.0,689,1097,4284
20,5401,14,0.0,690,1097,4304
19,5420,14,0.0,691,1097,4323
3,5423,14,0.0,692,1097,4326
7,5430,14,0.0,693,1097,4333
3,5433,14,0.0,694,1097,4336
15,5448,15,1.0,695,1097,4351
6,5454,15,0.0,696,1097,4357
27,5481,15,0.0,697,1097,4384
6,5487,15,0.0,698,1097,4390
3,5490,15,0.0,699,1097,4393
13,5503,15,0.0,700,1097,4406
5,5508,15,0.0,701,1097,4411
9,5517,15,0.0,702,1097,4420
5,5522,15,0.0,703,1097,4425
4,5526,15,0.0,704,1097,4429
8,5534,15,0.0,705,1097,4437
27,5561,15,0.0,706,1097,4464
4,5565,15,0.0,707,1097,4468
2,5567,15,0.0,708,1097,4470
21,5588,15,0.0,709,1097,4491
2,5590,15,0.0,710,1097,4493
3,5593,15,0.0,711,1097,4496
6,5599,15,0.0,712,1097,4502
9,5608,15,0.0,713,1097,4511
5,5613,15,0.0,714,1097,4516
15,5628,15,0.0,715,1097,4531
11,5639,15,0.0,716,1097,4542
2,5641,15,0.0,717,1097,4544
7,5648,15,0.0,718,1097,4551
3,5651,15,0.0,719,1097,4554
7,5658,15,0.0,720,1097,4561
3,5661,15,0.0,721,1097,4564
6,5667,15,0.0,722,1097,4570
2,5669,15,0.0,723,1097,4572
18,5687,15,0.0,724,1097,4590
8,5695,15,0.0,725,1097,4598
5,5700,15,0.0,726,1097,4603
3,5703,15,0.0,727,1097,4606
4,5707,15,0.0,728,1097,4610
3,5710,15,0.0,729,1097,4613
4,5714,15,0.0,730,1097,4617
9,5723,15,0.0,731,1097,4626
7,5730,15,0.0,732,1097,4633
3,5733,15,0.0,733,1097,4636
7,5740,15,0.0,734,1097,4643
7,5747,15,0.0,735,1097,4650
3,5750,15,0.0,736,1097,4653
3,5753,15,0.0,737,1097,4656
37,5790,15,0.0,738,1097,4693
3,5793,15,0.0,739,1097,4696
2,5795,15,0.0,740,1097,4698
5,5800,15,0.0,741,1097,4703
12,5812,15,0.0,742,1097,4715
2,5814,15,0.0,743,1097,4717
10,5824,15,0.0,744,1097,4727
3,5827,15,0.0,745,1097,4730
3,5830,15,0.0,746,1097,4733
8,5838,15,0.0,747,1097,4741
3,5841,15,0.0,748,1097,4744
4,5845,15,0.0,749,1097,4748
29,5874,15,0.0,750,1097,4777
3,5877,15,0.0,751,1097,4780
4,5881,15,0.0,752,1097,4784
7,5888,15,0.0,753,1097,4791
2,5890,15,0.0,754,1097,4793
5,5895,15,0.0,755,1097,4798
2,5897,15,0.0,756,1097,4800
3,5900,15,0.0,757,1097,4803
6,5906,15,0.0,758,1097,4809
6,5912,15,0.0,759,1097,4815
12,5924,15,0.0,760,1097,4827
13,5937,15,0.0,761,1097,4840
7,5944,15,0.0,762,1097,4847
3,5947,15,0.0,763,1097,4850
6,5953,15,0.0,764,1097,4856
2,5955,15,0.0,765,1097,4858
5,5960,15,0.0,766,1097,4863
7,5967,15,0.0,767,1097,4870
9,5976,15,0.0,768,1097,4879
2,5978,15,0.0,769,1097,4881
3,5981,15,0.0,770,1097,4884
19,6000,15,0.0,771,1097,4903
7,6007,15,0.0,772,1097,4910
2,6009,15,0.0,773,1097,4912
12,6021,15,0.0,774,1097,4924
3,6024,15,0.0,775,1097,4927
13,6037,15,0.0,776,1097,4940
2,6039,15,0.0,777,1097,4942
8,6047,15,0.0,778,1097,4950
7,6054,15,0.0,779,1097,4957
6,6060,15,0.0,780,1097,4963
7,6067,15,0.0,781,1097,4970
9,6076,15,0.0,782,1097,4979
5,6081,15,0.0,783,1097,4984
18,6099,15,0.0,784,1097,5002
11,6110,15,0.0,785,1097,5013
16,6126,15,0.0,786,1097,5029
3,6129,15,0.0,787,1097,5032
3,6132,15,0.0,788,1097,5035
3,6135,15,0.0,789,1097,5038
4,6139,15,0.0,790,1097,5042
2,6141,15,0.0,791,1097,5044
12,6153,15,0.0,792,1097,5056
9,6162,15,0.0,793,1097,5065
3,6165,15,0.0,794,1097,5068
4,6169,15,0.0,795,1097,5072
6,6175,15,0.0,796,1097,5078
3,6178,15,0.0,797,1097,5081
7,6185,15,0.0,798,1097,5088
2,6187,15,0.0,799,1097,5090
6,6193,15,0.0,800,1097,5096
5,6198,15,0.0,801,1097,5101
3,6201,15,0.0,802,1097,5104
18,6219,15,0.0,803,1097,5122
15,6234,16,1.0,804,1097,5137
17,6251,16,0.0,805,1097,5154
12,6263,16,0.0,806,1097,5166
13,6276,16,0.0,807,1097,5179
6,6282,16,0.0,808,1097,5185
7,6289,16,0.0,809,1097,5192
10,6299,16,0.0,810,1097,5202
3,6302,16,0.0,811,1097,5205
15,6317,17,1.0,812,1097,5220
3,6320,17,0.0,813,1097,5223
7,6327,17,0.0,814,1097,5230
20,6347,17,0.0,815,1097,5250
2,6349,17,0.0,816,1097,5252
9,6358,17,0.0,817,1097,5261
9,6367,17,0.0,818,1097,5270
7,6374,17,0.0,819,1097,5277
3,6377,17,0.0,820,1097,5280
2,6379,17,0.0,821,1097,5282
7,6386,17,0.0,822,1097,5289
7,6393,17,0.0,823,1097,5296
6,6399,17,0.0,824,1097,5302
2,6401,17,0.0,825,1097,5304
15,6416,17,0.0,826,1097,5319
10,6426,17,0.0,827,1097,5329
4,6430,17,0.0,828,1097,5333
7,6437,17,0.0,829,1097,5340
3,6440,17,0.0,830,1097,5343
3,6443,17,0.0,831,1097,5346
6,6449,17,0.0,832,1097,5352
4,6453,17,0.0,833,1097,5356
3,6456,17,0.0,834,1097,5359
3,6459,17,0.0,835,1097,5362
11,6470,17,0.0,836,1097,5373
5,6475,17,0.0,837,1097,5378
7,6482,17,0.0,838,1097,5385
2,6484,17,0.0,839,1097,5387
3,6487,17,0.0,840,1097,5390
18,6505,17,0.0,841,1097,5408
5,6510,17,0.0,842,1097,5413
9,6519,17,0.0,843,1097,5422
3,6522,17,0.0,844,1097,5425
9,6531,17,0.0,845,1097,5434
11,6542,17,0.0,846,1097,5445
9,6551,17,0.0,847,1097,5454
10,6561,17,0.0,848,1097,5464
19,6580,17,0.0,849,1097,5483
3,6583,17,0.0,850,1097,5486
17,6600,17,0.0,851,1097,5503
9,6609,17,0.0,852,1097,5512
8,6617,17,0.0,853,1097,5520
22,6639,17,0.0,854,1097,5542
9,6648,17,0.0,855,1097,5551
28,6676,17,0.0,856,1097,5579
3,6679,17,0.0,857,1097,5582
2,6681,17,0.0,858,1097,5584
6,6687,17,0.0,859,1097,5590
11,6698,17,0.0,860,1097,5601
9,6707,17,0.0,861,1097,5610
3,6710,17,0.0,862,1097,5613
10,6720,17,0.0,863,1097,5623
7,6727,17,0.0,864,1097,5630
10,6737,17,0.0,865,1097,5640
9,6746,17,0.0,866,1097,5649
14,6760,17,0.0,867,1097,5663
3,6763,17,0.0,868,1097,5666
18,6781,17,0.0,869,1097,5684
6,6787,17,0.0,870,1097,5690
6,6793,17,0.0,871,1097,5696
23,6816,17,0.0,872,1097,5719
3,6819,17,0.0,873,1097,5722
3,6822,17,0.0,874,1097,5725
19,6841,18,1.0,875,1097,5744
3,6844,18,0.0,876,1097,5747
3,6847,18,0.0,877,1097,5750
7,6854,18,0.0,878,1097,5757
14,6868,18,0.0,879,1097,5771
5,6873,18,0.0,880,1097,5776
6,6879,18,0.0,881,1097,5782
19,6898,18,0.0,882,1097,5801
17,6915,18,0.0,883,1097,5818
7,6922,18,0.0,884,1097,5825
8,6930,18,0.0,885,1097,5833
15,6945,18,0.0,886,1097,5848
9,6954,19,1.0,887,1097,5857
6,6960,19,0.0,888,1097,5863
13,6973,19,0.0,889,1097,5876
5,6978,19,0.0,890,1097,5881
10,6988,19,0.0,891,1097,5891
6,6994,19,0.0,892,1097,5897
4,6998,19,0.0,893,1097,5901
7,7005,19,0.0,894,1097,5908
8,7013,19,0.0,895,1097,5916
5,7018,19,0.0,896,1097,5921
12,7030,19,0.0,897,1097,5933
7,7037,19,0.0,898,1097,5940
4,7041,19,0.0,899,1097,5944
9,7050,19,0.0,900,1097,5953
12,7062,19,0.0,901,1097,5965
14,7076,19,0.0,902,1097,5979
3,7079,19,0.0,903,1097,5982
29,7108,19,0.0,904,1097,6011
6,7114,19,0.0,905,1097,6017
15,7129,19,0.0,906,1097,6032
3,7132,19,0.0,907,1097,6035
29,7161,19,0.0,908,1097,6064
5,7166,19,0.0,909,1097,6069
7,7173,19,0.0,910,1097,6076
7,7180,19,0.0,911,1097,6083
5,7185,19,0.0,912,1097,6088
3,7188,19,0.0,913,1097,6091
5,7193,19,0.0,914,1097,6096
16,7209,19,0.0,915,1097,6112
6,7215,19,0.0,916,1097,6118
6,7221,19,0.0,917,1097,6124
10,7231,19,0.0,918,1097,6134
18,7249,19,0.0,919,1097,6152
2,7251,19,0.0,920,1097,6154
3,7254,19,0.0,921,1097,6157
9,7263,19,0.0,922,1097,6166
3,7266,19,0.0,923,1097,6169
2,7268,19,0.0,924,1097,6171
7,7275,19,0.0,925,1097,6178
3,7278,19,0.0,926,1097,6181
3,7281,19,0.0,927,1097,6184
7,7288,19,0.0,928,1097,6191
3,7291,19,0.0,929,1097,6194
9,7300,19,0.0,930,1097,6203
10,7310,19,0.0,931,1097,6213
3,7313,19,0.0,932,1097,6216
3,7316,19,0.0,933,1097,6219
6,7322,19,0.0,934,1097,6225
21,7343,19,0.0,935,1097,6246
11,7354,19,0.0,936,1097,6257
13,7367,19,0.0,937,1097,6270
5,7372,19,0.0,938,1097,6275
3,7375,19,0.0,939,1097,6278
9,7384,19,0.0,940,1097,6287
5,7389,19,0.0,941,1097,6292
5,7394,19,0.0,942,1097,6297
7,7401,19,0.0,943,1097,6304
3,7404,19,0.0,944,1097,6307
6,7410,19,0.0,945,1097,6313
10,7420,19,0.0,946,1097,6323
3,7423,19,0.0,947,1097,6326
3,7426,19,0.0,948,1097,6329
12,7438,19,0.0,949,1097,6341
8,7446,19,0.0,950,1097,6349
3,7449,19,0.0,951,1097,6352
7,7456,19,0.0,952,1097,6359
9,7465,19,0.0,953,1097,6368
3,7468,19,0.0,954,1097,6371
10,7478,19,0.0,955,1097,6381
3,7481,19,0.0,956,1097,6384
8,7489,19,0.0,957,1097,6392
7,7496,19,0.0,958,1097,6399
3,7499,19,0.0,959,1097,6402
3,7502,19,0.0,960,1097,6405
7,7509,19,0.0,961,1097,6412
4,7513,19,0.0,962,1097,6416
11,7524,19,0.0,963,1097,6427
7,7531,19,0.0,964,1097,6434
2,7533,19,0.0,965,1097,6436
6,7539,19,0.0,966,1097,6442
5,7544,19,0.0,967,1097,6447
29,7573,19,0.0,968,1097,6476
14,7587,19,0.0,969,1097,6490
15,7602,19,0.0,970,1097,6505
7,7609,19,0.0,971,1097,6512
3,7612,19,0.0,972,1097,6515
5,7617,19,0.0,973,1097,6520
2,7619,19,0.0,974,1097,6522
4,7623,19,0.0,975,1097,6526
7,7630,19,0.0,976,1097,6533
15,7645,19,0.0,977,1097,6548
3,7648,19,0.0,978,1097,6551
10,7658,19,0.0,979,1097,6561
4,7662,19,0.0,980,1097,6565
17,7679,19,0.0,981,1097,6582
6,7685,19,0.0,982,1097,6588
3,7688,19,0.0,983,1097,6591
2,7690,19,0.0,984,1097,6593
7,7697,19,0.0,985,1097,6600
2,7699,19,0.0,986,1097,6602
7,7706,19,0.0,987,1097,6609
6,7712,19,0.0,988,1097,6615
21,7733,19,0.0,989,1097,6636
10,7743,19,0.0,990,1097,6646
2,7745,19,0.0,991,1097,6648
2,7747,19,0.0,992,1097,6650
5,7752,19,0.0,993,1097,6655
4,7756,19,0.0,994,1097,6659
3,7759,19,0.0,995,1097,6662
10,7769,19,0.0,996,1097,6672
4,7773,19,0.0,997,1097,6676
7,7780,19,0.0,998,1097,6683
15,7795,19,0.0,999,1097,6698
3,7798,19,0.0,1000,1097,6701
3,7801,19,0.0,1001,1097,6704
3,7804,19,0.0,1002,1097,6707
4,7808,19,0.0,1003,1097,6711
7,7815,19,0.0,1004,1097,6718
3,7818,19,0.0,1005,1097,6721
5,7823,19,0.0,1006,1097,6726
5,7828,19,0.0,1007,1097,6731
3,7831,19,0.0,1008,1097,6734
2,7833,19,0.0,1009,1097,6736
7,7840,19,0.0,1010,1097,6743
19,7859,20,1.0,1011,1097,6762
2,7861,20,0.0,1012,1097,6764
9,7870,20,0.0,1013,1097,6773
7,7877,20,0.0,1014,1097,6780
18,7895,20,0.0,1015,1097,6798
14,7909,20,0.0,1016,1097,6812
2,7911,20,0.0,1017,1097,6814
4,7915,20,0.0,1018,1097,6818
4,7919,20,0.0,1019,1097,6822
2,7921,20,0.0,1020,1097,6824
11,7932,21,1.0,1021,1097,6835
10,7942,21,0.0,1022,1097,6845
4,7946,21,0.0,1023,1097,6849
6,7952,21,0.0,1024,1097,6855
15,7967,21,0.0,1025,1097,6870
7,7974,21,0.0,1026,1097,6877
3,7977,21,0.0,1027,1097,6880
9,7986,21,0.0,1028,1097,6889
5,7991,21,0.0,1029,1097,6894
3,7994,21,0.0,1030,1097,6897
19,8013,21,0.0,1031,1097,6916
7,8020,21,0.0,1032,1097,6923
6,8026,21,0.0,1033,1097,6929
3,8029,21,0.0,1034,1097,6932
14,8043,21,0.0,1035,1097,6946
5,8048,21,0.0,1036,1097,6951
16,8064,21,0.0,1037,1097,6967
5,8069,21,0.0,1038,1097,6972
10,8079,21,0.0,1039,1097,6982
16,8095,21,0.0,1040,1097,6998
2,8097,21,0.0,1041,1097,7000
7,8104,21,0.0,1042,1097,7007
7,8111,21,0.0,1043,1097,7014
15,8126,21,0.0,1044,1097,7029
13,8139,21,0.0,1045,1097,7042
3,8142,21,0.0,1046,1097,7045
11,8153,21,0.0,1047,1097,7056
4,8157,21,0.0,1048,1097,7060
6,8163,21,0.0,1049,1097,7066
11,8174,21,0.0,1050,1097,7077
9,8183,21,0.0,1051,1097,7086
13,8196,21,0.0,1052,1097,7099
5,8201,21,0.0,1053,1097,7104
3,8204,21,0.0,1054,1097,7107
7,8211,21,0.0,1055,1097,7114
2,8213,21,0.0,1056,1097,7116
15,8228,21,0.0,1057,1097,7131
5,8233,21,0.0,1058,1097,7136
3,8236,21,0.0,1059,1097,7139
8,8244,21,0.0,1060,1097,7147
3,8247,21,0.0,1061,1097,7150
13,8260,21,0.0,1062,1097,7163
7,8267,21,0.0,1063,1097,7170
18,8285,21,0.0,1064,1097,7188
6,8291,21,0.0,1065,1097,7194
7,8298,21,0.0,1066,1097,7201
11,8309,22,1.0,1067,1097,7212
15,8324,22,0.0,1068,1097,7227
4,8328,22,0.0,1069,1097,7231
5,8333,22,0.0,1070,1097,7236
5,8338,22,0.0,1071,1097,7241
11,8349,22,0.0,1072,1097,7252
10,8359,22,0.0,1073,1097,7262
5,8364,22,0.0,1074,1097,7267
2,8366,22,0.0,1075,1097,7269
10,8376,22,0.0,1076,1097,7279
6,8382,22,0.0,1077,1097,7285
2,8384,22,0.0,1078,1097,7287
20,8404,22,0.0,1079,1097,7307
3,8407,22,0.0,1080,1097,7310
5,8412,22,0.0,1081,1097,7315
8,8420,22,0.0,1082,1097,7323
3,8423,22,0.0,1083,1097,7326
7,8430,22,0.0,1084,1097,7333
6,8436,22,0.0,1085,1097,7339
5,8441,22,0.0,1086,1097,7344
3,8444,22,0.0,1087,1097,7347
6,8450,22,0.0,1088,1097,7353
19,8469,22,0.0,1089,1097,7372
9,8478,22,0.0,1090,1097,7381
7,8485,22,0.0,1091,1097,7388
9,8494,22,0.0,1092,1097,7397
12,8506,22,0.0,1093,1097,7409
11,8517,22,0.0,1094,1097,7420
18,8535,22,0.0,1095,1097,7438
9,8544,22,0.0,1096,1097,7447
6,8550,22,0.0,1097,1097,7453
12,8562,22,0.0,1098,1097,7465
13,8575,22,0.0,1099,1097,7478
12,8587,22,0.0,1100,1097,7490
11,8598,22,0.0,1101,1097,7501
12,8610,22,0.0,1102,1097,7513
12,8622,22,0.0,1103,1097,7525
6,8628,22,0.0,1104,1097,7531
6,8634,22,0.0,1105,1097,7537
9,8643,23,1.0,1106,1097,7546
15,8658,23,0.0,1107,1097,7561
2,8660,23,0.0,1108,1097,7563
12,8672,23,0.0,1109,1097,7575
5,8677,23,0.0,1110,1097,7580
3,8680,23,0.0,1111,1097,7583
13,8693,23,0.0,1112,1097,7596
11,8704,23,0.0,1113,1097,7607
18,8722,23,0.0,1114,1097,7625
8,8730,23,0.0,1115,1097,7633
3,8733,23,0.0,1116,1097,7636
19,8752,23,0.0,1117,1097,7655
3,8755,23,0.0,1118,1097,7658
5,8760,23,0.0,1119,1097,7663
9,8769,23,0.0,1120,1097,7672
3,8772,23,0.0,1121,1097,7675
3,8775,23,0.0,1122,1097,7678
12,8787,23,0.0,1123,1097,7690
6,8793,23,0.0,1124,1097,7696
9,8802,23,0.0,1125,1097,7705
9,8811,23,0.0,1126,1097,7714
7,8818,23,0.0,1127,1097,7721
18,8836,23,0.0,1128,1097,7739
33,8869,24,1.0,1129,1097,7772
7,8876,24,0.0,1130,1097,7779
8,8884,24,0.0,1131,1097,7787
5,8889,24,0.0,1132,1097,7792
5,8894,24,0.0,1133,1097,7797
4,8898,24,0.0,1134,1097,7801
13,8911,24,0.0,1135,1097,7814
6,8917,24,0.0,1136,1097,7820
4,8921,24,0.0,1137,1097,7824
18,8939,24,0.0,1138,1097,7842
15,8954,25,1.0,1139,1097,7857
6,8960,25,0.0,1140,1097,7863
12,8972,25,0.0,1141,1097,7875
6,8978,25,0.0,1142,1097,7881
5,8983,25,0.0,1143,1097,7886
3,8986,25,0.0,1144,1097,7889
3,8989,25,0.0,1145,1097,7892
7,8996,25,0.0,1146,1097,7899
3,8999,25,0.0,1147,1097,7902
3,9002,25,0.0,1148,1097,7905
14,9016,25,0.0,1149,1097,7919
8,9024,25,0.0,1150,1097,7927
2,9026,25,0.0,1151,1097,7929
9,9035,26,1.0,1152,1097,7938
4,9039,26,0.0,1153,1097,7942
5,9044,26,0.0,1154,1097,7947
4,9048,26,0.0,1155,1097,7951
2,9050,26,0.0,1156,1097,7953
4,9054,26,0.0,1157,1097,7957
3,9057,26,0.0,1158,1097,7960
15,9072,26,0.0,1159,1097,7975
15,9087,26,0.0,1160,1097,7990
5,9092,26,0.0,1161,1097,7995
5,9097,26,0.0,1162,1097,8000
2,9099,26,0.0,1163,1097,8002
13,9112,26,0.0,1164,1097,8015
7,9119,26,0.0,1165,1097,8022
5,9124,26,0.0,1166,1097,8027
6,9130,26,0.0,1167,1097,8033
16,9146,26,0.0,1168,1097,8049
12,9158,26,0.0,1169,1097,8061
5,9163,26,0.0,1170,1097,8066
6,9169,26,0.0,1171,1097,8072
3,9172,26,0.0,1172,1097,8075
7,9179,26,0.0,1173,1097,8082
3,9182,26,0.0,1174,1097,8085
5,9187,26,0.0,1175,1097,8090
6,9193,26,0.0,1176,1097,8096
11,9204,26,0.0,1177,1097,8107
3,9207,26,0.0,1178,1097,8110
2,9209,26,0.0,1179,1097,8112
2,9211,26,0.0,1180,1097,8114
3,9214,26,0.0,1181,1097,8117
15,9229,27,1.0,1182,1097,8132
15,9244,28,1.0,1183,1097,8147
9,9253,28,0.0,1184,1097,8156
13,9266,28,0.0,1185,1097,8169
2,9268,28,0.0,1186,1097,8171
10,9278,28,0.0,1187,1097,8181
10,9288,28,0.0,1188,1097,8191
7,9295,28,0.0,1189,1097,8198
2,9297,28,0.0,1190,1097,8200
2,9299,28,0.0,1191,1097,8202
7,9306,28,0.0,1192,1097,8209
19,9325,28,0.0,1193,1097,8228
14,9339,28,0.0,1194,1097,8242
10,9349,28,0.0,1195,1097,8252
10,9359,28,0.0,1196,1097,8262
11,9370,28,0.0,1197,1097,8273
9,9379,28,0.0,1198,1097,8282
4,9383,28,0.0,1199,1097,8286
13,9396,28,0.0,1200,1097,8299
3,9399,28,0.0,1201,1097,8302
6,9405,28,0.0,1202,1097,8308
3,9408,28,0.0,1203,1097,8311
13,9421,28,0.0,1204,1097,8324
4,9425,28,0.0,1205,1097,8328
19,9444,29,1.0,1206,1097,8347
10,9454,29,0.0,1207,1097,8357
3,9457,29,0.0,1208,1097,8360
7,9464,29,0.0,1209,1097,8367
9,9473,29,0.0,1210,1097,8376
15,9488,29,0.0,1211,1097,8391
11,9499,29,0.0,1212,1097,8402
4,9503,29,0.0,1213,1097,8406
3,9506,29,0.0,1214,1097,8409
7,9513,29,0.0,1215,1097,8416
7,9520,29,0.0,1216,1097,8423
5,9525,29,0.0,1217,1097,8428
16,9541,29,0.0,1218,1097,8444
10,9551,29,0.0,1219,1097,8454
7,9558,29,0.0,1220,1097,8461
13,9571,29,0.0,1221,1097,8474
16,9587,29,0.0,1222,1097,8490
7,9594,29,0.0,1223,1097,8497
7,9601,29,0.0,1224,1097,8504
7,9608,29,0.0,1225,1097,8511
18,9626,29,0.0,1226,1097,8529
9,9635,29,0.0,1227,1097,8538
9,9644,29,0.0,1228,1097,8547
9,9653,29,0.0,1229,1097,8556
3,9656,29,0.0,1230,1097,8559
5,9661,29,0.0,1231,1097,8564
5,9666,29,0.0,1232,1097,8569
3,9669,29,0.0,1233,1097,8572
5,9674,29,0.0,1234,1097,8577
6,9680,29,0.0,1235,1097,8583
7,9687,29,0.0,1236,1097,8590
3,9690,29,0.0,1237,1097,8593
22,9712,29,0.0,1238,1097,8615
6,9718,29,0.0,1239,1097,8621
3,9721,29,0.0,1240,1097,8624
3,9724,29,0.0,1241,1097,8627
13,9737,29,0.0,1242,1097,8640
8,9745,29,0.0,1243,1097,8648
3,9748,29,0.0,1244,1097,8651
15,9763,30,1.0,1245,1097,8666
11,9774,30,0.0,1246,1097,8677
3,9777,30,0.0,1247,1097,8680
9,9786,30,0.0,1248,1097,8689
5,9791,30,0.0,1249,1097,8694
3,9794,30,0.0,1250,1097,8697
2,9796,30,0.0,1251,1097,8699
9,9805,30,0.0,1252,1097,8708
2,9807,30,0.0,1253,1097,8710
6,9813,30,0.0,1254,1097,8716
2,9815,30,0.0,1255,1097,8718
7,9822,30,0.0,1256,1097,8725
2,9824,30,0.0,1257,1097,8727
6,9830,30,0.0,1258,1097,8733
2,9832,30,0.0,1259,1097,8735
19,9851,31,1.0,1260,1097,8754
4,9855,31,0.0,1261,1097,8758
4,9859,31,0.0,1262,1097,8762
3,9862,31,0.0,1263,1097,8765
5,9867,31,0.0,1264,1097,8770
7,9874,31,0.0,1265,1097,8777
7,9881,31,0.0,1266,1097,8784
19,9900,32,1.0,1267,1097,8803
16,9916,32,0.0,1268,1097,8819
9,9925,32,0.0,1269,1097,8828
8,9933,32,0.0,1270,1097,8836
7,9940,32,0.0,1271,1097,8843
3,9943,32,0.0,1272,1097,8846
2,9945,32,0.0,1273,1097,8848
6,9951,32,0.0,1274,1097,8854
3,9954,32,0.0,1275,1097,8857
7,9961,32,0.0,1276,1097,8864
2,9963,32,0.0,1277,1097,8866
9,9972,32,0.0,1278,1097,8875
3,9975,32,0.0,1279,1097,8878
6,9981,32,0.0,1280,1097,8884
9,9990,32,0.0,1281,1097,8893
7,9997,32,0.0,1282,1097,8900
3,10000,32,0.0,1283,1097,8903
3,10003,32,0.0,1284,1097,8906
6,10009,32,0.0,1285,1097,8912
8,10017,32,0.0,1286,1097,8920
3,10020,32,0.0,1287,1097,8923
8,10028,32,0.0,1288,1097,8931
20,10048,32,0.0,1289,1097,8951
2,10050,32,0.0,1290,1097,8953
2,10052,32,0.0,1291,1097,8955
2,10054,32,0.0,1292,1097,8957
9,10063,32,0.0,1293,1097,8966
17,10080,32,0.0,1294,1097,8983
10,10090,32,0.0,1295,1097,8993
11,10101,32,0.0,1296,1097,9004
7,10108,32,0.0,1297,1097,9011
8,10116,32,0.0,1298,1097,9019
3,10119,32,0.0,1299,1097,9022
19,10138,32,0.0,1300,1097,9041
15,10153,32,0.0,1301,1097,9056
3,10156,32,0.0,1302,1097,9059
8,10164,32,0.0,1303,1097,9067
6,10170,32,0.0,1304,1097,9073
7,10177,32,0.0,1305,1097,9080
5,10182,32,0.0,1306,1097,9085
22,10204,32,0.0,1307,1097,9107
10,10214,32,0.0,1308,1097,9117
3,10217,32,0.0,1309,1097,9120
9,10226,32,0.0,1310,1097,9129
3,10229,32,0.0,1311,1097,9132
3,10232,32,0.0,1312,1097,9135
7,10239,32,0.0,1313,1097,9142
10,10249,32,0.0,1314,1097,9152
4,10253,32,0.0,1315,1097,9156
9,10262,32,0.0,1316,1097,9165
2,10264,32,0.0,1317,1097,9167
4,10268,32,0.0,1318,1097,9171
7,10275,32,0.0,1319,1097,9178
6,10281,32,0.0,1320,1097,9184
5,10286,32,0.0,1321,1097,9189
7,10293,32,0.0,1322,1097,9196
16,10309,32,0.0,1323,1097,9212
11,10320,32,0.0,1324,1097,9223
3,10323,32,0.0,1325,1097,9226
3,10326,32,0.0,1326,1097,9229
2,10328,32,0.0,1327,1097,9231
7,10335,32,0.0,1328,1097,9238
19,10354,33,1.0,1329,1097,9257
4,10358,33,0.0,1330,1097,9261
17,10375,33,0.0,1331,1097,9278
7,10382,33,0.0,1332,1097,9285
13,10395,33,0.0,1333,1097,9298
5,10400,33,0.0,1334,1097,9303
7,10407,33,0.0,1335,1097,9310
7,10414,33,0.0,1336,1097,9317
9,10423,33,0.0,1337,1097,9326
2,10425,33,0.0,1338,1097,9328
18,10443,33,0.0,1339,1097,9346
9,10452,33,0.0,1340,1097,9355
10,10462,33,0.0,1341,1097,9365
7,10469,33,0.0,1342,1097,9372
6,10475,33,0.0,1343,1097,9378
21,10496,33,0.0,1344,1097,9399
13,10509,33,0.0,1345,1097,9412
12,10521,33,0.0,1346,1097,9424
17,10538,33,0.0,1347,1097,9441
3,10541,33,0.0,1348,1097,9444
5,10546,33,0.0,1349,1097,9449
3,10549,33,0.0,1350,1097,9452
2,10551,33,0.0,1351,1097,9454
3,10554,33,0.0,1352,1097,9457
19,10573,33,0.0,1353,1097,9476
5,10578,33,0.0,1354,1097,9481
7,10585,33,0.0,1355,1097,9488
2,10587,33,0.0,1356,1097,9490
19,10606,33,0.0,1357,1097,9509
15,10621,33,0.0,1358,1097,9524
3,10624,33,0.0,1359,1097,9527
18,10642,33,0.0,1360,1097,9545
13,10655,33,0.0,1361,1097,9558
6,10661,33,0.0,1362,1097,9564
14,10675,33,0.0,1363,1097,9578
9,10684,33,0.0,1364,1097,9587
2,10686,33,0.0,1365,1097,9589
3,10689,33,0.0,1366,1097,9592
2,10691,33,0.0,1367,1097,9594
2,10693,33,0.0,1368,1097,9596
3,10696,33,0.0,1369,1097,9599
9,10705,33,0.0,1370,1097,9608
18,10723,33,0.0,1371,1097,9626
9,10732,33,0.0,1372,1097,9635
11,10743,33,0.0,1373,1097,9646
15,10758,33,0.0,1374,1097,9661
7,10765,33,0.0,1375,1097,9668
2,10767,33,0.0,1376,1097,9670
2,10769,33,0.0,1377,1097,9672
5,10774,33,0.0,1378,1097,9677
8,10782,33,0.0,1379,1097,9685
2,10784,33,0.0,1380,1097,9687
5,10789,33,0.0,1381,1097,9692
2,10791,33,0.0,1382,1097,9694
7,10798,33,0.0,1383,1097,9701
8,10806,33,0.0,1384,1097,9709
2,10808,33,0.0,1385,1097,9711
3,10811,33,0.0,1386,1097,9714
7,10818,33,0.0,1387,1097,9721
6,10824,33,0.0,1388,1097,9727
3,10827,33,0.0,1389,1097,9730
2,10829,33,0.0,1390,1097,9732
7,10836,33,0.0,1391,1097,9739
2,10838,33,0.0,1392,1097,9741
15,10853,33,0.0,1393,1097,9756
3,10856,33,0.0,1394,1097,9759
2,10858,33,0.0,1395,1097,9761
7,10865,33,0.0,1396,1097,9768
5,10870,33,0.0,1397,1097,9773
3,10873,33,0.0,1398,1097,9776
7,10880,33,0.0,1399,1097,9783
22,10902,33,0.0,1400,1097,9805
3,10905,33,0.0,1401,1097,9808
4,10909,33,0.0,1402,1097,9812
2,10911,33,0.0,1403,1097,9814
10,10921,33,0.0,1404,1097,9824
14,10935,33,0.0,1405,1097,9838
5,10940,33,0.0,1406,1097,9843
7,10947,33,0.0,1407,1097,9850
5,10952,33,0.0,1408,1097,9855
8,10960,33,0.0,1409,1097,9863
2,10962,33,0.0,1410,1097,9865
9,10971,33,0.0,1411,1097,9874
7,10978,33,0.0,1412,1097,9881
15,10993,33,0.0,1413,1097,9896
13,11006,33,0.0,1414,1097,9909
10,11016,33,0.0,1415,1097,9919
27,11043,33,0.0,1416,1097,9946
2,11045,33,0.0,1417,1097,9948
7,11052,33,0.0,1418,1097,9955
23,11075,33,0.0,1419,1097,9978
6,11081,33,0.0,1420,1097,9984
5,11086,33,0.0,1421,1097,9989
6,11092,33,0.0,1422,1097,9995
3,11095,33,0.0,1423,1097,9998
3,11098,33,0.0,1424,1097,10001
2,11100,33,0.0,1425,1097,10003
8,11108,33,0.0,1426,1097,10011
3,11111,33,0.0,1427,1097,10014
15,11126,34,1.0,1428,1097,10029
4,11130,34,0.0,1429,1097,10033
8,11138,34,0.0,1430,1097,10041
11,11149,34,0.0,1431,1097,10052
4,11153,34,0.0,1432,1097,10056
2,11155,34,0.0,1433,1097,10058
3,11158,34,0.0,1434,1097,10061
2,11160,34,0.0,1435,1097,10063
13,11173,34,0.0,1436,1097,10076
7,11180,34,0.0,1437,1097,10083
2,11182,34,0.0,1438,1097,10085
5,11187,34,0.0,1439,1097,10090
5,11192,34,0.0,1440,1097,10095
2,11194,34,0.0,1441,1097,10097
4,11198,34,0.0,1442,1097,10101
18,11216,34,0.0,1443,1097,10119
8,11224,34,0.0,1444,1097,10127
8,11232,34,0.0,1445,1097,10135
13,11245,34,0.0,1446,1097,10148
6,11251,34,0.0,1447,1097,10154
2,11253,34,0.0,1448,1097,10156
6,11259,34,0.0,1449,1097,10162
11,11270,34,0.0,1450,1097,10173
7,11277,34,0.0,1451,1097,10180
13,11290,34,0.0,1452,1097,10193
6,11296,34,0.0,1453,1097,10199
15,11311,34,0.0,1454,1097,10214
7,11318,34,0.0,1455,1097,10221
15,11333,34,0.0,1456,1097,10236
3,11336,34,0.0,1457,1097,10239
3,11339,34,0.0,1458,1097,10242
13,11352,34,0.0,1459,1097,10255
3,11355,34,0.0,1460,1097,10258
3,11358,34,0.0,1461,1097,10261
3,11361,34,0.0,1462,1097,10264
5,11366,34,0.0,1463,1097,10269
7,11373,34,0.0,1464,1097,10276
11,11384,34,0.0,1465,1097,10287
3,11387,34,0.0,1466,1097,10290
9,11396,34,0.0,1467,1097,10299
9,11405,34,0.0,1468,1097,10308
5,11410,34,0.0,1469,1097,10313
6,11416,34,0.0,1470,1097,10319
3,11419,34,0.0,1471,1097,10322
4,11423,34,0.0,1472,1097,10326
14,11437,34,0.0,1473,1097,10340
3,11440,34,0.0,1474,1097,10343
15,11455,34,0.0,1475,1097,10358
6,11461,34,0.0,1476,1097,10364
5,11466,34,0.0,1477,1097,10369
4,11470,34,0.0,1478,1097,10373
7,11477,34,0.0,1479,1097,10380
6,11483,34,0.0,1480,1097,10386
3,11486,34,0.0,1481,1097,10389
20,11506,34,0.0,1482,1097,10409
3,11509,34,0.0,1483,1097,10412
7,11516,34,0.0,1484,1097,10419
5,11521,34,0.0,1485,1097,10424
19,11540,35,1.0,1486,1097,10443
9,11549,35,0.0,1487,1097,10452
9,11558,35,0.0,1488,1097,10461
5,11563,35,0.0,1489,1097,10466
15,11578,35,0.0,1490,1097,10481
9,11587,35,0.0,1491,1097,10490
3,11590,35,0.0,1492,1097,10493
6,11596,35,0.0,1493,1097,10499
15,11611,35,0.0,1494,1097,10514
7,11618,35,0.0,1495,1097,10521
9,11627,35,0.0,1496,1097,10530
4,11631,35,0.0,1497,1097,10534
15,11646,36,1.0,1498,1097,10549
10,11656,36,0.0,1499,1097,10559
9,11665,36,0.0,1500,1097,10568
15,11680,36,0.0,1501,1097,10583
3,11683,36,0.0,1502,1097,10586
7,11690,36,0.0,1503,1097,10593
3,11693,36,0.0,1504,1097,10596
6,11699,36,0.0,1505,1097,10602
4,11703,36,0.0,1506,1097,10606
33,11736,36,0.0,1507,1097,10639
3,11739,36,0.0,1508,1097,10642
11,11750,36,0.0,1509,1097,10653
2,11752,36,0.0,1510,1097,10655
2,11754,36,0.0,1511,1097,10657
3,11757,36,0.0,1512,1097,10660
3,11760,36,0.0,1513,1097,10663
2,11762,36,0.0,1514,1097,10665
4,11766,36,0.0,1515,1097,10669
3,11769,36,0.0,1516,1097,10672
14,11783,36,0.0,1517,1097,10686
2,11785,36,0.0,1518,1097,10688
8,11793,36,0.0,1519,1097,10696
2,11795,36,0.0,1520,1097,10698
2,11797,36,0.0,1521,1097,10700
18,11815,36,0.0,1522,1097,10718
11,11826,36,0.0,1523,1097,10729
3,11829,36,0.0,1524,1097,10732
8,11837,36,0.0,1525,1097,10740
5,11842,36,0.0,1526,1097,10745
3,11845,36,0.0,1527,1097,10748
7,11852,36,0.0,1528,1097,10755
2,11854,36,0.0,1529,1097,10757
3,11857,36,0.0,1530,1097,10760
3,11860,36,0.0,1531,1097,10763
3,11863,36,0.0,1532,1097,10766
12,11875,36,0.0,1533,1097,10778
2,11877,36,0.0,1534,1097,10780
9,11886,36,0.0,1535,1097,10789
7,11893,36,0.0,1536,1097,10796
5,11898,36,0.0,1537,1097,10801
7,11905,36,0.0,1538,1097,10808
12,11917,37,1.0,1539,1097,10820
19,11936,38,1.0,1540,1097,10839
14,11950,38,0.0,1541,1097,10853
3,11953,38,0.0,1542,1097,10856
5,11958,38,0.0,1543,1097,10861
4,11962,38,0.0,1544,1097,10865
9,11971,38,0.0,1545,1097,10874
17,11988,38,0.0,1546,1097,10891
6,11994,38,0.0,1547,1097,10897
3,11997,38,0.0,1548,1097,10900
6,12003,38,0.0,1549,1097,10906
18,12021,38,0.0,1550,1097,10924
16,12037,38,0.0,1551,1097,10940
7,12044,38,0.0,1552,1097,10947
7,12051,38,0.0,1553,1097,10954
7,12058,38,0.0,1554,1097,10961
5,12063,38,0.0,1555,1097,10966
2,12065,38,0.0,1556,1097,10968
13,12078,38,0.0,1557,1097,10981
5,12083,38,0.0,1558,1097,10986
6,12089,38,0.0,1559,1097,10992
15,12104,38,0.0,1560,1097,11007
13,12117,38,0.0,1561,1097,11020
13,12130,38,0.0,1562,1097,11033
6,12136,38,0.0,1563,1097,11039
3,12139,38,0.0,1564,1097,11042
10,12149,38,0.0,1565,1097,11052
24,12173,38,0.0,1566,1097,11076
5,12178,38,0.0,1567,1097,11081
7,12185,38,0.0,1568,1097,11088
6,12191,38,0.0,1569,1097,11094
2,12193,38,0.0,1570,1097,11096
5,12198,38,0.0,1571,1097,11101
22,12220,38,0.0,1572,1097,11123
5,12225,38,0.0,1573,1097,11128
4,12229,38,0.0,1574,1097,11132
8,12237,38,0.0,1575,1097,11140
19,12256,39,1.0,1576,1097,11159
3,12259,39,0.0,1577,1097,11162
13,12272,39,0.0,1578,1097,11175
2,12274,39,0.0,1579,1097,11177
15,12289,39,0.0,1580,1097,11192
4,12293,39,0.0,1581,1097,11196
3,12296,39,0.0,1582,1097,11199
11,12307,39,0.0,1583,1097,11210
3,12310,39,0.0,1584,1097,11213
18,12328,39,0.0,1585,1097,11231
19,12347,39,0.0,1586,1097,11250
13,12360,39,0.0,1587,1097,11263
13,12373,39,0.0,1588,1097,11276
7,12380,39,0.0,1589,1097,11283
3,12383,39,0.0,1590,1097,11286
10,12393,39,0.0,1591,1097,11296
6,12399,39,0.0,1592,1097,11302
2,12401,39,0.0,1593,1097,11304
21,12422,39,0.0,1594,1097,11325
18,12440,39,0.0,1595,1097,11343
14,12454,39,0.0,1596,1097,11357
7,12461,39,0.0,1597,1097,11364
10,12471,39,0.0,1598,1097,11374
3,12474,39,0.0,1599,1097,11377
2,12476,39,0.0,1600,1097,11379
2,12478,39,0.0,1601,1097,11381
9,12487,39,0.0,1602,1097,11390
2,12489,39,0.0,1603,1097,11392
9,12498,39,0.0,1604,1097,11401
3,12501,39,0.0,1605,1097,11404
9,12510,39,0.0,1606,1097,11413
2,12512,39,0.0,1607,1097,11415
4,12516,39,0.0,1608,1097,11419
3,12519,39,0.0,1609,1097,11422
2,12521,39,0.0,1610,1097,11424
10,12531,39,0.0,1611,1097,11434
3,12534,39,0.0,1612,1097,11437
12,12546,39,0.0,1613,1097,11449
7,12553,39,0.0,1614,1097,11456
2,12555,39,0.0,1615,1097,11458
3,12558,39,0.0,1616,1097,11461
7,12565,39,0.0,1617,1097,11468
12,12577,39,0.0,1618,1097,11480
15,12592,39,0.0,1619,1097,11495
7,12599,39,0.0,1620,1097,11502
10,12609,39,0.0,1621,1097,11512
10,12619,39,0.0,1622,1097,11522
4,12623,39,0.0,1623,1097,11526
11,12634,39,0.0,1624,1097,11537
2,12636,39,0.0,1625,1097,11539
16,12652,39,0.0,1626,1097,11555
21,12673,39,0.0,1627,1097,11576
15,12688,39,0.0,1628,1097,11591
15,12703,39,0.0,1629,1097,11606
3,12706,39,0.0,1630,1097,11609
4,12710,39,0.0,1631,1097,11613
7,12717,39,0.0,1632,1097,11620
6,12723,39,0.0,1633,1097,11626
24,12747,39,0.0,1634,1097,11650
6,12753,39,0.0,1635,1097,11656
2,12755,39,0.0,1636,1097,11658
7,12762,39,0.0,1637,1097,11665
9,12771,39,0.0,1638,1097,11674
10,12781,39,0.0,1639,1097,11684
4,12785,39,0.0,1640,1097,11688
7,12792,39,0.0,1641,1097,11695
2,12794,39,0.0,1642,1097,11697
32,12826,39,0.0,1643,1097,11729
3,12829,39,0.0,1644,1097,11732
4,12833,39,0.0,1645,1097,11736
11,12844,39,0.0,1646,1097,11747
3,12847,39,0.0,1647,1097,11750
13,12860,39,0.0,1648,1097,11763
10,12870,39,0.0,1649,1097,11773
4,12874,39,0.0,1650,1097,11777
10,12884,39,0.0,1651,1097,11787
2,12886,39,0.0,1652,1097,11789
9,12895,39,0.0,1653,1097,11798
13,12908,39,0.0,1654,1097,11811
9,12917,39,0.0,1655,1097,11820
7,12924,39,0.0,1656,1097,11827
15,12939,40,1.0,1657,1097,11842
16,12955,40,0.0,1658,1097,11858
2,12957,40,0.0,1659,1097,11860
8,12965,40,0.0,1660,1097,11868
10,12975,40,0.0,1661,1097,11878
7,12982,40,0.0,1662,1097,11885
6,12988,40,0.0,1663,1097,11891
7,12995,40,0.0,1664,1097,11898
18,13013,40,0.0,1665,1097,11916
19,13032,41,1.0,1666,1097,11935
6,13038,41,0.0,1667,1097,11941
3,13041,41,0.0,1668,1097,11944
2,13043,41,0.0,1669,1097,11946
3,13046,41,0.0,1670,1097,11949
11,13057,41,0.0,1671,1097,11960
2,13059,41,0.0,1672,1097,11962
4,13063,41,0.0,1673,1097,11966
11,13074,41,0.0,1674,1097,11977
10,13084,41,0.0,1675,1097,11987
3,13087,41,0.0,1676,1097,11990
2,13089,41,0.0,1677,1097,11992
6,13095,41,0.0,1678,1097,11998
2,13097,41,0.0,1679,1097,12000
2,13099,41,0.0,1680,1097,12002
6,13105,41,0.0,1681,1097,12008
3,13108,41,0.0,1682,1097,12011
2,13110,41,0.0,1683,1097,12013
12,13122,41,0.0,1684,1097,12025
14,13136,41,0.0,1685,1097,12039
15,13151,41,0.0,1686,1097,12054
8,13159,41,0.0,1687,1097,12062
7,13166,41,0.0,1688,1097,12069
9,13175,41,0.0,1689,1097,12078
5,13180,41,0.0,1690,1097,12083
3,13183,41,0.0,1691,1097,12086
2,13185,41,0.0,1692,1097,12088
4,13189,41,0.0,1693,1097,12092
5,13194,41,0.0,1694,1097,12097
9,13203,41,0.0,1695,1097,12106
3,13206,41,0.0,1696,1097,12109
5,13211,41,0.0,1697,1097,12114
6,13217,41,0.0,1698,1097,12120
13,13230,41,0.0,1699,1097,12133
2,13232,41,0.0,1700,1097,12135
3,13235,41,0.0,1701,1097,12138
9,13244,41,0.0,1702,1097,12147
11,13255,41,0.0,1703,1097,12158
4,13259,41,0.0,1704,1097,12162
2,13261,41,0.0,1705,1097,12164
13,13274,41,0.0,1706,1097,12177
3,13277,41,0.0,1707,1097,12180
4,13281,41,0.0,1708,1097,12184
19,13300,42,1.0,1709,1097,12203
7,13307,42,0.0,1710,1097,12210
14,13321,42,0.0,1711,1097,12224
3,13324,42,0.0,1712,1097,12227
2,13326,42,0.0,1713,1097,12229
2,13328,42,0.0,1714,1097,12231
3,13331,42,0.0,1715,1097,12234
2,13333,42,0.0,1716,1097,12236
8,13341,42,0.0,1717,1097,12244
5,13346,42,0.0,1718,1097,12249
8,13354,42,0.0,1719,1097,12257
5,13359,42,0.0,1720,1097,12262
6,13365,42,0.0,1721,1097,12268
11,13376,42,0.0,1722,1097,12279
6,13382,42,0.0,1723,1097,12285
9,13391,42,0.0,1724,1097,12294
9,13400,42,0.0,1725,1097,12303
2,13402,42,0.0,1726,1097,12305
5,13407,42,0.0,1727,1097,12310
2,13409,42,0.0,1728,1097,12312
6,13415,42,0.0,1729,1097,12318
8,13423,42,0.0,1730,1097,12326
8,13431,42,0.0,1731,1097,12334
15,13446,43,1.0,1732,1097,12349
3,13449,43,0.0,1733,1097,12352
6,13455,43,0.0,1734,1097,12358
6,13461,43,0.0,1735,1097,12364
4,13465,43,0.0,1736,1097,12368
11,13476,43,0.0,1737,1097,12379
15,13491,43,0.0,1738,1097,12394
3,13494,43,0.0,1739,1097,12397
3,13497,43,0.0,1740,1097,12400
7,13504,43,0.0,1741,1097,12407
5,13509,43,0.0,1742,1097,12412
6,13515,43,0.0,1743,1097,12418
3,13518,43,0.0,1744,1097,12421
5,13523,43,0.0,1745,1097,12426
16,13539,43,0.0,1746,1097,12442
7,13546,43,0.0,1747,1097,12449
7,13553,43,0.0,1748,1097,12456
14,13567,43,0.0,1749,1097,12470
3,13570,43,0.0,1750,1097,12473
11,13581,43,0.0,1751,1097,12484
5,13586,43,0.0,1752,1097,12489
7,13593,43,0.0,1753,1097,12496
2,13595,43,0.0,1754,1097,12498
3,13598,43,0.0,1755,1097,12501
2,13600,43,0.0,1756,1097,12503
17,13617,43,0.0,1757,1097,12520
6,13623,43,0.0,1758,1097,12526
7,13630,43,0.0,1759,1097,12533
7,13637,43,0.0,1760,1097,12540
5,13642,43,0.0,1761,1097,12545
9,13651,43,0.0,1762,1097,12554
3,13654,43,0.0,1763,1097,12557
5,13659,43,0.0,1764,1097,12562
2,13661,43,0.0,1765,1097,12564
5,13666,43,0.0,1766,1097,12569
5,13671,43,0.0,1767,1097,12574
3,13674,43,0.0,1768,1097,12577
2,13676,43,0.0,1769,1097,12579
7,13683,43,0.0,1770,1097,12586
8,13691,43,0.0,1771,1097,12594
15,13706,44,1.0,1772,1097,12609
5,13711,44,0.0,1773,1097,12614
4,13715,44,0.0,1774,1097,12618
4,13719,44,0.0,1775,1097,12622
22,13741,45,1.0,1776,1097,12644
7,13748,45,0.0,1777,1097,12651
19,13767,45,0.0,1778,1097,12670
3,13770,45,0.0,1779,1097,12673
18,13788,45,0.0,1780,1097,12691
9,13797,45,0.0,1781,1097,12700
10,13807,45,0.0,1782,1097,12710
5,13812,45,0.0,1783,1097,12715
10,13822,45,0.0,1784,1097,12725
3,13825,45,0.0,1785,1097,12728
6,13831,45,0.0,1786,1097,12734
6,13837,45,0.0,1787,1097,12740
10,13847,45,0.0,1788,1097,12750
7,13854,45,0.0,1789,1097,12757
2,13856,45,0.0,1790,1097,12759
15,13871,46,1.0,1791,1097,12774
3,13874,46,0.0,1792,1097,12777
7,13881,46,0.0,1793,1097,12784
16,13897,46,0.0,1794,1097,12800
22,13919,47,1.0,1795,1097,12822
7,13926,47,0.0,1796,1097,12829
6,13932,47,0.0,1797,1097,12835
9,13941,47,0.0,1798,1097,12844
2,13943,47,0.0,1799,1097,12846
11,13954,47,0.0,1800,1097,12857
8,13962,47,0.0,1801,1097,12865
13,13975,47,0.0,1802,1097,12878
7,13982,47,0.0,1803,1097,12885
8,13990,47,0.0,1804,1097,12893
3,13993,47,0.0,1805,1097,12896
30,14023,47,0.0,1806,1097,12926
2,14025,47,0.0,1807,1097,12928
13,14038,47,0.0,1808,1097,12941
22,14060,48,1.0,1809,1097,12963
9,14069,48,0.0,1810,1097,12972
4,14073,48,0.0,1811,1097,12976
17,14090,48,0.0,1812,1097,12993
4,14094,48,0.0,1813,1097,12997
2,14096,48,0.0,1814,1097,12999
10,14106,48,0.0,1815,1097,13009
7,14113,48,0.0,1816,1097,13016
22,14135,49,1.0,1817,1097,13038
6,14141,49,0.0,1818,1097,13044
7,14148,49,0.0,1819,1097,13051
3,14151,49,0.0,1820,1097,13054
2,14153,49,0.0,1821,1097,13056
6,14159,49,0.0,1822,1097,13062
3,14162,49,0.0,1823,1097,13065
9,14171,50,1.0,1824,1097,13074
10,14181,50,0.0,1825,1097,13084
6,14187,50,0.0,1826,1097,13090
3,14190,50,0.0,1827,1097,13093
7,14197,50,0.0,1828,1097,13100
5,14202,50,0.0,1829,1097,13105
3,14205,50,0.0,1830,1097,13108
4,14209,50,0.0,1831,1097,13112
7,14216,50,0.0,1832,1097,13119
4,14220,50,0.0,1833,1097,13123
4,14224,50,0.0,1834,1097,13127
6,14230,50,0.0,1835,1097,13133
9,14239,50,0.0,1836,1097,13142
6,14245,50,0.0,1837,1097,13148
13,14258,50,0.0,1838,1097,13161
6,14264,50,0.0,1839,1097,13167
4,14268,50,0.0,1840,1097,13171
2,14270,50,0.0,1841,1097,13173
3,14273,50,0.0,1842,1097,13176
6,14279,50,0.0,1843,1097,13182
7,14286,50,0.0,1844,1097,13189
9,14295,50,0.0,1845,1097,13198
9,14304,50,0.0,1846,1097,13207
7,14311,50,0.0,1847,1097,13214
5,14316,50,0.0,1848,1097,13219
2,14318,50,0.0,1849,1097,13221
6,14324,50,0.0,1850,1097,13227
4,14328,50,0.0,1851,1097,13231
11,14339,50,0.0,1852,1097,13242
3,14342,50,0.0,1853,1097,13245
3,14345,50,0.0,1854,1097,13248
7,14352,50,0.0,1855,1097,13255
3,14355,50,0.0,1856,1097,13258
3,14358,50,0.0,1857,1097,13261
3,14361,50,0.0,1858,1097,13264
9,14370,50,0.0,1859,1097,13273
5,14375,50,0.0,1860,1097,13278
3,14378,50,0.0,1861,1097,13281
3,14381,50,0.0,1862,1097,13284
7,14388,50,0.0,1863,1097,13291
11,14399,50,0.0,1864,1097,13302
5,14404,50,0.0,1865,1097,13307
15,14419,50,0.0,1866,1097,13322
3,14422,50,0.0,1867,1097,13325
7,14429,50,0.0,1868,1097,13332
12,14441,50,0.0,1869,1097,13344
3,14444,50,0.0,1870,1097,13347
11,14455,50,0.0,1871,1097,13358
4,14459,50,0.0,1872,1097,13362
3,14462,50,0.0,1873,1097,13365
19,14481,50,0.0,1874,1097,13384
2,14483,50,0.0,1875,1097,13386
6,14489,50,0.0,1876,1097,13392
5,14494,50,0.0,1877,1097,13397
5,14499,50,0.0,1878,1097,13402
3,14502,50,0.0,1879,1097,13405
9,14511,50,0.0,1880,1097,13414
10,14521,50,0.0,1881,1097,13424
13,14534,50,0.0,1882,1097,13437
17,14551,50,0.0,1883,1097,13454
7,14558,50,0.0,1884,1097,13461
11,14569,51,1.0,1885,1097,13472
13,14582,51,0.0,1886,1097,13485
7,14589,51,0.0,1887,1097,13492
6,14595,51,0.0,1888,1097,13498
3,14598,51,0.0,1889,1097,13501
3,14601,51,0.0,1890,1097,13504
9,14610,51,0.0,1891,1097,13513
6,14616,51,0.0,1892,1097,13519
12,14628,51,0.0,1893,1097,13531
19,14647,52,1.0,1894,1097,13550
13,14660,52,0.0,1895,1097,13563
15,14675,52,0.0,1896,1097,13578
12,14687,52,0.0,1897,1097,13590
6,14693,52,0.0,1898,1097,13596
3,14696,52,0.0,1899,1097,13599
7,14703,52,0.0,1900,1097,13606
4,14707,52,0.0,1901,1097,13610
3,14710,52,0.0,1902,1097,13613
24,14734,52,0.0,1903,1097,13637
2,14736,52,0.0,1904,1097,13639
12,14748,52,0.0,1905,1097,13651
11,14759,53,1.0,1906,1097,13662
7,14766,53,0.0,1907,1097,13669
3,14769,53,0.0,1908,1097,13672
9,14778,53,0.0,1909,1097,13681
7,14785,53,0.0,1910,1097,13688
9,14794,53,0.0,1911,1097,13697
13,14807,53,0.0,1912,1097,13710
2,14809,53,0.0,1913,1097,13712
4,14813,53,0.0,1914,1097,13716
11,14824,53,0.0,1915,1097,13727
7,14831,53,0.0,1916,1097,13734
7,14838,53,0.0,1917,1097,13741
11,14849,53,0.0,1918,1097,13752
2,14851,53,0.0,1919,1097,13754
11,14862,54,1.0,1920,1097,13765
9,14871,54,0.0,1921,1097,13774
6,14877,54,0.0,1922,1097,13780
2,14879,54,0.0,1923,1097,13782
7,14886,54,0.0,1924,1097,13789
2,14888,54,0.0,1925,1097,13791
2,14890,54,0.0,1926,1097,13793
4,14894,54,0.0,1927,1097,13797
7,14901,54,0.0,1928,1097,13804
10,14911,54,0.0,1929,1097,13814
7,14918,54,0.0,1930,1097,13821
6,14924,54,0.0,1931,1097,13827
3,14927,54,0.0,1932,1097,13830
18,14945,54,0.0,1933,1097,13848
6,14951,54,0.0,1934,1097,13854
4,14955,54,0.0,1935,1097,13858
20,14975,54,0.0,1936,1097,13878
6,14981,54,0.0,1937,1097,13884
11,14992,54,0.0,1938,1097,13895
19,15011,55,1.0,1939,1097,13914
4,15015,55,0.0,1940,1097,13918
2,15017,55,0.0,1941,1097,13920
3,15020,55,0.0,1942,1097,13923
2,15022,55,0.0,1943,1097,13925
6,15028,55,0.0,1944,1097,13931
13,15041,55,0.0,1945,1097,13944
6,15047,55,0.0,1946,1097,13950
11,15058,56,1.0,1947,1097,13961
3,15061,56,0.0,1948,1097,13964
13,15074,56,0.0,1949,1097,13977
13,15087,56,0.0,1950,1097,13990
3,15090,56,0.0,1951,1097,13993
10,15100,56,0.0,1952,1097,14003
5,15105,56,0.0,1953,1097,14008
10,15115,56,0.0,1954,1097,14018
3,15118,56,0.0,1955,1097,14021
19,15137,56,0.0,1956,1097,14040
2,15139,56,0.0,1957,1097,14042
3,15142,56,0.0,1958,1097,14045
8,15150,56,0.0,1959,1097,14053
3,15153,56,0.0,1960,1097,14056
2,15155,56,0.0,1961,1097,14058
5,15160,56,0.0,1962,1097,14063
19,15179,56,0.0,1963,1097,14082
5,15184,56,0.0,1964,1097,14087
3,15187,56,0.0,1965,1097,14090
8,15195,56,0.0,1966,1097,14098
5,15200,56,0.0,1967,1097,14103
20,15220,56,0.0,1968,1097,14123
5,15225,56,0.0,1969,1097,14128
10,15235,56,0.0,1970,1097,14138
2,15237,56,0.0,1971,1097,14140
19,15256,57,1.0,1972,1097,14159
7,15263,57,0.0,1973,1097,14166
5,15268,57,0.0,1974,1097,14171
2,15270,57,0.0,1975,1097,14173
19,15289,58,1.0,1976,1097,14192
4,15293,58,0.0,1977,1097,14196
2,15295,58,0.0,1978,1097,14198
2,15297,58,0.0,1979,1097,14200
3,15300,58,0.0,1980,1097,14203
19,15319,58,0.0,1981,1097,14222
2,15321,58,0.0,1982,1097,14224
7,15328,58,0.0,1983,1097,14231
12,15340,58,0.0,1984,1097,14243
13,15353,58,0.0,1985,1097,14256
7,15360,58,0.0,1986,1097,14263
3,15363,58,0.0,1987,1097,14266
2,15365,58,0.0,1988,1097,14268
10,15375,58,0.0,1989,1097,14278
6,15381,58,0.0,1990,1097,14284
8,15389,58,0.0,1991,1097,14292
5,15394,58,0.0,1992,1097,14297
15,15409,58,0.0,1993,1097,14312
3,15412,58,0.0,1994,1097,14315
4,15416,58,0.0,1995,1097,14319
3,15419,58,0.0,1996,1097,14322
19,15438,59,1.0,1997,1097,14341
3,15441,59,0.0,1998,1097,14344
7,15448,59,0.0,1999,1097,14351
5,15453,59,0.0,2000,1097,14356
7,15460,59,0.0,2001,1097,14363
6,15466,59,0.0,2002,1097,14369
23,15489,59,0.0,2003,1097,14392
3,15492,59,0.0,2004,1097,14395
10,15502,59,0.0,2005,1097,14405
4,15506,59,0.0,2006,1097,14409
6,15512,59,0.0,2007,1097,14415
16,15528,59,0.0,2008,1097,14431
17,15545,59,0.0,2009,1097,14448
8,15553,59,0.0,2010,1097,14456
9,15562,59,0.0,2011,1097,14465
3,15565,59,0.0,2012,1097,14468
6,15571,59,0.0,2013,1097,14474
2,15573,59,0.0,2014,1097,14476
8,15581,59,0.0,2015,1097,14484
4,15585,59,0.0,2016,1097,14488
2,15587,59,0.0,2017,1097,14490
3,15590,59,0.0,2018,1097,14493
29,15619,59,0.0,2019,1097,14522
6,15625,59,0.0,2020,1097,14528
2,15627,59,0.0,2021,1097,14530
7,15634,59,0.0,2022,1097,14537
6,15640,59,0.0,2023,1097,14543
7,15647,59,0.0,2024,1097,14550
5,15652,59,0.0,2025,1097,14555
7,15659,59,0.0,2026,1097,14562
10,15669,59,0.0,2027,1097,14572
2,15671,59,0.0,2028,1097,14574
5,15676,59,0.0,2029,1097,14579
3,15679,59,0.0,2030,1097,14582
7,15686,59,0.0,2031,1097,14589
4,15690,59,0.0,2032,1097,14593
11,15701,59,0.0,2033,1097,14604
6,15707,59,0.0,2034,1097,14610
10,15717,59,0.0,2035,1097,14620
6,15723,59,0.0,2036,1097,14626
2,15725,59,0.0,2037,1097,14628
7,15732,59,0.0,2038,1097,14635
11,15743,59,0.0,2039,1097,14646
15,15758,59,0.0,2040,1097,14661
8,15766,59,0.0,2041,1097,14669
18,15784,59,0.0,2042,1097,14687
7,15791,59,0.0,2043,1097,14694
10,15801,59,0.0,2044,1097,14704
13,15814,59,0.0,2045,1097,14717
2,15816,59,0.0,2046,1097,14719
8,15824,59,0.0,2047,1097,14727
3,15827,59,0.0,2048,1097,14730
4,15831,59,0.0,2049,1097,14734
7,15838,59,0.0,2050,1097,14741
2,15840,59,0.0,2051,1097,14743
4,15844,59,0.0,2052,1097,14747
7,15851,59,0.0,2053,1097,14754
7,15858,59,0.0,2054,1097,14761
10,15868,59,0.0,2055,1097,14771
13,15881,59,0.0,2056,1097,14784
2,15883,59,0.0,2057,1097,14786
9,15892,60,1.0,2058,1097,14795
5,15897,60,0.0,2059,1097,14800
11,15908,61,1.0,2060,1097,14811
2,15910,61,0.0,2061,1097,14813
13,15923,61,0.0,2062,1097,14826
7,15930,61,0.0,2063,1097,14833
2,15932,61,0.0,2064,1097,14835
3,15935,61,0.0,2065,1097,14838
3,15938,61,0.0,2066,1097,14841
19,15957,62,1.0,2067,1097,14860
4,15961,62,0.0,2068,1097,14864
5,15966,62,0.0,2069,1097,14869
2,15968,62,0.0,2070,1097,14871
19,15987,63,1.0,2071,1097,14890
2,15989,63,0.0,2072,1097,14892
3,15992,63,0.0,2073,1097,14895
7,15999,63,0.0,2074,1097,14902
3,16002,63,0.0,2075,1097,14905
10,16012,63,0.0,2076,1097,14915
5,16017,63,0.0,2077,1097,14920
13,16030,63,0.0,2078,1097,14933
7,16037,63,0.0,2079,1097,14940
4,16041,63,0.0,2080,1097,14944
9,16050,63,0.0,2081,1097,14953
6,16056,63,0.0,2082,1097,14959
4,16060,63,0.0,2083,1097,14963
5,16065,63,0.0,2084,1097,14968
6,16071,63,0.0,2085,1097,14974
2,16073,63,0.0,2086,1097,14976
3,16076,63,0.0,2087,1097,14979
3,16079,63,0.0,2088,1097,14982
4,16083,63,0.0,2089,1097,14986
14,16097,63,0.0,2090,1097,15000
10,16107,63,0.0,2091,1097,15010
6,16113,63,0.0,2092,1097,15016
7,16120,63,0.0,2093,1097,15023
2,16122,63,0.0,2094,1097,15025
7,16129,63,0.0,2095,1097,15032
7,16136,63,0.0,2096,1097,15039
7,16143,63,0.0,2097,1097,15046
4,16147,63,0.0,2098,1097,15050
10,16157,63,0.0,2099,1097,15060
3,16160,63,0.0,2100,1097,15063
6,16166,63,0.0,2101,1097,15069
19,16185,64,1.0,2102,1097,15088
19,16204,65,1.0,2103,1097,15107
11,16215,65,0.0,2104,1097,15118
7,16222,65,0.0,2105,1097,15125
3,16225,65,0.0,2106,1097,15128
14,16239,65,0.0,2107,1097,15142
18,16257,65,0.0,2108,1097,15160
15,16272,66,1.0,2109,1097,15175
3,16275,66,0.0,2110,1097,15178
6,16281,66,0.0,2111,1097,15184
11,16292,66,0.0,2112,1097,15195
12,16304,66,0.0,2113,1097,15207
2,16306,66,0.0,2114,1097,15209
3,16309,66,0.0,2115,1097,15212
2,16311,66,0.0,2116,1097,15214
6,16317,66,0.0,2117,1097,15220
8,16325,66,0.0,2118,1097,15228
7,16332,66,0.0,2119,1097,15235
2,16334,66,0.0,2120,1097,15237
6,16340,66,0.0,2121,1097,15243
18,16358,66,0.0,2122,1097,15261
2,16360,66,0.0,2123,1097,15263
19,16379,67,1.0,2124,1097,15282
10,16389,67,0.0,2125,1097,15292
13,16402,67,0.0,2126,1097,15305
4,16406,67,0.0,2127,1097,15309
11,16417,67,0.0,2128,1097,15320
3,16420,67,0.0,2129,1097,15323
2,16422,67,0.0,2130,1097,15325
3,16425,67,0.0,2131,1097,15328
11,16436,68,1.0,2132,1097,15339
6,16442,68,0.0,2133,1097,15345
7,16449,68,0.0,2134,1097,15352
7,16456,68,0.0,2135,1097,15359
13,16469,68,0.0,2136,1097,15372
16,16485,68,0.0,2137,1097,15388
6,16491,68,0.0,2138,1097,15394
9,16500,68,0.0,2139,1097,15403
8,16508,68,0.0,2140,1097,15411
6,16514,68,0.0,2141,1097,15417
2,16516,68,0.0,2142,1097,15419
3,16519,68,0.0,2143,1097,15422
7,16526,68,0.0,2144,1097,15429
17,16543,68,0.0,2145,1097,15446
2,16545,68,0.0,2146,1097,15448
16,16561,68,0.0,2147,1097,15464
4,16565,68,0.0,2148,1097,15468
3,16568,68,0.0,2149,1097,15471
6,16574,68,0.0,2150,1097,15477
13,16587,68,0.0,2151,1097,15490
8,16595,68,0.0,2152,1097,15498
2,16597,68,0.0,2153,1097,15500
2,16599,68,0.0,2154,1097,15502
3,16602,68,0.0,2155,1097,15505
13,16615,68,0.0,2156,1097,15518
5,16620,68,0.0,2157,1097,15523
3,16623,68,0.0,2158,1097,15526
19,16642,69,1.0,2159,1097,15545
12,16654,69,0.0,2160,1097,15557
12,16666,69,0.0,2161,1097,15569
15,16681,69,0.0,2162,1097,15584
6,16687,69,0.0,2163,1097,15590
5,16692,69,0.0,2164,1097,15595
2,16694,69,0.0,2165,1097,15597
2,16696,69,0.0,2166,1097,15599
10,16706,69,0.0,2167,1097,15609
5,16711,69,0.0,2168,1097,15614
19,16730,70,1.0,2169,1097,15633
14,16744,70,0.0,2170,1097,15647
7,16751,70,0.0,2171,1097,15654
12,16763,70,0.0,2172,1097,15666
4,16767,70,0.0,2173,1097,15670
6,16773,70,0.0,2174,1097,15676
9,16782,71,1.0,2175,1097,15685
3,16785,71,0.0,2176,1097,15688
5,16790,71,0.0,2177,1097,15693
13,16803,71,0.0,2178,1097,15706
4,16807,71,0.0,2179,1097,15710
11,16818,71,0.0,2180,1097,15721
13,16831,71,0.0,2181,1097,15734
7,16838,71,0.0,2182,1097,15741
13,16851,71,0.0,2183,1097,15754
5,16856,71,0.0,2184,1097,15759
7,16863,71,0.0,2185,1097,15766
28,16891,71,0.0,2186,1097,15794
7,16898,71,0.0,2187,1097,15801
3,16901,71,0.0,2188,1097,15804
4,16905,71,0.0,2189,1097,15808
4,16909,71,0.0,2190,1097,15812
8,16917,71,0.0,2191,1097,15820
2,16919,71,0.0,2192,1097,15822
4,16923,71,0.0,2193,1097,15826
12,16935,71,0.0,2194,1097,15838
2,16937,71,0.0,2195,1097,15840
10,16947,71,0.0,2196,1097,15850
6,16953,71,0.0,2197,1097,15856
10,16963,71,0.0,2198,1097,15866
19,16982,72,1.0,2199,1097,15885
7,16989,72,0.0,2200,1097,15892
6,16995,72,0.0,2201,1097,15898
18,17013,72,0.0,2202,1097,15916
3,17016,72,0.0,2203,1097,15919
2,17018,72,0.0,2204,1097,15921
7,17025,72,0.0,2205,1097,15928
4,17029,72,0.0,2206,1097,15932
7,17036,72,0.0,2207,1097,15939
7,17043,72,0.0,2208,1097,15946
7,17050,72,0.0,2209,1097,15953
7,17057,72,0.0,2210,1097,15960
7,17064,72,0.0,2211,1097,15967
2,17066,72,0.0,2212,1097,15969
7,17073,72,0.0,2213,1097,15976
11,17084,72,0.0,2214,1097,15987
15,17099,73,1.0,2215,1097,16002
5,17104,73,0.0,2216,1097,16007
7,17111,73,0.0,2217,1097,16014
5,17116,73,0.0,2218,1097,16019
15,17131,73,0.0,2219,1097,16034
22,17153,74,1.0,2220,1097,16056
11,17164,74,0.0,2221,1097,16067
7,17171,74,0.0,2222,1097,16074
3,17174,74,0.0,2223,1097,16077
3,17177,74,0.0,2224,1097,16080
6,17183,74,0.0,2225,1097,16086
3,17186,74,0.0,2226,1097,16089
4,17190,74,0.0,2227,1097,16093
4,17194,74,0.0,2228,1097,16097
11,17205,74,0.0,2229,1097,16108
3,17208,74,0.0,2230,1097,16111
7,17215,74,0.0,2231,1097,16118
4,17219,74,0.0,2232,1097,16122
6,17225,74,0.0,2233,1097,16128
15,17240,74,0.0,2234,1097,16143
7,17247,74,0.0,2235,1097,16150
11,17258,74,0.0,2236,1097,16161
19,17277,75,1.0,2237,1097,16180
2,17279,75,0.0,2238,1097,16182
4,17283,75,0.0,2239,1097,16186
16,17299,75,0.0,2240,1097,16202
23,17322,75,0.0,2241,1097,16225
6,17328,75,0.0,2242,1097,16231
9,17337,76,1.0,2243,1097,16240
10,17347,76,0.0,2244,1097,16250
2,17349,76,0.0,2245,1097,16252
4,17353,76,0.0,2246,1097,16256
3,17356,76,0.0,2247,1097,16259
5,17361,76,0.0,2248,1097,16264
6,17367,76,0.0,2249,1097,16270
6,17373,76,0.0,2250,1097,16276
7,17380,76,0.0,2251,1097,16283
2,17382,76,0.0,2252,1097,16285
2,17384,76,0.0,2253,1097,16287
8,17392,76,0.0,2254,1097,16295
4,17396,76,0.0,2255,1097,16299
13,17409,76,0.0,2256,1097,16312
19,17428,77,1.0,2257,1097,16331
15,17443,78,1.0,2258,1097,16346
7,17450,78,0.0,2259,1097,16353
7,17457,78,0.0,2260,1097,16360
2,17459,78,0.0,2261,1097,16362
2,17461,78,0.0,2262,1097,16364
11,17472,79,1.0,2263,1097,16375
12,17484,79,0.0,2264,1097,16387
22,17506,79,0.0,2265,1097,16409
12,17518,79,0.0,2266,1097,16421
9,17527,79,0.0,2267,1097,16430
25,17552,79,0.0,2268,1097,16455
3,17555,79,0.0,2269,1097,16458
9,17564,79,0.0,2270,1097,16467
10,17574,79,0.0,2271,1097,16477
3,17577,79,0.0,2272,1097,16480
6,17583,79,0.0,2273,1097,16486
6,17589,79,0.0,2274,1097,16492
5,17594,79,0.0,2275,1097,16497
5,17599,79,0.0,2276,1097,16502
7,17606,79,0.0,2277,1097,16509
6,17612,79,0.0,2278,1097,16515
2,17614,79,0.0,2279,1097,16517
3,17617,79,0.0,2280,1097,16520
6,17623,79,0.0,2281,1097,16526
10,17633,79,0.0,2282,1097,16536
3,17636,79,0.0,2283,1097,16539
2,17638,79,0.0,2284,1097,16541
14,17652,79,0.0,2285,1097,16555
3,17655,79,0.0,2286,1097,16558
3,17658,79,0.0,2287,1097,16561
3,17661,79,0.0,2288,1097,16564
10,17671,79,0.0,2289,1097,16574
14,17685,79,0.0,2290,1097,16588
10,17695,79,0.0,2291,1097,16598
19,17714,80,1.0,2292,1097,16617
3,17717,80,0.0,2293,1097,16620
19,17736,81,1.0,2294,1097,16639
5,17741,81,0.0,2295,1097,16644
3,17744,81,0.0,2296,1097,16647
4,17748,81,0.0,2297,1097,16651
7,17755,81,0.0,2298,1097,16658
3,17758,81,0.0,2299,1097,16661
3,17761,81,0.0,2300,1097,16664
7,17768,81,0.0,2301,1097,16671
13,17781,81,0.0,2302,1097,16684
9,17790,81,0.0,2303,1097,16693
2,17792,81,0.0,2304,1097,16695
3,17795,81,0.0,2305,1097,16698
19,17814,82,1.0,2306,1097,16717
15,17829,82,0.0,2307,1097,16732
5,17834,82,0.0,2308,1097,16737
4,17838,82,0.0,2309,1097,16741
11,17849,82,0.0,2310,1097,16752
3,17852,82,0.0,2311,1097,16755
18,17870,82,0.0,2312,1097,16773
10,17880,82,0.0,2313,1097,16783
6,17886,82,0.0,2314,1097,16789
14,17900,82,0.0,2315,1097,16803
6,17906,82,0.0,2316,1097,16809
4,17910,82,0.0,2317,1097,16813
19,17929,83,1.0,2318,1097,16832
4,17933,83,0.0,2319,1097,16836
8,17941,83,0.0,2320,1097,16844
14,17955,83,0.0,2321,1097,16858
10,17965,83,0.0,2322,1097,16868
6,17971,83,0.0,2323,1097,16874
7,17978,83,0.0,2324,1097,16881
11,17989,84,1.0,2325,1097,16892
5,17994,84,0.0,2326,1097,16897
2,17996,84,0.0,2327,1097,16899
3,17999,84,0.0,2328,1097,16902
7,18006,84,0.0,2329,1097,16909
3,18009,84,0.0,2330,1097,16912
6,18015,84,0.0,2331,1097,16918
7,18022,84,0.0,2332,1097,16925
7,18029,84,0.0,2333,1097,16932
2,18031,84,0.0,2334,1097,16934
7,18038,84,0.0,2335,1097,16941
3,18041,84,0.0,2336,1097,16944
4,18045,84,0.0,2337,1097,16948
3,18048,84,0.0,2338,1097,16951
5,18053,84,0.0,2339,1097,16956
7,18060,84,0.0,2340,1097,16963
21,18081,84,0.0,2341,1097,16984
7,18088,84,0.0,2342,1097,16991
4,18092,84,0.0,2343,1097,16995
12,18104,84,0.0,2344,1097,17007
19,18123,85,1.0,2345,1097,17026
7,18130,85,0.0,2346,1097,17033
8,18138,85,0.0,2347,1097,17041
9,18147,85,0.0,2348,1097,17050
12,18159,85,0.0,2349,1097,17062
4,18163,85,0.0,2350,1097,17066
5,18168,85,0.0,2351,1097,17071
19,18187,86,1.0,2352,1097,17090
6,18193,86,0.0,2353,1097,17096
3,18196,86,0.0,2354,1097,17099
4,18200,86,0.0,2355,1097,17103
3,18203,86,0.0,2356,1097,17106
9,18212,86,0.0,2357,1097,17115
9,18221,86,0.0,2358,1097,17124
7,18228,86,0.0,2359,1097,17131
6,18234,86,0.0,2360,1097,17137
4,18238,86,0.0,2361,1097,17141
8,18246,86,0.0,2362,1097,17149
3,18249,86,0.0,2363,1097,17152
9,18258,86,0.0,2364,1097,17161
15,18273,86,0.0,2365,1097,17176
15,18288,87,1.0,2366,1097,17191
19,18307,88,1.0,2367,1097,17210
15,18322,88,0.0,2368,1097,17225
9,18331,88,0.0,2369,1097,17234
7,18338,88,0.0,2370,1097,17241
8,18346,88,0.0,2371,1097,17249
7,18353,88,0.0,2372,1097,17256
7,18360,88,0.0,2373,1097,17263
3,18363,88,0.0,2374,1097,17266
11,18374,88,0.0,2375,1097,17277
3,18377,88,0.0,2376,1097,17280
3,18380,88,0.0,2377,1097,17283
3,18383,88,0.0,2378,1097,17286
7,18390,88,0.0,2379,1097,17293
6,18396,88,0.0,2380,1097,17299
3,18399,88,0.0,2381,1097,17302
3,18402,88,0.0,2382,1097,17305
4,18406,88,0.0,2383,1097,17309
2,18408,88,0.0,2384,1097,17311
8,18416,88,0.0,2385,1097,17319
5,18421,88,0.0,2386,1097,17324
3,18424,88,0.0,2387,1097,17327
7,18431,88,0.0,2388,1097,17334
19,18450,89,1.0,2389,1097,17353
3,18453,89,0.0,2390,1097,17356
3,18456,89,0.0,2391,1097,17359
3,18459,89,0.0,2392,1097,17362
2,18461,89,0.0,2393,1097,17364
12,18473,89,0.0,2394,1097,17376
18,18491,89,0.0,2395,1097,17394
4,18495,89,0.0,2396,1097,17398
3,18498,89,0.0,2397,1097,17401
22,18520,89,0.0,2398,1097,17423
6,18526,89,0.0,2399,1097,17429
9,18535,89,0.0,2400,1097,17438
5,18540,89,0.0,2401,1097,17443
6,18546,89,0.0,2402,1097,17449
3,18549,89,0.0,2403,1097,17452
4,18553,89,0.0,2404,1097,17456
7,18560,89,0.0,2405,1097,17463
3,18563,89,0.0,2406,1097,17466
2,18565,89,0.0,2407,1097,17468
5,18570,89,0.0,2408,1097,17473
15,18585,89,0.0,2409,1097,17488
4,18589,89,0.0,2410,1097,17492
3,18592,89,0.0,2411,1097,17495
18,18610,89,0.0,2412,1097,17513
12,18622,89,0.0,2413,1097,17525
3,18625,89,0.0,2414,1097,17528
2,18627,89,0.0,2415,1097,17530
6,18633,89,0.0,2416,1097,17536
2,18635,89,0.0,2417,1097,17538
15,18650,89,0.0,2418,1097,17553
3,18653,89,0.0,2419,1097,17556
18,18671,89,0.0,2420,1097,17574
4,18675,89,0.0,2421,1097,17578
7,18682,89,0.0,2422,1097,17585
5,18687,89,0.0,2423,1097,17590
6,18693,89,0.0,2424,1097,17596
10,18703,89,0.0,2425,1097,17606
3,18706,89,0.0,2426,1097,17609
12,18718,89,0.0,2427,1097,17621
25,18743,89,0.0,2428,1097,17646
10,18753,89,0.0,2429,1097,17656
11,18764,89,0.0,2430,1097,17667
11,18775,90,1.0,2431,1097,17678
11,18786,90,0.0,2432,1097,17689
10,18796,90,0.0,2433,1097,17699
9,18805,90,0.0,2434,1097,17708
9,18814,90,0.0,2435,1097,17717
3,18817,90,0.0,2436,1097,17720
2,18819,90,0.0,2437,1097,17722
4,18823,90,0.0,2438,1097,17726
5,18828,90,0.0,2439,1097,17731
6,18834,90,0.0,2440,1097,17737
11,18845,90,0.0,2441,1097,17748
2,18847,90,0.0,2442,1097,17750
15,18862,90,0.0,2443,1097,17765
11,18873,90,0.0,2444,1097,17776
8,18881,90,0.0,2445,1097,17784
4,18885,90,0.0,2446,1097,17788
3,18888,90,0.0,2447,1097,17791
5,18893,90,0.0,2448,1097,17796
13,18906,90,0.0,2449,1097,17809
15,18921,90,0.0,2450,1097,17824
8,18929,90,0.0,2451,1097,17832
11,18940,90,0.0,2452,1097,17843
4,18944,90,0.0,2453,1097,17847
15,18959,90,0.0,2454,1097,17862
11,18970,90,0.0,2455,1097,17873
5,18975,90,0.0,2456,1097,17878
5,18980,90,0.0,2457,1097,17883
15,18995,90,0.0,2458,1097,17898
10,19005,90,0.0,2459,1097,17908
9,19014,90,0.0,2460,1097,17917
3,19017,90,0.0,2461,1097,17920
3,19020,90,0.0,2462,1097,17923
10,19030,90,0.0,2463,1097,17933
16,19046,90,0.0,2464,1097,17949
7,19053,90,0.0,2465,1097,17956
2,19055,90,0.0,2466,1097,17958
5,19060,90,0.0,2467,1097,17963
6,19066,90,0.0,2468,1097,17969
3,19069,90,0.0,2469,1097,17972
3,19072,90,0.0,2470,1097,17975
33,19105,91,1.0,2471,1097,18008
4,19109,91,0.0,2472,1097,18012
7,19116,91,0.0,2473,1097,18019
5,19121,91,0.0,2474,1097,18024
8,19129,91,0.0,2475,1097,18032
7,19136,91,0.0,2476,1097,18039
3,19139,91,0.0,2477,1097,18042
7,19146,91,0.0,2478,1097,18049
20,19166,91,0.0,2479,1097,18069
14,19180,91,0.0,2480,1097,18083
5,19185,91,0.0,2481,1097,18088
11,19196,92,1.0,2482,1097,18099
3,19199,92,0.0,2483,1097,18102
4,19203,92,0.0,2484,1097,18106
14,19217,92,0.0,2485,1097,18120
2,19219,92,0.0,2486,1097,18122
3,19222,92,0.0,2487,1097,18125
13,19235,92,0.0,2488,1097,18138
4,19239,92,0.0,2489,1097,18142
6,19245,92,0.0,2490,1097,18148
6,19251,92,0.0,2491,1097,18154
3,19254,92,0.0,2492,1097,18157
2,19256,92,0.0,2493,1097,18159
13,19269,92,0.0,2494,1097,18172
6,19275,92,0.0,2495,1097,18178
14,19289,92,0.0,2496,1097,18192
3,19292,92,0.0,2497,1097,18195
2,19294,92,0.0,2498,1097,18197
3,19297,92,0.0,2499,1097,18200
2,19299,92,0.0,2500,1097,18202
10,19309,92,0.0,2501,1097,18212
19,19328,92,0.0,2502,1097,18231
18,19346,92,0.0,2503,1097,18249
25,19371,92,0.0,2504,1097,18274
2,19373,92,0.0,2505,1097,18276
2,19375,92,0.0,2506,1097,18278
19,19394,93,1.0,2507,1097,18297
9,19403,93,0.0,2508,1097,18306
2,19405,93,0.0,2509,1097,18308
2,19407,93,0.0,2510,1097,18310
3,19410,93,0.0,2511,1097,18313
5,19415,93,0.0,2512,1097,18318
5,19420,93,0.0,2513,1097,18323
4,19424,93,0.0,2514,1097,18327
6,19430,93,0.0,2515,1097,18333
11,19441,94,1.0,2516,1097,18344
4,19445,94,0.0,2517,1097,18348
6,19451,94,0.0,2518,1097,18354
9,19460,94,0.0,2519,1097,18363
7,19467,94,0.0,2520,1097,18370
9,19476,94,0.0,2521,1097,18379
28,19504,94,0.0,2522,1097,18407
3,19507,94,0.0,2523,1097,18410
6,19513,94,0.0,2524,1097,18416
3,19516,94,0.0,2525,1097,18419
18,19534,94,0.0,2526,1097,18437
3,19537,94,0.0,2527,1097,18440
3,19540,94,0.0,2528,1097,18443
8,19548,94,0.0,2529,1097,18451
7,19555,94,0.0,2530,1097,18458
15,19570,94,0.0,2531,1097,18473
7,19577,94,0.0,2532,1097,18480
6,19583,94,0.0,2533,1097,18486
3,19586,94,0.0,2534,1097,18489
6,19592,94,0.0,2535,1097,18495
3,19595,94,0.0,2536,1097,18498
2,19597,94,0.0,2537,1097,18500
12,19609,94,0.0,2538,1097,18512
3,19612,94,0.0,2539,1097,18515
3,19615,94,0.0,2540,1097,18518
5,19620,94,0.0,2541,1097,18523
3,19623,94,0.0,2542,1097,18526
2,19625,94,0.0,2543,1097,18528
5,19630,94,0.0,2544,1097,18533
2,19632,94,0.0,2545,1097,18535
2,19634,94,0.0,2546,1097,18537
15,19649,94,0.0,2547,1097,18552
9,19658,94,0.0,2548,1097,18561
15,19673,94,0.0,2549,1097,18576
6,19679,94,0.0,2550,1097,18582
9,19688,94,0.0,2551,1097,18591
12,19700,94,0.0,2552,1097,18603
11,19711,95,1.0,2553,1097,18614
5,19716,95,0.0,2554,1097,18619
7,19723,95,0.0,2555,1097,18626
2,19725,95,0.0,2556,1097,18628
13,19738,95,0.0,2557,1097,18641
11,19749,95,0.0,2558,1097,18652
15,19764,95,0.0,2559,1097,18667
3,19767,95,0.0,2560,1097,18670
19,19786,96,1.0,2561,1097,18689
3,19789,96,0.0,2562,1097,18692
24,19813,96,0.0,2563,1097,18716
9,19822,96,0.0,2564,1097,18725
11,19833,96,0.0,2565,1097,18736
13,19846,96,0.0,2566,1097,18749
7,19853,96,0.0,2567,1097,18756
7,19860,96,0.0,2568,1097,18763
10,19870,96,0.0,2569,1097,18773
17,19887,96,0.0,2570,1097,18790
4,19891,96,0.0,2571,1097,18794
5,19896,96,0.0,2572,1097,18799
3,19899,96,0.0,2573,1097,18802
19,19918,96,0.0,2574,1097,18821
4,19922,96,0.0,2575,1097,18825
15,19937,97,1.0,2576,1097,18840
10,19947,97,0.0,2577,1097,18850
2,19949,97,0.0,2578,1097,18852
3,19952,97,0.0,2579,1097,18855
2,19954,97,0.0,2580,1097,18857
16,19970,97,0.0,2581,1097,18873
3,19973,97,0.0,2582,1097,18876
10,19983,97,0.0,2583,1097,18886
3,19986,97,0.0,2584,1097,18889
3,19989,97,0.0,2585,1097,18892
18,20007,97,0.0,2586,1097,18910
5,20012,97,0.0,2587,1097,18915
3,20015,97,0.0,2588,1097,18918
3,20018,97,0.0,2589,1097,18921
29,20047,97,0.0,2590,1097,18950
7,20054,97,0.0,2591,1097,18957
11,20065,97,0.0,2592,1097,18968
6,20071,97,0.0,2593,1097,18974
16,20087,97,0.0,2594,1097,18990
15,20102,97,0.0,2595,1097,19005
9,20111,97,0.0,2596,1097,19014
16,20127,97,0.0,2597,1097,19030
7,20134,97,0.0,2598,1097,19037
14,20148,97,0.0,2599,1097,19051
7,20155,97,0.0,2600,1097,19058
4,20159,97,0.0,2601,1097,19062
9,20168,97,0.0,2602,1097,19071
3,20171,97,0.0,2603,1097,19074
6,20177,97,0.0,2604,1097,19080
16,20193,97,0.0,2605,1097,19096
4,20197,97,0.0,2606,1097,19100
12,20209,97,0.0,2607,1097,19112
14,20223,97,0.0,2608,1097,19126
3,20226,97,0.0,2609,1097,19129
10,20236,97,0.0,2610,1097,19139
5,20241,97,0.0,2611,1097,19144
3,20244,97,0.0,2612,1097,19147
10,20254,97,0.0,2613,1097,19157
6,20260,97,0.0,2614,1097,19163
5,20265,97,0.0,2615,1097,19168
6,20271,97,0.0,2616,1097,19174
4,20275,97,0.0,2617,1097,19178
4,20279,97,0.0,2618,1097,19182
6,20285,97,0.0,2619,1097,19188
2,20287,97,0.0,2620,1097,19190
6,20293,97,0.0,2621,1097,19196
11,20304,98,1.0,2622,1097,19207
5,20309,98,0.0,2623,1097,19212
3,20312,98,0.0,2624,1097,19215
18,20330,98,0.0,2625,1097,19233
7,20337,98,0.0,2626,1097,19240
4,20341,98,0.0,2627,1097,19244
9,20350,98,0.0,2628,1097,19253
13,20363,98,0.0,2629,1097,19266
12,20375,98,0.0,2630,1097,19278
6,20381,98,0.0,2631,1097,19284
10,20391,98,0.0,2632,1097,19294
9,20400,98,0.0,2633,1097,19303
3,20403,98,0.0,2634,1097,19306
17,20420,98,0.0,2635,1097,19323
13,20433,98,0.0,2636,1097,19336
9,20442,98,0.0,2637,1097,19345
6,20448,98,0.0,2638,1097,19351
6,20454,98,0.0,2639,1097,19357
3,20457,98,0.0,2640,1097,19360
10,20467,98,0.0,2641,1097,19370
6,20473,98,0.0,2642,1097,19376
7,20480,98,0.0,2643,1097,19383
3,20483,98,0.0,2644,1097,19386
3,20486,98,0.0,2645,1097,19389
3,20489,98,0.0,2646,1097,19392
2,20491,98,0.0,2647,1097,19394
15,20506,98,0.0,2648,1097,19409
9,20515,98,0.0,2649,1097,19418
7,20522,98,0.0,2650,1097,19425
7,20529,98,0.0,2651,1097,19432
9,20538,98,0.0,2652,1097,19441
3,20541,98,0.0,2653,1097,19444
39,20580,98,0.0,2654,1097,19483
15,20595,98,0.0,2655,1097,19498
2,20597,98,0.0,2656,1097,19500
7,20604,98,0.0,2657,1097,19507
6,20610,98,0.0,2658,1097,19513
9,20619,98,0.0,2659,1097,19522
3,20622,98,0.0,2660,1097,19525
7,20629,98,0.0,2661,1097,19532
3,20632,98,0.0,2662,1097,19535
8,20640,98,0.0,2663,1097,19543
2,20642,98,0.0,2664,1097,19545
5,20647,98,0.0,2665,1097,19550
3,20650,98,0.0,2666,1097,19553
3,20653,98,0.0,2667,1097,19556
6,20659,98,0.0,2668,1097,19562
7,20666,98,0.0,2669,1097,19569
13,20679,98,0.0,2670,1097,19582
2,20681,98,0.0,2671,1097,19584
2,20683,98,0.0,2672,1097,19586
6,20689,98,0.0,2673,1097,19592
3,20692,98,0.0,2674,1097,19595
10,20702,98,0.0,2675,1097,19605
13,20715,98,0.0,2676,1097,19618
6,20721,98,0.0,2677,1097,19624
5,20726,98,0.0,2678,1097,19629
2,20728,98,0.0,2679,1097,19631
14,20742,98,0.0,2680,1097,19645
7,20749,98,0.0,2681,1097,19652
5,20754,98,0.0,2682,1097,19657
3,20757,98,0.0,2683,1097,19660
6,20763,98,0.0,2684,1097,19666
8,20771,98,0.0,2685,1097,19674
10,20781,98,0.0,2686,1097,19684
7,20788,98,0.0,2687,1097,19691
11,20799,99,1.0,2688,1097,19702
3,20802,99,0.0,2689,1097,19705
5,20807,99,0.0,2690,1097,19710
5,20812,99,0.0,2691,1097,19715
9,20821,99,0.0,2692,1097,19724
4,20825,99,0.0,2693,1097,19728
19,20844,100,1.0,2694,1097,19747
10,20854,100,0.0,2695,1097,19757
21,20875,100,0.0,2696,1097,19778
6,20881,100,0.0,2697,1097,19784
5,20886,100,0.0,2698,1097,19789
9,20895,101,1.0,2699,1097,19798
2,20897,101,0.0,2700,1097,19800
2,20899,101,0.0,2701,1097,19802
13,20912,101,0.0,2702,1097,19815
9,20921,101,0.0,2703,1097,19824
3,20924,101,0.0,2704,1097,19827
7,20931,101,0.0,2705,1097,19834
6,20937,101,0.0,2706,1097,19840
18,20955,101,0.0,2707,1097,19858
5,20960,101,0.0,2708,1097,19863
4,20964,101,0.0,2709,1097,19867
5,20969,101,0.0,2710,1097,19872
2,20971,101,0.0,2711,1097,19874
2,20973,101,0.0,2712,1097,19876
3,20976,101,0.0,2713,1097,19879
7,20983,101,0.0,2714,1097,19886
3,20986,101,0.0,2715,1097,19889
2,20988,101,0.0,2716,1097,19891
3,20991,101,0.0,2717,1097,19894
2,20993,101,0.0,2718,1097,19896
9,21002,101,0.0,2719,1097,19905
5,21007,101,0.0,2720,1097,19910
4,21011,101,0.0,2721,1097,19914
3,21014,101,0.0,2722,1097,19917
13,21027,101,0.0,2723,1097,19930
9,21036,101,0.0,2724,1097,19939
7,21043,101,0.0,2725,1097,19946
16,21059,101,0.0,2726,1097,19962
19,21078,102,1.0,2727,1097,19981
22,21100,102,0.0,2728,1097,20003
4,21104,102,0.0,2729,1097,20007
3,21107,102,0.0,2730,1097,20010
5,21112,102,0.0,2731,1097,20015
2,21114,102,0.0,2732,1097,20017
3,21117,102,0.0,2733,1097,20020
13,21130,102,0.0,2734,1097,20033
9,21139,102,0.0,2735,1097,20042
21,21160,102,0.0,2736,1097,20063
13,21173,102,0.0,2737,1097,20076
3,21176,102,0.0,2738,1097,20079
3,21179,102,0.0,2739,1097,20082
2,21181,102,0.0,2740,1097,20084
7,21188,102,0.0,2741,1097,20091
5,21193,102,0.0,2742,1097,20096
7,21200,102,0.0,2743,1097,20103
2,21202,102,0.0,2744,1097,20105
6,21208,102,0.0,2745,1097,20111
12,21220,102,0.0,2746,1097,20123
3,21223,102,0.0,2747,1097,20126
5,21228,102,0.0,2748,1097,20131
4,21232,102,0.0,2749,1097,20135
6,21238,102,0.0,2750,1097,20141
3,21241,102,0.0,2751,1097,20144
3,21244,102,0.0,2752,1097,20147
15,21259,102,0.0,2753,1097,20162
4,21263,102,0.0,2754,1097,20166
3,21266,102,0.0,2755,1097,20169
3,21269,102,0.0,2756,1097,20172
9,21278,102,0.0,2757,1097,20181
7,21285,102,0.0,2758,1097,20188
2,21287,102,0.0,2759,1097,20190
4,21291,102,0.0,2760,1097,20194
4,21295,102,0.0,2761,1097,20198
9,21304,102,0.0,2762,1097,20207
9,21313,102,0.0,2763,1097,20216
2,21315,102,0.0,2764,1097,20218
6,21321,102,0.0,2765,1097,20224
12,21333,102,0.0,2766,1097,20236
11,21344,103,1.0,2767,1097,20247
3,21347,103,0.0,2768,1097,20250
4,21351,103,0.0,2769,1097,20254
5,21356,103,0.0,2770,1097,20259
7,21363,103,0.0,2771,1097,20266
9,21372,103,0.0,2772,1097,20275
5,21377,103,0.0,2773,1097,20280
7,21384,103,0.0,2774,1097,20287
7,21391,103,0.0,2775,1097,20294
9,21400,103,0.0,2776,1097,20303
3,21403,103,0.0,2777,1097,20306
9,21412,103,0.0,2778,1097,20315
11,21423,103,0.0,2779,1097,20326
2,21425,103,0.0,2780,1097,20328
5,21430,103,0.0,2781,1097,20333
7,21437,103,0.0,2782,1097,20340
4,21441,103,0.0,2783,1097,20344
6,21447,103,0.0,2784,1097,20350
18,21465,103,0.0,2785,1097,20368
4,21469,103,0.0,2786,1097,20372
7,21476,103,0.0,2787,1097,20379
3,21479,103,0.0,2788,1097,20382
23,21502,103,0.0,2789,1097,20405
8,21510,103,0.0,2790,1097,20413
5,21515,103,0.0,2791,1097,20418
8,21523,103,0.0,2792,1097,20426
11,21534,103,0.0,2793,1097,20437
4,21538,103,0.0,2794,1097,20441
3,21541,103,0.0,2795,1097,20444
3,21544,103,0.0,2796,1097,20447
11,21555,103,0.0,2797,1097,20458
19,21574,104,1.0,2798,1097,20477
3,21577,104,0.0,2799,1097,20480
7,21584,104,0.0,2800,1097,20487
10,21594,104,0.0,2801,1097,20497
3,21597,104,0.0,2802,1097,20500
8,21605,104,0.0,2803,1097,20508
5,21610,104,0.0,2804,1097,20513
20,21630,104,0.0,2805,1097,20533
4,21634,104,0.0,2806,1097,20537
6,21640,104,0.0,2807,1097,20543
3,21643,104,0.0,2808,1097,20546
2,21645,104,0.0,2809,1097,20548
11,21656,104,0.0,2810,1097,20559
6,21662,104,0.0,2811,1097,20565
3,21665,104,0.0,2812,1097,20568
9,21674,104,0.0,2813,1097,20577
4,21678,104,0.0,2814,1097,20581
9,21687,104,0.0,2815,1097,20590
4,21691,104,0.0,2816,1097,20594
5,21696,104,0.0,2817,1097,20599
11,21707,104,0.0,2818,1097,20610
18,21725,104,0.0,2819,1097,20628
4,21729,104,0.0,2820,1097,20632
15,21744,104,0.0,2821,1097,20647
6,21750,104,0.0,2822,1097,20653
9,21759,104,0.0,2823,1097,20662
12,21771,104,0.0,2824,1097,20674
7,21778,104,0.0,2825,1097,20681
11,21789,104,0.0,2826,1097,20692
8,21797,104,0.0,2827,1097,20700
5,21802,104,0.0,2828,1097,20705
2,21804,104,0.0,2829,1097,20707
6,21810,104,0.0,2830,1097,20713
3,21813,104,0.0,2831,1097,20716
5,21818,104,0.0,2832,1097,20721
4,21822,104,0.0,2833,1097,20725
6,21828,104,0.0,2834,1097,20731
9,21837,104,0.0,2835,1097,20740
15,21852,105,1.0,2836,1097,20755
13,21865,105,0.0,2837,1097,20768
7,21872,105,0.0,2838,1097,20775
19,21891,106,1.0,2839,1097,20794
8,21899,106,0.0,2840,1097,20802
11,21910,106,0.0,2841,1097,20813
8,21918,106,0.0,2842,1097,20821
8,21926,106,0.0,2843,1097,20829
7,21933,106,0.0,2844,1097,20836
5,21938,106,0.0,2845,1097,20841
6,21944,106,0.0,2846,1097,20847
9,21953,106,0.0,2847,1097,20856
5,21958,106,0.0,2848,1097,20861
4,21962,106,0.0,2849,1097,20865
4,21966,106,0.0,2850,1097,20869
5,21971,106,0.0,2851,1097,20874
12,21983,106,0.0,2852,1097,20886
3,21986,106,0.0,2853,1097,20889
3,21989,106,0.0,2854,1097,20892
22,22011,106,0.0,2855,1097,20914
5,22016,106,0.0,2856,1097,20919
2,22018,106,0.0,2857,1097,20921
2,22020,106,0.0,2858,1097,20923
6,22026,106,0.0,2859,1097,20929
13,22039,106,0.0,2860,1097,20942
13,22052,106,0.0,2861,1097,20955
3,22055,106,0.0,2862,1097,20958
7,22062,106,0.0,2863,1097,20965
3,22065,106,0.0,2864,1097,20968
10,22075,106,0.0,2865,1097,20978
3,22078,106,0.0,2866,1097,20981
7,22085,106,0.0,2867,1097,20988
3,22088,106,0.0,2868,1097,20991
13,22101,106,0.0,2869,1097,21004
5,22106,106,0.0,2870,1097,21009
3,22109,106,0.0,2871,1097,21012
10,22119,106,0.0,2872,1097,21022
17,22136,106,0.0,2873,1097,21039
2,22138,106,0.0,2874,1097,21041
5,22143,106,0.0,2875,1097,21046
14,22157,106,0.0,2876,1097,21060
12,22169,106,0.0,2877,1097,21072
6,22175,106,0.0,2878,1097,21078
9,22184,106,0.0,2879,1097,21087
9,22193,106,0.0,2880,1097,21096
7,22200,106,0.0,2881,1097,21103
2,22202,106,0.0,2882,1097,21105
5,22207,106,0.0,2883,1097,21110
6,22213,106,0.0,2884,1097,21116
4,22217,106,0.0,2885,1097,21120
10,22227,106,0.0,2886,1097,21130
6,22233,106,0.0,2887,1097,21136
4,22237,106,0.0,2888,1097,21140
12,22249,106,0.0,2889,1097,21152
7,22256,106,0.0,2890,1097,21159
9,22265,106,0.0,2891,1097,21168
2,22267,106,0.0,2892,1097,21170
2,22269,106,0.0,2893,1097,21172
8,22277,106,0.0,2894,1097,21180
7,22284,106,0.0,2895,1097,21187
12,22296,106,0.0,2896,1097,21199
5,22301,106,0.0,2897,1097,21204
7,22308,106,0.0,2898,1097,21211
4,22312,106,0.0,2899,1097,21215
15,22327,107,1.0,2900,1097,21230
9,22336,108,1.0,2901,1097,21239
6,22342,108,0.0,2902,1097,21245
14,22356,108,0.0,2903,1097,21259
17,22373,108,0.0,2904,1097,21276
4,22377,108,0.0,2905,1097,21280
4,22381,108,0.0,2906,1097,21284
8,22389,108,0.0,2907,1097,21292
4,22393,108,0.0,2908,1097,21296
2,22395,108,0.0,2909,1097,21298
7,22402,108,0.0,2910,1097,21305
10,22412,108,0.0,2911,1097,21315
7,22419,108,0.0,2912,1097,21322
18,22437,108,0.0,2913,1097,21340
9,22446,108,0.0,2914,1097,21349
8,22454,108,0.0,2915,1097,21357
4,22458,108,0.0,2916,1097,21361
19,22477,108,0.0,2917,1097,21380
3,22480,108,0.0,2918,1097,21383
10,22490,108,0.0,2919,1097,21393
7,22497,108,0.0,2920,1097,21400
8,22505,108,0.0,2921,1097,21408
3,22508,108,0.0,2922,1097,21411
12,22520,108,0.0,2923,1097,21423
10,22530,108,0.0,2924,1097,21433
15,22545,109,1.0,2925,1097,21448
7,22552,109,0.0,2926,1097,21455
10,22562,109,0.0,2927,1097,21465
7,22569,109,0.0,2928,1097,21472
6,22575,109,0.0,2929,1097,21478
3,22578,109,0.0,2930,1097,21481
5,22583,109,0.0,2931,1097,21486
3,22586,109,0.0,2932,1097,21489
3,22589,109,0.0,2933,1097,21492
3,22592,109,0.0,2934,1097,21495
11,22603,110,1.0,2935,1097,21506
24,22627,110,0.0,2936,1097,21530
11,22638,111,1.0,2937,1097,21541
16,22654,111,0.0,2938,1097,21557
13,22667,111,0.0,2939,1097,21570
10,22677,111,0.0,2940,1097,21580
4,22681,111,0.0,2941,1097,21584
9,22690,111,0.0,2942,1097,21593
6,22696,111,0.0,2943,1097,21599
3,22699,111,0.0,2944,1097,21602
7,22706,111,0.0,2945,1097,21609
20,22726,111,0.0,2946,1097,21629
4,22730,111,0.0,2947,1097,21633
2,22732,111,0.0,2948,1097,21635
10,22742,111,0.0,2949,1097,21645
9,22751,111,0.0,2950,1097,21654
7,22758,111,0.0,2951,1097,21661
3,22761,111,0.0,2952,1097,21664
7,22768,111,0.0,2953,1097,21671
3,22771,111,0.0,2954,1097,21674
4,22775,111,0.0,2955,1097,21678
15,22790,112,1.0,2956,1097,21693
2,22792,112,0.0,2957,1097,21695
3,22795,112,0.0,2958,1097,21698
6,22801,112,0.0,2959,1097,21704
2,22803,112,0.0,2960,1097,21706
4,22807,112,0.0,2961,1097,21710
3,22810,112,0.0,2962,1097,21713
2,22812,112,0.0,2963,1097,21715
6,22818,112,0.0,2964,1097,21721
19,22837,113,1.0,2965,1097,21740
6,22843,113,0.0,2966,1097,21746
11,22854,114,1.0,2967,1097,21757
3,22857,114,0.0,2968,1097,21760
7,22864,114,0.0,2969,1097,21767
12,22876,114,0.0,2970,1097,21779
4,22880,114,0.0,2971,1097,21783
4,22884,114,0.0,2972,1097,21787
2,22886,114,0.0,2973,1097,21789
7,22893,114,0.0,2974,1097,21796
7,22900,114,0.0,2975,1097,21803
3,22903,114,0.0,2976,1097,21806
7,22910,114,0.0,2977,1097,21813
5,22915,114,0.0,2978,1097,21818
4,22919,114,0.0,2979,1097,21822
6,22925,114,0.0,2980,1097,21828
7,22932,114,0.0,2981,1097,21835
9,22941,114,0.0,2982,1097,21844
8,22949,114,0.0,2983,1097,21852
3,22952,114,0.0,2984,1097,21855
3,22955,114,0.0,2985,1097,21858
10,22965,114,0.0,2986,1097,21868
3,22968,114,0.0,2987,1097,21871
3,22971,114,0.0,2988,1097,21874
5,22976,114,0.0,2989,1097,21879
5,22981,114,0.0,2990,1097,21884
4,22985,114,0.0,2991,1097,21888
3,22988,114,0.0,2992,1097,21891
9,22997,115,1.0,2993,1097,21900
5,23002,115,0.0,2994,1097,21905
3,23005,115,0.0,2995,1097,21908
4,23009,115,0.0,2996,1097,21912
6,23015,115,0.0,2997,1097,21918
6,23021,115,0.0,2998,1097,21924
10,23031,115,0.0,2999,1097,21934
4,23035,115,0.0,3000,1097,21938
5,23040,115,0.0,3001,1097,21943
2,23042,115,0.0,3002,1097,21945
6,23048,115,0.0,3003,1097,21951
19,23067,116,1.0,3004,1097,21970
4,23071,116,0.0,3005,1097,21974
2,23073,116,0.0,3006,1097,21976
9,23082,116,0.0,3007,1097,21985
6,23088,116,0.0,3008,1097,21991
22,23110,116,0.0,3009,1097,22013
3,23113,116,0.0,3010,1097,22016
9,23122,116,0.0,3011,1097,22025
15,23137,116,0.0,3012,1097,22040
3,23140,116,0.0,3013,1097,22043
7,23147,116,0.0,3014,1097,22050
2,23149,116,0.0,3015,1097,22052
7,23156,116,0.0,3016,1097,22059
11,23167,117,1.0,3017,1097,22070
4,23171,117,0.0,3018,1097,22074
7,23178,117,0.0,3019,1097,22081
4,23182,117,0.0,3020,1097,22085
2,23184,117,0.0,3021,1097,22087
2,23186,117,0.0,3022,1097,22089
11,23197,118,1.0,3023,1097,22100
13,23210,118,0.0,3024,1097,22113
7,23217,118,0.0,3025,1097,22120
3,23220,118,0.0,3026,1097,22123
11,23231,118,0.0,3027,1097,22134
5,23236,118,0.0,3028,1097,22139
18,23254,118,0.0,3029,1097,22157
6,23260,118,0.0,3030,1097,22163
6,23266,118,0.0,3031,1097,22169
3,23269,118,0.0,3032,1097,22172
26,23295,118,0.0,3033,1097,22198
13,23308,118,0.0,3034,1097,22211
56,23364,119,1.0,3035,1097,22267
3,23367,119,0.0,3036,1097,22270
17,23384,119,0.0,3037,1097,22287
2,23386,119,0.0,3038,1097,22289
3,23389,119,0.0,3039,1097,22292
22,23411,119,0.0,3040,1097,22314
3,23414,119,0.0,3041,1097,22317
2,23416,119,0.0,3042,1097,22319
3,23419,119,0.0,3043,1097,22322
13,23432,119,0.0,3044,1097,22335
18,23450,119,0.0,3045,1097,22353
10,23460,119,0.0,3046,1097,22363
4,23464,119,0.0,3047,1097,22367
9,23473,119,0.0,3048,1097,22376
8,23481,119,0.0,3049,1097,22384
3,23484,119,0.0,3050,1097,22387
2,23486,119,0.0,3051,1097,22389
9,23495,119,0.0,3052,1097,22398
12,23507,119,0.0,3053,1097,22410
7,23514,119,0.0,3054,1097,22417
7,23521,119,0.0,3055,1097,22424
19,23540,120,1.0,3056,1097,22443
19,23559,121,1.0,3057,1097,22462
19,23578,122,1.0,3058,1097,22481
7,23585,122,0.0,3059,1097,22488
6,23591,122,0.0,3060,1097,22494
6,23597,122,0.0,3061,1097,22500
2,23599,122,0.0,3062,1097,22502
7,23606,122,0.0,3063,1097,22509
9,23615,122,0.0,3064,1097,22518
3,23618,122,0.0,3065,1097,22521
13,23631,122,0.0,3066,1097,22534
4,23635,122,0.0,3067,1097,22538
5,23640,122,0.0,3068,1097,22543
3,23643,122,0.0,3069,1097,22546
6,23649,122,0.0,3070,1097,22552
4,23653,122,0.0,3071,1097,22556
3,23656,122,0.0,3072,1097,22559
2,23658,122,0.0,3073,1097,22561
19,23677,123,1.0,3074,1097,22580
4,23681,123,0.0,3075,1097,22584
10,23691,123,0.0,3076,1097,22594
4,23695,123,0.0,3077,1097,22598
4,23699,123,0.0,3078,1097,22602
8,23707,123,0.0,3079,1097,22610
11,23718,124,1.0,3080,1097,22621
5,23723,124,0.0,3081,1097,22626
7,23730,124,0.0,3082,1097,22633
3,23733,124,0.0,3083,1097,22636
7,23740,124,0.0,3084,1097,22643
7,23747,124,0.0,3085,1097,22650
6,23753,124,0.0,3086,1097,22656
4,23757,124,0.0,3087,1097,22660
5,23762,124,0.0,3088,1097,22665
15,23777,124,0.0,3089,1097,22680
5,23782,124,0.0,3090,1097,22685
2,23784,124,0.0,3091,1097,22687
29,23813,124,0.0,3092,1097,22716
4,23817,124,0.0,3093,1097,22720
3,23820,124,0.0,3094,1097,22723
2,23822,124,0.0,3095,1097,22725
7,23829,124,0.0,3096,1097,22732
15,23844,125,1.0,3097,1097,22747
3,23847,125,0.0,3098,1097,22750
7,23854,125,0.0,3099,1097,22757
7,23861,125,0.0,3100,1097,22764
3,23864,125,0.0,3101,1097,22767
3,23867,125,0.0,3102,1097,22770
4,23871,125,0.0,3103,1097,22774
3,23874,125,0.0,3104,1097,22777
7,23881,125,0.0,3105,1097,22784
4,23885,125,0.0,3106,1097,22788
7,23892,125,0.0,3107,1097,22795
4,23896,125,0.0,3108,1097,22799
4,23900,125,0.0,3109,1097,22803
2,23902,125,0.0,3110,1097,22805
6,23908,125,0.0,3111,1097,22811
18,23926,125,0.0,3112,1097,22829
17,23943,125,0.0,3113,1097,22846
3,23946,125,0.0,3114,1097,22849
6,23952,125,0.0,3115,1097,22855
2,23954,125,0.0,3116,1097,22857
19,23973,126,1.0,3117,1097,22876
6,23979,126,0.0,3118,1097,22882
3,23982,126,0.0,3119,1097,22885
8,23990,126,0.0,3120,1097,22893
9,23999,126,0.0,3121,1097,22902
8,24007,126,0.0,3122,1097,22910
5,24012,126,0.0,3123,1097,22915
17,24029,126,0.0,3124,1097,22932
19,24048,127,1.0,3125,1097,22951
6,24054,127,0.0,3126,1097,22957
3,24057,127,0.0,3127,1097,22960
4,24061,127,0.0,3128,1097,22964
21,24082,127,0.0,3129,1097,22985
4,24086,127,0.0,3130,1097,22989
3,24089,127,0.0,3131,1097,22992
5,24094,127,0.0,3132,1097,22997
14,24108,127,0.0,3133,1097,23011
10,24118,127,0.0,3134,1097,23021
7,24125,127,0.0,3135,1097,23028
2,24127,127,0.0,3136,1097,23030
5,24132,127,0.0,3137,1097,23035
8,24140,127,0.0,3138,1097,23043
19,24159,127,0.0,3139,1097,23062
8,24167,127,0.0,3140,1097,23070
15,24182,128,1.0,3141,1097,23085
3,24185,128,0.0,3142,1097,23088
6,24191,128,0.0,3143,1097,23094
3,24194,128,0.0,3144,1097,23097
4,24198,128,0.0,3145,1097,23101
8,24206,128,0.0,3146,1097,23109
15,24221,128,0.0,3147,1097,23124
5,24226,128,0.0,3148,1097,23129
16,24242,128,0.0,3149,1097,23145
15,24257,128,0.0,3150,1097,23160
6,24263,128,0.0,3151,1097,23166
9,24272,128,0.0,3152,1097,23175
11,24283,129,1.0,3153,1097,23186
6,24289,129,0.0,3154,1097,23192
14,24303,129,0.0,3155,1097,23206
23,24326,129,0.0,3156,1097,23229
5,24331,129,0.0,3157,1097,23234
6,24337,129,0.0,3158,1097,23240
5,24342,129,0.0,3159,1097,23245
7,24349,129,0.0,3160,1097,23252
9,24358,129,0.0,3161,1097,23261
3,24361,129,0.0,3162,1097,23264
3,24364,129,0.0,3163,1097,23267
3,24367,129,0.0,3164,1097,23270
5,24372,129,0.0,3165,1097,23275
10,24382,129,0.0,3166,1097,23285
10,24392,129,0.0,3167,1097,23295
3,24395,129,0.0,3168,1097,23298
3,24398,129,0.0,3169,1097,23301
7,24405,129,0.0,3170,1097,23308
14,24419,129,0.0,3171,1097,23322
2,24421,129,0.0,3172,1097,23324
5,24426,129,0.0,3173,1097,23329
7,24433,129,0.0,3174,1097,23336
2,24435,129,0.0,3175,1097,23338
7,24442,129,0.0,3176,1097,23345
19,24461,130,1.0,3177,1097,23364
9,24470,130,0.0,3178,1097,23373
7,24477,130,0.0,3179,1097,23380
2,24479,130,0.0,3180,1097,23382
14,24493,130,0.0,3181,1097,23396
8,24501,130,0.0,3182,1097,23404
11,24512,130,0.0,3183,1097,23415
5,24517,130,0.0,3184,1097,23420
3,24520,130,0.0,3185,1097,23423
4,24524,130,0.0,3186,1097,23427
3,24527,130,0.0,3187,1097,23430
7,24534,130,0.0,3188,1097,23437
5,24539,130,0.0,3189,1097,23442
4,24543,130,0.0,3190,1097,23446
3,24546,130,0.0,3191,1097,23449
5,24551,130,0.0,3192,1097,23454
6,24557,130,0.0,3193,1097,23460
6,24563,130,0.0,3194,1097,23466
15,24578,130,0.0,3195,1097,23481
4,24582,130,0.0,3196,1097,23485
4,24586,130,0.0,3197,1097,23489
14,24600,130,0.0,3198,1097,23503
12,24612,130,0.0,3199,1097,23515
12,24624,130,0.0,3200,1097,23527
4,24628,130,0.0,3201,1097,23531
6,24634,130,0.0,3202,1097,23537
3,24637,130,0.0,3203,1097,23540
3,24640,130,0.0,3204,1097,23543
7,24647,130,0.0,3205,1097,23550
5,24652,130,0.0,3206,1097,23555
3,24655,130,0.0,3207,1097,23558
2,24657,130,0.0,3208,1097,23560
7,24664,130,0.0,3209,1097,23567
3,24667,130,0.0,3210,1097,23570
4,24671,130,0.0,3211,1097,23574
3,24674,130,0.0,3212,1097,23577
12,24686,130,0.0,3213,1097,23589
4,24690,130,0.0,3214,1097,23593
3,24693,130,0.0,3215,1097,23596
3,24696,130,0.0,3216,1097,23599
5,24701,130,0.0,3217,1097,23604
4,24705,130,0.0,3218,1097,23608
9,24714,130,0.0,3219,1097,23617
2,24716,130,0.0,3220,1097,23619
3,24719,130,0.0,3221,1097,23622
6,24725,130,0.0,3222,1097,23628
6,24731,130,0.0,3223,1097,23634
9,24740,130,0.0,3224,1097,23643
3,24743,130,0.0,3225,1097,23646
15,24758,130,0.0,3226,1097,23661
2,24760,130,0.0,3227,1097,23663
7,24767,130,0.0,3228,1097,23670
6,24773,130,0.0,3229,1097,23676
2,24775,130,0.0,3230,1097,23678
5,24780,130,0.0,3231,1097,23683
3,24783,130,0.0,3232,1097,23686
5,24788,130,0.0,3233,1097,23691
10,24798,130,0.0,3234,1097,23701
4,24802,130,0.0,3235,1097,23705
27,24829,130,0.0,3236,1097,23732
5,24834,130,0.0,3237,1097,23737
2,24836,130,0.0,3238,1097,23739
2,24838,130,0.0,3239,1097,23741
9,24847,130,0.0,3240,1097,23750
9,24856,130,0.0,3241,1097,23759
7,24863,130,0.0,3242,1097,23766
10,24873,130,0.0,3243,1097,23776
5,24878,130,0.0,3244,1097,23781
2,24880,130,0.0,3245,1097,23783
17,24897,130,0.0,3246,1097,23800
4,24901,130,0.0,3247,1097,23804
2,24903,130,0.0,3248,1097,23806
3,24906,130,0.0,3249,1097,23809
7,24913,130,0.0,3250,1097,23816
11,24924,130,0.0,3251,1097,23827
3,24927,130,0.0,3252,1097,23830
19,24946,130,0.0,3253,1097,23849
10,24956,130,0.0,3254,1097,23859
4,24960,130,0.0,3255,1097,23863
6,24966,130,0.0,3256,1097,23869
5,24971,130,0.0,3257,1097,23874
3,24974,130,0.0,3258,1097,23877
9,24983,130,0.0,3259,1097,23886
3,24986,130,0.0,3260,1097,23889
2,24988,130,0.0,3261,1097,23891
11,24999,130,0.0,3262,1097,23902
11,25010,130,0.0,3263,1097,23913
6,25016,130,0.0,3264,1097,23919
3,25019,130,0.0,3265,1097,23922
10,25029,130,0.0,3266,1097,23932
19,25048,131,1.0,3267,1097,23951
7,25055,131,0.0,3268,1097,23958
2,25057,131,0.0,3269,1097,23960
3,25060,131,0.0,3270,1097,23963
13,25073,131,0.0,3271,1097,23976
6,25079,131,0.0,3272,1097,23982
19,25098,131,0.0,3273,1097,24001
4,25102,131,0.0,3274,1097,24005
2,25104,131,0.0,3275,1097,24007
2,25106,131,0.0,3276,1097,24009
4,25110,131,0.0,3277,1097,24013
7,25117,131,0.0,3278,1097,24020
9,25126,131,0.0,3279,1097,24029
15,25141,131,0.0,3280,1097,24044
3,25144,131,0.0,3281,1097,24047
8,25152,131,0.0,3282,1097,24055
2,25154,131,0.0,3283,1097,24057
10,25164,131,0.0,3284,1097,24067
6,25170,131,0.0,3285,1097,24073
11,25181,131,0.0,3286,1097,24084
7,25188,131,0.0,3287,1097,24091
10,25198,131,0.0,3288,1097,24101
6,25204,131,0.0,3289,1097,24107
7,25211,131,0.0,3290,1097,24114
11,25222,131,0.0,3291,1097,24125
3,25225,131,0.0,3292,1097,24128
3,25228,131,0.0,3293,1097,24131
14,25242,131,0.0,3294,1097,24145
5,25247,131,0.0,3295,1097,24150
15,25262,131,0.0,3296,1097,24165
7,25269,131,0.0,3297,1097,24172
2,25271,131,0.0,3298,1097,24174
5,25276,131,0.0,3299,1097,24179
7,25283,131,0.0,3300,1097,24186
23,25306,131,0.0,3301,1097,24209
10,25316,131,0.0,3302,1097,24219
18,25334,131,0.0,3303,1097,24237
3,25337,131,0.0,3304,1097,24240
8,25345,131,0.0,3305,1097,24248
15,25360,132,1.0,3306,1097,24263
2,25362,132,0.0,3307,1097,24265
3,25365,132,0.0,3308,1097,24268
5,25370,132,0.0,3309,1097,24273
2,25372,132,0.0,3310,1097,24275
3,25375,132,0.0,3311,1097,24278
23,25398,132,0.0,3312,1097,24301
2,25400,132,0.0,3313,1097,24303
6,25406,132,0.0,3314,1097,24309
7,25413,132,0.0,3315,1097,24316
5,25418,132,0.0,3316,1097,24321
9,25427,132,0.0,3317,1097,24330
2,25429,132,0.0,3318,1097,24332
10,25439,132,0.0,3319,1097,24342
6,25445,132,0.0,3320,1097,24348
7,25452,132,0.0,3321,1097,24355
17,25469,132,0.0,3322,1097,24372
2,25471,132,0.0,3323,1097,24374
3,25474,132,0.0,3324,1097,24377
12,25486,132,0.0,3325,1097,24389
6,25492,132,0.0,3326,1097,24395
6,25498,132,0.0,3327,1097,24401
12,25510,132,0.0,3328,1097,24413
17,25527,132,0.0,3329,1097,24430
10,25537,132,0.0,3330,1097,24440
8,25545,132,0.0,3331,1097,24448
3,25548,132,0.0,3332,1097,24451
2,25550,132,0.0,3333,1097,24453
3,25553,132,0.0,3334,1097,24456
7,25560,132,0.0,3335,1097,24463
13,25573,132,0.0,3336,1097,24476
5,25578,132,0.0,3337,1097,24481
6,25584,132,0.0,3338,1097,24487
10,25594,132,0.0,3339,1097,24497
3,25597,132,0.0,3340,1097,24500
8,25605,132,0.0,3341,1097,24508
8,25613,132,0.0,3342,1097,24516
5,25618,132,0.0,3343,1097,24521
3,25621,132,0.0,3344,1097,24524
3,25624,132,0.0,3345,1097,24527
2,25626,132,0.0,3346,1097,24529
7,25633,132,0.0,3347,1097,24536
2,25635,132,0.0,3348,1097,24538
8,25643,132,0.0,3349,1097,24546
3,25646,132,0.0,3350,1097,24549
17,25663,132,0.0,3351,1097,24566
10,25673,132,0.0,3352,1097,24576
19,25692,133,1.0,3353,1097,24595
6,25698,133,0.0,3354,1097,24601
4,25702,133,0.0,3355,1097,24605
16,25718,133,0.0,3356,1097,24621
9,25727,133,0.0,3357,1097,24630
9,25736,133,0.0,3358,1097,24639
2,25738,133,0.0,3359,1097,24641
4,25742,133,0.0,3360,1097,24645
26,25768,133,0.0,3361,1097,24671
4,25772,133,0.0,3362,1097,24675
9,25781,133,0.0,3363,1097,24684
6,25787,133,0.0,3364,1097,24690
21,25808,133,0.0,3365,1097,24711
16,25824,133,0.0,3366,1097,24727
5,25829,133,0.0,3367,1097,24732
5,25834,133,0.0,3368,1097,24737
12,25846,133,0.0,3369,1097,24749
4,25850,133,0.0,3370,1097,24753
2,25852,133,0.0,3371,1097,24755
2,25854,133,0.0,3372,1097,24757
14,25868,133,0.0,3373,1097,24771
16,25884,133,0.0,3374,1097,24787
8,25892,133,0.0,3375,1097,24795
7,25899,133,0.0,3376,1097,24802
15,25914,134,1.0,3377,1097,24817
5,25919,134,0.0,3378,1097,24822
4,25923,134,0.0,3379,1097,24826
7,25930,134,0.0,3380,1097,24833
4,25934,134,0.0,3381,1097,24837
11,25945,134,0.0,3382,1097,24848
6,25951,134,0.0,3383,1097,24854
3,25954,134,0.0,3384,1097,24857
19,25973,135,1.0,3385,1097,24876
9,25982,135,0.0,3386,1097,24885
5,25987,135,0.0,3387,1097,24890
10,25997,135,0.0,3388,1097,24900
6,26003,135,0.0,3389,1097,24906
9,26012,135,0.0,3390,1097,24915
6,26018,135,0.0,3391,1097,24921
8,26026,135,0.0,3392,1097,24929
2,26028,135,0.0,3393,1097,24931
6,26034,135,0.0,3394,1097,24937
11,26045,136,1.0,3395,1097,24948
3,26048,136,0.0,3396,1097,24951
5,26053,136,0.0,3397,1097,24956
3,26056,136,0.0,3398,1097,24959
8,26064,136,0.0,3399,1097,24967
19,26083,137,1.0,3400,1097,24986
2,26085,137,0.0,3401,1097,24988
7,26092,137,0.0,3402,1097,24995
11,26103,137,0.0,3403,1097,25006
7,26110,137,0.0,3404,1097,25013
18,26128,137,0.0,3405,1097,25031
16,26144,137,0.0,3406,1097,25047
14,26158,137,0.0,3407,1097,25061
5,26163,137,0.0,3408,1097,25066
6,26169,137,0.0,3409,1097,25072
4,26173,137,0.0,3410,1097,25076
10,26183,137,0.0,3411,1097,25086
5,26188,137,0.0,3412,1097,25091
5,26193,137,0.0,3413,1097,25096
2,26195,137,0.0,3414,1097,25098
25,26220,137,0.0,3415,1097,25123
3,26223,137,0.0,3416,1097,25126
13,26236,137,0.0,3417,1097,25139
2,26238,137,0.0,3418,1097,25141
7,26245,137,0.0,3419,1097,25148
19,26264,138,1.0,3420,1097,25167
4,26268,138,0.0,3421,1097,25171
3,26271,138,0.0,3422,1097,25174
6,26277,138,0.0,3423,1097,25180
3,26280,138,0.0,3424,1097,25183
4,26284,138,0.0,3425,1097,25187
3,26287,138,0.0,3426,1097,25190
7,26294,138,0.0,3427,1097,25197
25,26319,138,0.0,3428,1097,25222
14,26333,138,0.0,3429,1097,25236
2,26335,138,0.0,3430,1097,25238
8,26343,138,0.0,3431,1097,25246
3,26346,138,0.0,3432,1097,25249
11,26357,138,0.0,3433,1097,25260
13,26370,138,0.0,3434,1097,25273
6,26376,138,0.0,3435,1097,25279
7,26383,138,0.0,3436,1097,25286
9,26392,138,0.0,3437,1097,25295
6,26398,138,0.0,3438,1097,25301
9,26407,138,0.0,3439,1097,25310
7,26414,138,0.0,3440,1097,25317
6,26420,138,0.0,3441,1097,25323
16,26436,138,0.0,3442,1097,25339
4,26440,138,0.0,3443,1097,25343
3,26443,138,0.0,3444,1097,25346
4,26447,138,0.0,3445,1097,25350
9,26456,138,0.0,3446,1097,25359
19,26475,139,1.0,3447,1097,25378
2,26477,139,0.0,3448,1097,25380
5,26482,139,0.0,3449,1097,25385
3,26485,139,0.0,3450,1097,25388
15,26500,139,0.0,3451,1097,25403
6,26506,139,0.0,3452,1097,25409
3,26509,139,0.0,3453,1097,25412
7,26516,139,0.0,3454,1097,25419
2,26518,139,0.0,3455,1097,25421
5,26523,139,0.0,3456,1097,25426
19,26542,140,1.0,3457,1097,25445
12,26554,140,0.0,3458,1097,25457
8,26562,140,0.0,3459,1097,25465
19,26581,141,1.0,3460,1097,25484
6,26587,141,0.0,3461,1097,25490
2,26589,141,0.0,3462,1097,25492
15,26604,141,0.0,3463,1097,25507
3,26607,141,0.0,3464,1097,25510
6,26613,141,0.0,3465,1097,25516
3,26616,141,0.0,3466,1097,25519
14,26630,141,0.0,3467,1097,25533
2,26632,141,0.0,3468,1097,25535
13,26645,141,0.0,3469,1097,25548
5,26650,141,0.0,3470,1097,25553
18,26668,141,0.0,3471,1097,25571
7,26675,141,0.0,3472,1097,25578
6,26681,141,0.0,3473,1097,25584
19,26700,142,1.0,3474,1097,25603
4,26704,142,0.0,3475,1097,25607
19,26723,143,1.0,3476,1097,25626
10,26733,143,0.0,3477,1097,25636
14,26747,143,0.0,3478,1097,25650
3,26750,143,0.0,3479,1097,25653
6,26756,143,0.0,3480,1097,25659
3,26759,143,0.0,3481,1097,25662
16,26775,143,0.0,3482,1097,25678
5,26780,143,0.0,3483,1097,25683
6,26786,143,0.0,3484,1097,25689
3,26789,143,0.0,3485,1097,25692
17,26806,143,0.0,3486,1097,25709
25,26831,143,0.0,3487,1097,25734
19,26850,144,1.0,3488,1097,25753
2,26852,144,0.0,3489,1097,25755
7,26859,144,0.0,3490,1097,25762
3,26862,144,0.0,3491,1097,25765
8,26870,144,0.0,3492,1097,25773
20,26890,144,0.0,3493,1097,25793
10,26900,144,0.0,3494,1097,25803
3,26903,144,0.0,3495,1097,25806
7,26910,144,0.0,3496,1097,25813
9,26919,144,0.0,3497,1097,25822
3,26922,144,0.0,3498,1097,25825
7,26929,144,0.0,3499,1097,25832
2,26931,144,0.0,3500,1097,25834
4,26935,144,0.0,3501,1097,25838
13,26948,144,0.0,3502,1097,25851
10,26958,144,0.0,3503,1097,25861
5,26963,144,0.0,3504,1097,25866
13,26976,144,0.0,3505,1097,25879
14,26990,144,0.0,3506,1097,25893
7,26997,144,0.0,3507,1097,25900
7,27004,144,0.0,3508,1097,25907
3,27007,144,0.0,3509,1097,25910
3,27010,144,0.0,3510,1097,25913
4,27014,144,0.0,3511,1097,25917
5,27019,144,0.0,3512,1097,25922
2,27021,144,0.0,3513,1097,25924
10,27031,144,0.0,3514,1097,25934
14,27045,144,0.0,3515,1097,25948
7,27052,144,0.0,3516,1097,25955
6,27058,144,0.0,3517,1097,25961
15,27073,144,0.0,3518,1097,25976
7,27080,144,0.0,3519,1097,25983
23,27103,144,0.0,3520,1097,26006
4,27107,144,0.0,3521,1097,26010
15,27122,144,0.0,3522,1097,26025
9,27131,144,0.0,3523,1097,26034
23,27154,144,0.0,3524,1097,26057
10,27164,144,0.0,3525,1097,26067
11,27175,145,1.0,3526,1097,26078
9,27184,145,0.0,3527,1097,26087
9,27193,145,0.0,3528,1097,26096
6,27199,145,0.0,3529,1097,26102
16,27215,145,0.0,3530,1097,26118
5,27220,145,0.0,3531,1097,26123
14,27234,145,0.0,3532,1097,26137
4,27238,145,0.0,3533,1097,26141
6,27244,145,0.0,3534,1097,26147
9,27253,145,0.0,3535,1097,26156
6,27259,145,0.0,3536,1097,26162
6,27265,145,0.0,3537,1097,26168
5,27270,145,0.0,3538,1097,26173
17,27287,145,0.0,3539,1097,26190
19,27306,146,1.0,3540,1097,26209
2,27308,146,0.0,3541,1097,26211
5,27313,146,0.0,3542,1097,26216
14,27327,146,0.0,3543,1097,26230
15,27342,147,1.0,3544,1097,26245
10,27352,147,0.0,3545,1097,26255
3,27355,147,0.0,3546,1097,26258
7,27362,147,0.0,3547,1097,26265
2,27364,147,0.0,3548,1097,26267
7,27371,147,0.0,3549,1097,26274
3,27374,147,0.0,3550,1097,26277
5,27379,147,0.0,3551,1097,26282
9,27388,147,0.0,3552,1097,26291
4,27392,147,0.0,3553,1097,26295
8,27400,147,0.0,3554,1097,26303
3,27403,147,0.0,3555,1097,26306
7,27410,147,0.0,3556,1097,26313
6,27416,147,0.0,3557,1097,26319
2,27418,147,0.0,3558,1097,26321
2,27420,147,0.0,3559,1097,26323
2,27422,147,0.0,3560,1097,26325
3,27425,147,0.0,3561,1097,26328
19,27444,148,1.0,3562,1097,26347
10,27454,148,0.0,3563,1097,26357
11,27465,148,0.0,3564,1097,26368
5,27470,148,0.0,3565,1097,26373
15,27485,148,0.0,3566,1097,26388
10,27495,148,0.0,3567,1097,26398
6,27501,148,0.0,3568,1097,26404
7,27508,148,0.0,3569,1097,26411
4,27512,148,0.0,3570,1097,26415
19,27531,149,1.0,3571,1097,26434
5,27536,149,0.0,3572,1097,26439
11,27547,149,0.0,3573,1097,26450
12,27559,149,0.0,3574,1097,26462
2,27561,149,0.0,3575,1097,26464
12,27573,149,0.0,3576,1097,26476
4,27577,149,0.0,3577,1097,26480
4,27581,149,0.0,3578,1097,26484
7,27588,149,0.0,3579,1097,26491
2,27590,149,0.0,3580,1097,26493
7,27597,149,0.0,3581,1097,26500
9,27606,149,0.0,3582,1097,26509
3,27609,149,0.0,3583,1097,26512
2,27611,149,0.0,3584,1097,26514
7,27618,149,0.0,3585,1097,26521
4,27622,149,0.0,3586,1097,26525
3,27625,149,0.0,3587,1097,26528
5,27630,149,0.0,3588,1097,26533
2,27632,149,0.0,3589,1097,26535
8,27640,149,0.0,3590,1097,26543
4,27644,149,0.0,3591,1097,26547
11,27655,149,0.0,3592,1097,26558
2,27657,149,0.0,3593,1097,26560
19,27676,149,0.0,3594,1097,26579
3,27679,149,0.0,3595,1097,26582
22,27701,149,0.0,3596,1097,26604
13,27714,149,0.0,3597,1097,26617
4,27718,149,0.0,3598,1097,26621
13,27731,149,0.0,3599,1097,26634
7,27738,149,0.0,3600,1097,26641
9,27747,149,0.0,3601,1097,26650
7,27754,149,0.0,3602,1097,26657
6,27760,149,0.0,3603,1097,26663
4,27764,149,0.0,3604,1097,26667
19,27783,150,1.0,3605,1097,26686
6,27789,150,0.0,3606,1097,26692
5,27794,150,0.0,3607,1097,26697
4,27798,150,0.0,3608,1097,26701
2,27800,150,0.0,3609,1097,26703
8,27808,150,0.0,3610,1097,26711
8,27816,150,0.0,3611,1097,26719
3,27819,150,0.0,3612,1097,26722
7,27826,150,0.0,3613,1097,26729
3,27829,150,0.0,3614,1097,26732
8,27837,150,0.0,3615,1097,26740
19,27856,151,1.0,3616,1097,26759
3,27859,151,0.0,3617,1097,26762
9,27868,151,0.0,3618,1097,26771
19,27887,152,1.0,3619,1097,26790
6,27893,152,0.0,3620,1097,26796
4,27897,152,0.0,3621,1097,26800
8,27905,152,0.0,3622,1097,26808
10,27915,152,0.0,3623,1097,26818
4,27919,152,0.0,3624,1097,26822
13,27932,152,0.0,3625,1097,26835
17,27949,152,0.0,3626,1097,26852
15,27964,152,0.0,3627,1097,26867
10,27974,152,0.0,3628,1097,26877
8,27982,152,0.0,3629,1097,26885
9,27991,152,0.0,3630,1097,26894
3,27994,152,0.0,3631,1097,26897
10,28004,152,0.0,3632,1097,26907
5,28009,152,0.0,3633,1097,26912
16,28025,152,0.0,3634,1097,26928
16,28041,152,0.0,3635,1097,26944
8,28049,152,0.0,3636,1097,26952
4,28053,152,0.0,3637,1097,26956
6,28059,152,0.0,3638,1097,26962
11,28070,153,1.0,3639,1097,26973
5,28075,153,0.0,3640,1097,26978
4,28079,153,0.0,3641,1097,26982
2,28081,153,0.0,3642,1097,26984
6,28087,153,0.0,3643,1097,26990
2,28089,153,0.0,3644,1097,26992
8,28097,153,0.0,3645,1097,27000
19,28116,154,1.0,3646,1097,27019
4,28120,154,0.0,3647,1097,27023
19,28139,155,1.0,3648,1097,27042
4,28143,155,0.0,3649,1097,27046
15,28158,155,0.0,3650,1097,27061
6,28164,155,0.0,3651,1097,27067
9,28173,155,0.0,3652,1097,27076
3,28176,155,0.0,3653,1097,27079
9,28185,155,0.0,3654,1097,27088
3,28188,155,0.0,3655,1097,27091
4,28192,155,0.0,3656,1097,27095
7,28199,155,0.0,3657,1097,27102
8,28207,155,0.0,3658,1097,27110
11,28218,156,1.0,3659,1097,27121
4,28222,156,0.0,3660,1097,27125
6,28228,156,0.0,3661,1097,27131
25,28253,156,0.0,3662,1097,27156
9,28262,156,0.0,3663,1097,27165
5,28267,156,0.0,3664,1097,27170
6,28273,156,0.0,3665,1097,27176
6,28279,156,0.0,3666,1097,27182
2,28281,156,0.0,3667,1097,27184
6,28287,156,0.0,3668,1097,27190
3,28290,156,0.0,3669,1097,27193
13,28303,156,0.0,3670,1097,27206
13,28316,156,0.0,3671,1097,27219
4,28320,156,0.0,3672,1097,27223
14,28334,156,0.0,3673,1097,27237
5,28339,156,0.0,3674,1097,27242
9,28348,156,0.0,3675,1097,27251
19,28367,157,1.0,3676,1097,27270
3,28370,157,0.0,3677,1097,27273
3,28373,157,0.0,3678,1097,27276
13,28386,157,0.0,3679,1097,27289
2,28388,157,0.0,3680,1097,27291
6,28394,157,0.0,3681,1097,27297
6,28400,157,0.0,3682,1097,27303
8,28408,157,0.0,3683,1097,27311
2,28410,157,0.0,3684,1097,27313
11,28421,157,0.0,3685,1097,27324
2,28423,157,0.0,3686,1097,27326
6,28429,157,0.0,3687,1097,27332
11,28440,157,0.0,3688,1097,27343
5,28445,157,0.0,3689,1097,27348
5,28450,157,0.0,3690,1097,27353
11,28461,157,0.0,3691,1097,27364
4,28465,157,0.0,3692,1097,27368
3,28468,157,0.0,3693,1097,27371
4,28472,157,0.0,3694,1097,27375
4,28476,157,0.0,3695,1097,27379
8,28484,157,0.0,3696,1097,27387
3,28487,157,0.0,3697,1097,27390
5,28492,157,0.0,3698,1097,27395
3,28495,157,0.0,3699,1097,27398
7,28502,157,0.0,3700,1097,27405
11,28513,157,0.0,3701,1097,27416
19,28532,158,1.0,3702,1097,27435
2,28534,158,0.0,3703,1097,27437
2,28536,158,0.0,3704,1097,27439
4,28540,158,0.0,3705,1097,27443
7,28547,158,0.0,3706,1097,27450
3,28550,158,0.0,3707,1097,27453
7,28557,158,0.0,3708,1097,27460
7,28564,158,0.0,3709,1097,27467
7,28571,158,0.0,3710,1097,27474
17,28588,158,0.0,3711,1097,27491
5,28593,158,0.0,3712,1097,27496
9,28602,158,0.0,3713,1097,27505
5,28607,158,0.0,3714,1097,27510
6,28613,158,0.0,3715,1097,27516
7,28620,158,0.0,3716,1097,27523
3,28623,158,0.0,3717,1097,27526
5,28628,158,0.0,3718,1097,27531
6,28634,158,0.0,3719,1097,27537
11,28645,158,0.0,3720,1097,27548
19,28664,159,1.0,3721,1097,27567
3,28667,159,0.0,3722,1097,27570
2,28669,159,0.0,3723,1097,27572
19,28688,160,1.0,3724,1097,27591
18,28706,160,0.0,3725,1097,27609
4,28710,160,0.0,3726,1097,27613
13,28723,160,0.0,3727,1097,27626
4,28727,160,0.0,3728,1097,27630
38,28765,160,0.0,3729,1097,27668
4,28769,160,0.0,3730,1097,27672
13,28782,160,0.0,3731,1097,27685
5,28787,160,0.0,3732,1097,27690
10,28797,160,0.0,3733,1097,27700
18,28815,160,0.0,3734,1097,27718
4,28819,160,0.0,3735,1097,27722
15,28834,160,0.0,3736,1097,27737
6,28840,160,0.0,3737,1097,27743
5,28845,160,0.0,3738,1097,27748
3,28848,160,0.0,3739,1097,27751
3,28851,160,0.0,3740,1097,27754
6,28857,160,0.0,3741,1097,27760
9,28866,160,0.0,3742,1097,27769
7,28873,160,0.0,3743,1097,27776
9,28882,160,0.0,3744,1097,27785
10,28892,160,0.0,3745,1097,27795
4,28896,160,0.0,3746,1097,27799
7,28903,160,0.0,3747,1097,27806
7,28910,160,0.0,3748,1097,27813
2,28912,160,0.0,3749,1097,27815
2,28914,160,0.0,3750,1097,27817
7,28921,160,0.0,3751,1097,27824
7,28928,160,0.0,3752,1097,27831
10,28938,160,0.0,3753,1097,27841
4,28942,160,0.0,3754,1097,27845
7,28949,160,0.0,3755,1097,27852
19,28968,160,0.0,3756,1097,27871
8,28976,160,0.0,3757,1097,27879
5,28981,160,0.0,3758,1097,27884
4,28985,160,0.0,3759,1097,27888
19,29004,161,1.0,3760,1097,27907
14,29018,161,0.0,3761,1097,27921
5,29023,161,0.0,3762,1097,27926
23,29046,161,0.0,3763,1097,27949
7,29053,161,0.0,3764,1097,27956
5,29058,161,0.0,3765,1097,27961
6,29064,161,0.0,3766,1097,27967
7,29071,161,0.0,3767,1097,27974
7,29078,161,0.0,3768,1097,27981
19,29097,162,1.0,3769,1097,28000
2,29099,162,0.0,3770,1097,28002
7,29106,162,0.0,3771,1097,28009
38,29144,162,0.0,3772,1097,28047
14,29158,162,0.0,3773,1097,28061
5,29163,162,0.0,3774,1097,28066
3,29166,162,0.0,3775,1097,28069
29,29195,162,0.0,3776,1097,28098
13,29208,162,0.0,3777,1097,28111
2,29210,162,0.0,3778,1097,28113
3,29213,162,0.0,3779,1097,28116
14,29227,162,0.0,3780,1097,28130
7,29234,162,0.0,3781,1097,28137
14,29248,162,0.0,3782,1097,28151
9,29257,162,0.0,3783,1097,28160
6,29263,162,0.0,3784,1097,28166
12,29275,162,0.0,3785,1097,28178
3,29278,162,0.0,3786,1097,28181
4,29282,162,0.0,3787,1097,28185
11,29293,162,0.0,3788,1097,28196
11,29304,163,1.0,3789,1097,28207
3,29307,163,0.0,3790,1097,28210
7,29314,163,0.0,3791,1097,28217
5,29319,163,0.0,3792,1097,28222
5,29324,163,0.0,3793,1097,28227
9,29333,163,0.0,3794,1097,28236
10,29343,163,0.0,3795,1097,28246
6,29349,163,0.0,3796,1097,28252
3,29352,163,0.0,3797,1097,28255
3,29355,163,0.0,3798,1097,28258
5,29360,163,0.0,3799,1097,28263
12,29372,163,0.0,3800,1097,28275
19,29391,164,1.0,3801,1097,28294
3,29394,164,0.0,3802,1097,28297
2,29396,164,0.0,3803,1097,28299
19,29415,165,1.0,3804,1097,28318
6,29421,165,0.0,3805,1097,28324
8,29429,165,0.0,3806,1097,28332
3,29432,165,0.0,3807,1097,28335
4,29436,165,0.0,3808,1097,28339
11,29447,165,0.0,3809,1097,28350
8,29455,165,0.0,3810,1097,28358
10,29465,165,0.0,3811,1097,28368
13,29478,165,0.0,3812,1097,28381
2,29480,165,0.0,3813,1097,28383
6,29486,165,0.0,3814,1097,28389
7,29493,165,0.0,3815,1097,28396
7,29500,165,0.0,3816,1097,28403
4,29504,165,0.0,3817,1097,28407
3,29507,165,0.0,3818,1097,28410
13,29520,165,0.0,3819,1097,28423
6,29526,165,0.0,3820,1097,28429
7,29533,165,0.0,3821,1097,28436
4,29537,165,0.0,3822,1097,28440
13,29550,165,0.0,3823,1097,28453
2,29552,165,0.0,3824,1097,28455
23,29575,165,0.0,3825,1097,28478
7,29582,165,0.0,3826,1097,28485
6,29588,165,0.0,3827,1097,28491
2,29590,165,0.0,3828,1097,28493
6,29596,165,0.0,3829,1097,28499
6,29602,165,0.0,3830,1097,28505
6,29608,165,0.0,3831,1097,28511
15,29623,165,0.0,3832,1097,28526
19,29642,166,1.0,3833,1097,28545
7,29649,166,0.0,3834,1097,28552
3,29652,166,0.0,3835,1097,28555
2,29654,166,0.0,3836,1097,28557
2,29656,166,0.0,3837,1097,28559
14,29670,166,0.0,3838,1097,28573
5,29675,166,0.0,3839,1097,28578
7,29682,166,0.0,3840,1097,28585
17,29699,166,0.0,3841,1097,28602
15,29714,166,0.0,3842,1097,28617
3,29717,166,0.0,3843,1097,28620
6,29723,166,0.0,3844,1097,28626
3,29726,166,0.0,3845,1097,28629
4,29730,166,0.0,3846,1097,28633
11,29741,166,0.0,3847,1097,28644
15,29756,167,1.0,3848,1097,28659
9,29765,168,1.0,3849,1097,28668
3,29768,168,0.0,3850,1097,28671
5,29773,168,0.0,3851,1097,28676
11,29784,168,0.0,3852,1097,28687
10,29794,168,0.0,3853,1097,28697
3,29797,168,0.0,3854,1097,28700
12,29809,168,0.0,3855,1097,28712
6,29815,168,0.0,3856,1097,28718
18,29833,168,0.0,3857,1097,28736
5,29838,168,0.0,3858,1097,28741
8,29846,168,0.0,3859,1097,28749
8,29854,168,0.0,3860,1097,28757
11,29865,168,0.0,3861,1097,28768
2,29867,168,0.0,3862,1097,28770
15,29882,168,0.0,3863,1097,28785
9,29891,168,0.0,3864,1097,28794
3,29894,168,0.0,3865,1097,28797
3,29897,168,0.0,3866,1097,28800
11,29908,168,0.0,3867,1097,28811
15,29923,168,0.0,3868,1097,28826
3,29926,168,0.0,3869,1097,28829
4,29930,168,0.0,3870,1097,28833
6,29936,168,0.0,3871,1097,28839
8,29944,168,0.0,3872,1097,28847
9,29953,168,0.0,3873,1097,28856
12,29965,168,0.0,3874,1097,28868
18,29983,168,0.0,3875,1097,28886
14,29997,168,0.0,3876,1097,28900
3,30000,168,0.0,3877,1097,28903
7,30007,168,0.0,3878,1097,28910
11,30018,169,1.0,3879,1097,28921
14,30032,169,0.0,3880,1097,28935
8,30040,169,0.0,3881,1097,28943
6,30046,169,0.0,3882,1097,28949
7,30053,169,0.0,3883,1097,28956
3,30056,169,0.0,3884,1097,28959
6,30062,169,0.0,3885,1097,28965
6,30068,169,0.0,3886,1097,28971
2,30070,169,0.0,3887,1097,28973
7,30077,169,0.0,3888,1097,28980
5,30082,169,0.0,3889,1097,28985
15,30097,169,0.0,3890,1097,29000
2,30099,169,0.0,3891,1097,29002
17,30116,169,0.0,3892,1097,29019
6,30122,169,0.0,3893,1097,29025
6,30128,169,0.0,3894,1097,29031
6,30134,169,0.0,3895,1097,29037
7,30141,169,0.0,3896,1097,29044
6,30147,169,0.0,3897,1097,29050
10,30157,169,0.0,3898,1097,29060
3,30160,169,0.0,3899,1097,29063
12,30172,169,0.0,3900,1097,29075
4,30176,169,0.0,3901,1097,29079
2,30178,169,0.0,3902,1097,29081
19,30197,169,0.0,3903,1097,29100
5,30202,169,0.0,3904,1097,29105
7,30209,169,0.0,3905,1097,29112
11,30220,170,1.0,3906,1097,29123
11,30231,170,0.0,3907,1097,29134
7,30238,170,0.0,3908,1097,29141
6,30244,170,0.0,3909,1097,29147
2,30246,170,0.0,3910,1097,29149
7,30253,170,0.0,3911,1097,29156
7,30260,170,0.0,3912,1097,29163
19,30279,170,0.0,3913,1097,29182
9,30288,170,0.0,3914,1097,29191
6,30294,170,0.0,3915,1097,29197
16,30310,170,0.0,3916,1097,29213
8,30318,170,0.0,3917,1097,29221
3,30321,170,0.0,3918,1097,29224
15,30336,170,0.0,3919,1097,29239
3,30339,170,0.0,3920,1097,29242
3,30342,170,0.0,3921,1097,29245
7,30349,170,0.0,3922,1097,29252
2,30351,170,0.0,3923,1097,29254
3,30354,170,0.0,3924,1097,29257
14,30368,170,0.0,3925,1097,29271
15,30383,170,0.0,3926,1097,29286
11,30394,170,0.0,3927,1097,29297
3,30397,170,0.0,3928,1097,29300
3,30400,170,0.0,3929,1097,29303
6,30406,170,0.0,3930,1097,29309
2,30408,170,0.0,3931,1097,29311
3,30411,170,0.0,3932,1097,29314
8,30419,170,0.0,3933,1097,29322
6,30425,170,0.0,3934,1097,29328
13,30438,170,0.0,3935,1097,29341
7,30445,170,0.0,3936,1097,29348
6,30451,170,0.0,3937,1097,29354
13,30464,170,0.0,3938,1097,29367
7,30471,170,0.0,3939,1097,29374
4,30475,170,0.0,3940,1097,29378
3,30478,170,0.0,3941,1097,29381
11,30489,170,0.0,3942,1097,29392
6,30495,170,0.0,3943,1097,29398
2,30497,170,0.0,3944,1097,29400
18,30515,170,0.0,3945,1097,29418
7,30522,170,0.0,3946,1097,29425
9,30531,170,0.0,3947,1097,29434
6,30537,170,0.0,3948,1097,29440
2,30539,170,0.0,3949,1097,29442
6,30545,170,0.0,3950,1097,29448
3,30548,170,0.0,3951,1097,29451
6,30554,170,0.0,3952,1097,29457
18,30572,170,0.0,3953,1097,29475
10,30582,170,0.0,3954,1097,29485
12,30594,170,0.0,3955,1097,29497
16,30610,170,0.0,3956,1097,29513
6,30616,170,0.0,3957,1097,29519
2,30618,170,0.0,3958,1097,29521
12,30630,170,0.0,3959,1097,29533
6,30636,170,0.0,3960,1097,29539
6,30642,170,0.0,3961,1097,29545
4,30646,170,0.0,3962,1097,29549
10,30656,170,0.0,3963,1097,29559
6,30662,170,0.0,3964,1097,29565
19,30681,171,1.0,3965,1097,29584
10,30691,171,0.0,3966,1097,29594
20,30711,171,0.0,3967,1097,29614
7,30718,171,0.0,3968,1097,29621
9,30727,171,0.0,3969,1097,29630
10,30737,171,0.0,3970,1097,29640
16,30753,171,0.0,3971,1097,29656
11,30764,172,1.0,3972,1097,29667
7,30771,172,0.0,3973,1097,29674
2,30773,172,0.0,3974,1097,29676
6,30779,172,0.0,3975,1097,29682
7,30786,172,0.0,3976,1097,29689
2,30788,172,0.0,3977,1097,29691
3,30791,172,0.0,3978,1097,29694
7,30798,172,0.0,3979,1097,29701
16,30814,172,0.0,3980,1097,29717
14,30828,172,0.0,3981,1097,29731
2,30830,172,0.0,3982,1097,29733
9,30839,172,0.0,3983,1097,29742
3,30842,172,0.0,3984,1097,29745
7,30849,172,0.0,3985,1097,29752
10,30859,172,0.0,3986,1097,29762
16,30875,172,0.0,3987,1097,29778
4,30879,172,0.0,3988,1097,29782
8,30887,172,0.0,3989,1097,29790
19,30906,173,1.0,3990,1097,29809
5,30911,173,0.0,3991,1097,29814
9,30920,173,0.0,3992,1097,29823
3,30923,173,0.0,3993,1097,29826
10,30933,173,0.0,3994,1097,29836
20,30953,173,0.0,3995,1097,29856
2,30955,173,0.0,3996,1097,29858
5,30960,173,0.0,3997,1097,29863
20,30980,173,0.0,3998,1097,29883
4,30984,173,0.0,3999,1097,29887
19,31003,174,1.0,4000,1097,29906
15,31018,174,0.0,4001,1097,29921
11,31029,175,1.0,4002,1097,29932
15,31044,175,0.0,4003,1097,29947
9,31053,175,0.0,4004,1097,29956
4,31057,175,0.0,4005,1097,29960
2,31059,175,0.0,4006,1097,29962
7,31066,175,0.0,4007,1097,29969
20,31086,175,0.0,4008,1097,29989
14,31100,175,0.0,4009,1097,30003
2,31102,175,0.0,4010,1097,30005
4,31106,175,0.0,4011,1097,30009
3,31109,175,0.0,4012,1097,30012
7,31116,175,0.0,4013,1097,30019
7,31123,175,0.0,4014,1097,30026
13,31136,175,0.0,4015,1097,30039
3,31139,175,0.0,4016,1097,30042
19,31158,176,1.0,4017,1097,30061
16,31174,176,0.0,4018,1097,30077
15,31189,176,0.0,4019,1097,30092
6,31195,176,0.0,4020,1097,30098
5,31200,176,0.0,4021,1097,30103
3,31203,176,0.0,4022,1097,30106
8,31211,176,0.0,4023,1097,30114
4,31215,176,0.0,4024,1097,30118
13,31228,176,0.0,4025,1097,30131
2,31230,176,0.0,4026,1097,30133
19,31249,176,0.0,4027,1097,30152
8,31257,176,0.0,4028,1097,30160
9,31266,176,0.0,4029,1097,30169
9,31275,176,0.0,4030,1097,30178
7,31282,176,0.0,4031,1097,30185
3,31285,176,0.0,4032,1097,30188
13,31298,176,0.0,4033,1097,30201
8,31306,176,0.0,4034,1097,30209
3,31309,176,0.0,4035,1097,30212
4,31313,176,0.0,4036,1097,30216
3,31316,176,0.0,4037,1097,30219
5,31321,176,0.0,4038,1097,30224
4,31325,176,0.0,4039,1097,30228
3,31328,176,0.0,4040,1097,30231
19,31347,177,1.0,4041,1097,30250
6,31353,177,0.0,4042,1097,30256
3,31356,177,0.0,4043,1097,30259
9,31365,177,0.0,4044,1097,30268
5,31370,177,0.0,4045,1097,30273
5,31375,177,0.0,4046,1097,30278
19,31394,178,1.0,4047,1097,30297
11,31405,178,0.0,4048,1097,30308
6,31411,178,0.0,4049,1097,30314
7,31418,178,0.0,4050,1097,30321
11,31429,178,0.0,4051,1097,30332
3,31432,178,0.0,4052,1097,30335
7,31439,178,0.0,4053,1097,30342
23,31462,178,0.0,4054,1097,30365
3,31465,178,0.0,4055,1097,30368
5,31470,178,0.0,4056,1097,30373
15,31485,179,1.0,4057,1097,30388
25,31510,179,0.0,4058,1097,30413
2,31512,179,0.0,4059,1097,30415
2,31514,179,0.0,4060,1097,30417
15,31529,179,0.0,4061,1097,30432
7,31536,179,0.0,4062,1097,30439
2,31538,179,0.0,4063,1097,30441
3,31541,179,0.0,4064,1097,30444
4,31545,179,0.0,4065,1097,30448
11,31556,179,0.0,4066,1097,30459
2,31558,179,0.0,4067,1097,30461
10,31568,179,0.0,4068,1097,30471
19,31587,179,0.0,4069,1097,30490
7,31594,179,0.0,4070,1097,30497
7,31601,179,0.0,4071,1097,30504
6,31607,179,0.0,4072,1097,30510
5,31612,179,0.0,4073,1097,30515
22,31634,180,1.0,4074,1097,30537
6,31640,180,0.0,4075,1097,30543
3,31643,180,0.0,4076,1097,30546
16,31659,180,0.0,4077,1097,30562
15,31674,180,0.0,4078,1097,30577
13,31687,180,0.0,4079,1097,30590
19,31706,181,1.0,4080,1097,30609
4,31710,181,0.0,4081,1097,30613
2,31712,181,0.0,4082,1097,30615
4,31716,181,0.0,4083,1097,30619
7,31723,181,0.0,4084,1097,30626
19,31742,182,1.0,4085,1097,30645
8,31750,182,0.0,4086,1097,30653
3,31753,182,0.0,4087,1097,30656
28,31781,182,0.0,4088,1097,30684
13,31794,182,0.0,4089,1097,30697
4,31798,182,0.0,4090,1097,30701
2,31800,182,0.0,4091,1097,30703
2,31802,182,0.0,4092,1097,30705
7,31809,182,0.0,4093,1097,30712
6,31815,182,0.0,4094,1097,30718
26,31841,182,0.0,4095,1097,30744
6,31847,182,0.0,4096,1097,30750
15,31862,183,1.0,4097,1097,30765
15,31877,183,0.0,4098,1097,30780
10,31887,183,0.0,4099,1097,30790
7,31894,183,0.0,4100,1097,30797
16,31910,183,0.0,4101,1097,30813
6,31916,183,0.0,4102,1097,30819
6,31922,183,0.0,4103,1097,30825
9,31931,183,0.0,4104,1097,30834
6,31937,183,0.0,4105,1097,30840
11,31948,183,0.0,4106,1097,30851
10,31958,183,0.0,4107,1097,30861
5,31963,183,0.0,4108,1097,30866
3,31966,183,0.0,4109,1097,30869
7,31973,183,0.0,4110,1097,30876
7,31980,183,0.0,4111,1097,30883
8,31988,183,0.0,4112,1097,30891
3,31991,183,0.0,4113,1097,30894
7,31998,183,0.0,4114,1097,30901
13,32011,183,0.0,4115,1097,30914
7,32018,183,0.0,4116,1097,30921
7,32025,183,0.0,4117,1097,30928
19,32044,184,1.0,4118,1097,30947
9,32053,184,0.0,4119,1097,30956
2,32055,184,0.0,4120,1097,30958
11,32066,185,1.0,4121,1097,30969
6,32072,185,0.0,4122,1097,30975
16,32088,185,0.0,4123,1097,30991
2,32090,185,0.0,4124,1097,30993
12,32102,185,0.0,4125,1097,31005
19,32121,186,1.0,4126,1097,31024
5,32126,186,0.0,4127,1097,31029
2,32128,186,0.0,4128,1097,31031
3,32131,186,0.0,4129,1097,31034
6,32137,186,0.0,4130,1097,31040
2,32139,186,0.0,4131,1097,31042
17,32156,186,0.0,4132,1097,31059
8,32164,186,0.0,4133,1097,31067
8,32172,186,0.0,4134,1097,31075
11,32183,186,0.0,4135,1097,31086
6,32189,186,0.0,4136,1097,31092
4,32193,186,0.0,4137,1097,31096
7,32200,186,0.0,4138,1097,31103
6,32206,186,0.0,4139,1097,31109
10,32216,186,0.0,4140,1097,31119
4,32220,186,0.0,4141,1097,31123
6,32226,186,0.0,4142,1097,31129
31,32257,186,0.0,4143,1097,31160
7,32264,186,0.0,4144,1097,31167
6,32270,186,0.0,4145,1097,31173
9,32279,186,0.0,4146,1097,31182
5,32284,186,0.0,4147,1097,31187
3,32287,186,0.0,4148,1097,31190
2,32289,186,0.0,4149,1097,31192
3,32292,186,0.0,4150,1097,31195
7,32299,186,0.0,4151,1097,31202
10,32309,186,0.0,4152,1097,31212
7,32316,186,0.0,4153,1097,31219
7,32323,186,0.0,4154,1097,31226
13,32336,186,0.0,4155,1097,31239
2,32338,186,0.0,4156,1097,31241
7,32345,186,0.0,4157,1097,31248
2,32347,186,0.0,4158,1097,31250
11,32358,187,1.0,4159,1097,31261
6,32364,187,0.0,4160,1097,31267
5,32369,187,0.0,4161,1097,31272
7,32376,187,0.0,4162,1097,31279
8,32384,187,0.0,4163,1097,31287
6,32390,187,0.0,4164,1097,31293
4,32394,187,0.0,4165,1097,31297
2,32396,187,0.0,4166,1097,31299
12,32408,187,0.0,4167,1097,31311
16,32424,187,0.0,4168,1097,31327
6,32430,187,0.0,4169,1097,31333
11,32441,187,0.0,4170,1097,31344
3,32444,187,0.0,4171,1097,31347
19,32463,188,1.0,4172,1097,31366
6,32469,188,0.0,4173,1097,31372
3,32472,188,0.0,4174,1097,31375
19,32491,189,1.0,4175,1097,31394
19,32510,190,1.0,4176,1097,31413
19,32529,191,1.0,4177,1097,31432
10,32539,191,0.0,4178,1097,31442
3,32542,191,0.0,4179,1097,31445
5,32547,191,0.0,4180,1097,31450
5,32552,191,0.0,4181,1097,31455
5,32557,191,0.0,4182,1097,31460
19,32576,192,1.0,4183,1097,31479
2,32578,192,0.0,4184,1097,31481
20,32598,192,0.0,4185,1097,31501
14,32612,192,0.0,4186,1097,31515
16,32628,192,0.0,4187,1097,31531
5,32633,192,0.0,4188,1097,31536
6,32639,192,0.0,4189,1097,31542
14,32653,192,0.0,4190,1097,31556
14,32667,192,0.0,4191,1097,31570
6,32673,192,0.0,4192,1097,31576
5,32678,192,0.0,4193,1097,31581
6,32684,192,0.0,4194,1097,31587
3,32687,192,0.0,4195,1097,31590
2,32689,192,0.0,4196,1097,31592
4,32693,192,0.0,4197,1097,31596
2,32695,192,0.0,4198,1097,31598
3,32698,192,0.0,4199,1097,31601
10,32708,192,0.0,4200,1097,31611
2,32710,192,0.0,4201,1097,31613
19,32729,193,1.0,4202,1097,31632
12,32741,193,0.0,4203,1097,31644
4,32745,193,0.0,4204,1097,31648
7,32752,193,0.0,4205,1097,31655
3,32755,193,0.0,4206,1097,31658
9,32764,193,0.0,4207,1097,31667
7,32771,193,0.0,4208,1097,31674
2,32773,193,0.0,4209,1097,31676
18,32791,193,0.0,4210,1097,31694
4,32795,193,0.0,4211,1097,31698
6,32801,193,0.0,4212,1097,31704
2,32803,193,0.0,4213,1097,31706
7,32810,193,0.0,4214,1097,31713
6,32816,193,0.0,4215,1097,31719
12,32828,193,0.0,4216,1097,31731
2,32830,193,0.0,4217,1097,31733
2,32832,193,0.0,4218,1097,31735
7,32839,193,0.0,4219,1097,31742
13,32852,193,0.0,4220,1097,31755
3,32855,193,0.0,4221,1097,31758
2,32857,193,0.0,4222,1097,31760
11,32868,193,0.0,4223,1097,31771
6,32874,193,0.0,4224,1097,31777
4,32878,193,0.0,4225,1097,31781
10,32888,193,0.0,4226,1097,31791
10,32898,193,0.0,4227,1097,31801
2,32900,193,0.0,4228,1097,31803
4,32904,193,0.0,4229,1097,31807
4,32908,193,0.0,4230,1097,31811
3,32911,193,0.0,4231,1097,31814
3,32914,193,0.0,4232,1097,31817
7,32921,193,0.0,4233,1097,31824
45,32966,193,0.0,4234,1097,31869
2,32968,193,0.0,4235,1097,31871
19,32987,194,1.0,4236,1097,31890
5,32992,194,0.0,4237,1097,31895
6,32998,194,0.0,4238,1097,31901
13,33011,194,0.0,4239,1097,31914
6,33017,194,0.0,4240,1097,31920
4,33021,194,0.0,4241,1097,31924
10,33031,194,0.0,4242,1097,31934
7,33038,194,0.0,4243,1097,31941
5,33043,194,0.0,4244,1097,31946
3,33046,194,0.0,4245,1097,31949
13,33059,194,0.0,4246,1097,31962
13,33072,194,0.0,4247,1097,31975
4,33076,194,0.0,4248,1097,31979
13,33089,194,0.0,4249,1097,31992
2,33091,194,0.0,4250,1097,31994
4,33095,194,0.0,4251,1097,31998
6,33101,194,0.0,4252,1097,32004
3,33104,194,0.0,4253,1097,32007
17,33121,194,0.0,4254,1097,32024
16,33137,194,0.0,4255,1097,32040
5,33142,194,0.0,4256,1097,32045
2,33144,194,0.0,4257,1097,32047
2,33146,194,0.0,4258,1097,32049
4,33150,194,0.0,4259,1097,32053
4,33154,194,0.0,4260,1097,32057
3,33157,194,0.0,4261,1097,32060
7,33164,194,0.0,4262,1097,32067
19,33183,195,1.0,4263,1097,32086
9,33192,195,0.0,4264,1097,32095
2,33194,195,0.0,4265,1097,32097
8,33202,195,0.0,4266,1097,32105
16,33218,195,0.0,4267,1097,32121
6,33224,195,0.0,4268,1097,32127
6,33230,195,0.0,4269,1097,32133
26,33256,195,0.0,4270,1097,32159
11,33267,195,0.0,4271,1097,32170
6,33273,195,0.0,4272,1097,32176
2,33275,195,0.0,4273,1097,32178
6,33281,195,0.0,4274,1097,32184
4,33285,195,0.0,4275,1097,32188
6,33291,195,0.0,4276,1097,32194
11,33302,195,0.0,4277,1097,32205
6,33308,195,0.0,4278,1097,32211
6,33314,195,0.0,4279,1097,32217
7,33321,195,0.0,4280,1097,32224
6,33327,195,0.0,4281,1097,32230
4,33331,195,0.0,4282,1097,32234
16,33347,195,0.0,4283,1097,32250
7,33354,195,0.0,4284,1097,32257
7,33361,195,0.0,4285,1097,32264
8,33369,195,0.0,4286,1097,32272
19,33388,196,1.0,4287,1097,32291
15,33403,196,0.0,4288,1097,32306
2,33405,196,0.0,4289,1097,32308
9,33414,196,0.0,4290,1097,32317
4,33418,196,0.0,4291,1097,32321
6,33424,196,0.0,4292,1097,32327
2,33426,196,0.0,4293,1097,32329
24,33450,196,0.0,4294,1097,32353
6,33456,196,0.0,4295,1097,32359
11,33467,196,0.0,4296,1097,32370
2,33469,196,0.0,4297,1097,32372
2,33471,196,0.0,4298,1097,32374
5,33476,196,0.0,4299,1097,32379
9,33485,196,0.0,4300,1097,32388
2,33487,196,0.0,4301,1097,32390
4,33491,196,0.0,4302,1097,32394
13,33504,196,0.0,4303,1097,32407
3,33507,196,0.0,4304,1097,32410
9,33516,196,0.0,4305,1097,32419
4,33520,196,0.0,4306,1097,32423
2,33522,196,0.0,4307,1097,32425
19,33541,197,1.0,4308,1097,32444
9,33550,197,0.0,4309,1097,32453
15,33565,197,0.0,4310,1097,32468
2,33567,197,0.0,4311,1097,32470
18,33585,197,0.0,4312,1097,32488
6,33591,197,0.0,4313,1097,32494
2,33593,197,0.0,4314,1097,32496
16,33609,197,0.0,4315,1097,32512
10,33619,197,0.0,4316,1097,32522
10,33629,197,0.0,4317,1097,32532
2,33631,197,0.0,4318,1097,32534
10,33641,197,0.0,4319,1097,32544
19,33660,198,1.0,4320,1097,32563
16,33676,198,0.0,4321,1097,32579
4,33680,198,0.0,4322,1097,32583
7,33687,198,0.0,4323,1097,32590
7,33694,198,0.0,4324,1097,32597
4,33698,198,0.0,4325,1097,32601
19,33717,199,1.0,4326,1097,32620
10,33727,199,0.0,4327,1097,32630
6,33733,199,0.0,4328,1097,32636
19,33752,200,1.0,4329,1097,32655
2,33754,200,0.0,4330,1097,32657
5,33759,200,0.0,4331,1097,32662
4,33763,200,0.0,4332,1097,32666
13,33776,200,0.0,4333,1097,32679
8,33784,200,0.0,4334,1097,32687
6,33790,200,0.0,4335,1097,32693
3,33793,200,0.0,4336,1097,32696
2,33795,200,0.0,4337,1097,32698
4,33799,200,0.0,4338,1097,32702
7,33806,200,0.0,4339,1097,32709
9,33815,200,0.0,4340,1097,32718
7,33822,200,0.0,4341,1097,32725
2,33824,200,0.0,4342,1097,32727
7,33831,200,0.0,4343,1097,32734
3,33834,200,0.0,4344,1097,32737
4,33838,200,0.0,4345,1097,32741
3,33841,200,0.0,4346,1097,32744
19,33860,201,1.0,4347,1097,32763
7,33867,201,0.0,4348,1097,32770
5,33872,201,0.0,4349,1097,32775
4,33876,201,0.0,4350,1097,32779
7,33883,201,0.0,4351,1097,32786
7,33890,201,0.0,4352,1097,32793
5,33895,201,0.0,4353,1097,32798
19,33914,201,0.0,4354,1097,32817
3,33917,201,0.0,4355,1097,32820
8,33925,201,0.0,4356,1097,32828
6,33931,201,0.0,4357,1097,32834
2,33933,201,0.0,4358,1097,32836
13,33946,201,0.0,4359,1097,32849
2,33948,201,0.0,4360,1097,32851
7,33955,201,0.0,4361,1097,32858
2,33957,201,0.0,4362,1097,32860
19,33976,202,1.0,4363,1097,32879
5,33981,202,0.0,4364,1097,32884
6,33987,202,0.0,4365,1097,32890
2,33989,202,0.0,4366,1097,32892
14,34003,202,0.0,4367,1097,32906
6,34009,202,0.0,4368,1097,32912
10,34019,202,0.0,4369,1097,32922
15,34034,202,0.0,4370,1097,32937
2,34036,202,0.0,4371,1097,32939
7,34043,202,0.0,4372,1097,32946
10,34053,202,0.0,4373,1097,32956
30,34083,202,0.0,4374,1097,32986
20,34103,202,0.0,4375,1097,33006
3,34106,202,0.0,4376,1097,33009
2,34108,202,0.0,4377,1097,33011
7,34115,202,0.0,4378,1097,33018
6,34121,202,0.0,4379,1097,33024
15,34136,202,0.0,4380,1097,33039
3,34139,202,0.0,4381,1097,33042
8,34147,202,0.0,4382,1097,33050
3,34150,202,0.0,4383,1097,33053
3,34153,202,0.0,4384,1097,33056
4,34157,202,0.0,4385,1097,33060
10,34167,202,0.0,4386,1097,33070
6,34173,202,0.0,4387,1097,33076
7,34180,202,0.0,4388,1097,33083
3,34183,202,0.0,4389,1097,33086
3,34186,202,0.0,4390,1097,33089
4,34190,202,0.0,4391,1097,33093
17,34207,202,0.0,4392,1097,33110
7,34214,202,0.0,4393,1097,33117
6,34220,202,0.0,4394,1097,33123
3,34223,202,0.0,4395,1097,33126
12,34235,202,0.0,4396,1097,33138
8,34243,202,0.0,4397,1097,33146
9,34252,202,0.0,4398,1097,33155
7,34259,202,0.0,4399,1097,33162
10,34269,202,0.0,4400,1097,33172
3,34272,202,0.0,4401,1097,33175
33,34305,203,1.0,4402,1097,33208
14,34319,203,0.0,4403,1097,33222
8,34327,203,0.0,4404,1097,33230
2,34329,203,0.0,4405,1097,33232
18,34347,203,0.0,4406,1097,33250
5,34352,203,0.0,4407,1097,33255
8,34360,203,0.0,4408,1097,33263
7,34367,203,0.0,4409,1097,33270
7,34374,203,0.0,4410,1097,33277
7,34381,203,0.0,4411,1097,33284
3,34384,203,0.0,4412,1097,33287
4,34388,203,0.0,4413,1097,33291
5,34393,203,0.0,4414,1097,33296
2,34395,203,0.0,4415,1097,33298
9,34404,203,0.0,4416,1097,33307
2,34406,203,0.0,4417,1097,33309
6,34412,203,0.0,4418,1097,33315
6,34418,203,0.0,4419,1097,33321
6,34424,203,0.0,4420,1097,33327
15,34439,203,0.0,4421,1097,33342
2,34441,203,0.0,4422,1097,33344
5,34446,203,0.0,4423,1097,33349
4,34450,203,0.0,4424,1097,33353
2,34452,203,0.0,4425,1097,33355
11,34463,203,0.0,4426,1097,33366
3,34466,203,0.0,4427,1097,33369
19,34485,204,1.0,4428,1097,33388
3,34488,204,0.0,4429,1097,33391
16,34504,204,0.0,4430,1097,33407
15,34519,204,0.0,4431,1097,33422
14,34533,204,0.0,4432,1097,33436
7,34540,204,0.0,4433,1097,33443
10,34550,204,0.0,4434,1097,33453
17,34567,204,0.0,4435,1097,33470
3,34570,204,0.0,4436,1097,33473
6,34576,204,0.0,4437,1097,33479
6,34582,204,0.0,4438,1097,33485
11,34593,204,0.0,4439,1097,33496
2,34595,204,0.0,4440,1097,33498
9,34604,204,0.0,4441,1097,33507
3,34607,204,0.0,4442,1097,33510
5,34612,204,0.0,4443,1097,33515
3,34615,204,0.0,4444,1097,33518
29,34644,204,0.0,4445,1097,33547
3,34647,204,0.0,4446,1097,33550
4,34651,204,0.0,4447,1097,33554
4,34655,204,0.0,4448,1097,33558
7,34662,204,0.0,4449,1097,33565
4,34666,204,0.0,4450,1097,33569
9,34675,204,0.0,4451,1097,33578
5,34680,204,0.0,4452,1097,33583
19,34699,205,1.0,4453,1097,33602
7,34706,205,0.0,4454,1097,33609
7,34713,205,0.0,4455,1097,33616
15,34728,206,1.0,4456,1097,33631
2,34730,206,0.0,4457,1097,33633
6,34736,206,0.0,4458,1097,33639
6,34742,206,0.0,4459,1097,33645
16,34758,206,0.0,4460,1097,33661
7,34765,206,0.0,4461,1097,33668
10,34775,206,0.0,4462,1097,33678
7,34782,206,0.0,4463,1097,33685
6,34788,206,0.0,4464,1097,33691
4,34792,206,0.0,4465,1097,33695
6,34798,206,0.0,4466,1097,33701
10,34808,206,0.0,4467,1097,33711
6,34814,206,0.0,4468,1097,33717
4,34818,206,0.0,4469,1097,33721
7,34825,206,0.0,4470,1097,33728
8,34833,206,0.0,4471,1097,33736
6,34839,206,0.0,4472,1097,33742
16,34855,206,0.0,4473,1097,33758
3,34858,206,0.0,4474,1097,33761
16,34874,206,0.0,4475,1097,33777
5,34879,206,0.0,4476,1097,33782
9,34888,206,0.0,4477,1097,33791
6,34894,206,0.0,4478,1097,33797
9,34903,206,0.0,4479,1097,33806
13,34916,206,0.0,4480,1097,33819
6,34922,206,0.0,4481,1097,33825
8,34930,206,0.0,4482,1097,33833
4,34934,206,0.0,4483,1097,33837
6,34940,206,0.0,4484,1097,33843
5,34945,206,0.0,4485,1097,33848
2,34947,206,0.0,4486,1097,33850
13,34960,206,0.0,4487,1097,33863
10,34970,206,0.0,4488,1097,33873
3,34973,206,0.0,4489,1097,33876
5,34978,206,0.0,4490,1097,33881
2,34980,206,0.0,4491,1097,33883
9,34989,206,0.0,4492,1097,33892
3,34992,206,0.0,4493,1097,33895
7,34999,206,0.0,4494,1097,33902
16,35015,206,0.0,4495,1097,33918
9,35024,206,0.0,4496,1097,33927
6,35030,206,0.0,4497,1097,33933
5,35035,206,0.0,4498,1097,33938
5,35040,206,0.0,4499,1097,33943
2,35042,206,0.0,4500,1097,33945
15,35057,206,0.0,4501,1097,33960
9,35066,206,0.0,4502,1097,33969
6,35072,206,0.0,4503,1097,33975
6,35078,206,0.0,4504,1097,33981
12,35090,206,0.0,4505,1097,33993
13,35103,206,0.0,4506,1097,34006
3,35106,206,0.0,4507,1097,34009
3,35109,206,0.0,4508,1097,34012
3,35112,206,0.0,4509,1097,34015
15,35127,206,0.0,4510,1097,34030
9,35136,206,0.0,4511,1097,34039
5,35141,206,0.0,4512,1097,34044
13,35154,206,0.0,4513,1097,34057
8,35162,206,0.0,4514,1097,34065
5,35167,206,0.0,4515,1097,34070
5,35172,206,0.0,4516,1097,34075
7,35179,206,0.0,4517,1097,34082
3,35182,206,0.0,4518,1097,34085
2,35184,206,0.0,4519,1097,34087
5,35189,206,0.0,4520,1097,34092
4,35193,206,0.0,4521,1097,34096
14,35207,206,0.0,4522,1097,34110
7,35214,206,0.0,4523,1097,34117
7,35221,206,0.0,4524,1097,34124
12,35233,206,0.0,4525,1097,34136
12,35245,206,0.0,4526,1097,34148
4,35249,206,0.0,4527,1097,34152
2,35251,206,0.0,4528,1097,34154
10,35261,206,0.0,4529,1097,34164
6,35267,206,0.0,4530,1097,34170
6,35273,206,0.0,4531,1097,34176
10,35283,206,0.0,4532,1097,34186
19,35302,206,0.0,4533,1097,34205
6,35308,206,0.0,4534,1097,34211
10,35318,206,0.0,4535,1097,34221
6,35324,206,0.0,4536,1097,34227
12,35336,206,0.0,4537,1097,34239
6,35342,206,0.0,4538,1097,34245
5,35347,206,0.0,4539,1097,34250
4,35351,206,0.0,4540,1097,34254
19,35370,207,1.0,4541,1097,34273
7,35377,207,0.0,4542,1097,34280
5,35382,207,0.0,4543,1097,34285
2,35384,207,0.0,4544,1097,34287
7,35391,207,0.0,4545,1097,34294
17,35408,207,0.0,4546,1097,34311
2,35410,207,0.0,4547,1097,34313
4,35414,207,0.0,4548,1097,34317
7,35421,207,0.0,4549,1097,34324
13,35434,207,0.0,4550,1097,34337
12,35446,207,0.0,4551,1097,34349
7,35453,207,0.0,4552,1097,34356
17,35470,207,0.0,4553,1097,34373
3,35473,207,0.0,4554,1097,34376
9,35482,207,0.0,4555,1097,34385
5,35487,207,0.0,4556,1097,34390
9,35496,207,0.0,4557,1097,34399
5,35501,207,0.0,4558,1097,34404
3,35504,207,0.0,4559,1097,34407
3,35507,207,0.0,4560,1097,34410
16,35523,207,0.0,4561,1097,34426
12,35535,207,0.0,4562,1097,34438
13,35548,207,0.0,4563,1097,34451
4,35552,207,0.0,4564,1097,34455
11,35563,207,0.0,4565,1097,34466
8,35571,207,0.0,4566,1097,34474
2,35573,207,0.0,4567,1097,34476
11,35584,207,0.0,4568,1097,34487
2,35586,207,0.0,4569,1097,34489
2,35588,207,0.0,4570,1097,34491
2,35590,207,0.0,4571,1097,34493
10,35600,207,0.0,4572,1097,34503
12,35612,207,0.0,4573,1097,34515
3,35615,207,0.0,4574,1097,34518
14,35629,207,0.0,4575,1097,34532
7,35636,207,0.0,4576,1097,34539
2,35638,207,0.0,4577,1097,34541
5,35643,207,0.0,4578,1097,34546
3,35646,207,0.0,4579,1097,34549
7,35653,207,0.0,4580,1097,34556
5,35658,207,0.0,4581,1097,34561
5,35663,207,0.0,4582,1097,34566
6,35669,207,0.0,4583,1097,34572
2,35671,207,0.0,4584,1097,34574
2,35673,207,0.0,4585,1097,34576
7,35680,207,0.0,4586,1097,34583
13,35693,207,0.0,4587,1097,34596
3,35696,207,0.0,4588,1097,34599
5,35701,207,0.0,4589,1097,34604
3,35704,207,0.0,4590,1097,34607
14,35718,207,0.0,4591,1097,34621
7,35725,207,0.0,4592,1097,34628
13,35738,207,0.0,4593,1097,34641
7,35745,207,0.0,4594,1097,34648
3,35748,207,0.0,4595,1097,34651
3,35751,207,0.0,4596,1097,34654
5,35756,207,0.0,4597,1097,34659
10,35766,207,0.0,4598,1097,34669
2,35768,207,0.0,4599,1097,34671
6,35774,207,0.0,4600,1097,34677
3,35777,207,0.0,4601,1097,34680
4,35781,207,0.0,4602,1097,34684
13,35794,207,0.0,4603,1097,34697
5,35799,207,0.0,4604,1097,34702
3,35802,207,0.0,4605,1097,34705
7,35809,207,0.0,4606,1097,34712
5,35814,207,0.0,4607,1097,34717
5,35819,207,0.0,4608,1097,34722
4,35823,207,0.0,4609,1097,34726
13,35836,207,0.0,4610,1097,34739
3,35839,207,0.0,4611,1097,34742
3,35842,207,0.0,4612,1097,34745
7,35849,207,0.0,4613,1097,34752
6,35855,207,0.0,4614,1097,34758
13,35868,207,0.0,4615,1097,34771
13,35881,207,0.0,4616,1097,34784
3,35884,207,0.0,4617,1097,34787
9,35893,207,0.0,4618,1097,34796
22,35915,208,1.0,4619,1097,34818
12,35927,208,0.0,4620,1097,34830
5,35932,208,0.0,4621,1097,34835
6,35938,208,0.0,4622,1097,34841
6,35944,208,0.0,4623,1097,34847
4,35948,208,0.0,4624,1097,34851
7,35955,208,0.0,4625,1097,34858
6,35961,208,0.0,4626,1097,34864
2,35963,208,0.0,4627,1097,34866
5,35968,208,0.0,4628,1097,34871
7,35975,208,0.0,4629,1097,34878
9,35984,208,0.0,4630,1097,34887
2,35986,208,0.0,4631,1097,34889
6,35992,208,0.0,4632,1097,34895
3,35995,208,0.0,4633,1097,34898
10,36005,208,0.0,4634,1097,34908
5,36010,208,0.0,4635,1097,34913
2,36012,208,0.0,4636,1097,34915
19,36031,209,1.0,4637,1097,34934
7,36038,209,0.0,4638,1097,34941
23,36061,209,0.0,4639,1097,34964
3,36064,209,0.0,4640,1097,34967
5,36069,209,0.0,4641,1097,34972
6,36075,209,0.0,4642,1097,34978
6,36081,209,0.0,4643,1097,34984
29,36110,209,0.0,4644,1097,35013
21,36131,209,0.0,4645,1097,35034
10,36141,209,0.0,4646,1097,35044
5,36146,209,0.0,4647,1097,35049
3,36149,209,0.0,4648,1097,35052
18,36167,209,0.0,4649,1097,35070
7,36174,209,0.0,4650,1097,35077
3,36177,209,0.0,4651,1097,35080
3,36180,209,0.0,4652,1097,35083
12,36192,209,0.0,4653,1097,35095
7,36199,209,0.0,4654,1097,35102
16,36215,209,0.0,4655,1097,35118
29,36244,209,0.0,4656,1097,35147
12,36256,209,0.0,4657,1097,35159
17,36273,209,0.0,4658,1097,35176
22,36295,209,0.0,4659,1097,35198
14,36309,209,0.0,4660,1097,35212
7,36316,209,0.0,4661,1097,35219
9,36325,209,0.0,4662,1097,35228
6,36331,209,0.0,4663,1097,35234
3,36334,209,0.0,4664,1097,35237
2,36336,209,0.0,4665,1097,35239
5,36341,209,0.0,4666,1097,35244
11,36352,209,0.0,4667,1097,35255
6,36358,209,0.0,4668,1097,35261
8,36366,209,0.0,4669,1097,35269
2,36368,209,0.0,4670,1097,35271
19,36387,210,1.0,4671,1097,35290
2,36389,210,0.0,4672,1097,35292
4,36393,210,0.0,4673,1097,35296
4,36397,210,0.0,4674,1097,35300
5,36402,210,0.0,4675,1097,35305
10,36412,210,0.0,4676,1097,35315
8,36420,210,0.0,4677,1097,35323
6,36426,210,0.0,4678,1097,35329
6,36432,210,0.0,4679,1097,35335
7,36439,210,0.0,4680,1097,35342
23,36462,210,0.0,4681,1097,35365
10,36472,210,0.0,4682,1097,35375
3,36475,210,0.0,4683,1097,35378
11,36486,210,0.0,4684,1097,35389
6,36492,210,0.0,4685,1097,35395
14,36506,210,0.0,4686,1097,35409
3,36509,210,0.0,4687,1097,35412
11,36520,210,0.0,4688,1097,35423
7,36527,210,0.0,4689,1097,35430
4,36531,210,0.0,4690,1097,35434
18,36549,210,0.0,4691,1097,35452
9,36558,210,0.0,4692,1097,35461
15,36573,210,0.0,4693,1097,35476
6,36579,210,0.0,4694,1097,35482
8,36587,210,0.0,4695,1097,35490
9,36596,210,0.0,4696,1097,35499
9,36605,210,0.0,4697,1097,35508
18,36623,210,0.0,4698,1097,35526
10,36633,210,0.0,4699,1097,35536
7,36640,210,0.0,4700,1097,35543
6,36646,210,0.0,4701,1097,35549
12,36658,210,0.0,4702,1097,35561
13,36671,210,0.0,4703,1097,35574
2,36673,210,0.0,4704,1097,35576
5,36678,210,0.0,4705,1097,35581
9,36687,210,0.0,4706,1097,35590
3,36690,210,0.0,4707,1097,35593
9,36699,210,0.0,4708,1097,35602
17,36716,210,0.0,4709,1097,35619
11,36727,210,0.0,4710,1097,35630
3,36730,210,0.0,4711,1097,35633
2,36732,210,0.0,4712,1097,35635
10,36742,210,0.0,4713,1097,35645
6,36748,210,0.0,4714,1097,35651
9,36757,210,0.0,4715,1097,35660
6,36763,210,0.0,4716,1097,35666
2,36765,210,0.0,4717,1097,35668
14,36779,210,0.0,4718,1097,35682
13,36792,210,0.0,4719,1097,35695
13,36805,210,0.0,4720,1097,35708
8,36813,210,0.0,4721,1097,35716
3,36816,210,0.0,4722,1097,35719
2,36818,210,0.0,4723,1097,35721
7,36825,210,0.0,4724,1097,35728
6,36831,210,0.0,4725,1097,35734
5,36836,210,0.0,4726,1097,35739
2,36838,210,0.0,4727,1097,35741
12,36850,210,0.0,4728,1097,35753
6,36856,210,0.0,4729,1097,35759
7,36863,210,0.0,4730,1097,35766
7,36870,210,0.0,4731,1097,35773
10,36880,210,0.0,4732,1097,35783
2,36882,210,0.0,4733,1097,35785
7,36889,210,0.0,4734,1097,35792
6,36895,210,0.0,4735,1097,35798
7,36902,210,0.0,4736,1097,35805
7,36909,210,0.0,4737,1097,35812
3,36912,210,0.0,4738,1097,35815
11,36923,210,0.0,4739,1097,35826
8,36931,210,0.0,4740,1097,35834
8,36939,210,0.0,4741,1097,35842
7,36946,210,0.0,4742,1097,35849
4,36950,210,0.0,4743,1097,35853
10,36960,210,0.0,4744,1097,35863
3,36963,210,0.0,4745,1097,35866
11,36974,210,0.0,4746,1097,35877
2,36976,210,0.0,4747,1097,35879
7,36983,210,0.0,4748,1097,35886
8,36991,210,0.0,4749,1097,35894
11,37002,210,0.0,4750,1097,35905
12,37014,210,0.0,4751,1097,35917
18,37032,210,0.0,4752,1097,35935
9,37041,210,0.0,4753,1097,35944
3,37044,210,0.0,4754,1097,35947
3,37047,210,0.0,4755,1097,35950
11,37058,211,1.0,4756,1097,35961
3,37061,211,0.0,4757,1097,35964
11,37072,212,1.0,4758,1097,35975
5,37077,212,0.0,4759,1097,35980
13,37090,212,0.0,4760,1097,35993
2,37092,212,0.0,4761,1097,35995
6,37098,212,0.0,4762,1097,36001
5,37103,212,0.0,4763,1097,36006
6,37109,212,0.0,4764,1097,36012
3,37112,212,0.0,4765,1097,36015
24,37136,212,0.0,4766,1097,36039
9,37145,213,1.0,4767,1097,36048
20,37165,213,0.0,4768,1097,36068
8,37173,213,0.0,4769,1097,36076
5,37178,213,0.0,4770,1097,36081
2,37180,213,0.0,4771,1097,36083
10,37190,213,0.0,4772,1097,36093
9,37199,213,0.0,4773,1097,36102
9,37208,213,0.0,4774,1097,36111
12,37220,213,0.0,4775,1097,36123
22,37242,213,0.0,4776,1097,36145
3,37245,213,0.0,4777,1097,36148
8,37253,213,0.0,4778,1097,36156
10,37263,213,0.0,4779,1097,36166
3,37266,213,0.0,4780,1097,36169
3,37269,213,0.0,4781,1097,36172
16,37285,213,0.0,4782,1097,36188
3,37288,213,0.0,4783,1097,36191
6,37294,213,0.0,4784,1097,36197
15,37309,213,0.0,4785,1097,36212
7,37316,213,0.0,4786,1097,36219
9,37325,213,0.0,4787,1097,36228
19,37344,214,1.0,4788,1097,36247
2,37346,214,0.0,4789,1097,36249
7,37353,214,0.0,4790,1097,36256
3,37356,214,0.0,4791,1097,36259
19,37375,215,1.0,4792,1097,36278
9,37384,215,0.0,4793,1097,36287
5,37389,215,0.0,4794,1097,36292
5,37394,215,0.0,4795,1097,36297
4,37398,215,0.0,4796,1097,36301
4,37402,215,0.0,4797,1097,36305
2,37404,215,0.0,4798,1097,36307
12,37416,215,0.0,4799,1097,36319
6,37422,215,0.0,4800,1097,36325
3,37425,215,0.0,4801,1097,36328
9,37434,215,0.0,4802,1097,36337
7,37441,215,0.0,4803,1097,36344
7,37448,215,0.0,4804,1097,36351
4,37452,215,0.0,4805,1097,36355
7,37459,215,0.0,4806,1097,36362
3,37462,215,0.0,4807,1097,36365
2,37464,215,0.0,4808,1097,36367
5,37469,215,0.0,4809,1097,36372
5,37474,215,0.0,4810,1097,36377
4,37478,215,0.0,4811,1097,36381
12,37490,215,0.0,4812,1097,36393
14,37504,215,0.0,4813,1097,36407
3,37507,215,0.0,4814,1097,36410
4,37511,215,0.0,4815,1097,36414
7,37518,215,0.0,4816,1097,36421
2,37520,215,0.0,4817,1097,36423
10,37530,215,0.0,4818,1097,36433
19,37549,216,1.0,4819,1097,36452
6,37555,216,0.0,4820,1097,36458
6,37561,216,0.0,4821,1097,36464
5,37566,216,0.0,4822,1097,36469
10,37576,216,0.0,4823,1097,36479
6,37582,216,0.0,4824,1097,36485
12,37594,216,0.0,4825,1097,36497
2,37596,216,0.0,4826,1097,36499
6,37602,216,0.0,4827,1097,36505
9,37611,216,0.0,4828,1097,36514
10,37621,216,0.0,4829,1097,36524
3,37624,216,0.0,4830,1097,36527
3,37627,216,0.0,4831,1097,36530
3,37630,216,0.0,4832,1097,36533
5,37635,216,0.0,4833,1097,36538
4,37639,216,0.0,4834,1097,36542
7,37646,216,0.0,4835,1097,36549
5,37651,216,0.0,4836,1097,36554
19,37670,217,1.0,4837,1097,36573
4,37674,217,0.0,4838,1097,36577
3,37677,217,0.0,4839,1097,36580
7,37684,217,0.0,4840,1097,36587
9,37693,217,0.0,4841,1097,36596
11,37704,217,0.0,4842,1097,36607
11,37715,217,0.0,4843,1097,36618
5,37720,217,0.0,4844,1097,36623
11,37731,218,1.0,4845,1097,36634
3,37734,218,0.0,4846,1097,36637
4,37738,218,0.0,4847,1097,36641
14,37752,218,0.0,4848,1097,36655
17,37769,218,0.0,4849,1097,36672
5,37774,218,0.0,4850,1097,36677
7,37781,218,0.0,4851,1097,36684
10,37791,218,0.0,4852,1097,36694
4,37795,218,0.0,4853,1097,36698
7,37802,218,0.0,4854,1097,36705
3,37805,218,0.0,4855,1097,36708
6,37811,218,0.0,4856,1097,36714
18,37829,218,0.0,4857,1097,36732
3,37832,218,0.0,4858,1097,36735
20,37852,218,0.0,4859,1097,36755
13,37865,218,0.0,4860,1097,36768
7,37872,218,0.0,4861,1097,36775
2,37874,218,0.0,4862,1097,36777
7,37881,218,0.0,4863,1097,36784
9,37890,218,0.0,4864,1097,36793
12,37902,218,0.0,4865,1097,36805
3,37905,218,0.0,4866,1097,36808
7,37912,218,0.0,4867,1097,36815
25,37937,218,0.0,4868,1097,36840
15,37952,218,0.0,4869,1097,36855
2,37954,218,0.0,4870,1097,36857
4,37958,218,0.0,4871,1097,36861
7,37965,218,0.0,4872,1097,36868
19,37984,218,0.0,4873,1097,36887
3,37987,218,0.0,4874,1097,36890
10,37997,218,0.0,4875,1097,36900
4,38001,218,0.0,4876,1097,36904
7,38008,218,0.0,4877,1097,36911
3,38011,218,0.0,4878,1097,36914
6,38017,218,0.0,4879,1097,36920
5,38022,218,0.0,4880,1097,36925
3,38025,218,0.0,4881,1097,36928
16,38041,218,0.0,4882,1097,36944
4,38045,218,0.0,4883,1097,36948
3,38048,218,0.0,4884,1097,36951
10,38058,218,0.0,4885,1097,36961
4,38062,218,0.0,4886,1097,36965
14,38076,218,0.0,4887,1097,36979
3,38079,218,0.0,4888,1097,36982
4,38083,218,0.0,4889,1097,36986
3,38086,218,0.0,4890,1097,36989
6,38092,218,0.0,4891,1097,36995
12,38104,218,0.0,4892,1097,37007
3,38107,218,0.0,4893,1097,37010
3,38110,218,0.0,4894,1097,37013
7,38117,218,0.0,4895,1097,37020
8,38125,218,0.0,4896,1097,37028
4,38129,218,0.0,4897,1097,37032
15,38144,219,1.0,4898,1097,37047
23,38167,219,0.0,4899,1097,37070
3,38170,219,0.0,4900,1097,37073
4,38174,219,0.0,4901,1097,37077
7,38181,219,0.0,4902,1097,37084
19,38200,220,1.0,4903,1097,37103
18,38218,220,0.0,4904,1097,37121
8,38226,220,0.0,4905,1097,37129
4,38230,220,0.0,4906,1097,37133
8,38238,220,0.0,4907,1097,37141
3,38241,220,0.0,4908,1097,37144
19,38260,221,1.0,4909,1097,37163
16,38276,221,0.0,4910,1097,37179
3,38279,221,0.0,4911,1097,37182
10,38289,221,0.0,4912,1097,37192
3,38292,221,0.0,4913,1097,37195
2,38294,221,0.0,4914,1097,37197
7,38301,221,0.0,4915,1097,37204
2,38303,221,0.0,4916,1097,37206
9,38312,221,0.0,4917,1097,37215
10,38322,221,0.0,4918,1097,37225
16,38338,221,0.0,4919,1097,37241
7,38345,221,0.0,4920,1097,37248
10,38355,221,0.0,4921,1097,37258
19,38374,222,1.0,4922,1097,37277
10,38384,222,0.0,4923,1097,37287
8,38392,222,0.0,4924,1097,37295
5,38397,222,0.0,4925,1097,37300
9,38406,222,0.0,4926,1097,37309
19,38425,223,1.0,4927,1097,37328
6,38431,223,0.0,4928,1097,37334
9,38440,223,0.0,4929,1097,37343
13,38453,223,0.0,4930,1097,37356
7,38460,223,0.0,4931,1097,37363
2,38462,223,0.0,4932,1097,37365
7,38469,223,0.0,4933,1097,37372
6,38475,223,0.0,4934,1097,37378
4,38479,223,0.0,4935,1097,37382
11,38490,223,0.0,4936,1097,37393
8,38498,223,0.0,4937,1097,37401
7,38505,223,0.0,4938,1097,37408
17,38522,223,0.0,4939,1097,37425
15,38537,224,1.0,4940,1097,37440
3,38540,224,0.0,4941,1097,37443
7,38547,224,0.0,4942,1097,37450
29,38576,224,0.0,4943,1097,37479
16,38592,224,0.0,4944,1097,37495
3,38595,224,0.0,4945,1097,37498
10,38605,224,0.0,4946,1097,37508
8,38613,224,0.0,4947,1097,37516
16,38629,224,0.0,4948,1097,37532
7,38636,224,0.0,4949,1097,37539
6,38642,224,0.0,4950,1097,37545
6,38648,224,0.0,4951,1097,37551
7,38655,224,0.0,4952,1097,37558
7,38662,224,0.0,4953,1097,37565
8,38670,224,0.0,4954,1097,37573
6,38676,224,0.0,4955,1097,37579
3,38679,224,0.0,4956,1097,37582
6,38685,224,0.0,4957,1097,37588
5,38690,224,0.0,4958,1097,37593
3,38693,224,0.0,4959,1097,37596
16,38709,224,0.0,4960,1097,37612
3,38712,224,0.0,4961,1097,37615
11,38723,224,0.0,4962,1097,37626
6,38729,224,0.0,4963,1097,37632
11,38740,224,0.0,4964,1097,37643
19,38759,225,1.0,4965,1097,37662
3,38762,225,0.0,4966,1097,37665
11,38773,225,0.0,4967,1097,37676
13,38786,225,0.0,4968,1097,37689
3,38789,225,0.0,4969,1097,37692
35,38824,225,0.0,4970,1097,37727
12,38836,225,0.0,4971,1097,37739
11,38847,225,0.0,4972,1097,37750
3,38850,225,0.0,4973,1097,37753
5,38855,225,0.0,4974,1097,37758
8,38863,225,0.0,4975,1097,37766
7,38870,225,0.0,4976,1097,37773
8,38878,225,0.0,4977,1097,37781
5,38883,225,0.0,4978,1097,37786
8,38891,225,0.0,4979,1097,37794
2,38893,225,0.0,4980,1097,37796
5,38898,225,0.0,4981,1097,37801
15,38913,226,1.0,4982,1097,37816
4,38917,226,0.0,4983,1097,37820
6,38923,226,0.0,4984,1097,37826
16,38939,226,0.0,4985,1097,37842
6,38945,226,0.0,4986,1097,37848
17,38962,226,0.0,4987,1097,37865
2,38964,226,0.0,4988,1097,37867
13,38977,226,0.0,4989,1097,37880
3,38980,226,0.0,4990,1097,37883
4,38984,226,0.0,4991,1097,37887
15,38999,226,0.0,4992,1097,37902
9,39008,226,0.0,4993,1097,37911
3,39011,226,0.0,4994,1097,37914
3,39014,226,0.0,4995,1097,37917
3,39017,226,0.0,4996,1097,37920
11,39028,227,1.0,4997,1097,37931
3,39031,227,0.0,4998,1097,37934
10,39041,227,0.0,4999,1097,37944
19,39060,228,1.0,5000,1097,37963
6,39066,228,0.0,5001,1097,37969
11,39077,228,0.0,5002,1097,37980
19,39096,229,1.0,5003,1097,37999
7,39103,229,0.0,5004,1097,38006
9,39112,230,1.0,5005,1097,38015
4,39116,230,0.0,5006,1097,38019
4,39120,230,0.0,5007,1097,38023
9,39129,230,0.0,5008,1097,38032
8,39137,230,0.0,5009,1097,38040
14,39151,230,0.0,5010,1097,38054
9,39160,230,0.0,5011,1097,38063
3,39163,230,0.0,5012,1097,38066
7,39170,230,0.0,5013,1097,38073
9,39179,230,0.0,5014,1097,38082
6,39185,230,0.0,5015,1097,38088
6,39191,230,0.0,5016,1097,38094
5,39196,230,0.0,5017,1097,38099
12,39208,230,0.0,5018,1097,38111
5,39213,230,0.0,5019,1097,38116
17,39230,230,0.0,5020,1097,38133
19,39249,231,1.0,5021,1097,38152
15,39264,231,0.0,5022,1097,38167
4,39268,231,0.0,5023,1097,38171
3,39271,231,0.0,5024,1097,38174
19,39290,232,1.0,5025,1097,38193
33,39323,233,1.0,5026,1097,38226
5,39328,233,0.0,5027,1097,38231
2,39330,233,0.0,5028,1097,38233
8,39338,233,0.0,5029,1097,38241
10,39348,233,0.0,5030,1097,38251
4,39352,233,0.0,5031,1097,38255
5,39357,233,0.0,5032,1097,38260
25,39382,233,0.0,5033,1097,38285
15,39397,234,1.0,5034,1097,38300
19,39416,235,1.0,5035,1097,38319
10,39426,235,0.0,5036,1097,38329
12,39438,235,0.0,5037,1097,38341
3,39441,235,0.0,5038,1097,38344
9,39450,235,0.0,5039,1097,38353
7,39457,235,0.0,5040,1097,38360
3,39460,235,0.0,5041,1097,38363
3,39463,235,0.0,5042,1097,38366
11,39474,235,0.0,5043,1097,38377
7,39481,235,0.0,5044,1097,38384
9,39490,235,0.0,5045,1097,38393
5,39495,235,0.0,5046,1097,38398
3,39498,235,0.0,5047,1097,38401
4,39502,235,0.0,5048,1097,38405
7,39509,235,0.0,5049,1097,38412
19,39528,235,0.0,5050,1097,38431
10,39538,235,0.0,5051,1097,38441
3,39541,235,0.0,5052,1097,38444
2,39543,235,0.0,5053,1097,38446
2,39545,235,0.0,5054,1097,38448
3,39548,235,0.0,5055,1097,38451
2,39550,235,0.0,5056,1097,38453
23,39573,235,0.0,5057,1097,38476
7,39580,235,0.0,5058,1097,38483
2,39582,235,0.0,5059,1097,38485
5,39587,235,0.0,5060,1097,38490
6,39593,235,0.0,5061,1097,38496
3,39596,235,0.0,5062,1097,38499
5,39601,235,0.0,5063,1097,38504
6,39607,235,0.0,5064,1097,38510
19,39626,236,1.0,5065,1097,38529
2,39628,236,0.0,5066,1097,38531
12,39640,236,0.0,5067,1097,38543
7,39647,236,0.0,5068,1097,38550
10,39657,236,0.0,5069,1097,38560
3,39660,236,0.0,5070,1097,38563
8,39668,236,0.0,5071,1097,38571
4,39672,236,0.0,5072,1097,38575
11,39683,236,0.0,5073,1097,38586
3,39686,236,0.0,5074,1097,38589
2,39688,236,0.0,5075,1097,38591
14,39702,236,0.0,5076,1097,38605
8,39710,236,0.0,5077,1097,38613
4,39714,236,0.0,5078,1097,38617
15,39729,236,0.0,5079,1097,38632
7,39736,236,0.0,5080,1097,38639
19,39755,237,1.0,5081,1097,38658
2,39757,237,0.0,5082,1097,38660
10,39767,237,0.0,5083,1097,38670
5,39772,237,0.0,5084,1097,38675
7,39779,237,0.0,5085,1097,38682
7,39786,237,0.0,5086,1097,38689
7,39793,237,0.0,5087,1097,38696
15,39808,237,0.0,5088,1097,38711
15,39823,237,0.0,5089,1097,38726
22,39845,238,1.0,5090,1097,38748
23,39868,238,0.0,5091,1097,38771
2,39870,238,0.0,5092,1097,38773
3,39873,238,0.0,5093,1097,38776
2,39875,238,0.0,5094,1097,38778
15,39890,238,0.0,5095,1097,38793
13,39903,238,0.0,5096,1097,38806
19,39922,238,0.0,5097,1097,38825
4,39926,238,0.0,5098,1097,38829
9,39935,238,0.0,5099,1097,38838
13,39948,238,0.0,5100,1097,38851
6,39954,238,0.0,5101,1097,38857
2,39956,238,0.0,5102,1097,38859
4,39960,238,0.0,5103,1097,38863
4,39964,238,0.0,5104,1097,38867
7,39971,238,0.0,5105,1097,38874
15,39986,239,1.0,5106,1097,38889
7,39993,239,0.0,5107,1097,38896
13,40006,239,0.0,5108,1097,38909
6,40012,239,0.0,5109,1097,38915
2,40014,239,0.0,5110,1097,38917
6,40020,239,0.0,5111,1097,38923
9,40029,239,0.0,5112,1097,38932
8,40037,239,0.0,5113,1097,38940
10,40047,239,0.0,5114,1097,38950
7,40054,239,0.0,5115,1097,38957
3,40057,239,0.0,5116,1097,38960
9,40066,239,0.0,5117,1097,38969
19,40085,240,1.0,5118,1097,38988
6,40091,240,0.0,5119,1097,38994
3,40094,240,0.0,5120,1097,38997
8,40102,240,0.0,5121,1097,39005
5,40107,240,0.0,5122,1097,39010
3,40110,240,0.0,5123,1097,39013
8,40118,240,0.0,5124,1097,39021
2,40120,240,0.0,5125,1097,39023
2,40122,240,0.0,5126,1097,39025
8,40130,240,0.0,5127,1097,39033
29,40159,240,0.0,5128,1097,39062
3,40162,240,0.0,5129,1097,39065
4,40166,240,0.0,5130,1097,39069
19,40185,241,1.0,5131,1097,39088
19,40204,242,1.0,5132,1097,39107
7,40211,242,0.0,5133,1097,39114
2,40213,242,0.0,5134,1097,39116
3,40216,242,0.0,5135,1097,39119
7,40223,242,0.0,5136,1097,39126
5,40228,242,0.0,5137,1097,39131
6,40234,242,0.0,5138,1097,39137
3,40237,242,0.0,5139,1097,39140
7,40244,242,0.0,5140,1097,39147
21,40265,242,0.0,5141,1097,39168
7,40272,242,0.0,5142,1097,39175
5,40277,242,0.0,5143,1097,39180
10,40287,242,0.0,5144,1097,39190
19,40306,243,1.0,5145,1097,39209
5,40311,243,0.0,5146,1097,39214
5,40316,243,0.0,5147,1097,39219
2,40318,243,0.0,5148,1097,39221
3,40321,243,0.0,5149,1097,39224
2,40323,243,0.0,5150,1097,39226
42,40365,243,0.0,5151,1097,39268
4,40369,243,0.0,5152,1097,39272
3,40372,243,0.0,5153,1097,39275
15,40387,243,0.0,5154,1097,39290
4,40391,243,0.0,5155,1097,39294
9,40400,243,0.0,5156,1097,39303
2,40402,243,0.0,5157,1097,39305
3,40405,243,0.0,5158,1097,39308
15,40420,243,0.0,5159,1097,39323
7,40427,243,0.0,5160,1097,39330
7,40434,243,0.0,5161,1097,39337
9,40443,243,0.0,5162,1097,39346
33,40476,243,0.0,5163,1097,39379
7,40483,243,0.0,5164,1097,39386
9,40492,243,0.0,5165,1097,39395
15,40507,243,0.0,5166,1097,39410
18,40525,243,0.0,5167,1097,39428
6,40531,243,0.0,5168,1097,39434
3,40534,243,0.0,5169,1097,39437
12,40546,243,0.0,5170,1097,39449
2,40548,243,0.0,5171,1097,39451
11,40559,243,0.0,5172,1097,39462
13,40572,243,0.0,5173,1097,39475
19,40591,244,1.0,5174,1097,39494
4,40595,244,0.0,5175,1097,39498
8,40603,244,0.0,5176,1097,39506
3,40606,244,0.0,5177,1097,39509
2,40608,244,0.0,5178,1097,39511
2,40610,244,0.0,5179,1097,39513
12,40622,244,0.0,5180,1097,39525
11,40633,244,0.0,5181,1097,39536
13,40646,244,0.0,5182,1097,39549
19,40665,245,1.0,5183,1097,39568
5,40670,245,0.0,5184,1097,39573
7,40677,245,0.0,5185,1097,39580
10,40687,245,0.0,5186,1097,39590
10,40697,245,0.0,5187,1097,39600
7,40704,245,0.0,5188,1097,39607
3,40707,245,0.0,5189,1097,39610
4,40711,245,0.0,5190,1097,39614
3,40714,245,0.0,5191,1097,39617
5,40719,245,0.0,5192,1097,39622
7,40726,245,0.0,5193,1097,39629
11,40737,245,0.0,5194,1097,39640
7,40744,245,0.0,5195,1097,39647
7,40751,245,0.0,5196,1097,39654
20,40771,245,0.0,5197,1097,39674
8,40779,245,0.0,5198,1097,39682
6,40785,245,0.0,5199,1097,39688
3,40788,245,0.0,5200,1097,39691
7,40795,245,0.0,5201,1097,39698
7,40802,245,0.0,5202,1097,39705
5,40807,245,0.0,5203,1097,39710
10,40817,245,0.0,5204,1097,39720
4,40821,245,0.0,5205,1097,39724
6,40827,245,0.0,5206,1097,39730
19,40846,246,1.0,5207,1097,39749
19,40865,247,1.0,5208,1097,39768
13,40878,247,0.0,5209,1097,39781
4,40882,247,0.0,5210,1097,39785
4,40886,247,0.0,5211,1097,39789
5,40891,247,0.0,5212,1097,39794
20,40911,247,0.0,5213,1097,39814
2,40913,247,0.0,5214,1097,39816
3,40916,247,0.0,5215,1097,39819
3,40919,247,0.0,5216,1097,39822
5,40924,247,0.0,5217,1097,39827
6,40930,247,0.0,5218,1097,39833
7,40937,247,0.0,5219,1097,39840
3,40940,247,0.0,5220,1097,39843
3,40943,247,0.0,5221,1097,39846
3,40946,247,0.0,5222,1097,39849
10,40956,247,0.0,5223,1097,39859
10,40966,247,0.0,5224,1097,39869
10,40976,247,0.0,5225,1097,39879
2,40978,247,0.0,5226,1097,39881
3,40981,247,0.0,5227,1097,39884
13,40994,247,0.0,5228,1097,39897
8,41002,247,0.0,5229,1097,39905
20,41022,247,0.0,5230,1097,39925
3,41025,247,0.0,5231,1097,39928
8,41033,247,0.0,5232,1097,39936
2,41035,247,0.0,5233,1097,39938
22,41057,247,0.0,5234,1097,39960
6,41063,247,0.0,5235,1097,39966
9,41072,247,0.0,5236,1097,39975
8,41080,247,0.0,5237,1097,39983
8,41088,247,0.0,5238,1097,39991
19,41107,248,1.0,5239,1097,40010
7,41114,248,0.0,5240,1097,40017
18,41132,248,0.0,5241,1097,40035
3,41135,248,0.0,5242,1097,40038
3,41138,248,0.0,5243,1097,40041
9,41147,248,0.0,5244,1097,40050
5,41152,248,0.0,5245,1097,40055
5,41157,248,0.0,5246,1097,40060
11,41168,249,1.0,5247,1097,40071
3,41171,249,0.0,5248,1097,40074
19,41190,249,0.0,5249,1097,40093
2,41192,249,0.0,5250,1097,40095
4,41196,249,0.0,5251,1097,40099
3,41199,249,0.0,5252,1097,40102
8,41207,249,0.0,5253,1097,40110
6,41213,249,0.0,5254,1097,40116
3,41216,249,0.0,5255,1097,40119
4,41220,249,0.0,5256,1097,40123
10,41230,249,0.0,5257,1097,40133
8,41238,249,0.0,5258,1097,40141
7,41245,249,0.0,5259,1097,40148
5,41250,249,0.0,5260,1097,40153
19,41269,250,1.0,5261,1097,40172
2,41271,250,0.0,5262,1097,40174
5,41276,250,0.0,5263,1097,40179
4,41280,250,0.0,5264,1097,40183
19,41299,250,0.0,5265,1097,40202
8,41307,250,0.0,5266,1097,40210
3,41310,250,0.0,5267,1097,40213
6,41316,250,0.0,5268,1097,40219
13,41329,250,0.0,5269,1097,40232
7,41336,250,0.0,5270,1097,40239
12,41348,250,0.0,5271,1097,40251
10,41358,250,0.0,5272,1097,40261
3,41361,250,0.0,5273,1097,40264
5,41366,250,0.0,5274,1097,40269
3,41369,250,0.0,5275,1097,40272
15,41384,251,1.0,5276,1097,40287
19,41403,252,1.0,5277,1097,40306
20,41423,252,0.0,5278,1097,40326
7,41430,252,0.0,5279,1097,40333
4,41434,252,0.0,5280,1097,40337
6,41440,252,0.0,5281,1097,40343
3,41443,252,0.0,5282,1097,40346
6,41449,252,0.0,5283,1097,40352
9,41458,252,0.0,5284,1097,40361
7,41465,252,0.0,5285,1097,40368
2,41467,252,0.0,5286,1097,40370
13,41480,252,0.0,5287,1097,40383
6,41486,252,0.0,5288,1097,40389
10,41496,252,0.0,5289,1097,40399
3,41499,252,0.0,5290,1097,40402
3,41502,252,0.0,5291,1097,40405
7,41509,252,0.0,5292,1097,40412
9,41518,252,0.0,5293,1097,40421
13,41531,252,0.0,5294,1097,40434
6,41537,252,0.0,5295,1097,40440
3,41540,252,0.0,5296,1097,40443
11,41551,253,1.0,5297,1097,40454
5,41556,253,0.0,5298,1097,40459
3,41559,253,0.0,5299,1097,40462
4,41563,253,0.0,5300,1097,40466
15,41578,254,1.0,5301,1097,40481
2,41580,254,0.0,5302,1097,40483
2,41582,254,0.0,5303,1097,40485
4,41586,254,0.0,5304,1097,40489
3,41589,254,0.0,5305,1097,40492
9,41598,254,0.0,5306,1097,40501
5,41603,254,0.0,5307,1097,40506
4,41607,254,0.0,5308,1097,40510
4,41611,254,0.0,5309,1097,40514
3,41614,254,0.0,5310,1097,40517
17,41631,254,0.0,5311,1097,40534
7,41638,254,0.0,5312,1097,40541
15,41653,255,1.0,5313,1097,40556
17,41670,255,0.0,5314,1097,40573
3,41673,255,0.0,5315,1097,40576
6,41679,255,0.0,5316,1097,40582
7,41686,255,0.0,5317,1097,40589
7,41693,255,0.0,5318,1097,40596
3,41696,255,0.0,5319,1097,40599
10,41706,255,0.0,5320,1097,40609
5,41711,255,0.0,5321,1097,40614
11,41722,255,0.0,5322,1097,40625
7,41729,255,0.0,5323,1097,40632
4,41733,255,0.0,5324,1097,40636
12,41745,255,0.0,5325,1097,40648
6,41751,255,0.0,5326,1097,40654
3,41754,255,0.0,5327,1097,40657
3,41757,255,0.0,5328,1097,40660
2,41759,255,0.0,5329,1097,40662
4,41763,255,0.0,5330,1097,40666
8,41771,255,0.0,5331,1097,40674
19,41790,256,1.0,5332,1097,40693
3,41793,256,0.0,5333,1097,40696
20,41813,256,0.0,5334,1097,40716
13,41826,256,0.0,5335,1097,40729
6,41832,256,0.0,5336,1097,40735
7,41839,256,0.0,5337,1097,40742
6,41845,256,0.0,5338,1097,40748
15,41860,256,0.0,5339,1097,40763
7,41867,256,0.0,5340,1097,40770
3,41870,256,0.0,5341,1097,40773
15,41885,257,1.0,5342,1097,40788
3,41888,257,0.0,5343,1097,40791
7,41895,257,0.0,5344,1097,40798
6,41901,257,0.0,5345,1097,40804
11,41912,257,0.0,5346,1097,40815
6,41918,257,0.0,5347,1097,40821
7,41925,257,0.0,5348,1097,40828
9,41934,257,0.0,5349,1097,40837
6,41940,257,0.0,5350,1097,40843
15,41955,257,0.0,5351,1097,40858
7,41962,257,0.0,5352,1097,40865
7,41969,257,0.0,5353,1097,40872
30,41999,257,0.0,5354,1097,40902
7,42006,257,0.0,5355,1097,40909
10,42016,257,0.0,5356,1097,40919
7,42023,257,0.0,5357,1097,40926
6,42029,257,0.0,5358,1097,40932
7,42036,257,0.0,5359,1097,40939
10,42046,257,0.0,5360,1097,40949
8,42054,257,0.0,5361,1097,40957
3,42057,257,0.0,5362,1097,40960
9,42066,257,0.0,5363,1097,40969
11,42077,257,0.0,5364,1097,40980
9,42086,257,0.0,5365,1097,40989
5,42091,257,0.0,5366,1097,40994
7,42098,257,0.0,5367,1097,41001
3,42101,257,0.0,5368,1097,41004
2,42103,257,0.0,5369,1097,41006
6,42109,257,0.0,5370,1097,41012
12,42121,257,0.0,5371,1097,41024
13,42134,257,0.0,5372,1097,41037
7,42141,257,0.0,5373,1097,41044
3,42144,257,0.0,5374,1097,41047
6,42150,257,0.0,5375,1097,41053
3,42153,257,0.0,5376,1097,41056
13,42166,257,0.0,5377,1097,41069
15,42181,257,0.0,5378,1097,41084
5,42186,257,0.0,5379,1097,41089
4,42190,257,0.0,5380,1097,41093
2,42192,257,0.0,5381,1097,41095
4,42196,257,0.0,5382,1097,41099
3,42199,257,0.0,5383,1097,41102
3,42202,257,0.0,5384,1097,41105
3,42205,257,0.0,5385,1097,41108
19,42224,258,1.0,5386,1097,41127
7,42231,258,0.0,5387,1097,41134
4,42235,258,0.0,5388,1097,41138
7,42242,258,0.0,5389,1097,41145
3,42245,258,0.0,5390,1097,41148
8,42253,258,0.0,5391,1097,41156
2,42255,258,0.0,5392,1097,41158
6,42261,258,0.0,5393,1097,41164
2,42263,258,0.0,5394,1097,41166
3,42266,258,0.0,5395,1097,41169
8,42274,258,0.0,5396,1097,41177
8,42282,258,0.0,5397,1097,41185
10,42292,258,0.0,5398,1097,41195
9,42301,258,0.0,5399,1097,41204
3,42304,258,0.0,5400,1097,41207
8,42312,258,0.0,5401,1097,41215
7,42319,258,0.0,5402,1097,41222
4,42323,258,0.0,5403,1097,41226
5,42328,258,0.0,5404,1097,41231
5,42333,258,0.0,5405,1097,41236
3,42336,258,0.0,5406,1097,41239
4,42340,258,0.0,5407,1097,41243
24,42364,258,0.0,5408,1097,41267
8,42372,258,0.0,5409,1097,41275
3,42375,258,0.0,5410,1097,41278
18,42393,258,0.0,5411,1097,41296
3,42396,258,0.0,5412,1097,41299
2,42398,258,0.0,5413,1097,41301
3,42401,258,0.0,5414,1097,41304
6,42407,258,0.0,5415,1097,41310
9,42416,258,0.0,5416,1097,41319
6,42422,258,0.0,5417,1097,41325
6,42428,258,0.0,5418,1097,41331
2,42430,258,0.0,5419,1097,41333
15,42445,258,0.0,5420,1097,41348
9,42454,258,0.0,5421,1097,41357
31,42485,258,0.0,5422,1097,41388
7,42492,258,0.0,5423,1097,41395
6,42498,258,0.0,5424,1097,41401
3,42501,258,0.0,5425,1097,41404
4,42505,258,0.0,5426,1097,41408
2,42507,258,0.0,5427,1097,41410
3,42510,258,0.0,5428,1097,41413
10,42520,258,0.0,5429,1097,41423
5,42525,258,0.0,5430,1097,41428
2,42527,258,0.0,5431,1097,41430
3,42530,258,0.0,5432,1097,41433
2,42532,258,0.0,5433,1097,41435
11,42543,258,0.0,5434,1097,41446
5,42548,258,0.0,5435,1097,41451
3,42551,258,0.0,5436,1097,41454
14,42565,258,0.0,5437,1097,41468
3,42568,258,0.0,5438,1097,41471
9,42577,258,0.0,5439,1097,41480
4,42581,258,0.0,5440,1097,41484
7,42588,258,0.0,5441,1097,41491
13,42601,258,0.0,5442,1097,41504
13,42614,258,0.0,5443,1097,41517
2,42616,258,0.0,5444,1097,41519
6,42622,258,0.0,5445,1097,41525
12,42634,258,0.0,5446,1097,41537
15,42649,258,0.0,5447,1097,41552
10,42659,258,0.0,5448,1097,41562
10,42669,258,0.0,5449,1097,41572
9,42678,258,0.0,5450,1097,41581
4,42682,258,0.0,5451,1097,41585
7,42689,258,0.0,5452,1097,41592
5,42694,258,0.0,5453,1097,41597
4,42698,258,0.0,5454,1097,41601
5,42703,258,0.0,5455,1097,41606
11,42714,258,0.0,5456,1097,41617
7,42721,258,0.0,5457,1097,41624
4,42725,258,0.0,5458,1097,41628
11,42736,259,1.0,5459,1097,41639
4,42740,259,0.0,5460,1097,41643
4,42744,259,0.0,5461,1097,41647
6,42750,259,0.0,5462,1097,41653
10,42760,259,0.0,5463,1097,41663
3,42763,259,0.0,5464,1097,41666
6,42769,259,0.0,5465,1097,41672
11,42780,260,1.0,5466,1097,41683
2,42782,260,0.0,5467,1097,41685
3,42785,260,0.0,5468,1097,41688
8,42793,260,0.0,5469,1097,41696
9,42802,260,0.0,5470,1097,41705
5,42807,260,0.0,5471,1097,41710
12,42819,260,0.0,5472,1097,41722
10,42829,260,0.0,5473,1097,41732
3,42832,260,0.0,5474,1097,41735
3,42835,260,0.0,5475,1097,41738
11,42846,260,0.0,5476,1097,41749
7,42853,260,0.0,5477,1097,41756
14,42867,260,0.0,5478,1097,41770
7,42874,260,0.0,5479,1097,41777
16,42890,260,0.0,5480,1097,41793
3,42893,260,0.0,5481,1097,41796
4,42897,260,0.0,5482,1097,41800
3,42900,260,0.0,5483,1097,41803
2,42902,260,0.0,5484,1097,41805
6,42908,260,0.0,5485,1097,41811
13,42921,260,0.0,5486,1097,41824
7,42928,260,0.0,5487,1097,41831
4,42932,260,0.0,5488,1097,41835
8,42940,260,0.0,5489,1097,41843
12,42952,260,0.0,5490,1097,41855
3,42955,260,0.0,5491,1097,41858
12,42967,260,0.0,5492,1097,41870
19,42986,261,1.0,5493,1097,41889
3,42989,261,0.0,5494,1097,41892
2,42991,261,0.0,5495,1097,41894
6,42997,261,0.0,5496,1097,41900
15,43012,262,1.0,5497,1097,41915
16,43028,262,0.0,5498,1097,41931
6,43034,262,0.0,5499,1097,41937
9,43043,262,0.0,5500,1097,41946
7,43050,262,0.0,5501,1097,41953
2,43052,262,0.0,5502,1097,41955
3,43055,262,0.0,5503,1097,41958
6,43061,262,0.0,5504,1097,41964
2,43063,262,0.0,5505,1097,41966
11,43074,262,0.0,5506,1097,41977
5,43079,262,0.0,5507,1097,41982
6,43085,262,0.0,5508,1097,41988
7,43092,262,0.0,5509,1097,41995
2,43094,262,0.0,5510,1097,41997
19,43113,263,1.0,5511,1097,42016
3,43116,263,0.0,5512,1097,42019
2,43118,263,0.0,5513,1097,42021
17,43135,263,0.0,5514,1097,42038
3,43138,263,0.0,5515,1097,42041
2,43140,263,0.0,5516,1097,42043
5,43145,263,0.0,5517,1097,42048
7,43152,263,0.0,5518,1097,42055
3,43155,263,0.0,5519,1097,42058
11,43166,263,0.0,5520,1097,42069
3,43169,263,0.0,5521,1097,42072
6,43175,263,0.0,5522,1097,42078
4,43179,263,0.0,5523,1097,42082
7,43186,263,0.0,5524,1097,42089
9,43195,263,0.0,5525,1097,42098
12,43207,263,0.0,5526,1097,42110
8,43215,263,0.0,5527,1097,42118
11,43226,263,0.0,5528,1097,42129
6,43232,263,0.0,5529,1097,42135
9,43241,263,0.0,5530,1097,42144
3,43244,263,0.0,5531,1097,42147
2,43246,263,0.0,5532,1097,42149
11,43257,264,1.0,5533,1097,42160
6,43263,264,0.0,5534,1097,42166
6,43269,264,0.0,5535,1097,42172
5,43274,264,0.0,5536,1097,42177
3,43277,264,0.0,5537,1097,42180
18,43295,264,0.0,5538,1097,42198
5,43300,264,0.0,5539,1097,42203
5,43305,264,0.0,5540,1097,42208
7,43312,264,0.0,5541,1097,42215
3,43315,264,0.0,5542,1097,42218
3,43318,264,0.0,5543,1097,42221
3,43321,264,0.0,5544,1097,42224
6,43327,264,0.0,5545,1097,42230
3,43330,264,0.0,5546,1097,42233
19,43349,265,1.0,5547,1097,42252
6,43355,265,0.0,5548,1097,42258
24,43379,265,0.0,5549,1097,42282
3,43382,265,0.0,5550,1097,42285
11,43393,266,1.0,5551,1097,42296
3,43396,266,0.0,5552,1097,42299
3,43399,266,0.0,5553,1097,42302
3,43402,266,0.0,5554,1097,42305
3,43405,266,0.0,5555,1097,42308
6,43411,266,0.0,5556,1097,42314
6,43417,266,0.0,5557,1097,42320
2,43419,266,0.0,5558,1097,42322
9,43428,266,0.0,5559,1097,42331
7,43435,266,0.0,5560,1097,42338
7,43442,266,0.0,5561,1097,42345
10,43452,266,0.0,5562,1097,42355
3,43455,266,0.0,5563,1097,42358
4,43459,266,0.0,5564,1097,42362
5,43464,266,0.0,5565,1097,42367
6,43470,266,0.0,5566,1097,42373
3,43473,266,0.0,5567,1097,42376
3,43476,266,0.0,5568,1097,42379
7,43483,266,0.0,5569,1097,42386
22,43505,267,1.0,5570,1097,42408
16,43521,267,0.0,5571,1097,42424
16,43537,267,0.0,5572,1097,42440
5,43542,267,0.0,5573,1097,42445
5,43547,267,0.0,5574,1097,42450
12,43559,267,0.0,5575,1097,42462
4,43563,267,0.0,5576,1097,42466
19,43582,268,1.0,5577,1097,42485
11,43593,268,0.0,5578,1097,42496
19,43612,268,0.0,5579,1097,42515
6,43618,268,0.0,5580,1097,42521
13,43631,268,0.0,5581,1097,42534
5,43636,268,0.0,5582,1097,42539
11,43647,268,0.0,5583,1097,42550
2,43649,268,0.0,5584,1097,42552
10,43659,268,0.0,5585,1097,42562
2,43661,268,0.0,5586,1097,42564
5,43666,268,0.0,5587,1097,42569
10,43676,268,0.0,5588,1097,42579
2,43678,268,0.0,5589,1097,42581
12,43690,269,1.0,5590,1097,42593
7,43697,269,0.0,5591,1097,42600
11,43708,269,0.0,5592,1097,42611
21,43729,269,0.0,5593,1097,42632
7,43736,269,0.0,5594,1097,42639
5,43741,269,0.0,5595,1097,42644
15,43756,269,0.0,5596,1097,42659
3,43759,269,0.0,5597,1097,42662
11,43770,269,0.0,5598,1097,42673
12,43782,269,0.0,5599,1097,42685
11,43793,269,0.0,5600,1097,42696
5,43798,269,0.0,5601,1097,42701
4,43802,269,0.0,5602,1097,42705
2,43804,269,0.0,5603,1097,42707
19,43823,270,1.0,5604,1097,42726
15,43838,270,0.0,5605,1097,42741
7,43845,270,0.0,5606,1097,42748
7,43852,270,0.0,5607,1097,42755
10,43862,270,0.0,5608,1097,42765
8,43870,270,0.0,5609,1097,42773
22,43892,271,1.0,5610,1097,42795
2,43894,271,0.0,5611,1097,42797
3,43897,271,0.0,5612,1097,42800
3,43900,271,0.0,5613,1097,42803
5,43905,271,0.0,5614,1097,42808
10,43915,271,0.0,5615,1097,42818
7,43922,271,0.0,5616,1097,42825
5,43927,271,0.0,5617,1097,42830
5,43932,271,0.0,5618,1097,42835
7,43939,271,0.0,5619,1097,42842
6,43945,271,0.0,5620,1097,42848
18,43963,271,0.0,5621,1097,42866
9,43972,271,0.0,5622,1097,42875
4,43976,271,0.0,5623,1097,42879
8,43984,271,0.0,5624,1097,42887
8,43992,271,0.0,5625,1097,42895
7,43999,271,0.0,5626,1097,42902
12,44011,271,0.0,5627,1097,42914
2,44013,271,0.0,5628,1097,42916
3,44016,271,0.0,5629,1097,42919
5,44021,271,0.0,5630,1097,42924
3,44024,271,0.0,5631,1097,42927
7,44031,271,0.0,5632,1097,42934
3,44034,271,0.0,5633,1097,42937
2,44036,271,0.0,5634,1097,42939
5,44041,271,0.0,5635,1097,42944
2,44043,271,0.0,5636,1097,42946
14,44057,271,0.0,5637,1097,42960
7,44064,271,0.0,5638,1097,42967
11,44075,271,0.0,5639,1097,42978
3,44078,271,0.0,5640,1097,42981
2,44080,271,0.0,5641,1097,42983
9,44089,271,0.0,5642,1097,42992
9,44098,271,0.0,5643,1097,43001
11,44109,271,0.0,5644,1097,43012
3,44112,271,0.0,5645,1097,43015
7,44119,271,0.0,5646,1097,43022
6,44125,271,0.0,5647,1097,43028
13,44138,271,0.0,5648,1097,43041
31,44169,271,0.0,5649,1097,43072
5,44174,271,0.0,5650,1097,43077
19,44193,271,0.0,5651,1097,43096
34,44227,271,0.0,5652,1097,43130
19,44246,272,1.0,5653,1097,43149
15,44261,273,1.0,5654,1097,43164
7,44268,273,0.0,5655,1097,43171
7,44275,273,0.0,5656,1097,43178
4,44279,273,0.0,5657,1097,43182
8,44287,273,0.0,5658,1097,43190
7,44294,273,0.0,5659,1097,43197
11,44305,274,1.0,5660,1097,43208
7,44312,274,0.0,5661,1097,43215
2,44314,274,0.0,5662,1097,43217
3,44317,274,0.0,5663,1097,43220
6,44323,274,0.0,5664,1097,43226
2,44325,274,0.0,5665,1097,43228
3,44328,274,0.0,5666,1097,43231
19,44347,274,0.0,5667,1097,43250
12,44359,274,0.0,5668,1097,43262
2,44361,274,0.0,5669,1097,43264
19,44380,275,1.0,5670,1097,43283
3,44383,275,0.0,5671,1097,43286
4,44387,275,0.0,5672,1097,43290
7,44394,275,0.0,5673,1097,43297
11,44405,276,1.0,5674,1097,43308
4,44409,276,0.0,5675,1097,43312
4,44413,276,0.0,5676,1097,43316
5,44418,276,0.0,5677,1097,43321
26,44444,276,0.0,5678,1097,43347
2,44446,276,0.0,5679,1097,43349
12,44458,276,0.0,5680,1097,43361
5,44463,276,0.0,5681,1097,43366
7,44470,276,0.0,5682,1097,43373
3,44473,276,0.0,5683,1097,43376
24,44497,276,0.0,5684,1097,43400
9,44506,277,1.0,5685,1097,43409
19,44525,277,0.0,5686,1097,43428
10,44535,277,0.0,5687,1097,43438
2,44537,277,0.0,5688,1097,43440
16,44553,277,0.0,5689,1097,43456
3,44556,277,0.0,5690,1097,43459
2,44558,277,0.0,5691,1097,43461
3,44561,277,0.0,5692,1097,43464
7,44568,277,0.0,5693,1097,43471
5,44573,277,0.0,5694,1097,43476
5,44578,277,0.0,5695,1097,43481
2,44580,277,0.0,5696,1097,43483
22,44602,278,1.0,5697,1097,43505
5,44607,278,0.0,5698,1097,43510
2,44609,278,0.0,5699,1097,43512
6,44615,278,0.0,5700,1097,43518
6,44621,278,0.0,5701,1097,43524
16,44637,278,0.0,5702,1097,43540
2,44639,278,0.0,5703,1097,43542
2,44641,278,0.0,5704,1097,43544
24,44665,278,0.0,5705,1097,43568
19,44684,278,0.0,5706,1097,43587
2,44686,278,0.0,5707,1097,43589
3,44689,278,0.0,5708,1097,43592
14,44703,278,0.0,5709,1097,43606
8,44711,278,0.0,5710,1097,43614
13,44724,278,0.0,5711,1097,43627
10,44734,278,0.0,5712,1097,43637
3,44737,278,0.0,5713,1097,43640
13,44750,278,0.0,5714,1097,43653
5,44755,278,0.0,5715,1097,43658
23,44778,278,0.0,5716,1097,43681
4,44782,278,0.0,5717,1097,43685
7,44789,278,0.0,5718,1097,43692
7,44796,278,0.0,5719,1097,43699
25,44821,278,0.0,5720,1097,43724
7,44828,278,0.0,5721,1097,43731
10,44838,278,0.0,5722,1097,43741
16,44854,278,0.0,5723,1097,43757
7,44861,278,0.0,5724,1097,43764
11,44872,278,0.0,5725,1097,43775
5,44877,278,0.0,5726,1097,43780
3,44880,278,0.0,5727,1097,43783
7,44887,278,0.0,5728,1097,43790
7,44894,278,0.0,5729,1097,43797
7,44901,278,0.0,5730,1097,43804
4,44905,278,0.0,5731,1097,43808
15,44920,278,0.0,5732,1097,43823
13,44933,278,0.0,5733,1097,43836
11,44944,279,1.0,5734,1097,43847
5,44949,279,0.0,5735,1097,43852
18,44967,279,0.0,5736,1097,43870
10,44977,279,0.0,5737,1097,43880
3,44980,279,0.0,5738,1097,43883
5,44985,279,0.0,5739,1097,43888
6,44991,279,0.0,5740,1097,43894
15,45006,280,1.0,5741,1097,43909
4,45010,280,0.0,5742,1097,43913
4,45014,280,0.0,5743,1097,43917
10,45024,280,0.0,5744,1097,43927
5,45029,280,0.0,5745,1097,43932
11,45040,280,0.0,5746,1097,43943
13,45053,280,0.0,5747,1097,43956
3,45056,280,0.0,5748,1097,43959
7,45063,280,0.0,5749,1097,43966
10,45073,280,0.0,5750,1097,43976
19,45092,281,1.0,5751,1097,43995
3,45095,281,0.0,5752,1097,43998
4,45099,281,0.0,5753,1097,44002
3,45102,281,0.0,5754,1097,44005
11,45113,281,0.0,5755,1097,44016
15,45128,282,1.0,5756,1097,44031
13,45141,282,0.0,5757,1097,44044
2,45143,282,0.0,5758,1097,44046
8,45151,282,0.0,5759,1097,44054
19,45170,283,1.0,5760,1097,44073
7,45177,283,0.0,5761,1097,44080
10,45187,283,0.0,5762,1097,44090
19,45206,284,1.0,5763,1097,44109
5,45211,284,0.0,5764,1097,44114
11,45222,284,0.0,5765,1097,44125
3,45225,284,0.0,5766,1097,44128
6,45231,284,0.0,5767,1097,44134
2,45233,284,0.0,5768,1097,44136
5,45238,284,0.0,5769,1097,44141
3,45241,284,0.0,5770,1097,44144
4,45245,284,0.0,5771,1097,44148
3,45248,284,0.0,5772,1097,44151
7,45255,284,0.0,5773,1097,44158
10,45265,284,0.0,5774,1097,44168
5,45270,284,0.0,5775,1097,44173
11,45281,284,0.0,5776,1097,44184
7,45288,284,0.0,5777,1097,44191
3,45291,284,0.0,5778,1097,44194
7,45298,284,0.0,5779,1097,44201
10,45308,284,0.0,5780,1097,44211
14,45322,284,0.0,5781,1097,44225
9,45331,284,0.0,5782,1097,44234
15,45346,284,0.0,5783,1097,44249
4,45350,284,0.0,5784,1097,44253
2,45352,284,0.0,5785,1097,44255
11,45363,284,0.0,5786,1097,44266
3,45366,284,0.0,5787,1097,44269
10,45376,284,0.0,5788,1097,44279
4,45380,284,0.0,5789,1097,44283
5,45385,284,0.0,5790,1097,44288
10,45395,284,0.0,5791,1097,44298
3,45398,284,0.0,5792,1097,44301
12,45410,284,0.0,5793,1097,44313
10,45420,284,0.0,5794,1097,44323
12,45432,284,0.0,5795,1097,44335
3,45435,284,0.0,5796,1097,44338
3,45438,284,0.0,5797,1097,44341
7,45445,284,0.0,5798,1097,44348
3,45448,284,0.0,5799,1097,44351
3,45451,284,0.0,5800,1097,44354
6,45457,284,0.0,5801,1097,44360
3,45460,284,0.0,5802,1097,44363
11,45471,284,0.0,5803,1097,44374
20,45491,284,0.0,5804,1097,44394
6,45497,284,0.0,5805,1097,44400
14,45511,284,0.0,5806,1097,44414
3,45514,284,0.0,5807,1097,44417
2,45516,284,0.0,5808,1097,44419
4,45520,284,0.0,5809,1097,44423
3,45523,284,0.0,5810,1097,44426
4,45527,284,0.0,5811,1097,44430
3,45530,284,0.0,5812,1097,44433
5,45535,284,0.0,5813,1097,44438
2,45537,284,0.0,5814,1097,44440
7,45544,284,0.0,5815,1097,44447
2,45546,284,0.0,5816,1097,44449
20,45566,284,0.0,5817,1097,44469
3,45569,284,0.0,5818,1097,44472
7,45576,284,0.0,5819,1097,44479
2,45578,284,0.0,5820,1097,44481
6,45584,284,0.0,5821,1097,44487
5,45589,284,0.0,5822,1097,44492
7,45596,284,0.0,5823,1097,44499
4,45600,284,0.0,5824,1097,44503
19,45619,284,0.0,5825,1097,44522
3,45622,284,0.0,5826,1097,44525
19,45641,285,1.0,5827,1097,44544
9,45650,285,0.0,5828,1097,44553
13,45663,285,0.0,5829,1097,44566
24,45687,285,0.0,5830,1097,44590
11,45698,286,1.0,5831,1097,44601
16,45714,286,0.0,5832,1097,44617
3,45717,286,0.0,5833,1097,44620
13,45730,286,0.0,5834,1097,44633
12,45742,286,0.0,5835,1097,44645
3,45745,286,0.0,5836,1097,44648
15,45760,286,0.0,5837,1097,44663
22,45782,286,0.0,5838,1097,44685
4,45786,286,0.0,5839,1097,44689
11,45797,286,0.0,5840,1097,44700
2,45799,286,0.0,5841,1097,44702
4,45803,286,0.0,5842,1097,44706
6,45809,286,0.0,5843,1097,44712
6,45815,286,0.0,5844,1097,44718
19,45834,287,1.0,5845,1097,44737
6,45840,287,0.0,5846,1097,44743
10,45850,287,0.0,5847,1097,44753
4,45854,287,0.0,5848,1097,44757
4,45858,287,0.0,5849,1097,44761
7,45865,287,0.0,5850,1097,44768
2,45867,287,0.0,5851,1097,44770
7,45874,287,0.0,5852,1097,44777
7,45881,287,0.0,5853,1097,44784
19,45900,288,1.0,5854,1097,44803
6,45906,288,0.0,5855,1097,44809
2,45908,288,0.0,5856,1097,44811
2,45910,288,0.0,5857,1097,44813
10,45920,288,0.0,5858,1097,44823
4,45924,288,0.0,5859,1097,44827
3,45927,288,0.0,5860,1097,44830
17,45944,288,0.0,5861,1097,44847
6,45950,288,0.0,5862,1097,44853
16,45966,288,0.0,5863,1097,44869
23,45989,288,0.0,5864,1097,44892
11,46000,288,0.0,5865,1097,44903
8,46008,288,0.0,5866,1097,44911
9,46017,288,0.0,5867,1097,44920
10,46027,288,0.0,5868,1097,44930
3,46030,288,0.0,5869,1097,44933
6,46036,288,0.0,5870,1097,44939
2,46038,288,0.0,5871,1097,44941
12,46050,288,0.0,5872,1097,44953
11,46061,288,0.0,5873,1097,44964
2,46063,288,0.0,5874,1097,44966
2,46065,288,0.0,5875,1097,44968
6,46071,288,0.0,5876,1097,44974
4,46075,288,0.0,5877,1097,44978
5,46080,288,0.0,5878,1097,44983
10,46090,288,0.0,5879,1097,44993
19,46109,289,1.0,5880,1097,45012
2,46111,289,0.0,5881,1097,45014
20,46131,289,0.0,5882,1097,45034
4,46135,289,0.0,5883,1097,45038
22,46157,289,0.0,5884,1097,45060
6,46163,289,0.0,5885,1097,45066
5,46168,289,0.0,5886,1097,45071
3,46171,289,0.0,5887,1097,45074
6,46177,289,0.0,5888,1097,45080
2,46179,289,0.0,5889,1097,45082
19,46198,290,1.0,5890,1097,45101
8,46206,290,0.0,5891,1097,45109
8,46214,290,0.0,5892,1097,45117
7,46221,290,0.0,5893,1097,45124
12,46233,290,0.0,5894,1097,45136
4,46237,290,0.0,5895,1097,45140
3,46240,290,0.0,5896,1097,45143
3,46243,290,0.0,5897,1097,45146
17,46260,290,0.0,5898,1097,45163
3,46263,290,0.0,5899,1097,45166
6,46269,290,0.0,5900,1097,45172
3,46272,290,0.0,5901,1097,45175
16,46288,290,0.0,5902,1097,45191
2,46290,290,0.0,5903,1097,45193
13,46303,290,0.0,5904,1097,45206
3,46306,290,0.0,5905,1097,45209
3,46309,290,0.0,5906,1097,45212
8,46317,290,0.0,5907,1097,45220
9,46326,290,0.0,5908,1097,45229
10,46336,290,0.0,5909,1097,45239
9,46345,290,0.0,5910,1097,45248
7,46352,290,0.0,5911,1097,45255
7,46359,290,0.0,5912,1097,45262
19,46378,291,1.0,5913,1097,45281
3,46381,291,0.0,5914,1097,45284
2,46383,291,0.0,5915,1097,45286
17,46400,291,0.0,5916,1097,45303
3,46403,291,0.0,5917,1097,45306
9,46412,291,0.0,5918,1097,45315
6,46418,291,0.0,5919,1097,45321
7,46425,291,0.0,5920,1097,45328
2,46427,291,0.0,5921,1097,45330
10,46437,291,0.0,5922,1097,45340
13,46450,291,0.0,5923,1097,45353
12,46462,291,0.0,5924,1097,45365
2,46464,291,0.0,5925,1097,45367
19,46483,292,1.0,5926,1097,45386
5,46488,292,0.0,5927,1097,45391
13,46501,292,0.0,5928,1097,45404
4,46505,292,0.0,5929,1097,45408
3,46508,292,0.0,5930,1097,45411
3,46511,292,0.0,5931,1097,45414
2,46513,292,0.0,5932,1097,45416
3,46516,292,0.0,5933,1097,45419
6,46522,292,0.0,5934,1097,45425
2,46524,292,0.0,5935,1097,45427
4,46528,292,0.0,5936,1097,45431
7,46535,292,0.0,5937,1097,45438
3,46538,292,0.0,5938,1097,45441
12,46550,292,0.0,5939,1097,45453
8,46558,292,0.0,5940,1097,45461
2,46560,292,0.0,5941,1097,45463
2,46562,292,0.0,5942,1097,45465
4,46566,292,0.0,5943,1097,45469
19,46585,293,1.0,5944,1097,45488
7,46592,293,0.0,5945,1097,45495
19,46611,293,0.0,5946,1097,45514
6,46617,293,0.0,5947,1097,45520
27,46644,293,0.0,5948,1097,45547
2,46646,293,0.0,5949,1097,45549
6,46652,293,0.0,5950,1097,45555
2,46654,293,0.0,5951,1097,45557
2,46656,293,0.0,5952,1097,45559
8,46664,293,0.0,5953,1097,45567
4,46668,293,0.0,5954,1097,45571
5,46673,293,0.0,5955,1097,45576
15,46688,294,1.0,5956,1097,45591
13,46701,294,0.0,5957,1097,45604
2,46703,294,0.0,5958,1097,45606
3,46706,294,0.0,5959,1097,45609
3,46709,294,0.0,5960,1097,45612
19,46728,294,0.0,5961,1097,45631
3,46731,294,0.0,5962,1097,45634
11,46742,294,0.0,5963,1097,45645
6,46748,294,0.0,5964,1097,45651
5,46753,294,0.0,5965,1097,45656
3,46756,294,0.0,5966,1097,45659
19,46775,295,1.0,5967,1097,45678
2,46777,295,0.0,5968,1097,45680
7,46784,295,0.0,5969,1097,45687
3,46787,295,0.0,5970,1097,45690
5,46792,295,0.0,5971,1097,45695
3,46795,295,0.0,5972,1097,45698
11,46806,295,0.0,5973,1097,45709
5,46811,295,0.0,5974,1097,45714
11,46822,296,1.0,5975,1097,45725
19,46841,297,1.0,5976,1097,45744
12,46853,297,0.0,5977,1097,45756
7,46860,297,0.0,5978,1097,45763
3,46863,297,0.0,5979,1097,45766
7,46870,297,0.0,5980,1097,45773
16,46886,297,0.0,5981,1097,45789
12,46898,297,0.0,5982,1097,45801
5,46903,297,0.0,5983,1097,45806
8,46911,297,0.0,5984,1097,45814
9,46920,297,0.0,5985,1097,45823
13,46933,297,0.0,5986,1097,45836
4,46937,297,0.0,5987,1097,45840
6,46943,297,0.0,5988,1097,45846
16,46959,297,0.0,5989,1097,45862
8,46967,297,0.0,5990,1097,45870
12,46979,297,0.0,5991,1097,45882
6,46985,297,0.0,5992,1097,45888
2,46987,297,0.0,5993,1097,45890
34,47021,297,0.0,5994,1097,45924
2,47023,297,0.0,5995,1097,45926
2,47025,297,0.0,5996,1097,45928
10,47035,297,0.0,5997,1097,45938
9,47044,297,0.0,5998,1097,45947
5,47049,297,0.0,5999,1097,45952
2,47051,297,0.0,6000,1097,45954
2,47053,297,0.0,6001,1097,45956
9,47062,297,0.0,6002,1097,45965
3,47065,297,0.0,6003,1097,45968
2,47067,297,0.0,6004,1097,45970
7,47074,297,0.0,6005,1097,45977
12,47086,297,0.0,6006,1097,45989
4,47090,297,0.0,6007,1097,45993
4,47094,297,0.0,6008,1097,45997
10,47104,297,0.0,6009,1097,46007
4,47108,297,0.0,6010,1097,46011
7,47115,297,0.0,6011,1097,46018
13,47128,297,0.0,6012,1097,46031
7,47135,297,0.0,6013,1097,46038
5,47140,297,0.0,6014,1097,46043
7,47147,297,0.0,6015,1097,46050
7,47154,297,0.0,6016,1097,46057
3,47157,297,0.0,6017,1097,46060
15,47172,297,0.0,6018,1097,46075
7,47179,297,0.0,6019,1097,46082
5,47184,297,0.0,6020,1097,46087
3,47187,297,0.0,6021,1097,46090
8,47195,297,0.0,6022,1097,46098
5,47200,297,0.0,6023,1097,46103
2,47202,297,0.0,6024,1097,46105
13,47215,297,0.0,6025,1097,46118
8,47223,297,0.0,6026,1097,46126
3,47226,297,0.0,6027,1097,46129
3,47229,297,0.0,6028,1097,46132
7,47236,297,0.0,6029,1097,46139
5,47241,297,0.0,6030,1097,46144
6,47247,297,0.0,6031,1097,46150
4,47251,297,0.0,6032,1097,46154
9,47260,297,0.0,6033,1097,46163
3,47263,297,0.0,6034,1097,46166
20,47283,297,0.0,6035,1097,46186
16,47299,297,0.0,6036,1097,46202
11,47310,297,0.0,6037,1097,46213
3,47313,297,0.0,6038,1097,46216
7,47320,297,0.0,6039,1097,46223
2,47322,297,0.0,6040,1097,46225
10,47332,297,0.0,6041,1097,46235
2,47334,297,0.0,6042,1097,46237
2,47336,297,0.0,6043,1097,46239
30,47366,297,0.0,6044,1097,46269
13,47379,297,0.0,6045,1097,46282
15,47394,297,0.0,6046,1097,46297
5,47399,297,0.0,6047,1097,46302
10,47409,297,0.0,6048,1097,46312
3,47412,297,0.0,6049,1097,46315
10,47422,297,0.0,6050,1097,46325
17,47439,297,0.0,6051,1097,46342
2,47441,297,0.0,6052,1097,46344
2,47443,297,0.0,6053,1097,46346
22,47465,298,1.0,6054,1097,46368
13,47478,298,0.0,6055,1097,46381
11,47489,298,0.0,6056,1097,46392
13,47502,298,0.0,6057,1097,46405
3,47505,298,0.0,6058,1097,46408
19,47524,299,1.0,6059,1097,46427
4,47528,299,0.0,6060,1097,46431
3,47531,299,0.0,6061,1097,46434
11,47542,300,1.0,6062,1097,46445
7,47549,300,0.0,6063,1097,46452
11,47560,300,0.0,6064,1097,46463
20,47580,300,0.0,6065,1097,46483
3,47583,300,0.0,6066,1097,46486
2,47585,300,0.0,6067,1097,46488
3,47588,300,0.0,6068,1097,46491
3,47591,300,0.0,6069,1097,46494
11,47602,300,0.0,6070,1097,46505
19,47621,301,1.0,6071,1097,46524
9,47630,301,0.0,6072,1097,46533
18,47648,301,0.0,6073,1097,46551
2,47650,301,0.0,6074,1097,46553
7,47657,301,0.0,6075,1097,46560
9,47666,301,0.0,6076,1097,46569
3,47669,301,0.0,6077,1097,46572
10,47679,301,0.0,6078,1097,46582
3,47682,301,0.0,6079,1097,46585
29,47711,301,0.0,6080,1097,46614
3,47714,301,0.0,6081,1097,46617
3,47717,301,0.0,6082,1097,46620
4,47721,301,0.0,6083,1097,46624
19,47740,302,1.0,6084,1097,46643
19,47759,303,1.0,6085,1097,46662
7,47766,303,0.0,6086,1097,46669
6,47772,303,0.0,6087,1097,46675
19,47791,304,1.0,6088,1097,46694
2,47793,304,0.0,6089,1097,46696
9,47802,304,0.0,6090,1097,46705
6,47808,304,0.0,6091,1097,46711
9,47817,304,0.0,6092,1097,46720
6,47823,304,0.0,6093,1097,46726
19,47842,305,1.0,6094,1097,46745
15,47857,306,1.0,6095,1097,46760
16,47873,306,0.0,6096,1097,46776
15,47888,307,1.0,6097,1097,46791
9,47897,307,0.0,6098,1097,46800
6,47903,307,0.0,6099,1097,46806
19,47922,308,1.0,6100,1097,46825
8,47930,308,0.0,6101,1097,46833
5,47935,308,0.0,6102,1097,46838
7,47942,308,0.0,6103,1097,46845
14,47956,308,0.0,6104,1097,46859
33,47989,308,0.0,6105,1097,46892
2,47991,308,0.0,6106,1097,46894
7,47998,308,0.0,6107,1097,46901
15,48013,308,0.0,6108,1097,46916
5,48018,308,0.0,6109,1097,46921
4,48022,308,0.0,6110,1097,46925
3,48025,308,0.0,6111,1097,46928
3,48028,308,0.0,6112,1097,46931
6,48034,308,0.0,6113,1097,46937
14,48048,308,0.0,6114,1097,46951
3,48051,308,0.0,6115,1097,46954
7,48058,308,0.0,6116,1097,46961
6,48064,308,0.0,6117,1097,46967
22,48086,308,0.0,6118,1097,46989
9,48095,308,0.0,6119,1097,46998
11,48106,308,0.0,6120,1097,47009
2,48108,308,0.0,6121,1097,47011
7,48115,308,0.0,6122,1097,47018
3,48118,308,0.0,6123,1097,47021
8,48126,308,0.0,6124,1097,47029
7,48133,308,0.0,6125,1097,47036
14,48147,308,0.0,6126,1097,47050
8,48155,308,0.0,6127,1097,47058
5,48160,308,0.0,6128,1097,47063
2,48162,308,0.0,6129,1097,47065
7,48169,308,0.0,6130,1097,47072
3,48172,308,0.0,6131,1097,47075
5,48177,308,0.0,6132,1097,47080
6,48183,308,0.0,6133,1097,47086
3,48186,308,0.0,6134,1097,47089
12,48198,308,0.0,6135,1097,47101
2,48200,308,0.0,6136,1097,47103
5,48205,308,0.0,6137,1097,47108
16,48221,308,0.0,6138,1097,47124
7,48228,308,0.0,6139,1097,47131
7,48235,308,0.0,6140,1097,47138
3,48238,308,0.0,6141,1097,47141
11,48249,308,0.0,6142,1097,47152
18,48267,308,0.0,6143,1097,47170
7,48274,308,0.0,6144,1097,47177
6,48280,308,0.0,6145,1097,47183
10,48290,308,0.0,6146,1097,47193
4,48294,308,0.0,6147,1097,47197
5,48299,308,0.0,6148,1097,47202
3,48302,308,0.0,6149,1097,47205
6,48308,308,0.0,6150,1097,47211
3,48311,308,0.0,6151,1097,47214
5,48316,308,0.0,6152,1097,47219
18,48334,308,0.0,6153,1097,47237
7,48341,308,0.0,6154,1097,47244
4,48345,308,0.0,6155,1097,47248
3,48348,308,0.0,6156,1097,47251
3,48351,308,0.0,6157,1097,47254
9,48360,308,0.0,6158,1097,47263
8,48368,308,0.0,6159,1097,47271
7,48375,308,0.0,6160,1097,47278
15,48390,308,0.0,6161,1097,47293
3,48393,308,0.0,6162,1097,47296
16,48409,308,0.0,6163,1097,47312
12,48421,308,0.0,6164,1097,47324
2,48423,308,0.0,6165,1097,47326
13,48436,308,0.0,6166,1097,47339
21,48457,308,0.0,6167,1097,47360
3,48460,308,0.0,6168,1097,47363
8,48468,308,0.0,6169,1097,47371
23,48491,308,0.0,6170,1097,47394
4,48495,308,0.0,6171,1097,47398
15,48510,308,0.0,6172,1097,47413
5,48515,308,0.0,6173,1097,47418
7,48522,308,0.0,6174,1097,47425
3,48525,308,0.0,6175,1097,47428
11,48536,309,1.0,6176,1097,47439
3,48539,309,0.0,6177,1097,47442
17,48556,309,0.0,6178,1097,47459
19,48575,309,0.0,6179,1097,47478
19,48594,310,1.0,6180,1097,47497
2,48596,310,0.0,6181,1097,47499
7,48603,310,0.0,6182,1097,47506
2,48605,310,0.0,6183,1097,47508
13,48618,310,0.0,6184,1097,47521
6,48624,310,0.0,6185,1097,47527
4,48628,310,0.0,6186,1097,47531
2,48630,310,0.0,6187,1097,47533
6,48636,310,0.0,6188,1097,47539
9,48645,310,0.0,6189,1097,47548
6,48651,310,0.0,6190,1097,47554
10,48661,310,0.0,6191,1097,47564
12,48673,310,0.0,6192,1097,47576
3,48676,310,0.0,6193,1097,47579
4,48680,310,0.0,6194,1097,47583
3,48683,310,0.0,6195,1097,47586
15,48698,310,0.0,6196,1097,47601
2,48700,310,0.0,6197,1097,47603
13,48713,310,0.0,6198,1097,47616
4,48717,310,0.0,6199,1097,47620
8,48725,310,0.0,6200,1097,47628
3,48728,310,0.0,6201,1097,47631
7,48735,310,0.0,6202,1097,47638
7,48742,310,0.0,6203,1097,47645
8,48750,310,0.0,6204,1097,47653
3,48753,310,0.0,6205,1097,47656
7,48760,310,0.0,6206,1097,47663
3,48763,310,0.0,6207,1097,47666
13,48776,310,0.0,6208,1097,47679
8,48784,310,0.0,6209,1097,47687
3,48787,310,0.0,6210,1097,47690
2,48789,310,0.0,6211,1097,47692
10,48799,310,0.0,6212,1097,47702
7,48806,310,0.0,6213,1097,47709
19,48825,311,1.0,6214,1097,47728
8,48833,311,0.0,6215,1097,47736
13,48846,311,0.0,6216,1097,47749
13,48859,311,0.0,6217,1097,47762
7,48866,311,0.0,6218,1097,47769
3,48869,311,0.0,6219,1097,47772
5,48874,311,0.0,6220,1097,47777
19,48893,311,0.0,6221,1097,47796
3,48896,311,0.0,6222,1097,47799
10,48906,311,0.0,6223,1097,47809
4,48910,311,0.0,6224,1097,47813
7,48917,311,0.0,6225,1097,47820
3,48920,311,0.0,6226,1097,47823
2,48922,311,0.0,6227,1097,47825
5,48927,311,0.0,6228,1097,47830
7,48934,311,0.0,6229,1097,47837
2,48936,311,0.0,6230,1097,47839
4,48940,311,0.0,6231,1097,47843
3,48943,311,0.0,6232,1097,47846
7,48950,311,0.0,6233,1097,47853
3,48953,311,0.0,6234,1097,47856
11,48964,311,0.0,6235,1097,47867
3,48967,311,0.0,6236,1097,47870
12,48979,311,0.0,6237,1097,47882
12,48991,311,0.0,6238,1097,47894
15,49006,311,0.0,6239,1097,47909
2,49008,311,0.0,6240,1097,47911
19,49027,312,1.0,6241,1097,47930
4,49031,312,0.0,6242,1097,47934
7,49038,312,0.0,6243,1097,47941
3,49041,312,0.0,6244,1097,47944
13,49054,312,0.0,6245,1097,47957
5,49059,312,0.0,6246,1097,47962
12,49071,312,0.0,6247,1097,47974
7,49078,312,0.0,6248,1097,47981
8,49086,312,0.0,6249,1097,47989
9,49095,312,0.0,6250,1097,47998
8,49103,312,0.0,6251,1097,48006
13,49116,312,0.0,6252,1097,48019
8,49124,312,0.0,6253,1097,48027
5,49129,312,0.0,6254,1097,48032
11,49140,312,0.0,6255,1097,48043
9,49149,312,0.0,6256,1097,48052
19,49168,313,1.0,6257,1097,48071
4,49172,313,0.0,6258,1097,48075
5,49177,313,0.0,6259,1097,48080
5,49182,313,0.0,6260,1097,48085
2,49184,313,0.0,6261,1097,48087
8,49192,313,0.0,6262,1097,48095
3,49195,313,0.0,6263,1097,48098
11,49206,314,1.0,6264,1097,48109
8,49214,314,0.0,6265,1097,48117
8,49222,314,0.0,6266,1097,48125
6,49228,314,0.0,6267,1097,48131
3,49231,314,0.0,6268,1097,48134
7,49238,314,0.0,6269,1097,48141
8,49246,314,0.0,6270,1097,48149
7,49253,314,0.0,6271,1097,48156
2,49255,314,0.0,6272,1097,48158
23,49278,314,0.0,6273,1097,48181
2,49280,314,0.0,6274,1097,48183
19,49299,315,1.0,6275,1097,48202
4,49303,315,0.0,6276,1097,48206
4,49307,315,0.0,6277,1097,48210
14,49321,315,0.0,6278,1097,48224
7,49328,315,0.0,6279,1097,48231
7,49335,315,0.0,6280,1097,48238
2,49337,315,0.0,6281,1097,48240
19,49356,316,1.0,6282,1097,48259
19,49375,317,1.0,6283,1097,48278
6,49381,317,0.0,6284,1097,48284
7,49388,317,0.0,6285,1097,48291
5,49393,317,0.0,6286,1097,48296
6,49399,317,0.0,6287,1097,48302
6,49405,317,0.0,6288,1097,48308
2,49407,317,0.0,6289,1097,48310
7,49414,317,0.0,6290,1097,48317
7,49421,317,0.0,6291,1097,48324
11,49432,317,0.0,6292,1097,48335
7,49439,317,0.0,6293,1097,48342
10,49449,317,0.0,6294,1097,48352
4,49453,317,0.0,6295,1097,48356
19,49472,318,1.0,6296,1097,48375
2,49474,318,0.0,6297,1097,48377
13,49487,318,0.0,6298,1097,48390
7,49494,318,0.0,6299,1097,48397
8,49502,318,0.0,6300,1097,48405
2,49504,318,0.0,6301,1097,48407
19,49523,319,1.0,6302,1097,48426
6,49529,319,0.0,6303,1097,48432
3,49532,319,0.0,6304,1097,48435
18,49550,319,0.0,6305,1097,48453
9,49559,319,0.0,6306,1097,48462
8,49567,319,0.0,6307,1097,48470
7,49574,319,0.0,6308,1097,48477
2,49576,319,0.0,6309,1097,48479
3,49579,319,0.0,6310,1097,48482
7,49586,319,0.0,6311,1097,48489
8,49594,319,0.0,6312,1097,48497
6,49600,319,0.0,6313,1097,48503
2,49602,319,0.0,6314,1097,48505
6,49608,319,0.0,6315,1097,48511
11,49619,319,0.0,6316,1097,48522
3,49622,319,0.0,6317,1097,48525
6,49628,319,0.0,6318,1097,48531
6,49634,319,0.0,6319,1097,48537
7,49641,319,0.0,6320,1097,48544
7,49648,319,0.0,6321,1097,48551
19,49667,320,1.0,6322,1097,48570
3,49670,320,0.0,6323,1097,48573
18,49688,320,0.0,6324,1097,48591
7,49695,320,0.0,6325,1097,48598
6,49701,320,0.0,6326,1097,48604
7,49708,320,0.0,6327,1097,48611
5,49713,320,0.0,6328,1097,48616
2,49715,320,0.0,6329,1097,48618
6,49721,320,0.0,6330,1097,48624
13,49734,320,0.0,6331,1097,48637
2,49736,320,0.0,6332,1097,48639
6,49742,320,0.0,6333,1097,48645
7,49749,320,0.0,6334,1097,48652
11,49760,320,0.0,6335,1097,48663
9,49769,320,0.0,6336,1097,48672
4,49773,320,0.0,6337,1097,48676
3,49776,320,0.0,6338,1097,48679
6,49782,320,0.0,6339,1097,48685
10,49792,320,0.0,6340,1097,48695
2,49794,320,0.0,6341,1097,48697
2,49796,320,0.0,6342,1097,48699
3,49799,320,0.0,6343,1097,48702
10,49809,320,0.0,6344,1097,48712
2,49811,320,0.0,6345,1097,48714
7,49818,320,0.0,6346,1097,48721
7,49825,320,0.0,6347,1097,48728
29,49854,320,0.0,6348,1097,48757
3,49857,320,0.0,6349,1097,48760
19,49876,321,1.0,6350,1097,48779
13,49889,321,0.0,6351,1097,48792
13,49902,321,0.0,6352,1097,48805
19,49921,322,1.0,6353,1097,48824
7,49928,322,0.0,6354,1097,48831
2,49930,322,0.0,6355,1097,48833
10,49940,322,0.0,6356,1097,48843
9,49949,322,0.0,6357,1097,48852
2,49951,322,0.0,6358,1097,48854
13,49964,322,0.0,6359,1097,48867
5,49969,322,0.0,6360,1097,48872
8,49977,322,0.0,6361,1097,48880
12,49989,322,0.0,6362,1097,48892
13,50002,322,0.0,6363,1097,48905
7,50009,322,0.0,6364,1097,48912
19,50028,323,1.0,6365,1097,48931
12,50040,323,0.0,6366,1097,48943
8,50048,323,0.0,6367,1097,48951
14,50062,323,0.0,6368,1097,48965
16,50078,323,0.0,6369,1097,48981
2,50080,323,0.0,6370,1097,48983
3,50083,323,0.0,6371,1097,48986
4,50087,323,0.0,6372,1097,48990
6,50093,323,0.0,6373,1097,48996
19,50112,324,1.0,6374,1097,49015
5,50117,324,0.0,6375,1097,49020
5,50122,324,0.0,6376,1097,49025
7,50129,324,0.0,6377,1097,49032
14,50143,324,0.0,6378,1097,49046
7,50150,324,0.0,6379,1097,49053
4,50154,324,0.0,6380,1097,49057
3,50157,324,0.0,6381,1097,49060
6,50163,324,0.0,6382,1097,49066
2,50165,324,0.0,6383,1097,49068
7,50172,324,0.0,6384,1097,49075
10,50182,324,0.0,6385,1097,49085
12,50194,324,0.0,6386,1097,49097
13,50207,324,0.0,6387,1097,49110
19,50226,325,1.0,6388,1097,49129
26,50252,325,0.0,6389,1097,49155
6,50258,325,0.0,6390,1097,49161
12,50270,325,0.0,6391,1097,49173
8,50278,325,0.0,6392,1097,49181
15,50293,325,0.0,6393,1097,49196
2,50295,325,0.0,6394,1097,49198
22,50317,325,0.0,6395,1097,49220
13,50330,325,0.0,6396,1097,49233
13,50343,325,0.0,6397,1097,49246
2,50345,325,0.0,6398,1097,49248
2,50347,325,0.0,6399,1097,49250
9,50356,325,0.0,6400,1097,49259
11,50367,325,0.0,6401,1097,49270
3,50370,325,0.0,6402,1097,49273
3,50373,325,0.0,6403,1097,49276
2,50375,325,0.0,6404,1097,49278
8,50383,325,0.0,6405,1097,49286
5,50388,325,0.0,6406,1097,49291
3,50391,325,0.0,6407,1097,49294
21,50412,325,0.0,6408,1097,49315
2,50414,325,0.0,6409,1097,49317
15,50429,325,0.0,6410,1097,49332
3,50432,325,0.0,6411,1097,49335
16,50448,325,0.0,6412,1097,49351
3,50451,325,0.0,6413,1097,49354
26,50477,325,0.0,6414,1097,49380
13,50490,325,0.0,6415,1097,49393
3,50493,325,0.0,6416,1097,49396
3,50496,325,0.0,6417,1097,49399
3,50499,325,0.0,6418,1097,49402
5,50504,325,0.0,6419,1097,49407
9,50513,325,0.0,6420,1097,49416
3,50516,325,0.0,6421,1097,49419
3,50519,325,0.0,6422,1097,49422
3,50522,325,0.0,6423,1097,49425
5,50527,325,0.0,6424,1097,49430
16,50543,325,0.0,6425,1097,49446
9,50552,325,0.0,6426,1097,49455
35,50587,325,0.0,6427,1097,49490
9,50596,325,0.0,6428,1097,49499
4,50600,325,0.0,6429,1097,49503
3,50603,325,0.0,6430,1097,49506
12,50615,325,0.0,6431,1097,49518
11,50626,325,0.0,6432,1097,49529
6,50632,325,0.0,6433,1097,49535
7,50639,325,0.0,6434,1097,49542
7,50646,325,0.0,6435,1097,49549
4,50650,325,0.0,6436,1097,49553
14,50664,325,0.0,6437,1097,49567
9,50673,325,0.0,6438,1097,49576
18,50691,325,0.0,6439,1097,49594
4,50695,325,0.0,6440,1097,49598
8,50703,325,0.0,6441,1097,49606
29,50732,325,0.0,6442,1097,49635
20,50752,325,0.0,6443,1097,49655
3,50755,325,0.0,6444,1097,49658
12,50767,325,0.0,6445,1097,49670
2,50769,325,0.0,6446,1097,49672
4,50773,325,0.0,6447,1097,49676
3,50776,325,0.0,6448,1097,49679
7,50783,325,0.0,6449,1097,49686
8,50791,325,0.0,6450,1097,49694
10,50801,325,0.0,6451,1097,49704
3,50804,325,0.0,6452,1097,49707
8,50812,325,0.0,6453,1097,49715
2,50814,325,0.0,6454,1097,49717
4,50818,325,0.0,6455,1097,49721
7,50825,325,0.0,6456,1097,49728
2,50827,325,0.0,6457,1097,49730
7,50834,325,0.0,6458,1097,49737
9,50843,325,0.0,6459,1097,49746
3,50846,325,0.0,6460,1097,49749
12,50858,325,0.0,6461,1097,49761
13,50871,325,0.0,6462,1097,49774
3,50874,325,0.0,6463,1097,49777
12,50886,325,0.0,6464,1097,49789
8,50894,325,0.0,6465,1097,49797
13,50907,325,0.0,6466,1097,49810
2,50909,325,0.0,6467,1097,49812
10,50919,325,0.0,6468,1097,49822
3,50922,325,0.0,6469,1097,49825
5,50927,325,0.0,6470,1097,49830
15,50942,326,1.0,6471,1097,49845
6,50948,326,0.0,6472,1097,49851
2,50950,326,0.0,6473,1097,49853
12,50962,326,0.0,6474,1097,49865
2,50964,326,0.0,6475,1097,49867
19,50983,327,1.0,6476,1097,49886
15,50998,327,0.0,6477,1097,49901
2,51000,327,0.0,6478,1097,49903
3,51003,327,0.0,6479,1097,49906
5,51008,327,0.0,6480,1097,49911
7,51015,327,0.0,6481,1097,49918
3,51018,327,0.0,6482,1097,49921
4,51022,327,0.0,6483,1097,49925
4,51026,327,0.0,6484,1097,49929
2,51028,327,0.0,6485,1097,49931
7,51035,327,0.0,6486,1097,49938
7,51042,327,0.0,6487,1097,49945
9,51051,327,0.0,6488,1097,49954
7,51058,327,0.0,6489,1097,49961
6,51064,327,0.0,6490,1097,49967
5,51069,327,0.0,6491,1097,49972
8,51077,327,0.0,6492,1097,49980
17,51094,327,0.0,6493,1097,49997
2,51096,327,0.0,6494,1097,49999
4,51100,327,0.0,6495,1097,50003
9,51109,327,0.0,6496,1097,50012
12,51121,327,0.0,6497,1097,50024
2,51123,327,0.0,6498,1097,50026
11,51134,328,1.0,6499,1097,50037
9,51143,328,0.0,6500,1097,50046
4,51147,328,0.0,6501,1097,50050
4,51151,328,0.0,6502,1097,50054
2,51153,328,0.0,6503,1097,50056
4,51157,328,0.0,6504,1097,50060
3,51160,328,0.0,6505,1097,50063
9,51169,328,0.0,6506,1097,50072
5,51174,328,0.0,6507,1097,50077
5,51179,328,0.0,6508,1097,50082
15,51194,328,0.0,6509,1097,50097
9,51203,328,0.0,6510,1097,50106
6,51209,328,0.0,6511,1097,50112
7,51216,328,0.0,6512,1097,50119
3,51219,328,0.0,6513,1097,50122
2,51221,328,0.0,6514,1097,50124
18,51239,328,0.0,6515,1097,50142
11,51250,329,1.0,6516,1097,50153
3,51253,329,0.0,6517,1097,50156
9,51262,330,1.0,6518,1097,50165
3,51265,330,0.0,6519,1097,50168
16,51281,330,0.0,6520,1097,50184
4,51285,330,0.0,6521,1097,50188
3,51288,330,0.0,6522,1097,50191
2,51290,330,0.0,6523,1097,50193
10,51300,330,0.0,6524,1097,50203
5,51305,330,0.0,6525,1097,50208
6,51311,330,0.0,6526,1097,50214
15,51326,331,1.0,6527,1097,50229
16,51342,331,0.0,6528,1097,50245
9,51351,331,0.0,6529,1097,50254
9,51360,331,0.0,6530,1097,50263
6,51366,331,0.0,6531,1097,50269
11,51377,332,1.0,6532,1097,50280
10,51387,332,0.0,6533,1097,50290
10,51397,332,0.0,6534,1097,50300
16,51413,332,0.0,6535,1097,50316
18,51431,332,0.0,6536,1097,50334
6,51437,332,0.0,6537,1097,50340
3,51440,332,0.0,6538,1097,50343
15,51455,333,1.0,6539,1097,50358
13,51468,333,0.0,6540,1097,50371
19,51487,334,1.0,6541,1097,50390
12,51499,334,0.0,6542,1097,50402
11,51510,335,1.0,6543,1097,50413
2,51512,335,0.0,6544,1097,50415
10,51522,335,0.0,6545,1097,50425
19,51541,336,1.0,6546,1097,50444
7,51548,336,0.0,6547,1097,50451
2,51550,336,0.0,6548,1097,50453
2,51552,336,0.0,6549,1097,50455
2,51554,336,0.0,6550,1097,50457
3,51557,336,0.0,6551,1097,50460
3,51560,336,0.0,6552,1097,50463
6,51566,336,0.0,6553,1097,50469
3,51569,336,0.0,6554,1097,50472
9,51578,336,0.0,6555,1097,50481
7,51585,336,0.0,6556,1097,50488
2,51587,336,0.0,6557,1097,50490
6,51593,336,0.0,6558,1097,50496
17,51610,336,0.0,6559,1097,50513
8,51618,336,0.0,6560,1097,50521
5,51623,336,0.0,6561,1097,50526
5,51628,336,0.0,6562,1097,50531
4,51632,336,0.0,6563,1097,50535
7,51639,336,0.0,6564,1097,50542
8,51647,336,0.0,6565,1097,50550
18,51665,336,0.0,6566,1097,50568
2,51667,336,0.0,6567,1097,50570
19,51686,337,1.0,6568,1097,50589
5,51691,337,0.0,6569,1097,50594
2,51693,337,0.0,6570,1097,50596
5,51698,337,0.0,6571,1097,50601
10,51708,337,0.0,6572,1097,50611
3,51711,337,0.0,6573,1097,50614
14,51725,337,0.0,6574,1097,50628
10,51735,337,0.0,6575,1097,50638
4,51739,337,0.0,6576,1097,50642
9,51748,337,0.0,6577,1097,50651
7,51755,337,0.0,6578,1097,50658
7,51762,337,0.0,6579,1097,50665
5,51767,337,0.0,6580,1097,50670
6,51773,337,0.0,6581,1097,50676
7,51780,337,0.0,6582,1097,50683
7,51787,337,0.0,6583,1097,50690
6,51793,337,0.0,6584,1097,50696
19,51812,338,1.0,6585,1097,50715
5,51817,338,0.0,6586,1097,50720
7,51824,338,0.0,6587,1097,50727
11,51835,338,0.0,6588,1097,50738
4,51839,338,0.0,6589,1097,50742
13,51852,338,0.0,6590,1097,50755
2,51854,338,0.0,6591,1097,50757
9,51863,338,0.0,6592,1097,50766
3,51866,338,0.0,6593,1097,50769
12,51878,338,0.0,6594,1097,50781
15,51893,338,0.0,6595,1097,50796
7,51900,338,0.0,6596,1097,50803
5,51905,338,0.0,6597,1097,50808
9,51914,338,0.0,6598,1097,50817
15,51929,339,1.0,6599,1097,50832
9,51938,339,0.0,6600,1097,50841
7,51945,339,0.0,6601,1097,50848
6,51951,339,0.0,6602,1097,50854
32,51983,339,0.0,6603,1097,50886
2,51985,339,0.0,6604,1097,50888
4,51989,339,0.0,6605,1097,50892
3,51992,339,0.0,6606,1097,50895
5,51997,339,0.0,6607,1097,50900
4,52001,339,0.0,6608,1097,50904
8,52009,339,0.0,6609,1097,50912
9,52018,339,0.0,6610,1097,50921
2,52020,339,0.0,6611,1097,50923
7,52027,339,0.0,6612,1097,50930
17,52044,339,0.0,6613,1097,50947
3,52047,339,0.0,6614,1097,50950
2,52049,339,0.0,6615,1097,50952
3,52052,339,0.0,6616,1097,50955
29,52081,339,0.0,6617,1097,50984
2,52083,339,0.0,6618,1097,50986
13,52096,339,0.0,6619,1097,50999
4,52100,339,0.0,6620,1097,51003
6,52106,339,0.0,6621,1097,51009
19,52125,340,1.0,6622,1097,51028
16,52141,340,0.0,6623,1097,51044
7,52148,340,0.0,6624,1097,51051
7,52155,340,0.0,6625,1097,51058
11,52166,340,0.0,6626,1097,51069
5,52171,340,0.0,6627,1097,51074
11,52182,341,1.0,6628,1097,51085
2,52184,341,0.0,6629,1097,51087
2,52186,341,0.0,6630,1097,51089
4,52190,341,0.0,6631,1097,51093
3,52193,341,0.0,6632,1097,51096
11,52204,342,1.0,6633,1097,51107
13,52217,342,0.0,6634,1097,51120
3,52220,342,0.0,6635,1097,51123
3,52223,342,0.0,6636,1097,51126
19,52242,343,1.0,6637,1097,51145
4,52246,343,0.0,6638,1097,51149
4,52250,343,0.0,6639,1097,51153
24,52274,343,0.0,6640,1097,51177
13,52287,343,0.0,6641,1097,51190
10,52297,343,0.0,6642,1097,51200
3,52300,343,0.0,6643,1097,51203
11,52311,343,0.0,6644,1097,51214
10,52321,343,0.0,6645,1097,51224
8,52329,343,0.0,6646,1097,51232
2,52331,343,0.0,6647,1097,51234
2,52333,343,0.0,6648,1097,51236
2,52335,343,0.0,6649,1097,51238
19,52354,343,0.0,6650,1097,51257
7,52361,343,0.0,6651,1097,51264
7,52368,343,0.0,6652,1097,51271
4,52372,343,0.0,6653,1097,51275
8,52380,343,0.0,6654,1097,51283
3,52383,343,0.0,6655,1097,51286
7,52390,343,0.0,6656,1097,51293
7,52397,343,0.0,6657,1097,51300
8,52405,343,0.0,6658,1097,51308
10,52415,343,0.0,6659,1097,51318
2,52417,343,0.0,6660,1097,51320
16,52433,343,0.0,6661,1097,51336
3,52436,343,0.0,6662,1097,51339
3,52439,343,0.0,6663,1097,51342
2,52441,343,0.0,6664,1097,51344
10,52451,343,0.0,6665,1097,51354
14,52465,343,0.0,6666,1097,51368
6,52471,343,0.0,6667,1097,51374
4,52475,343,0.0,6668,1097,51378
8,52483,343,0.0,6669,1097,51386
9,52492,343,0.0,6670,1097,51395
12,52504,343,0.0,6671,1097,51407
10,52514,343,0.0,6672,1097,51417
8,52522,343,0.0,6673,1097,51425
11,52533,343,0.0,6674,1097,51436
3,52536,343,0.0,6675,1097,51439
4,52540,343,0.0,6676,1097,51443
8,52548,343,0.0,6677,1097,51451
8,52556,343,0.0,6678,1097,51459
19,52575,343,0.0,6679,1097,51478
3,52578,343,0.0,6680,1097,51481
11,52589,344,1.0,6681,1097,51492
10,52599,344,0.0,6682,1097,51502
7,52606,344,0.0,6683,1097,51509
8,52614,344,0.0,6684,1097,51517
7,52621,344,0.0,6685,1097,51524
5,52626,344,0.0,6686,1097,51529
3,52629,344,0.0,6687,1097,51532
9,52638,344,0.0,6688,1097,51541
22,52660,344,0.0,6689,1097,51563
9,52669,344,0.0,6690,1097,51572
11,52680,344,0.0,6691,1097,51583
12,52692,344,0.0,6692,1097,51595
3,52695,344,0.0,6693,1097,51598
13,52708,344,0.0,6694,1097,51611
22,52730,345,1.0,6695,1097,51633
3,52733,345,0.0,6696,1097,51636
13,52746,345,0.0,6697,1097,51649
5,52751,345,0.0,6698,1097,51654
7,52758,345,0.0,6699,1097,51661
19,52777,345,0.0,6700,1097,51680
5,52782,345,0.0,6701,1097,51685
4,52786,345,0.0,6702,1097,51689
7,52793,345,0.0,6703,1097,51696
6,52799,345,0.0,6704,1097,51702
2,52801,345,0.0,6705,1097,51704
3,52804,345,0.0,6706,1097,51707
4,52808,345,0.0,6707,1097,51711
2,52810,345,0.0,6708,1097,51713
3,52813,345,0.0,6709,1097,51716
15,52828,346,1.0,6710,1097,51731
8,52836,346,0.0,6711,1097,51739
11,52847,346,0.0,6712,1097,51750
7,52854,346,0.0,6713,1097,51757
15,52869,346,0.0,6714,1097,51772
7,52876,346,0.0,6715,1097,51779
7,52883,346,0.0,6716,1097,51786
13,52896,346,0.0,6717,1097,51799
2,52898,346,0.0,6718,1097,51801
2,52900,346,0.0,6719,1097,51803
12,52912,346,0.0,6720,1097,51815
9,52921,346,0.0,6721,1097,51824
4,52925,346,0.0,6722,1097,51828
4,52929,346,0.0,6723,1097,51832
14,52943,346,0.0,6724,1097,51846
7,52950,346,0.0,6725,1097,51853
2,52952,346,0.0,6726,1097,51855
3,52955,346,0.0,6727,1097,51858
5,52960,346,0.0,6728,1097,51863
4,52964,346,0.0,6729,1097,51867
4,52968,346,0.0,6730,1097,51871
2,52970,346,0.0,6731,1097,51873
2,52972,346,0.0,6732,1097,51875
9,52981,346,0.0,6733,1097,51884
6,52987,346,0.0,6734,1097,51890
9,52996,347,1.0,6735,1097,51899
14,53010,347,0.0,6736,1097,51913
19,53029,348,1.0,6737,1097,51932
6,53035,348,0.0,6738,1097,51938
3,53038,348,0.0,6739,1097,51941
3,53041,348,0.0,6740,1097,51944
3,53044,348,0.0,6741,1097,51947
10,53054,348,0.0,6742,1097,51957
7,53061,348,0.0,6743,1097,51964
2,53063,348,0.0,6744,1097,51966
2,53065,348,0.0,6745,1097,51968
5,53070,348,0.0,6746,1097,51973
8,53078,348,0.0,6747,1097,51981
29,53107,348,0.0,6748,1097,52010
3,53110,348,0.0,6749,1097,52013
5,53115,348,0.0,6750,1097,52018
10,53125,348,0.0,6751,1097,52028
4,53129,348,0.0,6752,1097,52032
19,53148,349,1.0,6753,1097,52051
8,53156,349,0.0,6754,1097,52059
6,53162,349,0.0,6755,1097,52065
11,53173,350,1.0,6756,1097,52076
11,53184,351,1.0,6757,1097,52087
3,53187,351,0.0,6758,1097,52090
4,53191,351,0.0,6759,1097,52094
18,53209,351,0.0,6760,1097,52112
3,53212,351,0.0,6761,1097,52115
9,53221,351,0.0,6762,1097,52124
10,53231,351,0.0,6763,1097,52134
17,53248,351,0.0,6764,1097,52151
7,53255,351,0.0,6765,1097,52158
7,53262,351,0.0,6766,1097,52165
5,53267,351,0.0,6767,1097,52170
7,53274,351,0.0,6768,1097,52177
13,53287,351,0.0,6769,1097,52190
2,53289,351,0.0,6770,1097,52192
5,53294,351,0.0,6771,1097,52197
6,53300,351,0.0,6772,1097,52203
7,53307,351,0.0,6773,1097,52210
27,53334,351,0.0,6774,1097,52237
11,53345,352,1.0,6775,1097,52248
5,53350,352,0.0,6776,1097,52253
5,53355,352,0.0,6777,1097,52258
4,53359,352,0.0,6778,1097,52262
5,53364,352,0.0,6779,1097,52267
3,53367,352,0.0,6780,1097,52270
5,53372,352,0.0,6781,1097,52275
8,53380,352,0.0,6782,1097,52283
13,53393,352,0.0,6783,1097,52296
6,53399,352,0.0,6784,1097,52302
3,53402,352,0.0,6785,1097,52305
2,53404,352,0.0,6786,1097,52307
7,53411,352,0.0,6787,1097,52314
14,53425,352,0.0,6788,1097,52328
6,53431,352,0.0,6789,1097,52334
11,53442,352,0.0,6790,1097,52345
13,53455,352,0.0,6791,1097,52358
11,53466,352,0.0,6792,1097,52369
13,53479,352,0.0,6793,1097,52382
19,53498,353,1.0,6794,1097,52401
15,53513,354,1.0,6795,1097,52416
5,53518,354,0.0,6796,1097,52421
7,53525,354,0.0,6797,1097,52428
9,53534,354,0.0,6798,1097,52437
5,53539,354,0.0,6799,1097,52442
11,53550,354,0.0,6800,1097,52453
5,53555,354,0.0,6801,1097,52458
7,53562,354,0.0,6802,1097,52465
33,53595,355,1.0,6803,1097,52498
3,53598,355,0.0,6804,1097,52501
13,53611,355,0.0,6805,1097,52514
6,53617,355,0.0,6806,1097,52520
10,53627,355,0.0,6807,1097,52530
2,53629,355,0.0,6808,1097,52532
2,53631,355,0.0,6809,1097,52534
5,53636,355,0.0,6810,1097,52539
8,53644,355,0.0,6811,1097,52547
7,53651,355,0.0,6812,1097,52554
4,53655,355,0.0,6813,1097,52558
18,53673,355,0.0,6814,1097,52576
6,53679,355,0.0,6815,1097,52582
10,53689,355,0.0,6816,1097,52592
4,53693,355,0.0,6817,1097,52596
4,53697,355,0.0,6818,1097,52600
11,53708,355,0.0,6819,1097,52611
2,53710,355,0.0,6820,1097,52613
8,53718,355,0.0,6821,1097,52621
4,53722,355,0.0,6822,1097,52625
3,53725,355,0.0,6823,1097,52628
16,53741,355,0.0,6824,1097,52644
19,53760,356,1.0,6825,1097,52663
3,53763,356,0.0,6826,1097,52666
10,53773,356,0.0,6827,1097,52676
16,53789,356,0.0,6828,1097,52692
6,53795,356,0.0,6829,1097,52698
3,53798,356,0.0,6830,1097,52701
8,53806,356,0.0,6831,1097,52709
6,53812,356,0.0,6832,1097,52715
6,53818,356,0.0,6833,1097,52721
23,53841,356,0.0,6834,1097,52744
7,53848,356,0.0,6835,1097,52751
10,53858,356,0.0,6836,1097,52761
10,53868,356,0.0,6837,1097,52771
3,53871,356,0.0,6838,1097,52774
5,53876,356,0.0,6839,1097,52779
19,53895,357,1.0,6840,1097,52798
10,53905,357,0.0,6841,1097,52808
5,53910,357,0.0,6842,1097,52813
7,53917,357,0.0,6843,1097,52820
7,53924,357,0.0,6844,1097,52827
10,53934,357,0.0,6845,1097,52837
7,53941,357,0.0,6846,1097,52844
3,53944,357,0.0,6847,1097,52847
4,53948,357,0.0,6848,1097,52851
5,53953,357,0.0,6849,1097,52856
2,53955,357,0.0,6850,1097,52858
8,53963,357,0.0,6851,1097,52866
4,53967,357,0.0,6852,1097,52870
6,53973,357,0.0,6853,1097,52876
5,53978,357,0.0,6854,1097,52881
13,53991,357,0.0,6855,1097,52894
6,53997,357,0.0,6856,1097,52900
6,54003,357,0.0,6857,1097,52906
5,54008,357,0.0,6858,1097,52911
10,54018,357,0.0,6859,1097,52921
7,54025,357,0.0,6860,1097,52928
5,54030,357,0.0,6861,1097,52933
3,54033,357,0.0,6862,1097,52936
19,54052,357,0.0,6863,1097,52955
6,54058,357,0.0,6864,1097,52961
10,54068,357,0.0,6865,1097,52971
2,54070,357,0.0,6866,1097,52973
3,54073,357,0.0,6867,1097,52976
11,54084,358,1.0,6868,1097,52987
6,54090,358,0.0,6869,1097,52993
3,54093,358,0.0,6870,1097,52996
3,54096,358,0.0,6871,1097,52999
2,54098,358,0.0,6872,1097,53001
11,54109,359,1.0,6873,1097,53012
3,54112,359,0.0,6874,1097,53015
3,54115,359,0.0,6875,1097,53018
3,54118,359,0.0,6876,1097,53021
3,54121,359,0.0,6877,1097,53024
8,54129,359,0.0,6878,1097,53032
5,54134,359,0.0,6879,1097,53037
7,54141,359,0.0,6880,1097,53044
8,54149,359,0.0,6881,1097,53052
18,54167,359,0.0,6882,1097,53070
9,54176,359,0.0,6883,1097,53079
5,54181,359,0.0,6884,1097,53084
9,54190,359,0.0,6885,1097,53093
6,54196,359,0.0,6886,1097,53099
9,54205,359,0.0,6887,1097,53108
6,54211,359,0.0,6888,1097,53114
3,54214,359,0.0,6889,1097,53117
2,54216,359,0.0,6890,1097,53119
3,54219,359,0.0,6891,1097,53122
3,54222,359,0.0,6892,1097,53125
11,54233,360,1.0,6893,1097,53136
19,54252,361,1.0,6894,1097,53155
2,54254,361,0.0,6895,1097,53157
9,54263,361,0.0,6896,1097,53166
7,54270,361,0.0,6897,1097,53173
18,54288,361,0.0,6898,1097,53191
5,54293,361,0.0,6899,1097,53196
7,54300,361,0.0,6900,1097,53203
3,54303,361,0.0,6901,1097,53206
12,54315,361,0.0,6902,1097,53218
2,54317,361,0.0,6903,1097,53220
4,54321,361,0.0,6904,1097,53224
7,54328,361,0.0,6905,1097,53231
12,54340,361,0.0,6906,1097,53243
11,54351,362,1.0,6907,1097,53254
9,54360,362,0.0,6908,1097,53263
5,54365,362,0.0,6909,1097,53268
8,54373,362,0.0,6910,1097,53276
7,54380,362,0.0,6911,1097,53283
7,54387,362,0.0,6912,1097,53290
7,54394,362,0.0,6913,1097,53297
12,54406,362,0.0,6914,1097,53309
9,54415,362,0.0,6915,1097,53318
6,54421,362,0.0,6916,1097,53324
10,54431,362,0.0,6917,1097,53334
10,54441,362,0.0,6918,1097,53344
2,54443,362,0.0,6919,1097,53346
3,54446,362,0.0,6920,1097,53349
6,54452,362,0.0,6921,1097,53355
3,54455,362,0.0,6922,1097,53358
6,54461,362,0.0,6923,1097,53364
5,54466,362,0.0,6924,1097,53369
9,54475,362,0.0,6925,1097,53378
5,54480,362,0.0,6926,1097,53383
16,54496,362,0.0,6927,1097,53399
3,54499,362,0.0,6928,1097,53402
8,54507,362,0.0,6929,1097,53410
19,54526,363,1.0,6930,1097,53429
3,54529,363,0.0,6931,1097,53432
12,54541,363,0.0,6932,1097,53444
20,54561,363,0.0,6933,1097,53464
2,54563,363,0.0,6934,1097,53466
4,54567,363,0.0,6935,1097,53470
3,54570,363,0.0,6936,1097,53473
6,54576,363,0.0,6937,1097,53479
3,54579,363,0.0,6938,1097,53482
3,54582,363,0.0,6939,1097,53485
7,54589,363,0.0,6940,1097,53492
2,54591,363,0.0,6941,1097,53494
19,54610,364,1.0,6942,1097,53513
4,54614,364,0.0,6943,1097,53517
15,54629,365,1.0,6944,1097,53532
7,54636,365,0.0,6945,1097,53539
6,54642,365,0.0,6946,1097,53545
4,54646,365,0.0,6947,1097,53549
6,54652,365,0.0,6948,1097,53555
5,54657,365,0.0,6949,1097,53560
11,54668,365,0.0,6950,1097,53571
6,54674,365,0.0,6951,1097,53577
7,54681,365,0.0,6952,1097,53584
7,54688,365,0.0,6953,1097,53591
2,54690,365,0.0,6954,1097,53593
3,54693,365,0.0,6955,1097,53596
5,54698,365,0.0,6956,1097,53601
19,54717,366,1.0,6957,1097,53620
3,54720,366,0.0,6958,1097,53623
9,54729,366,0.0,6959,1097,53632
13,54742,366,0.0,6960,1097,53645
3,54745,366,0.0,6961,1097,53648
9,54754,366,0.0,6962,1097,53657
11,54765,366,0.0,6963,1097,53668
3,54768,366,0.0,6964,1097,53671
15,54783,366,0.0,6965,1097,53686
3,54786,366,0.0,6966,1097,53689
18,54804,366,0.0,6967,1097,53707
5,54809,366,0.0,6968,1097,53712
2,54811,366,0.0,6969,1097,53714
2,54813,366,0.0,6970,1097,53716
10,54823,366,0.0,6971,1097,53726
2,54825,366,0.0,6972,1097,53728
11,54836,366,0.0,6973,1097,53739
6,54842,366,0.0,6974,1097,53745
4,54846,366,0.0,6975,1097,53749
11,54857,366,0.0,6976,1097,53760
3,54860,366,0.0,6977,1097,53763
2,54862,366,0.0,6978,1097,53765
6,54868,366,0.0,6979,1097,53771
3,54871,366,0.0,6980,1097,53774
4,54875,366,0.0,6981,1097,53778
3,54878,366,0.0,6982,1097,53781
6,54884,366,0.0,6983,1097,53787
2,54886,366,0.0,6984,1097,53789
9,54895,366,0.0,6985,1097,53798
2,54897,366,0.0,6986,1097,53800
19,54916,366,0.0,6987,1097,53819
17,54933,366,0.0,6988,1097,53836
2,54935,366,0.0,6989,1097,53838
11,54946,366,0.0,6990,1097,53849
14,54960,366,0.0,6991,1097,53863
3,54963,366,0.0,6992,1097,53866
3,54966,366,0.0,6993,1097,53869
12,54978,366,0.0,6994,1097,53881
4,54982,366,0.0,6995,1097,53885
2,54984,366,0.0,6996,1097,53887
3,54987,366,0.0,6997,1097,53890
15,55002,366,0.0,6998,1097,53905
5,55007,366,0.0,6999,1097,53910
2,55009,366,0.0,7000,1097,53912
6,55015,366,0.0,7001,1097,53918
8,55023,366,0.0,7002,1097,53926
6,55029,366,0.0,7003,1097,53932
22,55051,367,1.0,7004,1097,53954
13,55064,367,0.0,7005,1097,53967
3,55067,367,0.0,7006,1097,53970
9,55076,367,0.0,7007,1097,53979
20,55096,367,0.0,7008,1097,53999
2,55098,367,0.0,7009,1097,54001
7,55105,367,0.0,7010,1097,54008
10,55115,367,0.0,7011,1097,54018
12,55127,367,0.0,7012,1097,54030
3,55130,367,0.0,7013,1097,54033
8,55138,367,0.0,7014,1097,54041
8,55146,367,0.0,7015,1097,54049
7,55153,367,0.0,7016,1097,54056
11,55164,367,0.0,7017,1097,54067
18,55182,367,0.0,7018,1097,54085
5,55187,367,0.0,7019,1097,54090
3,55190,367,0.0,7020,1097,54093
7,55197,367,0.0,7021,1097,54100
10,55207,367,0.0,7022,1097,54110
12,55219,367,0.0,7023,1097,54122
4,55223,367,0.0,7024,1097,54126
19,55242,367,0.0,7025,1097,54145
5,55247,367,0.0,7026,1097,54150
2,55249,367,0.0,7027,1097,54152
7,55256,367,0.0,7028,1097,54159
10,55266,367,0.0,7029,1097,54169
6,55272,367,0.0,7030,1097,54175
6,55278,367,0.0,7031,1097,54181
15,55293,367,0.0,7032,1097,54196
8,55301,367,0.0,7033,1097,54204
10,55311,367,0.0,7034,1097,54214
19,55330,368,1.0,7035,1097,54233
4,55334,368,0.0,7036,1097,54237
6,55340,368,0.0,7037,1097,54243
16,55356,368,0.0,7038,1097,54259
3,55359,368,0.0,7039,1097,54262
7,55366,368,0.0,7040,1097,54269
2,55368,368,0.0,7041,1097,54271
3,55371,368,0.0,7042,1097,54274
9,55380,368,0.0,7043,1097,54283
10,55390,368,0.0,7044,1097,54293
3,55393,368,0.0,7045,1097,54296
2,55395,368,0.0,7046,1097,54298
3,55398,368,0.0,7047,1097,54301
7,55405,368,0.0,7048,1097,54308
17,55422,368,0.0,7049,1097,54325
19,55441,368,0.0,7050,1097,54344
11,55452,368,0.0,7051,1097,54355
19,55471,369,1.0,7052,1097,54374
5,55476,369,0.0,7053,1097,54379
7,55483,369,0.0,7054,1097,54386
21,55504,369,0.0,7055,1097,54407
9,55513,369,0.0,7056,1097,54416
5,55518,369,0.0,7057,1097,54421
11,55529,369,0.0,7058,1097,54432
7,55536,369,0.0,7059,1097,54439
6,55542,369,0.0,7060,1097,54445
15,55557,369,0.0,7061,1097,54460
7,55564,369,0.0,7062,1097,54467
3,55567,369,0.0,7063,1097,54470
10,55577,369,0.0,7064,1097,54480
9,55586,369,0.0,7065,1097,54489
3,55589,369,0.0,7066,1097,54492
3,55592,369,0.0,7067,1097,54495
6,55598,369,0.0,7068,1097,54501
19,55617,369,0.0,7069,1097,54520
6,55623,369,0.0,7070,1097,54526
3,55626,369,0.0,7071,1097,54529
5,55631,369,0.0,7072,1097,54534
7,55638,369,0.0,7073,1097,54541
19,55657,370,1.0,7074,1097,54560
7,55664,370,0.0,7075,1097,54567
2,55666,370,0.0,7076,1097,54569
11,55677,370,0.0,7077,1097,54580
15,55692,371,1.0,7078,1097,54595
18,55710,371,0.0,7079,1097,54613
2,55712,371,0.0,7080,1097,54615
7,55719,371,0.0,7081,1097,54622
2,55721,371,0.0,7082,1097,54624
3,55724,371,0.0,7083,1097,54627
4,55728,371,0.0,7084,1097,54631
2,55730,371,0.0,7085,1097,54633
2,55732,371,0.0,7086,1097,54635
9,55741,372,1.0,7087,1097,54644
10,55751,372,0.0,7088,1097,54654
3,55754,372,0.0,7089,1097,54657
3,55757,372,0.0,7090,1097,54660
3,55760,372,0.0,7091,1097,54663
9,55769,372,0.0,7092,1097,54672
19,55788,373,1.0,7093,1097,54691
3,55791,373,0.0,7094,1097,54694
19,55810,374,1.0,7095,1097,54713
15,55825,375,1.0,7096,1097,54728
7,55832,375,0.0,7097,1097,54735
8,55840,375,0.0,7098,1097,54743
8,55848,375,0.0,7099,1097,54751
2,55850,375,0.0,7100,1097,54753
10,55860,375,0.0,7101,1097,54763
7,55867,375,0.0,7102,1097,54770
2,55869,375,0.0,7103,1097,54772
3,55872,375,0.0,7104,1097,54775
2,55874,375,0.0,7105,1097,54777
6,55880,375,0.0,7106,1097,54783
8,55888,375,0.0,7107,1097,54791
7,55895,375,0.0,7108,1097,54798
15,55910,375,0.0,7109,1097,54813
10,55920,375,0.0,7110,1097,54823
3,55923,375,0.0,7111,1097,54826
19,55942,376,1.0,7112,1097,54845
2,55944,376,0.0,7113,1097,54847
7,55951,376,0.0,7114,1097,54854
7,55958,376,0.0,7115,1097,54861
3,55961,376,0.0,7116,1097,54864
8,55969,376,0.0,7117,1097,54872
11,55980,376,0.0,7118,1097,54883
7,55987,376,0.0,7119,1097,54890
4,55991,376,0.0,7120,1097,54894
3,55994,376,0.0,7121,1097,54897
2,55996,376,0.0,7122,1097,54899
5,56001,376,0.0,7123,1097,54904
3,56004,376,0.0,7124,1097,54907
4,56008,376,0.0,7125,1097,54911
5,56013,376,0.0,7126,1097,54916
7,56020,376,0.0,7127,1097,54923
5,56025,376,0.0,7128,1097,54928
6,56031,376,0.0,7129,1097,54934
11,56042,376,0.0,7130,1097,54945
8,56050,376,0.0,7131,1097,54953
2,56052,376,0.0,7132,1097,54955
13,56065,376,0.0,7133,1097,54968
3,56068,376,0.0,7134,1097,54971
4,56072,376,0.0,7135,1097,54975
5,56077,376,0.0,7136,1097,54980
16,56093,376,0.0,7137,1097,54996
12,56105,376,0.0,7138,1097,55008
9,56114,376,0.0,7139,1097,55017
5,56119,376,0.0,7140,1097,55022
9,56128,377,1.0,7141,1097,55031
6,56134,377,0.0,7142,1097,55037
5,56139,377,0.0,7143,1097,55042
2,56141,377,0.0,7144,1097,55044
4,56145,377,0.0,7145,1097,55048
5,56150,377,0.0,7146,1097,55053
3,56153,377,0.0,7147,1097,55056
3,56156,377,0.0,7148,1097,55059
12,56168,377,0.0,7149,1097,55071
4,56172,377,0.0,7150,1097,55075
15,56187,377,0.0,7151,1097,55090
11,56198,377,0.0,7152,1097,55101
7,56205,377,0.0,7153,1097,55108
7,56212,377,0.0,7154,1097,55115
11,56223,377,0.0,7155,1097,55126
3,56226,377,0.0,7156,1097,55129
3,56229,377,0.0,7157,1097,55132
4,56233,377,0.0,7158,1097,55136
16,56249,377,0.0,7159,1097,55152
12,56261,377,0.0,7160,1097,55164
17,56278,377,0.0,7161,1097,55181
20,56298,377,0.0,7162,1097,55201
10,56308,377,0.0,7163,1097,55211
13,56321,377,0.0,7164,1097,55224
6,56327,377,0.0,7165,1097,55230
2,56329,377,0.0,7166,1097,55232
12,56341,377,0.0,7167,1097,55244
11,56352,378,1.0,7168,1097,55255
3,56355,378,0.0,7169,1097,55258
27,56382,378,0.0,7170,1097,55285
7,56389,378,0.0,7171,1097,55292
3,56392,378,0.0,7172,1097,55295
13,56405,378,0.0,7173,1097,55308
2,56407,378,0.0,7174,1097,55310
5,56412,378,0.0,7175,1097,55315
6,56418,378,0.0,7176,1097,55321
6,56424,378,0.0,7177,1097,55327
3,56427,378,0.0,7178,1097,55330
10,56437,378,0.0,7179,1097,55340
7,56444,378,0.0,7180,1097,55347
12,56456,378,0.0,7181,1097,55359
6,56462,378,0.0,7182,1097,55365
6,56468,378,0.0,7183,1097,55371
10,56478,378,0.0,7184,1097,55381
2,56480,378,0.0,7185,1097,55383
14,56494,378,0.0,7186,1097,55397
5,56499,378,0.0,7187,1097,55402
8,56507,378,0.0,7188,1097,55410
2,56509,378,0.0,7189,1097,55412
7,56516,378,0.0,7190,1097,55419
10,56526,378,0.0,7191,1097,55429
23,56549,378,0.0,7192,1097,55452
6,56555,378,0.0,7193,1097,55458
9,56564,378,0.0,7194,1097,55467
26,56590,378,0.0,7195,1097,55493
3,56593,378,0.0,7196,1097,55496
19,56612,379,1.0,7197,1097,55515
7,56619,379,0.0,7198,1097,55522
11,56630,380,1.0,7199,1097,55533
4,56634,380,0.0,7200,1097,55537
13,56647,380,0.0,7201,1097,55550
6,56653,380,0.0,7202,1097,55556
10,56663,380,0.0,7203,1097,55566
19,56682,380,0.0,7204,1097,55585
15,56697,380,0.0,7205,1097,55600
2,56699,380,0.0,7206,1097,55602
5,56704,380,0.0,7207,1097,55607
2,56706,380,0.0,7208,1097,55609
9,56715,380,0.0,7209,1097,55618
7,56722,380,0.0,7210,1097,55625
10,56732,380,0.0,7211,1097,55635
7,56739,380,0.0,7212,1097,55642
5,56744,380,0.0,7213,1097,55647
4,56748,380,0.0,7214,1097,55651
7,56755,380,0.0,7215,1097,55658
9,56764,380,0.0,7216,1097,55667
2,56766,380,0.0,7217,1097,55669
11,56777,380,0.0,7218,1097,55680
6,56783,380,0.0,7219,1097,55686
2,56785,380,0.0,7220,1097,55688
6,56791,380,0.0,7221,1097,55694
9,56800,380,0.0,7222,1097,55703
3,56803,380,0.0,7223,1097,55706
19,56822,381,1.0,7224,1097,55725
9,56831,381,0.0,7225,1097,55734
25,56856,381,0.0,7226,1097,55759
7,56863,381,0.0,7227,1097,55766
2,56865,381,0.0,7228,1097,55768
16,56881,381,0.0,7229,1097,55784
6,56887,381,0.0,7230,1097,55790
9,56896,381,0.0,7231,1097,55799
7,56903,381,0.0,7232,1097,55806
3,56906,381,0.0,7233,1097,55809
8,56914,381,0.0,7234,1097,55817
3,56917,381,0.0,7235,1097,55820
2,56919,381,0.0,7236,1097,55822
15,56934,381,0.0,7237,1097,55837
9,56943,381,0.0,7238,1097,55846
3,56946,381,0.0,7239,1097,55849
19,56965,382,1.0,7240,1097,55868
5,56970,382,0.0,7241,1097,55873
2,56972,382,0.0,7242,1097,55875
3,56975,382,0.0,7243,1097,55878
13,56988,382,0.0,7244,1097,55891
3,56991,382,0.0,7245,1097,55894
2,56993,382,0.0,7246,1097,55896
3,56996,382,0.0,7247,1097,55899
6,57002,382,0.0,7248,1097,55905
2,57004,382,0.0,7249,1097,55907
2,57006,382,0.0,7250,1097,55909
23,57029,382,0.0,7251,1097,55932
15,57044,383,1.0,7252,1097,55947
4,57048,383,0.0,7253,1097,55951
20,57068,383,0.0,7254,1097,55971
5,57073,383,0.0,7255,1097,55976
3,57076,383,0.0,7256,1097,55979
6,57082,383,0.0,7257,1097,55985
6,57088,383,0.0,7258,1097,55991
19,57107,384,1.0,7259,1097,56010
3,57110,384,0.0,7260,1097,56013
5,57115,384,0.0,7261,1097,56018
19,57134,385,1.0,7262,1097,56037
5,57139,385,0.0,7263,1097,56042
36,57175,385,0.0,7264,1097,56078
8,57183,385,0.0,7265,1097,56086
8,57191,385,0.0,7266,1097,56094
3,57194,385,0.0,7267,1097,56097
3,57197,385,0.0,7268,1097,56100
7,57204,385,0.0,7269,1097,56107
7,57211,385,0.0,7270,1097,56114
2,57213,385,0.0,7271,1097,56116
4,57217,385,0.0,7272,1097,56120
14,57231,385,0.0,7273,1097,56134
7,57238,385,0.0,7274,1097,56141
10,57248,385,0.0,7275,1097,56151
5,57253,385,0.0,7276,1097,56156
7,57260,385,0.0,7277,1097,56163
7,57267,385,0.0,7278,1097,56170
7,57274,385,0.0,7279,1097,56177
3,57277,385,0.0,7280,1097,56180
2,57279,385,0.0,7281,1097,56182
7,57286,385,0.0,7282,1097,56189
5,57291,385,0.0,7283,1097,56194
10,57301,385,0.0,7284,1097,56204
28,57329,385,0.0,7285,1097,56232
9,57338,385,0.0,7286,1097,56241
6,57344,385,0.0,7287,1097,56247
6,57350,385,0.0,7288,1097,56253
13,57363,385,0.0,7289,1097,56266
6,57369,385,0.0,7290,1097,56272
7,57376,385,0.0,7291,1097,56279
5,57381,385,0.0,7292,1097,56284
11,57392,385,0.0,7293,1097,56295
14,57406,385,0.0,7294,1097,56309
9,57415,385,0.0,7295,1097,56318
4,57419,385,0.0,7296,1097,56322
9,57428,385,0.0,7297,1097,56331
4,57432,385,0.0,7298,1097,56335
4,57436,385,0.0,7299,1097,56339
9,57445,385,0.0,7300,1097,56348
2,57447,385,0.0,7301,1097,56350
3,57450,385,0.0,7302,1097,56353
6,57456,385,0.0,7303,1097,56359
2,57458,385,0.0,7304,1097,56361
19,57477,386,1.0,7305,1097,56380
8,57485,386,0.0,7306,1097,56388
2,57487,386,0.0,7307,1097,56390
2,57489,386,0.0,7308,1097,56392
11,57500,386,0.0,7309,1097,56403
8,57508,386,0.0,7310,1097,56411
10,57518,386,0.0,7311,1097,56421
7,57525,386,0.0,7312,1097,56428
12,57537,386,0.0,7313,1097,56440
5,57542,386,0.0,7314,1097,56445
2,57544,386,0.0,7315,1097,56447
11,57555,386,0.0,7316,1097,56458
4,57559,386,0.0,7317,1097,56462
3,57562,386,0.0,7318,1097,56465
7,57569,386,0.0,7319,1097,56472
7,57576,386,0.0,7320,1097,56479
10,57586,386,0.0,7321,1097,56489
19,57605,387,1.0,7322,1097,56508
6,57611,387,0.0,7323,1097,56514
10,57621,387,0.0,7324,1097,56524
12,57633,387,0.0,7325,1097,56536
2,57635,387,0.0,7326,1097,56538
5,57640,387,0.0,7327,1097,56543
8,57648,387,0.0,7328,1097,56551
17,57665,387,0.0,7329,1097,56568
9,57674,387,0.0,7330,1097,56577
33,57707,387,0.0,7331,1097,56610
2,57709,387,0.0,7332,1097,56612
7,57716,387,0.0,7333,1097,56619
10,57726,387,0.0,7334,1097,56629
13,57739,387,0.0,7335,1097,56642
3,57742,387,0.0,7336,1097,56645
6,57748,387,0.0,7337,1097,56651
8,57756,387,0.0,7338,1097,56659
3,57759,387,0.0,7339,1097,56662
19,57778,388,1.0,7340,1097,56681
7,57785,388,0.0,7341,1097,56688
19,57804,389,1.0,7342,1097,56707
3,57807,389,0.0,7343,1097,56710
3,57810,389,0.0,7344,1097,56713
4,57814,389,0.0,7345,1097,56717
19,57833,390,1.0,7346,1097,56736
19,57852,391,1.0,7347,1097,56755
13,57865,391,0.0,7348,1097,56768
3,57868,391,0.0,7349,1097,56771
3,57871,391,0.0,7350,1097,56774
5,57876,391,0.0,7351,1097,56779
12,57888,391,0.0,7352,1097,56791
19,57907,392,1.0,7353,1097,56810
3,57910,392,0.0,7354,1097,56813
2,57912,392,0.0,7355,1097,56815
11,57923,393,1.0,7356,1097,56826
6,57929,393,0.0,7357,1097,56832
2,57931,393,0.0,7358,1097,56834
5,57936,393,0.0,7359,1097,56839
6,57942,393,0.0,7360,1097,56845
13,57955,393,0.0,7361,1097,56858
3,57958,393,0.0,7362,1097,56861
12,57970,393,0.0,7363,1097,56873
7,57977,393,0.0,7364,1097,56880
2,57979,393,0.0,7365,1097,56882
5,57984,393,0.0,7366,1097,56887
9,57993,393,0.0,7367,1097,56896
4,57997,393,0.0,7368,1097,56900
5,58002,393,0.0,7369,1097,56905
4,58006,393,0.0,7370,1097,56909
19,58025,394,1.0,7371,1097,56928
3,58028,394,0.0,7372,1097,56931
13,58041,394,0.0,7373,1097,56944
3,58044,394,0.0,7374,1097,56947
2,58046,394,0.0,7375,1097,56949
3,58049,394,0.0,7376,1097,56952
6,58055,394,0.0,7377,1097,56958
2,58057,394,0.0,7378,1097,56960
19,58076,395,1.0,7379,1097,56979
2,58078,395,0.0,7380,1097,56981
16,58094,395,0.0,7381,1097,56997
6,58100,395,0.0,7382,1097,57003
7,58107,395,0.0,7383,1097,57010
3,58110,395,0.0,7384,1097,57013
16,58126,395,0.0,7385,1097,57029
13,58139,395,0.0,7386,1097,57042
8,58147,395,0.0,7387,1097,57050
3,58150,395,0.0,7388,1097,57053
10,58160,395,0.0,7389,1097,57063
17,58177,395,0.0,7390,1097,57080
13,58190,395,0.0,7391,1097,57093
7,58197,395,0.0,7392,1097,57100
4,58201,395,0.0,7393,1097,57104
3,58204,395,0.0,7394,1097,57107
19,58223,396,1.0,7395,1097,57126
13,58236,396,0.0,7396,1097,57139
2,58238,396,0.0,7397,1097,57141
4,58242,396,0.0,7398,1097,57145
4,58246,396,0.0,7399,1097,57149
2,58248,396,0.0,7400,1097,57151
10,58258,396,0.0,7401,1097,57161
14,58272,396,0.0,7402,1097,57175
4,58276,396,0.0,7403,1097,57179
6,58282,396,0.0,7404,1097,57185
13,58295,396,0.0,7405,1097,57198
5,58300,396,0.0,7406,1097,57203
7,58307,396,0.0,7407,1097,57210
15,58322,396,0.0,7408,1097,57225
2,58324,396,0.0,7409,1097,57227
2,58326,396,0.0,7410,1097,57229
8,58334,396,0.0,7411,1097,57237
17,58351,396,0.0,7412,1097,57254
6,58357,396,0.0,7413,1097,57260
11,58368,396,0.0,7414,1097,57271
2,58370,396,0.0,7415,1097,57273
8,58378,396,0.0,7416,1097,57281
3,58381,396,0.0,7417,1097,57284
11,58392,397,1.0,7418,1097,57295
3,58395,397,0.0,7419,1097,57298
5,58400,397,0.0,7420,1097,57303
7,58407,397,0.0,7421,1097,57310
23,58430,397,0.0,7422,1097,57333
6,58436,397,0.0,7423,1097,57339
17,58453,397,0.0,7424,1097,57356
8,58461,397,0.0,7425,1097,57364
3,58464,397,0.0,7426,1097,57367
5,58469,397,0.0,7427,1097,57372
19,58488,398,1.0,7428,1097,57391
18,58506,398,0.0,7429,1097,57409
2,58508,398,0.0,7430,1097,57411
5,58513,398,0.0,7431,1097,57416
11,58524,398,0.0,7432,1097,57427
6,58530,398,0.0,7433,1097,57433
19,58549,399,1.0,7434,1097,57452
9,58558,399,0.0,7435,1097,57461
7,58565,399,0.0,7436,1097,57468
2,58567,399,0.0,7437,1097,57470
13,58580,399,0.0,7438,1097,57483
11,58591,400,1.0,7439,1097,57494
3,58594,400,0.0,7440,1097,57497
7,58601,400,0.0,7441,1097,57504
11,58612,400,0.0,7442,1097,57515
19,58631,401,1.0,7443,1097,57534
7,58638,401,0.0,7444,1097,57541
8,58646,401,0.0,7445,1097,57549
3,58649,401,0.0,7446,1097,57552
8,58657,401,0.0,7447,1097,57560
6,58663,401,0.0,7448,1097,57566
19,58682,402,1.0,7449,1097,57585
13,58695,402,0.0,7450,1097,57598
9,58704,402,0.0,7451,1097,57607
10,58714,402,0.0,7452,1097,57617
3,58717,402,0.0,7453,1097,57620
27,58744,402,0.0,7454,1097,57647
6,58750,402,0.0,7455,1097,57653
28,58778,402,0.0,7456,1097,57681
2,58780,402,0.0,7457,1097,57683
13,58793,402,0.0,7458,1097,57696
34,58827,402,0.0,7459,1097,57730
4,58831,402,0.0,7460,1097,57734
3,58834,402,0.0,7461,1097,57737
11,58845,402,0.0,7462,1097,57748
4,58849,402,0.0,7463,1097,57752
19,58868,403,1.0,7464,1097,57771
19,58887,404,1.0,7465,1097,57790
3,58890,404,0.0,7466,1097,57793
6,58896,404,0.0,7467,1097,57799
6,58902,404,0.0,7468,1097,57805
9,58911,404,0.0,7469,1097,57814
14,58925,404,0.0,7470,1097,57828
6,58931,404,0.0,7471,1097,57834
4,58935,404,0.0,7472,1097,57838
4,58939,404,0.0,7473,1097,57842
7,58946,404,0.0,7474,1097,57849
4,58950,404,0.0,7475,1097,57853
3,58953,404,0.0,7476,1097,57856
3,58956,404,0.0,7477,1097,57859
11,58967,404,0.0,7478,1097,57870
3,58970,404,0.0,7479,1097,57873
10,58980,404,0.0,7480,1097,57883
6,58986,404,0.0,7481,1097,57889
5,58991,404,0.0,7482,1097,57894
10,59001,404,0.0,7483,1097,57904
3,59004,404,0.0,7484,1097,57907
12,59016,404,0.0,7485,1097,57919
3,59019,404,0.0,7486,1097,57922
19,59038,405,1.0,7487,1097,57941
6,59044,405,0.0,7488,1097,57947
9,59053,405,0.0,7489,1097,57956
7,59060,405,0.0,7490,1097,57963
22,59082,405,0.0,7491,1097,57985
19,59101,406,1.0,7492,1097,58004
3,59104,406,0.0,7493,1097,58007
6,59110,406,0.0,7494,1097,58013
11,59121,406,0.0,7495,1097,58024
16,59137,406,0.0,7496,1097,58040
3,59140,406,0.0,7497,1097,58043
2,59142,406,0.0,7498,1097,58045
15,59157,406,0.0,7499,1097,58060
4,59161,406,0.0,7500,1097,58064
3,59164,406,0.0,7501,1097,58067
9,59173,406,0.0,7502,1097,58076
6,59179,406,0.0,7503,1097,58082
8,59187,406,0.0,7504,1097,58090
3,59190,406,0.0,7505,1097,58093
6,59196,406,0.0,7506,1097,58099
3,59199,406,0.0,7507,1097,58102
8,59207,406,0.0,7508,1097,58110
21,59228,406,0.0,7509,1097,58131
8,59236,406,0.0,7510,1097,58139
3,59239,406,0.0,7511,1097,58142
13,59252,406,0.0,7512,1097,58155
10,59262,406,0.0,7513,1097,58165
7,59269,406,0.0,7514,1097,58172
7,59276,406,0.0,7515,1097,58179
2,59278,406,0.0,7516,1097,58181
3,59281,406,0.0,7517,1097,58184
8,59289,406,0.0,7518,1097,58192
2,59291,406,0.0,7519,1097,58194
13,59304,406,0.0,7520,1097,58207
7,59311,406,0.0,7521,1097,58214
10,59321,406,0.0,7522,1097,58224
3,59324,406,0.0,7523,1097,58227
4,59328,406,0.0,7524,1097,58231
9,59337,406,0.0,7525,1097,58240
9,59346,406,0.0,7526,1097,58249
2,59348,406,0.0,7527,1097,58251
7,59355,406,0.0,7528,1097,58258
13,59368,406,0.0,7529,1097,58271
7,59375,406,0.0,7530,1097,58278
9,59384,406,0.0,7531,1097,58287
11,59395,407,1.0,7532,1097,58298
19,59414,408,1.0,7533,1097,58317
7,59421,408,0.0,7534,1097,58324
2,59423,408,0.0,7535,1097,58326
11,59434,409,1.0,7536,1097,58337
10,59444,409,0.0,7537,1097,58347
18,59462,409,0.0,7538,1097,58365
4,59466,409,0.0,7539,1097,58369
3,59469,409,0.0,7540,1097,58372
32,59501,409,0.0,7541,1097,58404
4,59505,409,0.0,7542,1097,58408
8,59513,409,0.0,7543,1097,58416
2,59515,409,0.0,7544,1097,58418
3,59518,409,0.0,7545,1097,58421
13,59531,409,0.0,7546,1097,58434
11,59542,410,1.0,7547,1097,58445
13,59555,410,0.0,7548,1097,58458
5,59560,410,0.0,7549,1097,58463
3,59563,410,0.0,7550,1097,58466
15,59578,411,1.0,7551,1097,58481
10,59588,411,0.0,7552,1097,58491
5,59593,411,0.0,7553,1097,58496
15,59608,411,0.0,7554,1097,58511
8,59616,411,0.0,7555,1097,58519
19,59635,412,1.0,7556,1097,58538
4,59639,412,0.0,7557,1097,58542
10,59649,412,0.0,7558,1097,58552
2,59651,412,0.0,7559,1097,58554
18,59669,412,0.0,7560,1097,58572
19,59688,413,1.0,7561,1097,58591
18,59706,413,0.0,7562,1097,58609
2,59708,413,0.0,7563,1097,58611
10,59718,413,0.0,7564,1097,58621
7,59725,413,0.0,7565,1097,58628
8,59733,413,0.0,7566,1097,58636
4,59737,413,0.0,7567,1097,58640
4,59741,413,0.0,7568,1097,58644
3,59744,413,0.0,7569,1097,58647
3,59747,413,0.0,7570,1097,58650
3,59750,413,0.0,7571,1097,58653
7,59757,413,0.0,7572,1097,58660
3,59760,413,0.0,7573,1097,58663
3,59763,413,0.0,7574,1097,58666
7,59770,413,0.0,7575,1097,58673
11,59781,413,0.0,7576,1097,58684
10,59791,413,0.0,7577,1097,58694
3,59794,413,0.0,7578,1097,58697
7,59801,413,0.0,7579,1097,58704
7,59808,413,0.0,7580,1097,58711
7,59815,413,0.0,7581,1097,58718
7,59822,413,0.0,7582,1097,58725
2,59824,413,0.0,7583,1097,58727
3,59827,413,0.0,7584,1097,58730
17,59844,413,0.0,7585,1097,58747
5,59849,413,0.0,7586,1097,58752
3,59852,413,0.0,7587,1097,58755
7,59859,413,0.0,7588,1097,58762
7,59866,413,0.0,7589,1097,58769
8,59874,413,0.0,7590,1097,58777
4,59878,413,0.0,7591,1097,58781
2,59880,413,0.0,7592,1097,58783
5,59885,413,0.0,7593,1097,58788
12,59897,413,0.0,7594,1097,58800
3,59900,413,0.0,7595,1097,58803
19,59919,414,1.0,7596,1097,58822
8,59927,414,0.0,7597,1097,58830
2,59929,414,0.0,7598,1097,58832
6,59935,414,0.0,7599,1097,58838
3,59938,414,0.0,7600,1097,58841
4,59942,414,0.0,7601,1097,58845
29,59971,414,0.0,7602,1097,58874
3,59974,414,0.0,7603,1097,58877
11,59985,414,0.0,7604,1097,58888
4,59989,414,0.0,7605,1097,58892
3,59992,414,0.0,7606,1097,58895
4,59996,414,0.0,7607,1097,58899
14,60010,414,0.0,7608,1097,58913
3,60013,414,0.0,7609,1097,58916
10,60023,414,0.0,7610,1097,58926
11,60034,415,1.0,7611,1097,58937
5,60039,415,0.0,7612,1097,58942
5,60044,415,0.0,7613,1097,58947
13,60057,415,0.0,7614,1097,58960
19,60076,416,1.0,7615,1097,58979
12,60088,416,0.0,7616,1097,58991
6,60094,416,0.0,7617,1097,58997
2,60096,416,0.0,7618,1097,58999
6,60102,416,0.0,7619,1097,59005
12,60114,416,0.0,7620,1097,59017
15,60129,416,0.0,7621,1097,59032
4,60133,416,0.0,7622,1097,59036
3,60136,416,0.0,7623,1097,59039
6,60142,416,0.0,7624,1097,59045
5,60147,416,0.0,7625,1097,59050
6,60153,416,0.0,7626,1097,59056
3,60156,416,0.0,7627,1097,59059
19,60175,417,1.0,7628,1097,59078
3,60178,417,0.0,7629,1097,59081
2,60180,417,0.0,7630,1097,59083
8,60188,417,0.0,7631,1097,59091
4,60192,417,0.0,7632,1097,59095
16,60208,417,0.0,7633,1097,59111
5,60213,417,0.0,7634,1097,59116
19,60232,418,1.0,7635,1097,59135
6,60238,418,0.0,7636,1097,59141
6,60244,418,0.0,7637,1097,59147
8,60252,418,0.0,7638,1097,59155
4,60256,418,0.0,7639,1097,59159
4,60260,418,0.0,7640,1097,59163
8,60268,418,0.0,7641,1097,59171
5,60273,418,0.0,7642,1097,59176
4,60277,418,0.0,7643,1097,59180
19,60296,419,1.0,7644,1097,59199
6,60302,419,0.0,7645,1097,59205
4,60306,419,0.0,7646,1097,59209
13,60319,419,0.0,7647,1097,59222
2,60321,419,0.0,7648,1097,59224
15,60336,419,0.0,7649,1097,59239
10,60346,419,0.0,7650,1097,59249
7,60353,419,0.0,7651,1097,59256
9,60362,419,0.0,7652,1097,59265
7,60369,419,0.0,7653,1097,59272
7,60376,419,0.0,7654,1097,59279
4,60380,419,0.0,7655,1097,59283
6,60386,419,0.0,7656,1097,59289
3,60389,419,0.0,7657,1097,59292
4,60393,419,0.0,7658,1097,59296
5,60398,419,0.0,7659,1097,59301
19,60417,420,1.0,7660,1097,59320
7,60424,420,0.0,7661,1097,59327
8,60432,420,0.0,7662,1097,59335
2,60434,420,0.0,7663,1097,59337
2,60436,420,0.0,7664,1097,59339
13,60449,420,0.0,7665,1097,59352
8,60457,420,0.0,7666,1097,59360
4,60461,420,0.0,7667,1097,59364
3,60464,420,0.0,7668,1097,59367
10,60474,420,0.0,7669,1097,59377
7,60481,420,0.0,7670,1097,59384
15,60496,421,1.0,7671,1097,59399
12,60508,421,0.0,7672,1097,59411
3,60511,421,0.0,7673,1097,59414
6,60517,421,0.0,7674,1097,59420
13,60530,421,0.0,7675,1097,59433
6,60536,421,0.0,7676,1097,59439
2,60538,421,0.0,7677,1097,59441
3,60541,421,0.0,7678,1097,59444
19,60560,422,1.0,7679,1097,59463
8,60568,422,0.0,7680,1097,59471
8,60576,422,0.0,7681,1097,59479
10,60586,422,0.0,7682,1097,59489
3,60589,422,0.0,7683,1097,59492
5,60594,422,0.0,7684,1097,59497
20,60614,422,0.0,7685,1097,59517
2,60616,422,0.0,7686,1097,59519
6,60622,422,0.0,7687,1097,59525
2,60624,422,0.0,7688,1097,59527
3,60627,422,0.0,7689,1097,59530
3,60630,422,0.0,7690,1097,59533
4,60634,422,0.0,7691,1097,59537
6,60640,422,0.0,7692,1097,59543
11,60651,422,0.0,7693,1097,59554
2,60653,422,0.0,7694,1097,59556
2,60655,422,0.0,7695,1097,59558
11,60666,422,0.0,7696,1097,59569
11,60677,423,1.0,7697,1097,59580
9,60686,423,0.0,7698,1097,59589
3,60689,423,0.0,7699,1097,59592
7,60696,423,0.0,7700,1097,59599
13,60709,423,0.0,7701,1097,59612
7,60716,423,0.0,7702,1097,59619
5,60721,423,0.0,7703,1097,59624
6,60727,423,0.0,7704,1097,59630
7,60734,423,0.0,7705,1097,59637
3,60737,423,0.0,7706,1097,59640
3,60740,423,0.0,7707,1097,59643
2,60742,423,0.0,7708,1097,59645
7,60749,423,0.0,7709,1097,59652
19,60768,424,1.0,7710,1097,59671
8,60776,424,0.0,7711,1097,59679
9,60785,424,0.0,7712,1097,59688
4,60789,424,0.0,7713,1097,59692
5,60794,424,0.0,7714,1097,59697
5,60799,424,0.0,7715,1097,59702
3,60802,424,0.0,7716,1097,59705
8,60810,424,0.0,7717,1097,59713
3,60813,424,0.0,7718,1097,59716
15,60828,425,1.0,7719,1097,59731
9,60837,425,0.0,7720,1097,59740
2,60839,425,0.0,7721,1097,59742
3,60842,425,0.0,7722,1097,59745
19,60861,426,1.0,7723,1097,59764
5,60866,426,0.0,7724,1097,59769
2,60868,426,0.0,7725,1097,59771
15,60883,427,1.0,7726,1097,59786
19,60902,428,1.0,7727,1097,59805
3,60905,428,0.0,7728,1097,59808
3,60908,428,0.0,7729,1097,59811
19,60927,429,1.0,7730,1097,59830
3,60930,429,0.0,7731,1097,59833
5,60935,429,0.0,7732,1097,59838
8,60943,429,0.0,7733,1097,59846
19,60962,430,1.0,7734,1097,59865
19,60981,431,1.0,7735,1097,59884
10,60991,431,0.0,7736,1097,59894
5,60996,431,0.0,7737,1097,59899
3,60999,431,0.0,7738,1097,59902
4,61003,431,0.0,7739,1097,59906
6,61009,431,0.0,7740,1097,59912
18,61027,431,0.0,7741,1097,59930
3,61030,431,0.0,7742,1097,59933
6,61036,431,0.0,7743,1097,59939
16,61052,431,0.0,7744,1097,59955
6,61058,431,0.0,7745,1097,59961
5,61063,431,0.0,7746,1097,59966
3,61066,431,0.0,7747,1097,59969
17,61083,431,0.0,7748,1097,59986
4,61087,431,0.0,7749,1097,59990
8,61095,431,0.0,7750,1097,59998
6,61101,431,0.0,7751,1097,60004
6,61107,431,0.0,7752,1097,60010
6,61113,431,0.0,7753,1097,60016
19,61132,431,0.0,7754,1097,60035
4,61136,431,0.0,7755,1097,60039
6,61142,431,0.0,7756,1097,60045
4,61146,431,0.0,7757,1097,60049
3,61149,431,0.0,7758,1097,60052
2,61151,431,0.0,7759,1097,60054
4,61155,431,0.0,7760,1097,60058
6,61161,431,0.0,7761,1097,60064
15,61176,431,0.0,7762,1097,60079
7,61183,431,0.0,7763,1097,60086
3,61186,431,0.0,7764,1097,60089
19,61205,432,1.0,7765,1097,60108
6,61211,432,0.0,7766,1097,60114
9,61220,432,0.0,7767,1097,60123
2,61222,432,0.0,7768,1097,60125
13,61235,432,0.0,7769,1097,60138
6,61241,432,0.0,7770,1097,60144
5,61246,432,0.0,7771,1097,60149
4,61250,432,0.0,7772,1097,60153
5,61255,432,0.0,7773,1097,60158
8,61263,432,0.0,7774,1097,60166
3,61266,432,0.0,7775,1097,60169
19,61285,433,1.0,7776,1097,60188
3,61288,433,0.0,7777,1097,60191
7,61295,433,0.0,7778,1097,60198
8,61303,433,0.0,7779,1097,60206
14,61317,433,0.0,7780,1097,60220
14,61331,433,0.0,7781,1097,60234
2,61333,433,0.0,7782,1097,60236
11,61344,433,0.0,7783,1097,60247
5,61349,433,0.0,7784,1097,60252
3,61352,433,0.0,7785,1097,60255
2,61354,433,0.0,7786,1097,60257
9,61363,433,0.0,7787,1097,60266
12,61375,433,0.0,7788,1097,60278
3,61378,433,0.0,7789,1097,60281
11,61389,433,0.0,7790,1097,60292
7,61396,433,0.0,7791,1097,60299
7,61403,433,0.0,7792,1097,60306
3,61406,433,0.0,7793,1097,60309
7,61413,433,0.0,7794,1097,60316
6,61419,433,0.0,7795,1097,60322
11,61430,433,0.0,7796,1097,60333
16,61446,433,0.0,7797,1097,60349
6,61452,433,0.0,7798,1097,60355
33,61485,433,0.0,7799,1097,60388
5,61490,433,0.0,7800,1097,60393
5,61495,433,0.0,7801,1097,60398
4,61499,433,0.0,7802,1097,60402
2,61501,433,0.0,7803,1097,60404
5,61506,433,0.0,7804,1097,60409
4,61510,433,0.0,7805,1097,60413
7,61517,433,0.0,7806,1097,60420
11,61528,434,1.0,7807,1097,60431
5,61533,434,0.0,7808,1097,60436
6,61539,434,0.0,7809,1097,60442
7,61546,434,0.0,7810,1097,60449
3,61549,434,0.0,7811,1097,60452
7,61556,434,0.0,7812,1097,60459
6,61562,434,0.0,7813,1097,60465
19,61581,435,1.0,7814,1097,60484
9,61590,435,0.0,7815,1097,60493
7,61597,435,0.0,7816,1097,60500
6,61603,435,0.0,7817,1097,60506
6,61609,435,0.0,7818,1097,60512
9,61618,435,0.0,7819,1097,60521
6,61624,435,0.0,7820,1097,60527
6,61630,435,0.0,7821,1097,60533
17,61647,435,0.0,7822,1097,60550
7,61654,435,0.0,7823,1097,60557
3,61657,435,0.0,7824,1097,60560
6,61663,435,0.0,7825,1097,60566
20,61683,435,0.0,7826,1097,60586
5,61688,435,0.0,7827,1097,60591
9,61697,435,0.0,7828,1097,60600
5,61702,435,0.0,7829,1097,60605
3,61705,435,0.0,7830,1097,60608
10,61715,435,0.0,7831,1097,60618
9,61724,435,0.0,7832,1097,60627
15,61739,436,1.0,7833,1097,60642
4,61743,436,0.0,7834,1097,60646
3,61746,436,0.0,7835,1097,60649
4,61750,436,0.0,7836,1097,60653
3,61753,436,0.0,7837,1097,60656
4,61757,436,0.0,7838,1097,60660
6,61763,436,0.0,7839,1097,60666
7,61770,436,0.0,7840,1097,60673
5,61775,436,0.0,7841,1097,60678
22,61797,436,0.0,7842,1097,60700
3,61800,436,0.0,7843,1097,60703
3,61803,436,0.0,7844,1097,60706
5,61808,436,0.0,7845,1097,60711
9,61817,436,0.0,7846,1097,60720
7,61824,436,0.0,7847,1097,60727
4,61828,436,0.0,7848,1097,60731
3,61831,436,0.0,7849,1097,60734
8,61839,436,0.0,7850,1097,60742
5,61844,436,0.0,7851,1097,60747
9,61853,436,0.0,7852,1097,60756
3,61856,436,0.0,7853,1097,60759
9,61865,436,0.0,7854,1097,60768
19,61884,437,1.0,7855,1097,60787
2,61886,437,0.0,7856,1097,60789
18,61904,437,0.0,7857,1097,60807
9,61913,437,0.0,7858,1097,60816
13,61926,437,0.0,7859,1097,60829
10,61936,437,0.0,7860,1097,60839
3,61939,437,0.0,7861,1097,60842
5,61944,437,0.0,7862,1097,60847
3,61947,437,0.0,7863,1097,60850
12,61959,437,0.0,7864,1097,60862
4,61963,437,0.0,7865,1097,60866
18,61981,437,0.0,7866,1097,60884
15,61996,437,0.0,7867,1097,60899
10,62006,437,0.0,7868,1097,60909
19,62025,437,0.0,7869,1097,60928
2,62027,437,0.0,7870,1097,60930
3,62030,437,0.0,7871,1097,60933
13,62043,437,0.0,7872,1097,60946
5,62048,437,0.0,7873,1097,60951
4,62052,437,0.0,7874,1097,60955
15,62067,437,0.0,7875,1097,60970
6,62073,437,0.0,7876,1097,60976
15,62088,437,0.0,7877,1097,60991
6,62094,437,0.0,7878,1097,60997
17,62111,437,0.0,7879,1097,61014
11,62122,438,1.0,7880,1097,61025
20,62142,438,0.0,7881,1097,61045
2,62144,438,0.0,7882,1097,61047
5,62149,438,0.0,7883,1097,61052
19,62168,438,0.0,7884,1097,61071
7,62175,438,0.0,7885,1097,61078
4,62179,438,0.0,7886,1097,61082
6,62185,438,0.0,7887,1097,61088
5,62190,438,0.0,7888,1097,61093
2,62192,438,0.0,7889,1097,61095
3,62195,438,0.0,7890,1097,61098
19,62214,438,0.0,7891,1097,61117
9,62223,438,0.0,7892,1097,61126
7,62230,438,0.0,7893,1097,61133
15,62245,438,0.0,7894,1097,61148
3,62248,438,0.0,7895,1097,61151
9,62257,438,0.0,7896,1097,61160
13,62270,438,0.0,7897,1097,61173
19,62289,439,1.0,7898,1097,61192
3,62292,439,0.0,7899,1097,61195
5,62297,439,0.0,7900,1097,61200
7,62304,439,0.0,7901,1097,61207
9,62313,439,0.0,7902,1097,61216
14,62327,439,0.0,7903,1097,61230
3,62330,439,0.0,7904,1097,61233
3,62333,439,0.0,7905,1097,61236
3,62336,439,0.0,7906,1097,61239
7,62343,439,0.0,7907,1097,61246
6,62349,439,0.0,7908,1097,61252
4,62353,439,0.0,7909,1097,61256
7,62360,439,0.0,7910,1097,61263
3,62363,439,0.0,7911,1097,61266
6,62369,439,0.0,7912,1097,61272
5,62374,439,0.0,7913,1097,61277
3,62377,439,0.0,7914,1097,61280
2,62379,439,0.0,7915,1097,61282
5,62384,439,0.0,7916,1097,61287
4,62388,439,0.0,7917,1097,61291
3,62391,439,0.0,7918,1097,61294
10,62401,439,0.0,7919,1097,61304
11,62412,440,1.0,7920,1097,61315
19,62431,440,0.0,7921,1097,61334
5,62436,440,0.0,7922,1097,61339
6,62442,440,0.0,7923,1097,61345
9,62451,440,0.0,7924,1097,61354
4,62455,440,0.0,7925,1097,61358
10,62465,440,0.0,7926,1097,61368
8,62473,440,0.0,7927,1097,61376
3,62476,440,0.0,7928,1097,61379
8,62484,440,0.0,7929,1097,61387
7,62491,440,0.0,7930,1097,61394
2,62493,440,0.0,7931,1097,61396
19,62512,441,1.0,7932,1097,61415
9,62521,441,0.0,7933,1097,61424
6,62527,441,0.0,7934,1097,61430
3,62530,441,0.0,7935,1097,61433
3,62533,441,0.0,7936,1097,61436
7,62540,441,0.0,7937,1097,61443
2,62542,441,0.0,7938,1097,61445
2,62544,441,0.0,7939,1097,61447
3,62547,441,0.0,7940,1097,61450
8,62555,441,0.0,7941,1097,61458
12,62567,441,0.0,7942,1097,61470
6,62573,441,0.0,7943,1097,61476
15,62588,441,0.0,7944,1097,61491
9,62597,441,0.0,7945,1097,61500
8,62605,441,0.0,7946,1097,61508
8,62613,441,0.0,7947,1097,61516
14,62627,441,0.0,7948,1097,61530
4,62631,441,0.0,7949,1097,61534
7,62638,441,0.0,7950,1097,61541
11,62649,442,1.0,7951,1097,61552
6,62655,442,0.0,7952,1097,61558
3,62658,442,0.0,7953,1097,61561
6,62664,442,0.0,7954,1097,61567
8,62672,442,0.0,7955,1097,61575
2,62674,442,0.0,7956,1097,61577
22,62696,442,0.0,7957,1097,61599
4,62700,442,0.0,7958,1097,61603
19,62719,443,1.0,7959,1097,61622
23,62742,443,0.0,7960,1097,61645
17,62759,443,0.0,7961,1097,61662
7,62766,443,0.0,7962,1097,61669
7,62773,443,0.0,7963,1097,61676
3,62776,443,0.0,7964,1097,61679
13,62789,443,0.0,7965,1097,61692
6,62795,443,0.0,7966,1097,61698
6,62801,443,0.0,7967,1097,61704
15,62816,443,0.0,7968,1097,61719
4,62820,443,0.0,7969,1097,61723
7,62827,443,0.0,7970,1097,61730
12,62839,443,0.0,7971,1097,61742
3,62842,443,0.0,7972,1097,61745
7,62849,443,0.0,7973,1097,61752
3,62852,443,0.0,7974,1097,61755
8,62860,443,0.0,7975,1097,61763
4,62864,443,0.0,7976,1097,61767
2,62866,443,0.0,7977,1097,61769
13,62879,443,0.0,7978,1097,61782
7,62886,443,0.0,7979,1097,61789
3,62889,443,0.0,7980,1097,61792
6,62895,443,0.0,7981,1097,61798
7,62902,443,0.0,7982,1097,61805
7,62909,443,0.0,7983,1097,61812
19,62928,444,1.0,7984,1097,61831
5,62933,444,0.0,7985,1097,61836
4,62937,444,0.0,7986,1097,61840
5,62942,444,0.0,7987,1097,61845
10,62952,444,0.0,7988,1097,61855
4,62956,444,0.0,7989,1097,61859
10,62966,444,0.0,7990,1097,61869
19,62985,445,1.0,7991,1097,61888
10,62995,445,0.0,7992,1097,61898
4,62999,445,0.0,7993,1097,61902
6,63005,445,0.0,7994,1097,61908
11,63016,445,0.0,7995,1097,61919
3,63019,445,0.0,7996,1097,61922
5,63024,445,0.0,7997,1097,61927
19,63043,446,1.0,7998,1097,61946
9,63052,446,0.0,7999,1097,61955
5,63057,446,0.0,8000,1097,61960
2,63059,446,0.0,8001,1097,61962
10,63069,446,0.0,8002,1097,61972
11,63080,446,0.0,8003,1097,61983
19,63099,447,1.0,8004,1097,62002
2,63101,447,0.0,8005,1097,62004
6,63107,447,0.0,8006,1097,62010
6,63113,447,0.0,8007,1097,62016
7,63120,447,0.0,8008,1097,62023
19,63139,448,1.0,8009,1097,62042
3,63142,448,0.0,8010,1097,62045
9,63151,448,0.0,8011,1097,62054
7,63158,448,0.0,8012,1097,62061
2,63160,448,0.0,8013,1097,62063
3,63163,448,0.0,8014,1097,62066
17,63180,448,0.0,8015,1097,62083
18,63198,448,0.0,8016,1097,62101
5,63203,448,0.0,8017,1097,62106
3,63206,448,0.0,8018,1097,62109
8,63214,448,0.0,8019,1097,62117
3,63217,448,0.0,8020,1097,62120
4,63221,448,0.0,8021,1097,62124
7,63228,448,0.0,8022,1097,62131
3,63231,448,0.0,8023,1097,62134
5,63236,448,0.0,8024,1097,62139
7,63243,448,0.0,8025,1097,62146
16,63259,448,0.0,8026,1097,62162
18,63277,448,0.0,8027,1097,62180
2,63279,448,0.0,8028,1097,62182
6,63285,448,0.0,8029,1097,62188
5,63290,448,0.0,8030,1097,62193
2,63292,448,0.0,8031,1097,62195
8,63300,448,0.0,8032,1097,62203
9,63309,448,0.0,8033,1097,62212
7,63316,448,0.0,8034,1097,62219
3,63319,448,0.0,8035,1097,62222
8,63327,448,0.0,8036,1097,62230
7,63334,448,0.0,8037,1097,62237
11,63345,449,1.0,8038,1097,62248
3,63348,449,0.0,8039,1097,62251
3,63351,449,0.0,8040,1097,62254
3,63354,449,0.0,8041,1097,62257
8,63362,449,0.0,8042,1097,62265
13,63375,449,0.0,8043,1097,62278
5,63380,449,0.0,8044,1097,62283
19,63399,450,1.0,8045,1097,62302
14,63413,450,0.0,8046,1097,62316
9,63422,450,0.0,8047,1097,62325
5,63427,450,0.0,8048,1097,62330
4,63431,450,0.0,8049,1097,62334
13,63444,450,0.0,8050,1097,62347
4,63448,450,0.0,8051,1097,62351
8,63456,450,0.0,8052,1097,62359
9,63465,450,0.0,8053,1097,62368
4,63469,450,0.0,8054,1097,62372
18,63487,450,0.0,8055,1097,62390
11,63498,450,0.0,8056,1097,62401
2,63500,450,0.0,8057,1097,62403
2,63502,450,0.0,8058,1097,62405
4,63506,450,0.0,8059,1097,62409
3,63509,450,0.0,8060,1097,62412
3,63512,450,0.0,8061,1097,62415
14,63526,450,0.0,8062,1097,62429
9,63535,450,0.0,8063,1097,62438
3,63538,450,0.0,8064,1097,62441
2,63540,450,0.0,8065,1097,62443
3,63543,450,0.0,8066,1097,62446
10,63553,450,0.0,8067,1097,62456
14,63567,450,0.0,8068,1097,62470
13,63580,450,0.0,8069,1097,62483
3,63583,450,0.0,8070,1097,62486
6,63589,450,0.0,8071,1097,62492
7,63596,450,0.0,8072,1097,62499
4,63600,450,0.0,8073,1097,62503
6,63606,450,0.0,8074,1097,62509
7,63613,450,0.0,8075,1097,62516
31,63644,450,0.0,8076,1097,62547
23,63667,450,0.0,8077,1097,62570
9,63676,450,0.0,8078,1097,62579
3,63679,450,0.0,8079,1097,62582
5,63684,450,0.0,8080,1097,62587
5,63689,450,0.0,8081,1097,62592
7,63696,450,0.0,8082,1097,62599
3,63699,450,0.0,8083,1097,62602
4,63703,450,0.0,8084,1097,62606
7,63710,450,0.0,8085,1097,62613
18,63728,450,0.0,8086,1097,62631
9,63737,450,0.0,8087,1097,62640
9,63746,450,0.0,8088,1097,62649
15,63761,450,0.0,8089,1097,62664
6,63767,450,0.0,8090,1097,62670
3,63770,450,0.0,8091,1097,62673
10,63780,450,0.0,8092,1097,62683
3,63783,450,0.0,8093,1097,62686
9,63792,450,0.0,8094,1097,62695
7,63799,450,0.0,8095,1097,62702
3,63802,450,0.0,8096,1097,62705
3,63805,450,0.0,8097,1097,62708
9,63814,450,0.0,8098,1097,62717
5,63819,450,0.0,8099,1097,62722
11,63830,450,0.0,8100,1097,62733
16,63846,450,0.0,8101,1097,62749
2,63848,450,0.0,8102,1097,62751
3,63851,450,0.0,8103,1097,62754
7,63858,450,0.0,8104,1097,62761
9,63867,450,0.0,8105,1097,62770
8,63875,450,0.0,8106,1097,62778
2,63877,450,0.0,8107,1097,62780
7,63884,450,0.0,8108,1097,62787
17,63901,450,0.0,8109,1097,62804
7,63908,450,0.0,8110,1097,62811
3,63911,450,0.0,8111,1097,62814
9,63920,450,0.0,8112,1097,62823
11,63931,451,1.0,8113,1097,62834
5,63936,451,0.0,8114,1097,62839
5,63941,451,0.0,8115,1097,62844
5,63946,451,0.0,8116,1097,62849
15,63961,452,1.0,8117,1097,62864
19,63980,452,0.0,8118,1097,62883
3,63983,452,0.0,8119,1097,62886
9,63992,452,0.0,8120,1097,62895
2,63994,452,0.0,8121,1097,62897
4,63998,452,0.0,8122,1097,62901
5,64003,452,0.0,8123,1097,62906
3,64006,452,0.0,8124,1097,62909
15,64021,453,1.0,8125,1097,62924
3,64024,453,0.0,8126,1097,62927
4,64028,453,0.0,8127,1097,62931
11,64039,453,0.0,8128,1097,62942
12,64051,453,0.0,8129,1097,62954
7,64058,453,0.0,8130,1097,62961
11,64069,453,0.0,8131,1097,62972
5,64074,453,0.0,8132,1097,62977
7,64081,453,0.0,8133,1097,62984
3,64084,453,0.0,8134,1097,62987
3,64087,453,0.0,8135,1097,62990
9,64096,453,0.0,8136,1097,62999
2,64098,453,0.0,8137,1097,63001
7,64105,453,0.0,8138,1097,63008
3,64108,453,0.0,8139,1097,63011
8,64116,453,0.0,8140,1097,63019
9,64125,453,0.0,8141,1097,63028
3,64128,453,0.0,8142,1097,63031
4,64132,453,0.0,8143,1097,63035
4,64136,453,0.0,8144,1097,63039
12,64148,453,0.0,8145,1097,63051
20,64168,453,0.0,8146,1097,63071
10,64178,453,0.0,8147,1097,63081
3,64181,453,0.0,8148,1097,63084
9,64190,453,0.0,8149,1097,63093
3,64193,453,0.0,8150,1097,63096
7,64200,453,0.0,8151,1097,63103
7,64207,453,0.0,8152,1097,63110
14,64221,453,0.0,8153,1097,63124
2,64223,453,0.0,8154,1097,63126
17,64240,453,0.0,8155,1097,63143
15,64255,454,1.0,8156,1097,63158
7,64262,454,0.0,8157,1097,63165
9,64271,454,0.0,8158,1097,63174
3,64274,454,0.0,8159,1097,63177
7,64281,454,0.0,8160,1097,63184
16,64297,454,0.0,8161,1097,63200
7,64304,454,0.0,8162,1097,63207
10,64314,454,0.0,8163,1097,63217
6,64320,454,0.0,8164,1097,63223
2,64322,454,0.0,8165,1097,63225
3,64325,454,0.0,8166,1097,63228
4,64329,454,0.0,8167,1097,63232
7,64336,454,0.0,8168,1097,63239
19,64355,455,1.0,8169,1097,63258
7,64362,455,0.0,8170,1097,63265
3,64365,455,0.0,8171,1097,63268
8,64373,455,0.0,8172,1097,63276
2,64375,455,0.0,8173,1097,63278
6,64381,455,0.0,8174,1097,63284
4,64385,455,0.0,8175,1097,63288
4,64389,455,0.0,8176,1097,63292
5,64394,455,0.0,8177,1097,63297
2,64396,455,0.0,8178,1097,63299
3,64399,455,0.0,8179,1097,63302
12,64411,455,0.0,8180,1097,63314
3,64414,455,0.0,8181,1097,63317
8,64422,455,0.0,8182,1097,63325
4,64426,455,0.0,8183,1097,63329
3,64429,455,0.0,8184,1097,63332
4,64433,455,0.0,8185,1097,63336
3,64436,455,0.0,8186,1097,63339
3,64439,455,0.0,8187,1097,63342
2,64441,455,0.0,8188,1097,63344
19,64460,456,1.0,8189,1097,63363
10,64470,456,0.0,8190,1097,63373
4,64474,456,0.0,8191,1097,63377
19,64493,457,1.0,8192,1097,63396
10,64503,457,0.0,8193,1097,63406
16,64519,457,0.0,8194,1097,63422
5,64524,457,0.0,8195,1097,63427
3,64527,457,0.0,8196,1097,63430
2,64529,457,0.0,8197,1097,63432
7,64536,457,0.0,8198,1097,63439
12,64548,457,0.0,8199,1097,63451
15,64563,458,1.0,8200,1097,63466
5,64568,458,0.0,8201,1097,63471
15,64583,459,1.0,8202,1097,63486
2,64585,459,0.0,8203,1097,63488
11,64596,459,0.0,8204,1097,63499
5,64601,459,0.0,8205,1097,63504
2,64603,459,0.0,8206,1097,63506
5,64608,459,0.0,8207,1097,63511
4,64612,459,0.0,8208,1097,63515
7,64619,459,0.0,8209,1097,63522
3,64622,459,0.0,8210,1097,63525
10,64632,459,0.0,8211,1097,63535
2,64634,459,0.0,8212,1097,63537
9,64643,459,0.0,8213,1097,63546
2,64645,459,0.0,8214,1097,63548
5,64650,459,0.0,8215,1097,63553
6,64656,459,0.0,8216,1097,63559
9,64665,459,0.0,8217,1097,63568
3,64668,459,0.0,8218,1097,63571
9,64677,459,0.0,8219,1097,63580
5,64682,459,0.0,8220,1097,63585
5,64687,459,0.0,8221,1097,63590
5,64692,459,0.0,8222,1097,63595
3,64695,459,0.0,8223,1097,63598
11,64706,459,0.0,8224,1097,63609
2,64708,459,0.0,8225,1097,63611
13,64721,459,0.0,8226,1097,63624
19,64740,460,1.0,8227,1097,63643
21,64761,460,0.0,8228,1097,63664
8,64769,460,0.0,8229,1097,63672
13,64782,460,0.0,8230,1097,63685
7,64789,460,0.0,8231,1097,63692
8,64797,460,0.0,8232,1097,63700
11,64808,460,0.0,8233,1097,63711
27,64835,460,0.0,8234,1097,63738
3,64838,460,0.0,8235,1097,63741
13,64851,460,0.0,8236,1097,63754
12,64863,460,0.0,8237,1097,63766
7,64870,460,0.0,8238,1097,63773
7,64877,460,0.0,8239,1097,63780
3,64880,460,0.0,8240,1097,63783
2,64882,460,0.0,8241,1097,63785
3,64885,460,0.0,8242,1097,63788
2,64887,460,0.0,8243,1097,63790
2,64889,460,0.0,8244,1097,63792
5,64894,460,0.0,8245,1097,63797
5,64899,460,0.0,8246,1097,63802
39,64938,460,0.0,8247,1097,63841
2,64940,460,0.0,8248,1097,63843
3,64943,460,0.0,8249,1097,63846
2,64945,460,0.0,8250,1097,63848
6,64951,460,0.0,8251,1097,63854
19,64970,460,0.0,8252,1097,63873
3,64973,460,0.0,8253,1097,63876
5,64978,460,0.0,8254,1097,63881
6,64984,460,0.0,8255,1097,63887
11,64995,460,0.0,8256,1097,63898
7,65002,460,0.0,8257,1097,63905
7,65009,460,0.0,8258,1097,63912
3,65012,460,0.0,8259,1097,63915
4,65016,460,0.0,8260,1097,63919
14,65030,460,0.0,8261,1097,63933
14,65044,460,0.0,8262,1097,63947
5,65049,460,0.0,8263,1097,63952
4,65053,460,0.0,8264,1097,63956
7,65060,460,0.0,8265,1097,63963
4,65064,460,0.0,8266,1097,63967
10,65074,460,0.0,8267,1097,63977
2,65076,460,0.0,8268,1097,63979
13,65089,460,0.0,8269,1097,63992
3,65092,460,0.0,8270,1097,63995
5,65097,460,0.0,8271,1097,64000
13,65110,460,0.0,8272,1097,64013
9,65119,460,0.0,8273,1097,64022
3,65122,460,0.0,8274,1097,64025
6,65128,460,0.0,8275,1097,64031
17,65145,460,0.0,8276,1097,64048
3,65148,460,0.0,8277,1097,64051
3,65151,460,0.0,8278,1097,64054
7,65158,460,0.0,8279,1097,64061
13,65171,460,0.0,8280,1097,64074
8,65179,460,0.0,8281,1097,64082
7,65186,460,0.0,8282,1097,64089
7,65193,460,0.0,8283,1097,64096
3,65196,460,0.0,8284,1097,64099
7,65203,460,0.0,8285,1097,64106
14,65217,460,0.0,8286,1097,64120
24,65241,460,0.0,8287,1097,64144
8,65249,460,0.0,8288,1097,64152
5,65254,460,0.0,8289,1097,64157
19,65273,461,1.0,8290,1097,64176
13,65286,461,0.0,8291,1097,64189
3,65289,461,0.0,8292,1097,64192
19,65308,462,1.0,8293,1097,64211
8,65316,462,0.0,8294,1097,64219
2,65318,462,0.0,8295,1097,64221
12,65330,462,0.0,8296,1097,64233
6,65336,462,0.0,8297,1097,64239
8,65344,462,0.0,8298,1097,64247
10,65354,462,0.0,8299,1097,64257
7,65361,462,0.0,8300,1097,64264
7,65368,462,0.0,8301,1097,64271
6,65374,462,0.0,8302,1097,64277
6,65380,462,0.0,8303,1097,64283
2,65382,462,0.0,8304,1097,64285
3,65385,462,0.0,8305,1097,64288
3,65388,462,0.0,8306,1097,64291
4,65392,462,0.0,8307,1097,64295
2,65394,462,0.0,8308,1097,64297
10,65404,462,0.0,8309,1097,64307
3,65407,462,0.0,8310,1097,64310
25,65432,462,0.0,8311,1097,64335
7,65439,462,0.0,8312,1097,64342
4,65443,462,0.0,8313,1097,64346
7,65450,462,0.0,8314,1097,64353
12,65462,462,0.0,8315,1097,64365
2,65464,462,0.0,8316,1097,64367
3,65467,462,0.0,8317,1097,64370
5,65472,462,0.0,8318,1097,64375
7,65479,462,0.0,8319,1097,64382
2,65481,462,0.0,8320,1097,64384
4,65485,462,0.0,8321,1097,64388
3,65488,462,0.0,8322,1097,64391
2,65490,462,0.0,8323,1097,64393
3,65493,462,0.0,8324,1097,64396
13,65506,462,0.0,8325,1097,64409
11,65517,463,1.0,8326,1097,64420
2,65519,463,0.0,8327,1097,64422
16,65535,463,0.0,8328,1097,64438
19,65554,464,1.0,8329,1097,64457
3,65557,464,0.0,8330,1097,64460
3,65560,464,0.0,8331,1097,64463
6,65566,464,0.0,8332,1097,64469
7,65573,464,0.0,8333,1097,64476
2,65575,464,0.0,8334,1097,64478
19,65594,465,1.0,8335,1097,64497
8,65602,465,0.0,8336,1097,64505
2,65604,465,0.0,8337,1097,64507
6,65610,465,0.0,8338,1097,64513
28,65638,465,0.0,8339,1097,64541
6,65644,465,0.0,8340,1097,64547
3,65647,465,0.0,8341,1097,64550
21,65668,465,0.0,8342,1097,64571
15,65683,465,0.0,8343,1097,64586
3,65686,465,0.0,8344,1097,64589
5,65691,465,0.0,8345,1097,64594
4,65695,465,0.0,8346,1097,64598
11,65706,466,1.0,8347,1097,64609
5,65711,466,0.0,8348,1097,64614
3,65714,466,0.0,8349,1097,64617
19,65733,467,1.0,8350,1097,64636
3,65736,467,0.0,8351,1097,64639
3,65739,467,0.0,8352,1097,64642
7,65746,467,0.0,8353,1097,64649
14,65760,467,0.0,8354,1097,64663
7,65767,467,0.0,8355,1097,64670
3,65770,467,0.0,8356,1097,64673
2,65772,467,0.0,8357,1097,64675
19,65791,468,1.0,8358,1097,64694
4,65795,468,0.0,8359,1097,64698
11,65806,468,0.0,8360,1097,64709
3,65809,468,0.0,8361,1097,64712
8,65817,468,0.0,8362,1097,64720
3,65820,468,0.0,8363,1097,64723
7,65827,468,0.0,8364,1097,64730
3,65830,468,0.0,8365,1097,64733
7,65837,468,0.0,8366,1097,64740
8,65845,468,0.0,8367,1097,64748
7,65852,468,0.0,8368,1097,64755
11,65863,469,1.0,8369,1097,64766
6,65869,469,0.0,8370,1097,64772
13,65882,469,0.0,8371,1097,64785
13,65895,469,0.0,8372,1097,64798
3,65898,469,0.0,8373,1097,64801
11,65909,469,0.0,8374,1097,64812
11,65920,469,0.0,8375,1097,64823
7,65927,469,0.0,8376,1097,64830
6,65933,469,0.0,8377,1097,64836
4,65937,469,0.0,8378,1097,64840
2,65939,469,0.0,8379,1097,64842
14,65953,469,0.0,8380,1097,64856
6,65959,469,0.0,8381,1097,64862
5,65964,469,0.0,8382,1097,64867
3,65967,469,0.0,8383,1097,64870
3,65970,469,0.0,8384,1097,64873
7,65977,469,0.0,8385,1097,64880
17,65994,469,0.0,8386,1097,64897
9,66003,469,0.0,8387,1097,64906
8,66011,469,0.0,8388,1097,64914
22,66033,470,1.0,8389,1097,64936
16,66049,470,0.0,8390,1097,64952
9,66058,470,0.0,8391,1097,64961
19,66077,471,1.0,8392,1097,64980
9,66086,472,1.0,8393,1097,64989
5,66091,472,0.0,8394,1097,64994
6,66097,472,0.0,8395,1097,65000
4,66101,472,0.0,8396,1097,65004
12,66113,472,0.0,8397,1097,65016
11,66124,472,0.0,8398,1097,65027
17,66141,472,0.0,8399,1097,65044
14,66155,472,0.0,8400,1097,65058
9,66164,472,0.0,8401,1097,65067
12,66176,472,0.0,8402,1097,65079
3,66179,472,0.0,8403,1097,65082
2,66181,472,0.0,8404,1097,65084
19,66200,473,1.0,8405,1097,65103
5,66205,473,0.0,8406,1097,65108
7,66212,473,0.0,8407,1097,65115
13,66225,473,0.0,8408,1097,65128
17,66242,473,0.0,8409,1097,65145
7,66249,473,0.0,8410,1097,65152
3,66252,473,0.0,8411,1097,65155
3,66255,473,0.0,8412,1097,65158
10,66265,473,0.0,8413,1097,65168
3,66268,473,0.0,8414,1097,65171
5,66273,473,0.0,8415,1097,65176
4,66277,473,0.0,8416,1097,65180
6,66283,473,0.0,8417,1097,65186
2,66285,473,0.0,8418,1097,65188
5,66290,473,0.0,8419,1097,65193
23,66313,473,0.0,8420,1097,65216
2,66315,473,0.0,8421,1097,65218
8,66323,473,0.0,8422,1097,65226
4,66327,473,0.0,8423,1097,65230
7,66334,473,0.0,8424,1097,65237
2,66336,473,0.0,8425,1097,65239
6,66342,473,0.0,8426,1097,65245
12,66354,473,0.0,8427,1097,65257
10,66364,473,0.0,8428,1097,65267
5,66369,473,0.0,8429,1097,65272
7,66376,473,0.0,8430,1097,65279
7,66383,473,0.0,8431,1097,65286
4,66387,473,0.0,8432,1097,65290
9,66396,473,0.0,8433,1097,65299
8,66404,473,0.0,8434,1097,65307
2,66406,473,0.0,8435,1097,65309
14,66420,473,0.0,8436,1097,65323
2,66422,473,0.0,8437,1097,65325
23,66445,473,0.0,8438,1097,65348
2,66447,473,0.0,8439,1097,65350
3,66450,473,0.0,8440,1097,65353
9,66459,473,0.0,8441,1097,65362
9,66468,473,0.0,8442,1097,65371
16,66484,473,0.0,8443,1097,65387
19,66503,473,0.0,8444,1097,65406
17,66520,473,0.0,8445,1097,65423
7,66527,473,0.0,8446,1097,65430
2,66529,473,0.0,8447,1097,65432
5,66534,473,0.0,8448,1097,65437
6,66540,473,0.0,8449,1097,65443
5,66545,473,0.0,8450,1097,65448
14,66559,473,0.0,8451,1097,65462
7,66566,473,0.0,8452,1097,65469
5,66571,473,0.0,8453,1097,65474
2,66573,473,0.0,8454,1097,65476
13,66586,473,0.0,8455,1097,65489
14,66600,473,0.0,8456,1097,65503
3,66603,473,0.0,8457,1097,65506
4,66607,473,0.0,8458,1097,65510
10,66617,473,0.0,8459,1097,65520
7,66624,473,0.0,8460,1097,65527
13,66637,473,0.0,8461,1097,65540
12,66649,473,0.0,8462,1097,65552
7,66656,473,0.0,8463,1097,65559
2,66658,473,0.0,8464,1097,65561
5,66663,473,0.0,8465,1097,65566
11,66674,473,0.0,8466,1097,65577
15,66689,474,1.0,8467,1097,65592
7,66696,474,0.0,8468,1097,65599
7,66703,474,0.0,8469,1097,65606
5,66708,474,0.0,8470,1097,65611
4,66712,474,0.0,8471,1097,65615
3,66715,474,0.0,8472,1097,65618
5,66720,474,0.0,8473,1097,65623
3,66723,474,0.0,8474,1097,65626
3,66726,474,0.0,8475,1097,65629
2,66728,474,0.0,8476,1097,65631
9,66737,474,0.0,8477,1097,65640
12,66749,474,0.0,8478,1097,65652
10,66759,474,0.0,8479,1097,65662
12,66771,474,0.0,8480,1097,65674
10,66781,474,0.0,8481,1097,65684
6,66787,474,0.0,8482,1097,65690
4,66791,474,0.0,8483,1097,65694
3,66794,474,0.0,8484,1097,65697
7,66801,474,0.0,8485,1097,65704
4,66805,474,0.0,8486,1097,65708
10,66815,474,0.0,8487,1097,65718
18,66833,474,0.0,8488,1097,65736
7,66840,474,0.0,8489,1097,65743
2,66842,474,0.0,8490,1097,65745
13,66855,474,0.0,8491,1097,65758
4,66859,474,0.0,8492,1097,65762
18,66877,474,0.0,8493,1097,65780
19,66896,475,1.0,8494,1097,65799
7,66903,475,0.0,8495,1097,65806
10,66913,475,0.0,8496,1097,65816
9,66922,475,0.0,8497,1097,65825
18,66940,475,0.0,8498,1097,65843
8,66948,475,0.0,8499,1097,65851
2,66950,475,0.0,8500,1097,65853
6,66956,475,0.0,8501,1097,65859
2,66958,475,0.0,8502,1097,65861
21,66979,475,0.0,8503,1097,65882
10,66989,475,0.0,8504,1097,65892
7,66996,475,0.0,8505,1097,65899
15,67011,475,0.0,8506,1097,65914
4,67015,475,0.0,8507,1097,65918
9,67024,475,0.0,8508,1097,65927
13,67037,475,0.0,8509,1097,65940
7,67044,475,0.0,8510,1097,65947
4,67048,475,0.0,8511,1097,65951
2,67050,475,0.0,8512,1097,65953
19,67069,476,1.0,8513,1097,65972
12,67081,476,0.0,8514,1097,65984
3,67084,476,0.0,8515,1097,65987
4,67088,476,0.0,8516,1097,65991
4,67092,476,0.0,8517,1097,65995
9,67101,476,0.0,8518,1097,66004
10,67111,476,0.0,8519,1097,66014
19,67130,477,1.0,8520,1097,66033
7,67137,477,0.0,8521,1097,66040
11,67148,478,1.0,8522,1097,66051
22,67170,478,0.0,8523,1097,66073
6,67176,478,0.0,8524,1097,66079
11,67187,478,0.0,8525,1097,66090
9,67196,478,0.0,8526,1097,66099
19,67215,479,1.0,8527,1097,66118
14,67229,479,0.0,8528,1097,66132
15,67244,480,1.0,8529,1097,66147
13,67257,480,0.0,8530,1097,66160
2,67259,480,0.0,8531,1097,66162
6,67265,480,0.0,8532,1097,66168
11,67276,480,0.0,8533,1097,66179
10,67286,480,0.0,8534,1097,66189
7,67293,480,0.0,8535,1097,66196
19,67312,481,1.0,8536,1097,66215
3,67315,481,0.0,8537,1097,66218
4,67319,481,0.0,8538,1097,66222
3,67322,481,0.0,8539,1097,66225
9,67331,481,0.0,8540,1097,66234
3,67334,481,0.0,8541,1097,66237
3,67337,481,0.0,8542,1097,66240
4,67341,481,0.0,8543,1097,66244
15,67356,482,1.0,8544,1097,66259
5,67361,482,0.0,8545,1097,66264
3,67364,482,0.0,8546,1097,66267
19,67383,483,1.0,8547,1097,66286
3,67386,483,0.0,8548,1097,66289
11,67397,484,1.0,8549,1097,66300
11,67408,484,0.0,8550,1097,66311
2,67410,484,0.0,8551,1097,66313
7,67417,484,0.0,8552,1097,66320
9,67426,484,0.0,8553,1097,66329
2,67428,484,0.0,8554,1097,66331
2,67430,484,0.0,8555,1097,66333
2,67432,484,0.0,8556,1097,66335
3,67435,484,0.0,8557,1097,66338
2,67437,484,0.0,8558,1097,66340
8,67445,484,0.0,8559,1097,66348
7,67452,484,0.0,8560,1097,66355
4,67456,484,0.0,8561,1097,66359
23,67479,484,0.0,8562,1097,66382
3,67482,484,0.0,8563,1097,66385
10,67492,484,0.0,8564,1097,66395
7,67499,484,0.0,8565,1097,66402
3,67502,484,0.0,8566,1097,66405
5,67507,484,0.0,8567,1097,66410
11,67518,484,0.0,8568,1097,66421
2,67520,484,0.0,8569,1097,66423
5,67525,484,0.0,8570,1097,66428
13,67538,484,0.0,8571,1097,66441
2,67540,484,0.0,8572,1097,66443
11,67551,484,0.0,8573,1097,66454
9,67560,484,0.0,8574,1097,66463
4,67564,484,0.0,8575,1097,66467
6,67570,484,0.0,8576,1097,66473
19,67589,485,1.0,8577,1097,66492
12,67601,485,0.0,8578,1097,66504
9,67610,485,0.0,8579,1097,66513
9,67619,485,0.0,8580,1097,66522
12,67631,485,0.0,8581,1097,66534
13,67644,485,0.0,8582,1097,66547
7,67651,485,0.0,8583,1097,66554
6,67657,485,0.0,8584,1097,66560
4,67661,485,0.0,8585,1097,66564
7,67668,485,0.0,8586,1097,66571
6,67674,485,0.0,8587,1097,66577
3,67677,485,0.0,8588,1097,66580
4,67681,485,0.0,8589,1097,66584
16,67697,485,0.0,8590,1097,66600
8,67705,485,0.0,8591,1097,66608
13,67718,485,0.0,8592,1097,66621
6,67724,485,0.0,8593,1097,66627
6,67730,485,0.0,8594,1097,66633
7,67737,485,0.0,8595,1097,66640
14,67751,485,0.0,8596,1097,66654
6,67757,485,0.0,8597,1097,66660
15,67772,485,0.0,8598,1097,66675
2,67774,485,0.0,8599,1097,66677
10,67784,485,0.0,8600,1097,66687
5,67789,485,0.0,8601,1097,66692
3,67792,485,0.0,8602,1097,66695
29,67821,485,0.0,8603,1097,66724
10,67831,485,0.0,8604,1097,66734
3,67834,485,0.0,8605,1097,66737
5,67839,485,0.0,8606,1097,66742
6,67845,485,0.0,8607,1097,66748
28,67873,486,1.0,8608,1097,66776
7,67880,486,0.0,8609,1097,66783
20,67900,486,0.0,8610,1097,66803
8,67908,486,0.0,8611,1097,66811
16,67924,486,0.0,8612,1097,66827
7,67931,486,0.0,8613,1097,66834
11,67942,486,0.0,8614,1097,66845
7,67949,486,0.0,8615,1097,66852
5,67954,486,0.0,8616,1097,66857
7,67961,486,0.0,8617,1097,66864
6,67967,486,0.0,8618,1097,66870
10,67977,486,0.0,8619,1097,66880
3,67980,486,0.0,8620,1097,66883
7,67987,486,0.0,8621,1097,66890
7,67994,486,0.0,8622,1097,66897
2,67996,486,0.0,8623,1097,66899
4,68000,486,0.0,8624,1097,66903
19,68019,487,1.0,8625,1097,66922
6,68025,487,0.0,8626,1097,66928
3,68028,487,0.0,8627,1097,66931
2,68030,487,0.0,8628,1097,66933
7,68037,487,0.0,8629,1097,66940
5,68042,487,0.0,8630,1097,66945
10,68052,487,0.0,8631,1097,66955
23,68075,487,0.0,8632,1097,66978
2,68077,487,0.0,8633,1097,66980
6,68083,487,0.0,8634,1097,66986
3,68086,487,0.0,8635,1097,66989
7,68093,487,0.0,8636,1097,66996
9,68102,487,0.0,8637,1097,67005
11,68113,487,0.0,8638,1097,67016
5,68118,487,0.0,8639,1097,67021
5,68123,487,0.0,8640,1097,67026
3,68126,487,0.0,8641,1097,67029
6,68132,487,0.0,8642,1097,67035
3,68135,487,0.0,8643,1097,67038
3,68138,487,0.0,8644,1097,67041
7,68145,487,0.0,8645,1097,67048
7,68152,487,0.0,8646,1097,67055
8,68160,487,0.0,8647,1097,67063
9,68169,487,0.0,8648,1097,67072
7,68176,487,0.0,8649,1097,67079
10,68186,487,0.0,8650,1097,67089
3,68189,487,0.0,8651,1097,67092
4,68193,487,0.0,8652,1097,67096
7,68200,487,0.0,8653,1097,67103
7,68207,487,0.0,8654,1097,67110
2,68209,487,0.0,8655,1097,67112
2,68211,487,0.0,8656,1097,67114
5,68216,487,0.0,8657,1097,67119
3,68219,487,0.0,8658,1097,67122
7,68226,487,0.0,8659,1097,67129
6,68232,487,0.0,8660,1097,67135
14,68246,487,0.0,8661,1097,67149
7,68253,487,0.0,8662,1097,67156
7,68260,487,0.0,8663,1097,67163
8,68268,487,0.0,8664,1097,67171
7,68275,487,0.0,8665,1097,67178
3,68278,487,0.0,8666,1097,67181
16,68294,487,0.0,8667,1097,67197
2,68296,487,0.0,8668,1097,67199
2,68298,487,0.0,8669,1097,67201
9,68307,487,0.0,8670,1097,67210
15,68322,487,0.0,8671,1097,67225
2,68324,487,0.0,8672,1097,67227
2,68326,487,0.0,8673,1097,67229
3,68329,487,0.0,8674,1097,67232
3,68332,487,0.0,8675,1097,67235
3,68335,487,0.0,8676,1097,67238
11,68346,488,1.0,8677,1097,67249
2,68348,488,0.0,8678,1097,67251
15,68363,489,1.0,8679,1097,67266
12,68375,489,0.0,8680,1097,67278
2,68377,489,0.0,8681,1097,67280
13,68390,489,0.0,8682,1097,67293
7,68397,489,0.0,8683,1097,67300
3,68400,489,0.0,8684,1097,67303
5,68405,489,0.0,8685,1097,67308
8,68413,489,0.0,8686,1097,67316
3,68416,489,0.0,8687,1097,67319
13,68429,489,0.0,8688,1097,67332
7,68436,489,0.0,8689,1097,67339
13,68449,489,0.0,8690,1097,67352
7,68456,489,0.0,8691,1097,67359
20,68476,489,0.0,8692,1097,67379
19,68495,490,1.0,8693,1097,67398
6,68501,490,0.0,8694,1097,67404
19,68520,491,1.0,8695,1097,67423
4,68524,491,0.0,8696,1097,67427
9,68533,491,0.0,8697,1097,67436
16,68549,491,0.0,8698,1097,67452
3,68552,491,0.0,8699,1097,67455
7,68559,491,0.0,8700,1097,67462
4,68563,491,0.0,8701,1097,67466
4,68567,491,0.0,8702,1097,67470
10,68577,491,0.0,8703,1097,67480
6,68583,491,0.0,8704,1097,67486
2,68585,491,0.0,8705,1097,67488
17,68602,491,0.0,8706,1097,67505
6,68608,491,0.0,8707,1097,67511
3,68611,491,0.0,8708,1097,67514
15,68626,491,0.0,8709,1097,67529
2,68628,491,0.0,8710,1097,67531
7,68635,491,0.0,8711,1097,67538
3,68638,491,0.0,8712,1097,67541
3,68641,491,0.0,8713,1097,67544
5,68646,491,0.0,8714,1097,67549
18,68664,491,0.0,8715,1097,67567
19,68683,492,1.0,8716,1097,67586
3,68686,492,0.0,8717,1097,67589
3,68689,492,0.0,8718,1097,67592
9,68698,492,0.0,8719,1097,67601
9,68707,492,0.0,8720,1097,67610
6,68713,492,0.0,8721,1097,67616
7,68720,492,0.0,8722,1097,67623
12,68732,492,0.0,8723,1097,67635
3,68735,492,0.0,8724,1097,67638
3,68738,492,0.0,8725,1097,67641
10,68748,492,0.0,8726,1097,67651
5,68753,492,0.0,8727,1097,67656
6,68759,492,0.0,8728,1097,67662
28,68787,492,0.0,8729,1097,67690
2,68789,492,0.0,8730,1097,67692
2,68791,492,0.0,8731,1097,67694
4,68795,492,0.0,8732,1097,67698
3,68798,492,0.0,8733,1097,67701
9,68807,492,0.0,8734,1097,67710
19,68826,493,1.0,8735,1097,67729
5,68831,493,0.0,8736,1097,67734
19,68850,494,1.0,8737,1097,67753
6,68856,494,0.0,8738,1097,67759
18,68874,494,0.0,8739,1097,67777
7,68881,494,0.0,8740,1097,67784
19,68900,495,1.0,8741,1097,67803
2,68902,495,0.0,8742,1097,67805
6,68908,495,0.0,8743,1097,67811
3,68911,495,0.0,8744,1097,67814
2,68913,495,0.0,8745,1097,67816
19,68932,496,1.0,8746,1097,67835
7,68939,496,0.0,8747,1097,67842
7,68946,496,0.0,8748,1097,67849
2,68948,496,0.0,8749,1097,67851
6,68954,496,0.0,8750,1097,67857
4,68958,496,0.0,8751,1097,67861
4,68962,496,0.0,8752,1097,67865
5,68967,496,0.0,8753,1097,67870
8,68975,496,0.0,8754,1097,67878
2,68977,496,0.0,8755,1097,67880
4,68981,496,0.0,8756,1097,67884
4,68985,496,0.0,8757,1097,67888
15,69000,496,0.0,8758,1097,67903
19,69019,497,1.0,8759,1097,67922
4,69023,497,0.0,8760,1097,67926
7,69030,497,0.0,8761,1097,67933
3,69033,497,0.0,8762,1097,67936
7,69040,497,0.0,8763,1097,67943
6,69046,497,0.0,8764,1097,67949
7,69053,497,0.0,8765,1097,67956
6,69059,497,0.0,8766,1097,67962
3,69062,497,0.0,8767,1097,67965
2,69064,497,0.0,8768,1097,67967
19,69083,498,1.0,8769,1097,67986
20,69103,498,0.0,8770,1097,68006
3,69106,498,0.0,8771,1097,68009
5,69111,498,0.0,8772,1097,68014
16,69127,498,0.0,8773,1097,68030
10,69137,498,0.0,8774,1097,68040
3,69140,498,0.0,8775,1097,68043
15,69155,499,1.0,8776,1097,68058
10,69165,499,0.0,8777,1097,68068
3,69168,499,0.0,8778,1097,68071
11,69179,500,1.0,8779,1097,68082
3,69182,500,0.0,8780,1097,68085
19,69201,501,1.0,8781,1097,68104
3,69204,501,0.0,8782,1097,68107
4,69208,501,0.0,8783,1097,68111
5,69213,501,0.0,8784,1097,68116
3,69216,501,0.0,8785,1097,68119
2,69218,501,0.0,8786,1097,68121
4,69222,501,0.0,8787,1097,68125
9,69231,501,0.0,8788,1097,68134
5,69236,501,0.0,8789,1097,68139
3,69239,501,0.0,8790,1097,68142
2,69241,501,0.0,8791,1097,68144
4,69245,501,0.0,8792,1097,68148
9,69254,501,0.0,8793,1097,68157
19,69273,502,1.0,8794,1097,68176
10,69283,502,0.0,8795,1097,68186
2,69285,502,0.0,8796,1097,68188
2,69287,502,0.0,8797,1097,68190
3,69290,502,0.0,8798,1097,68193
18,69308,502,0.0,8799,1097,68211
2,69310,502,0.0,8800,1097,68213
13,69323,502,0.0,8801,1097,68226
7,69330,502,0.0,8802,1097,68233
3,69333,502,0.0,8803,1097,68236
2,69335,502,0.0,8804,1097,68238
4,69339,502,0.0,8805,1097,68242
6,69345,502,0.0,8806,1097,68248
19,69364,503,1.0,8807,1097,68267
7,69371,503,0.0,8808,1097,68274
4,69375,503,0.0,8809,1097,68278
2,69377,503,0.0,8810,1097,68280
4,69381,503,0.0,8811,1097,68284
5,69386,503,0.0,8812,1097,68289
5,69391,503,0.0,8813,1097,68294
6,69397,503,0.0,8814,1097,68300
15,69412,503,0.0,8815,1097,68315
3,69415,503,0.0,8816,1097,68318
22,69437,503,0.0,8817,1097,68340
10,69447,503,0.0,8818,1097,68350
5,69452,503,0.0,8819,1097,68355
8,69460,503,0.0,8820,1097,68363
6,69466,503,0.0,8821,1097,68369
19,69485,504,1.0,8822,1097,68388
19,69504,505,1.0,8823,1097,68407
11,69515,506,1.0,8824,1097,68418
17,69532,506,0.0,8825,1097,68435
4,69536,506,0.0,8826,1097,68439
4,69540,506,0.0,8827,1097,68443
14,69554,506,0.0,8828,1097,68457
10,69564,506,0.0,8829,1097,68467
3,69567,506,0.0,8830,1097,68470
3,69570,506,0.0,8831,1097,68473
3,69573,506,0.0,8832,1097,68476
7,69580,506,0.0,8833,1097,68483
13,69593,506,0.0,8834,1097,68496
4,69597,506,0.0,8835,1097,68500
12,69609,506,0.0,8836,1097,68512
25,69634,506,0.0,8837,1097,68537
5,69639,506,0.0,8838,1097,68542
19,69658,507,1.0,8839,1097,68561
9,69667,507,0.0,8840,1097,68570
7,69674,507,0.0,8841,1097,68577
5,69679,507,0.0,8842,1097,68582
7,69686,507,0.0,8843,1097,68589
9,69695,507,0.0,8844,1097,68598
2,69697,507,0.0,8845,1097,68600
9,69706,507,0.0,8846,1097,68609
3,69709,507,0.0,8847,1097,68612
9,69718,507,0.0,8848,1097,68621
19,69737,507,0.0,8849,1097,68640
4,69741,507,0.0,8850,1097,68644
6,69747,507,0.0,8851,1097,68650
15,69762,508,1.0,8852,1097,68665
2,69764,508,0.0,8853,1097,68667
8,69772,508,0.0,8854,1097,68675
5,69777,508,0.0,8855,1097,68680
2,69779,508,0.0,8856,1097,68682
11,69790,508,0.0,8857,1097,68693
10,69800,508,0.0,8858,1097,68703
4,69804,508,0.0,8859,1097,68707
9,69813,508,0.0,8860,1097,68716
3,69816,508,0.0,8861,1097,68719
15,69831,508,0.0,8862,1097,68734
6,69837,508,0.0,8863,1097,68740
9,69846,508,0.0,8864,1097,68749
15,69861,508,0.0,8865,1097,68764
3,69864,508,0.0,8866,1097,68767
19,69883,508,0.0,8867,1097,68786
10,69893,508,0.0,8868,1097,68796
3,69896,508,0.0,8869,1097,68799
3,69899,508,0.0,8870,1097,68802
5,69904,508,0.0,8871,1097,68807
3,69907,508,0.0,8872,1097,68810
3,69910,508,0.0,8873,1097,68813
4,69914,508,0.0,8874,1097,68817
7,69921,508,0.0,8875,1097,68824
3,69924,508,0.0,8876,1097,68827
11,69935,508,0.0,8877,1097,68838
13,69948,508,0.0,8878,1097,68851
7,69955,508,0.0,8879,1097,68858
4,69959,508,0.0,8880,1097,68862
5,69964,508,0.0,8881,1097,68867
19,69983,509,1.0,8882,1097,68886
12,69995,509,0.0,8883,1097,68898
3,69998,509,0.0,8884,1097,68901
19,70017,510,1.0,8885,1097,68920
3,70020,510,0.0,8886,1097,68923
3,70023,510,0.0,8887,1097,68926
3,70026,510,0.0,8888,1097,68929
8,70034,510,0.0,8889,1097,68937
10,70044,510,0.0,8890,1097,68947
3,70047,510,0.0,8891,1097,68950
4,70051,510,0.0,8892,1097,68954
7,70058,510,0.0,8893,1097,68961
7,70065,510,0.0,8894,1097,68968
10,70075,510,0.0,8895,1097,68978
5,70080,510,0.0,8896,1097,68983
3,70083,510,0.0,8897,1097,68986
12,70095,510,0.0,8898,1097,68998
6,70101,510,0.0,8899,1097,69004
6,70107,510,0.0,8900,1097,69010
6,70113,510,0.0,8901,1097,69016
29,70142,510,0.0,8902,1097,69045
7,70149,510,0.0,8903,1097,69052
7,70156,510,0.0,8904,1097,69059
3,70159,510,0.0,8905,1097,69062
7,70166,510,0.0,8906,1097,69069
5,70171,510,0.0,8907,1097,69074
23,70194,510,0.0,8908,1097,69097
2,70196,510,0.0,8909,1097,69099
5,70201,510,0.0,8910,1097,69104
13,70214,510,0.0,8911,1097,69117
10,70224,510,0.0,8912,1097,69127
15,70239,510,0.0,8913,1097,69142
6,70245,510,0.0,8914,1097,69148
3,70248,510,0.0,8915,1097,69151
3,70251,510,0.0,8916,1097,69154
3,70254,510,0.0,8917,1097,69157
3,70257,510,0.0,8918,1097,69160
4,70261,510,0.0,8919,1097,69164
5,70266,510,0.0,8920,1097,69169
3,70269,510,0.0,8921,1097,69172
6,70275,510,0.0,8922,1097,69178
6,70281,510,0.0,8923,1097,69184
25,70306,510,0.0,8924,1097,69209
2,70308,510,0.0,8925,1097,69211
9,70317,510,0.0,8926,1097,69220
6,70323,510,0.0,8927,1097,69226
4,70327,510,0.0,8928,1097,69230
4,70331,510,0.0,8929,1097,69234
5,70336,510,0.0,8930,1097,69239
2,70338,510,0.0,8931,1097,69241
2,70340,510,0.0,8932,1097,69243
10,70350,510,0.0,8933,1097,69253
12,70362,510,0.0,8934,1097,69265
15,70377,510,0.0,8935,1097,69280
3,70380,510,0.0,8936,1097,69283
8,70388,510,0.0,8937,1097,69291
8,70396,510,0.0,8938,1097,69299
13,70409,510,0.0,8939,1097,69312
2,70411,510,0.0,8940,1097,69314
13,70424,510,0.0,8941,1097,69327
6,70430,510,0.0,8942,1097,69333
5,70435,510,0.0,8943,1097,69338
7,70442,510,0.0,8944,1097,69345
3,70445,510,0.0,8945,1097,69348
9,70454,510,0.0,8946,1097,69357
8,70462,510,0.0,8947,1097,69365
6,70468,510,0.0,8948,1097,69371
17,70485,510,0.0,8949,1097,69388
9,70494,510,0.0,8950,1097,69397
3,70497,510,0.0,8951,1097,69400
5,70502,510,0.0,8952,1097,69405
7,70509,510,0.0,8953,1097,69412
16,70525,510,0.0,8954,1097,69428
5,70530,510,0.0,8955,1097,69433
3,70533,510,0.0,8956,1097,69436
7,70540,510,0.0,8957,1097,69443
7,70547,510,0.0,8958,1097,69450
11,70558,510,0.0,8959,1097,69461
11,70569,510,0.0,8960,1097,69472
7,70576,510,0.0,8961,1097,69479
5,70581,510,0.0,8962,1097,69484
3,70584,510,0.0,8963,1097,69487
16,70600,510,0.0,8964,1097,69503
3,70603,510,0.0,8965,1097,69506
15,70618,511,1.0,8966,1097,69521
11,70629,512,1.0,8967,1097,69532
11,70640,512,0.0,8968,1097,69543
14,70654,512,0.0,8969,1097,69557
10,70664,512,0.0,8970,1097,69567
9,70673,512,0.0,8971,1097,69576
8,70681,512,0.0,8972,1097,69584
9,70690,512,0.0,8973,1097,69593
8,70698,512,0.0,8974,1097,69601
3,70701,512,0.0,8975,1097,69604
22,70723,512,0.0,8976,1097,69626
5,70728,512,0.0,8977,1097,69631
7,70735,512,0.0,8978,1097,69638
4,70739,512,0.0,8979,1097,69642
4,70743,512,0.0,8980,1097,69646
9,70752,512,0.0,8981,1097,69655
3,70755,512,0.0,8982,1097,69658
5,70760,512,0.0,8983,1097,69663
2,70762,512,0.0,8984,1097,69665
18,70780,512,0.0,8985,1097,69683
3,70783,512,0.0,8986,1097,69686
29,70812,512,0.0,8987,1097,69715
6,70818,512,0.0,8988,1097,69721
7,70825,512,0.0,8989,1097,69728
3,70828,512,0.0,8990,1097,69731
18,70846,512,0.0,8991,1097,69749
3,70849,512,0.0,8992,1097,69752
3,70852,512,0.0,8993,1097,69755
14,70866,512,0.0,8994,1097,69769
2,70868,512,0.0,8995,1097,69771
8,70876,512,0.0,8996,1097,69779
5,70881,512,0.0,8997,1097,69784
15,70896,512,0.0,8998,1097,69799
10,70906,512,0.0,8999,1097,69809
3,70909,512,0.0,9000,1097,69812
19,70928,513,1.0,9001,1097,69831
7,70935,513,0.0,9002,1097,69838
9,70944,513,0.0,9003,1097,69847
10,70954,513,0.0,9004,1097,69857
3,70957,513,0.0,9005,1097,69860
2,70959,513,0.0,9006,1097,69862
3,70962,513,0.0,9007,1097,69865
3,70965,513,0.0,9008,1097,69868
13,70978,513,0.0,9009,1097,69881
3,70981,513,0.0,9010,1097,69884
2,70983,513,0.0,9011,1097,69886
7,70990,513,0.0,9012,1097,69893
3,70993,513,0.0,9013,1097,69896
3,70996,513,0.0,9014,1097,69899
9,71005,514,1.0,9015,1097,69908
2,71007,514,0.0,9016,1097,69910
6,71013,514,0.0,9017,1097,69916
9,71022,514,0.0,9018,1097,69925
6,71028,514,0.0,9019,1097,69931
15,71043,514,0.0,9020,1097,69946
26,71069,514,0.0,9021,1097,69972
2,71071,514,0.0,9022,1097,69974
12,71083,514,0.0,9023,1097,69986
4,71087,514,0.0,9024,1097,69990
10,71097,514,0.0,9025,1097,70000
4,71101,514,0.0,9026,1097,70004
8,71109,514,0.0,9027,1097,70012
7,71116,514,0.0,9028,1097,70019
2,71118,514,0.0,9029,1097,70021
3,71121,514,0.0,9030,1097,70024
8,71129,514,0.0,9031,1097,70032
11,71140,514,0.0,9032,1097,70043
3,71143,514,0.0,9033,1097,70046
6,71149,514,0.0,9034,1097,70052
8,71157,514,0.0,9035,1097,70060
8,71165,514,0.0,9036,1097,70068
6,71171,514,0.0,9037,1097,70074
4,71175,514,0.0,9038,1097,70078
7,71182,514,0.0,9039,1097,70085
4,71186,514,0.0,9040,1097,70089
11,71197,514,0.0,9041,1097,70100
7,71204,514,0.0,9042,1097,70107
10,71214,514,0.0,9043,1097,70117
5,71219,514,0.0,9044,1097,70122
10,71229,514,0.0,9045,1097,70132
7,71236,514,0.0,9046,1097,70139
7,71243,514,0.0,9047,1097,70146
3,71246,514,0.0,9048,1097,70149
28,71274,514,0.0,9049,1097,70177
7,71281,514,0.0,9050,1097,70184
5,71286,514,0.0,9051,1097,70189
2,71288,514,0.0,9052,1097,70191
3,71291,514,0.0,9053,1097,70194
19,71310,515,1.0,9054,1097,70213
5,71315,515,0.0,9055,1097,70218
20,71335,515,0.0,9056,1097,70238
7,71342,515,0.0,9057,1097,70245
10,71352,515,0.0,9058,1097,70255
9,71361,515,0.0,9059,1097,70264
4,71365,515,0.0,9060,1097,70268
11,71376,515,0.0,9061,1097,70279
3,71379,515,0.0,9062,1097,70282
2,71381,515,0.0,9063,1097,70284
2,71383,515,0.0,9064,1097,70286
2,71385,515,0.0,9065,1097,70288
13,71398,515,0.0,9066,1097,70301
2,71400,515,0.0,9067,1097,70303
15,71415,515,0.0,9068,1097,70318
3,71418,515,0.0,9069,1097,70321
11,71429,515,0.0,9070,1097,70332
9,71438,515,0.0,9071,1097,70341
5,71443,515,0.0,9072,1097,70346
5,71448,515,0.0,9073,1097,70351
8,71456,515,0.0,9074,1097,70359
2,71458,515,0.0,9075,1097,70361
2,71460,515,0.0,9076,1097,70363
22,71482,515,0.0,9077,1097,70385
5,71487,515,0.0,9078,1097,70390
2,71489,515,0.0,9079,1097,70392
11,71500,516,1.0,9080,1097,70403
6,71506,516,0.0,9081,1097,70409
2,71508,516,0.0,9082,1097,70411
6,71514,516,0.0,9083,1097,70417
7,71521,516,0.0,9084,1097,70424
3,71524,516,0.0,9085,1097,70427
19,71543,516,0.0,9086,1097,70446
12,71555,516,0.0,9087,1097,70458
19,71574,517,1.0,9088,1097,70477
5,71579,517,0.0,9089,1097,70482
3,71582,517,0.0,9090,1097,70485
2,71584,517,0.0,9091,1097,70487
21,71605,517,0.0,9092,1097,70508
2,71607,517,0.0,9093,1097,70510
3,71610,517,0.0,9094,1097,70513
3,71613,517,0.0,9095,1097,70516
12,71625,517,0.0,9096,1097,70528
13,71638,517,0.0,9097,1097,70541
7,71645,517,0.0,9098,1097,70548
7,71652,517,0.0,9099,1097,70555
27,71679,517,0.0,9100,1097,70582
6,71685,517,0.0,9101,1097,70588
4,71689,517,0.0,9102,1097,70592
3,71692,517,0.0,9103,1097,70595
10,71702,517,0.0,9104,1097,70605
7,71709,517,0.0,9105,1097,70612
3,71712,517,0.0,9106,1097,70615
3,71715,517,0.0,9107,1097,70618
2,71717,517,0.0,9108,1097,70620
14,71731,517,0.0,9109,1097,70634
6,71737,517,0.0,9110,1097,70640
5,71742,517,0.0,9111,1097,70645
5,71747,517,0.0,9112,1097,70650
3,71750,517,0.0,9113,1097,70653
6,71756,517,0.0,9114,1097,70659
2,71758,517,0.0,9115,1097,70661
7,71765,517,0.0,9116,1097,70668
3,71768,517,0.0,9117,1097,70671
8,71776,517,0.0,9118,1097,70679
5,71781,517,0.0,9119,1097,70684
5,71786,517,0.0,9120,1097,70689
11,71797,517,0.0,9121,1097,70700
53,71850,517,0.0,9122,1097,70753
12,71862,517,0.0,9123,1097,70765
19,71881,518,1.0,9124,1097,70784
5,71886,518,0.0,9125,1097,70789
19,71905,519,1.0,9126,1097,70808
3,71908,519,0.0,9127,1097,70811
2,71910,519,0.0,9128,1097,70813
7,71917,519,0.0,9129,1097,70820
19,71936,520,1.0,9130,1097,70839
8,71944,520,0.0,9131,1097,70847
5,71949,520,0.0,9132,1097,70852
5,71954,520,0.0,9133,1097,70857
4,71958,520,0.0,9134,1097,70861
10,71968,520,0.0,9135,1097,70871
7,71975,520,0.0,9136,1097,70878
24,71999,520,0.0,9137,1097,70902
16,72015,520,0.0,9138,1097,70918
5,72020,520,0.0,9139,1097,70923
3,72023,520,0.0,9140,1097,70926
17,72040,520,0.0,9141,1097,70943
8,72048,520,0.0,9142,1097,70951
3,72051,520,0.0,9143,1097,70954
2,72053,520,0.0,9144,1097,70956
3,72056,520,0.0,9145,1097,70959
6,72062,520,0.0,9146,1097,70965
3,72065,520,0.0,9147,1097,70968
8,72073,520,0.0,9148,1097,70976
3,72076,520,0.0,9149,1097,70979
19,72095,521,1.0,9150,1097,70998
3,72098,521,0.0,9151,1097,71001
16,72114,521,0.0,9152,1097,71017
3,72117,521,0.0,9153,1097,71020
7,72124,521,0.0,9154,1097,71027
5,72129,521,0.0,9155,1097,71032
5,72134,521,0.0,9156,1097,71037
6,72140,521,0.0,9157,1097,71043
3,72143,521,0.0,9158,1097,71046
10,72153,521,0.0,9159,1097,71056
2,72155,521,0.0,9160,1097,71058
8,72163,521,0.0,9161,1097,71066
9,72172,521,0.0,9162,1097,71075
16,72188,521,0.0,9163,1097,71091
25,72213,521,0.0,9164,1097,71116
3,72216,521,0.0,9165,1097,71119
12,72228,521,0.0,9166,1097,71131
10,72238,521,0.0,9167,1097,71141
7,72245,521,0.0,9168,1097,71148
18,72263,521,0.0,9169,1097,71166
3,72266,521,0.0,9170,1097,71169
2,72268,521,0.0,9171,1097,71171
9,72277,521,0.0,9172,1097,71180
2,72279,521,0.0,9173,1097,71182
4,72283,521,0.0,9174,1097,71186
5,72288,521,0.0,9175,1097,71191
2,72290,521,0.0,9176,1097,71193
9,72299,521,0.0,9177,1097,71202
8,72307,521,0.0,9178,1097,71210
5,72312,521,0.0,9179,1097,71215
2,72314,521,0.0,9180,1097,71217
3,72317,521,0.0,9181,1097,71220
16,72333,521,0.0,9182,1097,71236
7,72340,521,0.0,9183,1097,71243
5,72345,521,0.0,9184,1097,71248
2,72347,521,0.0,9185,1097,71250
6,72353,521,0.0,9186,1097,71256
3,72356,521,0.0,9187,1097,71259
7,72363,521,0.0,9188,1097,71266
11,72374,521,0.0,9189,1097,71277
8,72382,521,0.0,9190,1097,71285
13,72395,521,0.0,9191,1097,71298
5,72400,521,0.0,9192,1097,71303
7,72407,521,0.0,9193,1097,71310
6,72413,521,0.0,9194,1097,71316
19,72432,522,1.0,9195,1097,71335
3,72435,522,0.0,9196,1097,71338
6,72441,522,0.0,9197,1097,71344
5,72446,522,0.0,9198,1097,71349
25,72471,522,0.0,9199,1097,71374
5,72476,522,0.0,9200,1097,71379
3,72479,522,0.0,9201,1097,71382
12,72491,522,0.0,9202,1097,71394
7,72498,522,0.0,9203,1097,71401
4,72502,522,0.0,9204,1097,71405
7,72509,522,0.0,9205,1097,71412
4,72513,522,0.0,9206,1097,71416
14,72527,522,0.0,9207,1097,71430
2,72529,522,0.0,9208,1097,71432
7,72536,522,0.0,9209,1097,71439
2,72538,522,0.0,9210,1097,71441
9,72547,522,0.0,9211,1097,71450
6,72553,522,0.0,9212,1097,71456
9,72562,522,0.0,9213,1097,71465
19,72581,523,1.0,9214,1097,71484
2,72583,523,0.0,9215,1097,71486
14,72597,523,0.0,9216,1097,71500
15,72612,523,0.0,9217,1097,71515
3,72615,523,0.0,9218,1097,71518
7,72622,523,0.0,9219,1097,71525
9,72631,524,1.0,9220,1097,71534
2,72633,524,0.0,9221,1097,71536
5,72638,524,0.0,9222,1097,71541
5,72643,524,0.0,9223,1097,71546
15,72658,525,1.0,9224,1097,71561
10,72668,525,0.0,9225,1097,71571
6,72674,525,0.0,9226,1097,71577
24,72698,525,0.0,9227,1097,71601
2,72700,525,0.0,9228,1097,71603
8,72708,525,0.0,9229,1097,71611
3,72711,525,0.0,9230,1097,71614
9,72720,525,0.0,9231,1097,71623
19,72739,526,1.0,9232,1097,71642
10,72749,526,0.0,9233,1097,71652
7,72756,526,0.0,9234,1097,71659
5,72761,526,0.0,9235,1097,71664
19,72780,527,1.0,9236,1097,71683
8,72788,527,0.0,9237,1097,71691
4,72792,527,0.0,9238,1097,71695
2,72794,527,0.0,9239,1097,71697
5,72799,527,0.0,9240,1097,71702
2,72801,527,0.0,9241,1097,71704
11,72812,527,0.0,9242,1097,71715
23,72835,527,0.0,9243,1097,71738
8,72843,527,0.0,9244,1097,71746
7,72850,527,0.0,9245,1097,71753
29,72879,527,0.0,9246,1097,71782
14,72893,527,0.0,9247,1097,71796
15,72908,527,0.0,9248,1097,71811
13,72921,527,0.0,9249,1097,71824
7,72928,527,0.0,9250,1097,71831
3,72931,527,0.0,9251,1097,71834
7,72938,527,0.0,9252,1097,71841
4,72942,527,0.0,9253,1097,71845
8,72950,527,0.0,9254,1097,71853
6,72956,527,0.0,9255,1097,71859
10,72966,527,0.0,9256,1097,71869
6,72972,527,0.0,9257,1097,71875
11,72983,527,0.0,9258,1097,71886
23,73006,527,0.0,9259,1097,71909
5,73011,527,0.0,9260,1097,71914
17,73028,527,0.0,9261,1097,71931
6,73034,527,0.0,9262,1097,71937
2,73036,527,0.0,9263,1097,71939
3,73039,527,0.0,9264,1097,71942
7,73046,527,0.0,9265,1097,71949
7,73053,527,0.0,9266,1097,71956
3,73056,527,0.0,9267,1097,71959
4,73060,527,0.0,9268,1097,71963
8,73068,527,0.0,9269,1097,71971
7,73075,527,0.0,9270,1097,71978
6,73081,527,0.0,9271,1097,71984
7,73088,527,0.0,9272,1097,71991
9,73097,527,0.0,9273,1097,72000
5,73102,527,0.0,9274,1097,72005
3,73105,527,0.0,9275,1097,72008
11,73116,527,0.0,9276,1097,72019
2,73118,527,0.0,9277,1097,72021
9,73127,527,0.0,9278,1097,72030
20,73147,527,0.0,9279,1097,72050
5,73152,527,0.0,9280,1097,72055
6,73158,527,0.0,9281,1097,72061
4,73162,527,0.0,9282,1097,72065
16,73178,527,0.0,9283,1097,72081
3,73181,527,0.0,9284,1097,72084
3,73184,527,0.0,9285,1097,72087
2,73186,527,0.0,9286,1097,72089
4,73190,527,0.0,9287,1097,72093
4,73194,527,0.0,9288,1097,72097
2,73196,527,0.0,9289,1097,72099
7,73203,527,0.0,9290,1097,72106
5,73208,527,0.0,9291,1097,72111
19,73227,528,1.0,9292,1097,72130
3,73230,528,0.0,9293,1097,72133
7,73237,528,0.0,9294,1097,72140
7,73244,528,0.0,9295,1097,72147
2,73246,528,0.0,9296,1097,72149
4,73250,528,0.0,9297,1097,72153
8,73258,528,0.0,9298,1097,72161
16,73274,528,0.0,9299,1097,72177
8,73282,528,0.0,9300,1097,72185
4,73286,528,0.0,9301,1097,72189
6,73292,528,0.0,9302,1097,72195
3,73295,528,0.0,9303,1097,72198
5,73300,528,0.0,9304,1097,72203
13,73313,528,0.0,9305,1097,72216
2,73315,528,0.0,9306,1097,72218
4,73319,528,0.0,9307,1097,72222
17,73336,528,0.0,9308,1097,72239
5,73341,528,0.0,9309,1097,72244
3,73344,528,0.0,9310,1097,72247
12,73356,528,0.0,9311,1097,72259
3,73359,528,0.0,9312,1097,72262
6,73365,528,0.0,9313,1097,72268
2,73367,528,0.0,9314,1097,72270
3,73370,528,0.0,9315,1097,72273
6,73376,528,0.0,9316,1097,72279
7,73383,528,0.0,9317,1097,72286
3,73386,528,0.0,9318,1097,72289
2,73388,528,0.0,9319,1097,72291
10,73398,528,0.0,9320,1097,72301
3,73401,528,0.0,9321,1097,72304
19,73420,529,1.0,9322,1097,72323
8,73428,529,0.0,9323,1097,72331
7,73435,529,0.0,9324,1097,72338
3,73438,529,0.0,9325,1097,72341
6,73444,529,0.0,9326,1097,72347
7,73451,529,0.0,9327,1097,72354
2,73453,529,0.0,9328,1097,72356
11,73464,529,0.0,9329,1097,72367
6,73470,529,0.0,9330,1097,72373
19,73489,530,1.0,9331,1097,72392
19,73508,531,1.0,9332,1097,72411
6,73514,531,0.0,9333,1097,72417
4,73518,531,0.0,9334,1097,72421
9,73527,531,0.0,9335,1097,72430
2,73529,531,0.0,9336,1097,72432
3,73532,531,0.0,9337,1097,72435
4,73536,531,0.0,9338,1097,72439
7,73543,531,0.0,9339,1097,72446
2,73545,531,0.0,9340,1097,72448
3,73548,531,0.0,9341,1097,72451
14,73562,531,0.0,9342,1097,72465
2,73564,531,0.0,9343,1097,72467
23,73587,531,0.0,9344,1097,72490
2,73589,531,0.0,9345,1097,72492
4,73593,531,0.0,9346,1097,72496
12,73605,531,0.0,9347,1097,72508
2,73607,531,0.0,9348,1097,72510
3,73610,531,0.0,9349,1097,72513
2,73612,531,0.0,9350,1097,72515
5,73617,531,0.0,9351,1097,72520
7,73624,531,0.0,9352,1097,72527
6,73630,531,0.0,9353,1097,72533
16,73646,531,0.0,9354,1097,72549
11,73657,531,0.0,9355,1097,72560
2,73659,531,0.0,9356,1097,72562
2,73661,531,0.0,9357,1097,72564
4,73665,531,0.0,9358,1097,72568
4,73669,531,0.0,9359,1097,72572
5,73674,531,0.0,9360,1097,72577
10,73684,531,0.0,9361,1097,72587
3,73687,531,0.0,9362,1097,72590
3,73690,531,0.0,9363,1097,72593
9,73699,531,0.0,9364,1097,72602
5,73704,531,0.0,9365,1097,72607
9,73713,531,0.0,9366,1097,72616
8,73721,531,0.0,9367,1097,72624
2,73723,531,0.0,9368,1097,72626
2,73725,531,0.0,9369,1097,72628
16,73741,531,0.0,9370,1097,72644
3,73744,531,0.0,9371,1097,72647
8,73752,531,0.0,9372,1097,72655
2,73754,531,0.0,9373,1097,72657
19,73773,532,1.0,9374,1097,72676
11,73784,532,0.0,9375,1097,72687
4,73788,532,0.0,9376,1097,72691
23,73811,532,0.0,9377,1097,72714
2,73813,532,0.0,9378,1097,72716
3,73816,532,0.0,9379,1097,72719
7,73823,532,0.0,9380,1097,72726
7,73830,532,0.0,9381,1097,72733
17,73847,532,0.0,9382,1097,72750
9,73856,532,0.0,9383,1097,72759
8,73864,532,0.0,9384,1097,72767
15,73879,533,1.0,9385,1097,72782
5,73884,533,0.0,9386,1097,72787
2,73886,533,0.0,9387,1097,72789
11,73897,534,1.0,9388,1097,72800
6,73903,534,0.0,9389,1097,72806
8,73911,534,0.0,9390,1097,72814
8,73919,534,0.0,9391,1097,72822
9,73928,534,0.0,9392,1097,72831
17,73945,534,0.0,9393,1097,72848
9,73954,534,0.0,9394,1097,72857
4,73958,534,0.0,9395,1097,72861
6,73964,534,0.0,9396,1097,72867
6,73970,534,0.0,9397,1097,72873
7,73977,534,0.0,9398,1097,72880
11,73988,534,0.0,9399,1097,72891
2,73990,534,0.0,9400,1097,72893
2,73992,534,0.0,9401,1097,72895
19,74011,535,1.0,9402,1097,72914
7,74018,535,0.0,9403,1097,72921
7,74025,535,0.0,9404,1097,72928
10,74035,535,0.0,9405,1097,72938
9,74044,535,0.0,9406,1097,72947
2,74046,535,0.0,9407,1097,72949
15,74061,535,0.0,9408,1097,72964
10,74071,535,0.0,9409,1097,72974
6,74077,535,0.0,9410,1097,72980
10,74087,535,0.0,9411,1097,72990
7,74094,535,0.0,9412,1097,72997
2,74096,535,0.0,9413,1097,72999
11,74107,535,0.0,9414,1097,73010
8,74115,535,0.0,9415,1097,73018
5,74120,535,0.0,9416,1097,73023
6,74126,535,0.0,9417,1097,73029
3,74129,535,0.0,9418,1097,73032
12,74141,535,0.0,9419,1097,73044
19,74160,536,1.0,9420,1097,73063
5,74165,536,0.0,9421,1097,73068
2,74167,536,0.0,9422,1097,73070
8,74175,536,0.0,9423,1097,73078
10,74185,536,0.0,9424,1097,73088
3,74188,536,0.0,9425,1097,73091
2,74190,536,0.0,9426,1097,73093
5,74195,536,0.0,9427,1097,73098
3,74198,536,0.0,9428,1097,73101
2,74200,536,0.0,9429,1097,73103
18,74218,536,0.0,9430,1097,73121
17,74235,536,0.0,9431,1097,73138
12,74247,536,0.0,9432,1097,73150
5,74252,536,0.0,9433,1097,73155
11,74263,536,0.0,9434,1097,73166
8,74271,536,0.0,9435,1097,73174
15,74286,537,1.0,9436,1097,73189
4,74290,537,0.0,9437,1097,73193
5,74295,537,0.0,9438,1097,73198
14,74309,537,0.0,9439,1097,73212
13,74322,537,0.0,9440,1097,73225
5,74327,537,0.0,9441,1097,73230
3,74330,537,0.0,9442,1097,73233
2,74332,537,0.0,9443,1097,73235
3,74335,537,0.0,9444,1097,73238
11,74346,538,1.0,9445,1097,73249
8,74354,538,0.0,9446,1097,73257
3,74357,538,0.0,9447,1097,73260
9,74366,538,0.0,9448,1097,73269
9,74375,538,0.0,9449,1097,73278
5,74380,538,0.0,9450,1097,73283
12,74392,538,0.0,9451,1097,73295
4,74396,538,0.0,9452,1097,73299
2,74398,538,0.0,9453,1097,73301
7,74405,538,0.0,9454,1097,73308
9,74414,538,0.0,9455,1097,73317
15,74429,538,0.0,9456,1097,73332
4,74433,538,0.0,9457,1097,73336
4,74437,538,0.0,9458,1097,73340
7,74444,538,0.0,9459,1097,73347
14,74458,538,0.0,9460,1097,73361
2,74460,538,0.0,9461,1097,73363
19,74479,539,1.0,9462,1097,73382
3,74482,539,0.0,9463,1097,73385
8,74490,539,0.0,9464,1097,73393
11,74501,540,1.0,9465,1097,73404
2,74503,540,0.0,9466,1097,73406
12,74515,540,0.0,9467,1097,73418
7,74522,540,0.0,9468,1097,73425
2,74524,540,0.0,9469,1097,73427
8,74532,540,0.0,9470,1097,73435
4,74536,540,0.0,9471,1097,73439
2,74538,540,0.0,9472,1097,73441
3,74541,540,0.0,9473,1097,73444
10,74551,540,0.0,9474,1097,73454
12,74563,540,0.0,9475,1097,73466
7,74570,540,0.0,9476,1097,73473
8,74578,540,0.0,9477,1097,73481
10,74588,540,0.0,9478,1097,73491
15,74603,541,1.0,9479,1097,73506
2,74605,541,0.0,9480,1097,73508
5,74610,541,0.0,9481,1097,73513
4,74614,541,0.0,9482,1097,73517
8,74622,541,0.0,9483,1097,73525
6,74628,541,0.0,9484,1097,73531
13,74641,541,0.0,9485,1097,73544
11,74652,542,1.0,9486,1097,73555
7,74659,542,0.0,9487,1097,73562
13,74672,542,0.0,9488,1097,73575
19,74691,543,1.0,9489,1097,73594
2,74693,543,0.0,9490,1097,73596
3,74696,543,0.0,9491,1097,73599
11,74707,543,0.0,9492,1097,73610
7,74714,543,0.0,9493,1097,73617
4,74718,543,0.0,9494,1097,73621
11,74729,543,0.0,9495,1097,73632
3,74732,543,0.0,9496,1097,73635
3,74735,543,0.0,9497,1097,73638
15,74750,544,1.0,9498,1097,73653
3,74753,544,0.0,9499,1097,73656
4,74757,544,0.0,9500,1097,73660
3,74760,544,0.0,9501,1097,73663
19,74779,544,0.0,9502,1097,73682
4,74783,544,0.0,9503,1097,73686
7,74790,544,0.0,9504,1097,73693
3,74793,544,0.0,9505,1097,73696
3,74796,544,0.0,9506,1097,73699
13,74809,544,0.0,9507,1097,73712
6,74815,544,0.0,9508,1097,73718
6,74821,544,0.0,9509,1097,73724
3,74824,544,0.0,9510,1097,73727
6,74830,544,0.0,9511,1097,73733
11,74841,544,0.0,9512,1097,73744
5,74846,544,0.0,9513,1097,73749
11,74857,544,0.0,9514,1097,73760
13,74870,544,0.0,9515,1097,73773
9,74879,544,0.0,9516,1097,73782
8,74887,544,0.0,9517,1097,73790
11,74898,544,0.0,9518,1097,73801
4,74902,544,0.0,9519,1097,73805
15,74917,544,0.0,9520,1097,73820
11,74928,545,1.0,9521,1097,73831
7,74935,545,0.0,9522,1097,73838
15,74950,545,0.0,9523,1097,73853
5,74955,545,0.0,9524,1097,73858
5,74960,545,0.0,9525,1097,73863
6,74966,545,0.0,9526,1097,73869
7,74973,545,0.0,9527,1097,73876
7,74980,545,0.0,9528,1097,73883
6,74986,545,0.0,9529,1097,73889
19,75005,546,1.0,9530,1097,73908
3,75008,546,0.0,9531,1097,73911
6,75014,546,0.0,9532,1097,73917
7,75021,546,0.0,9533,1097,73924
9,75030,546,0.0,9534,1097,73933
3,75033,546,0.0,9535,1097,73936
19,75052,547,1.0,9536,1097,73955
19,75071,547,0.0,9537,1097,73974
7,75078,547,0.0,9538,1097,73981
14,75092,547,0.0,9539,1097,73995
4,75096,547,0.0,9540,1097,73999
10,75106,547,0.0,9541,1097,74009
24,75130,547,0.0,9542,1097,74033
8,75138,547,0.0,9543,1097,74041
17,75155,547,0.0,9544,1097,74058
7,75162,547,0.0,9545,1097,74065
15,75177,548,1.0,9546,1097,74080
15,75192,548,0.0,9547,1097,74095
14,75206,548,0.0,9548,1097,74109
4,75210,548,0.0,9549,1097,74113
6,75216,548,0.0,9550,1097,74119
2,75218,548,0.0,9551,1097,74121
7,75225,548,0.0,9552,1097,74128
2,75227,548,0.0,9553,1097,74130
10,75237,548,0.0,9554,1097,74140
6,75243,548,0.0,9555,1097,74146
3,75246,548,0.0,9556,1097,74149
15,75261,549,1.0,9557,1097,74164
7,75268,549,0.0,9558,1097,74171
2,75270,549,0.0,9559,1097,74173
7,75277,549,0.0,9560,1097,74180
6,75283,549,0.0,9561,1097,74186
2,75285,549,0.0,9562,1097,74188
3,75288,549,0.0,9563,1097,74191
2,75290,549,0.0,9564,1097,74193
3,75293,549,0.0,9565,1097,74196
13,75306,549,0.0,9566,1097,74209
7,75313,549,0.0,9567,1097,74216
2,75315,549,0.0,9568,1097,74218
7,75322,549,0.0,9569,1097,74225
2,75324,549,0.0,9570,1097,74227
5,75329,549,0.0,9571,1097,74232
13,75342,549,0.0,9572,1097,74245
8,75350,549,0.0,9573,1097,74253
2,75352,549,0.0,9574,1097,74255
6,75358,549,0.0,9575,1097,74261
14,75372,549,0.0,9576,1097,74275
3,75375,549,0.0,9577,1097,74278
10,75385,549,0.0,9578,1097,74288
5,75390,549,0.0,9579,1097,74293
2,75392,549,0.0,9580,1097,74295
5,75397,549,0.0,9581,1097,74300
4,75401,549,0.0,9582,1097,74304
6,75407,549,0.0,9583,1097,74310
16,75423,549,0.0,9584,1097,74326
3,75426,549,0.0,9585,1097,74329
6,75432,549,0.0,9586,1097,74335
2,75434,549,0.0,9587,1097,74337
29,75463,549,0.0,9588,1097,74366
2,75465,549,0.0,9589,1097,74368
6,75471,549,0.0,9590,1097,74374
2,75473,549,0.0,9591,1097,74376
10,75483,549,0.0,9592,1097,74386
9,75492,549,0.0,9593,1097,74395
8,75500,549,0.0,9594,1097,74403
17,75517,549,0.0,9595,1097,74420
2,75519,549,0.0,9596,1097,74422
2,75521,549,0.0,9597,1097,74424
6,75527,549,0.0,9598,1097,74430
9,75536,549,0.0,9599,1097,74439
9,75545,549,0.0,9600,1097,74448
3,75548,549,0.0,9601,1097,74451
4,75552,549,0.0,9602,1097,74455
3,75555,549,0.0,9603,1097,74458
10,75565,549,0.0,9604,1097,74468
9,75574,549,0.0,9605,1097,74477
6,75580,549,0.0,9606,1097,74483
19,75599,550,1.0,9607,1097,74502
3,75602,550,0.0,9608,1097,74505
2,75604,550,0.0,9609,1097,74507
2,75606,550,0.0,9610,1097,74509
2,75608,550,0.0,9611,1097,74511
5,75613,550,0.0,9612,1097,74516
17,75630,550,0.0,9613,1097,74533
8,75638,550,0.0,9614,1097,74541
3,75641,550,0.0,9615,1097,74544
7,75648,550,0.0,9616,1097,74551
11,75659,550,0.0,9617,1097,74562
9,75668,551,1.0,9618,1097,74571
13,75681,551,0.0,9619,1097,74584
3,75684,551,0.0,9620,1097,74587
12,75696,551,0.0,9621,1097,74599
8,75704,551,0.0,9622,1097,74607
6,75710,551,0.0,9623,1097,74613
24,75734,551,0.0,9624,1097,74637
2,75736,551,0.0,9625,1097,74639
19,75755,552,1.0,9626,1097,74658
3,75758,552,0.0,9627,1097,74661
16,75774,552,0.0,9628,1097,74677
15,75789,552,0.0,9629,1097,74692
4,75793,552,0.0,9630,1097,74696
3,75796,552,0.0,9631,1097,74699
2,75798,552,0.0,9632,1097,74701
12,75810,552,0.0,9633,1097,74713
3,75813,552,0.0,9634,1097,74716
8,75821,552,0.0,9635,1097,74724
11,75832,552,0.0,9636,1097,74735
3,75835,552,0.0,9637,1097,74738
5,75840,552,0.0,9638,1097,74743
6,75846,552,0.0,9639,1097,74749
11,75857,552,0.0,9640,1097,74760
9,75866,552,0.0,9641,1097,74769
4,75870,552,0.0,9642,1097,74773
6,75876,552,0.0,9643,1097,74779
9,75885,552,0.0,9644,1097,74788
5,75890,552,0.0,9645,1097,74793
9,75899,552,0.0,9646,1097,74802
7,75906,552,0.0,9647,1097,74809
7,75913,552,0.0,9648,1097,74816
5,75918,552,0.0,9649,1097,74821
9,75927,552,0.0,9650,1097,74830
19,75946,553,1.0,9651,1097,74849
2,75948,553,0.0,9652,1097,74851
14,75962,553,0.0,9653,1097,74865
5,75967,553,0.0,9654,1097,74870
7,75974,553,0.0,9655,1097,74877
3,75977,553,0.0,9656,1097,74880
19,75996,553,0.0,9657,1097,74899
4,76000,553,0.0,9658,1097,74903
17,76017,553,0.0,9659,1097,74920
8,76025,553,0.0,9660,1097,74928
6,76031,553,0.0,9661,1097,74934
4,76035,553,0.0,9662,1097,74938
6,76041,553,0.0,9663,1097,74944
3,76044,553,0.0,9664,1097,74947
14,76058,553,0.0,9665,1097,74961
9,76067,553,0.0,9666,1097,74970
2,76069,553,0.0,9667,1097,74972
11,76080,553,0.0,9668,1097,74983
6,76086,553,0.0,9669,1097,74989
5,76091,553,0.0,9670,1097,74994
5,76096,553,0.0,9671,1097,74999
5,76101,553,0.0,9672,1097,75004
3,76104,553,0.0,9673,1097,75007
2,76106,553,0.0,9674,1097,75009
21,76127,553,0.0,9675,1097,75030
14,76141,553,0.0,9676,1097,75044
9,76150,553,0.0,9677,1097,75053
9,76159,553,0.0,9678,1097,75062
10,76169,553,0.0,9679,1097,75072
4,76173,553,0.0,9680,1097,75076
3,76176,553,0.0,9681,1097,75079
6,76182,553,0.0,9682,1097,75085
9,76191,553,0.0,9683,1097,75094
4,76195,553,0.0,9684,1097,75098
9,76204,553,0.0,9685,1097,75107
4,76208,553,0.0,9686,1097,75111
7,76215,553,0.0,9687,1097,75118
7,76222,553,0.0,9688,1097,75125
19,76241,554,1.0,9689,1097,75144
3,76244,554,0.0,9690,1097,75147
5,76249,554,0.0,9691,1097,75152
5,76254,554,0.0,9692,1097,75157
4,76258,554,0.0,9693,1097,75161
8,76266,554,0.0,9694,1097,75169
23,76289,554,0.0,9695,1097,75192
6,76295,554,0.0,9696,1097,75198
3,76298,554,0.0,9697,1097,75201
8,76306,554,0.0,9698,1097,75209
3,76309,554,0.0,9699,1097,75212
20,76329,554,0.0,9700,1097,75232
19,76348,555,1.0,9701,1097,75251
2,76350,555,0.0,9702,1097,75253
4,76354,555,0.0,9703,1097,75257
7,76361,555,0.0,9704,1097,75264
3,76364,555,0.0,9705,1097,75267
12,76376,555,0.0,9706,1097,75279
3,76379,555,0.0,9707,1097,75282
15,76394,556,1.0,9708,1097,75297
3,76397,556,0.0,9709,1097,75300
11,76408,557,1.0,9710,1097,75311
6,76414,557,0.0,9711,1097,75317
3,76417,557,0.0,9712,1097,75320
6,76423,557,0.0,9713,1097,75326
6,76429,557,0.0,9714,1097,75332
4,76433,557,0.0,9715,1097,75336
9,76442,557,0.0,9716,1097,75345
8,76450,557,0.0,9717,1097,75353
7,76457,557,0.0,9718,1097,75360
3,76460,557,0.0,9719,1097,75363
7,76467,557,0.0,9720,1097,75370
15,76482,557,0.0,9721,1097,75385
6,76488,557,0.0,9722,1097,75391
2,76490,557,0.0,9723,1097,75393
6,76496,557,0.0,9724,1097,75399
12,76508,557,0.0,9725,1097,75411
2,76510,557,0.0,9726,1097,75413
19,76529,557,0.0,9727,1097,75432
20,76549,557,0.0,9728,1097,75452
11,76560,557,0.0,9729,1097,75463
6,76566,557,0.0,9730,1097,75469
4,76570,557,0.0,9731,1097,75473
6,76576,557,0.0,9732,1097,75479
8,76584,557,0.0,9733,1097,75487
4,76588,557,0.0,9734,1097,75491
6,76594,557,0.0,9735,1097,75497
9,76603,557,0.0,9736,1097,75506
3,76606,557,0.0,9737,1097,75509
6,76612,557,0.0,9738,1097,75515
2,76614,557,0.0,9739,1097,75517
6,76620,557,0.0,9740,1097,75523
3,76623,557,0.0,9741,1097,75526
2,76625,557,0.0,9742,1097,75528
3,76628,557,0.0,9743,1097,75531
13,76641,557,0.0,9744,1097,75544
29,76670,557,0.0,9745,1097,75573
11,76681,557,0.0,9746,1097,75584
21,76702,557,0.0,9747,1097,75605
7,76709,557,0.0,9748,1097,75612
7,76716,557,0.0,9749,1097,75619
2,76718,557,0.0,9750,1097,75621
6,76724,557,0.0,9751,1097,75627
2,76726,557,0.0,9752,1097,75629
3,76729,557,0.0,9753,1097,75632
2,76731,557,0.0,9754,1097,75634
2,76733,557,0.0,9755,1097,75636
15,76748,558,1.0,9756,1097,75651
9,76757,558,0.0,9757,1097,75660
3,76760,558,0.0,9758,1097,75663
6,76766,558,0.0,9759,1097,75669
3,76769,558,0.0,9760,1097,75672
7,76776,558,0.0,9761,1097,75679
13,76789,558,0.0,9762,1097,75692
5,76794,558,0.0,9763,1097,75697
6,76800,558,0.0,9764,1097,75703
13,76813,558,0.0,9765,1097,75716
2,76815,558,0.0,9766,1097,75718
3,76818,558,0.0,9767,1097,75721
4,76822,558,0.0,9768,1097,75725
17,76839,558,0.0,9769,1097,75742
7,76846,558,0.0,9770,1097,75749
6,76852,558,0.0,9771,1097,75755
8,76860,558,0.0,9772,1097,75763
9,76869,558,0.0,9773,1097,75772
5,76874,558,0.0,9774,1097,75777
6,76880,558,0.0,9775,1097,75783
5,76885,558,0.0,9776,1097,75788
3,76888,558,0.0,9777,1097,75791
7,76895,558,0.0,9778,1097,75798
18,76913,558,0.0,9779,1097,75816
2,76915,558,0.0,9780,1097,75818
17,76932,558,0.0,9781,1097,75835
14,76946,558,0.0,9782,1097,75849
4,76950,558,0.0,9783,1097,75853
5,76955,558,0.0,9784,1097,75858
11,76966,559,1.0,9785,1097,75869
17,76983,559,0.0,9786,1097,75886
13,76996,559,0.0,9787,1097,75899
7,77003,559,0.0,9788,1097,75906
19,77022,559,0.0,9789,1097,75925
11,77033,559,0.0,9790,1097,75936
6,77039,559,0.0,9791,1097,75942
6,77045,559,0.0,9792,1097,75948
9,77054,559,0.0,9793,1097,75957
3,77057,559,0.0,9794,1097,75960
5,77062,559,0.0,9795,1097,75965
7,77069,559,0.0,9796,1097,75972
3,77072,559,0.0,9797,1097,75975
10,77082,559,0.0,9798,1097,75985
8,77090,559,0.0,9799,1097,75993
11,77101,559,0.0,9800,1097,76004
19,77120,559,0.0,9801,1097,76023
17,77137,559,0.0,9802,1097,76040
22,77159,560,1.0,9803,1097,76062
11,77170,561,1.0,9804,1097,76073
5,77175,561,0.0,9805,1097,76078
8,77183,561,0.0,9806,1097,76086
4,77187,561,0.0,9807,1097,76090
3,77190,561,0.0,9808,1097,76093
12,77202,561,0.0,9809,1097,76105
6,77208,561,0.0,9810,1097,76111
3,77211,561,0.0,9811,1097,76114
9,77220,561,0.0,9812,1097,76123
3,77223,561,0.0,9813,1097,76126
13,77236,561,0.0,9814,1097,76139
13,77249,561,0.0,9815,1097,76152
3,77252,561,0.0,9816,1097,76155
7,77259,561,0.0,9817,1097,76162
4,77263,561,0.0,9818,1097,76166
9,77272,561,0.0,9819,1097,76175
9,77281,561,0.0,9820,1097,76184
2,77283,561,0.0,9821,1097,76186
10,77293,561,0.0,9822,1097,76196
14,77307,561,0.0,9823,1097,76210
15,77322,562,1.0,9824,1097,76225
10,77332,562,0.0,9825,1097,76235
19,77351,563,1.0,9826,1097,76254
11,77362,564,1.0,9827,1097,76265
3,77365,564,0.0,9828,1097,76268
3,77368,564,0.0,9829,1097,76271
5,77373,564,0.0,9830,1097,76276
4,77377,564,0.0,9831,1097,76280
3,77380,564,0.0,9832,1097,76283
4,77384,564,0.0,9833,1097,76287
6,77390,564,0.0,9834,1097,76293
14,77404,564,0.0,9835,1097,76307
14,77418,564,0.0,9836,1097,76321
14,77432,564,0.0,9837,1097,76335
2,77434,564,0.0,9838,1097,76337
7,77441,564,0.0,9839,1097,76344
9,77450,564,0.0,9840,1097,76353
6,77456,564,0.0,9841,1097,76359
9,77465,564,0.0,9842,1097,76368
19,77484,565,1.0,9843,1097,76387
2,77486,565,0.0,9844,1097,76389
14,77500,565,0.0,9845,1097,76403
2,77502,565,0.0,9846,1097,76405
4,77506,565,0.0,9847,1097,76409
3,77509,565,0.0,9848,1097,76412
10,77519,565,0.0,9849,1097,76422
11,77530,566,1.0,9850,1097,76433
5,77535,566,0.0,9851,1097,76438
5,77540,566,0.0,9852,1097,76443
6,77546,566,0.0,9853,1097,76449
11,77557,566,0.0,9854,1097,76460
19,77576,567,1.0,9855,1097,76479
7,77583,567,0.0,9856,1097,76486
8,77591,567,0.0,9857,1097,76494
7,77598,567,0.0,9858,1097,76501
7,77605,567,0.0,9859,1097,76508
5,77610,567,0.0,9860,1097,76513
15,77625,567,0.0,9861,1097,76528
3,77628,567,0.0,9862,1097,76531
14,77642,567,0.0,9863,1097,76545
9,77651,567,0.0,9864,1097,76554
7,77658,567,0.0,9865,1097,76561
4,77662,567,0.0,9866,1097,76565
7,77669,567,0.0,9867,1097,76572
10,77679,567,0.0,9868,1097,76582
3,77682,567,0.0,9869,1097,76585
6,77688,567,0.0,9870,1097,76591
9,77697,567,0.0,9871,1097,76600
7,77704,567,0.0,9872,1097,76607
5,77709,567,0.0,9873,1097,76612
15,77724,567,0.0,9874,1097,76627
5,77729,567,0.0,9875,1097,76632
9,77738,567,0.0,9876,1097,76641
6,77744,567,0.0,9877,1097,76647
15,77759,568,1.0,9878,1097,76662
10,77769,568,0.0,9879,1097,76672
5,77774,568,0.0,9880,1097,76677
11,77785,569,1.0,9881,1097,76688
3,77788,569,0.0,9882,1097,76691
3,77791,569,0.0,9883,1097,76694
19,77810,570,1.0,9884,1097,76713
7,77817,570,0.0,9885,1097,76720
5,77822,570,0.0,9886,1097,76725
2,77824,570,0.0,9887,1097,76727
4,77828,570,0.0,9888,1097,76731
4,77832,570,0.0,9889,1097,76735
15,77847,570,0.0,9890,1097,76750
7,77854,570,0.0,9891,1097,76757
7,77861,570,0.0,9892,1097,76764
2,77863,570,0.0,9893,1097,76766
12,77875,570,0.0,9894,1097,76778
2,77877,570,0.0,9895,1097,76780
3,77880,570,0.0,9896,1097,76783
6,77886,570,0.0,9897,1097,76789
7,77893,570,0.0,9898,1097,76796
13,77906,570,0.0,9899,1097,76809
8,77914,570,0.0,9900,1097,76817
10,77924,570,0.0,9901,1097,76827
12,77936,570,0.0,9902,1097,76839
14,77950,570,0.0,9903,1097,76853
19,77969,571,1.0,9904,1097,76872
21,77990,571,0.0,9905,1097,76893
14,78004,571,0.0,9906,1097,76907
4,78008,571,0.0,9907,1097,76911
11,78019,572,1.0,9908,1097,76922
10,78029,572,0.0,9909,1097,76932
3,78032,572,0.0,9910,1097,76935
15,78047,573,1.0,9911,1097,76950
5,78052,573,0.0,9912,1097,76955
3,78055,573,0.0,9913,1097,76958
16,78071,573,0.0,9914,1097,76974
9,78080,573,0.0,9915,1097,76983
12,78092,573,0.0,9916,1097,76995
19,78111,573,0.0,9917,1097,77014
3,78114,573,0.0,9918,1097,77017
7,78121,573,0.0,9919,1097,77024
7,78128,573,0.0,9920,1097,77031
5,78133,573,0.0,9921,1097,77036
4,78137,573,0.0,9922,1097,77040
6,78143,573,0.0,9923,1097,77046
3,78146,573,0.0,9924,1097,77049
2,78148,573,0.0,9925,1097,77051
3,78151,573,0.0,9926,1097,77054
7,78158,573,0.0,9927,1097,77061
18,78176,573,0.0,9928,1097,77079
6,78182,573,0.0,9929,1097,77085
6,78188,573,0.0,9930,1097,77091
16,78204,573,0.0,9931,1097,77107
3,78207,573,0.0,9932,1097,77110
15,78222,573,0.0,9933,1097,77125
2,78224,573,0.0,9934,1097,77127
4,78228,573,0.0,9935,1097,77131
7,78235,573,0.0,9936,1097,77138
11,78246,573,0.0,9937,1097,77149
10,78256,573,0.0,9938,1097,77159
12,78268,573,0.0,9939,1097,77171
7,78275,573,0.0,9940,1097,77178
10,78285,573,0.0,9941,1097,77188
7,78292,573,0.0,9942,1097,77195
3,78295,573,0.0,9943,1097,77198
3,78298,573,0.0,9944,1097,77201
21,78319,573,0.0,9945,1097,77222
10,78329,573,0.0,9946,1097,77232
2,78331,573,0.0,9947,1097,77234
5,78336,573,0.0,9948,1097,77239
17,78353,573,0.0,9949,1097,77256
4,78357,573,0.0,9950,1097,77260
3,78360,573,0.0,9951,1097,77263
5,78365,573,0.0,9952,1097,77268
7,78372,573,0.0,9953,1097,77275
3,78375,573,0.0,9954,1097,77278
7,78382,573,0.0,9955,1097,77285
3,78385,573,0.0,9956,1097,77288
6,78391,573,0.0,9957,1097,77294
8,78399,573,0.0,9958,1097,77302
2,78401,573,0.0,9959,1097,77304
4,78405,573,0.0,9960,1097,77308
3,78408,573,0.0,9961,1097,77311
2,78410,573,0.0,9962,1097,77313
9,78419,573,0.0,9963,1097,77322
2,78421,573,0.0,9964,1097,77324
17,78438,573,0.0,9965,1097,77341
11,78449,574,1.0,9966,1097,77352
8,78457,574,0.0,9967,1097,77360
11,78468,575,1.0,9968,1097,77371
9,78477,575,0.0,9969,1097,77380
3,78480,575,0.0,9970,1097,77383
3,78483,575,0.0,9971,1097,77386
5,78488,575,0.0,9972,1097,77391
2,78490,575,0.0,9973,1097,77393
2,78492,575,0.0,9974,1097,77395
7,78499,575,0.0,9975,1097,77402
4,78503,575,0.0,9976,1097,77406
5,78508,575,0.0,9977,1097,77411
11,78519,575,0.0,9978,1097,77422
11,78530,576,1.0,9979,1097,77433
7,78537,576,0.0,9980,1097,77440
17,78554,576,0.0,9981,1097,77457
8,78562,576,0.0,9982,1097,77465
2,78564,576,0.0,9983,1097,77467
5,78569,576,0.0,9984,1097,77472
5,78574,576,0.0,9985,1097,77477
7,78581,576,0.0,9986,1097,77484
7,78588,576,0.0,9987,1097,77491
7,78595,576,0.0,9988,1097,77498
3,78598,576,0.0,9989,1097,77501
4,78602,576,0.0,9990,1097,77505
7,78609,576,0.0,9991,1097,77512
2,78611,576,0.0,9992,1097,77514
6,78617,576,0.0,9993,1097,77520
10,78627,576,0.0,9994,1097,77530
3,78630,576,0.0,9995,1097,77533
19,78649,576,0.0,9996,1097,77552
12,78661,576,0.0,9997,1097,77564
5,78666,576,0.0,9998,1097,77569
19,78685,577,1.0,9999,1097,77588
7,78692,577,0.0,10000,1097,77595
16,78708,577,0.0,10001,1097,77611
9,78717,577,0.0,10002,1097,77620
6,78723,577,0.0,10003,1097,77626
12,78735,577,0.0,10004,1097,77638
5,78740,577,0.0,10005,1097,77643
3,78743,577,0.0,10006,1097,77646
12,78755,577,0.0,10007,1097,77658
8,78763,577,0.0,10008,1097,77666
4,78767,577,0.0,10009,1097,77670
10,78777,577,0.0,10010,1097,77680
7,78784,577,0.0,10011,1097,77687
14,78798,577,0.0,10012,1097,77701
14,78812,577,0.0,10013,1097,77715
14,78826,577,0.0,10014,1097,77729
15,78841,577,0.0,10015,1097,77744
3,78844,577,0.0,10016,1097,77747
2,78846,577,0.0,10017,1097,77749
6,78852,577,0.0,10018,1097,77755
5,78857,577,0.0,10019,1097,77760
9,78866,577,0.0,10020,1097,77769
19,78885,578,1.0,10021,1097,77788
10,78895,578,0.0,10022,1097,77798
7,78902,578,0.0,10023,1097,77805
2,78904,578,0.0,10024,1097,77807
5,78909,578,0.0,10025,1097,77812
14,78923,578,0.0,10026,1097,77826
19,78942,579,1.0,10027,1097,77845
14,78956,579,0.0,10028,1097,77859
5,78961,579,0.0,10029,1097,77864
5,78966,579,0.0,10030,1097,77869
7,78973,579,0.0,10031,1097,77876
4,78977,579,0.0,10032,1097,77880
3,78980,579,0.0,10033,1097,77883
5,78985,579,0.0,10034,1097,77888
13,78998,579,0.0,10035,1097,77901
3,79001,579,0.0,10036,1097,77904
5,79006,579,0.0,10037,1097,77909
3,79009,579,0.0,10038,1097,77912
15,79024,580,1.0,10039,1097,77927
7,79031,580,0.0,10040,1097,77934
3,79034,580,0.0,10041,1097,77937
9,79043,580,0.0,10042,1097,77946
7,79050,580,0.0,10043,1097,77953
3,79053,580,0.0,10044,1097,77956
15,79068,580,0.0,10045,1097,77971
19,79087,580,0.0,10046,1097,77990
6,79093,580,0.0,10047,1097,77996
7,79100,580,0.0,10048,1097,78003
18,79118,580,0.0,10049,1097,78021
5,79123,580,0.0,10050,1097,78026
6,79129,580,0.0,10051,1097,78032
8,79137,580,0.0,10052,1097,78040
5,79142,580,0.0,10053,1097,78045
3,79145,580,0.0,10054,1097,78048
7,79152,580,0.0,10055,1097,78055
5,79157,580,0.0,10056,1097,78060
10,79167,580,0.0,10057,1097,78070
2,79169,580,0.0,10058,1097,78072
6,79175,580,0.0,10059,1097,78078
3,79178,580,0.0,10060,1097,78081
10,79188,580,0.0,10061,1097,78091
11,79199,580,0.0,10062,1097,78102
5,79204,580,0.0,10063,1097,78107
3,79207,580,0.0,10064,1097,78110
3,79210,580,0.0,10065,1097,78113
9,79219,581,1.0,10066,1097,78122
3,79222,581,0.0,10067,1097,78125
18,79240,581,0.0,10068,1097,78143
5,79245,581,0.0,10069,1097,78148
27,79272,581,0.0,10070,1097,78175
13,79285,581,0.0,10071,1097,78188
33,79318,582,1.0,10072,1097,78221
19,79337,583,1.0,10073,1097,78240
8,79345,583,0.0,10074,1097,78248
9,79354,583,0.0,10075,1097,78257
2,79356,583,0.0,10076,1097,78259
3,79359,583,0.0,10077,1097,78262
3,79362,583,0.0,10078,1097,78265
7,79369,583,0.0,10079,1097,78272
2,79371,583,0.0,10080,1097,78274
10,79381,583,0.0,10081,1097,78284
19,79400,584,1.0,10082,1097,78303
9,79409,584,0.0,10083,1097,78312
6,79415,584,0.0,10084,1097,78318
3,79418,584,0.0,10085,1097,78321
2,79420,584,0.0,10086,1097,78323
12,79432,584,0.0,10087,1097,78335
15,79447,584,0.0,10088,1097,78350
17,79464,584,0.0,10089,1097,78367
7,79471,584,0.0,10090,1097,78374
10,79481,584,0.0,10091,1097,78384
11,79492,585,1.0,10092,1097,78395
19,79511,586,1.0,10093,1097,78414
11,79522,586,0.0,10094,1097,78425
11,79533,586,0.0,10095,1097,78436
13,79546,586,0.0,10096,1097,78449
4,79550,586,0.0,10097,1097,78453
13,79563,586,0.0,10098,1097,78466
5,79568,586,0.0,10099,1097,78471
2,79570,586,0.0,10100,1097,78473
18,79588,586,0.0,10101,1097,78491
4,79592,586,0.0,10102,1097,78495
7,79599,586,0.0,10103,1097,78502
8,79607,586,0.0,10104,1097,78510
3,79610,586,0.0,10105,1097,78513
13,79623,586,0.0,10106,1097,78526
2,79625,586,0.0,10107,1097,78528
3,79628,586,0.0,10108,1097,78531
3,79631,586,0.0,10109,1097,78534
4,79635,586,0.0,10110,1097,78538
7,79642,586,0.0,10111,1097,78545
2,79644,586,0.0,10112,1097,78547
3,79647,586,0.0,10113,1097,78550
4,79651,586,0.0,10114,1097,78554
13,79664,586,0.0,10115,1097,78567
2,79666,586,0.0,10116,1097,78569
6,79672,586,0.0,10117,1097,78575
2,79674,586,0.0,10118,1097,78577
13,79687,586,0.0,10119,1097,78590
5,79692,586,0.0,10120,1097,78595
9,79701,587,1.0,10121,1097,78604
9,79710,587,0.0,10122,1097,78613
18,79728,587,0.0,10123,1097,78631
7,79735,587,0.0,10124,1097,78638
6,79741,587,0.0,10125,1097,78644
15,79756,587,0.0,10126,1097,78659
7,79763,587,0.0,10127,1097,78666
6,79769,587,0.0,10128,1097,78672
3,79772,587,0.0,10129,1097,78675
7,79779,587,0.0,10130,1097,78682
5,79784,587,0.0,10131,1097,78687
7,79791,587,0.0,10132,1097,78694
12,79803,587,0.0,10133,1097,78706
7,79810,587,0.0,10134,1097,78713
15,79825,587,0.0,10135,1097,78728
15,79840,588,1.0,10136,1097,78743
2,79842,588,0.0,10137,1097,78745
3,79845,588,0.0,10138,1097,78748
6,79851,588,0.0,10139,1097,78754
12,79863,588,0.0,10140,1097,78766
6,79869,588,0.0,10141,1097,78772
2,79871,588,0.0,10142,1097,78774
19,79890,589,1.0,10143,1097,78793
19,79909,590,1.0,10144,1097,78812
3,79912,590,0.0,10145,1097,78815
3,79915,590,0.0,10146,1097,78818
10,79925,590,0.0,10147,1097,78828
6,79931,590,0.0,10148,1097,78834
6,79937,590,0.0,10149,1097,78840
4,79941,590,0.0,10150,1097,78844
2,79943,590,0.0,10151,1097,78846
3,79946,590,0.0,10152,1097,78849
6,79952,590,0.0,10153,1097,78855
4,79956,590,0.0,10154,1097,78859
7,79963,590,0.0,10155,1097,78866
3,79966,590,0.0,10156,1097,78869
6,79972,590,0.0,10157,1097,78875
7,79979,590,0.0,10158,1097,78882
15,79994,590,0.0,10159,1097,78897
40,80034,590,0.0,10160,1097,78937
8,80042,590,0.0,10161,1097,78945
3,80045,590,0.0,10162,1097,78948
3,80048,590,0.0,10163,1097,78951
3,80051,590,0.0,10164,1097,78954
2,80053,590,0.0,10165,1097,78956
6,80059,590,0.0,10166,1097,78962
7,80066,590,0.0,10167,1097,78969
11,80077,591,1.0,10168,1097,78980
7,80084,591,0.0,10169,1097,78987
10,80094,591,0.0,10170,1097,78997
11,80105,591,0.0,10171,1097,79008
3,80108,591,0.0,10172,1097,79011
3,80111,591,0.0,10173,1097,79014
3,80114,591,0.0,10174,1097,79017
10,80124,591,0.0,10175,1097,79027
7,80131,591,0.0,10176,1097,79034
26,80157,591,0.0,10177,1097,79060
12,80169,591,0.0,10178,1097,79072
8,80177,591,0.0,10179,1097,79080
7,80184,591,0.0,10180,1097,79087
13,80197,591,0.0,10181,1097,79100
2,80199,591,0.0,10182,1097,79102
4,80203,591,0.0,10183,1097,79106
7,80210,591,0.0,10184,1097,79113
7,80217,591,0.0,10185,1097,79120
2,80219,591,0.0,10186,1097,79122
14,80233,591,0.0,10187,1097,79136
3,80236,591,0.0,10188,1097,79139
17,80253,591,0.0,10189,1097,79156
7,80260,591,0.0,10190,1097,79163
5,80265,591,0.0,10191,1097,79168
11,80276,592,1.0,10192,1097,79179
8,80284,592,0.0,10193,1097,79187
4,80288,592,0.0,10194,1097,79191
5,80293,592,0.0,10195,1097,79196
3,80296,592,0.0,10196,1097,79199
14,80310,592,0.0,10197,1097,79213
9,80319,592,0.0,10198,1097,79222
4,80323,592,0.0,10199,1097,79226
15,80338,593,1.0,10200,1097,79241
7,80345,593,0.0,10201,1097,79248
4,80349,593,0.0,10202,1097,79252
7,80356,593,0.0,10203,1097,79259
5,80361,593,0.0,10204,1097,79264
3,80364,593,0.0,10205,1097,79267
3,80367,593,0.0,10206,1097,79270
18,80385,593,0.0,10207,1097,79288
4,80389,593,0.0,10208,1097,79292
6,80395,593,0.0,10209,1097,79298
11,80406,593,0.0,10210,1097,79309
10,80416,593,0.0,10211,1097,79319
11,80427,593,0.0,10212,1097,79330
3,80430,593,0.0,10213,1097,79333
5,80435,593,0.0,10214,1097,79338
7,80442,593,0.0,10215,1097,79345
8,80450,593,0.0,10216,1097,79353
3,80453,593,0.0,10217,1097,79356
20,80473,593,0.0,10218,1097,79376
14,80487,593,0.0,10219,1097,79390
3,80490,593,0.0,10220,1097,79393
6,80496,593,0.0,10221,1097,79399
11,80507,593,0.0,10222,1097,79410
12,80519,593,0.0,10223,1097,79422
10,80529,593,0.0,10224,1097,79432
4,80533,593,0.0,10225,1097,79436
7,80540,593,0.0,10226,1097,79443
2,80542,593,0.0,10227,1097,79445
17,80559,593,0.0,10228,1097,79462
9,80568,593,0.0,10229,1097,79471
3,80571,593,0.0,10230,1097,79474
12,80583,593,0.0,10231,1097,79486
4,80587,593,0.0,10232,1097,79490
7,80594,593,0.0,10233,1097,79497
14,80608,593,0.0,10234,1097,79511
22,80630,593,0.0,10235,1097,79533
7,80637,593,0.0,10236,1097,79540
3,80640,593,0.0,10237,1097,79543
20,80660,593,0.0,10238,1097,79563
15,80675,593,0.0,10239,1097,79578
19,80694,594,1.0,10240,1097,79597
7,80701,594,0.0,10241,1097,79604
11,80712,594,0.0,10242,1097,79615
3,80715,594,0.0,10243,1097,79618
5,80720,594,0.0,10244,1097,79623
9,80729,594,0.0,10245,1097,79632
8,80737,594,0.0,10246,1097,79640
2,80739,594,0.0,10247,1097,79642
7,80746,594,0.0,10248,1097,79649
16,80762,594,0.0,10249,1097,79665
15,80777,595,1.0,10250,1097,79680
6,80783,595,0.0,10251,1097,79686
8,80791,595,0.0,10252,1097,79694
2,80793,595,0.0,10253,1097,79696
2,80795,595,0.0,10254,1097,79698
8,80803,595,0.0,10255,1097,79706
6,80809,595,0.0,10256,1097,79712
23,80832,595,0.0,10257,1097,79735
4,80836,595,0.0,10258,1097,79739
8,80844,595,0.0,10259,1097,79747
7,80851,595,0.0,10260,1097,79754
9,80860,595,0.0,10261,1097,79763
10,80870,595,0.0,10262,1097,79773
2,80872,595,0.0,10263,1097,79775
5,80877,595,0.0,10264,1097,79780
12,80889,595,0.0,10265,1097,79792
10,80899,595,0.0,10266,1097,79802
11,80910,596,1.0,10267,1097,79813
8,80918,596,0.0,10268,1097,79821
6,80924,596,0.0,10269,1097,79827
3,80927,596,0.0,10270,1097,79830
8,80935,596,0.0,10271,1097,79838
15,80950,596,0.0,10272,1097,79853
19,80969,596,0.0,10273,1097,79872
3,80972,596,0.0,10274,1097,79875
9,80981,596,0.0,10275,1097,79884
11,80992,596,0.0,10276,1097,79895
11,81003,596,0.0,10277,1097,79906
8,81011,596,0.0,10278,1097,79914
3,81014,596,0.0,10279,1097,79917
6,81020,596,0.0,10280,1097,79923
18,81038,596,0.0,10281,1097,79941
3,81041,596,0.0,10282,1097,79944
15,81056,596,0.0,10283,1097,79959
10,81066,596,0.0,10284,1097,79969
9,81075,596,0.0,10285,1097,79978
2,81077,596,0.0,10286,1097,79980
2,81079,596,0.0,10287,1097,79982
5,81084,596,0.0,10288,1097,79987
11,81095,597,1.0,10289,1097,79998
9,81104,597,0.0,10290,1097,80007
14,81118,597,0.0,10291,1097,80021
3,81121,597,0.0,10292,1097,80024
3,81124,597,0.0,10293,1097,80027
7,81131,597,0.0,10294,1097,80034
13,81144,597,0.0,10295,1097,80047
7,81151,597,0.0,10296,1097,80054
5,81156,597,0.0,10297,1097,80059
30,81186,597,0.0,10298,1097,80089
3,81189,597,0.0,10299,1097,80092
7,81196,597,0.0,10300,1097,80099
5,81201,597,0.0,10301,1097,80104
10,81211,597,0.0,10302,1097,80114
2,81213,597,0.0,10303,1097,80116
11,81224,597,0.0,10304,1097,80127
3,81227,597,0.0,10305,1097,80130
7,81234,597,0.0,10306,1097,80137
3,81237,597,0.0,10307,1097,80140
2,81239,597,0.0,10308,1097,80142
3,81242,597,0.0,10309,1097,80145
11,81253,597,0.0,10310,1097,80156
7,81260,597,0.0,10311,1097,80163
3,81263,597,0.0,10312,1097,80166
3,81266,597,0.0,10313,1097,80169
2,81268,597,0.0,10314,1097,80171
9,81277,597,0.0,10315,1097,80180
2,81279,597,0.0,10316,1097,80182
6,81285,597,0.0,10317,1097,80188
3,81288,597,0.0,10318,1097,80191
12,81300,597,0.0,10319,1097,80203
6,81306,597,0.0,10320,1097,80209
3,81309,597,0.0,10321,1097,80212
3,81312,597,0.0,10322,1097,80215
29,81341,597,0.0,10323,1097,80244
4,81345,597,0.0,10324,1097,80248
8,81353,597,0.0,10325,1097,80256
4,81357,597,0.0,10326,1097,80260
3,81360,597,0.0,10327,1097,80263
5,81365,597,0.0,10328,1097,80268
4,81369,597,0.0,10329,1097,80272
8,81377,597,0.0,10330,1097,80280
19,81396,597,0.0,10331,1097,80299
2,81398,597,0.0,10332,1097,80301
4,81402,597,0.0,10333,1097,80305
6,81408,597,0.0,10334,1097,80311
13,81421,597,0.0,10335,1097,80324
6,81427,597,0.0,10336,1097,80330
7,81434,597,0.0,10337,1097,80337
2,81436,597,0.0,10338,1097,80339
9,81445,598,1.0,10339,1097,80348
3,81448,598,0.0,10340,1097,80351
7,81455,598,0.0,10341,1097,80358
2,81457,598,0.0,10342,1097,80360
22,81479,598,0.0,10343,1097,80382
7,81486,598,0.0,10344,1097,80389
3,81489,598,0.0,10345,1097,80392
5,81494,598,0.0,10346,1097,80397
3,81497,598,0.0,10347,1097,80400
6,81503,598,0.0,10348,1097,80406
10,81513,598,0.0,10349,1097,80416
19,81532,599,1.0,10350,1097,80435
5,81537,599,0.0,10351,1097,80440
6,81543,599,0.0,10352,1097,80446
19,81562,599,0.0,10353,1097,80465
2,81564,599,0.0,10354,1097,80467
5,81569,599,0.0,10355,1097,80472
4,81573,599,0.0,10356,1097,80476
7,81580,599,0.0,10357,1097,80483
3,81583,599,0.0,10358,1097,80486
4,81587,599,0.0,10359,1097,80490
6,81593,599,0.0,10360,1097,80496
6,81599,599,0.0,10361,1097,80502
7,81606,599,0.0,10362,1097,80509
9,81615,599,0.0,10363,1097,80518
7,81622,599,0.0,10364,1097,80525
7,81629,599,0.0,10365,1097,80532
8,81637,599,0.0,10366,1097,80540
4,81641,599,0.0,10367,1097,80544
3,81644,599,0.0,10368,1097,80547
3,81647,599,0.0,10369,1097,80550
3,81650,599,0.0,10370,1097,80553
19,81669,599,0.0,10371,1097,80572
10,81679,599,0.0,10372,1097,80582
19,81698,600,1.0,10373,1097,80601
15,81713,600,0.0,10374,1097,80616
3,81716,600,0.0,10375,1097,80619
6,81722,600,0.0,10376,1097,80625
3,81725,600,0.0,10377,1097,80628
20,81745,600,0.0,10378,1097,80648
5,81750,600,0.0,10379,1097,80653
7,81757,600,0.0,10380,1097,80660
19,81776,601,1.0,10381,1097,80679
22,81798,601,0.0,10382,1097,80701
6,81804,601,0.0,10383,1097,80707
5,81809,601,0.0,10384,1097,80712
7,81816,601,0.0,10385,1097,80719
12,81828,601,0.0,10386,1097,80731
8,81836,601,0.0,10387,1097,80739
19,81855,602,1.0,10388,1097,80758
13,81868,602,0.0,10389,1097,80771
3,81871,602,0.0,10390,1097,80774
3,81874,602,0.0,10391,1097,80777
9,81883,602,0.0,10392,1097,80786
19,81902,602,0.0,10393,1097,80805
3,81905,602,0.0,10394,1097,80808
6,81911,602,0.0,10395,1097,80814
7,81918,602,0.0,10396,1097,80821
13,81931,602,0.0,10397,1097,80834
14,81945,602,0.0,10398,1097,80848
2,81947,602,0.0,10399,1097,80850
11,81958,603,1.0,10400,1097,80861
7,81965,603,0.0,10401,1097,80868
7,81972,603,0.0,10402,1097,80875
10,81982,603,0.0,10403,1097,80885
5,81987,603,0.0,10404,1097,80890
19,82006,603,0.0,10405,1097,80909
5,82011,603,0.0,10406,1097,80914
6,82017,603,0.0,10407,1097,80920
5,82022,603,0.0,10408,1097,80925
9,82031,603,0.0,10409,1097,80934
4,82035,603,0.0,10410,1097,80938
19,82054,604,1.0,10411,1097,80957
3,82057,604,0.0,10412,1097,80960
5,82062,604,0.0,10413,1097,80965
19,82081,605,1.0,10414,1097,80984
2,82083,605,0.0,10415,1097,80986
6,82089,605,0.0,10416,1097,80992
11,82100,606,1.0,10417,1097,81003
6,82106,606,0.0,10418,1097,81009
8,82114,606,0.0,10419,1097,81017
4,82118,606,0.0,10420,1097,81021
3,82121,606,0.0,10421,1097,81024
2,82123,606,0.0,10422,1097,81026
5,82128,606,0.0,10423,1097,81031
3,82131,606,0.0,10424,1097,81034
4,82135,606,0.0,10425,1097,81038
7,82142,606,0.0,10426,1097,81045
7,82149,606,0.0,10427,1097,81052
4,82153,606,0.0,10428,1097,81056
8,82161,606,0.0,10429,1097,81064
7,82168,606,0.0,10430,1097,81071
7,82175,606,0.0,10431,1097,81078
10,82185,606,0.0,10432,1097,81088
19,82204,607,1.0,10433,1097,81107
4,82208,607,0.0,10434,1097,81111
6,82214,607,0.0,10435,1097,81117
8,82222,607,0.0,10436,1097,81125
5,82227,607,0.0,10437,1097,81130
17,82244,607,0.0,10438,1097,81147
11,82255,608,1.0,10439,1097,81158
4,82259,608,0.0,10440,1097,81162
29,82288,608,0.0,10441,1097,81191
19,82307,609,1.0,10442,1097,81210
3,82310,609,0.0,10443,1097,81213
9,82319,609,0.0,10444,1097,81222
3,82322,609,0.0,10445,1097,81225
5,82327,609,0.0,10446,1097,81230
15,82342,610,1.0,10447,1097,81245
7,82349,610,0.0,10448,1097,81252
11,82360,610,0.0,10449,1097,81263
7,82367,610,0.0,10450,1097,81270
3,82370,610,0.0,10451,1097,81273
3,82373,610,0.0,10452,1097,81276
13,82386,610,0.0,10453,1097,81289
2,82388,610,0.0,10454,1097,81291
3,82391,610,0.0,10455,1097,81294
8,82399,610,0.0,10456,1097,81302
7,82406,610,0.0,10457,1097,81309
2,82408,610,0.0,10458,1097,81311
5,82413,610,0.0,10459,1097,81316
2,82415,610,0.0,10460,1097,81318
6,82421,610,0.0,10461,1097,81324
8,82429,610,0.0,10462,1097,81332
4,82433,610,0.0,10463,1097,81336
10,82443,610,0.0,10464,1097,81346
14,82457,610,0.0,10465,1097,81360
11,82468,611,1.0,10466,1097,81371
3,82471,611,0.0,10467,1097,81374
13,82484,611,0.0,10468,1097,81387
7,82491,611,0.0,10469,1097,81394
6,82497,611,0.0,10470,1097,81400
22,82519,611,0.0,10471,1097,81422
7,82526,611,0.0,10472,1097,81429
3,82529,611,0.0,10473,1097,81432
11,82540,611,0.0,10474,1097,81443
8,82548,611,0.0,10475,1097,81451
19,82567,612,1.0,10476,1097,81470
4,82571,612,0.0,10477,1097,81474
4,82575,612,0.0,10478,1097,81478
7,82582,612,0.0,10479,1097,81485
4,82586,612,0.0,10480,1097,81489
9,82595,612,0.0,10481,1097,81498
5,82600,612,0.0,10482,1097,81503
3,82603,612,0.0,10483,1097,81506
7,82610,612,0.0,10484,1097,81513
3,82613,612,0.0,10485,1097,81516
5,82618,612,0.0,10486,1097,81521
13,82631,612,0.0,10487,1097,81534
19,82650,612,0.0,10488,1097,81553
5,82655,612,0.0,10489,1097,81558
4,82659,612,0.0,10490,1097,81562
7,82666,612,0.0,10491,1097,81569
2,82668,612,0.0,10492,1097,81571
4,82672,612,0.0,10493,1097,81575
3,82675,612,0.0,10494,1097,81578
7,82682,612,0.0,10495,1097,81585
13,82695,612,0.0,10496,1097,81598
2,82697,612,0.0,10497,1097,81600
13,82710,612,0.0,10498,1097,81613
2,82712,612,0.0,10499,1097,81615
20,82732,612,0.0,10500,1097,81635
15,82747,612,0.0,10501,1097,81650
28,82775,612,0.0,10502,1097,81678
6,82781,612,0.0,10503,1097,81684
7,82788,612,0.0,10504,1097,81691
5,82793,612,0.0,10505,1097,81696
19,82812,613,1.0,10506,1097,81715
3,82815,613,0.0,10507,1097,81718
4,82819,613,0.0,10508,1097,81722
12,82831,613,0.0,10509,1097,81734
2,82833,613,0.0,10510,1097,81736
7,82840,613,0.0,10511,1097,81743
14,82854,613,0.0,10512,1097,81757
12,82866,613,0.0,10513,1097,81769
3,82869,613,0.0,10514,1097,81772
10,82879,613,0.0,10515,1097,81782
7,82886,613,0.0,10516,1097,81789
15,82901,614,1.0,10517,1097,81804
4,82905,614,0.0,10518,1097,81808
18,82923,614,0.0,10519,1097,81826
3,82926,614,0.0,10520,1097,81829
2,82928,614,0.0,10521,1097,81831
6,82934,614,0.0,10522,1097,81837
18,82952,614,0.0,10523,1097,81855
11,82963,614,0.0,10524,1097,81866
14,82977,614,0.0,10525,1097,81880
3,82980,614,0.0,10526,1097,81883
4,82984,614,0.0,10527,1097,81887
3,82987,614,0.0,10528,1097,81890
3,82990,614,0.0,10529,1097,81893
2,82992,614,0.0,10530,1097,81895
6,82998,614,0.0,10531,1097,81901
5,83003,614,0.0,10532,1097,81906
3,83006,614,0.0,10533,1097,81909
19,83025,615,1.0,10534,1097,81928
15,83040,615,0.0,10535,1097,81943
31,83071,615,0.0,10536,1097,81974
3,83074,615,0.0,10537,1097,81977
12,83086,615,0.0,10538,1097,81989
2,83088,615,0.0,10539,1097,81991
15,83103,615,0.0,10540,1097,82006
8,83111,615,0.0,10541,1097,82014
6,83117,615,0.0,10542,1097,82020
9,83126,615,0.0,10543,1097,82029
12,83138,615,0.0,10544,1097,82041
6,83144,615,0.0,10545,1097,82047
6,83150,615,0.0,10546,1097,82053
8,83158,615,0.0,10547,1097,82061
7,83165,615,0.0,10548,1097,82068
7,83172,615,0.0,10549,1097,82075
3,83175,615,0.0,10550,1097,82078
4,83179,615,0.0,10551,1097,82082
4,83183,615,0.0,10552,1097,82086
14,83197,615,0.0,10553,1097,82100
3,83200,615,0.0,10554,1097,82103
10,83210,615,0.0,10555,1097,82113
4,83214,615,0.0,10556,1097,82117
4,83218,615,0.0,10557,1097,82121
7,83225,615,0.0,10558,1097,82128
3,83228,615,0.0,10559,1097,82131
18,83246,615,0.0,10560,1097,82149
6,83252,615,0.0,10561,1097,82155
4,83256,615,0.0,10562,1097,82159
7,83263,615,0.0,10563,1097,82166
24,83287,615,0.0,10564,1097,82190
7,83294,615,0.0,10565,1097,82197
4,83298,615,0.0,10566,1097,82201
5,83303,615,0.0,10567,1097,82206
3,83306,615,0.0,10568,1097,82209
2,83308,615,0.0,10569,1097,82211
10,83318,615,0.0,10570,1097,82221
19,83337,616,1.0,10571,1097,82240
11,83348,616,0.0,10572,1097,82251
4,83352,616,0.0,10573,1097,82255
3,83355,616,0.0,10574,1097,82258
4,83359,616,0.0,10575,1097,82262
4,83363,616,0.0,10576,1097,82266
5,83368,616,0.0,10577,1097,82271
16,83384,616,0.0,10578,1097,82287
16,83400,616,0.0,10579,1097,82303
7,83407,616,0.0,10580,1097,82310
13,83420,616,0.0,10581,1097,82323
15,83435,616,0.0,10582,1097,82338
2,83437,616,0.0,10583,1097,82340
3,83440,616,0.0,10584,1097,82343
2,83442,616,0.0,10585,1097,82345
19,83461,617,1.0,10586,1097,82364
10,83471,617,0.0,10587,1097,82374
7,83478,617,0.0,10588,1097,82381
9,83487,617,0.0,10589,1097,82390
7,83494,617,0.0,10590,1097,82397
4,83498,617,0.0,10591,1097,82401
25,83523,617,0.0,10592,1097,82426
6,83529,617,0.0,10593,1097,82432
5,83534,617,0.0,10594,1097,82437
10,83544,617,0.0,10595,1097,82447
15,83559,617,0.0,10596,1097,82462
4,83563,617,0.0,10597,1097,82466
4,83567,617,0.0,10598,1097,82470
7,83574,617,0.0,10599,1097,82477
7,83581,617,0.0,10600,1097,82484
7,83588,617,0.0,10601,1097,82491
11,83599,618,1.0,10602,1097,82502
6,83605,618,0.0,10603,1097,82508
2,83607,618,0.0,10604,1097,82510
7,83614,618,0.0,10605,1097,82517
6,83620,618,0.0,10606,1097,82523
19,83639,619,1.0,10607,1097,82542
3,83642,619,0.0,10608,1097,82545
3,83645,619,0.0,10609,1097,82548
8,83653,619,0.0,10610,1097,82556
7,83660,619,0.0,10611,1097,82563
6,83666,619,0.0,10612,1097,82569
2,83668,619,0.0,10613,1097,82571
6,83674,619,0.0,10614,1097,82577
3,83677,619,0.0,10615,1097,82580
6,83683,619,0.0,10616,1097,82586
6,83689,619,0.0,10617,1097,82592
3,83692,619,0.0,10618,1097,82595
19,83711,620,1.0,10619,1097,82614
19,83730,621,1.0,10620,1097,82633
2,83732,621,0.0,10621,1097,82635
6,83738,621,0.0,10622,1097,82641
2,83740,621,0.0,10623,1097,82643
22,83762,622,1.0,10624,1097,82665
6,83768,622,0.0,10625,1097,82671
6,83774,622,0.0,10626,1097,82677
7,83781,622,0.0,10627,1097,82684
6,83787,622,0.0,10628,1097,82690
7,83794,622,0.0,10629,1097,82697
11,83805,622,0.0,10630,1097,82708
22,83827,622,0.0,10631,1097,82730
16,83843,622,0.0,10632,1097,82746
5,83848,622,0.0,10633,1097,82751
7,83855,622,0.0,10634,1097,82758
10,83865,622,0.0,10635,1097,82768
12,83877,622,0.0,10636,1097,82780
6,83883,622,0.0,10637,1097,82786
18,83901,622,0.0,10638,1097,82804
3,83904,622,0.0,10639,1097,82807
4,83908,622,0.0,10640,1097,82811
4,83912,622,0.0,10641,1097,82815
7,83919,622,0.0,10642,1097,82822
3,83922,622,0.0,10643,1097,82825
13,83935,622,0.0,10644,1097,82838
7,83942,622,0.0,10645,1097,82845
3,83945,622,0.0,10646,1097,82848
11,83956,623,1.0,10647,1097,82859
11,83967,623,0.0,10648,1097,82870
22,83989,623,0.0,10649,1097,82892
8,83997,623,0.0,10650,1097,82900
3,84000,623,0.0,10651,1097,82903
3,84003,623,0.0,10652,1097,82906
5,84008,623,0.0,10653,1097,82911
12,84020,623,0.0,10654,1097,82923
7,84027,623,0.0,10655,1097,82930
5,84032,623,0.0,10656,1097,82935
6,84038,623,0.0,10657,1097,82941
24,84062,623,0.0,10658,1097,82965
9,84071,623,0.0,10659,1097,82974
14,84085,623,0.0,10660,1097,82988
2,84087,623,0.0,10661,1097,82990
19,84106,624,1.0,10662,1097,83009
2,84108,624,0.0,10663,1097,83011
11,84119,624,0.0,10664,1097,83022
5,84124,624,0.0,10665,1097,83027
2,84126,624,0.0,10666,1097,83029
9,84135,624,0.0,10667,1097,83038
9,84144,624,0.0,10668,1097,83047
3,84147,624,0.0,10669,1097,83050
7,84154,624,0.0,10670,1097,83057
3,84157,624,0.0,10671,1097,83060
2,84159,624,0.0,10672,1097,83062
13,84172,624,0.0,10673,1097,83075
7,84179,624,0.0,10674,1097,83082
7,84186,624,0.0,10675,1097,83089
3,84189,624,0.0,10676,1097,83092
2,84191,624,0.0,10677,1097,83094
5,84196,624,0.0,10678,1097,83099
6,84202,624,0.0,10679,1097,83105
8,84210,624,0.0,10680,1097,83113
4,84214,624,0.0,10681,1097,83117
10,84224,624,0.0,10682,1097,83127
2,84226,624,0.0,10683,1097,83129
7,84233,624,0.0,10684,1097,83136
6,84239,624,0.0,10685,1097,83142
6,84245,624,0.0,10686,1097,83148
8,84253,624,0.0,10687,1097,83156
3,84256,624,0.0,10688,1097,83159
2,84258,624,0.0,10689,1097,83161
11,84269,624,0.0,10690,1097,83172
10,84279,624,0.0,10691,1097,83182
19,84298,625,1.0,10692,1097,83201
11,84309,625,0.0,10693,1097,83212
6,84315,625,0.0,10694,1097,83218
5,84320,625,0.0,10695,1097,83223
2,84322,625,0.0,10696,1097,83225
6,84328,625,0.0,10697,1097,83231
8,84336,625,0.0,10698,1097,83239
3,84339,625,0.0,10699,1097,83242
19,84358,625,0.0,10700,1097,83261
15,84373,626,1.0,10701,1097,83276
3,84376,626,0.0,10702,1097,83279
2,84378,626,0.0,10703,1097,83281
14,84392,626,0.0,10704,1097,83295
7,84399,626,0.0,10705,1097,83302
8,84407,626,0.0,10706,1097,83310
14,84421,626,0.0,10707,1097,83324
4,84425,626,0.0,10708,1097,83328
6,84431,626,0.0,10709,1097,83334
8,84439,626,0.0,10710,1097,83342
3,84442,626,0.0,10711,1097,83345
3,84445,626,0.0,10712,1097,83348
6,84451,626,0.0,10713,1097,83354
2,84453,626,0.0,10714,1097,83356
7,84460,626,0.0,10715,1097,83363
2,84462,626,0.0,10716,1097,83365
3,84465,626,0.0,10717,1097,83368
9,84474,626,0.0,10718,1097,83377
5,84479,626,0.0,10719,1097,83382
7,84486,626,0.0,10720,1097,83389
5,84491,626,0.0,10721,1097,83394
3,84494,626,0.0,10722,1097,83397
7,84501,626,0.0,10723,1097,83404
9,84510,626,0.0,10724,1097,83413
3,84513,626,0.0,10725,1097,83416
19,84532,627,1.0,10726,1097,83435
4,84536,627,0.0,10727,1097,83439
9,84545,627,0.0,10728,1097,83448
5,84550,627,0.0,10729,1097,83453
8,84558,627,0.0,10730,1097,83461
3,84561,627,0.0,10731,1097,83464
4,84565,627,0.0,10732,1097,83468
10,84575,627,0.0,10733,1097,83478
7,84582,627,0.0,10734,1097,83485
3,84585,627,0.0,10735,1097,83488
19,84604,628,1.0,10736,1097,83507
9,84613,628,0.0,10737,1097,83516
4,84617,628,0.0,10738,1097,83520
8,84625,628,0.0,10739,1097,83528
5,84630,628,0.0,10740,1097,83533
4,84634,628,0.0,10741,1097,83537
2,84636,628,0.0,10742,1097,83539
4,84640,628,0.0,10743,1097,83543
2,84642,628,0.0,10744,1097,83545
8,84650,628,0.0,10745,1097,83553
17,84667,628,0.0,10746,1097,83570
6,84673,628,0.0,10747,1097,83576
7,84680,628,0.0,10748,1097,83583
3,84683,628,0.0,10749,1097,83586
9,84692,628,0.0,10750,1097,83595
3,84695,628,0.0,10751,1097,83598
23,84718,628,0.0,10752,1097,83621
9,84727,628,0.0,10753,1097,83630
6,84733,628,0.0,10754,1097,83636
14,84747,628,0.0,10755,1097,83650
2,84749,628,0.0,10756,1097,83652
5,84754,628,0.0,10757,1097,83657
22,84776,628,0.0,10758,1097,83679
18,84794,628,0.0,10759,1097,83697
5,84799,628,0.0,10760,1097,83702
16,84815,628,0.0,10761,1097,83718
12,84827,628,0.0,10762,1097,83730
4,84831,628,0.0,10763,1097,83734
4,84835,628,0.0,10764,1097,83738
2,84837,628,0.0,10765,1097,83740
3,84840,628,0.0,10766,1097,83743
8,84848,628,0.0,10767,1097,83751
11,84859,629,1.0,10768,1097,83762
5,84864,629,0.0,10769,1097,83767
14,84878,629,0.0,10770,1097,83781
14,84892,629,0.0,10771,1097,83795
11,84903,629,0.0,10772,1097,83806
16,84919,629,0.0,10773,1097,83822
3,84922,629,0.0,10774,1097,83825
5,84927,629,0.0,10775,1097,83830
19,84946,630,1.0,10776,1097,83849
17,84963,630,0.0,10777,1097,83866
4,84967,630,0.0,10778,1097,83870
2,84969,630,0.0,10779,1097,83872
7,84976,630,0.0,10780,1097,83879
3,84979,630,0.0,10781,1097,83882
15,84994,631,1.0,10782,1097,83897
3,84997,631,0.0,10783,1097,83900
3,85000,631,0.0,10784,1097,83903
4,85004,631,0.0,10785,1097,83907
8,85012,631,0.0,10786,1097,83915
7,85019,631,0.0,10787,1097,83922
4,85023,631,0.0,10788,1097,83926
10,85033,631,0.0,10789,1097,83936
3,85036,631,0.0,10790,1097,83939
17,85053,631,0.0,10791,1097,83956
24,85077,631,0.0,10792,1097,83980
22,85099,632,1.0,10793,1097,84002
6,85105,632,0.0,10794,1097,84008
8,85113,632,0.0,10795,1097,84016
3,85116,632,0.0,10796,1097,84019
2,85118,632,0.0,10797,1097,84021
7,85125,632,0.0,10798,1097,84028
2,85127,632,0.0,10799,1097,84030
20,85147,632,0.0,10800,1097,84050
9,85156,632,0.0,10801,1097,84059
7,85163,632,0.0,10802,1097,84066
3,85166,632,0.0,10803,1097,84069
4,85170,632,0.0,10804,1097,84073
3,85173,632,0.0,10805,1097,84076
23,85196,632,0.0,10806,1097,84099
3,85199,632,0.0,10807,1097,84102
3,85202,632,0.0,10808,1097,84105
5,85207,632,0.0,10809,1097,84110
17,85224,632,0.0,10810,1097,84127
6,85230,632,0.0,10811,1097,84133
2,85232,632,0.0,10812,1097,84135
4,85236,632,0.0,10813,1097,84139
12,85248,632,0.0,10814,1097,84151
16,85264,632,0.0,10815,1097,84167
16,85280,632,0.0,10816,1097,84183
15,85295,632,0.0,10817,1097,84198
4,85299,632,0.0,10818,1097,84202
5,85304,632,0.0,10819,1097,84207
2,85306,632,0.0,10820,1097,84209
11,85317,632,0.0,10821,1097,84220
23,85340,632,0.0,10822,1097,84243
6,85346,632,0.0,10823,1097,84249
5,85351,632,0.0,10824,1097,84254
11,85362,633,1.0,10825,1097,84265
2,85364,633,0.0,10826,1097,84267
19,85383,634,1.0,10827,1097,84286
2,85385,634,0.0,10828,1097,84288
3,85388,634,0.0,10829,1097,84291
3,85391,634,0.0,10830,1097,84294
7,85398,634,0.0,10831,1097,84301
3,85401,634,0.0,10832,1097,84304
2,85403,634,0.0,10833,1097,84306
7,85410,634,0.0,10834,1097,84313
3,85413,634,0.0,10835,1097,84316
5,85418,634,0.0,10836,1097,84321
7,85425,634,0.0,10837,1097,84328
19,85444,634,0.0,10838,1097,84347
8,85452,634,0.0,10839,1097,84355
4,85456,634,0.0,10840,1097,84359
2,85458,634,0.0,10841,1097,84361
8,85466,634,0.0,10842,1097,84369
3,85469,634,0.0,10843,1097,84372
3,85472,634,0.0,10844,1097,84375
7,85479,634,0.0,10845,1097,84382
3,85482,634,0.0,10846,1097,84385
28,85510,635,1.0,10847,1097,84413
7,85517,635,0.0,10848,1097,84420
19,85536,636,1.0,10849,1097,84439
7,85543,636,0.0,10850,1097,84446
3,85546,636,0.0,10851,1097,84449
20,85566,636,0.0,10852,1097,84469
16,85582,636,0.0,10853,1097,84485
3,85585,636,0.0,10854,1097,84488
2,85587,636,0.0,10855,1097,84490
16,85603,636,0.0,10856,1097,84506
2,85605,636,0.0,10857,1097,84508
16,85621,636,0.0,10858,1097,84524
7,85628,636,0.0,10859,1097,84531
19,85647,637,1.0,10860,1097,84550
3,85650,637,0.0,10861,1097,84553
9,85659,637,0.0,10862,1097,84562
4,85663,637,0.0,10863,1097,84566
9,85672,637,0.0,10864,1097,84575
7,85679,637,0.0,10865,1097,84582
5,85684,637,0.0,10866,1097,84587
10,85694,637,0.0,10867,1097,84597
19,85713,638,1.0,10868,1097,84616
2,85715,638,0.0,10869,1097,84618
6,85721,638,0.0,10870,1097,84624
10,85731,638,0.0,10871,1097,84634
19,85750,639,1.0,10872,1097,84653
9,85759,639,0.0,10873,1097,84662
8,85767,639,0.0,10874,1097,84670
3,85770,639,0.0,10875,1097,84673
7,85777,639,0.0,10876,1097,84680
7,85784,639,0.0,10877,1097,84687
3,85787,639,0.0,10878,1097,84690
7,85794,639,0.0,10879,1097,84697
11,85805,639,0.0,10880,1097,84708
2,85807,639,0.0,10881,1097,84710
2,85809,639,0.0,10882,1097,84712
7,85816,639,0.0,10883,1097,84719
15,85831,639,0.0,10884,1097,84734
21,85852,639,0.0,10885,1097,84755
7,85859,639,0.0,10886,1097,84762
7,85866,639,0.0,10887,1097,84769
15,85881,639,0.0,10888,1097,84784
3,85884,639,0.0,10889,1097,84787
4,85888,639,0.0,10890,1097,84791
3,85891,639,0.0,10891,1097,84794
7,85898,639,0.0,10892,1097,84801
7,85905,639,0.0,10893,1097,84808
2,85907,639,0.0,10894,1097,84810
9,85916,639,0.0,10895,1097,84819
19,85935,640,1.0,10896,1097,84838
2,85937,640,0.0,10897,1097,84840
4,85941,640,0.0,10898,1097,84844
6,85947,640,0.0,10899,1097,84850
8,85955,640,0.0,10900,1097,84858
6,85961,640,0.0,10901,1097,84864
6,85967,640,0.0,10902,1097,84870
2,85969,640,0.0,10903,1097,84872
6,85975,640,0.0,10904,1097,84878
3,85978,640,0.0,10905,1097,84881
16,85994,640,0.0,10906,1097,84897
8,86002,640,0.0,10907,1097,84905
2,86004,640,0.0,10908,1097,84907
2,86006,640,0.0,10909,1097,84909
4,86010,640,0.0,10910,1097,84913
3,86013,640,0.0,10911,1097,84916
3,86016,640,0.0,10912,1097,84919
7,86023,640,0.0,10913,1097,84926
7,86030,640,0.0,10914,1097,84933
2,86032,640,0.0,10915,1097,84935
19,86051,641,1.0,10916,1097,84954
2,86053,641,0.0,10917,1097,84956
2,86055,641,0.0,10918,1097,84958
8,86063,641,0.0,10919,1097,84966
3,86066,641,0.0,10920,1097,84969
7,86073,641,0.0,10921,1097,84976
18,86091,641,0.0,10922,1097,84994
3,86094,641,0.0,10923,1097,84997
19,86113,642,1.0,10924,1097,85016
3,86116,642,0.0,10925,1097,85019
5,86121,642,0.0,10926,1097,85024
10,86131,642,0.0,10927,1097,85034
7,86138,642,0.0,10928,1097,85041
3,86141,642,0.0,10929,1097,85044
7,86148,642,0.0,10930,1097,85051
5,86153,642,0.0,10931,1097,85056
7,86160,642,0.0,10932,1097,85063
7,86167,642,0.0,10933,1097,85070
4,86171,642,0.0,10934,1097,85074
6,86177,642,0.0,10935,1097,85080
6,86183,642,0.0,10936,1097,85086
10,86193,642,0.0,10937,1097,85096
5,86198,642,0.0,10938,1097,85101
6,86204,642,0.0,10939,1097,85107
10,86214,642,0.0,10940,1097,85117
10,86224,642,0.0,10941,1097,85127
18,86242,642,0.0,10942,1097,85145
4,86246,642,0.0,10943,1097,85149
7,86253,642,0.0,10944,1097,85156
7,86260,642,0.0,10945,1097,85163
11,86271,642,0.0,10946,1097,85174
17,86288,642,0.0,10947,1097,85191
2,86290,642,0.0,10948,1097,85193
2,86292,642,0.0,10949,1097,85195
13,86305,642,0.0,10950,1097,85208
4,86309,642,0.0,10951,1097,85212
10,86319,642,0.0,10952,1097,85222
13,86332,642,0.0,10953,1097,85235
4,86336,642,0.0,10954,1097,85239
5,86341,642,0.0,10955,1097,85244
10,86351,642,0.0,10956,1097,85254
2,86353,642,0.0,10957,1097,85256
7,86360,642,0.0,10958,1097,85263
3,86363,642,0.0,10959,1097,85266
19,86382,643,1.0,10960,1097,85285
8,86390,643,0.0,10961,1097,85293
17,86407,643,0.0,10962,1097,85310
12,86419,643,0.0,10963,1097,85322
7,86426,643,0.0,10964,1097,85329
7,86433,643,0.0,10965,1097,85336
19,86452,644,1.0,10966,1097,85355
19,86471,645,1.0,10967,1097,85374
7,86478,645,0.0,10968,1097,85381
4,86482,645,0.0,10969,1097,85385
3,86485,645,0.0,10970,1097,85388
12,86497,645,0.0,10971,1097,85400
3,86500,645,0.0,10972,1097,85403
19,86519,646,1.0,10973,1097,85422
5,86524,646,0.0,10974,1097,85427
18,86542,646,0.0,10975,1097,85445
7,86549,646,0.0,10976,1097,85452
5,86554,646,0.0,10977,1097,85457
20,86574,646,0.0,10978,1097,85477
8,86582,646,0.0,10979,1097,85485
7,86589,646,0.0,10980,1097,85492
2,86591,646,0.0,10981,1097,85494
8,86599,646,0.0,10982,1097,85502
11,86610,646,0.0,10983,1097,85513
4,86614,646,0.0,10984,1097,85517
8,86622,646,0.0,10985,1097,85525
13,86635,646,0.0,10986,1097,85538
2,86637,646,0.0,10987,1097,85540
2,86639,646,0.0,10988,1097,85542
3,86642,646,0.0,10989,1097,85545
19,86661,647,1.0,10990,1097,85564
2,86663,647,0.0,10991,1097,85566
7,86670,647,0.0,10992,1097,85573
2,86672,647,0.0,10993,1097,85575
4,86676,647,0.0,10994,1097,85579
5,86681,647,0.0,10995,1097,85584
19,86700,648,1.0,10996,1097,85603
2,86702,648,0.0,10997,1097,85605
2,86704,648,0.0,10998,1097,85607
10,86714,648,0.0,10999,1097,85617
4,86718,648,0.0,11000,1097,85621
2,86720,648,0.0,11001,1097,85623
8,86728,648,0.0,11002,1097,85631
5,86733,648,0.0,11003,1097,85636
2,86735,648,0.0,11004,1097,85638
3,86738,648,0.0,11005,1097,85641
8,86746,648,0.0,11006,1097,85649
6,86752,648,0.0,11007,1097,85655
12,86764,648,0.0,11008,1097,85667
11,86775,648,0.0,11009,1097,85678
3,86778,648,0.0,11010,1097,85681
21,86799,648,0.0,11011,1097,85702
11,86810,648,0.0,11012,1097,85713
12,86822,648,0.0,11013,1097,85725
2,86824,648,0.0,11014,1097,85727
3,86827,648,0.0,11015,1097,85730
7,86834,648,0.0,11016,1097,85737
8,86842,648,0.0,11017,1097,85745
10,86852,648,0.0,11018,1097,85755
4,86856,648,0.0,11019,1097,85759
6,86862,648,0.0,11020,1097,85765
12,86874,648,0.0,11021,1097,85777
5,86879,648,0.0,11022,1097,85782
14,86893,648,0.0,11023,1097,85796
10,86903,648,0.0,11024,1097,85806
2,86905,648,0.0,11025,1097,85808
5,86910,648,0.0,11026,1097,85813
13,86923,648,0.0,11027,1097,85826
4,86927,648,0.0,11028,1097,85830
15,86942,648,0.0,11029,1097,85845
3,86945,648,0.0,11030,1097,85848
27,86972,648,0.0,11031,1097,85875
7,86979,648,0.0,11032,1097,85882
9,86988,648,0.0,11033,1097,85891
5,86993,648,0.0,11034,1097,85896
3,86996,648,0.0,11035,1097,85899
5,87001,648,0.0,11036,1097,85904
5,87006,648,0.0,11037,1097,85909
4,87010,648,0.0,11038,1097,85913
3,87013,648,0.0,11039,1097,85916
8,87021,648,0.0,11040,1097,85924
2,87023,648,0.0,11041,1097,85926
7,87030,648,0.0,11042,1097,85933
5,87035,648,0.0,11043,1097,85938
3,87038,648,0.0,11044,1097,85941
10,87048,648,0.0,11045,1097,85951
19,87067,649,1.0,11046,1097,85970
3,87070,649,0.0,11047,1097,85973
2,87072,649,0.0,11048,1097,85975
9,87081,649,0.0,11049,1097,85984
4,87085,649,0.0,11050,1097,85988
5,87090,649,0.0,11051,1097,85993
2,87092,649,0.0,11052,1097,85995
7,87099,649,0.0,11053,1097,86002
4,87103,649,0.0,11054,1097,86006
11,87114,650,1.0,11055,1097,86017
4,87118,650,0.0,11056,1097,86021
4,87122,650,0.0,11057,1097,86025
2,87124,650,0.0,11058,1097,86027
9,87133,650,0.0,11059,1097,86036
7,87140,650,0.0,11060,1097,86043
3,87143,650,0.0,11061,1097,86046
4,87147,650,0.0,11062,1097,86050
6,87153,650,0.0,11063,1097,86056
3,87156,650,0.0,11064,1097,86059
19,87175,651,1.0,11065,1097,86078
3,87178,651,0.0,11066,1097,86081
11,87189,651,0.0,11067,1097,86092
15,87204,652,1.0,11068,1097,86107
3,87207,652,0.0,11069,1097,86110
13,87220,652,0.0,11070,1097,86123
7,87227,652,0.0,11071,1097,86130
23,87250,652,0.0,11072,1097,86153
5,87255,652,0.0,11073,1097,86158
2,87257,652,0.0,11074,1097,86160
8,87265,652,0.0,11075,1097,86168
7,87272,652,0.0,11076,1097,86175
14,87286,652,0.0,11077,1097,86189
8,87294,652,0.0,11078,1097,86197
19,87313,653,1.0,11079,1097,86216
7,87320,653,0.0,11080,1097,86223
2,87322,653,0.0,11081,1097,86225
2,87324,653,0.0,11082,1097,86227
7,87331,653,0.0,11083,1097,86234
5,87336,653,0.0,11084,1097,86239
2,87338,653,0.0,11085,1097,86241
11,87349,653,0.0,11086,1097,86252
3,87352,653,0.0,11087,1097,86255
7,87359,653,0.0,11088,1097,86262
29,87388,653,0.0,11089,1097,86291
4,87392,653,0.0,11090,1097,86295
10,87402,653,0.0,11091,1097,86305
3,87405,653,0.0,11092,1097,86308
6,87411,653,0.0,11093,1097,86314
5,87416,653,0.0,11094,1097,86319
9,87425,653,0.0,11095,1097,86328
4,87429,653,0.0,11096,1097,86332
3,87432,653,0.0,11097,1097,86335
5,87437,653,0.0,11098,1097,86340
2,87439,653,0.0,11099,1097,86342
3,87442,653,0.0,11100,1097,86345
2,87444,653,0.0,11101,1097,86347
11,87455,653,0.0,11102,1097,86358
18,87473,653,0.0,11103,1097,86376
13,87486,653,0.0,11104,1097,86389
7,87493,653,0.0,11105,1097,86396
10,87503,653,0.0,11106,1097,86406
2,87505,653,0.0,11107,1097,86408
4,87509,653,0.0,11108,1097,86412
3,87512,653,0.0,11109,1097,86415
6,87518,653,0.0,11110,1097,86421
3,87521,653,0.0,11111,1097,86424
19,87540,654,1.0,11112,1097,86443
8,87548,654,0.0,11113,1097,86451
19,87567,655,1.0,11114,1097,86470
10,87577,655,0.0,11115,1097,86480
6,87583,655,0.0,11116,1097,86486
7,87590,655,0.0,11117,1097,86493
3,87593,655,0.0,11118,1097,86496
11,87604,656,1.0,11119,1097,86507
3,87607,656,0.0,11120,1097,86510
7,87614,656,0.0,11121,1097,86517
5,87619,656,0.0,11122,1097,86522
6,87625,656,0.0,11123,1097,86528
2,87627,656,0.0,11124,1097,86530
4,87631,656,0.0,11125,1097,86534
7,87638,656,0.0,11126,1097,86541
5,87643,656,0.0,11127,1097,86546
19,87662,657,1.0,11128,1097,86565
51,87713,657,0.0,11129,1097,86616
10,87723,657,0.0,11130,1097,86626
6,87729,657,0.0,11131,1097,86632
7,87736,657,0.0,11132,1097,86639
6,87742,657,0.0,11133,1097,86645
4,87746,657,0.0,11134,1097,86649
3,87749,657,0.0,11135,1097,86652
4,87753,657,0.0,11136,1097,86656
7,87760,657,0.0,11137,1097,86663
7,87767,657,0.0,11138,1097,86670
2,87769,657,0.0,11139,1097,86672
3,87772,657,0.0,11140,1097,86675
3,87775,657,0.0,11141,1097,86678
6,87781,657,0.0,11142,1097,86684
7,87788,657,0.0,11143,1097,86691
13,87801,657,0.0,11144,1097,86704
6,87807,657,0.0,11145,1097,86710
7,87814,657,0.0,11146,1097,86717
11,87825,657,0.0,11147,1097,86728
12,87837,657,0.0,11148,1097,86740
2,87839,657,0.0,11149,1097,86742
23,87862,657,0.0,11150,1097,86765
8,87870,657,0.0,11151,1097,86773
4,87874,657,0.0,11152,1097,86777
6,87880,657,0.0,11153,1097,86783
6,87886,657,0.0,11154,1097,86789
3,87889,657,0.0,11155,1097,86792
8,87897,657,0.0,11156,1097,86800
2,87899,657,0.0,11157,1097,86802
13,87912,657,0.0,11158,1097,86815
11,87923,657,0.0,11159,1097,86826
3,87926,657,0.0,11160,1097,86829
6,87932,657,0.0,11161,1097,86835
8,87940,657,0.0,11162,1097,86843
2,87942,657,0.0,11163,1097,86845
13,87955,657,0.0,11164,1097,86858
4,87959,657,0.0,11165,1097,86862
8,87967,657,0.0,11166,1097,86870
3,87970,657,0.0,11167,1097,86873
3,87973,657,0.0,11168,1097,86876
18,87991,657,0.0,11169,1097,86894
8,87999,657,0.0,11170,1097,86902
19,88018,657,0.0,11171,1097,86921
7,88025,657,0.0,11172,1097,86928
5,88030,657,0.0,11173,1097,86933
6,88036,657,0.0,11174,1097,86939
7,88043,657,0.0,11175,1097,86946
19,88062,658,1.0,11176,1097,86965
2,88064,658,0.0,11177,1097,86967
6,88070,658,0.0,11178,1097,86973
8,88078,658,0.0,11179,1097,86981
7,88085,658,0.0,11180,1097,86988
7,88092,658,0.0,11181,1097,86995
11,88103,658,0.0,11182,1097,87006
5,88108,658,0.0,11183,1097,87011
6,88114,658,0.0,11184,1097,87017
2,88116,658,0.0,11185,1097,87019
3,88119,658,0.0,11186,1097,87022
10,88129,658,0.0,11187,1097,87032
8,88137,658,0.0,11188,1097,87040
9,88146,658,0.0,11189,1097,87049
8,88154,658,0.0,11190,1097,87057
10,88164,658,0.0,11191,1097,87067
4,88168,658,0.0,11192,1097,87071
7,88175,658,0.0,11193,1097,87078
2,88177,658,0.0,11194,1097,87080
3,88180,658,0.0,11195,1097,87083
2,88182,658,0.0,11196,1097,87085
8,88190,658,0.0,11197,1097,87093
14,88204,658,0.0,11198,1097,87107
10,88214,658,0.0,11199,1097,87117
2,88216,658,0.0,11200,1097,87119
2,88218,658,0.0,11201,1097,87121
7,88225,658,0.0,11202,1097,87128
4,88229,658,0.0,11203,1097,87132
11,88240,658,0.0,11204,1097,87143
2,88242,658,0.0,11205,1097,87145
15,88257,658,0.0,11206,1097,87160
2,88259,658,0.0,11207,1097,87162
4,88263,658,0.0,11208,1097,87166
2,88265,658,0.0,11209,1097,87168
15,88280,658,0.0,11210,1097,87183
5,88285,658,0.0,11211,1097,87188
7,88292,658,0.0,11212,1097,87195
7,88299,658,0.0,11213,1097,87202
17,88316,658,0.0,11214,1097,87219
3,88319,658,0.0,11215,1097,87222
15,88334,659,1.0,11216,1097,87237
19,88353,660,1.0,11217,1097,87256
3,88356,660,0.0,11218,1097,87259
9,88365,660,0.0,11219,1097,87268
6,88371,660,0.0,11220,1097,87274
3,88374,660,0.0,11221,1097,87277
10,88384,660,0.0,11222,1097,87287
2,88386,660,0.0,11223,1097,87289
3,88389,660,0.0,11224,1097,87292
10,88399,660,0.0,11225,1097,87302
19,88418,661,1.0,11226,1097,87321
11,88429,662,1.0,11227,1097,87332
11,88440,662,0.0,11228,1097,87343
7,88447,662,0.0,11229,1097,87350
2,88449,662,0.0,11230,1097,87352
14,88463,662,0.0,11231,1097,87366
9,88472,662,0.0,11232,1097,87375
2,88474,662,0.0,11233,1097,87377
5,88479,662,0.0,11234,1097,87382
11,88490,662,0.0,11235,1097,87393
5,88495,662,0.0,11236,1097,87398
3,88498,662,0.0,11237,1097,87401
4,88502,662,0.0,11238,1097,87405
17,88519,662,0.0,11239,1097,87422
6,88525,662,0.0,11240,1097,87428
2,88527,662,0.0,11241,1097,87430
3,88530,662,0.0,11242,1097,87433
4,88534,662,0.0,11243,1097,87437
23,88557,662,0.0,11244,1097,87460
25,88582,662,0.0,11245,1097,87485
17,88599,662,0.0,11246,1097,87502
8,88607,662,0.0,11247,1097,87510
7,88614,662,0.0,11248,1097,87517
2,88616,662,0.0,11249,1097,87519
10,88626,662,0.0,11250,1097,87529
3,88629,662,0.0,11251,1097,87532
4,88633,662,0.0,11252,1097,87536
21,88654,662,0.0,11253,1097,87557
7,88661,662,0.0,11254,1097,87564
7,88668,662,0.0,11255,1097,87571
6,88674,662,0.0,11256,1097,87577
19,88693,663,1.0,11257,1097,87596
3,88696,663,0.0,11258,1097,87599
2,88698,663,0.0,11259,1097,87601
9,88707,663,0.0,11260,1097,87610
3,88710,663,0.0,11261,1097,87613
10,88720,663,0.0,11262,1097,87623
6,88726,663,0.0,11263,1097,87629
10,88736,663,0.0,11264,1097,87639
13,88749,663,0.0,11265,1097,87652
19,88768,664,1.0,11266,1097,87671
10,88778,664,0.0,11267,1097,87681
3,88781,664,0.0,11268,1097,87684
7,88788,664,0.0,11269,1097,87691
17,88805,664,0.0,11270,1097,87708
4,88809,664,0.0,11271,1097,87712
5,88814,664,0.0,11272,1097,87717
4,88818,664,0.0,11273,1097,87721
13,88831,664,0.0,11274,1097,87734
4,88835,664,0.0,11275,1097,87738
7,88842,664,0.0,11276,1097,87745
3,88845,664,0.0,11277,1097,87748
6,88851,664,0.0,11278,1097,87754
7,88858,664,0.0,11279,1097,87761
13,88871,664,0.0,11280,1097,87774
3,88874,664,0.0,11281,1097,87777
4,88878,664,0.0,11282,1097,87781
12,88890,664,0.0,11283,1097,87793
17,88907,664,0.0,11284,1097,87810
6,88913,664,0.0,11285,1097,87816
11,88924,665,1.0,11286,1097,87827
19,88943,666,1.0,11287,1097,87846
5,88948,666,0.0,11288,1097,87851
3,88951,666,0.0,11289,1097,87854
6,88957,666,0.0,11290,1097,87860
3,88960,666,0.0,11291,1097,87863
2,88962,666,0.0,11292,1097,87865
3,88965,666,0.0,11293,1097,87868
3,88968,666,0.0,11294,1097,87871
3,88971,666,0.0,11295,1097,87874
3,88974,666,0.0,11296,1097,87877
7,88981,666,0.0,11297,1097,87884
2,88983,666,0.0,11298,1097,87886
3,88986,666,0.0,11299,1097,87889
6,88992,666,0.0,11300,1097,87895
2,88994,666,0.0,11301,1097,87897
19,89013,667,1.0,11302,1097,87916
2,89015,667,0.0,11303,1097,87918
2,89017,667,0.0,11304,1097,87920
7,89024,667,0.0,11305,1097,87927
3,89027,667,0.0,11306,1097,87930
10,89037,667,0.0,11307,1097,87940
6,89043,667,0.0,11308,1097,87946
10,89053,667,0.0,11309,1097,87956
12,89065,667,0.0,11310,1097,87968
5,89070,667,0.0,11311,1097,87973
8,89078,667,0.0,11312,1097,87981
19,89097,668,1.0,11313,1097,88000
7,89104,668,0.0,11314,1097,88007
2,89106,668,0.0,11315,1097,88009
19,89125,669,1.0,11316,1097,88028
5,89130,669,0.0,11317,1097,88033
3,89133,669,0.0,11318,1097,88036
11,89144,669,0.0,11319,1097,88047
5,89149,669,0.0,11320,1097,88052
2,89151,669,0.0,11321,1097,88054
3,89154,669,0.0,11322,1097,88057
24,89178,669,0.0,11323,1097,88081
22,89200,669,0.0,11324,1097,88103
4,89204,669,0.0,11325,1097,88107
6,89210,669,0.0,11326,1097,88113
10,89220,669,0.0,11327,1097,88123
10,89230,669,0.0,11328,1097,88133
19,89249,670,1.0,11329,1097,88152
12,89261,670,0.0,11330,1097,88164
9,89270,670,0.0,11331,1097,88173
8,89278,670,0.0,11332,1097,88181
10,89288,670,0.0,11333,1097,88191
14,89302,670,0.0,11334,1097,88205
2,89304,670,0.0,11335,1097,88207
12,89316,670,0.0,11336,1097,88219
4,89320,670,0.0,11337,1097,88223
7,89327,670,0.0,11338,1097,88230
12,89339,670,0.0,11339,1097,88242
7,89346,670,0.0,11340,1097,88249
6,89352,670,0.0,11341,1097,88255
6,89358,670,0.0,11342,1097,88261
6,89364,670,0.0,11343,1097,88267
4,89368,670,0.0,11344,1097,88271
11,89379,670,0.0,11345,1097,88282
10,89389,670,0.0,11346,1097,88292
6,89395,670,0.0,11347,1097,88298
10,89405,670,0.0,11348,1097,88308
10,89415,670,0.0,11349,1097,88318
8,89423,670,0.0,11350,1097,88326
3,89426,670,0.0,11351,1097,88329
2,89428,670,0.0,11352,1097,88331
19,89447,671,1.0,11353,1097,88350
2,89449,671,0.0,11354,1097,88352
4,89453,671,0.0,11355,1097,88356
5,89458,671,0.0,11356,1097,88361
5,89463,671,0.0,11357,1097,88366
5,89468,671,0.0,11358,1097,88371
4,89472,671,0.0,11359,1097,88375
16,89488,671,0.0,11360,1097,88391
19,89507,672,1.0,11361,1097,88410
9,89516,672,0.0,11362,1097,88419
9,89525,672,0.0,11363,1097,88428
3,89528,672,0.0,11364,1097,88431
10,89538,672,0.0,11365,1097,88441
8,89546,672,0.0,11366,1097,88449
12,89558,672,0.0,11367,1097,88461
3,89561,672,0.0,11368,1097,88464
2,89563,672,0.0,11369,1097,88466
3,89566,672,0.0,11370,1097,88469
4,89570,672,0.0,11371,1097,88473
3,89573,672,0.0,11372,1097,88476
9,89582,672,0.0,11373,1097,88485
2,89584,672,0.0,11374,1097,88487
19,89603,673,1.0,11375,1097,88506
2,89605,673,0.0,11376,1097,88508
6,89611,673,0.0,11377,1097,88514
2,89613,673,0.0,11378,1097,88516
7,89620,673,0.0,11379,1097,88523
19,89639,674,1.0,11380,1097,88542
6,89645,674,0.0,11381,1097,88548
3,89648,674,0.0,11382,1097,88551
6,89654,674,0.0,11383,1097,88557
17,89671,674,0.0,11384,1097,88574
19,89690,674,0.0,11385,1097,88593
10,89700,674,0.0,11386,1097,88603
7,89707,674,0.0,11387,1097,88610
2,89709,674,0.0,11388,1097,88612
14,89723,674,0.0,11389,1097,88626
22,89745,674,0.0,11390,1097,88648
18,89763,674,0.0,11391,1097,88666
6,89769,674,0.0,11392,1097,88672
3,89772,674,0.0,11393,1097,88675
7,89779,674,0.0,11394,1097,88682
4,89783,674,0.0,11395,1097,88686
7,89790,674,0.0,11396,1097,88693
3,89793,674,0.0,11397,1097,88696
7,89800,674,0.0,11398,1097,88703
2,89802,674,0.0,11399,1097,88705
7,89809,674,0.0,11400,1097,88712
7,89816,674,0.0,11401,1097,88719
3,89819,674,0.0,11402,1097,88722
8,89827,674,0.0,11403,1097,88730
15,89842,674,0.0,11404,1097,88745
23,89865,674,0.0,11405,1097,88768
3,89868,674,0.0,11406,1097,88771
5,89873,674,0.0,11407,1097,88776
12,89885,674,0.0,11408,1097,88788
2,89887,674,0.0,11409,1097,88790
5,89892,674,0.0,11410,1097,88795
2,89894,674,0.0,11411,1097,88797
5,89899,674,0.0,11412,1097,88802
3,89902,674,0.0,11413,1097,88805
8,89910,674,0.0,11414,1097,88813
10,89920,674,0.0,11415,1097,88823
19,89939,675,1.0,11416,1097,88842
9,89948,676,1.0,11417,1097,88851
6,89954,676,0.0,11418,1097,88857
10,89964,676,0.0,11419,1097,88867
13,89977,676,0.0,11420,1097,88880
4,89981,676,0.0,11421,1097,88884
19,90000,677,1.0,11422,1097,88903
2,90002,677,0.0,11423,1097,88905
10,90012,677,0.0,11424,1097,88915
4,90016,677,0.0,11425,1097,88919
8,90024,677,0.0,11426,1097,88927
3,90027,677,0.0,11427,1097,88930
16,90043,677,0.0,11428,1097,88946
7,90050,677,0.0,11429,1097,88953
8,90058,677,0.0,11430,1097,88961
9,90067,677,0.0,11431,1097,88970
7,90074,677,0.0,11432,1097,88977
38,90112,677,0.0,11433,1097,89015
7,90119,677,0.0,11434,1097,89022
3,90122,677,0.0,11435,1097,89025
11,90133,678,1.0,11436,1097,89036
5,90138,678,0.0,11437,1097,89041
7,90145,678,0.0,11438,1097,89048
18,90163,678,0.0,11439,1097,89066
19,90182,679,1.0,11440,1097,89085
8,90190,679,0.0,11441,1097,89093
3,90193,679,0.0,11442,1097,89096
19,90212,680,1.0,11443,1097,89115
9,90221,680,0.0,11444,1097,89124
19,90240,681,1.0,11445,1097,89143
8,90248,681,0.0,11446,1097,89151
2,90250,681,0.0,11447,1097,89153
10,90260,681,0.0,11448,1097,89163
7,90267,681,0.0,11449,1097,89170
4,90271,681,0.0,11450,1097,89174
3,90274,681,0.0,11451,1097,89177
3,90277,681,0.0,11452,1097,89180
5,90282,681,0.0,11453,1097,89185
15,90297,682,1.0,11454,1097,89200
13,90310,682,0.0,11455,1097,89213
2,90312,682,0.0,11456,1097,89215
2,90314,682,0.0,11457,1097,89217
2,90316,682,0.0,11458,1097,89219
2,90318,682,0.0,11459,1097,89221
6,90324,682,0.0,11460,1097,89227
2,90326,682,0.0,11461,1097,89229
11,90337,682,0.0,11462,1097,89240
8,90345,682,0.0,11463,1097,89248
3,90348,682,0.0,11464,1097,89251
5,90353,682,0.0,11465,1097,89256
9,90362,682,0.0,11466,1097,89265
7,90369,682,0.0,11467,1097,89272
6,90375,682,0.0,11468,1097,89278
17,90392,682,0.0,11469,1097,89295
2,90394,682,0.0,11470,1097,89297
5,90399,682,0.0,11471,1097,89302
8,90407,682,0.0,11472,1097,89310
5,90412,682,0.0,11473,1097,89315
7,90419,682,0.0,11474,1097,89322
3,90422,682,0.0,11475,1097,89325
5,90427,682,0.0,11476,1097,89330
4,90431,682,0.0,11477,1097,89334
4,90435,682,0.0,11478,1097,89338
13,90448,682,0.0,11479,1097,89351
2,90450,682,0.0,11480,1097,89353
10,90460,682,0.0,11481,1097,89363
10,90470,682,0.0,11482,1097,89373
11,90481,682,0.0,11483,1097,89384
8,90489,682,0.0,11484,1097,89392
24,90513,682,0.0,11485,1097,89416
6,90519,682,0.0,11486,1097,89422
6,90525,682,0.0,11487,1097,89428
19,90544,683,1.0,11488,1097,89447
15,90559,684,1.0,11489,1097,89462
2,90561,684,0.0,11490,1097,89464
3,90564,684,0.0,11491,1097,89467
19,90583,685,1.0,11492,1097,89486
9,90592,685,0.0,11493,1097,89495
19,90611,686,1.0,11494,1097,89514
5,90616,686,0.0,11495,1097,89519
4,90620,686,0.0,11496,1097,89523
8,90628,686,0.0,11497,1097,89531
4,90632,686,0.0,11498,1097,89535
31,90663,686,0.0,11499,1097,89566
7,90670,686,0.0,11500,1097,89573
11,90681,686,0.0,11501,1097,89584
2,90683,686,0.0,11502,1097,89586
6,90689,686,0.0,11503,1097,89592
11,90700,686,0.0,11504,1097,89603
9,90709,686,0.0,11505,1097,89612
3,90712,686,0.0,11506,1097,89615
7,90719,686,0.0,11507,1097,89622
5,90724,686,0.0,11508,1097,89627
12,90736,686,0.0,11509,1097,89639
11,90747,686,0.0,11510,1097,89650
19,90766,687,1.0,11511,1097,89669
2,90768,687,0.0,11512,1097,89671
7,90775,687,0.0,11513,1097,89678
12,90787,687,0.0,11514,1097,89690
19,90806,688,1.0,11515,1097,89709
9,90815,688,0.0,11516,1097,89718
7,90822,688,0.0,11517,1097,89725
7,90829,688,0.0,11518,1097,89732
4,90833,688,0.0,11519,1097,89736
9,90842,688,0.0,11520,1097,89745
3,90845,688,0.0,11521,1097,89748
11,90856,688,0.0,11522,1097,89759
6,90862,688,0.0,11523,1097,89765
9,90871,688,0.0,11524,1097,89774
5,90876,688,0.0,11525,1097,89779
7,90883,688,0.0,11526,1097,89786
3,90886,688,0.0,11527,1097,89789
8,90894,688,0.0,11528,1097,89797
3,90897,688,0.0,11529,1097,89800
7,90904,688,0.0,11530,1097,89807
17,90921,688,0.0,11531,1097,89824
18,90939,688,0.0,11532,1097,89842
10,90949,688,0.0,11533,1097,89852
19,90968,689,1.0,11534,1097,89871
8,90976,689,0.0,11535,1097,89879
16,90992,689,0.0,11536,1097,89895
3,90995,689,0.0,11537,1097,89898
13,91008,689,0.0,11538,1097,89911
18,91026,689,0.0,11539,1097,89929
4,91030,689,0.0,11540,1097,89933
7,91037,689,0.0,11541,1097,89940
3,91040,689,0.0,11542,1097,89943
11,91051,690,1.0,11543,1097,89954
2,91053,690,0.0,11544,1097,89956
29,91082,690,0.0,11545,1097,89985
3,91085,690,0.0,11546,1097,89988
7,91092,690,0.0,11547,1097,89995
9,91101,690,0.0,11548,1097,90004
8,91109,690,0.0,11549,1097,90012
11,91120,690,0.0,11550,1097,90023
14,91134,690,0.0,11551,1097,90037
4,91138,690,0.0,11552,1097,90041
7,91145,690,0.0,11553,1097,90048
7,91152,690,0.0,11554,1097,90055
7,91159,690,0.0,11555,1097,90062
3,91162,690,0.0,11556,1097,90065
19,91181,691,1.0,11557,1097,90084
6,91187,691,0.0,11558,1097,90090
3,91190,691,0.0,11559,1097,90093
9,91199,691,0.0,11560,1097,90102
11,91210,692,1.0,11561,1097,90113
7,91217,692,0.0,11562,1097,90120
5,91222,692,0.0,11563,1097,90125
5,91227,692,0.0,11564,1097,90130
4,91231,692,0.0,11565,1097,90134
10,91241,692,0.0,11566,1097,90144
11,91252,693,1.0,11567,1097,90155
8,91260,693,0.0,11568,1097,90163
7,91267,693,0.0,11569,1097,90170
7,91274,693,0.0,11570,1097,90177
6,91280,693,0.0,11571,1097,90183
3,91283,693,0.0,11572,1097,90186
7,91290,693,0.0,11573,1097,90193
18,91308,693,0.0,11574,1097,90211
7,91315,693,0.0,11575,1097,90218
14,91329,693,0.0,11576,1097,90232
7,91336,693,0.0,11577,1097,90239
19,91355,694,1.0,11578,1097,90258
3,91358,694,0.0,11579,1097,90261
4,91362,694,0.0,11580,1097,90265
19,91381,695,1.0,11581,1097,90284
7,91388,695,0.0,11582,1097,90291
3,91391,695,0.0,11583,1097,90294
13,91404,695,0.0,11584,1097,90307
11,91415,695,0.0,11585,1097,90318
7,91422,695,0.0,11586,1097,90325
7,91429,695,0.0,11587,1097,90332
9,91438,695,0.0,11588,1097,90341
19,91457,696,1.0,11589,1097,90360
8,91465,696,0.0,11590,1097,90368
3,91468,696,0.0,11591,1097,90371
16,91484,696,0.0,11592,1097,90387
9,91493,696,0.0,11593,1097,90396
3,91496,696,0.0,11594,1097,90399
7,91503,696,0.0,11595,1097,90406
6,91509,696,0.0,11596,1097,90412
7,91516,696,0.0,11597,1097,90419
3,91519,696,0.0,11598,1097,90422
8,91527,696,0.0,11599,1097,90430
3,91530,696,0.0,11600,1097,90433
15,91545,697,1.0,11601,1097,90448
10,91555,697,0.0,11602,1097,90458
3,91558,697,0.0,11603,1097,90461
7,91565,697,0.0,11604,1097,90468
2,91567,697,0.0,11605,1097,90470
3,91570,697,0.0,11606,1097,90473
10,91580,697,0.0,11607,1097,90483
9,91589,697,0.0,11608,1097,90492
2,91591,697,0.0,11609,1097,90494
11,91602,697,0.0,11610,1097,90505
7,91609,697,0.0,11611,1097,90512
3,91612,697,0.0,11612,1097,90515
10,91622,697,0.0,11613,1097,90525
12,91634,697,0.0,11614,1097,90537
8,91642,697,0.0,11615,1097,90545
6,91648,697,0.0,11616,1097,90551
7,91655,697,0.0,11617,1097,90558
7,91662,697,0.0,11618,1097,90565
2,91664,697,0.0,11619,1097,90567
19,91683,698,1.0,11620,1097,90586
6,91689,698,0.0,11621,1097,90592
2,91691,698,0.0,11622,1097,90594
11,91702,698,0.0,11623,1097,90605
19,91721,698,0.0,11624,1097,90624
5,91726,698,0.0,11625,1097,90629
8,91734,698,0.0,11626,1097,90637
2,91736,698,0.0,11627,1097,90639
7,91743,698,0.0,11628,1097,90646
7,91750,698,0.0,11629,1097,90653
8,91758,698,0.0,11630,1097,90661
17,91775,698,0.0,11631,1097,90678
4,91779,698,0.0,11632,1097,90682
10,91789,698,0.0,11633,1097,90692
3,91792,698,0.0,11634,1097,90695
12,91804,698,0.0,11635,1097,90707
8,91812,698,0.0,11636,1097,90715
5,91817,698,0.0,11637,1097,90720
7,91824,698,0.0,11638,1097,90727
5,91829,698,0.0,11639,1097,90732
24,91853,698,0.0,11640,1097,90756
6,91859,698,0.0,11641,1097,90762
4,91863,698,0.0,11642,1097,90766
13,91876,698,0.0,11643,1097,90779
11,91887,698,0.0,11644,1097,90790
14,91901,698,0.0,11645,1097,90804
4,91905,698,0.0,11646,1097,90808
19,91924,699,1.0,11647,1097,90827
7,91931,699,0.0,11648,1097,90834
7,91938,699,0.0,11649,1097,90841
23,91961,699,0.0,11650,1097,90864
4,91965,699,0.0,11651,1097,90868
3,91968,699,0.0,11652,1097,90871
14,91982,699,0.0,11653,1097,90885
7,91989,699,0.0,11654,1097,90892
4,91993,699,0.0,11655,1097,90896
3,91996,699,0.0,11656,1097,90899
3,91999,699,0.0,11657,1097,90902
6,92005,699,0.0,11658,1097,90908
7,92012,699,0.0,11659,1097,90915
6,92018,699,0.0,11660,1097,90921
3,92021,699,0.0,11661,1097,90924
4,92025,699,0.0,11662,1097,90928
7,92032,699,0.0,11663,1097,90935
7,92039,699,0.0,11664,1097,90942
3,92042,699,0.0,11665,1097,90945
15,92057,700,1.0,11666,1097,90960
13,92070,700,0.0,11667,1097,90973
9,92079,700,0.0,11668,1097,90982
2,92081,700,0.0,11669,1097,90984
3,92084,700,0.0,11670,1097,90987
10,92094,700,0.0,11671,1097,90997
19,92113,700,0.0,11672,1097,91016
3,92116,700,0.0,11673,1097,91019
7,92123,700,0.0,11674,1097,91026
11,92134,700,0.0,11675,1097,91037
3,92137,700,0.0,11676,1097,91040
12,92149,700,0.0,11677,1097,91052
20,92169,700,0.0,11678,1097,91072
4,92173,700,0.0,11679,1097,91076
11,92184,700,0.0,11680,1097,91087
10,92194,700,0.0,11681,1097,91097
12,92206,700,0.0,11682,1097,91109
9,92215,701,1.0,11683,1097,91118
7,92222,701,0.0,11684,1097,91125
10,92232,701,0.0,11685,1097,91135
9,92241,701,0.0,11686,1097,91144
17,92258,701,0.0,11687,1097,91161
15,92273,701,0.0,11688,1097,91176
3,92276,701,0.0,11689,1097,91179
3,92279,701,0.0,11690,1097,91182
5,92284,701,0.0,11691,1097,91187
3,92287,701,0.0,11692,1097,91190
22,92309,702,1.0,11693,1097,91212
19,92328,703,1.0,11694,1097,91231
8,92336,703,0.0,11695,1097,91239
3,92339,703,0.0,11696,1097,91242
2,92341,703,0.0,11697,1097,91244
3,92344,703,0.0,11698,1097,91247
3,92347,703,0.0,11699,1097,91250
10,92357,703,0.0,11700,1097,91260
17,92374,703,0.0,11701,1097,91277
13,92387,703,0.0,11702,1097,91290
2,92389,703,0.0,11703,1097,91292
13,92402,703,0.0,11704,1097,91305
19,92421,704,1.0,11705,1097,91324
7,92428,704,0.0,11706,1097,91331
8,92436,704,0.0,11707,1097,91339
4,92440,704,0.0,11708,1097,91343
3,92443,704,0.0,11709,1097,91346
7,92450,704,0.0,11710,1097,91353
13,92463,704,0.0,11711,1097,91366
3,92466,704,0.0,11712,1097,91369
7,92473,704,0.0,11713,1097,91376
7,92480,704,0.0,11714,1097,91383
19,92499,705,1.0,11715,1097,91402
2,92501,705,0.0,11716,1097,91404
3,92504,705,0.0,11717,1097,91407
10,92514,705,0.0,11718,1097,91417
7,92521,705,0.0,11719,1097,91424
7,92528,705,0.0,11720,1097,91431
6,92534,705,0.0,11721,1097,91437
7,92541,705,0.0,11722,1097,91444
7,92548,705,0.0,11723,1097,91451
4,92552,705,0.0,11724,1097,91455
18,92570,705,0.0,11725,1097,91473
19,92589,706,1.0,11726,1097,91492
7,92596,706,0.0,11727,1097,91499
19,92615,706,0.0,11728,1097,91518
2,92617,706,0.0,11729,1097,91520
7,92624,706,0.0,11730,1097,91527
6,92630,706,0.0,11731,1097,91533
10,92640,706,0.0,11732,1097,91543
7,92647,706,0.0,11733,1097,91550
21,92668,706,0.0,11734,1097,91571
11,92679,706,0.0,11735,1097,91582
19,92698,706,0.0,11736,1097,91601
3,92701,706,0.0,11737,1097,91604
5,92706,706,0.0,11738,1097,91609
6,92712,706,0.0,11739,1097,91615
6,92718,706,0.0,11740,1097,91621
13,92731,706,0.0,11741,1097,91634
34,92765,706,0.0,11742,1097,91668
15,92780,707,1.0,11743,1097,91683
5,92785,707,0.0,11744,1097,91688
2,92787,707,0.0,11745,1097,91690
2,92789,707,0.0,11746,1097,91692
2,92791,707,0.0,11747,1097,91694
10,92801,707,0.0,11748,1097,91704
7,92808,707,0.0,11749,1097,91711
5,92813,707,0.0,11750,1097,91716
2,92815,707,0.0,11751,1097,91718
4,92819,707,0.0,11752,1097,91722
2,92821,707,0.0,11753,1097,91724
6,92827,707,0.0,11754,1097,91730
13,92840,707,0.0,11755,1097,91743
11,92851,708,1.0,11756,1097,91754
4,92855,708,0.0,11757,1097,91758
11,92866,708,0.0,11758,1097,91769
2,92868,708,0.0,11759,1097,91771
4,92872,708,0.0,11760,1097,91775
5,92877,708,0.0,11761,1097,91780
4,92881,708,0.0,11762,1097,91784
11,92892,708,0.0,11763,1097,91795
4,92896,708,0.0,11764,1097,91799
19,92915,708,0.0,11765,1097,91818
4,92919,708,0.0,11766,1097,91822
8,92927,708,0.0,11767,1097,91830
12,92939,708,0.0,11768,1097,91842
22,92961,708,0.0,11769,1097,91864
4,92965,708,0.0,11770,1097,91868
19,92984,709,1.0,11771,1097,91887
2,92986,709,0.0,11772,1097,91889
19,93005,709,0.0,11773,1097,91908
7,93012,709,0.0,11774,1097,91915
7,93019,709,0.0,11775,1097,91922
10,93029,709,0.0,11776,1097,91932
3,93032,709,0.0,11777,1097,91935
2,93034,709,0.0,11778,1097,91937
3,93037,709,0.0,11779,1097,91940
6,93043,709,0.0,11780,1097,91946
2,93045,709,0.0,11781,1097,91948
5,93050,709,0.0,11782,1097,91953
4,93054,709,0.0,11783,1097,91957
3,93057,709,0.0,11784,1097,91960
8,93065,709,0.0,11785,1097,91968
7,93072,709,0.0,11786,1097,91975
19,93091,710,1.0,11787,1097,91994
11,93102,711,1.0,11788,1097,92005
3,93105,711,0.0,11789,1097,92008
8,93113,711,0.0,11790,1097,92016
13,93126,711,0.0,11791,1097,92029
14,93140,711,0.0,11792,1097,92043
7,93147,711,0.0,11793,1097,92050
5,93152,711,0.0,11794,1097,92055
2,93154,711,0.0,11795,1097,92057
3,93157,711,0.0,11796,1097,92060
2,93159,711,0.0,11797,1097,92062
5,93164,711,0.0,11798,1097,92067
7,93171,711,0.0,11799,1097,92074
12,93183,711,0.0,11800,1097,92086
7,93190,711,0.0,11801,1097,92093
13,93203,711,0.0,11802,1097,92106
15,93218,711,0.0,11803,1097,92121
22,93240,712,1.0,11804,1097,92143
2,93242,712,0.0,11805,1097,92145
2,93244,712,0.0,11806,1097,92147
2,93246,712,0.0,11807,1097,92149
4,93250,712,0.0,11808,1097,92153
11,93261,713,1.0,11809,1097,92164
4,93265,713,0.0,11810,1097,92168
5,93270,713,0.0,11811,1097,92173
9,93279,713,0.0,11812,1097,92182
15,93294,713,0.0,11813,1097,92197
6,93300,713,0.0,11814,1097,92203
7,93307,713,0.0,11815,1097,92210
13,93320,713,0.0,11816,1097,92223
7,93327,713,0.0,11817,1097,92230
3,93330,713,0.0,11818,1097,92233
9,93339,713,0.0,11819,1097,92242
2,93341,713,0.0,11820,1097,92244
19,93360,714,1.0,11821,1097,92263
12,93372,714,0.0,11822,1097,92275
23,93395,714,0.0,11823,1097,92298
2,93397,714,0.0,11824,1097,92300
4,93401,714,0.0,11825,1097,92304
2,93403,714,0.0,11826,1097,92306
6,93409,714,0.0,11827,1097,92312
6,93415,714,0.0,11828,1097,92318
3,93418,714,0.0,11829,1097,92321
2,93420,714,0.0,11830,1097,92323
4,93424,714,0.0,11831,1097,92327
3,93427,714,0.0,11832,1097,92330
2,93429,714,0.0,11833,1097,92332
2,93431,714,0.0,11834,1097,92334
3,93434,714,0.0,11835,1097,92337
7,93441,714,0.0,11836,1097,92344
8,93449,714,0.0,11837,1097,92352
4,93453,714,0.0,11838,1097,92356
2,93455,714,0.0,11839,1097,92358
3,93458,714,0.0,11840,1097,92361
3,93461,714,0.0,11841,1097,92364
14,93475,714,0.0,11842,1097,92378
13,93488,714,0.0,11843,1097,92391
14,93502,714,0.0,11844,1097,92405
3,93505,714,0.0,11845,1097,92408
2,93507,714,0.0,11846,1097,92410
9,93516,714,0.0,11847,1097,92419
4,93520,714,0.0,11848,1097,92423
11,93531,715,1.0,11849,1097,92434
6,93537,715,0.0,11850,1097,92440
3,93540,715,0.0,11851,1097,92443
3,93543,715,0.0,11852,1097,92446
11,93554,715,0.0,11853,1097,92457
4,93558,715,0.0,11854,1097,92461
13,93571,715,0.0,11855,1097,92474
3,93574,715,0.0,11856,1097,92477
7,93581,715,0.0,11857,1097,92484
15,93596,715,0.0,11858,1097,92499
12,93608,715,0.0,11859,1097,92511
5,93613,715,0.0,11860,1097,92516
8,93621,715,0.0,11861,1097,92524
16,93637,715,0.0,11862,1097,92540
31,93668,715,0.0,11863,1097,92571
5,93673,715,0.0,11864,1097,92576
34,93707,715,0.0,11865,1097,92610
7,93714,715,0.0,11866,1097,92617
6,93720,715,0.0,11867,1097,92623
6,93726,715,0.0,11868,1097,92629
5,93731,715,0.0,11869,1097,92634
6,93737,715,0.0,11870,1097,92640
27,93764,715,0.0,11871,1097,92667
8,93772,715,0.0,11872,1097,92675
7,93779,715,0.0,11873,1097,92682
6,93785,715,0.0,11874,1097,92688
19,93804,716,1.0,11875,1097,92707
3,93807,716,0.0,11876,1097,92710
10,93817,716,0.0,11877,1097,92720
19,93836,717,1.0,11878,1097,92739
3,93839,717,0.0,11879,1097,92742
3,93842,717,0.0,11880,1097,92745
7,93849,717,0.0,11881,1097,92752
6,93855,717,0.0,11882,1097,92758
10,93865,717,0.0,11883,1097,92768
3,93868,717,0.0,11884,1097,92771
6,93874,717,0.0,11885,1097,92777
3,93877,717,0.0,11886,1097,92780
16,93893,717,0.0,11887,1097,92796
10,93903,717,0.0,11888,1097,92806
14,93917,717,0.0,11889,1097,92820
3,93920,717,0.0,11890,1097,92823
2,93922,717,0.0,11891,1097,92825
2,93924,717,0.0,11892,1097,92827
2,93926,717,0.0,11893,1097,92829
10,93936,717,0.0,11894,1097,92839
13,93949,717,0.0,11895,1097,92852
7,93956,717,0.0,11896,1097,92859
3,93959,717,0.0,11897,1097,92862
3,93962,717,0.0,11898,1097,92865
4,93966,717,0.0,11899,1097,92869
7,93973,717,0.0,11900,1097,92876
4,93977,717,0.0,11901,1097,92880
4,93981,717,0.0,11902,1097,92884
2,93983,717,0.0,11903,1097,92886
3,93986,717,0.0,11904,1097,92889
8,93994,717,0.0,11905,1097,92897
11,94005,717,0.0,11906,1097,92908
7,94012,717,0.0,11907,1097,92915
5,94017,717,0.0,11908,1097,92920
7,94024,717,0.0,11909,1097,92927
7,94031,717,0.0,11910,1097,92934
4,94035,717,0.0,11911,1097,92938
12,94047,717,0.0,11912,1097,92950
4,94051,717,0.0,11913,1097,92954
8,94059,717,0.0,11914,1097,92962
7,94066,717,0.0,11915,1097,92969
6,94072,717,0.0,11916,1097,92975
19,94091,717,0.0,11917,1097,92994
11,94102,717,0.0,11918,1097,93005
3,94105,717,0.0,11919,1097,93008
2,94107,717,0.0,11920,1097,93010
3,94110,717,0.0,11921,1097,93013
20,94130,717,0.0,11922,1097,93033
2,94132,717,0.0,11923,1097,93035
12,94144,717,0.0,11924,1097,93047
8,94152,717,0.0,11925,1097,93055
17,94169,717,0.0,11926,1097,93072
8,94177,717,0.0,11927,1097,93080
16,94193,717,0.0,11928,1097,93096
5,94198,717,0.0,11929,1097,93101
11,94209,718,1.0,11930,1097,93112
3,94212,718,0.0,11931,1097,93115
19,94231,719,1.0,11932,1097,93134
6,94237,719,0.0,11933,1097,93140
7,94244,719,0.0,11934,1097,93147
5,94249,719,0.0,11935,1097,93152
3,94252,719,0.0,11936,1097,93155
3,94255,719,0.0,11937,1097,93158
12,94267,719,0.0,11938,1097,93170
16,94283,719,0.0,11939,1097,93186
7,94290,719,0.0,11940,1097,93193
27,94317,719,0.0,11941,1097,93220
7,94324,719,0.0,11942,1097,93227
7,94331,719,0.0,11943,1097,93234
6,94337,719,0.0,11944,1097,93240
10,94347,719,0.0,11945,1097,93250
2,94349,719,0.0,11946,1097,93252
18,94367,719,0.0,11947,1097,93270
12,94379,719,0.0,11948,1097,93282
3,94382,719,0.0,11949,1097,93285
2,94384,719,0.0,11950,1097,93287
7,94391,719,0.0,11951,1097,93294
6,94397,719,0.0,11952,1097,93300
8,94405,719,0.0,11953,1097,93308
4,94409,719,0.0,11954,1097,93312
3,94412,719,0.0,11955,1097,93315
7,94419,719,0.0,11956,1097,93322
3,94422,719,0.0,11957,1097,93325
13,94435,719,0.0,11958,1097,93338
2,94437,719,0.0,11959,1097,93340
9,94446,719,0.0,11960,1097,93349
4,94450,719,0.0,11961,1097,93353
10,94460,719,0.0,11962,1097,93363
6,94466,719,0.0,11963,1097,93369
6,94472,719,0.0,11964,1097,93375
5,94477,719,0.0,11965,1097,93380
7,94484,719,0.0,11966,1097,93387
11,94495,719,0.0,11967,1097,93398
6,94501,719,0.0,11968,1097,93404
8,94509,719,0.0,11969,1097,93412
4,94513,719,0.0,11970,1097,93416
8,94521,719,0.0,11971,1097,93424
9,94530,719,0.0,11972,1097,93433
7,94537,719,0.0,11973,1097,93440
6,94543,719,0.0,11974,1097,93446
5,94548,719,0.0,11975,1097,93451
3,94551,719,0.0,11976,1097,93454
3,94554,719,0.0,11977,1097,93457
8,94562,719,0.0,11978,1097,93465
7,94569,719,0.0,11979,1097,93472
6,94575,719,0.0,11980,1097,93478
5,94580,719,0.0,11981,1097,93483
2,94582,719,0.0,11982,1097,93485
2,94584,719,0.0,11983,1097,93487
4,94588,719,0.0,11984,1097,93491
8,94596,719,0.0,11985,1097,93499
9,94605,719,0.0,11986,1097,93508
3,94608,719,0.0,11987,1097,93511
3,94611,719,0.0,11988,1097,93514
13,94624,719,0.0,11989,1097,93527
3,94627,719,0.0,11990,1097,93530
8,94635,719,0.0,11991,1097,93538
6,94641,719,0.0,11992,1097,93544
3,94644,719,0.0,11993,1097,93547
6,94650,719,0.0,11994,1097,93553
7,94657,719,0.0,11995,1097,93560
13,94670,719,0.0,11996,1097,93573
5,94675,719,0.0,11997,1097,93578
19,94694,720,1.0,11998,1097,93597
6,94700,720,0.0,11999,1097,93603
8,94708,720,0.0,12000,1097,93611
7,94715,720,0.0,12001,1097,93618
8,94723,720,0.0,12002,1097,93626
12,94735,720,0.0,12003,1097,93638
3,94738,720,0.0,12004,1097,93641
11,94749,721,1.0,12005,1097,93652
7,94756,721,0.0,12006,1097,93659
7,94763,721,0.0,12007,1097,93666
9,94772,721,0.0,12008,1097,93675
7,94779,721,0.0,12009,1097,93682
19,94798,722,1.0,12010,1097,93701
5,94803,722,0.0,12011,1097,93706
7,94810,722,0.0,12012,1097,93713
3,94813,722,0.0,12013,1097,93716
3,94816,722,0.0,12014,1097,93719
7,94823,722,0.0,12015,1097,93726
4,94827,722,0.0,12016,1097,93730
6,94833,722,0.0,12017,1097,93736
13,94846,722,0.0,12018,1097,93749
11,94857,722,0.0,12019,1097,93760
8,94865,722,0.0,12020,1097,93768
7,94872,722,0.0,12021,1097,93775
18,94890,722,0.0,12022,1097,93793
12,94902,722,0.0,12023,1097,93805
7,94909,722,0.0,12024,1097,93812
19,94928,723,1.0,12025,1097,93831
5,94933,723,0.0,12026,1097,93836
4,94937,723,0.0,12027,1097,93840
8,94945,723,0.0,12028,1097,93848
17,94962,723,0.0,12029,1097,93865
7,94969,723,0.0,12030,1097,93872
7,94976,723,0.0,12031,1097,93879
20,94996,723,0.0,12032,1097,93899
8,95004,723,0.0,12033,1097,93907
5,95009,723,0.0,12034,1097,93912
19,95028,724,1.0,12035,1097,93931
31,95059,724,0.0,12036,1097,93962
3,95062,724,0.0,12037,1097,93965
5,95067,724,0.0,12038,1097,93970
9,95076,724,0.0,12039,1097,93979
19,95095,725,1.0,12040,1097,93998
3,95098,725,0.0,12041,1097,94001
8,95106,725,0.0,12042,1097,94009
7,95113,725,0.0,12043,1097,94016
2,95115,725,0.0,12044,1097,94018
9,95124,725,0.0,12045,1097,94027
6,95130,725,0.0,12046,1097,94033
6,95136,725,0.0,12047,1097,94039
3,95139,725,0.0,12048,1097,94042
14,95153,725,0.0,12049,1097,94056
11,95164,726,1.0,12050,1097,94067
4,95168,726,0.0,12051,1097,94071
2,95170,726,0.0,12052,1097,94073
19,95189,726,0.0,12053,1097,94092
13,95202,726,0.0,12054,1097,94105
7,95209,726,0.0,12055,1097,94112
19,95228,727,1.0,12056,1097,94131
3,95231,727,0.0,12057,1097,94134
3,95234,727,0.0,12058,1097,94137
6,95240,727,0.0,12059,1097,94143
27,95267,727,0.0,12060,1097,94170
14,95281,727,0.0,12061,1097,94184
7,95288,727,0.0,12062,1097,94191
6,95294,727,0.0,12063,1097,94197
7,95301,727,0.0,12064,1097,94204
10,95311,727,0.0,12065,1097,94214
4,95315,727,0.0,12066,1097,94218
2,95317,727,0.0,12067,1097,94220
7,95324,727,0.0,12068,1097,94227
2,95326,727,0.0,12069,1097,94229
5,95331,727,0.0,12070,1097,94234
12,95343,727,0.0,12071,1097,94246
2,95345,727,0.0,12072,1097,94248
19,95364,727,0.0,12073,1097,94267
13,95377,727,0.0,12074,1097,94280
3,95380,727,0.0,12075,1097,94283
11,95391,727,0.0,12076,1097,94294
7,95398,727,0.0,12077,1097,94301
11,95409,728,1.0,12078,1097,94312
7,95416,728,0.0,12079,1097,94319
7,95423,728,0.0,12080,1097,94326
4,95427,728,0.0,12081,1097,94330
8,95435,728,0.0,12082,1097,94338
7,95442,728,0.0,12083,1097,94345
3,95445,728,0.0,12084,1097,94348
3,95448,728,0.0,12085,1097,94351
15,95463,728,0.0,12086,1097,94366
9,95472,728,0.0,12087,1097,94375
6,95478,728,0.0,12088,1097,94381
3,95481,728,0.0,12089,1097,94384
2,95483,728,0.0,12090,1097,94386
6,95489,728,0.0,12091,1097,94392
27,95516,728,0.0,12092,1097,94419
16,95532,728,0.0,12093,1097,94435
6,95538,728,0.0,12094,1097,94441
8,95546,728,0.0,12095,1097,94449
14,95560,728,0.0,12096,1097,94463
5,95565,728,0.0,12097,1097,94468
7,95572,728,0.0,12098,1097,94475
15,95587,729,1.0,12099,1097,94490
12,95599,729,0.0,12100,1097,94502
10,95609,729,0.0,12101,1097,94512
2,95611,729,0.0,12102,1097,94514
4,95615,729,0.0,12103,1097,94518
7,95622,729,0.0,12104,1097,94525
2,95624,729,0.0,12105,1097,94527
6,95630,729,0.0,12106,1097,94533
2,95632,729,0.0,12107,1097,94535
19,95651,730,1.0,12108,1097,94554
2,95653,730,0.0,12109,1097,94556
5,95658,730,0.0,12110,1097,94561
6,95664,730,0.0,12111,1097,94567
7,95671,730,0.0,12112,1097,94574
10,95681,730,0.0,12113,1097,94584
4,95685,730,0.0,12114,1097,94588
3,95688,730,0.0,12115,1097,94591
7,95695,730,0.0,12116,1097,94598
2,95697,730,0.0,12117,1097,94600
10,95707,730,0.0,12118,1097,94610
2,95709,730,0.0,12119,1097,94612
16,95725,730,0.0,12120,1097,94628
6,95731,730,0.0,12121,1097,94634
7,95738,730,0.0,12122,1097,94641
9,95747,730,0.0,12123,1097,94650
11,95758,730,0.0,12124,1097,94661
7,95765,730,0.0,12125,1097,94668
7,95772,730,0.0,12126,1097,94675
2,95774,730,0.0,12127,1097,94677
3,95777,730,0.0,12128,1097,94680
6,95783,730,0.0,12129,1097,94686
12,95795,730,0.0,12130,1097,94698
9,95804,730,0.0,12131,1097,94707
3,95807,730,0.0,12132,1097,94710
15,95822,730,0.0,12133,1097,94725
13,95835,730,0.0,12134,1097,94738
7,95842,730,0.0,12135,1097,94745
14,95856,730,0.0,12136,1097,94759
2,95858,730,0.0,12137,1097,94761
19,95877,731,1.0,12138,1097,94780
6,95883,731,0.0,12139,1097,94786
7,95890,731,0.0,12140,1097,94793
19,95909,732,1.0,12141,1097,94812
7,95916,732,0.0,12142,1097,94819
7,95923,732,0.0,12143,1097,94826
14,95937,732,0.0,12144,1097,94840
7,95944,732,0.0,12145,1097,94847
12,95956,732,0.0,12146,1097,94859
25,95981,732,0.0,12147,1097,94884
2,95983,732,0.0,12148,1097,94886
10,95993,732,0.0,12149,1097,94896
16,96009,732,0.0,12150,1097,94912
21,96030,732,0.0,12151,1097,94933
2,96032,732,0.0,12152,1097,94935
15,96047,732,0.0,12153,1097,94950
3,96050,732,0.0,12154,1097,94953
5,96055,732,0.0,12155,1097,94958
2,96057,732,0.0,12156,1097,94960
2,96059,732,0.0,12157,1097,94962
10,96069,732,0.0,12158,1097,94972
11,96080,732,0.0,12159,1097,94983
9,96089,732,0.0,12160,1097,94992
19,96108,733,1.0,12161,1097,95011
11,96119,733,0.0,12162,1097,95022
7,96126,733,0.0,12163,1097,95029
3,96129,733,0.0,12164,1097,95032
4,96133,733,0.0,12165,1097,95036
19,96152,734,1.0,12166,1097,95055
7,96159,734,0.0,12167,1097,95062
2,96161,734,0.0,12168,1097,95064
19,96180,734,0.0,12169,1097,95083
6,96186,734,0.0,12170,1097,95089
3,96189,734,0.0,12171,1097,95092
15,96204,734,0.0,12172,1097,95107
5,96209,734,0.0,12173,1097,95112
6,96215,734,0.0,12174,1097,95118
9,96224,734,0.0,12175,1097,95127
3,96227,734,0.0,12176,1097,95130
7,96234,734,0.0,12177,1097,95137
9,96243,734,0.0,12178,1097,95146
6,96249,734,0.0,12179,1097,95152
8,96257,734,0.0,12180,1097,95160
4,96261,734,0.0,12181,1097,95164
5,96266,734,0.0,12182,1097,95169
2,96268,734,0.0,12183,1097,95171
10,96278,734,0.0,12184,1097,95181
3,96281,734,0.0,12185,1097,95184
7,96288,734,0.0,12186,1097,95191
9,96297,734,0.0,12187,1097,95200
7,96304,734,0.0,12188,1097,95207
5,96309,734,0.0,12189,1097,95212
19,96328,735,1.0,12190,1097,95231
16,96344,735,0.0,12191,1097,95247
3,96347,735,0.0,12192,1097,95250
12,96359,735,0.0,12193,1097,95262
6,96365,735,0.0,12194,1097,95268
9,96374,735,0.0,12195,1097,95277
4,96378,735,0.0,12196,1097,95281
19,96397,736,1.0,12197,1097,95300
7,96404,736,0.0,12198,1097,95307
14,96418,736,0.0,12199,1097,95321
18,96436,736,0.0,12200,1097,95339
3,96439,736,0.0,12201,1097,95342
4,96443,736,0.0,12202,1097,95346
7,96450,736,0.0,12203,1097,95353
3,96453,736,0.0,12204,1097,95356
19,96472,737,1.0,12205,1097,95375
9,96481,737,0.0,12206,1097,95384
10,96491,737,0.0,12207,1097,95394
7,96498,737,0.0,12208,1097,95401
21,96519,737,0.0,12209,1097,95422
6,96525,737,0.0,12210,1097,95428
9,96534,737,0.0,12211,1097,95437
3,96537,737,0.0,12212,1097,95440
45,96582,737,0.0,12213,1097,95485
9,96591,737,0.0,12214,1097,95494
4,96595,737,0.0,12215,1097,95498
13,96608,737,0.0,12216,1097,95511
5,96613,737,0.0,12217,1097,95516
7,96620,737,0.0,12218,1097,95523
13,96633,737,0.0,12219,1097,95536
9,96642,737,0.0,12220,1097,95545
5,96647,737,0.0,12221,1097,95550
18,96665,737,0.0,12222,1097,95568
3,96668,737,0.0,12223,1097,95571
3,96671,737,0.0,12224,1097,95574
6,96677,737,0.0,12225,1097,95580
7,96684,737,0.0,12226,1097,95587
12,96696,737,0.0,12227,1097,95599
10,96706,737,0.0,12228,1097,95609
9,96715,737,0.0,12229,1097,95618
2,96717,737,0.0,12230,1097,95620
15,96732,737,0.0,12231,1097,95635
2,96734,737,0.0,12232,1097,95637
15,96749,738,1.0,12233,1097,95652
14,96763,738,0.0,12234,1097,95666
5,96768,738,0.0,12235,1097,95671
6,96774,738,0.0,12236,1097,95677
2,96776,738,0.0,12237,1097,95679
7,96783,738,0.0,12238,1097,95686
4,96787,738,0.0,12239,1097,95690
12,96799,738,0.0,12240,1097,95702
7,96806,738,0.0,12241,1097,95709
5,96811,738,0.0,12242,1097,95714
19,96830,739,1.0,12243,1097,95733
5,96835,739,0.0,12244,1097,95738
2,96837,739,0.0,12245,1097,95740
11,96848,739,0.0,12246,1097,95751
7,96855,739,0.0,12247,1097,95758
3,96858,739,0.0,12248,1097,95761
17,96875,739,0.0,12249,1097,95778
8,96883,739,0.0,12250,1097,95786
10,96893,739,0.0,12251,1097,95796
15,96908,740,1.0,12252,1097,95811
5,96913,740,0.0,12253,1097,95816
4,96917,740,0.0,12254,1097,95820
2,96919,740,0.0,12255,1097,95822
6,96925,740,0.0,12256,1097,95828
2,96927,740,0.0,12257,1097,95830
7,96934,740,0.0,12258,1097,95837
3,96937,740,0.0,12259,1097,95840
3,96940,740,0.0,12260,1097,95843
7,96947,740,0.0,12261,1097,95850
7,96954,740,0.0,12262,1097,95857
13,96967,740,0.0,12263,1097,95870
3,96970,740,0.0,12264,1097,95873
12,96982,740,0.0,12265,1097,95885
11,96993,740,0.0,12266,1097,95896
25,97018,740,0.0,12267,1097,95921
7,97025,740,0.0,12268,1097,95928
3,97028,740,0.0,12269,1097,95931
14,97042,740,0.0,12270,1097,95945
11,97053,740,0.0,12271,1097,95956
17,97070,740,0.0,12272,1097,95973
11,97081,741,1.0,12273,1097,95984
13,97094,741,0.0,12274,1097,95997
19,97113,742,1.0,12275,1097,96016
19,97132,743,1.0,12276,1097,96035
3,97135,743,0.0,12277,1097,96038
8,97143,743,0.0,12278,1097,96046
6,97149,743,0.0,12279,1097,96052
3,97152,743,0.0,12280,1097,96055
15,97167,744,1.0,12281,1097,96070
15,97182,744,0.0,12282,1097,96085
5,97187,744,0.0,12283,1097,96090
2,97189,744,0.0,12284,1097,96092
3,97192,744,0.0,12285,1097,96095
19,97211,745,1.0,12286,1097,96114
13,97224,745,0.0,12287,1097,96127
8,97232,745,0.0,12288,1097,96135
3,97235,745,0.0,12289,1097,96138
15,97250,745,0.0,12290,1097,96153
3,97253,745,0.0,12291,1097,96156
7,97260,745,0.0,12292,1097,96163
7,97267,745,0.0,12293,1097,96170
3,97270,745,0.0,12294,1097,96173
8,97278,745,0.0,12295,1097,96181
7,97285,745,0.0,12296,1097,96188
7,97292,745,0.0,12297,1097,96195
8,97300,745,0.0,12298,1097,96203
6,97306,745,0.0,12299,1097,96209
4,97310,745,0.0,12300,1097,96213
7,97317,745,0.0,12301,1097,96220
15,97332,745,0.0,12302,1097,96235
19,97351,746,1.0,12303,1097,96254
11,97362,746,0.0,12304,1097,96265
4,97366,746,0.0,12305,1097,96269
7,97373,746,0.0,12306,1097,96276
3,97376,746,0.0,12307,1097,96279
3,97379,746,0.0,12308,1097,96282
3,97382,746,0.0,12309,1097,96285
10,97392,746,0.0,12310,1097,96295
2,97394,746,0.0,12311,1097,96297
5,97399,746,0.0,12312,1097,96302
9,97408,746,0.0,12313,1097,96311
3,97411,746,0.0,12314,1097,96314
6,97417,746,0.0,12315,1097,96320
19,97436,747,1.0,12316,1097,96339
2,97438,747,0.0,12317,1097,96341
5,97443,747,0.0,12318,1097,96346
9,97452,747,0.0,12319,1097,96355
19,97471,748,1.0,12320,1097,96374
2,97473,748,0.0,12321,1097,96376
19,97492,749,1.0,12322,1097,96395
2,97494,749,0.0,12323,1097,96397
3,97497,749,0.0,12324,1097,96400
5,97502,749,0.0,12325,1097,96405
4,97506,749,0.0,12326,1097,96409
3,97509,749,0.0,12327,1097,96412
7,97516,749,0.0,12328,1097,96419
6,97522,749,0.0,12329,1097,96425
9,97531,749,0.0,12330,1097,96434
7,97538,749,0.0,12331,1097,96441
14,97552,749,0.0,12332,1097,96455
17,97569,749,0.0,12333,1097,96472
3,97572,749,0.0,12334,1097,96475
2,97574,749,0.0,12335,1097,96477
11,97585,749,0.0,12336,1097,96488
23,97608,749,0.0,12337,1097,96511
7,97615,749,0.0,12338,1097,96518
12,97627,749,0.0,12339,1097,96530
4,97631,749,0.0,12340,1097,96534
23,97654,749,0.0,12341,1097,96557
6,97660,749,0.0,12342,1097,96563
7,97667,749,0.0,12343,1097,96570
5,97672,749,0.0,12344,1097,96575
10,97682,749,0.0,12345,1097,96585
2,97684,749,0.0,12346,1097,96587
3,97687,749,0.0,12347,1097,96590
9,97696,749,0.0,12348,1097,96599
2,97698,749,0.0,12349,1097,96601
7,97705,749,0.0,12350,1097,96608
17,97722,749,0.0,12351,1097,96625
19,97741,750,1.0,12352,1097,96644
19,97760,751,1.0,12353,1097,96663
15,97775,751,0.0,12354,1097,96678
6,97781,751,0.0,12355,1097,96684
7,97788,751,0.0,12356,1097,96691
10,97798,751,0.0,12357,1097,96701
3,97801,751,0.0,12358,1097,96704
4,97805,751,0.0,12359,1097,96708
2,97807,751,0.0,12360,1097,96710
3,97810,751,0.0,12361,1097,96713
19,97829,752,1.0,12362,1097,96732
19,97848,753,1.0,12363,1097,96751
3,97851,753,0.0,12364,1097,96754
3,97854,753,0.0,12365,1097,96757
4,97858,753,0.0,12366,1097,96761
15,97873,753,0.0,12367,1097,96776
11,97884,753,0.0,12368,1097,96787
7,97891,753,0.0,12369,1097,96794
10,97901,753,0.0,12370,1097,96804
19,97920,754,1.0,12371,1097,96823
15,97935,754,0.0,12372,1097,96838
7,97942,754,0.0,12373,1097,96845
3,97945,754,0.0,12374,1097,96848
5,97950,754,0.0,12375,1097,96853
5,97955,754,0.0,12376,1097,96858
5,97960,754,0.0,12377,1097,96863
6,97966,754,0.0,12378,1097,96869
3,97969,754,0.0,12379,1097,96872
4,97973,754,0.0,12380,1097,96876
23,97996,754,0.0,12381,1097,96899
13,98009,754,0.0,12382,1097,96912
7,98016,754,0.0,12383,1097,96919
4,98020,754,0.0,12384,1097,96923
13,98033,754,0.0,12385,1097,96936
21,98054,754,0.0,12386,1097,96957
7,98061,754,0.0,12387,1097,96964
3,98064,754,0.0,12388,1097,96967
19,98083,755,1.0,12389,1097,96986
6,98089,755,0.0,12390,1097,96992
16,98105,755,0.0,12391,1097,97008
19,98124,756,1.0,12392,1097,97027
6,98130,756,0.0,12393,1097,97033
7,98137,756,0.0,12394,1097,97040
2,98139,756,0.0,12395,1097,97042
17,98156,756,0.0,12396,1097,97059
8,98164,756,0.0,12397,1097,97067
19,98183,757,1.0,12398,1097,97086
19,98202,758,1.0,12399,1097,97105
3,98205,758,0.0,12400,1097,97108
23,98228,758,0.0,12401,1097,97131
6,98234,758,0.0,12402,1097,97137
4,98238,758,0.0,12403,1097,97141
4,98242,758,0.0,12404,1097,97145
7,98249,758,0.0,12405,1097,97152
3,98252,758,0.0,12406,1097,97155
2,98254,758,0.0,12407,1097,97157
3,98257,758,0.0,12408,1097,97160
7,98264,758,0.0,12409,1097,97167
4,98268,758,0.0,12410,1097,97171
7,98275,758,0.0,12411,1097,97178
6,98281,758,0.0,12412,1097,97184
3,98284,758,0.0,12413,1097,97187
3,98287,758,0.0,12414,1097,97190
6,98293,758,0.0,12415,1097,97196
9,98302,758,0.0,12416,1097,97205
16,98318,758,0.0,12417,1097,97221
8,98326,758,0.0,12418,1097,97229
13,98339,758,0.0,12419,1097,97242
14,98353,758,0.0,12420,1097,97256
13,98366,758,0.0,12421,1097,97269
3,98369,758,0.0,12422,1097,97272
16,98385,758,0.0,12423,1097,97288
2,98387,758,0.0,12424,1097,97290
6,98393,758,0.0,12425,1097,97296
9,98402,758,0.0,12426,1097,97305
4,98406,758,0.0,12427,1097,97309
3,98409,758,0.0,12428,1097,97312
3,98412,758,0.0,12429,1097,97315
2,98414,758,0.0,12430,1097,97317
5,98419,758,0.0,12431,1097,97322
2,98421,758,0.0,12432,1097,97324
5,98426,758,0.0,12433,1097,97329
10,98436,758,0.0,12434,1097,97339
17,98453,758,0.0,12435,1097,97356
7,98460,758,0.0,12436,1097,97363
3,98463,758,0.0,12437,1097,97366
16,98479,758,0.0,12438,1097,97382
11,98490,758,0.0,12439,1097,97393
4,98494,758,0.0,12440,1097,97397
3,98497,758,0.0,12441,1097,97400
23,98520,758,0.0,12442,1097,97423
19,98539,759,1.0,12443,1097,97442
19,98558,760,1.0,12444,1097,97461
5,98563,760,0.0,12445,1097,97466
4,98567,760,0.0,12446,1097,97470
2,98569,760,0.0,12447,1097,97472
5,98574,760,0.0,12448,1097,97477
8,98582,760,0.0,12449,1097,97485
11,98593,761,1.0,12450,1097,97496
7,98600,761,0.0,12451,1097,97503
7,98607,761,0.0,12452,1097,97510
19,98626,761,0.0,12453,1097,97529
3,98629,761,0.0,12454,1097,97532
2,98631,761,0.0,12455,1097,97534
5,98636,761,0.0,12456,1097,97539
3,98639,761,0.0,12457,1097,97542
7,98646,761,0.0,12458,1097,97549
8,98654,761,0.0,12459,1097,97557
19,98673,762,1.0,12460,1097,97576
19,98692,762,0.0,12461,1097,97595
5,98697,762,0.0,12462,1097,97600
10,98707,762,0.0,12463,1097,97610
3,98710,762,0.0,12464,1097,97613
19,98729,763,1.0,12465,1097,97632
19,98748,764,1.0,12466,1097,97651
7,98755,764,0.0,12467,1097,97658
2,98757,764,0.0,12468,1097,97660
3,98760,764,0.0,12469,1097,97663
6,98766,764,0.0,12470,1097,97669
12,98778,764,0.0,12471,1097,97681
7,98785,764,0.0,12472,1097,97688
10,98795,764,0.0,12473,1097,97698
12,98807,764,0.0,12474,1097,97710
10,98817,764,0.0,12475,1097,97720
9,98826,764,0.0,12476,1097,97729
3,98829,764,0.0,12477,1097,97732
5,98834,764,0.0,12478,1097,97737
8,98842,764,0.0,12479,1097,97745
2,98844,764,0.0,12480,1097,97747
19,98863,765,1.0,12481,1097,97766
8,98871,765,0.0,12482,1097,97774
8,98879,765,0.0,12483,1097,97782
8,98887,765,0.0,12484,1097,97790
3,98890,765,0.0,12485,1097,97793
3,98893,765,0.0,12486,1097,97796
4,98897,765,0.0,12487,1097,97800
3,98900,765,0.0,12488,1097,97803
14,98914,765,0.0,12489,1097,97817
16,98930,765,0.0,12490,1097,97833
3,98933,765,0.0,12491,1097,97836
15,98948,766,1.0,12492,1097,97851
8,98956,766,0.0,12493,1097,97859
6,98962,766,0.0,12494,1097,97865
4,98966,766,0.0,12495,1097,97869
6,98972,766,0.0,12496,1097,97875
8,98980,766,0.0,12497,1097,97883
6,98986,766,0.0,12498,1097,97889
9,98995,767,1.0,12499,1097,97898
10,99005,767,0.0,12500,1097,97908
4,99009,767,0.0,12501,1097,97912
13,99022,767,0.0,12502,1097,97925
7,99029,767,0.0,12503,1097,97932
4,99033,767,0.0,12504,1097,97936
12,99045,767,0.0,12505,1097,97948
3,99048,767,0.0,12506,1097,97951
11,99059,767,0.0,12507,1097,97962
7,99066,767,0.0,12508,1097,97969
6,99072,767,0.0,12509,1097,97975
7,99079,767,0.0,12510,1097,97982
19,99098,767,0.0,12511,1097,98001
3,99101,767,0.0,12512,1097,98004
3,99104,767,0.0,12513,1097,98007
9,99113,767,0.0,12514,1097,98016
7,99120,767,0.0,12515,1097,98023
3,99123,767,0.0,12516,1097,98026
6,99129,767,0.0,12517,1097,98032
7,99136,767,0.0,12518,1097,98039
2,99138,767,0.0,12519,1097,98041
10,99148,767,0.0,12520,1097,98051
2,99150,767,0.0,12521,1097,98053
4,99154,767,0.0,12522,1097,98057
2,99156,767,0.0,12523,1097,98059
7,99163,767,0.0,12524,1097,98066
2,99165,767,0.0,12525,1097,98068
11,99176,767,0.0,12526,1097,98079
16,99192,767,0.0,12527,1097,98095
3,99195,767,0.0,12528,1097,98098
7,99202,767,0.0,12529,1097,98105
19,99221,768,1.0,12530,1097,98124
2,99223,768,0.0,12531,1097,98126
2,99225,768,0.0,12532,1097,98128
19,99244,769,1.0,12533,1097,98147
7,99251,769,0.0,12534,1097,98154
4,99255,769,0.0,12535,1097,98158
7,99262,769,0.0,12536,1097,98165
3,99265,769,0.0,12537,1097,98168
4,99269,769,0.0,12538,1097,98172
8,99277,769,0.0,12539,1097,98180
7,99284,769,0.0,12540,1097,98187
11,99295,769,0.0,12541,1097,98198
13,99308,769,0.0,12542,1097,98211
3,99311,769,0.0,12543,1097,98214
3,99314,769,0.0,12544,1097,98217
10,99324,769,0.0,12545,1097,98227
2,99326,769,0.0,12546,1097,98229
19,99345,770,1.0,12547,1097,98248
2,99347,770,0.0,12548,1097,98250
10,99357,770,0.0,12549,1097,98260
10,99367,770,0.0,12550,1097,98270
2,99369,770,0.0,12551,1097,98272
17,99386,770,0.0,12552,1097,98289
3,99389,770,0.0,12553,1097,98292
2,99391,770,0.0,12554,1097,98294
14,99405,770,0.0,12555,1097,98308
19,99424,771,1.0,12556,1097,98327
7,99431,771,0.0,12557,1097,98334
3,99434,771,0.0,12558,1097,98337
4,99438,771,0.0,12559,1097,98341
13,99451,771,0.0,12560,1097,98354
4,99455,771,0.0,12561,1097,98358
6,99461,771,0.0,12562,1097,98364
7,99468,771,0.0,12563,1097,98371
10,99478,771,0.0,12564,1097,98381
17,99495,771,0.0,12565,1097,98398
14,99509,771,0.0,12566,1097,98412
13,99522,771,0.0,12567,1097,98425
15,99537,771,0.0,12568,1097,98440
6,99543,771,0.0,12569,1097,98446
22,99565,771,0.0,12570,1097,98468
11,99576,771,0.0,12571,1097,98479
6,99582,771,0.0,12572,1097,98485
7,99589,771,0.0,12573,1097,98492
16,99605,771,0.0,12574,1097,98508
3,99608,771,0.0,12575,1097,98511
19,99627,772,1.0,12576,1097,98530
15,99642,772,0.0,12577,1097,98545
3,99645,772,0.0,12578,1097,98548
10,99655,772,0.0,12579,1097,98558
8,99663,772,0.0,12580,1097,98566
3,99666,772,0.0,12581,1097,98569
7,99673,772,0.0,12582,1097,98576
4,99677,772,0.0,12583,1097,98580
9,99686,772,0.0,12584,1097,98589
7,99693,772,0.0,12585,1097,98596
14,99707,772,0.0,12586,1097,98610
7,99714,772,0.0,12587,1097,98617
3,99717,772,0.0,12588,1097,98620
21,99738,772,0.0,12589,1097,98641
7,99745,772,0.0,12590,1097,98648
6,99751,772,0.0,12591,1097,98654
6,99757,772,0.0,12592,1097,98660
11,99768,772,0.0,12593,1097,98671
7,99775,772,0.0,12594,1097,98678
13,99788,772,0.0,12595,1097,98691
3,99791,772,0.0,12596,1097,98694
3,99794,772,0.0,12597,1097,98697
3,99797,772,0.0,12598,1097,98700
5,99802,772,0.0,12599,1097,98705
6,99808,772,0.0,12600,1097,98711
7,99815,772,0.0,12601,1097,98718
20,99835,772,0.0,12602,1097,98738
4,99839,772,0.0,12603,1097,98742
10,99849,772,0.0,12604,1097,98752
16,99865,772,0.0,12605,1097,98768
8,99873,772,0.0,12606,1097,98776
7,99880,772,0.0,12607,1097,98783
28,99908,772,0.0,12608,1097,98811
5,99913,772,0.0,12609,1097,98816
2,99915,772,0.0,12610,1097,98818
4,99919,772,0.0,12611,1097,98822
7,99926,772,0.0,12612,1097,98829
3,99929,772,0.0,12613,1097,98832
2,99931,772,0.0,12614,1097,98834
8,99939,772,0.0,12615,1097,98842
6,99945,772,0.0,12616,1097,98848
9,99954,772,0.0,12617,1097,98857
3,99957,772,0.0,12618,1097,98860
12,99969,772,0.0,12619,1097,98872
8,99977,772,0.0,12620,1097,98880
7,99984,772,0.0,12621,1097,98887
14,99998,772,0.0,12622,1097,98901
